// General information: 
//  MT Manager version: 2022.2.0 
//  XDA version: 2022.2.0 build 7381 rev 124627 built on 2023-07-19
// Device information: 
//  DeviceId: 00B4CBA7
//  ProductCode: MTW2-3A7G6
//  Firmware Version: 4.6.0
//  Hardware Version: 2.0.0
// Device settings: 
//  Filter Profile: human(46.1)
//  Option Flags: Orientation Smoother Disabled, Position/Velocity Smoother Disabled, Continuous Zero Rotation Update Disabled, AHS Disabled, ICC Disabled
// Coordinate system: ENU
PacketCounter	Acc_X	Acc_Y	Acc_Z	Gyr_X	Gyr_Y	Gyr_Z	Mat[1][1]	Mat[2][1]	Mat[3][1]	Mat[1][2]	Mat[2][2]	Mat[3][2]	Mat[1][3]	Mat[2][3]	Mat[3][3]
65029	9.567544	1.306160	-1.690153	0.277968	0.004329	-0.073776	-0.091826	-0.154608	0.983699	-0.156693	0.977809	0.139056	-0.983369	-0.141370	-0.114014
65030	9.606171	1.463095	-1.428363	0.147452	0.028395	-0.080571	-0.091588	-0.155405	0.983596	-0.158431	0.977440	0.139680	-0.983113	-0.143039	-0.114143
65031	9.514575	1.411194	-1.279713	0.059989	0.029434	-0.085649	-0.091104	-0.156235	0.983509	-0.159106	0.977213	0.140497	-0.983049	-0.143683	-0.113887
65032	9.431973	1.306769	-1.057274	0.033019	0.022625	-0.091734	-0.090773	-0.157206	0.983385	-0.160145	0.976915	0.141389	-0.982911	-0.144650	-0.113854
65033	9.470505	1.350984	-0.855638	0.008246	0.013179	-0.097344	-0.090430	-0.158173	0.983262	-0.160323	0.976742	0.142379	-0.982914	-0.144764	-0.113685
65034	9.542596	1.447013	-0.694352	-0.013480	0.000731	-0.091718	-0.090507	-0.159170	0.983094	-0.161025	0.976495	0.143278	-0.982792	-0.145335	-0.114010
65035	9.541115	1.358307	-0.701584	0.005995	-0.017582	-0.090821	-0.090475	-0.160118	0.982943	-0.161175	0.976334	0.144206	-0.982770	-0.145379	-0.114141
65036	9.431702	1.394486	-0.760149	0.031967	-0.049110	-0.080437	-0.091047	-0.161010	0.982744	-0.161698	0.976137	0.144947	-0.982631	-0.145711	-0.114909
65037	9.396561	1.179807	-0.738374	0.079526	-0.076696	-0.085859	-0.091603	-0.161996	0.982531	-0.162567	0.975875	0.145742	-0.982436	-0.146377	-0.115729
65038	9.603676	1.289468	-0.813459	0.140434	-0.090610	-0.085696	-0.092882	-0.162950	0.982253	-0.163888	0.975564	0.146343	-0.982097	-0.147387	-0.117318
65039	9.624971	1.582996	-1.494777	0.159144	-0.088654	-0.074839	-0.093572	-0.163846	0.982038	-0.165530	0.975198	0.146933	-0.981756	-0.148808	-0.118373
65040	9.764755	1.823438	-2.155671	0.157757	-0.078640	-0.064262	-0.094646	-0.164565	0.981815	-0.166873	0.974910	0.147321	-0.981425	-0.149896	-0.119733
65041	9.891102	1.659497	-2.642324	0.149889	-0.036539	-0.056681	-0.094853	-0.165207	0.981687	-0.168407	0.974583	0.147740	-0.981143	-0.151310	-0.120264
65042	9.729969	1.353530	-2.831145	0.143468	0.004496	-0.057548	-0.094888	-0.165773	0.981588	-0.169744	0.974292	0.148131	-0.980909	-0.152563	-0.120588
65043	9.764723	1.040408	-2.892268	0.159634	0.037381	-0.054027	-0.094373	-0.166276	0.981553	-0.171370	0.973949	0.148511	-0.980676	-0.154193	-0.120410
65044	9.828097	1.228035	-2.745821	0.202879	0.077392	-0.044758	-0.093586	-0.166664	0.981562	-0.173728	0.973498	0.148730	-0.980337	-0.156606	-0.120060
65045	9.669564	1.427582	-2.381474	0.171492	0.104908	-0.048999	-0.092416	-0.167010	0.981615	-0.175464	0.973138	0.149048	-0.980139	-0.158464	-0.119237
65046	9.637828	1.523151	-1.811247	0.124117	0.111622	-0.078958	-0.091432	-0.167614	0.981604	-0.176714	0.972818	0.149654	-0.980006	-0.159780	-0.118567
65047	9.637478	1.748008	-1.274049	-0.064316	0.147573	-0.087163	-0.089776	-0.168261	0.981646	-0.176172	0.972767	0.150627	-0.980257	-0.159416	-0.116974
65048	9.377499	1.733575	-0.837021	-0.210812	0.167317	-0.081371	-0.088211	-0.168803	0.981695	-0.174125	0.972975	0.151657	-0.980765	-0.157559	-0.115220
65049	9.299767	1.266982	-0.615236	-0.319817	0.171659	-0.082749	-0.086329	-0.169374	0.981764	-0.171068	0.973327	0.152876	-0.981470	-0.154751	-0.113001
65050	9.167653	1.546341	-0.223437	-0.280590	0.137950	-0.072770	-0.084981	-0.169961	0.981780	-0.169005	0.973525	0.153904	-0.981945	-0.152847	-0.111455
65051	9.147643	1.409568	0.142146	-0.259370	0.072709	-0.073387	-0.084089	-0.170600	0.981746	-0.166529	0.973785	0.154953	-0.982445	-0.150459	-0.110294
65052	9.224089	1.469852	0.089310	-0.218005	0.013661	-0.079402	-0.084085	-0.171354	0.981615	-0.164292	0.974006	0.155952	-0.982821	-0.148158	-0.110052
65053	9.214295	1.582969	-0.034486	-0.150735	-0.055001	-0.080108	-0.084440	-0.172250	0.981427	-0.162888	0.974082	0.156946	-0.983025	-0.146610	-0.110309
65054	9.322655	1.420151	-0.399200	-0.101203	-0.114397	-0.082912	-0.085573	-0.173243	0.981155	-0.161871	0.974101	0.157880	-0.983095	-0.145310	-0.111399
65055	9.539761	1.436945	-0.864680	-0.005116	-0.151721	-0.077967	-0.086884	-0.174257	0.980860	-0.161897	0.973964	0.158692	-0.982975	-0.145010	-0.112834
65056	9.483917	1.352041	-1.347205	0.059603	-0.163027	-0.071411	-0.088621	-0.175191	0.980538	-0.162404	0.973780	0.159306	-0.982737	-0.145125	-0.114749
65057	9.451854	1.267443	-1.491743	0.146948	-0.178180	-0.070436	-0.090203	-0.176172	0.980218	-0.163920	0.973433	0.159868	-0.982341	-0.146257	-0.116685
65058	9.540080	1.430493	-1.302492	0.227606	-0.189265	-0.068972	-0.092121	-0.177107	0.979871	-0.165875	0.973035	0.160277	-0.981835	-0.147771	-0.119014
65059	9.496752	1.767804	-1.205998	0.260502	-0.200001	-0.056606	-0.093936	-0.177990	0.979539	-0.168493	0.972538	0.160560	-0.981217	-0.149964	-0.121346
65060	9.613593	2.005741	-1.465376	0.227199	-0.207396	-0.044385	-0.096055	-0.178780	0.979189	-0.171013	0.972074	0.160706	-0.980575	-0.152018	-0.123946
65061	9.626827	1.981687	-1.906070	0.197416	-0.200753	-0.035440	-0.097908	-0.179466	0.978880	-0.172993	0.971700	0.160847	-0.980045	-0.153591	-0.126184
65062	9.636696	1.891639	-2.074985	0.164787	-0.180241	-0.023741	-0.099805	-0.179993	0.978592	-0.174606	0.971409	0.160864	-0.979567	-0.154813	-0.128379
65063	9.590922	1.873140	-2.237183	0.102265	-0.155782	-0.010972	-0.101258	-0.180376	0.978372	-0.175629	0.971222	0.160881	-0.979235	-0.155540	-0.130023
65064	9.460491	1.598579	-2.202698	0.062111	-0.134982	-0.011605	-0.102750	-0.180750	0.978147	-0.176529	0.971056	0.160896	-0.978918	-0.156139	-0.131684
65065	9.480047	1.439189	-1.961499	0.055603	-0.117958	-0.023396	-0.103811	-0.181196	0.977953	-0.177108	0.970918	0.161093	-0.978701	-0.156480	-0.132883
65066	9.385409	1.341891	-1.005838	-0.051382	-0.125821	-0.068132	-0.105128	-0.182066	0.977650	-0.176609	0.970889	0.161816	-0.978651	-0.155651	-0.134222
65067	9.479084	1.475665	-1.031266	-0.228234	-0.142595	-0.092568	-0.106308	-0.183220	0.977307	-0.174484	0.971063	0.163069	-0.978905	-0.153188	-0.135201
65068	9.375794	1.608173	-1.067849	-0.221500	-0.147802	-0.083035	-0.107884	-0.184254	0.976940	-0.172364	0.971260	0.164149	-0.979108	-0.150680	-0.136542
65069	9.678462	1.666122	-1.392486	-0.180754	-0.147289	-0.064780	-0.109163	-0.185139	0.976631	-0.170675	0.971402	0.165070	-0.979262	-0.148666	-0.137639
65070	9.389980	1.216351	-2.022722	-0.138569	-0.160516	-0.055199	-0.110587	-0.186035	0.976300	-0.169984	0.971391	0.165845	-0.979222	-0.147615	-0.139046
65071	9.706653	1.567174	-1.962116	-0.004920	-0.163089	-0.047733	-0.112051	-0.186774	0.975992	-0.170000	0.971301	0.166359	-0.979053	-0.147278	-0.140587
65072	9.816379	1.892540	-1.990232	-0.028052	-0.140629	-0.030475	-0.113436	-0.187349	0.975722	-0.170051	0.971230	0.166716	-0.978884	-0.147011	-0.142032
65073	9.639885	1.306577	-2.027639	0.011611	-0.131855	-0.035084	-0.114615	-0.187918	0.975474	-0.170216	0.971138	0.167083	-0.978718	-0.146891	-0.143294
65074	9.513372	1.513746	-1.830359	0.089674	-0.120982	-0.036212	-0.115817	-0.188516	0.975217	-0.171405	0.970888	0.167323	-0.978369	-0.147778	-0.144758
65075	9.466325	1.579618	-1.708277	0.098897	-0.129965	-0.032787	-0.116981	-0.189061	0.974972	-0.172423	0.970670	0.167539	-0.978052	-0.148508	-0.146148
65076	9.438115	1.282438	-1.640952	0.118827	-0.125867	-0.042547	-0.118359	-0.189678	0.974686	-0.173646	0.970414	0.167760	-0.977670	-0.149395	-0.147794
65077	9.377034	1.431729	-1.700939	0.198719	-0.135257	-0.038802	-0.119562	-0.190292	0.974420	-0.175647	0.970033	0.167883	-0.977166	-0.151081	-0.149403
65078	9.458274	1.644521	-1.531978	0.209786	-0.157249	-0.057156	-0.121163	-0.191148	0.974054	-0.178082	0.969549	0.168112	-0.976528	-0.153093	-0.151514
65079	9.577867	1.107505	-1.471646	0.262464	-0.161907	-0.068972	-0.122569	-0.192100	0.973691	-0.180741	0.969003	0.168424	-0.975864	-0.155342	-0.153490
65080	9.451266	1.454538	-1.112025	0.370925	-0.184524	-0.072973	-0.124328	-0.193156	0.973259	-0.184677	0.968235	0.168567	-0.974903	-0.158781	-0.156051
65081	9.242398	1.538796	-0.888087	0.326684	-0.212948	-0.073057	-0.126216	-0.194238	0.972801	-0.187965	0.967561	0.168804	-0.974032	-0.161547	-0.158632
65082	9.314892	1.523360	-0.981889	0.302122	-0.242570	-0.078434	-0.128464	-0.195479	0.972258	-0.191402	0.966836	0.169099	-0.973069	-0.164369	-0.161619
65083	9.318695	1.673629	-0.983156	0.314705	-0.273403	-0.084686	-0.130909	-0.196784	0.971668	-0.194585	0.966139	0.169448	-0.972111	-0.166890	-0.164767
65084	9.679531	1.924770	-1.451420	0.271617	-0.285443	-0.088457	-0.133573	-0.198157	0.971026	-0.197414	0.965490	0.169871	-0.971178	-0.169004	-0.168082
65085	9.696046	1.886031	-2.326539	0.198363	-0.271764	-0.073450	-0.136014	-0.199361	0.970441	-0.199452	0.964998	0.170288	-0.970422	-0.170395	-0.171016
65086	9.549376	1.786174	-3.087882	0.240320	-0.263616	-0.076389	-0.138624	-0.200607	0.969815	-0.202218	0.964371	0.170577	-0.969480	-0.172468	-0.174251
65087	9.776977	2.151736	-2.904978	0.253864	-0.225944	-0.057283	-0.140645	-0.201585	0.969321	-0.204772	0.963806	0.170726	-0.968652	-0.174478	-0.176834
65088	9.779057	2.024057	-2.769928	0.178305	-0.192432	-0.046705	-0.142576	-0.202403	0.968868	-0.206664	0.963381	0.170844	-0.967968	-0.175872	-0.179184
65089	9.630805	1.629522	-2.828389	0.158001	-0.163657	-0.040307	-0.144025	-0.203113	0.968505	-0.208265	0.963010	0.170990	-0.967410	-0.177079	-0.180999
65090	9.543683	1.717901	-2.633181	0.210102	-0.143151	-0.035348	-0.145475	-0.203726	0.968159	-0.210320	0.962571	0.170948	-0.966748	-0.178755	-0.182878
65091	9.534900	2.263619	-2.058257	0.168185	-0.136116	-0.019696	-0.146698	-0.204193	0.967876	-0.211989	0.962219	0.170869	-0.966199	-0.180113	-0.184442
65092	9.401314	1.838833	-1.837103	0.055945	-0.143164	-0.022659	-0.148351	-0.204647	0.967529	-0.212430	0.962111	0.170929	-0.965850	-0.180175	-0.186203
65093	9.279691	1.656178	-1.425268	0.083423	-0.166522	-0.028556	-0.149848	-0.205255	0.967169	-0.213293	0.961891	0.171088	-0.965428	-0.180653	-0.187917
65094	9.371825	1.653385	-1.020309	-0.042675	-0.192216	-0.047937	-0.151932	-0.206012	0.966683	-0.212694	0.961938	0.171572	-0.965235	-0.179540	-0.189967
65095	9.148277	1.599024	-0.886724	-0.081838	-0.206391	-0.038571	-0.153792	-0.206786	0.966223	-0.211977	0.961994	0.172140	-0.965098	-0.178344	-0.191781
65096	9.191230	1.338592	-1.046144	-0.021876	-0.258306	-0.033386	-0.156368	-0.207578	0.965640	-0.211782	0.961974	0.172496	-0.964727	-0.177533	-0.194383
65097	9.130033	1.239360	-0.984600	0.120281	-0.311845	-0.027751	-0.159266	-0.208432	0.964982	-0.213001	0.961692	0.172567	-0.963984	-0.178058	-0.197561
65098	9.151834	1.379874	-0.667441	0.298912	-0.375909	-0.022579	-0.162976	-0.209369	0.964160	-0.216099	0.961072	0.172170	-0.962673	-0.180295	-0.201876
65099	9.104754	1.934690	-0.402809	0.358565	-0.436949	-0.016843	-0.167092	-0.210357	0.963239	-0.219592	0.960375	0.171639	-0.961176	-0.182840	-0.206664
65100	9.219308	1.916674	-0.690121	0.363767	-0.504574	-0.005111	-0.171995	-0.211383	0.962151	-0.223230	0.959662	0.170931	-0.959472	-0.185382	-0.212244
65101	9.510177	1.950656	-1.060731	0.359104	-0.537357	0.014547	-0.177129	-0.212278	0.961022	-0.226663	0.959012	0.170057	-0.957731	-0.187706	-0.217984
65102	9.398488	1.749738	-1.595203	0.331933	-0.578782	0.019580	-0.182815	-0.213273	0.959736	-0.230194	0.958338	0.169114	-0.955819	-0.190009	-0.224293
65103	9.355700	1.985626	-1.840526	0.358340	-0.614379	0.030732	-0.188703	-0.214185	0.958392	-0.233574	0.957708	0.168042	-0.953852	-0.192146	-0.230751
65104	9.594808	2.276991	-1.949088	0.264559	-0.626973	0.048176	-0.194895	-0.215009	0.956968	-0.236315	0.957229	0.166940	-0.951930	-0.193610	-0.237369
65105	9.569182	1.655523	-2.482408	0.195443	-0.635517	0.059348	-0.201031	-0.215705	0.955541	-0.238073	0.956967	0.165940	-0.950215	-0.194129	-0.243733
65106	9.496520	1.568533	-2.596227	0.288726	-0.645078	0.060381	-0.207484	-0.216383	0.954007	-0.240694	0.956541	0.164610	-0.948165	-0.195469	-0.250549
65107	9.550636	1.950311	-2.311010	0.277467	-0.651277	0.063109	-0.213757	-0.217089	0.952460	-0.243206	0.956123	0.163341	-0.946128	-0.196729	-0.257175
65108	9.463577	1.446193	-2.463548	0.248756	-0.662713	0.075543	-0.220230	-0.217841	0.950812	-0.245987	0.955644	0.161972	-0.943922	-0.198217	-0.264047
65109	9.677661	1.393723	-2.184514	0.280238	-0.691413	0.079449	-0.226896	-0.218488	0.949095	-0.248470	0.955249	0.160504	-0.941690	-0.199404	-0.271030
65110	10.037401	1.374621	-1.654612	0.222111	-0.725151	0.074764	-0.234083	-0.219267	0.947168	-0.250581	0.954927	0.159134	-0.939369	-0.200091	-0.278477
65111	9.870099	0.973842	-1.406315	0.188798	-0.766888	0.072131	-0.241411	-0.220145	0.945123	-0.252200	0.954696	0.157956	-0.937078	-0.200227	-0.285995
65112	9.772260	0.994561	-1.012223	0.220369	-0.836476	0.063112	-0.249487	-0.221333	0.942745	-0.254506	0.954293	0.156691	-0.934336	-0.200842	-0.294414
65113	9.634304	1.186410	-0.687002	0.207552	-0.912461	0.057610	-0.258098	-0.222647	0.940114	-0.256317	0.953992	0.155565	-0.931497	-0.200816	-0.303292
65114	9.787436	1.433392	-0.514926	0.164918	-1.004225	0.056405	-0.267758	-0.224135	0.937053	-0.257810	0.953769	0.154465	-0.928353	-0.200223	-0.313164
65115	10.164260	1.089139	-0.886166	0.048692	-1.078584	0.054315	-0.277847	-0.225798	0.933711	-0.258134	0.953782	0.153838	-0.925293	-0.198280	-0.323292
65116	10.090716	0.632268	-1.454719	0.089401	-1.164079	0.043660	-0.288856	-0.227622	0.929920	-0.258708	0.953747	0.153093	-0.921755	-0.196356	-0.334383
65117	10.129570	0.920699	-1.541617	0.186888	-1.260935	0.052153	-0.300540	-0.229625	0.925715	-0.260295	0.953488	0.152008	-0.917563	-0.195274	-0.346332
65118	10.270684	1.289676	-1.351971	0.167792	-1.345733	0.074895	-0.313142	-0.231691	0.921011	-0.262132	0.953198	0.150664	-0.912814	-0.194247	-0.359220
65119	10.420490	1.268525	-1.098496	0.139097	-1.452595	0.096520	-0.326572	-0.233610	0.915848	-0.263113	0.953142	0.149303	-0.907812	-0.192213	-0.372735
65120	10.359541	0.731034	-0.779680	0.094527	-1.558841	0.101718	-0.341029	-0.235731	0.910016	-0.263997	0.953107	0.147960	-0.902222	-0.189783	-0.387270
65121	10.404019	0.169928	-0.582956	0.085554	-1.664784	0.084185	-0.356176	-0.238094	0.903576	-0.264498	0.953134	0.146892	-0.896203	-0.186674	-0.402458
65122	10.674541	-0.028226	-0.776387	0.110036	-1.765530	0.068131	-0.372271	-0.240729	0.896361	-0.265391	0.953063	0.145736	-0.889371	-0.183633	-0.418685
65123	10.995806	-0.054365	-0.181933	0.173332	-1.891601	0.047415	-0.389103	-0.243756	0.888359	-0.266772	0.952850	0.144605	-0.881721	-0.180723	-0.435784
65124	11.047011	0.017819	0.394756	0.033612	-2.048454	-0.030697	-0.407032	-0.247761	0.879170	-0.267400	0.952663	0.144673	-0.873397	-0.176204	-0.454016
65125	11.808010	0.185992	0.048184	-0.047135	-2.166295	-0.092364	-0.425565	-0.252427	0.869008	-0.267402	0.952501	0.145729	-0.864517	-0.170358	-0.472851
65126	12.304160	0.513280	-0.043771	-0.279311	-2.226670	-0.188576	-0.444241	-0.257892	0.857987	-0.265873	0.952481	0.148634	-0.855548	-0.162086	-0.491697
65127	12.756180	0.629799	-1.450185	-0.424780	-2.260512	-0.303481	-0.462631	-0.264368	0.846217	-0.263663	0.952343	0.153378	-0.846437	-0.152159	-0.510287
65128	12.921669	0.873503	-2.171228	-0.263227	-2.270690	-0.388310	-0.480715	-0.271413	0.833815	-0.263401	0.951673	0.157919	-0.836381	-0.143714	-0.528974
65129	12.981867	1.582608	-3.337512	-0.118630	-2.291269	-0.452721	-0.498516	-0.278961	0.820769	-0.264663	0.950580	0.162330	-0.825491	-0.136303	-0.547710
65130	12.438363	2.565336	-4.502118	0.099189	-2.300713	-0.495592	-0.516029	-0.286746	0.807150	-0.268137	0.949020	0.165720	-0.813521	-0.130911	-0.566609
65131	11.974347	3.128552	-5.678691	0.166426	-2.333926	-0.493161	-0.533494	-0.294451	0.792895	-0.272100	0.947360	0.168733	-0.800841	-0.125729	-0.585531
65132	11.041454	2.531271	-6.742551	0.270660	-2.302558	-0.449971	-0.550434	-0.301629	0.778487	-0.276881	0.945635	0.170621	-0.787629	-0.121633	-0.604025
65133	9.957184	2.012961	-6.983457	0.382902	-2.212689	-0.387302	-0.566590	-0.307979	0.764281	-0.282067	0.943981	0.171286	-0.774219	-0.118529	-0.621721
65134	8.923146	1.356146	-7.257350	0.375502	-2.036553	-0.359344	-0.581091	-0.313805	0.750906	-0.287167	0.942385	0.171599	-0.761491	-0.115921	-0.637726
65135	7.498885	1.003741	-7.599218	0.382195	-1.779951	-0.378338	-0.593405	-0.319447	0.738799	-0.292311	0.940733	0.171976	-0.749950	-0.113907	-0.651614
65136	6.464457	0.621371	-7.731587	0.400729	-1.492559	-0.418532	-0.603172	-0.325130	0.728337	-0.297958	0.938888	0.172367	-0.739868	-0.113047	-0.663186
65137	5.810591	0.352866	-7.858641	0.465629	-1.162586	-0.450251	-0.610328	-0.330704	0.719816	-0.304149	0.936869	0.172539	-0.731432	-0.113626	-0.672381
65138	5.570199	-0.175487	-7.536995	0.545896	-0.733855	-0.472065	-0.614107	-0.336024	0.714115	-0.311176	0.934624	0.172186	-0.725287	-0.116475	-0.678522
65139	5.087305	-0.875833	-7.595039	0.767086	-0.300270	-0.454438	-0.614804	-0.340658	0.711314	-0.319550	0.932154	0.170227	-0.721043	-0.122644	-0.681949
65140	5.005808	-0.595355	-7.271550	1.050326	0.080610	-0.400589	-0.612810	-0.344342	0.711261	-0.329734	0.929392	0.165852	-0.718150	-0.132891	-0.683082
65141	5.721384	-0.180258	-4.874383	1.130278	0.558167	-0.310383	-0.607722	-0.346478	0.714581	-0.339777	0.926731	0.160377	-0.717792	-0.145334	-0.680920
65142	6.563625	0.693700	-3.816439	0.937431	1.111161	-0.194661	-0.598944	-0.346651	0.721872	-0.347873	0.924580	0.155360	-0.721284	-0.158068	-0.674362
65143	6.407028	1.006980	-4.570881	0.575844	1.673012	-0.134933	-0.586295	-0.345191	0.732872	-0.352882	0.923155	0.152511	-0.729200	-0.169201	-0.663052
65144	5.713200	0.542658	-5.094058	0.379566	2.194849	-0.082587	-0.569752	-0.342165	0.747199	-0.356327	0.922149	0.150574	-0.740549	-0.180457	-0.647319
65145	5.485089	0.398536	-5.472405	0.289500	2.642264	0.006924	-0.549982	-0.337208	0.764075	-0.358485	0.921617	0.148698	-0.754326	-0.192128	-0.627757
65146	5.810641	0.371265	-5.819871	0.229085	3.082673	0.130601	-0.526834	-0.329925	0.783324	-0.359707	0.921538	0.146213	-0.770102	-0.204737	-0.604174
65147	6.086532	0.511939	-6.024766	0.183080	3.541012	0.234068	-0.500048	-0.320311	0.804582	-0.359963	0.921896	0.143298	-0.787641	-0.217964	-0.576292
65148	6.160805	1.569060	-5.709576	0.020349	3.944647	0.338820	-0.469700	-0.308359	0.827222	-0.358659	0.922856	0.140360	-0.806688	-0.230764	-0.544062
65149	6.650684	1.827468	-5.791693	-0.352240	4.298796	0.505851	-0.436326	-0.293582	0.850546	-0.353518	0.925193	0.137995	-0.827432	-0.240473	-0.507472
65150	6.533335	0.411425	-6.416347	-0.448558	4.641237	0.605225	-0.399442	-0.276601	0.874035	-0.347396	0.927964	0.134904	-0.848388	-0.249750	-0.466758
65151	6.671062	-0.302256	-6.513134	-0.206528	4.936639	0.687541	-0.359397	-0.257628	0.896918	-0.343041	0.930314	0.129763	-0.867846	-0.261043	-0.422729
65152	6.583637	0.042368	-6.066562	0.052192	5.146083	0.792126	-0.316895	-0.236460	0.918512	-0.340983	0.932079	0.122311	-0.885047	-0.274437	-0.376000
65153	7.113500	0.879880	-6.062310	0.166476	5.310267	0.866885	-0.272387	-0.213462	0.938211	-0.339938	0.933548	0.113708	-0.900137	-0.287961	-0.326851
65154	7.997782	1.236738	-6.023630	0.128934	5.450026	0.918111	-0.226005	-0.188805	0.955654	-0.338965	0.934971	0.104556	-0.913249	-0.300303	-0.275306
65155	9.035070	1.074831	-6.004235	0.075709	5.573562	0.939926	-0.177915	-0.162997	0.970452	-0.337782	0.936382	0.095348	-0.924256	-0.310838	-0.221654
65156	10.083476	1.022780	-6.076252	-0.007490	5.676672	0.978310	-0.128394	-0.135899	0.982368	-0.336349	0.937823	0.085776	-0.932944	-0.319406	-0.166121
65157	11.167446	0.773268	-6.589348	-0.116461	5.734740	0.996465	-0.077988	-0.108076	0.991079	-0.334247	0.939405	0.076139	-0.939253	-0.325328	-0.109386
65158	12.421189	0.889416	-6.213830	-0.327218	5.673561	0.982034	-0.027765	-0.080272	0.996386	-0.330773	0.941356	0.066621	-0.943302	-0.327728	-0.052689
65159	12.622735	0.258181	-6.824368	-0.597229	5.785603	0.958020	0.023794	-0.052348	0.998345	-0.325126	0.943937	0.057244	-0.945371	-0.325950	0.005440
65160	10.873837	0.764197	-3.099075	-0.218323	5.585780	0.862363	0.073856	-0.025915	0.996932	-0.323542	0.944968	0.048533	-0.943327	-0.326134	0.061407
65161	9.002423	0.235130	4.094392	-0.356469	4.753696	0.721517	0.116352	-0.003672	0.993201	-0.320880	0.946228	0.041089	-0.939946	-0.323479	0.108917
65162	9.792512	3.572470	-1.235920	0.113501	3.633908	0.803337	0.147906	0.015792	0.988875	-0.323010	0.945813	0.033208	-0.934766	-0.324329	0.144992
65163	9.428051	3.024610	-1.374024	-0.340208	2.749004	0.744412	0.171211	0.031675	0.984725	-0.321030	0.946729	0.025364	-0.931465	-0.320469	0.172259
65164	4.640953	-1.233085	-0.657119	-0.384611	1.801782	0.500246	0.186465	0.042168	0.981556	-0.318455	0.947732	0.019781	-0.929418	-0.316270	0.190148
65165	1.332121	-3.176042	-1.462452	0.113343	0.682496	0.070492	0.192627	0.044972	0.980241	-0.319646	0.947339	0.019351	-0.927751	-0.317058	0.196859
65166	1.819364	-2.132215	-2.244781	0.451469	-0.393298	-0.291873	0.189961	0.040996	0.980935	-0.323347	0.945999	0.023081	-0.927018	-0.321567	0.192959
65167	2.953763	-1.505975	-4.268394	0.449091	-1.188471	-0.476285	0.180537	0.032619	0.983027	-0.326635	0.944716	0.028640	-0.927748	-0.326262	0.181210
65168	9.434520	-2.410595	1.574752	0.849618	-1.253395	-0.478089	0.170493	0.024007	0.985066	-0.333759	0.942016	0.034808	-0.927112	-0.334709	0.168619
65169	16.047331	-0.610832	6.918444	0.641064	-0.633335	-0.211636	0.165387	0.019853	0.986029	-0.339350	0.939893	0.037995	-0.926007	-0.340892	0.162183
65170	12.879475	4.662733	2.739370	0.177712	-0.626694	-0.238528	0.160377	0.015525	0.986934	-0.340739	0.939281	0.040594	-0.926378	-0.342797	0.155929
65171	10.966489	5.846276	-0.028757	0.370663	-1.298993	-0.559357	0.150302	0.005775	0.988623	-0.343312	0.938059	0.046715	-0.927117	-0.346428	0.142975
65172	14.023815	5.281771	0.611937	-0.024026	-1.547796	-0.697165	0.138311	-0.006102	0.990370	-0.342132	0.938124	0.053561	-0.929417	-0.346245	0.127665
65173	13.320018	0.373939	-3.874312	-0.550900	-1.412022	-0.636889	0.127371	-0.016958	0.991710	-0.336163	0.939938	0.059248	-0.933151	-0.340923	0.114020
65174	9.869923	-1.582541	-4.464969	-0.281068	-1.303356	-0.645446	0.117314	-0.027449	0.992715	-0.332770	0.940742	0.065337	-0.935682	-0.338011	0.101228
65175	9.498657	-0.172178	-3.770045	0.452193	-1.185046	-0.523236	0.108028	-0.036420	0.993481	-0.336420	0.939031	0.071005	-0.935495	-0.341898	0.089189
65176	9.796201	3.024692	-4.392364	0.494291	-1.088194	-0.405985	0.099177	-0.043975	0.994098	-0.340583	0.937183	0.075436	-0.934969	-0.346054	0.077970
65177	10.330867	2.886874	-3.817956	-0.060779	-0.945863	-0.402387	0.091747	-0.051038	0.994474	-0.339640	0.937195	0.079432	-0.936070	-0.345051	0.068650
65178	10.611878	0.300802	-3.252955	-0.260274	-0.803250	-0.424595	0.085569	-0.057800	0.994654	-0.336816	0.937863	0.083476	-0.937674	-0.342159	0.060784
65179	10.293599	0.504863	-2.209986	-0.064436	-0.692445	-0.421212	0.080540	-0.064140	0.994686	-0.335872	0.937819	0.087669	-0.938458	-0.341148	0.053989
65180	10.259081	1.926512	-1.273712	-0.219287	-0.577437	-0.373258	0.076286	-0.069632	0.994652	-0.333487	0.938327	0.091266	-0.939663	-0.338666	0.048360
65181	10.101935	1.466555	-1.242990	-0.478094	-0.500834	-0.338299	0.072745	-0.074516	0.994563	-0.328748	0.939683	0.094450	-0.941612	-0.333832	0.043860
65182	9.639495	0.914279	-1.015865	-0.374067	-0.468683	-0.356750	0.069401	-0.079458	0.994419	-0.324964	0.940652	0.097841	-0.943177	-0.329941	0.039461
65183	9.568275	1.032033	-0.462519	-0.188489	-0.446135	-0.364605	0.066422	-0.084380	0.994217	-0.322949	0.940965	0.101436	-0.944083	-0.327819	0.035250
65184	9.496336	1.129865	-0.109336	-0.066265	-0.449340	-0.378531	0.063302	-0.089448	0.993978	-0.322046	0.940863	0.105178	-0.944605	-0.326765	0.030752
65185	9.558726	1.104857	0.012633	-0.049318	-0.446941	-0.388250	0.060377	-0.094583	0.993684	-0.321351	0.940659	0.109062	-0.945033	-0.325907	0.026400
65186	9.618022	1.136209	-0.071759	-0.080293	-0.428395	-0.385204	0.057476	-0.099638	0.993362	-0.320327	0.940558	0.112876	-0.945562	-0.324688	0.022143
65187	9.561626	0.715583	-0.035822	-0.029711	-0.434386	-0.387455	0.054657	-0.104715	0.992999	-0.319840	0.940250	0.116757	-0.945894	-0.323982	0.017900
65188	9.793147	1.174470	0.049401	0.102281	-0.419894	-0.367521	0.051778	-0.109567	0.992630	-0.320582	0.939534	0.120429	-0.945805	-0.324454	0.013522
65189	9.865317	2.087792	-0.291982	0.073405	-0.399911	-0.327583	0.049096	-0.113966	0.992271	-0.321122	0.938921	0.123727	-0.945764	-0.324715	0.009500
65190	9.773602	2.015900	-0.682214	0.005631	-0.402567	-0.312302	0.046197	-0.118237	0.991910	-0.321077	0.938523	0.126827	-0.945926	-0.324338	0.005394
65191	9.824380	1.426278	-0.533406	0.017655	-0.402386	-0.335705	0.043517	-0.122716	0.991487	-0.321105	0.938052	0.130196	-0.946043	-0.324037	0.001417
65192	9.801205	1.295772	-0.194406	0.051750	-0.391481	-0.316766	0.040730	-0.126995	0.991067	-0.321404	0.937507	0.133341	-0.946066	-0.323964	-0.002632
65193	9.551874	1.205666	0.060196	0.021804	-0.392027	-0.299632	0.038033	-0.131097	0.990640	-0.321504	0.937040	0.136347	-0.946144	-0.323681	-0.006510
65194	9.494818	1.478148	0.555878	0.085332	-0.428902	-0.293288	0.034801	-0.135271	0.990197	-0.322114	0.936405	0.139243	-0.946061	-0.323802	-0.010985
65195	9.375130	1.595560	0.697454	0.045695	-0.458096	-0.281471	0.031423	-0.139413	0.989736	-0.322465	0.935860	0.142062	-0.946060	-0.323619	-0.015549
65196	9.197742	1.303243	0.918791	0.110798	-0.527327	-0.297813	0.027329	-0.143946	0.989208	-0.323464	0.935064	0.145003	-0.945846	-0.323936	-0.021007
65197	9.313457	1.457265	0.892816	0.171361	-0.582629	-0.277222	0.022767	-0.148450	0.988658	-0.325027	0.934093	0.147742	-0.945431	-0.324704	-0.026984
65198	9.102257	1.573742	0.508853	0.218657	-0.624251	-0.277711	0.017678	-0.153107	0.988052	-0.326998	0.932977	0.150423	-0.944860	-0.325750	-0.033572
65199	9.151501	1.547378	0.147448	0.295820	-0.677090	-0.271039	0.012222	-0.157869	0.987384	-0.329764	0.931578	0.153028	-0.943984	-0.327474	-0.040674
65200	9.564011	1.940779	-0.732717	0.333435	-0.671225	-0.255178	0.006658	-0.162479	0.986690	-0.332987	0.930038	0.155397	-0.942908	-0.329589	-0.047911
65201	9.468777	2.260050	-1.692952	0.339399	-0.646505	-0.227542	0.001376	-0.166755	0.985997	-0.336189	0.928530	0.157505	-0.941793	-0.331699	-0.054784
65202	9.831835	2.366299	-2.146155	0.312122	-0.594675	-0.199491	-0.003645	-0.170617	0.985331	-0.339118	0.927160	0.159290	-0.940737	-0.333563	-0.061239
65203	9.852593	2.140346	-2.378374	0.269688	-0.543395	-0.185567	-0.008074	-0.174177	0.984681	-0.341678	0.925927	0.160982	-0.939782	-0.335144	-0.066989
65204	9.795591	1.770521	-2.530692	0.283214	-0.497291	-0.168633	-0.012257	-0.177448	0.984054	-0.344338	0.924684	0.162454	-0.938766	-0.336856	-0.072436
65205	9.755132	1.443098	-2.503617	0.318495	-0.458555	-0.163823	-0.015943	-0.180535	0.983439	-0.347363	0.923302	0.163864	-0.937595	-0.338998	-0.077432
65206	9.817568	1.319960	-2.221639	0.366587	-0.444099	-0.162505	-0.019606	-0.183595	0.982806	-0.350771	0.921775	0.165197	-0.936256	-0.341501	-0.082472
65207	9.861748	1.181505	-1.662675	0.435287	-0.428235	-0.160987	-0.022995	-0.186571	0.982172	-0.354891	0.919972	0.166446	-0.934625	-0.344737	-0.087367
65208	9.746232	1.767853	-0.419895	0.306751	-0.426213	-0.169781	-0.026458	-0.189649	0.981495	-0.357760	0.918604	0.167852	-0.933439	-0.346699	-0.092153
65209	9.515967	1.835582	-0.562360	-0.009795	-0.359810	-0.178194	-0.029130	-0.192554	0.980854	-0.357732	0.918285	0.169647	-0.933370	-0.345941	-0.095633
65210	9.263989	1.519420	-0.420301	-0.026549	-0.377547	-0.184461	-0.032048	-0.195604	0.980159	-0.357681	0.917961	0.171497	-0.933294	-0.345088	-0.099383
65211	9.223786	1.384272	-0.286588	0.023730	-0.419476	-0.191338	-0.035229	-0.198830	0.979401	-0.357981	0.917490	0.173384	-0.933064	-0.344499	-0.103500
65212	9.211867	1.676799	-0.098346	0.092934	-0.471134	-0.188640	-0.039066	-0.202211	0.978562	-0.358869	0.916812	0.175125	-0.932570	-0.344334	-0.108383
65213	9.396428	1.916263	0.168928	0.093993	-0.530736	-0.182124	-0.043311	-0.205731	0.977650	-0.359835	0.916104	0.176838	-0.932010	-0.344134	-0.113706
65214	9.361777	1.929692	0.102974	0.029469	-0.582786	-0.172973	-0.048168	-0.209366	0.976650	-0.360286	0.915603	0.178510	-0.931598	-0.343275	-0.119534
65215	9.254090	1.604451	-0.071633	0.005960	-0.638643	-0.172453	-0.053446	-0.213156	0.975555	-0.360444	0.915205	0.180223	-0.931248	-0.342001	-0.125745
65216	9.387052	1.208107	-0.724883	0.039771	-0.675021	-0.178714	-0.059166	-0.217129	0.974348	-0.360901	0.914689	0.181919	-0.930726	-0.340880	-0.132481
65217	9.392001	1.432546	-1.290118	0.142566	-0.708729	-0.184535	-0.065044	-0.221254	0.973045	-0.362357	0.913785	0.183558	-0.929767	-0.340651	-0.139609
65218	9.262973	1.819689	-1.664711	0.225652	-0.729017	-0.183435	-0.071209	-0.225454	0.971648	-0.364670	0.912570	0.185020	-0.928410	-0.341156	-0.147199
65219	9.293393	1.956707	-1.752427	0.278584	-0.742051	-0.178276	-0.077391	-0.229637	0.970194	-0.367403	0.911199	0.186366	-0.926837	-0.342029	-0.154888
65220	9.276050	1.994370	-1.996285	0.355695	-0.740539	-0.180885	-0.083661	-0.233850	0.968667	-0.370816	0.909570	0.187557	-0.924930	-0.343506	-0.162811
65221	9.204767	1.973090	-1.903952	0.416695	-0.744819	-0.177665	-0.089831	-0.238053	0.967089	-0.374837	0.907701	0.188617	-0.922728	-0.345557	-0.170771
65222	9.205433	2.206592	-1.615735	0.423389	-0.746166	-0.159235	-0.096192	-0.242109	0.965469	-0.378866	0.905860	0.189413	-0.920439	-0.347564	-0.178863
65223	9.181641	1.889542	-1.711170	0.273403	-0.746557	-0.140138	-0.102476	-0.245997	0.963838	-0.381537	0.904553	0.190301	-0.918656	-0.348238	-0.186552
65224	9.376609	1.658019	-2.016654	0.315269	-0.737684	-0.149489	-0.108725	-0.249968	0.962130	-0.384696	0.903036	0.191142	-0.916618	-0.349346	-0.194344
65225	9.488615	2.176761	-1.893884	0.302211	-0.728092	-0.152004	-0.114756	-0.253909	0.960396	-0.387651	0.901581	0.192039	-0.914635	-0.350260	-0.201890
65226	9.490785	1.864130	-2.141213	0.249716	-0.734648	-0.153763	-0.120923	-0.257910	0.958572	-0.390134	0.900300	0.193016	-0.912783	-0.350632	-0.209487
65227	9.292473	1.935962	-2.186861	0.279698	-0.739157	-0.158764	-0.126993	-0.261955	0.956688	-0.392899	0.898890	0.193974	-0.910771	-0.351249	-0.217075
65228	9.304010	2.195046	-2.103711	0.260792	-0.758555	-0.149016	-0.133366	-0.265993	0.954705	-0.395459	0.897581	0.194835	-0.908750	-0.351562	-0.224897
65229	9.511447	2.224491	-2.028051	0.212019	-0.772281	-0.146827	-0.139747	-0.270047	0.952652	-0.397602	0.896427	0.195784	-0.906853	-0.351417	-0.232644
65230	9.587711	1.957278	-2.186992	0.138080	-0.771516	-0.131382	-0.146277	-0.273963	0.950551	-0.399038	0.895585	0.196715	-0.905191	-0.350531	-0.240325
65231	9.424538	1.547231	-2.463657	0.176999	-0.789345	-0.124144	-0.152870	-0.277862	0.948379	-0.400843	0.894606	0.197495	-0.903303	-0.349960	-0.248138
65232	9.395645	1.680450	-2.363135	0.242846	-0.805288	-0.109808	-0.159748	-0.281696	0.946112	-0.403204	0.893447	0.197935	-0.901059	-0.349856	-0.256308
65233	9.449123	2.007483	-2.038379	0.236646	-0.832384	-0.109269	-0.166749	-0.285605	0.943729	-0.405531	0.892294	0.198385	-0.898743	-0.349631	-0.264611
65234	9.505710	1.862472	-1.725985	0.221197	-0.875010	-0.107095	-0.174213	-0.289656	0.941143	-0.407712	0.891203	0.198815	-0.896337	-0.349079	-0.273356
65235	9.683854	1.685600	-1.100715	0.248216	-0.923933	-0.122185	-0.181935	-0.293989	0.938334	-0.410171	0.889964	0.199306	-0.893677	-0.348617	-0.282502
65236	9.745033	1.627811	-0.458007	0.270708	-0.999777	-0.133127	-0.190348	-0.298693	0.935174	-0.412873	0.888607	0.199783	-0.890676	-0.348080	-0.292467
65237	9.757518	1.439290	-0.139823	0.275514	-1.103249	-0.133353	-0.199556	-0.303735	0.931623	-0.415603	0.887231	0.200239	-0.887385	-0.347226	-0.303285
65238	9.900960	1.433303	-0.472840	0.258629	-1.202631	-0.146296	-0.209637	-0.309217	0.927597	-0.418201	0.885883	0.200798	-0.883833	-0.345827	-0.315029
65239	9.820503	1.532549	-1.212057	0.285417	-1.292603	-0.152910	-0.220346	-0.315054	0.923141	-0.421068	0.884403	0.201328	-0.879858	-0.344343	-0.327534
65240	9.743840	1.559053	-1.218728	0.332690	-1.386810	-0.160283	-0.231863	-0.321255	0.918169	-0.424381	0.882736	0.201690	-0.875294	-0.342889	-0.341008
65241	9.692388	1.959349	-0.545523	0.390180	-1.500470	-0.164333	-0.244209	-0.327861	0.912617	-0.428199	0.880849	0.201866	-0.870062	-0.341484	-0.355501
65242	10.310080	1.969618	-0.083697	0.325644	-1.633048	-0.184329	-0.257592	-0.335054	0.906303	-0.431514	0.879117	0.202358	-0.864547	-0.338957	-0.371034
65243	10.844177	0.986619	0.139402	0.286636	-1.768297	-0.217921	-0.271836	-0.342954	0.899159	-0.434584	0.877394	0.203268	-0.858628	-0.335504	-0.387550
65244	11.095710	0.069191	-0.216955	0.405592	-1.902708	-0.239262	-0.287057	-0.351416	0.891126	-0.438774	0.875184	0.203788	-0.851514	-0.332504	-0.405420
65245	11.302761	0.060053	-0.113661	0.653019	-2.057328	-0.243680	-0.303359	-0.360392	0.882094	-0.445049	0.872132	0.203266	-0.842558	-0.330912	-0.424961
65246	12.005925	0.410144	-0.153127	0.748263	-2.206358	-0.201333	-0.320904	-0.369437	0.872088	-0.452020	0.868892	0.201753	-0.832285	-0.329458	-0.445824
65247	12.814359	-0.137535	-0.551132	0.643355	-2.314659	-0.158778	-0.339278	-0.378428	0.861210	-0.457890	0.866169	0.200219	-0.821722	-0.326410	-0.467150
65248	12.812887	-1.841805	-0.776898	0.668332	-2.427166	-0.194716	-0.358131	-0.387996	0.849236	-0.464130	0.863204	0.198650	-0.810139	-0.323013	-0.489221
65249	12.807077	-1.763712	-0.933411	0.759330	-2.522906	-0.250505	-0.377191	-0.398284	0.836120	-0.471181	0.859759	0.196986	-0.797318	-0.319662	-0.511957
65250	12.708453	-1.384705	-2.581797	0.724766	-2.525997	-0.263296	-0.395831	-0.408572	0.822428	-0.478077	0.856326	0.195315	-0.784066	-0.315872	-0.534289
65251	11.311804	-0.980505	-3.806483	0.948781	-2.543416	-0.301175	-0.414086	-0.419171	0.807978	-0.486693	0.852073	0.192618	-0.769196	-0.313477	-0.556839
65252	10.696962	-0.071169	-4.071100	1.166417	-2.574395	-0.360858	-0.431791	-0.430299	0.792716	-0.497271	0.846804	0.188797	-0.752515	-0.312674	-0.579618
65253	10.067768	1.350382	-4.289670	1.157493	-2.564807	-0.394049	-0.448848	-0.441650	0.776841	-0.507646	0.841453	0.185073	-0.735412	-0.311290	-0.601886
65254	9.889296	2.948805	-5.020095	0.830410	-2.551690	-0.446044	-0.465003	-0.453296	0.760457	-0.515916	0.836793	0.183327	-0.719446	-0.307084	-0.622974
65255	9.767356	3.375531	-6.106425	0.509297	-2.606777	-0.462902	-0.481117	-0.465088	0.743115	-0.521761	0.833100	0.183601	-0.704480	-0.299395	-0.643483
65256	9.997721	3.109655	-6.325574	0.481335	-2.675649	-0.325923	-0.497915	-0.475722	0.725100	-0.526899	0.830046	0.182761	-0.688810	-0.291055	-0.663949
65257	10.187245	4.033173	-5.380694	0.383713	-2.668535	-0.166262	-0.515166	-0.484761	0.706831	-0.530384	0.828126	0.181383	-0.673273	-0.281450	-0.683732
65258	10.061904	5.060190	-5.810887	0.007000	-2.545697	-0.014429	-0.531916	-0.491927	0.689255	-0.530695	0.827934	0.181353	-0.659870	-0.269320	-0.701454
65259	8.214476	5.344380	-6.125200	-0.352098	-2.391703	0.075853	-0.547925	-0.497587	0.672448	-0.528012	0.829208	0.183349	-0.648832	-0.254599	-0.717075
65260	7.596001	4.418877	-6.249394	-0.571933	-2.244149	0.144158	-0.562990	-0.501974	0.656555	-0.523706	0.831243	0.186460	-0.639354	-0.238867	-0.730868
65261	7.658686	4.001423	-6.680515	-0.547728	-2.010705	0.222485	-0.576877	-0.504802	0.642175	-0.518991	0.833608	0.189065	-0.630762	-0.224216	-0.742877
65262	7.106648	4.146011	-6.989995	-0.468352	-1.680261	0.306085	-0.588848	-0.505966	0.630282	-0.514441	0.836086	0.190555	-0.623384	-0.212036	-0.752617
65263	6.850535	3.921606	-7.279639	-0.412036	-1.293078	0.372342	-0.598738	-0.505550	0.621234	-0.509706	0.838799	0.191353	-0.617829	-0.202076	-0.759903
65264	6.462835	2.552930	-8.162149	-0.225539	-0.874726	0.407150	-0.606049	-0.503930	0.615434	-0.506027	0.841218	0.190497	-0.613712	-0.195976	-0.764821
65265	7.120402	1.123729	-8.243513	0.201427	-0.492289	0.439558	-0.611240	-0.501217	0.612509	-0.504616	0.843011	0.186266	-0.609711	-0.195229	-0.768204
65266	8.055437	1.026694	-6.111424	0.613530	0.022815	0.587913	-0.613927	-0.496272	0.613847	-0.504911	0.844643	0.177886	-0.606761	-0.200729	-0.769122
65267	7.838507	1.713479	-5.466793	0.715824	0.587556	0.757839	-0.614146	-0.488681	0.619689	-0.504634	0.846884	0.167726	-0.606770	-0.209708	-0.766716
65268	7.111480	2.269740	-5.674575	0.601982	1.114563	0.843751	-0.611465	-0.479190	0.629673	-0.503301	0.849581	0.157795	-0.610572	-0.220429	-0.760666
65269	6.482165	2.330541	-5.939860	0.410811	1.589318	0.863965	-0.605995	-0.468269	0.643035	-0.500599	0.852724	0.149204	-0.618199	-0.231485	-0.751162
65270	6.236537	2.416408	-5.615292	0.198939	2.031660	0.910807	-0.597712	-0.455724	0.659588	-0.496533	0.856369	0.141732	-0.629441	-0.242792	-0.738144
65271	6.303731	2.553631	-5.147257	-0.122447	2.456069	0.980736	-0.586861	-0.441239	0.678897	-0.489976	0.861050	0.136075	-0.644606	-0.252786	-0.721514
65272	6.707203	2.522117	-5.116613	-0.513032	2.865999	1.050236	-0.573060	-0.424851	0.700788	-0.480700	0.866828	0.132426	-0.663724	-0.260981	-0.700970
65273	6.758923	2.184904	-5.280838	-0.883779	3.267376	1.105919	-0.556208	-0.406624	0.724769	-0.468520	0.873739	0.130646	-0.686383	-0.266903	-0.676492
65274	6.458228	1.760712	-5.799916	-1.136528	3.643330	1.159951	-0.535945	-0.386670	0.750499	-0.454409	0.881320	0.129568	-0.711530	-0.271592	-0.648046
65275	6.230000	1.365543	-6.618378	-1.211059	3.987176	1.211448	-0.512417	-0.365051	0.777281	-0.439312	0.889171	0.127987	-0.737857	-0.275886	-0.615998
65276	6.193795	1.120224	-6.956196	-1.142986	4.308131	1.251369	-0.485320	-0.341899	0.804717	-0.424646	0.896705	0.124880	-0.764290	-0.281113	-0.580376
65277	6.281321	1.026194	-6.905661	-0.996968	4.590126	1.272986	-0.454916	-0.317413	0.832046	-0.410942	0.903719	0.120076	-0.790050	-0.287298	-0.541554
65278	6.462828	1.016791	-6.761501	-0.806188	4.847175	1.266745	-0.421022	-0.291819	0.858826	-0.399081	0.909861	0.113519	-0.814539	-0.294948	-0.499531
65279	6.584908	0.842053	-6.454193	-0.653603	5.088585	1.245383	-0.383838	-0.265253	0.884482	-0.388697	0.915271	0.105804	-0.837605	-0.303184	-0.454419
65280	6.665024	0.218013	-6.094136	-0.413937	5.274486	1.187153	-0.343556	-0.238105	0.908447	-0.381017	0.919476	0.096903	-0.858368	-0.312842	-0.406614
65281	7.524108	0.234918	-5.580927	-0.236852	5.462542	1.160784	-0.300494	-0.210064	0.930364	-0.375249	0.922817	0.087160	-0.876864	-0.322927	-0.356128
65282	7.820209	-0.155864	-5.442980	-0.159816	5.650759	1.106720	-0.254502	-0.181285	0.949929	-0.370907	0.925452	0.077242	-0.893116	-0.332677	-0.302769
65283	7.936262	-0.659033	-5.728915	-0.019279	5.738933	0.981669	-0.206434	-0.152844	0.966449	-0.368494	0.927146	0.067917	-0.906420	-0.342110	-0.247716
65284	8.449475	-0.350606	-6.932058	0.252502	5.801940	0.857558	-0.156633	-0.124693	0.979754	-0.369377	0.927406	0.058979	-0.915984	-0.352661	-0.191321
65285	9.468225	0.394126	-7.537296	0.426051	5.802042	0.759263	-0.106066	-0.096905	0.989626	-0.372316	0.926712	0.050840	-0.922025	-0.363062	-0.134372
65286	11.175561	0.867382	-8.301154	0.407350	5.819082	0.676945	-0.054779	-0.069203	0.996098	-0.375656	0.925730	0.043655	-0.925139	-0.371799	-0.076707
65287	12.149807	0.781260	-8.064659	0.353864	5.830927	0.573087	-0.002924	-0.042044	0.999111	-0.378783	0.924713	0.037804	-0.925481	-0.378336	-0.018629
65288	12.389562	0.908656	-5.632497	0.463644	5.863101	0.415200	0.049709	-0.015802	0.998639	-0.383257	0.923027	0.033683	-0.922303	-0.384410	0.039827
65289	12.194079	2.283852	0.462926	0.038097	5.641938	0.321451	0.100450	0.008855	0.994903	-0.383862	0.922885	0.030542	-0.917911	-0.384973	0.096103
65290	8.309487	2.014054	3.633774	0.269309	4.771362	0.343064	0.142789	0.030462	0.989284	-0.386812	0.921750	0.027448	-0.911037	-0.386587	0.143399
65291	11.929057	1.933229	-5.210126	0.221644	3.870662	0.591484	0.175671	0.050866	0.983134	-0.389775	0.920647	0.022014	-0.903999	-0.387069	0.181557
