// General information: 
//  MT Manager version: 2022.2.0 
//  XDA version: 2022.2.0 build 7381 rev 124627 built on 2023-07-19
// Device information: 
//  DeviceId: 00B4CAF0
//  ProductCode: MTW2-3A7G6
//  Firmware Version: 4.6.0
//  Hardware Version: 2.0.0
// Device settings: 
//  Filter Profile: human(46.1)
//  Option Flags: Orientation Smoother Disabled, Position/Velocity Smoother Disabled, Continuous Zero Rotation Update Disabled, AHS Disabled, ICC Disabled
// Coordinate system: ENU
PacketCounter	Acc_X	Acc_Y	Acc_Z	Gyr_X	Gyr_Y	Gyr_Z	Mat[1][1]	Mat[2][1]	Mat[3][1]	Mat[1][2]	Mat[2][2]	Mat[3][2]	Mat[1][3]	Mat[2][3]	Mat[3][3]
09395	4.746217	1.443573	9.017501	0.006931	0.009227	0.001174	-0.540300	-0.696570	0.472087	0.827504	-0.541634	0.147885	0.152686	0.470556	0.869059
09396	4.747024	1.434068	8.958913	0.005406	0.009380	0.001922	-0.540323	-0.696640	0.471957	0.827499	-0.541648	0.147859	0.152630	0.470436	0.869134
09397	4.759094	1.440422	8.999136	0.001722	0.011275	-0.000850	-0.540367	-0.696665	0.471870	0.827475	-0.541687	0.147850	0.152604	0.470355	0.869183
09398	4.701192	1.424082	8.990771	-0.002282	0.012442	0.002642	-0.540390	-0.696752	0.471715	0.827462	-0.541734	0.147755	0.152596	0.470172	0.869283
09399	4.687437	1.439908	8.978021	0.002798	0.005826	0.003204	-0.540393	-0.696773	0.471682	0.827461	-0.541740	0.147737	0.152590	0.470134	0.869304
09400	4.687180	1.439869	8.978161	0.001268	0.001401	0.006246	-0.540367	-0.696828	0.471629	0.827474	-0.541743	0.147655	0.152611	0.470048	0.869347
09401	4.742394	1.444126	9.019423	0.003176	-0.000318	0.002258	-0.540368	-0.696815	0.471647	0.827469	-0.541753	0.147645	0.152635	0.470056	0.869339
09402	4.716547	1.432104	8.939776	0.002729	-0.001036	0.004767	-0.540353	-0.696849	0.471613	0.827474	-0.541762	0.147583	0.152659	0.469995	0.869368
09403	4.758961	1.452409	8.967751	0.003683	-0.001896	0.002773	-0.540348	-0.696831	0.471646	0.827472	-0.541767	0.147574	0.152688	0.470016	0.869351
09404	4.755967	1.406434	9.005633	0.002790	-0.003330	0.007791	-0.540304	-0.696872	0.471637	0.827495	-0.541753	0.147499	0.152723	0.469972	0.869369
09405	4.741729	1.410248	9.024604	0.001139	-0.003166	0.004785	-0.540279	-0.696859	0.471684	0.827500	-0.541755	0.147459	0.152779	0.469988	0.869350
09406	4.785883	1.420651	8.993568	0.006735	-0.002204	0.001275	-0.540293	-0.696867	0.471656	0.827491	-0.541772	0.147449	0.152777	0.469957	0.869367
09407	4.773071	1.436871	8.980260	0.001079	-0.000871	0.001761	-0.540298	-0.696849	0.471678	0.827481	-0.541796	0.147423	0.152822	0.469957	0.869360
09408	4.745495	1.434661	8.959628	-0.000954	0.000860	0.001994	-0.540308	-0.696876	0.471625	0.827465	-0.541841	0.147343	0.152866	0.469864	0.869402
09409	4.745425	1.434563	8.959681	0.001144	0.001412	0.002491	-0.540310	-0.696872	0.471629	0.827458	-0.541859	0.147313	0.152898	0.469848	0.869405
09410	4.717663	1.476421	8.992363	0.001209	0.003696	0.003221	-0.540317	-0.696918	0.471554	0.827452	-0.541887	0.147247	0.152910	0.469748	0.869457
09411	4.715886	1.442395	8.998153	0.001651	-0.000165	0.003006	-0.540312	-0.696910	0.471572	0.827448	-0.541900	0.147220	0.152946	0.469746	0.869452
09412	4.660850	1.460090	8.983423	0.000060	-0.002295	0.003024	-0.540312	-0.696925	0.471549	0.827438	-0.541936	0.147144	0.153001	0.469682	0.869477
09413	4.745888	1.456452	8.986068	0.002470	-0.010170	0.001845	-0.540301	-0.696864	0.471653	0.827430	-0.541953	0.147130	0.153084	0.469754	0.869423
09414	4.732177	1.438517	8.978110	0.005265	-0.008924	0.007342	-0.540256	-0.696870	0.471695	0.827450	-0.541935	0.147080	0.153132	0.469764	0.869409
09415	4.760563	1.418741	8.971691	0.003107	-0.007181	0.003821	-0.540234	-0.696833	0.471775	0.827453	-0.541935	0.147061	0.153194	0.469819	0.869368
09416	4.746746	1.422712	8.990422	0.001517	-0.009311	0.003839	-0.540210	-0.696824	0.471814	0.827455	-0.541952	0.146995	0.153271	0.469813	0.869358
09417	4.763800	1.452879	8.965105	0.005205	-0.006630	0.004317	-0.540184	-0.696793	0.471891	0.827464	-0.541938	0.146992	0.153313	0.469875	0.869317
09418	4.761000	1.407120	9.002866	0.004191	-0.003475	0.003287	-0.540180	-0.696803	0.471880	0.827461	-0.541953	0.146952	0.153340	0.469843	0.869330
09419	4.777491	1.437462	8.977815	0.004703	-0.000474	0.001508	-0.540187	-0.696785	0.471899	0.827455	-0.541961	0.146958	0.153352	0.469860	0.869319
09420	4.792123	1.455865	8.985206	0.004196	0.001103	0.000993	-0.540206	-0.696808	0.471843	0.827442	-0.541989	0.146929	0.153353	0.469795	0.869354
09421	4.749594	1.457646	8.983916	-0.001203	0.006995	0.006694	-0.540182	-0.696853	0.471805	0.827454	-0.541989	0.146859	0.153373	0.469727	0.869386
09422	4.706858	1.459058	8.982792	-0.003999	0.005748	0.001197	-0.540206	-0.696898	0.471710	0.827430	-0.542053	0.146758	0.153417	0.469586	0.869455
09423	4.717842	1.430987	9.028507	0.003815	0.002670	0.004232	-0.540195	-0.696910	0.471705	0.827437	-0.542047	0.146743	0.153419	0.469576	0.869460
09424	4.746956	1.423062	8.990256	0.001271	0.001401	0.006245	-0.540171	-0.696961	0.471656	0.827448	-0.542051	0.146664	0.153443	0.469495	0.869500
09425	4.774649	1.425015	9.010861	0.000633	-0.001589	0.004270	-0.540153	-0.696953	0.471689	0.827450	-0.542060	0.146622	0.153495	0.469497	0.869489
09426	4.745426	1.410825	9.022570	0.001718	0.002118	0.003736	-0.540148	-0.696996	0.471631	0.827451	-0.542075	0.146558	0.153509	0.469415	0.869531
09427	4.693669	1.452777	8.943147	0.005144	-0.004336	0.001293	-0.540151	-0.696959	0.471683	0.827444	-0.542084	0.146570	0.153539	0.469461	0.869501
09428	4.691106	1.429163	9.007383	0.005073	-0.011198	0.002858	-0.540136	-0.696932	0.471741	0.827442	-0.542093	0.146540	0.153599	0.469489	0.869475
09429	4.705128	1.413629	9.019948	0.008824	-0.010813	0.006360	-0.540086	-0.696892	0.471856	0.827468	-0.542049	0.146559	0.153633	0.469601	0.869409
09430	4.722694	1.421926	8.967715	0.002398	-0.017035	0.003412	-0.540055	-0.696842	0.471965	0.827467	-0.542065	0.146503	0.153746	0.469656	0.869359
09431	4.695465	1.451803	9.031634	0.000231	-0.024450	0.004480	-0.540001	-0.696728	0.472197	0.827470	-0.542074	0.146457	0.153925	0.469815	0.869242
09432	4.741425	1.439711	8.973038	0.000298	-0.022168	0.005210	-0.539947	-0.696664	0.472352	0.827476	-0.542088	0.146374	0.154083	0.469894	0.869171
09433	4.740661	1.437165	9.063139	-0.006443	-0.029119	0.008527	-0.539852	-0.696550	0.472630	0.827489	-0.542100	0.146250	0.154342	0.470050	0.869041
09434	4.770702	1.393957	9.029399	-0.010884	-0.024088	0.012235	-0.539736	-0.696515	0.472813	0.827516	-0.542116	0.146037	0.154602	0.470082	0.868977
09435	4.833091	1.432639	8.972559	-0.010438	-0.023373	0.009725	-0.539640	-0.696434	0.473042	0.827530	-0.542139	0.145873	0.154864	0.470176	0.868880
09436	4.777929	1.415404	8.962983	-0.004137	-0.012560	0.006622	-0.539590	-0.696421	0.473117	0.827536	-0.542165	0.145746	0.155007	0.470164	0.868860
09437	4.848821	1.392744	8.957887	-0.007120	-0.009966	0.008852	-0.539521	-0.696398	0.473229	0.827550	-0.542178	0.145615	0.155169	0.470183	0.868821
09438	4.865833	1.443941	8.959353	-0.007312	-0.003076	-0.000219	-0.539542	-0.696394	0.473211	0.827514	-0.542266	0.145492	0.155287	0.470088	0.868852
09439	4.836373	1.429050	8.971363	-0.008505	0.008501	0.004183	-0.539541	-0.696433	0.473156	0.827502	-0.542318	0.145371	0.155360	0.469971	0.868902
09440	4.781829	1.458053	8.925125	-0.006404	0.013633	0.002385	-0.539569	-0.696518	0.472999	0.827479	-0.542385	0.145245	0.155382	0.469767	0.869009
09441	4.692976	1.415119	8.961095	-0.005896	0.012053	0.002899	-0.539583	-0.696567	0.472911	0.827464	-0.542434	0.145153	0.155415	0.469639	0.869072
09442	4.734623	1.456710	9.016195	-0.001769	0.006289	0.005451	-0.539571	-0.696637	0.472821	0.827468	-0.542455	0.145052	0.155436	0.469510	0.869137
09443	4.763199	1.426371	8.951554	-0.001769	0.006289	0.005451	-0.539556	-0.696672	0.472787	0.827472	-0.542466	0.144983	0.155465	0.469445	0.869168
09444	4.748288	1.430193	8.970930	0.003819	0.002667	0.004230	-0.539548	-0.696718	0.472728	0.827478	-0.542470	0.144937	0.155461	0.469373	0.869207
09445	4.744566	1.384295	9.009186	0.002298	0.007403	0.002687	-0.539558	-0.696743	0.472680	0.827474	-0.542482	0.144917	0.155450	0.469322	0.869237
09446	4.760503	1.414543	8.984435	0.006425	0.001639	0.005240	-0.539544	-0.696786	0.472632	0.827486	-0.542470	0.144889	0.155432	0.469271	0.869267
09447	4.788117	1.394880	8.978340	0.003686	-0.001901	0.002769	-0.539538	-0.696769	0.472665	0.827485	-0.542474	0.144881	0.155460	0.469292	0.869251
09448	4.760364	1.415032	8.984432	0.003824	0.007248	0.001937	-0.539562	-0.696819	0.472564	0.827474	-0.542500	0.144846	0.155434	0.469188	0.869312
09449	4.759815	1.415294	8.984681	0.004331	0.005669	0.002451	-0.539570	-0.696835	0.472531	0.827472	-0.542504	0.144845	0.155416	0.469160	0.869330
09450	4.788621	1.429645	8.973132	0.003757	0.004963	0.001206	-0.539594	-0.696872	0.472449	0.827459	-0.542532	0.144813	0.155402	0.469072	0.869380
09451	4.760453	1.449825	8.979433	0.003891	0.009531	0.002667	-0.539607	-0.696907	0.472382	0.827457	-0.542536	0.144807	0.155367	0.469015	0.869417
09452	4.759508	1.449945	8.979915	0.000780	0.012138	0.001142	-0.539638	-0.696980	0.472238	0.827443	-0.542574	0.144750	0.155336	0.468862	0.869505
09453	4.755066	1.404047	9.018551	0.002879	0.012687	0.001638	-0.539665	-0.697025	0.472142	0.827434	-0.542590	0.144740	0.155293	0.468777	0.869558
09454	4.728254	1.436011	8.992682	0.001349	0.008262	0.004681	-0.539665	-0.697096	0.472037	0.827436	-0.542605	0.144671	0.155280	0.468654	0.869627
09455	4.769766	1.412186	8.967837	0.003251	0.006541	0.000692	-0.539689	-0.697107	0.471993	0.827422	-0.542626	0.144669	0.155267	0.468614	0.869651
09456	4.739778	1.398267	8.979927	0.002941	0.010390	0.004661	-0.539696	-0.697186	0.471870	0.827425	-0.542637	0.144614	0.155231	0.468484	0.869727
09457	4.739011	1.398497	8.980296	0.005924	0.007795	0.002433	-0.539708	-0.697211	0.471818	0.827425	-0.542633	0.144627	0.155189	0.468450	0.869754
09458	4.738270	1.398903	8.980624	0.005418	0.009373	0.001918	-0.539731	-0.697274	0.471699	0.827419	-0.542647	0.144606	0.155136	0.468341	0.869821
09459	4.736126	1.409368	9.039790	0.006363	0.003933	0.002218	-0.539739	-0.697280	0.471680	0.827419	-0.542643	0.144624	0.155111	0.468336	0.869829
09460	4.724531	1.415861	8.967707	0.007821	0.001494	0.000739	-0.539762	-0.697297	0.471629	0.827410	-0.542656	0.144631	0.155082	0.468297	0.869855
09461	4.751929	1.418510	8.988348	0.006364	0.003933	0.002218	-0.539770	-0.697304	0.471611	0.827409	-0.542651	0.144648	0.155057	0.468292	0.869862
09462	4.751777	1.418915	8.988364	0.005277	0.000226	0.002752	-0.539773	-0.697326	0.471573	0.827408	-0.542661	0.144624	0.155055	0.468247	0.869886
09463	4.768072	1.449357	8.963404	0.005723	0.000944	0.000243	-0.539792	-0.697308	0.471578	0.827396	-0.542673	0.144645	0.155051	0.468260	0.869880
09464	4.751688	1.419585	8.988305	0.002801	0.001243	0.005495	-0.539775	-0.697349	0.471537	0.827404	-0.542676	0.144586	0.155065	0.468196	0.869913
09465	4.766353	1.437708	8.995728	0.003752	0.000382	0.003501	-0.539766	-0.697346	0.471551	0.827407	-0.542675	0.144575	0.155080	0.468201	0.869907
09466	4.751670	1.419747	8.988290	0.002801	0.001243	0.005495	-0.539748	-0.697388	0.471510	0.827417	-0.542676	0.144516	0.155094	0.468138	0.869939
09467	4.736930	1.401608	8.980910	-0.000378	0.001566	0.003239	-0.539744	-0.697389	0.471514	0.827411	-0.542696	0.144470	0.155137	0.468112	0.869944
09468	4.709369	1.421464	8.986906	0.001653	-0.000168	0.003005	-0.539742	-0.697412	0.471482	0.827407	-0.542718	0.144413	0.155167	0.468053	0.869971
09469	4.737073	1.401623	8.980832	0.005338	-0.002070	0.005777	-0.539711	-0.697409	0.471521	0.827424	-0.542694	0.144404	0.155183	0.468084	0.869951
09470	4.735653	1.389857	9.013018	0.003685	-0.001902	0.002772	-0.539708	-0.697424	0.471504	0.827422	-0.542707	0.144366	0.155204	0.468048	0.869967
09471	4.752303	1.420078	8.987903	0.005844	-0.003649	0.006292	-0.539670	-0.697417	0.471557	0.827443	-0.542677	0.144360	0.155224	0.468093	0.869939
09472	4.767145	1.416546	8.968543	0.007754	-0.000792	0.000009	-0.539695	-0.697418	0.471526	0.827430	-0.542695	0.144371	0.155208	0.468071	0.869954
09473	4.751106	1.409035	9.019860	0.004191	-0.003481	0.003287	-0.539682	-0.697396	0.471574	0.827432	-0.542693	0.144364	0.155241	0.468106	0.869929
09474	4.727239	1.453048	8.960927	0.002666	-0.003325	0.004036	-0.539670	-0.697407	0.471572	0.827433	-0.542706	0.144312	0.155281	0.468074	0.869939
09475	4.766341	1.405125	9.000352	0.000635	-0.001590	0.004270	-0.539652	-0.697399	0.471604	0.827434	-0.542714	0.144270	0.155333	0.468077	0.869929
09476	4.739059	1.424856	9.006223	0.000190	-0.002307	0.006779	-0.539620	-0.697429	0.471597	0.827445	-0.542721	0.144183	0.155389	0.468025	0.869947
09477	4.783311	1.434600	8.975173	0.000696	-0.003886	0.007294	-0.539573	-0.697426	0.471654	0.827463	-0.542708	0.144127	0.155453	0.468043	0.869925
09478	4.752357	1.385884	8.992746	-0.007934	0.004632	0.007713	-0.539538	-0.697498	0.471589	0.827471	-0.542740	0.143965	0.155534	0.467900	0.869988
09479	4.767136	1.403153	9.000238	-0.001404	-0.004435	0.006799	-0.539495	-0.697490	0.471649	0.827483	-0.542740	0.143893	0.155619	0.467912	0.869966
09480	4.740029	1.422743	9.006047	-0.000384	-0.003013	0.005534	-0.539467	-0.697512	0.471648	0.827489	-0.542753	0.143808	0.155681	0.467863	0.869981
09481	4.782670	1.398504	8.980679	0.000053	-0.006875	0.005320	-0.539433	-0.697485	0.471728	0.827496	-0.542757	0.143756	0.155766	0.467900	0.869946
09482	4.784944	1.432140	8.974696	-0.001909	-0.002857	0.006283	-0.539402	-0.697511	0.471725	0.827502	-0.542775	0.143653	0.155841	0.467840	0.869965
09483	4.756008	1.417640	8.986327	-0.001909	-0.002857	0.006283	-0.539366	-0.697507	0.471771	0.827510	-0.542781	0.143580	0.155921	0.467838	0.869952
09484	4.769156	1.378993	8.972860	-0.004384	-0.001839	0.009026	-0.539315	-0.697550	0.471765	0.827526	-0.542794	0.143443	0.156012	0.467759	0.869978
09485	4.799970	1.404446	8.928925	-0.001893	0.006303	0.001692	-0.539331	-0.697565	0.471726	0.827510	-0.542832	0.143392	0.156043	0.467693	0.870008
09486	4.770318	1.411868	8.967593	-0.007486	0.005350	0.005204	-0.539319	-0.697625	0.471651	0.827504	-0.542880	0.143246	0.156118	0.467548	0.870072
09487	4.742438	1.409087	8.947235	-0.003425	0.001879	0.004737	-0.539302	-0.697635	0.471654	0.827502	-0.542904	0.143166	0.156185	0.467505	0.870084
09488	4.757051	1.448680	8.981421	0.000398	0.004541	0.008966	-0.539258	-0.697711	0.471594	0.827528	-0.542888	0.143071	0.156200	0.467409	0.870132
09489	4.767720	1.376363	8.974027	-0.000237	0.006133	0.004697	-0.539248	-0.697741	0.471559	0.827531	-0.542898	0.143020	0.156218	0.467353	0.870159
09490	4.725300	1.400299	8.999334	0.003249	0.001957	0.002985	-0.539255	-0.697768	0.471513	0.827525	-0.542918	0.142979	0.156227	0.467291	0.870191
09491	4.767582	1.398521	9.000722	0.005339	-0.002075	0.005776	-0.539224	-0.697766	0.471552	0.827542	-0.542894	0.142971	0.156242	0.467322	0.870172
09492	4.754615	1.392556	8.960904	0.001724	0.002114	0.003734	-0.539219	-0.697801	0.471504	0.827542	-0.542909	0.142913	0.156259	0.467251	0.870207
09493	4.753130	1.424644	9.046436	0.003884	0.000365	0.007254	-0.539180	-0.697818	0.471524	0.827565	-0.542882	0.142885	0.156274	0.467257	0.870201
09494	4.756449	1.426462	8.955127	0.001784	-0.000183	0.006758	-0.539145	-0.697860	0.471502	0.827582	-0.542874	0.142813	0.156303	0.467203	0.870225
09495	4.782450	1.394358	8.981440	0.000635	-0.001592	0.004269	-0.539127	-0.697852	0.471534	0.827584	-0.542883	0.142771	0.156355	0.467205	0.870214
09496	4.780531	1.360425	8.987266	0.004339	0.005662	0.002450	-0.539141	-0.697895	0.471455	0.827579	-0.542897	0.142742	0.156333	0.467125	0.870261
09497	4.781838	1.394607	8.981728	0.002814	0.005819	0.003198	-0.539143	-0.697915	0.471422	0.827579	-0.542903	0.142724	0.156327	0.467087	0.870282
09498	4.783073	1.428778	8.976229	0.003834	0.007240	0.001934	-0.539160	-0.697966	0.471329	0.827573	-0.542919	0.142693	0.156298	0.466993	0.870338
09499	4.765940	1.377097	8.974860	0.005934	0.007788	0.002430	-0.539172	-0.697991	0.471277	0.827573	-0.542916	0.142706	0.156256	0.466959	0.870364
09500	4.753956	1.427626	8.956266	0.009124	0.012040	0.002390	-0.539194	-0.698066	0.471142	0.827578	-0.542906	0.142719	0.156159	0.466860	0.870435
09501	4.679919	1.382268	8.972577	0.006815	0.004642	-0.000292	-0.539223	-0.698062	0.471114	0.827564	-0.542917	0.142752	0.156126	0.466852	0.870445
09502	4.736449	1.420887	9.008223	0.007014	0.006913	0.004190	-0.539226	-0.698118	0.471027	0.827572	-0.542909	0.142739	0.156076	0.466777	0.870494
09503	4.721481	1.403342	9.000864	0.009033	0.000597	0.006254	-0.539195	-0.698131	0.471043	0.827598	-0.542864	0.142761	0.156047	0.466810	0.870481
09504	4.747406	1.371927	9.027129	0.007309	-0.001516	0.002520	-0.539192	-0.698144	0.471028	0.827602	-0.542858	0.142757	0.156036	0.466797	0.870490
09505	4.780492	1.432499	8.977011	0.010419	-0.004127	0.004048	-0.539172	-0.698123	0.471082	0.827618	-0.542823	0.142802	0.156021	0.466871	0.870453
09506	4.793572	1.395112	8.963398	0.007884	-0.000812	0.003764	-0.539164	-0.698142	0.471063	0.827626	-0.542811	0.142799	0.156004	0.466856	0.870464
09507	4.779029	1.399833	8.982410	0.010430	0.000451	0.001751	-0.539170	-0.698130	0.471074	0.827630	-0.542791	0.142854	0.155964	0.466897	0.870449
09508	4.791869	1.384625	8.995535	0.007826	0.001483	0.000739	-0.539189	-0.698145	0.471030	0.827623	-0.542798	0.142864	0.155935	0.466866	0.870471
09509	4.763989	1.405176	9.001588	0.005361	0.007081	0.001183	-0.539210	-0.698161	0.470983	0.827616	-0.542806	0.142877	0.155901	0.466834	0.870495
09510	4.750433	1.399433	8.962051	0.006571	0.006195	0.006697	-0.539187	-0.698230	0.470907	0.827639	-0.542778	0.142849	0.155857	0.466763	0.870541
09511	4.750074	1.421852	8.988800	0.005867	0.005502	0.001699	-0.539201	-0.698241	0.470874	0.827635	-0.542780	0.142864	0.155827	0.466745	0.870556
09512	4.764037	1.418406	8.969900	0.008483	0.009048	0.000413	-0.539232	-0.698290	0.470765	0.827629	-0.542784	0.142882	0.155751	0.466665	0.870612
09513	4.732374	1.393438	9.014187	0.012544	0.005574	-0.000051	-0.539261	-0.698292	0.470729	0.827626	-0.542767	0.142964	0.155665	0.466682	0.870618
09514	4.775863	1.404602	8.983350	0.014574	0.003837	-0.000282	-0.539291	-0.698313	0.470663	0.827626	-0.542748	0.143038	0.155567	0.466672	0.870641
09515	4.746161	1.392113	8.995056	0.018776	0.004929	0.000709	-0.539313	-0.698316	0.470634	0.827637	-0.542697	0.143170	0.155434	0.466728	0.870635
09516	4.775064	1.407832	8.983268	0.019727	0.004065	-0.001284	-0.539355	-0.698329	0.470566	0.827635	-0.542666	0.143295	0.155294	0.466744	0.870651
09517	4.745459	1.417692	9.021476	0.015973	0.003686	-0.004785	-0.539420	-0.698296	0.470540	0.827612	-0.542666	0.143429	0.155190	0.466793	0.870644
09518	4.745088	1.397202	8.994833	0.016032	0.001392	-0.001758	-0.539460	-0.698296	0.470495	0.827604	-0.542653	0.143523	0.155094	0.466808	0.870653
09519	4.757935	1.404870	9.034443	0.016033	0.001391	-0.001758	-0.539497	-0.698269	0.470493	0.827597	-0.542632	0.143643	0.155003	0.466874	0.870634
09520	4.761191	1.429912	8.969584	0.011455	0.001867	0.000486	-0.539519	-0.698283	0.470446	0.827594	-0.542625	0.143687	0.154942	0.466860	0.870652
09521	4.760953	1.430734	8.969580	0.007899	0.003763	0.001465	-0.539533	-0.698285	0.470428	0.827592	-0.542619	0.143721	0.154905	0.466865	0.870656
09522	4.734817	1.441261	8.916582	0.009930	0.002026	0.001234	-0.539548	-0.698304	0.470383	0.827592	-0.542612	0.143748	0.154856	0.466844	0.870676
09523	4.775060	1.428132	8.950481	0.008475	0.004468	0.002708	-0.539552	-0.698316	0.470360	0.827597	-0.542595	0.143782	0.154810	0.466847	0.870682
09524	4.760088	1.432832	8.969704	0.008475	0.004468	0.002708	-0.539559	-0.698353	0.470296	0.827602	-0.542585	0.143790	0.154760	0.466801	0.870716
09525	4.772496	1.417416	8.983126	0.005365	0.007078	0.001177	-0.539580	-0.698369	0.470249	0.827595	-0.542593	0.143804	0.154726	0.466769	0.870739
09526	4.757232	1.444007	9.029102	0.006011	0.010066	0.003146	-0.539590	-0.698437	0.470136	0.827600	-0.542589	0.143788	0.154664	0.466671	0.870803
09527	4.714035	1.402257	8.974900	0.008617	0.009034	0.004160	-0.539589	-0.698478	0.470076	0.827614	-0.542561	0.143816	0.154593	0.466643	0.870830
09528	4.713443	1.425217	9.001639	0.011471	0.006439	-0.001815	-0.539635	-0.698502	0.469988	0.827600	-0.542568	0.143871	0.154506	0.466600	0.870869
09529	4.755113	1.402168	8.976720	0.010954	0.003442	-0.000031	-0.539661	-0.698494	0.469971	0.827594	-0.542558	0.143939	0.154446	0.466623	0.870867
09530	4.741886	1.419002	8.963500	0.010003	0.004307	0.001961	-0.539667	-0.698532	0.469908	0.827603	-0.542539	0.143963	0.154380	0.466589	0.870897
09531	4.740073	1.408077	8.995781	0.011892	-0.001998	0.000281	-0.539682	-0.698500	0.469938	0.827601	-0.542522	0.144038	0.154341	0.466656	0.870868
09532	4.727523	1.447206	9.008722	0.012397	-0.003577	0.000800	-0.539688	-0.698492	0.469943	0.827604	-0.542503	0.144090	0.154300	0.466690	0.870857
09533	4.769905	1.423988	8.983463	0.008840	-0.001679	0.001776	-0.539691	-0.698470	0.469973	0.827605	-0.542491	0.144131	0.154285	0.466738	0.870834
09534	4.771732	1.436530	8.950912	0.008336	-0.000101	0.001258	-0.539701	-0.698478	0.469948	0.827603	-0.542491	0.144145	0.154260	0.466725	0.870845
09535	4.755289	1.407501	8.975793	0.012539	0.000989	0.002249	-0.539704	-0.698471	0.469955	0.827612	-0.542458	0.144216	0.154200	0.466774	0.870830
09536	4.782624	1.410515	8.996432	0.008925	0.005178	0.000196	-0.539735	-0.698496	0.469883	0.827602	-0.542466	0.144241	0.154144	0.466728	0.870865
09537	4.770951	1.438978	8.950934	0.008549	0.006749	0.003431	-0.539737	-0.698522	0.469841	0.827612	-0.542443	0.144271	0.154085	0.466715	0.870882
09538	4.753934	1.409706	8.976165	0.006895	0.006915	0.000425	-0.539767	-0.698558	0.469754	0.827602	-0.542457	0.144277	0.154035	0.466645	0.870928
09539	4.751567	1.420518	9.035347	0.005439	0.009359	0.001897	-0.539786	-0.698588	0.469687	0.827598	-0.542459	0.144288	0.153988	0.466597	0.870962
09540	4.680995	1.420802	9.013501	0.004289	0.007947	-0.000590	-0.539826	-0.698622	0.469590	0.827578	-0.542493	0.144276	0.153955	0.466506	0.871016
09541	4.682305	1.432997	8.981273	0.004779	0.001796	0.002235	-0.539831	-0.698619	0.469590	0.827575	-0.542496	0.144280	0.153954	0.466508	0.871016
09542	4.693714	1.427329	9.053346	-0.001415	-0.004419	0.006807	-0.539794	-0.698632	0.469612	0.827584	-0.542509	0.144184	0.154037	0.466473	0.871020
09543	4.679711	1.408956	9.045661	0.002200	-0.008608	0.008860	-0.539727	-0.698616	0.469712	0.827613	-0.542478	0.144134	0.154114	0.466533	0.870974
09544	4.739525	1.436297	9.021653	-0.005775	-0.014650	0.006673	-0.539673	-0.698585	0.469822	0.827617	-0.542507	0.144001	0.154285	0.466545	0.870937
09545	4.783008	1.433351	9.022660	-0.006079	-0.010795	0.010631	-0.539588	-0.698569	0.469943	0.827643	-0.542503	0.143870	0.154442	0.466576	0.870893
09546	4.784157	1.410171	8.995671	-0.006725	-0.013785	0.008664	-0.539517	-0.698551	0.470050	0.827656	-0.542522	0.143719	0.154617	0.466579	0.870860
09547	4.799960	1.405107	8.976064	-0.005631	-0.010085	0.008121	-0.539455	-0.698524	0.470162	0.827669	-0.542533	0.143604	0.154767	0.466607	0.870819
09548	4.830042	1.418359	8.964011	-0.001412	-0.004421	0.006806	-0.539417	-0.698538	0.470184	0.827678	-0.542545	0.143509	0.154849	0.466572	0.870823
09549	4.899842	1.418342	8.986181	0.004923	0.006362	0.003682	-0.539417	-0.698564	0.470147	0.827683	-0.542537	0.143507	0.154823	0.466542	0.870843
09550	4.816242	1.435264	8.951082	0.023282	0.015131	0.004591	-0.539420	-0.698663	0.469996	0.827725	-0.542439	0.143636	0.154591	0.466508	0.870903
09551	4.740942	1.347329	8.914814	0.030125	0.024331	0.001984	-0.539461	-0.698764	0.469799	0.827760	-0.542326	0.143862	0.154259	0.466489	0.870972
09552	4.715137	1.504189	8.989086	0.025492	0.027101	0.001196	-0.539512	-0.698900	0.469539	0.827785	-0.542244	0.144027	0.153944	0.466381	0.871085
09553	4.709310	1.416125	8.975203	0.021202	0.019153	0.001788	-0.539546	-0.698975	0.469387	0.827805	-0.542173	0.144175	0.153714	0.466350	0.871143
09554	4.678698	1.425909	9.013887	0.015958	0.012075	0.004371	-0.539548	-0.699057	0.469262	0.827833	-0.542114	0.144242	0.153560	0.466296	0.871199
09555	4.582624	1.458536	8.965216	0.007962	0.001465	0.004493	-0.539533	-0.699064	0.469268	0.827847	-0.542086	0.144263	0.153535	0.466317	0.871192
09556	4.607451	1.437268	9.050263	0.003058	-0.016328	0.008460	-0.539457	-0.699037	0.469396	0.827877	-0.542057	0.144198	0.153639	0.466391	0.871134
09557	4.700990	1.524388	8.975743	-0.000084	-0.022862	0.011540	-0.539347	-0.698969	0.469624	0.827917	-0.542018	0.144116	0.153812	0.466539	0.871024
09558	4.780937	1.405494	9.027742	-0.011076	-0.035439	0.016189	-0.539182	-0.698891	0.469930	0.827963	-0.542007	0.143893	0.154140	0.466669	0.870896
09559	4.787458	1.427768	8.961523	-0.001622	-0.027278	0.014592	-0.539039	-0.698819	0.470201	0.828017	-0.541954	0.143782	0.154349	0.466839	0.870768
09560	4.799439	1.365071	9.011866	-0.005825	-0.028368	0.013602	-0.538908	-0.698757	0.470443	0.828057	-0.541937	0.143617	0.154597	0.466950	0.870665
09561	4.805449	1.409864	8.972381	-0.002682	-0.021836	0.010521	-0.538807	-0.698688	0.470660	0.828087	-0.541918	0.143517	0.154785	0.467076	0.870564
09562	4.794431	1.424935	8.958245	-0.005142	-0.016233	0.010953	-0.538721	-0.698667	0.470792	0.828110	-0.541921	0.143371	0.154963	0.467104	0.870517
09563	4.837979	1.421940	8.959162	-0.006207	-0.010786	0.006884	-0.538667	-0.698630	0.470908	0.828115	-0.541943	0.143257	0.155122	0.467134	0.870473
09564	4.785242	1.428478	8.885281	-0.009617	-0.004314	0.009309	-0.538609	-0.698657	0.470934	0.828125	-0.541975	0.143079	0.155271	0.467056	0.870488
09565	4.755164	1.445583	8.982322	-0.015422	-0.007523	0.008346	-0.538548	-0.698643	0.471024	0.828124	-0.542030	0.142878	0.155488	0.467013	0.870473
09566	4.787242	1.491652	8.964434	-0.014917	-0.009104	0.008865	-0.538487	-0.698644	0.471093	0.828122	-0.542091	0.142657	0.155709	0.466941	0.870472
09567	4.742081	1.424016	8.974664	-0.015924	-0.005946	0.007827	-0.538433	-0.698635	0.471168	0.828118	-0.542152	0.142454	0.155921	0.466884	0.870464
09568	4.797583	1.382456	8.962814	-0.006563	-0.004642	0.007811	-0.538385	-0.698653	0.471196	0.828125	-0.542178	0.142310	0.156047	0.466827	0.870473
09569	4.810807	1.365428	8.976049	-0.008518	-0.000617	0.008765	-0.538332	-0.698674	0.471226	0.828136	-0.542198	0.142167	0.156169	0.466773	0.870479
09570	4.794450	1.356783	9.027764	-0.004875	0.004341	0.006205	-0.538306	-0.698730	0.471172	0.828142	-0.542221	0.142045	0.156229	0.466661	0.870528
09571	4.824969	1.381708	8.983981	-0.006385	0.009079	0.004649	-0.538302	-0.698773	0.471112	0.828135	-0.542260	0.141940	0.156282	0.466551	0.870578
09572	4.829294	1.438576	8.913942	-0.005792	0.014359	0.003587	-0.538318	-0.698858	0.470968	0.828121	-0.542311	0.141822	0.156298	0.466364	0.870675
09573	4.855501	1.484740	8.988512	0.006413	0.026053	0.004453	-0.538342	-0.698980	0.470760	0.828133	-0.542291	0.141830	0.156153	0.466205	0.870786
09574	4.894676	1.439427	8.938323	0.022176	0.035841	0.004342	-0.538380	-0.699172	0.470431	0.828171	-0.542202	0.141952	0.155819	0.466022	0.870944
09575	4.848503	1.421387	8.912089	0.026571	0.050637	0.002167	-0.538461	-0.699396	0.470005	0.828202	-0.542104	0.142146	0.155375	0.465800	0.871143
09576	4.797979	1.424410	9.004118	0.028850	0.060310	0.001800	-0.538565	-0.699681	0.469461	0.828231	-0.542008	0.142340	0.154859	0.465481	0.871405
09577	4.726402	1.472525	8.946105	0.025306	0.062201	0.002772	-0.538658	-0.699962	0.468935	0.828263	-0.541912	0.142520	0.154363	0.465171	0.871658
09578	4.526762	1.327791	9.049650	0.025573	0.049192	0.003429	-0.538728	-0.700208	0.468488	0.828298	-0.541817	0.142677	0.153931	0.464912	0.871873
09579	4.686713	1.473351	9.020507	0.025182	0.033201	0.002124	-0.538781	-0.700350	0.468214	0.828326	-0.541726	0.142859	0.153592	0.464804	0.871990
09580	4.725864	1.406718	8.943886	0.022558	0.029663	0.003414	-0.538825	-0.700501	0.467938	0.828353	-0.541650	0.142991	0.153293	0.464665	0.872117
09581	4.702926	1.333166	9.008362	0.021860	0.028960	-0.001583	-0.538902	-0.700603	0.467696	0.828356	-0.541601	0.143161	0.153005	0.464568	0.872219
09582	4.818223	1.413580	8.988812	0.038193	0.021880	-0.004966	-0.538996	-0.700678	0.467475	0.828367	-0.541502	0.143468	0.152614	0.464569	0.872287
09583	4.817246	1.408043	8.930670	0.067707	0.038581	-0.002630	-0.539097	-0.700820	0.467147	0.828434	-0.541247	0.144043	0.151894	0.464654	0.872368
09584	4.722054	1.328065	9.004799	0.083234	0.030783	-0.014758	-0.539288	-0.700880	0.466836	0.828457	-0.541012	0.144789	0.151084	0.464837	0.872411
09585	4.735949	1.388012	9.006366	0.075137	0.024742	-0.020702	-0.539517	-0.700859	0.466602	0.828437	-0.540849	0.145514	0.150377	0.465058	0.872415
09586	4.667731	1.485154	8.998322	0.060541	0.020943	-0.020433	-0.539738	-0.700845	0.466368	0.828396	-0.540757	0.146088	0.149807	0.465187	0.872444
09587	4.662033	1.422869	9.010537	0.044455	0.015034	-0.016383	-0.539916	-0.700803	0.466225	0.828353	-0.540706	0.146524	0.149406	0.465310	0.872447
09588	4.735860	1.528966	9.014886	0.033176	0.015483	-0.012414	-0.540066	-0.700804	0.466051	0.828311	-0.540688	0.146822	0.149094	0.465329	0.872491
09589	4.719721	1.491682	8.981434	0.022199	0.012073	-0.012389	-0.540207	-0.700769	0.465939	0.828256	-0.540713	0.147046	0.148894	0.465352	0.872512
09590	4.787606	1.516825	9.030782	0.027358	0.025271	-0.006572	-0.540319	-0.700850	0.465687	0.828240	-0.540677	0.147266	0.148575	0.465272	0.872610
09591	4.785011	1.452881	8.952637	0.031026	0.030203	-0.009141	-0.540460	-0.700917	0.465423	0.828214	-0.540638	0.147552	0.148204	0.465216	0.872703
09592	4.640599	1.488921	8.993814	0.033165	0.035298	-0.010967	-0.540627	-0.701017	0.465077	0.828180	-0.540611	0.147843	0.147785	0.465096	0.872838
09593	4.606479	1.466910	9.038849	0.033039	0.023890	-0.007038	-0.540741	-0.701067	0.464871	0.828169	-0.540548	0.148137	0.147431	0.465095	0.872898
09594	4.635721	1.472945	8.968970	0.025695	0.020856	-0.007262	-0.540855	-0.701120	0.464657	0.828144	-0.540529	0.148346	0.147152	0.465037	0.872976
09595	4.604749	1.528726	9.059928	0.025564	0.009455	-0.003328	-0.540917	-0.701122	0.464582	0.828141	-0.540474	0.148557	0.146938	0.465097	0.872980
09596	4.846138	1.502670	8.972070	0.046435	0.012566	-0.002816	-0.540981	-0.701163	0.464446	0.828171	-0.540327	0.148927	0.146531	0.465208	0.872989
09597	4.800606	1.453348	8.950137	0.057843	0.018933	-0.008393	-0.541099	-0.701181	0.464281	0.828189	-0.540157	0.149443	0.145998	0.465376	0.872989
09598	4.655576	1.457491	8.996258	0.051533	0.017303	-0.009889	-0.541232	-0.701203	0.464094	0.828185	-0.540039	0.149890	0.145525	0.465481	0.873012
09599	4.668859	1.435396	8.951039	0.042198	0.013740	-0.006857	-0.541329	-0.701206	0.463976	0.828187	-0.539932	0.150263	0.145150	0.465601	0.873011
09600	4.669631	1.495080	8.971076	0.025390	0.007144	-0.007799	-0.541429	-0.701191	0.463881	0.828157	-0.539920	0.150473	0.144949	0.465637	0.873025
09601	4.668943	1.496874	8.971135	0.007768	0.005994	-0.005334	-0.541503	-0.701166	0.463833	0.828118	-0.539963	0.150537	0.144901	0.465625	0.873039
09602	4.668488	1.519838	8.997503	0.001032	0.001406	-0.001272	-0.541533	-0.701166	0.463799	0.828093	-0.540010	0.150503	0.144928	0.465571	0.873063
09603	4.653614	1.501531	8.990359	-0.006174	0.002945	-0.000071	-0.541558	-0.701155	0.463785	0.828062	-0.540080	0.150422	0.145012	0.465505	0.873085
09604	4.682900	1.514455	8.978878	-0.011303	0.000471	0.003959	-0.541549	-0.701175	0.463766	0.828044	-0.540154	0.150257	0.145149	0.465390	0.873123
09605	4.668383	1.494826	8.971767	-0.018655	-0.002556	0.003737	-0.541535	-0.701159	0.463806	0.828015	-0.540256	0.150049	0.145366	0.465295	0.873137
09606	4.639260	1.501589	9.009846	-0.018153	-0.004131	0.004266	-0.541516	-0.701158	0.463830	0.827989	-0.540359	0.149823	0.145585	0.465177	0.873164
09607	4.540905	1.485109	8.998938	-0.029100	-0.009803	0.007329	-0.541461	-0.701128	0.463938	0.827964	-0.540484	0.149507	0.145928	0.465077	0.873160
09608	4.593819	1.462758	9.105201	-0.044274	-0.027943	0.017094	-0.541299	-0.701088	0.464188	0.827971	-0.540616	0.148993	0.146491	0.464984	0.873116
09609	4.694555	1.623853	8.985933	-0.049967	-0.031138	0.019879	-0.541109	-0.701027	0.464502	0.827983	-0.540750	0.148436	0.147122	0.464920	0.873043
09610	4.732216	1.503169	9.038068	-0.047276	-0.029900	0.021616	-0.540911	-0.700999	0.464775	0.828006	-0.540868	0.147876	0.147721	0.464824	0.872993
09611	4.920234	1.475786	8.966729	-0.022661	-0.019582	0.020267	-0.540734	-0.700994	0.464988	0.828060	-0.540873	0.147556	0.148064	0.464827	0.872934
09612	4.859048	1.378276	9.001983	-0.004914	-0.007028	0.013860	-0.540627	-0.701035	0.465051	0.828108	-0.540842	0.147400	0.148186	0.464801	0.872927
09613	4.776908	1.415817	8.992176	0.005482	0.002500	0.007231	-0.540591	-0.701062	0.465052	0.828133	-0.540807	0.147387	0.148176	0.464801	0.872928
09614	4.749269	1.436348	8.997725	0.010651	0.002705	0.006241	-0.540564	-0.701105	0.465019	0.828161	-0.540760	0.147403	0.148119	0.464791	0.872943
09615	4.719643	1.422956	9.009472	0.004982	0.004075	0.006704	-0.540535	-0.701136	0.465006	0.828183	-0.540731	0.147387	0.148104	0.464778	0.872953
09616	4.662737	1.407116	9.000370	0.003107	-0.002611	0.001552	-0.540541	-0.701126	0.465013	0.828173	-0.540754	0.147360	0.148139	0.464765	0.872954
09617	4.624769	1.521696	9.038685	-0.001061	-0.005967	0.003596	-0.540523	-0.701094	0.465082	0.828168	-0.540775	0.147306	0.148229	0.464789	0.872926
09618	4.669663	1.508344	8.981357	-0.005228	-0.009322	0.005640	-0.540485	-0.701077	0.465153	0.828168	-0.540808	0.147187	0.148369	0.464777	0.872908
09619	4.670660	1.507621	8.980960	-0.004728	-0.010898	0.006167	-0.540438	-0.701036	0.465269	0.828173	-0.540828	0.147090	0.148515	0.464816	0.872863
09620	4.684533	1.468365	8.967719	-0.011426	-0.010935	0.007901	-0.540380	-0.701022	0.465358	0.828174	-0.540875	0.146906	0.148716	0.464782	0.872846
09621	4.658389	1.509403	8.999128	-0.012030	-0.016203	0.008984	-0.540302	-0.700971	0.465525	0.828183	-0.540909	0.146731	0.148952	0.464819	0.872787
09622	4.742465	1.447400	8.981875	-0.014136	-0.016743	0.008486	-0.540233	-0.700933	0.465663	0.828182	-0.540967	0.146521	0.149207	0.464810	0.872748
09623	4.786088	1.443273	8.983190	-0.020105	-0.011510	0.012892	-0.540129	-0.700925	0.465795	0.828200	-0.541012	0.146258	0.149484	0.464770	0.872722
09624	4.700868	1.455664	9.038362	-0.024863	-0.008736	0.008333	-0.540070	-0.700923	0.465866	0.828184	-0.541118	0.145956	0.149784	0.464649	0.872735
09625	4.743901	1.406277	8.987382	-0.024285	-0.008031	0.009574	-0.539999	-0.700914	0.465962	0.828177	-0.541204	0.145671	0.150078	0.464562	0.872731
09626	4.790618	1.469708	8.976885	-0.017436	-0.003430	0.009269	-0.539937	-0.700945	0.465987	0.828180	-0.541266	0.145429	0.150285	0.464443	0.872758
09627	4.728196	1.372615	9.012665	-0.011740	-0.000240	0.006481	-0.539903	-0.700955	0.466011	0.828175	-0.541316	0.145268	0.150432	0.464370	0.872772
09628	4.717468	1.421315	8.993224	-0.007149	-0.000741	0.004248	-0.539886	-0.700972	0.466005	0.828167	-0.541363	0.145139	0.150540	0.464289	0.872797
09629	4.761675	1.474680	9.015290	-0.005543	0.001374	0.004219	-0.539873	-0.700978	0.466012	0.828160	-0.541400	0.145043	0.150627	0.464237	0.872809
09630	4.719404	1.453863	8.987335	-0.004590	0.000501	0.002233	-0.539879	-0.700986	0.465993	0.828141	-0.541455	0.144946	0.150709	0.464161	0.872835
09631	4.708555	1.503326	8.967856	-0.001530	0.000167	0.000744	-0.539893	-0.700967	0.466005	0.828120	-0.541498	0.144901	0.150770	0.464140	0.872836
09632	4.662907	1.504387	9.057249	0.002123	-0.006304	0.005855	-0.539854	-0.700967	0.466050	0.828135	-0.541491	0.144845	0.150830	0.464148	0.872821
09633	4.792132	1.464900	8.976863	0.001594	-0.009290	0.007650	-0.539797	-0.700942	0.466155	0.828157	-0.541471	0.144796	0.150916	0.464210	0.872774
09634	4.807400	1.483094	8.983869	0.007895	-0.000831	0.003783	-0.539788	-0.700951	0.466150	0.828165	-0.541457	0.144800	0.150902	0.464210	0.872776
09635	4.717189	1.430938	9.051373	0.012637	0.003232	0.002982	-0.539789	-0.700959	0.466138	0.828178	-0.541419	0.144869	0.150829	0.464244	0.872770
09636	4.825295	1.526648	8.926224	0.025305	0.011026	0.003642	-0.539796	-0.701025	0.466030	0.828214	-0.541321	0.145027	0.150605	0.464257	0.872802
09637	4.742941	1.370048	8.993350	0.029973	0.012803	0.002124	-0.539818	-0.701072	0.465934	0.828249	-0.541208	0.145251	0.150336	0.464318	0.872816
09638	4.701279	1.430798	9.012208	0.023263	0.019606	-0.001501	-0.539882	-0.701149	0.465744	0.828253	-0.541158	0.145414	0.150084	0.464260	0.872890
09639	4.716543	1.440052	8.961112	0.019444	0.010108	-0.000361	-0.539920	-0.701170	0.465668	0.828258	-0.541112	0.145558	0.149917	0.464283	0.872907
09640	4.671529	1.432184	8.992051	0.015808	0.009736	-0.000115	-0.539964	-0.701205	0.465565	0.828254	-0.541093	0.145651	0.149783	0.464252	0.872946
09641	4.670963	1.455655	9.018499	0.009458	0.003561	0.000718	-0.539983	-0.701201	0.465548	0.828250	-0.541085	0.145703	0.149734	0.464267	0.872947
09642	4.742348	1.445860	8.982185	0.010912	0.001110	-0.000741	-0.540008	-0.701200	0.465521	0.828244	-0.541080	0.145755	0.149681	0.464274	0.872952
09643	4.701800	1.482878	8.974270	0.011065	0.005674	0.000688	-0.540031	-0.701206	0.465485	0.828242	-0.541065	0.145821	0.149607	0.464282	0.872960
09644	4.699564	1.472221	9.006759	0.009382	0.001277	0.000003	-0.540052	-0.701208	0.465458	0.828235	-0.541067	0.145857	0.149568	0.464279	0.872969
09645	4.745388	1.471862	8.917194	0.012520	0.003223	-0.000771	-0.540084	-0.701195	0.465441	0.828227	-0.541055	0.145942	0.149496	0.464312	0.872964
09646	4.726750	1.454252	9.001009	0.014020	-0.001506	0.000811	-0.540099	-0.701183	0.465440	0.828228	-0.541034	0.146015	0.149436	0.464353	0.872952
09647	4.796150	1.455588	9.023486	0.014781	0.008325	0.001153	-0.540122	-0.701205	0.465382	0.828234	-0.540998	0.146111	0.149317	0.464363	0.872967
09648	4.742341	1.486714	8.975915	0.019830	0.008518	-0.003591	-0.540189	-0.701217	0.465286	0.828221	-0.540981	0.146255	0.149154	0.464364	0.872994
09649	4.710154	1.485763	9.046531	0.020407	0.009223	-0.002350	-0.540242	-0.701223	0.465214	0.828216	-0.540944	0.146416	0.148984	0.464398	0.873005
09650	4.795404	1.473134	8.991452	0.032554	0.014023	0.000103	-0.540281	-0.701285	0.465076	0.828245	-0.540835	0.146654	0.148683	0.464432	0.873039
09651	4.753466	1.490137	8.957524	0.040976	0.023002	-0.003278	-0.540362	-0.701350	0.464883	0.828266	-0.540709	0.146999	0.148268	0.464480	0.873084
09652	4.632252	1.427276	9.037100	0.036623	0.010525	-0.000328	-0.540402	-0.701391	0.464775	0.828297	-0.540588	0.147275	0.147954	0.464560	0.873094
09653	4.734188	1.467333	8.983007	0.033520	0.013135	-0.001883	-0.540457	-0.701418	0.464670	0.828314	-0.540486	0.147549	0.147655	0.464637	0.873104
09654	4.705459	1.490089	8.988714	0.022679	0.014314	-0.000434	-0.540502	-0.701476	0.464530	0.828324	-0.540429	0.147703	0.147435	0.464615	0.873153
09655	4.702453	1.458196	8.995184	0.022071	0.009049	0.000656	-0.540530	-0.701498	0.464464	0.828338	-0.540363	0.147865	0.147252	0.464659	0.873160
09656	4.775189	1.505656	8.979148	0.020997	0.009915	-0.001114	-0.540575	-0.701533	0.464361	0.828341	-0.540319	0.148009	0.147070	0.464659	0.873191
09657	4.715230	1.457529	8.976623	0.015284	0.013565	-0.003697	-0.540646	-0.701552	0.464249	0.828322	-0.540315	0.148131	0.146919	0.464634	0.873230
09658	4.668028	1.415680	9.013923	0.014294	0.009888	0.000618	-0.540681	-0.701591	0.464149	0.828321	-0.540295	0.148209	0.146796	0.464598	0.873270
09659	4.654397	1.410051	8.974455	0.007470	0.009852	-0.001404	-0.540727	-0.701605	0.464074	0.828302	-0.540311	0.148253	0.146729	0.464557	0.873302
09660	4.597181	1.461886	9.044131	0.001379	-0.004736	-0.002163	-0.540760	-0.701564	0.464097	0.828270	-0.540367	0.148229	0.146791	0.464554	0.873294
09661	4.742900	1.496802	8.991560	0.001879	-0.006312	-0.001633	-0.540784	-0.701502	0.464162	0.828242	-0.540411	0.148226	0.146858	0.464597	0.873260
09662	4.715845	1.517124	8.996748	0.003226	-0.002601	0.005310	-0.540761	-0.701510	0.464178	0.828251	-0.540409	0.148184	0.146893	0.464588	0.873258
09663	4.816895	1.542875	8.975080	0.007816	0.003711	-0.002295	-0.540806	-0.701491	0.464154	0.828228	-0.540430	0.148236	0.146857	0.464592	0.873262
09664	4.771977	1.512441	8.979715	0.019427	0.012352	-0.003415	-0.540874	-0.701523	0.464027	0.828216	-0.540410	0.148376	0.146675	0.464567	0.873306
09665	4.710010	1.475757	9.035884	0.025102	0.010970	-0.003874	-0.540943	-0.701529	0.463937	0.828210	-0.540362	0.148586	0.146457	0.464614	0.873318
