// General information: 
//  MT Manager version: 2022.2.0 
//  XDA version: 2022.2.0 build 7381 rev 124627 built on 2023-07-19
// Device information: 
//  DeviceId: 00B4CBA7
//  ProductCode: MTW2-3A7G6
//  Firmware Version: 4.6.0
//  Hardware Version: 2.0.0
// Device settings: 
//  Filter Profile: human(46.1)
//  Option Flags: Orientation Smoother Disabled, Position/Velocity Smoother Disabled, Continuous Zero Rotation Update Disabled, AHS Disabled, ICC Disabled
// Coordinate system: ENU
PacketCounter	Acc_X	Acc_Y	Acc_Z	Gyr_X	Gyr_Y	Gyr_Z	Mat[1][1]	Mat[2][1]	Mat[3][1]	Mat[1][2]	Mat[2][2]	Mat[3][2]	Mat[1][3]	Mat[2][3]	Mat[3][3]
12755	9.616290	-0.014466	-1.746016	-0.015447	-0.114155	0.034192	-0.091382	-0.171146	0.980999	-0.892181	0.451657	-0.004313	-0.442337	-0.875623	-0.193966
12756	9.686506	-0.006888	-1.980402	-0.030150	-0.104074	0.026990	-0.092052	-0.171948	0.980796	-0.892029	0.451955	-0.004486	-0.442504	-0.875312	-0.194986
12757	9.582157	-0.201033	-2.103949	-0.061722	-0.104630	0.035664	-0.092790	-0.172717	0.980591	-0.891726	0.452552	-0.004671	-0.442962	-0.874852	-0.196008
12758	9.575901	-0.324130	-2.309708	-0.065312	-0.101166	0.030536	-0.093481	-0.173475	0.980392	-0.891419	0.453154	-0.004814	-0.443434	-0.874390	-0.197001
12759	9.571630	-0.358043	-2.393030	-0.050393	-0.090125	0.019295	-0.094010	-0.174190	0.980214	-0.891180	0.453623	-0.004859	-0.443802	-0.874004	-0.197880
12760	9.581114	-0.333758	-2.380722	-0.042801	-0.084444	0.018034	-0.094522	-0.174854	0.980047	-0.890980	0.454015	-0.004929	-0.444094	-0.873668	-0.198706
12761	9.540363	-0.266709	-2.304500	-0.019594	-0.074267	0.007871	-0.094879	-0.175482	0.979900	-0.890889	0.454195	-0.004923	-0.444202	-0.873449	-0.199428
12762	9.599741	-0.298271	-2.251033	-0.014232	-0.069375	0.008037	-0.095222	-0.176070	0.979761	-0.890822	0.454326	-0.004933	-0.444263	-0.873262	-0.200109
12763	9.628878	-0.192136	-2.144081	0.028404	-0.057070	-0.004907	-0.095389	-0.176605	0.979649	-0.890956	0.454064	-0.004897	-0.443959	-0.873290	-0.200660
12764	9.614693	-0.139585	-2.148275	0.044147	-0.053203	-0.001750	-0.095581	-0.177091	0.979542	-0.891168	0.453646	-0.004943	-0.443490	-0.873409	-0.201178
12765	9.560115	-0.144254	-2.061129	0.064399	-0.047760	-0.001478	-0.095737	-0.177530	0.979448	-0.891458	0.453076	-0.005014	-0.442874	-0.873616	-0.201636
12766	9.562274	-0.099378	-2.094416	0.095584	-0.049107	-0.003543	-0.095893	-0.177989	0.979349	-0.891898	0.452208	-0.005145	-0.441953	-0.873972	-0.202112
12767	9.486825	0.024747	-2.007645	0.117771	-0.044763	0.001982	-0.096066	-0.178386	0.979260	-0.892419	0.451177	-0.005358	-0.440863	-0.874424	-0.202538
12768	9.460475	0.183162	-1.962510	0.115623	-0.046160	0.015509	-0.096377	-0.178735	0.979166	-0.892929	0.450162	-0.005717	-0.439761	-0.874876	-0.202983
12769	9.497259	0.287528	-1.831593	0.091044	-0.052922	0.024706	-0.096787	-0.179101	0.979058	-0.893308	0.449404	-0.006100	-0.438901	-0.875190	-0.203489
12770	9.560749	0.298458	-1.805736	0.081848	-0.056998	0.033848	-0.097309	-0.179464	0.978940	-0.893646	0.448724	-0.006568	-0.438095	-0.875465	-0.204042
12771	9.597565	0.212302	-1.792233	0.053167	-0.055356	0.048752	-0.097943	-0.179745	0.978825	-0.893834	0.448341	-0.007109	-0.437569	-0.875604	-0.204574
12772	9.546863	0.115485	-1.804124	0.043557	-0.070226	0.060627	-0.098761	-0.180103	0.978677	-0.893976	0.448048	-0.007761	-0.437097	-0.875680	-0.205258
12773	9.606632	0.034796	-1.901078	0.030510	-0.072786	0.069157	-0.099654	-0.180445	0.978524	-0.894044	0.447900	-0.008456	-0.436755	-0.875686	-0.205961
12774	9.603442	-0.083864	-2.003218	0.015185	-0.075362	0.071430	-0.100590	-0.180800	0.978362	-0.894043	0.447888	-0.009151	-0.436542	-0.875618	-0.206696
12775	9.595465	-0.183201	-1.952656	0.000868	-0.082433	0.073767	-0.101566	-0.181205	0.978187	-0.893975	0.448008	-0.009830	-0.436455	-0.875473	-0.207496
12776	9.694999	-0.298955	-2.060926	0.000058	-0.084827	0.067409	-0.102504	-0.181663	0.978004	-0.893921	0.448103	-0.010457	-0.436347	-0.875330	-0.208325
12777	9.642516	-0.304841	-2.155878	0.003348	-0.078945	0.060102	-0.103343	-0.182099	0.977834	-0.893877	0.448178	-0.011007	-0.436239	-0.875201	-0.209090
12778	9.635698	-0.321393	-2.263256	-0.000191	-0.075484	0.054969	-0.104139	-0.182523	0.977671	-0.893820	0.448279	-0.011517	-0.436167	-0.875061	-0.209826
12779	9.609842	-0.363860	-2.413892	-0.004340	-0.066323	0.052963	-0.104858	-0.182880	0.977527	-0.893749	0.448408	-0.011981	-0.436140	-0.874920	-0.210468
12780	9.582105	-0.383666	-2.589748	0.018932	-0.056172	0.044798	-0.105476	-0.183182	0.977404	-0.893792	0.448310	-0.012432	-0.435903	-0.874907	-0.211013
12781	9.486850	-0.265238	-2.573511	0.029428	-0.047529	0.044012	-0.106034	-0.183415	0.977300	-0.893877	0.448128	-0.012880	-0.435593	-0.874952	-0.211467
12782	9.483812	-0.260452	-2.501029	0.045646	-0.040822	0.039193	-0.106528	-0.183615	0.977209	-0.894036	0.447797	-0.013321	-0.435145	-0.875079	-0.211861
12783	9.503862	-0.261081	-2.434332	0.066285	-0.032660	0.029276	-0.106888	-0.183784	0.977138	-0.894297	0.447265	-0.013703	-0.434521	-0.875316	-0.212164
12784	9.499648	-0.246094	-2.283629	0.081446	-0.022300	0.029927	-0.107218	-0.183866	0.977086	-0.894643	0.446557	-0.014139	-0.433725	-0.875660	-0.212374
12785	9.525353	-0.222902	-2.218191	0.099366	-0.016963	0.023816	-0.107462	-0.183922	0.977049	-0.895052	0.445725	-0.014538	-0.432821	-0.876072	-0.212518
12786	9.529924	-0.138323	-2.098494	0.109111	-0.012225	0.032087	-0.107771	-0.183904	0.977018	-0.895497	0.444813	-0.015052	-0.431822	-0.876539	-0.212623
12787	9.547105	-0.107238	-1.979507	0.110116	-0.016638	0.034352	-0.108108	-0.183911	0.976980	-0.895939	0.443905	-0.015577	-0.430821	-0.876998	-0.212762
12788	9.562143	-0.041880	-1.990200	0.105113	-0.020213	0.039642	-0.108521	-0.183928	0.976931	-0.896355	0.443043	-0.016158	-0.429850	-0.877430	-0.212944
12789	9.533439	0.012456	-1.962042	0.095536	-0.025412	0.045670	-0.108996	-0.183962	0.976871	-0.896719	0.442283	-0.016763	-0.428970	-0.877806	-0.213170
12790	9.552397	-0.045615	-1.941848	0.077336	-0.031736	0.052998	-0.109578	-0.184021	0.976795	-0.896992	0.441704	-0.017412	-0.428250	-0.878085	-0.213467
12791	9.553574	-0.074526	-1.918755	0.061173	-0.038302	0.060048	-0.110238	-0.184107	0.976705	-0.897191	0.441272	-0.018085	-0.427663	-0.878285	-0.213824
12792	9.488276	-0.186626	-1.870778	0.049286	-0.044347	0.065361	-0.110984	-0.184223	0.976598	-0.897342	0.440935	-0.018800	-0.427153	-0.878429	-0.214248
12793	9.524179	-0.196517	-1.835302	0.042480	-0.054576	0.064654	-0.111754	-0.184431	0.976471	-0.897455	0.440676	-0.019478	-0.426715	-0.878516	-0.214766
12794	9.534972	-0.244835	-1.943523	0.028495	-0.051795	0.065451	-0.112540	-0.184607	0.976348	-0.897505	0.440544	-0.020154	-0.426404	-0.878545	-0.215264
12795	9.551220	-0.280743	-1.952402	0.012818	-0.063428	0.059513	-0.113301	-0.184916	0.976201	-0.897496	0.440536	-0.020718	-0.426221	-0.878484	-0.215874
12796	9.510181	-0.406454	-2.168562	0.005364	-0.059371	0.057105	-0.114035	-0.185201	0.976062	-0.897459	0.440586	-0.021253	-0.426103	-0.878399	-0.216453
12797	9.522213	-0.475579	-2.250902	0.024221	-0.058619	0.051023	-0.114699	-0.185505	0.975926	-0.897508	0.440462	-0.021759	-0.425822	-0.878397	-0.217013
12798	9.560565	-0.426441	-2.348419	0.045208	-0.049369	0.044204	-0.115280	-0.185754	0.975810	-0.897644	0.440159	-0.022258	-0.425377	-0.878496	-0.217483
12799	9.497551	-0.400777	-2.412576	0.054335	-0.046140	0.042711	-0.115817	-0.185986	0.975703	-0.897830	0.439755	-0.022748	-0.424839	-0.878649	-0.217914
12800	9.561100	-0.301370	-2.468637	0.061166	-0.035111	0.037863	-0.116272	-0.186145	0.975618	-0.898056	0.439268	-0.023218	-0.424236	-0.878859	-0.218244
12801	9.544285	-0.208926	-2.524165	0.056826	-0.027052	0.034800	-0.116657	-0.186244	0.975553	-0.898260	0.438828	-0.023637	-0.423698	-0.879058	-0.218488
12802	9.550842	-0.212279	-2.502888	0.040696	-0.017050	0.042165	-0.117080	-0.186222	0.975507	-0.898388	0.438541	-0.024108	-0.423310	-0.879206	-0.218644
12803	9.546997	-0.262644	-2.474398	0.038005	-0.010462	0.035631	-0.117402	-0.186172	0.975478	-0.898511	0.438267	-0.024494	-0.422960	-0.879353	-0.218731
12804	9.545671	-0.256240	-2.398317	0.026308	0.000956	0.037870	-0.117709	-0.186013	0.975471	-0.898584	0.438095	-0.024891	-0.422719	-0.879473	-0.218716
12805	9.521798	-0.243642	-2.315011	0.020468	0.002743	0.037539	-0.117992	-0.185838	0.975470	-0.898630	0.437979	-0.025258	-0.422541	-0.879568	-0.218677
12806	9.487302	-0.278135	-2.225074	0.014710	0.004632	0.039390	-0.118298	-0.185639	0.975471	-0.898648	0.437921	-0.025643	-0.422419	-0.879638	-0.218629
12807	9.541755	-0.314633	-2.188106	0.006008	0.003442	0.038532	-0.118587	-0.185453	0.975471	-0.898632	0.437934	-0.025987	-0.422372	-0.879671	-0.218588
12808	9.575232	-0.277327	-2.200378	0.004422	0.013573	0.039348	-0.118866	-0.185169	0.975491	-0.898606	0.437963	-0.026362	-0.422348	-0.879716	-0.218453
12809	9.519840	-0.238058	-2.159294	-0.004275	0.011680	0.046223	-0.119188	-0.184877	0.975507	-0.898537	0.438081	-0.026759	-0.422404	-0.879719	-0.218333
12810	9.531939	-0.295323	-2.158331	-0.016866	0.011925	0.042562	-0.119489	-0.184603	0.975522	-0.898417	0.438307	-0.027101	-0.422575	-0.879664	-0.218224
12811	9.539205	-0.297243	-2.134253	-0.024708	0.006131	0.039611	-0.119776	-0.184389	0.975528	-0.898269	0.438592	-0.027389	-0.422808	-0.879567	-0.218164
12812	9.503294	-0.398046	-2.167193	-0.033894	0.010775	0.044026	-0.120099	-0.184116	0.975540	-0.898075	0.438969	-0.027714	-0.423129	-0.879436	-0.218069
12813	9.520638	-0.431109	-2.169726	-0.027923	0.009889	0.040996	-0.120382	-0.183862	0.975553	-0.897911	0.439284	-0.028009	-0.423395	-0.879332	-0.217974
12814	9.566100	-0.446393	-2.182014	-0.019231	0.011775	0.034127	-0.120611	-0.183624	0.975569	-0.897798	0.439499	-0.028273	-0.423570	-0.879274	-0.217865
12815	9.595510	-0.442300	-2.267034	-0.020254	0.016185	0.031856	-0.120786	-0.183355	0.975598	-0.897678	0.439730	-0.028495	-0.423775	-0.879215	-0.217707
12816	9.509627	-0.475157	-2.262595	-0.020028	0.017197	0.030674	-0.120955	-0.183089	0.975627	-0.897581	0.439912	-0.028724	-0.423931	-0.879179	-0.217547
12817	9.454400	-0.434019	-2.221234	-0.004015	0.014894	0.024041	-0.121065	-0.182866	0.975655	-0.897539	0.439986	-0.028906	-0.423988	-0.879189	-0.217397
12818	9.509781	-0.390487	-2.162796	-0.009382	0.018719	0.021338	-0.121154	-0.182620	0.975690	-0.897480	0.440097	-0.029070	-0.424089	-0.879184	-0.217217
12819	9.570692	-0.322884	-2.107245	-0.013109	0.021070	0.015168	-0.121158	-0.182381	0.975734	-0.897410	0.440234	-0.029145	-0.424236	-0.879165	-0.217009
12820	9.542478	-0.330169	-2.198166	-0.024013	0.027096	0.020865	-0.121203	-0.182066	0.975788	-0.897289	0.440473	-0.029268	-0.424480	-0.879110	-0.216753
12821	9.497546	-0.319272	-2.182819	-0.021675	0.020099	0.018671	-0.121242	-0.181821	0.975829	-0.897178	0.440692	-0.029359	-0.424702	-0.879051	-0.216556
12822	9.494551	-0.377907	-2.048698	-0.025255	0.014090	0.021693	-0.121344	-0.181621	0.975853	-0.897050	0.440944	-0.029479	-0.424943	-0.878966	-0.216429
12823	9.543495	-0.435755	-2.007809	-0.013577	0.011198	0.014630	-0.121384	-0.181472	0.975876	-0.896979	0.441084	-0.029548	-0.425082	-0.878927	-0.216318
12824	9.507970	-0.366830	-1.923557	-0.011864	0.009823	0.013348	-0.121427	-0.181347	0.975894	-0.896906	0.441229	-0.029607	-0.425223	-0.878880	-0.216228
12825	9.525294	-0.397562	-1.926249	-0.010692	0.006324	0.012249	-0.121467	-0.181251	0.975907	-0.896850	0.441339	-0.029659	-0.425330	-0.878845	-0.216163
12826	9.521952	-0.354341	-1.978954	-0.012556	-0.001059	0.013984	-0.121561	-0.181221	0.975901	-0.896804	0.441427	-0.029737	-0.425400	-0.878806	-0.216180
12827	9.544488	-0.361495	-1.986103	-0.012776	-0.009916	0.012251	-0.121670	-0.181268	0.975878	-0.896739	0.441556	-0.029785	-0.425506	-0.878732	-0.216274
12828	9.527410	-0.421460	-2.080304	-0.013480	-0.004392	0.010984	-0.121751	-0.181280	0.975866	-0.896679	0.441675	-0.029824	-0.425609	-0.878670	-0.216324
12829	9.554980	-0.392994	-2.193582	-0.006075	-0.007769	0.005667	-0.121791	-0.181337	0.975850	-0.896651	0.441733	-0.029822	-0.425658	-0.878629	-0.216395
12830	9.563410	-0.223709	-2.232867	-0.008964	-0.002895	0.008051	-0.121848	-0.181342	0.975842	-0.896618	0.441797	-0.029856	-0.425710	-0.878596	-0.216427
12831	9.516970	-0.290206	-2.240634	-0.032851	-0.006355	0.011714	-0.121937	-0.181360	0.975828	-0.896468	0.442101	-0.029854	-0.426000	-0.878439	-0.216492
12832	9.526330	-0.411700	-2.185676	-0.028881	-0.006982	0.008965	-0.122022	-0.181395	0.975811	-0.896348	0.442344	-0.029858	-0.426228	-0.878309	-0.216569
12833	9.568671	-0.391442	-2.149499	-0.028484	-0.005053	0.004414	-0.122041	-0.181434	0.975801	-0.896226	0.442597	-0.029795	-0.426481	-0.878174	-0.216620
12834	9.534895	-0.432425	-2.137104	-0.023516	-0.002252	0.006852	-0.122086	-0.181434	0.975795	-0.896106	0.442840	-0.029777	-0.426718	-0.878052	-0.216649
12835	9.536477	-0.454597	-2.111064	-0.036281	-0.002883	0.006552	-0.122114	-0.181445	0.975790	-0.895948	0.443165	-0.029718	-0.427043	-0.877886	-0.216682
12836	9.552549	-0.562089	-2.135894	-0.025822	-0.010213	-0.004526	-0.122086	-0.181572	0.975770	-0.895852	0.443368	-0.029584	-0.427253	-0.877757	-0.216790
12837	9.515873	-0.569577	-2.073895	-0.010327	-0.006805	-0.008059	-0.121999	-0.181682	0.975760	-0.895821	0.443438	-0.029439	-0.427341	-0.877698	-0.216853
12838	9.528971	-0.453130	-2.136508	-0.013505	-0.002316	-0.014408	-0.121852	-0.181780	0.975760	-0.895787	0.443521	-0.029239	-0.427455	-0.877636	-0.216881
12839	9.538510	-0.470598	-2.266570	-0.022223	-0.003478	-0.015273	-0.121687	-0.181893	0.975760	-0.895715	0.443682	-0.028998	-0.427653	-0.877531	-0.216914
12840	9.510825	-0.395697	-2.339382	-0.019258	0.000314	-0.020288	-0.121480	-0.181993	0.975767	-0.895675	0.443779	-0.028738	-0.427794	-0.877462	-0.216917
12841	9.504737	-0.316229	-2.341819	-0.022061	0.006009	-0.023448	-0.121201	-0.182058	0.975789	-0.895614	0.443924	-0.028418	-0.428003	-0.877375	-0.216858
12842	9.540336	-0.294311	-2.327517	-0.033587	0.010539	-0.027472	-0.120888	-0.182098	0.975821	-0.895502	0.444174	-0.028050	-0.428326	-0.877240	-0.216764
12843	9.567244	-0.251050	-2.362215	-0.041627	0.020257	-0.028952	-0.120499	-0.182063	0.975876	-0.895362	0.444480	-0.027633	-0.428727	-0.877092	-0.216572
12844	9.506906	-0.227733	-2.317072	-0.044770	0.024110	-0.025373	-0.120141	-0.181980	0.975935	-0.895211	0.444808	-0.027261	-0.429142	-0.876943	-0.216350
12845	9.449117	-0.327462	-2.239898	-0.047281	0.022342	-0.022721	-0.119799	-0.181900	0.975992	-0.895039	0.445175	-0.026893	-0.429596	-0.876773	-0.216139
12846	9.474533	-0.364759	-2.115182	-0.034046	0.025016	-0.024780	-0.119445	-0.181803	0.976054	-0.894922	0.445432	-0.026549	-0.429939	-0.876663	-0.215904
12847	9.510822	-0.355087	-1.996425	-0.013472	0.023504	-0.026615	-0.119063	-0.181730	0.976114	-0.894900	0.445497	-0.026216	-0.430091	-0.876645	-0.215672
12848	9.571780	-0.283629	-1.940099	-0.009891	0.020948	-0.024820	-0.118718	-0.181677	0.976166	-0.894898	0.445518	-0.025918	-0.430191	-0.876646	-0.215473
12849	9.549522	-0.275376	-1.931595	-0.003828	0.019426	-0.017936	-0.118431	-0.181600	0.976215	-0.894907	0.445513	-0.025691	-0.430251	-0.876664	-0.215278
12850	9.511472	-0.259980	-1.894145	-0.006505	0.000966	-0.019986	-0.118223	-0.181693	0.976223	-0.894890	0.445560	-0.025447	-0.430343	-0.876621	-0.215271
12851	9.556902	-0.269953	-1.907594	-0.022938	-0.005797	-0.019475	-0.118031	-0.181844	0.976218	-0.894818	0.445720	-0.025163	-0.430544	-0.876508	-0.215327
12852	9.556897	-0.267414	-1.907975	-0.030123	-0.000689	-0.023061	-0.117799	-0.181969	0.976223	-0.894726	0.445923	-0.024844	-0.430799	-0.876379	-0.215342
12853	9.549035	-0.344119	-1.952950	-0.031415	-0.013790	-0.024465	-0.117596	-0.182214	0.976201	-0.894624	0.446148	-0.024493	-0.431068	-0.876213	-0.215478
12854	9.469457	-0.358075	-2.031592	-0.015731	-0.017998	-0.026559	-0.117406	-0.182505	0.976170	-0.894586	0.446242	-0.024164	-0.431198	-0.876105	-0.215658
12855	9.486364	-0.218349	-1.918953	0.005119	-0.026307	-0.032518	-0.117186	-0.182895	0.976123	-0.894650	0.446133	-0.023814	-0.431125	-0.876079	-0.215907
12856	9.498230	-0.280813	-1.819582	-0.011557	-0.034099	-0.030820	-0.117026	-0.183348	0.976058	-0.894646	0.446160	-0.023456	-0.431177	-0.875971	-0.216244
12857	9.544689	-0.402457	-1.728403	-0.020662	-0.045055	-0.030080	-0.116908	-0.183891	0.975970	-0.894596	0.446280	-0.023073	-0.431313	-0.875796	-0.216682
12858	9.489527	-0.456543	-1.687858	-0.005580	-0.059304	-0.037129	-0.116807	-0.184588	0.975850	-0.894625	0.446242	-0.022675	-0.431280	-0.875668	-0.217261
12859	9.547802	-0.449988	-1.763281	-0.002626	-0.064073	-0.037340	-0.116706	-0.185329	0.975722	-0.894661	0.446191	-0.022261	-0.431232	-0.875538	-0.217880
12860	9.586661	-0.391430	-1.862123	0.011336	-0.074733	-0.041098	-0.116625	-0.186186	0.975568	-0.894774	0.445985	-0.021851	-0.431021	-0.875461	-0.218607
12861	9.599349	-0.203991	-1.986460	0.001161	-0.073444	-0.039652	-0.116544	-0.187020	0.975418	-0.894829	0.445895	-0.021422	-0.430928	-0.875329	-0.219317
12862	9.548156	-0.221835	-2.054139	-0.024425	-0.083368	-0.035404	-0.116563	-0.187916	0.975244	-0.894773	0.446028	-0.021002	-0.431039	-0.875070	-0.220132
12863	9.577797	-0.322696	-2.040711	-0.022906	-0.092752	-0.043985	-0.116527	-0.188937	0.975051	-0.894729	0.446140	-0.020478	-0.431140	-0.874793	-0.221035
12864	9.699685	-0.378523	-2.110238	0.000496	-0.090488	-0.053063	-0.116410	-0.189980	0.974862	-0.894794	0.446034	-0.019927	-0.431036	-0.874621	-0.221916
12865	9.658249	-0.426131	-2.206001	-0.003523	-0.089887	-0.050286	-0.116305	-0.191004	0.974675	-0.894842	0.445963	-0.019384	-0.430966	-0.874434	-0.222786
12866	9.652811	-0.464809	-2.364495	0.018556	-0.085046	-0.054909	-0.116148	-0.192006	0.974496	-0.894984	0.445699	-0.018855	-0.430711	-0.874349	-0.223610
12867	9.623503	-0.399711	-2.341860	0.026793	-0.085886	-0.051700	-0.116012	-0.193002	0.974316	-0.895164	0.445359	-0.018367	-0.430375	-0.874303	-0.224435
12868	9.722542	-0.449519	-2.404336	0.040793	-0.087018	-0.063645	-0.115782	-0.194063	0.974132	-0.895441	0.444824	-0.017813	-0.429861	-0.874340	-0.225275
12869	9.809800	-0.366971	-2.444978	0.054912	-0.079387	-0.076025	-0.115400	-0.195110	0.973969	-0.895769	0.444190	-0.017152	-0.429280	-0.874430	-0.226032
12870	9.842882	-0.331679	-2.362605	0.063802	-0.077166	-0.076366	-0.115014	-0.196139	0.973808	-0.896148	0.443447	-0.016526	-0.428591	-0.874577	-0.226772
12871	9.811510	-0.243093	-2.365490	0.080780	-0.075953	-0.077888	-0.114599	-0.197162	0.973650	-0.896587	0.442581	-0.015907	-0.427783	-0.874785	-0.227492
12872	9.721922	-0.079805	-2.277217	0.100938	-0.070637	-0.077896	-0.114175	-0.198135	0.973502	-0.897111	0.441539	-0.015350	-0.426798	-0.875092	-0.228162
12873	9.690275	0.174700	-2.162451	0.098434	-0.080991	-0.070395	-0.113846	-0.199168	0.973330	-0.897614	0.440531	-0.014846	-0.425826	-0.875365	-0.228929
12874	9.728076	0.409711	-1.889755	0.072250	-0.078361	-0.056622	-0.113642	-0.200116	0.973159	-0.897993	0.439772	-0.014432	-0.425081	-0.875531	-0.229679
12875	9.859132	0.432026	-1.736520	0.038307	-0.089305	-0.046477	-0.113561	-0.201116	0.972963	-0.898213	0.439337	-0.014023	-0.424638	-0.875520	-0.230536
12876	10.274271	0.685996	-1.281480	0.087238	-0.119074	-0.043665	-0.113643	-0.202363	0.972695	-0.898646	0.438459	-0.013773	-0.423700	-0.875673	-0.231680
12877	10.445431	0.950611	-0.779241	0.118060	-0.167478	-0.059122	-0.113777	-0.204102	0.972315	-0.899216	0.437299	-0.013428	-0.422451	-0.875849	-0.233286
12878	10.383331	1.138343	-0.124285	0.145320	-0.214788	-0.060857	-0.114103	-0.206260	0.971822	-0.899904	0.435889	-0.013146	-0.420895	-0.876047	-0.235350
12879	10.377238	1.259999	0.665775	0.078415	-0.296575	-0.046096	-0.114892	-0.209072	0.971128	-0.900291	0.435100	-0.012840	-0.419853	-0.875772	-0.238215
12880	10.765941	1.306707	1.323646	0.056418	-0.372057	-0.041858	-0.116039	-0.212519	0.970243	-0.900584	0.434501	-0.012536	-0.418908	-0.875240	-0.241810
12881	11.137760	1.439735	1.999542	0.085842	-0.413970	-0.059602	-0.117190	-0.216414	0.969243	-0.901017	0.433615	-0.012123	-0.417655	-0.874724	-0.245808
12882	11.511870	1.332020	2.194517	0.130575	-0.462421	-0.062941	-0.118509	-0.220732	0.968108	-0.901646	0.432313	-0.011804	-0.415920	-0.874290	-0.250256
12883	11.676650	1.523365	2.224977	0.156164	-0.499588	-0.040669	-0.120172	-0.225288	0.966853	-0.902347	0.430850	-0.011762	-0.413919	-0.873850	-0.255064
12884	11.677456	1.853394	1.957159	0.135936	-0.570188	-0.000074	-0.122475	-0.230269	0.965389	-0.902951	0.429574	-0.012090	-0.411922	-0.873180	-0.260533
12885	11.498394	2.335788	1.499350	0.059135	-0.639032	0.074410	-0.125732	-0.235538	0.963698	-0.903106	0.429223	-0.012920	-0.410598	-0.871946	-0.266683
12886	11.257981	2.492372	0.718884	-0.142317	-0.731116	0.168761	-0.130202	-0.241174	0.961708	-0.902361	0.430749	-0.014145	-0.410843	-0.869650	-0.273710
12887	10.727804	2.396004	-0.221640	-0.368918	-0.752710	0.269866	-0.135692	-0.246553	0.959583	-0.900487	0.434601	-0.015671	-0.413172	-0.866218	-0.280990
12888	10.259223	1.988547	-1.602700	-0.638715	-0.753505	0.380900	-0.142193	-0.251381	0.957386	-0.897317	0.441041	-0.017467	-0.417856	-0.861563	-0.288282
12889	9.795828	1.731724	-2.861241	-0.878489	-0.712354	0.481191	-0.149458	-0.255369	0.955222	-0.892920	0.449795	-0.019462	-0.424684	-0.855845	-0.295250
12890	9.359346	1.102975	-3.791765	-1.116417	-0.668852	0.577027	-0.157398	-0.258443	0.953117	-0.887297	0.460691	-0.021609	-0.433508	-0.849100	-0.301828
12891	9.111017	0.414535	-4.223520	-1.278154	-0.617337	0.649448	-0.165805	-0.260644	0.951091	-0.880647	0.473172	-0.023852	-0.443813	-0.841530	-0.307990
12892	8.880576	0.125270	-4.522017	-1.350232	-0.524188	0.719439	-0.174436	-0.261564	0.949293	-0.873382	0.486314	-0.026491	-0.454725	-0.833716	-0.313276
12893	8.605067	0.248010	-4.665861	-1.453383	-0.407994	0.780609	-0.183060	-0.261114	0.947791	-0.865298	0.500402	-0.029268	-0.466635	-0.825480	-0.317545
12894	8.438228	0.158836	-4.731718	-1.598433	-0.227670	0.812707	-0.191108	-0.258841	0.946826	-0.856251	0.515576	-0.031879	-0.479909	-0.816813	-0.320164
12895	8.387054	-0.265580	-4.628656	-1.708665	0.008441	0.800189	-0.197838	-0.254601	0.946593	-0.846377	0.531501	-0.033937	-0.494475	-0.807889	-0.320640
12896	8.478379	-0.565156	-4.410622	-1.739892	0.284183	0.739179	-0.202610	-0.248314	0.947254	-0.836173	0.547324	-0.035375	-0.509670	-0.799235	-0.318526
12897	8.528784	-0.700672	-4.144133	-1.730826	0.598667	0.645010	-0.204832	-0.239993	0.948919	-0.825910	0.562653	-0.035978	-0.525278	-0.791091	-0.313462
12898	8.524067	-1.024869	-4.006638	-1.700585	0.909054	0.534094	-0.204360	-0.229774	0.951547	-0.815759	0.577283	-0.035798	-0.541086	-0.783548	-0.305414
12899	8.617929	-1.724466	-3.908901	-1.618578	1.199328	0.398862	-0.200972	-0.218108	0.955007	-0.806074	0.590796	-0.034702	-0.556646	-0.776781	-0.294545
12900	9.282096	-3.138816	-3.881558	-1.346769	1.429912	0.279546	-0.195143	-0.205363	0.959034	-0.797950	0.601791	-0.033502	-0.570258	-0.771799	-0.281305
12901	9.484442	-3.387941	-3.156104	-0.802235	1.671376	0.156527	-0.186738	-0.191550	0.963555	-0.793045	0.608281	-0.032769	-0.579835	-0.770262	-0.265497
12902	9.380289	-3.027845	-2.535139	-0.349858	1.874332	0.028583	-0.176008	-0.176922	0.968359	-0.790965	0.611017	-0.032130	-0.586000	-0.771593	-0.247483
12903	8.974006	-2.331943	-2.338541	-0.003127	2.038654	-0.121017	-0.163029	-0.161918	0.973244	-0.791158	0.610831	-0.030904	-0.589484	-0.775028	-0.227686
12904	8.816613	-1.629175	-2.036003	0.177638	2.129961	-0.286203	-0.148144	-0.147114	0.977963	-0.792677	0.608977	-0.028469	-0.591369	-0.779426	-0.206830
12905	8.753924	-1.312931	-1.922363	0.301032	2.192328	-0.426257	-0.131748	-0.132583	0.982377	-0.795059	0.606023	-0.024837	-0.592050	-0.784320	-0.185254
12906	8.587083	-1.181795	-1.909454	0.434500	2.240224	-0.543553	-0.114120	-0.118234	0.986406	-0.798318	0.601896	-0.020214	-0.591324	-0.789773	-0.163076
12907	8.169714	-1.029853	-2.293011	0.596022	2.290935	-0.630584	-0.095512	-0.103869	0.989994	-0.802500	0.596467	-0.014842	-0.588958	-0.795888	-0.140325
12908	7.751728	-0.460411	-2.561349	0.683047	2.328650	-0.684438	-0.076289	-0.089323	0.993077	-0.807119	0.590321	-0.008907	-0.585438	-0.802211	-0.117130
12909	7.491611	0.237574	-2.791177	0.698506	2.375395	-0.744570	-0.056364	-0.074588	0.995620	-0.811690	0.584084	-0.002194	-0.581362	-0.808259	-0.093463
12910	7.501658	0.716970	-3.007497	0.643336	2.380469	-0.787845	-0.036118	-0.059862	0.997553	-0.815797	0.578316	0.005167	-0.577210	-0.813614	-0.069723
12911	7.462818	0.812258	-2.912411	0.544813	2.376904	-0.795002	-0.015904	-0.045069	0.998857	-0.819138	0.573453	0.012832	-0.573376	-0.817998	-0.046038
12912	7.318366	0.879225	-3.181130	0.432534	2.387268	-0.759606	0.004014	-0.029846	0.999546	-0.821666	0.569607	0.020308	-0.569955	-0.821375	-0.022237
12913	7.093535	1.152391	-3.356266	0.340123	2.387400	-0.679498	0.023215	-0.014086	0.999631	-0.823505	0.566661	0.027110	-0.566834	-0.823831	0.001555
12914	7.937254	1.664181	-2.175993	0.291656	2.298338	-0.559456	0.040858	0.001699	0.999164	-0.824976	0.564216	0.032776	-0.563689	-0.825625	0.024454
12915	9.424272	1.958140	2.236136	0.394993	2.118977	-0.512678	0.057033	0.016312	0.998239	-0.826940	0.561000	0.038078	-0.559391	-0.827655	0.045485
12916	8.280865	1.266864	2.628839	0.193928	1.659668	-0.300759	0.068824	0.028361	0.997226	-0.827832	0.559460	0.041222	-0.556739	-0.828372	0.061982
12917	8.124860	0.756856	5.214318	0.038087	0.801653	0.009748	0.073243	0.035037	0.996698	-0.828046	0.559145	0.041194	-0.555856	-0.828329	0.069965
12918	9.186664	-1.734666	2.721569	-0.017504	-0.138505	0.279222	0.070201	0.035446	0.996903	-0.828151	0.559185	0.038435	-0.556091	-0.828285	0.068609
12919	12.378763	-0.652066	0.196682	0.271515	-1.017831	0.582413	0.059760	0.030236	0.997755	-0.830033	0.556746	0.032843	-0.554503	-0.830132	0.058368
12920	14.531104	3.041316	2.999305	0.751330	-1.119892	0.571663	0.048863	0.024072	0.998515	-0.834500	0.550318	0.027570	-0.548837	-0.834608	0.046978
12921	12.956395	5.153259	3.164590	0.280660	-1.125341	0.489529	0.038649	0.017339	0.999102	-0.836248	0.547875	0.022841	-0.546987	-0.836381	0.035674
12922	9.529251	1.504860	1.098317	-0.548681	-0.906334	0.598712	0.028717	0.013061	0.999502	-0.833442	0.552353	0.016728	-0.551860	-0.833508	0.026747
12923	7.479237	-0.716685	-2.043484	-0.898683	-0.711017	0.628963	0.019580	0.010630	0.999752	-0.828598	0.559750	0.010276	-0.559502	-0.828593	0.019768
12924	8.422607	-0.941020	-4.559294	-0.861042	-0.685684	0.558809	0.011138	0.008107	0.999905	-0.823840	0.566804	0.004581	-0.566713	-0.823813	0.012992
12925	9.601181	-2.393023	-5.473315	-0.516007	-0.695028	0.446112	0.003556	0.004910	0.999982	-0.820936	0.571021	0.000115	-0.571010	-0.820921	0.006061
12926	10.999838	-2.613407	-4.688723	0.060391	-0.672574	0.381181	-0.003373	0.001549	0.999993	-0.821284	0.570508	-0.003654	-0.570509	-0.821291	-0.000652
12927	11.365515	-1.346472	-3.711322	0.155452	-0.577514	0.398485	-0.009898	-0.000945	0.999951	-0.822142	0.569231	-0.007600	-0.569196	-0.822177	-0.006411
12928	10.795903	-1.199795	-3.631023	0.055813	-0.475999	0.402021	-0.015881	-0.002590	0.999871	-0.822408	0.568780	-0.011589	-0.568676	-0.822486	-0.011163
12929	10.215021	-0.576728	-3.322181	0.116978	-0.417893	0.344844	-0.021052	-0.004088	0.999770	-0.823009	0.567830	-0.015008	-0.567638	-0.823135	-0.015319
12930	10.198619	0.155181	-2.779252	0.071201	-0.403981	0.320692	-0.025952	-0.005617	0.999647	-0.823336	0.567262	-0.018188	-0.566960	-0.823518	-0.019347
12931	10.218242	0.565575	-1.995043	-0.018431	-0.376693	0.344109	-0.030881	-0.006786	0.999500	-0.823134	0.567437	-0.021579	-0.567007	-0.823389	-0.023109
12932	9.969487	0.437478	-1.152477	-0.147859	-0.341627	0.352764	-0.035692	-0.007621	0.999334	-0.822174	0.568686	-0.025028	-0.568117	-0.822519	-0.026564
12933	9.632594	-0.257908	-0.519697	-0.207865	-0.320332	0.331017	-0.040193	-0.008389	0.999157	-0.820866	0.570423	-0.028232	-0.569705	-0.821308	-0.029813
12934	9.605242	-0.974584	0.003366	-0.155675	-0.336888	0.305645	-0.044591	-0.009436	0.998961	-0.819843	0.571738	-0.031195	-0.570850	-0.820382	-0.033230
12935	9.513453	-1.315702	0.468024	-0.036493	-0.348287	0.290471	-0.048920	-0.010652	0.998746	-0.819499	0.572068	-0.034039	-0.570988	-0.820137	-0.036714
12936	9.416988	-1.242932	0.849449	0.056808	-0.365647	0.285188	-0.053313	-0.012046	0.998505	-0.819675	0.571641	-0.036869	-0.570342	-0.820415	-0.040350
12937	9.356816	-1.022975	1.190802	0.066885	-0.387758	0.284908	-0.057819	-0.013620	0.998234	-0.819899	0.571130	-0.039697	-0.569581	-0.820746	-0.044189
12938	9.284366	-1.083811	1.234268	0.100390	-0.408660	0.285321	-0.062453	-0.015370	0.997930	-0.820299	0.570350	-0.042552	-0.568515	-0.821258	-0.048228
12939	9.302643	-0.795630	1.420563	0.196130	-0.454020	0.277274	-0.067266	-0.017542	0.997581	-0.821234	0.568785	-0.045373	-0.566613	-0.822299	-0.052665
12940	9.405909	-0.392168	1.429094	0.241248	-0.490030	0.285028	-0.072348	-0.019976	0.997179	-0.822401	0.566853	-0.048312	-0.564289	-0.823577	-0.057439
12941	9.369309	-0.052022	1.445157	0.211290	-0.529455	0.306815	-0.077815	-0.022622	0.996711	-0.823363	0.565178	-0.051454	-0.562155	-0.824659	-0.062605
12942	9.320827	0.098022	1.218657	0.178864	-0.582737	0.329574	-0.083768	-0.025587	0.996157	-0.824106	0.563776	-0.054819	-0.560207	-0.825531	-0.068313
12943	9.478792	0.166285	0.826541	0.127068	-0.627603	0.346665	-0.090096	-0.028836	0.995516	-0.824518	0.562822	-0.058317	-0.558617	-0.826075	-0.074484
12944	9.551999	-0.031199	0.542432	0.019634	-0.661597	0.376492	-0.096858	-0.032198	0.994777	-0.824283	0.562769	-0.062043	-0.557832	-0.825987	-0.081049
12945	9.447873	-0.463917	-0.309232	-0.060521	-0.694576	0.393543	-0.103934	-0.035736	0.993942	-0.823553	0.563403	-0.065861	-0.557636	-0.825409	-0.087988
12946	9.441280	-0.511999	-0.775410	-0.074429	-0.740877	0.423352	-0.111515	-0.039477	0.992978	-0.822691	0.564167	-0.069962	-0.557444	-0.824716	-0.095391
12947	9.649928	-0.713232	-1.073462	-0.118430	-0.761295	0.433847	-0.119286	-0.043321	0.991914	-0.821534	0.565323	-0.074106	-0.557542	-0.823731	-0.103025
12948	9.664358	-0.829613	-1.407868	-0.134156	-0.742950	0.437613	-0.126986	-0.046975	0.990792	-0.820256	0.566617	-0.078265	-0.557723	-0.822641	-0.110484
12949	9.690346	-1.120239	-2.011431	-0.197045	-0.735718	0.433674	-0.134605	-0.050581	0.989608	-0.818593	0.568448	-0.082290	-0.558378	-0.821163	-0.117921
12950	9.792863	-1.515814	-2.543443	-0.195062	-0.721837	0.424637	-0.142076	-0.054101	0.988376	-0.816926	0.570263	-0.086216	-0.558970	-0.819679	-0.125217
12951	9.678549	-1.669189	-2.834883	-0.164866	-0.702308	0.409462	-0.149305	-0.057535	0.987116	-0.815412	0.571841	-0.090004	-0.559295	-0.818345	-0.132293
12952	9.772019	-1.793965	-2.939024	-0.147274	-0.681659	0.387871	-0.156245	-0.060906	0.985839	-0.814005	0.573269	-0.093594	-0.559450	-0.817101	-0.139148
12953	9.655035	-1.700355	-2.797247	-0.087681	-0.649310	0.371713	-0.162860	-0.064095	0.984565	-0.812927	0.574216	-0.097087	-0.559130	-0.816191	-0.145622
12954	9.598942	-1.454657	-2.320863	-0.061486	-0.645423	0.348316	-0.169266	-0.067378	0.983265	-0.812013	0.574941	-0.100387	-0.558555	-0.815416	-0.152030
12955	9.777755	-1.511302	-2.103014	-0.057747	-0.614684	0.325122	-0.175296	-0.070538	0.981986	-0.811137	0.575635	-0.103448	-0.557968	-0.814659	-0.158122
12956	9.736573	-1.433238	-1.993878	-0.066371	-0.587193	0.297758	-0.180954	-0.073624	0.980732	-0.810245	0.576384	-0.106229	-0.557458	-0.813855	-0.163953
12957	9.685472	-1.577295	-2.030818	-0.094589	-0.569868	0.279117	-0.186351	-0.076669	0.979487	-0.809212	0.577362	-0.108762	-0.557180	-0.812881	-0.169633
12958	9.684459	-1.686443	-2.024389	-0.068516	-0.562842	0.258667	-0.191548	-0.079767	0.978237	-0.808350	0.578116	-0.111142	-0.556669	-0.812046	-0.175216
12959	9.577914	-1.372037	-1.789405	-0.047418	-0.552944	0.243294	-0.196550	-0.082868	0.976986	-0.807621	0.578697	-0.113392	-0.555982	-0.811321	-0.180669
12960	9.495780	-1.423944	-1.676734	-0.056900	-0.555155	0.220492	-0.201386	-0.086113	0.975719	-0.806876	0.579338	-0.115407	-0.555334	-0.810526	-0.186153
12961	9.478512	-1.418293	-1.598598	-0.032569	-0.551324	0.203199	-0.206044	-0.089423	0.974448	-0.806289	0.579779	-0.117283	-0.554476	-0.809852	-0.191561
12962	9.358956	-1.374275	-1.462012	-0.014015	-0.551023	0.188726	-0.210589	-0.092809	0.973159	-0.805828	0.580057	-0.119060	-0.553438	-0.809272	-0.196941
12963	9.295943	-1.296866	-1.361111	-0.027109	-0.560078	0.190599	-0.215181	-0.096254	0.971819	-0.805281	0.580454	-0.120815	-0.552467	-0.808584	-0.202414
12964	9.367750	-1.216804	-1.271964	-0.013518	-0.569354	0.188607	-0.219813	-0.099780	0.970426	-0.804807	0.580739	-0.122586	-0.551333	-0.807952	-0.207957
12965	9.328799	-1.092643	-1.325628	-0.013336	-0.573946	0.184314	-0.224417	-0.103365	0.968996	-0.804333	0.581031	-0.124302	-0.550169	-0.807291	-0.213533
12966	9.253464	-1.085413	-1.358075	-0.037089	-0.591303	0.193232	-0.229191	-0.107031	0.967479	-0.803703	0.581524	-0.126060	-0.549120	-0.806458	-0.219301
12967	9.343816	-1.036203	-1.512777	-0.034379	-0.608005	0.203714	-0.234123	-0.110767	0.965876	-0.803052	0.582020	-0.127910	-0.547991	-0.805595	-0.225216
12968	9.355838	-0.907066	-1.585097	-0.093918	-0.617933	0.219876	-0.239241	-0.114478	0.964188	-0.802030	0.583012	-0.129785	-0.547276	-0.804358	-0.231295
12969	9.370730	-1.196084	-1.970700	-0.128185	-0.630003	0.227655	-0.244473	-0.118233	0.962421	-0.800788	0.584304	-0.131634	-0.546783	-0.802876	-0.237526
12970	9.262574	-1.256242	-2.239359	-0.123598	-0.630156	0.228438	-0.249713	-0.121969	0.960608	-0.799562	0.585558	-0.133501	-0.546208	-0.801402	-0.243743
12971	9.196717	-1.439716	-2.332031	-0.133082	-0.649403	0.245418	-0.255180	-0.125750	0.958681	-0.798226	0.586924	-0.135484	-0.545636	-0.799817	-0.250148
12972	9.186868	-1.463517	-2.293742	-0.141745	-0.654179	0.257251	-0.260768	-0.129483	0.956679	-0.796804	0.588372	-0.137556	-0.545071	-0.798156	-0.256601
12973	9.238270	-1.695487	-2.461172	-0.151610	-0.659518	0.259291	-0.266386	-0.133234	0.954613	-0.795305	0.589917	-0.139597	-0.544544	-0.796396	-0.263108
12974	9.160333	-1.903314	-2.270965	-0.156541	-0.669012	0.257002	-0.272038	-0.137056	0.952476	-0.793777	0.591496	-0.141599	-0.543979	-0.794574	-0.269702
12975	9.405047	-2.293895	-2.560448	-0.086513	-0.688292	0.247402	-0.277702	-0.141076	0.950252	-0.792638	0.592523	-0.143673	-0.542777	-0.793104	-0.276367
12976	9.254509	-1.631184	-2.246182	0.019341	-0.701576	0.246755	-0.283427	-0.145193	0.947939	-0.792067	0.592707	-0.146039	-0.540647	-0.792223	-0.282992
12977	9.264089	-1.639428	-2.058591	0.055905	-0.744163	0.251205	-0.289391	-0.149618	0.945446	-0.791661	0.592630	-0.148535	-0.538076	-0.791457	-0.289948
12978	9.392411	-1.353797	-1.953546	0.104952	-0.764439	0.247243	-0.295418	-0.154219	0.942839	-0.791519	0.592159	-0.151147	-0.535000	-0.790927	-0.297002
12979	9.471104	-1.206351	-1.905813	0.107710	-0.797028	0.246293	-0.301580	-0.159083	0.940076	-0.791371	0.591688	-0.153747	-0.531773	-0.790315	-0.304335
12980	9.477268	-1.319507	-1.845695	0.082143	-0.836878	0.261010	-0.308050	-0.164166	0.937099	-0.791030	0.591442	-0.156421	-0.528561	-0.789459	-0.312054
12981	9.630574	-1.200056	-1.629309	0.078366	-0.887769	0.268893	-0.314815	-0.169601	0.933877	-0.790618	0.591267	-0.159142	-0.525180	-0.788441	-0.320229
12982	9.760493	-0.803297	-1.368236	0.095356	-0.938451	0.272594	-0.321847	-0.175400	0.930403	-0.790271	0.590965	-0.161963	-0.521427	-0.787398	-0.328814
12983	9.688688	-0.321220	-1.201373	0.061869	-0.992683	0.284902	-0.329217	-0.181546	0.926638	-0.789678	0.590980	-0.164773	-0.517711	-0.785992	-0.337924
12984	9.530607	-0.227991	-1.111517	-0.035066	-1.059059	0.311229	-0.337102	-0.188034	0.922500	-0.788484	0.591807	-0.167501	-0.514446	-0.783841	-0.347761
12985	9.388002	-0.401383	-0.882690	-0.150330	-1.134317	0.343372	-0.345588	-0.194893	0.917925	-0.786555	0.593634	-0.170088	-0.511762	-0.780778	-0.358447
12986	9.274234	-1.121837	-0.703119	-0.289277	-1.228194	0.362268	-0.354666	-0.202316	0.912842	-0.783835	0.596580	-0.172321	-0.509720	-0.776634	-0.370169
12987	9.374581	-1.761142	-0.759989	-0.328348	-1.312766	0.364393	-0.364156	-0.210322	0.907279	-0.780870	0.599867	-0.174360	-0.507575	-0.771961	-0.382680
12988	9.647046	-1.973953	-0.874752	-0.355012	-1.395950	0.366269	-0.374037	-0.218873	0.901216	-0.777751	0.603354	-0.176262	-0.505173	-0.766850	-0.395905
12989	10.207627	-1.883374	-1.380066	-0.352739	-1.469972	0.366018	-0.384246	-0.227913	0.894657	-0.774602	0.606859	-0.178087	-0.502342	-0.761432	-0.409724
12990	10.796019	-1.082134	-1.797937	-0.347433	-1.518954	0.367026	-0.394644	-0.237215	0.887685	-0.771468	0.610311	-0.179883	-0.499093	-0.755810	-0.423859
12991	11.199138	0.038471	-2.269991	-0.422416	-1.556563	0.379998	-0.405277	-0.246625	0.880299	-0.767862	0.614401	-0.181381	-0.496123	-0.749458	-0.438377
12992	11.068333	0.768548	-2.581910	-0.655068	-1.596052	0.399027	-0.416189	-0.256073	0.872476	-0.763017	0.620247	-0.181931	-0.494563	-0.741431	-0.453528
12993	11.039053	0.985758	-3.141817	-0.922105	-1.625870	0.412469	-0.427328	-0.265495	0.864236	-0.756733	0.628104	-0.181218	-0.494717	-0.731436	-0.469315
12994	10.974832	1.320841	-3.484436	-1.128179	-1.627555	0.422039	-0.438518	-0.274650	0.855727	-0.749356	0.637392	-0.179434	-0.496152	-0.719930	-0.485318
12995	10.492871	1.302746	-3.199231	-1.423117	-1.654204	0.413329	-0.449796	-0.283811	0.846838	-0.740455	0.648683	-0.175889	-0.499411	-0.706160	-0.501924
12996	10.291063	0.558113	-3.066656	-1.614314	-1.712020	0.378120	-0.461107	-0.293309	0.837467	-0.730678	0.661012	-0.170801	-0.503478	-0.690676	-0.519112
12997	10.390835	-0.311501	-3.289791	-1.708296	-1.671070	0.322681	-0.471865	-0.302585	0.828121	-0.720551	0.673621	-0.164439	-0.508084	-0.674297	-0.535887
12998	10.221661	-0.863115	-3.814379	-1.744251	-1.584950	0.287393	-0.481956	-0.311205	0.819066	-0.710318	0.686082	-0.157289	-0.512997	-0.657604	-0.551716
12999	9.782865	-0.971779	-4.201569	-1.744001	-1.549418	0.275121	-0.491847	-0.319385	0.809987	-0.700010	0.698258	-0.149737	-0.517757	-0.640647	-0.567009
13000	9.619854	-1.474366	-4.147622	-1.686281	-1.597499	0.258970	-0.501890	-0.327680	0.800458	-0.690006	0.709717	-0.142102	-0.521534	-0.623641	-0.582301
13001	10.112119	-2.003444	-3.953915	-1.560562	-1.580192	0.237997	-0.511750	-0.335731	0.790820	-0.680661	0.720098	-0.134757	-0.524226	-0.607242	-0.597029
13002	10.389281	-2.001231	-3.967669	-1.438770	-1.422448	0.252078	-0.520867	-0.342455	0.781935	-0.671850	0.729538	-0.128029	-0.526607	-0.592029	-0.610071
13003	10.164826	-1.804631	-4.327544	-1.406855	-1.265825	0.275981	-0.529359	-0.347859	0.773804	-0.662995	0.738703	-0.121475	-0.529355	-0.577332	-0.621668
13004	9.843532	-1.629543	-5.019527	-1.512813	-1.329851	0.336143	-0.538567	-0.352955	0.765094	-0.653226	0.748449	-0.114544	-0.532205	-0.561469	-0.633649
13005	10.137482	-1.767694	-5.425771	-1.460742	-1.363556	0.398348	-0.548388	-0.357532	0.755938	-0.643294	0.757936	-0.108195	-0.534269	-0.545623	-0.645641
13006	10.000048	-1.477888	-5.800825	-1.414174	-1.386521	0.486709	-0.558846	-0.361301	0.746427	-0.633094	0.767243	-0.102617	-0.535615	-0.529906	-0.657508
13007	9.796563	-1.273246	-6.085307	-1.393457	-1.433246	0.562741	-0.570029	-0.364469	0.736362	-0.622473	0.776543	-0.097509	-0.536278	-0.513949	-0.669524
13008	9.403522	-1.103101	-6.491811	-1.343397	-1.379717	0.614472	-0.581156	-0.366681	0.726500	-0.611793	0.785541	-0.092917	-0.536625	-0.498467	-0.680856
13009	8.599014	-0.896234	-6.974326	-1.370006	-1.342179	0.673526	-0.592414	-0.367976	0.716686	-0.600511	0.794722	-0.088341	-0.537059	-0.482712	-0.691778
13010	8.159218	-0.954096	-7.065010	-1.322373	-1.260033	0.701316	-0.603290	-0.368389	0.707341	-0.589280	0.803539	-0.084107	-0.537392	-0.467563	-0.701851
13011	7.348380	-0.879143	-7.229694	-1.236725	-1.105359	0.710910	-0.613353	-0.367770	0.698958	-0.578332	0.811836	-0.080338	-0.537894	-0.453506	-0.710636
13012	6.684882	-0.620172	-7.354473	-1.237402	-0.962785	0.712174	-0.622553	-0.366293	0.691562	-0.567336	0.819931	-0.076438	-0.539034	-0.439935	-0.718261
13013	6.345241	-0.647580	-7.366784	-1.265464	-0.745503	0.687957	-0.630416	-0.363889	0.685682	-0.556216	0.827912	-0.072015	-0.541479	-0.426787	-0.724330
13014	6.361676	-1.220398	-7.521051	-1.261313	-0.495780	0.601932	-0.636364	-0.361003	0.681702	-0.545618	0.835355	-0.066958	-0.545291	-0.414558	-0.728560
