// General information: 
//  MT Manager version: 2022.2.0 
//  XDA version: 2022.2.0 build 7381 rev 124627 built on 2023-07-19
// Device information: 
//  DeviceId: 00B4CB9F
//  ProductCode: MTW2-3A7G6
//  Firmware Version: 4.6.0
//  Hardware Version: 2.0.0
// Device settings: 
//  Filter Profile: human(46.1)
//  Option Flags: Orientation Smoother Disabled, Position/Velocity Smoother Disabled, Continuous Zero Rotation Update Disabled, AHS Disabled, ICC Disabled
// Coordinate system: ENU
PacketCounter	Acc_X	Acc_Y	Acc_Z	Gyr_X	Gyr_Y	Gyr_Z	Mat[1][1]	Mat[2][1]	Mat[3][1]	Mat[1][2]	Mat[2][2]	Mat[3][2]	Mat[1][3]	Mat[2][3]	Mat[3][3]
25111	9.735407	1.126594	-1.131576	-0.043982	-0.010209	0.002027	-0.068616	-0.158718	0.984937	-0.348639	0.928832	0.125389	-0.934742	-0.334784	-0.119068
25112	9.702163	1.173758	-1.026072	-0.064999	0.003343	-0.009459	-0.068603	-0.158765	0.984930	-0.348055	0.929034	0.125511	-0.934961	-0.334199	-0.118994
25113	9.644214	1.252720	-1.076937	-0.053640	0.002608	-0.023262	-0.068587	-0.158899	0.984910	-0.347432	0.929239	0.125723	-0.935193	-0.333566	-0.118941
25114	9.685034	1.202617	-0.971801	-0.055731	-0.002533	-0.040175	-0.068523	-0.159250	0.984857	-0.346955	0.929361	0.126136	-0.935375	-0.333058	-0.118935
25115	9.691932	1.212394	-0.948566	-0.061972	-0.000080	-0.040144	-0.068485	-0.159564	0.984809	-0.346295	0.929554	0.126530	-0.935623	-0.332369	-0.118917
25116	9.654508	1.190494	-1.060700	-0.063638	0.007955	-0.042985	-0.068314	-0.159907	0.984765	-0.345745	0.929697	0.126980	-0.935838	-0.331804	-0.118798
25117	9.638723	1.124703	-1.169602	-0.036572	0.004707	-0.036817	-0.068193	-0.160180	0.984729	-0.345481	0.929750	0.127312	-0.935945	-0.331524	-0.118741
25118	9.630984	1.122829	-1.191879	-0.004799	-0.001579	-0.029126	-0.068158	-0.160426	0.984692	-0.345473	0.929719	0.127557	-0.935950	-0.331490	-0.118791
25119	9.608508	1.109201	-1.260306	0.027451	-0.005131	-0.020756	-0.068224	-0.160599	0.984659	-0.345764	0.929597	0.127661	-0.935838	-0.331750	-0.118950
25120	9.626782	1.226822	-1.294900	0.030734	-0.016347	-0.021260	-0.068355	-0.160820	0.984614	-0.346083	0.929461	0.127786	-0.935710	-0.332023	-0.119190
25121	9.689746	1.263291	-1.246611	0.025527	-0.012917	-0.016340	-0.068476	-0.161003	0.984576	-0.346541	0.929280	0.127859	-0.935532	-0.332440	-0.119428
25122	9.697352	1.329483	-1.160611	0.012546	-0.011125	-0.014303	-0.068583	-0.161142	0.984545	-0.346685	0.929216	0.127937	-0.935471	-0.332553	-0.119593
25123	9.665576	1.343420	-1.154374	-0.017536	-0.012870	-0.019140	-0.068637	-0.161323	0.984512	-0.346772	0.929164	0.128077	-0.935435	-0.332610	-0.119717
25124	9.737018	1.332559	-1.070293	-0.036229	-0.010055	-0.015528	-0.068729	-0.161470	0.984481	-0.346461	0.929259	0.128225	-0.935543	-0.332271	-0.119810
25125	9.810935	1.348006	-1.018453	-0.053555	0.002298	-0.020539	-0.068606	-0.161616	0.984466	-0.346304	0.929290	0.128424	-0.935610	-0.332114	-0.119724
25126	9.662565	1.251498	-0.997851	-0.062594	0.015562	-0.026446	-0.068421	-0.161779	0.984452	-0.345754	0.929456	0.128711	-0.935827	-0.331572	-0.119530
25127	9.588693	1.128659	-1.100797	-0.060758	-0.000369	-0.024526	-0.068472	-0.161935	0.984423	-0.344950	0.929722	0.128944	-0.936120	-0.330748	-0.119519
25128	9.645988	0.995200	-1.114149	-0.027423	-0.009512	-0.022877	-0.068533	-0.162149	0.984384	-0.344726	0.929776	0.129154	-0.936198	-0.330492	-0.119618
25129	9.655486	1.028990	-1.124708	-0.002779	0.004921	-0.022856	-0.068382	-0.162280	0.984372	-0.344924	0.929682	0.129303	-0.936136	-0.330692	-0.119548
25130	9.643809	1.165697	-1.073111	0.019019	0.002631	-0.024257	-0.068325	-0.162467	0.984346	-0.345136	0.929580	0.129471	-0.936062	-0.330887	-0.119586
25131	9.655650	1.225392	-1.116696	0.033484	0.005248	-0.026054	-0.068242	-0.162654	0.984320	-0.345572	0.929397	0.129620	-0.935908	-0.331308	-0.119633
25132	9.636474	1.356746	-1.087931	0.039148	0.008035	-0.025827	-0.068129	-0.162837	0.984298	-0.345973	0.929225	0.129779	-0.935768	-0.331699	-0.119645
25133	9.616437	1.368938	-1.188847	0.040712	0.008304	-0.024713	-0.067989	-0.162997	0.984281	-0.346546	0.928995	0.129904	-0.935566	-0.332266	-0.119648
25134	9.614695	1.364164	-1.265605	0.036120	0.006182	-0.017378	-0.067923	-0.163107	0.984268	-0.346913	0.928846	0.129983	-0.935435	-0.332626	-0.119674
25135	9.635935	1.261722	-1.327284	0.030533	0.002053	-0.006941	-0.067935	-0.163114	0.984266	-0.347250	0.928726	0.129942	-0.935309	-0.332959	-0.119735
25136	9.603977	1.214611	-1.385365	0.026564	-0.008404	-0.006982	-0.068041	-0.163176	0.984248	-0.347521	0.928627	0.129931	-0.935200	-0.333206	-0.119892
25137	9.638625	1.175721	-1.415452	0.021570	-0.020190	-0.009247	-0.068290	-0.163290	0.984212	-0.347728	0.928549	0.129928	-0.935105	-0.333365	-0.120191
25138	9.634723	1.203450	-1.396692	0.009190	-0.023624	-0.007458	-0.068536	-0.163407	0.984175	-0.347837	0.928507	0.129941	-0.935047	-0.333426	-0.120475
25139	9.751203	1.243060	-1.288595	-0.009914	-0.027711	-0.003656	-0.068834	-0.163463	0.984145	-0.347722	0.928554	0.129909	-0.935068	-0.333266	-0.120756
25140	9.791751	1.303018	-1.133149	-0.030490	-0.008313	-0.007296	-0.068938	-0.163528	0.984127	-0.347459	0.928644	0.129969	-0.935158	-0.332984	-0.120838
25141	9.687526	1.309889	-1.100058	-0.054607	0.004378	-0.018284	-0.068971	-0.163647	0.984105	-0.346856	0.928845	0.130148	-0.935379	-0.332366	-0.120825
25142	9.654643	1.377802	-1.103807	-0.056091	0.000335	-0.021181	-0.068946	-0.163812	0.984079	-0.346363	0.928997	0.130376	-0.935563	-0.331860	-0.120789
25143	9.634994	1.317510	-1.082134	-0.039986	-0.000901	-0.021003	-0.068945	-0.164000	0.984048	-0.346208	0.929026	0.130574	-0.935621	-0.331683	-0.120830
25144	9.651599	1.164083	-1.077301	-0.007825	-0.000277	-0.013531	-0.068952	-0.164096	0.984032	-0.346162	0.929030	0.130668	-0.935637	-0.331625	-0.120862
25145	9.616160	1.145024	-1.113337	0.012778	0.007528	-0.011768	-0.068913	-0.164152	0.984025	-0.346394	0.928939	0.130705	-0.935554	-0.331854	-0.120877
25146	9.632798	1.122833	-1.165931	0.019702	-0.001112	-0.004057	-0.068961	-0.164163	0.984020	-0.346599	0.928867	0.130672	-0.935475	-0.332049	-0.120954
25147	9.631485	1.176402	-1.178335	0.026407	-0.000116	-0.008733	-0.068984	-0.164205	0.984011	-0.346956	0.928736	0.130657	-0.935341	-0.332395	-0.121040
25148	9.600922	1.268555	-1.216697	0.039380	-0.001534	-0.013436	-0.069003	-0.164304	0.983993	-0.347352	0.928583	0.130693	-0.935193	-0.332773	-0.121147
25149	9.625785	1.331322	-1.292991	0.033792	-0.008111	-0.015450	-0.068994	-0.164418	0.983975	-0.347924	0.928364	0.130730	-0.934981	-0.333328	-0.121256
25150	9.651166	1.321162	-1.247315	0.020352	-0.009420	-0.011423	-0.069094	-0.164525	0.983950	-0.348140	0.928277	0.130769	-0.934893	-0.333517	-0.121416
25151	9.688488	1.368608	-1.245145	0.003703	-0.006781	-0.013145	-0.069099	-0.164596	0.983938	-0.348305	0.928209	0.130813	-0.934831	-0.333671	-0.121468
25152	9.678652	1.338415	-1.234746	-0.022355	0.000864	-0.009934	-0.069108	-0.164655	0.983927	-0.348121	0.928267	0.130889	-0.934899	-0.333480	-0.121470
25153	9.648312	1.298687	-1.214928	-0.037838	-0.003101	-0.010355	-0.069137	-0.164720	0.983914	-0.347909	0.928335	0.130969	-0.934976	-0.333258	-0.121490
25154	9.667377	1.170803	-1.243536	-0.040296	-0.009496	-0.007489	-0.069251	-0.164791	0.983894	-0.347555	0.928457	0.131043	-0.935099	-0.332883	-0.121571
25155	9.724330	1.148678	-1.204634	-0.034559	-0.010839	-0.006398	-0.069310	-0.164838	0.983882	-0.347485	0.928479	0.131077	-0.935120	-0.332800	-0.121631
25156	9.691733	1.082600	-1.152338	-0.032091	-0.004431	-0.009257	-0.069370	-0.164908	0.983866	-0.347210	0.928570	0.131159	-0.935218	-0.332510	-0.121673
25157	9.728470	1.110661	-1.039415	-0.029418	-0.009748	-0.014843	-0.069423	-0.165020	0.983844	-0.347061	0.928611	0.131265	-0.935269	-0.332341	-0.121739
25158	9.749420	1.241439	-0.918347	-0.038036	0.006572	-0.022720	-0.069335	-0.165178	0.983824	-0.346740	0.928700	0.131487	-0.935395	-0.332014	-0.121665
25159	9.690680	1.320836	-0.968417	-0.018510	0.014094	-0.031174	-0.069172	-0.165382	0.983801	-0.346632	0.928703	0.131747	-0.935447	-0.331904	-0.121567
25160	9.603646	1.326315	-1.097119	-0.011188	0.009901	-0.036103	-0.069006	-0.165653	0.983767	-0.346571	0.928680	0.132067	-0.935482	-0.331832	-0.121495
25161	9.623565	1.279825	-1.170381	0.002457	0.001919	-0.030416	-0.068898	-0.165856	0.983740	-0.346660	0.928616	0.132283	-0.935457	-0.331910	-0.121475
25162	9.626908	1.255140	-1.190833	0.013651	0.014395	-0.021050	-0.068742	-0.165972	0.983732	-0.346821	0.928536	0.132425	-0.935409	-0.332076	-0.121392
25163	9.568019	1.273845	-1.306376	0.026732	0.008166	-0.019569	-0.068696	-0.166047	0.983722	-0.346896	0.928497	0.132501	-0.935384	-0.332147	-0.121385
25164	9.597919	1.316576	-1.325816	0.028974	-0.000564	-0.020511	-0.068681	-0.166209	0.983696	-0.347200	0.928367	0.132619	-0.935273	-0.332431	-0.121469
25165	9.623956	1.326855	-1.389640	0.017161	-0.005423	-0.017173	-0.068710	-0.166358	0.983669	-0.347561	0.928219	0.132703	-0.935136	-0.332767	-0.121597
25166	9.655160	1.316281	-1.397678	-0.003560	-0.005667	-0.015339	-0.068761	-0.166489	0.983643	-0.347557	0.928206	0.132810	-0.935134	-0.332740	-0.121689
25167	9.635916	1.314502	-1.312269	-0.023208	-0.008038	-0.015739	-0.068833	-0.166607	0.983618	-0.347390	0.928253	0.132919	-0.935191	-0.332550	-0.121772
25168	9.657788	1.332288	-1.244199	-0.046164	0.000454	-0.012958	-0.068835	-0.166695	0.983603	-0.346986	0.928384	0.133054	-0.935341	-0.332137	-0.121746
25169	9.657684	1.394006	-1.178781	-0.063665	-0.005806	-0.020482	-0.068755	-0.166861	0.983580	-0.346772	0.928434	0.133266	-0.935426	-0.331915	-0.121697
25170	9.600945	1.346869	-1.095717	-0.082293	-0.006133	-0.023966	-0.068780	-0.167073	0.983542	-0.346037	0.928667	0.133553	-0.935696	-0.331157	-0.121687
25171	9.667264	1.086857	-1.029178	-0.101962	-0.004666	-0.022541	-0.068816	-0.167232	0.983513	-0.345036	0.929000	0.133821	-0.936063	-0.330139	-0.121631
25172	9.709782	0.902993	-0.867176	-0.102134	0.006747	-0.017113	-0.068745	-0.167338	0.983500	-0.344111	0.929309	0.134064	-0.936409	-0.329217	-0.121468
25173	9.729531	1.107655	-0.865289	-0.084849	0.023062	-0.024583	-0.068539	-0.167460	0.983494	-0.343369	0.929543	0.134344	-0.936696	-0.328494	-0.121211
25174	9.637784	1.312119	-0.851775	-0.047908	0.038276	-0.036129	-0.068108	-0.167639	0.983493	-0.342964	0.929639	0.134708	-0.936876	-0.328128	-0.120810
25175	9.637597	1.375193	-0.782737	-0.015716	0.032367	-0.040284	-0.067755	-0.167864	0.983479	-0.342847	0.929632	0.135053	-0.936944	-0.328033	-0.120539
25176	9.689326	1.436276	-0.730165	-0.013788	0.039859	-0.041997	-0.067289	-0.168092	0.983472	-0.342766	0.929607	0.135434	-0.937008	-0.327987	-0.120169
25177	9.621469	1.506082	-0.876629	-0.038630	0.041613	-0.042777	-0.066813	-0.168277	0.983473	-0.342356	0.929702	0.135818	-0.937192	-0.327624	-0.119727
25178	9.526031	1.442421	-1.168586	-0.033382	0.013380	-0.033497	-0.066624	-0.168513	0.983445	-0.342085	0.929755	0.136139	-0.937304	-0.327352	-0.119590
25179	9.580130	1.351404	-1.348210	-0.014156	-0.016014	-0.018735	-0.066767	-0.168685	0.983406	-0.341990	0.929771	0.136266	-0.937329	-0.327217	-0.119767
25180	9.587150	1.239877	-1.458665	0.012682	-0.038569	-0.009931	-0.067146	-0.168872	0.983348	-0.342135	0.929713	0.136299	-0.937249	-0.327285	-0.120204
25181	9.603363	1.158861	-1.581592	0.032186	-0.055863	-0.004158	-0.067713	-0.169033	0.983282	-0.342436	0.929613	0.136226	-0.937098	-0.327487	-0.120830
25182	9.749569	1.026550	-1.394532	0.017791	-0.058856	0.000314	-0.068317	-0.169192	0.983213	-0.342622	0.929555	0.136152	-0.936986	-0.327569	-0.121473
25183	9.860857	1.051977	-1.046272	-0.041428	-0.021773	-0.008669	-0.068472	-0.169277	0.983187	-0.342396	0.929630	0.136211	-0.937058	-0.327312	-0.121613
25184	9.832597	1.275406	-0.798555	-0.092862	0.014240	-0.024549	-0.068305	-0.169427	0.983173	-0.341561	0.929892	0.136516	-0.937374	-0.326489	-0.121387
25185	9.717468	1.503142	-0.677206	-0.111929	0.036835	-0.048195	-0.067986	-0.169701	0.983148	-0.340259	0.930291	0.137048	-0.937871	-0.325208	-0.120990
25186	9.673842	1.521252	-0.555031	-0.101430	0.055956	-0.049133	-0.067346	-0.169945	0.983150	-0.339360	0.930537	0.137604	-0.938243	-0.324375	-0.120340
25187	9.798621	1.378854	-0.423025	-0.107350	0.070190	-0.055359	-0.066558	-0.170164	0.983165	-0.338352	0.930816	0.138198	-0.938663	-0.323458	-0.119528
25188	9.792180	1.246519	-0.380433	-0.102637	0.094853	-0.058171	-0.065522	-0.170367	0.983200	-0.337446	0.931049	0.138843	-0.939062	-0.322680	-0.118494
25189	9.791765	1.391866	-0.347071	-0.122172	0.121361	-0.070816	-0.064149	-0.170601	0.983250	-0.336601	0.931240	0.139616	-0.939460	-0.322007	-0.117162
25190	9.708803	1.637428	-0.254108	-0.146711	0.144855	-0.090090	-0.062536	-0.170942	0.983294	-0.335299	0.931558	0.140623	-0.940034	-0.320904	-0.115573
25191	9.631473	1.745212	-0.233962	-0.150175	0.173316	-0.095353	-0.060572	-0.171204	0.983372	-0.334082	0.931839	0.141654	-0.940596	-0.319946	-0.113640
25192	9.606509	1.649728	-0.392455	-0.116376	0.195195	-0.099875	-0.058454	-0.171479	0.983452	-0.333066	0.932040	0.142718	-0.941090	-0.319212	-0.111595
25193	9.576467	1.490794	-0.639306	-0.064858	0.202049	-0.089995	-0.056370	-0.171600	0.983553	-0.332308	0.932176	0.143591	-0.941485	-0.318748	-0.109571
25194	9.532557	1.379026	-0.867148	-0.013082	0.192200	-0.076811	-0.054356	-0.171671	0.983654	-0.332247	0.932087	0.144312	-0.941625	-0.318972	-0.107702
25195	9.542462	1.344723	-1.156593	0.020323	0.174459	-0.070825	-0.052546	-0.171721	0.983743	-0.332500	0.931904	0.144912	-0.941638	-0.319480	-0.106065
25196	9.561403	1.404577	-1.314993	0.022875	0.152526	-0.064046	-0.050948	-0.171798	0.983814	-0.332768	0.931721	0.145469	-0.941631	-0.319971	-0.104639
25197	9.525619	1.433793	-1.504171	-0.008019	0.129003	-0.060695	-0.049555	-0.171889	0.983869	-0.332810	0.931623	0.145998	-0.941691	-0.320207	-0.103373
25198	9.422439	1.283751	-1.793563	-0.030724	0.073586	-0.047956	-0.048753	-0.172068	0.983878	-0.332565	0.931639	0.146453	-0.941819	-0.320063	-0.102644
25199	9.456061	1.203277	-2.093197	-0.014878	0.015157	-0.028782	-0.048542	-0.172215	0.983863	-0.332450	0.931646	0.146673	-0.941871	-0.319965	-0.102476
25200	9.554679	1.054493	-2.247032	0.020946	-0.032447	-0.019779	-0.048832	-0.172471	0.983803	-0.332677	0.931545	0.146797	-0.941776	-0.320120	-0.102867
25201	9.526257	0.731646	-2.355090	0.049399	-0.065966	-0.018069	-0.049507	-0.172799	0.983712	-0.333062	0.931400	0.146848	-0.941604	-0.320368	-0.103664
25202	9.522946	0.561525	-2.430187	0.088380	-0.107265	-0.018215	-0.050507	-0.173280	0.983577	-0.333924	0.931085	0.146886	-0.941246	-0.321021	-0.104889
25203	9.695190	0.778762	-2.178498	0.109404	-0.128923	-0.007858	-0.051691	-0.173735	0.983435	-0.335268	0.930618	0.146782	-0.940704	-0.322127	-0.106352
25204	9.736917	1.073378	-1.801416	0.094365	-0.122885	-0.001318	-0.052893	-0.174111	0.983304	-0.336177	0.930312	0.146645	-0.940312	-0.322808	-0.107739
25205	9.761364	1.385544	-1.448652	0.057395	-0.123860	-0.005767	-0.054109	-0.174504	0.983169	-0.336693	0.930139	0.146561	-0.940059	-0.323095	-0.109083
25206	9.785820	1.534108	-1.083908	0.020607	-0.109242	-0.014628	-0.055137	-0.174961	0.983030	-0.336915	0.930047	0.146633	-0.939919	-0.323112	-0.110227
25207	9.726397	1.531499	-0.682178	-0.031532	-0.080414	-0.018636	-0.055876	-0.175351	0.982919	-0.336766	0.930077	0.146780	-0.939929	-0.322813	-0.111021
25208	9.777133	1.356257	-0.428204	-0.080799	-0.042769	-0.022056	-0.056255	-0.175662	0.982842	-0.336039	0.930300	0.147037	-0.940166	-0.322002	-0.111363
25209	9.755628	1.103027	-0.365544	-0.073603	0.001756	-0.016084	-0.056145	-0.175760	0.982831	-0.335673	0.930405	0.147209	-0.940304	-0.321645	-0.111235
25210	9.648914	1.012185	-0.519435	0.020806	0.022391	-0.022923	-0.055908	-0.175869	0.982825	-0.335902	0.930298	0.147362	-0.940236	-0.321894	-0.111086
25211	9.545699	1.129652	-0.904449	0.170021	0.017772	-0.035670	-0.055598	-0.176096	0.982802	-0.337815	0.929591	0.147452	-0.939569	-0.323807	-0.111171
25212	9.483720	1.271639	-1.233612	0.283173	-0.020224	-0.051396	-0.055664	-0.176608	0.982706	-0.340523	0.928580	0.147592	-0.938587	-0.326418	-0.111828
25213	9.440340	1.241250	-1.377302	0.328040	-0.045952	-0.050867	-0.055967	-0.177144	0.982592	-0.343538	0.927461	0.147637	-0.937469	-0.329295	-0.112763
25214	9.468188	1.362404	-1.451541	0.353743	-0.087217	-0.042887	-0.056687	-0.177798	0.982433	-0.346897	0.926215	0.147608	-0.936189	-0.332436	-0.114182
25215	9.550674	1.605911	-1.733964	0.394943	-0.102135	-0.027222	-0.057638	-0.178299	0.982287	-0.350376	0.924949	0.147332	-0.934834	-0.335678	-0.115784
25216	9.502222	1.679983	-1.834587	0.452807	-0.111318	-0.008729	-0.058698	-0.178724	0.982147	-0.354631	0.923404	0.146840	-0.933162	-0.339680	-0.117583
25217	9.569158	1.726232	-1.968589	0.469915	-0.140843	0.009729	-0.060145	-0.179047	0.982000	-0.358875	0.921880	0.146105	-0.931446	-0.343628	-0.119702
25218	9.584033	1.691919	-2.043000	0.421625	-0.159001	0.042561	-0.061830	-0.179173	0.981873	-0.362793	0.920500	0.145128	-0.929816	-0.347243	-0.121917
25219	9.618923	1.714948	-1.875575	0.330329	-0.175650	0.075733	-0.063750	-0.179035	0.981775	-0.365941	0.919444	0.143907	-0.928452	-0.350098	-0.124131
25220	9.660718	1.787181	-1.510825	0.223779	-0.176844	0.091099	-0.065778	-0.178788	0.981686	-0.367979	0.918822	0.142683	-0.927505	-0.351854	-0.126228
25221	9.802395	1.972152	-0.806998	0.078174	-0.152440	0.084375	-0.067610	-0.178488	0.981616	-0.368520	0.918760	0.141677	-0.927158	-0.352167	-0.127894
25222	9.841751	2.225538	0.000241	-0.096881	-0.088625	0.053120	-0.068679	-0.178281	0.981580	-0.367605	0.919196	0.141230	-0.927442	-0.351134	-0.128667
25223	9.912400	2.193185	0.513497	-0.274055	-0.000474	0.018157	-0.068781	-0.178054	0.981614	-0.365060	0.920193	0.141334	-0.928440	-0.348627	-0.128292
25224	9.881334	1.801422	0.686900	-0.347054	0.088857	-0.000448	-0.068006	-0.177719	0.981729	-0.361856	0.921397	0.141731	-0.929750	-0.345606	-0.126969
25225	9.656275	1.259269	0.596378	-0.274374	0.153422	-0.009704	-0.066598	-0.177242	0.981911	-0.359417	0.922294	0.142103	-0.930797	-0.343452	-0.125127
25226	9.499392	1.058168	0.503587	-0.110501	0.165984	-0.011284	-0.065064	-0.176746	0.982104	-0.358416	0.922653	0.142302	-0.931292	-0.342743	-0.123380
25227	9.414831	1.024321	0.291000	0.037752	0.151087	-0.012186	-0.063697	-0.176285	0.982276	-0.358752	0.922523	0.142297	-0.931257	-0.343330	-0.122004
25228	9.355968	1.217669	-0.017260	0.135030	0.096333	-0.021028	-0.062776	-0.176116	0.982366	-0.360043	0.922021	0.142290	-0.930821	-0.344761	-0.121290
25229	9.464897	1.395231	-0.566055	0.196486	0.038681	-0.019840	-0.062455	-0.176142	0.982381	-0.362028	0.921262	0.142168	-0.930072	-0.346771	-0.121306
25230	9.495961	1.514271	-1.293787	0.270596	-0.019342	-0.019386	-0.062616	-0.176357	0.982333	-0.364576	0.920286	0.141979	-0.929066	-0.349245	-0.121921
25231	9.399165	1.527094	-2.095693	0.370434	-0.097014	0.001723	-0.063673	-0.176621	0.982217	-0.367849	0.919069	0.141419	-0.927703	-0.352303	-0.123489
25232	9.336890	1.419892	-2.810383	0.431715	-0.183269	0.042344	-0.065580	-0.176850	0.982051	-0.371843	0.917615	0.140415	-0.925976	-0.355960	-0.125938
25233	9.261760	1.451505	-3.650637	0.476255	-0.289244	0.089171	-0.068659	-0.177011	0.981811	-0.376182	0.916082	0.138854	-0.923998	-0.359806	-0.129486
25234	9.399530	1.366217	-3.935531	0.469458	-0.411912	0.139183	-0.073040	-0.177196	0.981462	-0.380436	0.914631	0.136818	-0.921918	-0.363390	-0.134216
25235	9.501551	1.687964	-3.559304	0.328340	-0.454089	0.186836	-0.078114	-0.177086	0.981091	-0.383118	0.913862	0.134448	-0.920390	-0.365372	-0.139231
25236	9.567895	2.119341	-3.041818	0.091323	-0.482885	0.214499	-0.083432	-0.176860	0.980693	-0.383804	0.913908	0.132164	-0.919638	-0.365368	-0.144129
25237	9.722388	2.415886	-2.429033	-0.252101	-0.475633	0.224810	-0.088707	-0.176498	0.980296	-0.381373	0.915197	0.130266	-0.920155	-0.362303	-0.148496
25238	9.613590	2.295923	-1.865007	-0.586120	-0.469085	0.228391	-0.093945	-0.176059	0.979886	-0.375785	0.917704	0.128859	-0.921933	-0.356121	-0.152374
25239	9.648142	2.120387	-1.488967	-0.808526	-0.456549	0.215200	-0.099035	-0.175657	0.979457	-0.368144	0.920925	0.127935	-0.924479	-0.347911	-0.155871
25240	9.578904	1.625345	-1.338771	-0.919321	-0.441190	0.194014	-0.103878	-0.175350	0.979011	-0.359453	0.924421	0.127432	-0.927363	-0.338671	-0.159057
25241	9.552916	1.225142	-0.887371	-0.906220	-0.432950	0.183745	-0.108670	-0.175066	0.978541	-0.350835	0.927782	0.127024	-0.930111	-0.329502	-0.162242
25242	9.725213	1.307854	-0.282508	-0.891243	-0.406464	0.158622	-0.113058	-0.174881	0.978077	-0.342375	0.930957	0.126880	-0.932736	-0.320525	-0.165127
25243	9.848024	1.325166	0.279918	-0.903313	-0.344809	0.127282	-0.116820	-0.174757	0.977657	-0.333812	0.934035	0.127072	-0.935373	-0.311509	-0.167450
25244	9.970356	1.325749	0.585098	-0.855991	-0.280040	0.101485	-0.119829	-0.174635	0.977315	-0.325693	0.936844	0.127470	-0.937852	-0.303029	-0.169138
25245	9.947415	1.056118	0.687241	-0.727801	-0.209063	0.072032	-0.122126	-0.174555	0.977044	-0.318803	0.939147	0.127936	-0.939920	-0.295861	-0.170343
25246	9.676129	0.853090	0.525458	-0.486073	-0.165553	0.054214	-0.123905	-0.174498	0.976831	-0.314183	0.940669	0.128186	-0.941242	-0.291020	-0.171378
25247	9.510283	0.705065	0.019930	-0.193559	-0.153484	0.052209	-0.125574	-0.174416	0.976632	-0.312365	0.941307	0.127944	-0.941626	-0.288999	-0.172685
25248	9.370119	0.517642	-0.596519	0.038377	-0.169950	0.060376	-0.127413	-0.174305	0.976414	-0.312668	0.941302	0.127236	-0.941278	-0.289081	-0.174434
25249	9.569091	0.363265	-1.089617	0.208892	-0.223354	0.050180	-0.129800	-0.174374	0.976087	-0.314297	0.940887	0.126291	-0.940409	-0.290389	-0.176932
25250	9.752898	0.526981	-1.592153	0.308380	-0.224905	0.043446	-0.132101	-0.174587	0.975740	-0.317156	0.940064	0.125266	-0.939128	-0.292914	-0.179555
25251	9.700096	0.928732	-1.546015	0.369683	-0.206562	0.056919	-0.134214	-0.174626	0.975445	-0.320726	0.939023	0.123977	-0.937615	-0.296211	-0.182037
25252	9.747184	1.572947	-1.242441	0.324753	-0.184609	0.054515	-0.136170	-0.174630	0.975173	-0.323712	0.938153	0.122799	-0.936306	-0.298954	-0.184278
25253	9.856617	2.089618	-0.827108	0.170719	-0.136213	0.026193	-0.137577	-0.174729	0.974958	-0.325280	0.937695	0.122151	-0.935556	-0.300329	-0.185841
25254	9.825075	2.324772	-0.314222	-0.017163	-0.074871	-0.003505	-0.138317	-0.174953	0.974813	-0.325141	0.937742	0.122165	-0.935495	-0.300054	-0.186590
25255	9.825497	2.191975	-0.207264	-0.171047	0.003822	-0.024413	-0.138162	-0.175106	0.974807	-0.323645	0.938195	0.122658	-0.936037	-0.298545	-0.186295
25256	9.601417	1.697721	-0.597973	-0.189001	0.030906	-0.012319	-0.137884	-0.175095	0.974849	-0.321909	0.938737	0.123078	-0.936676	-0.296842	-0.185801
25257	9.329604	1.233136	-1.057274	-0.123185	0.020274	0.004987	-0.137737	-0.174929	0.974899	-0.320778	0.939110	0.123187	-0.937086	-0.295758	-0.185464
25258	9.191668	0.690048	-2.283711	0.072482	-0.061194	0.020799	-0.138428	-0.174881	0.974810	-0.321445	0.938932	0.122798	-0.936755	-0.296349	-0.186189
25259	9.109182	-0.049639	-3.345824	0.337141	-0.213683	0.066763	-0.140645	-0.174840	0.974500	-0.324595	0.938024	0.121448	-0.935338	-0.299237	-0.188681
25260	8.997136	-0.486009	-3.967798	0.595887	-0.370959	0.116978	-0.144544	-0.174829	0.973931	-0.330011	0.936431	0.119119	-0.932845	-0.304190	-0.193051
25261	9.039645	-0.113846	-3.905992	0.806733	-0.541876	0.169276	-0.150214	-0.174842	0.973070	-0.337251	0.934265	0.115807	-0.929353	-0.310774	-0.199305
25262	9.586702	1.028977	-3.333114	0.812507	-0.634648	0.199621	-0.156832	-0.174939	0.972008	-0.344497	0.932063	0.112165	-0.925595	-0.317263	-0.206443
25263	9.845385	1.556019	-3.332394	0.704704	-0.683123	0.218099	-0.163962	-0.175026	0.970815	-0.350641	0.930205	0.108484	-0.922045	-0.322620	-0.213889
25264	9.638386	1.372435	-3.211925	0.576129	-0.687245	0.247024	-0.171211	-0.174929	0.969581	-0.355545	0.928767	0.104782	-0.918844	-0.326790	-0.221210
25265	9.104592	1.124570	-2.812685	0.469235	-0.698389	0.277349	-0.178676	-0.174537	0.968304	-0.359209	0.927781	0.100950	-0.915993	-0.329786	-0.228468
25266	9.258852	1.106228	-2.247132	0.405145	-0.670603	0.326259	-0.186039	-0.173699	0.967067	-0.362334	0.927008	0.096800	-0.913293	-0.332393	-0.235396
25267	9.820675	1.356616	-1.047562	0.246440	-0.623588	0.318766	-0.192999	-0.172759	0.965871	-0.363929	0.926768	0.093045	-0.911212	-0.333550	-0.241737
25268	10.584728	2.178625	0.644248	-0.062361	-0.513580	0.221053	-0.198532	-0.172386	0.964815	-0.362941	0.927357	0.091010	-0.910417	-0.332103	-0.246676
25269	11.005359	2.636137	1.924399	-0.377330	-0.317834	0.072972	-0.201753	-0.172755	0.964081	-0.359500	0.928680	0.091179	-0.911074	-0.328192	-0.249470
25270	10.985454	2.230128	2.799765	-0.492639	-0.104642	-0.047795	-0.202588	-0.173508	0.963770	-0.355118	0.930202	0.092817	-0.912606	-0.323449	-0.250064
25271	10.519340	1.670086	3.443657	-0.299312	0.073869	-0.117419	-0.201530	-0.174315	0.963846	-0.352673	0.930950	0.094626	-0.913788	-0.320852	-0.249090
25272	10.247732	1.290302	3.791990	0.120172	0.202556	-0.118962	-0.199310	-0.174738	0.964231	-0.354022	0.930356	0.095422	-0.913753	-0.322341	-0.247290
25273	10.130924	0.989107	3.639731	0.491008	0.304504	-0.102670	-0.196206	-0.174631	0.964887	-0.358713	0.928589	0.095119	-0.912594	-0.327454	-0.244837
25274	10.100757	0.940902	3.060144	0.749869	0.394875	-0.083290	-0.192357	-0.174063	0.965765	-0.365724	0.925960	0.094045	-0.910629	-0.335113	-0.241773
25275	10.559741	1.178727	1.934677	0.912741	0.461945	-0.063171	-0.187974	-0.173015	0.966815	-0.374202	0.922735	0.092372	-0.908096	-0.344421	-0.238193
25276	10.908018	1.351573	0.521931	1.064743	0.518718	-0.039719	-0.183173	-0.171535	0.968000	-0.383943	0.918942	0.090189	-0.905006	-0.355136	-0.234185
25277	11.336463	1.240536	-1.070693	1.242626	0.503164	-0.014194	-0.178520	-0.169891	0.969158	-0.395597	0.914256	0.087397	-0.900907	-0.367794	-0.230421
25278	12.720486	0.513896	-2.502421	1.406167	0.430108	0.039270	-0.174867	-0.167891	0.970172	-0.408176	0.909054	0.083744	-0.895999	-0.381357	-0.227492
25279	12.778135	0.344998	-2.879146	1.334414	0.453660	0.063833	-0.171170	-0.165513	0.971240	-0.420087	0.903950	0.080010	-0.891195	-0.394310	-0.224259
25280	11.822130	1.355146	-2.204347	0.947582	0.428080	0.034673	-0.167563	-0.163464	0.972215	-0.428472	0.900224	0.077511	-0.887882	-0.403579	-0.220884
25281	11.468978	2.443394	-1.030517	0.424824	0.418007	0.021692	-0.163996	-0.161580	0.973138	-0.432454	0.898422	0.076295	-0.886616	-0.408326	-0.217213
25282	11.389061	3.074573	0.932701	-0.106337	0.480335	-0.006558	-0.159760	-0.159649	0.974161	-0.431537	0.898843	0.076535	-0.887836	-0.408159	-0.212494
25283	11.318627	3.148638	2.954343	-0.516986	0.682185	-0.025041	-0.153706	-0.157103	0.975548	-0.427138	0.900836	0.077772	-0.891026	-0.404739	-0.205569
25284	11.011171	3.336986	3.839596	-0.817847	0.985789	-0.036860	-0.144796	-0.153446	0.977491	-0.419901	0.904062	0.079719	-0.895945	-0.398907	-0.195337
25285	10.443534	2.804700	3.238712	-1.113896	1.301348	-0.020789	-0.133174	-0.148385	0.979922	-0.409776	0.908504	0.081881	-0.902412	-0.390644	-0.181793
25286	9.920585	1.106651	2.976698	-1.448660	1.527352	0.034631	-0.119524	-0.142156	0.982601	-0.396621	0.914131	0.084005	-0.910168	-0.379679	-0.165643
25287	10.082736	-0.842127	2.978114	-1.590805	1.742296	0.127398	-0.104121	-0.134449	0.985435	-0.382177	0.920157	0.085162	-0.918205	-0.367743	-0.147191
25288	10.374350	-1.775277	2.799786	-1.448796	1.934185	0.182918	-0.087030	-0.125721	0.988241	-0.368666	0.925641	0.085291	-0.925479	-0.356907	-0.126908
25289	10.940638	-1.441776	2.637449	-1.116192	2.096277	0.177467	-0.068260	-0.116555	0.990836	-0.358220	0.929788	0.084696	-0.931138	-0.349156	-0.105220
25290	11.407409	-0.366214	2.448361	-0.744937	2.216580	0.081791	-0.047919	-0.108071	0.992988	-0.351243	0.932460	0.084533	-0.935057	-0.344730	-0.082642
25291	11.518946	0.667357	2.215261	-0.527501	2.225731	-0.067841	-0.026955	-0.100948	0.994526	-0.346402	0.934188	0.085435	-0.937699	-0.342203	-0.060149
25292	11.833879	1.700816	1.958949	-0.555221	2.226533	-0.257078	-0.005219	-0.095733	0.995393	-0.341255	0.935822	0.088214	-0.939956	-0.339222	-0.037553
25293	11.338404	2.066873	1.263121	-0.906703	2.136623	-0.355138	0.016067	-0.091738	0.995654	-0.332832	0.938503	0.091843	-0.942849	-0.332861	-0.015454
25294	10.514285	1.150902	-0.250938	-1.111991	1.873079	-0.336886	0.034810	-0.088719	0.995448	-0.322270	0.941847	0.095211	-0.946007	-0.324118	0.004194
25295	10.953645	1.156197	-2.068609	-0.872338	1.705864	-0.306504	0.051918	-0.086036	0.994938	-0.314243	0.944266	0.098052	-0.947922	-0.317743	0.021988
25296	11.091278	1.518995	-2.668107	-0.894703	1.781481	-0.184765	0.069343	-0.082150	0.994205	-0.305670	0.946918	0.099562	-0.949609	-0.310803	0.040551
25297	10.864582	1.683378	-2.955360	-1.188590	1.858965	-0.070567	0.087096	-0.077025	0.993218	-0.294353	0.950501	0.099524	-0.951720	-0.301024	0.060113
25298	10.857371	-0.006674	-3.453209	-1.563211	1.947341	-0.035048	0.105706	-0.071591	0.991817	-0.279451	0.955071	0.098723	-0.954323	-0.287600	0.080951
25299	10.560273	-1.031682	-3.208531	-1.380662	1.929264	0.060283	0.123806	-0.065485	0.990143	-0.266342	0.959013	0.096729	-0.955894	-0.275693	0.101290
25300	10.373520	-0.752519	-2.828769	-0.960066	1.921736	0.164015	0.141697	-0.058651	0.988171	-0.257416	0.961719	0.093993	-0.955855	-0.267689	0.121175
25301	10.101714	-0.210102	-2.480001	-0.684309	1.870433	0.221068	0.158882	-0.051451	0.985956	-0.251002	0.963724	0.090738	-0.954858	-0.261893	0.140204
25302	10.332411	0.305000	-2.437426	-0.487101	1.743572	0.248925	0.174848	-0.044479	0.983590	-0.246804	0.965105	0.087517	-0.953161	-0.258056	0.157770
25303	10.535748	0.650037	-2.301198	-0.440653	1.673107	0.255633	0.189987	-0.037627	0.981065	-0.242958	0.966383	0.084114	-0.951250	-0.254339	0.174458
25304	10.028666	1.032715	-2.203553	-0.536218	1.609485	0.259476	0.204610	-0.031023	0.978352	-0.238410	0.967818	0.080549	-0.949366	-0.249730	0.190629
25305	9.598631	1.435545	-2.029207	-0.674212	1.501499	0.252481	0.218065	-0.024795	0.975619	-0.232519	0.969570	0.076612	-0.947830	-0.243556	0.205665
25306	9.108822	1.666122	-1.807632	-0.849727	1.397692	0.235669	0.230719	-0.019119	0.972833	-0.225036	0.971652	0.072466	-0.946640	-0.235641	0.219876
25307	8.743263	1.908699	-1.527480	-0.991567	1.276333	0.209735	0.242232	-0.014012	0.970117	-0.216341	0.973941	0.068086	-0.945791	-0.226369	0.232888
25308	8.545952	2.176089	-1.204752	-1.120132	1.185312	0.188496	0.252994	-0.009515	0.967421	-0.206255	0.976433	0.063542	-0.945226	-0.215612	0.245070
25309	7.911155	2.209644	-0.943308	-1.307021	1.104152	0.158852	0.262971	-0.005605	0.964788	-0.194208	0.979207	0.058624	-0.945055	-0.202786	0.256414
25310	7.565923	2.191874	-0.924566	-1.497190	0.966254	0.127774	0.271819	-0.002422	0.962345	-0.180438	0.982134	0.053437	-0.945281	-0.188169	0.266526
25311	7.615986	1.525906	-1.342439	-1.605359	0.863295	0.150401	0.279499	0.000560	0.960146	-0.165264	0.985103	0.047533	-0.945816	-0.171963	0.275428
25312	7.217769	0.835122	-1.501770	-1.587498	0.824136	0.143285	0.287024	0.003369	0.957918	-0.150693	0.987702	0.041679	-0.945996	-0.156314	0.284002
25313	6.907549	0.404313	-1.439610	-1.458826	0.738790	0.101250	0.293586	0.005384	0.955917	-0.136779	0.989931	0.036432	-0.946097	-0.141445	0.291367
25314	6.883358	-0.173562	-1.329890	-1.182846	0.620916	0.065496	0.299331	0.006919	0.954124	-0.125824	0.991527	0.032284	-0.945817	-0.129715	0.297665
25315	6.630661	-1.054261	-1.003716	-0.794121	0.488361	0.069555	0.303679	0.008192	0.952739	-0.118274	0.992553	0.029164	-0.945405	-0.121541	0.302386
25316	6.485404	-1.321437	-0.616496	-0.408806	0.293576	0.090335	0.306306	0.009485	0.951886	-0.114727	0.993029	0.027023	-0.944994	-0.117484	0.305259
25317	6.220772	-1.456320	-0.395403	-0.171660	0.079706	0.097253	0.306655	0.010421	0.951764	-0.112909	0.993278	0.025503	-0.945100	-0.115284	0.305770
25318	5.961271	-1.561877	-0.331619	-0.174031	-0.105309	0.043778	0.305568	0.010780	0.952109	-0.111439	0.993469	0.024516	-0.945627	-0.113593	0.304774
25319	6.476857	-2.512727	-0.431500	-0.110774	-0.242875	-0.029490	0.303177	0.010247	0.952879	-0.110234	0.993606	0.024388	-0.946537	-0.112434	0.302369
25320	7.447499	-3.475432	1.254702	0.119824	-0.194137	0.007735	0.301288	0.010149	0.953479	-0.111433	0.993467	0.024637	-0.946999	-0.113671	0.300451
25321	9.015418	-3.370892	6.034413	0.400743	0.042023	0.164252	0.301381	0.011735	0.953432	-0.115114	0.993058	0.024165	-0.946529	-0.117037	0.300640
25322	10.413686	-0.472963	11.856906	1.135779	0.203643	0.170776	0.303058	0.013724	0.952873	-0.126410	0.991639	0.025922	-0.944551	-0.128309	0.302259
25323	11.379186	1.995040	14.707968	1.305096	0.184846	-0.099157	0.304764	0.013027	0.952339	-0.138333	0.989909	0.030728	-0.942328	-0.141105	0.303491
25324	12.037488	2.885036	11.390744	0.523626	-0.003561	-0.458778	0.305329	0.008526	0.952209	-0.141907	0.989202	0.036646	-0.941614	-0.146314	0.303242
25325	11.295842	-0.236940	8.674801	-0.562505	0.025903	-0.561520	0.306314	0.003052	0.951926	-0.134706	0.990071	0.040172	-0.942351	-0.140536	0.303683
25326	9.406060	-4.082423	7.354193	-0.595300	0.083021	-0.430895	0.307618	-0.001058	0.951509	-0.127813	0.990891	0.042423	-0.942886	-0.134665	0.304681
25327	6.174808	-4.888842	7.775280	-0.060125	0.040572	-0.348078	0.308293	-0.004483	0.951281	-0.125827	0.991011	0.045448	-0.942933	-0.133708	0.304958
25328	4.071237	-4.362225	7.837324	0.319519	-0.211873	-0.347545	0.306693	-0.008169	0.951774	-0.127812	0.990553	0.049686	-0.943188	-0.136886	0.302751
25329	3.943813	-2.799380	5.736852	0.401605	-0.615614	-0.362808	0.301195	-0.012518	0.953480	-0.130523	0.989961	0.054228	-0.944587	-0.140785	0.296537
25330	5.859309	-1.665619	0.966294	0.334620	-1.223097	-0.285015	0.289954	-0.017036	0.956889	-0.132887	0.989440	0.057882	-0.947770	-0.143941	0.284628
25331	12.022480	-5.053760	-2.037725	0.705128	-1.686455	0.091443	0.273650	-0.018552	0.961651	-0.139716	0.988443	0.058827	-0.951628	-0.150456	0.267895
25332	19.140967	-5.179776	0.885800	1.228079	-1.239994	0.593702	0.260926	-0.014586	0.965249	-0.153038	0.986617	0.056278	-0.953151	-0.162404	0.255202
25333	17.726157	-0.849023	2.100297	1.593731	-0.238337	0.384511	0.257873	-0.011083	0.966115	-0.169224	0.983959	0.056457	-0.951244	-0.178049	0.251861
25334	11.974816	2.881457	-0.557453	1.887675	-0.188651	-0.430658	0.256800	-0.015625	0.966338	-0.186084	0.980361	0.065302	-0.948381	-0.196589	0.248850
25335	9.824729	2.571277	-3.430853	1.925382	-0.545419	-0.935938	0.253376	-0.025687	0.967027	-0.202231	0.976153	0.078917	-0.945993	-0.215558	0.242139
25336	8.827614	1.923884	-4.818068	2.474339	-0.772575	-0.935441	0.248022	-0.036509	0.968066	-0.223290	0.970228	0.093799	-0.942670	-0.239424	0.232486
25337	7.885688	2.545370	-4.254258	2.859858	-0.918703	-0.766726	0.241092	-0.046131	0.969405	-0.248297	0.962693	0.107563	-0.938202	-0.266633	0.220643
25338	7.628783	3.457113	-2.537019	2.736555	-1.058177	-0.598988	0.232698	-0.054795	0.971004	-0.272528	0.954737	0.119187	-0.933585	-0.292361	0.207232
25339	7.898932	4.229683	-1.024614	2.383798	-1.182467	-0.462375	0.222930	-0.062631	0.972820	-0.293828	0.947206	0.128315	-0.929498	-0.314448	0.192758
25340	8.640804	4.839133	-0.526028	2.002482	-1.317443	-0.362499	0.211751	-0.070279	0.974793	-0.311658	0.940482	0.135506	-0.926299	-0.332496	0.177245
25341	9.295162	5.417392	-0.520885	1.528294	-1.393946	-0.271040	0.199665	-0.077418	0.976801	-0.325394	0.935064	0.140623	-0.924258	-0.345923	0.161508
25342	9.966199	5.594271	-0.641027	0.860780	-1.406428	-0.193525	0.187251	-0.084105	0.978705	-0.333010	0.931894	0.143796	-0.924144	-0.352844	0.146490
25343	10.441719	5.110689	-0.492598	0.061008	-1.337119	-0.130483	0.175265	-0.089937	0.980405	-0.333435	0.931546	0.145062	-0.926338	-0.352326	0.133280
25344	10.685338	3.846079	-0.584404	-0.598376	-1.228204	-0.092049	0.164114	-0.095048	0.981852	-0.327758	0.933544	0.145155	-0.930399	-0.345631	0.122055
25345	10.637856	2.030728	-0.908920	-0.987109	-1.096213	-0.043601	0.153969	-0.099114	0.983092	-0.318550	0.936852	0.144343	-0.935318	-0.335389	0.112673
25346	10.173912	0.656759	-0.980933	-0.944098	-1.039451	0.000812	0.144168	-0.102507	0.984230	-0.309733	0.939968	0.143266	-0.939831	-0.325502	0.103763
25347	9.787196	-0.330014	-1.117770	-0.721870	-1.026671	-0.002454	0.134469	-0.105755	0.985258	-0.302991	0.942280	0.142494	-0.943459	-0.317685	0.094665
25348	9.347806	-0.477796	-0.956421	-0.359344	-1.077314	-0.013552	0.124280	-0.109246	0.986215	-0.299611	0.943396	0.142259	-0.945932	-0.313160	0.084514
25349	9.844058	0.253600	-0.145461	-0.041176	-1.162128	-0.020962	0.113303	-0.112985	0.987115	-0.299314	0.943477	0.142346	-0.947403	-0.311586	0.073081
25350	9.870636	0.929576	0.419682	0.024574	-1.123047	-0.062472	0.102792	-0.117033	0.987794	-0.299511	0.943326	0.142932	-0.948539	-0.310547	0.061914
25351	10.290177	0.753805	0.665622	0.088179	-1.075825	-0.180957	0.093089	-0.121991	0.988156	-0.300273	0.942817	0.144681	-0.949300	-0.310185	0.051135
25352	10.185809	1.322567	1.027457	0.110892	-0.984923	-0.255598	0.084453	-0.127419	0.988247	-0.301130	0.942152	0.147210	-0.949836	-0.310023	0.041198
25353	10.057719	1.512878	1.295764	0.129091	-0.909813	-0.288146	0.076648	-0.132865	0.988166	-0.302229	0.941357	0.150014	-0.950149	-0.310150	0.031997
25354	9.984637	0.859912	1.418432	0.251204	-0.806095	-0.309447	0.069875	-0.138246	0.987930	-0.304418	0.940156	0.153092	-0.949972	-0.311441	0.023609
25355	9.502380	0.630966	1.316249	0.523402	-0.714782	-0.263372	0.063867	-0.142869	0.987679	-0.309324	0.938123	0.155703	-0.948810	-0.315457	0.015722
25356	9.247763	1.065246	1.665255	0.837736	-0.676428	-0.195896	0.058017	-0.146826	0.987459	-0.317173	0.935166	0.157686	-0.946591	-0.322344	0.007686
25357	9.230960	1.855245	2.784257	1.099197	-0.619957	-0.151975	0.052617	-0.150180	0.987258	-0.327598	0.931320	0.159130	-0.943351	-0.331796	-0.000196
25358	9.174456	3.130460	3.064535	1.068595	-0.557751	-0.129539	0.047741	-0.153226	0.987037	-0.337625	0.927528	0.160318	-0.940069	-0.340902	-0.007451
25359	9.087249	3.574009	1.916724	1.026682	-0.527379	-0.141941	0.043253	-0.156269	0.986767	-0.347308	0.923738	0.161511	-0.936753	-0.349698	-0.014319
25360	8.929366	3.316057	0.118616	0.973131	-0.563358	-0.135660	0.038408	-0.159480	0.986454	-0.356381	0.920079	0.162625	-0.933551	-0.357799	-0.021497
25361	8.937702	2.551632	-1.752058	0.971966	-0.695362	-0.105648	0.032281	-0.162883	0.986117	-0.365503	0.916369	0.163327	-0.930250	-0.365701	-0.029952
25362	9.057608	2.039700	-3.286556	1.017494	-0.817443	-0.042592	0.024794	-0.166262	0.985770	-0.374965	0.912535	0.163341	-0.926707	-0.373679	-0.039717
25363	9.240311	2.037354	-3.957384	1.009810	-0.923645	0.043319	0.016055	-0.169282	0.985437	-0.384403	0.908773	0.162375	-0.923026	-0.381412	-0.050482
25364	9.600570	2.137396	-3.649832	0.866368	-0.976802	0.109188	0.006575	-0.172017	0.985072	-0.392425	0.905626	0.160763	-0.919761	-0.387624	-0.061549
25365	9.740327	2.327543	-3.084280	0.621831	-0.961108	0.165034	-0.002941	-0.174207	0.984705	-0.398217	0.903468	0.158646	-0.917286	-0.391660	-0.072029
25366	9.901260	2.242528	-2.564418	0.338329	-0.940304	0.202831	-0.012426	-0.176035	0.984306	-0.401328	0.902494	0.156337	-0.915850	-0.393086	-0.081862
25367	9.759633	1.867497	-2.102920	0.126993	-0.875532	0.201756	-0.021295	-0.177601	0.983872	-0.402520	0.902335	0.154170	-0.915163	-0.392745	-0.090703
25368	9.742689	1.555005	-1.494232	0.006788	-0.841822	0.196402	-0.029845	-0.179098	0.983378	-0.402556	0.902657	0.152180	-0.914909	-0.391323	-0.099037
25369	9.765864	1.290241	-0.691460	-0.062844	-0.815545	0.162416	-0.038003	-0.180765	0.982792	-0.401981	0.903182	0.150578	-0.914859	-0.389341	-0.106988
25370	10.073177	1.398968	0.083851	-0.126387	-0.776726	0.129209	-0.045685	-0.182581	0.982129	-0.400794	0.903906	0.149396	-0.915029	-0.386806	-0.114472
25371	10.093687	1.580330	0.532167	-0.204783	-0.690607	0.082086	-0.052375	-0.184448	0.981446	-0.398941	0.904830	0.148760	-0.915480	-0.383748	-0.120975
25372	9.819451	1.526303	0.647516	-0.211629	-0.617595	0.036295	-0.058231	-0.186449	0.980737	-0.397006	0.905705	0.148612	-0.915967	-0.380705	-0.126762
25373	9.669373	1.256427	0.478062	-0.124939	-0.596020	-0.007571	-0.063700	-0.188726	0.979962	-0.395932	0.906148	0.148773	-0.916068	-0.378521	-0.132444
