// General information: 
//  MT Manager version: 2022.2.0 
//  XDA version: 2022.2.0 build 7381 rev 124627 built on 2023-07-19
// Device information: 
//  DeviceId: 00B4CBA7
//  ProductCode: MTW2-3A7G6
//  Firmware Version: 4.6.0
//  Hardware Version: 2.0.0
// Device settings: 
//  Filter Profile: human(46.1)
//  Option Flags: Orientation Smoother Disabled, Position/Velocity Smoother Disabled, Continuous Zero Rotation Update Disabled, AHS Disabled, ICC Disabled
// Coordinate system: ENU
PacketCounter	Acc_X	Acc_Y	Acc_Z	Gyr_X	Gyr_Y	Gyr_Z	Mat[1][1]	Mat[2][1]	Mat[3][1]	Mat[1][2]	Mat[2][2]	Mat[3][2]	Mat[1][3]	Mat[2][3]	Mat[3][3]
19912	8.804689	-0.243525	-4.289673	-0.021121	-0.015747	0.021770	-0.443251	-0.065385	0.894010	-0.199765	0.979460	-0.027409	-0.873855	-0.190741	-0.447209
19913	8.824121	-0.266793	-4.274595	-0.022309	-0.022807	0.021894	-0.443484	-0.065250	0.893904	-0.199492	0.979514	-0.027473	-0.873799	-0.190510	-0.447416
19914	8.778416	-0.307324	-4.275203	-0.021208	-0.021357	0.018186	-0.443663	-0.065205	0.893819	-0.199277	0.979559	-0.027455	-0.873757	-0.190298	-0.447588
19915	8.750978	-0.292967	-4.261057	-0.021513	-0.029510	0.021433	-0.443953	-0.065087	0.893683	-0.199013	0.979610	-0.027518	-0.873670	-0.190071	-0.447854
19916	8.782464	-0.268308	-4.198562	-0.018117	-0.028747	0.015876	-0.444203	-0.064905	0.893572	-0.198638	0.979685	-0.027584	-0.873628	-0.189750	-0.448072
19917	8.748182	-0.294378	-4.266696	-0.009242	-0.039650	0.011719	-0.444562	-0.064902	0.893394	-0.198524	0.979707	-0.027616	-0.873472	-0.189637	-0.448425
19918	8.771986	-0.263237	-4.258758	-0.022643	-0.037592	0.018076	-0.444909	-0.064781	0.893230	-0.198160	0.979780	-0.027644	-0.873377	-0.189302	-0.448750
19919	8.750733	-0.288299	-4.306815	-0.026548	-0.039328	0.015759	-0.445274	-0.064737	0.893051	-0.197877	0.979837	-0.027634	-0.873256	-0.189019	-0.449106
19920	8.729352	-0.312916	-4.355066	-0.023892	-0.042081	0.009160	-0.445633	-0.064806	0.892867	-0.197689	0.979878	-0.027546	-0.873115	-0.188785	-0.449477
19921	8.760597	-0.351154	-4.379330	-0.016286	-0.048808	0.010077	-0.446069	-0.064835	0.892647	-0.197521	0.979912	-0.027530	-0.872931	-0.188597	-0.449914
19922	8.718249	-0.289921	-4.359530	-0.015822	-0.045267	0.008914	-0.446500	-0.064918	0.892426	-0.197403	0.979937	-0.027482	-0.872737	-0.188438	-0.450357
19923	8.768588	-0.320358	-4.396833	-0.011679	-0.050185	0.006359	-0.446940	-0.064986	0.892200	-0.197292	0.979960	-0.027454	-0.872537	-0.188294	-0.450805
19924	8.786176	-0.295911	-4.356402	-0.014142	-0.043868	0.009598	-0.447327	-0.064988	0.892006	-0.197098	0.980000	-0.027442	-0.872382	-0.188088	-0.451189
19925	8.763291	-0.290367	-4.434596	-0.012577	-0.048073	0.006696	-0.447749	-0.065049	0.891790	-0.196978	0.980025	-0.027413	-0.872193	-0.187937	-0.451618
19926	8.714616	-0.252716	-4.438868	-0.017719	-0.046648	0.006005	-0.448185	-0.065254	0.891556	-0.196956	0.980033	-0.027281	-0.871974	-0.187824	-0.452088
19927	8.752081	-0.266673	-4.439200	-0.026488	-0.046982	0.005203	-0.448595	-0.065327	0.891345	-0.196721	0.980083	-0.027175	-0.871816	-0.187537	-0.452511
19928	8.744211	-0.273097	-4.410049	-0.025108	-0.045555	0.003692	-0.448980	-0.065451	0.891141	-0.196555	0.980120	-0.027043	-0.871655	-0.187299	-0.452919
19929	8.740935	-0.242024	-4.443707	-0.026145	-0.048030	0.003916	-0.449396	-0.065539	0.890925	-0.196328	0.980168	-0.026927	-0.871492	-0.187015	-0.453351
19930	8.757457	-0.249642	-4.518044	-0.027190	-0.042317	-0.001284	-0.449761	-0.065625	0.890735	-0.196042	0.980230	-0.026769	-0.871368	-0.186661	-0.453735
19931	8.705605	-0.278252	-4.429701	-0.042913	-0.046197	-0.000105	-0.450154	-0.065749	0.890527	-0.195688	0.980307	-0.026541	-0.871245	-0.186213	-0.454155
19932	8.730344	-0.338550	-4.478341	-0.023199	-0.042619	-0.005936	-0.450476	-0.065980	0.890347	-0.195581	0.980335	-0.026307	-0.871102	-0.185986	-0.454522
19933	8.752829	-0.275155	-4.500230	-0.015020	-0.041216	-0.006075	-0.450813	-0.066152	0.890164	-0.195497	0.980356	-0.026152	-0.870947	-0.185814	-0.454890
19934	8.768945	-0.235759	-4.546089	-0.020504	-0.037732	-0.002007	-0.451129	-0.066399	0.889985	-0.195458	0.980369	-0.025934	-0.870792	-0.185654	-0.455251
19935	8.725773	-0.318118	-4.431537	-0.028953	-0.039109	-0.004072	-0.451451	-0.066548	0.889811	-0.195244	0.980417	-0.025733	-0.870673	-0.185347	-0.455604
19936	8.741930	-0.278275	-4.477325	-0.016817	-0.038002	-0.008854	-0.451762	-0.066753	0.889637	-0.195159	0.980439	-0.025536	-0.870531	-0.185157	-0.455953
19937	8.706450	-0.255040	-4.517377	-0.022908	-0.033448	-0.005701	-0.452032	-0.066908	0.889489	-0.195005	0.980475	-0.025348	-0.870425	-0.184913	-0.456253
19938	8.716932	-0.285350	-4.614702	-0.035028	-0.027378	-0.009808	-0.452212	-0.067059	0.889386	-0.194704	0.980542	-0.025066	-0.870399	-0.184502	-0.456470
19939	8.664743	-0.283191	-4.554310	-0.029259	-0.029879	-0.008222	-0.452446	-0.067231	0.889254	-0.194507	0.980587	-0.024827	-0.870321	-0.184199	-0.456740
19940	8.705705	-0.356038	-4.494573	-0.015731	-0.029358	-0.021458	-0.452624	-0.067610	0.889135	-0.194591	0.980579	-0.024495	-0.870210	-0.184105	-0.456989
19941	8.702658	-0.276628	-4.498371	-0.001373	-0.026902	-0.021156	-0.452806	-0.067903	0.889019	-0.194694	0.980564	-0.024269	-0.870092	-0.184076	-0.457226
19942	8.678329	-0.191605	-4.575894	-0.012757	-0.024503	-0.015322	-0.453003	-0.068142	0.888901	-0.194658	0.980577	-0.024032	-0.869998	-0.183918	-0.457468
19943	8.673069	-0.226955	-4.515268	-0.029561	-0.021661	-0.015828	-0.453150	-0.068373	0.888808	-0.194492	0.980617	-0.023724	-0.869958	-0.183617	-0.457665
19944	8.711434	-0.301855	-4.599145	-0.027158	-0.017755	-0.017559	-0.453231	-0.068661	0.888745	-0.194362	0.980652	-0.023356	-0.869946	-0.183324	-0.457807
19945	8.682602	-0.335531	-4.434548	-0.021955	-0.021201	-0.023846	-0.453359	-0.068971	0.888656	-0.194299	0.980672	-0.023011	-0.869893	-0.183097	-0.457997
19946	8.731532	-0.238940	-4.443178	0.003171	-0.020058	-0.030307	-0.453478	-0.069413	0.888560	-0.194550	0.980630	-0.022683	-0.869774	-0.183156	-0.458199
19947	8.696169	-0.167750	-4.453532	-0.012117	-0.019400	-0.026773	-0.453585	-0.069748	0.888480	-0.194586	0.980631	-0.022357	-0.869711	-0.183026	-0.458371
19948	8.695396	-0.164665	-4.455157	-0.036507	-0.017036	-0.019259	-0.453648	-0.070043	0.888424	-0.194414	0.980674	-0.021956	-0.869717	-0.182683	-0.458498
19949	8.714831	-0.246794	-4.525945	-0.024369	-0.016917	-0.027529	-0.453731	-0.070380	0.888355	-0.194347	0.980696	-0.021568	-0.869688	-0.182435	-0.458650
19950	8.733307	-0.235155	-4.540247	-0.026510	-0.012659	-0.029007	-0.453816	-0.070730	0.888284	-0.194285	0.980717	-0.021168	-0.869657	-0.182187	-0.458807
19951	8.709027	-0.230531	-4.437818	-0.020718	-0.016162	-0.030905	-0.453887	-0.071100	0.888218	-0.194265	0.980729	-0.020766	-0.869625	-0.181975	-0.458952
19952	8.738572	-0.204086	-4.518703	-0.019357	-0.014727	-0.032411	-0.453953	-0.071579	0.888146	-0.194396	0.980713	-0.020321	-0.869561	-0.181876	-0.459113
19953	8.692315	-0.146484	-4.461799	-0.038455	-0.010223	-0.027564	-0.453979	-0.071905	0.888106	-0.194206	0.980760	-0.019867	-0.869590	-0.181495	-0.459208
19954	8.712908	-0.211347	-4.474919	-0.046082	-0.017310	-0.026653	-0.454036	-0.072289	0.888046	-0.193986	0.980814	-0.019340	-0.869610	-0.181050	-0.459347
19955	8.717842	-0.199492	-4.509542	-0.036124	-0.011908	-0.032920	-0.454065	-0.072671	0.888000	-0.193842	0.980852	-0.018849	-0.869626	-0.180690	-0.459457
19956	8.693363	-0.257119	-4.492785	-0.035474	-0.013989	-0.035489	-0.454169	-0.073182	0.887905	-0.193792	0.980872	-0.018281	-0.869583	-0.180371	-0.459664
19957	8.693175	-0.189678	-4.408213	-0.029285	-0.012929	-0.035051	-0.454204	-0.073586	0.887854	-0.193716	0.980896	-0.017803	-0.869582	-0.180078	-0.459781
19958	8.722017	-0.115580	-4.460718	-0.034228	-0.016139	-0.033667	-0.454302	-0.073943	0.887774	-0.193540	0.980939	-0.017338	-0.869570	-0.179697	-0.459954
19959	8.682282	-0.143159	-4.493884	-0.053379	-0.017257	-0.032445	-0.454380	-0.074330	0.887702	-0.193244	0.981007	-0.016772	-0.869595	-0.179164	-0.460113
19960	8.728359	-0.175165	-4.496072	-0.052010	-0.015820	-0.033956	-0.454441	-0.074746	0.887635	-0.192961	0.981073	-0.016176	-0.869626	-0.178629	-0.460263
19961	8.726129	-0.139447	-4.526667	-0.046432	-0.013682	-0.034435	-0.454484	-0.075145	0.887580	-0.192733	0.981127	-0.015623	-0.869654	-0.178167	-0.460389
19962	8.684540	-0.172080	-4.382204	-0.056121	-0.018532	-0.041973	-0.454546	-0.075694	0.887501	-0.192519	0.981180	-0.014917	-0.869669	-0.177641	-0.460564
19963	8.758061	-0.103061	-4.465161	-0.046231	-0.024907	-0.039526	-0.454677	-0.076164	0.887394	-0.192316	0.981228	-0.014320	-0.869646	-0.177171	-0.460789
19964	8.723948	-0.059599	-4.445856	-0.063560	-0.014460	-0.033819	-0.454737	-0.076650	0.887321	-0.192054	0.981289	-0.013657	-0.869672	-0.176624	-0.460949
19965	8.737432	-0.099438	-4.455656	-0.079867	-0.021937	-0.033719	-0.454853	-0.077057	0.887227	-0.191533	0.981401	-0.012957	-0.869726	-0.175827	-0.461152
19966	8.737263	-0.139387	-4.486050	-0.074860	-0.019720	-0.038603	-0.454982	-0.077417	0.887129	-0.190952	0.981523	-0.012279	-0.869786	-0.174986	-0.461359
19967	8.703859	-0.141777	-4.495228	-0.063533	-0.020056	-0.037506	-0.455076	-0.077858	0.887042	-0.190590	0.981601	-0.011620	-0.869817	-0.174350	-0.461542
19968	8.684000	-0.143646	-4.484173	-0.069950	-0.021097	-0.040172	-0.455192	-0.078377	0.886937	-0.190228	0.981680	-0.010880	-0.869835	-0.173673	-0.461762
19969	8.732117	-0.042950	-4.492177	-0.065108	-0.021470	-0.038239	-0.455297	-0.078827	0.886844	-0.189856	0.981759	-0.010207	-0.869862	-0.173020	-0.461957
19970	8.703985	-0.037861	-4.534678	-0.074886	-0.022344	-0.031852	-0.455378	-0.079266	0.886763	-0.189428	0.981848	-0.009511	-0.869913	-0.172309	-0.462127
19971	8.729219	-0.046103	-4.553617	-0.075023	-0.018710	-0.037392	-0.455460	-0.079703	0.886681	-0.188967	0.981944	-0.008800	-0.869970	-0.171561	-0.462298
19972	8.697597	-0.078904	-4.533721	-0.074341	-0.020781	-0.039986	-0.455635	-0.080213	0.886545	-0.188538	0.982033	-0.008046	-0.869971	-0.170814	-0.462572
19973	8.669636	-0.073189	-4.575870	-0.072598	-0.014788	-0.039126	-0.455681	-0.080660	0.886481	-0.188105	0.982122	-0.007330	-0.870041	-0.170092	-0.462706
19974	8.642785	-0.051912	-4.560105	-0.069678	-0.016524	-0.040101	-0.455814	-0.081202	0.886363	-0.187783	0.982188	-0.006587	-0.870041	-0.169446	-0.462943
19975	8.674597	-0.036494	-4.554222	-0.069361	-0.016571	-0.037914	-0.455877	-0.081640	0.886290	-0.187373	0.982271	-0.005897	-0.870096	-0.168755	-0.463092
19976	8.694718	-0.052548	-4.539623	-0.071931	-0.014889	-0.034767	-0.455989	-0.082148	0.886186	-0.187017	0.982343	-0.005169	-0.870114	-0.168089	-0.463301
19977	8.675155	-0.054733	-4.527969	-0.064103	-0.013384	-0.037106	-0.456027	-0.082573	0.886127	-0.186649	0.982416	-0.004510	-0.870173	-0.167452	-0.463421
19978	8.667364	-0.025671	-4.524781	-0.056568	-0.011830	-0.041644	-0.455939	-0.083153	0.886118	-0.186530	0.982442	-0.003785	-0.870245	-0.167013	-0.463444
19979	8.698422	-0.026321	-4.576067	-0.053340	-0.008031	-0.036738	-0.455931	-0.083565	0.886083	-0.186254	0.982496	-0.003178	-0.870308	-0.166486	-0.463515
19980	8.677192	0.001643	-4.592712	-0.042643	-0.008244	-0.040029	-0.455948	-0.084027	0.886031	-0.186086	0.982530	-0.002581	-0.870335	-0.166055	-0.463619
19981	8.644294	-0.001981	-4.600755	-0.044616	-0.007643	-0.035962	-0.455939	-0.084431	0.885997	-0.185883	0.982570	-0.002022	-0.870383	-0.165614	-0.463686
19982	8.695527	0.020604	-4.606700	-0.043195	-0.001598	-0.037275	-0.455860	-0.084959	0.885987	-0.185831	0.982581	-0.001392	-0.870436	-0.165279	-0.463707
19983	8.688189	0.048564	-4.602415	-0.037055	-0.000505	-0.036818	-0.455787	-0.085360	0.885986	-0.185697	0.982607	-0.000861	-0.870503	-0.164917	-0.463710
19984	8.693485	0.061419	-4.635526	-0.039645	0.001169	-0.033658	-0.455727	-0.085775	0.885977	-0.185588	0.982628	-0.000331	-0.870557	-0.164578	-0.463729
19985	8.688269	0.058144	-4.602151	-0.040571	0.003272	-0.033281	-0.455628	-0.086135	0.885993	-0.185408	0.982662	0.000186	-0.870648	-0.164185	-0.463698
19986	8.693737	0.070873	-4.634918	-0.036995	0.005062	-0.033151	-0.455514	-0.086572	0.886009	-0.185374	0.982668	0.000712	-0.870714	-0.163919	-0.463668
19987	8.642612	0.058010	-4.628790	-0.036589	0.008624	-0.034262	-0.455367	-0.086933	0.886050	-0.185232	0.982694	0.001219	-0.870821	-0.163570	-0.463589
19988	8.643079	0.062593	-4.627859	-0.040119	0.012397	-0.030717	-0.455211	-0.087323	0.886091	-0.185157	0.982708	0.001724	-0.870919	-0.163281	-0.463508
19989	8.655157	0.098408	-4.635311	-0.038886	0.010243	-0.028903	-0.455059	-0.087629	0.886139	-0.184970	0.982742	0.002194	-0.871038	-0.162911	-0.463415
19990	8.638900	0.063267	-4.592500	-0.044249	0.017243	-0.028087	-0.454856	-0.088029	0.886204	-0.184839	0.982765	0.002749	-0.871172	-0.162554	-0.463287
19991	8.665983	0.053400	-4.608154	-0.041286	0.020113	-0.028864	-0.454618	-0.088318	0.886297	-0.184632	0.982802	0.003230	-0.871340	-0.162170	-0.463106
19992	8.661578	0.049462	-4.573276	-0.036494	0.019754	-0.026909	-0.454387	-0.088633	0.886384	-0.184526	0.982821	0.003682	-0.871483	-0.161888	-0.462937
19993	8.681524	0.061932	-4.584101	-0.030916	0.026524	-0.027156	-0.454097	-0.088896	0.886506	-0.184402	0.982842	0.004100	-0.871660	-0.161611	-0.462699
19994	8.688082	0.073800	-4.614827	-0.033510	0.028188	-0.023995	-0.453845	-0.089230	0.886602	-0.184361	0.982848	0.004543	-0.871800	-0.161393	-0.462511
19995	8.697623	0.069538	-4.558931	-0.025114	0.028654	-0.025394	-0.453539	-0.089473	0.886734	-0.184279	0.982862	0.004919	-0.871977	-0.161176	-0.462254
19996	8.704311	0.080742	-4.589418	-0.021323	0.031372	-0.019546	-0.453202	-0.089686	0.886885	-0.184274	0.982861	0.005227	-0.872153	-0.161061	-0.461962
19997	8.664706	0.143353	-4.560400	-0.019979	0.032834	-0.021036	-0.452868	-0.089879	0.887036	-0.184217	0.982870	0.005540	-0.872339	-0.160898	-0.461668
19998	8.658894	0.169005	-4.552844	-0.024401	0.037726	-0.020607	-0.452521	-0.090164	0.887184	-0.184237	0.982864	0.005915	-0.872514	-0.160775	-0.461378
19999	8.651705	0.164579	-4.660640	-0.025993	0.041874	-0.017636	-0.452115	-0.090309	0.887376	-0.184111	0.982886	0.006225	-0.872752	-0.160562	-0.461004
20000	8.632750	0.189727	-4.672692	-0.035358	0.044473	-0.012372	-0.451635	-0.090542	0.887597	-0.184095	0.982886	0.006590	-0.873003	-0.160426	-0.460574
20001	8.631455	0.153284	-4.607014	-0.040443	0.045849	-0.013056	-0.451202	-0.090636	0.887807	-0.183822	0.982935	0.006926	-0.873285	-0.160073	-0.460163
20002	8.671570	0.173237	-4.628219	-0.032368	0.052905	-0.009449	-0.450712	-0.090792	0.888040	-0.183762	0.982944	0.007228	-0.873550	-0.159931	-0.459709
20003	8.647668	0.189487	-4.606315	-0.034079	0.053431	-0.003176	-0.450230	-0.090777	0.888286	-0.183500	0.982991	0.007447	-0.873854	-0.159648	-0.459230
20004	8.656367	0.214923	-4.576468	-0.044458	0.060826	-0.006560	-0.449715	-0.090879	0.888537	-0.183264	0.983033	0.007789	-0.874168	-0.159334	-0.458740
20005	8.693636	0.195245	-4.534713	-0.043818	0.065302	-0.001961	-0.449132	-0.090834	0.888836	-0.182911	0.983097	0.008041	-0.874542	-0.158967	-0.458155
20006	8.722999	0.183220	-4.546109	-0.050283	0.066177	0.002323	-0.448601	-0.090829	0.889105	-0.182508	0.983169	0.008353	-0.874899	-0.158521	-0.457628
20007	8.735412	0.131442	-4.516100	-0.055675	0.068573	0.002915	-0.447998	-0.090732	0.889419	-0.182029	0.983255	0.008617	-0.875308	-0.158040	-0.457012
20008	8.738494	0.133636	-4.510069	-0.059256	0.067735	0.006239	-0.447420	-0.090687	0.889714	-0.181641	0.983325	0.008885	-0.875684	-0.157634	-0.456431
20009	8.731841	0.073262	-4.467509	-0.056881	0.066133	0.000855	-0.446834	-0.090615	0.890016	-0.181161	0.983411	0.009171	-0.876082	-0.157138	-0.455837
20010	8.703127	0.095828	-4.353688	-0.048350	0.062928	0.005000	-0.446219	-0.090669	0.890319	-0.180954	0.983446	0.009460	-0.876439	-0.156885	-0.455239
20011	8.776311	0.123860	-4.365550	-0.046711	0.064334	0.005716	-0.445657	-0.090552	0.890612	-0.180540	0.983520	0.009657	-0.876810	-0.156488	-0.454660
20012	8.786819	0.117452	-4.306575	-0.053786	0.060732	0.005366	-0.445126	-0.090636	0.890869	-0.180279	0.983565	0.009990	-0.877133	-0.156158	-0.454150
20013	8.771973	0.064878	-4.318008	-0.059434	0.063185	0.003737	-0.444570	-0.090542	0.891156	-0.179762	0.983657	0.010262	-0.877521	-0.155634	-0.453580
20014	8.789662	0.036143	-4.263952	-0.057623	0.054398	0.002755	-0.444100	-0.090635	0.891381	-0.179454	0.983709	0.010616	-0.877822	-0.155247	-0.453130
20015	8.791938	0.038250	-4.259238	-0.050244	0.052388	0.001588	-0.443634	-0.090579	0.891619	-0.179028	0.983784	0.010865	-0.878145	-0.154805	-0.452656
20016	8.761666	0.031217	-4.262759	-0.043553	0.046872	-0.000690	-0.443247	-0.090621	0.891807	-0.178701	0.983840	0.011154	-0.878406	-0.154423	-0.452279
20017	8.790096	0.019009	-4.275872	-0.040070	0.044083	-0.000727	-0.442851	-0.090601	0.892006	-0.178375	0.983897	0.011377	-0.878673	-0.154073	-0.451880
20018	8.782583	0.060610	-4.353915	-0.033164	0.041243	-0.009802	-0.442515	-0.090761	0.892156	-0.178251	0.983916	0.011683	-0.878867	-0.153858	-0.451575
20019	8.812653	0.017556	-4.338898	-0.038292	0.043575	-0.007015	-0.442111	-0.090804	0.892352	-0.177968	0.983964	0.011953	-0.879128	-0.153525	-0.451181
20020	8.793615	0.042433	-4.351232	-0.029008	0.036420	-0.012431	-0.441797	-0.091127	0.892475	-0.178049	0.983944	0.012328	-0.879269	-0.153458	-0.450928
20021	8.801019	0.067725	-4.322975	-0.026463	0.035730	-0.012080	-0.441453	-0.091232	0.892634	-0.177892	0.983969	0.012591	-0.879474	-0.153234	-0.450606
20022	8.833201	0.110396	-4.340184	-0.030595	0.035009	-0.013180	-0.441121	-0.091557	0.892765	-0.177952	0.983954	0.012981	-0.879628	-0.153143	-0.450336
20023	8.819812	0.144447	-4.385677	-0.045785	0.039137	-0.015332	-0.440742	-0.091689	0.892939	-0.177639	0.984005	0.013360	-0.879881	-0.152733	-0.449980
20024	8.796604	0.116200	-4.394859	-0.058000	0.037863	-0.012920	-0.440311	-0.092102	0.893109	-0.177680	0.983990	0.013876	-0.880089	-0.152578	-0.449626
20025	8.818929	0.083246	-4.433831	-0.056902	0.033861	-0.020323	-0.439969	-0.092292	0.893258	-0.177292	0.984054	0.014349	-0.880338	-0.152054	-0.449315
20026	8.847205	0.073322	-4.447423	-0.056521	0.043914	-0.014202	-0.439558	-0.092488	0.893440	-0.176970	0.984105	0.014807	-0.880608	-0.151603	-0.448939
20027	8.898064	0.009108	-4.416608	-0.056920	0.040342	-0.013128	-0.439172	-0.092598	0.893618	-0.176549	0.984174	0.015216	-0.880885	-0.151085	-0.448569
20028	8.893955	0.003926	-4.380205	-0.045098	0.038049	-0.014458	-0.438788	-0.092941	0.893771	-0.176568	0.984164	0.015657	-0.881073	-0.150942	-0.448250
20029	8.795072	0.071704	-4.341524	-0.045003	0.037099	-0.017972	-0.438421	-0.093104	0.893934	-0.176274	0.984210	0.016055	-0.881314	-0.150538	-0.447910
20030	8.849862	0.061882	-4.313995	-0.045995	0.042896	-0.023105	-0.438010	-0.093407	0.894104	-0.176140	0.984226	0.016534	-0.881545	-0.150245	-0.447554
20031	8.829254	0.120094	-4.354322	-0.047244	0.040472	-0.025156	-0.437601	-0.093636	0.894280	-0.175856	0.984269	0.017006	-0.881805	-0.149823	-0.447184
20032	8.825302	0.101781	-4.375887	-0.052195	0.040897	-0.029402	-0.437083	-0.094272	0.894467	-0.176171	0.984202	0.017643	-0.881999	-0.149867	-0.446786
20033	8.827078	0.106932	-4.372181	-0.049054	0.041890	-0.037147	-0.436640	-0.094617	0.894647	-0.175923	0.984235	0.018231	-0.882268	-0.149429	-0.446402
20034	8.817342	0.080765	-4.360746	-0.053827	0.043189	-0.035679	-0.436230	-0.095106	0.894795	-0.175792	0.984246	0.018911	-0.882497	-0.149048	-0.446076
20035	8.787151	0.063544	-4.423300	-0.045794	0.041943	-0.048413	-0.435767	-0.095562	0.894972	-0.175622	0.984263	0.019585	-0.882759	-0.148643	-0.445692
20036	8.755120	0.091928	-4.455811	-0.038191	0.045412	-0.043602	-0.435252	-0.096131	0.895162	-0.175762	0.984225	0.020235	-0.882985	-0.148528	-0.445282
20037	8.801395	0.124135	-4.508955	-0.034788	0.051869	-0.045408	-0.434707	-0.096544	0.895382	-0.175676	0.984228	0.020833	-0.883271	-0.148241	-0.444811
20038	8.817327	0.115897	-4.541710	-0.028769	0.056702	-0.050356	-0.434066	-0.097265	0.895615	-0.176078	0.984140	0.021541	-0.883506	-0.148348	-0.444308
20039	8.850672	0.162335	-4.556053	-0.026867	0.066334	-0.052697	-0.433379	-0.097728	0.895897	-0.176093	0.984124	0.022170	-0.883841	-0.148154	-0.443708
20040	8.872808	0.177330	-4.562213	-0.030860	0.070186	-0.053620	-0.432724	-0.098284	0.896153	-0.176136	0.984100	0.022879	-0.884153	-0.147944	-0.443155
20041	8.883718	0.161081	-4.560331	-0.040814	0.077490	-0.054911	-0.431934	-0.098754	0.896482	-0.176036	0.984101	0.023589	-0.884559	-0.147624	-0.442451
20042	8.828204	0.172584	-4.544699	-0.046388	0.079927	-0.056598	-0.431141	-0.099396	0.896793	-0.176107	0.984068	0.024404	-0.884932	-0.147410	-0.441776
20043	8.788320	0.139347	-4.538019	-0.054432	0.091340	-0.063958	-0.430212	-0.099934	0.897180	-0.175925	0.984080	0.025255	-0.885420	-0.146971	-0.440943
20044	8.708219	0.134076	-4.476308	-0.058384	0.095183	-0.064907	-0.429273	-0.100611	0.897553	-0.175862	0.984066	0.026199	-0.885888	-0.146599	-0.440127
20045	8.710079	0.187929	-4.437630	-0.058112	0.098821	-0.068241	-0.428270	-0.101182	0.897968	-0.175664	0.984077	0.027104	-0.886412	-0.146133	-0.439225
20046	8.740449	0.197015	-4.387446	-0.064456	0.102403	-0.073093	-0.427211	-0.101988	0.898381	-0.175744	0.984034	0.028139	-0.886907	-0.145863	-0.438314
20047	8.724829	0.210968	-4.307872	-0.064507	0.107048	-0.075137	-0.426122	-0.102615	0.898827	-0.175516	0.984045	0.029134	-0.887476	-0.145344	-0.437334
20048	8.741232	0.234300	-4.219585	-0.068172	0.105295	-0.077626	-0.424984	-0.103511	0.899263	-0.175727	0.983975	0.030215	-0.887980	-0.145184	-0.436364
20049	8.777641	0.253329	-4.201487	-0.071162	0.107041	-0.078981	-0.423887	-0.104178	0.899704	-0.175454	0.983991	0.031274	-0.888558	-0.144601	-0.435379
20050	8.775658	0.254540	-4.159237	-0.085646	0.105411	-0.080648	-0.422817	-0.104965	0.900115	-0.175231	0.983993	0.032434	-0.889112	-0.144015	-0.434442
20051	8.792816	0.265586	-4.128863	-0.096145	0.109172	-0.083178	-0.421693	-0.105672	0.900560	-0.174752	0.984038	0.033638	-0.889740	-0.143190	-0.433428
20052	8.825650	0.231816	-4.108069	-0.092464	0.105476	-0.086747	-0.420562	-0.106617	0.900977	-0.174674	0.984007	0.034908	-0.890290	-0.142696	-0.432460
20053	8.770468	0.247457	-4.090948	-0.087164	0.097691	-0.093286	-0.419522	-0.107441	0.901364	-0.174314	0.984026	0.036163	-0.890851	-0.141949	-0.431549
20054	8.779086	0.282072	-4.056675	-0.096593	0.094697	-0.094221	-0.418464	-0.108395	0.901742	-0.174118	0.984011	0.037483	-0.891387	-0.141324	-0.430647
20055	8.763406	0.285261	-4.036305	-0.104292	0.092191	-0.097914	-0.417464	-0.109274	0.902099	-0.173622	0.984046	0.038853	-0.891952	-0.140404	-0.429776
20056	8.808312	0.253251	-3.996316	-0.112774	0.087105	-0.099248	-0.416451	-0.110382	0.902432	-0.173398	0.984025	0.040343	-0.892469	-0.139679	-0.428939
20057	8.891378	0.221367	-3.894472	-0.111385	0.080270	-0.095478	-0.415562	-0.111254	0.902735	-0.172826	0.984068	0.041720	-0.892995	-0.138679	-0.428169
20058	8.897466	0.189251	-3.917926	-0.113494	0.075345	-0.097473	-0.414685	-0.112340	0.903004	-0.172603	0.984046	0.043158	-0.893446	-0.137964	-0.427459
20059	8.915790	0.257110	-3.892709	-0.109830	0.061603	-0.105030	-0.413946	-0.113334	0.903219	-0.172081	0.984072	0.044614	-0.893889	-0.136959	-0.426855
20060	8.926046	0.248325	-3.891748	-0.106975	0.064596	-0.107979	-0.413109	-0.114551	0.903449	-0.172028	0.984013	0.046104	-0.894286	-0.136373	-0.426210
20061	8.868747	0.265953	-3.878819	-0.108735	0.048607	-0.115287	-0.412468	-0.115664	0.903599	-0.171557	0.984021	0.047647	-0.894672	-0.135366	-0.425721
20062	8.892057	0.325586	-3.802090	-0.105527	0.040544	-0.123544	-0.412008	-0.116859	0.903655	-0.171057	0.984029	0.049262	-0.894980	-0.134280	-0.425418
20063	8.825579	0.366365	-3.786045	-0.096559	0.030001	-0.127847	-0.411514	-0.118122	0.903716	-0.170744	0.984002	0.050866	-0.895267	-0.133372	-0.425099
20064	8.815879	0.416672	-3.720136	-0.093580	0.018278	-0.132824	-0.411014	-0.119692	0.903738	-0.171064	0.983860	0.052504	-0.895435	-0.133018	-0.424855
20065	8.818508	0.486301	-3.720116	-0.095343	0.008597	-0.130632	-0.410706	-0.121011	0.903702	-0.170773	0.983823	0.054128	-0.895632	-0.132097	-0.424727
20066	8.841565	0.533538	-3.705107	-0.098862	-0.002417	-0.131462	-0.410478	-0.122592	0.903592	-0.170933	0.983701	0.055811	-0.895707	-0.131544	-0.424742
20067	8.840597	0.548926	-3.705169	-0.103296	-0.011360	-0.131918	-0.410347	-0.123950	0.903467	-0.170574	0.983667	0.057480	-0.895835	-0.130522	-0.424787
20068	8.822070	0.542417	-3.752956	-0.112390	-0.024573	-0.134758	-0.410266	-0.125583	0.903278	-0.170643	0.983551	0.059238	-0.895859	-0.129835	-0.424947
20069	8.852010	0.568116	-3.745828	-0.112981	-0.036429	-0.130753	-0.410362	-0.126962	0.903041	-0.170194	0.983525	0.060937	-0.895900	-0.128685	-0.425210
20070	8.868799	0.593599	-3.760455	-0.106431	-0.045467	-0.129734	-0.410548	-0.128465	0.902744	-0.170100	0.983437	0.062591	-0.895832	-0.127860	-0.425601
20071	8.855407	0.596755	-3.843459	-0.105224	-0.052220	-0.128223	-0.410791	-0.129839	0.902437	-0.169710	0.983398	0.064235	-0.895795	-0.126766	-0.426006
20072	8.852544	0.698972	-3.876109	-0.108419	-0.058766	-0.126610	-0.411109	-0.131290	0.902082	-0.169516	0.983324	0.065860	-0.895686	-0.125841	-0.426510
20073	8.850902	0.722223	-4.025048	-0.113333	-0.065852	-0.122256	-0.411485	-0.132620	0.901716	-0.169030	0.983298	0.067484	-0.895605	-0.124648	-0.427029
20074	8.881107	0.735533	-4.079243	-0.119098	-0.062510	-0.122750	-0.411873	-0.134044	0.901329	-0.168686	0.983242	0.069143	-0.895492	-0.123563	-0.427582
20075	8.896475	0.694914	-4.153173	-0.122600	-0.064292	-0.125348	-0.412230	-0.135401	0.900962	-0.168131	0.983216	0.070836	-0.895432	-0.122279	-0.428077
20076	8.911316	0.741378	-4.255435	-0.112519	-0.066859	-0.123808	-0.412545	-0.136948	0.900584	-0.168121	0.983098	0.072482	-0.895289	-0.121505	-0.428596
20077	8.869602	0.803799	-4.179655	-0.121950	-0.069879	-0.127103	-0.412950	-0.138328	0.900187	-0.167581	0.983063	0.074188	-0.895203	-0.120218	-0.429137
20078	8.887823	0.761296	-4.456404	-0.140833	-0.056831	-0.126695	-0.413230	-0.139905	0.899815	-0.167331	0.982968	0.075989	-0.895121	-0.119167	-0.429603
20079	8.844949	0.703936	-4.436129	-0.145413	-0.051099	-0.125069	-0.413472	-0.141241	0.899495	-0.166574	0.982957	0.077777	-0.895150	-0.117674	-0.429952
20080	8.824736	0.699348	-4.486565	-0.123272	-0.048218	-0.131207	-0.413687	-0.142681	0.899169	-0.166168	0.982886	0.079515	-0.895126	-0.116519	-0.430316
20081	8.806405	0.749199	-4.536970	-0.128814	-0.035854	-0.128859	-0.413787	-0.144035	0.898907	-0.165576	0.982843	0.081266	-0.895190	-0.115210	-0.430537
20082	8.753730	0.680129	-4.594379	-0.131492	-0.025865	-0.133219	-0.413822	-0.145512	0.898653	-0.165174	0.982760	0.083069	-0.895248	-0.114059	-0.430723
20083	8.682425	0.666638	-4.581411	-0.115322	-0.018848	-0.133939	-0.413763	-0.146896	0.898455	-0.164724	0.982687	0.084808	-0.895358	-0.112906	-0.430797
20084	8.708189	0.737292	-4.540432	-0.093844	-0.000318	-0.134239	-0.413496	-0.148359	0.898337	-0.164733	0.982543	0.086441	-0.895480	-0.112243	-0.430718
20085	8.689234	0.862803	-4.470003	-0.086334	0.003126	-0.126976	-0.413253	-0.149650	0.898236	-0.164512	0.982442	0.087992	-0.895633	-0.111408	-0.430616
20086	8.754221	1.007452	-4.450778	-0.090618	0.012437	-0.126304	-0.412919	-0.150975	0.898167	-0.164393	0.982322	0.089543	-0.895809	-0.110678	-0.430438
20087	8.696857	1.133052	-4.440485	-0.113215	0.025085	-0.116749	-0.412496	-0.152140	0.898165	-0.163888	0.982262	0.091117	-0.896096	-0.109613	-0.430113
20088	8.718620	1.126493	-4.421315	-0.145845	0.035736	-0.111385	-0.411954	-0.153329	0.898212	-0.163313	0.982203	0.092765	-0.896450	-0.108474	-0.429663
20089	8.694363	1.001605	-4.430846	-0.171370	0.044730	-0.109314	-0.411369	-0.154401	0.898296	-0.162253	0.982212	0.094521	-0.896911	-0.106868	-0.429103
20090	8.645064	0.921118	-4.337635	-0.184542	0.046768	-0.099737	-0.410772	-0.155444	0.898390	-0.161260	0.982211	0.096214	-0.897364	-0.105353	-0.428531
20091	8.598069	0.828908	-4.303232	-0.173951	0.052347	-0.096643	-0.410140	-0.156385	0.898515	-0.160123	0.982234	0.097865	-0.897856	-0.103734	-0.427894
20092	8.518705	0.790799	-4.219213	-0.180863	0.054675	-0.087669	-0.409599	-0.157183	0.898623	-0.158789	0.982292	0.099441	-0.898340	-0.101961	-0.427304
20093	8.442466	0.718790	-4.109055	-0.177877	0.053804	-0.082870	-0.408978	-0.157989	0.898764	-0.157558	0.982333	0.100984	-0.898840	-0.100307	-0.426645
20094	8.383658	0.721613	-3.951425	-0.169386	0.054469	-0.081809	-0.408336	-0.158905	0.898895	-0.156690	0.982317	0.102473	-0.899283	-0.099004	-0.426014
20095	8.392111	0.646754	-3.808474	-0.174426	0.046794	-0.087901	-0.407771	-0.159768	0.898998	-0.155508	0.982340	0.104044	-0.899744	-0.097375	-0.425415
20096	8.581223	0.536641	-3.663724	-0.158505	0.040343	-0.091745	-0.407172	-0.160841	0.899078	-0.154926	0.982270	0.105562	-0.900116	-0.096309	-0.424871
20097	8.930080	0.696037	-3.469983	-0.093061	0.028419	-0.099530	-0.406756	-0.161838	0.899087	-0.154521	0.982190	0.106890	-0.900374	-0.095450	-0.424519
20098	9.321575	1.019879	-3.415504	-0.050106	0.013859	-0.110388	-0.406432	-0.163028	0.899019	-0.154757	0.982019	0.108116	-0.900480	-0.095187	-0.424353
20099	9.450835	1.282420	-3.432121	-0.052734	0.001009	-0.116386	-0.406237	-0.164216	0.898891	-0.154783	0.981870	0.109424	-0.900563	-0.094681	-0.424289
20100	9.438732	1.473215	-3.594519	-0.063117	-0.018766	-0.131096	-0.406159	-0.165653	0.898662	-0.154999	0.981670	0.110901	-0.900561	-0.094249	-0.424390
20101	9.403032	1.633331	-3.773622	-0.091950	-0.034598	-0.133433	-0.406258	-0.167042	0.898360	-0.154742	0.981526	0.112528	-0.900561	-0.093298	-0.424601
20102	9.246210	1.708651	-4.024139	-0.109448	-0.041734	-0.124481	-0.406404	-0.168440	0.898033	-0.154582	0.981367	0.114115	-0.900522	-0.092443	-0.424870
20103	9.004121	1.785451	-4.307944	-0.141820	-0.040549	-0.119940	-0.406579	-0.169701	0.897717	-0.153821	0.981286	0.115832	-0.900574	-0.090993	-0.425073
20104	8.874460	1.742628	-4.576025	-0.180138	-0.030880	-0.109625	-0.406767	-0.170829	0.897417	-0.152659	0.981258	0.117594	-0.900686	-0.089165	-0.425222
20105	8.785217	1.675342	-4.695660	-0.193720	-0.018404	-0.089909	-0.406791	-0.171774	0.897226	-0.151308	0.981266	0.119262	-0.900904	-0.087242	-0.425161
20106	8.731989	1.530037	-4.779870	-0.187101	0.004402	-0.081970	-0.406634	-0.172646	0.897130	-0.150101	0.981263	0.120802	-0.901176	-0.085538	-0.424929
20107	8.712899	1.479145	-4.766111	-0.169163	0.022195	-0.063740	-0.406333	-0.173299	0.897140	-0.148864	0.981287	0.122130	-0.901517	-0.083926	-0.424527
20108	8.710209	1.470720	-4.787718	-0.151440	0.048600	-0.052809	-0.405821	-0.173882	0.897259	-0.147915	0.981288	0.123266	-0.901904	-0.082694	-0.423947
20109	8.706668	1.361187	-4.751344	-0.147367	0.071996	-0.045186	-0.405100	-0.174313	0.897502	-0.146797	0.981321	0.124334	-0.902410	-0.081383	-0.423122
20110	8.757742	1.239025	-4.689500	-0.140246	0.089125	-0.036601	-0.404266	-0.174663	0.897810	-0.145802	0.981352	0.125263	-0.902946	-0.080263	-0.422193
20111	8.806034	1.258799	-4.648592	-0.144490	0.107358	-0.032815	-0.403243	-0.174946	0.898214	-0.144658	0.981400	0.126205	-0.903587	-0.079043	-0.421051
20112	8.802742	1.157371	-4.549080	-0.182622	0.120276	-0.036177	-0.402104	-0.175304	0.898655	-0.143363	0.981448	0.127306	-0.904301	-0.077643	-0.419776
20113	8.877697	1.014855	-4.469241	-0.216388	0.124094	-0.042697	-0.400915	-0.175674	0.899114	-0.141605	0.981530	0.128635	-0.905105	-0.075747	-0.418387
20114	8.925488	0.859464	-4.287375	-0.233827	0.129047	-0.057144	-0.399671	-0.176170	0.899570	-0.139762	0.981596	0.130139	-0.905941	-0.073713	-0.416938
20115	8.904058	0.780783	-4.089756	-0.240675	0.129732	-0.072590	-0.398390	-0.176835	0.900008	-0.137899	0.981633	0.131832	-0.906791	-0.071590	-0.415458
20116	8.878535	0.736228	-3.918180	-0.225921	0.120793	-0.089039	-0.397120	-0.177750	0.900389	-0.136461	0.981596	0.133595	-0.907565	-0.069815	-0.414067
20117	8.927466	0.741620	-3.620407	-0.216619	0.105203	-0.110324	-0.396010	-0.178807	0.900669	-0.134960	0.981539	0.135522	-0.908274	-0.067886	-0.412832
20118	8.821994	0.714499	-3.347360	-0.197784	0.087415	-0.132103	-0.395058	-0.180076	0.900834	-0.133712	0.981428	0.137548	-0.908873	-0.066113	-0.411800
20119	8.919740	0.897240	-3.105479	-0.154917	0.059741	-0.143996	-0.394319	-0.181496	0.900873	-0.132901	0.981260	0.139520	-0.909313	-0.064711	-0.411050
20120	8.999061	1.168477	-2.909200	-0.123967	0.026216	-0.148524	-0.393859	-0.183073	0.900755	-0.132672	0.981025	0.141376	-0.909545	-0.063823	-0.410675
20121	8.973945	1.374132	-2.742140	-0.128309	-0.008953	-0.155127	-0.393731	-0.184647	0.900490	-0.132145	0.980812	0.143338	-0.909678	-0.062558	-0.410576
20122	8.911008	1.445474	-2.732560	-0.142662	-0.040826	-0.162196	-0.393857	-0.186376	0.900078	-0.131759	0.980562	0.145386	-0.909679	-0.061332	-0.410758
20123	8.845335	1.443891	-2.585407	-0.139144	-0.078447	-0.158512	-0.394358	-0.188024	0.899516	-0.131147	0.980340	0.147422	-0.909551	-0.059832	-0.411264
20124	8.861995	1.493181	-2.575150	-0.129956	-0.118688	-0.148551	-0.395131	-0.189775	0.898809	-0.131087	0.980064	0.149303	-0.909224	-0.058828	-0.412131
20125	8.886537	1.546357	-2.659079	-0.121082	-0.153613	-0.134582	-0.396347	-0.191229	0.897964	-0.130548	0.979868	0.151050	-0.908772	-0.057359	-0.413333
20126	8.752236	1.624807	-2.877615	-0.116074	-0.184833	-0.121552	-0.397874	-0.192560	0.897004	-0.130074	0.979688	0.152615	-0.908173	-0.055955	-0.414839
20127	8.699822	1.728423	-3.147844	-0.107790	-0.209540	-0.107691	-0.399632	-0.193777	0.895960	-0.129554	0.979530	0.154066	-0.907475	-0.054505	-0.416556
20128	8.658110	1.802394	-3.485655	-0.114583	-0.224700	-0.088798	-0.401538	-0.194849	0.894875	-0.129064	0.979394	0.155339	-0.906703	-0.053122	-0.418411
20129	8.686703	1.876628	-3.811232	-0.115276	-0.235244	-0.078111	-0.403565	-0.195783	0.893759	-0.128363	0.979292	0.156559	-0.905902	-0.051544	-0.420339
20130	8.712562	1.903699	-4.081180	-0.123376	-0.234926	-0.067811	-0.405638	-0.196583	0.892644	-0.127570	0.979216	0.157677	-0.905088	-0.049915	-0.422285
20131	8.720292	1.864776	-4.343452	-0.150341	-0.234897	-0.056881	-0.407687	-0.197301	0.891551	-0.126471	0.979168	0.158858	-0.904321	-0.047991	-0.424147
20132	8.734190	1.765765	-4.496714	-0.180573	-0.219887	-0.053996	-0.409636	-0.197970	0.890509	-0.125165	0.979134	0.160096	-0.903622	-0.045880	-0.425867
20133	8.803201	1.602633	-4.629648	-0.191120	-0.215187	-0.059950	-0.411501	-0.198699	0.889486	-0.123715	0.979091	0.161482	-0.902974	-0.043593	-0.427479
20134	8.813069	1.520156	-4.663605	-0.185233	-0.209608	-0.066977	-0.413284	-0.199529	0.888473	-0.122516	0.979011	0.162872	-0.902322	-0.041540	-0.429055
20135	8.802254	1.568106	-4.532495	-0.169756	-0.206337	-0.072311	-0.415054	-0.200367	0.887459	-0.121314	0.978925	0.164280	-0.901672	-0.039476	-0.430614
20136	8.823301	1.626625	-4.391430	-0.165211	-0.202370	-0.077950	-0.416782	-0.201245	0.886450	-0.120218	0.978822	0.165693	-0.901022	-0.037510	-0.432149
20137	8.785675	1.635462	-4.185748	-0.180471	-0.201069	-0.085174	-0.418488	-0.202198	0.885429	-0.118979	0.978706	0.167265	-0.900395	-0.035349	-0.433634
20138	8.744434	1.543933	-4.099648	-0.184528	-0.209566	-0.093135	-0.420233	-0.203301	0.884349	-0.117994	0.978547	0.168887	-0.899712	-0.033376	-0.435206
20139	8.680245	1.523205	-4.082174	-0.190691	-0.209469	-0.099608	-0.421997	-0.204390	0.883257	-0.116729	0.978396	0.170635	-0.899051	-0.031094	-0.436738
20140	8.667985	1.464824	-4.130257	-0.169968	-0.216297	-0.094794	-0.423823	-0.205455	0.882135	-0.115782	0.978232	0.172209	-0.898314	-0.029149	-0.438385
20141	8.707519	1.630695	-4.111534	-0.115784	-0.214345	-0.089443	-0.425641	-0.206437	0.881030	-0.115153	0.978071	0.173542	-0.897535	-0.027587	-0.440079
20142	8.687106	1.840758	-4.139007	-0.103332	-0.221781	-0.088131	-0.427445	-0.207557	0.879893	-0.115052	0.977863	0.174776	-0.896691	-0.026526	-0.441862
20143	8.696193	1.939641	-4.134672	-0.126824	-0.224676	-0.087498	-0.429355	-0.208516	0.878735	-0.114321	0.977704	0.176143	-0.895871	-0.024830	-0.443620
20144	8.703297	1.922838	-4.048543	-0.151327	-0.233783	-0.086068	-0.431325	-0.209504	0.877534	-0.113547	0.977536	0.177569	-0.895023	-0.023051	-0.445425
20145	8.711081	1.900308	-4.022480	-0.161380	-0.241982	-0.079456	-0.433397	-0.210380	0.876303	-0.112478	0.977395	0.179021	-0.894156	-0.020977	-0.447263
20146	8.691174	1.886241	-3.978270	-0.174728	-0.256311	-0.078393	-0.435583	-0.211246	0.875010	-0.111337	0.977252	0.180506	-0.893237	-0.018796	-0.449194
20147	8.670566	1.750091	-3.913080	-0.192526	-0.261986	-0.082062	-0.437828	-0.212140	0.873672	-0.110008	0.977102	0.182126	-0.892303	-0.016372	-0.451140
20148	8.608953	1.618313	-3.909718	-0.173948	-0.277373	-0.089504	-0.440186	-0.213111	0.872250	-0.108940	0.976925	0.183709	-0.891274	-0.014157	-0.453245
20149	8.637232	1.505778	-3.850315	-0.156776	-0.298057	-0.094844	-0.442735	-0.214123	0.870711	-0.107994	0.976733	0.185283	-0.890125	-0.012000	-0.455558
20150	8.616746	1.379551	-3.672363	-0.114628	-0.322793	-0.108237	-0.445473	-0.215273	0.869029	-0.107567	0.976500	0.186756	-0.888810	-0.010284	-0.458160
20151	8.623855	1.367112	-3.537587	-0.075852	-0.344929	-0.121583	-0.448403	-0.216539	0.867206	-0.107469	0.976234	0.188195	-0.887347	-0.008811	-0.461017
20152	8.577755	1.310977	-3.431159	-0.032749	-0.371399	-0.138040	-0.451513	-0.217991	0.865226	-0.107935	0.975920	0.189555	-0.885712	-0.007801	-0.464170
20153	8.634243	1.320325	-3.515128	0.017505	-0.403197	-0.152768	-0.454912	-0.219558	0.863046	-0.108815	0.975574	0.190828	-0.883863	-0.007102	-0.467692
20154	8.568516	1.371838	-3.634044	0.069878	-0.426879	-0.172055	-0.458460	-0.221335	0.860712	-0.110345	0.975173	0.191994	-0.881838	-0.006954	-0.471501
20155	8.497877	1.412088	-3.874158	0.118148	-0.446183	-0.188549	-0.462177	-0.223251	0.858226	-0.112286	0.974735	0.193089	-0.879650	-0.007126	-0.475568
20156	8.464801	1.501792	-4.051845	0.159651	-0.468346	-0.206958	-0.466025	-0.225357	0.855590	-0.114743	0.974246	0.194112	-0.877300	-0.007712	-0.479881
20157	8.403666	1.615533	-4.393258	0.195511	-0.478905	-0.217661	-0.469965	-0.227562	0.852848	-0.117508	0.973726	0.195062	-0.874829	-0.008544	-0.484357
20158	8.406486	1.710403	-4.756881	0.223640	-0.486686	-0.230410	-0.473900	-0.229923	0.850032	-0.120677	0.973160	0.195949	-0.872270	-0.009719	-0.488927
20159	8.325383	1.758703	-5.033853	0.256631	-0.483194	-0.237640	-0.477814	-0.232331	0.847181	-0.124077	0.972573	0.196738	-0.869654	-0.011111	-0.493536
20160	8.280563	1.910258	-5.242701	0.280194	-0.477701	-0.244039	-0.481634	-0.234797	0.844333	-0.127750	0.971960	0.197415	-0.867011	-0.012782	-0.498125
20161	8.310699	2.150439	-5.445463	0.314271	-0.471307	-0.243275	-0.485395	-0.237271	0.841483	-0.131681	0.971332	0.197926	-0.864322	-0.014735	-0.502723
20162	8.428147	2.383803	-5.533383	0.297583	-0.456063	-0.225835	-0.489012	-0.239565	0.838734	-0.135407	0.970739	0.198322	-0.861703	-0.016589	-0.507142
20163	8.414099	2.507689	-5.431471	0.274013	-0.441331	-0.220254	-0.492503	-0.241825	0.836039	-0.138880	0.970149	0.198804	-0.859158	-0.018198	-0.511386
20164	8.543873	2.472231	-5.258799	0.219432	-0.428988	-0.217329	-0.495851	-0.244064	0.833405	-0.141918	0.969566	0.199502	-0.856733	-0.019352	-0.515397
20165	8.724861	2.160962	-4.976234	0.167012	-0.427655	-0.205509	-0.499211	-0.246186	0.830771	-0.144404	0.969018	0.200380	-0.854363	-0.019935	-0.519295
20166	9.108541	1.653821	-4.825624	0.138477	-0.428926	-0.173569	-0.502595	-0.247993	0.828189	-0.146519	0.968550	0.201106	-0.852015	-0.020271	-0.523124
20167	9.146527	1.471111	-4.608961	0.162251	-0.452016	-0.155024	-0.506207	-0.249632	0.825493	-0.148716	0.968119	0.201567	-0.849493	-0.020730	-0.527193
20168	9.173899	1.567976	-4.316313	0.130668	-0.486250	-0.167078	-0.510055	-0.251394	0.822584	-0.150743	0.967661	0.202261	-0.846830	-0.020834	-0.531456
20169	9.275177	1.362029	-3.966102	0.081112	-0.526584	-0.181724	-0.514227	-0.253305	0.819395	-0.152394	0.967173	0.203351	-0.844007	-0.020302	-0.535948
20170	9.455743	1.109887	-3.621515	0.125608	-0.571614	-0.216176	-0.518680	-0.255557	0.815881	-0.154644	0.966584	0.204450	-0.840866	-0.020127	-0.540869
20171	9.649672	1.017252	-3.163536	0.205954	-0.635968	-0.244522	-0.523629	-0.258095	0.811911	-0.157682	0.965902	0.205351	-0.837227	-0.020496	-0.546471
