// General information: 
//  MT Manager version: 2022.2.0 
//  XDA version: 2022.2.0 build 7381 rev 124627 built on 2023-07-19
// Device information: 
//  DeviceId: 00B4CB9F
//  ProductCode: MTW2-3A7G6
//  Firmware Version: 4.6.0
//  Hardware Version: 2.0.0
// Device settings: 
//  Filter Profile: human(46.1)
//  Option Flags: Orientation Smoother Disabled, Position/Velocity Smoother Disabled, Continuous Zero Rotation Update Disabled, AHS Disabled, ICC Disabled
// Coordinate system: ENU
PacketCounter	Acc_X	Acc_Y	Acc_Z	Gyr_X	Gyr_Y	Gyr_Z	Mat[1][1]	Mat[2][1]	Mat[3][1]	Mat[1][2]	Mat[2][2]	Mat[3][2]	Mat[1][3]	Mat[2][3]	Mat[3][3]
05047	8.916734	-0.242288	4.410645	-0.220496	-0.010191	0.129790	0.399443	0.153461	0.903822	-0.406238	0.913440	0.024442	-0.821837	-0.376930	0.427209
05048	9.103256	-0.070433	4.465917	-0.217119	0.014851	0.117231	0.399021	0.154664	0.903804	-0.405007	0.914039	0.022391	-0.822649	-0.374982	0.427361
05049	9.165086	0.043252	4.375794	-0.222978	0.060138	0.087078	0.399152	0.155726	0.903563	-0.403594	0.914705	0.020643	-0.823279	-0.372913	0.427957
05050	8.974437	0.061785	4.376188	-0.221674	0.098728	0.072838	0.399603	0.156838	0.903172	-0.402147	0.915378	0.018970	-0.823769	-0.370789	0.428860
05051	8.705810	-0.010728	4.346762	-0.198550	0.107487	0.072183	0.400187	0.157937	0.902722	-0.400875	0.915967	0.017458	-0.824105	-0.368865	0.429871
05052	8.570729	-0.055411	4.291797	-0.165116	0.089952	0.076928	0.400552	0.159052	0.902364	-0.399913	0.916414	0.015989	-0.824396	-0.367271	0.430678
05053	8.600596	-0.061458	4.292516	-0.126842	0.070300	0.070689	0.400837	0.159999	0.902070	-0.399225	0.916734	0.014797	-0.824590	-0.366060	0.431337
05054	8.648476	-0.040378	4.216796	-0.097672	0.057776	0.054799	0.401027	0.160792	0.901845	-0.398729	0.916965	0.013816	-0.824738	-0.365133	0.431840
05055	8.674383	-0.017570	4.214836	-0.074496	0.063622	0.037157	0.401392	0.161406	0.901572	-0.398339	0.917144	0.013152	-0.824749	-0.364410	0.432428
05056	8.637009	0.017358	4.169944	-0.056544	0.060776	0.024625	0.401726	0.161935	0.901329	-0.398065	0.917270	0.012620	-0.824718	-0.363857	0.432952
05057	8.717273	0.008612	4.232119	-0.047990	0.054723	0.003389	0.402152	0.162206	0.901090	-0.397758	0.917407	0.012374	-0.824659	-0.363392	0.433456
05058	8.676706	0.024377	4.241683	-0.038534	0.054655	-0.008402	0.402568	0.162408	0.900868	-0.397497	0.917522	0.012218	-0.824582	-0.363011	0.433922
05059	8.578589	0.053745	4.241655	-0.037862	0.047551	-0.011667	0.402995	0.162514	0.900658	-0.397213	0.917646	0.012152	-0.824510	-0.362650	0.434359
05060	8.585996	-0.021401	4.214571	-0.050272	0.034133	-0.014610	0.403266	0.162585	0.900524	-0.396834	0.917812	0.012001	-0.824560	-0.362198	0.434642
05061	8.651032	-0.036296	4.172270	-0.068090	0.020702	-0.011317	0.403470	0.162597	0.900430	-0.396302	0.918044	0.011799	-0.824716	-0.361603	0.434841
05062	8.783306	-0.038690	4.117314	-0.076240	0.013027	-0.011720	0.403555	0.162618	0.900388	-0.395719	0.918300	0.011509	-0.824955	-0.360945	0.434936
05063	8.932398	-0.032721	4.163411	-0.083938	-0.000803	-0.025708	0.403638	0.162420	0.900386	-0.394997	0.918612	0.011368	-0.825259	-0.360239	0.434943
05064	9.109528	-0.022273	4.169443	-0.097244	0.007771	-0.033297	0.403766	0.162222	0.900365	-0.394153	0.918977	0.011181	-0.825601	-0.359396	0.434992
05065	9.132556	0.030742	4.162755	-0.118348	0.019486	-0.035372	0.404055	0.162008	0.900274	-0.393108	0.919427	0.010977	-0.825958	-0.358340	0.435185
05066	9.082199	0.140587	4.111848	-0.149957	0.027189	-0.031744	0.404335	0.161894	0.900169	-0.391834	0.919976	0.010547	-0.826426	-0.356981	0.435414
05067	8.955152	0.182826	4.061436	-0.187643	0.034894	-0.019817	0.404690	0.161877	0.900012	-0.390278	0.920644	0.009900	-0.826988	-0.355261	0.435752
05068	8.901388	0.191200	4.089768	-0.212408	0.036621	-0.010670	0.404965	0.161988	0.899868	-0.388571	0.921375	0.009008	-0.827657	-0.353310	0.436069
05069	8.850250	0.168792	3.997236	-0.233757	0.038854	0.001849	0.405268	0.162183	0.899697	-0.386718	0.922164	0.007965	-0.828376	-0.351157	0.436443
05070	8.910674	0.096426	3.978229	-0.238688	0.046767	0.000356	0.405587	0.162426	0.899509	-0.384831	0.922962	0.006859	-0.829099	-0.348941	0.436848
05071	8.907189	0.008926	3.883353	-0.224251	0.060059	0.000632	0.406071	0.162681	0.899245	-0.383049	0.923709	0.005866	-0.829686	-0.346837	0.437407
05072	8.880010	-0.006122	3.840769	-0.208440	0.066704	0.002397	0.406547	0.163010	0.898970	-0.381418	0.924390	0.004871	-0.830205	-0.344864	0.437983
05073	8.871746	-0.042032	3.779148	-0.190408	0.064927	0.003599	0.407061	0.163308	0.898683	-0.379927	0.925008	0.003998	-0.830636	-0.343061	0.438580
05074	8.844890	-0.055569	3.735923	-0.171167	0.051242	0.004968	0.407401	0.163600	0.898476	-0.378608	0.925552	0.003144	-0.831072	-0.341451	0.439011
05075	8.823962	-0.066835	3.725304	-0.165164	0.033107	0.009944	0.407627	0.163846	0.898329	-0.377351	0.926067	0.002323	-0.831532	-0.339932	0.439317
05076	8.812888	-0.051959	3.692653	-0.167322	0.014028	0.012246	0.407628	0.164080	0.898286	-0.376098	0.926579	0.001419	-0.832100	-0.338422	0.439409
05077	8.746056	-0.073028	3.703643	-0.172006	-0.013686	0.018083	0.407434	0.164243	0.898344	-0.374816	0.927099	0.000494	-0.832773	-0.336914	0.439293
05078	8.838736	-0.035568	3.772411	-0.176402	-0.031948	0.009386	0.407063	0.164293	0.898503	-0.373470	0.927642	-0.000422	-0.833559	-0.335392	0.438967
05079	8.993474	-0.111210	3.748319	-0.179623	-0.048628	-0.003470	0.406659	0.164139	0.898714	-0.372034	0.928218	-0.001186	-0.834397	-0.333870	0.438534
05080	8.977049	-0.170257	3.784033	-0.173339	-0.050117	-0.008330	0.406202	0.163960	0.898953	-0.370629	0.928779	-0.001927	-0.835245	-0.332396	0.438041
05081	8.913729	-0.212920	3.878558	-0.167722	-0.051334	-0.007700	0.405790	0.163760	0.899176	-0.369273	0.929317	-0.002599	-0.836045	-0.330986	0.437580
05082	8.883258	-0.299638	3.899344	-0.159038	-0.062737	-0.009769	0.405231	0.163528	0.899470	-0.367983	0.929827	-0.003263	-0.836885	-0.329668	0.436970
05083	8.829005	-0.241025	3.951982	-0.148670	-0.063514	-0.009874	0.404724	0.163268	0.899745	-0.366775	0.930302	-0.003830	-0.837660	-0.328454	0.436399
05084	8.778951	-0.256792	3.936907	-0.142872	-0.073384	-0.010573	0.404079	0.162990	0.900086	-0.365604	0.930760	-0.004412	-0.838483	-0.327292	0.435690
05085	8.821414	-0.227873	3.991984	-0.134861	-0.084717	-0.010609	0.403396	0.162655	0.900453	-0.364506	0.931188	-0.004911	-0.839290	-0.326239	0.434926
05086	8.894416	-0.191686	4.129208	-0.125906	-0.079174	-0.018967	0.402728	0.162287	0.900818	-0.363451	0.931598	-0.005344	-0.840068	-0.325251	0.434164
05087	9.023035	-0.143674	4.187877	-0.114239	-0.066258	-0.023948	0.402247	0.161889	0.901104	-0.362471	0.931978	-0.005632	-0.840721	-0.324359	0.433566
05088	9.138374	-0.147205	4.322208	-0.105991	-0.039724	-0.026181	0.401936	0.161584	0.901298	-0.361557	0.932331	-0.005911	-0.841264	-0.323495	0.433159
05089	9.111031	-0.179765	4.325538	-0.100329	-0.008482	-0.032498	0.401970	0.161294	0.901334	-0.360659	0.932678	-0.006060	-0.841632	-0.322638	0.433081
05090	9.022374	-0.174454	4.444832	-0.098175	0.017717	-0.029832	0.402155	0.161139	0.901280	-0.359791	0.933012	-0.006272	-0.841915	-0.321750	0.433192
05091	8.902852	-0.151514	4.517721	-0.112087	0.034021	-0.020108	0.402502	0.161102	0.901131	-0.358844	0.933375	-0.006584	-0.842154	-0.320715	0.433496
05092	8.828675	-0.071103	4.512156	-0.136313	0.037216	-0.009573	0.402778	0.161200	0.900991	-0.357740	0.933794	-0.007145	-0.842491	-0.319443	0.433779
05093	8.824920	-0.052607	4.427686	-0.164299	0.043261	-0.002438	0.403140	0.161356	0.900801	-0.356423	0.934292	-0.007843	-0.842876	-0.317904	0.434162
05094	8.841308	0.018132	4.426566	-0.194004	0.052393	0.001963	0.403504	0.161608	0.900593	-0.354876	0.934872	-0.008760	-0.843355	-0.316064	0.434575
05095	8.813869	0.004007	4.383422	-0.217967	0.065274	0.001504	0.404038	0.161869	0.900306	-0.353120	0.935527	-0.009728	-0.843836	-0.313986	0.435148
05096	8.810255	-0.030845	4.355476	-0.236494	0.078711	0.001681	0.404630	0.162191	0.899983	-0.351202	0.936237	-0.010824	-0.844353	-0.311696	0.435791
05097	8.728762	-0.081511	4.270863	-0.247370	0.084134	-0.001668	0.405336	0.162477	0.899613	-0.349184	0.936979	-0.011895	-0.844851	-0.309309	0.436525
05098	8.668396	-0.154006	4.287947	-0.253780	0.079996	0.001758	0.405940	0.162801	0.899282	-0.347121	0.937729	-0.013069	-0.845411	-0.306855	0.437173
05099	8.659140	-0.214843	4.190894	-0.255242	0.067824	0.006460	0.406480	0.163110	0.898982	-0.345066	0.938470	-0.014251	-0.845992	-0.304416	0.437753
05100	8.647100	-0.277796	4.180396	-0.249065	0.054806	0.012459	0.406831	0.163461	0.898760	-0.343091	0.939174	-0.015509	-0.846627	-0.302047	0.438167
05101	8.696654	-0.351550	4.089454	-0.235773	0.046063	0.019809	0.407142	0.163827	0.898552	-0.341252	0.939823	-0.016727	-0.847220	-0.299822	0.438548
05102	8.694485	-0.386868	4.057740	-0.223532	0.040323	0.018960	0.407351	0.164192	0.898391	-0.339518	0.940429	-0.017930	-0.847816	-0.297716	0.438831
05103	8.716790	-0.441707	4.039427	-0.207393	0.036805	0.019485	0.407587	0.164526	0.898223	-0.337916	0.940984	-0.019022	-0.848343	-0.295771	0.439129
05104	8.787069	-0.460939	4.030564	-0.185666	0.031956	0.013793	0.407741	0.164818	0.898099	-0.336478	0.941478	-0.020016	-0.848840	-0.294030	0.439337
05105	8.789676	-0.565327	3.927609	-0.165981	0.034092	0.015753	0.407967	0.165107	0.897944	-0.335211	0.941911	-0.020893	-0.849233	-0.292477	0.439615
05106	8.783360	-0.549054	3.930313	-0.143061	0.031520	0.019700	0.408102	0.165447	0.897820	-0.334153	0.942268	-0.021750	-0.849585	-0.291133	0.439826
05107	8.767703	-0.583414	3.916925	-0.110977	0.026557	0.024261	0.408236	0.165794	0.897695	-0.333387	0.942523	-0.022463	-0.849822	-0.290109	0.440045
05108	8.819273	-0.578989	3.928018	-0.082634	0.024645	0.028891	0.408275	0.166214	0.897599	-0.332900	0.942678	-0.023141	-0.849994	-0.289363	0.440204
05109	8.904242	-0.566833	3.934220	-0.053283	0.026270	0.032891	0.408378	0.166641	0.897473	-0.332659	0.942750	-0.023678	-0.850038	-0.288883	0.440433
05110	9.028060	-0.522449	4.004792	-0.026834	0.028744	0.021146	0.408480	0.166992	0.897362	-0.332600	0.942762	-0.024040	-0.850013	-0.288642	0.440641
05111	9.017333	-0.552273	4.026684	-0.006161	0.041175	0.017134	0.408762	0.167313	0.897173	-0.332696	0.942723	-0.024228	-0.849839	-0.288582	0.441014
05112	8.858217	-0.513614	4.106642	0.008937	0.041077	0.016382	0.408992	0.167640	0.897007	-0.332900	0.942647	-0.024383	-0.849649	-0.288641	0.441342
05113	8.689836	-0.525864	4.169794	0.015916	0.026506	0.020243	0.409139	0.167948	0.896883	-0.333196	0.942539	-0.024501	-0.849462	-0.288814	0.441589
05114	8.684417	-0.479275	4.206975	0.017981	0.006220	0.023350	0.409037	0.168264	0.896870	-0.333543	0.942412	-0.024689	-0.849375	-0.289046	0.441604
05115	8.693757	-0.453110	4.187846	0.013936	-0.014925	0.020982	0.408829	0.168460	0.896928	-0.333825	0.942308	-0.024822	-0.849364	-0.289269	0.441479
05116	8.723966	-0.474609	4.233835	0.010729	-0.030966	0.014574	0.408441	0.168584	0.897082	-0.334074	0.942216	-0.024962	-0.849453	-0.289496	0.441159
05117	8.739426	-0.471942	4.211409	0.007001	-0.034862	0.013157	0.408090	0.168648	0.897229	-0.334265	0.942146	-0.025056	-0.849547	-0.289688	0.440853
05118	8.774750	-0.541077	4.220637	0.004965	-0.035111	0.012475	0.407681	0.168723	0.897401	-0.334424	0.942086	-0.025199	-0.849681	-0.289839	0.440495
05119	8.819551	-0.558658	4.246130	0.018193	-0.030239	0.012491	0.407371	0.168794	0.897529	-0.334708	0.941984	-0.025237	-0.849717	-0.290129	0.440234
05120	8.839941	-0.555183	4.258421	0.032606	-0.023546	0.011840	0.407056	0.168910	0.897650	-0.335121	0.941836	-0.025258	-0.849705	-0.290540	0.439985
05121	8.878568	-0.595489	4.216360	0.054827	-0.012353	0.017390	0.406881	0.169079	0.897697	-0.335736	0.941619	-0.025179	-0.849546	-0.291144	0.439893
05122	8.864322	-0.621859	4.200796	0.081464	-0.004083	0.024242	0.406684	0.169374	0.897731	-0.336619	0.941306	-0.025103	-0.849292	-0.291984	0.439829
05123	8.815759	-0.579458	4.173888	0.103009	0.006961	0.028407	0.406636	0.169703	0.897690	-0.337687	0.940929	-0.024912	-0.848890	-0.293008	0.439922
05124	8.762776	-0.564019	4.200805	0.119643	0.012401	0.035254	0.406550	0.170135	0.897647	-0.338917	0.940491	-0.024758	-0.848441	-0.294162	0.440018
05125	8.652562	-0.510629	4.253786	0.130506	0.006640	0.035116	0.406476	0.170526	0.897607	-0.340244	0.940018	-0.024505	-0.847945	-0.295445	0.440115
05126	8.623131	-0.464006	4.241736	0.127120	0.006362	0.038550	0.406321	0.170985	0.897590	-0.341576	0.939539	-0.024351	-0.847484	-0.296701	0.440158
05127	8.676054	-0.427151	4.286544	0.133568	-0.003424	0.035649	0.406158	0.171350	0.897594	-0.342931	0.939052	-0.024090	-0.847015	-0.298028	0.440165
05128	8.738456	-0.362803	4.311922	0.124916	0.000672	0.032986	0.405974	0.171738	0.897603	-0.344216	0.938586	-0.023895	-0.846582	-0.299269	0.440156
05129	8.738600	-0.336085	4.347309	0.124412	0.005736	0.033034	0.405897	0.172106	0.897568	-0.345481	0.938128	-0.023650	-0.846103	-0.300493	0.440242
05130	8.824267	-0.316734	4.352788	0.114582	0.015096	0.035913	0.405825	0.172564	0.897512	-0.346694	0.937683	-0.023524	-0.845641	-0.301616	0.440362
05131	8.785770	-0.348785	4.413141	0.107296	0.019600	0.039415	0.405842	0.173033	0.897414	-0.347839	0.937262	-0.023411	-0.845163	-0.302654	0.440568
05132	8.803193	-0.318203	4.342002	0.101025	0.014178	0.049677	0.405708	0.173622	0.897361	-0.348990	0.936832	-0.023476	-0.844752	-0.303646	0.440673
05133	8.783655	-0.298181	4.363310	0.081851	0.007356	0.057939	0.405556	0.174228	0.897312	-0.349994	0.936453	-0.023642	-0.844410	-0.304466	0.440763
05134	8.783026	-0.249910	4.310392	0.066563	-0.011000	0.068149	0.405153	0.174896	0.897364	-0.350904	0.936103	-0.024016	-0.844226	-0.305159	0.440637
05135	8.830625	-0.268294	4.249913	0.059095	-0.018207	0.079098	0.404709	0.175622	0.897423	-0.351801	0.935755	-0.024472	-0.844065	-0.305811	0.440493
05136	8.864069	-0.216165	4.190491	0.059972	-0.012449	0.092158	0.404213	0.176503	0.897473	-0.352744	0.935383	-0.025087	-0.843909	-0.306438	0.440355
05137	8.772712	-0.239580	4.151644	0.061365	-0.005010	0.103167	0.403794	0.177494	0.897467	-0.353757	0.934983	-0.025749	-0.843686	-0.307088	0.440330
05138	8.786315	-0.192949	4.078871	0.056644	0.001584	0.108715	0.403350	0.178584	0.897450	-0.354760	0.934581	-0.026529	-0.843477	-0.307679	0.440317
05139	8.762598	-0.155378	4.099514	0.053769	0.003036	0.110103	0.402972	0.179662	0.897405	-0.355736	0.934188	-0.027287	-0.843247	-0.308243	0.440364
05140	8.805228	-0.204211	4.093552	0.052028	-0.007571	0.107983	0.402438	0.180734	0.897429	-0.356717	0.933790	-0.028092	-0.843087	-0.308823	0.440264
05141	8.795847	-0.238140	4.112136	0.055901	-0.012669	0.101070	0.401958	0.181679	0.897454	-0.357673	0.933404	-0.028759	-0.842912	-0.309435	0.440170
05142	8.810701	-0.291945	4.144145	0.066020	-0.025443	0.101620	0.401305	0.182612	0.897556	-0.358709	0.932985	-0.029438	-0.842782	-0.310148	0.439917
05143	8.792948	-0.276599	4.161722	0.075641	-0.033404	0.095347	0.400668	0.183438	0.897672	-0.359807	0.932545	-0.029968	-0.842617	-0.310981	0.439644
05144	8.765041	-0.261687	4.110531	0.074592	-0.037240	0.089158	0.399956	0.184231	0.897828	-0.360899	0.932106	-0.030495	-0.842489	-0.311829	0.439290
05145	8.681567	-0.233162	4.171989	0.071142	-0.044683	0.084340	0.399261	0.184918	0.897995	-0.361913	0.931698	-0.030946	-0.842383	-0.312641	0.438915
05146	8.649883	-0.243564	4.173202	0.061560	-0.052932	0.074079	0.398471	0.185509	0.898225	-0.362805	0.931336	-0.031399	-0.842374	-0.313369	0.438414
05147	8.681913	-0.192364	4.197844	0.046747	-0.056478	0.064563	0.397747	0.185974	0.898449	-0.363534	0.931039	-0.031781	-0.842401	-0.313976	0.437926
05148	8.727228	-0.212862	4.222020	0.032707	-0.046299	0.052361	0.397067	0.186427	0.898656	-0.364182	0.930772	-0.032177	-0.842442	-0.314498	0.437472
05149	8.828641	-0.272297	4.221499	0.024295	-0.036838	0.051083	0.396557	0.186827	0.898798	-0.364667	0.930569	-0.032537	-0.842473	-0.314860	0.437154
05150	8.838558	-0.323389	4.218604	0.029666	-0.021160	0.044246	0.396128	0.187266	0.898896	-0.365229	0.930337	-0.032866	-0.842431	-0.315283	0.436928
05151	8.776365	-0.412195	4.281459	0.036564	-0.006943	0.040131	0.395909	0.187658	0.898911	-0.365774	0.930116	-0.033074	-0.842298	-0.315704	0.436882
05152	8.751742	-0.467985	4.286031	0.053707	-0.007086	0.040000	0.395643	0.188043	0.898948	-0.366400	0.929863	-0.033250	-0.842151	-0.316220	0.436792
05153	8.689167	-0.555137	4.349765	0.068124	-0.007578	0.037831	0.395426	0.188411	0.898966	-0.367202	0.929545	-0.033299	-0.841903	-0.316934	0.436751
05154	8.689391	-0.555375	4.349286	0.071986	-0.012399	0.037786	0.395077	0.188844	0.899028	-0.368141	0.929170	-0.033396	-0.841657	-0.317775	0.436615
05155	8.660706	-0.535761	4.300007	0.073287	-0.019119	0.039127	0.394758	0.189187	0.899096	-0.368990	0.928832	-0.033435	-0.841435	-0.318559	0.436472
05156	8.662452	-0.510992	4.332717	0.071010	-0.024741	0.033649	0.394378	0.189443	0.899209	-0.369726	0.928538	-0.033466	-0.841290	-0.319263	0.436237
05157	8.695923	-0.529634	4.291227	0.069808	-0.026557	0.034338	0.394013	0.189717	0.899311	-0.370527	0.928218	-0.033477	-0.841108	-0.320028	0.436026
05158	8.706546	-0.502930	4.269790	0.063896	-0.022127	0.030278	0.393614	0.190040	0.899418	-0.371348	0.927888	-0.033542	-0.840933	-0.320794	0.435800
05159	8.726572	-0.499366	4.282982	0.067065	-0.011475	0.031631	0.393386	0.190337	0.899455	-0.372114	0.927581	-0.033541	-0.840701	-0.321506	0.435724
05160	8.750532	-0.520083	4.296877	0.065801	-0.004480	0.037125	0.393142	0.190724	0.899480	-0.372882	0.927269	-0.033638	-0.840475	-0.322175	0.435666
05161	8.769748	-0.517101	4.311649	0.072387	0.006626	0.041866	0.393027	0.191174	0.899434	-0.373733	0.926924	-0.033706	-0.840151	-0.322901	0.435754
05162	8.783030	-0.515430	4.293415	0.078169	0.019619	0.052090	0.392938	0.191770	0.899346	-0.374662	0.926543	-0.033873	-0.839778	-0.323641	0.435923
05163	8.809887	-0.511939	4.256418	0.082214	0.028981	0.061639	0.392936	0.192475	0.899197	-0.375672	0.926126	-0.034076	-0.839328	-0.324414	0.436216
05164	8.817970	-0.487818	4.239961	0.086428	0.036786	0.074608	0.392888	0.193356	0.899029	-0.376778	0.925664	-0.034427	-0.838855	-0.325208	0.436534
05165	8.806143	-0.517794	4.263452	0.085802	0.037252	0.086937	0.392857	0.194322	0.898834	-0.377917	0.925184	-0.034841	-0.838357	-0.325997	0.436903
05166	8.807356	-0.521835	4.179591	0.082372	0.045883	0.095162	0.392826	0.195387	0.898616	-0.379001	0.924719	-0.035384	-0.837882	-0.326677	0.437306
05167	8.780823	-0.556232	4.223689	0.082429	0.046466	0.108852	0.392787	0.196586	0.898372	-0.380197	0.924204	-0.036008	-0.837358	-0.327415	0.437757
05168	8.785807	-0.587012	4.140605	0.077296	0.051946	0.126676	0.392696	0.197940	0.898114	-0.381316	0.923710	-0.036853	-0.836892	-0.327994	0.438215
05169	8.788127	-0.594659	4.179751	0.076003	0.052588	0.144480	0.392569	0.199487	0.897828	-0.382597	0.923141	-0.037824	-0.836366	-0.328658	0.438720
05170	8.719586	-0.541843	4.175469	0.069108	0.054283	0.158209	0.392360	0.201158	0.897546	-0.383795	0.922595	-0.038997	-0.835916	-0.329173	0.439192
05171	8.731728	-0.675500	4.146714	0.046913	0.042911	0.176881	0.392024	0.202971	0.897285	-0.384958	0.922050	-0.040384	-0.835539	-0.329585	0.439601
05172	8.719537	-0.666330	4.116316	0.070129	0.036929	0.194536	0.391516	0.204941	0.897059	-0.386367	0.921394	-0.041873	-0.835126	-0.330200	0.439923
05173	8.685528	-0.612278	4.104502	0.072682	0.024182	0.214412	0.390872	0.207036	0.896858	-0.387890	0.920679	-0.043483	-0.834722	-0.330886	0.440175
05174	8.665473	-0.606219	4.125662	0.090325	0.002050	0.228757	0.389907	0.209236	0.896768	-0.389642	0.919856	-0.045210	-0.834357	-0.331790	0.440186
05175	8.566166	-0.587831	4.209174	0.111612	-0.023436	0.239677	0.388760	0.211402	0.896758	-0.391583	0.918948	-0.046875	-0.833983	-0.332932	0.440032
05176	8.496694	-0.564990	4.250669	0.128248	-0.059513	0.253432	0.387233	0.213527	0.896915	-0.393553	0.918014	-0.048638	-0.833767	-0.334149	0.439520
05177	8.417100	-0.592866	4.275099	0.152269	-0.104310	0.253510	0.385347	0.215544	0.897245	-0.395878	0.916927	-0.050251	-0.833539	-0.335836	0.438664
05178	8.353546	-0.617642	4.276345	0.174223	-0.149071	0.259774	0.383007	0.217471	0.897781	-0.398362	0.915760	-0.051879	-0.833434	-0.337772	0.437375
05179	8.348578	-0.656925	4.283672	0.206447	-0.186899	0.253589	0.380420	0.219198	0.898461	-0.401127	0.914473	-0.053262	-0.833293	-0.340135	0.435810
05180	8.352091	-0.644201	4.267664	0.236327	-0.221619	0.246711	0.377482	0.220790	0.899310	-0.404138	0.913071	-0.054533	-0.833175	-0.342860	0.433898
05181	8.378130	-0.578208	4.208560	0.270354	-0.247322	0.245851	0.374408	0.222220	0.900243	-0.407391	0.911561	-0.055582	-0.832977	-0.345940	0.431826
05182	8.373655	-0.489433	4.186748	0.299950	-0.262221	0.227798	0.371162	0.223523	0.901264	-0.410932	0.909917	-0.056437	-0.832691	-0.349411	0.429580
05183	8.407801	-0.319166	4.135585	0.330954	-0.279076	0.205620	0.367974	0.224451	0.902340	-0.414523	0.908259	-0.056881	-0.832326	-0.353110	0.427256
05184	8.496357	-0.138526	4.090386	0.340175	-0.280673	0.173270	0.364813	0.225141	0.903451	-0.418182	0.906570	-0.057057	-0.831887	-0.356992	0.424878
05185	8.515435	0.009187	4.022467	0.320511	-0.280547	0.142048	0.361866	0.225460	0.904555	-0.421440	0.905064	-0.056991	-0.831530	-0.360593	0.422530
05186	8.489190	0.099441	3.860066	0.291863	-0.268602	0.114931	0.359129	0.225512	0.905633	-0.424175	0.903794	-0.056847	-0.831325	-0.363731	0.420235
05187	8.334548	0.221974	3.701610	0.246490	-0.262691	0.088287	0.356552	0.225389	0.906681	-0.426616	0.902659	-0.056623	-0.831186	-0.366615	0.418000
05188	8.101645	0.309872	3.577220	0.170335	-0.275269	0.070242	0.353919	0.225032	0.907801	-0.428256	0.901883	-0.056603	-0.831468	-0.368738	0.415565
05189	7.834422	0.344504	3.514904	0.066509	-0.304990	0.050552	0.351148	0.224400	0.909032	-0.429063	0.901487	-0.056796	-0.832226	-0.370088	0.412837
05190	7.819733	0.333008	3.355166	-0.045475	-0.314195	0.034225	0.348236	0.223693	0.910326	-0.429012	0.901473	-0.057404	-0.833475	-0.370550	0.409892
05191	8.026589	0.491406	3.090364	-0.226901	-0.283482	0.028600	0.345730	0.222942	0.911465	-0.427293	0.902212	-0.058601	-0.835399	-0.369203	0.407183
05192	8.431556	0.577311	2.987187	-0.449447	-0.252413	0.046905	0.343322	0.222529	0.912475	-0.423852	0.903681	-0.060908	-0.838140	-0.365843	0.404573
05193	8.937144	-0.217208	3.018092	-0.684919	-0.218273	0.122566	0.340955	0.222884	0.913276	-0.418594	0.905859	-0.064799	-0.841741	-0.360198	0.402155
05194	9.474355	-0.780673	2.846399	-0.767901	-0.154269	0.259381	0.338508	0.224728	0.913734	-0.413023	0.908003	-0.070307	-0.845473	-0.353594	0.400184
05195	9.680672	-1.596320	2.938937	-0.802919	-0.069313	0.439301	0.336101	0.228518	0.913683	-0.407779	0.909783	-0.077540	-0.848972	-0.346519	0.398963
05196	9.775157	-2.270233	3.146249	-0.680117	-0.053007	0.601559	0.333136	0.233864	0.913416	-0.404094	0.910686	-0.085787	-0.851897	-0.340527	0.397885
05197	10.425227	-2.476114	3.788211	-0.489914	-0.057067	0.735232	0.329667	0.240406	0.912976	-0.402428	0.910565	-0.094458	-0.854032	-0.336267	0.396929
05198	10.868727	-3.042848	4.479744	-0.300896	-0.032376	0.814910	0.326048	0.247750	0.912311	-0.402557	0.909566	-0.103137	-0.855360	-0.333629	0.396296
05199	10.338120	-3.987053	5.035172	-0.237959	-0.090397	0.877630	0.321721	0.255465	0.911720	-0.403438	0.908115	-0.112093	-0.856582	-0.331760	0.395224
05200	9.311007	-3.838336	5.068207	-0.322912	-0.282841	0.866238	0.315705	0.262465	0.911835	-0.403501	0.906898	-0.121340	-0.858788	-0.329619	0.392217
05201	8.921173	-3.130899	4.971627	-0.521333	-0.491275	0.728239	0.308529	0.267497	0.912828	-0.401363	0.906642	-0.130026	-0.862390	-0.326259	0.387089
05202	9.152692	-2.340583	4.882242	-0.554825	-0.563312	0.564558	0.301337	0.270841	0.914243	-0.398318	0.906901	-0.137380	-0.866336	-0.322762	0.381164
05203	9.279308	-1.860260	4.875468	-0.265543	-0.515630	0.412997	0.295203	0.272964	0.915612	-0.397322	0.906599	-0.142175	-0.868902	-0.321822	0.376085
05204	9.079215	-1.570525	5.149278	0.342151	-0.464308	0.270360	0.290027	0.273963	0.916967	-0.401102	0.904733	-0.143443	-0.868908	-0.326195	0.372284
05205	8.632487	-1.015870	4.714280	0.849434	-0.462701	0.111976	0.285541	0.273483	0.918517	-0.408872	0.901581	-0.141334	-0.866770	-0.335199	0.369258
05206	8.449532	-0.383717	3.382397	1.000461	-0.458340	-0.071772	0.281828	0.271321	0.920303	-0.417316	0.898366	-0.137058	-0.863956	-0.345431	0.366412
05207	8.311799	0.463522	2.346664	1.074479	-0.384568	-0.222855	0.279434	0.268013	0.922001	-0.426030	0.895161	-0.131092	-0.860474	-0.356169	0.364320
05208	7.968691	1.415012	2.073174	1.141515	-0.305534	-0.295604	0.278009	0.264335	0.923493	-0.435075	0.891776	-0.124281	-0.856400	-0.367237	0.362927
05209	7.813322	1.553659	2.423299	1.078032	-0.332907	-0.245259	0.276223	0.260950	0.924990	-0.443681	0.888366	-0.118125	-0.852554	-0.377772	0.361165
05210	8.243194	0.540452	3.068299	0.975506	-0.455517	-0.092097	0.272678	0.258456	0.926740	-0.451820	0.884818	-0.113823	-0.849415	-0.387683	0.358046
05211	9.279669	-1.063099	3.868371	0.933740	-0.586504	0.096426	0.267245	0.257042	0.928714	-0.460073	0.880864	-0.111409	-0.846707	-0.397502	0.353664
05212	10.296644	-2.594895	4.319012	0.841098	-0.692961	0.298320	0.259921	0.256940	0.930819	-0.468060	0.876661	-0.111290	-0.844607	-0.406752	0.348125
05213	10.790778	-3.689394	4.012739	0.579340	-0.789923	0.494687	0.250901	0.258064	0.932980	-0.474287	0.872969	-0.113917	-0.843861	-0.413918	0.341425
05214	10.619932	-4.041143	3.058832	0.157877	-0.854318	0.621808	0.240647	0.259998	0.935142	-0.477223	0.870652	-0.119260	-0.845191	-0.417571	0.333597
05215	10.019405	-3.716832	2.267418	-0.188700	-0.844899	0.650276	0.230370	0.262163	0.937123	-0.477229	0.869701	-0.125986	-0.848046	-0.418199	0.325465
05216	9.414776	-2.783679	2.215659	-0.275344	-0.813085	0.579602	0.220612	0.263873	0.938989	-0.476278	0.869273	-0.132382	-0.851170	-0.418015	0.317449
05217	9.116526	-1.995009	2.643887	-0.188002	-0.774406	0.488052	0.211667	0.264913	0.940754	-0.475801	0.868727	-0.137576	-0.853704	-0.418492	0.309927
05218	8.805312	-1.537326	3.079761	-0.038397	-0.736608	0.390448	0.203429	0.265281	0.942466	-0.476358	0.867800	-0.141444	-0.855395	-0.420177	0.302904
05219	8.597125	-1.111053	3.024024	0.026572	-0.738335	0.291671	0.195697	0.264738	0.944255	-0.477238	0.866873	-0.144135	-0.856707	-0.422428	0.295987
05220	8.759350	-0.875437	2.585783	0.021200	-0.774050	0.201177	0.188007	0.263276	0.946224	-0.477880	0.866197	-0.146059	-0.858070	-0.424721	0.288665
05221	9.191704	-0.645568	2.196204	0.019462	-0.773370	0.123106	0.180756	0.261086	0.948241	-0.478345	0.865749	-0.147189	-0.859368	-0.426981	0.281379
05222	9.620575	-0.750716	1.840292	0.067558	-0.741104	0.064728	0.173985	0.258540	0.950203	-0.479113	0.865238	-0.147695	-0.860337	-0.429558	0.274409
05223	10.021685	-0.878694	1.419106	0.168785	-0.693835	0.013419	0.167929	0.255702	0.952059	-0.480659	0.864433	-0.147386	-0.860678	-0.432865	0.268069
05224	10.265198	-0.954847	1.089421	0.224760	-0.618333	-0.012355	0.162577	0.252970	0.953716	-0.482649	0.863432	-0.146747	-0.860592	-0.436453	0.262470
05225	10.343290	-1.272788	0.916006	0.248347	-0.537923	-0.012374	0.157987	0.250543	0.955127	-0.484836	0.862332	-0.146005	-0.860218	-0.440013	0.257710
05226	10.201052	-1.278971	1.256029	0.289711	-0.488430	0.026230	0.153569	0.248667	0.956337	-0.487431	0.860938	-0.145590	-0.859551	-0.443791	0.253421
05227	9.781081	-1.267377	1.688035	0.260299	-0.502353	0.067750	0.148900	0.247049	0.957495	-0.489840	0.859567	-0.145607	-0.859003	-0.447338	0.249003
05228	9.576818	-1.385971	1.897816	0.174776	-0.564028	0.098826	0.143481	0.245417	0.958741	-0.491538	0.858497	-0.146196	-0.858955	-0.450281	0.243810
05229	9.471812	-1.417882	1.927236	0.074549	-0.629374	0.132751	0.137399	0.243752	0.960055	-0.492434	0.857792	-0.147313	-0.859436	-0.452523	0.237892
05230	9.296807	-1.335746	1.915014	-0.046846	-0.685048	0.140388	0.130726	0.241902	0.961454	-0.492272	0.857621	-0.148845	-0.860569	-0.453839	0.231195
05231	9.198837	-1.329159	1.853436	-0.194834	-0.745531	0.127824	0.123653	0.239651	0.962952	-0.490824	0.858154	-0.150543	-0.862439	-0.454025	0.223740
05232	9.302769	-1.371613	1.686685	-0.339285	-0.768372	0.104453	0.116415	0.237113	0.964482	-0.488069	0.859402	-0.152369	-0.865006	-0.452996	0.215775
05233	9.340373	-1.363996	1.540943	-0.413720	-0.761171	0.062431	0.109494	0.234246	0.965992	-0.484624	0.861082	-0.153874	-0.867843	-0.451294	0.207805
05234	9.445615	-1.373578	1.423714	-0.472345	-0.718930	0.019625	0.103058	0.231228	0.967426	-0.480590	0.863121	-0.155101	-0.870869	-0.448951	0.200077
05235	9.449731	-1.288602	1.215966	-0.513066	-0.665318	-0.020862	0.097332	0.228107	0.968759	-0.476161	0.865422	-0.155935	-0.873955	-0.446108	0.192849
05236	9.480742	-1.290225	1.156426	-0.525526	-0.631571	-0.052291	0.091961	0.224892	0.970034	-0.471555	0.867839	-0.156495	-0.877029	-0.443033	0.185856
05237	9.551127	-1.162425	1.189560	-0.491303	-0.600837	-0.075224	0.087015	0.221622	0.971243	-0.467240	0.870135	-0.156690	-0.879838	-0.440169	0.179265
05238	9.496355	-1.011160	1.285138	-0.477897	-0.564106	-0.093104	0.082387	0.218380	0.972380	-0.462995	0.872400	-0.156698	-0.882524	-0.437297	0.172983
05239	9.585836	-0.931822	1.279555	-0.521338	-0.577439	-0.080787	0.077634	0.215196	0.973480	-0.458390	0.874805	-0.156827	-0.885354	-0.434058	0.166558
05240	9.667606	-0.854799	1.294508	-0.573931	-0.604157	-0.057811	0.072451	0.212119	0.974554	-0.453296	0.877376	-0.157268	-0.888411	-0.430367	0.159720
05241	9.703982	-0.783599	1.214332	-0.647713	-0.613086	-0.040550	0.067157	0.209175	0.975569	-0.447571	0.880195	-0.157916	-0.891723	-0.426031	0.152732
05242	9.713320	-0.837521	1.149061	-0.735800	-0.622915	-0.022164	0.061602	0.206382	0.976530	-0.441018	0.883326	-0.158863	-0.895381	-0.420882	0.145433
05243	9.637580	-0.896182	1.105525	-0.806331	-0.625861	-0.018225	0.056046	0.203642	0.977440	-0.433841	0.886695	-0.159860	-0.899245	-0.415093	0.138044
05244	9.652089	-0.879963	1.091090	-0.902366	-0.639559	-0.010519	0.050243	0.200952	0.978312	-0.425734	0.890404	-0.161031	-0.903452	-0.408410	0.130289
05245	9.596138	-0.843454	1.053416	-1.006596	-0.654620	-0.006048	0.044320	0.198288	0.979141	-0.416683	0.894451	-0.162276	-0.907971	-0.400799	0.122265
05246	9.538836	-0.909351	1.113061	-1.102925	-0.651714	-0.005302	0.038326	0.195691	0.979916	-0.406670	0.898809	-0.163588	-0.912771	-0.392233	0.114030
05247	9.586747	-1.072043	1.172485	-1.185276	-0.630358	-0.012684	0.032590	0.193173	0.980623	-0.395886	0.903391	-0.164802	-0.917721	-0.382844	0.105915
05248	9.553241	-1.358941	1.170928	-1.249641	-0.612946	-0.023756	0.026962	0.190676	0.981283	-0.384407	0.908134	-0.165900	-0.922770	-0.372739	0.097783
05249	9.448450	-1.610944	0.966868	-1.321349	-0.617844	-0.027615	0.021332	0.188193	0.981900	-0.372243	0.913006	-0.166902	-0.927890	-0.361945	0.089530
05250	9.290237	-1.910089	0.760910	-1.421220	-0.646293	-0.039421	0.015384	0.185566	0.982511	-0.359039	0.918118	-0.167782	-0.933196	-0.350179	0.080750
05251	9.203871	-2.217791	0.460248	-1.479955	-0.695387	-0.048771	0.009032	0.182764	0.983115	-0.345252	0.923266	-0.168466	-0.938466	-0.337901	0.071438
05252	9.224972	-2.470416	0.206080	-1.515055	-0.753396	-0.073128	0.002111	0.179625	0.983733	-0.331021	0.928401	-0.168811	-0.943621	-0.325280	0.061420
05253	9.265133	-2.641714	-0.045298	-1.523933	-0.790953	-0.101868	-0.005057	0.176194	0.984342	-0.316674	0.933411	-0.168704	-0.948521	-0.312569	0.051076
05254	9.359396	-2.714735	-0.226333	-1.489975	-0.813545	-0.136485	-0.012449	0.172464	0.984937	-0.302552	0.938192	-0.168103	-0.953052	-0.300087	0.040499
05255	9.421800	-2.736130	-0.384394	-1.396688	-0.802732	-0.179111	-0.019600	0.168458	0.985514	-0.289310	0.942578	-0.166873	-0.957035	-0.288390	0.030262
05256	9.518461	-2.742574	-0.580834	-1.250579	-0.781567	-0.218304	-0.026557	0.164226	0.986065	-0.277406	0.946461	-0.165101	-0.960386	-0.277925	0.020422
05257	9.595482	-2.536218	-0.684197	-1.088438	-0.733392	-0.247094	-0.032951	0.159918	0.986580	-0.267080	0.949810	-0.162878	-0.963111	-0.268863	0.011414
05258	9.635867	-2.412960	-0.724475	-0.943757	-0.670306	-0.276626	-0.038774	0.155556	0.987066	-0.258117	0.952725	-0.160284	-0.965335	-0.260993	0.003211
05259	9.601536	-2.117879	-0.631190	-0.819448	-0.622425	-0.287133	-0.044070	0.151255	0.987512	-0.250387	0.955251	-0.157487	-0.967142	-0.254200	-0.004226
05260	9.721013	-2.038009	-0.671724	-0.727402	-0.599906	-0.277640	-0.049279	0.147139	0.987887	-0.243514	0.957471	-0.154756	-0.968645	-0.248190	-0.011353
05261	9.705355	-2.055930	-0.527092	-0.645864	-0.560131	-0.261998	-0.054090	0.143294	0.988201	-0.237458	0.959413	-0.152117	-0.969891	-0.242884	-0.017868
05262	9.711898	-2.189686	-0.221238	-0.521359	-0.532232	-0.225178	-0.058815	0.139899	0.988418	-0.232565	0.960967	-0.149852	-0.970801	-0.238685	-0.023983
05263	9.934744	-2.475507	-0.519950	-0.422591	-0.467044	-0.243346	-0.062801	0.136493	0.988648	-0.228678	0.962282	-0.147378	-0.971474	-0.235337	-0.029219
05264	9.704893	-2.405511	0.035772	-0.207457	-0.420485	-0.242457	-0.066424	0.133223	0.988858	-0.226862	0.963074	-0.144988	-0.971659	-0.233965	-0.033749
05265	9.916269	-2.346456	0.090075	-0.212825	-0.339286	-0.208040	-0.069263	0.130468	0.989030	-0.225003	0.963822	-0.142900	-0.971893	-0.232432	-0.037401
05266	9.898481	-2.270697	-0.393430	-0.225774	-0.263237	-0.147518	-0.071582	0.128490	0.989124	-0.222961	0.964514	-0.141429	-0.972196	-0.230660	-0.040394
05267	9.853596	-2.129320	-0.447304	-0.187480	-0.212429	-0.068203	-0.073508	0.127385	0.989126	-0.221256	0.965009	-0.140722	-0.972442	-0.229194	-0.042751
05268	9.741004	-1.830706	-0.260634	-0.134596	-0.198821	0.001175	-0.075536	0.126998	0.989023	-0.219998	0.965293	-0.140753	-0.972571	-0.228215	-0.044975
05269	9.764302	-1.423443	-0.298031	-0.152785	-0.146870	0.039984	-0.077063	0.127090	0.988893	-0.218549	0.965567	-0.141124	-0.972778	-0.226997	-0.046634
05270	9.529717	-1.161958	-0.409780	-0.221210	-0.105714	0.041743	-0.078274	0.127311	0.988769	-0.216418	0.965991	-0.141511	-0.973158	-0.225064	-0.048059
05271	9.450763	-1.046532	-0.405315	-0.318150	-0.119291	0.027775	-0.079506	0.127354	0.988666	-0.213367	0.966645	-0.141676	-0.973732	-0.222213	-0.049681
05272	9.548858	-1.257351	-0.563573	-0.446546	-0.124807	0.009054	-0.080831	0.127223	0.988575	-0.209063	0.967594	-0.141617	-0.974556	-0.218122	-0.051614
05273	9.637056	-1.517271	-0.818496	-0.532929	-0.135577	0.010533	-0.082186	0.127074	0.988483	-0.203926	0.968708	-0.141487	-0.975530	-0.213206	-0.053700
05274	9.603801	-1.775084	-1.097932	-0.569494	-0.152798	0.017319	-0.083801	0.126976	0.988359	-0.198406	0.969863	-0.141422	-0.976531	-0.207948	-0.056083
05275	9.524998	-1.946378	-1.417699	-0.571356	-0.190910	0.016327	-0.085709	0.126784	0.988221	-0.192878	0.970995	-0.141302	-0.977472	-0.202717	-0.058769
05276	9.436673	-1.949068	-1.697668	-0.569531	-0.259320	0.000371	-0.088337	0.126325	0.988048	-0.187362	0.972113	-0.141039	-0.978311	-0.197581	-0.062205
05277	9.479081	-1.943883	-1.886444	-0.565857	-0.353242	-0.022551	-0.091763	0.125458	0.987846	-0.181912	0.973226	-0.140499	-0.979024	-0.192594	-0.066483
05278	9.541565	-1.936218	-1.899672	-0.529512	-0.417954	-0.064218	-0.095835	0.124094	0.987632	-0.176839	0.974293	-0.139578	-0.979563	-0.188028	-0.071426
05279	9.634580	-2.014526	-1.785234	-0.471387	-0.443929	-0.111960	-0.099998	0.122219	0.987453	-0.172398	0.975288	-0.138172	-0.979938	-0.184052	-0.076457
05280	9.656020	-2.222567	-1.670921	-0.367667	-0.427449	-0.147027	-0.104034	0.120062	0.987300	-0.168997	0.976117	-0.136510	-0.980111	-0.181052	-0.081259
05281	9.597360	-2.429652	-1.486569	-0.200161	-0.399605	-0.172920	-0.107669	0.117695	0.987196	-0.167285	0.976666	-0.134684	-0.980012	-0.179645	-0.085468
05282	9.534116	-2.683482	-1.233575	0.013120	-0.378869	-0.195000	-0.111155	0.115168	0.987107	-0.167682	0.976848	-0.132853	-0.979555	-0.180287	-0.089270
05283	9.548988	-3.003595	-1.163569	0.239898	-0.352912	-0.208191	-0.114269	0.112535	0.987055	-0.170332	0.976631	-0.131066	-0.978739	-0.183104	-0.092430
05284	9.652462	-3.168670	-0.997579	0.471714	-0.327385	-0.199734	-0.117230	0.110041	0.986989	-0.175238	0.975955	-0.129625	-0.977522	-0.188154	-0.095127
05285	9.723602	-3.071516	-0.769755	0.649628	-0.280036	-0.176464	-0.119660	0.107825	0.986942	-0.181859	0.974885	-0.128557	-0.976017	-0.194868	-0.097046
05286	9.827707	-2.953577	-0.598742	0.792642	-0.189793	-0.150517	-0.121338	0.106050	0.986930	-0.189839	0.973444	-0.127941	-0.974289	-0.202882	-0.097983
05287	9.791866	-2.700710	-0.292947	0.859115	-0.112060	-0.122571	-0.122201	0.104667	0.986971	-0.198417	0.971773	-0.127623	-0.972470	-0.211428	-0.097984
05288	9.835108	-2.294699	-0.058944	0.862499	-0.035147	-0.080182	-0.122488	0.103886	0.987018	-0.206972	0.969967	-0.127776	-0.970649	-0.219936	-0.097308
05289	9.749476	-1.900966	0.004452	0.811714	0.026264	-0.038922	-0.122163	0.103608	0.987087	-0.214958	0.968169	-0.128226	-0.968953	-0.227846	-0.096003
05290	9.623184	-1.569625	-0.006313	0.706521	0.055031	-0.006322	-0.121723	0.103750	0.987127	-0.221889	0.966509	-0.128944	-0.967444	-0.234728	-0.094626
05291	9.454581	-1.200308	-0.094018	0.548987	0.028020	0.009620	-0.121487	0.103950	0.987135	-0.227251	0.965173	-0.129605	-0.966229	-0.240073	-0.093633
05292	9.332993	-0.861404	-0.168401	0.350191	-0.027075	0.016561	-0.121891	0.104120	0.987067	-0.230698	0.964274	-0.130204	-0.965360	-0.243585	-0.093516
05293	9.254632	-0.611054	-0.397228	0.096442	-0.111513	0.006077	-0.122994	0.103947	0.986949	-0.231688	0.964010	-0.130404	-0.964984	-0.244703	-0.094484
05294	9.353741	-0.519880	-0.657193	-0.172048	-0.205609	-0.029078	-0.125013	0.103240	0.986769	-0.230148	0.964425	-0.130059	-0.965092	-0.243362	-0.096806
05295	9.362919	-0.537768	-0.989815	-0.410913	-0.274334	-0.059330	-0.127539	0.102045	0.986570	-0.226322	0.965457	-0.129119	-0.965667	-0.239750	-0.100038
05296	9.406304	-0.577127	-1.206961	-0.572397	-0.337408	-0.096544	-0.130682	0.100385	0.986329	-0.220999	0.966879	-0.127686	-0.966479	-0.234664	-0.104169
05297	9.438766	-0.687182	-1.325422	-0.711807	-0.378455	-0.130843	-0.134070	0.098284	0.986086	-0.214355	0.968635	-0.125688	-0.967511	-0.228223	-0.108797
05298	9.494792	-0.911473	-1.657490	-0.804436	-0.392229	-0.156970	-0.137634	0.095951	0.985825	-0.206860	0.970564	-0.123346	-0.968641	-0.220904	-0.113734
05299	9.542920	-1.146758	-1.924465	-0.816533	-0.390014	-0.190040	-0.141040	0.093299	0.985598	-0.199276	0.972497	-0.120576	-0.969741	-0.213412	-0.118569
05300	9.601528	-1.308496	-2.073028	-0.729582	-0.396214	-0.216411	-0.144558	0.090430	0.985355	-0.192584	0.974201	-0.117660	-0.970574	-0.206772	-0.123414
05301	9.754914	-1.224690	-1.990142	-0.579874	-0.393957	-0.257556	-0.147905	0.087156	0.985154	-0.187396	0.975595	-0.114445	-0.971085	-0.201541	-0.127963
05302	9.756986	-1.142717	-1.840081	-0.424191	-0.364400	-0.296958	-0.150993	0.083599	0.984994	-0.183796	0.976670	-0.111067	-0.971298	-0.197808	-0.132105
05303	9.879745	-1.126000	-1.620904	-0.334398	-0.366738	-0.309031	-0.154002	0.079901	0.984835	-0.181084	0.977561	-0.107627	-0.971335	-0.194913	-0.136078
05304	9.919608	-1.147714	-1.545411	-0.331410	-0.319424	-0.308416	-0.156650	0.076335	0.984700	-0.178419	0.978418	-0.104231	-0.971405	-0.192017	-0.139650
05305	9.766285	-1.117383	-1.513666	-0.325455	-0.290698	-0.287494	-0.158976	0.073008	0.984579	-0.175776	0.979236	-0.100994	-0.971509	-0.189121	-0.142842
05306	9.725869	-1.007857	-1.394629	-0.308326	-0.288981	-0.252800	-0.161442	0.070058	0.984392	-0.173260	0.979972	-0.098158	-0.971554	-0.186403	-0.146070
05307	9.632158	-0.835667	-1.255643	-0.255058	-0.287052	-0.217984	-0.163866	0.067431	0.984175	-0.171202	0.980578	-0.095690	-0.971513	-0.184173	-0.149139
05308	9.584147	-0.650678	-1.081483	-0.224263	-0.299507	-0.182918	-0.166562	0.065156	0.983876	-0.169401	0.981088	-0.093650	-0.971370	-0.182268	-0.152375
05309	9.640682	-0.420028	-1.039567	-0.252667	-0.301085	-0.150152	-0.169245	0.063179	0.983547	-0.167264	0.981626	-0.091838	-0.971277	-0.180055	-0.155568
05310	9.653050	-0.194390	-1.076251	-0.337280	-0.280482	-0.123058	-0.171861	0.061537	0.983197	-0.164272	0.982283	-0.090194	-0.971328	-0.177013	-0.158707
05311	9.563843	0.033084	-1.062495	-0.458461	-0.277020	-0.101735	-0.174398	0.060095	0.982840	-0.160059	0.983131	-0.088514	-0.971579	-0.172749	-0.161837
