// General information: 
//  MT Manager version: 2022.2.0 
//  XDA version: 2022.2.0 build 7381 rev 124627 built on 2023-07-19
// Device information: 
//  DeviceId: 00B4CB9F
//  ProductCode: MTW2-3A7G6
//  Firmware Version: 4.6.0
//  Hardware Version: 2.0.0
// Device settings: 
//  Filter Profile: human(46.1)
//  Option Flags: Orientation Smoother Disabled, Position/Velocity Smoother Disabled, Continuous Zero Rotation Update Disabled, AHS Disabled, ICC Disabled
// Coordinate system: ENU
PacketCounter	Acc_X	Acc_Y	Acc_Z	Gyr_X	Gyr_Y	Gyr_Z	Mat[1][1]	Mat[2][1]	Mat[3][1]	Mat[1][2]	Mat[2][2]	Mat[3][2]	Mat[1][3]	Mat[2][3]	Mat[3][3]
52676	9.581329	0.954123	1.512042	-0.048003	0.073075	-0.081364	-0.217287	0.028352	0.975696	0.419519	-0.899837	0.119574	0.881357	0.435305	0.183628
52677	9.615388	0.897321	1.520397	-0.032036	0.077065	-0.077469	-0.218224	0.028702	0.975477	0.419029	-0.899978	0.120222	0.881359	0.434988	0.184369
52678	9.418119	0.904401	1.378736	-0.017234	0.053776	-0.079531	-0.218970	0.029151	0.975296	0.418741	-0.900020	0.120916	0.881310	0.434874	0.184870
52679	9.536957	0.981589	1.486203	0.008287	0.049770	-0.088151	-0.219718	0.029692	0.975112	0.418674	-0.899940	0.121741	0.881156	0.435002	0.185301
52680	9.598438	0.999152	1.556314	0.016176	0.050302	-0.096481	-0.220504	0.030309	0.974915	0.418642	-0.899829	0.122662	0.880975	0.435188	0.185727
52681	9.569469	1.078440	1.632800	0.008563	0.054626	-0.097903	-0.221327	0.030949	0.974708	0.418433	-0.899801	0.123584	0.880868	0.435202	0.186200
52682	9.592466	1.121434	1.673004	-0.001095	0.049884	-0.101031	-0.222129	0.031609	0.974505	0.418237	-0.899763	0.124517	0.880759	0.435233	0.186643
52683	9.638343	1.159253	1.719242	-0.003128	0.056484	-0.105688	-0.223003	0.032283	0.974283	0.418008	-0.899734	0.125490	0.880647	0.435243	0.187149
52684	9.703535	1.086848	1.789455	-0.011285	0.059886	-0.104243	-0.223905	0.032928	0.974054	0.417713	-0.899739	0.126435	0.880558	0.435185	0.187702
52685	9.660433	1.009086	1.874334	-0.015823	0.075093	-0.109708	-0.224960	0.033559	0.973790	0.417355	-0.899765	0.127423	0.880459	0.435081	0.188405
52686	9.620433	1.036331	1.942945	-0.015126	0.086280	-0.109134	-0.226114	0.034133	0.973503	0.417014	-0.899784	0.128408	0.880325	0.434999	0.189220
52687	9.523399	0.975296	2.051945	-0.009780	0.108191	-0.112391	-0.227471	0.034657	0.973168	0.416658	-0.899801	0.129435	0.880144	0.434921	0.190239
52688	9.443526	1.007921	2.078225	0.004373	0.119321	-0.114531	-0.228938	0.035136	0.972807	0.416474	-0.899732	0.130508	0.879851	0.435027	0.191349
52689	9.386437	1.035576	2.110768	0.011735	0.120461	-0.119464	-0.230432	0.035631	0.972436	0.416422	-0.899591	0.131639	0.879485	0.435277	0.192457
52690	9.397303	1.035725	2.055410	0.007418	0.119005	-0.123907	-0.231934	0.036195	0.972058	0.416239	-0.899504	0.132809	0.879177	0.435411	0.193560
52691	9.448236	1.070599	2.074800	0.004170	0.119383	-0.134088	-0.233479	0.036838	0.971664	0.416042	-0.899408	0.134068	0.878861	0.435555	0.194667
52692	9.496044	1.009092	2.020976	0.005737	0.123633	-0.142191	-0.235097	0.037546	0.971247	0.415798	-0.899320	0.135412	0.878545	0.435677	0.195816
52693	9.499044	0.990246	2.076056	0.008653	0.130185	-0.147670	-0.236784	0.038317	0.970807	0.415416	-0.899284	0.136815	0.878273	0.435684	0.197018
52694	9.478292	0.965107	2.019912	0.017402	0.138059	-0.148481	-0.238552	0.039018	0.970345	0.415254	-0.899140	0.138242	0.877870	0.435918	0.198290
52695	9.512834	0.995038	2.093525	0.040727	0.150719	-0.156695	-0.240464	0.039727	0.969845	0.415309	-0.898875	0.139792	0.877323	0.436400	0.199648
52696	9.462923	1.080297	2.139587	0.059779	0.161907	-0.169359	-0.242527	0.040509	0.969299	0.415463	-0.898536	0.141504	0.876682	0.437026	0.201089
52697	9.527612	1.141285	2.217243	0.058126	0.166528	-0.177862	-0.244659	0.041353	0.968727	0.415557	-0.898209	0.143294	0.876045	0.437619	0.202571
52698	9.499508	1.222996	2.270507	0.024979	0.169114	-0.184155	-0.246845	0.042234	0.968134	0.415362	-0.898012	0.145080	0.875524	0.437938	0.204128
52699	9.486813	1.312701	2.272311	-0.022500	0.161435	-0.196292	-0.249006	0.043276	0.967535	0.414654	-0.898046	0.146884	0.875247	0.437768	0.205674
52700	9.488692	1.364847	2.283818	-0.042728	0.151362	-0.216087	-0.251166	0.044522	0.966920	0.413779	-0.898128	0.148837	0.875044	0.437474	0.207157
52701	9.430129	1.434350	2.151504	-0.050527	0.145369	-0.221016	-0.253287	0.045837	0.966305	0.412823	-0.898238	0.150818	0.874884	0.437113	0.208590
52702	9.278658	1.437945	2.024478	-0.054371	0.124282	-0.225438	-0.255244	0.047287	0.965720	0.411814	-0.898360	0.152833	0.874791	0.436707	0.209828
52703	9.243305	1.417206	1.927021	-0.056075	0.096604	-0.225192	-0.256952	0.048861	0.965188	0.410770	-0.898495	0.154840	0.874782	0.436257	0.210800
52704	9.283813	1.342208	1.980726	-0.043712	0.075841	-0.228419	-0.258493	0.050550	0.964690	0.409839	-0.898562	0.156903	0.874765	0.435926	0.211555
52705	9.748800	1.426805	2.110576	-0.029748	0.060801	-0.229461	-0.259902	0.052319	0.964217	0.409009	-0.898571	0.159004	0.874736	0.435699	0.212142
52706	9.241363	1.320081	2.160106	-0.017043	0.107070	-0.232945	-0.261731	0.053913	0.963634	0.408292	-0.898512	0.161165	0.874525	0.435626	0.213156
52707	9.279658	1.402550	2.332753	0.008812	0.101193	-0.233792	-0.263508	0.055541	0.963057	0.407790	-0.898339	0.163386	0.874226	0.435779	0.214070
52708	9.371359	1.491097	2.499721	0.024852	0.103159	-0.241821	-0.265335	0.057231	0.962456	0.407408	-0.898085	0.165720	0.873851	0.436083	0.214977
52709	9.394471	1.516423	2.588808	0.032044	0.116232	-0.242707	-0.267278	0.058868	0.961820	0.407087	-0.897792	0.168074	0.873409	0.436467	0.215996
52710	9.361828	1.576386	2.713703	0.047148	0.131544	-0.251285	-0.269390	0.060517	0.961128	0.406864	-0.897427	0.170544	0.872863	0.436992	0.217136
52711	9.351911	1.613097	2.831291	0.058287	0.139864	-0.248198	-0.271559	0.062099	0.960416	0.406741	-0.897012	0.173006	0.872248	0.437623	0.218333
52712	9.326153	1.602131	2.971632	0.064321	0.152568	-0.242868	-0.273818	0.063577	0.959678	0.406680	-0.896568	0.175431	0.871570	0.438318	0.219641
52713	9.278037	1.622141	3.029791	0.064066	0.159982	-0.240394	-0.276128	0.064997	0.958920	0.406616	-0.896125	0.177829	0.870871	0.439016	0.221017
52714	9.213757	1.679428	3.077603	0.055261	0.154941	-0.238685	-0.278388	0.066423	0.958169	0.406476	-0.895717	0.180192	0.870217	0.439636	0.222358
52715	9.206639	1.729239	3.014014	0.045772	0.141100	-0.225372	-0.280471	0.067787	0.957466	0.406285	-0.895355	0.182403	0.869637	0.440163	0.223581
52716	9.270927	1.792578	2.892907	0.037569	0.118846	-0.221208	-0.282344	0.069212	0.956813	0.406030	-0.895030	0.184557	0.869150	0.440604	0.224604
52717	9.322705	1.834664	2.715384	0.029499	0.092167	-0.218516	-0.283972	0.070728	0.956220	0.405707	-0.894739	0.186665	0.868770	0.440953	0.225386
52718	9.334591	1.891322	2.594806	0.023783	0.069693	-0.218903	-0.285406	0.072347	0.955672	0.405332	-0.894469	0.188763	0.868476	0.441238	0.225962
52719	9.339153	1.933563	2.490845	0.023987	0.055022	-0.214010	-0.286691	0.073985	0.955162	0.404966	-0.894199	0.190813	0.868223	0.441513	0.226397
52720	9.296846	2.002555	2.386376	0.024215	0.040348	-0.209117	-0.287828	0.075645	0.954690	0.404617	-0.893927	0.192818	0.868009	0.441782	0.226690
52721	9.310936	1.992094	2.308323	0.035326	0.024301	-0.201185	-0.288794	0.077302	0.954265	0.404384	-0.893610	0.194769	0.867797	0.442138	0.226809
52722	9.345012	1.989674	2.341475	0.051253	0.017168	-0.191056	-0.289656	0.078901	0.953873	0.404317	-0.893226	0.196661	0.867541	0.442631	0.226827
52723	9.302297	1.937664	2.433108	0.070628	0.010276	-0.181891	-0.290421	0.080448	0.953511	0.404441	-0.892761	0.198507	0.867227	0.443290	0.226740
52724	9.235760	1.907966	2.531792	0.083750	0.008746	-0.163837	-0.291101	0.081839	0.953186	0.404732	-0.892248	0.200212	0.866863	0.444067	0.226611
52725	9.161882	1.909097	2.586652	0.091598	0.008141	-0.152906	-0.291731	0.083134	0.952881	0.405120	-0.891708	0.201828	0.866470	0.444911	0.226460
52726	9.094881	1.850513	2.761595	0.084087	0.008201	-0.137852	-0.292302	0.084295	0.952604	0.405487	-0.891210	0.203284	0.866106	0.445689	0.226322
52727	9.124577	1.848699	2.989752	0.076511	0.009705	-0.112540	-0.292783	0.085222	0.952373	0.405860	-0.890767	0.204480	0.865769	0.446398	0.226214
52728	9.199416	1.902768	3.184744	0.068781	0.015597	-0.076003	-0.293168	0.085797	0.952203	0.406274	-0.890387	0.205313	0.865445	0.447046	0.226175
52729	9.345106	1.969385	3.324966	0.070269	0.031073	-0.034690	-0.293519	0.085935	0.952083	0.406819	-0.890036	0.205753	0.865069	0.447718	0.226283
52730	9.488181	2.026006	3.558144	0.066490	0.055267	0.000484	-0.293936	0.085651	0.951980	0.407437	-0.889731	0.205852	0.864637	0.448379	0.226626
52731	9.573928	2.111555	3.827677	0.053749	0.087468	0.031903	-0.294503	0.084943	0.951868	0.408033	-0.889511	0.205621	0.864163	0.448949	0.227304
52732	9.560280	2.240398	4.193531	0.019757	0.132497	0.055804	-0.295361	0.083820	0.951702	0.408409	-0.889461	0.205088	0.863692	0.449259	0.228479
52733	9.619264	2.414542	4.341788	-0.033971	0.185374	0.062601	-0.296648	0.082398	0.951425	0.408338	-0.889660	0.204366	0.863284	0.449128	0.230270
52734	9.201001	2.588472	4.363551	-0.099054	0.245004	0.069649	-0.298419	0.080647	0.951021	0.407732	-0.890153	0.203427	0.862960	0.448468	0.232756
52735	9.163737	2.795639	4.255944	-0.200094	0.271194	0.062439	-0.300449	0.078844	0.950534	0.406228	-0.891093	0.202316	0.862965	0.446919	0.235699
52736	8.894126	2.942553	4.207128	-0.335643	0.305947	0.056818	-0.302801	0.076943	0.949943	0.403544	-0.892624	0.200933	0.863403	0.444186	0.239237
52737	8.929661	3.070998	4.091244	-0.506076	0.319502	0.058927	-0.305269	0.074971	0.949310	0.399386	-0.894901	0.199105	0.864466	0.439922	0.243243
52738	9.089042	3.188500	4.002062	-0.694292	0.330666	0.074803	-0.307775	0.072824	0.948668	0.393649	-0.897982	0.196644	0.866207	0.433965	0.247709
52739	9.327876	3.171554	3.855306	-0.876219	0.339742	0.087602	-0.310326	0.070541	0.948009	0.386355	-0.901809	0.193574	0.868578	0.426339	0.252601
52740	9.492230	3.151512	3.548106	-1.013229	0.350690	0.092676	-0.312965	0.068190	0.947314	0.377872	-0.906139	0.190064	0.871359	0.417446	0.257822
52741	9.711227	2.957069	3.392064	-1.086707	0.330853	0.101744	-0.315420	0.065867	0.946664	0.368741	-0.910687	0.186225	0.874380	0.407813	0.262961
52742	10.059180	2.743690	3.311095	-1.134026	0.309034	0.091744	-0.317736	0.063750	0.946034	0.359141	-0.915306	0.182300	0.877532	0.397683	0.267930
52743	10.173604	2.452768	3.181853	-1.141109	0.303478	0.088555	-0.320038	0.061711	0.945393	0.349428	-0.919836	0.178332	0.880611	0.387420	0.272819
52744	9.805597	2.115645	2.899492	-1.090446	0.272419	0.100082	-0.322040	0.059710	0.944841	0.340174	-0.924060	0.174342	0.883500	0.377555	0.277272
52745	9.217244	1.725605	2.609382	-1.000737	0.190844	0.118087	-0.323281	0.057869	0.944532	0.331735	-0.927857	0.170389	0.886251	0.368418	0.280762
52746	8.880356	1.295060	2.309164	-0.896594	0.096959	0.122200	-0.323685	0.056343	0.944486	0.324216	-0.931186	0.166662	0.888882	0.360164	0.283144
52747	8.824167	0.781610	2.122596	-0.776891	0.035042	0.139852	-0.323498	0.054876	0.944636	0.317791	-0.934029	0.163089	0.891268	0.352956	0.284718
52748	8.971792	0.071086	2.054947	-0.638821	0.030374	0.178602	-0.323151	0.053061	0.944859	0.312713	-0.936354	0.159534	0.893188	0.347023	0.285991
52749	9.113350	-0.798844	1.968997	-0.461539	0.055363	0.255402	-0.322801	0.050438	0.945122	0.309448	-0.938074	0.155752	0.894450	0.342743	0.287203
52750	9.252267	-1.797426	1.869791	-0.198417	0.093788	0.376609	-0.322421	0.046545	0.945452	0.308932	-0.938928	0.151576	0.894766	0.340951	0.288351
52751	9.418459	-2.652100	1.761813	0.136520	0.131627	0.515667	-0.321946	0.041215	0.945860	0.311849	-0.938684	0.147048	0.893924	0.342307	0.289353
52752	9.439776	-3.309769	1.651916	0.536237	0.162436	0.660503	-0.321259	0.034422	0.946366	0.318805	-0.937077	0.142307	0.891715	0.347423	0.290070
52753	9.496218	-3.578724	1.534227	0.963165	0.170180	0.789135	-0.320161	0.026400	0.946995	0.329942	-0.933922	0.137582	0.888052	0.356502	0.290295
52754	9.750312	-3.460779	1.415323	1.384504	0.173309	0.889214	-0.318638	0.017450	0.947716	0.345084	-0.929082	0.133130	0.882829	0.369462	0.290019
52755	10.064382	-3.013320	1.292871	1.775460	0.192554	0.953811	-0.316895	0.007853	0.948428	0.363762	-0.922491	0.129181	0.875931	0.385939	0.289477
52756	10.385085	-2.279129	1.075790	2.096462	0.230543	0.998635	-0.315107	-0.002266	0.949053	0.385236	-0.914214	0.125724	0.867353	0.405226	0.288948
52757	10.511545	-1.299622	1.005732	2.301551	0.273244	1.022981	-0.313346	-0.012744	0.949553	0.408332	-0.904562	0.122607	0.857368	0.426151	0.288645
52758	10.316041	-0.393063	1.127191	2.391888	0.318382	1.036948	-0.311642	-0.023493	0.949909	0.431991	-0.893910	0.119618	0.846323	0.447630	0.288729
52759	10.075498	0.540830	1.386036	2.400165	0.366617	1.042003	-0.310039	-0.034466	0.950099	0.455436	-0.882600	0.116602	0.834538	0.468860	0.289337
52760	9.540301	1.302410	1.522095	2.341379	0.412851	1.019387	-0.308640	-0.045411	0.950094	0.478028	-0.870959	0.113660	0.822332	0.489252	0.290521
52761	9.065750	1.919151	1.604249	2.241960	0.427157	0.957357	-0.307386	-0.055858	0.949944	0.499310	-0.859278	0.111042	0.810064	0.508449	0.292021
52762	8.306122	2.585623	1.600970	2.113627	0.409047	0.857411	-0.306247	-0.065320	0.949708	0.518977	-0.847805	0.109041	0.798045	0.526270	0.293537
52763	8.746150	3.322685	1.620796	1.954557	0.410783	0.757148	-0.305440	-0.073922	0.949337	0.536811	-0.836819	0.107553	0.786473	0.542466	0.295281
52764	8.211774	4.051201	1.545052	1.752076	0.396571	0.659491	-0.304882	-0.081611	0.948887	0.552549	-0.826656	0.106438	0.775716	0.556758	0.297127
52765	8.261074	4.751204	1.608530	1.491622	0.362948	0.556767	-0.304503	-0.088259	0.948414	0.565780	-0.817772	0.105551	0.766271	0.568734	0.298949
52766	8.387604	5.316558	1.663963	1.185210	0.338649	0.467170	-0.304353	-0.094026	0.947907	0.576277	-0.810529	0.104631	0.758468	0.578102	0.300872
52767	8.812561	5.609353	1.822725	0.816986	0.333177	0.370958	-0.304654	-0.098984	0.947306	0.583615	-0.805403	0.103534	0.752715	0.584404	0.303138
52768	8.979519	5.377182	2.019093	0.433847	0.332253	0.282418	-0.305431	-0.103222	0.946603	0.587773	-0.802553	0.102136	0.749156	0.587583	0.305796
52769	9.000001	4.840123	2.251002	0.071719	0.333844	0.223039	-0.306553	-0.106996	0.945821	0.589028	-0.801877	0.100200	0.747711	0.587832	0.308841
52770	9.137815	4.045845	2.510461	-0.227974	0.317671	0.193859	-0.307724	-0.110436	0.945045	0.587957	-0.802980	0.097615	0.748072	0.585684	0.312028
52771	9.227104	3.212715	2.733878	-0.444146	0.307167	0.193190	-0.308828	-0.113804	0.944285	0.585263	-0.805335	0.094352	0.749728	0.581794	0.315315
52772	9.248941	2.410671	2.935423	-0.585405	0.290152	0.213057	-0.309699	-0.117225	0.943581	0.581565	-0.808457	0.090441	0.752242	0.576763	0.318553
52773	9.138701	1.698222	3.160143	-0.661819	0.264671	0.223056	-0.310339	-0.120573	0.942948	0.577306	-0.811968	0.086176	0.755253	0.571113	0.321593
52774	9.206486	1.160920	3.393260	-0.686526	0.241802	0.233972	-0.310760	-0.123873	0.942382	0.572876	-0.815560	0.081709	0.758447	0.565259	0.324407
52775	9.214023	0.814880	3.619933	-0.666008	0.218289	0.220660	-0.311097	-0.126926	0.941864	0.568538	-0.819006	0.077418	0.761566	0.559570	0.326953
52776	9.102962	0.554283	3.842581	-0.623624	0.210196	0.190850	-0.311556	-0.129686	0.941336	0.564413	-0.822211	0.073531	0.764441	0.554211	0.329361
52777	9.271196	0.444175	4.037010	-0.540241	0.215644	0.152456	-0.312288	-0.132155	0.940751	0.560790	-0.824971	0.070267	0.766806	0.549507	0.331739
52778	9.265893	0.384534	4.207753	-0.419798	0.232669	0.120378	-0.313337	-0.134447	0.940077	0.557984	-0.827086	0.067694	0.768423	0.545759	0.334176
52779	9.318015	0.420115	4.371153	-0.264504	0.262289	0.091182	-0.314784	-0.136654	0.939275	0.556274	-0.828381	0.065907	0.769071	0.543241	0.336778
52780	9.200011	0.536700	4.465250	-0.097424	0.294116	0.080630	-0.316533	-0.138942	0.938351	0.555820	-0.828775	0.064777	0.768681	0.542058	0.339561
52781	9.193502	0.703778	4.531315	0.053083	0.322344	0.076368	-0.318523	-0.141346	0.937318	0.556507	-0.828359	0.064200	0.767361	0.542073	0.342512
52782	9.055884	0.889306	4.581978	0.172766	0.345636	0.075789	-0.320686	-0.143872	0.936195	0.558113	-0.827290	0.064041	0.765291	0.543040	0.345598
52783	9.021783	1.047506	4.686304	0.267485	0.375141	0.078424	-0.323053	-0.146585	0.934960	0.560446	-0.825700	0.064194	0.762586	0.544732	0.348898
52784	9.005508	1.118256	4.754000	0.331028	0.397995	0.079096	-0.325574	-0.149433	0.933633	0.563261	-0.823752	0.064573	0.759433	0.546903	0.352362
52785	8.891574	1.185963	4.785011	0.368272	0.416893	0.084652	-0.328195	-0.152438	0.932229	0.566365	-0.821584	0.065046	0.755989	0.549329	0.355975
52786	8.776539	1.212050	4.791729	0.378931	0.420768	0.087131	-0.330810	-0.155493	0.930799	0.569550	-0.819339	0.065548	0.752448	0.551820	0.359607
52787	8.569688	1.173593	4.664000	0.367593	0.407048	0.075623	-0.333376	-0.158385	0.929395	0.572596	-0.817166	0.066132	0.748995	0.554215	0.363114
52788	8.418996	1.109685	4.525972	0.339370	0.375967	0.072884	-0.335703	-0.161091	0.928091	0.575417	-0.815140	0.066651	0.745787	0.556414	0.366340
52789	8.269125	1.150375	4.342612	0.290703	0.343481	0.055700	-0.337881	-0.163481	0.926882	0.577804	-0.813408	0.067163	0.742953	0.558249	0.369295
52790	8.204849	1.228714	4.236365	0.246043	0.308018	0.035578	-0.339896	-0.165514	0.925784	0.579790	-0.811948	0.067704	0.740483	0.559772	0.371941
52791	8.194782	1.302061	4.031519	0.192058	0.276082	0.003741	-0.341858	-0.167113	0.924774	0.581258	-0.810844	0.068346	0.738426	0.560896	0.374330
52792	8.228262	1.427519	3.881854	0.137800	0.237139	-0.039829	-0.343775	-0.168144	0.923876	0.582178	-0.810112	0.069190	0.736809	0.561646	0.376386
52793	8.147450	1.553618	3.678166	0.054903	0.196331	-0.080861	-0.345634	-0.168613	0.923096	0.582338	-0.809918	0.070105	0.735812	0.561785	0.378125
52794	8.001920	1.609853	3.550990	-0.049919	0.148476	-0.126913	-0.347402	-0.168441	0.922464	0.581572	-0.810387	0.071046	0.735586	0.561161	0.379490
52795	7.877093	1.700446	3.355189	-0.166243	0.094090	-0.163322	-0.348986	-0.167665	0.922007	0.579815	-0.811571	0.071882	0.736223	0.559679	0.380441
52796	7.829534	1.761673	3.263020	-0.269785	0.035256	-0.205353	-0.350370	-0.166216	0.921745	0.577150	-0.813395	0.072707	0.737658	0.557459	0.380921
52797	7.871338	1.737839	3.121369	-0.378210	-0.013568	-0.239803	-0.351593	-0.164208	0.921639	0.573549	-0.815873	0.073438	0.739881	0.554425	0.381037
52798	7.949468	1.654899	3.036803	-0.464740	-0.056804	-0.269690	-0.352650	-0.161713	0.921676	0.569196	-0.818855	0.074112	0.742735	0.550750	0.380815
52799	7.941045	1.549777	2.938624	-0.513281	-0.092149	-0.276546	-0.353475	-0.158960	0.921839	0.564434	-0.822094	0.074670	0.745968	0.546712	0.380312
52800	7.880043	1.425529	2.819946	-0.548518	-0.130876	-0.273849	-0.353973	-0.156015	0.922151	0.559406	-0.825488	0.075070	0.749512	0.542429	0.379475
52801	7.807751	1.289949	2.714993	-0.577825	-0.177603	-0.248584	-0.353966	-0.153021	0.922655	0.554220	-0.828972	0.075137	0.753358	0.537950	0.378236
52802	7.715104	1.002954	2.668361	-0.581546	-0.231095	-0.211192	-0.353323	-0.150053	0.923389	0.549122	-0.832383	0.074850	0.757382	0.533500	0.376498
52803	7.579441	0.780523	2.788587	-0.569352	-0.287712	-0.166895	-0.351995	-0.147155	0.924362	0.544247	-0.835636	0.074217	0.761508	0.529205	0.374228
52804	7.827570	0.684637	3.123023	-0.546477	-0.332281	-0.127925	-0.350088	-0.144358	0.925526	0.539667	-0.838680	0.073322	0.765636	0.525145	0.371517
52805	8.037801	0.809302	3.121371	-0.536101	-0.380489	-0.126605	-0.347792	-0.141327	0.926859	0.535146	-0.841645	0.072473	0.769844	0.521210	0.368348
52806	8.443658	0.984833	3.318623	-0.587711	-0.445347	-0.137760	-0.345025	-0.137879	0.928411	0.530172	-0.844865	0.071556	0.774516	0.516906	0.364599
52807	8.894356	1.166568	3.544181	-0.641605	-0.504040	-0.157706	-0.341884	-0.133975	0.930143	0.524682	-0.848361	0.070657	0.779631	0.512186	0.360335
52808	9.241600	1.149107	3.799627	-0.716650	-0.555987	-0.160182	-0.338307	-0.129807	0.932040	0.518571	-0.852202	0.069541	0.785259	0.506856	0.355620
52809	9.897554	1.016949	4.222165	-0.789232	-0.619161	-0.151926	-0.334154	-0.125414	0.934137	0.511876	-0.856353	0.068134	0.791407	0.500930	0.350350
52810	10.582629	0.748431	5.371234	-0.835373	-0.625574	-0.141207	-0.329839	-0.121115	0.936236	0.504811	-0.860664	0.066508	0.797729	0.494559	0.345021
52811	11.171179	0.270104	6.849561	-0.758777	-0.534777	-0.129578	-0.326154	-0.117394	0.937999	0.498348	-0.864531	0.065082	0.803289	0.488677	0.340473
52812	12.216551	-0.361652	9.423831	-0.589272	-0.307996	-0.108478	-0.324150	-0.114985	0.938992	0.493292	-0.867502	0.064058	0.807211	0.483961	0.337922
52813	11.209237	-1.628336	9.565329	-0.293482	-0.054371	0.033328	-0.323494	-0.115039	0.939211	0.491063	-0.868864	0.062714	0.808832	0.481499	0.337563
52814	8.650857	-2.608205	7.437389	0.077831	-0.119582	0.219789	-0.321384	-0.116401	0.939768	0.492442	-0.868214	0.060868	0.808834	0.482343	0.336351
52815	7.686547	-2.180586	5.599917	0.353456	-0.396316	0.270446	-0.316791	-0.116855	0.941269	0.496194	-0.866173	0.059465	0.808353	0.485890	0.332379
52816	8.139838	-0.846533	4.760321	0.517063	-0.531700	0.185003	-0.311511	-0.115887	0.943150	0.500993	-0.863411	0.059383	0.807444	0.491010	0.327021
52817	8.258488	0.957983	3.912860	0.644738	-0.489497	0.038302	-0.307319	-0.113826	0.944774	0.506341	-0.860168	0.061071	0.805713	0.497146	0.321981
52818	7.647361	2.787918	2.623311	0.603486	-0.478371	-0.057415	-0.303698	-0.110969	0.946284	0.511063	-0.857194	0.063498	0.804103	0.502895	0.317041
52819	7.628984	4.273187	1.045060	0.266974	-0.608384	-0.030921	-0.298912	-0.107662	0.948188	0.513146	-0.855868	0.064587	0.804570	0.505864	0.311076
52820	8.651107	5.092778	-0.237839	-0.265172	-0.762286	0.050778	-0.292443	-0.104274	0.950581	0.511197	-0.857133	0.063245	0.808180	0.504430	0.303967
52821	9.591344	4.699056	-0.623469	-0.780049	-0.815566	0.095918	-0.285287	-0.101034	0.953102	0.505175	-0.860932	0.059948	0.814499	0.498586	0.296653
52822	10.050708	3.103262	-0.181978	-1.088074	-0.819989	0.125766	-0.277884	-0.098095	0.955593	0.496664	-0.866166	0.055514	0.822256	0.490035	0.289413
52823	9.891332	1.011360	-0.112043	-1.243167	-0.884061	0.154377	-0.269766	-0.095174	0.958211	0.486844	-0.872031	0.050447	0.830789	0.480108	0.281579
52824	10.310765	-1.020334	-0.489791	-1.194400	-0.987778	0.154926	-0.260709	-0.091863	0.961037	0.477320	-0.877545	0.045604	0.839164	0.470612	0.272632
52825	10.923567	-2.491105	-0.628805	-0.932938	-1.029865	0.141692	-0.251306	-0.088328	0.963869	0.469854	-0.881759	0.041700	0.846217	0.463357	0.263093
52826	11.294681	-2.966887	-0.360299	-0.540650	-1.018614	0.136354	-0.241961	-0.084862	0.966568	0.465640	-0.884117	0.038940	0.851255	0.459495	0.253437
52827	11.044309	-2.386369	-0.153624	-0.184720	-0.995063	0.156007	-0.232694	-0.081703	0.969112	0.464468	-0.884820	0.036927	0.854472	0.458714	0.243840
52828	10.379082	-1.444719	0.076083	0.090587	-1.034694	0.176177	-0.222961	-0.078537	0.971659	0.465682	-0.884245	0.035386	0.856405	0.460373	0.233725
52829	9.825193	-0.445523	0.473899	0.269508	-1.111739	0.196183	-0.212460	-0.075163	0.974275	0.468452	-0.882833	0.034046	0.857563	0.463634	0.222777
52830	9.856284	0.550150	0.501313	0.308279	-1.161849	0.200599	-0.201485	-0.071555	0.976874	0.471548	-0.881233	0.032710	0.858514	0.467234	0.211298
52831	9.803877	1.611624	0.356789	0.255842	-1.175838	0.206453	-0.190350	-0.067890	0.979366	0.474184	-0.879874	0.031169	0.859603	0.470332	0.199676
52832	9.877003	2.266194	0.420352	0.171660	-1.172353	0.210310	-0.179202	-0.064242	0.981713	0.476084	-0.878909	0.029390	0.860948	0.472644	0.188087
52833	9.745760	2.413795	0.434712	0.043641	-1.148221	0.201382	-0.168287	-0.060606	0.983873	0.476843	-0.878560	0.027443	0.862728	0.473771	0.176750
52834	9.659404	2.051747	0.747618	-0.053284	-1.115485	0.189876	-0.157684	-0.057018	0.985842	0.476726	-0.878684	0.025431	0.864794	0.473987	0.165736
52835	9.180186	1.351852	1.039544	-0.069976	-1.090055	0.180806	-0.147325	-0.053468	0.987642	0.476429	-0.878899	0.023487	0.866782	0.474002	0.154957
52836	9.001247	0.771505	1.490378	-0.020559	-1.052369	0.194739	-0.137204	-0.050219	0.989269	0.476561	-0.878879	0.021480	0.868369	0.474394	0.144518
52837	8.990006	0.283095	2.077769	0.058673	-0.978430	0.225729	-0.127566	-0.047582	0.990688	0.477402	-0.878474	0.019280	0.869376	0.475416	0.134779
52838	8.984650	-0.256294	2.488495	0.177624	-0.876339	0.257917	-0.118649	-0.045701	0.991884	0.479295	-0.877491	0.016903	0.869597	0.477411	0.126018
52839	9.246719	-0.705403	2.924672	0.303038	-0.786221	0.293312	-0.110345	-0.044534	0.992895	0.482296	-0.875891	0.014314	0.869031	0.480449	0.118129
52840	9.677633	-0.967255	3.004650	0.395238	-0.701063	0.310201	-0.102691	-0.043896	0.993744	0.486090	-0.873831	0.011633	0.867854	0.484244	0.111072
52841	9.793164	-0.882958	2.893858	0.412202	-0.648891	0.313875	-0.095473	-0.043507	0.994481	0.490004	-0.871675	0.008907	0.866476	0.488150	0.104540
52842	9.792526	-0.693778	2.620539	0.373987	-0.617942	0.288591	-0.088640	-0.043021	0.995134	0.493538	-0.869701	0.006363	0.865196	0.491701	0.098322
52843	9.795219	-0.685846	2.395329	0.312805	-0.585297	0.245929	-0.082303	-0.042298	0.995709	0.496480	-0.868038	0.004163	0.864138	0.494692	0.092442
52844	9.865522	-0.750711	2.217082	0.235655	-0.548337	0.184506	-0.076584	-0.041208	0.996211	0.498691	-0.866776	0.002483	0.863390	0.496992	0.086931
52845	10.244714	-0.907793	2.166661	0.172638	-0.511320	0.126750	-0.071479	-0.039788	0.996648	0.500300	-0.865851	0.001315	0.862897	0.498717	0.081796
52846	10.201329	-1.013948	1.924507	0.137131	-0.461334	0.082897	-0.067019	-0.038229	0.997019	0.501569	-0.865117	0.000544	0.862518	0.500110	0.077154
52847	10.068422	-1.005206	1.363289	0.123643	-0.442415	0.057510	-0.062857	-0.036539	0.997353	0.502697	-0.864463	0.000011	0.862175	0.501367	0.072706
52848	10.078878	-0.891285	0.770189	0.110786	-0.443851	0.041063	-0.058760	-0.034694	0.997669	0.503705	-0.863876	-0.000374	0.861875	0.502509	0.068237
52849	10.058161	-0.596969	0.091280	0.112058	-0.442574	0.030455	-0.054734	-0.032759	0.997963	0.504711	-0.863288	-0.000657	0.861552	0.503647	0.063785
52850	9.733023	-0.067408	-0.655193	0.103921	-0.481916	0.020327	-0.050416	-0.030532	0.998262	0.505644	-0.862742	-0.000850	0.861268	0.504722	0.058934
52851	9.712706	0.381127	-1.075328	0.049611	-0.521998	-0.008575	-0.045904	-0.027850	0.998558	0.506090	-0.862480	-0.000790	0.861258	0.505324	0.053686
52852	9.716785	0.530846	-1.363264	-0.020427	-0.554631	-0.032323	-0.041225	-0.024796	0.998842	0.505927	-0.862576	-0.000532	0.861591	0.505319	0.048105
52853	9.649133	0.403040	-1.511381	-0.110502	-0.584797	-0.047885	-0.036367	-0.021458	0.999108	0.504979	-0.863131	-0.000156	0.862365	0.504523	0.042225
52854	9.468851	0.049770	-1.447303	-0.139581	-0.641207	-0.042305	-0.030983	-0.017888	0.999360	0.503787	-0.863828	0.000157	0.863272	0.503470	0.035776
52855	9.790705	-0.314241	-1.255854	-0.120982	-0.665887	-0.032159	-0.025333	-0.014288	0.999577	0.502757	-0.864427	0.000386	0.864056	0.502555	0.029082
52856	10.105565	-0.665615	-0.949424	-0.069255	-0.656518	-0.012322	-0.019656	-0.010912	0.999747	0.502182	-0.864762	0.000435	0.864538	0.502064	0.022478
52857	10.222811	-0.909942	-0.589833	0.023514	-0.620306	0.009378	-0.014185	-0.007905	0.999868	0.502411	-0.864629	0.000292	0.864513	0.502349	0.016236
52858	10.428806	-0.768687	-0.218548	0.132058	-0.562863	0.020479	-0.009153	-0.005278	0.999944	0.503580	-0.863949	0.000049	0.863900	0.503552	0.010566
52859	10.429300	-0.167055	0.229368	0.189357	-0.490586	0.005982	-0.004826	-0.002883	0.999984	0.505239	-0.862980	-0.000050	0.862966	0.505231	0.005621
52860	10.064877	0.177599	0.604079	0.193462	-0.430757	-0.009330	-0.001093	-0.000650	0.999999	0.506932	-0.861986	-0.000006	0.861985	0.506931	0.001272
52861	9.940631	0.393354	0.754332	0.145374	-0.398912	-0.027671	0.002265	0.001586	0.999996	0.508207	-0.861235	0.000215	0.861232	0.508205	-0.002757
52862	9.693784	0.250425	0.878374	0.091507	-0.392479	-0.043703	0.005487	0.003931	0.999977	0.509021	-0.860754	0.000591	0.860736	0.509006	-0.006724
52863	9.654694	0.026614	0.991207	0.038604	-0.391742	-0.045035	0.008691	0.006286	0.999942	0.509379	-0.860542	0.000983	0.860499	0.509341	-0.010681
52864	9.662645	-0.222457	1.075284	-0.012934	-0.393845	-0.048502	0.011897	0.008682	0.999892	0.509297	-0.860590	0.001413	0.860509	0.509224	-0.014660
52865	9.543928	-0.560907	1.076845	-0.064078	-0.390840	-0.047260	0.015081	0.011051	0.999825	0.508772	-0.860899	0.001841	0.860769	0.508656	-0.018606
52866	9.447454	-0.934945	0.981026	-0.122045	-0.381408	-0.047987	0.018186	0.013375	0.999745	0.507753	-0.861499	0.002289	0.861311	0.507582	-0.022458
52867	9.580176	-0.990919	0.689204	-0.153269	-0.389868	-0.057531	0.021314	0.015818	0.999648	0.506464	-0.862256	0.002845	0.861998	0.506225	-0.026390
52868	9.899729	-0.763170	0.567125	-0.171863	-0.397553	-0.083395	0.024386	0.018520	0.999531	0.505024	-0.863097	0.003671	0.862761	0.504698	-0.030400
52869	9.800371	-0.645232	0.304132	-0.193803	-0.384426	-0.107106	0.027224	0.021352	0.999401	0.503398	-0.864042	0.004747	0.863626	0.502967	-0.034272
52870	9.960700	-0.423517	0.134280	-0.206139	-0.392743	-0.134172	0.030008	0.024456	0.999250	0.501678	-0.865033	0.006106	0.864534	0.501119	-0.038227
52871	10.034309	-0.137785	0.004345	-0.208402	-0.386981	-0.159865	0.032615	0.027746	0.999083	0.499944	-0.866023	0.007730	0.865443	0.499233	-0.042117
52872	10.426122	0.299242	0.148391	-0.193480	-0.371022	-0.179947	0.034994	0.031126	0.998903	0.498352	-0.866922	0.009555	0.866268	0.497471	-0.045849
52873	10.229666	0.646812	0.588635	-0.177892	-0.323922	-0.185172	0.036940	0.034310	0.998728	0.496895	-0.867735	0.011432	0.867024	0.495841	-0.049103
52874	9.569565	0.719430	0.747637	-0.185079	-0.301954	-0.173152	0.038764	0.037280	0.998553	0.495378	-0.868577	0.013197	0.867812	0.494149	-0.052137
52875	9.205520	0.356871	0.882174	-0.224404	-0.325337	-0.146737	0.040923	0.040129	0.998356	0.493505	-0.869618	0.014725	0.868780	0.492091	-0.055391
52876	8.976603	-0.341276	0.716371	-0.249845	-0.382897	-0.120671	0.043721	0.043030	0.998117	0.491407	-0.870783	0.016015	0.869832	0.489781	-0.059217
52877	9.068399	-1.002983	0.606274	-0.262369	-0.467138	-0.086646	0.047421	0.046036	0.997814	0.489179	-0.872018	0.016984	0.870893	0.487304	-0.063872
52878	9.402555	-1.469822	0.620433	-0.257058	-0.520120	-0.054174	0.051753	0.049008	0.997457	0.486988	-0.873231	0.017637	0.871874	0.484836	-0.069059
52879	9.839665	-1.707464	0.634698	-0.268072	-0.543962	-0.048275	0.056322	0.052027	0.997056	0.484690	-0.874496	0.018253	0.872871	0.482235	-0.074471
52880	10.465877	-1.755763	0.817790	-0.284062	-0.507784	-0.070894	0.060478	0.055060	0.996650	0.482272	-0.875813	0.019120	0.873931	0.479500	-0.079522
52881	10.700020	-1.519765	0.853902	-0.301330	-0.438032	-0.121080	0.063785	0.058181	0.996266	0.479725	-0.877179	0.020513	0.875097	0.476626	-0.083862
52882	10.890356	-0.938411	1.141817	-0.310549	-0.353947	-0.192461	0.066027	0.061523	0.995919	0.477152	-0.878529	0.022637	0.876337	0.473710	-0.087363
52883	10.809282	-0.314983	1.524231	-0.322464	-0.270717	-0.281760	0.067119	0.065243	0.995610	0.474523	-0.879869	0.025668	0.877680	0.470717	-0.090015
52884	11.087160	0.238148	2.229303	-0.374841	-0.186728	-0.367653	0.067083	0.069326	0.995336	0.471498	-0.881370	0.029610	0.879312	0.467313	-0.091812
52885	11.179991	0.543792	3.052048	-0.440520	-0.099562	-0.440078	0.065949	0.073634	0.995102	0.467923	-0.883102	0.034336	0.881305	0.463367	-0.092695
52886	11.035609	0.430804	3.854412	-0.495521	-0.000499	-0.503500	0.063671	0.078057	0.994914	0.463898	-0.884996	0.039746	0.883597	0.459008	-0.092559
52887	10.829545	0.373934	4.462634	-0.544231	0.090453	-0.525284	0.060500	0.082260	0.994773	0.459417	-0.887059	0.045412	0.886158	0.454268	-0.091459
52888	10.976560	0.738476	4.859515	-0.635106	0.191362	-0.510076	0.056535	0.085895	0.994699	0.454100	-0.889490	0.051001	0.889155	0.448809	-0.089292
52889	11.102248	1.147080	4.927225	-0.778977	0.282053	-0.467285	0.051968	0.088761	0.994696	0.447418	-0.892553	0.056271	0.892814	0.442121	-0.086097
52890	11.433284	1.586693	4.549271	-0.939883	0.331224	-0.408104	0.047256	0.090928	0.994736	0.439232	-0.896296	0.061064	0.897130	0.434034	-0.082294
52891	11.924772	2.074382	3.749530	-1.064286	0.385087	-0.377856	0.042200	0.092626	0.994806	0.429830	-0.900523	0.065614	0.901923	0.424829	-0.077815
52892	12.196500	1.980872	2.860205	-1.170925	0.480151	-0.385224	0.036283	0.094055	0.994906	0.419414	-0.905072	0.070267	0.907070	0.414728	-0.072287
52893	12.120364	1.181950	2.348561	-1.153268	0.663188	-0.428341	0.028523	0.095179	0.995051	0.409064	-0.909397	0.075260	0.912060	0.404893	-0.064873
52894	12.091742	0.543953	2.465035	-1.008889	0.877548	-0.474095	0.018643	0.095948	0.995212	0.399978	-0.912980	0.080527	0.916335	0.396561	-0.055398
52895	11.833450	0.312610	3.299784	-0.772919	1.174248	-0.527231	0.005819	0.096100	0.995355	0.392948	-0.915521	0.086095	0.919542	0.390622	-0.043090
52896	10.800898	0.660098	3.778439	-0.534415	1.426198	-0.578145	-0.009508	0.095816	0.995354	0.388044	-0.917039	0.091984	0.921592	0.387116	-0.028462
52897	9.672088	1.692594	3.415448	-0.359905	1.529236	-0.650147	-0.026079	0.095829	0.995056	0.384610	-0.917812	0.098470	0.922711	0.385276	-0.012921
52898	9.475068	2.957061	2.581348	-0.287127	1.493910	-0.763403	-0.042733	0.097054	0.994361	0.381725	-0.918175	0.106023	0.923287	0.384104	0.002188
52899	9.890731	3.310159	2.157470	-0.410696	1.475088	-0.919922	-0.059809	0.099809	0.993207	0.377461	-0.918849	0.115067	0.924092	0.381779	0.017281
52900	10.228572	2.691579	2.473794	-0.530524	1.533609	-1.038427	-0.077820	0.103490	0.991581	0.371871	-0.919805	0.125184	0.925017	0.378482	0.033094
52901	10.256965	1.669589	2.742789	-0.562527	1.644726	-1.081195	-0.096987	0.107200	0.989496	0.365722	-0.920792	0.135604	0.925657	0.375033	0.050100
52902	10.342729	0.508645	2.564314	-0.547750	1.817276	-0.996459	-0.117365	0.109556	0.987027	0.359616	-0.921754	0.145072	0.925690	0.371978	0.068783
52903	9.760820	-0.757213	2.201678	-0.527535	1.837783	-0.808817	-0.137220	0.110162	0.984396	0.353707	-0.922828	0.152577	0.925236	0.369124	0.087665
52904	10.388768	-1.821270	1.630270	-0.458661	1.765210	-0.561919	-0.155459	0.108818	0.981830	0.348677	-0.923896	0.157605	0.924260	0.366843	0.105686
52905	10.740927	-2.461771	0.514641	-0.221068	1.687067	-0.288598	-0.172000	0.105254	0.979458	0.346166	-0.924407	0.160128	0.922272	0.366597	0.122563
52906	11.675049	-2.456013	-0.670438	0.047941	1.594207	-0.085888	-0.186919	0.100150	0.977257	0.346490	-0.924138	0.160979	0.919242	0.368700	0.138038
52907	12.999979	-2.470843	-1.168404	0.212356	1.546328	0.037332	-0.200936	0.094032	0.975081	0.348515	-0.923396	0.160867	0.915512	0.372154	0.152771
52908	13.388551	-2.550072	-1.112253	0.341365	1.555713	0.124395	-0.214651	0.087023	0.972806	0.351929	-0.922224	0.160151	0.911083	0.376735	0.167330
52909	12.498077	-2.729984	-0.972131	0.483933	1.614347	0.185131	-0.228619	0.079143	0.970294	0.356741	-0.920549	0.159141	0.905797	0.382526	0.182221
52910	10.893533	-2.720481	-1.245753	0.660984	1.555455	0.276013	-0.241610	0.070563	0.967804	0.363397	-0.918196	0.157667	0.899760	0.389791	0.196203
52911	9.903574	-2.387116	-1.878215	0.817666	1.409514	0.339897	-0.252954	0.061849	0.965499	0.371576	-0.915206	0.155978	0.893278	0.398212	0.208524
52912	9.900789	-1.772371	-2.491455	0.865065	1.241285	0.313515	-0.262766	0.053954	0.963350	0.380124	-0.911897	0.154756	0.886826	0.406857	0.219107
52913	10.800932	-0.618707	-2.405431	0.888549	1.183674	0.261250	-0.272174	0.046665	0.961116	0.388684	-0.908380	0.154174	0.880253	0.415533	0.229100
52914	11.332492	0.718855	-1.908021	0.950687	1.215702	0.266183	-0.281727	0.039111	0.958697	0.397797	-0.904491	0.153798	0.873148	0.424696	0.239261
52915	11.048661	1.562777	-1.474307	0.945247	1.224934	0.336289	-0.290977	0.030776	0.956235	0.406993	-0.900555	0.152830	0.865846	0.433651	0.249515
52916	10.858572	2.002383	-0.970891	0.869076	1.172941	0.417508	-0.299315	0.021857	0.953904	0.415761	-0.896850	0.151007	0.858809	0.441795	0.259353
52917	10.793545	2.030578	-0.571948	0.777017	1.147062	0.467987	-0.307113	0.012518	0.951591	0.423845	-0.893471	0.148544	0.852078	0.448946	0.269091
52918	10.219667	1.752589	-0.209742	0.733324	1.160060	0.490067	-0.314803	0.002870	0.949153	0.431634	-0.890180	0.145850	0.845335	0.455601	0.278992
52919	9.588903	1.670101	0.093243	0.734987	1.189876	0.471221	-0.322716	-0.006816	0.946471	0.439344	-0.886797	0.143416	0.838350	0.462109	0.289179
52920	8.927123	1.788583	0.412762	0.765693	1.231048	0.434471	-0.331006	-0.016422	0.943486	0.447197	-0.883169	0.141520	0.830933	0.468768	0.299678
52921	9.006024	2.179944	0.934815	0.826465	1.242832	0.383560	-0.339501	-0.025709	0.940254	0.455341	-0.879182	0.140373	0.823046	0.475793	0.310189
52922	9.409265	2.914850	1.223880	0.839269	1.288399	0.340839	-0.348426	-0.034903	0.936686	0.463429	-0.875040	0.139779	0.814760	0.482790	0.321062
52923	9.311819	3.602294	1.444593	0.755890	1.324971	0.301559	-0.357706	-0.044009	0.932796	0.470646	-0.871244	0.139377	0.806560	0.488873	0.332362
52924	9.079419	4.117507	1.685469	0.589877	1.334670	0.288466	-0.366994	-0.053101	0.928706	0.476470	-0.868190	0.138644	0.798932	0.493382	0.343922
52925	9.088581	4.329452	1.793633	0.370566	1.306568	0.306338	-0.375872	-0.062254	0.924578	0.480583	-0.866174	0.137051	0.792314	0.495850	0.355488
52926	9.242278	4.178239	1.849884	0.131214	1.273079	0.337172	-0.384239	-0.071516	0.920460	0.482944	-0.865280	0.134373	0.786845	0.496162	0.367012
52927	9.119666	3.511672	1.846698	-0.117001	1.262125	0.359385	-0.392354	-0.080908	0.916249	0.483450	-0.865576	0.130589	0.782518	0.494198	0.378727
52928	8.735672	2.784033	1.936001	-0.325465	1.271916	0.369279	-0.400442	-0.090396	0.911852	0.482418	-0.866843	0.125921	0.779050	0.490318	0.390729
52929	8.129731	1.968528	2.112330	-0.490755	1.281692	0.370231	-0.408576	-0.099890	0.907242	0.480130	-0.868873	0.120561	0.776235	0.484852	0.402961
52930	7.702435	1.326123	2.217971	-0.584983	1.265572	0.372828	-0.416540	-0.109259	0.902528	0.477180	-0.871281	0.114755	0.773818	0.478468	0.415060
52931	7.521417	1.095803	2.308327	-0.608039	1.222611	0.389314	-0.424084	-0.118496	0.897837	0.474150	-0.873715	0.108647	0.771579	0.471785	0.426714
52932	7.425179	0.963963	2.387871	-0.594732	1.155028	0.425596	-0.430913	-0.127661	0.893318	0.471433	-0.875957	0.102227	0.769457	0.465191	0.437645
52933	7.514959	0.879392	2.466830	-0.552780	1.095875	0.456882	-0.437134	-0.136763	0.888938	0.469203	-0.877893	0.095666	0.767309	0.458911	0.447926
52934	7.666212	0.825091	2.506951	-0.506456	1.020852	0.467780	-0.442707	-0.145559	0.884773	0.467427	-0.879521	0.089187	0.765195	0.453050	0.457408
52935	7.737304	0.835795	2.562891	-0.501476	0.944226	0.446148	-0.447791	-0.153770	0.880817	0.465616	-0.881096	0.082891	0.763338	0.447240	0.466144
52936	7.556160	0.767597	2.550076	-0.528908	0.864711	0.410806	-0.452419	-0.161266	0.877104	0.463478	-0.882777	0.076758	0.761909	0.441245	0.474128
52937	7.179566	0.707547	2.737618	-0.537353	0.768106	0.392715	-0.456400	-0.168135	0.873745	0.461208	-0.884470	0.070712	0.760911	0.435251	0.481217
52938	6.827209	0.805506	2.907848	-0.536854	0.640323	0.399088	-0.459377	-0.174469	0.870938	0.458999	-0.886085	0.064596	0.760456	0.429434	0.487128
52939	6.727339	0.796423	3.096020	-0.557988	0.490847	0.415697	-0.461155	-0.180283	0.868812	0.456706	-0.887711	0.058209	0.760760	0.423635	0.491709
52940	6.872454	0.695346	3.234420	-0.588974	0.350177	0.436581	-0.461775	-0.185668	0.867347	0.454284	-0.889368	0.051479	0.761833	0.417794	0.495034
52941	7.109436	0.593642	3.416951	-0.606540	0.236311	0.460957	-0.461438	-0.190787	0.866415	0.451824	-0.891000	0.044434	0.763498	0.411971	0.497343
52942	7.461167	0.462061	3.686460	-0.618708	0.150096	0.483022	-0.460351	-0.195741	0.865888	0.449368	-0.892575	0.037134	0.765601	0.406197	0.498858
52943	7.736966	0.277657	4.037095	-0.607108	0.085103	0.498734	-0.458717	-0.200575	0.865649	0.447043	-0.894018	0.029745	0.767939	0.400627	0.499767
52944	8.046961	-0.001699	4.463377	-0.586329	0.044236	0.502246	-0.456760	-0.205278	0.865581	0.444880	-0.895309	0.022431	0.770358	0.395326	0.500266
52945	8.166064	-0.212699	4.795579	-0.558437	0.025575	0.504217	-0.454668	-0.209932	0.865567	0.442908	-0.896438	0.015233	0.772729	0.390293	0.500562
