// General information: 
//  MT Manager version: 2022.2.0 
//  XDA version: 2022.2.0 build 7381 rev 124627 built on 2023-07-19
// Device information: 
//  DeviceId: 00B4CBA7
//  ProductCode: MTW2-3A7G6
//  Firmware Version: 4.6.0
//  Hardware Version: 2.0.0
// Device settings: 
//  Filter Profile: human(46.1)
//  Option Flags: Orientation Smoother Disabled, Position/Velocity Smoother Disabled, Continuous Zero Rotation Update Disabled, AHS Disabled, ICC Disabled
// Coordinate system: ENU
PacketCounter	Acc_X	Acc_Y	Acc_Z	Gyr_X	Gyr_Y	Gyr_Z	Mat[1][1]	Mat[2][1]	Mat[3][1]	Mat[1][2]	Mat[2][2]	Mat[3][2]	Mat[1][3]	Mat[2][3]	Mat[3][3]
43189	9.630023	0.700696	-0.837887	0.079459	-0.004630	-0.029057	0.109989	0.116960	0.987027	0.334463	-0.939495	0.074057	0.935969	0.321978	-0.142453
43190	9.547503	0.825103	-0.975166	0.021259	-0.023811	-0.036242	0.110071	0.117409	0.986965	0.334705	-0.939380	0.074420	0.935872	0.322150	-0.142696
43191	9.527510	0.795954	-1.308268	0.003732	-0.041521	-0.042132	0.110299	0.117968	0.986873	0.334782	-0.939317	0.074866	0.935818	0.322130	-0.143099
43192	9.679313	0.836847	-1.433140	0.016801	-0.035814	-0.041468	0.110476	0.118505	0.986789	0.334988	-0.939210	0.075287	0.935723	0.322245	-0.143458
43193	9.646315	0.724485	-1.468515	0.030877	-0.036025	-0.041103	0.110653	0.119037	0.986705	0.335321	-0.939059	0.075685	0.935583	0.322488	-0.143825
43194	9.706478	0.756857	-1.509374	0.065044	-0.030807	-0.038020	0.110795	0.119525	0.986630	0.335975	-0.938800	0.076002	0.935332	0.323062	-0.144171
43195	9.716904	0.851274	-1.406454	0.011471	-0.022520	-0.036196	0.110862	0.119969	0.986568	0.336131	-0.938713	0.076378	0.935268	0.323149	-0.144393
43196	9.698681	0.606082	-1.536111	0.038012	-0.016929	-0.028854	0.110905	0.120326	0.986520	0.336522	-0.938552	0.076643	0.935122	0.323485	-0.144582
43197	9.626330	0.684585	-1.275761	0.128513	-0.010173	-0.024894	0.110890	0.120623	0.986485	0.337746	-0.938104	0.076741	0.934682	0.324672	-0.144766
43198	9.578761	0.846085	-1.102033	0.100147	-0.023387	-0.026101	0.111001	0.120975	0.986430	0.338714	-0.937742	0.076890	0.934319	0.325583	-0.145066
43199	9.645482	0.877125	-1.036629	0.079402	-0.031094	-0.021920	0.111191	0.121316	0.986367	0.339515	-0.937442	0.077026	0.934006	0.326321	-0.145423
43200	9.626634	0.774275	-1.055824	0.092214	-0.037389	-0.014783	0.111470	0.121608	0.986299	0.340395	-0.937118	0.077073	0.933652	0.327140	-0.145856
43201	9.629964	0.832955	-1.072118	0.088840	-0.040560	-0.009016	0.111803	0.121855	0.986231	0.341238	-0.936813	0.077065	0.933304	0.327923	-0.146319
43202	9.638570	0.837948	-1.201566	0.036086	-0.060676	-0.009507	0.112317	0.122174	0.986133	0.341588	-0.936679	0.077141	0.933114	0.328187	-0.146938
43203	9.651151	0.828934	-1.398711	0.032387	-0.049424	-0.004464	0.112738	0.122411	0.986056	0.341928	-0.936552	0.077172	0.932939	0.328460	-0.147441
43204	9.631351	0.775744	-1.570497	0.012312	-0.050946	-0.000707	0.113192	0.122617	0.985978	0.342046	-0.936507	0.077197	0.932841	0.328512	-0.147945
43205	9.738422	0.821461	-1.666430	0.010260	-0.043380	-0.002823	0.113562	0.122818	0.985910	0.342173	-0.936457	0.077244	0.932749	0.328580	-0.148371
43206	9.660236	0.909959	-1.710826	-0.020495	-0.033341	0.003930	0.113868	0.122922	0.985862	0.341980	-0.936525	0.077272	0.932783	0.328347	-0.148677
43207	9.659255	0.815944	-1.976724	-0.052401	-0.032559	0.003517	0.114166	0.123025	0.985815	0.341475	-0.936703	0.077350	0.932931	0.327800	-0.148949
43208	9.668088	0.664909	-2.017286	-0.000701	-0.008849	0.004764	0.114245	0.123040	0.985804	0.341466	-0.936707	0.077340	0.932925	0.327783	-0.149029
43209	9.702421	0.617090	-1.935266	0.066026	0.006396	0.006613	0.114191	0.122985	0.985817	0.342053	-0.936503	0.077212	0.932717	0.328384	-0.149008
43210	9.616030	0.688142	-1.654566	0.099229	0.020587	0.001808	0.113986	0.122932	0.985847	0.342979	-0.936175	0.077082	0.932401	0.329339	-0.148874
43211	9.559284	0.704744	-1.430812	0.114876	0.024489	0.007852	0.113760	0.122810	0.985889	0.344061	-0.935795	0.076869	0.932030	0.330461	-0.148711
43212	9.645444	0.753362	-1.205138	0.095344	0.022503	0.009058	0.113563	0.122682	0.985927	0.344942	-0.935487	0.076674	0.931729	0.331381	-0.148555
43213	9.634289	0.982997	-1.076305	0.026152	0.019995	0.006532	0.113376	0.122588	0.985961	0.345204	-0.935396	0.076606	0.931654	0.331673	-0.148369
43214	9.582095	0.852342	-1.227655	-0.044352	0.000549	0.006027	0.113372	0.122561	0.985964	0.344787	-0.935546	0.076648	0.931809	0.331258	-0.148322
43215	9.681989	1.008968	-1.324876	-0.029202	0.003330	0.007660	0.113351	0.122507	0.985973	0.344499	-0.935652	0.076650	0.931918	0.330979	-0.148260
43216	9.671679	0.948752	-1.418212	-0.042216	0.005834	0.016134	0.113333	0.122368	0.985993	0.344091	-0.935808	0.076589	0.932072	0.330591	-0.148163
43217	9.670176	0.965398	-1.580471	-0.049374	-0.003179	0.016289	0.113402	0.122255	0.985999	0.343603	-0.935991	0.076536	0.932243	0.330113	-0.148150
43218	9.628494	0.893936	-1.638158	-0.047087	0.009439	0.020981	0.113367	0.122059	0.986027	0.343143	-0.936168	0.076434	0.932417	0.329684	-0.148014
43219	9.640918	0.611121	-1.612572	-0.016767	0.013043	0.021036	0.113305	0.121844	0.986061	0.342917	-0.936263	0.076287	0.932507	0.329493	-0.147866
43220	9.598008	0.495142	-1.484049	0.050335	0.016496	0.019344	0.113199	0.121640	0.986098	0.343367	-0.936116	0.076058	0.932354	0.329984	-0.147734
43221	9.540948	0.511512	-1.260711	0.079496	0.012791	0.015453	0.113112	0.121484	0.986127	0.344098	-0.935867	0.075823	0.932096	0.330748	-0.147660
43222	9.585835	0.677729	-1.169713	0.099296	0.000302	0.015017	0.113142	0.121374	0.986138	0.345009	-0.935553	0.075564	0.931755	0.331677	-0.147725
43223	9.577860	0.859186	-1.121730	0.074813	-0.006964	0.019495	0.113257	0.121243	0.986140	0.345673	-0.935329	0.075296	0.931495	0.332354	-0.147843
43224	9.581939	0.842765	-1.190747	0.010946	-0.018488	0.014408	0.113460	0.121201	0.986122	0.345761	-0.935306	0.075173	0.931438	0.332434	-0.148026
43225	9.651010	0.696281	-1.475850	-0.012835	-0.021178	0.011444	0.113675	0.121197	0.986098	0.345653	-0.935351	0.075114	0.931452	0.332309	-0.148218
43226	9.639162	0.674876	-1.527389	0.046571	-0.017771	0.017797	0.113882	0.121121	0.986083	0.346069	-0.935214	0.074905	0.931272	0.332723	-0.148420
43227	9.605763	0.824201	-1.545973	0.069857	-0.013918	0.015797	0.114047	0.121049	0.986073	0.346694	-0.935001	0.074681	0.931019	0.333348	-0.148600
43228	9.604608	0.862110	-1.503355	0.000122	-0.018165	0.016383	0.114253	0.120987	0.986057	0.346679	-0.935016	0.074555	0.930999	0.333327	-0.148772
43229	9.635807	0.642989	-1.509526	-0.005207	-0.011388	0.019466	0.114405	0.120875	0.986053	0.346622	-0.935049	0.074406	0.931002	0.333275	-0.148872
43230	9.662181	0.633381	-1.489786	0.022340	-0.011065	0.018954	0.114555	0.120766	0.986049	0.346811	-0.934994	0.074222	0.930913	0.333470	-0.148991
43231	9.614037	0.727823	-1.337648	0.025040	-0.010167	0.020067	0.114701	0.120642	0.986047	0.347026	-0.934930	0.074021	0.930815	0.333694	-0.149103
43232	9.570908	0.840741	-1.242482	0.030917	-0.015450	0.017629	0.114886	0.120560	0.986036	0.347297	-0.934844	0.073836	0.930691	0.333965	-0.149271
43233	9.640599	0.944621	-1.351089	-0.036100	-0.020716	0.016139	0.115113	0.120508	0.986016	0.346931	-0.934985	0.073769	0.930800	0.333588	-0.149437
43234	9.607913	0.754351	-1.438248	-0.060560	-0.027932	0.020639	0.115425	0.120439	0.985988	0.346347	-0.935208	0.073691	0.930978	0.332988	-0.149660
43235	9.659456	0.631789	-1.464716	0.006464	-0.022674	0.022114	0.115690	0.120339	0.985969	0.346390	-0.935207	0.073500	0.930929	0.333027	-0.149879
43236	9.792784	0.779324	-1.438120	0.028646	-0.019876	0.022019	0.115932	0.120231	0.985953	0.346635	-0.935134	0.073275	0.930808	0.333271	-0.150088
43237	9.678073	0.803746	-1.399550	-0.028687	-0.024537	0.023723	0.116221	0.120122	0.985933	0.346352	-0.935251	0.073120	0.930878	0.332982	-0.150300
43238	9.710251	0.771816	-1.481819	0.031868	-0.015881	0.030743	0.116456	0.119919	0.985930	0.346616	-0.935177	0.072805	0.930750	0.333260	-0.150473
43239	9.795345	1.065541	-1.452754	-0.078166	-0.007777	0.030662	0.116610	0.119689	0.985939	0.345855	-0.935471	0.072657	0.931014	0.332520	-0.150481
43240	9.777527	0.590289	-1.775890	-0.198369	0.009450	0.027797	0.116599	0.119429	0.985972	0.343978	-0.936158	0.072717	0.931710	0.330674	-0.150236
43241	9.414241	0.449330	-1.534842	0.033803	0.036806	0.034902	0.116349	0.119014	0.986052	0.344276	-0.936076	0.072360	0.931632	0.331055	-0.149885
43242	9.462979	0.815751	-1.113181	-0.093229	0.000684	0.030035	0.116427	0.118762	0.986073	0.343375	-0.936416	0.072239	0.931954	0.330182	-0.149804
43243	9.661355	0.648433	-1.455468	-0.181201	-0.018827	0.030731	0.116680	0.118571	0.986066	0.341688	-0.937033	0.072244	0.932542	0.328498	-0.149848
43244	9.580010	0.398420	-1.303150	-0.041092	-0.011667	0.034382	0.116887	0.118319	0.986072	0.341268	-0.937204	0.072002	0.932670	0.328099	-0.149926
43245	9.592775	0.633030	-1.088418	-0.034761	-0.025966	0.024021	0.117196	0.118205	0.986049	0.340878	-0.937358	0.071853	0.932774	0.327701	-0.150148
43246	9.579768	0.663239	-1.292843	-0.112977	-0.046095	0.017134	0.117665	0.118227	0.985991	0.339807	-0.937744	0.071890	0.933106	0.326587	-0.150514
43247	9.595306	0.555988	-1.414904	-0.022515	-0.041271	0.013844	0.118082	0.118257	0.985937	0.339535	-0.937847	0.071824	0.933152	0.326279	-0.150895
43248	9.519158	0.665522	-1.251857	0.008820	-0.045623	0.010348	0.118524	0.118340	0.985874	0.339608	-0.937827	0.071744	0.933070	0.326307	-0.151344
43249	9.643227	0.747923	-1.355171	-0.022733	-0.054504	0.009613	0.119047	0.118458	0.985797	0.339398	-0.937905	0.071717	0.933079	0.326040	-0.151860
43250	9.668363	0.946940	-1.576702	-0.053188	-0.064296	0.003746	0.119641	0.118664	0.985700	0.338901	-0.938079	0.071797	0.933184	0.325465	-0.152448
43251	9.792170	0.918687	-1.780558	-0.093550	-0.046207	0.012792	0.120103	0.118718	0.985638	0.337955	-0.938416	0.071849	0.933468	0.324472	-0.152828
43252	9.825911	0.844054	-1.942597	-0.146478	-0.032336	0.021926	0.120460	0.118648	0.985602	0.336564	-0.938912	0.071893	0.933924	0.323058	-0.153034
43253	9.738354	0.600403	-2.128031	-0.134214	-0.011435	0.020636	0.120618	0.118521	0.985598	0.335278	-0.939369	0.071930	0.934366	0.321774	-0.153042
43254	9.662694	0.441702	-1.976444	-0.023363	0.007405	0.025164	0.120614	0.118292	0.985626	0.335033	-0.939470	0.071753	0.934454	0.321563	-0.152945
43255	9.970531	0.579178	-1.562006	0.023593	0.059540	0.039093	0.120169	0.117762	0.985744	0.335183	-0.939446	0.071369	0.934458	0.321828	-0.152364
43256	9.532216	0.567879	-1.540973	0.054228	0.110156	0.052823	0.119298	0.116942	0.985947	0.335630	-0.939329	0.070802	0.934409	0.322466	-0.151310
43257	9.202382	0.816849	-0.579116	0.098075	0.078037	0.043003	0.118702	0.116312	0.986094	0.336464	-0.939071	0.070264	0.934185	0.323445	-0.150604
43258	9.521318	0.858046	-0.848225	-0.186457	0.013037	0.031797	0.118667	0.116003	0.986135	0.334687	-0.939706	0.070267	0.934828	0.321708	-0.150337
43259	9.531110	0.364100	-1.222634	-0.117766	0.007578	0.027657	0.118673	0.115746	0.986164	0.333520	-0.940125	0.070207	0.935244	0.320574	-0.150171
43260	9.500533	0.299839	-1.035458	-0.038449	-0.014060	0.021526	0.118857	0.115620	0.986157	0.333138	-0.940270	0.070088	0.935357	0.320196	-0.150275
43261	9.723103	0.637311	-1.304474	-0.077837	-0.034995	0.013255	0.119206	0.115637	0.986113	0.332388	-0.940533	0.070112	0.935579	0.319414	-0.150554
43262	9.706552	0.768462	-1.581476	-0.086690	-0.043853	0.010351	0.119632	0.115711	0.986052	0.331568	-0.940818	0.070176	0.935816	0.318548	-0.150918
43263	9.749318	0.562973	-1.577530	-0.022678	-0.043299	0.010482	0.120056	0.115778	0.985993	0.331323	-0.940907	0.070141	0.935848	0.318261	-0.151322
43264	9.762899	0.659402	-1.705639	-0.006283	-0.039102	0.006399	0.120425	0.115874	0.985937	0.331260	-0.940930	0.070124	0.935823	0.318157	-0.151695
43265	9.703084	0.747051	-1.800111	0.006351	-0.028711	0.012262	0.120715	0.115878	0.985901	0.331288	-0.940927	0.070029	0.935776	0.318164	-0.151973
43266	9.649009	0.689759	-1.900265	0.052647	-0.020521	0.010716	0.120924	0.115874	0.985876	0.331771	-0.940768	0.069879	0.935577	0.318635	-0.152205
43267	9.725695	0.833214	-1.856432	0.032167	-0.010303	0.018184	0.121072	0.115757	0.985871	0.331969	-0.940713	0.069686	0.935488	0.318842	-0.152321
43268	9.639690	0.692174	-1.975765	0.007614	-0.015235	0.022173	0.121269	0.115628	0.985862	0.332017	-0.940710	0.069492	0.935446	0.318896	-0.152469
43269	9.601977	0.541648	-1.755313	0.083393	0.004345	0.024105	0.121284	0.115421	0.985884	0.332786	-0.940463	0.069164	0.935170	0.319700	-0.152473
43270	9.600445	0.846662	-1.429044	0.057452	0.008912	0.022901	0.121258	0.115208	0.985913	0.333298	-0.940301	0.068886	0.934991	0.320250	-0.152418
43271	9.525548	0.842338	-1.361675	0.003143	0.006639	0.026495	0.121266	0.114967	0.985940	0.333285	-0.940323	0.068656	0.934995	0.320273	-0.152346
43272	9.517252	0.927961	-0.709047	-0.020122	0.007846	0.023711	0.121252	0.114751	0.985967	0.333071	-0.940411	0.068488	0.935073	0.320093	-0.152247
43273	9.459567	0.924236	-0.693812	-0.261801	-0.033794	0.016419	0.121603	0.114732	0.985926	0.330570	-0.941273	0.068763	0.935915	0.317555	-0.152388
43274	9.609929	0.463521	-1.072750	-0.146509	-0.043262	0.010737	0.122024	0.114799	0.985866	0.329189	-0.941746	0.068917	0.936347	0.316126	-0.152707
43275	9.603033	0.790794	-0.647916	-0.118594	-0.055100	0.010242	0.122551	0.114909	0.985788	0.328087	-0.942122	0.069032	0.936665	0.314964	-0.153158
43276	9.680414	0.689723	-1.316303	-0.176194	-0.080130	0.003090	0.123293	0.115164	0.985665	0.326435	-0.942675	0.069308	0.937144	0.313211	-0.153819
43277	9.646032	0.707752	-1.680042	-0.092066	-0.080847	0.003551	0.124039	0.115416	0.985542	0.325589	-0.942957	0.069450	0.937340	0.312268	-0.154542
43278	9.765525	0.740615	-2.003892	-0.010293	-0.065333	0.013646	0.124678	0.115523	0.985449	0.325479	-0.943001	0.069368	0.937293	0.312095	-0.155172
43279	9.679237	0.673375	-2.070381	-0.029696	-0.032620	0.017049	0.125025	0.115490	0.985409	0.325151	-0.943121	0.069280	0.937361	0.311745	-0.155466
43280	9.618963	0.401169	-2.076878	0.007987	-0.024702	0.017898	0.125296	0.115430	0.985381	0.325207	-0.943113	0.069127	0.937305	0.311792	-0.155708
43281	9.690079	0.406157	-1.848090	0.065864	-0.013350	0.018101	0.125464	0.115331	0.985372	0.325797	-0.942927	0.068880	0.937078	0.312389	-0.155878
43282	9.578470	0.573556	-1.693750	0.064996	-0.004672	0.014128	0.125535	0.115244	0.985373	0.326391	-0.942737	0.068675	0.936862	0.312996	-0.155961
43283	9.591901	0.700318	-1.543142	0.089361	-0.007153	0.015462	0.125634	0.115148	0.985372	0.327175	-0.942483	0.068421	0.936575	0.313793	-0.156081
43284	9.500892	0.807407	-1.323656	0.114396	-0.003481	0.016384	0.125701	0.115036	0.985376	0.328229	-0.942139	0.068117	0.936197	0.314867	-0.156186
43285	9.533550	0.848490	-1.349729	0.042430	-0.014529	0.015944	0.125868	0.114960	0.985364	0.328583	-0.942029	0.067932	0.936050	0.315223	-0.156346
43286	9.522743	0.820840	-1.434912	0.063170	-0.009627	0.015952	0.125992	0.114872	0.985358	0.329157	-0.941844	0.067712	0.935832	0.315807	-0.156476
43287	9.970394	0.953913	-1.668416	-0.154673	0.010961	0.022037	0.125940	0.114661	0.985389	0.327688	-0.942352	0.067772	0.936354	0.314365	-0.156253
43288	9.643631	0.073094	-2.352961	-0.097531	0.073586	0.051522	0.125401	0.113976	0.985537	0.326714	-0.942713	0.067452	0.936767	0.313530	-0.155455
43289	9.414612	-0.054877	-1.488103	0.096971	0.069478	0.034592	0.124848	0.113460	0.985667	0.327557	-0.942453	0.066996	0.936547	0.314498	-0.154828
43290	9.771173	-0.088583	-1.548126	-0.057671	0.031425	0.033053	0.124643	0.113081	0.985737	0.326979	-0.942668	0.066795	0.936776	0.313990	-0.154472
43291	9.779414	0.155800	-1.627910	0.141836	0.037561	0.030173	0.124378	0.112706	0.985813	0.328256	-0.942258	0.066311	0.936364	0.315351	-0.154192
43292	9.666480	0.955752	-0.978926	0.158149	0.019821	0.032101	0.124279	0.112373	0.985864	0.329700	-0.941791	0.065787	0.935870	0.316863	-0.154094
43293	9.708367	1.248914	-1.317875	0.058662	-0.004300	0.039877	0.124432	0.112039	0.985882	0.330186	-0.941652	0.065339	0.935678	0.317395	-0.154165
43294	9.814205	1.308127	-1.573008	0.070125	0.002643	0.048192	0.124547	0.111609	0.985917	0.330786	-0.941479	0.064792	0.935451	0.318058	-0.154177
43295	9.788912	0.988878	-1.723642	0.112686	0.018791	0.059777	0.124549	0.111016	0.985983	0.331758	-0.941187	0.064065	0.935106	0.319129	-0.154054
43296	9.877479	0.979598	-2.211170	0.120044	0.034332	0.061790	0.124415	0.110357	0.986074	0.332807	-0.940868	0.063307	0.934752	0.320296	-0.153785
43297	10.072777	0.974322	-2.568161	0.105700	0.079363	0.082189	0.123918	0.109363	0.986247	0.333713	-0.940609	0.062372	0.934494	0.321395	-0.153055
43298	9.868418	0.801254	-2.589718	0.054885	0.115807	0.096519	0.123140	0.108114	0.986483	0.334110	-0.940534	0.061373	0.934455	0.322037	-0.151939
43299	9.890323	0.631982	-2.809184	0.010857	0.127882	0.081695	0.122202	0.106961	0.986725	0.334075	-0.940597	0.060587	0.934591	0.322237	-0.150676
43300	9.849568	0.548071	-2.623759	0.079745	0.160111	0.089707	0.120987	0.105632	0.987018	0.334715	-0.940432	0.059618	0.934520	0.323156	-0.149137
43301	9.781215	0.696365	-1.990043	0.114227	0.207980	0.100018	0.119357	0.104050	0.987384	0.335657	-0.940166	0.058499	0.934392	0.324440	-0.147141
43302	9.489105	0.649641	-1.605547	0.043486	0.289997	0.131698	0.117070	0.101902	0.987882	0.335911	-0.940157	0.057171	0.934590	0.325147	-0.144295
43303	9.100432	0.614976	-0.697954	0.025910	0.262905	0.121762	0.115003	0.099933	0.988326	0.336004	-0.940196	0.055968	0.934813	0.325645	-0.141703
43304	9.292721	0.409027	-0.394639	-0.193706	0.206003	0.106771	0.113415	0.098291	0.988674	0.334073	-0.940928	0.055221	0.935699	0.324027	-0.139552
43305	9.451297	0.002473	-0.250356	-0.053095	0.167184	0.090433	0.112129	0.096934	0.988954	0.333515	-0.941172	0.054436	0.936053	0.323728	-0.137861
43306	9.558733	0.216416	0.060216	0.010851	0.118978	0.082184	0.111270	0.095807	0.989161	0.333528	-0.941213	0.053645	0.936151	0.323944	-0.136683
43307	9.502757	0.449334	0.122052	0.020423	0.062438	0.074975	0.110919	0.094927	0.989286	0.333601	-0.941228	0.052912	0.936166	0.324158	-0.136068
43308	9.485420	0.463044	0.014014	0.076711	0.010441	0.068336	0.111031	0.094281	0.989335	0.334246	-0.941041	0.052167	0.935923	0.324889	-0.135998
43309	9.417033	0.605981	-0.040267	0.084851	-0.033160	0.066153	0.111541	0.093797	0.989323	0.334971	-0.940824	0.051433	0.935603	0.325658	-0.136360
43310	9.365320	0.425801	-0.278550	0.110264	-0.081027	0.060286	0.112483	0.093526	0.989242	0.335938	-0.940517	0.050721	0.935143	0.326619	-0.137211
43311	9.294023	0.326678	-0.380033	0.191853	-0.126411	0.058771	0.113846	0.093412	0.989097	0.337611	-0.939961	0.049913	0.934376	0.328248	-0.138547
43312	9.347421	0.393635	-0.459591	0.261375	-0.167925	0.060046	0.115598	0.093433	0.988892	0.339986	-0.939154	0.048990	0.933299	0.330546	-0.140330
43313	9.500103	0.555052	-0.628411	0.309383	-0.199026	0.059257	0.117635	0.093566	0.988639	0.342794	-0.938183	0.048003	0.932016	0.333253	-0.142437
43314	9.627638	0.732816	-1.018900	0.309373	-0.217341	0.065662	0.119866	0.093709	0.988358	0.345601	-0.937207	0.046945	0.930695	0.335950	-0.144725
43315	9.728125	0.778516	-1.402843	0.346543	-0.216341	0.072944	0.122112	0.093784	0.988075	0.348731	-0.936105	0.045753	0.929234	0.338986	-0.147015
43316	9.800056	0.780132	-1.656350	0.365124	-0.220630	0.080589	0.124424	0.093813	0.987784	0.352025	-0.934934	0.044451	0.927684	0.342194	-0.149352
43317	10.024913	0.921766	-1.703830	0.374107	-0.198470	0.095907	0.126577	0.093629	0.987528	0.355375	-0.933735	0.042979	0.926114	0.345503	-0.151463
43318	9.783223	0.810874	-1.662449	0.297537	-0.182155	0.108335	0.128630	0.093281	0.987296	0.357994	-0.932802	0.041491	0.924821	0.348109	-0.153380
43319	9.719317	0.539205	-1.306582	0.260630	-0.199838	0.104715	0.130828	0.093035	0.987030	0.360285	-0.931980	0.040091	0.923622	0.350367	-0.155448
43320	9.763167	-0.090306	-0.683124	0.376441	-0.222973	0.103556	0.133241	0.092886	0.986721	0.363626	-0.930748	0.038515	0.921967	0.353666	-0.157789
43321	9.458096	0.034153	0.474389	0.530887	-0.261331	0.102666	0.136006	0.092885	0.986344	0.368322	-0.928974	0.036695	0.919696	0.358302	-0.160557
43322	9.099104	0.405968	1.334514	0.594242	-0.343547	0.094584	0.139491	0.093278	0.985820	0.373653	-0.926914	0.034833	0.917020	0.363496	-0.164150
43323	9.067439	0.935228	2.033156	0.546068	-0.451980	0.083319	0.143921	0.094186	0.985097	0.378523	-0.924998	0.033138	0.914334	0.368113	-0.168778
43324	9.642344	1.398023	2.558078	0.378511	-0.547723	0.093095	0.149256	0.095380	0.984188	0.381848	-0.923685	0.031608	0.912094	0.371092	-0.174287
43325	9.704819	1.607924	2.548240	-0.130631	-0.694383	0.091502	0.155906	0.097134	0.982984	0.380521	-0.924253	0.030978	0.911535	0.369217	-0.181059
43326	10.043128	0.542669	1.649795	-0.211322	-0.804244	0.085629	0.163540	0.099331	0.981523	0.378463	-0.925112	0.030563	0.911054	0.366472	-0.188886
43327	10.059111	0.386526	2.011329	-0.273567	-0.920819	0.074191	0.172185	0.102020	0.979767	0.375789	-0.926206	0.030401	0.910568	0.362951	-0.197817
43328	10.342894	-0.052486	0.861129	-0.383158	-1.080446	0.048433	0.182182	0.105498	0.977589	0.372221	-0.927635	0.030741	0.910089	0.358278	-0.208267
43329	10.641241	-0.619152	0.474838	0.065240	-1.111841	0.030489	0.192383	0.109206	0.975224	0.372670	-0.927468	0.030341	0.907803	0.357600	-0.219127
43330	10.769538	-0.228363	0.962352	0.112239	-1.204378	-0.003310	0.203268	0.113573	0.972514	0.373700	-0.927059	0.030157	0.905003	0.357298	-0.230883
43331	10.938603	-1.064965	0.554785	0.247649	-1.280936	-0.012551	0.214763	0.118289	0.969476	0.375937	-0.926168	0.029725	0.901415	0.358078	-0.243376
43332	10.585212	-0.801753	0.847894	0.527537	-1.369522	-0.031216	0.226936	0.123535	0.966043	0.380755	-0.924229	0.028744	0.896396	0.361302	-0.256777
43333	10.515551	0.134883	1.426287	0.518658	-1.503546	-0.061427	0.240121	0.129559	0.962058	0.385453	-0.922303	0.027999	0.890937	0.364105	-0.271403
43334	11.205188	0.286373	1.078872	0.414536	-1.630758	-0.097468	0.254207	0.136439	0.957478	0.389383	-0.920656	0.027812	0.885302	0.365755	-0.287164
43335	11.741418	0.711625	0.887725	0.224930	-1.731439	-0.139975	0.268926	0.144057	0.952327	0.391664	-0.919666	0.028515	0.879931	0.365324	-0.303744
43336	12.612304	0.741702	0.106326	0.288624	-1.806143	-0.165272	0.284093	0.152204	0.946639	0.394661	-0.918362	0.029217	0.873804	0.365301	-0.320970
43337	13.137877	1.150459	0.596090	0.288354	-1.877615	-0.183780	0.299692	0.160745	0.940397	0.397639	-0.917050	0.030033	0.867219	0.364937	-0.338751
43338	13.415403	0.271658	-0.255965	0.241839	-1.914707	-0.221761	0.315326	0.169787	0.933671	0.400420	-0.915797	0.031304	0.860369	0.363989	-0.356760
43339	12.819977	-0.051358	-0.892297	0.280024	-1.930069	-0.315188	0.330589	0.179673	0.926514	0.403731	-0.914273	0.033245	0.853060	0.363073	-0.374788
43340	11.894478	0.107621	-2.918274	0.116315	-1.922277	-0.472553	0.344986	0.190977	0.918974	0.406327	-0.912971	0.037193	0.846099	0.360573	-0.392561
43341	11.085220	0.223249	-4.651457	0.258252	-1.781696	-0.577274	0.357634	0.202637	0.911612	0.410414	-0.910955	0.041482	0.838843	0.359303	-0.408953
43342	9.904218	1.140927	-5.374024	0.489943	-1.637036	-0.615941	0.368732	0.214159	0.904529	0.416754	-0.907902	0.045068	0.830875	0.360348	-0.424024
43343	8.757975	2.178361	-6.815141	0.376364	-1.497652	-0.641784	0.378398	0.225380	0.897786	0.422243	-0.905143	0.049261	0.823727	0.360443	-0.437669
43344	7.794240	2.849578	-7.343268	0.362090	-1.339024	-0.704069	0.386369	0.236601	0.891481	0.427918	-0.902204	0.053986	0.817071	0.360623	-0.449829
43345	7.792302	3.142100	-7.229754	0.361791	-1.194237	-0.783857	0.392675	0.247981	0.885614	0.433909	-0.899001	0.059337	0.810882	0.360975	-0.460617
43346	7.225643	2.797711	-7.329683	-0.007635	-1.077953	-0.865512	0.397602	0.259659	0.880051	0.437280	-0.896823	0.067047	0.806659	0.358171	-0.470122
43347	6.839489	1.111078	-8.697563	0.039225	-0.943980	-0.895140	0.401229	0.271063	0.874951	0.441169	-0.894305	0.074751	0.802736	0.356010	-0.478406
43348	6.348189	0.391303	-8.137716	0.496035	-0.771634	-0.892171	0.403411	0.281809	0.870542	0.448741	-0.890058	0.080179	0.797428	0.358303	-0.485519
43349	6.312938	-0.319638	-7.996620	0.947500	-0.521958	-0.800099	0.403888	0.290815	0.867353	0.459498	-0.884335	0.082542	0.791035	0.365209	-0.490801
43350	6.161871	0.524767	-7.141510	1.439152	-0.194320	-0.687543	0.402187	0.297621	0.865833	0.473613	-0.876959	0.081448	0.783541	0.377312	-0.493659
43351	5.168463	2.449339	-6.632945	1.633247	0.080819	-0.573831	0.398761	0.302340	0.865783	0.488651	-0.868951	0.078385	0.776022	0.391809	-0.494242
43352	4.310447	4.123842	-5.111021	1.512500	0.303640	-0.498487	0.393920	0.305470	0.866900	0.502330	-0.861394	0.075271	0.769735	0.405819	-0.492767
43353	4.184609	5.461054	-3.013990	0.424867	0.533983	-0.509181	0.387201	0.307692	0.869138	0.507598	-0.858088	0.077645	0.769688	0.411108	-0.488437
43354	4.516672	5.303080	-3.101987	-1.083664	0.736124	-0.545662	0.378728	0.309410	0.872256	0.501315	-0.860811	0.087682	0.777977	0.404067	-0.481125
43355	4.501808	4.020003	-4.065286	-1.997650	0.987972	-0.558025	0.368174	0.310341	0.876434	0.487737	-0.866998	0.102110	0.791556	0.389875	-0.470571
43356	4.480997	3.684017	-3.933759	-2.631226	1.122151	-0.521148	0.356683	0.310644	0.881066	0.468589	-0.875373	0.118937	0.808209	0.370436	-0.457795
43357	4.604481	3.333567	-3.428924	-2.964019	1.256517	-0.412027	0.344488	0.309792	0.886204	0.445830	-0.884730	0.135973	0.826174	0.348255	-0.442893
43358	5.049912	2.784705	-4.217520	-3.211230	1.386024	-0.289685	0.331631	0.307740	0.891806	0.419989	-0.894619	0.152532	0.844767	0.323964	-0.425930
43359	6.000296	2.747312	-4.693752	-3.063961	1.538437	-0.164351	0.317788	0.304451	0.897954	0.394391	-0.903675	0.166815	0.862245	0.301133	-0.407249
43360	6.443924	1.928238	-5.214629	-2.888096	1.676894	-0.051613	0.302974	0.300077	0.904522	0.369422	-0.911901	0.178786	0.878484	0.279983	-0.387137
43361	6.778298	1.500662	-6.789958	-2.485934	1.818258	0.058188	0.287038	0.294656	0.911475	0.347257	-0.918800	0.187667	0.892761	0.262649	-0.366051
43362	6.883838	0.897324	-7.336439	-1.704953	1.979938	0.163636	0.269785	0.288077	0.918819	0.331491	-0.923660	0.192262	0.904063	0.252711	-0.344685
43363	6.587103	-0.091364	-7.683158	-0.905660	2.096740	0.235999	0.251475	0.280666	0.926276	0.322675	-0.926591	0.193158	0.912492	0.250312	-0.323578
43364	6.959191	0.645222	-8.001366	0.251819	2.209345	0.301269	0.232220	0.272282	0.933776	0.324258	-0.926773	0.189600	0.917023	0.258755	-0.303504
43365	7.482659	1.881559	-7.381749	1.003524	2.307397	0.304607	0.212004	0.263357	0.941115	0.332818	-0.924896	0.183845	0.918851	0.274244	-0.283732
43366	7.866097	2.726820	-7.257621	1.299410	2.350883	0.254300	0.191240	0.254380	0.948007	0.344254	-0.921864	0.177919	0.919193	0.292330	-0.263868
43367	8.599864	2.703767	-7.159057	1.385510	2.370953	0.154587	0.169960	0.245851	0.954291	0.356734	-0.918051	0.172980	0.918615	0.311029	-0.243736
43368	9.009238	3.428968	-6.168437	2.109598	2.228576	-0.163765	0.148913	0.240172	0.959241	0.376336	-0.910823	0.169627	0.914437	0.335738	-0.226019
43369	10.617461	5.718378	-2.983263	1.633925	1.992187	-0.567755	0.128515	0.238487	0.962605	0.392068	-0.903795	0.171573	0.910915	0.355357	-0.209654
43370	10.368670	-0.456902	-4.907052	0.507398	1.585926	-0.653381	0.111468	0.238709	0.964672	0.397477	-0.900404	0.176877	0.910817	0.363718	-0.195248
43371	10.243121	-5.603782	-2.616235	1.098168	0.741767	-0.500918	0.102674	0.240513	0.965200	0.408026	-0.895121	0.179646	0.907178	0.375382	-0.190041
43372	17.207425	-15.279679	-4.039730	1.717381	-0.363735	0.226820	0.106882	0.239910	0.964893	0.423307	-0.889087	0.174172	0.899660	0.389830	-0.196583
43373	24.074352	-8.017453	0.244184	2.754332	-0.255738	1.088784	0.113877	0.231339	0.966185	0.446731	-0.880573	0.158187	0.887392	0.413611	-0.203623
43374	14.429981	4.937931	4.670906	1.238096	0.283311	1.504081	0.118136	0.216948	0.969008	0.455943	-0.878744	0.141153	0.882134	0.425137	-0.202728
43375	3.407998	7.869009	5.622268	-2.357045	0.137258	0.831360	0.120592	0.209053	0.970440	0.434034	-0.890287	0.137852	0.892789	0.404580	-0.198097
43376	3.242721	8.550668	2.392090	-5.991949	-0.240734	0.042224	0.122921	0.209611	0.970028	0.379752	-0.912983	0.149163	0.916885	0.350035	-0.191825
43377	7.357072	6.035307	-4.010720	-7.448363	-0.449477	-0.144471	0.126572	0.212400	0.968951	0.310680	-0.936150	0.164626	0.942050	0.280197	-0.184479
43378	10.083625	0.292118	-9.854349	-6.753436	-0.326384	0.134177	0.130035	0.211974	0.968586	0.246245	-0.953178	0.175543	0.960445	0.215682	-0.176144
43379	10.692220	-5.403392	-8.749509	-3.513463	-0.074010	0.179662	0.131137	0.210443	0.968771	0.212138	-0.960531	0.179937	0.968401	0.181916	-0.170604
43380	11.625338	-6.976227	-7.263199	0.047324	0.160196	0.061764	0.129702	0.209591	0.969149	0.212519	-0.960567	0.179293	0.968511	0.182707	-0.169129
43381	10.616076	-2.233937	-4.684885	2.333107	0.418020	0.150595	0.125983	0.207369	0.970117	0.234874	-0.956339	0.173923	0.963827	0.205944	-0.169188
43382	10.282867	0.368847	-4.692344	2.654912	0.464497	0.227099	0.122066	0.204218	0.971285	0.260106	-0.950983	0.167261	0.957833	0.232220	-0.169201
43383	10.251790	1.654934	-1.776057	1.708565	0.397743	0.149231	0.118649	0.201876	0.972198	0.276258	-0.947166	0.162963	0.953731	0.249242	-0.168151
43384	10.871554	1.072067	-1.331142	0.424267	0.315189	0.056452	0.115785	0.200581	0.972811	0.280240	-0.946206	0.161741	0.952922	0.253893	-0.165767
43385	10.623890	1.197909	-1.046733	-0.468224	0.291272	0.030531	0.113076	0.199589	0.973333	0.275740	-0.947441	0.162246	0.954558	0.250040	-0.162168
43386	9.433155	2.192004	-1.422756	-1.267600	0.241491	-0.019086	0.110698	0.199213	0.973684	0.263640	-0.950492	0.164495	0.958248	0.238493	-0.157738
43387	9.507626	1.526888	-2.111708	-1.491330	0.236205	-0.056150	0.108271	0.199231	0.973953	0.249380	-0.953829	0.167392	0.962334	0.224761	-0.152956
43388	9.471809	0.209403	-3.178874	-1.255360	0.280098	-0.059721	0.105410	0.199221	0.974269	0.237344	-0.956453	0.169899	0.965690	0.213328	-0.148103
43389	9.509695	-0.655870	-3.193292	-0.214861	0.357582	-0.049502	0.101825	0.198965	0.974702	0.235319	-0.956805	0.170729	0.966570	0.211982	-0.144247
43390	9.713582	0.314967	-2.775012	0.647030	0.417318	-0.023167	0.097722	0.198321	0.975253	0.241595	-0.955358	0.170067	0.965444	0.218997	-0.141273
43391	9.418412	2.518154	-2.145206	1.092416	0.465922	-0.015771	0.093178	0.197454	0.975874	0.252141	-0.952868	0.168724	0.963194	0.230336	-0.138573
43392	9.139496	3.823100	-0.839553	0.886001	0.445907	-0.029875	0.088795	0.196723	0.976430	0.260696	-0.950720	0.167836	0.961329	0.239648	-0.135704
43393	9.362561	4.136641	-0.614883	0.297233	0.419311	-0.039037	0.084649	0.196112	0.976921	0.263585	-0.949920	0.167853	0.960915	0.243294	-0.132102
43394	9.321188	3.667881	-0.670918	-0.148175	0.385581	-0.032521	0.080840	0.195517	0.977363	0.262190	-0.950210	0.168399	0.961624	0.242641	-0.128078
43395	9.434470	2.518857	-0.736095	-0.552526	0.342197	-0.024094	0.077470	0.194956	0.977748	0.256893	-0.951484	0.169365	0.963330	0.238056	-0.123794
43396	9.657485	0.972628	-1.890164	-0.680994	0.328309	-0.008966	0.074265	0.194302	0.978126	0.250334	-0.953061	0.170316	0.965307	0.232210	-0.119419
43397	9.712477	0.631237	-1.032763	-0.321845	0.324754	-0.005439	0.071101	0.193637	0.978493	0.247231	-0.953787	0.170783	0.966344	0.229771	-0.115688
43398	9.963791	1.086577	-1.002158	-0.185092	0.320024	-0.010696	0.067965	0.193038	0.978834	0.245451	-0.954184	0.171134	0.967024	0.228624	-0.112232
43399	9.644531	1.834021	-0.353201	-0.131299	0.307232	-0.006937	0.064962	0.192436	0.979157	0.244186	-0.954464	0.171382	0.967550	0.227963	-0.108994
43400	9.584299	1.431054	0.090730	-0.245062	0.258031	0.007568	0.062467	0.191810	0.979442	0.241810	-0.955028	0.171607	0.968311	0.226119	-0.106039
43401	9.437456	1.462207	0.603853	-0.179775	0.207186	0.003558	0.060455	0.191341	0.979660	0.240066	-0.955434	0.171795	0.968872	0.224797	-0.103695
43402	9.283428	1.741271	0.984976	-0.134234	0.165803	0.002816	0.058839	0.190975	0.979830	0.238764	-0.955734	0.171941	0.969293	0.223831	-0.101832
43403	9.287367	2.565382	0.828809	-0.254962	0.123837	-0.011028	0.057597	0.190837	0.979931	0.236297	-0.956275	0.172341	0.969972	0.221628	-0.100173
43404	9.325388	2.062489	-0.032367	-0.381752	0.070400	-0.004952	0.056887	0.190762	0.979987	0.232595	-0.957099	0.172805	0.970908	0.218110	-0.098817
43405	9.372189	1.523548	-0.408607	-0.343420	0.039609	-0.008747	0.056466	0.190792	0.980005	0.229264	-0.957819	0.173263	0.971725	0.214896	-0.097826
43406	9.479273	1.222089	-0.716351	-0.048127	0.037853	-0.006177	0.056069	0.190803	0.980026	0.228800	-0.957904	0.173406	0.971857	0.214507	-0.097364
43407	9.289362	1.603350	-0.290597	0.038465	0.044792	-0.009149	0.055597	0.190826	0.980048	0.229177	-0.957798	0.173493	0.971796	0.214959	-0.096984
43408	9.163775	1.473616	-0.153343	0.134379	0.010258	-0.009096	0.055461	0.190924	0.980037	0.230488	-0.957485	0.173488	0.971493	0.216265	-0.097109
43409	9.047873	1.916781	0.910867	0.133087	-0.050129	-0.019222	0.055887	0.191249	0.979949	0.231790	-0.957154	0.173581	0.971159	0.217441	-0.097822
43410	8.905745	2.018591	1.035758	-0.043529	-0.139285	-0.022145	0.057173	0.191796	0.979768	0.231380	-0.957199	0.173876	0.971182	0.216758	-0.099104
43411	8.942627	1.441747	1.033592	-0.080950	-0.233191	-0.030852	0.059349	0.192627	0.979476	0.230609	-0.957309	0.174294	0.971235	0.215532	-0.101237
43412	9.426836	1.394608	0.575122	-0.038743	-0.288575	-0.043632	0.062036	0.193698	0.979098	0.230260	-0.957302	0.174797	0.971150	0.214604	-0.103988
43413	9.385579	1.423364	0.088495	0.076125	-0.312166	-0.047085	0.064940	0.194850	0.978681	0.231026	-0.957041	0.175212	0.970778	0.214723	-0.107166
43414	9.501534	1.491316	-0.303580	0.193890	-0.344928	-0.058661	0.068136	0.196186	0.978196	0.232948	-0.956502	0.175610	0.970099	0.215903	-0.110873
43415	9.676467	1.970584	-0.674579	0.228847	-0.345359	-0.050157	0.071349	0.197445	0.977714	0.235198	-0.955902	0.175876	0.969325	0.217408	-0.114641
43416	9.576810	2.119962	-1.114631	0.105687	-0.364326	-0.043878	0.074760	0.198690	0.977207	0.236255	-0.955579	0.176218	0.968811	0.217696	-0.118381
43417	9.912168	2.024077	-1.670676	0.037320	-0.350757	-0.042418	0.078039	0.199888	0.976706	0.236646	-0.955408	0.176622	0.968457	0.217350	-0.121862
43418	9.850602	1.941351	-2.257401	-0.018929	-0.322861	-0.035958	0.081064	0.200965	0.976238	0.236493	-0.955370	0.177031	0.968246	0.216522	-0.124973
43419	9.721345	1.995622	-2.369074	0.036554	-0.258645	-0.021951	0.083498	0.201766	0.975868	0.236862	-0.955240	0.177234	0.967949	0.216348	-0.127551
43420	9.600507	2.325730	-2.254977	0.068606	-0.214020	-0.003768	0.085544	0.202298	0.975581	0.237531	-0.955077	0.177218	0.967606	0.216571	-0.129753
43421	9.458762	2.303359	-1.917280	-0.065424	-0.182612	0.009448	0.087315	0.202633	0.975354	0.236889	-0.955232	0.177246	0.967605	0.215574	-0.131408
43422	9.579581	1.693421	-1.717523	-0.129793	-0.177375	0.011519	0.089043	0.202937	0.975135	0.235624	-0.955527	0.177341	0.967756	0.213974	-0.132900
43423	9.438485	1.409905	-1.267459	-0.054845	-0.164520	0.011557	0.090645	0.203210	0.974930	0.235083	-0.955661	0.177337	0.967739	0.213115	-0.134397
43424	9.184968	1.222937	-0.833727	0.011624	-0.182446	-0.002630	0.092388	0.203657	0.974673	0.235199	-0.955624	0.177382	0.967546	0.212855	-0.136188
43425	9.018838	1.239844	-0.257348	0.112793	-0.220649	-0.018234	0.094462	0.204333	0.974333	0.236307	-0.955340	0.177440	0.967076	0.213480	-0.138528
43426	8.976547	1.706559	0.268435	0.142101	-0.265709	-0.025223	0.096955	0.205175	0.973911	0.237707	-0.954977	0.177522	0.966486	0.214294	-0.141361
43427	9.248944	2.186174	0.511206	0.084953	-0.322080	-0.030229	0.099976	0.206185	0.973392	0.238556	-0.954727	0.177729	0.965969	0.214440	-0.144637
43428	9.386975	2.381988	0.487085	-0.040291	-0.377797	-0.031486	0.103535	0.207326	0.972778	0.238201	-0.954741	0.178130	0.965682	0.213274	-0.148234
43429	9.684906	1.941103	-0.242711	-0.123721	-0.422764	-0.029278	0.107527	0.208534	0.972086	0.237036	-0.954936	0.178636	0.965532	0.211211	-0.152112
43430	10.010975	1.483037	-1.096092	-0.123259	-0.435292	-0.036043	0.111629	0.209826	0.971345	0.235888	-0.955113	0.179211	0.965348	0.209124	-0.156114
43431	10.017042	1.219044	-1.982290	-0.014016	-0.416073	-0.038613	0.115533	0.211094	0.970614	0.235795	-0.955054	0.179643	0.964911	0.208111	-0.160115
43432	9.836596	1.471053	-2.483839	0.125346	-0.398803	-0.036077	0.119279	0.212302	0.969897	0.237049	-0.954710	0.179825	0.964147	0.208464	-0.164203
43433	9.701407	1.706276	-2.305822	0.188949	-0.385428	-0.027955	0.122907	0.213405	0.969202	0.238902	-0.954249	0.179816	0.963234	0.209444	-0.168267
43434	9.437042	1.751174	-1.856625	0.202267	-0.407724	-0.022281	0.126763	0.214506	0.968462	0.240881	-0.953769	0.179723	0.962241	0.210501	-0.172573
43435	9.289817	1.731507	-1.381653	0.200382	-0.428225	-0.014376	0.130827	0.215577	0.967683	0.242825	-0.953310	0.179546	0.961208	0.211488	-0.177066
43436	9.298801	1.323373	-1.043639	0.278130	-0.455189	-0.007735	0.135164	0.216650	0.966847	0.245510	-0.952695	0.179157	0.959925	0.213155	-0.181960
43437	9.020132	1.179267	-0.510982	0.413902	-0.479914	-0.024985	0.139686	0.217948	0.965912	0.249513	-0.951746	0.178668	0.958244	0.216050	-0.187326
43438	8.893944	1.417268	-0.048361	0.511208	-0.519724	-0.037292	0.144550	0.219468	0.964852	0.254463	-0.950543	0.178091	0.956218	0.219776	-0.193248
43439	8.905570	2.123150	-0.192219	0.378691	-0.578673	-0.040751	0.149953	0.221163	0.963639	0.258138	-0.949611	0.177774	0.954400	0.222095	-0.199488
43440	9.277823	2.354025	-0.744797	0.206849	-0.635545	-0.040664	0.155892	0.222995	0.962274	0.260177	-0.949053	0.177781	0.952893	0.222647	-0.205968
43441	9.721526	2.202358	-1.419970	0.082805	-0.667801	-0.034471	0.162140	0.224836	0.960812	0.261019	-0.948786	0.177974	0.951620	0.221934	-0.212522
43442	9.964465	1.847069	-2.076911	0.077612	-0.671991	-0.029612	0.168436	0.226638	0.959304	0.261811	-0.948539	0.178125	0.950308	0.221153	-0.219105
43443	9.982391	1.382103	-2.461112	0.260773	-0.656967	-0.031218	0.174569	0.228419	0.957784	0.264339	-0.947884	0.177879	0.948499	0.222127	-0.225851
43444	10.076049	1.653873	-2.391342	0.586818	-0.622054	-0.025580	0.180376	0.230089	0.956307	0.269947	-0.946502	0.176813	0.945829	0.226260	-0.232838
43445	10.069937	2.322452	-2.128873	0.760671	-0.606458	-0.017585	0.186032	0.231673	0.954840	0.277161	-0.944712	0.175217	0.942642	0.232049	-0.239958
43446	9.803806	2.209006	-1.889609	0.750484	-0.612999	0.001932	0.191789	0.233127	0.953346	0.284225	-0.942946	0.173405	0.939379	0.237708	-0.247107
43447	9.590615	1.830546	-1.630503	0.765206	-0.636948	0.008410	0.197762	0.234609	0.951761	0.291384	-0.941118	0.171441	0.935941	0.243423	-0.254479
43448	9.617392	1.700621	-1.325606	0.769552	-0.667152	0.013429	0.204016	0.236158	0.950056	0.298551	-0.939247	0.169360	0.932333	0.249088	-0.262127
43449	9.518267	1.237143	-0.964858	0.775573	-0.721943	0.020182	0.210770	0.237815	0.948167	0.305726	-0.937335	0.167138	0.928498	0.254651	-0.270269
43450	9.527477	0.708250	-0.561954	0.778958	-0.788851	0.023149	0.218132	0.239661	0.946034	0.312899	-0.935377	0.164814	0.924398	0.260062	-0.279025
43451	9.483954	0.231505	-0.179034	0.773524	-0.872266	0.017437	0.226206	0.241815	0.943587	0.319993	-0.933382	0.162488	0.920019	0.265185	-0.288516
43452	9.290530	0.175150	0.284636	0.790578	-0.970779	0.012713	0.235137	0.244327	0.940752	0.327225	-0.931288	0.160081	0.915224	0.270196	-0.298930
43453	9.272804	0.596145	0.499524	0.766639	-1.102424	0.012672	0.245214	0.247236	0.937414	0.334187	-0.929227	0.157658	0.910049	0.274611	-0.310483
43454	9.668382	0.834355	0.105948	0.744651	-1.226649	0.025409	0.256410	0.250424	0.933564	0.340887	-0.927223	0.155096	0.904461	0.278471	-0.323115
43455	10.231239	1.539312	-0.317887	0.667314	-1.290561	0.033059	0.268133	0.253751	0.929363	0.346810	-0.925435	0.152620	0.898792	0.281390	-0.336143
43456	10.909084	1.951761	-1.775692	0.484668	-1.352258	0.043841	0.280384	0.257189	0.924791	0.351042	-0.924172	0.150586	0.893395	0.282418	-0.349407
43457	11.478839	2.215639	-2.505641	0.374157	-1.373316	0.054566	0.292781	0.260583	0.919987	0.354211	-0.923254	0.148782	0.888152	0.282309	-0.362613
43458	11.644666	1.821325	-3.053697	0.497894	-1.381067	0.085171	0.305291	0.263734	0.915009	0.358374	-0.922060	0.146195	0.882250	0.283283	-0.376012
