// General information: 
//  MT Manager version: 2022.2.0 
//  XDA version: 2022.2.0 build 7381 rev 124627 built on 2023-07-19
// Device information: 
//  DeviceId: 00B4CB9F
//  ProductCode: MTW2-3A7G6
//  Firmware Version: 4.6.0
//  Hardware Version: 2.0.0
// Device settings: 
//  Filter Profile: human(46.1)
//  Option Flags: Orientation Smoother Disabled, Position/Velocity Smoother Disabled, Continuous Zero Rotation Update Disabled, AHS Disabled, ICC Disabled
// Coordinate system: ENU
PacketCounter	Acc_X	Acc_Y	Acc_Z	Gyr_X	Gyr_Y	Gyr_Z	Mat[1][1]	Mat[2][1]	Mat[3][1]	Mat[1][2]	Mat[2][2]	Mat[3][2]	Mat[1][3]	Mat[2][3]	Mat[3][3]
48549	9.444140	-0.844299	-2.639776	0.018561	-0.015551	0.003564	-0.284791	-0.070786	0.955973	-0.490591	0.867531	-0.081913	-0.823538	-0.492320	-0.281792
48550	9.449331	-0.851983	-2.618080	0.022292	-0.011135	0.004342	-0.284973	-0.070748	0.955921	-0.490776	0.867408	-0.082109	-0.823365	-0.492542	-0.281909
48551	9.468768	-0.864677	-2.627114	0.020981	-0.007983	0.003794	-0.285097	-0.070732	0.955885	-0.490948	0.867297	-0.082250	-0.823219	-0.492739	-0.281989
48552	9.438589	-0.865621	-2.698585	0.022874	-0.003104	0.003483	-0.285186	-0.070671	0.955863	-0.491160	0.867161	-0.082427	-0.823062	-0.492988	-0.282013
48553	9.424389	-0.861715	-2.667336	0.025768	0.001812	0.005650	-0.285239	-0.070591	0.955853	-0.491366	0.867028	-0.082599	-0.822921	-0.493234	-0.281996
48554	9.427377	-0.854595	-2.743566	0.028374	0.002715	0.008244	-0.285326	-0.070449	0.955838	-0.491580	0.866882	-0.082848	-0.822762	-0.493510	-0.281976
48555	9.382320	-0.825990	-2.749374	0.028851	0.000066	0.010180	-0.285415	-0.070338	0.955819	-0.491799	0.866737	-0.083072	-0.822601	-0.493781	-0.281972
48556	9.368876	-0.848134	-2.752163	0.026361	-0.005634	0.012851	-0.285565	-0.070185	0.955786	-0.491901	0.866654	-0.083329	-0.822487	-0.493948	-0.282010
48557	9.355359	-0.870216	-2.755189	0.022683	-0.004710	0.010676	-0.285696	-0.070093	0.955753	-0.492068	0.866539	-0.083540	-0.822342	-0.494162	-0.282058
48558	9.388013	-0.863234	-2.761398	0.018662	-0.013138	0.010333	-0.285888	-0.070044	0.955700	-0.492311	0.866379	-0.083773	-0.822130	-0.494451	-0.282171
48559	9.444960	-0.849361	-2.719808	0.017298	-0.015324	0.011185	-0.286109	-0.070000	0.955637	-0.492431	0.866291	-0.083974	-0.821981	-0.494611	-0.282324
48560	9.456897	-0.805051	-2.684563	0.012015	-0.015265	0.008895	-0.286326	-0.069960	0.955575	-0.492570	0.866193	-0.084176	-0.821823	-0.494789	-0.282473
48561	9.461929	-0.812966	-2.663364	-0.002559	-0.019304	0.013646	-0.286591	-0.069915	0.955499	-0.492520	0.866204	-0.084345	-0.821760	-0.494775	-0.282681
48562	9.388395	-0.883479	-2.668045	-0.020813	-0.022419	0.016227	-0.286921	-0.069854	0.955404	-0.492416	0.866244	-0.084544	-0.821707	-0.494714	-0.282941
48563	9.386264	-0.943569	-2.661664	-0.029186	-0.028879	0.018972	-0.287291	-0.069810	0.955296	-0.492133	0.866391	-0.084688	-0.821748	-0.494462	-0.283262
48564	9.404482	-1.040946	-2.697857	-0.020379	-0.030399	0.019555	-0.287690	-0.069745	0.955181	-0.491947	0.866476	-0.084902	-0.821719	-0.494323	-0.283587
48565	9.414681	-1.055895	-2.655257	-0.005928	-0.029834	0.019095	-0.288069	-0.069704	0.955069	-0.491853	0.866508	-0.085113	-0.821643	-0.494272	-0.283898
48566	9.388347	-1.038861	-2.672774	0.013254	-0.036289	0.010710	-0.288473	-0.069755	0.954944	-0.492019	0.866391	-0.085344	-0.821402	-0.494470	-0.284251
48567	9.400586	-1.020004	-2.673260	0.024262	-0.036126	0.009044	-0.288854	-0.069833	0.954823	-0.492203	0.866267	-0.085545	-0.821158	-0.494676	-0.284596
48568	9.348929	-0.984299	-2.705288	0.033499	-0.037365	0.003392	-0.289223	-0.069951	0.954703	-0.492545	0.866051	-0.085759	-0.820822	-0.495038	-0.284936
48569	9.297883	-0.973990	-2.771436	0.043100	-0.044719	0.003968	-0.289649	-0.070116	0.954561	-0.492898	0.865830	-0.085965	-0.820460	-0.495401	-0.285347
48570	9.289642	-1.027929	-2.788891	0.053352	-0.045914	0.000780	-0.290074	-0.070291	0.954419	-0.493375	0.865535	-0.086205	-0.820023	-0.495892	-0.285749
48571	9.276975	-1.016254	-2.838314	0.076175	-0.051413	-0.002579	-0.290522	-0.070546	0.954264	-0.494017	0.865144	-0.086444	-0.819478	-0.496537	-0.286195
48572	9.294458	-1.004709	-2.817070	0.087169	-0.056563	-0.002882	-0.290983	-0.070852	0.954101	-0.494952	0.864579	-0.086747	-0.818750	-0.497476	-0.286646
48573	9.263681	-0.947983	-2.902122	0.092662	-0.067526	-0.007932	-0.291536	-0.071235	0.953904	-0.495744	0.864102	-0.086983	-0.818074	-0.498251	-0.287231
48574	9.296496	-0.908102	-2.956789	0.094470	-0.078611	-0.004081	-0.292195	-0.071657	0.953670	-0.496735	0.863499	-0.087313	-0.817237	-0.499234	-0.287905
48575	9.301718	-0.883613	-2.983746	0.095317	-0.084409	-0.004109	-0.292904	-0.072092	0.953420	-0.497537	0.863009	-0.087594	-0.816495	-0.500018	-0.288647
48576	9.279450	-0.874205	-2.982842	0.086471	-0.093515	-0.001887	-0.293688	-0.072527	0.953146	-0.498260	0.862561	-0.087892	-0.815772	-0.500728	-0.289461
48577	9.290540	-0.881725	-3.021985	0.078776	-0.093795	-0.002896	-0.294478	-0.073000	0.952866	-0.498922	0.862153	-0.088139	-0.815083	-0.501361	-0.290307
48578	9.273807	-0.878549	-2.999071	0.069373	-0.098394	0.000302	-0.295310	-0.073430	0.952575	-0.499451	0.861820	-0.088402	-0.814457	-0.501870	-0.291179
48579	9.314247	-0.944179	-2.958264	0.063551	-0.093814	-0.001027	-0.296109	-0.073888	0.952292	-0.499982	0.861490	-0.088623	-0.813842	-0.502371	-0.292037
48580	9.362896	-1.008532	-2.970906	0.062723	-0.086091	0.001826	-0.296864	-0.074286	0.952026	-0.500631	0.861082	-0.088919	-0.813167	-0.503011	-0.292814
48581	9.392989	-0.976564	-2.950221	0.062163	-0.074371	0.004242	-0.297530	-0.074602	0.951793	-0.501134	0.860761	-0.089187	-0.812613	-0.503512	-0.293487
48582	9.397119	-1.010717	-2.967138	0.059340	-0.068638	-0.000729	-0.298118	-0.074942	0.951583	-0.501779	0.860359	-0.089443	-0.811999	-0.504149	-0.294093
48583	9.401126	-1.019005	-2.949649	0.058767	-0.056926	0.001692	-0.298628	-0.075192	0.951403	-0.502262	0.860053	-0.089678	-0.811514	-0.504634	-0.294602
48584	9.379601	-0.983323	-2.912037	0.056058	-0.048767	0.003489	-0.299116	-0.075359	0.951236	-0.502743	0.859740	-0.089978	-0.811036	-0.505141	-0.295048
48585	9.358981	-0.999255	-2.940883	0.056288	-0.042880	0.005927	-0.299534	-0.075502	0.951094	-0.503192	0.859449	-0.090246	-0.810603	-0.505615	-0.295426
48586	9.338423	-1.015414	-2.969348	0.051946	-0.040902	0.009043	-0.299948	-0.075597	0.950955	-0.503654	0.859146	-0.090563	-0.810163	-0.506117	-0.295774
48587	9.326198	-0.920394	-2.994378	0.045103	-0.037404	0.016356	-0.300373	-0.075624	0.950819	-0.503981	0.858919	-0.090898	-0.809802	-0.506498	-0.296109
48588	9.287356	-0.865714	-3.023875	0.033183	-0.036079	0.008452	-0.300767	-0.075696	0.950689	-0.504296	0.858705	-0.091171	-0.809460	-0.506850	-0.296443
48589	9.313163	-0.852701	-3.055950	0.025618	-0.035834	0.011384	-0.301154	-0.075758	0.950561	-0.504480	0.858572	-0.091401	-0.809201	-0.507065	-0.296781
48590	9.292449	-0.842671	-3.050495	0.008309	-0.031709	0.018115	-0.301529	-0.075752	0.950443	-0.504640	0.858448	-0.091678	-0.808962	-0.507275	-0.297074
48591	9.310880	-0.856370	-3.061874	-0.004586	-0.031434	0.018826	-0.301918	-0.075728	0.950322	-0.504557	0.858475	-0.091889	-0.808868	-0.507234	-0.297398
48592	9.322096	-0.922449	-3.086321	-0.013760	-0.032053	0.021668	-0.302350	-0.075672	0.950189	-0.504471	0.858497	-0.092152	-0.808761	-0.507204	-0.297741
48593	9.312084	-0.983851	-3.025430	-0.019392	-0.028825	0.021364	-0.302730	-0.075613	0.950072	-0.504260	0.858600	-0.092344	-0.808750	-0.507038	-0.298053
48594	9.344175	-1.002613	-3.067884	-0.023417	-0.024733	0.021155	-0.303086	-0.075551	0.949964	-0.504182	0.858621	-0.092573	-0.808665	-0.507012	-0.298328
48595	9.315997	-0.992982	-3.008084	-0.026949	-0.028573	0.024297	-0.303479	-0.075465	0.949845	-0.503901	0.858765	-0.092770	-0.808693	-0.506782	-0.298644
48596	9.315119	-0.994311	-3.010363	-0.023951	-0.014915	0.020693	-0.303785	-0.075355	0.949756	-0.503837	0.858776	-0.093018	-0.808618	-0.506780	-0.298850
48597	9.326442	-1.008470	-2.966313	-0.023424	-0.012230	0.021217	-0.304030	-0.075213	0.949689	-0.503594	0.858899	-0.093196	-0.808677	-0.506592	-0.299008
48598	9.345242	-0.995908	-2.942638	-0.026111	-0.011270	0.021549	-0.304288	-0.075089	0.949616	-0.503530	0.858911	-0.093431	-0.808620	-0.506590	-0.299166
48599	9.332862	-0.984197	-2.989147	-0.022877	-0.004235	0.020330	-0.304464	-0.074914	0.949573	-0.503295	0.859030	-0.093602	-0.808700	-0.506414	-0.299248
48600	9.299633	-0.993825	-2.983439	-0.022096	-0.002863	0.021822	-0.304656	-0.074696	0.949529	-0.503085	0.859128	-0.093830	-0.808758	-0.506280	-0.299317
48601	9.299355	-0.995146	-2.983865	-0.022347	-0.001549	0.020853	-0.304813	-0.074502	0.949494	-0.502852	0.859245	-0.094008	-0.808844	-0.506110	-0.299373
48602	9.273589	-0.978258	-2.998489	-0.017591	-0.002393	0.025440	-0.305041	-0.074245	0.949441	-0.502662	0.859325	-0.094299	-0.808877	-0.506013	-0.299449
48603	9.240475	-1.013796	-3.026271	-0.010181	-0.005086	0.015740	-0.305201	-0.074113	0.949400	-0.502542	0.859376	-0.094465	-0.808891	-0.505944	-0.299527
48604	9.240224	-1.040769	-3.060525	-0.004549	-0.008318	0.016034	-0.305399	-0.073993	0.949345	-0.502562	0.859340	-0.094693	-0.808804	-0.506024	-0.299628
48605	9.205346	-1.083786	-3.011940	0.006208	-0.012158	0.014689	-0.305611	-0.073907	0.949284	-0.502578	0.859308	-0.094898	-0.808713	-0.506091	-0.299758
48606	9.224315	-1.122642	-3.055524	0.016333	-0.022997	0.003163	-0.305870	-0.073984	0.949194	-0.502853	0.859127	-0.095076	-0.808445	-0.506386	-0.299984
48607	9.274549	-1.160362	-3.028921	0.035752	-0.023604	-0.002968	-0.306085	-0.074106	0.949115	-0.503162	0.858932	-0.095202	-0.808171	-0.506699	-0.300194
48608	9.246993	-1.201921	-3.035169	0.064281	-0.027030	-0.007657	-0.306314	-0.074244	0.949031	-0.503655	0.858622	-0.095391	-0.807777	-0.507204	-0.300401
48609	9.244716	-1.210607	-2.960157	0.088578	-0.032224	-0.015014	-0.306538	-0.074514	0.948937	-0.504428	0.858150	-0.095562	-0.807209	-0.507964	-0.300642
48610	9.282922	-1.210070	-2.945378	0.112865	-0.030221	-0.020906	-0.306727	-0.074779	0.948855	-0.505351	0.857583	-0.095774	-0.806560	-0.508881	-0.300833
48611	9.307689	-1.230144	-2.932739	0.132799	-0.036834	-0.020860	-0.306958	-0.075123	0.948753	-0.506496	0.856879	-0.096023	-0.805753	-0.510015	-0.301076
48612	9.335061	-1.132477	-2.940148	0.147752	-0.035982	-0.027798	-0.307179	-0.075503	0.948652	-0.507826	0.856060	-0.096303	-0.804832	-0.511332	-0.301306
48613	9.334265	-1.108272	-2.908445	0.147831	-0.035933	-0.027857	-0.307366	-0.075903	0.948559	-0.509111	0.855270	-0.096532	-0.803947	-0.512593	-0.301524
48614	9.321353	-1.071510	-2.922509	0.147594	-0.037990	-0.024576	-0.307613	-0.076298	0.948448	-0.510538	0.854383	-0.096853	-0.802948	-0.514012	-0.301772
48615	9.307017	-1.067682	-2.893379	0.136087	-0.040802	-0.023324	-0.307861	-0.076685	0.948336	-0.511713	0.853653	-0.097090	-0.802104	-0.515166	-0.302047
48616	9.293895	-1.030849	-2.908194	0.125347	-0.042247	-0.020570	-0.308142	-0.077008	0.948218	-0.512720	0.853019	-0.097342	-0.801353	-0.516166	-0.302335
48617	9.325712	-1.024292	-2.917473	0.112151	-0.044053	-0.016485	-0.308451	-0.077354	0.948090	-0.513681	0.852415	-0.097572	-0.800619	-0.517112	-0.302663
48618	9.318463	-0.993595	-2.910176	0.097071	-0.045428	-0.013441	-0.308852	-0.077659	0.947934	-0.514575	0.851841	-0.097870	-0.799889	-0.518011	-0.303055
48619	9.369644	-0.998694	-2.928476	0.077140	-0.044119	-0.012062	-0.309183	-0.077969	0.947801	-0.515240	0.851420	-0.098037	-0.799333	-0.518657	-0.303418
48620	9.374553	-0.979731	-2.875959	0.061200	-0.044999	-0.007586	-0.309556	-0.078244	0.947657	-0.515860	0.851021	-0.098243	-0.798789	-0.519270	-0.303801
48621	9.359945	-1.027304	-2.914553	0.055809	-0.043087	-0.006903	-0.309904	-0.078504	0.947521	-0.516338	0.850713	-0.098394	-0.798344	-0.519734	-0.304175
48622	9.364861	-1.060649	-2.928301	0.042821	-0.040936	-0.003222	-0.310282	-0.078705	0.947381	-0.516753	0.850439	-0.098593	-0.797930	-0.520153	-0.304547
48623	9.343094	-1.108255	-2.912482	0.040696	-0.039191	-0.005258	-0.310608	-0.078932	0.947255	-0.517105	0.850211	-0.098715	-0.797575	-0.520492	-0.304898
48624	9.322576	-1.097084	-2.907040	0.043884	-0.035553	-0.002224	-0.310974	-0.079087	0.947122	-0.517512	0.849936	-0.098946	-0.797168	-0.520917	-0.305236
48625	9.276457	-1.094401	-2.948665	0.054668	-0.032156	-0.002194	-0.311259	-0.079252	0.947015	-0.517966	0.849637	-0.099140	-0.796761	-0.521380	-0.305507
48626	9.293906	-1.140571	-2.915658	0.067908	-0.033690	-0.002055	-0.311568	-0.079433	0.946898	-0.518664	0.849177	-0.099426	-0.796187	-0.522100	-0.305776
48627	9.286892	-1.136072	-2.940576	0.074473	-0.028714	-0.008974	-0.311791	-0.079638	0.946808	-0.519296	0.848769	-0.099616	-0.795687	-0.522733	-0.305994
48628	9.279891	-1.131343	-2.965511	0.081319	-0.035611	-0.012035	-0.312140	-0.079846	0.946675	-0.519952	0.848335	-0.099888	-0.795122	-0.523404	-0.306315
48629	9.344671	-1.116182	-2.981248	0.087285	-0.034803	-0.012261	-0.312393	-0.080111	0.946569	-0.520695	0.847856	-0.100087	-0.794536	-0.524140	-0.306577
48630	9.330541	-1.111482	-2.952143	0.094655	-0.033724	-0.016275	-0.312649	-0.080430	0.946457	-0.521718	0.847196	-0.100348	-0.793764	-0.525157	-0.306837
48631	9.349245	-1.098405	-2.929883	0.094436	-0.037688	-0.015827	-0.312906	-0.080740	0.946346	-0.522528	0.846674	-0.100536	-0.793130	-0.525950	-0.307119
48632	9.360711	-1.111819	-2.886674	0.092241	-0.037415	-0.010664	-0.313186	-0.081074	0.946225	-0.523626	0.845961	-0.100829	-0.792294	-0.527046	-0.307395
48633	9.386370	-1.099480	-2.918680	0.086232	-0.034383	-0.004712	-0.313474	-0.081274	0.946112	-0.524335	0.845489	-0.101098	-0.791711	-0.527771	-0.307654
48634	9.340383	-1.071288	-2.926685	0.079200	-0.028069	-0.005544	-0.313707	-0.081452	0.946020	-0.525105	0.844978	-0.101376	-0.791108	-0.528563	-0.307847
48635	9.372724	-1.038446	-2.901927	0.071233	-0.017429	0.000792	-0.313890	-0.081517	0.945954	-0.525678	0.844589	-0.101651	-0.790655	-0.529174	-0.307959
48636	9.353540	-1.022973	-2.971265	0.056273	-0.012962	0.006362	-0.314069	-0.081505	0.945895	-0.526194	0.844229	-0.101969	-0.790241	-0.529749	-0.308033
48637	9.321518	-0.974502	-2.975846	0.034538	-0.000131	0.007766	-0.314151	-0.081418	0.945875	-0.526453	0.844039	-0.102197	-0.790035	-0.530065	-0.308019
48638	9.270067	-0.940347	-3.004409	0.010598	0.002401	0.017291	-0.314296	-0.081182	0.945847	-0.526432	0.844018	-0.102486	-0.789992	-0.530135	-0.308008
48639	9.290364	-0.922143	-3.056614	-0.013830	0.005618	0.021983	-0.314408	-0.080946	0.945830	-0.526265	0.844096	-0.102699	-0.790059	-0.530047	-0.307990
48640	9.285029	-0.885501	-3.123295	-0.040657	0.006579	0.025130	-0.314543	-0.080668	0.945809	-0.525952	0.844266	-0.102906	-0.790213	-0.529819	-0.307985
48641	9.284977	-0.886419	-3.123189	-0.065321	0.005827	0.030292	-0.314697	-0.080360	0.945784	-0.525352	0.844623	-0.103039	-0.790551	-0.529296	-0.308018
48642	9.272514	-0.875229	-3.168767	-0.089195	0.011756	0.035454	-0.314914	-0.079940	0.945748	-0.524580	0.845078	-0.103243	-0.790977	-0.528633	-0.308062
48643	9.278422	-0.908069	-3.179083	-0.111614	0.002123	0.041185	-0.315154	-0.079559	0.945700	-0.523579	0.845687	-0.103337	-0.791545	-0.527715	-0.308177
48644	9.290647	-0.920307	-3.133915	-0.128706	0.010263	0.047572	-0.315401	-0.079102	0.945656	-0.522602	0.846270	-0.103513	-0.792092	-0.526850	-0.308253
48645	9.257620	-0.928790	-3.127579	-0.142702	0.007081	0.050254	-0.315648	-0.078617	0.945614	-0.521324	0.847047	-0.103597	-0.792835	-0.525672	-0.308354
48646	9.238053	-0.890510	-3.087106	-0.161032	0.000619	0.057527	-0.316038	-0.078064	0.945530	-0.519869	0.847921	-0.103758	-0.793635	-0.524343	-0.308558
48647	9.230515	-0.890937	-3.034458	-0.180166	-0.000024	0.064730	-0.316415	-0.077493	0.945450	-0.518245	0.848902	-0.103862	-0.794546	-0.522839	-0.308765
48648	9.202976	-0.931877	-3.039804	-0.194343	-0.001847	0.066368	-0.316891	-0.076875	0.945341	-0.516506	0.849942	-0.104023	-0.795488	-0.521238	-0.309045
48649	9.234025	-0.956515	-3.004951	-0.203915	-0.005044	0.068677	-0.317326	-0.076295	0.945242	-0.514677	0.851042	-0.104090	-0.796500	-0.519525	-0.309325
48650	9.298111	-0.946898	-2.944049	-0.210207	-0.008398	0.068242	-0.317867	-0.075664	0.945111	-0.512708	0.852215	-0.104212	-0.797553	-0.517692	-0.309685
48651	9.341849	-1.003594	-2.974531	-0.217873	-0.006727	0.070147	-0.318321	-0.075078	0.945005	-0.510759	0.853380	-0.104248	-0.798622	-0.515854	-0.309996
48652	9.380029	-1.001630	-2.961312	-0.222233	-0.007102	0.066430	-0.318813	-0.074413	0.944892	-0.508544	0.854698	-0.104276	-0.799838	-0.513764	-0.310331
48653	9.364473	-1.054697	-2.922629	-0.228031	-0.003976	0.072259	-0.319252	-0.073793	0.944792	-0.506501	0.855908	-0.104300	-0.800959	-0.511836	-0.310626
48654	9.356730	-1.055893	-2.870772	-0.227115	0.006565	0.077988	-0.319644	-0.073094	0.944714	-0.504608	0.857010	-0.104426	-0.801996	-0.510090	-0.310822
48655	9.348705	-1.083573	-2.851868	-0.225087	0.008108	0.081789	-0.320032	-0.072329	0.944642	-0.502552	0.858202	-0.104547	-0.803132	-0.508191	-0.311001
48656	9.354297	-1.091558	-2.830508	-0.223871	0.015451	0.085606	-0.320416	-0.071455	0.944578	-0.500481	0.859386	-0.104760	-0.804271	-0.506310	-0.311123
48657	9.353801	-1.093327	-2.831464	-0.220211	0.015960	0.086608	-0.320761	-0.070607	0.944525	-0.498443	0.860547	-0.104942	-0.805398	-0.504453	-0.311224
48658	9.295504	-1.058848	-2.805614	-0.216253	0.023872	0.082922	-0.321091	-0.069738	0.944477	-0.496539	0.861618	-0.105187	-0.806443	-0.502744	-0.311285
48659	9.353656	-1.071472	-2.798321	-0.216655	0.025048	0.088045	-0.321365	-0.068830	0.944450	-0.494520	0.862753	-0.105393	-0.807573	-0.500919	-0.311297
48660	9.302617	-1.035754	-2.825853	-0.217784	0.026431	0.084501	-0.321671	-0.067903	0.944413	-0.492493	0.863882	-0.105633	-0.808689	-0.499096	-0.311328
48661	9.309557	-1.035956	-2.879715	-0.219229	0.027560	0.087167	-0.321917	-0.066989	0.944395	-0.490451	0.865020	-0.105822	-0.809831	-0.497246	-0.311320
48662	9.303281	-1.030746	-2.902295	-0.229472	0.023114	0.087818	-0.322298	-0.066008	0.944334	-0.488216	0.866252	-0.106077	-0.811030	-0.495227	-0.311418
48663	9.276625	-1.063643	-2.984245	-0.236509	0.022231	0.091558	-0.322605	-0.065081	0.944294	-0.486014	0.867468	-0.106254	-0.812230	-0.493218	-0.311479
48664	9.224504	-1.077245	-3.080263	-0.235535	0.018404	0.094248	-0.322963	-0.064152	0.944235	-0.483907	0.868615	-0.106500	-0.813344	-0.491317	-0.311574
48665	9.203577	-1.116557	-3.140752	-0.229210	0.008892	0.090435	-0.323368	-0.063298	0.944154	-0.481761	0.869784	-0.106688	-0.814456	-0.489356	-0.311755
48666	9.196086	-1.135666	-3.199511	-0.221874	0.001243	0.091988	-0.323913	-0.062372	0.944029	-0.479504	0.870994	-0.106980	-0.815571	-0.487318	-0.312035
48667	9.169799	-1.117699	-3.215484	-0.209958	-0.000971	0.085792	-0.324372	-0.061605	0.943921	-0.477525	0.872056	-0.107183	-0.816549	-0.485514	-0.312289
48668	9.129043	-1.144458	-3.268586	-0.196266	-0.007157	0.084900	-0.324944	-0.060813	0.943776	-0.475593	0.873074	-0.107490	-0.817449	-0.483781	-0.312622
48669	9.153687	-1.140380	-3.223851	-0.186556	-0.011059	0.080966	-0.325459	-0.060135	0.943642	-0.473816	0.874011	-0.107720	-0.818275	-0.482171	-0.312948
48670	9.132448	-1.154459	-3.252507	-0.171312	-0.018292	0.077299	-0.326063	-0.059504	0.943474	-0.472223	0.874835	-0.108025	-0.818956	-0.480753	-0.313350
48671	9.103188	-1.195866	-3.262016	-0.151052	-0.026215	0.072020	-0.326658	-0.058975	0.943301	-0.470763	0.875590	-0.108280	-0.819559	-0.479442	-0.313781
48672	9.174251	-1.164963	-3.221870	-0.134533	-0.027658	0.073390	-0.327346	-0.058321	0.943103	-0.469198	0.876383	-0.108661	-0.820182	-0.478071	-0.314244
48673	9.160404	-1.152630	-3.270882	-0.123326	-0.028953	0.072542	-0.327964	-0.057798	0.942920	-0.467961	0.877001	-0.109007	-0.820642	-0.477000	-0.314672
48674	9.187132	-1.090918	-3.234836	-0.120613	-0.031747	0.069231	-0.328649	-0.057285	0.942713	-0.466768	0.877588	-0.109397	-0.821047	-0.475982	-0.315157
48675	9.179341	-1.085705	-3.261452	-0.116815	-0.031057	0.064173	-0.329244	-0.056844	0.942532	-0.465610	0.878167	-0.109684	-0.821466	-0.474965	-0.315598
48676	9.166309	-1.048230	-3.276065	-0.118101	-0.035006	0.062022	-0.329959	-0.056304	0.942315	-0.464170	0.878887	-0.110019	-0.821994	-0.473696	-0.316131
48677	9.217546	-1.030052	-3.261393	-0.122274	-0.032958	0.065120	-0.330572	-0.055862	0.942126	-0.462962	0.879489	-0.110295	-0.822428	-0.472629	-0.316596
48678	9.195690	-1.044021	-3.291462	-0.131526	-0.041020	0.062346	-0.331325	-0.055487	0.941884	-0.461821	0.880050	-0.110610	-0.822767	-0.471629	-0.317208
48679	9.187673	-1.037772	-3.318882	-0.135139	-0.038134	0.063106	-0.331971	-0.055086	0.941680	-0.460512	0.880708	-0.110825	-0.823240	-0.470445	-0.317737
48680	9.176886	-1.077462	-3.228162	-0.140383	-0.041383	0.065006	-0.332728	-0.054691	0.941436	-0.459287	0.881309	-0.111126	-0.823618	-0.469364	-0.318355
48681	9.159817	-1.122862	-3.271401	-0.137965	-0.046328	0.064932	-0.333448	-0.054311	0.941203	-0.457947	0.881979	-0.111347	-0.824074	-0.468149	-0.318966
48682	9.157514	-1.124238	-3.277370	-0.129996	-0.051135	0.060909	-0.334228	-0.053937	0.940948	-0.456620	0.882634	-0.111599	-0.824494	-0.466955	-0.319630
48683	9.153288	-1.160821	-3.241950	-0.116475	-0.053992	0.055869	-0.334969	-0.053670	0.940699	-0.455485	0.883195	-0.111802	-0.824821	-0.465925	-0.320289
48684	9.170911	-1.150343	-3.223036	-0.105635	-0.059345	0.055357	-0.335796	-0.053467	0.940416	-0.454627	0.883600	-0.112097	-0.824958	-0.465180	-0.321017
48685	9.143174	-1.132365	-3.242679	-0.086614	-0.063769	0.053479	-0.336605	-0.053266	0.940138	-0.453745	0.884018	-0.112372	-0.825114	-0.464408	-0.321734
48686	9.148377	-1.107087	-3.268797	-0.077623	-0.066808	0.054848	-0.337465	-0.053046	0.939842	-0.452944	0.884384	-0.112721	-0.825203	-0.463735	-0.322475
48687	9.158967	-1.101504	-3.196369	-0.068890	-0.068519	0.055293	-0.338321	-0.052849	0.939546	-0.452201	0.884720	-0.113068	-0.825260	-0.463117	-0.323217
48688	9.159875	-1.160198	-3.250767	-0.053821	-0.068788	0.053321	-0.339248	-0.052639	0.939223	-0.451595	0.884972	-0.113518	-0.825211	-0.462659	-0.323996
48689	9.174120	-1.084482	-3.261201	-0.045883	-0.070012	0.055169	-0.340115	-0.052449	0.938920	-0.451041	0.885201	-0.113938	-0.825157	-0.462243	-0.324727
48690	9.185250	-1.068439	-3.265229	-0.044306	-0.074493	0.056503	-0.341081	-0.052194	0.938584	-0.450369	0.885480	-0.114423	-0.825125	-0.461737	-0.325527
48691	9.187103	-1.104008	-3.284998	-0.047129	-0.070308	0.058845	-0.341966	-0.051971	0.938274	-0.449791	0.885716	-0.114872	-0.825074	-0.461310	-0.326261
48692	9.173038	-1.068054	-3.301945	-0.053754	-0.077513	0.058616	-0.342959	-0.051714	0.937926	-0.449040	0.886036	-0.115342	-0.825071	-0.460724	-0.327096
48693	9.190203	-1.060201	-3.284132	-0.053658	-0.073870	0.064450	-0.343898	-0.051457	0.937596	-0.448388	0.886303	-0.115821	-0.825035	-0.460238	-0.327871
48694	9.161909	-1.044111	-3.304396	-0.058163	-0.079419	0.062023	-0.344895	-0.051257	0.937241	-0.447796	0.886540	-0.116299	-0.824940	-0.459803	-0.328716
48695	9.164802	-1.055862	-3.290175	-0.071804	-0.080419	0.067321	-0.345900	-0.051004	0.936884	-0.446983	0.886892	-0.116745	-0.824960	-0.459153	-0.329573
48696	9.235332	-1.028854	-3.254214	-0.079367	-0.078646	0.069279	-0.346947	-0.050625	0.936517	-0.445896	0.887376	-0.117221	-0.825109	-0.458258	-0.330446
48697	9.294846	-1.089020	-3.192454	-0.079493	-0.070163	0.070047	-0.347879	-0.050298	0.936189	-0.445008	0.887763	-0.117664	-0.825196	-0.457545	-0.331217
48698	9.324944	-1.097874	-3.129595	-0.075334	-0.058294	0.076456	-0.348774	-0.049816	0.935882	-0.444073	0.888158	-0.118216	-0.825322	-0.456830	-0.331888
48699	9.259014	-1.185740	-3.093967	-0.081143	-0.052000	0.094423	-0.349662	-0.049188	0.935584	-0.443085	0.888562	-0.118881	-0.825477	-0.456112	-0.332491
48700	9.352775	-1.126374	-2.994858	-0.065503	-0.040882	0.087684	-0.350479	-0.048478	0.935315	-0.442071	0.888974	-0.119575	-0.825674	-0.455384	-0.332998
48701	9.387227	-1.078393	-2.935385	-0.083604	-0.026427	0.101935	-0.351188	-0.047666	0.935091	-0.441035	0.889391	-0.120301	-0.825927	-0.454656	-0.333365
48702	9.293691	-1.182827	-3.054825	-0.085019	-0.000923	0.111934	-0.351770	-0.046546	0.934928	-0.439742	0.889916	-0.121149	-0.826368	-0.453744	-0.333514
48703	9.382658	-0.924910	-2.848589	-0.095784	0.000807	0.132714	-0.352387	-0.045335	0.934756	-0.438495	0.890398	-0.122122	-0.826768	-0.452919	-0.333644
48704	9.310090	-1.019555	-2.940639	-0.130588	0.023288	0.139612	-0.352948	-0.043903	0.934612	-0.436869	0.891059	-0.123122	-0.827389	-0.451759	-0.333677
48705	9.265369	-1.201507	-2.990454	-0.129115	0.049873	0.136025	-0.353169	-0.042439	0.934597	-0.435332	0.891688	-0.124014	-0.828105	-0.450657	-0.333391
48706	9.461696	-0.853414	-2.692116	-0.123375	0.070992	0.143395	-0.353271	-0.040735	0.934634	-0.433663	0.892360	-0.125023	-0.828937	-0.449483	-0.332910
48707	9.474871	-0.776733	-2.710118	-0.170504	0.094433	0.160891	-0.353224	-0.038848	0.934732	-0.431692	0.893176	-0.126011	-0.829985	-0.448026	-0.332261
48708	9.383649	-0.803913	-2.735636	-0.246438	0.132563	0.174283	-0.352994	-0.036744	0.934904	-0.429304	0.894194	-0.126949	-0.831321	-0.446170	-0.331419
48709	9.246428	-1.194698	-2.939862	-0.282460	0.145772	0.186057	-0.352617	-0.034404	0.935135	-0.426308	0.895504	-0.127805	-0.833020	-0.443722	-0.330436
48710	9.502021	-0.796580	-2.652233	-0.310434	0.159497	0.202541	-0.352234	-0.031816	0.935371	-0.422971	0.896947	-0.128770	-0.834881	-0.440992	-0.329392
48711	9.085985	-1.143423	-2.954407	-0.388527	0.176551	0.211413	-0.351688	-0.029115	0.935665	-0.418991	0.898705	-0.129521	-0.837115	-0.437586	-0.328262
48712	9.198852	-1.330454	-2.935719	-0.350504	0.148266	0.218737	-0.351445	-0.026368	0.935837	-0.415080	0.900375	-0.130511	-0.839163	-0.434315	-0.327378
48713	9.385121	-1.323645	-2.778923	-0.392379	0.168964	0.233377	-0.351030	-0.023507	0.936069	-0.410976	0.902118	-0.131463	-0.841354	-0.430849	-0.326331
48714	9.427560	-1.557905	-2.896134	-0.433478	0.182209	0.244676	-0.350477	-0.020365	0.936350	-0.406189	0.904150	-0.132373	-0.843905	-0.426729	-0.325156
48715	9.165886	-1.980988	-3.230406	-0.371900	0.172518	0.226320	-0.349974	-0.017555	0.936595	-0.402266	0.905761	-0.133336	-0.845991	-0.423425	-0.324055
48716	9.264164	-2.076070	-3.173257	-0.312748	0.172557	0.223232	-0.349464	-0.014647	0.936835	-0.398573	0.907222	-0.134494	-0.847947	-0.420398	-0.322880
48717	9.554020	-1.617182	-2.905179	-0.220314	0.147968	0.231973	-0.349170	-0.011893	0.936984	-0.395905	0.908164	-0.136008	-0.849317	-0.418446	-0.321812
48718	9.427393	-1.812376	-2.909013	-0.264283	0.190913	0.238638	-0.348569	-0.008754	0.937242	-0.392527	0.909406	-0.137490	-0.851130	-0.415818	-0.320427
48719	9.319487	-2.102143	-3.120066	-0.191393	0.186698	0.249589	-0.347994	-0.005680	0.937479	-0.390039	0.910205	-0.139269	-0.852508	-0.414119	-0.318962
48720	9.276677	-1.717930	-2.787955	-0.175845	0.182901	0.275361	-0.347548	-0.002268	0.937659	-0.387346	0.911031	-0.141369	-0.853916	-0.412331	-0.317506
48721	9.238089	-1.660921	-2.703380	-0.250134	0.205368	0.301713	-0.346996	0.001356	0.937866	-0.384173	0.912048	-0.143457	-0.855573	-0.410081	-0.315956
48722	9.149419	-1.834063	-3.087908	-0.183758	0.172884	0.293228	-0.346650	0.004946	0.937982	-0.381194	0.912943	-0.145692	-0.857044	-0.408057	-0.314586
48723	9.116590	-1.479912	-3.068069	-0.230047	0.174964	0.304996	-0.346346	0.008474	0.938069	-0.378176	0.913845	-0.147882	-0.858503	-0.405974	-0.313302
48724	8.652152	-1.829308	-3.691774	-0.270383	0.159783	0.299627	-0.346108	0.012089	0.938117	-0.374372	0.915080	-0.149913	-0.860264	-0.403091	-0.312190
48725	8.838049	-1.558135	-3.520302	-0.243171	0.086140	0.291995	-0.346493	0.015139	0.937930	-0.371280	0.916004	-0.151944	-0.861449	-0.400882	-0.311769
48726	8.890240	-1.438258	-3.469676	-0.246231	0.053340	0.274278	-0.347032	0.018087	0.937679	-0.367781	0.917105	-0.153805	-0.862732	-0.398235	-0.311613
48727	8.999085	-1.503235	-3.379565	-0.233876	0.054002	0.253014	-0.347531	0.020653	0.937441	-0.364895	0.917971	-0.155499	-0.863755	-0.396108	-0.311488
48728	9.027423	-1.576525	-3.246824	-0.216523	0.068933	0.229417	-0.347699	0.023288	0.937317	-0.361707	0.918976	-0.157008	-0.865028	-0.393626	-0.311104
48729	8.984048	-1.824314	-3.202920	-0.159508	0.089364	0.198677	-0.347681	0.025495	0.937266	-0.359648	0.919541	-0.158425	-0.865894	-0.392167	-0.310537
48730	9.017931	-1.931636	-3.192796	-0.085156	0.101166	0.171970	-0.347453	0.027645	0.937290	-0.358029	0.919925	-0.159854	-0.866655	-0.391119	-0.309734
48731	9.011559	-2.055688	-3.234699	-0.029308	0.094945	0.150445	-0.347206	0.029430	0.937327	-0.357265	0.919983	-0.161224	-0.867070	-0.390852	-0.308910
48732	9.018384	-2.207422	-3.456965	0.042170	0.067762	0.129594	-0.347062	0.031206	0.937323	-0.356521	0.920023	-0.162638	-0.867434	-0.390620	-0.308179
48733	9.008820	-2.152482	-3.554650	0.101085	0.033291	0.108062	-0.347197	0.032360	0.937234	-0.357034	0.919580	-0.164013	-0.867169	-0.391569	-0.307721
48734	8.921685	-1.988217	-3.697120	0.126391	0.002675	0.088757	-0.347476	0.033371	0.937095	-0.357499	0.919169	-0.165293	-0.866865	-0.392446	-0.307459
48735	8.802091	-1.681106	-3.662440	0.120969	-0.043980	0.058967	-0.348106	0.033770	0.936847	-0.358354	0.918661	-0.166268	-0.866259	-0.393602	-0.307689
48736	8.689990	-1.464185	-3.677503	0.107848	-0.103787	0.031886	-0.349179	0.033823	0.936445	-0.358905	0.918314	-0.166995	-0.865599	-0.394406	-0.308517
48737	8.736766	-1.376613	-3.712170	0.094517	-0.172070	0.003803	-0.350719	0.033209	0.935892	-0.359721	0.917925	-0.167374	-0.864637	-0.395361	-0.309988
48738	8.642462	-1.250325	-3.815053	0.069108	-0.232399	-0.016012	-0.352673	0.032396	0.935186	-0.359874	0.917840	-0.167510	-0.863778	-0.395626	-0.312039
48739	8.493411	-1.314279	-3.889782	0.056062	-0.306818	-0.048287	-0.355185	0.030769	0.934289	-0.360540	0.917620	-0.167285	-0.862470	-0.396266	-0.314832
48740	9.015447	-1.632630	-3.665028	0.076460	-0.356398	-0.070477	-0.358095	0.029011	0.933234	-0.360844	0.917555	-0.166984	-0.861138	-0.396549	-0.318104
48741	8.936648	-2.040728	-3.647281	0.097580	-0.372462	-0.082643	-0.361039	0.026804	0.932166	-0.361991	0.917178	-0.166576	-0.859426	-0.397576	-0.321434
48742	8.937542	-2.236649	-3.580170	0.155430	-0.406539	-0.080254	-0.364242	0.024798	0.930974	-0.362894	0.916852	-0.166403	-0.857692	-0.398455	-0.324957
48743	9.231408	-2.407732	-3.435149	0.224081	-0.411146	-0.085173	-0.367491	0.022405	0.929757	-0.365134	0.915964	-0.166394	-0.855352	-0.400634	-0.328428
48744	9.494272	-2.426782	-3.130881	0.294286	-0.385465	-0.089684	-0.370508	0.020297	0.928608	-0.367485	0.914982	-0.166623	-0.853041	-0.402985	-0.331549
48745	9.545298	-2.327760	-2.827359	0.340060	-0.340399	-0.091344	-0.373108	0.018115	0.927611	-0.370730	0.913610	-0.166958	-0.850500	-0.406187	-0.334159
48746	9.448756	-2.221026	-2.560992	0.353682	-0.300694	-0.090268	-0.375378	0.016357	0.926727	-0.373521	0.912392	-0.167402	-0.848277	-0.408991	-0.336383
48747	9.668206	-2.388125	-2.381849	0.343551	-0.261893	-0.087722	-0.377306	0.014512	0.925975	-0.376770	0.910982	-0.167799	-0.845981	-0.412191	-0.338251
48748	9.516793	-2.268586	-2.225502	0.330624	-0.222461	-0.078721	-0.378944	0.013133	0.925326	-0.379419	0.909790	-0.168294	-0.844063	-0.414860	-0.339777
48749	9.321579	-2.135284	-2.103897	0.283470	-0.192843	-0.072598	-0.380332	0.011700	0.924776	-0.382093	0.908607	-0.168638	-0.842231	-0.417489	-0.341102
48750	9.222115	-2.128637	-2.060239	0.218063	-0.172344	-0.065742	-0.381666	0.010640	0.924239	-0.383747	0.907857	-0.168920	-0.840874	-0.419145	-0.342416
48751	9.111221	-2.102828	-2.060405	0.136309	-0.168227	-0.055112	-0.382907	0.009463	0.923739	-0.385111	0.907277	-0.168930	-0.839686	-0.420426	-0.343758
48752	9.041553	-2.150555	-2.185919	0.056698	-0.168881	-0.050563	-0.384203	0.008645	0.923208	-0.385162	0.907283	-0.168785	-0.839070	-0.420432	-0.345251
48753	8.984490	-2.132668	-2.371415	-0.012486	-0.175408	-0.046523	-0.385534	0.007515	0.922663	-0.385244	0.907326	-0.168364	-0.838422	-0.420360	-0.346910
48754	8.901539	-2.130919	-2.696350	-0.078939	-0.196352	-0.038877	-0.387093	0.006638	0.922017	-0.384214	0.907859	-0.167842	-0.838176	-0.419222	-0.348876
48755	8.890400	-2.056651	-3.042157	-0.123576	-0.222000	-0.047983	-0.388808	0.005303	0.921304	-0.383372	0.908367	-0.167018	-0.837768	-0.418140	-0.351147
48756	8.878150	-1.925886	-3.341229	-0.149592	-0.252817	-0.059113	-0.390789	0.003927	0.920472	-0.382040	0.909101	-0.166075	-0.837454	-0.416557	-0.353767
48757	8.845035	-1.848259	-3.606180	-0.158381	-0.275825	-0.072545	-0.392860	0.002151	0.919596	-0.381005	0.909750	-0.164897	-0.836956	-0.415152	-0.356585
48758	8.847044	-1.740612	-3.843763	-0.153185	-0.292521	-0.088564	-0.395098	0.000249	0.918639	-0.379989	0.910394	-0.163677	-0.836364	-0.413741	-0.359601
48759	8.785170	-1.704415	-3.930443	-0.138038	-0.300777	-0.103982	-0.397256	-0.001910	0.917706	-0.379254	0.910952	-0.162275	-0.835676	-0.412508	-0.362606
48760	8.993622	-1.682772	-3.937588	-0.105530	-0.306129	-0.116843	-0.399532	-0.004069	0.916710	-0.378644	0.911435	-0.160980	-0.834867	-0.411424	-0.365688
48761	9.164186	-1.673232	-3.883607	-0.075986	-0.289960	-0.113906	-0.401559	-0.006269	0.915812	-0.378473	0.911730	-0.159709	-0.833972	-0.410742	-0.368485
48762	9.297757	-1.608092	-3.792554	-0.054016	-0.268730	-0.106792	-0.403500	-0.008065	0.914944	-0.378002	0.912108	-0.158663	-0.833248	-0.409871	-0.371084
48763	9.302114	-1.530542	-3.709559	-0.045064	-0.243747	-0.100554	-0.405189	-0.009950	0.914179	-0.378039	0.912272	-0.157628	-0.832411	-0.409465	-0.373404
48764	9.294523	-1.503749	-3.642203	-0.055743	-0.225462	-0.091537	-0.406801	-0.011462	0.913445	-0.377562	0.912630	-0.156695	-0.831841	-0.408626	-0.375587
48765	9.247958	-1.473708	-3.587429	-0.075951	-0.211235	-0.089360	-0.408259	-0.013109	0.912772	-0.377300	0.912918	-0.155645	-0.831246	-0.407933	-0.377653
48766	9.244093	-1.477804	-3.532649	-0.106795	-0.210200	-0.085340	-0.409765	-0.014466	0.912076	-0.376309	0.913509	-0.154574	-0.830954	-0.406561	-0.379767
48767	9.264420	-1.434458	-3.493082	-0.149155	-0.206845	-0.078887	-0.411225	-0.015995	0.911393	-0.375399	0.914091	-0.153340	-0.830644	-0.405193	-0.381902
48768	9.177969	-1.330198	-3.477649	-0.210759	-0.216336	-0.073855	-0.412935	-0.017429	0.910594	-0.373900	0.914922	-0.152043	-0.830472	-0.403255	-0.384320
48769	9.220045	-1.275172	-3.415809	-0.279236	-0.228704	-0.061896	-0.414642	-0.018884	0.909789	-0.371842	0.916022	-0.150456	-0.830546	-0.400683	-0.386843
48770	9.241390	-1.282276	-3.265432	-0.334929	-0.234605	-0.055019	-0.416470	-0.019990	0.908930	-0.368721	0.917558	-0.148767	-0.831022	-0.397099	-0.389506
48771	9.383207	-1.383128	-3.142245	-0.384195	-0.242745	-0.046684	-0.418354	-0.021346	0.908033	-0.365727	0.919057	-0.146894	-0.831398	-0.393546	-0.392298
48772	9.481057	-1.418535	-3.004521	-0.414278	-0.233974	-0.046957	-0.420191	-0.022260	0.907163	-0.361725	0.920948	-0.144950	-0.832223	-0.389050	-0.395026
48773	9.585845	-1.477689	-2.935739	-0.443105	-0.214234	-0.052847	-0.421822	-0.023544	0.906373	-0.358263	0.922640	-0.142768	-0.832895	-0.384942	-0.397625
48774	9.555323	-1.500507	-2.803652	-0.469522	-0.195215	-0.047840	-0.423400	-0.024419	0.905613	-0.354067	0.924590	-0.140606	-0.833887	-0.380181	-0.400118
48775	9.470154	-1.622320	-2.753599	-0.493417	-0.168945	-0.042043	-0.424700	-0.025414	0.904977	-0.350133	0.926434	-0.138298	-0.834887	-0.375598	-0.402355
48776	9.393364	-1.607752	-2.781403	-0.513176	-0.148303	-0.035594	-0.425937	-0.025991	0.904379	-0.345562	0.928479	-0.136066	-0.836160	-0.370475	-0.404455
48777	9.336824	-1.635755	-2.834923	-0.531503	-0.128598	-0.031973	-0.426941	-0.026728	0.903884	-0.341255	0.930417	-0.133676	-0.837417	-0.365527	-0.406354
48778	9.294417	-1.723328	-2.807569	-0.546327	-0.114622	-0.020247	-0.427903	-0.027148	0.903417	-0.336554	0.932453	-0.131388	-0.838827	-0.360270	-0.408136
48779	9.238430	-1.751546	-2.859553	-0.542780	-0.102960	-0.020090	-0.428737	-0.027670	0.903006	-0.332087	0.934380	-0.129040	-0.840180	-0.355201	-0.409792
48780	9.160079	-1.746427	-2.828594	-0.549470	-0.089168	-0.014990	-0.429520	-0.027877	0.902627	-0.327220	0.936404	-0.126789	-0.841689	-0.349816	-0.411326
48781	9.078109	-1.681874	-2.908434	-0.571348	-0.078701	-0.011488	-0.430182	-0.028224	0.902301	-0.322460	0.938375	-0.124384	-0.843186	-0.344464	-0.412774
48782	8.997501	-1.495570	-2.954454	-0.608289	-0.079141	-0.017129	-0.430837	-0.028450	0.901981	-0.317160	0.940514	-0.121828	-0.844860	-0.338561	-0.414232
48783	8.950628	-1.450030	-3.057318	-0.644565	-0.076246	-0.028168	-0.431430	-0.028936	0.901682	-0.311835	0.942661	-0.118953	-0.846539	-0.332496	-0.415715
48784	8.891010	-1.411372	-3.073472	-0.658489	-0.078793	-0.042065	-0.432001	-0.029390	0.901394	-0.306226	0.944870	-0.115954	-0.848293	-0.326123	-0.417185
48785	8.734387	-1.500785	-3.154023	-0.672167	-0.079639	-0.052984	-0.432552	-0.030113	0.901106	-0.300752	0.947018	-0.112721	-0.849969	-0.319767	-0.418691
48786	8.855980	-1.706917	-3.169696	-0.654827	-0.098552	-0.061134	-0.433264	-0.030897	0.900737	-0.295431	0.949062	-0.109551	-0.851471	-0.313570	-0.420322
48787	8.763400	-1.945212	-3.127442	-0.631118	-0.093354	-0.056340	-0.433930	-0.031686	0.900389	-0.290301	0.950997	-0.106440	-0.852895	-0.307571	-0.421865
48788	8.841616	-2.238218	-3.180760	-0.573680	-0.098979	-0.055102	-0.434659	-0.032404	0.900012	-0.285659	0.952709	-0.103657	-0.854091	-0.302152	-0.423359
48789	8.990951	-2.500412	-3.214285	-0.505343	-0.089032	-0.049954	-0.435313	-0.033110	0.899670	-0.281562	0.954200	-0.101119	-0.855117	-0.297332	-0.424698
48790	9.158744	-2.691651	-3.331370	-0.434869	-0.076433	-0.060170	-0.435833	-0.033839	0.899391	-0.278192	0.955424	-0.098861	-0.855955	-0.293290	-0.425819
48791	9.420257	-2.836434	-3.544677	-0.358310	-0.067012	-0.074033	-0.436237	-0.034705	0.899163	-0.275451	0.956437	-0.096722	-0.856636	-0.289869	-0.426792
48792	9.547314	-2.825913	-3.792190	-0.284353	-0.054208	-0.090240	-0.436472	-0.035649	0.899011	-0.273496	0.957188	-0.094827	-0.857142	-0.287265	-0.427535
48793	9.587474	-2.676309	-4.040772	-0.201121	-0.055794	-0.116832	-0.436666	-0.036890	0.898867	-0.272286	0.957714	-0.092970	-0.857428	-0.285346	-0.428246
48794	9.606566	-2.339303	-4.196564	-0.126038	-0.051277	-0.143452	-0.436735	-0.038371	0.898771	-0.272007	0.957956	-0.091277	-0.857482	-0.284336	-0.428810
48795	9.508177	-1.867864	-4.253129	-0.057442	-0.040765	-0.163877	-0.436673	-0.040019	0.898730	-0.272235	0.958049	-0.089613	-0.857441	-0.283797	-0.429249
48796	9.395263	-1.264475	-4.162182	-0.009080	-0.029764	-0.185964	-0.436439	-0.041818	0.898762	-0.273104	0.957947	-0.088047	-0.857284	-0.283883	-0.429506
48797	9.362087	-0.669541	-4.044996	0.031990	-0.000898	-0.207803	-0.435913	-0.043774	0.898924	-0.274290	0.957761	-0.086371	-0.857173	-0.284216	-0.429507
48798	9.391481	-0.231348	-3.894203	0.035604	0.024628	-0.220578	-0.435109	-0.045738	0.899215	-0.275676	0.957513	-0.084690	-0.857136	-0.284741	-0.429231
48799	9.324787	0.154981	-3.734961	0.021048	0.060291	-0.220147	-0.434019	-0.047636	0.899644	-0.276818	0.957344	-0.082855	-0.857321	-0.284998	-0.428692
48800	9.180652	0.435982	-3.545041	-0.033018	0.101359	-0.209929	-0.432586	-0.049284	0.900245	-0.277570	0.957287	-0.080971	-0.857802	-0.284908	-0.427789
48801	9.202832	0.470613	-3.293429	-0.095907	0.133465	-0.191128	-0.430945	-0.050697	0.900953	-0.277577	0.957458	-0.078895	-0.858625	-0.284083	-0.426684
48802	9.209055	0.398338	-3.065291	-0.160502	0.176299	-0.179978	-0.428941	-0.051859	0.901843	-0.277103	0.957772	-0.076722	-0.859781	-0.282812	-0.425198
48803	9.457108	0.215801	-2.782862	-0.230766	0.227031	-0.167200	-0.426560	-0.052784	0.902918	-0.275838	0.958329	-0.074289	-0.861371	-0.280747	-0.423345
48804	9.891560	-0.050057	-2.494986	-0.274338	0.315435	-0.145849	-0.423453	-0.053240	0.904352	-0.274218	0.958973	-0.071944	-0.863419	-0.278454	-0.420679
48805	9.851007	-0.417104	-2.312434	-0.294993	0.417147	-0.124507	-0.419540	-0.053240	0.906174	-0.272198	0.959718	-0.069636	-0.865964	-0.275874	-0.417132
48806	9.871072	-0.712278	-2.100781	-0.287584	0.502848	-0.109992	-0.414888	-0.052849	0.908336	-0.270288	0.960405	-0.067577	-0.868799	-0.273549	-0.412745
48807	9.727095	-0.925039	-1.948371	-0.268082	0.583425	-0.081142	-0.409626	-0.052001	0.910770	-0.268296	0.961087	-0.065795	-0.871908	-0.271307	-0.407638
