// General information: 
//  MT Manager version: 2022.2.0 
//  XDA version: 2022.2.0 build 7381 rev 124627 built on 2023-07-19
// Device information: 
//  DeviceId: 00B4CAF0
//  ProductCode: MTW2-3A7G6
//  Firmware Version: 4.6.0
//  Hardware Version: 2.0.0
// Device settings: 
//  Filter Profile: human(46.1)
//  Option Flags: Orientation Smoother Disabled, Position/Velocity Smoother Disabled, Continuous Zero Rotation Update Disabled, AHS Disabled, ICC Disabled
// Coordinate system: ENU
PacketCounter	Acc_X	Acc_Y	Acc_Z	Gyr_X	Gyr_Y	Gyr_Z	Mat[1][1]	Mat[2][1]	Mat[3][1]	Mat[1][2]	Mat[2][2]	Mat[3][2]	Mat[1][3]	Mat[2][3]	Mat[3][3]
02371	4.818057	-0.324382	9.019183	0.006457	0.002317	-0.000268	-0.864309	0.070481	0.497998	-0.091414	-0.995655	-0.017742	0.494584	-0.060859	0.866996
02372	4.836993	-0.326779	9.047907	0.003557	0.002360	0.003798	-0.864396	0.070455	0.497851	-0.091409	-0.995654	-0.017807	0.494433	-0.060901	0.867080
02373	4.871179	-0.329906	9.045527	0.005746	-0.000640	0.004224	-0.864386	0.070433	0.497872	-0.091387	-0.995656	-0.017809	0.494455	-0.060893	0.867068
02374	4.836931	-0.296841	9.009099	0.003557	0.002360	0.003798	-0.864472	0.070407	0.497725	-0.091382	-0.995655	-0.017874	0.494305	-0.060935	0.867150
02375	4.855875	-0.284646	9.018384	0.003561	0.003441	0.000581	-0.864479	0.070424	0.497712	-0.091402	-0.995654	-0.017877	0.494289	-0.060947	0.867158
02376	4.870577	-0.299647	9.007022	0.006413	0.004467	0.004044	-0.864576	0.070396	0.497547	-0.091381	-0.995655	-0.017919	0.494124	-0.060959	0.867252
02377	4.839883	-0.298026	9.069331	0.006415	0.005007	0.002436	-0.864592	0.070396	0.497519	-0.091371	-0.995656	-0.017906	0.494098	-0.060941	0.867268
02378	4.835506	-0.310271	9.029336	0.005002	0.001257	0.004984	-0.864673	0.070357	0.497383	-0.091349	-0.995657	-0.017965	0.493959	-0.060969	0.867345
02379	4.869619	-0.298873	9.007565	0.000661	0.003485	0.004647	-0.864684	0.070334	0.497368	-0.091348	-0.995656	-0.018013	0.493940	-0.061009	0.867353
02380	4.854153	-0.312790	9.058210	0.006457	0.002316	-0.000267	-0.864766	0.070348	0.497224	-0.091364	-0.995654	-0.018033	0.493794	-0.061022	0.867435
02381	4.815606	-0.321570	9.020593	0.005004	0.001798	0.003375	-0.864767	0.070336	0.497224	-0.091353	-0.995655	-0.018037	0.493795	-0.061020	0.867435
02382	4.853831	-0.297398	9.038976	0.003556	0.002360	0.003799	-0.864852	0.070310	0.497078	-0.091348	-0.995655	-0.018102	0.493646	-0.061062	0.867517
02383	4.853610	-0.297146	9.039103	0.005006	0.002338	0.001766	-0.864855	0.070314	0.497074	-0.091350	-0.995654	-0.018098	0.493641	-0.061060	0.867519
02384	4.868432	-0.312201	9.027683	0.003559	0.002901	0.002190	-0.864941	0.070304	0.496925	-0.091359	-0.995653	-0.018155	0.493488	-0.061102	0.867604
02385	4.872220	-0.284828	9.048572	0.001365	0.004820	0.004982	-0.864958	0.070278	0.496898	-0.091352	-0.995652	-0.018199	0.493459	-0.061134	0.867618
02386	4.867468	-0.296987	9.008790	0.009984	0.010068	-0.001810	-0.865076	0.070312	0.496688	-0.091363	-0.995652	-0.018180	0.493250	-0.061107	0.867738
02387	4.832233	-0.292896	9.011748	0.005638	0.011216	0.001071	-0.865122	0.070329	0.496607	-0.091369	-0.995651	-0.018168	0.493170	-0.061092	0.867785
02388	4.831077	-0.307259	9.031809	0.004892	0.012573	0.003439	-0.865256	0.070312	0.496375	-0.091360	-0.995651	-0.018219	0.492935	-0.061113	0.867917
02389	4.810707	-0.333600	9.042731	0.005638	0.011216	0.001072	-0.865301	0.070329	0.496293	-0.091366	-0.995651	-0.018207	0.492855	-0.061099	0.867964
02390	4.848406	-0.294430	9.041984	0.007118	0.006341	0.002773	-0.865404	0.070315	0.496116	-0.091352	-0.995652	-0.018236	0.492676	-0.061102	0.868065
02391	4.809478	-0.303291	9.004559	0.003521	0.006672	0.001676	-0.865428	0.070323	0.496074	-0.091363	-0.995651	-0.018244	0.492633	-0.061112	0.868089
02392	4.847351	-0.293791	9.042571	0.003561	0.003440	0.000582	-0.865514	0.070329	0.495922	-0.091385	-0.995648	-0.018293	0.492477	-0.061153	0.868174
02393	4.828013	-0.305353	9.033512	0.007193	-0.000663	0.002196	-0.865502	0.070328	0.495944	-0.091373	-0.995649	-0.018273	0.492501	-0.061131	0.868162
02394	4.862496	-0.308445	9.031011	0.002182	-0.004080	0.003646	-0.865554	0.070298	0.495857	-0.091376	-0.995647	-0.018349	0.492409	-0.061191	0.868210
02395	4.832490	-0.277565	9.054029	0.004301	0.001003	0.001433	-0.865549	0.070305	0.495864	-0.091385	-0.995647	-0.018350	0.492416	-0.061197	0.868206
02396	4.881919	-0.296163	9.040046	0.000737	-0.002977	0.002460	-0.865605	0.070289	0.495769	-0.091405	-0.995643	-0.018432	0.492313	-0.061271	0.868259
02397	4.862896	-0.293443	9.011375	0.002847	0.000486	0.005075	-0.865601	0.070259	0.495780	-0.091390	-0.995644	-0.018464	0.492323	-0.061291	0.868252
02398	4.847753	-0.263252	9.003530	0.003558	0.002900	0.002191	-0.865686	0.070248	0.495634	-0.091398	-0.995642	-0.018520	0.492173	-0.061333	0.868334
02399	4.862258	-0.293122	9.011730	0.004223	0.007467	0.003620	-0.865715	0.070238	0.495585	-0.091388	-0.995643	-0.018533	0.492124	-0.061335	0.868362
02400	4.861484	-0.307636	9.031583	0.004223	0.007466	0.003620	-0.865823	0.070216	0.495400	-0.091381	-0.995642	-0.018591	0.491936	-0.061366	0.868466
02401	4.841497	-0.334127	9.042296	0.004223	0.007466	0.003620	-0.865852	0.070205	0.495350	-0.091371	-0.995643	-0.018603	0.491886	-0.061368	0.868494
02402	4.859931	-0.307154	9.032435	0.006335	0.011469	0.004626	-0.865980	0.070175	0.495131	-0.091345	-0.995645	-0.018648	0.491666	-0.061376	0.868618
02403	4.858820	-0.306783	9.033046	0.007039	0.012803	0.004962	-0.866036	0.070154	0.495035	-0.091310	-0.995648	-0.018642	0.491572	-0.061346	0.868673
02404	4.853704	-0.348388	9.032341	0.007117	0.006339	0.002776	-0.866137	0.070140	0.494860	-0.091295	-0.995649	-0.018671	0.491398	-0.061350	0.868772
02405	4.838106	-0.317837	9.024741	0.005673	0.007442	0.001589	-0.866164	0.070149	0.494812	-0.091296	-0.995649	-0.018660	0.491350	-0.061337	0.868800
02406	4.822381	-0.302075	9.036630	0.005669	0.006903	0.003199	-0.866268	0.070131	0.494633	-0.091285	-0.995649	-0.018703	0.491169	-0.061355	0.868901
02407	4.860101	-0.277738	9.055308	0.006373	0.008237	0.003535	-0.866301	0.070122	0.494577	-0.091266	-0.995651	-0.018697	0.491115	-0.061335	0.868933
02408	4.820912	-0.315945	9.056870	0.007117	0.006339	0.002777	-0.866401	0.070107	0.494404	-0.091251	-0.995652	-0.018725	0.490941	-0.061339	0.869031
02409	4.801196	-0.327496	9.048007	0.004264	0.004773	0.000919	-0.866414	0.070122	0.494378	-0.091265	-0.995651	-0.018724	0.490915	-0.061342	0.869045
02410	4.854394	-0.318345	9.054959	0.010047	0.001441	0.002449	-0.866489	0.070107	0.494248	-0.091239	-0.995653	-0.018725	0.490787	-0.061320	0.869119
02411	4.854215	-0.288495	9.016214	0.002073	0.007235	0.002099	-0.866516	0.070112	0.494201	-0.091253	-0.995651	-0.018749	0.490737	-0.061343	0.869146
02412	4.868443	-0.318000	9.024602	0.011428	0.008958	-0.000615	-0.866625	0.070132	0.494006	-0.091246	-0.995652	-0.018723	0.490545	-0.061302	0.869257
02413	4.833585	-0.299118	9.007875	0.007116	0.006339	0.002778	-0.866648	0.070129	0.493967	-0.091230	-0.995654	-0.018706	0.490508	-0.061276	0.869279
02414	4.852043	-0.301485	9.036866	0.004220	0.007466	0.003622	-0.866753	0.070107	0.493785	-0.091222	-0.995654	-0.018764	0.490324	-0.061308	0.869382
02415	4.851187	-0.315726	9.056769	0.007828	0.008751	-0.000105	-0.866785	0.070134	0.493725	-0.091227	-0.995654	-0.018726	0.490266	-0.061273	0.869416
02416	4.816173	-0.311753	9.059536	0.005672	0.007441	0.001591	-0.866888	0.070132	0.493545	-0.091230	-0.995653	-0.018761	0.490083	-0.061290	0.869518
02417	4.796286	-0.323007	9.050772	0.010723	0.007623	-0.000948	-0.866914	0.070167	0.493495	-0.091228	-0.995654	-0.018694	0.490038	-0.061227	0.869548
02418	4.785108	-0.265095	9.063632	0.002838	-0.000050	0.006688	-0.866985	0.070109	0.493379	-0.091201	-0.995655	-0.018779	0.489919	-0.061278	0.869612
02419	4.854017	-0.271698	9.058754	0.005117	-0.007899	0.000105	-0.866935	0.070124	0.493464	-0.091217	-0.995654	-0.018766	0.490003	-0.061282	0.869564
02420	4.831343	-0.295990	9.009181	0.003630	-0.004103	0.001619	-0.866981	0.070114	0.493384	-0.091229	-0.995652	-0.018819	0.489919	-0.061327	0.869608
02421	4.850717	-0.313228	9.057108	0.003621	-0.005181	0.004839	-0.866949	0.070083	0.493444	-0.091212	-0.995653	-0.018843	0.489979	-0.061344	0.869573
02422	4.832074	-0.295701	9.008799	0.002886	-0.002205	0.002376	-0.867005	0.070067	0.493349	-0.091221	-0.995651	-0.018906	0.489879	-0.061395	0.869626
02423	4.832400	-0.295468	9.008631	0.005073	-0.005206	0.002808	-0.866971	0.070056	0.493410	-0.091215	-0.995652	-0.018906	0.489940	-0.061398	0.869591
02424	4.817739	-0.279912	9.019918	0.002178	-0.004078	0.003651	-0.867018	0.070027	0.493331	-0.091216	-0.995650	-0.018982	0.489856	-0.061457	0.869635
02425	4.852220	-0.297891	9.036890	0.004329	-0.003308	0.003565	-0.866994	0.070010	0.493375	-0.091207	-0.995651	-0.018993	0.489900	-0.061466	0.869609
02426	4.817981	-0.308929	9.058671	0.003595	-0.000333	0.001102	-0.867057	0.070008	0.493265	-0.091224	-0.995648	-0.019043	0.489785	-0.061509	0.869671
02427	4.837607	-0.282215	9.048156	0.001465	-0.006489	0.006536	-0.867021	0.069959	0.493336	-0.091203	-0.995649	-0.019094	0.489854	-0.061548	0.869629
02428	4.853151	-0.282894	9.016964	0.002890	-0.001667	0.000767	-0.867077	0.069959	0.493238	-0.091225	-0.995646	-0.019148	0.489751	-0.061599	0.869684
02429	4.853162	-0.312266	9.055831	0.000726	-0.004052	0.005683	-0.867051	0.069921	0.493288	-0.091215	-0.995646	-0.019201	0.489798	-0.061644	0.869654
02430	4.853634	-0.297672	9.036138	0.002177	-0.004078	0.003652	-0.867097	0.069891	0.493211	-0.091216	-0.995645	-0.019276	0.489716	-0.061703	0.869696
02431	4.834623	-0.309482	9.026898	0.005738	-0.000640	0.004235	-0.867087	0.069869	0.493232	-0.091194	-0.995647	-0.019278	0.489738	-0.061696	0.869684
02432	4.834648	-0.323864	9.046333	0.004333	-0.002770	0.001955	-0.867138	0.069855	0.493144	-0.091199	-0.995645	-0.019326	0.489647	-0.061732	0.869733
02433	4.854251	-0.296829	9.035834	0.005780	-0.003334	0.001534	-0.867112	0.069859	0.493189	-0.091200	-0.995645	-0.019315	0.489692	-0.061726	0.869708
02434	4.831102	-0.335953	9.005956	0.001439	-0.001641	0.002799	-0.867169	0.069839	0.493092	-0.091213	-0.995643	-0.019391	0.489589	-0.061792	0.869761
02435	4.839519	-0.281214	9.047164	0.004282	-0.001152	0.007877	-0.867160	0.069781	0.493117	-0.091166	-0.995646	-0.019424	0.489614	-0.061799	0.869746
02436	4.854813	-0.281810	9.016103	0.002890	-0.001667	0.000767	-0.867215	0.069781	0.493021	-0.091189	-0.995643	-0.019479	0.489513	-0.061850	0.869800
02437	4.839850	-0.280992	9.046995	0.002877	-0.003282	0.005597	-0.867193	0.069744	0.493064	-0.091169	-0.995644	-0.019512	0.489556	-0.061873	0.869774
02438	4.870203	-0.311719	9.023872	0.002886	-0.002206	0.002377	-0.867246	0.069728	0.492973	-0.091178	-0.995642	-0.019574	0.489460	-0.061924	0.869824
02439	4.840302	-0.280817	9.046758	0.002881	-0.002744	0.003987	-0.867225	0.069707	0.493013	-0.091172	-0.995642	-0.019600	0.489498	-0.061946	0.869801
02440	4.840569	-0.280559	9.046623	0.005780	-0.003335	0.001534	-0.867272	0.069698	0.492932	-0.091173	-0.995642	-0.019633	0.489415	-0.061969	0.869846
02441	4.836515	-0.322370	9.045388	0.003581	-0.001948	0.005933	-0.867257	0.069658	0.492964	-0.091146	-0.995643	-0.019662	0.489447	-0.061984	0.869828
02442	4.821669	-0.277407	9.017895	0.005004	0.002335	0.001771	-0.867331	0.069650	0.492835	-0.091149	-0.995642	-0.019703	0.489315	-0.062010	0.869900
02443	4.855777	-0.295161	9.035069	0.005037	-0.001436	0.002291	-0.867315	0.069647	0.492863	-0.091147	-0.995643	-0.019701	0.489343	-0.062010	0.869884
02444	4.836386	-0.321571	9.045486	0.003552	0.002361	0.003803	-0.867391	0.069619	0.492733	-0.091140	-0.995642	-0.019764	0.489210	-0.062051	0.869956
02445	4.836235	-0.321322	9.045576	0.006442	0.000693	0.004571	-0.867388	0.069595	0.492743	-0.091112	-0.995645	-0.019762	0.489221	-0.062036	0.869951
02446	4.840508	-0.293654	9.066150	0.004328	-0.003309	0.003567	-0.867435	0.069567	0.492663	-0.091104	-0.995644	-0.019817	0.489139	-0.062073	0.869994
02447	4.836749	-0.306138	9.025873	0.004327	-0.003309	0.003567	-0.867411	0.069550	0.492708	-0.091094	-0.995645	-0.019828	0.489183	-0.062082	0.869969
02448	4.871124	-0.324121	9.042899	0.003581	-0.001948	0.005933	-0.867467	0.069498	0.492616	-0.091069	-0.995646	-0.019901	0.489088	-0.062125	0.870019
02449	4.822119	-0.290550	9.037148	0.002880	-0.002744	0.003989	-0.867446	0.069478	0.492656	-0.091063	-0.995646	-0.019927	0.489126	-0.062148	0.869996
02450	4.871803	-0.309264	9.023093	0.002922	-0.005439	0.001288	-0.867481	0.069471	0.492596	-0.091081	-0.995643	-0.019982	0.489062	-0.062200	0.870028
02451	4.823021	-0.290466	9.036669	-0.000685	-0.006719	0.005017	-0.867441	0.069437	0.492670	-0.091083	-0.995642	-0.020044	0.489131	-0.062261	0.869985
02452	4.838414	-0.320516	9.044439	0.005774	-0.003874	0.003146	-0.867485	0.069410	0.492597	-0.091069	-0.995642	-0.020084	0.489056	-0.062283	0.870026
02453	4.858131	-0.293720	9.033850	0.002171	-0.004616	0.005265	-0.867456	0.069376	0.492652	-0.091055	-0.995642	-0.020123	0.489110	-0.062314	0.869994
02454	4.858511	-0.293741	9.033646	0.002175	-0.004078	0.003655	-0.867499	0.069345	0.492581	-0.091056	-0.995641	-0.020196	0.489034	-0.062373	0.870032
02455	4.839653	-0.305554	9.024336	0.005769	-0.004412	0.004757	-0.867471	0.069316	0.492635	-0.091029	-0.995643	-0.020201	0.489089	-0.062368	0.870001
02456	4.839967	-0.305260	9.024177	0.004331	-0.002771	0.001957	-0.867518	0.069303	0.492554	-0.091034	-0.995642	-0.020247	0.489004	-0.062404	0.870046
02457	4.859361	-0.307859	9.052657	0.002871	-0.003820	0.007211	-0.867495	0.069249	0.492602	-0.091000	-0.995644	-0.020289	0.489051	-0.062427	0.870018
02458	4.825538	-0.289715	9.035349	0.004322	-0.003847	0.005179	-0.867540	0.069205	0.492530	-0.090979	-0.995645	-0.020351	0.488976	-0.062465	0.870058
02459	4.841104	-0.305124	9.023572	0.000059	-0.008080	0.002653	-0.867492	0.069194	0.492616	-0.090998	-0.995642	-0.020395	0.489058	-0.062519	0.870008
02460	4.861198	-0.293289	9.032214	0.002935	-0.011362	0.008254	-0.867502	0.069113	0.492609	-0.090954	-0.995644	-0.020484	0.489048	-0.062575	0.870009
02461	4.843034	-0.290758	9.003072	0.001492	-0.010259	0.007065	-0.867447	0.069057	0.492713	-0.090928	-0.995646	-0.020537	0.489150	-0.062617	0.869949
02462	4.863092	-0.278940	9.011730	0.002202	-0.008387	0.005788	-0.867469	0.069002	0.492682	-0.090909	-0.995646	-0.020621	0.489114	-0.062677	0.869965
02463	4.863867	-0.293951	9.030756	-0.002812	-0.011796	0.007241	-0.867407	0.068943	0.492800	-0.090902	-0.995644	-0.020712	0.489225	-0.062762	0.869896
02464	4.864820	-0.294319	9.030230	0.001496	-0.009721	0.005455	-0.867422	0.068891	0.492780	-0.090891	-0.995644	-0.020800	0.489201	-0.062831	0.869905
02465	4.861825	-0.307356	8.989503	-0.000634	-0.015337	0.009287	-0.867345	0.068810	0.492928	-0.090856	-0.995645	-0.020882	0.489345	-0.062898	0.869819
02466	4.851993	-0.294147	9.059992	0.002236	-0.011621	0.004700	-0.867350	0.068765	0.492926	-0.090848	-0.995644	-0.020960	0.489338	-0.062961	0.869819
02467	4.834069	-0.291764	9.030722	-0.002782	-0.015567	0.007766	-0.867269	0.068698	0.493076	-0.090837	-0.995643	-0.021053	0.489482	-0.063048	0.869731
02468	4.869835	-0.295622	9.027484	0.000854	-0.018061	0.004556	-0.867242	0.068650	0.493131	-0.090835	-0.995641	-0.021142	0.489530	-0.063129	0.869698
02469	4.852122	-0.307947	9.017556	-0.003485	-0.016364	0.005824	-0.867157	0.068602	0.493288	-0.090845	-0.995639	-0.021232	0.489680	-0.063224	0.869607
02470	4.849284	-0.350557	9.015643	-0.002044	-0.017468	0.007013	-0.867134	0.068529	0.493338	-0.090836	-0.995637	-0.021358	0.489722	-0.063333	0.869576
02471	4.889350	-0.327065	9.032951	-0.000595	-0.017496	0.004980	-0.867042	0.068489	0.493505	-0.090838	-0.995635	-0.021419	0.489884	-0.063400	0.869479
02472	4.890946	-0.312786	9.012609	-0.001338	-0.016134	0.007348	-0.867026	0.068413	0.493544	-0.090822	-0.995634	-0.021540	0.489915	-0.063500	0.869454
02473	4.892295	-0.327799	9.031329	0.002256	-0.016471	0.008448	-0.866942	0.068339	0.493701	-0.090780	-0.995637	-0.021593	0.490072	-0.063538	0.869363
02474	4.878705	-0.298016	9.022615	-0.002072	-0.013159	0.004882	-0.866938	0.068290	0.493715	-0.090790	-0.995633	-0.021709	0.490077	-0.063645	0.869353
02475	4.894827	-0.313910	9.010462	-0.003514	-0.012055	0.003694	-0.866872	0.068266	0.493835	-0.090818	-0.995629	-0.021789	0.490189	-0.063737	0.869282
02476	4.880772	-0.298867	9.021469	0.000048	-0.009158	0.005881	-0.866888	0.068210	0.493815	-0.090809	-0.995628	-0.021890	0.490162	-0.063819	0.869292
02477	4.881394	-0.299389	9.021116	-0.005025	-0.005021	0.006295	-0.866858	0.068165	0.493873	-0.090822	-0.995624	-0.021996	0.490213	-0.063922	0.869256
02478	4.911756	-0.330880	8.997822	-0.002869	-0.003716	0.004593	-0.866900	0.068123	0.493806	-0.090836	-0.995620	-0.022117	0.490137	-0.064028	0.869291
02479	4.881647	-0.315196	9.040406	-0.002226	0.004085	0.007102	-0.866915	0.068075	0.493785	-0.090828	-0.995619	-0.022202	0.490111	-0.064097	0.869300
02480	4.896413	-0.301684	8.990051	-0.000774	0.004595	0.003456	-0.866996	0.068051	0.493647	-0.090843	-0.995616	-0.022299	0.489965	-0.064178	0.869377
02481	4.861516	-0.327842	9.031779	-0.002220	0.005162	0.003879	-0.867014	0.068036	0.493617	-0.090863	-0.995612	-0.022369	0.489930	-0.064245	0.869391
02482	4.880427	-0.301547	9.021566	-0.000774	0.004595	0.003456	-0.867094	0.068017	0.493479	-0.090883	-0.995608	-0.022465	0.489784	-0.064328	0.869468
02483	4.894971	-0.331978	9.029727	-0.003630	0.003033	0.001602	-0.867100	0.068023	0.493469	-0.090929	-0.995602	-0.022535	0.489766	-0.064411	0.869472
02484	4.879676	-0.302227	9.021950	-0.002216	0.005700	0.002268	-0.867184	0.068011	0.493322	-0.090961	-0.995597	-0.022638	0.489610	-0.064505	0.869552
02485	4.889978	-0.345335	8.990027	-0.001481	0.003262	0.003123	-0.867192	0.068003	0.493309	-0.090984	-0.995594	-0.022698	0.489592	-0.064567	0.869558
02486	4.878824	-0.317776	9.041840	-0.010816	0.004246	-0.002206	-0.867265	0.068034	0.493177	-0.091096	-0.995580	-0.022854	0.489442	-0.064746	0.869629
02487	4.957633	-0.338928	8.966080	-0.010830	0.010171	-0.009174	-0.867295	0.068152	0.493107	-0.091271	-0.995562	-0.022934	0.489356	-0.064897	0.869666
02488	4.945560	-0.281716	8.979504	-0.004466	0.022711	-0.007787	-0.867453	0.068254	0.492816	-0.091404	-0.995548	-0.023006	0.489052	-0.065002	0.869829
02489	4.923765	-0.278794	8.952368	-0.001691	0.036665	-0.010718	-0.867611	0.068405	0.492516	-0.091547	-0.995535	-0.023000	0.488743	-0.065043	0.870000
02490	4.920125	-0.307665	8.993278	0.004715	0.040046	-0.003447	-0.867857	0.068475	0.492073	-0.091598	-0.995530	-0.023014	0.488298	-0.065045	0.870250
02491	4.877598	-0.330597	8.977307	0.008269	0.049942	-0.011441	-0.868079	0.068642	0.491658	-0.091699	-0.995523	-0.022917	0.487883	-0.064978	0.870487
02492	4.873093	-0.343781	8.999250	0.015444	0.048190	-0.006011	-0.868361	0.068743	0.491145	-0.091719	-0.995523	-0.022824	0.487378	-0.064867	0.870778
02493	4.838706	-0.325957	9.044088	0.014028	0.045521	-0.006673	-0.868566	0.068859	0.490767	-0.091751	-0.995523	-0.022701	0.487007	-0.064746	0.870995
02494	4.830727	-0.336779	9.006127	0.021247	0.041614	-0.005553	-0.868815	0.068949	0.490312	-0.091737	-0.995528	-0.022561	0.486564	-0.064581	0.871255
02495	4.865339	-0.310646	9.026532	0.022653	0.044279	-0.004877	-0.869015	0.069047	0.489944	-0.091711	-0.995534	-0.022371	0.486211	-0.064374	0.871467
02496	4.846486	-0.278135	9.020696	0.026242	0.043941	-0.003767	-0.869277	0.069121	0.489469	-0.091659	-0.995543	-0.022195	0.485753	-0.064158	0.871738
02497	4.887722	-0.307023	8.969082	0.031245	0.046807	-0.003595	-0.869490	0.069207	0.489078	-0.091581	-0.995556	-0.021936	0.485387	-0.063864	0.871964
02498	4.906700	-0.249486	8.981895	0.044808	0.055439	-0.001056	-0.869809	0.069262	0.488503	-0.091415	-0.995578	-0.021612	0.484846	-0.063455	0.872295
02499	4.871193	-0.199300	8.988372	0.056202	0.068680	-0.003777	-0.870128	0.069364	0.487921	-0.091218	-0.995607	-0.021135	0.484311	-0.062897	0.872632
02500	4.800568	-0.188679	9.055789	0.063435	0.060465	-0.000495	-0.870471	0.069413	0.487302	-0.090954	-0.995641	-0.020650	0.483744	-0.062297	0.872989
02501	4.794553	-0.212065	9.097983	0.066964	0.062821	0.003336	-0.870766	0.069439	0.486769	-0.090644	-0.995680	-0.020113	0.483270	-0.061636	0.873299
02502	4.824318	-0.165606	9.039952	0.072092	0.051142	0.004010	-0.871067	0.069438	0.486230	-0.090301	-0.995722	-0.019574	0.482791	-0.060957	0.873611
02503	4.838564	-0.161501	9.071325	0.079975	0.052868	0.003374	-0.871315	0.069457	0.485784	-0.089928	-0.995769	-0.018923	0.482414	-0.060173	0.873874
02504	4.829373	-0.182067	9.053673	0.078421	0.059363	0.007597	-0.871657	0.069431	0.485174	-0.089532	-0.995815	-0.018344	0.481869	-0.059428	0.874225
02505	4.860659	-0.291679	9.001522	0.074012	0.063759	0.011561	-0.871964	0.069375	0.484630	-0.089117	-0.995862	-0.017785	0.481391	-0.058696	0.874538
02506	4.872889	-0.317474	9.073014	0.066748	0.071422	0.009902	-0.872366	0.069324	0.483914	-0.088749	-0.995903	-0.017319	0.480731	-0.058055	0.874944
02507	4.788842	-0.389346	9.079356	0.058773	0.077220	0.009514	-0.872734	0.069295	0.483253	-0.088426	-0.995940	-0.016882	0.480121	-0.057466	0.875318
02508	4.747150	-0.410431	9.124434	0.048760	0.071486	0.009165	-0.873134	0.069256	0.482536	-0.088156	-0.995969	-0.016570	0.479443	-0.057006	0.875719
02509	4.745770	-0.335444	9.089445	0.044519	0.067777	0.005024	-0.873452	0.069265	0.481958	-0.087941	-0.995993	-0.016236	0.478902	-0.056565	0.876044
02510	4.787185	-0.209221	9.092984	0.038121	0.062774	0.002564	-0.873803	0.069283	0.481318	-0.087777	-0.996012	-0.015984	0.478291	-0.056216	0.876400
02511	4.841185	-0.282962	9.071189	0.029361	0.073712	0.003981	-0.874149	0.069305	0.480688	-0.087644	-0.996027	-0.015778	0.477685	-0.055922	0.876750
02512	4.736168	-0.212978	9.061909	0.035833	0.077591	-0.001056	-0.874566	0.069366	0.479919	-0.087522	-0.996042	-0.015529	0.476942	-0.055584	0.877175
02513	4.741686	-0.112197	9.107057	0.042332	0.072349	-0.000194	-0.874900	0.069428	0.479301	-0.087364	-0.996061	-0.015188	0.476358	-0.055162	0.877519
02514	4.762171	-0.138539	9.028583	0.035053	0.074129	0.005086	-0.875305	0.069427	0.478561	-0.087194	-0.996079	-0.014975	0.475645	-0.054835	0.877926
02515	4.756208	-0.106034	8.992881	0.047989	0.076003	0.001994	-0.875657	0.069469	0.477910	-0.086990	-0.996102	-0.014595	0.475033	-0.054354	0.878288
02516	4.653853	-0.050288	9.062521	0.052269	0.077524	0.001878	-0.876074	0.069501	0.477141	-0.086766	-0.996127	-0.014214	0.474306	-0.053853	0.878712
02517	4.647243	-0.074925	9.104844	0.048841	0.048865	0.012521	-0.876306	0.069423	0.476727	-0.086467	-0.996158	-0.013877	0.473932	-0.053382	0.878942
02518	4.740315	-0.279540	9.047791	0.030929	0.040364	0.015947	-0.876558	0.069294	0.476282	-0.086222	-0.996181	-0.013750	0.473511	-0.053118	0.879185
02519	4.581127	-0.334302	9.186328	0.030855	0.047889	0.014895	-0.876787	0.069192	0.475876	-0.085987	-0.996204	-0.013582	0.473129	-0.052827	0.879408
02520	4.541297	-0.215471	9.241805	0.035622	0.006365	0.014681	-0.876876	0.069057	0.475731	-0.085730	-0.996228	-0.013407	0.473011	-0.052541	0.879489
02521	4.567946	-0.287285	9.218789	0.012160	-0.021370	0.019665	-0.876781	0.068871	0.475933	-0.085542	-0.996244	-0.013426	0.473221	-0.052484	0.879379
02522	4.564954	-0.172253	9.209945	0.026071	-0.043459	0.017415	-0.876637	0.068680	0.476226	-0.085304	-0.996266	-0.013348	0.473531	-0.052326	0.879222
02523	4.610330	-0.289727	9.213001	-0.004522	-0.069467	0.016909	-0.876311	0.068496	0.476851	-0.085219	-0.996271	-0.013501	0.474148	-0.052468	0.878881
02524	4.688898	-0.411093	9.153401	-0.005802	-0.087191	0.018379	-0.875960	0.068275	0.477528	-0.085126	-0.996276	-0.013708	0.474814	-0.052658	0.878510
02525	4.696937	-0.412215	9.149228	-0.004941	-0.089702	0.008509	-0.875530	0.068164	0.478331	-0.085117	-0.996275	-0.013824	0.475607	-0.052818	0.878071
02526	4.733660	-0.317133	9.155100	-0.009142	-0.101998	0.008659	-0.875098	0.068035	0.479139	-0.085129	-0.996271	-0.014015	0.476399	-0.053053	0.877627
02527	4.739280	-0.331637	9.110259	-0.010591	-0.100908	0.007477	-0.874613	0.067928	0.480040	-0.085156	-0.996267	-0.014176	0.477285	-0.053277	0.877132
02528	4.817178	-0.340249	9.101401	-0.012039	-0.104637	0.010060	-0.874168	0.067776	0.480871	-0.085163	-0.996263	-0.014398	0.478098	-0.053539	0.876673
02529	4.940931	-0.352384	9.000111	-0.008593	-0.089921	0.009072	-0.873735	0.067659	0.481674	-0.085167	-0.996260	-0.014549	0.478889	-0.053735	0.876230
02530	4.986084	-0.329189	9.014620	-0.002363	-0.061284	0.005106	-0.873491	0.067586	0.482126	-0.085178	-0.996258	-0.014664	0.479330	-0.053875	0.875979
02531	4.914588	-0.251271	9.068297	0.005917	-0.026460	0.006433	-0.873359	0.067528	0.482373	-0.085136	-0.996261	-0.014675	0.479578	-0.053884	0.875843
02532	4.828667	-0.270847	9.081806	-0.003512	-0.021656	0.011245	-0.873310	0.067415	0.482478	-0.085098	-0.996262	-0.014829	0.479675	-0.054008	0.875783
02533	4.861245	-0.274078	9.019090	-0.003541	-0.017891	0.010708	-0.873223	0.067319	0.482649	-0.085064	-0.996263	-0.014943	0.479840	-0.054105	0.875686
02534	4.841258	-0.145169	9.022427	-0.003665	-0.003357	0.010171	-0.873260	0.067232	0.482595	-0.085043	-0.996263	-0.015093	0.479776	-0.054221	0.875714
02535	4.790814	-0.170284	9.094802	-0.008069	0.005360	0.011938	-0.873285	0.067137	0.482562	-0.085019	-0.996263	-0.015253	0.479735	-0.054347	0.875729
02536	4.717558	-0.206554	9.098428	-0.010892	-0.000500	0.012218	-0.873338	0.067023	0.482482	-0.085006	-0.996260	-0.015476	0.479641	-0.054530	0.875769
02537	4.747860	-0.254314	9.095442	-0.020889	-0.011034	0.015621	-0.873287	0.066882	0.482593	-0.085012	-0.996255	-0.015766	0.479731	-0.054794	0.875703
02538	4.730057	-0.283463	9.105031	-0.024301	-0.027940	0.012338	-0.873209	0.066752	0.482754	-0.085062	-0.996245	-0.016107	0.479866	-0.055129	0.875608
02539	4.721627	-0.257536	9.154688	-0.025684	-0.034373	0.012212	-0.873043	0.066632	0.483069	-0.085121	-0.996235	-0.016423	0.480156	-0.055457	0.875428
02540	4.726470	-0.217444	9.093548	-0.032018	-0.051195	0.012983	-0.872853	0.066479	0.483434	-0.085198	-0.996222	-0.016834	0.480488	-0.055882	0.875219
02541	4.698702	-0.374347	9.099324	-0.049166	-0.064821	0.014688	-0.872543	0.066317	0.484015	-0.085349	-0.996200	-0.017367	0.481024	-0.056464	0.874887
02542	4.659599	-0.375975	9.188300	-0.048255	-0.087743	0.012340	-0.872176	0.066148	0.484699	-0.085510	-0.996176	-0.017918	0.481661	-0.057074	0.874497
02543	4.640026	-0.307073	9.146733	-0.063801	-0.122962	0.012047	-0.871583	0.065978	0.485788	-0.085755	-0.996143	-0.018566	0.482690	-0.057840	0.873879
02544	4.676126	-0.274624	9.169527	-0.078693	-0.153091	0.011585	-0.870897	0.065784	0.487043	-0.086078	-0.996100	-0.019378	0.483869	-0.058800	0.873163
02545	4.630948	-0.234866	9.226631	-0.087905	-0.174212	0.007892	-0.870049	0.065623	0.488578	-0.086478	-0.996049	-0.020215	0.485321	-0.059839	0.872286
02546	4.586286	-0.366705	9.248202	-0.122246	-0.223551	0.023901	-0.869027	0.065263	0.490442	-0.086912	-0.995985	-0.021465	0.487072	-0.061279	0.871210
02547	4.555603	-0.519320	9.405597	-0.129252	-0.302027	0.054695	-0.867589	0.064552	0.493075	-0.087110	-0.995936	-0.022890	0.489593	-0.062811	0.869686
02548	4.603209	-0.851698	9.369471	-0.218349	-0.353023	0.059578	-0.865953	0.063734	0.496047	-0.087700	-0.995829	-0.025151	0.492375	-0.065283	0.867931
02549	4.600497	-0.681557	9.248153	-0.170042	-0.449398	0.056029	-0.863771	0.062898	0.499944	-0.088098	-0.995748	-0.026935	0.496124	-0.067310	0.865639
02550	4.267948	-0.383209	9.556964	-0.184825	-0.443899	0.039347	-0.861642	0.062209	0.503689	-0.088719	-0.995640	-0.028800	0.499702	-0.069502	0.863405
02551	3.431164	-0.009455	10.634839	-0.282915	-0.603352	-0.048455	-0.858558	0.062283	0.508920	-0.090599	-0.995404	-0.031023	0.504649	-0.072743	0.860254
02552	5.268363	-0.619938	9.007158	-0.404673	-0.996434	0.043172	-0.853577	0.061111	0.517370	-0.092328	-0.995121	-0.034783	0.512720	-0.077458	0.855055
02553	4.912650	-0.915947	9.072053	-0.225444	-0.780947	-0.031798	-0.849507	0.060832	0.524059	-0.093805	-0.994919	-0.036570	0.519171	-0.080226	0.850897
02554	5.039555	-0.606743	9.307921	-0.193918	-0.911482	-0.046615	-0.844748	0.060556	0.531728	-0.095250	-0.994726	-0.038038	0.526620	-0.082780	0.846061
02555	5.300686	-0.757942	8.961130	-0.161850	-0.932671	-0.061066	-0.839730	0.060401	0.539635	-0.096667	-0.994548	-0.039106	0.534331	-0.085003	0.840990
02556	5.365641	-0.866775	9.109427	-0.058527	-0.930730	-0.112517	-0.834663	0.060735	0.547401	-0.097972	-0.994423	-0.039052	0.541976	-0.086226	0.835959
02557	5.467393	-0.890063	9.065157	0.039822	-0.944308	-0.175826	-0.829323	0.061689	0.555354	-0.099262	-0.994344	-0.037779	0.549883	-0.086457	0.830755
02558	5.612161	-0.772439	8.868535	0.152118	-0.941871	-0.244354	-0.823916	0.063313	0.563164	-0.100482	-0.994315	-0.035221	0.557733	-0.085607	0.825594
02559	5.601194	-0.758401	8.781149	0.203479	-0.923154	-0.313462	-0.818401	0.065666	0.570883	-0.101958	-0.994280	-0.031796	0.565530	-0.084228	0.820416
02560	5.164250	-0.988314	9.222347	0.264739	-0.950335	-0.403005	-0.812630	0.068887	0.578694	-0.103781	-0.994223	-0.027384	0.573465	-0.082310	0.815085
02561	5.096659	-1.439397	9.669828	0.346616	-1.107503	-0.522782	-0.805666	0.073207	0.587829	-0.106053	-0.994127	-0.021547	0.582800	-0.079700	0.808698
02562	5.490595	-1.916209	9.626851	0.497126	-1.246392	-0.677473	-0.797667	0.078980	0.597904	-0.108610	-0.993991	-0.013597	0.593237	-0.075784	0.801453
02563	5.821245	-2.713106	10.156448	0.683185	-1.348273	-0.875890	-0.788614	0.086721	0.608742	-0.111511	-0.993759	-0.002890	0.604692	-0.070161	0.793363
02564	5.789966	-2.613566	10.251290	0.956087	-1.448436	-1.095426	-0.778590	0.096653	0.620045	-0.114309	-0.993381	0.011311	0.617034	-0.062071	0.784485
02565	6.073957	-2.163997	9.846987	1.134407	-1.622802	-1.315682	-0.766925	0.108809	0.632445	-0.117445	-0.992674	0.028367	0.630898	-0.052522	0.774086
02566	7.064680	-2.810528	11.241530	1.155705	-1.788025	-1.467035	-0.753827	0.122505	0.645551	-0.121279	-0.991527	0.046539	0.645783	-0.043209	0.762298
02567	6.546971	-3.124555	10.793447	1.415720	-1.868479	-1.643031	-0.739581	0.138105	0.658746	-0.124342	-0.989911	0.067933	0.661482	-0.031668	0.749292
02568	6.510366	-2.290009	11.152349	1.727951	-2.137412	-1.787050	-0.723086	0.155248	0.673086	-0.125899	-0.987715	0.092566	0.679188	-0.017807	0.733749
02569	6.750057	-2.413736	11.823279	1.756171	-2.346098	-1.830919	-0.704598	0.173069	0.688178	-0.126923	-0.984900	0.117740	0.698164	-0.004387	0.715925
02570	6.212091	-2.598878	11.521495	2.021197	-2.521500	-1.905361	-0.684410	0.191873	0.703397	-0.125920	-0.981360	0.145176	0.718141	0.010788	0.695814
02571	5.746366	-2.079547	11.443625	2.318753	-2.782667	-1.935567	-0.661707	0.211388	0.719347	-0.122094	-0.977006	0.174793	0.739755	0.027834	0.672300
02572	5.062781	-1.997528	10.378701	2.486561	-3.019993	-1.875144	-0.636885	0.230744	0.735618	-0.115680	-0.971960	0.204725	0.762230	0.045290	0.645720
02573	4.618446	-1.979845	10.396073	2.655946	-3.253941	-1.745802	-0.609748	0.249454	0.752317	-0.106058	-0.966324	0.234455	0.785467	0.063169	0.615671
02574	5.133899	-5.645327	11.626446	2.452245	-3.145917	-0.826626	-0.583992	0.259625	0.769122	-0.091568	-0.962497	0.255373	0.806578	0.078709	0.585864
02575	7.153264	-12.659278	10.487841	1.999647	-2.997815	1.736580	-0.560874	0.245442	0.790682	-0.065360	-0.965191	0.253249	0.825317	0.090362	0.557393
02576	5.929512	-15.058991	9.295569	2.385626	-2.448510	3.536536	-0.542227	0.213566	0.812637	-0.026092	-0.970972	0.237767	0.839827	0.107721	0.532059
02577	6.259607	-7.027710	11.488418	3.045946	-1.691545	4.127767	-0.528016	0.175455	0.830912	0.021676	-0.975321	0.219723	0.848958	0.134028	0.511182
02578	3.170151	-1.995831	11.611560	2.515460	-0.961512	4.537085	-0.517972	0.132428	0.845084	0.066709	-0.978681	0.194251	0.852792	0.156991	0.498096
02579	1.824943	0.401901	10.937051	2.260408	-0.547464	4.086773	-0.509737	0.093350	0.855251	0.106950	-0.979509	0.170657	0.853657	0.178459	0.489309
02580	2.255479	4.121837	11.675391	2.035966	-0.121264	3.110564	-0.505032	0.063032	0.860796	0.139992	-0.978141	0.153758	0.851672	0.198158	0.485169
02581	3.153803	6.355082	11.586916	1.150828	0.522783	2.178165	-0.506186	0.040697	0.861464	0.160730	-0.976933	0.140596	0.847315	0.209631	0.487968
02582	2.491130	5.729466	11.588323	0.191390	1.231590	1.387293	-0.514482	0.024458	0.857152	0.169327	-0.977013	0.129513	0.840617	0.211771	0.498515
02583	2.488790	4.313906	11.272448	-0.316571	1.725591	0.559739	-0.527956	0.015382	0.849133	0.169545	-0.977800	0.123129	0.832176	0.208973	0.513627
02584	2.704159	2.774315	10.670078	-0.840846	2.214857	-0.061221	-0.546580	0.011360	0.837330	0.162168	-0.979544	0.119147	0.821555	0.200911	0.533557
02585	2.861256	0.969762	9.870197	-1.138168	2.596009	-0.448384	-0.568433	0.010708	0.822660	0.150337	-0.981728	0.116657	0.808877	0.189988	0.556437
02586	3.207254	-0.021445	9.242939	-1.333985	2.884790	-0.632321	-0.592673	0.011550	0.805360	0.135880	-0.984132	0.114110	0.793899	0.177062	0.581699
02587	3.825795	-0.899803	8.588471	-1.503119	3.082160	-0.607764	-0.617654	0.012330	0.786353	0.120342	-0.986620	0.109994	0.777188	0.162570	0.607906
02588	4.176994	-1.906344	8.104575	-1.631236	3.248443	-0.429841	-0.643295	0.011476	0.765533	0.105013	-0.989115	0.103073	0.758383	0.146697	0.635087
02589	4.330758	-2.945108	7.755952	-1.609201	3.339001	-0.121566	-0.668389	0.008067	0.743768	0.092123	-0.991344	0.093539	0.738085	0.131039	0.661861
02590	4.553175	-3.617443	7.678699	-1.453389	3.367369	0.249394	-0.692864	0.001346	0.721067	0.083163	-0.993176	0.081764	0.716257	0.116617	0.688024
02591	5.031926	-3.604460	7.769558	-1.253424	3.358653	0.675355	-0.715984	-0.009048	0.698058	0.079034	-0.994538	0.068173	0.693628	0.103981	0.712788
02592	5.679556	-3.199968	8.091428	-1.089922	3.366006	1.108032	-0.738247	-0.023455	0.674122	0.079580	-0.995444	0.052516	0.669819	0.092416	0.736750
02593	6.293862	-2.644491	8.276532	-0.955860	3.404023	1.477560	-0.759409	-0.041109	0.649313	0.084312	-0.995805	0.035563	0.645127	0.081752	0.759689
02594	6.564541	-2.199887	8.327567	-0.869620	3.458217	1.775327	-0.779881	-0.061503	0.622898	0.092410	-0.995569	0.017400	0.619068	0.071132	0.782109
02595	6.666722	-1.913168	8.525427	-0.800820	3.496332	2.001930	-0.799092	-0.083707	0.595353	0.103320	-0.994647	-0.001170	0.592264	0.060576	0.803464
02596	6.922922	-1.604414	8.719712	-0.747598	3.522429	2.184150	-0.817227	-0.107421	0.566216	0.116591	-0.992976	-0.020106	0.564399	0.049584	0.824012
02597	7.062858	-1.325992	9.002050	-0.718250	3.550948	2.322106	-0.833876	-0.131989	0.535938	0.131768	-0.990516	-0.038922	0.535992	0.038163	0.843360
02598	7.330682	-1.045773	9.398778	-0.718183	3.579328	2.404940	-0.849317	-0.156972	0.504005	0.148220	-0.987269	-0.057713	0.506648	0.025687	0.861770
02599	7.676878	-0.778392	9.887378	-0.740590	3.608328	2.454400	-0.863208	-0.181821	0.470970	0.165555	-0.983256	-0.076158	0.476931	0.012231	0.878855
02600	8.072665	-0.491740	10.497113	-0.759971	3.639321	2.478133	-0.875811	-0.206351	0.436320	0.183564	-0.978475	-0.094294	0.446385	-0.002491	0.894837
02601	8.662506	-0.273287	11.136021	-0.789554	3.664992	2.475957	-0.886833	-0.230113	0.400719	0.201945	-0.972993	-0.111816	0.415627	-0.018239	0.909352
02602	9.442040	-0.352918	11.778392	-0.816662	3.668761	2.441059	-0.896459	-0.252841	0.363912	0.220426	-0.966866	-0.128771	0.384413	-0.035222	0.922489
02603	0.985012	0.615831	17.411098	-1.035245	3.490374	2.305164	-0.904093	-0.273473	0.328371	0.237314	-0.960339	-0.146395	0.355383	-0.054428	0.933135
02604	9.336311	-8.362905	4.813689	-0.741368	-2.521995	2.919933	-0.887646	-0.302783	0.346999	0.260743	-0.951504	-0.163261	0.379603	-0.054441	0.923546
02605	24.125084	-2.139711	-13.021492	2.031194	-0.554095	0.366627	-0.884566	-0.306494	0.351573	0.271660	-0.951284	-0.145807	0.379135	-0.033468	0.924736
02606	24.784389	13.053374	9.290176	2.843603	-0.128626	0.564544	-0.882586	-0.311908	0.351788	0.287308	-0.950092	-0.121571	0.372150	-0.006226	0.928152
02607	27.436018	9.259038	1.123503	-0.649293	-1.215974	3.050153	-0.868850	-0.340806	0.359097	0.311526	-0.940096	-0.138461	0.384774	-0.008434	0.922972
02608	21.959782	1.104965	-5.220056	-0.142117	-0.397582	2.267840	-0.860096	-0.362079	0.359352	0.330561	-0.932108	-0.147998	0.388542	-0.008505	0.921392
02609	18.371937	3.733884	-3.947482	1.828516	-0.767075	0.389088	-0.855807	-0.365673	0.365893	0.340971	-0.930675	-0.132600	0.389016	0.011279	0.921162
02610	19.142480	7.978420	-1.656528	1.404440	-0.895418	0.158689	-0.851812	-0.366977	0.373824	0.347779	-0.929823	-0.120327	0.391747	0.027512	0.919662
02611	15.354236	4.222548	-1.256558	0.584022	-1.731574	0.736663	-0.842326	-0.373217	0.388840	0.356307	-0.926911	-0.117818	0.404391	0.039305	0.913741
02612	7.778849	2.772189	1.972847	1.377204	-0.568677	0.218671	-0.839274	-0.374970	0.393722	0.363682	-0.925456	-0.106140	0.404172	0.054109	0.913081
02613	3.631275	9.090217	21.733121	1.668492	0.283219	-1.219205	-0.844819	-0.363818	0.392323	0.360052	-0.928948	-0.086126	0.395782	0.068495	0.915787
02614	4.684821	1.939223	12.257962	0.564876	-2.209895	-0.511991	-0.837764	-0.357387	0.412827	0.357996	-0.930380	-0.078943	0.412299	0.081655	0.907382
02615	9.078860	-4.692924	9.274334	0.719753	-1.394554	0.025560	-0.831859	-0.356383	0.425443	0.361171	-0.929671	-0.072573	0.421386	0.093288	0.902071
02616	6.216287	-8.526680	8.488454	0.686070	-0.992738	0.285937	-0.826643	-0.358052	0.434120	0.366420	-0.927987	-0.067652	0.427081	0.103147	0.898311
02617	7.446331	1.417721	11.012612	3.070199	-1.150186	-1.938734	-0.828815	-0.338633	0.445413	0.363421	-0.931088	-0.031630	0.425430	0.135657	0.894766
02618	9.977857	13.707338	14.261435	1.978237	-0.916631	-1.870590	-0.831679	-0.319832	0.453892	0.356272	-0.934365	-0.005587	0.425888	0.157063	0.891039
02619	7.534992	4.143811	11.145442	-1.137290	-0.401564	0.845773	-0.826931	-0.327096	0.457377	0.358362	-0.933377	-0.019597	0.433315	0.147701	0.889057
02620	5.385480	-3.611340	8.538210	-0.588383	-0.352560	0.974950	-0.821908	-0.335653	0.460222	0.363801	-0.931016	-0.029305	0.438310	0.143343	0.887320
02621	4.417426	-1.940617	8.601611	0.563350	-0.263442	-0.206235	-0.821504	-0.333324	0.462629	0.364537	-0.930895	-0.023390	0.438455	0.149430	0.886243
02622	5.495697	1.912740	10.238197	0.524230	-0.235533	-0.170506	-0.821127	-0.331362	0.464704	0.365399	-0.930677	-0.017971	0.438444	0.155046	0.885284
02623	4.657761	-0.266320	9.228758	-0.201360	-0.271238	0.186114	-0.819253	-0.332651	0.467084	0.366001	-0.930385	-0.020652	0.441438	0.154034	0.883972
02624	4.821428	-1.467193	8.710243	0.080873	-0.267473	0.079106	-0.817813	-0.332955	0.469385	0.366971	-0.930010	-0.020321	0.443299	0.155632	0.882760
02625	4.773341	-0.708605	9.213685	0.086034	-0.228290	0.042565	-0.816643	-0.332971	0.471407	0.367662	-0.929749	-0.019794	0.444881	0.157153	0.881694
02626	5.427702	-1.125876	9.237677	0.081807	-0.246526	0.042028	-0.815422	-0.332956	0.473526	0.368333	-0.929494	-0.019287	0.446561	0.158689	0.880569
02627	5.091632	-0.452356	8.870716	0.094086	-0.095479	0.007114	-0.814969	-0.332847	0.474382	0.368773	-0.929335	-0.018524	0.447025	0.159842	0.880124
02628	4.764012	-0.613118	9.233620	0.070387	-0.118740	0.007709	-0.814442	-0.332711	0.475381	0.369114	-0.929211	-0.017958	0.447704	0.160844	0.879596
02629	4.971760	-0.401179	9.030478	0.091668	-0.092654	-0.011587	-0.814070	-0.332431	0.476215	0.369391	-0.929116	-0.017129	0.448153	0.161965	0.879162
02630	4.600547	-0.219848	9.114784	0.083642	-0.077230	-0.017044	-0.813818	-0.332130	0.476853	0.369590	-0.929051	-0.016329	0.448445	0.162951	0.878831
02631	4.719631	-0.328952	9.090702	0.105658	-0.097002	-0.020899	-0.813460	-0.331755	0.477725	0.369855	-0.928963	-0.015333	0.448876	0.164216	0.878375
02632	4.651683	0.033304	9.254069	0.120954	-0.115222	-0.026048	-0.813071	-0.331306	0.478698	0.370150	-0.928864	-0.014164	0.449338	0.165674	0.877866
02633	4.810260	-0.046767	9.086861	0.091064	-0.126881	-0.006397	-0.812524	-0.331013	0.479828	0.370468	-0.928749	-0.013366	0.450065	0.166901	0.877261
02634	4.850807	-0.197443	9.106651	0.095852	-0.149295	0.005423	-0.811864	-0.330796	0.481094	0.370907	-0.928585	-0.012569	0.450894	0.168237	0.876579
02635	4.895987	-0.167660	9.061983	0.087063	-0.130206	0.010733	-0.811236	-0.330653	0.482250	0.371348	-0.928418	-0.011889	0.451661	0.169437	0.875953
02636	4.893052	-0.290702	9.030409	0.092163	-0.141737	0.017517	-0.810562	-0.330558	0.483446	0.371869	-0.928218	-0.011184	0.452440	0.170713	0.875303
