// General information: 
//  MT Manager version: 2022.2.0 
//  XDA version: 2022.2.0 build 7381 rev 124627 built on 2023-07-19
// Device information: 
//  DeviceId: 00B4CAF0
//  ProductCode: MTW2-3A7G6
//  Firmware Version: 4.6.0
//  Hardware Version: 2.0.0
// Device settings: 
//  Filter Profile: human(46.1)
//  Option Flags: Orientation Smoother Disabled, Position/Velocity Smoother Disabled, Continuous Zero Rotation Update Disabled, AHS Disabled, ICC Disabled
// Coordinate system: ENU
PacketCounter	Acc_X	Acc_Y	Acc_Z	Gyr_X	Gyr_Y	Gyr_Z	Mat[1][1]	Mat[2][1]	Mat[3][1]	Mat[1][2]	Mat[2][2]	Mat[3][2]	Mat[1][3]	Mat[2][3]	Mat[3][3]
19912	5.509972	-0.061398	8.619492	0.009744	0.001317	0.016961	0.734412	0.409510	0.541240	-0.480933	0.876692	-0.010737	-0.478898	-0.252414	0.840800
19913	5.555637	-0.087783	8.634023	0.004962	-0.000149	0.017758	0.734329	0.409624	0.541266	-0.481024	0.876640	-0.010830	-0.478932	-0.252409	0.840782
19914	5.532907	-0.037456	8.550028	0.008680	-0.000197	0.013702	0.734259	0.409733	0.541279	-0.481140	0.876576	-0.010865	-0.478924	-0.252453	0.840773
19915	5.546410	-0.111780	8.579793	0.003923	-0.000119	0.014508	0.734270	0.409729	0.541266	-0.481117	0.876589	-0.010890	-0.478930	-0.252417	0.840781
19916	5.572872	-0.015705	8.588330	0.001688	-0.001640	0.018789	0.734168	0.409880	0.541291	-0.481236	0.876522	-0.011011	-0.478966	-0.252405	0.840763
19917	5.525054	-0.063614	8.572768	0.002106	-0.004725	0.015754	0.734175	0.409857	0.541298	-0.481142	0.876572	-0.011135	-0.479050	-0.252267	0.840757
19918	5.547840	-0.089434	8.579651	0.005147	-0.003235	0.016231	0.734078	0.409981	0.541336	-0.481259	0.876507	-0.011213	-0.479082	-0.252291	0.840732
19919	5.548033	-0.090119	8.579519	0.000415	-0.001611	0.017047	0.734084	0.409984	0.541326	-0.481199	0.876538	-0.011316	-0.479132	-0.252179	0.840737
19920	5.555425	-0.090939	8.556251	0.000700	0.001478	0.015558	0.734013	0.410113	0.541324	-0.481290	0.876487	-0.011428	-0.479151	-0.252146	0.840736
19921	5.563934	-0.092572	8.610131	0.001092	-0.003151	0.012514	0.733933	0.410184	0.541380	-0.481346	0.876455	-0.011511	-0.479216	-0.252143	0.840699
19922	5.570789	-0.117144	8.586398	0.009098	-0.003285	0.010667	0.733862	0.410258	0.541418	-0.481441	0.876403	-0.011526	-0.479229	-0.252202	0.840674
19923	5.494714	-0.090224	8.587602	0.004341	-0.003204	0.011473	0.733766	0.410343	0.541486	-0.481537	0.876349	-0.011577	-0.479281	-0.252251	0.840630
19924	5.541613	-0.092332	8.602130	0.001274	-0.006237	0.010987	0.733679	0.410413	0.541549	-0.481596	0.876316	-0.011659	-0.479353	-0.252254	0.840588
19925	5.572859	-0.093348	8.585867	0.005199	-0.007832	0.005414	0.733651	0.410366	0.541623	-0.481556	0.876337	-0.011677	-0.479436	-0.252255	0.840540
19926	5.574146	-0.068913	8.585852	0.003535	-0.003174	0.006715	0.733601	0.410406	0.541661	-0.481595	0.876316	-0.011717	-0.479475	-0.252266	0.840515
19927	5.566263	-0.093466	8.608615	0.002002	-0.004690	0.006472	0.733572	0.410378	0.541722	-0.481598	0.876315	-0.011692	-0.479517	-0.252315	0.840477
19928	5.567619	-0.069147	8.608557	0.003691	-0.007804	0.005180	0.733506	0.410393	0.541799	-0.481626	0.876299	-0.011722	-0.479589	-0.252346	0.840426
19929	5.558924	-0.092643	8.553959	0.004757	-0.006289	0.008439	0.733378	0.410473	0.541911	-0.481749	0.876231	-0.011746	-0.479660	-0.252451	0.840354
19930	5.566578	-0.092802	8.530517	0.000573	-0.000030	0.006266	0.733345	0.410518	0.541923	-0.481770	0.876218	-0.011808	-0.479691	-0.252423	0.840345
19931	5.597046	-0.143587	8.590995	0.002157	-0.009320	0.004937	0.733340	0.410434	0.541993	-0.481659	0.876279	-0.011873	-0.479810	-0.252349	0.840299
19932	5.577973	-0.044970	8.584185	0.009436	-0.011003	0.007604	0.733247	0.410462	0.542097	-0.481732	0.876238	-0.011869	-0.479878	-0.252443	0.840232
19933	5.546474	-0.092706	8.598992	0.002417	-0.007776	0.003439	0.733258	0.410359	0.542160	-0.481628	0.876295	-0.011874	-0.479965	-0.252413	0.840191
19934	5.577847	-0.093429	8.582626	0.006680	-0.009403	0.005638	0.733183	0.410374	0.542251	-0.481674	0.876270	-0.011882	-0.480035	-0.252477	0.840132
19935	5.591677	-0.142001	8.535049	0.003924	-0.007803	0.003672	0.733173	0.410291	0.542327	-0.481630	0.876295	-0.011832	-0.480093	-0.252526	0.840084
19936	5.587462	-0.068632	8.558725	0.005432	-0.007831	0.003905	0.733114	0.410294	0.542405	-0.481657	0.876280	-0.011841	-0.480157	-0.252572	0.840034
19937	5.610683	-0.093775	8.565300	0.003638	-0.010891	0.005163	0.733039	0.410271	0.542523	-0.481664	0.876276	-0.011856	-0.480264	-0.252623	0.839957
19938	5.556622	-0.116131	8.573124	0.006185	-0.004742	-0.000602	0.733016	0.410243	0.542576	-0.481661	0.876278	-0.011834	-0.480302	-0.252663	0.839923
19939	5.589203	-0.067622	8.557596	0.010061	-0.001739	0.004639	0.733074	0.410139	0.542576	-0.481559	0.876334	-0.011796	-0.480315	-0.252635	0.839924
19940	5.586839	-0.140111	8.556693	0.010528	-0.001739	0.001623	0.733055	0.410138	0.542603	-0.481594	0.876316	-0.011750	-0.480310	-0.252701	0.839907
19941	5.581153	-0.090563	8.580507	0.009073	0.001377	0.001407	0.733030	0.410137	0.542637	-0.481642	0.876290	-0.011685	-0.480300	-0.252791	0.839886
19942	5.564114	-0.113327	8.549812	0.009386	0.006008	-0.000076	0.733056	0.410140	0.542599	-0.481659	0.876282	-0.011639	-0.480243	-0.252815	0.839911
19943	5.581225	-0.064544	8.581286	0.010867	0.004437	0.000149	0.733104	0.410083	0.542577	-0.481634	0.876296	-0.011549	-0.480194	-0.252857	0.839927
19944	5.563160	-0.111321	8.550460	0.014402	0.007469	-0.002385	0.733149	0.410070	0.542527	-0.481658	0.876284	-0.011448	-0.480103	-0.252919	0.839960
19945	5.585777	-0.111052	8.558265	0.010920	0.007525	0.000165	0.733362	0.409836	0.542416	-0.481424	0.876415	-0.011298	-0.480012	-0.252846	0.840034
19946	5.563419	-0.060499	8.551917	0.012013	0.010585	0.003431	0.733393	0.409881	0.542339	-0.481478	0.876386	-0.011249	-0.479909	-0.252875	0.840084
19947	5.615972	-0.110845	8.620601	0.014169	0.007469	-0.000876	0.733472	0.409798	0.542295	-0.481471	0.876392	-0.011060	-0.479796	-0.252987	0.840115
19948	5.554626	-0.057954	8.576121	0.017651	0.007413	-0.003426	0.733522	0.409775	0.542246	-0.481502	0.876377	-0.010926	-0.479689	-0.253078	0.840149
19949	5.560472	-0.080894	8.553072	0.012921	0.009041	-0.002610	0.733608	0.409697	0.542188	-0.481468	0.876398	-0.010788	-0.479592	-0.253132	0.840188
19950	5.574731	-0.104883	8.583998	0.014195	0.009014	-0.000868	0.733653	0.409701	0.542125	-0.481501	0.876380	-0.010697	-0.479490	-0.253186	0.840230
19951	5.568307	-0.054677	8.608216	0.017184	0.007415	-0.000409	0.733590	0.409805	0.542131	-0.481687	0.876279	-0.010594	-0.479399	-0.253366	0.840227
19952	5.527717	-0.075992	8.570359	0.012895	0.007497	-0.002618	0.733636	0.409789	0.542080	-0.481701	0.876273	-0.010504	-0.479315	-0.253415	0.840261
19953	5.580209	-0.100784	8.562023	0.017157	0.005872	-0.000416	0.733604	0.409830	0.542093	-0.481849	0.876193	-0.010337	-0.479215	-0.253624	0.840255
19954	5.565682	-0.074940	8.609172	0.012895	0.007497	-0.002618	0.733650	0.409814	0.542043	-0.481864	0.876186	-0.010247	-0.479130	-0.253673	0.840288
19955	5.579836	-0.073642	8.563065	0.017184	0.007417	-0.000408	0.733805	0.409652	0.541956	-0.481740	0.876257	-0.010070	-0.479018	-0.253692	0.840347
19956	5.530895	-0.119465	8.548347	0.008659	0.010666	-0.004814	0.733876	0.409625	0.541879	-0.481718	0.876269	-0.010003	-0.478930	-0.253691	0.840397
19957	5.602441	-0.047593	8.571665	0.018431	0.005848	0.001327	0.733959	0.409534	0.541836	-0.481728	0.876267	-0.009769	-0.478793	-0.253848	0.840428
19958	5.585324	-0.069639	8.541082	0.016091	0.004354	-0.003672	0.733995	0.409501	0.541812	-0.481750	0.876256	-0.009646	-0.478716	-0.253938	0.840444
19959	5.523514	-0.066400	8.573148	0.014168	0.007473	-0.000876	0.734046	0.409467	0.541769	-0.481756	0.876253	-0.009536	-0.478631	-0.254001	0.840474
19960	5.523705	-0.040796	8.573777	0.012661	0.007500	-0.001110	0.734084	0.409465	0.541718	-0.481781	0.876241	-0.009456	-0.478547	-0.254048	0.840507
19961	5.599516	-0.066619	8.572858	0.012842	0.004410	-0.002631	0.734220	0.409294	0.541663	-0.481641	0.876319	-0.009308	-0.478480	-0.254053	0.840544
19962	5.520454	-0.111759	8.573675	0.011852	0.001330	0.003388	0.734208	0.409315	0.541664	-0.481694	0.876291	-0.009259	-0.478445	-0.254118	0.840544
19963	5.523533	-0.013235	8.574635	0.011100	0.004439	-0.001358	0.734296	0.409193	0.541636	-0.481626	0.876330	-0.009106	-0.478378	-0.254180	0.840564
19964	5.537461	-0.061779	8.605076	0.013594	0.001302	0.002115	0.734290	0.409203	0.541638	-0.481678	0.876302	-0.009035	-0.478335	-0.254260	0.840563
19965	5.567372	-0.086010	8.588982	0.011203	-0.003283	-0.002896	0.734228	0.409203	0.541721	-0.481776	0.876249	-0.008916	-0.478331	-0.254442	0.840511
19966	5.561914	-0.035840	8.612447	0.015726	-0.003363	-0.002193	0.734220	0.409163	0.541762	-0.481807	0.876233	-0.008804	-0.478312	-0.254560	0.840486
19967	5.553900	-0.033893	8.558249	0.012190	-0.006393	0.000342	0.734276	0.409012	0.541800	-0.481698	0.876294	-0.008704	-0.478337	-0.254592	0.840462
19968	5.567599	-0.106772	8.588151	0.013776	-0.001788	0.000594	0.734263	0.409001	0.541827	-0.481739	0.876272	-0.008624	-0.478315	-0.254687	0.840445
19969	5.539657	-0.031451	8.604416	0.012711	-0.003310	-0.002662	0.734322	0.408848	0.541862	-0.481670	0.876312	-0.008449	-0.478294	-0.254794	0.840425
19970	5.570862	-0.031241	8.588203	0.013410	-0.009504	0.002074	0.734265	0.408830	0.541954	-0.481720	0.876285	-0.008379	-0.478331	-0.254918	0.840367
19971	5.569047	-0.103628	8.587250	0.008706	-0.006333	0.002891	0.734321	0.408668	0.541999	-0.481602	0.876351	-0.008277	-0.478364	-0.254950	0.840338
19972	5.571253	-0.054139	8.587246	0.009174	-0.006339	-0.000125	0.734289	0.408638	0.542065	-0.481617	0.876343	-0.008231	-0.478399	-0.255023	0.840296
19973	5.585766	-0.077860	8.540199	0.013229	-0.006413	0.003593	0.734303	0.408534	0.542124	-0.481602	0.876353	-0.008076	-0.478392	-0.255157	0.840260
19974	5.579547	-0.052391	8.563410	0.010995	-0.001737	-0.001384	0.734300	0.408505	0.542151	-0.481616	0.876346	-0.008008	-0.478383	-0.255228	0.840243
19975	5.563076	-0.075082	8.532452	0.010735	-0.003277	0.000119	0.734254	0.408490	0.542224	-0.481710	0.876295	-0.007858	-0.478359	-0.255425	0.840197
19976	5.572449	-0.050298	8.586493	0.012555	0.001325	-0.001140	0.734263	0.408471	0.542226	-0.481733	0.876283	-0.007778	-0.478320	-0.255497	0.840197
19977	5.548318	-0.072717	8.578979	0.012529	-0.000219	-0.001145	0.734331	0.408337	0.542235	-0.481690	0.876309	-0.007579	-0.478260	-0.255624	0.840193
19978	5.579052	-0.072578	8.563063	0.012269	-0.001760	0.000359	0.734319	0.408323	0.542262	-0.481723	0.876291	-0.007508	-0.478245	-0.255707	0.840176
19979	5.572374	-0.046924	8.586561	0.014115	0.004386	-0.000896	0.734436	0.408156	0.542229	-0.481619	0.876350	-0.007321	-0.478171	-0.255771	0.840199
19980	5.586227	-0.070292	8.539962	0.014010	-0.001789	-0.000915	0.734430	0.408131	0.542257	-0.481651	0.876334	-0.007229	-0.478148	-0.255869	0.840182
19981	5.595271	-0.045241	8.594202	0.014168	0.007474	-0.000888	0.734543	0.408017	0.542189	-0.481590	0.876368	-0.007053	-0.478035	-0.255932	0.840227
19982	5.539961	-0.066645	8.602911	0.012634	0.005957	-0.001126	0.734575	0.408009	0.542151	-0.481614	0.876356	-0.006971	-0.477962	-0.255986	0.840252
19983	5.578399	-0.042227	8.564214	0.012374	0.004417	0.000378	0.734655	0.407893	0.542130	-0.481577	0.876377	-0.006779	-0.477876	-0.256098	0.840267
19984	5.602104	-0.017452	8.571999	0.015623	0.004361	-0.000662	0.734677	0.407885	0.542106	-0.481618	0.876356	-0.006674	-0.477800	-0.256185	0.840284
19985	5.546160	-0.063473	8.580447	0.008890	0.004478	0.002925	0.734679	0.407892	0.542099	-0.481669	0.876328	-0.006595	-0.477747	-0.256268	0.840288
19986	5.599417	-0.064337	8.572419	0.012947	0.010585	-0.002622	0.734740	0.407882	0.542023	-0.481683	0.876321	-0.006502	-0.477638	-0.256306	0.840339
19987	5.576858	-0.013555	8.565903	0.012505	0.012138	0.000398	0.734795	0.407877	0.541953	-0.481727	0.876298	-0.006368	-0.477510	-0.256395	0.840385
19988	5.575054	-0.036797	8.566417	0.014221	0.010563	-0.000880	0.734848	0.407883	0.541877	-0.481760	0.876281	-0.006274	-0.477395	-0.256444	0.840435
19989	5.582127	-0.011486	8.544041	0.010842	0.016801	0.001683	0.734847	0.407987	0.541800	-0.481921	0.876193	-0.006161	-0.477235	-0.256577	0.840485
19990	5.610420	-0.060706	8.606277	0.012689	0.022947	0.000424	0.734952	0.408036	0.541619	-0.481956	0.876174	-0.006086	-0.477036	-0.256563	0.840602
19991	5.599983	-0.059051	8.553676	0.012950	0.024487	-0.001080	0.735169	0.407925	0.541410	-0.481866	0.876225	-0.005877	-0.476794	-0.256566	0.840738
19992	5.590525	-0.057740	8.578267	0.011651	0.022965	-0.002827	0.735290	0.407946	0.541229	-0.481872	0.876222	-0.005793	-0.476600	-0.256543	0.840855
19993	5.535142	-0.030323	8.588261	0.013290	0.030660	-0.002574	0.735407	0.408017	0.541017	-0.481956	0.876177	-0.005659	-0.476335	-0.256584	0.840993
19994	5.585726	-0.055464	8.581408	0.008480	0.027655	-0.001779	0.735545	0.408059	0.540796	-0.481955	0.876178	-0.005608	-0.476122	-0.256515	0.841135
19995	5.569222	-0.029795	8.629600	0.014065	0.029106	0.002182	0.735653	0.408138	0.540589	-0.482055	0.876124	-0.005464	-0.475853	-0.256574	0.841269
19996	5.559215	-0.003815	8.577373	0.011521	0.029149	-0.001305	0.735797	0.408188	0.540357	-0.482072	0.876115	-0.005390	-0.475615	-0.256525	0.841419
19997	5.557411	0.021544	8.579176	0.011102	0.032248	0.001717	0.736001	0.408173	0.540090	-0.482021	0.876144	-0.005278	-0.475351	-0.256450	0.841591
19998	5.620061	-0.077333	8.525892	0.009883	0.035358	-0.000021	0.736168	0.408250	0.539805	-0.482039	0.876134	-0.005224	-0.475074	-0.256361	0.841774
19999	5.550312	-0.001322	8.583137	0.005493	0.043159	-0.000716	0.736382	0.408300	0.539475	-0.482059	0.876124	-0.005084	-0.474722	-0.256315	0.841986
20000	5.598752	-0.051347	8.577181	0.008323	0.046203	0.001272	0.736593	0.408416	0.539098	-0.482079	0.876113	-0.005050	-0.474373	-0.256168	0.842228
20001	5.601065	-0.075105	8.556709	0.010462	0.055435	-0.001489	0.736907	0.408449	0.538644	-0.482034	0.876139	-0.004908	-0.473932	-0.256028	0.842519
20002	5.545629	0.025121	8.568407	0.009776	0.056998	0.003036	0.737161	0.408607	0.538176	-0.482074	0.876117	-0.004871	-0.473496	-0.255850	0.842818
20003	5.575424	-0.073091	8.532478	0.005598	0.063251	0.000826	0.737437	0.408763	0.537680	-0.482112	0.876096	-0.004814	-0.473027	-0.255672	0.843135
20004	5.548723	-0.023321	8.606047	0.006997	0.070958	0.002586	0.737759	0.408953	0.537094	-0.482136	0.876083	-0.004798	-0.472501	-0.255412	0.843509
20005	5.511850	-0.022141	8.625636	0.003267	0.071031	0.006630	0.738066	0.409148	0.536523	-0.482197	0.876050	-0.004735	-0.471958	-0.255215	0.843872
20006	5.565597	-0.072965	8.598125	0.003506	0.071029	0.005123	0.738375	0.409360	0.535936	-0.482223	0.876036	-0.004762	-0.471448	-0.254924	0.844245
20007	5.483992	-0.021681	8.602663	0.000253	0.071090	0.006151	0.738786	0.409423	0.535321	-0.482133	0.876085	-0.004663	-0.470896	-0.254651	0.844636
20008	5.530883	-0.048098	8.598587	0.003319	0.074133	0.006638	0.739101	0.409656	0.534707	-0.482170	0.876065	-0.004699	-0.470363	-0.254346	0.845024
20009	5.516738	-0.048223	8.625964	-0.001389	0.077311	0.007427	0.739370	0.409955	0.534106	-0.482279	0.876005	-0.004756	-0.469829	-0.254072	0.845404
20010	5.503461	-0.023999	8.653367	0.003051	0.072602	0.008145	0.739670	0.410196	0.533504	-0.482325	0.875979	-0.004802	-0.469308	-0.253770	0.845784
20011	5.457531	-0.047223	8.618853	0.001356	0.075729	0.009415	0.740039	0.410354	0.532871	-0.482314	0.875986	-0.004754	-0.468738	-0.253493	0.846183
20012	5.459840	-0.023689	8.676973	0.000012	0.071118	0.007658	0.740334	0.410587	0.532281	-0.482342	0.875970	-0.004823	-0.468243	-0.253171	0.846554
20013	5.437501	-0.047680	8.649816	0.005740	0.067932	0.010133	0.740651	0.410743	0.531720	-0.482394	0.875942	-0.004704	-0.467687	-0.253014	0.846907
20014	5.448037	-0.023981	8.684388	0.005686	0.064844	0.010128	0.740904	0.410982	0.531182	-0.482468	0.875901	-0.004738	-0.467210	-0.252768	0.847244
20015	5.457133	-0.049156	8.641437	-0.000880	0.061874	0.012158	0.741207	0.411115	0.530657	-0.482461	0.875905	-0.004699	-0.466737	-0.252538	0.847574
20016	5.430480	-0.000263	8.637156	-0.000934	0.058786	0.012153	0.741422	0.411355	0.530171	-0.482519	0.875872	-0.004800	-0.466336	-0.252259	0.847877
20017	5.415800	-0.049667	8.663408	-0.002386	0.061907	0.011913	0.741739	0.411474	0.529634	-0.482488	0.875889	-0.004768	-0.465862	-0.252006	0.848213
20018	5.442456	-0.027040	8.651302	0.000517	0.055673	0.012394	0.741938	0.411708	0.529173	-0.482555	0.875852	-0.004857	-0.465477	-0.251751	0.848500
20019	5.428198	-0.076276	8.677254	0.000490	0.054130	0.012392	0.742124	0.411926	0.528742	-0.482658	0.875795	-0.004862	-0.465073	-0.251594	0.848768
20020	5.415834	-0.076612	8.703244	0.000929	0.051028	0.009375	0.742315	0.412122	0.528321	-0.482704	0.875770	-0.004931	-0.464720	-0.251362	0.849030
20021	5.397145	-0.051710	8.675030	0.005857	0.046299	0.007096	0.742532	0.412216	0.527943	-0.482764	0.875737	-0.004783	-0.464311	-0.251321	0.849266
20022	5.394129	-0.027122	8.677533	0.008565	0.043161	0.009091	0.742688	0.412390	0.527588	-0.482844	0.875693	-0.004785	-0.463979	-0.251189	0.849487
20023	5.412883	-0.052410	8.687439	0.002186	0.037092	0.009595	0.742847	0.412488	0.527288	-0.482899	0.875664	-0.004705	-0.463668	-0.251131	0.849674
20024	5.441602	-0.029346	8.674158	0.002379	0.033994	0.008084	0.742965	0.412629	0.527011	-0.482942	0.875639	-0.004755	-0.463434	-0.250983	0.849845
20025	5.398858	-0.052710	8.714407	0.003691	0.037067	0.009844	0.743096	0.412757	0.526725	-0.483033	0.875590	-0.004681	-0.463128	-0.250947	0.850023
20026	5.370295	-0.125160	8.708059	0.004022	0.027778	0.006817	0.743191	0.412871	0.526502	-0.483074	0.875567	-0.004710	-0.462932	-0.250839	0.850161
20027	5.346262	-0.099372	8.701410	0.013797	0.013672	0.002263	0.743311	0.412819	0.526373	-0.483066	0.875572	-0.004531	-0.462748	-0.250905	0.850242
20028	5.438483	-0.077222	8.733578	0.014239	0.010567	-0.000754	0.743363	0.412824	0.526296	-0.483098	0.875555	-0.004432	-0.462631	-0.250958	0.850290
20029	5.369417	-0.048742	8.710492	0.020149	0.004273	0.000232	0.743387	0.412796	0.526285	-0.483199	0.875500	-0.004178	-0.462487	-0.251195	0.850298
20030	5.387056	0.025608	8.741830	0.020342	0.001174	-0.001278	0.743398	0.412772	0.526288	-0.483256	0.875470	-0.004025	-0.462410	-0.251340	0.850297
20031	5.446226	-0.048174	8.711189	0.014072	0.001289	-0.000768	0.743440	0.412702	0.526283	-0.483275	0.875460	-0.003835	-0.462323	-0.251488	0.850301
20032	5.369030	-0.044020	8.710756	0.015799	-0.000291	-0.002027	0.743448	0.412669	0.526298	-0.483305	0.875444	-0.003717	-0.462278	-0.251600	0.850292
20033	5.425132	0.004169	8.703302	0.013684	-0.006435	0.000728	0.743396	0.412643	0.526392	-0.483415	0.875384	-0.003519	-0.462247	-0.251850	0.850235
20034	5.429902	-0.092553	8.679705	0.013491	-0.003335	0.002237	0.743369	0.412640	0.526433	-0.483467	0.875356	-0.003442	-0.462236	-0.251954	0.850210
20035	5.432823	-0.018316	8.679689	0.012235	-0.003315	0.000483	0.743402	0.412549	0.526457	-0.483484	0.875347	-0.003231	-0.462166	-0.252131	0.850196
20036	5.422694	-0.090011	8.702440	0.016971	-0.004949	-0.000278	0.743380	0.412519	0.526511	-0.483533	0.875321	-0.003112	-0.462150	-0.252272	0.850162
20037	5.401849	-0.038864	8.694375	0.019456	-0.006534	0.003230	0.743402	0.412427	0.526552	-0.483566	0.875303	-0.002878	-0.462080	-0.252483	0.850138
20038	5.456399	-0.039393	8.686666	0.017730	-0.004952	0.004488	0.743357	0.412439	0.526607	-0.483653	0.875255	-0.002777	-0.462061	-0.252631	0.850104
20039	5.401964	-0.060446	8.693735	0.019456	-0.006533	0.003230	0.743336	0.412391	0.526674	-0.483760	0.875197	-0.002519	-0.461982	-0.252911	0.850064
20040	5.394005	-0.082972	8.716356	0.019870	-0.011188	0.000216	0.743283	0.412349	0.526781	-0.483826	0.875161	-0.002377	-0.461998	-0.253103	0.849998
20041	5.434859	-0.057993	8.677279	0.024551	-0.015914	-0.000546	0.743249	0.412239	0.526916	-0.483909	0.875116	-0.002073	-0.461967	-0.253439	0.849915
20042	5.420226	-0.079887	8.645363	0.019731	-0.018918	0.000212	0.743160	0.412178	0.527089	-0.483975	0.875080	-0.001932	-0.462041	-0.253662	0.849808
20043	5.461733	-0.030570	8.683348	0.024606	-0.012821	-0.000546	0.743114	0.412103	0.527211	-0.484102	0.875010	-0.001616	-0.461981	-0.254023	0.849733
20044	5.469736	-0.052863	8.659569	0.026884	-0.011326	-0.004815	0.743085	0.412017	0.527320	-0.484163	0.874977	-0.001387	-0.461964	-0.254278	0.849666
20045	5.455989	-0.025318	8.628215	0.027023	-0.003594	-0.004814	0.743130	0.411902	0.527347	-0.484232	0.874939	-0.001028	-0.461819	-0.254594	0.849650
20046	5.478262	-0.047998	8.636039	0.026887	0.002600	-0.003309	0.743158	0.411864	0.527337	-0.484304	0.874899	-0.000806	-0.461699	-0.254792	0.849656
20047	5.478650	-0.021034	8.636349	0.028503	0.008760	-0.003062	0.743224	0.411826	0.527273	-0.484416	0.874837	-0.000476	-0.461474	-0.255066	0.849696
20048	5.439924	0.007252	8.675258	0.025272	0.010368	-0.002053	0.743282	0.411820	0.527197	-0.484491	0.874796	-0.000275	-0.461304	-0.255217	0.849743
20049	5.430717	-0.014795	8.621764	0.023270	0.010414	0.000710	0.743341	0.411814	0.527117	-0.484603	0.874734	-0.000004	-0.461089	-0.255440	0.849793
20050	5.430076	0.011690	8.699629	0.023354	0.015053	0.000707	0.743407	0.411843	0.527002	-0.484689	0.874686	0.000167	-0.460892	-0.255556	0.849864
20051	5.451291	-0.011658	8.631213	0.024666	0.018131	0.002459	0.743507	0.411861	0.526847	-0.484793	0.874629	0.000420	-0.460622	-0.255724	0.849960
20052	5.418772	-0.008742	8.647466	0.021158	0.018204	0.004973	0.743566	0.411936	0.526704	-0.484901	0.874569	0.000550	-0.460413	-0.255808	0.850048
20053	5.447004	-0.032727	8.633416	0.020013	0.024405	0.003213	0.743686	0.411983	0.526499	-0.485009	0.874509	0.000783	-0.460105	-0.255939	0.850176
20054	5.468738	-0.007693	8.642651	0.019571	0.027520	0.006221	0.743783	0.412092	0.526277	-0.485119	0.874448	0.000893	-0.459834	-0.255971	0.850313
20055	5.450492	-0.005662	8.690461	0.019627	0.030614	0.006218	0.743940	0.412156	0.526004	-0.485195	0.874405	0.001072	-0.459499	-0.256012	0.850481
20056	5.338695	-0.024733	8.706963	0.020939	0.033693	0.007970	0.744056	0.412297	0.525730	-0.485324	0.874334	0.001185	-0.459175	-0.256031	0.850651
20057	5.427444	-0.075430	8.662919	0.021713	0.021278	0.001964	0.744208	0.412284	0.525525	-0.485382	0.874301	0.001454	-0.458867	-0.256163	0.850777
20058	5.388312	-0.023113	8.702382	0.025307	0.025845	-0.000554	0.744329	0.412330	0.525317	-0.485467	0.874254	0.001649	-0.458580	-0.256251	0.850905
20059	5.341994	0.029328	8.687620	0.024167	0.018158	0.005480	0.744387	0.412404	0.525178	-0.485621	0.874167	0.001866	-0.458323	-0.256427	0.850991
20060	5.391961	-0.043845	8.681456	0.025111	0.015020	-0.000536	0.744458	0.412422	0.525062	-0.485705	0.874120	0.002059	-0.458118	-0.256558	0.851062
20061	5.384663	0.007411	8.705113	0.022045	0.011979	-0.001032	0.744555	0.412388	0.524951	-0.485759	0.874090	0.002306	-0.457904	-0.256716	0.851129
20062	5.390635	-0.015388	8.682754	0.022045	0.011979	-0.001032	0.744615	0.412394	0.524861	-0.485825	0.874052	0.002475	-0.457736	-0.256834	0.851184
20063	5.390414	0.011039	8.683343	0.023578	0.013501	-0.000784	0.744663	0.412421	0.524772	-0.485955	0.873980	0.002716	-0.457520	-0.257038	0.851239
20064	5.398165	0.037020	8.660786	0.020512	0.010459	-0.001279	0.744718	0.412421	0.524695	-0.486013	0.873947	0.002874	-0.457370	-0.257148	0.851286
20065	5.366402	0.039997	8.676437	0.018951	0.007391	-0.001523	0.744761	0.412407	0.524644	-0.486075	0.873912	0.003055	-0.457233	-0.257292	0.851316
20066	5.395729	0.015913	8.661852	0.015496	0.010561	0.000979	0.744805	0.412427	0.524566	-0.486127	0.873883	0.003159	-0.457107	-0.257358	0.851364
20067	5.387920	0.041989	8.685311	0.014186	0.007480	-0.000770	0.744808	0.412460	0.524536	-0.486248	0.873814	0.003333	-0.456972	-0.257537	0.851382
20068	5.418260	0.041741	8.670543	0.010173	0.007582	0.004749	0.744820	0.412505	0.524484	-0.486304	0.873783	0.003371	-0.456894	-0.257569	0.851414
20069	5.394460	0.043172	8.663066	0.011455	0.009116	0.006502	0.744835	0.412568	0.524413	-0.486407	0.873725	0.003475	-0.456759	-0.257667	0.851457
20070	5.401048	0.043820	8.717579	0.010145	0.006035	0.004753	0.744839	0.412609	0.524374	-0.486463	0.873694	0.003513	-0.456693	-0.257705	0.851481
20071	5.400457	0.044500	8.717941	0.010424	0.007569	0.003244	0.744848	0.412649	0.524330	-0.486539	0.873652	0.003596	-0.456598	-0.257786	0.851507
20072	5.368593	0.021266	8.656440	0.002649	0.007709	0.003493	0.744866	0.412684	0.524277	-0.486550	0.873645	0.003578	-0.456556	-0.257752	0.851540
20073	5.383144	0.020758	8.687835	0.000614	0.006214	0.006256	0.744853	0.412750	0.524244	-0.486609	0.873612	0.003566	-0.456514	-0.257758	0.851561
20074	5.382747	0.020926	8.688080	0.010088	0.002942	0.004762	0.744844	0.412783	0.524231	-0.486664	0.873582	0.003604	-0.456471	-0.257809	0.851569
20075	5.374566	-0.003339	8.634139	0.000472	-0.001519	0.006277	0.744786	0.412844	0.524265	-0.486751	0.873533	0.003610	-0.456472	-0.257876	0.851547
20076	5.430351	0.069233	8.780653	0.018919	-0.008038	0.006300	0.744719	0.412863	0.524346	-0.486859	0.873473	0.003716	-0.456468	-0.258049	0.851497
20077	5.398598	-0.003302	8.641475	-0.000338	-0.004572	0.010801	0.744648	0.412939	0.524386	-0.486953	0.873420	0.003698	-0.456482	-0.258105	0.851473
20078	5.382185	-0.027472	8.687587	-0.001563	-0.003013	0.009040	0.744590	0.412995	0.524424	-0.486987	0.873402	0.003614	-0.456540	-0.258079	0.851450
20079	5.444583	-0.029827	8.657014	0.012928	-0.006390	0.005290	0.744503	0.413048	0.524506	-0.487140	0.873316	0.003730	-0.456519	-0.258285	0.851399
20080	5.444384	-0.028860	8.733915	0.006435	-0.004714	0.007291	0.744446	0.413084	0.524558	-0.487198	0.873284	0.003724	-0.456550	-0.258336	0.851366
20081	5.414341	-0.027828	8.671707	0.006994	-0.001648	0.004271	0.744438	0.413092	0.524564	-0.487251	0.873254	0.003800	-0.456508	-0.258423	0.851363
20082	5.481641	-0.078337	8.695859	0.012376	0.004421	0.000491	0.744456	0.413092	0.524538	-0.487285	0.873234	0.003880	-0.456442	-0.258488	0.851378
20083	5.419887	-0.074843	8.649274	0.021936	0.005787	-0.001017	0.744477	0.413109	0.524495	-0.487417	0.873159	0.004120	-0.456266	-0.258716	0.851403
20084	5.459022	-0.025377	8.688500	0.019098	0.015119	-0.001549	0.744554	0.413119	0.524378	-0.487467	0.873131	0.004269	-0.456087	-0.258795	0.851475
20085	5.419425	-0.022080	8.650410	0.025899	0.016522	-0.005064	0.744656	0.413108	0.524241	-0.487543	0.873087	0.004527	-0.455838	-0.258961	0.851558
20086	5.432954	-0.044689	8.605303	0.030414	0.016447	-0.004309	0.744753	0.413097	0.524113	-0.487624	0.873041	0.004787	-0.455595	-0.259135	0.851635
20087	5.433181	0.031715	8.683100	0.027044	0.024261	-0.001829	0.744887	0.413127	0.523898	-0.487722	0.872984	0.005048	-0.455269	-0.259277	0.851766
20088	5.438944	0.033539	8.661371	0.025065	0.025864	0.000924	0.745001	0.413186	0.523690	-0.487817	0.872930	0.005235	-0.454982	-0.259365	0.851893
20089	5.412603	0.012221	8.655079	0.027131	0.028904	-0.001845	0.745148	0.413231	0.523446	-0.487912	0.872876	0.005478	-0.454639	-0.259477	0.852041
20090	5.462672	-0.012211	8.650065	0.020361	0.042987	0.003113	0.745328	0.413354	0.523091	-0.488002	0.872825	0.005613	-0.454247	-0.259453	0.852258
20091	5.443932	-0.009743	8.621318	0.032875	0.041212	0.002130	0.745497	0.413468	0.522761	-0.488152	0.872739	0.005865	-0.453809	-0.259559	0.852459
20092	5.444972	-0.080919	8.601529	0.027142	0.056785	0.001055	0.745750	0.413609	0.522288	-0.488257	0.872679	0.006069	-0.453280	-0.259536	0.852747
20093	5.470667	-0.079571	8.589872	0.035119	0.067478	0.000771	0.746049	0.413781	0.521724	-0.488417	0.872587	0.006369	-0.452614	-0.259571	0.853091
20094	5.456468	-0.075858	8.616901	0.040058	0.076676	-0.000012	0.746397	0.413964	0.521081	-0.488572	0.872498	0.006689	-0.451873	-0.259579	0.853481
20095	5.396338	-0.020425	8.704950	0.049170	0.081176	0.001494	0.746742	0.414203	0.520396	-0.488837	0.872346	0.007123	-0.451015	-0.259708	0.853895
20096	5.288906	0.012819	8.777106	0.052688	0.081102	-0.001004	0.747113	0.414389	0.519715	-0.489041	0.872228	0.007556	-0.450179	-0.259807	0.854306
20097	5.223140	0.093284	8.810066	0.052345	0.062539	-0.000910	0.747396	0.414542	0.519187	-0.489268	0.872097	0.008006	-0.449462	-0.260005	0.854623
20098	5.205643	0.196707	8.857965	0.051379	0.050137	-0.005613	0.747649	0.414607	0.518769	-0.489431	0.872001	0.008452	-0.448863	-0.260221	0.854872
20099	5.165159	0.226003	8.820392	0.036868	0.027260	0.004499	0.747748	0.414718	0.518538	-0.489637	0.871882	0.008755	-0.448473	-0.260442	0.855010
20100	5.203545	0.276492	8.859791	0.028662	0.004185	0.004853	0.747744	0.414756	0.518514	-0.489777	0.871802	0.008953	-0.448328	-0.260651	0.855022
20101	5.240194	0.202813	8.822547	0.010863	-0.007858	0.008118	0.747675	0.414806	0.518573	-0.489896	0.871734	0.009028	-0.448313	-0.260797	0.854986
20102	5.296084	0.175371	8.737944	0.002001	-0.024688	0.012952	0.747501	0.414839	0.518797	-0.489976	0.871690	0.008956	-0.448515	-0.260893	0.854851
20103	5.342545	0.124142	8.753362	-0.006060	-0.026078	0.014687	0.747304	0.414900	0.519032	-0.490061	0.871643	0.008823	-0.448750	-0.260951	0.854709
20104	5.391156	0.095709	8.691248	-0.010828	-0.025986	0.015422	0.747113	0.414951	0.519267	-0.490102	0.871622	0.008629	-0.449024	-0.260940	0.854569
20105	5.423192	0.067983	8.675439	-0.014173	-0.016614	0.017864	0.746927	0.415089	0.519424	-0.490212	0.871562	0.008428	-0.449212	-0.260923	0.854475
20106	5.437496	0.016864	8.706391	-0.010055	-0.010461	0.021606	0.746775	0.415234	0.519526	-0.490303	0.871513	0.008208	-0.449366	-0.260855	0.854415
20107	5.386947	0.089902	8.711966	-0.017261	-0.007260	0.018803	0.746652	0.415368	0.519596	-0.490352	0.871488	0.007957	-0.449517	-0.260726	0.854375
20108	5.407422	0.013668	8.720734	-0.008570	0.001912	0.023295	0.746547	0.415560	0.519594	-0.490462	0.871428	0.007741	-0.449572	-0.260620	0.854378
20109	5.407182	0.011200	8.720887	-0.019324	0.003654	0.022999	0.746430	0.415794	0.519575	-0.490580	0.871364	0.007460	-0.449638	-0.260462	0.854392
20110	5.383577	0.009530	8.713173	-0.010918	0.009664	0.019732	0.746377	0.415975	0.519506	-0.490653	0.871325	0.007242	-0.449646	-0.260303	0.854436
20111	5.363763	-0.064528	8.760569	-0.009669	0.009657	0.021492	0.746303	0.416191	0.519439	-0.490773	0.871259	0.007036	-0.449637	-0.260178	0.854479
20112	5.395837	-0.018963	8.745635	-0.008872	0.011151	0.016970	0.746270	0.416353	0.519356	-0.490834	0.871226	0.006850	-0.449625	-0.260030	0.854530
20113	5.402178	-0.045051	8.723331	0.002332	0.006274	0.014275	0.746221	0.416494	0.519314	-0.490952	0.871160	0.006788	-0.449578	-0.260024	0.854556
20114	5.359325	-0.116108	8.762617	0.015765	0.012166	0.008770	0.746233	0.416587	0.519223	-0.491063	0.871097	0.006856	-0.449437	-0.260087	0.854612
20115	5.392441	-0.043193	8.747405	0.019193	0.007436	0.006299	0.746242	0.416644	0.519164	-0.491172	0.871035	0.006977	-0.449303	-0.260205	0.854646
20116	5.368978	-0.040604	8.739599	0.024893	0.002624	-0.000428	0.746256	0.416631	0.519153	-0.491255	0.870986	0.007170	-0.449187	-0.260387	0.854651
20117	5.345666	-0.037307	8.731701	0.029948	0.004058	-0.002676	0.746289	0.416614	0.519120	-0.491363	0.870923	0.007435	-0.449016	-0.260624	0.854669
20118	5.382231	-0.084461	8.694735	0.050165	0.011424	-0.002396	0.746353	0.416608	0.519033	-0.491545	0.870817	0.007854	-0.448711	-0.260990	0.854718
20119	5.337085	-0.004092	8.755359	0.046841	0.006765	-0.010659	0.746435	0.416536	0.518972	-0.491683	0.870735	0.008318	-0.448423	-0.261378	0.854751
20120	5.317512	0.098727	8.746250	0.043230	0.002214	-0.008134	0.746486	0.416456	0.518964	-0.491790	0.870670	0.008708	-0.448220	-0.261722	0.854752
20121	5.297576	0.176981	8.737007	0.047047	-0.007106	-0.004295	0.746449	0.416437	0.519033	-0.492013	0.870540	0.009128	-0.448038	-0.262185	0.854706
20122	5.274328	0.156730	8.728737	0.023914	-0.009782	-0.005114	0.746431	0.416351	0.519128	-0.492057	0.870513	0.009338	-0.448020	-0.262410	0.854646
20123	5.306469	0.157554	8.713120	0.023311	-0.014384	-0.002073	0.746362	0.416309	0.519260	-0.492158	0.870454	0.009534	-0.448023	-0.262673	0.854563
20124	5.300941	0.184172	8.734817	0.014360	-0.021895	0.004221	0.746244	0.416272	0.519459	-0.492228	0.870413	0.009613	-0.448142	-0.262866	0.854441
20125	5.271900	0.186008	8.748521	0.001500	-0.024728	0.006706	0.746076	0.416291	0.519685	-0.492308	0.870368	0.009569	-0.448334	-0.262984	0.854304
20126	5.320509	0.158328	8.686409	-0.005119	-0.029229	0.008723	0.745903	0.416275	0.519947	-0.492325	0.870360	0.009458	-0.448604	-0.263038	0.854146
20127	5.352414	0.106760	8.670463	-0.010999	-0.033692	0.015511	0.745675	0.416301	0.520252	-0.492358	0.870343	0.009253	-0.448946	-0.263051	0.853962
20128	5.371175	0.129273	8.699512	-0.009434	-0.030622	0.015745	0.745460	0.416342	0.520527	-0.492408	0.870317	0.009069	-0.449247	-0.263073	0.853797
20129	5.425184	0.052120	8.691876	-0.010999	-0.033690	0.015512	0.745217	0.416403	0.520826	-0.492487	0.870274	0.008880	-0.449564	-0.263118	0.853617
20130	5.387647	0.027636	8.728699	-0.017595	-0.024242	0.018941	0.745016	0.416489	0.521046	-0.492524	0.870256	0.008610	-0.449858	-0.263042	0.853485
20131	5.450784	-0.001645	8.697787	-0.006240	-0.021387	0.016190	0.744832	0.416579	0.521237	-0.492622	0.870202	0.008465	-0.450055	-0.263078	0.853370
20132	5.383699	0.024754	8.749250	-0.008092	-0.025982	0.017472	0.744629	0.416647	0.521472	-0.492690	0.870165	0.008283	-0.450315	-0.263092	0.853228
20133	5.391752	-0.051530	8.648766	-0.006697	-0.019894	0.009906	0.744477	0.416694	0.521651	-0.492746	0.870135	0.008162	-0.450506	-0.263118	0.853120
20134	5.416530	-0.027707	8.732572	-0.000425	-0.020018	0.009419	0.744341	0.416708	0.521834	-0.492789	0.870111	0.008088	-0.450683	-0.263175	0.853009
20135	5.385255	-0.075353	8.747185	0.003091	-0.020110	0.006918	0.744214	0.416702	0.522020	-0.492831	0.870088	0.008054	-0.450847	-0.263261	0.852895
20136	5.431856	0.068670	8.706097	-0.001106	-0.016957	0.004630	0.744115	0.416682	0.522176	-0.492835	0.870086	0.007999	-0.451005	-0.263299	0.852800
20137	5.407457	-0.003515	8.698070	0.009869	-0.020275	0.003419	0.744006	0.416653	0.522356	-0.492898	0.870050	0.008059	-0.451117	-0.263464	0.852690
20138	5.348996	0.048826	8.726497	0.008428	-0.017155	0.003144	0.743914	0.416620	0.522514	-0.492934	0.870029	0.008094	-0.451230	-0.263586	0.852592
20139	5.373855	0.023067	8.656475	0.009490	-0.026442	0.004967	0.743752	0.416612	0.522750	-0.493030	0.869974	0.008131	-0.451392	-0.263779	0.852447
20140	5.343902	0.026414	8.747516	0.009408	-0.018783	-0.002865	0.743682	0.416522	0.522921	-0.493026	0.869976	0.008205	-0.451511	-0.263916	0.852341
20141	5.394118	0.049016	8.684585	0.012880	-0.032722	0.002508	0.743510	0.416464	0.523211	-0.493104	0.869931	0.008282	-0.451709	-0.264156	0.852163
20142	5.342887	0.052590	8.689910	0.019151	-0.032846	0.002016	0.743353	0.416379	0.523503	-0.493180	0.869886	0.008414	-0.451885	-0.264436	0.851982
20143	5.390865	0.027980	8.704451	0.014889	-0.032787	-0.000248	0.743181	0.416317	0.523796	-0.493267	0.869836	0.008513	-0.452072	-0.264698	0.851801
20144	5.369805	0.031391	8.771941	0.017930	-0.031291	0.000246	0.743039	0.416221	0.524074	-0.493325	0.869802	0.008644	-0.452243	-0.264961	0.851629
20145	5.421632	0.079021	8.708138	0.019592	-0.035978	-0.000972	0.742874	0.416113	0.524393	-0.493393	0.869762	0.008791	-0.452439	-0.265263	0.851431
20146	5.356616	0.107344	8.681911	0.013290	-0.037398	-0.000464	0.742708	0.415994	0.524723	-0.493425	0.869743	0.008885	-0.452678	-0.265510	0.851227
20147	5.372104	0.035656	8.711978	0.022790	-0.039141	-0.001951	0.742542	0.415855	0.525067	-0.493490	0.869704	0.009078	-0.452877	-0.265856	0.851013
20148	5.432678	0.108032	8.701453	0.010187	-0.041983	-0.000930	0.742357	0.415720	0.525435	-0.493505	0.869695	0.009148	-0.453165	-0.266096	0.850785
20149	5.347970	0.014720	8.645870	0.024734	-0.042300	-0.004689	0.742188	0.415560	0.525802	-0.493576	0.869652	0.009383	-0.453366	-0.266487	0.850555
20150	5.484397	0.061640	8.713293	0.023135	-0.046912	-0.004904	0.742000	0.415376	0.526212	-0.493619	0.869625	0.009584	-0.453626	-0.266860	0.850300
20151	5.364120	0.044491	8.694707	0.026676	-0.045458	-0.007425	0.741821	0.415195	0.526607	-0.493688	0.869584	0.009839	-0.453844	-0.267278	0.850052
20152	5.356371	0.121675	8.659704	0.053011	-0.058348	-0.009091	0.741602	0.414944	0.527113	-0.493836	0.869494	0.010316	-0.454041	-0.267958	0.849732
20153	5.401623	0.002869	8.751896	0.014635	-0.045250	-0.009419	0.741429	0.414753	0.527506	-0.493845	0.869487	0.010480	-0.454313	-0.268276	0.849487
20154	5.391046	0.176545	8.660679	0.052950	-0.073822	-0.010472	0.741146	0.414448	0.528143	-0.493982	0.869403	0.010964	-0.454625	-0.269019	0.849085
20155	5.418396	-0.039208	8.722902	0.022689	-0.056263	-0.012589	0.740936	0.414205	0.528628	-0.494010	0.869384	0.011213	-0.454936	-0.269456	0.848779
20156	5.457753	0.231195	8.722517	0.029690	-0.070275	-0.009717	0.740665	0.413915	0.529235	-0.494048	0.869358	0.011496	-0.455336	-0.269982	0.848398
20157	5.382126	0.113810	8.566284	0.060202	-0.063058	-0.006330	0.740400	0.413694	0.529778	-0.494284	0.869217	0.012038	-0.455512	-0.270773	0.848051
20158	5.503123	-0.080560	8.659472	0.024216	-0.068554	-0.004438	0.740110	0.413454	0.530370	-0.494336	0.869185	0.012246	-0.455927	-0.271244	0.847678
20159	5.456926	0.170509	8.758831	0.032943	-0.071764	-0.001419	0.739771	0.413270	0.530987	-0.494503	0.869086	0.012528	-0.456296	-0.271842	0.847288
20160	5.434354	0.024851	8.518555	0.068467	-0.064661	-0.000340	0.739478	0.413075	0.531546	-0.494787	0.868916	0.013089	-0.456462	-0.272681	0.846929
20161	5.532710	0.029942	8.777287	0.016290	-0.077548	0.005233	0.739088	0.412916	0.532212	-0.494909	0.868845	0.013193	-0.456962	-0.273147	0.846508
20162	5.449969	0.109182	8.740441	0.061927	-0.079861	0.009603	0.738676	0.412765	0.532901	-0.495237	0.868651	0.013645	-0.457272	-0.273992	0.846068
20163	5.397476	0.165906	8.688430	0.109795	-0.086651	0.028295	0.738132	0.412771	0.533648	-0.495946	0.868234	0.014414	-0.457382	-0.275300	0.845584
20164	5.454365	0.047838	8.678428	0.079153	-0.092022	0.045056	0.737488	0.412893	0.534444	-0.496615	0.867844	0.014822	-0.457694	-0.276344	0.845074
20165	5.057098	-0.091961	9.109174	0.076815	-0.130747	0.035973	0.736700	0.412846	0.535566	-0.497229	0.867485	0.015256	-0.458297	-0.277538	0.844355
20166	5.118106	-0.065191	8.884271	0.161022	-0.191337	0.014881	0.735749	0.412426	0.537194	-0.498051	0.866990	0.016515	-0.458931	-0.279701	0.843297
20167	5.226671	-0.176791	8.983331	0.111808	-0.266117	0.014394	0.734449	0.411797	0.539451	-0.498656	0.866626	0.017356	-0.460355	-0.281747	0.841838
20168	5.175469	0.010225	8.987308	0.171041	-0.322918	0.004643	0.732938	0.410907	0.542178	-0.499453	0.866138	0.018749	-0.461897	-0.284534	0.840054
20169	5.166002	0.106111	9.106055	0.210867	-0.389877	0.008983	0.731079	0.409874	0.545461	-0.500490	0.865501	0.020444	-0.463717	-0.287944	0.837887
20170	5.158013	0.153482	9.068893	0.277018	-0.435569	0.015464	0.728978	0.408728	0.549119	-0.501865	0.864649	0.022657	-0.465535	-0.292100	0.835437
20171	5.151125	0.081461	9.032397	0.277218	-0.529364	0.023569	0.726378	0.407381	0.553549	-0.503325	0.863741	0.024808	-0.468016	-0.296635	0.832447
20172	4.889250	0.306050	9.382215	0.330881	-0.626988	0.035290	0.723257	0.405793	0.558777	-0.505108	0.862623	0.027340	-0.470919	-0.302017	0.828867
20173	4.763672	0.229734	9.551040	0.343314	-0.768375	0.049695	0.719363	0.403883	0.565151	-0.507081	0.861381	0.029864	-0.474748	-0.308060	0.824447
20174	4.766143	0.464955	9.627334	0.364929	-0.938740	0.072527	0.714515	0.401567	0.572898	-0.509316	0.859968	0.032431	-0.479651	-0.314958	0.818985
20175	4.836148	0.496692	9.592714	0.333175	-1.135717	0.088948	0.708565	0.398727	0.582196	-0.511557	0.858553	0.034598	-0.486051	-0.322341	0.812312
20176	4.987238	0.395010	9.495442	0.264015	-1.370097	0.105135	0.701310	0.395144	0.593317	-0.513566	0.857291	0.036095	-0.494382	-0.330021	0.804159
20177	4.993641	0.044240	9.310255	0.212159	-1.598087	0.121092	0.692692	0.390865	0.606137	-0.515473	0.856106	0.037025	-0.504446	-0.338094	0.794498
20178	4.948347	-0.123353	9.337483	0.202989	-1.895127	0.144997	0.682269	0.385595	0.621148	-0.517479	0.854864	0.037718	-0.516453	-0.347165	0.782785
20179	5.051180	-0.104593	9.291596	0.220790	-2.183837	0.179762	0.669892	0.379470	0.638159	-0.519862	0.853393	0.038256	-0.530084	-0.357382	0.768953
20180	4.790959	0.354418	9.001978	0.197424	-2.497640	0.243921	0.655186	0.372469	0.657266	-0.522513	0.851777	0.038162	-0.545630	-0.368433	0.752692
