// General information: 
//  MT Manager version: 2022.2.0 
//  XDA version: 2022.2.0 build 7381 rev 124627 built on 2023-07-19
// Device information: 
//  DeviceId: 00B4CBA7
//  ProductCode: MTW2-3A7G6
//  Firmware Version: 4.6.0
//  Hardware Version: 2.0.0
// Device settings: 
//  Filter Profile: human(46.1)
//  Option Flags: Orientation Smoother Disabled, Position/Velocity Smoother Disabled, Continuous Zero Rotation Update Disabled, AHS Disabled, ICC Disabled
// Coordinate system: ENU
PacketCounter	Acc_X	Acc_Y	Acc_Z	Gyr_X	Gyr_Y	Gyr_Z	Mat[1][1]	Mat[2][1]	Mat[3][1]	Mat[1][2]	Mat[2][2]	Mat[3][2]	Mat[1][3]	Mat[2][3]	Mat[3][3]
02371	9.356044	-0.203565	-2.861678	0.005777	0.000663	0.023634	0.265258	0.108273	0.958079	0.416748	-0.908934	-0.012664	0.869459	0.402637	-0.286225
02372	9.358223	-0.154946	-2.881792	0.013383	-0.004932	0.016513	0.265377	0.108188	0.958055	0.416824	-0.908897	-0.012822	0.869386	0.402743	-0.286296
02373	9.316423	-0.134067	-2.918351	0.011405	-0.001319	0.017955	0.265439	0.108063	0.958052	0.416878	-0.908870	-0.012986	0.869342	0.402838	-0.286299
02374	9.316853	-0.123773	-2.976892	0.016435	0.000949	0.014251	0.265498	0.107975	0.958046	0.416986	-0.908818	-0.013130	0.869272	0.402977	-0.286313
02375	9.330580	-0.058099	-2.983152	0.014657	-0.002138	0.012469	0.265544	0.107903	0.958041	0.417082	-0.908772	-0.013251	0.869211	0.403101	-0.286323
02376	9.309488	-0.054365	-2.972071	0.020259	0.000976	0.010665	0.265588	0.107847	0.958036	0.417233	-0.908701	-0.013372	0.869126	0.403276	-0.286337
02377	9.299891	-0.034076	-2.947164	0.021821	0.000018	0.011844	0.265612	0.107772	0.958037	0.417394	-0.908625	-0.013507	0.869041	0.403466	-0.286326
02378	9.330010	-0.075401	-2.924836	0.017957	-0.005652	0.015477	0.265734	0.107700	0.958012	0.417511	-0.908569	-0.013668	0.868948	0.403613	-0.286404
02379	9.336827	-0.043897	-2.928177	0.023714	0.000964	0.018193	0.265777	0.107564	0.958015	0.417672	-0.908492	-0.013869	0.868857	0.403822	-0.286383
02380	9.329859	-0.079974	-2.925193	0.023673	-0.004682	0.018243	0.265901	0.107463	0.957992	0.417832	-0.908415	-0.014072	0.868742	0.404021	-0.286451
02381	9.373688	-0.054570	-2.909400	0.020841	-0.006507	0.021105	0.266022	0.107331	0.957973	0.417959	-0.908353	-0.014293	0.868644	0.404196	-0.286501
02382	9.324940	-0.067833	-2.943066	0.017720	-0.004588	0.018744	0.266147	0.107225	0.957950	0.418066	-0.908301	-0.014483	0.868554	0.404341	-0.286569
02383	9.367407	-0.068823	-3.024175	0.018118	-0.002138	0.019992	0.266225	0.107085	0.957944	0.418173	-0.908249	-0.014686	0.868479	0.404496	-0.286579
02384	9.304665	-0.043004	-3.049427	0.014758	0.000837	0.020903	0.266313	0.106938	0.957936	0.418248	-0.908211	-0.014889	0.868416	0.404620	-0.286595
02385	9.293213	-0.061823	-3.062982	0.010252	0.002113	0.018014	0.266345	0.106799	0.957943	0.418292	-0.908188	-0.015050	0.868385	0.404708	-0.286565
02386	9.290885	-0.114676	-3.042672	0.010014	0.003172	0.021284	0.266415	0.106640	0.957941	0.418325	-0.908170	-0.015242	0.868348	0.404791	-0.286560
02387	9.299974	-0.150928	-3.008824	0.018185	-0.001591	0.016068	0.266471	0.106533	0.957937	0.418442	-0.908113	-0.015407	0.868273	0.404947	-0.286564
02388	9.315531	-0.165460	-2.919587	0.020607	0.002892	0.015821	0.266521	0.106425	0.957935	0.418582	-0.908045	-0.015577	0.868191	0.405126	-0.286561
02389	9.354634	-0.134623	-2.861300	0.025816	0.003551	0.012763	0.266519	0.106328	0.957947	0.418775	-0.907954	-0.015733	0.868099	0.405357	-0.286514
02390	9.333710	-0.131136	-2.849671	0.031424	0.006661	0.010952	0.266515	0.106248	0.957957	0.419021	-0.907838	-0.015887	0.867981	0.405638	-0.286473
02391	9.329348	-0.115971	-2.865926	0.023271	0.006322	0.012300	0.266487	0.106144	0.957976	0.419193	-0.907756	-0.016031	0.867907	0.405849	-0.286400
02392	9.329422	-0.117576	-2.865621	0.017505	-0.000293	0.009593	0.266538	0.106105	0.957966	0.419322	-0.907694	-0.016132	0.867829	0.405996	-0.286427
02393	9.379083	-0.084381	-2.949313	0.018702	0.007060	0.013331	0.266508	0.105988	0.957987	0.419451	-0.907632	-0.016273	0.867775	0.406166	-0.286348
02394	9.328134	-0.041083	-2.960226	0.009798	0.007468	0.012129	0.266502	0.105895	0.957999	0.419506	-0.907605	-0.016376	0.867751	0.406251	-0.286303
02395	9.370375	-0.053479	-2.981982	-0.000844	0.002110	0.017648	0.266534	0.105759	0.958006	0.419455	-0.907626	-0.016502	0.867766	0.406238	-0.286274
02396	9.338523	-0.054129	-3.042496	-0.001890	0.011705	0.013733	0.266498	0.105635	0.958029	0.419405	-0.907648	-0.016587	0.867801	0.406222	-0.286190
02397	9.332392	-0.077252	-3.096764	-0.009536	0.011682	0.020899	0.266459	0.105430	0.958063	0.419269	-0.907708	-0.016719	0.867878	0.406141	-0.286071
02398	9.291167	-0.055907	-3.132060	-0.012481	0.012000	0.019190	0.266444	0.105256	0.958086	0.419112	-0.907779	-0.016826	0.867959	0.406029	-0.285986
02399	9.309577	-0.125361	-3.063208	-0.015026	0.014769	0.018727	0.266370	0.105059	0.958128	0.418934	-0.907859	-0.016922	0.868067	0.405900	-0.285839
02400	9.339513	-0.178149	-2.980513	-0.010627	0.015633	0.017042	0.266314	0.104889	0.958162	0.418799	-0.907920	-0.017013	0.868150	0.405808	-0.285720
02401	9.340065	-0.179499	-2.978701	-0.003402	0.023428	0.016355	0.266155	0.104678	0.958230	0.418729	-0.907950	-0.017119	0.868233	0.405794	-0.285487
02402	9.330435	-0.170880	-2.893718	0.001060	0.011392	0.015440	0.266130	0.104541	0.958252	0.418699	-0.907962	-0.017229	0.868254	0.405804	-0.285407
02403	9.309765	-0.166663	-2.881313	-0.000204	0.016939	0.010932	0.266004	0.104406	0.958301	0.418671	-0.907973	-0.017292	0.868307	0.405813	-0.285236
02404	9.333305	-0.134509	-2.852198	0.011365	0.019944	0.008623	0.265876	0.104295	0.958349	0.418750	-0.907935	-0.017366	0.868307	0.405926	-0.285072
02405	9.336425	-0.084909	-2.870483	0.001011	0.019183	0.010806	0.265730	0.104152	0.958405	0.418733	-0.907942	-0.017431	0.868360	0.405948	-0.284880
02406	9.283239	-0.091691	-2.860545	-0.004257	0.012884	0.013916	0.265686	0.104022	0.958431	0.418661	-0.907974	-0.017510	0.868409	0.405910	-0.284786
02407	9.288015	-0.109731	-2.842578	-0.003032	0.010011	0.009931	0.265616	0.103924	0.958461	0.418611	-0.907996	-0.017556	0.868454	0.405885	-0.284682
02408	9.308608	-0.128134	-2.794485	-0.005929	0.002541	0.012852	0.265657	0.103847	0.958458	0.418527	-0.908033	-0.017620	0.868482	0.405822	-0.284688
02409	9.319560	-0.124589	-2.721898	-0.000144	0.004042	0.011700	0.265646	0.103757	0.958471	0.418498	-0.908046	-0.017691	0.868500	0.405817	-0.284640
02410	9.341239	-0.119211	-2.791572	-0.006628	-0.004497	0.014933	0.265756	0.103688	0.958448	0.418403	-0.908087	-0.017774	0.868512	0.405741	-0.284713
02411	9.259951	-0.142132	-2.827927	-0.000431	-0.005660	0.011165	0.265827	0.103643	0.958433	0.418373	-0.908100	-0.017838	0.868505	0.405724	-0.284759
02412	9.269230	-0.165123	-2.853495	-0.005634	-0.011422	0.010355	0.265978	0.103644	0.958391	0.418299	-0.908134	-0.017879	0.868494	0.405649	-0.284898
02413	9.315558	-0.087790	-2.858533	0.008182	-0.015782	0.011839	0.266140	0.103633	0.958347	0.418341	-0.908112	-0.017975	0.868424	0.405700	-0.285039
02414	9.300460	-0.061834	-2.793688	0.000436	-0.018771	0.010565	0.266356	0.103663	0.958284	0.418319	-0.908121	-0.018036	0.868369	0.405672	-0.285247
02415	9.307422	-0.123767	-2.858682	0.002571	-0.018877	0.013642	0.266552	0.103648	0.958231	0.418308	-0.908124	-0.018133	0.868314	0.405669	-0.285419
02416	9.308834	-0.086580	-2.822172	0.011243	-0.023347	0.014255	0.266822	0.103663	0.958154	0.418369	-0.908094	-0.018259	0.868201	0.405734	-0.285669
02417	9.399444	-0.076444	-2.871871	0.010498	-0.022598	0.011704	0.267043	0.103681	0.958091	0.418432	-0.908063	-0.018360	0.868103	0.405798	-0.285875
02418	9.413415	-0.105238	-2.940096	0.001930	-0.015143	0.019523	0.267264	0.103615	0.958037	0.418398	-0.908075	-0.018509	0.868051	0.405788	-0.286048
02419	9.395449	-0.132904	-3.069129	-0.005285	-0.014609	0.011660	0.267415	0.103601	0.957996	0.418324	-0.908108	-0.018565	0.868041	0.405717	-0.286180
02420	9.385770	-0.206299	-3.105829	-0.008934	-0.016210	0.015892	0.267630	0.103572	0.957939	0.418207	-0.908160	-0.018649	0.868031	0.405608	-0.286365
02421	9.343128	-0.196689	-3.085266	0.007721	-0.018760	0.014502	0.267829	0.103549	0.957886	0.418238	-0.908143	-0.018769	0.867954	0.405651	-0.286535
02422	9.374644	-0.199156	-3.025637	0.004197	-0.014177	0.014758	0.268021	0.103523	0.957835	0.418238	-0.908141	-0.018879	0.867895	0.405663	-0.286699
02423	9.332163	-0.189698	-3.004626	0.004602	-0.011725	0.016002	0.268166	0.103458	0.957801	0.418238	-0.908139	-0.019005	0.867850	0.405685	-0.286802
02424	9.322358	-0.168965	-2.980860	0.003106	-0.010232	0.010904	0.268309	0.103450	0.957762	0.418237	-0.908138	-0.019075	0.867807	0.405690	-0.286928
02425	9.352878	-0.091261	-3.016209	0.002934	-0.008633	0.010252	0.268402	0.103425	0.957739	0.418238	-0.908136	-0.019141	0.867777	0.405700	-0.287002
02426	9.375742	-0.059130	-2.989779	0.001718	-0.010870	0.010377	0.268549	0.103425	0.957698	0.418225	-0.908140	-0.019202	0.867738	0.405690	-0.287135
02427	9.326269	-0.082785	-2.965226	-0.006841	-0.008525	0.014341	0.268658	0.103362	0.957674	0.418130	-0.908183	-0.019279	0.867750	0.405611	-0.287209
02428	9.302875	-0.116997	-2.993206	-0.013951	-0.005007	0.014914	0.268773	0.103298	0.957649	0.417972	-0.908254	-0.019338	0.867790	0.405468	-0.287289
02429	9.289941	-0.158667	-2.890603	-0.007713	-0.013958	0.015766	0.268935	0.103244	0.957609	0.417866	-0.908301	-0.019426	0.867791	0.405376	-0.287416
02430	9.294516	-0.165030	-2.933474	0.001659	-0.011402	0.014291	0.269102	0.103211	0.957565	0.417844	-0.908309	-0.019524	0.867750	0.405367	-0.287554
02431	9.310229	-0.166862	-2.903915	-0.000711	-0.010228	0.014482	0.269227	0.103153	0.957536	0.417802	-0.908326	-0.019620	0.867732	0.405343	-0.287644
02432	9.314886	-0.173277	-2.946484	0.005074	-0.008738	0.013322	0.269367	0.103119	0.957501	0.417815	-0.908318	-0.019719	0.867682	0.405369	-0.287756
02433	9.332931	-0.230915	-2.938216	0.010859	-0.007249	0.012162	0.269456	0.103071	0.957481	0.417879	-0.908286	-0.019825	0.867623	0.405453	-0.287815
02434	9.323751	-0.198165	-2.972795	0.018029	-0.010235	0.007668	0.269586	0.103093	0.957442	0.418016	-0.908222	-0.019907	0.867517	0.405593	-0.287938
02435	9.305148	-0.143296	-2.982686	0.018608	-0.009382	0.009563	0.269683	0.103077	0.957416	0.418154	-0.908155	-0.020011	0.867420	0.405745	-0.288016
02436	9.299921	-0.139761	-2.941825	0.016990	-0.008952	0.012302	0.269821	0.103053	0.957380	0.418270	-0.908100	-0.020134	0.867322	0.405876	-0.288128
02437	9.355958	-0.085000	-2.971533	0.015253	-0.011510	0.006614	0.269924	0.103072	0.957349	0.418387	-0.908044	-0.020201	0.867233	0.405995	-0.288227
02438	9.318700	-0.080151	-2.991490	0.011566	-0.000213	0.010079	0.269977	0.103032	0.957338	0.418461	-0.908008	-0.020286	0.867181	0.406085	-0.288257
02439	9.323529	-0.086649	-3.033452	0.007685	-0.005853	0.013722	0.270061	0.102964	0.957322	0.418493	-0.907991	-0.020399	0.867139	0.406142	-0.288303
02440	9.334999	-0.071592	-3.020252	-0.000062	-0.003716	0.016321	0.270170	0.102883	0.957300	0.418453	-0.908007	-0.020511	0.867125	0.406127	-0.288368
02441	9.322752	-0.101524	-2.975684	-0.000641	-0.004568	0.014425	0.270245	0.102803	0.957287	0.418412	-0.908024	-0.020606	0.867121	0.406109	-0.288403
02442	9.318202	-0.086028	-2.992877	-0.002660	-0.001472	0.019778	0.270350	0.102681	0.957271	0.418337	-0.908055	-0.020744	0.867125	0.406070	-0.288448
02443	9.308205	-0.172020	-2.969503	-0.002830	0.000126	0.019126	0.270404	0.102540	0.957271	0.418264	-0.908086	-0.020877	0.867143	0.406037	-0.288439
02444	9.333539	-0.196448	-2.963934	0.006648	-0.004570	0.018355	0.270529	0.102444	0.957246	0.418274	-0.908077	-0.021028	0.867099	0.406080	-0.288511
02445	9.353964	-0.215931	-2.916614	0.005907	0.001292	0.019665	0.270576	0.102293	0.957249	0.418275	-0.908073	-0.021192	0.867084	0.406127	-0.288489
02446	9.333455	-0.200308	-2.963939	0.009724	0.001285	0.016080	0.270641	0.102193	0.957241	0.418318	-0.908050	-0.021329	0.867043	0.406204	-0.288505
02447	9.337886	-0.219087	-2.946896	0.010533	0.001071	0.014710	0.270669	0.102088	0.957244	0.418372	-0.908022	-0.021460	0.867008	0.406293	-0.288484
02448	9.358850	-0.226301	-2.958000	0.012322	-0.000957	0.012622	0.270739	0.102030	0.957231	0.418448	-0.907985	-0.021571	0.866950	0.406391	-0.288521
02449	9.321745	-0.221629	-2.977423	0.013770	0.000209	0.009230	0.270751	0.101978	0.957233	0.418545	-0.907938	-0.021659	0.866899	0.406509	-0.288507
02450	9.300722	-0.217316	-2.966292	0.016139	-0.000965	0.009037	0.270807	0.101951	0.957220	0.418661	-0.907882	-0.021747	0.866826	0.406639	-0.288544
02451	9.326814	-0.134867	-2.959282	0.018339	-0.000542	0.008192	0.270822	0.101912	0.957220	0.418800	-0.907816	-0.021837	0.866754	0.406798	-0.288537
02452	9.347775	-0.141557	-2.970456	0.008042	-0.000745	0.006476	0.270864	0.101908	0.957208	0.418857	-0.907789	-0.021878	0.866713	0.406859	-0.288573
02453	9.282522	-0.164398	-2.975254	-0.004669	0.004822	0.012724	0.270851	0.101806	0.957223	0.418785	-0.907820	-0.021946	0.866752	0.406814	-0.288519
02454	9.345623	-0.182067	-3.008190	-0.003803	0.005131	0.007438	0.270847	0.101770	0.957228	0.418732	-0.907844	-0.021961	0.866779	0.406770	-0.288501
02455	9.329747	-0.182104	-3.038100	-0.001944	0.008747	0.005289	0.270769	0.101719	0.957255	0.418704	-0.907857	-0.021965	0.866817	0.406754	-0.288409
02456	9.283093	-0.166037	-2.973381	-0.009291	0.008225	0.005275	0.270729	0.101690	0.957270	0.418614	-0.907899	-0.021944	0.866873	0.406668	-0.288363
02457	9.346371	-0.183139	-3.005801	-0.006850	0.012696	0.005021	0.270615	0.101625	0.957309	0.418544	-0.907932	-0.021932	0.866942	0.406611	-0.288235
02458	9.362254	-0.195708	-2.915557	-0.005063	0.010666	0.002934	0.270545	0.101607	0.957330	0.418490	-0.907957	-0.021900	0.866990	0.406558	-0.288165
02459	9.367496	-0.200979	-2.956237	0.003903	0.010755	0.000211	0.270428	0.101594	0.957365	0.418527	-0.907941	-0.021872	0.867009	0.406597	-0.288053
02460	9.340955	-0.110914	-2.997901	0.015890	0.016169	-0.000871	0.270294	0.101589	0.957403	0.418665	-0.907877	-0.021864	0.866983	0.406741	-0.287926
02461	9.315496	-0.100690	-2.943580	0.002299	0.016310	0.006802	0.270157	0.101493	0.957452	0.418670	-0.907875	-0.021895	0.867024	0.406771	-0.287761
02462	9.350594	-0.145987	-2.961356	-0.007092	0.008649	0.004427	0.270110	0.101471	0.957468	0.418600	-0.907907	-0.021872	0.867073	0.406704	-0.287711
02463	9.350989	-0.146407	-2.960086	0.013296	0.018418	0.002585	0.269937	0.101405	0.957523	0.418711	-0.907856	-0.021894	0.867073	0.406836	-0.287523
02464	9.337795	-0.107872	-2.950521	0.012487	0.018637	0.003953	0.269801	0.101346	0.957568	0.418808	-0.907810	-0.021922	0.867068	0.406952	-0.287373
02465	9.370863	-0.097731	-2.946636	-0.002982	0.010041	0.009918	0.269731	0.101248	0.957598	0.418758	-0.907832	-0.021967	0.867114	0.406928	-0.287269
02466	9.349535	-0.104386	-2.876066	-0.012240	0.008552	0.003562	0.269682	0.101234	0.957613	0.418642	-0.907887	-0.021920	0.867186	0.406809	-0.287221
02467	9.325042	-0.256031	-2.845298	-0.019707	0.006981	0.011375	0.269644	0.101135	0.957634	0.418443	-0.907978	-0.021932	0.867293	0.406629	-0.287150
02468	9.341195	-0.256875	-2.814273	0.001802	0.003091	0.001768	0.269634	0.101159	0.957635	0.418456	-0.907973	-0.021908	0.867290	0.406635	-0.287151
02469	9.308578	-0.268130	-2.816672	0.001330	0.000112	0.004442	0.269627	0.101151	0.957638	0.418458	-0.907972	-0.021913	0.867291	0.406640	-0.287141
02470	9.290489	-0.212233	-2.825704	0.001970	0.001493	0.002421	0.269632	0.101176	0.957633	0.418471	-0.907966	-0.021897	0.867283	0.406646	-0.287156
02471	9.293339	-0.161728	-2.846072	-0.004642	-0.004892	0.001095	0.269655	0.101219	0.957623	0.418431	-0.907986	-0.021853	0.867296	0.406592	-0.287196
02472	9.324127	-0.177653	-2.941061	-0.004474	-0.006490	0.001748	0.269727	0.101282	0.957596	0.418390	-0.908005	-0.021811	0.867293	0.406532	-0.287289
02473	9.319589	-0.160721	-2.958496	0.002705	-0.004372	0.001114	0.269745	0.101322	0.957586	0.418413	-0.907995	-0.021789	0.867276	0.406544	-0.287322
02474	9.332265	-0.120433	-3.062572	-0.003664	-0.006706	0.000379	0.269813	0.101399	0.957559	0.418383	-0.908011	-0.021736	0.867270	0.406491	-0.287417
02475	9.358796	-0.119582	-3.174045	0.002963	0.004800	0.005558	0.269770	0.101362	0.957575	0.418396	-0.908004	-0.021757	0.867276	0.406515	-0.287362
02476	9.345799	-0.069229	-3.224422	0.010480	0.003723	0.006229	0.269773	0.101343	0.957576	0.418472	-0.907968	-0.021801	0.867239	0.406600	-0.287355
02477	9.399681	-0.065022	-3.232303	0.010327	0.010443	0.009429	0.269698	0.101248	0.957607	0.418539	-0.907935	-0.021880	0.867230	0.406697	-0.287244
02478	9.325462	-0.066311	-3.211338	0.019662	0.017581	0.015720	0.269620	0.101088	0.957646	0.418671	-0.907870	-0.022041	0.867191	0.406881	-0.287103
02479	9.302325	-0.019088	-3.118573	0.025561	0.016941	0.019128	0.269529	0.100878	0.957694	0.418844	-0.907785	-0.022256	0.867135	0.407123	-0.286927
02480	9.313839	-0.017281	-3.044835	0.021851	0.014839	0.027273	0.269524	0.100625	0.957722	0.418962	-0.907724	-0.022533	0.867080	0.407323	-0.286811
02481	9.362352	-0.022141	-2.951556	0.026607	0.017614	0.030742	0.269475	0.100307	0.957769	0.419113	-0.907646	-0.022863	0.867022	0.407575	-0.286628
02482	9.329858	0.045825	-2.834042	0.031531	0.018794	0.034863	0.269468	0.099969	0.957806	0.419293	-0.907554	-0.023240	0.866937	0.407864	-0.286473
02483	9.285318	0.002013	-2.790118	0.018377	0.013646	0.048397	0.269528	0.099506	0.957838	0.419325	-0.907527	-0.023715	0.866903	0.408037	-0.286329
02484	9.331947	-0.031751	-2.794269	0.033750	0.008298	0.051048	0.269679	0.099065	0.957841	0.419482	-0.907439	-0.024253	0.866780	0.408338	-0.286274
02485	9.411395	0.117787	-2.831150	0.075648	0.033625	0.062815	0.269627	0.098390	0.957925	0.419971	-0.907192	-0.025030	0.866559	0.409050	-0.285924
02486	9.325228	0.160781	-2.858343	0.111156	0.059278	0.065341	0.269396	0.097611	0.958070	0.420763	-0.906800	-0.025925	0.866247	0.410104	-0.285360
02487	9.132481	0.030499	-2.890542	0.088448	0.040373	0.080477	0.269361	0.096749	0.958167	0.421315	-0.906515	-0.026907	0.865990	0.410938	-0.284941
02488	9.056926	0.076999	-2.846839	0.086777	0.027451	0.087911	0.269501	0.095895	0.958213	0.421830	-0.906244	-0.027947	0.865696	0.411735	-0.284686
02489	9.110430	0.060260	-2.794864	0.052136	0.011938	0.091674	0.269760	0.095048	0.958225	0.422037	-0.906117	-0.028933	0.865514	0.412211	-0.284548
02490	9.089779	-0.022523	-2.686874	0.025353	0.005049	0.096618	0.270132	0.094209	0.958203	0.421996	-0.906105	-0.029880	0.865418	0.412429	-0.284523
02491	9.174474	-0.123102	-2.693538	0.017269	-0.010203	0.103341	0.270631	0.093347	0.958147	0.421869	-0.906131	-0.030878	0.865324	0.412569	-0.284608
02492	9.179967	0.039519	-2.559261	0.007502	-0.017744	0.112052	0.271264	0.092463	0.958053	0.421629	-0.906207	-0.031922	0.865243	0.412602	-0.284806
02493	9.234698	-0.021972	-2.590965	-0.035883	-0.029175	0.119113	0.271994	0.091536	0.957936	0.420998	-0.906464	-0.032919	0.865321	0.412242	-0.285089
02494	9.291819	-0.048813	-2.798904	-0.044293	-0.021055	0.122948	0.272699	0.090567	0.957827	0.420282	-0.906759	-0.033919	0.865447	0.411807	-0.285336
02495	9.246485	-0.090427	-3.031014	-0.057588	-0.016697	0.131143	0.273370	0.089478	0.957738	0.419429	-0.907115	-0.034970	0.865649	0.411262	-0.285508
02496	9.347894	-0.023348	-3.259123	-0.068611	-0.006764	0.142320	0.274031	0.088274	0.957661	0.418445	-0.907525	-0.036084	0.865916	0.410617	-0.285628
02497	9.235352	0.104391	-3.548362	-0.091804	0.004105	0.161655	0.274646	0.086822	0.957618	0.417210	-0.908043	-0.037329	0.866317	0.409779	-0.285614
02498	9.225921	0.099415	-3.677925	-0.117945	0.022605	0.178539	0.275200	0.085168	0.957607	0.415698	-0.908681	-0.038648	0.866868	0.408711	-0.285474
02499	9.288850	0.188651	-3.937930	-0.134043	0.044482	0.195821	0.275603	0.083239	0.957661	0.413999	-0.909394	-0.040100	0.867553	0.407522	-0.285092
02500	9.470610	0.214717	-3.830186	-0.201553	0.063297	0.212884	0.275940	0.081108	0.957747	0.411665	-0.910389	-0.041509	0.868556	0.405725	-0.284602
02501	9.664831	-0.019385	-3.986239	-0.240503	0.096228	0.217641	0.275973	0.078769	0.957932	0.408977	-0.911537	-0.042869	0.869814	0.403603	-0.283774
02502	9.714593	-0.198098	-4.120994	-0.250114	0.132581	0.221873	0.275733	0.076276	0.958203	0.406189	-0.912718	-0.044230	0.871196	0.401407	-0.282649
02503	9.597160	-0.517691	-4.114551	-0.295617	0.147581	0.218155	0.275305	0.073726	0.958526	0.403013	-0.914065	-0.045446	0.872804	0.398810	-0.281359
02504	9.603302	-1.063470	-4.124414	-0.302478	0.156401	0.205481	0.274777	0.071290	0.958861	0.399799	-0.915422	-0.046508	0.874448	0.396131	-0.280039
02505	9.601506	-1.423916	-3.871693	-0.248003	0.176382	0.176928	0.273914	0.069006	0.959275	0.397146	-0.916527	-0.047471	0.875926	0.393975	-0.278455
02506	9.546807	-1.639201	-3.527466	-0.198229	0.177921	0.143108	0.272938	0.067061	0.959691	0.395020	-0.917405	-0.048239	0.877191	0.392264	-0.276885
02507	9.655406	-1.706977	-3.278384	-0.124826	0.180473	0.103053	0.271737	0.065441	0.960144	0.393647	-0.917963	-0.048842	0.878181	0.391230	-0.275205
02508	9.602007	-1.395811	-3.060231	-0.062516	0.213365	0.063256	0.270131	0.064089	0.960688	0.392922	-0.918253	-0.049226	0.879000	0.390773	-0.273230
02509	9.500313	-1.016889	-3.080804	-0.074394	0.246527	0.039412	0.268094	0.062797	0.961344	0.392165	-0.918570	-0.049361	0.879962	0.390239	-0.270890
02510	9.417449	-1.148433	-3.213486	-0.090384	0.245573	0.017840	0.266022	0.061737	0.961988	0.391321	-0.918936	-0.049239	0.880965	0.389545	-0.268617
02511	9.346399	-0.627763	-3.199757	0.012785	0.264857	-0.009744	0.263626	0.060828	0.962705	0.391462	-0.918881	-0.049139	0.881623	0.389817	-0.266053
02512	9.148878	0.358897	-2.919952	-0.056038	0.347456	-0.069232	0.260313	0.060171	0.963648	0.391149	-0.919060	-0.048275	0.882746	0.389496	-0.262779
02513	9.184625	-0.482238	-3.466957	-0.179515	0.330553	-0.067379	0.257105	0.059539	0.964548	0.389740	-0.919719	-0.047116	0.884308	0.388036	-0.259669
02514	9.313331	-0.289629	-3.196095	-0.102290	0.322509	-0.039056	0.254123	0.058710	0.965388	0.388933	-0.920096	-0.046425	0.885524	0.387269	-0.256652
02515	9.060924	-0.132506	-2.705466	-0.068965	0.328756	-0.034272	0.251053	0.057787	0.966247	0.388410	-0.920344	-0.045877	0.886628	0.386818	-0.253500
02516	9.124829	0.023691	-2.309796	-0.025573	0.341201	-0.020376	0.247971	0.056717	0.967106	0.388232	-0.920435	-0.045564	0.887573	0.386760	-0.250261
02517	9.016111	0.078995	-1.629212	-0.075002	0.320993	-0.005160	0.245077	0.055558	0.967911	0.387580	-0.920723	-0.045287	0.888661	0.386242	-0.247181
02518	8.975556	-0.296726	-0.954055	-0.081950	0.270170	0.010755	0.242738	0.054480	0.968561	0.386823	-0.921048	-0.045137	0.889632	0.385619	-0.244648
02519	9.162835	-0.273227	-0.329762	0.020003	0.233655	0.030012	0.240752	0.053335	0.969120	0.386930	-0.920989	-0.045436	0.890126	0.385921	-0.242367
02520	9.310006	0.100304	0.062774	0.091007	0.190180	0.060907	0.239312	0.052102	0.969544	0.387592	-0.920673	-0.046194	0.890226	0.386842	-0.240522
02521	9.474738	0.148408	0.214114	0.060434	0.127161	0.094456	0.238523	0.050773	0.969809	0.387906	-0.920489	-0.047213	0.890301	0.387456	-0.239253
02522	9.548527	0.098597	0.168293	0.085181	0.073474	0.108746	0.238301	0.049548	0.969927	0.388404	-0.920216	-0.048418	0.890143	0.388262	-0.238533
02523	9.518089	-0.359852	0.027042	0.067370	-0.004293	0.117132	0.238771	0.048521	0.969863	0.388726	-0.920013	-0.049674	0.889877	0.388871	-0.238534
02524	9.390990	-0.779388	-0.169953	0.036855	-0.079110	0.123006	0.239956	0.047756	0.969608	0.388759	-0.919932	-0.050900	0.889543	0.389158	-0.239309
02525	9.407581	-1.004270	-0.657494	0.022284	-0.149678	0.111818	0.241699	0.047343	0.969196	0.388690	-0.919900	-0.051997	0.889102	0.389284	-0.240740
02526	9.420465	-1.093785	-1.294916	-0.039282	-0.197553	0.101897	0.243850	0.047229	0.968662	0.388092	-0.920105	-0.052836	0.888776	0.388814	-0.242696
02527	9.483777	-1.387502	-2.165092	-0.122692	-0.237683	0.073188	0.246222	0.047512	0.968048	0.386824	-0.920617	-0.053204	0.888674	0.387564	-0.245055
02528	9.606647	-1.607123	-3.121926	-0.165488	-0.236030	0.027787	0.248425	0.048221	0.967450	0.385285	-0.921274	-0.053015	0.888730	0.385914	-0.247446
02529	9.543118	-1.845672	-3.862518	-0.231231	-0.228728	-0.009771	0.250397	0.049225	0.966891	0.383256	-0.922160	-0.052305	0.889054	0.383663	-0.249772
02530	9.477476	-1.905002	-4.134016	-0.249674	-0.226319	-0.041752	0.252252	0.050526	0.966342	0.381140	-0.923097	-0.051227	0.889439	0.381233	-0.252111
02531	9.614126	-1.632578	-4.018491	-0.208880	-0.200249	-0.097995	0.253637	0.052226	0.965888	0.379531	-0.923842	-0.049710	0.889733	0.379193	-0.254142
02532	9.706566	-1.474341	-3.979917	-0.199008	-0.149460	-0.138664	0.254449	0.054121	0.965571	0.378111	-0.924525	-0.047820	0.890106	0.377260	-0.255708
02533	9.614028	-1.213586	-3.973130	-0.164275	-0.097371	-0.164014	0.254674	0.056038	0.965402	0.377068	-0.925054	-0.045774	0.890484	0.375679	-0.256717
02534	9.432777	-0.904098	-3.493481	-0.152228	-0.092856	-0.177769	0.254842	0.058079	0.965237	0.376161	-0.925527	-0.043625	0.890819	0.374202	-0.257711
02535	9.360666	-0.716979	-2.728066	-0.082470	-0.103460	-0.186194	0.255041	0.060223	0.965053	0.375903	-0.925726	-0.041574	0.890871	0.373369	-0.258736
02536	9.244968	-0.768174	-1.919594	0.012710	-0.119583	-0.210537	0.255327	0.062666	0.964822	0.376552	-0.925551	-0.039534	0.890515	0.373400	-0.259915
02537	9.314513	-0.659075	-1.228714	0.109314	-0.148654	-0.203421	0.255859	0.065137	0.964517	0.378047	-0.925014	-0.037816	0.889728	0.374309	-0.261298
02538	9.198468	-0.553363	-0.796835	0.190417	-0.199890	-0.193587	0.256913	0.067722	0.964059	0.380236	-0.924173	-0.036409	0.888491	0.375924	-0.263182
02539	9.098272	-0.403426	-0.143801	0.214268	-0.278282	-0.170481	0.258709	0.070379	0.963388	0.382580	-0.923248	-0.035292	0.886962	0.377703	-0.265779
02540	9.106342	-0.576581	0.275756	0.248687	-0.362833	-0.169550	0.261278	0.073361	0.962472	0.385223	-0.922186	-0.034285	0.885063	0.379724	-0.269208
02541	9.240111	-0.709462	0.628418	0.299486	-0.480973	-0.172620	0.264838	0.076817	0.961228	0.388327	-0.920916	-0.033397	0.882645	0.382115	-0.273724
02542	9.237643	-0.042589	1.200183	0.377208	-0.599047	-0.151980	0.269521	0.080552	0.959620	0.392059	-0.919350	-0.032943	0.879573	0.385106	-0.279366
02543	9.245867	0.530953	1.437936	0.353155	-0.730718	-0.131690	0.275394	0.084619	0.957600	0.395521	-0.917877	-0.032638	0.876197	0.387739	-0.286246
02544	9.057934	0.732404	1.533308	0.322773	-0.872001	-0.113524	0.282555	0.089086	0.955106	0.398659	-0.916525	-0.032450	0.872487	0.389930	-0.294483
02545	8.995729	0.777867	1.604964	0.280106	-1.020902	-0.097653	0.291027	0.094003	0.952086	0.401381	-0.915341	-0.032316	0.868445	0.391554	-0.304120
02546	9.029719	0.379585	1.537987	0.167206	-1.171007	-0.094333	0.300769	0.099487	0.948494	0.403108	-0.914597	-0.031895	0.864316	0.391938	-0.315187
02547	9.587979	-0.180587	0.285179	0.049826	-1.241370	-0.099985	0.311047	0.105295	0.944544	0.403848	-0.914299	-0.031067	0.860324	0.391115	-0.326913
02548	9.987704	-0.064028	-1.283434	-0.029409	-1.256532	-0.104420	0.321376	0.111185	0.940402	0.403932	-0.914299	-0.029942	0.856479	0.389481	-0.338745
02549	9.952011	0.324653	-2.675301	-0.250576	-1.287572	-0.076665	0.332051	0.116910	0.935988	0.402046	-0.915182	-0.028318	0.853289	0.385713	-0.350890
02550	10.119656	-0.159618	-3.664565	-0.516871	-1.353857	-0.084713	0.343210	0.122895	0.931184	0.397931	-0.917057	-0.025636	0.850798	0.379345	-0.363647
02551	11.320283	-0.419220	-4.513053	-0.609353	-1.345764	-0.137670	0.354076	0.129249	0.926242	0.393239	-0.919171	-0.022062	0.848524	0.372047	-0.376283
02552	10.764362	-0.831858	-5.477510	-0.665144	-1.263733	-0.224932	0.363872	0.136002	0.921467	0.388413	-0.921321	-0.017398	0.846601	0.364240	-0.388068
02553	10.116396	-1.048126	-6.387639	-0.616596	-1.233644	-0.287337	0.373170	0.143133	0.916655	0.384265	-0.923141	-0.012288	0.844443	0.356824	-0.399489
02554	9.757956	-0.715723	-6.452501	-0.654170	-1.221988	-0.344279	0.382128	0.150658	0.911746	0.380056	-0.924941	-0.006450	0.842339	0.348980	-0.410704
02555	9.741849	-0.749375	-6.029605	-0.619856	-1.192258	-0.382062	0.390689	0.158344	0.906801	0.376326	-0.926487	-0.000356	0.840084	0.341392	-0.421558
02556	9.530273	-0.460523	-5.788560	-0.516085	-1.106544	-0.427477	0.398341	0.166079	0.902076	0.373692	-0.927535	0.005751	0.837663	0.334808	-0.431538
02557	9.231978	-0.417455	-5.457008	-0.444019	-1.035892	-0.469796	0.405232	0.173911	0.897520	0.371874	-0.928206	0.011955	0.835163	0.328920	-0.440812
02558	9.128135	-0.353228	-4.970238	-0.348717	-1.006862	-0.495202	0.411763	0.181825	0.892967	0.370998	-0.928460	0.017978	0.832353	0.323886	-0.449762
02559	9.413299	-0.257934	-4.178588	-0.173271	-0.988655	-0.512822	0.418048	0.189805	0.888375	0.371695	-0.928060	0.023373	0.828902	0.320434	-0.458524
02560	9.675099	-0.012507	-3.011932	0.059663	-0.906048	-0.515948	0.423592	0.197518	0.884057	0.374369	-0.926866	0.027705	0.824874	0.319228	-0.466557
02561	9.615945	-0.222941	-2.132301	0.164916	-0.902714	-0.510779	0.429074	0.205163	0.879661	0.377913	-0.925306	0.031473	0.820413	0.318931	-0.474558
02562	9.943055	-0.340089	-1.300945	0.371965	-0.875493	-0.520742	0.434223	0.212802	0.875309	0.383213	-0.923023	0.034298	0.815229	0.320537	-0.482346
02563	9.756592	-0.506726	-0.279970	0.473179	-0.940276	-0.509485	0.439870	0.220557	0.870557	0.389293	-0.920391	0.036483	0.809299	0.322854	-0.490714
02564	10.323243	-0.618944	-0.206179	0.693710	-1.007157	-0.498844	0.445986	0.228434	0.865399	0.397103	-0.917011	0.037410	0.802126	0.326968	-0.499686
02565	10.430430	0.389022	0.153428	0.806674	-1.079658	-0.466880	0.452705	0.236297	0.859780	0.405650	-0.913263	0.037407	0.794044	0.331835	-0.509293
02566	10.622300	1.467295	-0.215645	0.790335	-1.183609	-0.389200	0.460409	0.243815	0.853568	0.413680	-0.909682	0.036707	0.785425	0.336204	-0.519687
02567	11.031640	2.335617	-0.384164	0.626726	-1.290578	-0.289216	0.469261	0.250830	0.846687	0.419932	-0.906845	0.035912	0.776821	0.338698	-0.530879
02568	11.505796	2.359460	-0.861340	0.451360	-1.378316	-0.178292	0.479096	0.257133	0.839255	0.424278	-0.904854	0.035029	0.768411	0.339296	-0.542608
02569	11.911177	2.201309	-1.512653	0.292663	-1.408904	-0.106972	0.489387	0.262907	0.831493	0.427046	-0.903577	0.034355	0.760350	0.338273	-0.554472
02570	12.059265	1.958159	-2.713304	0.159159	-1.438997	-0.053707	0.499968	0.268258	0.823449	0.428531	-0.902889	0.033949	0.752591	0.335900	-0.566373
02571	11.920909	1.993239	-3.697966	0.209708	-1.642464	0.073194	0.512544	0.273127	0.814064	0.429743	-0.902378	0.032186	0.743384	0.333341	-0.579883
02572	11.990848	2.678001	-4.666599	0.013680	-1.559472	0.095263	0.524401	0.277450	0.805000	0.429368	-0.902584	0.031380	0.735287	0.329186	-0.592444
02573	10.860326	2.736307	-5.528041	-0.161560	-1.485348	0.118419	0.535753	0.281261	0.796154	0.427572	-0.903434	0.031436	0.728114	0.323571	-0.604277
02574	9.894793	2.139564	-6.180356	-0.341194	-1.391681	0.159766	0.546436	0.284291	0.787773	0.424254	-0.904967	0.032302	0.722091	0.316565	-0.615118
02575	9.217406	0.853045	-6.433273	-0.483505	-1.308734	0.139185	0.556417	0.287153	0.779707	0.420023	-0.906867	0.034246	0.716925	0.308439	-0.625207
02576	9.354311	-2.096297	-6.365155	-0.353994	-1.182599	0.051963	0.564994	0.290313	0.772334	0.417223	-0.908086	0.036125	0.711833	0.301825	-0.634188
02577	9.508765	-5.820954	-7.161236	0.412047	-0.876362	-0.040744	0.571009	0.293366	0.766736	0.420390	-0.906712	0.033847	0.705139	0.303001	-0.641069
02578	10.037804	-6.832177	-7.456934	1.749441	-0.490177	-0.065846	0.574075	0.295495	0.763623	0.433035	-0.901080	0.023140	0.694924	0.317392	-0.645247
02579	10.344475	-5.284285	-6.944786	2.988014	-0.010237	0.030542	0.574257	0.295288	0.763567	0.453444	-0.891277	0.003655	0.681629	0.344136	-0.645719
02580	9.760453	-2.181404	-5.146063	3.538471	0.367168	0.181702	0.572543	0.292356	0.765978	0.476294	-0.879047	-0.020502	0.667337	0.376569	-0.642540
02581	9.098123	0.143130	-4.291406	3.241925	0.748971	0.248907	0.568773	0.287279	0.770694	0.496340	-0.867057	-0.043101	0.655854	0.407041	-0.635747
02582	8.331051	1.927945	-4.539401	2.464846	1.164753	0.192125	0.562048	0.280732	0.778005	0.511376	-0.857253	-0.060102	0.650074	0.431633	-0.625377
02583	8.317107	2.944283	-4.787180	1.316072	1.506768	0.077216	0.552612	0.273482	0.787291	0.519529	-0.851677	-0.068817	0.651698	0.447049	-0.612729
02584	8.505917	2.650485	-5.052636	0.231420	1.790273	-0.066352	0.540427	0.265979	0.798244	0.521438	-0.850442	-0.069652	0.660334	0.453877	-0.598293
02585	8.203155	1.778202	-5.516582	-0.561699	2.035607	-0.189954	0.525830	0.258381	0.810396	0.518718	-0.852488	-0.064771	0.674118	0.454425	-0.582291
02586	7.543290	0.969954	-5.684656	-1.104750	2.276595	-0.319920	0.508531	0.250811	0.823705	0.512855	-0.856661	-0.055775	0.691647	0.450805	-0.564269
02587	7.414878	-0.361518	-5.856225	-1.427739	2.470520	-0.386076	0.489209	0.243098	0.837602	0.504779	-0.862095	-0.044614	0.711247	0.444630	-0.544456
02588	7.233543	-1.872891	-6.263198	-1.446971	2.723833	-0.375548	0.467576	0.234318	0.852331	0.496160	-0.867578	-0.033676	0.731572	0.438639	-0.521918
02589	6.723343	-2.621453	-6.686608	-1.102715	2.925961	-0.341607	0.444184	0.224526	0.867346	0.489558	-0.871610	-0.025081	0.750356	0.435756	-0.497074
02590	6.494043	-2.691378	-6.778965	-0.642062	3.114019	-0.316104	0.418917	0.213695	0.882521	0.486070	-0.873710	-0.019167	0.766971	0.436996	-0.469882
02591	6.245239	-2.472499	-6.727371	-0.158770	3.276039	-0.320096	0.391975	0.202116	0.897499	0.486148	-0.873738	-0.015556	0.781035	0.442414	-0.440742
02592	6.109942	-2.349031	-6.638743	0.303444	3.426000	-0.352461	0.363207	0.189869	0.912157	0.489881	-0.871683	-0.013619	0.792526	0.451795	-0.409615
02593	6.034028	-2.199492	-6.315626	0.743719	3.528111	-0.390103	0.333139	0.177123	0.926092	0.497173	-0.867555	-0.012918	0.801148	0.464732	-0.377077
02594	5.954022	-1.697693	-6.071257	1.196232	3.634917	-0.438754	0.301626	0.163714	0.939265	0.508195	-0.861143	-0.013099	0.806697	0.481281	-0.342941
02595	5.888523	-1.076918	-5.928204	1.527383	3.720257	-0.480603	0.269056	0.149604	0.951435	0.521914	-0.852891	-0.013483	0.809453	0.500195	-0.307556
02596	5.738703	-0.344080	-5.879347	1.701489	3.817671	-0.551260	0.235144	0.134795	0.962568	0.537092	-0.843422	-0.013095	0.810086	0.520066	-0.270723
02597	5.870053	-0.016668	-5.735552	1.753260	3.892538	-0.628849	0.200171	0.119468	0.972450	0.552658	-0.833331	-0.011383	0.809013	0.539711	-0.232833
02598	6.168002	0.002996	-5.638672	1.765482	4.020852	-0.712751	0.163626	0.103279	0.981101	0.568220	-0.822836	-0.008148	0.806444	0.558815	-0.193323
02599	6.466969	0.414043	-5.378080	1.670079	4.181900	-0.824110	0.125196	0.086305	0.988371	0.582850	-0.812575	-0.002875	0.802877	0.576432	-0.152034
02600	6.753414	0.325368	-5.448652	1.434701	4.310811	-0.959497	0.084952	0.068885	0.994001	0.595350	-0.803452	0.004799	0.798963	0.591371	-0.109265
02601	7.663849	-0.178931	-5.437149	1.390361	4.263805	-1.007744	0.044907	0.051454	0.997665	0.607071	-0.794530	0.013652	0.793377	0.605041	-0.066917
02602	9.186802	0.308217	-5.491785	1.381810	4.241029	-1.050681	0.004923	0.033831	0.999415	0.618242	-0.785635	0.023548	0.785973	0.617765	-0.024783
02603	10.213822	0.677562	-4.620802	1.311133	4.217307	-1.087003	-0.034852	0.016056	0.999264	0.628321	-0.777193	0.034402	0.777173	0.629057	0.016998
02604	13.319920	1.433821	1.122509	1.439356	3.947790	-1.108166	-0.072379	-0.000429	0.997377	0.638825	-0.767974	0.046029	0.765940	0.640481	0.055859
02605	12.385487	0.707981	6.506430	1.235055	3.568522	-1.113621	-0.106711	-0.014916	0.994178	0.647209	-0.760098	0.058064	0.754807	0.649637	0.090765
02606	11.546917	-1.341456	1.536100	1.264339	2.631058	-0.895296	-0.132303	-0.025349	0.990885	0.655600	-0.752014	0.068297	0.743428	0.658660	0.116112
02607	9.800364	0.279699	2.058602	0.929260	1.643390	-0.598337	-0.148425	-0.031721	0.988415	0.661617	-0.746041	0.075409	0.735005	0.665145	0.131718
02608	7.366511	-1.412859	1.293362	1.026819	0.750879	-0.311911	-0.156036	-0.034420	0.987151	0.668636	-0.739284	0.079912	0.727034	0.672514	0.138369
02609	6.642384	-0.559860	0.485802	1.555234	-0.049197	-0.049357	-0.156047	-0.033701	0.987175	0.679772	-0.728760	0.082576	0.716630	0.683940	0.136630
02610	6.292996	2.020653	-1.188063	1.660213	-0.742988	0.246671	-0.149113	-0.030354	0.988354	0.691949	-0.717233	0.082367	0.706380	0.696172	0.127953
02611	6.445980	2.807782	-1.283286	0.976772	-1.257233	0.467436	-0.137046	-0.024870	0.990252	0.699481	-0.710275	0.078966	0.701388	0.703485	0.114736
02612	7.046899	1.163551	-2.797291	0.538385	-1.680442	0.635052	-0.120861	-0.017502	0.992515	0.704060	-0.706349	0.073279	0.699780	0.707647	0.097692
02613	9.495033	0.945296	-2.594311	0.637938	-1.740159	0.609137	-0.104435	-0.009413	0.994487	0.709192	-0.701745	0.067833	0.697238	0.712366	0.079963
02614	9.969932	2.796993	-1.561602	0.929976	-1.380103	0.381945	-0.092167	-0.002187	0.995741	0.716017	-0.695074	0.064748	0.691972	0.718935	0.065629
02615	10.051408	3.953656	-1.451521	0.448933	-1.097057	0.326005	-0.082283	0.003478	0.996603	0.719393	-0.691848	0.061810	0.689713	0.722035	0.054425
02616	10.276337	2.327936	-2.165498	-0.296774	-0.854671	0.438842	-0.073264	0.006624	0.997291	0.717674	-0.694015	0.057332	0.692515	0.719930	0.046092
02617	10.483145	1.197770	-4.667911	-0.586213	-0.748669	0.519033	-0.064381	0.008407	0.997890	0.713948	-0.698269	0.051945	0.697232	0.715786	0.038954
02618	10.963465	2.598743	-5.307293	-0.501948	-0.929464	0.583603	-0.053760	0.010992	0.998493	0.710774	-0.701915	0.045996	0.701363	0.712176	0.029922
02619	12.284835	2.682481	-4.177861	-0.463572	-1.201779	0.653610	-0.040707	0.014953	0.999059	0.707814	-0.705299	0.039396	0.705225	0.708752	0.018126
02620	12.161543	0.258600	-4.059240	-0.327235	-1.204159	0.699427	-0.027285	0.018579	0.999455	0.705732	-0.707737	0.032423	0.707953	0.706232	0.006199
02621	10.633463	0.163889	-3.115321	-0.126027	-1.071621	0.686044	-0.014888	0.021305	0.999662	0.704976	-0.708769	0.025604	0.709075	0.705119	-0.004467
02622	9.735289	0.458260	-2.310952	-0.464900	-0.997239	0.643043	-0.003301	0.023805	0.999711	0.701723	-0.712189	0.019275	0.712442	0.701584	-0.014354
02623	9.835902	-0.759761	-2.243975	-0.840238	-0.910410	0.589569	0.007297	0.025970	0.999636	0.695694	-0.718210	0.013580	0.718302	0.695341	-0.023308
02624	9.745167	-2.325651	-2.624953	-0.869334	-0.827069	0.515614	0.016815	0.028033	0.999466	0.689354	-0.724372	0.008720	0.724230	0.688839	-0.031505
02625	9.879781	-3.017591	-2.450668	-0.703304	-0.795783	0.430725	0.025521	0.030386	0.999212	0.684147	-0.729329	0.004705	0.728898	0.683488	-0.039401
02626	9.979946	-3.389413	-2.092429	-0.482087	-0.733695	0.356717	0.033304	0.032836	0.998906	0.680513	-0.732735	0.001397	0.731979	0.679722	-0.046749
02627	9.631429	-2.761268	-1.512469	-0.108134	-0.654262	0.273899	0.039924	0.035295	0.998579	0.679616	-0.733567	-0.001244	0.732481	0.678700	-0.053274
02628	9.374452	-1.746570	-0.943300	0.202972	-0.636863	0.236301	0.046190	0.037943	0.998212	0.680991	-0.732283	-0.003676	0.730834	0.679943	-0.059663
02629	9.223205	-0.723566	-0.153563	0.429844	-0.652962	0.239541	0.052552	0.040665	0.997790	0.684002	-0.729452	-0.006297	0.727584	0.682822	-0.066149
02630	9.443274	0.160739	0.406188	0.608189	-0.685373	0.276457	0.059420	0.043398	0.997289	0.688251	-0.725411	-0.009440	0.723035	0.686946	-0.072973
02631	9.583752	1.248141	0.835563	0.595616	-0.682541	0.325294	0.066551	0.045770	0.996733	0.692335	-0.721457	-0.013097	0.718500	0.690945	-0.079702
02632	9.441429	1.296590	0.403604	0.457244	-0.689333	0.372761	0.074073	0.047908	0.996101	0.695343	-0.718473	-0.017152	0.714850	0.693903	-0.086532
02633	9.429187	1.065840	-0.107724	0.346913	-0.706967	0.402997	0.081889	0.049953	0.995389	0.697500	-0.716264	-0.021437	0.711890	0.696040	-0.093496
02634	9.536977	0.864784	-0.557221	0.187238	-0.745157	0.430727	0.090184	0.052110	0.994561	0.698455	-0.715187	-0.025862	0.709949	0.696988	-0.100895
02635	9.625487	0.569022	-1.050056	0.013692	-0.764168	0.447092	0.098694	0.054259	0.993638	0.698127	-0.715333	-0.030280	0.709139	0.696674	-0.108479
02636	9.573448	0.177141	-1.524002	-0.158154	-0.763631	0.451353	0.107246	0.056392	0.992632	0.696535	-0.716691	-0.034540	0.709462	0.695107	-0.116141
02637	9.614765	-0.239919	-1.966146	-0.257820	-0.758878	0.442358	0.115676	0.058506	0.991563	0.694210	-0.718738	-0.038578	0.710417	0.692815	-0.123756
02638	9.670770	-0.495510	-2.202708	-0.263009	-0.745818	0.431453	0.123957	0.060611	0.990435	0.691818	-0.720822	-0.042472	0.711353	0.690465	-0.131282
