// General information: 
//  MT Manager version: 2022.2.0 
//  XDA version: 2022.2.0 build 7381 rev 124627 built on 2023-07-19
// Device information: 
//  DeviceId: 00B4CBA7
//  ProductCode: MTW2-3A7G6
//  Firmware Version: 4.6.0
//  Hardware Version: 2.0.0
// Device settings: 
//  Filter Profile: human(46.1)
//  Option Flags: Orientation Smoother Disabled, Position/Velocity Smoother Disabled, Continuous Zero Rotation Update Disabled, AHS Disabled, ICC Disabled
// Coordinate system: ENU
PacketCounter	Acc_X	Acc_Y	Acc_Z	Gyr_X	Gyr_Y	Gyr_Z	Mat[1][1]	Mat[2][1]	Mat[3][1]	Mat[1][2]	Mat[2][2]	Mat[3][2]	Mat[1][3]	Mat[2][3]	Mat[3][3]
42077	9.507962	-1.026918	-2.217985	-0.105214	-0.099013	-0.084528	0.238948	-0.008975	0.970991	0.376630	-0.920820	-0.101195	0.895016	0.389885	-0.216647
42078	9.499943	-1.035241	-2.242298	-0.095258	-0.098979	-0.091722	0.239465	-0.007703	0.970875	0.376008	-0.921199	-0.100051	0.895140	0.389015	-0.217698
42079	9.501456	-1.092902	-2.246267	-0.080518	-0.100946	-0.099053	0.240000	-0.006343	0.970752	0.375533	-0.921521	-0.098865	0.895195	0.388278	-0.218783
42080	9.462029	-1.050993	-2.279998	-0.043000	-0.097663	-0.103042	0.240464	-0.004973	0.970645	0.375407	-0.921694	-0.097724	0.895124	0.387886	-0.219767
42081	9.464653	-0.952985	-2.281983	-0.016204	-0.096866	-0.102188	0.240952	-0.003600	0.970530	0.375517	-0.921762	-0.096648	0.894946	0.387738	-0.220748
42082	9.466037	-0.843580	-2.342150	-0.008961	-0.092993	-0.100791	0.241382	-0.002269	0.970428	0.375691	-0.921801	-0.095603	0.894758	0.387658	-0.221653
42083	9.458560	-0.696482	-2.363616	-0.021168	-0.090063	-0.096955	0.241827	-0.000970	0.970319	0.375745	-0.921885	-0.094567	0.894614	0.387462	-0.222573
42084	9.422887	-0.736670	-2.331166	-0.043424	-0.095567	-0.090485	0.242319	0.000275	0.970197	0.375587	-0.922054	-0.093546	0.894548	0.387061	-0.223534
42085	9.485479	-0.848848	-2.376494	-0.047901	-0.086644	-0.091261	0.242756	0.001508	0.970086	0.375389	-0.922240	-0.092504	0.894513	0.386616	-0.224445
42086	9.531741	-0.930232	-2.455328	-0.025936	-0.081781	-0.091258	0.243121	0.002707	0.969992	0.375390	-0.922338	-0.091514	0.894413	0.386374	-0.225256
42087	9.471441	-0.902782	-2.417027	0.011314	-0.076973	-0.089833	0.243476	0.003889	0.969899	0.375719	-0.922292	-0.090619	0.894178	0.386473	-0.226018
42088	9.453462	-0.841472	-2.402463	0.032485	-0.072514	-0.093142	0.243751	0.005070	0.969825	0.376247	-0.922163	-0.089743	0.893881	0.386769	-0.226686
42089	9.469291	-0.864451	-2.374982	0.047741	-0.072588	-0.091715	0.244059	0.006253	0.969740	0.376907	-0.921974	-0.088913	0.893519	0.387202	-0.227373
42090	9.444615	-0.823010	-2.373895	0.064631	-0.074651	-0.089719	0.244363	0.007411	0.969655	0.377715	-0.921717	-0.088144	0.893095	0.387792	-0.228033
42091	9.456906	-0.778244	-2.352520	0.078181	-0.070722	-0.089814	0.244660	0.008569	0.969571	0.378642	-0.921407	-0.087402	0.892621	0.388504	-0.228676
42092	9.449239	-0.790766	-2.372603	0.083288	-0.075248	-0.087615	0.244975	0.009710	0.969481	0.379611	-0.921075	-0.086697	0.892123	0.389264	-0.229327
42093	9.428157	-0.818780	-2.364935	0.074731	-0.072260	-0.089535	0.245284	0.010873	0.969390	0.380507	-0.920775	-0.085952	0.891656	0.389942	-0.229989
42094	9.464158	-0.808310	-2.351346	0.076692	-0.076794	-0.086602	0.245615	0.012011	0.969293	0.381414	-0.920466	-0.085243	0.891177	0.390639	-0.230661
42095	9.456402	-0.798163	-2.316171	0.080962	-0.072281	-0.090991	0.245916	0.013188	0.969201	0.382369	-0.920138	-0.084499	0.890685	0.391372	-0.231319
42096	9.473434	-0.745444	-2.395192	0.079935	-0.073348	-0.087795	0.246209	0.014324	0.969111	0.383308	-0.919813	-0.083786	0.890200	0.392097	-0.231957
42097	9.461667	-0.666722	-2.366567	0.068813	-0.071425	-0.086151	0.246518	0.015453	0.969015	0.384142	-0.919530	-0.083063	0.889755	0.392716	-0.232617
42098	9.453936	-0.656234	-2.331247	0.047147	-0.069477	-0.086987	0.246778	0.016567	0.968930	0.384787	-0.919330	-0.082283	0.889404	0.393138	-0.233245
42099	9.446295	-0.690749	-2.406642	0.019036	-0.071046	-0.085858	0.247083	0.017692	0.968833	0.385179	-0.919241	-0.081446	0.889150	0.393298	-0.233944
42100	9.458018	-0.766886	-2.389617	0.017286	-0.074548	-0.085003	0.247394	0.018808	0.968732	0.385554	-0.919157	-0.080617	0.888901	0.393442	-0.234646
42101	9.454825	-0.747750	-2.454819	0.027007	-0.067551	-0.088183	0.247659	0.019941	0.968642	0.386022	-0.919034	-0.079777	0.888624	0.393675	-0.235304
42102	9.466954	-0.701790	-2.433694	0.026985	-0.067566	-0.088178	0.247894	0.021059	0.968558	0.386491	-0.918909	-0.078940	0.888354	0.393908	-0.235931
42103	9.437544	-0.736156	-2.497737	0.019703	-0.064082	-0.091862	0.248112	0.022212	0.968477	0.386904	-0.918811	-0.078047	0.888113	0.394072	-0.236562
42104	9.451898	-0.746739	-2.528189	0.024100	-0.063550	-0.094383	0.248287	0.023371	0.968405	0.387364	-0.918694	-0.077144	0.887864	0.394279	-0.237153
42105	9.453102	-0.627866	-2.471798	0.022950	-0.060612	-0.093078	0.248469	0.024522	0.968330	0.387809	-0.918581	-0.076248	0.887619	0.394472	-0.237748
42106	9.443433	-0.581301	-2.439273	0.002416	-0.061687	-0.095160	0.248623	0.025680	0.968260	0.388078	-0.918546	-0.075286	0.887458	0.394478	-0.238337
42107	9.447164	-0.640788	-2.438270	-0.027854	-0.059441	-0.090412	0.248803	0.026802	0.968183	0.388066	-0.918632	-0.074294	0.887413	0.394204	-0.238960
42108	9.411466	-0.670427	-2.460323	-0.026002	-0.059955	-0.089372	0.248964	0.027901	0.968111	0.388069	-0.918709	-0.073321	0.887367	0.393948	-0.239553
42109	9.467163	-0.621788	-2.460974	-0.027677	-0.060884	-0.095931	0.249136	0.029079	0.968032	0.388073	-0.918790	-0.072276	0.887317	0.393673	-0.240189
42110	9.481571	-0.630712	-2.491446	-0.040136	-0.057544	-0.093407	0.249260	0.030205	0.967965	0.387960	-0.918920	-0.071229	0.887331	0.393287	-0.240769
42111	9.419180	-0.614370	-2.564141	-0.045042	-0.053615	-0.094165	0.249375	0.031338	0.967900	0.387806	-0.919067	-0.070159	0.887366	0.392853	-0.241345
42112	9.415937	-0.569816	-2.572610	-0.059991	-0.048766	-0.095482	0.249413	0.032449	0.967853	0.387523	-0.919271	-0.069043	0.887479	0.392286	-0.241853
42113	9.467815	-0.572871	-2.582503	-0.081846	-0.042972	-0.098104	0.249418	0.033577	0.967814	0.387052	-0.919559	-0.067846	0.887683	0.391516	-0.242351
42114	9.466324	-0.603534	-2.483418	-0.089393	-0.041017	-0.102221	0.249363	0.034719	0.967788	0.386524	-0.919872	-0.066593	0.887929	0.390679	-0.242802
42115	9.425116	-0.604972	-2.407266	-0.073346	-0.045940	-0.096221	0.249403	0.035841	0.967736	0.386123	-0.920124	-0.065433	0.888092	0.389985	-0.243321
42116	9.409092	-0.598186	-2.442663	-0.064163	-0.047317	-0.098946	0.249418	0.036978	0.967690	0.385811	-0.920336	-0.064273	0.888223	0.389376	-0.243814
42117	9.390408	-0.534718	-2.426249	-0.057541	-0.055243	-0.096689	0.249540	0.038140	0.967613	0.385552	-0.920523	-0.063147	0.888301	0.388823	-0.244412
42118	9.408702	-0.466730	-2.390891	-0.064200	-0.060323	-0.095163	0.249685	0.039292	0.967530	0.385230	-0.920734	-0.062023	0.888400	0.388208	-0.245030
42119	9.420402	-0.417901	-2.369717	-0.078720	-0.065531	-0.091742	0.249918	0.040449	0.967422	0.384771	-0.921001	-0.060892	0.888534	0.387454	-0.245738
42120	9.436670	-0.525054	-2.350373	-0.094614	-0.072176	-0.093470	0.250176	0.041631	0.967305	0.384175	-0.921328	-0.059708	0.888719	0.386552	-0.246487
42121	9.447212	-0.585678	-2.393349	-0.096975	-0.074686	-0.095424	0.250476	0.042856	0.967174	0.383563	-0.921660	-0.058494	0.888899	0.385623	-0.247292
42122	9.396013	-0.617416	-2.447712	-0.086109	-0.072524	-0.099016	0.250717	0.044090	0.967056	0.383057	-0.921947	-0.057277	0.889049	0.384797	-0.248037
42123	9.413622	-0.570865	-2.469304	-0.080077	-0.073923	-0.101003	0.250992	0.045364	0.966926	0.382609	-0.922209	-0.056051	0.889164	0.384023	-0.248823
42124	9.434051	-0.558433	-2.487888	-0.078860	-0.073405	-0.102781	0.251228	0.046635	0.966804	0.382177	-0.922462	-0.054814	0.889284	0.383261	-0.249571
42125	9.401858	-0.532251	-2.500703	-0.086456	-0.071490	-0.106861	0.251459	0.047952	0.966679	0.381688	-0.922741	-0.053514	0.889429	0.382426	-0.250334
42126	9.443986	-0.518134	-2.530189	-0.089528	-0.068096	-0.106550	0.251634	0.049237	0.966569	0.381171	-0.923029	-0.052214	0.889601	0.381566	-0.251033
42127	9.461065	-0.492825	-2.606794	-0.079499	-0.068963	-0.106036	0.251847	0.050536	0.966447	0.380741	-0.923278	-0.050939	0.889724	0.380795	-0.251766
42128	9.404086	-0.433709	-2.610485	-0.078753	-0.063663	-0.097676	0.252018	0.051722	0.966339	0.380298	-0.923525	-0.049750	0.889865	0.380035	-0.252415
42129	9.396531	-0.441877	-2.630650	-0.094368	-0.063169	-0.086885	0.252254	0.052823	0.966218	0.379688	-0.923836	-0.048621	0.890059	0.379127	-0.253097
42130	9.407867	-0.480978	-2.617339	-0.091006	-0.058767	-0.081168	0.252445	0.053837	0.966112	0.379094	-0.924135	-0.047560	0.890258	0.378254	-0.253703
42131	9.415899	-0.595767	-2.670428	-0.073314	-0.055412	-0.084457	0.252622	0.054885	0.966007	0.378666	-0.924364	-0.046507	0.890390	0.377543	-0.254298
42132	9.446084	-0.599954	-2.670473	-0.040218	-0.051149	-0.093013	0.252702	0.055979	0.965924	0.378554	-0.924462	-0.045460	0.890415	0.377142	-0.254804
42133	9.411048	-0.542139	-2.683077	-0.010009	-0.042589	-0.094319	0.252728	0.057069	0.965853	0.378715	-0.924444	-0.044473	0.890339	0.377022	-0.255245
42134	9.403991	-0.464819	-2.692100	0.009409	-0.032802	-0.092452	0.252645	0.058089	0.965814	0.379043	-0.924353	-0.043558	0.890223	0.377090	-0.255552
42135	9.409744	-0.437501	-2.681315	0.021371	-0.034088	-0.090954	0.252608	0.059116	0.965761	0.379475	-0.924217	-0.042684	0.890049	0.377264	-0.255898
42136	9.437064	-0.409337	-2.681778	0.028391	-0.031482	-0.090152	0.252522	0.060110	0.965722	0.379966	-0.924054	-0.041840	0.889864	0.377507	-0.256184
42137	9.415035	-0.402856	-2.673163	0.045869	-0.029557	-0.093938	0.252432	0.061147	0.965681	0.380623	-0.923821	-0.040999	0.889609	0.377910	-0.256476
42138	9.420170	-0.288606	-2.653723	0.062001	-0.031678	-0.095481	0.252326	0.062191	0.965642	0.381427	-0.923525	-0.040190	0.889295	0.378463	-0.256751
42139	9.422382	-0.227918	-2.645360	0.067110	-0.028595	-0.095696	0.252220	0.063240	0.965601	0.382276	-0.923208	-0.039388	0.888960	0.379061	-0.257027
42140	9.461535	-0.183794	-2.673382	0.047795	-0.026603	-0.093366	0.252075	0.064245	0.965573	0.382948	-0.922965	-0.038564	0.888712	0.379485	-0.257259
42141	9.427454	-0.193656	-2.636653	0.035824	-0.030870	-0.093460	0.251996	0.065282	0.965524	0.383513	-0.922766	-0.037703	0.888491	0.379792	-0.257570
42142	9.414557	-0.224019	-2.667043	0.025725	-0.030117	-0.093928	0.251879	0.066305	0.965485	0.383990	-0.922603	-0.036816	0.888318	0.380009	-0.257845
42143	9.407814	-0.235118	-2.683685	0.030537	-0.032001	-0.094161	0.251805	0.067354	0.965431	0.384509	-0.922421	-0.035935	0.888114	0.380266	-0.258168
42144	9.466484	-0.197918	-2.623396	0.020107	-0.030745	-0.096028	0.251685	0.068398	0.965389	0.384941	-0.922277	-0.035014	0.887961	0.380430	-0.258452
42145	9.407280	-0.174100	-2.578427	0.024380	-0.033602	-0.098132	0.251609	0.069489	0.965331	0.385416	-0.922114	-0.034079	0.887777	0.380628	-0.258795
42146	9.375281	-0.152097	-2.586782	0.019290	-0.033845	-0.091898	0.251531	0.070507	0.965278	0.385829	-0.921973	-0.033196	0.887619	0.380782	-0.259109
42147	9.386277	-0.127429	-2.618094	0.004071	-0.036234	-0.092130	0.251500	0.071553	0.965209	0.386109	-0.921889	-0.032265	0.887506	0.380790	-0.259482
42148	9.398947	-0.167788	-2.602074	-0.002068	-0.037837	-0.096100	0.251441	0.072624	0.965144	0.386343	-0.921824	-0.031286	0.887421	0.380744	-0.259842
42149	9.419728	-0.157719	-2.616740	0.000492	-0.030949	-0.087676	0.251380	0.073610	0.965085	0.386580	-0.921755	-0.030389	0.887336	0.380722	-0.260167
42150	9.409179	-0.134706	-2.636428	-0.004997	-0.034176	-0.082378	0.251340	0.074541	0.965024	0.386754	-0.921710	-0.029535	0.887271	0.380650	-0.260492
42151	9.423907	-0.144328	-2.664778	-0.018902	-0.032539	-0.084854	0.251304	0.075505	0.964959	0.386811	-0.921715	-0.028615	0.887256	0.380448	-0.260837
42152	9.423182	-0.136019	-2.667779	-0.017833	-0.030587	-0.081111	0.251238	0.076411	0.964905	0.386868	-0.921718	-0.027740	0.887250	0.380260	-0.261131
42153	9.428182	-0.130929	-2.712219	-0.007280	-0.024838	-0.080177	0.251151	0.077303	0.964856	0.387016	-0.921681	-0.026896	0.887210	0.380170	-0.261398
42154	9.429380	-0.092135	-2.759021	-0.005461	-0.020410	-0.074095	0.251021	0.078105	0.964825	0.387165	-0.921640	-0.026120	0.887182	0.380103	-0.261590
42155	9.401395	-0.106020	-2.763286	0.004951	-0.021635	-0.072241	0.250937	0.078913	0.964782	0.387402	-0.921562	-0.025384	0.887103	0.380128	-0.261825
42156	9.411125	-0.092152	-2.693213	0.011008	-0.022926	-0.074276	0.250828	0.079726	0.964743	0.387697	-0.921457	-0.024650	0.887004	0.380211	-0.262037
42157	9.416506	-0.066558	-2.681662	0.014465	-0.023933	-0.067194	0.250783	0.080496	0.964691	0.388005	-0.921345	-0.023987	0.886882	0.380321	-0.262290
42158	9.424309	-0.106888	-2.622509	0.010160	-0.021115	-0.065078	0.250693	0.081217	0.964654	0.388270	-0.921250	-0.023340	0.886792	0.380397	-0.262485
42159	9.424106	-0.079059	-2.569137	0.013901	-0.025523	-0.062599	0.250679	0.081952	0.964595	0.388562	-0.921143	-0.022719	0.886668	0.380500	-0.262754
42160	9.445301	-0.049687	-2.527546	-0.000756	-0.027000	-0.060935	0.250657	0.082657	0.964541	0.388719	-0.921092	-0.022083	0.886605	0.380470	-0.263009
42161	9.401356	-0.069333	-2.562625	-0.009623	-0.026348	-0.056709	0.250673	0.083340	0.964478	0.388787	-0.921078	-0.021458	0.886571	0.380356	-0.263291
42162	9.400647	-0.063820	-2.565369	-0.011120	-0.031902	-0.054922	0.250718	0.084009	0.964408	0.388838	-0.921070	-0.020853	0.886536	0.380226	-0.263594
42163	9.411304	-0.041715	-2.596496	-0.015147	-0.032496	-0.057404	0.250786	0.084722	0.964328	0.388859	-0.921076	-0.020206	0.886507	0.380055	-0.263937
42164	9.377613	-0.053929	-2.559861	-0.031308	-0.030553	-0.055800	0.250815	0.085393	0.964261	0.388733	-0.921143	-0.019539	0.886554	0.379740	-0.264232
42165	9.390623	-0.119143	-2.599191	-0.023057	-0.036279	-0.054975	0.250924	0.086098	0.964170	0.388678	-0.921180	-0.018894	0.886548	0.379493	-0.264611
42166	9.383749	-0.132944	-2.616751	-0.015886	-0.044569	-0.051429	0.251095	0.086782	0.964064	0.388677	-0.921192	-0.018310	0.886499	0.379307	-0.265037
42167	9.412896	-0.172370	-2.571213	0.000318	-0.043016	-0.053500	0.251271	0.087498	0.963954	0.388826	-0.921140	-0.017742	0.886384	0.379268	-0.265477
42168	9.407606	-0.133194	-2.578287	0.007885	-0.047722	-0.055480	0.251454	0.088232	0.963839	0.389047	-0.921058	-0.017182	0.886236	0.379299	-0.265929
42169	9.380675	-0.095921	-2.574380	0.013151	-0.055558	-0.052943	0.251741	0.088990	0.963695	0.389308	-0.920957	-0.016653	0.886039	0.379366	-0.266487
42170	9.401142	-0.067388	-2.535645	0.006330	-0.056788	-0.053228	0.252012	0.089738	0.963554	0.389510	-0.920881	-0.016111	0.885874	0.379374	-0.267027
42171	9.387931	-0.101176	-2.568677	-0.001767	-0.062079	-0.051256	0.252364	0.090505	0.963390	0.389635	-0.920838	-0.015559	0.885718	0.379297	-0.267651
42172	9.349881	-0.071308	-2.638369	0.010731	-0.074102	-0.052109	0.252793	0.091308	0.963202	0.389873	-0.920746	-0.015040	0.885491	0.379328	-0.268357
42173	9.396646	-0.044006	-2.654749	0.022225	-0.072708	-0.053017	0.253230	0.092132	0.963009	0.390216	-0.920609	-0.014534	0.885215	0.379462	-0.269078
42174	9.410208	-0.057056	-2.687091	0.024390	-0.076580	-0.056613	0.253663	0.092986	0.962813	0.390587	-0.920460	-0.014009	0.884928	0.379615	-0.269805
42175	9.402313	-0.071881	-2.707970	0.017446	-0.076409	-0.051356	0.254140	0.093808	0.962607	0.390883	-0.920341	-0.013508	0.884660	0.379700	-0.270563
42176	9.416653	-0.053662	-2.785233	0.016880	-0.077411	-0.053220	0.254592	0.094633	0.962407	0.391179	-0.920223	-0.012996	0.884399	0.379782	-0.271300
42177	9.425656	-0.032690	-2.820581	0.020746	-0.074815	-0.051682	0.255053	0.095453	0.962204	0.391506	-0.920091	-0.012502	0.884122	0.379897	-0.272042
42178	9.402907	-0.007915	-2.760271	0.017100	-0.072443	-0.053210	0.255461	0.096260	0.962016	0.391804	-0.919970	-0.011990	0.883872	0.379985	-0.272731
42179	9.395025	-0.022884	-2.780797	0.014661	-0.073586	-0.049611	0.255917	0.097056	0.961814	0.392073	-0.919862	-0.011499	0.883621	0.380044	-0.273461
42180	9.376914	-0.022985	-2.817462	0.008996	-0.065273	-0.053530	0.256259	0.097838	0.961644	0.392301	-0.919772	-0.010963	0.883420	0.380063	-0.274082
42181	9.409824	-0.118427	-2.826866	0.010296	-0.066136	-0.060858	0.256605	0.098709	0.961463	0.392560	-0.919668	-0.010352	0.883205	0.380088	-0.274741
42182	9.408868	-0.090826	-2.777292	0.019911	-0.060777	-0.063265	0.256869	0.099563	0.961304	0.392909	-0.919525	-0.009752	0.882973	0.380211	-0.275317
42183	9.391765	-0.067867	-2.757646	0.022823	-0.062160	-0.064534	0.257164	0.100454	0.961132	0.393289	-0.919370	-0.009141	0.882718	0.380353	-0.275936
42184	9.348787	-0.012550	-2.729159	0.020689	-0.063229	-0.065993	0.257438	0.101342	0.960966	0.393653	-0.919220	-0.008518	0.882476	0.380480	-0.276536
42185	9.332362	0.032937	-2.654451	-0.002006	-0.070124	-0.062208	0.257812	0.102242	0.960770	0.393808	-0.919159	-0.007860	0.882297	0.380385	-0.277234
42186	9.319581	0.022444	-2.632911	-0.020525	-0.074331	-0.061956	0.258200	0.103135	0.960571	0.393798	-0.919169	-0.007162	0.882188	0.380120	-0.277943
42187	9.333413	0.002440	-2.565606	-0.039689	-0.086542	-0.062629	0.258716	0.104101	0.960328	0.393622	-0.919250	-0.006395	0.882115	0.379661	-0.278801
42188	9.329549	-0.075243	-2.540333	-0.046360	-0.098244	-0.066535	0.259296	0.105127	0.960059	0.393397	-0.919352	-0.005581	0.882045	0.379132	-0.279741
42189	9.332982	-0.017210	-2.581243	-0.040304	-0.112006	-0.066295	0.260023	0.106221	0.959742	0.393226	-0.919429	-0.004778	0.881908	0.378638	-0.280841
42190	9.321585	0.080743	-2.542182	-0.047708	-0.122718	-0.072991	0.260794	0.107398	0.959402	0.393007	-0.919527	-0.003897	0.881778	0.378068	-0.282015
42191	9.329891	0.127656	-2.527094	-0.069338	-0.139629	-0.069557	0.261751	0.108624	0.959003	0.392590	-0.919709	-0.002980	0.881680	0.377275	-0.283380
42192	9.294190	0.180711	-2.589889	-0.106617	-0.158087	-0.074012	0.262830	0.109942	0.958558	0.391856	-0.920025	-0.001921	0.881686	0.376121	-0.284892
42193	9.333246	0.248368	-2.617787	-0.145482	-0.168228	-0.073423	0.264025	0.111309	0.958072	0.390779	-0.920484	-0.000748	0.881807	0.374591	-0.286528
42194	9.328439	0.259453	-2.633796	-0.182693	-0.183855	-0.071830	0.265342	0.112699	0.957545	0.389369	-0.921082	0.000511	0.882035	0.372703	-0.288283
42195	9.333624	0.288299	-2.679250	-0.224596	-0.196246	-0.069428	0.266801	0.114129	0.956970	0.387585	-0.921832	0.001880	0.882380	0.370406	-0.290180
42196	9.347031	0.196661	-2.732052	-0.252659	-0.206034	-0.071642	0.268318	0.115592	0.956370	0.385559	-0.922677	0.003347	0.882808	0.367839	-0.292139
42197	9.324895	0.174350	-2.736885	-0.277106	-0.218235	-0.072354	0.269965	0.117120	0.955721	0.383320	-0.923603	0.004907	0.883281	0.365022	-0.294235
42198	9.271305	0.132908	-2.702405	-0.285056	-0.227840	-0.068433	0.271693	0.118622	0.955045	0.380999	-0.924553	0.006448	0.883755	0.362119	-0.296389
42199	9.280084	0.215818	-2.782200	-0.298468	-0.241586	-0.071137	0.273555	0.120213	0.954315	0.378567	-0.925539	0.008071	0.884225	0.359064	-0.298695
42200	9.318021	0.310263	-2.760686	-0.325075	-0.244438	-0.074545	0.275412	0.121819	0.953577	0.375909	-0.926605	0.009803	0.884783	0.355758	-0.300991
42201	9.332789	0.382284	-2.783072	-0.362381	-0.255467	-0.072714	0.277398	0.123458	0.952790	0.372915	-0.927792	0.011647	0.885429	0.352079	-0.303407
42202	9.307212	0.556788	-2.756707	-0.405053	-0.267824	-0.071438	0.279482	0.125101	0.951966	0.369539	-0.929116	0.013607	0.886189	0.347986	-0.305901
42203	9.351441	0.737273	-2.850736	-0.471212	-0.272392	-0.070498	0.281634	0.126759	0.951112	0.365572	-0.930649	0.015782	0.887152	0.343255	-0.308442
42204	9.355192	0.946797	-3.004381	-0.535072	-0.283634	-0.065822	0.283890	0.128380	0.950224	0.361021	-0.932382	0.018111	0.888296	0.337909	-0.311042
42205	9.372371	1.217407	-3.071357	-0.602446	-0.292366	-0.072595	0.286225	0.130100	0.949289	0.355886	-0.934299	0.020740	0.889618	0.331902	-0.313721
42206	9.421716	1.698218	-2.795967	-0.718524	-0.301902	-0.076829	0.288620	0.131852	0.948321	0.349721	-0.936552	0.023779	0.891287	0.324785	-0.316419
42207	9.462440	1.742471	-2.439671	-0.920368	-0.315853	-0.070193	0.291192	0.133587	0.947292	0.341725	-0.939400	0.027430	0.893550	0.315726	-0.319195
42208	9.462995	1.427169	-2.143285	-1.076193	-0.350798	-0.051201	0.294136	0.135200	0.946153	0.332258	-0.942665	0.031411	0.896152	0.305127	-0.322194
42209	9.476217	0.898776	-1.843503	-1.167334	-0.380474	-0.041275	0.297410	0.136796	0.944899	0.321917	-0.946097	0.035645	0.898842	0.293577	-0.325415
42210	9.480675	0.333064	-1.913538	-1.192380	-0.411052	-0.036755	0.300973	0.138370	0.943541	0.311307	-0.949470	0.039938	0.901390	0.281711	-0.328840
42211	9.510953	-0.069985	-2.006328	-1.163786	-0.438853	-0.036052	0.304815	0.139991	0.942067	0.300927	-0.952623	0.044191	0.903621	0.270023	-0.332501
42212	9.502007	-0.247422	-2.201109	-1.096950	-0.457957	-0.030410	0.308848	0.141536	0.940522	0.291112	-0.955475	0.048191	0.905465	0.258913	-0.336299
42213	9.521377	-0.347738	-2.424011	-1.037955	-0.481768	-0.012428	0.313169	0.142941	0.938879	0.281759	-0.958082	0.051883	0.906938	0.248289	-0.340316
42214	9.594516	-0.393017	-2.546229	-0.953507	-0.511125	0.008550	0.317812	0.144147	0.937132	0.273093	-0.960408	0.055113	0.907973	0.238409	-0.344595
42215	9.656447	-0.228127	-2.713340	-0.818270	-0.549534	-0.001738	0.322789	0.145513	0.935218	0.265682	-0.962313	0.058030	0.908416	0.229739	-0.349284
42216	9.658222	-0.161748	-2.637246	-0.743859	-0.572578	-0.010148	0.327945	0.146948	0.933198	0.258972	-0.963970	0.060786	0.908507	0.221738	-0.354185
42217	9.666646	-0.225822	-2.504072	-0.631395	-0.607432	-0.014175	0.333416	0.148472	0.931015	0.253299	-0.965319	0.063231	0.908115	0.214743	-0.359461
42218	9.744089	-0.084437	-2.069234	-0.580498	-0.642096	-0.025672	0.339163	0.150123	0.928672	0.248131	-0.966502	0.065617	0.907414	0.208178	-0.365052
42219	9.783363	-0.241609	-1.754926	-0.501301	-0.692758	-0.035050	0.345347	0.151943	0.926093	0.243721	-0.967469	0.067846	0.906275	0.202278	-0.371145
42220	9.985566	0.258907	-1.656587	-0.356814	-0.741362	-0.054365	0.351911	0.153996	0.923279	0.240696	-0.968093	0.069729	0.904558	0.197691	-0.377748
42221	10.478276	0.996462	-1.720091	-0.247268	-0.797048	-0.082833	0.358898	0.156417	0.920177	0.238772	-0.968440	0.071492	0.902319	0.194054	-0.384919
42222	10.863836	1.972970	-1.995237	-0.205218	-0.885997	-0.118680	0.366581	0.159315	0.916644	0.237370	-0.968640	0.073424	0.899596	0.190668	-0.392902
42223	10.639924	1.538308	-2.224465	-0.336749	-0.935159	-0.139070	0.374634	0.162481	0.912825	0.234877	-0.969042	0.076091	0.896929	0.185895	-0.401199
42224	10.322536	1.173862	-2.262685	-0.288939	-1.002001	-0.144583	0.383250	0.165767	0.908648	0.232855	-0.969328	0.078624	0.893811	0.181451	-0.410095
42225	10.439889	1.156118	-2.020666	-0.306950	-1.067329	-0.164065	0.392369	0.169326	0.904088	0.230769	-0.969594	0.081442	0.890389	0.176680	-0.419514
42226	10.537058	0.725831	-1.754493	-0.337632	-1.133115	-0.182451	0.402001	0.173113	0.899126	0.228512	-0.969861	0.084564	0.886666	0.171466	-0.429444
42227	10.519753	0.276618	-2.392275	-0.204091	-1.185889	-0.187225	0.412037	0.176994	0.893812	0.227486	-0.969870	0.087187	0.882313	0.167405	-0.439886
42228	10.176971	0.216266	-3.775204	0.027369	-1.220617	-0.164238	0.422384	0.180663	0.888230	0.228431	-0.969523	0.088571	0.877161	0.165488	-0.450780
42229	9.693227	1.007588	-4.645398	0.140240	-1.223469	-0.106759	0.432807	0.183771	0.882556	0.230131	-0.969088	0.088933	0.871618	0.164612	-0.461720
42230	9.455688	2.166060	-4.639868	-0.000942	-1.219837	-0.048397	0.443279	0.186280	0.876814	0.230355	-0.968991	0.089405	0.866279	0.162347	-0.472444
42231	9.363782	2.492547	-4.192428	-0.252056	-1.230081	-0.005324	0.453863	0.188353	0.870937	0.228219	-0.969375	0.090712	0.861350	0.157594	-0.482949
42232	9.915453	1.963184	-3.714695	-0.532435	-1.242895	-0.007100	0.464508	0.190379	0.864863	0.223699	-0.970171	0.093414	0.856849	0.150077	-0.493240
42233	10.437859	0.828663	-3.349140	-0.671418	-1.257072	-0.034607	0.475144	0.192601	0.858570	0.218141	-0.971073	0.097117	0.852439	0.141145	-0.503413
42234	10.841849	-0.077561	-3.334825	-0.536281	-1.286112	-0.056708	0.485937	0.194963	0.851971	0.213878	-0.971690	0.100371	0.847421	0.133444	-0.513878
42235	10.997680	-0.392697	-3.702563	-0.338149	-1.289618	-0.094177	0.496594	0.197616	0.845188	0.211503	-0.971937	0.102981	0.841820	0.127620	-0.524454
42236	10.689478	-0.442256	-3.956152	-0.171593	-1.300399	-0.112969	0.507247	0.200391	0.838179	0.210654	-0.971918	0.104882	0.835659	0.123365	-0.535216
42237	10.460254	-0.060124	-4.295899	-0.002900	-1.319602	-0.126992	0.517925	0.203285	0.830921	0.211300	-0.971655	0.106010	0.828919	0.120669	-0.546198
42238	10.425714	0.439913	-4.463615	0.014754	-1.319222	-0.119830	0.528545	0.206070	0.823514	0.212073	-0.971383	0.106959	0.821988	0.118112	-0.557122
42239	10.322611	0.754489	-4.821040	-0.069068	-1.315783	-0.112136	0.539038	0.208738	0.816006	0.212126	-0.971221	0.108316	0.815132	0.114709	-0.567804
42240	10.080903	0.554567	-5.153350	-0.188343	-1.299428	-0.102338	0.549355	0.211239	0.808447	0.211179	-0.971208	0.110266	0.808463	0.110152	-0.578147
42241	9.864072	0.571257	-5.450912	-0.272893	-1.264747	-0.092623	0.559303	0.213544	0.800986	0.209515	-0.971295	0.112650	0.802049	0.104813	-0.587989
42242	9.454515	0.527685	-5.893282	-0.357742	-1.219631	-0.106991	0.568810	0.215870	0.793634	0.207287	-0.971419	0.115662	0.795919	0.098720	-0.597300
42243	8.968803	0.265545	-6.222240	-0.379587	-1.156194	-0.133144	0.577662	0.218313	0.786540	0.205060	-0.971483	0.119043	0.790099	0.092522	-0.605956
42244	8.413509	0.179876	-6.472288	-0.383681	-1.075301	-0.146633	0.585815	0.220746	0.779803	0.202920	-0.971494	0.122569	0.784630	0.086434	-0.613909
42245	7.941128	0.020604	-6.727050	-0.332027	-0.990800	-0.167293	0.593184	0.223243	0.773495	0.201330	-0.971391	0.125961	0.779486	0.081010	-0.621159
42246	7.494022	-0.111904	-6.938096	-0.171622	-0.889872	-0.191451	0.599699	0.225853	0.767693	0.201167	-0.971086	0.128545	0.774528	0.077346	-0.627793
42247	6.960630	-0.155315	-7.011646	0.114653	-0.774101	-0.230456	0.605170	0.228728	0.762531	0.203462	-0.970464	0.129624	0.769657	0.076702	-0.633833
42248	6.528746	-0.106978	-7.183887	0.352854	-0.636621	-0.284998	0.609454	0.232032	0.758107	0.207929	-0.969522	0.129582	0.765069	0.078658	-0.639126
42249	6.101397	-0.170048	-7.311847	0.570465	-0.489003	-0.364437	0.612378	0.235998	0.754518	0.214532	-0.968198	0.128716	0.760900	0.083045	-0.643532
42250	5.535993	-0.144597	-7.600297	0.809390	-0.355340	-0.433389	0.614110	0.240544	0.751669	0.223361	-0.966454	0.126793	0.756953	0.090029	-0.647238
42251	4.954554	-0.172681	-7.905912	0.949167	-0.252986	-0.478334	0.614893	0.245439	0.749444	0.233492	-0.964386	0.124259	0.753251	0.098583	-0.650303
42252	4.249567	-0.056552	-8.032171	1.010581	-0.183140	-0.507059	0.615042	0.250557	0.747626	0.244233	-0.962074	0.121505	0.749715	0.107864	-0.652911
42253	3.573963	-0.002387	-7.933465	0.949206	-0.183389	-0.546182	0.615021	0.256049	0.745781	0.254718	-0.959615	0.119406	0.746236	0.116527	-0.655403
42254	3.759506	-0.125715	-7.658008	0.922545	-0.219438	-0.629276	0.615000	0.262388	0.743591	0.265485	-0.956858	0.118070	0.742491	0.124799	-0.658128
42255	5.505521	-0.116499	-6.529073	0.832757	-0.130944	-0.752914	0.613904	0.269787	0.741847	0.276309	-0.953772	0.118203	0.739443	0.132413	-0.660069
42256	7.120947	-0.602246	-5.681705	0.931939	0.115425	-0.864373	0.610592	0.277902	0.741584	0.288512	-0.950115	0.118498	0.737522	0.141602	-0.660311
42257	7.685505	-0.502192	-5.269323	1.261139	0.388242	-0.972953	0.604824	0.286584	0.743006	0.303744	-0.945489	0.117429	0.736157	0.154660	-0.658903
42258	7.344467	-0.201948	-5.197144	1.555430	0.625295	-1.033780	0.596973	0.295355	0.745915	0.321427	-0.939933	0.114934	0.735057	0.171145	-0.656050
42259	6.766857	0.004474	-5.194016	1.823409	0.812684	-1.062968	0.587453	0.303874	0.750040	0.341141	-0.933437	0.110985	0.733840	0.190671	-0.652014
42260	6.602761	-0.015659	-5.316945	2.007167	0.976464	-1.069145	0.576512	0.311891	0.755220	0.362108	-0.926086	0.106033	0.732469	0.212342	-0.646838
42261	6.693092	0.185765	-5.257072	2.113397	1.157198	-1.078962	0.563988	0.319278	0.761564	0.383754	-0.917935	0.100640	0.731198	0.235493	-0.640228
42262	6.981707	0.640302	-5.050911	2.164751	1.368891	-1.105812	0.549595	0.326032	0.769187	0.405757	-0.908991	0.095372	0.730278	0.259687	-0.631867
42263	7.130463	1.167270	-4.998545	2.125311	1.594811	-1.148875	0.533128	0.332112	0.778123	0.427521	-0.899417	0.090967	0.730068	0.284167	-0.621490
42264	7.164083	1.477055	-4.990469	2.003332	1.779987	-1.171677	0.514970	0.337363	0.788030	0.448318	-0.889546	0.087851	0.730627	0.308048	-0.609336
42265	7.273634	1.574631	-5.122750	1.868924	1.942586	-1.157775	0.495423	0.341422	0.798741	0.467858	-0.879628	0.085806	0.731891	0.331187	-0.595525
42266	7.360773	1.574566	-5.193963	1.757766	2.096908	-1.132894	0.474624	0.344190	0.810102	0.486257	-0.869708	0.084626	0.733680	0.353753	-0.580149
42267	7.559957	1.549093	-5.266964	1.644085	2.225759	-1.103574	0.452766	0.345642	0.821909	0.503477	-0.859890	0.084263	0.735876	0.375660	-0.563352
42268	7.842624	1.572352	-5.281525	1.458440	2.346419	-1.079132	0.429918	0.345853	0.834000	0.519014	-0.850513	0.085155	0.738779	0.396249	-0.545153
42269	8.206125	1.521658	-5.254996	1.230623	2.454280	-1.030638	0.406277	0.344643	0.846263	0.532457	-0.841947	0.087261	0.742582	0.415147	-0.525571
42270	8.463063	1.531332	-5.238695	1.035069	2.547484	-0.980186	0.381994	0.342096	0.858516	0.544049	-0.834177	0.090325	0.747055	0.432571	-0.504768
42271	8.787517	1.502376	-5.256493	0.904175	2.628637	-0.914290	0.357228	0.338128	0.870665	0.554221	-0.827067	0.093804	0.751816	0.449031	-0.482849
42272	8.996611	1.368839	-5.192527	0.831816	2.704179	-0.840884	0.332102	0.332733	0.882608	0.563409	-0.820429	0.097297	0.756491	0.464957	-0.459931
42273	9.062450	1.264210	-5.056368	0.870050	2.752256	-0.760830	0.306860	0.325955	0.894198	0.572452	-0.813793	0.100199	0.760353	0.481138	-0.436314
42274	9.286156	1.206146	-4.987258	0.959843	2.758541	-0.680664	0.281887	0.318003	0.905215	0.581780	-0.806888	0.102293	0.762936	0.497801	-0.412459
42275	9.526743	1.246439	-4.788724	1.020538	2.755448	-0.603358	0.257258	0.308926	0.915633	0.591211	-0.799817	0.103743	0.764387	0.514644	-0.388399
42276	9.835010	1.323197	-4.516334	1.057936	2.742758	-0.528239	0.233104	0.298820	0.925402	0.600607	-0.792664	0.104668	0.764810	0.531405	-0.364246
42277	9.893036	1.515182	-4.255035	1.054335	2.715797	-0.441028	0.209621	0.287671	0.934508	0.609654	-0.785669	0.105102	0.764448	0.547695	-0.340072
42278	9.915106	1.664619	-4.095718	0.972321	2.678632	-0.352863	0.186951	0.275591	0.942920	0.617793	-0.779262	0.105270	0.763794	0.562849	-0.315943
42279	9.856507	1.633814	-3.875652	0.837664	2.636826	-0.267407	0.165109	0.262671	0.950654	0.624666	-0.773759	0.105303	0.763238	0.576455	-0.291836
42280	9.657768	1.533789	-3.666754	0.726703	2.595555	-0.168055	0.144215	0.248879	0.957738	0.630478	-0.769084	0.104919	0.762693	0.588701	-0.267825
42281	9.503499	1.505976	-3.620513	0.656617	2.541238	-0.066448	0.124373	0.234311	0.964173	0.635577	-0.765011	0.103925	0.761954	0.599881	-0.244069
42282	9.421140	1.464680	-3.510204	0.520364	2.488172	0.022617	0.105528	0.219124	0.969974	0.639520	-0.761905	0.102544	0.761498	0.609496	-0.220536
42283	9.375935	1.507404	-3.365802	0.296989	2.415503	0.113292	0.087806	0.203477	0.975134	0.641675	-0.760315	0.100871	0.761934	0.616862	-0.197326
42284	9.407483	1.631723	-3.034428	0.009943	2.342888	0.203237	0.071202	0.187456	0.979689	0.641592	-0.760641	0.098913	0.763734	0.621518	-0.174429
42285	9.491591	1.674201	-2.767689	-0.365496	2.267017	0.287849	0.055641	0.171187	0.983666	0.638612	-0.763424	0.096735	0.767514	0.622799	-0.151800
42286	9.462753	1.368556	-2.532656	-0.736813	2.191608	0.370137	0.041074	0.154757	0.987098	0.632759	-0.768602	0.094171	0.773259	0.620727	-0.129493
42287	9.386469	1.146655	-2.455725	-0.980112	2.099316	0.444612	0.027520	0.138372	0.989998	0.624993	-0.775309	0.090992	0.780145	0.616238	-0.107818
42288	9.268373	0.820030	-2.392297	-1.195309	2.009955	0.530110	0.015013	0.121955	0.992422	0.615508	-0.783320	0.086948	0.787988	0.609538	-0.086824
42289	8.972346	0.530625	-2.239563	-1.315717	1.910453	0.611394	0.003570	0.105606	0.994402	0.605028	-0.791977	0.081937	0.796196	0.601348	-0.066722
42290	8.778375	0.291958	-2.243042	-1.395255	1.797588	0.676503	-0.006796	0.089526	0.995961	0.593870	-0.800958	0.076050	0.804532	0.591989	-0.047723
42291	8.694760	0.004271	-2.163695	-1.473883	1.663681	0.729095	-0.016003	0.073928	0.997135	0.582031	-0.810199	0.069410	0.813009	0.581474	-0.030063
42292	8.705584	-0.087862	-2.130872	-1.574210	1.506293	0.785852	-0.023825	0.058888	0.997980	0.569318	-0.819779	0.061964	0.821772	0.569644	-0.013995
42293	8.586948	-0.247935	-2.138556	-1.714852	1.343660	0.854332	-0.030158	0.044317	0.998562	0.555374	-0.829872	0.053603	0.831054	0.556192	0.000415
42294	8.426174	-0.518593	-2.160235	-1.829120	1.183745	0.904914	-0.035126	0.030300	0.998923	0.540377	-0.840246	0.044489	0.840690	0.541358	0.013141
42295	8.272810	-0.905043	-2.193108	-1.847729	1.008101	0.928119	-0.038732	0.017116	0.999103	0.525095	-0.850326	0.034923	0.850162	0.525977	0.023947
42296	8.141770	-1.108581	-2.278130	-1.767204	0.832043	0.933197	-0.041041	0.004860	0.999146	0.510362	-0.859592	0.025145	0.858979	0.510958	0.032798
42297	8.166176	-1.152649	-2.273928	-1.648801	0.667519	0.920167	-0.042190	-0.006408	0.999089	0.496514	-0.867892	0.015401	0.867003	0.496711	0.039798
42298	8.309543	-1.127397	-2.267451	-1.553347	0.509297	0.912107	-0.042185	-0.016815	0.998968	0.483370	-0.875398	0.005677	0.874399	0.483111	0.045056
42299	8.417132	-1.222752	-2.219464	-1.475747	0.350954	0.914544	-0.040916	-0.026481	0.998812	0.470793	-0.882234	-0.004104	0.881294	0.470066	0.048565
42300	8.471142	-1.251696	-2.156477	-1.374722	0.195625	0.927364	-0.038363	-0.035559	0.998631	0.458999	-0.888327	-0.013999	0.887608	0.457834	0.050401
42301	8.465795	-1.360791	-2.294255	-1.283508	0.058140	0.921700	-0.034709	-0.043990	0.998429	0.447904	-0.893765	-0.023808	0.893408	0.446374	0.050725
42302	8.238559	-1.497044	-2.417975	-1.139919	-0.059990	0.908188	-0.030175	-0.051823	0.998200	0.437983	-0.898363	-0.033400	0.898477	0.436187	0.049806
42303	8.026943	-1.301645	-2.380248	-1.015373	-0.161889	0.893036	-0.024846	-0.059118	0.997942	0.429081	-0.902253	-0.042767	0.902924	0.427135	0.047784
42304	8.089891	-1.018915	-2.334955	-0.958853	-0.233613	0.885569	-0.018996	-0.066096	0.997632	0.420596	-0.905757	-0.052000	0.907049	0.418612	0.045005
42305	8.055871	-0.975789	-2.323169	-0.924170	-0.287800	0.883986	-0.012693	-0.072876	0.997260	0.412333	-0.908977	-0.061177	0.910945	0.410427	0.041587
42306	8.114091	-1.093442	-2.362250	-0.881321	-0.346904	0.886201	-0.005933	-0.079494	0.996818	0.404370	-0.911889	-0.070314	0.914576	0.402666	0.037555
42307	8.190736	-1.231859	-2.425793	-0.827632	-0.376511	0.876079	0.001037	-0.085942	0.996300	0.396806	-0.914471	-0.079297	0.917902	0.395420	0.033154
42308	8.209172	-1.341011	-2.522003	-0.771193	-0.411560	0.862040	0.008186	-0.092181	0.995709	0.389675	-0.916731	-0.088073	0.920916	0.388724	0.028416
42309	8.333757	-1.373913	-2.580335	-0.704229	-0.424709	0.830064	0.015327	-0.098110	0.995058	0.383081	-0.918663	-0.096478	0.923588	0.382666	0.023504
42310	8.444782	-1.418774	-2.582816	-0.650435	-0.431893	0.791583	0.022305	-0.103706	0.994358	0.376917	-0.920340	-0.104442	0.925979	0.377120	0.018560
42311	8.648127	-1.415587	-2.628543	-0.618356	-0.440631	0.746434	0.029204	-0.108880	0.993626	0.370989	-0.921868	-0.111921	0.928178	0.371893	0.013471
42312	8.888253	-1.465296	-2.502018	-0.629559	-0.444449	0.689351	0.035847	-0.113558	0.992884	0.364916	-0.923431	-0.118789	0.930350	0.366577	0.008337
42313	9.050001	-1.583975	-2.390918	-0.628589	-0.454877	0.626888	0.042380	-0.117644	0.992151	0.358813	-0.925001	-0.125008	0.932447	0.361294	0.003011
42314	9.098946	-1.481699	-1.935707	-0.588375	-0.463405	0.562557	0.048685	-0.121146	0.991440	0.353066	-0.926446	-0.130542	0.934331	0.356399	-0.002331
42315	11.113964	-0.945460	2.818866	-1.176357	-0.284173	0.516281	0.053171	-0.124887	0.990745	0.341786	-0.929949	-0.135566	0.938273	0.345831	-0.006762
42316	13.425726	-1.877580	4.598387	-1.695351	0.075949	0.436308	0.053890	-0.129170	0.990157	0.325598	-0.935129	-0.139713	0.943971	0.329922	-0.008337
42317	14.314786	-3.916611	4.877961	-1.137391	0.388463	0.336656	0.051319	-0.133532	0.989715	0.314660	-0.938383	-0.142922	0.947816	0.318758	-0.006140
42318	13.288356	-5.662666	2.968097	0.396805	0.518281	0.167923	0.046920	-0.136723	0.989497	0.318338	-0.936892	-0.144550	0.946816	0.321777	-0.000435
42319	12.423868	-6.540834	1.725470	2.204784	0.531367	-0.160077	0.041401	-0.136947	0.989713	0.339205	-0.929804	-0.142847	0.939801	0.341629	0.007959
42320	11.391610	-2.920292	1.392188	3.603190	0.516323	-0.509143	0.034744	-0.134050	0.990365	0.373039	-0.917602	-0.137289	0.927165	0.374215	0.018125
42321	10.017640	1.082844	1.226573	3.755352	0.380886	-0.698459	0.028529	-0.129142	0.991216	0.407807	-0.903839	-0.129495	0.912622	0.407919	0.026880
42322	8.998050	3.213387	1.861161	3.034553	0.083161	-0.626510	0.025107	-0.123827	0.991986	0.435478	-0.891846	-0.122348	0.899849	0.435060	0.031532
42323	9.668840	3.989591	2.025124	2.180965	-0.272508	-0.420148	0.025683	-0.118846	0.992580	0.455102	-0.882658	-0.117461	0.890069	0.454743	0.031418
42324	10.791320	4.530200	1.324115	1.745469	-0.518606	-0.267544	0.029012	-0.114056	0.993051	0.470641	-0.874899	-0.114236	0.881848	0.470684	0.028297
42325	10.859516	4.191654	1.036663	1.492097	-0.639362	-0.232744	0.033515	-0.108928	0.993485	0.483816	-0.868039	-0.111495	0.874528	0.484400	0.023608
42326	10.727180	3.241394	1.138242	1.388557	-0.710712	-0.246039	0.038471	-0.103274	0.993909	0.496000	-0.861490	-0.108713	0.867470	0.497161	0.018081
42327	10.436204	3.518066	1.339749	1.273099	-0.703728	-0.206269	0.043510	-0.097910	0.994244	0.507085	-0.855301	-0.106418	0.860797	0.508797	0.012434
42328	9.727637	3.299489	1.247000	0.707087	-0.707414	-0.076544	0.049165	-0.093596	0.994396	0.513195	-0.851758	-0.105544	0.856863	0.515508	0.006156
42329	9.259511	1.720919	0.700635	-0.037399	-0.744800	0.098122	0.056035	-0.090532	0.994316	0.512823	-0.851868	-0.106462	0.856664	0.515873	-0.001308
42330	9.223063	0.106569	-0.398555	-0.533608	-0.768871	0.231047	0.063780	-0.088514	0.994031	0.508109	-0.854408	-0.108683	0.858928	0.512008	-0.009520
42331	9.060946	-1.341849	-1.358411	-0.773646	-0.737588	0.262693	0.071437	-0.086946	0.993648	0.501273	-0.858124	-0.111126	0.862335	0.506028	-0.017718
42332	8.984149	-2.638191	-1.769425	-0.782698	-0.663359	0.185899	0.078065	-0.085171	0.993303	0.494375	-0.861905	-0.112757	0.865737	0.499866	-0.025178
42333	9.144689	-3.646076	-1.532144	-0.624682	-0.588290	0.085956	0.083575	-0.082924	0.993045	0.488890	-0.864947	-0.113373	0.868333	0.494965	-0.031747
42334	9.577087	-4.211038	-1.066193	-0.304511	-0.538406	-0.001910	0.088215	-0.080211	0.992867	0.486249	-0.866457	-0.113201	0.869356	0.492766	-0.037432
42335	10.024452	-4.061805	-0.714361	0.176418	-0.517577	-0.049117	0.092463	-0.077171	0.992721	0.487827	-0.865631	-0.112728	0.868030	0.494699	-0.042393
42336	10.400864	-3.102652	-0.603547	0.678670	-0.526166	-0.062297	0.096686	-0.073976	0.992562	0.493768	-0.862304	-0.112365	0.864202	0.500959	-0.046846
42337	10.540935	-1.339625	-0.691214	1.029464	-0.524468	-0.066302	0.100866	-0.070700	0.992385	0.502703	-0.857152	-0.112160	0.858555	0.510188	-0.050917
42338	10.287128	0.298905	-0.640224	1.041936	-0.526585	-0.053686	0.105070	-0.067492	0.992172	0.511677	-0.851829	-0.112132	0.852729	0.519454	-0.054967
42339	10.040405	1.104844	-0.663634	0.819714	-0.518469	-0.022197	0.109357	-0.064537	0.991905	0.518674	-0.847561	-0.112329	0.847950	0.526759	-0.059213
42340	9.784147	1.188705	-0.982430	0.502900	-0.498724	0.017913	0.113641	-0.062013	0.991585	0.522915	-0.844893	-0.112768	0.844776	0.531329	-0.063587
42341	9.694223	0.765213	-1.380659	0.195745	-0.483279	0.056049	0.118003	-0.059855	0.991208	0.524504	-0.843822	-0.113397	0.843191	0.533274	-0.068179
42342	9.761634	-0.165250	-1.799403	-0.021906	-0.450426	0.083373	0.122206	-0.058120	0.990802	0.524224	-0.843893	-0.114161	0.842766	0.533354	-0.072661
