// General information: 
//  MT Manager version: 2022.2.0 
//  XDA version: 2022.2.0 build 7381 rev 124627 built on 2023-07-19
// Device information: 
//  DeviceId: 00B4CAF0
//  ProductCode: MTW2-3A7G6
//  Firmware Version: 4.6.0
//  Hardware Version: 2.0.0
// Device settings: 
//  Filter Profile: human(46.1)
//  Option Flags: Orientation Smoother Disabled, Position/Velocity Smoother Disabled, Continuous Zero Rotation Update Disabled, AHS Disabled, ICC Disabled
// Coordinate system: ENU
PacketCounter	Acc_X	Acc_Y	Acc_Z	Gyr_X	Gyr_Y	Gyr_Z	Mat[1][1]	Mat[2][1]	Mat[3][1]	Mat[1][2]	Mat[2][2]	Mat[3][2]	Mat[1][3]	Mat[2][3]	Mat[3][3]
58106	4.234490	-0.063252	9.350019	0.002048	0.003896	0.005234	-0.707557	-0.568695	0.419464	0.628109	-0.778112	0.004563	0.323795	0.266698	0.907761
58107	4.236169	-0.041268	9.361073	0.005956	0.008104	0.002918	-0.707583	-0.568702	0.419409	0.628108	-0.778113	0.004588	0.323739	0.266680	0.907786
58108	4.149621	-0.026392	9.349743	0.002817	0.002817	0.002922	-0.707613	-0.568717	0.419339	0.628093	-0.778125	0.004566	0.323702	0.266615	0.907818
58109	4.203523	-0.031714	9.404664	0.001891	0.000665	0.004479	-0.707606	-0.568716	0.419352	0.628090	-0.778128	0.004547	0.323724	0.266608	0.907812
58110	4.218477	-0.047130	9.377584	0.003790	-0.002662	0.004523	-0.707606	-0.568729	0.419334	0.628091	-0.778126	0.004527	0.323721	0.266584	0.907821
58111	4.240145	0.002958	9.382897	0.004795	0.001105	0.003343	-0.707607	-0.568720	0.419344	0.628089	-0.778128	0.004539	0.323721	0.266597	0.907816
58112	4.181985	-0.065827	9.368292	-0.000322	-0.002469	0.002925	-0.707616	-0.568725	0.419323	0.628069	-0.778144	0.004488	0.323741	0.266540	0.907826
58113	4.220844	-0.024960	9.388325	0.004873	0.002720	0.003720	-0.707620	-0.568723	0.419317	0.628070	-0.778144	0.004500	0.323730	0.266545	0.907829
58114	4.218402	-0.046438	9.377621	0.004190	0.001421	0.001976	-0.707653	-0.568724	0.419262	0.628051	-0.778160	0.004494	0.323697	0.266498	0.907854
58115	4.252727	-0.048820	9.376089	0.006168	-0.000291	0.002398	-0.707656	-0.568704	0.419284	0.628046	-0.778163	0.004523	0.323699	0.266530	0.907844
58116	4.235482	-0.039287	9.361392	0.006168	-0.000291	0.002398	-0.707672	-0.568713	0.419245	0.628047	-0.778162	0.004532	0.323663	0.266513	0.907862
58117	4.235373	-0.039059	9.361443	0.001365	0.002598	0.003489	-0.707677	-0.568710	0.419240	0.628035	-0.778172	0.004513	0.323675	0.266491	0.907864
58118	4.200714	-0.036140	9.363127	0.003665	0.003353	0.000986	-0.707710	-0.568722	0.419168	0.628022	-0.778183	0.004505	0.323627	0.266435	0.907898
58119	4.217542	-0.029483	9.347009	0.006929	0.002623	0.004520	-0.707709	-0.568726	0.419163	0.628035	-0.778172	0.004532	0.323604	0.266456	0.907900
58120	4.187613	0.017341	9.370160	0.005485	-0.001590	0.000653	-0.707733	-0.568716	0.419137	0.628019	-0.778185	0.004542	0.323583	0.266441	0.907911
58121	4.183060	-0.025839	9.348613	0.004873	0.002720	0.003720	-0.707738	-0.568714	0.419132	0.628020	-0.778184	0.004554	0.323572	0.266446	0.907914
58122	4.237020	-0.031069	9.403515	0.001208	-0.000633	0.002735	-0.707758	-0.568713	0.419099	0.627995	-0.778204	0.004519	0.323575	0.266390	0.907929
58123	4.222116	-0.000064	9.399556	0.004033	-0.001810	0.001221	-0.707763	-0.568680	0.419135	0.627976	-0.778220	0.004533	0.323601	0.266414	0.907913
58124	4.219760	-0.006366	9.357812	0.001890	0.000666	0.004479	-0.707772	-0.568704	0.419088	0.627973	-0.778222	0.004495	0.323587	0.266358	0.907934
58125	4.217592	-0.043413	9.378000	0.003342	0.000885	0.003911	-0.707769	-0.568699	0.419099	0.627970	-0.778224	0.004492	0.323599	0.266361	0.907929
58126	4.256368	-0.002393	9.398059	0.004190	0.001421	0.001976	-0.707800	-0.568699	0.419049	0.627952	-0.778239	0.004487	0.323569	0.266318	0.907953
58127	4.234579	-0.052015	9.392821	0.004025	0.002184	0.005655	-0.707790	-0.568711	0.419048	0.627963	-0.778230	0.004482	0.323567	0.266319	0.907953
58128	4.202139	-0.011970	9.374288	0.002738	0.001201	0.002544	-0.707814	-0.568719	0.418997	0.627948	-0.778242	0.004461	0.323544	0.266266	0.907977
58129	4.216957	-0.042749	9.378288	0.000761	0.002914	0.002121	-0.707829	-0.568706	0.418990	0.627924	-0.778262	0.004442	0.323558	0.266238	0.907980
58130	4.235995	-0.014638	9.372971	0.003500	0.004115	0.004665	-0.707846	-0.568740	0.418914	0.627929	-0.778258	0.004418	0.323511	0.266176	0.908015
58131	4.216158	-0.042645	9.378648	0.001523	0.005828	0.004242	-0.707857	-0.568751	0.418881	0.627923	-0.778263	0.004397	0.323499	0.266137	0.908031
58132	4.230549	-0.058123	9.351836	0.003499	0.004115	0.004665	-0.707880	-0.568776	0.418807	0.627919	-0.778266	0.004374	0.323455	0.266073	0.908065
58133	4.232389	-0.036202	9.362803	0.002292	0.004748	0.001930	-0.707902	-0.568766	0.418783	0.627899	-0.778283	0.004370	0.323446	0.266046	0.908076
58134	4.215214	-0.057638	9.410081	0.002659	-0.000414	0.002167	-0.707923	-0.568766	0.418748	0.627880	-0.778298	0.004349	0.323437	0.266002	0.908092
58135	4.200031	-0.011238	9.375233	0.004793	0.001103	0.003343	-0.707925	-0.568758	0.418757	0.627878	-0.778300	0.004361	0.323438	0.266016	0.908088
58136	4.217142	-0.019991	9.390000	0.006079	0.002085	0.006455	-0.707925	-0.568797	0.418702	0.627901	-0.778281	0.004354	0.323392	0.265986	0.908113
58137	4.182647	-0.001644	9.360589	0.003787	-0.002663	0.004525	-0.707907	-0.568788	0.418746	0.627904	-0.778279	0.004352	0.323425	0.266013	0.908093
58138	4.215324	-0.041618	9.379028	-0.001331	-0.006234	0.004108	-0.707900	-0.568784	0.418764	0.627883	-0.778296	0.004288	0.323483	0.265970	0.908085
58139	4.247775	-0.066363	9.366556	0.001810	-0.000950	0.004102	-0.707890	-0.568776	0.418792	0.627876	-0.778301	0.004270	0.323518	0.265972	0.908072
58140	4.198496	-0.032792	9.364134	0.000358	-0.001169	0.004670	-0.707892	-0.568792	0.418765	0.627867	-0.778309	0.004218	0.323530	0.265915	0.908085
58141	4.237500	0.007901	9.384089	0.001810	-0.000950	0.004102	-0.707882	-0.568784	0.418793	0.627861	-0.778314	0.004200	0.323564	0.265917	0.908072
58142	4.231198	-0.088100	9.413566	0.003541	-0.003516	0.007828	-0.707856	-0.568820	0.418789	0.627886	-0.778294	0.004164	0.323573	0.265899	0.908074
58143	4.235708	-0.013729	9.373102	0.004635	-0.002129	0.002590	-0.707851	-0.568797	0.418828	0.627878	-0.778300	0.004178	0.323597	0.265930	0.908056
58144	4.235888	0.002225	9.342010	0.013984	-0.004771	0.008145	-0.707820	-0.568831	0.418835	0.627939	-0.778251	0.004235	0.323550	0.266000	0.908053
58145	4.253663	-0.005472	9.356476	0.022975	-0.006246	0.009031	-0.707762	-0.568847	0.418911	0.628035	-0.778172	0.004389	0.323489	0.266197	0.908017
58146	4.236939	-0.010358	9.372550	0.015349	-0.002175	0.011633	-0.707721	-0.568909	0.418896	0.628118	-0.778105	0.004444	0.323416	0.266261	0.908024
58147	4.217618	-0.037127	9.378015	0.020632	0.000629	0.008369	-0.707690	-0.568938	0.418909	0.628203	-0.778036	0.004579	0.323321	0.266401	0.908017
58148	4.234629	-0.029799	9.361813	0.010793	0.001569	0.009419	-0.707671	-0.568998	0.418859	0.628261	-0.777989	0.004603	0.323248	0.266410	0.908040
58149	4.182722	-0.017144	9.348785	0.012570	0.004253	0.005923	-0.707666	-0.569018	0.418839	0.628303	-0.777955	0.004675	0.323178	0.266466	0.908048
58150	4.231902	-0.065420	9.382293	0.007531	0.002301	0.005885	-0.707670	-0.569054	0.418785	0.628327	-0.777935	0.004683	0.323123	0.266448	0.908073
58151	4.250641	-0.006548	9.315043	0.002977	0.006047	0.003670	-0.707685	-0.569061	0.418749	0.628322	-0.777939	0.004678	0.323100	0.266420	0.908090
58152	4.198555	-0.025179	9.364131	0.001081	0.009377	0.003622	-0.707724	-0.569101	0.418630	0.628312	-0.777948	0.004636	0.323034	0.266312	0.908145
58153	4.229872	-0.049944	9.352190	0.000153	0.007227	0.005182	-0.707734	-0.569123	0.418584	0.628308	-0.777951	0.004599	0.323020	0.266254	0.908167
58154	4.196984	-0.025432	9.364835	0.000478	0.009693	0.002254	-0.707782	-0.569154	0.418459	0.628288	-0.777968	0.004558	0.322954	0.266139	0.908224
58155	4.213288	-0.019338	9.348954	-0.001054	0.007860	0.002446	-0.707811	-0.569157	0.418407	0.628261	-0.777990	0.004521	0.322944	0.266068	0.908248
58156	4.208183	-0.078496	9.358717	-0.003188	0.006343	0.001271	-0.707856	-0.569167	0.418317	0.628218	-0.778024	0.004451	0.322928	0.265945	0.908290
58157	4.250854	0.020953	9.369538	-0.000807	0.008710	-0.000857	-0.707908	-0.569146	0.418257	0.628168	-0.778065	0.004430	0.322910	0.265872	0.908318
58158	4.193783	-0.026243	9.366266	-0.002870	0.012804	0.002774	-0.707966	-0.569184	0.418108	0.628136	-0.778091	0.004357	0.322846	0.265713	0.908387
58159	4.229463	-0.007655	9.375929	-0.003109	0.007958	0.001646	-0.708000	-0.569180	0.418055	0.628096	-0.778124	0.004304	0.322848	0.265626	0.908412
58160	4.231085	-0.001256	9.417985	0.001850	0.008294	0.001311	-0.708055	-0.569193	0.417944	0.628066	-0.778148	0.004281	0.322786	0.265528	0.908463
58161	4.191301	-0.026619	9.367376	0.003055	0.007660	0.004047	-0.708073	-0.569207	0.417894	0.628063	-0.778150	0.004274	0.322751	0.265490	0.908486
58162	4.207992	-0.035715	9.382344	-0.000008	0.003995	0.004430	-0.708091	-0.569236	0.417825	0.628054	-0.778159	0.004220	0.322732	0.265405	0.908518
58163	4.222129	-0.051262	9.355681	0.004064	0.011424	0.002863	-0.708129	-0.569251	0.417740	0.628046	-0.778165	0.004228	0.322664	0.265354	0.908557
58164	4.174408	0.004527	9.364266	0.004871	0.002715	0.003720	-0.708148	-0.569269	0.417683	0.628045	-0.778166	0.004221	0.322624	0.265313	0.908583
58165	4.188870	-0.026048	9.368465	0.004507	0.007877	0.003479	-0.708170	-0.569279	0.417631	0.628043	-0.778167	0.004230	0.322579	0.265286	0.908607
58166	4.188241	-0.010649	9.337742	0.002648	0.003579	0.006599	-0.708176	-0.569319	0.417568	0.628052	-0.778160	0.004191	0.322548	0.265222	0.908636
58167	4.205246	-0.019730	9.352573	0.000682	0.001298	0.001744	-0.708188	-0.569298	0.417575	0.628025	-0.778182	0.004173	0.322574	0.265203	0.908633
58168	4.222622	-0.044148	9.398242	-0.000327	-0.002466	0.002928	-0.708192	-0.569300	0.417566	0.628006	-0.778198	0.004122	0.322602	0.265153	0.908637
58169	4.239773	-0.038025	9.382004	0.001966	0.002280	0.004855	-0.708188	-0.569306	0.417565	0.628005	-0.778198	0.004102	0.322612	0.265138	0.908638
58170	4.202909	-0.041877	9.341850	-0.001018	0.000231	0.005614	-0.708186	-0.569334	0.417530	0.628001	-0.778202	0.004034	0.322626	0.265066	0.908654
58171	4.237242	-0.060340	9.371366	-0.002143	0.002479	0.003254	-0.708193	-0.569329	0.417526	0.627976	-0.778223	0.003984	0.322660	0.265018	0.908656
58172	4.224512	-0.023122	9.409163	0.001886	0.000665	0.004479	-0.708196	-0.569352	0.417488	0.627976	-0.778223	0.003947	0.322652	0.264968	0.908674
58173	4.254133	-0.038804	9.324243	0.006163	-0.000300	0.002402	-0.708199	-0.569332	0.417510	0.627972	-0.778226	0.003975	0.322654	0.265000	0.908664
58174	4.202521	-0.072478	9.404031	0.001523	0.005827	0.004238	-0.708226	-0.569361	0.417427	0.627962	-0.778234	0.003936	0.322614	0.264916	0.908702
58175	4.260331	0.027029	9.356781	0.006925	0.002613	0.004521	-0.708225	-0.569365	0.417422	0.627975	-0.778223	0.003963	0.322591	0.264938	0.908704
58176	4.203820	-0.034743	9.384218	0.005960	0.008092	0.002911	-0.708266	-0.569388	0.417320	0.627970	-0.778227	0.003970	0.322509	0.264876	0.908751
58177	4.247832	-0.096456	9.334555	0.005030	0.005943	0.004471	-0.708276	-0.569401	0.417285	0.627977	-0.778222	0.003980	0.322474	0.264864	0.908767
58178	4.204931	0.003219	9.364486	0.009227	0.003363	0.002019	-0.708312	-0.569401	0.417225	0.627972	-0.778226	0.004020	0.322406	0.264853	0.908794
58179	4.204708	0.003763	9.364586	0.004188	0.001415	0.001977	-0.708323	-0.569383	0.417231	0.627958	-0.778237	0.004033	0.322408	0.264860	0.908792
58180	4.202330	-0.017814	9.353888	0.003940	0.000565	0.005280	-0.708326	-0.569405	0.417196	0.627964	-0.778232	0.004012	0.322391	0.264826	0.908808
58181	4.204382	-0.011054	9.395735	0.005030	0.005943	0.004471	-0.708336	-0.569418	0.417161	0.627971	-0.778227	0.004021	0.322356	0.264813	0.908824
58182	4.184379	-0.038849	9.401481	0.002975	0.006043	0.003670	-0.708365	-0.569443	0.417077	0.627963	-0.778233	0.003998	0.322307	0.264741	0.908862
58183	4.127746	-0.055294	9.335957	-0.000089	0.002380	0.004054	-0.708366	-0.569444	0.417075	0.627950	-0.778244	0.003963	0.322329	0.264709	0.908864
58184	4.208095	0.047996	9.386594	0.003619	-0.005896	0.003780	-0.708358	-0.569435	0.417102	0.627942	-0.778250	0.003945	0.322363	0.264710	0.908851
58185	4.248666	-0.088146	9.376975	0.003009	-0.001584	0.006841	-0.708329	-0.569446	0.417135	0.627959	-0.778236	0.003927	0.322394	0.264725	0.908836
58186	4.218874	-0.026651	9.368933	-0.002472	0.000016	0.006181	-0.708322	-0.569476	0.417107	0.627953	-0.778242	0.003843	0.322421	0.264646	0.908849
58187	4.216700	-0.064043	9.389145	0.000353	-0.001167	0.004671	-0.708307	-0.569471	0.417137	0.627946	-0.778248	0.003809	0.322466	0.264637	0.908836
58188	4.221272	-0.020357	9.410624	0.004188	0.001414	0.001977	-0.708334	-0.569467	0.417097	0.627927	-0.778263	0.003804	0.322445	0.264601	0.908854
58189	4.270409	-0.038708	9.382210	0.001885	0.000664	0.004479	-0.708327	-0.569466	0.417110	0.627924	-0.778266	0.003786	0.322467	0.264595	0.908848
58190	4.218958	-0.041937	9.399898	0.003177	-0.002349	0.003162	-0.708334	-0.569462	0.417103	0.627910	-0.778277	0.003767	0.322477	0.264571	0.908851
58191	4.199278	-0.039352	9.343494	0.000842	0.004528	0.002493	-0.708352	-0.569456	0.417081	0.627889	-0.778294	0.003747	0.322478	0.264535	0.908861
58192	4.270074	-0.038184	9.382365	0.008546	0.002062	0.000276	-0.708387	-0.569447	0.417033	0.627879	-0.778302	0.003788	0.322421	0.264530	0.908883
58193	4.215883	-0.047580	9.358517	0.002896	0.004427	0.003294	-0.708400	-0.569447	0.417012	0.627870	-0.778309	0.003783	0.322410	0.264510	0.908893
58194	4.185788	-0.000703	9.381608	0.009579	0.002193	0.006690	-0.708395	-0.569488	0.416966	0.627908	-0.778278	0.003807	0.322347	0.264513	0.908914
58195	4.220207	-0.002802	9.380101	0.014048	-0.003171	0.008536	-0.708350	-0.569508	0.417014	0.627973	-0.778226	0.003881	0.322320	0.264623	0.908892
58196	4.218039	-0.023664	9.369317	0.013606	0.000375	0.007917	-0.708334	-0.569550	0.416984	0.628029	-0.778180	0.003937	0.322246	0.264666	0.908905
58197	4.200824	-0.028972	9.385579	0.010951	0.000793	0.005748	-0.708319	-0.569560	0.416996	0.628064	-0.778152	0.003995	0.322211	0.264730	0.908900
58198	4.232798	-0.068134	9.404428	0.011031	0.002407	0.006123	-0.708323	-0.569591	0.416947	0.628097	-0.778125	0.004035	0.322139	0.264742	0.908922
58199	4.251797	-0.024152	9.368117	0.009989	0.006270	0.004135	-0.708336	-0.569602	0.416910	0.628117	-0.778108	0.004091	0.322070	0.264766	0.908939
58200	4.177693	-0.061468	9.349986	0.003989	0.009804	0.002480	-0.708381	-0.569631	0.416794	0.628108	-0.778116	0.004082	0.321989	0.264683	0.908992
58201	4.237682	0.044556	9.344472	0.006233	0.005307	0.007205	-0.708372	-0.569663	0.416765	0.628138	-0.778091	0.004091	0.321951	0.264684	0.909005
58202	4.183222	0.004450	9.382751	0.003739	0.008955	0.005784	-0.708394	-0.569714	0.416659	0.628150	-0.778081	0.004066	0.321878	0.264605	0.909054
58203	4.231753	-0.029385	9.385655	0.000753	0.006909	0.006544	-0.708394	-0.569745	0.416615	0.628158	-0.778076	0.004028	0.321863	0.264554	0.909074
58204	4.211687	-0.057400	9.391438	0.003577	0.005725	0.005035	-0.708415	-0.569776	0.416538	0.628158	-0.778075	0.004005	0.321816	0.264489	0.909110
58205	4.247738	-0.023233	9.369960	0.002806	0.006807	0.007345	-0.708410	-0.569813	0.416495	0.628178	-0.778060	0.003983	0.321789	0.264455	0.909129
58206	4.215052	-0.013694	9.413423	0.004259	0.007022	0.006778	-0.708416	-0.569871	0.416406	0.628203	-0.778039	0.003958	0.321725	0.264391	0.909170
58207	4.246515	-0.023405	9.370514	-0.002834	0.005181	0.005934	-0.708415	-0.569893	0.416378	0.628195	-0.778046	0.003890	0.321744	0.264322	0.909183
58208	4.243760	-0.060722	9.391004	0.003326	0.004875	0.008339	-0.708408	-0.569952	0.416308	0.628224	-0.778023	0.003850	0.321703	0.264262	0.909215
58209	4.247590	-0.001680	9.381785	0.006123	0.011314	0.003656	-0.708440	-0.569973	0.416224	0.628228	-0.778019	0.003873	0.321623	0.264228	0.909254
58210	4.207339	-0.042067	9.362387	0.005513	0.015626	0.006714	-0.708479	-0.570047	0.416057	0.628252	-0.778000	0.003861	0.321492	0.264124	0.909330
58211	4.240307	-0.044752	9.361571	0.004831	0.014328	0.004971	-0.708513	-0.570086	0.415946	0.628261	-0.777993	0.003866	0.321399	0.264063	0.909381
58212	4.224087	-0.028838	9.389109	0.004831	0.014327	0.004971	-0.708559	-0.570141	0.415793	0.628269	-0.777987	0.003855	0.321283	0.263961	0.909451
58213	4.203237	-0.041262	9.364233	0.006284	0.014541	0.004404	-0.708597	-0.570176	0.415680	0.628279	-0.777979	0.003876	0.321180	0.263910	0.909503
58214	4.201953	-0.025643	9.333817	0.006203	0.012926	0.004030	-0.708642	-0.570224	0.415538	0.628288	-0.777971	0.003881	0.321063	0.263828	0.909568
58215	4.203324	-0.018693	9.375939	0.006308	0.006918	0.007581	-0.708635	-0.570264	0.415494	0.628321	-0.777945	0.003890	0.321013	0.263820	0.909588
58216	4.237054	-0.005979	9.343809	0.006733	0.006998	0.000600	-0.708687	-0.570263	0.415407	0.628300	-0.777961	0.003914	0.320939	0.263774	0.909627
58217	4.186988	0.012989	9.372514	0.004416	0.010249	0.007526	-0.708692	-0.570311	0.415333	0.628326	-0.777940	0.003905	0.320877	0.263733	0.909661
58218	4.112812	-0.024594	9.354313	0.005708	0.007234	0.006212	-0.708702	-0.570361	0.415246	0.628351	-0.777921	0.003896	0.320806	0.263681	0.909701
58219	4.203127	0.003999	9.387767	-0.000760	-0.002543	0.009911	-0.708651	-0.570394	0.415288	0.628377	-0.777899	0.003831	0.320867	0.263673	0.909682
58220	4.213562	-0.070624	9.370364	0.006504	-0.001473	0.007081	-0.708630	-0.570426	0.415280	0.628407	-0.777875	0.003826	0.320854	0.263676	0.909686
58221	4.255057	0.007485	9.369973	0.009756	-0.002209	0.010622	-0.708576	-0.570465	0.415320	0.628473	-0.777822	0.003853	0.320847	0.263747	0.909667
58222	4.319130	-0.040975	9.345755	0.024020	0.003077	0.012690	-0.708537	-0.570550	0.415269	0.628596	-0.777721	0.003984	0.320690	0.263859	0.909690
58223	4.269500	-0.005518	9.343265	0.023927	0.005457	0.016740	-0.708468	-0.570657	0.415239	0.628751	-0.777596	0.004115	0.320540	0.263997	0.909703
58224	4.242352	-0.097505	9.317034	0.022035	0.008787	0.016684	-0.708416	-0.570795	0.415138	0.628903	-0.777472	0.004211	0.320355	0.264065	0.909749
58225	4.194512	-0.055474	9.356452	0.022543	0.010479	0.010075	-0.708406	-0.570863	0.415062	0.629005	-0.777389	0.004357	0.320177	0.264163	0.909783
58226	4.195760	-0.032436	9.367620	0.010909	0.012397	0.006998	-0.708429	-0.570932	0.414928	0.629051	-0.777352	0.004392	0.320037	0.264122	0.909844
58227	4.209629	-0.062435	9.372189	0.012972	0.008295	0.003379	-0.708453	-0.570943	0.414871	0.629075	-0.777332	0.004479	0.319935	0.264158	0.909869
58228	4.245300	-0.042511	9.381931	0.012616	0.013454	0.003128	-0.708506	-0.570983	0.414726	0.629096	-0.777314	0.004546	0.319777	0.264124	0.909935
58229	4.317526	-0.003736	9.401016	0.013733	0.011206	0.005494	-0.708526	-0.571018	0.414644	0.629138	-0.777280	0.004630	0.319650	0.264149	0.909972
58230	4.264395	0.009490	9.388322	0.017205	0.022931	0.006969	-0.708583	-0.571113	0.414416	0.629203	-0.777227	0.004724	0.319397	0.264099	0.910075
58231	4.203524	-0.042598	9.343963	0.018900	0.027983	0.007520	-0.708644	-0.571208	0.414181	0.629275	-0.777167	0.004847	0.319119	0.264068	0.910182
58232	4.200965	-0.056517	9.376114	0.012582	0.025065	0.004363	-0.708725	-0.571287	0.413932	0.629304	-0.777144	0.004909	0.318880	0.263968	0.910295
58233	4.132194	-0.012660	9.359557	0.010611	0.026781	0.003931	-0.708805	-0.571351	0.413707	0.629325	-0.777127	0.004972	0.318662	0.263880	0.910396
58234	4.056210	-0.065078	9.373080	0.000952	0.026984	0.001277	-0.708912	-0.571412	0.413441	0.629296	-0.777150	0.004940	0.318482	0.263679	0.910518
58235	3.829502	-0.029821	9.294116	-0.002309	-0.000740	0.002499	-0.708913	-0.571392	0.413466	0.629265	-0.777175	0.004891	0.318541	0.263648	0.910506
58236	3.861327	-0.330129	9.397118	-0.015631	-0.036330	-0.000793	-0.708830	-0.571269	0.413777	0.629168	-0.777255	0.004717	0.318915	0.263679	0.910366
58237	3.917742	-0.312392	9.346551	0.001287	-0.064321	-0.008229	-0.708696	-0.570998	0.414381	0.629073	-0.777332	0.004746	0.319402	0.264039	0.910091
58238	4.237783	0.013990	9.502648	0.004888	-0.103076	-0.016119	-0.708501	-0.570574	0.415297	0.628927	-0.777450	0.004822	0.320121	0.264608	0.909673
58239	4.379887	0.150998	9.468828	-0.013575	-0.109785	-0.020162	-0.708295	-0.570089	0.416314	0.628699	-0.777634	0.004765	0.321023	0.265111	0.909208
58240	4.420522	0.170265	9.359633	-0.033169	-0.073767	-0.018058	-0.708197	-0.569737	0.416962	0.628428	-0.777855	0.004503	0.321770	0.265220	0.908913
58241	4.479216	-0.020530	9.341100	-0.017300	-0.061052	-0.011409	-0.708091	-0.569449	0.417535	0.628250	-0.777999	0.004377	0.322350	0.265415	0.908650
58242	4.317511	-0.154595	9.369934	0.002904	-0.036064	-0.005228	-0.708032	-0.569296	0.417843	0.628185	-0.778051	0.004389	0.322605	0.265591	0.908509
58243	4.198241	-0.157447	9.347532	0.012984	-0.036191	-0.009578	-0.707995	-0.569087	0.418190	0.628118	-0.778105	0.004530	0.322818	0.265880	0.908348
58244	4.174256	-0.056980	9.317452	0.015555	-0.038230	-0.007784	-0.707949	-0.568903	0.418518	0.628070	-0.778142	0.004669	0.323011	0.266165	0.908196
58245	4.232121	-0.045341	9.339556	0.013938	-0.045682	-0.012382	-0.707898	-0.568647	0.418952	0.627987	-0.778209	0.004830	0.323285	0.266516	0.907996
58246	4.237464	0.023630	9.255626	0.011063	-0.025241	-0.012818	-0.707929	-0.568455	0.419160	0.627885	-0.778291	0.004950	0.323415	0.266688	0.907899
58247	4.140408	0.025874	9.331467	0.017877	-0.049128	-0.011529	-0.707862	-0.568196	0.419624	0.627819	-0.778342	0.005143	0.323689	0.267089	0.907683
58248	4.186393	0.074834	9.390883	0.005305	-0.045358	-0.008591	-0.707793	-0.567993	0.420015	0.627740	-0.778406	0.005192	0.323993	0.267335	0.907502
58249	4.291193	0.060654	9.342509	0.015215	-0.044715	-0.009277	-0.707725	-0.567764	0.420439	0.627682	-0.778451	0.005352	0.324253	0.267690	0.907305
58250	4.249345	-0.074422	9.351166	0.010260	-0.041037	-0.004513	-0.707645	-0.567602	0.420793	0.627646	-0.778480	0.005429	0.324497	0.267951	0.907141
58251	4.161656	0.074940	9.345373	0.008724	-0.042871	-0.004314	-0.707552	-0.567416	0.421200	0.627603	-0.778514	0.005509	0.324784	0.268244	0.906951
58252	4.130304	0.026576	9.396239	0.005186	-0.063870	-0.002960	-0.707387	-0.567206	0.421759	0.627563	-0.778546	0.005534	0.325220	0.268595	0.906691
58253	4.363841	0.074519	9.357552	0.004826	-0.058710	-0.003213	-0.707235	-0.566986	0.422310	0.627515	-0.778585	0.005574	0.325644	0.268948	0.906434
58254	4.285092	0.111570	9.354594	-0.000072	-0.045784	-0.001259	-0.707119	-0.566833	0.422708	0.627466	-0.778624	0.005544	0.325988	0.269155	0.906249
58255	4.304607	0.080996	9.356526	0.005757	-0.052567	-0.000362	-0.706969	-0.566651	0.423203	0.627441	-0.778644	0.005581	0.326362	0.269481	0.906018
58256	4.272589	0.048042	9.376599	0.019433	-0.042951	0.004690	-0.706828	-0.566548	0.423576	0.627494	-0.778600	0.005703	0.326565	0.269823	0.905842
58257	4.257714	0.022306	9.380283	0.032019	-0.054371	0.004911	-0.706638	-0.566402	0.424088	0.627592	-0.778519	0.005956	0.326787	0.270363	0.905601
58258	4.239159	0.101768	9.452821	0.066200	-0.070694	0.015049	-0.706341	-0.566307	0.424711	0.627874	-0.778288	0.006457	0.326890	0.271226	0.905306
58259	4.209121	0.104109	9.409717	0.080844	-0.078228	0.020475	-0.705975	-0.566216	0.425439	0.628241	-0.777986	0.007085	0.326974	0.272280	0.904959
58260	4.244615	0.027584	9.403587	0.088890	-0.093560	0.021674	-0.705562	-0.566108	0.426268	0.628643	-0.777655	0.007764	0.327094	0.273448	0.904564
58261	4.159322	0.080211	9.498505	0.103764	-0.111932	0.022566	-0.705072	-0.565939	0.427301	0.629100	-0.777277	0.008589	0.327270	0.274871	0.904069
58262	4.135279	0.054726	9.515476	0.093000	-0.148115	0.021592	-0.704477	-0.565680	0.428623	0.629518	-0.776930	0.009304	0.327747	0.276380	0.903435
58263	3.976789	0.041096	9.539068	0.102399	-0.172556	0.025051	-0.703772	-0.565358	0.430202	0.629989	-0.776538	0.010104	0.328356	0.278134	0.902676
58264	2.800279	-0.238672	10.253837	0.119063	-0.277256	0.029223	-0.702701	-0.564795	0.432688	0.630550	-0.776070	0.011019	0.329573	0.280574	0.901476
58265	2.646201	0.270541	10.502356	0.120884	-0.630410	0.010416	-0.700565	-0.563055	0.438382	0.630982	-0.775704	0.012045	0.333272	0.285050	0.898708
58266	2.937533	-0.226451	10.522820	0.078964	-0.750248	0.033193	-0.697865	-0.561138	0.445094	0.631440	-0.775323	0.012575	0.338036	0.289826	0.895395
58267	2.964665	-0.279048	10.584569	0.088460	-1.059309	0.035709	-0.694041	-0.558271	0.454577	0.631949	-0.774898	0.013189	0.344888	0.296423	0.890610
58268	3.089920	0.482895	10.734496	0.081110	-1.369628	0.079777	-0.688786	-0.554750	0.466719	0.632737	-0.774249	0.013510	0.353862	0.304615	0.884303
58269	2.836051	0.316677	10.477688	0.061412	-1.740287	0.136819	-0.681678	-0.550382	0.482073	0.633853	-0.773337	0.013387	0.365437	0.314689	0.876029
58270	2.964119	0.507161	10.918288	0.071384	-2.172401	0.202545	-0.672333	-0.544957	0.500990	0.635447	-0.772036	0.012985	0.379706	0.327082	0.865356
58271	3.881586	1.349260	11.412833	-0.149431	-2.581908	0.274134	-0.660568	-0.538423	0.523213	0.636651	-0.771084	0.010286	0.397902	0.339898	0.852140
58272	4.872749	2.090901	11.331119	-0.491584	-2.795607	0.431072	-0.646427	-0.532075	0.546834	0.637420	-0.770507	0.003800	0.419317	0.351020	0.837232
58273	5.632800	2.385532	12.122143	-0.760798	-2.913123	0.600014	-0.630060	-0.526293	0.571000	0.637928	-0.770074	-0.005870	0.442801	0.360558	0.820929
58274	6.586090	2.821215	12.260505	-1.096262	-3.011427	0.807075	-0.611217	-0.521522	0.595340	0.637900	-0.769872	-0.019502	0.468506	0.367848	0.803237
58275	6.877847	2.243327	10.943680	-1.274721	-2.827431	0.996607	-0.591272	-0.518683	0.617548	0.637717	-0.769444	-0.035679	0.493675	0.372724	0.785723
58276	7.627379	0.697067	10.390047	-0.949958	-2.750806	1.010716	-0.570951	-0.516084	0.638492	0.638756	-0.767820	-0.049431	0.515757	0.379618	0.768039
58277	6.001848	0.490343	10.730287	-0.777206	-2.434804	1.087342	-0.551224	-0.515056	0.656407	0.640733	-0.765225	-0.062380	0.534428	0.386196	0.751824
58278	3.328236	0.495415	11.697949	-0.461681	-2.020577	1.133717	-0.533025	-0.515810	0.670690	0.644335	-0.761217	-0.073353	0.548377	0.393050	0.738102
58279	-0.804848	1.657035	12.056114	-0.401823	-1.378600	1.162350	-0.517899	-0.519146	0.679903	0.648177	-0.756826	-0.084149	0.558253	0.397117	0.728458
58280	-3.644852	2.639107	12.016728	-0.375850	-0.823462	1.106609	-0.506126	-0.524206	0.684868	0.651692	-0.752583	-0.094428	0.564920	0.398530	0.722523
58281	-5.190952	3.429131	12.659093	-0.283132	-0.153936	0.879072	-0.499528	-0.530155	0.685133	0.654466	-0.749112	-0.102493	0.567579	0.397198	0.721171
58282	-5.792942	3.564192	13.079454	-0.204369	0.569836	0.459749	-0.499815	-0.535845	0.680481	0.655572	-0.747499	-0.107099	0.566048	0.392575	0.724897
58283	-0.980970	1.292666	15.209215	0.330888	1.407352	-0.096819	-0.508367	-0.540572	0.670332	0.656900	-0.746767	-0.104030	0.556818	0.387455	0.734733
58284	-4.202485	1.806640	13.578208	0.712555	2.571047	-0.483900	-0.525718	-0.546815	0.651624	0.658271	-0.746697	-0.095516	0.538795	0.378730	0.752505
58285	-5.718784	2.504249	11.796434	0.855334	3.083245	-0.676155	-0.546461	-0.553241	0.628733	0.659118	-0.747259	-0.084665	0.516666	0.368143	0.772998
58286	-4.617305	1.732825	10.995683	0.840684	3.280942	-0.754996	-0.568093	-0.559488	0.603526	0.659123	-0.748444	-0.073406	0.492775	0.356096	0.793957
58287	-2.998514	0.660238	10.671159	0.861724	3.476614	-0.782813	-0.589954	-0.565738	0.576103	0.658684	-0.749873	-0.061861	0.467001	0.342974	0.815033
58288	-2.540107	0.549093	10.419397	0.938644	3.544549	-0.828200	-0.611569	-0.571458	0.547192	0.657930	-0.751454	-0.049443	0.439444	0.329776	0.835546
58289	-0.880129	0.464823	11.136862	0.931777	3.355033	-0.880305	-0.631666	-0.575655	0.519249	0.656385	-0.753524	-0.036887	0.412501	0.317527	0.853827
58290	3.634470	0.175905	12.113910	0.951291	3.245886	-0.963494	-0.651024	-0.578513	0.491417	0.653965	-0.756150	-0.023799	0.385354	0.305876	0.870599
58291	7.063959	1.145073	11.880747	0.901600	3.289402	-1.082206	-0.670324	-0.580133	0.462722	0.650124	-0.759753	-0.010728	0.357778	0.293636	0.886438
58292	10.515476	2.010948	12.054245	0.711686	3.255909	-1.252858	-0.689731	-0.579929	0.433536	0.644016	-0.765011	0.001260	0.330929	0.280073	0.901135
58293	16.423731	2.003851	12.532094	0.458952	3.356167	-1.504169	-0.710035	-0.577460	0.402975	0.634905	-0.772502	0.011703	0.304541	0.264161	0.915136
58294	10.025814	20.476169	17.111096	-1.229478	1.155026	-1.267923	-0.721594	-0.570554	0.392136	0.622048	-0.782960	0.005470	0.303905	0.247875	0.919891
58295	42.416863	-22.721186	-20.745216	-6.313711	0.234416	-0.917108	-0.727950	-0.563767	0.390199	0.595002	-0.802227	-0.049044	0.340678	0.196468	0.919423
58296	36.927013	-26.837957	-17.978152	0.886361	-0.527037	-2.177074	-0.739028	-0.545113	0.395841	0.582009	-0.812539	-0.032347	0.339269	0.206478	0.917749
58297	52.024603	-0.711439	-4.163992	0.150427	-0.667223	-1.162721	-0.743487	-0.534199	0.402318	0.573860	-0.818529	-0.026346	0.343383	0.211286	0.915121
58298	11.988635	-20.292882	9.394745	0.139557	1.486892	0.754467	-0.744175	-0.543420	0.388457	0.579900	-0.814204	-0.028078	0.331541	0.204371	0.921039
58299	-8.382521	6.129214	8.596244	1.654600	0.552681	-0.590575	-0.749414	-0.539732	0.383494	0.580819	-0.813964	-0.010557	0.317848	0.214829	0.923483
58300	-6.096007	0.685622	10.374147	-0.118291	-1.042115	-0.246448	-0.747508	-0.535437	0.393115	0.578549	-0.815577	-0.010734	0.326362	0.219413	0.919427
58301	16.555507	2.911693	13.110916	0.552060	-1.138396	-0.250074	-0.745226	-0.530801	0.403595	0.578456	-0.815700	-0.004693	0.331703	0.229965	0.914926
58302	-0.771572	2.942474	5.893880	-0.503991	0.045468	0.126192	-0.744670	-0.531909	0.403162	0.577674	-0.816208	-0.009852	0.334304	0.225560	0.915076
58303	6.883863	-0.231556	11.593159	0.073862	-0.664930	-0.059383	-0.742792	-0.529872	0.409263	0.577438	-0.816386	-0.008954	0.338860	0.229673	0.912373
58304	2.836375	-2.941029	8.374886	-0.267814	-0.354606	-0.012964	-0.741681	-0.528927	0.412488	0.576384	-0.817100	-0.011377	0.343062	0.229313	0.910892
58305	4.835935	2.532966	10.261546	0.333862	-0.510133	-0.089876	-0.740460	-0.526971	0.417158	0.576823	-0.816830	-0.007984	0.344954	0.234714	0.908799
58306	5.772632	-0.861236	9.861889	-0.310651	-0.448362	-0.024364	-0.739066	-0.525694	0.421222	0.575519	-0.817718	-0.010737	0.350085	0.234486	0.906894
58307	5.727461	-2.336857	8.961143	0.039674	-0.170387	-0.058783	-0.738823	-0.524774	0.422792	0.575180	-0.817964	-0.010146	0.351153	0.235685	0.906170
58308	4.955551	0.129253	9.887707	0.048835	-0.156655	-0.062660	-0.738654	-0.523866	0.424211	0.574845	-0.818208	-0.009476	0.352057	0.236856	0.905514
58309	4.465285	-0.608131	9.305149	0.007914	-0.133888	-0.057556	-0.738529	-0.523039	0.425448	0.574404	-0.818521	-0.009177	0.353037	0.237601	0.904937
58310	4.803678	0.104511	9.490815	0.008435	-0.108920	-0.047801	-0.738440	-0.522363	0.426431	0.574036	-0.818781	-0.008934	0.353821	0.238190	0.904476
58311	4.586276	-0.247379	9.344760	-0.005697	-0.082929	-0.039889	-0.738391	-0.521800	0.427204	0.573677	-0.819034	-0.008832	0.354503	0.238556	0.904112
58312	4.739185	0.067679	9.307616	-0.007227	-0.063483	-0.035831	-0.738393	-0.521329	0.427776	0.573343	-0.819269	-0.008781	0.355042	0.238778	0.903842
58313	4.515142	-0.019719	9.287568	-0.020767	-0.033800	-0.022033	-0.738415	-0.521029	0.428103	0.573062	-0.819464	-0.008891	0.355447	0.238764	0.903686
58314	4.481674	-0.117315	9.314795	-0.030826	-0.016693	-0.018240	-0.738481	-0.520813	0.428251	0.572773	-0.819663	-0.009128	0.355776	0.238550	0.903614
58315	4.465303	-0.148041	9.318764	-0.021523	-0.015384	-0.020307	-0.738559	-0.520572	0.428411	0.572503	-0.819850	-0.009252	0.356050	0.238433	0.903536
58316	4.462011	-0.175975	9.265077	-0.024355	0.003072	-0.019364	-0.738701	-0.520394	0.428381	0.572228	-0.820040	-0.009426	0.356195	0.238169	0.903549
58317	4.481906	-0.104997	9.283616	-0.019206	0.010051	-0.018096	-0.738857	-0.520231	0.428311	0.571983	-0.820210	-0.009539	0.356268	0.237939	0.903581
58318	4.530831	-0.137151	9.285321	-0.019599	0.035827	-0.018032	-0.739108	-0.520142	0.427986	0.571735	-0.820382	-0.009675	0.356144	0.237543	0.903734
58319	4.456565	-0.233326	9.317523	-0.017703	0.052281	-0.014549	-0.739394	-0.520108	0.427534	0.571520	-0.820530	-0.009789	0.355896	0.237106	0.903946
58320	4.324883	-0.308477	9.265715	-0.014990	0.063714	-0.017913	-0.739743	-0.520085	0.426956	0.571290	-0.820689	-0.009885	0.355539	0.236603	0.904218
58321	4.165156	-0.312488	9.292115	-0.009568	0.051840	-0.023441	-0.740077	-0.519977	0.426509	0.571038	-0.820864	-0.009888	0.355247	0.236235	0.904429
58322	4.115511	-0.119210	9.301273	-0.001933	0.027423	-0.026360	-0.740346	-0.519798	0.426260	0.570792	-0.821036	-0.009830	0.355085	0.236028	0.904547
58323	3.961717	0.147309	9.235760	-0.011924	0.013008	-0.020559	-0.740525	-0.519622	0.426164	0.570553	-0.821201	-0.009867	0.355094	0.235843	0.904592
58324	4.270859	0.002404	9.263422	-0.032285	-0.018608	-0.018128	-0.740583	-0.519402	0.426330	0.570260	-0.821402	-0.010118	0.355444	0.235626	0.904511
58325	4.180666	-0.226397	9.281674	-0.027188	-0.013247	-0.017256	-0.740650	-0.519191	0.426471	0.569991	-0.821586	-0.010307	0.355734	0.235451	0.904442
58326	4.329145	-0.081362	9.353705	-0.021542	-0.028797	-0.015243	-0.740656	-0.518971	0.426730	0.569757	-0.821747	-0.010473	0.356099	0.235375	0.904319
58327	4.312416	-0.133595	9.345695	-0.024848	-0.020947	-0.013433	-0.740673	-0.518773	0.426940	0.569525	-0.821905	-0.010657	0.356433	0.235260	0.904217
58328	4.471369	-0.088057	9.343829	-0.016589	-0.022700	-0.010672	-0.740674	-0.518605	0.427143	0.569342	-0.822030	-0.010798	0.356724	0.235193	0.904120
58329	4.433724	-0.173343	9.298781	0.000565	-0.014723	-0.009296	-0.740690	-0.518455	0.427296	0.569231	-0.822107	-0.010770	0.356867	0.235254	0.904047
58330	4.406768	-0.064488	9.357829	0.003315	-0.013443	-0.006735	-0.740701	-0.518342	0.427415	0.569148	-0.822165	-0.010747	0.356976	0.235303	0.903992
58331	4.436063	-0.134279	9.278836	0.007413	-0.009537	-0.000637	-0.740687	-0.518275	0.427521	0.569126	-0.822181	-0.010694	0.357042	0.235393	0.903942
58332	4.386805	-0.156706	9.327119	0.008446	-0.000866	-0.000534	-0.740707	-0.518242	0.427526	0.569108	-0.822194	-0.010650	0.357029	0.235419	0.903940
58333	4.300563	-0.182655	9.335493	0.020196	-0.009586	-0.002882	-0.740705	-0.518157	0.427632	0.569114	-0.822192	-0.010472	0.357022	0.235615	0.903892
58334	4.113413	-0.221543	9.379682	0.022955	-0.025682	0.000266	-0.740632	-0.518072	0.427861	0.569154	-0.822167	-0.010302	0.357110	0.235889	0.903786
58335	4.270244	-0.198178	9.323580	0.038959	-0.054206	-0.004019	-0.740478	-0.517872	0.428371	0.569219	-0.822126	-0.009949	0.357327	0.236470	0.903548
58336	4.256679	-0.169411	9.276499	0.036524	-0.067137	-0.008061	-0.740304	-0.517620	0.428975	0.569245	-0.822112	-0.009620	0.357645	0.237070	0.903265
58337	4.391767	-0.010085	9.331845	0.040581	-0.070455	-0.007296	-0.740109	-0.517354	0.429632	0.569292	-0.822083	-0.009239	0.357973	0.237748	0.902957
58338	4.403151	-0.230376	9.228184	0.024089	-0.059750	-0.007477	-0.739959	-0.517123	0.430169	0.569279	-0.822095	-0.009024	0.358306	0.238208	0.902703
58339	4.327164	-0.168929	9.280423	0.028328	-0.062184	-0.010007	-0.739808	-0.516854	0.430750	0.569262	-0.822110	-0.008742	0.358642	0.238742	0.902429
58340	4.333478	-0.203813	9.296512	0.023943	-0.070233	-0.013612	-0.739654	-0.516547	0.431382	0.569202	-0.822153	-0.008503	0.359054	0.239255	0.902129
58341	4.295584	-0.062475	9.350238	0.021045	-0.076393	-0.017383	-0.739495	-0.516182	0.432092	0.569106	-0.822223	-0.008254	0.359537	0.239802	0.901792
58342	4.506601	-0.070794	9.292205	0.011327	-0.074930	-0.019551	-0.739357	-0.515815	0.432766	0.568957	-0.822327	-0.008102	0.360055	0.240235	0.901470
58343	4.543177	-0.096553	9.233695	0.010505	-0.058121	-0.018223	-0.739267	-0.515486	0.433311	0.568816	-0.822426	-0.007945	0.360462	0.240600	0.901210
58344	4.546447	-0.154414	9.239043	0.004903	-0.035331	-0.014910	-0.739245	-0.515252	0.433628	0.568679	-0.822522	-0.007871	0.360724	0.240776	0.901058
58345	4.495546	-0.164643	9.214324	0.018753	-0.025081	-0.016706	-0.739265	-0.515015	0.433874	0.568579	-0.822593	-0.007646	0.360840	0.241039	0.900941
58346	4.360797	-0.233756	9.259879	0.029179	-0.029228	-0.017296	-0.739278	-0.514775	0.434136	0.568511	-0.822643	-0.007343	0.360919	0.241383	0.900817
58347	4.421019	-0.077547	9.278248	0.039468	-0.038243	-0.019100	-0.739264	-0.514487	0.434501	0.568469	-0.822676	-0.006921	0.361015	0.241884	0.900645
58348	4.439975	-0.124908	9.267807	0.035181	-0.037443	-0.016968	-0.739246	-0.514229	0.434837	0.568425	-0.822709	-0.006565	0.361120	0.242319	0.900485
58349	4.374447	-0.118536	9.270753	0.048670	-0.034562	-0.017100	-0.739234	-0.513966	0.435169	0.568431	-0.822709	-0.006069	0.361136	0.242877	0.900328
58350	4.411357	-0.135390	9.255367	0.054582	-0.046023	-0.017580	-0.739188	-0.513682	0.435582	0.568453	-0.822697	-0.005535	0.361196	0.243516	0.900132
58351	4.330995	-0.172626	9.293203	0.068429	-0.053188	-0.018780	-0.739119	-0.513359	0.436081	0.568517	-0.822657	-0.004854	0.361237	0.244332	0.899894
58352	4.337245	-0.067712	9.263988	0.083361	-0.067459	-0.018875	-0.739002	-0.513011	0.436686	0.568634	-0.822581	-0.004056	0.361291	0.245317	0.899605
58353	4.379484	-0.000108	9.250789	0.093660	-0.080510	-0.025190	-0.738870	-0.512567	0.437431	0.568742	-0.822510	-0.003120	0.361390	0.246480	0.899247
58354	4.285575	0.093492	9.257987	0.104335	-0.074953	-0.023391	-0.738753	-0.512162	0.438103	0.568901	-0.822403	-0.002113	0.361379	0.247676	0.898922
58355	4.312852	0.115916	9.279614	0.074687	-0.096223	-0.024156	-0.738558	-0.511686	0.438987	0.568949	-0.822372	-0.001352	0.361702	0.248763	0.898492
58356	4.482364	-0.073484	9.161420	0.099752	-0.101382	-0.023025	-0.738343	-0.511216	0.439895	0.569095	-0.822272	-0.000389	0.361912	0.250055	0.898049
58357	4.423481	0.115130	9.352068	0.111258	-0.107053	-0.017630	-0.738072	-0.510763	0.440875	0.569324	-0.822113	0.000672	0.362106	0.251497	0.897568
58358	4.543557	0.017573	9.225020	0.112735	-0.112983	-0.007761	-0.737727	-0.510387	0.441887	0.569630	-0.821900	0.001684	0.362327	0.252954	0.897069
58359	4.787430	-0.048651	9.126894	0.099509	-0.106154	-0.005188	-0.737388	-0.510036	0.442857	0.569908	-0.821704	0.002584	0.362580	0.254293	0.896588
58360	4.460721	-0.034440	9.261773	0.131801	-0.094685	0.007235	-0.737023	-0.509827	0.443704	0.570394	-0.821363	0.003700	0.362556	0.255813	0.896166
58361	4.563177	0.075550	9.322367	0.128989	-0.092020	0.009187	-0.736653	-0.509627	0.444548	0.570886	-0.821015	0.004799	0.362535	0.257321	0.895742
58362	4.545125	-0.035220	9.237273	0.117012	-0.087390	0.014092	-0.736276	-0.509489	0.445329	0.571369	-0.820673	0.005751	0.362539	0.258682	0.895349
58363	4.489632	0.042265	9.271449	0.130702	-0.111325	0.017264	-0.735790	-0.509303	0.446345	0.571926	-0.820277	0.006829	0.362648	0.260301	0.894835
58364	4.431727	0.055516	9.271466	0.137048	-0.124047	0.021470	-0.735238	-0.509127	0.447454	0.572536	-0.819841	0.007926	0.362806	0.262011	0.894272
58365	4.376017	0.031132	9.290468	0.127786	-0.145280	0.020294	-0.734610	-0.508873	0.448773	0.573105	-0.819433	0.008962	0.363179	0.263778	0.893601
58366	4.257577	-0.043899	9.364085	0.153643	-0.195103	0.026870	-0.733767	-0.508548	0.450515	0.573816	-0.818921	0.010181	0.363759	0.265983	0.892711
58367	3.837027	0.086400	9.618766	0.195573	-0.280358	0.055081	-0.732446	-0.508210	0.453041	0.574888	-0.818149	0.011661	0.364728	0.268989	0.891413
58368	3.881378	0.253318	9.681756	0.151867	-0.417789	0.057745	-0.730606	-0.507524	0.456765	0.575822	-0.817476	0.012719	0.366939	0.272308	0.889497
58369	3.963763	0.039008	9.564627	0.163088	-0.522445	0.069286	-0.728298	-0.506618	0.461433	0.576884	-0.816709	0.013835	0.369847	0.276269	0.887067
58370	3.916951	0.109949	9.714740	0.164148	-0.650874	0.074367	-0.725471	-0.505385	0.467202	0.577990	-0.815908	0.014912	0.373658	0.280856	0.884025
58371	3.476836	0.120177	9.942817	0.189087	-0.818430	0.080880	-0.721940	-0.503684	0.474452	0.579242	-0.814995	0.016185	0.378524	0.286507	0.880132
58372	3.439005	0.051443	9.995715	0.209672	-1.072786	0.081348	-0.717395	-0.501209	0.483874	0.580583	-0.814011	0.017605	0.385054	0.293559	0.874961
58373	3.414607	-0.107645	9.957643	0.254152	-1.332930	0.082602	-0.711744	-0.497870	0.495525	0.582118	-0.812873	0.019403	0.393139	0.302264	0.868377
58374	3.405502	-0.214399	9.820910	0.339167	-1.627008	0.072541	-0.704871	-0.493429	0.509593	0.583937	-0.811503	0.021941	0.402710	0.313035	0.860136
