// General information: 
//  MT Manager version: 2022.2.0 
//  XDA version: 2022.2.0 build 7381 rev 124627 built on 2023-07-19
// Device information: 
//  DeviceId: 00B4CAF0
//  ProductCode: MTW2-3A7G6
//  Firmware Version: 4.6.0
//  Hardware Version: 2.0.0
// Device settings: 
//  Filter Profile: human(46.1)
//  Option Flags: Orientation Smoother Disabled, Position/Velocity Smoother Disabled, Continuous Zero Rotation Update Disabled, AHS Disabled, ICC Disabled
// Coordinate system: ENU
PacketCounter	Acc_X	Acc_Y	Acc_Z	Gyr_X	Gyr_Y	Gyr_Z	Mat[1][1]	Mat[2][1]	Mat[3][1]	Mat[1][2]	Mat[2][2]	Mat[3][2]	Mat[1][3]	Mat[2][3]	Mat[3][3]
00718	4.316065	-1.245098	9.242030	0.009572	0.007032	0.003051	0.886672	0.187584	0.422641	-0.147209	0.980975	-0.126558	-0.438341	0.049998	0.897417
00719	4.328046	-1.249153	9.210739	0.006776	0.009009	0.002782	0.886701	0.187594	0.422575	-0.147230	0.980974	-0.126547	-0.438275	0.049994	0.897450
00720	4.348164	-1.237868	9.217895	0.005995	0.005222	0.003108	0.886746	0.187507	0.422519	-0.147155	0.980990	-0.126511	-0.438208	0.050007	0.897481
00721	4.355662	-1.221837	9.256728	0.007519	0.006022	0.001806	0.886764	0.187509	0.422481	-0.147170	0.980990	-0.126489	-0.438167	0.049990	0.897502
00722	4.339127	-1.265437	9.200676	0.003527	0.002824	0.004103	0.886780	0.187406	0.422493	-0.147048	0.981006	-0.126504	-0.438176	0.050055	0.897495
00723	4.359921	-1.254484	9.207470	0.002381	-0.003363	0.002511	0.886756	0.187419	0.422538	-0.147046	0.981003	-0.126532	-0.438226	0.050070	0.897469
00724	4.359852	-1.241341	9.186830	0.003943	0.004211	0.001861	0.886755	0.187384	0.422555	-0.147008	0.981009	-0.126529	-0.438240	0.050081	0.897462
00725	4.359541	-1.266959	9.228414	0.004106	0.002024	0.002494	0.886754	0.187394	0.422552	-0.147013	0.981007	-0.126541	-0.438240	0.050090	0.897461
00726	4.359207	-1.240952	9.187189	0.001839	0.004214	0.004773	0.886712	0.187606	0.422547	-0.147250	0.980972	-0.126536	-0.438246	0.049981	0.897464
00727	4.358874	-1.266728	9.228761	0.004106	0.002024	0.002494	0.886711	0.187616	0.422545	-0.147256	0.980970	-0.126548	-0.438246	0.049989	0.897464
00728	4.358714	-1.227691	9.166767	0.002053	0.001012	0.001247	0.886727	0.187490	0.422567	-0.147111	0.980990	-0.126557	-0.438262	0.050058	0.897452
00729	4.358279	-1.266403	9.229086	0.003729	0.007414	0.005388	0.886745	0.187526	0.422512	-0.147141	0.980982	-0.126585	-0.438215	0.050080	0.897474
00730	4.344924	-1.248430	9.240440	0.006576	0.004423	0.001500	0.886758	0.187482	0.422506	-0.147111	0.980991	-0.126546	-0.438200	0.050061	0.897482
00731	4.357325	-1.252791	9.208930	0.003527	0.002826	0.004104	0.886758	0.187508	0.422494	-0.147129	0.980986	-0.126570	-0.438194	0.050076	0.897485
00732	4.336193	-1.276278	9.223047	0.004523	0.003411	0.000253	0.886728	0.187589	0.422521	-0.147231	0.980974	-0.126540	-0.438219	0.049998	0.897476
00733	4.356736	-1.265118	9.229991	0.004106	0.002025	0.002495	0.886727	0.187599	0.422518	-0.147237	0.980972	-0.126552	-0.438219	0.050007	0.897476
00734	4.323227	-1.257779	9.234286	0.006588	-0.003368	-0.003309	0.886741	0.187427	0.422564	-0.147073	0.981004	-0.126493	-0.438246	0.050019	0.897462
00735	4.349102	-1.292198	9.212193	0.009221	-0.003157	-0.003671	0.886727	0.187380	0.422616	-0.147046	0.981016	-0.126433	-0.438284	0.049968	0.897447
00736	4.344739	-1.244903	9.241004	0.011325	-0.003159	-0.006581	0.886693	0.187328	0.422709	-0.147039	0.981032	-0.126319	-0.438354	0.049851	0.897419
00737	4.378739	-1.250463	9.236717	0.010909	-0.004545	-0.004339	0.886674	0.187275	0.422774	-0.147014	0.981045	-0.126241	-0.438402	0.049780	0.897399
00738	4.358480	-1.247200	9.209142	0.009965	-0.006144	-0.004645	0.886682	0.187136	0.422819	-0.146913	0.981075	-0.126129	-0.438420	0.049719	0.897394
00739	4.400421	-1.237201	9.243393	0.013744	0.000257	-0.003417	0.886682	0.187089	0.422839	-0.146908	0.981089	-0.126029	-0.438422	0.049629	0.897398
00740	4.338240	-1.255589	9.202444	0.009914	-0.005127	-0.000486	0.886632	0.187082	0.422948	-0.146928	0.981095	-0.125959	-0.438517	0.049536	0.897357
00741	4.392987	-1.250671	9.204895	0.008642	-0.002353	-0.002059	0.886618	0.187049	0.422990	-0.146913	0.981103	-0.125910	-0.438549	0.049491	0.897344
00742	4.359471	-1.229868	9.188554	0.012057	0.001647	-0.002747	0.886590	0.187042	0.423053	-0.146950	0.981110	-0.125811	-0.438593	0.049375	0.897328
00743	4.392840	-1.261426	9.225976	0.010897	0.003251	0.000470	0.886597	0.187032	0.423041	-0.146968	0.981115	-0.125753	-0.438572	0.049319	0.897342
00744	4.338086	-1.251756	9.203038	0.006576	0.004427	0.001500	0.886598	0.187113	0.423005	-0.147090	0.981105	-0.125692	-0.438531	0.049218	0.897367
00745	4.371255	-1.270796	9.219790	0.008681	0.004424	-0.001410	0.886613	0.187084	0.422986	-0.147081	0.981112	-0.125646	-0.438503	0.049186	0.897383
00746	4.358265	-1.239404	9.210296	0.009537	0.000266	0.002407	0.886657	0.186923	0.422964	-0.146935	0.981142	-0.125582	-0.438462	0.049200	0.897402
00747	4.357868	-1.225632	9.189881	0.011099	0.007842	0.001753	0.886683	0.186923	0.422910	-0.146965	0.981144	-0.125528	-0.438400	0.049150	0.897435
00748	4.378136	-1.226903	9.217718	0.007156	0.003626	-0.000108	0.886699	0.186854	0.422908	-0.146913	0.981158	-0.125478	-0.438386	0.049130	0.897443
00749	4.315403	-1.245809	9.176973	0.008265	0.003040	0.000834	0.886705	0.186847	0.422899	-0.146922	0.981161	-0.125445	-0.438371	0.049100	0.897452
00750	4.356658	-1.236412	9.211459	0.006577	0.004429	0.001501	0.886697	0.186900	0.422892	-0.147004	0.981155	-0.125399	-0.438359	0.049024	0.897462
00751	4.356299	-1.235780	9.211713	0.008265	0.003041	0.000834	0.886703	0.186893	0.422882	-0.147013	0.981158	-0.125366	-0.438344	0.048993	0.897471
00752	4.355962	-1.235116	9.211962	0.007685	0.003843	0.002443	0.886722	0.186830	0.422870	-0.146966	0.981171	-0.125321	-0.438321	0.048977	0.897483
00753	4.355345	-1.221661	9.191605	0.006779	0.009020	0.002782	0.886751	0.186839	0.422804	-0.146986	0.981169	-0.125310	-0.438255	0.048972	0.897516
00754	4.367451	-1.264611	9.222442	0.006577	0.004430	0.001502	0.886811	0.186677	0.422749	-0.146830	0.981198	-0.125268	-0.438185	0.049017	0.897547
00755	4.354163	-1.233496	9.213029	0.008050	0.006248	0.004359	0.886826	0.186703	0.422707	-0.146869	0.981194	-0.125252	-0.438142	0.048994	0.897570
00756	4.366290	-1.289277	9.264592	0.007522	0.006031	0.001810	0.886807	0.186682	0.422758	-0.146851	0.981199	-0.125233	-0.438188	0.048975	0.897548
00757	4.332177	-1.243265	9.206972	0.006525	0.005450	0.005660	0.886816	0.186721	0.422720	-0.146895	0.981192	-0.125236	-0.438154	0.048966	0.897565
00758	4.352422	-1.244937	9.234769	0.005997	0.005234	0.003111	0.886800	0.186835	0.422703	-0.147042	0.981175	-0.125196	-0.438137	0.048869	0.897579
00759	4.318358	-1.250643	9.259992	0.003944	0.004218	0.001863	0.886810	0.186837	0.422682	-0.147041	0.981174	-0.125206	-0.438117	0.048882	0.897588
00760	4.364332	-1.236351	9.182812	0.001838	0.004223	0.004772	0.886819	0.186850	0.422658	-0.147051	0.981171	-0.125217	-0.438096	0.048893	0.897597
00761	4.364001	-1.249099	9.203712	0.005215	0.001446	0.003440	0.886814	0.186869	0.422659	-0.147070	0.981168	-0.125223	-0.438100	0.048889	0.897596
00762	4.350801	-1.231302	9.214911	0.000568	0.006996	0.003195	0.886828	0.186862	0.422634	-0.147053	0.981167	-0.125244	-0.438078	0.048920	0.897605
00763	4.363007	-1.261902	9.224917	0.001311	0.004006	0.002222	0.886836	0.186868	0.422614	-0.147044	0.981164	-0.125279	-0.438064	0.048959	0.897609
00764	4.370651	-1.233497	9.242827	0.000313	0.003425	0.006073	0.886831	0.186845	0.422634	-0.146992	0.981166	-0.125329	-0.438091	0.049022	0.897593
00765	4.349493	-1.257365	9.256932	0.002001	0.002036	0.005407	0.886826	0.186883	0.422628	-0.147014	0.981157	-0.125372	-0.438094	0.049051	0.897590
00766	4.336358	-1.239890	9.268053	-0.001903	0.004597	0.004189	0.886860	0.186833	0.422579	-0.146943	0.981163	-0.125409	-0.438049	0.049126	0.897608
00767	4.348745	-1.257934	9.257206	-0.001740	0.002410	0.004824	0.886857	0.186865	0.422570	-0.146943	0.981153	-0.125483	-0.438054	0.049192	0.897602
00768	4.361161	-1.263086	9.225628	-0.001903	0.004597	0.004190	0.886849	0.186900	0.422571	-0.146958	0.981145	-0.125531	-0.438066	0.049227	0.897594
00769	4.339819	-1.274493	9.219035	-0.007860	0.006143	0.001722	0.886868	0.186900	0.422533	-0.146905	0.981138	-0.125647	-0.438047	0.049360	0.897596
00770	4.313989	-1.226960	9.220311	-0.005848	0.000379	0.002326	0.886837	0.186874	0.422609	-0.146825	0.981138	-0.125741	-0.438135	0.049462	0.897547
00771	4.347614	-1.247292	9.236715	-0.005105	-0.002611	0.001352	0.886818	0.186874	0.422649	-0.146780	0.981133	-0.125830	-0.438190	0.049551	0.897516
00772	4.347827	-1.234569	9.215877	0.001688	-0.001389	-0.000666	0.886834	0.186770	0.422661	-0.146669	0.981151	-0.125818	-0.438193	0.049588	0.897512
00773	4.373649	-1.282391	9.214558	0.005644	-0.004971	-0.003607	0.886812	0.186723	0.422729	-0.146627	0.981161	-0.125789	-0.438253	0.049568	0.897484
00774	4.332509	-1.315845	9.221674	0.013018	-0.004552	-0.007233	0.886787	0.186616	0.422827	-0.146566	0.981187	-0.125662	-0.438323	0.049463	0.897456
00775	4.371430	-1.392256	9.230249	0.028508	-0.006701	-0.015456	0.886774	0.186454	0.422925	-0.146519	0.981230	-0.125378	-0.438364	0.049215	0.897449
00776	4.384747	-1.418624	9.240383	0.045513	-0.000246	-0.020172	0.886802	0.186256	0.422956	-0.146538	0.981290	-0.124886	-0.438303	0.048770	0.897503
00777	4.364244	-1.423860	9.234349	0.051144	0.001719	-0.032070	0.886850	0.185926	0.422999	-0.146442	0.981375	-0.124328	-0.438237	0.048316	0.897560
00778	4.293137	-1.357728	9.271981	0.049162	-0.008108	-0.042259	0.886933	0.185335	0.423086	-0.146084	0.981506	-0.123712	-0.438189	0.047918	0.897605
00779	4.281482	-1.372477	9.345556	0.040299	-0.003421	-0.049787	0.886984	0.184833	0.423197	-0.145784	0.981618	-0.123176	-0.438185	0.047560	0.897626
00780	4.071949	-1.493142	9.410146	0.043641	-0.049034	-0.054281	0.886840	0.184227	0.423762	-0.145369	0.981754	-0.122586	-0.438614	0.047112	0.897440
00781	4.156062	-1.370817	9.422604	0.048300	-0.055425	-0.067092	0.886688	0.183580	0.424361	-0.144950	0.981900	-0.121905	-0.439059	0.046580	0.897250
00782	4.264584	-1.435144	9.490677	0.040812	-0.083804	-0.079049	0.886445	0.182746	0.425229	-0.144312	0.982079	-0.121221	-0.439761	0.046090	0.896931
00783	4.015830	-1.188142	9.722138	0.020008	-0.106051	-0.115358	0.886138	0.181647	0.426338	-0.143342	0.982299	-0.120587	-0.440696	0.045745	0.896490
00784	3.391636	-1.038349	10.039585	-0.039525	-0.169560	-0.145474	0.885615	0.180281	0.428000	-0.141868	0.982547	-0.120312	-0.442220	0.045831	0.895735
00785	4.300065	-0.880483	9.778021	-0.099327	-0.259784	-0.140517	0.884655	0.179006	0.430514	-0.140149	0.982754	-0.120635	-0.444684	0.046385	0.894486
00786	4.158993	-1.319488	9.669887	-0.099538	-0.284948	-0.165238	0.883629	0.177514	0.433230	-0.138249	0.983002	-0.120802	-0.447311	0.046851	0.893151
00787	4.111084	-1.195780	9.792202	-0.098033	-0.351816	-0.194150	0.882310	0.175756	0.436623	-0.136059	0.983300	-0.120869	-0.450575	0.047238	0.891488
00788	4.169562	-1.437148	9.854653	-0.087330	-0.416313	-0.251953	0.880746	0.173420	0.440695	-0.133364	0.983706	-0.120570	-0.454423	0.047419	0.889523
00789	4.504851	-2.026986	9.657485	-0.035094	-0.468177	-0.309189	0.879010	0.170584	0.445244	-0.130447	0.984221	-0.119548	-0.458612	0.047003	0.887393
00790	4.528722	-2.163681	9.627761	0.060488	-0.498398	-0.369038	0.877195	0.167169	0.450093	-0.127469	0.984874	-0.117366	-0.462905	0.045580	0.885235
00791	4.610042	-2.244941	9.537237	0.141449	-0.539424	-0.447149	0.875241	0.162989	0.455398	-0.124172	0.985676	-0.114127	-0.467476	0.043340	0.882943
00792	4.651750	-2.286256	9.351088	0.210055	-0.586451	-0.544834	0.873128	0.157811	0.461241	-0.120316	0.986643	-0.109817	-0.472411	0.040389	0.880453
00793	4.722908	-2.043969	9.246000	0.240849	-0.613833	-0.646485	0.870968	0.151652	0.467350	-0.115786	0.987737	-0.104733	-0.477502	0.037107	0.877847
00794	4.879629	-1.769943	9.090809	0.233746	-0.646122	-0.735490	0.868675	0.144643	0.473796	-0.110530	0.988905	-0.099249	-0.482894	0.033847	0.875024
00795	5.217106	-1.557294	8.819832	0.189257	-0.653875	-0.820609	0.866373	0.136721	0.480317	-0.104293	0.990121	-0.093716	-0.488385	0.031100	0.872074
00796	5.545740	-1.491385	8.452520	0.144930	-0.648562	-0.886501	0.864052	0.128130	0.486823	-0.097308	0.991338	-0.088207	-0.493908	0.028844	0.869036
00797	5.707708	-1.591533	8.196800	0.075505	-0.624932	-0.953804	0.861831	0.118830	0.493079	-0.089414	0.992537	-0.082914	-0.499252	0.027369	0.866025
00798	5.701011	-1.499069	8.133711	-0.029787	-0.597916	-1.023996	0.859626	0.108938	0.499176	-0.080555	0.993683	-0.078134	-0.504534	0.026955	0.862971
00799	5.755094	-1.818560	8.363221	-0.159022	-0.560175	-1.094744	0.857603	0.098193	0.504852	-0.070311	0.994773	-0.074042	-0.509484	0.028002	0.860024
00800	6.030595	-4.605541	8.507923	-0.059849	-0.510078	-1.194688	0.855673	0.086506	0.510236	-0.059799	0.995854	-0.068553	-0.514051	0.028147	0.857298
00801	5.757218	-4.258610	8.556900	0.307304	-0.386711	-1.270092	0.854370	0.073938	0.514379	-0.050486	0.996954	-0.059448	-0.517207	0.024822	0.855500
00802	5.554204	-3.148209	8.563878	0.549702	-0.296339	-1.347605	0.853333	0.060830	0.517806	-0.042105	0.997967	-0.047850	-0.519664	0.019030	0.854159
00803	5.275221	-1.635879	8.492312	0.630910	-0.222441	-1.407061	0.852696	0.046802	0.520307	-0.033348	0.998824	-0.035194	-0.521342	0.012659	0.853254
00804	4.644547	-0.623034	8.354468	0.557779	-0.159266	-1.454741	0.852159	0.032516	0.522272	-0.024086	0.999447	-0.022925	-0.522729	0.006956	0.852471
00805	3.570594	-0.381354	8.499230	0.363817	-0.117910	-1.386446	0.851797	0.018648	0.523541	-0.014139	0.999821	-0.012608	-0.523682	0.003338	0.851907
00806	2.785384	-1.485664	8.658937	0.085443	-0.075742	-1.124737	0.851436	0.007711	0.524402	-0.005350	0.999968	-0.006018	-0.524431	0.002318	0.851450
00807	2.808497	-3.841581	8.609011	-0.186943	-0.052137	-0.625227	0.851166	0.001446	0.524895	0.000992	0.999990	-0.004362	-0.524896	0.004234	0.851156
00808	2.683985	-5.900079	8.477384	-0.347547	0.004073	0.030432	0.851090	0.001967	0.525015	0.002341	0.999969	-0.007540	-0.525014	0.007646	0.851059
00809	2.672662	-7.059079	8.476775	-0.374160	0.067431	0.730860	0.851435	0.009254	0.524378	-0.001880	0.999892	-0.014594	-0.524456	0.011440	0.851360
00810	2.530405	-7.051633	8.904017	-0.292091	0.156439	1.370175	0.852040	0.023207	0.522962	-0.012280	0.999628	-0.024353	-0.523333	0.014327	0.852008
00811	2.318423	-6.184049	9.215918	-0.188408	0.214030	1.934800	0.852760	0.042495	0.520571	-0.027751	0.998963	-0.036088	-0.521565	0.016328	0.853055
00812	2.420922	-5.042936	9.440673	-0.118506	0.245268	2.379011	0.853026	0.066530	0.517611	-0.047727	0.997629	-0.049574	-0.519682	0.017584	0.854179
00813	2.797330	-4.179295	9.764848	-0.071495	0.275285	2.726674	0.852830	0.093641	0.513724	-0.070577	0.995433	-0.064281	-0.517397	0.018563	0.855544
00814	4.078536	-3.154461	10.346592	-0.063195	0.362165	2.992447	0.852087	0.123576	0.508603	-0.095970	0.992142	-0.080280	-0.514527	0.019595	0.857250
00815	4.880082	-2.535498	10.500148	0.002928	0.534555	3.141716	0.851380	0.154561	0.501261	-0.122709	0.987774	-0.096155	-0.509994	0.020355	0.859937
00816	4.987209	-0.866141	9.855666	0.176583	0.735584	3.195107	0.850609	0.186099	0.491764	-0.150916	0.982328	-0.110705	-0.503675	0.019952	0.863663
00817	3.809620	1.740733	9.786472	0.162388	0.823125	3.147652	0.849533	0.216746	0.480953	-0.178452	0.976022	-0.124645	-0.496436	0.020063	0.867841
00818	3.544086	2.304753	9.856318	-0.013457	0.749912	2.867213	0.847726	0.244505	0.470721	-0.202607	0.969395	-0.138652	-0.490215	0.022168	0.871319
00819	4.747768	1.097511	10.340094	-0.164253	0.631620	2.413348	0.845673	0.267663	0.461729	-0.222205	0.963177	-0.151375	-0.485245	0.025415	0.874009
00820	10.445172	-3.876021	11.686032	1.093297	0.736063	1.385584	0.845913	0.281013	0.453280	-0.239292	0.959554	-0.148311	-0.476624	0.016992	0.878943
00821	3.527879	6.738323	8.208082	0.800114	0.947235	0.930744	0.848092	0.289783	0.443582	-0.250916	0.957016	-0.145468	-0.466670	0.012069	0.884349
00822	6.167948	5.326117	10.024875	0.766517	0.804072	0.240205	0.851136	0.292055	0.436201	-0.256449	0.956374	-0.139937	-0.458041	0.007242	0.888902
00823	5.279766	3.199408	9.257674	0.236177	0.673065	-0.176976	0.854644	0.290302	0.430474	-0.255981	0.956910	-0.137105	-0.451726	0.006983	0.892129
00824	5.382997	4.738377	6.637164	-0.121445	0.241696	-0.375153	0.856585	0.286747	0.428997	-0.252192	0.957964	-0.136760	-0.450179	0.008957	0.892893
00825	9.194149	-1.716972	6.473846	-0.145280	-0.097708	-0.397299	0.857131	0.282937	0.430433	-0.248100	0.959085	-0.136388	-0.451411	0.010112	0.892259
00826	10.142508	-1.290949	7.209638	0.038128	-0.003069	-0.218710	0.857585	0.280864	0.430886	-0.246347	0.959697	-0.135257	-0.451509	0.009846	0.892212
00827	8.542087	-0.297206	6.608147	0.174260	-0.044081	0.055626	0.857242	0.281390	0.431226	-0.247578	0.959559	-0.133980	-0.451488	0.008091	0.892241
00828	8.497449	0.583621	7.262105	0.262787	-0.176975	0.265987	0.855751	0.283830	0.432586	-0.250821	0.958860	-0.132953	-0.452526	0.005273	0.891736
00829	8.545321	1.967536	8.249637	0.316964	-0.160031	0.366112	0.854092	0.287333	0.433550	-0.255353	0.957829	-0.131751	-0.453124	0.001819	0.891446
00830	7.541204	3.094321	8.516540	0.293004	-0.103030	0.381920	0.852623	0.290823	0.434116	-0.259669	0.956776	-0.130962	-0.453439	-0.001065	0.891287
00831	6.586707	3.702148	8.492653	0.267638	-0.105624	0.330156	0.851273	0.293966	0.434648	-0.263663	0.955808	-0.130050	-0.453670	-0.003893	0.891161
00832	6.300327	4.428396	9.168679	0.204092	-0.108671	0.198956	0.850198	0.295845	0.435476	-0.266225	0.955216	-0.129172	-0.454189	-0.006113	0.890884
00833	6.169566	4.595626	9.573453	0.071537	-0.079582	0.014617	0.849790	0.295967	0.436188	-0.266642	0.955172	-0.128638	-0.454707	-0.006991	0.890613
00834	5.079659	2.914466	9.918004	-0.107159	-0.029472	-0.088757	0.849842	0.295025	0.436724	-0.265261	0.955471	-0.129276	-0.455417	-0.005981	0.890258
00835	4.985900	-1.590014	9.373273	-0.160841	0.013237	-0.045629	0.850016	0.294578	0.436688	-0.264107	0.955618	-0.130548	-0.455763	-0.004365	0.890091
00836	4.214294	-2.627692	8.917116	-0.074261	0.011153	0.031078	0.849943	0.294805	0.436678	-0.263934	0.955551	-0.131383	-0.456000	-0.003586	0.889972
00837	4.121926	-2.566832	8.753120	-0.007586	-0.058724	0.077935	0.849462	0.295535	0.437120	-0.264528	0.955325	-0.131829	-0.456552	-0.003647	0.889689
00838	4.610446	-2.071037	8.931708	0.026057	-0.073861	0.084834	0.848926	0.296160	0.437736	-0.265142	0.955130	-0.132010	-0.457191	-0.003996	0.889359
00839	4.284620	-1.837583	8.906659	0.041176	-0.047063	0.062041	0.848539	0.296739	0.438095	-0.265824	0.954948	-0.131954	-0.457514	-0.004488	0.889191
00840	3.650556	-1.760482	8.644233	0.056686	-0.053041	0.031709	0.848232	0.296874	0.438598	-0.266143	0.954903	-0.131637	-0.457899	-0.005071	0.888990
00841	2.760796	-1.951027	8.976118	0.057791	-0.132312	-0.010792	0.847647	0.296752	0.439811	-0.266282	0.954936	-0.131114	-0.458900	-0.005975	0.888468
00842	3.345633	-2.103365	9.433577	0.051811	-0.248770	-0.064657	0.846679	0.295988	0.442183	-0.265797	0.955165	-0.130426	-0.460962	-0.007102	0.887391
00843	4.138330	-1.819762	9.266159	0.044828	-0.284852	-0.115286	0.845662	0.294852	0.444881	-0.264995	0.955507	-0.129555	-0.463286	-0.008331	0.886170
00844	4.934264	-1.438098	9.146023	0.017700	-0.268110	-0.172616	0.844866	0.293101	0.447542	-0.263509	0.956037	-0.128670	-0.465580	-0.009222	0.884958
00845	6.301182	-1.433770	9.274949	-0.008956	-0.204281	-0.189834	0.844404	0.291253	0.449614	-0.261830	0.956597	-0.127936	-0.467361	-0.009693	0.884013
00846	5.258390	-1.370551	8.522901	-0.012585	0.009903	-0.175221	0.844896	0.289534	0.449800	-0.260233	0.957120	-0.127277	-0.467364	-0.009517	0.884014
00847	4.909403	-1.772820	8.541234	0.012285	0.002822	-0.172864	0.845351	0.287867	0.450017	-0.258795	0.957623	-0.126429	-0.467341	-0.009585	0.884025
00848	5.438622	-1.558570	8.693358	0.068238	0.058948	-0.127046	0.845950	0.286590	0.449705	-0.257952	0.958001	-0.125280	-0.466722	-0.010022	0.884347
00849	5.160166	-1.102325	8.630024	0.114884	0.134005	-0.073546	0.846757	0.285886	0.448634	-0.257831	0.958204	-0.123971	-0.465324	-0.010698	0.885076
00850	5.323628	-1.016563	8.682555	0.132041	0.178767	-0.043218	0.847685	0.285429	0.447169	-0.257984	0.958332	-0.122652	-0.463545	-0.011392	0.886000
00851	4.997718	-1.006906	8.852392	0.156604	0.251129	-0.009360	0.848863	0.285356	0.444976	-0.258595	0.958345	-0.121260	-0.461043	-0.012135	0.887295
00852	4.819010	-0.993369	9.057061	0.153764	0.277686	0.000922	0.850104	0.285406	0.442569	-0.259311	0.958321	-0.119912	-0.458346	-0.012826	0.888681
00853	4.442988	-0.893758	9.246889	0.158203	0.294605	0.012924	0.851409	0.285556	0.439955	-0.260110	0.958267	-0.118600	-0.455462	-0.013460	0.890154
00854	2.858432	-0.189502	9.693482	0.012056	0.178312	0.003983	0.852212	0.285524	0.438419	-0.260074	0.958283	-0.118550	-0.453979	-0.012992	0.890918
00855	4.315766	-0.867014	10.019999	0.038001	0.134761	0.010023	0.852789	0.285625	0.437229	-0.260298	0.958254	-0.118294	-0.452764	-0.012930	0.891537
00856	4.358191	-1.631081	9.143586	0.030159	0.064451	0.008599	0.853064	0.285632	0.436687	-0.260406	0.958251	-0.118081	-0.452184	-0.012985	0.891830
00857	4.746606	-0.837267	9.503890	-0.019776	0.091162	0.020093	0.853417	0.285823	0.435872	-0.260454	0.958201	-0.118384	-0.451490	-0.012494	0.892189
00858	4.094553	-0.975814	9.383384	-0.038840	0.044180	0.021051	0.853557	0.285950	0.435514	-0.260344	0.958171	-0.118871	-0.451288	-0.011920	0.892299
00859	4.262848	-1.039443	9.442468	-0.044943	0.027613	0.033385	0.853588	0.286260	0.435251	-0.260392	0.958085	-0.119457	-0.451202	-0.011369	0.892349
00860	4.507143	-0.961732	9.302572	-0.059765	-0.003359	0.030001	0.853505	0.286449	0.435289	-0.260253	0.958035	-0.120151	-0.451439	-0.010736	0.892237
00861	4.585037	-1.022601	9.192230	-0.058754	-0.013592	0.036401	0.853342	0.286783	0.435389	-0.260265	0.957942	-0.120873	-0.451741	-0.010171	0.892091
00862	4.573782	-1.106444	9.149218	-0.061209	-0.014510	0.041796	0.853161	0.287127	0.435516	-0.260272	0.957845	-0.121623	-0.452078	-0.009588	0.891927
00863	4.538969	-1.185854	9.190780	-0.054891	-0.016117	0.037851	0.852982	0.287475	0.435636	-0.260313	0.957745	-0.122316	-0.452392	-0.009068	0.891773
00864	4.590602	-1.349473	9.134451	-0.047769	-0.000810	0.038252	0.852855	0.287846	0.435641	-0.260432	0.957638	-0.122902	-0.452563	-0.008638	0.891690
00865	4.555773	-1.368281	9.181270	-0.049032	0.004003	0.035762	0.852773	0.288176	0.435584	-0.260481	0.957543	-0.123533	-0.452690	-0.008116	0.891631
00866	4.521977	-1.399718	9.138020	-0.041987	0.012461	0.029091	0.852747	0.288399	0.435486	-0.260462	0.957480	-0.124064	-0.452750	-0.007632	0.891605
00867	4.499890	-1.354112	9.137042	-0.041710	0.017927	0.025234	0.852755	0.288629	0.435318	-0.260454	0.957414	-0.124585	-0.452738	-0.007140	0.891615
00868	4.421150	-1.293577	9.225573	-0.039279	0.024419	0.022660	0.852793	0.288825	0.435115	-0.260442	0.957359	-0.125037	-0.452675	-0.006692	0.891651
00869	4.453760	-1.237705	9.204834	-0.041238	0.022571	0.026416	0.852819	0.289066	0.434903	-0.260447	0.957289	-0.125558	-0.452623	-0.006191	0.891681
00870	4.452161	-1.231200	9.183890	-0.046114	0.023582	0.024755	0.852862	0.289243	0.434702	-0.260372	0.957239	-0.126093	-0.452585	-0.005645	0.891703
00871	4.440039	-1.205274	9.173136	-0.042767	0.021940	0.027806	0.852881	0.289497	0.434494	-0.260382	0.957165	-0.126634	-0.452543	-0.005131	0.891728
00872	4.447444	-1.241530	9.184785	-0.039421	0.020295	0.030856	0.852880	0.289758	0.434322	-0.260414	0.957089	-0.127145	-0.452526	-0.004664	0.891739
00873	4.389788	-1.292773	9.157714	-0.039842	0.019100	0.033246	0.852873	0.290064	0.434132	-0.260483	0.956998	-0.127683	-0.452500	-0.004186	0.891755
00874	4.375532	-1.337772	9.163377	-0.035427	0.013480	0.033760	0.852828	0.290372	0.434014	-0.260588	0.956906	-0.128157	-0.452523	-0.003803	0.891744
00875	4.372885	-1.354058	9.184957	-0.034571	0.015900	0.029012	0.852818	0.290637	0.433857	-0.260645	0.956827	-0.128630	-0.452511	-0.003385	0.891752
00876	4.428368	-1.325115	9.122212	-0.035109	0.013412	0.027110	0.852814	0.290831	0.433734	-0.260645	0.956770	-0.129056	-0.452517	-0.002990	0.891751
00877	4.360871	-1.320126	9.152624	-0.037072	0.011563	0.030864	0.852779	0.291113	0.433614	-0.260707	0.956685	-0.129559	-0.452549	-0.002561	0.891736
00878	4.382702	-1.268410	9.184490	-0.041659	0.004072	0.032161	0.852709	0.291378	0.433574	-0.260740	0.956606	-0.130078	-0.452661	-0.002132	0.891680
00879	4.405956	-1.205292	9.194740	-0.040897	0.000193	0.036301	0.852608	0.291712	0.433548	-0.260830	0.956505	-0.130638	-0.452800	-0.001699	0.891611
00880	4.427135	-1.213184	9.221220	-0.033814	-0.010889	0.033633	0.852468	0.291987	0.433638	-0.260909	0.956421	-0.131090	-0.453017	-0.001390	0.891501
00881	4.456762	-1.275826	9.301245	-0.039469	-0.014401	0.037473	0.852298	0.292332	0.433740	-0.261016	0.956316	-0.131643	-0.453276	-0.001014	0.891370
00882	4.489946	-1.327858	9.247923	-0.038422	-0.012817	0.037759	0.852133	0.292656	0.433846	-0.261113	0.956218	-0.132166	-0.453530	-0.000660	0.891241
00883	4.488994	-1.392570	9.241701	-0.040740	-0.018527	0.028633	0.851967	0.292916	0.433996	-0.261138	0.956138	-0.132691	-0.453827	-0.000284	0.891090
00884	4.425878	-1.364263	9.228145	-0.034838	-0.012423	0.033403	0.851836	0.293152	0.434093	-0.261167	0.956066	-0.133153	-0.454056	0.000054	0.890973
00885	4.480235	-1.418168	9.201954	-0.027550	-0.015924	0.026123	0.851689	0.293388	0.434223	-0.261230	0.955993	-0.133550	-0.454297	0.000311	0.890850
00886	4.505909	-1.377321	9.142706	-0.019736	-0.011391	0.023578	0.851567	0.293580	0.434332	-0.261299	0.955934	-0.133837	-0.454485	0.000481	0.890754
00887	4.474937	-1.357267	9.125207	-0.011853	-0.008990	0.021767	0.851462	0.293775	0.434406	-0.261396	0.955874	-0.134075	-0.454625	0.000608	0.890683
00888	4.484838	-1.390301	9.135812	-0.005577	-0.005111	0.020587	0.851390	0.293908	0.434456	-0.261475	0.955833	-0.134214	-0.454714	0.000669	0.890637
00889	4.418869	-1.381815	9.166096	-0.000909	0.000248	0.020039	0.851332	0.294086	0.434450	-0.261607	0.955779	-0.134347	-0.454748	0.000719	0.890620
00890	4.461507	-1.412674	9.151293	0.004200	0.001267	0.014285	0.851316	0.294131	0.434451	-0.261633	0.955765	-0.134395	-0.454763	0.000746	0.890612
00891	4.449015	-1.417016	9.204389	0.002539	-0.000668	0.011357	0.851276	0.294227	0.434465	-0.261707	0.955735	-0.134460	-0.454795	0.000761	0.890596
00892	4.396300	-1.391351	9.160451	0.007717	-0.001779	0.006340	0.851277	0.294178	0.434497	-0.261672	0.955751	-0.134420	-0.454814	0.000733	0.890586
00893	4.385157	-1.383316	9.192070	0.002787	-0.004167	0.001116	0.851248	0.294175	0.434556	-0.261660	0.955751	-0.134438	-0.454876	0.000734	0.890555
00894	4.408730	-1.362538	9.176232	0.003419	-0.009346	0.000947	0.851190	0.294161	0.434677	-0.261648	0.955756	-0.134430	-0.454989	0.000693	0.890497
00895	4.456441	-1.309634	9.123289	-0.000769	-0.010081	0.002678	0.851130	0.294173	0.434786	-0.261633	0.955752	-0.134486	-0.455110	0.000711	0.890435
00896	4.435090	-1.318417	9.117171	0.001744	-0.005737	0.000843	0.851124	0.294078	0.434863	-0.261527	0.955781	-0.134485	-0.455183	0.000735	0.890398
00897	4.400167	-1.378688	9.137804	0.004888	-0.006571	-0.001161	0.851090	0.294053	0.434946	-0.261504	0.955789	-0.134474	-0.455259	0.000709	0.890359
00898	4.434481	-1.377303	9.111505	0.003557	-0.013600	0.002425	0.851017	0.294037	0.435099	-0.261491	0.955794	-0.134464	-0.455403	0.000656	0.890285
00899	4.436493	-1.329138	9.137562	0.005932	-0.005001	-0.000888	0.850990	0.294015	0.435168	-0.261476	0.955801	-0.134445	-0.455463	0.000625	0.890255
00900	4.492429	-1.318755	9.117259	0.007045	-0.005559	0.000124	0.850967	0.293960	0.435250	-0.261441	0.955818	-0.134392	-0.455526	0.000571	0.890222
00901	4.447650	-1.347335	9.127086	0.009682	0.000074	0.002586	0.850953	0.293971	0.435269	-0.261473	0.955814	-0.134355	-0.455533	0.000519	0.890219
00902	4.449676	-1.287040	9.132252	0.008569	0.000632	0.001575	0.850959	0.293920	0.435293	-0.261452	0.955830	-0.134283	-0.455534	0.000461	0.890218
00903	4.448330	-1.334065	9.106051	0.011345	0.002010	0.005515	0.850947	0.293959	0.435290	-0.261516	0.955818	-0.134244	-0.455521	0.000399	0.890225
00904	4.403407	-1.326719	9.163827	0.007651	0.000352	0.005602	0.850945	0.293936	0.435309	-0.261514	0.955825	-0.134198	-0.455525	0.000356	0.890223
00905	4.436919	-1.325228	9.137922	0.010013	-0.005016	0.009103	0.850891	0.294009	0.435365	-0.261602	0.955803	-0.134186	-0.455575	0.000285	0.890197
00906	4.392527	-1.353917	9.147559	0.008295	-0.010369	0.002616	0.850851	0.293951	0.435482	-0.261571	0.955821	-0.134118	-0.455667	0.000205	0.890150
00907	4.415282	-1.344762	9.153038	0.006320	-0.006673	0.009192	0.850790	0.294025	0.435552	-0.261643	0.955798	-0.134140	-0.455740	0.000166	0.890113
00908	4.414158	-1.368152	9.195469	0.004726	-0.010735	0.007004	0.850721	0.294047	0.435672	-0.261663	0.955791	-0.134149	-0.455858	0.000124	0.890053
00909	4.417317	-1.344584	9.152082	0.002225	-0.020620	0.006024	0.850604	0.294091	0.435871	-0.261690	0.955778	-0.134193	-0.456061	0.000082	0.889949
00910	4.420512	-1.297173	9.177439	-0.004050	-0.024491	0.007214	0.850478	0.294098	0.436111	-0.261673	0.955775	-0.134243	-0.456305	0.000052	0.889824
00911	4.433121	-1.317458	9.165959	-0.004473	-0.025690	0.009601	0.850329	0.294176	0.436350	-0.261699	0.955751	-0.134362	-0.456568	0.000059	0.889689
00912	4.399962	-1.379104	9.185626	-0.011437	-0.027799	0.007399	0.850192	0.294175	0.436617	-0.261632	0.955752	-0.134491	-0.456862	0.000111	0.889538
00913	4.412729	-1.376052	9.242789	-0.018814	-0.036650	0.004766	0.850005	0.294207	0.436960	-0.261551	0.955742	-0.134717	-0.457255	0.000223	0.889335
00914	4.387307	-1.320227	9.159933	-0.021943	-0.041348	0.003962	0.849789	0.294236	0.437360	-0.261455	0.955733	-0.134966	-0.457711	0.000342	0.889101
00915	4.400865	-1.353880	9.168684	-0.026115	-0.047611	0.002890	0.849557	0.294249	0.437802	-0.261325	0.955729	-0.135248	-0.458217	0.000492	0.888840
00916	4.403154	-1.416352	9.161070	-0.035725	-0.049793	0.001070	0.849330	0.294201	0.438275	-0.261101	0.955743	-0.135576	-0.458765	0.000715	0.888558
00917	4.440290	-1.430310	9.153662	-0.033622	-0.052182	-0.001193	0.849086	0.294176	0.438763	-0.260902	0.955751	-0.135907	-0.459329	0.000923	0.888266
00918	4.389071	-1.455070	9.192449	-0.040714	-0.055556	-0.007666	0.848854	0.294050	0.439297	-0.260578	0.955789	-0.136257	-0.459942	0.001191	0.887948
00919	4.361469	-1.459896	9.215200	-0.051353	-0.064823	-0.012550	0.848581	0.293917	0.439913	-0.260200	0.955830	-0.136695	-0.460659	0.001531	0.887576
00920	4.424660	-1.406749	9.217501	-0.060733	-0.070468	-0.024575	0.848324	0.293625	0.440602	-0.259636	0.955919	-0.137146	-0.461449	0.001948	0.887165
00921	4.424040	-1.296635	9.276854	-0.066494	-0.075212	-0.024967	0.848035	0.293374	0.441326	-0.259081	0.955995	-0.137663	-0.462292	0.002403	0.886724
00922	4.274730	-1.058232	9.513740	-0.093363	-0.116665	-0.026799	0.847573	0.293052	0.442426	-0.258341	0.956092	-0.138377	-0.463551	0.002988	0.886065
00923	4.401434	-1.329157	9.253162	-0.123223	-0.141994	-0.029063	0.846981	0.292765	0.443747	-0.257487	0.956177	-0.139377	-0.465105	0.003791	0.885247
00924	4.319758	-1.224483	9.445805	-0.137432	-0.172194	-0.029638	0.846264	0.292419	0.445340	-0.256518	0.956279	-0.140460	-0.466943	0.004629	0.884275
00925	4.343460	-1.399135	9.345278	-0.153219	-0.195332	-0.026682	0.845411	0.292160	0.447127	-0.255539	0.956353	-0.141732	-0.469020	0.005563	0.883170
00926	4.283430	-1.174013	9.605352	-0.141827	-0.248459	-0.014751	0.844289	0.291965	0.449369	-0.254669	0.956409	-0.142920	-0.471508	0.006226	0.881840
00927	4.349417	-1.288750	9.480219	-0.154719	-0.275580	-0.010507	0.843005	0.291869	0.451836	-0.253813	0.956433	-0.144273	-0.474259	0.006941	0.880358
00928	4.410832	-1.303658	9.550146	-0.182956	-0.330110	-0.008477	0.841456	0.291763	0.454782	-0.252811	0.956459	-0.145851	-0.477534	0.007753	0.878579
00929	4.318783	-1.185122	9.719656	-0.198282	-0.379739	-0.003002	0.839635	0.291751	0.458142	-0.251799	0.956456	-0.147613	-0.481259	0.008582	0.876537
00930	4.340259	-1.398429	9.532144	-0.224448	-0.446201	-0.013363	0.837534	0.291563	0.462091	-0.250495	0.956505	-0.149503	-0.485582	0.009462	0.874140
00931	4.418616	-1.369611	9.396789	-0.240032	-0.493521	-0.017365	0.835161	0.291432	0.466448	-0.249142	0.956535	-0.151553	-0.490341	0.010360	0.871469
00932	4.419756	-1.223018	9.410886	-0.235072	-0.549930	-0.021739	0.832491	0.291263	0.471300	-0.247774	0.956580	-0.153504	-0.495546	0.011015	0.868512
00933	4.402756	-1.180867	9.475197	-0.228140	-0.621301	-0.019610	0.829435	0.291131	0.476739	-0.246437	0.956615	-0.155424	-0.501305	0.011428	0.865195
00934	4.398893	-1.215375	9.407220	-0.230052	-0.710179	-0.017601	0.825898	0.290989	0.482927	-0.245066	0.956656	-0.157326	-0.507775	0.011586	0.861412
00935	4.478061	-1.327384	9.373875	-0.233592	-0.803549	-0.014628	0.821816	0.290927	0.489878	-0.243713	0.956676	-0.159297	-0.514998	0.011523	0.857114
00936	4.443840	-1.462952	9.324076	-0.222743	-0.890116	-0.021237	0.817259	0.290751	0.497545	-0.242299	0.956734	-0.161093	-0.522856	0.011100	0.852348
00937	4.400306	-1.436693	9.452292	-0.219307	-0.988900	-0.030373	0.812110	0.290552	0.506020	-0.240857	0.956803	-0.162838	-0.531474	0.010364	0.847011
00938	4.523153	-1.728080	9.409569	-0.212040	-1.091613	-0.052497	0.806377	0.290124	0.515349	-0.239246	0.956944	-0.164374	-0.540850	0.009252	0.841068
00939	4.519950	-1.884456	9.389949	-0.195175	-1.190336	-0.077307	0.800054	0.289470	0.525472	-0.237520	0.957156	-0.165640	-0.550907	0.007711	0.834531
00940	4.518103	-2.158906	9.551029	-0.159971	-1.299134	-0.121032	0.793102	0.288378	0.536496	-0.235619	0.957501	-0.166361	-0.561670	0.005532	0.827343
00941	4.268375	-2.201735	9.839412	-0.120790	-1.415456	-0.175876	0.785473	0.286737	0.548465	-0.233506	0.958006	-0.166434	-0.573156	0.002659	0.819442
00942	4.081313	-2.222072	9.794613	-0.097168	-1.585185	-0.240416	0.776833	0.284429	0.561810	-0.231024	0.958697	-0.165917	-0.585797	-0.000902	0.810457
00943	4.013882	-2.437384	9.789681	-0.066325	-1.796097	-0.335600	0.766945	0.281140	0.576850	-0.228000	0.959652	-0.164572	-0.599843	-0.005304	0.800100
00944	4.253214	-2.592554	9.659821	-0.033430	-2.013951	-0.450845	0.755750	0.276564	0.593594	-0.224273	0.960937	-0.162175	-0.615259	-0.010563	0.788255
00945	4.441276	-2.397048	9.389151	0.040878	-2.220986	-0.565889	0.743147	0.270800	0.611882	-0.220245	0.962486	-0.158474	-0.631842	-0.016994	0.774911
00946	5.110854	-2.122519	9.172336	0.114265	-2.459862	-0.652414	0.728790	0.264007	0.631795	-0.216146	0.964206	-0.153581	-0.649728	-0.024632	0.759768
00947	5.357543	-1.495913	9.074931	0.167428	-2.675908	-0.704106	0.712645	0.256422	0.652982	-0.212132	0.965996	-0.147827	-0.668684	-0.033170	0.742807
00948	6.031404	-1.292154	8.998680	0.129610	-2.887599	-0.711794	0.694511	0.248450	0.675224	-0.208001	0.967745	-0.142142	-0.688760	-0.041729	0.723788
00949	6.959294	-1.309215	9.230900	0.087401	-3.054345	-0.705564	0.674594	0.240199	0.698017	-0.203737	0.969435	-0.136698	-0.709517	-0.049997	0.702913
00950	6.976033	-1.631505	9.197271	0.014489	-3.195437	-0.691156	0.652932	0.231801	0.721074	-0.199243	0.971054	-0.131747	-0.730741	-0.057647	0.680216
00951	8.633053	-2.235101	9.685391	-0.058485	-3.263846	-0.687737	0.630074	0.223108	0.743794	-0.194351	0.972660	-0.127122	-0.751821	-0.064461	0.656209
00952	10.293016	-3.340052	9.978486	-0.014952	-3.226096	-0.692042	0.606779	0.214198	0.765466	-0.189947	0.974181	-0.122033	-0.771842	-0.071351	0.631799
00953	9.676430	-3.192403	9.761322	0.029779	-2.996060	-0.657043	0.584605	0.205540	0.784850	-0.186218	0.975544	-0.116773	-0.789658	-0.077887	0.608584
00954	9.357521	-3.734506	9.423007	0.074085	-2.888290	-0.684150	0.562780	0.196522	0.802906	-0.182878	0.976859	-0.110915	-0.806123	-0.084413	0.585696
00955	8.898034	-3.670635	8.847870	0.172052	-2.857451	-0.771241	0.540905	0.186451	0.820157	-0.179973	0.978192	-0.103683	-0.821603	-0.091523	0.562665
00956	9.550088	-3.191845	8.858225	0.298875	-2.794381	-0.837576	0.519214	0.175603	0.836409	-0.178004	0.979421	-0.095130	-0.835902	-0.099491	0.539787
00957	9.783408	-2.875610	8.853865	0.376651	-2.703480	-0.859425	0.497944	0.164362	0.851491	-0.176757	0.980499	-0.085899	-0.849005	-0.107734	0.517286
00958	9.451035	-2.445942	8.626428	0.451020	-2.579428	-0.847257	0.477386	0.153189	0.865237	-0.176473	0.981338	-0.076377	-0.860790	-0.116230	0.495511
00959	7.896041	-1.838324	8.112174	0.478019	-2.475162	-0.823003	0.457381	0.142112	0.877842	-0.176717	0.981986	-0.066897	-0.871535	-0.124532	0.474256
00960	6.320599	-1.323704	7.326551	0.391929	-2.431625	-0.804486	0.437482	0.131139	0.889613	-0.176559	0.982579	-0.058018	-0.881724	-0.131688	0.453014
00961	4.523802	-2.232121	5.521004	0.272555	-2.326316	-0.761711	0.418182	0.120506	0.900335	-0.175666	0.983179	-0.050002	-0.891216	-0.137249	0.432317
00962	-0.014301	-1.763010	5.551624	0.345393	-2.064624	-0.701287	0.400932	0.110770	0.909386	-0.175902	0.983501	-0.042246	-0.899062	-0.143026	0.413802
00963	4.418031	-1.346436	8.381437	0.308881	-1.707569	-0.670784	0.386688	0.101670	0.916589	-0.175997	0.983773	-0.034873	-0.905261	-0.147832	0.398307
00964	13.986587	-2.056822	13.355052	0.366957	-0.167165	-0.320787	0.385747	0.098336	0.917349	-0.178113	0.983536	-0.030535	-0.905249	-0.151613	0.396911
00965	6.142617	-3.054547	12.368741	0.311803	1.208391	0.152345	0.396362	0.101659	0.912449	-0.181473	0.982917	-0.030680	-0.899981	-0.153424	0.408039
00966	1.395741	-4.454590	8.432681	0.442088	1.936605	0.368685	0.413036	0.108375	0.904243	-0.186981	0.981833	-0.032266	-0.891313	-0.155750	0.425797
00967	-1.173015	-3.921298	6.491017	0.687312	2.240040	0.441615	0.432021	0.116225	0.894343	-0.194887	0.980262	-0.033249	-0.880555	-0.159931	0.446144
00968	-1.623315	-2.585137	6.044613	0.814333	2.303949	0.443501	0.451296	0.124457	0.883653	-0.204061	0.978382	-0.033582	-0.868730	-0.165164	0.466937
00969	-0.760059	-1.400180	5.986466	0.764284	2.286782	0.432497	0.470106	0.132495	0.872608	-0.212598	0.976557	-0.033744	-0.856623	-0.169652	0.487253
00970	0.013923	-0.705643	6.014604	0.599496	2.338113	0.413383	0.489102	0.140697	0.860804	-0.219792	0.974938	-0.034468	-0.844080	-0.172340	0.507768
00971	0.281161	-0.573154	6.033456	0.381420	2.432130	0.382388	0.508607	0.148599	0.848078	-0.224846	0.973737	-0.035772	-0.831121	-0.172493	0.528662
00972	0.466192	-1.147574	6.400518	0.142667	2.459064	0.331250	0.528141	0.156222	0.834663	-0.227864	0.972954	-0.037923	-0.818013	-0.170161	0.549454
00973	1.877368	-2.020439	7.160483	-0.004942	2.455888	0.283252	0.547406	0.163090	0.820822	-0.229300	0.972521	-0.040311	-0.804840	-0.166148	0.569760
00974	3.599006	-2.802048	7.738495	-0.049810	2.547168	0.280947	0.567085	0.170203	0.805882	-0.230609	0.972094	-0.043032	-0.790718	-0.161441	0.590510
00975	4.953333	-3.233980	8.399792	-0.025238	2.726801	0.317720	0.587683	0.177608	0.789357	-0.232199	0.971592	-0.045737	-0.775056	-0.156409	0.612229
00976	5.846561	-3.253243	8.723466	0.009886	2.944744	0.384204	0.609348	0.186107	0.770752	-0.234739	0.970831	-0.048837	-0.757359	-0.151167	0.635260
00977	6.133001	-3.193092	8.759942	0.006433	3.112237	0.449415	0.631544	0.195065	0.750401	-0.237530	0.969975	-0.052236	-0.738059	-0.145253	0.658916
00978	6.121910	-3.202137	8.706389	-0.023526	3.184018	0.500877	0.653512	0.204709	0.728709	-0.240763	0.968951	-0.056281	-0.717604	-0.138666	0.682507
00979	6.217089	-3.373351	8.920853	-0.069288	3.166194	0.515057	0.674644	0.213957	0.706455	-0.243649	0.967976	-0.060483	-0.696772	-0.131323	0.705169
00980	6.802233	-3.622237	9.243231	-0.112013	3.116546	0.530538	0.694710	0.223353	0.683733	-0.246718	0.966893	-0.065172	-0.675654	-0.123414	0.726816
00981	7.498843	-3.737296	9.702149	-0.148142	3.087810	0.546510	0.713876	0.232299	0.660619	-0.249541	0.965833	-0.069966	-0.654301	-0.114904	0.747454
00982	8.002438	-3.732528	10.011212	-0.191187	3.077857	0.592746	0.732160	0.241733	0.636794	-0.252821	0.964565	-0.075474	-0.632474	-0.105735	0.767331
00983	8.218695	-3.596771	10.154416	-0.245055	3.061909	0.658501	0.749503	0.251151	0.612510	-0.256136	0.963197	-0.081523	-0.610442	-0.095784	0.786248
00984	8.205842	-3.361612	10.192473	-0.330252	3.009789	0.742504	0.765587	0.261351	0.587854	-0.260022	0.961508	-0.088834	-0.588443	-0.084845	0.804075
00985	8.282502	-3.018347	10.286190	-0.433023	2.911539	0.812164	0.780273	0.271436	0.563468	-0.263760	0.959693	-0.097060	-0.567102	-0.072887	0.820416
