// General information: 
//  MT Manager version: 2022.2.0 
//  XDA version: 2022.2.0 build 7381 rev 124627 built on 2023-07-19
// Device information: 
//  DeviceId: 00B4CAF0
//  ProductCode: MTW2-3A7G6
//  Firmware Version: 4.6.0
//  Hardware Version: 2.0.0
// Device settings: 
//  Filter Profile: human(46.1)
//  Option Flags: Orientation Smoother Disabled, Position/Velocity Smoother Disabled, Continuous Zero Rotation Update Disabled, AHS Disabled, ICC Disabled
// Coordinate system: ENU
PacketCounter	Acc_X	Acc_Y	Acc_Z	Gyr_X	Gyr_Y	Gyr_Z	Mat[1][1]	Mat[2][1]	Mat[3][1]	Mat[1][2]	Mat[2][2]	Mat[3][2]	Mat[1][3]	Mat[2][3]	Mat[3][3]
25111	4.421329	-0.164859	9.238523	0.005177	-0.000887	0.001826	0.725895	0.535914	0.431130	-0.586219	0.809912	-0.019739	-0.359756	-0.238408	0.902074
25112	4.514360	-0.202712	9.264550	0.002114	-0.006088	0.004530	0.725878	0.535865	0.431219	-0.586191	0.809933	-0.019739	-0.359835	-0.238448	0.902031
25113	4.437348	-0.154092	9.267307	0.003954	-0.001207	0.003644	0.725863	0.535866	0.431243	-0.586196	0.809929	-0.019747	-0.359857	-0.238459	0.902020
25114	4.481071	-0.156840	9.245296	0.005574	-0.003146	0.004427	0.725867	0.535821	0.431292	-0.586176	0.809944	-0.019707	-0.359881	-0.238509	0.901997
25115	4.472146	-0.145263	9.225512	0.007304	-0.001675	0.004376	0.725846	0.535827	0.431320	-0.586199	0.809928	-0.019688	-0.359887	-0.238549	0.901984
25116	4.447129	-0.197835	9.237331	0.005986	-0.000105	0.005048	0.725859	0.535784	0.431350	-0.586170	0.809949	-0.019661	-0.359906	-0.238574	0.901970
25117	4.490417	-0.166868	9.264903	0.005890	0.001785	0.003902	0.725854	0.535795	0.431347	-0.586184	0.809939	-0.019653	-0.359895	-0.238584	0.901972
25118	4.490352	-0.166544	9.264940	0.003350	-0.000469	0.000732	0.725899	0.535707	0.431380	-0.586104	0.809998	-0.019632	-0.359934	-0.238582	0.901957
25119	4.474786	-0.176711	9.235953	0.006603	0.004457	0.005979	0.725891	0.535741	0.431352	-0.586136	0.809975	-0.019627	-0.359899	-0.238584	0.901970
25120	4.467694	-0.164451	9.276342	0.002966	0.010595	0.001809	0.726062	0.535587	0.431255	-0.585945	0.810114	-0.019604	-0.359866	-0.238458	0.902017
25121	4.473332	-0.176198	9.236667	0.004174	0.005614	0.001973	0.726081	0.535590	0.431218	-0.585938	0.810119	-0.019603	-0.359837	-0.238434	0.902035
25122	4.451042	-0.174464	9.247881	0.002649	0.005664	0.002335	0.725981	0.535708	0.431242	-0.586078	0.810018	-0.019598	-0.359812	-0.238513	0.902024
25123	4.428824	-0.172652	9.259058	0.005492	0.004043	0.001301	0.725998	0.535702	0.431219	-0.586071	0.810023	-0.019583	-0.359787	-0.238508	0.902035
25124	4.404014	-0.137883	9.259791	0.005176	-0.000888	0.001827	0.726031	0.535646	0.431233	-0.586039	0.810048	-0.019517	-0.359774	-0.238550	0.902029
25125	4.487669	-0.164480	9.266277	0.003953	-0.001207	0.003645	0.726016	0.535647	0.431257	-0.586044	0.810044	-0.019525	-0.359796	-0.238561	0.902018
25126	4.459810	-0.184378	9.267774	0.003144	-0.001990	0.000423	0.725982	0.535645	0.431317	-0.586070	0.810026	-0.019499	-0.359823	-0.238626	0.901990
25127	4.487971	-0.164102	9.266137	0.002730	-0.001525	0.005462	0.725955	0.535660	0.431344	-0.586084	0.810015	-0.019526	-0.359854	-0.238628	0.901976
25128	4.481914	-0.185400	9.256666	0.008018	-0.002509	0.000794	0.726012	0.535552	0.431382	-0.586005	0.810074	-0.019448	-0.359867	-0.238672	0.901960
25129	4.466468	-0.161824	9.276979	0.002333	0.000733	0.002860	0.726009	0.535551	0.431388	-0.585999	0.810078	-0.019468	-0.359884	-0.238659	0.901956
25130	4.463452	-0.128848	9.266734	0.004365	0.001835	0.004264	0.726068	0.535467	0.431393	-0.585916	0.810138	-0.019444	-0.359899	-0.238642	0.901955
25131	4.463339	-0.162359	9.217439	0.002745	0.003774	0.003480	0.726072	0.535479	0.431372	-0.585915	0.810138	-0.019462	-0.359892	-0.238617	0.901964
25132	4.472259	-0.173356	9.237241	0.003857	0.000683	0.002499	0.726152	0.535361	0.431384	-0.585796	0.810225	-0.019440	-0.359925	-0.238587	0.901959
25133	4.472100	-0.173248	9.237320	0.000713	0.002673	0.002076	0.726160	0.535358	0.431373	-0.585778	0.810238	-0.019470	-0.359938	-0.238550	0.901963
25134	4.478094	-0.185109	9.197481	0.003873	0.005982	0.000516	0.726209	0.535311	0.431350	-0.585735	0.810270	-0.019429	-0.359911	-0.238547	0.901975
25135	4.427865	-0.169924	9.259568	0.001110	0.000415	0.004678	0.726194	0.535324	0.431359	-0.585737	0.810268	-0.019467	-0.359938	-0.238526	0.901970
25136	4.474126	-0.172045	9.297401	0.003350	-0.000470	0.000733	0.726259	0.535218	0.431382	-0.585642	0.810337	-0.019426	-0.359961	-0.238527	0.901960
25137	4.480308	-0.183969	9.257471	0.001728	0.004977	0.005607	0.726254	0.535250	0.431349	-0.585653	0.810328	-0.019462	-0.359951	-0.238487	0.901975
25138	4.396174	-0.156918	9.251205	0.004079	0.007502	0.000826	0.726386	0.535119	0.431289	-0.585506	0.810436	-0.019422	-0.359925	-0.238415	0.902005
25139	4.476685	-0.150912	9.247519	0.000491	-0.004147	0.003749	0.726360	0.535114	0.431340	-0.585499	0.810440	-0.019461	-0.359989	-0.238413	0.901980
25140	4.427224	-0.169309	9.259885	0.006794	-0.002829	0.002613	0.726292	0.535138	0.431426	-0.585565	0.810393	-0.019425	-0.360020	-0.238519	0.901939
25141	4.464594	-0.160056	9.277911	0.001920	-0.002308	0.002241	0.726281	0.535124	0.431460	-0.585552	0.810401	-0.019445	-0.360061	-0.238520	0.901923
25142	4.464755	-0.159836	9.277837	0.005476	-0.001258	0.003284	0.726431	0.534925	0.431456	-0.585346	0.810552	-0.019402	-0.360096	-0.238457	0.901925
25143	4.493147	-0.173182	9.226746	0.001714	-0.003829	0.001932	0.726417	0.534905	0.431504	-0.585330	0.810563	-0.019422	-0.360150	-0.238464	0.901902
25144	4.464965	-0.159507	9.277742	0.005379	0.004139	0.007796	0.726416	0.534901	0.431510	-0.585323	0.810567	-0.019435	-0.360164	-0.238455	0.901899
25145	4.502071	-0.184026	9.246551	0.003350	-0.000470	0.000733	0.726421	0.534880	0.431528	-0.585304	0.810581	-0.019435	-0.360184	-0.238457	0.901890
25146	4.452261	-0.202327	9.259094	0.003556	0.001051	0.001043	0.726469	0.534804	0.431541	-0.585238	0.810629	-0.019396	-0.360193	-0.238463	0.901885
25147	4.477320	-0.149124	9.247241	0.003857	0.000682	0.002499	0.726468	0.534800	0.431548	-0.585234	0.810632	-0.019400	-0.360202	-0.238463	0.901881
25148	4.483433	-0.127218	9.256687	0.004063	0.002203	0.002808	0.726433	0.534818	0.431584	-0.585269	0.810608	-0.019391	-0.360215	-0.238506	0.901865
25149	4.457865	-0.179975	9.268796	0.003158	0.006816	0.004098	0.726445	0.534841	0.431535	-0.585274	0.810604	-0.019407	-0.360184	-0.238468	0.901887
25150	4.463457	-0.158267	9.278489	0.001332	0.007235	0.003003	0.726554	0.534740	0.431477	-0.585150	0.810693	-0.019391	-0.360165	-0.238390	0.901916
25151	4.447497	-0.168874	9.249690	-0.000097	0.005397	0.004511	0.726559	0.534763	0.431441	-0.585146	0.810695	-0.019439	-0.360162	-0.238332	0.901932
25152	4.456125	-0.180186	9.269629	0.001728	0.004977	0.005606	0.726520	0.534799	0.431461	-0.585177	0.810672	-0.019478	-0.360190	-0.238330	0.901921
25153	4.446743	-0.168867	9.250053	0.005381	0.000631	0.002138	0.726521	0.534792	0.431469	-0.585175	0.810673	-0.019467	-0.360191	-0.238342	0.901918
25154	4.455741	-0.179641	9.269824	0.005888	0.001783	0.003904	0.726502	0.534806	0.431483	-0.585213	0.810647	-0.019422	-0.360167	-0.238399	0.901912
25155	4.449383	-0.201009	9.260506	0.004157	0.000313	0.003956	0.726491	0.534813	0.431493	-0.585221	0.810641	-0.019429	-0.360177	-0.238404	0.901907
25156	4.446760	-0.201675	9.200735	0.003444	-0.002360	0.001881	0.726429	0.534833	0.431571	-0.585269	0.810606	-0.019423	-0.360222	-0.238476	0.901870
25157	4.434352	-0.177227	9.280603	0.006681	-0.006240	0.003452	0.726398	0.534820	0.431641	-0.585282	0.810597	-0.019405	-0.360265	-0.238536	0.901837
25158	4.460005	-0.123735	9.268463	0.008111	-0.004402	0.001944	0.726400	0.534743	0.431732	-0.585237	0.810631	-0.019371	-0.360334	-0.238595	0.901794
25159	4.469764	-0.168063	9.238546	0.006981	-0.006608	0.004909	0.726359	0.534741	0.431805	-0.585262	0.810613	-0.019356	-0.360377	-0.238659	0.901759
25160	4.461148	-0.156442	9.218602	0.006586	-0.004351	0.002305	0.726344	0.534692	0.431891	-0.585245	0.810626	-0.019325	-0.360435	-0.238725	0.901719
25161	4.473315	-0.200154	9.248569	0.002934	-0.000003	0.005773	0.726321	0.534712	0.431904	-0.585261	0.810614	-0.019351	-0.360454	-0.238722	0.901712
25162	4.488956	-0.189391	9.277521	0.006379	-0.005872	0.001996	0.726329	0.534630	0.431991	-0.585210	0.810651	-0.019312	-0.360519	-0.238779	0.901671
25163	4.477237	-0.145067	9.247345	0.004158	0.000313	0.003955	0.726319	0.534636	0.432002	-0.585218	0.810646	-0.019319	-0.360529	-0.238783	0.901666
25164	4.470927	-0.166424	9.238013	0.005381	0.000630	0.002137	0.726388	0.534527	0.432020	-0.585117	0.810719	-0.019280	-0.360553	-0.238778	0.901658
25165	4.458087	-0.175705	9.268771	0.004571	0.003355	0.004573	0.726384	0.534545	0.432003	-0.585130	0.810710	-0.019286	-0.360539	-0.238770	0.901666
25166	4.485810	-0.155484	9.267332	0.003347	0.003038	0.006391	0.726362	0.534574	0.432005	-0.585161	0.810688	-0.019292	-0.360534	-0.238780	0.901665
25167	4.469956	-0.165830	9.238494	0.004383	0.007132	0.002278	0.726386	0.534583	0.431954	-0.585156	0.810691	-0.019289	-0.360493	-0.238750	0.901689
25168	4.491110	-0.167071	9.227851	0.006809	0.005976	0.006286	0.726423	0.534549	0.431934	-0.585120	0.810718	-0.019269	-0.360477	-0.238736	0.901699
25169	4.477711	-0.176421	9.258875	0.003573	0.009857	0.004713	0.726442	0.534583	0.431859	-0.585131	0.810710	-0.019284	-0.360421	-0.238685	0.901735
25170	4.483188	-0.188383	9.219307	0.003572	0.009856	0.004713	0.726455	0.534615	0.431799	-0.585157	0.810691	-0.019262	-0.360353	-0.238677	0.901764
25171	4.493823	-0.232334	9.250023	0.000957	0.018299	0.004067	0.726508	0.534665	0.431647	-0.585154	0.810693	-0.019298	-0.360251	-0.238560	0.901836
25172	4.498375	-0.210590	9.260215	0.003704	0.018563	0.001888	0.726639	0.534600	0.431507	-0.585048	0.810769	-0.019277	-0.360158	-0.238445	0.901903
25173	4.490972	-0.144611	9.240335	0.004928	0.018878	0.000071	0.726718	0.534618	0.431351	-0.585030	0.810783	-0.019260	-0.360029	-0.238357	0.901978
25174	4.476168	-0.153859	9.272020	0.002612	0.026952	0.000880	0.726798	0.534659	0.431168	-0.585017	0.810792	-0.019270	-0.359890	-0.238235	0.902066
25175	4.436624	-0.162854	9.255018	-0.001869	0.025219	0.003110	0.726882	0.534717	0.430954	-0.584996	0.810806	-0.019327	-0.359754	-0.238058	0.902167
25176	4.412489	-0.161494	9.267055	-0.000645	0.025534	0.001293	0.727033	0.534692	0.430730	-0.584904	0.810872	-0.019322	-0.359598	-0.237888	0.902274
25177	4.333185	-0.112974	9.270655	-0.000872	0.018716	0.002971	0.727094	0.534733	0.430575	-0.584886	0.810884	-0.019369	-0.359504	-0.237754	0.902347
25178	4.455599	-0.164287	9.306434	-0.005685	0.003248	0.002057	0.727126	0.534686	0.430578	-0.584809	0.810939	-0.019435	-0.359564	-0.237674	0.902344
25179	4.439912	-0.209013	9.228228	-0.001511	0.008858	0.004031	0.727146	0.534713	0.430512	-0.584796	0.810946	-0.019493	-0.359545	-0.237587	0.902374
25180	4.417952	-0.086926	9.277409	-0.004581	0.003665	0.006736	0.727180	0.534671	0.430507	-0.584716	0.811002	-0.019571	-0.359606	-0.237493	0.902375
25181	4.445002	-0.188490	9.238131	-0.002737	0.008542	0.005847	0.727188	0.534712	0.430443	-0.584712	0.811003	-0.019648	-0.359596	-0.237397	0.902404
25182	4.447268	-0.221470	9.248755	0.004865	0.002984	0.006035	0.727119	0.534785	0.430469	-0.584800	0.810939	-0.019649	-0.359592	-0.237451	0.902392
25183	4.422063	-0.240414	9.309917	0.005542	-0.008446	0.006425	0.727063	0.534790	0.430558	-0.584830	0.810918	-0.019654	-0.359658	-0.237514	0.902349
25184	4.461558	-0.090002	9.255587	0.015080	-0.011015	0.006871	0.727069	0.534711	0.430645	-0.584825	0.810925	-0.019512	-0.359654	-0.237665	0.902310
25185	4.474434	-0.166878	9.235952	0.011426	-0.006666	0.010334	0.726996	0.534752	0.430717	-0.584904	0.810869	-0.019480	-0.359672	-0.237766	0.902277
25186	4.431527	-0.196968	9.208184	0.007686	-0.003937	0.006992	0.726986	0.534718	0.430777	-0.584897	0.810875	-0.019447	-0.359705	-0.237822	0.902249
25187	4.456435	-0.197229	9.256778	0.007571	-0.007346	0.007832	0.726925	0.534736	0.430856	-0.584944	0.810841	-0.019440	-0.359751	-0.237896	0.902211
25188	4.444436	-0.206082	9.287094	0.012863	-0.008341	0.003170	0.726911	0.534675	0.430955	-0.584946	0.810841	-0.019336	-0.359775	-0.238030	0.902166
25189	4.433518	-0.160804	9.256542	0.019145	-0.012328	0.004026	0.726855	0.534651	0.431080	-0.585008	0.810800	-0.019208	-0.359789	-0.238224	0.902109
25190	4.472701	-0.096818	9.213369	0.019236	-0.014217	0.005175	0.726855	0.534542	0.431215	-0.584992	0.810816	-0.019040	-0.359813	-0.238417	0.902049
25191	4.433149	-0.125084	9.245029	0.017500	-0.012174	0.010883	0.726760	0.534574	0.431337	-0.585097	0.810742	-0.018956	-0.359836	-0.238597	0.901992
25192	4.415466	-0.154959	9.265749	0.019327	-0.016107	0.006325	0.726715	0.534500	0.431504	-0.585125	0.810725	-0.018802	-0.359881	-0.238820	0.901915
25193	4.500562	-0.180862	9.271713	0.012815	-0.018936	0.007150	0.726616	0.534485	0.431688	-0.585186	0.810682	-0.018744	-0.359980	-0.238998	0.901828
25194	4.486535	-0.190543	9.242012	0.011429	-0.010179	0.004679	0.726566	0.534431	0.431839	-0.585191	0.810680	-0.018695	-0.360075	-0.239125	0.901757
25195	4.422772	-0.097660	9.262884	0.010112	-0.008605	0.005348	0.726515	0.534427	0.431930	-0.585229	0.810654	-0.018654	-0.360115	-0.239226	0.901714
25196	4.457613	-0.176598	9.232288	0.005010	-0.014895	0.006656	0.726497	0.534312	0.432103	-0.585147	0.810713	-0.018666	-0.360285	-0.239283	0.901631
25197	4.492349	-0.221972	9.250994	0.002909	-0.008811	0.002112	0.726465	0.534280	0.432197	-0.585135	0.810721	-0.018676	-0.360369	-0.239326	0.901586
25198	4.477868	-0.198236	9.270774	0.009189	-0.012801	0.002968	0.726457	0.534173	0.432342	-0.585080	0.810762	-0.018622	-0.360473	-0.239427	0.901518
25199	4.513481	-0.189948	9.228604	0.003093	-0.012587	0.004411	0.726398	0.534151	0.432469	-0.585086	0.810757	-0.018640	-0.360583	-0.239492	0.901456
25200	4.517187	-0.222613	9.238585	0.003116	-0.007291	0.002419	0.726447	0.534019	0.432549	-0.584970	0.810841	-0.018621	-0.360672	-0.239502	0.901418
25201	4.521128	-0.168018	9.237263	0.001916	-0.002308	0.002245	0.726437	0.534004	0.432584	-0.584956	0.810851	-0.018640	-0.360715	-0.239502	0.901401
25202	4.542119	-0.256996	9.237888	-0.000000	0.003514	0.005654	0.726462	0.533966	0.432590	-0.584898	0.810892	-0.018684	-0.360760	-0.239447	0.901397
25203	4.495061	-0.221057	9.249698	0.001663	0.012165	0.002459	0.726503	0.533987	0.432494	-0.584884	0.810901	-0.018707	-0.360699	-0.239369	0.901443
25204	4.432440	-0.161621	9.281801	0.002655	0.005662	0.002325	0.726551	0.533927	0.432487	-0.584814	0.810951	-0.018709	-0.360716	-0.239331	0.901446
25205	4.451369	-0.163889	9.211203	0.008311	-0.002890	0.002259	0.726539	0.533911	0.432527	-0.584823	0.810946	-0.018671	-0.360725	-0.239387	0.901427
25206	4.488571	-0.154374	9.229307	0.007410	0.001725	0.003542	0.726510	0.533938	0.432543	-0.584881	0.810905	-0.018613	-0.360689	-0.239463	0.901421
25207	4.435406	-0.226899	9.242911	0.003323	-0.005770	0.002728	0.726485	0.533918	0.432609	-0.584876	0.810909	-0.018622	-0.360749	-0.239494	0.901389
25208	4.402139	-0.181064	9.223500	0.004963	-0.002416	0.001524	0.726474	0.533885	0.432669	-0.584865	0.810917	-0.018598	-0.360788	-0.239542	0.901361
25209	4.445475	-0.237478	9.262196	0.000068	-0.010699	-0.002511	0.726462	0.533811	0.432780	-0.584810	0.810957	-0.018614	-0.360902	-0.239572	0.901307
25210	4.449993	-0.182657	9.260594	0.004639	-0.010860	-0.003594	0.726375	0.533819	0.432916	-0.584886	0.810904	-0.018546	-0.360954	-0.239735	0.901243
25211	4.498177	-0.131023	9.237032	0.001176	-0.013794	-0.003486	0.726358	0.533729	0.433056	-0.584827	0.810946	-0.018547	-0.361084	-0.239791	0.901176
25212	4.518142	-0.099583	9.215169	0.002007	-0.007711	-0.002257	0.726276	0.533730	0.433193	-0.584867	0.810917	-0.018550	-0.361184	-0.239888	0.901110
25213	4.449911	-0.182727	9.199607	0.002631	-0.003149	-0.001336	0.726284	0.533683	0.433236	-0.584829	0.810944	-0.018547	-0.361229	-0.239899	0.901089
25214	4.518345	-0.186388	9.226297	-0.001132	-0.005716	-0.002685	0.726352	0.533534	0.433306	-0.584682	0.811050	-0.018551	-0.361331	-0.239872	0.901056
25215	4.522012	-0.097912	9.274352	0.003555	0.001046	0.001041	0.726361	0.533517	0.433311	-0.584665	0.811063	-0.018550	-0.361339	-0.239868	0.901053
25216	4.502903	-0.162613	9.246548	0.003163	0.003301	-0.001566	0.726400	0.533464	0.433312	-0.584615	0.811099	-0.018527	-0.361342	-0.239863	0.901054
25217	4.490451	-0.118526	9.216643	0.001548	0.008758	0.003299	0.726425	0.533483	0.433247	-0.584607	0.811105	-0.018553	-0.361307	-0.239801	0.901084
25218	4.491692	-0.238877	9.239061	-0.004847	0.009340	0.003286	0.726468	0.533461	0.433201	-0.584541	0.811150	-0.018621	-0.361324	-0.239696	0.901105
25219	4.460230	-0.192439	9.279813	0.004063	0.002200	0.002806	0.726472	0.533461	0.433195	-0.584538	0.811152	-0.018623	-0.361322	-0.239690	0.901108
25220	4.466694	-0.204007	9.239791	0.014082	-0.004519	0.007003	0.726393	0.533496	0.433284	-0.584638	0.811083	-0.018538	-0.361319	-0.239848	0.901067
25221	4.496240	-0.095242	9.226212	0.024815	-0.012081	0.007619	0.726317	0.533501	0.433406	-0.584745	0.811009	-0.018374	-0.361299	-0.240087	0.901011
25222	4.481803	-0.103859	9.196724	0.025230	-0.009040	0.008233	0.726324	0.533426	0.433487	-0.584766	0.810999	-0.018175	-0.361252	-0.240287	0.900977
25223	4.426087	-0.142394	9.199859	0.016529	-0.000378	0.009019	0.726281	0.533470	0.433503	-0.584853	0.810937	-0.018092	-0.361196	-0.240396	0.900970
25224	4.398164	-0.161214	9.201472	0.017335	-0.003108	0.006588	0.726246	0.533476	0.433555	-0.584927	0.810887	-0.017963	-0.361147	-0.240552	0.900948
25225	4.512630	-0.200149	9.216881	0.009026	-0.000217	0.004329	0.726232	0.533482	0.433571	-0.584953	0.810869	-0.017927	-0.361133	-0.240599	0.900941
25226	4.438135	-0.149417	9.279284	0.010157	0.001982	0.001359	0.726198	0.533510	0.433594	-0.585022	0.810821	-0.017848	-0.361089	-0.240701	0.900932
25227	4.447973	-0.106395	9.238140	0.008217	-0.001005	0.001108	0.726200	0.533488	0.433617	-0.585022	0.810822	-0.017805	-0.361085	-0.240746	0.900921
25228	4.410204	-0.168219	9.280909	0.001107	-0.003096	-0.000973	0.726165	0.533476	0.433691	-0.585034	0.810814	-0.017798	-0.361137	-0.240799	0.900886
25229	4.476090	-0.139126	9.297006	0.000065	-0.010701	-0.002503	0.726153	0.533402	0.433802	-0.584978	0.810853	-0.017813	-0.361252	-0.240830	0.900832
25230	4.470516	-0.126739	9.336613	0.000390	-0.005772	-0.003042	0.726191	0.533280	0.433887	-0.584867	0.810934	-0.017815	-0.361354	-0.240829	0.900791
25231	4.539280	-0.198728	9.264652	-0.008867	-0.008853	-0.000029	0.726172	0.533230	0.433982	-0.584797	0.810982	-0.017921	-0.361508	-0.240778	0.900743
25232	4.370086	-0.078147	9.289870	-0.003350	-0.003044	-0.006385	0.726269	0.533062	0.434026	-0.584623	0.811107	-0.017917	-0.361593	-0.240728	0.900722
25233	4.658816	-0.185596	9.278018	-0.020897	-0.021006	0.001511	0.726196	0.532995	0.434230	-0.584520	0.811176	-0.018138	-0.361905	-0.240644	0.900620
25234	4.597115	-0.282068	9.222457	0.006305	0.004822	0.004511	0.726212	0.532979	0.434222	-0.584510	0.811184	-0.018114	-0.361889	-0.240652	0.900624
25235	4.607499	-0.050719	9.317484	0.003835	-0.001098	0.010144	0.726161	0.533030	0.434245	-0.584560	0.811148	-0.018150	-0.361911	-0.240662	0.900612
25236	4.603571	-0.172769	9.220380	0.014020	0.009698	0.015156	0.726152	0.533082	0.434198	-0.584621	0.811105	-0.018107	-0.361832	-0.240692	0.900636
25237	4.509055	-0.221640	9.206266	0.003382	0.015376	0.015690	0.726127	0.533218	0.434071	-0.584709	0.811040	-0.018171	-0.361738	-0.240611	0.900695
25238	4.470462	-0.196674	9.238127	0.011598	0.014368	0.016798	0.726137	0.533290	0.433967	-0.584768	0.810998	-0.018146	-0.361623	-0.240593	0.900746
25239	4.450750	-0.140441	9.248601	0.004213	0.017940	0.011263	0.726148	0.533395	0.433818	-0.584827	0.810954	-0.018183	-0.361505	-0.240505	0.900817
25240	4.473750	-0.174950	9.248870	0.005618	0.014476	0.011748	0.726186	0.533423	0.433721	-0.584822	0.810957	-0.018200	-0.361437	-0.240433	0.900864
25241	4.507078	-0.133099	9.257002	0.010460	0.008649	0.014119	0.726147	0.533530	0.433655	-0.584925	0.810884	-0.018193	-0.361351	-0.240445	0.900895
25242	4.456711	-0.097613	9.209334	0.015178	0.020704	0.015844	0.726164	0.533638	0.433494	-0.585021	0.810816	-0.018135	-0.361161	-0.240434	0.900974
25243	4.402474	-0.082388	9.212237	0.015864	0.014565	0.014261	0.726145	0.533760	0.433375	-0.585143	0.810728	-0.018080	-0.361000	-0.240458	0.901032
25244	4.406825	-0.180996	9.184572	0.016760	0.009946	0.012984	0.726138	0.533819	0.433315	-0.585226	0.810670	-0.017992	-0.360880	-0.240523	0.901063
25245	4.390739	-0.156256	9.205103	0.023242	0.003950	0.008501	0.726114	0.533868	0.433293	-0.585334	0.810596	-0.017845	-0.360752	-0.240663	0.901077
25246	4.440338	-0.136248	9.192661	0.020701	0.001695	0.005336	0.726218	0.533712	0.433311	-0.585218	0.810683	-0.017712	-0.360731	-0.240718	0.901070
25247	4.421000	-0.131701	9.263470	0.018789	0.004003	0.003087	0.726227	0.533718	0.433289	-0.585270	0.810648	-0.017583	-0.360629	-0.240822	0.901083
25248	4.458036	-0.155044	9.232471	0.021208	-0.000672	0.001451	0.726237	0.533671	0.433331	-0.585297	0.810632	-0.017415	-0.360566	-0.240980	0.901066
25249	4.469858	-0.230783	9.213629	0.026285	0.000314	0.002132	0.726238	0.533660	0.433343	-0.585369	0.810585	-0.017214	-0.360448	-0.241164	0.901065
25250	4.494930	-0.141466	9.250774	0.029061	0.005859	-0.002047	0.726271	0.533633	0.433319	-0.585441	0.810538	-0.016941	-0.360262	-0.241379	0.901081
25251	4.491833	-0.139632	9.191291	0.037363	0.002959	0.000221	0.726293	0.533613	0.433307	-0.585539	0.810474	-0.016632	-0.360059	-0.241639	0.901093
25252	4.510468	-0.070655	9.219195	0.047217	0.005295	0.000127	0.726313	0.533580	0.433315	-0.585663	0.810392	-0.016233	-0.359817	-0.241987	0.901096
25253	4.508855	-0.153484	9.231544	0.047543	0.010219	-0.000419	0.726365	0.533572	0.433238	-0.585793	0.810306	-0.015828	-0.359501	-0.242291	0.901140
25254	4.430509	-0.099724	9.234573	0.056498	0.017172	0.000759	0.726392	0.533606	0.433150	-0.585993	0.810171	-0.015355	-0.359119	-0.242669	0.901191
25255	4.376946	-0.080055	9.237103	0.054316	0.003843	-0.003427	0.726439	0.533558	0.433131	-0.586125	0.810084	-0.014877	-0.358810	-0.243061	0.901208
25256	4.416551	-0.132446	9.216950	0.062224	0.003190	-0.003766	0.726475	0.533492	0.433152	-0.586278	0.809983	-0.014321	-0.358486	-0.243544	0.901207
25257	4.168802	-0.009865	9.305085	0.050815	-0.000848	0.004343	0.726459	0.533496	0.433174	-0.586453	0.809864	-0.013908	-0.358232	-0.243933	0.901203
25258	4.412200	-0.076791	9.305027	0.032664	-0.046388	-0.000378	0.726346	0.533296	0.433609	-0.586485	0.809846	-0.013599	-0.358408	-0.244427	0.900999
25259	4.527302	-0.183710	9.161392	0.036064	-0.029223	0.007618	0.726209	0.533257	0.433886	-0.586631	0.809745	-0.013333	-0.358447	-0.244849	0.900869
25260	4.658571	-0.194303	9.364290	0.034777	-0.025893	0.000627	0.726124	0.533159	0.434149	-0.586725	0.809682	-0.013025	-0.358467	-0.245269	0.900747
25261	4.603226	-0.179296	9.245605	0.044476	-0.032257	0.003398	0.726000	0.533078	0.434455	-0.586870	0.809582	-0.012665	-0.358478	-0.245774	0.900605
25262	4.463762	0.034792	9.365429	0.049434	-0.009856	0.009007	0.725944	0.533063	0.434567	-0.587049	0.809459	-0.012261	-0.358300	-0.246211	0.900556
25263	4.556539	-0.224606	9.207935	0.025161	-0.017884	0.004659	0.725865	0.533028	0.434743	-0.587134	0.809399	-0.012081	-0.358320	-0.246484	0.900474
25264	4.516661	-0.338574	9.252118	0.029606	-0.021465	0.004437	0.725737	0.533013	0.434974	-0.587285	0.809293	-0.011838	-0.358331	-0.246863	0.900365
25265	4.539536	-0.130277	9.204687	0.039748	-0.023040	0.000154	0.725666	0.532928	0.435197	-0.587391	0.809222	-0.011506	-0.358303	-0.247281	0.900262
25266	4.539904	-0.006486	9.180430	0.048553	-0.024780	0.004186	0.725519	0.532894	0.435484	-0.587591	0.809081	-0.011127	-0.358272	-0.247814	0.900128
25267	4.573604	0.039058	9.126880	0.079593	-0.019601	0.011155	0.725396	0.532906	0.435675	-0.587919	0.808852	-0.010485	-0.357984	-0.248535	0.900043
25268	4.444970	0.144303	9.179527	0.094372	-0.000157	0.018644	0.725331	0.532985	0.435686	-0.588320	0.808570	-0.009706	-0.357455	-0.249283	0.900046
25269	4.452860	0.020986	9.163163	0.127220	0.004588	0.026711	0.725203	0.533183	0.435657	-0.588930	0.808137	-0.008703	-0.356711	-0.250260	0.900071
25270	4.396611	0.061852	9.264773	0.155751	0.000307	0.033722	0.725086	0.533321	0.435681	-0.589584	0.807673	-0.007460	-0.355866	-0.251462	0.900070
25271	4.370715	-0.029931	9.339129	0.164579	-0.008623	0.040969	0.724827	0.533601	0.435771	-0.590427	0.807067	-0.006183	-0.354996	-0.252810	0.900036
25272	4.271530	0.103054	9.388741	0.188703	-0.036062	0.045403	0.724433	0.533839	0.436134	-0.591391	0.806371	-0.004698	-0.354194	-0.254523	0.899869
25273	4.390792	0.009400	9.304801	0.200538	-0.078853	0.058881	0.723818	0.534082	0.436856	-0.592489	0.805572	-0.003176	-0.353616	-0.256533	0.899526
25274	3.801639	0.209469	9.552709	0.215471	-0.091650	0.073554	0.723179	0.534274	0.437680	-0.593603	0.804756	-0.001551	-0.353054	-0.258686	0.899130
25275	3.293160	0.305684	10.007999	0.207810	-0.288604	0.123324	0.721438	0.534485	0.440287	-0.595191	0.803585	-0.000251	-0.353942	-0.261873	0.897857
25276	3.576444	-0.056368	9.798993	0.201400	-0.400232	0.164570	0.719105	0.534661	0.443876	-0.596999	0.802242	0.000852	-0.355640	-0.265606	0.896088
25277	1.789982	-0.259066	11.118958	0.189227	-0.677247	0.169410	0.715684	0.534173	0.449951	-0.598852	0.800857	0.001762	-0.359405	-0.270716	0.893051
25278	4.344566	0.212714	9.670372	0.156591	-1.206907	0.193640	0.710113	0.532408	0.460740	-0.600804	0.799393	0.002249	-0.367115	-0.278412	0.887532
25279	3.603260	-0.751690	9.874950	0.224447	-1.169536	0.218462	0.704476	0.530820	0.471109	-0.603143	0.797627	0.003193	-0.374074	-0.286395	0.882069
25280	4.129518	-0.420624	9.674732	0.330049	-1.466597	0.193564	0.697751	0.528078	0.484021	-0.605741	0.795645	0.005151	-0.382388	-0.296786	0.875041
25281	4.001338	-0.114546	9.325291	0.418546	-1.627866	0.176625	0.690395	0.524524	0.498226	-0.608547	0.793478	0.007907	-0.391184	-0.308653	0.867011
25282	3.841506	0.242284	9.417765	0.490888	-1.854212	0.192367	0.681888	0.520158	0.514261	-0.611756	0.790968	0.011126	-0.400977	-0.322189	0.857561
25283	4.198589	0.368949	9.538899	0.471639	-2.164222	0.229209	0.671689	0.514803	0.532741	-0.615188	0.788258	0.013923	-0.412769	-0.337087	0.846164
25284	4.705509	0.231476	9.867290	0.319117	-2.355146	0.268537	0.660124	0.508818	0.552577	-0.618322	0.785780	0.015110	-0.426515	-0.351645	0.833325
25285	3.887955	0.236332	10.629959	0.123424	-2.617042	0.314039	0.646813	0.501863	0.574253	-0.620871	0.783782	0.014342	-0.442891	-0.365813	0.818553
25286	3.436094	-0.002532	10.949235	-0.056722	-3.065673	0.308051	0.630941	0.492900	0.599136	-0.622663	0.782397	0.012050	-0.462823	-0.380662	0.800557
25287	3.654737	-0.392426	10.055599	-0.177985	-3.517050	0.284372	0.612496	0.481427	0.626958	-0.623546	0.781736	0.008885	-0.485838	-0.396380	0.779002
25288	4.829664	-0.092284	11.431335	-0.135749	-3.863537	0.276800	0.591494	0.467992	0.656596	-0.624609	0.780914	0.006080	-0.509899	-0.413712	0.754218
25289	6.513852	0.223917	11.729595	-0.308106	-4.110201	0.246383	0.568475	0.452539	0.687055	-0.624387	0.781113	0.002131	-0.535703	-0.430199	0.726603
25290	9.431264	1.162553	13.259299	-0.292221	-4.247473	0.218883	0.543700	0.435720	0.717314	-0.624116	0.781330	-0.001547	-0.561133	-0.446846	0.696749
25291	11.067943	1.109903	14.555768	-0.581371	-4.201777	0.286261	0.517799	0.418867	0.745945	-0.622255	0.782777	-0.007610	-0.587097	-0.460228	0.665964
25292	11.252365	0.350723	12.940213	-0.606394	-3.911717	0.234066	0.492675	0.402639	0.771461	-0.620043	0.784452	-0.013444	-0.610588	-0.471716	0.636134
25293	10.576545	-0.552865	12.091394	-0.394410	-3.813921	0.177737	0.467897	0.385782	0.795138	-0.618406	0.785669	-0.017289	-0.631385	-0.483628	0.606182
25294	8.466504	-0.404104	11.267292	-0.032575	-3.641090	0.194942	0.443037	0.369636	0.816754	-0.619444	0.784807	-0.019169	-0.648080	-0.497440	0.576667
25295	7.241533	0.879968	11.123989	0.156780	-3.528285	0.285502	0.418153	0.354043	0.836542	-0.621659	0.783016	-0.020648	-0.662336	-0.511409	0.547514
25296	5.300404	1.583299	10.298494	0.034170	-3.475992	0.509078	0.391475	0.340154	0.855010	-0.624171	0.780891	-0.024884	-0.676134	-0.523931	0.518014
25297	2.399764	1.065378	10.529649	-0.065581	-3.230319	0.798272	0.364442	0.329255	0.871076	-0.626700	0.778600	-0.032100	-0.688789	-0.534204	0.490098
25298	-2.812361	-0.156363	11.484822	-0.167697	-2.794612	1.290071	0.336695	0.324350	0.883987	-0.630249	0.775125	-0.044356	-0.699588	-0.542197	0.465402
25299	2.885839	-2.209980	13.535419	0.032522	-2.720667	1.650927	0.307099	0.322195	0.895478	-0.635752	0.769644	-0.058892	-0.708173	-0.551216	0.441193
25300	10.329018	-1.037132	15.836524	0.509038	-0.279702	1.693000	0.294253	0.333735	0.895565	-0.644533	0.761190	-0.071888	-0.705686	-0.556067	0.439086
25301	-2.091485	0.297278	14.840573	0.535296	1.415650	1.804480	0.292485	0.355223	0.887845	-0.653544	0.752034	-0.085587	-0.698092	-0.555213	0.452113
25302	-5.719207	0.769142	10.535672	0.598272	2.040634	1.727625	0.295218	0.379623	0.876774	-0.662897	0.742246	-0.098172	-0.688051	-0.552229	0.470775
25303	-7.407251	2.659164	9.082996	0.827935	1.926462	1.424672	0.298859	0.400720	0.866087	-0.672741	0.732157	-0.106612	-0.676833	-0.550790	0.488393
25304	-4.196277	3.223995	10.411711	0.695020	2.095605	1.106832	0.305375	0.420502	0.854356	-0.680925	0.723619	-0.112770	-0.665648	-0.547315	0.507305
25305	-1.874468	3.040473	11.406281	0.647832	2.532539	0.762271	0.316871	0.439745	0.840367	-0.687532	0.716851	-0.115869	-0.653370	-0.541063	0.529488
25306	-0.946614	2.831471	11.671318	0.572153	3.068804	0.432194	0.333642	0.459551	0.823102	-0.692838	0.711625	-0.116472	-0.639264	-0.531416	0.555822
25307	-0.839228	2.390420	11.317888	0.581908	3.490039	0.132880	0.354761	0.478800	0.803054	-0.696931	0.707981	-0.114235	-0.623242	-0.519147	0.584855
25308	-0.323353	1.934150	11.229915	0.581430	3.753892	-0.125167	0.378587	0.497435	0.780532	-0.700268	0.705373	-0.109880	-0.605224	-0.504983	0.615384
25309	0.768779	1.297078	11.455593	0.582761	3.926865	-0.348966	0.404434	0.514470	0.756144	-0.702335	0.704278	-0.103527	-0.585797	-0.489197	0.646164
25310	2.352740	0.504767	11.825149	0.602906	4.080718	-0.508218	0.431342	0.530842	0.729487	-0.703926	0.703769	-0.095900	-0.564298	-0.472139	0.677239
25311	4.209746	-0.330686	12.327951	0.664635	4.254909	-0.585075	0.458987	0.546400	0.700555	-0.704957	0.703879	-0.087121	-0.540709	-0.453874	0.708260
25312	6.452732	-0.853461	13.098017	0.768641	4.480186	-0.596431	0.486661	0.562471	0.668422	-0.706456	0.703487	-0.077625	-0.513888	-0.434433	0.739721
25313	7.857030	-0.909730	13.351144	0.847289	4.786555	-0.523045	0.514259	0.579053	0.632642	-0.708030	0.702917	-0.067834	-0.483974	-0.413045	0.771468
25314	7.797857	-1.086944	13.037335	0.865224	4.989881	-0.413605	0.540343	0.596564	0.593415	-0.710171	0.701582	-0.058648	-0.451317	-0.389736	0.802757
25315	7.815436	-1.663912	12.725092	0.844937	5.030952	-0.296575	0.564326	0.613454	0.552458	-0.712170	0.700220	-0.050061	-0.417553	-0.365194	0.832036
25316	8.381379	-2.824446	12.554764	0.960561	5.005129	-0.188691	0.585466	0.630192	0.509988	-0.715204	0.697706	-0.041101	-0.381723	-0.340682	0.859199
25317	8.729065	-2.204575	13.124886	1.233130	4.926756	-0.130994	0.604290	0.645481	0.467105	-0.718866	0.694512	-0.029738	-0.343605	-0.317815	0.883702
25318	8.912803	-1.222033	13.240750	1.300019	4.791640	-0.185716	0.620930	0.659267	0.424043	-0.722216	0.691447	-0.017457	-0.304712	-0.295412	0.905474
25319	10.568914	-0.232307	14.865813	1.326513	4.565866	-0.368724	0.636653	0.669704	0.382323	-0.723657	0.690149	-0.003863	-0.266447	-0.274211	0.924021
25320	1.663392	14.444851	23.047626	1.318693	3.287525	-0.483642	0.648171	0.675518	0.351498	-0.724122	0.689600	0.010007	-0.235633	-0.261013	0.936135
25321	26.809164	6.345355	-1.321889	-6.182347	0.051405	-0.084236	0.648921	0.675032	0.351047	-0.707615	0.704994	-0.047592	-0.279612	-0.217522	0.935148
25322	19.121509	-15.552304	-0.705879	-3.386305	2.288946	1.040354	0.647904	0.687144	0.328716	-0.704936	0.704395	-0.083020	-0.288592	-0.177935	0.940773
25323	24.235715	-25.925605	-16.291195	0.606285	0.437237	-1.505306	0.659714	0.677231	0.325784	-0.696793	0.713607	-0.072417	-0.281525	-0.179229	0.942667
25324	29.749024	10.455766	-0.198728	2.460010	0.422904	-2.084252	0.675155	0.663279	0.322841	-0.689738	0.722807	-0.042567	-0.261586	-0.193937	0.945495
25325	25.372659	1.880401	-3.554209	-2.725341	-0.089010	0.925135	0.668551	0.669776	0.323170	-0.688531	0.721690	-0.071334	-0.281006	-0.174823	0.943648
25326	18.880920	-11.371333	-15.020695	-0.876835	-0.278119	0.422833	0.664805	0.672411	0.325420	-0.688895	0.720318	-0.081029	-0.288891	-0.170312	0.942091
25327	20.893173	0.145070	-12.251732	0.097267	-1.624224	-0.598079	0.664152	0.665210	0.341170	-0.685177	0.724171	-0.078155	-0.299055	-0.181855	0.936747
25328	19.057903	-4.675955	-10.230002	-1.009863	-2.279909	-0.083209	0.657669	0.660351	0.362503	-0.681467	0.726623	-0.087301	-0.321052	-0.189619	0.927885
25329	-0.360194	-16.822518	12.968594	0.203652	-1.554528	0.278336	0.650721	0.659311	0.376658	-0.683920	0.724414	-0.086477	-0.329872	-0.201332	0.922307
25330	20.707056	-23.262092	22.766498	1.957686	-2.606932	-2.266871	0.657489	0.637099	0.402259	-0.675562	0.734882	-0.059708	-0.333652	-0.232493	0.913577
25331	11.871399	8.251366	5.332063	5.381534	-0.368951	-2.127210	0.670738	0.620508	0.406300	-0.678447	0.734647	-0.001954	-0.299699	-0.274343	0.913737
25332	14.738549	31.522807	29.972820	-0.220557	-1.133574	-0.095691	0.667953	0.616632	0.416658	-0.677097	0.735885	-0.003601	-0.308832	-0.279713	0.909056
25333	5.757957	-4.334972	3.783219	-3.545728	0.042846	1.054520	0.660985	0.624500	0.416051	-0.672703	0.738817	-0.040248	-0.332520	-0.253275	0.908450
25334	1.856020	-14.381012	6.061480	0.015650	-0.373993	0.164044	0.658702	0.624648	0.419436	-0.673737	0.737846	-0.040775	-0.334949	-0.255731	0.906869
25335	7.809967	3.136157	7.906121	3.026117	-0.399532	-1.202031	0.665522	0.614689	0.423366	-0.675615	0.737208	-0.008308	-0.317215	-0.280503	0.905921
25336	4.717428	7.333482	16.139063	-0.642361	-0.024023	0.167576	0.664368	0.615766	0.423613	-0.674592	0.738042	-0.014833	-0.321778	-0.275911	0.905722
25337	5.128054	-3.851498	6.000964	-1.255931	-0.135706	0.394830	0.661276	0.618291	0.424771	-0.673078	0.739045	-0.027908	-0.331180	-0.267449	0.904871
25338	3.993881	-1.553778	8.440908	0.775000	-0.050803	-0.163055	0.662268	0.616849	0.425322	-0.674455	0.738039	-0.020194	-0.326361	-0.273487	0.904817
25339	4.755656	1.816526	11.051649	0.119482	-0.045089	-0.051082	0.662477	0.616326	0.425753	-0.674476	0.738055	-0.018925	-0.325893	-0.274623	0.904641
25340	3.743799	-0.866214	8.480934	-0.176582	-0.117539	0.008347	0.662097	0.615965	0.426866	-0.673862	0.738571	-0.020549	-0.327929	-0.274044	0.904081
25341	4.885833	0.170828	9.596173	-0.002329	-0.119482	-0.019203	0.661846	0.615473	0.427964	-0.673697	0.738723	-0.020518	-0.328775	-0.274738	0.903563
25342	4.047332	-0.237834	9.056681	-0.070255	-0.096238	-0.006158	0.661629	0.615064	0.428885	-0.673334	0.739036	-0.021118	-0.329951	-0.274811	0.903112
25343	4.321355	-0.068430	9.337517	-0.085790	-0.158476	-0.013251	0.661206	0.614508	0.430333	-0.672932	0.739381	-0.021865	-0.331616	-0.275127	0.902406
25344	4.418863	-0.338487	9.273682	-0.088156	-0.130796	-0.013098	0.660918	0.613954	0.431566	-0.672463	0.739786	-0.022596	-0.333139	-0.275278	0.901798
25345	4.748339	-0.504272	9.350723	-0.092953	-0.165924	-0.026216	0.660552	0.613280	0.433081	-0.671947	0.740231	-0.023350	-0.334900	-0.275584	0.901052
25346	4.721368	-0.455218	9.242447	-0.067064	-0.110019	-0.033969	0.660468	0.612628	0.434130	-0.671409	0.740705	-0.023800	-0.336143	-0.275760	0.900536
25347	4.885064	-0.158373	9.310822	-0.057401	-0.094718	-0.029446	0.660359	0.612126	0.435004	-0.670990	0.741071	-0.024218	-0.337193	-0.275891	0.900103
25348	4.717412	-0.573786	9.181105	-0.040937	-0.067749	-0.023826	0.660347	0.611665	0.435669	-0.670605	0.741411	-0.024475	-0.337981	-0.276000	0.899774
25349	4.586960	-0.307556	9.348983	-0.017438	-0.070999	-0.024795	0.660285	0.611262	0.436328	-0.670350	0.741638	-0.024553	-0.338606	-0.276281	0.899453
25350	4.489803	-0.322180	9.202249	-0.003021	-0.073387	-0.023611	0.660251	0.610788	0.437043	-0.670096	0.741871	-0.024470	-0.339176	-0.276704	0.899107
25351	4.506392	-0.086882	9.234291	0.010581	-0.076556	-0.025653	0.660175	0.610362	0.437752	-0.669930	0.742027	-0.024292	-0.339650	-0.277226	0.898768
25352	4.620272	-0.106735	9.176171	0.003838	-0.073190	-0.021822	0.660128	0.609901	0.438464	-0.669711	0.742229	-0.024155	-0.340173	-0.277699	0.898424
25353	4.556353	-0.322736	9.230103	0.006596	-0.065582	-0.014290	0.660013	0.609590	0.439071	-0.669607	0.742326	-0.024061	-0.340601	-0.278124	0.898130
25354	4.630594	-0.296754	9.241775	0.040418	-0.069453	-0.019313	0.659961	0.609157	0.439749	-0.669529	0.742410	-0.023607	-0.340854	-0.278845	0.897811
25355	4.599723	-0.233305	9.197279	0.044526	-0.069327	-0.015340	0.659840	0.608827	0.440388	-0.669548	0.742407	-0.023168	-0.341053	-0.279574	0.897508
25356	4.640675	-0.225350	9.152005	0.062802	-0.069334	-0.012893	0.659745	0.608441	0.441063	-0.669589	0.742390	-0.022542	-0.341156	-0.280459	0.897193
25357	4.456138	0.014449	9.176209	0.071674	-0.052911	-0.012845	0.659663	0.608174	0.441554	-0.669717	0.742295	-0.021870	-0.341064	-0.281289	0.896968
25358	4.329770	0.042470	9.180171	0.042877	-0.063380	-0.012024	0.659582	0.607810	0.442174	-0.669696	0.742327	-0.021426	-0.341261	-0.281990	0.896673
25359	4.492630	-0.091882	9.156386	0.032105	-0.071607	-0.011447	0.659427	0.607499	0.442832	-0.669697	0.742334	-0.021116	-0.341557	-0.282639	0.896356
25360	4.409607	-0.172143	9.173894	0.025052	-0.079178	-0.016381	0.659321	0.607058	0.443594	-0.669587	0.742442	-0.020812	-0.341977	-0.283303	0.895986
25361	4.706044	-0.117071	9.169090	0.019429	-0.075432	-0.022383	0.659225	0.606654	0.444288	-0.669474	0.742551	-0.020567	-0.342384	-0.283881	0.895648
25362	4.682861	-0.279625	9.117917	0.011299	-0.077752	-0.021084	0.659155	0.606181	0.445038	-0.669286	0.742726	-0.020365	-0.342886	-0.284434	0.895280
25363	4.756718	-0.170563	9.203825	0.027779	-0.052595	-0.014408	0.659084	0.605901	0.445525	-0.669254	0.742763	-0.020080	-0.343086	-0.284935	0.895044
25364	4.749421	-0.127703	9.109661	0.031928	-0.046829	-0.014070	0.659073	0.605567	0.445996	-0.669182	0.742836	-0.019725	-0.343247	-0.285452	0.894818
25365	4.756521	-0.269144	9.116907	0.013993	-0.032139	-0.010109	0.659042	0.605376	0.446299	-0.669131	0.742886	-0.019583	-0.343404	-0.285727	0.894670
25366	4.715780	-0.257449	9.138254	0.044078	-0.008255	-0.006764	0.659114	0.605207	0.446423	-0.669151	0.742880	-0.019151	-0.343229	-0.286101	0.894617
25367	4.733973	-0.145816	9.129872	0.041894	-0.005304	-0.004021	0.659135	0.605138	0.446485	-0.669235	0.742813	-0.018786	-0.343023	-0.286421	0.894594
25368	4.695538	-0.212986	9.137005	0.035743	0.001106	0.000354	0.659191	0.605048	0.446524	-0.669273	0.742788	-0.018462	-0.342843	-0.286677	0.894581
25369	4.609632	-0.224046	9.193941	0.049522	0.009044	-0.000988	0.659241	0.605043	0.446457	-0.669403	0.742680	-0.018042	-0.342491	-0.286966	0.894623
25370	4.559128	-0.134930	9.171728	0.056584	-0.008043	-0.001419	0.659278	0.604913	0.446578	-0.669500	0.742605	-0.017523	-0.342231	-0.287432	0.894573
25371	4.585071	-0.245841	9.157522	0.056290	-0.011435	-0.000472	0.659255	0.604853	0.446695	-0.669657	0.742475	-0.017045	-0.341969	-0.287895	0.894524
25372	4.582744	-0.192663	9.183842	0.072411	-0.029388	-0.003093	0.659230	0.604650	0.447006	-0.669796	0.742364	-0.016377	-0.341744	-0.288607	0.894381
25373	4.585164	-0.218069	9.194910	0.074197	-0.028024	-0.003192	0.659168	0.604521	0.447271	-0.669996	0.742198	-0.015727	-0.341471	-0.289303	0.894260
25374	4.545966	-0.137012	9.191305	0.089946	-0.036037	-0.006803	0.659144	0.604274	0.447641	-0.670173	0.742055	-0.014888	-0.341171	-0.290184	0.894089
25375	4.422712	-0.037243	9.231545	0.101957	-0.052185	-0.000034	0.658978	0.604098	0.448122	-0.670488	0.741788	-0.014004	-0.340871	-0.291232	0.893863
25376	4.466469	-0.053762	9.258169	0.104458	-0.072602	0.003111	0.658763	0.603816	0.448817	-0.670779	0.741542	-0.013079	-0.340714	-0.292442	0.893528
25377	4.545986	-0.132268	9.266058	0.114776	-0.094107	0.005906	0.658416	0.603560	0.449671	-0.671177	0.741199	-0.012107	-0.340603	-0.293837	0.893112
