// General information: 
//  MT Manager version: 2022.2.0 
//  XDA version: 2022.2.0 build 7381 rev 124627 built on 2023-07-19
// Device information: 
//  DeviceId: 00B4CAF0
//  ProductCode: MTW2-3A7G6
//  Firmware Version: 4.6.0
//  Hardware Version: 2.0.0
// Device settings: 
//  Filter Profile: human(46.1)
//  Option Flags: Orientation Smoother Disabled, Position/Velocity Smoother Disabled, Continuous Zero Rotation Update Disabled, AHS Disabled, ICC Disabled
// Coordinate system: ENU
PacketCounter	Acc_X	Acc_Y	Acc_Z	Gyr_X	Gyr_Y	Gyr_Z	Mat[1][1]	Mat[2][1]	Mat[3][1]	Mat[1][2]	Mat[2][2]	Mat[3][2]	Mat[1][3]	Mat[2][3]	Mat[3][3]
05027	4.668622	-0.182305	9.131172	0.005714	-0.000613	-0.000321	-0.889896	-0.000525	0.456162	-0.008110	-0.999823	-0.016972	0.456091	-0.018802	0.889735
05028	4.656378	-0.191271	9.112187	0.002263	0.005142	0.001676	-0.889950	-0.000490	0.456058	-0.008199	-0.999821	-0.017074	0.455985	-0.018934	0.889786
05029	4.693906	-0.217364	9.163762	0.004893	0.000741	0.001252	-0.889944	-0.000476	0.456070	-0.008210	-0.999821	-0.017063	0.455996	-0.018929	0.889780
05030	4.688135	-0.179259	9.117798	0.005920	0.001534	0.004961	-0.889945	-0.000499	0.456067	-0.008205	-0.999820	-0.017105	0.455994	-0.018964	0.889781
05031	4.674628	-0.203567	9.138254	0.003597	0.004184	0.001959	-0.889955	-0.000491	0.456048	-0.008216	-0.999820	-0.017109	0.455974	-0.018973	0.889791
05032	4.680684	-0.156202	9.111490	0.004417	0.002830	0.000386	-0.889970	-0.000511	0.456019	-0.008207	-0.999819	-0.017138	0.455945	-0.018995	0.889805
05033	4.692484	-0.146482	9.130715	0.006264	0.002268	0.002523	-0.889971	-0.000509	0.456017	-0.008201	-0.999820	-0.017121	0.455943	-0.018977	0.889807
05034	4.663035	-0.196750	9.080156	0.000206	0.002148	0.005282	-0.889987	-0.000510	0.455986	-0.008257	-0.999817	-0.017232	0.455911	-0.019101	0.889820
05035	4.698921	-0.168625	9.137562	0.008454	0.002440	0.002222	-0.889989	-0.000505	0.455982	-0.008243	-0.999818	-0.017194	0.455907	-0.019061	0.889823
05036	4.698571	-0.168227	9.137749	0.002264	0.005142	0.001676	-0.889941	-0.000187	0.456075	-0.008533	-0.999818	-0.017061	0.455996	-0.019075	0.889778
05037	4.686153	-0.177294	9.118855	0.004931	0.003226	0.002242	-0.889947	-0.000182	0.456065	-0.008536	-0.999818	-0.017054	0.455985	-0.019070	0.889783
05038	4.685717	-0.177005	9.119085	0.003122	0.006273	0.001093	-0.889935	-0.000072	0.456088	-0.008643	-0.999818	-0.017023	0.456006	-0.019091	0.889772
05039	4.705332	-0.174801	9.105651	0.001920	0.004409	0.004116	-0.889946	-0.000085	0.456066	-0.008642	-0.999817	-0.017051	0.455984	-0.019116	0.889782
05040	4.699658	-0.206366	9.093446	0.005312	0.006445	0.000792	-0.889960	0.000226	0.456039	-0.008964	-0.999815	-0.016998	0.455951	-0.019216	0.889797
05041	4.696249	-0.167055	9.138965	0.004111	0.004581	0.003815	-0.889971	0.000216	0.456016	-0.008956	-0.999815	-0.017006	0.455929	-0.019219	0.889809
05042	4.675699	-0.168737	9.152884	0.008492	0.004925	0.003214	-0.890010	0.000423	0.455941	-0.009178	-0.999814	-0.016989	0.455849	-0.019305	0.889848
05043	4.703375	-0.173430	9.106688	0.003122	0.006272	0.001094	-0.890029	0.000441	0.455904	-0.009199	-0.999813	-0.016993	0.455811	-0.019318	0.889867
05044	4.669354	-0.199712	9.141036	0.006684	0.007971	0.002065	-0.890023	0.000492	0.455915	-0.009218	-0.999814	-0.016916	0.455822	-0.019258	0.889863
05045	4.687300	-0.143025	9.133432	0.002228	0.002657	0.000689	-0.890026	0.000513	0.455909	-0.009247	-0.999814	-0.016926	0.455816	-0.019280	0.889865
05046	4.688528	-0.197117	9.127845	0.004148	0.007066	0.004805	-0.889929	0.000309	0.456098	-0.008953	-0.999819	-0.016793	0.456010	-0.019028	0.889771
05047	4.701107	-0.172331	9.107880	0.004493	0.007799	0.002367	-0.889956	0.000314	0.456047	-0.008957	-0.999819	-0.016791	0.455959	-0.019028	0.889797
05048	4.660285	-0.176291	9.135548	0.002265	0.005142	0.001678	-0.889934	0.000331	0.456089	-0.008969	-0.999819	-0.016774	0.456001	-0.019018	0.889776
05049	4.693500	-0.218936	9.135465	0.004494	0.007799	0.002367	-0.889960	0.000337	0.456038	-0.008972	-0.999819	-0.016771	0.455950	-0.019017	0.889802
05050	4.632208	-0.155491	9.143155	0.003254	0.003451	0.004400	-0.890000	0.000101	0.455961	-0.008777	-0.999818	-0.016910	0.455877	-0.019052	0.889839
05051	4.653889	-0.207436	9.123727	0.003011	-0.001184	-0.001872	-0.889985	0.000147	0.455991	-0.008825	-0.999818	-0.016902	0.455905	-0.019067	0.889824
05052	4.657796	-0.190560	9.175622	0.005920	0.001534	0.004967	-0.890048	0.000192	0.455867	-0.008934	-0.999815	-0.017022	0.455780	-0.019223	0.889885
05053	4.695116	-0.147010	9.193503	0.004857	-0.001745	0.000267	-0.890030	0.000216	0.455901	-0.008954	-0.999815	-0.017007	0.455814	-0.019219	0.889868
05054	4.674116	-0.204366	9.110016	0.003691	-0.001122	0.004278	-0.890023	0.000357	0.455916	-0.009126	-0.999813	-0.017033	0.455825	-0.019320	0.889860
05055	4.707454	-0.177549	9.076044	0.004074	0.002096	0.002828	-0.890023	0.000356	0.455916	-0.009127	-0.999813	-0.017036	0.455824	-0.019324	0.889860
05056	4.691082	-0.162714	9.141696	0.005753	0.001870	0.000673	-0.890015	0.000636	0.455931	-0.009417	-0.999811	-0.016986	0.455834	-0.019411	0.889853
05057	4.685560	-0.194208	9.129430	0.002779	0.005539	0.003534	-0.890031	0.000630	0.455899	-0.009418	-0.999811	-0.017005	0.455802	-0.019428	0.889869
05058	4.678377	-0.171446	9.122959	0.005753	0.001870	0.000674	-0.890028	0.000379	0.455905	-0.009153	-0.999813	-0.017038	0.455813	-0.019337	0.889865
05059	4.685136	-0.193657	9.129660	0.002358	-0.000164	0.003995	-0.890018	0.000366	0.455924	-0.009152	-0.999813	-0.017062	0.455833	-0.019358	0.889855
05060	4.651164	-0.150514	9.130118	0.007636	0.003794	0.003802	-0.889984	0.000321	0.455991	-0.009070	-0.999814	-0.016998	0.455901	-0.019264	0.889822
05061	4.677824	-0.170567	9.123258	0.002229	0.002657	0.000689	-0.889987	0.000342	0.455986	-0.009099	-0.999814	-0.017009	0.455896	-0.019286	0.889824
05062	4.696559	-0.183514	9.149083	0.004550	0.000008	0.003697	-0.889967	0.000409	0.456025	-0.009174	-0.999813	-0.017008	0.455933	-0.019320	0.889804
05063	4.658758	-0.156945	9.097617	0.003562	0.001698	0.000973	-0.889965	0.000427	0.456028	-0.009195	-0.999813	-0.017008	0.455936	-0.019329	0.889803
05064	4.697561	-0.167770	9.109795	0.004075	0.002096	0.002829	-0.890000	0.000629	0.455960	-0.009457	-0.999809	-0.017081	0.455862	-0.019514	0.889837
05065	4.689360	-0.160281	9.142623	0.004550	0.000008	0.003697	-0.889991	0.000620	0.455977	-0.009449	-0.999809	-0.017084	0.455880	-0.019514	0.889827
05066	4.677333	-0.169357	9.123533	0.004550	0.000008	0.003697	-0.889968	0.000943	0.456022	-0.009780	-0.999807	-0.017019	0.455918	-0.019606	0.889806
05067	4.704199	-0.189394	9.116575	0.005754	0.001869	0.000675	-0.889967	0.000965	0.456023	-0.009794	-0.999808	-0.016998	0.455919	-0.019594	0.889805
05068	4.636740	-0.172612	9.151076	0.007637	0.003794	0.003804	-0.889918	0.000695	0.456120	-0.009467	-0.999812	-0.016946	0.456022	-0.019398	0.889757
05069	4.676872	-0.168135	9.123792	0.003179	-0.001519	0.002425	-0.889902	0.000698	0.456152	-0.009476	-0.999811	-0.016955	0.456054	-0.019411	0.889741
05070	4.677003	-0.167837	9.123730	0.007729	-0.001512	0.006123	-0.889905	0.000925	0.456146	-0.009725	-0.999809	-0.016945	0.456043	-0.019516	0.889744
05071	4.702675	-0.203106	9.156176	0.003563	0.001698	0.000974	-0.889903	0.000944	0.456149	-0.009746	-0.999809	-0.016945	0.456046	-0.019525	0.889742
05072	4.688764	-0.157873	9.142970	0.005447	0.003623	0.004103	-0.889888	0.000666	0.456178	-0.009453	-0.999811	-0.016981	0.456080	-0.019423	0.889727
05073	4.684606	-0.174262	9.091233	0.003730	0.001364	0.005270	-0.889885	0.000642	0.456184	-0.009435	-0.999811	-0.016999	0.456086	-0.019431	0.889723
05074	4.683151	-0.189320	9.130769	0.004589	0.002493	0.004687	-0.889858	0.000124	0.456238	-0.008884	-0.999815	-0.017056	0.456152	-0.019231	0.889694
05075	4.694814	-0.179711	9.150053	0.006819	0.005150	0.005377	-0.889872	0.000099	0.456211	-0.008850	-0.999816	-0.017047	0.456125	-0.019207	0.889709
05076	4.675490	-0.166315	9.124534	0.002269	0.005142	0.001678	-0.889861	0.000446	0.456231	-0.009211	-0.999813	-0.016989	0.456139	-0.019320	0.889699
05077	4.687152	-0.156841	9.143814	0.002230	0.002656	0.000690	-0.889864	0.000467	0.456227	-0.009240	-0.999813	-0.016999	0.456133	-0.019342	0.889701
05078	4.669647	-0.197722	9.112455	0.005447	0.003622	0.004104	-0.889928	0.000488	0.456101	-0.009322	-0.999810	-0.017119	0.456006	-0.019487	0.889763
05079	4.682547	-0.172972	9.092319	0.004628	0.004979	0.005676	-0.889941	0.000459	0.456075	-0.009296	-0.999810	-0.017131	0.455980	-0.019485	0.889777
05080	4.680839	-0.187969	9.131982	0.003602	0.004183	0.001963	-0.889951	0.000597	0.456056	-0.009452	-0.999809	-0.017134	0.455959	-0.019559	0.889786
05081	4.668624	-0.197055	9.112993	0.004550	0.000007	0.003700	-0.889941	0.000588	0.456074	-0.009443	-0.999809	-0.017138	0.455977	-0.019558	0.889777
05082	4.712662	-0.176150	9.137584	0.002230	0.002656	0.000690	-0.889914	0.000691	0.456127	-0.009537	-0.999808	-0.017092	0.456028	-0.019560	0.889750
05083	4.668176	-0.196538	9.113234	0.005794	0.004353	0.001666	-0.889925	0.000703	0.456107	-0.009541	-0.999809	-0.017075	0.456008	-0.019547	0.889761
05084	4.679691	-0.186874	9.132594	0.006000	0.006506	0.006951	-0.889902	0.000560	0.456151	-0.009368	-0.999811	-0.017048	0.456055	-0.019445	0.889739
05085	4.684362	-0.154774	9.145280	0.003949	0.004914	-0.000476	-0.889915	0.000594	0.456126	-0.009400	-0.999811	-0.017038	0.456030	-0.019450	0.889752
05086	4.712312	-0.159781	9.099009	0.003730	0.001364	0.005272	-0.889931	0.000914	0.456094	-0.009764	-0.999807	-0.017048	0.455991	-0.019624	0.889768
05087	4.666501	-0.195497	9.114114	0.003129	0.006271	0.001096	-0.889950	0.000933	0.456057	-0.009786	-0.999807	-0.017052	0.455953	-0.019638	0.889787
05088	4.689938	-0.176624	9.152614	0.003642	0.006669	0.002953	-0.889958	0.001049	0.456042	-0.009915	-0.999805	-0.017049	0.455935	-0.019694	0.889795
05089	4.658594	-0.172599	9.107992	0.003603	0.004183	0.001965	-0.889967	0.001059	0.456023	-0.009927	-0.999805	-0.017053	0.455916	-0.019703	0.889805
05090	4.683760	-0.207957	9.140719	0.005488	0.006108	0.005096	-0.889990	0.000929	0.455979	-0.009805	-0.999806	-0.017101	0.455875	-0.019690	0.889826
05091	4.676552	-0.185364	9.134232	0.002397	0.002323	0.004988	-0.889991	0.000907	0.455976	-0.009795	-0.999805	-0.017129	0.455872	-0.019711	0.889827
05092	4.674983	-0.200370	9.173818	0.004936	0.003224	0.002251	-0.889990	0.000988	0.455980	-0.009877	-0.999805	-0.017112	0.455874	-0.019734	0.889826
05093	4.681120	-0.153034	9.146969	0.003950	0.004913	-0.000475	-0.890002	0.001022	0.455955	-0.009909	-0.999805	-0.017102	0.455848	-0.019739	0.889839
05094	4.675691	-0.184521	9.134690	0.004550	0.000007	0.003703	-0.889961	0.001262	0.456035	-0.010133	-0.999804	-0.017007	0.455924	-0.019756	0.889799
05095	4.695754	-0.182322	9.121072	0.003730	0.001365	0.005274	-0.889958	0.001238	0.456041	-0.010115	-0.999804	-0.017025	0.455931	-0.019764	0.889796
05096	4.675245	-0.184208	9.134924	0.003643	0.006669	0.002954	-0.889942	0.001235	0.456073	-0.010096	-0.999805	-0.016993	0.455963	-0.019727	0.889780
05097	4.694904	-0.181930	9.121517	0.005449	0.003622	0.004109	-0.889949	0.001223	0.456059	-0.010080	-0.999805	-0.016990	0.455949	-0.019718	0.889787
05098	4.662403	-0.193127	9.116261	0.001412	0.004013	0.002263	-0.889911	0.001118	0.456133	-0.009956	-0.999806	-0.016974	0.456025	-0.019646	0.889750
05099	4.686066	-0.174310	9.154641	0.003091	0.003784	0.000109	-0.889918	0.001146	0.456118	-0.009987	-0.999806	-0.016973	0.456010	-0.019660	0.889757
05100	4.705880	-0.171972	9.141158	0.004937	0.003224	0.002252	-0.889869	0.000987	0.456216	-0.009775	-0.999809	-0.016904	0.456112	-0.019502	0.889708
05101	4.653372	-0.185029	9.149490	0.005922	0.001534	0.004979	-0.889866	0.000966	0.456221	-0.009750	-0.999810	-0.016901	0.456118	-0.019488	0.889706
05102	4.693305	-0.180690	9.122365	0.002619	0.005872	-0.000760	-0.889914	0.001196	0.456126	-0.010036	-0.999806	-0.016958	0.456017	-0.019669	0.889754
05103	4.672719	-0.182330	9.136254	0.005284	0.003954	-0.000187	-0.889922	0.001227	0.456110	-0.010059	-0.999806	-0.016937	0.456001	-0.019661	0.889762
05104	4.665709	-0.159530	9.129660	0.002705	0.000568	0.001561	-0.889936	0.001710	0.456082	-0.010601	-0.999800	-0.016937	0.455962	-0.019908	0.889777
05105	4.672386	-0.181790	9.136436	0.004077	0.002095	0.002836	-0.889936	0.001711	0.456082	-0.010603	-0.999800	-0.016940	0.455962	-0.019912	0.889777
05106	4.692373	-0.179476	9.122868	0.005410	0.001136	0.003122	-0.889964	0.001645	0.456027	-0.010566	-0.999799	-0.017014	0.455908	-0.019960	0.889803
05107	4.665421	-0.158800	9.129820	0.001333	-0.000959	0.000286	-0.889950	0.001671	0.456055	-0.010604	-0.999799	-0.017030	0.455935	-0.019992	0.889789
05108	4.672191	-0.181059	9.136550	0.005923	0.001535	0.004980	-0.889960	0.001284	0.456036	-0.010222	-0.999801	-0.017134	0.455923	-0.019911	0.889796
05109	4.672183	-0.180816	9.136559	0.003178	-0.001520	0.002431	-0.889944	0.001287	0.456068	-0.010232	-0.999801	-0.017144	0.455955	-0.019924	0.889780
05110	4.685682	-0.156123	9.116117	0.005023	-0.002080	0.004575	-0.889880	0.001611	0.456192	-0.010541	-0.999799	-0.017032	0.456073	-0.019965	0.889719
05111	4.672429	-0.180362	9.136442	0.004550	0.000007	0.003705	-0.889871	0.001603	0.456210	-0.010534	-0.999799	-0.017035	0.456091	-0.019964	0.889709
05112	4.692561	-0.178106	9.122798	0.004550	0.000007	0.003706	-0.889867	0.001000	0.456220	-0.009928	-0.999803	-0.017172	0.456113	-0.019810	0.889702
05113	4.684495	-0.170569	9.155516	0.003178	-0.001520	0.002431	-0.889850	0.001004	0.456252	-0.009938	-0.999803	-0.017182	0.456145	-0.019823	0.889685
05114	4.692759	-0.177722	9.122704	0.003178	-0.001520	0.002431	-0.889855	0.000999	0.456243	-0.009964	-0.999802	-0.017244	0.456135	-0.019891	0.889688
05115	4.672777	-0.179522	9.136280	0.005023	-0.002080	0.004576	-0.889836	0.000981	0.456280	-0.009946	-0.999802	-0.017248	0.456172	-0.019886	0.889669
05116	4.693189	-0.177281	9.122491	0.003138	-0.004006	0.001444	-0.889811	0.001554	0.456327	-0.010561	-0.999797	-0.017188	0.456208	-0.020113	0.889646
05117	4.668108	-0.210987	9.123633	0.000473	-0.002087	0.000870	-0.889791	0.001574	0.456365	-0.010597	-0.999796	-0.017214	0.456245	-0.020154	0.889626
05118	4.654747	-0.165876	9.110084	0.006356	-0.003039	0.004863	-0.889784	0.001703	0.456379	-0.010753	-0.999794	-0.017235	0.456255	-0.020243	0.889619
05119	4.705946	-0.167226	9.141213	0.006703	-0.002310	0.002422	-0.889764	0.001707	0.456418	-0.010748	-0.999794	-0.017213	0.456295	-0.020221	0.889599
05120	4.686023	-0.168838	9.154766	0.004511	-0.002479	0.002719	-0.889741	0.001712	0.456463	-0.010755	-0.999794	-0.017214	0.456339	-0.020225	0.889576
05121	4.687503	-0.153396	9.115227	0.005884	-0.000952	0.003993	-0.889727	0.001700	0.456490	-0.010739	-0.999794	-0.017207	0.456367	-0.020211	0.889562
05122	4.662347	-0.186930	9.116420	0.006010	-0.003768	0.007305	-0.889714	0.001883	0.456514	-0.010945	-0.999792	-0.017208	0.456387	-0.020307	0.889550
05123	4.714718	-0.173236	9.108157	0.005758	0.001864	0.000682	-0.889713	0.001905	0.456516	-0.010960	-0.999792	-0.017187	0.456389	-0.020295	0.889549
05124	4.669386	-0.208708	9.123031	0.004124	-0.005695	0.004173	-0.889679	0.002038	0.456582	-0.011106	-0.999791	-0.017177	0.456452	-0.020353	0.889515
05125	4.675140	-0.176587	9.135129	0.005803	-0.005925	0.002020	-0.889642	0.002046	0.456654	-0.011109	-0.999791	-0.017162	0.456523	-0.020341	0.889479
05126	4.695548	-0.174360	9.121334	0.002359	-0.000161	0.004003	-0.889667	0.002521	0.456603	-0.011657	-0.999784	-0.017195	0.456461	-0.020620	0.889505
05127	4.688925	-0.151792	9.114523	0.003651	-0.003607	0.003303	-0.889641	0.002516	0.456653	-0.011658	-0.999784	-0.017204	0.456511	-0.020629	0.889478
05128	4.702724	-0.196439	9.127870	0.005372	-0.001351	0.002136	-0.889576	0.002372	0.456781	-0.011462	-0.999788	-0.017131	0.456643	-0.020475	0.889414
05129	4.714750	-0.186722	9.146958	0.005412	0.001135	0.003123	-0.889572	0.002370	0.456789	-0.011457	-0.999788	-0.017124	0.456652	-0.020466	0.889410
05130	4.695831	-0.173258	9.121209	0.005413	0.001135	0.003124	-0.889550	0.002521	0.456832	-0.011605	-0.999787	-0.017080	0.456691	-0.020495	0.889389
05131	4.702478	-0.195303	9.128021	0.005759	0.001864	0.000682	-0.889548	0.002544	0.456834	-0.011620	-0.999787	-0.017058	0.456693	-0.020482	0.889388
05132	4.703787	-0.179866	9.088562	0.003179	-0.001520	0.002433	-0.889537	0.002929	0.456853	-0.012042	-0.999782	-0.017036	0.456704	-0.020656	0.889379
05133	4.695780	-0.172241	9.121254	0.005885	-0.000952	0.003995	-0.889523	0.002919	0.456880	-0.012027	-0.999783	-0.017029	0.456731	-0.020643	0.889365
05134	4.675593	-0.174040	9.134945	0.001887	0.001927	0.003132	-0.889543	0.002707	0.456843	-0.011841	-0.999783	-0.017133	0.456697	-0.020650	0.889382
05135	4.683511	-0.181167	9.102309	0.006273	0.002263	0.002541	-0.889544	0.002712	0.456841	-0.011838	-0.999783	-0.017116	0.456696	-0.020633	0.889384
05136	4.727502	-0.160006	9.126915	0.005760	0.001863	0.000683	-0.889525	0.002452	0.456880	-0.011555	-0.999786	-0.017131	0.456740	-0.020517	0.889364
05137	4.689806	-0.202815	9.109316	0.004121	0.004582	0.003823	-0.889537	0.002444	0.456857	-0.011549	-0.999786	-0.017138	0.456718	-0.020522	0.889375
05138	4.706540	-0.161341	9.141013	0.005842	0.006837	0.002657	-0.889516	0.002567	0.456898	-0.011633	-0.999787	-0.017030	0.456757	-0.020464	0.889356
05139	4.673941	-0.172264	9.135825	0.006787	0.002662	0.004400	-0.889518	0.002553	0.456892	-0.011610	-0.999788	-0.017017	0.456752	-0.020441	0.889359
05140	4.693629	-0.169781	9.122408	0.005676	0.007165	-0.001643	-0.889487	0.002789	0.456952	-0.011801	-0.999788	-0.016869	0.456808	-0.020397	0.889331
05141	4.687888	-0.201044	9.110342	0.007648	0.003790	0.003817	-0.889495	0.002782	0.456937	-0.011780	-0.999789	-0.016845	0.456794	-0.020366	0.889339
05142	4.672496	-0.170736	9.136593	0.005843	0.006837	0.002658	-0.889510	0.002933	0.456906	-0.011942	-0.999787	-0.016831	0.456759	-0.020428	0.889356
05143	4.698857	-0.190848	9.129980	0.004469	0.005309	0.001383	-0.889525	0.002950	0.456878	-0.011957	-0.999787	-0.016824	0.456731	-0.020428	0.889370
05144	4.671537	-0.169908	9.137098	0.007134	0.003390	0.001960	-0.889539	0.003472	0.456847	-0.012504	-0.999782	-0.016749	0.456689	-0.020612	0.889388
05145	4.681845	-0.175114	9.195855	0.005802	0.004350	0.001672	-0.889549	0.003487	0.456827	-0.012511	-0.999782	-0.016732	0.456669	-0.020599	0.889398
05146	4.699053	-0.174369	9.091118	0.005802	0.004350	0.001672	-0.889539	0.003625	0.456846	-0.012637	-0.999781	-0.016674	0.456685	-0.020606	0.889390
05147	4.682395	-0.159135	9.156796	0.005802	0.004350	0.001672	-0.889549	0.003639	0.456826	-0.012644	-0.999781	-0.016657	0.456666	-0.020593	0.889400
05148	4.678033	-0.175300	9.105241	0.009370	0.006044	0.002653	-0.889625	0.003538	0.456679	-0.012577	-0.999781	-0.016754	0.456519	-0.020648	0.889474
05149	4.709880	-0.163411	9.110841	0.004900	0.000735	0.001270	-0.889618	0.003556	0.456691	-0.012591	-0.999781	-0.016743	0.456532	-0.020645	0.889468
05150	4.688143	-0.180005	9.164108	0.008162	0.004190	0.005679	-0.889631	0.003333	0.456667	-0.012358	-0.999783	-0.016779	0.456512	-0.020571	0.889479
05151	4.669036	-0.166462	9.138440	0.006788	0.002663	0.004404	-0.889634	0.003319	0.456662	-0.012336	-0.999783	-0.016766	0.456507	-0.020549	0.889482
05152	4.662130	-0.143566	9.131753	0.006746	0.000175	0.003418	-0.889598	0.003174	0.456733	-0.012170	-0.999786	-0.016758	0.456581	-0.020466	0.889446
05153	4.668949	-0.165603	9.138500	0.005372	-0.001352	0.002143	-0.889582	0.003182	0.456764	-0.012175	-0.999786	-0.016747	0.456612	-0.020458	0.889430
05154	4.668986	-0.165306	9.138487	0.005066	0.000408	0.005571	-0.889594	0.002999	0.456742	-0.012015	-0.999786	-0.016837	0.456593	-0.020465	0.889440
05155	4.695879	-0.185351	9.131625	0.008427	-0.000058	0.001266	-0.889584	0.003016	0.456761	-0.012012	-0.999787	-0.016794	0.456613	-0.020427	0.889431
05156	4.684032	-0.194044	9.112476	0.007524	-0.003672	0.000863	-0.889539	0.002961	0.456849	-0.011926	-0.999789	-0.016742	0.456703	-0.020341	0.889387
05157	4.687906	-0.176672	9.164294	0.007650	0.003790	0.003821	-0.889547	0.002953	0.456834	-0.011905	-0.999789	-0.016718	0.456688	-0.020311	0.889395
05158	4.645041	-0.181802	9.100335	0.006192	-0.002713	0.000575	-0.889506	0.003103	0.456912	-0.012043	-0.999789	-0.016656	0.456764	-0.020318	0.889356
05159	4.676115	-0.185048	9.145125	0.005844	-0.003439	0.003017	-0.889481	0.003101	0.456962	-0.012037	-0.999789	-0.016644	0.456814	-0.020305	0.889331
05160	4.671143	-0.216414	9.132695	0.006192	-0.002713	0.000575	-0.889440	0.003446	0.457039	-0.012374	-0.999787	-0.016542	0.456884	-0.020368	0.889293
05161	4.688657	-0.174666	9.163948	0.006192	-0.002713	0.000575	-0.889418	0.003470	0.457082	-0.012388	-0.999787	-0.016516	0.456927	-0.020352	0.889271
05162	4.690203	-0.159171	9.124361	0.005373	-0.001352	0.002144	-0.889360	0.003266	0.457195	-0.012141	-0.999791	-0.016476	0.457046	-0.020204	0.889214
05163	4.689045	-0.173714	9.163768	0.005678	-0.003114	-0.001283	-0.889336	0.003308	0.457243	-0.012175	-0.999791	-0.016446	0.457093	-0.020193	0.889190
05164	4.698803	-0.165548	9.091412	0.008552	-0.002871	0.004583	-0.889325	0.003276	0.457263	-0.012150	-0.999791	-0.016468	0.457113	-0.020201	0.889179
05165	4.723036	-0.146420	9.129455	0.003179	-0.001519	0.002439	-0.889309	0.003281	0.457296	-0.012161	-0.999790	-0.016478	0.457146	-0.020215	0.889162
05166	4.652426	-0.215635	9.145685	0.003442	-0.005768	-0.001974	-0.889269	0.003071	0.457374	-0.011944	-0.999792	-0.016511	0.457229	-0.020146	0.889121
05167	4.679487	-0.166457	9.104659	0.005887	-0.000951	0.004003	-0.889255	0.003060	0.457401	-0.011929	-0.999793	-0.016504	0.457256	-0.020132	0.889107
05168	4.691636	-0.156793	9.123665	0.002666	-0.001920	0.000580	-0.889279	0.003237	0.457354	-0.012171	-0.999788	-0.016590	0.457204	-0.020319	0.889130
05169	4.685038	-0.134015	9.116800	0.004860	-0.001753	0.000286	-0.889261	0.003263	0.457389	-0.012194	-0.999788	-0.016574	0.457238	-0.020316	0.889112
05170	4.691935	-0.155953	9.123526	0.007568	-0.001185	0.001851	-0.889206	0.002929	0.457497	-0.011793	-0.999794	-0.016520	0.457354	-0.020085	0.889058
05171	4.678728	-0.180011	9.143889	0.002319	-0.002645	0.003023	-0.889184	0.002928	0.457540	-0.011803	-0.999794	-0.016540	0.457397	-0.020108	0.889035
05172	4.707215	-0.185354	9.097396	0.002152	-0.002321	-0.001278	-0.889153	0.002863	0.457601	-0.011732	-0.999794	-0.016541	0.457459	-0.020076	0.889004
05173	4.685780	-0.132743	9.116437	0.002152	-0.002321	-0.001278	-0.889132	0.002905	0.457641	-0.011781	-0.999794	-0.016543	0.457498	-0.020100	0.888983
05174	4.699531	-0.177502	9.129902	-0.000042	-0.002488	-0.000985	-0.889062	0.002952	0.457778	-0.011801	-0.999795	-0.016471	0.457636	-0.020046	0.888914
05175	4.680785	-0.164379	9.104030	0.001375	0.001528	0.001275	-0.889058	0.002969	0.457784	-0.011830	-0.999794	-0.016491	0.457641	-0.020077	0.888910
05176	4.704736	-0.145489	9.142207	0.002708	0.000568	0.001565	-0.889082	0.003071	0.457738	-0.011986	-0.999791	-0.016574	0.457591	-0.020222	0.888933
05177	4.672428	-0.156747	9.136878	0.000042	0.002488	0.000984	-0.889083	0.003091	0.457735	-0.012024	-0.999790	-0.016605	0.457588	-0.020267	0.888933
05178	4.638806	-0.182971	9.171039	0.001680	-0.000235	-0.002152	-0.889089	0.002981	0.457725	-0.011940	-0.999790	-0.016681	0.457578	-0.020296	0.888938
05179	4.667098	-0.188554	9.124641	-0.002027	-0.000491	0.004595	-0.889077	0.002964	0.457748	-0.011956	-0.999788	-0.016746	0.457601	-0.020361	0.888924
05180	4.658126	-0.127287	9.162510	-0.004779	-0.013822	0.002409	-0.889015	0.003057	0.457867	-0.012119	-0.999784	-0.016856	0.457717	-0.020534	0.888861
05181	4.648901	-0.191475	9.137290	-0.005807	-0.014624	-0.001307	-0.888938	0.003096	0.458017	-0.012204	-0.999782	-0.016928	0.457864	-0.020638	0.888782
05182	4.630446	-0.194381	9.150081	-0.013512	-0.022276	0.004937	-0.888813	0.003263	0.458258	-0.012460	-0.999777	-0.017050	0.458100	-0.020864	0.888656
05183	4.630121	-0.156581	9.193794	-0.013511	-0.032552	0.005305	-0.888654	0.003232	0.458566	-0.012523	-0.999773	-0.017221	0.458406	-0.021046	0.888493
05184	4.673773	-0.154392	9.164696	-0.018883	-0.041476	0.003534	-0.888442	0.003076	0.458978	-0.012471	-0.999770	-0.017438	0.458819	-0.021217	0.888276
05185	4.617607	-0.162558	9.203577	-0.028124	-0.050333	0.004219	-0.888201	0.003053	0.459444	-0.012610	-0.999763	-0.017734	0.459281	-0.021545	0.888030
05186	4.624534	-0.220261	9.195236	-0.040368	-0.068274	0.007149	-0.887869	0.002855	0.460088	-0.012628	-0.999755	-0.018164	0.459923	-0.021938	0.887688
05187	4.624767	-0.202091	9.184867	-0.045163	-0.084590	0.008620	-0.887470	0.002780	0.460856	-0.012807	-0.999744	-0.018631	0.460687	-0.022437	0.887279
05188	4.626747	-0.254021	9.207635	-0.056698	-0.101081	0.006705	-0.886983	0.002980	0.461793	-0.013329	-0.999728	-0.019149	0.461610	-0.023140	0.886781
05189	4.611365	-0.293809	9.203842	-0.065334	-0.117338	0.010678	-0.886432	0.002876	0.462851	-0.013584	-0.999712	-0.019804	0.462660	-0.023842	0.886215
05190	4.570060	-0.329346	9.245554	-0.080396	-0.145807	0.008238	-0.885727	0.002662	0.464200	-0.013781	-0.999694	-0.020563	0.464003	-0.024610	0.885492
05191	4.590236	-0.306062	9.250284	-0.093389	-0.175179	0.012307	-0.884904	0.002525	0.465767	-0.014154	-0.999669	-0.021473	0.465559	-0.025594	0.884647
05192	4.521984	-0.355919	9.284374	-0.106360	-0.198168	0.026140	-0.883960	0.001996	0.467559	-0.014199	-0.999644	-0.022578	0.467348	-0.026597	0.883674
05193	3.271165	0.375479	10.424094	-0.152238	-0.288624	0.010972	-0.882598	0.001837	0.470125	-0.014864	-0.999601	-0.023999	0.469893	-0.028170	0.882274
05194	4.367969	-0.489037	9.316030	-0.260173	-0.543210	0.034443	-0.879993	0.001012	0.474986	-0.015433	-0.999531	-0.026463	0.474736	-0.030617	0.879595
05195	4.146268	-0.261064	9.915767	-0.250615	-0.572157	0.006013	-0.877252	0.000798	0.480029	-0.016623	-0.999449	-0.028718	0.479742	-0.033172	0.876783
05196	4.303980	-0.680252	9.794148	-0.264890	-0.699940	-0.006508	-0.873867	0.000576	0.486164	-0.017933	-0.999357	-0.031051	0.485834	-0.035853	0.873316
05197	4.209269	-0.761529	9.933659	-0.240790	-0.832703	-0.035116	-0.869774	0.000646	0.493450	-0.019466	-0.999266	-0.033002	0.493066	-0.038309	0.869148
05198	4.426947	-0.908166	9.962590	-0.209904	-0.989995	-0.073326	-0.864793	0.000752	0.502128	-0.020869	-0.999189	-0.034445	0.501695	-0.040267	0.864107
05199	4.732230	-1.183738	9.773108	-0.113583	-1.102731	-0.145336	-0.859165	0.001782	0.511696	-0.022745	-0.999139	-0.034711	0.511193	-0.041460	0.858465
05200	4.740675	-1.003752	9.806102	0.053997	-1.214883	-0.237023	-0.852750	0.003447	0.522308	-0.024220	-0.999164	-0.032948	0.521757	-0.040746	0.852120
05201	4.823706	-0.977409	9.810167	0.150592	-1.313157	-0.353156	-0.845723	0.006478	0.533583	-0.026473	-0.999204	-0.029828	0.532965	-0.039352	0.845222
05202	4.923074	-1.498491	10.192469	0.253215	-1.417049	-0.474312	-0.837912	0.010617	0.545703	-0.029006	-0.999264	-0.025096	0.545035	-0.036857	0.837603
05203	5.150776	-1.908373	10.584282	0.407639	-1.585160	-0.603853	-0.828969	0.016126	0.559062	-0.031839	-0.999324	-0.018385	0.558387	-0.033040	0.828922
05204	5.769698	-2.024368	9.929126	0.622208	-1.694987	-0.734183	-0.819021	0.023093	0.573299	-0.034412	-0.999368	-0.008906	0.572731	-0.027023	0.819298
05205	6.497968	-1.896551	9.966062	0.651319	-1.739359	-0.814335	-0.808628	0.030842	0.587512	-0.037312	-0.999303	0.001105	0.587136	-0.021028	0.809215
05206	6.059834	-1.115870	9.273720	0.713159	-1.643112	-0.882697	-0.798451	0.039446	0.600766	-0.040201	-0.999117	0.012173	0.600716	-0.014432	0.799332
05207	5.961583	-0.362592	8.909367	0.591900	-1.601353	-0.908451	-0.788331	0.048361	0.613348	-0.043865	-0.998787	0.022372	0.613686	-0.009268	0.789496
05208	5.456750	-0.281012	8.834045	0.453468	-1.487227	-0.906081	-0.778545	0.057350	0.624963	-0.048048	-0.998340	0.031758	0.625746	-0.005303	0.780009
05209	4.540154	-0.766270	9.032455	0.347095	-1.306659	-0.858077	-0.769854	0.065892	0.634809	-0.052552	-0.997823	0.039840	0.636053	-0.002690	0.771641
05210	3.289213	-1.558595	9.285452	0.250496	-1.077325	-0.752520	-0.762349	0.073037	0.643032	-0.056043	-0.997329	0.046837	0.644735	-0.000331	0.764406
05211	2.460561	-2.206855	9.497101	0.182247	-0.832495	-0.581506	-0.756603	0.078867	0.649101	-0.059329	-0.996885	0.051968	0.651178	0.000808	0.758925
05212	1.640021	-2.871327	9.818011	0.099818	-0.628300	-0.281233	-0.752174	0.081449	0.653911	-0.060315	-0.996676	0.054764	0.656198	0.001751	0.754587
05213	1.476497	-3.897173	10.376508	0.028942	-0.354284	0.098661	-0.749887	0.080501	0.656650	-0.059434	-0.996753	0.054322	0.658891	0.001707	0.752236
05214	1.428726	-4.684629	10.758337	0.010762	-0.082665	0.567316	-0.749504	0.074876	0.657752	-0.054934	-0.997191	0.050920	0.659717	0.002032	0.751511
05215	3.665524	-3.497760	12.414714	-0.013929	0.242973	1.012200	-0.751606	0.064803	0.656422	-0.047479	-0.997896	0.044151	0.657902	0.002017	0.753101
05216	3.472857	-2.686552	13.073931	-0.153603	0.861445	1.266779	-0.757544	0.052040	0.650706	-0.038475	-0.998644	0.035074	0.651649	0.001534	0.758519
05217	2.406002	-2.081241	12.508931	-0.219658	1.342208	1.334061	-0.766661	0.038733	0.640883	-0.029779	-0.999250	0.024769	0.641362	-0.000095	0.767239
05218	1.588216	-1.625778	11.786888	-0.209298	1.608673	1.254252	-0.776973	0.026201	0.628989	-0.021130	-0.999656	0.015540	0.629179	-0.001216	0.777259
05219	1.897226	-0.980575	11.514426	-0.232273	1.751022	1.109915	-0.788049	0.015173	0.615425	-0.013940	-0.999880	0.006801	0.615454	-0.003220	0.788166
05220	2.445850	-0.417311	11.490832	-0.317126	1.895999	0.960545	-0.799556	0.005440	0.600567	-0.007853	-0.999968	-0.001398	0.600540	-0.005834	0.799573
05221	2.944604	-0.006318	11.471856	-0.471875	2.047741	0.811931	-0.811719	-0.002482	0.584043	-0.004156	-0.999941	-0.010026	0.584033	-0.010565	0.811661
05222	3.222321	0.115836	11.256220	-0.653304	2.188713	0.661555	-0.824318	-0.008803	0.566058	-0.002458	-0.999814	-0.019128	0.566121	-0.017159	0.824143
05223	3.595003	0.052286	11.007167	-0.821958	2.293043	0.490241	-0.837082	-0.013184	0.546919	-0.003009	-0.999584	-0.028701	0.547070	-0.025671	0.836693
05224	4.009302	-0.236035	10.728032	-0.961097	2.361024	0.338726	-0.849802	-0.015917	0.526861	-0.005244	-0.999239	-0.038646	0.527075	-0.035604	0.849072
05225	4.522782	-0.637789	10.456526	-1.060737	2.404842	0.243114	-0.862234	-0.017328	0.506213	-0.008692	-0.998761	-0.048993	0.506435	-0.046643	0.861016
05226	4.753792	-1.087079	10.052319	-1.104306	2.419575	0.212730	-0.874282	-0.018270	0.485074	-0.012237	-0.998144	-0.059649	0.485264	-0.058086	0.872436
05227	4.813244	-1.434205	9.523908	-1.100607	2.389319	0.233226	-0.885645	-0.019044	0.463973	-0.015456	-0.997396	-0.070440	0.464106	-0.069556	0.883044
05228	4.870822	-1.547457	8.985705	-1.077256	2.326610	0.284257	-0.896271	-0.020216	0.443046	-0.017726	-0.996530	-0.081329	0.443153	-0.080746	0.892802
05229	4.926846	-1.449860	8.572046	-1.074957	2.242188	0.342300	-0.906032	-0.021662	0.422655	-0.019340	-0.995527	-0.092481	0.422768	-0.091965	0.901560
05230	5.267581	-1.094870	8.310772	-1.117744	2.168579	0.396977	-0.915082	-0.023572	0.402578	-0.020263	-0.994342	-0.104279	0.402758	-0.103582	0.909427
05231	5.597652	-0.939194	7.927755	-1.207726	2.115717	0.441341	-0.923477	-0.025606	0.382799	-0.020995	-0.992902	-0.117066	0.383080	-0.116144	0.916385
05232	5.738986	-0.929288	7.603331	-1.283521	2.056927	0.478992	-0.931275	-0.027904	0.363246	-0.021279	-0.991194	-0.130697	0.363694	-0.129444	0.922481
05233	6.056359	-0.852238	7.444157	-1.332941	1.978305	0.523384	-0.938387	-0.030363	0.344250	-0.021152	-0.989219	-0.144908	0.344939	-0.143261	0.927628
05234	6.357081	-0.682204	7.312915	-1.358834	1.888892	0.577277	-0.944864	-0.033287	0.325767	-0.020229	-0.986987	-0.159523	0.326838	-0.157318	0.931895
05235	6.525210	-0.591586	7.088488	-1.359424	1.790995	0.641416	-0.950680	-0.036641	0.308003	-0.018517	-0.984522	-0.174278	0.309622	-0.171386	0.935287
05236	6.691362	-0.803031	6.738418	-1.292452	1.650605	0.710723	-0.955789	-0.040732	0.291220	-0.015607	-0.981937	-0.188563	0.293640	-0.184771	0.937889
05237	6.926419	-1.091056	6.732838	-1.168191	1.491223	0.796452	-0.960160	-0.045672	0.275693	-0.011363	-0.979357	-0.201820	0.279219	-0.196912	0.939820
05238	7.590095	-0.956517	6.896939	-1.002560	1.312854	0.928647	-0.963825	-0.052120	0.261390	-0.005157	-0.976864	-0.213797	0.266486	-0.207411	0.941258
05239	3.845409	-2.077045	9.129649	-0.909330	1.152511	1.088187	-0.966838	-0.060268	0.248177	0.002936	-0.974316	-0.225166	0.255374	-0.216970	0.942183
05240	9.140414	-5.016403	-1.958127	0.693223	-0.768954	1.023035	-0.964761	-0.071882	0.253120	0.014602	-0.975106	-0.221256	0.262723	-0.209763	0.941794
05241	10.854602	7.755302	7.143434	1.049018	-0.559668	1.056982	-0.963047	-0.083316	0.256122	0.027535	-0.976425	-0.214095	0.267921	-0.199132	0.942637
05242	14.782002	5.015753	2.636818	0.406809	-1.136278	1.261668	-0.959515	-0.097834	0.264120	0.040724	-0.976071	-0.213606	0.278698	-0.194202	0.940539
05243	15.187514	3.243903	0.120945	0.619348	-1.370430	0.776802	-0.955250	-0.108004	0.275377	0.049887	-0.976446	-0.209915	0.291563	-0.186783	0.938138
05244	8.618585	2.316920	1.946963	1.013076	-1.100130	0.154054	-0.951910	-0.111430	0.285396	0.054261	-0.978106	-0.200908	0.301535	-0.175760	0.937115
05245	2.709864	-1.949139	13.309152	1.272033	-1.359115	-0.075745	-0.947765	-0.112957	0.298299	0.057414	-0.980335	-0.188806	0.313759	-0.161817	0.935612
05246	1.166936	-1.546444	12.281308	1.336738	-1.026248	-0.470145	-0.944770	-0.109854	0.308775	0.057117	-0.982922	-0.174934	0.322719	-0.147636	0.934910
05247	2.431079	0.244454	10.786006	0.894770	-1.498826	-0.538221	-0.940126	-0.106668	0.323706	0.054951	-0.984776	-0.164911	0.336369	-0.137249	0.931675
05248	5.613518	2.268311	11.106803	0.709323	-1.527607	-0.351762	-0.935072	-0.105178	0.338493	0.054010	-0.986089	-0.157202	0.350318	-0.128713	0.927745
05249	6.882479	0.987887	11.493357	0.650734	-1.357832	-0.294710	-0.930383	-0.103939	0.351545	0.053538	-0.987207	-0.150189	0.362658	-0.120912	0.924045
05250	6.830116	-0.792418	12.171093	0.657379	-1.123021	-0.440501	-0.926483	-0.100864	0.362568	0.051805	-0.988425	-0.142593	0.372753	-0.113327	0.920984
05251	7.029536	-1.077488	11.603590	1.160371	-0.842084	-0.641805	-0.923634	-0.095390	0.371217	0.050192	-0.990297	-0.129588	0.379976	-0.101059	0.919459
05252	5.123669	-2.063023	10.067063	0.924963	-0.718583	-0.508516	-0.921129	-0.090999	0.378471	0.048980	-0.991658	-0.119224	0.386163	-0.091283	0.917903
05253	4.636597	-0.950084	9.994938	1.124569	-0.729510	-0.501001	-0.918526	-0.086623	0.385754	0.048705	-0.993063	-0.107023	0.392348	-0.079515	0.916373
05254	5.512360	0.186538	10.158069	0.913591	-0.684466	-0.444932	-0.916032	-0.082665	0.392495	0.048164	-0.994121	-0.096969	0.398204	-0.069922	0.914628
05255	5.148113	0.733986	10.140197	0.789212	-0.575902	-0.378796	-0.913898	-0.079249	0.398133	0.047816	-0.994947	-0.088286	0.403118	-0.061647	0.913069
05256	5.219443	-0.015127	9.942775	0.636924	-0.529918	-0.302208	-0.911888	-0.076509	0.403245	0.047576	-0.995553	-0.081302	0.407672	-0.054953	0.911473
05257	5.697438	-0.179514	10.148994	0.559558	-0.456965	-0.222368	-0.910114	-0.074504	0.407605	0.047798	-0.996012	-0.075330	0.411592	-0.049077	0.910046
05258	5.492605	-0.365149	9.799961	0.402703	-0.320104	-0.149188	-0.908857	-0.073127	0.410647	0.048042	-0.996312	-0.071093	0.414331	-0.044885	0.909019
05259	4.881584	-0.564363	9.750479	0.360179	-0.264927	-0.106638	-0.907800	-0.072150	0.413152	0.048525	-0.996545	-0.067407	0.416588	-0.041144	0.908164
05260	4.762823	-0.453757	9.554654	0.327093	-0.222430	-0.090180	-0.906908	-0.071297	0.415252	0.049009	-0.996739	-0.064099	0.418468	-0.037781	0.907445
05261	4.757288	0.141708	9.719270	0.259508	-0.191606	-0.057084	-0.906124	-0.070769	0.417050	0.049535	-0.996875	-0.061534	0.420101	-0.035099	0.906798
05262	4.470792	-0.053711	9.530713	0.199785	-0.162817	-0.032790	-0.905449	-0.070457	0.418568	0.050018	-0.996967	-0.059619	0.421499	-0.033047	0.906227
05263	4.358578	-0.371412	9.439584	0.187086	-0.167338	-0.014286	-0.904741	-0.070339	0.420115	0.050634	-0.997038	-0.057891	0.422943	-0.031104	0.905622
05264	4.434633	-0.538589	9.383528	0.158188	-0.162213	-0.006848	-0.904050	-0.070283	0.421609	0.051184	-0.997092	-0.056462	0.424352	-0.029465	0.905018
05265	4.370084	-0.828955	9.282086	0.150197	-0.156922	-0.005936	-0.903377	-0.070240	0.423056	0.051724	-0.997140	-0.055104	0.425716	-0.027897	0.904427
05266	4.307078	-0.709192	9.248193	0.157284	-0.155953	-0.009007	-0.902710	-0.070153	0.424492	0.052255	-0.997190	-0.053676	0.427065	-0.026272	0.903839
05267	4.361010	-0.747493	9.210965	0.154754	-0.160656	-0.015089	-0.902022	-0.070015	0.425975	0.052736	-0.997241	-0.052240	0.428457	-0.024657	0.903225
05268	4.385263	-0.553578	9.274274	0.150167	-0.146402	-0.016288	-0.901395	-0.069848	0.427327	0.053173	-0.997290	-0.050847	0.429720	-0.023111	0.902666
05269	4.269470	-0.481724	9.292673	0.138278	-0.160311	-0.013129	-0.900703	-0.069724	0.428803	0.053605	-0.997331	-0.049569	0.431115	-0.021661	0.902037
05270	4.354681	-0.567299	9.255670	0.131029	-0.175801	-0.014022	-0.899944	-0.069581	0.430417	0.053985	-0.997370	-0.048360	0.432650	-0.020285	0.901334
05271	4.338851	-0.468100	9.383969	0.126882	-0.173523	-0.012234	-0.899190	-0.069464	0.432009	0.054380	-0.997405	-0.047189	0.434166	-0.018939	0.900634
05272	4.391850	-0.659307	9.198346	0.126255	-0.191575	-0.010474	-0.898355	-0.069356	0.433760	0.054776	-0.997437	-0.046040	0.435841	-0.017601	0.899852
05273	4.496609	-0.534595	9.240228	0.130614	-0.191090	-0.015205	-0.897520	-0.069207	0.435508	0.055164	-0.997471	-0.044824	0.437509	-0.016206	0.899068
05274	4.399138	-0.532858	9.278716	0.120616	-0.187644	-0.017614	-0.896700	-0.069021	0.437224	0.055474	-0.997504	-0.043696	0.439148	-0.014927	0.898291
05275	4.389460	-0.553413	9.271720	0.106945	-0.200927	-0.016523	-0.895817	-0.068856	0.439058	0.055752	-0.997532	-0.042688	0.440913	-0.013763	0.897444
05276	4.412264	-0.527581	9.223544	0.119414	-0.218136	-0.020674	-0.894857	-0.068638	0.441044	0.056034	-0.997564	-0.041558	0.442822	-0.012476	0.896523
05277	4.400228	-0.525816	9.208251	0.094199	-0.229435	-0.023459	-0.893843	-0.068403	0.443132	0.056197	-0.997592	-0.040636	0.444845	-0.011419	0.895535
05278	4.402234	-0.381814	9.305725	0.106100	-0.242783	-0.024898	-0.892767	-0.068141	0.445336	0.056386	-0.997623	-0.039608	0.446976	-0.010250	0.894487
05279	4.874481	-0.372718	9.223329	0.097242	-0.253751	-0.018691	-0.891631	-0.067950	0.447634	0.056610	-0.997647	-0.038680	0.449209	-0.009147	0.893380
05280	4.758651	-0.297405	9.271209	0.080492	-0.217338	-0.013681	-0.890653	-0.067792	0.449600	0.056790	-0.997665	-0.037932	0.451122	-0.008251	0.892424
05281	4.827490	-0.428887	9.199494	0.076037	-0.206204	-0.007247	-0.889716	-0.067707	0.451465	0.057023	-0.997678	-0.037245	0.452938	-0.007394	0.891511
05282	5.503503	-0.235923	9.392941	0.086383	-0.170122	-0.007361	-0.888941	-0.067605	0.453004	0.057289	-0.997691	-0.036474	0.454424	-0.006471	0.890762
05283	4.520951	-0.457045	9.206291	0.053823	-0.107771	0.000203	-0.888442	-0.067585	0.453987	0.057490	-0.997696	-0.036020	0.455375	-0.005902	0.890280
05284	4.858324	-0.269387	9.214408	0.065006	-0.089557	0.014436	-0.888017	-0.067693	0.454800	0.057852	-0.997692	-0.035539	0.456156	-0.005248	0.889884
05285	4.837690	-0.522278	9.160781	0.055784	-0.097371	0.012612	-0.887556	-0.067794	0.455684	0.058173	-0.997688	-0.035124	0.457012	-0.004666	0.889448
05286	4.690477	-0.437915	9.190733	0.038382	-0.069837	0.006253	-0.887225	-0.067818	0.456324	0.058341	-0.997688	-0.034843	0.457632	-0.004292	0.889131
05287	4.709607	-0.466426	9.162285	0.029174	-0.068085	0.006491	-0.886901	-0.067856	0.456950	0.058486	-0.997687	-0.034638	0.458243	-0.003995	0.888818
05288	4.694922	-0.333030	9.174787	0.025266	-0.065070	0.005559	-0.886591	-0.067872	0.457547	0.058587	-0.997687	-0.034471	0.458828	-0.003755	0.888517
05289	4.708384	-0.379950	9.095102	0.020195	-0.058558	0.005302	-0.886310	-0.067898	0.458088	0.058681	-0.997686	-0.034340	0.459360	-0.003555	0.888243
05290	4.630162	-0.433769	9.142526	0.019380	-0.054364	0.003475	-0.886050	-0.067892	0.458591	0.058737	-0.997687	-0.034216	0.459853	-0.003380	0.887989
05291	4.650872	-0.539978	9.117359	0.028022	-0.057996	-0.006594	-0.885778	-0.067799	0.459130	0.058762	-0.997694	-0.033961	0.460374	-0.003102	0.887719
