// General information: 
//  MT Manager version: 2022.2.0 
//  XDA version: 2022.2.0 build 7381 rev 124627 built on 2023-07-19
// Device information: 
//  DeviceId: 00B4CBA7
//  ProductCode: MTW2-3A7G6
//  Firmware Version: 4.6.0
//  Hardware Version: 2.0.0
// Device settings: 
//  Filter Profile: human(46.1)
//  Option Flags: Orientation Smoother Disabled, Position/Velocity Smoother Disabled, Continuous Zero Rotation Update Disabled, AHS Disabled, ICC Disabled
// Coordinate system: ENU
PacketCounter	Acc_X	Acc_Y	Acc_Z	Gyr_X	Gyr_Y	Gyr_Z	Mat[1][1]	Mat[2][1]	Mat[3][1]	Mat[1][2]	Mat[2][2]	Mat[3][2]	Mat[1][3]	Mat[2][3]	Mat[3][3]
29768	8.032973	0.123119	-5.077477	1.327088	3.737815	-1.113322	-0.258465	-0.157193	0.953145	-0.639911	0.767008	-0.047030	-0.723678	-0.622084	-0.298835
29769	8.070846	0.075609	-4.833129	1.254421	3.820866	-1.147066	-0.223328	-0.141888	0.964361	-0.651778	0.757381	-0.039504	-0.724783	-0.637371	-0.261624
29770	8.166776	-0.132672	-4.515589	1.177472	3.889166	-1.195450	-0.187176	-0.125775	0.974241	-0.662894	0.748081	-0.030780	-0.724940	-0.651579	-0.223398
29771	8.448263	0.069098	-4.052772	1.061901	3.968868	-1.257203	-0.149957	-0.109028	0.982663	-0.672723	0.739607	-0.020598	-0.724539	-0.664149	-0.184255
29772	8.519277	0.536018	-4.109890	0.842446	4.048061	-1.299741	-0.111749	-0.091447	0.989520	-0.680635	0.732565	-0.009166	-0.724050	-0.674526	-0.144106
29773	8.861319	0.895761	-4.206710	0.535954	4.074736	-1.303905	-0.073276	-0.073344	0.994611	-0.685733	0.727847	0.003152	-0.724156	-0.681806	-0.103628
29774	9.326774	0.962213	-3.767171	0.290273	4.018057	-1.276789	-0.035316	-0.055075	0.997857	-0.688614	0.724959	0.015642	-0.724267	-0.686587	-0.063528
29775	9.411741	1.062975	-1.489493	0.087967	3.898443	-1.250812	0.001598	-0.037331	0.999302	-0.689469	0.723768	0.028140	-0.724313	-0.689032	-0.024582
29776	11.333035	0.395872	0.881084	-0.210439	3.668305	-1.215900	0.036632	-0.020821	0.999112	-0.687780	0.724798	0.040321	-0.724994	-0.688646	0.012230
29777	11.916221	1.374212	0.143649	-0.389401	3.536126	-1.173512	0.070391	-0.005041	0.997507	-0.684331	0.727318	0.051967	-0.725766	-0.686282	0.047747
29778	9.517934	0.632007	0.497456	-1.257823	2.960902	-0.998931	0.098829	0.007886	0.995073	-0.674383	0.735845	0.061146	-0.731738	-0.677104	0.078041
29779	8.386936	-0.028867	0.232060	-1.337763	2.317692	-0.800302	0.121271	0.017524	0.992465	-0.663671	0.744933	0.067942	-0.738129	-0.666910	0.101969
29780	7.559440	-0.469193	0.070984	-1.127276	1.720342	-0.569733	0.137839	0.024708	0.990146	-0.654648	0.752463	0.072357	-0.743261	-0.658171	0.119894
29781	6.771785	-1.054591	-0.753860	-0.763471	1.130933	-0.287878	0.148193	0.029930	0.988505	-0.648548	0.757540	0.074291	-0.746609	-0.652103	0.131673
29782	6.867443	-0.513550	-1.170712	-0.399099	0.586668	-0.098754	0.153281	0.033050	0.987630	-0.645481	0.760111	0.074743	-0.748238	-0.648953	0.137844
29783	6.345461	0.018064	-1.737899	-0.310688	0.147291	0.069631	0.153989	0.034519	0.987469	-0.643259	0.762096	0.073671	-0.750003	-0.646543	0.139559
29784	6.680091	-0.651281	-2.448648	-0.272272	-0.224256	0.231656	0.150878	0.034883	0.987937	-0.641625	0.763723	0.071022	-0.752033	-0.644601	0.137611
29785	6.636869	-1.256476	-3.730596	-0.294149	-0.645754	0.318317	0.144026	0.033147	0.989019	-0.639878	0.765504	0.067526	-0.754860	-0.642576	0.131462
29786	7.182072	-2.828522	-4.936289	-0.172061	-0.893883	0.360655	0.135019	0.030203	0.990383	-0.639129	0.766452	0.063759	-0.757156	-0.641591	0.122789
29787	7.944639	-3.388340	-5.220023	0.391576	-0.963618	0.420266	0.125088	0.027205	0.991773	-0.642638	0.763809	0.060101	-0.755890	-0.644869	0.113027
29788	10.443231	-2.416668	-2.530022	0.943794	-0.957166	0.406342	0.115299	0.024111	0.993038	-0.650277	0.757548	0.057108	-0.750897	-0.652335	0.103023
29789	12.766887	-0.170982	1.243313	1.543507	-0.696336	0.228380	0.108657	0.021233	0.993853	-0.662052	0.747331	0.056416	-0.741539	-0.664112	0.095260
29790	14.241645	1.038494	2.747799	1.376779	-0.671803	0.121106	0.102942	0.017661	0.994531	-0.672372	0.738055	0.056490	-0.733020	-0.674510	0.087851
29791	13.398723	2.066391	1.091537	0.932475	-0.722949	0.270881	0.095885	0.014737	0.995283	-0.679452	0.731683	0.054624	-0.727427	-0.681485	0.080171
29792	12.246803	3.105803	-0.496979	0.595785	-0.982480	0.544258	0.085091	0.012015	0.996301	-0.684310	0.727498	0.049671	-0.724210	-0.686005	0.070125
29793	10.872336	4.486600	-1.850808	0.401686	-1.277227	0.706576	0.071059	0.008353	0.997437	-0.687769	0.724659	0.042929	-0.722443	-0.689057	0.057238
29794	10.521830	4.710349	-2.178555	0.299143	-1.394590	0.743380	0.055918	0.004109	0.998427	-0.690418	0.722530	0.035694	-0.721246	-0.691328	0.043239
29795	9.616074	3.414005	-2.205581	0.088771	-1.313577	0.713121	0.041571	0.000162	0.999136	-0.691410	0.721895	0.028650	-0.721266	-0.692003	0.030122
29796	9.284147	2.582359	-2.038716	-0.260143	-1.227640	0.694182	0.027959	-0.003326	0.999604	-0.689766	0.723707	0.021701	-0.723492	-0.690099	0.017940
29797	9.689499	1.387624	-1.905113	-0.752445	-1.168900	0.683255	0.014830	-0.006409	0.999869	-0.684453	0.728906	0.014824	-0.728906	-0.684584	0.006423
29798	9.743813	-0.914271	-2.061036	-0.974498	-1.085144	0.630473	0.002639	-0.009219	0.999954	-0.677348	0.735613	0.008569	-0.735658	-0.677339	-0.004303
29799	10.099250	-2.222407	-1.478867	-0.862229	-1.075892	0.555934	-0.009001	-0.012378	0.999883	-0.670969	0.741479	0.003139	-0.741431	-0.670862	-0.014980
29800	10.416388	-3.088290	-1.306939	-0.907124	-0.982241	0.503944	-0.019632	-0.015218	0.999691	-0.664121	0.747623	-0.001661	-0.747367	-0.663949	-0.024784
29801	10.063785	-3.934625	-1.435182	-0.804950	-0.845717	0.456877	-0.028941	-0.017392	0.999430	-0.657981	0.753011	-0.005949	-0.752478	-0.657778	-0.033237
29802	9.812919	-3.939052	-1.952388	-0.417367	-0.773720	0.341440	-0.036972	-0.019921	0.999118	-0.654713	0.755822	-0.009158	-0.754972	-0.654474	-0.040987
29803	9.377060	-3.131191	-2.071879	0.071370	-0.706385	0.238757	-0.043813	-0.022755	0.998781	-0.655164	0.755399	-0.011529	-0.754215	-0.654870	-0.048004
29804	9.772584	-1.139340	-1.187496	0.483930	-0.733524	0.286668	-0.051179	-0.025432	0.998366	-0.658666	0.752294	-0.014602	-0.750693	-0.658337	-0.055252
29805	9.703378	-0.136514	-1.095029	0.504373	-0.688793	0.309855	-0.058330	-0.027666	0.997914	-0.662282	0.749040	-0.017945	-0.746981	-0.661947	-0.062014
29806	9.770178	0.012364	-0.940906	0.466602	-0.671450	0.303505	-0.065313	-0.029873	0.997418	-0.665572	0.746032	-0.021239	-0.743471	-0.665240	-0.068608
29807	9.746122	0.389722	-1.085911	0.447292	-0.648623	0.311952	-0.072152	-0.031888	0.996884	-0.668685	0.743138	-0.024626	-0.740037	-0.668378	-0.074942
29808	9.795994	0.674166	-1.010636	0.337949	-0.657226	0.325871	-0.079153	-0.033892	0.996286	-0.670930	0.740988	-0.028097	-0.737284	-0.670663	-0.081391
29809	9.813206	0.487082	-0.980749	0.297601	-0.617503	0.342969	-0.085948	-0.035515	0.995666	-0.672848	0.739101	-0.031719	-0.734771	-0.672658	-0.087420
29810	9.673569	0.555261	-0.819856	0.158086	-0.619165	0.347590	-0.092797	-0.037140	0.994992	-0.673688	0.738173	-0.035277	-0.733166	-0.673588	-0.093520
29811	9.618862	-0.100851	-0.763350	0.103501	-0.630658	0.351858	-0.099734	-0.038805	0.994257	-0.674118	0.737602	-0.038832	-0.731859	-0.674120	-0.099723
29812	9.674413	-0.154241	-0.503118	0.130675	-0.641834	0.351654	-0.106762	-0.040567	0.993457	-0.674702	0.736870	-0.042417	-0.730328	-0.674816	-0.106040
29813	9.657323	-0.142755	-0.255714	0.086460	-0.653485	0.360706	-0.113910	-0.042333	0.992589	-0.674946	0.736429	-0.046049	-0.729021	-0.675190	-0.112460
29814	9.713128	-0.338985	-0.099485	0.011184	-0.681116	0.359537	-0.121262	-0.044307	0.991631	-0.674600	0.736516	-0.049585	-0.728156	-0.674967	-0.119201
29815	9.698695	-0.820297	-0.083104	-0.049510	-0.715010	0.352892	-0.128792	-0.046543	0.990579	-0.673810	0.737003	-0.052978	-0.727594	-0.674285	-0.126281
29816	9.747907	-1.124810	-0.070405	-0.049322	-0.748007	0.334293	-0.136445	-0.049139	0.989428	-0.673008	0.737498	-0.056182	-0.726941	-0.673559	-0.133699
29817	9.670034	-1.108412	-0.170390	0.000160	-0.777793	0.319264	-0.144189	-0.052035	0.988181	-0.672574	0.737651	-0.059295	-0.725847	-0.673174	-0.141358
29818	9.633622	-0.813732	-0.312931	-0.010497	-0.802862	0.304934	-0.152022	-0.055202	0.986834	-0.672051	0.737883	-0.062254	-0.724732	-0.672667	-0.149274
29819	9.510037	-0.945983	-0.759635	-0.089311	-0.819630	0.286409	-0.159830	-0.058610	0.985403	-0.670971	0.738638	-0.064897	-0.724053	-0.671549	-0.157382
29820	9.633030	-1.208812	-1.289765	-0.138794	-0.823219	0.269549	-0.167554	-0.062151	0.983902	-0.669539	0.739722	-0.067293	-0.723632	-0.670036	-0.165556
29821	9.820085	-1.331508	-1.892217	-0.127178	-0.809354	0.252139	-0.175042	-0.065715	0.982365	-0.668201	0.740726	-0.069513	-0.723096	-0.668585	-0.173569
29822	9.894136	-1.314482	-2.436197	-0.147756	-0.785427	0.242312	-0.182297	-0.069174	0.980807	-0.666717	0.741864	-0.071597	-0.722673	-0.666973	-0.181359
29823	9.632703	-1.206828	-2.734961	-0.185652	-0.761632	0.214575	-0.189176	-0.072666	0.979251	-0.664992	0.743244	-0.073313	-0.722494	-0.665063	-0.188927
29824	9.501340	-0.903528	-2.647548	-0.329958	-0.697943	0.142889	-0.195131	-0.076246	0.977809	-0.662348	0.745528	-0.074044	-0.723339	-0.662099	-0.195977
29825	9.462209	-2.041281	-3.087483	-0.261369	-0.735145	0.135378	-0.201292	-0.080107	0.976250	-0.660204	0.747352	-0.074802	-0.723611	-0.659581	-0.203323
29826	9.690202	-1.566699	-2.699893	-0.084185	-0.698685	0.129121	-0.207159	-0.083758	0.974715	-0.659347	0.748002	-0.075857	-0.722735	-0.658390	-0.210181
29827	9.465416	-1.193579	-2.466368	-0.013956	-0.665618	0.112099	-0.212651	-0.087313	0.973219	-0.659027	0.748180	-0.076876	-0.721431	-0.657726	-0.216643
29828	9.444671	-1.042489	-2.238577	0.026743	-0.647930	0.116491	-0.218052	-0.090713	0.971712	-0.658986	0.748096	-0.078038	-0.719855	-0.657361	-0.222903
29829	9.330504	-0.892480	-1.974007	0.051056	-0.636728	0.109391	-0.223298	-0.094094	0.970198	-0.659127	0.747852	-0.079173	-0.718115	-0.657163	-0.229014
29830	9.269702	-0.722789	-1.657071	0.062589	-0.643591	0.108777	-0.228595	-0.097521	0.968625	-0.659349	0.747531	-0.080345	-0.716242	-0.657029	-0.235182
29831	9.307907	-0.381011	-1.414534	0.095160	-0.636804	0.113918	-0.233848	-0.100868	0.967027	-0.659783	0.747009	-0.081632	-0.714144	-0.657117	-0.241237
29832	9.450699	-0.279914	-1.170664	0.049559	-0.669995	0.121451	-0.239390	-0.104373	0.965297	-0.659871	0.746792	-0.082898	-0.712224	-0.656816	-0.247647
29833	9.426893	-0.093686	-0.876856	0.047526	-0.695107	0.135749	-0.245177	-0.107937	0.963451	-0.659897	0.746614	-0.084285	-0.710229	-0.656443	-0.254280
29834	9.219236	-0.183226	-0.468722	-0.024429	-0.751124	0.147960	-0.251441	-0.111768	0.961398	-0.659380	0.746918	-0.085618	-0.708516	-0.655455	-0.261504
29835	9.254088	-0.431633	-0.259858	-0.076119	-0.806641	0.161012	-0.258158	-0.115860	0.959130	-0.658449	0.747589	-0.086921	-0.706965	-0.653977	-0.269284
29836	9.141413	-0.615009	-0.119070	-0.118390	-0.844037	0.173307	-0.265216	-0.120082	0.956682	-0.657192	0.748541	-0.088234	-0.705521	-0.652124	-0.277442
29837	9.044164	-0.959457	-0.169428	-0.166682	-0.911883	0.194265	-0.272866	-0.124576	0.953952	-0.655512	0.749853	-0.089578	-0.704164	-0.649770	-0.286271
29838	8.953771	-1.464769	-0.447216	-0.174079	-0.966416	0.202463	-0.280941	-0.129327	0.950971	-0.653771	0.751203	-0.090981	-0.702606	-0.647277	-0.295594
29839	8.946242	-1.712697	-0.828684	-0.111716	-1.028256	0.212226	-0.289489	-0.134390	0.947700	-0.652401	0.752194	-0.092619	-0.700407	-0.645092	-0.305428
29840	9.244821	-1.495714	-1.270434	-0.107985	-1.081871	0.218324	-0.298424	-0.139714	0.944152	-0.651060	0.753141	-0.094336	-0.697899	-0.642852	-0.315718
29841	9.751247	-1.432732	-2.468796	-0.000564	-1.079040	0.226888	-0.307362	-0.144948	0.940489	-0.650389	0.753455	-0.096432	-0.694639	-0.641323	-0.325856
29842	9.530337	-0.585486	-3.209930	0.001830	-1.079245	0.244325	-0.316374	-0.150018	0.936697	-0.649704	0.753749	-0.098723	-0.691225	-0.639810	-0.335935
29843	9.474623	-0.911732	-4.021571	-0.150595	-1.126520	0.244322	-0.325680	-0.155381	0.932625	-0.647902	0.755071	-0.100453	-0.688590	-0.636965	-0.346584
29844	9.514189	-1.660672	-4.688149	-0.163288	-1.114506	0.192974	-0.334535	-0.161006	0.928528	-0.646206	0.756361	-0.101666	-0.685933	-0.634031	-0.357072
29845	9.225036	-2.020499	-5.174258	-0.039807	-1.098186	0.148612	-0.342958	-0.166848	0.924414	-0.645451	0.756844	-0.102859	-0.682475	-0.631941	-0.367258
29846	9.182752	-1.751681	-5.036731	0.019519	-1.091898	0.096430	-0.350958	-0.173013	0.920269	-0.645311	0.756833	-0.103812	-0.678530	-0.630293	-0.377263
29847	9.126960	-1.547991	-4.717023	0.054726	-1.059830	0.077365	-0.358576	-0.179114	0.916156	-0.645429	0.756612	-0.104693	-0.674422	-0.628854	-0.386908
29848	8.979920	-1.050325	-4.430722	0.109727	-1.008646	0.065854	-0.365731	-0.184959	0.912157	-0.645988	0.755992	-0.105717	-0.670030	-0.627907	-0.395971
29849	9.130456	-0.614870	-3.668001	0.018658	-1.011430	0.049749	-0.372759	-0.190940	0.908071	-0.645952	0.755954	-0.106206	-0.666181	-0.626159	-0.405127
29850	9.884605	-0.959757	-2.897758	-0.040817	-1.072949	0.035737	-0.380067	-0.197381	0.903654	-0.645605	0.756230	-0.106354	-0.662378	-0.623825	-0.414848
29851	10.603174	-0.509810	-2.219563	0.014825	-1.105544	0.015102	-0.387413	-0.204167	0.899014	-0.645668	0.756153	-0.106515	-0.658046	-0.621730	-0.424768
29852	11.154714	-0.162571	-1.696576	-0.000037	-1.162174	0.007508	-0.395027	-0.211328	0.894032	-0.645704	0.756114	-0.106576	-0.653468	-0.619380	-0.435141
29853	11.425478	0.450717	-1.075520	-0.068998	-1.257868	0.004010	-0.403195	-0.219084	0.888502	-0.645262	0.756534	-0.106271	-0.648900	-0.616165	-0.446397
29854	11.666893	0.985330	-0.050535	-0.216279	-1.382792	-0.000658	-0.412070	-0.227583	0.882272	-0.643942	0.757795	-0.105283	-0.644621	-0.611516	-0.458815
29855	11.494373	1.109289	1.114026	-0.382441	-1.539137	-0.007771	-0.421863	-0.237020	0.875131	-0.641542	0.760088	-0.103398	-0.640669	-0.605052	-0.472711
29856	11.740999	1.560686	1.978595	-0.516957	-1.687865	-0.008780	-0.432511	-0.247239	0.867068	-0.638370	0.763095	-0.100840	-0.636724	-0.597125	-0.487877
29857	11.774826	2.257746	2.091803	-0.681491	-1.770005	0.015786	-0.443803	-0.257618	0.858296	-0.633999	0.767155	-0.097563	-0.633312	-0.587457	-0.503795
29858	11.475314	2.586531	1.721254	-1.003192	-1.820548	0.070466	-0.455667	-0.267667	0.848953	-0.627452	0.773077	-0.093035	-0.631404	-0.575070	-0.520214
29859	11.351917	2.240610	0.947052	-1.324630	-1.864920	0.121273	-0.468147	-0.277324	0.839005	-0.618557	0.780906	-0.087022	-0.631051	-0.559711	-0.537120
29860	11.169763	1.688622	0.507089	-1.520907	-1.894409	0.151246	-0.480926	-0.286592	0.828599	-0.608370	0.789612	-0.079996	-0.631345	-0.542566	-0.554098
29861	11.026540	0.954081	-0.342687	-1.638342	-1.900488	0.175341	-0.493940	-0.295354	0.817795	-0.597194	0.798842	-0.072190	-0.631967	-0.524040	-0.570964
29862	10.869131	0.589743	-1.226799	-1.685046	-1.861373	0.190590	-0.506717	-0.303422	0.806953	-0.585735	0.807972	-0.064000	-0.632576	-0.505091	-0.587138
29863	10.795242	0.026823	-2.161332	-1.686209	-1.799206	0.209946	-0.519275	-0.310653	0.796146	-0.574016	0.816953	-0.055622	-0.633135	-0.485883	-0.602543
29864	10.893276	-0.826712	-3.493944	-1.565499	-1.667990	0.228768	-0.531005	-0.316760	0.785937	-0.563069	0.825019	-0.047917	-0.633235	-0.467981	-0.616447
29865	10.528008	-0.794802	-4.271685	-1.458047	-1.637061	0.268503	-0.542819	-0.322077	0.775638	-0.552430	0.832556	-0.040899	-0.632589	-0.450686	-0.629852
29866	10.820832	-1.346256	-5.782418	-1.437747	-1.844465	0.351521	-0.556249	-0.327325	0.763836	-0.541605	0.839926	-0.034482	-0.630279	-0.432878	-0.644488
29867	11.033483	-0.983706	-4.711181	-0.941246	-2.025923	0.409347	-0.571110	-0.332522	0.750508	-0.533426	0.845263	-0.031414	-0.623931	-0.418281	-0.660115
29868	11.303648	-0.995911	-6.614768	-1.160646	-1.894737	0.370671	-0.584699	-0.337203	0.737849	-0.524274	0.851138	-0.026478	-0.619083	-0.402317	-0.674446
29869	10.376232	-1.285109	-6.625715	-1.007174	-1.918362	0.381344	-0.598458	-0.341546	0.724703	-0.515846	0.856389	-0.022376	-0.612985	-0.387226	-0.688698
29870	9.814294	-1.138350	-7.505761	-0.936410	-1.789423	0.391205	-0.611222	-0.345053	0.712282	-0.507987	0.861161	-0.018738	-0.606924	-0.373283	-0.701643
29871	8.389016	-1.142347	-8.061425	-0.870787	-1.566689	0.375093	-0.622539	-0.347589	0.701161	-0.500445	0.865635	-0.015205	-0.601665	-0.360359	-0.712840
29872	7.033976	-1.031783	-8.304633	-0.670322	-1.399907	0.407203	-0.632793	-0.349101	0.691160	-0.494103	0.869302	-0.013298	-0.596184	-0.349919	-0.722580
29873	5.998073	-0.616362	-8.857560	-0.604781	-1.182228	0.428707	-0.641878	-0.349476	0.682539	-0.487814	0.872868	-0.011824	-0.591634	-0.340541	-0.730754
29874	5.574057	-0.079368	-8.900938	-0.761089	-1.013951	0.399510	-0.649646	-0.349463	0.675156	-0.480970	0.876691	-0.009019	-0.588751	-0.330589	-0.737620
29875	5.776606	-1.967408	-9.168414	-0.994393	-0.764050	0.324454	-0.655651	-0.349122	0.669503	-0.473034	0.881036	-0.003818	-0.588524	-0.319201	-0.742799
29876	5.435109	-4.667127	-9.177772	-0.318800	-0.547416	0.260954	-0.659951	-0.348639	0.665519	-0.469671	0.882836	-0.003259	-0.586408	-0.314726	-0.746374
29877	6.902949	-4.575302	-7.553824	0.929360	-0.244490	0.218984	-0.662370	-0.347516	0.663701	-0.473681	0.880619	-0.011637	-0.580424	-0.322090	-0.747908
29878	7.309139	-2.726277	-5.756066	1.693702	0.310859	0.167611	-0.661226	-0.345107	0.666095	-0.482600	0.875470	-0.025487	-0.574350	-0.338310	-0.745432
29879	6.906717	-1.247228	-6.224301	1.619392	0.824168	0.144410	-0.657165	-0.341016	0.672193	-0.490966	0.870330	-0.038455	-0.571916	-0.355295	-0.739377
29880	6.274182	-1.118006	-7.034450	1.438975	1.184050	0.087410	-0.650666	-0.336038	0.680964	-0.498888	0.865239	-0.049718	-0.572490	-0.372075	-0.730627
29881	6.109608	-1.079373	-7.239667	1.406550	1.460257	-0.006150	-0.642217	-0.330560	0.691584	-0.507033	0.859846	-0.059855	-0.574870	-0.389095	-0.719812
29882	6.776107	-1.279427	-6.933547	1.542675	1.695867	-0.120307	-0.631673	-0.324907	0.703864	-0.516947	0.853141	-0.070113	-0.577715	-0.408149	-0.706866
29883	7.123352	-1.075397	-6.721194	1.721401	2.000163	-0.250668	-0.618729	-0.318685	0.718062	-0.528525	0.845107	-0.080342	-0.581236	-0.429224	-0.691326
29884	7.138349	-0.635572	-6.511685	1.720700	2.305363	-0.392253	-0.603022	-0.311897	0.734224	-0.541218	0.836125	-0.089321	-0.586044	-0.451238	-0.673006
29885	6.933548	-0.187916	-6.160300	1.548862	2.553642	-0.502412	-0.585176	-0.304309	0.751641	-0.553367	0.827407	-0.095830	-0.592751	-0.472010	-0.652574
29886	6.924807	-0.086124	-6.157935	1.290953	2.791265	-0.626975	-0.564851	-0.296073	0.770250	-0.564926	0.819131	-0.099418	-0.601500	-0.491290	-0.629946
29887	6.804524	-0.129317	-6.180070	1.130073	3.001731	-0.743330	-0.542355	-0.287134	0.789560	-0.575929	0.811290	-0.100574	-0.611684	-0.509277	-0.605376
29888	6.944977	-0.163830	-6.135807	1.053328	3.158383	-0.836562	-0.517856	-0.277549	0.809192	-0.587093	0.803295	-0.100194	-0.622211	-0.526957	-0.578938
29889	7.122892	-0.145218	-5.953816	1.036587	3.304281	-0.902800	-0.491722	-0.267084	0.828780	-0.598187	0.795264	-0.098626	-0.632757	-0.544261	-0.550815
29890	7.205707	0.028661	-5.897551	1.035194	3.451474	-0.971449	-0.463696	-0.255688	0.848298	-0.609647	0.786828	-0.096085	-0.642897	-0.561716	-0.520728
29891	7.438264	0.138484	-5.955049	0.978409	3.582998	-1.043384	-0.434010	-0.243445	0.867393	-0.620699	0.778628	-0.092042	-0.652969	-0.578337	-0.489038
29892	7.697263	0.084119	-6.144508	0.981541	3.710574	-1.105845	-0.402544	-0.230226	0.885977	-0.631978	0.770084	-0.087029	-0.662241	-0.594950	-0.455490
29893	7.882415	0.424407	-5.910524	0.992145	3.811591	-1.152244	-0.369741	-0.216078	0.903660	-0.643067	0.761511	-0.081029	-0.670639	-0.611074	-0.420514
29894	8.033958	0.304893	-5.821774	0.975934	3.907238	-1.188139	-0.335557	-0.200859	0.920357	-0.654015	0.752838	-0.074151	-0.677986	-0.626809	-0.383985
29895	8.222779	0.516116	-5.676619	1.031283	3.976066	-1.220932	-0.300375	-0.184777	0.935752	-0.664944	0.743922	-0.066548	-0.683830	-0.642213	-0.346322
29896	8.722766	0.255859	-5.512178	1.049054	4.033498	-1.231568	-0.264327	-0.167631	0.949753	-0.675773	0.734794	-0.058385	-0.688085	-0.657251	-0.307506
29897	8.884339	0.074168	-5.332917	1.130089	4.117364	-1.259547	-0.227307	-0.149467	0.962284	-0.686681	0.725268	-0.049553	-0.690507	-0.672046	-0.267495
29898	8.908980	0.206254	-4.612380	1.165101	4.197264	-1.304876	-0.189166	-0.130301	0.973262	-0.697581	0.715399	-0.039805	-0.691084	-0.686458	-0.226225
29899	9.282397	0.316066	-3.820453	1.065273	4.236839	-1.361112	-0.150270	-0.110629	0.982436	-0.707270	0.706363	-0.028640	-0.690788	-0.699151	-0.184390
29900	9.601718	0.630053	-3.238297	0.834664	4.335858	-1.419050	-0.110128	-0.089999	0.989834	-0.714996	0.698945	-0.015999	-0.690400	-0.709490	-0.141322
29901	9.734512	0.767163	-3.764900	0.659697	4.336212	-1.410657	-0.070019	-0.068881	0.995165	-0.720833	0.693103	-0.002744	-0.689563	-0.717540	-0.098183
29902	10.418852	0.951788	-3.205279	0.482200	4.251568	-1.382333	-0.030640	-0.047735	0.998390	-0.724945	0.688723	0.010681	-0.688124	-0.723451	-0.055708
29903	11.986300	1.194631	0.889855	0.524362	3.993893	-1.345259	0.006615	-0.027978	0.999587	-0.728717	0.684395	0.023978	-0.684783	-0.728575	-0.015861
29904	12.271152	0.848729	1.720829	0.265033	3.740564	-1.341116	0.042052	-0.009772	0.999068	-0.730285	0.682118	0.037411	-0.681847	-0.731177	0.021548
29905	11.088873	1.180358	-0.334322	-0.020418	3.254519	-1.231513	0.073261	0.005618	0.997297	-0.729443	0.682231	0.049741	-0.680107	-0.731115	0.054078
29906	9.341194	1.001325	0.583233	-0.720205	2.650689	-1.023410	0.098850	0.017991	0.994940	-0.723732	0.687514	0.059473	-0.682965	-0.725948	0.080981
29907	8.055822	-0.389673	0.121628	-0.850858	2.110421	-0.797859	0.119107	0.027728	0.992494	-0.717040	0.693837	0.066667	-0.686781	-0.719598	0.102523
29908	7.884476	-1.073424	-0.607257	-0.731531	1.599707	-0.566814	0.134251	0.035319	0.990318	-0.711362	0.699179	0.071499	-0.689885	-0.714073	0.118990
29909	7.516086	-0.279486	-0.794498	-0.534845	1.155818	-0.341733	0.144715	0.041145	0.988617	-0.707194	0.703110	0.074257	-0.692051	-0.709890	0.130848
29910	6.488995	1.358691	-0.892841	-0.627953	0.755224	-0.111911	0.150822	0.045769	0.987501	-0.702746	0.707526	0.074538	-0.695271	-0.705204	0.138875
29911	6.485856	1.498015	-1.667456	-0.970803	0.354270	0.054154	0.152972	0.048632	0.987033	-0.696052	0.714304	0.072680	-0.701507	-0.698144	0.143119
29912	6.079642	0.271420	-2.685374	-1.148206	0.083534	0.172227	0.152447	0.050504	0.987020	-0.688276	0.722126	0.069356	-0.709250	-0.689916	0.144846
29913	6.095048	-0.483852	-3.903628	-1.020275	-0.167367	0.275941	0.149418	0.051348	0.987440	-0.681424	0.728979	0.065204	-0.716475	-0.682607	0.143912
29914	5.690030	-1.028679	-5.010555	-0.911681	-0.373251	0.369657	0.144297	0.051554	0.988191	-0.675451	0.734936	0.060288	-0.723149	-0.676174	0.140871
29915	5.437689	-1.578084	-6.804773	-0.670220	-0.532691	0.450095	0.137454	0.051273	0.989180	-0.671225	0.739213	0.054956	-0.728397	-0.671517	0.136023
29916	5.646625	-2.137162	-5.959768	-0.271615	-0.740526	0.484959	0.128864	0.049907	0.990406	-0.669916	0.740762	0.049837	-0.731168	-0.669911	0.128891
29917	9.491167	-2.885546	-3.006605	0.416246	-0.896200	0.414022	0.119592	0.046939	0.991713	-0.673476	0.737758	0.046297	-0.729471	-0.673431	0.119842
29918	14.896577	-0.594621	2.972710	1.264530	-0.624354	0.215106	0.113662	0.044284	0.992532	-0.682919	0.729065	0.045677	-0.721597	-0.683011	0.113109
29919	16.057340	1.836591	4.818912	1.051020	-0.498509	0.103301	0.109426	0.041600	0.993124	-0.690589	0.721792	0.045857	-0.714921	-0.690859	0.107712
29920	14.660318	1.917746	3.815482	0.115189	-0.605802	0.317262	0.102963	0.039713	0.993892	-0.691776	0.720839	0.042863	-0.714734	-0.691964	0.101692
29921	12.546509	-0.095539	0.492821	-0.630297	-0.949328	0.698090	0.091391	0.038201	0.995082	-0.687939	0.724907	0.035353	-0.719991	-0.687787	0.092530
29922	10.458484	0.332854	-1.909588	-0.416452	-1.119278	0.805614	0.077840	0.036381	0.996302	-0.685644	0.727436	0.027006	-0.723763	-0.685211	0.081568
29923	9.692459	1.500393	-3.233885	-0.251289	-1.342828	0.752952	0.063000	0.032662	0.997479	-0.684360	0.728887	0.019357	-0.726417	-0.683854	0.068273
29924	9.738232	0.737627	-2.993820	-0.206541	-1.298444	0.660006	0.049100	0.028600	0.998384	-0.683242	0.730082	0.012687	-0.728540	-0.682761	0.055388
29925	9.688944	-0.361255	-2.818101	-0.127388	-1.097080	0.539397	0.037471	0.025044	0.998984	-0.682555	0.730798	0.007281	-0.729873	-0.682134	0.044478
29926	9.688756	-0.156283	-2.844895	-0.240521	-0.960608	0.487421	0.027184	0.022047	0.999387	-0.680955	0.732321	0.002367	-0.731820	-0.680602	0.034921
29927	10.195721	-0.443606	-2.953559	-0.419044	-0.891438	0.478521	0.017450	0.019494	0.999658	-0.677999	0.735059	-0.002499	-0.734856	-0.677723	0.026044
29928	10.459035	-1.167691	-2.638369	-0.331621	-0.850799	0.449626	0.008197	0.017020	0.999822	-0.675605	0.737231	-0.007011	-0.737218	-0.675427	0.017542
29929	10.401547	-1.207063	-1.740686	-0.089860	-0.800617	0.413588	-0.000446	0.014655	0.999893	-0.674969	0.737762	-0.011114	-0.737846	-0.674901	0.009563
29930	10.056939	-1.034979	-1.015982	-0.038040	-0.769019	0.403257	-0.008794	0.012410	0.999884	-0.674654	0.737980	-0.015093	-0.738082	-0.674709	0.001883
29931	9.673693	-0.713582	0.022037	-0.058180	-0.718915	0.372064	-0.016556	0.010297	0.999810	-0.674189	0.738320	-0.018768	-0.738373	-0.674371	-0.005281
29932	9.531239	-1.007837	0.706235	-0.058078	-0.679409	0.326729	-0.023728	0.008099	0.999686	-0.673681	0.738696	-0.021975	-0.738642	-0.673990	-0.012071
29933	9.280587	-0.852274	0.956522	0.090954	-0.671400	0.295975	-0.030625	0.005747	0.999514	-0.674284	0.738052	-0.024904	-0.737837	-0.674719	-0.018727
29934	9.314355	-0.506917	1.120427	0.157046	-0.696798	0.326275	-0.037916	0.003425	0.999275	-0.675324	0.736984	-0.028150	-0.736546	-0.675902	-0.025631
29935	9.284939	-0.339738	1.306464	0.138371	-0.736233	0.355454	-0.045682	0.001053	0.998955	-0.676206	0.736030	-0.031698	-0.735295	-0.676948	-0.032911
29936	9.381517	-0.545649	1.082315	0.122858	-0.768370	0.368937	-0.053775	-0.001456	0.998552	-0.676927	0.735199	-0.035382	-0.734083	-0.677850	-0.040521
29937	9.493328	-0.551965	0.677033	0.192615	-0.792118	0.382734	-0.062121	-0.004029	0.998060	-0.678131	0.733892	-0.039245	-0.732311	-0.679254	-0.048322
29938	9.575392	-0.562611	0.263879	0.227299	-0.820092	0.394708	-0.070748	-0.006725	0.997472	-0.679540	0.732362	-0.043260	-0.730219	-0.680882	-0.056383
29939	9.576614	-0.334782	-0.067492	0.251827	-0.828878	0.418525	-0.079584	-0.009324	0.996785	-0.681075	0.730668	-0.047542	-0.727876	-0.682669	-0.064500
29940	9.533135	-0.120745	-0.616295	0.137134	-0.836024	0.428394	-0.088531	-0.011917	0.996002	-0.681725	0.729768	-0.051864	-0.726233	-0.683591	-0.072731
29941	9.581624	-0.440800	-1.183189	0.025756	-0.833259	0.427690	-0.097439	-0.014502	0.995136	-0.681529	0.729638	-0.056099	-0.725275	-0.683680	-0.080979
29942	9.682632	-0.618169	-1.712817	-0.044787	-0.824397	0.418515	-0.106216	-0.017094	0.994196	-0.680789	0.730003	-0.060182	-0.724737	-0.683230	-0.089175
29943	9.918464	-1.112387	-2.126088	-0.143771	-0.800312	0.395116	-0.114649	-0.019680	0.993211	-0.679326	0.731046	-0.063932	-0.724825	-0.682044	-0.097183
29944	9.992988	-1.554638	-2.508625	-0.125459	-0.754922	0.364691	-0.122548	-0.022170	0.992215	-0.677993	0.731973	-0.067383	-0.724781	-0.680973	-0.104733
29945	10.008899	-1.463653	-2.532711	-0.063415	-0.737663	0.342098	-0.130156	-0.024696	0.991186	-0.677118	0.732474	-0.070665	-0.724273	-0.680347	-0.112058
29946	10.054823	-1.191330	-2.385099	-0.093684	-0.717840	0.322335	-0.137489	-0.027229	0.990129	-0.676015	0.733193	-0.073708	-0.723948	-0.679476	-0.119213
29947	9.924151	-1.132063	-2.349341	-0.092711	-0.698863	0.310606	-0.144591	-0.029706	0.989046	-0.674922	0.733899	-0.076626	-0.723584	-0.678608	-0.126164
29948	9.838915	-0.936489	-1.982180	-0.115861	-0.692472	0.280824	-0.151450	-0.032356	0.987935	-0.673672	0.734773	-0.079209	-0.723345	-0.677541	-0.133079
29949	9.873274	-1.035803	-1.749802	-0.146595	-0.681171	0.260458	-0.158076	-0.035062	0.986804	-0.672226	0.735842	-0.081539	-0.723273	-0.676245	-0.139888
29950	9.785476	-1.081366	-1.475530	-0.115834	-0.660926	0.231735	-0.164369	-0.037839	0.985673	-0.671018	0.736711	-0.083616	-0.722992	-0.675148	-0.146483
29951	9.718915	-0.983610	-1.098477	-0.102162	-0.657661	0.209659	-0.170475	-0.040740	0.984519	-0.669947	0.737471	-0.085488	-0.722572	-0.674149	-0.153014
29952	9.637763	-1.075969	-0.768051	-0.131164	-0.669172	0.190204	-0.176539	-0.043860	0.983316	-0.668674	0.738435	-0.087113	-0.722294	-0.672897	-0.159691
29953	9.648525	-1.072059	-0.711591	-0.050916	-0.657792	0.179368	-0.182433	-0.046969	0.982096	-0.668003	0.738847	-0.088752	-0.721450	-0.672235	-0.166166
29954	9.429944	-0.647167	-0.435692	-0.045266	-0.667251	0.178913	-0.188395	-0.050144	0.980812	-0.667356	0.739233	-0.090392	-0.720516	-0.671580	-0.172732
29955	9.248809	-0.676607	-0.351689	-0.081003	-0.705972	0.181963	-0.194639	-0.053546	0.979412	-0.666443	0.739859	-0.091993	-0.719701	-0.670628	-0.179691
29956	9.234024	-0.717308	-0.072461	-0.086828	-0.724508	0.171075	-0.200944	-0.057147	0.977934	-0.665495	0.740526	-0.093471	-0.718845	-0.669593	-0.186835
29957	9.134672	-0.871175	-0.173560	-0.080848	-0.736800	0.160020	-0.207248	-0.060901	0.976391	-0.664607	0.741149	-0.094840	-0.717876	-0.668572	-0.194077
29958	9.159644	-0.961551	-0.481671	-0.125548	-0.749361	0.168558	-0.213696	-0.064664	0.974758	-0.663374	0.742078	-0.096203	-0.717125	-0.667187	-0.201475
29959	9.302234	-1.299697	-0.991667	-0.139599	-0.761389	0.177194	-0.220274	-0.068433	0.973035	-0.662009	0.743114	-0.097602	-0.716396	-0.665657	-0.208992
29960	9.464007	-1.278579	-1.634455	-0.113589	-0.756764	0.183466	-0.226856	-0.072107	0.971255	-0.660815	0.743976	-0.099113	-0.715444	-0.664304	-0.216425
29961	9.543095	-1.258088	-2.347325	-0.109880	-0.746197	0.185986	-0.233366	-0.075685	0.969439	-0.659622	0.744830	-0.100637	-0.714451	-0.662948	-0.223741
29962	9.517512	-1.112386	-2.975279	-0.124997	-0.731602	0.184564	-0.239757	-0.079159	0.967600	-0.658324	0.745777	-0.102111	-0.713531	-0.661476	-0.230917
29963	9.537874	-1.011413	-3.342631	-0.164774	-0.717467	0.184865	-0.246036	-0.082529	0.965741	-0.656721	0.747002	-0.103473	-0.712870	-0.659680	-0.237988
29964	9.510116	-1.176893	-3.392237	-0.208366	-0.707887	0.167394	-0.252132	-0.085947	0.963869	-0.654847	0.748495	-0.104554	-0.712464	-0.657548	-0.245001
29965	9.560572	-1.288207	-3.323742	-0.155955	-0.693648	0.148615	-0.257990	-0.089400	0.962002	-0.653379	0.749635	-0.105559	-0.711714	-0.655785	-0.251811
29966	9.575368	-1.069588	-3.136035	-0.116404	-0.660392	0.139473	-0.263552	-0.092688	0.960182	-0.652213	0.750507	-0.106572	-0.710745	-0.654330	-0.258250
29967	9.429523	-0.932406	-2.781803	-0.143361	-0.662143	0.145622	-0.269151	-0.095933	0.958308	-0.650829	0.751568	-0.107556	-0.709915	-0.652643	-0.264721
29968	9.374534	-1.281109	-2.459742	-0.158893	-0.675349	0.139951	-0.274808	-0.099291	0.956359	-0.649344	0.752724	-0.108438	-0.709107	-0.650806	-0.271329
29969	9.354089	-1.629100	-2.037240	-0.110661	-0.688533	0.114576	-0.280377	-0.102916	0.954357	-0.648265	0.753545	-0.109191	-0.707913	-0.649291	-0.277993
29970	9.598922	-1.761911	-1.825902	0.029294	-0.709340	0.100478	-0.285997	-0.106771	0.952264	-0.648215	0.753441	-0.110202	-0.705708	-0.648789	-0.284692
29971	9.762429	-1.201204	-1.342927	0.149526	-0.748552	0.115499	-0.291964	-0.110771	0.949993	-0.648957	0.752582	-0.111694	-0.702575	-0.649116	-0.291612
29972	9.575558	-1.065137	-0.919660	0.086180	-0.814970	0.129967	-0.298474	-0.115088	0.947453	-0.649213	0.752143	-0.113157	-0.699597	-0.648873	-0.299212
29973	9.636986	-1.004407	-0.521895	0.161250	-0.887235	0.137960	-0.305509	-0.119820	0.944620	-0.649945	0.751243	-0.114914	-0.695871	-0.649058	-0.307388
29974	9.845350	-0.291218	-0.156135	0.257600	-0.963521	0.139147	-0.313045	-0.125037	0.941472	-0.651346	0.749705	-0.117008	-0.691196	-0.649852	-0.316134
29975	9.681775	0.451982	0.289439	0.248107	-1.040024	0.167476	-0.321248	-0.130555	0.937953	-0.652547	0.748291	-0.119341	-0.686281	-0.650397	-0.325580
29976	9.377264	0.462904	0.272890	0.140526	-1.138711	0.210649	-0.330353	-0.136385	0.933952	-0.652876	0.747615	-0.121758	-0.681630	-0.649978	-0.336019
29977	9.060173	-0.028052	0.283488	0.001641	-1.244480	0.231597	-0.340270	-0.142742	0.929431	-0.652135	0.747912	-0.123886	-0.677448	-0.648269	-0.347579
29978	9.041403	-0.640135	0.005682	-0.062034	-1.355533	0.240399	-0.350925	-0.149715	0.924358	-0.650948	0.748613	-0.125877	-0.673140	-0.645883	-0.360164
29979	9.119546	-0.943402	-0.165257	-0.149480	-1.455155	0.265565	-0.362365	-0.157111	0.918699	-0.649024	0.749967	-0.127741	-0.668924	-0.642546	-0.373730
29980	9.325760	-1.365248	-0.686611	-0.251606	-1.542504	0.288605	-0.374450	-0.164821	0.912481	-0.646359	0.751979	-0.129413	-0.664837	-0.638249	-0.388112
29981	9.725528	-1.696210	-1.442285	-0.303700	-1.601183	0.290339	-0.386884	-0.172826	0.905788	-0.643267	0.754383	-0.130817	-0.660703	-0.633275	-0.403032
29982	10.225710	-1.304076	-2.145825	-0.275950	-1.666324	0.294523	-0.399666	-0.181111	0.898591	-0.640383	0.756569	-0.132336	-0.655879	-0.628332	-0.418356
29983	10.428022	-0.546804	-2.523837	-0.314118	-1.709516	0.288677	-0.412630	-0.189630	0.890941	-0.637185	0.759052	-0.133547	-0.650946	-0.622800	-0.434038
29984	10.305309	-1.079977	-2.902776	-0.560505	-1.786227	0.237821	-0.425650	-0.198879	0.882762	-0.632650	0.762902	-0.133176	-0.646975	-0.615165	-0.450550
29985	11.526280	-1.384043	-4.312074	-0.448822	-1.798931	0.137664	-0.438064	-0.208842	0.874348	-0.629191	0.765909	-0.132295	-0.642043	-0.608085	-0.466919
29986	12.284466	0.458351	-4.868570	-0.287185	-1.730282	0.082607	-0.449554	-0.218685	0.866070	-0.627094	0.767737	-0.131652	-0.636124	-0.602293	-0.482276
29987	11.818958	1.558125	-5.091084	-0.507578	-1.720534	0.112458	-0.461113	-0.228130	0.857515	-0.623395	0.771007	-0.130104	-0.631469	-0.594563	-0.497737
29988	10.979334	1.479737	-4.893687	-0.798855	-1.683205	0.116251	-0.472350	-0.237164	0.848905	-0.617920	0.775907	-0.127054	-0.628539	-0.584569	-0.513048
29989	10.183109	1.013939	-4.737452	-0.996697	-1.586516	0.072915	-0.482710	-0.245794	0.840581	-0.611345	0.781833	-0.122454	-0.627095	-0.572995	-0.527663
29990	9.654841	0.818409	-4.454509	-1.190056	-1.515422	0.024496	-0.492270	-0.254200	0.832498	-0.603858	0.788564	-0.116287	-0.626918	-0.559955	-0.541687
29991	9.414847	0.365355	-4.088634	-1.385476	-1.481595	0.030568	-0.501701	-0.262161	0.824359	-0.595045	0.796279	-0.108911	-0.627867	-0.545171	-0.555491
29992	9.386772	-0.184361	-3.549854	-1.416808	-1.443822	0.044604	-0.510944	-0.269584	0.816248	-0.586010	0.803947	-0.101301	-0.628911	-0.530089	-0.568751
29993	9.361560	-0.980289	-2.977551	-1.323858	-1.353417	0.063547	-0.519784	-0.276166	0.808429	-0.577384	0.811023	-0.094180	-0.629645	-0.515727	-0.581010
29994	9.285770	-2.148165	-2.554472	-1.178568	-1.277782	0.077160	-0.528173	-0.282066	0.800920	-0.569662	0.817167	-0.087880	-0.629697	-0.502669	-0.592288
29995	9.532860	-2.949358	-2.430424	-0.826964	-1.213262	0.094941	-0.536294	-0.287344	0.793613	-0.563990	0.821532	-0.083670	-0.627936	-0.492462	-0.602642
29996	9.548866	-2.960965	-2.577489	-0.649723	-1.288169	0.114899	-0.544898	-0.292711	0.785753	-0.559427	0.824948	-0.080635	-0.624602	-0.483509	-0.613263
29997	10.443570	-2.796278	-2.529462	-0.417664	-1.408902	0.144265	-0.554419	-0.298298	0.776942	-0.556071	0.827357	-0.079153	-0.619197	-0.475918	-0.624577
29998	10.913721	-2.186323	-2.451896	-0.115378	-1.453695	0.182477	-0.564257	-0.303701	0.767711	-0.554495	0.828346	-0.079859	-0.611677	-0.470753	-0.635801
29999	11.015765	-1.208644	-2.811949	-0.029259	-1.517129	0.236011	-0.574735	-0.308870	0.757812	-0.553008	0.829186	-0.081448	-0.603210	-0.465887	-0.647370
30000	11.361264	-1.629167	-3.731995	0.213668	-1.874156	0.421787	-0.588123	-0.314109	0.745283	-0.552010	0.829385	-0.086052	-0.591097	-0.462013	-0.661172
30001	11.558790	0.047893	-4.053759	-0.032259	-1.768396	0.390832	-0.600594	-0.319004	0.733160	-0.549534	0.830749	-0.088704	-0.580775	-0.456171	-0.674246
30002	10.832347	-0.163163	-4.784270	-0.182906	-1.709733	0.345995	-0.612195	-0.323918	0.721314	-0.546578	0.832555	-0.090020	-0.571374	-0.449365	-0.686733
30003	10.204651	0.334701	-5.571452	-0.301289	-1.566974	0.355485	-0.622979	-0.327958	0.710170	-0.542710	0.835035	-0.090458	-0.563350	-0.441769	-0.698195
30004	9.155915	0.334809	-6.392137	-0.426794	-1.435292	0.402056	-0.633039	-0.330937	0.699816	-0.538000	0.838090	-0.090338	-0.556613	-0.433688	-0.708588
30005	8.211267	0.388213	-6.948426	-0.504939	-1.272623	0.442066	-0.642412	-0.332711	0.690370	-0.532420	0.841704	-0.089790	-0.551213	-0.425249	-0.717863
30006	7.427134	0.738954	-7.463867	-0.661661	-1.137240	0.452349	-0.650903	-0.333744	0.681865	-0.526064	0.845863	-0.088163	-0.547341	-0.416091	-0.726145
30007	7.652021	0.028046	-7.305191	-0.967397	-0.953679	0.387224	-0.658098	-0.334395	0.674602	-0.518278	0.851105	-0.083712	-0.546164	-0.404722	-0.733420
30008	7.719270	-3.036285	-7.898550	-0.864618	-0.701051	0.314497	-0.663399	-0.334584	0.669294	-0.511677	0.855491	-0.079505	-0.545975	-0.395206	-0.738731
30009	7.957493	-4.069592	-6.875693	0.148696	-0.404011	0.276663	-0.666971	-0.333837	0.666110	-0.510684	0.855807	-0.082436	-0.542541	-0.395154	-0.741284
30010	9.095596	-3.209686	-6.083777	0.965198	0.021989	0.261230	-0.668041	-0.331593	0.666159	-0.514369	0.852686	-0.091381	-0.537723	-0.403698	-0.740190
30011	8.772269	-1.759431	-5.816113	1.387863	0.560408	0.248478	-0.666281	-0.327202	0.670081	-0.520188	0.847786	-0.103262	-0.534297	-0.417370	-0.735070
30012	7.651290	-0.732896	-6.238070	1.289014	0.982422	0.205927	-0.661953	-0.321367	0.677157	-0.525937	0.842830	-0.114136	-0.534049	-0.431694	-0.726933
30013	7.069125	-0.245686	-6.348963	1.096545	1.314815	0.118132	-0.655495	-0.314631	0.686538	-0.531069	0.838377	-0.122839	-0.536929	-0.445119	-0.716643
30014	7.023369	-0.407660	-6.397360	0.949892	1.580756	-0.006763	-0.646773	-0.307617	0.697895	-0.536466	0.833911	-0.129599	-0.542115	-0.458218	-0.704377
30015	7.353604	-0.599193	-6.220756	0.988706	1.868240	-0.164928	-0.635650	-0.300317	0.711167	-0.542954	0.828789	-0.135312	-0.548772	-0.472142	-0.689878
30016	7.256423	-0.336808	-6.056777	1.015477	2.181007	-0.311016	-0.621734	-0.292481	0.726568	-0.550747	0.822840	-0.140046	-0.556888	-0.487226	-0.672671
30017	7.044932	-0.093784	-5.955359	0.870490	2.481889	-0.433207	-0.605337	-0.283782	0.743663	-0.558334	0.817267	-0.142612	-0.567301	-0.501541	-0.653167
30018	6.677141	-0.033861	-6.037331	0.688432	2.768037	-0.535170	-0.586295	-0.274115	0.762312	-0.565687	0.812118	-0.143046	-0.579877	-0.515097	-0.631204
30019	6.781293	-0.291317	-6.101699	0.534399	3.016342	-0.625755	-0.564980	-0.263474	0.781908	-0.572462	0.807629	-0.141500	-0.594210	-0.527557	-0.607123
30020	6.905508	-0.759046	-6.180933	0.389422	3.228656	-0.702368	-0.541345	-0.251938	0.802168	-0.578894	0.803592	-0.138282	-0.609777	-0.539229	-0.580866
30021	7.113869	-1.103145	-6.197092	0.400419	3.417588	-0.783873	-0.515623	-0.239608	0.822631	-0.585545	0.799462	-0.134158	-0.625516	-0.550862	-0.552522
30022	7.244722	-1.434229	-6.189078	0.433931	3.570245	-0.853931	-0.487833	-0.226546	0.843028	-0.592769	0.794909	-0.129401	-0.640816	-0.562847	-0.522072
30023	7.428030	-1.287611	-5.928895	0.488785	3.704121	-0.956718	-0.458065	-0.213068	0.863005	-0.600494	0.790005	-0.123685	-0.655426	-0.574885	-0.489821
30024	7.743055	-1.397963	-5.760039	0.532807	3.819163	-1.058988	-0.426220	-0.199210	0.882413	-0.608887	0.784585	-0.116977	-0.669025	-0.587147	-0.455702
30025	7.941859	-1.374063	-5.476890	0.584970	3.922533	-1.165318	-0.392531	-0.185062	0.900928	-0.617638	0.778856	-0.109116	-0.681500	-0.599279	-0.420026
30026	7.907127	-1.265795	-5.095206	0.626497	4.014594	-1.277897	-0.356850	-0.170649	0.918443	-0.626901	0.772653	-0.100014	-0.692570	-0.611463	-0.382701
30027	8.237192	-1.328486	-4.959868	0.658141	4.057991	-1.360039	-0.319905	-0.156073	0.934506	-0.636122	0.766349	-0.089771	-0.702147	-0.623178	-0.344440
30028	8.488367	-1.434333	-4.911276	0.806015	4.124560	-1.413696	-0.281590	-0.140857	0.949140	-0.646220	0.759044	-0.079074	-0.709301	-0.635619	-0.304764
