// General information: 
//  MT Manager version: 2022.2.0 
//  XDA version: 2022.2.0 build 7381 rev 124627 built on 2023-07-19
// Device information: 
//  DeviceId: 00B4CAF0
//  ProductCode: MTW2-3A7G6
//  Firmware Version: 4.6.0
//  Hardware Version: 2.0.0
// Device settings: 
//  Filter Profile: human(46.1)
//  Option Flags: Orientation Smoother Disabled, Position/Velocity Smoother Disabled, Continuous Zero Rotation Update Disabled, AHS Disabled, ICC Disabled
// Coordinate system: ENU
PacketCounter	Acc_X	Acc_Y	Acc_Z	Gyr_X	Gyr_Y	Gyr_Z	Mat[1][1]	Mat[2][1]	Mat[3][1]	Mat[1][2]	Mat[2][2]	Mat[3][2]	Mat[1][3]	Mat[2][3]	Mat[3][3]
64496	4.571608	-1.080798	9.105185	-0.008626	0.009984	0.010586	-0.511048	-0.732603	0.449582	0.785493	-0.610435	-0.101832	0.349043	0.301103	0.887416
64497	4.558256	-1.164161	9.068733	0.002726	0.002918	0.007483	-0.510988	-0.732652	0.449569	0.785536	-0.610375	-0.101860	0.349034	0.301103	0.887419
64498	4.616778	-1.052593	9.105959	0.004853	0.006643	0.005088	-0.510950	-0.732684	0.449560	0.785548	-0.610350	-0.101916	0.349061	0.301077	0.887417
64499	4.551761	-1.155559	9.117003	0.000810	0.002428	0.003082	-0.510924	-0.732705	0.449556	0.785561	-0.610329	-0.101942	0.349070	0.301069	0.887416
64500	4.582203	-1.141531	9.043305	0.009781	-0.002239	0.001809	-0.510880	-0.732712	0.449593	0.785600	-0.610285	-0.101903	0.349046	0.301140	0.887401
64501	4.597103	-1.081753	9.084487	0.012204	-0.002881	-0.002349	-0.510878	-0.732684	0.449642	0.785626	-0.610269	-0.101804	0.348992	0.301241	0.887388
64502	4.604142	-1.132423	9.069585	0.016542	-0.003033	-0.002104	-0.510839	-0.732646	0.449749	0.785636	-0.610261	-0.101773	0.349027	0.301349	0.887338
64503	4.575833	-1.105106	9.086510	0.014879	-0.009649	-0.005938	-0.510841	-0.732575	0.449861	0.785652	-0.610263	-0.101633	0.348988	0.301516	0.887297
64504	4.620564	-1.070112	9.110276	0.021555	-0.013961	-0.005192	-0.510829	-0.732495	0.450006	0.785692	-0.610244	-0.101437	0.348915	0.301749	0.887246
64505	4.643928	-1.041741	9.107769	0.019049	-0.011279	-0.001225	-0.510788	-0.732448	0.450128	0.785747	-0.610200	-0.101281	0.348851	0.301953	0.887202
64506	4.600404	-1.092625	9.111852	0.017007	-0.005932	-0.008335	-0.510855	-0.732334	0.450237	0.785721	-0.610261	-0.101115	0.348812	0.302105	0.887165
64507	4.601968	-1.070834	9.083318	0.022536	-0.010066	-0.006580	-0.510861	-0.732259	0.450354	0.785760	-0.610245	-0.100905	0.348714	0.302322	0.887130
64508	4.650607	-1.082986	9.116168	0.024958	-0.010714	-0.010738	-0.511022	-0.732052	0.450507	0.785713	-0.610364	-0.100556	0.348585	0.302582	0.887092
64509	4.671931	-1.030076	9.109204	0.022748	-0.012398	-0.008529	-0.511036	-0.731957	0.450646	0.785743	-0.610361	-0.100335	0.348498	0.302817	0.887046
64510	4.819386	-0.913369	9.255146	0.017439	-0.002654	0.001162	-0.511046	-0.731895	0.450735	0.785750	-0.610371	-0.100222	0.348468	0.302947	0.887014
64511	4.718105	-1.018326	9.137753	-0.001696	0.005121	0.007046	-0.510998	-0.731948	0.450704	0.785774	-0.610329	-0.100288	0.348483	0.302904	0.887022
64512	4.577520	-1.042333	9.076411	-0.004414	0.015692	0.008109	-0.511114	-0.731874	0.450692	0.785651	-0.610475	-0.100364	0.348589	0.302789	0.887020
64513	4.684229	-0.989703	9.179625	-0.002033	0.007732	0.011134	-0.511044	-0.731959	0.450633	0.785695	-0.610404	-0.100451	0.348594	0.302725	0.887040
64514	4.603400	-1.089457	9.088743	-0.008920	0.014371	0.012335	-0.511046	-0.732032	0.450513	0.785696	-0.610387	-0.100543	0.348587	0.302584	0.887091
64515	4.625027	-1.044590	9.058716	-0.004371	0.011889	0.010630	-0.510994	-0.732127	0.450418	0.785730	-0.610327	-0.100648	0.348589	0.302476	0.887127
64516	4.685500	-1.021165	9.161683	-0.007520	0.008063	0.011899	-0.511129	-0.732009	0.450456	0.785595	-0.610496	-0.100673	0.348695	0.302419	0.887105
64517	4.795430	-0.954536	9.212718	-0.019418	0.020074	0.021033	-0.511023	-0.732192	0.450278	0.785629	-0.610405	-0.100958	0.348773	0.302159	0.887163
64518	4.748087	-0.947640	9.156682	-0.032253	0.029932	0.029226	-0.510897	-0.732479	0.449953	0.785694	-0.610260	-0.101329	0.348810	0.301757	0.887285
64519	4.567433	-1.080326	9.085353	-0.039346	0.038879	0.032378	-0.510769	-0.732788	0.449597	0.785716	-0.610146	-0.101842	0.348948	0.301238	0.887407
64520	4.486413	-1.207392	8.999363	-0.032084	0.025823	0.029607	-0.510606	-0.733037	0.449375	0.785734	-0.610042	-0.102326	0.349146	0.300841	0.887463
64521	4.529418	-1.201729	9.028834	-0.018559	0.024224	0.021788	-0.510509	-0.733237	0.449159	0.785775	-0.609942	-0.102607	0.349197	0.300556	0.887540
64522	4.448254	-1.159099	9.037259	-0.013253	0.014496	0.012094	-0.510453	-0.733337	0.449060	0.785763	-0.609918	-0.102839	0.349305	0.300360	0.887564
64523	4.453961	-1.211926	9.022724	0.005959	0.004692	0.006412	-0.510409	-0.733384	0.449033	0.785811	-0.609858	-0.102833	0.349263	0.300368	0.887578
64524	4.516887	-1.147671	9.068859	0.012075	-0.002607	-0.000200	-0.510412	-0.733338	0.449105	0.785810	-0.609870	-0.102769	0.349260	0.300457	0.887549
64525	4.560982	-1.113267	9.092978	0.016833	-0.007406	-0.003854	-0.510406	-0.733286	0.449197	0.785843	-0.609852	-0.102621	0.349194	0.300620	0.887520
64526	4.566408	-1.139454	9.073487	0.020324	-0.006188	-0.009207	-0.510511	-0.733120	0.449348	0.785778	-0.609967	-0.102440	0.349188	0.300791	0.887464
64527	4.589411	-1.110586	9.071307	0.025893	-0.008566	-0.009778	-0.510548	-0.733028	0.449456	0.785812	-0.609966	-0.102185	0.349057	0.301017	0.887439
64528	4.650725	-1.039943	9.140898	0.025930	-0.012369	-0.007258	-0.510551	-0.732914	0.449638	0.785817	-0.609988	-0.102012	0.349039	0.301251	0.887367
64529	4.612979	-1.098596	9.097111	0.021638	-0.010459	-0.009835	-0.510582	-0.732816	0.449762	0.785836	-0.609999	-0.101794	0.348951	0.301465	0.887328
64530	4.587021	-1.094078	9.118422	0.026021	-0.008861	-0.011918	-0.510835	-0.732485	0.450015	0.785666	-0.610270	-0.101482	0.348965	0.301721	0.887236
64531	4.612331	-1.088748	9.120576	0.025167	-0.013049	-0.012668	-0.510879	-0.732362	0.450166	0.785683	-0.610292	-0.101220	0.348863	0.301976	0.887190
64532	4.665615	-1.065397	9.072743	0.030654	-0.013391	-0.013430	-0.511066	-0.732112	0.450359	0.785629	-0.610432	-0.100799	0.348710	0.302300	0.887139
64533	4.723427	-1.009678	9.194461	0.023726	-0.008510	-0.009902	-0.511105	-0.732019	0.450467	0.785654	-0.610438	-0.100563	0.348596	0.302513	0.887112
64534	4.818311	-1.034296	9.010775	0.021742	0.006524	-0.005955	-0.511234	-0.731908	0.450501	0.785605	-0.610531	-0.100387	0.348519	0.302594	0.887114
64535	4.627440	-0.916699	9.317724	-0.013214	0.016284	0.009748	-0.511205	-0.732009	0.450369	0.785602	-0.610505	-0.100566	0.348568	0.302401	0.887161
64536	4.648627	-1.014840	9.188741	0.010815	0.011336	0.011486	-0.511168	-0.732053	0.450340	0.785617	-0.610475	-0.100629	0.348587	0.302357	0.887168
64537	4.636233	-1.058216	9.096104	0.002227	0.015162	0.006331	-0.511161	-0.732130	0.450222	0.785651	-0.610427	-0.100656	0.348521	0.302265	0.887225
64538	4.612593	-1.085124	9.098923	-0.005601	0.014108	0.011439	-0.511158	-0.732193	0.450124	0.785645	-0.610418	-0.100760	0.348539	0.302133	0.887263
64539	4.587837	-1.069084	9.068711	-0.007770	0.014185	0.011315	-0.511109	-0.732297	0.450009	0.785669	-0.610364	-0.100899	0.348557	0.301988	0.887306
64540	4.652620	-1.074006	9.152550	-0.006667	0.012246	0.012639	-0.511198	-0.732273	0.449948	0.785618	-0.610431	-0.100891	0.348542	0.301912	0.887338
64541	4.717444	-0.996422	9.146897	-0.010607	0.025028	0.014513	-0.511162	-0.732429	0.449734	0.785648	-0.610362	-0.101068	0.348526	0.301670	0.887426
64542	4.535809	-1.102512	9.070735	-0.019411	0.025624	0.016156	-0.511270	-0.732479	0.449530	0.785594	-0.610419	-0.101148	0.348490	0.301434	0.887520
64543	4.559699	-1.126003	9.078538	-0.007298	0.019206	0.018484	-0.511183	-0.732642	0.449363	0.785656	-0.610312	-0.101313	0.348478	0.301255	0.887586
64544	4.574262	-1.092433	9.125027	-0.007076	0.022433	0.011683	-0.511239	-0.732673	0.449250	0.785579	-0.610382	-0.101483	0.348568	0.301039	0.887624
64545	4.579523	-1.126353	9.082796	-0.011624	0.024910	0.013382	-0.511212	-0.732821	0.449038	0.785600	-0.610325	-0.101664	0.348561	0.300792	0.887710
64546	4.597024	-1.097266	9.105345	-0.008918	0.014349	0.012323	-0.511296	-0.732773	0.449022	0.785473	-0.610462	-0.101823	0.348724	0.300633	0.887700
64547	4.704743	-1.006268	9.152359	-0.007122	0.020667	0.014015	-0.511249	-0.732912	0.448847	0.785513	-0.610387	-0.101967	0.348704	0.300445	0.887772
64548	4.588352	-1.072187	9.126298	-0.016136	0.023584	0.017601	-0.511172	-0.733092	0.448642	0.785537	-0.610310	-0.102240	0.348762	0.300163	0.887844
64549	4.544349	-1.131219	9.107502	-0.013837	0.023218	0.015588	-0.511122	-0.733249	0.448443	0.785561	-0.610244	-0.102450	0.348781	0.299915	0.887921
64550	4.608023	-1.073711	9.130543	-0.009418	0.021016	0.016031	-0.511174	-0.733267	0.448353	0.785469	-0.610329	-0.102648	0.348911	0.299697	0.887943
64551	4.605690	-1.075707	9.131485	-0.016345	0.025890	0.019550	-0.511103	-0.733455	0.448127	0.785505	-0.610241	-0.102898	0.348937	0.299414	0.888028
64552	4.535413	-1.113272	9.105758	-0.015954	0.025042	0.013132	-0.511205	-0.733447	0.448024	0.785349	-0.610397	-0.103163	0.349137	0.299118	0.888049
64553	4.581411	-1.110236	9.111639	-0.007329	0.022961	0.015969	-0.511151	-0.733604	0.447827	0.785397	-0.610309	-0.103318	0.349107	0.298911	0.888131
64554	4.536592	-1.125113	9.059873	-0.011586	0.021080	0.015905	-0.511176	-0.733681	0.447673	0.785367	-0.610321	-0.103470	0.349138	0.298696	0.888191
64555	4.465941	-1.181410	9.062249	-0.005627	0.017860	0.008925	-0.511160	-0.733781	0.447529	0.785386	-0.610280	-0.103578	0.349121	0.298538	0.888251
64556	4.513916	-1.157311	9.039456	0.004829	0.010407	0.002579	-0.511244	-0.733734	0.447510	0.785311	-0.610371	-0.103604	0.349164	0.298468	0.888257
64557	4.523090	-1.069808	9.100469	0.009456	0.005892	0.001074	-0.511248	-0.733749	0.447480	0.785342	-0.610342	-0.103543	0.349090	0.298489	0.888280
64558	4.483890	-1.130045	9.057074	0.010764	0.001636	0.000448	-0.511329	-0.733654	0.447543	0.785273	-0.610439	-0.103495	0.349127	0.298523	0.888254
64559	4.505476	-1.122170	9.083433	0.014662	-0.007334	-0.003949	-0.511326	-0.733599	0.447636	0.785296	-0.610431	-0.103365	0.349079	0.298673	0.888222
64560	4.595154	-1.078535	9.136458	0.014896	-0.004101	-0.010748	-0.511403	-0.733507	0.447699	0.785274	-0.610486	-0.103205	0.349016	0.298787	0.888208
64561	4.595732	-1.076902	9.136360	0.014532	-0.007056	-0.001810	-0.511384	-0.733466	0.447788	0.785307	-0.610463	-0.103086	0.348968	0.298935	0.888178
64562	4.551614	-1.127888	9.140419	0.015705	-0.001686	-0.007666	-0.511531	-0.733307	0.447881	0.785228	-0.610597	-0.102899	0.348931	0.299053	0.888152
64563	4.579940	-1.108366	9.090701	0.016804	-0.003625	-0.006342	-0.511560	-0.733248	0.447944	0.785247	-0.610600	-0.102739	0.348848	0.299189	0.888139
64564	4.621221	-1.069326	9.138778	0.017852	-0.007320	-0.002687	-0.511618	-0.733135	0.448063	0.785226	-0.610656	-0.102569	0.348809	0.299355	0.888099
64565	4.734859	-1.023507	9.194279	0.010975	-0.000685	-0.001503	-0.511619	-0.733114	0.448095	0.785248	-0.610641	-0.102482	0.348756	0.299434	0.888093
64566	4.703433	-0.973441	9.206957	-0.001001	0.013351	0.007411	-0.511695	-0.733085	0.448057	0.785158	-0.610740	-0.102583	0.348849	0.299304	0.888100
64567	4.575852	-1.101465	9.115497	-0.009079	0.018410	0.011931	-0.511657	-0.733204	0.447905	0.785179	-0.610687	-0.102735	0.348856	0.299121	0.888159
64568	4.577151	-1.106738	9.092304	-0.002151	0.013529	0.008417	-0.511636	-0.733271	0.447819	0.785177	-0.610670	-0.102857	0.348892	0.298992	0.888188
64569	4.571847	-1.122891	9.145184	-0.006699	0.016007	0.010110	-0.511605	-0.733371	0.447691	0.785197	-0.610624	-0.102980	0.348893	0.298841	0.888239
64570	4.616853	-1.095160	9.146239	-0.004319	0.013607	0.008290	-0.511741	-0.733278	0.447688	0.785053	-0.610795	-0.103060	0.349017	0.298718	0.888231
64571	4.628823	-1.057232	9.216491	-0.011457	0.020801	0.013751	-0.511698	-0.733414	0.447513	0.785074	-0.610737	-0.103241	0.349032	0.298503	0.888298
64572	4.658741	-1.026263	9.115276	-0.017128	0.019664	0.018969	-0.511661	-0.733541	0.447349	0.785090	-0.610687	-0.103417	0.349050	0.298295	0.888360
64573	4.562475	-1.105758	9.143576	-0.019664	0.026130	0.020409	-0.511585	-0.733734	0.447120	0.785117	-0.610604	-0.103700	0.349101	0.297990	0.888442
64574	4.560028	-1.108660	9.144446	-0.022825	0.022312	0.021666	-0.511651	-0.733742	0.447029	0.784945	-0.610762	-0.104072	0.349390	0.297645	0.888445
64575	4.560603	-1.115804	9.121393	-0.020470	0.023702	0.017327	-0.511590	-0.733909	0.446825	0.784954	-0.610704	-0.104349	0.349461	0.297353	0.888515
64576	4.561062	-1.122541	9.098449	-0.016210	0.025570	0.017396	-0.511618	-0.734000	0.446644	0.784892	-0.610740	-0.104597	0.349558	0.297054	0.888577
64577	4.623738	-1.085492	9.150038	-0.018199	0.017781	0.020165	-0.511514	-0.734166	0.446490	0.784923	-0.610654	-0.104867	0.349641	0.296820	0.888622
64578	4.678415	-1.016969	9.244959	-0.031186	0.031686	0.027942	-0.511556	-0.734261	0.446286	0.784825	-0.610724	-0.105200	0.349801	0.296441	0.888686
64579	4.675783	-1.002347	9.217932	-0.045167	0.041685	0.037104	-0.511403	-0.734601	0.445901	0.784847	-0.610593	-0.105784	0.349974	0.295866	0.888809
64580	4.545438	-1.135288	9.126557	-0.053086	0.042635	0.041998	-0.511293	-0.734901	0.445534	0.784811	-0.610531	-0.106414	0.350216	0.295251	0.888918
64581	4.661804	-1.130602	9.140760	-0.053291	0.044916	0.043951	-0.511098	-0.735291	0.445113	0.784840	-0.610373	-0.107101	0.350435	0.294603	0.889047
64582	4.640573	-1.029656	9.196285	-0.062814	0.058235	0.048720	-0.510974	-0.735689	0.444597	0.784804	-0.610282	-0.107880	0.350696	0.293798	0.889211
64583	4.577215	-1.172936	9.164874	-0.067187	0.052798	0.053300	-0.510734	-0.736159	0.444095	0.784832	-0.610096	-0.108732	0.350984	0.293007	0.889358
64584	4.639917	-1.127414	9.165819	-0.076850	0.070155	0.057702	-0.510663	-0.736564	0.443504	0.784762	-0.610040	-0.109547	0.351244	0.292103	0.889552
64585	4.579713	-1.113242	9.182468	-0.072444	0.071693	0.055645	-0.510472	-0.737102	0.442831	0.784782	-0.609850	-0.110456	0.351478	0.291141	0.889776
64586	4.532262	-1.203367	9.168928	-0.079345	0.072680	0.061667	-0.510369	-0.737541	0.442217	0.784650	-0.609828	-0.111511	0.351920	0.290074	0.889949
64587	4.469132	-1.264745	9.048268	-0.080351	0.072518	0.060534	-0.510143	-0.738110	0.441529	0.784666	-0.609623	-0.112511	0.352212	0.289057	0.890165
64588	4.530476	-1.140598	9.211021	-0.067274	0.073733	0.059024	-0.510046	-0.738558	0.440891	0.784614	-0.609531	-0.113372	0.352469	0.288104	0.890372
64589	4.620882	-1.121386	9.196218	-0.075265	0.076645	0.063720	-0.509810	-0.739156	0.440162	0.784664	-0.609286	-0.114340	0.352700	0.287088	0.890609
64590	4.554479	-1.222657	9.132118	-0.088810	0.081905	0.068962	-0.509541	-0.739826	0.439347	0.784738	-0.608993	-0.115381	0.352921	0.285981	0.890877
64591	4.510934	-1.199512	9.199467	-0.080409	0.085817	0.071295	-0.509278	-0.740494	0.438525	0.784808	-0.608704	-0.116428	0.353146	0.284864	0.891145
64592	4.392004	-1.256906	9.121284	-0.082628	0.091640	0.068480	-0.509160	-0.741061	0.437703	0.784793	-0.608539	-0.117385	0.353349	0.283739	0.891424
64593	4.356952	-1.387298	9.016158	-0.075221	0.080142	0.061235	-0.508956	-0.741650	0.436943	0.784829	-0.608308	-0.118340	0.353563	0.282695	0.891671
64594	4.359470	-1.309777	9.080154	-0.058283	0.068691	0.057829	-0.508924	-0.742003	0.436381	0.784774	-0.608249	-0.119006	0.353731	0.281895	0.891857
64595	4.396296	-1.285040	9.107640	-0.053312	0.065433	0.049727	-0.508759	-0.742478	0.435764	0.784829	-0.608040	-0.119715	0.353848	0.281094	0.892064
64596	4.343293	-1.319671	9.108256	-0.045034	0.058139	0.043263	-0.508755	-0.742765	0.435280	0.784737	-0.608033	-0.120351	0.354057	0.280351	0.892215
64597	4.295792	-1.337482	9.056578	-0.042243	0.051190	0.037514	-0.508636	-0.743125	0.434804	0.784768	-0.607882	-0.120908	0.354159	0.279722	0.892371
64598	4.339352	-1.381932	9.096149	-0.026109	0.041232	0.028514	-0.508739	-0.743217	0.434526	0.784648	-0.607974	-0.121226	0.354277	0.279277	0.892464
64599	4.493643	-1.291070	9.152817	-0.021362	0.036501	0.024871	-0.508667	-0.743459	0.434196	0.784688	-0.607859	-0.121541	0.354291	0.278885	0.892581
64600	4.417388	-1.300361	9.145541	-0.023734	0.038848	0.026693	-0.508708	-0.743611	0.433888	0.784655	-0.607851	-0.121793	0.354306	0.278495	0.892697
64601	4.409949	-1.299582	9.171006	-0.021674	0.046603	0.023994	-0.508679	-0.743875	0.433469	0.784690	-0.607743	-0.122107	0.354271	0.278026	0.892857
64602	4.320454	-1.346269	9.093454	-0.015667	0.033863	0.022196	-0.508598	-0.744127	0.433132	0.784778	-0.607585	-0.122327	0.354192	0.277697	0.892991
64603	4.296370	-1.398080	9.100027	-0.006176	0.024431	0.014911	-0.508562	-0.744274	0.432922	0.784822	-0.607501	-0.122463	0.354147	0.277487	0.893074
64604	4.249342	-1.406594	9.071135	0.004470	0.014838	0.006629	-0.508747	-0.744175	0.432874	0.784685	-0.607677	-0.122467	0.354184	0.277365	0.893097
64605	4.312961	-1.367804	9.124029	0.015261	0.004997	-0.003793	-0.508789	-0.744154	0.432861	0.784709	-0.607674	-0.122330	0.354071	0.277429	0.893122
64606	4.379044	-1.308105	9.148635	0.017696	0.000615	-0.005438	-0.508963	-0.743993	0.432933	0.784619	-0.607829	-0.122139	0.354020	0.277523	0.893113
64607	4.355038	-1.308031	9.145934	0.021224	-0.001910	-0.008256	-0.509016	-0.743925	0.432987	0.784641	-0.607842	-0.121930	0.353894	0.277676	0.893115
64608	4.468119	-1.263605	9.204328	0.021454	-0.000389	-0.012713	-0.509347	-0.743614	0.433132	0.784429	-0.608169	-0.121664	0.353888	0.277792	0.893082
64609	4.553549	-1.217512	9.283728	0.016333	0.003052	-0.002475	-0.509372	-0.743595	0.433135	0.784463	-0.608153	-0.121524	0.353777	0.277877	0.893099
64610	4.492013	-1.214305	9.175653	0.008412	0.007765	-0.000124	-0.509484	-0.743531	0.433113	0.784407	-0.608239	-0.121451	0.353739	0.277860	0.893120
64611	4.421564	-1.267942	9.175821	0.002510	0.012647	0.004513	-0.509488	-0.743581	0.433022	0.784428	-0.608210	-0.121464	0.353686	0.277790	0.893162
64612	4.441283	-1.261831	9.203216	0.003666	0.012479	0.003515	-0.509447	-0.743671	0.432917	0.784530	-0.608095	-0.121376	0.353519	0.277802	0.893225
64613	4.375659	-1.299747	9.151446	0.002572	0.010622	0.004689	-0.509443	-0.743716	0.432844	0.784552	-0.608065	-0.121389	0.353476	0.277748	0.893258
64614	4.400449	-1.321614	9.159025	0.004862	0.006491	0.005187	-0.509595	-0.743601	0.432863	0.784394	-0.608254	-0.121459	0.353607	0.277640	0.893240
64615	4.398358	-1.297193	9.155157	0.007319	0.005905	0.001051	-0.509603	-0.743611	0.432836	0.784414	-0.608238	-0.121414	0.353552	0.277650	0.893259
64616	4.420566	-1.270561	9.154185	0.007381	0.003881	0.001228	-0.509631	-0.743593	0.432834	0.784440	-0.608228	-0.121292	0.353453	0.277718	0.893277
64617	4.350699	-1.323966	9.154077	0.007381	0.003881	0.001228	-0.509631	-0.743599	0.432825	0.784461	-0.608210	-0.121247	0.353408	0.277743	0.893287
64618	4.329696	-1.328836	9.127479	0.015596	-0.001337	-0.005401	-0.509737	-0.743485	0.432895	0.784412	-0.608304	-0.121094	0.353364	0.277842	0.893274
64619	4.328734	-1.302981	9.123271	0.018240	-0.007996	-0.009007	-0.509775	-0.743395	0.433005	0.784419	-0.608332	-0.120908	0.353293	0.278021	0.893246
64620	4.355565	-1.322541	9.130223	0.024205	-0.014907	-0.013463	-0.509995	-0.743104	0.433246	0.784273	-0.608577	-0.120625	0.353300	0.278264	0.893167
64621	4.383082	-1.341331	9.136964	0.031181	-0.021739	-0.016775	-0.510046	-0.742928	0.433488	0.784285	-0.608627	-0.120290	0.353199	0.278625	0.893095
64622	4.359701	-1.315478	9.129270	0.035804	-0.022420	-0.020765	-0.510278	-0.742586	0.433800	0.784171	-0.608863	-0.119843	0.353118	0.279020	0.893004
64623	4.381378	-1.324997	9.183623	0.038326	-0.025045	-0.024723	-0.510379	-0.742352	0.434081	0.784168	-0.608951	-0.119409	0.352977	0.279449	0.892925
64624	4.453605	-1.266353	9.183148	0.038308	-0.028851	-0.022225	-0.510470	-0.742103	0.434401	0.784195	-0.609018	-0.118890	0.352786	0.279965	0.892839
64625	4.593378	-1.217695	9.243258	0.035790	-0.026245	-0.018267	-0.510517	-0.741904	0.434685	0.784216	-0.609066	-0.118506	0.352672	0.280387	0.892752
64626	4.561557	-1.160304	9.279064	0.021708	-0.008531	-0.012004	-0.510643	-0.741732	0.434831	0.784188	-0.609163	-0.118196	0.352552	0.280633	0.892722
64627	4.479789	-1.250641	9.208682	0.012483	-0.003381	-0.006518	-0.510679	-0.741669	0.434896	0.784187	-0.609189	-0.118071	0.352503	0.280744	0.892706
64628	4.438182	-1.261410	9.155229	0.013430	-0.001272	-0.005555	-0.510854	-0.741500	0.434979	0.784079	-0.609358	-0.117912	0.352489	0.280822	0.892687
64629	4.390218	-1.264100	9.149466	0.013412	-0.005066	-0.003056	-0.510857	-0.741453	0.435055	0.784098	-0.609356	-0.117794	0.352442	0.280950	0.892665
64630	4.395668	-1.290857	9.129737	0.010509	-0.009374	-0.006123	-0.510928	-0.741326	0.435187	0.784043	-0.609450	-0.117676	0.352461	0.281081	0.892617
64631	4.372548	-1.291401	9.126563	0.017070	-0.011653	-0.005511	-0.510927	-0.741246	0.435325	0.784063	-0.609456	-0.117515	0.352419	0.281281	0.892570
64632	4.375668	-1.313046	9.130436	0.026425	-0.020863	-0.010636	-0.511045	-0.741010	0.435587	0.784015	-0.609583	-0.117175	0.352354	0.281625	0.892487
64633	4.352255	-1.288146	9.122582	0.026843	-0.025433	-0.014556	-0.511067	-0.740836	0.435859	0.784023	-0.609628	-0.116886	0.352306	0.281987	0.892392
64634	4.362853	-1.316872	9.078389	0.031673	-0.028408	-0.020508	-0.510950	-0.740761	0.436124	0.784240	-0.609448	-0.116361	0.351991	0.282571	0.892332
64635	4.364555	-1.288693	9.073110	0.040742	-0.037118	-0.021351	-0.510984	-0.740511	0.436508	0.784262	-0.609505	-0.115919	0.351893	0.283103	0.892202
64636	4.425163	-1.256936	9.199734	0.045702	-0.044158	-0.026941	-0.511309	-0.739964	0.437053	0.784052	-0.609888	-0.115322	0.351888	0.283707	0.892012
64637	4.547028	-1.193213	9.203961	0.044420	-0.039954	-0.026305	-0.511372	-0.739676	0.437468	0.784061	-0.609970	-0.114825	0.351776	0.284283	0.891873
64638	4.433079	-1.202692	9.164785	0.041916	-0.033547	-0.024852	-0.511391	-0.739462	0.437807	0.784165	-0.609946	-0.114245	0.351519	0.284889	0.891781
64639	4.426879	-1.284042	9.102324	0.043479	-0.042105	-0.027260	-0.511454	-0.739161	0.438242	0.784165	-0.610037	-0.113752	0.351425	0.285475	0.891630
64640	4.585852	-1.179308	9.179270	0.052158	-0.038674	-0.029200	-0.511588	-0.738816	0.438667	0.784195	-0.610130	-0.113046	0.351164	0.286167	0.891511
64641	4.581292	-1.141561	9.221642	0.042450	-0.026902	-0.019981	-0.511648	-0.738602	0.438958	0.784229	-0.610170	-0.112594	0.351001	0.286635	0.891425
64642	4.585301	-1.161056	9.225392	0.034596	-0.020401	-0.019955	-0.512017	-0.738151	0.439284	0.783981	-0.610565	-0.112177	0.351015	0.286954	0.891317
64643	4.474230	-1.200119	9.167691	0.032013	-0.015740	-0.016184	-0.512087	-0.737992	0.439471	0.783997	-0.610607	-0.111834	0.350877	0.287276	0.891268
64644	4.530529	-1.244283	9.157912	0.032014	-0.015747	-0.016184	-0.512298	-0.737717	0.439686	0.783896	-0.610804	-0.111470	0.350795	0.287562	0.891207
64645	4.498330	-1.142820	9.161039	0.030793	-0.013551	-0.015368	-0.512370	-0.737569	0.439852	0.783912	-0.610843	-0.111142	0.350655	0.287860	0.891166
64646	4.481895	-1.193879	9.142981	0.025164	-0.012943	-0.012509	-0.512561	-0.737324	0.440039	0.783818	-0.611022	-0.110822	0.350585	0.288107	0.891114
64647	4.436577	-1.218853	9.141611	0.032961	-0.013648	-0.015228	-0.512632	-0.737176	0.440206	0.783842	-0.611054	-0.110474	0.350428	0.288419	0.891075
64648	4.483286	-1.162899	9.137979	0.033240	-0.017977	-0.016996	-0.512745	-0.736962	0.440432	0.783858	-0.611118	-0.110008	0.350228	0.288830	0.891021
64649	4.467336	-1.213374	9.119837	0.033241	-0.017985	-0.016995	-0.512814	-0.736789	0.440640	0.783874	-0.611162	-0.109650	0.350091	0.289176	0.890962
64650	4.470800	-1.233395	9.123917	0.037435	-0.017898	-0.014576	-0.512871	-0.736624	0.440849	0.783946	-0.611155	-0.109171	0.349846	0.289611	0.890917
64651	4.447149	-1.207370	9.116219	0.039078	-0.024706	-0.019294	-0.512935	-0.736418	0.441119	0.783970	-0.611199	-0.108751	0.349698	0.290042	0.890835
64652	4.493230	-1.170340	9.140461	0.040234	-0.024895	-0.020293	-0.513050	-0.736170	0.441399	0.783974	-0.611280	-0.108266	0.349521	0.290500	0.890755
64653	4.499067	-1.213464	9.148786	0.043557	-0.025172	-0.021154	-0.513127	-0.735951	0.441675	0.784004	-0.611325	-0.107797	0.349340	0.290961	0.890676
64654	4.454647	-1.193241	9.114418	0.042475	-0.023248	-0.022480	-0.513250	-0.735706	0.441940	0.784021	-0.611395	-0.107274	0.349122	0.291432	0.890607
64655	4.458940	-1.212008	9.118311	0.047232	-0.028036	-0.026104	-0.513356	-0.735448	0.442246	0.784038	-0.611465	-0.106750	0.348927	0.291937	0.890518
64656	4.436162	-1.184711	9.110322	0.049542	-0.032198	-0.025586	-0.513648	-0.735002	0.442648	0.783917	-0.611732	-0.106103	0.348768	0.292500	0.890396
64657	4.536432	-1.169718	9.120190	0.056817	-0.039660	-0.033159	-0.513770	-0.734666	0.443065	0.783931	-0.611825	-0.105462	0.348558	0.293149	0.890265
64658	4.515960	-1.165379	9.116493	0.055315	-0.033142	-0.030588	-0.513897	-0.734359	0.443425	0.783995	-0.611869	-0.104727	0.348226	0.293824	0.890172
64659	4.493696	-1.137130	9.108306	0.056753	-0.037681	-0.033345	-0.514027	-0.734027	0.443824	0.784007	-0.611963	-0.104086	0.348006	0.294458	0.890048
64660	4.615047	-1.115047	9.144584	0.056337	-0.033094	-0.029449	-0.514203	-0.733681	0.444192	0.784023	-0.612065	-0.103363	0.347710	0.295107	0.889949
64661	4.560243	-1.056830	9.176979	0.050495	-0.026389	-0.027157	-0.514325	-0.733419	0.444484	0.784045	-0.612131	-0.102805	0.347482	0.295620	0.889868
64662	4.440281	-1.181827	9.059413	0.049904	-0.031118	-0.032186	-0.514487	-0.733110	0.444805	0.784037	-0.612241	-0.102208	0.347258	0.296159	0.889776
64663	4.534244	-1.157411	9.116900	0.063266	-0.034258	-0.035452	-0.514647	-0.732774	0.445175	0.784060	-0.612329	-0.101499	0.346970	0.296808	0.889673
64664	4.518595	-1.037033	9.192973	0.060891	-0.031887	-0.033642	-0.515084	-0.732213	0.445592	0.783830	-0.612739	-0.100804	0.346842	0.297345	0.889543
64665	4.544140	-1.147690	9.091428	0.056704	-0.035798	-0.033523	-0.515223	-0.731883	0.445972	0.783839	-0.612833	-0.100162	0.346614	0.297965	0.889425
64666	4.532250	-1.075227	9.176499	0.064367	-0.036275	-0.034117	-0.515610	-0.731336	0.446423	0.783679	-0.613167	-0.099366	0.346402	0.298618	0.889288
64667	4.497293	-1.128987	9.131923	0.063567	-0.038716	-0.037195	-0.515768	-0.730974	0.446833	0.783692	-0.613266	-0.098646	0.346136	0.299301	0.889162
64668	4.525500	-1.119290	9.133442	0.061477	-0.040689	-0.037132	-0.515986	-0.730549	0.447278	0.783696	-0.613398	-0.097793	0.345802	0.300070	0.889033
64669	4.553415	-1.065912	9.101622	0.069429	-0.045526	-0.039475	-0.516139	-0.730151	0.447750	0.783717	-0.613495	-0.097011	0.345525	0.300838	0.888881
64670	4.577749	-1.070248	9.155349	0.072529	-0.039743	-0.040933	-0.516686	-0.729448	0.448265	0.783440	-0.613991	-0.096107	0.345335	0.301532	0.888719
64671	4.555831	-1.039744	9.147072	0.079373	-0.038880	-0.047143	-0.516923	-0.729022	0.448685	0.783456	-0.614113	-0.095201	0.344946	0.302313	0.888605
64672	4.475917	-1.101286	9.073825	0.075059	-0.042522	-0.044871	-0.517204	-0.728535	0.449151	0.783432	-0.614288	-0.094260	0.344580	0.303128	0.888470
64673	4.527989	-1.106096	9.106269	0.093275	-0.052584	-0.051559	-0.517429	-0.728040	0.449695	0.783471	-0.614398	-0.093210	0.344153	0.304094	0.888305
64674	4.621382	-1.009648	9.124538	0.091036	-0.050522	-0.051889	-0.517676	-0.727524	0.450245	0.783555	-0.614475	-0.091991	0.343590	0.305170	0.888154
64675	4.665723	-0.980766	9.199695	0.086199	-0.043711	-0.048479	-0.517908	-0.727073	0.450706	0.783584	-0.614583	-0.091017	0.343172	0.306028	0.888020
64676	4.622685	-0.956334	9.164969	0.083610	-0.039013	-0.044737	-0.518299	-0.726512	0.451160	0.783506	-0.614835	-0.089978	0.342759	0.306852	0.887895
64677	4.628537	-0.970761	9.168790	0.079009	-0.038285	-0.040722	-0.518490	-0.726124	0.451566	0.783550	-0.614907	-0.089102	0.342370	0.307626	0.887778
64678	4.659215	-0.963849	9.146609	0.078640	-0.031925	-0.039195	-0.518761	-0.725711	0.451919	0.783553	-0.615033	-0.088201	0.341953	0.308347	0.887688
64679	4.657565	-0.926508	9.164844	0.076261	-0.029538	-0.037391	-0.518956	-0.725370	0.452243	0.783603	-0.615088	-0.087365	0.341541	0.309041	0.887606
64680	4.670293	-0.975203	9.126308	0.069436	-0.030434	-0.031163	-0.519223	-0.724953	0.452605	0.783609	-0.615209	-0.086454	0.341122	0.309776	0.887510
64681	4.617100	-0.939548	9.163407	0.062631	-0.025814	-0.029827	-0.519372	-0.724669	0.452889	0.783652	-0.615250	-0.085773	0.340797	0.310359	0.887432
64682	4.669038	-0.908588	9.138944	0.059129	-0.026981	-0.024472	-0.519685	-0.724240	0.453214	0.783546	-0.615481	-0.085079	0.340563	0.310900	0.887332
64683	4.602944	-0.957438	9.140842	0.053472	-0.022547	-0.024141	-0.519801	-0.724001	0.453464	0.783586	-0.615509	-0.084505	0.340293	0.311403	0.887259
64684	4.605396	-0.951496	9.140227	0.053509	-0.026333	-0.021587	-0.520152	-0.723534	0.453806	0.783436	-0.615793	-0.083828	0.340103	0.311924	0.887149
64685	4.662079	-0.950117	9.096794	0.051340	-0.026258	-0.021715	-0.520237	-0.723297	0.454086	0.783481	-0.615810	-0.083283	0.339869	0.312441	0.887057
64686	4.613253	-0.944959	9.115096	0.047721	-0.021604	-0.019121	-0.520606	-0.722842	0.454388	0.783293	-0.616128	-0.082698	0.339739	0.312866	0.886957
64687	4.641832	-0.961150	9.121778	0.044782	-0.027740	-0.019752	-0.520671	-0.722612	0.454680	0.783325	-0.616151	-0.082219	0.339564	0.313353	0.886852
64688	4.680965	-0.870385	9.158422	0.042182	-0.022974	-0.016028	-0.521039	-0.722152	0.454988	0.783099	-0.616503	-0.081725	0.339520	0.313719	0.886739
64689	4.565975	-0.864325	9.093224	0.037624	-0.020453	-0.014358	-0.521087	-0.721978	0.455211	0.783135	-0.616510	-0.081335	0.339363	0.314109	0.886661
64690	4.625625	-0.931692	9.088344	0.033525	-0.031880	-0.009074	-0.521139	-0.721723	0.455555	0.783166	-0.616535	-0.080844	0.339212	0.314644	0.886529
64691	4.692383	-0.906413	9.165742	0.032207	-0.027614	-0.008492	-0.521117	-0.721562	0.455836	0.783214	-0.616515	-0.080528	0.339136	0.315052	0.886413
64692	4.673529	-0.910808	9.138612	0.023304	-0.024898	-0.007077	-0.521353	-0.721195	0.456146	0.783033	-0.616786	-0.080209	0.339191	0.315360	0.886283
64693	4.656508	-0.939715	9.116530	0.018830	-0.024405	-0.005195	-0.521316	-0.721063	0.456396	0.783053	-0.616786	-0.080026	0.339202	0.315663	0.886171
64694	4.654644	-0.890293	9.105567	0.016444	-0.021968	-0.003398	-0.521532	-0.720724	0.456684	0.782865	-0.617055	-0.079786	0.339303	0.315911	0.886044
64695	4.633604	-0.934080	9.136211	0.015209	-0.019731	-0.002605	-0.521492	-0.720623	0.456891	0.782885	-0.617047	-0.079648	0.339319	0.316157	0.885950
64696	4.576522	-0.983033	9.038170	0.015723	-0.026467	-0.006239	-0.521461	-0.720469	0.457168	0.782934	-0.617023	-0.079349	0.339252	0.316555	0.885834
64697	4.638492	-0.930476	9.134099	0.018454	-0.031574	-0.012096	-0.521455	-0.720271	0.457486	0.782916	-0.617073	-0.079138	0.339304	0.316907	0.885688
64698	4.685744	-0.875451	9.127425	0.022542	-0.031150	-0.007571	-0.521557	-0.719979	0.457831	0.782842	-0.617209	-0.078809	0.339318	0.317306	0.885539
64699	4.669793	-0.885279	9.076422	0.020114	-0.024945	-0.008336	-0.521544	-0.719825	0.458088	0.782849	-0.617227	-0.078600	0.339322	0.317621	0.885425
64700	4.645421	-0.880964	9.096747	0.018071	-0.030661	-0.005685	-0.521640	-0.719540	0.458427	0.782758	-0.617376	-0.078331	0.339384	0.317977	0.885274
64701	4.671586	-0.895495	9.126664	0.017986	-0.028627	-0.005898	-0.521595	-0.719388	0.458714	0.782770	-0.617384	-0.078152	0.339424	0.318305	0.885140
64702	4.699042	-0.872285	9.099003	0.013428	-0.026090	-0.004225	-0.521851	-0.718993	0.459043	0.782549	-0.617699	-0.077875	0.339542	0.318585	0.884994
64703	4.695844	-0.861403	9.145462	0.013046	-0.025159	0.002183	-0.521755	-0.718902	0.459294	0.782586	-0.617665	-0.077776	0.339603	0.318857	0.884873
64704	4.725614	-0.843922	9.094138	0.004311	-0.021011	-0.000878	-0.521930	-0.718609	0.459555	0.782395	-0.617921	-0.077657	0.339774	0.319022	0.884748
64705	4.702514	-0.865269	9.119768	-0.000248	-0.018469	0.000796	-0.521869	-0.718530	0.459747	0.782380	-0.617939	-0.077670	0.339904	0.319164	0.884647
64706	4.686964	-0.920581	9.102865	-0.003651	-0.021628	0.006379	-0.522129	-0.718149	0.460047	0.782069	-0.618337	-0.077639	0.340220	0.319251	0.884494
64707	4.713398	-0.899579	9.075461	-0.001823	-0.013564	0.005647	-0.522047	-0.718116	0.460192	0.782073	-0.618326	-0.077687	0.340337	0.319348	0.884414
64708	4.711737	-0.895289	9.098622	-0.004082	-0.011428	0.005309	-0.522005	-0.718055	0.460334	0.782079	-0.618323	-0.077641	0.340386	0.319488	0.884344
64709	4.686282	-0.874962	9.090813	-0.008852	-0.006533	0.008907	-0.521922	-0.718064	0.460415	0.782076	-0.618312	-0.077766	0.340521	0.319491	0.884291
64710	4.619333	-0.912458	9.064739	-0.009617	-0.012764	0.008419	-0.521979	-0.717908	0.460592	0.781975	-0.618442	-0.077748	0.340666	0.319589	0.884200
64711	4.645916	-0.953868	9.100214	-0.007444	-0.012861	0.008542	-0.521877	-0.717895	0.460730	0.781974	-0.618429	-0.077859	0.340823	0.319646	0.884119
64712	4.667289	-0.904666	9.091645	-0.003052	-0.016826	0.011351	-0.521931	-0.717725	0.460933	0.781860	-0.618573	-0.077860	0.341002	0.319747	0.884013
64713	4.686420	-0.850704	9.106603	-0.009061	-0.023286	0.007352	-0.521803	-0.717670	0.461163	0.781848	-0.618574	-0.077979	0.341227	0.319869	0.883882
64714	4.682095	-0.780618	9.090448	-0.011616	-0.016757	0.008725	-0.522133	-0.717264	0.461421	0.781445	-0.619072	-0.078062	0.341643	0.319816	0.883741
64715	4.719197	-0.860885	9.059373	-0.017236	-0.016053	0.011624	-0.521997	-0.717258	0.461584	0.781427	-0.619068	-0.078273	0.341894	0.319836	0.883637
64716	4.676943	-0.896680	9.035213	-0.018259	-0.016163	0.010495	-0.521873	-0.717241	0.461751	0.781434	-0.619045	-0.078386	0.342066	0.319920	0.883540
64717	4.672248	-0.908128	9.110663	-0.018009	-0.016787	0.006223	-0.521777	-0.717199	0.461924	0.781385	-0.619083	-0.078579	0.342326	0.319940	0.883431
64718	4.695143	-0.902512	9.135791	-0.014648	-0.015356	0.002988	-0.521880	-0.717006	0.462108	0.781195	-0.619310	-0.078680	0.342601	0.319935	0.883327
64719	4.634134	-0.949377	9.061908	-0.006981	-0.015848	0.002345	-0.521817	-0.716943	0.462276	0.781162	-0.619340	-0.078757	0.342771	0.320016	0.883232
64720	4.580900	-1.028258	8.945438	0.009145	-0.022465	-0.009198	-0.521963	-0.716678	0.462522	0.781028	-0.619534	-0.078567	0.342856	0.320234	0.883120
64721	4.589936	-0.951736	9.055607	0.029530	-0.027236	-0.020714	-0.522042	-0.716436	0.462809	0.781000	-0.619614	-0.078215	0.342799	0.320623	0.883001
64722	4.626487	-1.001574	9.019349	0.050941	-0.031913	-0.031102	-0.522189	-0.716121	0.463131	0.781013	-0.619678	-0.077575	0.342544	0.321203	0.882889
64723	4.622782	-0.962125	9.060639	0.048427	-0.042785	-0.035554	-0.522330	-0.715735	0.463566	0.780973	-0.619802	-0.076987	0.342422	0.321820	0.882711
64724	4.627522	-0.955606	9.058909	0.057805	-0.054041	-0.038274	-0.522514	-0.715264	0.464088	0.780906	-0.619971	-0.076298	0.342295	0.322542	0.882497
64725	4.674629	-0.891160	9.074802	0.054874	-0.060221	-0.038875	-0.522621	-0.714801	0.464679	0.780869	-0.620098	-0.075638	0.342213	0.323323	0.882243
64726	4.678008	-0.879576	9.096137	0.051980	-0.064674	-0.041824	-0.522866	-0.714219	0.465298	0.780693	-0.620397	-0.075009	0.342242	0.324035	0.881970
64727	4.713167	-0.898945	9.077024	0.051986	-0.064713	-0.041822	-0.522981	-0.713723	0.465930	0.780631	-0.620553	-0.074361	0.342207	0.324830	0.881691
64728	4.699728	-0.942421	9.082371	0.052261	-0.070890	-0.041171	-0.523178	-0.713139	0.466602	0.780477	-0.620822	-0.073733	0.342259	0.325596	0.881389
64729	4.689816	-0.971840	9.034919	0.052478	-0.073298	-0.043087	-0.523274	-0.712605	0.467310	0.780410	-0.620984	-0.073074	0.342265	0.326455	0.881069
64730	4.671416	-0.924865	8.995662	0.054235	-0.082378	-0.047496	-0.523434	-0.711986	0.468073	0.780269	-0.621238	-0.072409	0.342339	0.327322	0.880718
64731	4.790581	-0.866171	9.068704	0.053371	-0.088367	-0.045828	-0.523500	-0.711384	0.468914	0.780191	-0.621416	-0.071729	0.342418	0.328293	0.880326
64732	4.726123	-0.867307	9.058934	0.049665	-0.081652	-0.043449	-0.523651	-0.710773	0.469672	0.780036	-0.621679	-0.071127	0.342540	0.329115	0.879971
64733	4.806830	-0.852700	9.061380	0.051190	-0.090108	-0.043581	-0.523693	-0.710177	0.470525	0.779962	-0.621847	-0.070476	0.342645	0.330084	0.879567
64734	4.810226	-0.817013	9.076337	0.055199	-0.080434	-0.046586	-0.523856	-0.709564	0.471269	0.779827	-0.622091	-0.069803	0.342702	0.330941	0.879223
64735	4.863702	-0.780958	9.071862	0.046250	-0.072222	-0.050046	-0.524010	-0.708985	0.471968	0.779702	-0.622319	-0.069165	0.342752	0.331751	0.878898
64736	4.804964	-0.816203	9.020613	0.045741	-0.065462	-0.046435	-0.524235	-0.708410	0.472582	0.779523	-0.622608	-0.068577	0.342814	0.332438	0.878615
64737	4.721662	-0.892054	9.025403	0.039950	-0.074399	-0.052286	-0.524398	-0.707808	0.473301	0.779364	-0.622872	-0.067983	0.342925	0.333223	0.878274
64738	4.639488	-0.949360	9.000952	0.042383	-0.084145	-0.046795	-0.524559	-0.707170	0.474076	0.779174	-0.623170	-0.067425	0.343111	0.334019	0.877899
64739	4.694087	-0.914013	8.995803	0.045164	-0.094886	-0.047709	-0.524616	-0.706528	0.474970	0.779057	-0.623383	-0.066807	0.343289	0.334981	0.877462
64740	4.979484	-1.028703	9.119431	0.045801	-0.129981	-0.045045	-0.524604	-0.705747	0.476143	0.778890	-0.623655	-0.066228	0.343689	0.336119	0.876870
64741	4.924795	-0.825181	9.016455	0.030344	-0.073301	-0.033274	-0.524622	-0.705264	0.476837	0.778797	-0.623814	-0.065807	0.343869	0.336836	0.876525
64742	4.955949	-0.818674	9.014818	0.020367	-0.075851	-0.025829	-0.524648	-0.704783	0.477520	0.778642	-0.624037	-0.065542	0.344183	0.337431	0.876173
64743	4.919035	-0.849444	8.989242	0.029810	-0.069980	-0.024958	-0.524613	-0.704362	0.478179	0.778591	-0.624139	-0.065165	0.344350	0.338119	0.875841
64744	4.961655	-0.759355	9.021728	0.020173	-0.058010	-0.017953	-0.524636	-0.703989	0.478703	0.778476	-0.624305	-0.064940	0.344574	0.338589	0.875572
64745	4.923012	-0.791207	8.997051	0.015415	-0.051333	-0.016696	-0.524601	-0.703682	0.479193	0.778420	-0.624398	-0.064729	0.344756	0.339056	0.875320
64746	5.021757	-0.772742	9.025755	0.016058	-0.041275	-0.018832	-0.524688	-0.703360	0.479570	0.778287	-0.624583	-0.064536	0.344924	0.339382	0.875127
64747	4.993565	-0.721147	9.035755	0.009327	-0.023081	-0.011275	-0.524707	-0.703183	0.479809	0.778238	-0.624658	-0.064405	0.345005	0.339612	0.875006
64748	4.951321	-0.754386	9.012986	0.004054	-0.007821	-0.008780	-0.524833	-0.703037	0.479886	0.778115	-0.624815	-0.064365	0.345090	0.339626	0.874967
64749	4.944772	-0.700965	9.026076	0.007995	-0.001506	-0.007114	-0.524894	-0.702958	0.479933	0.778083	-0.624865	-0.064265	0.345069	0.339695	0.874948
64750	4.869922	-0.703629	9.044621	0.002183	0.001627	-0.002257	-0.525001	-0.702885	0.479923	0.777989	-0.624982	-0.064272	0.345119	0.339632	0.874953
64751	4.900756	-0.734584	9.004261	-0.003513	0.006148	-0.001894	-0.525048	-0.702866	0.479900	0.777945	-0.625034	-0.064298	0.345147	0.339576	0.874964
64752	4.880822	-0.785018	9.013244	-0.001344	0.004330	0.000567	-0.525142	-0.702819	0.479866	0.777853	-0.625143	-0.064350	0.345211	0.339472	0.874979
64753	4.858535	-0.774704	8.958825	-0.007988	0.003228	0.004754	-0.525128	-0.702831	0.479863	0.777828	-0.625164	-0.064447	0.345289	0.339408	0.874973
64754	4.875144	-0.739180	9.003126	-0.011500	0.009376	0.002860	-0.525221	-0.702816	0.479783	0.777713	-0.625291	-0.064599	0.345405	0.339205	0.875006
64755	4.896315	-0.714313	8.999867	-0.019085	0.004372	0.008511	-0.525182	-0.702856	0.479769	0.777670	-0.625323	-0.064811	0.345563	0.339064	0.874998
64756	4.864682	-0.667371	9.011411	-0.031114	0.003337	0.011374	-0.525189	-0.702873	0.479735	0.777531	-0.625458	-0.065175	0.345864	0.338780	0.874989
64757	4.864403	-0.671379	9.011264	-0.042117	0.000692	0.017714	-0.525066	-0.702958	0.479747	0.777456	-0.625504	-0.065633	0.346221	0.338520	0.874949
64758	4.812487	-0.824156	8.936659	-0.066257	0.004112	0.018498	-0.525020	-0.703022	0.479702	0.777233	-0.625706	-0.066339	0.346790	0.338011	0.874920
64759	4.866336	-0.707888	9.015726	-0.067003	-0.005652	0.022764	-0.524835	-0.703117	0.479766	0.777097	-0.625800	-0.067039	0.347373	0.337640	0.874832
64760	4.652827	-0.915146	8.885520	-0.075168	-0.008682	0.014037	-0.524779	-0.703111	0.479836	0.776819	-0.626063	-0.067801	0.348079	0.337165	0.874735
64761	4.709811	-1.006068	8.932048	-0.056537	-0.028964	0.010440	-0.524609	-0.703049	0.480111	0.776654	-0.626208	-0.068350	0.348703	0.337023	0.874541
