// General information: 
//  MT Manager version: 2022.2.0 
//  XDA version: 2022.2.0 build 7381 rev 124627 built on 2023-07-19
// Device information: 
//  DeviceId: 00B4CBA7
//  ProductCode: MTW2-3A7G6
//  Firmware Version: 4.6.0
//  Hardware Version: 2.0.0
// Device settings: 
//  Filter Profile: human(46.1)
//  Option Flags: Orientation Smoother Disabled, Position/Velocity Smoother Disabled, Continuous Zero Rotation Update Disabled, AHS Disabled, ICC Disabled
// Coordinate system: ENU
PacketCounter	Acc_X	Acc_Y	Acc_Z	Gyr_X	Gyr_Y	Gyr_Z	Mat[1][1]	Mat[2][1]	Mat[3][1]	Mat[1][2]	Mat[2][2]	Mat[3][2]	Mat[1][3]	Mat[2][3]	Mat[3][3]
25111	9.582832	1.022543	-0.915279	0.016363	0.022866	-0.010284	-0.067250	-0.137775	0.988178	-0.262276	0.958029	0.115722	-0.962647	-0.251393	-0.100563
25112	9.672395	1.268204	-0.904323	0.006977	0.024777	-0.012410	-0.066959	-0.137862	0.988186	-0.262352	0.957990	0.115873	-0.962646	-0.251494	-0.100314
25113	9.613875	1.216089	-0.701994	-0.050683	0.009954	-0.024675	-0.066810	-0.138147	0.988156	-0.262048	0.958031	0.116219	-0.962740	-0.251179	-0.100207
25114	9.621074	1.090201	-0.897215	-0.073249	0.000863	-0.040988	-0.066674	-0.138569	0.988106	-0.261370	0.958154	0.116732	-0.962933	-0.250479	-0.100102
25115	9.562361	1.074031	-0.949297	-0.058639	-0.010412	-0.039702	-0.066704	-0.139035	0.988038	-0.260822	0.958242	0.117233	-0.963080	-0.249882	-0.100182
25116	9.610730	1.147634	-1.008891	-0.037212	-0.011717	-0.033047	-0.066710	-0.139411	0.987985	-0.260486	0.958285	0.117632	-0.963170	-0.249509	-0.100242
25117	9.661240	1.169169	-1.016589	-0.035345	-0.012194	-0.027930	-0.066750	-0.139731	0.987937	-0.259975	0.958380	0.117985	-0.963306	-0.248963	-0.100298
25118	9.658921	1.124516	-1.155704	-0.024965	-0.006897	-0.025327	-0.066730	-0.140022	0.987897	-0.259752	0.958402	0.118296	-0.963367	-0.248714	-0.100325
25119	9.603402	1.145034	-1.170068	0.003750	-0.001559	-0.020808	-0.066654	-0.140281	0.987866	-0.259979	0.958310	0.118542	-0.963311	-0.248923	-0.100346
25120	9.680855	1.292512	-1.075025	0.013343	0.000759	-0.015500	-0.066587	-0.140458	0.987845	-0.260118	0.958251	0.118717	-0.963278	-0.249052	-0.100342
25121	9.668531	1.171084	-1.058253	-0.001537	0.006754	-0.013931	-0.066517	-0.140656	0.987822	-0.260274	0.958185	0.118910	-0.963241	-0.249195	-0.100345
25122	9.620805	1.093680	-1.099040	0.012243	0.004255	-0.009706	-0.066431	-0.140769	0.987811	-0.260400	0.958136	0.119028	-0.963213	-0.249318	-0.100306
25123	9.645360	1.206866	-0.965491	0.023843	0.008709	-0.007504	-0.066289	-0.140887	0.987804	-0.260907	0.957986	0.119125	-0.963085	-0.249829	-0.100263
25124	9.696160	1.258077	-0.801851	0.005914	0.017100	-0.003048	-0.066096	-0.140905	0.987814	-0.260967	0.957962	0.119185	-0.963082	-0.249909	-0.100089
25125	9.635198	1.132281	-0.808010	-0.003220	0.011481	-0.002241	-0.066045	-0.140966	0.987809	-0.260897	0.957971	0.119264	-0.963105	-0.249840	-0.100047
25126	9.584506	1.081866	-0.969886	-0.004931	0.002327	-0.006017	-0.065987	-0.141049	0.987801	-0.260854	0.957970	0.119364	-0.963120	-0.249796	-0.100007
25127	9.614753	1.050771	-1.002521	0.022671	-0.002172	-0.007365	-0.065948	-0.141162	0.987787	-0.261128	0.957885	0.119455	-0.963049	-0.250061	-0.100032
25128	9.616261	1.165729	-0.947771	0.024377	-0.006367	-0.015252	-0.065949	-0.141355	0.987760	-0.261373	0.957797	0.119616	-0.962982	-0.250285	-0.100113
25129	9.603377	1.209757	-0.928702	0.019382	-0.005074	-0.015261	-0.065987	-0.141553	0.987729	-0.261420	0.957763	0.119794	-0.962967	-0.250307	-0.100205
25130	9.580430	1.145877	-0.924526	0.025153	-0.016149	-0.012210	-0.066091	-0.141741	0.987695	-0.261671	0.957678	0.119924	-0.962892	-0.250525	-0.100383
25131	9.586449	1.125555	-0.936337	0.033381	-0.016166	-0.015695	-0.066151	-0.141969	0.987658	-0.262096	0.957541	0.120085	-0.962772	-0.250918	-0.100552
25132	9.615821	1.260481	-0.967844	0.031895	-0.020566	-0.012474	-0.066296	-0.142171	0.987620	-0.262412	0.957439	0.120211	-0.962676	-0.251194	-0.100782
25133	9.600945	1.256492	-1.088546	0.004187	-0.018179	-0.012724	-0.066369	-0.142368	0.987586	-0.262549	0.957381	0.120370	-0.962633	-0.251301	-0.100919
25134	9.639540	1.153188	-1.080521	0.006215	-0.015507	-0.012030	-0.066467	-0.142554	0.987553	-0.262618	0.957344	0.120518	-0.962608	-0.251339	-0.101069
25135	9.684944	1.184926	-1.179288	0.012116	-0.011167	-0.009338	-0.066569	-0.142736	0.987520	-0.262809	0.957275	0.120648	-0.962549	-0.251497	-0.101237
25136	9.702117	1.263200	-1.275894	0.010733	-0.000693	-0.010284	-0.066529	-0.142867	0.987503	-0.262920	0.957229	0.120774	-0.962521	-0.251599	-0.101246
25137	9.633454	1.234564	-1.255976	-0.001606	0.005710	-0.007928	-0.066418	-0.142970	0.987496	-0.262971	0.957199	0.120896	-0.962515	-0.251653	-0.101172
25138	9.727291	1.211748	-1.145174	0.015712	0.010833	-0.002423	-0.066287	-0.142997	0.987501	-0.263124	0.957152	0.120939	-0.962482	-0.251819	-0.101072
25139	9.740652	1.292173	-1.007791	-0.004412	0.026175	-0.000020	-0.066004	-0.142960	0.987525	-0.263032	0.957171	0.120986	-0.962527	-0.251765	-0.100781
25140	9.612338	1.160598	-0.923749	-0.016090	0.020145	-0.000011	-0.065790	-0.142941	0.987542	-0.262878	0.957207	0.121037	-0.962583	-0.251640	-0.100551
25141	9.642824	1.129171	-0.954494	-0.001823	0.014306	-0.003262	-0.065698	-0.142963	0.987545	-0.262542	0.957289	0.121117	-0.962681	-0.251315	-0.100426
25142	9.590568	1.186436	-0.929416	0.013065	0.008313	-0.004810	-0.065585	-0.143020	0.987544	-0.262671	0.957245	0.121187	-0.962654	-0.251452	-0.100348
25143	9.579948	1.244390	-0.940011	0.004134	0.006914	-0.000820	-0.065501	-0.143041	0.987547	-0.262636	0.957249	0.121233	-0.962669	-0.251425	-0.100268
25144	9.581363	1.169342	-0.956489	-0.000359	0.005400	-0.004523	-0.065417	-0.143102	0.987544	-0.262636	0.957238	0.121313	-0.962675	-0.251429	-0.100203
25145	9.600369	1.105812	-0.985896	-0.003107	0.000769	-0.008510	-0.065394	-0.143233	0.987526	-0.262627	0.957224	0.121447	-0.962679	-0.251409	-0.100214
25146	9.597351	1.067629	-1.024274	0.015654	-0.003553	-0.008055	-0.065387	-0.143350	0.987510	-0.262784	0.957168	0.121546	-0.962637	-0.251554	-0.100257
25147	9.634688	1.294768	-1.009045	0.028295	-0.003622	-0.005628	-0.065339	-0.143447	0.987499	-0.263165	0.957055	0.121612	-0.962536	-0.251929	-0.100283
25148	9.636625	1.310161	-1.040480	0.006985	0.000291	-0.006887	-0.065298	-0.143544	0.987487	-0.263237	0.957023	0.121709	-0.962519	-0.251996	-0.100277
25149	9.650656	1.192702	-1.077411	0.003735	-0.001531	-0.007186	-0.065299	-0.143677	0.987468	-0.263370	0.956972	0.121824	-0.962482	-0.252115	-0.100330
25150	9.602513	1.214014	-1.032501	0.022137	-0.000456	-0.011251	-0.065254	-0.143817	0.987451	-0.263591	0.956895	0.121948	-0.962425	-0.252326	-0.100350
25151	9.642673	1.290596	-1.050951	0.007626	0.000682	-0.001386	-0.065250	-0.143894	0.987440	-0.263791	0.956833	0.122002	-0.962370	-0.252517	-0.100392
25152	9.673317	1.192930	-0.999757	-0.016755	0.006450	-0.003565	-0.065159	-0.143943	0.987439	-0.263633	0.956866	0.122089	-0.962420	-0.252366	-0.100296
25153	9.656889	1.173285	-1.086272	-0.015251	0.011388	-0.002982	-0.065102	-0.143997	0.987434	-0.263377	0.956924	0.122183	-0.962494	-0.252113	-0.100224
25154	9.696010	1.069257	-1.075293	-0.014108	0.008969	-0.001168	-0.064993	-0.144017	0.987439	-0.263243	0.956953	0.122244	-0.962538	-0.251991	-0.100107
25155	9.679862	1.172740	-1.006484	-0.000180	0.009076	-0.005138	-0.064925	-0.144087	0.987433	-0.263128	0.956972	0.122341	-0.962574	-0.251878	-0.100044
25156	9.682168	1.122140	-0.953231	-0.015890	0.010995	-0.008479	-0.064777	-0.144171	0.987430	-0.262981	0.956996	0.122476	-0.962624	-0.251742	-0.099905
25157	9.625079	1.059835	-0.852317	0.007852	0.004841	-0.011800	-0.064710	-0.144305	0.987415	-0.262940	0.956988	0.122626	-0.962640	-0.251695	-0.099870
25158	9.594517	1.281967	-0.747526	0.015217	0.000280	-0.010364	-0.064660	-0.144435	0.987399	-0.263093	0.956930	0.122749	-0.962601	-0.251841	-0.099875
25159	9.633151	1.244882	-0.821581	-0.006911	-0.012637	-0.010761	-0.064770	-0.144627	0.987364	-0.263090	0.956910	0.122908	-0.962595	-0.251805	-0.100029
25160	9.552848	1.060944	-0.955854	-0.008954	-0.015857	-0.015250	-0.064863	-0.144844	0.987326	-0.263014	0.956906	0.123103	-0.962609	-0.251696	-0.100164
25161	9.579095	1.157135	-1.025515	0.015871	-0.025446	-0.010756	-0.065062	-0.145042	0.987284	-0.263107	0.956864	0.123234	-0.962570	-0.251744	-0.100417
25162	9.610978	1.331315	-1.019200	0.001545	-0.021252	-0.018898	-0.065197	-0.145307	0.987236	-0.263135	0.956828	0.123454	-0.962554	-0.251727	-0.100617
25163	9.625261	1.305501	-1.071996	-0.028893	-0.022980	-0.019346	-0.065397	-0.145613	0.987178	-0.262925	0.956851	0.123722	-0.962597	-0.251463	-0.100861
25164	9.629452	1.238226	-1.221855	-0.026671	-0.016085	-0.015468	-0.065492	-0.145833	0.987139	-0.262679	0.956891	0.123937	-0.962658	-0.251184	-0.100975
25165	9.640344	1.272371	-1.225766	-0.015778	-0.013027	-0.012763	-0.065672	-0.146035	0.987097	-0.262307	0.956968	0.124126	-0.962747	-0.250771	-0.101152
25166	9.663023	1.272292	-1.148659	-0.021004	-0.003140	-0.008112	-0.065662	-0.146152	0.987081	-0.262110	0.957004	0.124263	-0.962801	-0.250565	-0.101146
25167	9.638926	1.283319	-1.125880	-0.030357	-0.000174	-0.002638	-0.065572	-0.146229	0.987075	-0.262087	0.956998	0.124363	-0.962814	-0.250545	-0.101077
25168	9.628563	1.275196	-1.053355	-0.029558	0.003351	-0.001549	-0.065516	-0.146267	0.987073	-0.261804	0.957065	0.124443	-0.962895	-0.250266	-0.100997
25169	9.602569	1.270857	-0.999113	-0.027107	0.001649	-0.002336	-0.065466	-0.146332	0.987067	-0.261634	0.957099	0.124537	-0.962944	-0.250097	-0.100943
25170	9.554079	1.201686	-0.939269	-0.054213	0.003294	-0.004665	-0.065403	-0.146400	0.987061	-0.261115	0.957223	0.124673	-0.963089	-0.249583	-0.100832
25171	9.607883	0.914517	-0.883640	-0.055616	-0.013443	-0.019091	-0.065544	-0.146640	0.987016	-0.260253	0.957420	0.124961	-0.963313	-0.248683	-0.100917
25172	9.508599	0.918755	-0.833023	-0.008834	-0.027102	-0.025303	-0.065720	-0.146981	0.986954	-0.260185	0.957400	0.125255	-0.963320	-0.248558	-0.101162
25173	9.529582	1.274361	-0.682536	0.015723	-0.042459	-0.021837	-0.066123	-0.147338	0.986874	-0.260205	0.957363	0.125497	-0.963287	-0.248491	-0.101642
25174	9.593886	1.366625	-0.658573	-0.017021	-0.053240	-0.027698	-0.066545	-0.147767	0.986781	-0.260060	0.957360	0.125823	-0.963297	-0.248249	-0.102135
25175	9.583532	1.261568	-0.678342	-0.032008	-0.062706	-0.025752	-0.067100	-0.148231	0.986674	-0.259864	0.957369	0.126157	-0.963311	-0.247936	-0.102759
25176	9.628842	1.228625	-0.698761	-0.029255	-0.071391	-0.019809	-0.067717	-0.148630	0.986572	-0.259596	0.957407	0.126418	-0.963340	-0.247549	-0.103416
25177	9.766042	1.371699	-0.858883	-0.058482	-0.074526	-0.010759	-0.068414	-0.148958	0.986474	-0.259005	0.957540	0.126626	-0.963450	-0.246839	-0.104090
25178	9.703009	1.347440	-1.206994	-0.098514	-0.051967	0.006931	-0.068914	-0.149051	0.986425	-0.258052	0.957788	0.126696	-0.963670	-0.245817	-0.104468
25179	9.636592	1.325020	-1.322125	-0.125854	-0.055643	0.007546	-0.069470	-0.149174	0.986368	-0.256954	0.958069	0.126797	-0.963924	-0.244642	-0.104888
25180	9.798326	1.300296	-1.405035	-0.117411	-0.037587	0.009127	-0.069837	-0.149210	0.986336	-0.255816	0.958365	0.126866	-0.964200	-0.243461	-0.105100
25181	9.673581	1.297603	-1.300145	-0.108600	-0.024964	0.001622	-0.070140	-0.149316	0.986299	-0.254755	0.958628	0.127011	-0.964458	-0.242356	-0.105277
25182	9.531522	0.797601	-0.863804	-0.131685	-0.031921	-0.028199	-0.070357	-0.149696	0.986226	-0.253505	0.958899	0.127463	-0.964772	-0.241046	-0.105414
25183	9.575620	0.733140	-0.397251	-0.194426	-0.049043	-0.076353	-0.070665	-0.150603	0.986065	-0.251717	0.959237	0.128467	-0.965218	-0.239131	-0.105694
25184	9.642012	1.577485	-0.404103	-0.329185	-0.054857	-0.069708	-0.071002	-0.151434	0.985914	-0.248588	0.959908	0.129537	-0.966003	-0.235889	-0.105800
25185	9.423209	1.492038	-0.695990	-0.370470	-0.076643	-0.052269	-0.071596	-0.152155	0.985760	-0.245062	0.960686	0.130486	-0.966860	-0.232230	-0.106068
25186	9.542890	1.013791	-0.783934	-0.303776	-0.098011	-0.050561	-0.072402	-0.152899	0.985586	-0.242161	0.961305	0.131343	-0.967531	-0.229161	-0.106627
25187	9.638096	0.920843	-0.702080	-0.184976	-0.124335	-0.055528	-0.073472	-0.153767	0.985372	-0.240475	0.961620	0.132130	-0.967871	-0.227249	-0.107629
25188	9.659846	1.112329	-0.560798	-0.085309	-0.168080	-0.065516	-0.074923	-0.154810	0.985099	-0.239698	0.961708	0.132903	-0.967952	-0.226169	-0.109162
25189	9.313682	1.421160	0.026106	-0.134536	-0.210692	-0.080605	-0.076765	-0.156108	0.984753	-0.238517	0.961865	0.133886	-0.968100	-0.224602	-0.111072
25190	9.397644	1.464721	-0.125623	-0.282158	-0.255042	-0.083165	-0.079019	-0.157509	0.984351	-0.235850	0.962359	0.135057	-0.968572	-0.221487	-0.113193
25191	9.448942	1.234245	-0.482214	-0.283294	-0.268917	-0.088000	-0.081400	-0.158993	0.983918	-0.233270	0.962814	0.136284	-0.968999	-0.218425	-0.115462
25192	9.530119	1.273776	-0.738898	-0.198307	-0.279268	-0.065481	-0.083937	-0.160263	0.983499	-0.231404	0.963135	0.137195	-0.969230	-0.216070	-0.117928
25193	9.565737	1.469754	-1.052868	-0.174323	-0.283404	-0.053839	-0.086663	-0.161403	0.983076	-0.229379	0.963509	0.137970	-0.969471	-0.213540	-0.120523
25194	9.563015	1.423174	-1.359590	-0.154158	-0.287610	-0.046370	-0.089328	-0.162494	0.982658	-0.227926	0.963756	0.138649	-0.969572	-0.211588	-0.123127
25195	9.618945	1.385010	-1.484472	-0.089998	-0.279106	-0.041052	-0.091970	-0.163494	0.982248	-0.226884	0.963923	0.139201	-0.969570	-0.210054	-0.125746
25196	9.629207	1.317294	-1.743125	-0.059639	-0.260494	-0.047353	-0.094370	-0.164529	0.981847	-0.226351	0.963965	0.139777	-0.969463	-0.209052	-0.128211
25197	9.606366	1.087699	-2.145831	-0.005820	-0.240179	-0.047102	-0.096599	-0.165530	0.981462	-0.226360	0.963888	0.140287	-0.969242	-0.208613	-0.130580
25198	9.692605	1.529533	-2.245546	0.041210	-0.207043	-0.028212	-0.098524	-0.166266	0.981147	-0.226788	0.963750	0.140545	-0.968948	-0.208666	-0.132659
25199	9.737129	1.748509	-2.323466	-0.025595	-0.163413	-0.017579	-0.100105	-0.166815	0.980893	-0.226491	0.963784	0.140791	-0.968855	-0.208070	-0.134262
25200	9.766639	1.418440	-2.551854	-0.089109	-0.125819	-0.021195	-0.101259	-0.167313	0.980690	-0.225651	0.963928	0.141154	-0.968932	-0.207000	-0.135361
25201	9.693900	1.108257	-2.709305	-0.014005	-0.075740	-0.019755	-0.101990	-0.167684	0.980551	-0.225357	0.963960	0.141407	-0.968923	-0.206552	-0.136103
25202	9.603062	1.289748	-2.620474	0.069806	-0.030481	-0.013885	-0.102236	-0.167913	0.980486	-0.226049	0.963786	0.141483	-0.968736	-0.207173	-0.136490
25203	9.682814	1.420281	-2.121884	0.093816	0.001629	-0.009973	-0.102257	-0.168044	0.980461	-0.226857	0.963595	0.141494	-0.968545	-0.207956	-0.136656
25204	9.730897	1.576707	-1.685832	0.019201	0.029116	-0.011012	-0.101932	-0.168122	0.980482	-0.227055	0.963531	0.141611	-0.968533	-0.208189	-0.136388
25205	9.664125	1.519905	-1.225078	-0.152223	0.052075	-0.021733	-0.101424	-0.168292	0.980506	-0.225697	0.963782	0.142075	-0.968903	-0.206888	-0.135733
25206	9.569893	1.171907	-1.250216	-0.213359	0.059098	-0.037539	-0.100749	-0.168564	0.980528	-0.223669	0.964152	0.142767	-0.969444	-0.204930	-0.134840
25207	9.469780	1.079173	-1.004103	-0.170440	0.048038	-0.047643	-0.100238	-0.169019	0.980502	-0.222280	0.964363	0.143513	-0.969816	-0.203561	-0.134235
25208	9.454790	1.061234	-0.855488	-0.108947	0.021656	-0.042749	-0.099916	-0.169420	0.980466	-0.221268	0.964506	0.144114	-0.970081	-0.202546	-0.133857
25209	9.487547	0.887719	-0.929404	-0.051903	0.000286	-0.050208	-0.099854	-0.169992	0.980373	-0.221032	0.964469	0.144721	-0.970141	-0.202243	-0.133879
25210	9.581581	1.215788	-1.108094	0.068598	-0.027438	-0.054670	-0.099982	-0.170607	0.980253	-0.221754	0.964231	0.145201	-0.969963	-0.202857	-0.134239
25211	9.622316	1.767485	-1.150652	0.101131	-0.038692	-0.044578	-0.100331	-0.171180	0.980118	-0.222820	0.963934	0.145544	-0.969683	-0.203787	-0.134855
25212	9.589211	1.626012	-1.332473	0.071721	-0.048123	-0.049220	-0.100671	-0.171785	0.979977	-0.223566	0.963697	0.145965	-0.969476	-0.204395	-0.135422
25213	9.487002	1.154063	-1.633040	0.121191	-0.044739	-0.039190	-0.101158	-0.172293	0.979838	-0.224541	0.963431	0.146226	-0.969200	-0.205222	-0.136146
25214	9.583514	1.514632	-1.778362	0.217339	-0.039886	-0.031155	-0.101458	-0.172708	0.979734	-0.226679	0.962923	0.146270	-0.968671	-0.207245	-0.136845
25215	9.595322	2.000856	-1.780083	0.161400	-0.021539	-0.025687	-0.101680	-0.173042	0.979652	-0.228182	0.962558	0.146339	-0.968294	-0.208659	-0.137358
25216	9.628088	1.960484	-1.960549	0.103751	0.000476	-0.016187	-0.101622	-0.173230	0.979625	-0.229204	0.962307	0.146391	-0.968059	-0.209658	-0.137496
25217	9.718402	1.779018	-2.054097	0.078971	0.039653	-0.000877	-0.101280	-0.173204	0.979665	-0.229957	0.962136	0.146332	-0.967916	-0.210460	-0.137275
25218	9.616807	1.219586	-2.188283	0.096455	0.082463	0.008286	-0.100484	-0.172983	0.979786	-0.230884	0.961942	0.146154	-0.967779	-0.211530	-0.136599
25219	9.556320	1.544713	-1.366693	0.065232	0.094924	-0.000707	-0.099565	-0.172864	0.979900	-0.231712	0.961748	0.146118	-0.967676	-0.212507	-0.135812
25220	9.698344	1.909757	-0.656086	-0.223351	0.098608	-0.033658	-0.098517	-0.173012	0.979980	-0.229585	0.962156	0.146785	-0.968290	-0.210528	-0.134510
25221	9.555006	1.669229	-0.363346	-0.429101	0.091244	-0.036122	-0.097668	-0.173206	0.980031	-0.225226	0.963038	0.147757	-0.969399	-0.206297	-0.133069
25222	9.235619	1.467071	-0.034806	-0.414023	0.063566	-0.024846	-0.096980	-0.173348	0.980074	-0.221235	0.963835	0.148584	-0.970386	-0.202417	-0.131824
25223	9.089483	1.014472	0.098252	-0.340299	0.009064	-0.026954	-0.096899	-0.173688	0.980022	-0.218194	0.964410	0.149347	-0.971083	-0.199364	-0.131348
25224	9.176738	0.677003	0.033401	-0.180921	-0.058831	-0.035536	-0.097377	-0.174180	0.979887	-0.216472	0.964702	0.149969	-0.971420	-0.197515	-0.131645
25225	9.235639	0.964776	-0.093712	-0.033499	-0.121973	-0.051287	-0.098557	-0.174971	0.979628	-0.216150	0.964683	0.150556	-0.971373	-0.196908	-0.132896
25226	9.290594	1.233149	-0.298042	0.032614	-0.191364	-0.058218	-0.100274	-0.175942	0.979280	-0.216525	0.964510	0.151118	-0.971114	-0.196886	-0.134811
25227	9.405568	1.413869	-0.417990	0.054328	-0.239558	-0.055465	-0.102562	-0.177006	0.978851	-0.217113	0.964299	0.151625	-0.970744	-0.196970	-0.137330
25228	9.544459	1.420525	-0.950817	0.033374	-0.265233	-0.053682	-0.105004	-0.178078	0.978398	-0.217494	0.964132	0.152140	-0.970397	-0.196820	-0.139969
25229	9.634726	1.476485	-1.498876	0.077785	-0.280413	-0.046473	-0.107670	-0.179121	0.977918	-0.218280	0.963894	0.152519	-0.969928	-0.197038	-0.142881
25230	9.826562	1.842124	-2.035741	0.103749	-0.270896	-0.028460	-0.110219	-0.179963	0.977479	-0.219318	0.963632	0.152683	-0.969408	-0.197550	-0.145680
25231	9.874555	1.880486	-2.688979	0.091632	-0.235053	-0.006410	-0.112559	-0.180530	0.977108	-0.220142	0.963450	0.152647	-0.968952	-0.197920	-0.148187
25232	10.031926	1.921561	-3.236234	0.147874	-0.173185	0.018965	-0.114263	-0.180724	0.976874	-0.221554	0.963185	0.152277	-0.968430	-0.199031	-0.150097
25233	9.957626	2.363991	-3.382281	0.112410	-0.089748	0.052490	-0.115207	-0.180438	0.976816	-0.222646	0.963035	0.151633	-0.968068	-0.200015	-0.151122
25234	9.646444	2.046894	-3.025395	-0.240117	-0.001864	0.026344	-0.115268	-0.180221	0.976849	-0.220293	0.963554	0.151773	-0.968599	-0.197698	-0.150769
25235	9.871537	2.106956	-3.045094	-0.340327	0.084911	0.033321	-0.114483	-0.179798	0.977019	-0.217130	0.964235	0.152003	-0.969406	-0.194738	-0.149428
25236	9.740769	2.210922	-2.696790	-0.434890	0.158139	0.053738	-0.113049	-0.179008	0.977331	-0.212852	0.965164	0.152159	-0.970522	-0.190826	-0.147213
25237	9.763472	1.550877	-2.446448	-0.451039	0.190412	0.063258	-0.111435	-0.178094	0.977683	-0.208313	0.966140	0.152248	-0.971693	-0.186699	-0.144761
25238	9.655010	1.387708	-2.078979	-0.376246	0.214379	0.070419	-0.109481	-0.177050	0.978094	-0.204579	0.966955	0.152135	-0.972708	-0.183442	-0.142084
25239	9.606910	1.507780	-1.728832	-0.300423	0.214593	0.078275	-0.107616	-0.175938	0.978501	-0.201412	0.967666	0.151838	-0.973577	-0.180742	-0.139572
25240	9.520518	1.430704	-1.053717	-0.274123	0.201405	0.060401	-0.105760	-0.175025	0.978867	-0.198679	0.968259	0.151662	-0.974342	-0.178440	-0.137177
25241	9.553314	1.682833	-0.129850	-0.399429	0.187230	0.043493	-0.104061	-0.174334	0.979173	-0.194759	0.969029	0.151830	-0.975315	-0.174903	-0.134791
25242	9.240698	1.475588	0.030772	-0.455763	0.155631	0.043431	-0.102612	-0.173678	0.979442	-0.190268	0.969886	0.152050	-0.976355	-0.170754	-0.132567
25243	9.159047	1.146822	0.617404	-0.444946	0.086177	0.041962	-0.101956	-0.173134	0.979607	-0.185500	0.970775	0.152267	-0.977341	-0.166192	-0.131093
25244	9.184277	0.876279	0.490932	-0.369526	-0.000378	0.035325	-0.102011	-0.172825	0.979656	-0.181852	0.971438	0.152440	-0.978020	-0.162601	-0.130526
25245	9.194930	0.887312	0.518593	-0.252428	-0.093689	0.023087	-0.103020	-0.172749	0.979563	-0.179022	0.971942	0.152578	-0.978437	-0.159645	-0.131055
25246	9.199031	1.152102	0.205254	-0.139812	-0.173668	0.016791	-0.104736	-0.172896	0.979356	-0.177637	0.972187	0.152633	-0.978507	-0.157984	-0.132535
25247	9.297036	1.187355	-0.171095	-0.056054	-0.235656	0.012058	-0.107146	-0.173188	0.979043	-0.176970	0.972309	0.152630	-0.978367	-0.156908	-0.134828
25248	9.482850	1.083423	-0.717467	0.039040	-0.293752	0.001462	-0.110008	-0.173669	0.978641	-0.177352	0.972245	0.152598	-0.977980	-0.156776	-0.137756
25249	9.440481	1.145756	-1.071897	0.138666	-0.317214	-0.003815	-0.113129	-0.174281	0.978176	-0.178911	0.971977	0.152485	-0.977340	-0.157756	-0.141140
25250	9.518209	1.423778	-1.240039	0.210724	-0.347578	0.002982	-0.116517	-0.174836	0.977679	-0.180967	0.971643	0.152190	-0.976563	-0.159195	-0.144853
25251	9.539550	1.656347	-0.917947	0.190288	-0.369718	-0.007302	-0.120187	-0.175543	0.977108	-0.182803	0.971326	0.152019	-0.975776	-0.160348	-0.148830
25252	9.383269	1.621029	-0.675855	0.139102	-0.376123	-0.012586	-0.123819	-0.176303	0.976517	-0.184177	0.971074	0.151967	-0.975063	-0.161035	-0.152708
25253	9.207866	1.486683	-0.372486	0.098140	-0.412403	-0.018825	-0.127863	-0.177164	0.975840	-0.184984	0.970911	0.152031	-0.974388	-0.161076	-0.156916
25254	9.241922	1.352111	-0.314195	0.107814	-0.462009	-0.020248	-0.132312	-0.178139	0.975069	-0.186062	0.970695	0.152092	-0.973588	-0.161300	-0.161580
25255	9.410451	1.513195	-0.449140	0.093268	-0.495425	-0.011869	-0.137112	-0.179127	0.974225	-0.187177	0.970480	0.152096	-0.972710	-0.161498	-0.166593
25256	9.360738	1.369617	-0.921450	0.104314	-0.531712	-0.007572	-0.142254	-0.180093	0.973309	-0.188204	0.970292	0.152028	-0.971773	-0.161554	-0.171922
25257	9.794714	1.659702	-1.554535	0.131193	-0.532463	-0.000179	-0.147389	-0.181088	0.972360	-0.189954	0.969979	0.151851	-0.970667	-0.162323	-0.177362
25258	9.970901	1.850477	-3.036507	0.078041	-0.482916	0.023907	-0.152107	-0.181673	0.971524	-0.190678	0.969889	0.151514	-0.969797	-0.162202	-0.182168
25259	9.840535	1.129927	-4.150911	0.145733	-0.424944	0.027794	-0.156375	-0.182173	0.970752	-0.192134	0.969679	0.151022	-0.968830	-0.162898	-0.186635
25260	9.901523	1.499557	-4.412706	0.329756	-0.345752	0.040989	-0.159789	-0.182377	0.970158	-0.195265	0.969206	0.150038	-0.967646	-0.165463	-0.190480
25261	9.894733	1.969403	-3.692221	0.408937	-0.265388	0.031486	-0.162473	-0.182610	0.969668	-0.199345	0.968536	0.148995	-0.966366	-0.169091	-0.193763
25262	10.072439	2.091588	-3.334195	0.452362	-0.207421	0.064786	-0.164593	-0.182371	0.969355	-0.203611	0.967874	0.147520	-0.965117	-0.173091	-0.196438
25263	9.991044	1.353371	-3.302259	0.371358	-0.138262	0.083646	-0.166212	-0.181885	0.969171	-0.207112	0.967358	0.146025	-0.964095	-0.176455	-0.198457
25264	9.517749	0.454737	-3.466755	0.546330	-0.104182	0.089964	-0.167391	-0.181235	0.969089	-0.212228	0.966537	0.144100	-0.962777	-0.181547	-0.200253
25265	9.376020	1.689690	-2.211871	0.602558	-0.098291	0.095540	-0.168613	-0.180552	0.969005	-0.217870	0.965592	0.142005	-0.961302	-0.187174	-0.202148
25266	9.294362	2.181988	-0.909248	0.247829	-0.106830	0.045726	-0.169726	-0.180345	0.968849	-0.220178	0.965202	0.141095	-0.960581	-0.189372	-0.203528
25267	9.150661	1.702750	0.339495	-0.013104	-0.125787	0.015310	-0.171070	-0.180454	0.968592	-0.219846	0.965289	0.141010	-0.960418	-0.188819	-0.204805
25268	8.846484	1.632718	1.911587	-0.044244	-0.233488	0.011091	-0.173323	-0.180820	0.968123	-0.219406	0.965387	0.141029	-0.960115	-0.187968	-0.206997
25269	8.930630	0.956231	2.675484	-0.137128	-0.389608	-0.019142	-0.177033	-0.181794	0.967270	-0.218192	0.965587	0.141543	-0.959714	-0.185993	-0.210606
25270	8.920843	-0.204692	2.810125	0.006587	-0.585925	-0.060546	-0.182507	-0.183499	0.965929	-0.218368	0.965458	0.142150	-0.958648	-0.184985	-0.216273
25271	8.878229	0.341939	3.041755	0.275465	-0.805292	-0.089534	-0.190136	-0.185867	0.964003	-0.221013	0.964814	0.142432	-0.956557	-0.185975	-0.224525
25272	8.803834	0.852014	2.799163	0.309769	-1.024569	-0.112139	-0.199660	-0.188893	0.961486	-0.224194	0.964020	0.142835	-0.953873	-0.187041	-0.234825
25273	8.798082	0.264278	2.493055	0.338534	-1.242639	-0.159570	-0.211111	-0.192858	0.958247	-0.228001	0.963015	0.143587	-0.950499	-0.188168	-0.247275
25274	9.657657	0.633259	2.255838	0.496712	-1.427974	-0.196108	-0.224188	-0.197480	0.954328	-0.233143	0.961687	0.144233	-0.946247	-0.190160	-0.261640
25275	10.626266	1.531221	0.654245	0.281827	-1.524252	-0.189976	-0.238202	-0.202296	0.949914	-0.236434	0.960721	0.145309	-0.941997	-0.189979	-0.276675
25276	11.027395	0.895176	-2.026856	0.241632	-1.563784	-0.210757	-0.252384	-0.207317	0.945157	-0.239228	0.959824	0.146654	-0.937589	-0.189095	-0.291840
25277	12.177938	1.408594	-3.727678	0.351603	-1.514528	-0.194547	-0.266201	-0.212114	0.940290	-0.243105	0.958728	0.147449	-0.932758	-0.189338	-0.306780
25278	12.650937	0.569322	-4.694034	0.343374	-1.468065	-0.180125	-0.279404	-0.216654	0.935411	-0.246798	0.957684	0.148095	-0.927914	-0.189479	-0.321051
25279	11.671440	0.159950	-4.198230	0.525260	-1.432310	-0.196015	-0.292254	-0.221315	0.930380	-0.252314	0.956228	0.148206	-0.922456	-0.191435	-0.335302
25280	11.537817	0.499654	-3.570314	0.628673	-1.434483	-0.161081	-0.305019	-0.225653	0.925226	-0.258584	0.954648	0.147582	-0.916568	-0.194234	-0.349536
25281	11.238244	0.916589	-2.261921	0.694051	-1.478609	-0.128673	-0.318306	-0.229890	0.919691	-0.265530	0.952938	0.146300	-0.910041	-0.197637	-0.364369
25282	11.062191	1.222331	-0.313044	0.342569	-1.548545	-0.176358	-0.331867	-0.234660	0.913673	-0.269220	0.951844	0.146677	-0.904093	-0.197302	-0.379061
25283	10.924144	0.690786	-0.020134	-0.006061	-1.608522	-0.213440	-0.346003	-0.239956	0.907030	-0.270088	0.951294	0.148636	-0.898518	-0.193549	-0.393959
25284	10.835597	0.417801	1.316448	-0.258152	-1.726035	-0.244325	-0.360793	-0.245597	0.899728	-0.268649	0.951183	0.151914	-0.893116	-0.186902	-0.409160
25285	10.715617	-0.629642	1.503087	-0.619177	-1.866927	-0.321917	-0.376590	-0.252208	0.891387	-0.264645	0.951416	0.157387	-0.887774	-0.176631	-0.425039
25286	10.572044	-1.574696	0.867689	-0.755227	-1.980521	-0.400283	-0.393055	-0.259428	0.882159	-0.259513	0.951671	0.164241	-0.882134	-0.164376	-0.441384
25287	10.706908	-2.153066	0.663143	-0.589192	-2.144153	-0.500717	-0.410697	-0.267810	0.871554	-0.256764	0.951175	0.171283	-0.874872	-0.153438	-0.459409
25288	11.615538	-1.533601	0.144201	-0.255922	-2.331962	-0.565029	-0.429529	-0.276691	0.859620	-0.256923	0.950009	0.177407	-0.865734	-0.144655	-0.479145
25289	12.139282	-0.281864	-0.972718	0.106473	-2.475924	-0.607680	-0.449422	-0.286019	0.846294	-0.260678	0.948116	0.181999	-0.854440	-0.138816	-0.500663
25290	12.313298	0.890348	-2.241582	0.501764	-2.571996	-0.637348	-0.469533	-0.295623	0.831953	-0.267876	0.945562	0.184810	-0.841297	-0.136086	-0.523163
25291	11.988316	2.529598	-2.882932	0.693296	-2.630094	-0.680766	-0.489775	-0.305603	0.816534	-0.277036	0.942566	0.186601	-0.826663	-0.134816	-0.546309
25292	11.728494	3.944732	-4.173154	0.667309	-2.655080	-0.704639	-0.509527	-0.315821	0.800399	-0.286039	0.939473	0.188606	-0.811519	-0.132845	-0.569024
25293	11.267671	3.808917	-5.211883	0.497124	-2.666847	-0.703067	-0.528883	-0.325981	0.783594	-0.293927	0.936507	0.191210	-0.796172	-0.129192	-0.591117
25294	10.433078	3.034437	-5.855253	0.376441	-2.597967	-0.669066	-0.547370	-0.335562	0.766671	-0.300515	0.933806	0.194160	-0.781074	-0.124119	-0.611978
25295	9.290731	1.947410	-6.545309	0.305934	-2.447118	-0.654332	-0.564220	-0.344683	0.750233	-0.306714	0.931162	0.197141	-0.766539	-0.118876	-0.631099
25296	8.299018	1.524413	-6.857755	0.387694	-2.226548	-0.632716	-0.579158	-0.353199	0.734729	-0.313295	0.928489	0.199385	-0.752610	-0.114711	-0.648397
25297	7.163966	1.931936	-7.039789	0.417846	-1.942476	-0.628027	-0.591541	-0.361280	0.720802	-0.320290	0.925721	0.201137	-0.739928	-0.111885	-0.663316
25298	6.411602	2.113461	-6.635229	0.356057	-1.573219	-0.597137	-0.601154	-0.368573	0.709061	-0.326487	0.923135	0.203049	-0.729397	-0.109435	-0.675281
25299	6.343249	0.953836	-6.723893	0.345205	-1.085563	-0.551558	-0.607089	-0.374907	0.700634	-0.332519	0.920654	0.204516	-0.721716	-0.108815	-0.683583
25300	5.864480	-0.325101	-6.883538	0.618547	-0.573040	-0.514351	-0.609465	-0.380301	0.695647	-0.340115	0.918015	0.203887	-0.716153	-0.112338	-0.688844
25301	5.862793	-0.639372	-6.938504	1.068807	-0.109244	-0.425874	-0.608646	-0.384398	0.694110	-0.350543	0.915076	0.199388	-0.711808	-0.121959	-0.691705
25302	6.498832	-0.487284	-4.712418	1.403322	0.426690	-0.230506	-0.604777	-0.385984	0.696606	-0.361934	0.912362	0.191310	-0.709400	-0.136426	-0.691477
25303	7.091495	0.432995	-3.963531	1.465563	1.017811	-0.012786	-0.597371	-0.384688	0.703678	-0.372626	0.910116	0.181211	-0.710139	-0.153958	-0.687022
25304	7.014994	1.602335	-4.241865	1.261090	1.591989	0.124162	-0.586480	-0.380999	0.714759	-0.380897	0.908526	0.171749	-0.714813	-0.171522	-0.677954
25305	6.376146	2.074667	-4.813559	0.922536	2.114211	0.193419	-0.571878	-0.375497	0.729354	-0.386632	0.907522	0.164071	-0.723513	-0.188163	-0.664171
25306	6.366461	2.296847	-4.834656	0.634658	2.570192	0.290852	-0.554239	-0.367855	0.746660	-0.389644	0.907348	0.157792	-0.735525	-0.203477	-0.646220
25307	7.024065	2.971184	-4.773932	0.299396	3.001213	0.427489	-0.533467	-0.357703	0.766461	-0.389757	0.908191	0.152571	-0.750668	-0.217342	-0.623907
25308	7.593501	3.150185	-5.180649	-0.115218	3.429628	0.561012	-0.509565	-0.344988	0.788243	-0.385973	0.910407	0.148940	-0.769005	-0.228346	-0.597067
25309	7.618578	2.960291	-5.677585	-0.502326	3.844076	0.687496	-0.482097	-0.329797	0.811675	-0.378853	0.913823	0.146281	-0.789971	-0.236984	-0.565496
25310	7.376503	2.085325	-5.941131	-0.733417	4.205892	0.822553	-0.451456	-0.312180	0.835901	-0.369152	0.918216	0.143549	-0.812351	-0.243769	-0.529776
25311	7.234801	1.238301	-5.938398	-0.776996	4.495624	0.944628	-0.417747	-0.292380	0.860233	-0.358840	0.922927	0.139429	-0.834698	-0.250440	-0.490467
25312	7.107909	0.851730	-6.080204	-0.690999	4.751691	1.039275	-0.381230	-0.270724	0.883953	-0.348858	0.927599	0.133636	-0.856132	-0.257428	-0.448073
25313	7.133007	0.770481	-6.279077	-0.531528	4.944003	1.096850	-0.342076	-0.247587	0.906468	-0.340474	0.931772	0.126012	-0.875820	-0.265523	-0.403034
25314	7.727411	0.617846	-6.428159	-0.372404	5.124168	1.126547	-0.300515	-0.223268	0.927277	-0.333570	0.935421	0.117125	-0.893544	-0.274114	-0.355584
25315	8.181337	0.409576	-6.203873	-0.193669	5.298011	1.107722	-0.256327	-0.198073	0.946078	-0.328920	0.938240	0.107316	-0.908905	-0.283676	-0.305647
25316	8.598499	0.535997	-6.017113	-0.047922	5.421566	1.084950	-0.210229	-0.172266	0.962356	-0.325958	0.940382	0.097126	-0.921713	-0.293269	-0.253847
25317	9.155423	0.538599	-6.235819	0.002869	5.519608	1.089108	-0.162500	-0.145525	0.975918	-0.324127	0.942050	0.086504	-0.931952	-0.302265	-0.200251
25318	9.841244	0.742883	-6.294938	0.071555	5.591784	1.104875	-0.113726	-0.118006	0.986479	-0.323276	0.943282	0.075569	-0.939446	-0.310311	-0.145424
25319	10.716413	1.455529	-6.218218	-0.135704	5.631079	1.092494	-0.064095	-0.090015	0.993876	-0.321185	0.944793	0.064856	-0.944845	-0.315061	-0.089468
25320	11.186437	1.834344	-5.824077	-0.185560	5.545714	1.048233	-0.014947	-0.062586	0.997928	-0.319017	0.946177	0.054562	-0.947631	-0.317540	-0.034108
25321	12.095427	4.332067	4.009074	-0.622986	5.272589	0.949197	0.032150	-0.036864	0.998803	-0.313328	0.948574	0.045095	-0.949101	-0.314403	0.018946
25322	10.821623	2.856282	0.011483	-0.949396	4.308116	0.914510	0.070249	-0.014827	0.997419	-0.304780	0.951757	0.035614	-0.949828	-0.306496	0.062341
25323	11.133879	0.939661	-4.156791	-1.247566	3.223624	0.921986	0.098188	0.003745	0.995161	-0.293798	0.955530	0.025392	-0.950811	-0.294869	0.094922
25324	7.160255	-2.608128	-3.755434	-0.432855	2.352635	0.797355	0.118228	0.018224	0.992819	-0.290545	0.956709	0.017037	-0.949529	-0.290473	0.118405
25325	1.363841	-1.129797	-2.917060	0.283344	1.492767	0.395352	0.131280	0.026419	0.990993	-0.293842	0.955760	0.013446	-0.946796	-0.292960	0.133235
25326	2.300307	1.106926	-2.745670	0.389025	0.543376	-0.095647	0.136717	0.027077	0.990240	-0.297390	0.954639	0.014955	-0.944917	-0.296532	0.138567
25327	4.503606	1.827779	-1.999550	-0.349232	-0.234032	-0.370568	0.135643	0.022903	0.990493	-0.293684	0.955731	0.018119	-0.946230	-0.293350	0.136364
25328	5.392356	0.194196	-4.213668	-0.810966	-0.971587	-0.540269	0.128010	0.014889	0.991661	-0.285281	0.958181	0.022440	-0.949857	-0.285775	0.126904
25329	9.366605	-3.306386	-3.828393	-0.747558	-1.456569	-0.641840	0.115989	0.004660	0.993240	-0.277458	0.960333	0.027895	-0.953711	-0.278818	0.112681
25330	14.231462	-6.670257	1.342453	-0.148037	-1.124527	-0.440137	0.106485	-0.002726	0.994311	-0.275553	0.960748	0.032144	-0.955370	-0.277408	0.101554
25331	13.907184	-3.627870	-0.859975	0.160014	-1.151589	-0.396950	0.096605	-0.009686	0.995276	-0.276792	0.960247	0.036212	-0.956062	-0.278982	0.090084
25332	12.315272	0.648477	-0.402646	0.853601	-1.454679	-0.689097	0.084653	-0.020441	0.996201	-0.284322	0.957727	0.043812	-0.954984	-0.286951	0.075262
25333	12.034162	5.714503	-1.878407	0.935342	-1.553097	-0.869512	0.072376	-0.033219	0.996824	-0.292694	0.954733	0.053068	-0.953463	-0.295605	0.059377
25334	10.400095	5.263111	-4.146490	0.430593	-1.523299	-0.827951	0.060306	-0.045677	0.997134	-0.296249	0.953124	0.061578	-0.953205	-0.299114	0.043948
25335	9.967071	3.919934	-4.537003	-0.016954	-1.398232	-0.726438	0.049145	-0.056755	0.997178	-0.295760	0.952781	0.068805	-0.953997	-0.298307	0.030039
25336	9.542139	2.109404	-4.211841	0.183508	-1.213819	-0.583582	0.039310	-0.065970	0.997047	-0.297254	0.951872	0.074701	-0.953989	-0.299312	0.017809
25337	10.353818	3.128619	-3.677038	0.452073	-1.144703	-0.522999	0.029980	-0.074389	0.996779	-0.301420	0.950132	0.079974	-0.953020	-0.302846	0.006063
25338	10.424764	3.581847	-3.150184	0.132405	-0.995095	-0.471797	0.021937	-0.081916	0.996398	-0.302560	0.949358	0.084710	-0.952878	-0.303329	-0.003959
25339	9.832108	2.301284	-2.762600	-0.149436	-0.861576	-0.375144	0.014875	-0.088099	0.996001	-0.301079	0.949485	0.088481	-0.953483	-0.301191	-0.012401
25340	9.733639	1.856288	-2.068746	-0.185607	-0.730565	-0.315678	0.008869	-0.093318	0.995597	-0.299273	0.949752	0.091687	-0.954126	-0.298768	-0.019504
25341	9.663965	2.604664	-1.839389	-0.317055	-0.624359	-0.274683	0.003739	-0.097810	0.995198	-0.296227	0.950429	0.094523	-0.955110	-0.295158	-0.025420
25342	9.663514	1.791154	-1.937715	-0.540724	-0.540314	-0.254081	-0.000665	-0.101836	0.994801	-0.291057	0.951752	0.097234	-0.956706	-0.289479	-0.030273
25343	10.032065	0.806503	-1.751247	-0.513175	-0.456105	-0.244237	-0.004313	-0.105506	0.994409	-0.286144	0.952968	0.099868	-0.958177	-0.284114	-0.034300
25344	9.969534	0.476324	-1.945514	-0.376365	-0.379706	-0.242762	-0.007249	-0.108922	0.994024	-0.282552	0.953765	0.102450	-0.959224	-0.280121	-0.037690
25345	9.981931	0.000650	-1.942696	-0.122063	-0.331896	-0.237391	-0.009752	-0.112150	0.993643	-0.281393	0.953842	0.104896	-0.959543	-0.278581	-0.040860
25346	10.011063	0.817231	-1.810282	0.171981	-0.284247	-0.213403	-0.011862	-0.115009	0.993294	-0.283068	0.953115	0.106976	-0.959026	-0.279901	-0.043861
25347	9.711664	1.479123	-1.216297	0.006779	-0.252843	-0.274850	-0.013497	-0.118371	0.992878	-0.283164	0.952772	0.109741	-0.958977	-0.279666	-0.046378
25348	9.925602	0.997594	-1.502294	-0.129686	-0.193372	-0.269888	-0.014575	-0.121512	0.992483	-0.281960	0.952806	0.112514	-0.959315	-0.278201	-0.048149
25349	9.952718	1.603530	-0.843554	-0.169396	-0.186244	-0.280050	-0.015566	-0.124735	0.992068	-0.280361	0.952931	0.115415	-0.959768	-0.276341	-0.049804
25350	10.378414	0.894694	-0.310120	-0.142806	-0.219949	-0.298976	-0.016827	-0.128220	0.991603	-0.279042	0.952941	0.118486	-0.960132	-0.274705	-0.051814
25351	9.744294	0.670620	0.314453	0.029365	-0.244303	-0.316230	-0.018281	-0.131943	0.991089	-0.279369	0.952447	0.121645	-0.960010	-0.274656	-0.054272
25352	9.179105	0.975116	0.522448	0.241522	-0.306779	-0.295843	-0.020380	-0.135635	0.990549	-0.281747	0.951381	0.124474	-0.959272	-0.276547	-0.057604
25353	9.622698	1.443081	0.568250	0.281892	-0.401345	-0.326688	-0.023296	-0.139891	0.989893	-0.284515	0.950145	0.127578	-0.958389	-0.278667	-0.061935
25354	9.742121	1.271480	0.767926	0.154981	-0.435113	-0.324980	-0.026523	-0.144221	0.989190	-0.286083	0.949245	0.130727	-0.957838	-0.279524	-0.066436
25355	9.142145	0.702197	0.708089	0.197819	-0.503688	-0.309745	-0.030445	-0.148604	0.988428	-0.288060	0.948234	0.133689	-0.957128	-0.280657	-0.071676
25356	9.283551	1.393213	1.353998	0.242118	-0.566406	-0.339815	-0.034866	-0.153448	0.987541	-0.290491	0.947034	0.136898	-0.956242	-0.282099	-0.077595
25357	9.036793	1.339389	1.765279	0.273470	-0.651994	-0.331912	-0.040113	-0.158464	0.986550	-0.293235	0.945737	0.139985	-0.955199	-0.283675	-0.084403
25358	9.145467	1.976123	1.142878	0.321045	-0.733331	-0.315054	-0.046169	-0.163558	0.985453	-0.296439	0.944310	0.142841	-0.953935	-0.285531	-0.092083
25359	9.312809	2.352630	0.059120	0.257861	-0.769622	-0.291123	-0.052622	-0.168534	0.984290	-0.299046	0.943082	0.145491	-0.952787	-0.286692	-0.100026
25360	9.668726	2.269191	-1.369673	0.165314	-0.760933	-0.248865	-0.059107	-0.173093	0.983130	-0.300764	0.942176	0.147800	-0.951865	-0.286954	-0.107750
25361	9.634225	1.848945	-2.888313	0.204555	-0.704243	-0.214424	-0.065142	-0.177167	0.982023	-0.302848	0.941206	0.149713	-0.950810	-0.287651	-0.114967
25362	9.627909	2.248907	-3.597859	0.321698	-0.648455	-0.167940	-0.070777	-0.180647	0.980998	-0.306023	0.939971	0.151013	-0.949389	-0.289520	-0.121811
25363	9.698321	2.365031	-3.536447	0.338120	-0.590559	-0.125161	-0.075980	-0.183575	0.980065	-0.309317	0.938756	0.151858	-0.947919	-0.291612	-0.128110
25364	9.903251	2.094521	-3.313109	0.356999	-0.510598	-0.114939	-0.080444	-0.186178	0.979217	-0.312793	0.937491	0.152549	-0.946409	-0.294020	-0.133651
25365	9.500677	2.050807	-2.962587	0.348848	-0.438562	-0.106082	-0.084248	-0.188509	0.978451	-0.316164	0.936260	0.153157	-0.944956	-0.296448	-0.138478
25366	9.516419	2.331486	-2.271336	0.230922	-0.420730	-0.109447	-0.087859	-0.190812	0.977687	-0.318444	0.935360	0.153935	-0.943861	-0.297814	-0.142943
25367	9.623870	1.958583	-2.040690	0.039844	-0.386413	-0.098854	-0.091183	-0.192934	0.976966	-0.318887	0.935050	0.154894	-0.943396	-0.297418	-0.146785
25368	9.297908	0.895353	-1.595968	0.121473	-0.351644	-0.110416	-0.094131	-0.195043	0.976267	-0.320140	0.934467	0.155824	-0.942682	-0.297874	-0.150403
25369	9.548949	1.628301	-0.538343	0.132387	-0.372162	-0.118363	-0.097251	-0.197304	0.975507	-0.321476	0.933840	0.156828	-0.941910	-0.298351	-0.154245
25370	9.568298	1.378683	-0.329305	-0.065665	-0.392207	-0.128664	-0.100516	-0.199703	0.974687	-0.320990	0.933773	0.158217	-0.941733	-0.296962	-0.157962
25371	9.338042	0.773113	-0.571412	-0.017286	-0.434332	-0.144412	-0.104133	-0.202383	0.973754	-0.320957	0.933532	0.159700	-0.941352	-0.295903	-0.162168
25372	9.260990	0.791153	-0.612715	0.117084	-0.491315	-0.164939	-0.108210	-0.205406	0.972676	-0.322239	0.932842	0.161145	-0.940453	-0.295997	-0.167133
