// General information: 
//  MT Manager version: 2022.2.0 
//  XDA version: 2022.2.0 build 7381 rev 124627 built on 2023-07-19
// Device information: 
//  DeviceId: 00B4CB9F
//  ProductCode: MTW2-3A7G6
//  Firmware Version: 4.6.0
//  Hardware Version: 2.0.0
// Device settings: 
//  Filter Profile: human(46.1)
//  Option Flags: Orientation Smoother Disabled, Position/Velocity Smoother Disabled, Continuous Zero Rotation Update Disabled, AHS Disabled, ICC Disabled
// Coordinate system: ENU
PacketCounter	Acc_X	Acc_Y	Acc_Z	Gyr_X	Gyr_Y	Gyr_Z	Mat[1][1]	Mat[2][1]	Mat[3][1]	Mat[1][2]	Mat[2][2]	Mat[3][2]	Mat[1][3]	Mat[2][3]	Mat[3][3]
21751	9.629841	-0.955229	1.401757	0.053548	0.007468	-0.019562	-0.104433	-0.140712	0.984527	0.252337	-0.961295	-0.110625	0.961987	0.236879	0.135898
21752	9.633457	-0.920951	1.453734	0.044411	0.013532	-0.016972	-0.104496	-0.140596	0.984537	0.252774	-0.961202	-0.110435	0.961866	0.237325	0.135981
21753	9.686384	-0.983372	1.492382	0.025621	0.014244	-0.017269	-0.104615	-0.140498	0.984538	0.253036	-0.961152	-0.110274	0.961784	0.237587	0.136102
21754	9.599269	-1.069404	1.449306	0.018398	0.014712	-0.012683	-0.104680	-0.140426	0.984542	0.253227	-0.961114	-0.110160	0.961727	0.237781	0.136169
21755	9.678002	-1.112219	1.437938	0.011113	0.015575	-0.014552	-0.104805	-0.140357	0.984538	0.253352	-0.961094	-0.110046	0.961680	0.237902	0.136287
21756	9.660368	-1.111854	1.382460	0.025115	0.015039	-0.009040	-0.104863	-0.140321	0.984537	0.253612	-0.961036	-0.109960	0.961605	0.238160	0.136365
21757	9.669905	-0.977707	1.264222	0.014686	0.019006	-0.010624	-0.105011	-0.140299	0.984525	0.253775	-0.961002	-0.109879	0.961546	0.238310	0.136520
21758	9.649247	-0.918593	1.219011	-0.002247	0.014511	-0.015381	-0.105082	-0.140201	0.984531	0.253766	-0.961017	-0.109767	0.961541	0.238306	0.136564
21759	9.686683	-0.891451	1.083074	-0.009547	0.010093	-0.012048	-0.105148	-0.140143	0.984532	0.253695	-0.961043	-0.109705	0.961552	0.238235	0.136605
21760	9.700700	-0.921486	1.090408	-0.026997	0.006402	-0.008585	-0.105123	-0.140091	0.984542	0.253454	-0.961108	-0.109694	0.961619	0.238004	0.136541
21761	9.725646	-0.923800	1.114674	-0.027850	0.010834	-0.008532	-0.105187	-0.140069	0.984539	0.253210	-0.961172	-0.109692	0.961676	0.237757	0.136570
21762	9.707196	-0.947575	1.131891	-0.034501	0.010103	-0.005720	-0.105191	-0.140051	0.984541	0.252898	-0.961251	-0.109718	0.961757	0.237447	0.136533
21763	9.746133	-0.980952	1.162856	-0.043633	0.010049	-0.009984	-0.105251	-0.140014	0.984540	0.252501	-0.961355	-0.109723	0.961855	0.237049	0.136537
21764	9.724402	-0.991350	1.159892	-0.057351	0.013439	-0.006933	-0.105290	-0.139992	0.984539	0.251968	-0.961490	-0.109768	0.961991	0.236515	0.136508
21765	9.727800	-0.959693	1.210862	-0.061635	0.007520	-0.004748	-0.105312	-0.139998	0.984535	0.251403	-0.961629	-0.109849	0.962136	0.235947	0.136467
21766	9.676716	-1.022892	1.206874	-0.071555	0.011489	-0.002498	-0.105322	-0.140015	0.984532	0.250740	-0.961789	-0.109957	0.962308	0.235280	0.136405
21767	9.690463	-1.099623	1.183211	-0.069899	0.009113	-0.002209	-0.105354	-0.140049	0.984524	0.250098	-0.961943	-0.110074	0.962472	0.234631	0.136371
21768	9.675211	-1.137990	1.220040	-0.063603	0.014296	-0.001127	-0.105387	-0.140085	0.984515	0.249511	-0.962083	-0.110184	0.962620	0.234036	0.136344
21769	9.661012	-1.107566	1.214466	-0.054013	0.020055	-0.004675	-0.105530	-0.140122	0.984494	0.249020	-0.962202	-0.110256	0.962732	0.233523	0.136435
21770	9.603647	-1.052708	1.232470	-0.051491	0.018545	-0.009645	-0.105625	-0.140086	0.984489	0.248540	-0.962325	-0.110267	0.962845	0.233038	0.136463
21771	9.575182	-1.081151	1.159222	-0.055127	0.016314	-0.007981	-0.105740	-0.140082	0.984478	0.248034	-0.962451	-0.110307	0.962963	0.232520	0.136515
21772	9.570687	-1.136230	1.183011	-0.057978	0.016155	-0.005973	-0.105803	-0.140076	0.984472	0.247495	-0.962583	-0.110362	0.963095	0.231975	0.136513
21773	9.541407	-1.142916	1.213924	-0.047241	0.019549	-0.013062	-0.105962	-0.140030	0.984461	0.247060	-0.962697	-0.110342	0.963189	0.231528	0.136606
21774	9.558635	-1.186623	1.241620	-0.027623	0.014452	-0.012820	-0.106027	-0.139952	0.984465	0.246803	-0.962769	-0.110288	0.963248	0.231275	0.136620
21775	9.548078	-1.077834	1.317707	-0.006488	0.013921	-0.018339	-0.106145	-0.139843	0.984468	0.246754	-0.962797	-0.110159	0.963248	0.231229	0.136702
21776	9.602395	-0.981684	1.374405	-0.004687	0.015237	-0.022391	-0.106240	-0.139677	0.984481	0.246712	-0.962828	-0.109981	0.963248	0.231199	0.136751
21777	9.591585	-0.962286	1.389580	-0.004178	0.020549	-0.023748	-0.106435	-0.139530	0.984481	0.246680	-0.962857	-0.109796	0.963235	0.231165	0.136901
21778	9.563425	-0.898487	1.378415	-0.009320	0.019055	-0.021516	-0.106565	-0.139382	0.984488	0.246593	-0.962898	-0.109633	0.963242	0.231085	0.136982
21779	9.609897	-0.888843	1.407726	-0.018222	0.022249	-0.023662	-0.106776	-0.139240	0.984485	0.246426	-0.962959	-0.109469	0.963262	0.230914	0.137134
21780	9.634634	-0.980511	1.371662	-0.023965	0.016648	-0.014477	-0.106867	-0.139155	0.984487	0.246211	-0.963023	-0.109395	0.963307	0.230701	0.137177
21781	9.666979	-1.031256	1.332498	-0.024402	0.016212	-0.011851	-0.106991	-0.139113	0.984480	0.245997	-0.963082	-0.109355	0.963348	0.230479	0.137263
21782	9.663609	-1.017070	1.313808	-0.031622	0.016635	-0.007272	-0.107065	-0.139096	0.984474	0.245713	-0.963154	-0.109362	0.963412	0.230189	0.137297
21783	9.702399	-1.095753	1.314667	-0.034756	0.019716	-0.006971	-0.107210	-0.139109	0.984456	0.245404	-0.963230	-0.109385	0.963474	0.229862	0.137406
21784	9.724941	-1.106318	1.215796	-0.041670	0.022187	-0.005867	-0.107334	-0.139118	0.984442	0.245022	-0.963323	-0.109419	0.963558	0.229466	0.137484
21785	9.685824	-1.072240	1.187127	-0.049128	0.019756	-0.009860	-0.107487	-0.139103	0.984427	0.244572	-0.963436	-0.109433	0.963655	0.229000	0.137578
21786	9.664112	-1.127489	1.153760	-0.053243	0.017498	-0.012029	-0.107580	-0.139043	0.984425	0.244074	-0.963563	-0.109423	0.963771	0.228501	0.137597
21787	9.678141	-1.203134	1.130267	-0.047641	0.013710	-0.005255	-0.107664	-0.139058	0.984414	0.243642	-0.963666	-0.109481	0.963871	0.228058	0.137633
21788	9.695387	-1.247234	1.157654	-0.029210	0.016744	-0.013078	-0.107753	-0.138986	0.984415	0.243373	-0.963740	-0.109427	0.963929	0.227789	0.137671
21789	9.623944	-1.205933	1.138350	-0.013976	0.012274	-0.010260	-0.107835	-0.138949	0.984411	0.243261	-0.963773	-0.109389	0.963948	0.227673	0.137729
21790	9.592535	-1.084466	1.137139	-0.008044	0.004475	-0.013841	-0.107807	-0.138843	0.984429	0.243198	-0.963799	-0.109300	0.963967	0.227627	0.137670
21791	9.577351	-1.031282	1.235159	-0.002352	-0.000503	-0.012671	-0.107771	-0.138754	0.984445	0.243195	-0.963809	-0.109222	0.963972	0.227641	0.137615
21792	9.576464	-1.098717	1.277508	0.001669	-0.002711	-0.018222	-0.107684	-0.138589	0.984478	0.243218	-0.963819	-0.109077	0.963976	0.227697	0.137495
21793	9.605872	-1.044616	1.278470	0.008450	-0.003559	-0.020173	-0.107638	-0.138421	0.984507	0.243311	-0.963815	-0.108910	0.963957	0.227818	0.137422
21794	9.581174	-0.994633	1.285220	0.002390	-0.005517	-0.019148	-0.107527	-0.138240	0.984544	0.243340	-0.963825	-0.108754	0.963962	0.227885	0.137277
21795	9.623510	-0.995245	1.366125	-0.005079	0.003426	-0.021438	-0.107551	-0.138076	0.984565	0.243302	-0.963853	-0.108593	0.963969	0.227867	0.137258
21796	9.648664	-1.041177	1.359294	0.002622	0.003033	-0.022188	-0.107530	-0.137886	0.984594	0.243332	-0.963866	-0.108408	0.963964	0.227926	0.137196
21797	9.630468	-1.063713	1.375634	0.009132	-0.000285	-0.014220	-0.107501	-0.137783	0.984611	0.243438	-0.963851	-0.108299	0.963941	0.228049	0.137156
21798	9.666182	-1.037326	1.417205	0.006499	0.008105	-0.015262	-0.107512	-0.137671	0.984626	0.243513	-0.963846	-0.108176	0.963920	0.228139	0.137150
21799	9.666217	-1.035666	1.418181	0.012562	0.010063	-0.016285	-0.107587	-0.137572	0.984631	0.243650	-0.963827	-0.108042	0.963877	0.228281	0.137215
21800	9.633763	-1.027361	1.428983	0.004388	0.010431	-0.019358	-0.107632	-0.137426	0.984647	0.243699	-0.963832	-0.107882	0.963860	0.228345	0.137230
21801	9.613160	-0.967346	1.383665	-0.000892	0.010544	-0.017983	-0.107717	-0.137311	0.984654	0.243704	-0.963846	-0.107749	0.963849	0.228358	0.137285
21802	9.588377	-0.962662	1.360541	-0.011850	0.004253	-0.019486	-0.107703	-0.137149	0.984678	0.243596	-0.963889	-0.107610	0.963878	0.228273	0.137222
21803	9.624454	-1.026517	1.339789	-0.025638	-0.002615	-0.012546	-0.107647	-0.137057	0.984697	0.243368	-0.963951	-0.107565	0.963942	0.228065	0.137122
21804	9.653107	-1.132465	1.321097	-0.030778	-0.004125	-0.010323	-0.107531	-0.136964	0.984722	0.243086	-0.964025	-0.107541	0.964026	0.227808	0.136956
21805	9.664369	-1.193994	1.275842	-0.018101	-0.006677	-0.008976	-0.107427	-0.136897	0.984743	0.242935	-0.964065	-0.107521	0.964076	0.227678	0.136824
21806	9.689385	-1.196234	1.299167	-0.010621	0.001053	-0.010141	-0.107360	-0.136820	0.984761	0.242852	-0.964092	-0.107472	0.964104	0.227613	0.136732
21807	9.657894	-1.119909	1.266586	0.004055	0.003089	-0.010715	-0.107355	-0.136758	0.984770	0.242913	-0.964084	-0.107405	0.964089	0.227683	0.136719
21808	9.615529	-1.026051	1.247570	0.003385	-0.000189	-0.016665	-0.107292	-0.136615	0.984797	0.242954	-0.964088	-0.107272	0.964086	0.227751	0.136630
21809	9.608944	-0.952089	1.238665	-0.002033	0.001539	-0.016137	-0.107285	-0.136497	0.984814	0.242951	-0.964101	-0.107160	0.964088	0.227765	0.136596
21810	9.630511	-0.894414	1.273435	-0.013429	0.000511	-0.026629	-0.107253	-0.136260	0.984850	0.242821	-0.964157	-0.106953	0.964124	0.227671	0.136496
21811	9.695750	-0.905106	1.253715	-0.021291	-0.002785	-0.021560	-0.107218	-0.136080	0.984879	0.242626	-0.964222	-0.106813	0.964177	0.227505	0.136398
21812	9.631209	-0.935596	1.241680	-0.031265	-0.003758	-0.020584	-0.107131	-0.135891	0.984915	0.242331	-0.964310	-0.106689	0.964261	0.227246	0.136238
21813	9.649195	-1.023483	1.236229	-0.045486	-0.005376	-0.022630	-0.107072	-0.135695	0.984948	0.241902	-0.964430	-0.106572	0.964375	0.226850	0.136089
21814	9.639077	-1.094791	1.186784	-0.030837	-0.008625	-0.018041	-0.106932	-0.135520	0.984987	0.241615	-0.964513	-0.106473	0.964462	0.226603	0.135881
21815	9.661206	-1.127718	1.158488	-0.022666	-0.008982	-0.014971	-0.106820	-0.135390	0.985017	0.241414	-0.964572	-0.106400	0.964525	0.226431	0.135721
21816	9.687128	-1.060450	1.138898	-0.011775	-0.007551	-0.014747	-0.106682	-0.135250	0.985051	0.241318	-0.964606	-0.106308	0.964564	0.226369	0.135545
21817	9.726441	-1.093050	1.168292	-0.011581	-0.004294	-0.012617	-0.106610	-0.135154	0.985072	0.241226	-0.964636	-0.106243	0.964595	0.226299	0.135443
21818	9.676103	-1.154764	1.162891	-0.000528	0.000816	-0.016708	-0.106558	-0.135012	0.985098	0.241230	-0.964649	-0.106115	0.964600	0.226328	0.135360
21819	9.705507	-1.145797	1.133166	0.012282	-0.003331	-0.014525	-0.106500	-0.134899	0.985119	0.241367	-0.964628	-0.105999	0.964572	0.226486	0.135293
21820	9.644773	-1.075886	1.130070	0.023869	-0.004281	-0.021676	-0.106410	-0.134698	0.985157	0.241600	-0.964592	-0.105790	0.964524	0.226757	0.135185
21821	9.619569	-0.980724	1.168181	0.016036	-0.002295	-0.021766	-0.106379	-0.134518	0.985184	0.241765	-0.964572	-0.105598	0.964486	0.226950	0.135132
21822	9.590628	-0.986027	1.197471	0.001651	-0.007598	-0.019495	-0.106252	-0.134331	0.985224	0.241788	-0.964583	-0.105441	0.964494	0.227012	0.134968
21823	9.565088	-1.005051	1.246081	-0.005063	-0.012857	-0.024420	-0.106126	-0.134101	0.985269	0.241747	-0.964614	-0.105250	0.964518	0.227016	0.134789
21824	9.601663	-1.067529	1.224029	0.003080	-0.012792	-0.027795	-0.105969	-0.133821	0.985324	0.241771	-0.964635	-0.105009	0.964530	0.227095	0.134575
21825	9.605782	-0.964302	1.231348	0.014227	-0.014178	-0.032324	-0.105849	-0.133512	0.985378	0.241907	-0.964632	-0.104715	0.964509	0.227286	0.134403
21826	9.604623	-0.894856	1.365829	0.021222	-0.006456	-0.037308	-0.105776	-0.133156	0.985434	0.242101	-0.964623	-0.104357	0.964468	0.227536	0.134271
21827	9.611391	-0.873416	1.436114	0.022871	-0.008806	-0.037036	-0.105720	-0.132813	0.985487	0.242316	-0.964607	-0.104005	0.964420	0.227804	0.134161
21828	9.666277	-0.910172	1.398442	0.007622	-0.009700	-0.034677	-0.105610	-0.132476	0.985544	0.242385	-0.964623	-0.103690	0.964415	0.227930	0.133984
21829	9.684684	-0.996679	1.393245	0.004102	-0.002596	-0.024026	-0.105582	-0.132273	0.985574	0.242432	-0.964633	-0.103491	0.964406	0.228008	0.133916
21830	9.692410	-1.111703	1.371245	0.008982	0.001752	-0.021502	-0.105552	-0.132089	0.985602	0.242528	-0.964629	-0.103305	0.964385	0.228132	0.133854
21831	9.668175	-1.037827	1.305471	0.025180	0.002695	-0.016219	-0.105556	-0.131974	0.985617	0.242787	-0.964580	-0.103155	0.964320	0.228406	0.133859
21832	9.611003	-0.912755	1.280233	0.016971	-0.001853	-0.020562	-0.105489	-0.131791	0.985649	0.242959	-0.964556	-0.102968	0.964284	0.228610	0.133770
21833	9.661903	-0.892229	1.254444	-0.000686	0.002803	-0.023988	-0.105513	-0.131601	0.985672	0.242960	-0.964576	-0.102776	0.964281	0.228635	0.133749
21834	9.666799	-0.924602	1.170013	-0.020372	-0.002014	-0.026775	-0.105460	-0.131357	0.985710	0.242767	-0.964646	-0.102577	0.964335	0.228480	0.133620
21835	9.735954	-0.993354	1.138937	-0.029754	-0.004198	-0.027567	-0.105425	-0.131117	0.985745	0.242484	-0.964737	-0.102389	0.964410	0.228234	0.133501
21836	9.718531	-1.060653	1.123592	-0.031071	-0.000215	-0.024863	-0.105385	-0.130894	0.985779	0.242185	-0.964830	-0.102222	0.964490	0.227968	0.133379
21837	9.733610	-1.020097	1.087050	-0.007095	-0.005709	-0.027211	-0.105334	-0.130653	0.985817	0.242121	-0.964869	-0.102007	0.964511	0.227942	0.133268
21838	9.733882	-0.903539	1.074720	0.001626	-0.012105	-0.027203	-0.105184	-0.130385	0.985868	0.242144	-0.964888	-0.101775	0.964522	0.228017	0.133062
21839	9.749532	-0.907494	1.006088	0.000052	-0.021149	-0.029185	-0.104989	-0.130090	0.985928	0.242147	-0.964913	-0.101531	0.964542	0.228080	0.132806
21840	9.756830	-0.932323	1.043469	-0.004503	-0.029151	-0.023575	-0.104666	-0.129814	0.985999	0.242108	-0.964942	-0.101342	0.964587	0.228111	0.132426
21841	9.760118	-1.082309	1.145419	0.000093	-0.027248	-0.011146	-0.104369	-0.129679	0.986048	0.242130	-0.964944	-0.101275	0.964614	0.228182	0.132110
21842	9.644195	-1.226053	1.273358	0.043234	-0.027913	0.010362	-0.103976	-0.129734	0.986082	0.242585	-0.964821	-0.101357	0.964542	0.228670	0.131789
21843	9.631445	-1.212433	1.462879	0.089978	-0.025542	0.017344	-0.103626	-0.129877	0.986100	0.243504	-0.964579	-0.101454	0.964348	0.229606	0.131581
21844	9.637083	-1.105049	1.594335	0.143250	-0.026086	0.025849	-0.103213	-0.130085	0.986116	0.244938	-0.964205	-0.101557	0.964029	0.231055	0.131381
21845	9.538638	-0.882319	1.673098	0.167097	-0.018673	0.024376	-0.102912	-0.130311	0.986118	0.246607	-0.963773	-0.101622	0.963636	0.232725	0.131319
21846	9.538601	-0.654092	1.648240	0.164244	-0.028705	0.023877	-0.102479	-0.130494	0.986139	0.248245	-0.963346	-0.101680	0.963261	0.234384	0.131117
21847	9.589451	-0.521379	1.608314	0.135684	-0.025167	0.013825	-0.102140	-0.130602	0.986159	0.249599	-0.962996	-0.101683	0.962947	0.235759	0.130959
21848	9.608532	-0.472697	1.516889	0.100617	-0.019092	0.008677	-0.101838	-0.130660	0.986183	0.250608	-0.962735	-0.101675	0.962717	0.236791	0.130788
21849	9.569779	-0.484138	1.454616	0.067020	-0.018983	0.008125	-0.101573	-0.130728	0.986201	0.251295	-0.962552	-0.101711	0.962566	0.237496	0.130621
21850	9.519798	-0.661524	1.461318	0.052989	-0.017722	0.014657	-0.101271	-0.130845	0.986217	0.251851	-0.962395	-0.101823	0.962453	0.238068	0.130416
21851	9.537800	-0.820390	1.499254	0.075164	-0.018495	0.023228	-0.100973	-0.131058	0.986219	0.252630	-0.962172	-0.101997	0.962280	0.238850	0.130263
21852	9.540645	-0.972298	1.604689	0.119826	-0.018022	0.036897	-0.100612	-0.131388	0.986212	0.253850	-0.961825	-0.102241	0.961997	0.240064	0.130124
21853	9.597096	-0.960760	1.722197	0.177860	-0.021364	0.050166	-0.100217	-0.131853	0.986190	0.255644	-0.961317	-0.102548	0.961563	0.241837	0.130048
21854	9.532097	-0.836150	1.728369	0.192101	-0.023537	0.056580	-0.099753	-0.132357	0.986170	0.257578	-0.960764	-0.102893	0.961095	0.243751	0.129931
21855	9.581786	-0.798696	1.805003	0.178783	-0.029156	0.073034	-0.099222	-0.133021	0.986134	0.259401	-0.960216	-0.103425	0.960659	0.245542	0.129780
21856	9.617985	-0.754610	1.770475	0.152997	-0.024872	0.079433	-0.098685	-0.133740	0.986091	0.260981	-0.959721	-0.104045	0.960287	0.247083	0.129614
21857	9.535810	-0.680362	1.687815	0.131082	-0.026457	0.084641	-0.098148	-0.134520	0.986038	0.262355	-0.959269	-0.104754	0.959967	0.248411	0.129442
21858	9.611869	-0.603585	1.639273	0.089521	-0.029399	0.089191	-0.097542	-0.135320	0.985989	0.263333	-0.958913	-0.105553	0.959761	0.249348	0.129168
21859	9.563012	-0.560588	1.441903	0.053771	-0.028046	0.078927	-0.097002	-0.136040	0.985943	0.263959	-0.958658	-0.106306	0.959644	0.249937	0.128901
21860	9.613040	-0.572706	1.486566	0.016541	-0.031514	0.080898	-0.096398	-0.136753	0.985904	0.264227	-0.958494	-0.107116	0.959631	0.250177	0.128531
21861	9.590016	-0.727515	1.568335	-0.016155	-0.020883	0.083979	-0.095914	-0.137540	0.985841	0.264186	-0.958405	-0.108009	0.959691	0.250086	0.128260
21862	9.631542	-0.850650	1.661139	-0.010858	-0.014911	0.089423	-0.095449	-0.138372	0.985770	0.264191	-0.958299	-0.108935	0.959736	0.250033	0.128025
21863	9.587889	-0.789560	1.713365	0.009346	-0.003380	0.089898	-0.095117	-0.139259	0.985677	0.264399	-0.958137	-0.109853	0.959712	0.250163	0.127954
21864	9.526964	-0.638598	1.769087	0.037528	-0.005707	0.095352	-0.094725	-0.140173	0.985586	0.264880	-0.957897	-0.110778	0.959618	0.250568	0.127865
21865	9.500092	-0.335047	1.830787	0.032976	-0.008397	0.095848	-0.094328	-0.141103	0.985491	0.265319	-0.957666	-0.111724	0.959535	0.250931	0.127772
21866	9.523526	-0.197196	1.745482	-0.007630	-0.011931	0.096016	-0.093876	-0.142006	0.985404	0.265364	-0.957538	-0.112710	0.959567	0.250910	0.127573
21867	9.538012	-0.261524	1.646777	-0.072529	-0.023424	0.106852	-0.093306	-0.143004	0.985314	0.264801	-0.957553	-0.113899	0.959778	0.250285	0.127213
21868	9.564133	-0.346192	1.355656	-0.123770	-0.035912	0.125860	-0.092548	-0.144131	0.985221	0.263758	-0.957670	-0.115324	0.960139	0.249187	0.126646
21869	9.623518	-0.371448	1.008763	-0.165202	-0.061063	0.145807	-0.091516	-0.145410	0.985130	0.262338	-0.957855	-0.117013	0.960627	0.247728	0.125805
21870	9.793987	-0.380710	0.770564	-0.226881	-0.080363	0.148802	-0.090275	-0.146645	0.985061	0.260313	-0.958189	-0.118788	0.961295	0.245701	0.124674
21871	9.872592	-0.464226	0.643720	-0.310174	-0.093459	0.141930	-0.088947	-0.147811	0.985008	0.257490	-0.958724	-0.120615	0.962178	0.242901	0.123335
21872	9.889300	-0.764717	0.527413	-0.363437	-0.089858	0.138477	-0.087649	-0.148929	0.984956	0.254138	-0.959386	-0.122448	0.963188	0.239582	0.121937
21873	9.783827	-0.995486	0.446475	-0.360734	-0.087863	0.144052	-0.086376	-0.150137	0.984885	0.250819	-0.960014	-0.124348	0.964173	0.236287	0.120580
21874	9.714065	-1.201179	0.404454	-0.309354	-0.101883	0.144640	-0.084955	-0.151289	0.984832	0.247975	-0.960516	-0.126163	0.965034	0.233496	0.119117
21875	9.763047	-1.223241	0.436811	-0.276646	-0.123219	0.145366	-0.083345	-0.152434	0.984793	0.245459	-0.960924	-0.127966	0.965817	0.231061	0.117505
21876	9.896710	-1.166070	0.388794	-0.256327	-0.129504	0.137368	-0.081677	-0.153461	0.984773	0.243114	-0.961296	-0.129639	0.966553	0.228824	0.115825
21877	9.727171	-1.013982	0.426150	-0.237826	-0.155051	0.131256	-0.079799	-0.154405	0.984780	0.240953	-0.961621	-0.131249	0.967251	0.226812	0.113941
21878	9.787643	-0.928652	0.587934	-0.266515	-0.163715	0.128909	-0.077824	-0.155280	0.984800	0.238495	-0.962015	-0.132840	0.968020	0.224532	0.111901
21879	9.761903	-1.141164	0.795312	-0.294747	-0.170837	0.129592	-0.075801	-0.156180	0.984816	0.235772	-0.962458	-0.134487	0.968848	0.221998	0.109778
21880	9.949139	-1.328913	0.953505	-0.299100	-0.164667	0.135496	-0.073804	-0.157126	0.984817	0.232994	-0.962898	-0.136168	0.969674	0.219406	0.107675
21881	9.828838	-1.300979	1.047081	-0.294893	-0.151958	0.142212	-0.071939	-0.158199	0.984783	0.230269	-0.963303	-0.137927	0.970464	0.216842	0.105728
21882	9.756294	-1.011715	1.110618	-0.300951	-0.147202	0.152222	-0.070078	-0.159356	0.984731	0.227481	-0.963700	-0.139764	0.971258	0.214214	0.103785
21883	9.500594	-0.870185	1.222260	-0.355117	-0.163754	0.142997	-0.068103	-0.160422	0.984696	0.224161	-0.964213	-0.141581	0.972170	0.211089	0.101626
21884	9.799019	-0.834448	1.220167	-0.443238	-0.191487	0.142948	-0.065840	-0.161407	0.984689	0.219971	-0.964901	-0.143456	0.973282	0.207158	0.099034
21885	9.740159	-0.860601	1.080837	-0.532915	-0.182807	0.144559	-0.063684	-0.162464	0.984657	0.214906	-0.965744	-0.145444	0.974556	0.202346	0.096417
21886	9.507059	-0.947631	1.018117	-0.631718	-0.183694	0.133200	-0.061529	-0.163392	0.984641	0.208854	-0.966778	-0.147377	0.976009	0.196579	0.093610
21887	8.851885	-1.423282	0.793435	-0.718003	-0.207315	0.117749	-0.059202	-0.164167	0.984654	0.201943	-0.967960	-0.149242	0.977606	0.190009	0.090457
21888	9.338242	-1.976354	0.723902	-0.760581	-0.289468	0.122930	-0.056045	-0.164825	0.984729	0.194598	-0.969168	-0.151145	0.979281	0.183156	0.086391
21889	10.187430	-2.292587	0.572603	-0.754888	-0.258021	0.137906	-0.053193	-0.165736	0.984734	0.187306	-0.970284	-0.153186	0.980860	0.176298	0.082656
21890	9.541594	-2.720067	0.290992	-0.728662	-0.246975	0.124596	-0.050458	-0.166529	0.984745	0.180244	-0.971329	-0.155024	0.982327	0.169672	0.079028
21891	9.148650	-2.893679	0.096113	-0.628823	-0.283274	0.117825	-0.047406	-0.167239	0.984776	0.174151	-0.972169	-0.156715	0.983577	0.164071	0.075212
21892	9.150301	-2.646165	0.167797	-0.497491	-0.317997	0.099813	-0.044023	-0.167709	0.984853	0.169327	-0.972798	-0.158088	0.984576	0.159802	0.071223
21893	9.233423	-2.400553	0.256186	-0.368669	-0.347289	0.073925	-0.040420	-0.167918	0.984972	0.165757	-0.973245	-0.159116	0.985338	0.156835	0.067172
21894	9.298609	-2.263845	0.258573	-0.283630	-0.354590	0.060941	-0.036741	-0.167976	0.985106	0.163010	-0.973576	-0.159930	0.985940	0.154706	0.063152
21895	9.349770	-2.225440	0.277099	-0.235132	-0.410393	0.076773	-0.032511	-0.168131	0.985228	0.160748	-0.973796	-0.160875	0.986460	0.153144	0.058686
21896	9.285184	-2.221843	0.452049	-0.133431	-0.399080	0.066391	-0.028383	-0.168187	0.985346	0.159477	-0.973879	-0.161636	0.986794	0.152552	0.054463
21897	9.132100	-2.093998	0.527943	0.005537	-0.379941	0.047509	-0.024499	-0.168108	0.985464	0.159574	-0.973778	-0.162147	0.986882	0.153282	0.050682
21898	9.109103	-2.024389	0.821909	0.142738	-0.371332	0.035171	-0.020694	-0.167898	0.985587	0.161015	-0.973490	-0.162457	0.986735	0.155332	0.047179
21899	9.212879	-2.051761	1.105431	0.264708	-0.349724	0.028853	-0.017138	-0.167669	0.985694	0.163661	-0.973013	-0.162666	0.986368	0.158532	0.044117
21900	9.244453	-1.785612	1.426682	0.363586	-0.336025	0.033035	-0.013687	-0.167473	0.985782	0.167276	-0.972364	-0.162871	0.985815	0.162668	0.041323
21901	9.450781	-1.829570	1.641506	0.398675	-0.334092	0.042135	-0.010264	-0.167370	0.985841	0.171239	-0.971623	-0.163174	0.985176	0.167140	0.038633
21902	9.647990	-1.755699	1.537503	0.426558	-0.321766	0.063523	-0.006905	-0.167465	0.985854	0.175470	-0.970783	-0.163676	0.984461	0.171858	0.036088
21903	9.840214	-1.537764	1.619312	0.432878	-0.300052	0.081025	-0.003749	-0.167767	0.985820	0.179763	-0.969880	-0.164370	0.983703	0.176598	0.033794
21904	9.842907	-1.102515	1.858731	0.372487	-0.256680	0.081334	-0.000999	-0.168120	0.985766	0.183453	-0.969067	-0.165086	0.983028	0.180676	0.031810
21905	9.705545	-0.495199	1.759050	0.284842	-0.210968	0.073096	0.001269	-0.168481	0.985704	0.186280	-0.968412	-0.165765	0.982496	0.183828	0.030156
21906	9.766538	-0.485711	1.642169	0.004926	-0.195877	0.073182	0.003403	-0.168851	0.985636	0.186352	-0.968269	-0.166520	0.982477	0.184242	0.028171
21907	9.830429	-0.790398	1.209519	-0.165984	-0.173378	0.080918	0.005316	-0.169354	0.985541	0.184746	-0.968423	-0.167409	0.982772	0.182965	0.026139
21908	9.816484	-1.300431	0.530960	-0.408244	-0.168498	0.095159	0.007217	-0.169991	0.985419	0.180751	-0.968991	-0.168481	0.983502	0.179332	0.023733
21909	9.754952	-1.853198	-0.053521	-0.548983	-0.182713	0.086407	0.009228	-0.170543	0.985307	0.175371	-0.969801	-0.169502	0.984459	0.174358	0.020959
21910	10.042756	-2.290313	-0.381142	-0.613746	-0.173728	0.069367	0.011128	-0.170939	0.985219	0.169343	-0.970726	-0.170337	0.985494	0.168736	0.018145
21911	9.786725	-2.625003	-0.730161	-0.647409	-0.181947	0.042650	0.013051	-0.171090	0.985169	0.162983	-0.971713	-0.170912	0.986543	0.162796	0.015203
21912	9.811609	-2.946451	-1.016518	-0.606574	-0.201691	0.022934	0.015150	-0.171013	0.985152	0.157017	-0.972634	-0.171255	0.987480	0.157280	0.012117
21913	9.839281	-2.933693	-1.119896	-0.483686	-0.229041	-0.000171	0.017470	-0.170695	0.985169	0.152267	-0.973372	-0.171352	0.988185	0.153003	0.008986
21914	9.677459	-2.861316	-1.157148	-0.375088	-0.252664	-0.031693	0.019994	-0.170031	0.985236	0.148590	-0.973984	-0.171104	0.988697	0.149817	0.005791
21915	9.605322	-2.896276	-1.113041	-0.284223	-0.284801	-0.056013	0.022786	-0.169101	0.985335	0.145819	-0.974489	-0.170612	0.989049	0.147568	0.002454
21916	9.881485	-2.839759	-0.946069	-0.170080	-0.318554	-0.074212	0.025906	-0.167939	0.985457	0.144179	-0.974853	-0.169922	0.989213	0.146484	-0.001041
21917	9.546337	-2.584356	-0.772729	-0.037229	-0.325155	-0.089724	0.029051	-0.166627	0.985592	0.143862	-0.975046	-0.169084	0.989171	0.146702	-0.004354
21918	9.557133	-2.237690	-0.441015	0.040800	-0.357173	-0.100585	0.032518	-0.165152	0.985732	0.144320	-0.975142	-0.168139	0.988997	0.147729	-0.007875
21919	9.477416	-2.042014	-0.152512	0.106882	-0.359974	-0.105282	0.035983	-0.163630	0.985865	0.145440	-0.975144	-0.167159	0.988712	0.149399	-0.011290
21920	9.405182	-1.892619	0.293547	0.144952	-0.366979	-0.109512	0.039530	-0.162043	0.985992	0.146938	-0.975093	-0.166143	0.988356	0.151447	-0.014735
21921	9.324305	-1.809602	0.583693	0.152787	-0.358461	-0.105128	0.042975	-0.160510	0.986098	0.148518	-0.975017	-0.165179	0.987976	0.153552	-0.018062
21922	9.377303	-1.669739	0.919718	0.134830	-0.359383	-0.101137	0.046452	-0.159003	0.986185	0.149918	-0.974959	-0.164254	0.987607	0.155477	-0.021452
21923	9.293643	-1.773397	1.280282	0.078170	-0.354235	-0.093704	0.049867	-0.157575	0.986247	0.150761	-0.974973	-0.163396	0.987312	0.156836	-0.024863
21924	9.278658	-1.892442	1.542492	0.034586	-0.349834	-0.074666	0.053283	-0.156331	0.986266	0.151164	-0.975025	-0.162716	0.987072	0.157758	-0.028321
21925	9.409719	-1.930551	1.901015	-0.003843	-0.342289	-0.063467	0.056623	-0.155210	0.986257	0.151188	-0.975117	-0.162137	0.986882	0.158291	-0.031749
21926	9.608860	-2.114484	2.178280	-0.060675	-0.325150	-0.053698	0.059821	-0.154208	0.986226	0.150644	-0.975285	-0.161635	0.986776	0.158238	-0.035112
21927	9.605573	-2.240723	2.337531	-0.108373	-0.291056	-0.036832	0.062696	-0.153428	0.986169	0.149623	-0.975501	-0.161280	0.986753	0.157665	-0.038204
21928	9.866975	-2.052855	2.496162	-0.150252	-0.259091	-0.025473	0.065279	-0.152811	0.986097	0.148182	-0.975764	-0.161019	0.986803	0.156632	-0.041053
21929	9.744033	-1.636877	2.580118	-0.178806	-0.218928	-0.029155	0.067454	-0.152224	0.986041	0.146462	-0.976075	-0.160705	0.986914	0.155258	-0.043545
21930	9.580172	-1.460000	2.805395	-0.251327	-0.190800	-0.036257	0.069341	-0.151616	0.986004	0.144032	-0.976506	-0.160285	0.987141	0.153130	-0.045875
21931	9.797200	-1.567127	2.623627	-0.318354	-0.162285	-0.028489	0.070961	-0.151131	0.985963	0.140934	-0.977020	-0.159903	0.987473	0.150303	-0.048031
21932	9.443499	-1.268916	1.978897	-0.375216	-0.143737	-0.018929	0.072403	-0.150774	0.985913	0.137269	-0.977594	-0.159583	0.987884	0.146889	-0.050084
21933	9.633051	-0.812814	1.332824	-0.510036	-0.162831	-0.035825	0.074021	-0.150228	0.985876	0.132280	-0.978374	-0.159017	0.988445	0.142183	-0.052548
21934	9.598163	-0.460685	0.761675	-0.664875	-0.168303	-0.084597	0.075619	-0.149208	0.985910	0.125797	-0.979414	-0.157874	0.989170	0.135963	-0.055293
21935	9.398872	-0.596734	0.226095	-0.891100	-0.191486	-0.149752	0.077389	-0.147529	0.986025	0.117118	-0.980799	-0.155939	0.990098	0.127549	-0.058625
21936	9.366225	-1.420283	0.068396	-1.059113	-0.239199	-0.215516	0.079557	-0.145161	0.986204	0.106823	-0.982402	-0.153219	0.991090	0.117539	-0.062651
21937	10.385880	-2.664997	0.473420	-1.170147	-0.238525	-0.238954	0.081737	-0.142586	0.986402	0.095438	-0.984045	-0.150154	0.992074	0.106413	-0.066825
21938	10.380890	-4.127315	0.150553	-1.138982	-0.163902	-0.229378	0.083194	-0.140205	0.986621	0.084350	-0.985510	-0.147160	0.992957	0.095464	-0.070163
21939	10.520574	-4.408818	-0.302067	-0.891907	-0.144476	-0.183046	0.084538	-0.138312	0.986774	0.075669	-0.986568	-0.144766	0.993543	0.086907	-0.072936
21940	10.540269	-3.282543	-0.109897	-0.564827	-0.077679	-0.176889	0.085216	-0.136552	0.986961	0.070235	-0.987277	-0.142660	0.993884	0.081476	-0.074541
21941	9.511985	-2.465314	-0.183747	-0.442097	-0.058981	-0.226894	0.085702	-0.134308	0.987227	0.066059	-0.987926	-0.140138	0.994128	0.077226	-0.075795
21942	11.240905	-2.017784	0.359575	-0.435023	0.041988	-0.281698	0.085139	-0.131610	0.987639	0.062003	-0.988617	-0.137086	0.994438	0.072908	-0.076009
21943	10.260760	-1.683755	0.329234	-0.352963	0.127615	-0.318429	0.083731	-0.128596	0.988156	0.058787	-0.989274	-0.133723	0.994753	0.069287	-0.075273
21944	10.574602	-1.252390	0.941806	-0.368478	0.158063	-0.323480	0.082005	-0.125558	0.988691	0.055418	-0.989923	-0.130311	0.995090	0.065477	-0.074221
21945	10.949181	-1.070926	1.457117	-0.333598	0.232021	-0.310324	0.079583	-0.122677	0.989251	0.052374	-0.990513	-0.127047	0.995451	0.061921	-0.072403
21946	10.440410	-0.767087	1.573858	-0.203672	0.315188	-0.292469	0.076321	-0.120028	0.989833	0.050603	-0.990982	-0.124069	0.995798	0.059558	-0.069558
21947	9.943037	-0.467465	1.540484	-0.107150	0.356818	-0.271386	0.072684	-0.117593	0.990398	0.049764	-0.991360	-0.121359	0.996113	0.058107	-0.066204
21948	9.731924	-0.346715	1.315424	-0.053930	0.396130	-0.267538	0.068626	-0.115224	0.990966	0.049446	-0.991694	-0.118733	0.996416	0.057148	-0.062359
21949	9.477287	0.036224	0.872400	-0.039297	0.420939	-0.270253	0.064352	-0.112827	0.991529	0.049260	-0.992018	-0.116080	0.996711	0.056313	-0.058280
21950	9.504630	0.656093	0.573151	-0.083081	0.405424	-0.295256	0.060183	-0.110176	0.992088	0.048646	-0.992385	-0.113160	0.997001	0.055072	-0.054365
21951	9.547384	0.938052	0.345680	-0.305839	0.393536	-0.351371	0.056146	-0.106944	0.992679	0.045827	-0.992923	-0.109562	0.997370	0.051643	-0.050848
21952	9.912143	0.651913	0.377680	-0.661077	0.376058	-0.407825	0.052235	-0.103123	0.993296	0.039484	-0.993663	-0.105238	0.997854	0.044716	-0.047833
21953	10.075033	-0.143267	0.301671	-0.885959	0.391851	-0.418555	0.048230	-0.099166	0.993901	0.030878	-0.994436	-0.100717	0.998359	0.035547	-0.044900
21954	10.325877	-0.730670	0.299746	-0.999997	0.429796	-0.391863	0.043849	-0.095446	0.994468	0.021103	-0.995115	-0.096438	0.998815	0.025215	-0.041620
21955	10.320954	-1.269095	0.032643	-1.015032	0.458040	-0.352454	0.039268	-0.092076	0.994977	0.011136	-0.995643	-0.092577	0.999167	0.014716	-0.038072
21956	11.729974	-1.392765	0.164590	-0.984073	0.507854	-0.298296	0.034185	-0.089202	0.995427	0.001442	-0.996003	-0.089304	0.999414	0.004489	-0.033919
21957	10.706187	-1.608357	-0.156401	-0.917003	0.647925	-0.250173	0.027767	-0.086756	0.995843	-0.007618	-0.996216	-0.086576	0.999585	-0.005182	-0.028323
21958	11.118965	-1.566313	0.029844	-0.893621	0.671658	-0.170243	0.021083	-0.085044	0.996154	-0.016478	-0.996270	-0.084705	0.999642	-0.014629	-0.022406
21959	10.063750	-1.831440	-0.289082	-0.826016	0.801273	-0.150837	0.013155	-0.083438	0.996426	-0.024681	-0.996236	-0.083096	0.999609	-0.023500	-0.015164
21960	9.250534	-1.678058	-0.360918	-0.720250	0.734923	-0.041246	0.005829	-0.082879	0.996543	-0.031845	-0.996069	-0.082653	0.999476	-0.031253	-0.008445
21961	10.443862	-1.650234	0.014396	-0.745963	0.663152	0.099372	-0.000784	-0.083685	0.996492	-0.039273	-0.995721	-0.083651	0.999228	-0.039201	-0.002506
21962	9.992328	-1.878591	0.063880	-0.657991	0.691286	0.214647	-0.007774	-0.085582	0.996301	-0.045805	-0.995255	-0.085850	0.998920	-0.046303	0.003817
21963	10.201920	-2.243632	0.256337	-0.587531	0.654093	0.312969	-0.014410	-0.088423	0.995979	-0.051608	-0.994689	-0.089055	0.998563	-0.052684	0.009770
21964	10.275711	-2.555388	0.624480	-0.365758	0.685329	0.415109	-0.021466	-0.092235	0.995506	-0.055151	-0.994110	-0.093295	0.998247	-0.056906	0.016253
21965	9.866620	-2.607689	0.828650	-0.121694	0.746706	0.503258	-0.029151	-0.096855	0.994871	-0.056208	-0.993561	-0.098375	0.997993	-0.058788	0.023519
21966	10.610010	-2.413343	1.361747	0.116932	0.775985	0.540532	-0.037188	-0.101833	0.994106	-0.054826	-0.993088	-0.103780	0.997803	-0.058363	0.031348
21967	10.463204	-1.980771	1.590235	0.417574	0.884856	0.522855	-0.046243	-0.106574	0.993229	-0.050411	-0.992777	-0.108872	0.997657	-0.055104	0.040536
21968	10.098274	-1.333013	1.471479	0.611662	0.951199	0.449362	-0.055939	-0.110600	0.992290	-0.044042	-0.992605	-0.113118	0.997462	-0.050030	0.050654
21969	9.746033	-0.795935	1.033190	0.712637	0.926447	0.381432	-0.065284	-0.114001	0.991333	-0.036671	-0.992508	-0.116551	0.997193	-0.043962	0.060614
21970	9.337854	-0.396482	0.270347	0.780311	0.895361	0.317414	-0.074310	-0.116852	0.990365	-0.028631	-0.992452	-0.119246	0.996824	-0.037216	0.070403
21971	9.490077	0.478965	0.116417	0.783619	0.812219	0.261559	-0.082419	-0.119223	0.989441	-0.020583	-0.992403	-0.121294	0.996385	-0.030363	0.079339
21972	10.027551	0.653435	-0.057429	0.495931	0.739756	0.229924	-0.089822	-0.121355	0.988537	-0.015406	-0.992261	-0.123212	0.995839	-0.026297	0.087257
21973	10.544220	-0.392600	-0.240725	0.248639	0.703281	0.241218	-0.096807	-0.123619	0.987596	-0.012672	-0.992023	-0.125415	0.995222	-0.024656	0.094468
21974	11.896963	-1.177055	-0.550801	0.274904	0.714047	0.313376	-0.103936	-0.126615	0.986492	-0.009583	-0.991690	-0.128291	0.994538	-0.022788	0.101859
21975	12.157480	-1.462680	-0.756030	0.412900	0.814650	0.338216	-0.112009	-0.129844	0.985188	-0.005079	-0.991339	-0.131232	0.993694	-0.019703	0.110379
21976	11.585261	-1.272793	-0.748653	0.552186	0.944783	0.313747	-0.121383	-0.132844	0.983676	0.000811	-0.991017	-0.133735	0.992605	-0.015436	0.120401
21977	10.691691	-0.738424	-0.556803	0.624484	1.055529	0.290305	-0.131791	-0.135631	0.981955	0.007408	-0.990702	-0.135845	0.991250	-0.010629	0.131570
21978	10.003375	-0.328708	-0.557528	0.664216	1.180962	0.310513	-0.143433	-0.138665	0.979897	0.014454	-0.990323	-0.138025	0.989555	-0.005634	0.144049
21979	8.810532	-0.619905	-0.289867	0.530698	1.157532	0.235074	-0.154784	-0.140997	0.977835	0.020087	-0.990008	-0.139573	0.987744	-0.001962	0.156070
21980	8.657065	-0.747009	-0.245173	0.536308	1.144421	0.163795	-0.166014	-0.142669	0.975748	0.025682	-0.989769	-0.140350	0.985789	0.001759	0.167980
21981	8.966682	-1.023048	-0.426033	0.499798	1.123418	0.113759	-0.176993	-0.143882	0.973638	0.030836	-0.989582	-0.140632	0.983729	0.005133	0.179586
21982	8.690345	-1.198459	-0.429029	0.585110	1.135324	0.042185	-0.188105	-0.144432	0.971471	0.036703	-0.989471	-0.140001	0.981463	0.009321	0.191425
21983	8.339223	-1.365557	-0.461132	0.636916	1.118577	-0.038759	-0.199033	-0.144226	0.969322	0.042910	-0.989445	-0.138409	0.979053	0.014045	0.203121
21984	8.063556	-1.185344	-0.364607	0.751415	1.090591	-0.120269	-0.209717	-0.143272	0.967208	0.050052	-0.989482	-0.135718	0.976480	0.019948	0.214682
21985	7.934408	-1.030791	-0.321901	0.814187	1.027955	-0.180979	-0.219786	-0.141766	0.965192	0.057642	-0.989543	-0.132217	0.973844	0.026576	0.225660
21986	7.678478	-0.878924	-0.114705	0.891779	0.955165	-0.235493	-0.229180	-0.139775	0.963296	0.065827	-0.989596	-0.127930	0.971156	0.034092	0.235997
21987	7.493603	-0.785916	0.046188	0.944532	0.856686	-0.277394	-0.237630	-0.137403	0.961589	0.074380	-0.989612	-0.123026	0.968504	0.042288	0.245381
21988	7.367412	-0.577849	0.263785	0.979594	0.742229	-0.303667	-0.245003	-0.134792	0.960107	0.083163	-0.989560	-0.117705	0.965949	0.051007	0.253655
21989	7.347799	-0.386225	0.509637	0.988207	0.636645	-0.318709	-0.251370	-0.132037	0.958843	0.091946	-0.989429	-0.112144	0.963514	0.059972	0.260853
21990	7.295791	-0.333181	0.779118	0.956089	0.517071	-0.321987	-0.256607	-0.129230	0.957837	0.100371	-0.989226	-0.106575	0.961290	0.068791	0.266813
21991	7.205339	-0.174098	1.066508	0.918545	0.406842	-0.316819	-0.260790	-0.126438	0.957080	0.108412	-0.988951	-0.101107	0.959289	0.077392	0.271616
21992	7.258138	-0.066401	1.418229	0.839327	0.297595	-0.314239	-0.263942	-0.123616	0.956584	0.115673	-0.988652	-0.095843	0.957577	0.085354	0.275246
21993	7.262757	-0.193032	1.620699	0.747211	0.195797	-0.294913	-0.266111	-0.120918	0.956328	0.122082	-0.988340	-0.090995	0.956180	0.092536	0.277771
21994	7.539193	-0.092182	1.936445	0.691798	0.091109	-0.261368	-0.267255	-0.118464	0.956316	0.128037	-0.987981	-0.086605	0.955082	0.099298	0.279211
21995	7.773560	-0.120503	2.167635	0.634995	0.015901	-0.231287	-0.267654	-0.116238	0.956478	0.133521	-0.987593	-0.082656	0.954219	0.105587	0.279854
21996	8.115867	-0.080690	2.476822	0.563751	-0.045214	-0.223013	-0.267472	-0.114027	0.956795	0.138343	-0.987230	-0.078980	0.953583	0.111241	0.279831
21997	8.481542	-0.178883	2.917348	0.474096	-0.116907	-0.190328	-0.266569	-0.112057	0.957280	0.142395	-0.986898	-0.075872	0.953239	0.116087	0.279033
21998	8.898830	-0.274386	3.447609	0.358223	-0.162648	-0.156255	-0.265190	-0.110361	0.957860	0.145435	-0.986640	-0.073412	0.953165	0.119838	0.277697
21999	9.247390	-0.408743	4.484600	0.210834	-0.194489	-0.093118	-0.263416	-0.109248	0.958476	0.147239	-0.986479	-0.071974	0.953380	0.122166	0.275940
22000	10.617397	-0.825857	6.557974	-0.072450	-0.266239	-0.041541	-0.260886	-0.108551	0.959247	0.146479	-0.986604	-0.071808	0.954192	0.121776	0.273292
22001	12.168789	-1.895370	8.816249	-0.091615	-0.195749	-0.042863	-0.259024	-0.107931	0.959821	0.145534	-0.986753	-0.071685	0.954844	0.121118	0.271301
22002	13.236142	-2.333917	9.791174	0.382049	0.054298	-0.046388	-0.259569	-0.107580	0.959714	0.149101	-0.986324	-0.070236	0.954145	0.124863	0.272059
22003	12.655493	-0.651341	9.278782	0.976617	0.390931	-0.064504	-0.263336	-0.107491	0.958697	0.158279	-0.985120	-0.066977	0.951631	0.134104	0.276432
22004	10.909090	1.411981	7.963792	1.126035	0.617614	-0.049697	-0.269253	-0.107903	0.957006	0.168884	-0.983596	-0.063386	0.948146	0.144557	0.283059
22005	9.431602	2.953521	6.368653	1.080289	0.733682	0.012016	-0.276117	-0.109158	0.954905	0.179180	-0.981958	-0.060439	0.944274	0.154411	0.290695
22006	7.808988	3.781832	5.005270	0.883829	0.866773	0.023790	-0.284218	-0.110798	0.952336	0.187616	-0.980523	-0.058085	0.940223	0.162165	0.299470
22007	4.985681	3.612500	3.878028	0.563457	0.561584	0.073738	-0.289293	-0.112484	0.950609	0.193159	-0.979503	-0.057121	0.937549	0.167094	0.305091
22008	4.450559	3.122205	3.540285	-0.232967	0.020915	0.187694	-0.289111	-0.114384	0.950437	0.191558	-0.979668	-0.059632	0.937934	0.164823	0.305144
22009	4.960435	1.611616	2.890554	-0.956451	-0.467452	0.300774	-0.284098	-0.116622	0.951676	0.183475	-0.980845	-0.065424	0.941076	0.156022	0.300054
22010	5.717699	0.168841	1.850582	-1.152466	-0.863628	0.434056	-0.275164	-0.119601	0.953929	0.173858	-0.982063	-0.072978	0.945547	0.145767	0.291022
22011	6.847486	-0.470147	0.640017	-1.221625	-1.123367	0.474824	-0.263655	-0.122729	0.956778	0.163595	-0.983194	-0.081036	0.950643	0.135159	0.279302
22012	9.092227	-0.665762	-0.590324	-1.497043	-1.227570	0.352516	-0.251385	-0.124642	0.959828	0.150270	-0.984675	-0.088512	0.956151	0.121983	0.266262
22013	12.380341	-1.523591	-0.806210	-1.838070	-1.160131	0.238437	-0.239866	-0.125715	0.962632	0.133270	-0.986456	-0.095618	0.961615	0.105354	0.253371
22014	13.933168	-3.435941	-0.062474	-1.813335	-0.970070	0.252189	-0.230181	-0.127287	0.964787	0.116422	-0.987890	-0.102559	0.966159	0.088716	0.242212
22015	13.328360	-5.134201	0.525757	-0.782720	-0.863734	0.314532	-0.221413	-0.129700	0.966517	0.109598	-0.988146	-0.107495	0.969002	0.082128	0.233003
