// General information: 
//  MT Manager version: 2022.2.0 
//  XDA version: 2022.2.0 build 7381 rev 124627 built on 2023-07-19
// Device information: 
//  DeviceId: 00B4CAF0
//  ProductCode: MTW2-3A7G6
//  Firmware Version: 4.6.0
//  Hardware Version: 2.0.0
// Device settings: 
//  Filter Profile: human(46.1)
//  Option Flags: Orientation Smoother Disabled, Position/Velocity Smoother Disabled, Continuous Zero Rotation Update Disabled, AHS Disabled, ICC Disabled
// Coordinate system: ENU
PacketCounter	Acc_X	Acc_Y	Acc_Z	Gyr_X	Gyr_Y	Gyr_Z	Mat[1][1]	Mat[2][1]	Mat[3][1]	Mat[1][2]	Mat[2][2]	Mat[3][2]	Mat[1][3]	Mat[2][3]	Mat[3][3]
39620	4.305994	-1.148813	9.269347	0.009099	-0.006083	-0.003523	0.903334	0.112662	0.413877	-0.069876	0.990653	-0.117153	-0.423207	0.076908	0.902763
39621	4.328567	-1.217010	9.305137	0.010252	-0.011366	0.000248	0.903226	0.112450	0.414171	-0.069639	0.990675	-0.117105	-0.423478	0.076930	0.902634
39622	4.344517	-1.164351	9.213124	0.009341	-0.005728	-0.001401	0.903201	0.112410	0.414236	-0.069615	0.990683	-0.117050	-0.423535	0.076882	0.902612
39623	4.378780	-1.114606	9.220132	0.009439	-0.003778	-0.001637	0.903108	0.112569	0.414395	-0.069823	0.990681	-0.116947	-0.423698	0.076682	0.902552
39624	4.352251	-1.091740	9.195737	0.010217	0.002778	0.001902	0.903117	0.112556	0.414380	-0.069833	0.990686	-0.116897	-0.423678	0.076634	0.902565
39625	4.378635	-1.112752	9.220426	0.012287	0.000895	0.001905	0.903177	0.112266	0.414329	-0.069563	0.990716	-0.116806	-0.423595	0.076674	0.902601
39626	4.331120	-1.146916	9.264788	0.007865	0.009413	0.006849	0.903210	0.112297	0.414248	-0.069608	0.990713	-0.116798	-0.423517	0.076658	0.902639
39627	4.343890	-1.202237	9.249015	0.010898	0.007387	0.005675	0.903198	0.112455	0.414232	-0.069827	0.990709	-0.116704	-0.423507	0.076482	0.902658
39628	4.345586	-1.177955	9.243641	0.008488	0.006966	0.003785	0.903223	0.112457	0.414176	-0.069847	0.990711	-0.116677	-0.423450	0.076457	0.902687
39629	4.370944	-1.157290	9.233709	0.008586	0.008916	0.003549	0.903127	0.112577	0.414353	-0.069976	0.990705	-0.116650	-0.423634	0.076355	0.902610
39630	4.346256	-1.152946	9.238836	0.012058	0.011143	0.004026	0.903169	0.112579	0.414260	-0.070013	0.990709	-0.116592	-0.423537	0.076298	0.902660
39631	4.323959	-1.124939	9.238171	0.010997	0.009339	0.005439	0.903177	0.112873	0.414163	-0.070401	0.990696	-0.116472	-0.423456	0.076037	0.902720
39632	4.360249	-1.183569	9.217993	0.013505	0.011712	0.007093	0.903220	0.112904	0.414061	-0.070472	0.990698	-0.116413	-0.423353	0.075967	0.902774
39633	4.316756	-1.170362	9.251114	0.011292	0.015190	0.004731	0.903169	0.113221	0.414086	-0.070857	0.990680	-0.116329	-0.423398	0.075724	0.902774
39634	4.322925	-1.140517	9.269404	0.014281	0.016708	0.000964	0.903237	0.113188	0.413946	-0.070876	0.990689	-0.116238	-0.423249	0.075652	0.902849
39635	4.287287	-1.146197	9.228223	0.013362	0.013311	0.004735	0.903235	0.113542	0.413853	-0.071337	0.990672	-0.116101	-0.423175	0.075343	0.902910
39636	4.255127	-1.212365	9.250901	0.011818	0.010795	0.001904	0.903278	0.113524	0.413766	-0.071356	0.990679	-0.116036	-0.423082	0.075288	0.902958
39637	4.261912	-1.182572	9.268885	0.010273	0.008278	-0.000926	0.903274	0.113430	0.413799	-0.071292	0.990694	-0.115947	-0.423100	0.075232	0.902954
39638	4.264204	-1.200011	9.298338	0.007425	0.003599	-0.004465	0.903290	0.113354	0.413784	-0.071234	0.990704	-0.115896	-0.423075	0.075212	0.902968
39639	4.292412	-1.155415	9.282437	0.009693	0.005616	-0.004933	0.903298	0.113463	0.413738	-0.071415	0.990705	-0.115772	-0.423028	0.075030	0.903005
39640	4.315558	-1.116158	9.243163	0.005060	-0.000368	-0.003760	0.903297	0.113397	0.413758	-0.071353	0.990713	-0.115745	-0.423040	0.075029	0.902999
39641	4.287292	-1.158980	9.259319	0.009342	-0.005727	-0.001390	0.903275	0.113313	0.413830	-0.071295	0.990727	-0.115659	-0.423098	0.074968	0.902977
39642	4.295595	-1.129266	9.276571	0.009243	-0.007676	-0.001153	0.903241	0.113278	0.413913	-0.071275	0.990735	-0.115604	-0.423174	0.074917	0.902946
39643	4.312428	-1.160551	9.254368	0.010930	-0.008322	-0.005628	0.903135	0.113310	0.414136	-0.071339	0.990743	-0.115498	-0.423389	0.074767	0.902857
39644	4.336676	-1.120932	9.214601	0.010831	-0.010271	-0.005390	0.903093	0.113235	0.414248	-0.071287	0.990756	-0.115412	-0.423487	0.074697	0.902817
39645	4.314110	-1.116086	9.218763	0.013045	-0.013744	-0.003026	0.903108	0.112972	0.414286	-0.071047	0.990786	-0.115302	-0.423495	0.074697	0.902814
39646	4.313109	-1.138413	9.224097	0.010537	-0.016117	-0.004678	0.903041	0.112908	0.414450	-0.071000	0.990799	-0.115221	-0.423646	0.074624	0.902749
39647	4.322261	-1.150235	9.276130	0.013438	-0.005944	-0.003976	0.903019	0.112914	0.414496	-0.071069	0.990811	-0.115079	-0.423681	0.074460	0.902746
39648	4.320884	-1.172330	9.281682	0.012321	-0.014812	-0.009390	0.902961	0.112802	0.414653	-0.070987	0.990830	-0.114962	-0.423819	0.074371	0.902689
39649	4.342922	-1.156148	9.247645	0.010930	-0.008316	-0.005629	0.902892	0.112931	0.414769	-0.071183	0.990832	-0.114825	-0.423934	0.074150	0.902653
39650	4.362141	-1.163614	9.219638	0.011992	-0.006510	-0.007044	0.902867	0.112837	0.414848	-0.071121	0.990849	-0.114721	-0.423997	0.074073	0.902630
39651	4.344186	-1.153379	9.247397	0.012188	-0.002611	-0.007520	0.902792	0.112853	0.415007	-0.071189	0.990860	-0.114584	-0.424145	0.073902	0.902574
39652	4.349318	-1.104842	9.235692	0.011225	-0.002466	-0.006343	0.902784	0.112763	0.415049	-0.071130	0.990875	-0.114490	-0.424172	0.073837	0.902566
39653	4.359942	-1.093079	9.282304	0.010457	0.001578	-0.005643	0.902723	0.113105	0.415088	-0.071573	0.990860	-0.114339	-0.424227	0.073508	0.902568
39654	4.351782	-1.078978	9.230069	0.008674	0.000276	-0.000929	0.902723	0.113067	0.415100	-0.071553	0.990867	-0.114291	-0.424231	0.073471	0.902569
39655	4.343791	-1.106833	9.212954	0.012583	0.006764	0.001189	0.902760	0.113133	0.415001	-0.071688	0.990871	-0.114177	-0.424129	0.073324	0.902628
39656	4.349003	-1.142508	9.271556	0.007665	0.003961	-0.002351	0.902776	0.113078	0.414980	-0.071651	0.990879	-0.114131	-0.424101	0.073301	0.902644
39657	4.306709	-1.177351	9.212532	0.012486	0.004816	0.001428	0.902757	0.113317	0.414957	-0.071973	0.990869	-0.114008	-0.424087	0.073056	0.902670
39658	4.319195	-1.142234	9.253491	0.010076	0.004389	-0.000462	0.902774	0.113281	0.414930	-0.071964	0.990877	-0.113949	-0.424053	0.073010	0.902690
39659	4.350012	-1.116018	9.266690	0.009066	0.008075	-0.001884	0.902739	0.113394	0.414975	-0.072135	0.990877	-0.113839	-0.424098	0.072833	0.902683
39660	4.334159	-1.172724	9.232318	0.009834	0.004032	-0.002583	0.902756	0.113337	0.414954	-0.072106	0.990887	-0.113773	-0.424067	0.072789	0.902701
39661	4.291519	-1.159168	9.265028	0.013306	0.006266	-0.002109	0.902754	0.112924	0.415069	-0.071671	0.990925	-0.113711	-0.424144	0.072905	0.902656
39662	4.319604	-1.114412	9.249059	0.009834	0.004033	-0.002583	0.902771	0.112867	0.415049	-0.071641	0.990935	-0.113645	-0.424113	0.072861	0.902673
39663	4.311519	-1.142332	9.232009	0.007764	0.005913	-0.002590	0.902759	0.113056	0.415024	-0.071905	0.990929	-0.113529	-0.424095	0.072647	0.902699
39664	4.287369	-1.137955	9.236855	0.007666	0.003964	-0.002351	0.902775	0.113001	0.415004	-0.071868	0.990937	-0.113483	-0.424067	0.072624	0.902714
39665	4.371210	-1.113665	9.264041	0.007327	0.001656	-0.004233	0.902766	0.113066	0.415005	-0.071985	0.990940	-0.113386	-0.424065	0.072487	0.902726
39666	4.336645	-1.119927	9.222335	0.007041	0.006418	0.000707	0.902790	0.113040	0.414959	-0.071974	0.990944	-0.113358	-0.424015	0.072473	0.902751
39667	4.338466	-1.095775	9.216785	0.005836	0.006204	-0.000237	0.902827	0.112753	0.414958	-0.071677	0.990970	-0.113320	-0.423988	0.072566	0.902756
39668	4.316465	-1.068231	9.215797	0.004006	0.008443	0.001876	0.902859	0.112737	0.414893	-0.071663	0.990970	-0.113325	-0.423923	0.072584	0.902785
39669	4.358357	-1.122136	9.218908	0.006318	0.006923	0.004005	0.902909	0.112604	0.414819	-0.071538	0.990983	-0.113295	-0.423836	0.072620	0.902823
39670	4.312983	-1.132915	9.257534	0.005211	0.008658	0.002821	0.902942	0.112598	0.414751	-0.071537	0.990983	-0.113293	-0.423768	0.072626	0.902855
39671	4.312136	-1.132624	9.257964	0.004247	0.008803	0.003997	0.902903	0.112620	0.414829	-0.071557	0.990982	-0.113287	-0.423846	0.072603	0.902819
39672	4.329941	-1.141167	9.230537	0.006220	0.004974	0.004245	0.902918	0.112630	0.414792	-0.071574	0.990982	-0.113281	-0.423810	0.072595	0.902837
39673	4.308530	-1.155491	9.264508	0.006220	0.004974	0.004245	0.902867	0.112955	0.414815	-0.071956	0.990960	-0.113224	-0.423854	0.072378	0.902834
39674	4.334726	-1.176914	9.289351	0.004436	0.002090	-0.000702	0.902874	0.112919	0.414810	-0.071921	0.990964	-0.113214	-0.423846	0.072385	0.902837
39675	4.307983	-1.154703	9.264861	0.003472	0.002235	0.000474	0.902768	0.113066	0.415002	-0.072080	0.990956	-0.113185	-0.424046	0.072267	0.902753
39676	4.281721	-1.174412	9.275388	0.003374	0.000285	0.000714	0.902766	0.113045	0.415012	-0.072054	0.990957	-0.113191	-0.424055	0.072281	0.902747
39677	4.334588	-1.175881	9.289545	0.003901	-0.004119	-0.002104	0.902685	0.113237	0.415134	-0.072276	0.990946	-0.113143	-0.424188	0.072128	0.902697
39678	4.332102	-1.157182	9.260284	0.002794	-0.002384	-0.003289	0.902675	0.113179	0.415173	-0.072211	0.990952	-0.113137	-0.424221	0.072146	0.902680
39679	4.337303	-1.109730	9.248331	0.000287	-0.004764	-0.004938	0.902708	0.112960	0.415160	-0.071967	0.990968	-0.113147	-0.424192	0.072261	0.902685
39680	4.322044	-1.118895	9.305111	0.000385	-0.002814	-0.005179	0.902697	0.112882	0.415205	-0.071874	0.990974	-0.113155	-0.424231	0.072302	0.902663
39681	4.341062	-1.127484	9.277115	0.002742	-0.007874	-0.000447	0.902700	0.112684	0.415253	-0.071666	0.990993	-0.113127	-0.424260	0.072361	0.902645
39682	4.349843	-1.098389	9.293953	0.000904	-0.016247	-0.002553	0.902630	0.112642	0.415416	-0.071599	0.990996	-0.113141	-0.424420	0.072381	0.902568
39683	4.337855	-1.090426	9.217706	0.003510	-0.011917	-0.001144	0.902457	0.112948	0.415709	-0.071925	0.990976	-0.113106	-0.424733	0.072174	0.902437
39684	4.354731	-1.074242	9.286948	0.003895	-0.013146	0.003339	0.902396	0.112962	0.415837	-0.071924	0.990975	-0.113118	-0.424863	0.072168	0.902377
39685	4.319395	-1.104563	9.250338	0.004761	-0.015239	0.002403	0.902209	0.113473	0.416103	-0.072491	0.990941	-0.113055	-0.425163	0.071835	0.902262
39686	4.360726	-1.140304	9.223219	0.003602	-0.018991	0.004060	0.902123	0.113499	0.416284	-0.072496	0.990938	-0.113072	-0.425345	0.071825	0.902176
39687	4.332966	-1.141626	9.204000	0.009876	-0.008528	0.005459	0.902080	0.113429	0.416396	-0.072437	0.990949	-0.113014	-0.425446	0.071785	0.902132
39688	4.367421	-1.092152	9.210619	0.007563	-0.007009	0.003330	0.902045	0.113440	0.416469	-0.072453	0.990951	-0.112992	-0.425518	0.071749	0.902101
39689	4.391809	-1.095213	9.205808	0.007707	-0.008597	0.005691	0.902032	0.113732	0.416417	-0.072818	0.990934	-0.112907	-0.425483	0.071523	0.902136
39690	4.381637	-1.105463	9.159198	0.006172	-0.000511	0.007083	0.902022	0.113776	0.416427	-0.072862	0.990930	-0.112913	-0.425497	0.071509	0.902130
39691	4.365460	-1.072935	9.181145	0.003137	0.001513	0.008251	0.901935	0.114030	0.416546	-0.073119	0.990908	-0.112939	-0.425637	0.071406	0.902072
39692	4.367787	-1.091269	9.210550	0.003673	0.007721	0.009650	0.901958	0.114093	0.416480	-0.073176	0.990899	-0.112978	-0.425579	0.071425	0.902098
39693	4.336007	-1.158458	9.233252	0.003673	0.007721	0.009650	0.901910	0.114295	0.416528	-0.073392	0.990883	-0.112981	-0.425643	0.071329	0.902075
39694	4.311288	-1.155045	9.238249	0.001701	0.011550	0.009401	0.901949	0.114353	0.416427	-0.073439	0.990873	-0.113037	-0.425552	0.071372	0.902115
39695	4.315350	-1.149847	9.262036	0.005075	0.011837	0.010113	0.902011	0.114328	0.416300	-0.073423	0.990875	-0.113033	-0.425424	0.071391	0.902174
39696	4.340431	-1.129988	9.252047	0.000155	0.009026	0.006576	0.902041	0.114359	0.416225	-0.073437	0.990867	-0.113091	-0.425357	0.071447	0.902201
39697	4.339786	-1.130183	9.252326	0.002029	0.003249	0.007066	0.902021	0.114354	0.416271	-0.073419	0.990866	-0.113110	-0.425404	0.071465	0.902178
39698	4.334108	-1.135502	9.229280	0.005645	0.003896	0.009900	0.902027	0.114423	0.416239	-0.073486	0.990859	-0.113133	-0.425379	0.071461	0.902190
39699	4.333551	-1.135611	9.229528	0.001406	0.005706	0.010123	0.902028	0.114133	0.416317	-0.073132	0.990878	-0.113193	-0.425439	0.071657	0.902146
39700	4.338156	-1.130402	9.253063	0.005744	0.005846	0.009659	0.902042	0.114197	0.416268	-0.073198	0.990871	-0.113214	-0.425396	0.071654	0.902166
39701	4.347926	-1.126285	9.173171	0.004539	0.005631	0.008714	0.902105	0.113957	0.416198	-0.072931	0.990888	-0.113232	-0.425310	0.071794	0.902196
39702	4.307312	-1.090196	9.199966	0.003631	0.011264	0.007047	0.902144	0.113991	0.416103	-0.072964	0.990883	-0.113261	-0.425220	0.071817	0.902236
39703	4.322583	-1.164503	9.213750	0.002667	0.011411	0.008223	0.902251	0.113673	0.415960	-0.072605	0.990904	-0.113307	-0.425056	0.072031	0.902297
39704	4.305492	-1.132157	9.236075	0.002568	0.009462	0.008464	0.902282	0.113722	0.415879	-0.072645	0.990896	-0.113351	-0.424983	0.072063	0.902328
39705	4.351964	-1.139699	9.227431	-0.001770	0.009324	0.008927	0.902305	0.114101	0.415725	-0.073068	0.990863	-0.113365	-0.424861	0.071914	0.902398
39706	4.298840	-1.179850	9.248684	0.001745	0.006427	0.002343	0.902327	0.114092	0.415678	-0.073050	0.990861	-0.113392	-0.424816	0.071951	0.902416
39707	4.306412	-1.192818	9.301318	0.000582	0.002674	0.004001	0.902365	0.113907	0.415647	-0.072849	0.990876	-0.113394	-0.424771	0.072043	0.902430
39708	4.303460	-1.174699	9.272198	-0.000964	0.000147	0.001176	0.902362	0.113891	0.415658	-0.072809	0.990874	-0.113440	-0.424784	0.072100	0.902419
39709	4.365878	-1.082449	9.262695	0.001446	0.000578	0.003066	0.902288	0.113927	0.415809	-0.072832	0.990871	-0.113446	-0.424937	0.072077	0.902349
39710	4.329220	-1.113199	9.226637	-0.001786	-0.001294	0.004714	0.902276	0.113947	0.415829	-0.072820	0.990864	-0.113514	-0.424965	0.072140	0.902331
39711	4.381770	-1.115316	9.240874	0.001787	0.002890	0.004946	0.902265	0.114034	0.415829	-0.072916	0.990857	-0.113513	-0.424972	0.072098	0.902331
39712	4.307989	-1.128247	9.260428	-0.003133	0.000078	0.001407	0.902261	0.114021	0.415841	-0.072869	0.990853	-0.113579	-0.424988	0.072176	0.902317
39713	4.363035	-1.106812	9.268715	0.001688	0.000940	0.005187	0.902246	0.113837	0.415924	-0.072641	0.990865	-0.113620	-0.425059	0.072300	0.902274
39714	4.349690	-1.141022	9.228340	0.001987	0.006790	0.004464	0.902269	0.113849	0.415872	-0.072644	0.990861	-0.113652	-0.425011	0.072334	0.902293
39715	4.372115	-1.102952	9.189154	0.000358	0.012933	0.006092	0.902266	0.113963	0.415847	-0.072756	0.990850	-0.113683	-0.424997	0.072317	0.902301
39716	4.371262	-1.144893	9.224804	0.002428	0.011053	0.006102	0.902305	0.113988	0.415754	-0.072775	0.990844	-0.113718	-0.424910	0.072352	0.902339
39717	4.298810	-1.134212	9.238934	0.000700	0.015247	0.007972	0.902282	0.114180	0.415751	-0.072963	0.990824	-0.113769	-0.424927	0.072317	0.902334
39718	4.271245	-1.154403	9.249986	0.000359	0.012935	0.006092	0.902330	0.114204	0.415643	-0.072973	0.990817	-0.113823	-0.424825	0.072375	0.902378
39719	4.296635	-1.176409	9.275146	0.002328	0.009105	0.006344	0.902404	0.113917	0.415560	-0.072644	0.990836	-0.113869	-0.424724	0.072568	0.902410
39720	4.340282	-1.165474	9.237428	-0.000122	0.012211	0.001850	0.902451	0.113899	0.415463	-0.072613	0.990834	-0.113909	-0.424629	0.072630	0.902450
39721	4.320871	-1.156704	9.265590	-0.000182	0.006724	0.004694	0.902471	0.114271	0.415317	-0.073037	0.990804	-0.113903	-0.424513	0.072461	0.902518
39722	4.372530	-1.116942	9.245053	0.000642	0.008164	0.001157	0.902502	0.114249	0.415256	-0.073004	0.990802	-0.113934	-0.424454	0.072511	0.902542
39723	4.340435	-1.141973	9.232579	0.004881	0.006351	0.000937	0.902431	0.114324	0.415389	-0.073088	0.990799	-0.113906	-0.424589	0.072433	0.902484
39724	4.342166	-1.118175	9.227026	0.003292	0.008960	0.005168	0.902462	0.114341	0.415317	-0.073102	0.990796	-0.113930	-0.424521	0.072457	0.902514
39725	4.330600	-1.128718	9.181065	0.002389	0.014596	0.003499	0.902504	0.114263	0.415246	-0.073021	0.990801	-0.113934	-0.424445	0.072504	0.902546
39726	4.342306	-1.136196	9.257460	0.003455	0.016400	0.002082	0.902569	0.114245	0.415111	-0.073008	0.990801	-0.113943	-0.424310	0.072535	0.902607
39727	4.311510	-1.096100	9.204327	0.000801	0.017207	0.007729	0.902685	0.114406	0.414814	-0.073200	0.990784	-0.113967	-0.424029	0.072512	0.902741
39728	4.331230	-1.123479	9.206467	0.000221	0.014530	0.003728	0.902741	0.114405	0.414693	-0.073188	0.990780	-0.114013	-0.423913	0.072574	0.902791
39729	4.329857	-1.165676	9.242293	-0.003437	0.019024	0.007947	0.902838	0.114112	0.414562	-0.072837	0.990796	-0.114100	-0.423767	0.072819	0.902840
39730	4.312049	-1.133648	9.264862	0.000801	0.017211	0.007729	0.902902	0.114148	0.414413	-0.072863	0.990787	-0.114157	-0.423626	0.072877	0.902901
39731	4.329219	-1.184582	9.272963	0.001666	0.015113	0.006796	0.902900	0.114409	0.414345	-0.073156	0.990766	-0.114157	-0.423579	0.072761	0.902932
39732	4.303812	-1.139118	9.243001	0.004801	0.015035	0.005392	0.902957	0.114424	0.414218	-0.073178	0.990763	-0.114168	-0.423455	0.072777	0.902989
39733	4.302654	-1.180709	9.278781	0.004699	0.013084	0.005633	0.903007	0.114331	0.414134	-0.073082	0.990769	-0.114172	-0.423365	0.072832	0.903027
39734	4.327700	-1.160751	9.268940	0.001224	0.010849	0.005157	0.903046	0.114347	0.414045	-0.073087	0.990764	-0.114214	-0.423281	0.072879	0.903062
39735	4.295417	-1.185823	9.256499	0.006326	0.006935	0.004008	0.903018	0.114824	0.413973	-0.073651	0.990731	-0.114143	-0.423242	0.072584	0.903105
39736	4.297281	-1.161685	9.250934	0.008018	0.006275	-0.000463	0.903042	0.114788	0.413931	-0.073634	0.990737	-0.114100	-0.423194	0.072558	0.903129
39737	4.322915	-1.183129	9.276090	0.001951	0.010339	0.001860	0.902972	0.114754	0.414093	-0.073577	0.990739	-0.114113	-0.423354	0.072573	0.903053
39738	4.279680	-1.128532	9.273511	0.003679	0.006140	-0.000006	0.902994	0.114723	0.414053	-0.073547	0.990742	-0.114111	-0.423311	0.072589	0.903072
39739	4.318907	-1.164367	9.247580	0.002475	0.005924	-0.000953	0.902972	0.115060	0.414008	-0.073945	0.990718	-0.114060	-0.423289	0.072380	0.903099
39740	4.331308	-1.129929	9.288405	0.002373	0.003972	-0.000711	0.902986	0.115023	0.413988	-0.073903	0.990720	-0.114068	-0.423267	0.072407	0.903107
39741	4.294383	-1.160043	9.252485	0.005508	0.003892	-0.002114	0.902980	0.114991	0.414009	-0.073891	0.990728	-0.114014	-0.423281	0.072361	0.903104
39742	4.291578	-1.182851	9.258660	0.007440	0.003596	-0.004463	0.902995	0.114918	0.413997	-0.073837	0.990738	-0.113960	-0.423258	0.072337	0.903117
39743	4.317673	-1.162220	9.248426	0.005305	-0.000011	-0.001630	0.903091	0.114965	0.413775	-0.073951	0.990740	-0.113868	-0.423035	0.072234	0.903230
39744	4.267969	-1.177455	9.263275	0.010521	-0.003580	-0.012678	0.903082	0.114816	0.413837	-0.073836	0.990762	-0.113753	-0.423074	0.072172	0.903216
39745	4.254912	-1.120069	9.279023	0.008727	-0.004870	-0.007966	0.903051	0.114628	0.413955	-0.073664	0.990785	-0.113657	-0.423169	0.072145	0.903174
39746	4.269231	-1.174749	9.263037	0.012625	-0.009000	-0.010059	0.903017	0.114508	0.414063	-0.073581	0.990806	-0.113533	-0.423256	0.072055	0.903140
39747	4.278068	-1.144294	9.280001	0.010981	-0.013483	-0.012642	0.902979	0.114459	0.414160	-0.073597	0.990824	-0.113368	-0.423336	0.071887	0.903116
39748	4.303487	-1.146252	9.274974	0.012609	-0.019631	-0.014265	0.902903	0.114306	0.414368	-0.073477	0.990849	-0.113226	-0.423519	0.071786	0.903039
39749	4.331676	-1.124441	9.263873	0.014779	-0.019559	-0.014494	0.902749	0.114253	0.414718	-0.073467	0.990868	-0.113060	-0.423848	0.071596	0.902899
39750	4.273644	-1.191005	9.266743	0.016472	-0.020214	-0.018965	0.902673	0.114054	0.414937	-0.073321	0.990902	-0.112864	-0.424034	0.071456	0.902823
39751	4.304480	-1.145275	9.249633	0.015407	-0.022014	-0.017547	0.902503	0.114016	0.415318	-0.073342	0.990923	-0.112660	-0.424394	0.071216	0.902673
39752	4.267727	-1.148761	9.310014	0.012020	-0.032929	-0.022467	0.902376	0.113791	0.415656	-0.073145	0.990957	-0.112490	-0.424697	0.071105	0.902539
39753	4.336881	-1.162915	9.272126	0.009812	-0.029456	-0.024844	0.902285	0.113360	0.415969	-0.072725	0.991007	-0.112321	-0.424961	0.071095	0.902415
39754	4.290005	-1.135285	9.250598	0.013375	-0.035886	-0.028817	0.902150	0.113074	0.416341	-0.072476	0.991049	-0.112112	-0.425291	0.070967	0.902270
39755	4.291321	-1.156506	9.255122	0.009903	-0.038117	-0.029290	0.901980	0.112801	0.416782	-0.072238	0.991090	-0.111902	-0.425691	0.070825	0.902092
39756	4.297658	-1.130788	9.247596	0.008460	-0.038689	-0.032356	0.901835	0.112481	0.417183	-0.071937	0.991132	-0.111722	-0.426050	0.070743	0.901930
39757	4.346695	-1.159465	9.242942	0.003641	-0.039551	-0.036135	0.901692	0.112280	0.417546	-0.071778	0.991166	-0.111524	-0.426379	0.070590	0.901786
39758	4.337197	-1.101564	9.256990	0.002341	-0.041707	-0.036837	0.901537	0.111918	0.417978	-0.071411	0.991209	-0.111380	-0.426769	0.070565	0.901604
39759	4.299572	-1.087275	9.287353	0.000605	-0.048122	-0.039173	0.901301	0.111560	0.418582	-0.071043	0.991254	-0.111216	-0.427328	0.070502	0.901343
39760	4.328451	-1.089004	9.280633	-0.000310	-0.053092	-0.045049	0.901102	0.111125	0.419126	-0.070591	0.991303	-0.111062	-0.427823	0.070491	0.901110
39761	4.153970	-0.958447	9.417341	-0.015443	-0.057127	-0.040810	0.900875	0.110654	0.419737	-0.070035	0.991346	-0.111030	-0.428391	0.070629	0.900829
39762	4.235154	-0.946167	9.394167	-0.031429	-0.098310	-0.033125	0.900473	0.110369	0.420675	-0.069557	0.991360	-0.111205	-0.429314	0.070877	0.900370
39763	4.298466	-1.039963	9.347257	-0.035800	-0.103891	-0.029809	0.899969	0.110232	0.421787	-0.069213	0.991362	-0.111407	-0.430424	0.071070	0.899825
39764	4.312942	-1.102412	9.406355	-0.045709	-0.120424	-0.031170	0.899468	0.109983	0.422920	-0.068691	0.991363	-0.111717	-0.431554	0.071435	0.899254
39765	4.320280	-1.110609	9.376980	-0.043842	-0.142175	-0.032048	0.898799	0.109929	0.424354	-0.068378	0.991355	-0.111981	-0.432996	0.071632	0.898545
39766	4.349004	-1.211099	9.389233	-0.045990	-0.152733	-0.036027	0.898157	0.109656	0.425782	-0.067811	0.991361	-0.112272	-0.434415	0.071965	0.897833
39767	4.393830	-1.211872	9.400062	-0.046830	-0.171677	-0.043525	0.897344	0.109425	0.427551	-0.067276	0.991369	-0.112526	-0.436174	0.072211	0.896960
39768	4.376279	-1.221183	9.350193	-0.041165	-0.179795	-0.047538	0.896586	0.109059	0.429233	-0.066625	0.991390	-0.112722	-0.437830	0.072467	0.896132
39769	4.438280	-1.211431	9.302802	-0.043004	-0.189537	-0.059307	0.895718	0.108784	0.431109	-0.066094	0.991412	-0.112845	-0.439682	0.072584	0.895216
39770	4.479498	-1.173884	9.253836	-0.035329	-0.195947	-0.065942	0.894894	0.108248	0.432953	-0.065304	0.991457	-0.112907	-0.441476	0.072766	0.894318
39771	4.513543	-1.164097	9.187278	-0.025410	-0.205782	-0.070237	0.894018	0.107894	0.434845	-0.064778	0.991500	-0.112831	-0.443323	0.072705	0.893408
39772	4.577039	-1.151177	9.138743	-0.014965	-0.203975	-0.075980	0.893156	0.107264	0.436768	-0.063989	0.991571	-0.112664	-0.445171	0.072678	0.892491
39773	4.588847	-1.177301	9.112041	-0.002274	-0.205606	-0.079388	0.892178	0.106435	0.438964	-0.063022	0.991667	-0.112359	-0.447265	0.072579	0.891452
39774	4.615546	-1.209668	9.160907	0.010493	-0.199845	-0.085886	0.891331	0.105703	0.440857	-0.062259	0.991765	-0.111917	-0.449057	0.072308	0.890573
39775	4.587737	-1.197543	9.162025	0.015718	-0.201160	-0.097265	0.890483	0.104853	0.442770	-0.061431	0.991882	-0.111340	-0.450850	0.071947	0.889695
39776	4.581689	-1.211532	9.164122	0.019115	-0.200260	-0.106512	0.889638	0.103915	0.444686	-0.060526	0.992006	-0.110727	-0.452637	0.071592	0.888816
39777	4.518662	-1.245910	9.263119	0.023979	-0.203818	-0.119784	0.888791	0.102328	0.446744	-0.058924	0.992180	-0.110033	-0.454509	0.071472	0.887870
39778	4.481225	-1.217271	9.315562	0.023338	-0.228640	-0.141922	0.887827	0.101057	0.448944	-0.057725	0.992340	-0.109220	-0.456543	0.071053	0.886860
39779	4.482253	-1.335819	9.392466	0.024349	-0.248952	-0.161500	0.886706	0.099698	0.451456	-0.056464	0.992515	-0.108283	-0.458873	0.070524	0.885699
39780	4.546205	-1.318422	9.318300	0.043138	-0.274710	-0.185827	0.885540	0.098021	0.454104	-0.054971	0.992729	-0.107089	-0.461299	0.069869	0.884489
39781	4.575554	-1.215322	9.362146	0.039690	-0.303815	-0.211462	0.884167	0.096115	0.457177	-0.053246	0.992963	-0.105780	-0.464127	0.069185	0.883063
39782	4.643232	-1.308568	9.234500	0.039373	-0.332795	-0.238571	0.882736	0.093950	0.460380	-0.051277	0.993216	-0.104367	-0.467062	0.068522	0.881565
39783	4.767733	-1.287847	9.064488	0.051906	-0.337899	-0.269057	0.881318	0.091496	0.463581	-0.049149	0.993503	-0.102647	-0.469961	0.067680	0.880089
39784	4.880149	-1.160688	9.001695	0.051530	-0.336597	-0.291052	0.879865	0.088806	0.466853	-0.046785	0.993799	-0.100868	-0.472916	0.066909	0.878564
39785	4.922428	-1.090529	8.893199	0.038448	-0.326289	-0.312545	0.878419	0.085803	0.470126	-0.044071	0.994102	-0.099089	-0.475856	0.066322	0.877019
39786	4.932532	-1.044895	8.877315	0.032295	-0.321830	-0.337487	0.877020	0.082636	0.473294	-0.041218	0.994407	-0.097242	-0.478682	0.065775	0.875521
39787	4.975586	-1.263108	8.917054	0.044260	-0.315435	-0.358427	0.875636	0.079263	0.476424	-0.038267	0.994726	-0.095160	-0.481454	0.065094	0.874051
39788	5.154844	-1.362803	8.839551	0.094625	-0.298816	-0.382390	0.874327	0.075626	0.479408	-0.035333	0.995082	-0.092534	-0.484049	0.063966	0.872700
39789	5.135842	-1.239019	8.790915	0.120251	-0.270230	-0.405755	0.873051	0.072012	0.482282	-0.032645	0.995448	-0.089540	-0.486535	0.062429	0.871428
39790	5.170474	-1.383683	8.873674	0.125172	-0.266740	-0.445217	0.871881	0.067719	0.485013	-0.029326	0.995835	-0.086324	-0.488839	0.061041	0.870236
39791	5.228698	-1.528968	8.847481	0.140427	-0.258396	-0.498769	0.870629	0.062886	0.487905	-0.025611	0.996245	-0.082705	-0.491274	0.059510	0.868970
39792	5.237555	-1.439374	8.829601	0.138596	-0.264042	-0.561426	0.869453	0.057422	0.490667	-0.021364	0.996663	-0.078782	-0.493554	0.058015	0.867778
39793	5.132828	-1.334611	8.945480	0.112943	-0.288198	-0.633824	0.868012	0.051188	0.493897	-0.016276	0.997071	-0.074732	-0.496276	0.056830	0.866303
39794	5.161207	-1.369718	8.927091	0.045164	-0.318000	-0.708451	0.866516	0.044278	0.497181	-0.010311	0.997433	-0.070858	-0.499042	0.056273	0.864749
39795	5.277438	-1.586929	8.798607	-0.014428	-0.344551	-0.796630	0.864634	0.036639	0.501064	-0.003440	0.997746	-0.067022	-0.502390	0.056225	0.862811
39796	5.405668	-1.678418	8.658846	-0.058225	-0.353475	-0.884863	0.862840	0.027985	0.504702	0.004541	0.997997	-0.063101	-0.505457	0.056738	0.860984
39797	5.472157	-1.709233	8.547282	-0.104195	-0.345712	-0.982645	0.860833	0.018346	0.508558	0.013609	0.998163	-0.059044	-0.508706	0.057748	0.859001
39798	5.441963	-1.522758	8.589646	-0.163108	-0.337185	-1.086367	0.858900	0.007675	0.512086	0.023827	0.998206	-0.054926	-0.511589	0.059378	0.857176
39799	5.443824	-1.769381	8.713790	-0.241323	-0.352165	-1.201802	0.856578	-0.003922	0.516003	0.035183	0.998088	-0.050817	-0.514817	0.061683	0.855078
39800	5.591645	-2.386977	8.634970	-0.225998	-0.345076	-1.317103	0.854241	-0.016873	0.519604	0.047661	0.997806	-0.045954	-0.517688	0.064020	0.853171
39801	5.626887	-2.178182	8.604546	-0.152402	-0.330023	-1.424399	0.851518	-0.030852	0.523417	0.060617	0.997366	-0.039827	-0.520810	0.065641	0.851145
39802	5.513969	-1.657113	8.614115	-0.102643	-0.311097	-1.521221	0.848858	-0.045836	0.526631	0.074131	0.996711	-0.032739	-0.523398	0.066830	0.849463
39803	5.361027	-1.192931	8.703737	-0.122628	-0.316391	-1.610347	0.845639	-0.061640	0.530183	0.088426	0.995762	-0.025270	-0.526379	0.068251	0.847506
39804	5.278311	-1.014689	8.850914	-0.201543	-0.369099	-1.701228	0.842043	-0.078336	0.533692	0.103890	0.994427	-0.017952	-0.529312	0.070562	0.845488
39805	5.434558	-1.304632	8.849356	-0.273759	-0.420384	-1.780260	0.837584	-0.095352	0.537924	0.119870	0.992732	-0.010675	-0.532996	0.073422	0.842926
39806	5.875990	-1.901938	8.644124	-0.273154	-0.442310	-1.844474	0.832838	-0.113334	0.541790	0.136780	0.990597	-0.003042	-0.536351	0.076640	0.840508
39807	6.070278	-1.754965	8.537659	-0.097413	-0.384667	-1.862988	0.827753	-0.131624	0.545435	0.152988	0.988208	0.006298	-0.539833	0.078232	0.838129
39808	5.973722	-2.091513	8.274973	0.051983	-0.268265	-1.871402	0.823282	-0.149905	0.547481	0.168200	0.985607	0.016935	-0.542140	0.078144	0.836646
39809	6.374550	-2.088573	8.625131	0.274251	-0.261477	-1.741458	0.818474	-0.166650	0.549845	0.180773	0.983101	0.028872	-0.545364	0.075766	0.834768
39810	7.244157	-4.513717	6.670534	0.461498	-0.281660	-1.108978	0.814876	-0.177356	0.551835	0.187349	0.981527	0.038804	-0.548523	0.071765	0.833050
39811	7.876419	-6.941686	6.357530	0.526948	-0.379824	-0.029667	0.812395	-0.177316	0.555494	0.184629	0.981850	0.043395	-0.553106	0.067307	0.830387
39812	9.606409	-6.635608	7.107365	0.551597	-0.388191	1.170026	0.812310	-0.165582	0.559227	0.172105	0.984207	0.041423	-0.557254	0.062598	0.827979
39813	9.020289	-6.100580	7.956619	0.479379	-0.171339	2.187319	0.814755	-0.143753	0.561702	0.151516	0.987902	0.033052	-0.559658	0.058177	0.826679
39814	6.664600	-5.641461	7.545531	0.540585	-0.100394	2.879818	0.818159	-0.115208	0.563332	0.125015	0.991926	0.021294	-0.561237	0.053003	0.825956
39815	4.796396	-5.023887	6.904452	0.657507	-0.245589	3.279566	0.820360	-0.082256	0.565901	0.094263	0.995515	0.008052	-0.564025	0.046738	0.824434
39816	4.416721	-3.770626	6.885096	0.751709	-0.485372	3.510938	0.820326	-0.047065	0.569956	0.061244	0.998106	-0.005727	-0.568607	0.039604	0.821655
39817	4.869868	-2.715925	7.376198	0.775478	-0.683502	3.684612	0.818017	-0.009837	0.575110	0.026544	0.999434	-0.020660	-0.574582	0.032166	0.817815
39818	5.484547	-2.212880	7.809121	0.778328	-0.783752	3.817782	0.813808	0.028522	0.580434	-0.009064	0.999296	-0.036396	-0.581063	0.024358	0.813494
39819	5.907537	-1.685136	8.050900	0.838415	-0.762157	3.902833	0.808260	0.067909	0.584897	-0.045808	0.997569	-0.052520	-0.587041	0.015657	0.809406
39820	5.665115	-0.559567	8.199747	0.902347	-0.677895	3.910246	0.801741	0.106909	0.588032	-0.082566	0.994250	-0.068190	-0.591941	0.006120	0.805958
39821	4.850745	-0.475765	8.421678	0.869964	-0.624873	3.757704	0.794227	0.144440	0.590203	-0.117874	0.989508	-0.083540	-0.596078	-0.003220	0.802920
39822	4.703205	0.123950	8.832576	0.862745	-0.593874	3.479130	0.785997	0.178703	0.591839	-0.150481	0.983822	-0.097213	-0.599637	-0.012652	0.800172
39823	4.596048	0.706628	9.252195	0.800335	-0.526190	3.153568	0.777570	0.209788	0.592768	-0.180114	0.977511	-0.109686	-0.602448	-0.021477	0.797869
39824	4.727407	1.216475	9.704807	0.711488	-0.394271	2.800486	0.769774	0.236954	0.592706	-0.206031	0.971080	-0.120639	-0.604151	-0.029251	0.796332
39825	4.733441	1.531890	10.115078	0.582985	-0.207124	2.428249	0.763196	0.260618	0.591278	-0.228319	0.964794	-0.130549	-0.604485	-0.035366	0.795831
39826	4.612125	1.813787	10.352430	0.430744	0.008367	2.046444	0.758379	0.280287	0.588472	-0.246448	0.959105	-0.139215	-0.603427	-0.039450	0.796442
39827	4.425312	1.923834	10.446634	0.251048	0.227841	1.674513	0.755449	0.296598	0.584232	-0.260768	0.954115	-0.147188	-0.601080	-0.041156	0.798128
39828	4.322182	1.981134	10.396911	0.071296	0.437710	1.305342	0.754593	0.309185	0.578786	-0.271009	0.950140	-0.154233	-0.597615	-0.040473	0.800761
39829	4.249203	2.161460	10.439636	-0.113148	0.638527	0.961717	0.755706	0.318730	0.572119	-0.277712	0.947109	-0.160812	-0.593115	-0.037358	0.804251
39830	4.155566	2.242533	10.459486	-0.310763	0.824702	0.649016	0.758755	0.325136	0.564427	-0.280750	0.945135	-0.167032	-0.587768	-0.031726	0.808408
39831	4.106295	2.254330	10.443082	-0.497869	0.984295	0.365219	0.763444	0.329005	0.555796	-0.280711	0.944029	-0.173235	-0.581683	-0.023763	0.813068
39832	4.133399	2.039750	10.272749	-0.657504	1.130354	0.121906	0.769632	0.330349	0.546384	-0.277802	0.943758	-0.179296	-0.574885	-0.013794	0.818118
39833	4.080536	1.732971	10.105496	-0.769329	1.232629	-0.081803	0.776867	0.329797	0.536388	-0.272847	0.944049	-0.185273	-0.567479	-0.002419	0.823384
39834	3.979978	1.352656	9.837156	-0.817694	1.305777	-0.249958	0.784891	0.327370	0.526093	-0.266246	0.944847	-0.190727	-0.559516	0.009630	0.828763
39835	4.064525	0.989927	9.753776	-0.818565	1.332541	-0.365731	0.793230	0.323800	0.515694	-0.258869	0.945876	-0.195719	-0.551156	0.021753	0.834119
39836	4.279396	0.716659	9.707970	-0.796434	1.339839	-0.423612	0.801630	0.319401	0.505344	-0.251095	0.947022	-0.200249	-0.542532	0.033636	0.839361
39837	4.447989	0.445487	9.687042	-0.746332	1.335711	-0.423478	0.809850	0.314939	0.494930	-0.243707	0.948045	-0.204495	-0.533619	0.044992	0.844527
39838	4.520531	0.051792	9.756649	-0.669542	1.306279	-0.387002	0.817685	0.310595	0.484687	-0.236975	0.948923	-0.208300	-0.524628	0.055465	0.849523
39839	4.591004	-0.124841	9.816542	-0.561723	1.263576	-0.323025	0.825005	0.306828	0.474577	-0.231427	0.949560	-0.211606	-0.515566	0.064746	0.854400
39840	4.681719	-0.225673	9.754171	-0.453833	1.199928	-0.234402	0.831668	0.303760	0.464820	-0.227126	0.949967	-0.214423	-0.506697	0.072757	0.859049
39841	4.812898	-0.341702	9.737005	-0.333837	1.128612	-0.126819	0.837621	0.301739	0.455351	-0.224405	0.950079	-0.216777	-0.498030	0.079394	0.863518
39842	5.012538	-0.496849	9.707686	-0.215221	1.055090	-0.013107	0.842854	0.300732	0.446270	-0.223193	0.949944	-0.218612	-0.489675	0.084654	0.867786
39843	5.099456	-0.589753	9.554412	-0.077223	0.977091	0.099541	0.847377	0.300860	0.437534	-0.223662	0.949565	-0.219777	-0.481588	0.088374	0.871930
39844	5.056968	-0.650155	9.336323	0.059458	0.876433	0.193943	0.851123	0.301901	0.429472	-0.225555	0.949035	-0.220130	-0.474041	0.090488	0.875841
39845	5.005532	-0.675765	9.090489	0.182060	0.755820	0.261635	0.854089	0.303709	0.422247	-0.228634	0.948400	-0.219691	-0.467181	0.091096	0.879456
39846	5.084275	-0.635031	8.898757	0.293293	0.617178	0.294257	0.856270	0.305923	0.416189	-0.232474	0.947771	-0.218373	-0.461257	0.090233	0.882667
39847	4.794329	-2.544088	7.998291	0.632237	0.383348	0.180024	0.857613	0.307291	0.412398	-0.236898	0.947771	-0.213566	-0.456485	0.085461	0.885617
39848	5.379888	0.888135	7.207371	0.604445	0.091183	0.050040	0.857904	0.307673	0.411508	-0.240043	0.948119	-0.208447	-0.454292	0.080048	0.887249
39849	7.606538	1.538313	8.363464	0.718272	-0.039016	-0.076492	0.857920	0.306964	0.412002	-0.242615	0.948905	-0.201784	-0.452891	0.073157	0.888559
39850	8.224641	1.165723	8.613444	0.537137	0.000774	-0.116378	0.858202	0.305842	0.412251	-0.244008	0.949644	-0.196562	-0.451608	0.068097	0.889614
39851	7.912395	0.842750	8.433579	0.453184	0.069586	-0.168710	0.858943	0.304145	0.411961	-0.244544	0.950471	-0.191843	-0.449905	0.064039	0.890777
39852	7.066965	0.594207	7.880833	0.365214	0.083524	-0.226739	0.859867	0.301920	0.411671	-0.244199	0.951389	-0.187687	-0.448326	0.060856	0.891796
39853	6.676937	0.539628	7.495252	0.311574	0.031188	-0.306930	0.860775	0.298905	0.411975	-0.242872	0.952518	-0.183638	-0.447303	0.058014	0.892499
39854	6.527854	0.371589	7.526070	0.241167	-0.028553	-0.370822	0.861538	0.295369	0.412927	-0.240720	0.953760	-0.179989	-0.446997	0.055668	0.892802
39855	6.574775	0.187707	7.606661	0.178028	-0.072457	-0.432978	0.862273	0.291180	0.414366	-0.237684	0.955155	-0.176591	-0.447203	0.053781	0.892814
39856	6.535227	-0.307710	7.516886	0.133701	-0.101397	-0.488086	0.862965	0.286550	0.416149	-0.234035	0.956639	-0.173403	-0.447793	0.052248	0.892609
39857	6.172447	-0.379132	7.303413	0.099399	-0.113352	-0.537555	0.863729	0.281348	0.418110	-0.229724	0.958250	-0.170247	-0.448552	0.050997	0.892301
39858	5.697526	-0.581976	6.992962	0.045238	-0.176469	-0.605916	0.864307	0.275608	0.420730	-0.224655	0.959963	-0.167334	-0.450004	0.050109	0.891620
39859	5.435808	-0.978421	6.946041	-0.035744	-0.249319	-0.702785	0.864763	0.268853	0.424149	-0.218293	0.961893	-0.164650	-0.452253	0.049795	0.890499
39860	5.643149	-2.497615	7.496610	-0.113231	-0.330234	-0.854114	0.865089	0.260775	0.428505	-0.210354	0.964101	-0.162049	-0.455381	0.050049	0.888889
39861	8.385879	-7.349849	8.676520	0.144699	-0.227284	-1.013525	0.866164	0.250974	0.432171	-0.202114	0.966798	-0.156367	-0.457066	0.048092	0.888132
39862	7.195506	-6.255751	8.276529	0.616048	0.259973	-0.967170	0.869269	0.241474	0.431348	-0.196489	0.969463	-0.146746	-0.453611	0.042807	0.890171
39863	4.465586	-4.183469	7.563883	0.552492	0.248366	-0.841047	0.872033	0.233119	0.430365	-0.191566	0.971703	-0.138187	-0.450401	0.038060	0.892015
39864	7.940771	-6.793116	9.412384	0.231087	0.065173	-0.265168	0.872826	0.230499	0.430168	-0.190254	0.972406	-0.135016	-0.449419	0.036004	0.892595
39865	4.456021	-4.386094	8.602042	0.690624	0.395230	0.000180	0.874594	0.230307	0.426666	-0.193269	0.972648	-0.128849	-0.444671	0.030229	0.895184
39866	1.731242	3.184604	9.356055	0.200642	0.040995	-0.037035	0.874842	0.229916	0.426369	-0.193799	0.972796	-0.126927	-0.443952	0.028411	0.895600
39867	6.667178	1.806494	11.779583	0.277297	-0.088653	-0.047049	0.874542	0.229416	0.427251	-0.194542	0.972993	-0.124247	-0.444217	0.025541	0.895555
39868	4.661621	-1.272690	9.307571	0.119265	0.103323	0.012471	0.874970	0.229493	0.426333	-0.195143	0.972998	-0.123264	-0.443109	0.024657	0.896128
39869	4.293412	-1.952878	8.855965	0.097633	-0.054847	0.004983	0.874723	0.229475	0.426850	-0.195532	0.973028	-0.122406	-0.443427	0.023609	0.896000
39870	5.604674	-1.096339	10.054156	0.113088	0.048703	-0.001342	0.874935	0.229432	0.426438	-0.195984	0.973061	-0.121420	-0.442808	0.022659	0.896330
39871	3.311929	-0.803200	8.944512	0.064889	0.001816	-0.004568	0.874957	0.229309	0.426460	-0.196146	0.973104	-0.120815	-0.442694	0.022060	0.896401
39872	4.423908	-1.285169	9.494791	0.085313	-0.047288	-0.004486	0.874750	0.229257	0.426912	-0.196446	0.973136	-0.120064	-0.442969	0.021161	0.896287
39873	4.178990	-1.176145	9.145292	0.082596	-0.031911	-0.006328	0.874627	0.229123	0.427237	-0.196670	0.973186	-0.119293	-0.443114	0.020313	0.896235
39874	4.356371	-1.202229	9.157759	0.090718	-0.042438	-0.001370	0.874435	0.229099	0.427641	-0.197022	0.973210	-0.118507	-0.443335	0.019372	0.896147
39875	5.363836	0.020881	9.973017	0.023302	-0.024642	0.036119	0.874260	0.229376	0.427851	-0.197354	0.973150	-0.118450	-0.443533	0.019118	0.896054
39876	4.051929	-0.948481	9.072433	-0.007023	0.005449	0.056434	0.874166	0.229905	0.427757	-0.197779	0.973023	-0.118786	-0.443527	0.019238	0.896054
39877	4.528565	-1.670491	9.125953	-0.040422	0.012770	0.056027	0.874118	0.230365	0.427608	-0.197999	0.972905	-0.119381	-0.443524	0.019687	0.896046
39878	4.463583	-1.130307	9.315312	-0.044243	0.000467	0.046065	0.874023	0.230794	0.427572	-0.198168	0.972794	-0.120007	-0.443636	0.020158	0.895980
39879	4.434831	-1.152817	9.326791	-0.048387	0.002453	0.046277	0.873949	0.231160	0.427526	-0.198267	0.972696	-0.120632	-0.443738	0.020662	0.895918
39880	4.392362	-1.234460	9.226588	-0.052941	0.000622	0.047077	0.873852	0.231599	0.427486	-0.198406	0.972580	-0.121340	-0.443866	0.021218	0.895842
39881	4.561721	-1.299102	9.245466	-0.061631	-0.025245	0.038488	0.873670	0.231897	0.427697	-0.198379	0.972496	-0.122051	-0.444237	0.021786	0.895644
39882	4.465763	-1.174474	9.341591	-0.050230	-0.018253	0.033946	0.873515	0.232212	0.427842	-0.198415	0.972410	-0.122678	-0.444525	0.022271	0.895490
39883	4.594133	-1.312832	9.260280	-0.050332	-0.023334	0.029146	0.873359	0.232420	0.428048	-0.198357	0.972350	-0.123249	-0.444857	0.022734	0.895313
39884	4.510049	-1.349879	9.264425	-0.045778	-0.016760	0.023264	0.873232	0.232631	0.428191	-0.198319	0.972289	-0.123790	-0.445123	0.023179	0.895169
39885	4.457457	-1.330236	9.219750	-0.038009	-0.011899	0.018346	0.873150	0.232728	0.428307	-0.198218	0.972257	-0.124204	-0.445330	0.023551	0.895057
39886	4.409609	-1.287167	9.168176	-0.035418	-0.008109	0.017509	0.873073	0.232881	0.428380	-0.198175	0.972211	-0.124628	-0.445499	0.023915	0.894963
39887	4.426775	-1.303517	9.139801	-0.033240	-0.008138	0.017255	0.873008	0.232970	0.428464	-0.198089	0.972181	-0.124996	-0.445665	0.024249	0.894871
39888	4.340255	-1.257833	9.150813	-0.030541	-0.005756	0.018813	0.872939	0.233135	0.428515	-0.198079	0.972134	-0.125382	-0.445805	0.024572	0.894793
