// General information: 
//  MT Manager version: 2022.2.0 
//  XDA version: 2022.2.0 build 7381 rev 124627 built on 2023-07-19
// Device information: 
//  DeviceId: 00B4CBA7
//  ProductCode: MTW2-3A7G6
//  Firmware Version: 4.6.0
//  Hardware Version: 2.0.0
// Device settings: 
//  Filter Profile: human(46.1)
//  Option Flags: Orientation Smoother Disabled, Position/Velocity Smoother Disabled, Continuous Zero Rotation Update Disabled, AHS Disabled, ICC Disabled
// Coordinate system: ENU
PacketCounter	Acc_X	Acc_Y	Acc_Z	Gyr_X	Gyr_Y	Gyr_Z	Mat[1][1]	Mat[2][1]	Mat[3][1]	Mat[1][2]	Mat[2][2]	Mat[3][2]	Mat[1][3]	Mat[2][3]	Mat[3][3]
39620	9.126798	1.614942	-3.401700	-0.093836	0.046312	-0.045679	-0.249531	-0.243503	0.937251	-0.307827	0.937611	0.161642	-0.918138	-0.248177	-0.308920
39621	9.122268	1.536004	-3.410362	-0.107813	0.059340	-0.045780	-0.248997	-0.243757	0.937327	-0.306796	0.937820	0.162387	-0.918628	-0.247134	-0.308298
39622	8.986238	1.434435	-3.671598	-0.096203	0.071998	-0.047241	-0.248139	-0.244049	0.937479	-0.306010	0.937941	0.163172	-0.919122	-0.246388	-0.307421
39623	8.994206	1.467517	-3.580165	-0.063434	0.071436	-0.041867	-0.247455	-0.244271	0.937602	-0.305448	0.938020	0.163765	-0.919493	-0.245864	-0.306730
39624	8.940136	1.531941	-3.529420	-0.080172	0.082141	-0.044942	-0.246512	-0.244517	0.937786	-0.304802	0.938106	0.164479	-0.919961	-0.245294	-0.305783
39625	8.927736	1.449360	-3.669168	-0.064817	0.094737	-0.057508	-0.245467	-0.244919	0.937956	-0.304508	0.938065	0.165256	-0.920337	-0.245050	-0.304843
39626	9.002547	1.416772	-3.538696	-0.040971	0.098149	-0.062038	-0.244323	-0.245287	0.938158	-0.304263	0.938011	0.166009	-0.920723	-0.244887	-0.303810
39627	9.071752	1.357994	-3.491563	-0.031522	0.110325	-0.066121	-0.243265	-0.245659	0.938336	-0.304161	0.937922	0.166696	-0.921036	-0.244854	-0.302884
39628	9.152870	1.329393	-3.538930	-0.006708	0.118809	-0.073304	-0.241897	-0.246082	0.938579	-0.304258	0.937757	0.167451	-0.921365	-0.245064	-0.301713
39629	9.237996	1.469323	-3.375880	0.026339	0.117594	-0.080674	-0.240486	-0.246696	0.938780	-0.304992	0.937384	0.168200	-0.921491	-0.245870	-0.300668
39630	9.179386	1.578312	-3.109318	0.024341	0.114562	-0.082468	-0.239128	-0.247214	0.938991	-0.305395	0.937118	0.168947	-0.921711	-0.246363	-0.299589
39631	9.074597	1.655070	-2.915490	0.014037	0.110069	-0.086729	-0.237832	-0.247831	0.939157	-0.305821	0.936831	0.169772	-0.921906	-0.246837	-0.298600
39632	9.035465	1.666699	-2.684875	-0.002419	0.096463	-0.086076	-0.236628	-0.248426	0.939304	-0.305983	0.936621	0.170633	-0.922161	-0.247035	-0.297645
39633	9.055890	1.597993	-2.447781	-0.011682	0.091875	-0.080942	-0.235601	-0.249028	0.939403	-0.306213	0.936399	0.171434	-0.922348	-0.247268	-0.296872
39634	9.152479	1.626061	-2.352993	-0.011944	0.064852	-0.079941	-0.234707	-0.249643	0.939463	-0.306272	0.936227	0.172267	-0.922556	-0.247299	-0.296197
39635	9.268470	1.687654	-2.222037	-0.011991	0.044540	-0.080341	-0.234188	-0.250217	0.939440	-0.306011	0.936166	0.173061	-0.922775	-0.246950	-0.295808
39636	9.315704	1.766015	-2.165007	-0.025121	0.023934	-0.079073	-0.233675	-0.250925	0.939379	-0.305945	0.936028	0.173924	-0.922927	-0.246756	-0.295495
39637	9.376282	1.802972	-2.189913	-0.042061	0.001413	-0.071621	-0.233460	-0.251709	0.939223	-0.306009	0.935855	0.174742	-0.922960	-0.246615	-0.295510
39638	9.385285	1.733259	-2.563490	-0.064060	-0.012363	-0.072954	-0.233300	-0.252448	0.939064	-0.305569	0.935826	0.175663	-0.923146	-0.245966	-0.295469
39639	9.346991	1.821903	-2.850686	-0.022374	-0.039757	-0.065239	-0.233406	-0.253192	0.938837	-0.305434	0.935728	0.176419	-0.923164	-0.245576	-0.295738
39640	9.273014	1.987711	-2.799548	-0.050294	-0.043850	-0.057932	-0.233584	-0.253868	0.938610	-0.305086	0.935702	0.177158	-0.923234	-0.244976	-0.296016
39641	9.148576	1.925280	-2.959127	-0.086440	-0.054611	-0.041020	-0.234027	-0.254349	0.938370	-0.304114	0.935890	0.177832	-0.923443	-0.243754	-0.296374
39642	9.133021	1.733162	-3.077930	-0.103255	-0.053236	-0.041895	-0.234341	-0.254898	0.938143	-0.303239	0.936032	0.178578	-0.923651	-0.242633	-0.296645
39643	9.123087	1.676139	-3.146534	-0.076056	-0.053671	-0.038314	-0.234816	-0.255372	0.937895	-0.302464	0.936169	0.179176	-0.923784	-0.241606	-0.297068
39644	9.118691	1.753543	-3.164870	-0.068341	-0.053994	-0.036159	-0.235155	-0.255868	0.937675	-0.301898	0.936238	0.179764	-0.923883	-0.240810	-0.297407
39645	9.108792	1.755190	-3.145603	-0.067220	-0.051417	-0.037962	-0.235470	-0.256433	0.937441	-0.301483	0.936254	0.180380	-0.923938	-0.240149	-0.297770
39646	9.045927	1.551772	-3.230333	-0.076575	-0.040734	-0.044669	-0.235662	-0.256975	0.937244	-0.300861	0.936320	0.181073	-0.924092	-0.239309	-0.297969
39647	8.967274	1.401631	-3.337239	-0.043995	-0.041443	-0.047429	-0.235894	-0.257674	0.936994	-0.300996	0.936162	0.181668	-0.923989	-0.239177	-0.298394
39648	9.007812	1.452349	-3.370882	-0.004945	-0.040854	-0.060771	-0.236038	-0.258368	0.936767	-0.301074	0.936014	0.182298	-0.923926	-0.239007	-0.298723
39649	9.106055	1.615135	-3.392353	0.024693	-0.031256	-0.067154	-0.236106	-0.259148	0.936534	-0.301571	0.935736	0.182900	-0.923747	-0.239248	-0.299085
39650	9.111756	1.793380	-3.363279	0.019086	-0.030489	-0.066612	-0.236137	-0.259872	0.936326	-0.301886	0.935515	0.183512	-0.923636	-0.239329	-0.299361
39651	9.090944	1.754872	-3.457724	0.013436	-0.020565	-0.068292	-0.236137	-0.260643	0.936111	-0.302336	0.935247	0.184137	-0.923489	-0.239539	-0.299648
39652	9.065450	1.809383	-3.459069	0.033881	-0.014552	-0.067109	-0.236019	-0.261332	0.935949	-0.302789	0.934987	0.184710	-0.923371	-0.239800	-0.299803
39653	9.012572	1.885514	-3.387319	0.033683	-0.011123	-0.065496	-0.235855	-0.262093	0.935778	-0.303506	0.934642	0.185279	-0.923177	-0.240316	-0.299987
39654	8.991048	1.916490	-3.338625	0.022851	-0.005313	-0.064941	-0.235657	-0.262740	0.935646	-0.303852	0.934413	0.185864	-0.923114	-0.240498	-0.300035
39655	8.993512	1.789113	-3.256798	0.012418	-0.005406	-0.065145	-0.235610	-0.263418	0.935467	-0.304243	0.934174	0.186427	-0.922997	-0.240686	-0.300244
39656	9.029714	1.713887	-3.129154	0.040713	-0.006092	-0.070816	-0.235400	-0.264122	0.935322	-0.304768	0.933886	0.187013	-0.922878	-0.241033	-0.300333
39657	9.121727	1.811656	-3.058218	0.052358	-0.010567	-0.065270	-0.235383	-0.264812	0.935131	-0.305521	0.933550	0.187461	-0.922633	-0.241577	-0.300647
39658	9.187538	1.861023	-3.056390	0.047301	-0.009009	-0.066861	-0.235212	-0.265485	0.934983	-0.306097	0.933255	0.187990	-0.922486	-0.241978	-0.300777
39659	9.186828	1.973698	-2.935628	0.039353	-0.018158	-0.056397	-0.235277	-0.266072	0.934800	-0.306539	0.933024	0.188414	-0.922322	-0.242223	-0.301081
39660	9.128790	2.032954	-2.739009	0.005774	-0.027320	-0.044637	-0.235343	-0.266581	0.934638	-0.306680	0.932888	0.188860	-0.922259	-0.242188	-0.301304
39661	9.098551	2.010250	-2.703494	-0.021086	-0.034652	-0.035225	-0.235630	-0.267081	0.934423	-0.306792	0.932773	0.189247	-0.922148	-0.242081	-0.301727
39662	9.075735	1.991302	-2.691219	-0.031410	-0.042895	-0.030734	-0.235881	-0.267498	0.934240	-0.306557	0.932763	0.189675	-0.922162	-0.241657	-0.302025
39663	9.076746	1.923160	-2.680314	-0.047469	-0.057077	-0.024317	-0.236356	-0.267983	0.933981	-0.306488	0.932708	0.190057	-0.922063	-0.241333	-0.302584
39664	9.065829	1.864546	-2.906265	-0.045381	-0.058583	-0.026558	-0.236765	-0.268399	0.933758	-0.306116	0.932742	0.190488	-0.922082	-0.240737	-0.303002
39665	9.061793	1.869161	-3.067780	-0.014074	-0.068480	-0.026194	-0.237400	-0.268901	0.933453	-0.306304	0.932624	0.190762	-0.921856	-0.240633	-0.303770
39666	9.068842	1.853929	-3.203850	0.001385	-0.069977	-0.024411	-0.237921	-0.269325	0.933198	-0.306358	0.932551	0.191031	-0.921704	-0.240442	-0.304383
39667	8.975169	1.898976	-3.388137	0.017388	-0.070671	-0.024767	-0.238698	-0.269732	0.932881	-0.306583	0.932450	0.191161	-0.921428	-0.240376	-0.305270
39668	8.951310	1.877427	-3.379690	0.036340	-0.071460	-0.021295	-0.239243	-0.270130	0.932627	-0.306953	0.932302	0.191295	-0.921164	-0.240506	-0.305963
39669	8.984347	1.968329	-3.359558	0.029755	-0.066611	-0.020305	-0.239815	-0.270570	0.932352	-0.307474	0.932106	0.191411	-0.920841	-0.240771	-0.306726
39670	9.002881	1.991836	-3.381003	0.016856	-0.058316	-0.015023	-0.240257	-0.270878	0.932149	-0.307649	0.932021	0.191545	-0.920667	-0.240755	-0.307260
39671	9.083489	1.936194	-3.395578	-0.007930	-0.057001	-0.007562	-0.240872	-0.271145	0.931913	-0.307750	0.931972	0.191618	-0.920473	-0.240641	-0.307931
39672	9.108833	1.816783	-3.385939	-0.034384	-0.045243	-0.004673	-0.241226	-0.271325	0.931769	-0.307429	0.932038	0.191813	-0.920488	-0.240182	-0.308245
39673	9.090410	1.713069	-3.412653	-0.034794	-0.039334	-0.003919	-0.241558	-0.271539	0.931620	-0.307253	0.932058	0.191999	-0.920459	-0.239865	-0.308577
39674	9.072355	1.669026	-3.350886	-0.022217	-0.036028	-0.012296	-0.241804	-0.271767	0.931490	-0.307063	0.932073	0.192228	-0.920458	-0.239545	-0.308828
39675	9.143630	1.741478	-3.266686	-0.016594	-0.035792	-0.010400	-0.242163	-0.271967	0.931338	-0.306855	0.932105	0.192404	-0.920433	-0.239193	-0.309176
39676	9.222299	1.817942	-3.205195	-0.028794	-0.031167	-0.011295	-0.242367	-0.272175	0.931224	-0.306602	0.932139	0.192644	-0.920464	-0.238825	-0.309370
39677	9.159758	1.829059	-3.354909	-0.032737	-0.026979	-0.014685	-0.242703	-0.272345	0.931087	-0.306111	0.932249	0.192892	-0.920538	-0.238201	-0.309628
39678	9.095496	1.861770	-3.397511	-0.018058	-0.027810	-0.014122	-0.242868	-0.272571	0.930978	-0.305963	0.932250	0.193125	-0.920544	-0.237941	-0.309810
39679	9.061815	2.018234	-3.408852	-0.010999	-0.021687	-0.017034	-0.243052	-0.272943	0.930821	-0.306406	0.932068	0.193301	-0.920348	-0.238227	-0.310172
39680	9.092262	2.133204	-3.432541	-0.026867	-0.016980	-0.006803	-0.243140	-0.273075	0.930760	-0.306160	0.932109	0.193493	-0.920407	-0.237916	-0.310237
39681	9.073625	2.139001	-3.489926	-0.034158	-0.009447	-0.002056	-0.243104	-0.273299	0.930703	-0.306319	0.932019	0.193674	-0.920363	-0.238009	-0.310295
39682	9.062297	2.089350	-3.657455	-0.043983	0.004474	0.003249	-0.243025	-0.273287	0.930727	-0.305892	0.932128	0.193825	-0.920526	-0.237597	-0.310127
39683	9.023331	2.141738	-3.555520	-0.030958	0.011435	0.010441	-0.242996	-0.273292	0.930733	-0.305954	0.932109	0.193818	-0.920514	-0.237664	-0.310113
39684	8.996801	2.104451	-3.568547	-0.054594	0.016340	0.018591	-0.242854	-0.273108	0.930824	-0.305392	0.932285	0.193859	-0.920738	-0.237186	-0.309814
39685	8.974352	2.054585	-3.477594	-0.073229	0.029854	0.028547	-0.242684	-0.272967	0.930910	-0.305229	0.932347	0.193817	-0.920836	-0.237104	-0.309583
39686	8.987690	1.877216	-3.448686	-0.075421	0.040487	0.028591	-0.242351	-0.272633	0.931095	-0.304451	0.932598	0.193829	-0.921181	-0.236498	-0.309020
39687	8.936203	1.850362	-3.439359	-0.060669	0.041669	0.034069	-0.241957	-0.272357	0.931278	-0.304088	0.932728	0.193775	-0.921405	-0.236305	-0.308500
39688	8.897627	1.852074	-3.368933	-0.055808	0.043538	0.037256	-0.241621	-0.271935	0.931488	-0.303471	0.932956	0.193646	-0.921697	-0.235890	-0.307946
39689	8.902367	1.947647	-3.293532	-0.062041	0.052643	0.037753	-0.241361	-0.271465	0.931693	-0.302705	0.933235	0.193497	-0.922017	-0.235326	-0.307420
39690	8.881824	1.885424	-3.253663	-0.072392	0.055498	0.044974	-0.240937	-0.270944	0.931954	-0.301916	0.933523	0.193346	-0.922386	-0.234788	-0.306723
39691	8.838175	1.762331	-3.179820	-0.068044	0.060250	0.041568	-0.240519	-0.270541	0.932179	-0.301513	0.933686	0.193183	-0.922627	-0.234600	-0.306141
39692	8.850104	1.703318	-3.128813	-0.039157	0.061513	0.036113	-0.240013	-0.270089	0.932441	-0.301052	0.933871	0.193011	-0.922909	-0.234388	-0.305452
39693	9.001469	1.699911	-3.075500	-0.011413	0.059158	0.030012	-0.240011	-0.269544	0.932599	-0.300423	0.934143	0.192674	-0.923115	-0.233930	-0.305181
39694	9.080579	1.725784	-3.196141	0.004516	0.066684	0.024974	-0.239424	-0.269183	0.932854	-0.300391	0.934194	0.192472	-0.923277	-0.234139	-0.304528
39695	9.188201	1.778386	-3.355098	0.030536	0.058885	0.017906	-0.239110	-0.268857	0.933029	-0.300455	0.934229	0.192204	-0.923338	-0.234375	-0.304163
39696	9.219136	1.861119	-3.299520	0.030038	0.060053	0.024963	-0.238584	-0.268512	0.933263	-0.300660	0.934221	0.191925	-0.923407	-0.234804	-0.303621
39697	9.197670	1.965921	-3.204800	0.017673	0.057930	0.025421	-0.238406	-0.268168	0.933407	-0.300891	0.934223	0.191550	-0.923378	-0.235187	-0.303414
39698	9.209088	1.964687	-3.066369	-0.000048	0.055121	0.029728	-0.237941	-0.267789	0.933634	-0.300806	0.934298	0.191318	-0.923526	-0.235321	-0.302860
39699	9.091917	1.888537	-2.905053	-0.017583	0.048865	0.032412	-0.237609	-0.267390	0.933833	-0.300406	0.934465	0.191134	-0.923742	-0.235114	-0.302362
39700	9.041762	1.857402	-2.740189	-0.023554	0.045349	0.033479	-0.237244	-0.266999	0.934038	-0.300096	0.934604	0.190938	-0.923936	-0.235002	-0.301855
39701	8.966233	1.827044	-2.610020	-0.029700	0.034124	0.033436	-0.237156	-0.266686	0.934150	-0.299956	0.934700	0.190692	-0.924004	-0.234980	-0.301663
39702	8.976462	1.767365	-2.562423	-0.028451	0.018408	0.036022	-0.237048	-0.266335	0.934277	-0.299595	0.934857	0.190486	-0.924149	-0.234750	-0.301398
39703	9.017254	1.772770	-2.572574	-0.020996	0.005476	0.024729	-0.237047	-0.266293	0.934289	-0.299966	0.934771	0.190323	-0.924029	-0.235140	-0.301463
39704	9.066467	1.771876	-2.660193	-0.012577	-0.001122	0.031832	-0.237107	-0.266028	0.934350	-0.299763	0.934880	0.190109	-0.924079	-0.235007	-0.301412
39705	9.101812	1.700985	-2.635736	-0.014089	-0.020166	0.028952	-0.237680	-0.265837	0.934258	-0.299725	0.934958	0.189785	-0.923944	-0.234913	-0.301899
39706	9.242648	1.626409	-2.865314	-0.008668	-0.028645	0.027294	-0.237981	-0.265679	0.934227	-0.299569	0.935045	0.189601	-0.923917	-0.234744	-0.302113
39707	9.331674	1.673307	-3.142899	0.024919	-0.034234	0.021537	-0.238530	-0.265546	0.934125	-0.299615	0.935089	0.189313	-0.923761	-0.234721	-0.302608
39708	9.342932	1.801545	-3.327833	0.043246	-0.039817	0.017304	-0.238904	-0.265507	0.934040	-0.299962	0.935028	0.189065	-0.923552	-0.235008	-0.303024
39709	9.289415	1.930510	-3.325813	0.033273	-0.042850	0.023721	-0.239506	-0.265389	0.933919	-0.300117	0.935043	0.188743	-0.923345	-0.235080	-0.303596
39710	9.150914	1.851966	-3.439930	-0.013595	-0.032508	0.019196	-0.239819	-0.265315	0.933860	-0.299934	0.935121	0.188649	-0.923324	-0.234855	-0.303837
39711	9.046275	1.657600	-3.562675	-0.009388	-0.024282	0.017413	-0.240136	-0.265275	0.933790	-0.299905	0.935153	0.188537	-0.923251	-0.234774	-0.304121
39712	9.022085	1.595548	-3.531163	0.026609	-0.017924	0.006667	-0.240277	-0.265284	0.933751	-0.300123	0.935103	0.188439	-0.923143	-0.234963	-0.304301
39713	8.942056	1.637992	-3.420794	0.043909	-0.010251	0.000677	-0.240461	-0.265347	0.933686	-0.300589	0.934981	0.188302	-0.922944	-0.235376	-0.304587
39714	8.971042	1.780760	-3.282890	0.047012	-0.003658	0.003158	-0.240460	-0.265355	0.933684	-0.301004	0.934873	0.188173	-0.922809	-0.235794	-0.304672
39715	8.928886	1.792988	-3.164902	0.024555	-0.002567	0.000452	-0.240531	-0.265342	0.933669	-0.300974	0.934887	0.188152	-0.922800	-0.235754	-0.304730
39716	8.969432	1.807624	-2.967504	0.016484	-0.004591	0.003777	-0.240541	-0.265347	0.933665	-0.301106	0.934853	0.188111	-0.922754	-0.235884	-0.304768
39717	9.018148	1.757037	-2.935230	0.006256	-0.007139	0.004436	-0.240738	-0.265288	0.933631	-0.300870	0.934935	0.188079	-0.922780	-0.235624	-0.304892
39718	9.176559	1.686925	-2.897469	0.013736	-0.018099	-0.001933	-0.240855	-0.265378	0.933576	-0.300989	0.934893	0.188099	-0.922710	-0.235692	-0.305050
39719	9.242064	1.683057	-2.930676	0.019645	-0.016605	-0.007923	-0.241094	-0.265571	0.933459	-0.301428	0.934754	0.188087	-0.922505	-0.236024	-0.305414
39720	9.214689	1.744896	-3.034889	0.047262	-0.024752	-0.010175	-0.241248	-0.265754	0.933367	-0.301877	0.934610	0.188082	-0.922318	-0.236388	-0.305698
39721	9.206079	1.850019	-3.048319	0.053451	-0.033904	-0.010653	-0.241550	-0.266083	0.933195	-0.302859	0.934307	0.188007	-0.921916	-0.237214	-0.306268
39722	9.161420	1.924342	-3.001079	0.034215	-0.033380	-0.003752	-0.241803	-0.266226	0.933089	-0.303173	0.934210	0.187981	-0.921747	-0.237433	-0.306607
39723	9.049964	1.884477	-3.099190	0.008988	-0.037336	0.001767	-0.242182	-0.266360	0.932952	-0.303327	0.934164	0.187966	-0.921597	-0.237467	-0.307032
39724	8.978884	1.801677	-3.087826	0.004326	-0.041663	-0.000578	-0.242521	-0.266494	0.932826	-0.303357	0.934146	0.188003	-0.921498	-0.237385	-0.307393
39725	8.932366	1.659226	-3.131245	0.018190	-0.042889	-0.003622	-0.243048	-0.266583	0.932663	-0.303222	0.934191	0.188001	-0.921403	-0.237111	-0.307887
39726	8.959347	1.685636	-3.173868	0.040291	-0.045562	-0.011617	-0.243389	-0.266829	0.932504	-0.303611	0.934059	0.188029	-0.921185	-0.237354	-0.308352
39727	8.995808	1.753857	-3.258654	0.053565	-0.048616	-0.014987	-0.243753	-0.267283	0.932279	-0.304780	0.933684	0.187998	-0.920703	-0.238315	-0.309051
39728	9.007854	1.772117	-3.256012	0.051041	-0.042245	-0.014421	-0.244055	-0.267548	0.932124	-0.305275	0.933518	0.188019	-0.920459	-0.238668	-0.309505
39729	9.033777	1.809184	-3.245435	0.036010	-0.044661	-0.012006	-0.244386	-0.267841	0.931953	-0.305715	0.933362	0.188078	-0.920225	-0.238948	-0.309984
39730	9.077038	1.782557	-3.266211	0.026981	-0.042578	-0.008219	-0.244709	-0.268049	0.931808	-0.305973	0.933270	0.188115	-0.920053	-0.239075	-0.310396
39731	9.107652	1.687237	-3.172704	0.012083	-0.039261	-0.009633	-0.245137	-0.268274	0.931631	-0.306150	0.933201	0.188170	-0.919881	-0.239091	-0.310894
39732	9.130781	1.627936	-3.230981	0.009370	-0.040608	-0.010154	-0.245436	-0.268495	0.931489	-0.306251	0.933146	0.188279	-0.919767	-0.239059	-0.311255
39733	9.183631	1.714089	-3.151041	0.016801	-0.041429	-0.016279	-0.245802	-0.268869	0.931284	-0.306824	0.932940	0.188365	-0.919478	-0.239440	-0.311815
39734	9.247206	1.722311	-3.133090	-0.016367	-0.042660	-0.013642	-0.246110	-0.269128	0.931128	-0.306698	0.932937	0.188587	-0.919438	-0.239162	-0.312146
39735	9.238380	1.720436	-3.113581	-0.031848	-0.041162	-0.015364	-0.246458	-0.269588	0.930903	-0.307204	0.932730	0.188785	-0.919176	-0.239450	-0.312697
39736	9.146661	1.607434	-3.139603	-0.044899	-0.048082	-0.022556	-0.246787	-0.269943	0.930713	-0.306839	0.932771	0.189179	-0.919209	-0.238892	-0.313025
39737	9.124893	1.467997	-3.148679	-0.013444	-0.048589	-0.034919	-0.247255	-0.270441	0.930444	-0.306945	0.932666	0.189520	-0.919048	-0.238736	-0.313617
39738	9.080613	1.525435	-3.209334	0.026611	-0.056468	-0.053018	-0.247568	-0.271101	0.930169	-0.307313	0.932453	0.189974	-0.918841	-0.238822	-0.314158
39739	9.137910	1.669215	-3.275973	0.059011	-0.061096	-0.065833	-0.247892	-0.272012	0.929817	-0.308452	0.931987	0.190412	-0.918372	-0.239603	-0.314935
39740	9.159652	1.852771	-3.140055	0.045268	-0.064398	-0.066799	-0.248235	-0.272819	0.929489	-0.309026	0.931690	0.190934	-0.918086	-0.239840	-0.315586
39741	9.170228	1.876432	-3.138890	0.012718	-0.062866	-0.061323	-0.248937	-0.273521	0.929094	-0.309261	0.931522	0.191374	-0.917817	-0.239693	-0.316480
39742	9.169519	1.821157	-3.076821	0.004637	-0.062225	-0.069152	-0.249252	-0.274344	0.928767	-0.309469	0.931315	0.192045	-0.917661	-0.239557	-0.317033
39743	9.181156	1.736532	-3.041932	0.007283	-0.061923	-0.071086	-0.249559	-0.275308	0.928400	-0.310132	0.930959	0.192701	-0.917354	-0.239836	-0.317711
39744	9.086110	1.757311	-2.996538	0.032136	-0.071466	-0.073955	-0.249943	-0.276198	0.928032	-0.310605	0.930671	0.193329	-0.917089	-0.239930	-0.318403
39745	9.084241	1.969657	-2.967677	0.046431	-0.076632	-0.072894	-0.250647	-0.276996	0.927604	-0.310945	0.930454	0.193827	-0.916782	-0.239852	-0.319346
39746	9.182247	2.061379	-2.981121	0.035180	-0.079848	-0.065421	-0.251133	-0.277827	0.927224	-0.311425	0.930181	0.194365	-0.916486	-0.239949	-0.320122
39747	9.210723	2.081013	-2.924993	-0.014926	-0.090345	-0.053212	-0.251793	-0.278594	0.926815	-0.311497	0.930037	0.194936	-0.916280	-0.239616	-0.320958
39748	9.082482	1.858340	-3.087717	-0.049855	-0.086955	-0.051157	-0.252389	-0.279308	0.926438	-0.311162	0.930007	0.195614	-0.916230	-0.238902	-0.321633
39749	9.053185	1.706374	-3.130588	-0.008741	-0.094890	-0.059993	-0.253236	-0.280130	0.925958	-0.311354	0.929830	0.196151	-0.915931	-0.238628	-0.322686
39750	8.981955	1.666431	-3.142020	0.022267	-0.103368	-0.063192	-0.253945	-0.280994	0.925502	-0.311712	0.929593	0.196707	-0.915613	-0.238537	-0.323654
39751	9.054290	1.828776	-3.049817	0.042397	-0.107052	-0.068201	-0.254838	-0.281905	0.924980	-0.312283	0.929299	0.197185	-0.915170	-0.238606	-0.324855
39752	9.075192	1.991551	-3.024888	0.024968	-0.101113	-0.060199	-0.255534	-0.282735	0.924534	-0.312659	0.929063	0.197704	-0.914848	-0.238544	-0.325806
39753	9.056937	1.988734	-2.988625	-0.019680	-0.115556	-0.055796	-0.256399	-0.283676	0.924006	-0.313075	0.928801	0.198274	-0.914463	-0.238446	-0.326955
39754	9.009948	1.889112	-3.055039	-0.038424	-0.109788	-0.046800	-0.257215	-0.284402	0.923556	-0.312839	0.928752	0.198875	-0.914315	-0.237770	-0.327861
39755	9.036780	1.828048	-3.196010	-0.029028	-0.116871	-0.048933	-0.258174	-0.285299	0.923012	-0.313268	0.928501	0.199372	-0.913898	-0.237678	-0.329090
39756	9.079983	1.872298	-3.314130	-0.009528	-0.112104	-0.054098	-0.258988	-0.286098	0.922536	-0.313317	0.928361	0.199946	-0.913651	-0.237262	-0.330073
39757	9.050893	1.925997	-3.322901	-0.011628	-0.115393	-0.045520	-0.260161	-0.286868	0.921967	-0.313680	0.928166	0.200282	-0.913193	-0.237097	-0.331458
39758	9.060975	1.955052	-3.504614	-0.019990	-0.105789	-0.045173	-0.260945	-0.287568	0.921527	-0.313612	0.928075	0.200808	-0.912993	-0.236602	-0.332361
39759	9.045252	2.005597	-3.612297	-0.019944	-0.109537	-0.036414	-0.261926	-0.288212	0.921047	-0.313641	0.927983	0.201190	-0.912702	-0.236181	-0.333458
39760	9.061494	2.054409	-3.530360	-0.050964	-0.111502	-0.033233	-0.262799	-0.288814	0.920610	-0.313259	0.927999	0.201709	-0.912582	-0.235381	-0.334351
39761	9.114337	2.014315	-3.530130	-0.058675	-0.099029	-0.030109	-0.263631	-0.289502	0.920156	-0.313395	0.927860	0.202136	-0.912295	-0.235083	-0.335342
39762	9.124058	2.038229	-3.530212	-0.067107	-0.090447	-0.032193	-0.264315	-0.290044	0.919789	-0.312865	0.927916	0.202700	-0.912279	-0.234193	-0.336007
39763	9.136193	2.122085	-3.440510	-0.084528	-0.075067	-0.036670	-0.264957	-0.290638	0.919417	-0.312418	0.927936	0.203299	-0.912246	-0.233377	-0.336663
39764	9.202656	2.064705	-3.410856	-0.115718	-0.073593	-0.031819	-0.265489	-0.291136	0.919106	-0.311444	0.928104	0.204024	-0.912425	-0.232084	-0.337073
39765	9.252599	1.902378	-3.404999	-0.107376	-0.077566	-0.036014	-0.266093	-0.291740	0.918740	-0.310803	0.928166	0.204716	-0.912467	-0.231073	-0.337652
39766	9.287809	1.889823	-3.351687	-0.082848	-0.085586	-0.042453	-0.266702	-0.292363	0.918365	-0.310158	0.928225	0.205429	-0.912509	-0.230050	-0.338238
39767	9.317939	1.938361	-3.367011	-0.081453	-0.094754	-0.041202	-0.267311	-0.293160	0.917934	-0.310075	0.928101	0.206110	-0.912359	-0.229532	-0.338993
39768	9.358540	1.919796	-3.392317	-0.082391	-0.100781	-0.051309	-0.268032	-0.293898	0.917487	-0.309458	0.928131	0.206903	-0.912357	-0.228468	-0.339718
39769	9.132968	1.979685	-3.530357	-0.068994	-0.106499	-0.043694	-0.269017	-0.294589	0.916977	-0.309079	0.928125	0.207494	-0.912195	-0.227599	-0.340732
39770	8.985334	2.027210	-3.622949	-0.055902	-0.110754	-0.039386	-0.269866	-0.295237	0.916519	-0.308674	0.928127	0.208088	-0.912082	-0.226750	-0.341602
39771	8.943826	2.110762	-3.602204	-0.055008	-0.120761	-0.036005	-0.271069	-0.295892	0.915953	-0.308482	0.928093	0.208522	-0.911790	-0.226032	-0.342855
39772	8.941031	2.146943	-3.451316	-0.067606	-0.130939	-0.036371	-0.272111	-0.296557	0.915429	-0.307964	0.928129	0.209129	-0.911654	-0.225013	-0.343883
39773	8.901734	2.082793	-3.381405	-0.075943	-0.142051	-0.036403	-0.273715	-0.297045	0.914792	-0.306835	0.928385	0.209650	-0.911555	-0.223306	-0.345257
39774	8.833290	2.110742	-3.251545	-0.063937	-0.149007	-0.030295	-0.274942	-0.297689	0.914214	-0.306334	0.928428	0.210190	-0.911354	-0.222265	-0.346456
39775	8.830937	2.145756	-3.102649	-0.084281	-0.158317	-0.019773	-0.276567	-0.298119	0.913584	-0.305231	0.928688	0.210646	-0.911233	-0.220596	-0.347840
39776	8.921412	2.103356	-3.174493	-0.090389	-0.152983	-0.010398	-0.277891	-0.298584	0.913030	-0.304435	0.928847	0.211098	-0.911096	-0.219296	-0.349018
39777	9.090271	2.077154	-3.273594	-0.104695	-0.157684	0.001402	-0.279501	-0.299002	0.912402	-0.303810	0.928990	0.211370	-0.910812	-0.218119	-0.350493
39778	9.274328	2.005851	-3.531667	-0.117803	-0.152883	0.010027	-0.280885	-0.299272	0.911888	-0.302709	0.929267	0.211734	-0.910753	-0.216563	-0.351610
39779	9.508927	2.053366	-3.702025	-0.119029	-0.146623	0.020041	-0.282254	-0.299605	0.911356	-0.302200	0.929385	0.211939	-0.910499	-0.215591	-0.352863
39780	9.548619	2.163810	-3.911407	-0.145204	-0.136653	0.026972	-0.283541	-0.299680	0.910932	-0.300802	0.929768	0.212247	-0.910562	-0.213829	-0.353772
39781	9.633849	2.154645	-3.976429	-0.167934	-0.126969	0.033084	-0.284907	-0.299685	0.910504	-0.299281	0.930197	0.212519	-0.910637	-0.211948	-0.354709
39782	9.539100	2.199616	-4.000060	-0.214622	-0.122629	0.041958	-0.286111	-0.299585	0.910159	-0.297207	0.930765	0.212940	-0.910938	-0.209581	-0.355341
39783	9.326164	2.144037	-3.944436	-0.255742	-0.113245	0.046380	-0.287506	-0.299362	0.909793	-0.294669	0.931473	0.213376	-0.911324	-0.206741	-0.356016
39784	9.046950	2.043074	-3.888352	-0.269049	-0.109734	0.052675	-0.288624	-0.299128	0.909516	-0.292065	0.932173	0.213897	-0.911808	-0.203902	-0.356412
39785	8.847188	1.929461	-3.788139	-0.264727	-0.108953	0.057948	-0.289866	-0.298889	0.909199	-0.289713	0.932816	0.214289	-0.912165	-0.201292	-0.356984
39786	8.714040	1.988781	-3.610003	-0.266834	-0.129362	0.080371	-0.291241	-0.298430	0.908910	-0.287047	0.933580	0.214552	-0.912569	-0.198413	-0.357560
39787	8.803598	1.958662	-3.547325	-0.324713	-0.138808	0.109680	-0.292834	-0.297688	0.908642	-0.283660	0.934566	0.214764	-0.913119	-0.194855	-0.358114
39788	8.841323	1.742275	-3.486551	-0.334656	-0.151167	0.121081	-0.294519	-0.296880	0.908361	-0.280249	0.935562	0.214905	-0.913630	-0.191273	-0.358742
39789	8.912129	1.655603	-3.340318	-0.309982	-0.167211	0.131570	-0.296619	-0.295823	0.908023	-0.276512	0.936689	0.214836	-0.914089	-0.187355	-0.359638
39790	8.942630	1.676863	-3.156790	-0.305154	-0.181615	0.150904	-0.298658	-0.294779	0.907694	-0.273274	0.937692	0.214606	-0.914399	-0.183955	-0.360604
39791	9.043351	1.590591	-2.928941	-0.270546	-0.199222	0.160771	-0.300908	-0.293680	0.907307	-0.270358	0.938639	0.214158	-0.914528	-0.180856	-0.361843
39792	9.089303	1.613532	-2.873759	-0.247185	-0.232543	0.158007	-0.303424	-0.292646	0.906803	-0.267621	0.939536	0.213662	-0.914501	-0.177849	-0.363396
39793	9.354782	1.548322	-2.941300	-0.254914	-0.266570	0.164053	-0.306690	-0.291436	0.906094	-0.264490	0.940572	0.213002	-0.914323	-0.174327	-0.365546
39794	9.550459	1.625197	-3.074589	-0.265359	-0.290198	0.189995	-0.309808	-0.290183	0.905435	-0.261480	0.941573	0.212295	-0.914137	-0.170982	-0.367584
39795	9.460132	1.781698	-3.105972	-0.327543	-0.300590	0.225446	-0.313206	-0.288664	0.904751	-0.258086	0.942703	0.211428	-0.913944	-0.167283	-0.369761
39796	9.255824	1.673004	-3.224355	-0.443549	-0.309633	0.273362	-0.316701	-0.286628	0.904182	-0.253173	0.944211	0.210641	-0.914114	-0.162204	-0.371598
39797	9.044236	1.470691	-3.494340	-0.519069	-0.320704	0.326852	-0.320816	-0.283904	0.903590	-0.247074	0.946072	0.209530	-0.914348	-0.156033	-0.373660
39798	9.059180	1.431554	-3.800318	-0.581292	-0.325312	0.387388	-0.324701	-0.280767	0.903183	-0.240509	0.948045	0.208248	-0.914726	-0.149605	-0.375358
39799	9.136785	1.469647	-4.097408	-0.633726	-0.314684	0.451468	-0.328955	-0.276859	0.902850	-0.233108	0.950279	0.206470	-0.915122	-0.142542	-0.377138
39800	9.221815	1.566288	-3.937303	-0.704247	-0.309432	0.513881	-0.332932	-0.272433	0.902738	-0.224962	0.952659	0.204532	-0.915723	-0.134987	-0.378458
39801	9.132616	1.484168	-3.808569	-0.789281	-0.299403	0.574366	-0.337206	-0.267339	0.902675	-0.215917	0.955236	0.202247	-0.916336	-0.126704	-0.379834
39802	8.924725	1.408188	-3.625590	-0.826673	-0.281597	0.625910	-0.341077	-0.261731	0.902864	-0.206218	0.957894	0.199781	-0.917137	-0.118047	-0.380690
39803	8.832124	1.385846	-3.554649	-0.819738	-0.272010	0.667549	-0.345450	-0.255344	0.903030	-0.195792	0.960705	0.196753	-0.917785	-0.108838	-0.381870
39804	8.859104	1.527383	-3.330208	-0.771542	-0.252639	0.708862	-0.349093	-0.248825	0.903449	-0.186250	0.963292	0.193339	-0.918393	-0.100774	-0.382622
39805	8.928615	1.484714	-3.169290	-0.753306	-0.215673	0.739887	-0.352853	-0.241883	0.903874	-0.176950	0.965827	0.189385	-0.918795	-0.093115	-0.383596
39806	8.614528	1.494281	-3.261833	-0.713474	-0.219863	0.736523	-0.356114	-0.234993	0.904412	-0.167786	0.968213	0.185505	-0.919256	-0.085687	-0.384222
39807	8.573664	1.192047	-3.308782	-0.682588	-0.267893	0.714895	-0.360185	-0.228043	0.904579	-0.158477	0.970525	0.181566	-0.919321	-0.077958	-0.385708
39808	8.368589	0.912731	-3.602731	-0.561080	-0.322757	0.710583	-0.364223	-0.221417	0.904608	-0.150749	0.972534	0.177347	-0.919030	-0.071776	-0.387598
39809	8.375438	1.036740	-3.757096	-0.431872	-0.383329	0.697908	-0.369213	-0.214578	0.904233	-0.143566	0.974469	0.172625	-0.918189	-0.066082	-0.390593
39810	8.366032	1.138169	-3.846393	-0.352792	-0.404938	0.677923	-0.373856	-0.208261	0.903803	-0.137813	0.976120	0.167919	-0.917191	-0.061778	-0.393630
39811	8.228318	0.912156	-4.120191	-0.323635	-0.417460	0.640402	-0.378897	-0.202131	0.903095	-0.132279	0.977665	0.163322	-0.915936	-0.057578	-0.397172
39812	8.323700	-0.387140	-4.444884	-0.250863	-0.423798	0.561826	-0.383481	-0.196907	0.902314	-0.127846	0.978919	0.159290	-0.914657	-0.054272	-0.400571
39813	8.637765	-2.159453	-4.976243	0.032664	-0.418657	0.423899	-0.388291	-0.192525	0.901202	-0.125511	0.979869	0.155254	-0.912950	-0.052828	-0.404638
39814	9.106244	-4.041582	-5.570910	0.521370	-0.402307	0.244942	-0.392246	-0.190382	0.899943	-0.129313	0.980045	0.150965	-0.910726	-0.057159	-0.409038
39815	9.453866	-5.133425	-6.157023	1.368852	-0.355521	0.051047	-0.395985	-0.189790	0.898430	-0.141011	0.979371	0.144737	-0.907365	-0.069375	-0.414579
39816	9.262519	-4.850624	-5.762889	2.273226	-0.303070	-0.152513	-0.398471	-0.191560	0.896953	-0.162195	0.977251	0.136653	-0.902725	-0.091029	-0.420476
39817	8.767669	-3.776709	-5.662525	2.982149	-0.235582	-0.342795	-0.400517	-0.194748	0.895354	-0.189764	0.973597	0.126880	-0.896424	-0.119089	-0.426898
39818	8.430976	-1.919972	-4.960592	3.470320	-0.185998	-0.476436	-0.401168	-0.199659	0.893980	-0.222652	0.967940	0.116263	-0.888533	-0.152406	-0.432761
39819	8.222520	0.119539	-3.819672	3.555709	-0.159151	-0.529190	-0.401657	-0.204749	0.892608	-0.255838	0.960967	0.105307	-0.879328	-0.186066	-0.438362
39820	8.220447	1.536668	-2.507861	3.242964	-0.161071	-0.513967	-0.401644	-0.210024	0.891388	-0.286272	0.953363	0.095637	-0.869902	-0.216768	-0.443037
39821	8.323609	1.714043	-3.639337	2.638695	-0.026990	-0.471077	-0.400909	-0.214103	0.890748	-0.310279	0.946576	0.087872	-0.861974	-0.241152	-0.445922
39822	8.450482	1.034805	-4.211540	2.313323	0.085088	-0.399390	-0.398867	-0.217685	0.890797	-0.331738	0.939876	0.081138	-0.854901	-0.263148	-0.447100
39823	8.388757	0.262534	-4.783145	2.082654	0.206673	-0.348746	-0.395982	-0.220515	0.891387	-0.351384	0.933241	0.074773	-0.848367	-0.283610	-0.447032
39824	8.420445	0.073364	-5.217132	2.084404	0.292053	-0.322382	-0.392321	-0.222682	0.892467	-0.370276	0.926402	0.068380	-0.842010	-0.303632	-0.445900
39825	8.360722	0.544365	-5.285763	2.013670	0.382669	-0.296121	-0.388077	-0.224255	0.893927	-0.388624	0.919314	0.061912	-0.835684	-0.323375	-0.443916
39826	8.298541	1.186282	-5.391663	1.908141	0.451763	-0.259759	-0.383253	-0.225157	0.895780	-0.405520	0.912379	0.055831	-0.829862	-0.341859	-0.440978
39827	8.404178	2.205338	-5.135336	1.727399	0.535476	-0.204535	-0.377927	-0.225221	0.898024	-0.420902	0.905726	0.050019	-0.824629	-0.359077	-0.437094
39828	8.361961	3.094849	-4.829662	1.426713	0.620439	-0.119634	-0.372280	-0.224053	0.900671	-0.433093	0.900229	0.044931	-0.820877	-0.373347	-0.432173
39829	8.298566	3.894764	-4.559258	1.037127	0.708551	-0.010021	-0.366438	-0.221419	0.903713	-0.441654	0.896270	0.040513	-0.818941	-0.384283	-0.426218
39830	8.319445	4.090481	-4.290456	0.565307	0.792638	0.119833	-0.360445	-0.217297	0.907117	-0.445852	0.894339	0.037076	-0.819326	-0.391076	-0.419242
39831	8.452723	4.077937	-4.014130	0.129829	0.877818	0.242844	-0.354556	-0.211464	0.910809	-0.445723	0.894518	0.034172	-0.821961	-0.393853	-0.411412
39832	8.550670	3.632638	-3.802282	-0.265265	0.961942	0.348274	-0.348142	-0.204582	0.914846	-0.442315	0.896285	0.032110	-0.826532	-0.393471	-0.402524
39833	8.659221	2.887629	-3.759390	-0.521825	1.019148	0.412065	-0.341622	-0.196732	0.919016	-0.436299	0.899291	0.030326	-0.832429	-0.390606	-0.393052
39834	8.703346	2.338862	-3.584043	-0.633219	1.063270	0.437666	-0.334600	-0.188679	0.923278	-0.429529	0.902594	0.028789	-0.838777	-0.386942	-0.383052
39835	8.728476	2.045787	-3.472802	-0.645989	1.088794	0.439023	-0.327438	-0.180337	0.927504	-0.422269	0.906066	0.027094	-0.845265	-0.382784	-0.372831
39836	8.808572	1.795226	-3.195718	-0.610487	1.104364	0.410758	-0.319759	-0.172425	0.931678	-0.415761	0.909115	0.025557	-0.851409	-0.379183	-0.362385
39837	8.939517	1.798992	-3.086825	-0.555747	1.112119	0.367500	-0.311699	-0.164807	0.935779	-0.409607	0.911942	0.024173	-0.857360	-0.375767	-0.351757
39838	9.244680	1.771458	-3.073964	-0.498311	1.119833	0.308288	-0.303290	-0.157824	0.939738	-0.404372	0.914304	0.023045	-0.862843	-0.373014	-0.341119
39839	9.534836	1.746998	-3.008760	-0.441697	1.127014	0.247812	-0.294545	-0.151275	0.943588	-0.399555	0.916440	0.022200	-0.868101	-0.370477	-0.330375
39840	9.648493	1.638188	-2.790976	-0.373703	1.106000	0.180498	-0.285604	-0.145556	0.947229	-0.395777	0.918089	0.021745	-0.872806	-0.368681	-0.319818
39841	9.691119	1.513679	-2.649334	-0.288356	1.084255	0.094722	-0.276578	-0.140460	0.950671	-0.392334	0.919566	0.021723	-0.877256	-0.366973	-0.309439
39842	9.650742	1.270952	-2.643590	-0.167765	1.045104	-0.000327	-0.267359	-0.136653	0.953858	-0.390858	0.920182	0.022274	-0.880766	-0.366868	-0.299431
39843	9.825778	1.159238	-2.592457	-0.025237	0.988698	-0.094937	-0.258422	-0.133792	0.956722	-0.390663	0.920242	0.023168	-0.883516	-0.367769	-0.290078
39844	9.927911	1.311176	-2.521272	0.114738	0.929840	-0.183988	-0.249447	-0.132078	0.959339	-0.392141	0.919575	0.024639	-0.885439	-0.370050	-0.281179
39845	9.955883	1.605767	-2.380332	0.239186	0.860435	-0.253825	-0.240823	-0.131134	0.961669	-0.394603	0.918471	0.026426	-0.886731	-0.373114	-0.272935
39846	9.901530	1.869691	-2.147966	0.318160	0.789778	-0.302498	-0.232587	-0.130972	0.963716	-0.398137	0.916883	0.028519	-0.887350	-0.377058	-0.265400
39847	9.940404	1.912976	-2.015703	0.374527	0.711035	-0.328784	-0.224923	-0.131278	0.965493	-0.402070	0.915092	0.030758	-0.887553	-0.381277	-0.258608
39848	10.520593	1.315328	-1.207434	0.384911	0.624019	-0.305700	-0.218118	-0.131703	0.966995	-0.406157	0.913216	0.032765	-0.887390	-0.385606	-0.252681
39849	9.141724	1.354837	-2.190284	0.513032	0.517534	-0.316807	-0.212137	-0.132632	0.968198	-0.411422	0.910787	0.034623	-0.886414	-0.390993	-0.247779
39850	8.829090	1.631617	-2.327999	0.582228	0.300519	-0.319247	-0.208121	-0.134376	0.968829	-0.417242	0.908069	0.036317	-0.884644	-0.396678	-0.245056
39851	8.827640	2.509345	-2.339364	0.568939	0.132340	-0.303299	-0.205679	-0.136551	0.969046	-0.422624	0.905512	0.037897	-0.882658	-0.401748	-0.243955
39852	9.033611	2.922341	-2.104971	0.357764	0.000665	-0.238197	-0.204631	-0.138726	0.968959	-0.426262	0.903743	0.039369	-0.881151	-0.404974	-0.244067
39853	8.890042	2.659886	-2.327680	0.156744	-0.099614	-0.168013	-0.204702	-0.140650	0.968666	-0.427759	0.902975	0.040717	-0.880409	-0.406021	-0.245005
39854	8.649923	2.132904	-2.506997	0.007863	-0.184103	-0.108207	-0.205828	-0.142397	0.968172	-0.428044	0.902792	0.041782	-0.880008	-0.405820	-0.246772
39855	8.303403	1.559398	-2.787088	-0.059317	-0.261092	-0.063559	-0.207814	-0.144051	0.967503	-0.427519	0.903001	0.042619	-0.879796	-0.404769	-0.249240
39856	8.089034	1.315951	-3.129410	-0.105386	-0.328588	-0.023148	-0.210573	-0.145610	0.966673	-0.426634	0.903395	0.043144	-0.879569	-0.403331	-0.252353
39857	8.027295	0.994203	-3.434905	-0.132850	-0.405289	0.001850	-0.214160	-0.147240	0.965638	-0.425336	0.903989	0.043508	-0.879332	-0.401403	-0.256225
39858	8.116384	0.881177	-3.475249	-0.144398	-0.463868	0.029096	-0.218330	-0.148857	0.964455	-0.423998	0.904611	0.043638	-0.878953	-0.399399	-0.260619
39859	8.031040	0.673350	-3.904994	-0.194995	-0.481960	0.064111	-0.222854	-0.150237	0.963206	-0.422109	0.905497	0.043574	-0.878727	-0.396867	-0.265210
39860	7.865466	0.217277	-4.387124	-0.206084	-0.487184	0.115086	-0.227587	-0.151144	0.961956	-0.420033	0.906487	0.043054	-0.878508	-0.394255	-0.269791
39861	8.022859	-0.141515	-3.979195	-0.227418	-0.497619	0.202641	-0.232790	-0.151327	0.960681	-0.417554	0.907690	0.041799	-0.878327	-0.391405	-0.274489
39862	8.567835	-0.785027	-3.523634	-0.368504	-0.481673	0.336004	-0.238387	-0.150173	0.959489	-0.413519	0.909633	0.039630	-0.878734	-0.387320	-0.278944
39863	9.216687	-1.652507	-3.843337	-0.407597	-0.417164	0.454985	-0.243843	-0.147717	0.958499	-0.408821	0.911883	0.036528	-0.879435	-0.382947	-0.282746
39864	9.443778	-1.983689	-3.733049	-0.278094	-0.371095	0.537616	-0.249264	-0.144248	0.957633	-0.405044	0.913730	0.032206	-0.879663	-0.379856	-0.286187
39865	9.184824	-1.070803	-3.194474	-0.152335	-0.346381	0.584863	-0.254667	-0.140300	0.956797	-0.402324	0.915096	0.027100	-0.879364	-0.378041	-0.289491
39866	9.606271	-0.446130	-3.072839	-0.252704	-0.324221	0.529770	-0.259609	-0.136693	0.955991	-0.398734	0.916783	0.022806	-0.879553	-0.375266	-0.292509
39867	10.416136	0.938019	-3.624245	-0.273642	-0.275718	0.388137	-0.263616	-0.134251	0.955240	-0.395449	0.918272	0.019925	-0.879845	-0.372496	-0.295161
39868	10.561621	1.707524	-3.054708	-0.546726	-0.271892	0.259317	-0.266998	-0.132897	0.954490	-0.389942	0.920641	0.019106	-0.881282	-0.367094	-0.297631
39869	10.391738	-0.096082	-3.151636	-0.734492	-0.296401	0.214565	-0.270423	-0.132025	0.953646	-0.382785	0.923635	0.019325	-0.883373	-0.359815	-0.300309
39870	10.081103	-2.226072	-3.865834	-0.393496	-0.353120	0.154432	-0.274101	-0.131886	0.952615	-0.378883	0.925248	0.019079	-0.883921	-0.355700	-0.303581
39871	9.902311	-3.136879	-4.663482	0.343831	-0.436660	0.050982	-0.278241	-0.133082	0.951247	-0.381981	0.924004	0.017540	-0.881290	-0.358478	-0.307930
39872	9.761152	-1.489875	-3.939138	1.079839	-0.511204	-0.033997	-0.282570	-0.135276	0.949660	-0.391559	0.920038	0.014548	-0.875692	-0.367737	-0.312944
39873	9.572144	0.838053	-3.065349	1.173222	-0.504613	-0.097161	-0.286630	-0.138120	0.948033	-0.402165	0.915491	0.011788	-0.869544	-0.377887	-0.317954
39874	9.190383	2.011002	-3.407499	0.908292	-0.473128	-0.090772	-0.290333	-0.140780	0.946514	-0.410298	0.911899	0.009776	-0.864501	-0.385515	-0.322516
39875	9.010308	2.235364	-3.810331	0.500540	-0.446472	-0.009952	-0.294165	-0.142685	0.945044	-0.414748	0.909899	0.008280	-0.861076	-0.389519	-0.326838
39876	8.977635	1.705167	-4.150553	0.144753	-0.401058	0.103609	-0.298014	-0.143330	0.943740	-0.415683	0.909484	0.006863	-0.859299	-0.390252	-0.330619
39877	8.984218	0.926267	-4.302868	-0.108507	-0.356637	0.188549	-0.301858	-0.143085	0.942554	-0.414232	0.910155	0.005507	-0.858658	-0.388774	-0.334008
39878	9.221149	-0.010622	-4.652079	-0.245563	-0.304984	0.209843	-0.305313	-0.142380	0.941548	-0.411484	0.911407	0.004391	-0.858758	-0.386091	-0.336851
39879	9.434832	-0.740425	-5.067622	-0.196628	-0.276606	0.190017	-0.308440	-0.141825	0.940612	-0.409320	0.912385	0.003347	-0.858674	-0.383979	-0.339468
39880	9.435773	-0.898101	-5.365040	-0.044277	-0.251305	0.142952	-0.311151	-0.141509	0.939766	-0.408495	0.912758	0.002192	-0.858089	-0.383208	-0.341811
39881	9.323325	-0.401771	-5.155148	0.074295	-0.232446	0.113467	-0.313605	-0.141501	0.938951	-0.408949	0.912557	0.000936	-0.856979	-0.383689	-0.344049
