// General information: 
//  MT Manager version: 2022.2.0 
//  XDA version: 2022.2.0 build 7381 rev 124627 built on 2023-07-19
// Device information: 
//  DeviceId: 00B4CB9F
//  ProductCode: MTW2-3A7G6
//  Firmware Version: 4.6.0
//  Hardware Version: 2.0.0
// Device settings: 
//  Filter Profile: human(46.1)
//  Option Flags: Orientation Smoother Disabled, Position/Velocity Smoother Disabled, Continuous Zero Rotation Update Disabled, AHS Disabled, ICC Disabled
// Coordinate system: ENU
PacketCounter	Acc_X	Acc_Y	Acc_Z	Gyr_X	Gyr_Y	Gyr_Z	Mat[1][1]	Mat[2][1]	Mat[3][1]	Mat[1][2]	Mat[2][2]	Mat[3][2]	Mat[1][3]	Mat[2][3]	Mat[3][3]
63771	9.726468	0.908179	1.293196	0.026120	0.037349	-0.000581	0.094347	-0.107768	0.989689	0.112332	0.988927	0.096976	-0.989182	0.102024	0.105408
63772	9.612112	1.003420	1.367090	0.042306	0.051564	0.001183	0.094825	-0.107748	0.989646	0.111893	0.988979	0.096954	-0.989186	0.101541	0.105836
63773	9.456091	1.133154	1.300796	0.038557	0.047711	0.004824	0.095268	-0.107685	0.989610	0.111465	0.989034	0.096892	-0.989191	0.101076	0.106226
63774	9.523817	1.233720	1.253908	0.032224	0.040449	-0.000981	0.095637	-0.107675	0.989576	0.111123	0.989073	0.096881	-0.989194	0.100699	0.106557
63775	9.592729	1.211061	1.222568	-0.000712	0.033291	-0.005620	0.095926	-0.107701	0.989545	0.111093	0.989077	0.096881	-0.989170	0.100638	0.106843
63776	9.562842	1.178224	1.120331	-0.034213	0.031646	-0.007084	0.096201	-0.107743	0.989513	0.111412	0.989043	0.096860	-0.989107	0.100926	0.107151
63777	9.691601	1.038581	1.114726	-0.047233	0.026796	-0.009333	0.096422	-0.107799	0.989486	0.111846	0.988995	0.096846	-0.989037	0.101332	0.107417
63778	9.756322	0.894359	1.190974	-0.039595	0.042945	-0.008006	0.096806	-0.107860	0.989442	0.112200	0.988957	0.096829	-0.988959	0.101642	0.107839
63779	9.694895	0.827164	1.239934	-0.012207	0.061952	-0.002036	0.097382	-0.107880	0.989383	0.112281	0.988952	0.096782	-0.988893	0.101664	0.108419
63780	9.706073	0.870214	1.206701	0.007194	0.065907	0.007045	0.098019	-0.107815	0.989327	0.112141	0.988979	0.096666	-0.988846	0.101469	0.109030
63781	9.732607	0.978641	1.159420	0.016397	0.055011	0.013737	0.098545	-0.107672	0.989291	0.111923	0.989021	0.096493	-0.988819	0.101216	0.109514
63782	9.759408	1.086807	1.110777	0.005501	0.037650	0.011828	0.098898	-0.107530	0.989271	0.111807	0.989050	0.096329	-0.988796	0.101080	0.109837
63783	9.696748	1.008417	0.934426	-0.026014	0.008705	0.023114	0.098976	-0.107248	0.989294	0.111999	0.989059	0.096017	-0.988767	0.101296	0.109904
63784	9.676871	0.908136	0.699294	-0.051921	-0.029186	0.021444	0.098680	-0.106945	0.989356	0.112462	0.989037	0.095694	-0.988744	0.101822	0.109625
63785	9.697984	0.773792	0.602109	-0.042977	-0.045073	0.010082	0.098211	-0.106736	0.989425	0.112834	0.989015	0.095492	-0.988748	0.102263	0.109176
63786	9.698321	0.772687	0.598089	-0.024896	-0.043246	0.008509	0.097762	-0.106547	0.989490	0.113041	0.989007	0.095326	-0.988769	0.102534	0.108731
63787	9.702987	0.867842	0.625009	-0.006299	-0.043060	0.000272	0.097302	-0.106437	0.989547	0.113061	0.989011	0.095262	-0.988812	0.102610	0.108267
63788	9.686970	0.984812	0.820266	0.003799	-0.040522	-0.002480	0.096869	-0.106358	0.989598	0.112985	0.989022	0.095237	-0.988863	0.102584	0.107822
63789	9.740459	0.993416	0.917681	-0.000959	-0.034317	-0.000635	0.096495	-0.106266	0.989644	0.112952	0.989030	0.095187	-0.988904	0.102598	0.107439
63790	9.771235	0.988012	1.099546	-0.001151	-0.029486	0.004044	0.096177	-0.106136	0.989689	0.112939	0.989041	0.095091	-0.988936	0.102629	0.107110
63791	9.725021	0.997937	1.185517	0.000330	-0.023635	0.014946	0.095926	-0.105900	0.989739	0.112879	0.989068	0.094888	-0.988967	0.102618	0.106831
63792	9.649495	0.948489	1.304357	0.013119	-0.014377	0.015941	0.095774	-0.105667	0.989779	0.112700	0.989107	0.094690	-0.989003	0.102479	0.106639
63793	9.617340	0.950988	1.372806	0.025608	-0.012594	0.016459	0.095634	-0.105428	0.989818	0.112389	0.989161	0.094499	-0.989052	0.102207	0.106446
63794	9.579719	0.981186	1.394939	0.037360	-0.004754	0.022380	0.095582	-0.105140	0.989853	0.111946	0.989233	0.094264	-0.989107	0.101800	0.106322
63795	9.589724	0.962135	1.408403	0.049446	0.001990	0.023853	0.095594	-0.104843	0.989884	0.111392	0.989318	0.094025	-0.989168	0.101277	0.106251
63796	9.570435	0.995241	1.380050	0.049649	0.001859	0.027563	0.095613	-0.104511	0.989917	0.110852	0.989405	0.093751	-0.989227	0.100770	0.106186
63797	9.640048	0.995393	1.206741	0.034187	-0.009411	0.031228	0.095521	-0.104130	0.989966	0.110442	0.989482	0.093423	-0.989282	0.100410	0.106016
63798	9.661148	1.056752	1.100160	0.022106	-0.020438	0.027299	0.095321	-0.103778	0.990022	0.110159	0.989542	0.093122	-0.989333	0.100184	0.105756
63799	9.749411	1.034064	1.011901	0.013797	-0.022910	0.028118	0.095091	-0.103414	0.990082	0.109954	0.989595	0.092803	-0.989378	0.100039	0.105472
63800	9.606404	1.008238	0.910341	0.000172	-0.022647	0.023120	0.094859	-0.103102	0.990137	0.109910	0.989626	0.092519	-0.989405	0.100050	0.105207
63801	9.715469	0.998484	0.993406	-0.005161	-0.015627	0.019755	0.094692	-0.102828	0.990182	0.109901	0.989651	0.092263	-0.989422	0.100085	0.105013
63802	9.771236	0.954599	1.114325	-0.008497	-0.004393	0.020621	0.094641	-0.102558	0.990215	0.109918	0.989674	0.091997	-0.989425	0.100136	0.104936
63803	9.739920	0.944060	1.126204	-0.010049	0.011182	0.022001	0.094741	-0.102288	0.990233	0.109955	0.989696	0.091713	-0.989411	0.100192	0.105012
63804	9.664911	0.907227	1.051593	-0.015750	0.003546	0.027354	0.094771	-0.101960	0.990264	0.110052	0.989717	0.091372	-0.989397	0.100321	0.105017
63805	9.672452	0.852146	0.980902	-0.020549	-0.014991	0.022631	0.094613	-0.101658	0.990310	0.110192	0.989729	0.091071	-0.989397	0.100508	0.104844
63806	9.685786	0.880963	0.880731	-0.023557	-0.033473	0.015964	0.094267	-0.101405	0.990369	0.110370	0.989731	0.090834	-0.989410	0.100745	0.104491
63807	9.758919	0.878444	0.868684	-0.030076	-0.035884	0.014841	0.093895	-0.101159	0.990430	0.110612	0.989725	0.090601	-0.989418	0.101046	0.104119
63808	9.762776	0.899474	0.891356	-0.017970	-0.033444	0.013846	0.093553	-0.100928	0.990485	0.110748	0.989729	0.090390	-0.989436	0.101238	0.103769
63809	9.732840	0.851481	0.979645	-0.015867	-0.021629	0.014833	0.093321	-0.100696	0.990531	0.110850	0.989738	0.090172	-0.989446	0.101385	0.103526
63810	9.694267	0.782759	1.134340	-0.000343	-0.009963	0.017093	0.093208	-0.100457	0.990566	0.110826	0.989761	0.089947	-0.989459	0.101397	0.103387
63811	9.716519	0.781057	1.246447	0.016971	0.006042	0.019870	0.093256	-0.100203	0.990587	0.110598	0.989808	0.089713	-0.989480	0.101190	0.103388
63812	9.697329	0.788441	1.357814	0.029172	0.028942	0.023006	0.093538	-0.099945	0.990586	0.110273	0.989867	0.089460	-0.989490	0.100867	0.103612
63813	9.651098	0.908813	1.375042	0.042187	0.038042	0.027687	0.093911	-0.099647	0.990581	0.109788	0.989947	0.089174	-0.989509	0.100379	0.103907
63814	9.456059	1.008406	1.384306	0.051414	0.034305	0.025167	0.094253	-0.099368	0.990577	0.109182	0.990036	0.088926	-0.989543	0.099771	0.104163
63815	9.443312	1.112298	1.272010	0.025451	0.016949	0.027658	0.094417	-0.099048	0.990593	0.108862	0.990099	0.088623	-0.989563	0.099470	0.104264
63816	9.635265	1.096942	1.166354	-0.012536	0.000063	0.019514	0.094410	-0.098794	0.990619	0.108931	0.990114	0.088362	-0.989556	0.099567	0.104239
63817	9.684648	1.020833	1.040419	-0.050050	-0.001319	0.014520	0.094379	-0.098586	0.990643	0.109371	0.990088	0.088111	-0.989510	0.100031	0.104226
63818	9.754391	0.871792	1.021839	-0.056196	-0.004402	0.014891	0.094324	-0.098373	0.990669	0.109868	0.990056	0.087852	-0.989460	0.100557	0.104194
63819	9.747099	0.713064	1.044522	-0.041123	-0.003545	0.022372	0.094280	-0.098085	0.990702	0.110212	0.990046	0.087532	-0.989426	0.100935	0.104151
63820	9.697620	0.600912	0.985013	-0.028175	-0.005932	0.033778	0.094233	-0.097684	0.990746	0.110416	0.990060	0.087114	-0.989408	0.101185	0.104082
63821	9.790818	0.549054	0.944812	-0.017265	-0.012943	0.035023	0.094109	-0.097261	0.990800	0.110512	0.990087	0.086694	-0.989409	0.101336	0.103925
63822	9.753329	0.603205	0.828721	-0.007985	-0.020556	0.035987	0.093918	-0.096822	0.990861	0.110511	0.990123	0.086275	-0.989427	0.101398	0.103690
63823	9.771915	0.726779	0.759056	0.006860	-0.032848	0.026457	0.093588	-0.096463	0.990927	0.110376	0.990165	0.085965	-0.989474	0.101330	0.103315
63824	9.737208	0.817150	0.725283	0.013922	-0.040250	0.021932	0.093188	-0.096144	0.990996	0.110172	0.990210	0.085708	-0.989534	0.101193	0.102868
63825	9.763158	0.961626	0.843756	0.016551	-0.038654	0.011351	0.092783	-0.095929	0.991054	0.109956	0.990247	0.085557	-0.989596	0.101034	0.102426
63826	9.738850	1.023650	0.765118	-0.004852	-0.042024	0.006467	0.092343	-0.095762	0.991112	0.109979	0.990255	0.085433	-0.989635	0.101113	0.101975
63827	9.758581	0.988220	0.788961	-0.026091	-0.045942	-0.000633	0.091854	-0.095659	0.991167	0.110196	0.990238	0.085357	-0.989656	0.101383	0.101498
63828	9.766179	0.909796	0.852446	-0.032284	-0.040864	-0.001275	0.091424	-0.095570	0.991215	0.110492	0.990211	0.085282	-0.989663	0.101725	0.101089
63829	9.718695	0.847566	0.932506	-0.018115	-0.038116	0.005423	0.091018	-0.095414	0.991268	0.110625	0.990207	0.085155	-0.989686	0.101908	0.100682
63830	9.680965	0.767386	1.026885	-0.013223	-0.032035	0.008714	0.090686	-0.095234	0.991316	0.110709	0.990211	0.085001	-0.989707	0.102039	0.100341
63831	9.617150	0.774208	1.164127	0.012200	-0.028834	0.017117	0.090385	-0.094972	0.991368	0.110531	0.990249	0.084788	-0.989754	0.101914	0.100001
63832	9.630911	0.777381	1.201507	0.019487	-0.019233	0.026128	0.090195	-0.094633	0.991418	0.110277	0.990303	0.084494	-0.989800	0.101710	0.099756
63833	9.662834	0.783374	1.187779	0.018935	-0.022289	0.024393	0.089967	-0.094305	0.991470	0.110026	0.990355	0.084216	-0.989849	0.101511	0.099475
63834	9.700211	0.885201	1.204654	0.010939	-0.025829	0.020785	0.089705	-0.094011	0.991522	0.109846	0.990396	0.083966	-0.989892	0.101383	0.099170
63835	9.691014	0.900757	1.188105	-0.003737	-0.026928	0.020749	0.089427	-0.093715	0.991575	0.109823	0.990421	0.083702	-0.989920	0.101413	0.098862
63836	9.700516	0.907337	1.061152	-0.023164	-0.038937	0.012745	0.089028	-0.093488	0.991632	0.109995	0.990419	0.083498	-0.989937	0.101641	0.098458
63837	9.748798	0.843850	0.989364	-0.032911	-0.042111	0.017007	0.088596	-0.093213	0.991697	0.110264	0.990410	0.083242	-0.989946	0.101974	0.098024
63838	9.728594	0.791871	0.893736	-0.046907	-0.049268	0.011562	0.088097	-0.092986	0.991762	0.110662	0.990384	0.083027	-0.989946	0.102436	0.097540
63839	9.753184	0.753334	0.825866	-0.044371	-0.050582	0.012589	0.087576	-0.092747	0.991831	0.111048	0.990359	0.082804	-0.989949	0.102890	0.097031
63840	9.791163	0.719588	0.797619	-0.032915	-0.050274	0.017979	0.087065	-0.092458	0.991903	0.111365	0.990346	0.082538	-0.989958	0.103277	0.096521
63841	9.745924	0.728925	0.882452	-0.006672	-0.037391	0.016712	0.086679	-0.092190	0.991962	0.111375	0.990364	0.082310	-0.989991	0.103345	0.096112
63842	9.671469	0.791336	0.926715	0.008324	-0.024951	0.013760	0.086418	-0.091967	0.992005	0.111251	0.990393	0.082126	-0.990028	0.103265	0.095820
63843	9.621340	0.805029	0.848793	0.004499	-0.041640	0.009999	0.085983	-0.091762	0.992062	0.111157	0.990416	0.081976	-0.990076	0.103226	0.095359
63844	9.706070	0.858437	0.853869	-0.009851	-0.051979	0.006536	0.085450	-0.091582	0.992125	0.111206	0.990421	0.081847	-0.990117	0.103337	0.094816
63845	9.720050	0.863109	0.888710	-0.016114	-0.051585	-0.002471	0.084902	-0.091490	0.992180	0.111326	0.990412	0.081801	-0.990151	0.103511	0.094273
63846	9.708814	0.807617	0.864847	-0.035149	-0.051411	-0.001576	0.084368	-0.091392	0.992235	0.111649	0.990381	0.081728	-0.990160	0.103887	0.093760
63847	9.785330	0.717479	0.950589	-0.026111	-0.046464	-0.002911	0.083870	-0.091309	0.992284	0.111869	0.990361	0.081677	-0.990177	0.104155	0.093277
63848	9.773810	0.673959	0.986166	-0.017360	-0.036144	0.002666	0.083488	-0.091183	0.992328	0.111989	0.990355	0.081580	-0.990196	0.104319	0.092894
63849	9.724732	0.674178	1.104753	-0.009726	-0.031932	0.004769	0.083143	-0.091039	0.992370	0.112040	0.990359	0.081468	-0.990219	0.104412	0.092542
63850	9.701571	0.698456	1.106630	0.000053	-0.032633	0.003942	0.082795	-0.090905	0.992412	0.112000	0.990371	0.081374	-0.990253	0.104412	0.092179
63851	9.739121	0.801993	1.123106	-0.000905	-0.026845	-0.000272	0.082495	-0.090816	0.992445	0.111967	0.990379	0.081320	-0.990282	0.104413	0.091869
63852	9.659312	0.869597	1.004549	-0.004713	-0.026810	-0.000089	0.082203	-0.090726	0.992477	0.111953	0.990385	0.081262	-0.990308	0.104431	0.091570
63853	9.663772	0.991312	0.895176	-0.009961	-0.031794	0.001055	0.081855	-0.090619	0.992516	0.112010	0.990385	0.081187	-0.990330	0.104526	0.091219
63854	9.709420	0.979723	0.802342	-0.016610	-0.045671	0.006614	0.081386	-0.090444	0.992570	0.112125	0.990383	0.081051	-0.990356	0.104695	0.090745
63855	9.735297	0.903579	0.813926	-0.024579	-0.040636	0.007967	0.080959	-0.090260	0.992622	0.112321	0.990374	0.080894	-0.990368	0.104943	0.090318
63856	9.696447	0.861394	0.828969	-0.027826	-0.037549	0.009889	0.080572	-0.090060	0.992672	0.112535	0.990364	0.080717	-0.990376	0.105207	0.089930
63857	9.710545	0.729299	0.821939	-0.033049	-0.038251	0.013504	0.080174	-0.089823	0.992726	0.112810	0.990351	0.080497	-0.990377	0.105535	0.089533
63858	9.755975	0.617268	0.861718	-0.018175	-0.033427	0.013739	0.079828	-0.089589	0.992774	0.112929	0.990354	0.080290	-0.990391	0.105704	0.089176
63859	9.732810	0.652501	0.922637	-0.003261	-0.024324	0.016452	0.079572	-0.089337	0.992818	0.112907	0.990374	0.080068	-0.990414	0.105725	0.088893
63860	9.717455	0.696719	0.860104	0.005226	-0.022430	0.013374	0.079334	-0.089120	0.992856	0.112823	0.990399	0.079884	-0.990443	0.105679	0.088627
63861	9.719704	0.768704	0.863794	0.003545	-0.010988	0.008676	0.079201	-0.088959	0.992881	0.112740	0.990419	0.079746	-0.990463	0.105621	0.088472
63862	9.721866	0.841306	0.868059	-0.009819	-0.011735	-0.000664	0.079054	-0.088892	0.992899	0.112803	0.990417	0.079688	-0.990468	0.105702	0.088324
63863	9.739599	0.856721	0.874240	-0.017473	-0.007784	-0.003736	0.078939	-0.088857	0.992911	0.112938	0.990404	0.079654	-0.990461	0.105849	0.088217
63864	9.704301	0.826211	0.859674	-0.027260	-0.007079	-0.002898	0.078837	-0.088816	0.992923	0.113158	0.990383	0.079604	-0.990444	0.106082	0.088129
63865	9.716050	0.745755	0.834840	-0.031716	-0.009152	0.003694	0.078717	-0.088707	0.992943	0.113428	0.990362	0.079484	-0.990423	0.106371	0.088020
63866	9.757287	0.723674	0.777230	-0.029357	-0.014207	0.004457	0.078551	-0.088586	0.992966	0.113675	0.990343	0.079359	-0.990408	0.106642	0.087862
63867	9.743641	0.718413	0.736345	-0.021972	-0.014136	0.000371	0.078377	-0.088503	0.992987	0.113852	0.990329	0.079280	-0.990401	0.106839	0.087696
63868	9.728079	0.763775	0.674488	-0.021210	-0.023668	0.004306	0.078122	-0.088374	0.993019	0.114016	0.990320	0.079164	-0.990403	0.107036	0.087442
63869	9.680987	0.777033	0.506515	-0.025253	-0.031649	0.001751	0.077777	-0.088259	0.993056	0.114224	0.990304	0.079068	-0.990406	0.107281	0.087104
63870	9.692983	0.708196	0.537122	-0.029370	-0.046852	0.008305	0.077290	-0.088065	0.993112	0.114478	0.990287	0.078905	-0.990415	0.107591	0.086621
63871	9.805124	0.635447	0.577042	-0.026146	-0.058100	0.007322	0.076689	-0.087866	0.993176	0.114690	0.990275	0.078754	-0.990437	0.107868	0.086021
63872	9.843009	0.626574	0.664837	-0.008363	-0.051404	0.006610	0.076161	-0.087683	0.993233	0.114704	0.990283	0.078627	-0.990476	0.107940	0.085479
63873	9.825886	0.622446	0.711896	0.007831	-0.041026	0.008110	0.075731	-0.087495	0.993282	0.114579	0.990308	0.078497	-0.990523	0.107865	0.085022
63874	9.883330	0.690059	0.755215	0.018196	-0.030520	0.008045	0.075412	-0.087320	0.993322	0.114358	0.990343	0.078377	-0.990573	0.107684	0.084670
63875	9.895772	0.756727	0.830146	0.021283	-0.024905	0.007365	0.075140	-0.087157	0.993357	0.114101	0.990382	0.078265	-0.990624	0.107462	0.084362
63876	9.837594	0.774367	0.937005	0.019467	-0.004754	0.003954	0.075075	-0.087051	0.993371	0.113855	0.990416	0.078187	-0.990657	0.107230	0.084267
63877	9.765547	0.799757	1.064875	0.018673	0.016823	-0.004375	0.075203	-0.087049	0.993362	0.113632	0.990441	0.078190	-0.990673	0.106998	0.084375
63878	9.728357	0.844357	1.149996	0.029046	0.035489	-0.005407	0.075521	-0.087078	0.993335	0.113306	0.990477	0.078213	-0.990686	0.106645	0.084668
63879	9.598333	0.901772	1.101766	0.017045	0.040709	-0.007537	0.075882	-0.087133	0.993303	0.113102	0.990498	0.078246	-0.990682	0.106407	0.085016
63880	9.609575	0.945949	1.065681	0.013610	0.031899	-0.004900	0.076159	-0.087152	0.993280	0.112922	0.990518	0.078252	-0.990681	0.106204	0.085278
63881	9.650392	0.936952	1.070279	-0.015986	0.026000	-0.005092	0.076377	-0.087167	0.993262	0.113043	0.990505	0.078233	-0.990650	0.106306	0.085505
63882	9.606551	0.849520	0.948168	-0.040098	0.016778	-0.001765	0.076512	-0.087141	0.993253	0.113409	0.990469	0.078161	-0.990598	0.106663	0.085665
63883	9.647272	0.816228	0.834003	-0.061107	-0.000209	-0.008793	0.076466	-0.087164	0.993255	0.113980	0.990405	0.078140	-0.990536	0.107236	0.085667
63884	9.744891	0.716118	0.721896	-0.071486	-0.010717	-0.008744	0.076324	-0.087177	0.993265	0.114635	0.990332	0.078111	-0.990471	0.107901	0.085580
63885	9.776004	0.589023	0.665770	-0.074355	-0.008319	-0.005333	0.076202	-0.087157	0.993276	0.115334	0.990256	0.078044	-0.990400	0.108611	0.085512
63886	9.866078	0.591045	0.603640	-0.068304	-0.008596	-0.000071	0.076095	-0.087086	0.993290	0.115957	0.990192	0.077931	-0.990335	0.109249	0.085447
63887	9.908954	0.631174	0.493486	-0.058646	-0.005802	-0.010292	0.075992	-0.087118	0.993295	0.116505	0.990128	0.077928	-0.990279	0.109802	0.085391
63888	9.818558	0.729912	0.423544	-0.053052	0.002382	-0.013386	0.075964	-0.087192	0.993291	0.117009	0.990066	0.077960	-0.990221	0.110302	0.085412
63889	9.839608	0.733822	0.280583	-0.066995	-0.013443	-0.020106	0.075774	-0.087312	0.993295	0.117647	0.989984	0.078046	-0.990160	0.110944	0.085287
63890	9.746539	0.725689	0.027427	-0.082162	-0.026279	-0.023139	0.075459	-0.087450	0.993307	0.118443	0.989881	0.078151	-0.990090	0.111753	0.085053
63891	9.742321	0.706205	-0.001421	-0.089842	-0.043839	-0.034987	0.074949	-0.087684	0.993325	0.119318	0.989759	0.078366	-0.990023	0.112648	0.084644
63892	9.739841	0.625558	-0.070154	-0.085852	-0.053487	-0.044645	0.074335	-0.088002	0.993343	0.120147	0.989633	0.078682	-0.989969	0.113499	0.084138
63893	9.808398	0.494854	-0.038607	-0.084382	-0.057540	-0.052829	0.073668	-0.088395	0.993358	0.120981	0.989500	0.079080	-0.989917	0.114351	0.083589
63894	9.839651	0.384564	-0.042281	-0.059097	-0.066680	-0.049823	0.072925	-0.088749	0.993381	0.121551	0.989399	0.079470	-0.989903	0.114951	0.082940
63895	9.833863	0.305250	-0.022510	-0.028774	-0.073650	-0.040057	0.072114	-0.088997	0.993418	0.121824	0.989340	0.079788	-0.989929	0.115268	0.082187
63896	9.812739	0.294529	0.054151	0.005035	-0.080855	-0.040132	0.071233	-0.089239	0.993460	0.121786	0.989316	0.080134	-0.989997	0.115282	0.081340
63897	9.792160	0.295053	0.189542	0.029660	-0.071892	-0.036016	0.070444	-0.089449	0.993497	0.121477	0.989328	0.080460	-0.990091	0.115020	0.080558
63898	9.772687	0.345877	0.213968	0.052434	-0.072433	-0.043137	0.069644	-0.089729	0.993528	0.120947	0.989359	0.080874	-0.990213	0.114532	0.079755
63899	9.796648	0.472983	0.304454	0.072521	-0.072030	-0.057224	0.068828	-0.090149	0.993547	0.120228	0.989400	0.081444	-0.990358	0.113846	0.078937
63900	9.819320	0.539999	0.447837	0.088876	-0.063059	-0.066118	0.068092	-0.090668	0.993551	0.119354	0.989450	0.082114	-0.990514	0.112993	0.078195
63901	9.688935	0.564864	0.561428	0.097363	-0.048697	-0.067668	0.067496	-0.091219	0.993541	0.118395	0.989508	0.082806	-0.990670	0.112041	0.077587
63902	9.768879	0.566647	0.709128	0.112246	-0.044753	-0.075661	0.066931	-0.091854	0.993521	0.117289	0.989574	0.083588	-0.990840	0.110935	0.077007
63903	9.769822	0.598826	0.822081	0.112709	-0.030577	-0.086482	0.066493	-0.092613	0.993479	0.116190	0.989628	0.084477	-0.990999	0.109815	0.076564
63904	9.651342	0.546616	0.914028	0.091360	-0.018730	-0.097565	0.066163	-0.093494	0.993419	0.115306	0.989647	0.085459	-0.991124	0.108893	0.076259
63905	9.633616	0.356992	0.973088	0.081511	-0.010841	-0.105825	0.065900	-0.094466	0.993345	0.114528	0.989646	0.086516	-0.991232	0.108064	0.076037
63906	9.665553	0.203822	1.086265	0.087755	-0.008286	-0.108510	0.065664	-0.095467	0.993264	0.113689	0.989647	0.087603	-0.991344	0.107171	0.075838
63907	9.748299	0.160540	1.259161	0.109505	0.005567	-0.114947	0.065555	-0.096547	0.993167	0.112639	0.989663	0.088772	-0.991471	0.106049	0.075753
63908	9.800394	0.171052	1.393017	0.129992	0.030581	-0.118648	0.065698	-0.097689	0.993046	0.111368	0.989696	0.089991	-0.991605	0.104682	0.075900
63909	9.873561	0.270215	1.450359	0.147253	0.061057	-0.134286	0.066120	-0.099018	0.992886	0.109956	0.989727	0.091381	-0.991735	0.103132	0.076329
63910	9.959974	0.376541	1.550125	0.171247	0.093824	-0.145209	0.066860	-0.100486	0.992689	0.108306	0.989768	0.092896	-0.991867	0.101303	0.077060
63911	9.933806	0.382908	1.736952	0.200597	0.142964	-0.160342	0.068072	-0.102154	0.992437	0.106384	0.989816	0.094587	-0.991992	0.099140	0.078246
63912	9.830085	0.368686	1.912862	0.210999	0.184389	-0.167612	0.069694	-0.103928	0.992140	0.104357	0.989861	0.096359	-0.992095	0.096822	0.079833
63913	9.792236	0.138858	2.159315	0.245105	0.224322	-0.169545	0.071710	-0.105758	0.991803	0.102005	0.989927	0.098183	-0.992196	0.094128	0.081775
63914	9.811850	-0.081864	2.419908	0.298962	0.275255	-0.164490	0.074242	-0.107577	0.991421	0.099144	0.990035	0.100002	-0.992300	0.090869	0.084168
63915	9.849883	-0.248534	2.778354	0.358768	0.337387	-0.157401	0.077402	-0.109373	0.990983	0.095662	0.990193	0.101814	-0.992400	0.086918	0.087106
63916	9.723869	-0.235054	3.051560	0.402224	0.384670	-0.154409	0.081046	-0.111162	0.990492	0.091740	0.990375	0.103642	-0.992479	0.082468	0.090464
63917	9.691909	-0.182911	3.260872	0.419218	0.445942	-0.161357	0.085291	-0.113055	0.989921	0.087672	0.990539	0.105572	-0.992491	0.077784	0.094396
63918	9.448261	0.000025	3.523153	0.406367	0.496207	-0.180837	0.090026	-0.115156	0.989260	0.083762	0.990649	0.107695	-0.992411	0.073167	0.098829
63919	9.265115	0.226770	3.789118	0.385192	0.557932	-0.214627	0.095350	-0.117616	0.988471	0.080096	0.990682	0.110152	-0.992216	0.068670	0.103882
63920	9.102006	0.603196	4.084591	0.353440	0.623583	-0.265033	0.101293	-0.120591	0.987521	0.076838	0.990610	0.113087	-0.991885	0.064425	0.109608
63921	9.199897	1.035049	4.379407	0.307471	0.686535	-0.316684	0.107826	-0.124096	0.986394	0.074078	0.990424	0.116505	-0.991406	0.060508	0.115986
63922	8.724310	1.457759	4.360586	0.217646	0.788861	-0.362295	0.115340	-0.128084	0.985034	0.072320	0.990103	0.120275	-0.990690	0.057365	0.123461
63923	8.694780	1.744572	4.336540	0.106979	0.826767	-0.382295	0.123215	-0.132272	0.983525	0.071673	0.989675	0.124120	-0.989788	0.055199	0.131423
63924	8.811457	2.037591	4.034111	-0.055351	0.821222	-0.380649	0.131028	-0.136425	0.981947	0.072678	0.989143	0.127727	-0.988711	0.054630	0.139521
63925	9.192681	1.995736	3.485677	-0.242412	0.768534	-0.350945	0.138326	-0.140259	0.980405	0.075501	0.988534	0.130770	-0.987505	0.055933	0.147330
63926	9.905389	1.862412	2.916136	-0.394513	0.692150	-0.312980	0.144873	-0.143687	0.978962	0.079847	0.987870	0.133178	-0.986223	0.058874	0.154589
63927	10.641355	1.653009	2.493945	-0.451599	0.626952	-0.277996	0.150788	-0.146751	0.977613	0.084664	0.987204	0.135132	-0.984934	0.062392	0.161283
63928	10.916267	1.556726	2.055063	-0.443918	0.578471	-0.283374	0.156196	-0.149855	0.976292	0.089442	0.986509	0.137114	-0.983668	0.065905	0.167492
63929	10.743220	1.606753	1.420665	-0.407908	0.512161	-0.302825	0.160918	-0.153126	0.975017	0.093886	0.985786	0.139322	-0.982492	0.069121	0.173007
63930	10.364641	1.900956	0.420201	-0.397360	0.382298	-0.314169	0.164334	-0.156429	0.973922	0.098279	0.985029	0.141629	-0.981497	0.072442	0.177248
63931	10.345195	2.042641	-0.521535	-0.430072	0.215439	-0.327642	0.166084	-0.159753	0.973085	0.102994	0.984203	0.144000	-0.980718	0.076306	0.179914
63932	10.620707	1.797496	-0.750337	-0.422969	0.141633	-0.336751	0.167083	-0.163113	0.972357	0.107673	0.983340	0.146454	-0.980046	0.080227	0.181863
63933	10.683232	1.100581	-0.398386	-0.383484	0.174417	-0.337361	0.168388	-0.166510	0.971555	0.111950	0.982483	0.148980	-0.979343	0.083679	0.184079
63934	10.481995	0.341204	0.140129	-0.321481	0.263012	-0.326377	0.170561	-0.169875	0.970593	0.115617	0.981673	0.151497	-0.978541	0.086378	0.187075
63935	10.177988	-0.176056	0.669372	-0.213076	0.351548	-0.308209	0.173606	-0.173144	0.969475	0.118185	0.980972	0.154034	-0.977698	0.087837	0.190765
63936	10.057484	-0.516586	1.209942	-0.086571	0.435367	-0.277272	0.177503	-0.176180	0.968222	0.119464	0.980427	0.156500	-0.976842	0.087888	0.195076
63937	10.006650	-0.637415	1.681640	0.063634	0.521395	-0.247255	0.182266	-0.178996	0.966819	0.119240	0.980057	0.158967	-0.975992	0.086310	0.199974
63938	10.007764	-0.511742	2.201123	0.222425	0.583723	-0.220991	0.187672	-0.181589	0.965300	0.117438	0.979861	0.161496	-0.975186	0.083054	0.205218
63939	9.952831	-0.277604	2.675787	0.381455	0.609630	-0.180321	0.193373	-0.183786	0.963758	0.114016	0.979853	0.163979	-0.974478	0.078174	0.210432
63940	9.816599	0.101317	3.272736	0.541566	0.601351	-0.114221	0.199078	-0.185289	0.962308	0.108924	0.980062	0.166174	-0.973911	0.071736	0.215291
63941	9.479654	0.571848	3.956767	0.723588	0.566378	-0.036063	0.204521	-0.185965	0.961035	0.101903	0.980498	0.168045	-0.973543	0.063563	0.219483
63942	8.828961	1.188886	4.147779	0.919026	0.460350	0.049522	0.209024	-0.185682	0.960121	0.092811	0.981143	0.169542	-0.973496	0.053672	0.222315
63943	8.387028	2.287099	4.187468	1.128110	0.316990	0.112820	0.212174	-0.184666	0.959625	0.081541	0.981904	0.170924	-0.973824	0.041983	0.223392
63944	8.787968	3.749661	3.812100	1.222087	0.240723	0.144767	0.214600	-0.183265	0.959354	0.069289	0.982620	0.172210	-0.974241	0.029517	0.223569
63945	9.166485	4.979445	3.131921	1.061376	0.238202	0.156303	0.216985	-0.181726	0.959111	0.058562	0.983173	0.173036	-0.974417	0.018621	0.223976
63946	8.919290	5.515701	2.473876	0.703299	0.261624	0.144516	0.219586	-0.180282	0.958791	0.051356	0.983551	0.173176	-0.974240	0.011212	0.225233
63947	8.904583	5.643624	1.874889	0.313850	0.272964	0.118865	0.222267	-0.179079	0.958399	0.047987	0.983805	0.172698	-0.973804	0.007606	0.227261
63948	8.718403	5.492296	1.458232	-0.047900	0.290963	0.079563	0.225109	-0.178261	0.957888	0.048244	0.983954	0.171774	-0.973139	0.007545	0.230097
63949	8.544718	5.193407	0.914307	-0.390729	0.284798	0.040606	0.227862	-0.177829	0.957317	0.051904	0.984002	0.170431	-0.972309	0.010853	0.233447
63950	8.563210	4.487388	0.320921	-0.730628	0.243991	0.005440	0.230207	-0.177755	0.956770	0.058964	0.983917	0.168611	-0.971354	0.017600	0.236986
63951	9.059306	3.499612	0.030449	-1.037573	0.199296	0.013346	0.232114	-0.177609	0.956336	0.068957	0.983719	0.165958	-0.970241	0.027425	0.240582
63952	9.271105	2.166452	-0.059862	-1.232714	0.190291	0.059958	0.233976	-0.177027	0.955990	0.080733	0.983425	0.162348	-0.968885	0.039195	0.244389
63953	9.229846	0.673961	-0.126569	-1.293922	0.202325	0.137807	0.236019	-0.175703	0.955732	0.092886	0.983093	0.157795	-0.967299	0.051532	0.248350
63954	9.098260	-0.559662	-0.057583	-1.203904	0.196457	0.229165	0.238115	-0.173507	0.955613	0.103944	0.982815	0.152545	-0.965659	0.063007	0.252058
63955	9.234699	-1.446394	0.177275	-0.990619	0.212164	0.324024	0.240480	-0.170405	0.955579	0.112677	0.982715	0.146887	-0.964092	0.072349	0.255524
63956	9.276173	-1.979416	0.464662	-0.693245	0.255857	0.409214	0.243391	-0.166515	0.955528	0.118322	0.982893	0.141145	-0.962684	0.078706	0.258930
63957	9.232935	-2.273717	0.761165	-0.385493	0.279425	0.480386	0.246622	-0.161955	0.955483	0.120804	0.983385	0.135504	-0.961553	0.082008	0.262089
63958	9.286045	-2.404717	0.810387	-0.164711	0.285345	0.562210	0.250018	-0.156596	0.955494	0.120942	0.984157	0.129647	-0.960658	0.083146	0.264996
63959	9.559451	-2.312286	1.276109	-0.038850	0.282976	0.662060	0.253499	-0.150250	0.955596	0.119598	0.985152	0.123170	-0.959914	0.083064	0.267705
63960	9.672707	-2.354245	2.000092	0.039681	0.319920	0.762102	0.257445	-0.142934	0.955663	0.117218	0.986315	0.115942	-0.959157	0.082172	0.270677
63961	9.714541	-2.519091	2.596889	0.146275	0.374667	0.856996	0.261994	-0.134718	0.955620	0.113539	0.987635	0.108103	-0.958367	0.080178	0.274050
63962	9.621027	-2.543793	3.230149	0.306010	0.421174	0.909078	0.267010	-0.125993	0.955422	0.108147	0.989072	0.100207	-0.957606	0.076570	0.277718
63963	9.609339	-2.224467	3.744093	0.515247	0.452192	0.913043	0.272259	-0.117227	0.955056	0.100702	0.990572	0.092879	-0.956940	0.070889	0.281497
63964	9.376776	-1.481698	3.975426	0.734068	0.445051	0.874702	0.277331	-0.108780	0.954597	0.091212	0.992063	0.086550	-0.956435	0.063067	0.285051
63965	9.193135	-0.416311	4.319300	0.909428	0.413839	0.797365	0.281937	-0.101044	0.954097	0.080233	0.993439	0.081501	-0.956072	0.053572	0.288195
63966	9.129206	0.816894	4.605936	0.992347	0.396950	0.707907	0.286232	-0.094125	0.953526	0.068672	0.994619	0.077567	-0.955696	0.043278	0.291156
63967	8.871834	2.103846	4.841355	0.981301	0.369122	0.618005	0.290114	-0.088055	0.952933	0.057462	0.995564	0.074500	-0.955266	0.033144	0.293886
63968	8.686868	3.240478	4.969750	0.868873	0.362218	0.524561	0.293821	-0.082860	0.952262	0.047565	0.996269	0.072013	-0.954676	0.024136	0.296666
63969	8.765336	4.035396	5.214279	0.665504	0.346298	0.461929	0.297291	-0.078269	0.951573	0.039796	0.996784	0.069554	-0.953957	0.017191	0.299450
63970	9.528203	4.265925	5.902095	0.447472	0.384893	0.429136	0.301093	-0.073976	0.950721	0.034181	0.997183	0.066766	-0.952982	0.012394	0.302773
63971	10.254855	3.760743	6.647869	0.263288	0.544620	0.446490	0.306385	-0.069522	0.949365	0.030265	0.997537	0.063283	-0.951426	0.009344	0.307735
63972	9.640353	2.588198	6.976394	0.196891	0.711471	0.510181	0.313266	-0.064422	0.947478	0.026751	0.997899	0.059006	-0.949289	0.006861	0.314331
63973	8.625523	1.495427	6.844790	0.245760	0.776588	0.565757	0.320731	-0.058757	0.945346	0.022574	0.998265	0.054388	-0.946901	0.003896	0.321501
63974	8.005047	0.938198	6.323634	0.337078	0.750637	0.572475	0.327919	-0.052990	0.943219	0.017468	0.998595	0.050028	-0.944544	0.000070	0.328384
63975	7.976780	0.801985	5.707920	0.390306	0.692988	0.507061	0.334494	-0.047852	0.941182	0.012051	0.998846	0.046501	-0.942321	-0.004212	0.334684
63976	8.201623	0.726918	5.145076	0.416314	0.648289	0.407612	0.340610	-0.043672	0.939190	0.006694	0.999008	0.044026	-0.940181	-0.008709	0.340564
63977	8.255672	0.658270	4.566897	0.449929	0.645646	0.328347	0.346648	-0.040261	0.937131	0.001285	0.999098	0.042448	-0.937995	-0.013510	0.346387
63978	7.972650	0.461439	4.023798	0.492849	0.624670	0.291491	0.352471	-0.037181	0.935084	-0.004417	0.999133	0.041393	-0.935812	-0.018720	0.352002
63979	7.890315	0.218684	3.590036	0.576141	0.584982	0.295865	0.357878	-0.034040	0.933148	-0.010909	0.999115	0.040630	-0.933705	-0.024720	0.357190
63980	7.889400	0.148927	3.532734	0.691925	0.572665	0.295067	0.363151	-0.030862	0.931219	-0.018497	0.999016	0.040322	-0.931547	-0.031867	0.362223
63981	7.961744	0.296163	3.684863	0.786836	0.579224	0.256674	0.368442	-0.028032	0.929228	-0.026812	0.998809	0.040762	-0.929264	-0.039933	0.367252
63982	7.964343	0.590189	3.675982	0.820288	0.578155	0.191225	0.373723	-0.025801	0.927181	-0.035203	0.998498	0.041975	-0.926872	-0.048327	0.372254
63983	7.989312	0.967708	3.627088	0.763818	0.546170	0.103061	0.378699	-0.024430	0.925197	-0.042718	0.998125	0.043841	-0.924534	-0.056125	0.376945
63984	7.945022	1.353077	3.556599	0.663791	0.484962	0.037589	0.383134	-0.023703	0.923389	-0.049052	0.997738	0.045965	-0.922389	-0.062905	0.381105
63985	8.059676	1.633975	3.745932	0.591069	0.409242	-0.005114	0.386867	-0.023428	0.921838	-0.054536	0.997346	0.048234	-0.920522	-0.068933	0.384562
63986	7.552757	2.016713	3.452101	0.581613	0.340401	-0.020386	0.389982	-0.023325	0.920527	-0.059866	0.996922	0.050624	-0.918874	-0.074851	0.387386
63987	7.124905	2.462754	2.801888	0.442006	0.154945	-0.043148	0.391391	-0.023580	0.919922	-0.063814	0.996570	0.052695	-0.918009	-0.079328	0.388543
63988	7.199809	2.696527	2.326828	0.187197	-0.056098	-0.065977	0.390891	-0.024223	0.920118	-0.065333	0.996402	0.053987	-0.918115	-0.081217	0.387902
63989	7.438895	2.678571	2.155979	-0.034479	-0.190123	-0.069192	0.389148	-0.025011	0.920835	-0.064804	0.996411	0.054450	-0.918893	-0.080863	0.386131
63990	7.466267	2.459657	2.273805	-0.161528	-0.275094	-0.065902	0.386634	-0.025831	0.921872	-0.063120	0.996522	0.054395	-0.920071	-0.079219	0.383659
63991	7.545093	2.132561	2.355426	-0.242477	-0.357581	-0.048532	0.383330	-0.026537	0.923230	-0.060757	0.996698	0.053875	-0.921611	-0.076745	0.380451
63992	7.602574	1.873137	2.236488	-0.315192	-0.459518	-0.040298	0.379086	-0.027228	0.924961	-0.057750	0.996922	0.053015	-0.923558	-0.073514	0.376347
63993	7.718019	1.736096	1.941849	-0.388065	-0.597438	-0.041650	0.373543	-0.028014	0.927190	-0.054061	0.997187	0.051909	-0.926036	-0.069516	0.370978
63994	8.150688	1.637117	1.726958	-0.431270	-0.761389	-0.059098	0.366484	-0.029061	0.929971	-0.049896	0.997460	0.050833	-0.929086	-0.065031	0.364103
63995	10.182604	1.540486	3.258187	-0.512648	-0.861792	-0.042171	0.358441	-0.029963	0.933071	-0.045027	0.997767	0.049337	-0.932466	-0.059698	0.356292
63996	13.242904	0.790679	6.674430	-0.639435	-0.672070	0.053036	0.352115	-0.029757	0.935484	-0.039301	0.998143	0.046543	-0.935131	-0.053154	0.350292
63997	13.349982	-0.820307	8.594107	-0.553447	-0.342776	0.176571	0.348801	-0.028109	0.936775	-0.034796	0.998473	0.042917	-0.936551	-0.047565	0.347291
63998	10.739640	-1.771208	6.894238	-0.158079	-0.357097	0.239142	0.345346	-0.025833	0.938120	-0.034198	0.998611	0.040087	-0.937852	-0.045926	0.343983
63999	9.293995	-0.969254	4.446758	0.240443	-0.673980	0.229088	0.338895	-0.023805	0.940523	-0.037294	0.998554	0.038711	-0.940085	-0.048195	0.337517
64000	9.163923	0.853902	3.650110	0.396371	-0.789521	0.168248	0.331370	-0.022461	0.943233	-0.041650	0.998394	0.038407	-0.942581	-0.052012	0.329903
64001	8.084077	2.415756	2.715208	0.356966	-0.720988	0.091435	0.324485	-0.021878	0.945638	-0.045373	0.998222	0.038664	-0.944802	-0.055452	0.322916
64002	7.036164	3.683615	1.027275	0.164382	-0.757079	0.040325	0.317278	-0.021845	0.948081	-0.047111	0.998137	0.038764	-0.947162	-0.056964	0.315658
64003	7.672919	4.654316	-0.068810	-0.134877	-0.854670	0.013268	0.309124	-0.022136	0.950764	-0.045927	0.998215	0.038173	-0.949912	-0.055466	0.307555
64004	9.250435	4.953622	-0.129998	-0.533068	-0.905740	-0.004721	0.300481	-0.022605	0.953520	-0.040898	0.998494	0.036560	-0.952911	-0.049983	0.299104
64005	10.334835	4.174035	0.379655	-0.955789	-0.962411	-0.021239	0.291261	-0.023194	0.956362	-0.031765	0.998920	0.033900	-0.956116	-0.040253	0.290210
64006	11.192352	2.198163	0.723602	-1.230663	-1.049649	-0.011961	0.281183	-0.023619	0.959364	-0.019993	0.999336	0.030463	-0.959446	-0.027746	0.280524
64007	11.701418	-0.177409	0.258145	-1.336461	-1.140157	0.013658	0.270182	-0.023663	0.962518	-0.007237	0.999620	0.026606	-0.962782	-0.014154	0.269908
64008	11.531111	-1.970481	-0.164668	-1.200317	-1.174442	0.059439	0.258827	-0.023111	0.965647	0.004132	0.999731	0.022819	-0.965915	-0.001916	0.258853
64009	11.057292	-2.744450	-0.138522	-0.848469	-1.163742	0.120047	0.247540	-0.021823	0.968632	0.011985	0.999739	0.019460	-0.968804	0.006792	0.247737
64010	10.757646	-2.553601	-0.253429	-0.487187	-1.129128	0.185531	0.236583	-0.019807	0.971409	0.016210	0.999734	0.016437	-0.971476	0.011858	0.236841
64011	10.107291	-1.917884	-0.405826	-0.261677	-1.116293	0.218650	0.225723	-0.017413	0.974036	0.018201	0.999741	0.013655	-0.974021	0.014646	0.225982
64012	9.318700	-1.506389	-0.278695	-0.119267	-1.135389	0.220052	0.214661	-0.014983	0.976574	0.018831	0.999760	0.011199	-0.976507	0.015986	0.214891
64013	8.795559	-1.369794	0.094099	0.005341	-1.161218	0.173036	0.203301	-0.013006	0.979030	0.018369	0.999786	0.009468	-0.978944	0.016059	0.203496
64014	9.132645	-1.155951	0.461938	0.155636	-1.159797	0.137421	0.191926	-0.011396	0.981343	0.016517	0.999828	0.008380	-0.981270	0.014601	0.192081
64015	9.517659	-0.419635	0.915524	0.333448	-1.085094	0.139447	0.181248	-0.009801	0.983389	0.012934	0.999888	0.007581	-0.983352	0.011345	0.181354
64016	9.624814	0.462258	1.308759	0.445257	-0.988468	0.167264	0.171504	-0.007980	0.985151	0.008208	0.999944	0.006670	-0.985149	0.006942	0.171560
64017	9.855921	1.051713	2.007616	0.463249	-0.909557	0.189168	0.162508	-0.005986	0.986689	0.003279	0.999979	0.005527	-0.986702	0.002337	0.162524
64018	9.879774	1.047290	2.657849	0.416268	-0.843105	0.165139	0.154152	-0.004275	0.988038	-0.001141	0.999989	0.004505	-0.988047	-0.001822	0.154145
64019	9.772846	0.729437	2.894854	0.362189	-0.806532	0.107076	0.146134	-0.003174	0.989260	-0.004928	0.999980	0.003937	-0.989253	-0.005450	0.146115
64020	9.889477	0.239722	3.186790	0.336184	-0.745175	0.063248	0.138721	-0.002537	0.990328	-0.008402	0.999958	0.003739	-0.990296	-0.008840	0.138694
64021	9.765578	-0.238628	3.425596	0.353346	-0.628110	0.071856	0.132450	-0.001826	0.991188	-0.012045	0.999922	0.003452	-0.991117	-0.012396	0.132417
64022	9.419471	-0.443746	3.511363	0.369573	-0.520168	0.090662	0.127248	-0.000938	0.991871	-0.015872	0.999870	0.002982	-0.991744	-0.016122	0.127216
64023	9.162199	-0.638656	3.504426	0.357011	-0.455531	0.110733	0.122668	0.000147	0.992448	-0.019596	0.999805	0.002274	-0.992254	-0.019727	0.122647
64024	9.178313	-0.849636	3.284979	0.306834	-0.428013	0.101116	0.118366	0.001123	0.992969	-0.022808	0.999739	0.001588	-0.992708	-0.022836	0.118360
64025	9.016105	-1.011419	2.688622	0.259847	-0.452533	0.089884	0.113809	0.001971	0.993501	-0.025536	0.999673	0.000942	-0.993174	-0.025477	0.113822
64026	9.093282	-1.040776	1.888095	0.187019	-0.534557	0.067929	0.108449	0.002565	0.994099	-0.027520	0.999621	0.000423	-0.993721	-0.027403	0.108478
64027	9.719730	-0.822500	0.911817	0.103412	-0.623262	0.028748	0.102203	0.002737	0.994760	-0.028621	0.999590	0.000190	-0.994352	-0.028491	0.102239
64028	9.930900	-0.774550	0.019270	0.014556	-0.713622	-0.011019	0.095077	0.002480	0.995467	-0.028801	0.999585	0.000260	-0.995053	-0.028695	0.095109
64029	10.162190	-0.907329	-0.274308	-0.057053	-0.784920	-0.045821	0.087234	0.001857	0.996186	-0.028233	0.999601	0.000609	-0.995788	-0.028179	0.087252
64030	10.484536	-0.953524	-0.353128	-0.060196	-0.791539	-0.060985	0.079335	0.001085	0.996847	-0.027631	0.999618	0.001111	-0.996465	-0.027632	0.079335
64031	10.398570	-0.827768	-0.228692	-0.001263	-0.717821	-0.075684	0.072159	0.000188	0.997393	-0.027603	0.999617	0.001808	-0.997011	-0.027661	0.072136
64032	10.002276	-0.227760	-0.300046	0.040506	-0.649927	-0.088696	0.065669	-0.000821	0.997841	-0.027992	0.999605	0.002665	-0.997449	-0.028106	0.065620
64033	9.584291	0.475567	-0.468874	0.057132	-0.600721	-0.105885	0.059664	-0.001992	0.998217	-0.028536	0.999586	0.003700	-0.997811	-0.028706	0.059582
64034	9.402579	0.935658	-0.450731	0.030494	-0.579950	-0.129158	0.053883	-0.003391	0.998542	-0.028804	0.999573	0.004949	-0.998132	-0.029029	0.053762
64035	9.397336	0.901091	-0.479515	-0.035612	-0.605108	-0.145572	0.047841	-0.004963	0.998843	-0.028415	0.999576	0.006327	-0.998451	-0.028684	0.047680
64036	9.532520	0.539186	-0.289958	-0.117112	-0.655761	-0.159125	0.041304	-0.006680	0.999124	-0.027218	0.999599	0.007809	-0.998776	-0.027517	0.041106
64037	9.792846	0.128212	-0.192028	-0.161566	-0.692339	-0.153634	0.034387	-0.008342	0.999374	-0.025585	0.999630	0.009225	-0.999081	-0.025886	0.034160
64038	9.955478	-0.368655	-0.055557	-0.182731	-0.715210	-0.150176	0.027244	-0.009965	0.999579	-0.023755	0.999661	0.010613	-0.999347	-0.024034	0.026998
64039	10.189449	-0.920964	0.247244	-0.143546	-0.718266	-0.132153	0.020054	-0.011395	0.999734	-0.022327	0.999681	0.011842	-0.999550	-0.022559	0.019793
64040	10.205225	-1.436199	0.574161	-0.038361	-0.667647	-0.119359	0.013373	-0.012679	0.999830	-0.021963	0.999675	0.012971	-0.999669	-0.022132	0.013090
