// General information: 
//  MT Manager version: 2022.2.0 
//  XDA version: 2022.2.0 build 7381 rev 124627 built on 2023-07-19
// Device information: 
//  DeviceId: 00B4CB9F
//  ProductCode: MTW2-3A7G6
//  Firmware Version: 4.6.0
//  Hardware Version: 2.0.0
// Device settings: 
//  Filter Profile: human(46.1)
//  Option Flags: Orientation Smoother Disabled, Position/Velocity Smoother Disabled, Continuous Zero Rotation Update Disabled, AHS Disabled, ICC Disabled
// Coordinate system: ENU
PacketCounter	Acc_X	Acc_Y	Acc_Z	Gyr_X	Gyr_Y	Gyr_Z	Mat[1][1]	Mat[2][1]	Mat[3][1]	Mat[1][2]	Mat[2][2]	Mat[3][2]	Mat[1][3]	Mat[2][3]	Mat[3][3]
43189	9.841928	0.156208	-0.430554	-0.040389	0.022411	-0.027543	0.093071	0.075265	0.992811	0.434061	-0.900461	0.027573	0.896063	0.428374	-0.116477
43190	9.736729	0.324696	-0.643440	-0.019691	0.020159	-0.034511	0.092796	0.075463	0.992821	0.433951	-0.900505	0.027886	0.896145	0.428248	-0.116310
43191	9.644432	0.408104	-0.640469	-0.004235	0.014287	-0.036247	0.092561	0.075700	0.992825	0.433970	-0.900486	0.028201	0.896160	0.428246	-0.116201
43192	9.544792	0.367575	-0.849512	0.002127	0.006938	-0.048625	0.092342	0.076082	0.992816	0.434069	-0.900425	0.028629	0.896135	0.428307	-0.116172
43193	9.591813	0.242309	-0.992089	0.008783	-0.012422	-0.048418	0.092292	0.076545	0.992785	0.434247	-0.900325	0.029048	0.896053	0.428433	-0.116333
43194	9.691962	0.237056	-1.048216	0.029398	-0.029990	-0.050074	0.092398	0.077098	0.992733	0.434591	-0.900146	0.029458	0.895876	0.428711	-0.116678
43195	9.688661	0.145799	-1.359619	0.059008	-0.048104	-0.049228	0.092667	0.077718	0.992659	0.435175	-0.899852	0.029827	0.895564	0.429217	-0.117208
43196	9.816401	0.132277	-1.277606	0.086456	-0.060348	-0.037784	0.093098	0.078291	0.992574	0.436019	-0.899436	0.030049	0.895109	0.429983	-0.117872
43197	9.901339	0.276506	-1.149732	0.103667	-0.042656	-0.025456	0.093416	0.078676	0.992514	0.436999	-0.898957	0.030129	0.894598	0.430912	-0.118358
43198	9.906321	0.454318	-1.032107	0.101850	-0.020174	-0.021056	0.093559	0.078926	0.992480	0.437963	-0.898487	0.030165	0.894111	0.431848	-0.118628
43199	9.913413	0.537766	-0.946951	0.084350	-0.000421	-0.024115	0.093503	0.079121	0.992470	0.438814	-0.898068	0.030253	0.893700	0.432681	-0.118691
43200	9.915116	0.674714	-0.868750	0.063864	0.023528	-0.013648	0.093288	0.079115	0.992491	0.439432	-0.897766	0.030260	0.893419	0.433309	-0.118516
43201	9.812443	0.705721	-0.885867	0.042768	0.047203	-0.008895	0.092872	0.078966	0.992542	0.439885	-0.897545	0.030248	0.893239	0.433795	-0.118093
43202	9.763494	0.583312	-1.049515	0.017784	0.053198	-0.007587	0.092419	0.078777	0.992599	0.440085	-0.897446	0.030250	0.893187	0.434033	-0.117609
43203	9.792447	0.490860	-1.150742	-0.010663	0.057999	-0.008154	0.091913	0.078570	0.992663	0.440003	-0.897485	0.030296	0.893280	0.433990	-0.117061
43204	9.795470	0.353064	-1.302760	-0.033093	0.066480	0.007307	0.091406	0.078189	0.992739	0.439735	-0.897619	0.030209	0.893464	0.433781	-0.116430
43205	9.709094	0.304562	-1.394904	-0.027543	0.064759	0.007945	0.090914	0.077811	0.992814	0.439522	-0.897727	0.030111	0.893619	0.433626	-0.115815
43206	9.605245	0.241948	-1.363033	-0.018926	0.052081	0.009581	0.090545	0.077473	0.992874	0.439379	-0.897801	0.029985	0.893727	0.433533	-0.115332
43207	9.508388	0.143970	-1.479090	-0.004112	0.030642	0.007516	0.090349	0.077249	0.992910	0.439400	-0.897795	0.029866	0.893736	0.433587	-0.115058
43208	9.553767	0.076484	-1.569172	0.025454	0.006038	0.007393	0.090383	0.077130	0.992916	0.439656	-0.897675	0.029711	0.893607	0.433856	-0.115045
43209	9.632477	0.166678	-1.538791	0.058190	-0.014193	0.002925	0.090577	0.077138	0.992898	0.440203	-0.897412	0.029562	0.893318	0.434398	-0.115241
43210	9.658348	0.210563	-1.488767	0.082663	-0.016110	-0.003352	0.090761	0.077212	0.992875	0.440978	-0.897035	0.029448	0.892917	0.435164	-0.115464
43211	9.744838	0.300942	-1.267998	0.069584	-0.020810	0.010437	0.091041	0.077185	0.992851	0.441651	-0.896711	0.029213	0.892556	0.435834	-0.115726
43212	9.833999	0.514338	-1.109392	0.031720	-0.007161	0.010785	0.091207	0.077093	0.992843	0.441958	-0.896566	0.029017	0.892387	0.436149	-0.115845
43213	9.880856	0.655910	-1.015475	-0.009655	0.010332	0.026737	0.091283	0.076782	0.992861	0.441875	-0.896617	0.028714	0.892421	0.436099	-0.115774
43214	9.914412	0.780690	-0.875462	-0.058507	0.027340	0.033585	0.091242	0.076336	0.992899	0.441356	-0.896883	0.028395	0.892681	0.435631	-0.115525
43215	9.804891	0.844167	-0.746194	-0.109087	0.036905	0.030066	0.091089	0.075881	0.992948	0.440401	-0.897359	0.028175	0.893168	0.434729	-0.115158
43216	9.624321	0.813061	-0.809225	-0.140204	0.024040	0.012857	0.090986	0.075635	0.992976	0.439171	-0.897962	0.028157	0.893784	0.433524	-0.114919
43217	9.521552	0.657551	-0.815745	-0.137842	-0.009571	-0.012129	0.091066	0.075760	0.992959	0.437995	-0.898529	0.028386	0.894353	0.432326	-0.115008
43218	9.613360	0.246153	-1.022729	-0.116242	-0.021755	-0.032762	0.091173	0.076122	0.992921	0.437019	-0.898991	0.028793	0.894819	0.431301	-0.115230
43219	9.618828	-0.107317	-1.237380	-0.067530	-0.031481	-0.029590	0.091367	0.076499	0.992875	0.436480	-0.899243	0.029119	0.895063	0.430709	-0.115551
43220	9.655782	-0.284021	-1.404343	0.006597	-0.039679	-0.011951	0.091725	0.076751	0.992822	0.436584	-0.899190	0.029178	0.894975	0.430774	-0.115986
43221	9.861837	-0.240844	-1.273395	0.072784	-0.030571	0.010473	0.092090	0.076766	0.992787	0.437295	-0.898852	0.028939	0.894591	0.431476	-0.116344
43222	9.854661	0.051816	-1.031961	0.101498	-0.004320	0.032770	0.092327	0.076464	0.992789	0.438207	-0.898424	0.028444	0.894120	0.432421	-0.116455
43223	9.910998	0.321599	-1.021153	0.101850	0.015132	0.043715	0.092436	0.075980	0.992816	0.439126	-0.897994	0.027839	0.893658	0.433397	-0.116372
43224	9.790469	0.489309	-0.911919	0.087991	0.026502	0.039888	0.092429	0.075481	0.992854	0.439909	-0.897628	0.027288	0.893273	0.434244	-0.116172
43225	9.666807	0.573930	-0.969844	0.058822	0.024658	0.024755	0.092363	0.075127	0.992887	0.440469	-0.897364	0.026925	0.893004	0.434849	-0.115974
43226	9.692314	0.511243	-1.009496	0.034922	0.015339	0.018215	0.092361	0.074871	0.992907	0.440799	-0.897210	0.026652	0.892842	0.435210	-0.115870
43227	9.621790	0.488011	-1.092082	0.015332	0.015388	0.011642	0.092323	0.074676	0.992925	0.440985	-0.897124	0.026468	0.892753	0.435422	-0.115756
43228	9.682368	0.341743	-1.261190	-0.007057	0.000585	0.005601	0.092397	0.074597	0.992924	0.440951	-0.897144	0.026368	0.892762	0.435395	-0.115787
43229	9.852765	0.247548	-1.323557	-0.013040	0.006284	0.007736	0.092426	0.074474	0.992931	0.440856	-0.897194	0.026256	0.892806	0.435313	-0.115757
43230	9.823802	0.309124	-1.200188	-0.033669	0.017226	0.016062	0.092398	0.074229	0.992951	0.440575	-0.897337	0.026084	0.892948	0.435060	-0.115616
43231	9.826964	0.318342	-1.139045	-0.056490	0.026856	0.017139	0.092286	0.073931	0.992984	0.440072	-0.897588	0.025929	0.893208	0.434591	-0.115370
43232	9.818246	0.446967	-0.955556	-0.078759	0.032419	0.023226	0.092153	0.073555	0.993024	0.439381	-0.897932	0.025737	0.893561	0.433944	-0.115066
43233	9.627794	0.515205	-0.822959	-0.097978	0.038121	0.016480	0.091931	0.073218	0.993070	0.438538	-0.898347	0.025637	0.893998	0.433142	-0.114695
43234	9.594088	0.357324	-0.942819	-0.100642	0.018158	0.007290	0.091856	0.073047	0.993089	0.437666	-0.898773	0.025628	0.894434	0.432287	-0.114527
43235	9.711914	0.291555	-0.875013	-0.102929	0.001532	0.005363	0.091914	0.072968	0.993090	0.436790	-0.899198	0.025643	0.894856	0.431414	-0.114520
43236	9.767346	0.274773	-0.945217	-0.084787	-0.000347	0.001400	0.091978	0.072930	0.993087	0.436064	-0.899549	0.025674	0.895203	0.430688	-0.114541
43237	9.762788	0.130103	-1.082385	-0.043556	-0.006251	-0.003811	0.092066	0.072966	0.993076	0.435720	-0.899715	0.025712	0.895362	0.430336	-0.114626
43238	9.792953	0.173020	-1.111860	-0.003435	-0.005655	0.005199	0.092194	0.072917	0.993068	0.435719	-0.899718	0.025612	0.895349	0.430337	-0.114720
43239	9.552646	0.276069	-1.148998	0.024657	-0.007331	-0.000410	0.092311	0.072925	0.993056	0.435964	-0.899602	0.025537	0.895217	0.430579	-0.114836
43240	9.604743	0.175039	-1.389234	0.037785	-0.029841	-0.004067	0.092616	0.073064	0.993018	0.436340	-0.899421	0.025481	0.895002	0.430934	-0.115181
43241	9.742129	0.175510	-1.267724	0.030984	-0.036799	0.007044	0.093030	0.073129	0.992974	0.436596	-0.899301	0.025327	0.894835	0.431173	-0.115590
43242	9.689599	0.275159	-1.032489	0.016189	-0.026315	0.015171	0.093387	0.073080	0.992944	0.436761	-0.899227	0.025105	0.894717	0.431335	-0.115894
43243	9.794630	0.179330	-1.063960	0.008378	-0.014113	0.010262	0.093605	0.073023	0.992928	0.436870	-0.899179	0.024944	0.894641	0.431445	-0.116070
43244	9.970517	0.104137	-1.010307	-0.007945	-0.004790	0.024631	0.093811	0.072796	0.992925	0.436810	-0.899216	0.024657	0.894649	0.431407	-0.116154
43245	9.903847	0.195379	-0.941646	-0.020888	0.012485	0.026362	0.093866	0.072479	0.992943	0.436625	-0.899313	0.024369	0.894733	0.431257	-0.116061
43246	9.756835	0.247861	-0.992855	-0.028544	0.017279	0.019179	0.093850	0.072205	0.992965	0.436386	-0.899435	0.024159	0.894852	0.431049	-0.115921
43247	9.799870	0.317596	-0.924086	-0.043861	0.020224	0.011538	0.093768	0.071990	0.992988	0.436038	-0.899607	0.024045	0.895030	0.430726	-0.115744
43248	9.821877	0.446022	-0.893592	-0.071866	0.032915	0.011142	0.093576	0.071721	0.993025	0.435419	-0.899909	0.023965	0.895351	0.430139	-0.115439
43249	9.734568	0.441359	-0.864286	-0.099129	0.042939	0.007095	0.093272	0.071446	0.993074	0.434548	-0.900330	0.023960	0.895806	0.429304	-0.115022
43250	9.603253	0.418685	-0.991487	-0.118984	0.035267	0.000308	0.093012	0.071265	0.993111	0.433516	-0.900825	0.024041	0.896333	0.428294	-0.114682
43251	9.561740	0.265484	-1.304931	-0.114169	0.010806	-0.017336	0.092890	0.071349	0.993117	0.432548	-0.901284	0.024294	0.896813	0.427314	-0.114582
43252	9.604799	0.067107	-1.475992	-0.076798	-0.015249	-0.010873	0.093035	0.071486	0.993093	0.431903	-0.901589	0.024437	0.897109	0.426647	-0.114754
43253	9.653066	-0.071758	-1.761444	-0.018235	-0.045497	-0.006014	0.093469	0.071708	0.993037	0.431784	-0.901645	0.024467	0.897121	0.426490	-0.115238
43254	9.748331	-0.038302	-1.614788	0.030953	-0.057440	0.010275	0.094083	0.071833	0.992969	0.432087	-0.901505	0.024277	0.896911	0.426765	-0.115855
43255	9.650928	0.083524	-1.413196	0.040047	-0.049325	0.014225	0.094633	0.071889	0.992913	0.432454	-0.901336	0.024042	0.896676	0.427114	-0.116384
43256	9.804490	0.150359	-1.153678	0.034048	-0.047963	0.015674	0.095185	0.071926	0.992858	0.432778	-0.901186	0.023794	0.896461	0.427423	-0.116907
43257	9.909027	0.253497	-0.704505	0.021825	-0.023915	0.024234	0.095554	0.071783	0.992833	0.432987	-0.901094	0.023478	0.896321	0.427640	-0.117184
43258	9.779366	0.364889	-0.404158	0.004235	0.007794	0.016445	0.095610	0.071575	0.992842	0.433043	-0.901073	0.023258	0.896288	0.427720	-0.117147
43259	9.692789	0.191482	-0.522641	-0.025631	-0.000079	0.011318	0.095708	0.071448	0.992842	0.432841	-0.901174	0.023126	0.896375	0.427529	-0.117175
43260	9.728119	0.222374	-0.418376	-0.042601	-0.002478	0.001427	0.095791	0.071419	0.992836	0.432492	-0.901342	0.023109	0.896535	0.427180	-0.117228
43261	9.661142	0.200859	-0.583748	-0.045099	-0.007207	-0.005326	0.095880	0.071471	0.992824	0.432134	-0.901512	0.023166	0.896698	0.426812	-0.117322
43262	9.704133	-0.124730	-1.130325	-0.006949	-0.027715	-0.025719	0.096072	0.071795	0.992782	0.432131	-0.901508	0.023377	0.896679	0.426766	-0.117634
43263	9.871670	-0.080147	-1.391920	0.047435	-0.045320	-0.032930	0.096381	0.072260	0.992718	0.432637	-0.901259	0.023599	0.896402	0.427212	-0.118126
43264	9.872576	0.097777	-1.546624	0.088364	-0.038764	-0.026197	0.096669	0.072635	0.992663	0.433488	-0.900847	0.023702	0.895959	0.428016	-0.118571
43265	9.869872	0.077405	-1.748592	0.131168	-0.025389	-0.025858	0.096831	0.072951	0.992624	0.434743	-0.900241	0.023752	0.895334	0.429236	-0.118887
43266	9.855741	0.216613	-1.702650	0.153380	-0.014220	-0.011485	0.096963	0.073089	0.992601	0.436161	-0.899558	0.023631	0.894629	0.430642	-0.119103
43267	9.792863	0.305840	-1.715822	0.145263	0.004637	0.011352	0.097026	0.072936	0.992606	0.437435	-0.898948	0.023296	0.894000	0.431941	-0.119126
43268	9.689481	0.301583	-1.720936	0.109677	-0.002278	0.031077	0.097237	0.072640	0.992607	0.438420	-0.898481	0.022804	0.893495	0.432961	-0.119213
43269	9.621531	0.371424	-1.497915	0.086156	-0.000917	0.041878	0.097481	0.072238	0.992612	0.439135	-0.898146	0.022237	0.893117	0.433723	-0.119275
43270	9.581564	0.391806	-1.257960	0.057830	-0.009959	0.037990	0.097792	0.071914	0.992605	0.439648	-0.897907	0.021738	0.892830	0.434271	-0.119425
43271	9.781756	0.422309	-1.103175	0.030473	-0.008764	0.040347	0.098101	0.071564	0.992600	0.439920	-0.897785	0.021249	0.892662	0.434580	-0.119556
43272	9.922481	0.555100	-0.901308	-0.016542	0.006457	0.039468	0.098272	0.071155	0.992613	0.439768	-0.897870	0.020825	0.892719	0.434473	-0.119527
43273	9.973622	0.704681	-0.745594	-0.079955	0.037795	0.038442	0.098157	0.070615	0.992662	0.438996	-0.898255	0.020490	0.893111	0.433764	-0.119170
43274	9.952376	0.772472	-0.638946	-0.142625	0.070945	0.026688	0.097695	0.070041	0.992749	0.437730	-0.898877	0.020342	0.893783	0.432568	-0.118475
43275	9.905300	0.671161	-0.600348	-0.208692	0.085348	0.025823	0.097096	0.069414	0.992851	0.435857	-0.899787	0.020282	0.894763	0.430772	-0.117620
43276	9.781869	0.447374	-0.658055	-0.230935	0.089102	0.016022	0.096423	0.068860	0.992956	0.433808	-0.900776	0.020342	0.895831	0.428791	-0.116727
43277	9.666448	0.221871	-0.879163	-0.208159	0.075264	0.006415	0.095825	0.068451	0.993042	0.431933	-0.901673	0.020473	0.896801	0.426966	-0.115969
43278	9.434426	0.055118	-0.954837	-0.136493	0.060839	-0.016262	0.095264	0.068312	0.993105	0.430758	-0.902229	0.020740	0.897425	0.425813	-0.115376
43279	9.344140	-0.341555	-1.458001	-0.051553	0.018323	-0.029037	0.095028	0.068465	0.993117	0.430313	-0.902435	0.021038	0.897664	0.425352	-0.115218
43280	9.540224	-0.576664	-1.812865	0.029621	-0.016795	-0.007810	0.095200	0.068580	0.993093	0.430620	-0.902288	0.021030	0.897498	0.425644	-0.115430
43281	9.726837	-0.333110	-1.853433	0.078111	-0.028473	0.019569	0.095589	0.068496	0.993061	0.431306	-0.901968	0.020697	0.897127	0.426335	-0.115761
43282	9.861370	0.006566	-1.655335	0.088664	-0.015836	0.051244	0.096007	0.068075	0.993050	0.432087	-0.901610	0.020033	0.896707	0.427160	-0.115975
43283	9.885728	0.461787	-1.419277	0.064265	0.011864	0.063920	0.096223	0.067422	0.993074	0.432634	-0.901364	0.019276	0.896420	0.427782	-0.115901
43284	9.767447	0.773773	-1.089862	0.007851	0.034812	0.064881	0.096246	0.066661	0.993123	0.432676	-0.901358	0.018570	0.896397	0.427913	-0.115595
43285	9.623900	0.875454	-0.955125	-0.072297	0.041179	0.056926	0.096176	0.065945	0.993178	0.431994	-0.901696	0.018038	0.896734	0.427312	-0.115209
43286	9.626044	0.808819	-0.647118	-0.141031	0.035762	0.046716	0.096111	0.065344	0.993223	0.430718	-0.902313	0.017684	0.897354	0.426100	-0.114867
43287	9.338661	0.728956	-0.545597	-0.174501	0.033955	0.009587	0.095895	0.065086	0.993261	0.429165	-0.903052	0.017741	0.898121	0.424572	-0.114531
43288	9.535796	0.076575	-1.083772	-0.186013	0.002355	-0.022071	0.095834	0.065249	0.993256	0.427549	-0.903810	0.018121	0.898898	0.422929	-0.114513
43289	9.617244	-0.496833	-1.280536	-0.168535	-0.033746	-0.015079	0.096125	0.065497	0.993212	0.426022	-0.904525	0.018417	0.899592	0.421360	-0.114850
43290	9.866049	-0.666188	-1.107499	-0.123542	-0.028284	0.006776	0.096463	0.065527	0.993177	0.424938	-0.905035	0.018440	0.900068	0.420260	-0.115147
43291	10.038042	-0.626591	-1.093806	-0.081314	-0.001189	0.037354	0.096679	0.065167	0.993180	0.424202	-0.905386	0.018114	0.900392	0.419558	-0.115176
43292	10.116936	-0.290447	-1.018585	-0.017173	0.016082	0.053285	0.096815	0.064590	0.993204	0.424030	-0.905478	0.017552	0.900458	0.419449	-0.115052
43293	9.953650	0.182203	-0.911136	0.045467	0.026736	0.041120	0.096797	0.064078	0.993239	0.424422	-0.905304	0.017042	0.900275	0.419903	-0.114827
43294	9.774834	0.548584	-1.068711	0.091265	0.030033	0.009285	0.096621	0.063840	0.993272	0.425269	-0.904911	0.016793	0.899895	0.420785	-0.114582
43295	9.685735	0.774186	-1.198915	0.130587	0.027620	-0.012335	0.096365	0.063806	0.993299	0.426459	-0.904352	0.016719	0.899359	0.421990	-0.114359
43296	9.450009	0.692412	-1.659731	0.168103	-0.000032	-0.023960	0.096318	0.063996	0.993291	0.428028	-0.903611	0.016713	0.898618	0.423547	-0.114426
43297	9.523438	0.324795	-2.133206	0.204950	-0.042860	-0.011450	0.096702	0.064257	0.993237	0.429939	-0.902706	0.016541	0.897664	0.425432	-0.114920
43298	9.593195	0.056632	-2.434063	0.251108	-0.079456	0.037086	0.097629	0.064235	0.993148	0.432190	-0.901644	0.015831	0.896482	0.427683	-0.115788
43299	9.504250	-0.096114	-2.578624	0.272465	-0.130239	0.082483	0.099202	0.064027	0.993005	0.434609	-0.900500	0.014645	0.895139	0.430117	-0.117158
43300	9.602808	-0.143998	-2.571832	0.274521	-0.163100	0.108643	0.101189	0.063726	0.992824	0.436990	-0.899370	0.013190	0.893756	0.432520	-0.118854
43301	9.638544	-0.003878	-2.191583	0.278409	-0.175076	0.124006	0.103349	0.063344	0.992626	0.439357	-0.898238	0.011576	0.892348	0.434921	-0.120662
43302	9.519046	0.231030	-1.638186	0.254060	-0.174010	0.123427	0.105499	0.062968	0.992424	0.441527	-0.897192	0.009990	0.891024	0.437128	-0.122455
43303	9.724953	0.464529	-0.959937	0.170293	-0.161183	0.116074	0.107501	0.062608	0.992232	0.442947	-0.896507	0.008578	0.890080	0.438584	-0.124107
43304	9.987617	0.557527	-0.369146	0.057684	-0.119739	0.106327	0.109093	0.062154	0.992086	0.443378	-0.896304	0.007398	0.889671	0.439063	-0.125338
43305	10.239526	0.559640	0.080890	-0.045566	-0.071907	0.090273	0.110180	0.061635	0.991999	0.442892	-0.896551	0.006514	0.889779	0.438630	-0.126080
43306	10.169985	0.505236	0.362418	-0.119306	-0.023989	0.071295	0.110764	0.061075	0.991968	0.441784	-0.897102	0.005904	0.890257	0.437582	-0.126348
43307	10.129600	0.356288	0.460668	-0.156096	0.010604	0.047376	0.110921	0.060579	0.991981	0.440362	-0.897803	0.005587	0.890942	0.436211	-0.126262
43308	10.043014	0.271711	0.300569	-0.164466	0.046106	0.042689	0.110753	0.059968	0.992037	0.438882	-0.898529	0.005318	0.891693	0.434799	-0.125833
43309	10.010917	0.170144	0.072352	-0.141408	0.074343	0.033116	0.110279	0.059324	0.992129	0.437631	-0.899140	0.005120	0.892366	0.433621	-0.125118
43310	10.017639	-0.014624	-0.008773	-0.074776	0.121017	0.039189	0.109425	0.058421	0.992277	0.436954	-0.899471	0.004771	0.892803	0.433057	-0.123952
43311	9.935701	-0.045409	0.024343	-0.004082	0.158127	0.058921	0.108319	0.057179	0.992470	0.436871	-0.899515	0.004143	0.892979	0.433132	-0.122414
43312	9.770401	-0.134741	0.094719	0.069597	0.182079	0.079331	0.107095	0.055650	0.992690	0.437440	-0.899242	0.003219	0.892848	0.433898	-0.120647
43313	9.536747	-0.046106	0.209277	0.159027	0.173321	0.098341	0.106028	0.053985	0.992897	0.438779	-0.898593	0.002002	0.892318	0.435449	-0.118963
43314	9.463520	-0.054501	0.066048	0.229633	0.142939	0.101983	0.105256	0.052419	0.993063	0.440752	-0.897628	0.000665	0.891436	0.437625	-0.117585
43315	9.536041	-0.061958	-0.331333	0.304402	0.106673	0.103257	0.104808	0.050996	0.993184	0.443369	-0.896339	-0.000764	0.890190	0.440427	-0.116553
43316	9.651758	-0.076090	-0.773495	0.373870	0.078830	0.097237	0.104594	0.049751	0.993270	0.446626	-0.894718	-0.002216	0.888586	0.443852	-0.115803
43317	9.594177	0.078029	-1.240923	0.437994	0.050635	0.090319	0.104594	0.048691	0.993322	0.450438	-0.892800	-0.003667	0.886660	0.447814	-0.115314
43318	9.732822	0.263746	-1.474866	0.480013	0.029187	0.098517	0.104837	0.047656	0.993347	0.454619	-0.890671	-0.005250	0.884495	0.452145	-0.115040
43319	9.695473	0.598383	-1.367146	0.446154	0.013280	0.110350	0.105263	0.046587	0.993353	0.458459	-0.888689	-0.006903	0.882460	0.456138	-0.114904
43320	9.758166	0.978618	-0.839929	0.313503	-0.006164	0.119544	0.105923	0.045529	0.993332	0.461130	-0.887292	-0.008503	0.880988	0.458955	-0.114979
43321	10.060811	1.118966	0.057388	0.137813	-0.017440	0.105003	0.106608	0.044649	0.993298	0.462217	-0.886713	-0.009751	0.880335	0.460158	-0.115168
43322	10.729767	0.996786	1.635108	-0.034609	0.056971	0.098838	0.106618	0.043486	0.993349	0.461839	-0.886898	-0.010745	0.880532	0.459913	-0.114643
43323	11.014514	1.207040	3.271799	-0.214228	0.229200	0.118652	0.105186	0.041354	0.993592	0.459829	-0.887930	-0.011723	0.881756	0.458116	-0.112413
43324	10.732437	1.902392	4.189982	-0.377693	0.422417	0.120753	0.102065	0.038327	0.994039	0.456403	-0.889685	-0.012558	0.883900	0.454964	-0.108298
43325	10.415147	2.186759	4.367380	-0.514585	0.584723	0.072769	0.097258	0.035003	0.994643	0.451767	-0.892044	-0.012783	0.886819	0.450590	-0.102572
43326	10.378874	1.707651	3.880526	-0.604800	0.703643	0.043013	0.091255	0.031440	0.995331	0.446387	-0.894751	-0.012663	0.890175	0.445458	-0.095685
43327	10.323151	0.807193	3.132586	-0.641883	0.806625	0.051393	0.084328	0.027380	0.996062	0.440633	-0.897599	-0.012631	0.893718	0.439962	-0.087757
43328	10.460264	-0.295569	2.649502	-0.642109	0.923037	0.076463	0.076452	0.022631	0.996816	0.434856	-0.900408	-0.012909	0.897249	0.434458	-0.078679
43329	10.416699	-1.389908	2.540458	-0.631819	1.013357	0.140982	0.067990	0.016953	0.997542	0.429028	-0.903184	-0.013892	0.900729	0.428918	-0.068680
43330	10.585662	-2.213475	2.838321	-0.551742	1.106079	0.238804	0.059083	0.010049	0.998203	0.423934	-0.905552	-0.015976	0.903764	0.424116	-0.057763
43331	10.914888	-2.615325	3.240381	-0.430805	1.195951	0.336194	0.049717	0.001919	0.998761	0.419816	-0.907407	-0.019154	0.906246	0.420249	-0.045920
43332	10.929081	-2.827423	3.613946	-0.281378	1.297292	0.427780	0.039794	-0.007428	0.999180	0.417109	-0.908556	-0.023366	0.907985	0.417697	-0.033057
43333	10.897947	-2.832835	3.958582	-0.167902	1.384027	0.508105	0.029369	-0.017848	0.999409	0.415346	-0.909219	-0.028443	0.909189	0.415936	-0.019290
43334	10.800828	-2.490116	4.403585	-0.108648	1.504778	0.573698	0.018115	-0.029342	0.999405	0.414260	-0.909515	-0.034212	0.909978	0.414633	-0.004321
43335	10.770792	-1.985857	4.622609	-0.068903	1.656962	0.606446	0.005577	-0.041756	0.999112	0.413551	-0.909587	-0.040323	0.910464	0.413409	0.012196
43336	10.866740	-1.474473	4.667376	0.023303	1.796833	0.609310	-0.008207	-0.054748	0.998466	0.413811	-0.909177	-0.046451	0.910326	0.412795	0.030117
43337	11.483190	-0.863621	4.546565	0.116096	1.902639	0.583631	-0.023075	-0.067946	0.997422	0.414969	-0.908332	-0.052277	0.909543	0.412693	0.049155
43338	12.104792	-0.425248	3.918166	0.149590	1.993441	0.562106	-0.038803	-0.081303	0.995934	0.416543	-0.907274	-0.057836	0.908288	0.412605	0.069071
43339	12.453167	-0.637638	2.922032	0.118027	2.044091	0.572153	-0.054945	-0.094960	0.993964	0.417897	-0.906274	-0.063481	0.906832	0.411886	0.089479
43340	12.458736	-1.408138	1.701296	0.035255	2.004972	0.602244	-0.070540	-0.108685	0.991570	0.418636	-0.905493	-0.069468	0.905410	0.410207	0.109373
43341	12.579288	-2.425304	0.789690	-0.042422	1.904158	0.605527	-0.085212	-0.121994	0.988866	0.418739	-0.904958	-0.075559	0.904100	0.407638	0.128197
43342	12.363825	-3.171180	-0.950102	0.066773	1.827090	0.499889	-0.099563	-0.133976	0.985970	0.419847	-0.904023	-0.080445	0.902118	0.405947	0.146256
43343	12.279797	-3.209845	-2.724161	0.386449	1.735248	0.244070	-0.114136	-0.143274	0.983080	0.423602	-0.902103	-0.082292	0.898629	0.407041	0.163653
43344	11.968103	-2.515954	-3.925419	0.748560	1.639607	-0.008646	-0.128810	-0.149934	0.980269	0.430343	-0.899028	-0.080959	0.893428	0.411423	0.180327
43345	11.809428	-1.491997	-4.681305	1.065529	1.585625	-0.175694	-0.143662	-0.154976	0.977417	0.439603	-0.894862	-0.077273	0.886629	0.418574	0.196686
43346	11.259468	-0.510150	-4.667616	1.240242	1.592734	-0.246989	-0.158765	-0.159534	0.974342	0.450222	-0.889980	-0.072359	0.878688	0.427183	0.213124
43347	10.184573	0.488497	-3.836814	1.293495	1.575333	-0.242933	-0.173617	-0.164213	0.971026	0.461151	-0.884775	-0.067174	0.870171	0.436127	0.229339
43348	9.228560	1.572642	-2.988275	1.237202	1.535748	-0.188891	-0.187741	-0.169334	0.967512	0.471569	-0.879615	-0.062445	0.861612	0.444525	0.244993
43349	8.719131	2.257639	-2.380422	1.071986	1.490869	-0.126434	-0.201094	-0.174934	0.963825	0.480546	-0.875013	-0.058553	0.853602	0.451388	0.260024
43350	8.074877	2.571375	-2.238081	0.793984	1.384464	-0.046074	-0.213033	-0.180837	0.960164	0.487248	-0.871465	-0.056025	0.846880	0.455903	0.273763
43351	7.690377	2.499187	-2.128848	0.510253	1.206621	0.002504	-0.223170	-0.186401	0.956791	0.491599	-0.869105	-0.054653	0.841740	0.458161	0.285593
43352	7.583234	2.272483	-1.772097	0.228412	1.009050	0.000030	-0.231591	-0.191049	0.953869	0.493565	-0.868030	-0.054023	0.838307	0.458285	0.295323
43353	7.325892	2.245062	-1.416061	-0.097970	0.831882	-0.045490	-0.238742	-0.194481	0.951409	0.492683	-0.868538	-0.053910	0.836819	0.455872	0.303174
43354	6.870857	2.114416	-1.420801	-0.439751	0.675218	-0.142049	-0.245036	-0.196331	0.949427	0.488705	-0.870780	-0.053939	0.837332	0.450773	0.309320
43355	6.356372	1.603831	-1.494660	-0.694275	0.527338	-0.243098	-0.250593	-0.196593	0.947921	0.482335	-0.874332	-0.053821	0.839378	0.443729	0.313925
43356	6.329497	0.950738	-1.356909	-0.786069	0.409309	-0.333998	-0.255578	-0.195492	0.946817	0.474929	-0.878416	-0.053169	0.842094	0.436082	0.317349
43357	6.194968	0.952689	-1.187173	-0.740637	0.331887	-0.360301	-0.260030	-0.193780	0.945957	0.467813	-0.882288	-0.052143	0.844711	0.428972	0.320074
43358	6.253180	0.892104	-0.931984	-0.650078	0.246714	-0.381023	-0.263833	-0.191489	0.945370	0.461365	-0.885763	-0.050658	0.847074	0.422795	0.322039
43359	6.427379	0.604061	-0.664262	-0.517661	0.172883	-0.410375	-0.267133	-0.188599	0.945024	0.455949	-0.888685	-0.048471	0.848970	0.417934	0.323389
43360	6.963165	0.377516	-0.456482	-0.297164	0.081353	-0.456471	-0.269843	-0.184903	0.944984	0.452248	-0.890749	-0.045151	0.850092	0.415184	0.323985
43361	7.623886	0.488620	0.364895	-0.009538	0.035271	-0.518617	-0.272435	-0.180453	0.945101	0.450828	-0.891701	-0.040301	0.850020	0.415098	0.324284
43362	7.651264	1.212150	0.372174	0.277217	-0.008682	-0.661484	-0.275292	-0.174545	0.945383	0.451420	-0.891694	-0.033180	0.848784	0.417631	0.324269
43363	7.383829	2.072919	-0.030660	0.616478	-0.151888	-0.858973	-0.277844	-0.166276	0.946126	0.454340	-0.890529	-0.023081	0.846391	0.423450	0.322974
43364	7.418152	2.701660	0.125314	0.846972	-0.400454	-1.010578	-0.279020	-0.155600	0.947595	0.458733	-0.888508	-0.010824	0.843630	0.431673	0.319291
43365	7.907017	3.075915	0.703476	0.898931	-0.718902	-1.093409	-0.277952	-0.142784	0.949924	0.463338	-0.886178	0.002372	0.841463	0.440795	0.312472
43366	8.711164	2.568720	1.655332	0.850501	-0.966999	-1.066001	-0.274729	-0.129070	0.952820	0.467593	-0.883815	0.015100	0.840167	0.449680	0.303162
43367	8.903264	1.536880	1.607753	0.810961	-1.148965	-0.996950	-0.269710	-0.115075	0.956041	0.471770	-0.881308	0.027012	0.839458	0.458317	0.291986
43368	10.788142	-0.545778	3.608522	0.810527	-1.287623	-0.875414	-0.262999	-0.101440	0.959449	0.476290	-0.878481	0.037679	0.839035	0.466885	0.279354
43369	13.420620	-2.350855	6.821187	0.699792	-1.287746	-0.663817	-0.255318	-0.089576	0.962699	0.480521	-0.875779	0.045951	0.838995	0.474329	0.266645
43370	14.570425	-2.617352	9.483085	0.623359	-1.126891	-0.529384	-0.248364	-0.079588	0.965392	0.484465	-0.873225	0.052647	0.838814	0.480774	0.255435
43371	14.586589	-1.214917	14.236456	0.535494	-0.850699	-0.577691	-0.243989	-0.070457	0.967215	0.487604	-0.871032	0.059552	0.838279	0.486148	0.246877
43372	13.639341	1.975416	17.556704	0.219250	-0.509556	-0.787146	-0.243500	-0.061142	0.967972	0.487571	-0.870457	0.067669	0.838440	0.488432	0.241767
43373	9.056352	3.389505	10.085207	-0.439423	-0.723857	-1.017542	-0.242305	-0.048770	0.968974	0.481466	-0.873124	0.076452	0.842306	0.485052	0.235043
43374	8.345541	-2.016611	-0.309520	-1.127840	-1.378451	-0.925289	-0.234981	-0.034065	0.971403	0.469757	-0.878903	0.082812	0.850948	0.475782	0.222527
43375	8.963985	-8.191578	-4.402653	-1.410316	-1.638510	-0.460657	-0.223048	-0.022325	0.974552	0.456685	-0.885632	0.084234	0.861214	0.463851	0.207734
43376	9.139984	-8.689724	-3.190143	-1.020304	-1.531600	0.101165	-0.209284	-0.016211	0.977720	0.448123	-0.890280	0.081161	0.869129	0.455125	0.193586
43377	9.141923	-5.879217	0.251200	-0.568915	-1.142799	0.295566	-0.197961	-0.013698	0.980114	0.443813	-0.892791	0.077162	0.873980	0.450263	0.182818
43378	8.036999	-0.375567	1.852450	-0.134302	-0.736257	0.055771	-0.191218	-0.010911	0.981487	0.442793	-0.893368	0.076336	0.875996	0.449193	0.175659
43379	6.969221	3.788742	0.724881	0.101197	-0.670452	-0.462828	-0.187345	-0.003790	0.982287	0.442845	-0.892931	0.081016	0.876807	0.450178	0.168964
43380	8.101449	4.348784	-1.378359	0.103346	-1.058860	-0.832214	-0.181682	0.008386	0.983322	0.442263	-0.892426	0.089325	0.878291	0.451115	0.158429
43381	13.336976	4.116775	-0.711874	0.048838	-1.453284	-0.882575	-0.172753	0.022793	0.984701	0.441175	-0.892049	0.098047	0.880637	0.451363	0.144048
43382	15.732406	2.557955	0.300074	-0.005858	-1.386125	-0.658868	-0.163378	0.034898	0.985946	0.440062	-0.891868	0.104490	0.882980	0.450948	0.130355
43383	13.706430	-0.230431	1.125353	-0.186493	-1.189574	-0.302303	-0.154139	0.042923	0.987116	0.437983	-0.892568	0.107204	0.885670	0.448865	0.118780
43384	10.415318	-2.818516	1.588021	-0.424594	-1.040362	0.015670	-0.144784	0.047406	0.988327	0.434284	-0.894455	0.106523	0.889064	0.444638	0.108916
43385	8.702668	-3.793150	1.735834	-0.558720	-1.041087	0.158256	-0.134777	0.050563	0.989585	0.429573	-0.896984	0.104337	0.892918	0.439161	0.099173
43386	7.916105	-3.589800	0.970884	-0.492644	-1.127667	0.102403	-0.124196	0.054541	0.990758	0.425343	-0.899173	0.102818	0.896470	0.434181	0.088475
43387	8.835556	-2.284948	-0.492256	-0.252556	-1.171618	-0.005100	-0.113651	0.059628	0.991730	0.423107	-0.900250	0.102615	0.898924	0.431270	0.077085
43388	10.447790	-0.129143	-1.387272	-0.005911	-1.040638	-0.106203	-0.104685	0.065042	0.992376	0.422981	-0.900194	0.103620	0.900071	0.430604	0.066725
43389	10.232995	1.598932	-1.506542	0.081746	-0.922262	-0.177225	-0.097081	0.070579	0.992771	0.423573	-0.899711	0.105383	0.900645	0.430742	0.057449
43390	9.477566	2.203911	-1.160386	0.060776	-0.925072	-0.240939	-0.089713	0.076704	0.993010	0.423939	-0.899257	0.107763	0.901237	0.430643	0.048157
43391	9.269790	1.716201	-0.847119	0.072331	-1.008194	-0.296608	-0.081830	0.083683	0.993127	0.424373	-0.898696	0.110693	0.901782	0.430514	0.038028
43392	9.431945	1.175316	-0.687164	0.197094	-1.042440	-0.286743	-0.073595	0.090724	0.993153	0.425970	-0.897582	0.113559	0.901739	0.431411	0.027411
43393	9.415452	1.549799	-0.689931	0.314980	-1.040348	-0.216048	-0.065087	0.097131	0.993141	0.428697	-0.896006	0.115727	0.901101	0.433289	0.016679
43394	9.654205	2.450955	-0.061714	0.247939	-1.030157	-0.107980	-0.056216	0.102542	0.993139	0.430907	-0.894808	0.116781	0.900644	0.434515	0.006117
43395	9.530573	3.013015	0.318277	0.035692	-0.986150	-0.041412	-0.047459	0.107167	0.993108	0.431245	-0.894598	0.117145	0.900986	0.433832	-0.003759
43396	9.342830	2.900483	0.270674	-0.233860	-0.983874	-0.058331	-0.038784	0.111916	0.992961	0.429152	-0.895531	0.117697	0.902399	0.430696	-0.013297
43397	9.805226	2.662979	0.458230	-0.455925	-1.003124	-0.060725	-0.029928	0.116728	0.992713	0.425052	-0.897400	0.118335	0.904674	0.425496	-0.022758
43398	9.696386	2.361936	0.421568	-0.584055	-0.992464	-0.072229	-0.021186	0.121541	0.992360	0.419782	-0.899768	0.119163	0.907378	0.419100	-0.031958
43399	9.884645	1.685890	0.664483	-0.672826	-0.991700	-0.073446	-0.012429	0.126297	0.991915	0.413696	-0.902460	0.120091	0.910330	0.411844	-0.041032
43400	9.974953	0.981479	1.190319	-0.679745	-0.912738	-0.070383	-0.004342	0.130631	0.991422	0.407532	-0.905133	0.121047	0.913181	0.404562	-0.049306
43401	9.762205	0.549627	1.226565	-0.620899	-0.823738	-0.059803	0.002998	0.134451	0.990916	0.401894	-0.907533	0.121921	0.915681	0.397878	-0.056755
43402	9.761403	0.412966	0.886984	-0.487200	-0.757832	-0.045609	0.009815	0.137831	0.990407	0.397470	-0.909386	0.122617	0.917563	0.392454	-0.063710
43403	9.652020	0.613522	0.902679	-0.312332	-0.708892	-0.029224	0.016257	0.140837	0.989899	0.394644	-0.910555	0.123067	0.918690	0.388657	-0.070383
43404	9.677676	0.811571	0.373074	-0.148148	-0.697598	-0.021535	0.022636	0.143707	0.989361	0.393325	-0.911089	0.123339	0.919121	0.386349	-0.077147
43405	9.790666	0.774657	-0.239464	0.031666	-0.668527	-0.029392	0.028711	0.146525	0.988790	0.393659	-0.910916	0.123555	0.918808	0.385698	-0.083835
43406	9.629177	0.913182	-0.710701	0.185091	-0.651648	-0.025810	0.034647	0.149247	0.988193	0.395405	-0.910153	0.123598	0.917853	0.386454	-0.090548
43407	9.582312	1.231165	-0.860742	0.298126	-0.630698	-0.012172	0.040431	0.151770	0.987589	0.398177	-0.908972	0.123388	0.916417	0.388246	-0.097182
43408	9.817755	1.372222	-0.672444	0.312928	-0.582905	0.010786	0.045866	0.153913	0.987019	0.401075	-0.907761	0.122916	0.914896	0.390231	-0.103366
43409	9.961461	1.544579	-0.132267	0.224158	-0.521160	0.047007	0.050868	0.155493	0.986526	0.403134	-0.906950	0.122163	0.913726	0.391489	-0.108819
43410	10.566289	1.910598	0.440316	0.091179	-0.413549	0.072700	0.054992	0.156424	0.986158	0.403966	-0.906697	0.121294	0.913120	0.391704	-0.113051
43411	10.548487	2.040593	0.847851	-0.015591	-0.299671	0.069370	0.058056	0.156938	0.985901	0.403816	-0.906859	0.120576	0.912996	0.391123	-0.116023
43412	10.115362	1.789508	1.197543	-0.061140	-0.208358	0.039224	0.060170	0.157368	0.985705	0.403271	-0.907150	0.120209	0.913100	0.390274	-0.118045
43413	9.737187	1.031109	0.419908	-0.052151	-0.179729	-0.007751	0.061826	0.158108	0.985484	0.402831	-0.907334	0.120297	0.913184	0.389547	-0.119788
43414	9.549064	0.648052	-0.187588	0.047206	-0.192141	-0.027914	0.063521	0.159081	0.985220	0.403316	-0.907097	0.120463	0.912853	0.389703	-0.121780
43415	9.506605	0.691699	-0.753428	0.170181	-0.207798	-0.030404	0.065340	0.160136	0.984930	0.404919	-0.906377	0.120502	0.912015	0.390943	-0.124065
43416	9.604355	0.738329	-1.418616	0.288798	-0.223836	-0.022586	0.067342	0.161190	0.984623	0.407602	-0.905200	0.120310	0.910673	0.393232	-0.126659
43417	9.499423	1.041374	-1.800311	0.366052	-0.244870	0.007891	0.069648	0.162053	0.984321	0.410956	-0.903761	0.119712	0.908991	0.396175	-0.129542
43418	9.276350	1.412026	-2.211737	0.403476	-0.283757	0.047661	0.072475	0.162723	0.984006	0.414621	-0.902224	0.118661	0.907103	0.399390	-0.132857
43419	9.452740	1.614277	-2.596935	0.389430	-0.341592	0.075812	0.075933	0.163378	0.983637	0.418123	-0.900780	0.117339	0.905211	0.402371	-0.136711
43420	9.366768	1.854910	-2.598422	0.349458	-0.379448	0.102754	0.079849	0.163957	0.983230	0.421238	-0.899528	0.115790	0.903428	0.404929	-0.140892
43421	9.622382	1.979744	-2.212139	0.233916	-0.406755	0.114835	0.084053	0.164545	0.982782	0.423287	-0.898760	0.114275	0.902088	0.406393	-0.145193
43422	9.814756	1.725231	-1.899390	0.122088	-0.404220	0.126589	0.088288	0.165024	0.982330	0.424313	-0.898463	0.112799	0.901201	0.406857	-0.149345
43423	9.974904	1.263834	-1.491922	0.073187	-0.382783	0.135608	0.092359	0.165334	0.981904	0.424882	-0.898380	0.111305	0.900525	0.406913	-0.153221
43424	9.858866	0.796843	-0.960564	0.075034	-0.343868	0.145212	0.096126	0.165401	0.981530	0.425455	-0.898305	0.109710	0.899860	0.407051	-0.156722
43425	9.762908	0.580381	-0.340088	0.108781	-0.291104	0.147380	0.099419	0.165234	0.981231	0.426320	-0.898097	0.108040	0.899092	0.407577	-0.159731
43426	9.700905	0.674541	0.288311	0.144680	-0.246802	0.148235	0.102324	0.164883	0.980991	0.427504	-0.897742	0.106299	0.898204	0.408501	-0.162349
43427	9.885931	1.036969	0.790945	0.188085	-0.207551	0.133490	0.104805	0.164504	0.980793	0.429084	-0.897184	0.104630	0.897164	0.409876	-0.164616
43428	10.012367	1.397063	0.926171	0.218503	-0.176422	0.109801	0.106913	0.164217	0.980613	0.430960	-0.896458	0.103137	0.896015	0.411578	-0.166614
43429	9.988243	1.446231	0.626294	0.223641	-0.164064	0.089226	0.108813	0.164063	0.980430	0.432894	-0.895674	0.101836	0.894854	0.413341	-0.168483
43430	9.737784	1.085095	-0.137342	0.276355	-0.172745	0.067991	0.110707	0.164143	0.980204	0.435323	-0.894631	0.100647	0.893441	0.415563	-0.170497
43431	9.562458	0.397504	-0.988123	0.412215	-0.213445	0.073435	0.112977	0.164346	0.979911	0.438946	-0.893024	0.099167	0.891383	0.418924	-0.173030
43432	9.379704	-0.125522	-1.714330	0.588052	-0.272491	0.114263	0.115961	0.164449	0.979546	0.444081	-0.890724	0.096966	0.888451	0.423753	-0.176318
43433	9.154272	-0.193178	-2.263203	0.744292	-0.349777	0.155675	0.119803	0.164526	0.979070	0.450520	-0.887797	0.094060	0.884691	0.429822	-0.180483
43434	9.326456	0.099380	-2.373064	0.823812	-0.423656	0.180729	0.124418	0.164733	0.978460	0.457602	-0.884516	0.090730	0.880409	0.436457	-0.185432
43435	9.623081	0.508589	-2.050538	0.818201	-0.450528	0.187154	0.129283	0.165031	0.977778	0.464573	-0.881221	0.087307	0.876047	0.442962	-0.190596
43436	10.191219	1.047809	-1.505539	0.763448	-0.445410	0.180553	0.134076	0.165404	0.977070	0.471039	-0.878103	0.084013	0.871864	0.448973	-0.195644
43437	10.229936	1.489008	-0.825170	0.708714	-0.348359	0.139895	0.137816	0.165720	0.976496	0.477035	-0.875126	0.081191	0.868012	0.454633	-0.199661
43438	9.821737	1.842856	-0.292457	0.655673	-0.240800	0.095456	0.140416	0.165963	0.976084	0.482613	-0.872274	0.078886	0.864505	0.459994	-0.202577
43439	9.538099	1.823699	-0.041687	0.571249	-0.157195	0.069045	0.142152	0.166058	0.975816	0.487466	-0.869740	0.076995	0.861492	0.464733	-0.204584
43440	9.741941	1.544586	-0.089957	0.507593	-0.128112	0.054630	0.143578	0.166158	0.975591	0.491785	-0.867449	0.075364	0.858798	0.468960	-0.206260
43441	9.783715	1.182994	-0.610261	0.501753	-0.127054	0.050598	0.144961	0.166289	0.975364	0.496035	-0.865163	0.073779	0.856117	0.473119	-0.207900
43442	9.622544	0.597682	-1.342529	0.579997	-0.172179	0.047356	0.146725	0.166675	0.975034	0.500952	-0.862471	0.072049	0.852947	0.477874	-0.210042
43443	9.527504	-0.048000	-1.997167	0.746227	-0.228806	0.054628	0.148991	0.167276	0.974587	0.507241	-0.858966	0.069886	0.848828	0.483938	-0.212827
43444	9.657303	-0.222937	-2.197760	0.945839	-0.296267	0.087090	0.151999	0.167952	0.974006	0.515142	-0.854486	0.066952	0.843519	0.491575	-0.216401
43445	9.905964	0.264129	-2.207773	1.111627	-0.332682	0.111831	0.155421	0.168621	0.973351	0.524330	-0.849153	0.063382	0.837211	0.500506	-0.220389
43446	10.089985	0.920694	-1.939371	1.209672	-0.356400	0.131587	0.159146	0.169287	0.972633	0.534237	-0.843248	0.059354	0.830219	0.510171	-0.224639
43447	10.150059	1.438209	-1.442531	1.222612	-0.346656	0.136331	0.162792	0.169898	0.971923	0.544142	-0.837175	0.055203	0.823048	0.519877	-0.228734
43448	10.105211	1.644500	-0.802041	1.177872	-0.312554	0.139024	0.166173	0.170358	0.971270	0.553594	-0.831219	0.051080	0.816039	0.529201	-0.232436
43449	9.925195	1.577432	-0.356445	1.097494	-0.267197	0.144906	0.169198	0.170556	0.970712	0.562288	-0.825602	0.047052	0.809447	0.537859	-0.235592
43450	10.111615	1.144977	0.045864	0.964538	-0.245366	0.170774	0.172201	0.170461	0.970201	0.569802	-0.820654	0.043052	0.803538	0.545409	-0.238446
43451	10.451465	0.756322	0.190192	0.871074	-0.197447	0.197784	0.174959	0.169899	0.969806	0.576450	-0.816201	0.038994	0.798182	0.552223	-0.240741
43452	10.449970	0.461159	0.741299	0.893104	-0.107933	0.238487	0.177258	0.168540	0.969625	0.583161	-0.811625	0.034469	0.792782	0.559338	-0.242154
43453	10.335327	0.637449	1.407317	0.916988	-0.000205	0.288203	0.178993	0.166182	0.969714	0.589906	-0.806937	0.029400	0.787384	0.566777	-0.242468
43454	10.421607	1.071881	1.806689	0.908001	0.070731	0.309247	0.180330	0.163273	0.969960	0.596501	-0.802249	0.024144	0.782092	0.574228	-0.242062
43455	10.878594	1.528464	1.891353	0.913035	0.121435	0.305506	0.181257	0.160099	0.970317	0.603075	-0.797460	0.018923	0.776818	0.581744	-0.241097
43456	11.347293	1.772764	1.437797	0.905499	0.164738	0.305279	0.181890	0.156692	0.970754	0.609556	-0.792624	0.013727	0.771594	0.589232	-0.239683
43457	11.480567	1.978363	0.420923	0.903359	0.160843	0.316250	0.182630	0.153210	0.971171	0.615934	-0.787752	0.008447	0.766336	0.596635	-0.238234
