// General information: 
//  MT Manager version: 2022.2.0 
//  XDA version: 2022.2.0 build 7381 rev 124627 built on 2023-07-19
// Device information: 
//  DeviceId: 00B4CBA7
//  ProductCode: MTW2-3A7G6
//  Firmware Version: 4.6.0
//  Hardware Version: 2.0.0
// Device settings: 
//  Filter Profile: human(46.1)
//  Option Flags: Orientation Smoother Disabled, Position/Velocity Smoother Disabled, Continuous Zero Rotation Update Disabled, AHS Disabled, ICC Disabled
// Coordinate system: ENU
PacketCounter	Acc_X	Acc_Y	Acc_Z	Gyr_X	Gyr_Y	Gyr_Z	Mat[1][1]	Mat[2][1]	Mat[3][1]	Mat[1][2]	Mat[2][2]	Mat[3][2]	Mat[1][3]	Mat[2][3]	Mat[3][3]
05027	9.475579	-0.348700	-2.390348	-0.000546	-0.009177	0.003312	0.229278	0.107466	0.967410	0.538998	-0.841610	-0.034253	0.810501	0.529286	-0.250887
05028	9.465482	-0.361280	-2.443231	-0.008969	-0.004046	0.003777	0.229299	0.107493	0.967402	0.538947	-0.841644	-0.034224	0.810530	0.529226	-0.250921
05029	9.464340	-0.337871	-2.437948	-0.004176	-0.010556	0.004638	0.229288	0.107584	0.967395	0.539235	-0.841459	-0.034228	0.810341	0.529501	-0.250950
05030	9.459597	-0.356203	-2.467987	-0.006355	-0.008501	0.005130	0.229352	0.107624	0.967375	0.539202	-0.841481	-0.034220	0.810345	0.529459	-0.251027
05031	9.452042	-0.303487	-2.479920	-0.006534	-0.008245	0.002993	0.229439	0.107774	0.967338	0.539407	-0.841350	-0.034202	0.810184	0.529636	-0.251172
05032	9.434445	-0.335180	-2.458511	-0.008495	-0.007390	0.004409	0.229490	0.107814	0.967321	0.539358	-0.841382	-0.034181	0.810202	0.529577	-0.251239
05033	9.452529	-0.327466	-2.487620	-0.009908	-0.011768	0.004028	0.229501	0.107876	0.967312	0.539390	-0.841364	-0.034143	0.810178	0.529594	-0.251281
05034	9.451302	-0.304069	-2.482668	-0.009982	-0.009880	0.006456	0.229583	0.107912	0.967288	0.539324	-0.841406	-0.034138	0.810198	0.529520	-0.251372
05035	9.473166	-0.390967	-2.535699	-0.004826	-0.006956	0.001868	0.229544	0.107899	0.967299	0.539041	-0.841592	-0.034040	0.810398	0.529227	-0.251344
05036	9.441886	-0.340376	-2.542356	-0.002939	-0.005923	0.002880	0.229575	0.107944	0.967287	0.539041	-0.841593	-0.034018	0.810389	0.529216	-0.251395
05037	9.441750	-0.340569	-2.542832	-0.005118	-0.003868	0.003374	0.229655	0.108038	0.967257	0.538980	-0.841633	-0.033964	0.810406	0.529133	-0.251516
05038	9.428780	-0.354251	-2.491888	0.000473	-0.003344	0.000631	0.229653	0.108088	0.967252	0.539013	-0.841614	-0.033929	0.810385	0.529153	-0.251540
05039	9.456955	-0.334334	-2.468251	0.004936	-0.005824	0.004208	0.229619	0.108144	0.967254	0.539275	-0.841445	-0.033942	0.810221	0.529410	-0.251531
05040	9.451399	-0.328966	-2.491711	0.006026	-0.001877	-0.000898	0.229596	0.108199	0.967253	0.539356	-0.841395	-0.033906	0.810173	0.529479	-0.251539
05041	9.454945	-0.287401	-2.456721	-0.001706	-0.001289	0.001125	0.229691	0.108312	0.967218	0.539337	-0.841409	-0.033857	0.810159	0.529433	-0.251681
05042	9.455793	-0.311088	-2.463060	-0.001196	-0.005577	0.000541	0.229707	0.108375	0.967207	0.539357	-0.841398	-0.033816	0.810142	0.529437	-0.251728
05043	9.448253	-0.330333	-2.389159	-0.007003	-0.004901	0.002362	0.229790	0.108484	0.967175	0.539327	-0.841420	-0.033760	0.810138	0.529381	-0.251858
05044	9.430812	-0.289717	-2.453008	-0.005042	-0.005755	0.000946	0.229809	0.108545	0.967164	0.539314	-0.841430	-0.033714	0.810141	0.529353	-0.251908
05045	9.483678	-0.291007	-2.440601	-0.002938	-0.005923	0.002880	0.229850	0.108593	0.967149	0.539136	-0.841547	-0.033639	0.810248	0.529157	-0.251976
05046	9.425048	-0.284335	-2.477249	-0.002938	-0.005923	0.002880	0.229880	0.108639	0.967136	0.539136	-0.841548	-0.033617	0.810239	0.529146	-0.252026
05047	9.431233	-0.313938	-2.460910	-0.008053	-0.009791	0.006255	0.229955	0.108728	0.967108	0.539202	-0.841506	-0.033602	0.810174	0.529194	-0.252135
05048	9.431929	-0.338011	-2.467760	-0.004461	-0.007470	0.006142	0.230016	0.108755	0.967091	0.539182	-0.841519	-0.033608	0.810170	0.529168	-0.252201
05049	9.441733	-0.326215	-2.416221	0.001309	-0.007203	0.005534	0.230071	0.108855	0.967067	0.539428	-0.841360	-0.033628	0.809991	0.529399	-0.252291
05050	9.439712	-0.279478	-2.404785	0.006861	-0.005737	0.004003	0.230106	0.108890	0.967054	0.539504	-0.841310	-0.033641	0.809930	0.529471	-0.252337
05051	9.500858	-0.285340	-2.472901	-0.016362	-0.007487	0.003085	0.230150	0.108984	0.967033	0.539518	-0.841304	-0.033588	0.809909	0.529462	-0.252425
05052	9.475140	-0.376560	-2.515614	-0.010702	-0.004391	0.006120	0.230186	0.108994	0.967024	0.539447	-0.841350	-0.033578	0.809945	0.529388	-0.252463
05053	9.464942	-0.389054	-2.568489	-0.008450	-0.008333	0.003196	0.230193	0.109062	0.967014	0.539490	-0.841324	-0.033537	0.809914	0.529415	-0.252505
05054	9.464769	-0.389160	-2.569109	-0.008960	-0.004045	0.003781	0.230213	0.109090	0.967006	0.539440	-0.841357	-0.033508	0.809942	0.529356	-0.252539
05055	9.417122	-0.393726	-2.559276	-0.003409	-0.002579	0.002250	0.230185	0.109137	0.967008	0.539481	-0.841332	-0.033464	0.809923	0.529385	-0.252540
05056	9.444467	-0.349926	-2.529446	-0.003591	-0.002321	0.000113	0.230172	0.109187	0.967005	0.539482	-0.841334	-0.033413	0.809926	0.529373	-0.252556
05057	9.468211	-0.347521	-2.534673	0.001778	-0.000597	-0.003554	0.230151	0.109333	0.966994	0.539698	-0.841198	-0.033342	0.809788	0.529558	-0.252610
05058	9.429816	-0.315594	-2.466124	-0.000800	0.002916	-0.006117	0.230062	0.109408	0.967006	0.539736	-0.841178	-0.033238	0.809788	0.529575	-0.252574
05059	9.454546	-0.336789	-2.477128	-0.003664	-0.000435	0.002543	0.230052	0.109456	0.967003	0.539723	-0.841188	-0.033187	0.809799	0.529549	-0.252593
05060	9.470987	-0.281596	-2.493346	-0.003809	-0.001121	-0.000809	0.230024	0.109507	0.967004	0.539725	-0.841189	-0.033127	0.809806	0.529536	-0.252597
05061	9.453640	-0.312900	-2.471081	-0.002578	0.003514	-0.002563	0.229909	0.109511	0.967031	0.539551	-0.841306	-0.033003	0.809955	0.529350	-0.252510
05062	9.448241	-0.307077	-2.493923	-0.000255	0.002144	0.000293	0.229860	0.109535	0.967040	0.539579	-0.841290	-0.032963	0.809950	0.529371	-0.252482
05063	9.401634	-0.335144	-2.489698	-0.003846	-0.000177	0.000406	0.229799	0.109599	0.967047	0.539704	-0.841211	-0.032912	0.809884	0.529482	-0.252461
05064	9.467482	-0.322735	-2.528085	-0.003846	-0.000177	0.000406	0.229770	0.109635	0.967050	0.539703	-0.841214	-0.032863	0.809893	0.529471	-0.252456
05065	9.424503	-0.309163	-2.488716	-0.006023	0.001878	0.000902	0.229594	0.109628	0.967093	0.539806	-0.841150	-0.032802	0.809874	0.529573	-0.252301
05066	9.473017	-0.328290	-2.504759	-0.006023	0.001878	0.000901	0.229551	0.109649	0.967101	0.539786	-0.841165	-0.032753	0.809900	0.529545	-0.252277
05067	9.478558	-0.333922	-2.481396	-0.006278	0.004022	0.001195	0.229598	0.109705	0.967083	0.539573	-0.841305	-0.032665	0.810028	0.529312	-0.252356
05068	9.453928	-0.312279	-2.470057	-0.008090	0.001104	-0.002247	0.229544	0.109756	0.967090	0.539544	-0.841327	-0.032581	0.810063	0.529266	-0.252340
05069	9.432099	-0.361502	-2.476685	-0.008673	0.007278	0.000769	0.229471	0.109804	0.967102	0.539594	-0.841298	-0.032513	0.810050	0.529303	-0.252304
05070	9.448700	-0.306073	-2.492305	-0.004499	0.003426	-0.002360	0.229398	0.109845	0.967115	0.539593	-0.841301	-0.032436	0.810071	0.529289	-0.252264
05071	9.468043	-0.321571	-2.526129	-0.004573	0.005311	0.000070	0.229351	0.109887	0.967121	0.539546	-0.841334	-0.032358	0.810116	0.529227	-0.252250
05072	9.462699	-0.315860	-2.548779	0.001413	0.004377	0.000384	0.229285	0.109899	0.967135	0.539587	-0.841309	-0.032323	0.810107	0.529265	-0.252200
05073	9.432653	-0.288856	-2.560316	-0.002469	0.005142	0.002004	0.229308	0.110060	0.967112	0.540041	-0.841017	-0.032337	0.809799	0.529695	-0.252288
05074	9.441892	-0.252974	-2.501445	-0.006749	0.007367	0.000566	0.229218	0.110055	0.967133	0.540016	-0.841035	-0.032283	0.809841	0.529667	-0.252212
05075	9.443927	-0.300158	-2.512826	-0.010630	0.008132	0.002185	0.229055	0.110011	0.967177	0.539921	-0.841100	-0.032198	0.809950	0.529574	-0.252055
05076	9.454983	-0.311430	-2.466123	-0.008162	0.002990	0.000181	0.228999	0.110032	0.967188	0.539885	-0.841125	-0.032137	0.809990	0.529530	-0.252021
05077	9.430403	-0.289975	-2.454550	-0.006567	0.007108	0.002702	0.228899	0.110008	0.967214	0.539826	-0.841165	-0.032083	0.810057	0.529472	-0.251927
05078	9.471569	-0.328725	-2.395970	-0.003737	0.001449	0.004971	0.228881	0.109997	0.967220	0.539816	-0.841172	-0.032079	0.810069	0.529463	-0.251907
05079	9.441437	-0.301876	-2.407824	-0.005840	0.001619	0.003037	0.228877	0.110049	0.967215	0.539816	-0.841173	-0.032032	0.810070	0.529450	-0.251931
05080	9.467071	-0.347127	-2.424911	-0.003700	0.000507	0.003756	0.228860	0.110053	0.967218	0.539809	-0.841179	-0.032016	0.810080	0.529440	-0.251920
05081	9.467050	-0.347265	-2.424972	-0.005549	-0.001467	0.001528	0.228847	0.110117	0.967214	0.539844	-0.841158	-0.031964	0.810060	0.529459	-0.251943
05082	9.450621	-0.330187	-2.494500	-0.007253	-0.002757	0.002651	0.228851	0.110148	0.967210	0.539810	-0.841181	-0.031928	0.810082	0.529416	-0.251964
05083	9.449664	-0.306428	-2.488603	-0.007869	-0.000096	-0.001328	0.228830	0.110265	0.967201	0.539897	-0.841128	-0.031842	0.810029	0.529476	-0.252008
05084	9.445053	-0.324171	-2.518059	-0.005040	-0.005755	0.000940	0.228849	0.110327	0.967190	0.539886	-0.841138	-0.031795	0.810032	0.529448	-0.252058
05085	9.432238	-0.265375	-2.552386	-0.005983	0.000935	-0.000315	0.228849	0.110369	0.967185	0.539688	-0.841268	-0.031697	0.810164	0.529232	-0.252088
05086	9.444104	-0.300439	-2.512128	-0.001995	0.001796	0.002633	0.228816	0.110376	0.967192	0.539696	-0.841264	-0.031675	0.810167	0.529238	-0.252064
05087	9.425785	-0.308520	-2.483934	0.000218	-0.001201	0.000921	0.228737	0.110413	0.967207	0.539799	-0.841200	-0.031630	0.810122	0.529332	-0.252014
05088	9.435753	-0.296420	-2.431778	0.002140	-0.001113	0.000719	0.228717	0.110452	0.967207	0.539845	-0.841171	-0.031599	0.810096	0.529369	-0.252017
05089	9.452086	-0.313748	-2.362617	0.006201	-0.002137	0.001236	0.228616	0.110476	0.967228	0.539985	-0.841083	-0.031564	0.810032	0.529504	-0.251941
05090	9.469402	-0.282526	-2.385032	0.004715	-0.004628	0.003281	0.228639	0.110512	0.967218	0.540046	-0.841043	-0.031565	0.809984	0.529560	-0.251977
05091	9.440032	-0.279509	-2.403526	-0.002792	-0.005242	0.006226	0.228695	0.110627	0.967192	0.540418	-0.840803	-0.031613	0.809720	0.529918	-0.252072
05092	9.481060	-0.246176	-2.431265	-0.004677	-0.006273	0.005213	0.228741	0.110655	0.967178	0.540400	-0.840815	-0.031609	0.809720	0.529893	-0.252127
05093	9.454356	-0.313878	-2.468215	-0.014031	-0.008859	0.005930	0.228841	0.110716	0.967147	0.540203	-0.840943	-0.031551	0.809822	0.529676	-0.252251
05094	9.436711	-0.345790	-2.446985	-0.010005	-0.008941	0.007662	0.228922	0.110738	0.967126	0.540136	-0.840986	-0.031557	0.809844	0.529603	-0.252333
05095	9.459344	-0.320331	-2.446855	-0.008264	-0.008594	0.005323	0.229018	0.110814	0.967094	0.540082	-0.841022	-0.031529	0.809853	0.529531	-0.252458
05096	9.460011	-0.344192	-2.453815	-0.010149	-0.009624	0.004310	0.229087	0.110868	0.967072	0.540021	-0.841062	-0.031502	0.809874	0.529456	-0.252547
05097	9.454283	-0.338729	-2.477867	-0.009966	-0.009884	0.006446	0.229112	0.110887	0.967063	0.539881	-0.841153	-0.031457	0.809960	0.529307	-0.252584
05098	9.435700	-0.346816	-2.450735	-0.010075	-0.011509	0.001878	0.229183	0.110971	0.967037	0.539827	-0.841190	-0.031406	0.809977	0.529230	-0.252691
05099	9.458287	-0.320917	-2.450859	-0.008153	-0.011421	0.001676	0.229321	0.111157	0.966983	0.539938	-0.841120	-0.031358	0.809863	0.529302	-0.252905
05100	9.434206	-0.323253	-2.446937	-0.005831	-0.012794	0.004530	0.229416	0.111226	0.966952	0.539912	-0.841138	-0.031344	0.809854	0.529260	-0.253023
05101	9.452156	-0.315506	-2.476420	-0.001916	-0.014502	0.001692	0.229447	0.111262	0.966941	0.539714	-0.841268	-0.031268	0.809977	0.529046	-0.253076
05102	9.452718	-0.339126	-2.483778	-0.006194	-0.012274	0.000257	0.229514	0.111364	0.966913	0.539694	-0.841282	-0.031212	0.809971	0.529001	-0.253189
05103	9.465215	-0.325328	-2.536227	-0.004272	-0.012186	0.000054	0.229511	0.111409	0.966909	0.539530	-0.841391	-0.031119	0.810082	0.528819	-0.253217
05104	9.458525	-0.295891	-2.554385	-0.000430	-0.012010	-0.000353	0.229573	0.111515	0.966882	0.539558	-0.841375	-0.031072	0.810045	0.528823	-0.253326
05105	9.418869	-0.376991	-2.540393	-0.002422	-0.010214	0.002282	0.229673	0.111617	0.966847	0.539537	-0.841390	-0.031032	0.810031	0.528777	-0.253466
05106	9.457990	-0.296084	-2.556343	0.001202	-0.008836	0.000954	0.229716	0.111695	0.966827	0.539575	-0.841366	-0.031002	0.809993	0.528798	-0.253543
05107	9.464180	-0.325623	-2.540049	0.006710	-0.006427	0.000639	0.229746	0.111848	0.966802	0.539981	-0.841106	-0.031012	0.809714	0.529180	-0.253636
05108	9.463154	-0.302235	-2.534438	-0.001264	-0.003694	0.002965	0.229759	0.111882	0.966795	0.539995	-0.841097	-0.030995	0.809701	0.529186	-0.253665
05109	9.456668	-0.273002	-2.551790	-0.003368	-0.003522	0.001032	0.229644	0.111910	0.966820	0.540095	-0.841036	-0.030936	0.809668	0.529278	-0.253580
05110	9.480347	-0.270817	-2.557236	-0.001447	-0.003434	0.000829	0.229643	0.111960	0.966814	0.540112	-0.841026	-0.030897	0.809656	0.529283	-0.253606
05111	9.463830	-0.326140	-2.541288	-0.001992	0.001796	0.002635	0.229584	0.111974	0.966826	0.540135	-0.841013	-0.030859	0.809658	0.529301	-0.253564
05112	9.473918	-0.314163	-2.489073	-0.001483	-0.002492	0.002044	0.229582	0.112009	0.966823	0.540149	-0.841004	-0.030832	0.809649	0.529307	-0.253581
05113	9.456451	-0.345955	-2.467250	0.000658	-0.003606	0.002761	0.229663	0.112165	0.966785	0.540490	-0.840785	-0.030848	0.809398	0.529622	-0.253721
05114	9.469239	-0.332357	-2.518472	0.003149	0.004724	-0.001953	0.229581	0.112196	0.966801	0.540552	-0.840747	-0.030794	0.809380	0.529676	-0.253667
05115	9.415389	-0.307431	-2.524956	-0.005834	0.001620	0.003043	0.229474	0.112177	0.966829	0.540543	-0.840754	-0.030747	0.809416	0.529669	-0.253568
05116	9.450154	-0.316826	-2.483879	0.002140	-0.001114	0.000717	0.229454	0.112216	0.966829	0.540591	-0.840725	-0.030717	0.809390	0.529707	-0.253571
05117	9.416284	-0.331071	-2.531017	-0.004245	0.001286	-0.002649	0.229412	0.112269	0.966833	0.540460	-0.840813	-0.030606	0.809489	0.529556	-0.253569
05118	9.474915	-0.337819	-2.494745	-0.000912	0.005750	-0.002465	0.229319	0.112298	0.966851	0.540490	-0.840796	-0.030537	0.809496	0.529576	-0.253507
05119	9.444010	-0.286726	-2.500055	-0.000876	0.004808	-0.003681	0.229255	0.112370	0.966858	0.540508	-0.840788	-0.030443	0.809502	0.529574	-0.253492
05120	9.444118	-0.286505	-2.499672	-0.000474	0.003346	-0.000625	0.229191	0.112397	0.966870	0.540537	-0.840771	-0.030393	0.809501	0.529595	-0.253452
05121	9.445138	-0.310026	-2.505284	-0.000947	0.006692	-0.001250	0.229142	0.112499	0.966870	0.540783	-0.840615	-0.030354	0.809350	0.529822	-0.253458
05122	9.407810	-0.302180	-2.442369	0.005325	0.002669	-0.002451	0.229075	0.112544	0.966881	0.540863	-0.840565	-0.030301	0.809316	0.529891	-0.253423
05123	9.449939	-0.291799	-2.475393	0.003221	0.002841	-0.004384	0.229078	0.112649	0.966868	0.540831	-0.840589	-0.030202	0.809336	0.529831	-0.253484
05124	9.473753	-0.289300	-2.480370	0.005615	-0.000417	-0.003963	0.229027	0.112724	0.966871	0.540917	-0.840536	-0.030135	0.809293	0.529899	-0.253480
05125	9.479284	-0.294853	-2.457151	-0.004316	0.003169	-0.000218	0.229053	0.112799	0.966856	0.540912	-0.840541	-0.030082	0.809289	0.529874	-0.253543
05126	9.444593	-0.285224	-2.498024	-0.008269	0.001369	-0.004379	0.228986	0.112868	0.966864	0.540886	-0.840561	-0.029976	0.809325	0.529828	-0.253526
05127	9.441806	-0.349838	-2.539373	-0.007831	-0.001035	-0.002538	0.228972	0.112991	0.966853	0.540970	-0.840511	-0.029887	0.809273	0.529882	-0.253578
05128	9.441811	-0.349235	-2.539438	-0.010154	0.000339	-0.005391	0.228907	0.113074	0.966859	0.540932	-0.840539	-0.029766	0.809317	0.529819	-0.253571
05129	9.418088	-0.350686	-2.534259	-0.004610	0.001806	-0.006922	0.228878	0.113126	0.966860	0.540533	-0.840803	-0.029579	0.809592	0.529389	-0.253589
05130	9.456572	-0.317777	-2.457878	-0.002251	-0.000510	-0.005285	0.228820	0.113213	0.966863	0.540558	-0.840790	-0.029479	0.809591	0.529391	-0.253588
05131	9.492209	-0.349791	-2.423101	-0.008088	-0.003340	-0.010459	0.228783	0.113369	0.966854	0.540464	-0.840857	-0.029293	0.809665	0.529251	-0.253646
05132	9.485779	-0.319160	-2.440395	-0.012148	-0.002316	-0.010972	0.228710	0.113513	0.966854	0.540422	-0.840890	-0.029113	0.809714	0.529167	-0.253665
05133	9.428136	-0.334269	-2.482719	-0.018091	-0.002322	-0.012499	0.228661	0.113758	0.966837	0.540628	-0.840764	-0.028937	0.809590	0.529316	-0.253751
05134	9.475672	-0.328258	-2.493146	-0.014284	-0.001203	-0.011689	0.228575	0.113902	0.966840	0.540571	-0.840807	-0.028744	0.809652	0.529216	-0.253760
05135	9.455536	-0.350701	-2.597812	-0.016751	-0.000509	-0.017895	0.228440	0.114113	0.966847	0.540549	-0.840830	-0.028478	0.809705	0.529134	-0.253763
05136	9.437352	-0.356640	-2.569590	-0.017041	0.002575	-0.016382	0.228298	0.114277	0.966861	0.540480	-0.840883	-0.028233	0.809791	0.529015	-0.253736
05137	9.426498	-0.343108	-2.615502	-0.015338	0.003867	-0.017506	0.228120	0.114533	0.966873	0.540831	-0.840664	-0.028019	0.809607	0.529307	-0.253715
05138	9.443188	-0.358102	-2.545866	-0.013999	0.005681	-0.022902	0.227918	0.114735	0.966897	0.540802	-0.840693	-0.027719	0.809683	0.529217	-0.253658
05139	9.448037	-0.337488	-2.516001	-0.014835	0.009550	-0.027797	0.227711	0.114945	0.966920	0.540465	-0.840923	-0.027314	0.809966	0.528806	-0.253611
05140	9.452944	-0.316591	-2.485891	-0.015049	0.010752	-0.028718	0.227436	0.115169	0.966958	0.540440	-0.840951	-0.026955	0.810060	0.528713	-0.253505
05141	9.416721	-0.329531	-2.428734	-0.005114	0.007179	-0.032464	0.227177	0.115450	0.966986	0.540444	-0.840961	-0.026564	0.810130	0.528636	-0.253441
05142	9.450810	-0.311995	-2.380876	-0.003190	0.007269	-0.032668	0.226909	0.115726	0.967016	0.540524	-0.840921	-0.026197	0.810152	0.528639	-0.253365
05143	9.442672	-0.232235	-2.384974	-0.008726	0.005793	-0.031140	0.226641	0.115957	0.967051	0.540373	-0.841030	-0.025797	0.810328	0.528415	-0.253272
05144	9.439300	-0.270508	-2.419898	-0.012303	0.003466	-0.031033	0.226413	0.116240	0.967071	0.540375	-0.841040	-0.025423	0.810390	0.528337	-0.253235
05145	9.445770	-0.224005	-2.487740	-0.014438	0.004577	-0.031750	0.226249	0.116512	0.967076	0.540066	-0.841252	-0.024996	0.810642	0.527940	-0.253256
05146	9.465176	-0.236220	-2.521753	-0.027470	0.002467	-0.027277	0.226049	0.116769	0.967092	0.539936	-0.841346	-0.024619	0.810784	0.527733	-0.253233
05147	9.455306	-0.244798	-2.573854	-0.027823	0.002991	-0.031551	0.225805	0.117101	0.967109	0.540014	-0.841308	-0.024217	0.810800	0.527720	-0.253208
05148	9.461060	-0.246700	-2.550220	-0.036667	0.010513	-0.032903	0.225510	0.117362	0.967146	0.539822	-0.841444	-0.023762	0.811010	0.527445	-0.253108
05149	9.439585	-0.292183	-2.556853	-0.033961	0.004176	-0.034003	0.225229	0.117751	0.967164	0.540105	-0.841273	-0.023354	0.810900	0.527630	-0.253077
05150	9.471536	-0.226604	-2.496863	-0.026537	0.006692	-0.034515	0.224956	0.118046	0.967192	0.539999	-0.841354	-0.022910	0.811046	0.527437	-0.253012
05151	9.452514	-0.207201	-2.461890	-0.032544	0.008553	-0.033610	0.224549	0.118316	0.967253	0.540073	-0.841318	-0.022467	0.811110	0.527432	-0.252816
05152	9.463797	-0.214799	-2.415026	-0.036372	0.008363	-0.033208	0.224269	0.118591	0.967285	0.539884	-0.841451	-0.022010	0.811313	0.527158	-0.252737
05153	9.435796	-0.230922	-2.438701	-0.035841	0.004078	-0.033809	0.224004	0.118929	0.967305	0.539822	-0.841503	-0.021548	0.811427	0.526999	-0.252700
05154	9.443573	-0.279797	-2.427776	-0.035790	0.003138	-0.035029	0.223757	0.119247	0.967323	0.539642	-0.841631	-0.021076	0.811615	0.526724	-0.252671
05155	9.413789	-0.321247	-2.354552	-0.037790	0.001428	-0.039403	0.223466	0.119638	0.967342	0.539597	-0.841672	-0.020557	0.811725	0.526569	-0.252641
05156	9.443192	-0.320070	-2.336643	-0.025972	-0.001079	-0.042135	0.223215	0.120038	0.967350	0.539513	-0.841739	-0.020041	0.811851	0.526371	-0.252650
05157	9.420538	-0.341411	-2.338334	-0.015505	-0.008901	-0.046486	0.223060	0.120557	0.967321	0.539520	-0.841747	-0.019504	0.811888	0.526240	-0.252803
05158	9.455236	-0.345753	-2.298377	-0.017062	-0.013018	-0.049026	0.222869	0.121079	0.967300	0.539523	-0.841758	-0.018944	0.811939	0.526103	-0.252926
05159	9.468882	-0.349977	-2.357246	-0.014958	-0.016675	-0.054107	0.222734	0.121671	0.967257	0.539387	-0.841859	-0.018310	0.812066	0.525804	-0.253138
05160	9.449833	-0.279747	-2.415669	-0.005228	-0.019002	-0.058777	0.222539	0.122305	0.967222	0.539508	-0.841795	-0.017685	0.812039	0.525759	-0.253317
05161	9.447247	-0.226855	-2.405153	-0.002987	-0.021985	-0.060504	0.222335	0.122990	0.967182	0.539750	-0.841653	-0.017050	0.811934	0.525827	-0.253513
05162	9.486493	-0.162931	-2.428108	-0.010546	-0.024259	-0.062137	0.222164	0.123681	0.967133	0.539835	-0.841612	-0.016379	0.811925	0.525731	-0.253743
05163	9.482752	-0.197829	-2.465974	-0.012748	-0.024768	-0.067431	0.221987	0.124471	0.967072	0.540074	-0.841472	-0.015666	0.811814	0.525768	-0.254020
05164	9.440312	-0.202163	-2.435263	-0.008231	-0.028179	-0.065088	0.221832	0.125207	0.967013	0.540183	-0.841414	-0.014973	0.811784	0.525686	-0.254287
05165	9.410918	-0.153543	-2.317332	-0.002860	-0.038951	-0.064875	0.221741	0.126044	0.966925	0.540562	-0.841182	-0.014312	0.811556	0.525856	-0.254659
05166	9.469393	-0.216564	-2.430154	0.004065	-0.033061	-0.066003	0.221619	0.126813	0.966852	0.540773	-0.841058	-0.013641	0.811449	0.525871	-0.254972
05167	9.442505	-0.165928	-2.415962	-0.000723	-0.039120	-0.062948	0.221511	0.127641	0.966768	0.541287	-0.840737	-0.013022	0.811136	0.526183	-0.255323
05168	9.417920	-0.162614	-2.414575	0.001438	-0.040222	-0.062239	0.221468	0.128416	0.966675	0.541469	-0.840630	-0.012380	0.811026	0.526167	-0.255705
05169	9.411336	-0.150908	-2.441717	-0.003471	-0.046958	-0.062539	0.221500	0.129341	0.966545	0.541991	-0.840302	-0.011759	0.810669	0.526463	-0.256229
05170	9.453376	-0.157255	-2.485530	-0.000462	-0.042879	-0.067841	0.221448	0.130177	0.966444	0.542170	-0.840196	-0.011059	0.810563	0.526426	-0.256637
05171	9.488502	-0.134040	-2.546071	-0.009618	-0.044871	-0.063765	0.221464	0.131059	0.966321	0.542387	-0.840065	-0.010370	0.810413	0.526417	-0.257129
05172	9.476097	-0.115748	-2.596415	-0.013900	-0.045228	-0.070991	0.221413	0.131934	0.966214	0.542464	-0.840024	-0.009606	0.810376	0.526263	-0.257562
05173	9.494324	-0.123811	-2.635112	-0.021637	-0.043777	-0.067729	0.221452	0.132905	0.966072	0.542748	-0.839848	-0.008874	0.810175	0.526299	-0.258120
05174	9.462545	-0.090003	-2.650881	-0.017902	-0.044240	-0.071506	0.221390	0.133779	0.965966	0.542795	-0.839826	-0.008094	0.810161	0.526113	-0.258543
05175	9.422406	-0.141147	-2.634066	-0.012407	-0.041779	-0.071827	0.221332	0.134684	0.965853	0.542911	-0.839759	-0.007311	0.810099	0.525990	-0.258987
05176	9.414858	-0.153969	-2.563913	-0.016051	-0.044812	-0.075081	0.221255	0.135591	0.965744	0.542980	-0.839721	-0.006502	0.810074	0.525818	-0.259415
05177	9.423193	-0.160423	-2.418830	-0.009657	-0.049707	-0.077543	0.221201	0.136570	0.965618	0.543163	-0.839608	-0.005678	0.809966	0.525744	-0.259902
05178	9.479651	-0.135188	-2.381708	-0.002259	-0.049680	-0.083879	0.221115	0.137576	0.965495	0.543363	-0.839484	-0.004819	0.809855	0.525680	-0.260376
05179	9.463684	-0.094455	-2.322688	-0.005823	-0.051106	-0.082552	0.221042	0.138641	0.965360	0.543812	-0.839198	-0.003996	0.809574	0.525857	-0.260893
05180	9.491927	-0.089357	-2.310258	-0.010331	-0.060942	-0.084378	0.221044	0.139710	0.965205	0.543947	-0.839113	-0.003112	0.809482	0.525709	-0.261476
05181	9.505515	-0.025550	-2.332237	0.006641	-0.071017	-0.085459	0.221036	0.140845	0.965042	0.544426	-0.838806	-0.002276	0.809162	0.525897	-0.262086
05182	9.589564	0.109388	-2.225716	0.009699	-0.081081	-0.091488	0.221161	0.142079	0.964832	0.544740	-0.838604	-0.001376	0.808917	0.525887	-0.262863
05183	9.532716	0.115635	-2.142816	-0.034737	-0.091962	-0.082158	0.221520	0.143399	0.964555	0.544795	-0.838569	-0.000449	0.808781	0.525584	-0.263883
05184	9.475545	-0.054868	-2.157454	-0.034191	-0.110141	-0.085641	0.221912	0.144736	0.964265	0.544742	-0.838604	0.000510	0.808710	0.525162	-0.264940
05185	9.563213	-0.103937	-2.025013	0.002751	-0.128679	-0.098988	0.222369	0.146373	0.963912	0.545353	-0.838205	0.001474	0.808172	0.525344	-0.266216
05186	9.707322	-0.136978	-1.750054	0.027880	-0.157105	-0.107825	0.223018	0.148143	0.963492	0.545852	-0.837878	0.002481	0.807657	0.525370	-0.267726
05187	9.648237	-0.248817	-1.419725	0.055959	-0.202500	-0.111526	0.224003	0.150180	0.962948	0.546529	-0.837433	0.003470	0.806925	0.525501	-0.269666
05188	9.617469	-0.341765	-0.966158	0.082218	-0.249624	-0.119636	0.225329	0.152534	0.962268	0.547494	-0.836798	0.004441	0.805901	0.525835	-0.272067
05189	9.631906	-0.442800	-0.660933	0.109284	-0.303586	-0.134221	0.226974	0.155330	0.961434	0.548888	-0.835878	0.005464	0.804491	0.526479	-0.274981
05190	9.714338	-0.461928	-0.359129	0.160595	-0.363480	-0.153703	0.229017	0.158569	0.960420	0.550562	-0.834768	0.006539	0.802765	0.527274	-0.278479
05191	9.758185	-0.399459	-0.085461	0.206527	-0.434154	-0.168442	0.231539	0.162437	0.959168	0.553065	-0.833103	0.007580	0.800318	0.528728	-0.282734
05192	9.809403	-0.336206	-0.003560	0.251329	-0.508745	-0.187971	0.234529	0.166735	0.957703	0.555546	-0.831440	0.008706	0.797725	0.530006	-0.287626
05193	10.128582	-0.109457	0.005967	0.310207	-0.582513	-0.209315	0.237992	0.171805	0.955951	0.559091	-0.829048	0.009808	0.794215	0.532129	-0.293362
05194	10.669501	0.724336	0.574002	0.316658	-0.671858	-0.269507	0.241772	0.177657	0.953931	0.562281	-0.826866	0.011483	0.790813	0.533601	-0.299807
05195	11.011719	0.565808	0.244092	0.185169	-0.753766	-0.305225	0.245935	0.184368	0.951591	0.564971	-0.824995	0.013826	0.787607	0.534221	-0.307057
05196	11.103345	0.680036	0.068124	0.180045	-0.806280	-0.323036	0.250411	0.191378	0.949036	0.567223	-0.823401	0.016377	0.784572	0.534214	-0.314742
05197	11.393314	1.048658	-0.359327	0.150437	-0.864893	-0.347834	0.255207	0.199128	0.946159	0.569785	-0.821569	0.019219	0.781162	0.534202	-0.323130
05198	11.505615	1.077645	-0.582905	0.108339	-0.905751	-0.371812	0.260114	0.207055	0.943117	0.571623	-0.820210	0.022417	0.778195	0.533276	-0.331705
05199	11.552470	1.149186	-0.990850	0.169686	-0.890202	-0.378761	0.264822	0.215154	0.939988	0.574404	-0.818177	0.025447	0.774552	0.533194	-0.340256
05200	11.180309	1.723943	-2.039629	0.236430	-0.863476	-0.345922	0.269469	0.222625	0.936923	0.577191	-0.816132	0.027918	0.770868	0.533260	-0.348419
05201	10.958381	2.512871	-2.615658	0.258525	-0.807281	-0.302571	0.273866	0.229629	0.933953	0.580388	-0.813791	0.029896	0.766908	0.533867	-0.356144
05202	10.707188	2.845341	-3.221819	0.197611	-0.764588	-0.220239	0.278403	0.235541	0.931135	0.582544	-0.812197	0.031278	0.763632	0.533720	-0.363331
05203	10.487979	2.933103	-3.667621	0.078174	-0.683888	-0.121987	0.282931	0.240627	0.928466	0.584122	-0.811027	0.032192	0.760757	0.533230	-0.370020
05204	10.131408	2.901131	-4.095125	-0.087990	-0.603849	0.008211	0.287535	0.243814	0.926217	0.583467	-0.811487	0.032481	0.759533	0.531078	-0.375588
05205	9.728525	2.680775	-4.285533	-0.325246	-0.547841	0.148097	0.292485	0.245786	0.924144	0.580973	-0.813277	0.032425	0.759554	0.527419	-0.380666
05206	9.520467	2.181717	-4.708686	-0.543957	-0.507808	0.271330	0.297883	0.246278	0.922287	0.576073	-0.816770	0.032040	0.761187	0.521760	-0.385176
05207	8.965889	1.650224	-5.076544	-0.732792	-0.480430	0.391445	0.303732	0.245819	0.920500	0.569635	-0.821299	0.031368	0.763716	0.514822	-0.389482
05208	8.610876	1.175872	-5.297801	-0.835419	-0.460946	0.476028	0.309921	0.244292	0.918842	0.561819	-0.826705	0.030297	0.767013	0.506833	-0.393461
05209	8.226898	0.908805	-5.431412	-0.893057	-0.424433	0.530147	0.316096	0.242412	0.917235	0.553830	-0.832122	0.029057	0.770295	0.498808	-0.397286
05210	8.012705	0.570919	-5.353685	-0.934354	-0.348418	0.542321	0.321735	0.239648	0.916000	0.544924	-0.838023	0.027848	0.774303	0.490190	-0.400211
05211	7.987577	-0.014372	-5.092410	-0.926729	-0.213442	0.515929	0.326105	0.236520	0.915267	0.536289	-0.843605	0.026924	0.778492	0.482067	-0.401947
05212	8.034460	-0.734040	-4.978304	-0.839876	-0.023450	0.460585	0.328709	0.232778	0.915295	0.528264	-0.848678	0.026121	0.782871	0.474931	-0.401936
05213	8.277512	-1.226806	-4.676754	-0.639963	0.218749	0.384278	0.328930	0.228568	0.916276	0.522103	-0.852509	0.025234	0.786901	0.470090	-0.399752
05214	8.461251	-1.704420	-4.597344	-0.435625	0.473638	0.293566	0.326690	0.223884	0.918232	0.517744	-0.855190	0.024309	0.790705	0.467468	-0.395297
05215	8.843656	-2.339134	-4.400012	-0.180042	0.735248	0.188680	0.321772	0.218905	0.921164	0.515793	-0.856395	0.023341	0.793990	0.467620	-0.388474
05216	9.249291	-2.814098	-4.206334	0.182477	0.974813	0.089547	0.314454	0.213605	0.924928	0.516999	-0.855707	0.021851	0.796135	0.471316	-0.379514
05217	9.754118	-2.559507	-3.700540	0.607343	1.183142	-0.003053	0.304957	0.208062	0.929361	0.521913	-0.852772	0.019657	0.796623	0.479051	-0.368649
05218	9.975243	-1.416511	-2.924765	0.932120	1.381539	-0.074670	0.293533	0.202047	0.934353	0.529597	-0.848079	0.017015	0.795842	0.489836	-0.355943
05219	9.925686	-0.228735	-2.202150	1.011374	1.573102	-0.122791	0.280314	0.195324	0.939826	0.538038	-0.842793	0.014681	0.794946	0.501546	-0.341338
05220	9.760521	0.852368	-1.780239	0.895338	1.749752	-0.174359	0.265429	0.187960	0.945631	0.545668	-0.837895	0.013382	0.794855	0.512449	-0.324965
05221	9.681599	1.618421	-1.535635	0.599982	1.884921	-0.207388	0.249240	0.179988	0.951569	0.551017	-0.834385	0.013498	0.796404	0.520967	-0.307139
05222	9.693365	1.801148	-1.413360	0.254020	1.992573	-0.240034	0.231980	0.171594	0.957466	0.553658	-0.832608	0.015074	0.799780	0.526612	-0.288152
05223	9.524798	1.517673	-1.450216	-0.036831	2.078213	-0.257817	0.213820	0.162803	0.963211	0.553990	-0.832335	0.017704	0.804597	0.529824	-0.268161
05224	9.660289	0.866019	-1.520779	-0.212246	2.156065	-0.258608	0.194948	0.153557	0.968719	0.552839	-0.833029	0.020793	0.810163	0.531492	-0.247290
05225	9.530293	0.467500	-1.660937	-0.274746	2.210847	-0.247204	0.175545	0.143899	0.973898	0.551122	-0.834083	0.023901	0.815750	0.532540	-0.225725
05226	9.505600	0.367259	-1.748562	-0.287603	2.255914	-0.223062	0.155823	0.133780	0.978684	0.549170	-0.835283	0.026741	0.821055	0.533297	-0.203624
05227	9.234721	0.254246	-1.892986	-0.286279	2.286817	-0.200053	0.135829	0.123293	0.983031	0.547162	-0.836514	0.029313	0.825933	0.533895	-0.181084
05228	9.016608	0.237777	-2.209184	-0.252770	2.294997	-0.169394	0.115868	0.112492	0.986874	0.545312	-0.837643	0.031457	0.830186	0.534510	-0.158399
05229	8.781404	0.377815	-2.667579	-0.201000	2.310359	-0.139787	0.095821	0.101347	0.990226	0.543844	-0.838530	0.033195	0.833698	0.535347	-0.135466
05230	8.424697	0.649308	-2.857121	-0.195870	2.303916	-0.081596	0.076103	0.089733	0.993054	0.542307	-0.839480	0.034296	0.836727	0.535930	-0.112550
05231	8.217905	0.574548	-2.861508	-0.193862	2.282711	-0.035006	0.056722	0.077832	0.995352	0.540763	-0.840451	0.034903	0.839261	0.536269	-0.089761
05232	7.907059	0.390618	-2.923109	-0.175113	2.282580	0.003972	0.037531	0.065598	0.997140	0.539316	-0.841373	0.035051	0.841266	0.536458	-0.066956
05233	7.644169	0.267684	-2.835680	-0.156575	2.257539	0.035548	0.018654	0.053232	0.998408	0.538048	-0.842194	0.034850	0.842708	0.536541	-0.044352
05234	7.710142	0.050743	-2.417837	-0.199641	2.216495	0.064649	0.000277	0.040843	0.999166	0.536383	-0.843277	0.034322	0.843975	0.535926	-0.022141
05235	7.660222	-0.495459	-1.988531	-0.237388	2.158397	0.095479	-0.017496	0.028528	0.999440	0.534446	-0.844540	0.033463	0.845022	0.534732	-0.000471
05236	7.740814	-1.035590	-1.994807	-0.185941	2.077289	0.089354	-0.034609	0.016719	0.999261	0.532920	-0.845537	0.032604	0.845457	0.533655	0.020354
05237	8.081857	-1.086833	-2.444880	0.013113	1.994427	0.095009	-0.051007	0.005311	0.998684	0.533122	-0.845443	0.031725	0.844500	0.534039	0.040292
05238	8.097642	-1.017898	-2.116838	0.134289	1.854757	0.105889	-0.066120	-0.005457	0.997797	0.534338	-0.844710	0.030788	0.842681	0.535197	0.058768
05239	8.204567	-1.462230	-1.826516	0.315629	1.689992	0.078424	-0.079963	-0.015144	0.996683	0.537089	-0.842982	0.030281	0.839727	0.537729	0.075541
05240	8.433717	-1.620299	0.517540	0.690041	1.383435	0.034464	-0.091391	-0.022870	0.995552	0.542916	-0.839231	0.030561	0.834799	0.543295	0.089115
05241	8.586077	-3.548705	1.196053	0.771826	1.031188	-0.125733	-0.100702	-0.027415	0.994539	0.549241	-0.835028	0.032595	0.829575	0.549524	0.099146
05242	8.087226	-3.115611	-0.146458	1.259948	0.593740	-0.189230	-0.106686	-0.029093	0.993867	0.559467	-0.828078	0.035816	0.821958	0.559857	0.104621
05243	7.503675	-0.630927	-0.059117	1.317389	0.099126	-0.178974	-0.108545	-0.028149	0.993693	0.570043	-0.820688	0.039020	0.814414	0.570683	0.105128
05244	6.979966	-0.022265	-0.543065	1.312620	-0.350642	-0.018692	-0.105843	-0.025936	0.994045	0.580684	-0.813116	0.040614	0.807220	0.581524	0.101123
05245	8.527267	1.260443	-0.300126	1.282021	-0.696124	0.214995	-0.099024	-0.023564	0.994806	0.591195	-0.805548	0.039767	0.800427	0.592062	0.093700
05246	12.042252	2.785038	2.870353	1.321831	-0.654744	0.247477	-0.092365	-0.021596	0.995491	0.601982	-0.797578	0.038552	0.793149	0.602829	0.086669
05247	13.744975	3.518792	5.547106	1.365425	-0.378092	0.142037	-0.088559	-0.020394	0.995862	0.612887	-0.789240	0.038340	0.785193	0.613746	0.082394
05248	12.176143	5.206123	6.409532	1.202518	-0.350945	0.113990	-0.085147	-0.019080	0.996186	0.622403	-0.781763	0.038226	0.778052	0.623284	0.078440
05249	11.014768	5.180815	4.661351	0.518908	-0.489213	0.236741	-0.079921	-0.017835	0.996642	0.626652	-0.778452	0.036321	0.775190	0.627450	0.073391
05250	10.155718	4.435142	1.969629	0.290685	-0.630924	0.366409	-0.072769	-0.016679	0.997209	0.629202	-0.776544	0.032926	0.773828	0.629842	0.067003
05251	10.278549	4.058683	0.982779	0.066780	-0.767209	0.432296	-0.064171	-0.015159	0.997824	0.630071	-0.776006	0.028731	0.773882	0.630543	0.059349
05252	10.589949	2.357012	0.166143	-0.185412	-0.801061	0.533025	-0.054646	-0.014214	0.998405	0.628970	-0.777078	0.023362	0.775506	0.629244	0.051404
05253	10.228035	0.762546	-0.235276	-0.308253	-0.792324	0.621887	-0.044653	-0.014025	0.998904	0.626967	-0.778859	0.017091	0.777765	0.627043	0.043571
05254	9.600648	-0.185315	-0.876535	-0.340124	-0.787717	0.665194	-0.034389	-0.014245	0.999307	0.624601	-0.780876	0.010363	0.780187	0.624524	0.035751
05255	9.530692	-0.749108	-1.651254	-0.370020	-0.791803	0.651635	-0.024205	-0.014353	0.999604	0.621986	-0.783019	0.003819	0.782654	0.621832	0.027880
05256	9.634570	-1.323220	-2.298076	-0.350445	-0.746541	0.602082	-0.014652	-0.014402	0.999789	0.619378	-0.785090	-0.002232	0.784956	0.619214	0.020424
05257	9.830174	-1.564029	-2.394691	-0.300887	-0.694084	0.538718	-0.005928	-0.014291	0.999880	0.617151	-0.786808	-0.007587	0.786823	0.617032	0.013484
05258	10.124953	-1.851213	-2.421114	-0.254600	-0.657824	0.484848	0.002205	-0.014017	0.999899	0.615177	-0.788291	-0.012408	0.788386	0.615143	0.006885
05259	10.332777	-1.728872	-2.580991	-0.139827	-0.629017	0.447827	0.009863	-0.013629	0.999858	0.614121	-0.789032	-0.016813	0.789150	0.614200	0.000588
05260	10.148583	-0.984339	-2.395121	-0.019450	-0.592320	0.434020	0.017167	-0.013377	0.999763	0.613933	-0.789076	-0.021100	0.789171	0.614150	-0.005334
05261	9.846029	-0.281812	-1.865067	0.008750	-0.565826	0.419046	0.024153	-0.013154	0.999622	0.613984	-0.788915	-0.025216	0.788949	0.614361	-0.010978
05262	9.811927	0.068608	-1.434604	-0.043654	-0.535679	0.404633	0.030827	-0.013017	0.999440	0.613553	-0.789113	-0.029202	0.789052	0.614110	-0.016340
05263	9.822064	-0.252928	-1.111707	-0.142611	-0.503535	0.394547	0.037169	-0.012985	0.999225	0.612366	-0.789883	-0.033043	0.789700	0.613120	-0.021408
05264	9.835968	-0.858959	-1.007614	-0.169141	-0.469230	0.372242	0.043118	-0.013013	0.998985	0.610906	-0.790854	-0.036670	0.790528	0.611867	-0.026150
05265	9.731551	-1.219358	-1.083491	-0.114192	-0.443598	0.364691	0.048802	-0.013128	0.998722	0.609908	-0.791451	-0.040206	0.790968	0.611091	-0.030618
05266	9.590863	-1.147313	-0.934241	-0.031275	-0.423449	0.356608	0.054291	-0.013324	0.998436	0.609503	-0.791578	-0.043705	0.790923	0.610923	-0.034855
05267	9.490989	-0.931432	-0.584196	0.029648	-0.409909	0.351102	0.059624	-0.013541	0.998129	0.609605	-0.791302	-0.047150	0.790460	0.611276	-0.038926
05268	9.441877	-0.663016	-0.075427	0.099031	-0.402900	0.335154	0.064816	-0.013688	0.997803	0.610206	-0.790633	-0.050484	0.789587	0.612137	-0.042893
05269	9.474574	-0.439531	0.300265	0.132794	-0.414330	0.329636	0.070051	-0.013699	0.997449	0.611096	-0.789729	-0.053763	0.788451	0.613304	-0.046950
05270	9.564705	-0.280345	0.636894	0.138718	-0.435217	0.335389	0.075496	-0.013635	0.997053	0.611972	-0.788814	-0.057125	0.787268	0.614481	-0.051208
05271	9.594429	-0.318595	0.790622	0.096822	-0.461215	0.346581	0.081198	-0.013476	0.996607	0.612527	-0.788126	-0.060563	0.786268	0.615366	-0.055740
05272	9.506579	-0.517472	0.671283	0.081146	-0.488553	0.357462	0.087192	-0.013245	0.996103	0.612891	-0.787561	-0.064121	0.785342	0.616094	-0.060551
05273	9.440023	-0.543019	0.849347	0.054475	-0.539541	0.376348	0.093685	-0.012829	0.995519	0.613043	-0.787132	-0.067835	0.784476	0.616651	-0.065877
05274	9.488146	-0.483684	0.835570	0.047580	-0.572544	0.380210	0.100469	-0.012250	0.994865	0.613075	-0.786774	-0.071601	0.783610	0.617120	-0.071536
05275	9.509936	-0.624317	0.514701	0.000511	-0.597557	0.395260	0.107522	-0.011619	0.994135	0.612731	-0.786680	-0.075465	0.782943	0.617251	-0.077466
05276	9.587035	-0.547352	0.075641	-0.030600	-0.615180	0.404199	0.114777	-0.010963	0.993331	0.612071	-0.786806	-0.079407	0.782429	0.617103	-0.083597
05277	9.511325	-0.802242	-0.634933	-0.073925	-0.623209	0.413234	0.122128	-0.010319	0.992461	0.611067	-0.787176	-0.083379	0.782101	0.616643	-0.089830
05278	9.667145	-0.839174	-1.274209	-0.108201	-0.609243	0.407713	0.129346	-0.009735	0.991552	0.609737	-0.787784	-0.087274	0.781978	0.615875	-0.095960
05279	9.693072	-1.291634	-2.100082	-0.134482	-0.597245	0.401898	0.136412	-0.009175	0.990610	0.608216	-0.788532	-0.091058	0.781963	0.614926	-0.101985
05280	9.771539	-1.287951	-2.531282	-0.131046	-0.578727	0.400059	0.143333	-0.008736	0.989636	0.606662	-0.789283	-0.094832	0.781932	0.613967	-0.107830
05281	9.834282	-1.524622	-2.853020	-0.169982	-0.555817	0.393633	0.150014	-0.008382	0.988648	0.604819	-0.790252	-0.098473	0.782106	0.612725	-0.113479
05282	9.784724	-1.814829	-3.001388	-0.164756	-0.541233	0.387078	0.156550	-0.008091	0.987637	0.602968	-0.791211	-0.102058	0.782254	0.611490	-0.118986
05283	9.785498	-1.967931	-3.079306	-0.121757	-0.527562	0.379973	0.162919	-0.007821	0.986609	0.601470	-0.791886	-0.105598	0.782107	0.610619	-0.124309
05284	9.858580	-2.094663	-2.883751	-0.089650	-0.511536	0.357196	0.169030	-0.007489	0.985582	0.600208	-0.792388	-0.108958	0.781780	0.609971	-0.129442
05285	9.959643	-2.368878	-2.688883	-0.030210	-0.462458	0.315386	0.174492	-0.007116	0.984633	0.599486	-0.792515	-0.111966	0.781133	0.609811	-0.134022
05286	9.899765	-2.061441	-2.393842	0.122774	-0.424237	0.270144	0.179388	-0.006627	0.983756	0.599998	-0.791730	-0.114744	0.779629	0.610836	-0.138051
05287	9.789247	-1.431450	-1.931887	0.162635	-0.397226	0.231462	0.183831	-0.005982	0.982940	0.600894	-0.790691	-0.117192	0.777903	0.612186	-0.141759
05288	9.705230	-1.309578	-1.509898	0.164015	-0.365567	0.190759	0.187784	-0.005209	0.982197	0.601847	-0.789658	-0.119254	0.776220	0.613526	-0.145150
05289	9.534539	-1.391372	-1.012784	0.163481	-0.366722	0.165751	0.191586	-0.004217	0.981467	0.602848	-0.788617	-0.121067	0.774512	0.614870	-0.148546
05290	9.430981	-1.505468	-0.603218	0.174385	-0.384289	0.153895	0.195452	-0.003025	0.980709	0.603932	-0.787520	-0.122791	0.772699	0.616281	-0.152096
05291	9.512393	-1.526267	-0.324146	0.201831	-0.398545	0.152207	0.199408	-0.001718	0.979915	0.605234	-0.786245	-0.124541	0.770668	0.617912	-0.155744
05292	9.384945	-1.319677	-0.183317	0.192595	-0.426309	0.160219	0.203625	-0.000300	0.979049	0.606427	-0.785034	-0.126367	0.768625	0.619453	-0.159670
