// General information: 
//  MT Manager version: 2022.2.0 
//  XDA version: 2022.2.0 build 7381 rev 124627 built on 2023-07-19
// Device information: 
//  DeviceId: 00B4CBA7
//  ProductCode: MTW2-3A7G6
//  Firmware Version: 4.6.0
//  Hardware Version: 2.0.0
// Device settings: 
//  Filter Profile: human(46.1)
//  Option Flags: Orientation Smoother Disabled, Position/Velocity Smoother Disabled, Continuous Zero Rotation Update Disabled, AHS Disabled, ICC Disabled
// Coordinate system: ENU
PacketCounter	Acc_X	Acc_Y	Acc_Z	Gyr_X	Gyr_Y	Gyr_Z	Mat[1][1]	Mat[2][1]	Mat[3][1]	Mat[1][2]	Mat[2][2]	Mat[3][2]	Mat[1][3]	Mat[2][3]	Mat[3][3]
14412	9.645894	-0.809804	-1.663041	0.071459	0.013117	0.021634	-0.149881	-0.048145	0.987531	-0.715217	0.694902	-0.074673	-0.682642	-0.717491	-0.138587
14413	9.638046	-0.776325	-1.492472	0.079208	0.016517	0.016498	-0.149860	-0.047928	0.987545	-0.715733	0.694344	-0.074914	-0.682106	-0.718045	-0.138357
14414	9.714273	-0.713279	-1.440784	0.050810	0.018657	0.012692	-0.149790	-0.047734	0.987565	-0.716048	0.694003	-0.075063	-0.681790	-0.718388	-0.138135
14415	9.654773	-0.689784	-1.404712	0.015700	0.017215	0.015949	-0.149760	-0.047515	0.987580	-0.716132	0.693901	-0.075211	-0.681709	-0.718501	-0.137946
14416	9.592793	-0.785183	-1.424392	0.030718	0.014982	0.010587	-0.149728	-0.047376	0.987592	-0.716367	0.693645	-0.075333	-0.681469	-0.718758	-0.137796
14417	9.618434	-0.772606	-1.335950	0.052942	0.017473	0.011549	-0.149664	-0.047186	0.987610	-0.716711	0.693272	-0.075489	-0.681121	-0.719129	-0.137577
14418	9.621707	-0.672316	-1.316960	0.062098	0.021773	0.011900	-0.149594	-0.046952	0.987632	-0.717063	0.692889	-0.075672	-0.680766	-0.719514	-0.137320
14419	9.703514	-0.577677	-1.278632	0.047505	0.024302	0.015807	-0.149515	-0.046683	0.987657	-0.717363	0.692557	-0.075862	-0.680467	-0.719851	-0.137037
14420	9.626393	-0.611225	-1.247760	0.030717	0.031454	0.019757	-0.149438	-0.046324	0.987685	-0.717494	0.692397	-0.076083	-0.680346	-0.720028	-0.136707
14421	9.652974	-0.613318	-1.321286	-0.006463	0.030393	0.019136	-0.149341	-0.045989	0.987716	-0.717422	0.692455	-0.076232	-0.680443	-0.719994	-0.136405
14422	9.722284	-0.714133	-1.473453	-0.064639	0.038057	0.019731	-0.149221	-0.045618	0.987751	-0.716976	0.692909	-0.076313	-0.680940	-0.719581	-0.136103
14423	9.653862	-0.993874	-1.610230	-0.011771	0.042505	0.021031	-0.149055	-0.045182	0.987796	-0.716865	0.693006	-0.076474	-0.681093	-0.719515	-0.135685
14424	9.634616	-1.001786	-1.495325	0.093857	0.051325	0.013825	-0.148793	-0.044731	0.987856	-0.717458	0.692364	-0.076714	-0.680525	-0.720160	-0.135111
14425	9.595272	-0.805413	-1.270028	0.101051	0.049150	0.012508	-0.148521	-0.044306	0.987916	-0.718128	0.691645	-0.076943	-0.679878	-0.720878	-0.134541
14426	9.716056	-0.685619	-1.285514	0.054286	0.053072	0.014466	-0.148258	-0.043828	0.987977	-0.718408	0.691331	-0.077137	-0.679639	-0.721207	-0.133982
14427	9.732761	-0.577527	-1.282030	0.051218	0.064077	0.025023	-0.147975	-0.043209	0.988047	-0.718720	0.690976	-0.077422	-0.679371	-0.721585	-0.133303
14428	9.710869	-0.494584	-1.221394	-0.036243	0.067217	0.021931	-0.147612	-0.042617	0.988127	-0.718492	0.691202	-0.077521	-0.679691	-0.721404	-0.132650
14429	9.705103	-0.660975	-1.419392	-0.122374	0.074735	0.023189	-0.147243	-0.041934	0.988211	-0.717626	0.692097	-0.077557	-0.680686	-0.720585	-0.131999
14430	9.716571	-0.772876	-1.486494	-0.096826	0.084649	0.031354	-0.146828	-0.041135	0.988306	-0.716896	0.692840	-0.077669	-0.681543	-0.719917	-0.131217
14431	9.672567	-0.754425	-1.627327	-0.109036	0.087068	0.027796	-0.146406	-0.040332	0.988402	-0.716112	0.693639	-0.077769	-0.682458	-0.719193	-0.130435
14432	9.667292	-0.959789	-1.652864	-0.065554	0.091389	0.022936	-0.145934	-0.039543	0.988504	-0.715632	0.694122	-0.077883	-0.683062	-0.718771	-0.129594
14433	9.642133	-1.018656	-1.434232	0.040082	0.107033	0.023705	-0.145346	-0.038625	0.988627	-0.715872	0.693846	-0.078138	-0.682937	-0.719087	-0.128498
14434	9.635200	-0.848210	-1.161446	0.076789	0.094734	0.015649	-0.144747	-0.037852	0.988744	-0.716326	0.693356	-0.078322	-0.682587	-0.719600	-0.127476
14435	9.649510	-0.688655	-1.037987	0.065911	0.091952	0.014930	-0.144199	-0.037103	0.988853	-0.716754	0.692891	-0.078522	-0.682254	-0.720087	-0.126508
14436	9.576521	-0.503088	-0.805640	0.044323	0.085604	0.018321	-0.143699	-0.036346	0.988954	-0.716892	0.692727	-0.078708	-0.682214	-0.720283	-0.125600
14437	9.594455	-0.411340	-0.838960	-0.040993	0.072064	0.019419	-0.143319	-0.035709	0.989032	-0.716585	0.693033	-0.078817	-0.682617	-0.720021	-0.124913
14438	9.635561	-0.594586	-1.013235	-0.096640	0.066765	0.021666	-0.142932	-0.035140	0.989108	-0.715987	0.693650	-0.078821	-0.683325	-0.719455	-0.124304
14439	9.638158	-0.876369	-1.038400	-0.110007	0.054529	0.016964	-0.142653	-0.034646	0.989166	-0.715211	0.694450	-0.078821	-0.684196	-0.718706	-0.123845
14440	9.610944	-1.146539	-1.270470	0.022477	0.048647	0.008643	-0.142316	-0.034245	0.989229	-0.715301	0.694352	-0.078870	-0.684172	-0.718820	-0.123313
14441	9.476163	-0.801593	-0.790538	0.113199	0.033579	0.006464	-0.142105	-0.033975	0.989268	-0.716066	0.693543	-0.079042	-0.683415	-0.719613	-0.122884
14442	9.597706	-0.623845	-0.940215	-0.026308	0.011373	0.001389	-0.142019	-0.033910	0.989283	-0.715904	0.693716	-0.078995	-0.683602	-0.719450	-0.122797
14443	9.569091	-0.723570	-1.003899	0.018273	0.015508	0.008466	-0.141946	-0.033756	0.989299	-0.716017	0.693590	-0.079070	-0.683499	-0.719578	-0.122622
14444	9.526928	-0.772633	-0.735870	0.043364	0.012024	0.007947	-0.141894	-0.033624	0.989311	-0.716251	0.693338	-0.079165	-0.683265	-0.719828	-0.122464
14445	9.590248	-0.696820	-0.752299	-0.046343	-0.011324	0.005896	-0.141986	-0.033681	0.989295	-0.715926	0.693677	-0.079135	-0.683586	-0.719498	-0.122606
14446	9.700987	-0.751268	-1.050692	-0.054974	-0.022196	0.006229	-0.142157	-0.033809	0.989267	-0.715511	0.694109	-0.079097	-0.683985	-0.719075	-0.122863
14447	9.695415	-0.726124	-1.172077	-0.007612	-0.017124	0.009465	-0.142315	-0.033882	0.989241	-0.715445	0.694171	-0.079150	-0.684021	-0.719012	-0.123032
14448	9.650414	-0.726954	-1.237038	-0.002695	-0.023437	0.011693	-0.142535	-0.033974	0.989207	-0.715362	0.694247	-0.079233	-0.684062	-0.718934	-0.123258
14449	9.659485	-0.784817	-1.321908	-0.002695	-0.023436	0.011692	-0.142752	-0.034078	0.989172	-0.715327	0.694274	-0.079313	-0.684054	-0.718903	-0.123486
14450	9.638688	-0.772277	-1.300113	0.039256	-0.024520	0.018693	-0.143040	-0.034131	0.989128	-0.715540	0.694030	-0.079527	-0.683770	-0.719137	-0.123696
14451	9.701974	-0.734934	-1.271348	0.039404	-0.019218	0.016324	-0.143261	-0.034172	0.989095	-0.715786	0.693756	-0.079706	-0.683466	-0.719399	-0.123848
14452	9.636829	-0.759356	-1.264862	0.014798	-0.018873	0.016511	-0.143513	-0.034217	0.989057	-0.715848	0.693673	-0.079872	-0.683349	-0.719477	-0.124045
14453	9.599573	-0.857493	-1.240400	0.036916	-0.019117	0.013890	-0.143715	-0.034274	0.989025	-0.716080	0.693416	-0.080024	-0.683063	-0.719722	-0.124197
14454	9.624421	-0.825324	-1.240497	0.053241	-0.013614	0.011929	-0.143826	-0.034312	0.989008	-0.716412	0.693059	-0.080139	-0.682691	-0.720064	-0.124261
14455	9.656541	-0.815822	-1.245565	0.035164	-0.014189	0.012472	-0.143985	-0.034344	0.988984	-0.716634	0.692814	-0.080275	-0.682425	-0.720298	-0.124367
14456	9.756843	-0.872343	-1.327580	0.066393	-0.012764	0.016348	-0.144182	-0.034319	0.988956	-0.716979	0.692431	-0.080501	-0.682021	-0.720668	-0.124442
14457	9.766354	-0.778145	-1.277543	0.039133	0.004934	0.018440	-0.144254	-0.034172	0.988951	-0.717220	0.692159	-0.080701	-0.681753	-0.720936	-0.124355
14458	9.646859	-0.672019	-1.343301	-0.021119	0.010527	0.020915	-0.144257	-0.033941	0.988958	-0.716948	0.692426	-0.080816	-0.682038	-0.720690	-0.124222
14459	9.764765	-0.788146	-1.596283	-0.056905	0.026092	0.019882	-0.144195	-0.033631	0.988978	-0.716531	0.692847	-0.080910	-0.682489	-0.720300	-0.124003
14460	9.824820	-0.778615	-1.673624	-0.051229	0.043729	0.026171	-0.144037	-0.033160	0.989017	-0.716130	0.693245	-0.081051	-0.682943	-0.719939	-0.123600
14461	9.744733	-0.893579	-1.744575	-0.024858	0.054064	0.021728	-0.143795	-0.032637	0.989069	-0.715929	0.693435	-0.081204	-0.683205	-0.719780	-0.123078
14462	9.732468	-0.903702	-1.720021	-0.002330	0.067085	0.018098	-0.143465	-0.032044	0.989136	-0.715861	0.693486	-0.081363	-0.683345	-0.719757	-0.122430
14463	9.696414	-1.001966	-1.686789	0.022044	0.077869	0.019623	-0.143046	-0.031364	0.989219	-0.715984	0.693337	-0.081552	-0.683305	-0.719930	-0.121635
14464	9.610141	-0.978347	-1.569067	0.089434	0.086457	0.015294	-0.142538	-0.030682	0.989314	-0.716614	0.692661	-0.081766	-0.682750	-0.720610	-0.120718
14465	9.555320	-0.809103	-1.236412	0.113608	0.088373	0.000646	-0.141912	-0.030057	0.989423	-0.717388	0.691846	-0.081877	-0.682067	-0.721419	-0.119743
14466	9.602081	-0.710493	-1.023421	0.101507	0.083941	-0.000773	-0.141307	-0.029482	0.989527	-0.718068	0.691132	-0.081950	-0.681477	-0.722127	-0.118832
14467	9.644911	-0.639919	-0.921964	0.036857	0.079737	-0.001464	-0.140726	-0.028933	0.989626	-0.718321	0.690869	-0.081948	-0.681331	-0.722401	-0.118006
14468	9.667275	-0.708398	-0.929528	-0.024977	0.076542	0.003814	-0.140212	-0.028374	0.989715	-0.718113	0.691087	-0.081922	-0.681655	-0.722214	-0.117274
14469	9.640444	-0.861770	-0.978606	-0.021669	0.070887	0.000742	-0.139706	-0.027873	0.989801	-0.717964	0.691248	-0.081872	-0.681916	-0.722080	-0.116583
14470	9.533911	-0.837977	-0.878440	0.012804	0.060510	-0.000956	-0.139246	-0.027440	0.989878	-0.717951	0.691266	-0.081832	-0.682024	-0.722079	-0.115957
14471	9.576269	-0.730324	-0.827136	0.021590	0.048067	0.001622	-0.138903	-0.027097	0.989935	-0.718096	0.691115	-0.081842	-0.681942	-0.722237	-0.115456
14472	9.613921	-0.634585	-0.849179	-0.001189	0.036620	0.005366	-0.138674	-0.026858	0.989974	-0.718186	0.691020	-0.081856	-0.681893	-0.722337	-0.115116
14473	9.654055	-0.609802	-0.902059	-0.019107	0.031778	0.001944	-0.138444	-0.026631	0.990012	-0.718053	0.691163	-0.081821	-0.682080	-0.722208	-0.114810
14474	9.737939	-0.657944	-0.798106	-0.109644	0.023642	0.006650	-0.138291	-0.026425	0.990039	-0.717260	0.691997	-0.081719	-0.682945	-0.721417	-0.114651
14475	9.657850	-1.051320	-1.380146	-0.012016	0.030389	0.005722	-0.138098	-0.026182	0.990073	-0.717170	0.692089	-0.081730	-0.683079	-0.721337	-0.114353
14476	9.454590	-0.835929	-0.754993	0.096267	0.028488	0.005342	-0.137906	-0.025972	0.990105	-0.717839	0.691381	-0.081848	-0.682414	-0.722023	-0.113989
14477	9.557212	-0.681307	-0.834250	-0.036391	0.000447	0.001084	-0.137883	-0.025977	0.990108	-0.717589	0.691648	-0.081786	-0.682682	-0.721767	-0.114008
14478	9.677578	-0.759858	-1.135042	-0.034085	-0.004945	0.005905	-0.137917	-0.026025	0.990102	-0.717438	0.691808	-0.081751	-0.682833	-0.721612	-0.114083
14479	9.629894	-0.836199	-0.979496	0.039922	0.005403	0.005916	-0.137895	-0.025961	0.990107	-0.717702	0.691526	-0.081824	-0.682560	-0.721885	-0.113990
14480	9.672590	-0.819679	-0.877493	0.004696	-0.008182	0.003539	-0.137932	-0.026003	0.990100	-0.717676	0.691554	-0.081818	-0.682581	-0.721856	-0.114050
14481	9.853844	-0.788130	-1.117749	-0.034492	-0.008663	0.008456	-0.138025	-0.026024	0.990087	-0.717428	0.691810	-0.081831	-0.682822	-0.721611	-0.114157
14482	9.829485	-0.675867	-1.308198	-0.038250	0.006302	0.014475	-0.138054	-0.025907	0.990086	-0.717173	0.692067	-0.081891	-0.683084	-0.721368	-0.114123
14483	9.659671	-0.772625	-1.471656	-0.069331	0.013739	0.016785	-0.138053	-0.025708	0.990091	-0.716675	0.692576	-0.081947	-0.683606	-0.720887	-0.114037
14484	9.667556	-0.949534	-1.608133	-0.055673	0.017468	0.013727	-0.138026	-0.025527	0.990100	-0.716327	0.692931	-0.081995	-0.683977	-0.720552	-0.113928
14485	9.711622	-0.987609	-1.495506	0.015511	0.030284	0.016490	-0.137910	-0.025210	0.990124	-0.716410	0.692827	-0.082145	-0.683914	-0.720663	-0.113609
14486	9.650877	-0.846324	-1.279883	0.025205	0.037453	0.009394	-0.137687	-0.024910	0.990163	-0.716571	0.692652	-0.082217	-0.683790	-0.720842	-0.113219
14487	9.645644	-0.778681	-1.121483	0.003159	0.040349	0.005795	-0.137425	-0.024595	0.990207	-0.716584	0.692635	-0.082246	-0.683829	-0.720869	-0.112810
14488	9.664451	-0.850504	-1.008250	0.023824	0.040059	0.012621	-0.137215	-0.024235	0.990245	-0.716704	0.692496	-0.082364	-0.683745	-0.721014	-0.112390
14489	9.650710	-0.706351	-0.853209	0.015964	0.040071	0.006734	-0.136962	-0.023915	0.990288	-0.716804	0.692387	-0.082417	-0.683691	-0.721130	-0.111973
14490	9.677266	-0.727303	-0.839993	-0.015708	0.028918	0.012422	-0.136796	-0.023626	0.990317	-0.716603	0.692589	-0.082464	-0.683934	-0.720946	-0.111674
14491	9.634092	-0.818912	-0.845008	0.004517	0.028262	0.010876	-0.136653	-0.023363	0.990343	-0.716619	0.692563	-0.082545	-0.683947	-0.720979	-0.111383
14492	9.590074	-0.757221	-0.717944	0.058645	0.017728	0.014166	-0.136620	-0.023157	0.990353	-0.716981	0.692167	-0.082724	-0.683574	-0.721366	-0.111167
14493	9.637057	-0.565967	-0.692597	0.000513	0.003062	0.012106	-0.136659	-0.023068	0.990350	-0.716967	0.692170	-0.082812	-0.683580	-0.721365	-0.111130
14494	9.684960	-0.590785	-0.988617	-0.089700	0.005625	0.011878	-0.136647	-0.022945	0.990354	-0.716273	0.692894	-0.082776	-0.684311	-0.720675	-0.111117
14495	9.693055	-0.830244	-1.314212	-0.077910	0.005536	0.010884	-0.136659	-0.022846	0.990355	-0.715724	0.693462	-0.082766	-0.684882	-0.720131	-0.111120
14496	9.731542	-1.015341	-1.369644	-0.034783	0.005972	0.008976	-0.136646	-0.022758	0.990359	-0.715444	0.693750	-0.082772	-0.685177	-0.719856	-0.111080
14497	9.676295	-1.131825	-1.396855	0.013586	0.010677	0.004589	-0.136578	-0.022665	0.990370	-0.715530	0.693657	-0.082801	-0.685101	-0.719948	-0.110956
14498	9.618937	-1.077994	-1.251789	0.104556	0.012842	-0.003983	-0.136443	-0.022639	0.990389	-0.716295	0.692862	-0.082844	-0.684328	-0.720715	-0.110753
14499	9.605689	-0.797274	-1.004675	0.133520	0.012749	-0.002521	-0.136310	-0.022581	0.990409	-0.717211	0.691903	-0.082935	-0.683394	-0.721637	-0.110509
14500	9.700991	-0.593907	-0.843313	0.055970	0.006296	0.001668	-0.136227	-0.022559	0.990421	-0.717633	0.691463	-0.082957	-0.682968	-0.722059	-0.110385
14501	9.683416	-0.614272	-0.896175	-0.009602	0.005028	0.002493	-0.136183	-0.022522	0.990428	-0.717563	0.691538	-0.082939	-0.683050	-0.721989	-0.110336
14502	9.634360	-0.826977	-0.834020	-0.015211	0.003170	0.010146	-0.136259	-0.022412	0.990420	-0.717305	0.691794	-0.083030	-0.683306	-0.721747	-0.110339
14503	9.631079	-0.893175	-0.897700	0.014088	-0.005497	0.003839	-0.136297	-0.022441	0.990414	-0.717396	0.691698	-0.083052	-0.683203	-0.721838	-0.110375
14504	9.630459	-0.802942	-0.954276	-0.002815	-0.010510	0.002320	-0.136368	-0.022526	0.990402	-0.717390	0.691704	-0.083044	-0.683195	-0.721829	-0.110486
14505	9.724078	-0.744969	-1.085653	0.004683	-0.008189	0.003550	-0.136422	-0.022577	0.990394	-0.717417	0.691676	-0.083053	-0.683156	-0.721855	-0.110557
14506	9.750742	-0.728715	-1.123685	-0.033089	-0.005096	0.007794	-0.136469	-0.022588	0.990387	-0.717189	0.691913	-0.083044	-0.683385	-0.721628	-0.110625
14507	9.673976	-0.839387	-1.324898	-0.088189	0.002206	0.003644	-0.136453	-0.022563	0.990390	-0.716581	0.692554	-0.082950	-0.684027	-0.721013	-0.110669
14508	9.642182	-1.003745	-1.453835	-0.024280	0.001507	0.003588	-0.136470	-0.022545	0.990388	-0.716379	0.692764	-0.082943	-0.684235	-0.720812	-0.110692
14509	9.654935	-0.969753	-1.236415	0.062544	0.011477	0.004683	-0.136398	-0.022446	0.990400	-0.716800	0.692319	-0.083027	-0.683808	-0.721243	-0.110520
14510	9.604978	-0.838335	-0.956109	0.036776	0.006670	-0.004675	-0.136280	-0.022463	0.990416	-0.717090	0.692024	-0.082975	-0.683528	-0.721525	-0.110418
14511	9.617474	-0.775947	-0.982542	0.046135	0.003225	-0.007002	-0.136181	-0.022505	0.990428	-0.717414	0.691694	-0.082925	-0.683207	-0.721840	-0.110341
14512	9.648803	-0.647435	-0.806352	0.034581	0.001747	-0.006183	-0.136085	-0.022549	0.990441	-0.717638	0.691469	-0.082860	-0.682991	-0.722054	-0.110280
14513	9.668419	-0.607720	-0.838570	-0.049644	0.000495	0.001507	-0.136065	-0.022551	0.990443	-0.717296	0.691832	-0.082788	-0.683354	-0.721706	-0.110310
14514	9.666907	-0.880642	-1.026351	-0.055412	-0.006753	0.001715	-0.136091	-0.022581	0.990439	-0.716811	0.692345	-0.082708	-0.683858	-0.721213	-0.110409
14515	9.665824	-0.954120	-0.932944	0.007840	-0.009589	0.004381	-0.136161	-0.022637	0.990428	-0.716858	0.692294	-0.082728	-0.683795	-0.721261	-0.110490
14516	9.621036	-0.800517	-0.865468	0.020520	-0.018712	-0.001003	-0.136255	-0.022814	0.990411	-0.717050	0.692097	-0.082705	-0.683574	-0.721443	-0.110661
14517	9.625056	-0.661449	-0.898352	-0.015919	-0.024359	-0.002593	-0.136375	-0.023024	0.990390	-0.716944	0.692216	-0.082630	-0.683661	-0.721323	-0.110908
14518	9.655515	-0.732662	-1.006963	-0.025533	-0.028908	-0.001607	-0.136552	-0.023296	0.990359	-0.716883	0.692288	-0.082560	-0.683690	-0.721246	-0.111234
14519	9.675767	-0.746924	-1.033765	-0.013144	-0.032916	0.001891	-0.136763	-0.023537	0.990324	-0.716790	0.692387	-0.082532	-0.683745	-0.721142	-0.111564
14520	9.651517	-0.797884	-1.077314	-0.038929	-0.037636	0.002372	-0.137020	-0.023781	0.990283	-0.716399	0.692797	-0.082487	-0.684103	-0.720740	-0.111964
14521	9.746232	-0.883940	-1.147449	-0.007360	-0.038682	0.001267	-0.137266	-0.024067	0.990242	-0.716347	0.692855	-0.082460	-0.684109	-0.720675	-0.112346
14522	9.748721	-0.855984	-1.040154	0.031462	-0.035745	0.011376	-0.137576	-0.024247	0.990194	-0.716470	0.692713	-0.082583	-0.683918	-0.720806	-0.112673
14523	9.613895	-0.722267	-1.015770	-0.015229	-0.038579	0.005215	-0.137850	-0.024505	0.990150	-0.716358	0.692828	-0.082586	-0.683980	-0.720686	-0.113061
14524	9.617566	-0.773948	-1.135684	-0.039350	-0.041341	0.004939	-0.138120	-0.024790	0.990105	-0.716072	0.693130	-0.082538	-0.684226	-0.720386	-0.113486
14525	9.697760	-0.814655	-1.195950	-0.028966	-0.035398	0.006054	-0.138378	-0.025019	0.990063	-0.715864	0.693345	-0.082533	-0.684390	-0.720172	-0.113854
14526	9.650164	-0.817320	-1.138161	-0.029156	-0.027680	0.008844	-0.138590	-0.025159	0.990030	-0.715590	0.693626	-0.082545	-0.684634	-0.719896	-0.114133
14527	9.586107	-0.856927	-1.172481	-0.004694	-0.036904	0.002420	-0.138832	-0.025424	0.989989	-0.715554	0.693665	-0.082532	-0.684622	-0.719849	-0.114496
14528	9.699635	-0.787280	-1.095155	0.028663	-0.036759	0.005329	-0.139053	-0.025703	0.989951	-0.715867	0.693340	-0.082552	-0.684251	-0.720152	-0.114811
14529	9.709198	-0.654649	-1.095551	-0.001244	-0.033746	0.005702	-0.139298	-0.025923	0.989911	-0.715850	0.693355	-0.082575	-0.684219	-0.720130	-0.115140
14530	9.637948	-0.671690	-1.124755	-0.018548	-0.032888	0.008280	-0.139545	-0.026147	0.989871	-0.715798	0.693406	-0.082592	-0.684222	-0.720073	-0.115477
14531	9.654107	-0.788774	-1.168445	-0.041692	-0.032390	0.008869	-0.139802	-0.026335	0.989829	-0.715500	0.693713	-0.082600	-0.684482	-0.719770	-0.115825
14532	9.643914	-0.885559	-1.221848	-0.046792	-0.027916	0.007888	-0.140034	-0.026498	0.989792	-0.715144	0.694080	-0.082596	-0.684807	-0.719410	-0.116144
14533	9.621406	-1.044706	-1.247938	-0.005093	-0.031042	0.006473	-0.140265	-0.026693	0.989754	-0.715099	0.694123	-0.082622	-0.684806	-0.719361	-0.116449
14534	9.576412	-0.965405	-1.087018	0.064540	-0.030677	0.003399	-0.140444	-0.026930	0.989722	-0.715622	0.693578	-0.082676	-0.684223	-0.719878	-0.116681
14535	9.679598	-0.901515	-1.115320	0.043534	-0.044472	-0.007362	-0.140668	-0.027318	0.989680	-0.715929	0.693267	-0.082622	-0.683855	-0.720163	-0.117078
14536	9.651930	-0.710545	-0.957717	0.081588	-0.043026	-0.009283	-0.140892	-0.027737	0.989636	-0.716558	0.692620	-0.082602	-0.683150	-0.720770	-0.117459
14537	9.640824	-0.636176	-0.840899	0.041691	-0.051704	-0.004204	-0.141187	-0.028155	0.989582	-0.716848	0.692322	-0.082578	-0.682785	-0.721039	-0.117930
14538	9.663122	-0.684690	-0.947028	-0.032074	-0.053939	-0.002722	-0.141504	-0.028591	0.989525	-0.716659	0.692530	-0.082474	-0.682917	-0.720823	-0.118485
14539	9.656141	-0.832354	-1.118292	-0.012745	-0.055163	-0.001455	-0.141843	-0.029015	0.989464	-0.716574	0.692625	-0.082413	-0.682937	-0.720714	-0.119035
14540	9.639880	-0.879867	-0.933198	0.020615	-0.055012	0.001373	-0.142199	-0.029436	0.989400	-0.716762	0.692430	-0.082415	-0.682665	-0.720884	-0.119561
14541	9.651526	-0.781092	-1.013514	-0.031403	-0.064700	0.003985	-0.142642	-0.029891	0.989323	-0.716542	0.692662	-0.082385	-0.682804	-0.720643	-0.120221
14542	9.800055	-0.660791	-1.115123	-0.062163	-0.052676	0.008848	-0.143066	-0.030220	0.989252	-0.716059	0.693162	-0.082382	-0.683222	-0.720148	-0.120807
14543	9.749637	-0.463731	-1.131686	-0.199322	-0.041675	0.004776	-0.143358	-0.030503	0.989201	-0.714688	0.694601	-0.082156	-0.684594	-0.718748	-0.121377
14544	9.742485	-0.764676	-1.881841	-0.273589	-0.044057	0.007772	-0.143677	-0.030793	0.989145	-0.712828	0.696546	-0.081857	-0.686465	-0.716851	-0.122028
14545	9.699345	-0.943115	-1.838888	-0.144669	-0.013634	0.012437	-0.143832	-0.030821	0.989122	-0.711815	0.697590	-0.081771	-0.687482	-0.715834	-0.122275
14546	9.736595	-0.956693	-1.726039	-0.113954	-0.009203	0.006879	-0.143905	-0.030857	0.989110	-0.711004	0.698431	-0.081655	-0.688306	-0.715012	-0.122447
14547	9.671544	-0.940249	-1.766403	-0.107337	0.002052	0.002694	-0.143883	-0.030840	0.989114	-0.710260	0.699203	-0.081518	-0.689078	-0.714257	-0.122508
14548	9.619967	-1.027051	-1.683436	-0.049473	0.015461	0.000980	-0.143750	-0.030742	0.989136	-0.709896	0.699584	-0.081426	-0.689481	-0.713889	-0.122389
14549	9.603021	-1.005126	-1.460951	0.014822	0.025234	-0.004104	-0.143520	-0.030607	0.989174	-0.710004	0.699481	-0.081371	-0.689418	-0.713996	-0.122121
14550	9.596164	-0.850054	-1.233671	0.013801	0.025434	-0.006042	-0.143256	-0.030478	0.989216	-0.710075	0.699419	-0.081282	-0.689399	-0.714062	-0.121837
14551	9.557971	-0.929039	-1.167035	0.035390	0.022149	-0.010923	-0.142998	-0.030413	0.989256	-0.710334	0.699167	-0.081185	-0.689186	-0.714311	-0.121583
14552	9.541580	-0.791860	-0.763614	0.098766	0.012302	-0.006405	-0.142865	-0.030368	0.989276	-0.710915	0.698572	-0.081222	-0.688614	-0.714895	-0.121391
14553	9.584932	-0.568913	-0.535521	0.047326	-0.004727	-0.008092	-0.142813	-0.030474	0.989280	-0.711252	0.698236	-0.081168	-0.688277	-0.715219	-0.121392
14554	9.599155	-0.613916	-0.547043	0.003745	-0.018374	-0.005007	-0.142848	-0.030656	0.989270	-0.711282	0.698216	-0.081071	-0.688239	-0.715231	-0.121544
14555	9.665008	-0.571179	-0.643018	-0.044120	-0.029607	0.000333	-0.143027	-0.030882	0.989237	-0.710977	0.698536	-0.080989	-0.688516	-0.714909	-0.121866
14556	9.639563	-0.699810	-0.914306	-0.097397	-0.040892	0.002254	-0.143282	-0.031175	0.989191	-0.710296	0.699245	-0.080848	-0.689167	-0.714202	-0.122333
14557	9.635166	-0.896222	-1.202693	-0.046538	-0.049358	-0.000408	-0.143592	-0.031547	0.989134	-0.709975	0.699582	-0.080755	-0.689432	-0.713856	-0.122852
14558	9.722727	-0.901101	-1.402760	-0.016109	-0.046005	0.000310	-0.143884	-0.031891	0.989081	-0.709863	0.699701	-0.080705	-0.689487	-0.713724	-0.123314
14559	9.654094	-1.004762	-1.502217	0.030058	-0.046282	-0.005849	-0.144134	-0.032279	0.989032	-0.710078	0.699489	-0.080652	-0.689213	-0.713914	-0.123741
14560	9.584517	-0.885524	-1.436477	0.096317	-0.042994	-0.009765	-0.144382	-0.032661	0.988983	-0.710684	0.698870	-0.080673	-0.688536	-0.714502	-0.124115
14561	9.695072	-0.784841	-1.158346	0.037877	-0.053335	-0.027295	-0.144527	-0.033249	0.988942	-0.710984	0.698595	-0.080418	-0.688196	-0.714744	-0.124606
14562	9.822314	-1.045584	-1.889349	0.102813	-0.008412	-0.016773	-0.144406	-0.033429	0.988954	-0.711677	0.697900	-0.080328	-0.687505	-0.715415	-0.124572
14563	9.459600	-0.539222	-0.610293	0.220138	0.014402	-0.013984	-0.144180	-0.033440	0.988986	-0.713208	0.696322	-0.080431	-0.685964	-0.716950	-0.124246
14564	9.453417	-0.532966	-0.644248	-0.096357	-0.031659	-0.003880	-0.144347	-0.033752	0.988951	-0.712677	0.696889	-0.080238	-0.686481	-0.716385	-0.124649
14565	9.677362	-0.855913	-1.208943	-0.065498	-0.040976	-0.005109	-0.144565	-0.034098	0.988908	-0.712234	0.697360	-0.080073	-0.686894	-0.715909	-0.125100
14566	9.760719	-0.680509	-0.948629	0.012646	-0.035077	-0.006429	-0.144794	-0.034417	0.988863	-0.712291	0.697308	-0.080027	-0.686787	-0.715945	-0.125481
14567	9.661918	-0.658932	-0.948948	-0.087223	-0.049926	-0.005460	-0.145071	-0.034829	0.988808	-0.711699	0.697934	-0.079831	-0.687342	-0.715315	-0.126038
14568	9.708141	-0.709769	-1.453795	-0.092770	-0.058712	-0.005428	-0.145411	-0.035291	0.988742	-0.711022	0.698646	-0.079631	-0.687970	-0.714597	-0.126684
14569	9.757684	-0.603702	-1.504120	-0.053457	-0.052132	0.001901	-0.145756	-0.035667	0.988677	-0.710651	0.699033	-0.079550	-0.688280	-0.714200	-0.127235
14570	9.729129	-0.735334	-1.651606	-0.085999	-0.031746	0.004419	-0.146001	-0.035883	0.988633	-0.710044	0.699659	-0.079465	-0.688855	-0.713575	-0.127630
14571	9.617070	-0.965982	-1.710953	-0.043889	-0.031162	0.000245	-0.146191	-0.036120	0.988597	-0.709741	0.699976	-0.079379	-0.689127	-0.713252	-0.127966
14572	9.667564	-0.934862	-1.664613	-0.012382	-0.025369	-0.003265	-0.146359	-0.036345	0.988564	-0.709639	0.700086	-0.079324	-0.689197	-0.713133	-0.128256
14573	9.672385	-0.886200	-1.641397	-0.009096	-0.018033	-0.005899	-0.146414	-0.036532	0.988549	-0.709584	0.700153	-0.079222	-0.689241	-0.713058	-0.128435
14574	9.630604	-0.861044	-1.469909	0.023990	-0.009488	-0.005185	-0.146367	-0.036664	0.988551	-0.709807	0.699937	-0.079136	-0.689022	-0.713263	-0.128472
14575	9.619378	-0.754253	-1.271147	0.025216	-0.007823	-0.004516	-0.146361	-0.036768	0.988548	-0.709987	0.699759	-0.079092	-0.688837	-0.713432	-0.128522
14576	9.623236	-0.709390	-1.121853	-0.022594	-0.003449	-0.004634	-0.146335	-0.036854	0.988548	-0.709847	0.699914	-0.078986	-0.688987	-0.713276	-0.128583
14577	9.670686	-0.759561	-1.176168	-0.029240	-0.005172	-0.008707	-0.146282	-0.036969	0.988552	-0.709657	0.700123	-0.078830	-0.689194	-0.713065	-0.128651
14578	9.682884	-0.733490	-1.157064	0.004240	-0.011953	-0.003841	-0.146284	-0.037093	0.988547	-0.709683	0.700106	-0.078748	-0.689166	-0.713075	-0.128739
14579	9.680429	-0.625014	-1.174193	-0.030511	-0.009466	-0.003288	-0.146299	-0.037200	0.988541	-0.709477	0.700326	-0.078645	-0.689375	-0.712853	-0.128850
14580	9.664496	-0.731209	-1.298685	-0.035063	-0.015024	-0.002409	-0.146396	-0.037373	0.988520	-0.709303	0.700512	-0.078561	-0.689534	-0.712661	-0.129061
14581	9.620075	-0.804722	-1.268919	0.028737	-0.008133	-0.000168	-0.146424	-0.037449	0.988513	-0.709501	0.700311	-0.078564	-0.689324	-0.712855	-0.129112
14582	9.587567	-0.816074	-1.265320	0.026244	-0.008019	-0.002592	-0.146423	-0.037551	0.988509	-0.709717	0.700096	-0.078532	-0.689103	-0.713060	-0.129161
14583	9.560640	-0.816580	-1.189231	0.090045	-0.008028	-0.008020	-0.146394	-0.037681	0.988508	-0.710348	0.699455	-0.078537	-0.688458	-0.713683	-0.129163
14584	9.593814	-0.636040	-1.021508	0.064795	-0.016659	-0.012721	-0.146419	-0.037901	0.988496	-0.710758	0.699046	-0.078477	-0.688030	-0.714072	-0.129292
14585	9.654468	-0.657570	-1.181554	-0.022191	-0.025699	-0.008108	-0.146511	-0.038158	0.988473	-0.710616	0.699205	-0.078336	-0.688156	-0.713902	-0.129557
14586	9.673160	-0.860580	-1.295101	0.000524	-0.026485	-0.007406	-0.146649	-0.038455	0.988441	-0.710724	0.699105	-0.078247	-0.688015	-0.713984	-0.129854
14587	9.614907	-0.925527	-1.208555	0.057469	-0.023149	-0.008010	-0.146724	-0.038693	0.988420	-0.711131	0.698696	-0.078211	-0.687579	-0.714372	-0.130031
14588	9.669453	-0.735165	-1.276810	0.042669	-0.029320	-0.010541	-0.146804	-0.038988	0.988397	-0.711427	0.698405	-0.078117	-0.687256	-0.714640	-0.130265
14589	9.695445	-0.697270	-1.402630	0.026679	-0.027615	-0.012173	-0.146880	-0.039287	0.988374	-0.711627	0.698214	-0.078000	-0.687032	-0.714810	-0.130511
14590	9.701296	-0.645123	-1.503946	0.014726	-0.019825	-0.008247	-0.146903	-0.039497	0.988362	-0.711725	0.698127	-0.077887	-0.686926	-0.714884	-0.130668
14591	9.658390	-0.751770	-1.551863	-0.028131	-0.012271	-0.004554	-0.146928	-0.039633	0.988353	-0.711538	0.698330	-0.077774	-0.687114	-0.714678	-0.130804
14592	9.673757	-0.850630	-1.555466	0.003524	-0.007221	-0.003297	-0.146967	-0.039755	0.988342	-0.711613	0.698258	-0.077731	-0.687028	-0.714741	-0.130911
14593	9.632571	-0.825466	-1.382798	0.033672	0.001177	-0.003618	-0.146906	-0.039789	0.988350	-0.711850	0.698020	-0.077707	-0.686796	-0.714972	-0.130867
14594	9.590195	-0.746348	-1.217843	0.048271	-0.001418	-0.007482	-0.146794	-0.039896	0.988362	-0.712309	0.697559	-0.077636	-0.686344	-0.715416	-0.130816
14595	9.703600	-0.585150	-1.193432	-0.002298	0.001966	-0.003688	-0.146727	-0.039925	0.988371	-0.712298	0.697578	-0.077565	-0.686369	-0.715396	-0.130792
14596	9.706403	-0.672094	-1.262435	-0.049469	0.008432	-0.006456	-0.146628	-0.039941	0.988385	-0.711959	0.697940	-0.077417	-0.686742	-0.715041	-0.130774
14597	9.666379	-0.886707	-1.291744	-0.010888	0.010213	-0.000230	-0.146529	-0.039886	0.988402	-0.711884	0.698022	-0.077368	-0.686840	-0.714965	-0.130675
14598	9.631150	-0.830380	-1.131587	0.032522	0.005624	-0.001633	-0.146419	-0.039861	0.988419	-0.712075	0.697831	-0.077340	-0.686667	-0.715152	-0.130560
14599	9.581064	-0.691670	-1.008074	0.033040	-0.000961	-0.000902	-0.146392	-0.039891	0.988422	-0.712302	0.697598	-0.077343	-0.686436	-0.715378	-0.130537
14600	9.612167	-0.626783	-1.020700	0.015238	-0.006510	0.000606	-0.146411	-0.039925	0.988418	-0.712305	0.697597	-0.077333	-0.686429	-0.715378	-0.130574
14601	9.612076	-0.627073	-1.021375	-0.007076	-0.008078	0.004566	-0.146471	-0.039968	0.988407	-0.712249	0.697653	-0.077337	-0.686474	-0.715320	-0.130653
14602	9.696538	-0.561822	-1.187861	-0.043122	-0.013401	0.001850	-0.146542	-0.040066	0.988393	-0.711936	0.697981	-0.077260	-0.686784	-0.714994	-0.130808
14603	9.790992	-0.585906	-1.515003	-0.116215	-0.007375	0.003690	-0.146592	-0.040110	0.988383	-0.711132	0.698817	-0.077113	-0.687606	-0.714175	-0.130965
14604	9.722669	-0.912103	-1.774641	-0.103605	0.003462	0.006255	-0.146617	-0.040045	0.988382	-0.710326	0.699646	-0.077023	-0.688433	-0.713367	-0.131025
14605	9.683064	-1.164410	-1.757841	0.022872	0.011427	0.005992	-0.146554	-0.039938	0.988396	-0.710474	0.699489	-0.077081	-0.688294	-0.713526	-0.130888
14606	9.597869	-0.970885	-1.473233	0.093942	0.015330	0.001852	-0.146459	-0.039826	0.988415	-0.711043	0.698898	-0.077199	-0.687726	-0.714112	-0.130678
14607	9.623121	-0.714503	-1.305639	0.068567	0.016994	-0.006084	-0.146272	-0.039764	0.988445	-0.711523	0.698410	-0.077196	-0.687270	-0.714593	-0.130451
14608	9.679828	-0.615626	-1.314784	0.019892	0.020759	-0.003258	-0.146084	-0.039662	0.988477	-0.711660	0.698275	-0.077156	-0.687168	-0.714730	-0.130233
14609	9.708672	-0.706520	-1.333713	-0.006782	0.028472	0.000790	-0.145867	-0.039470	0.988517	-0.711611	0.698328	-0.077123	-0.687264	-0.714689	-0.129950
14610	9.652634	-0.805484	-1.319613	-0.001759	0.030884	-0.000458	-0.145614	-0.039285	0.988561	-0.711635	0.698309	-0.077072	-0.687293	-0.714718	-0.129640
14611	9.653091	-0.805140	-1.316480	0.017036	0.032754	-0.008761	-0.145299	-0.039129	0.988614	-0.711764	0.698188	-0.076976	-0.687226	-0.714845	-0.129296
14612	9.631469	-0.776956	-1.125974	0.046318	0.027612	-0.006642	-0.145050	-0.038978	0.988656	-0.712006	0.697945	-0.076944	-0.687028	-0.715090	-0.128989
14613	9.593696	-0.612595	-0.980391	0.049088	0.022498	-0.003309	-0.144844	-0.038857	0.988691	-0.712347	0.697597	-0.076943	-0.686718	-0.715436	-0.128723
14614	9.654958	-0.428458	-1.011579	-0.002937	0.012804	-0.000515	-0.144745	-0.038794	0.988708	-0.712327	0.697621	-0.076911	-0.686760	-0.715416	-0.128611
14615	9.702966	-0.459219	-1.149747	-0.079108	0.013338	0.002629	-0.144645	-0.038697	0.988727	-0.711779	0.698192	-0.076803	-0.687349	-0.714864	-0.128533
14616	9.666264	-0.741207	-1.334219	-0.089318	0.009291	0.000291	-0.144558	-0.038635	0.988742	-0.711109	0.698890	-0.076658	-0.688060	-0.714185	-0.128503
14617	9.692756	-0.967239	-1.449768	-0.031788	0.012178	0.003094	-0.144469	-0.038543	0.988758	-0.710885	0.699123	-0.076616	-0.688310	-0.713962	-0.128401
14618	9.618070	-0.879215	-1.365582	0.044277	0.008957	-0.003769	-0.144357	-0.038512	0.988776	-0.711128	0.698877	-0.076601	-0.688083	-0.714204	-0.128274
14619	9.620373	-0.743701	-1.269832	0.033988	0.005714	-0.001105	-0.144283	-0.038495	0.988787	-0.711363	0.698638	-0.076602	-0.687856	-0.714439	-0.128185
14620	9.659163	-0.738881	-1.239745	0.037941	0.005697	0.001808	-0.144209	-0.038465	0.988799	-0.711633	0.698361	-0.076619	-0.687592	-0.714711	-0.128083
14621	9.611275	-0.708618	-1.099534	0.062313	0.006880	0.001743	-0.144147	-0.038420	0.988810	-0.712058	0.697921	-0.076685	-0.687165	-0.715144	-0.127960
14622	9.641654	-0.627235	-1.072402	0.016732	0.003125	0.002670	-0.144134	-0.038419	0.988812	-0.712222	0.697751	-0.076707	-0.686997	-0.715310	-0.127932
14623	9.677779	-0.721149	-1.184539	-0.003997	-0.002606	0.003179	-0.144148	-0.038432	0.988810	-0.712189	0.697785	-0.076701	-0.687029	-0.715276	-0.127955
14624	9.634330	-0.812246	-1.192166	0.036121	-0.001542	0.004941	-0.144132	-0.038433	0.988812	-0.712464	0.697500	-0.076740	-0.686747	-0.715553	-0.127914
14625	9.636876	-0.656998	-1.183478	0.021879	-0.004771	0.004696	-0.144171	-0.038452	0.988805	-0.712606	0.697350	-0.076782	-0.686591	-0.715699	-0.127938
14626	9.640487	-0.762279	-1.291958	-0.008782	-0.006592	0.004250	-0.144209	-0.038492	0.988798	-0.712548	0.697411	-0.076771	-0.686643	-0.715637	-0.128001
14627	9.693813	-0.782869	-1.359370	0.025003	-0.002733	0.004405	-0.144232	-0.038498	0.988795	-0.712713	0.697238	-0.076815	-0.686468	-0.715806	-0.128002
14628	9.686639	-0.760868	-1.353934	0.000466	0.003776	0.007289	-0.144221	-0.038428	0.988799	-0.712657	0.697291	-0.076845	-0.686527	-0.715758	-0.127950
14629	9.681164	-0.772567	-1.425723	-0.000125	0.004253	0.003910	-0.144192	-0.038387	0.988805	-0.712650	0.697297	-0.076852	-0.686541	-0.715753	-0.127901
14630	9.700604	-0.770501	-1.410217	0.024755	0.011828	0.005040	-0.144098	-0.038281	0.988823	-0.712800	0.697140	-0.076885	-0.686405	-0.715912	-0.127743
14631	9.646141	-0.697117	-1.349850	0.004455	0.019366	0.004564	-0.143970	-0.038128	0.988847	-0.712824	0.697114	-0.076904	-0.686407	-0.715946	-0.127542
14632	9.643697	-0.853580	-1.356684	-0.003298	0.018636	0.003562	-0.143801	-0.037991	0.988877	-0.712815	0.697127	-0.076874	-0.686452	-0.715941	-0.127328
14633	9.641912	-0.782903	-1.324182	0.020680	0.022152	-0.001147	-0.143614	-0.037857	0.988909	-0.712958	0.696982	-0.076857	-0.686343	-0.716088	-0.127087
14634	9.653570	-0.740495	-1.263366	-0.008756	0.021999	-0.000937	-0.143479	-0.037734	0.988934	-0.712878	0.697067	-0.076830	-0.686454	-0.716013	-0.126914
14635	9.643729	-0.836707	-1.311518	0.023016	0.022809	-0.003545	-0.143270	-0.037612	0.988969	-0.713040	0.696905	-0.076793	-0.686329	-0.716177	-0.126664
14636	9.640568	-0.768884	-1.154139	0.035593	0.024094	-0.002517	-0.143042	-0.037508	0.989006	-0.713403	0.696536	-0.076766	-0.685999	-0.716541	-0.126392
14637	9.620623	-0.754553	-1.127802	0.017203	0.019017	-0.004414	-0.142853	-0.037419	0.989036	-0.713527	0.696415	-0.076712	-0.685910	-0.716663	-0.126185
14638	9.652086	-0.689417	-1.138182	0.039670	0.019831	-0.003508	-0.142702	-0.037319	0.989062	-0.713751	0.696186	-0.076712	-0.685708	-0.716891	-0.125983
14639	9.702880	-0.621509	-1.133972	0.002485	0.018938	-0.004319	-0.142514	-0.037230	0.989092	-0.713773	0.696171	-0.076640	-0.685724	-0.716910	-0.125788
14640	9.694549	-0.714643	-1.306942	-0.045793	0.020351	0.003056	-0.142350	-0.037097	0.989121	-0.713508	0.696451	-0.076565	-0.686034	-0.716645	-0.125608
14641	9.652583	-0.859110	-1.304367	0.022416	0.017238	0.000267	-0.142206	-0.036988	0.989146	-0.713661	0.696294	-0.076564	-0.685905	-0.716803	-0.125414
14642	9.677178	-0.808428	-1.262617	0.035082	0.017705	-0.003698	-0.142014	-0.036949	0.989175	-0.714059	0.695890	-0.076522	-0.685530	-0.717197	-0.125210
14643	9.671224	-0.802548	-1.294130	0.028207	0.017538	-0.007598	-0.141812	-0.036893	0.989206	-0.714263	0.695690	-0.076451	-0.685360	-0.717395	-0.125009
14644	9.622922	-0.734032	-1.200013	0.080539	0.018808	-0.008312	-0.141633	-0.036825	0.989234	-0.714739	0.695200	-0.076453	-0.684901	-0.717872	-0.124784
14645	9.732209	-0.560585	-0.886630	-0.007836	0.008679	-0.019127	-0.141410	-0.036912	0.989263	-0.714711	0.695254	-0.076222	-0.684975	-0.717816	-0.124697
14646	9.908031	-0.912600	-1.617850	-0.044033	0.044012	-0.000784	-0.141045	-0.036627	0.989325	-0.714452	0.695533	-0.076107	-0.685321	-0.717560	-0.124270
14647	9.431826	-0.566719	-0.806090	0.162911	0.068414	0.006903	-0.140599	-0.036105	0.989408	-0.715557	0.694370	-0.076345	-0.684258	-0.718712	-0.123463
14648	9.439145	-0.419703	-0.635115	-0.147791	0.032537	0.005930	-0.140429	-0.035866	0.989441	-0.714561	0.695410	-0.076208	-0.685334	-0.717717	-0.123284
14649	9.640594	-0.965020	-1.404901	-0.130999	0.012336	0.001642	-0.140329	-0.035783	0.989458	-0.713659	0.696355	-0.076031	-0.686293	-0.716805	-0.123255
14650	9.641254	-0.942008	-1.044305	0.057044	0.012131	-0.003912	-0.140220	-0.035732	0.989475	-0.713986	0.696019	-0.076045	-0.685976	-0.717134	-0.123108
14651	9.684320	-0.777398	-1.130242	-0.014141	-0.004060	-0.005272	-0.140183	-0.035814	0.989478	-0.713895	0.696122	-0.075944	-0.686078	-0.717029	-0.123152
14652	9.733521	-0.751273	-1.402553	-0.017265	-0.006100	-0.004987	-0.140110	-0.035933	0.989484	-0.713898	0.696134	-0.075807	-0.686090	-0.717012	-0.123188
14653	9.719153	-0.705435	-1.392517	0.018999	-0.002326	-0.002332	-0.140082	-0.035983	0.989486	-0.714031	0.696002	-0.075775	-0.685957	-0.717138	-0.123190
14654	9.636050	-0.747449	-1.437623	0.001182	0.005106	-0.000429	-0.140041	-0.035969	0.989492	-0.714009	0.696027	-0.075751	-0.685988	-0.717115	-0.123154
14655	9.577851	-0.849525	-1.301069	0.033258	0.010471	-0.000520	-0.139938	-0.035914	0.989509	-0.714237	0.695792	-0.075755	-0.685772	-0.717345	-0.123019
14656	9.599352	-0.784466	-1.097165	0.038355	0.002509	-0.008297	-0.139843	-0.035976	0.989520	-0.714499	0.695531	-0.075688	-0.685519	-0.717595	-0.122970
14657	9.686122	-0.602777	-1.081674	-0.006272	0.005407	-0.007718	-0.139723	-0.036008	0.989536	-0.714466	0.695577	-0.075572	-0.685577	-0.717548	-0.122915
14658	9.667895	-0.621515	-1.135272	-0.063113	-0.004876	-0.005075	-0.139704	-0.036077	0.989536	-0.713953	0.696120	-0.075417	-0.686115	-0.717018	-0.123008
14659	9.706827	-0.785235	-1.278049	-0.051700	0.000870	-0.002059	-0.139656	-0.036102	0.989542	-0.713601	0.696494	-0.075301	-0.686491	-0.716654	-0.123032
14660	9.595807	-0.883658	-1.114566	0.015396	-0.001210	-0.001695	-0.139622	-0.036137	0.989545	-0.713685	0.696411	-0.075267	-0.686411	-0.716732	-0.123025
14661	9.578363	-0.787154	-0.988343	0.055816	-0.012075	-0.006563	-0.139631	-0.036286	0.989538	-0.714076	0.696013	-0.075239	-0.686002	-0.717112	-0.123096
14662	9.649549	-0.543301	-0.925083	0.029986	-0.013358	-0.007043	-0.139710	-0.036430	0.989522	-0.714154	0.695937	-0.075209	-0.685905	-0.717178	-0.123247
14663	9.747012	-0.415701	-1.118901	-0.043127	-0.023004	0.000195	-0.139842	-0.036611	0.989497	-0.713857	0.696250	-0.075126	-0.686187	-0.716865	-0.123500
14664	9.781714	-0.645144	-1.327167	-0.074641	-0.015849	0.004115	-0.139981	-0.036714	0.989473	-0.713303	0.696825	-0.075056	-0.686734	-0.716301	-0.123730
14665	9.659264	-0.881960	-1.489708	-0.061671	-0.010831	0.002620	-0.140047	-0.036790	0.989461	-0.712875	0.697272	-0.074973	-0.687165	-0.715862	-0.123878
14666	9.649423	-1.015160	-1.494265	0.008073	-0.007720	0.003026	-0.140088	-0.036831	0.989454	-0.712879	0.697268	-0.074975	-0.687153	-0.715864	-0.123935
14667	9.571344	-0.913594	-1.249075	0.087298	-0.012294	-0.002881	-0.140125	-0.036956	0.989444	-0.713481	0.696646	-0.075023	-0.686520	-0.716462	-0.123985
14668	9.619769	-0.679452	-0.951268	0.107113	-0.016653	-0.002019	-0.140181	-0.037105	0.989430	-0.714205	0.695897	-0.075090	-0.685755	-0.717182	-0.124052
14669	9.701589	-0.319948	-0.924102	0.023881	-0.018194	-0.001655	-0.140267	-0.037264	0.989412	-0.714370	0.695730	-0.075071	-0.685566	-0.717337	-0.124208
14670	9.784659	-0.316937	-1.279157	-0.130723	-0.015263	0.000657	-0.140332	-0.037389	0.989398	-0.713483	0.696661	-0.074871	-0.686475	-0.716426	-0.124440
14671	9.832817	-0.743759	-1.630009	-0.167426	0.006757	0.010176	-0.140331	-0.037287	0.989402	-0.712318	0.697867	-0.074731	-0.687685	-0.715256	-0.124493
