// General information: 
//  MT Manager version: 2022.2.0 
//  XDA version: 2022.2.0 build 7381 rev 124627 built on 2023-07-19
// Device information: 
//  DeviceId: 00B4CAF0
//  ProductCode: MTW2-3A7G6
//  Firmware Version: 4.6.0
//  Hardware Version: 2.0.0
// Device settings: 
//  Filter Profile: human(46.1)
//  Option Flags: Orientation Smoother Disabled, Position/Velocity Smoother Disabled, Continuous Zero Rotation Update Disabled, AHS Disabled, ICC Disabled
// Coordinate system: ENU
PacketCounter	Acc_X	Acc_Y	Acc_Z	Gyr_X	Gyr_Y	Gyr_Z	Mat[1][1]	Mat[2][1]	Mat[3][1]	Mat[1][2]	Mat[2][2]	Mat[3][2]	Mat[1][3]	Mat[2][3]	Mat[3][3]
57996	7.276043	1.052449	7.450942	0.476486	-0.890534	-0.122034	-0.688575	-0.016098	0.724987	0.169964	-0.975488	0.139767	0.704966	0.219462	0.674432
57997	7.120280	1.060150	7.382790	0.490484	-0.931348	-0.094952	-0.682137	-0.013077	0.731108	0.172734	-0.974425	0.143735	0.710530	0.224334	0.666950
57998	7.057291	1.130969	7.303077	0.535736	-0.938468	-0.075071	-0.675637	-0.010226	0.737164	0.175975	-0.973238	0.147787	0.715924	0.229573	0.659355
57999	7.273905	1.403049	7.306146	0.559754	-0.966214	-0.043320	-0.668761	-0.007531	0.743440	0.179655	-0.971953	0.151763	0.721445	0.235056	0.651357
58000	7.597603	1.162164	7.500642	0.658954	-0.975937	-0.028824	-0.661811	-0.004936	0.749655	0.184164	-0.970406	0.156194	0.726698	0.241430	0.643134
58001	7.388414	1.348935	7.174109	0.697237	-1.024948	0.003200	-0.654319	-0.002429	0.756214	0.189219	-0.968710	0.160612	0.732163	0.248182	0.634306
58002	7.449418	1.473783	7.252288	0.788961	-0.993986	0.036625	-0.647013	-0.000291	0.762479	0.195182	-0.966745	0.165255	0.737074	0.255744	0.625553
58003	7.479488	1.696165	6.980726	0.814707	-1.064925	0.073786	-0.638980	0.001791	0.769221	0.201631	-0.964642	0.169737	0.742327	0.263558	0.616026
58004	8.116154	1.435263	7.116258	0.920272	-1.038323	0.094767	-0.631121	0.003648	0.775675	0.209012	-0.962203	0.174586	0.746994	0.272310	0.606504
58005	7.986581	1.453263	7.093073	1.022443	-1.017244	0.139738	-0.623194	0.005154	0.782050	0.217496	-0.959388	0.179640	0.751215	0.282043	0.596764
58006	8.021584	1.636277	6.987346	1.108830	-1.009110	0.173186	-0.615280	0.006380	0.788283	0.226845	-0.956238	0.184800	0.754965	0.292521	0.586907
58007	8.175439	1.693174	6.891771	1.227177	-1.017010	0.215013	-0.607077	0.007392	0.794608	0.237393	-0.952606	0.190229	0.758355	0.304118	0.576550
58008	8.292450	1.817445	6.775954	1.287373	-1.001974	0.253764	-0.598919	0.008074	0.800769	0.248628	-0.948660	0.195522	0.761236	0.316196	0.566163
58009	8.280167	1.915076	6.515094	1.341254	-1.009999	0.295391	-0.590457	0.008566	0.807024	0.260562	-0.944374	0.200663	0.763851	0.328762	0.555380
58010	8.273287	1.878669	6.251536	1.421699	-1.039945	0.298400	-0.581779	0.009225	0.813295	0.273111	-0.939662	0.206024	0.766123	0.341981	0.544156
58011	8.336179	2.042424	6.464036	1.476373	-1.009766	0.368599	-0.572995	0.009323	0.819506	0.286512	-0.934562	0.210960	0.767846	0.355678	0.532828
58012	7.942955	2.486415	6.081385	1.429627	-1.024414	0.442498	-0.563899	0.008897	0.825796	0.299938	-0.929455	0.214828	0.769451	0.368829	0.521451
58013	8.009182	2.192551	5.732669	1.402220	-1.073975	0.458895	-0.554212	0.008704	0.832330	0.313254	-0.924251	0.218248	0.771181	0.381687	0.509505
58014	8.431343	1.789133	5.731397	1.443697	-1.075114	0.488167	-0.544430	0.008361	0.838765	0.327003	-0.918720	0.221410	0.772441	0.394821	0.497445
58015	8.259670	2.078094	5.614539	1.426530	-1.076821	0.516142	-0.534377	0.007985	0.845209	0.340763	-0.913057	0.224071	0.773513	0.407755	0.485195
58016	8.165587	2.103227	5.425929	1.440085	-1.114908	0.513494	-0.524044	0.007913	0.851654	0.354548	-0.907167	0.226591	0.774386	0.420696	0.472590
58017	8.290867	1.958359	5.198556	1.390823	-1.115121	0.528280	-0.513490	0.007927	0.858059	0.368015	-0.901291	0.228559	0.775173	0.433141	0.459887
58018	8.451281	2.013605	5.261879	1.327900	-1.170600	0.512737	-0.502573	0.008442	0.864494	0.380842	-0.895540	0.230147	0.776131	0.444901	0.446859
58019	8.261139	1.915721	4.846233	1.254372	-1.150981	0.511871	-0.491649	0.009088	0.870746	0.393078	-0.889956	0.231232	0.777027	0.455956	0.433974
58020	8.584366	1.755066	4.921871	1.186657	-1.205304	0.486096	-0.480424	0.010312	0.876976	0.404591	-0.884569	0.232043	0.778139	0.466295	0.420796
58021	8.425272	1.641907	4.753682	1.181396	-1.194207	0.464224	-0.469217	0.011879	0.883003	0.415944	-0.879073	0.232853	0.778991	0.476538	0.407535
58022	8.527863	1.597231	4.353114	1.018099	-1.249991	0.408662	-0.457837	0.014285	0.888921	0.425699	-0.874270	0.233305	0.780490	0.485229	0.394193
58023	8.423808	1.655647	4.332555	1.015145	-1.225016	0.369438	-0.446675	0.017093	0.894533	0.435251	-0.869382	0.233949	0.781690	0.493845	0.380891
58024	8.574833	1.536135	4.245978	0.844155	-1.269416	0.300123	-0.435509	0.020778	0.899945	0.443105	-0.865281	0.234409	0.783575	0.500857	0.367630
58025	8.722457	1.469722	4.052750	0.829518	-1.227819	0.249719	-0.424758	0.024846	0.904966	0.450637	-0.861178	0.235156	0.785179	0.507696	0.354596
58026	8.678594	1.326014	3.802782	0.711081	-1.265638	0.157213	-0.414184	0.029931	0.909701	0.456810	-0.857632	0.236202	0.787259	0.513391	0.341545
58027	8.953348	1.225303	3.785863	0.552584	-1.303097	0.067881	-0.403592	0.036099	0.914227	0.461398	-0.854830	0.237441	0.790080	0.517651	0.328347
58028	8.559673	1.380644	3.453679	0.506400	-1.227405	-0.010737	-0.394018	0.042538	0.918118	0.465286	-0.852237	0.239167	0.792628	0.521423	0.316005
58029	8.781531	1.324186	3.228505	0.375318	-1.250282	-0.116120	-0.384627	0.050094	0.921712	0.467766	-0.850245	0.241407	0.795774	0.523997	0.303595
58030	8.681320	1.237524	3.238488	0.192984	-1.251199	-0.220753	-0.375768	0.058500	0.924865	0.468390	-0.849157	0.244016	0.799631	0.524891	0.291685
58031	9.084029	1.205599	2.551312	0.212747	-1.201494	-0.328446	-0.367675	0.067631	0.927492	0.468826	-0.847855	0.247676	0.803129	0.525897	0.280028
58032	8.949128	1.504255	2.465956	0.117800	-1.195322	-0.420186	-0.360109	0.077447	0.929690	0.468168	-0.846975	0.251898	0.806933	0.525961	0.268745
58033	8.652647	1.834575	2.418942	-0.001861	-1.132112	-0.493905	-0.353255	0.087610	0.931416	0.466343	-0.846600	0.256500	0.811009	0.524969	0.258209
58034	8.792352	1.741965	2.221234	-0.139697	-1.132542	-0.575363	-0.346804	0.098381	0.932764	0.463115	-0.846841	0.261505	0.815630	0.522668	0.248126
58035	9.048493	2.014302	2.572939	-0.268782	-1.084632	-0.629409	-0.340827	0.109395	0.933740	0.458704	-0.847610	0.266737	0.820626	0.519221	0.238708
58036	9.150410	2.063290	2.836699	-0.413499	-1.016327	-0.681535	-0.335651	0.120395	0.934261	0.452915	-0.849008	0.272127	0.825958	0.514481	0.230442
58037	8.713559	1.772612	3.847620	-0.524061	-0.837209	-0.678676	-0.331761	0.130479	0.934296	0.446260	-0.850860	0.277290	0.831136	0.508933	0.224055
58038	10.441757	-1.684590	9.321504	-0.601686	-0.344670	-0.381585	-0.330666	0.135439	0.933979	0.439903	-0.853442	0.279503	0.834952	0.503282	0.222624
58039	12.974365	-4.387058	11.860147	-0.620439	0.760128	0.348948	-0.335481	0.128677	0.933218	0.435836	-0.857032	0.274850	0.835164	0.498937	0.231436
58040	8.250198	-4.258062	9.321937	-0.574700	1.475496	1.072788	-0.343207	0.112069	0.932550	0.434600	-0.861232	0.263444	0.832666	0.495702	0.246876
58041	5.390693	-3.965714	7.442943	-0.437652	1.755461	1.736664	-0.350215	0.088424	0.932486	0.436938	-0.865159	0.246141	0.828514	0.493641	0.264356
58042	4.798486	-3.470510	6.715162	-0.249582	1.808499	2.285593	-0.355193	0.059627	0.932889	0.442854	-0.868135	0.224103	0.823236	0.492734	0.281949
58043	3.409993	6.817088	-1.440272	0.383674	1.925599	2.755404	-0.358579	0.026217	0.933131	0.455783	-0.867442	0.199517	0.814668	0.496848	0.299097
58044	5.100982	52.553443	-25.425542	-4.672506	-3.015343	1.100088	-0.328818	0.030831	0.943890	0.420689	-0.890043	0.175626	0.845517	0.454833	0.279692
58045	36.860152	-18.265612	6.597302	-4.286615	-2.411399	-1.838309	-0.315461	0.057884	0.947172	0.377930	-0.907898	0.181356	0.870433	0.415175	0.264530
58046	5.929633	-15.753735	-6.024607	-1.922830	0.824806	-0.613365	-0.325003	0.060088	0.943802	0.359113	-0.915388	0.181941	0.874878	0.398063	0.275925
58047	9.455757	6.779939	4.095768	-0.695700	-1.076958	-1.435513	-0.320619	0.077521	0.944031	0.348321	-0.917162	0.193614	0.880838	0.390902	0.267057
58048	10.631453	3.849807	5.211035	-0.716283	-0.433552	-1.669108	-0.322579	0.094480	0.941815	0.336556	-0.918536	0.207417	0.884688	0.383882	0.264503
58049	7.220011	0.718467	3.185311	-1.075724	-0.573243	-1.361795	-0.321972	0.109208	0.940430	0.322570	-0.921238	0.217417	0.890103	0.373356	0.261385
58050	10.442927	0.271968	5.724722	-1.026110	-0.503698	-0.874854	-0.320318	0.119094	0.939794	0.310525	-0.924053	0.222938	0.894970	0.363240	0.259009
58051	6.645672	4.279346	3.458702	-1.387312	-0.342806	-0.539606	-0.318869	0.125344	0.939474	0.296296	-0.928354	0.224427	0.900295	0.349925	0.258884
58052	7.235871	4.849495	2.803421	-1.742479	-0.519325	-0.533415	-0.315786	0.132042	0.939598	0.278778	-0.933650	0.224899	0.906952	0.332960	0.258023
58053	7.359183	3.744404	2.118444	-1.943967	-0.546464	-0.733833	-0.312772	0.140710	0.939348	0.258721	-0.938950	0.226797	0.913913	0.313965	0.257273
58054	7.913648	1.852381	1.794859	-1.867217	-0.642360	-0.976641	-0.309384	0.151821	0.938740	0.238477	-0.943240	0.231144	0.920549	0.295380	0.255617
58055	8.698220	0.714438	2.257432	-1.544435	-0.637876	-1.107485	-0.306026	0.164146	0.937766	0.220756	-0.945941	0.237618	0.926075	0.279735	0.253246
58056	9.045423	2.172976	2.329507	-1.304998	-0.594033	-1.159633	-0.303053	0.176708	0.936447	0.205029	-0.947556	0.245155	0.930657	0.266293	0.250929
58057	9.571911	3.140078	2.241472	-1.261502	-0.551476	-1.151421	-0.300169	0.189087	0.934957	0.189737	-0.948735	0.252788	0.934826	0.253275	0.248904
58058	9.775628	2.966728	2.023808	-1.256249	-0.458453	-1.077177	-0.297908	0.200405	0.933321	0.174667	-0.949765	0.259688	0.938479	0.240383	0.247939
58059	9.734202	2.925747	1.896059	-1.221536	-0.367753	-0.958525	-0.296043	0.210403	0.931713	0.160284	-0.950663	0.265611	0.941630	0.227971	0.247713
58060	9.877262	2.297605	2.005343	-1.153164	-0.270656	-0.812458	-0.294807	0.218694	0.930195	0.146928	-0.951507	0.270271	0.944193	0.216349	0.248379
58061	10.103493	1.760235	2.363646	-0.979515	-0.157132	-0.601661	-0.294158	0.224782	0.928948	0.135846	-0.952249	0.273437	0.946053	0.206627	0.249576
58062	9.867590	2.303782	2.644065	-0.862642	-0.058652	-0.376294	-0.294162	0.228447	0.928052	0.126489	-0.953168	0.274722	0.947349	0.198201	0.251489
58063	9.833053	2.336824	2.900175	-0.785899	0.033306	-0.165298	-0.294665	0.229986	0.927512	0.118501	-0.954320	0.274281	0.948225	0.190732	0.253951
58064	10.100288	1.477436	3.138500	-0.660043	0.123625	0.055804	-0.295838	0.229182	0.927338	0.112323	-0.955712	0.272027	0.948611	0.184637	0.256993
58065	10.848404	0.004929	3.758655	-0.434918	0.249468	0.340878	-0.297811	0.225493	0.927611	0.109157	-0.957285	0.267751	0.948363	0.180994	0.260476
58066	11.917940	-2.669358	5.112368	-0.103120	0.462717	0.786220	-0.301397	0.217078	0.928459	0.110452	-0.959236	0.260129	0.947080	0.180953	0.265134
58067	13.264646	-8.343917	7.785993	0.522692	0.936496	1.633651	-0.308351	0.199688	0.930078	0.120321	-0.961680	0.246363	0.943633	0.187875	0.272508
58068	12.971221	-12.070648	10.106408	1.584591	1.673343	2.978832	-0.320204	0.167646	0.932397	0.144497	-0.964058	0.222962	0.936264	0.206122	0.284471
58069	6.447024	-6.197602	7.321603	2.436575	2.300200	4.422882	-0.334387	0.119952	0.934771	0.181602	-0.965077	0.188803	0.924774	0.232890	0.300925
58070	6.141884	-4.755017	4.953680	2.628030	1.998403	5.569908	-0.341516	0.061211	0.937881	0.224504	-0.963678	0.144645	0.912669	0.259956	0.315370
58071	7.305507	-2.119125	5.041423	2.851483	1.750368	6.289353	-0.341759	-0.004002	0.939779	0.271797	-0.957677	0.094764	0.899626	0.287816	0.328383
58072	8.557397	-1.191031	4.846284	3.111005	1.617557	6.594069	-0.336701	-0.071770	0.938873	0.321876	-0.945799	0.043133	0.884889	0.316723	0.341552
58073	9.219434	1.333378	5.253252	3.280019	1.596666	6.522863	-0.328045	-0.138175	0.934502	0.372280	-0.928097	-0.006544	0.868213	0.345750	0.355898
58074	8.999016	4.381530	5.674952	3.155237	1.631962	6.193033	-0.317643	-0.200948	0.926673	0.419348	-0.906290	-0.052784	0.850441	0.371832	0.372143
58075	8.222678	6.561696	5.949885	2.765795	1.635747	5.608065	-0.306744	-0.257360	0.916337	0.460105	-0.882880	-0.093943	0.833193	0.392795	0.389231
58076	7.156553	7.088535	5.910491	2.191927	1.582420	4.782836	-0.297123	-0.305477	0.904656	0.492605	-0.860664	-0.128832	0.817960	0.407359	0.406203
58077	6.517549	6.606733	5.954327	1.755609	1.473354	3.808730	-0.289829	-0.343938	0.893144	0.517985	-0.841081	-0.155801	0.804792	0.417480	0.421924
58078	6.094395	6.256213	6.083184	1.445275	1.360272	2.745399	-0.286320	-0.372606	0.882715	0.537411	-0.825175	-0.174001	0.793228	0.424560	0.436507
58079	5.935890	6.062580	6.314258	1.222715	1.251893	1.665473	-0.287116	-0.391573	0.874206	0.551778	-0.813618	-0.183214	0.783011	0.429764	0.449664
58080	6.124780	6.314145	6.816157	0.942900	1.184841	0.650608	-0.292842	-0.402010	0.867543	0.560981	-0.806987	-0.184588	0.774302	0.432621	0.461840
58081	6.479000	6.126723	7.508328	0.569774	1.174892	-0.236619	-0.303232	-0.405156	0.862496	0.564625	-0.805508	-0.179878	0.767626	0.432442	0.473016
58082	6.781058	5.053359	8.151717	0.175514	1.209209	-0.976057	-0.318118	-0.402533	0.858352	0.562913	-0.808711	-0.170629	0.762843	0.428898	0.483857
58083	7.034926	3.403037	8.458283	-0.121001	1.292973	-1.568170	-0.336739	-0.395274	0.854614	0.556813	-0.815513	-0.157791	0.759320	0.422726	0.494709
58084	7.160769	1.954857	8.670736	-0.292755	1.398200	-2.009712	-0.358571	-0.384690	0.850553	0.547585	-0.824596	-0.142103	0.756028	0.414796	0.506326
58085	7.165630	0.909760	8.800315	-0.398576	1.505297	-2.296880	-0.382371	-0.371778	0.845916	0.536023	-0.834948	-0.124664	0.752643	0.405762	0.518542
58086	7.072562	0.014778	8.815301	-0.495324	1.589126	-2.452493	-0.407430	-0.357574	0.840322	0.522590	-0.845897	-0.106569	0.748933	0.395725	0.531509
58087	7.052838	-0.917969	8.937988	-0.565429	1.656725	-2.472260	-0.432544	-0.342965	0.833835	0.507936	-0.856793	-0.088920	0.744921	0.385073	0.544805
58088	7.147828	-1.931866	9.100667	-0.622397	1.716048	-2.355911	-0.457225	-0.329210	0.826176	0.492798	-0.867094	-0.072789	0.740335	0.373857	0.558691
58089	7.158136	-2.970855	9.239654	-0.624964	1.778084	-2.101971	-0.480548	-0.317406	0.817513	0.478284	-0.876218	-0.059055	0.735064	0.362624	0.572874
58090	7.198475	-4.048519	9.323549	-0.558081	1.843505	-1.734969	-0.502375	-0.308769	0.807640	0.465632	-0.883665	-0.048197	0.728565	0.351850	0.587703
58091	7.262099	-4.868251	9.364592	-0.395538	1.918964	-1.282666	-0.522189	-0.304032	0.796795	0.456148	-0.888993	-0.040270	0.720588	0.342428	0.602906
58092	7.180409	-5.236553	9.338324	-0.182909	1.983296	-0.775823	-0.540046	-0.303887	0.784859	0.450674	-0.891992	-0.035268	0.710805	0.334669	0.618671
58093	7.166163	-5.180481	9.329919	0.043551	2.031570	-0.264236	-0.555560	-0.308240	0.772232	0.449486	-0.892680	-0.032948	0.699511	0.328802	0.634486
58094	7.172399	-4.635853	9.419110	0.254831	2.075698	0.218512	-0.569100	-0.317024	0.758697	0.452435	-0.891186	-0.033013	0.686606	0.324473	0.650607
58095	7.260988	-3.936937	9.454758	0.426418	2.121452	0.628485	-0.580652	-0.329437	0.744523	0.458899	-0.887801	-0.034941	0.672499	0.321372	0.666682
58096	7.299588	-3.114108	9.494288	0.573473	2.160494	0.945937	-0.590766	-0.344787	0.729463	0.468206	-0.882798	-0.038079	0.657098	0.319044	0.682959
58097	7.254961	-2.254195	9.413410	0.682517	2.197773	1.149251	-0.599584	-0.361862	0.713831	0.479430	-0.876590	-0.041671	0.640817	0.317247	0.699077
58098	7.205015	-1.299684	9.299569	0.741522	2.211137	1.254314	-0.607607	-0.379866	0.697507	0.491647	-0.869615	-0.045317	0.623777	0.315392	0.715144
58099	6.975377	-0.509113	9.126572	0.757296	2.205187	1.265098	-0.614876	-0.397727	0.680985	0.503994	-0.862340	-0.048580	0.606562	0.313342	0.730684
58100	6.727732	0.288343	8.918581	0.725522	2.167812	1.199827	-0.621850	-0.414849	0.664231	0.515711	-0.855224	-0.051329	0.589360	0.310632	0.745763
58101	6.665560	0.889880	8.781316	0.664811	2.108509	1.069479	-0.628532	-0.430449	0.647812	0.526217	-0.848675	-0.053359	0.572750	0.307352	0.759929
58102	6.641485	1.300764	8.648690	0.587108	2.047766	0.890741	-0.635493	-0.444285	0.631474	0.535124	-0.843008	-0.054584	0.556589	0.303229	0.773474
58103	6.568563	1.598672	8.513362	0.505564	1.988474	0.672881	-0.642787	-0.455898	0.615615	0.542157	-0.838484	-0.054859	0.541194	0.298497	0.786135
58104	6.484271	1.694763	8.322306	0.437212	1.920873	0.435678	-0.650787	-0.465271	0.600000	0.547272	-0.835207	-0.054067	0.526279	0.293177	0.798171
58105	6.416516	1.667057	8.149241	0.377999	1.846757	0.196009	-0.659304	-0.472243	0.585069	0.550477	-0.833216	-0.052214	0.512146	0.287642	0.809301
58106	6.480696	1.483628	8.019021	0.345172	1.770829	-0.029524	-0.668530	-0.477079	0.570494	0.551990	-0.832395	-0.049250	0.498373	0.281982	0.819824
58107	6.476902	1.237706	7.848404	0.331573	1.694303	-0.221381	-0.678089	-0.479942	0.556643	0.552089	-0.832554	-0.045293	0.485173	0.276604	0.829516
58108	6.489641	0.870038	7.700501	0.344598	1.604167	-0.368957	-0.687914	-0.481299	0.543255	0.551184	-0.833405	-0.040405	0.472199	0.271638	0.838595
58109	7.103248	0.320585	7.895167	0.398258	1.527157	-0.484849	-0.697702	-0.481346	0.530583	0.549640	-0.834690	-0.034472	0.459466	0.267578	0.846932
58110	7.828750	-0.074203	7.999258	0.473109	1.519083	-0.538907	-0.707642	-0.480911	0.517656	0.547959	-0.836049	-0.027638	0.446077	0.264097	0.855142
58111	8.060202	-0.456180	7.867617	0.562725	1.555535	-0.536076	-0.717410	-0.480486	0.504436	0.546570	-0.837172	-0.020091	0.431953	0.261296	0.863215
58112	7.979136	-0.845923	7.556695	0.664100	1.578858	-0.497225	-0.726923	-0.480454	0.490659	0.545759	-0.837858	-0.011876	0.416808	0.259149	0.871271
58113	7.830979	-1.453177	7.130965	0.779870	1.558378	-0.411512	-0.735550	-0.481011	0.477069	0.545902	-0.837843	-0.003090	0.401195	0.258160	0.878860
58114	7.856212	-1.840146	6.721795	0.924469	1.487442	-0.301242	-0.743133	-0.482352	0.463779	0.547268	-0.836932	0.006463	0.385034	0.258614	0.885927
58115	8.078053	-2.126178	6.408705	1.067003	1.397527	-0.159919	-0.749285	-0.484618	0.451352	0.550060	-0.834959	0.016650	0.368791	0.260746	0.892191
58116	8.545670	-2.126601	6.220817	1.176669	1.302439	0.018317	-0.753961	-0.488205	0.439544	0.554398	-0.831811	0.027074	0.352400	0.264095	0.897813
58117	9.047179	-1.980880	6.047134	1.236833	1.210538	0.225926	-0.756879	-0.493276	0.428735	0.560329	-0.827435	0.037196	0.336402	0.268385	0.902664
58118	8.574223	0.372090	5.551258	1.232733	0.923049	0.374520	-0.757881	-0.498880	0.420399	0.567181	-0.822266	0.046726	0.322369	0.273855	0.906136
58119	8.520683	-0.388810	0.679935	0.384064	0.042944	0.523330	-0.755045	-0.503266	0.420273	0.572339	-0.818613	0.047973	0.319898	0.276761	0.906129
58120	10.485886	1.195803	2.080580	0.206128	-0.220513	0.527196	-0.751378	-0.506970	0.422390	0.576926	-0.815409	0.047591	0.320293	0.279446	0.905164
58121	12.565619	0.276853	2.197526	0.126289	-0.501972	0.456997	-0.747126	-0.509252	0.427159	0.580722	-0.812758	0.046759	0.323365	0.282996	0.902967
58122	13.125551	0.607577	1.770293	-0.047918	-0.661429	0.259299	-0.743523	-0.509482	0.433129	0.582456	-0.811605	0.045186	0.328508	0.285876	0.900199
58123	12.577638	1.907412	1.107025	-0.234370	-0.847670	-0.013338	-0.740792	-0.506915	0.440754	0.581544	-0.812372	0.043107	0.336205	0.288251	0.896592
58124	11.562073	2.673677	0.406662	-0.534926	-1.121842	-0.375756	-0.739188	-0.500615	0.450540	0.576894	-0.815841	0.039975	0.347556	0.289463	0.891861
58125	7.386069	-0.252230	3.204618	-0.643322	-1.271030	-0.738370	-0.738925	-0.490859	0.461570	0.569123	-0.821393	0.037592	0.360678	0.290467	0.886307
58126	6.963156	-2.839510	12.059221	-0.180798	-1.184049	-1.098364	-0.740849	-0.478337	0.471526	0.560294	-0.827273	0.041097	0.370422	0.294640	0.880894
58127	7.660915	-1.774986	11.508280	-0.088303	-0.906354	-1.240394	-0.744356	-0.465324	0.478965	0.550716	-0.833414	0.046186	0.377684	0.298152	0.876618
58128	4.310346	-1.305244	7.784740	-0.188315	-0.920126	-1.026360	-0.746502	-0.453985	0.486448	0.542304	-0.838725	0.049465	0.385540	0.300728	0.872308
58129	3.429153	-1.241695	7.046458	-0.266614	-1.155064	-0.685826	-0.745695	-0.444702	0.496164	0.536108	-0.842638	0.050487	0.395636	0.303645	0.866760
58130	6.159242	-3.743517	10.935659	-0.252562	-1.415268	-0.429724	-0.742354	-0.436749	0.508095	0.531852	-0.845334	0.050431	0.407484	0.307669	0.859823
58131	21.484059	-6.449348	17.056606	0.007336	-1.008671	-0.155911	-0.739040	-0.432278	0.516677	0.530689	-0.846015	0.051265	0.414956	0.312082	0.854644
58132	11.375354	-2.504110	9.864838	0.189751	0.711936	0.101867	-0.741472	-0.435357	0.510572	0.532179	-0.845013	0.052321	0.408662	0.310510	0.858242
58133	-1.646585	4.912071	5.652636	0.634196	0.588980	0.032290	-0.743690	-0.437439	0.505542	0.534948	-0.842921	0.057580	0.400944	0.313260	0.860879
58134	4.976521	4.268387	10.870066	-0.271148	-0.479866	-0.037089	-0.741993	-0.435624	0.509586	0.533534	-0.843963	0.055393	0.405941	0.312983	0.858635
58135	7.140620	-0.678395	9.762470	-0.267447	-0.142213	0.060986	-0.741095	-0.435668	0.510855	0.532859	-0.844558	0.052758	0.408461	0.311312	0.858047
58136	5.190843	-1.860115	8.327561	-0.060255	-0.064227	0.016559	-0.740785	-0.435608	0.511355	0.532690	-0.844704	0.052115	0.409242	0.311000	0.857788
58137	5.124810	0.001707	9.390591	-0.000063	-0.099455	-0.012242	-0.740449	-0.435168	0.512216	0.532561	-0.844784	0.052149	0.410018	0.311400	0.857272
58138	5.115397	0.317079	8.966841	-0.020173	-0.139596	-0.031542	-0.740084	-0.434467	0.513336	0.532200	-0.845015	0.052093	0.411144	0.311751	0.856605
58139	5.557670	0.340876	9.070018	-0.026426	-0.164828	-0.017018	-0.739501	-0.433782	0.514753	0.531926	-0.845197	0.051927	0.412543	0.312211	0.855764
58140	5.690323	0.497836	9.065378	-0.037649	-0.096586	-0.009124	-0.739192	-0.433404	0.515516	0.531658	-0.845385	0.051607	0.413443	0.312226	0.855324
58141	5.259111	0.296763	8.816871	-0.027278	-0.071801	-0.007802	-0.738942	-0.433087	0.516141	0.531449	-0.845530	0.051386	0.414158	0.312274	0.854961
58142	5.297354	0.190145	8.968977	-0.026644	-0.083684	-0.016286	-0.738721	-0.432689	0.516789	0.531174	-0.845715	0.051197	0.414904	0.312325	0.854580
58143	5.396826	0.393235	8.866027	-0.020292	-0.070051	-0.008061	-0.738479	-0.432374	0.517399	0.530991	-0.845839	0.051038	0.415568	0.312424	0.854221
58144	5.184574	0.440877	8.874774	0.000675	-0.033230	-0.000334	-0.738383	-0.432269	0.517624	0.530947	-0.845869	0.051000	0.415797	0.312488	0.854087
58145	5.123327	0.661631	8.878295	-0.026722	-0.066778	0.004512	-0.738086	-0.432071	0.518212	0.530830	-0.845959	0.050721	0.416471	0.312518	0.853747
58146	5.195924	0.345915	8.857486	-0.033866	-0.061491	0.011029	-0.737811	-0.431973	0.518684	0.530725	-0.846048	0.050329	0.417091	0.312412	0.853483
58147	5.349386	0.234090	8.846536	-0.017633	-0.049632	0.014221	-0.737534	-0.431911	0.519130	0.530718	-0.846068	0.050077	0.417590	0.312445	0.853227
58148	5.159491	0.364553	8.869650	-0.012608	-0.054196	0.007508	-0.737308	-0.431807	0.519538	0.530676	-0.846106	0.049885	0.418044	0.312487	0.852990
58149	5.245168	0.344182	8.764925	-0.011562	-0.054338	0.010911	-0.737028	-0.431702	0.520022	0.530669	-0.846121	0.049702	0.418545	0.312591	0.852706
58150	5.189878	0.425008	8.833735	-0.004903	-0.054418	0.013271	-0.736769	-0.431646	0.520435	0.530701	-0.846109	0.049545	0.418959	0.312699	0.852463
58151	5.197027	0.444316	8.874774	-0.007084	-0.068637	0.018671	-0.736388	-0.431562	0.521044	0.530771	-0.846077	0.049360	0.419542	0.312903	0.852101
58152	5.289947	0.294179	8.856526	-0.008596	-0.063453	0.021956	-0.736045	-0.431550	0.521538	0.530851	-0.846040	0.049127	0.420042	0.313019	0.851812
58153	5.301157	0.303243	8.821249	-0.003563	-0.052039	0.022820	-0.735710	-0.431553	0.522008	0.530965	-0.845979	0.048950	0.420483	0.313181	0.851535
58154	5.259924	0.325398	8.836244	-0.000380	-0.053285	0.022031	-0.735409	-0.431574	0.522415	0.531081	-0.845915	0.048785	0.420865	0.313322	0.851295
58155	5.353801	0.095231	8.828678	-0.007221	-0.061921	0.020527	-0.735044	-0.431527	0.522967	0.531163	-0.845875	0.048589	0.421397	0.313496	0.850967
58156	5.250954	0.179467	8.871378	0.010281	-0.042153	0.017442	-0.734813	-0.431544	0.523278	0.531289	-0.845799	0.048539	0.421641	0.313679	0.850779
58157	5.206850	0.182254	8.842883	0.006359	-0.038745	0.014389	-0.734579	-0.431517	0.523629	0.531383	-0.845743	0.048490	0.421931	0.313867	0.850565
58158	5.281314	0.071889	8.835660	0.009109	-0.035741	0.009280	-0.734418	-0.431485	0.523881	0.531445	-0.845705	0.048472	0.422134	0.314013	0.850411
58159	5.360510	0.164657	8.841635	0.016414	-0.032546	-0.000282	-0.734287	-0.431353	0.524172	0.531473	-0.845681	0.048586	0.422325	0.314259	0.850225
58160	5.308633	0.148389	8.823791	0.025827	-0.029614	-0.003055	-0.734217	-0.431236	0.524366	0.531515	-0.845644	0.048774	0.422394	0.314519	0.850095
58161	5.310866	0.151253	8.822399	0.031625	-0.021204	-0.009344	-0.734183	-0.431063	0.524557	0.531541	-0.845610	0.049064	0.422421	0.314845	0.849961
58162	5.256822	0.227085	8.816859	0.033929	-0.013450	-0.012180	-0.734230	-0.430920	0.524609	0.531550	-0.845587	0.049368	0.422329	0.315103	0.849911
58163	5.194701	0.271594	8.799536	0.033619	-0.015515	-0.011717	-0.734232	-0.430745	0.524750	0.531567	-0.845558	0.049688	0.422303	0.315422	0.849805
58164	5.209976	0.317172	8.778117	0.029511	-0.020629	-0.011731	-0.734245	-0.430583	0.524863	0.531560	-0.845546	0.049951	0.422288	0.315673	0.849720
58165	5.196454	0.357899	8.786565	0.019481	-0.027684	-0.008026	-0.734177	-0.430401	0.525109	0.531545	-0.845545	0.050132	0.422427	0.315925	0.849557
58166	5.239176	0.325673	8.799241	0.016128	-0.035496	-0.010771	-0.734122	-0.430200	0.525350	0.531489	-0.845572	0.050276	0.422592	0.316126	0.849400
58167	5.313978	0.227886	8.814483	0.024339	-0.024944	-0.006350	-0.734056	-0.430040	0.525573	0.531506	-0.845548	0.050489	0.422685	0.316407	0.849249
58168	5.337339	0.304013	8.804693	0.023148	-0.018007	-0.007934	-0.734060	-0.429919	0.525666	0.531501	-0.845540	0.050678	0.422685	0.316593	0.849180
58169	5.221756	0.339517	8.793321	0.025578	-0.016721	-0.008195	-0.734039	-0.429770	0.525819	0.531510	-0.845521	0.050911	0.422711	0.316848	0.849072
58170	5.251532	0.335369	8.740068	0.015418	-0.017127	-0.004872	-0.734030	-0.429677	0.525906	0.531494	-0.845524	0.051018	0.422745	0.316965	0.849011
58171	5.167377	0.394565	8.742541	0.012370	-0.022364	-0.001485	-0.733949	-0.429566	0.526110	0.531497	-0.845517	0.051103	0.422883	0.317133	0.848880
58172	5.146703	0.401948	8.738820	0.008529	-0.040254	0.005882	-0.733785	-0.429491	0.526399	0.531531	-0.845496	0.051095	0.423124	0.317290	0.848701
58173	5.120292	0.387560	8.744752	0.003053	-0.046789	0.009538	-0.733542	-0.429396	0.526816	0.531575	-0.845472	0.051043	0.423490	0.317485	0.848445
58174	5.124139	0.477654	8.753306	-0.003657	-0.061914	0.010660	-0.733261	-0.429293	0.527291	0.531593	-0.845469	0.050906	0.423955	0.317632	0.848158
58175	5.231992	0.481106	8.769583	-0.015529	-0.081006	0.021573	-0.732808	-0.429190	0.528004	0.531646	-0.845452	0.050633	0.424670	0.317816	0.847731
58176	5.208607	0.362962	8.740374	-0.015964	-0.076103	0.026050	-0.732384	-0.429172	0.528607	0.531724	-0.845422	0.050311	0.425304	0.317920	0.847375
58177	5.238702	0.443921	8.749368	-0.020860	-0.093930	0.030052	-0.731830	-0.429100	0.529432	0.531816	-0.845386	0.049948	0.426141	0.318114	0.846881
58178	5.391567	0.239808	8.777521	-0.033753	-0.098082	0.029758	-0.731291	-0.429043	0.530222	0.531845	-0.845396	0.049455	0.427030	0.318162	0.846415
58179	5.449554	0.152857	8.809196	-0.019621	-0.085946	0.026025	-0.730791	-0.428962	0.530977	0.531912	-0.845373	0.049123	0.427801	0.318332	0.845961
58180	5.511447	0.168577	8.820466	-0.008988	-0.074954	0.019160	-0.730406	-0.428889	0.531565	0.531969	-0.845351	0.048895	0.428389	0.318490	0.845605
58181	5.499614	0.094332	8.771553	0.010367	-0.042383	0.017526	-0.730136	-0.428875	0.531947	0.532102	-0.845269	0.048863	0.428682	0.318727	0.845367
58182	5.408803	0.211782	8.773171	0.010950	-0.039111	0.005612	-0.729976	-0.428801	0.532226	0.532145	-0.845241	0.048875	0.428902	0.318899	0.845190
58183	5.433888	0.195578	8.751225	0.015247	-0.025084	0.006934	-0.729837	-0.428753	0.532456	0.532222	-0.845189	0.048940	0.429043	0.319103	0.845042
58184	5.325540	0.250986	8.730300	0.017221	-0.019530	0.002335	-0.729778	-0.428714	0.532568	0.532268	-0.845156	0.049021	0.429087	0.319244	0.844966
58185	5.318605	0.311218	8.728833	0.012689	-0.019712	0.006813	-0.729662	-0.428681	0.532753	0.532333	-0.845112	0.049065	0.429202	0.319403	0.844848
58186	5.309117	0.349987	8.683380	0.005590	-0.014684	0.008970	-0.729589	-0.428714	0.532827	0.532377	-0.845087	0.049013	0.429273	0.319424	0.844804
58187	5.296030	0.297702	8.680862	0.011016	-0.023380	0.008753	-0.729447	-0.428686	0.533043	0.532449	-0.845040	0.049033	0.429424	0.319585	0.844666
58188	5.261728	0.363673	8.731674	0.012845	-0.025884	0.013808	-0.729299	-0.428724	0.533215	0.532560	-0.844972	0.049016	0.429537	0.319716	0.844559
58189	5.316548	0.361081	8.701595	0.005876	-0.027531	0.016368	-0.729099	-0.428747	0.533470	0.532666	-0.844909	0.048951	0.429746	0.319852	0.844401
58190	5.297208	0.377491	8.720072	0.002222	-0.036931	0.020718	-0.728867	-0.428808	0.533739	0.532781	-0.844844	0.048807	0.429997	0.319940	0.844240
58191	5.283991	0.403962	8.705909	-0.002616	-0.039186	0.025672	-0.728567	-0.428872	0.534096	0.532918	-0.844769	0.048621	0.430336	0.320054	0.844024
58192	5.296877	0.342762	8.703783	-0.007496	-0.056705	0.034101	-0.728178	-0.428983	0.534538	0.533089	-0.844678	0.048324	0.430782	0.320145	0.843762
58193	5.297880	0.340151	8.755067	-0.003872	-0.062419	0.035428	-0.727725	-0.429055	0.535096	0.533291	-0.844564	0.048075	0.431297	0.320347	0.843422
58194	5.335759	0.271707	8.753756	-0.013920	-0.070029	0.032632	-0.727285	-0.429111	0.535649	0.533424	-0.844500	0.047731	0.431874	0.320442	0.843091
58195	5.340429	0.259171	8.728134	0.005977	-0.063986	0.034727	-0.726829	-0.429172	0.536220	0.533663	-0.844358	0.047568	0.432347	0.320734	0.842737
58196	5.379877	0.202014	8.748554	-0.002575	-0.076520	0.033068	-0.726358	-0.429210	0.536827	0.533847	-0.844256	0.047317	0.432910	0.320952	0.842365
58197	5.368577	0.217814	8.710374	0.007904	-0.073757	0.033613	-0.725864	-0.429230	0.537478	0.534086	-0.844113	0.047176	0.433443	0.321303	0.841957
58198	5.349952	0.303564	8.694001	0.005786	-0.073010	0.033438	-0.725406	-0.429282	0.538055	0.534309	-0.843982	0.046992	0.433936	0.321576	0.841598
58199	5.373210	0.365110	8.713194	0.006359	-0.084196	0.035996	-0.724853	-0.429287	0.538795	0.534558	-0.843833	0.046825	0.434552	0.321959	0.841134
58200	5.409930	0.277022	8.666470	0.005725	-0.088556	0.034759	-0.724318	-0.429301	0.539503	0.534790	-0.843697	0.046633	0.435158	0.322298	0.840691
58201	5.339001	0.355364	8.656319	0.013777	-0.087102	0.035577	-0.723754	-0.429292	0.540267	0.535069	-0.843526	0.046530	0.435754	0.322756	0.840206
58202	5.434240	0.215718	8.656918	0.007351	-0.100290	0.036342	-0.723159	-0.429280	0.541073	0.535319	-0.843378	0.046343	0.436435	0.323160	0.839698
58203	5.547160	0.239522	8.714132	0.003928	-0.085833	0.034158	-0.722606	-0.429263	0.541824	0.535544	-0.843245	0.046164	0.437074	0.323529	0.839223
58204	5.507756	0.161003	8.694945	0.006982	-0.080422	0.032933	-0.722114	-0.429286	0.542462	0.535767	-0.843112	0.045991	0.437613	0.323844	0.838821
58205	5.552948	0.114493	8.682284	-0.005156	-0.071920	0.026505	-0.721663	-0.429249	0.543091	0.535896	-0.843042	0.045778	0.438199	0.324077	0.838425
58206	5.608746	0.120862	8.725720	0.016073	-0.064624	0.022622	-0.721294	-0.429236	0.543591	0.536085	-0.842924	0.045736	0.438575	0.324401	0.838103
58207	5.558745	0.103109	8.707650	0.011221	-0.052215	0.015309	-0.720988	-0.429168	0.544051	0.536206	-0.842848	0.045721	0.438930	0.324687	0.837806
58208	5.573568	0.065436	8.749843	0.017306	-0.026456	0.002705	-0.720893	-0.429111	0.544222	0.536256	-0.842812	0.045797	0.439025	0.324857	0.837691
58209	5.581068	0.168497	8.727239	0.024237	-0.024992	-0.002103	-0.720800	-0.428984	0.544445	0.536308	-0.842769	0.045985	0.439114	0.325136	0.837535
58210	5.496079	0.219092	8.709380	0.027562	-0.017704	-0.006009	-0.720790	-0.428882	0.544539	0.536341	-0.842737	0.046194	0.439091	0.325354	0.837463
58211	5.484292	0.249688	8.642123	0.024245	-0.009947	-0.007787	-0.720793	-0.428756	0.544633	0.536352	-0.842717	0.046413	0.439072	0.325569	0.837389
58212	5.471720	0.210209	8.662292	0.023819	-0.012812	-0.009366	-0.720822	-0.428642	0.544685	0.536344	-0.842712	0.046609	0.439034	0.325735	0.837345
58213	5.477766	0.314075	8.640437	0.026938	-0.006902	-0.006248	-0.720831	-0.428539	0.544754	0.536378	-0.842677	0.046842	0.438978	0.325959	0.837287
58214	5.485226	0.246668	8.618307	0.017580	-0.009653	-0.005615	-0.720854	-0.428466	0.544781	0.536369	-0.842676	0.046964	0.438951	0.326058	0.837262
58215	5.448748	0.304011	8.648449	0.018819	-0.001326	-0.007528	-0.720893	-0.428371	0.544803	0.536358	-0.842673	0.047137	0.438899	0.326190	0.837238
58216	5.449194	0.305596	8.648112	0.010911	-0.009367	-0.003441	-0.720906	-0.428318	0.544829	0.536336	-0.842684	0.047191	0.438906	0.326232	0.837218
58217	5.465059	0.268365	8.637573	0.008767	-0.008746	-0.001346	-0.720880	-0.428251	0.544916	0.536326	-0.842688	0.047246	0.438961	0.326311	0.837158
58218	5.482101	0.241537	8.649294	0.010005	-0.000422	-0.003261	-0.720930	-0.428228	0.544868	0.536301	-0.842701	0.047291	0.438909	0.326307	0.837187
58219	5.467329	0.259562	8.560917	-0.001569	0.004497	-0.005509	-0.720985	-0.428169	0.544842	0.536215	-0.842756	0.047282	0.438924	0.326242	0.837205
58220	5.500132	0.226006	8.683372	0.021655	-0.004835	-0.005603	-0.721028	-0.428112	0.544829	0.536225	-0.842741	0.047438	0.438841	0.326355	0.837204
58221	5.456908	0.241290	8.625782	0.006365	0.005199	-0.011266	-0.721116	-0.428007	0.544795	0.536132	-0.842795	0.047526	0.438809	0.326354	0.837221
58222	5.433192	0.340412	8.635435	0.023583	0.000600	-0.003497	-0.721172	-0.427985	0.544738	0.536165	-0.842765	0.047686	0.438677	0.326460	0.837249
58223	5.356108	0.341230	8.641245	0.008053	0.001493	-0.003701	-0.721204	-0.427932	0.544738	0.536135	-0.842781	0.047747	0.438663	0.326489	0.837246
58224	5.422020	0.290203	8.579643	0.001864	-0.010041	-0.003281	-0.721211	-0.427877	0.544771	0.536074	-0.842821	0.047724	0.438724	0.326457	0.837226
58225	5.432548	0.353737	8.710901	0.013132	-0.017033	-0.000552	-0.721145	-0.427790	0.544927	0.536089	-0.842807	0.047811	0.438816	0.326608	0.837119
58226	5.404539	0.319468	8.620278	0.006916	-0.021223	0.001534	-0.721078	-0.427740	0.545056	0.536085	-0.842809	0.047804	0.438931	0.326666	0.837036
58227	5.421573	0.281808	8.609055	0.011061	-0.023463	0.006525	-0.720945	-0.427691	0.545270	0.536141	-0.842772	0.047834	0.439080	0.326828	0.836895
58228	5.441954	0.355114	8.652742	-0.003897	-0.026251	0.008294	-0.720819	-0.427681	0.545444	0.536139	-0.842781	0.047700	0.439289	0.326816	0.836789
58229	5.493106	0.351524	8.676091	0.002422	-0.036444	0.009523	-0.720613	-0.427615	0.545768	0.536179	-0.842759	0.047642	0.439578	0.326960	0.836581
58230	5.447996	0.263521	8.637942	0.004308	-0.038848	0.014552	-0.720398	-0.427617	0.546050	0.536258	-0.842714	0.047541	0.439834	0.327072	0.836403
58231	5.524415	0.263392	8.684613	-0.005461	-0.029295	0.012359	-0.720208	-0.427598	0.546315	0.536283	-0.842706	0.047402	0.440114	0.327119	0.836237
58232	5.517209	0.220260	8.649384	-0.009461	-0.033594	0.007762	-0.720052	-0.427560	0.546550	0.536253	-0.842736	0.047223	0.440406	0.327092	0.836094
58233	5.555028	0.265407	8.704602	0.009956	-0.030965	0.010487	-0.719865	-0.427520	0.546828	0.536333	-0.842685	0.047223	0.440615	0.327276	0.835912
58234	5.539102	0.191963	8.658044	-0.000244	-0.024285	0.006724	-0.719755	-0.427504	0.546985	0.536335	-0.842689	0.047126	0.440792	0.327287	0.835815
58235	5.527483	0.239876	8.688935	-0.010325	-0.016818	0.005017	-0.719659	-0.427464	0.547143	0.536286	-0.842727	0.046986	0.441007	0.327239	0.835720
58236	5.488936	0.274497	8.674502	0.019669	-0.018293	0.006426	-0.719578	-0.427465	0.547249	0.536374	-0.842667	0.047058	0.441034	0.327392	0.835646
58237	5.510794	0.247621	8.630869	0.004658	-0.021362	0.001567	-0.719480	-0.427381	0.547443	0.536367	-0.842672	0.047062	0.441202	0.327490	0.835518
58238	5.529371	0.220197	8.641616	0.006736	-0.022478	0.004059	-0.719392	-0.427348	0.547584	0.536381	-0.842664	0.047038	0.441328	0.327552	0.835428
58239	5.485978	0.244805	8.659521	0.007296	-0.018612	-0.003548	-0.719334	-0.427230	0.547752	0.536348	-0.842682	0.047092	0.441462	0.327660	0.835314
58240	5.510810	0.238908	8.660059	0.011303	-0.014308	0.001044	-0.719299	-0.427199	0.547824	0.536360	-0.842673	0.047122	0.441506	0.327725	0.835266
58241	5.495513	0.267762	8.647177	0.013015	-0.017790	-0.002630	-0.719239	-0.427091	0.547985	0.536360	-0.842668	0.047219	0.441603	0.327879	0.835154
58242	5.457168	0.303630	8.632594	0.013350	-0.023038	-0.004775	-0.719196	-0.426982	0.548127	0.536339	-0.842676	0.047298	0.441698	0.327998	0.835057
58243	5.474329	0.266778	8.621178	0.013930	-0.026706	-0.002808	-0.719098	-0.426844	0.548363	0.536341	-0.842669	0.047403	0.441855	0.328197	0.834896
58244	5.478313	0.278868	8.641644	0.018336	-0.027150	-0.004953	-0.719038	-0.426720	0.548539	0.536341	-0.842662	0.047524	0.441953	0.328376	0.834773
58245	5.457446	0.287216	8.638536	0.012005	-0.032115	-0.004906	-0.718927	-0.426546	0.548819	0.536320	-0.842670	0.047625	0.442159	0.328582	0.834583
58246	5.512228	0.285523	8.606995	0.013657	-0.036089	-0.003990	-0.718821	-0.426401	0.549070	0.536307	-0.842674	0.047702	0.442347	0.328759	0.834414
58247	5.460029	0.268701	8.590725	0.007177	-0.034518	-0.004334	-0.718697	-0.426223	0.549371	0.536268	-0.842696	0.047760	0.442596	0.328935	0.834213
58248	5.530302	0.341039	8.658255	0.031922	-0.041238	-0.003969	-0.718568	-0.426062	0.549665	0.536336	-0.842639	0.047988	0.442723	0.329288	0.834006
58249	5.470152	0.293864	8.630273	0.016512	-0.039561	-0.002069	-0.718409	-0.425886	0.550008	0.536354	-0.842620	0.048111	0.442958	0.329563	0.833772
58250	5.543811	0.275119	8.632268	0.016515	-0.039552	-0.002070	-0.718278	-0.425746	0.550289	0.536368	-0.842607	0.048201	0.443156	0.329779	0.833582
58251	5.492043	0.258692	8.615791	0.017407	-0.041135	-0.000585	-0.718104	-0.425578	0.550646	0.536401	-0.842579	0.048323	0.443397	0.330068	0.833339
58252	5.530323	0.284477	8.571978	0.006119	-0.034174	-0.003277	-0.718002	-0.425445	0.550881	0.536360	-0.842604	0.048332	0.443612	0.330173	0.833183
58253	5.530890	0.377314	8.634864	0.045083	-0.051020	0.008320	-0.717736	-0.425319	0.551325	0.536580	-0.842447	0.048636	0.443776	0.330738	0.832872
58254	5.509028	0.318110	8.772615	0.044967	-0.051786	0.006264	-0.717504	-0.425208	0.551711	0.536780	-0.842303	0.048916	0.443909	0.331245	0.832599
58255	5.447543	0.239789	8.623969	0.036675	-0.047716	0.018787	-0.717197	-0.425181	0.552132	0.537038	-0.842128	0.049092	0.444093	0.331724	0.832310
58256	5.522443	0.312270	8.635827	0.033253	-0.055659	0.016180	-0.716895	-0.425140	0.552556	0.537256	-0.841982	0.049219	0.444317	0.332149	0.832021
58257	5.486855	0.328110	8.520774	0.054893	-0.061092	0.026301	-0.716487	-0.425131	0.553091	0.537650	-0.841714	0.049504	0.444499	0.332839	0.831648
58258	5.575048	0.326805	8.838440	0.066830	-0.078939	0.029297	-0.716010	-0.425122	0.553715	0.538111	-0.841399	0.049838	0.444708	0.333645	0.831214
58259	5.439302	0.237714	8.619137	0.058167	-0.062113	0.034371	-0.715554	-0.425176	0.554263	0.538577	-0.841085	0.050105	0.444879	0.334366	0.830832
58260	5.626230	0.165877	8.636178	0.060835	-0.081734	0.028885	-0.715067	-0.425154	0.554909	0.539009	-0.840791	0.050390	0.445139	0.335133	0.830384
58261	5.595333	0.214688	8.639923	0.062081	-0.088494	0.028233	-0.714526	-0.425067	0.555672	0.539448	-0.840490	0.050723	0.445476	0.335999	0.829853
58262	5.408281	0.263541	8.711681	0.074961	-0.092307	0.026814	-0.714002	-0.424990	0.556404	0.539928	-0.840156	0.051135	0.445734	0.336929	0.829337
58263	5.273669	0.229931	8.818487	0.059664	-0.134201	0.007689	-0.713367	-0.424574	0.557535	0.540210	-0.839949	0.051561	0.446409	0.337968	0.828551
58264	5.482410	0.282166	8.742979	0.086096	-0.175079	0.004835	-0.712590	-0.424031	0.558939	0.540584	-0.839670	0.052186	0.447196	0.339341	0.827565
58265	5.489907	0.167332	8.711104	0.092122	-0.202851	0.005787	-0.711656	-0.423362	0.560634	0.540998	-0.839359	0.052890	0.448182	0.340942	0.826373
