// General information: 
//  MT Manager version: 2022.2.0 
//  XDA version: 2022.2.0 build 7381 rev 124627 built on 2023-07-19
// Device information: 
//  DeviceId: 00B4CB9F
//  ProductCode: MTW2-3A7G6
//  Firmware Version: 4.6.0
//  Hardware Version: 2.0.0
// Device settings: 
//  Filter Profile: human(46.1)
//  Option Flags: Orientation Smoother Disabled, Position/Velocity Smoother Disabled, Continuous Zero Rotation Update Disabled, AHS Disabled, ICC Disabled
// Coordinate system: ENU
PacketCounter	Acc_X	Acc_Y	Acc_Z	Gyr_X	Gyr_Y	Gyr_Z	Mat[1][1]	Mat[2][1]	Mat[3][1]	Mat[1][2]	Mat[2][2]	Mat[3][2]	Mat[1][3]	Mat[2][3]	Mat[3][3]
19912	9.699443	0.472037	0.532910	-0.082701	-0.023019	0.001497	0.052738	-0.036376	0.997946	-0.261375	0.963995	0.048951	-0.963796	-0.263420	0.041331
19913	9.735619	0.459526	0.570186	-0.089156	-0.025845	0.001633	0.052437	-0.036412	0.997960	-0.260543	0.964224	0.048871	-0.964037	-0.262575	0.041074
19914	9.737007	0.407144	0.550952	-0.096768	-0.030356	-0.002328	0.051974	-0.036438	0.997983	-0.259565	0.964495	0.048733	-0.964326	-0.261574	0.040671
19915	9.744874	0.383574	0.549395	-0.102782	-0.031491	-0.000167	0.051624	-0.036504	0.997999	-0.258601	0.964758	0.048665	-0.964604	-0.260595	0.040364
19916	9.778752	0.342363	0.533729	-0.104756	-0.028125	-0.004383	0.051231	-0.036539	0.998018	-0.257570	0.965039	0.048553	-0.964900	-0.259547	0.040029
19917	9.746382	0.331445	0.527384	-0.105917	-0.029778	-0.008490	0.050919	-0.036680	0.998029	-0.256571	0.965304	0.048568	-0.965183	-0.258538	0.039741
19918	9.721703	0.297529	0.522186	-0.104016	-0.024337	-0.007261	0.050627	-0.036720	0.998042	-0.255473	0.965600	0.048486	-0.965490	-0.257427	0.039504
19919	9.722302	0.320888	0.450648	-0.101371	-0.023731	-0.009388	0.050374	-0.036855	0.998050	-0.254516	0.965851	0.048511	-0.965756	-0.256463	0.039274
19920	9.767422	0.234292	0.471522	-0.099642	-0.021644	-0.010153	0.050084	-0.036921	0.998062	-0.253499	0.966121	0.048460	-0.966038	-0.255435	0.039028
19921	9.770366	0.286648	0.452651	-0.101005	-0.021811	-0.010834	0.049854	-0.037063	0.998069	-0.252545	0.966369	0.048501	-0.966300	-0.254475	0.038817
19922	9.742006	0.276422	0.412748	-0.097272	-0.019339	-0.012318	0.049526	-0.037156	0.998081	-0.251547	0.966631	0.048467	-0.966577	-0.253465	0.038526
19923	9.763979	0.259474	0.431215	-0.088101	-0.016102	-0.011113	0.049350	-0.037286	0.998085	-0.250717	0.966844	0.048516	-0.966802	-0.252631	0.038366
19924	9.752235	0.283030	0.463266	-0.084397	-0.017380	-0.007680	0.049180	-0.037311	0.998093	-0.250023	0.967026	0.048469	-0.966990	-0.251930	0.038229
19925	9.782359	0.266297	0.413024	-0.079277	-0.019540	-0.013927	0.048978	-0.037477	0.998097	-0.249276	0.967215	0.048550	-0.967193	-0.251180	0.038030
19926	9.807177	0.301411	0.414402	-0.072924	-0.020242	-0.012610	0.048761	-0.037546	0.998105	-0.248467	0.967424	0.048530	-0.967412	-0.250362	0.037844
19927	9.890486	0.330098	0.405296	-0.069636	-0.019447	-0.016125	0.048565	-0.037732	0.998107	-0.247812	0.967587	0.048636	-0.967590	-0.249705	0.037641
19928	9.868537	0.349124	0.384101	-0.068007	-0.012360	-0.014892	0.048443	-0.037807	0.998110	-0.247199	0.967742	0.048654	-0.967753	-0.249089	0.037535
19929	9.821810	0.334039	0.360009	-0.070456	-0.014399	-0.016214	0.048296	-0.037981	0.998111	-0.246536	0.967906	0.048761	-0.967929	-0.248426	0.037383
19930	9.854619	0.370103	0.293725	-0.067912	-0.008789	-0.016345	0.048136	-0.038073	0.998115	-0.245837	0.968083	0.048783	-0.968115	-0.247722	0.037240
19931	9.825810	0.337048	0.324051	-0.074368	-0.011600	-0.016226	0.048016	-0.038240	0.998114	-0.245136	0.968255	0.048889	-0.968299	-0.247021	0.037118
19932	9.803805	0.356216	0.303539	-0.074915	-0.008238	-0.016280	0.047854	-0.038334	0.998118	-0.244439	0.968430	0.048914	-0.968483	-0.246320	0.036973
19933	9.786785	0.300360	0.300521	-0.081547	-0.005824	-0.017630	0.047793	-0.038501	0.998115	-0.243668	0.968619	0.049030	-0.968681	-0.245552	0.036912
19934	9.812762	0.284401	0.285748	-0.081823	-0.004133	-0.017659	0.047699	-0.038593	0.998116	-0.242913	0.968806	0.049068	-0.968875	-0.244796	0.036837
19935	9.816459	0.262476	0.320508	-0.080540	-0.003714	-0.020452	0.047665	-0.038781	0.998110	-0.242150	0.968990	0.049213	-0.969067	-0.244038	0.036796
19936	9.813695	0.212397	0.336768	-0.077254	-0.002907	-0.023965	0.047579	-0.038941	0.998108	-0.241588	0.969124	0.049327	-0.969212	-0.243478	0.036703
19937	9.835657	0.196606	0.356419	-0.069168	-0.001560	-0.023390	0.047573	-0.039152	0.998100	-0.240934	0.969278	0.049505	-0.969375	-0.242831	0.036678
19938	9.792940	0.182798	0.298653	-0.060355	-0.008790	-0.021318	0.047390	-0.039301	0.998103	-0.240341	0.969421	0.049583	-0.969531	-0.242235	0.036495
19939	9.788905	0.184374	0.332278	-0.050342	-0.006841	-0.024920	0.047335	-0.039540	0.998096	-0.239869	0.969528	0.049784	-0.969651	-0.241769	0.036408
19940	9.825131	0.174178	0.370467	-0.035055	-0.007483	-0.027854	0.047249	-0.039727	0.998093	-0.239426	0.969630	0.049929	-0.969764	-0.241329	0.036303
19941	9.785058	0.213283	0.296278	-0.032043	-0.005008	-0.031381	0.047228	-0.040024	0.998082	-0.239128	0.969690	0.050201	-0.969839	-0.241040	0.036225
19942	9.795438	0.245075	0.280305	-0.023512	-0.002018	-0.028753	0.047229	-0.040214	0.998074	-0.238996	0.969713	0.050381	-0.969871	-0.240915	0.036188
19943	9.803188	0.224752	0.280512	-0.013958	-0.005500	-0.029509	0.047198	-0.040494	0.998064	-0.238874	0.969729	0.050640	-0.969903	-0.240802	0.036096
19944	9.801726	0.279141	0.298126	-0.008592	-0.004534	-0.030276	0.047119	-0.040708	0.998059	-0.239043	0.969677	0.050836	-0.969865	-0.240975	0.035959
19945	9.808038	0.310693	0.316666	-0.009129	0.002595	-0.035204	0.047180	-0.041023	0.998044	-0.238966	0.969680	0.051154	-0.969881	-0.240912	0.035946
19946	9.798648	0.388766	0.334295	-0.018026	-0.002269	-0.036425	0.047148	-0.041285	0.998034	-0.238746	0.969721	0.051392	-0.969937	-0.240700	0.035864
19947	9.806351	0.369047	0.334944	-0.025138	0.003258	-0.034341	0.047213	-0.041590	0.998019	-0.238514	0.969762	0.051696	-0.969991	-0.240482	0.035866
19948	9.806220	0.372451	0.335000	-0.029476	-0.004172	-0.036966	0.047229	-0.041855	0.998007	-0.238235	0.969817	0.051947	-0.970059	-0.240213	0.035832
19949	9.795712	0.347133	0.350763	-0.032939	0.004039	-0.039798	0.047314	-0.042211	0.997988	-0.237924	0.969875	0.052302	-0.970131	-0.239920	0.035846
19950	9.783685	0.373462	0.384993	-0.032021	0.002579	-0.041176	0.047350	-0.042515	0.997973	-0.237613	0.969935	0.052594	-0.970205	-0.239621	0.035824
19951	9.793722	0.382058	0.438837	-0.039744	0.003128	-0.043174	0.047434	-0.042905	0.997952	-0.237234	0.970007	0.052980	-0.970294	-0.239261	0.035833
19952	9.783351	0.381412	0.385675	-0.041834	-0.000812	-0.041030	0.047413	-0.043209	0.997940	-0.236814	0.970094	0.053254	-0.970397	-0.238851	0.035762
19953	9.783205	0.385256	0.385569	-0.044641	-0.004728	-0.040956	0.047415	-0.043597	0.997923	-0.236389	0.970178	0.053616	-0.970501	-0.238440	0.035695
19954	9.841601	0.383313	0.374450	-0.045524	-0.008018	-0.045062	0.047446	-0.043944	0.997907	-0.236072	0.970237	0.053950	-0.970577	-0.238137	0.035660
19955	9.805034	0.375853	0.404144	-0.042241	-0.007195	-0.048571	0.047442	-0.044412	0.997886	-0.235666	0.970311	0.054389	-0.970675	-0.237748	0.035567
19956	9.768457	0.368572	0.434186	-0.046080	-0.000859	-0.049986	0.047433	-0.044806	0.997869	-0.235314	0.970376	0.054757	-0.970761	-0.237409	0.035485
19957	9.774527	0.401905	0.452923	-0.049321	-0.002627	-0.056854	0.047493	-0.045343	0.997842	-0.234836	0.970462	0.055276	-0.970874	-0.236954	0.035442
19958	9.749910	0.397441	0.380215	-0.056688	-0.003984	-0.055379	0.047530	-0.045791	0.997820	-0.234333	0.970559	0.055702	-0.970994	-0.236470	0.035400
19959	9.753676	0.378894	0.414653	-0.058490	-0.005799	-0.058114	0.047561	-0.046348	0.997792	-0.233766	0.970666	0.056231	-0.971129	-0.235924	0.035331
19960	9.785856	0.395731	0.418366	-0.057211	-0.005357	-0.060906	0.047483	-0.046863	0.997772	-0.233094	0.970801	0.056689	-0.971294	-0.235266	0.035173
19961	9.785627	0.401630	0.418104	-0.053930	-0.004516	-0.064417	0.047540	-0.047478	0.997740	-0.232567	0.970892	0.057281	-0.971418	-0.234765	0.035115
19962	9.815919	0.470355	0.440520	-0.057859	-0.001734	-0.064406	0.047545	-0.048019	0.997714	-0.231937	0.971013	0.057786	-0.971568	-0.234154	0.035029
19963	9.793404	0.494333	0.421074	-0.065305	-0.002850	-0.066397	0.047622	-0.048649	0.997680	-0.231298	0.971129	0.058394	-0.971717	-0.233543	0.034995
19964	9.825439	0.511967	0.425168	-0.068030	-0.003197	-0.067757	0.047778	-0.049209	0.997645	-0.230740	0.971228	0.058956	-0.971842	-0.233014	0.035049
19965	9.792762	0.506931	0.421043	-0.069751	-0.005248	-0.067036	0.047832	-0.049851	0.997611	-0.230059	0.971352	0.059569	-0.972001	-0.232358	0.034994
19966	9.824782	0.524656	0.424884	-0.068830	-0.006680	-0.068427	0.047832	-0.050435	0.997581	-0.229598	0.971427	0.060122	-0.972110	-0.231918	0.034885
19967	9.798205	0.547819	0.439558	-0.072044	-0.003931	-0.066345	0.047897	-0.051067	0.997546	-0.228894	0.971555	0.060727	-0.972272	-0.231241	0.034846
19968	9.787656	0.549727	0.386242	-0.076620	-0.001366	-0.064939	0.047928	-0.051605	0.997517	-0.227973	0.971741	0.061225	-0.972487	-0.230342	0.034809
19969	9.795430	0.532656	0.386671	-0.078978	-0.003637	-0.062829	0.047987	-0.052202	0.997483	-0.227203	0.971885	0.061793	-0.972664	-0.229597	0.034777
19970	9.793231	0.486275	0.402205	-0.078056	-0.005064	-0.064223	0.048053	-0.052735	0.997452	-0.226383	0.972044	0.062298	-0.972852	-0.228800	0.034772
19971	9.815036	0.499751	0.352771	-0.072059	-0.003827	-0.066380	0.048117	-0.053367	0.997415	-0.225678	0.972169	0.062903	-0.973013	-0.228122	0.034734
19972	9.818684	0.507174	0.318411	-0.069775	-0.005072	-0.067097	0.048202	-0.053930	0.997381	-0.225098	0.972268	0.063451	-0.973143	-0.227567	0.034726
19973	9.818358	0.513517	0.318296	-0.065057	-0.004279	-0.066467	0.048261	-0.054564	0.997343	-0.224461	0.972375	0.064060	-0.973287	-0.226957	0.034681
19974	9.823991	0.547949	0.337433	-0.062917	-0.000548	-0.065131	0.048296	-0.055106	0.997312	-0.223796	0.972495	0.064572	-0.973439	-0.226313	0.034635
19975	9.799292	0.544889	0.264970	-0.058549	-0.001653	-0.063100	0.048372	-0.055701	0.997275	-0.223224	0.972588	0.065149	-0.973566	-0.225767	0.034612
19976	9.774906	0.516344	0.261167	-0.050470	-0.000273	-0.062504	0.048487	-0.056203	0.997241	-0.222601	0.972697	0.065643	-0.973703	-0.225170	0.034653
19977	9.760438	0.516954	0.242369	-0.046250	0.003590	-0.058414	0.048604	-0.056740	0.997205	-0.222151	0.972764	0.066177	-0.973800	-0.224747	0.034675
19978	9.796337	0.535416	0.212980	-0.036462	0.007050	-0.058534	0.048798	-0.057196	0.997170	-0.221866	0.972796	0.066655	-0.973855	-0.224491	0.034780
19979	9.786180	0.511444	0.228899	-0.041450	0.004116	-0.054319	0.048910	-0.057692	0.997136	-0.221465	0.972854	0.067150	-0.973941	-0.224115	0.034805
19980	9.809858	0.551140	0.233772	-0.036593	0.008201	-0.051617	0.049103	-0.058077	0.997104	-0.221083	0.972912	0.067555	-0.974018	-0.223760	0.034933
19981	9.772993	0.568834	0.196249	-0.037317	0.008257	-0.053692	0.049254	-0.058558	0.997068	-0.220722	0.972960	0.068045	-0.974092	-0.223426	0.034997
19982	9.777003	0.549676	0.231653	-0.031238	0.009226	-0.052375	0.049405	-0.058948	0.997038	-0.220484	0.972986	0.068451	-0.974139	-0.223213	0.035073
19983	9.760068	0.600710	0.232442	-0.026655	0.006715	-0.053801	0.049540	-0.059433	0.997002	-0.220227	0.973009	0.068946	-0.974190	-0.222982	0.035114
19984	9.786146	0.589438	0.218312	-0.021936	0.007502	-0.053160	0.049598	-0.059840	0.996975	-0.220115	0.973005	0.069352	-0.974212	-0.222889	0.035087
19985	9.805705	0.627982	0.257605	-0.017940	0.008336	-0.054591	0.049750	-0.060329	0.996938	-0.219942	0.973008	0.069857	-0.974243	-0.222744	0.035138
19986	9.809724	0.608848	0.292748	-0.022283	0.005614	-0.051771	0.049856	-0.060723	0.996909	-0.219909	0.972987	0.070263	-0.974245	-0.222733	0.035156
19987	9.814732	0.667719	0.243926	-0.024710	0.003584	-0.053130	0.049959	-0.061208	0.996874	-0.219671	0.973005	0.070752	-0.974294	-0.222519	0.035165
19988	9.804667	0.643196	0.259576	-0.028283	0.004385	-0.049636	0.050189	-0.061583	0.996839	-0.219395	0.973038	0.071159	-0.974344	-0.222273	0.035325
19989	9.782273	0.640090	0.309412	-0.027350	0.002954	-0.051030	0.050282	-0.062049	0.996806	-0.219132	0.973063	0.071625	-0.974399	-0.222033	0.035330
19990	9.762131	0.611692	0.271552	-0.020930	0.005833	-0.051102	0.050400	-0.062435	0.996776	-0.218922	0.973081	0.072020	-0.974440	-0.221845	0.035375
19991	9.743729	0.609961	0.287302	-0.014852	0.006807	-0.049779	0.050527	-0.062880	0.996741	-0.218781	0.973079	0.072478	-0.974465	-0.221730	0.035410
19992	9.715236	0.604266	0.249332	-0.009882	0.002349	-0.047738	0.050641	-0.063243	0.996712	-0.218831	0.973039	0.072860	-0.974448	-0.221801	0.035436
19993	9.709288	0.580706	0.230291	0.000149	0.000583	-0.046445	0.050700	-0.063670	0.996682	-0.218838	0.973005	0.073290	-0.974443	-0.221828	0.035398
19994	9.710704	0.611696	0.283494	0.004143	-0.006015	-0.041616	0.050667	-0.063996	0.996663	-0.218878	0.972972	0.073602	-0.974436	-0.221877	0.035290
19995	9.732516	0.623706	0.233425	0.005461	-0.009404	-0.039543	0.050613	-0.064378	0.996641	-0.218941	0.972931	0.073965	-0.974425	-0.221949	0.035149
19996	9.729465	0.678603	0.251485	0.006057	-0.012742	-0.039542	0.050505	-0.064700	0.996626	-0.218930	0.972911	0.074255	-0.974433	-0.221941	0.034972
19997	9.747293	0.689108	0.234728	0.000836	-0.022304	-0.039470	0.050325	-0.065110	0.996608	-0.218947	0.972880	0.074616	-0.974438	-0.221960	0.034705
19998	9.738600	0.715811	0.232485	-0.004521	-0.023324	-0.038724	0.050068	-0.065455	0.996599	-0.218771	0.972898	0.074889	-0.974491	-0.221777	0.034392
19999	9.770517	0.731444	0.234248	-0.009277	-0.027688	-0.037975	0.049833	-0.065861	0.996584	-0.218691	0.972890	0.075231	-0.974521	-0.221693	0.034079
20000	9.747720	0.752773	0.212110	-0.008379	-0.032695	-0.037974	0.049617	-0.066207	0.996571	-0.218751	0.972854	0.075522	-0.974518	-0.221748	0.033788
20001	9.729495	0.749642	0.223620	-0.004796	-0.040906	-0.035221	0.049247	-0.066616	0.996563	-0.218717	0.972837	0.075838	-0.974545	-0.221700	0.033340
20002	9.701117	0.742539	0.180728	-0.006352	-0.051528	-0.035185	0.048740	-0.066985	0.996563	-0.218514	0.972864	0.076079	-0.974616	-0.221471	0.032780
20003	9.691484	0.716064	0.190670	-0.003579	-0.055012	-0.028970	0.048219	-0.067364	0.996563	-0.218495	0.972848	0.076333	-0.974646	-0.221424	0.032191
20004	9.714995	0.753603	0.189041	-0.008066	-0.064618	-0.026825	0.047576	-0.067680	0.996572	-0.218417	0.972853	0.076496	-0.974695	-0.221308	0.031502
20005	9.710141	0.702385	0.231922	-0.011248	-0.070172	-0.028864	0.046907	-0.068091	0.996576	-0.218324	0.972854	0.076746	-0.974748	-0.221176	0.030768
20006	9.707184	0.756102	0.244296	-0.014941	-0.072672	-0.027435	0.046232	-0.068433	0.996584	-0.218062	0.972899	0.076923	-0.974839	-0.220874	0.030057
20007	9.749647	0.774561	0.294614	-0.018758	-0.078458	-0.028079	0.045480	-0.068855	0.996589	-0.217896	0.972917	0.077163	-0.974912	-0.220662	0.029245
20008	9.740268	0.747637	0.302016	-0.021515	-0.082386	-0.028046	0.044667	-0.069222	0.996601	-0.217771	0.972931	0.077339	-0.974977	-0.220485	0.028384
20009	9.736582	0.748828	0.328017	-0.023367	-0.091316	-0.028019	0.043789	-0.069671	0.996608	-0.217560	0.972959	0.077577	-0.975064	-0.220219	0.027448
20010	9.809469	0.752581	0.327455	-0.024909	-0.086527	-0.026626	0.043018	-0.070036	0.996616	-0.217273	0.973009	0.077755	-0.975163	-0.219883	0.026640
20011	9.750202	0.706812	0.345125	-0.024436	-0.093122	-0.028715	0.042124	-0.070495	0.996622	-0.217052	0.973039	0.078001	-0.975251	-0.219604	0.025687
20012	9.782431	0.721601	0.340252	-0.022749	-0.091007	-0.029443	0.041224	-0.070900	0.996631	-0.216718	0.973098	0.078190	-0.975364	-0.219211	0.024749
20013	9.760344	0.663398	0.396413	-0.021436	-0.082573	-0.024619	0.040423	-0.071296	0.996636	-0.216528	0.973124	0.078396	-0.975439	-0.218968	0.023899
20014	9.751910	0.688661	0.388681	-0.025832	-0.081444	-0.026643	0.039616	-0.071648	0.996643	-0.216346	0.973151	0.078559	-0.975513	-0.218732	0.023051
20015	9.734197	0.684315	0.396331	-0.020357	-0.077112	-0.025346	0.038870	-0.072038	0.996644	-0.216167	0.973174	0.078772	-0.975582	-0.218503	0.022255
20016	9.770874	0.621960	0.442133	-0.016981	-0.072915	-0.026792	0.038203	-0.072367	0.996646	-0.216229	0.973145	0.078948	-0.975595	-0.218520	0.021529
20017	9.751005	0.591203	0.396925	-0.001566	-0.070032	-0.027735	0.037531	-0.072764	0.996643	-0.216233	0.973125	0.079190	-0.975620	-0.218479	0.020789
20018	9.800469	0.560304	0.393276	0.014738	-0.075713	-0.027312	0.036761	-0.073111	0.996646	-0.216290	0.973098	0.079361	-0.975637	-0.218482	0.019959
20019	9.777667	0.580257	0.367248	0.025177	-0.067606	-0.019859	0.036096	-0.073427	0.996647	-0.216558	0.973025	0.079530	-0.975602	-0.218703	0.019221
20020	9.782980	0.558064	0.394666	0.038164	-0.066755	-0.022166	0.035540	-0.073702	0.996647	-0.216921	0.972932	0.079684	-0.975542	-0.219025	0.018590
20021	9.804296	0.568640	0.338141	0.041498	-0.069694	-0.020842	0.034857	-0.074032	0.996646	-0.217348	0.972821	0.079864	-0.975472	-0.219403	0.017819
20022	9.830789	0.554868	0.315559	0.045780	-0.070488	-0.022312	0.034185	-0.074318	0.996649	-0.217965	0.972672	0.080006	-0.975358	-0.219970	0.017052
20023	9.819858	0.553510	0.254840	0.051293	-0.074366	-0.025193	0.033466	-0.074701	0.996644	-0.218487	0.972536	0.080231	-0.975266	-0.220439	0.016226
20024	9.852469	0.620815	0.235477	0.051763	-0.080944	-0.027289	0.032729	-0.075054	0.996642	-0.219148	0.972372	0.080423	-0.975143	-0.221044	0.015377
20025	9.803072	0.657148	0.223859	0.055114	-0.080304	-0.027362	0.031958	-0.075472	0.996636	-0.219706	0.972225	0.080669	-0.975043	-0.221545	0.014488
20026	9.824030	0.668398	0.165469	0.050423	-0.089293	-0.032130	0.031161	-0.075887	0.996629	-0.220365	0.972056	0.080906	-0.974920	-0.222143	0.013568
20027	9.850650	0.708159	0.125528	0.038547	-0.092917	-0.034675	0.030284	-0.076405	0.996617	-0.220760	0.971940	0.081222	-0.974858	-0.222472	0.012567
20028	9.838637	0.733083	0.150492	0.022388	-0.095740	-0.035740	0.029338	-0.076873	0.996609	-0.221012	0.971862	0.081470	-0.974830	-0.222653	0.011523
20029	9.838496	0.736874	0.140838	0.004738	-0.098467	-0.040929	0.028421	-0.077464	0.996590	-0.221076	0.971816	0.081843	-0.974842	-0.222648	0.010494
20030	9.905448	0.714188	0.118963	-0.013576	-0.096792	-0.039161	0.027493	-0.077975	0.996576	-0.221114	0.971783	0.082135	-0.974860	-0.222615	0.009476
20031	9.861127	0.674979	0.156205	-0.026974	-0.088565	-0.043049	0.026677	-0.078565	0.996552	-0.220869	0.971806	0.082526	-0.974938	-0.222309	0.008572
20032	9.846280	0.621195	0.144009	-0.028521	-0.087360	-0.040249	0.025865	-0.079065	0.996534	-0.220734	0.971810	0.082832	-0.974991	-0.222112	0.007684
20033	9.799358	0.555102	0.128650	-0.021505	-0.084198	-0.041807	0.025088	-0.079632	0.996509	-0.220544	0.971821	0.083212	-0.975054	-0.221862	0.006819
20034	9.822710	0.516470	0.051499	-0.008093	-0.081696	-0.042127	0.024362	-0.080139	0.996486	-0.220516	0.971799	0.083545	-0.975079	-0.221776	0.006003
20035	9.880819	0.464816	0.046217	0.010385	-0.081115	-0.048818	0.023631	-0.080768	0.996453	-0.220636	0.971733	0.083996	-0.975070	-0.221838	0.005143
20036	9.860237	0.435879	0.000380	0.022564	-0.079089	-0.046341	0.022940	-0.081296	0.996426	-0.220939	0.971632	0.084360	-0.975018	-0.222085	0.004327
20037	9.819169	0.398649	0.004654	0.040866	-0.077130	-0.049574	0.022249	-0.081923	0.996390	-0.221357	0.971497	0.084819	-0.974939	-0.222445	0.003481
20038	9.853958	0.417506	-0.034365	0.055673	-0.079049	-0.054811	0.021555	-0.082542	0.996354	-0.221981	0.971315	0.085270	-0.974813	-0.223010	0.002614
20039	9.830297	0.440479	-0.061361	0.070030	-0.086119	-0.060736	0.020803	-0.083298	0.996308	-0.222681	0.971105	0.085841	-0.974669	-0.223645	0.001653
20040	9.873680	0.437580	-0.101917	0.087124	-0.092787	-0.065353	0.020001	-0.084041	0.996262	-0.223514	0.970865	0.086385	-0.974495	-0.224406	0.000634
20041	9.946061	0.498706	-0.121104	0.102087	-0.099580	-0.072703	0.019146	-0.084944	0.996202	-0.224525	0.970570	0.087074	-0.974280	-0.225339	-0.000490
20042	9.992275	0.523927	-0.110359	0.109125	-0.111646	-0.075676	0.018172	-0.085844	0.996143	-0.225620	0.970257	0.087729	-0.974046	-0.226344	-0.001736
20043	9.974040	0.577184	-0.121806	0.106832	-0.111441	-0.081892	0.017224	-0.086865	0.996071	-0.226677	0.969940	0.088506	-0.973818	-0.227310	-0.002984
20044	9.906605	0.559132	-0.105177	0.099665	-0.114248	-0.083795	0.016237	-0.087841	0.996002	-0.227846	0.969600	0.089227	-0.973562	-0.228384	-0.004271
20045	9.809411	0.582573	-0.141608	0.086112	-0.121071	-0.092442	0.015221	-0.088988	0.995916	-0.228701	0.969318	0.090107	-0.973378	-0.229138	-0.005598
20046	9.735695	0.589266	-0.159558	0.078323	-0.120582	-0.094326	0.014224	-0.090077	0.995833	-0.229558	0.969038	0.090933	-0.973191	-0.229894	-0.006894
20047	9.624755	0.581252	-0.111714	0.070270	-0.130169	-0.098941	0.013137	-0.091309	0.995736	-0.230259	0.968783	0.091876	-0.973041	-0.230484	-0.008298
20048	9.638749	0.596793	-0.106302	0.066152	-0.135328	-0.106468	0.012057	-0.092561	0.995634	-0.231064	0.968499	0.092837	-0.972864	-0.231175	-0.009710
20049	9.634757	0.658487	-0.101069	0.062775	-0.136982	-0.113337	0.010939	-0.093949	0.995517	-0.231693	0.968244	0.093921	-0.972727	-0.231682	-0.011176
20050	9.671618	0.710938	-0.093484	0.055275	-0.139241	-0.122155	0.009815	-0.095355	0.995395	-0.232408	0.967966	0.095019	-0.972569	-0.232270	-0.012661
20051	9.724043	0.717708	-0.051899	0.048995	-0.139930	-0.126845	0.008700	-0.096881	0.995258	-0.232904	0.967726	0.096237	-0.972461	-0.232637	-0.014144
20052	9.784650	0.754809	-0.026328	0.041940	-0.140583	-0.133593	0.007596	-0.098407	0.995117	-0.233572	0.967444	0.097454	-0.972310	-0.233172	-0.015636
20053	9.766461	0.761033	-0.023936	0.039244	-0.130573	-0.135669	0.006596	-0.099998	0.994966	-0.233975	0.967214	0.098760	-0.972220	-0.233449	-0.017018
20054	9.720990	0.729901	0.045523	0.041759	-0.126260	-0.139292	0.005612	-0.101542	0.994815	-0.234623	0.966927	0.100019	-0.972070	-0.233968	-0.018398
20055	9.632104	0.734536	0.009847	0.048254	-0.124579	-0.143049	0.004688	-0.103190	0.994651	-0.235117	0.966664	0.101395	-0.971956	-0.234334	-0.019730
20056	9.639408	0.672783	0.047555	0.063589	-0.126015	-0.149906	0.003755	-0.104834	0.994483	-0.235896	0.966330	0.102757	-0.971771	-0.234980	-0.021102
20057	9.555523	0.653612	0.080543	0.086571	-0.131032	-0.157047	0.002804	-0.106634	0.994294	-0.236763	0.965957	0.104262	-0.971563	-0.235705	-0.022538
20058	9.562290	0.698339	0.051190	0.111569	-0.134470	-0.158033	0.001850	-0.108378	0.994108	-0.238022	0.965491	0.105701	-0.971258	-0.236815	-0.024010
20059	9.714566	0.697359	0.080596	0.122489	-0.133731	-0.159911	0.000885	-0.110212	0.993908	-0.239241	0.965022	0.107222	-0.970960	-0.237878	-0.025514
20060	9.816643	0.782162	0.057508	0.138463	-0.123419	-0.162065	0.000019	-0.111962	0.993712	-0.240752	0.964484	0.108674	-0.970587	-0.239240	-0.026937
20061	9.768576	0.857627	0.095567	0.130449	-0.113458	-0.156299	-0.000754	-0.113715	0.993513	-0.242050	0.963991	0.110152	-0.970264	-0.240397	-0.028251
20062	9.688644	0.893177	0.010706	0.127738	-0.106993	-0.156987	-0.001448	-0.115385	0.993320	-0.243550	0.963451	0.111561	-0.969887	-0.241761	-0.029497
20063	9.733983	0.928239	0.019611	0.130784	-0.102392	-0.162082	-0.002094	-0.117168	0.993110	-0.244853	0.962942	0.113093	-0.969558	-0.242929	-0.030705
20064	9.632815	1.008363	-0.029555	0.135381	-0.092158	-0.169391	-0.002571	-0.118914	0.992901	-0.246400	0.962367	0.114619	-0.969165	-0.244356	-0.031774
20065	9.598474	1.143716	-0.021425	0.136042	-0.082857	-0.175139	-0.002990	-0.120776	0.992675	-0.247755	0.961820	0.116275	-0.968818	-0.245593	-0.032798
20066	9.574983	1.257348	-0.046930	0.126096	-0.071270	-0.173483	-0.003187	-0.122528	0.992460	-0.249355	0.961212	0.117870	-0.968407	-0.247099	-0.033616
20067	9.585283	1.332347	-0.053133	0.105342	-0.061780	-0.173415	-0.003400	-0.124321	0.992236	-0.250412	0.960734	0.119516	-0.968133	-0.248062	-0.034398
20068	9.567060	1.394918	-0.129108	0.091590	-0.052560	-0.173648	-0.003533	-0.126018	0.992022	-0.251546	0.960241	0.121085	-0.967839	-0.249111	-0.035092
20069	9.590929	1.395858	-0.151262	0.067795	-0.047630	-0.168492	-0.003618	-0.127728	0.991803	-0.252240	0.959855	0.122693	-0.967658	-0.249729	-0.035691
20070	9.601817	1.418034	-0.103828	0.049999	-0.042668	-0.169177	-0.003596	-0.129361	0.991591	-0.252976	0.959461	0.124252	-0.967466	-0.250402	-0.036176
20071	9.642374	1.426068	-0.140895	0.039662	-0.036324	-0.168120	-0.003571	-0.131038	0.991371	-0.253398	0.959139	0.125865	-0.967355	-0.250762	-0.036630
20072	9.664684	1.426449	-0.126415	0.037704	-0.029968	-0.166746	-0.003535	-0.132620	0.991161	-0.254111	0.958750	0.127377	-0.967168	-0.251415	-0.037090
20073	9.660173	1.361313	-0.130868	0.037676	-0.025286	-0.161251	-0.003419	-0.134203	0.990948	-0.254514	0.958437	0.128922	-0.967063	-0.251770	-0.037434
20074	9.679293	1.332281	-0.168331	0.047510	-0.030622	-0.153986	-0.003327	-0.135653	0.990751	-0.255121	0.958086	0.130324	-0.966903	-0.252328	-0.037796
20075	9.718342	1.258090	-0.205970	0.063450	-0.032602	-0.150537	-0.003307	-0.137151	0.990545	-0.255773	0.957717	0.131752	-0.966731	-0.252918	-0.038246
20076	9.747726	1.205941	-0.244281	0.075376	-0.038793	-0.147547	-0.003379	-0.138573	0.990346	-0.256808	0.957258	0.133067	-0.966457	-0.253879	-0.038821
20077	9.740794	1.110220	-0.302706	0.094763	-0.043527	-0.142832	-0.003481	-0.140025	0.990142	-0.257762	0.956815	0.134405	-0.966202	-0.254753	-0.039424
20078	9.777070	1.086985	-0.359234	0.118781	-0.055125	-0.145231	-0.003632	-0.141467	0.989936	-0.259212	0.956240	0.135700	-0.965814	-0.256110	-0.040143
20079	9.766884	1.043007	-0.436484	0.143831	-0.062657	-0.151944	-0.003892	-0.143054	0.989707	-0.260639	0.955651	0.137106	-0.965428	-0.257423	-0.041005
20080	9.751528	1.050450	-0.497568	0.164426	-0.080303	-0.151315	-0.004394	-0.144595	0.989481	-0.262362	0.954994	0.138390	-0.964960	-0.258994	-0.042132
20081	9.692619	1.036497	-0.648669	0.180521	-0.092390	-0.147071	-0.004947	-0.146213	0.989241	-0.264144	0.954308	0.139728	-0.964471	-0.260610	-0.043342
20082	9.672046	1.013202	-0.730565	0.193907	-0.111693	-0.144674	-0.005731	-0.147779	0.989004	-0.266220	0.953553	0.140940	-0.963895	-0.262485	-0.044806
20083	9.862333	0.979099	-0.753725	0.199822	-0.127830	-0.138464	-0.006642	-0.149410	0.988753	-0.268188	0.952817	0.142178	-0.963344	-0.264227	-0.046399
20084	9.695217	1.022366	-0.809444	0.191549	-0.131302	-0.137360	-0.007587	-0.150972	0.988509	-0.270333	0.952039	0.143327	-0.962737	-0.266139	-0.048036
20085	9.559718	0.998504	-0.899152	0.191303	-0.149786	-0.139162	-0.008701	-0.152670	0.988239	-0.272219	0.951313	0.144569	-0.962196	-0.267759	-0.049837
20086	9.592341	1.135189	-0.863114	0.189281	-0.160128	-0.141028	-0.009849	-0.154352	0.987967	-0.274347	0.950519	0.145766	-0.961580	-0.269610	-0.051707
20087	9.535992	1.309287	-0.969887	0.192138	-0.165445	-0.148858	-0.011079	-0.156187	0.987665	-0.276243	0.949765	0.147095	-0.961024	-0.271206	-0.053668
20088	9.518353	1.557288	-1.007615	0.167034	-0.172513	-0.150220	-0.012411	-0.157996	0.987362	-0.278178	0.949003	0.148361	-0.960449	-0.272821	-0.055729
20089	9.442448	1.562612	-1.063383	0.135956	-0.177655	-0.150556	-0.013747	-0.159884	0.987040	-0.279537	0.948388	0.149730	-0.960036	-0.273856	-0.057731
20090	9.428747	1.597555	-1.117364	0.105560	-0.183971	-0.155765	-0.015100	-0.161775	0.986712	-0.280875	0.947777	0.151093	-0.959626	-0.274861	-0.059749
20091	9.388265	1.566945	-1.153723	0.055375	-0.181729	-0.155094	-0.016457	-0.163718	0.986370	-0.281464	0.947368	0.152549	-0.959431	-0.275117	-0.061672
20092	9.337582	1.477742	-1.188320	-0.008708	-0.176170	-0.151528	-0.017742	-0.165569	0.986039	-0.281800	0.947042	0.153951	-0.959309	-0.275134	-0.063460
20093	9.295001	1.448479	-1.117689	-0.070214	-0.162024	-0.142653	-0.018945	-0.167339	0.985717	-0.281187	0.946994	0.155361	-0.959466	-0.274228	-0.064994
20094	9.263183	1.477837	-1.045074	-0.139734	-0.149746	-0.133902	-0.020005	-0.168938	0.985424	-0.280131	0.947089	0.156679	-0.959753	-0.272914	-0.066272
20095	9.343392	1.508274	-0.829365	-0.196836	-0.129747	-0.122536	-0.020959	-0.170425	0.985148	-0.278301	0.947413	0.157976	-0.960265	-0.270857	-0.067286
20096	9.549542	1.516081	-0.608428	-0.248986	-0.108953	-0.107251	-0.021664	-0.171673	0.984916	-0.276280	0.947812	0.159128	-0.960833	-0.268665	-0.067963
20097	9.874326	1.633721	-0.330584	-0.293049	-0.072354	-0.095560	-0.022146	-0.172745	0.984718	-0.273519	0.948427	0.160228	-0.961612	-0.265790	-0.068253
20098	10.094188	1.888628	-0.050395	-0.333908	-0.042775	-0.091615	-0.022253	-0.173661	0.984554	-0.270612	0.949081	0.161288	-0.962431	-0.262843	-0.068114
20099	10.321814	2.091086	0.113852	-0.355455	-0.013301	-0.093039	-0.022180	-0.174552	0.984398	-0.267245	0.949845	0.162404	-0.963373	-0.259473	-0.067716
20100	10.534082	2.367782	0.196133	-0.360335	0.004254	-0.107193	-0.021926	-0.175462	0.984242	-0.263897	0.950578	0.163582	-0.964302	-0.256152	-0.067146
20101	10.589132	2.462042	0.121683	-0.325533	0.027993	-0.125907	-0.021375	-0.176561	0.984058	-0.260819	0.951183	0.164997	-0.965151	-0.253134	-0.066382
20102	10.314959	2.371961	-0.064621	-0.244885	0.033047	-0.142159	-0.020758	-0.177746	0.983857	-0.258680	0.951515	0.166445	-0.965740	-0.251049	-0.065731
20103	10.029411	2.115415	-0.343362	-0.126850	0.025920	-0.155515	-0.020156	-0.179133	0.983618	-0.257522	0.951553	0.168017	-0.966062	-0.249917	-0.065310
20104	9.744523	1.859424	-0.626792	0.002502	0.007404	-0.165159	-0.019644	-0.180641	0.983353	-0.257972	0.951155	0.169573	-0.965953	-0.250346	-0.065285
20105	9.482022	1.557988	-0.914736	0.120627	-0.012155	-0.155870	-0.019408	-0.182126	0.983084	-0.259203	0.950567	0.170985	-0.965628	-0.251500	-0.065656
20106	9.359203	1.321484	-1.185202	0.210831	-0.047621	-0.136352	-0.019458	-0.183483	0.982830	-0.261507	0.949730	0.172126	-0.965005	-0.253668	-0.066462
20107	9.253911	1.197468	-1.387270	0.274220	-0.066759	-0.102809	-0.019881	-0.184601	0.982612	-0.264209	0.948839	0.172911	-0.964261	-0.256177	-0.067637
20108	9.156708	1.317657	-1.468106	0.313023	-0.100196	-0.067624	-0.020636	-0.185445	0.982438	-0.267508	0.947844	0.173296	-0.963335	-0.259234	-0.069168
20109	9.156039	1.428182	-1.431184	0.303245	-0.152746	-0.039697	-0.022050	-0.186191	0.982266	-0.270472	0.946978	0.173431	-0.962475	-0.261851	-0.071240
20110	9.566639	1.633830	-1.183384	0.263912	-0.152276	-0.015583	-0.023398	-0.186714	0.982136	-0.273435	0.946140	0.173357	-0.961606	-0.264494	-0.073192
20111	9.948136	1.824679	-1.007433	0.184588	-0.173586	-0.005331	-0.025102	-0.187198	0.982001	-0.275247	0.945638	0.173230	-0.961046	-0.265944	-0.075263
20112	9.937312	1.875420	-0.803031	0.082192	-0.178578	-0.009898	-0.026806	-0.187705	0.981860	-0.276237	0.945357	0.173185	-0.960716	-0.266583	-0.077192
20113	9.961839	1.781991	-0.632565	-0.019362	-0.205900	-0.028057	-0.028756	-0.188491	0.981654	-0.276094	0.945353	0.173433	-0.960700	-0.266042	-0.079226
20114	9.886537	1.505056	-0.429939	-0.109253	-0.241228	-0.057323	-0.031010	-0.189616	0.981368	-0.275319	0.945479	0.173982	-0.960853	-0.264794	-0.081524
20115	9.741814	1.331927	-0.212936	-0.158165	-0.279127	-0.081577	-0.033518	-0.191097	0.980999	-0.273861	0.945738	0.174871	-0.961185	-0.262796	-0.084033
20116	9.891019	1.115872	-0.032795	-0.184278	-0.310483	-0.099104	-0.036270	-0.192774	0.980573	-0.272265	0.946006	0.175908	-0.961538	-0.260596	-0.086798
20117	9.706972	0.951770	0.075320	-0.178794	-0.324059	-0.117043	-0.039119	-0.194695	0.980083	-0.270626	0.946241	0.177171	-0.961889	-0.258305	-0.089705
20118	9.458286	0.918621	0.252291	-0.151817	-0.349899	-0.130781	-0.042159	-0.196787	0.979539	-0.269539	0.946300	0.178509	-0.962066	-0.256498	-0.092937
20119	9.492002	1.056244	0.376558	-0.093614	-0.347832	-0.145826	-0.045163	-0.199029	0.978952	-0.268738	0.946249	0.179982	-0.962154	-0.254953	-0.096222
20120	9.096642	1.390201	0.352165	-0.020535	-0.338484	-0.164268	-0.048025	-0.201371	0.978337	-0.268809	0.945937	0.181507	-0.961996	-0.254269	-0.099559
20121	9.223165	1.800359	0.305752	0.049016	-0.330463	-0.177617	-0.050775	-0.203863	0.977682	-0.269404	0.945451	0.183151	-0.961688	-0.254092	-0.102927
20122	9.132172	2.212818	0.142081	0.109669	-0.295546	-0.176591	-0.053163	-0.206224	0.977060	-0.270799	0.944756	0.184671	-0.961167	-0.254769	-0.106071
20123	9.115480	2.774881	-0.089834	0.138021	-0.270661	-0.169434	-0.055353	-0.208487	0.976457	-0.272254	0.944051	0.186134	-0.960632	-0.255541	-0.109018
20124	9.168935	3.234011	-0.270889	0.127935	-0.231725	-0.142414	-0.057171	-0.210367	0.975949	-0.273737	0.943388	0.187313	-0.960104	-0.256445	-0.111520
20125	9.166817	3.607377	-0.464355	0.064238	-0.185780	-0.112386	-0.058696	-0.211876	0.975532	-0.274455	0.942985	0.188293	-0.959807	-0.256688	-0.113500
20126	9.190820	3.742951	-0.600789	-0.040866	-0.138688	-0.076671	-0.059760	-0.212938	0.975236	-0.274417	0.942844	0.189050	-0.959752	-0.256324	-0.114779
20127	9.179865	3.609786	-0.712160	-0.156780	-0.099948	-0.051126	-0.060629	-0.213648	0.975027	-0.272979	0.943134	0.189685	-0.960108	-0.254662	-0.115503
20128	9.237775	3.265502	-0.924112	-0.258278	-0.072506	-0.029461	-0.061208	-0.214110	0.974890	-0.270827	0.943642	0.190243	-0.960680	-0.252382	-0.115745
20129	9.271886	2.712845	-1.013882	-0.321818	-0.061961	-0.016507	-0.061809	-0.214393	0.974790	-0.267780	0.944412	0.190732	-0.961495	-0.249241	-0.115783
20130	9.316602	2.139086	-1.140845	-0.344112	-0.066210	-0.009078	-0.062394	-0.214661	0.974694	-0.264884	0.945135	0.191195	-0.962260	-0.246251	-0.115831
20131	9.401976	1.640201	-1.203660	-0.338076	-0.086130	-0.012442	-0.063240	-0.214961	0.974573	-0.261674	0.945934	0.191664	-0.963082	-0.242900	-0.116070
20132	9.461137	1.345110	-1.164579	-0.300757	-0.126571	-0.022633	-0.064395	-0.215462	0.974387	-0.259014	0.946559	0.192191	-0.963724	-0.240004	-0.116762
20133	9.626479	1.217605	-1.166201	-0.255043	-0.166726	-0.032896	-0.065967	-0.216143	0.974131	-0.256614	0.947096	0.192767	-0.964260	-0.237259	-0.117942
20134	9.751137	1.173213	-1.031811	-0.193692	-0.207483	-0.035398	-0.067852	-0.216948	0.973822	-0.255018	0.947419	0.193297	-0.964553	-0.235226	-0.119610
20135	9.760280	1.235093	-0.947087	-0.127792	-0.241807	-0.040497	-0.070131	-0.217870	0.973455	-0.253850	0.947629	0.193802	-0.964698	-0.233520	-0.121764
20136	9.661219	1.320042	-0.809187	-0.069048	-0.270789	-0.047887	-0.072679	-0.218876	0.973042	-0.253246	0.947697	0.194259	-0.964668	-0.232301	-0.124307
20137	9.565517	1.546183	-0.704702	-0.025472	-0.296301	-0.057556	-0.075440	-0.220079	0.972560	-0.253080	0.947629	0.194807	-0.964499	-0.231439	-0.127187
20138	9.452135	1.798157	-0.739316	0.000302	-0.322956	-0.064301	-0.078428	-0.221378	0.972029	-0.253268	0.947467	0.195349	-0.964212	-0.230863	-0.130376
20139	9.144923	2.006303	-0.818758	0.010358	-0.335410	-0.065398	-0.081545	-0.222742	0.971461	-0.253456	0.947298	0.195926	-0.963904	-0.230246	-0.133703
20140	9.115551	2.166854	-0.898184	0.021861	-0.384053	-0.056894	-0.085126	-0.224127	0.970835	-0.253894	0.947086	0.196382	-0.963479	-0.229772	-0.137526
20141	9.529086	2.496437	-0.844082	0.010267	-0.366973	-0.037545	-0.088614	-0.225295	0.970252	-0.254062	0.946978	0.196687	-0.963120	-0.229075	-0.141155
20142	9.501182	2.574185	-0.961434	-0.032068	-0.361024	-0.014484	-0.092095	-0.226225	0.969712	-0.253961	0.946981	0.196803	-0.962820	-0.228144	-0.144664
20143	9.355198	2.536183	-1.125147	-0.073197	-0.370828	0.002110	-0.095719	-0.227019	0.969175	-0.253291	0.947152	0.196845	-0.962643	-0.226641	-0.148162
20144	9.498412	2.587865	-1.184427	-0.096495	-0.387863	0.016207	-0.099535	-0.227660	0.968640	-0.252379	0.947417	0.196738	-0.962495	-0.224883	-0.151758
20145	9.519723	2.573992	-1.237626	-0.113857	-0.378129	0.029165	-0.103296	-0.228201	0.968119	-0.251290	0.947738	0.196584	-0.962384	-0.222972	-0.155242
20146	9.405358	2.454800	-1.213747	-0.138743	-0.380331	0.042867	-0.107072	-0.228601	0.967614	-0.250013	0.948128	0.196332	-0.962304	-0.220894	-0.158671
20147	9.475434	2.289137	-1.135802	-0.157386	-0.378681	0.051020	-0.110892	-0.228919	0.967109	-0.248478	0.948591	0.196045	-0.962269	-0.218566	-0.162073
20148	9.523783	2.117709	-1.142943	-0.170963	-0.368455	0.053790	-0.114596	-0.229185	0.966614	-0.246948	0.949053	0.195745	-0.962229	-0.216272	-0.165354
20149	9.458578	1.861179	-1.177626	-0.155889	-0.353447	0.057755	-0.118187	-0.229367	0.966138	-0.245416	0.949521	0.195400	-0.962186	-0.214012	-0.168512
20150	9.504525	1.659026	-1.167224	-0.130179	-0.329517	0.050053	-0.121542	-0.229533	0.965682	-0.244190	0.949909	0.195049	-0.962080	-0.212104	-0.171503
20151	9.616562	1.503912	-0.986501	-0.097206	-0.301283	0.047267	-0.124604	-0.229690	0.965255	-0.243233	0.950223	0.194714	-0.961931	-0.210519	-0.174270
20152	9.616252	1.357588	-0.948754	-0.057959	-0.259639	0.041842	-0.127219	-0.229812	0.964884	-0.242816	0.950405	0.194349	-0.961694	-0.209565	-0.176711
20153	9.700070	1.279612	-0.878511	0.005729	-0.214095	0.035787	-0.129412	-0.229890	0.964574	-0.242861	0.950475	0.193946	-0.961390	-0.209158	-0.178835
20154	9.721207	1.233107	-0.901062	0.078797	-0.157446	0.024525	-0.131044	-0.229917	0.964347	-0.243673	0.950364	0.193471	-0.960964	-0.209632	-0.180564
20155	9.667389	1.256935	-0.909311	0.173660	-0.113604	0.021056	-0.132235	-0.229925	0.964183	-0.245349	0.950048	0.192906	-0.960374	-0.211052	-0.182041
20156	9.515843	1.314166	-0.938190	0.260645	-0.078754	0.021799	-0.133073	-0.229807	0.964096	-0.247874	0.949551	0.192126	-0.959609	-0.213408	-0.183322
20157	9.376632	1.410526	-1.035434	0.347280	-0.066856	0.019302	-0.133811	-0.229737	0.964010	-0.251214	0.948849	0.191253	-0.958638	-0.216581	-0.184679
20158	9.181912	1.594486	-1.229971	0.421250	-0.078297	0.034185	-0.134658	-0.229535	0.963940	-0.255318	0.947991	0.190070	-0.957434	-0.220517	-0.186259
20159	9.241502	1.628320	-1.406360	0.480929	-0.089265	0.060589	-0.135717	-0.229130	0.963888	-0.259873	0.947058	0.188538	-0.956058	-0.224900	-0.188077
20160	9.176088	1.674223	-1.572242	0.530862	-0.117996	0.092898	-0.137138	-0.228442	0.963850	-0.264913	0.946059	0.186533	-0.954471	-0.229755	-0.190258
20161	9.131070	1.722458	-1.692886	0.554762	-0.170159	0.119751	-0.139130	-0.227675	0.963746	-0.270073	0.945043	0.184268	-0.952735	-0.234644	-0.192973
20162	9.357718	2.010692	-1.742408	0.559232	-0.220136	0.148364	-0.141668	-0.226731	0.963599	-0.275296	0.944041	0.181655	-0.950864	-0.239540	-0.196159
20163	9.213104	2.306764	-1.932680	0.541584	-0.272640	0.170658	-0.144782	-0.225751	0.963366	-0.280231	0.943117	0.178890	-0.948951	-0.244065	-0.199808
20164	9.527005	2.576872	-1.974586	0.492627	-0.335126	0.189364	-0.148539	-0.224727	0.963034	-0.284732	0.942316	0.175975	-0.947029	-0.248067	-0.203958
20165	9.565460	2.756708	-1.939105	0.418271	-0.375908	0.200223	-0.152720	-0.223751	0.962607	-0.288423	0.941720	0.173137	-0.945246	-0.251196	-0.208354
20166	9.737063	2.912805	-1.731586	0.320403	-0.411291	0.203849	-0.157250	-0.222776	0.962103	-0.291183	0.941372	0.170384	-0.943655	-0.253355	-0.212900
20167	10.716875	3.048468	-1.261619	0.194659	-0.402022	0.211277	-0.161708	-0.221779	0.961595	-0.292716	0.941346	0.167884	-0.942427	-0.254326	-0.217141
20168	10.797730	2.939734	-1.037001	0.045804	-0.361460	0.217769	-0.165778	-0.220614	0.961170	-0.292904	0.941688	0.165624	-0.941661	-0.254074	-0.220730
20169	11.157488	2.720164	-0.752281	-0.107769	-0.306511	0.219503	-0.169355	-0.219294	0.960848	-0.291555	0.942442	0.163704	-0.941443	-0.252416	-0.223544
20170	10.904868	2.253743	-0.443638	-0.196873	-0.253352	0.203260	-0.172394	-0.217946	0.960614	-0.289420	0.943377	0.162095	-0.941550	-0.250077	-0.225710
20171	10.722173	1.725801	0.140107	-0.195290	-0.217234	0.179366	-0.175006	-0.216764	0.960409	-0.287304	0.944252	0.160765	-0.941716	-0.247794	-0.227527
20172	10.927346	1.440184	0.740018	-0.122220	-0.168819	0.155931	-0.177111	-0.215627	0.960279	-0.285930	0.944894	0.159437	-0.941741	-0.246335	-0.229005
20173	11.225430	1.390742	0.912803	-0.011017	-0.064015	0.144629	-0.178176	-0.214389	0.960360	-0.285603	0.945230	0.158023	-0.941639	-0.246126	-0.229648
20174	11.374920	1.590719	0.786704	0.105177	0.088621	0.126862	-0.177763	-0.212883	0.960771	-0.286452	0.945236	0.156442	-0.941459	-0.247405	-0.229009
20175	11.485112	1.635128	0.284692	0.225958	0.299843	0.126556	-0.175354	-0.210912	0.961648	-0.288389	0.944940	0.154661	-0.941320	-0.250208	-0.226524
