// General information: 
//  MT Manager version: 2022.2.0 
//  XDA version: 2022.2.0 build 7381 rev 124627 built on 2023-07-19
// Device information: 
//  DeviceId: 00B4CB9F
//  ProductCode: MTW2-3A7G6
//  Firmware Version: 4.6.0
//  Hardware Version: 2.0.0
// Device settings: 
//  Filter Profile: human(46.1)
//  Option Flags: Orientation Smoother Disabled, Position/Velocity Smoother Disabled, Continuous Zero Rotation Update Disabled, AHS Disabled, ICC Disabled
// Coordinate system: ENU
PacketCounter	Acc_X	Acc_Y	Acc_Z	Gyr_X	Gyr_Y	Gyr_Z	Mat[1][1]	Mat[2][1]	Mat[3][1]	Mat[1][2]	Mat[2][2]	Mat[3][2]	Mat[1][3]	Mat[2][3]	Mat[3][3]
14412	9.793693	-0.014371	-0.962917	0.103562	-0.021638	0.022714	-0.040676	-0.040972	0.998332	-0.620595	0.784101	0.006894	-0.783076	-0.619279	-0.057321
14413	9.801587	0.044117	-0.804246	0.063817	-0.024137	0.033176	-0.041144	-0.040816	0.998319	-0.621082	0.783719	0.006445	-0.782665	-0.619773	-0.057595
14414	9.823607	0.029687	-0.577192	0.049004	-0.015204	0.034958	-0.041542	-0.040623	0.998311	-0.621473	0.783413	0.006017	-0.782333	-0.620173	-0.057790
14415	9.776490	0.104416	-0.573341	0.038338	-0.019203	0.028891	-0.041984	-0.040493	0.998297	-0.621880	0.783093	0.005610	-0.781987	-0.620585	-0.058059
14416	9.786162	0.129328	-0.556871	0.021311	-0.022236	0.019511	-0.042342	-0.040465	0.998283	-0.622060	0.782951	0.005352	-0.781824	-0.620765	-0.058323
14417	9.773086	0.176335	-0.495710	-0.029829	-0.022827	0.015984	-0.042638	-0.040468	0.998271	-0.622004	0.782997	0.005175	-0.781853	-0.620707	-0.058557
14418	9.686418	0.155072	-0.518808	-0.043399	-0.019183	0.012855	-0.042930	-0.040473	0.998258	-0.621681	0.783255	0.005021	-0.782093	-0.620382	-0.058787
14419	9.696318	0.175773	-0.526544	-0.056826	-0.035286	0.012146	-0.043334	-0.040589	0.998236	-0.621451	0.783438	0.004878	-0.782253	-0.620143	-0.059174
14420	9.762688	0.151599	-0.498940	-0.066764	-0.045367	0.012261	-0.043828	-0.040761	0.998207	-0.620945	0.783839	0.004744	-0.782628	-0.619624	-0.059664
14421	9.745660	0.025642	-0.599242	-0.040042	-0.055620	0.011549	-0.044418	-0.041002	0.998171	-0.620840	0.783924	0.004574	-0.782678	-0.619502	-0.060276
14422	9.730246	-0.141882	-0.640572	-0.015525	-0.070867	0.011602	-0.045107	-0.041336	0.998127	-0.620735	0.784008	0.004417	-0.782721	-0.619373	-0.061023
14423	9.762217	-0.136979	-0.674010	-0.004081	-0.073837	0.016597	-0.045843	-0.041650	0.998080	-0.620839	0.783927	0.004197	-0.782596	-0.619455	-0.061795
14424	9.756798	-0.015493	-0.635566	-0.020258	-0.070950	0.021081	-0.046591	-0.041911	0.998034	-0.620693	0.784044	0.003949	-0.782668	-0.619289	-0.062543
14425	9.739832	0.114382	-0.699166	-0.023130	-0.063960	0.018599	-0.047253	-0.042130	0.997994	-0.620557	0.784153	0.003721	-0.782737	-0.619136	-0.063198
14426	9.835889	0.166156	-0.642236	-0.057182	-0.063014	0.011843	-0.047882	-0.042414	0.997952	-0.620125	0.784495	0.003588	-0.783040	-0.618684	-0.063865
14427	9.875335	0.268718	-0.596860	-0.114950	-0.045949	0.023202	-0.048365	-0.042500	0.997925	-0.619367	0.785094	0.003418	-0.783611	-0.617916	-0.064294
14428	9.714035	0.184884	-0.683018	-0.138540	-0.057621	0.022626	-0.049019	-0.042664	0.997886	-0.618291	0.785942	0.003230	-0.784419	-0.616826	-0.064905
14429	9.728132	0.093775	-0.692895	-0.148993	-0.075896	0.018167	-0.049798	-0.042967	0.997835	-0.617177	0.786819	0.003080	-0.785247	-0.615687	-0.065700
14430	9.804958	0.034884	-0.912023	-0.152396	-0.075830	0.021976	-0.050592	-0.043247	0.997783	-0.615990	0.787748	0.002910	-0.786127	-0.614477	-0.066493
14431	9.796560	-0.062736	-0.997434	-0.128633	-0.084986	0.015714	-0.051374	-0.043621	0.997726	-0.615041	0.788490	0.002804	-0.786820	-0.613498	-0.067337
14432	9.745485	-0.149421	-0.885599	-0.134614	-0.086548	0.019913	-0.052240	-0.043981	0.997666	-0.613993	0.789307	0.002646	-0.787581	-0.612421	-0.068237
14433	9.754743	-0.095430	-0.756487	-0.160993	-0.085127	0.021604	-0.053006	-0.044305	0.997611	-0.612810	0.790226	0.002534	-0.788451	-0.611211	-0.069038
14434	9.830995	-0.076747	-0.644514	-0.165298	-0.089464	0.024130	-0.053922	-0.044646	0.997547	-0.611515	0.791229	0.002357	-0.789393	-0.609888	-0.069966
14435	9.818494	-0.014205	-0.517071	-0.166783	-0.075372	0.028027	-0.054691	-0.044866	0.997495	-0.610294	0.792172	0.002169	-0.790285	-0.608647	-0.070706
14436	9.806356	0.053065	-0.364427	-0.169183	-0.065874	0.028864	-0.055450	-0.045023	0.997446	-0.608963	0.793197	0.001950	-0.791258	-0.607299	-0.071400
14437	9.826233	0.094135	-0.379760	-0.151027	-0.048441	0.030997	-0.056095	-0.045048	0.997409	-0.607805	0.794085	0.001682	-0.792103	-0.606136	-0.071924
14438	9.755623	-0.070593	-0.397599	-0.120697	-0.042575	0.022587	-0.056631	-0.045112	0.997375	-0.606858	0.794809	0.001492	-0.792790	-0.605181	-0.072387
14439	9.789266	-0.145198	-0.536005	-0.089243	-0.046630	0.017034	-0.057188	-0.045216	0.997339	-0.606108	0.795381	0.001305	-0.793324	-0.604421	-0.072892
14440	9.935096	-0.220774	-0.449384	-0.083556	-0.036413	0.010006	-0.057600	-0.045341	0.997310	-0.605461	0.795874	0.001215	-0.793788	-0.603763	-0.073295
14441	9.835656	-0.214563	-0.503170	-0.032582	-0.015958	0.013217	-0.057870	-0.045301	0.997296	-0.605234	0.796047	0.001039	-0.793941	-0.603537	-0.073485
14442	9.671759	-0.227246	-0.526674	0.028204	-0.022407	0.013132	-0.058190	-0.045317	0.997276	-0.605472	0.795866	0.000836	-0.793736	-0.603775	-0.073749
14443	9.831866	-0.079217	-0.387975	0.028957	-0.029158	0.013796	-0.058588	-0.045336	0.997252	-0.605634	0.795743	0.000594	-0.793583	-0.603935	-0.074079
14444	9.935003	0.104211	-0.330690	0.015812	0.002676	0.014994	-0.058720	-0.045186	0.997251	-0.605773	0.795637	0.000382	-0.793468	-0.604086	-0.074092
14445	9.805716	0.050359	-0.342105	0.001185	0.021580	0.006730	-0.058651	-0.044982	0.997265	-0.605866	0.795567	0.000252	-0.793402	-0.604194	-0.073914
14446	9.797873	-0.025517	-0.323389	0.019920	0.021322	0.010864	-0.058610	-0.044752	0.997277	-0.606040	0.795434	0.000077	-0.793272	-0.604385	-0.073741
14447	9.857041	0.050733	-0.588542	0.051088	0.026893	0.011631	-0.058500	-0.044441	0.997298	-0.606368	0.795184	-0.000135	-0.793029	-0.604737	-0.073466
14448	9.812087	0.042848	-0.709618	0.048409	0.019009	0.005361	-0.058444	-0.044268	0.997309	-0.606771	0.794877	-0.000275	-0.792725	-0.605154	-0.073316
14449	9.746872	-0.012945	-0.845599	0.022294	0.010228	-0.004567	-0.058401	-0.044207	0.997314	-0.606972	0.794723	-0.000316	-0.792574	-0.605360	-0.073245
14450	9.791539	-0.026835	-0.816876	0.020077	0.004634	-0.009280	-0.058370	-0.044238	0.997314	-0.607159	0.794580	-0.000289	-0.792434	-0.605545	-0.073239
14451	9.838027	-0.109836	-0.847307	0.034360	0.019628	-0.006476	-0.058200	-0.044149	0.997328	-0.607538	0.794291	-0.000292	-0.792156	-0.605932	-0.073050
14452	9.830171	-0.189919	-0.852201	0.048473	0.023487	-0.004284	-0.058050	-0.044026	0.997342	-0.607946	0.793978	-0.000336	-0.791853	-0.606350	-0.072856
14453	9.885376	-0.167118	-0.754509	0.036768	0.037353	0.007840	-0.057795	-0.043691	0.997372	-0.608222	0.793767	-0.000473	-0.791660	-0.606651	-0.072449
14454	9.840992	-0.165071	-0.825081	0.035926	0.065475	0.019427	-0.057456	-0.043124	0.997416	-0.608517	0.793540	-0.000744	-0.791458	-0.606988	-0.071836
14455	9.707910	-0.118836	-0.879226	0.045246	0.062111	0.017269	-0.057185	-0.042576	0.997455	-0.608883	0.793259	-0.001047	-0.791196	-0.607394	-0.071286
14456	9.783297	-0.064518	-0.835596	0.038961	0.068386	0.011537	-0.056776	-0.042055	0.997501	-0.609207	0.793010	-0.001241	-0.790976	-0.607755	-0.070644
14457	9.735169	0.049785	-0.905063	0.015901	0.063915	0.006385	-0.056267	-0.041566	0.997550	-0.609312	0.792929	-0.001328	-0.790932	-0.607894	-0.069943
14458	9.691226	0.068953	-0.903862	-0.021353	0.050724	0.005054	-0.055959	-0.041203	0.997583	-0.609163	0.793044	-0.001415	-0.791069	-0.607769	-0.069477
14459	9.669329	0.062576	-0.973288	-0.055653	0.035982	0.005497	-0.055767	-0.040920	0.997605	-0.608817	0.793309	-0.001494	-0.791348	-0.607442	-0.069153
14460	9.758473	0.001645	-1.056953	-0.060987	0.022003	0.009239	-0.055711	-0.040698	0.997617	-0.608352	0.793666	-0.001595	-0.791710	-0.606991	-0.068975
14461	9.780846	-0.024746	-1.124591	-0.032197	0.011628	0.011970	-0.055688	-0.040510	0.997626	-0.608227	0.793761	-0.001720	-0.791807	-0.606879	-0.068842
14462	9.708142	-0.134747	-1.149692	-0.003871	-0.001637	0.007760	-0.055810	-0.040443	0.997622	-0.608215	0.793770	-0.001846	-0.791808	-0.606871	-0.068898
14463	9.689798	-0.221203	-1.081945	-0.011969	-0.029168	0.004067	-0.056139	-0.040554	0.997599	-0.608151	0.793819	-0.001953	-0.791834	-0.606800	-0.069227
14464	9.756170	-0.240515	-1.030791	-0.018421	-0.033025	0.006775	-0.056503	-0.040686	0.997573	-0.608023	0.793916	-0.002059	-0.791906	-0.606664	-0.069596
14465	9.707546	-0.077543	-0.895162	-0.006433	-0.029100	0.005482	-0.056783	-0.040783	0.997553	-0.607972	0.793956	-0.002148	-0.791926	-0.606606	-0.069878
14466	9.837004	0.022496	-0.669797	-0.036879	-0.015760	0.006195	-0.057007	-0.040814	0.997539	-0.607698	0.794165	-0.002235	-0.792119	-0.606330	-0.070075
14467	9.934091	0.078605	-0.583249	-0.072392	0.000398	0.012433	-0.057177	-0.040680	0.997535	-0.607095	0.794626	-0.002392	-0.792570	-0.605735	-0.070130
14468	9.883802	-0.004277	-0.438845	-0.094627	0.020894	0.013584	-0.057155	-0.040430	0.997546	-0.606359	0.795187	-0.002513	-0.793134	-0.605015	-0.069964
14469	9.797115	-0.002877	-0.361687	-0.097029	0.029613	0.007299	-0.056997	-0.040154	0.997567	-0.605563	0.795793	-0.002568	-0.793754	-0.604236	-0.069674
14470	9.676211	0.071912	-0.150187	-0.100439	0.028485	0.000326	-0.056835	-0.039964	0.997583	-0.604788	0.796383	-0.002552	-0.794356	-0.603471	-0.069432
14471	9.653896	0.045517	-0.317118	-0.075531	0.015077	-0.001823	-0.056769	-0.039841	0.997592	-0.604171	0.796850	-0.002558	-0.794830	-0.602862	-0.069307
14472	9.839780	0.026353	-0.386548	-0.079400	0.012446	-0.003115	-0.056713	-0.039775	0.997598	-0.603564	0.797311	-0.002523	-0.795295	-0.602257	-0.069225
14473	9.898383	-0.088311	-0.409358	-0.066311	0.032272	0.001132	-0.056534	-0.039536	0.997618	-0.603015	0.797726	-0.002558	-0.795724	-0.601723	-0.068939
14474	9.769192	-0.150637	-0.467086	0.016855	0.040885	-0.009190	-0.056215	-0.039348	0.997643	-0.603177	0.797604	-0.002530	-0.795624	-0.601897	-0.068571
14475	9.757277	-0.117827	-0.470335	0.005242	0.032613	-0.016634	-0.055921	-0.039239	0.997664	-0.603153	0.797622	-0.002437	-0.795663	-0.601880	-0.068271
14476	9.797942	-0.034580	-0.509361	-0.006104	0.041907	-0.015032	-0.055558	-0.039091	0.997690	-0.603135	0.797636	-0.002334	-0.795702	-0.601871	-0.067892
14477	9.721507	-0.046102	-0.602409	0.007541	0.043854	-0.010707	-0.055183	-0.038879	0.997719	-0.603210	0.797579	-0.002283	-0.795671	-0.601960	-0.067465
14478	9.790346	-0.117973	-0.532415	0.009199	0.041870	-0.005138	-0.054880	-0.038653	0.997745	-0.603309	0.797504	-0.002289	-0.795617	-0.602074	-0.067087
14479	9.855117	-0.078529	-0.461121	-0.020411	0.054495	0.000983	-0.054466	-0.038254	0.997783	-0.603040	0.797708	-0.002334	-0.795849	-0.601830	-0.066517
14480	9.867520	-0.110404	-0.447683	-0.065150	0.079443	0.008600	-0.053946	-0.037692	0.997832	-0.602539	0.798086	-0.002428	-0.796264	-0.601364	-0.065765
14481	9.745684	-0.086256	-0.719823	-0.067075	0.090268	0.002050	-0.053279	-0.037093	0.997891	-0.601991	0.798499	-0.002460	-0.796723	-0.600852	-0.064873
14482	9.766752	-0.053232	-0.768685	-0.025587	0.077452	0.007941	-0.052771	-0.036549	0.997938	-0.601806	0.798638	-0.002574	-0.796897	-0.600700	-0.064140
14483	9.778048	-0.057826	-0.885687	-0.004927	0.065191	0.007883	-0.052360	-0.036062	0.997977	-0.601803	0.798640	-0.002716	-0.796927	-0.600727	-0.063519
14484	9.645921	-0.024645	-1.013520	-0.027498	0.037592	0.005038	-0.052152	-0.035780	0.997998	-0.601603	0.798790	-0.002800	-0.797091	-0.600545	-0.063184
14485	9.646170	-0.025023	-1.011143	-0.054339	0.011891	0.011385	-0.052184	-0.035597	0.998003	-0.601228	0.799072	-0.002936	-0.797372	-0.600180	-0.063101
14486	9.726566	-0.130367	-0.937580	-0.071510	0.005475	0.020478	-0.052325	-0.035384	0.998003	-0.600669	0.799491	-0.003147	-0.797783	-0.599634	-0.063088
14487	9.836179	-0.130496	-0.687140	-0.060453	0.005598	0.023380	-0.052468	-0.035152	0.998004	-0.600357	0.799725	-0.003394	-0.798009	-0.599336	-0.063064
14488	9.921414	-0.057812	-0.401743	-0.104891	0.021128	0.026387	-0.052519	-0.034799	0.998013	-0.599528	0.800345	-0.003643	-0.798629	-0.598529	-0.062896
14489	9.842886	0.001722	-0.412362	-0.121178	0.037352	0.020186	-0.052435	-0.034382	0.998032	-0.598522	0.801097	-0.003848	-0.799389	-0.597546	-0.062584
14490	9.830364	0.052347	-0.320203	-0.125939	0.029786	0.012122	-0.052330	-0.034091	0.998048	-0.597531	0.801836	-0.003941	-0.800136	-0.596571	-0.062331
14491	9.859991	0.147270	-0.186689	-0.165702	0.039504	0.000769	-0.052046	-0.033801	0.998073	-0.596145	0.802868	-0.003897	-0.801188	-0.595199	-0.061936
14492	9.869902	0.179309	-0.137848	-0.222248	0.064852	-0.002142	-0.051574	-0.033416	0.998110	-0.594387	0.804170	-0.003790	-0.802524	-0.593459	-0.061337
14493	9.817868	0.109596	-0.191264	-0.247113	0.078588	0.003230	-0.051029	-0.032902	0.998155	-0.592484	0.805573	-0.003736	-0.803964	-0.591582	-0.060602
14494	9.646610	0.014906	-0.241363	-0.235894	0.057258	-0.008209	-0.050581	-0.032613	0.998187	-0.590614	0.806947	-0.003563	-0.805368	-0.589723	-0.060078
14495	9.716251	-0.089891	-0.339372	-0.210170	0.035144	-0.029510	-0.050171	-0.032611	0.998208	-0.588964	0.808153	-0.003200	-0.806600	-0.588069	-0.059753
14496	9.648849	-0.314585	-0.691231	-0.099612	0.007554	-0.031428	-0.049986	-0.032804	0.998211	-0.588199	0.808711	-0.002878	-0.807170	-0.587291	-0.059720
14497	9.654693	-0.460548	-0.886852	-0.022787	-0.027012	-0.032416	-0.050075	-0.033186	0.998194	-0.588052	0.808819	-0.002610	-0.807271	-0.587121	-0.060017
14498	9.785616	-0.459324	-0.863612	0.002479	-0.036697	-0.018333	-0.050325	-0.033533	0.998170	-0.588105	0.808781	-0.002480	-0.807218	-0.587153	-0.060423
14499	9.931317	-0.271191	-0.677531	0.000665	-0.012755	-0.004228	-0.050438	-0.033612	0.998161	-0.588207	0.808706	-0.002491	-0.807136	-0.587252	-0.060560
14500	9.847107	-0.064892	-0.520071	0.010306	0.006863	0.002358	-0.050457	-0.033536	0.998163	-0.588313	0.808630	-0.002572	-0.807058	-0.587362	-0.060531
14501	9.766708	0.034380	-0.341391	0.002416	-0.009846	-0.004621	-0.050532	-0.033610	0.998157	-0.588508	0.808487	-0.002570	-0.806911	-0.587553	-0.060635
14502	9.818475	0.109317	-0.256606	-0.037000	-0.002591	-0.006703	-0.050575	-0.033663	0.998153	-0.588236	0.808685	-0.002532	-0.807106	-0.587277	-0.060701
14503	9.829070	0.122423	-0.307966	-0.081779	0.016256	-0.004180	-0.050457	-0.033556	0.998162	-0.587591	0.809154	-0.002501	-0.807583	-0.586638	-0.060545
14504	9.767902	0.012843	-0.458756	-0.093036	0.031345	0.000406	-0.050267	-0.033352	0.998179	-0.586863	0.809682	-0.002500	-0.808124	-0.585920	-0.060273
14505	9.782223	-0.076992	-0.463038	-0.093518	0.029768	0.006027	-0.050158	-0.033108	0.998192	-0.586196	0.810165	-0.002584	-0.808615	-0.585266	-0.060045
14506	9.817825	-0.141912	-0.571071	-0.072043	0.041512	0.003618	-0.049905	-0.032819	0.998215	-0.585635	0.810570	-0.002628	-0.809037	-0.584721	-0.059671
14507	9.634110	-0.174668	-0.762445	-0.029377	0.022965	-0.000614	-0.049765	-0.032657	0.998227	-0.585446	0.810707	-0.002664	-0.809182	-0.584541	-0.059464
14508	9.611946	-0.164399	-0.764199	-0.001913	-0.014375	-0.003941	-0.049919	-0.032756	0.998216	-0.585456	0.810700	-0.002675	-0.809166	-0.584545	-0.059647
14509	9.740442	-0.102630	-0.702705	0.004902	-0.039127	-0.003708	-0.050333	-0.032996	0.998187	-0.585549	0.810632	-0.002730	-0.809073	-0.584625	-0.060123
14510	9.794270	-0.091082	-0.658300	-0.016745	-0.036550	-0.002745	-0.050674	-0.033215	0.998163	-0.585439	0.810712	-0.002744	-0.809131	-0.584502	-0.060527
14511	9.955270	-0.034222	-0.396993	-0.043287	-0.020465	0.000813	-0.050869	-0.033281	0.998151	-0.585099	0.810957	-0.002779	-0.809365	-0.584158	-0.060725
14512	9.866427	0.005081	-0.406205	-0.050153	0.005317	0.011421	-0.050953	-0.033140	0.998151	-0.584710	0.811237	-0.002914	-0.809640	-0.583778	-0.060713
14513	9.734437	0.024684	-0.336811	-0.032855	-0.008816	-0.004577	-0.051016	-0.033175	0.998147	-0.584386	0.811471	-0.002897	-0.809871	-0.583451	-0.060785
14514	9.723788	0.013011	-0.286493	-0.036496	-0.026613	-0.013573	-0.051213	-0.033424	0.998128	-0.584121	0.811662	-0.002791	-0.810049	-0.583171	-0.061091
14515	9.724560	-0.003776	-0.385068	-0.061173	-0.027936	-0.013889	-0.051449	-0.033678	0.998108	-0.583724	0.811948	-0.002692	-0.810320	-0.582758	-0.061433
14516	9.778806	0.004162	-0.363569	-0.077304	-0.025144	-0.009626	-0.051658	-0.033886	0.998090	-0.583126	0.812377	-0.002600	-0.810738	-0.582147	-0.061725
14517	9.792533	-0.075294	-0.325303	-0.052885	-0.015306	-0.013784	-0.051759	-0.034034	0.998080	-0.582619	0.812742	-0.002500	-0.811096	-0.581629	-0.061895
14518	9.760549	-0.094801	-0.372830	-0.032905	-0.015142	-0.013104	-0.051866	-0.034211	0.998068	-0.582382	0.812912	-0.002400	-0.811259	-0.581382	-0.062086
14519	9.815259	-0.096428	-0.398069	-0.025673	-0.011336	-0.002943	-0.051975	-0.034274	0.998060	-0.582297	0.812973	-0.002406	-0.811313	-0.581292	-0.062212
14520	9.760454	-0.085207	-0.625408	0.001482	-0.013682	-0.000594	-0.052143	-0.034341	0.998049	-0.582333	0.812947	-0.002452	-0.811277	-0.581324	-0.062388
14521	9.747875	-0.043881	-0.585368	-0.002894	-0.024712	-0.010229	-0.052342	-0.034543	0.998032	-0.582466	0.812851	-0.002414	-0.811168	-0.581446	-0.062667
14522	9.856822	-0.038887	-0.588053	-0.020023	-0.031933	-0.008580	-0.052612	-0.034781	0.998009	-0.582332	0.812948	-0.002367	-0.811247	-0.581297	-0.063025
14523	9.834429	-0.028438	-0.593077	-0.010663	-0.028763	-0.000300	-0.052905	-0.034903	0.997989	-0.582191	0.813048	-0.002428	-0.811329	-0.581149	-0.063334
14524	9.812212	-0.022842	-0.621918	-0.001722	-0.028698	-0.002635	-0.053183	-0.035074	0.997969	-0.582202	0.813040	-0.002452	-0.811303	-0.581150	-0.063660
14525	9.747229	-0.042051	-0.596163	-0.010487	-0.017644	0.000450	-0.053428	-0.035125	0.997954	-0.582065	0.813138	-0.002542	-0.811385	-0.581010	-0.063889
14526	9.660210	-0.056093	-0.596182	0.006823	-0.024583	0.001952	-0.053699	-0.035234	0.997935	-0.582143	0.813082	-0.002618	-0.811311	-0.581082	-0.064173
14527	9.690527	0.004733	-0.635390	0.014663	-0.039664	0.001116	-0.054088	-0.035430	0.997907	-0.582370	0.812919	-0.002703	-0.811122	-0.581298	-0.064603
14528	9.865326	0.001138	-0.513459	-0.002384	-0.041075	0.005860	-0.054516	-0.035604	0.997878	-0.582371	0.812918	-0.002812	-0.811093	-0.581289	-0.065052
14529	9.822695	-0.032783	-0.510761	-0.014893	-0.028000	-0.001961	-0.054810	-0.035745	0.997857	-0.582210	0.813033	-0.002855	-0.811189	-0.581119	-0.065374
14530	9.802670	-0.089411	-0.577953	0.008339	-0.039276	-0.009517	-0.055134	-0.036033	0.997829	-0.582306	0.812965	-0.002817	-0.811098	-0.581197	-0.065804
14531	9.780335	-0.083661	-0.607842	0.021022	-0.041064	0.000854	-0.055554	-0.036224	0.997798	-0.582481	0.812839	-0.002921	-0.810944	-0.581361	-0.066256
14532	9.681802	-0.097330	-0.783929	0.036239	-0.048379	-0.006632	-0.055968	-0.036542	0.997764	-0.582802	0.812609	-0.002930	-0.810684	-0.581663	-0.066777
14533	9.715490	-0.124901	-0.708607	0.034130	-0.048252	-0.010179	-0.056361	-0.036873	0.997729	-0.583142	0.812365	-0.002919	-0.810413	-0.581983	-0.067288
14534	9.805763	-0.199791	-0.599068	0.025267	-0.041996	0.000674	-0.056766	-0.037094	0.997698	-0.583370	0.812201	-0.002995	-0.810220	-0.582197	-0.067745
14535	9.805375	-0.191434	-0.554758	0.044492	-0.034223	0.009738	-0.057127	-0.037173	0.997675	-0.583796	0.811894	-0.003177	-0.809888	-0.582620	-0.068082
14536	9.869562	-0.150492	-0.466487	0.065311	-0.035677	0.006810	-0.057516	-0.037308	0.997647	-0.584344	0.811499	-0.003342	-0.809465	-0.583161	-0.068475
14537	9.911494	-0.090329	-0.331863	0.082895	-0.026191	0.006666	-0.057834	-0.037351	0.997627	-0.584935	0.811072	-0.003543	-0.809015	-0.583752	-0.068756
14538	9.745818	-0.052847	-0.391908	0.119004	-0.028649	0.004703	-0.058154	-0.037463	0.997604	-0.585918	0.810362	-0.003723	-0.808281	-0.584731	-0.069076
14539	9.644849	-0.004350	-0.529339	0.102192	-0.047133	-0.018079	-0.058476	-0.037863	0.997571	-0.586916	0.809640	-0.003673	-0.807534	-0.585705	-0.069567
14540	9.751740	0.045351	-0.592615	0.075486	-0.042698	-0.020560	-0.058760	-0.038263	0.997539	-0.587560	0.809172	-0.003573	-0.807044	-0.586324	-0.070029
14541	9.816166	0.065873	-0.624977	0.029241	-0.035295	-0.012981	-0.059023	-0.038528	0.997513	-0.587793	0.809004	-0.003533	-0.806856	-0.586539	-0.070396
14542	9.868565	0.085418	-0.830734	-0.015342	-0.031151	-0.012463	-0.059262	-0.038794	0.997488	-0.587699	0.809072	-0.003450	-0.806906	-0.586428	-0.070747
14543	9.821848	0.127204	-1.015527	-0.050994	-0.025736	-0.001672	-0.059581	-0.038921	0.997464	-0.587227	0.809415	-0.003493	-0.807226	-0.585946	-0.071081
14544	9.787181	0.151004	-1.122153	-0.073182	-0.030745	0.000163	-0.059891	-0.039083	0.997440	-0.586659	0.809826	-0.003494	-0.807616	-0.585367	-0.071430
14545	9.744356	0.118304	-1.119244	-0.098486	-0.045478	-0.002370	-0.060273	-0.039314	0.997407	-0.585797	0.810450	-0.003455	-0.808213	-0.584486	-0.071879
14546	9.677238	-0.168031	-1.218697	-0.071193	-0.068138	-0.003757	-0.060863	-0.039725	0.997355	-0.585247	0.810848	-0.003418	-0.808568	-0.583907	-0.072600
14547	9.694437	-0.391847	-1.357696	-0.009083	-0.093542	-0.001572	-0.061671	-0.040243	0.997285	-0.585166	0.810906	-0.003464	-0.808565	-0.583791	-0.073558
14548	9.772243	-0.439651	-1.283261	-0.000140	-0.092626	0.005054	-0.062510	-0.040725	0.997213	-0.585185	0.810892	-0.003566	-0.808487	-0.583777	-0.074521
14549	9.761794	-0.421172	-1.071415	0.022228	-0.075807	0.011173	-0.063221	-0.041040	0.997155	-0.585397	0.810738	-0.003747	-0.808278	-0.583968	-0.075281
14550	9.738059	-0.294287	-0.754355	0.056446	-0.062216	-0.001394	-0.063777	-0.041398	0.997105	-0.585877	0.810391	-0.003828	-0.807887	-0.584425	-0.075938
14551	9.754519	-0.102180	-0.573182	0.053578	-0.055166	-0.003717	-0.064234	-0.041737	0.997062	-0.586504	0.809937	-0.003881	-0.807396	-0.585030	-0.076504
14552	9.835435	0.100343	-0.468591	0.024289	-0.052193	-0.003962	-0.064693	-0.042057	0.997019	-0.586725	0.809777	-0.003912	-0.807198	-0.585229	-0.077062
14553	9.945410	0.141648	-0.282535	-0.029883	-0.035880	-0.002017	-0.065033	-0.042252	0.996988	-0.586531	0.809917	-0.003935	-0.807312	-0.585020	-0.077453
14554	9.983055	0.083461	-0.074293	-0.073952	0.001635	0.000951	-0.065086	-0.042217	0.996986	-0.585956	0.810333	-0.003939	-0.807725	-0.584447	-0.077479
14555	9.843662	0.009309	-0.082925	-0.081721	0.022025	-0.000469	-0.064964	-0.042063	0.997001	-0.585381	0.810749	-0.003938	-0.808152	-0.583881	-0.077292
14556	9.735650	-0.084045	-0.261653	-0.045370	0.009357	-0.016218	-0.064854	-0.042122	0.997005	-0.585048	0.810990	-0.003794	-0.808401	-0.583542	-0.077240
14557	9.791486	-0.165220	-0.419095	-0.016032	0.010670	-0.029153	-0.064676	-0.042277	0.997010	-0.585023	0.811009	-0.003560	-0.808434	-0.583504	-0.077186
14558	9.615312	-0.281931	-0.892102	0.044135	-0.003130	-0.026227	-0.064609	-0.042491	0.997006	-0.585420	0.810723	-0.003385	-0.808152	-0.583886	-0.077255
14559	9.759560	-0.420981	-1.140776	0.096840	-0.032046	-0.036041	-0.064699	-0.042949	0.996980	-0.586367	0.810039	-0.003157	-0.807457	-0.584801	-0.077593
14560	9.921522	-0.336340	-1.035227	0.116649	-0.016332	-0.024219	-0.064749	-0.043223	0.996965	-0.587348	0.809329	-0.003058	-0.806741	-0.585763	-0.077791
14561	9.740964	-0.212357	-1.107931	0.145454	0.004586	-0.018972	-0.064678	-0.043327	0.996965	-0.588626	0.808399	-0.003055	-0.805814	-0.587038	-0.077789
14562	9.682804	-0.078866	-0.984146	0.169512	-0.007987	-0.026729	-0.064646	-0.043573	0.996957	-0.590032	0.807374	-0.002972	-0.804788	-0.588428	-0.077903
14563	9.776361	0.107599	-0.797332	0.129708	0.002930	-0.025237	-0.064528	-0.043724	0.996958	-0.591141	0.806563	-0.002888	-0.803983	-0.589529	-0.077893
14564	9.864410	0.165736	-0.584187	0.062728	0.016863	-0.018542	-0.064343	-0.043757	0.996968	-0.591681	0.806168	-0.002804	-0.803601	-0.590067	-0.077762
14565	9.877406	0.159490	-0.455781	0.007682	0.034056	-0.020224	-0.064019	-0.043674	0.996993	-0.591709	0.806147	-0.002681	-0.803606	-0.590101	-0.077451
14566	9.865515	0.202996	-0.409926	-0.037607	0.049849	-0.026077	-0.063525	-0.043573	0.997029	-0.591446	0.806341	-0.002444	-0.803838	-0.589844	-0.076994
14567	9.832996	0.174364	-0.498410	-0.088690	0.045262	-0.015007	-0.063124	-0.043386	0.997062	-0.590728	0.806867	-0.002289	-0.804398	-0.589137	-0.076562
14568	9.735819	0.111854	-0.630620	-0.094358	0.034594	-0.011819	-0.062836	-0.043261	0.997086	-0.590000	0.807400	-0.002151	-0.804955	-0.588416	-0.076258
14569	9.683160	0.025039	-0.784205	-0.067252	0.026471	-0.012815	-0.062586	-0.043149	0.997106	-0.589370	0.807861	-0.002034	-0.805435	-0.587792	-0.075991
14570	9.565337	-0.118292	-1.102766	-0.013282	-0.006893	-0.020401	-0.062582	-0.043337	0.997098	-0.589299	0.807913	-0.001873	-0.805488	-0.587706	-0.076099
14571	9.656031	-0.237141	-1.230835	0.005876	-0.036515	-0.020630	-0.062812	-0.043679	0.997069	-0.589386	0.807850	-0.001740	-0.805406	-0.587767	-0.076486
14572	9.777109	-0.258313	-1.205354	0.048436	-0.033944	-0.014492	-0.063061	-0.043978	0.997040	-0.589808	0.807542	-0.001685	-0.805077	-0.588169	-0.076863
14573	9.789288	-0.280018	-1.153967	0.093635	-0.024785	-0.014659	-0.063215	-0.044196	0.997021	-0.590568	0.806986	-0.001672	-0.804508	-0.588914	-0.077114
14574	9.720088	-0.182649	-1.100993	0.097283	-0.038762	-0.013588	-0.063507	-0.044517	0.996988	-0.591382	0.806390	-0.001664	-0.803887	-0.589706	-0.077538
14575	9.837733	-0.045784	-0.833635	0.074736	-0.040079	-0.008359	-0.063806	-0.044783	0.996957	-0.592070	0.805885	-0.001693	-0.803356	-0.590377	-0.077935
14576	9.890390	0.038820	-0.704238	0.040124	-0.020450	-0.007985	-0.063984	-0.044951	0.996938	-0.592421	0.805627	-0.001697	-0.803084	-0.590716	-0.078177
14577	9.836116	0.051603	-0.633050	0.027536	-0.007081	-0.012103	-0.064009	-0.045032	0.996933	-0.592585	0.805506	-0.001662	-0.802961	-0.590874	-0.078245
14578	10.032770	0.099795	-0.492996	0.007615	0.030005	-0.005242	-0.063797	-0.044880	0.996953	-0.592673	0.805442	-0.001668	-0.802913	-0.590973	-0.077984
14579	9.975494	0.122950	-0.641190	0.014623	0.078248	-0.006746	-0.063166	-0.044431	0.997014	-0.592826	0.805329	-0.001670	-0.802850	-0.591161	-0.077209
14580	9.685477	0.006692	-0.659375	-0.009418	0.062132	-0.031016	-0.062544	-0.044296	0.997059	-0.592793	0.805354	-0.001406	-0.802923	-0.591137	-0.076628
14581	9.522212	0.008069	-0.629419	-0.026512	0.022876	-0.038869	-0.062253	-0.044440	0.997071	-0.592544	0.805538	-0.001093	-0.803129	-0.590876	-0.076480
14582	9.588717	-0.046245	-0.766545	-0.008985	-0.003639	-0.033781	-0.062143	-0.044717	0.997065	-0.592516	0.805558	-0.000801	-0.803158	-0.590827	-0.076555
14583	9.774714	-0.036780	-0.719598	0.015958	-0.015676	-0.023275	-0.062133	-0.044943	0.997055	-0.592710	0.805416	-0.000631	-0.803016	-0.591004	-0.076681
14584	9.896405	-0.042406	-0.619514	0.011921	0.001670	-0.024705	-0.062034	-0.045115	0.997054	-0.592845	0.805317	-0.000446	-0.802924	-0.591126	-0.076703
14585	9.697917	-0.025101	-0.720493	0.055519	0.019265	-0.021974	-0.061770	-0.045139	0.997069	-0.593352	0.804943	-0.000318	-0.802570	-0.591633	-0.076505
14586	9.687953	-0.050073	-0.739643	0.044513	-0.011460	-0.020081	-0.061804	-0.045351	0.997057	-0.593745	0.804653	-0.000204	-0.802276	-0.592010	-0.076658
14587	9.908834	-0.068788	-0.612780	0.007116	-0.009211	-0.010534	-0.061905	-0.045486	0.997045	-0.593923	0.804522	-0.000173	-0.802137	-0.592179	-0.076819
14588	9.853640	-0.118369	-0.851141	0.032523	0.016733	-0.007443	-0.061787	-0.045430	0.997055	-0.594212	0.804309	-0.000176	-0.801932	-0.592473	-0.076691
14589	9.796767	-0.071159	-0.883107	0.043248	0.024482	-0.018060	-0.061583	-0.045392	0.997069	-0.594513	0.804086	-0.000112	-0.801725	-0.592777	-0.076504
14590	9.715032	0.029856	-0.975349	0.046211	0.023102	-0.014472	-0.061372	-0.045355	0.997084	-0.594916	0.803788	-0.000056	-0.801442	-0.593184	-0.076312
14591	9.732296	0.103456	-1.112997	0.043518	0.011238	-0.005813	-0.061299	-0.045303	0.997091	-0.595330	0.803481	-0.000094	-0.801139	-0.593604	-0.076223
14592	9.767138	0.067437	-1.079971	-0.020770	0.005973	-0.006538	-0.061273	-0.045303	0.997092	-0.595191	0.803584	-0.000065	-0.801245	-0.593465	-0.076202
14593	9.759912	0.008044	-0.992317	-0.051378	0.007129	-0.015614	-0.061201	-0.045336	0.997095	-0.594722	0.803931	0.000050	-0.801598	-0.592992	-0.076164
14594	9.804990	0.029064	-0.796019	-0.082357	0.012923	-0.012340	-0.061085	-0.045342	0.997102	-0.594093	0.804396	0.000183	-0.802074	-0.592360	-0.076073
14595	9.723387	-0.080894	-0.722630	-0.046683	0.008130	-0.017872	-0.060970	-0.045417	0.997106	-0.593835	0.804587	0.000337	-0.802274	-0.592095	-0.076026
14596	9.743306	-0.025920	-0.683319	-0.020450	-0.003416	-0.011134	-0.060992	-0.045510	0.997100	-0.593701	0.804686	0.000411	-0.802371	-0.591954	-0.076099
14597	9.815061	0.070113	-0.727820	-0.044744	-0.007859	-0.007292	-0.061047	-0.045600	0.997093	-0.593474	0.804853	0.000473	-0.802534	-0.591720	-0.076196
14598	9.812666	0.143985	-0.643191	-0.085947	-0.003875	-0.010507	-0.061077	-0.045690	0.997087	-0.592814	0.805339	0.000591	-0.803020	-0.591051	-0.076273
14599	9.780568	0.147832	-0.568544	-0.130038	0.007495	-0.012462	-0.060990	-0.045688	0.997092	-0.591722	0.806142	0.000744	-0.803832	-0.589956	-0.076201
14600	9.825310	0.140020	-0.515800	-0.170393	0.010191	-0.015692	-0.060875	-0.045737	0.997097	-0.590385	0.807122	0.000978	-0.804823	-0.588611	-0.076136
14601	9.870149	0.136428	-0.437686	-0.209639	0.035256	-0.002926	-0.060606	-0.045518	0.997123	-0.588766	0.808303	0.001113	-0.806028	-0.587005	-0.075788
14602	9.885321	0.051855	-0.415933	-0.230502	0.068584	0.009671	-0.060170	-0.045020	0.997172	-0.586924	0.809641	0.001138	-0.807403	-0.585196	-0.075140
14603	9.476516	-0.157465	-0.768052	-0.142773	0.042714	0.002913	-0.059906	-0.044720	0.997202	-0.585844	0.810423	0.001150	-0.808207	-0.584136	-0.074748
14604	9.598066	-0.228118	-1.001920	-0.029102	-0.018820	-0.018401	-0.060011	-0.044961	0.997185	-0.585644	0.810568	0.001303	-0.808344	-0.583917	-0.074974
14605	9.773827	-0.282458	-1.167614	0.006496	-0.028014	-0.012404	-0.060230	-0.045196	0.997161	-0.585744	0.810495	0.001355	-0.808255	-0.583999	-0.075290
14606	9.795803	-0.296045	-1.192685	0.007721	-0.031822	-0.002985	-0.060531	-0.045388	0.997134	-0.585832	0.810431	0.001327	-0.808169	-0.584073	-0.075646
14607	9.914699	-0.232921	-1.007753	0.010989	-0.005493	0.001667	-0.060679	-0.045388	0.997125	-0.585975	0.810328	0.001226	-0.808054	-0.584216	-0.075766
14608	9.800770	-0.094990	-0.834432	0.043556	0.017814	0.004800	-0.060624	-0.045227	0.997136	-0.586348	0.810059	0.001093	-0.807788	-0.584602	-0.075628
14609	9.728935	0.063217	-0.739025	0.039192	0.007774	0.006003	-0.060664	-0.045104	0.997139	-0.586711	0.809796	0.000935	-0.807521	-0.584976	-0.075588
14610	9.713966	0.138483	-0.803106	0.029688	-0.005720	0.006022	-0.060806	-0.045071	0.997132	-0.586971	0.809608	0.000800	-0.807321	-0.585239	-0.075684
14611	9.743594	0.212874	-0.768972	-0.001085	-0.020629	0.002006	-0.060991	-0.045114	0.997118	-0.586907	0.809654	0.000732	-0.807354	-0.585171	-0.075859
14612	9.842694	0.209798	-0.695608	-0.052040	-0.015811	-0.002618	-0.061164	-0.045209	0.997103	-0.586512	0.809940	0.000746	-0.807628	-0.584768	-0.076055
14613	9.954465	0.202922	-0.470995	-0.104087	0.004955	-0.005033	-0.061153	-0.045195	0.997105	-0.585740	0.810499	0.000813	-0.808189	-0.583994	-0.076037
14614	9.848055	0.158969	-0.386136	-0.130622	0.026047	-0.005418	-0.060972	-0.045069	0.997121	-0.584711	0.811241	0.000913	-0.808947	-0.582972	-0.075815
14615	9.739014	0.141588	-0.454901	-0.092902	0.015718	-0.006796	-0.060832	-0.045017	0.997132	-0.584118	0.811668	0.001009	-0.809386	-0.582382	-0.075670
14616	9.696806	0.068898	-0.663748	-0.044203	-0.001440	-0.020969	-0.060781	-0.045177	0.997128	-0.583797	0.811899	0.001199	-0.809621	-0.582048	-0.075723
14617	9.758869	-0.122607	-0.826510	-0.026345	-0.001227	-0.025726	-0.060722	-0.045373	0.997123	-0.583653	0.812002	0.001407	-0.809729	-0.581889	-0.075789
14618	9.830935	-0.278907	-0.921366	-0.006365	-0.000466	-0.019687	-0.060671	-0.045518	0.997119	-0.583638	0.812013	0.001555	-0.809744	-0.581862	-0.075832
14619	9.766654	-0.287970	-0.844372	0.040907	0.007868	-0.025126	-0.060512	-0.045648	0.997123	-0.584002	0.811751	0.001721	-0.809494	-0.582218	-0.075779
14620	9.751776	-0.174168	-0.715368	0.069369	0.006810	-0.019440	-0.060404	-0.045748	0.997125	-0.584599	0.811320	0.001810	-0.809071	-0.582809	-0.075751
14621	9.850620	0.082078	-0.562833	0.048287	0.023495	-0.006921	-0.060201	-0.045587	0.997145	-0.584844	0.811144	0.001774	-0.808909	-0.583068	-0.075493
14622	9.793655	0.124033	-0.617823	0.059397	0.029803	0.002784	-0.060037	-0.045372	0.997164	-0.585347	0.810781	0.001650	-0.808557	-0.583588	-0.075235
14623	9.707019	0.113532	-0.589486	0.066362	0.004235	-0.006243	-0.060022	-0.045347	0.997167	-0.585789	0.810462	0.001596	-0.808238	-0.584033	-0.075209
14624	9.808822	0.043412	-0.575797	0.038737	0.004512	-0.006432	-0.060008	-0.045354	0.997167	-0.586130	0.810216	0.001579	-0.807992	-0.584375	-0.075203
14625	9.757014	-0.044653	-0.732304	0.046888	0.012731	0.005099	-0.059985	-0.045212	0.997175	-0.586614	0.809866	0.001432	-0.807642	-0.584871	-0.075102
14626	9.779493	-0.073136	-0.825131	0.070278	0.012682	-0.001819	-0.059932	-0.045134	0.997182	-0.587206	0.809436	0.001345	-0.807216	-0.585471	-0.075015
14627	9.844015	-0.044424	-0.804067	0.052089	0.020983	-0.001506	-0.059833	-0.044994	0.997194	-0.587596	0.809153	0.001253	-0.806939	-0.585872	-0.074853
14628	9.697795	0.026461	-0.915689	0.051969	0.010542	0.004968	-0.059838	-0.044874	0.997199	-0.588037	0.808834	0.001112	-0.806618	-0.586323	-0.074787
14629	9.710212	0.003327	-0.861647	0.046658	-0.009861	-0.000093	-0.059992	-0.044888	0.997189	-0.588341	0.808612	0.001004	-0.806384	-0.586627	-0.074920
14630	9.744916	-0.038198	-0.854646	0.044540	-0.009750	-0.003639	-0.060110	-0.044957	0.997179	-0.588726	0.808332	0.000955	-0.806094	-0.587008	-0.075056
14631	9.789564	-0.071164	-0.923587	0.053086	-0.006616	-0.009961	-0.060150	-0.045038	0.997173	-0.589155	0.808020	0.000956	-0.805778	-0.587431	-0.075136
14632	9.930812	-0.048772	-0.902792	0.026019	0.007233	-0.005960	-0.060117	-0.045025	0.997175	-0.589392	0.807847	0.000944	-0.805607	-0.587670	-0.075103
14633	9.876517	-0.060486	-0.948239	0.038201	0.033846	-0.001952	-0.059879	-0.044803	0.997200	-0.589721	0.807607	0.000873	-0.805384	-0.588017	-0.074780
14634	9.770284	-0.104965	-0.861721	0.051830	0.034440	-0.012009	-0.059592	-0.044679	0.997222	-0.590169	0.807279	0.000902	-0.805077	-0.588476	-0.074476
14635	9.735319	-0.011642	-0.603132	0.031341	0.026421	-0.013638	-0.059350	-0.044593	0.997241	-0.590424	0.807093	0.000952	-0.804908	-0.588739	-0.074229
14636	9.755200	0.033518	-0.609148	0.019843	0.024153	-0.016372	-0.059119	-0.044565	0.997256	-0.590618	0.806951	0.001048	-0.804783	-0.588935	-0.074027
14637	9.780456	-0.042264	-0.666225	0.034750	0.026613	-0.015707	-0.058879	-0.044489	0.997273	-0.590877	0.806761	0.001104	-0.804610	-0.589201	-0.073789
14638	9.844883	-0.002724	-0.595689	0.022967	0.039718	-0.008942	-0.058567	-0.044309	0.997300	-0.591091	0.806604	0.001124	-0.804476	-0.589429	-0.073431
14639	9.768561	-0.013596	-0.689004	0.041730	0.044469	-0.010570	-0.058189	-0.044081	0.997332	-0.591395	0.806382	0.001136	-0.804280	-0.589751	-0.072992
14640	9.684686	-0.080829	-0.672721	0.082334	0.020437	-0.021713	-0.057957	-0.044117	0.997344	-0.592093	0.805869	0.001240	-0.803783	-0.590448	-0.072827
14641	9.816169	-0.083873	-0.670248	0.078308	0.001722	-0.017817	-0.057847	-0.044207	0.997346	-0.592761	0.805378	0.001317	-0.803299	-0.591111	-0.072793
14642	9.804254	-0.079711	-0.819613	0.100919	0.009469	-0.014518	-0.057746	-0.044250	0.997350	-0.593603	0.804757	0.001336	-0.802683	-0.591953	-0.072738
14643	9.807152	-0.142128	-0.856050	0.103437	0.005635	-0.014329	-0.057694	-0.044315	0.997350	-0.594527	0.804075	0.001336	-0.802003	-0.592874	-0.072736
14644	9.878456	-0.023107	-0.778763	0.086497	0.015998	-0.001521	-0.057617	-0.044215	0.997359	-0.595245	0.803543	0.001236	-0.801476	-0.593602	-0.072616
14645	9.744303	0.048485	-0.716776	0.091745	0.030588	0.000320	-0.057405	-0.043986	0.997382	-0.595990	0.802991	0.001111	-0.800937	-0.594366	-0.072311
14646	9.704366	-0.005491	-0.529284	0.104455	0.021117	-0.012373	-0.057222	-0.043942	0.997394	-0.596857	0.802347	0.001106	-0.800304	-0.595239	-0.072139
14647	9.726710	-0.009793	-0.501212	0.107860	0.021843	-0.009038	-0.057056	-0.043861	0.997407	-0.597766	0.801670	0.001059	-0.799637	-0.596156	-0.071959
14648	9.803671	-0.016181	-0.497608	0.121006	0.015185	-0.014728	-0.056907	-0.043871	0.997415	-0.598766	0.800923	0.001066	-0.798900	-0.597157	-0.071847
14649	9.800746	0.052897	-0.434956	0.095990	0.022558	-0.015766	-0.056662	-0.043834	0.997431	-0.599622	0.800283	0.001106	-0.798275	-0.598018	-0.071629
14650	9.848341	-0.023669	-0.440901	0.071851	0.034679	-0.011843	-0.056375	-0.043704	0.997453	-0.600226	0.799830	0.001121	-0.797841	-0.598634	-0.071322
14651	9.733252	-0.137477	-0.588643	0.096187	0.038227	-0.024784	-0.055954	-0.043626	0.997480	-0.600972	0.799269	0.001245	-0.797309	-0.599387	-0.070940
14652	9.689518	-0.141064	-0.709173	0.116941	0.025547	-0.030327	-0.055629	-0.043697	0.997495	-0.601944	0.798537	0.001412	-0.796598	-0.600358	-0.070725
14653	9.758795	0.003755	-0.786465	0.137655	0.014361	-0.021377	-0.055407	-0.043732	0.997506	-0.603044	0.797707	0.001476	-0.795782	-0.601458	-0.070571
14654	9.707183	0.148952	-0.990526	0.119348	0.011324	-0.023594	-0.055235	-0.043835	0.997511	-0.604030	0.796960	0.001575	-0.795045	-0.602439	-0.070498
14655	9.803305	0.202437	-0.924891	0.060239	0.014827	-0.023825	-0.055021	-0.043916	0.997519	-0.604608	0.796521	0.001718	-0.794620	-0.603014	-0.070377
14656	9.961597	0.118789	-0.727635	-0.019028	0.056501	-0.006643	-0.054592	-0.043611	0.997556	-0.604485	0.796615	0.001745	-0.794744	-0.602912	-0.069851
14657	9.674587	-0.029575	-0.618476	-0.037467	0.043092	-0.002193	-0.054352	-0.043349	0.997580	-0.604241	0.796799	0.001703	-0.794945	-0.602687	-0.069501
14658	9.729289	-0.026269	-0.615840	-0.030053	0.014633	-0.005131	-0.054266	-0.043285	0.997588	-0.604029	0.796960	0.001722	-0.795112	-0.602479	-0.069393
14659	9.800434	0.084350	-0.587159	-0.025805	0.013724	-0.005310	-0.054168	-0.043227	0.997596	-0.603903	0.797056	0.001747	-0.795215	-0.602356	-0.069280
14660	9.765017	0.141457	-0.523247	-0.054329	0.009206	-0.010339	-0.054093	-0.043237	0.997599	-0.603500	0.797361	0.001835	-0.795526	-0.601952	-0.069225
14661	9.843484	0.112481	-0.364830	-0.109953	0.024753	-0.004807	-0.053906	-0.043098	0.997615	-0.602696	0.797969	0.001906	-0.796148	-0.601156	-0.068991
14662	9.812068	0.085767	-0.430689	-0.088091	0.045129	0.000774	-0.053612	-0.042804	0.997644	-0.602018	0.798480	0.001907	-0.796680	-0.600498	-0.068577
14663	9.752387	-0.031311	-0.601915	-0.074028	0.042480	-0.007187	-0.053303	-0.042612	0.997669	-0.601613	0.798785	0.001975	-0.797007	-0.600105	-0.068213
14664	9.741395	-0.028343	-0.749166	-0.027449	0.015720	-0.010945	-0.053172	-0.042588	0.997677	-0.601424	0.798927	0.002050	-0.797158	-0.599918	-0.068094
14665	9.697427	-0.022792	-0.824694	-0.009326	-0.003682	-0.011860	-0.053204	-0.042682	0.997671	-0.601397	0.798948	0.002109	-0.797177	-0.599884	-0.068176
14666	9.687760	-0.048636	-0.845148	-0.029896	-0.016468	-0.005571	-0.053362	-0.042808	0.997657	-0.601186	0.799106	0.002133	-0.797325	-0.599664	-0.068378
14667	9.748091	0.054921	-0.742924	-0.078447	-0.020364	-0.002157	-0.053511	-0.042894	0.997646	-0.600546	0.799587	0.002167	-0.797797	-0.599016	-0.068547
14668	9.963684	0.120645	-0.480767	-0.140781	0.005538	0.004447	-0.053554	-0.042808	0.997647	-0.599445	0.800413	0.002166	-0.798623	-0.597918	-0.068527
14669	10.030219	0.106187	-0.399241	-0.151436	0.056591	0.016205	-0.053272	-0.042322	0.997683	-0.598343	0.801237	0.002040	-0.799467	-0.596848	-0.068006
14670	9.600601	-0.042497	-0.741643	-0.034402	0.052660	0.000297	-0.052913	-0.041988	0.997716	-0.598093	0.801425	0.002008	-0.799678	-0.596620	-0.067518
14671	9.555860	-0.233869	-0.850649	0.072323	-0.011558	-0.019665	-0.052981	-0.042190	0.997704	-0.598723	0.800953	0.002076	-0.799202	-0.597238	-0.067695
14672	9.678256	-0.278429	-0.941772	0.099744	-0.033314	-0.013600	-0.053226	-0.042481	0.997678	-0.599552	0.800333	0.002092	-0.798564	-0.598048	-0.068068
