// General information: 
//  MT Manager version: 2022.2.0 
//  XDA version: 2022.2.0 build 7381 rev 124627 built on 2023-07-19
// Device information: 
//  DeviceId: 00B4CAF0
//  ProductCode: MTW2-3A7G6
//  Firmware Version: 4.6.0
//  Hardware Version: 2.0.0
// Device settings: 
//  Filter Profile: human(46.1)
//  Option Flags: Orientation Smoother Disabled, Position/Velocity Smoother Disabled, Continuous Zero Rotation Update Disabled, AHS Disabled, ICC Disabled
// Coordinate system: ENU
PacketCounter	Acc_X	Acc_Y	Acc_Z	Gyr_X	Gyr_Y	Gyr_Z	Mat[1][1]	Mat[2][1]	Mat[3][1]	Mat[1][2]	Mat[2][2]	Mat[3][2]	Mat[1][3]	Mat[2][3]	Mat[3][3]
43189	4.473775	1.531001	9.078633	-0.010660	-0.005529	0.000480	-0.774085	-0.455420	0.439756	0.561879	-0.814274	0.145774	0.291693	0.359931	0.886208
43190	4.555757	1.499947	9.106492	-0.008186	-0.003069	0.000817	-0.774084	-0.455384	0.439796	0.561824	-0.814330	0.145673	0.291802	0.359851	0.886205
43191	4.515711	1.540827	9.120387	-0.009191	-0.006089	0.002066	-0.774062	-0.455352	0.439867	0.561782	-0.814380	0.145556	0.291940	0.359779	0.886189
43192	4.571740	1.477792	9.082896	-0.010330	-0.002562	0.001960	-0.774056	-0.455327	0.439904	0.561730	-0.814438	0.145430	0.292056	0.359679	0.886191
43193	4.539121	1.534924	9.113255	-0.009296	0.004158	0.006857	-0.774034	-0.455379	0.439888	0.561733	-0.814460	0.145293	0.292108	0.359561	0.886222
43194	4.527739	1.465828	9.114727	-0.006522	0.005886	0.002529	-0.774049	-0.455389	0.439851	0.561697	-0.814502	0.145199	0.292137	0.359454	0.886255
43195	4.550170	1.461232	9.107856	-0.007617	0.007230	0.002875	-0.774081	-0.455384	0.439799	0.561636	-0.814562	0.145096	0.292169	0.359324	0.886298
43196	4.559908	1.459409	9.141174	-0.005428	0.004541	0.002182	-0.774095	-0.455386	0.439774	0.561600	-0.814602	0.145014	0.292203	0.359231	0.886324
43197	4.523925	1.481454	9.099007	-0.002909	0.004818	0.002972	-0.774087	-0.455423	0.439748	0.561607	-0.814609	0.144948	0.292210	0.359168	0.886347
43198	4.523332	1.480974	9.099380	-0.005517	0.008905	0.001278	-0.774119	-0.455434	0.439682	0.561564	-0.814653	0.144868	0.292210	0.359055	0.886393
43199	4.489481	1.485412	9.074086	-0.004378	0.005378	0.001384	-0.774117	-0.455466	0.439651	0.561560	-0.814669	0.144795	0.292221	0.358979	0.886420
43200	4.478769	1.470207	9.131269	-0.000720	0.002129	0.002279	-0.774123	-0.455460	0.439647	0.561539	-0.814691	0.144754	0.292247	0.358936	0.886429
43201	4.474067	1.505198	9.097785	-0.000256	-0.001451	0.005116	-0.774101	-0.455466	0.439680	0.561541	-0.814698	0.144703	0.292299	0.358913	0.886421
43202	4.468894	1.471002	9.098190	-0.000285	-0.005149	-0.001030	-0.774104	-0.455407	0.439736	0.561496	-0.814733	0.144680	0.292379	0.358907	0.886397
43203	4.479992	1.470068	9.130691	0.006775	-0.013099	0.005877	-0.774049	-0.455368	0.439874	0.561516	-0.814718	0.144688	0.292487	0.358992	0.886328
43204	4.540563	1.513159	9.131169	0.001318	-0.012257	0.001911	-0.774014	-0.455307	0.439996	0.561498	-0.814734	0.144666	0.292612	0.359031	0.886270
43205	4.530837	1.445055	9.131627	0.002832	-0.015000	0.003949	-0.773956	-0.455261	0.440147	0.561507	-0.814731	0.144648	0.292749	0.359097	0.886198
43206	4.528130	1.549659	9.063410	0.004212	-0.011196	0.004632	-0.773909	-0.455227	0.440264	0.561519	-0.814724	0.144640	0.292850	0.359155	0.886141
43207	4.589500	1.452223	9.058935	-0.002594	-0.010460	0.006130	-0.773860	-0.455200	0.440379	0.561514	-0.814741	0.144564	0.292989	0.359152	0.886097
43208	4.552310	1.475838	9.089328	-0.004108	-0.007717	0.004092	-0.773827	-0.455174	0.440465	0.561497	-0.814767	0.144485	0.293111	0.359126	0.886067
43209	4.583771	1.488086	9.098008	-0.002429	-0.004643	0.000113	-0.773823	-0.455127	0.440520	0.561455	-0.814804	0.144436	0.293200	0.359100	0.886048
43210	4.545304	1.458599	9.072814	-0.004242	-0.001169	0.002739	-0.773816	-0.455114	0.440545	0.561427	-0.814837	0.144362	0.293272	0.359043	0.886047
43211	4.530292	1.478346	9.096344	-0.005337	0.000176	0.003086	-0.773816	-0.455097	0.440562	0.561388	-0.814879	0.144275	0.293346	0.358968	0.886053
43212	4.448205	1.438909	9.102487	-0.000960	-0.005204	0.001699	-0.773804	-0.455060	0.440622	0.561361	-0.814905	0.144234	0.293430	0.358957	0.886030
43213	4.470096	1.505769	9.134064	-0.000915	-0.007387	0.002149	-0.773768	-0.455039	0.440706	0.561360	-0.814914	0.144187	0.293527	0.358962	0.885995
43214	4.555027	1.473716	9.088311	-0.000450	-0.010969	0.004983	-0.773720	-0.455009	0.440822	0.561360	-0.814923	0.144136	0.293653	0.358981	0.885946
43215	4.543314	1.476319	9.128063	0.001273	-0.010078	0.001454	-0.773708	-0.454933	0.440922	0.561317	-0.814956	0.144119	0.293768	0.359003	0.885899
43216	4.547444	1.527985	9.110272	0.000224	-0.010916	0.002251	-0.773675	-0.454880	0.441034	0.561298	-0.814975	0.144086	0.293890	0.359027	0.885849
43217	4.571263	1.524082	9.102567	0.001980	-0.006326	0.004870	-0.773637	-0.454871	0.441109	0.561311	-0.814971	0.144056	0.293964	0.359047	0.885816
43218	4.581415	1.469587	9.079351	0.000886	-0.004981	0.005217	-0.773606	-0.454864	0.441172	0.561317	-0.814974	0.144016	0.294036	0.359049	0.885792
43219	4.566717	1.489821	9.102663	0.001891	-0.001960	0.003969	-0.773597	-0.454847	0.441205	0.561306	-0.814986	0.143992	0.294082	0.359042	0.885779
43220	4.571587	1.454491	9.136123	-0.000297	0.000731	0.004664	-0.773585	-0.454856	0.441217	0.561304	-0.814996	0.143943	0.294116	0.359009	0.885781
43221	4.519827	1.444091	9.061511	0.002761	0.007611	0.001371	-0.773591	-0.454893	0.441167	0.561318	-0.814988	0.143933	0.294072	0.358980	0.885807
43222	4.542940	1.493573	9.110374	0.000663	0.005935	0.002966	-0.773604	-0.454907	0.441130	0.561306	-0.815002	0.143901	0.294061	0.358931	0.885831
43223	4.511669	1.480863	9.101684	0.000707	0.003752	0.003416	-0.773607	-0.454916	0.441115	0.561298	-0.815014	0.143866	0.294068	0.358893	0.885844
43224	4.513997	1.463089	9.118484	-0.000253	-0.001453	0.005114	-0.773587	-0.454921	0.441147	0.561300	-0.815021	0.143816	0.294119	0.358870	0.885837
43225	4.578322	1.486529	9.063073	-0.000673	-0.000054	0.002730	-0.773592	-0.454895	0.441164	0.561266	-0.815052	0.143772	0.294171	0.358832	0.885835
43226	4.557472	1.472521	9.087279	-0.001480	0.006442	0.004110	-0.773600	-0.454920	0.441125	0.561256	-0.815069	0.143716	0.294167	0.358763	0.885864
43227	4.539647	1.510051	9.094270	-0.002485	0.003421	0.005357	-0.773586	-0.454951	0.441116	0.561261	-0.815078	0.143643	0.294194	0.358702	0.885880
43228	4.541445	1.492073	9.111365	0.000277	0.011031	0.006728	-0.773593	-0.455013	0.441040	0.561277	-0.815077	0.143591	0.294145	0.358626	0.885926
43229	4.547832	1.455011	9.072123	-0.001900	0.007841	0.001726	-0.773611	-0.455035	0.440986	0.561260	-0.815097	0.143540	0.294131	0.358552	0.885961
43230	4.559683	1.435939	9.122260	-0.002618	0.009970	0.004005	-0.773630	-0.455072	0.440915	0.561246	-0.815118	0.143474	0.294107	0.358458	0.886007
43231	4.531179	1.474515	9.096525	-0.003667	0.009132	0.004802	-0.773644	-0.455106	0.440855	0.561230	-0.815144	0.143394	0.294101	0.358357	0.886050
43232	4.528079	1.491692	9.080215	-0.001524	0.008624	0.003657	-0.773661	-0.455135	0.440796	0.561217	-0.815162	0.143339	0.294081	0.358278	0.886089
43233	4.529666	1.473752	9.097402	-0.002993	0.009185	0.002071	-0.773673	-0.455174	0.440734	0.561211	-0.815178	0.143274	0.294061	0.358192	0.886130
43234	4.541533	1.470707	9.057658	-0.001567	0.010806	0.003206	-0.773699	-0.455207	0.440654	0.561194	-0.815199	0.143221	0.294025	0.358103	0.886178
43235	4.494664	1.477943	9.072739	-0.004760	0.010475	0.005145	-0.773700	-0.455275	0.440582	0.561204	-0.815208	0.143129	0.294003	0.357996	0.886229
43236	4.483457	1.462549	9.130198	0.000697	0.009628	0.009107	-0.773690	-0.455352	0.440521	0.561240	-0.815194	0.143070	0.293963	0.357930	0.886268
43237	4.562252	1.465710	9.051706	0.001757	0.004587	0.002617	-0.773703	-0.455354	0.440495	0.561224	-0.815208	0.143050	0.293957	0.357895	0.886285
43238	4.467546	1.482667	9.154110	0.001126	0.002350	0.005797	-0.773690	-0.455378	0.440494	0.561236	-0.815207	0.143009	0.293971	0.357866	0.886292
43239	4.598133	1.496237	9.150235	0.005490	0.002847	0.010105	-0.773643	-0.455452	0.440499	0.561308	-0.815162	0.142985	0.293955	0.357875	0.886293
43240	4.643063	1.505385	9.046245	0.023741	0.027439	0.010322	-0.773678	-0.455603	0.440282	0.561421	-0.815060	0.143125	0.293648	0.357916	0.886379
43241	4.545619	1.470799	9.093492	0.024536	0.026819	0.014630	-0.773692	-0.455779	0.440075	0.561561	-0.814940	0.143255	0.293342	0.357964	0.886460
43242	4.512644	1.459785	9.085337	0.024206	0.023849	0.013143	-0.773701	-0.455939	0.439894	0.561696	-0.814824	0.143387	0.293060	0.358025	0.886529
43243	4.510741	1.461256	9.086046	0.020262	0.021951	0.011214	-0.773693	-0.456110	0.439730	0.561840	-0.814707	0.143489	0.292805	0.358074	0.886594
43244	4.480317	1.432396	9.094572	0.016577	0.021505	0.004175	-0.773745	-0.456189	0.439557	0.561884	-0.814658	0.143592	0.292583	0.358084	0.886663
43245	4.469054	1.487986	9.118093	0.014893	0.018432	0.008151	-0.773751	-0.456309	0.439422	0.561975	-0.814583	0.143660	0.292392	0.358101	0.886719
43246	4.493090	1.467379	9.128115	0.010658	0.011390	0.005203	-0.773767	-0.456361	0.439339	0.562010	-0.814551	0.143706	0.292283	0.358108	0.886752
43247	4.505266	1.465014	9.088157	0.003226	0.004023	0.004196	-0.773777	-0.456363	0.439320	0.562000	-0.814561	0.143693	0.292276	0.358084	0.886764
43248	4.456786	1.490379	9.085932	0.000749	0.001567	0.003861	-0.773772	-0.456368	0.439323	0.561995	-0.814570	0.143657	0.292298	0.358055	0.886768
43249	4.487736	1.502915	9.094869	0.001884	-0.001960	0.003971	-0.773754	-0.456367	0.439356	0.561999	-0.814572	0.143632	0.292338	0.358054	0.886756
43250	4.521389	1.497611	9.120427	-0.003747	-0.006923	0.006029	-0.773712	-0.456359	0.439438	0.561998	-0.814587	0.143548	0.292451	0.358027	0.886729
43251	4.460323	1.472107	9.102216	0.001968	-0.006324	0.004879	-0.773672	-0.456354	0.439514	0.562015	-0.814581	0.143517	0.292525	0.358049	0.886696
43252	4.527330	1.461975	9.153395	-0.000551	-0.006597	0.004089	-0.773642	-0.456332	0.439590	0.562008	-0.814594	0.143469	0.292618	0.358047	0.886666
43253	4.586871	1.451245	9.098368	0.002009	-0.008506	0.005331	-0.773604	-0.456305	0.439685	0.562009	-0.814599	0.143438	0.292715	0.358072	0.886624
43254	4.518550	1.462891	9.119757	0.001926	-0.004142	0.004424	-0.773579	-0.456294	0.439739	0.562012	-0.814601	0.143411	0.292775	0.358079	0.886602
43255	4.718653	1.518560	9.150113	0.015699	0.011935	0.006777	-0.773588	-0.456362	0.439654	0.562075	-0.814543	0.143496	0.292631	0.358125	0.886630
43256	4.577326	1.577473	9.087137	0.039675	0.022555	0.013638	-0.773589	-0.456522	0.439485	0.562260	-0.814368	0.143762	0.292272	0.358318	0.886671
43257	4.481312	1.420695	9.038925	0.050815	0.018596	0.010302	-0.773581	-0.456667	0.439349	0.562479	-0.814150	0.144140	0.291872	0.358629	0.886677
43258	4.473408	1.514913	9.134291	0.044394	0.014243	0.008038	-0.773590	-0.456752	0.439246	0.562634	-0.813984	0.144473	0.291551	0.358898	0.886674
43259	4.519741	1.439471	9.081015	0.039014	0.016607	0.010654	-0.773577	-0.456887	0.439128	0.562816	-0.813810	0.144746	0.291234	0.359120	0.886688
43260	4.472399	1.450619	9.095580	0.039622	0.015132	0.001333	-0.773625	-0.456921	0.439007	0.562905	-0.813691	0.145066	0.290932	0.359346	0.886696
43261	4.451595	1.509583	9.085307	0.037185	0.010494	0.001453	-0.773665	-0.456934	0.438923	0.562982	-0.813585	0.145367	0.290678	0.359571	0.886688
43262	4.516435	1.449524	9.081061	0.036853	0.007524	-0.000025	-0.773700	-0.456929	0.438868	0.563052	-0.813482	0.145669	0.290451	0.359809	0.886665
43263	4.444784	1.481855	9.085531	0.027949	0.000726	-0.002599	-0.773741	-0.456861	0.438866	0.563057	-0.813436	0.145906	0.290330	0.360000	0.886628
43264	4.467840	1.480212	9.077931	0.019379	-0.003104	-0.003699	-0.773765	-0.456788	0.438899	0.563048	-0.813413	0.146069	0.290284	0.360144	0.886584
43265	4.476546	1.498182	9.093432	0.010292	-0.015701	-0.000235	-0.773728	-0.456706	0.439050	0.563048	-0.813401	0.146136	0.290382	0.360275	0.886499
43266	4.516561	1.527997	9.117778	0.004494	-0.011931	0.000006	-0.773706	-0.456632	0.439167	0.563025	-0.813415	0.146151	0.290488	0.360339	0.886438
43267	4.550048	1.469732	9.087417	0.001631	-0.009284	0.003418	-0.773659	-0.456614	0.439267	0.563040	-0.813409	0.146124	0.290581	0.360375	0.886393
43268	4.571413	1.467573	9.152892	-0.003743	-0.012794	0.000380	-0.773632	-0.456540	0.439392	0.562996	-0.813450	0.146064	0.290740	0.360375	0.886341
43269	4.565436	1.519814	9.101982	-0.003866	-0.006252	-0.000995	-0.773646	-0.456455	0.439455	0.562916	-0.813515	0.146011	0.290856	0.360337	0.886318
43270	4.568186	1.501994	9.118639	-0.002063	-0.003847	0.002059	-0.773636	-0.456426	0.439503	0.562889	-0.813543	0.145959	0.290935	0.360311	0.886303
43271	4.565920	1.519524	9.101787	0.003906	0.004071	0.001453	-0.773651	-0.456422	0.439480	0.562877	-0.813551	0.145962	0.290919	0.360297	0.886314
43272	4.418980	1.457314	9.163356	-0.005301	-0.001985	0.003545	-0.773638	-0.456412	0.439514	0.562852	-0.813584	0.145875	0.291003	0.360236	0.886311
43273	4.472140	1.551605	9.113754	-0.011989	-0.007770	0.006421	-0.773580	-0.456423	0.439604	0.562849	-0.813615	0.145715	0.291161	0.360153	0.886293
43274	4.443862	1.466026	9.065862	-0.021914	-0.011694	0.010780	-0.773498	-0.456436	0.439735	0.562832	-0.813674	0.145448	0.291413	0.360000	0.886272
43275	4.396977	1.473628	9.152982	-0.016368	-0.022796	0.009976	-0.773388	-0.456402	0.439964	0.562823	-0.813719	0.145233	0.291722	0.359943	0.886194
43276	4.525903	1.520292	9.114434	-0.011498	-0.033949	0.011896	-0.773234	-0.456345	0.440294	0.562844	-0.813736	0.145054	0.292088	0.359977	0.886059
43277	4.566877	1.493957	9.082697	-0.018052	-0.025866	0.013951	-0.773086	-0.456344	0.440555	0.562873	-0.813760	0.144807	0.292424	0.359925	0.885970
43278	4.587658	1.507378	9.130812	-0.015191	-0.028516	0.010530	-0.772956	-0.456295	0.440834	0.562873	-0.813796	0.144601	0.292768	0.359904	0.885865
43279	4.586871	1.469648	9.057457	-0.012079	-0.017950	0.013344	-0.772823	-0.456334	0.441026	0.562933	-0.813789	0.144408	0.293004	0.359870	0.885801
43280	4.610311	1.394990	9.084008	-0.011902	-0.012141	0.007321	-0.772758	-0.456319	0.441155	0.562918	-0.813828	0.144245	0.293203	0.359801	0.885763
43281	4.540181	1.423283	9.088562	-0.006604	-0.010154	0.003778	-0.772720	-0.456281	0.441261	0.562891	-0.813865	0.144146	0.293356	0.359766	0.885726
43282	4.552530	1.490396	9.086842	-0.011227	-0.012093	0.004592	-0.772671	-0.456243	0.441386	0.562857	-0.813914	0.144001	0.293551	0.359703	0.885687
43283	4.545342	1.472596	9.070534	-0.015757	-0.003857	-0.001521	-0.772677	-0.456191	0.441429	0.562768	-0.814003	0.143844	0.293705	0.359567	0.885692
43284	4.549081	1.523006	9.053057	-0.010297	-0.004714	0.002427	-0.772662	-0.456162	0.441486	0.562720	-0.814059	0.143717	0.293837	0.359477	0.885684
43285	4.563023	1.572844	9.068484	-0.003154	-0.002503	0.002397	-0.772643	-0.456157	0.441525	0.562709	-0.814078	0.143651	0.293908	0.359441	0.885675
43286	4.528609	1.508509	9.077172	0.001725	0.006768	0.002149	-0.772662	-0.456167	0.441479	0.562694	-0.814092	0.143632	0.293885	0.359397	0.885701
43287	4.615040	1.512721	9.104734	0.015379	0.008955	0.005269	-0.772674	-0.456204	0.441421	0.562737	-0.814047	0.143719	0.293772	0.359452	0.885716
43288	4.656813	1.471230	9.017869	0.041852	0.016122	0.006740	-0.772696	-0.456286	0.441299	0.562875	-0.813895	0.144035	0.293450	0.359692	0.885725
43289	4.504082	1.308665	9.041553	0.055526	0.021071	-0.009338	-0.772825	-0.456247	0.441112	0.562923	-0.813772	0.144542	0.293018	0.360018	0.885736
43290	4.571501	1.325889	9.255395	0.079907	0.014780	-0.017640	-0.772980	-0.456125	0.440967	0.562984	-0.813595	0.145303	0.292492	0.360574	0.885683
43291	4.542011	1.474758	9.086983	0.068228	0.000369	-0.021567	-0.773123	-0.455906	0.440944	0.562966	-0.813486	0.145978	0.292149	0.361095	0.885584
43292	4.498047	1.472939	9.117197	0.079333	-0.001444	-0.025396	-0.773274	-0.455662	0.440931	0.562964	-0.813345	0.146767	0.291753	0.361719	0.885460
43293	4.475984	1.553719	9.088681	0.064254	-0.005265	-0.029648	-0.773437	-0.455370	0.440947	0.562885	-0.813278	0.147441	0.291472	0.362239	0.885340
43294	4.453322	1.564477	9.094588	0.059418	-0.010830	-0.023270	-0.773548	-0.455110	0.441020	0.562842	-0.813199	0.148044	0.291260	0.362744	0.885203
43295	4.452741	1.657171	9.041632	0.058490	-0.012318	-0.015444	-0.773608	-0.454911	0.441120	0.562859	-0.813084	0.148604	0.291066	0.363249	0.885060
43296	4.443912	1.523010	9.003467	0.042724	-0.010274	-0.011272	-0.773654	-0.454750	0.441205	0.562860	-0.813010	0.149006	0.290944	0.363616	0.884949
43297	4.469398	1.421509	9.136553	0.036465	-0.023347	-0.011654	-0.773674	-0.454524	0.441403	0.562824	-0.812971	0.149358	0.290961	0.363986	0.884791
43298	4.577414	1.528345	9.086798	0.019142	-0.016373	-0.009970	-0.773694	-0.454352	0.441544	0.562766	-0.812977	0.149546	0.291019	0.364189	0.884689
43299	4.627059	1.504362	9.088318	0.001568	-0.016730	-0.008821	-0.773710	-0.454181	0.441692	0.562659	-0.813045	0.149573	0.291182	0.364249	0.884611
43300	4.651089	1.501057	9.080432	0.004339	-0.009125	-0.007502	-0.773738	-0.454055	0.441773	0.562577	-0.813093	0.149620	0.291267	0.364298	0.884563
43301	4.661028	1.641453	9.116774	0.010306	-0.001209	-0.008139	-0.773785	-0.453965	0.441784	0.562521	-0.813114	0.149721	0.291252	0.364364	0.884540
43302	4.684915	1.569033	9.070944	0.046453	0.014321	-0.000396	-0.773841	-0.453983	0.441668	0.562616	-0.812976	0.150109	0.290919	0.364650	0.884532
43303	4.585129	1.502237	9.045350	0.066768	0.018544	-0.006376	-0.773946	-0.453962	0.441504	0.562719	-0.812795	0.150703	0.290439	0.365079	0.884512
43304	4.488714	1.472803	9.091743	0.062241	0.006331	-0.010292	-0.774035	-0.453870	0.441444	0.562783	-0.812644	0.151274	0.290078	0.365529	0.884445
43305	4.442351	1.486525	9.105453	0.054806	-0.001033	-0.011241	-0.774100	-0.453749	0.441453	0.562826	-0.812520	0.151780	0.289819	0.365954	0.884354
43306	4.419454	1.495503	9.111817	0.041863	-0.005369	-0.016580	-0.774190	-0.453563	0.441486	0.562783	-0.812472	0.152199	0.289663	0.366291	0.884266
43307	4.477355	1.559857	9.094330	0.033462	-0.017917	-0.015778	-0.774252	-0.453317	0.441631	0.562700	-0.812466	0.152540	0.289661	0.366610	0.884134
43308	4.501995	1.559059	9.085739	0.022109	-0.023435	-0.012477	-0.774266	-0.453098	0.441830	0.562630	-0.812471	0.152766	0.289757	0.366869	0.883996
43309	4.581408	1.634974	9.043821	0.014831	-0.019096	-0.013800	-0.774309	-0.452871	0.441988	0.562516	-0.812519	0.152934	0.289864	0.367044	0.883888
43310	4.617559	1.560686	9.030378	0.012300	-0.013452	-0.008918	-0.774332	-0.452718	0.442104	0.562446	-0.812544	0.153058	0.289937	0.367177	0.883808
43311	4.653652	1.540162	9.072567	0.009137	-0.001438	-0.014401	-0.774418	-0.452567	0.442109	0.562329	-0.812603	0.153175	0.289937	0.367232	0.883786
43312	4.561153	1.557408	9.101572	0.008242	0.009430	-0.013990	-0.774536	-0.452457	0.442015	0.562208	-0.812666	0.153285	0.289856	0.367229	0.883814
43313	4.519802	1.600583	9.115290	0.004712	0.006149	-0.013488	-0.774648	-0.452326	0.441952	0.562068	-0.812748	0.153361	0.289826	0.367208	0.883832
43314	4.490573	1.585938	9.033683	-0.001727	0.007719	-0.010025	-0.774739	-0.452241	0.441879	0.561949	-0.812830	0.153366	0.289814	0.367132	0.883867
43315	4.595220	1.620955	9.020061	-0.007779	0.004165	-0.010293	-0.774827	-0.452129	0.441841	0.561798	-0.812944	0.153316	0.289873	0.367019	0.883895
43316	4.506673	1.547701	9.028171	-0.007447	0.007140	-0.008834	-0.774909	-0.452051	0.441776	0.561671	-0.813041	0.153264	0.289898	0.366898	0.883937
43317	4.463364	1.591782	9.115052	-0.011639	-0.002093	-0.011253	-0.774986	-0.451907	0.441788	0.561500	-0.813174	0.153186	0.290025	0.366781	0.883944
43318	4.542872	1.593527	9.036186	-0.011173	-0.005658	-0.008399	-0.775029	-0.451786	0.441836	0.561366	-0.813283	0.153100	0.290170	0.366688	0.883935
43319	4.570234	1.500035	9.007707	-0.014416	-0.003785	-0.006901	-0.775070	-0.451681	0.441872	0.561231	-0.813399	0.152977	0.290321	0.366560	0.883938
43320	4.554479	1.451138	9.065925	-0.010964	-0.002061	-0.013992	-0.775155	-0.451528	0.441880	0.561054	-0.813532	0.152917	0.290437	0.366453	0.883945
43321	4.530135	1.526000	9.111278	-0.012255	-0.010227	-0.013718	-0.775210	-0.451352	0.441962	0.560881	-0.813666	0.152843	0.290623	0.366374	0.883917
43322	4.488210	1.585202	9.107363	-0.002449	-0.014290	-0.011630	-0.775246	-0.451173	0.442082	0.560747	-0.813757	0.152848	0.290786	0.366391	0.883856
43323	4.456969	1.658511	9.046125	-0.013544	-0.018396	-0.013447	-0.775268	-0.450984	0.442236	0.560587	-0.813883	0.152761	0.291036	0.366343	0.883794
43324	4.263229	1.466885	9.265166	-0.039504	-0.039899	0.002112	-0.775152	-0.450824	0.442603	0.560452	-0.814048	0.152378	0.291605	0.366174	0.883676
43325	4.357737	1.658568	9.276031	-0.043777	-0.071618	0.014074	-0.774862	-0.450665	0.443272	0.560418	-0.814161	0.151901	0.292439	0.366120	0.883423
43326	4.465454	1.668909	9.170004	-0.057856	-0.093384	0.029580	-0.774435	-0.450532	0.444153	0.560441	-0.814269	0.151234	0.293525	0.366042	0.883095
43327	4.326060	1.477723	9.281687	-0.092077	-0.125982	0.052405	-0.773783	-0.450462	0.445357	0.560535	-0.814403	0.150162	0.295058	0.365831	0.882671
43328	4.384292	1.671573	9.303842	-0.057084	-0.168171	0.078117	-0.772860	-0.450451	0.446969	0.560934	-0.814290	0.149285	0.296717	0.366096	0.882005
43329	3.127578	1.903278	9.799033	-0.036318	-0.259013	0.083227	-0.771631	-0.450149	0.449390	0.561433	-0.814077	0.148565	0.298962	0.366940	0.880896
43330	3.891393	0.787119	9.978640	0.008958	-0.422162	0.098364	-0.769822	-0.449364	0.453262	0.562181	-0.813632	0.148175	0.302204	0.368884	0.878975
43331	4.031507	1.892491	9.738598	0.202999	-0.518574	0.095246	-0.767725	-0.448179	0.457967	0.563487	-0.812485	0.149497	0.305090	0.372831	0.876309
43332	4.207795	1.641535	9.739003	0.149292	-0.616167	0.104853	-0.765254	-0.446689	0.463525	0.564712	-0.811487	0.150296	0.309009	0.376773	0.873244
43333	4.032767	1.791898	9.920491	0.247120	-0.739445	0.099615	-0.762404	-0.444656	0.470129	0.566200	-0.810139	0.151960	0.313300	0.382042	0.869417
43334	3.849469	2.265881	10.386531	0.338681	-0.879664	0.125565	-0.758927	-0.442250	0.477960	0.568187	-0.808308	0.154278	0.318109	0.388656	0.864727
43335	4.137147	2.302343	10.695826	0.435462	-1.071592	0.191551	-0.754414	-0.439547	0.487502	0.570988	-0.805790	0.157083	0.323779	0.396863	0.858875
43336	4.387753	3.073546	11.357031	0.461850	-1.253506	0.376280	-0.748168	-0.437508	0.498830	0.575288	-0.802317	0.159156	0.330588	0.406046	0.851961
43337	3.902810	3.808010	11.956524	0.274556	-1.553392	0.686647	-0.738988	-0.436603	0.513103	0.581288	-0.798214	0.157983	0.340591	0.415008	0.843663
43338	4.635697	3.052618	11.326950	0.367968	-1.796331	0.981563	-0.727035	-0.436826	0.529720	0.589718	-0.792413	0.155930	0.351643	0.425752	0.833716
43339	5.049884	4.800965	10.571941	0.506967	-1.963403	1.342964	-0.712027	-0.438911	0.548065	0.601167	-0.784366	0.152865	0.362790	0.438323	0.822348
43340	5.873602	4.736178	9.837081	0.477319	-2.084415	1.695710	-0.694043	-0.442827	0.567634	0.614811	-0.774800	0.147283	0.374582	0.451208	0.810000
43341	5.698185	6.051595	9.550902	0.577496	-2.256958	1.983417	-0.673099	-0.447721	0.588629	0.630550	-0.763339	0.140427	0.386452	0.465681	0.796113
43342	5.369659	5.141914	8.660994	0.451080	-2.500350	2.196591	-0.649246	-0.452499	0.611330	0.646811	-0.751352	0.130787	0.400143	0.480328	0.780494
43343	7.496365	4.261558	9.746382	0.951222	-2.642557	2.269521	-0.623620	-0.456413	0.634653	0.665097	-0.736397	0.123952	0.410783	0.499405	0.762792
43344	10.225964	9.679221	12.363543	0.928767	-2.316385	2.403291	-0.597818	-0.462122	0.655025	0.683592	-0.720676	0.115451	0.418708	0.516788	0.746735
43345	6.699077	5.588620	9.308572	0.077765	-2.046112	2.504132	-0.571806	-0.469323	0.672884	0.698554	-0.708624	0.099369	0.430186	0.526865	0.733044
43346	6.806906	1.835966	8.402971	-0.022513	-1.917977	2.497814	-0.545841	-0.476657	0.689098	0.712379	-0.696967	0.082183	0.441105	0.535757	0.719993
43347	4.266018	1.803887	7.551231	0.231848	-1.593342	2.424789	-0.521288	-0.484774	0.702319	0.726336	-0.684073	0.066934	0.447989	0.545012	0.708708
43348	-0.230470	3.212616	7.334023	0.236477	-1.309329	2.111390	-0.499943	-0.491877	0.712821	0.738148	-0.672503	0.053650	0.452985	0.552989	0.699291
43349	-1.176219	7.826005	7.128133	0.250422	-1.010034	1.186888	-0.486536	-0.494180	0.720465	0.745121	-0.665281	0.046857	0.456156	0.559631	0.691907
43350	9.666492	9.025920	9.844463	0.282988	-0.467418	-0.328018	-0.486861	-0.489341	0.723541	0.744780	-0.665345	0.051171	0.456364	0.563792	0.688383
43351	2.132658	11.295452	9.757122	0.292400	0.692492	-1.446070	-0.500755	-0.483526	0.717946	0.738918	-0.670785	0.063619	0.450826	0.562361	0.693185
43352	-1.236691	8.161769	6.309127	0.004720	0.963344	-2.219203	-0.521362	-0.473886	0.709657	0.727562	-0.681422	0.079485	0.445909	0.557760	0.700049
43353	-2.676300	6.063301	4.931742	-0.097823	0.990685	-2.796080	-0.545914	-0.460091	0.700210	0.712159	-0.695071	0.098516	0.441369	0.552443	0.707107
43354	-2.017893	3.982661	5.098912	0.069291	0.831103	-3.269815	-0.572569	-0.441672	0.690717	0.694139	-0.709472	0.121741	0.436274	0.549159	0.712804
43355	1.537528	3.540632	6.266823	0.324906	0.817452	-3.685413	-0.601357	-0.419692	0.679873	0.673854	-0.723615	0.149339	0.429290	0.547942	0.717963
43356	3.312748	2.832917	6.683185	0.444112	1.068225	-4.027928	-0.632589	-0.396074	0.665550	0.650847	-0.737652	0.179632	0.419796	0.546805	0.724414
43357	3.383187	2.034050	6.525693	0.475268	1.359667	-4.227606	-0.665237	-0.371965	0.647381	0.625316	-0.751343	0.210865	0.407971	0.545093	0.732416
43358	3.803815	1.458750	6.543534	0.345558	1.506449	-4.151671	-0.696709	-0.348653	0.626928	0.598390	-0.764460	0.239856	0.395635	0.542257	0.741236
43359	4.440612	0.608240	6.702356	0.177326	1.575941	-3.840573	-0.725357	-0.327517	0.605466	0.571703	-0.776535	0.264855	0.383421	0.538262	0.750508
43360	5.293151	-0.209033	6.906158	-0.051251	1.572885	-3.399188	-0.750316	-0.309319	0.584250	0.546387	-0.787668	0.284676	0.372139	0.532824	0.760008
43361	6.433718	-1.608161	7.176343	-0.273341	1.582295	-2.898906	-0.771661	-0.294653	0.563666	0.523252	-0.797916	0.299228	0.361590	0.525842	0.769898
43362	7.256047	-2.728627	7.243835	-0.372145	1.676836	-2.330361	-0.789607	-0.284673	0.543582	0.503694	-0.806641	0.309229	0.350447	0.517968	0.780318
43363	8.716910	-3.157672	7.410013	-0.368610	1.835106	-1.704929	-0.804414	-0.280231	0.523821	0.488762	-0.813399	0.315428	0.337682	0.509758	0.791276
43364	9.985032	-3.186966	7.184825	-0.212867	2.048476	-1.018152	-0.816113	-0.282260	0.504271	0.479770	-0.817370	0.318947	0.322150	0.502230	0.802486
43365	10.121574	-1.769373	6.789454	0.072630	2.200677	-0.350143	-0.824706	-0.290323	0.485358	0.477049	-0.818058	0.321256	0.303784	0.496481	0.813156
43366	10.195247	1.220650	6.322044	0.408600	2.261533	0.172906	-0.830526	-0.302891	0.467423	0.479640	-0.815554	0.323753	0.283147	0.493080	0.822618
43367	22.157008	20.597906	12.916358	0.628716	2.158499	1.234148	-0.830447	-0.323480	0.453562	0.491536	-0.808641	0.323252	0.262204	0.491386	0.830535
43368	12.187836	11.607581	9.915803	-5.404021	2.613619	2.386456	-0.825581	-0.355108	0.438537	0.496953	-0.825701	0.266936	0.267310	0.438310	0.858155
43369	4.686051	-6.172498	-9.594048	-1.733078	1.185560	2.049190	-0.818452	-0.377079	0.433529	0.509135	-0.825661	0.243035	0.266304	0.419638	0.867748
43370	16.334911	3.980765	2.698367	-3.337524	-1.016029	3.966127	-0.794980	-0.405619	0.451088	0.531783	-0.823781	0.196449	0.291915	0.396054	0.870590
43371	39.194993	-35.076735	8.341069	0.111691	-1.504324	0.376674	-0.788501	-0.402685	0.464877	0.535075	-0.821828	0.195685	0.303249	0.403042	0.863480
43372	7.008715	-1.337322	21.156214	-2.088781	2.031577	-0.892262	-0.799337	-0.403196	0.445526	0.521671	-0.833606	0.181548	0.298194	0.377536	0.876668
43373	-3.178484	-12.579215	7.095538	-0.129544	0.830229	-0.434841	-0.804052	-0.402660	0.437453	0.517778	-0.835865	0.182308	0.292244	0.373088	0.880567
43374	2.570953	-0.846991	14.417053	-1.000976	-0.393870	0.424849	-0.800695	-0.404726	0.441684	0.518181	-0.837879	0.171601	0.300626	0.366272	0.880607
43375	5.818212	2.764981	8.717102	-0.412624	0.151468	0.236222	-0.799939	-0.407221	0.440759	0.518785	-0.838456	0.166893	0.301595	0.362164	0.881974
43376	3.710215	3.808791	8.009480	-0.478483	-0.194309	0.130627	-0.798682	-0.407584	0.442698	0.518338	-0.839677	0.162071	0.305666	0.358911	0.881902
43377	5.053316	2.474783	8.437195	-0.449988	-0.143329	0.136572	-0.797546	-0.408185	0.444192	0.518004	-0.840759	0.157469	0.309182	0.355682	0.881985
43378	7.200129	4.340309	8.829944	-0.106398	0.004044	0.123843	-0.796927	-0.409208	0.444361	0.518623	-0.840659	0.155956	0.309738	0.354741	0.882168
43379	3.227129	4.318685	7.507528	-0.094130	0.096505	0.161620	-0.796396	-0.410877	0.443773	0.519583	-0.840357	0.154381	0.309496	0.353525	0.882741
43380	5.042519	1.871938	9.152110	-0.346728	0.019528	0.173749	-0.795564	-0.412374	0.443876	0.519851	-0.840891	0.150524	0.311179	0.350501	0.883355
43381	4.900915	0.769758	9.441451	-0.040607	0.016565	0.159946	-0.794791	-0.413747	0.443982	0.520962	-0.840398	0.149430	0.311296	0.350063	0.883488
43382	5.130200	0.148364	9.675832	0.068900	0.051946	0.048464	-0.794711	-0.414303	0.443607	0.521523	-0.839985	0.149799	0.310561	0.350398	0.883614
43383	4.397279	0.242619	9.624119	0.084883	0.009040	0.018465	-0.794652	-0.414460	0.443567	0.521897	-0.839637	0.150441	0.310084	0.351045	0.883525
43384	4.006621	0.367975	9.643844	0.079530	-0.041241	-0.011983	-0.794597	-0.414182	0.443925	0.522011	-0.839436	0.151172	0.310034	0.351854	0.883220
43385	4.449566	0.532282	9.649890	0.081109	-0.100873	-0.030599	-0.794454	-0.413537	0.444781	0.521981	-0.839305	0.151997	0.310451	0.352922	0.882648
43386	4.631922	1.053777	9.186145	0.059515	-0.099924	-0.045361	-0.794391	-0.412771	0.445605	0.521767	-0.839311	0.152699	0.310971	0.353805	0.882111
43387	4.568541	1.641295	9.056986	0.034529	-0.092083	-0.046129	-0.794355	-0.412025	0.446358	0.521468	-0.839408	0.153182	0.311562	0.354442	0.881646
43388	4.760241	1.952928	8.946290	0.022377	-0.085756	-0.047839	-0.794348	-0.411287	0.447052	0.521120	-0.839554	0.153568	0.312163	0.354954	0.881227
43389	4.895288	1.766744	8.858892	0.021655	-0.049123	-0.050802	-0.794469	-0.410653	0.447418	0.520744	-0.839715	0.153959	0.312480	0.355306	0.880973
43390	4.738199	2.000201	8.914544	0.035964	-0.029653	-0.049670	-0.794646	-0.410098	0.447614	0.520424	-0.839820	0.154474	0.312566	0.355701	0.880784
43391	4.783534	1.844641	8.948521	0.038553	-0.026763	-0.048423	-0.794824	-0.409563	0.447787	0.520121	-0.839910	0.155003	0.312617	0.356103	0.880603
43392	4.803235	1.864276	8.923272	0.026633	0.009485	-0.034908	-0.795046	-0.409271	0.447660	0.519888	-0.839986	0.155369	0.312440	0.356259	0.880603
43393	4.483613	1.887216	8.973680	-0.006963	0.027050	-0.017579	-0.795231	-0.409188	0.447406	0.519689	-0.840111	0.155360	0.312300	0.356059	0.880733
43394	4.566257	1.753814	8.889397	-0.012894	0.020600	0.001370	-0.795299	-0.409241	0.447238	0.519621	-0.840180	0.155216	0.312240	0.355837	0.880844
43395	4.670158	1.656425	9.089642	-0.002967	0.015424	-0.002737	-0.795371	-0.409241	0.447110	0.519553	-0.840229	0.155176	0.312171	0.355719	0.880916
43396	4.745679	1.387045	9.113135	0.006426	0.034513	-0.002500	-0.795502	-0.409310	0.446813	0.519515	-0.840245	0.155219	0.311900	0.355603	0.881059
43397	4.671675	1.568619	9.069860	-0.011338	0.046080	-0.008635	-0.795700	-0.409370	0.446406	0.519373	-0.840349	0.155131	0.311631	0.355289	0.881281
43398	4.544069	1.513299	9.110907	-0.016222	0.045694	-0.009498	-0.795902	-0.409420	0.445999	0.519209	-0.840474	0.155006	0.311388	0.354936	0.881509
43399	4.438805	1.523654	9.037228	-0.007270	0.042171	-0.012439	-0.796107	-0.409433	0.445621	0.519049	-0.840578	0.154970	0.311129	0.354672	0.881707
43400	4.568675	1.525534	9.050204	-0.006928	0.027061	-0.017543	-0.796293	-0.409349	0.445366	0.518850	-0.840703	0.154963	0.310986	0.354474	0.881837
43401	4.411244	1.631212	9.013351	0.009761	0.023553	-0.023449	-0.796497	-0.409204	0.445134	0.518656	-0.840793	0.155127	0.310787	0.354429	0.881925
43402	4.185724	1.866610	8.874176	0.021361	0.000596	-0.019027	-0.796608	-0.409014	0.445110	0.518532	-0.840823	0.155375	0.310708	0.354577	0.881893
43403	4.350528	1.593285	9.158027	0.026820	-0.044227	-0.010139	-0.796533	-0.408740	0.445496	0.518497	-0.840797	0.155630	0.310960	0.354953	0.881653
43404	4.689464	1.555481	9.009611	0.039410	-0.042438	-0.005975	-0.796442	-0.408506	0.445872	0.518534	-0.840710	0.155979	0.311131	0.355428	0.881401
43405	4.609361	1.688918	9.019672	-0.000419	-0.033087	0.002999	-0.796334	-0.408382	0.446180	0.518518	-0.840728	0.155936	0.311435	0.355530	0.881253
43406	4.615747	1.670883	9.034852	-0.005711	-0.032906	0.006402	-0.796208	-0.408286	0.446491	0.518513	-0.840750	0.155832	0.311763	0.355586	0.881114
43407	4.731289	1.605356	9.086141	-0.006662	-0.023984	0.007971	-0.796102	-0.408236	0.446727	0.518518	-0.840769	0.155711	0.312027	0.355598	0.881016
43408	4.708083	1.622819	9.003369	-0.022136	-0.006275	0.008114	-0.796051	-0.408250	0.446806	0.518475	-0.840843	0.155455	0.312229	0.355408	0.881021
43409	4.525790	1.640938	8.991108	-0.040562	0.000471	0.004671	-0.796037	-0.408259	0.446821	0.518348	-0.840996	0.155051	0.312474	0.355035	0.881085
43410	4.538919	1.514919	9.075190	-0.043157	-0.009684	0.003042	-0.796002	-0.408218	0.446922	0.518199	-0.841165	0.154632	0.312812	0.354682	0.881107
43411	4.534840	1.649800	9.007881	-0.042424	-0.016715	0.000318	-0.795957	-0.408129	0.447082	0.518031	-0.841342	0.154231	0.313203	0.354363	0.881096
43412	4.489052	1.547410	9.057057	-0.048236	-0.018656	0.007220	-0.795872	-0.408092	0.447269	0.517899	-0.841512	0.153749	0.313638	0.354004	0.881086
43413	4.545988	1.657918	9.023751	-0.041276	-0.026142	0.006165	-0.795767	-0.408019	0.447521	0.517780	-0.841661	0.153331	0.314098	0.353733	0.881031
43414	4.560981	1.651906	8.982748	-0.043613	-0.030911	0.006118	-0.795649	-0.407929	0.447813	0.517653	-0.841818	0.152895	0.314607	0.353463	0.880958
43415	4.504276	1.551776	9.071478	-0.037109	-0.034624	0.002729	-0.795535	-0.407798	0.448135	0.517520	-0.841966	0.152530	0.315113	0.353261	0.880858
43416	4.604516	1.623988	9.022473	-0.021357	-0.039686	0.004548	-0.795397	-0.407663	0.448502	0.517451	-0.842051	0.152296	0.315576	0.353214	0.880711
43417	4.564087	1.505764	9.086776	-0.027219	-0.038421	0.004854	-0.795260	-0.407537	0.448860	0.517366	-0.842156	0.152009	0.316061	0.353111	0.880578
43418	4.619256	1.635863	9.035806	-0.017732	-0.041657	0.011236	-0.795081	-0.407452	0.449255	0.517360	-0.842201	0.151778	0.316521	0.353102	0.880417
43419	4.781940	1.563246	9.070924	-0.023261	-0.037746	0.000662	-0.794967	-0.407292	0.449600	0.517254	-0.842308	0.151544	0.316979	0.353030	0.880281
43420	4.746514	1.530889	9.045172	-0.013054	-0.014371	0.005581	-0.794903	-0.407256	0.449746	0.517218	-0.842360	0.151379	0.317198	0.352949	0.880234
43421	4.694368	1.518675	9.043769	-0.004259	-0.011949	0.008455	-0.794831	-0.407254	0.449876	0.517234	-0.842368	0.151277	0.317353	0.352931	0.880185
43422	4.680126	1.589382	9.050499	-0.002251	-0.000715	0.006968	-0.794803	-0.407277	0.449904	0.517244	-0.842376	0.151202	0.317407	0.352886	0.880184
43423	4.687832	1.500417	9.027355	-0.012025	-0.001486	0.005256	-0.794780	-0.407285	0.449938	0.517210	-0.842425	0.151046	0.317520	0.352761	0.880194
43424	4.677500	1.551628	8.978067	-0.019202	0.007892	0.005178	-0.794789	-0.407324	0.449887	0.517151	-0.842499	0.150829	0.317593	0.352537	0.880257
43425	4.694797	1.564982	9.027960	-0.029305	0.013588	0.001930	-0.794831	-0.407356	0.449783	0.517036	-0.842622	0.150536	0.317675	0.352205	0.880360
43426	4.595093	1.555389	8.970542	-0.037851	0.025179	0.007299	-0.794884	-0.407474	0.449583	0.516935	-0.842754	0.150146	0.317707	0.351754	0.880529
43427	4.453060	1.690722	8.967687	-0.020964	0.019785	0.002485	-0.794943	-0.407533	0.449425	0.516851	-0.842845	0.149924	0.317697	0.351467	0.880648
43428	4.508151	1.631275	9.002714	0.003283	0.004482	0.005131	-0.794941	-0.407560	0.449404	0.516864	-0.842841	0.149905	0.317681	0.351446	0.880661
43429	4.431151	1.676558	9.065509	0.023485	-0.006914	0.011625	-0.794868	-0.407602	0.449495	0.516993	-0.842738	0.150034	0.317653	0.351643	0.880593
43430	4.461728	1.588704	9.106676	0.035878	-0.022374	0.014096	-0.794734	-0.407610	0.449724	0.517180	-0.842583	0.150262	0.317682	0.352007	0.880437
43431	4.567691	1.474456	9.067416	0.034596	-0.040634	0.012849	-0.794548	-0.407543	0.450113	0.517355	-0.842436	0.150482	0.317864	0.352434	0.880201
43432	4.739439	1.421666	9.044566	0.023722	-0.042438	0.011518	-0.794364	-0.407458	0.450515	0.517483	-0.842334	0.150615	0.318115	0.352777	0.879972
43433	4.716711	1.443360	9.033564	0.013034	-0.035653	0.005154	-0.794233	-0.407344	0.450849	0.517528	-0.842295	0.150680	0.318369	0.353002	0.879790
43434	4.698431	1.550555	9.005588	0.000851	-0.037977	-0.003211	-0.794139	-0.407150	0.451189	0.517466	-0.842333	0.150678	0.318703	0.353134	0.879616
43435	4.703966	1.429219	9.054113	-0.006573	-0.042606	-0.011505	-0.794072	-0.406871	0.451559	0.517316	-0.842431	0.150646	0.319114	0.353222	0.879432
43436	4.651497	1.592408	9.057348	-0.003764	-0.041610	-0.009115	-0.793997	-0.406615	0.451922	0.517193	-0.842509	0.150630	0.319500	0.353330	0.879248
43437	4.619354	1.717923	8.979918	0.006092	-0.044050	-0.000790	-0.793869	-0.406421	0.452320	0.517169	-0.842519	0.150661	0.319857	0.353531	0.879038
43438	4.583950	1.584057	8.986992	0.003781	-0.041551	-0.000420	-0.793749	-0.406238	0.452696	0.517139	-0.842535	0.150671	0.320204	0.353702	0.878843
43439	4.531699	1.523128	9.147413	0.003845	-0.052023	0.005801	-0.793561	-0.406071	0.453174	0.517160	-0.842526	0.150653	0.320635	0.353916	0.878599
43440	4.569044	1.588269	9.063156	0.012606	-0.055500	0.014500	-0.793318	-0.405965	0.453695	0.517276	-0.842450	0.150674	0.321047	0.354218	0.878327
43441	4.555590	1.574120	9.084276	0.019998	-0.072654	0.021612	-0.792982	-0.405857	0.454377	0.517474	-0.842320	0.150725	0.321558	0.354651	0.877965
43442	4.561796	1.419031	9.130902	0.019669	-0.097075	0.031363	-0.792518	-0.405744	0.455288	0.517747	-0.842151	0.150731	0.322262	0.355181	0.877493
43443	4.604317	1.589820	9.083156	0.040085	-0.114390	0.032082	-0.791992	-0.405576	0.456351	0.518093	-0.841906	0.150911	0.322999	0.355952	0.876909
43444	4.224599	1.695704	9.339111	0.085309	-0.124876	0.057702	-0.791300	-0.405584	0.457544	0.518786	-0.841396	0.151371	0.323582	0.357147	0.876208
43445	4.190751	1.517884	9.323994	0.114971	-0.228861	0.034693	-0.790387	-0.405024	0.459613	0.519395	-0.840872	0.152193	0.324834	0.359012	0.874982
43446	4.694006	1.797476	9.026904	0.167210	-0.227224	0.040747	-0.789447	-0.404515	0.461672	0.520222	-0.840134	0.153443	0.325796	0.361307	0.873678
43447	4.617523	1.530075	9.204160	0.162775	-0.258422	0.040117	-0.788404	-0.403883	0.464002	0.521030	-0.839410	0.154653	0.327026	0.363688	0.872230
43448	4.547540	1.573586	9.204566	0.187818	-0.274171	0.039070	-0.787313	-0.403177	0.466462	0.521915	-0.838596	0.156084	0.328244	0.366341	0.870661
43449	4.654229	1.526576	9.140836	0.193309	-0.305939	0.034181	-0.786138	-0.402305	0.469188	0.522780	-0.837777	0.157581	0.329679	0.369162	0.868925
43450	4.672116	1.493759	9.181060	0.202941	-0.332956	0.032182	-0.784880	-0.401308	0.472140	0.523664	-0.836924	0.159167	0.331270	0.372170	0.867035
43451	4.620129	1.332603	9.280490	0.188331	-0.379645	0.020670	-0.783520	-0.400029	0.475471	0.524412	-0.836167	0.160675	0.333299	0.375235	0.864934
43452	4.705755	1.222632	9.295018	0.182307	-0.417569	-0.001175	-0.782140	-0.398413	0.479087	0.524973	-0.835514	0.162233	0.335648	0.378397	0.862645
43453	4.757684	1.236478	9.231105	0.156360	-0.472319	-0.028389	-0.780708	-0.396346	0.483119	0.525237	-0.835064	0.163691	0.338557	0.381547	0.860117
43454	4.591658	1.337891	9.451348	0.139009	-0.526675	-0.048884	-0.779183	-0.393887	0.487572	0.525290	-0.834753	0.165100	0.341971	0.384760	0.857331
43455	4.353042	1.520024	9.702009	0.132921	-0.630433	-0.059192	-0.777337	-0.390921	0.492878	0.525243	-0.834504	0.166503	0.346219	0.388310	0.854019
43456	4.222480	1.476690	9.726479	0.181148	-0.762874	-0.065025	-0.775028	-0.387366	0.499279	0.525331	-0.834079	0.168347	0.351226	0.392760	0.849929
43457	4.278474	1.491558	9.827251	0.241186	-0.925698	-0.082913	-0.772197	-0.382976	0.506992	0.525498	-0.833478	0.170784	0.357160	0.398302	0.844862
43458	4.325070	1.304406	9.855684	0.286792	-1.098115	-0.090552	-0.768723	-0.377779	0.516090	0.525795	-0.832700	0.173640	0.364150	0.404838	0.838749
