// General information: 
//  MT Manager version: 2022.2.0 
//  XDA version: 2022.2.0 build 7381 rev 124627 built on 2023-07-19
// Device information: 
//  DeviceId: 00B4CB9F
//  ProductCode: MTW2-3A7G6
//  Firmware Version: 4.6.0
//  Hardware Version: 2.0.0
// Device settings: 
//  Filter Profile: human(46.1)
//  Option Flags: Orientation Smoother Disabled, Position/Velocity Smoother Disabled, Continuous Zero Rotation Update Disabled, AHS Disabled, ICC Disabled
// Coordinate system: ENU
PacketCounter	Acc_X	Acc_Y	Acc_Z	Gyr_X	Gyr_Y	Gyr_Z	Mat[1][1]	Mat[2][1]	Mat[3][1]	Mat[1][2]	Mat[2][2]	Mat[3][2]	Mat[1][3]	Mat[2][3]	Mat[3][3]
61618	9.745075	-1.749234	0.706445	0.475735	-0.402515	-0.009362	-0.010772	0.092538	0.995651	0.146148	0.985162	-0.089982	-0.989204	0.144543	-0.024137
61619	9.885393	-1.227634	0.970143	0.489585	-0.372045	0.004226	-0.014472	0.093164	0.995546	0.141289	0.985850	-0.090202	-0.989863	0.139354	-0.027431
61620	9.869681	-0.789396	1.184212	0.457402	-0.321723	-0.016981	-0.017726	0.093499	0.995462	0.136736	0.986490	-0.090221	-0.990449	0.134516	-0.030271
61621	9.810343	-0.557574	1.247951	0.367752	-0.276873	-0.028759	-0.020533	0.093637	0.995395	0.133073	0.987002	-0.090102	-0.990894	0.130610	-0.032727
61622	9.715160	-0.435771	1.113145	0.243682	-0.244004	-0.040667	-0.023048	0.093612	0.995342	0.130630	0.987353	-0.089835	-0.991163	0.127951	-0.034985
61623	9.676513	-0.694274	0.940527	0.094143	-0.239243	-0.045628	-0.025504	0.093521	0.995291	0.129671	0.987513	-0.089467	-0.991229	0.126779	-0.037312
61624	9.660207	-1.268559	0.379741	-0.021676	-0.252712	-0.031436	-0.028091	0.093590	0.995214	0.129860	0.987512	-0.089200	-0.991134	0.126733	-0.039893
61625	9.652714	-1.689447	-0.325702	-0.085244	-0.282150	-0.021239	-0.030940	0.093794	0.995111	0.130684	0.987421	-0.089006	-0.990941	0.127292	-0.042808
61626	9.679107	-2.051968	-1.000222	-0.125485	-0.324717	-0.033473	-0.034242	0.093939	0.994989	0.131897	0.987289	-0.088673	-0.990672	0.128200	-0.046197
61627	9.891996	-2.247491	-1.443104	-0.109063	-0.357970	-0.047764	-0.037876	0.093982	0.994853	0.132947	0.987191	-0.088197	-0.990399	0.128922	-0.049885
61628	9.776338	-2.334571	-1.613181	-0.018373	-0.380103	-0.072085	-0.041777	0.093824	0.994712	0.133077	0.987233	-0.087530	-0.990225	0.128716	-0.053730
61629	9.743623	-2.012269	-1.590087	0.129487	-0.430778	-0.098412	-0.046199	0.093459	0.994551	0.131738	0.987488	-0.086676	-0.990207	0.127016	-0.057933
61630	9.972729	-1.718054	-1.163388	0.254921	-0.456237	-0.123280	-0.050920	0.092881	0.994374	0.129127	0.987921	-0.085666	-0.990320	0.124038	-0.062298
61631	9.912235	-1.781824	-0.560712	0.360878	-0.466806	-0.135321	-0.055741	0.092169	0.994182	0.125468	0.988484	-0.084606	-0.990531	0.120022	-0.066664
61632	9.651018	-2.019641	0.055903	0.496194	-0.444605	-0.154850	-0.060380	0.091228	0.993998	0.120433	0.989206	-0.083473	-0.990884	0.114670	-0.070715
61633	9.799740	-2.055763	0.859714	0.630156	-0.431626	-0.154605	-0.064865	0.090234	0.993806	0.114078	0.990045	-0.082446	-0.991352	0.108024	-0.074513
61634	9.856995	-2.030592	1.873123	0.750552	-0.393436	-0.154569	-0.068980	0.089184	0.993624	0.106500	0.990963	-0.081552	-0.991917	0.100195	-0.077854
61635	9.918914	-2.012234	2.827674	0.825358	-0.333208	-0.139752	-0.072456	0.088172	0.993467	0.098199	0.991876	-0.080869	-0.992526	0.091698	-0.080526
61636	10.258960	-2.222755	3.684611	0.797400	-0.258331	-0.130555	-0.075183	0.087176	0.993352	0.090151	0.992686	-0.080295	-0.993086	0.083515	-0.082492
61637	10.481217	-2.635863	4.359547	0.721663	-0.150849	-0.105162	-0.076800	0.086306	0.993304	0.082891	0.993350	-0.079901	-0.993595	0.076199	-0.083443
61638	10.694309	-2.711462	4.868911	0.701146	-0.013363	-0.077513	-0.077028	0.085622	0.993346	0.075823	0.993924	-0.079792	-0.994142	0.069173	-0.083052
61639	10.756285	-2.328130	5.260673	0.698650	0.163508	-0.079648	-0.075488	0.084776	0.993536	0.068803	0.994447	-0.079626	-0.994770	0.062348	-0.080902
61640	10.059781	-1.067067	5.304944	0.674176	0.325559	-0.085126	-0.072330	0.083816	0.993853	0.061987	0.994914	-0.079394	-0.995453	0.055864	-0.077158
61641	9.286690	0.582850	4.511343	0.509440	0.416896	-0.104422	-0.068270	0.082607	0.994241	0.056829	0.995270	-0.078790	-0.996047	0.051123	-0.072642
61642	8.743611	2.373279	2.138075	0.113961	0.424376	-0.138910	-0.064140	0.081086	0.994641	0.055559	0.995438	-0.077568	-0.996393	0.050286	-0.068353
61643	8.512598	3.592161	-0.998811	-0.517221	0.334479	-0.200646	-0.060953	0.078965	0.995012	0.060574	0.995321	-0.075279	-0.996301	0.055684	-0.065452
61644	8.730702	3.173815	-3.500820	-1.299763	0.197785	-0.289318	-0.059194	0.076031	0.995347	0.073314	0.994734	-0.071624	-0.995551	0.068733	-0.064457
61645	9.194173	1.010371	-5.307977	-1.802503	0.067156	-0.365181	-0.058854	0.072402	0.995638	0.091018	0.993601	-0.066874	-0.994109	0.086685	-0.065068
61646	9.558420	-1.342869	-6.453690	-1.975850	-0.060830	-0.416470	-0.059898	0.068389	0.995859	0.110370	0.991987	-0.061485	-0.992084	0.106231	-0.066966
61647	9.677470	-3.140628	-6.832854	-1.849491	-0.222468	-0.452748	-0.062669	0.064213	0.995966	0.128408	0.990153	-0.055759	-0.989739	0.124396	-0.070297
61648	10.588005	-4.208653	-6.424057	-1.527509	-0.333525	-0.492786	-0.066661	0.059846	0.995979	0.143162	0.988445	-0.049812	-0.987452	0.139266	-0.074459
61649	11.029563	-4.306927	-5.404008	-1.075712	-0.381870	-0.544020	-0.071260	0.055080	0.995936	0.153387	0.987203	-0.043622	-0.985593	0.149655	-0.078796
61650	10.928681	-3.801874	-4.102728	-0.584806	-0.389332	-0.605806	-0.076070	0.049774	0.995859	0.158660	0.986632	-0.037193	-0.984398	0.155174	-0.082951
61651	12.012080	-3.144869	-2.636348	-0.167301	-0.331883	-0.663417	-0.080417	0.043802	0.995798	0.159776	0.986682	-0.030498	-0.983872	0.156652	-0.086344
61652	11.523428	-2.316387	-1.582440	0.160704	-0.225374	-0.680509	-0.083747	0.037524	0.995780	0.157586	0.987215	-0.023947	-0.983948	0.154916	-0.088589
61653	11.778792	-1.718200	-0.211153	0.386135	-0.163207	-0.622444	-0.086344	0.031682	0.995761	0.153246	0.988021	-0.018147	-0.984409	0.151029	-0.090165
61654	11.220229	-1.156790	0.905671	0.573822	-0.106112	-0.487426	-0.088154	0.027111	0.995738	0.147115	0.989022	-0.013904	-0.985183	0.145262	-0.091174
61655	10.816767	-0.821703	1.961503	0.702625	-0.081383	-0.317638	-0.089436	0.024139	0.995700	0.139896	0.990100	-0.011438	-0.986119	0.138272	-0.091928
61656	10.658297	-0.461224	2.841415	0.765509	-0.027590	-0.157411	-0.089952	0.022708	0.995687	0.132146	0.991173	-0.010667	-0.987140	0.130617	-0.092159
61657	10.471850	-0.333907	3.582780	0.787436	0.069863	-0.058326	-0.089362	0.022097	0.995754	0.124305	0.992185	-0.010862	-0.988212	0.122807	-0.091410
61658	10.220741	-0.396262	4.018698	0.827946	0.219277	-0.003554	-0.087223	0.021892	0.995948	0.116060	0.993174	-0.011667	-0.989405	0.114572	-0.089168
61659	9.936966	-0.348221	4.215597	0.875427	0.375323	0.033325	-0.083496	0.021864	0.996268	0.107410	0.994132	-0.012815	-0.990703	0.105939	-0.085355
61660	9.839925	0.003159	4.297610	0.882428	0.521340	0.085291	-0.078259	0.022273	0.996684	0.098676	0.995014	-0.014487	-0.992038	0.097215	-0.080066
61661	9.730638	0.465262	4.142620	0.797481	0.645841	0.118012	-0.071763	0.022899	0.997159	0.090836	0.995732	-0.016329	-0.993277	0.089406	-0.073537
61662	9.661704	0.889782	3.614900	0.649142	0.757493	0.149610	-0.064117	0.023824	0.997658	0.084433	0.996260	-0.018364	-0.994364	0.083058	-0.065889
61663	9.657951	1.209557	2.850198	0.439892	0.860374	0.176902	-0.055441	0.024944	0.998150	0.080150	0.996573	-0.020453	-0.995240	0.078868	-0.057250
61664	9.765766	1.396089	2.103373	0.205887	0.926694	0.188545	-0.046075	0.026186	0.998595	0.078147	0.996687	-0.022530	-0.995877	0.076999	-0.047969
61665	9.705790	1.419356	1.458552	-0.019331	0.989908	0.196499	-0.036089	0.027434	0.998972	0.078406	0.996620	-0.024537	-0.996268	0.077440	-0.038118
61666	10.174783	1.229765	0.991480	-0.246485	1.017022	0.205434	-0.025799	0.028760	0.999253	0.080880	0.996369	-0.026589	-0.996390	0.080134	-0.028032
61667	10.154035	1.024716	0.522290	-0.428261	1.064108	0.227400	-0.015036	0.030203	0.999431	0.085179	0.995949	-0.028816	-0.996252	0.084697	-0.017548
61668	10.715772	0.892681	0.278373	-0.597226	1.023520	0.257016	-0.004620	0.031940	0.999479	0.091111	0.995346	-0.031387	-0.995830	0.090919	-0.007509
61669	10.536238	0.451813	-0.033667	-0.665106	1.116304	0.262016	0.006713	0.033548	0.999415	0.097714	0.994632	-0.034044	-0.995192	0.097885	0.003399
61670	8.814850	0.195649	-0.379547	-0.710101	1.141517	0.293495	0.018361	0.035382	0.999205	0.104701	0.993811	-0.037115	-0.994334	0.105300	0.014543
61671	11.192326	0.409374	0.155704	-0.775916	0.950391	0.373264	0.028185	0.038106	0.998876	0.112308	0.992825	-0.041044	-0.993274	0.113339	0.023703
61672	9.050687	-0.180479	-0.417999	-0.692613	0.994119	0.393534	0.038504	0.040923	0.998420	0.119015	0.991861	-0.045244	-0.992146	0.120569	0.033320
61673	9.812327	-0.545006	-0.054788	-0.785498	0.954413	0.429163	0.048468	0.044043	0.997853	0.126598	0.990699	-0.049876	-0.990769	0.128743	0.042441
61674	9.045879	-0.890798	-0.187905	-0.748895	0.907658	0.458406	0.058047	0.047452	0.997185	0.133729	0.989498	-0.054871	-0.989317	0.136537	0.051091
61675	9.993939	-1.615005	-0.156858	-0.685044	0.798597	0.518295	0.066626	0.051515	0.996447	0.140159	0.988281	-0.060464	-0.987885	0.143689	0.058625
61676	9.483747	-2.307070	-0.588165	-0.559177	0.740420	0.620529	0.074817	0.056635	0.995588	0.145198	0.987127	-0.067065	-0.986570	0.149574	0.065630
61677	10.030770	-3.014517	-0.977147	-0.421688	0.608360	0.764967	0.081915	0.063315	0.994626	0.148736	0.986027	-0.075017	-0.985478	0.154082	0.071353
61678	10.589132	-4.013775	-1.445284	-0.157753	0.562473	0.897890	0.088781	0.071385	0.993490	0.149379	0.985194	-0.084138	-0.984786	0.155877	0.076803
61679	10.895096	-4.694996	-1.833964	0.286163	0.556764	0.973970	0.095676	0.080174	0.992178	0.145642	0.984897	-0.093630	-0.984700	0.153462	0.082554
61680	10.467293	-5.127164	-2.171193	0.858154	0.584899	0.977329	0.102794	0.089033	0.990710	0.136058	0.985366	-0.102670	-0.985354	0.145348	0.089176
61681	9.659634	-4.657346	-2.112104	1.453294	0.599507	0.907318	0.109845	0.097205	0.989184	0.120742	0.986531	-0.110352	-0.986588	0.131558	0.096629
61682	9.397066	-3.734208	-1.875509	1.933095	0.576737	0.814937	0.116414	0.104663	0.987671	0.100565	0.988079	-0.116560	-0.988096	0.112895	0.104501
61683	9.534067	-2.293151	-1.667975	2.271861	0.621048	0.706341	0.123155	0.111070	0.986152	0.077233	0.989630	-0.121107	-0.989377	0.091078	0.113300
61684	9.595030	-0.772691	-1.405200	2.319772	0.731533	0.610132	0.130759	0.116649	0.984528	0.053329	0.990789	-0.124474	-0.989979	0.068780	0.123333
61685	9.652842	0.113589	-1.229814	2.176205	0.836291	0.559422	0.139243	0.121758	0.982744	0.031008	0.991389	-0.127223	-0.989773	0.048187	0.134269
61686	9.666435	0.750595	-1.049541	1.893524	0.935654	0.517592	0.148572	0.126638	0.980759	0.011395	0.991481	-0.129749	-0.988836	0.030453	0.145863
61687	9.471322	1.122987	-0.884642	1.549086	1.008830	0.459772	0.158524	0.131012	0.978624	-0.004642	0.991245	-0.131950	-0.987344	0.016374	0.157745
61688	9.064753	0.854097	-0.674139	1.199540	1.041265	0.406431	0.168715	0.135027	0.976372	-0.017222	0.990825	-0.134050	-0.985514	0.005802	0.169493
61689	8.520953	0.487860	-0.176063	0.948469	0.999895	0.358232	0.178447	0.138610	0.974138	-0.027207	0.990345	-0.135932	-0.983573	-0.002247	0.180495
61690	8.244865	-0.040184	0.305248	0.780540	0.899034	0.306490	0.187147	0.141790	0.972045	-0.035509	0.989858	-0.137551	-0.981690	-0.008774	0.190283
61691	8.154689	-0.427980	0.693829	0.703678	0.788006	0.261124	0.194739	0.144517	0.970150	-0.042936	0.989394	-0.138765	-0.979915	-0.014631	0.198879
61692	8.253822	-0.795075	1.093259	0.675055	0.673963	0.209081	0.201203	0.146792	0.968488	-0.050010	0.988958	-0.139505	-0.978272	-0.020366	0.206322
61693	8.290667	-1.084312	1.439071	0.716215	0.582927	0.166735	0.206777	0.148629	0.967033	-0.057378	0.988535	-0.139665	-0.976704	-0.026607	0.212934
61694	8.357656	-1.252844	1.848785	0.780227	0.510302	0.118223	0.211645	0.150038	0.965761	-0.065292	0.988109	-0.139202	-0.975163	-0.033595	0.218925
61695	8.418274	-1.385307	2.158818	0.875185	0.422488	0.088684	0.215665	0.151124	0.964702	-0.074036	0.987638	-0.138166	-0.973657	-0.041626	0.224188
61696	8.825844	-1.455304	2.436283	1.023617	0.343776	0.082580	0.218906	0.152184	0.963805	-0.084215	0.987023	-0.136722	-0.972105	-0.051238	0.228882
61697	9.223316	-1.165259	2.788473	1.169638	0.322978	0.074453	0.221940	0.153151	0.962958	-0.095767	0.986237	-0.134782	-0.970346	-0.062306	0.233552
61698	9.600450	-0.807149	3.139472	1.293341	0.340206	0.072352	0.225124	0.154182	0.962053	-0.108509	0.985225	-0.132504	-0.968269	-0.074562	0.238529
61699	9.811844	-0.281961	3.555584	1.353750	0.380975	0.060290	0.228702	0.155133	0.961056	-0.121766	0.984027	-0.129864	-0.965851	-0.087324	0.243939
61700	9.743945	0.438762	3.898401	1.357597	0.440903	0.031069	0.232877	0.155931	0.959924	-0.134967	0.982692	-0.126887	-0.963095	-0.100009	0.249892
61701	9.516130	1.235680	4.374266	1.271967	0.470651	0.022179	0.237333	0.156696	0.958707	-0.147279	0.981300	-0.123929	-0.960199	-0.111785	0.255973
61702	9.107782	1.880469	4.616711	1.073821	0.522376	-0.005540	0.242318	0.157318	0.957357	-0.157568	0.980047	-0.121164	-0.957316	-0.121489	0.262271
61703	8.412061	2.506995	4.408729	0.911056	0.526396	-0.057426	0.247403	0.157464	0.956032	-0.166166	0.978983	-0.118243	-0.954558	-0.129606	0.268369
61704	7.717452	2.876576	4.036240	0.745561	0.419000	-0.134179	0.251596	0.156767	0.955052	-0.172946	0.978194	-0.115005	-0.952255	-0.136238	0.273222
61705	7.017385	2.867380	3.054776	0.511878	0.240690	-0.158438	0.254124	0.155597	0.954573	-0.177445	0.977722	-0.112132	-0.950755	-0.140889	0.276072
61706	6.971962	2.902576	3.321765	0.107859	0.055304	-0.119247	0.254838	0.154554	0.954553	-0.178150	0.977751	-0.110749	-0.950432	-0.141831	0.276702
61707	7.180057	2.446716	3.642079	-0.393471	-0.062019	-0.039653	0.254278	0.154126	0.954771	-0.174337	0.978353	-0.111502	-0.951288	-0.138099	0.275643
61708	7.206022	1.187191	3.837982	-0.923772	-0.174010	0.088496	0.252452	0.154791	0.955148	-0.165729	0.979452	-0.114926	-0.953311	-0.129283	0.272918
61709	7.221095	0.213120	3.688301	-1.329587	-0.304052	0.226358	0.249148	0.156683	0.955707	-0.153632	0.980725	-0.120734	-0.956202	-0.116746	0.268417
61710	7.225838	-0.332599	3.019344	-1.610956	-0.438673	0.270200	0.244536	0.158886	0.956534	-0.138833	0.982057	-0.127633	-0.959650	-0.101587	0.262207
61711	7.271673	-0.425087	2.852748	-1.738060	-0.529044	0.278092	0.239048	0.161173	0.957538	-0.122823	0.983226	-0.134834	-0.963209	-0.085376	0.254834
61712	7.499369	-0.725150	3.597439	-1.798310	-0.634275	0.245622	0.232629	0.163138	0.958786	-0.106046	0.984208	-0.141734	-0.966767	-0.068704	0.246255
61713	8.701895	-2.039992	5.489927	-1.706680	-0.799264	0.159694	0.224694	0.164273	0.960483	-0.089909	0.984978	-0.147429	-0.970273	-0.053229	0.236088
61714	10.700683	-4.149699	5.952898	-1.213279	-0.984556	0.035206	0.215081	0.164190	0.962695	-0.078206	0.985496	-0.150606	-0.973460	-0.042896	0.224802
61715	13.648492	-3.901461	2.498906	-0.592108	-1.202662	-0.064021	0.203368	0.163117	0.965419	-0.072327	0.985834	-0.151330	-0.976427	-0.039050	0.212285
61716	15.446132	-2.671634	-1.329761	-0.441655	-1.196766	-0.059899	0.191693	0.162125	0.967972	-0.067914	0.986089	-0.151710	-0.979102	-0.036657	0.200037
61717	14.100434	0.037010	-2.872450	-0.368482	-0.926228	-0.008686	0.182585	0.161760	0.969792	-0.064312	0.986225	-0.152393	-0.981084	-0.034544	0.190474
61718	11.734320	1.413775	-2.214643	-0.732716	-0.639559	0.078836	0.176239	0.162383	0.970861	-0.057265	0.986320	-0.154573	-0.982680	-0.028355	0.183127
61719	9.567918	0.842322	-2.131982	-1.014210	-0.545710	0.165658	0.170751	0.163938	0.971580	-0.047604	0.986283	-0.158053	-0.984164	-0.019263	0.176213
61720	9.263158	-0.818630	-2.269822	-1.251334	-0.700159	0.211308	0.163744	0.165965	0.972442	-0.035630	0.986099	-0.162296	-0.985859	-0.008074	0.167381
61721	9.261257	-3.294954	-3.256342	-1.346607	-0.844718	0.133204	0.155336	0.167312	0.973590	-0.022580	0.985897	-0.165824	-0.987604	0.003775	0.156923
61722	11.405955	-4.636218	-3.263760	-1.096098	-0.924060	0.044299	0.146165	0.167869	0.974913	-0.011828	0.985723	-0.167957	-0.989189	0.013018	0.146064
61723	12.137632	-4.125153	-2.244210	-0.558725	-0.755918	-0.016092	0.138652	0.167877	0.976009	-0.006299	0.985657	-0.168642	-0.990321	0.017235	0.137721
61724	9.871348	-3.443901	-1.048405	-0.092530	-0.678525	-0.063842	0.131894	0.167416	0.977024	-0.005334	0.985740	-0.168190	-0.991249	0.016972	0.130906
61725	9.063141	-2.449780	0.366078	0.303429	-0.726473	-0.038251	0.124659	0.167199	0.978010	-0.008317	0.985841	-0.167478	-0.992165	0.012744	0.124285
61726	9.122687	-1.641170	1.566110	0.476761	-0.725360	-0.007831	0.117417	0.167249	0.978898	-0.013084	0.985891	-0.166874	-0.992996	0.006786	0.117949
61727	9.244972	-1.633403	2.084837	0.500167	-0.699903	0.009161	0.110430	0.167417	0.979682	-0.018085	0.985886	-0.166438	-0.993719	0.000662	0.111900
61728	9.679898	-1.462899	2.072293	0.476053	-0.654115	0.058068	0.103876	0.168029	0.980294	-0.022913	0.985769	-0.166539	-0.994326	-0.005162	0.106247
61729	9.571265	-0.654468	1.710419	0.429426	-0.597933	0.096700	0.097871	0.168987	0.980747	-0.027303	0.985563	-0.167092	-0.994825	-0.010424	0.101072
61730	9.419166	0.248951	1.504163	0.215403	-0.583412	0.108589	0.091996	0.170039	0.981134	-0.029572	0.985344	-0.167996	-0.995320	-0.013559	0.095677
61731	9.338923	0.355750	1.187232	-0.089714	-0.557882	0.112560	0.086376	0.171123	0.981456	-0.028801	0.985155	-0.169233	-0.995846	-0.013649	0.090022
61732	9.566219	-0.158313	0.555013	-0.407730	-0.559123	0.127817	0.080734	0.172361	0.981720	-0.024866	0.984977	-0.170888	-0.996425	-0.010615	0.083807
61733	9.874452	-0.834250	-0.285736	-0.681051	-0.563483	0.138299	0.075055	0.173731	0.981929	-0.018206	0.984781	-0.172844	-0.997013	-0.004904	0.077075
61734	9.702080	-1.673237	-1.109170	-0.803231	-0.587685	0.127412	0.069138	0.175021	0.982134	-0.010307	0.984563	-0.174728	-0.997554	0.001958	0.069874
61735	9.515209	-1.879039	-1.689971	-0.861336	-0.621507	0.088632	0.062898	0.175980	0.982382	-0.001791	0.984350	-0.176218	-0.998018	0.009325	0.062229
61736	8.957326	-2.281249	-1.987329	-0.884810	-0.664388	0.041165	0.056229	0.176517	0.982690	0.007007	0.984153	-0.177180	-0.998393	0.016848	0.054101
61737	10.549954	-2.427826	-1.856350	-0.836157	-0.772495	0.005394	0.048484	0.176779	0.983056	0.015334	0.983966	-0.177698	-0.998706	0.023690	0.044996
61738	10.484423	-2.337129	-1.875085	-0.708174	-0.699829	-0.025963	0.041449	0.176755	0.983382	0.022409	0.983816	-0.177778	-0.998889	0.029405	0.036817
61739	9.962914	-2.273854	-1.472637	-0.610882	-0.683625	-0.066674	0.034572	0.176369	0.983717	0.028518	0.983730	-0.177374	-0.998995	0.034186	0.028979
61740	9.539485	-2.346439	-0.923238	-0.485170	-0.686313	-0.094583	0.027643	0.175733	0.984050	0.033384	0.983714	-0.176611	-0.999060	0.037734	0.021326
61741	9.568616	-2.648476	-0.596523	-0.378465	-0.670975	-0.113470	0.020869	0.174932	0.984359	0.037175	0.983757	-0.175613	-0.999091	0.040258	0.014027
61742	9.425616	-2.988627	-0.332045	-0.282414	-0.669361	-0.116737	0.014092	0.174108	0.984626	0.040005	0.983837	-0.174541	-0.999100	0.041849	0.006899
61743	9.347652	-3.235356	-0.217131	-0.191924	-0.653534	-0.101568	0.007491	0.173438	0.984816	0.041916	0.983924	-0.173599	-0.999093	0.042580	0.000100
61744	9.225202	-3.207262	-0.065571	-0.099941	-0.634682	-0.092389	0.001065	0.172852	0.984947	0.042903	0.984033	-0.172738	-0.999079	0.042442	-0.006368
61745	9.107432	-2.921018	0.038067	-0.023045	-0.625152	-0.106939	-0.005257	0.172115	0.985063	0.043115	0.984199	-0.171734	-0.999056	0.041568	-0.012594
61746	9.204506	-2.477951	0.324173	0.040717	-0.588633	-0.136077	-0.011241	0.171073	0.985194	0.042678	0.984441	-0.170456	-0.999026	0.040130	-0.018367
61747	9.247603	-2.073935	0.631710	0.065533	-0.555069	-0.159097	-0.016884	0.169778	0.985338	0.041985	0.984729	-0.168954	-0.998976	0.038517	-0.023754
61748	9.457989	-1.710368	1.089717	0.082812	-0.507800	-0.180709	-0.022076	0.168248	0.985497	0.041102	0.985057	-0.167252	-0.998911	0.036814	-0.028662
61749	9.573494	-1.661435	1.555808	0.050214	-0.453035	-0.184564	-0.026707	0.166647	0.985655	0.040541	0.985376	-0.165501	-0.998821	0.035539	-0.033072
61750	9.417358	-1.581317	1.755525	0.013349	-0.391814	-0.156176	-0.030726	0.165304	0.985764	0.040342	0.985631	-0.164024	-0.998713	0.034728	-0.036953
61751	9.261006	-1.499614	1.637636	-0.065183	-0.368057	-0.114082	-0.034478	0.164360	0.985798	0.040941	0.985788	-0.162926	-0.998567	0.034742	-0.040717
61752	8.898781	-1.778612	1.471311	-0.168322	-0.378938	-0.079818	-0.038335	0.163765	0.985754	0.042572	0.985851	-0.162126	-0.998358	0.035751	-0.044764
61753	8.763060	-2.381627	1.262630	-0.272519	-0.399028	-0.050628	-0.042370	0.163466	0.985639	0.045258	0.985826	-0.161551	-0.998076	0.037763	-0.049168
61754	8.790293	-2.961530	1.087257	-0.304937	-0.432253	-0.016876	-0.046728	0.163527	0.985432	0.048272	0.985726	-0.161287	-0.997741	0.040032	-0.053955
61755	8.852375	-3.076511	0.840060	-0.281614	-0.472373	-0.000630	-0.051471	0.163768	0.985155	0.051067	0.985604	-0.161174	-0.997368	0.042013	-0.059093
61756	9.017703	-2.793718	0.775288	-0.245384	-0.510197	-0.002775	-0.056595	0.164022	0.984832	0.053486	0.985494	-0.161059	-0.996963	0.043560	-0.064547
61757	9.515139	-2.587058	0.667406	-0.248330	-0.513692	-0.010882	-0.061751	0.164196	0.984493	0.055942	0.985394	-0.160837	-0.996523	0.045142	-0.070034
61758	9.663164	-2.130893	0.043788	-0.279764	-0.512116	-0.015227	-0.066895	0.164348	0.984131	0.058690	0.985281	-0.160551	-0.996032	0.047019	-0.075556
61759	9.482646	-1.668833	-0.523216	-0.339332	-0.521681	-0.045571	-0.072146	0.164204	0.983785	0.062025	0.985184	-0.159889	-0.995464	0.049484	-0.081262
61760	9.520904	-1.438822	-0.931189	-0.398073	-0.532348	-0.110767	-0.077547	0.163451	0.983499	0.065874	0.985154	-0.158532	-0.994810	0.052494	-0.087163
61761	9.341828	-1.323734	-1.592055	-0.452368	-0.562814	-0.187580	-0.083301	0.161962	0.983275	0.070210	0.985206	-0.156332	-0.994048	0.056013	-0.093440
61762	9.638224	-1.172208	-2.134375	-0.469896	-0.643746	-0.266904	-0.089923	0.159770	0.983050	0.074620	0.985355	-0.153319	-0.993149	0.059568	-0.100528
61763	9.699241	-0.858900	-2.463179	-0.481781	-0.670044	-0.336069	-0.096860	0.156923	0.982850	0.079077	0.985584	-0.149567	-0.992152	0.063234	-0.107873
61764	9.509683	-0.633564	-2.364695	-0.511443	-0.718790	-0.389128	-0.104338	0.153621	0.982606	0.083731	0.985847	-0.145237	-0.991011	0.067121	-0.115724
61765	9.361450	-0.837097	-2.108602	-0.524534	-0.770478	-0.422697	-0.112360	0.150040	0.982274	0.088458	0.986120	-0.140509	-0.989722	0.071102	-0.124073
61766	10.517917	-1.371558	-1.738574	-0.543178	-0.885300	-0.430646	-0.121541	0.146504	0.981715	0.093303	0.986354	-0.135645	-0.988191	0.075111	-0.133552
61767	10.879705	-1.819001	-1.394593	-0.500054	-0.793518	-0.424871	-0.129810	0.142978	0.981176	0.097697	0.986578	-0.130840	-0.986714	0.078874	-0.142036
61768	11.185347	-2.243380	-0.599598	-0.555396	-0.825435	-0.373441	-0.138355	0.140026	0.980434	0.102650	0.986650	-0.126428	-0.985049	0.083150	-0.150882
61769	11.323386	-2.799830	-0.117117	-0.451898	-0.782501	-0.336408	-0.146436	0.137425	0.979628	0.106610	0.986728	-0.122485	-0.983459	0.086502	-0.159143
61770	11.817505	-3.051388	0.399443	-0.317563	-0.714405	-0.332408	-0.153847	0.134836	0.978852	0.109208	0.986897	-0.118780	-0.982041	0.088625	-0.166556
61771	11.098894	-2.697519	0.481545	-0.226952	-0.638357	-0.349235	-0.160522	0.132014	0.978164	0.110879	0.987154	-0.115032	-0.980785	0.089993	-0.173097
61772	11.054436	-2.036258	0.624824	-0.225638	-0.563676	-0.400990	-0.166523	0.128635	0.977611	0.112408	0.987467	-0.110785	-0.979609	0.091443	-0.178895
61773	10.906452	-0.992890	0.903871	-0.329099	-0.468047	-0.474700	-0.171670	0.124436	0.977264	0.114820	0.987757	-0.105602	-0.978440	0.094080	-0.183856
61774	11.079177	-0.571274	1.294158	-0.529308	-0.365215	-0.562134	-0.175922	0.119303	0.977148	0.118992	0.987928	-0.099197	-0.977186	0.098821	-0.187995
61775	11.551959	-0.969227	1.731575	-0.708519	-0.199913	-0.615041	-0.178650	0.113487	0.977346	0.124814	0.987915	-0.091899	-0.975964	0.105568	-0.190655
61776	11.449786	-1.736770	2.110025	-0.735973	0.007048	-0.615128	-0.179385	0.107470	0.977891	0.130867	0.987788	-0.084551	-0.975036	0.112807	-0.191259
61777	10.817708	-2.303898	2.526044	-0.632550	0.204675	-0.584104	-0.178194	0.101519	0.978744	0.135982	0.987661	-0.077686	-0.974554	0.119249	-0.189800
61778	10.350464	-2.337942	3.106357	-0.485223	0.359214	-0.536909	-0.175445	0.095848	0.979812	0.139735	0.987598	-0.071589	-0.974522	0.124354	-0.186662
61779	9.999685	-2.138553	3.279481	-0.384101	0.475882	-0.477892	-0.171506	0.090583	0.981010	0.142642	0.987555	-0.066249	-0.974802	0.128571	-0.182292
61780	10.182741	-1.840873	3.184714	-0.335522	0.600747	-0.405451	-0.166235	0.085867	0.982340	0.145199	0.987474	-0.061744	-0.975337	0.132371	-0.176621
61781	10.266974	-1.592507	2.897067	-0.314699	0.759679	-0.315611	-0.159309	0.081787	0.983835	0.147749	0.987314	-0.058151	-0.976110	0.136096	-0.169372
61782	10.134137	-1.575475	2.754752	-0.288792	0.914592	-0.227393	-0.150713	0.078354	0.985468	0.150185	0.987098	-0.055515	-0.977103	0.139635	-0.160536
61783	10.362746	-1.428974	2.624736	-0.262514	1.076321	-0.133397	-0.140415	0.075573	0.987204	0.152549	0.986828	-0.053846	-0.978270	0.143036	-0.150094
61784	10.231131	-1.225617	2.183354	-0.257904	1.227118	-0.030911	-0.128441	0.073567	0.988985	0.154998	0.986479	-0.053250	-0.979530	0.146451	-0.138107
61785	10.257478	-0.981577	1.746971	-0.267167	1.334098	0.085922	-0.115254	0.072493	0.990687	0.157711	0.986018	-0.053804	-0.980736	0.150041	-0.125076
61786	12.561743	-0.771596	1.565421	-0.364440	1.373584	0.216202	-0.101418	0.072608	0.992191	0.161485	0.985308	-0.055598	-0.981650	0.154586	-0.111653
61787	10.271625	-1.077059	0.786533	-0.470299	1.707123	0.346572	-0.084107	0.073389	0.993751	0.166414	0.984313	-0.058607	-0.982462	0.160445	-0.095001
61788	10.711498	-1.255834	0.548213	-0.600553	1.655074	0.534332	-0.066920	0.076007	0.994859	0.172681	0.982930	-0.063480	-0.982702	0.167545	-0.078903
61789	9.979444	-1.125200	0.059102	-0.590448	1.619160	0.724999	-0.049757	0.080415	0.995519	0.178893	0.981352	-0.070329	-0.982610	0.174592	-0.063215
61790	12.467780	-0.606030	-0.024996	-0.597195	1.537580	0.865062	-0.033058	0.086236	0.995726	0.185077	0.979568	-0.078693	-0.982168	0.181685	-0.048343
61791	10.360528	-0.222927	-0.999706	-0.589944	1.567154	0.877514	-0.016042	0.091978	0.995632	0.191070	0.977692	-0.087242	-0.981445	0.188836	-0.033259
61792	9.751408	0.106289	-1.256773	-0.711467	1.377069	0.852804	-0.000856	0.097728	0.995213	0.198079	0.975511	-0.095623	-0.980186	0.197049	-0.020193
61793	11.058961	0.325082	-1.626390	-0.767342	1.222435	0.791901	0.012694	0.103040	0.994596	0.205531	0.973168	-0.103443	-0.978568	0.205733	-0.008825
61794	11.178066	0.613304	-2.269309	-0.724192	1.081026	0.697163	0.024739	0.107626	0.993884	0.212440	0.970915	-0.110426	-0.976861	0.213873	0.001155
61795	9.849532	0.334735	-2.549098	-0.691413	1.061545	0.587857	0.036347	0.111073	0.993147	0.218991	0.968764	-0.116361	-0.975050	0.221720	0.010888
61796	10.571491	0.136242	-2.366059	-0.713658	0.903965	0.534128	0.046346	0.114279	0.992367	0.225605	0.966570	-0.121844	-0.973116	0.229530	0.019015
61797	10.037802	-0.968032	-2.653385	-0.617428	0.825301	0.564843	0.055641	0.117868	0.991469	0.231300	0.964473	-0.127639	-0.971290	0.236429	0.026401
61798	10.965620	-2.789112	-2.824490	-0.541958	0.678165	0.694471	0.063841	0.123015	0.990349	0.235987	0.962368	-0.134752	-0.969657	0.242313	0.032409
61799	11.408992	-4.010302	-2.887900	-0.117735	0.688743	0.824727	0.072447	0.129329	0.988952	0.236547	0.961038	-0.143007	-0.968915	0.244294	0.039032
61800	12.270526	-4.502788	-2.739431	0.357020	0.811932	0.888918	0.082393	0.135984	0.987279	0.232264	0.960748	-0.151713	-0.969157	0.241809	0.047575
61801	12.260316	-4.402738	-2.346369	0.956999	0.979029	0.872618	0.093852	0.142102	0.985393	0.222192	0.961808	-0.159863	-0.970475	0.233950	0.058693
61802	11.870347	-4.030659	-2.085497	1.527132	1.182985	0.839011	0.107129	0.147589	0.983230	0.206356	0.964086	-0.167199	-0.972595	0.220807	0.072825
61803	11.395418	-3.247907	-1.953799	1.928182	1.362314	0.808600	0.121962	0.152559	0.980740	0.186632	0.966966	-0.173626	-0.974830	0.204213	0.089461
61804	10.613982	-2.502980	-1.997945	2.131690	1.475222	0.763304	0.137683	0.157178	0.977926	0.164713	0.969947	-0.179085	-0.976685	0.185734	0.107656
61805	10.186916	-2.222577	-2.113400	2.242615	1.519068	0.684970	0.153556	0.161214	0.974900	0.141773	0.972800	-0.183197	-0.977917	0.166346	0.126524
61806	9.964574	-1.976496	-2.206459	2.343081	1.577846	0.590487	0.169733	0.164609	0.971645	0.117763	0.975499	-0.185834	-0.978429	0.145966	0.146190
61807	9.270910	-1.388084	-2.074750	2.377021	1.665092	0.497142	0.186522	0.167261	0.968108	0.093598	0.977894	-0.186985	-0.977982	0.125490	0.166743
61808	9.084798	-0.434436	-1.875612	2.394082	1.729895	0.439754	0.203763	0.169674	0.964205	0.069254	0.979902	-0.187072	-0.976568	0.104894	0.187918
61809	6.690223	-0.491911	-1.609207	2.190962	1.734189	0.303997	0.220828	0.171052	0.960196	0.047210	0.981472	-0.185700	-0.974170	0.086338	0.208661
61810	5.778147	-1.029445	-1.316094	2.054548	1.606746	0.114322	0.236477	0.171019	0.956468	0.026913	0.982858	-0.182391	-0.971264	0.068873	0.227820
61811	5.979562	-0.806842	-0.925218	1.996409	1.468095	-0.008223	0.250681	0.170107	0.953007	0.007544	0.984067	-0.177635	-0.968040	0.051720	0.245404
61812	6.057112	-0.531956	-0.594083	1.954479	1.315109	-0.106818	0.263361	0.168580	0.949854	-0.011132	0.985079	-0.171745	-0.964633	0.034657	0.261308
61813	5.864780	-0.322514	-0.314493	1.860004	1.153429	-0.201986	0.274476	0.166337	0.947098	-0.028530	0.985900	-0.164883	-0.961171	0.018236	0.275351
61814	5.823120	-0.208860	-0.296936	1.754780	0.957529	-0.281154	0.283739	0.163544	0.944852	-0.044603	0.986533	-0.157365	-0.957864	0.002507	0.287212
61815	6.075698	0.366063	-0.338149	1.655864	0.760073	-0.310891	0.291136	0.160567	0.943111	-0.059577	0.986944	-0.149638	-0.954825	-0.012623	0.296901
61816	6.239316	0.922617	-0.401798	1.557989	0.587425	-0.310264	0.296914	0.157693	0.941794	-0.073525	0.987118	-0.142102	-0.952069	-0.027053	0.304683
61817	6.001424	1.498880	-0.448937	1.408727	0.419010	-0.302129	0.301105	0.154902	0.940926	-0.086049	0.987106	-0.134969	-0.949701	-0.040326	0.310552
61818	5.747555	1.393684	-0.611701	1.160590	0.223207	-0.284058	0.303440	0.152280	0.940604	-0.096259	0.986996	-0.128738	-0.947976	-0.051477	0.314152
61819	5.810972	1.257516	-0.462382	0.913782	-0.047134	-0.245301	0.303203	0.149883	0.941065	-0.104206	0.986846	-0.123600	-0.947211	-0.060589	0.314833
61820	6.427435	1.014110	-0.159718	0.716942	-0.209797	-0.255834	0.301445	0.147295	0.942038	-0.110273	0.986752	-0.119000	-0.947085	-0.068009	0.313694
61821	6.821756	0.884325	0.311799	0.611393	-0.338532	-0.304720	0.298546	0.144097	0.943455	-0.115182	0.986751	-0.114261	-0.947419	-0.074557	0.311188
61822	7.491085	0.675794	1.425780	0.534629	-0.483901	-0.348549	0.294321	0.140347	0.945346	-0.119260	0.986820	-0.109374	-0.948236	-0.080551	0.307179
61823	8.195100	0.246308	3.814278	0.368535	-0.625449	-0.338987	0.288757	0.136533	0.947617	-0.121801	0.986976	-0.105088	-0.949623	-0.085075	0.301626
61824	10.264004	-1.083572	7.677009	-0.037551	-0.769217	-0.206075	0.281647	0.133901	0.950129	-0.120896	0.987276	-0.103299	-0.951871	-0.085773	0.294252
61825	13.088617	-3.946069	10.793949	-0.292524	-0.707068	-0.053976	0.274936	0.132818	0.952244	-0.117989	0.987587	-0.103682	-0.954195	-0.083848	0.287195
61826	14.201296	-4.449031	10.231011	0.292007	-0.288971	0.070940	0.272053	0.133337	0.953000	-0.121014	0.987232	-0.103581	-0.954643	-0.087147	0.284716
61827	13.401255	-1.834825	9.497044	0.746878	0.042697	0.126653	0.272265	0.134675	0.952751	-0.128516	0.986375	-0.102702	-0.953601	-0.094481	0.285864
61828	12.199352	0.963729	8.812052	0.856780	0.307496	0.155301	0.274954	0.136581	0.951707	-0.137154	0.985307	-0.101778	-0.951624	-0.102546	0.289647
61829	10.239880	2.474968	8.277772	0.651973	0.545047	0.197361	0.279819	0.139147	0.949915	-0.143929	0.984339	-0.101792	-0.949203	-0.108237	0.295464
61830	7.515753	2.890131	7.107580	0.299936	0.374713	0.243800	0.282990	0.142021	0.948550	-0.147506	0.983655	-0.103270	-0.947712	-0.110692	0.299314
61831	6.779051	1.692816	5.874355	-0.254856	-0.084009	0.323778	0.281680	0.145162	0.948464	-0.146035	0.983460	-0.107148	-0.948330	-0.108327	0.298220
61832	6.350198	-0.043549	3.853100	-0.390737	-0.534233	0.373312	0.276047	0.148320	0.949631	-0.143406	0.983318	-0.111894	-0.950385	-0.105295	0.292712
61833	5.969938	-1.434316	0.697326	-0.192003	-0.975985	0.374013	0.266184	0.151020	0.952018	-0.142623	0.982950	-0.116049	-0.953312	-0.104889	0.283185
61834	6.529645	-1.839702	-2.553385	-0.139632	-1.331630	0.352953	0.252942	0.153144	0.955284	-0.142245	0.982549	-0.119851	-0.956967	-0.105569	0.270312
61835	9.429441	-2.466918	-4.383554	-0.468193	-1.496506	0.220247	0.238241	0.153794	0.958952	-0.138325	0.982690	-0.123236	-0.961305	-0.103287	0.255390
61836	14.340535	-3.882059	-2.477215	-0.695913	-1.290018	0.043314	0.225728	0.152977	0.962104	-0.131760	0.983313	-0.125436	-0.965239	-0.098452	0.242117
61837	17.188101	-4.041695	0.767819	0.160413	-0.701946	-0.060238	0.218989	0.151733	0.963857	-0.133203	0.983235	-0.124519	-0.966592	-0.101121	0.235529
61838	14.711478	0.346474	3.499686	1.390870	-0.361476	-0.085288	0.215581	0.150565	0.964808	-0.146494	0.981846	-0.120490	-0.965435	-0.115364	0.233725
61839	12.655232	2.536713	3.876280	1.459534	-0.542726	0.043226	0.210239	0.150370	0.966017	-0.160697	0.979976	-0.117569	-0.964353	-0.130519	0.230193
61840	11.210532	2.968523	1.937339	0.894167	-0.707763	0.223956	0.203028	0.151634	0.967361	-0.169694	0.978436	-0.117755	-0.964357	-0.140248	0.224382
61841	10.644515	4.145027	-0.123084	0.205841	-0.681045	0.380354	0.195766	0.154436	0.968414	-0.172465	0.977552	-0.121029	-0.965366	-0.143325	0.218006
61842	9.276569	5.277259	-1.573674	-0.416194	-0.626379	0.379873	0.189030	0.157298	0.969291	-0.169192	0.977542	-0.125641	-0.967286	-0.140246	0.211399
61843	8.671878	3.636759	-1.679497	-1.074967	-0.703825	0.292288	0.181691	0.159250	0.970375	-0.159345	0.978526	-0.130752	-0.970359	-0.130868	0.203165
61844	9.374795	0.207033	-1.459987	-1.443571	-0.744588	0.263773	0.174016	0.160928	0.971504	-0.145781	0.979896	-0.136205	-0.973892	-0.117926	0.193978
61845	10.425295	-2.600604	-2.159437	-1.573072	-0.815166	0.270332	0.165649	0.162723	0.972667	-0.130918	0.981192	-0.141853	-0.977456	-0.103842	0.183837
61846	10.099937	-4.047894	-2.524030	-1.406380	-0.792108	0.285632	0.157523	0.164758	0.973674	-0.117486	0.982108	-0.147178	-0.980502	-0.091209	0.174061
61847	9.851100	-4.694949	-2.204768	-1.174117	-0.835601	0.277254	0.148971	0.166812	0.974670	-0.106408	0.982649	-0.151914	-0.983100	-0.081082	0.164136
61848	9.667739	-4.589216	-1.363310	-0.832523	-0.836670	0.277321	0.140428	0.168902	0.975578	-0.098506	0.982836	-0.155979	-0.985178	-0.074197	0.154656
61849	8.995639	-4.211757	-0.452058	-0.526838	-0.890773	0.250525	0.131367	0.170769	0.976514	-0.093676	0.982782	-0.159263	-0.986898	-0.070554	0.145102
61850	8.650072	-3.920425	0.291583	-0.216167	-0.932862	0.213607	0.121926	0.172239	0.977480	-0.091721	0.982569	-0.161695	-0.988292	-0.069941	0.135598
61851	8.579239	-3.568957	0.769723	0.076127	-0.921161	0.153069	0.112639	0.173137	0.978435	-0.092676	0.982240	-0.163141	-0.989305	-0.072302	0.126685
61852	8.636245	-3.158925	1.041692	0.323137	-0.880697	0.106205	0.103793	0.173556	0.979339	-0.095896	0.981816	-0.163832	-0.989965	-0.076910	0.118549
61853	8.618092	-2.431404	1.000799	0.482854	-0.855301	0.094554	0.095194	0.173849	0.980161	-0.100793	0.981255	-0.164254	-0.990343	-0.083157	0.110932
61854	8.789484	-1.589294	1.028448	0.489389	-0.861364	0.110817	0.086516	0.174230	0.980897	-0.105647	0.980641	-0.164867	-0.990633	-0.089366	0.103248
61855	9.096670	-0.782033	1.199349	0.418011	-0.867766	0.124350	0.077747	0.174699	0.981548	-0.109912	0.980028	-0.165722	-0.990896	-0.095000	0.095395
61856	9.370964	-0.215337	1.340120	0.278355	-0.854455	0.131827	0.069099	0.175200	0.982105	-0.112677	0.979529	-0.166812	-0.991226	-0.099134	0.087426
61857	9.566388	-0.340743	1.306580	0.116454	-0.832200	0.137724	0.060655	0.175761	0.982563	-0.113941	0.979160	-0.168119	-0.991634	-0.101757	0.079417
61858	9.609424	-0.645702	1.229424	-0.007642	-0.801637	0.145417	0.052508	0.176401	0.982917	-0.113844	0.978915	-0.169601	-0.992110	-0.102994	0.071483
61859	9.770546	-0.911254	0.911012	-0.107152	-0.771544	0.153703	0.044640	0.177158	0.983170	-0.112875	0.978743	-0.171236	-0.992606	-0.103331	0.063687
61860	9.654324	-1.165628	0.488674	-0.193157	-0.747982	0.165450	0.037000	0.178044	0.983327	-0.110918	0.978652	-0.173024	-0.993141	-0.102667	0.055958
61861	9.615126	-1.422558	0.011734	-0.265808	-0.748747	0.176970	0.029330	0.179060	0.983401	-0.108355	0.978596	-0.174954	-0.993680	-0.101425	0.048104
61862	9.819787	-1.651480	-0.433575	-0.319074	-0.729802	0.186966	0.021848	0.180195	0.983388	-0.105126	0.978584	-0.176979	-0.994219	-0.099513	0.040323
61863	9.824460	-1.635408	-0.610333	-0.379272	-0.704413	0.190761	0.014608	0.181418	0.983298	-0.101407	0.978601	-0.179045	-0.994738	-0.097098	0.032693
61864	9.962472	-1.616218	-0.623426	-0.449153	-0.691246	0.171950	0.007533	0.182480	0.983181	-0.096842	0.978720	-0.180910	-0.995271	-0.093850	0.025044
61865	9.441582	-1.747662	-0.712843	-0.512778	-0.673543	0.142678	0.000656	0.183306	0.983056	-0.091760	0.978920	-0.182473	-0.995781	-0.090085	0.017462
61866	9.609255	-2.032745	-0.662923	-0.588405	-0.673978	0.104486	-0.006183	0.183777	0.982948	-0.085809	0.979244	-0.183625	-0.996292	-0.085481	0.009715
61867	9.376515	-2.548567	-0.801249	-0.624599	-0.674947	0.074831	-0.013008	0.183999	0.982840	-0.079594	0.979614	-0.184448	-0.996743	-0.080627	0.001903
61868	9.575652	-2.996657	-0.766459	-0.609169	-0.671737	0.049779	-0.019794	0.184000	0.982727	-0.073514	0.979991	-0.184968	-0.997098	-0.075906	-0.005871
61869	9.550017	-3.296883	-0.737737	-0.560302	-0.671989	0.034927	-0.026555	0.183896	0.982587	-0.067934	0.980329	-0.185309	-0.997336	-0.071672	-0.013540
61870	9.382853	-3.436907	-0.636615	-0.463216	-0.674058	0.012236	-0.033319	0.183592	0.982438	-0.063213	0.980628	-0.185398	-0.997444	-0.068280	-0.021068
61871	9.404444	-3.270895	-0.428816	-0.349059	-0.649491	-0.013039	-0.039825	0.183078	0.982291	-0.059751	0.980876	-0.185236	-0.997419	-0.066070	-0.028124
61872	9.370566	-3.231163	-0.241666	-0.263364	-0.631537	-0.038677	-0.046153	0.182332	0.982153	-0.057148	0.981109	-0.184823	-0.997298	-0.064659	-0.034862
61873	9.297336	-3.224803	-0.304246	-0.177413	-0.613571	-0.064306	-0.052271	0.181356	0.982027	-0.055425	0.981329	-0.184177	-0.997094	-0.064056	-0.041243
61874	8.852336	-2.864970	-0.574599	-0.125233	-0.622100	-0.074259	-0.058485	0.180278	0.981875	-0.054228	0.981533	-0.183445	-0.996814	-0.063974	-0.047629
61875	8.887417	-2.379430	-0.816669	-0.092367	-0.651892	-0.088368	-0.064970	0.179042	0.981694	-0.053376	0.981741	-0.182583	-0.996459	-0.064261	-0.054227
61876	9.225015	-1.618872	-0.893728	-0.099138	-0.679627	-0.105479	-0.071739	0.177620	0.981481	-0.052472	0.981981	-0.181546	-0.996042	-0.064524	-0.061126
61877	9.591565	-1.270282	-1.068449	-0.185918	-0.685730	-0.127681	-0.078536	0.175976	0.981257	-0.050729	0.982316	-0.180226	-0.995620	-0.063933	-0.068220
61878	9.418911	-1.068278	-1.205344	-0.283630	-0.688464	-0.133640	-0.085377	0.174278	0.980988	-0.048026	0.982719	-0.178766	-0.995191	-0.062376	-0.075532
61879	9.351272	-1.124126	-1.310007	-0.375533	-0.723648	-0.138125	-0.092548	0.172528	0.980647	-0.044425	0.983178	-0.177166	-0.994717	-0.059961	-0.083327
61880	9.435172	-1.578974	-1.239395	-0.432628	-0.752533	-0.140792	-0.100026	0.170753	0.980224	-0.040266	0.983663	-0.175461	-0.994170	-0.057020	-0.091516
61881	9.565234	-1.960004	-1.063595	-0.426873	-0.781691	-0.141354	-0.107775	0.168978	0.979710	-0.036182	0.984130	-0.173720	-0.993517	-0.054170	-0.099950
61882	9.382999	-2.401942	-1.027420	-0.361722	-0.808184	-0.129883	-0.115810	0.167320	0.979077	-0.032742	0.984531	-0.172125	-0.992732	-0.051990	-0.108540
