// General information: 
//  MT Manager version: 2022.2.0 
//  XDA version: 2022.2.0 build 7381 rev 124627 built on 2023-07-19
// Device information: 
//  DeviceId: 00B4CBA7
//  ProductCode: MTW2-3A7G6
//  Firmware Version: 4.6.0
//  Hardware Version: 2.0.0
// Device settings: 
//  Filter Profile: human(46.1)
//  Option Flags: Orientation Smoother Disabled, Position/Velocity Smoother Disabled, Continuous Zero Rotation Update Disabled, AHS Disabled, ICC Disabled
// Coordinate system: ENU
PacketCounter	Acc_X	Acc_Y	Acc_Z	Gyr_X	Gyr_Y	Gyr_Z	Mat[1][1]	Mat[2][1]	Mat[3][1]	Mat[1][2]	Mat[2][2]	Mat[3][2]	Mat[1][3]	Mat[2][3]	Mat[3][3]
22908	9.336654	1.160928	-2.723524	0.002540	-0.001674	0.005525	-0.184027	-0.230620	0.955483	-0.510458	0.853143	0.107604	-0.839980	-0.467932	-0.274723
22909	9.332342	1.139107	-2.773646	0.005841	0.003202	0.006860	-0.184016	-0.230560	0.955500	-0.510484	0.853135	0.107547	-0.839967	-0.467977	-0.274688
22910	9.307653	1.145662	-2.750661	0.000822	-0.000310	0.006596	-0.184121	-0.230630	0.955463	-0.510562	0.853090	0.107532	-0.839896	-0.468024	-0.274823
22911	9.345053	1.181873	-2.721930	0.002977	0.000440	0.005594	-0.184128	-0.230594	0.955470	-0.510566	0.853092	0.107495	-0.839892	-0.468038	-0.274812
22912	9.328959	1.135342	-2.724678	-0.002451	0.004637	0.006608	-0.183916	-0.230788	0.955464	-0.511600	0.852480	0.107435	-0.839309	-0.469057	-0.274856
22913	9.325462	1.132870	-2.675544	-0.004250	0.004893	0.008744	-0.183902	-0.230704	0.955487	-0.511538	0.852524	0.107388	-0.839350	-0.469019	-0.274794
22914	9.340491	1.100984	-2.675194	-0.000458	0.003169	0.007736	-0.183744	-0.230832	0.955486	-0.512239	0.852107	0.107352	-0.838957	-0.469712	-0.274811
22915	9.327754	1.132220	-2.699026	-0.003619	0.005795	0.012077	-0.183740	-0.230716	0.955516	-0.512176	0.852155	0.107270	-0.838997	-0.469682	-0.274742
22916	9.340920	1.099251	-2.674408	-0.000895	0.001054	0.007667	-0.183332	-0.231022	0.955520	-0.513941	0.851105	0.107169	-0.838006	-0.471434	-0.274766
22917	9.318144	1.106740	-2.675555	0.004207	0.005674	0.006867	-0.183302	-0.230950	0.955543	-0.513953	0.851104	0.107116	-0.838005	-0.471470	-0.274706
22918	9.336447	1.152599	-2.696673	0.008028	0.000519	0.011253	-0.183267	-0.230923	0.955556	-0.514202	0.850965	0.107028	-0.837860	-0.471735	-0.274694
22919	9.326628	1.127642	-2.673690	-0.002255	0.003425	0.009872	-0.183271	-0.230836	0.955577	-0.514155	0.851001	0.106964	-0.837888	-0.471711	-0.274649
22920	9.336819	1.150626	-2.696228	-0.002336	0.002316	0.010937	-0.183243	-0.230897	0.955567	-0.514478	0.850811	0.106927	-0.837696	-0.472024	-0.274697
22921	9.341833	1.094527	-2.673157	-0.001979	0.003322	0.012071	-0.183259	-0.230793	0.955589	-0.514429	0.850851	0.106841	-0.837723	-0.472003	-0.274653
22922	9.343914	1.094344	-2.697179	0.000095	0.002962	0.012135	-0.183232	-0.230834	0.955585	-0.514760	0.850659	0.106783	-0.837525	-0.472330	-0.274692
22923	9.321213	1.101580	-2.698197	0.000340	0.006289	0.008940	-0.183208	-0.230741	0.955611	-0.514736	0.850681	0.106721	-0.837545	-0.472335	-0.274622
22924	9.350675	1.114413	-2.670481	0.006478	0.004099	0.010195	-0.183221	-0.230724	0.955613	-0.514953	0.850561	0.106628	-0.837409	-0.472560	-0.274653
22925	9.344596	1.091267	-2.696062	0.008195	0.002733	0.009125	-0.183228	-0.230647	0.955630	-0.514995	0.850546	0.106542	-0.837382	-0.472623	-0.274626
22926	9.328086	1.120514	-2.671598	0.005684	0.000979	0.008992	-0.183333	-0.230594	0.955623	-0.514835	0.850649	0.106494	-0.837457	-0.472464	-0.274670
22927	9.330122	1.120337	-2.695800	0.002170	0.002602	0.012198	-0.183357	-0.230492	0.955643	-0.514820	0.850670	0.106396	-0.837461	-0.472476	-0.274638
22928	9.353258	1.111040	-2.694094	-0.000177	0.003066	0.009936	-0.183358	-0.230614	0.955613	-0.515301	0.850385	0.106347	-0.837164	-0.472929	-0.274761
22929	9.355308	1.110952	-2.718210	0.001815	0.001596	0.011065	-0.183385	-0.230527	0.955629	-0.515285	0.850406	0.106260	-0.837168	-0.472935	-0.274738
22930	9.324435	1.095266	-2.720799	0.000345	0.006289	0.008940	-0.183075	-0.230628	0.955664	-0.516280	0.849812	0.106180	-0.836623	-0.473951	-0.274648
22931	9.339114	1.139591	-2.692963	-0.006670	0.004252	0.007546	-0.183062	-0.230558	0.955684	-0.516200	0.849865	0.106151	-0.836676	-0.473892	-0.274591
22932	9.331160	1.115968	-2.694019	-0.004321	0.003787	0.009809	-0.182929	-0.230678	0.955680	-0.516947	0.849419	0.106079	-0.836243	-0.474631	-0.274632
22933	9.356197	1.107949	-2.716378	-0.008384	0.005618	0.008617	-0.182910	-0.230592	0.955705	-0.516850	0.849483	0.106044	-0.836307	-0.474560	-0.274560
22934	9.354507	1.106296	-2.691708	-0.011223	-0.000571	0.012743	-0.182804	-0.230696	0.955700	-0.517392	0.849157	0.106012	-0.835995	-0.475092	-0.274589
22935	9.327384	1.092568	-2.742903	-0.009821	0.006880	0.011887	-0.182791	-0.230576	0.955731	-0.517278	0.849234	0.105950	-0.836069	-0.475012	-0.274504
22936	9.356864	1.105678	-2.715004	-0.010893	0.003865	0.008484	-0.182684	-0.230632	0.955738	-0.517620	0.849026	0.105941	-0.835880	-0.475356	-0.274483
22937	9.303062	1.098731	-2.718846	-0.010452	0.005979	0.008554	-0.182661	-0.230545	0.955763	-0.517507	0.849099	0.105913	-0.835955	-0.475268	-0.274406
22938	9.307746	1.119240	-2.667996	-0.012247	0.006236	0.010690	-0.182391	-0.230800	0.955754	-0.518796	0.848320	0.105852	-0.835215	-0.476535	-0.274464
22939	9.376869	1.093788	-2.662702	-0.019817	0.009692	0.012705	-0.182359	-0.230660	0.955793	-0.518597	0.848446	0.105810	-0.835346	-0.476376	-0.274341
22940	9.354273	1.101503	-2.663226	-0.016745	0.005954	0.009428	-0.182292	-0.230667	0.955805	-0.518669	0.848400	0.105825	-0.835315	-0.476455	-0.274296
22941	9.361499	1.085582	-2.858449	-0.015944	0.009072	0.010634	-0.182255	-0.230547	0.955841	-0.518507	0.848504	0.105792	-0.835425	-0.476328	-0.274184
22942	9.312411	1.080056	-2.518698	-0.006743	0.003140	0.008613	-0.182109	-0.230514	0.955876	-0.518676	0.848402	0.105781	-0.835351	-0.476526	-0.274064
22943	9.325790	1.086244	-2.688582	-0.003068	0.003737	0.003278	-0.182078	-0.230483	0.955890	-0.518634	0.848427	0.105782	-0.835384	-0.476496	-0.274016
22944	9.365319	1.123577	-2.683370	-0.022595	0.008044	0.010373	-0.182166	-0.230400	0.955893	-0.518217	0.848679	0.105801	-0.835623	-0.476087	-0.273998
22945	9.345424	1.075563	-2.636952	-0.025820	0.004284	0.007968	-0.182155	-0.230327	0.955913	-0.517977	0.848824	0.105820	-0.835775	-0.475865	-0.273921
22946	9.343701	1.074547	-2.612049	-0.026257	0.002170	0.007897	-0.182077	-0.230376	0.955916	-0.518146	0.848717	0.105848	-0.835687	-0.476032	-0.273900
22947	9.306384	1.037905	-2.640586	-0.022830	-0.000563	0.005754	-0.182094	-0.230344	0.955920	-0.517935	0.848842	0.105880	-0.835814	-0.475824	-0.273873
22948	9.319244	1.005807	-2.616233	-0.014740	-0.000795	0.002746	-0.181902	-0.230542	0.955909	-0.518691	0.848377	0.105905	-0.835387	-0.476557	-0.273902
22949	9.345717	1.075674	-2.635870	-0.006376	-0.001134	0.001937	-0.181905	-0.230546	0.955908	-0.518624	0.848415	0.105929	-0.835428	-0.476488	-0.273897
22950	9.337525	1.052974	-2.637319	-0.017001	0.000784	-0.000580	-0.181931	-0.230661	0.955875	-0.518511	0.848469	0.106055	-0.835492	-0.476337	-0.273963
22951	9.360409	1.045074	-2.635843	-0.015536	-0.003913	0.001538	-0.181955	-0.230681	0.955865	-0.518368	0.848549	0.106108	-0.835576	-0.476183	-0.273976
22952	9.318204	1.064005	-2.687752	-0.010318	-0.006899	-0.002743	-0.182111	-0.230733	0.955823	-0.517836	0.848856	0.106249	-0.835871	-0.475611	-0.274068
22953	9.339048	1.055260	-2.662422	-0.009877	-0.004785	-0.002670	-0.182121	-0.230793	0.955807	-0.517748	0.848900	0.106327	-0.835924	-0.475503	-0.274095
22954	9.365558	1.049444	-2.710087	-0.008247	-0.007261	-0.002679	-0.182096	-0.230976	0.955767	-0.517945	0.848767	0.106436	-0.835808	-0.475653	-0.274190
22955	9.327697	1.089480	-2.711924	-0.001791	-0.005016	-0.005680	-0.182092	-0.231062	0.955747	-0.517930	0.848765	0.106520	-0.835818	-0.475613	-0.274228
22956	9.327493	1.090223	-2.712328	-0.012578	-0.005319	-0.006067	-0.182112	-0.231198	0.955711	-0.517813	0.848817	0.106670	-0.835885	-0.475454	-0.274297
22957	9.327366	1.091058	-2.712431	-0.004965	0.001047	-0.006723	-0.182052	-0.231265	0.955706	-0.517774	0.848828	0.106772	-0.835923	-0.475402	-0.274274
22958	9.356454	1.105490	-2.685265	-0.004217	-0.005657	-0.006879	-0.181781	-0.231617	0.955672	-0.518898	0.848132	0.106852	-0.835285	-0.476473	-0.274360
22959	9.339954	1.060418	-2.688521	-0.009104	0.001770	-0.006849	-0.181714	-0.231682	0.955669	-0.518825	0.848162	0.106968	-0.835345	-0.476387	-0.274325
22960	9.333586	1.039411	-2.714282	0.000692	0.000177	-0.010933	-0.181321	-0.232066	0.955651	-0.520210	0.847302	0.107053	-0.834568	-0.477728	-0.274357
22961	9.325018	1.093492	-2.688323	0.006901	-0.000908	-0.010744	-0.181257	-0.232176	0.955636	-0.520277	0.847247	0.107161	-0.834540	-0.477772	-0.274365
22962	9.339627	1.063094	-2.688599	0.013275	0.000229	-0.012682	-0.181128	-0.232340	0.955620	-0.520477	0.847107	0.107306	-0.834444	-0.477942	-0.274363
22963	9.324801	1.095076	-2.688430	0.020448	0.004483	-0.013411	-0.181005	-0.232447	0.955618	-0.520662	0.846981	0.107403	-0.834355	-0.478113	-0.274334
22964	9.329135	1.116724	-2.638189	0.009332	-0.000267	-0.009545	-0.180916	-0.232621	0.955592	-0.520931	0.846801	0.107513	-0.834206	-0.478346	-0.274380
22965	9.351953	1.109269	-2.636800	0.015515	0.002087	-0.014744	-0.180806	-0.232751	0.955582	-0.521077	0.846696	0.107636	-0.834139	-0.478470	-0.274369
22966	9.359985	1.133059	-2.635367	0.011047	-0.001632	-0.010617	-0.180579	-0.233056	0.955550	-0.521966	0.846136	0.107730	-0.833632	-0.479311	-0.274442
22967	9.326846	1.118088	-2.614307	0.017424	-0.000495	-0.012554	-0.180502	-0.233180	0.955535	-0.522124	0.846026	0.107827	-0.833550	-0.479445	-0.274458
22968	9.353393	1.112501	-2.661745	0.017426	-0.000495	-0.012553	-0.180142	-0.233507	0.955523	-0.523363	0.845252	0.107891	-0.832850	-0.480650	-0.274474
22969	9.359441	1.135109	-2.636418	0.020608	-0.006555	-0.011506	-0.180120	-0.233651	0.955492	-0.523546	0.845129	0.107969	-0.832740	-0.480796	-0.274551
22970	9.329966	1.121944	-2.664423	0.016909	-0.003720	-0.011561	-0.180001	-0.233962	0.955438	-0.524216	0.844698	0.108084	-0.832344	-0.481401	-0.274693
22971	9.331613	1.123503	-2.689311	0.018982	-0.004081	-0.011497	-0.179958	-0.234094	0.955414	-0.524385	0.844583	0.108167	-0.832247	-0.481539	-0.274745
22972	9.322816	1.177183	-2.664163	0.018381	-0.008415	-0.009440	-0.180013	-0.234204	0.955376	-0.524308	0.844618	0.108262	-0.832284	-0.481423	-0.274837
22973	9.349264	1.171259	-2.712038	0.013402	-0.002102	-0.008352	-0.179970	-0.234300	0.955361	-0.524425	0.844537	0.108330	-0.832220	-0.481519	-0.274864
22974	9.326170	1.179739	-2.713920	0.011442	-0.004066	-0.004088	-0.179992	-0.234335	0.955348	-0.524254	0.844634	0.108406	-0.832322	-0.481333	-0.274878
22975	9.347051	1.170866	-2.688637	0.002443	-0.004634	-0.006611	-0.179979	-0.234428	0.955328	-0.524276	0.844609	0.108488	-0.832311	-0.481330	-0.274917
22976	9.342473	1.150307	-2.739218	-0.001426	-0.004019	-0.004539	-0.179841	-0.234647	0.955300	-0.524837	0.844251	0.108567	-0.831988	-0.481852	-0.274982
22977	9.340450	1.149901	-2.715173	-0.003415	-0.002549	-0.005666	-0.179816	-0.234722	0.955286	-0.524809	0.844257	0.108655	-0.832011	-0.481805	-0.274995
22978	9.346624	1.172590	-2.689370	-0.007120	0.000285	-0.005722	-0.179758	-0.234817	0.955274	-0.524806	0.844244	0.108769	-0.832025	-0.481781	-0.274993
22979	9.332118	1.128484	-2.716698	-0.009903	-0.001364	-0.008055	-0.179711	-0.234906	0.955261	-0.524728	0.844276	0.108898	-0.832084	-0.481682	-0.274988
22980	9.356844	1.122145	-2.739492	-0.017640	-0.000134	-0.003910	-0.179505	-0.235055	0.955263	-0.525099	0.844030	0.109012	-0.831895	-0.482040	-0.274935
22981	9.326347	1.127466	-2.643472	-0.020065	-0.000779	-0.005107	-0.179469	-0.235117	0.955255	-0.524932	0.844118	0.109141	-0.832008	-0.481856	-0.274913
22982	9.319961	1.106390	-2.669361	-0.014288	-0.003973	-0.004989	-0.179403	-0.235256	0.955233	-0.525054	0.844027	0.109257	-0.831945	-0.481948	-0.274943
22983	9.327990	1.130154	-2.667869	-0.011341	-0.000105	-0.004783	-0.179362	-0.235312	0.955226	-0.524958	0.844073	0.109359	-0.832014	-0.481839	-0.274924
22984	9.336037	1.153861	-2.666325	-0.013930	-0.002969	-0.003854	-0.179129	-0.235574	0.955206	-0.525811	0.843533	0.109429	-0.831526	-0.482656	-0.274968
22985	9.358849	1.146505	-2.664972	-0.016274	-0.002504	-0.006115	-0.179101	-0.235653	0.955191	-0.525677	0.843600	0.109557	-0.831617	-0.482500	-0.274967
22986	9.298395	1.118980	-2.695433	-0.014639	-0.004978	-0.006124	-0.179130	-0.235780	0.955154	-0.525478	0.843703	0.109720	-0.831736	-0.482259	-0.275030
22987	9.366630	1.171536	-2.663764	-0.012322	-0.002007	-0.009251	-0.179082	-0.235883	0.955138	-0.525382	0.843743	0.109867	-0.831807	-0.482138	-0.275028
22988	9.319115	1.111961	-2.670001	-0.016707	-0.004620	-0.006186	-0.179143	-0.235946	0.955111	-0.524914	0.844011	0.110047	-0.832090	-0.481637	-0.275050
22989	9.325168	1.134828	-2.644483	-0.004202	-0.005665	-0.006874	-0.179137	-0.236047	0.955087	-0.524882	0.844018	0.110149	-0.832111	-0.481576	-0.275092
22990	9.359793	1.152259	-2.690478	-0.007632	-0.002939	-0.004728	-0.179170	-0.236115	0.955064	-0.524584	0.844185	0.110291	-0.832292	-0.481250	-0.275115
22991	9.341083	1.182288	-2.641899	-0.006109	-0.003085	-0.009063	-0.179132	-0.236222	0.955045	-0.524539	0.844196	0.110419	-0.832328	-0.481179	-0.275130
22992	9.334665	1.161169	-2.667955	-0.009701	-0.002580	-0.004790	-0.178942	-0.236478	0.955017	-0.525232	0.843753	0.110514	-0.831932	-0.481829	-0.275189
22993	9.357444	1.153760	-2.666774	-0.012562	-0.005340	-0.006060	-0.178939	-0.236571	0.954995	-0.525128	0.843802	0.110632	-0.831998	-0.481698	-0.275219
22994	9.318039	1.116946	-2.671676	-0.016782	-0.005733	-0.005121	-0.178971	-0.236769	0.954940	-0.525122	0.843784	0.110793	-0.831995	-0.481631	-0.275346
22995	9.335907	1.164831	-2.693283	-0.010845	-0.006702	-0.007133	-0.178974	-0.236877	0.954912	-0.525034	0.843823	0.110916	-0.832050	-0.481511	-0.275391
22996	9.327435	1.143001	-2.695585	-0.012344	-0.011829	-0.010612	-0.179106	-0.236942	0.954871	-0.524294	0.844252	0.111151	-0.832489	-0.480725	-0.275438
22997	9.356262	1.157874	-2.669136	-0.009209	-0.009176	-0.007144	-0.179129	-0.237062	0.954837	-0.524220	0.844282	0.111270	-0.832530	-0.480613	-0.275508
22998	9.333002	1.167115	-2.671179	-0.017485	-0.007742	-0.007389	-0.179182	-0.237197	0.954794	-0.523967	0.844416	0.111445	-0.832678	-0.480312	-0.275588
22999	9.322723	1.144339	-2.648999	-0.017838	-0.008746	-0.008524	-0.179194	-0.237326	0.954759	-0.523824	0.844484	0.111601	-0.832765	-0.480128	-0.275644
23000	9.349046	1.139269	-2.696925	-0.009205	-0.009176	-0.007144	-0.179464	-0.237311	0.954713	-0.522782	0.845104	0.111795	-0.833362	-0.479043	-0.275728
23001	9.300973	1.155610	-2.676098	-0.009123	-0.008065	-0.008206	-0.179472	-0.237435	0.954680	-0.522711	0.845131	0.111924	-0.833405	-0.478934	-0.275787
23002	9.317356	1.126490	-2.701232	-0.006972	-0.007312	-0.009207	-0.179671	-0.237434	0.954643	-0.521837	0.845646	0.112111	-0.833909	-0.478025	-0.275840
23003	9.356195	1.165284	-2.697375	-0.003187	-0.009032	-0.010221	-0.179677	-0.237580	0.954606	-0.521819	0.845640	0.112243	-0.833919	-0.477964	-0.275915
23004	9.310001	1.182457	-2.700797	0.006667	-0.004227	-0.007560	-0.179464	-0.237812	0.954588	-0.522565	0.845170	0.112310	-0.833497	-0.478679	-0.275950
23005	9.332648	1.175073	-2.700119	-0.001470	-0.010394	-0.011295	-0.179476	-0.237973	0.954545	-0.522563	0.845153	0.112447	-0.833496	-0.478629	-0.276041
23006	9.330487	1.174944	-2.676525	0.004245	-0.004873	-0.008756	-0.179353	-0.238112	0.954534	-0.522742	0.845026	0.112573	-0.833411	-0.478784	-0.276029
23007	9.333858	1.177656	-2.725926	0.007517	-0.009818	-0.008781	-0.179373	-0.238248	0.954496	-0.522810	0.844972	0.112662	-0.833364	-0.478812	-0.276124
23008	9.344199	1.221068	-2.650790	0.009941	-0.009172	-0.007585	-0.179295	-0.238481	0.954453	-0.523370	0.844617	0.112722	-0.833029	-0.479322	-0.276249
23009	9.332091	1.196395	-2.604797	0.009782	-0.011395	-0.005459	-0.179345	-0.238597	0.954414	-0.523451	0.844560	0.112772	-0.832967	-0.479364	-0.276362
23010	9.327321	1.175741	-2.656066	0.003928	-0.009318	-0.004505	-0.179261	-0.238789	0.954382	-0.523899	0.844273	0.112836	-0.832703	-0.479773	-0.276446
23011	9.323291	1.174065	-2.608598	0.004778	-0.014910	-0.005725	-0.179339	-0.238924	0.954334	-0.523939	0.844240	0.112902	-0.832662	-0.479765	-0.276586
23012	9.330943	1.197378	-2.608454	0.002983	-0.014660	-0.003587	-0.179690	-0.238937	0.954264	-0.523180	0.844699	0.112987	-0.833063	-0.478949	-0.276791
23013	9.305707	1.204788	-2.587024	0.000402	-0.017529	-0.002656	-0.179806	-0.239059	0.954212	-0.523178	0.844694	0.113037	-0.833039	-0.478898	-0.276952
23014	9.329956	1.197804	-2.611787	-0.002258	-0.021509	-0.000662	-0.179725	-0.239365	0.954151	-0.524072	0.844138	0.113052	-0.832495	-0.479725	-0.277157
23015	9.339226	1.221924	-2.636744	-0.005269	-0.026494	0.000197	-0.179930	-0.239507	0.954076	-0.524017	0.844166	0.113090	-0.832485	-0.479604	-0.277397
23016	9.343467	1.167021	-2.616673	-0.014409	-0.029296	-0.000184	-0.180027	-0.239762	0.953994	-0.524281	0.843990	0.113179	-0.832298	-0.479786	-0.277644
23017	9.301679	1.128685	-2.599627	-0.015621	-0.034531	-0.001462	-0.180291	-0.239956	0.953895	-0.524144	0.844065	0.113262	-0.832327	-0.479558	-0.277948
23018	9.343501	1.168788	-2.646910	-0.000341	-0.033914	0.000157	-0.180574	-0.240115	0.953802	-0.523882	0.844216	0.113346	-0.832430	-0.479213	-0.278236
23019	9.320885	1.253991	-2.648357	0.002865	-0.039972	0.001194	-0.180897	-0.240312	0.953691	-0.523894	0.844208	0.113352	-0.832353	-0.479128	-0.278613
23020	9.318067	1.252940	-2.627744	-0.018489	-0.041849	0.003733	-0.181200	-0.240566	0.953569	-0.523904	0.844192	0.113418	-0.832281	-0.479028	-0.279001
23021	9.331922	1.221987	-2.631485	-0.020042	-0.038266	0.002687	-0.181516	-0.240742	0.953465	-0.523722	0.844298	0.113474	-0.832326	-0.478753	-0.279336
23022	9.324495	1.200260	-2.661077	-0.015114	-0.045687	0.002644	-0.181928	-0.240947	0.953334	-0.523361	0.844509	0.113567	-0.832463	-0.478277	-0.279742
23023	9.329640	1.222129	-2.639500	-0.013336	-0.050493	0.006954	-0.182369	-0.241146	0.953200	-0.523227	0.844592	0.113564	-0.832451	-0.478030	-0.280201
23024	9.290571	1.261435	-2.644881	-0.023949	-0.048599	0.004480	-0.182572	-0.241555	0.953057	-0.523842	0.844204	0.113616	-0.832020	-0.478508	-0.280665
23025	9.319008	1.199172	-2.649969	-0.026731	-0.054808	0.008608	-0.183057	-0.241760	0.952912	-0.523594	0.844356	0.113635	-0.832069	-0.478138	-0.281150
23026	9.307835	1.175103	-2.632032	-0.027067	-0.055814	0.007477	-0.183468	-0.242132	0.952739	-0.523841	0.844198	0.113672	-0.831824	-0.478228	-0.281722
23027	9.291486	1.206339	-2.636934	-0.026614	-0.063526	0.006185	-0.184013	-0.242400	0.952566	-0.523598	0.844342	0.113714	-0.831856	-0.477837	-0.282290
23028	9.303086	1.174157	-2.618523	-0.038941	-0.064831	0.011256	-0.184378	-0.242802	0.952393	-0.524037	0.844067	0.113735	-0.831499	-0.478119	-0.282864
23029	9.334187	1.190303	-2.645751	-0.035977	-0.066224	0.003641	-0.184931	-0.243103	0.952209	-0.523721	0.844251	0.113828	-0.831575	-0.477642	-0.283447
23030	9.281706	1.186268	-2.704154	-0.039663	-0.067959	0.010062	-0.185359	-0.243477	0.952030	-0.523902	0.844131	0.113879	-0.831365	-0.477662	-0.284026
23031	9.322589	1.167942	-2.659290	-0.041191	-0.074202	0.007655	-0.186000	-0.243782	0.951827	-0.523536	0.844349	0.113949	-0.831453	-0.477121	-0.284678
23032	9.323851	1.170807	-2.714447	-0.048422	-0.076141	0.004110	-0.186397	-0.244322	0.951611	-0.523922	0.844091	0.114093	-0.831121	-0.477303	-0.285342
23033	9.293877	1.158954	-2.772518	-0.044101	-0.079202	0.008536	-0.187084	-0.244644	0.951393	-0.523530	0.844324	0.114164	-0.831214	-0.476724	-0.286038
23034	9.276928	1.190661	-2.778862	-0.044348	-0.079096	0.006348	-0.187673	-0.245181	0.951139	-0.523764	0.844166	0.114260	-0.830933	-0.476729	-0.286844
23035	9.278261	1.211051	-2.711151	-0.041104	-0.080594	0.000923	-0.188331	-0.245573	0.950908	-0.523411	0.844366	0.114395	-0.831007	-0.476172	-0.287556
23036	9.318412	1.176145	-2.790786	-0.049951	-0.084630	0.003860	-0.188993	-0.246056	0.950651	-0.523189	0.844481	0.114564	-0.830996	-0.475719	-0.288335
23037	9.316058	1.253111	-2.769875	-0.060012	-0.084076	0.006901	-0.189712	-0.246414	0.950415	-0.522668	0.844785	0.114698	-0.831160	-0.474992	-0.289059
23038	9.259768	1.171879	-2.808635	-0.066449	-0.082895	0.004584	-0.190439	-0.246721	0.950190	-0.521680	0.845363	0.114946	-0.831615	-0.473805	-0.289700
23039	9.304885	1.233987	-2.809704	-0.066395	-0.082903	0.004595	-0.191137	-0.247091	0.949954	-0.521109	0.845690	0.115121	-0.831812	-0.473026	-0.290404
23040	9.274331	1.223256	-2.867930	-0.075434	-0.085714	0.004292	-0.191664	-0.247699	0.949690	-0.521280	0.845556	0.115335	-0.831584	-0.472948	-0.291183
23041	9.286736	1.193985	-2.875652	-0.084044	-0.086410	0.004068	-0.192388	-0.248089	0.949441	-0.520564	0.845965	0.115568	-0.831866	-0.472011	-0.291899
23042	9.292467	1.218922	-2.880977	-0.083621	-0.085420	0.005217	-0.192969	-0.248614	0.949186	-0.520359	0.846058	0.115813	-0.831859	-0.471569	-0.292631
23043	9.291395	1.222192	-2.912361	-0.078015	-0.087385	0.002015	-0.193690	-0.249025	0.948931	-0.519698	0.846432	0.116049	-0.832105	-0.470680	-0.293363
23044	9.308030	1.272875	-2.964367	-0.095031	-0.079060	0.005175	-0.193955	-0.249710	0.948697	-0.520391	0.845974	0.116281	-0.831610	-0.471140	-0.294028
23045	9.259651	1.216092	-3.000658	-0.097259	-0.077474	0.001900	-0.194593	-0.250075	0.948470	-0.519570	0.846438	0.116575	-0.831974	-0.470112	-0.294642
23046	9.288408	1.233374	-3.004437	-0.091532	-0.082915	0.004060	-0.194976	-0.250710	0.948224	-0.519857	0.846224	0.116847	-0.831705	-0.470159	-0.295327
23047	9.252368	1.218449	-2.964340	-0.092119	-0.072854	0.001098	-0.195572	-0.251059	0.948009	-0.519080	0.846661	0.117135	-0.832050	-0.469185	-0.295903
23048	9.267851	1.268158	-2.990818	-0.089343	-0.072348	0.004474	-0.196058	-0.251574	0.947772	-0.518958	0.846700	0.117393	-0.832012	-0.468838	-0.296559
23049	9.242827	1.278610	-2.996937	-0.090576	-0.068885	0.005670	-0.196645	-0.251866	0.947573	-0.518185	0.847140	0.117634	-0.832355	-0.467886	-0.297099
23050	9.222266	1.307587	-2.928155	-0.090623	-0.071139	0.007796	-0.196775	-0.252574	0.947357	-0.519226	0.846475	0.117830	-0.831676	-0.468706	-0.297708
23051	9.263767	1.290134	-2.883533	-0.092671	-0.071914	0.008836	-0.197403	-0.252853	0.947152	-0.518430	0.846933	0.118049	-0.832023	-0.467729	-0.298273
23052	9.254049	1.344202	-2.861639	-0.095157	-0.070724	0.018703	-0.197800	-0.253297	0.946951	-0.518620	0.846798	0.118177	-0.831810	-0.467732	-0.298861
23053	9.258014	1.365419	-2.816434	-0.110639	-0.073466	0.017225	-0.198484	-0.253511	0.946750	-0.517658	0.847360	0.118371	-0.832247	-0.466598	-0.299419
23054	9.269790	1.334263	-2.798609	-0.118872	-0.074298	0.019248	-0.198654	-0.254080	0.946562	-0.518447	0.846858	0.118511	-0.831715	-0.467200	-0.299959
23055	9.234426	1.318056	-2.757846	-0.134157	-0.080549	0.023145	-0.199428	-0.254276	0.946347	-0.517277	0.847543	0.118720	-0.832258	-0.465848	-0.300555
23056	9.207216	1.324805	-2.715480	-0.141002	-0.083733	0.022929	-0.200101	-0.254745	0.946079	-0.516745	0.847829	0.118996	-0.832427	-0.465070	-0.301290
23057	9.286089	1.191806	-2.702320	-0.143472	-0.088895	0.026008	-0.200959	-0.254955	0.945840	-0.515491	0.848563	0.119209	-0.832997	-0.463616	-0.301953
23058	9.251576	1.177201	-2.687326	-0.147655	-0.097891	0.022337	-0.201349	-0.255688	0.945559	-0.516142	0.848135	0.119435	-0.832500	-0.463994	-0.302743
23059	9.249139	1.178905	-2.694958	-0.139811	-0.103721	0.024461	-0.202323	-0.255978	0.945273	-0.514921	0.848846	0.119654	-0.833020	-0.462532	-0.303550
23060	9.252964	1.126549	-2.706961	-0.136103	-0.114006	0.018665	-0.202989	-0.256635	0.944952	-0.514952	0.848792	0.119901	-0.832838	-0.462267	-0.304450
23061	9.223919	1.131525	-2.643859	-0.131769	-0.124570	0.017244	-0.204099	-0.257081	0.944591	-0.513813	0.849445	0.120166	-0.833270	-0.460818	-0.305463
23062	9.204971	1.163061	-2.628192	-0.133830	-0.132789	0.012531	-0.205051	-0.257888	0.944165	-0.513622	0.849515	0.120488	-0.833154	-0.460238	-0.306651
23063	9.178536	1.173699	-2.639577	-0.127035	-0.141594	0.011200	-0.206273	-0.258461	0.943742	-0.512534	0.850127	0.120798	-0.833523	-0.458783	-0.307828
23064	9.211534	1.134752	-2.628801	-0.122634	-0.151030	0.008707	-0.207011	-0.259649	0.943254	-0.513617	0.849430	0.121101	-0.832673	-0.459403	-0.309202
23065	9.246923	1.101442	-2.692206	-0.112099	-0.161539	0.006235	-0.208373	-0.260354	0.942760	-0.512665	0.849961	0.121415	-0.832920	-0.458020	-0.310583
23066	9.266275	1.097456	-2.730639	-0.093322	-0.171211	0.001680	-0.209438	-0.261531	0.942198	-0.513348	0.849508	0.121693	-0.832232	-0.458189	-0.312176
23067	9.225384	1.143129	-2.792785	-0.066320	-0.180042	-0.004972	-0.210895	-0.262415	0.941627	-0.512801	0.849799	0.121973	-0.832201	-0.457144	-0.313785
23068	9.216027	1.204872	-2.877954	-0.047917	-0.187829	-0.000721	-0.211984	-0.263693	0.941025	-0.514001	0.849050	0.122131	-0.831183	-0.457799	-0.315523
23069	9.182600	1.272580	-2.939267	-0.037836	-0.188361	-0.003920	-0.213513	-0.264606	0.940423	-0.513690	0.849212	0.122314	-0.830984	-0.456971	-0.317243
23070	9.235609	1.365036	-3.045422	-0.026134	-0.192507	-0.006175	-0.214528	-0.266059	0.939782	-0.515527	0.848084	0.122417	-0.829584	-0.458221	-0.319098
23071	9.218080	1.407371	-3.182169	-0.033438	-0.190273	-0.002802	-0.216076	-0.266971	0.939168	-0.515251	0.848229	0.122576	-0.829354	-0.457422	-0.320839
23072	9.192525	1.428729	-3.344786	-0.042072	-0.185711	0.002863	-0.216993	-0.268408	0.938547	-0.517206	0.847026	0.122656	-0.827896	-0.458807	-0.322621
23073	9.141064	1.448533	-3.384845	-0.053058	-0.179503	0.005308	-0.218491	-0.269204	0.937972	-0.516751	0.847283	0.122804	-0.827786	-0.457866	-0.324235
23074	9.160059	1.449622	-3.497644	-0.057887	-0.172092	0.005639	-0.219433	-0.270381	0.937413	-0.517951	0.846532	0.122924	-0.826787	-0.458561	-0.325801
23075	9.155249	1.454968	-3.560619	-0.065047	-0.160176	0.012740	-0.220807	-0.271024	0.936905	-0.517381	0.846863	0.123043	-0.826778	-0.457568	-0.327216
23076	9.139221	1.354301	-3.558140	-0.073662	-0.153336	0.016339	-0.221627	-0.272115	0.936395	-0.518683	0.846058	0.123101	-0.825742	-0.458410	-0.328651
23077	9.173847	1.392980	-3.566578	-0.085208	-0.137132	0.018155	-0.222837	-0.272607	0.935964	-0.517936	0.846496	0.123237	-0.825885	-0.457307	-0.329824
23078	9.097358	1.336429	-3.510286	-0.099723	-0.136776	0.018198	-0.223524	-0.273629	0.935502	-0.519093	0.845770	0.123353	-0.824973	-0.458040	-0.331089
23079	9.129666	1.292526	-3.450833	-0.105901	-0.125891	0.019805	-0.224650	-0.274055	0.935108	-0.518171	0.846307	0.123545	-0.825246	-0.456791	-0.332130
23080	9.130901	1.232124	-3.367879	-0.123363	-0.118448	0.020190	-0.225157	-0.275060	0.934690	-0.519290	0.845591	0.123748	-0.824404	-0.457513	-0.333227
23081	9.109268	1.178321	-3.259649	-0.134096	-0.116367	0.015950	-0.226184	-0.275475	0.934320	-0.518145	0.846246	0.124072	-0.824843	-0.456050	-0.334143
23082	9.126519	1.096191	-3.276123	-0.136333	-0.115876	0.013815	-0.226780	-0.276340	0.933920	-0.518535	0.845959	0.124399	-0.824435	-0.456059	-0.335138
23083	9.159998	1.055599	-3.239936	-0.132820	-0.116294	0.009423	-0.227772	-0.276808	0.933540	-0.517415	0.846588	0.124782	-0.824865	-0.454605	-0.336054
23084	9.124314	1.035603	-3.153687	-0.125617	-0.119547	0.004878	-0.228382	-0.277762	0.933108	-0.517813	0.846286	0.125180	-0.824446	-0.454586	-0.337106
23085	9.095168	0.966443	-3.121411	-0.115413	-0.121871	-0.007324	-0.229334	-0.278395	0.932685	-0.516875	0.846787	0.125663	-0.824770	-0.453263	-0.338093
23086	9.060185	0.960876	-3.181514	-0.105479	-0.121222	-0.011715	-0.229558	-0.279732	0.932230	-0.518576	0.845687	0.126066	-0.823639	-0.454493	-0.339197
23087	9.093597	0.925848	-3.195557	-0.080756	-0.127338	-0.020927	-0.230484	-0.280505	0.931769	-0.517956	0.845993	0.126560	-0.823771	-0.453446	-0.340277
23088	9.066454	0.945633	-3.278678	-0.050918	-0.127780	-0.029924	-0.230905	-0.281837	0.931263	-0.519301	0.845102	0.127002	-0.822806	-0.454281	-0.341497
23089	9.124547	0.983535	-3.335663	-0.016328	-0.126967	-0.036727	-0.231744	-0.282742	0.930780	-0.519249	0.845070	0.127425	-0.822602	-0.453777	-0.342653
23090	9.113560	1.046302	-3.390557	0.006675	-0.127135	-0.048985	-0.232296	-0.284096	0.930230	-0.520370	0.844307	0.127909	-0.821738	-0.454351	-0.343965
23091	9.087747	1.140248	-3.442424	0.027404	-0.122841	-0.054439	-0.233007	-0.285132	0.929735	-0.520719	0.844026	0.128346	-0.821316	-0.454225	-0.345138
23092	9.084822	1.221203	-3.446616	0.034537	-0.124921	-0.060077	-0.233495	-0.286454	0.929206	-0.521892	0.843230	0.128807	-0.820432	-0.454870	-0.346388
23093	9.073414	1.281788	-3.477185	0.047497	-0.117075	-0.065304	-0.234099	-0.287556	0.928714	-0.522432	0.842825	0.129273	-0.819916	-0.454927	-0.347533
23094	9.109927	1.402669	-3.501757	0.042552	-0.111943	-0.062796	-0.234423	-0.288877	0.928222	-0.523814	0.841897	0.129722	-0.818941	-0.455806	-0.348678
23095	9.121233	1.459734	-3.580960	0.038902	-0.106831	-0.064690	-0.234944	-0.289927	0.927763	-0.524282	0.841530	0.130211	-0.818492	-0.455817	-0.349716
23096	9.132202	1.521471	-3.708059	0.026864	-0.097341	-0.058604	-0.235151	-0.291185	0.927316	-0.525598	0.840636	0.130684	-0.817589	-0.456665	-0.350723
23097	9.089743	1.569992	-3.761313	0.015738	-0.086560	-0.060143	-0.235528	-0.292104	0.926931	-0.525866	0.840386	0.131212	-0.817308	-0.456537	-0.351542
23098	9.107764	1.576078	-3.867008	-0.006861	-0.076292	-0.054977	-0.235631	-0.293138	0.926578	-0.526620	0.839826	0.131772	-0.816792	-0.456905	-0.352262
23099	9.079327	1.514970	-3.903564	-0.026038	-0.061303	-0.046343	-0.235873	-0.293826	0.926299	-0.526515	0.839806	0.132318	-0.816790	-0.456500	-0.352791
23100	9.068188	1.497725	-3.910225	-0.041630	-0.050806	-0.048923	-0.235901	-0.294610	0.926043	-0.526633	0.839630	0.132964	-0.816705	-0.456319	-0.353222
23101	9.089408	1.490931	-3.865814	-0.048670	-0.033339	-0.044715	-0.235924	-0.295156	0.925863	-0.526339	0.839717	0.133575	-0.816889	-0.455805	-0.353461
23102	9.056801	1.479774	-3.844269	-0.054716	-0.021464	-0.041876	-0.235782	-0.295709	0.925723	-0.526212	0.839697	0.134202	-0.817011	-0.455484	-0.353592
23103	9.047667	1.460417	-3.822729	-0.061104	-0.011721	-0.039128	-0.235658	-0.296110	0.925627	-0.525803	0.839856	0.134806	-0.817310	-0.454929	-0.353614
23104	9.048103	1.456916	-3.725115	-0.067516	0.000316	-0.038459	-0.235432	-0.296499	0.925559	-0.525359	0.840028	0.135465	-0.817661	-0.454358	-0.353538
23105	9.025371	1.466285	-3.673907	-0.075931	0.010401	-0.035656	-0.235145	-0.296770	0.925545	-0.524820	0.840264	0.136089	-0.818090	-0.453744	-0.353335
23106	9.009576	1.422107	-3.627210	-0.098247	0.015363	-0.036178	-0.234750	-0.297097	0.925541	-0.524268	0.840490	0.136823	-0.818557	-0.453112	-0.353063
23107	9.042103	1.434047	-3.525859	-0.109325	0.020376	-0.032472	-0.234398	-0.297297	0.925566	-0.523447	0.840885	0.137535	-0.819183	-0.452247	-0.352721
23108	9.003085	1.314543	-3.411793	-0.126226	0.024620	-0.037482	-0.233957	-0.297581	0.925586	-0.522594	0.841276	0.138381	-0.819853	-0.451331	-0.352337
23109	8.956686	1.254578	-3.340964	-0.138694	0.017174	-0.043133	-0.233577	-0.297885	0.925584	-0.521555	0.841770	0.139294	-0.820623	-0.450208	-0.351982
23110	8.903956	1.154442	-3.103041	-0.149733	0.012489	-0.043187	-0.233216	-0.298242	0.925560	-0.520452	0.842291	0.140271	-0.821426	-0.448996	-0.351656
23111	8.951999	1.126272	-2.908770	-0.137149	0.001715	-0.046099	-0.232948	-0.298642	0.925499	-0.519430	0.842766	0.141205	-0.822148	-0.447838	-0.351444
23112	9.006870	1.128204	-2.786472	-0.127598	-0.016249	-0.048254	-0.232813	-0.299163	0.925365	-0.518477	0.843193	0.142154	-0.822788	-0.446685	-0.351415
23113	9.062849	1.203978	-2.633325	-0.114034	-0.032587	-0.052591	-0.232794	-0.299771	0.925173	-0.517658	0.843541	0.143066	-0.823308	-0.445618	-0.351550
23114	9.094204	1.208929	-2.464950	-0.128834	-0.059996	-0.066954	-0.232921	-0.300640	0.924859	-0.516731	0.843918	0.144193	-0.823855	-0.444318	-0.351916
23115	9.135230	1.049265	-2.489274	-0.142167	-0.085816	-0.074680	-0.233228	-0.301670	0.924446	-0.515731	0.844321	0.145409	-0.824394	-0.442852	-0.352500
23116	9.030205	0.994796	-2.527249	-0.114426	-0.110718	-0.086325	-0.233684	-0.302913	0.923924	-0.514946	0.844584	0.146658	-0.824756	-0.441499	-0.353349
23117	8.979281	1.026399	-2.583638	-0.065047	-0.139712	-0.089827	-0.234359	-0.304307	0.923295	-0.514617	0.844595	0.147743	-0.824770	-0.440518	-0.354540
23118	9.022906	1.170807	-2.558028	-0.022759	-0.168286	-0.098700	-0.235225	-0.305903	0.922547	-0.514622	0.844411	0.148779	-0.824520	-0.439766	-0.356050
23119	9.109365	1.395244	-2.699031	-0.005946	-0.192830	-0.102519	-0.236272	-0.307635	0.921703	-0.514812	0.844119	0.149771	-0.824102	-0.439117	-0.357816
23120	9.119264	1.430371	-3.009328	-0.018820	-0.203448	-0.109379	-0.237370	-0.309471	0.920806	-0.514879	0.843879	0.150889	-0.823745	-0.438287	-0.359652
23121	9.069129	1.399090	-3.474004	-0.016614	-0.207714	-0.118378	-0.238456	-0.311398	0.919875	-0.515022	0.843581	0.152064	-0.823341	-0.437495	-0.361534
23122	9.022175	1.345709	-3.744745	0.032541	-0.201103	-0.128907	-0.239432	-0.313384	0.918946	-0.515559	0.843052	0.153173	-0.822721	-0.437097	-0.363422
23123	8.998864	1.515240	-4.015498	0.114122	-0.195903	-0.131538	-0.240349	-0.315368	0.918028	-0.516811	0.842136	0.153990	-0.821668	-0.437436	-0.365393
23124	9.030464	1.839486	-4.246304	0.161190	-0.185584	-0.122189	-0.241226	-0.317228	0.917156	-0.518389	0.841061	0.154564	-0.820416	-0.438159	-0.367334
23125	8.986026	2.183826	-4.177522	0.150158	-0.167581	-0.117628	-0.241975	-0.318971	0.916355	-0.519902	0.840025	0.155115	-0.819238	-0.438880	-0.369098
23126	9.073905	2.347275	-4.303656	0.108497	-0.152522	-0.106986	-0.242654	-0.320561	0.915620	-0.521008	0.839224	0.155739	-0.818334	-0.439254	-0.370656
23127	9.071922	2.457902	-4.356482	0.047474	-0.132370	-0.091195	-0.243247	-0.321926	0.914983	-0.521616	0.838719	0.156423	-0.817770	-0.439220	-0.371937
23128	9.125150	2.421124	-4.399571	-0.007554	-0.113209	-0.075595	-0.243766	-0.323082	0.914438	-0.521695	0.838526	0.157191	-0.817565	-0.438739	-0.372954
23129	9.072160	2.290248	-4.421483	-0.049744	-0.095213	-0.057095	-0.244232	-0.323997	0.913989	-0.521425	0.838556	0.157924	-0.817598	-0.438007	-0.373742
23130	8.976405	2.246041	-4.380714	-0.073471	-0.075729	-0.041201	-0.244625	-0.324702	0.913634	-0.520877	0.838763	0.158628	-0.817830	-0.437087	-0.374312
23131	8.938128	2.280502	-4.282028	-0.099188	-0.057082	-0.024183	-0.244952	-0.325173	0.913379	-0.520123	0.839114	0.159246	-0.818212	-0.436062	-0.374672
23132	8.947066	2.222762	-4.192921	-0.140359	-0.041256	-0.010129	-0.245229	-0.325468	0.913200	-0.518941	0.839717	0.159923	-0.818879	-0.434679	-0.374822
23133	8.981982	2.075277	-4.063499	-0.172781	-0.022481	0.003855	-0.245418	-0.325552	0.913119	-0.517514	0.840476	0.160561	-0.819725	-0.433147	-0.374746
23134	8.971268	1.866107	-3.937892	-0.193288	-0.012873	0.009371	-0.245565	-0.325562	0.913076	-0.515846	0.841367	0.161261	-0.820732	-0.431406	-0.374550
23135	8.931161	1.715321	-3.779693	-0.199267	-0.009618	0.007564	-0.245668	-0.325559	0.913049	-0.514189	0.842246	0.161964	-0.821740	-0.429690	-0.374312
23136	8.882658	1.620454	-3.639382	-0.198096	-0.006718	0.011006	-0.245774	-0.325529	0.913031	-0.512471	0.843157	0.162667	-0.822781	-0.427923	-0.374049
23137	8.879750	1.588897	-3.518181	-0.193139	-0.007765	0.015212	-0.245901	-0.325453	0.913024	-0.510841	0.844028	0.163276	-0.823756	-0.426261	-0.373802
23138	8.908971	1.645415	-3.363332	-0.188771	-0.013089	0.019190	-0.246099	-0.325380	0.912997	-0.509181	0.844916	0.163867	-0.824724	-0.424553	-0.373610
23139	8.928040	1.607420	-3.269216	-0.195104	-0.019911	0.022304	-0.246362	-0.325295	0.912956	-0.507513	0.845811	0.164417	-0.825673	-0.422831	-0.373467
23140	8.937997	1.549502	-3.202747	-0.205785	-0.032076	0.016473	-0.246703	-0.325323	0.912854	-0.505713	0.846757	0.165096	-0.826675	-0.420913	-0.373418
23141	8.872399	1.485520	-3.085971	-0.203338	-0.044422	0.014600	-0.247130	-0.325405	0.912709	-0.503993	0.847655	0.165748	-0.827598	-0.419038	-0.373483
23142	8.875627	1.398272	-2.976945	-0.180443	-0.065176	0.006082	-0.247692	-0.325658	0.912467	-0.502427	0.848451	0.166425	-0.828381	-0.417225	-0.373774
23143	8.940178	1.341323	-2.868797	-0.160658	-0.081190	0.000113	-0.248351	-0.326014	0.912160	-0.501093	0.849117	0.167051	-0.828992	-0.415590	-0.374243
23144	8.940576	1.336037	-2.802887	-0.123935	-0.109809	-0.006118	-0.249223	-0.326551	0.911730	-0.500023	0.849634	0.167628	-0.829376	-0.414110	-0.375031
23145	8.961573	1.405621	-2.779964	-0.091054	-0.133304	-0.014135	-0.250244	-0.327242	0.911203	-0.499301	0.849960	0.168125	-0.829504	-0.412893	-0.376089
23146	8.963971	1.389944	-2.647004	-0.071053	-0.161278	-0.022033	-0.251462	-0.328121	0.910551	-0.498713	0.850202	0.168648	-0.829490	-0.411695	-0.377431
23147	8.947637	1.380620	-2.737141	-0.036743	-0.188197	-0.031473	-0.252851	-0.329182	0.909783	-0.498485	0.850246	0.169099	-0.829204	-0.410756	-0.379078
23148	8.928167	1.453977	-2.867840	-0.000410	-0.209303	-0.034069	-0.254406	-0.330355	0.908924	-0.498516	0.850156	0.169462	-0.828710	-0.410001	-0.380972
23149	8.892757	1.401076	-2.992449	0.032883	-0.230666	-0.042078	-0.256092	-0.331677	0.907968	-0.498894	0.849878	0.169744	-0.827962	-0.409509	-0.383119
23150	8.913873	1.388330	-3.191097	0.071950	-0.253974	-0.051542	-0.257925	-0.333177	0.906900	-0.499572	0.849431	0.169985	-0.826984	-0.409218	-0.385536
23151	8.835899	1.494265	-3.468696	0.112773	-0.259479	-0.052316	-0.259794	-0.334703	0.905804	-0.500637	0.848791	0.170049	-0.825754	-0.409301	-0.388075
23152	8.843944	1.615122	-3.701128	0.151132	-0.268953	-0.053271	-0.261733	-0.336277	0.904662	-0.501975	0.848012	0.169990	-0.824328	-0.409626	-0.390755
23153	8.823004	1.789137	-3.876520	0.178063	-0.265422	-0.057378	-0.263616	-0.337871	0.903521	-0.503590	0.847085	0.169836	-0.822742	-0.410232	-0.393454
23154	8.760905	1.926591	-4.078969	0.187770	-0.260570	-0.055226	-0.265468	-0.339428	0.902394	-0.505231	0.846146	0.169641	-0.821139	-0.410883	-0.396114
23155	8.753350	1.991041	-4.269410	0.186114	-0.253008	-0.049150	-0.267280	-0.340903	0.901302	-0.506886	0.845210	0.169371	-0.819529	-0.411588	-0.398707
23156	8.768115	2.164429	-4.348406	0.194479	-0.240849	-0.036697	-0.269054	-0.342227	0.900272	-0.508529	0.844302	0.168973	-0.817929	-0.412352	-0.401196
23157	8.800018	2.226711	-4.417142	0.165448	-0.231481	-0.022713	-0.270816	-0.343393	0.899300	-0.509941	0.843538	0.168537	-0.816468	-0.412947	-0.403554
23158	8.822631	2.310913	-4.407103	0.128012	-0.217306	-0.011351	-0.272521	-0.344410	0.898395	-0.510965	0.842990	0.168173	-0.815259	-0.413218	-0.405714
23159	8.870485	2.232584	-4.392307	0.072808	-0.207770	-0.002662	-0.274185	-0.345310	0.897543	-0.511564	0.842676	0.167927	-0.814325	-0.413107	-0.407698
23160	8.812957	2.060224	-4.353877	0.028143	-0.195527	0.005695	-0.275797	-0.346094	0.896747	-0.511721	0.842603	0.167816	-0.813682	-0.412601	-0.409491
23161	8.800282	1.876387	-4.343439	0.017418	-0.188546	0.009920	-0.277367	-0.346807	0.895987	-0.511833	0.842561	0.167682	-0.813077	-0.412086	-0.411206
23162	8.787263	1.779561	-4.148884	0.010638	-0.181039	0.012883	-0.278897	-0.347470	0.895255	-0.511826	0.842586	0.167579	-0.812558	-0.411478	-0.412839
23163	8.801008	1.662061	-4.106712	0.018374	-0.181012	0.009223	-0.280400	-0.348156	0.894519	-0.511948	0.842538	0.167447	-0.811964	-0.410995	-0.414485
23164	8.850403	1.630300	-4.008112	0.046321	-0.177986	0.011226	-0.281894	-0.348818	0.893791	-0.512235	0.842411	0.167211	-0.811265	-0.410695	-0.416147
23165	8.841968	1.595751	-3.954468	0.067384	-0.179854	0.002359	-0.283350	-0.349556	0.893042	-0.512773	0.842138	0.166935	-0.810417	-0.410626	-0.417863
23166	8.843860	1.657999	-3.866373	0.092131	-0.187838	-0.005943	-0.284833	-0.350402	0.892238	-0.513480	0.841762	0.166659	-0.809449	-0.410676	-0.419686
23167	8.858692	1.692598	-3.808436	0.101133	-0.193434	-0.011073	-0.286326	-0.351310	0.891403	-0.514328	0.841303	0.166358	-0.808383	-0.410841	-0.421576
23168	8.800698	1.644892	-3.704695	0.101573	-0.202046	-0.015877	-0.287868	-0.352297	0.890516	-0.515139	0.840853	0.166126	-0.807319	-0.410917	-0.423537
23169	8.776643	1.641334	-3.649502	0.125094	-0.217891	-0.016865	-0.289525	-0.353354	0.889560	-0.516195	0.840275	0.165771	-0.806051	-0.411191	-0.425680
