// General information: 
//  MT Manager version: 2022.2.0 
//  XDA version: 2022.2.0 build 7381 rev 124627 built on 2023-07-19
// Device information: 
//  DeviceId: 00B4CAF0
//  ProductCode: MTW2-3A7G6
//  Firmware Version: 4.6.0
//  Hardware Version: 2.0.0
// Device settings: 
//  Filter Profile: human(46.1)
//  Option Flags: Orientation Smoother Disabled, Position/Velocity Smoother Disabled, Continuous Zero Rotation Update Disabled, AHS Disabled, ICC Disabled
// Coordinate system: ENU
PacketCounter	Acc_X	Acc_Y	Acc_Z	Gyr_X	Gyr_Y	Gyr_Z	Mat[1][1]	Mat[2][1]	Mat[3][1]	Mat[1][2]	Mat[2][2]	Mat[3][2]	Mat[1][3]	Mat[2][3]	Mat[3][3]
65029	4.365247	-0.411849	9.306716	-0.016452	-0.007890	-0.010360	0.813851	0.422615	0.398801	-0.454794	0.890461	-0.015515	-0.361674	-0.168746	0.916906
65030	4.386558	-0.323865	9.299466	-0.009166	-0.012274	-0.006870	0.813857	0.422515	0.398895	-0.454681	0.890518	-0.015572	-0.361802	-0.168697	0.916864
65031	4.352263	-0.353804	9.336911	-0.013199	-0.016270	-0.007548	0.813874	0.422287	0.399102	-0.454418	0.890650	-0.015712	-0.362096	-0.168571	0.916772
65032	4.363048	-0.260130	9.276253	-0.001031	-0.014228	-0.008562	0.813881	0.422168	0.399214	-0.454320	0.890700	-0.015688	-0.362203	-0.168603	0.916724
65033	4.312399	-0.335424	9.279079	-0.007537	-0.011225	-0.002414	0.813818	0.422084	0.399432	-0.454214	0.890752	-0.015833	-0.362478	-0.168543	0.916626
65034	4.251844	-0.300158	9.294697	-0.001631	-0.018405	-0.004676	0.813791	0.421993	0.399582	-0.454147	0.890786	-0.015830	-0.362622	-0.168586	0.916561
65035	4.283066	-0.233187	9.294243	-0.007857	-0.027363	-0.004396	0.813536	0.422063	0.400028	-0.454239	0.890736	-0.016014	-0.363078	-0.168680	0.916363
65036	4.348979	-0.358214	9.256534	-0.004213	-0.029555	-0.002654	0.813460	0.421971	0.400280	-0.454179	0.890766	-0.016043	-0.363325	-0.168748	0.916253
65037	4.336137	-0.298696	9.286772	-0.000818	-0.023119	-0.005502	0.813250	0.422069	0.400603	-0.454334	0.890686	-0.016086	-0.363601	-0.168925	0.916111
65038	4.221300	-0.266010	9.279603	-0.013765	-0.030662	-0.008236	0.813194	0.421926	0.400865	-0.454193	0.890756	-0.016180	-0.363900	-0.168913	0.915994
65039	4.351959	-0.313648	9.314202	-0.019742	-0.041369	-0.009249	0.813053	0.421572	0.401524	-0.453784	0.890958	-0.016567	-0.364725	-0.168735	0.915699
65040	4.369479	-0.285586	9.301262	-0.019279	-0.034652	-0.007259	0.812978	0.421431	0.401823	-0.453631	0.891033	-0.016715	-0.365082	-0.168690	0.915565
65041	4.435951	-0.314540	9.306158	-0.021714	-0.037867	-0.005009	0.812948	0.421041	0.402294	-0.453177	0.891258	-0.017019	-0.365713	-0.168475	0.915352
65042	4.525989	-0.425027	9.286992	-0.025674	-0.023981	-0.002400	0.812890	0.420961	0.402495	-0.453040	0.891323	-0.017245	-0.366013	-0.168328	0.915260
65043	4.440740	-0.531484	9.327518	-0.020159	-0.019991	-0.003381	0.812695	0.420958	0.402891	-0.452983	0.891346	-0.017580	-0.366516	-0.168215	0.915079
65044	4.442855	-0.532946	9.326428	-0.016379	-0.024720	-0.007524	0.812657	0.420832	0.403100	-0.452838	0.891417	-0.017701	-0.366780	-0.168154	0.914985
65045	4.485622	-0.356291	9.311938	-0.011779	-0.023689	-0.006383	0.812778	0.420236	0.403476	-0.452160	0.891756	-0.017952	-0.367346	-0.167845	0.914814
65046	4.418701	-0.388911	9.299735	-0.007601	-0.029111	-0.005710	0.812716	0.420118	0.403725	-0.452061	0.891806	-0.018000	-0.367606	-0.167879	0.914703
65047	4.449319	-0.232984	9.319204	-0.001711	-0.032962	0.002473	0.812441	0.420160	0.404233	-0.452136	0.891763	-0.018181	-0.368119	-0.167998	0.914475
65048	4.410942	-0.302916	9.241057	0.009579	-0.033610	0.005089	0.812313	0.420131	0.404522	-0.452189	0.891738	-0.018115	-0.368338	-0.168205	0.914349
65049	4.440306	-0.367494	9.261298	0.001203	-0.029913	0.008094	0.812012	0.420273	0.404978	-0.452375	0.891640	-0.018269	-0.368773	-0.168367	0.914144
65050	4.425405	-0.323820	9.245590	0.015093	-0.029620	0.004102	0.811902	0.420242	0.405231	-0.452440	0.891610	-0.018150	-0.368935	-0.168607	0.914034
65051	4.350623	-0.325356	9.249438	0.003736	-0.019023	0.004550	0.811583	0.420414	0.405692	-0.452643	0.891503	-0.018346	-0.369388	-0.168745	0.913826
65052	4.358630	-0.265713	9.253180	0.006413	-0.017555	0.001000	0.811531	0.420375	0.405835	-0.452651	0.891500	-0.018293	-0.369492	-0.168856	0.913763
65053	4.389338	-0.295609	9.209635	-0.002992	-0.017607	0.001549	0.811439	0.420166	0.406235	-0.452406	0.891619	-0.018531	-0.369993	-0.168746	0.913581
65054	4.377613	-0.317408	9.243390	-0.003912	-0.003208	0.003912	0.811427	0.420178	0.406247	-0.452399	0.891622	-0.018585	-0.370028	-0.168705	0.913574
65055	4.348051	-0.295937	9.262839	-0.002365	-0.013164	-0.000807	0.811325	0.420086	0.406545	-0.452294	0.891672	-0.018748	-0.370381	-0.168667	0.913438
65056	4.450148	-0.375465	9.233009	-0.012380	-0.010511	-0.002248	0.811314	0.420030	0.406625	-0.452205	0.891715	-0.018854	-0.370513	-0.168582	0.913401
65057	4.473521	-0.368448	9.228613	-0.008877	-0.003282	-0.000513	0.811381	0.419673	0.406861	-0.451751	0.891939	-0.019124	-0.370922	-0.168283	0.913290
65058	4.424429	-0.428112	9.277991	-0.011046	-0.001097	-0.003902	0.811412	0.419618	0.406856	-0.451654	0.891986	-0.019212	-0.370972	-0.168169	0.913290
65059	4.436077	-0.318554	9.263946	-0.010437	-0.003802	-0.001911	0.811536	0.419164	0.407075	-0.451091	0.892266	-0.019478	-0.371384	-0.167820	0.913187
65060	4.405696	-0.297311	9.283794	-0.006144	0.005598	-0.006880	0.811606	0.419094	0.407009	-0.450987	0.892317	-0.019510	-0.371357	-0.167722	0.913216
65061	4.488597	-0.333661	9.240273	-0.013704	0.004581	-0.004700	0.811500	0.419125	0.407188	-0.450946	0.892332	-0.019783	-0.371638	-0.167565	0.913130
65062	4.452500	-0.363933	9.278833	-0.011802	0.011028	-0.005888	0.811585	0.419072	0.407072	-0.450830	0.892389	-0.019870	-0.371594	-0.167394	0.913180
65063	4.491686	-0.400059	9.289704	-0.010731	0.015040	-0.001898	0.811519	0.419063	0.407214	-0.450720	0.892437	-0.020185	-0.371871	-0.167159	0.913110
65064	4.478716	-0.395389	9.237343	-0.003904	0.021297	-0.000187	0.811616	0.419079	0.407004	-0.450679	0.892457	-0.020223	-0.371708	-0.167015	0.913203
65065	4.485659	-0.417138	9.245435	0.001265	0.019361	0.001414	0.811776	0.418824	0.406947	-0.450345	0.892623	-0.020330	-0.371765	-0.166763	0.913226
65066	4.431972	-0.394888	9.293166	0.005865	0.020392	0.002552	0.811858	0.418862	0.406745	-0.450362	0.892615	-0.020290	-0.371566	-0.166709	0.913316
65067	4.428304	-0.312789	9.291145	0.024844	0.004191	0.007325	0.811503	0.419246	0.407057	-0.450818	0.892384	-0.020361	-0.371788	-0.166986	0.913176
65068	4.332102	-0.277950	9.258867	0.025089	0.002444	0.006029	0.811502	0.419286	0.407019	-0.450935	0.892329	-0.020161	-0.371648	-0.167179	0.913197
65069	4.320523	-0.289873	9.316137	0.008327	-0.000635	0.005928	0.811570	0.418993	0.407185	-0.450607	0.892493	-0.020259	-0.371897	-0.167039	0.913121
65070	4.485807	-0.484292	9.273058	0.013761	0.002830	0.001888	0.811589	0.418995	0.407144	-0.450648	0.892474	-0.020145	-0.371806	-0.167129	0.913142
65071	4.325227	-0.334022	9.254691	0.011996	0.004321	0.003313	0.811702	0.418612	0.407312	-0.450220	0.892688	-0.020244	-0.372077	-0.166948	0.913065
65072	4.312373	-0.354923	9.288991	0.000324	-0.001220	0.001761	0.811707	0.418607	0.407309	-0.450210	0.892693	-0.020252	-0.372079	-0.166935	0.913066
65073	4.434065	-0.344488	9.252908	0.010749	-0.007893	-0.002440	0.811760	0.418374	0.407442	-0.450007	0.892797	-0.020186	-0.372208	-0.166965	0.913008
65074	4.405542	-0.411086	9.252186	0.000490	-0.003494	-0.002591	0.811776	0.418326	0.407460	-0.449962	0.892820	-0.020176	-0.372228	-0.166963	0.913000
65075	4.422205	-0.364729	9.286766	0.006532	-0.002734	-0.004639	0.811970	0.417941	0.407468	-0.449577	0.893016	-0.020088	-0.372270	-0.166877	0.912999
65076	4.398479	-0.380076	9.267747	0.004688	-0.001770	-0.006270	0.812009	0.417863	0.407471	-0.449517	0.893047	-0.020024	-0.372258	-0.166906	0.912999
65077	4.444136	-0.363385	9.259623	0.006169	-0.001778	-0.007928	0.812109	0.417510	0.407632	-0.449147	0.893233	-0.020062	-0.372487	-0.166794	0.912926
65078	4.378277	-0.369812	9.317757	0.008072	0.004668	-0.009119	0.812184	0.417417	0.407577	-0.449076	0.893271	-0.019956	-0.372407	-0.166825	0.912953
65079	4.439177	-0.296261	9.211063	0.014467	-0.006003	-0.013992	0.812102	0.417414	0.407746	-0.449152	0.893235	-0.019844	-0.372496	-0.167025	0.912880
65080	4.444551	-0.359315	9.259582	0.006130	-0.002042	-0.009456	0.812153	0.417306	0.407752	-0.449072	0.893277	-0.019754	-0.372479	-0.167067	0.912879
65081	4.370377	-0.343651	9.310278	0.015988	-0.005747	-0.014123	0.812090	0.417214	0.407973	-0.449046	0.893292	-0.019679	-0.372650	-0.167217	0.912782
65082	4.368360	-0.358284	9.264209	0.011015	-0.002493	-0.008086	0.812134	0.417119	0.407984	-0.448995	0.893320	-0.019551	-0.372615	-0.167305	0.912780
65083	4.445708	-0.256890	9.302343	0.019354	-0.006454	-0.012623	0.812159	0.416899	0.408158	-0.448847	0.893398	-0.019407	-0.372738	-0.167439	0.912705
65084	4.264582	-0.202479	9.267254	0.022798	-0.006632	-0.008067	0.812187	0.416796	0.408207	-0.448840	0.893406	-0.019171	-0.372685	-0.167649	0.912688
65085	4.466619	-0.385039	9.295847	0.004626	-0.019659	-0.009555	0.812433	0.416016	0.408513	-0.448024	0.893815	-0.019220	-0.373131	-0.167408	0.912550
65086	4.425161	-0.364800	9.238892	0.016923	-0.009669	-0.010370	0.812460	0.415887	0.408590	-0.447976	0.893843	-0.019029	-0.373129	-0.167579	0.912520
65087	4.475713	-0.322550	9.299045	0.012918	-0.020550	-0.005158	0.812376	0.415763	0.408884	-0.447924	0.893871	-0.018967	-0.373375	-0.167741	0.912389
65088	4.417036	-0.374400	9.294679	0.020521	-0.019267	-0.005813	0.812347	0.415658	0.409048	-0.447926	0.893874	-0.018761	-0.373435	-0.167983	0.912320
65089	4.455763	-0.334745	9.278366	0.021989	-0.026419	-0.003119	0.812114	0.415631	0.409538	-0.447999	0.893837	-0.018754	-0.373855	-0.168242	0.912100
65090	4.461916	-0.405275	9.303142	0.021458	-0.023187	-0.002059	0.812054	0.415554	0.409737	-0.448036	0.893823	-0.018555	-0.373943	-0.168509	0.912015
65091	4.427785	-0.324877	9.250086	0.027734	-0.031317	-0.001053	0.812155	0.414828	0.410270	-0.447350	0.894167	-0.018543	-0.374542	-0.168474	0.911776
65092	4.466936	-0.284636	9.233508	0.031194	-0.024350	-0.000858	0.812085	0.414759	0.410480	-0.447432	0.894131	-0.018261	-0.374597	-0.168832	0.911687
65093	4.442829	-0.332648	9.278123	0.028441	-0.026347	-0.000361	0.811556	0.415271	0.411008	-0.448124	0.893786	-0.018213	-0.374916	-0.169402	0.911450
65094	4.373610	-0.280399	9.263355	0.049137	-0.034070	0.006031	0.811417	0.415247	0.411305	-0.448330	0.893691	-0.017796	-0.374969	-0.169961	0.911324
65095	4.448797	-0.209255	9.207935	0.058419	-0.038607	0.015701	0.811430	0.414679	0.411853	-0.447922	0.893901	-0.017541	-0.375430	-0.170245	0.911081
65096	4.404745	-0.351988	9.236242	0.065567	-0.044050	0.013046	0.811223	0.414699	0.412240	-0.448246	0.893748	-0.017003	-0.375490	-0.170992	0.910917
65097	4.485237	-0.343674	9.229631	0.077583	-0.032581	0.011953	0.811057	0.414550	0.412716	-0.448383	0.893689	-0.016512	-0.375685	-0.171663	0.910710
65098	4.405064	-0.301239	9.272115	0.074792	-0.034846	0.010923	0.810894	0.414567	0.413020	-0.448724	0.893529	-0.015882	-0.375629	-0.172453	0.910584
65099	4.529319	-0.169440	9.166362	0.085194	-0.038441	0.015632	0.810600	0.414529	0.413634	-0.449010	0.893394	-0.015402	-0.375922	-0.173241	0.910313
65100	4.324291	-0.178177	9.287111	0.097344	-0.026170	0.019097	0.810432	0.414633	0.413858	-0.449502	0.893160	-0.014601	-0.375695	-0.174197	0.910224
65101	4.323732	-0.212383	9.327639	0.103627	-0.041435	0.024476	0.810320	0.414352	0.414361	-0.449596	0.893124	-0.013878	-0.375826	-0.175049	0.910007
65102	4.471736	-0.284191	9.242555	0.099841	-0.054321	0.026910	0.810011	0.414475	0.414840	-0.450161	0.892851	-0.013088	-0.375815	-0.176143	0.909800
65103	4.475725	-0.301280	9.328102	0.112353	-0.053500	0.027566	0.809545	0.414745	0.415479	-0.450927	0.892476	-0.012285	-0.375901	-0.177405	0.909520
65104	4.183682	-0.215640	9.419859	0.121335	-0.063928	0.039833	0.809142	0.414965	0.416045	-0.451677	0.892109	-0.011354	-0.375869	-0.178731	0.909273
65105	4.399126	-0.189905	9.293897	0.138531	-0.103654	0.047212	0.808395	0.415251	0.417209	-0.452605	0.891649	-0.010485	-0.376358	-0.180355	0.908750
65106	4.276156	0.112203	9.241648	0.211356	-0.153816	0.081284	0.807464	0.415676	0.418587	-0.454029	0.890942	-0.008912	-0.376642	-0.182855	0.908133
65107	4.358193	-0.710143	9.465183	0.123995	-0.127109	0.072668	0.806381	0.416307	0.420046	-0.455288	0.890305	-0.008343	-0.377442	-0.184514	0.907465
65108	4.342718	-0.187247	9.530081	0.182444	-0.197095	0.071664	0.805326	0.416558	0.421817	-0.456527	0.889682	-0.006997	-0.378198	-0.186936	0.906654
65109	4.175082	-0.458405	9.405965	0.149522	-0.236663	0.060228	0.804101	0.416599	0.424108	-0.457504	0.889187	-0.006024	-0.379620	-0.189187	0.905592
65110	4.015593	-0.192335	9.546864	0.158117	-0.356967	0.049263	0.802533	0.416336	0.427325	-0.458474	0.888695	-0.004810	-0.381764	-0.192057	0.904086
65111	3.983149	-0.325508	9.592635	0.154767	-0.413217	0.056150	0.800761	0.415703	0.431247	-0.459117	0.888367	-0.003834	-0.384699	-0.194923	0.902226
65112	4.193313	-0.288238	9.525684	0.174146	-0.518718	0.055927	0.798516	0.415158	0.435909	-0.460209	0.887807	-0.002514	-0.388047	-0.198602	0.899987
65113	4.137439	-0.236801	9.419039	0.191877	-0.612778	0.059988	0.795559	0.414783	0.441634	-0.461769	0.887000	-0.001242	-0.392244	-0.202945	0.897194
65114	4.115977	-0.101968	9.432698	0.213604	-0.711155	0.062794	0.792479	0.413859	0.447993	-0.463082	0.886315	0.000385	-0.396904	-0.207763	0.894037
65115	3.979004	-0.154710	9.529133	0.234099	-0.836997	0.064099	0.788870	0.412428	0.455617	-0.464231	0.885712	0.002030	-0.402709	-0.213113	0.890173
65116	4.179455	-0.266899	9.453312	0.248162	-0.976068	0.069656	0.784600	0.410915	0.464277	-0.465758	0.884904	0.003906	-0.409235	-0.219305	0.885682
65117	4.115240	-0.453299	9.327820	0.286090	-1.116666	0.052462	0.779555	0.408967	0.474384	-0.467400	0.884026	0.005958	-0.416931	-0.226372	0.880298
65118	4.275447	-0.311173	9.306346	0.356987	-1.282563	0.029767	0.774031	0.406253	0.485628	-0.469106	0.883097	0.008941	-0.425224	-0.234731	0.874120
65119	4.332795	-0.178318	9.218297	0.389639	-1.437860	0.019395	0.767618	0.403048	0.498312	-0.470976	0.882063	0.012072	-0.434678	-0.243960	0.866914
65120	4.534887	0.086968	9.259680	0.358406	-1.611264	0.012489	0.760486	0.399130	0.512208	-0.472620	0.881137	0.015096	-0.445300	-0.253560	0.858729
65121	4.388783	0.114715	9.747013	0.282432	-1.761333	0.035121	0.752364	0.394818	0.527321	-0.474058	0.880325	0.017249	-0.457403	-0.262958	0.849491
65122	3.934926	-0.185969	10.249421	0.125051	-2.032945	0.030037	0.742791	0.389625	0.544477	-0.474835	0.879888	0.018140	-0.472011	-0.272010	0.838580
65123	3.932394	-0.243421	10.374523	0.015045	-2.365134	0.010274	0.731048	0.383412	0.564415	-0.475204	0.879693	0.017915	-0.489643	-0.281309	0.825297
65124	3.667791	-0.061932	10.489574	-0.064708	-2.738336	0.000110	0.717379	0.375556	0.586792	-0.474852	0.879894	0.017382	-0.509787	-0.291109	0.809551
65125	3.454311	0.293061	10.561145	-0.113995	-3.178301	0.031109	0.700443	0.366573	0.612376	-0.474629	0.880039	0.016089	-0.533016	-0.301921	0.790403
65126	4.800748	0.653522	11.067230	-0.083067	-3.611358	0.119532	0.680184	0.356479	0.640525	-0.474972	0.879878	0.014692	-0.558347	-0.314225	0.767796
65127	5.876549	0.960499	11.224665	-0.222902	-3.835900	0.202225	0.657367	0.345715	0.669589	-0.474608	0.880122	0.011529	-0.585334	-0.325371	0.742642
65128	7.628065	1.363868	12.272653	-0.336271	-4.109386	0.309312	0.631282	0.334820	0.699556	-0.474556	0.880198	0.006962	-0.613417	-0.336374	0.714544
65129	9.765781	1.500267	14.052870	-0.614312	-4.274628	0.424809	0.601949	0.324310	0.729712	-0.473605	0.880737	-0.000748	-0.642927	-0.345145	0.683754
65130	11.659986	-0.064419	13.564202	-0.733223	-4.152280	0.377432	0.572905	0.313145	0.757443	-0.470976	0.882105	-0.008452	-0.670791	-0.351895	0.652847
65131	11.208666	-0.766087	12.752772	-0.496725	-4.035990	0.264573	0.543438	0.301733	0.783347	-0.469925	0.882596	-0.013957	-0.695590	-0.360529	0.621428
65132	10.209972	-0.946068	11.738539	-0.161980	-3.801058	0.191157	0.515717	0.289510	0.806362	-0.469765	0.882638	-0.016453	-0.716489	-0.370316	0.591193
65133	8.110462	-0.241683	10.649771	0.183979	-3.690964	0.217605	0.487064	0.278211	0.827869	-0.473205	0.880777	-0.017588	-0.734061	-0.383185	0.560646
65134	6.391134	0.636810	9.730407	0.270528	-3.583907	0.328151	0.458930	0.267129	0.847363	-0.476737	0.878844	-0.018854	-0.749736	-0.395317	0.530679
65135	4.915025	0.901526	9.342162	0.205350	-3.526164	0.504462	0.429436	0.257738	0.865538	-0.481022	0.876424	-0.022321	-0.764331	-0.406758	0.500346
65136	2.411909	1.010371	9.046925	0.074253	-3.388624	0.755252	0.399671	0.250391	0.881798	-0.484700	0.874214	-0.028550	-0.778029	-0.415997	0.470762
65137	-2.273749	0.335327	10.419092	0.005595	-2.988649	1.056548	0.370844	0.247292	0.895166	-0.489188	0.871348	-0.038054	-0.789411	-0.423792	0.444106
65138	6.324566	-1.024398	13.269416	0.195902	-2.667046	1.135351	0.344105	0.245735	0.906204	-0.494776	0.867726	-0.047424	-0.797990	-0.432049	0.420172
65139	11.787461	-0.834448	16.979218	0.265895	0.163978	1.264482	0.339078	0.257524	0.904825	-0.501337	0.863317	-0.057837	-0.796045	-0.434011	0.421838
65140	-0.097619	-1.965021	13.620526	0.444809	1.721716	1.286455	0.346230	0.276046	0.896618	-0.509243	0.857972	-0.067503	-0.787906	-0.433224	0.437630
65141	-4.723061	0.278205	10.653842	0.807136	2.454119	1.139943	0.359556	0.296595	0.884732	-0.519722	0.851115	-0.074110	-0.774990	-0.433168	0.460170
65142	-6.203002	1.599547	8.246497	0.810936	2.416055	0.912122	0.373356	0.314774	0.872653	-0.529271	0.844832	-0.078296	-0.761891	-0.432638	0.482024
65143	-4.405045	1.814843	9.028139	0.644473	2.512816	0.751593	0.388337	0.332164	0.859571	-0.537202	0.839487	-0.081706	-0.748738	-0.430034	0.504442
65144	-2.403821	0.596914	9.917208	0.531604	2.804539	0.609731	0.405863	0.349244	0.844573	-0.543542	0.835154	-0.084148	-0.734737	-0.424908	0.528786
65145	-1.161845	-0.519285	10.112131	0.589277	3.230052	0.463237	0.426796	0.366984	0.826540	-0.549987	0.830847	-0.084903	-0.717886	-0.418350	0.556438
65146	-0.709668	-1.076020	10.158419	0.755436	3.635532	0.339104	0.450672	0.384856	0.805469	-0.556797	0.826456	-0.083347	-0.697762	-0.410921	0.586748
65147	-0.472313	-1.218594	10.047911	0.875144	3.927375	0.275091	0.476065	0.403414	0.781421	-0.564351	0.821616	-0.080345	-0.674440	-0.402746	0.618810
65148	0.283847	-1.509824	9.941897	0.930828	4.088798	0.278916	0.501562	0.421966	0.755235	-0.571851	0.816776	-0.076576	-0.649171	-0.393474	0.650965
65149	1.443989	-1.964483	10.348164	0.953642	4.168127	0.305871	0.526257	0.441008	0.727025	-0.579792	0.811525	-0.072584	-0.622009	-0.383325	0.682764
65150	2.950598	-2.477923	11.166686	1.007206	4.232154	0.339339	0.550015	0.459734	0.697229	-0.587715	0.806208	-0.067968	-0.593359	-0.372388	0.713619
65151	5.359844	-2.886754	12.268292	1.110833	4.344954	0.363848	0.572894	0.478996	0.665097	-0.596511	0.800171	-0.062458	-0.562109	-0.360956	0.744140
65152	7.335244	-2.677418	12.819479	1.233121	4.576343	0.392080	0.595502	0.498343	0.630104	-0.605500	0.793898	-0.055636	-0.527965	-0.348397	0.774515
65153	8.517793	-2.536262	13.170910	1.388399	4.840512	0.388340	0.617655	0.518382	0.591424	-0.615270	0.786905	-0.047162	-0.489842	-0.334755	0.804981
65154	8.941088	-1.645541	13.623059	1.393564	5.009246	0.350230	0.639039	0.537498	0.550204	-0.623996	0.780515	-0.037745	-0.449731	-0.319205	0.834177
65155	8.936091	-1.227410	13.632353	1.348287	5.085089	0.267746	0.659019	0.555810	0.506723	-0.631862	0.774581	-0.027847	-0.407976	-0.301827	0.861659
65156	7.745215	-0.887741	12.796704	1.228768	5.022834	0.145446	0.677569	0.571612	0.462774	-0.637572	0.770184	-0.017821	-0.366608	-0.282977	0.886297
65157	6.876670	-0.010935	12.079758	1.085615	4.670671	-0.013216	0.693692	0.584711	0.420600	-0.641571	0.767020	-0.008161	-0.327381	-0.264184	0.907209
65158	7.023452	1.140600	12.773613	0.891761	4.088247	-0.216290	0.707780	0.593490	0.383168	-0.642802	0.766032	0.000861	-0.293009	-0.246910	0.923678
65159	11.651222	0.823325	16.287122	0.692864	3.446802	-0.601776	0.721051	0.597524	0.350785	-0.640748	0.767693	0.009400	-0.263679	-0.231543	0.936409
65160	14.476113	10.348776	22.288905	-0.782594	0.810354	-0.213054	0.724561	0.597705	0.343163	-0.637129	0.770752	0.002785	-0.262829	-0.220657	0.939272
65161	29.947447	-7.338447	-2.152233	-2.201392	2.567126	-0.696703	0.735485	0.597889	0.318734	-0.626584	0.779194	-0.015778	-0.257789	-0.188109	0.947713
65162	28.889134	-13.570214	-3.571585	-2.094810	1.862304	-0.175907	0.741390	0.599748	0.301070	-0.619872	0.783915	-0.035157	-0.257099	-0.160560	0.952954
65163	23.523385	-13.831339	-7.539521	-0.068109	1.507855	-0.192198	0.746256	0.600812	0.286578	-0.618452	0.785027	-0.035348	-0.246209	-0.150856	0.957405
65164	26.361493	-1.948047	-11.194195	0.189214	0.877636	0.086640	0.747861	0.602786	0.278125	-0.619539	0.784238	-0.033795	-0.238488	-0.147035	0.959950
65165	21.317501	-0.328904	-15.746854	-0.671219	-0.136356	1.007519	0.741185	0.610583	0.278985	-0.625511	0.779021	-0.043147	-0.243680	-0.142528	0.959326
65166	17.486207	-4.115675	-18.110996	-0.576280	-1.562617	0.979713	0.731117	0.615911	0.293467	-0.631257	0.773863	-0.051483	-0.258812	-0.147613	0.954582
65167	7.594020	-6.436979	-5.651518	-0.371517	-2.138558	0.870117	0.719857	0.619364	0.313361	-0.636562	0.769061	-0.057744	-0.276758	-0.157907	0.947877
65168	0.297183	-9.237697	15.833547	1.061978	-3.061197	-0.275163	0.712919	0.611988	0.342370	-0.637592	0.768949	-0.046840	-0.291931	-0.184899	0.938397
65169	11.389635	1.446132	23.147037	2.188457	-2.557101	-0.918182	0.711211	0.599813	0.366610	-0.637495	0.770103	-0.023252	-0.296274	-0.217175	0.930084
65170	25.420612	1.156459	13.650934	1.776829	-2.083278	-1.666360	0.715584	0.582124	0.386097	-0.630884	0.775877	-0.000534	-0.299875	-0.243200	0.922458
65171	19.240846	22.291538	21.638314	-0.320505	0.089544	0.015557	0.715744	0.582430	0.385339	-0.629987	0.776597	-0.003644	-0.301376	-0.240151	0.922768
65172	-3.861412	-0.549881	4.362977	-1.739101	0.057588	0.725171	0.711367	0.588184	0.384704	-0.629809	0.776424	-0.022498	-0.311927	-0.226285	0.922766
65173	7.368722	-10.236783	10.055991	-0.228336	-0.844729	-0.191624	0.709939	0.584672	0.392613	-0.627627	0.778147	-0.023900	-0.319485	-0.229447	0.919393
65174	4.396888	1.133223	9.141761	0.994907	-0.240314	-0.172588	0.710276	0.582756	0.394845	-0.629538	0.776842	-0.014091	-0.314945	-0.238561	0.918639
65175	5.680001	1.534537	11.663190	-0.421321	-0.301844	-0.014669	0.709431	0.581840	0.397705	-0.628007	0.778000	-0.017962	-0.319866	-0.237019	0.917337
65176	4.975006	-2.850400	8.039801	-0.171835	-0.219333	-0.027428	0.708913	0.581095	0.399713	-0.627241	0.778583	-0.019442	-0.322507	-0.236933	0.916434
65177	4.989887	0.055232	10.388216	0.037829	-0.153202	-0.043242	0.708709	0.580308	0.401215	-0.626965	0.778816	-0.018986	-0.323490	-0.238092	0.915787
65178	4.569377	-0.894867	9.111158	-0.076379	-0.129712	-0.034536	0.708520	0.579719	0.402400	-0.626452	0.779214	-0.019561	-0.324896	-0.238226	0.915255
65179	4.462772	-0.595684	9.630710	-0.053659	-0.105044	-0.038307	0.708439	0.579082	0.403458	-0.625914	0.779637	-0.019957	-0.326108	-0.238391	0.914780
65180	4.480693	-0.695003	9.452616	-0.011461	-0.142916	-0.041642	0.708247	0.578404	0.404765	-0.625561	0.779921	-0.019907	-0.327199	-0.239106	0.914204
65181	4.278763	-0.464716	9.398123	-0.031958	-0.141592	-0.041863	0.708062	0.577655	0.406157	-0.625071	0.780310	-0.020093	-0.328535	-0.239650	0.913582
65182	4.690399	-0.274604	9.255277	-0.013639	-0.116262	-0.040738	0.707948	0.577046	0.407219	-0.624717	0.780594	-0.020066	-0.329451	-0.240191	0.913110
65183	4.549634	-0.168470	9.195742	-0.032508	-0.089469	-0.032210	0.707873	0.576493	0.408132	-0.624290	0.780929	-0.020293	-0.330421	-0.240428	0.912697
65184	4.512446	-0.354604	9.226480	-0.040138	-0.049577	-0.025717	0.707884	0.576161	0.408582	-0.623955	0.781190	-0.020568	-0.331030	-0.240376	0.912490
65185	4.516353	-0.396722	9.322839	-0.030968	-0.045333	-0.024204	0.707901	0.575778	0.409091	-0.623591	0.781473	-0.020813	-0.331677	-0.240372	0.912256
65186	4.604265	-0.496238	9.299881	-0.017119	-0.023599	-0.023541	0.707984	0.575526	0.409303	-0.623347	0.781666	-0.020887	-0.331959	-0.240350	0.912159
65187	4.267152	-0.448225	9.268666	-0.015129	-0.008993	-0.022009	0.708111	0.575243	0.409480	-0.623047	0.781903	-0.020997	-0.332252	-0.240257	0.912077
65188	4.012655	-0.392785	9.276942	-0.014553	-0.038210	-0.027017	0.708167	0.574928	0.409827	-0.622786	0.782109	-0.021033	-0.332622	-0.240340	0.911921
65189	4.511357	-0.342933	9.266999	-0.027145	-0.071906	-0.025323	0.708102	0.574471	0.410578	-0.622425	0.782391	-0.021239	-0.333434	-0.240514	0.911578
65190	4.424470	-0.233774	9.254423	-0.024163	-0.046964	-0.019723	0.708083	0.574192	0.411002	-0.622184	0.782579	-0.021392	-0.333924	-0.240572	0.911383
65191	4.506995	-0.393508	9.285135	-0.032674	-0.040021	-0.020451	0.708092	0.573852	0.411462	-0.621841	0.782844	-0.021668	-0.334544	-0.240521	0.911169
65192	4.402883	-0.529289	9.276532	-0.017968	-0.046544	-0.020326	0.708076	0.573568	0.411882	-0.621616	0.783019	-0.021762	-0.334994	-0.240624	0.910977
65193	4.521927	-0.449457	9.277226	-0.012307	-0.039828	-0.020606	0.708089	0.573224	0.412339	-0.621337	0.783239	-0.021851	-0.335486	-0.240729	0.910768
65194	4.497248	-0.430137	9.270861	0.003729	-0.042938	-0.019729	0.708082	0.572954	0.412727	-0.621189	0.783359	-0.021749	-0.335775	-0.240981	0.910595
65195	4.452665	-0.321902	9.228137	-0.000267	-0.032058	-0.018495	0.708105	0.572647	0.413114	-0.620966	0.783536	-0.021739	-0.336138	-0.241136	0.910420
65196	4.353469	-0.435648	9.264654	0.007951	-0.029949	-0.011769	0.708091	0.572471	0.413381	-0.620889	0.783600	-0.021632	-0.336309	-0.241347	0.910301
65197	4.353826	-0.288184	9.225903	0.013716	-0.032913	-0.021054	0.708126	0.572142	0.413776	-0.620696	0.783757	-0.021483	-0.336591	-0.241616	0.910125
65198	4.482571	-0.324018	9.196997	0.005455	-0.038267	-0.012989	0.708092	0.571936	0.414120	-0.620602	0.783834	-0.021394	-0.336837	-0.241855	0.909971
65199	4.364576	-0.307731	9.232368	0.001739	-0.015325	-0.014255	0.708146	0.571701	0.414352	-0.620415	0.783982	-0.021381	-0.337069	-0.241929	0.909865
65200	4.302625	-0.215918	9.226378	-0.011307	-0.029505	-0.016524	0.708163	0.571488	0.414617	-0.620239	0.784120	-0.021430	-0.337356	-0.241986	0.909744
65201	4.403929	-0.341390	9.132418	-0.028181	-0.011060	-0.011053	0.708209	0.571290	0.414810	-0.619976	0.784321	-0.021702	-0.337742	-0.241802	0.909649
65202	4.277078	-0.282308	9.283383	-0.025943	-0.035920	-0.010845	0.708169	0.571106	0.415132	-0.619791	0.784461	-0.021907	-0.338166	-0.241781	0.909498
65203	4.491648	-0.378326	9.267412	-0.033892	-0.033151	-0.009177	0.708125	0.570874	0.415526	-0.619525	0.784662	-0.022241	-0.338744	-0.241679	0.909309
65204	4.515401	-0.387482	9.238918	-0.032245	-0.032730	-0.007834	0.708077	0.570721	0.415818	-0.619339	0.784801	-0.022516	-0.339185	-0.241590	0.909169
65205	4.512071	-0.605720	9.306757	-0.036128	-0.025472	-0.008993	0.708062	0.570503	0.416142	-0.619060	0.785011	-0.022871	-0.339724	-0.241423	0.909012
65206	4.514700	-0.607606	9.305359	-0.015844	-0.029505	-0.014589	0.708067	0.570305	0.416407	-0.618882	0.785148	-0.022968	-0.340040	-0.241444	0.908888
65207	4.446606	-0.618058	9.318138	-0.007733	-0.033767	-0.015973	0.708061	0.570019	0.416807	-0.618658	0.785323	-0.023036	-0.340459	-0.241550	0.908703
65208	4.393037	-0.423983	9.292797	0.011580	-0.042075	-0.019050	0.708050	0.569755	0.417187	-0.618541	0.785420	-0.022865	-0.340694	-0.241858	0.908533
65209	4.514358	-0.372434	9.279858	0.035537	-0.057245	-0.011709	0.707947	0.569435	0.417798	-0.618482	0.785475	-0.022558	-0.341015	-0.242431	0.908260
65210	4.492724	-0.381458	9.260167	0.043151	-0.053088	-0.010073	0.707842	0.569214	0.418276	-0.618537	0.785444	-0.022137	-0.341133	-0.243049	0.908050
65211	4.474029	-0.380065	9.262742	0.049501	-0.054154	-0.010400	0.707732	0.568923	0.418859	-0.618548	0.785447	-0.021707	-0.341341	-0.243722	0.907792
65212	4.418650	-0.347253	9.229777	0.052859	-0.055119	-0.008924	0.707613	0.568705	0.419354	-0.618644	0.785385	-0.021204	-0.341413	-0.244427	0.907575
65213	4.384823	-0.360626	9.268307	0.059853	-0.062164	-0.008082	0.707456	0.568416	0.420010	-0.618712	0.785345	-0.020693	-0.341615	-0.245226	0.907283
65214	4.360627	-0.303692	9.274236	0.067130	-0.074327	-0.009353	0.707274	0.568147	0.420680	-0.618854	0.785250	-0.020058	-0.341735	-0.246153	0.906987
65215	4.376694	-0.382671	9.254245	0.074090	-0.083502	-0.011212	0.707068	0.567775	0.421528	-0.618943	0.785196	-0.019405	-0.342000	-0.247182	0.906608
65216	4.395457	-0.419651	9.268728	0.067697	-0.103888	-0.015872	0.706825	0.567381	0.422466	-0.619042	0.785135	-0.018738	-0.342324	-0.248280	0.906185
65217	4.546142	-0.433971	9.199726	0.075786	-0.110289	-0.019977	0.706591	0.566859	0.423556	-0.619062	0.785135	-0.018033	-0.342771	-0.249465	0.905690
65218	4.496999	-0.356589	9.199539	0.076820	-0.107838	-0.023725	0.706382	0.566391	0.424530	-0.619136	0.785094	-0.017251	-0.343067	-0.250656	0.905249
65219	4.635674	-0.293920	9.124549	0.081538	-0.109336	-0.025413	0.706170	0.565843	0.425612	-0.619157	0.785094	-0.016471	-0.343466	-0.251890	0.904756
65220	4.591816	-0.196453	9.168834	0.073176	-0.084587	-0.023532	0.706039	0.565432	0.426375	-0.619221	0.785059	-0.015722	-0.343620	-0.252920	0.904410
65221	4.636145	-0.293644	9.153309	0.068388	-0.064101	-0.021088	0.705956	0.565029	0.427047	-0.619226	0.785068	-0.015081	-0.343782	-0.253792	0.904104
65222	4.522311	-0.427269	9.204981	0.055697	-0.061981	-0.020387	0.705883	0.564698	0.427604	-0.619252	0.785058	-0.014504	-0.343884	-0.254556	0.903850
65223	4.566917	-0.246057	9.144416	0.073010	-0.069874	-0.028169	0.705827	0.564220	0.428328	-0.619218	0.785098	-0.013792	-0.344061	-0.255494	0.903518
65224	4.482031	-0.242465	9.183787	0.054239	-0.067868	-0.025313	0.705764	0.563834	0.428938	-0.619204	0.785119	-0.013207	-0.344214	-0.256279	0.903237
65225	4.480378	-0.304991	9.213640	0.070647	-0.073935	-0.023974	0.705664	0.563382	0.429697	-0.619198	0.785135	-0.012532	-0.344430	-0.257224	0.902886
65226	4.714149	-0.300707	9.204651	0.078443	-0.086628	-0.020461	0.705506	0.562985	0.430475	-0.619302	0.785065	-0.011749	-0.344565	-0.258305	0.902526
65227	4.457005	-0.381369	9.201000	0.090706	-0.078171	-0.015516	0.705329	0.562598	0.431271	-0.619440	0.784968	-0.010929	-0.344682	-0.259438	0.902156
65228	4.461483	-0.306485	9.222852	0.128739	-0.096270	-0.013665	0.705096	0.562228	0.432134	-0.619765	0.784727	-0.009722	-0.344574	-0.260967	0.901757
65229	4.496693	-0.247560	9.247816	0.150386	-0.119723	-0.007597	0.704741	0.561773	0.433302	-0.620141	0.784445	-0.008404	-0.344623	-0.262785	0.901210
65230	4.531094	-0.270967	9.202414	0.182398	-0.149343	0.001948	0.704228	0.561382	0.434641	-0.620762	0.783970	-0.006783	-0.344554	-0.265032	0.900578
65231	4.423432	-0.329063	9.277404	0.200287	-0.173170	0.000579	0.703642	0.560842	0.436284	-0.621367	0.783504	-0.005046	-0.344660	-0.267541	0.899795
65232	4.508803	-0.309587	9.231532	0.226750	-0.217485	0.002765	0.702890	0.560266	0.438233	-0.622146	0.782895	-0.003033	-0.344790	-0.270514	0.898856
65233	4.448816	-0.254215	9.219091	0.245383	-0.243337	0.006467	0.702007	0.559589	0.440506	-0.622968	0.782247	-0.000929	-0.345104	-0.273769	0.897749
65234	4.370612	-0.205274	9.322154	0.284769	-0.303035	0.012284	0.700898	0.558837	0.443219	-0.624016	0.781410	0.001558	-0.345465	-0.277668	0.896412
65235	4.081470	-0.236882	9.417090	0.282552	-0.373285	0.016671	0.699503	0.557855	0.446646	-0.625037	0.780585	0.003945	-0.346445	-0.281930	0.894702
65236	4.209794	-0.069134	9.425859	0.276792	-0.487923	0.021739	0.697687	0.556624	0.451001	-0.626128	0.779695	0.006307	-0.348133	-0.286785	0.892501
65237	4.135771	-0.295616	9.273591	0.293867	-0.577210	0.025244	0.695519	0.555078	0.456226	-0.627252	0.778767	0.008744	-0.350441	-0.292250	0.889821
65238	4.101560	-0.111100	9.464920	0.359522	-0.697443	0.025611	0.692919	0.553203	0.462418	-0.628673	0.777580	0.011806	-0.353036	-0.298890	0.886584
65239	4.248638	-0.044159	9.346202	0.340791	-0.845959	0.021013	0.689762	0.550768	0.469982	-0.629985	0.776469	0.014651	-0.356857	-0.306188	0.882554
65240	4.347000	-0.170944	9.190184	0.366820	-0.944034	0.019024	0.686268	0.547974	0.478290	-0.631411	0.775244	0.017778	-0.361050	-0.314198	0.878022
65241	4.380603	-0.048805	9.254085	0.391169	-1.057373	0.014257	0.682330	0.544656	0.487622	-0.632861	0.773979	0.021057	-0.365941	-0.322965	0.872801
65242	4.089200	0.052218	9.457941	0.428728	-1.195098	0.016415	0.677834	0.540852	0.498015	-0.634532	0.772502	0.024694	-0.371363	-0.332745	0.866817
65243	3.849560	0.196185	9.606781	0.447846	-1.415055	0.015873	0.672412	0.536144	0.510305	-0.636263	0.770949	0.028397	-0.378195	-0.343783	0.859524
65244	3.826808	0.138243	9.614062	0.446078	-1.686513	0.025256	0.665816	0.530424	0.524729	-0.638116	0.769272	0.032069	-0.386649	-0.356190	0.850665
65245	3.800279	-0.319960	9.667495	0.462038	-1.996859	0.009108	0.657938	0.523178	0.541667	-0.639906	0.767616	0.035850	-0.397036	-0.370203	0.839828
65246	3.412169	-0.259363	10.447655	0.423096	-2.346513	-0.019821	0.648614	0.514146	0.561207	-0.641461	0.766139	0.039475	-0.409667	-0.385597	0.826733
65247	2.938474	-0.277691	10.928627	0.329174	-2.814283	-0.058055	0.637179	0.502614	0.584280	-0.642453	0.765150	0.042415	-0.425743	-0.402398	0.810443
65248	2.653167	-0.359932	11.217612	0.278184	-3.357853	-0.070688	0.623025	0.488234	0.611120	-0.643197	0.764374	0.045056	-0.445127	-0.421141	0.790255
65249	3.938678	-0.418581	11.105104	0.247611	-3.855745	-0.096761	0.606013	0.470871	0.641115	-0.643721	0.763784	0.047510	-0.467302	-0.441491	0.765973
65250	4.801314	-0.305980	10.179770	0.216497	-4.203464	-0.126740	0.586700	0.450890	0.672667	-0.643980	0.763409	0.049965	-0.490992	-0.462498	0.738256
65251	6.695267	0.134731	10.277583	0.274956	-4.593162	-0.137168	0.564404	0.428123	0.705804	-0.644581	0.762710	0.052805	-0.515717	-0.484751	0.706436
65252	7.659548	0.399058	10.613187	0.098130	-4.747036	-0.140593	0.540231	0.403537	0.738450	-0.644300	0.762829	0.054494	-0.541321	-0.505222	0.672103
65253	11.435760	1.163005	12.677332	0.069669	-4.896363	-0.155858	0.514027	0.377182	0.770396	-0.643900	0.763055	0.056038	-0.566718	-0.524862	0.635098
65254	14.013867	-0.771526	13.172968	-0.334581	-4.656726	-0.255880	0.488697	0.350434	0.798981	-0.640654	0.765786	0.055981	-0.592232	-0.539228	0.598744
65255	12.568895	-2.672201	11.766655	-0.129548	-4.343828	-0.540274	0.465857	0.322649	0.823939	-0.637335	0.768286	0.059495	-0.613825	-0.552841	0.563547
65256	11.010213	-1.991108	11.438907	0.325304	-4.118974	-0.801205	0.445341	0.293392	0.845927	-0.635685	0.768951	0.067964	-0.630536	-0.568010	0.528950
65257	9.464174	-0.813633	10.968918	0.550011	-3.980765	-0.893650	0.425572	0.263695	0.865652	-0.635357	0.768235	0.078334	-0.644368	-0.583335	0.494480
65258	7.985258	0.900764	10.589159	0.470457	-3.831876	-0.805713	0.405763	0.234889	0.883280	-0.635046	0.767488	0.087632	-0.657323	-0.596481	0.460584
65259	6.491468	2.309952	10.223774	0.125478	-3.796220	-0.584210	0.384174	0.207707	0.899593	-0.633651	0.767974	0.093285	-0.671488	-0.605866	0.426650
65260	4.994568	2.861083	9.811159	-0.354557	-3.796222	-0.333575	0.360492	0.182039	0.914826	-0.629975	0.770799	0.094866	-0.687878	-0.610517	0.392547
65261	2.761490	3.012361	9.292646	-0.879796	-3.694127	-0.072609	0.335148	0.159076	0.928639	-0.623687	0.776227	0.092122	-0.706180	-0.610054	0.359365
65262	-1.503832	-0.336989	10.978924	-1.217521	-3.405474	0.535824	0.307474	0.142540	0.940820	-0.616673	0.782839	0.082933	-0.724689	-0.605678	0.328603
65263	10.040899	-6.737425	14.121299	-0.737004	-3.425708	1.587814	0.272586	0.134432	0.952693	-0.616015	0.785008	0.065485	-0.739069	-0.604723	0.296794
65264	15.637424	-3.330425	18.810922	-0.537161	-0.321319	2.310134	0.255964	0.150619	0.954880	-0.618116	0.784971	0.041873	-0.743247	-0.600944	0.294025
65265	1.606149	-1.247932	14.637846	-0.342454	1.301198	2.815605	0.248129	0.180725	0.951720	-0.622870	0.782203	0.013858	-0.741934	-0.596236	0.306655
65266	-3.707964	1.390964	11.902326	-0.150786	1.964157	2.977225	0.244042	0.215593	0.945496	-0.629058	0.777216	-0.014855	-0.738058	-0.591147	0.325294
65267	-2.929063	4.709915	11.244577	-0.055888	1.899548	2.601373	0.241543	0.247223	0.938370	-0.635215	0.771314	-0.039702	-0.733593	-0.586477	0.343346
65268	-1.267473	6.498434	11.529127	-0.359794	2.227646	2.181564	0.243980	0.276972	0.929387	-0.637855	0.767710	-0.061342	-0.730489	-0.577848	0.363974
65269	0.224318	6.517921	11.849315	-0.646609	2.796891	1.665926	0.253717	0.306054	0.917583	-0.637567	0.766302	-0.079304	-0.727417	-0.564900	0.389554
65270	0.310920	5.628027	11.120007	-0.789168	3.398427	1.125580	0.271229	0.333588	0.902859	-0.634774	0.767113	-0.092739	-0.723531	-0.547957	0.419815
65271	-0.132521	4.576452	10.236830	-0.746409	3.831416	0.609248	0.294947	0.359246	0.885409	-0.631427	0.768754	-0.101574	-0.717152	-0.529112	0.453579
65272	0.103554	3.711161	9.684696	-0.593780	4.091913	0.154329	0.323158	0.381675	0.865964	-0.627648	0.771285	-0.105721	-0.708256	-0.509356	0.488804
65273	1.066099	3.031980	9.780320	-0.426878	4.278481	-0.196043	0.354399	0.401902	0.844320	-0.624317	0.773901	-0.106329	-0.696154	-0.489440	0.525184
65274	2.394119	2.575653	10.211355	-0.285769	4.461848	-0.446554	0.387931	0.419812	0.820529	-0.620667	0.777124	-0.104165	-0.681383	-0.468866	0.562034
65275	3.510704	1.952602	10.719610	-0.241726	4.670689	-0.570102	0.422829	0.437171	0.793787	-0.617081	0.780380	-0.101085	-0.663647	-0.447089	0.599737
65276	4.414156	0.728221	10.876968	-0.202394	4.867544	-0.566794	0.458149	0.453927	0.764231	-0.613237	0.783805	-0.097924	-0.643459	-0.423791	0.637465
65277	5.131627	-0.524971	10.724073	-0.110223	5.019549	-0.422402	0.492383	0.471721	0.731463	-0.610902	0.785912	-0.095608	-0.619966	-0.399777	0.675145
65278	5.893145	-1.592606	10.709223	0.075732	5.088561	-0.160800	0.524263	0.490186	0.696323	-0.610521	0.786409	-0.093941	-0.593643	-0.375870	0.711554
65279	6.691433	-2.076303	10.763021	0.332319	5.108310	0.149211	0.552817	0.510439	0.658670	-0.613632	0.784137	-0.092653	-0.563781	-0.352961	0.746706
65280	7.012612	-2.020484	10.503689	0.592861	5.055500	0.452784	0.577732	0.531269	0.619660	-0.619417	0.779766	-0.091032	-0.531553	-0.331236	0.779573
65281	7.125235	-1.497627	10.773061	0.839560	4.883154	0.661561	0.598588	0.552569	0.579965	-0.628015	0.773157	-0.088455	-0.497282	-0.311279	0.809825
65282	7.982723	-0.689961	11.889908	0.995377	4.648075	0.766367	0.616067	0.572500	0.541023	-0.637429	0.765855	-0.084567	-0.462759	-0.292764	0.836745
65283	9.901775	-0.500664	13.856495	1.096436	4.484314	0.787096	0.630797	0.591690	0.501994	-0.647594	0.757829	-0.079482	-0.427454	-0.274951	0.861211
65284	13.313158	-1.301187	16.054795	1.285099	4.573965	0.722131	0.644793	0.609299	0.461516	-0.657434	0.750087	-0.071760	-0.389900	-0.257146	0.884225
65285	14.304128	-1.295971	16.319635	1.595741	5.012532	0.622518	0.658925	0.626786	0.415881	-0.667719	0.741967	-0.060300	-0.346365	-0.237958	0.907418
65286	13.065480	-0.502553	15.866715	1.893276	5.304230	0.409717	0.673285	0.641907	0.366937	-0.676536	0.735062	-0.044532	-0.298307	-0.218264	0.929179
65287	12.273461	-0.259277	15.290273	2.001164	5.314701	0.106557	0.686878	0.654141	0.316699	-0.683041	0.729909	-0.026202	-0.248301	-0.198321	0.948164
65288	-1.019836	10.344008	21.505291	1.545446	2.726164	0.139420	0.692303	0.660464	0.290697	-0.687598	0.725993	-0.011924	-0.218919	-0.191627	0.956741
65289	23.533861	-1.920952	-5.599170	-1.754725	2.625173	-0.722106	0.702688	0.660176	0.265324	-0.679068	0.733584	-0.026841	-0.212357	-0.161312	0.963786
65290	17.492764	-8.519922	1.162970	-0.858748	1.847195	-0.536979	0.710187	0.659024	0.247633	-0.673467	0.738445	-0.033781	-0.205125	-0.142782	0.968265
65291	22.213573	-13.736803	2.852072	0.862533	1.790144	-0.733148	0.718452	0.656365	0.230244	-0.670140	0.741855	-0.023734	-0.186386	-0.137244	0.972843
65292	26.662231	-10.335576	2.220203	1.307600	1.928962	-0.820434	0.727322	0.652874	0.211561	-0.666484	0.745463	-0.009192	-0.163712	-0.134316	0.977322
65293	24.065577	1.580387	-4.117735	1.276760	1.801734	-0.797758	0.735251	0.649499	0.193795	-0.662757	0.748819	0.004825	-0.141984	-0.131987	0.981030
65294	20.570334	6.622404	-9.928841	-0.297198	0.976512	-0.118088	0.737404	0.649853	0.184193	-0.661460	0.749978	0.002107	-0.136771	-0.123390	0.982888
