// General information: 
//  MT Manager version: 2022.2.0 
//  XDA version: 2022.2.0 build 7381 rev 124627 built on 2023-07-19
// Device information: 
//  DeviceId: 00B4CB9F
//  ProductCode: MTW2-3A7G6
//  Firmware Version: 4.6.0
//  Hardware Version: 2.0.0
// Device settings: 
//  Filter Profile: human(46.1)
//  Option Flags: Orientation Smoother Disabled, Position/Velocity Smoother Disabled, Continuous Zero Rotation Update Disabled, AHS Disabled, ICC Disabled
// Coordinate system: ENU
PacketCounter	Acc_X	Acc_Y	Acc_Z	Gyr_X	Gyr_Y	Gyr_Z	Mat[1][1]	Mat[2][1]	Mat[3][1]	Mat[1][2]	Mat[2][2]	Mat[3][2]	Mat[1][3]	Mat[2][3]	Mat[3][3]
12755	9.446748	-0.115812	2.044357	-0.105856	-0.004224	-0.010051	0.051569	0.171177	0.983890	-0.871802	0.488283	-0.039257	-0.487137	-0.855733	0.174413
12756	9.533677	-0.214492	1.773852	-0.148728	-0.024030	-0.022730	0.051597	0.170848	0.983946	-0.871078	0.489568	-0.039328	-0.488427	-0.855064	0.174082
12757	9.613041	-0.343772	1.597127	-0.175470	-0.027214	-0.026419	0.051617	0.170480	0.984008	-0.870233	0.491060	-0.039428	-0.489928	-0.854282	0.173705
12758	9.577452	-0.607867	1.446981	-0.186180	-0.022438	-0.021407	0.051629	0.170175	0.984060	-0.869340	0.492627	-0.039581	-0.491510	-0.853440	0.173374
12759	9.649705	-0.715864	1.318845	-0.181426	-0.033921	-0.026998	0.051619	0.169748	0.984135	-0.868461	0.494167	-0.039684	-0.493064	-0.852634	0.172928
12760	9.672114	-0.715673	1.340820	-0.165004	-0.040919	-0.023164	0.051552	0.169282	0.984219	-0.867663	0.495558	-0.039787	-0.494473	-0.851919	0.172427
12761	9.716536	-0.689382	1.367011	-0.132002	-0.040751	-0.018195	0.051432	0.168840	0.984301	-0.867028	0.496661	-0.039890	-0.495598	-0.851364	0.171933
12762	9.732134	-0.643043	1.416604	-0.093069	-0.046910	-0.011006	0.051251	0.168366	0.984391	-0.866557	0.497475	-0.039970	-0.496440	-0.850983	0.171395
12763	9.771959	-0.595126	1.468738	-0.038087	-0.049381	0.002561	0.050907	0.167954	0.984480	-0.866397	0.497742	-0.040115	-0.496755	-0.850908	0.170853
12764	9.763624	-0.525194	1.493416	0.025648	-0.052359	0.011135	0.050483	0.167557	0.984569	-0.866564	0.497442	-0.040224	-0.496506	-0.851161	0.170311
12765	9.728276	-0.511919	1.585004	0.085006	-0.045923	0.023089	0.049978	0.167276	0.984642	-0.867025	0.496628	-0.040362	-0.495752	-0.851692	0.169853
12766	9.636254	-0.326932	1.612220	0.138307	-0.040774	0.033581	0.049412	0.167093	0.984702	-0.867767	0.495318	-0.040505	-0.494509	-0.852490	0.169472
12767	9.588731	-0.036994	1.602924	0.156788	-0.043373	0.037660	0.048794	0.166904	0.984765	-0.868587	0.493866	-0.040666	-0.493129	-0.853370	0.169069
12768	9.553442	0.193034	1.761161	0.150965	-0.046724	0.033987	0.048206	0.166663	0.984835	-0.869372	0.492471	-0.040786	-0.491801	-0.854222	0.168633
12769	9.522828	0.374469	1.915346	0.116965	-0.045232	0.042068	0.047542	0.166478	0.984898	-0.869994	0.491349	-0.041058	-0.490764	-0.854904	0.168195
12770	9.516982	0.366816	1.982515	0.067176	-0.063432	0.037828	0.046836	0.166113	0.984994	-0.870372	0.490654	-0.041360	-0.490162	-0.855374	0.167561
12771	9.619749	0.349524	1.960044	0.010862	-0.070122	0.036950	0.046094	0.165689	0.985100	-0.870470	0.490448	-0.041761	-0.490059	-0.855575	0.166834
12772	9.583515	0.220226	1.940168	-0.035512	-0.069031	0.042274	0.045328	0.165295	0.985202	-0.870337	0.490639	-0.042275	-0.490366	-0.855541	0.166102
12773	9.531790	0.042935	1.866117	-0.067316	-0.069504	0.048269	0.044490	0.164932	0.985301	-0.870055	0.491083	-0.042917	-0.490943	-0.855357	0.165349
12774	9.642643	-0.101360	1.859041	-0.103239	-0.070134	0.054068	0.043618	0.164586	0.985398	-0.869593	0.491836	-0.043657	-0.491840	-0.854991	0.164576
12775	9.638355	-0.355191	1.856845	-0.136366	-0.067122	0.052574	0.042753	0.164266	0.985489	-0.868971	0.492863	-0.044454	-0.493013	-0.854461	0.163814
12776	9.649551	-0.595597	1.684353	-0.130123	-0.070152	0.053836	0.041880	0.163919	0.985584	-0.868378	0.493835	-0.045233	-0.494131	-0.853966	0.163025
12777	9.663568	-0.643197	1.575921	-0.112985	-0.078992	0.048899	0.040988	0.163481	0.985695	-0.867867	0.494667	-0.045954	-0.495104	-0.853568	0.162155
12778	9.701540	-0.714472	1.491781	-0.102432	-0.079616	0.048288	0.040102	0.163043	0.985804	-0.867417	0.495391	-0.046647	-0.495964	-0.853232	0.161292
12779	9.715402	-0.734804	1.360329	-0.081806	-0.081066	0.051361	0.039178	0.162601	0.985914	-0.867058	0.495953	-0.047340	-0.496664	-0.852990	0.160415
12780	9.703025	-0.706105	1.205281	-0.058986	-0.097474	0.051765	0.038180	0.162021	0.986048	-0.866814	0.496317	-0.047989	-0.497168	-0.852888	0.159391
12781	9.741158	-0.671275	1.029667	-0.036146	-0.105246	0.052503	0.037124	0.161379	0.986194	-0.866681	0.496489	-0.048619	-0.497480	-0.852910	0.158296
12782	9.786059	-0.677227	1.072627	0.005190	-0.099458	0.056785	0.036088	0.160798	0.986327	-0.866731	0.496343	-0.049205	-0.497469	-0.853105	0.157281
12783	9.754212	-0.640022	1.113860	0.059070	-0.083450	0.060947	0.035068	0.160383	0.986432	-0.867073	0.495689	-0.049769	-0.496945	-0.853563	0.156447
12784	9.764620	-0.605435	1.233081	0.101881	-0.089813	0.072338	0.033927	0.159963	0.986540	-0.867642	0.494632	-0.050364	-0.496031	-0.854254	0.155572
12785	9.747188	-0.497665	1.331868	0.149820	-0.076125	0.073918	0.032832	0.159673	0.986624	-0.868435	0.493182	-0.050917	-0.494715	-0.855147	0.154857
12786	9.720114	-0.320619	1.484924	0.164081	-0.079049	0.079831	0.031684	0.159381	0.986709	-0.869295	0.491604	-0.051494	-0.493277	-0.856109	0.154125
12787	9.673025	-0.193718	1.632276	0.168113	-0.066100	0.084819	0.030544	0.159226	0.986770	-0.870176	0.489977	-0.052128	-0.491794	-0.857071	0.153521
12788	9.614072	-0.083084	1.654218	0.143566	-0.076567	0.080119	0.029410	0.158951	0.986848	-0.870924	0.488579	-0.052740	-0.490537	-0.857919	0.152804
12789	9.631771	-0.041960	1.701141	0.104354	-0.073549	0.076386	0.028308	0.158687	0.986923	-0.871483	0.487510	-0.053390	-0.489607	-0.858576	0.152093
12790	9.632934	-0.047667	1.694394	0.063086	-0.067314	0.071615	0.027297	0.158447	0.986990	-0.871826	0.486825	-0.054041	-0.489054	-0.859009	0.151427
12791	9.609464	-0.107421	1.731130	0.015677	-0.065524	0.064278	0.026339	0.158191	0.987057	-0.871946	0.486537	-0.054707	-0.488894	-0.859219	0.150749
12792	9.589230	-0.268034	1.810163	-0.017330	-0.058982	0.059889	0.025463	0.157968	0.987116	-0.871906	0.486532	-0.055369	-0.489010	-0.859263	0.150122
12793	9.576860	-0.369417	1.747564	-0.042167	-0.050069	0.058096	0.024634	0.157815	0.987161	-0.871740	0.486751	-0.056061	-0.489349	-0.859167	0.149564
12794	9.680208	-0.389543	1.700964	-0.054039	-0.042638	0.050304	0.023917	0.157694	0.987198	-0.871519	0.487074	-0.056691	-0.489778	-0.859006	0.149082
12795	9.648486	-0.538678	1.610136	-0.061973	-0.029788	0.046117	0.023292	0.157657	0.987219	-0.871252	0.487481	-0.057294	-0.490283	-0.858782	0.148714
12796	9.623655	-0.758774	1.490326	-0.054018	-0.030799	0.051811	0.022632	0.157636	0.987238	-0.871015	0.487830	-0.057926	-0.490735	-0.858588	0.148343
12797	9.642189	-0.850425	1.334495	-0.026961	-0.032066	0.052865	0.021937	0.157613	0.987257	-0.870920	0.487926	-0.058544	-0.490936	-0.858538	0.147972
12798	9.667060	-0.775569	1.265138	0.004365	-0.043919	0.051536	0.021210	0.157483	0.987294	-0.870971	0.487768	-0.059093	-0.490877	-0.858651	0.147509
12799	9.740591	-0.697296	1.199403	0.025105	-0.044365	0.053437	0.020450	0.157357	0.987330	-0.871130	0.487417	-0.059639	-0.490626	-0.858873	0.147047
12800	9.720770	-0.621386	1.077442	0.040021	-0.037247	0.049972	0.019771	0.157269	0.987358	-0.871362	0.486944	-0.060114	-0.490242	-0.859158	0.146665
12801	9.789231	-0.469726	1.017332	0.038183	-0.040425	0.046538	0.019090	0.157142	0.987391	-0.871583	0.486491	-0.060573	-0.489876	-0.859438	0.146250
12802	9.783955	-0.453095	1.064290	0.011576	-0.029195	0.040482	0.018526	0.157085	0.987411	-0.871677	0.486270	-0.061005	-0.489731	-0.859573	0.145936
12803	9.781852	-0.510899	1.130694	0.009642	-0.033496	0.038086	0.017953	0.156976	0.987439	-0.871756	0.486075	-0.061423	-0.489612	-0.859703	0.145572
12804	9.782021	-0.514491	1.127602	0.003498	-0.030410	0.036874	0.017414	0.156888	0.987463	-0.871811	0.485924	-0.061829	-0.489532	-0.859805	0.145238
12805	9.769543	-0.478568	1.249977	-0.002614	-0.018685	0.035977	0.016932	0.156896	0.987470	-0.871830	0.485838	-0.062244	-0.489516	-0.859852	0.145013
12806	9.738098	-0.464658	1.320956	-0.006524	-0.013290	0.032776	0.016520	0.156931	0.987471	-0.871822	0.485804	-0.062620	-0.489544	-0.859865	0.144841
12807	9.732322	-0.499578	1.415322	-0.012734	-0.007003	0.032760	0.016123	0.157024	0.987463	-0.871790	0.485810	-0.063018	-0.489614	-0.859844	0.144725
12808	9.632052	-0.434047	1.387720	-0.018735	-0.003830	0.029397	0.015771	0.157138	0.987451	-0.871740	0.485851	-0.063393	-0.489715	-0.859800	0.144646
12809	9.725489	-0.434445	1.443490	-0.026400	-0.006949	0.019254	0.015493	0.157166	0.987451	-0.871638	0.485996	-0.063677	-0.489904	-0.859713	0.144521
12810	9.654431	-0.439323	1.412864	-0.040849	0.000209	0.017869	0.015286	0.157237	0.987443	-0.871448	0.486301	-0.063946	-0.490249	-0.859528	0.144457
12811	9.660776	-0.538841	1.405901	-0.063550	0.003921	0.014955	0.015098	0.157337	0.987429	-0.871164	0.486772	-0.064242	-0.490760	-0.859243	0.144416
12812	9.660154	-0.593634	1.450979	-0.076073	0.004584	0.015569	0.014920	0.157448	0.987415	-0.870814	0.487357	-0.064553	-0.491387	-0.858891	0.144379
12813	9.638927	-0.646271	1.445383	-0.071899	0.002551	0.015656	0.014719	0.157541	0.987403	-0.870487	0.487897	-0.064868	-0.491971	-0.858567	0.144319
12814	9.695602	-0.741118	1.417865	-0.067629	0.005960	0.014870	0.014545	0.157659	0.987387	-0.870198	0.488374	-0.065161	-0.492487	-0.858274	0.144298
12815	9.726880	-0.760365	1.345232	-0.063169	0.004099	0.010649	0.014396	0.157741	0.987376	-0.869914	0.488847	-0.065414	-0.492994	-0.857990	0.144258
12816	9.700294	-0.791636	1.390360	-0.046280	0.012283	0.008383	0.014314	0.157874	0.987355	-0.869726	0.489156	-0.065606	-0.493328	-0.857789	0.144309
12817	9.554838	-0.749308	1.334432	-0.029817	0.010530	0.011125	0.014192	0.158014	0.987335	-0.869605	0.489342	-0.065815	-0.493544	-0.857657	0.144354
12818	9.641969	-0.625010	1.376727	-0.027057	0.014228	0.001647	0.014170	0.158142	0.987315	-0.869517	0.489484	-0.065923	-0.493700	-0.857553	0.144443
12819	9.733855	-0.572877	1.414066	-0.014280	0.019092	-0.001983	0.014205	0.158291	0.987290	-0.869471	0.489558	-0.065981	-0.493780	-0.857483	0.144583
12820	9.681860	-0.527212	1.415321	-0.030827	0.015406	-0.003864	0.014255	0.158393	0.987273	-0.869334	0.489795	-0.066029	-0.494020	-0.857329	0.144679
12821	9.673824	-0.561513	1.536538	-0.028846	0.024016	-0.001286	0.014308	0.158588	0.987241	-0.869216	0.489992	-0.066114	-0.494225	-0.857180	0.144858
12822	9.576046	-0.593962	1.552921	-0.037231	0.020487	-0.000677	0.014356	0.158744	0.987215	-0.869053	0.490270	-0.066197	-0.494510	-0.856992	0.144995
12823	9.621515	-0.672423	1.650393	-0.022824	0.025147	0.002244	0.014384	0.158965	0.987179	-0.868966	0.490410	-0.066309	-0.494663	-0.856871	0.145189
12824	9.614419	-0.602051	1.682486	-0.018602	0.024236	0.001295	0.014449	0.159159	0.987147	-0.868868	0.490573	-0.066379	-0.494833	-0.856742	0.145376
12825	9.607015	-0.557984	1.736966	-0.016671	0.024207	0.003534	0.014461	0.159379	0.987112	-0.868811	0.490659	-0.066494	-0.494932	-0.856652	0.145565
12826	9.587687	-0.580235	1.686818	-0.022660	0.025239	0.000090	0.014520	0.159581	0.987078	-0.868732	0.490790	-0.066567	-0.495070	-0.856539	0.145759
12827	9.618890	-0.597363	1.616387	-0.022519	0.023170	-0.002149	0.014577	0.159763	0.987048	-0.868645	0.490934	-0.066634	-0.495221	-0.856423	0.145934
12828	9.601240	-0.643642	1.564255	-0.024724	0.025178	0.000004	0.014636	0.159965	0.987014	-0.868558	0.491078	-0.066710	-0.495372	-0.856302	0.146126
12829	9.636323	-0.656595	1.445513	-0.022331	0.027581	-0.004128	0.014731	0.160176	0.986979	-0.868472	0.491223	-0.066758	-0.495520	-0.856180	0.146345
12830	9.705385	-0.473679	1.370107	-0.011483	0.020649	-0.011533	0.014863	0.160289	0.986958	-0.868452	0.491265	-0.066707	-0.495551	-0.856134	0.146505
12831	9.703532	-0.448568	1.374063	-0.038402	0.024170	-0.012492	0.015014	0.160430	0.986933	-0.868285	0.491562	-0.066696	-0.495839	-0.855938	0.146679
12832	9.684732	-0.599397	1.411158	-0.053201	0.023558	-0.008800	0.015130	0.160588	0.986906	-0.868063	0.491947	-0.066740	-0.496223	-0.855687	0.146843
12833	9.659479	-0.653151	1.455977	-0.042495	0.028370	-0.012489	0.015303	0.160764	0.986874	-0.867876	0.492278	-0.066736	-0.496546	-0.855463	0.147056
12834	9.655287	-0.656722	1.506674	-0.042594	0.022926	-0.011635	0.015470	0.160892	0.986851	-0.867657	0.492666	-0.066721	-0.496923	-0.855216	0.147220
12835	9.677944	-0.760338	1.599878	-0.048948	0.022648	-0.009747	0.015590	0.161032	0.986826	-0.867437	0.493048	-0.066753	-0.497302	-0.854969	0.147372
12836	9.564329	-0.888897	1.581542	-0.040803	0.022802	-0.007240	0.015704	0.161181	0.986800	-0.867256	0.493363	-0.066783	-0.497614	-0.854759	0.147533
12837	9.610358	-0.914148	1.633795	-0.009725	0.014058	-0.007390	0.015762	0.161260	0.986786	-0.867232	0.493406	-0.066780	-0.497655	-0.854720	0.147627
12838	9.539231	-0.785558	1.516654	-0.009063	-0.000586	-0.018786	0.015856	0.161155	0.986802	-0.867211	0.493459	-0.066652	-0.497687	-0.854709	0.147580
12839	9.643096	-0.718941	1.407503	-0.019191	-0.001833	-0.022505	0.015966	0.161023	0.986821	-0.867138	0.493607	-0.066514	-0.497812	-0.854648	0.147510
12840	9.621958	-0.637158	1.314045	-0.027231	-0.000860	-0.026044	0.016109	0.160887	0.986841	-0.867045	0.493792	-0.066350	-0.497969	-0.854567	0.147450
12841	9.699279	-0.599484	1.249111	-0.030625	-0.004827	-0.037166	0.016331	0.160657	0.986875	-0.866912	0.494061	-0.066084	-0.498194	-0.854455	0.147343
12842	9.703775	-0.565076	1.178109	-0.029722	0.003257	-0.048684	0.016701	0.160443	0.986904	-0.866781	0.494343	-0.065698	-0.498410	-0.854332	0.147325
12843	9.748971	-0.535587	1.208434	-0.038009	-0.001313	-0.049224	0.017044	0.160184	0.986940	-0.866608	0.494694	-0.065324	-0.498698	-0.854177	0.147248
12844	9.762549	-0.463318	1.289477	-0.031723	0.009676	-0.048496	0.017446	0.160019	0.986960	-0.866471	0.494986	-0.064937	-0.498923	-0.854039	0.147287
12845	9.638461	-0.548342	1.370741	-0.036382	0.010290	-0.041094	0.017777	0.159898	0.986973	-0.866308	0.495311	-0.064641	-0.499194	-0.853874	0.147326
12846	9.557329	-0.611144	1.506572	-0.024437	0.008227	-0.034195	0.018053	0.159792	0.986986	-0.866197	0.495538	-0.064384	-0.499377	-0.853761	0.147357
12847	9.620432	-0.614320	1.634679	0.002360	0.005782	-0.032098	0.018283	0.159678	0.987000	-0.866228	0.495517	-0.064120	-0.499314	-0.853795	0.147377
12848	9.652646	-0.495394	1.746579	0.008496	0.007009	-0.030707	0.018527	0.159571	0.987013	-0.866282	0.495459	-0.063841	-0.499212	-0.853848	0.147413
12849	9.628669	-0.467469	1.722823	-0.001850	0.004523	-0.031247	0.018743	0.159450	0.987028	-0.866293	0.495473	-0.063591	-0.499185	-0.853863	0.147417
12850	9.574519	-0.447706	1.769572	-0.003987	0.005488	-0.030214	0.018980	0.159340	0.987041	-0.866266	0.495551	-0.063340	-0.499222	-0.853838	0.147436
12851	9.581861	-0.488981	1.718165	-0.011879	0.018376	-0.034318	0.019293	0.159321	0.987038	-0.866226	0.495655	-0.063074	-0.499280	-0.853781	0.147571
12852	9.633713	-0.531096	1.720293	-0.019723	0.023754	-0.039824	0.019694	0.159318	0.987031	-0.866142	0.495843	-0.062753	-0.499410	-0.853673	0.147758
12853	9.663495	-0.545797	1.674158	-0.019468	0.024981	-0.043006	0.020115	0.159314	0.987023	-0.866062	0.496026	-0.062413	-0.499532	-0.853568	0.147953
12854	9.616504	-0.569081	1.670490	0.001556	0.030171	-0.046220	0.020612	0.159331	0.987010	-0.866070	0.496064	-0.061992	-0.499497	-0.853542	0.148216
12855	9.551280	-0.402084	1.731910	0.003967	0.032596	-0.050340	0.021134	0.159354	0.986995	-0.866105	0.496058	-0.061545	-0.499414	-0.853541	0.148501
12856	9.564810	-0.459623	1.902610	-0.010819	0.029763	-0.046766	0.021627	0.159363	0.986983	-0.866067	0.496176	-0.061137	-0.499460	-0.853471	0.148750
12857	9.587808	-0.586212	2.018130	-0.029681	0.021439	-0.044686	0.022045	0.159320	0.986981	-0.865935	0.496448	-0.060796	-0.499671	-0.853321	0.148904
12858	9.542228	-0.687495	2.056523	-0.017796	0.031226	-0.036182	0.022444	0.159405	0.986958	-0.865874	0.496589	-0.060514	-0.499759	-0.853223	0.149170
12859	9.472912	-0.711077	2.026597	-0.003000	0.029753	-0.039938	0.022862	0.159455	0.986940	-0.865876	0.496626	-0.060180	-0.499736	-0.853192	0.149422
12860	9.553638	-0.667147	1.916820	0.003212	0.029964	-0.039662	0.023303	0.159500	0.986923	-0.865895	0.496636	-0.059818	-0.499683	-0.853178	0.149684
12861	9.649987	-0.420249	1.752972	0.002065	0.031522	-0.051543	0.023830	0.159508	0.986909	-0.865919	0.496649	-0.059362	-0.499616	-0.853169	0.149957
12862	9.677897	-0.409416	1.710124	-0.022764	0.040341	-0.051155	0.024399	0.159608	0.986879	-0.865832	0.496850	-0.058949	-0.499739	-0.853033	0.150316
12863	9.645550	-0.653065	1.713491	-0.033057	0.044305	-0.051431	0.024989	0.159725	0.986845	-0.865680	0.497162	-0.058547	-0.499973	-0.852829	0.150694
12864	9.754109	-0.681521	1.625488	-0.010475	0.044998	-0.048250	0.025581	0.159858	0.986809	-0.865624	0.497309	-0.058122	-0.500040	-0.852719	0.151098
12865	9.757829	-0.672534	1.581372	0.003919	0.044376	-0.046563	0.026129	0.160000	0.986771	-0.865658	0.497299	-0.057712	-0.499954	-0.852698	0.151499
12866	9.765241	-0.738844	1.555183	0.003335	0.040786	-0.039174	0.026628	0.160141	0.986735	-0.865659	0.497338	-0.057354	-0.499926	-0.852648	0.151870
12867	9.775003	-0.777153	1.482092	0.002819	0.034006	-0.033004	0.027007	0.160262	0.986705	-0.865690	0.497315	-0.057080	-0.499851	-0.852639	0.152168
12868	9.812603	-0.915693	1.451388	0.018853	0.036453	-0.025692	0.027341	0.160440	0.986667	-0.865822	0.497113	-0.056842	-0.499605	-0.852724	0.152504
12869	9.972006	-0.966221	1.365566	0.051904	0.031157	-0.024445	0.027632	0.160580	0.986636	-0.866101	0.496658	-0.056577	-0.499106	-0.852963	0.152802
12870	10.144270	-0.842891	1.272129	0.088871	0.031266	-0.019538	0.027899	0.160743	0.986602	-0.866558	0.495892	-0.056289	-0.498296	-0.853377	0.153128
12871	10.101742	-0.702449	1.358822	0.123918	0.036759	-0.015563	0.028140	0.160974	0.986557	-0.867196	0.494807	-0.056001	-0.497170	-0.853963	0.153520
12872	9.994763	-0.397614	1.479273	0.152815	0.042037	-0.011875	0.028395	0.161272	0.986501	-0.867962	0.493498	-0.055694	-0.495819	-0.854664	0.153991
12873	9.927702	-0.070561	1.678304	0.171922	0.042917	-0.015305	0.028664	0.161559	0.986447	-0.868834	0.492001	-0.055333	-0.494272	-0.855473	0.154470
12874	9.928223	0.206232	1.977432	0.160151	0.065395	-0.020340	0.029101	0.162017	0.986359	-0.869640	0.490622	-0.054931	-0.492829	-0.856178	0.155174
12875	10.024300	0.412964	2.353694	0.134588	0.073708	-0.036329	0.029703	0.162465	0.986267	-0.870317	0.489476	-0.054419	-0.491595	-0.856749	0.155935
12876	10.335088	0.590369	3.068126	0.114127	0.104219	-0.062043	0.030692	0.163049	0.986140	-0.870887	0.488543	-0.053672	-0.490523	-0.857170	0.156992
12877	10.409124	0.735582	3.688734	0.124825	0.149873	-0.084666	0.032087	0.163916	0.985952	-0.871498	0.487559	-0.052695	-0.489348	-0.857565	0.158497
12878	10.248343	1.117046	4.235401	0.161707	0.166976	-0.097426	0.033700	0.164869	0.985740	-0.872268	0.486308	-0.051517	-0.487866	-0.858093	0.160198
12879	10.298366	1.497592	5.098352	0.170551	0.210547	-0.095394	0.035481	0.166207	0.985452	-0.873091	0.484949	-0.050356	-0.486264	-0.858603	0.162321
12880	10.433944	1.642464	5.958552	0.117113	0.300213	-0.091535	0.037674	0.168346	0.985008	-0.873663	0.484026	-0.049308	-0.485070	-0.858707	0.165312
12881	10.560060	1.615076	6.474020	0.096377	0.428294	-0.095615	0.040508	0.171554	0.984341	-0.874119	0.483308	-0.048260	-0.484020	-0.858477	0.169537
12882	10.735725	1.861669	6.687313	0.138778	0.576153	-0.093648	0.044060	0.176053	0.983394	-0.874773	0.482235	-0.047139	-0.482526	-0.858170	0.175254
12883	10.798712	2.306173	6.796743	0.165300	0.715793	-0.089634	0.048215	0.181756	0.982161	-0.875554	0.480924	-0.046017	-0.480708	-0.857716	0.182325
12884	10.608260	2.792232	6.670414	0.121165	0.801708	-0.088416	0.052774	0.188217	0.980709	-0.876146	0.479945	-0.044964	-0.479149	-0.856871	0.190234
12885	10.511434	3.291513	5.996932	-0.012136	0.861513	-0.135084	0.058007	0.194937	0.979099	-0.876040	0.480253	-0.043716	-0.478738	-0.855194	0.198631
12886	10.500636	3.618744	5.037976	-0.167264	0.960966	-0.232381	0.064566	0.202049	0.977245	-0.875182	0.481982	-0.041828	-0.479465	-0.852567	0.207950
12887	9.881018	3.778954	3.868537	-0.436651	1.011296	-0.312181	0.072083	0.209133	0.975227	-0.872897	0.486282	-0.039762	-0.482551	-0.848406	0.217605
12888	9.176041	3.485344	2.696632	-0.899558	0.933453	-0.339189	0.079549	0.215371	0.973287	-0.868272	0.494593	-0.038479	-0.489668	-0.842017	0.226345
12889	9.197776	2.854532	1.822345	-1.413148	0.829216	-0.344916	0.086563	0.220585	0.971519	-0.861014	0.507127	-0.038427	-0.501160	-0.833166	0.233825
12890	9.481007	2.134357	1.043117	-1.895794	0.785267	-0.332189	0.093356	0.225386	0.969787	-0.851118	0.523470	-0.039726	-0.516607	-0.821694	0.240699
12891	9.739716	1.351867	0.130449	-2.211199	0.824915	-0.318686	0.100309	0.230409	0.967910	-0.839220	0.542161	-0.042088	-0.534461	-0.808067	0.247748
12892	9.791689	0.686299	-0.456326	-2.362836	0.914416	-0.300489	0.107736	0.236102	0.965737	-0.826089	0.561726	-0.045173	-0.553145	-0.792918	0.255559
12893	9.334788	0.222597	-0.684738	-2.445497	0.953634	-0.271569	0.115249	0.242037	0.963398	-0.812062	0.581515	-0.048950	-0.572078	-0.776697	0.263569
12894	9.301867	-0.548517	-1.101599	-2.510407	0.932297	-0.261606	0.122726	0.247685	0.961036	-0.797179	0.601395	-0.053195	-0.591138	-0.759589	0.271256
12895	9.297686	-1.406824	-1.376210	-2.502789	0.950863	-0.281547	0.130582	0.253111	0.958584	-0.781832	0.620839	-0.057426	-0.609661	-0.741953	0.278961
12896	9.258755	-2.242409	-1.311012	-2.340930	0.994252	-0.298791	0.139017	0.258555	0.955941	-0.766936	0.638795	-0.061245	-0.626485	-0.724631	0.287099
12897	9.167255	-3.096948	-1.246586	-2.080318	1.003632	-0.333019	0.147833	0.263605	0.953236	-0.753316	0.654521	-0.064171	-0.640828	-0.708601	0.295337
12898	9.072115	-3.494856	-1.122214	-1.728837	0.987904	-0.347396	0.156800	0.268279	0.950495	-0.741562	0.667620	-0.066104	-0.652304	-0.694485	0.303629
12899	9.029885	-3.887438	-0.479064	-1.321728	1.019295	-0.383908	0.166244	0.272730	0.947619	-0.732309	0.677710	-0.066577	-0.660369	-0.682881	0.312388
12900	9.417997	-4.265405	0.572632	-0.860286	1.080253	-0.388054	0.176184	0.277459	0.944445	-0.725939	0.684613	-0.065704	-0.664810	-0.674033	0.322036
12901	9.293588	-4.763851	1.200322	-0.448528	1.106608	-0.329032	0.185856	0.282641	0.941048	-0.722403	0.688494	-0.064113	-0.666027	-0.667900	0.332141
12902	8.558652	-4.980111	1.469562	-0.044352	1.097319	-0.254523	0.194955	0.288234	0.937504	-0.721611	0.689523	-0.061933	-0.664282	-0.664439	0.342418
12903	7.924313	-4.887624	1.806085	0.364480	1.083256	-0.218840	0.203632	0.293937	0.933882	-0.723632	0.687688	-0.058661	-0.659462	-0.663842	0.352737
12904	7.457964	-4.386575	2.211771	0.785011	1.071012	-0.223302	0.212213	0.299555	0.930179	-0.728356	0.683083	-0.053811	-0.651509	-0.666082	0.363142
12905	6.982796	-3.532262	2.598193	1.165964	1.027595	-0.235108	0.220499	0.304842	0.926527	-0.735426	0.675947	-0.047377	-0.640725	-0.670945	0.373234
12906	6.317085	-2.625137	3.157509	1.373898	0.949798	-0.226639	0.228137	0.309750	0.923043	-0.743687	0.667322	-0.040128	-0.628397	-0.677301	0.382598
12907	5.520405	-1.787341	2.987628	1.470184	0.801739	-0.223187	0.234719	0.313743	0.920039	-0.752360	0.657953	-0.032428	-0.615517	-0.684589	0.390482
12908	5.231615	-0.923816	2.419688	1.486911	0.531962	-0.258956	0.239837	0.315747	0.918031	-0.760874	0.648446	-0.024247	-0.602950	-0.692691	0.395765
12909	5.726352	-0.084461	1.654571	1.429770	0.315004	-0.264756	0.243669	0.316249	0.916849	-0.768816	0.639266	-0.016176	-0.591226	-0.700946	0.398906
12910	6.073172	0.752348	1.240660	1.294294	0.217060	-0.278685	0.247039	0.316031	0.916022	-0.775762	0.630968	-0.008474	-0.580659	-0.708522	0.401039
12911	6.077203	1.488226	1.164742	1.149232	0.133053	-0.321939	0.250238	0.314968	0.915519	-0.781626	0.623747	-0.000949	-0.571351	-0.715356	0.402273
12912	6.042875	2.250830	1.011701	0.895238	0.028382	-0.367676	0.253207	0.312910	0.915409	-0.785840	0.618401	0.005983	-0.564218	-0.720879	0.402481
12913	5.912558	3.311128	0.888356	0.541341	-0.115890	-0.380567	0.255476	0.309733	0.915859	-0.787959	0.615618	0.011604	-0.560225	-0.724624	0.401332
12914	6.857229	4.552448	2.187170	0.243182	-0.281895	-0.388158	0.256895	0.305311	0.916946	-0.788369	0.614991	0.016103	-0.558998	-0.727029	0.398686
12915	9.209794	5.273296	6.032449	0.080735	-0.316338	-0.378602	0.258037	0.300687	0.918153	-0.787890	0.615496	0.019858	-0.559148	-0.728527	0.395729
12916	10.777518	5.586353	10.225783	0.169614	-0.280264	-0.263166	0.258481	0.297029	0.919218	-0.788206	0.614985	0.022919	-0.558497	-0.730457	0.393082
12917	10.718446	5.678829	14.005788	0.158653	-0.310386	-0.008272	0.256740	0.294716	0.920449	-0.789114	0.613794	0.023577	-0.558018	-0.732392	0.390150
12918	10.926818	4.824880	18.038075	-0.143036	-0.392507	0.240952	0.252594	0.293330	0.922038	-0.788973	0.614076	0.020782	-0.560105	-0.732712	0.386542
12919	9.221796	2.304539	14.378848	-0.546228	-0.675789	0.527797	0.244554	0.291639	0.924738	-0.787253	0.616477	0.013774	-0.566062	-0.731371	0.380356
12920	11.886348	1.421540	6.951087	-0.764392	-1.089881	0.602105	0.233551	0.287425	0.928892	-0.784400	0.620233	0.005303	-0.574605	-0.729861	0.370312
12921	12.078707	1.940385	2.574764	-0.727208	-0.762847	0.387586	0.226030	0.284287	0.931714	-0.781128	0.624371	-0.001011	-0.582022	-0.727559	0.363191
12922	8.564756	2.157844	1.314746	-0.907084	-0.619235	0.260672	0.220326	0.281455	0.933938	-0.776442	0.630153	-0.006734	-0.590418	-0.723665	0.357373
12923	7.930948	-0.485430	1.407942	-1.507942	-0.572989	0.281252	0.214660	0.279127	0.935954	-0.768096	0.640164	-0.014753	-0.603282	-0.715736	0.351814
12924	8.168888	-3.047226	-0.944327	-1.475486	-0.613095	0.332076	0.208332	0.276930	0.938034	-0.759853	0.649686	-0.023044	-0.615809	-0.707967	0.345776
12925	10.050817	-3.265206	-1.702796	-0.861880	-0.648002	0.365178	0.201475	0.274748	0.940171	-0.755303	0.654713	-0.029469	-0.623638	-0.704177	0.339426
12926	11.442284	-3.065275	-0.574382	-0.337636	-0.687601	0.386179	0.194217	0.272458	0.942362	-0.754000	0.655981	-0.034262	-0.627507	-0.703886	0.332836
12927	11.681787	-2.746066	-0.296261	-0.175192	-0.752923	0.432823	0.186144	0.270006	0.944694	-0.753764	0.655989	-0.038967	-0.630230	-0.704823	0.325629
12928	10.787830	-2.054432	-0.110420	-0.141956	-0.735515	0.431985	0.178183	0.267668	0.946892	-0.753702	0.655773	-0.043546	-0.632602	-0.705915	0.318589
12929	10.333241	-1.267277	0.339608	-0.138814	-0.721580	0.424174	0.170338	0.265363	0.948982	-0.753603	0.655571	-0.048049	-0.634876	-0.706972	0.311647
12930	10.308443	-0.677532	0.662111	-0.121450	-0.718124	0.419077	0.162561	0.263042	0.950990	-0.753568	0.655276	-0.052434	-0.636954	-0.708112	0.304742
12931	10.129743	0.125946	1.140320	-0.135081	-0.740791	0.405067	0.154707	0.260458	0.953010	-0.753390	0.655122	-0.056743	-0.639116	-0.709209	0.297578
12932	9.896549	0.145415	1.837991	-0.202493	-0.740643	0.409310	0.146825	0.257892	0.954952	-0.752749	0.655450	-0.061273	-0.641725	-0.709843	0.290365
12933	9.065714	-0.384104	2.801484	-0.302896	-0.741985	0.403895	0.138939	0.255287	0.956831	-0.751418	0.656513	-0.066049	-0.645033	-0.709803	0.283042
12934	9.108871	-1.481539	3.041235	-0.279458	-0.761828	0.401534	0.130944	0.252523	0.958690	-0.750187	0.657434	-0.070706	-0.648130	-0.709938	0.275527
12935	8.985599	-1.789517	3.300270	-0.160059	-0.740803	0.402132	0.123044	0.249917	0.960418	-0.749699	0.657510	-0.075048	-0.650240	-0.710790	0.268265
12936	8.816748	-1.606635	3.626405	-0.071937	-0.713454	0.406240	0.115301	0.247519	0.961998	-0.749752	0.656965	-0.079173	-0.651596	-0.712132	0.261326
12937	8.763312	-1.444128	3.818765	-0.038609	-0.684665	0.403016	0.107738	0.245296	0.963443	-0.749989	0.656197	-0.083201	-0.652617	-0.713608	0.254666
12938	8.800278	-1.362179	3.983132	-0.015550	-0.631103	0.398873	0.100572	0.243415	0.964694	-0.750340	0.655286	-0.087119	-0.653357	-0.715087	0.248547
12939	8.864129	-1.034957	4.205549	0.040799	-0.588716	0.382365	0.093779	0.241715	0.965805	-0.751017	0.654016	-0.090759	-0.653590	-0.716824	0.242864
12940	8.964944	-0.782880	4.179898	0.094068	-0.552716	0.369962	0.087329	0.240179	0.966792	-0.752007	0.652397	-0.094147	-0.653345	-0.718813	0.237590
12941	8.990974	-0.337525	4.355178	0.126164	-0.513366	0.357948	0.081207	0.238827	0.967661	-0.753170	0.650581	-0.097362	-0.652794	-0.720906	0.232709
12942	8.933536	0.109061	4.229047	0.122264	-0.512938	0.355357	0.075123	0.237449	0.968491	-0.754290	0.648794	-0.100560	-0.652229	-0.722969	0.227845
12943	8.948396	0.268526	4.056481	0.036304	-0.513545	0.347984	0.069072	0.235999	0.969295	-0.754814	0.647657	-0.103900	-0.652292	-0.724462	0.222870
12944	9.030459	0.157823	3.583792	-0.089530	-0.528223	0.347108	0.062948	0.234436	0.970091	-0.754504	0.647431	-0.107502	-0.653270	-0.725171	0.217637
12945	9.208830	-0.305136	3.024610	-0.178530	-0.512334	0.341115	0.056949	0.232940	0.970822	-0.753576	0.647879	-0.111247	-0.654889	-0.725253	0.212434
12946	9.262045	-0.473744	2.375310	-0.255521	-0.523381	0.335860	0.050931	0.231341	0.971539	-0.752128	0.648891	-0.115083	-0.657046	-0.724860	0.207047
12947	9.390198	-0.784495	1.978830	-0.340458	-0.519352	0.324586	0.044998	0.229698	0.972221	-0.750077	0.650559	-0.118985	-0.659818	-0.723887	0.201565
12948	9.476477	-1.169574	1.653527	-0.378311	-0.514344	0.323133	0.039124	0.228102	0.972851	-0.747754	0.652499	-0.122918	-0.662822	-0.722645	0.196093
12949	9.554352	-1.618651	1.199541	-0.405791	-0.533051	0.321332	0.033108	0.226365	0.973480	-0.745209	0.654648	-0.126882	-0.666008	-0.721245	0.190363
12950	9.722888	-2.013215	0.589572	-0.409702	-0.552394	0.312605	0.027042	0.224452	0.974110	-0.742612	0.656839	-0.130731	-0.669176	-0.719850	0.184443
12951	9.703758	-2.343599	0.327308	-0.383934	-0.565527	0.316955	0.020824	0.222481	0.974715	-0.740147	0.658842	-0.134570	-0.672123	-0.718630	0.178388
12952	9.750181	-2.624901	0.087172	-0.338877	-0.590761	0.308780	0.014511	0.220293	0.975326	-0.737961	0.660538	-0.138214	-0.674688	-0.717747	0.172152
12953	9.851445	-2.475568	0.120602	-0.248821	-0.594777	0.293863	0.008251	0.217979	0.975919	-0.736347	0.661631	-0.141555	-0.676554	-0.717447	0.165967
12954	9.781295	-2.326654	0.701532	-0.162201	-0.577903	0.283909	0.002193	0.215727	0.976451	-0.735304	0.662125	-0.144632	-0.677733	-0.717672	0.160077
12955	9.638325	-2.080447	0.969574	-0.121321	-0.599989	0.274422	-0.003968	0.213249	0.976990	-0.734512	0.662358	-0.147557	-0.678584	-0.718197	0.154005
12956	9.635260	-2.051519	1.133311	-0.145792	-0.606969	0.262978	-0.010076	0.210647	0.977510	-0.733544	0.662795	-0.150389	-0.679568	-0.718562	0.147841
12957	9.684862	-2.179121	1.070429	-0.164503	-0.607869	0.255107	-0.016155	0.207982	0.977999	-0.732424	0.663395	-0.153177	-0.680657	-0.718785	0.141613
12958	9.680857	-2.119359	1.061501	-0.159745	-0.601688	0.237756	-0.022049	0.205252	0.978461	-0.731328	0.664000	-0.155768	-0.681670	-0.719010	0.135466
12959	9.639616	-2.049087	1.181914	-0.141743	-0.588309	0.223382	-0.027770	0.202517	0.978885	-0.730337	0.664516	-0.158198	-0.682522	-0.719309	0.129452
12960	9.450415	-2.012987	1.328558	-0.112489	-0.576503	0.204941	-0.033261	0.199748	0.979283	-0.729546	0.664858	-0.160392	-0.683122	-0.719767	0.123611
12961	9.436153	-1.970384	1.471725	-0.087882	-0.576381	0.190887	-0.038667	0.196878	0.979665	-0.728908	0.665065	-0.162424	-0.683519	-0.720366	0.117790
12962	9.405924	-1.810533	1.574939	-0.061706	-0.574302	0.184817	-0.043996	0.193987	0.980017	-0.728448	0.665095	-0.164353	-0.683687	-0.721122	0.112048
12963	9.325040	-1.664180	1.721222	-0.049082	-0.576155	0.182907	-0.049343	0.191058	0.980338	-0.728058	0.665049	-0.166256	-0.683738	-0.721946	0.106286
12964	9.301415	-1.541755	1.788102	-0.049097	-0.569205	0.174192	-0.054562	0.188123	0.980629	-0.727672	0.665017	-0.168064	-0.683752	-0.722746	0.100607
12965	9.156164	-1.376530	1.884489	-0.063285	-0.588000	0.162956	-0.059844	0.184966	0.980921	-0.727176	0.665124	-0.169781	-0.683838	-0.723462	0.094700
12966	9.213633	-1.193253	1.923480	-0.097024	-0.624936	0.156859	-0.065317	0.181506	0.981218	-0.726454	0.665482	-0.171459	-0.684104	-0.724009	0.088389
12967	9.387510	-1.129633	1.618688	-0.153836	-0.627942	0.152291	-0.070795	0.177985	0.981483	-0.725327	0.666275	-0.173143	-0.684755	-0.724154	0.081928
12968	9.522199	-1.103817	1.503905	-0.177643	-0.603573	0.145707	-0.076044	0.174606	0.981698	-0.724043	0.667248	-0.174763	-0.685550	-0.724081	0.075682
12969	9.361368	-1.183841	1.335152	-0.230812	-0.611711	0.139645	-0.081326	0.171122	0.981888	-0.722378	0.668631	-0.176360	-0.686699	-0.723637	0.069238
12970	9.446535	-1.386573	0.982093	-0.291979	-0.638462	0.141411	-0.086792	0.167473	0.982049	-0.720291	0.670447	-0.177992	-0.688220	-0.722810	0.062440
12971	9.450991	-1.532811	0.768822	-0.320641	-0.655641	0.142350	-0.092408	0.163705	0.982172	-0.717983	0.672481	-0.179638	-0.689900	-0.721782	0.055395
12972	9.443315	-1.758418	0.783650	-0.330173	-0.664834	0.152715	-0.098151	0.159958	0.982232	-0.715596	0.674560	-0.181360	-0.691584	-0.720682	0.048257
12973	9.365465	-1.905064	0.795470	-0.332333	-0.683223	0.158377	-0.104088	0.156120	0.982238	-0.713162	0.676657	-0.183124	-0.693228	-0.719556	0.040907
12974	9.399220	-2.239332	1.027374	-0.336368	-0.711037	0.174435	-0.110318	0.152211	0.982172	-0.710680	0.678752	-0.185013	-0.694812	-0.718420	0.033295
12975	9.626148	-2.739332	0.890401	-0.280060	-0.722414	0.189448	-0.116761	0.148324	0.982022	-0.708544	0.680433	-0.187017	-0.695940	-0.717642	0.025646
12976	9.621574	-2.341756	0.808962	-0.138082	-0.731801	0.194085	-0.123283	0.144416	0.981807	-0.707391	0.681084	-0.189008	-0.695988	-0.717822	0.018193
12977	9.329434	-1.934431	1.251215	-0.035128	-0.727306	0.198389	-0.129820	0.140557	0.981525	-0.706921	0.681009	-0.191022	-0.695276	-0.718659	0.010954
12978	9.306796	-1.626894	1.507918	-0.007116	-0.728505	0.194912	-0.136314	0.136668	0.981193	-0.706653	0.680732	-0.192990	-0.694305	-0.719671	0.003783
12979	9.549000	-1.411784	1.548407	-0.003698	-0.735268	0.182833	-0.142782	0.132629	0.980828	-0.706398	0.680468	-0.194846	-0.693264	-0.720675	-0.003469
12980	9.759756	-1.397351	1.644117	-0.029574	-0.707762	0.173697	-0.148966	0.128733	0.980427	-0.705981	0.680395	-0.196604	-0.692387	-0.721450	-0.010473
12981	9.926798	-1.287173	1.697110	-0.053583	-0.676775	0.169616	-0.154921	0.125015	0.979985	-0.705377	0.680523	-0.198322	-0.691696	-0.721983	-0.017244
12982	10.268212	-0.931006	2.045523	-0.040173	-0.610409	0.163545	-0.160346	0.121745	0.979524	-0.704884	0.680551	-0.199973	-0.690962	-0.722516	-0.023308
12983	9.917055	-0.653492	2.258983	-0.041289	-0.531160	0.130357	-0.165007	0.118806	0.979111	-0.704410	0.680649	-0.201303	-0.690347	-0.722912	-0.028624
12984	9.827396	-0.219855	2.581290	-0.060124	-0.484905	0.095049	-0.169073	0.115974	0.978757	-0.703880	0.680910	-0.202272	-0.689904	-0.723126	-0.033492
12985	9.828636	-0.151746	3.111834	-0.177356	-0.419809	0.071963	-0.172550	0.113442	0.978446	-0.702556	0.682067	-0.202977	-0.690392	-0.722437	-0.037991
12986	9.503473	-0.696454	3.673680	-0.360449	-0.353425	0.074097	-0.175561	0.111426	0.978142	-0.699981	0.684520	-0.203613	-0.692246	-0.720428	-0.042178
12987	9.091013	-1.497645	3.862476	-0.526228	-0.333958	0.084320	-0.178540	0.109618	0.977807	-0.696204	0.688167	-0.204269	-0.695287	-0.717224	-0.046549
12988	9.452822	-2.134749	3.760123	-0.563656	-0.323130	0.086335	-0.181436	0.107933	0.977462	-0.692171	0.692038	-0.204897	-0.698556	-0.713746	-0.050853
12989	9.888707	-2.295576	3.620101	-0.579458	-0.294970	0.073398	-0.184082	0.106357	0.977140	-0.688002	0.696043	-0.205372	-0.701974	-0.710079	-0.054955
12990	10.623046	-1.566629	3.153408	-0.604819	-0.272881	0.024569	-0.186214	0.104632	0.976922	-0.683756	0.700226	-0.205329	-0.705551	-0.706212	-0.058849
12991	10.873109	-0.484817	2.542699	-0.659788	-0.225513	-0.057977	-0.187487	0.102652	0.976888	-0.679219	0.704890	-0.204428	-0.709584	-0.701849	-0.062435
12992	11.063212	1.197388	2.351293	-0.803173	-0.163233	-0.176178	-0.187498	0.100303	0.977130	-0.673890	0.710609	-0.202255	-0.714644	-0.696401	-0.065645
12993	10.719140	1.581379	2.076673	-1.203620	-0.148396	-0.288547	-0.186705	0.097229	0.977593	-0.665805	0.719185	-0.198687	-0.722388	-0.687982	-0.069539
12994	11.324381	1.291650	1.354128	-1.595954	-0.120760	-0.438778	-0.184720	0.093265	0.978356	-0.655070	0.730420	-0.193312	-0.732640	-0.676600	-0.073828
12995	11.689078	0.733406	0.592701	-1.724769	0.056650	-0.581268	-0.180600	0.089383	0.979487	-0.643423	0.742473	-0.186390	-0.743902	-0.663886	-0.076580
12996	11.240212	0.233687	0.280362	-1.624947	0.273969	-0.635265	-0.174526	0.086474	0.980848	-0.632435	0.753653	-0.178975	-0.754696	-0.651559	-0.076843
12997	10.588218	-0.323223	0.683292	-1.568624	0.329718	-0.626521	-0.168164	0.083868	0.982185	-0.621615	0.764275	-0.171690	-0.765059	-0.639413	-0.076390
12998	10.678396	-1.080408	0.837062	-1.679718	0.282681	-0.611962	-0.162245	0.080990	0.983421	-0.609746	0.775349	-0.164450	-0.775813	-0.626318	-0.076413
12999	11.016223	-1.357742	0.179683	-1.734525	0.305408	-0.580625	-0.156426	0.078371	0.984575	-0.597148	0.786521	-0.157479	-0.786731	-0.612571	-0.076233
13000	11.282577	-1.506412	0.091795	-1.688421	0.424934	-0.517082	-0.150030	0.076898	0.985686	-0.584631	0.797091	-0.151171	-0.797306	-0.598943	-0.074631
13001	11.262017	-1.460971	0.433315	-1.587811	0.589492	-0.449203	-0.142772	0.076814	0.986770	-0.572579	0.806808	-0.145649	-0.807322	-0.585799	-0.071208
13002	11.183659	-1.429508	0.741514	-1.558397	0.722524	-0.385884	-0.134741	0.077918	0.987813	-0.560523	0.816077	-0.140829	-0.817104	-0.572667	-0.066284
13003	11.214129	-1.315309	0.945437	-1.546977	0.851948	-0.329664	-0.125981	0.080063	0.988797	-0.548270	0.825060	-0.136659	-0.826758	-0.559344	-0.060045
13004	11.618506	-1.354981	0.879867	-1.519487	0.954395	-0.273823	-0.116583	0.083122	0.989697	-0.536038	0.833626	-0.133157	-0.836105	-0.546039	-0.052630
13005	11.336725	-0.891087	0.963149	-1.514279	1.033220	-0.214514	-0.106829	0.086927	0.990470	-0.523581	0.841943	-0.130364	-0.845251	-0.532518	-0.044430
13006	11.533010	-0.540383	0.733872	-1.571718	1.041853	-0.140940	-0.097266	0.091267	0.991065	-0.510441	0.850273	-0.128398	-0.854394	-0.518369	-0.036116
13007	11.514331	-0.298475	0.418867	-1.709560	1.046334	-0.075627	-0.087964	0.095996	0.991487	-0.495859	0.859042	-0.127165	-0.863936	-0.502824	-0.027964
13008	11.434794	-0.439234	-0.353284	-1.859692	1.044139	0.000675	-0.078912	0.101224	0.991729	-0.479774	0.868182	-0.126790	-0.873836	-0.485812	-0.019946
13009	11.229603	-0.849957	-0.831922	-1.852132	1.064694	0.044819	-0.069836	0.106731	0.991832	-0.463506	0.876944	-0.127004	-0.883337	-0.468590	-0.011772
13010	10.954416	-0.924258	-1.226794	-1.767405	1.086822	0.112877	-0.060719	0.112790	0.991762	-0.447818	0.884907	-0.128055	-0.892061	-0.451904	-0.003222
13011	10.490428	-0.887608	-1.611114	-1.684154	1.059124	0.188228	-0.052123	0.119201	0.991501	-0.432661	0.892135	-0.130000	-0.900049	-0.435760	0.005073
13012	9.887054	-1.109313	-1.887744	-1.665382	1.011204	0.211022	-0.043897	0.125479	0.991125	-0.417582	0.898955	-0.132305	-0.907578	-0.419684	0.012936
13013	9.770526	-1.441131	-2.017782	-1.612429	0.963572	0.168744	-0.035875	0.131010	0.990732	-0.402866	0.905351	-0.134307	-0.914555	-0.403951	0.020300
13014	10.298943	-2.059440	-2.228933	-1.517046	1.002104	0.154398	-0.027307	0.136448	0.990271	-0.388970	0.911117	-0.136267	-0.920846	-0.388907	0.028194
13015	10.510223	-3.145383	-1.990962	-1.247661	1.137745	0.172470	-0.017525	0.142417	0.989652	-0.377455	0.915620	-0.138447	-0.925862	-0.375975	0.037709
13016	10.952479	-3.743041	-1.699820	-1.020447	1.174741	0.222056	-0.007473	0.148871	0.988828	-0.368036	0.919036	-0.141145	-0.929782	-0.364979	0.047922
13017	11.451438	-4.817106	-1.873356	-0.745691	1.141256	0.333246	0.001877	0.156098	0.987740	-0.361129	0.921190	-0.144894	-0.932514	-0.356429	0.058100
13018	11.395300	-5.204528	-2.390071	-0.200980	1.186787	0.445343	0.011320	0.164478	0.986316	-0.359365	0.921146	-0.149486	-0.933128	-0.352755	0.069535
13019	10.748495	-4.437873	-2.069908	0.376831	1.300482	0.463775	0.021708	0.173385	0.984615	-0.363002	0.919003	-0.153828	-0.931535	-0.354078	0.082889
