// General information: 
//  MT Manager version: 2022.2.0 
//  XDA version: 2022.2.0 build 7381 rev 124627 built on 2023-07-19
// Device information: 
//  DeviceId: 00B4CBA7
//  ProductCode: MTW2-3A7G6
//  Firmware Version: 4.6.0
//  Hardware Version: 2.0.0
// Device settings: 
//  Filter Profile: human(46.1)
//  Option Flags: Orientation Smoother Disabled, Position/Velocity Smoother Disabled, Continuous Zero Rotation Update Disabled, AHS Disabled, ICC Disabled
// Coordinate system: ENU
PacketCounter	Acc_X	Acc_Y	Acc_Z	Gyr_X	Gyr_Y	Gyr_Z	Mat[1][1]	Mat[2][1]	Mat[3][1]	Mat[1][2]	Mat[2][2]	Mat[3][2]	Mat[1][3]	Mat[2][3]	Mat[3][3]
02325	9.708114	-0.060757	0.342462	0.013701	-0.007320	-0.002506	0.045099	0.019641	0.998789	-0.122171	0.992410	-0.013999	-0.991484	-0.121391	0.047157
02326	9.742135	-0.054634	0.343346	0.015622	-0.006325	-0.002455	0.045050	0.019587	0.998793	-0.122335	0.992391	-0.013944	-0.991466	-0.121560	0.047103
02327	9.756144	-0.034759	0.346551	0.015529	-0.001654	-0.000439	0.045007	0.019459	0.998797	-0.122647	0.992354	-0.013807	-0.991429	-0.121878	0.047050
02328	9.761774	-0.072385	0.364891	0.015977	-0.000339	0.001274	0.045012	0.019448	0.998797	-0.122817	0.992334	-0.013788	-0.991408	-0.122049	0.047056
02329	9.755377	-0.043051	0.394815	0.014436	0.004923	0.001762	0.045186	0.019391	0.998790	-0.122962	0.992317	-0.013703	-0.991382	-0.122194	0.047223
02330	9.721744	-0.044903	0.369676	0.011054	0.004383	0.001780	0.045238	0.019391	0.998788	-0.123083	0.992302	-0.013691	-0.991365	-0.122315	0.047276
02331	9.741342	-0.062990	0.392202	0.011514	0.005834	0.001897	0.045275	0.019377	0.998787	-0.123184	0.992290	-0.013667	-0.991351	-0.122416	0.047313
02332	9.735301	-0.029706	0.398661	0.008500	0.011417	0.004046	0.045394	0.019409	0.998781	-0.123281	0.992277	-0.013679	-0.991333	-0.122510	0.047436
02333	9.734086	-0.042427	0.472012	0.010408	0.012277	0.005692	0.045588	0.019354	0.998773	-0.123485	0.992253	-0.013592	-0.991299	-0.122714	0.047625
02334	9.760420	-0.086322	0.441499	0.005552	0.012059	0.007369	0.045709	0.019419	0.998766	-0.123555	0.992244	-0.013638	-0.991284	-0.122779	0.047754
02335	9.760361	-0.087010	0.442659	0.007013	0.011603	0.007303	0.045763	0.019444	0.998763	-0.123660	0.992231	-0.013651	-0.991269	-0.122883	0.047812
02336	9.718716	-0.076327	0.544087	0.008474	0.011147	0.007237	0.045875	0.019507	0.998757	-0.123759	0.992218	-0.013694	-0.991251	-0.122977	0.047932
02337	9.725052	-0.106579	0.515410	0.009448	0.008972	0.010242	0.046009	0.019567	0.998749	-0.123811	0.992211	-0.013736	-0.991239	-0.123024	0.048073
02338	9.724598	-0.111219	0.540321	0.009053	0.008194	0.002152	0.046098	0.019576	0.998745	-0.123913	0.992198	-0.013728	-0.991222	-0.123124	0.048164
02339	9.738959	-0.088080	0.520525	0.008513	0.005938	0.011602	0.046139	0.019632	0.998742	-0.124044	0.992181	-0.013772	-0.991203	-0.123253	0.048214
02340	9.724923	-0.108522	0.517422	0.007645	0.003574	0.004989	0.046179	0.019662	0.998740	-0.124134	0.992170	-0.013793	-0.991190	-0.123340	0.048258
02341	9.744497	-0.126882	0.539629	0.011106	-0.000694	0.004556	0.046353	0.019610	0.998733	-0.124240	0.992157	-0.013714	-0.991169	-0.123447	0.048425
02342	9.718513	-0.079864	0.547185	0.009645	-0.000238	0.004622	0.046356	0.019632	0.998732	-0.124350	0.992143	-0.013731	-0.991155	-0.123556	0.048433
02343	9.759313	-0.099913	0.494966	0.012553	-0.001285	0.006085	0.046451	0.019592	0.998728	-0.124527	0.992122	-0.013670	-0.991128	-0.123733	0.048525
02344	9.745719	-0.116040	0.467078	0.011631	-0.004185	0.005851	0.046414	0.019621	0.998730	-0.124656	0.992105	-0.013698	-0.991114	-0.123862	0.048493
02345	9.726147	-0.098681	0.444621	0.016460	-0.004237	0.007365	0.046462	0.019760	0.998725	-0.124501	0.992123	-0.013837	-0.991131	-0.123699	0.048556
02346	9.740175	-0.079554	0.447675	0.018934	-0.006466	0.005522	0.046402	0.019783	0.998727	-0.124702	0.992097	-0.013858	-0.991109	-0.123900	0.048503
02347	9.774999	-0.066014	0.400691	0.025172	-0.001901	0.004198	0.046306	0.019823	0.998731	-0.124882	0.992074	-0.013901	-0.991090	-0.124079	0.048415
02348	9.740603	-0.076333	0.422936	0.021302	-0.004156	0.007286	0.046267	0.019867	0.998732	-0.125107	0.992045	-0.013938	-0.991064	-0.124303	0.048385
02349	9.721017	-0.059124	0.400798	0.025054	0.002506	0.009399	0.046226	0.019899	0.998733	-0.125412	0.992007	-0.013960	-0.991027	-0.124608	0.048352
02350	9.714634	-0.030336	0.430526	0.024145	-0.000262	0.007573	0.046225	0.019950	0.998732	-0.125665	0.991974	-0.013999	-0.990995	-0.124859	0.048361
02351	9.720594	-0.064618	0.425093	0.021671	0.001969	0.009416	0.046281	0.020001	0.998728	-0.125838	0.991952	-0.014034	-0.990971	-0.125028	0.048425
02352	9.734599	-0.045909	0.428819	0.026487	0.001784	0.012527	0.046294	0.020104	0.998726	-0.126117	0.991915	-0.014121	-0.990935	-0.125302	0.048455
02353	9.734172	-0.051124	0.453217	0.027395	0.004551	0.014355	0.046301	0.020189	0.998724	-0.126432	0.991874	-0.014189	-0.990894	-0.125613	0.048477
02354	9.726079	-0.105530	0.444531	0.031328	0.001863	0.012451	0.046314	0.020291	0.998721	-0.126759	0.991831	-0.014273	-0.990852	-0.125935	0.048508
02355	9.754105	-0.067354	0.451927	0.030776	0.005088	0.014344	0.046303	0.020341	0.998720	-0.127182	0.991776	-0.014303	-0.990798	-0.126357	0.048509
02356	9.746800	-0.113922	0.395543	0.040370	0.009921	0.016195	0.046392	0.020491	0.998713	-0.127600	0.991721	-0.014420	-0.990740	-0.126767	0.048622
02357	9.724199	-0.192289	0.408191	0.050039	0.009946	0.017637	0.046522	0.020619	0.998704	-0.128073	0.991659	-0.014507	-0.990673	-0.127233	0.048774
02358	9.714020	-0.043385	0.458288	0.076835	0.003687	0.010222	0.046556	0.020701	0.998701	-0.128850	0.991557	-0.014547	-0.990571	-0.128005	0.048831
02359	9.762863	-0.011022	0.415970	0.055815	0.013058	0.016202	0.046568	0.020887	0.998697	-0.129311	0.991495	-0.014707	-0.990510	-0.128458	0.048873
02360	9.687595	-0.002130	0.491736	0.051971	0.011073	0.016106	0.046668	0.021038	0.998689	-0.129844	0.991424	-0.014817	-0.990436	-0.128982	0.048999
02361	9.741511	-0.011802	0.492507	0.041261	0.012568	0.019630	0.046835	0.021140	0.998679	-0.130346	0.991357	-0.014873	-0.990362	-0.129478	0.049186
02362	9.732893	-0.070817	0.508823	0.022416	0.008776	0.021238	0.046905	0.021339	0.998671	-0.130589	0.991322	-0.015048	-0.990326	-0.129710	0.049285
02363	9.739169	-0.102461	0.480356	0.019958	0.011142	0.021479	0.047036	0.021465	0.998663	-0.130866	0.991284	-0.015142	-0.990284	-0.129978	0.049435
02364	9.730934	-0.157660	0.472802	0.016055	0.014095	0.020186	0.047161	0.021659	0.998652	-0.131045	0.991258	-0.015310	-0.990254	-0.130146	0.049587
02365	9.729968	-0.167401	0.522064	0.021951	0.007325	0.021131	0.047257	0.021822	0.998644	-0.131243	0.991230	-0.015449	-0.990223	-0.130335	0.049707
02366	9.724450	-0.131683	0.504067	0.021980	0.007582	0.017941	0.047320	0.021986	0.998638	-0.131480	0.991196	-0.015592	-0.990189	-0.130563	0.049794
02367	9.758400	-0.127627	0.506452	0.017601	0.008958	0.018128	0.047439	0.022125	0.998629	-0.131621	0.991176	-0.015707	-0.990164	-0.130696	0.049932
02368	9.752012	-0.099623	0.536615	0.006993	0.005912	0.018049	0.047485	0.022288	0.998623	-0.131710	0.991161	-0.015858	-0.990150	-0.130775	0.050001
02369	9.723378	-0.144477	0.554224	-0.000682	0.002077	0.016248	0.047323	0.022471	0.998627	-0.131594	0.991173	-0.016068	-0.990173	-0.130653	0.049863
02370	9.731558	-0.092691	0.563092	-0.014179	0.000207	0.013100	0.047319	0.022578	0.998625	-0.131470	0.991188	-0.016180	-0.990190	-0.130524	0.049871
02371	9.743735	-0.157342	0.528128	-0.015569	-0.004142	0.012760	0.047304	0.022613	0.998625	-0.131351	0.991203	-0.016223	-0.990207	-0.130403	0.049858
02372	9.743280	-0.162695	0.551867	-0.026263	-0.002505	0.014679	0.047271	0.022732	0.998623	-0.131108	0.991233	-0.016357	-0.990240	-0.130154	0.049837
02373	9.709710	-0.165818	0.525817	-0.033446	-0.004631	0.009801	0.047107	0.022759	0.998631	-0.130870	0.991264	-0.016418	-0.990280	-0.129917	0.049674
02374	9.763687	-0.175309	0.524722	-0.038234	-0.009639	0.011069	0.047008	0.022832	0.998634	-0.130507	0.991310	-0.016521	-0.990332	-0.129552	0.049579
02375	9.722964	-0.156523	0.575543	-0.042544	-0.013069	0.010856	0.046842	0.022863	0.998641	-0.130109	0.991361	-0.016593	-0.990393	-0.129155	0.049412
02376	9.709820	-0.169431	0.522609	-0.045434	-0.011891	0.007793	0.046725	0.022900	0.998645	-0.129673	0.991417	-0.016667	-0.990455	-0.128719	0.049294
02377	9.743899	-0.164760	0.522810	-0.047822	-0.014330	0.007631	0.046601	0.022856	0.998652	-0.129283	0.991468	-0.016659	-0.990512	-0.128332	0.049159
02378	9.704108	-0.137652	0.525128	-0.046798	-0.015979	0.004265	0.046448	0.022853	0.998659	-0.128832	0.991526	-0.016698	-0.990578	-0.127884	0.048999
02379	9.724125	-0.152421	0.521341	-0.048220	-0.020588	0.007116	0.046115	0.022847	0.998675	-0.128412	0.991579	-0.016755	-0.990648	-0.127470	0.048661
02380	9.738325	-0.133653	0.522680	-0.047211	-0.022367	0.005345	0.045897	0.022847	0.998685	-0.127958	0.991637	-0.016805	-0.990717	-0.127018	0.048437
02381	9.753799	-0.102662	0.451880	-0.047716	-0.018746	0.002453	0.045665	0.022866	0.998695	-0.127318	0.991718	-0.016885	-0.990810	-0.126381	0.048198
02382	9.745605	-0.156477	0.440984	-0.047745	-0.019009	0.005649	0.045480	0.022874	0.998703	-0.126858	0.991776	-0.016938	-0.990878	-0.125923	0.048007
02383	9.725754	-0.143027	0.441142	-0.042398	-0.017094	0.000900	0.045408	0.022837	0.998707	-0.126313	0.991846	-0.016937	-0.990951	-0.125381	0.047922
02384	9.746169	-0.153283	0.413233	-0.035116	-0.019525	0.002171	0.045222	0.022810	0.998717	-0.125977	0.991888	-0.016950	-0.991002	-0.125048	0.047728
02385	9.760755	-0.129914	0.390808	-0.034639	-0.017943	0.000694	0.045034	0.022793	0.998725	-0.125497	0.991949	-0.016980	-0.991071	-0.124572	0.047532
02386	9.712682	-0.155363	0.384187	-0.023561	-0.013456	0.000880	0.044910	0.022761	0.998732	-0.125273	0.991977	-0.016974	-0.991105	-0.124352	0.047401
02387	9.760472	-0.134224	0.411866	-0.016251	-0.015621	-0.001047	0.044790	0.022660	0.998739	-0.125138	0.991995	-0.016895	-0.991128	-0.124224	0.047267
02388	9.741388	-0.112299	0.364612	-0.013492	-0.007193	0.002844	0.044725	0.022655	0.998742	-0.125016	0.992011	-0.016904	-0.991146	-0.124102	0.047200
02389	9.727316	-0.131975	0.360173	-0.010004	-0.011070	-0.002377	0.044663	0.022589	0.998747	-0.124808	0.992038	-0.016856	-0.991175	-0.123899	0.047127
02390	9.746881	-0.149877	0.381315	-0.002322	-0.007246	-0.000582	0.044602	0.022550	0.998750	-0.124795	0.992040	-0.016826	-0.991180	-0.123888	0.047061
02391	9.747294	-0.145610	0.356746	0.005399	-0.003021	-0.003576	0.044493	0.022519	0.998756	-0.124713	0.992050	-0.016812	-0.991195	-0.123810	0.046948
02392	9.761415	-0.125624	0.360022	0.008782	-0.002491	-0.003593	0.044483	0.022456	0.998758	-0.124808	0.992040	-0.016746	-0.991183	-0.123908	0.046932
02393	9.747319	-0.144773	0.356413	0.014566	0.000611	-0.005040	0.044568	0.022350	0.998756	-0.124913	0.992028	-0.016625	-0.991166	-0.124017	0.047004
02394	9.741107	-0.114863	0.386229	0.016928	0.002783	-0.001682	0.044608	0.022312	0.998755	-0.125089	0.992007	-0.016575	-0.991142	-0.124194	0.047042
02395	9.707069	-0.120135	0.385100	0.017418	0.004499	-0.004757	0.044707	0.022222	0.998753	-0.125215	0.991993	-0.016466	-0.991122	-0.124322	0.047131
02396	9.740693	-0.117902	0.411148	0.022273	0.004703	-0.006436	0.044772	0.022139	0.998752	-0.125442	0.991966	-0.016366	-0.991090	-0.124552	0.047189
02397	9.755170	-0.093691	0.391134	0.022711	0.005886	-0.003128	0.044924	0.022061	0.998747	-0.125600	0.991948	-0.016262	-0.991063	-0.124712	0.047333
02398	9.740656	-0.116874	0.412318	0.021264	0.006478	-0.004656	0.045005	0.021999	0.998745	-0.125818	0.991921	-0.016179	-0.991032	-0.124932	0.047409
02399	9.774656	-0.110690	0.414594	0.018809	0.008846	-0.004408	0.045109	0.021896	0.998742	-0.126030	0.991897	-0.016054	-0.991000	-0.125147	0.047503
02400	9.740592	-0.115924	0.414085	0.021184	0.011153	-0.002646	0.045233	0.021859	0.998737	-0.126248	0.991870	-0.015991	-0.990967	-0.125365	0.047625
02401	9.735109	-0.077839	0.396847	0.022601	0.015765	-0.005490	0.045423	0.021813	0.998730	-0.126334	0.991860	-0.015917	-0.990947	-0.125450	0.047809
02402	9.741301	-0.107014	0.368516	0.015864	0.009501	-0.001082	0.045529	0.021790	0.998725	-0.126499	0.991840	-0.015873	-0.990921	-0.125615	0.047914
02403	9.735008	-0.077154	0.399439	0.015291	0.017930	-0.003565	0.045729	0.021727	0.998718	-0.126624	0.991825	-0.015779	-0.990896	-0.125740	0.048106
02404	9.719618	-0.108466	0.469778	0.009507	0.014828	-0.002119	0.045889	0.021700	0.998711	-0.126726	0.991813	-0.015727	-0.990876	-0.125841	0.048264
02405	9.733639	-0.088609	0.474799	0.005129	0.016206	-0.001923	0.046036	0.021703	0.998704	-0.126627	0.991826	-0.015716	-0.990882	-0.125739	0.048408
02406	9.738988	-0.126009	0.494948	-0.003096	0.015605	-0.001828	0.046203	0.021680	0.998697	-0.126604	0.991830	-0.015674	-0.990877	-0.125714	0.048570
02407	9.733075	-0.092344	0.501840	-0.006956	0.013493	-0.000333	0.046387	0.021650	0.998689	-0.126462	0.991848	-0.015628	-0.990886	-0.125571	0.048747
02408	9.758363	-0.143757	0.519730	-0.013694	0.012695	-0.003496	0.046528	0.021607	0.998683	-0.126333	0.991866	-0.015574	-0.990896	-0.125442	0.048879
02409	9.723426	-0.157196	0.567501	-0.020459	0.011634	-0.003468	0.046782	0.021522	0.998673	-0.126032	0.991905	-0.015473	-0.990922	-0.125141	0.049116
02410	9.723393	-0.156847	0.568167	-0.016926	0.002682	-0.005902	0.046827	0.021443	0.998673	-0.125870	0.991927	-0.015396	-0.990941	-0.124982	0.049148
02411	9.751111	-0.121023	0.599845	-0.021345	0.009131	-0.008485	0.047055	0.021274	0.998666	-0.125649	0.991958	-0.015211	-0.990958	-0.124765	0.049350
02412	9.702995	-0.145511	0.595107	-0.023116	-0.001341	-0.010958	0.047067	0.021140	0.998668	-0.125423	0.991989	-0.015087	-0.990986	-0.124546	0.049341
02413	9.742478	-0.176585	0.614863	-0.025980	-0.005363	-0.009645	0.047090	0.020985	0.998670	-0.125088	0.992033	-0.014948	-0.991028	-0.124218	0.049340
02414	9.723874	-0.149647	0.544048	-0.019665	-0.005617	-0.011384	0.047060	0.020841	0.998675	-0.124896	0.992059	-0.014817	-0.991053	-0.124033	0.049290
02415	9.737158	-0.137006	0.595008	-0.019118	-0.008842	-0.013278	0.047128	0.020655	0.998675	-0.124551	0.992105	-0.014642	-0.991093	-0.123695	0.049328
02416	9.738511	-0.123582	0.521703	-0.015651	-0.012984	-0.015302	0.047030	0.020463	0.998684	-0.124396	0.992127	-0.014470	-0.991117	-0.123552	0.049205
02417	9.718651	-0.108237	0.522416	-0.015652	-0.012984	-0.015301	0.046962	0.020203	0.998692	-0.124286	0.992144	-0.014226	-0.991135	-0.123455	0.049104
02418	9.719150	-0.102918	0.497059	-0.010837	-0.013177	-0.012190	0.046858	0.020041	0.998700	-0.124181	0.992160	-0.014083	-0.991153	-0.123360	0.048979
02419	9.739590	-0.111578	0.469675	-0.009364	-0.013502	-0.013850	0.046803	0.019849	0.998707	-0.123985	0.992187	-0.013909	-0.991180	-0.123174	0.048899
02420	9.714239	-0.058582	0.451902	-0.012257	-0.012318	-0.016908	0.046714	0.019642	0.998715	-0.123864	0.992204	-0.013720	-0.991199	-0.123064	0.048783
02421	9.707212	-0.035668	0.528281	-0.010276	-0.016268	-0.015678	0.046634	0.019449	0.998723	-0.123604	0.992239	-0.013551	-0.991235	-0.122815	0.048676
02422	9.713985	-0.059610	0.473221	-0.020020	-0.011478	-0.016691	0.046553	0.019244	0.998730	-0.123406	0.992266	-0.013367	-0.991264	-0.122627	0.048568
02423	9.753965	-0.085981	0.467996	-0.017113	-0.012528	-0.015228	0.046429	0.019063	0.998740	-0.123140	0.992301	-0.013216	-0.991303	-0.122372	0.048419
02424	9.746281	-0.133756	0.433464	-0.011287	-0.014493	-0.013898	0.046315	0.018883	0.998748	-0.123029	0.992317	-0.013056	-0.991322	-0.122271	0.048282
02425	9.740073	-0.102796	0.461590	-0.008803	-0.016590	-0.017338	0.046213	0.018672	0.998757	-0.122798	0.992348	-0.012870	-0.991355	-0.122051	0.048152
02426	9.739781	-0.105222	0.484082	-0.006881	-0.015598	-0.017287	0.046092	0.018457	0.998767	-0.122729	0.992359	-0.012674	-0.991369	-0.121993	0.048005
02427	9.740250	-0.099498	0.458559	-0.006419	-0.014148	-0.017169	0.046023	0.018226	0.998774	-0.122570	0.992382	-0.012462	-0.991392	-0.121847	0.047906
02428	9.768418	-0.058783	0.464304	-0.004534	-0.013559	-0.012334	0.045916	0.018063	0.998782	-0.122527	0.992389	-0.012315	-0.991403	-0.121812	0.047779
02429	9.721178	-0.074770	0.409798	-0.004522	-0.013424	-0.013928	0.045866	0.017834	0.998788	-0.122449	0.992401	-0.012097	-0.991414	-0.121746	0.047701
02430	9.740479	-0.095408	0.454559	-0.003050	-0.013747	-0.015590	0.045761	0.017638	0.998797	-0.122419	0.992407	-0.011916	-0.991423	-0.121727	0.047573
02431	9.720585	-0.079934	0.455278	-0.003038	-0.013613	-0.017184	0.045734	0.017436	0.998801	-0.122188	0.992438	-0.011730	-0.991453	-0.121505	0.047519
02432	9.735050	-0.054609	0.433521	0.000794	-0.011762	-0.015491	0.045649	0.017243	0.998809	-0.122196	0.992439	-0.011549	-0.991456	-0.121523	0.047411
02433	9.734036	-0.065349	0.504650	0.001255	-0.010312	-0.015374	0.045498	0.017010	0.998820	-0.122298	0.992429	-0.011330	-0.991450	-0.121638	0.047233
02434	9.734819	-0.055812	0.455194	0.000846	-0.016837	-0.012717	0.045359	0.016838	0.998829	-0.122307	0.992429	-0.011176	-0.991455	-0.121657	0.047075
02435	9.748927	-0.034909	0.457164	0.001307	-0.015387	-0.012600	0.045194	0.016651	0.998839	-0.122302	0.992432	-0.011010	-0.991463	-0.121663	0.046889
02436	9.769320	-0.043416	0.429672	-0.002601	-0.012433	-0.013874	0.045100	0.016473	0.998847	-0.122277	0.992437	-0.010847	-0.991471	-0.121647	0.046773
02437	9.701375	-0.053577	0.425392	-0.003513	-0.015199	-0.015701	0.044909	0.016221	0.998859	-0.122344	0.992431	-0.010616	-0.991471	-0.121728	0.046554
02438	9.783478	-0.020809	0.430364	-0.008356	-0.015280	-0.015612	0.044789	0.016022	0.998868	-0.122261	0.992443	-0.010437	-0.991487	-0.121655	0.046409
02439	9.769193	-0.043253	0.449454	-0.012759	-0.014181	-0.012216	0.044673	0.015773	0.998877	-0.122256	0.992446	-0.010204	-0.991493	-0.121663	0.046264
02440	9.735918	-0.039819	0.398401	-0.013231	-0.015765	-0.010737	0.044541	0.015622	0.998885	-0.122127	0.992463	-0.010076	-0.991514	-0.121542	0.046114
02441	9.749996	-0.019085	0.400496	-0.014220	-0.013724	-0.012146	0.044386	0.015499	0.998894	-0.121823	0.992502	-0.009986	-0.991559	-0.121245	0.045941
02442	9.729751	-0.008349	0.425134	-0.018546	-0.017433	-0.009167	0.044236	0.015362	0.998903	-0.121642	0.992525	-0.009877	-0.991588	-0.121072	0.045774
02443	9.735793	-0.040942	0.418067	-0.020064	-0.011901	-0.011868	0.044178	0.015177	0.998908	-0.121373	0.992559	-0.009713	-0.991623	-0.120811	0.045692
02444	9.729556	-0.010742	0.446539	-0.017184	-0.013352	-0.005627	0.044065	0.015080	0.998915	-0.121207	0.992580	-0.009638	-0.991649	-0.120651	0.045566
02445	9.720655	-0.075849	0.508344	-0.024487	-0.011074	-0.005280	0.044004	0.014934	0.998920	-0.120971	0.992610	-0.009511	-0.991680	-0.120422	0.045485
02446	9.714434	-0.045782	0.536835	-0.019076	-0.013941	-0.010457	0.043890	0.014788	0.998927	-0.120784	0.992634	-0.009388	-0.991708	-0.120242	0.045353
02447	9.708539	-0.011405	0.540922	-0.020468	-0.018427	-0.009211	0.043711	0.014644	0.998937	-0.120509	0.992669	-0.009278	-0.991749	-0.119975	0.045156
02448	9.728638	-0.024566	0.536942	-0.027243	-0.019642	-0.007569	0.043538	0.014520	0.998946	-0.120242	0.992702	-0.009188	-0.991789	-0.119716	0.044966
02449	9.708761	-0.009998	0.536955	-0.038292	-0.023889	-0.010918	0.043447	0.014309	0.998953	-0.119757	0.992762	-0.009012	-0.991852	-0.119240	0.044846
02450	9.762611	-0.021293	0.557782	-0.042596	-0.027330	-0.011124	0.043202	0.014141	0.998966	-0.119336	0.992814	-0.008893	-0.991914	-0.118829	0.044579
02451	9.775314	-0.079136	0.495468	-0.057578	-0.028898	-0.012543	0.042936	0.013919	0.998981	-0.118760	0.992885	-0.008730	-0.991994	-0.118264	0.044284
02452	9.720941	-0.078665	0.541244	-0.052676	-0.033894	-0.009868	0.042624	0.013756	0.998996	-0.118240	0.992948	-0.008628	-0.992070	-0.117754	0.043950
02453	9.761138	-0.105506	0.533395	-0.058424	-0.036605	-0.013186	0.042286	0.013561	0.999014	-0.117548	0.993031	-0.008504	-0.992167	-0.117072	0.043585
02454	9.755119	-0.075255	0.559169	-0.056355	-0.045360	-0.012389	0.041862	0.013359	0.999034	-0.116990	0.993098	-0.008378	-0.992250	-0.116526	0.043136
02455	9.741633	-0.089581	0.526878	-0.057715	-0.049297	-0.017516	0.041434	0.012977	0.999057	-0.116598	0.993146	-0.008064	-0.992315	-0.116154	0.042663
02456	9.755921	-0.068551	0.525302	-0.058106	-0.055692	-0.016457	0.040912	0.012723	0.999082	-0.116022	0.993215	-0.007897	-0.992404	-0.115592	0.042111
02457	9.782873	-0.101813	0.439402	-0.056108	-0.059503	-0.016831	0.040367	0.012432	0.999108	-0.115426	0.993286	-0.007696	-0.992495	-0.115013	0.041531
02458	9.770935	-0.037462	0.469358	-0.057552	-0.058630	-0.021527	0.039822	0.012125	0.999133	-0.114853	0.993354	-0.007477	-0.992584	-0.114456	0.040950
02459	9.829640	-0.155071	0.393020	-0.063774	-0.062931	-0.023355	0.039233	0.011755	0.999161	-0.114226	0.993429	-0.007202	-0.992680	-0.113847	0.040318
02460	9.728748	-0.149062	0.262768	-0.044391	-0.062296	-0.026970	0.038657	0.011390	0.999188	-0.113781	0.993482	-0.006923	-0.992753	-0.113421	0.039701
02461	9.816664	-0.157018	0.304749	-0.034160	-0.065331	-0.029090	0.037960	0.010975	0.999219	-0.113496	0.993517	-0.006601	-0.992813	-0.113157	0.038959
02462	9.837829	-0.137719	0.127930	-0.021620	-0.060830	-0.033810	0.037406	0.010544	0.999245	-0.113276	0.993544	-0.006244	-0.992859	-0.112956	0.038359
02463	9.840194	-0.034569	0.065470	-0.012920	-0.058179	-0.040210	0.036928	0.010019	0.999268	-0.113096	0.993567	-0.005782	-0.992898	-0.112800	0.037824
02464	9.774127	0.044245	0.073240	-0.026610	-0.050466	-0.042371	0.036487	0.009515	0.999289	-0.112823	0.993601	-0.005341	-0.992945	-0.112548	0.037327
02465	9.748226	0.104142	0.029053	-0.048076	-0.042227	-0.041065	0.036137	0.009005	0.999306	-0.112306	0.993662	-0.004893	-0.993016	-0.112051	0.036920
02466	9.788104	0.071761	0.068712	-0.060863	-0.032185	-0.036606	0.035871	0.008579	0.999320	-0.111695	0.993732	-0.004522	-0.993095	-0.111457	0.036604
02467	9.800466	0.021198	-0.017872	-0.079040	-0.018888	-0.031703	0.035755	0.008210	0.999327	-0.110805	0.993833	-0.004200	-0.993199	-0.110581	0.036444
02468	9.840596	0.001346	-0.048267	-0.080127	-0.011896	-0.034242	0.035687	0.007830	0.999332	-0.110004	0.993924	-0.003860	-0.993290	-0.109793	0.036332
02469	9.784656	-0.086912	0.008731	-0.084221	0.001237	-0.040956	0.035783	0.007430	0.999332	-0.108966	0.994039	-0.003489	-0.993401	-0.108769	0.036380
02470	9.764643	-0.068912	0.011586	-0.079002	0.008167	-0.046876	0.035927	0.006947	0.999330	-0.108171	0.994128	-0.003022	-0.993483	-0.107990	0.036468
02471	9.758356	-0.044149	0.090835	-0.080097	0.015017	-0.047811	0.036147	0.006463	0.999326	-0.107255	0.994228	-0.002551	-0.993574	-0.107090	0.036632
02472	9.704132	-0.045046	0.166023	-0.083657	0.024510	-0.051642	0.036458	0.005950	0.999317	-0.106411	0.994320	-0.002038	-0.993654	-0.106264	0.036884
02473	9.725669	0.028322	0.206089	-0.100661	0.026847	-0.054152	0.036751	0.005414	0.999310	-0.105343	0.994435	-0.001513	-0.993757	-0.105215	0.037117
02474	9.725241	0.010931	0.328796	-0.125898	0.028376	-0.054896	0.037102	0.004871	0.999300	-0.104078	0.994569	-0.000984	-0.993877	-0.103968	0.037408
02475	9.704885	0.020465	0.382490	-0.158548	0.037093	-0.056353	0.037525	0.004332	0.999286	-0.102379	0.994745	-0.000467	-0.994037	-0.102288	0.037771
02476	9.702865	-0.088216	0.513188	-0.188442	0.029492	-0.064217	0.037895	0.003697	0.999275	-0.100487	0.994938	0.000130	-0.994216	-0.100419	0.038075
02477	9.660989	-0.155959	0.575948	-0.203357	0.023059	-0.065954	0.038268	0.003015	0.999263	-0.098322	0.995154	0.000763	-0.994419	-0.098279	0.038379
02478	9.707154	-0.229699	0.661771	-0.210493	0.016142	-0.071162	0.038510	0.002296	0.999256	-0.096207	0.995360	0.001421	-0.994616	-0.096190	0.038552
02479	9.686792	-0.229142	0.760637	-0.217981	0.003129	-0.078559	0.038561	0.001511	0.999255	-0.093951	0.995575	0.002121	-0.994830	-0.093963	0.038532
02480	9.686619	-0.246397	0.879436	-0.227829	-0.011714	-0.092494	0.038542	0.000553	0.999257	-0.091654	0.995786	0.002984	-0.995045	-0.091701	0.038430
02481	9.660229	-0.211619	0.982001	-0.238140	-0.028629	-0.100201	0.038399	-0.000557	0.999262	-0.089250	0.996001	0.003985	-0.995269	-0.089337	0.038195
02482	9.701992	-0.154551	1.037889	-0.250370	-0.046710	-0.106365	0.038039	-0.001684	0.999275	-0.086722	0.996220	0.004980	-0.995506	-0.086849	0.037749
02483	9.682474	-0.147952	1.106309	-0.265874	-0.070156	-0.112973	0.037427	-0.002881	0.999295	-0.083961	0.996451	0.006017	-0.995766	-0.084127	0.037053
02484	9.696442	-0.210771	1.108207	-0.284870	-0.088557	-0.126971	0.036662	-0.004245	0.999319	-0.081082	0.996681	0.007209	-0.996033	-0.081291	0.036196
02485	9.697144	-0.292374	1.103437	-0.287740	-0.112468	-0.135628	0.035703	-0.005703	0.999346	-0.078049	0.996913	0.008478	-0.996310	-0.078301	0.035147
02486	9.725687	-0.328124	1.080425	-0.275041	-0.137361	-0.149738	0.034460	-0.007328	0.999379	-0.075261	0.997115	0.009907	-0.996568	-0.075556	0.033809
02487	9.693582	-0.306578	0.992411	-0.257603	-0.157293	-0.163521	0.033086	-0.009072	0.999411	-0.072477	0.997304	0.011453	-0.996821	-0.072813	0.032340
02488	9.675040	-0.263417	0.906997	-0.240162	-0.177194	-0.177340	0.031458	-0.010994	0.999445	-0.070030	0.997458	0.013177	-0.997049	-0.070406	0.030608
02489	9.716715	-0.247657	0.763049	-0.216960	-0.194360	-0.187905	0.029556	-0.012939	0.999479	-0.067721	0.997593	0.014917	-0.997266	-0.068127	0.028609
02490	9.670345	-0.149459	0.661677	-0.189484	-0.207826	-0.199879	0.027628	-0.015099	0.999504	-0.065779	0.997691	0.016890	-0.997452	-0.066213	0.026571
02491	9.636556	-0.024909	0.540129	-0.166366	-0.220842	-0.203657	0.025460	-0.017257	0.999527	-0.064083	0.997766	0.018859	-0.997620	-0.064533	0.024297
02492	9.669151	0.119389	0.396564	-0.159564	-0.223940	-0.208913	0.023368	-0.019510	0.999537	-0.062444	0.997829	0.020936	-0.997775	-0.062905	0.022099
02493	9.687569	0.239368	0.272429	-0.162471	-0.227362	-0.213796	0.021313	-0.021794	0.999535	-0.060645	0.997893	0.023051	-0.997932	-0.061108	0.019947
02494	9.697449	0.318443	0.088627	-0.179502	-0.229847	-0.217936	0.019160	-0.024133	0.999525	-0.058814	0.997950	0.025222	-0.998085	-0.059270	0.017702
02495	9.673589	0.380480	-0.048176	-0.198180	-0.226949	-0.222966	0.017019	-0.026478	0.999505	-0.056707	0.998015	0.027404	-0.998246	-0.057146	0.015484
02496	9.627217	0.467191	-0.227893	-0.219447	-0.217709	-0.220709	0.014979	-0.028829	0.999472	-0.054486	0.998076	0.029605	-0.998402	-0.054900	0.013380
02497	9.677618	0.579864	-0.277081	-0.235961	-0.204072	-0.213341	0.013107	-0.031057	0.999432	-0.051959	0.998146	0.031698	-0.998563	-0.052345	0.011469
02498	9.685273	0.649482	-0.408926	-0.275279	-0.191859	-0.204944	0.011305	-0.033226	0.999384	-0.049189	0.998219	0.033744	-0.998725	-0.049541	0.009651
02499	9.734125	0.687810	-0.522427	-0.307742	-0.167425	-0.195417	0.009781	-0.035260	0.999330	-0.045960	0.998306	0.035674	-0.998895	-0.046278	0.008144
02500	9.733951	0.710659	-0.686201	-0.326802	-0.151584	-0.187518	0.008361	-0.037226	0.999272	-0.042682	0.998383	0.037550	-0.999054	-0.042965	0.006758
02501	9.742146	0.768581	-0.763671	-0.342374	-0.124308	-0.176816	0.007136	-0.039047	0.999212	-0.039240	0.998457	0.039298	-0.999204	-0.039490	0.005593
02502	9.743462	0.779737	-0.874974	-0.365254	-0.099194	-0.170706	0.006219	-0.040815	0.999147	-0.035583	0.998525	0.041011	-0.999347	-0.035808	0.004758
02503	9.775737	0.727853	-0.925396	-0.384990	-0.068496	-0.165625	0.005632	-0.042460	0.999082	-0.031541	0.998593	0.042617	-0.999487	-0.031752	0.004285
02504	9.746551	0.640692	-1.030255	-0.384401	-0.034405	-0.158027	0.005345	-0.044074	0.999014	-0.027694	0.998639	0.044206	-0.999602	-0.027903	0.004117
02505	9.756381	0.692453	-1.072097	-0.364711	-0.005230	-0.155322	0.005367	-0.045624	0.998944	-0.023892	0.998668	0.045739	-0.999700	-0.024113	0.004270
02506	9.777117	0.836642	-0.909202	-0.355507	0.019947	-0.147671	0.005609	-0.047120	0.998873	-0.020334	0.998677	0.047225	-0.999778	-0.020576	0.004643
02507	9.819423	0.888207	-0.794021	-0.371668	0.045778	-0.138377	0.006060	-0.048433	0.998808	-0.016478	0.998686	0.048527	-0.999846	-0.016752	0.005254
02508	9.798829	0.825008	-0.653845	-0.382606	0.073493	-0.130687	0.006823	-0.049753	0.998738	-0.012647	0.998677	0.049836	-0.999897	-0.012971	0.006185
02509	9.763217	0.667657	-0.461335	-0.375990	0.089677	-0.122312	0.007654	-0.050935	0.998673	-0.008827	0.998660	0.051002	-0.999932	-0.009205	0.007194
02510	9.773334	0.543134	-0.286201	-0.349958	0.103627	-0.126613	0.008708	-0.052217	0.998598	-0.005320	0.998619	0.052265	-0.999948	-0.005767	0.008419
02511	9.771800	0.455208	0.001843	-0.312327	0.108393	-0.134468	0.009854	-0.053543	0.998517	-0.001961	0.998562	0.053565	-0.999950	-0.002486	0.009735
02512	9.758952	0.332330	0.330555	-0.279021	0.102723	-0.138707	0.010892	-0.054952	0.998430	0.000842	0.998489	0.054947	-0.999940	0.000242	0.010921
02513	9.706448	0.305095	0.611377	-0.236460	0.089028	-0.138250	0.011769	-0.056346	0.998342	0.003302	0.998408	0.056311	-0.999925	0.002634	0.011936
02514	9.665511	0.303939	0.872355	-0.202024	0.070575	-0.144420	0.012478	-0.057816	0.998249	0.005338	0.998317	0.057753	-0.999908	0.004608	0.012765
02515	9.667931	0.351305	1.067590	-0.170144	0.047031	-0.143185	0.012943	-0.059218	0.998161	0.007205	0.998224	0.059128	-0.999890	0.006427	0.013346
02516	9.665103	0.496836	1.239081	-0.152120	0.015751	-0.150250	0.013097	-0.060744	0.998067	0.008744	0.998122	0.060633	-0.999876	0.007933	0.013604
02517	9.683626	0.567256	1.307654	-0.141653	-0.016859	-0.144264	0.012896	-0.062122	0.997985	0.010306	0.998023	0.061992	-0.999864	0.009485	0.013511
02518	9.684151	0.572645	1.328822	-0.136961	-0.044346	-0.151631	0.012445	-0.063656	0.997894	0.011693	0.997913	0.063512	-0.999854	0.010878	0.013164
02519	9.658402	0.490412	1.193476	-0.113196	-0.072124	-0.160237	0.011694	-0.065227	0.997802	0.012941	0.997796	0.065075	-0.999848	0.012152	0.012512
02520	9.692840	0.450840	1.090788	-0.074743	-0.099465	-0.166525	0.010686	-0.066901	0.997702	0.013706	0.997675	0.066753	-0.999849	0.012961	0.011578
02521	9.702310	0.453174	0.896855	-0.034270	-0.119000	-0.175046	0.009379	-0.068629	0.997598	0.014055	0.997553	0.068494	-0.999857	0.013379	0.010321
02522	9.747034	0.531355	0.670830	0.010430	-0.142297	-0.176401	0.007940	-0.070395	0.997488	0.013965	0.997430	0.070280	-0.999871	0.013372	0.008903
02523	9.728274	0.645516	0.456472	0.043898	-0.158382	-0.184011	0.006367	-0.072215	0.997369	0.013686	0.997302	0.072122	-0.999886	0.013190	0.007338
02524	9.744383	0.754005	0.288431	0.063688	-0.162629	-0.181036	0.004726	-0.074024	0.997245	0.013058	0.997176	0.073957	-0.999904	0.012673	0.005679
02525	9.719035	0.878289	0.152287	0.083072	-0.168320	-0.178252	0.003011	-0.075789	0.997119	0.012330	0.997051	0.075746	-0.999919	0.012067	0.003936
02526	9.705283	0.948939	0.075197	0.096434	-0.172006	-0.177984	0.001279	-0.077568	0.996986	0.011369	0.996924	0.077549	-0.999935	0.011236	0.002156
02527	9.722653	1.097736	0.070795	0.089351	-0.175597	-0.173117	-0.000486	-0.079273	0.996853	0.010595	0.996797	0.079274	-0.999944	0.010600	0.000355
02528	9.776046	0.975445	0.007437	0.070711	-0.174235	-0.169949	-0.002237	-0.080974	0.996714	0.009885	0.996666	0.080992	-0.999949	0.010034	-0.001429
02529	9.745811	0.898832	-0.036682	0.080222	-0.176213	-0.162815	-0.003986	-0.082578	0.996577	0.009226	0.996539	0.082612	-0.999949	0.009523	-0.003210
02530	9.675994	0.904024	-0.079134	0.103268	-0.178954	-0.164740	-0.005781	-0.084229	0.996430	0.008185	0.996409	0.084274	-0.999950	0.008643	-0.005071
02531	9.723754	1.001093	-0.076343	0.121430	-0.178394	-0.157885	-0.007597	-0.085800	0.996283	0.007036	0.996283	0.085854	-0.999946	0.007662	-0.006965
02532	9.729331	1.120449	-0.064269	0.107066	-0.180588	-0.149067	-0.009403	-0.087297	0.996138	0.005953	0.996159	0.087355	-0.999938	0.006751	-0.008847
02533	9.723961	1.082316	-0.097969	0.081477	-0.176182	-0.143312	-0.011189	-0.088718	0.995994	0.005190	0.996038	0.088780	-0.999924	0.006163	-0.010684
02534	9.690668	1.079845	-0.092994	0.069656	-0.180368	-0.136541	-0.012990	-0.090092	0.995849	0.004477	0.995918	0.090156	-0.999906	0.005630	-0.012533
02535	9.648809	1.042511	-0.046467	0.056647	-0.182268	-0.132555	-0.014902	-0.091409	0.995702	0.003846	0.995800	0.091476	-0.999882	0.005193	-0.014488
02536	9.663059	0.998485	-0.108264	0.049467	-0.185208	-0.132332	-0.016750	-0.092742	0.995549	0.003331	0.995678	0.092810	-0.999854	0.004870	-0.016368
02537	9.693279	0.960979	-0.118542	0.045843	-0.188100	-0.127582	-0.018548	-0.094029	0.995397	0.003090	0.995558	0.094101	-0.999823	0.004821	-0.018175
02538	9.688418	0.920993	-0.152260	0.042774	-0.187158	-0.128742	-0.020413	-0.095326	0.995237	0.002638	0.995436	0.095399	-0.999788	0.004573	-0.020069
02539	9.651661	0.931060	-0.194223	0.046332	-0.190998	-0.131056	-0.022366	-0.096713	0.995061	0.002204	0.995303	0.096786	-0.999747	0.004358	-0.022048
02540	9.679215	0.966316	-0.260015	0.046559	-0.191914	-0.124743	-0.024278	-0.097971	0.994893	0.001709	0.995181	0.098041	-0.999704	0.004081	-0.023993
02541	9.657570	1.048886	-0.282035	0.047115	-0.188328	-0.129029	-0.026146	-0.099267	0.994717	0.001333	0.995053	0.099336	-0.999657	0.003923	-0.025884
02542	9.688111	1.006897	-0.395939	0.035129	-0.185201	-0.129164	-0.027989	-0.100570	0.994536	0.000947	0.994923	0.100636	-0.999608	0.003759	-0.027752
02543	9.678444	0.980603	-0.475799	0.040201	-0.182933	-0.132408	-0.029861	-0.101913	0.994345	0.000566	0.994787	0.101975	-0.999554	0.003607	-0.029647
02544	9.690547	1.002650	-0.568975	0.050838	-0.177119	-0.137256	-0.031622	-0.103297	0.994148	0.000015	0.994645	0.103349	-0.999500	0.003283	-0.031451
02545	9.706703	1.006652	-0.718400	0.060921	-0.168437	-0.138511	-0.033376	-0.104681	0.993946	-0.000673	0.994502	0.104717	-0.999443	0.002826	-0.033263
02546	9.626001	1.034358	-0.850500	0.080939	-0.157065	-0.143471	-0.034936	-0.106128	0.993739	-0.001531	0.994350	0.106140	-0.999388	0.002186	-0.034901
02547	9.662327	1.162111	-0.836960	0.099930	-0.144067	-0.146561	-0.036366	-0.107597	0.993529	-0.002503	0.994194	0.107578	-0.999335	0.001425	-0.036424
02548	9.700927	1.283214	-0.799150	0.096086	-0.129254	-0.142683	-0.037644	-0.109039	0.993324	-0.003516	0.994037	0.108984	-0.999285	0.000610	-0.037803
02549	9.684410	1.287281	-0.736927	0.074484	-0.120718	-0.141249	-0.038874	-0.110486	0.993117	-0.004263	0.993878	0.110404	-0.999235	0.000059	-0.039107
02550	9.656176	1.270656	-0.678149	0.046552	-0.112232	-0.139265	-0.039980	-0.111895	0.992915	-0.004782	0.993720	0.111793	-0.999189	-0.000279	-0.040264
02551	9.642490	1.209230	-0.581471	0.026187	-0.103426	-0.142681	-0.040992	-0.113383	0.992705	-0.004944	0.993551	0.113275	-0.999147	-0.000265	-0.041288
02552	9.659868	1.223530	-0.516813	0.016716	-0.098428	-0.137987	-0.041960	-0.114779	0.992505	-0.005168	0.993391	0.114663	-0.999106	-0.000318	-0.042275
02553	9.651049	1.261670	-0.493032	0.001236	-0.098266	-0.133358	-0.042987	-0.116124	0.992304	-0.005279	0.993235	0.116004	-0.999062	-0.000252	-0.043309
02554	9.630410	1.219760	-0.464466	-0.012731	-0.089660	-0.135764	-0.043866	-0.117497	0.992104	-0.005211	0.993073	0.117381	-0.999024	-0.000021	-0.044175
02555	9.673385	1.204238	-0.460825	-0.011601	-0.094055	-0.128424	-0.044814	-0.118866	0.991898	-0.005035	0.992910	0.118760	-0.998983	0.000328	-0.045095
02556	9.664739	1.241893	-0.436206	-0.011021	-0.090684	-0.131208	-0.045705	-0.120193	0.991698	-0.004984	0.992750	0.120091	-0.998943	0.000546	-0.045973
02557	9.647272	1.193144	-0.383950	-0.011599	-0.091740	-0.134435	-0.046596	-0.121575	0.991488	-0.004791	0.992582	0.121484	-0.998902	0.000910	-0.046833
02558	9.627628	1.092215	-0.346626	-0.011937	-0.097360	-0.139840	-0.047553	-0.122987	0.991268	-0.004738	0.992408	0.122901	-0.998857	0.001148	-0.047775
02559	9.657637	1.127824	-0.277268	-0.003177	-0.105512	-0.143220	-0.048636	-0.124491	0.991028	-0.004690	0.992220	0.124410	-0.998806	0.001403	-0.048841
02560	9.636742	1.204803	-0.267575	0.001401	-0.113260	-0.141387	-0.049752	-0.125917	0.990792	-0.004774	0.992040	0.125836	-0.998750	0.001531	-0.049957
02561	9.658803	1.201280	-0.260848	-0.008869	-0.115190	-0.143796	-0.050887	-0.127420	0.990543	-0.004584	0.991847	0.127353	-0.998694	0.001940	-0.051056
02562	9.603381	1.203957	-0.345615	-0.002065	-0.124243	-0.148696	-0.052112	-0.128918	0.990285	-0.004640	0.991653	0.128852	-0.998630	0.002120	-0.052275
02563	9.612767	1.239427	-0.353303	0.009234	-0.128073	-0.153381	-0.053368	-0.130513	0.990009	-0.004639	0.991444	0.130452	-0.998564	0.002370	-0.053517
02564	9.649869	1.239838	-0.400934	0.019392	-0.136332	-0.158503	-0.054713	-0.132107	0.989724	-0.004918	0.991233	0.132036	-0.998490	0.002357	-0.054883
02565	9.662512	1.257828	-0.466841	0.041216	-0.136509	-0.162178	-0.056121	-0.133726	0.989428	-0.005461	0.991016	0.133631	-0.998409	0.002097	-0.056348
02566	9.650082	1.304977	-0.470684	0.058930	-0.140426	-0.165919	-0.057505	-0.135393	0.989122	-0.006143	0.990791	0.135264	-0.998326	0.001702	-0.057807
02567	9.634377	1.358732	-0.498299	0.066434	-0.142370	-0.165243	-0.058899	-0.137087	0.988806	-0.006785	0.990558	0.136926	-0.998241	0.001356	-0.059273
02568	9.636297	1.420302	-0.475557	0.077376	-0.149983	-0.164008	-0.060376	-0.138735	0.988487	-0.007655	0.990329	0.138526	-0.998146	0.000797	-0.060854
02569	9.634909	1.488306	-0.476823	0.089716	-0.151454	-0.163761	-0.061841	-0.140425	0.988158	-0.008458	0.990091	0.140170	-0.998050	0.000311	-0.062416
02570	9.603853	1.538875	-0.453502	0.075017	-0.154787	-0.159434	-0.063363	-0.142028	0.987833	-0.009306	0.989863	0.141723	-0.997947	-0.000213	-0.064042
02571	9.520266	1.629075	-0.488590	0.069354	-0.160360	-0.154692	-0.064972	-0.143643	0.987494	-0.010021	0.989629	0.143294	-0.997837	-0.000586	-0.065738
02572	9.563063	1.628652	-0.413310	0.046802	-0.161192	-0.155595	-0.066556	-0.145210	0.987160	-0.010590	0.989401	0.144825	-0.997726	-0.000816	-0.067388
02573	9.588000	1.619905	-0.389141	0.034207	-0.170087	-0.148931	-0.068232	-0.146693	0.986826	-0.011010	0.989182	0.146281	-0.997609	-0.000884	-0.069108
02574	9.565649	1.585055	-0.391147	0.020654	-0.175274	-0.144893	-0.069955	-0.148153	0.986487	-0.011316	0.988964	0.147722	-0.997486	-0.000829	-0.070859
02575	9.502965	1.511204	-0.372428	0.006370	-0.183437	-0.141110	-0.071782	-0.149592	0.986139	-0.011457	0.988748	0.149153	-0.997355	-0.000592	-0.072688
02576	9.506602	1.499415	-0.423731	-0.001589	-0.191455	-0.137963	-0.073666	-0.150982	0.985788	-0.011542	0.988536	0.150540	-0.997216	-0.000288	-0.074564
02577	9.475109	1.535555	-0.482850	0.003975	-0.200561	-0.139547	-0.075690	-0.152426	0.985412	-0.011663	0.988315	0.151979	-0.997063	0.000010	-0.076583
02578	9.511302	1.575093	-0.603435	0.005048	-0.204515	-0.135290	-0.077704	-0.153788	0.985044	-0.011817	0.988104	0.153333	-0.996906	0.000274	-0.078597
02579	9.514406	1.603182	-0.722208	-0.001060	-0.205131	-0.131451	-0.079725	-0.155134	0.984671	-0.011848	0.987893	0.154682	-0.996746	0.000665	-0.080598
02580	9.544718	1.595899	-0.880903	0.008070	-0.207547	-0.129491	-0.081770	-0.156437	0.984297	-0.012034	0.987688	0.155976	-0.996579	0.000909	-0.082645
02581	9.556943	1.592350	-1.010196	0.026698	-0.200366	-0.133843	-0.083747	-0.157805	0.983913	-0.012351	0.987470	0.157325	-0.996411	0.001024	-0.084646
02582	9.569778	1.641485	-1.125080	0.048302	-0.195931	-0.134107	-0.085673	-0.159153	0.983530	-0.012946	0.987254	0.158628	-0.996239	0.000858	-0.086642
02583	9.612663	1.596253	-1.270756	0.079913	-0.188976	-0.135241	-0.087547	-0.160543	0.983139	-0.013836	0.987029	0.159947	-0.996064	0.000400	-0.088632
02584	9.631832	1.672471	-1.404672	0.117531	-0.175131	-0.139486	-0.089262	-0.161946	0.982754	-0.015130	0.986800	0.161238	-0.995893	-0.000477	-0.090534
02585	9.606613	1.839531	-1.454424	0.143401	-0.160978	-0.136040	-0.090859	-0.163358	0.982374	-0.016631	0.986566	0.162516	-0.995725	-0.001572	-0.092356
02586	9.656605	1.904443	-1.466789	0.151428	-0.142927	-0.130130	-0.092251	-0.164670	0.982025	-0.018259	0.986345	0.163679	-0.995568	-0.002831	-0.093998
02587	9.732307	1.952646	-1.460988	0.140309	-0.127145	-0.120690	-0.093493	-0.165908	0.981699	-0.019726	0.986133	0.164779	-0.995424	-0.003959	-0.095470
02588	9.647497	1.870554	-1.510545	0.128112	-0.111634	-0.106419	-0.094574	-0.166988	0.981413	-0.021101	0.985946	0.165726	-0.995294	-0.005036	-0.096768
02589	9.633719	1.909836	-1.512622	0.122537	-0.092334	-0.097288	-0.095472	-0.168006	0.981152	-0.022360	0.985767	0.166621	-0.995181	-0.006031	-0.097870
