// General information: 
//  MT Manager version: 2022.2.0 
//  XDA version: 2022.2.0 build 7381 rev 124627 built on 2023-07-19
// Device information: 
//  DeviceId: 00B4CAF0
//  ProductCode: MTW2-3A7G6
//  Firmware Version: 4.6.0
//  Hardware Version: 2.0.0
// Device settings: 
//  Filter Profile: human(46.1)
//  Option Flags: Orientation Smoother Disabled, Position/Velocity Smoother Disabled, Continuous Zero Rotation Update Disabled, AHS Disabled, ICC Disabled
// Coordinate system: ENU
PacketCounter	Acc_X	Acc_Y	Acc_Z	Gyr_X	Gyr_Y	Gyr_Z	Mat[1][1]	Mat[2][1]	Mat[3][1]	Mat[1][2]	Mat[2][2]	Mat[3][2]	Mat[1][3]	Mat[2][3]	Mat[3][3]
54977	4.817457	-0.206691	9.093147	0.008640	0.000242	-0.001018	-0.861002	-0.199614	0.467793	0.215292	-0.976337	-0.020358	0.460788	0.083184	0.883604
54978	4.800944	-0.233704	9.042814	0.008013	-0.002136	0.001756	-0.860984	-0.199599	0.467832	0.215300	-0.976337	-0.020320	0.460817	0.083228	0.883584
54979	4.818119	-0.218961	9.053124	0.011313	0.000953	0.004076	-0.860978	-0.199613	0.467837	0.215343	-0.976328	-0.020268	0.460809	0.083295	0.883582
54980	4.783251	-0.232588	9.072537	0.005661	0.000730	0.001253	-0.860974	-0.199596	0.467851	0.215335	-0.976330	-0.020249	0.460819	0.083311	0.883575
54981	4.800294	-0.217954	9.082913	0.009239	0.001099	0.000919	-0.860976	-0.199579	0.467855	0.215342	-0.976330	-0.020201	0.460813	0.083356	0.883574
54982	4.782734	-0.203129	9.092875	0.009847	0.002464	0.001285	-0.860980	-0.199564	0.467853	0.215354	-0.976328	-0.020144	0.460799	0.083410	0.883576
54983	4.800252	-0.244502	9.062944	0.007735	0.000584	0.004410	-0.860973	-0.199580	0.467861	0.215382	-0.976322	-0.020125	0.460800	0.083442	0.883573
54984	4.800369	-0.229696	9.043222	0.008353	0.002455	0.003206	-0.860973	-0.199583	0.467859	0.215404	-0.976318	-0.020091	0.460789	0.083481	0.883575
54985	4.782177	-0.215721	9.112882	0.004435	-0.002506	0.002092	-0.860955	-0.199576	0.467896	0.215399	-0.976319	-0.020091	0.460825	0.083487	0.883555
54986	4.764883	-0.201249	9.122692	0.007145	0.000232	0.000903	-0.860950	-0.199555	0.467913	0.215395	-0.976321	-0.020057	0.460836	0.083518	0.883547
54987	4.783107	-0.256591	9.052695	0.005043	-0.001141	0.002458	-0.860937	-0.199551	0.467939	0.215396	-0.976321	-0.020052	0.460860	0.083528	0.883533
54988	4.834822	-0.256634	9.083111	0.003199	-0.006247	0.004501	-0.860895	-0.199560	0.468013	0.215405	-0.976319	-0.020070	0.460935	0.083534	0.883494
54989	4.766293	-0.214186	9.082271	0.003218	-0.005235	0.001360	-0.860866	-0.199540	0.468075	0.215386	-0.976323	-0.020076	0.460998	0.083534	0.883461
54990	4.783829	-0.242326	9.092027	0.002332	-0.003879	0.003646	-0.860836	-0.199543	0.468128	0.215384	-0.976323	-0.020097	0.461055	0.083527	0.883432
54991	4.784606	-0.227921	9.071941	0.004085	-0.007603	0.002215	-0.860794	-0.199530	0.468211	0.215377	-0.976324	-0.020100	0.461136	0.083540	0.883388
54992	4.785185	-0.227675	9.071642	0.003218	-0.005235	0.001360	-0.860763	-0.199509	0.468277	0.215359	-0.976328	-0.020102	0.461202	0.083544	0.883353
54993	4.768425	-0.227869	9.100849	-0.000452	-0.014434	0.002307	-0.860690	-0.199492	0.468418	0.215332	-0.976333	-0.020146	0.461351	0.083526	0.883277
54994	4.821687	-0.242015	9.090721	0.001023	-0.015438	0.003528	-0.860607	-0.199484	0.468574	0.215322	-0.976335	-0.020178	0.461510	0.083529	0.883194
54995	4.789182	-0.241607	9.029817	-0.001909	-0.012418	-0.002054	-0.860553	-0.199425	0.468699	0.215251	-0.976350	-0.020213	0.461645	0.083493	0.883127
54996	4.824372	-0.185533	9.069948	0.001649	-0.013061	0.000753	-0.860487	-0.199392	0.468834	0.215220	-0.976356	-0.020227	0.461782	0.083498	0.883055
54997	4.825295	-0.242072	9.088805	0.000156	-0.013070	0.002674	-0.860419	-0.199380	0.468964	0.215200	-0.976360	-0.020267	0.461919	0.083483	0.882985
54998	4.775011	-0.241970	9.057666	-0.001320	-0.012066	0.001454	-0.860356	-0.199354	0.469091	0.215162	-0.976367	-0.020310	0.462054	0.083457	0.882916
54999	4.775541	-0.242765	9.116793	-0.004631	-0.015661	0.000709	-0.860280	-0.199320	0.469243	0.215101	-0.976379	-0.020382	0.462222	0.083400	0.882834
55000	4.811837	-0.257087	9.076534	-0.004906	-0.012941	0.003361	-0.860209	-0.199312	0.469377	0.215063	-0.976386	-0.020466	0.462372	0.083341	0.882761
55001	4.813445	-0.243570	9.055969	-0.010894	-0.017249	-0.002475	-0.860133	-0.199246	0.469544	0.214947	-0.976409	-0.020579	0.462568	0.083226	0.882669
55002	4.797202	-0.259161	9.104601	-0.016557	-0.017978	-0.003723	-0.860054	-0.199165	0.469724	0.214794	-0.976439	-0.020733	0.462786	0.083063	0.882570
55003	4.831447	-0.177415	9.224683	-0.040490	-0.004982	-0.029395	-0.860093	-0.198845	0.469789	0.214307	-0.976541	-0.020980	0.462940	0.082635	0.882530
55004	4.854510	-0.430744	8.892622	-0.028109	-0.039637	0.002861	-0.859899	-0.198810	0.470158	0.214157	-0.976568	-0.021266	0.463369	0.082401	0.882326
55005	4.646455	-0.126463	9.170883	-0.050697	-0.009287	-0.013865	-0.859884	-0.198639	0.470258	0.213758	-0.976646	-0.021676	0.463582	0.081882	0.882263
55006	4.873153	-0.227782	9.101799	-0.035364	-0.023250	-0.011694	-0.859797	-0.198476	0.470486	0.213449	-0.976707	-0.021958	0.463885	0.081546	0.882134
55007	4.789715	-0.300840	9.049023	-0.043750	-0.027229	-0.010171	-0.859690	-0.198327	0.470743	0.213113	-0.976772	-0.022324	0.464237	0.081130	0.881988
55008	4.756995	-0.291713	9.146841	-0.053959	-0.034796	-0.011312	-0.859548	-0.198159	0.471073	0.212721	-0.976848	-0.022771	0.464679	0.080634	0.881800
55009	4.760841	-0.267575	9.105343	-0.058484	-0.040108	-0.015918	-0.859394	-0.197945	0.471445	0.212268	-0.976935	-0.023241	0.465171	0.080100	0.881589
55010	4.747331	-0.245215	9.152964	-0.074108	-0.052143	-0.017804	-0.859185	-0.197699	0.471929	0.211726	-0.977038	-0.023835	0.465805	0.079441	0.881315
55011	4.597040	-0.308530	9.197701	-0.082311	-0.066154	-0.023023	-0.858924	-0.197392	0.472532	0.211098	-0.977158	-0.024479	0.466570	0.078725	0.880974
55012	4.363395	0.076013	9.415027	-0.080870	-0.153643	-0.001404	-0.858204	-0.197229	0.473905	0.210663	-0.977234	-0.025209	0.468088	0.078200	0.880215
55013	4.605267	-0.198183	9.215824	-0.116747	-0.187134	0.002865	-0.857319	-0.197084	0.475566	0.210096	-0.977328	-0.026278	0.469962	0.077386	0.879288
55014	4.607229	-0.210788	9.295390	-0.121868	-0.238198	0.006074	-0.856179	-0.196930	0.477677	0.209529	-0.977418	-0.027402	0.472287	0.076626	0.878108
55015	4.596944	-0.294015	9.321687	-0.132366	-0.283892	0.004865	-0.854822	-0.196733	0.480182	0.208898	-0.977519	-0.028614	0.475016	0.075849	0.876702
55016	4.677213	-0.391116	9.275647	-0.148003	-0.327440	-0.001819	-0.853261	-0.196439	0.483071	0.208132	-0.977643	-0.029925	0.478149	0.075008	0.875070
55017	4.709525	-0.404850	9.258694	-0.152364	-0.369555	-0.006023	-0.851498	-0.196078	0.486317	0.207305	-0.977777	-0.031256	0.481638	0.074202	0.873223
55018	4.746119	-0.433212	9.259101	-0.157811	-0.416625	-0.015097	-0.849510	-0.195593	0.489976	0.206369	-0.977932	-0.032582	0.485536	0.073437	0.871127
55019	4.719127	-0.435087	9.338359	-0.157699	-0.461966	-0.026041	-0.847309	-0.194972	0.494018	0.205332	-0.978107	-0.033852	0.489802	0.072754	0.868793
55020	4.713890	-0.561099	9.322400	-0.156302	-0.526180	-0.044988	-0.844806	-0.194121	0.498618	0.204136	-0.978316	-0.035008	0.494602	0.072211	0.866115
55021	4.785966	-0.617365	9.383043	-0.151049	-0.597050	-0.064787	-0.841966	-0.193031	0.503817	0.202795	-0.978559	-0.036017	0.499967	0.071846	0.863059
55022	4.898648	-0.795953	9.375475	-0.122997	-0.665250	-0.100937	-0.838819	-0.191536	0.509604	0.201282	-0.978850	-0.036588	0.505834	0.071884	0.859631
55023	5.019044	-0.871514	9.406273	-0.078779	-0.720143	-0.145617	-0.835444	-0.189561	0.515849	0.199615	-0.979193	-0.036541	0.512043	0.072443	0.855900
55024	5.003868	-0.840152	9.362747	-0.036400	-0.773646	-0.203452	-0.831855	-0.186974	0.522549	0.197685	-0.979611	-0.035818	0.518592	0.073505	0.851857
55025	5.114795	-0.899754	9.298293	0.003884	-0.834492	-0.252736	-0.827994	-0.183850	0.529741	0.195561	-0.980085	-0.034481	0.525530	0.075047	0.847459
55026	5.268665	-0.910927	9.288985	0.052933	-0.883411	-0.318673	-0.823933	-0.180024	0.537333	0.193162	-0.980633	-0.032354	0.532751	0.077135	0.842750
55027	5.519460	-1.077350	9.085192	0.069228	-0.903540	-0.388820	-0.819829	-0.175476	0.545058	0.190291	-0.981279	-0.029694	0.540064	0.079376	0.837873
55028	5.785696	-1.100593	9.099796	0.119186	-0.915364	-0.453459	-0.815702	-0.170256	0.552850	0.187184	-0.981975	-0.026230	0.547351	0.082089	0.832868
55029	5.987451	-0.887534	9.012312	0.152730	-0.901938	-0.510716	-0.811675	-0.164458	0.560480	0.183822	-0.982710	-0.022142	0.554431	0.085057	0.827872
55030	6.138426	-1.234913	8.994956	0.174349	-0.870216	-0.549733	-0.807814	-0.158270	0.567791	0.180296	-0.983454	-0.017621	0.561186	0.088136	0.822984
55031	6.042826	-0.959675	8.947361	0.270927	-0.876390	-0.595791	-0.803926	-0.151587	0.575086	0.176974	-0.984142	-0.012014	0.567787	0.092117	0.818005
55032	5.567630	-1.015576	8.710117	0.257457	-0.815914	-0.596798	-0.800307	-0.144915	0.581815	0.173609	-0.984793	-0.006480	0.573906	0.095822	0.813296
55033	5.377657	-1.135734	9.130209	0.249316	-0.790918	-0.585483	-0.796748	-0.138346	0.588263	0.170322	-0.985388	-0.001055	0.579813	0.099354	0.808669
55034	4.908690	-1.773826	9.197438	0.270146	-0.716817	-0.515503	-0.793436	-0.132509	0.594054	0.167749	-0.985821	0.004154	0.585081	0.102947	0.804414
55035	4.513561	-2.584581	9.116414	0.285252	-0.678206	-0.314744	-0.789970	-0.128665	0.599494	0.166883	-0.985942	0.008300	0.589998	0.106602	0.800336
55036	4.303514	-3.396018	9.051454	0.346895	-0.627650	0.004022	-0.786238	-0.127992	0.604523	0.168921	-0.985568	0.011028	0.594387	0.110787	0.796511
55037	4.242920	-3.956808	9.033511	0.385221	-0.614461	0.435086	-0.781819	-0.131553	0.609469	0.174578	-0.984577	0.011427	0.598566	0.115334	0.792727
55038	4.681640	-4.054901	9.051287	0.470833	-0.568561	0.892440	-0.776796	-0.139630	0.614078	0.184312	-0.982820	0.009675	0.602177	0.120697	0.789186
55039	5.493480	-2.917571	9.979503	0.509000	-0.371660	1.249626	-0.772165	-0.151410	0.617120	0.197009	-0.980383	0.005969	0.604110	0.126187	0.786847
55040	4.876544	-2.123178	9.941765	0.483931	-0.092783	1.449614	-0.768639	-0.165451	0.617916	0.211052	-0.977474	0.000807	0.603863	0.131033	0.786244
55041	4.024727	-1.494523	9.676332	0.443275	0.124200	1.510415	-0.766092	-0.180332	0.616914	0.225264	-0.974285	-0.005059	0.601962	0.135093	0.787014
55042	3.571349	-1.074240	9.489556	0.433214	0.248635	1.473941	-0.764156	-0.194977	0.614857	0.239096	-0.970937	-0.010741	0.599081	0.138802	0.788566
55043	3.545288	-0.703893	9.556684	0.406452	0.359582	1.389306	-0.762892	-0.208927	0.611838	0.252082	-0.967572	-0.016084	0.595358	0.141963	0.790820
55044	3.548316	-0.276754	9.689722	0.353466	0.488356	1.293244	-0.762445	-0.222088	0.607746	0.263995	-0.964291	-0.021186	0.590749	0.144288	0.793849
55045	3.519091	0.064700	9.891092	0.244640	0.631270	1.186879	-0.762966	-0.234407	0.602442	0.274437	-0.961241	-0.026452	0.585293	0.145150	0.797724
55046	3.490166	0.180928	9.887011	0.106761	0.769033	1.064351	-0.764471	-0.245706	0.595997	0.283140	-0.958545	-0.031994	0.579151	0.144293	0.802349
55047	3.440464	0.144103	9.760639	-0.027072	0.895375	0.929815	-0.766967	-0.255864	0.588469	0.290054	-0.956265	-0.037745	0.572390	0.141739	0.807638
55048	3.549205	-0.039015	9.679404	-0.134880	1.005846	0.779881	-0.770401	-0.264690	0.580019	0.295236	-0.954438	-0.043414	0.565083	0.137797	0.813445
55049	3.711125	-0.175552	9.666708	-0.212039	1.109851	0.634660	-0.774753	-0.272219	0.570661	0.298900	-0.953035	-0.048822	0.557151	0.132745	0.819733
55050	3.817837	-0.270087	9.696255	-0.295157	1.219555	0.506520	-0.779972	-0.278595	0.560382	0.301159	-0.952036	-0.054136	0.548586	0.126540	0.826463
55051	3.918217	-0.400585	9.622664	-0.377832	1.315988	0.417389	-0.785884	-0.284160	0.549217	0.302323	-0.951339	-0.059615	0.539432	0.119191	0.833550
55052	3.977826	-0.505099	9.518153	-0.455667	1.389339	0.361774	-0.792215	-0.289169	0.537380	0.302696	-0.950840	-0.065416	0.529879	0.110840	0.840799
55053	4.132295	-0.667346	9.412373	-0.517859	1.456433	0.336090	-0.798856	-0.293888	0.524842	0.302604	-0.950423	-0.071603	0.519865	0.101619	0.848183
55054	4.251346	-0.787798	9.256043	-0.561150	1.512343	0.333071	-0.805630	-0.298486	0.511730	0.302343	-0.949992	-0.078132	0.509460	0.091773	0.855586
55055	4.366121	-0.796622	9.098128	-0.588277	1.549334	0.336299	-0.812436	-0.303002	0.498134	0.302054	-0.949501	-0.084919	0.498710	0.081472	0.862932
55056	4.552286	-0.815166	8.946195	-0.612423	1.579061	0.351356	-0.819161	-0.307510	0.484162	0.301855	-0.948907	-0.091975	0.487708	0.070804	0.870131
55057	4.570552	-0.815757	8.804386	-0.633372	1.597159	0.369457	-0.825758	-0.312035	0.469849	0.301795	-0.948187	-0.099304	0.476491	0.059797	0.877144
55058	4.747534	-0.837381	8.697630	-0.649690	1.594512	0.394131	-0.832075	-0.316607	0.455425	0.301959	-0.947311	-0.106873	0.465266	0.048594	0.883836
55059	4.998009	-0.848578	8.740392	-0.674578	1.563806	0.418472	-0.838011	-0.321219	0.441085	0.302310	-0.946275	-0.114769	0.454254	0.037167	0.890097
55060	5.298258	-0.912597	8.761756	-0.685186	1.529565	0.443055	-0.843535	-0.325862	0.426922	0.302916	-0.945068	-0.122837	0.443498	0.025704	0.895906
55061	5.516829	-0.994417	8.735358	-0.674727	1.462227	0.461427	-0.848554	-0.330494	0.413194	0.303821	-0.943697	-0.130877	0.433184	0.014481	0.901189
55062	5.860585	-1.095785	8.750547	-0.642304	1.373822	0.474073	-0.852995	-0.335063	0.400166	0.305060	-0.942188	-0.138636	0.423483	0.003819	0.905896
55063	6.175510	-1.104736	8.744151	-0.590835	1.279902	0.481801	-0.856892	-0.339563	0.387856	0.306663	-0.940563	-0.145939	0.414359	-0.006113	0.910093
55064	6.376070	-1.083556	8.611480	-0.540297	1.186678	0.488897	-0.860255	-0.344004	0.376328	0.308603	-0.938844	-0.152763	0.405865	-0.015279	0.913805
55065	6.468918	-1.002025	8.370238	-0.482572	1.092482	0.494141	-0.863123	-0.348406	0.365557	0.310882	-0.937046	-0.159054	0.397959	-0.023638	0.917099
55066	6.584132	-0.822620	8.045138	-0.452812	0.989033	0.493140	-0.865485	-0.352724	0.355698	0.313316	-0.935201	-0.165021	0.390856	-0.031377	0.919917
55067	6.533530	-0.656675	7.752775	-0.432789	0.882202	0.472271	-0.867428	-0.356807	0.346782	0.315691	-0.933380	-0.170706	0.384589	-0.038600	0.922281
55068	6.538438	-0.324337	7.373137	-0.425105	0.753679	0.443821	-0.868902	-0.360604	0.339079	0.317879	-0.931618	-0.176183	0.379425	-0.045300	0.924113
55069	4.195426	-2.896605	8.793381	-0.405369	0.321181	0.383655	-0.868901	-0.364000	0.335431	0.319638	-0.930040	-0.181263	0.377944	-0.050284	0.924462
55070	8.618042	-0.407816	3.285628	0.469916	-0.225840	-0.047101	-0.868199	-0.363645	0.337629	0.320965	-0.930444	-0.176791	0.378434	-0.045123	0.924528
55071	8.133650	1.584383	6.630337	0.376928	-0.300235	0.029189	-0.866972	-0.364023	0.340361	0.322607	-0.930506	-0.173445	0.379846	-0.040569	0.924160
55072	9.404123	1.699319	6.082335	0.322005	-0.288213	-0.038562	-0.866001	-0.363750	0.343116	0.323458	-0.930779	-0.170369	0.381337	-0.036556	0.923713
55073	9.082773	2.150080	5.157561	0.385730	-0.471688	-0.131672	-0.864626	-0.362661	0.347706	0.323754	-0.931396	-0.166390	0.384195	-0.031294	0.922722
55074	9.051591	2.210748	4.707643	0.506185	-0.648260	-0.291348	-0.863065	-0.360100	0.354184	0.323151	-0.932598	-0.160730	0.388190	-0.024265	0.921260
55075	5.113037	1.444142	8.778458	0.741958	-0.495354	-0.340756	-0.862241	-0.356994	0.359299	0.323058	-0.933976	-0.152715	0.390095	-0.015603	0.920643
55076	5.900457	-0.588692	11.798757	0.573220	-0.562030	-0.259103	-0.860878	-0.354613	0.364882	0.323029	-0.934976	-0.146532	0.393118	-0.008279	0.919451
55077	1.727493	-2.013334	10.049449	0.562270	-0.398233	-0.388096	-0.860563	-0.350976	0.369117	0.321862	-0.936383	-0.139971	0.394762	-0.001649	0.918782
55078	2.414378	-2.037866	8.990069	0.350171	-0.687866	-0.371827	-0.859024	-0.347457	0.375966	0.320014	-0.937687	-0.135401	0.399585	0.004001	0.916687
55079	6.735667	-5.009053	10.657048	0.453355	-0.802839	-0.341063	-0.856886	-0.344172	0.383786	0.318871	-0.938842	-0.129987	0.405052	0.010994	0.914227
55080	7.547437	-0.993968	11.245462	0.969332	-0.383347	-0.477968	-0.856857	-0.339592	0.387910	0.318660	-0.940330	-0.119311	0.405280	0.021379	0.913943
55081	4.321334	-0.926405	9.102388	0.493219	-0.273001	-0.281936	-0.856649	-0.336848	0.390752	0.318204	-0.941175	-0.113739	0.406078	0.026905	0.913442
55082	3.857862	-0.451840	9.802872	0.691903	-0.334774	-0.306193	-0.856263	-0.333834	0.394169	0.318352	-0.942000	-0.106247	0.406776	0.034509	0.912876
55083	4.405737	-0.423141	9.856420	0.547844	-0.347477	-0.293344	-0.855782	-0.330913	0.397661	0.318030	-0.942779	-0.100118	0.408037	0.040789	0.912054
55084	4.294480	-0.674256	9.614383	0.490456	-0.341824	-0.273286	-0.855253	-0.328158	0.401066	0.317655	-0.943477	-0.094584	0.409435	0.046507	0.911153
55085	4.387853	-0.817117	9.404481	0.492901	-0.340989	-0.259653	-0.854681	-0.325513	0.404428	0.317414	-0.944094	-0.089080	0.410815	0.052236	0.910221
55086	4.512489	-0.518644	9.523257	0.483527	-0.327949	-0.244328	-0.854107	-0.322997	0.407645	0.317274	-0.944631	-0.083717	0.412115	0.057832	0.909295
55087	4.595837	-0.314184	9.535983	0.452015	-0.306588	-0.222671	-0.853549	-0.320681	0.410631	0.317196	-0.945086	-0.078728	0.413328	0.063052	0.908397
55088	4.535777	-0.294352	9.487396	0.415501	-0.277278	-0.201562	-0.853041	-0.318566	0.413325	0.317154	-0.945471	-0.074152	0.414409	0.067832	0.907559
55089	4.563702	-0.347943	9.526420	0.378753	-0.263677	-0.180807	-0.852521	-0.316644	0.415865	0.317141	-0.945792	-0.069997	0.415486	0.072214	0.906729
55090	4.799172	-0.048266	9.698255	0.338489	-0.249888	-0.140335	-0.851927	-0.315102	0.418248	0.317311	-0.945996	-0.066371	0.416574	0.076172	0.905905
55091	4.562263	-0.151636	9.402113	0.281027	-0.212416	-0.124144	-0.851436	-0.313735	0.420270	0.317384	-0.946180	-0.063335	0.417521	0.079461	0.905186
55092	4.638247	-0.170413	9.516728	0.252427	-0.207231	-0.089629	-0.850854	-0.312690	0.422222	0.317634	-0.946269	-0.060700	0.418516	0.082465	0.904458
55093	4.721970	-0.151282	9.571856	0.223135	-0.186232	-0.069216	-0.850295	-0.311852	0.423965	0.317938	-0.946310	-0.058418	0.419421	0.085122	0.903792
55094	4.568886	-0.123809	9.513638	0.185414	-0.176129	-0.046572	-0.849704	-0.311230	0.425605	0.318278	-0.946308	-0.056572	0.420360	0.087391	0.903139
55095	4.596313	-0.164020	9.497674	0.155239	-0.164202	-0.029291	-0.849107	-0.310780	0.427122	0.318640	-0.946274	-0.055074	0.421290	0.089335	0.902515
55096	4.485288	-0.547675	9.380935	0.127317	-0.161071	-0.020490	-0.848493	-0.310412	0.428608	0.318961	-0.946236	-0.053864	0.422284	0.091006	0.901884
55097	4.422502	-0.811845	9.265853	0.113311	-0.157645	-0.016302	-0.847879	-0.310085	0.430056	0.319259	-0.946195	-0.052800	0.423290	0.092531	0.901257
55098	4.468485	-0.890112	9.143291	0.129025	-0.167677	-0.024417	-0.847246	-0.309668	0.431601	0.319557	-0.946163	-0.051559	0.424331	0.094238	0.900590
55099	4.515371	-0.708491	9.225013	0.139942	-0.154068	-0.033083	-0.846699	-0.309180	0.433023	0.319829	-0.946145	-0.050184	0.425219	0.096002	0.899985
55100	4.468379	-0.630796	9.194752	0.137176	-0.147714	-0.037704	-0.846190	-0.308651	0.434392	0.320051	-0.946142	-0.048813	0.426063	0.097722	0.899400
55101	4.634315	-0.603343	9.305669	0.134844	-0.145233	-0.036586	-0.845689	-0.308134	0.435733	0.320274	-0.946135	-0.047469	0.426889	0.099410	0.898823
55102	4.708953	-0.482509	9.350084	0.116297	-0.125119	-0.033571	-0.845262	-0.307662	0.436895	0.320444	-0.946135	-0.046304	0.427607	0.100861	0.898320
55103	4.754471	-0.474975	9.346622	0.096320	-0.112363	-0.027584	-0.844870	-0.307258	0.437934	0.320581	-0.946135	-0.045346	0.428278	0.102082	0.897863
55104	4.561865	-0.288185	9.258541	0.085776	-0.093839	-0.025845	-0.844551	-0.306888	0.438810	0.320688	-0.946140	-0.044489	0.428828	0.103148	0.897478
55105	4.637270	-0.129966	9.302927	0.077920	-0.093833	-0.014529	-0.844196	-0.306625	0.439676	0.320857	-0.946117	-0.043753	0.429401	0.104137	0.897090
55106	4.565199	-0.242855	9.239250	0.068466	-0.082046	-0.004529	-0.843857	-0.306467	0.440435	0.321070	-0.946072	-0.043145	0.429906	0.105002	0.896747
55107	4.490226	-0.339827	9.275186	0.062709	-0.087168	-0.002133	-0.843490	-0.306327	0.441236	0.321279	-0.946026	-0.042601	0.430470	0.105826	0.896380
55108	4.665100	-0.409831	9.240544	0.072595	-0.088997	-0.000044	-0.843106	-0.306202	0.442054	0.321549	-0.945962	-0.041976	0.431020	0.106752	0.896006
55109	4.693683	-0.347519	9.305732	0.058737	-0.081328	0.001937	-0.842750	-0.306105	0.442800	0.321776	-0.945907	-0.041486	0.431546	0.107520	0.895660
55110	4.750975	-0.378499	9.255458	0.038969	-0.071794	0.006804	-0.842418	-0.306063	0.443461	0.321959	-0.945857	-0.041193	0.432059	0.108075	0.895346
55111	4.667362	-0.409019	9.220419	0.030681	-0.052028	0.006895	-0.842172	-0.306043	0.443942	0.322107	-0.945816	-0.040976	0.432428	0.108488	0.895118
55112	4.456731	-0.482841	9.172744	0.032000	-0.049368	0.007645	-0.841933	-0.306032	0.444402	0.322267	-0.945771	-0.040749	0.432773	0.108908	0.894900
55113	4.466395	-0.453003	9.129827	0.041796	-0.061303	0.002924	-0.841659	-0.305964	0.444968	0.322430	-0.945730	-0.040415	0.433185	0.109455	0.894634
55114	4.422348	-0.444023	9.095042	0.053587	-0.077190	0.002049	-0.841317	-0.305869	0.445678	0.322637	-0.945679	-0.039971	0.433694	0.110164	0.894300
55115	4.438694	-0.510240	9.104408	0.062738	-0.086250	-0.005198	-0.840961	-0.305696	0.446469	0.322823	-0.945638	-0.039414	0.434247	0.110985	0.893930
55116	4.403934	-0.568572	9.141163	0.072601	-0.105654	-0.008768	-0.840529	-0.305466	0.447438	0.323022	-0.945598	-0.038751	0.434934	0.111960	0.893475
55117	4.489022	-0.684118	9.093624	0.085350	-0.118297	-0.015700	-0.840066	-0.305156	0.448519	0.323219	-0.945563	-0.037946	0.435682	0.113093	0.892968
55118	4.519120	-0.506627	9.083253	0.105691	-0.126530	-0.020131	-0.839579	-0.304792	0.449677	0.323468	-0.945518	-0.036937	0.436436	0.114444	0.892427
55119	4.644284	-0.377075	9.196687	0.105029	-0.131605	-0.019861	-0.839069	-0.304424	0.450876	0.323717	-0.945471	-0.035938	0.437231	0.115802	0.891863
55120	4.588497	-0.532596	9.105721	0.098330	-0.123618	-0.018401	-0.838587	-0.304077	0.452005	0.323950	-0.945426	-0.035004	0.437982	0.117073	0.891328
55121	4.448838	-0.633134	9.100611	0.107879	-0.128599	-0.022563	-0.838097	-0.303683	0.453177	0.324191	-0.945382	-0.033967	0.438740	0.118448	0.890773
55122	4.603394	-0.594878	9.097878	0.116376	-0.146485	-0.028938	-0.837547	-0.303206	0.454512	0.324417	-0.945345	-0.032825	0.439623	0.119959	0.890136
55123	4.772870	-0.413857	9.128859	0.125563	-0.137508	-0.032161	-0.837047	-0.302707	0.455763	0.324657	-0.945304	-0.031588	0.440397	0.121526	0.889540
55124	5.215367	-0.399592	9.282740	0.121669	-0.135376	-0.027520	-0.836540	-0.302252	0.456996	0.324920	-0.945253	-0.030406	0.441167	0.123051	0.888949
55125	4.676349	-0.346593	9.163852	0.097256	-0.060748	-0.026420	-0.836358	-0.301898	0.457562	0.325085	-0.945226	-0.029448	0.441390	0.124118	0.888690
55126	4.962325	-0.324127	9.166381	0.102586	-0.087289	-0.022862	-0.836046	-0.301543	0.458364	0.325304	-0.945181	-0.028457	0.441818	0.125317	0.888309
55127	4.752144	-0.233580	9.164569	0.089855	-0.062496	-0.020927	-0.835839	-0.301238	0.458943	0.325483	-0.945145	-0.027590	0.442079	0.126318	0.888037
55128	4.720793	-0.250015	9.142329	0.081131	-0.058971	-0.018978	-0.835639	-0.300954	0.459492	0.325641	-0.945113	-0.026807	0.442340	0.127228	0.887777
55129	4.808778	-0.278637	9.153143	0.081502	-0.059524	-0.012120	-0.835416	-0.300735	0.460042	0.325857	-0.945060	-0.026055	0.442603	0.128141	0.887515
55130	4.800602	-0.241491	9.138682	0.075253	-0.065026	-0.013212	-0.835171	-0.300497	0.460643	0.326037	-0.945017	-0.025351	0.442933	0.129014	0.887224
55131	4.775794	-0.188658	9.133453	0.072831	-0.042568	-0.002487	-0.834991	-0.300389	0.461039	0.326296	-0.944944	-0.024721	0.443082	0.129794	0.887036
55132	4.719144	-0.259080	9.163863	0.068065	-0.056584	-0.001073	-0.834743	-0.300276	0.461561	0.326546	-0.944873	-0.024137	0.443364	0.130573	0.886780
55133	4.851325	-0.196394	9.151318	0.067424	-0.036561	0.003427	-0.834570	-0.300231	0.461902	0.326830	-0.944789	-0.023582	0.443480	0.131283	0.886617
55134	4.699214	-0.344160	9.154681	0.055918	-0.039306	0.007204	-0.834372	-0.300218	0.462269	0.327095	-0.944708	-0.023144	0.443658	0.131895	0.886438
55135	4.778436	-0.275657	9.171156	0.056665	-0.033310	0.003713	-0.834213	-0.300180	0.462581	0.327335	-0.944636	-0.022686	0.443781	0.132494	0.886287
55136	4.809921	-0.349126	9.094192	0.041964	-0.041796	0.002511	-0.834018	-0.300118	0.462971	0.327499	-0.944587	-0.022350	0.444025	0.132982	0.886091
55137	4.813795	-0.329285	9.131835	0.043036	-0.024682	0.002396	-0.833901	-0.300079	0.463207	0.327667	-0.944537	-0.022007	0.444120	0.133426	0.885977
55138	4.800722	-0.312235	9.080197	0.042890	-0.013501	0.000570	-0.833839	-0.300036	0.463347	0.327819	-0.944492	-0.021654	0.444125	0.133838	0.885912
55139	4.805137	-0.262967	9.137434	0.047023	-0.004555	-0.000592	-0.833821	-0.299996	0.463405	0.327980	-0.944445	-0.021262	0.444039	0.134259	0.885891
55140	4.754378	-0.255118	9.106426	0.036416	-0.000366	-0.003572	-0.833831	-0.299932	0.463430	0.328069	-0.944421	-0.020948	0.443956	0.134570	0.885886
55141	4.728548	-0.160725	9.160877	0.037176	-0.006485	-0.001997	-0.833809	-0.299875	0.463505	0.328174	-0.944392	-0.020636	0.443919	0.134904	0.885854
55142	4.715498	-0.128529	9.148650	0.021234	-0.012985	-0.007746	-0.833777	-0.299755	0.463642	0.328161	-0.944401	-0.020437	0.443990	0.135110	0.885787
55143	4.845755	-0.228841	9.095868	0.009697	-0.011991	-0.004587	-0.833739	-0.299666	0.463767	0.328123	-0.944416	-0.020356	0.444089	0.135201	0.885723
55144	4.681820	-0.309510	9.087233	0.010496	-0.009726	-0.007486	-0.833720	-0.299552	0.463875	0.328064	-0.944438	-0.020253	0.444168	0.135295	0.885669
55145	4.760014	-0.247745	9.044567	0.011439	-0.018642	-0.008542	-0.833666	-0.299417	0.464059	0.328001	-0.944463	-0.020139	0.444317	0.135423	0.885575
55146	4.756995	-0.288272	9.046042	0.011390	-0.014916	-0.009156	-0.833629	-0.299281	0.464213	0.327932	-0.944489	-0.020021	0.444436	0.135541	0.885497
55147	4.676633	-0.233372	9.071142	0.019625	-0.014208	-0.018512	-0.833627	-0.299058	0.464361	0.327822	-0.944532	-0.019787	0.444521	0.135732	0.885425
55148	4.721532	-0.321709	9.045934	0.024761	-0.030014	-0.015032	-0.833542	-0.298845	0.464649	0.327764	-0.944558	-0.019523	0.444723	0.136022	0.885279
55149	4.704011	-0.343940	9.055688	0.030745	-0.030983	-0.021167	-0.833474	-0.298574	0.464946	0.327681	-0.944594	-0.019179	0.444911	0.136368	0.885132
55150	4.727586	-0.313669	9.043054	0.047510	-0.038935	-0.026939	-0.833389	-0.298236	0.465315	0.327625	-0.944624	-0.018659	0.445113	0.136899	0.884948
55151	4.720261	-0.249699	9.047685	0.047064	-0.046801	-0.029279	-0.833277	-0.297867	0.465753	0.327547	-0.944661	-0.018132	0.445379	0.137447	0.884729
55152	4.838239	-0.157932	9.022346	0.051348	-0.044846	-0.030839	-0.833177	-0.297483	0.466175	0.327476	-0.944696	-0.017559	0.445617	0.138031	0.884518
55153	4.745344	-0.238175	9.073837	0.044821	-0.044290	-0.028275	-0.833073	-0.297126	0.466589	0.327397	-0.944733	-0.017058	0.445870	0.138550	0.884310
55154	4.758932	-0.303892	9.086132	0.047530	-0.042669	-0.026276	-0.832968	-0.296789	0.466991	0.327347	-0.944759	-0.016540	0.446103	0.139091	0.884107
55155	4.871476	-0.269936	9.023904	0.062708	-0.050954	-0.028472	-0.832835	-0.296420	0.467463	0.327347	-0.944771	-0.015879	0.446353	0.139798	0.883870
55156	4.776128	-0.206712	9.077342	0.062129	-0.034632	-0.023467	-0.832756	-0.296119	0.467793	0.327386	-0.944768	-0.015245	0.446470	0.140454	0.883706
55157	4.861582	-0.076809	9.128842	0.075706	-0.056267	-0.031286	-0.832608	-0.295715	0.468313	0.327420	-0.944768	-0.014456	0.446722	0.141299	0.883445
55158	4.650346	-0.301333	9.167951	0.025845	-0.041758	-0.018581	-0.832481	-0.295451	0.468704	0.327338	-0.944801	-0.014166	0.447017	0.141632	0.883242
55159	4.768186	-0.226882	9.102440	0.057372	-0.073772	-0.025981	-0.832237	-0.295072	0.469377	0.327335	-0.944811	-0.013564	0.447475	0.142355	0.882894
55160	4.752221	-0.256509	9.190934	0.026735	-0.067896	-0.026497	-0.832019	-0.294694	0.470000	0.327191	-0.944866	-0.013228	0.447985	0.142774	0.882568
55161	4.660984	-0.372254	9.163584	0.014489	-0.093835	-0.026054	-0.831684	-0.294285	0.470848	0.326996	-0.944936	-0.013004	0.448749	0.143150	0.882118
55162	4.743411	-0.159785	9.236216	0.008082	-0.117491	-0.030738	-0.831256	-0.293796	0.471908	0.326734	-0.945030	-0.012813	0.449732	0.143538	0.881555
55163	4.861087	-0.144546	9.190204	-0.032854	-0.129828	-0.030373	-0.830771	-0.293294	0.473074	0.326290	-0.945180	-0.012985	0.450948	0.143571	0.880927
55164	4.809593	-0.082216	9.219576	-0.063846	-0.122544	-0.023323	-0.830293	-0.292867	0.474176	0.325765	-0.945355	-0.013462	0.452207	0.143293	0.880327
55165	4.808447	-0.384224	9.260704	-0.137274	-0.140055	-0.024679	-0.829739	-0.292405	0.475429	0.324895	-0.945638	-0.014579	0.453847	0.142368	0.879633
55166	4.686415	-0.545582	9.151456	-0.179337	-0.152806	-0.032926	-0.829150	-0.291847	0.476797	0.323763	-0.946003	-0.016023	0.455728	0.141084	0.878867
55167	4.780386	-0.305534	9.277281	-0.190609	-0.211460	-0.042206	-0.828320	-0.291122	0.478679	0.322498	-0.946408	-0.017522	0.458127	0.139859	0.877815
55168	4.631489	-0.435695	9.243370	-0.251235	-0.184518	-0.053945	-0.827645	-0.290324	0.480328	0.320854	-0.946928	-0.019492	0.460495	0.137983	0.876872
55169	4.655672	-0.594152	9.348636	-0.306623	-0.258517	-0.094731	-0.826754	-0.289045	0.482630	0.318610	-0.947636	-0.021749	0.463644	0.135790	0.875554
55170	4.359086	-0.547121	9.562012	-0.326196	-0.278786	-0.119427	-0.825834	-0.287507	0.485116	0.316062	-0.948434	-0.024049	0.467015	0.133466	0.874119
55171	2.174481	0.214070	11.394641	-0.293115	-0.470223	-0.126092	-0.824024	-0.285658	0.489269	0.313602	-0.949198	-0.026020	0.471846	0.131995	0.871745
55172	4.529492	-0.530607	9.532817	-0.647986	-1.063821	-0.111185	-0.819292	-0.283185	0.498566	0.309552	-0.950373	-0.031125	0.482638	0.128831	0.866293
55173	3.547494	-0.470012	10.326502	-0.462510	-0.980614	-0.242234	-0.815257	-0.279598	0.507130	0.305273	-0.951660	-0.033928	0.492102	0.127153	0.861202
55174	3.869737	-0.958272	10.227376	-0.559950	-1.371152	-0.276198	-0.809255	-0.275204	0.519007	0.300194	-0.953147	-0.037335	0.504965	0.125589	0.853954
55175	3.969915	-0.914955	10.304499	-0.400578	-1.613639	-0.355060	-0.802049	-0.269759	0.532867	0.295236	-0.954632	-0.038896	0.519184	0.126126	0.845305
55176	4.607043	-0.706771	9.993547	-0.229153	-1.876686	-0.441204	-0.793447	-0.263120	0.548825	0.290463	-0.956113	-0.038456	0.534858	0.128901	0.835052
55177	5.224329	-0.565730	9.588867	0.036717	-2.076650	-0.509691	-0.783641	-0.255480	0.566248	0.286598	-0.957399	-0.035332	0.551152	0.134597	0.823478
55178	5.785163	-0.649678	9.490887	0.197492	-2.118627	-0.581849	-0.773448	-0.246948	0.583777	0.283125	-0.958601	-0.030391	0.567114	0.141776	0.811345
55179	5.205011	-1.402254	10.830551	0.361054	-2.220645	-0.638591	-0.762474	-0.237549	0.601834	0.280251	-0.959634	-0.023721	0.583175	0.150578	0.798269
55180	4.499130	-2.012083	11.359477	0.523849	-2.605725	-0.745672	-0.749114	-0.226291	0.622591	0.277671	-0.960559	-0.015031	0.601437	0.161615	0.782403
55181	6.892751	-2.148046	11.161229	0.693660	-2.949125	-0.896016	-0.733559	-0.212693	0.645487	0.275221	-0.961373	-0.004007	0.621406	0.174712	0.763761
55182	8.178730	-1.696675	10.618139	0.607876	-2.819569	-0.990598	-0.718474	-0.198043	0.666764	0.271816	-0.962323	0.007066	0.640243	0.186314	0.745236
55183	7.817447	-1.630141	9.342528	0.550935	-2.700679	-1.044965	-0.703763	-0.182782	0.686519	0.267912	-0.963272	0.018174	0.657983	0.196717	0.726884
55184	8.158112	-1.121009	9.063279	0.472446	-2.572506	-1.134503	-0.689625	-0.166639	0.704733	0.263107	-0.964317	0.029447	0.674679	0.205728	0.708861
55185	7.772992	-0.652589	8.863936	0.274876	-2.447038	-1.192302	-0.676018	-0.149993	0.721458	0.256791	-0.965645	0.039858	0.690694	0.212209	0.691310
55186	7.412153	-0.932684	8.011957	0.196097	-2.401330	-1.284918	-0.662488	-0.132384	0.737281	0.249512	-0.967051	0.050560	0.706295	0.217456	0.673691
55187	7.240192	-1.325376	7.500515	0.085084	-2.333800	-1.374117	-0.649196	-0.113942	0.752038	0.241056	-0.968571	0.061343	0.721412	0.221107	0.656259
55188	6.844700	-1.453808	7.286362	0.167545	-2.282552	-1.503561	-0.636117	-0.094244	0.765815	0.232564	-0.969775	0.073833	0.735710	0.225067	0.638808
55189	6.111887	-1.158058	7.598878	0.195823	-2.220715	-1.583873	-0.623241	-0.073812	0.778538	0.223992	-0.970675	0.087283	0.749265	0.228785	0.621498
55190	5.318634	-1.547587	7.816610	0.301628	-2.089474	-1.573448	-0.610912	-0.053678	0.789877	0.216510	-0.970993	0.101468	0.761518	0.233005	0.604813
55191	3.952786	-3.623322	8.594329	0.469901	-1.804389	-1.259421	-0.599781	-0.037178	0.799300	0.212435	-0.970471	0.114268	0.771450	0.238335	0.589968
55192	6.571339	-5.189960	8.663256	0.648912	-1.586738	-0.399634	-0.588318	-0.029433	0.808093	0.215043	-0.969047	0.121262	0.779511	0.245116	0.576438
55193	7.799317	-4.151988	11.145035	0.561626	-0.730539	0.491892	-0.581537	-0.032367	0.812876	0.222253	-0.967517	0.120477	0.782572	0.250726	0.569840
55194	3.609476	-3.387566	9.838000	0.579004	-0.177348	1.124147	-0.577578	-0.042750	0.815215	0.233248	-0.965639	0.114618	0.782304	0.256348	0.567703
55195	1.400824	-2.840815	8.467163	0.528349	0.070080	1.462633	-0.574626	-0.057025	0.816427	0.245749	-0.963557	0.105665	0.780649	0.261354	0.567698
55196	1.350932	-1.892187	8.444466	0.653456	0.100092	1.572688	-0.571420	-0.072389	0.817459	0.259806	-0.960825	0.096525	0.778447	0.267537	0.567842
55197	2.184087	-1.026354	8.953402	0.701080	0.226907	1.577955	-0.568977	-0.088127	0.817618	0.274196	-0.957677	0.087588	0.775295	0.274023	0.569060
55198	2.731051	0.002922	9.644325	0.692822	0.523468	1.509470	-0.568770	-0.103975	0.815898	0.288088	-0.954322	0.079214	0.770394	0.280105	0.572743
55199	2.705041	0.948949	9.882955	0.567603	0.889111	1.378238	-0.571547	-0.119605	0.811806	0.300247	-0.951197	0.071245	0.763666	0.284462	0.579565
55200	2.405500	1.282639	9.671742	0.352007	1.222795	1.181458	-0.577224	-0.134284	0.805469	0.309658	-0.948709	0.063746	0.755595	0.286215	0.589200
55201	2.472685	1.190353	9.661202	0.137632	1.496860	0.950607	-0.585508	-0.147562	0.797124	0.316165	-0.946995	0.056926	0.746472	0.285353	0.601127
55202	2.868153	0.782741	9.797368	-0.042731	1.733969	0.748060	-0.595977	-0.159530	0.786995	0.320219	-0.945984	0.050737	0.736391	0.282248	0.614869
55203	3.366637	0.289611	9.897146	-0.177384	1.980352	0.608369	-0.608512	-0.170814	0.774942	0.322534	-0.945494	0.044858	0.725041	0.277242	0.630438
55204	3.692902	-0.133546	9.887908	-0.276908	2.210444	0.546191	-0.622627	-0.182001	0.761059	0.323857	-0.945306	0.038888	0.712357	0.270687	0.647516
55205	3.979945	-0.448461	9.831053	-0.339015	2.398874	0.540544	-0.637817	-0.193501	0.745484	0.324821	-0.945215	0.032565	0.698342	0.262919	0.665727
55206	4.353319	-0.671571	9.858098	-0.392308	2.548419	0.585334	-0.653511	-0.205589	0.728462	0.325842	-0.945078	0.025594	0.683191	0.254089	0.684608
55207	4.811750	-0.874597	9.879786	-0.426847	2.681426	0.665809	-0.669461	-0.218553	0.709969	0.327314	-0.944748	0.017812	0.666849	0.244307	0.704008
55208	5.088865	-1.021758	9.957146	-0.435296	2.789813	0.774896	-0.685273	-0.232510	0.690174	0.329650	-0.944058	0.009269	0.649409	0.233868	0.723584
55209	5.471571	-1.070748	9.990916	-0.437329	2.873470	0.901118	-0.700707	-0.247564	0.669120	0.333045	-0.942911	-0.000095	0.630944	0.222781	0.743155
55210	5.763954	-1.064883	9.969864	-0.416696	2.947315	1.020856	-0.715590	-0.263548	0.646895	0.337639	-0.941223	-0.009964	0.611498	0.211287	0.762514
55211	5.957391	-0.875264	9.994627	-0.398039	3.009264	1.122933	-0.729887	-0.280274	0.623467	0.343314	-0.939003	-0.020205	0.591101	0.199297	0.781589
55212	6.099860	-0.624873	9.978597	-0.392948	3.045173	1.190992	-0.743438	-0.297290	0.599098	0.349761	-0.936339	-0.030611	0.570059	0.186784	0.800090
55213	6.268509	-0.258861	9.975925	-0.417512	3.073950	1.202839	-0.756408	-0.314062	0.573770	0.356400	-0.933430	-0.041081	0.548476	0.173418	0.817986
55214	6.421848	0.144031	9.999121	-0.470276	3.100765	1.161731	-0.768898	-0.330014	0.547619	0.362688	-0.930486	-0.051502	0.526549	0.159015	0.835141
55215	6.479706	0.538464	10.015544	-0.557841	3.131971	1.074542	-0.781139	-0.344719	0.520567	0.368097	-0.927719	-0.061986	0.504308	0.143200	0.851568
55216	6.516094	0.745456	10.021170	-0.649018	3.153100	0.938801	-0.793213	-0.357635	0.492860	0.372243	-0.925312	-0.072344	0.481921	0.126080	0.867096
55217	6.766147	0.920454	10.283032	-0.745947	3.162362	0.778588	-0.805212	-0.368514	0.464576	0.374913	-0.923370	-0.082635	0.459428	0.107637	0.881669
55218	7.062280	1.089087	10.467666	-0.853782	3.184781	0.604023	-0.817218	-0.377172	0.435770	0.375944	-0.921967	-0.092966	0.436830	0.087852	0.895244
55219	7.320086	1.157659	10.617327	-0.950581	3.197113	0.434398	-0.829210	-0.383633	0.406492	0.375436	-0.921062	-0.103407	0.414075	0.066866	0.907784
55220	7.400164	1.636518	10.500639	-1.037075	3.198503	0.267695	-0.841090	-0.387859	0.377004	0.373455	-0.920622	-0.113959	0.391278	0.044944	0.919174
55221	4.118068	2.662307	12.147065	-1.152610	3.160624	0.044585	-0.852955	-0.389310	0.347713	0.369414	-0.920844	-0.124816	0.368782	0.021988	0.929256
55222	3.230347	0.764540	10.443897	-1.103876	0.424303	0.195993	-0.853802	-0.391156	0.343539	0.366973	-0.920268	-0.135782	0.369260	0.010139	0.929271
55223	17.735094	1.178399	-0.839917	0.242738	0.826853	-0.981367	-0.860404	-0.382168	0.337124	0.359412	-0.924048	-0.130223	0.361286	0.009122	0.932411
55224	15.817206	9.811051	8.628298	-0.669918	0.196670	-0.596396	-0.863239	-0.376634	0.336104	0.351810	-0.926360	-0.134492	0.362007	0.002146	0.932173
55225	20.469270	2.511140	3.098061	-1.013735	0.530147	-0.529402	-0.867009	-0.371686	0.331880	0.343529	-0.928312	-0.142213	0.360947	-0.009289	0.932540
55226	17.620159	2.904142	2.093723	-0.451665	0.535093	-0.879454	-0.871915	-0.363415	0.328169	0.334219	-0.931499	-0.143555	0.357859	-0.015488	0.933647
55227	15.782738	3.311426	0.564954	-0.262541	0.329448	-1.034296	-0.876505	-0.353682	0.326571	0.324202	-0.935169	-0.142657	0.355854	-0.019164	0.934345
55228	14.586416	2.062029	0.057438	-0.267150	-0.068838	-1.018176	-0.879511	-0.344130	0.328687	0.314270	-0.938677	-0.141847	0.357345	-0.021460	0.933726
55229	12.711044	1.296318	-0.102249	-0.100263	-0.448102	-0.924910	-0.880773	-0.335504	0.334179	0.305730	-0.941806	-0.139749	0.361619	-0.020919	0.932091
55230	11.348290	1.376656	-0.023619	0.044740	-0.926501	-0.784651	-0.879758	-0.328255	0.343910	0.298945	-0.944428	-0.136703	0.369672	-0.017455	0.928998
55231	8.549109	1.084626	1.898397	0.254418	-1.180850	-0.711030	-0.877445	-0.321675	0.355830	0.293611	-0.946783	-0.131887	0.379319	-0.011248	0.925198
55232	3.260094	-0.130747	14.094132	0.243851	-1.131196	-0.500045	-0.874561	-0.317004	0.366948	0.290125	-0.948409	-0.127858	0.388548	-0.005359	0.921413
55233	4.348596	-5.692921	9.940327	-0.023065	-1.139378	-0.372762	-0.871154	-0.313482	0.377916	0.286739	-0.949592	-0.126710	0.398587	-0.002021	0.917128
55234	5.085495	-12.491243	9.591880	0.902192	-1.324969	-0.911446	-0.868406	-0.304730	0.391166	0.282406	-0.952380	-0.114977	0.407576	0.010621	0.913110
55235	7.275312	-7.188275	9.289129	2.123625	-0.922277	-1.064255	-0.867640	-0.294349	0.400698	0.281803	-0.955107	-0.091420	0.409619	0.033598	0.911638
55236	3.812647	0.013764	8.587010	2.219043	-1.103690	-1.024975	-0.865989	-0.284015	0.411580	0.282002	-0.957066	-0.067084	0.412962	0.057972	0.908901
55237	10.170009	10.985485	15.425680	1.886903	-1.367212	-0.704729	-0.862292	-0.276299	0.424396	0.283723	-0.957751	-0.047065	0.419469	0.079827	0.904253
55238	7.254897	4.333498	10.805313	0.098315	-0.541539	-0.156061	-0.860449	-0.274337	0.429380	0.282750	-0.958112	-0.045538	0.423887	0.082224	0.901975
55239	6.227180	-0.829336	9.986689	0.397106	-0.656527	-0.010845	-0.857681	-0.273646	0.435317	0.284307	-0.957816	-0.041942	0.428431	0.087791	0.899300
55240	5.339048	-0.149734	9.755970	0.376927	-0.467216	-0.047304	-0.855806	-0.272742	0.439554	0.285479	-0.957616	-0.038375	0.431391	0.092642	0.897396
55241	5.551842	0.763145	9.897700	0.253373	-0.477163	-0.001628	-0.853743	-0.272247	0.443852	0.286519	-0.957393	-0.036123	0.434775	0.096332	0.895372
55242	5.482571	0.001824	9.369253	0.140998	-0.355734	0.029463	-0.852106	-0.272152	0.447045	0.287342	-0.957188	-0.035019	0.437436	0.098615	0.893826
