// General information: 
//  MT Manager version: 2022.2.0 
//  XDA version: 2022.2.0 build 7381 rev 124627 built on 2023-07-19
// Device information: 
//  DeviceId: 00B4CAF0
//  ProductCode: MTW2-3A7G6
//  Firmware Version: 4.6.0
//  Hardware Version: 2.0.0
// Device settings: 
//  Filter Profile: human(46.1)
//  Option Flags: Orientation Smoother Disabled, Position/Velocity Smoother Disabled, Continuous Zero Rotation Update Disabled, AHS Disabled, ICC Disabled
// Coordinate system: ENU
PacketCounter	Acc_X	Acc_Y	Acc_Z	Gyr_X	Gyr_Y	Gyr_Z	Mat[1][1]	Mat[2][1]	Mat[3][1]	Mat[1][2]	Mat[2][2]	Mat[3][2]	Mat[1][3]	Mat[2][3]	Mat[3][3]
65529	4.566636	-0.785305	9.171303	0.005865	-0.003540	-0.001332	0.888495	0.115498	0.444113	-0.090940	0.992930	-0.076292	-0.449785	0.027397	0.892717
65530	4.570170	-0.783061	9.195342	0.003871	-0.002413	-0.002327	0.888480	0.115458	0.444154	-0.090899	0.992934	-0.076279	-0.449823	0.027399	0.892697
65531	4.546917	-0.733721	9.170197	0.003572	-0.005603	-0.001103	0.888443	0.115410	0.444241	-0.090863	0.992941	-0.076240	-0.449904	0.027369	0.892657
65532	4.581732	-0.683562	9.211219	0.003770	-0.004407	0.002087	0.888414	0.115413	0.444297	-0.090861	0.992940	-0.076248	-0.449961	0.027370	0.892629
65533	4.576912	-0.709544	9.188911	0.002011	-0.002961	0.009728	0.888385	0.115466	0.444341	-0.090910	0.992935	-0.076262	-0.450008	0.027355	0.892606
65534	4.617044	-0.741710	9.136272	0.001872	-0.004077	0.008696	0.888352	0.115535	0.444389	-0.090959	0.992926	-0.076317	-0.450063	0.027375	0.892577
65535	4.590764	-0.810782	9.169324	0.004164	-0.002015	0.008468	0.888336	0.115528	0.444423	-0.090942	0.992926	-0.076332	-0.450098	0.027392	0.892559
00000	4.594392	-0.762212	9.165431	0.004682	0.003329	0.007147	0.888338	0.115580	0.444406	-0.090989	0.992920	-0.076355	-0.450085	0.027393	0.892566
00001	4.566158	-0.808415	9.172685	0.006756	0.003238	0.007015	0.888388	0.115482	0.444331	-0.090893	0.992931	-0.076335	-0.450005	0.027428	0.892605
00002	4.565786	-0.807993	9.172907	0.006718	0.004115	0.001569	0.888399	0.115479	0.444311	-0.090900	0.992932	-0.076314	-0.449983	0.027410	0.892616
00003	4.570635	-0.781432	9.195249	0.006440	0.001881	-0.000494	0.888386	0.115423	0.444351	-0.090849	0.992938	-0.076288	-0.450019	0.027404	0.892599
00004	4.524059	-0.752185	9.199621	0.008594	0.002827	-0.001754	0.888394	0.115386	0.444345	-0.090835	0.992944	-0.076236	-0.450006	0.027365	0.892606
00005	4.568892	-0.757689	9.169415	0.000080	0.001036	-0.001128	0.888412	0.115277	0.444337	-0.090693	0.992954	-0.076275	-0.449999	0.027466	0.892607
00006	4.547987	-0.753518	9.196687	0.006221	-0.000272	-0.000397	0.888405	0.115254	0.444358	-0.090680	0.992957	-0.076251	-0.450016	0.027447	0.892598
00007	4.525990	-0.726478	9.197725	0.005666	-0.004739	-0.004521	0.888398	0.115161	0.444395	-0.090612	0.992969	-0.076174	-0.450043	0.027406	0.892586
00008	4.526414	-0.726087	9.197546	0.001694	-0.004317	0.002221	0.888370	0.115165	0.444450	-0.090602	0.992968	-0.076201	-0.450100	0.027427	0.892557
00009	4.559548	-0.700543	9.240414	-0.000957	-0.009649	0.001516	0.888304	0.115167	0.444582	-0.090573	0.992966	-0.076251	-0.450236	0.027467	0.892487
00010	4.533332	-0.700488	9.218782	-0.003630	-0.015938	0.004098	0.888222	0.115193	0.444739	-0.090555	0.992962	-0.076334	-0.450402	0.027528	0.892402
00011	4.624278	-0.759825	9.185435	-0.003653	-0.016894	0.007385	0.888144	0.115224	0.444887	-0.090541	0.992956	-0.076422	-0.450559	0.027594	0.892320
00012	4.594297	-0.808607	9.167746	-0.005047	-0.009387	0.003940	0.888091	0.115247	0.444985	-0.090515	0.992951	-0.076517	-0.450667	0.027677	0.892263
00013	4.617682	-0.788522	9.138162	0.001613	-0.005353	0.003348	0.888042	0.115289	0.445073	-0.090554	0.992947	-0.076527	-0.450756	0.027656	0.892218
00014	4.620760	-0.833754	9.190232	-0.002234	-0.001982	0.002389	0.888024	0.115295	0.445107	-0.090528	0.992944	-0.076590	-0.450797	0.027719	0.892196
00015	4.595351	-0.808955	9.167187	0.006221	-0.000273	-0.000399	0.888002	0.115283	0.445154	-0.090542	0.992948	-0.076533	-0.450838	0.027657	0.892177
00016	4.597115	-0.784163	9.165303	0.004447	0.003008	-0.001491	0.888010	0.115249	0.445146	-0.090511	0.992951	-0.076519	-0.450828	0.027659	0.892182
00017	4.619411	-0.763111	9.136346	0.006901	0.007143	-0.003977	0.888058	0.115106	0.445089	-0.090391	0.992968	-0.076443	-0.450758	0.027654	0.892218
00018	4.599148	-0.780926	9.190181	0.009392	0.010403	-0.001017	0.888099	0.115074	0.445015	-0.090386	0.992973	-0.076387	-0.450678	0.027616	0.892259
00019	4.560385	-0.723876	9.241138	0.006959	0.007223	-0.001818	0.888156	0.114931	0.444939	-0.090236	0.992988	-0.076374	-0.450597	0.027683	0.892298
00020	4.598235	-0.732677	9.162888	0.006937	0.006268	0.001470	0.888176	0.114925	0.444900	-0.090242	0.992989	-0.076351	-0.450555	0.027665	0.892320
00021	4.556034	-0.724771	9.217610	0.000476	0.003431	0.005252	0.888214	0.114808	0.444855	-0.090084	0.992999	-0.076407	-0.450512	0.027791	0.892338
00022	4.552591	-0.726401	9.193577	0.006337	-0.000111	0.003921	0.888203	0.114828	0.444870	-0.090110	0.992997	-0.076400	-0.450528	0.027772	0.892330
00023	4.602174	-0.752922	9.213544	0.004322	0.000060	0.006212	0.888207	0.114772	0.444877	-0.090037	0.993002	-0.076420	-0.450534	0.027821	0.892325
00024	4.594377	-0.734050	9.139085	-0.002256	-0.002937	0.005676	0.888182	0.114810	0.444917	-0.090039	0.992996	-0.076497	-0.450583	0.027883	0.892299
00025	4.593833	-0.781143	9.167206	0.002527	0.002385	0.008406	0.888184	0.114855	0.444902	-0.090077	0.992991	-0.076522	-0.450573	0.027890	0.892304
00026	4.611017	-0.786862	9.116042	0.002827	0.005574	0.007181	0.888196	0.114905	0.444865	-0.090115	0.992984	-0.076561	-0.450541	0.027912	0.892319
00027	4.613478	-0.784949	9.140592	0.007493	0.010734	0.005593	0.888261	0.114837	0.444753	-0.090059	0.992992	-0.076528	-0.450424	0.027923	0.892378
00028	4.605268	-0.834685	9.121101	0.009923	0.013913	0.006394	0.888311	0.114877	0.444642	-0.090122	0.992988	-0.076500	-0.450312	0.027884	0.892436
00029	4.560679	-0.803730	9.150225	0.008114	0.018068	-0.000146	0.888418	0.114776	0.444456	-0.090053	0.993000	-0.076427	-0.450116	0.027875	0.892535
00030	4.584912	-0.780624	9.146107	0.012558	0.021074	-0.001636	0.888507	0.114735	0.444286	-0.090056	0.993007	-0.076340	-0.449938	0.027818	0.892626
00031	4.589463	-0.776104	9.195430	0.008410	0.021257	-0.001372	0.888589	0.114716	0.444129	-0.090080	0.993010	-0.076262	-0.449773	0.027758	0.892711
00032	4.565213	-0.748368	9.197614	0.018989	0.022953	-0.002127	0.888687	0.114669	0.443943	-0.090108	0.993019	-0.076115	-0.449572	0.027640	0.892816
00033	4.535905	-0.746429	9.177644	0.012412	0.019957	-0.002665	0.888807	0.114533	0.443740	-0.090008	0.993035	-0.076024	-0.449357	0.027631	0.892925
00034	4.548134	-0.644751	9.218823	0.012442	0.019084	0.002782	0.888883	0.114536	0.443585	-0.090051	0.993036	-0.075958	-0.449196	0.027572	0.893008
00035	4.540853	-0.716670	9.225731	0.009987	0.014951	0.005268	0.888941	0.114563	0.443464	-0.090117	0.993035	-0.075894	-0.449070	0.027501	0.893073
00036	4.513494	-0.738259	9.231508	0.007752	0.012971	0.007656	0.888985	0.114616	0.443360	-0.090182	0.993030	-0.075891	-0.448968	0.027483	0.893125
00037	4.534729	-0.764348	9.230988	0.005049	0.007557	0.004793	0.889015	0.114640	0.443295	-0.090224	0.993028	-0.075863	-0.448901	0.027448	0.893160
00038	4.536132	-0.739997	9.229215	0.002458	0.002308	0.006249	0.889013	0.114682	0.443287	-0.090252	0.993022	-0.075901	-0.448898	0.027470	0.893161
00039	4.537761	-0.715693	9.227328	0.006714	0.002288	0.010306	0.889005	0.114789	0.443277	-0.090374	0.993012	-0.075897	-0.448891	0.027412	0.893166
00040	4.547867	-0.818480	9.184089	-0.000269	-0.004060	0.006674	0.888974	0.114837	0.443326	-0.090394	0.993005	-0.075961	-0.448948	0.027454	0.893136
00041	4.551282	-0.816910	9.208109	-0.000081	-0.001035	0.001129	0.888993	0.114724	0.443317	-0.090255	0.993016	-0.075986	-0.448938	0.027540	0.893139
00042	4.552036	-0.769911	9.179862	0.005998	-0.002428	-0.000293	0.888976	0.114702	0.443356	-0.090241	0.993019	-0.075964	-0.448974	0.027521	0.893121
00043	4.605534	-0.747615	9.195848	0.006216	-0.000275	-0.000391	0.889003	0.114601	0.443328	-0.090162	0.993031	-0.075899	-0.448936	0.027504	0.893140
00044	4.598919	-0.750780	9.147699	0.002565	0.004296	0.001832	0.889015	0.114599	0.443306	-0.090151	0.993030	-0.075917	-0.448916	0.027527	0.893150
00045	4.577650	-0.746543	9.175093	0.006627	0.003077	0.002700	0.889013	0.114617	0.443305	-0.090189	0.993030	-0.075881	-0.448912	0.027478	0.893153
00046	4.599306	-0.772655	9.174379	0.003057	0.008685	0.003794	0.889042	0.114632	0.443242	-0.090198	0.993027	-0.075903	-0.448853	0.027501	0.893183
00047	4.571264	-0.771935	9.153673	0.006926	0.006265	0.001473	0.889067	0.114635	0.443192	-0.090233	0.993029	-0.075843	-0.448797	0.027439	0.893212
00048	4.577038	-0.767841	9.202314	0.007063	0.007383	0.002503	0.889091	0.114639	0.443142	-0.090249	0.993029	-0.075823	-0.448745	0.027421	0.893239
00049	4.528034	-0.762914	9.208829	0.009271	0.008409	0.003404	0.889132	0.114605	0.443070	-0.090248	0.993034	-0.075754	-0.448665	0.027369	0.893281
00050	4.555177	-0.715962	9.202155	0.007198	0.008501	0.003534	0.889160	0.114619	0.443009	-0.090274	0.993033	-0.075738	-0.448603	0.027351	0.893312
00051	4.550783	-0.764120	9.206544	0.004608	0.003252	0.004990	0.889153	0.114681	0.443007	-0.090344	0.993027	-0.075736	-0.448603	0.027318	0.893314
00052	4.523129	-0.763496	9.185628	0.004553	0.003169	0.002831	0.889159	0.114688	0.442994	-0.090351	0.993026	-0.075740	-0.448591	0.027320	0.893320
00053	4.526091	-0.761531	9.209898	0.004444	0.001182	0.007248	0.889127	0.114789	0.443031	-0.090450	0.993015	-0.075764	-0.448633	0.027291	0.893299
00054	4.552133	-0.739556	9.204807	-0.002235	-0.001978	0.002388	0.889110	0.114794	0.443064	-0.090423	0.993013	-0.075826	-0.448673	0.027355	0.893277
00055	4.541955	-0.791721	9.160579	0.004308	0.000064	0.006218	0.889112	0.114774	0.443066	-0.090393	0.993014	-0.075841	-0.448675	0.027381	0.893275
00056	4.572360	-0.790008	9.205904	0.006488	0.001959	0.001671	0.889113	0.114770	0.443065	-0.090398	0.993015	-0.075822	-0.448672	0.027362	0.893277
00057	4.546649	-0.765036	9.182939	0.002563	0.004296	0.001831	0.889133	0.114725	0.443035	-0.090357	0.993020	-0.075806	-0.448640	0.027370	0.893293
00058	4.571851	-0.789445	9.206205	0.004198	-0.000102	0.001900	0.889125	0.114724	0.443052	-0.090354	0.993020	-0.075809	-0.448657	0.027372	0.893285
00059	4.552754	-0.760787	9.231417	0.006433	0.001876	-0.000488	0.889150	0.114600	0.443034	-0.090234	0.993034	-0.075772	-0.448631	0.027396	0.893297
00060	4.575585	-0.739864	9.202252	0.006077	-0.001395	-0.001419	0.889139	0.114566	0.443065	-0.090210	0.993038	-0.075744	-0.448658	0.027378	0.893284
00061	4.549662	-0.761472	9.207317	0.004061	-0.001220	0.000870	0.889120	0.114588	0.443097	-0.090249	0.993037	-0.075713	-0.448687	0.027329	0.893271
00062	4.572575	-0.740711	9.178096	0.006214	-0.000277	-0.000389	0.889113	0.114565	0.443117	-0.090235	0.993040	-0.075688	-0.448704	0.027310	0.893263
00063	4.550370	-0.713799	9.179119	0.006323	-0.000111	0.003929	0.889104	0.114592	0.443128	-0.090279	0.993038	-0.075660	-0.448713	0.027265	0.893260
00064	4.551590	-0.735829	9.205374	0.006405	0.000924	0.002800	0.889100	0.114600	0.443135	-0.090294	0.993038	-0.075647	-0.448719	0.027245	0.893257
00065	4.546360	-0.761509	9.183375	0.004333	0.001017	0.002930	0.889098	0.114559	0.443148	-0.090252	0.993043	-0.075637	-0.448730	0.027254	0.893252
00066	4.568604	-0.787659	9.182397	0.003978	-0.002254	0.002000	0.889080	0.114559	0.443184	-0.090249	0.993042	-0.075642	-0.448766	0.027255	0.893233
00067	4.547886	-0.783277	9.209504	0.005994	-0.002430	-0.000289	0.889060	0.114510	0.443237	-0.090206	0.993048	-0.075616	-0.448815	0.027245	0.893209
00068	4.593142	-0.788819	9.179241	0.003896	-0.001470	-0.005607	0.889053	0.114435	0.443272	-0.090135	0.993057	-0.075588	-0.448844	0.027247	0.893194
00069	4.589827	-0.789717	9.155239	0.010818	0.004794	-0.004136	0.889044	0.114369	0.443307	-0.090100	0.993066	-0.075508	-0.448869	0.027188	0.893184
00070	4.548153	-0.733971	9.181647	0.008829	0.005921	-0.005136	0.889069	0.114297	0.443276	-0.090056	0.993076	-0.075438	-0.448828	0.027151	0.893205
00071	4.568561	-0.737039	9.154806	0.006812	0.006098	-0.002847	0.889087	0.114233	0.443256	-0.090007	0.993083	-0.075394	-0.448803	0.027135	0.893219
00072	4.602243	-0.686103	9.196328	0.011253	0.009100	-0.004335	0.889125	0.114167	0.443196	-0.089980	0.993092	-0.075306	-0.448732	0.027077	0.893256
00073	4.544399	-0.755511	9.184841	0.004713	0.005239	0.000571	0.889126	0.114217	0.443182	-0.090063	0.993089	-0.075251	-0.448714	0.026993	0.893268
00074	4.516570	-0.754475	9.164041	0.008881	0.006005	-0.002976	0.889149	0.114166	0.443148	-0.090038	0.993096	-0.075190	-0.448673	0.026955	0.893289
00075	4.527664	-0.724085	9.234634	0.004440	0.003003	-0.001488	0.889145	0.114161	0.443156	-0.090042	0.993097	-0.075171	-0.448679	0.026935	0.893287
00076	4.544554	-0.776014	9.211764	0.006429	0.001876	-0.000488	0.889148	0.114136	0.443158	-0.090028	0.993100	-0.075143	-0.448677	0.026917	0.893289
00077	4.547635	-0.773472	9.236016	0.008363	0.000665	-0.001646	0.889123	0.114119	0.443212	-0.090043	0.993104	-0.075072	-0.448722	0.026840	0.893268
00078	4.573787	-0.750684	9.230918	0.003814	-0.002506	-0.004476	0.889110	0.114056	0.443255	-0.089982	0.993112	-0.075049	-0.448762	0.026842	0.893248
00079	4.548638	-0.725477	9.207654	0.005938	-0.002514	-0.002446	0.889079	0.114046	0.443320	-0.089990	0.993114	-0.075008	-0.448822	0.026794	0.893220
00080	4.569432	-0.775536	9.208588	0.005421	-0.007854	-0.001115	0.889038	0.114017	0.443409	-0.089965	0.993118	-0.074986	-0.448907	0.026774	0.893177
00081	4.571977	-0.750724	9.206241	0.005639	-0.005701	-0.001216	0.889011	0.113975	0.443474	-0.089946	0.993124	-0.074928	-0.448965	0.026723	0.893150
00082	4.590196	-0.756117	9.154733	0.001580	-0.004482	-0.002087	0.888986	0.113936	0.443534	-0.089896	0.993128	-0.074936	-0.449024	0.026745	0.893119
00083	4.570830	-0.774134	9.208012	0.006074	-0.001395	-0.001417	0.888964	0.113894	0.443589	-0.089872	0.993134	-0.074887	-0.449072	0.026706	0.893096
00084	4.593784	-0.752920	9.178785	0.012365	-0.000638	-0.002935	0.888958	0.113845	0.443614	-0.089863	0.993142	-0.074795	-0.449087	0.026626	0.893091
00085	4.568782	-0.680867	9.127460	0.004766	0.005325	0.002728	0.888955	0.113873	0.443613	-0.089905	0.993140	-0.074772	-0.449084	0.026586	0.893094
00086	4.550592	-0.674725	9.179010	0.004630	0.004206	0.001699	0.888966	0.113869	0.443592	-0.089903	0.993140	-0.074770	-0.449063	0.026587	0.893104
00087	4.547612	-0.745537	9.209633	0.002724	0.004553	0.008305	0.888990	0.113863	0.443545	-0.089891	0.993140	-0.074782	-0.449017	0.026609	0.893127
00088	4.538719	-0.773334	9.163754	0.004983	0.007477	0.002627	0.889015	0.113867	0.443494	-0.089899	0.993140	-0.074780	-0.448967	0.026611	0.893152
00089	4.566852	-0.795959	9.211329	0.000272	0.002238	0.002058	0.889021	0.113801	0.443499	-0.089813	0.993145	-0.074805	-0.448972	0.026671	0.893148
00090	4.565202	-0.773365	9.185304	0.006889	0.005317	0.004758	0.889034	0.113828	0.443466	-0.089848	0.993143	-0.074796	-0.448939	0.026652	0.893165
00091	4.569850	-0.746807	9.207616	0.006699	0.004113	0.001570	0.889053	0.113769	0.443443	-0.089802	0.993150	-0.074759	-0.448911	0.026642	0.893179
00092	4.588335	-0.774417	9.182871	0.009121	0.007293	0.002369	0.889077	0.113771	0.443395	-0.089826	0.993151	-0.074719	-0.448858	0.026603	0.893207
00093	4.560334	-0.773501	9.162147	0.004928	0.007392	0.000468	0.889080	0.113743	0.443396	-0.089795	0.993154	-0.074718	-0.448859	0.026616	0.893206
00094	4.585459	-0.750790	9.157545	0.009637	0.012632	0.001037	0.889129	0.113730	0.443300	-0.089809	0.993156	-0.074668	-0.448759	0.026577	0.893258
00095	4.565717	-0.674966	9.155022	0.012193	0.016930	0.002865	0.889207	0.113715	0.443148	-0.089843	0.993160	-0.074577	-0.448597	0.026501	0.893341
00096	4.631308	-0.706958	9.124853	0.006308	0.019531	0.007467	0.889281	0.113764	0.442986	-0.089899	0.993154	-0.074585	-0.448438	0.026503	0.893421
00097	4.558018	-0.722720	9.161200	0.004940	0.026168	0.009451	0.889448	0.113720	0.442663	-0.089863	0.993158	-0.074579	-0.448115	0.026555	0.893581
00098	4.582944	-0.722897	9.183532	0.008911	0.023915	0.011456	0.889538	0.113807	0.442458	-0.089966	0.993148	-0.074581	-0.447915	0.026537	0.893682
00099	4.579702	-0.769442	9.213155	0.005337	0.029525	0.012538	0.889663	0.113867	0.442193	-0.090028	0.993141	-0.074609	-0.447655	0.026568	0.893812
00100	4.553838	-0.789504	9.243862	0.009769	0.032525	0.011052	0.889792	0.113948	0.441911	-0.090131	0.993132	-0.074602	-0.447377	0.026551	0.893951
00101	4.529406	-0.831643	9.300710	0.008877	0.024776	0.006010	0.889906	0.113932	0.441686	-0.090137	0.993134	-0.074569	-0.447149	0.026547	0.894065
00102	4.480995	-0.802332	9.305617	0.010326	0.019173	0.002898	0.889983	0.113936	0.441531	-0.090170	0.993134	-0.074521	-0.446990	0.026509	0.894146
00103	4.458260	-0.728301	9.278807	0.011210	0.008144	-0.001039	0.890033	0.113871	0.441447	-0.090152	0.993144	-0.074421	-0.446894	0.026440	0.894196
00104	4.504416	-0.756402	9.275112	-0.000432	-0.004305	0.000203	0.890007	0.113855	0.441503	-0.090113	0.993144	-0.074457	-0.446953	0.026482	0.894165
00105	4.479611	-0.731444	9.251600	0.007576	-0.006917	-0.002360	0.889959	0.113793	0.441616	-0.090063	0.993152	-0.074411	-0.447059	0.026449	0.894113
00106	4.476695	-0.779315	9.255415	0.002737	-0.013274	-0.003961	0.889897	0.113737	0.441755	-0.090001	0.993159	-0.074400	-0.447195	0.026450	0.894045
00107	4.473139	-0.805046	9.232687	0.000049	-0.018692	-0.006818	0.889791	0.113692	0.441980	-0.089953	0.993164	-0.074382	-0.447416	0.026427	0.893936
00108	4.495284	-0.855006	9.233095	0.006016	-0.020263	-0.012545	0.889705	0.113553	0.442188	-0.089830	0.993181	-0.074304	-0.447611	0.026387	0.893839
00109	4.481654	-0.823212	9.281282	0.015736	-0.026239	-0.016164	0.889575	0.113452	0.442477	-0.089811	0.993199	-0.074098	-0.447874	0.026176	0.893714
00110	4.466352	-0.861619	9.359595	0.012128	-0.038549	-0.029508	0.889422	0.113149	0.442861	-0.089564	0.993236	-0.073890	-0.448226	0.026055	0.893540
00111	4.434650	-0.933310	9.318798	0.012722	-0.051817	-0.035496	0.889235	0.112747	0.443338	-0.089226	0.993285	-0.073639	-0.448664	0.025925	0.893325
00112	4.345249	-0.788340	9.441457	0.023563	-0.064775	-0.049731	0.888982	0.112250	0.443971	-0.088851	0.993349	-0.073239	-0.449239	0.025661	0.893043
00113	3.937992	-0.334363	9.729172	-0.016983	-0.135645	-0.049609	0.888425	0.111757	0.445210	-0.088295	0.993403	-0.073170	-0.450450	0.025696	0.892432
00114	4.523313	-0.902134	9.369684	-0.042312	-0.137914	-0.051118	0.887841	0.111265	0.446495	-0.087612	0.993450	-0.073351	-0.451732	0.026005	0.891775
00115	4.566966	-0.972511	9.437820	-0.034204	-0.177560	-0.058674	0.887098	0.110672	0.448116	-0.086863	0.993512	-0.073414	-0.453333	0.026201	0.890956
00116	4.407376	-0.876594	9.520457	-0.010763	-0.188635	-0.067349	0.886293	0.110032	0.449863	-0.086178	0.993584	-0.073239	-0.455035	0.026143	0.890090
00117	4.496623	-0.883652	9.477411	-0.035788	-0.223923	-0.080452	0.885370	0.109179	0.451884	-0.085170	0.993673	-0.073207	-0.457018	0.026328	0.889068
00118	4.617765	-1.006924	9.536176	-0.031181	-0.253828	-0.091444	0.884278	0.108317	0.454224	-0.084179	0.993766	-0.073100	-0.459310	0.026405	0.887883
00119	4.584284	-1.170925	9.544695	-0.032018	-0.291567	-0.113656	0.883034	0.107249	0.456890	-0.083007	0.993881	-0.072873	-0.461910	0.026425	0.886533
00120	4.658017	-1.383259	9.615090	-0.000446	-0.312678	-0.148603	0.881701	0.105834	0.459785	-0.081654	0.994040	-0.072227	-0.464689	0.026139	0.885088
00121	4.565648	-1.461548	9.625400	0.019254	-0.360917	-0.195703	0.880152	0.103999	0.463160	-0.080022	0.994248	-0.071183	-0.467899	0.025589	0.883411
00122	4.631797	-1.505167	9.806780	0.054613	-0.424893	-0.268259	0.878361	0.101418	0.467116	-0.077880	0.994538	-0.069484	-0.471611	0.024653	0.881462
00123	4.695463	-1.928549	9.769418	0.066965	-0.507988	-0.376222	0.876229	0.097815	0.471863	-0.074907	0.994927	-0.067145	-0.476038	0.023488	0.879111
00124	4.859001	-2.634860	9.789144	0.159852	-0.568457	-0.522904	0.873883	0.092719	0.477212	-0.071057	0.995462	-0.063290	-0.480915	0.021399	0.876506
00125	4.876242	-2.699500	9.761419	0.384504	-0.661947	-0.660657	0.871134	0.086308	0.483401	-0.067186	0.996124	-0.056776	-0.486428	0.016982	0.873556
00126	4.821373	-1.917681	9.825218	0.525551	-0.724813	-0.776933	0.868084	0.078648	0.490147	-0.062962	0.996840	-0.048441	-0.492408	0.011190	0.870293
00127	5.045119	-1.409407	9.583026	0.544975	-0.818211	-0.888888	0.864548	0.069896	0.497667	-0.057994	0.997541	-0.039356	-0.499194	0.005163	0.866475
00128	5.288572	-1.120610	9.097268	0.449104	-0.906668	-1.002248	0.860528	0.059899	0.505869	-0.051568	0.998204	-0.030474	-0.506786	0.000137	0.862072
00129	5.374338	-0.845568	8.956956	0.269301	-0.998781	-1.106752	0.855918	0.048884	0.514795	-0.043472	0.998800	-0.022565	-0.515280	-0.003066	0.857016
00130	5.482484	-2.623272	9.738084	-0.140864	-1.065643	-1.197186	0.850824	0.036875	0.524155	-0.032483	0.999318	-0.017577	-0.524445	-0.002071	0.851442
00131	6.270402	-6.244619	8.730543	0.028629	-1.030566	-1.312760	0.845691	0.023823	0.533141	-0.021570	0.999713	-0.010456	-0.533237	-0.002657	0.845962
00132	5.608398	-4.130464	9.449439	0.946671	-0.933679	-1.499637	0.840933	0.008739	0.541069	-0.013966	0.999887	0.005557	-0.540959	-0.012230	0.840960
00133	5.431010	-2.570815	9.219530	0.860075	-0.858870	-1.589304	0.836364	-0.007152	0.548128	-0.005438	0.999757	0.021343	-0.548147	-0.020832	0.836122
00134	5.091908	-0.674365	8.461508	0.960989	-0.888790	-1.683584	0.831467	-0.024228	0.555046	0.003340	0.999249	0.038614	-0.555565	-0.030252	0.830923
00135	5.142196	0.230743	8.332659	0.610006	-0.818121	-1.711567	0.826672	-0.041350	0.561163	0.013863	0.998490	0.053153	-0.562513	-0.036161	0.825997
00136	3.629479	0.443295	8.576823	0.392763	-0.775000	-1.698963	0.821940	-0.058621	0.566549	0.025688	0.997493	0.065943	-0.568994	-0.039647	0.821386
00137	1.282244	-1.256638	9.572125	-0.084418	-0.685108	-1.342034	0.817519	-0.072062	0.571375	0.036939	0.996659	0.072846	-0.574716	-0.038447	0.817449
00138	1.126336	-7.426691	9.582726	-0.755787	-0.674415	-0.289357	0.813497	-0.075198	0.576687	0.043704	0.996706	0.068317	-0.579925	-0.030372	0.814104
00139	4.627835	-11.742784	9.579962	-0.933835	-0.427671	1.177580	0.811406	-0.063286	0.581046	0.039277	0.997778	0.053827	-0.583161	-0.020854	0.812089
00140	1.179928	-12.018419	9.435838	-0.563044	0.045717	2.233567	0.812373	-0.040996	0.581695	0.024466	0.999044	0.036242	-0.582625	-0.015210	0.812599
00141	0.261659	-9.842558	9.718447	-0.209312	0.259402	3.003293	0.814147	-0.010650	0.580561	0.001031	0.999857	0.016896	-0.580657	-0.013157	0.814042
00142	-0.048738	-6.957535	10.433461	0.031704	0.408910	3.573691	0.816018	0.025116	0.577481	-0.028243	0.999595	-0.003566	-0.577336	-0.013400	0.816397
00143	0.157547	-4.540767	10.963432	0.056948	0.489875	3.979532	0.816987	0.065302	0.572947	-0.061353	0.997771	-0.026236	-0.573384	-0.013717	0.819172
00144	1.233917	-3.203189	11.208789	-0.017395	0.617958	4.274649	0.817139	0.107944	0.566244	-0.096144	0.994072	-0.050757	-0.568367	-0.012965	0.822673
00145	2.144620	-0.450015	10.956181	0.265522	0.834799	4.493066	0.816522	0.152982	0.556676	-0.134609	0.988124	-0.074108	-0.561402	-0.014423	0.827417
00146	1.909048	1.571029	12.011427	-0.023395	0.980566	4.544696	0.815023	0.197830	0.544610	-0.171520	0.980157	-0.099360	-0.553460	-0.012431	0.832783
00147	3.031083	0.575706	11.815779	-0.121888	0.986707	4.273566	0.812327	0.239930	0.531562	-0.205759	0.970750	-0.123726	-0.545699	-0.008868	0.837934
00148	4.112724	1.425233	12.237060	0.050914	1.093109	3.761232	0.809919	0.276331	0.517370	-0.236508	0.961041	-0.143055	-0.536745	-0.006499	0.843720
00149	4.011942	1.671326	12.237310	0.081223	1.172822	3.069312	0.808493	0.306020	0.502683	-0.261858	0.952019	-0.158402	-0.527038	-0.003565	0.849834
00150	4.524199	1.519923	12.191548	0.098139	1.202400	2.223705	0.808737	0.327121	0.488811	-0.280314	0.944982	-0.168620	-0.517077	-0.000652	0.855939
00151	5.296834	1.214358	11.907180	0.066141	1.309923	1.327872	0.811710	0.339762	0.475068	-0.291313	0.940505	-0.174893	-0.506226	0.003569	0.862394
00152	5.548428	1.157132	11.395707	-0.010746	1.463241	0.452837	0.817698	0.343911	0.461622	-0.294911	0.938962	-0.177139	-0.494365	0.008709	0.869211
00153	5.674409	2.289238	11.121962	-0.288012	1.583634	-0.274580	0.826268	0.341248	0.448143	-0.291144	0.939814	-0.178842	-0.482200	0.017297	0.875890
00154	6.001857	2.870908	10.787120	-0.881338	1.672153	-0.815370	0.836561	0.333153	0.434943	-0.280129	0.942354	-0.183020	-0.470844	0.031267	0.881662
00155	6.019968	3.054135	10.185243	-1.545548	1.718137	-1.160392	0.847743	0.321583	0.421801	-0.263070	0.945459	-0.192100	-0.460571	0.051888	0.886105
00156	3.952652	-3.435358	8.333861	-2.386448	1.472268	-1.305701	0.857763	0.308241	0.411376	-0.240984	0.948009	-0.207859	-0.454059	0.079158	0.887448
00157	7.411979	2.133721	5.290626	-0.154707	0.830645	-1.770887	0.865622	0.290855	0.407557	-0.225010	0.953124	-0.202298	-0.447292	0.083409	0.890490
00158	8.709281	-0.165156	7.616701	-2.274003	0.616921	-1.293066	0.871146	0.277919	0.404804	-0.203578	0.954638	-0.217305	-0.446834	0.106896	0.888207
00159	11.081437	-1.141841	7.466558	-0.643812	0.680571	-1.175257	0.876484	0.266014	0.401263	-0.190420	0.957068	-0.218542	-0.442172	0.115140	0.889509
00160	9.592926	-0.300057	7.370856	-0.984073	0.690872	-0.822396	0.881037	0.257291	0.396957	-0.178828	0.958030	-0.224052	-0.437943	0.126411	0.890071
00161	7.532432	-0.265011	6.485091	-0.450657	0.621195	-0.625225	0.884829	0.250591	0.392787	-0.171356	0.958984	-0.225801	-0.433260	0.132489	0.891478
00162	6.627068	0.525643	5.927917	-0.492504	0.433643	-0.495732	0.887529	0.245235	0.390066	-0.164802	0.959544	-0.228288	-0.430270	0.138328	0.892039
00163	6.214318	0.817629	5.925360	-0.381262	0.137789	-0.487215	0.888909	0.240436	0.389913	-0.158843	0.960153	-0.229944	-0.429663	0.142464	0.891680
00164	6.935767	0.822997	6.674068	-0.468050	-0.006399	-0.486332	0.889632	0.235762	0.391115	-0.152471	0.960631	-0.232252	-0.430473	0.146985	0.890555
00165	7.024636	-0.497012	6.278431	-0.318554	-0.090041	-0.496323	0.889964	0.231195	0.393082	-0.146685	0.961281	-0.233284	-0.431797	0.149955	0.889418
00166	6.594129	-0.791003	5.779168	-0.002212	-0.159604	-0.501669	0.889992	0.226597	0.395687	-0.142176	0.962423	-0.231361	-0.433244	0.149652	0.888765
00167	6.247998	-0.351330	5.651382	0.348576	-0.229411	-0.462353	0.889639	0.222528	0.398778	-0.139585	0.963955	-0.226510	-0.434809	0.145849	0.888634
00168	5.913290	0.284992	5.773824	0.528155	-0.238674	-0.366430	0.889103	0.219322	0.401738	-0.138591	0.965517	-0.220385	-0.436220	0.140268	0.888840
00169	4.136470	-0.932364	5.254946	0.562540	-0.291214	-0.277730	0.888208	0.217047	0.404942	-0.138546	0.966880	-0.214355	-0.438055	0.134288	0.888861
00170	2.935799	1.076622	4.036950	1.069082	-0.644788	-0.319310	0.885808	0.214772	0.411359	-0.140385	0.968940	-0.203586	-0.442307	0.122590	0.888446
00171	3.097922	-0.837935	3.697925	0.697871	-1.074949	-0.312468	0.881440	0.213019	0.421528	-0.140717	0.970424	-0.196155	-0.450846	0.113583	0.885346
00172	12.582230	-7.655656	6.616336	0.919838	-1.606448	-0.776218	0.875169	0.207189	0.437208	-0.138070	0.973041	-0.184737	-0.463697	0.101311	0.880182
00173	19.306654	-3.620171	8.501015	3.642906	-0.074753	-1.338255	0.876688	0.194229	0.440106	-0.143171	0.978757	-0.146752	-0.459260	0.065645	0.885873
00174	11.775105	6.427455	8.319924	2.874143	0.942556	-1.267693	0.882779	0.181287	0.433401	-0.145005	0.982646	-0.115674	-0.446850	0.039269	0.893747
00175	-0.987178	5.093341	9.840391	1.652431	0.228183	-0.813939	0.884956	0.173185	0.432273	-0.145113	0.984610	-0.097396	-0.442488	0.023463	0.896467
00176	16.003549	0.446539	14.420146	-0.403310	-0.910495	-0.370549	0.881409	0.169746	0.440799	-0.140003	0.985147	-0.099420	-0.451128	0.025917	0.892083
00177	3.235595	3.194273	10.673512	1.638545	0.976318	-0.110700	0.885915	0.168410	0.432194	-0.146251	0.985650	-0.084285	-0.440187	0.011461	0.897833
00178	2.277272	2.738680	12.384698	-0.253418	-0.370755	-0.174551	0.884523	0.166720	0.435687	-0.143551	0.985913	-0.085836	-0.443860	0.013381	0.895996
00179	6.821704	-5.754368	8.571209	-0.645078	-0.141565	-0.051848	0.883970	0.166144	0.437027	-0.140123	0.985908	-0.091385	-0.446051	0.019544	0.894794
00180	3.613012	0.678127	9.251713	1.067407	-0.073655	-0.084011	0.883755	0.165311	0.437778	-0.144103	0.986201	-0.081498	-0.445209	0.008940	0.895382
00181	4.692420	2.744720	10.543132	0.040147	-0.226250	-0.063645	0.882835	0.164627	0.439886	-0.143632	0.986322	-0.080865	-0.447182	0.008209	0.894405
00182	5.121202	1.301901	9.277259	0.220866	-0.179394	0.010323	0.882011	0.164725	0.441501	-0.144677	0.986323	-0.078971	-0.448471	0.005779	0.893779
00183	6.491626	1.666360	10.068254	-0.072312	0.098547	0.047248	0.882387	0.165087	0.440613	-0.144666	0.986256	-0.079813	-0.447733	0.006685	0.894142
00184	3.958533	-1.348779	9.486587	-0.064379	-0.262461	0.064493	0.881109	0.165725	0.442925	-0.144910	0.986148	-0.080709	-0.450165	0.006929	0.892919
00185	4.501833	-0.766385	9.105957	0.153265	0.055261	0.074992	0.881251	0.166356	0.442405	-0.146150	0.986050	-0.079657	-0.449485	0.005540	0.893271
00186	5.426036	-1.192545	9.216358	-0.003694	-0.140777	0.042382	0.880549	0.166766	0.443647	-0.146472	0.985982	-0.079913	-0.450754	0.005385	0.892632
00187	4.538971	-1.197380	9.213415	0.068980	-0.056144	0.034222	0.880249	0.167004	0.444153	-0.146977	0.985945	-0.079433	-0.451176	0.004641	0.892423
00188	4.859044	-0.997973	9.123661	0.033929	-0.040164	0.023760	0.880026	0.167224	0.444511	-0.147304	0.985910	-0.079271	-0.451504	0.004282	0.892259
00189	4.723032	-1.121231	8.955897	0.029325	-0.027752	0.026663	0.879868	0.167385	0.444764	-0.147560	0.985884	-0.079119	-0.451729	0.003985	0.892146
00190	4.579324	-1.054942	8.920315	0.038266	0.009653	0.027331	0.879864	0.167638	0.444675	-0.147937	0.985842	-0.078934	-0.451612	0.003667	0.892207
00191	4.571827	-1.122367	8.953755	0.040844	0.013678	0.024774	0.879894	0.167784	0.444562	-0.148236	0.985818	-0.078667	-0.451456	0.003319	0.892287
00192	4.406896	-0.854337	9.125272	0.055817	0.018052	0.024630	0.879932	0.168010	0.444400	-0.148669	0.985781	-0.078313	-0.451239	0.002842	0.892399
00193	4.425764	-0.404875	9.351631	0.059175	-0.003375	0.034249	0.879870	0.168251	0.444432	-0.149135	0.985741	-0.077927	-0.451206	0.002286	0.892417
00194	4.447007	-0.367968	9.468610	-0.001146	-0.023427	0.046941	0.879688	0.168698	0.444623	-0.149507	0.985665	-0.078181	-0.451438	0.002301	0.892300
00195	4.381823	-0.377772	9.328750	-0.006249	-0.046513	0.055047	0.879401	0.169142	0.445022	-0.149855	0.985589	-0.078472	-0.451882	0.002319	0.892075
00196	4.637983	-0.540161	9.330748	-0.047047	-0.074477	0.066888	0.878958	0.169787	0.445652	-0.150195	0.985477	-0.079224	-0.452631	0.002700	0.891694
00197	4.536356	-0.715006	9.259700	-0.053769	-0.077961	0.074046	0.878499	0.170416	0.446316	-0.150492	0.985367	-0.080023	-0.453422	0.003133	0.891290
00198	4.630311	-1.023546	9.123786	-0.056596	-0.083342	0.071274	0.878007	0.171105	0.447020	-0.150825	0.985246	-0.080880	-0.454263	0.003592	0.890860
00199	4.603632	-1.077522	9.103938	-0.033040	-0.091955	0.063623	0.877498	0.171636	0.447815	-0.151128	0.985153	-0.081446	-0.455146	0.003791	0.890409
00200	4.659393	-1.048143	9.237896	-0.017987	-0.087173	0.051482	0.877017	0.172130	0.448568	-0.151462	0.985067	-0.081871	-0.455962	0.003862	0.889991
00201	4.676264	-0.894343	9.316535	-0.005833	-0.073281	0.043393	0.876619	0.172472	0.449214	-0.151720	0.985007	-0.082110	-0.456641	0.003824	0.889643
00202	4.651248	-0.791437	9.332373	-0.017005	-0.064350	0.032836	0.876268	0.172781	0.449778	-0.151894	0.984952	-0.082443	-0.457255	0.003924	0.889327
00203	4.598991	-0.753180	9.408169	-0.034874	-0.059239	0.022954	0.875966	0.172916	0.450314	-0.151834	0.984928	-0.082848	-0.457853	0.004199	0.889018
00204	4.562522	-0.787540	9.315140	-0.048211	-0.051049	0.015854	0.875702	0.173058	0.450774	-0.151716	0.984901	-0.083383	-0.458397	0.004629	0.888735
00205	4.662617	-0.764423	9.245744	-0.061409	-0.057002	0.008411	0.875432	0.173050	0.451301	-0.151408	0.984899	-0.083957	-0.459015	0.005168	0.888413
00206	4.647159	-0.870602	9.205758	-0.050499	-0.052475	0.006319	0.875175	0.173099	0.451781	-0.151195	0.984888	-0.084469	-0.459575	0.005618	0.888121
00207	4.678660	-0.939883	9.105786	-0.052322	-0.050625	-0.002334	0.874953	0.172976	0.452258	-0.150822	0.984907	-0.084913	-0.460120	0.006084	0.887836
00208	4.553660	-0.890884	9.192065	-0.036889	-0.043360	-0.008152	0.874759	0.172881	0.452668	-0.150544	0.984922	-0.085238	-0.460579	0.006416	0.887596
00209	4.539164	-1.059778	9.232517	-0.037698	-0.064271	-0.014611	0.874490	0.172646	0.453278	-0.150139	0.984961	-0.085497	-0.461222	0.006712	0.887259
00210	4.752163	-0.904516	9.109041	-0.004792	-0.065161	-0.027784	0.874224	0.172359	0.453898	-0.149837	0.985011	-0.085448	-0.461823	0.006690	0.886947
00211	4.645922	-0.860402	9.143484	-0.036268	-0.068588	-0.032938	0.873962	0.171942	0.454561	-0.149277	0.985082	-0.085610	-0.462500	0.006965	0.886592
00212	4.730253	-0.802761	9.097910	-0.023550	-0.066022	-0.028559	0.873693	0.171649	0.455190	-0.148881	0.985132	-0.085723	-0.463136	0.007126	0.886258
00213	4.632057	-0.905718	9.169443	-0.042847	-0.070958	-0.024727	0.873405	0.171315	0.455866	-0.148364	0.985188	-0.085981	-0.463844	0.007462	0.885885
00214	4.672982	-0.967655	9.116325	-0.033459	-0.077471	-0.032679	0.873088	0.170982	0.456599	-0.147886	0.985244	-0.086162	-0.464594	0.007702	0.885490
00215	4.407063	-0.728338	9.380275	-0.039434	-0.105411	-0.035152	0.872654	0.170549	0.457589	-0.147293	0.985317	-0.086343	-0.465596	0.007948	0.884962
00216	4.775114	-0.827203	9.178619	-0.076271	-0.132074	-0.034317	0.872082	0.170205	0.458805	-0.146601	0.985372	-0.086894	-0.466884	0.008518	0.884278
00217	4.630356	-0.735031	9.187506	-0.069482	-0.142064	-0.028879	0.871467	0.169833	0.460112	-0.145915	0.985432	-0.087366	-0.468246	0.008999	0.883552
00218	4.715983	-0.773718	9.196532	-0.090528	-0.143812	-0.028279	0.870827	0.169550	0.461425	-0.145207	0.985474	-0.088069	-0.469655	0.009690	0.882797
00219	4.682027	-0.644816	9.234117	-0.071531	-0.155417	-0.016103	0.870124	0.169310	0.462837	-0.144625	0.985510	-0.088616	-0.471134	0.010169	0.882003
00220	4.749080	-0.913613	9.166001	-0.107317	-0.173418	-0.013527	0.869319	0.169177	0.464396	-0.143963	0.985525	-0.089532	-0.472821	0.010976	0.881090
00221	4.677492	-1.031546	9.180793	-0.091010	-0.173716	-0.018027	0.868525	0.168928	0.465969	-0.143277	0.985560	-0.090242	-0.474485	0.011615	0.880187
00222	4.700852	-0.991442	9.165997	-0.106226	-0.191507	-0.025720	0.867645	0.168681	0.467696	-0.142511	0.985593	-0.091089	-0.476323	0.012381	0.879183
00223	4.742665	-1.003682	9.152122	-0.115131	-0.193563	-0.035756	0.866775	0.168266	0.469455	-0.141555	0.985653	-0.091928	-0.478188	0.013228	0.878158
00224	4.760211	-0.952779	9.235958	-0.117605	-0.208784	-0.039153	0.865823	0.167892	0.471342	-0.140614	0.985705	-0.092809	-0.480186	0.014079	0.877054
00225	4.695608	-0.898676	9.258516	-0.145143	-0.224551	-0.044819	0.864808	0.167391	0.473378	-0.139427	0.985774	-0.093860	-0.482355	0.015169	0.875844
00226	4.804072	-0.905804	9.156031	-0.145478	-0.252845	-0.045614	0.863642	0.166963	0.475653	-0.138292	0.985830	-0.094949	-0.484766	0.016224	0.874494
00227	4.751402	-0.699129	9.237623	-0.141068	-0.277687	-0.035029	0.862340	0.166590	0.478139	-0.137219	0.985877	-0.096013	-0.487381	0.017186	0.873020
00228	4.721511	-0.777622	9.238062	-0.174396	-0.304258	-0.023317	0.860878	0.166397	0.480834	-0.136127	0.985886	-0.097455	-0.490264	0.018442	0.871379
00229	4.628367	-0.937757	9.354572	-0.201325	-0.340677	-0.026892	0.859241	0.166106	0.483852	-0.134807	0.985907	-0.099067	-0.493489	0.019895	0.869524
00230	4.570730	-1.055766	9.459749	-0.226129	-0.401520	-0.038247	0.857296	0.165795	0.487396	-0.133320	0.985926	-0.100877	-0.497261	0.021501	0.867334
00231	4.677337	-1.065229	9.374312	-0.234958	-0.464480	-0.047698	0.855045	0.165327	0.491492	-0.131629	0.985969	-0.102664	-0.501569	0.023087	0.864810
00232	4.678637	-0.973088	9.424559	-0.235979	-0.514914	-0.056257	0.852517	0.164878	0.496015	-0.129921	0.986007	-0.104455	-0.506297	0.024607	0.862008
00233	4.506829	-0.919635	9.611444	-0.228482	-0.590460	-0.052675	0.849584	0.164413	0.501174	-0.128205	0.986051	-0.106148	-0.511635	0.025928	0.858811
00234	4.584337	-1.016225	9.581705	-0.259719	-0.705336	-0.061121	0.846023	0.163981	0.507302	-0.126311	0.986084	-0.108096	-0.517968	0.027374	0.854962
00235	4.407984	-1.066011	9.700555	-0.224779	-0.792174	-0.073088	0.841981	0.163410	0.514165	-0.124441	0.986152	-0.109634	-0.524960	0.028326	0.850656
00236	4.279295	-0.841914	10.144017	-0.216101	-0.952756	-0.091549	0.837045	0.162762	0.522364	-0.122489	0.986241	-0.111022	-0.533247	0.028947	0.845464
00237	4.134576	-0.661590	10.320645	-0.205698	-1.115796	-0.108006	0.831172	0.161955	0.531905	-0.120399	0.986366	-0.112190	-0.542823	0.029208	0.839339
00238	3.853186	-0.527873	10.587729	-0.193164	-1.347764	-0.118928	0.823913	0.161157	0.543320	-0.118315	0.986503	-0.113194	-0.554229	0.028980	0.831860
00239	3.610639	-0.718989	10.846759	-0.240132	-1.607091	-0.157417	0.815081	0.159982	0.556821	-0.115585	0.986700	-0.114296	-0.567700	0.028801	0.822731
00240	2.997589	-1.416493	11.325658	-0.262155	-1.963116	-0.233436	0.804033	0.158221	0.573147	-0.112144	0.986998	-0.115147	-0.583913	0.028307	0.811322
00241	2.422368	-2.155464	11.548986	-0.138181	-2.449837	-0.339443	0.789862	0.155458	0.593255	-0.108530	0.987504	-0.114270	-0.603605	0.025872	0.796863
00242	2.592948	-3.371195	11.801002	-0.108305	-2.972242	-0.503784	0.772098	0.151180	0.617259	-0.103885	0.988252	-0.112100	-0.626955	0.022428	0.778733
00243	2.938579	-4.108861	10.603628	0.222941	-3.487721	-0.743504	0.750526	0.144450	0.644861	-0.099592	0.989397	-0.105716	-0.653294	0.015120	0.756954
00244	4.111855	-2.666554	10.234198	0.655630	-4.039314	-1.007271	0.724521	0.134824	0.675938	-0.096497	0.990865	-0.094208	-0.682465	0.003030	0.730912
00245	4.753047	-1.462398	10.488358	0.611419	-4.485369	-1.153632	0.694298	0.123234	0.709059	-0.092530	0.992339	-0.081864	-0.713715	-0.008771	0.700381
00246	5.897819	-1.171583	10.711280	0.526207	-4.976180	-1.218780	0.659035	0.110399	0.743965	-0.088078	0.993691	-0.069434	-0.746937	-0.019768	0.664601
00247	8.769510	-1.160049	12.002828	0.310730	-5.353928	-1.215756	0.619136	0.096996	0.779270	-0.082641	0.994880	-0.058174	-0.780923	-0.028382	0.623982
00248	12.812584	-3.338328	12.418960	-0.138098	-5.338662	-1.187856	0.577497	0.083543	0.812107	-0.074383	0.995997	-0.049566	-0.812997	-0.031783	0.581400
00249	16.566501	-6.376552	14.051582	-0.247694	-4.821754	-1.238498	0.538426	0.069618	0.839792	-0.065401	0.997028	-0.040721	-0.840131	-0.032998	0.541379
00250	13.127052	-8.183367	11.947956	0.352681	-4.083690	-1.398921	0.504551	0.054174	0.861681	-0.061056	0.997770	-0.026979	-0.861220	-0.038998	0.506733
00251	10.103088	-5.151633	11.277602	0.976111	-3.950292	-1.611444	0.471120	0.036352	0.881320	-0.061708	0.998061	-0.008181	-0.879908	-0.050530	0.472450
00252	9.114470	-3.400943	11.298063	0.969984	-3.902892	-1.634084	0.437440	0.017841	0.899070	-0.062853	0.997965	0.010778	-0.897048	-0.061224	0.437671
00253	6.930497	-2.343463	11.446219	0.770053	-3.838718	-1.604839	0.403712	-0.000593	0.914886	-0.063120	0.997599	0.028500	-0.912706	-0.069254	0.402705
00254	4.852615	-1.785996	10.891417	0.261608	-3.756903	-1.566702	0.370090	-0.018885	0.928804	-0.059415	0.997265	0.043952	-0.927094	-0.071451	0.367956
00255	1.662747	-2.263186	9.681886	-0.201734	-3.728702	-1.555350	0.336161	-0.036910	0.941081	-0.052107	0.996972	0.057715	-0.940362	-0.068439	0.333220
00256	-3.011485	-6.558226	6.279824	-0.573237	-3.534329	-1.453852	0.303383	-0.053712	0.951354	-0.041983	0.996687	0.069660	-0.951943	-0.061074	0.300123
00257	8.805074	-7.288950	10.120130	0.287056	-4.092047	-1.155200	0.264710	-0.067607	0.961955	-0.041558	0.995813	0.081422	-0.963432	-0.061531	0.260792
00258	27.186506	-9.790447	19.110798	-0.352402	0.743553	0.436824	0.271672	-0.062829	0.960337	-0.039288	0.996311	0.076297	-0.961588	-0.058457	0.268202
00259	5.651977	-10.359380	16.613331	0.165419	2.458154	1.364601	0.294702	-0.047551	0.954405	-0.044927	0.996967	0.063544	-0.954532	-0.061605	0.291672
00260	-4.752823	-10.914250	9.223507	0.557496	3.606076	1.949561	0.327917	-0.025782	0.944355	-0.056237	0.997322	0.046756	-0.943031	-0.068440	0.325589
