// General information: 
//  MT Manager version: 2022.2.0 
//  XDA version: 2022.2.0 build 7381 rev 124627 built on 2023-07-19
// Device information: 
//  DeviceId: 00B4CB9F
//  ProductCode: MTW2-3A7G6
//  Firmware Version: 4.6.0
//  Hardware Version: 2.0.0
// Device settings: 
//  Filter Profile: human(46.1)
//  Option Flags: Orientation Smoother Disabled, Position/Velocity Smoother Disabled, Continuous Zero Rotation Update Disabled, AHS Disabled, ICC Disabled
// Coordinate system: ENU
PacketCounter	Acc_X	Acc_Y	Acc_Z	Gyr_X	Gyr_Y	Gyr_Z	Mat[1][1]	Mat[2][1]	Mat[3][1]	Mat[1][2]	Mat[2][2]	Mat[3][2]	Mat[1][3]	Mat[2][3]	Mat[3][3]
55643	9.628514	0.538231	-0.406548	-0.068984	0.017300	0.009147	-0.145631	0.030798	0.988860	0.796886	-0.588693	0.135693	0.586314	0.807770	0.061189
55644	9.609801	0.550042	-0.178925	-0.014020	0.027454	0.018368	-0.145572	0.030485	0.988878	0.796867	-0.588774	0.135457	0.586355	0.807723	0.061417
55645	9.781542	1.104354	0.172413	0.086006	0.057572	0.008972	-0.145753	0.030019	0.988866	0.797429	-0.588028	0.135387	0.585545	0.808283	0.061768
55646	9.772062	1.617116	0.628002	0.100812	0.063503	-0.006302	-0.146102	0.029560	0.988828	0.798046	-0.587173	0.135466	0.584617	0.808922	0.062197
55647	9.775079	1.866277	0.846290	0.054056	0.066633	-0.018688	-0.146555	0.029185	0.988772	0.798377	-0.586679	0.135651	0.584051	0.809293	0.062680
55648	9.749646	1.660113	0.917857	-0.050854	0.050095	-0.022108	-0.146951	0.028926	0.988721	0.798084	-0.587046	0.135792	0.584353	0.809037	0.063181
55649	9.778453	1.375195	0.762928	-0.132036	0.035978	-0.017573	-0.147218	0.028794	0.988685	0.797327	-0.588059	0.135851	0.585317	0.808305	0.063615
55650	9.687273	1.273228	0.681572	-0.181644	0.029835	-0.014919	-0.147439	0.028658	0.988656	0.796277	-0.589484	0.135837	0.586690	0.807271	0.064093
55651	9.535810	1.192799	0.664564	-0.226281	0.018782	-0.016620	-0.147597	0.028658	0.988632	0.794968	-0.591251	0.135823	0.588422	0.805978	0.064485
55652	9.502838	1.143245	0.856708	-0.252208	0.015609	-0.018702	-0.147764	0.028659	0.988607	0.793490	-0.593239	0.135798	0.590372	0.804516	0.064918
55653	9.640573	1.242214	0.984943	-0.244382	0.022956	-0.031689	-0.148067	0.028715	0.988560	0.792043	-0.595142	0.135920	0.592237	0.803107	0.065377
55654	9.744321	1.269265	1.069623	-0.218316	0.028042	-0.034375	-0.148432	0.028711	0.988506	0.790733	-0.596846	0.136070	0.593893	0.801842	0.065888
55655	9.725584	1.097922	0.967980	-0.209557	0.035409	-0.042433	-0.148894	0.028733	0.988436	0.789466	-0.598465	0.136319	0.595461	0.800634	0.066425
55656	9.667641	0.930125	0.984521	-0.157411	0.051270	-0.034667	-0.149401	0.028546	0.988365	0.788513	-0.599677	0.136511	0.596596	0.799733	0.067083
55657	9.635190	0.834707	0.891569	-0.102058	0.053558	-0.025492	-0.149834	0.028316	0.988306	0.787915	-0.600428	0.136657	0.597276	0.799177	0.067654
55658	9.685192	0.890363	0.918618	-0.018065	0.065960	-0.011882	-0.150249	0.027876	0.988255	0.787826	-0.600532	0.136716	0.597289	0.799115	0.068268
55659	9.685195	1.003313	0.917988	0.042213	0.073156	-0.012848	-0.150700	0.027415	0.988199	0.788105	-0.600139	0.136835	0.596808	0.799426	0.068835
55660	9.661296	1.217492	0.825229	0.057591	0.054636	-0.010084	-0.151032	0.027055	0.988159	0.788470	-0.599638	0.136929	0.596242	0.799814	0.069233
55661	9.629279	1.340299	0.815865	0.041307	0.041898	0.004531	-0.151163	0.026739	0.988147	0.788764	-0.599262	0.136878	0.595819	0.800106	0.069496
55662	9.587556	1.318199	0.805473	0.032725	0.031811	0.004447	-0.151244	0.026474	0.988142	0.789003	-0.598964	0.136811	0.595483	0.800338	0.069702
55663	9.649230	1.380040	0.782039	0.026654	0.031998	0.002033	-0.151333	0.026250	0.988134	0.789210	-0.598700	0.136772	0.595186	0.800543	0.069886
55664	9.690737	1.373361	0.844717	0.035447	0.037616	-0.002845	-0.151506	0.025982	0.988115	0.789453	-0.598377	0.136780	0.594819	0.800793	0.070147
55665	9.683045	1.345687	0.739868	0.030682	0.035179	-0.009975	-0.151712	0.025806	0.988088	0.789661	-0.598084	0.136865	0.594491	0.801018	0.070359
55666	9.692696	1.300226	0.610589	0.008483	0.026223	-0.005517	-0.151838	0.025645	0.988073	0.789739	-0.597976	0.136880	0.594354	0.801104	0.070543
55667	9.706543	1.225254	0.604199	0.004839	0.020429	-0.003119	-0.151902	0.025544	0.988065	0.789805	-0.597890	0.136879	0.594250	0.801171	0.070645
55668	9.642984	1.138692	0.499809	0.003499	-0.000657	-0.001138	-0.151834	0.025572	0.988075	0.789861	-0.597823	0.136847	0.594194	0.801220	0.070571
55669	9.692616	1.110277	0.481069	0.026190	-0.012793	0.006170	-0.151626	0.025681	0.988104	0.790069	-0.597566	0.136768	0.593970	0.801408	0.070317
55670	9.873204	1.072558	0.338662	0.049793	-0.022589	0.002591	-0.151398	0.025863	0.988134	0.790405	-0.597130	0.136732	0.593581	0.801728	0.069962
55671	9.775527	1.182973	0.456426	0.085298	-0.024803	0.002592	-0.151143	0.026092	0.988168	0.790959	-0.596397	0.136727	0.592907	0.802266	0.069504
55672	9.644276	1.250114	0.481980	0.100817	-0.036864	0.004140	-0.150819	0.026379	0.988209	0.791599	-0.595551	0.136710	0.592135	0.802884	0.068939
55673	9.698623	1.333772	0.528391	0.110932	-0.037335	0.000720	-0.150507	0.026722	0.988248	0.792296	-0.594617	0.136743	0.591283	0.803565	0.068322
55674	9.754383	1.471990	0.659620	0.123384	-0.029384	-0.000407	-0.150263	0.026978	0.988278	0.793061	-0.593586	0.136785	0.590318	0.804318	0.067799
55675	9.714198	1.533646	0.679919	0.118790	-0.030566	0.000482	-0.149992	0.027268	0.988311	0.793804	-0.592584	0.136822	0.589388	0.805047	0.067237
55676	9.684126	1.519541	0.615004	0.091217	-0.032540	-0.003370	-0.149754	0.027567	0.988339	0.794372	-0.591810	0.136871	0.588682	0.805606	0.066728
55677	9.634951	1.497260	0.442950	0.056142	-0.039880	-0.000523	-0.149439	0.027937	0.988376	0.794743	-0.591312	0.136876	0.588262	0.805959	0.066162
55678	9.572581	1.323772	0.474141	0.034381	-0.028328	0.009746	-0.149122	0.028125	0.988419	0.794996	-0.590999	0.136756	0.588001	0.806182	0.065772
55679	9.505845	1.228975	0.567993	0.032523	-0.024307	0.016023	-0.148765	0.028270	0.988468	0.795256	-0.590690	0.136580	0.587739	0.806403	0.065392
55680	9.644628	1.218588	0.597477	0.054116	-0.007651	0.013318	-0.148541	0.028270	0.988502	0.795630	-0.590219	0.136438	0.587290	0.806748	0.065179
55681	9.788047	1.320915	0.696593	0.104760	0.008465	0.008145	-0.148437	0.028196	0.988520	0.796307	-0.589317	0.136383	0.586397	0.807409	0.065024
55682	9.880251	1.346079	0.544267	0.134134	0.014490	0.002820	-0.148426	0.028079	0.988525	0.797133	-0.588196	0.136397	0.585276	0.808231	0.064921
55683	9.845524	1.358931	0.359573	0.124262	0.004160	0.001028	-0.148356	0.028086	0.988535	0.797903	-0.587144	0.136428	0.584244	0.808995	0.064696
55684	9.828414	1.324833	0.197136	0.113431	0.001316	0.004197	-0.148257	0.028068	0.988550	0.798607	-0.586189	0.136414	0.583306	0.809688	0.064491
55685	9.727934	1.326436	0.146178	0.085220	-0.015497	0.009221	-0.148008	0.028190	0.988584	0.799154	-0.585460	0.136342	0.582621	0.810211	0.064124
55686	9.642289	1.416194	0.263075	0.051387	-0.014540	0.011063	-0.147762	0.028260	0.988619	0.799506	-0.585009	0.136219	0.582200	0.810534	0.063848
55687	9.506411	1.644083	0.489079	0.033394	-0.020277	0.002062	-0.147540	0.028460	0.988647	0.799746	-0.584689	0.136181	0.581927	0.810758	0.063504
55688	9.560100	1.890516	0.813218	-0.018991	-0.024877	-0.013082	-0.147427	0.028756	0.988655	0.799652	-0.584801	0.136252	0.582085	0.810667	0.063221
55689	9.694519	1.934513	0.951490	-0.085969	-0.017397	-0.024924	-0.147443	0.029091	0.988643	0.799151	-0.585448	0.136410	0.582768	0.810188	0.063072
55690	9.787241	1.735783	0.996206	-0.147605	-0.010511	-0.028148	-0.147534	0.029359	0.988621	0.798284	-0.586597	0.136549	0.583931	0.809347	0.063106
55691	9.911238	1.531034	0.769837	-0.182980	-0.000144	-0.032489	-0.147706	0.029597	0.988588	0.797214	-0.588012	0.136717	0.585349	0.808310	0.063258
55692	9.790513	1.334912	0.487510	-0.202186	0.012475	-0.031397	-0.147956	0.029698	0.988548	0.796018	-0.589598	0.136853	0.586910	0.807151	0.063595
55693	9.683113	1.121039	0.103280	-0.223767	-0.005878	-0.025638	-0.148041	0.029940	0.988528	0.794714	-0.591339	0.136926	0.588654	0.805867	0.063748
55694	9.669607	1.039004	-0.165070	-0.223118	-0.020448	-0.015154	-0.147968	0.030211	0.988531	0.793412	-0.593093	0.136887	0.590426	0.804567	0.063788
55695	9.698919	1.163734	-0.012619	-0.200607	-0.033782	-0.015967	-0.147811	0.030624	0.988541	0.792245	-0.594651	0.136882	0.592029	0.803400	0.063635
55696	9.634189	1.236535	0.159432	-0.194296	-0.044739	-0.018862	-0.147622	0.031112	0.988554	0.791102	-0.596168	0.136899	0.593603	0.802257	0.063395
55697	9.673856	1.194367	0.464301	-0.183979	-0.048531	-0.017699	-0.147392	0.031655	0.988572	0.790022	-0.597593	0.136924	0.595098	0.801174	0.063072
55698	9.794016	1.058848	0.671423	-0.142108	-0.039724	-0.014821	-0.147199	0.032077	0.988587	0.789190	-0.598689	0.136935	0.596248	0.800339	0.062811
55699	9.766058	0.928433	0.793606	-0.086035	-0.034045	-0.005392	-0.146949	0.032427	0.988612	0.788719	-0.599319	0.136894	0.596933	0.799854	0.062494
55700	9.704679	0.865772	0.817163	-0.020365	-0.030956	0.008390	-0.146625	0.032640	0.988654	0.788646	-0.599447	0.136753	0.597109	0.799749	0.062152
55701	9.595029	0.913197	0.898076	0.052438	-0.022727	0.018625	-0.146255	0.032758	0.988704	0.789026	-0.598989	0.136563	0.596697	0.800087	0.061758
55702	9.582519	1.069604	0.943460	0.102797	-0.013784	0.029028	-0.145870	0.032711	0.988763	0.789718	-0.598138	0.136294	0.595875	0.800725	0.061418
55703	9.609674	1.413855	1.003258	0.141834	0.004212	0.024041	-0.145619	0.032580	0.988804	0.790636	-0.596968	0.136105	0.594718	0.801603	0.061171
55704	9.561632	1.664788	1.005371	0.135673	0.014206	0.015739	-0.145506	0.032388	0.988827	0.791501	-0.595847	0.135986	0.593594	0.802445	0.061064
55705	9.655152	1.525641	0.852562	0.122761	0.017563	0.010971	-0.145439	0.032228	0.988842	0.792281	-0.594825	0.135915	0.592569	0.803209	0.060977
55706	9.713940	1.292424	0.423371	0.093984	0.000970	0.007887	-0.145309	0.032190	0.988862	0.792886	-0.594035	0.135848	0.591792	0.803795	0.060796
55707	9.745883	1.151699	0.103302	0.100097	-0.005529	0.009975	-0.145108	0.032217	0.988891	0.793540	-0.593179	0.135768	0.590963	0.804426	0.060509
55708	9.717283	1.111003	-0.013309	0.099240	-0.018184	0.004489	-0.144892	0.032354	0.988918	0.794169	-0.592344	0.135737	0.590171	0.805035	0.060131
55709	9.725210	1.060465	-0.047813	0.113057	-0.025524	-0.001959	-0.144667	0.032614	0.988943	0.794880	-0.591379	0.135782	0.589268	0.805734	0.059629
55710	9.665808	0.945651	-0.032547	0.166524	-0.027198	-0.018748	-0.144583	0.032960	0.988944	0.795869	-0.589992	0.136020	0.587952	0.806736	0.059071
55711	9.651759	1.183044	0.248102	0.229416	-0.030365	-0.020101	-0.144478	0.033372	0.988945	0.797224	-0.588092	0.136314	0.586140	0.808105	0.058361
55712	9.733694	1.167755	0.562464	0.239171	-0.035647	-0.023875	-0.144387	0.033817	0.988943	0.798625	-0.586112	0.136642	0.584252	0.809524	0.057619
55713	9.749041	1.259814	0.724731	0.262087	-0.026736	-0.022133	-0.144319	0.034210	0.988940	0.800162	-0.583935	0.136970	0.582162	0.811080	0.056900
55714	9.721417	1.526079	0.724271	0.255686	-0.030178	-0.015267	-0.144193	0.034561	0.988946	0.801662	-0.581815	0.137219	0.580126	0.812586	0.056187
55715	10.248139	1.682455	0.228166	0.200434	-0.044078	-0.015207	-0.143968	0.035055	0.988961	0.802843	-0.580132	0.137438	0.578546	0.813768	0.055377
55716	10.198820	1.742466	0.092507	0.187337	-0.007909	-0.009190	-0.143924	0.035191	0.988963	0.803948	-0.578565	0.137586	0.577021	0.814877	0.054978
55717	9.754910	1.588923	-0.162364	0.127291	-0.039313	0.000785	-0.143601	0.035554	0.988997	0.804726	-0.577478	0.137605	0.576017	0.815631	0.054315
55718	9.562460	1.461399	-0.635224	0.045795	-0.079260	0.009290	-0.142997	0.036165	0.989062	0.805038	-0.577070	0.137492	0.575730	0.815894	0.053405
55719	9.563969	1.324717	-0.787876	0.003720	-0.089479	-0.001320	-0.142400	0.036951	0.989119	0.805107	-0.576981	0.137463	0.575782	0.815921	0.052413
55720	9.525791	1.746141	-0.470876	0.008439	-0.096973	-0.023226	-0.141956	0.037894	0.989147	0.805158	-0.576865	0.137651	0.575821	0.815960	0.051379
55721	9.357530	2.430525	0.003239	-0.092106	-0.115192	-0.044806	-0.141560	0.039147	0.989155	0.804606	-0.577549	0.138006	0.576689	0.815417	0.050260
55722	9.515269	2.405024	0.382416	-0.290037	-0.113657	-0.063840	-0.141343	0.040460	0.989133	0.802875	-0.579848	0.138446	0.579149	0.813719	0.049473
55723	9.666164	1.626570	0.608269	-0.452748	-0.091171	-0.064906	-0.141247	0.041637	0.989098	0.800188	-0.583460	0.138831	0.582879	0.811074	0.049095
55724	9.860177	0.650299	0.660643	-0.452280	-0.057768	-0.060516	-0.141319	0.042476	0.989052	0.797494	-0.587059	0.139161	0.586543	0.808429	0.049089
55725	9.990868	0.140616	0.661418	-0.325223	-0.035250	-0.056098	-0.141466	0.043145	0.989002	0.795550	-0.589606	0.139516	0.589141	0.806538	0.049085
55726	9.966472	0.215141	0.613427	-0.150092	-0.028325	-0.036517	-0.141516	0.043606	0.988975	0.794649	-0.590763	0.139757	0.590344	0.805666	0.048951
55727	9.735330	0.480436	0.624308	-0.034226	-0.040874	-0.023817	-0.141376	0.044125	0.988972	0.794452	-0.590986	0.139937	0.590643	0.805474	0.048496
55728	9.627406	0.725934	0.734855	0.045801	-0.039927	-0.018260	-0.141212	0.044571	0.988975	0.794732	-0.590571	0.140093	0.590305	0.805754	0.047974
55729	9.502481	0.878245	0.878052	0.106118	-0.024363	-0.024086	-0.141166	0.044948	0.988965	0.795384	-0.589636	0.140333	0.589437	0.806417	0.047485
55730	9.512478	0.994605	1.021298	0.171123	-0.001136	-0.032167	-0.141342	0.045164	0.988930	0.796382	-0.588203	0.140685	0.588046	0.807451	0.047170
55731	9.757306	1.213752	1.156487	0.232776	0.008393	-0.036610	-0.141590	0.045363	0.988885	0.797730	-0.586271	0.141114	0.586156	0.808844	0.046823
55732	9.936032	1.269424	0.949906	0.317032	0.043514	-0.057731	-0.142233	0.045366	0.988793	0.799538	-0.583640	0.141787	0.583531	0.810744	0.046741
55733	9.769290	1.196507	0.598522	0.398172	0.054138	-0.080463	-0.143102	0.045448	0.988664	0.801765	-0.580347	0.142727	0.580254	0.813100	0.046610
55734	9.340016	1.367128	0.196429	0.439290	0.022321	-0.052978	-0.143583	0.045591	0.988588	0.804265	-0.576707	0.143408	0.576664	0.815678	0.046139
55735	9.441095	1.374625	0.037074	0.421166	-0.017534	-0.042791	-0.143739	0.046027	0.988545	0.806657	-0.573213	0.143980	0.573274	0.818113	0.045265
55736	9.746530	1.242370	-0.071454	0.369386	-0.019041	-0.057510	-0.144022	0.046530	0.988480	0.808722	-0.570123	0.144668	0.570286	0.820241	0.044481
55737	9.796238	1.190421	0.154063	0.331487	0.002927	-0.053701	-0.144385	0.046867	0.988411	0.810549	-0.567359	0.145306	0.567594	0.822136	0.043931
55738	9.777076	1.240937	0.227711	0.296638	0.003163	-0.042297	-0.144674	0.047099	0.988358	0.812203	-0.564860	0.145807	0.565151	0.823842	0.043467
55739	9.945802	1.477340	0.190371	0.248702	0.017053	-0.017742	-0.144819	0.047097	0.988337	0.813636	-0.562734	0.146036	0.563049	0.825295	0.043174
55740	9.537327	1.923605	0.354160	0.165262	0.036703	-0.013267	-0.145061	0.046888	0.988311	0.814581	-0.561325	0.146192	0.561618	0.826266	0.043232
55741	9.459626	2.273375	0.354645	0.036211	0.035358	-0.019836	-0.145330	0.046755	0.988278	0.814791	-0.560977	0.146358	0.561244	0.826510	0.043431
55742	9.304567	2.555217	0.457555	-0.082169	0.023620	-0.065096	-0.145921	0.046945	0.988182	0.814270	-0.561587	0.146919	0.561847	0.826085	0.043722
55743	9.416241	2.598908	0.895025	-0.229566	-0.005164	-0.109805	-0.146689	0.047646	0.988034	0.812880	-0.563352	0.147851	0.563656	0.824842	0.043908
55744	9.797825	2.205925	1.138638	-0.408930	-0.030509	-0.122053	-0.147435	0.048605	0.987877	0.810424	-0.566624	0.148830	0.566989	0.822542	0.044149
55745	9.589159	1.260354	0.901059	-0.478751	-0.032724	-0.118442	-0.148114	0.049596	0.987726	0.807576	-0.570437	0.149743	0.570862	0.819842	0.044437
55746	9.641163	0.378677	0.443369	-0.396214	-0.030536	-0.109843	-0.148752	0.050493	0.987585	0.805180	-0.573588	0.150604	0.574071	0.817586	0.044667
55747	9.439981	-0.168268	0.120345	-0.202628	-0.005593	-0.108454	-0.149501	0.051203	0.987435	0.803906	-0.575127	0.151537	0.575660	0.816460	0.044819
55748	9.614152	-0.030414	0.074988	0.034197	0.001577	-0.135526	-0.150527	0.051988	0.987238	0.803936	-0.574740	0.152844	0.575351	0.816683	0.044719
55749	9.903435	0.398505	0.069000	0.172118	-0.017721	-0.142766	-0.151481	0.053002	0.987038	0.804738	-0.573231	0.154285	0.573978	0.817678	0.044181
55750	10.017533	0.782231	0.343074	0.219310	-0.029807	-0.126235	-0.152254	0.053987	0.986866	0.805839	-0.571331	0.155580	0.572226	0.818942	0.043483
55751	10.049270	0.868720	0.379353	0.170496	-0.059261	-0.106513	-0.152682	0.055127	0.986737	0.806680	-0.569846	0.156658	0.570925	0.819900	0.042535
55752	10.186383	0.817690	0.216802	0.141059	-0.076030	-0.077465	-0.152801	0.056211	0.986657	0.807402	-0.568609	0.157435	0.569871	0.820685	0.041499
55753	9.931400	0.960783	0.221187	0.159620	-0.065484	-0.057316	-0.152795	0.057121	0.986606	0.808254	-0.567237	0.158015	0.568665	0.821572	0.040503
55754	9.749343	1.369158	0.251424	0.170828	-0.057556	-0.062051	-0.152898	0.057964	0.986541	0.809165	-0.565759	0.158649	0.567340	0.822531	0.039601
55755	9.556107	1.856544	0.465244	0.156244	-0.049257	-0.090645	-0.153249	0.058921	0.986429	0.809964	-0.564362	0.159544	0.566103	0.823422	0.038764
55756	9.564212	2.041027	0.784236	0.087700	-0.053255	-0.132653	-0.153950	0.060127	0.986248	0.810292	-0.563523	0.160839	0.565444	0.823909	0.038034
55757	9.651926	1.993542	0.990328	-0.014224	-0.071580	-0.156941	-0.154717	0.061641	0.986034	0.810019	-0.563489	0.162324	0.565625	0.823820	0.037251
55758	9.604510	1.897007	1.161758	-0.093972	-0.075225	-0.160491	-0.155518	0.063184	0.985810	0.809273	-0.564126	0.163825	0.566472	0.823268	0.036598
55759	9.671091	1.922116	1.198362	-0.176876	-0.075147	-0.159522	-0.156286	0.064746	0.985587	0.808056	-0.565445	0.165280	0.567997	0.822241	0.036053
55760	9.635079	1.887305	1.207020	-0.230740	-0.068754	-0.162763	-0.157136	0.066252	0.985352	0.806524	-0.567197	0.166755	0.569936	0.820913	0.035694
55761	9.594121	1.848973	1.240292	-0.248467	-0.067021	-0.164976	-0.157994	0.067775	0.985111	0.804883	-0.569085	0.168241	0.572015	0.819481	0.035361
55762	9.622764	1.879288	1.298269	-0.244790	-0.054606	-0.170538	-0.158979	0.069212	0.984853	0.803246	-0.570936	0.169787	0.574039	0.818072	0.035173
55763	9.456417	1.878781	1.488996	-0.239642	-0.031862	-0.185043	-0.160187	0.070558	0.984562	0.801636	-0.572695	0.171467	0.575952	0.816727	0.035177
55764	9.448758	2.027529	1.736454	-0.261192	-0.016317	-0.199903	-0.161621	0.071856	0.984233	0.799843	-0.574647	0.173296	0.578039	0.815241	0.035402
55765	9.638177	2.118784	2.120273	-0.324380	-0.012747	-0.199674	-0.163055	0.073148	0.983902	0.797670	-0.577116	0.175098	0.580634	0.813380	0.035754
55766	9.941723	2.439223	2.743571	-0.370115	0.031627	-0.185957	-0.164648	0.073985	0.983574	0.795248	-0.579950	0.176746	0.583500	0.811286	0.036651
55767	9.979439	2.956105	3.757329	-0.389731	0.129794	-0.180822	-0.166762	0.074008	0.983216	0.792715	-0.582925	0.178328	0.586339	0.809149	0.038543
55768	10.069077	3.447922	4.619565	-0.426141	0.234330	-0.170983	-0.169419	0.073131	0.982827	0.789960	-0.586206	0.179792	0.589288	0.806854	0.041544
55769	9.668155	3.635303	4.866463	-0.459997	0.342014	-0.176592	-0.172761	0.071427	0.982371	0.786991	-0.589731	0.181280	0.592282	0.804435	0.045670
55770	9.712209	3.883960	4.598761	-0.475319	0.423020	-0.182819	-0.176636	0.069128	0.981846	0.783887	-0.593384	0.182800	0.595248	0.801946	0.050625
55771	9.465002	4.022081	4.259136	-0.501737	0.518849	-0.221697	-0.181416	0.066312	0.981168	0.780505	-0.597249	0.184679	0.598248	0.799310	0.056593
55772	9.534546	4.092060	4.166166	-0.586991	0.587695	-0.266993	-0.186947	0.063240	0.980332	0.776530	-0.601723	0.186899	0.601708	0.796197	0.063383
55773	10.000835	4.005237	4.149340	-0.701452	0.653864	-0.292983	-0.193124	0.059826	0.979349	0.771757	-0.607096	0.189274	0.605882	0.792373	0.071074
55774	10.329881	4.064419	4.197098	-0.815543	0.736568	-0.321814	-0.200007	0.055985	0.978194	0.766204	-0.613318	0.191764	0.610679	0.787850	0.079772
55775	10.535304	3.981689	4.489972	-0.890427	0.881785	-0.346378	-0.208028	0.051196	0.976782	0.760060	-0.620102	0.194374	0.615656	0.782849	0.090087
55776	10.501976	4.010301	4.820159	-0.915925	1.025409	-0.346246	-0.216913	0.045368	0.975136	0.753705	-0.627046	0.196830	0.620385	0.777660	0.101821
55777	10.519933	3.993323	5.071468	-0.903358	1.186962	-0.346927	-0.226889	0.038363	0.973165	0.747314	-0.633902	0.199222	0.624534	0.772461	0.115156
55778	10.285892	3.910384	4.785307	-0.887732	1.315448	-0.359160	-0.237728	0.030537	0.970852	0.740962	-0.640577	0.201584	0.628061	0.767286	0.129656
55779	10.091426	3.632248	4.434865	-0.771291	1.424289	-0.398743	-0.249620	0.022195	0.968090	0.735167	-0.646342	0.204379	0.630253	0.762725	0.145023
55780	10.132841	3.289085	3.972677	-0.712899	1.472181	-0.446569	-0.262107	0.013907	0.964939	0.729570	-0.651647	0.207566	0.631686	0.758395	0.160655
55781	10.161843	2.732894	3.542520	-0.702918	1.449674	-0.478327	-0.274743	0.006069	0.961498	0.723858	-0.656898	0.210985	0.632887	0.753955	0.176085
55782	10.506026	2.089491	3.147328	-0.615782	1.380181	-0.490219	-0.286946	-0.001067	0.957946	0.718627	-0.661480	0.214523	0.633433	0.749962	0.190576
55783	10.842288	1.570763	2.554346	-0.423807	1.374150	-0.530887	-0.299448	-0.007844	0.954080	0.714403	-0.664661	0.218758	0.632424	0.747104	0.204636
55784	10.565811	1.350753	1.782876	-0.151910	1.387839	-0.549363	-0.312050	-0.014541	0.949954	0.711811	-0.665819	0.223630	0.629246	0.745972	0.218119
55785	10.057474	1.659058	1.271779	0.088148	1.274596	-0.495352	-0.323558	-0.020773	0.945980	0.710814	-0.665225	0.228515	0.624542	0.746354	0.230005
55786	9.951268	1.807816	1.086059	0.273242	1.131694	-0.465802	-0.333835	-0.026125	0.942270	0.711029	-0.663254	0.233520	0.618864	0.747938	0.239993
55787	9.831994	2.289466	1.496898	0.247041	0.970200	-0.405254	-0.342688	-0.030720	0.938947	0.711206	-0.661496	0.237927	0.613800	0.749320	0.248534
55788	10.734192	1.996340	1.456884	-0.121269	0.798542	-0.278705	-0.349491	-0.034844	0.936292	0.709546	-0.662457	0.240200	0.611883	0.748289	0.256246
55789	11.264411	0.968214	0.458318	-0.487219	0.741825	-0.187900	-0.355351	-0.039148	0.933913	0.705928	-0.666138	0.240680	0.612693	0.744801	0.264348
55790	11.292880	0.528271	-0.804019	-0.655765	0.757627	-0.124507	-0.360806	-0.043932	0.931606	0.701506	-0.671020	0.240046	0.614580	0.740137	0.272926
55791	11.386152	0.853941	-1.210625	-0.719445	0.868475	-0.115096	-0.366933	-0.049573	0.928926	0.696690	-0.676352	0.239103	0.616428	0.734908	0.282713
55792	10.798533	0.831400	-0.989652	-0.641247	1.086029	-0.109601	-0.374321	-0.056776	0.925559	0.692378	-0.681069	0.238238	0.616844	0.730015	0.294249
55793	9.942552	1.424828	-0.732097	-0.481556	1.205600	-0.097022	-0.382384	-0.064898	0.921722	0.689081	-0.684603	0.237668	0.615589	0.726021	0.306501
55794	9.084311	2.350058	-0.391342	-0.407851	1.234981	-0.130125	-0.390800	-0.072942	0.917581	0.686120	-0.687608	0.237560	0.613608	0.722409	0.318764
55795	8.270595	3.011941	0.069596	-0.442391	1.200872	-0.165760	-0.399249	-0.080453	0.913306	0.682796	-0.690888	0.237622	0.611875	0.718472	0.330769
55796	7.773131	3.154751	0.493446	-0.573156	1.089168	-0.213167	-0.407293	-0.086768	0.909167	0.678480	-0.695131	0.237607	0.611373	0.713628	0.341992
55797	7.707444	2.888020	0.604216	-0.711423	0.973305	-0.264160	-0.414985	-0.091838	0.905181	0.673086	-0.700386	0.237519	0.612162	0.707832	0.352465
55798	7.660292	2.450848	0.530873	-0.818990	0.890548	-0.275325	-0.422221	-0.096171	0.901377	0.666963	-0.706375	0.237052	0.613913	0.701274	0.362389
55799	7.635036	1.935156	0.452422	-0.856165	0.819690	-0.239060	-0.428799	-0.100187	0.897827	0.660727	-0.712545	0.236049	0.616093	0.694437	0.371735
55800	7.459333	1.150954	0.637095	-0.782140	0.763000	-0.196632	-0.434733	-0.104051	0.894528	0.655104	-0.718114	0.234844	0.617937	0.688103	0.380351
55801	7.394511	0.565241	0.801058	-0.705219	0.668506	-0.144682	-0.439758	-0.107578	0.891650	0.650157	-0.723057	0.233417	0.619604	0.682360	0.387913
55802	7.587577	0.014496	0.965901	-0.645506	0.558404	-0.070651	-0.443613	-0.110859	0.889336	0.645893	-0.727483	0.231497	0.621314	0.677110	0.394324
55803	7.895496	-0.670480	1.221124	-0.528512	0.466531	0.021440	-0.446313	-0.114154	0.887566	0.642753	-0.730984	0.229194	0.622633	0.672778	0.399621
55804	8.128411	-1.111164	1.386637	-0.307121	0.452548	0.088290	-0.448497	-0.117836	0.885983	0.641289	-0.732905	0.227152	0.622575	0.670048	0.404273
55805	8.097975	-0.619281	1.732114	-0.115508	0.487715	0.124284	-0.450660	-0.122004	0.884319	0.641185	-0.733488	0.225561	0.621118	0.668664	0.408781
55806	8.026915	0.118621	2.049151	0.039030	0.528690	0.148814	-0.452915	-0.126628	0.882515	0.642152	-0.733003	0.224383	0.618473	0.668336	0.413302
55807	8.137403	1.425071	2.495839	0.187369	0.567535	0.144042	-0.455409	-0.131471	0.880521	0.644019	-0.731522	0.223865	0.614689	0.669022	0.417812
55808	7.788516	2.728390	2.737845	0.308148	0.606582	0.100958	-0.458405	-0.136269	0.878234	0.646420	-0.729283	0.224249	0.609924	0.670505	0.422394
55809	7.252419	3.426847	2.286605	0.373122	0.560563	0.041367	-0.461461	-0.140326	0.875992	0.648934	-0.726677	0.225443	0.604928	0.672495	0.426396
55810	7.050438	4.094722	2.578528	0.407986	0.488157	-0.027853	-0.464517	-0.143410	0.873875	0.651316	-0.723928	0.227411	0.600010	0.674805	0.429682
55811	5.761287	4.457521	3.349525	0.062132	0.213350	-0.012875	-0.465800	-0.144742	0.872972	0.651687	-0.723481	0.227771	0.598610	0.675000	0.431324
55812	7.232634	3.538646	4.101075	-0.265609	-0.062092	0.047847	-0.465050	-0.144668	0.873384	0.650369	-0.725162	0.226185	0.600623	0.673210	0.431324
55813	7.472736	1.926687	4.946378	-0.271203	-0.011759	0.207762	-0.463555	-0.146080	0.873944	0.649760	-0.726636	0.223187	0.602436	0.671313	0.431752
55814	7.183634	0.476305	4.641080	-0.326550	-0.086991	0.381346	-0.460485	-0.148269	0.875197	0.649603	-0.728223	0.218420	0.604953	0.669110	0.431652
55815	6.920597	-0.225179	4.690775	-0.482514	-0.154021	0.517731	-0.456115	-0.151004	0.877016	0.649104	-0.730623	0.211786	0.608787	0.665874	0.431265
55816	6.445113	-0.281893	4.259642	-0.444689	-0.311530	0.556305	-0.450535	-0.153002	0.879550	0.648962	-0.732692	0.204964	0.613080	0.663138	0.429396
55817	6.653143	0.309939	3.685557	-0.253364	-0.425882	0.514129	-0.444503	-0.153942	0.882451	0.649761	-0.733539	0.199329	0.616627	0.661984	0.426085
55818	7.208774	0.984382	3.646812	-0.025049	-0.427963	0.417105	-0.439078	-0.154165	0.885124	0.651501	-0.733022	0.195514	0.618674	0.662505	0.422292
55819	7.249400	1.362966	3.808438	0.155816	-0.480747	0.345324	-0.433771	-0.153498	0.887852	0.654028	-0.731414	0.193081	0.619750	0.664433	0.417658
55820	7.994645	1.431465	3.425316	0.403823	-0.676349	0.335246	-0.427311	-0.151435	0.891332	0.658026	-0.728172	0.191748	0.620005	0.668456	0.410804
55821	8.428975	1.725535	3.097191	0.564606	-0.890883	0.396746	-0.419089	-0.148330	0.895747	0.663261	-0.723745	0.190469	0.620040	0.673937	0.401695
55822	8.965859	2.157780	2.433758	0.414679	-1.188460	0.549346	-0.407982	-0.144255	0.901522	0.668159	-0.720096	0.187149	0.622185	0.678713	0.390172
55823	10.529088	2.163203	1.751436	-0.053589	-1.241787	0.711025	-0.395383	-0.140927	0.907641	0.670735	-0.719403	0.180483	0.627525	0.680146	0.378964
55824	12.447378	0.779478	1.561010	-0.498784	-1.055031	0.826201	-0.383111	-0.139712	0.913075	0.670852	-0.721591	0.171066	0.634967	0.678076	0.370176
55825	13.799318	-0.593181	3.980742	-0.332884	-0.598486	0.905682	-0.373128	-0.142185	0.916820	0.672212	-0.722524	0.161524	0.639458	0.676566	0.365172
55826	13.167218	1.433682	8.646071	0.650427	-0.228352	0.855779	-0.365817	-0.146790	0.919038	0.679571	-0.716830	0.156006	0.635894	0.681621	0.361983
55827	9.349259	5.283284	8.778499	2.110132	-0.325537	0.707379	-0.358815	-0.149554	0.921350	0.695467	-0.701191	0.157029	0.622558	0.697112	0.355607
55828	8.723498	9.801507	2.519031	3.092630	-0.826020	0.553837	-0.349770	-0.147516	0.925149	0.716439	-0.678415	0.162690	0.603636	0.719716	0.342976
55829	9.804279	10.268942	1.979677	2.875086	-0.886761	0.463570	-0.341057	-0.144117	0.928930	0.735190	-0.656702	0.168043	0.585813	0.740251	0.329926
55830	9.780197	9.501018	3.084557	1.514126	-1.024208	0.573818	-0.330777	-0.140200	0.933236	0.745974	-0.644548	0.167573	0.578022	0.751599	0.317788
55831	9.195295	7.389799	2.058441	0.061635	-1.122547	0.667896	-0.319221	-0.136012	0.937869	0.748547	-0.643109	0.161516	0.581184	0.753599	0.307105
55832	9.115827	3.972889	1.455405	-0.973582	-1.051341	0.667850	-0.307997	-0.132420	0.942127	0.744976	-0.649483	0.152258	0.591733	0.748757	0.298689
55833	9.019765	0.199540	1.439182	-1.350889	-0.887960	0.669631	-0.297665	-0.130136	0.945759	0.738970	-0.658614	0.141956	0.604416	0.741143	0.292213
55834	9.672417	-1.677585	1.768898	-1.369574	-0.814439	0.655540	-0.287797	-0.128471	0.949035	0.732570	-0.667819	0.131750	0.616858	0.733152	0.286310
55835	11.192048	-2.359778	1.735061	-1.176959	-0.791609	0.549717	-0.278798	-0.126341	0.952003	0.726851	-0.675656	0.123195	0.627662	0.726311	0.280203
55836	10.811101	-2.669231	1.424550	-0.728544	-0.781315	0.475283	-0.270346	-0.123896	0.954758	0.723601	-0.680297	0.116612	0.635071	0.722389	0.273567
55837	10.210643	-1.820936	1.118943	-0.010961	-0.756021	0.470332	-0.262058	-0.121589	0.957362	0.724832	-0.679748	0.112077	0.637137	0.723297	0.266265
55838	9.624256	-0.140600	0.690772	0.527327	-0.719605	0.445755	-0.254167	-0.119381	0.959764	0.729381	-0.675343	0.109153	0.635140	0.727777	0.258724
55839	9.675750	1.058128	0.106513	0.663630	-0.701657	0.420086	-0.246565	-0.117040	0.962033	0.734687	-0.669948	0.106791	0.632013	0.733124	0.251174
55840	9.953261	1.483178	0.478288	0.543436	-0.670407	0.401293	-0.239306	-0.114781	0.964136	0.739133	-0.665445	0.104237	0.629615	0.737569	0.244084
55841	9.785488	1.654616	1.371803	0.368005	-0.680000	0.399063	-0.231987	-0.112357	0.966208	0.742438	-0.662219	0.101252	0.628465	0.740839	0.237044
55842	9.560970	1.194038	2.098010	0.214431	-0.686956	0.391746	-0.224684	-0.109841	0.968221	0.744722	-0.660151	0.097927	0.628416	0.743058	0.230126
55843	9.528866	0.472491	2.955639	0.130645	-0.619818	0.376188	-0.217897	-0.107662	0.970015	0.746425	-0.658717	0.094560	0.628785	0.744648	0.223894
55844	9.322085	-0.447494	3.831253	0.169302	-0.562967	0.372472	-0.211500	-0.105906	0.971623	0.748331	-0.657015	0.091281	0.628704	0.746401	0.218211
55845	9.276662	-0.818152	4.159038	0.363850	-0.502470	0.359387	-0.205565	-0.104458	0.973053	0.751412	-0.653865	0.088549	0.626995	0.749366	0.212903
55846	9.148515	-0.083143	4.101944	0.592963	-0.469195	0.341799	-0.199983	-0.103148	0.974355	0.755853	-0.649012	0.086430	0.623452	0.753754	0.207756
55847	9.028268	0.911641	3.854998	0.627439	-0.505824	0.325291	-0.194288	-0.101388	0.975691	0.760440	-0.643885	0.084517	0.619664	0.758375	0.202198
55848	9.220443	1.621347	3.494717	0.435365	-0.541093	0.315605	-0.188463	-0.099290	0.977048	0.763776	-0.640217	0.082265	0.617355	0.761750	0.196492
55849	9.305508	1.130785	2.821726	0.194678	-0.583334	0.316704	-0.182361	-0.096829	0.978452	0.765608	-0.638373	0.079518	0.616918	0.763612	0.190548
55850	9.490520	-0.096183	1.846095	-0.015216	-0.631290	0.323188	-0.175915	-0.094057	0.979902	0.766133	-0.638139	0.076286	0.618138	0.764154	0.184318
55851	9.711309	-1.450977	1.422172	0.026157	-0.617987	0.293695	-0.169761	-0.091171	0.981259	0.766845	-0.637619	0.073424	0.618975	0.764938	0.178157
55852	9.648113	-1.046319	1.269836	0.240815	-0.627759	0.285492	-0.163613	-0.088167	0.982577	0.768849	-0.635477	0.071002	0.618145	0.767070	0.171759
55853	9.679106	-0.468228	1.373984	0.351822	-0.622284	0.298024	-0.157391	-0.085242	0.983850	0.771541	-0.632467	0.068630	0.616403	0.769883	0.165313
55854	9.501058	-0.177946	1.469985	0.443943	-0.624365	0.285164	-0.151272	-0.082210	0.985068	0.774750	-0.628761	0.066501	0.613905	0.773241	0.158806
55855	9.657867	0.329994	1.382467	0.467890	-0.642467	0.288024	-0.145013	-0.079005	0.986270	0.778084	-0.624855	0.064350	0.611193	0.776733	0.152085
55856	9.633033	0.565719	1.197286	0.487669	-0.649434	0.274704	-0.138838	-0.075646	0.987422	0.781484	-0.620804	0.062322	0.608281	0.780307	0.145307
55857	9.597924	1.005367	1.357120	0.600095	-0.651176	0.243884	-0.132891	-0.072026	0.988510	0.785495	-0.615882	0.060723	0.604432	0.784539	0.138421
55858	9.281621	1.182169	1.732690	0.639381	-0.673055	0.201372	-0.127177	-0.067952	0.989550	0.789644	-0.610668	0.059551	0.600240	0.788966	0.131321
55859	9.473926	1.083784	2.382188	0.642808	-0.677892	0.169051	-0.121698	-0.063582	0.990529	0.793739	-0.605424	0.058658	0.595960	0.793359	0.124147
55860	9.615637	0.648190	2.852882	0.596581	-0.665027	0.171737	-0.116308	-0.059313	0.991441	0.797521	-0.600531	0.057633	0.591973	0.797398	0.117150
55861	9.362803	0.359609	3.018872	0.542916	-0.644198	0.208563	-0.110757	-0.055380	0.992303	0.801000	-0.596026	0.056141	0.588330	0.801053	0.110373
55862	9.361585	0.481189	2.634211	0.487088	-0.631563	0.241731	-0.105038	-0.051730	0.993122	0.804153	-0.591945	0.054219	0.585069	0.804317	0.103776
55863	9.518319	0.457095	1.817514	0.395935	-0.592443	0.254617	-0.099450	-0.048431	0.993863	0.806760	-0.588583	0.052046	0.582450	0.806985	0.097607
55864	9.414484	0.789352	1.492157	0.306382	-0.572172	0.273720	-0.093838	-0.045398	0.994552	0.808839	-0.585937	0.049570	0.580494	0.809084	0.091703
55865	9.284111	1.080633	1.205866	0.213295	-0.589492	0.265978	-0.088189	-0.042153	0.995211	0.810353	-0.584049	0.047070	0.579268	0.810623	0.085665
55866	9.428737	1.120229	0.836127	0.068883	-0.622889	0.234406	-0.082607	-0.038452	0.995840	0.810985	-0.583354	0.044748	0.579206	0.811308	0.079373
55867	9.760224	0.684374	0.503786	-0.025435	-0.673875	0.197550	-0.077024	-0.034109	0.996446	0.811029	-0.583445	0.042720	0.579914	0.811436	0.072602
55868	10.126457	0.296629	-0.023864	-0.060927	-0.712942	0.171539	-0.071421	-0.029308	0.997016	0.810835	-0.583843	0.040922	0.580901	0.811337	0.065463
55869	10.480751	0.312399	-0.917055	-0.067725	-0.761355	0.177641	-0.065478	-0.024139	0.997562	0.810596	-0.584302	0.039067	0.581934	0.811178	0.057826
55870	10.546078	0.606113	-1.752196	-0.055315	-0.801355	0.191344	-0.059187	-0.018741	0.998071	0.810425	-0.584668	0.037081	0.582846	0.811056	0.049792
55871	9.884111	0.794622	-2.071113	-0.139528	-0.850600	0.224504	-0.052324	-0.013124	0.998544	0.809769	-0.585720	0.034734	0.584411	0.810407	0.041275
55872	9.787738	-0.120993	-2.494689	-0.196515	-0.914557	0.216793	-0.045142	-0.006972	0.998956	0.808756	-0.587249	0.032449	0.586410	0.809376	0.032148
55873	9.989378	-0.199323	-1.938390	-0.101609	-0.963353	0.199091	-0.037793	-0.000307	0.999286	0.808276	-0.588019	0.030388	0.587590	0.808847	0.022471
55874	9.944336	0.061570	-0.746744	-0.055555	-1.007519	0.212736	-0.030076	0.006606	0.999526	0.808052	-0.588436	0.028204	0.588343	0.808517	0.012359
55875	9.957773	-0.538176	0.384155	-0.153356	-1.090267	0.248268	-0.021560	0.013996	0.999670	0.807247	-0.589655	0.025665	0.589820	0.807534	0.001414
55876	10.704319	-0.505220	1.856514	-0.199378	-1.087572	0.317159	-0.012503	0.020916	0.999703	0.806153	-0.591281	0.022453	0.591575	0.806194	-0.009468
55877	10.803047	0.188994	3.711432	-0.160477	-0.958794	0.377852	-0.003692	0.026442	0.999644	0.805266	-0.592620	0.018650	0.592902	0.805048	-0.019104
55878	9.930445	1.506399	5.064368	-0.101105	-0.812708	0.379183	0.004256	0.030749	0.999518	0.804695	-0.593504	0.014832	0.593674	0.804244	-0.027269
55879	9.472078	1.880099	5.586779	-0.242729	-0.724906	0.347281	0.011436	0.034536	0.999338	0.803254	-0.595527	0.011389	0.595526	0.802592	-0.034552
55880	9.518320	1.195884	5.264712	-0.368929	-0.667308	0.295684	0.017865	0.038135	0.999113	0.801037	-0.598554	0.008522	0.598348	0.800174	-0.041241
55881	9.487928	1.091105	4.613596	-0.474214	-0.669118	0.237047	0.023841	0.042072	0.998830	0.798169	-0.602400	0.006322	0.601961	0.797085	-0.047942
55882	9.516360	0.996455	3.621990	-0.608302	-0.731323	0.167961	0.029672	0.046886	0.998459	0.794477	-0.607275	0.004907	0.606569	0.793107	-0.055269
55883	9.759049	1.173276	2.470026	-0.769805	-0.831513	0.112906	0.035688	0.052777	0.997968	0.789774	-0.613384	0.004195	0.612359	0.788019	-0.063572
55884	10.265655	1.202333	1.396560	-0.905754	-0.891599	0.071699	0.041817	0.059348	0.997361	0.784197	-0.620499	0.004043	0.619101	0.781959	-0.072488
55885	10.997243	0.835725	0.796674	-1.007669	-0.895967	0.061945	0.047929	0.065938	0.996672	0.777917	-0.628353	0.004161	0.626536	0.775129	-0.081410
55886	11.719517	0.677881	0.666391	-0.976108	-0.822631	0.040299	0.053499	0.072045	0.995966	0.771775	-0.635879	0.004541	0.633641	0.768418	-0.089621
55887	11.858018	0.565897	1.078598	-0.943392	-0.692793	0.016084	0.058079	0.077240	0.995319	0.765779	-0.643082	0.005220	0.640475	0.761892	-0.096498
55888	11.262946	0.541370	1.495682	-0.837247	-0.564297	-0.005480	0.061743	0.081569	0.994753	0.760424	-0.649399	0.006052	0.646485	0.756060	-0.102123
55889	10.777520	0.414582	1.970945	-0.719799	-0.470820	-0.031978	0.064595	0.085317	0.994258	0.755795	-0.654771	0.007083	0.651615	0.750997	-0.106777
55890	10.252533	0.237428	2.342975	-0.596410	-0.398962	-0.066019	0.066780	0.088749	0.993813	0.751968	-0.659147	0.008333	0.655808	0.746759	-0.110754
55891	10.129107	0.022679	2.598931	-0.486812	-0.356390	-0.095831	0.068437	0.092021	0.993402	0.748853	-0.662664	0.009795	0.659193	0.743242	-0.114261
55892	10.179124	0.059599	2.878975	-0.315089	-0.288821	-0.141007	0.069364	0.095110	0.993047	0.746899	-0.664838	0.011505	0.661310	0.740908	-0.117153
55893	10.538562	0.312639	3.390848	-0.128044	-0.177399	-0.205631	0.069028	0.097766	0.992813	0.746213	-0.665567	0.013658	0.662119	0.739907	-0.118897
55894	11.258980	0.887075	3.739036	0.001899	-0.014548	-0.304176	0.066929	0.099907	0.992743	0.746461	-0.665221	0.016621	0.662054	0.739932	-0.119099
55895	11.732117	1.318700	3.650127	0.063471	0.194789	-0.394172	0.062712	0.101051	0.992903	0.747154	-0.664338	0.020421	0.661686	0.740570	-0.117163
55896	11.972003	1.939585	3.757261	0.130945	0.394250	-0.481937	0.056576	0.101336	0.993242	0.748336	-0.662848	0.025002	0.660902	0.741865	-0.113335
55897	11.529374	2.336698	4.456923	0.228802	0.648556	-0.575021	0.047990	0.100281	0.993801	0.750162	-0.660554	0.030430	0.659511	0.744051	-0.106927
55898	11.044805	2.614073	5.697211	0.268284	0.870191	-0.649225	0.037456	0.098085	0.994473	0.752236	-0.657878	0.036554	0.657828	0.746710	-0.098424
55899	9.822138	2.789924	6.229578	0.228844	1.084547	-0.703744	0.025017	0.094544	0.995206	0.753971	-0.655478	0.043317	0.656431	0.749273	-0.087681
55900	8.977025	3.367056	6.590894	0.049046	1.217513	-0.796457	0.011093	0.090639	0.995822	0.754468	-0.654341	0.051153	0.656243	0.750748	-0.075643
55901	9.017651	3.843775	7.097098	-0.220697	1.385877	-0.878960	-0.004670	0.085932	0.996290	0.753052	-0.655216	0.060043	0.657945	0.750539	-0.061651
55902	9.253541	3.463999	6.970707	-0.593760	1.593827	-0.963029	-0.022348	0.080327	0.996518	0.749036	-0.658831	0.069905	0.662153	0.747990	-0.045444
55903	10.151395	2.827813	6.181942	-0.744532	1.798975	-1.030524	-0.042049	0.073649	0.996397	0.743756	-0.663594	0.080437	0.667127	0.744459	-0.026873
55904	10.857003	2.626593	4.715143	-0.557077	2.067004	-1.052500	-0.063601	0.065295	0.995837	0.739510	-0.666971	0.090962	0.670134	0.742217	-0.005866
55905	10.007789	3.786377	2.880313	-0.279968	1.966811	-0.939097	-0.083787	0.056899	0.994858	0.736937	-0.668479	0.100297	0.670748	0.741551	0.014078
55906	10.216159	4.465235	1.216043	-0.835762	1.595829	-0.721801	-0.099750	0.049958	0.993758	0.730687	-0.674238	0.107239	0.675386	0.736823	0.030752
55907	11.875775	4.320390	-0.678966	-2.198328	1.448237	-0.655191	-0.114447	0.043788	0.992464	0.714973	-0.689978	0.112890	0.689721	0.722505	0.047659
55908	12.840519	3.248125	-1.388561	-3.033080	1.507584	-0.672199	-0.129651	0.037766	0.990840	0.692976	-0.711275	0.117786	0.709208	0.701899	0.066046
55909	13.656774	2.780390	-2.046708	-3.326134	1.551346	-0.637569	-0.145228	0.031601	0.988893	0.668160	-0.734016	0.121581	0.729706	0.678396	0.085485
55910	14.490024	1.456478	-3.007147	-3.308031	1.652419	-0.549874	-0.160976	0.024687	0.986650	0.642904	-0.755875	0.123805	0.748840	0.654251	0.105806
55911	15.274935	0.873825	-3.840764	-3.095272	1.706455	-0.448366	-0.176793	0.017094	0.984100	0.618706	-0.775675	0.124624	0.765472	0.630901	0.126557
55912	15.904974	-1.066219	-4.109287	-2.799928	1.803191	-0.316384	-0.192569	0.008391	0.981248	0.596543	-0.792967	0.123852	0.779136	0.609206	0.147695
