// General information: 
//  MT Manager version: 2022.2.0 
//  XDA version: 2022.2.0 build 7381 rev 124627 built on 2023-07-19
// Device information: 
//  DeviceId: 00B4CAF0
//  ProductCode: MTW2-3A7G6
//  Firmware Version: 4.6.0
//  Hardware Version: 2.0.0
// Device settings: 
//  Filter Profile: human(46.1)
//  Option Flags: Orientation Smoother Disabled, Position/Velocity Smoother Disabled, Continuous Zero Rotation Update Disabled, AHS Disabled, ICC Disabled
// Coordinate system: ENU
PacketCounter	Acc_X	Acc_Y	Acc_Z	Gyr_X	Gyr_Y	Gyr_Z	Mat[1][1]	Mat[2][1]	Mat[3][1]	Mat[1][2]	Mat[2][2]	Mat[3][2]	Mat[1][3]	Mat[2][3]	Mat[3][3]
61308	4.833950	2.154736	8.794083	-0.012138	-0.066185	0.020797	0.693383	0.542653	0.474075	-0.685209	0.700125	0.200785	-0.222955	-0.464061	0.857286
61309	4.805081	2.202075	8.723064	-0.015898	-0.066656	0.024580	0.693075	0.542496	0.474706	-0.685321	0.700095	0.200503	-0.223567	-0.464290	0.857002
61310	4.901880	2.092851	8.770887	-0.020795	-0.069147	0.025386	0.692799	0.542279	0.475355	-0.685379	0.700125	0.200201	-0.224243	-0.464497	0.856713
61311	4.947745	2.091259	8.783798	-0.021957	-0.071395	0.027849	0.692456	0.542122	0.476033	-0.685500	0.700106	0.199851	-0.224930	-0.464709	0.856418
61312	5.001294	2.060609	8.780088	-0.019625	-0.063586	0.022025	0.692141	0.541984	0.476648	-0.685622	0.700071	0.199560	-0.225529	-0.464924	0.856144
61313	5.040075	2.049581	8.771826	-0.019426	-0.056598	0.021832	0.691873	0.541854	0.477187	-0.685707	0.700073	0.199261	-0.226095	-0.465073	0.855914
61314	5.011943	2.055165	8.775290	-0.017364	-0.046059	0.018802	0.691673	0.541694	0.477657	-0.685728	0.700133	0.198974	-0.226641	-0.465167	0.855718
61315	5.050271	2.023733	8.804620	-0.017392	-0.039428	0.016921	0.691476	0.541609	0.478039	-0.685783	0.700153	0.198715	-0.227074	-0.465238	0.855565
61316	5.177354	2.018171	8.797342	-0.007661	-0.017875	0.010601	0.691375	0.541561	0.478239	-0.685807	0.700169	0.198574	-0.227308	-0.465269	0.855486
61317	5.042998	1.980734	8.796799	-0.002821	-0.002125	0.006023	0.691338	0.541573	0.478280	-0.685820	0.700180	0.198492	-0.227384	-0.465239	0.855482
61318	5.108369	1.982480	8.860499	0.006992	0.006396	-0.001955	0.691328	0.541608	0.478254	-0.685853	0.700134	0.198538	-0.227313	-0.465267	0.855486
61319	5.188443	1.909696	8.816259	0.028671	0.030431	-0.014576	0.691505	0.541627	0.477976	-0.685795	0.700110	0.198824	-0.226947	-0.465281	0.855575
61320	4.936945	2.032110	8.778988	0.038196	0.048310	-0.021629	0.691803	0.541635	0.477535	-0.685672	0.700112	0.199240	-0.226412	-0.465267	0.855724
61321	4.885201	2.064071	8.781434	0.035873	0.047358	-0.023091	0.692077	0.541674	0.477094	-0.685571	0.700101	0.199629	-0.225880	-0.465240	0.855879
61322	4.827578	2.085840	8.762252	0.032357	0.043933	-0.016678	0.692370	0.541666	0.476677	-0.685431	0.700132	0.199998	-0.225405	-0.465202	0.856026
61323	4.770383	2.106988	8.742920	0.023985	0.038471	-0.020329	0.692605	0.541683	0.476318	-0.685322	0.700161	0.200271	-0.225016	-0.465140	0.856162
61324	4.769457	2.199811	8.729892	0.018419	0.021195	-0.009938	0.692829	0.541576	0.476112	-0.685156	0.700265	0.200476	-0.224831	-0.465106	0.856228
61325	4.919987	2.159072	8.734428	0.011159	0.017528	-0.005190	0.692913	0.541601	0.475962	-0.685122	0.700271	0.200567	-0.224675	-0.465068	0.856290
61326	4.941296	2.090806	8.760259	0.008300	0.022036	-0.001061	0.693004	0.541651	0.475772	-0.685092	0.700276	0.200655	-0.224487	-0.465002	0.856375
61327	4.900076	2.089872	8.745351	0.006404	0.025116	-0.000118	0.693070	0.541747	0.475567	-0.685083	0.700277	0.200681	-0.224310	-0.464890	0.856483
61328	4.952166	2.051868	8.804110	0.004300	0.024523	0.000089	0.693155	0.541805	0.475378	-0.685042	0.700312	0.200699	-0.224173	-0.464770	0.856584
61329	4.918666	2.021568	8.772738	0.006391	0.028431	-0.001058	0.693234	0.541909	0.475143	-0.685027	0.700318	0.200730	-0.223974	-0.464639	0.856707
61330	4.810906	2.037136	8.769137	0.007135	0.026643	-0.005922	0.693362	0.541932	0.474931	-0.684949	0.700377	0.200789	-0.223817	-0.464523	0.856811
61331	4.629249	2.100799	8.681118	0.010866	0.020034	0.003053	0.693394	0.542026	0.474776	-0.684972	0.700340	0.200839	-0.223645	-0.464469	0.856885
61332	4.631989	2.168327	8.815941	0.001657	-0.006978	0.003750	0.693362	0.541978	0.474877	-0.684969	0.700356	0.200798	-0.223755	-0.464502	0.856838
61333	4.764758	2.155827	8.756125	-0.002262	-0.024377	0.010561	0.693244	0.541918	0.475118	-0.685014	0.700339	0.200699	-0.223981	-0.464596	0.856728
61334	4.850569	2.188711	8.771497	-0.004130	-0.027925	0.013394	0.693120	0.541822	0.475409	-0.685044	0.700347	0.200572	-0.224277	-0.464696	0.856596
61335	4.917532	2.080724	8.773131	-0.008591	-0.029694	0.017552	0.692942	0.541786	0.475709	-0.685123	0.700322	0.200386	-0.224583	-0.464775	0.856473
61336	4.947331	2.061121	8.744823	-0.008826	-0.026739	0.014928	0.692738	0.541793	0.475997	-0.685246	0.700249	0.200223	-0.224837	-0.464877	0.856351
61337	4.969878	2.050077	8.770178	-0.007919	-0.021763	0.015284	0.692593	0.541779	0.476225	-0.685311	0.700233	0.200054	-0.225084	-0.464918	0.856264
61338	4.985751	2.029457	8.774288	-0.008141	-0.015269	0.006284	0.692581	0.541665	0.476373	-0.685250	0.700323	0.199950	-0.225309	-0.464917	0.856206
61339	4.920864	2.044931	8.785038	-0.004460	-0.008623	0.011478	0.692492	0.541684	0.476481	-0.685297	0.700312	0.199829	-0.225441	-0.464910	0.856174
61340	4.882390	2.042545	8.768948	-0.005157	-0.003071	0.004542	0.692472	0.541657	0.476540	-0.685279	0.700355	0.199739	-0.225557	-0.464877	0.856162
61341	4.888007	2.072363	8.753439	-0.004209	-0.008039	0.007731	0.692409	0.541653	0.476635	-0.685300	0.700363	0.199638	-0.225683	-0.464869	0.856133
61342	4.895120	2.081243	8.774603	-0.007708	-0.011236	0.008705	0.692301	0.541670	0.476774	-0.685361	0.700338	0.199516	-0.225831	-0.464887	0.856084
61343	4.901209	2.110743	8.758913	-0.004459	-0.008623	0.011480	0.692211	0.541689	0.476881	-0.685408	0.700327	0.199395	-0.225963	-0.464881	0.856053
61344	4.897096	2.079121	8.774003	-0.008905	-0.006852	0.009265	0.692185	0.541646	0.476969	-0.685377	0.700395	0.199263	-0.226137	-0.464831	0.856034
61345	4.933842	2.009919	8.766891	-0.008905	-0.006852	0.009266	0.692115	0.541658	0.477057	-0.685398	0.700416	0.199114	-0.226287	-0.464784	0.856020
61346	4.973642	2.010588	8.782613	-0.002117	-0.004133	0.006582	0.692085	0.541655	0.477104	-0.685413	0.700411	0.199082	-0.226335	-0.464795	0.856001
61347	4.931775	2.068297	8.768073	-0.002144	0.002497	0.004692	0.692067	0.541678	0.477103	-0.685418	0.700426	0.199013	-0.226374	-0.464745	0.856018
61348	4.920469	2.027779	8.762032	0.001842	0.003322	0.002597	0.692100	0.541651	0.477086	-0.685381	0.700462	0.199014	-0.226385	-0.464723	0.856027
61349	4.912169	2.057023	8.778903	0.001829	0.006637	0.001652	0.692113	0.541673	0.477044	-0.685374	0.700474	0.198993	-0.226368	-0.464679	0.856056
61350	4.883562	2.095986	8.769483	0.003934	0.007229	0.001446	0.692138	0.541685	0.476993	-0.685366	0.700474	0.199022	-0.226314	-0.464665	0.856077
61351	4.897060	2.076761	8.774582	0.000908	0.004976	0.000354	0.692156	0.541689	0.476962	-0.685348	0.700498	0.198999	-0.226315	-0.464623	0.856100
61352	5.353930	1.944593	9.010266	0.010038	0.012186	-0.007229	0.692297	0.541615	0.476841	-0.685240	0.700567	0.199127	-0.226209	-0.464605	0.856137
61353	6.131094	1.593401	9.257932	0.077975	0.086139	-0.045586	0.692813	0.541675	0.476023	-0.685078	0.700482	0.199983	-0.225120	-0.464664	0.856393
61354	5.849991	1.830809	8.961324	0.151758	0.220492	-0.086826	0.693944	0.542026	0.473971	-0.684754	0.700310	0.201689	-0.222606	-0.464514	0.857131
61355	4.771810	2.301320	8.671283	0.156670	0.278786	-0.080040	0.695118	0.542740	0.471428	-0.684522	0.700047	0.203382	-0.219638	-0.464078	0.858132
61356	4.318751	2.404753	8.674894	0.118072	0.233303	-0.068084	0.696087	0.543324	0.469320	-0.684296	0.699888	0.204687	-0.217260	-0.463633	0.858977
61357	4.524647	2.088918	8.688085	0.097617	0.194964	-0.053156	0.696882	0.543835	0.467546	-0.684114	0.699754	0.205746	-0.215276	-0.463235	0.859691
61358	4.565786	2.241136	8.723610	0.080185	0.162410	-0.043568	0.697574	0.544211	0.466075	-0.683915	0.699690	0.206625	-0.213660	-0.462891	0.860280
61359	4.457528	2.563570	8.663712	0.045208	0.140302	-0.024338	0.698048	0.544669	0.464827	-0.683820	0.699644	0.207098	-0.212414	-0.462423	0.860840
61360	4.378235	2.383899	8.633001	0.010084	0.101480	-0.007559	0.698385	0.544992	0.463941	-0.683697	0.699727	0.207220	-0.211699	-0.461914	0.861289
61361	4.592611	2.114585	8.757794	-0.004264	0.071352	0.010104	0.698476	0.545372	0.463358	-0.683736	0.699722	0.207107	-0.211271	-0.461474	0.861630
61362	4.635051	2.065385	8.798060	-0.014711	0.055338	0.009391	0.698499	0.545699	0.462939	-0.683790	0.699730	0.206904	-0.211025	-0.461075	0.861904
61363	4.608828	2.112068	8.811684	-0.016093	0.039490	0.013919	0.698496	0.545958	0.462638	-0.683831	0.699759	0.206672	-0.210901	-0.460725	0.862121
61364	4.667310	2.063185	8.818996	-0.019026	0.027501	0.010200	0.698523	0.546102	0.462427	-0.683811	0.699840	0.206462	-0.210876	-0.460431	0.862285
61365	4.718333	2.043684	8.842179	-0.014095	0.020060	0.012283	0.698490	0.546259	0.462290	-0.683845	0.699868	0.206254	-0.210874	-0.460201	0.862408
61366	4.680196	2.130415	8.812164	-0.011905	0.014239	0.008558	0.698505	0.546323	0.462193	-0.683821	0.699934	0.206109	-0.210903	-0.460025	0.862495
61367	4.673686	2.118935	8.791408	-0.013515	0.007960	0.008565	0.698472	0.546399	0.462152	-0.683830	0.699980	0.205923	-0.210981	-0.459866	0.862561
61368	4.684872	2.137186	8.835032	-0.015126	0.001680	0.008572	0.698375	0.546491	0.462191	-0.683895	0.699974	0.205729	-0.211092	-0.459766	0.862586
61369	4.651010	2.184638	8.766299	-0.013714	-0.005650	0.010644	0.698299	0.546519	0.462272	-0.683918	0.700009	0.205533	-0.211267	-0.459680	0.862590
61370	4.636313	2.220485	8.835820	-0.021932	-0.017598	0.015884	0.698128	0.546558	0.462485	-0.684002	0.700010	0.205251	-0.211562	-0.459632	0.862543
61371	4.702126	2.131620	8.802865	-0.022001	-0.021119	0.022252	0.697940	0.546596	0.462723	-0.684089	0.700019	0.204929	-0.211902	-0.459572	0.862491
61372	4.746628	2.070472	8.817837	-0.026424	-0.025983	0.021881	0.697869	0.546472	0.462976	-0.684020	0.700180	0.204607	-0.212355	-0.459474	0.862432
61373	4.755140	2.076964	8.838704	-0.028741	-0.026940	0.020387	0.697682	0.546470	0.463261	-0.684079	0.700231	0.204236	-0.212781	-0.459399	0.862367
61374	4.696337	2.140989	8.795723	-0.025925	-0.028357	0.020772	0.697479	0.546466	0.463570	-0.684158	0.700252	0.203900	-0.213192	-0.459371	0.862280
61375	4.569850	2.131048	8.777021	-0.032239	-0.043385	0.025092	0.697224	0.546421	0.464006	-0.684242	0.700293	0.203477	-0.213757	-0.459361	0.862146
61376	4.717170	2.132604	8.872978	-0.032154	-0.059734	0.024372	0.697000	0.546225	0.464574	-0.684250	0.700400	0.203081	-0.214459	-0.459432	0.861934
61377	5.124754	2.038361	8.942949	-0.019291	-0.049188	0.023067	0.696746	0.546140	0.465055	-0.684347	0.700393	0.202779	-0.214976	-0.459544	0.861745
61378	5.263679	2.052832	8.980639	-0.000271	-0.010514	0.006561	0.696741	0.546041	0.465179	-0.684299	0.700457	0.202720	-0.215144	-0.459564	0.861692
61379	5.090211	2.126122	8.911095	0.020791	0.028538	-0.004709	0.696844	0.546118	0.464934	-0.684288	0.700417	0.202892	-0.214845	-0.459533	0.861784
61380	4.893228	2.079280	8.904164	0.029005	0.047108	-0.011834	0.697099	0.546150	0.464514	-0.684168	0.700451	0.203182	-0.214401	-0.459443	0.861942
61381	4.817403	2.091518	8.782835	0.039337	0.059646	-0.017259	0.697354	0.546283	0.463975	-0.684109	0.700395	0.203573	-0.213758	-0.459372	0.862140
61382	4.574384	2.143163	8.798676	0.035551	0.052562	-0.011627	0.697588	0.546376	0.463512	-0.684041	0.700361	0.203917	-0.213210	-0.459312	0.862308
61383	4.562015	2.175673	8.816408	0.026704	0.036215	-0.010487	0.697746	0.546448	0.463189	-0.684002	0.700326	0.204167	-0.212817	-0.459280	0.862422
61384	4.691880	2.144968	8.797132	0.015882	0.022740	-0.002998	0.697836	0.546503	0.462989	-0.683991	0.700290	0.204330	-0.212560	-0.459270	0.862490
61385	4.612956	2.122019	8.801716	0.006462	0.015180	0.002799	0.697858	0.546572	0.462875	-0.684002	0.700275	0.204344	-0.212451	-0.459211	0.862549
61386	4.662316	2.163975	8.824650	-0.002254	-0.001012	0.011038	0.697719	0.546676	0.462962	-0.684123	0.700193	0.204220	-0.212521	-0.459211	0.862531
61387	4.829787	2.080851	8.873315	-0.003732	-0.007137	0.018155	0.697588	0.546749	0.463072	-0.684219	0.700142	0.204075	-0.212638	-0.459203	0.862507
61388	5.066262	2.030900	8.971530	0.004638	0.008537	0.001120	0.697606	0.546756	0.463037	-0.684205	0.700158	0.204067	-0.212624	-0.459171	0.862527
61389	5.047315	1.982218	8.944758	0.026927	0.039885	-0.009731	0.697767	0.546850	0.462684	-0.684172	0.700117	0.204315	-0.212204	-0.459120	0.862658
61390	4.718363	2.100137	8.869103	0.036775	0.048171	-0.012146	0.697973	0.546938	0.462268	-0.684124	0.700062	0.204663	-0.211678	-0.459098	0.862799
61391	4.661275	2.121353	8.848720	0.031648	0.042008	-0.012141	0.698155	0.547025	0.461891	-0.684084	0.700014	0.204964	-0.211210	-0.459069	0.862929
61392	4.699217	2.086887	8.828539	0.026024	0.031597	-0.009141	0.698327	0.547044	0.461607	-0.684016	0.700003	0.205227	-0.210858	-0.459062	0.863018
61393	4.682186	2.129321	8.787053	0.025321	0.023673	-0.006883	0.698434	0.547084	0.461400	-0.683999	0.699955	0.205449	-0.210561	-0.459089	0.863077
61394	4.702251	2.191677	8.836939	0.015191	0.024748	-0.003544	0.698490	0.547170	0.461213	-0.684014	0.699905	0.205566	-0.210326	-0.459062	0.863148
61395	4.756344	2.115883	8.858542	0.016596	0.014108	-0.000528	0.698532	0.547210	0.461101	-0.684023	0.699862	0.205683	-0.210155	-0.459080	0.863180
61396	5.159693	2.056496	9.029758	0.026032	0.031595	-0.009128	0.698666	0.547262	0.460836	-0.683993	0.699821	0.205924	-0.209808	-0.459081	0.863264
61397	5.734881	2.020258	9.147658	0.068558	0.103622	-0.033388	0.699121	0.547483	0.459883	-0.683880	0.699719	0.206641	-0.208657	-0.458972	0.863601
61398	5.288221	2.001211	8.948948	0.110849	0.185008	-0.056637	0.699961	0.547840	0.458177	-0.683621	0.699615	0.207847	-0.206680	-0.458704	0.864219
61399	4.596397	2.200369	8.823250	0.117059	0.196351	-0.061530	0.700795	0.548289	0.456362	-0.683409	0.699446	0.209112	-0.204547	-0.458426	0.864874
61400	4.208363	2.223774	8.725473	0.098503	0.165263	-0.048941	0.701454	0.548695	0.454858	-0.683267	0.699270	0.210163	-0.202753	-0.458209	0.865411
61401	4.270389	2.038197	8.718797	0.081109	0.129809	-0.049489	0.702064	0.548923	0.453641	-0.683061	0.699200	0.211061	-0.201329	-0.458043	0.865831
61402	4.301714	2.009151	8.701234	0.071426	0.088803	-0.035982	0.702450	0.549091	0.452839	-0.682978	0.699056	0.211803	-0.200260	-0.458060	0.866070
61403	4.216015	2.162014	8.654491	0.057825	0.060401	-0.029667	0.702783	0.549139	0.452263	-0.682863	0.698985	0.212409	-0.199483	-0.458112	0.866222
61404	4.268465	2.330245	8.647307	0.043197	0.026830	-0.018323	0.702973	0.549096	0.452020	-0.682790	0.698927	0.212836	-0.199062	-0.458253	0.866244
61405	4.377749	2.309043	8.713731	0.015901	-0.000395	-0.008812	0.703042	0.549011	0.452016	-0.682738	0.698933	0.212984	-0.198998	-0.458345	0.866210
61406	4.536320	2.258253	8.780704	0.002794	-0.014640	0.004175	0.703045	0.548909	0.452137	-0.682706	0.698956	0.213010	-0.199100	-0.458432	0.866140
61407	4.610171	2.231244	8.829517	-0.009995	-0.021711	0.011542	0.702932	0.548868	0.452360	-0.682745	0.698969	0.212843	-0.199363	-0.458460	0.866065
61408	4.588243	2.168046	8.891501	-0.011012	-0.026878	0.016594	0.702692	0.548904	0.452690	-0.682900	0.698888	0.212609	-0.199678	-0.458541	0.865950
61409	4.586104	2.135663	8.905994	-0.017557	-0.035652	0.017303	0.702512	0.548840	0.453046	-0.682965	0.698904	0.212349	-0.200090	-0.458593	0.865827
61410	4.655978	2.157466	8.821112	-0.014546	-0.039999	0.020339	0.702278	0.548799	0.453458	-0.683086	0.698857	0.212113	-0.200495	-0.458713	0.865670
61411	4.640720	1.775079	8.837209	-0.010218	-0.041928	0.015528	0.702098	0.548694	0.453865	-0.683153	0.698849	0.211925	-0.200901	-0.458851	0.865503
61412	4.724629	1.439375	8.972817	0.021670	-0.042538	-0.007550	0.702064	0.548417	0.454252	-0.683123	0.698823	0.212108	-0.201118	-0.459223	0.865255
61413	4.798644	1.976264	8.922850	0.046117	-0.040368	-0.022475	0.702146	0.548053	0.454564	-0.683036	0.698764	0.212580	-0.201128	-0.459746	0.864975
61414	4.658700	2.513046	8.761251	0.031045	-0.031867	-0.021316	0.702236	0.547724	0.454822	-0.682922	0.698774	0.212914	-0.201200	-0.460124	0.864757
61415	4.516450	2.676871	8.719900	-0.001944	-0.039912	0.000676	0.702161	0.547524	0.455179	-0.682901	0.698809	0.212865	-0.201535	-0.460308	0.864581
61416	4.425135	2.549787	8.635320	-0.042979	-0.059520	0.029569	0.701875	0.547398	0.455771	-0.682967	0.698905	0.212340	-0.202307	-0.460313	0.864398
61417	4.382796	2.111549	8.655757	-0.061977	-0.078112	0.047450	0.701402	0.547348	0.456558	-0.683152	0.698961	0.211559	-0.203320	-0.460286	0.864174
61418	4.397185	1.814484	8.815716	-0.050133	-0.105789	0.035698	0.700940	0.547075	0.457593	-0.683276	0.699036	0.210909	-0.204491	-0.460497	0.863786
61419	4.373132	2.635484	8.764435	-0.044406	-0.151428	0.043422	0.700342	0.546660	0.459003	-0.683467	0.699034	0.210297	-0.205898	-0.460994	0.863186
61420	4.315736	3.084102	8.591688	-0.087762	-0.175486	0.064847	0.699581	0.546229	0.460674	-0.683669	0.699160	0.209216	-0.207805	-0.461312	0.862559
61421	4.664911	2.605888	9.049938	-0.110913	-0.211797	0.075478	0.698632	0.545758	0.462668	-0.683943	0.699291	0.207882	-0.210086	-0.461671	0.861814
61422	6.486041	1.792454	9.686542	-0.044774	-0.162303	0.048536	0.697943	0.545353	0.464183	-0.684198	0.699226	0.207259	-0.211539	-0.462248	0.861149
61423	6.015645	1.682868	9.084009	0.034740	0.040910	0.002375	0.698023	0.545537	0.463847	-0.684265	0.699083	0.207519	-0.211058	-0.462247	0.861268
61424	4.669454	2.310399	8.820126	0.049797	0.068788	-0.009274	0.698270	0.545727	0.463251	-0.684247	0.698966	0.207975	-0.210299	-0.462200	0.861479
61425	4.527782	2.189120	8.722872	0.041154	0.056121	-0.007367	0.698448	0.545913	0.462763	-0.684259	0.698846	0.208335	-0.209668	-0.462161	0.861654
61426	4.658214	1.969309	8.792950	0.036233	0.033782	-0.000927	0.698575	0.545987	0.462484	-0.684257	0.698759	0.208636	-0.209252	-0.462206	0.861731
61427	4.774376	1.959077	8.768450	0.038708	0.021895	-0.006477	0.698674	0.546022	0.462292	-0.684270	0.698646	0.208971	-0.208876	-0.462336	0.861752
61428	4.794877	1.873705	8.832483	0.038504	0.034759	-0.011951	0.698856	0.546061	0.461973	-0.684230	0.698569	0.209357	-0.208398	-0.462406	0.861830
61429	4.797414	1.997515	8.914367	0.045415	0.031042	-0.018070	0.699053	0.546057	0.461678	-0.684176	0.698488	0.209803	-0.207912	-0.462533	0.861879
61430	4.946255	2.131453	8.758926	0.046624	0.046505	-0.024295	0.699325	0.546057	0.461266	-0.684069	0.698452	0.210273	-0.207351	-0.462587	0.861985
61431	4.675485	2.222388	8.762317	0.039017	0.055538	-0.019684	0.699584	0.546155	0.460757	-0.683990	0.698409	0.210671	-0.206738	-0.462535	0.862160
61432	4.458284	2.274507	8.824649	0.027466	0.040790	-0.011814	0.699775	0.546224	0.460385	-0.683928	0.698382	0.210961	-0.206293	-0.462495	0.862288
61433	4.474486	2.437004	8.800155	0.007869	0.004566	0.005825	0.699754	0.546264	0.460369	-0.683963	0.698345	0.210973	-0.206249	-0.462504	0.862294
61434	4.429051	2.442968	8.836447	-0.025312	-0.026966	0.020368	0.699559	0.546248	0.460684	-0.684031	0.698386	0.210617	-0.206686	-0.462461	0.862213
61435	4.580039	2.365813	8.858891	-0.051317	-0.045310	0.038275	0.699213	0.546284	0.461166	-0.684170	0.698444	0.209970	-0.207396	-0.462330	0.862113
61436	4.573268	2.337807	8.926321	-0.058148	-0.074481	0.048493	0.698672	0.546326	0.461937	-0.684444	0.698400	0.209222	-0.208313	-0.462348	0.861882
61437	4.768975	2.259849	8.851820	-0.072496	-0.081196	0.054103	0.698141	0.546307	0.462761	-0.684648	0.698470	0.208319	-0.209419	-0.462264	0.861659
61438	4.938599	2.138583	8.914767	-0.071770	-0.076588	0.052816	0.697646	0.546249	0.463575	-0.684805	0.698589	0.207405	-0.210553	-0.462153	0.861442
61439	4.979286	1.992367	8.885009	-0.062316	-0.065742	0.046100	0.697201	0.546246	0.464248	-0.684972	0.698655	0.206625	-0.211481	-0.462056	0.861267
61440	5.045360	1.958668	8.851979	-0.050752	-0.041070	0.035391	0.696886	0.546263	0.464700	-0.685078	0.698737	0.205997	-0.212174	-0.461912	0.861173
61441	5.067950	1.814547	8.855481	-0.038207	-0.011222	0.019598	0.696738	0.546327	0.464848	-0.685111	0.698837	0.205548	-0.212556	-0.461686	0.861200
61442	5.088313	1.801797	8.882578	-0.021946	0.002328	0.010234	0.696685	0.546375	0.464870	-0.685107	0.698916	0.205291	-0.212739	-0.461509	0.861250
61443	5.130087	1.853311	8.847748	0.002562	0.041040	-0.008184	0.696838	0.546486	0.464510	-0.685033	0.698979	0.205323	-0.212477	-0.461282	0.861436
61444	5.014933	1.819227	8.896455	0.017926	0.069472	-0.023580	0.697169	0.546597	0.463882	-0.684868	0.699069	0.205568	-0.211923	-0.461013	0.861716
61445	4.828896	2.034537	8.793362	0.027096	0.086373	-0.028454	0.697556	0.546775	0.463090	-0.684704	0.699131	0.205904	-0.211177	-0.460710	0.862062
61446	4.651030	2.310029	8.770824	0.033725	0.085401	-0.031771	0.697934	0.546935	0.462332	-0.684554	0.699162	0.206296	-0.210415	-0.460472	0.862375
61447	4.472002	2.345067	8.776855	0.019364	0.072070	-0.024281	0.698261	0.547075	0.461672	-0.684403	0.699236	0.206546	-0.209821	-0.460192	0.862669
61448	4.579390	2.323465	8.732752	0.012720	0.046568	-0.013367	0.698450	0.547174	0.461268	-0.684322	0.699273	0.206691	-0.209457	-0.460019	0.862850
61449	4.584045	2.404354	8.778052	0.001864	0.033119	-0.005889	0.698569	0.547264	0.460982	-0.684262	0.699327	0.206705	-0.209255	-0.459830	0.863000
61450	4.483082	2.279106	8.808149	-0.007885	0.015088	0.006469	0.698616	0.547292	0.460876	-0.684207	0.699414	0.206594	-0.209276	-0.459664	0.863083
61451	4.646188	2.146321	8.799337	-0.013951	-0.002669	0.007985	0.698566	0.547314	0.460927	-0.684210	0.699465	0.206408	-0.209432	-0.459561	0.863100
61452	4.871807	1.925746	8.870113	-0.010226	-0.002417	0.009689	0.698465	0.547395	0.460983	-0.684286	0.699434	0.206263	-0.209520	-0.459512	0.863105
61453	4.855039	1.874733	8.842819	0.002329	0.007578	-0.000383	0.698493	0.547405	0.460928	-0.684266	0.699456	0.206256	-0.209493	-0.459466	0.863136
61454	4.832124	1.903907	8.891133	0.011569	0.014749	-0.007842	0.698585	0.547404	0.460791	-0.684223	0.699459	0.206388	-0.209327	-0.459464	0.863177
61455	4.866033	1.858225	8.849189	0.018989	0.021893	-0.018864	0.698769	0.547351	0.460575	-0.684109	0.699505	0.206610	-0.209086	-0.459456	0.863240
61456	4.808413	1.878316	8.939800	0.037470	0.032927	-0.032828	0.699087	0.547247	0.460216	-0.683931	0.699536	0.207094	-0.208606	-0.459532	0.863316
61457	4.687526	2.027322	8.876320	0.033589	0.038904	-0.025558	0.699352	0.547226	0.459838	-0.683800	0.699552	0.207472	-0.208147	-0.459533	0.863426
61458	4.610419	2.468286	8.858470	0.057461	0.020267	-0.032839	0.699628	0.547050	0.459628	-0.683659	0.699508	0.208083	-0.207682	-0.459809	0.863391
61459	4.632036	2.535418	8.795376	0.032130	0.019773	-0.032609	0.699901	0.546891	0.459400	-0.683475	0.699570	0.208481	-0.207366	-0.459905	0.863416
61460	4.836063	2.309964	8.876957	0.031832	0.012596	-0.026968	0.700094	0.546770	0.459250	-0.683367	0.699560	0.208866	-0.207071	-0.460063	0.863402
61461	4.728828	2.348721	8.832594	0.028727	0.013450	-0.023619	0.700292	0.546646	0.459096	-0.683239	0.699588	0.209194	-0.206823	-0.460169	0.863405
61462	4.744749	2.232421	8.911928	0.021105	0.015866	-0.017126	0.700457	0.546568	0.458938	-0.683136	0.699614	0.209441	-0.206605	-0.460221	0.863430
61463	4.889828	2.162931	8.935752	0.027152	0.020395	-0.014853	0.700610	0.546536	0.458742	-0.683065	0.699601	0.209715	-0.206319	-0.460279	0.863467
61464	4.692783	2.286155	8.874981	0.028481	0.029424	-0.012065	0.700790	0.546528	0.458476	-0.682984	0.699595	0.210001	-0.205976	-0.460298	0.863539
61465	4.725928	2.350732	8.892723	0.030907	0.023957	-0.001548	0.700860	0.546606	0.458277	-0.683014	0.699491	0.210246	-0.205639	-0.460363	0.863585
61466	4.558550	2.265110	8.894442	0.033427	0.021986	0.002597	0.700870	0.546731	0.458111	-0.683113	0.699317	0.210507	-0.205274	-0.460479	0.863609
61467	4.167225	2.526093	8.845484	0.017620	-0.017100	0.029944	0.700640	0.546840	0.458333	-0.683336	0.699102	0.210493	-0.205316	-0.460675	0.863495
61468	4.058835	2.978092	8.770163	-0.019345	-0.072038	0.049353	0.700243	0.546744	0.459054	-0.683532	0.699029	0.210102	-0.206020	-0.460900	0.863207
61469	3.718945	3.083342	8.750769	-0.074211	-0.153414	0.080039	0.699388	0.546575	0.460557	-0.683916	0.698964	0.209065	-0.207643	-0.461200	0.862658
61470	3.507945	3.360229	8.505113	-0.131928	-0.266628	0.125443	0.698036	0.546130	0.463128	-0.684429	0.698977	0.207336	-0.210483	-0.461706	0.861699
61471	3.615257	2.886538	8.442091	-0.186024	-0.376841	0.175697	0.696042	0.545595	0.466746	-0.685235	0.698909	0.204889	-0.214426	-0.462442	0.860331
61472	4.481986	1.858950	8.896114	-0.188757	-0.461838	0.199017	0.693678	0.544833	0.471136	-0.686199	0.698711	0.202321	-0.218956	-0.463638	0.858544
61473	5.058541	1.615432	9.053381	-0.179096	-0.474354	0.192552	0.691315	0.543954	0.475602	-0.687113	0.698525	0.199846	-0.223513	-0.464949	0.856659
61474	5.025658	1.907284	8.935971	-0.171868	-0.471684	0.190683	0.688945	0.543057	0.480046	-0.688017	0.698322	0.197433	-0.228010	-0.466300	0.854737
61475	4.610424	2.020075	9.069045	-0.177065	-0.492246	0.202910	0.686423	0.542153	0.484658	-0.688981	0.698079	0.194915	-0.232656	-0.467714	0.852710
61476	4.742555	2.275919	9.090503	-0.176742	-0.542339	0.216532	0.683723	0.541039	0.489693	-0.689962	0.697819	0.192355	-0.237645	-0.469387	0.850412
61477	4.386712	2.680318	9.163439	-0.185869	-0.584863	0.257110	0.680551	0.540060	0.495162	-0.691246	0.697335	0.189484	-0.242961	-0.471232	0.847886
61478	2.803187	3.783835	9.754395	-0.337920	-0.761775	0.177858	0.677481	0.537666	0.501930	-0.691577	0.698009	0.185752	-0.250479	-0.472967	0.844726
61479	3.635673	0.200411	11.768190	-0.064217	-1.136602	0.491221	0.671192	0.535660	0.512416	-0.694702	0.695710	0.182693	-0.258631	-0.478599	0.839079
61480	3.253492	2.335310	9.729004	0.223262	-1.043319	0.544696	0.664661	0.534407	0.522145	-0.698923	0.691726	0.181719	-0.264069	-0.485721	0.833272
61481	4.707598	2.189293	10.661896	0.269854	-1.464932	0.668764	0.656052	0.531809	0.535514	-0.704038	0.686868	0.180394	-0.271892	-0.495370	0.825035
61482	3.360380	2.351625	10.825197	0.277807	-1.763308	0.809818	0.645425	0.528524	0.551443	-0.710087	0.681183	0.178234	-0.281432	-0.506609	0.814950
61483	4.179127	2.290270	10.027020	0.406171	-2.078532	1.032836	0.632101	0.524826	0.570093	-0.717824	0.673690	0.175703	-0.291852	-0.520288	0.802572
61484	5.317752	2.470913	10.460537	0.526651	-2.387608	1.201371	0.616314	0.520261	0.591174	-0.726890	0.664634	0.172892	-0.302966	-0.536274	0.787796
61485	7.020673	9.118839	12.991210	0.374836	-2.546296	1.412284	0.598110	0.515705	0.613444	-0.736601	0.655313	0.167286	-0.315728	-0.551919	0.771817
61486	5.562779	10.286692	11.652671	-0.693153	-2.638187	1.483325	0.578578	0.510691	0.635958	-0.743024	0.651606	0.152727	-0.336398	-0.560896	0.756460
61487	4.945472	7.476730	11.785265	-1.143017	-2.611286	1.344943	0.559477	0.504707	0.657463	-0.746672	0.651256	0.135448	-0.359815	-0.566689	0.741213
61488	2.907555	6.410376	11.545394	-1.143974	-2.567216	0.833375	0.543791	0.495479	0.677342	-0.746949	0.653685	0.121500	-0.382568	-0.572011	0.725566
61489	7.274847	5.939521	14.373832	-0.342647	-2.182921	0.085604	0.534651	0.483437	0.693136	-0.746048	0.655275	0.118434	-0.396939	-0.580433	0.711011
61490	3.933272	6.957751	13.817457	-0.041506	-1.560100	-0.350819	0.531089	0.471988	0.703684	-0.743949	0.657258	0.120630	-0.405566	-0.587571	0.700198
61491	0.207245	6.110319	11.691847	-0.128994	-1.231452	-0.503523	0.529793	0.461382	0.711650	-0.740722	0.660403	0.123279	-0.413098	-0.592447	0.691633
61492	-0.983322	2.948520	10.971741	-0.220650	-1.047109	-0.484255	0.529019	0.451965	0.718239	-0.737222	0.663950	0.125199	-0.420289	-0.595734	0.684440
61493	-1.275772	0.703673	11.749143	-0.095427	-0.731728	-0.407755	0.528934	0.444860	0.722723	-0.734633	0.666382	0.127470	-0.424903	-0.598359	0.679282
61494	-1.516666	0.197558	12.857672	0.099630	-0.263486	-0.256518	0.529693	0.441645	0.724138	-0.733788	0.666811	0.130070	-0.425418	-0.600261	0.677279
61495	-1.621489	0.135246	13.313692	0.211971	0.303381	-0.060696	0.531431	0.443038	0.722010	-0.734336	0.665842	0.131931	-0.422294	-0.600310	0.679188
61496	-1.641885	-0.317395	13.140129	0.298062	0.895560	0.144873	0.534037	0.449510	0.716062	-0.736498	0.663251	0.132921	-0.415180	-0.598363	0.685264
61497	-1.526540	-0.719518	12.740755	0.417342	1.452820	0.350420	0.537411	0.460469	0.706511	-0.740058	0.659202	0.133292	-0.404357	-0.594492	0.695036
61498	-0.973685	-0.738349	12.412098	0.555108	1.954465	0.530185	0.541160	0.475691	0.693444	-0.745243	0.653307	0.133426	-0.389562	-0.588989	0.708049
61499	0.086091	-0.244802	12.053672	0.680689	2.405817	0.687604	0.545176	0.494219	0.677149	-0.751542	0.646022	0.133569	-0.371441	-0.581724	0.723622
61500	1.102985	0.543937	11.464408	0.736423	2.793391	0.799622	0.549167	0.515670	0.657647	-0.758663	0.637653	0.133527	-0.350495	-0.572261	0.741398
61501	1.713697	1.314731	10.619213	0.746861	3.076999	0.814606	0.553404	0.538242	0.635641	-0.765662	0.629163	0.133847	-0.327880	-0.560758	0.760293
61502	1.952997	1.786691	9.915834	0.739336	3.196590	0.707841	0.557941	0.560630	0.611880	-0.772078	0.621022	0.135010	-0.304300	-0.547746	0.779343
61503	2.809087	2.052218	9.859363	0.741147	3.171035	0.478789	0.563520	0.580723	0.587543	-0.776908	0.614314	0.137959	-0.280820	-0.534210	0.797346
61504	4.301257	2.436853	10.159156	0.749221	3.094995	0.159516	0.570492	0.598267	0.562687	-0.779961	0.609277	0.142977	-0.257293	-0.520441	0.814212
61505	5.278518	2.808963	10.255204	0.708862	2.991529	-0.202105	0.579437	0.612382	0.537812	-0.780521	0.606893	0.149891	-0.234604	-0.506626	0.829633
61506	5.702354	2.680562	9.748083	0.623034	2.840620	-0.549117	0.589904	0.623501	0.513088	-0.778873	0.606985	0.157876	-0.213001	-0.492763	0.843692
61507	5.638740	1.860908	8.901149	0.547243	2.598302	-0.832515	0.601662	0.631053	0.489668	-0.775005	0.609579	0.166673	-0.193312	-0.479776	0.855830
61508	5.605029	0.927121	8.152399	0.505730	2.314777	-1.037823	0.613797	0.635909	0.467839	-0.769764	0.613632	0.175840	-0.175263	-0.468056	0.866145
61509	5.405124	-0.307782	7.895615	0.495869	2.024801	-1.163938	0.626115	0.638095	0.448124	-0.763358	0.618781	0.185457	-0.158951	-0.458196	0.874523
61510	5.318626	-1.839061	8.152574	0.544672	1.747406	-1.243200	0.638108	0.638514	0.430254	-0.756417	0.624180	0.195532	-0.143706	-0.450222	0.881277
61511	5.678455	-2.616345	8.709008	0.646594	1.506673	-1.317626	0.650091	0.636976	0.414298	-0.748795	0.629720	0.206780	-0.129178	-0.444650	0.886340
61512	6.732888	-2.308491	9.298523	0.660941	1.315248	-1.374850	0.661789	0.634331	0.399573	-0.740730	0.635420	0.218083	-0.115560	-0.440301	0.890383
61513	8.138685	-1.577857	9.799819	0.512207	1.188756	-1.413367	0.673511	0.630494	0.385824	-0.731839	0.642144	0.228171	-0.103894	-0.436037	0.893911
61514	9.682367	-0.564749	9.878923	0.201245	1.117654	-1.418775	0.684802	0.626376	0.372422	-0.722533	0.650117	0.235149	-0.094826	-0.430118	0.897779
61515	11.212245	0.510963	9.509596	-0.222638	1.102818	-1.348538	0.695506	0.622225	0.359316	-0.713005	0.659513	0.238046	-0.088855	-0.421756	0.902345
61516	12.554202	1.036517	8.737206	-0.651161	1.123034	-1.213656	0.704962	0.619021	0.346180	-0.704061	0.669692	0.236245	-0.085594	-0.410275	0.907936
61517	13.020146	0.992206	6.132711	-0.995564	0.909431	-0.942773	0.712356	0.616318	0.335709	-0.696509	0.679566	0.230359	-0.086162	-0.397922	0.913364
61518	11.486892	-3.043649	-1.014384	-1.016099	0.335559	-0.440550	0.715602	0.614777	0.331607	-0.692573	0.686225	0.222346	-0.090864	-0.388773	0.916842
61519	15.352706	-3.749475	-1.820273	-0.809610	-0.236112	0.055946	0.715002	0.614231	0.333905	-0.692192	0.689039	0.214698	-0.098200	-0.384636	0.917830
61520	16.570854	-2.516245	-0.962615	-0.355096	-0.631912	0.261369	0.712475	0.613704	0.340215	-0.693767	0.688776	0.210417	-0.105198	-0.385947	0.916503
61521	17.194298	-1.302456	-0.354215	-0.051716	-0.898454	0.283207	0.709542	0.612144	0.349041	-0.695708	0.687268	0.208934	-0.111987	-0.391078	0.913519
61522	15.862814	-0.146574	-0.384097	0.118157	-1.138956	0.236263	0.706543	0.609323	0.359893	-0.697548	0.685360	0.209067	-0.119266	-0.398758	0.909268
61523	14.133227	-1.065716	-0.773360	0.262469	-1.399787	0.290550	0.702796	0.605639	0.373201	-0.699902	0.682562	0.210348	-0.127338	-0.409036	0.903590
61524	11.976680	-1.974047	-0.838380	0.581861	-1.713872	0.504910	0.696993	0.601942	0.389701	-0.704196	0.677120	0.213581	-0.135311	-0.423290	0.895833
61525	6.380773	5.064656	4.578230	0.773146	-1.838765	0.669104	0.689716	0.598498	0.407544	-0.709892	0.669797	0.217773	-0.142635	-0.439514	0.886838
61526	7.597404	9.377822	13.630396	0.247409	-1.609005	0.756207	0.681958	0.596365	0.423418	-0.715431	0.664204	0.216773	-0.151960	-0.450756	0.879618
61527	9.253167	9.309375	15.839641	0.131178	-1.099284	0.521782	0.676518	0.594808	0.434198	-0.719161	0.660530	0.215655	-0.158528	-0.458152	0.874623
61528	6.995767	8.889721	8.290913	-0.167655	-0.770690	0.388818	0.672497	0.593783	0.441780	-0.721474	0.659042	0.212460	-0.164997	-0.461611	0.871603
61529	3.979018	4.834545	4.997909	-0.299171	-1.016077	0.238844	0.669059	0.590629	0.451129	-0.722550	0.659045	0.208761	-0.174014	-0.465637	0.867699
61530	7.552901	4.357677	10.278697	-0.348590	-1.094895	0.032395	0.666906	0.585653	0.460702	-0.722089	0.660545	0.205589	-0.183910	-0.469777	0.863416
61531	18.220439	-0.871540	17.806335	-0.132692	-0.838019	-0.030761	0.665568	0.581478	0.467869	-0.721617	0.661381	0.204559	-0.190493	-0.473770	0.859799
61532	8.248750	-5.924569	9.822587	-0.182888	0.263608	0.022707	0.665953	0.582791	0.465683	-0.721357	0.662182	0.202876	-0.190132	-0.471030	0.861383
61533	3.528482	1.226760	8.456159	0.154653	-0.072791	-0.005620	0.665865	0.582392	0.466308	-0.721594	0.661516	0.204204	-0.189543	-0.472458	0.860731
61534	6.205905	4.719314	10.427874	-0.060804	0.017799	-0.027127	0.666130	0.582231	0.466132	-0.721247	0.662020	0.203796	-0.189932	-0.471951	0.860923
61535	3.854046	0.415783	8.756574	-0.046149	-0.042040	-0.016348	0.666177	0.581906	0.466470	-0.721031	0.662363	0.203446	-0.190586	-0.471870	0.860823
61536	5.684733	0.486654	9.824169	0.003042	-0.092481	-0.023055	0.666203	0.581249	0.467250	-0.720831	0.662543	0.203569	-0.191249	-0.472427	0.860370
61537	4.541412	2.804274	8.409588	-0.019136	-0.023628	-0.018300	0.666299	0.580997	0.467426	-0.720653	0.662770	0.203460	-0.191586	-0.472418	0.860300
61538	4.688031	3.298115	8.351184	-0.085568	-0.069528	0.010333	0.666126	0.580672	0.468077	-0.720507	0.663172	0.202665	-0.192734	-0.472252	0.860135
61539	4.707455	2.434188	8.480453	-0.095743	-0.052579	0.028953	0.665825	0.580598	0.468597	-0.720495	0.663486	0.201676	-0.193815	-0.471903	0.860083
61540	4.839227	2.293888	8.367006	-0.096513	-0.053989	0.034880	0.665507	0.580505	0.469164	-0.720486	0.663800	0.200673	-0.194940	-0.471575	0.860009
61541	4.774447	2.186338	8.601693	-0.110166	-0.030377	0.038792	0.665177	0.580601	0.469513	-0.720509	0.664125	0.199514	-0.195977	-0.471000	0.860088
61542	4.454689	2.067957	8.858679	-0.099191	-0.049213	0.033520	0.664876	0.580523	0.470035	-0.720483	0.664458	0.198494	-0.197088	-0.470626	0.860039
61543	4.371159	1.698536	8.859462	-0.104578	-0.096433	0.029582	0.664481	0.580247	0.470933	-0.720453	0.664809	0.197426	-0.198525	-0.470471	0.859794
61544	4.867991	1.682221	9.081893	-0.083678	-0.142074	0.008634	0.664172	0.579569	0.472202	-0.720291	0.665212	0.196655	-0.200139	-0.470736	0.859274
61545	5.026190	2.132916	8.872251	-0.058697	-0.136453	-0.009545	0.663976	0.578844	0.473366	-0.720090	0.665574	0.196167	-0.201510	-0.471116	0.858745
61546	5.038795	2.306933	8.753620	-0.058248	-0.129331	-0.015264	0.663860	0.578067	0.474477	-0.719819	0.665996	0.195729	-0.202856	-0.471475	0.858232
61547	5.315705	2.055437	8.844195	-0.038940	-0.105348	-0.013492	0.663752	0.577462	0.475365	-0.719631	0.666288	0.195429	-0.203877	-0.471804	0.857808
61548	5.028701	2.142639	8.884498	-0.028041	-0.067400	-0.017688	0.663777	0.576958	0.475940	-0.719403	0.666582	0.195263	-0.204594	-0.472004	0.857527
61549	4.859214	2.329484	8.787827	-0.022191	-0.079508	-0.010455	0.663699	0.576494	0.476612	-0.719268	0.666777	0.195094	-0.205323	-0.472295	0.857193
61550	5.140440	2.188562	8.825092	-0.035305	-0.086725	0.000968	0.663550	0.576023	0.477388	-0.719149	0.666999	0.194777	-0.206221	-0.472557	0.856833
61551	5.224750	1.827959	8.968623	-0.027195	-0.056818	0.001006	0.663434	0.575742	0.477887	-0.719079	0.667152	0.194510	-0.206836	-0.472683	0.856615
61552	5.092197	2.273771	8.850830	-0.013133	-0.048093	-0.003585	0.663397	0.575422	0.478324	-0.718974	0.667295	0.194405	-0.207318	-0.472870	0.856395
61553	5.220806	2.261586	8.732951	-0.029858	-0.036213	0.003959	0.663302	0.575259	0.478652	-0.718918	0.667444	0.194101	-0.207815	-0.472859	0.856281
61554	5.177277	1.910932	8.882746	-0.019835	-0.015669	0.006764	0.663259	0.575159	0.478832	-0.718867	0.667561	0.193891	-0.208131	-0.472816	0.856228
61555	5.068161	2.038280	8.742429	-0.004623	-0.008058	0.000658	0.663246	0.575107	0.478912	-0.718841	0.667609	0.193819	-0.208259	-0.472811	0.856199
61556	4.976664	1.938010	8.816933	-0.011660	0.005018	0.000453	0.663292	0.575062	0.478903	-0.718764	0.667724	0.193709	-0.208380	-0.472704	0.856230
61557	4.950694	1.996847	8.768706	-0.003825	-0.003476	-0.000728	0.663299	0.575022	0.478941	-0.718731	0.667776	0.193650	-0.208472	-0.472678	0.856221
61558	5.257773	1.986934	8.654029	-0.001861	0.012665	-0.003781	0.663389	0.574987	0.478858	-0.718648	0.667868	0.193644	-0.208471	-0.472591	0.856269
61559	5.098291	1.908010	8.739789	0.012569	0.041045	-0.008837	0.663547	0.575103	0.478499	-0.718595	0.667890	0.193765	-0.208150	-0.472419	0.856442
61560	4.852509	2.217886	8.695664	0.018996	0.045814	-0.004882	0.663715	0.575216	0.478130	-0.718547	0.667890	0.193942	-0.207780	-0.472281	0.856609
61561	4.861562	2.239346	8.739968	0.007735	0.035606	0.000136	0.663797	0.575366	0.477835	-0.718544	0.667883	0.193978	-0.207529	-0.472108	0.856765
61562	4.924913	2.060441	8.694890	0.009703	0.029391	0.007438	0.663845	0.575482	0.477631	-0.718556	0.667858	0.194018	-0.207336	-0.472003	0.856870
61563	4.883289	2.180388	8.679127	0.012966	0.028662	0.011261	0.663832	0.575673	0.477418	-0.718637	0.667763	0.194047	-0.207094	-0.471904	0.856982
61564	4.914147	2.071115	8.638624	0.009043	0.031411	0.006845	0.663885	0.575797	0.477194	-0.718647	0.667741	0.194083	-0.206890	-0.471783	0.857098
61565	4.943365	1.942947	8.747538	0.013562	0.033019	0.002679	0.663943	0.575952	0.476927	-0.718672	0.667692	0.194157	-0.206615	-0.471664	0.857230
61566	4.933461	1.835010	8.802803	0.017917	0.037551	-0.004179	0.664088	0.576030	0.476630	-0.718626	0.667694	0.194323	-0.206307	-0.471566	0.857358
61567	5.007411	1.559225	8.913463	0.026863	0.046990	-0.016192	0.664311	0.576124	0.476206	-0.718554	0.667691	0.194601	-0.205844	-0.471455	0.857530
61568	4.826090	1.832335	8.895705	0.047204	0.047884	-0.034841	0.664697	0.576047	0.475760	-0.718365	0.667730	0.195163	-0.205256	-0.471494	0.857650
61569	4.985561	1.967342	8.759558	0.043419	0.044555	-0.041065	0.665092	0.575964	0.475308	-0.718160	0.667792	0.195702	-0.204690	-0.471507	0.857778
61570	5.051221	1.666130	8.886916	0.055417	0.065564	-0.051097	0.665626	0.575868	0.474677	-0.717884	0.667881	0.196409	-0.203922	-0.471498	0.857966
61571	4.933117	2.101340	8.746247	0.064622	0.075377	-0.061364	0.666229	0.575794	0.473920	-0.717587	0.667961	0.197226	-0.202998	-0.471476	0.858197
61572	4.664550	2.366758	8.673567	0.059666	0.066503	-0.045896	0.666729	0.575733	0.473290	-0.717348	0.668004	0.197945	-0.202196	-0.471489	0.858379
61573	4.644859	2.413614	8.743474	0.045188	0.037973	-0.035377	0.667069	0.575657	0.472904	-0.717183	0.668025	0.198471	-0.201661	-0.471552	0.858470
61574	4.871466	2.229774	8.711587	0.032061	0.021238	-0.019335	0.667286	0.575560	0.472715	-0.717066	0.668044	0.198828	-0.201357	-0.471643	0.858492
61575	4.875088	1.866484	8.886104	0.034721	0.025840	-0.017094	0.667470	0.575549	0.472469	-0.717002	0.668010	0.199178	-0.200978	-0.471707	0.858546
61576	4.787564	2.019262	8.867736	0.035685	0.014826	-0.015601	0.667647	0.575447	0.472343	-0.716917	0.667990	0.199548	-0.200691	-0.471859	0.858529
61577	4.877785	1.963629	8.869643	0.029964	0.011179	-0.014463	0.667782	0.575384	0.472229	-0.716861	0.667962	0.199844	-0.200443	-0.471975	0.858523
