// General information: 
//  MT Manager version: 2022.2.0 
//  XDA version: 2022.2.0 build 7381 rev 124627 built on 2023-07-19
// Device information: 
//  DeviceId: 00B4CB9F
//  ProductCode: MTW2-3A7G6
//  Firmware Version: 4.6.0
//  Hardware Version: 2.0.0
// Device settings: 
//  Filter Profile: human(46.1)
//  Option Flags: Orientation Smoother Disabled, Position/Velocity Smoother Disabled, Continuous Zero Rotation Update Disabled, AHS Disabled, ICC Disabled
// Coordinate system: ENU
PacketCounter	Acc_X	Acc_Y	Acc_Z	Gyr_X	Gyr_Y	Gyr_Z	Mat[1][1]	Mat[2][1]	Mat[3][1]	Mat[1][2]	Mat[2][2]	Mat[3][2]	Mat[1][3]	Mat[2][3]	Mat[3][3]
17741	9.345238	0.170936	-2.923958	0.093448	-0.001032	-0.010948	-0.194512	-0.181546	0.963953	-0.567819	0.822168	0.040265	-0.799841	-0.539519	-0.263007
17742	9.387698	0.294728	-2.879777	0.099268	-0.004003	-0.002448	-0.194595	-0.181568	0.963932	-0.568621	0.821628	0.039973	-0.799251	-0.540334	-0.263128
17743	9.519435	0.468629	-2.728266	0.079363	-0.001264	-0.003856	-0.194624	-0.181590	0.963923	-0.569270	0.821188	0.039760	-0.798782	-0.540994	-0.263196
17744	9.631165	0.586930	-2.572030	0.048847	0.010271	0.005906	-0.194639	-0.181466	0.963943	-0.569653	0.820935	0.039520	-0.798505	-0.541421	-0.263159
17745	9.681541	0.645239	-2.384833	0.001742	0.023994	0.008621	-0.194538	-0.181248	0.964004	-0.569658	0.820938	0.039392	-0.798527	-0.541489	-0.262953
17746	9.546400	0.623861	-2.325877	-0.044791	0.032063	0.005634	-0.194378	-0.181009	0.964081	-0.569293	0.821190	0.039400	-0.798826	-0.541186	-0.262668
17747	9.488284	0.635485	-2.322974	-0.073234	0.030280	0.000837	-0.194180	-0.180821	0.964156	-0.568714	0.821584	0.039544	-0.799286	-0.540650	-0.262371
17748	9.487889	0.515792	-2.389847	-0.087507	0.023891	-0.000696	-0.194050	-0.180678	0.964210	-0.568019	0.822056	0.039726	-0.799812	-0.539981	-0.262148
17749	9.486905	0.450189	-2.448689	-0.087843	0.021214	0.003019	-0.193936	-0.180522	0.964262	-0.567319	0.822532	0.039887	-0.800336	-0.539308	-0.261932
17750	9.453238	0.428395	-2.506539	-0.076707	0.021269	-0.003241	-0.193811	-0.180414	0.964307	-0.566715	0.822939	0.040065	-0.800794	-0.538722	-0.261738
17751	9.429436	0.346723	-2.606130	-0.071812	0.016927	0.007329	-0.193756	-0.180246	0.964350	-0.566133	0.823336	0.040143	-0.801219	-0.538173	-0.261569
17752	9.313916	0.318517	-2.705896	-0.059443	0.002824	0.012551	-0.193868	-0.180108	0.964353	-0.565637	0.823678	0.040122	-0.801542	-0.537695	-0.261560
17753	9.296885	0.280063	-2.741066	-0.039062	-0.019923	0.008889	-0.194117	-0.180125	0.964300	-0.565314	0.823900	0.040099	-0.801710	-0.537348	-0.261760
17754	9.412069	0.308556	-2.642461	-0.021314	-0.031466	0.017060	-0.194530	-0.180133	0.964215	-0.565114	0.824046	0.039935	-0.801751	-0.537123	-0.262097
17755	9.581780	0.415662	-2.487679	-0.010563	-0.022974	0.024060	-0.194890	-0.180041	0.964159	-0.564991	0.824142	0.039691	-0.801750	-0.537005	-0.262339
17756	9.634219	0.543428	-2.332595	-0.019565	-0.007502	0.025749	-0.195159	-0.179849	0.964141	-0.564787	0.824294	0.039439	-0.801828	-0.536837	-0.262445
17757	9.556291	0.617245	-2.258892	-0.037246	-0.000784	0.027938	-0.195363	-0.179606	0.964145	-0.564442	0.824540	0.039228	-0.802021	-0.536540	-0.262462
17758	9.529695	0.636714	-2.251848	-0.057865	-0.005303	0.021414	-0.195590	-0.179438	0.964130	-0.563940	0.824889	0.039119	-0.802319	-0.536060	-0.262532
17759	9.506437	0.674193	-2.283307	-0.074566	-0.006383	0.024528	-0.195818	-0.179253	0.964118	-0.563302	0.825328	0.039039	-0.802712	-0.535445	-0.262587
17760	9.562803	0.703719	-2.326805	-0.102255	-0.004267	0.023733	-0.196049	-0.179059	0.964107	-0.562438	0.825918	0.039024	-0.803261	-0.534600	-0.262630
17761	9.553536	0.709682	-2.293658	-0.134001	-0.005501	0.024551	-0.196268	-0.178869	0.964098	-0.561322	0.826674	0.039101	-0.803988	-0.533495	-0.262653
17762	9.589595	0.684620	-2.332891	-0.165212	-0.002253	0.022937	-0.196479	-0.178671	0.964092	-0.559951	0.827595	0.039258	-0.804892	-0.532131	-0.262652
17763	9.497729	0.629065	-2.257753	-0.194151	-0.005181	0.021626	-0.196677	-0.178503	0.964082	-0.558354	0.828661	0.039523	-0.805952	-0.530526	-0.262646
17764	9.520980	0.593368	-2.225888	-0.223465	-0.005009	0.019947	-0.196892	-0.178343	0.964068	-0.556516	0.829880	0.039862	-0.807170	-0.528671	-0.262648
17765	9.419971	0.374376	-2.290606	-0.234918	-0.005445	0.024711	-0.197107	-0.178150	0.964060	-0.554579	0.831159	0.040204	-0.808450	-0.526723	-0.262626
17766	9.416181	0.243869	-2.416119	-0.230870	-0.021428	0.033944	-0.197532	-0.177959	0.964008	-0.552648	0.832434	0.040429	-0.809667	-0.524771	-0.262781
17767	9.489683	0.206923	-2.445245	-0.198708	-0.026734	0.032346	-0.197961	-0.177812	0.963947	-0.550983	0.833528	0.040602	-0.810697	-0.523081	-0.262977
17768	9.552851	0.336094	-2.412884	-0.181255	-0.029453	0.024760	-0.198400	-0.177738	0.963871	-0.549468	0.834519	0.040785	-0.811617	-0.521524	-0.263230
17769	9.580570	0.437758	-2.349202	-0.171316	-0.017525	0.012312	-0.198643	-0.177708	0.963826	-0.548061	0.835429	0.041080	-0.812508	-0.520075	-0.263347
17770	9.628356	0.483189	-2.215596	-0.171938	-0.007946	0.001487	-0.198779	-0.177715	0.963797	-0.546664	0.836325	0.041463	-0.813416	-0.518631	-0.263395
17771	9.624657	0.522588	-2.166772	-0.185346	0.006322	-0.001703	-0.198751	-0.177677	0.963809	-0.545168	0.837278	0.041930	-0.814426	-0.517105	-0.263274
17772	9.567924	0.603934	-2.101565	-0.208372	0.012881	-0.007593	-0.198668	-0.177653	0.963831	-0.543489	0.838340	0.042497	-0.815568	-0.515389	-0.263104
17773	9.535091	0.539509	-2.025434	-0.226921	0.020553	-0.008447	-0.198486	-0.177598	0.963879	-0.541663	0.839488	0.043137	-0.816826	-0.513535	-0.262825
17774	9.626951	0.490564	-2.024023	-0.238836	0.038230	-0.010886	-0.198178	-0.177471	0.963965	-0.539736	0.840693	0.043814	-0.818175	-0.511604	-0.262394
17775	9.515326	0.436456	-2.169297	-0.251953	0.034961	-0.013314	-0.197849	-0.177384	0.964049	-0.537709	0.841952	0.044565	-0.819588	-0.509560	-0.261961
17776	9.459316	0.300473	-2.288585	-0.240934	0.020722	-0.019197	-0.197639	-0.177418	0.964086	-0.535775	0.843144	0.045327	-0.820905	-0.507574	-0.261694
17777	9.420407	0.148612	-2.384731	-0.213027	0.007832	-0.015434	-0.197521	-0.177486	0.964097	-0.534065	0.844192	0.045995	-0.822046	-0.505805	-0.261535
17778	9.370071	0.156892	-2.561816	-0.177152	-0.009279	-0.013266	-0.197590	-0.177623	0.964058	-0.532638	0.845063	0.046531	-0.822955	-0.504300	-0.261585
17779	9.374232	0.188612	-2.692248	-0.136824	-0.032804	-0.014659	-0.197812	-0.177889	0.963964	-0.531550	0.845723	0.046991	-0.823605	-0.503099	-0.261850
17780	9.429520	0.224698	-2.737996	-0.113044	-0.043148	-0.013332	-0.198159	-0.178196	0.963836	-0.530649	0.846267	0.047361	-0.824102	-0.502074	-0.262255
17781	9.469264	0.287917	-2.756490	-0.108527	-0.055481	-0.012939	-0.198578	-0.178559	0.963682	-0.529789	0.846785	0.047730	-0.824554	-0.501070	-0.262752
17782	9.418431	0.245273	-2.805568	-0.120343	-0.059577	-0.010810	-0.199075	-0.178926	0.963512	-0.528822	0.847369	0.048096	-0.825055	-0.499952	-0.263310
17783	9.372403	0.117715	-2.771341	-0.129442	-0.078022	0.002055	-0.199762	-0.179274	0.963305	-0.527759	0.848016	0.048376	-0.825570	-0.498729	-0.264015
17784	9.452357	0.070126	-2.749404	-0.129895	-0.080967	0.016953	-0.200582	-0.179511	0.963090	-0.526656	0.848694	0.048502	-0.826075	-0.497489	-0.264773
17785	9.443527	0.033600	-2.682055	-0.127066	-0.085141	0.019911	-0.201424	-0.179739	0.962872	-0.525575	0.849358	0.048604	-0.826559	-0.496271	-0.265547
17786	9.456276	0.007953	-2.718756	-0.121504	-0.088380	0.015600	-0.202299	-0.180022	0.962636	-0.524543	0.849989	0.048723	-0.827001	-0.495087	-0.266381
17787	9.596580	-0.048626	-2.554085	-0.123777	-0.083059	0.009128	-0.203068	-0.180328	0.962416	-0.523508	0.850615	0.048921	-0.827468	-0.493898	-0.267136
17788	9.558995	-0.190369	-2.463816	-0.143817	-0.068801	0.011175	-0.203759	-0.180549	0.962229	-0.522299	0.851345	0.049143	-0.828062	-0.492558	-0.267770
17789	9.623690	-0.281527	-2.242000	-0.119198	-0.045613	-0.001691	-0.204163	-0.180759	0.962104	-0.521322	0.851927	0.049432	-0.828577	-0.491474	-0.268166
17790	9.635836	-0.162886	-2.057623	-0.069076	-0.027275	-0.022506	-0.204334	-0.181061	0.962011	-0.520800	0.852226	0.049779	-0.828864	-0.490843	-0.268436
17791	9.534265	0.175490	-2.054663	0.007234	-0.018271	-0.062114	-0.204198	-0.181648	0.961929	-0.520993	0.852077	0.050308	-0.828776	-0.490886	-0.268630
17792	9.624338	0.350349	-2.105887	0.088413	-0.028844	-0.108615	-0.203932	-0.182692	0.961788	-0.521951	0.851446	0.051060	-0.828238	-0.491594	-0.268994
17793	9.640762	0.281569	-2.004537	0.133507	-0.020282	-0.139663	-0.203405	-0.183947	0.961660	-0.523348	0.850531	0.051994	-0.827486	-0.492707	-0.269270
17794	9.353877	0.240775	-2.296284	0.197223	-0.042244	-0.160759	-0.202974	-0.185498	0.961453	-0.525309	0.849262	0.052954	-0.826349	-0.494312	-0.269822
17795	9.312962	0.502193	-2.542229	0.314325	-0.082017	-0.175007	-0.202763	-0.187354	0.961138	-0.528265	0.847377	0.053736	-0.824514	-0.496840	-0.270789
17796	9.487146	1.005559	-2.619561	0.403158	-0.088424	-0.181040	-0.202594	-0.189304	0.960791	-0.531955	0.845028	0.054327	-0.822180	-0.500092	-0.271899
17797	9.640722	1.493996	-2.361606	0.385198	-0.072320	-0.176718	-0.202278	-0.191125	0.960497	-0.535482	0.842759	0.054926	-0.819965	-0.503219	-0.272815
17798	9.428561	1.304078	-2.565585	0.324149	-0.047179	-0.168144	-0.201824	-0.192756	0.960267	-0.538481	0.840801	0.055600	-0.818111	-0.505864	-0.273489
17799	9.172584	0.968873	-2.777289	0.283267	-0.048901	-0.148652	-0.201453	-0.194222	0.960049	-0.541103	0.839076	0.056205	-0.816471	-0.508163	-0.274128
17800	9.177931	0.849762	-2.892488	0.321470	-0.062042	-0.131792	-0.201306	-0.195620	0.959796	-0.543994	0.837183	0.056533	-0.814584	-0.510742	-0.274947
17801	8.962304	0.770956	-3.490389	0.311225	-0.100072	-0.096408	-0.201627	-0.196910	0.959465	-0.546727	0.835398	0.056556	-0.812672	-0.513163	-0.276095
17802	8.994545	0.826674	-3.754747	0.328000	-0.140385	-0.074554	-0.202420	-0.198233	0.959025	-0.549544	0.833565	0.056308	-0.810572	-0.515629	-0.277668
17803	9.172985	1.138647	-3.732019	0.250995	-0.178444	-0.025194	-0.203761	-0.199338	0.958512	-0.551635	0.832217	0.055806	-0.808814	-0.517378	-0.279535
17804	9.314466	1.056421	-3.808418	0.130428	-0.183109	0.018846	-0.205408	-0.200108	0.958000	-0.552654	0.831580	0.055205	-0.807701	-0.518103	-0.281403
17805	9.620287	0.825599	-3.474479	-0.011060	-0.155220	0.057769	-0.207017	-0.200409	0.957591	-0.552453	0.831751	0.054641	-0.807428	-0.517712	-0.282903
17806	9.635009	0.495181	-3.343661	-0.105631	-0.110212	0.081119	-0.208417	-0.200283	0.957313	-0.551435	0.832461	0.054109	-0.807763	-0.516619	-0.283942
17807	9.434003	0.488077	-3.115776	-0.149439	-0.089761	0.098573	-0.209723	-0.199904	0.957108	-0.550029	0.833427	0.053548	-0.808384	-0.515206	-0.284742
17808	9.265727	0.801288	-2.996690	-0.150811	-0.089002	0.105266	-0.211084	-0.199462	0.956900	-0.548591	0.834415	0.052916	-0.809007	-0.513777	-0.285554
17809	9.283414	1.228550	-2.700239	-0.168531	-0.083394	0.101425	-0.212352	-0.199023	0.956711	-0.547020	0.835479	0.052386	-0.809738	-0.512216	-0.286285
17810	9.481371	1.417885	-2.536243	-0.187778	-0.049914	0.079621	-0.213254	-0.198590	0.956600	-0.545332	0.836599	0.052108	-0.810639	-0.510553	-0.286706
17811	9.840663	1.502371	-2.095190	-0.346782	-0.017207	0.097629	-0.213961	-0.197842	0.956598	-0.542317	0.838555	0.052129	-0.812473	-0.507626	-0.286711
17812	9.906262	1.076529	-1.851629	-0.386374	0.059920	0.093314	-0.214040	-0.196733	0.956809	-0.538978	0.840696	0.052288	-0.814672	-0.504507	-0.285977
17813	9.669479	0.651388	-1.575067	-0.364136	0.117820	0.090304	-0.213596	-0.195361	0.957189	-0.535823	0.842701	0.052426	-0.816866	-0.501686	-0.284677
17814	9.146513	0.387204	-2.169898	-0.399132	0.062027	0.122044	-0.213803	-0.193999	0.957420	-0.532301	0.844936	0.052338	-0.819112	-0.498446	-0.283915
17815	8.959981	0.012361	-2.634020	-0.181197	0.018833	0.064644	-0.214021	-0.193338	0.957505	-0.530687	0.845959	0.052196	-0.820101	-0.496964	-0.283655
17816	9.036681	0.216836	-2.606789	-0.091217	-0.087270	0.054777	-0.215090	-0.193285	0.957276	-0.529825	0.846519	0.051876	-0.820379	-0.496030	-0.284484
17817	9.018847	0.371736	-3.108360	-0.006801	-0.162310	0.053571	-0.216735	-0.193614	0.956838	-0.529662	0.846653	0.051344	-0.820051	-0.495673	-0.286049
17818	9.294145	0.913838	-3.068169	-0.009836	-0.222916	0.071933	-0.219005	-0.194086	0.956226	-0.529428	0.846843	0.050630	-0.819599	-0.495164	-0.288218
17819	9.499961	1.449916	-2.959437	-0.069804	-0.236875	0.098794	-0.221500	-0.194400	0.955587	-0.528647	0.847377	0.049849	-0.819433	-0.494127	-0.290463
17820	9.429246	1.583028	-2.960388	-0.213427	-0.250106	0.147894	-0.224392	-0.194356	0.954921	-0.526571	0.848718	0.049004	-0.819983	-0.491837	-0.292788
17821	9.375369	1.573647	-2.920599	-0.280081	-0.255756	0.170873	-0.227417	-0.194141	0.954249	-0.523896	0.850419	0.048161	-0.820862	-0.488975	-0.295110
17822	9.528348	1.597981	-2.422113	-0.360783	-0.260417	0.201037	-0.230668	-0.193674	0.953563	-0.520475	0.852568	0.047258	-0.822130	-0.485405	-0.297463
17823	9.632785	1.846430	-1.996359	-0.413663	-0.227990	0.223439	-0.233729	-0.192853	0.952984	-0.516563	0.854995	0.046331	-0.823732	-0.481447	-0.299458
17824	9.604525	1.968878	-1.620325	-0.460392	-0.203547	0.241930	-0.236713	-0.191733	0.952473	-0.512199	0.857668	0.045354	-0.825602	-0.477120	-0.301227
17825	9.459554	1.676761	-1.688327	-0.434193	-0.173018	0.236953	-0.239372	-0.190506	0.952055	-0.508059	0.860178	0.044382	-0.827392	-0.473076	-0.302691
17826	9.423308	1.557922	-1.644009	-0.491074	-0.220955	0.278254	-0.242670	-0.189124	0.951495	-0.503322	0.863020	0.043170	-0.829324	-0.468433	-0.304620
17827	9.315830	0.646872	-2.146703	-0.417846	-0.218376	0.298102	-0.245991	-0.187554	0.950953	-0.499139	0.865523	0.041588	-0.830872	-0.464428	-0.306527
17828	9.227896	0.316999	-2.226331	-0.311750	-0.231141	0.309938	-0.249515	-0.185913	0.950357	-0.495782	0.867546	0.039546	-0.831831	-0.461302	-0.308638
17829	9.023943	0.303423	-2.720631	-0.207541	-0.263794	0.303478	-0.253223	-0.184478	0.949656	-0.493306	0.869057	0.037282	-0.832182	-0.459030	-0.311069
17830	8.883085	0.277017	-3.077893	-0.106511	-0.325104	0.287981	-0.257406	-0.183438	0.948732	-0.491686	0.870076	0.034827	-0.831857	-0.457514	-0.314157
17831	8.866339	0.028698	-3.427365	-0.055914	-0.394276	0.305793	-0.262198	-0.182563	0.947588	-0.490440	0.870884	0.032080	-0.831096	-0.456324	-0.317881
17832	8.984730	-0.256112	-3.712593	0.022771	-0.419714	0.318433	-0.267305	-0.181677	0.946331	-0.489787	0.871362	0.028937	-0.829853	-0.455766	-0.321902
17833	9.220727	-0.140396	-3.659134	0.083116	-0.444541	0.339585	-0.272668	-0.180729	0.944981	-0.489572	0.871592	0.025431	-0.828234	-0.455702	-0.326135
17834	9.309007	0.019603	-3.555873	0.110905	-0.449506	0.365252	-0.278235	-0.179568	0.943579	-0.489484	0.871746	0.021563	-0.826433	-0.455867	-0.330446
17835	9.478339	0.353832	-3.225498	0.082617	-0.445283	0.373384	-0.283755	-0.178328	0.942169	-0.489129	0.872031	0.017741	-0.824764	-0.455808	-0.334668
17836	9.634640	0.576412	-2.942311	0.059539	-0.437080	0.368286	-0.289216	-0.177081	0.940742	-0.488564	0.872415	0.014018	-0.823200	-0.455559	-0.338832
17837	9.677357	0.680981	-2.422744	0.045878	-0.415862	0.355736	-0.294389	-0.175856	0.939367	-0.487916	0.872828	0.010491	-0.821750	-0.455243	-0.342754
17838	9.656261	0.718470	-1.924673	0.047110	-0.383717	0.342246	-0.299268	-0.174589	0.938061	-0.487286	0.873214	0.007062	-0.820361	-0.454990	-0.346399
17839	9.630750	0.833195	-1.591921	0.080853	-0.359140	0.322429	-0.303793	-0.173393	0.936827	-0.486989	0.873400	0.003733	-0.818872	-0.455090	-0.349773
17840	9.650382	0.801022	-1.305368	0.134962	-0.343018	0.298501	-0.308112	-0.172322	0.935613	-0.487179	0.873302	0.000410	-0.817144	-0.455684	-0.353027
17841	9.585537	0.685256	-1.147505	0.236338	-0.336141	0.258539	-0.312121	-0.171584	0.934419	-0.488320	0.872660	-0.002868	-0.814938	-0.457190	-0.356163
17842	10.303183	1.356362	-0.326887	0.373528	-0.348191	0.229672	-0.316136	-0.171152	0.933148	-0.490635	0.871342	-0.006403	-0.811995	-0.459859	-0.359436
17843	9.108892	0.729216	-0.937751	0.481117	-0.351553	0.201183	-0.319970	-0.171009	0.931867	-0.493909	0.869456	-0.010035	-0.808500	-0.463469	-0.362662
17844	9.696894	1.149910	-1.319756	0.586860	-0.371735	0.202336	-0.324030	-0.170958	0.930472	-0.497988	0.867069	-0.014112	-0.804371	-0.467937	-0.366092
17845	9.329640	1.330496	-1.659969	0.740954	-0.407700	0.179208	-0.328184	-0.171311	0.928950	-0.503363	0.863877	-0.018519	-0.799325	-0.473677	-0.369742
17846	9.639211	1.700525	-1.947263	0.689433	-0.513027	0.253392	-0.333611	-0.171545	0.926971	-0.508015	0.861028	-0.023490	-0.794119	-0.478751	-0.374396
17847	9.867699	1.982910	-1.721311	0.695504	-0.540276	0.293159	-0.339363	-0.171614	0.924869	-0.512553	0.858171	-0.028834	-0.788747	-0.483829	-0.379192
17848	9.762784	1.743218	-2.086441	0.600641	-0.480878	0.297124	-0.344732	-0.171381	0.922924	-0.516256	0.855762	-0.033924	-0.783989	-0.488160	-0.383484
17849	9.968731	1.905397	-1.511126	0.452472	-0.485050	0.351717	-0.350315	-0.170742	0.920938	-0.518596	0.854133	-0.038912	-0.779960	-0.491227	-0.387762
17850	9.787946	1.939605	-1.512415	0.463064	-0.418596	0.351145	-0.355456	-0.169785	0.919143	-0.520956	0.852449	-0.044001	-0.776052	-0.494473	-0.391458
17851	9.845547	2.373297	-1.507188	0.450216	-0.370908	0.354479	-0.360138	-0.168604	0.917536	-0.523201	0.850798	-0.049019	-0.772374	-0.497710	-0.394619
17852	10.417440	2.163193	-1.398921	0.366901	-0.303541	0.350822	-0.364375	-0.167113	0.916135	-0.524754	0.849556	-0.053742	-0.769327	-0.500328	-0.397250
17853	11.363903	1.703088	-0.947143	0.217712	-0.196063	0.393334	-0.367895	-0.164757	0.915155	-0.525019	0.849098	-0.058194	-0.767469	-0.501884	-0.398879
17854	12.198854	1.306296	-0.151028	0.144561	-0.019659	0.388751	-0.370144	-0.161533	0.914823	-0.524688	0.849006	-0.062382	-0.766613	-0.503087	-0.399009
17855	12.132518	1.583946	0.392757	0.221661	0.200717	0.307037	-0.370152	-0.157917	0.915451	-0.525289	0.848356	-0.066051	-0.766198	-0.505325	-0.396973
17856	12.143674	2.635012	1.029992	0.225290	0.438745	0.203424	-0.367917	-0.153947	0.917026	-0.526260	0.847531	-0.068858	-0.766608	-0.507928	-0.392837
17857	12.878967	3.722596	1.946384	0.083980	0.752837	0.090525	-0.362528	-0.149352	0.919928	-0.526619	0.847216	-0.069985	-0.768925	-0.509823	-0.385791
17858	13.745667	4.278643	2.758100	-0.266910	1.076391	0.009919	-0.354334	-0.143761	0.924002	-0.524519	0.848589	-0.069113	-0.774162	-0.509146	-0.376089
17859	13.330096	3.665457	2.610667	-0.558671	1.448095	-0.119874	-0.342324	-0.137431	0.929477	-0.520645	0.851227	-0.065891	-0.782140	-0.506484	-0.362948
17860	12.845913	3.448268	2.700473	-0.704079	1.657758	-0.244005	-0.328076	-0.131124	0.935507	-0.515920	0.854450	-0.061167	-0.791323	-0.502714	-0.347974
17861	12.576852	3.347709	2.486398	-0.666921	1.848901	-0.406381	-0.311126	-0.125342	0.942067	-0.511975	0.857236	-0.055029	-0.800676	-0.499435	-0.330881
17862	12.286982	3.023623	1.672428	-0.652646	1.969443	-0.534305	-0.292599	-0.120101	0.948663	-0.508331	0.859827	-0.047932	-0.809930	-0.496259	-0.312635
17863	12.161257	2.170872	0.214233	-0.631570	2.021286	-0.602616	-0.272916	-0.115292	0.955105	-0.504962	0.862204	-0.040212	-0.818859	-0.493266	-0.293527
17864	11.911246	1.483411	-1.146732	-0.550253	1.988804	-0.668769	-0.253241	-0.111256	0.960984	-0.502195	0.864151	-0.032295	-0.826843	-0.490780	-0.274711
17865	11.934226	1.393111	-2.323701	-0.436817	1.864829	-0.737337	-0.233881	-0.108498	0.966192	-0.500438	0.865441	-0.023954	-0.833584	-0.489122	-0.256707
17866	11.968298	1.840966	-3.272559	-0.315029	1.672934	-0.862923	-0.215634	-0.107769	0.970509	-0.499746	0.866044	-0.014868	-0.838901	-0.488214	-0.240606
17867	11.933013	2.299995	-3.652058	-0.318114	1.438016	-0.989438	-0.198409	-0.109333	0.974002	-0.499193	0.866480	-0.004424	-0.843469	-0.487093	-0.226496
17868	11.921791	1.740788	-3.665724	-0.563181	1.251531	-1.037922	-0.182713	-0.112237	0.976739	-0.496411	0.868060	0.006888	-0.848641	-0.483606	-0.214321
17869	11.860334	0.295989	-4.574929	-0.847040	1.153683	-1.011040	-0.167707	-0.115493	0.979048	-0.491041	0.870937	0.018627	-0.854841	-0.477629	-0.202774
17870	12.143272	-1.266829	-5.028079	-0.959563	1.235885	-0.951765	-0.152517	-0.117914	0.981241	-0.484337	0.874374	0.029790	-0.861485	-0.470708	-0.190467
17871	12.248635	-2.539499	-5.318137	-1.061540	1.470136	-0.809089	-0.135733	-0.118148	0.983675	-0.476389	0.878335	0.039761	-0.868695	-0.463215	-0.175504
17872	11.746338	-3.186002	-5.345236	-1.065702	1.685396	-0.672523	-0.117914	-0.116299	0.986190	-0.467955	0.882442	0.048113	-0.875851	-0.455819	-0.158475
17873	11.104198	-3.116794	-5.305123	-0.919583	1.784741	-0.647499	-0.099058	-0.113941	0.988537	-0.460636	0.885824	0.055943	-0.882044	-0.449814	-0.140233
17874	10.765021	-2.105369	-5.214799	-0.604529	1.778891	-0.701551	-0.080170	-0.112164	0.990450	-0.455931	0.887738	0.063627	-0.886397	-0.446476	-0.122309
17875	11.288176	-0.752063	-4.593541	-0.404537	1.770817	-0.775628	-0.060777	-0.111152	0.991943	-0.452941	0.888642	0.071825	-0.889466	-0.444927	-0.104354
17876	11.417410	0.021788	-4.243644	-0.446811	1.778002	-0.798770	-0.041389	-0.110335	0.993032	-0.449382	0.889739	0.080128	-0.892380	-0.442934	-0.086408
17877	10.902501	-0.175819	-4.147821	-0.656991	1.776833	-0.769259	-0.021935	-0.109341	0.993762	-0.443804	0.891760	0.088323	-0.895855	-0.439099	-0.068087
17878	10.430345	-0.826021	-4.069415	-0.856309	1.779825	-0.680120	-0.003018	-0.107625	0.994187	-0.436216	0.894756	0.095537	-0.899837	-0.433392	-0.049648
17879	9.499058	-1.594512	-3.763134	-0.975526	1.805322	-0.587110	0.015917	-0.105114	0.994333	-0.427431	0.898298	0.101804	-0.903908	-0.426629	-0.030631
17880	8.160632	-2.617228	-3.738818	-0.974718	1.821257	-0.581832	0.034818	-0.102615	0.994112	-0.418472	0.901816	0.107745	-0.907562	-0.419760	-0.011542
17881	7.343302	-3.288383	-3.719732	-0.815583	1.729582	-0.624683	0.053229	-0.101027	0.993459	-0.410832	0.904556	0.113998	-0.910156	-0.414213	0.006643
17882	6.983716	-3.160468	-3.482603	-0.635426	1.580111	-0.681200	0.070345	-0.100654	0.992431	-0.404642	0.906486	0.120619	-0.911766	-0.410064	0.023038
17883	6.892251	-2.642504	-3.313752	-0.531286	1.433751	-0.712104	0.086369	-0.101232	0.991107	-0.399279	0.907917	0.127529	-0.912752	-0.406743	0.037996
17884	6.705255	-2.317603	-3.255154	-0.495975	1.301269	-0.678420	0.100888	-0.102095	0.989646	-0.394136	0.909234	0.133979	-0.913498	-0.403572	0.051491
17885	6.317107	-2.218136	-3.514768	-0.468238	1.170311	-0.594172	0.113973	-0.102762	0.988155	-0.389256	0.910492	0.139582	-0.914051	-0.400554	0.063771
17886	6.322046	-2.235674	-3.259599	-0.416722	1.075742	-0.481929	0.125619	-0.102829	0.986735	-0.384892	0.911658	0.144005	-0.914373	-0.397876	0.074943
17887	5.894353	-2.246492	-3.576552	-0.376146	0.919123	-0.353186	0.135423	-0.102367	0.985485	-0.381025	0.912776	0.147174	-0.914593	-0.395425	0.084606
17888	5.731136	-2.158288	-3.416565	-0.347896	0.745359	-0.226643	0.143047	-0.101469	0.984501	-0.377550	0.913914	0.149052	-0.914874	-0.393020	0.092423
17889	5.500618	-2.145521	-3.250896	-0.306710	0.558900	-0.109438	0.148600	-0.100238	0.983804	-0.374615	0.914997	0.149812	-0.915195	-0.390809	0.098418
17890	5.444660	-2.218400	-2.885570	-0.232087	0.370450	0.000814	0.151935	-0.098757	0.983444	-0.372515	0.915901	0.149525	-0.915504	-0.389066	0.102369
17891	5.505974	-2.496435	-2.540675	-0.098791	0.205895	0.116135	0.153399	-0.096847	0.983407	-0.371815	0.916393	0.148246	-0.915545	-0.388387	0.104565
17892	6.291098	-2.090317	-1.746867	0.100365	0.097932	0.226258	0.153399	-0.094363	0.983648	-0.373105	0.916217	0.146080	-0.915020	-0.389413	0.105340
17893	6.845503	-1.141233	-1.130565	0.251150	0.078963	0.286207	0.153047	-0.091384	0.983985	-0.375863	0.915499	0.143485	-0.913949	-0.391804	0.105767
17894	7.093829	0.104909	-1.148137	0.297152	0.016080	0.248292	0.152204	-0.089019	0.984332	-0.378980	0.914552	0.141308	-0.912802	-0.394550	0.105462
17895	7.023029	0.269194	-1.597648	0.310666	-0.203310	0.180027	0.149652	-0.088127	0.984803	-0.382108	0.913481	0.139810	-0.911920	-0.397224	0.103030
17896	6.887641	2.181141	-1.416737	0.639965	-0.554280	0.091627	0.144196	-0.089478	0.985495	-0.388097	0.911000	0.139500	-0.910268	-0.402583	0.096636
17897	8.954805	8.342072	4.364761	0.976335	-0.936662	-0.241767	0.136611	-0.095438	0.986017	-0.396654	0.906805	0.142727	-0.907746	-0.410605	0.086024
17898	11.103689	12.269323	9.177741	0.473921	-1.151754	-0.532542	0.128226	-0.104979	0.986173	-0.400272	0.904315	0.148310	-0.907381	-0.413755	0.073936
17899	13.667990	8.503700	11.089049	-0.743177	-1.161569	-0.274511	0.118764	-0.112197	0.986563	-0.393205	0.907052	0.150489	-0.911748	-0.405795	0.063608
17900	15.947042	2.071794	10.774024	-1.689152	-0.690674	0.183197	0.111681	-0.113246	0.987270	-0.377976	0.913975	0.147596	-0.919055	-0.389648	0.059269
17901	12.708361	2.128169	11.140416	-1.213085	-0.127359	0.391298	0.109100	-0.110113	0.987913	-0.367265	0.919058	0.142997	-0.923696	-0.378427	0.059828
17902	12.538250	-0.497719	10.915283	-0.843785	0.332174	0.320866	0.110953	-0.105883	0.988169	-0.359835	0.922565	0.139256	-0.926395	-0.371029	0.064261
17903	11.710499	6.465825	11.158286	-0.237493	0.723956	-0.218531	0.118525	-0.105165	0.987366	-0.357417	0.923204	0.141236	-0.926394	-0.369641	0.071835
17904	2.185858	-1.873928	-3.660052	-1.325491	0.118918	0.228613	0.118773	-0.102584	0.987608	-0.345401	0.928259	0.137959	-0.930909	-0.357507	0.074820
17905	0.447662	-2.403501	-4.807987	-0.555388	-1.041699	0.222037	0.108392	-0.104158	0.988637	-0.340510	0.930447	0.135360	-0.933972	-0.351312	0.065386
17906	9.269842	-2.976324	-1.028749	0.382436	-1.420030	0.300577	0.094047	-0.106334	0.989873	-0.344408	0.929414	0.132561	-0.934098	-0.353387	0.050786
17907	16.057952	-0.456780	2.588320	0.691248	-0.778901	0.402994	0.085453	-0.105307	0.990761	-0.351250	0.927371	0.128865	-0.932374	-0.359017	0.042258
17908	16.432719	2.419872	0.161899	0.427121	-0.397280	0.474095	0.080023	-0.102315	0.991528	-0.355643	0.926321	0.124289	-0.931190	-0.362576	0.037740
17909	13.201719	3.562939	0.896564	0.285842	-0.369553	0.372913	0.075328	-0.100142	0.992117	-0.358621	0.925652	0.120663	-0.930439	-0.364884	0.033815
17910	12.456739	-1.332945	-3.214594	-0.578641	-0.376382	0.177401	0.071138	-0.099829	0.992458	-0.353381	0.927922	0.118668	-0.932771	-0.359157	0.030733
17911	10.799610	-0.612399	-2.695217	-0.668525	-0.637474	0.044028	0.065099	-0.101626	0.992690	-0.347193	0.930339	0.118011	-0.935532	-0.352337	0.025281
17912	9.125266	-1.230020	-5.072314	-0.501712	-1.072859	-0.040808	0.055138	-0.105722	0.992866	-0.342488	0.932049	0.118266	-0.937903	-0.346566	0.015183
17913	8.859689	-1.764744	-6.229904	-0.059946	-1.212321	-0.193930	0.044479	-0.111657	0.992751	-0.341852	0.932042	0.120145	-0.938701	-0.344718	0.003287
17914	7.840925	-3.407457	-7.059712	0.306458	-1.262618	-0.246384	0.033424	-0.118280	0.992418	-0.344651	0.930700	0.122532	-0.938136	-0.346133	-0.009657
17915	7.877885	-3.611086	-5.806132	0.668034	-1.266039	-0.159746	0.022140	-0.124111	0.992021	-0.350882	0.928179	0.123955	-0.936158	-0.350827	-0.022998
17916	8.515007	-1.721282	-5.191513	0.925106	-1.313561	-0.057918	0.010017	-0.129270	0.991559	-0.359537	0.924828	0.124202	-0.933077	-0.357746	-0.037214
17917	9.387422	0.398207	-4.726778	0.936470	-1.381714	0.061624	-0.003076	-0.133621	0.991028	-0.368269	0.921533	0.123108	-0.929714	-0.364586	-0.052043
17918	9.838575	1.975560	-4.223204	0.718285	-1.441848	0.158516	-0.017103	-0.137422	0.990365	-0.374938	0.919112	0.121060	-0.926892	-0.369255	-0.067244
17919	9.663454	2.650517	-3.748401	0.405598	-1.475604	0.210482	-0.031573	-0.140885	0.989522	-0.378649	0.917909	0.118608	-0.925002	-0.370937	-0.082327
17920	9.663815	2.784620	-3.079527	0.090647	-1.458188	0.223720	-0.045955	-0.144201	0.988481	-0.379415	0.917893	0.116264	-0.924085	-0.369701	-0.096894
17921	9.905831	2.544591	-2.155936	-0.181762	-1.375627	0.234803	-0.059575	-0.147050	0.987333	-0.377620	0.918907	0.114073	-0.924042	-0.366040	-0.110273
17922	10.144433	2.163378	-1.323201	-0.363866	-1.254084	0.254592	-0.072177	-0.149234	0.986164	-0.374102	0.920608	0.111934	-0.924575	-0.360847	-0.122275
17923	10.278791	1.565191	-0.456960	-0.449236	-1.107803	0.264337	-0.083426	-0.150713	0.985051	-0.369750	0.922615	0.109845	-0.925378	-0.355059	-0.132696
17924	10.118532	0.995733	0.216829	-0.414723	-0.966115	0.242623	-0.093314	-0.151845	0.983990	-0.365709	0.924445	0.107975	-0.926040	-0.349778	-0.141795
17925	9.959492	0.616845	0.613270	-0.265247	-0.866014	0.181285	-0.102010	-0.153128	0.982927	-0.363084	0.925647	0.106523	-0.926155	-0.346019	-0.150023
17926	9.720022	0.335044	0.507666	-0.050841	-0.822392	0.103898	-0.110053	-0.154973	0.981770	-0.362515	0.925984	0.105530	-0.925457	-0.344292	-0.158087
17927	9.382106	0.000163	-0.078106	0.200097	-0.825775	0.030859	-0.117810	-0.157475	0.980470	-0.364336	0.925347	0.104845	-0.923786	-0.344869	-0.166389
17928	9.033239	-0.061780	-0.991218	0.483152	-0.878431	-0.031018	-0.125850	-0.160773	0.978935	-0.368841	0.923625	0.104272	-0.920933	-0.347949	-0.175538
17929	8.654684	-0.101393	-2.491352	0.828068	-0.888846	-0.081289	-0.133723	-0.164582	0.977257	-0.376559	0.920591	0.103512	-0.916690	-0.354153	-0.185079
17930	9.235990	0.894629	-2.032131	0.962185	-1.022698	-0.058986	-0.142900	-0.168751	0.975245	-0.385447	0.917053	0.102203	-0.911598	-0.361300	-0.196091
17931	8.826008	1.071340	-3.462451	1.062432	-1.088279	-0.024807	-0.152705	-0.172892	0.973031	-0.395140	0.913136	0.100237	-0.905840	-0.369177	-0.207757
17932	8.743037	0.113241	-5.031454	1.152034	-1.085238	-0.034920	-0.162414	-0.177233	0.970675	-0.405603	0.908774	0.098065	-0.899504	-0.377782	-0.219484
17933	9.230576	0.744298	-4.513604	1.143266	-1.209883	0.018861	-0.173356	-0.181624	0.967967	-0.415817	0.904448	0.095236	-0.892773	-0.385987	-0.232313
17934	8.940221	0.506963	-4.921808	1.098572	-1.230401	0.035971	-0.184503	-0.186067	0.965058	-0.425530	0.900234	0.092214	-0.885936	-0.393648	-0.245273
17935	9.531513	0.985346	-4.600395	1.073640	-1.231748	0.064658	-0.195682	-0.190325	0.962021	-0.434880	0.896097	0.088825	-0.878970	-0.400983	-0.258118
17936	9.897981	1.778098	-4.101087	0.997466	-1.183762	0.108357	-0.206576	-0.194114	0.958982	-0.443402	0.892274	0.085097	-0.872193	-0.407636	-0.270393
17937	10.022287	2.410275	-3.344320	0.845065	-1.113685	0.133299	-0.216887	-0.197447	0.956020	-0.450463	0.889074	0.081426	-0.866050	-0.412992	-0.281771
17938	9.790783	2.763463	-2.497337	0.636989	-1.028243	0.160681	-0.226547	-0.200257	0.953191	-0.455612	0.886753	0.078013	-0.860868	-0.416612	-0.292131
17939	9.590996	2.855164	-1.891410	0.420878	-0.938833	0.196088	-0.235539	-0.202397	0.950556	-0.458775	0.885395	0.074843	-0.856765	-0.418463	-0.301400
17940	9.401103	2.805846	-1.725573	0.237665	-0.859896	0.241735	-0.244058	-0.203830	0.948098	-0.460231	0.884893	0.071770	-0.853594	-0.418828	-0.309774
17941	9.397555	2.657475	-1.749526	0.126714	-0.787841	0.290187	-0.252134	-0.204523	0.945832	-0.460596	0.884957	0.068577	-0.851047	-0.418356	-0.317330
17942	9.440790	2.468660	-1.753480	0.053460	-0.727880	0.330629	-0.259896	-0.204610	0.943710	-0.460207	0.885412	0.065230	-0.848919	-0.417348	-0.324278
17943	9.387627	2.152387	-2.012161	-0.009497	-0.673184	0.349501	-0.267229	-0.204287	0.941730	-0.459212	0.886166	0.061926	-0.847179	-0.415905	-0.330621
17944	9.178582	1.466984	-2.280359	-0.029488	-0.663660	0.365769	-0.274577	-0.203771	0.939726	-0.457974	0.887037	0.058531	-0.845498	-0.414298	-0.336882
17945	9.169590	1.004192	-2.621843	0.039472	-0.668524	0.362209	-0.281892	-0.203294	0.937661	-0.457308	0.887609	0.054961	-0.843449	-0.413307	-0.343178
17946	9.012465	0.323038	-3.297400	0.161530	-0.701662	0.358575	-0.289494	-0.202984	0.935409	-0.457645	0.887672	0.050991	-0.840687	-0.413324	-0.349870
17947	8.694024	-0.403244	-4.014600	0.333894	-0.773229	0.357738	-0.297632	-0.202982	0.932853	-0.459404	0.887013	0.046432	-0.836877	-0.414736	-0.357254
17948	8.747860	-0.665302	-4.179076	0.536922	-0.827074	0.326984	-0.306094	-0.203499	0.929997	-0.462897	0.885445	0.041395	-0.831885	-0.417822	-0.365228
17949	9.109099	-0.897206	-4.452921	0.774869	-0.803686	0.298282	-0.314159	-0.204210	0.927147	-0.468401	0.882794	0.035726	-0.825775	-0.423053	-0.372990
17950	9.254031	-0.347801	-3.678124	0.728685	-0.859006	0.282168	-0.322608	-0.205350	0.923989	-0.473496	0.880274	0.030314	-0.819588	-0.427726	-0.381216
17951	8.984435	-0.038869	-3.865672	0.830718	-0.823890	0.208118	-0.330344	-0.207035	0.920874	-0.479601	0.877126	0.025152	-0.812930	-0.433343	-0.389048
17952	9.228908	0.609273	-3.471207	0.854246	-0.797896	0.192031	-0.337784	-0.208808	0.917770	-0.485873	0.873801	0.019979	-0.806120	-0.439171	-0.396610
17953	9.205391	1.360754	-3.219682	0.826423	-0.757067	0.177511	-0.344749	-0.210574	0.914772	-0.491905	0.870520	0.015004	-0.799486	-0.444808	-0.403693
17954	8.942476	1.774356	-3.632715	0.793769	-0.680664	0.177419	-0.351100	-0.212053	0.912010	-0.497606	0.867344	0.010102	-0.793169	-0.450275	-0.410043
17955	9.482068	2.170075	-2.525549	0.599863	-0.753561	0.245712	-0.358298	-0.213304	0.908914	-0.501480	0.865153	0.005348	-0.787490	-0.453886	-0.416950
17956	9.541492	2.124611	-2.597195	0.541402	-0.671814	0.247836	-0.364872	-0.214197	0.906084	-0.504830	0.863218	0.000773	-0.782314	-0.457137	-0.423097
17957	10.006360	1.996844	-2.280792	0.424643	-0.601290	0.293999	-0.371057	-0.214395	0.903522	-0.507070	0.861897	-0.003724	-0.777944	-0.459531	-0.428526
17958	9.802702	2.109519	-2.032609	0.393566	-0.534956	0.304424	-0.376807	-0.214213	0.901182	-0.508981	0.860738	-0.008219	-0.773921	-0.461782	-0.433363
17959	9.197901	2.076021	-2.179063	0.414481	-0.547914	0.299486	-0.382560	-0.214156	0.898769	-0.511056	0.859453	-0.012742	-0.769721	-0.464195	-0.438238
17960	8.989038	1.424914	-2.489123	0.444216	-0.596541	0.323179	-0.388846	-0.214133	0.896072	-0.513213	0.858080	-0.017653	-0.765121	-0.466740	-0.443557
17961	8.787609	0.673822	-3.114780	0.523183	-0.670264	0.340857	-0.395699	-0.214337	0.893019	-0.515881	0.856350	-0.023053	-0.759795	-0.469813	-0.449429
17962	8.962615	0.200591	-3.579041	0.650575	-0.737659	0.343873	-0.403113	-0.214852	0.889572	-0.519425	0.854020	-0.029114	-0.753457	-0.473802	-0.455866
17963	9.502256	-0.165716	-3.815084	0.785739	-0.769968	0.339202	-0.410641	-0.215616	0.885937	-0.523953	0.850997	-0.035745	-0.746222	-0.478868	-0.462427
17964	9.660834	-0.168054	-4.497992	0.902878	-0.720881	0.341006	-0.417841	-0.216171	0.882428	-0.529236	0.847383	-0.043014	-0.738456	-0.484986	-0.468477
17965	11.167887	0.207477	-2.284888	0.952836	-0.670352	0.368820	-0.424710	-0.216315	0.879107	-0.534698	0.843517	-0.050763	-0.730561	-0.491617	-0.473913
17966	10.810617	0.706077	-1.957585	0.935998	-0.557407	0.335449	-0.430617	-0.216228	0.876250	-0.540060	0.839611	-0.058215	-0.723122	-0.498296	-0.478327
17967	10.873456	1.495915	-0.889649	0.896421	-0.395369	0.302736	-0.435079	-0.215663	0.874183	-0.545221	0.835755	-0.065172	-0.716547	-0.504978	-0.481204
17968	10.688745	3.072949	0.056317	0.972490	-0.265354	0.201399	-0.438129	-0.215313	0.872745	-0.551270	0.831243	-0.071671	-0.710031	-0.512519	-0.482887
17969	11.074942	5.292692	0.919531	0.979569	-0.182329	0.071159	-0.439768	-0.215655	0.871835	-0.557908	0.826321	-0.077021	-0.703806	-0.520275	-0.483706
17970	13.175110	6.165000	1.557946	0.875135	-0.031044	-0.016692	-0.439945	-0.215934	0.871677	-0.564110	0.821702	-0.081158	-0.698734	-0.527427	-0.483314
17971	14.527951	5.203531	1.492991	0.787668	0.313050	-0.074872	-0.437263	-0.214888	0.873283	-0.569969	0.817333	-0.084270	-0.695655	-0.534593	-0.479869
17972	13.981005	4.610750	1.216134	0.721491	0.707070	-0.149638	-0.431544	-0.212281	0.876759	-0.575626	0.813130	-0.086450	-0.694568	-0.541992	-0.473096
17973	13.879153	4.297927	1.724786	0.634236	1.021055	-0.239799	-0.422955	-0.208663	0.881799	-0.581111	0.809133	-0.087262	-0.695284	-0.549331	-0.463483
17974	14.740232	2.817161	1.236752	0.094608	1.299576	-0.235859	-0.412568	-0.203389	0.887931	-0.582749	0.808125	-0.085659	-0.700137	-0.552781	-0.451931
17975	14.122008	0.756626	0.456527	0.110326	1.665207	-0.334810	-0.398766	-0.196860	0.895674	-0.584945	0.806805	-0.083098	-0.706276	-0.557056	-0.436879
17976	13.282802	-0.195983	-0.594686	0.138159	1.862869	-0.372724	-0.383417	-0.189424	0.903941	-0.587377	0.805311	-0.080387	-0.712727	-0.561776	-0.420034
17977	12.700841	-0.312405	-1.968170	0.336874	1.931409	-0.550960	-0.366197	-0.182938	0.912378	-0.591914	0.802343	-0.076699	-0.718009	-0.568136	-0.402100
17978	12.585902	0.418349	-2.962766	0.517369	1.982119	-0.799680	-0.347220	-0.177981	0.920740	-0.598488	0.797939	-0.071452	-0.721977	-0.575862	-0.383580
17979	12.697716	2.240172	-3.349172	0.677427	2.072225	-1.085343	-0.325521	-0.174575	0.929279	-0.607103	0.792052	-0.063869	-0.724888	-0.584959	-0.363814
17980	12.431226	3.681045	-3.972459	0.474013	2.058484	-1.262259	-0.302906	-0.172408	0.937296	-0.614512	0.787070	-0.053817	-0.728438	-0.592281	-0.344355
17981	12.348251	3.654129	-4.469454	0.066539	1.984710	-1.323434	-0.280055	-0.171013	0.944629	-0.618924	0.784354	-0.041496	-0.733827	-0.596275	-0.325506
17982	12.412730	2.319267	-5.023295	-0.513893	1.878659	-1.259366	-0.258454	-0.169686	0.951004	-0.618523	0.785268	-0.027982	-0.742045	-0.595450	-0.307910
17983	11.930807	0.386610	-5.686403	-0.971210	1.790715	-1.138927	-0.237867	-0.168039	0.956652	-0.614163	0.789053	-0.014109	-0.752478	-0.590896	-0.290893
17984	11.834443	-1.003485	-6.198522	-1.186588	1.787373	-1.036372	-0.218040	-0.165722	0.961766	-0.607532	0.794294	-0.000867	-0.763782	-0.584493	-0.273870
17985	11.506737	-2.301009	-6.222639	-1.260366	1.861691	-0.913202	-0.198020	-0.162196	0.966685	-0.599802	0.800068	0.011374	-0.775259	-0.577567	-0.255715
17986	11.082446	-2.683699	-5.029947	-1.196094	1.985169	-0.806654	-0.177770	-0.157252	0.971427	-0.591985	0.805647	0.022083	-0.786099	-0.571144	-0.236311
17987	10.901334	-1.767579	-4.141933	-1.076945	2.108226	-0.784156	-0.156312	-0.151608	0.976003	-0.584837	0.810510	0.032236	-0.795947	-0.565764	-0.215358
17988	10.188139	-0.917361	-4.631103	-0.958724	2.083420	-0.826377	-0.134888	-0.146565	0.979961	-0.578376	0.814676	0.042234	-0.804541	-0.561089	-0.194659
17989	9.680671	-0.665171	-4.458846	-0.905354	1.947521	-0.848156	-0.114109	-0.142606	0.983180	-0.572171	0.818464	0.052308	-0.812157	-0.556579	-0.174989
17990	9.675678	-0.528893	-4.243480	-0.928057	1.854310	-0.894294	-0.093949	-0.139648	0.985734	-0.565541	0.822341	0.062600	-0.819352	-0.551592	-0.156235
17991	9.654607	-0.497989	-4.438970	-0.963674	1.795248	-0.951361	-0.073684	-0.137633	0.987739	-0.558465	0.826268	0.073472	-0.826249	-0.546203	-0.137746
17992	9.549282	-0.762980	-4.717181	-0.995480	1.750331	-0.962812	-0.053878	-0.136078	0.989232	-0.550833	0.830355	0.084222	-0.832875	-0.540363	-0.119694
17993	9.483920	-0.867096	-4.828274	-0.987998	1.716808	-0.928711	-0.034314	-0.134576	0.990309	-0.543036	0.834367	0.094569	-0.839008	-0.534528	-0.101710
17994	9.172659	-0.868438	-4.871310	-1.004790	1.726113	-0.887137	-0.015054	-0.132802	0.991028	-0.534809	0.838518	0.104241	-0.844839	-0.528442	-0.083646
17995	8.690830	-0.836492	-4.883987	-1.038307	1.762029	-0.876731	0.004650	-0.130910	0.991383	-0.526105	0.842777	0.113755	-0.850407	-0.522101	-0.064954
17996	8.218253	-1.056243	-4.969837	-1.080975	1.760279	-0.891449	0.024262	-0.129291	0.991310	-0.516771	0.847221	0.123146	-0.855780	-0.515268	-0.046258
17997	7.780663	-1.419651	-4.940218	-1.146449	1.704178	-0.905344	0.043624	-0.128258	0.990781	-0.506672	0.851883	0.132586	-0.861035	-0.507785	-0.027822
17998	7.462781	-1.637118	-4.885479	-1.206250	1.613432	-0.867838	0.061855	-0.127523	0.989905	-0.495815	0.856846	0.141363	-0.866223	-0.499553	-0.010227
17999	7.047961	-1.882033	-4.934761	-1.252493	1.493692	-0.790267	0.078785	-0.126909	0.988781	-0.484425	0.862010	0.149237	-0.871278	-0.490748	0.006435
18000	6.553358	-2.215678	-4.900381	-1.246019	1.337338	-0.674905	0.093648	-0.126218	0.987572	-0.472977	0.867211	0.155686	-0.876084	-0.481679	0.021514
18001	5.863251	-2.496065	-5.164146	-1.190013	1.168054	-0.529809	0.106441	-0.125239	0.986400	-0.462041	0.872197	0.160598	-0.880448	-0.472851	0.034972
18002	5.712520	-2.622042	-4.653802	-1.057605	1.000061	-0.386884	0.116982	-0.123908	0.985374	-0.452299	0.876670	0.163936	-0.884161	-0.464861	0.046511
