// General information: 
//  MT Manager version: 2022.2.0 
//  XDA version: 2022.2.0 build 7381 rev 124627 built on 2023-07-19
// Device information: 
//  DeviceId: 00B4CAF0
//  ProductCode: MTW2-3A7G6
//  Firmware Version: 4.6.0
//  Hardware Version: 2.0.0
// Device settings: 
//  Filter Profile: human(46.1)
//  Option Flags: Orientation Smoother Disabled, Position/Velocity Smoother Disabled, Continuous Zero Rotation Update Disabled, AHS Disabled, ICC Disabled
// Coordinate system: ENU
PacketCounter	Acc_X	Acc_Y	Acc_Z	Gyr_X	Gyr_Y	Gyr_Z	Mat[1][1]	Mat[2][1]	Mat[3][1]	Mat[1][2]	Mat[2][2]	Mat[3][2]	Mat[1][3]	Mat[2][3]	Mat[3][3]
01562	5.511076	0.049835	8.683658	0.012167	-0.000134	0.002863	-0.801618	-0.242478	0.546454	0.296509	-0.954964	0.011216	0.519125	0.171019	0.837414
01563	5.529006	0.043100	8.627223	0.009994	0.002537	-0.002857	-0.801655	-0.242440	0.546417	0.296494	-0.954968	0.011279	0.519077	0.171051	0.837437
01564	5.520884	0.012610	8.671342	0.008092	0.003120	-0.001394	-0.801674	-0.242401	0.546407	0.296482	-0.954971	0.011340	0.519054	0.171091	0.837443
01565	5.509538	0.050440	8.641802	0.007865	0.002929	0.001239	-0.801700	-0.242402	0.546368	0.296488	-0.954969	0.011363	0.519010	0.171101	0.837468
01566	5.513863	0.030587	8.614608	0.008813	0.003862	0.000492	-0.801718	-0.242382	0.546351	0.296495	-0.954966	0.011419	0.518979	0.171146	0.837478
01567	5.546725	0.040444	8.613744	0.011432	0.006470	0.000884	-0.801764	-0.242384	0.546282	0.296515	-0.954959	0.011474	0.518896	0.171180	0.837523
01568	5.513926	0.034264	8.657380	0.010488	0.003087	0.001661	-0.801774	-0.242373	0.546273	0.296539	-0.954951	0.011538	0.518867	0.171243	0.837528
01569	5.532547	0.029327	8.643338	0.007367	0.004824	-0.003312	-0.801823	-0.242335	0.546217	0.296508	-0.954960	0.011582	0.518809	0.171244	0.837564
01570	5.507693	0.054543	8.642953	0.010716	0.003277	-0.000974	-0.801842	-0.242300	0.546206	0.296513	-0.954958	0.011663	0.518777	0.171308	0.837570
01571	5.531643	0.031046	8.643911	0.007130	0.009532	-0.000741	-0.801908	-0.242293	0.546111	0.296499	-0.954962	0.011690	0.518682	0.171296	0.837631
01572	5.516650	0.016981	8.631215	0.008088	0.005566	-0.001428	-0.801940	-0.242258	0.546080	0.296487	-0.954965	0.011751	0.518640	0.171329	0.837651
01573	5.544728	0.047529	8.657818	0.013330	0.008333	-0.000614	-0.802000	-0.242249	0.545996	0.296504	-0.954958	0.011830	0.518537	0.171378	0.837705
01574	5.496368	0.024806	8.646298	0.010707	0.008173	-0.001038	-0.802044	-0.242221	0.545943	0.296509	-0.954956	0.011911	0.518466	0.171430	0.837738
01575	5.529074	0.034813	8.645540	0.010711	0.005723	-0.001007	-0.802091	-0.242207	0.545880	0.296513	-0.954954	0.011971	0.518391	0.171462	0.837778
01576	5.503966	0.060090	8.645290	0.008312	0.008202	-0.004096	-0.802145	-0.242150	0.545827	0.296480	-0.954963	0.012048	0.518327	0.171491	0.837811
01577	5.514471	0.023913	8.675397	0.012157	0.004760	0.002795	-0.802175	-0.242170	0.545773	0.296523	-0.954949	0.012099	0.518256	0.171540	0.837846
01578	5.513156	0.022865	8.633434	0.009991	0.004978	-0.002895	-0.802208	-0.242119	0.545747	0.296509	-0.954952	0.012184	0.518213	0.171593	0.837861
01579	5.527004	0.038946	8.646846	0.016186	0.006227	-0.002800	-0.802263	-0.242088	0.545680	0.296526	-0.954946	0.012299	0.518118	0.171675	0.837903
01580	5.487608	0.049793	8.633442	0.011660	0.006652	-0.001759	-0.802302	-0.242050	0.545641	0.296529	-0.954943	0.012391	0.518056	0.171740	0.837928
01581	5.526008	0.041402	8.647471	0.010945	0.003459	-0.003613	-0.802343	-0.242011	0.545597	0.296519	-0.954946	0.012467	0.517998	0.171782	0.837955
01582	5.520039	0.061067	8.632854	0.011660	0.006651	-0.001761	-0.802382	-0.241974	0.545557	0.296522	-0.954943	0.012560	0.517937	0.171847	0.837980
01583	5.491706	0.034829	8.649225	0.016186	0.006223	-0.002805	-0.802437	-0.241940	0.545490	0.296536	-0.954937	0.012675	0.517843	0.171928	0.838021
01584	5.510988	0.032593	8.677582	0.012118	0.007025	-0.007032	-0.802493	-0.241853	0.545447	0.296500	-0.954947	0.012800	0.517777	0.171997	0.838048
01585	5.514226	0.011500	8.608366	0.017859	0.005448	-0.001637	-0.802540	-0.241833	0.545387	0.296536	-0.954934	0.012923	0.517683	0.172098	0.838085
01586	5.532207	0.081927	8.647286	0.015695	0.005663	-0.007328	-0.802590	-0.241741	0.545354	0.296516	-0.954938	0.013080	0.517618	0.172204	0.838104
01587	5.517267	0.068673	8.634569	0.013558	0.008510	-0.003266	-0.802657	-0.241710	0.545269	0.296517	-0.954937	0.013176	0.517512	0.172257	0.838158
01588	5.522204	0.051417	8.649847	0.010220	0.005158	-0.005539	-0.802699	-0.241634	0.545241	0.296483	-0.954946	0.013277	0.517467	0.172312	0.838174
01589	5.493877	0.025067	8.666229	0.012609	0.007577	-0.002519	-0.802760	-0.241608	0.545163	0.296484	-0.954944	0.013360	0.517372	0.172357	0.838224
01590	5.521069	0.054225	8.650554	0.018318	0.005816	-0.006912	-0.802809	-0.241520	0.545129	0.296480	-0.954943	0.013537	0.517298	0.172488	0.838243
01591	5.500701	0.059681	8.622866	0.016185	0.006216	-0.002816	-0.802863	-0.241490	0.545063	0.296500	-0.954935	0.013652	0.517203	0.172572	0.838284
01592	5.495397	0.081638	8.650563	0.010935	0.008347	-0.003694	-0.802916	-0.241438	0.545009	0.296484	-0.954939	0.013750	0.517130	0.172626	0.838318
01593	5.505074	0.043845	8.638509	0.013798	0.003793	-0.005837	-0.802966	-0.241373	0.544963	0.296465	-0.954943	0.013861	0.517063	0.172693	0.838346
01594	5.530114	0.023165	8.681654	0.013798	0.003792	-0.005839	-0.803002	-0.241292	0.544946	0.296447	-0.954947	0.013994	0.517018	0.172785	0.838354
01595	5.476675	0.019358	8.654943	0.015471	0.003019	-0.004669	-0.803044	-0.241240	0.544907	0.296449	-0.954945	0.014114	0.516951	0.172871	0.838378
01596	5.523122	0.042981	8.624877	0.021666	0.004263	-0.004581	-0.803079	-0.241172	0.544886	0.296481	-0.954932	0.014306	0.516879	0.173037	0.838388
01597	5.490401	0.038162	8.668384	0.019279	0.001840	-0.007602	-0.803125	-0.241085	0.544856	0.296474	-0.954931	0.014473	0.516811	0.173160	0.838404
01598	5.545625	0.095533	8.636442	0.025238	0.005347	-0.004918	-0.803166	-0.241016	0.544827	0.296522	-0.954913	0.014697	0.516720	0.173357	0.838420
01599	5.523132	0.051924	8.667597	0.022856	0.000475	-0.007901	-0.803207	-0.240920	0.544809	0.296526	-0.954909	0.014896	0.516654	0.173515	0.838428
01600	5.503102	0.057655	8.639684	0.018813	0.003915	-0.002375	-0.803233	-0.240872	0.544791	0.296561	-0.954895	0.015052	0.516593	0.173655	0.838437
01601	5.531279	0.089323	8.666086	0.020941	0.005955	-0.006516	-0.803295	-0.240809	0.544727	0.296579	-0.954887	0.015228	0.516486	0.173787	0.838475
01602	5.502930	0.063774	8.682521	0.014971	0.007340	-0.009278	-0.803359	-0.240701	0.544680	0.296539	-0.954897	0.015389	0.516409	0.173882	0.838502
01603	5.510367	0.096705	8.638706	0.016421	0.003937	-0.005435	-0.803410	-0.240639	0.544634	0.296535	-0.954896	0.015521	0.516333	0.173972	0.838530
01604	5.514684	0.077820	8.611674	0.017370	0.004865	-0.006189	-0.803452	-0.240557	0.544608	0.296532	-0.954894	0.015686	0.516269	0.174096	0.838544
01605	5.520550	0.063396	8.669166	0.016645	0.006564	-0.008114	-0.803524	-0.240472	0.544539	0.296506	-0.954900	0.015834	0.516172	0.174182	0.838586
01606	5.509021	0.102150	8.639502	0.016421	0.003933	-0.005440	-0.803559	-0.240395	0.544521	0.296504	-0.954898	0.015987	0.516118	0.174299	0.838595
01607	5.480712	0.076250	8.655930	0.016178	0.008646	-0.002884	-0.803626	-0.240365	0.544435	0.296518	-0.954892	0.016103	0.516006	0.174375	0.838648
01608	5.499110	0.071920	8.642118	0.012843	0.005293	-0.005147	-0.803668	-0.240293	0.544406	0.296500	-0.954895	0.016224	0.515952	0.174455	0.838665
01609	5.512185	0.086032	8.613196	0.013799	0.003773	-0.005861	-0.803719	-0.240225	0.544360	0.296476	-0.954900	0.016336	0.515886	0.174520	0.838692
01610	5.498310	0.074910	8.642602	0.013074	0.005471	-0.007786	-0.803769	-0.240128	0.544329	0.296438	-0.954910	0.016474	0.515830	0.174601	0.838710
01611	5.544640	0.098151	8.612581	0.014517	0.004519	-0.003980	-0.803817	-0.240082	0.544278	0.296438	-0.954908	0.016582	0.515755	0.174673	0.838741
01612	5.517202	0.074224	8.671211	0.011888	0.006809	-0.004439	-0.803864	-0.240020	0.544236	0.296420	-0.954912	0.016691	0.515691	0.174740	0.838766
01613	5.502390	0.060674	8.658482	0.012843	0.005289	-0.005153	-0.803920	-0.239964	0.544179	0.296401	-0.954916	0.016791	0.515616	0.174794	0.838801
01614	5.491583	0.101349	8.671045	0.014741	0.007143	-0.006661	-0.803975	-0.239881	0.544134	0.296381	-0.954920	0.016937	0.515541	0.174887	0.838828
01615	5.496543	0.084397	8.686390	0.013561	0.006035	-0.003272	-0.804029	-0.239844	0.544070	0.296381	-0.954918	0.017033	0.515457	0.174947	0.838867
01616	5.515118	0.080105	8.672485	0.014030	0.003945	-0.008506	-0.804073	-0.239738	0.544052	0.296342	-0.954927	0.017182	0.515411	0.175041	0.838876
01617	5.499540	0.064792	8.617520	0.017595	0.007475	-0.008887	-0.804151	-0.239650	0.543975	0.296317	-0.954932	0.017343	0.515303	0.175135	0.838922
01618	5.494074	0.087536	8.645177	0.016870	0.009171	-0.010814	-0.804229	-0.239531	0.543912	0.296274	-0.954942	0.017529	0.515206	0.175244	0.838959
01619	5.502889	0.125028	8.685862	0.017132	0.007116	-0.003616	-0.804289	-0.239493	0.543840	0.296290	-0.954935	0.017657	0.515103	0.175336	0.839003
01620	5.507013	0.105970	8.659031	0.014741	0.007135	-0.006672	-0.804345	-0.239410	0.543795	0.296269	-0.954938	0.017802	0.515028	0.175429	0.839029
01621	5.506313	0.107636	8.659455	0.014017	0.008831	-0.008599	-0.804429	-0.239326	0.543707	0.296227	-0.954949	0.017931	0.514921	0.175485	0.839083
01622	5.519961	0.124091	8.672871	0.012843	0.005280	-0.005164	-0.804470	-0.239254	0.543678	0.296208	-0.954953	0.018053	0.514867	0.175565	0.839100
01623	5.505099	0.110433	8.660192	0.008540	0.008339	-0.006797	-0.804546	-0.239188	0.543595	0.296154	-0.954968	0.018126	0.514780	0.175571	0.839152
01624	5.471140	0.102610	8.661711	0.012119	0.006975	-0.007093	-0.804602	-0.239100	0.543551	0.296117	-0.954977	0.018252	0.514715	0.175640	0.839178
01625	5.500910	0.061434	8.677810	0.013091	0.000562	-0.007717	-0.804639	-0.239013	0.543533	0.296081	-0.954986	0.018368	0.514676	0.175709	0.839187
01626	5.439744	0.026486	8.695132	0.014988	0.002413	-0.009230	-0.804678	-0.238898	0.543527	0.296041	-0.954996	0.018530	0.514639	0.175816	0.839187
01627	5.496056	0.085939	8.705018	0.021205	-0.003688	-0.009022	-0.804697	-0.238793	0.543544	0.296039	-0.954992	0.018721	0.514610	0.175975	0.839172
01628	5.463097	0.079500	8.705901	0.028355	-0.003972	-0.009662	-0.804704	-0.238662	0.543592	0.296064	-0.954979	0.018997	0.514585	0.176225	0.839135
01629	5.463834	0.082349	8.705412	0.024091	-0.013147	-0.011073	-0.804683	-0.238514	0.543688	0.296052	-0.954978	0.019224	0.514625	0.176429	0.839067
01630	5.427249	0.097007	8.732760	0.028875	-0.020755	-0.014636	-0.804618	-0.238306	0.543875	0.296040	-0.954976	0.019532	0.514733	0.176724	0.838939
01631	5.487289	0.085378	8.731126	0.032480	-0.029466	-0.014807	-0.804522	-0.238097	0.544108	0.296045	-0.954968	0.019849	0.514880	0.177050	0.838780
01632	5.429068	0.051964	8.746711	0.025116	-0.034259	-0.011444	-0.804379	-0.237895	0.544409	0.296040	-0.954964	0.020108	0.515107	0.177341	0.838579
01633	5.385286	0.108427	8.826998	0.032558	-0.051511	-0.014427	-0.804168	-0.237652	0.544826	0.296050	-0.954954	0.020424	0.515430	0.177720	0.838300
01634	5.263582	0.210952	9.032199	0.013829	-0.077447	-0.011604	-0.803802	-0.237371	0.545489	0.295985	-0.954971	0.020589	0.516038	0.178006	0.837865
01635	5.240048	0.202711	9.027726	-0.003323	-0.138640	-0.004392	-0.803112	-0.237062	0.546637	0.295884	-0.955003	0.020550	0.517168	0.178245	0.837118
01636	5.257115	0.132137	9.051499	-0.012701	-0.182539	-0.006153	-0.802184	-0.236646	0.548179	0.295726	-0.955054	0.020463	0.518697	0.178526	0.836111
01637	5.243821	0.050035	9.032129	-0.004443	-0.223734	-0.007101	-0.801056	-0.236161	0.550034	0.295601	-0.955093	0.020430	0.520509	0.178956	0.834892
01638	5.263178	-0.000898	9.036287	0.010482	-0.270817	-0.013325	-0.799681	-0.235516	0.552306	0.295506	-0.955119	0.020577	0.522672	0.179665	0.833387
01639	5.269686	0.005595	8.992878	0.036349	-0.319538	-0.023411	-0.798091	-0.234699	0.554949	0.295463	-0.955124	0.020974	0.525122	0.180706	0.831620
01640	5.228423	-0.034576	9.064535	0.072276	-0.370904	-0.042902	-0.796263	-0.233584	0.558036	0.295458	-0.955107	0.021799	0.527892	0.182234	0.829530
01641	5.239898	0.026269	9.154094	0.107498	-0.450467	-0.061434	-0.794074	-0.232152	0.561740	0.295490	-0.955069	0.022999	0.531161	0.184252	0.826994
01642	5.264420	-0.126600	9.209703	0.132634	-0.535674	-0.081078	-0.791456	-0.230352	0.566158	0.295511	-0.955024	0.024538	0.535042	0.186727	0.823931
01643	5.242482	0.013820	9.358854	0.162528	-0.636642	-0.102132	-0.788352	-0.228163	0.571352	0.295532	-0.954967	0.026421	0.539594	0.189682	0.820280
01644	5.308529	-0.037529	9.312760	0.166974	-0.744134	-0.119618	-0.784668	-0.225564	0.577422	0.295454	-0.954933	0.028461	0.544980	0.192934	0.815949
01645	5.383412	0.086127	9.193199	0.181177	-0.835272	-0.141590	-0.780524	-0.222573	0.584161	0.295295	-0.954912	0.030724	0.550984	0.196480	0.811056
01646	5.494273	0.117453	9.100057	0.180358	-0.930107	-0.161882	-0.775844	-0.219149	0.591642	0.294991	-0.954926	0.033121	0.557716	0.200226	0.805520
01647	5.565175	0.178263	8.974331	0.210095	-1.007512	-0.187629	-0.770756	-0.215309	0.599648	0.294679	-0.954922	0.035891	0.564889	0.204367	0.799459
01648	5.706267	0.260272	8.836412	0.210247	-1.073148	-0.207049	-0.765260	-0.211084	0.608129	0.294241	-0.954943	0.038804	0.572538	0.208632	0.792889
01649	5.924456	0.271227	8.690515	0.202615	-1.122194	-0.224348	-0.759466	-0.206563	0.616882	0.293653	-0.955000	0.041746	0.580499	0.212854	0.785948
01650	5.958503	0.069068	8.447716	0.215746	-1.163153	-0.255169	-0.753412	-0.201592	0.625884	0.292940	-0.955071	0.045009	0.588690	0.217257	0.778616
01651	6.138320	0.144239	8.263200	0.225300	-1.208568	-0.286364	-0.747102	-0.196188	0.635098	0.292078	-0.955162	0.048530	0.597100	0.221755	0.770906
01652	6.254109	0.043664	8.253402	0.245731	-1.238118	-0.315604	-0.740574	-0.190366	0.644447	0.291164	-0.955236	0.052424	0.605619	0.226464	0.762850
01653	6.278621	-0.016261	8.379708	0.213012	-1.300816	-0.364056	-0.733712	-0.183897	0.654101	0.289731	-0.955446	0.056375	0.614591	0.230877	0.754303
01654	6.301720	-0.464634	8.481524	0.219453	-1.383426	-0.426788	-0.726373	-0.176560	0.664235	0.287930	-0.955718	0.060826	0.624082	0.235435	0.745045
01655	6.574767	-0.101975	8.608123	0.182040	-1.507583	-0.487023	-0.718301	-0.168307	0.675068	0.285507	-0.956142	0.065407	0.634452	0.239718	0.734851
01656	7.407266	-0.506984	8.182127	0.123780	-1.546432	-0.552376	-0.709971	-0.159255	0.685988	0.282309	-0.956762	0.070062	0.645169	0.243403	0.724232
01657	7.554187	-0.271731	7.859845	0.182280	-1.482060	-0.594501	-0.702021	-0.149915	0.696198	0.279247	-0.957250	0.075455	0.655124	0.247383	0.713873
01658	7.456149	-0.032384	7.735542	0.137253	-1.435782	-0.639624	-0.694315	-0.140180	0.705887	0.275642	-0.957849	0.080907	0.664791	0.250747	0.703689
01659	7.510679	0.007498	7.688206	0.066958	-1.375802	-0.676951	-0.686974	-0.130215	0.714920	0.271364	-0.958613	0.086156	0.674113	0.253190	0.693878
01660	7.595340	0.161252	7.506650	0.019069	-1.348014	-0.716297	-0.679746	-0.119886	0.723583	0.266553	-0.959473	0.091435	0.683297	0.255026	0.684155
01661	8.016036	0.395419	7.299998	-0.067826	-1.308924	-0.746926	-0.672731	-0.109364	0.731760	0.260985	-0.960520	0.096379	0.692330	0.255816	0.674713
01662	7.853537	0.557279	6.963308	-0.130733	-1.189177	-0.772216	-0.666434	-0.098867	0.738980	0.254858	-0.961670	0.101179	0.700652	0.255764	0.666087
01663	7.709422	0.809758	6.737226	-0.254162	-1.129283	-0.784384	-0.660463	-0.088430	0.745633	0.247812	-0.963070	0.105288	0.708786	0.254316	0.657987
01664	7.768703	0.752255	6.579629	-0.340711	-1.042366	-0.784987	-0.654944	-0.078192	0.751621	0.240175	-0.964598	0.108934	0.716495	0.251866	0.650537
01665	7.610484	0.597887	6.444521	-0.350997	-0.954452	-0.792005	-0.649959	-0.068149	0.756908	0.232429	-0.966073	0.112606	0.723554	0.249116	0.643747
01666	7.350170	0.666875	6.474561	-0.341965	-0.848393	-0.774623	-0.645557	-0.058525	0.761466	0.224880	-0.967422	0.116295	0.729853	0.246313	0.637687
01667	6.769301	0.545431	6.849119	-0.335895	-0.730422	-0.735726	-0.641849	-0.049608	0.765225	0.217631	-0.968658	0.119747	0.735300	0.243396	0.632528
01668	6.136875	0.228328	7.425965	-0.331111	-0.571396	-0.630859	-0.638979	-0.042078	0.768072	0.211103	-0.969758	0.122495	0.739690	0.240414	0.628538
01669	5.304848	-0.682334	7.771832	-0.272545	-0.401947	-0.444233	-0.636942	-0.036801	0.770032	0.206196	-0.970600	0.124171	0.742824	0.237867	0.625805
01670	4.850289	-1.917864	8.285156	-0.165067	-0.248720	-0.126081	-0.635343	-0.034954	0.771439	0.204120	-0.971047	0.124111	0.744765	0.236319	0.624082
01671	4.670532	-3.113391	8.582887	0.010774	-0.062491	0.344811	-0.634188	-0.038152	0.772237	0.206335	-0.970911	0.121482	0.745139	0.236382	0.623612
01672	4.574097	-3.891717	8.870729	0.224102	0.132000	0.877933	-0.633319	-0.046952	0.772465	0.213521	-0.970015	0.116100	0.743852	0.238466	0.624354
01673	4.651619	-3.538412	9.316023	0.415844	0.323870	1.363891	-0.632753	-0.060951	0.771951	0.225188	-0.968297	0.108129	0.740887	0.242253	0.626418
01674	4.751156	-2.536028	9.721595	0.502026	0.559893	1.671212	-0.632998	-0.078449	0.770168	0.239427	-0.965916	0.098396	0.736198	0.246684	0.630206
01675	4.273533	-1.577990	9.805521	0.507404	0.809239	1.787403	-0.634542	-0.097709	0.766687	0.254421	-0.963097	0.087829	0.729812	0.250793	0.635985
01676	3.751591	-0.636833	9.754069	0.449690	0.998038	1.742573	-0.637224	-0.116951	0.761753	0.268721	-0.960104	0.077387	0.722312	0.254012	0.643229
01677	3.656493	0.133820	9.802114	0.313397	1.124061	1.611172	-0.640899	-0.135271	0.755612	0.281216	-0.957292	0.067147	0.714259	0.255525	0.651568
01678	4.017882	0.441857	9.889863	0.136552	1.255046	1.430455	-0.645710	-0.152119	0.748277	0.291343	-0.954902	0.057285	0.705817	0.254995	0.660908
01679	4.349000	0.420420	10.042788	-0.018694	1.418603	1.231242	-0.652058	-0.167475	0.739441	0.299151	-0.953000	0.047956	0.696656	0.252474	0.671512
01680	4.568406	0.315788	10.098716	-0.146120	1.599231	1.016364	-0.660046	-0.181125	0.729063	0.304763	-0.951609	0.039500	0.686629	0.248264	0.683305
01681	4.823507	0.186011	10.027337	-0.267263	1.773545	0.818306	-0.669657	-0.193270	0.717082	0.308335	-0.950750	0.031693	0.675640	0.242325	0.696268
01682	4.872301	0.097534	9.857599	-0.393558	1.925524	0.638714	-0.680575	-0.203902	0.703734	0.309967	-0.950435	0.024384	0.663882	0.234729	0.710045
01683	4.953154	-0.202250	9.705299	-0.515245	2.041682	0.509293	-0.692464	-0.213453	0.689152	0.310028	-0.950574	0.017094	0.651441	0.225493	0.724415
01684	5.176314	-0.573273	9.479466	-0.618221	2.101124	0.434283	-0.704671	-0.222178	0.673851	0.309029	-0.951004	0.009604	0.638702	0.215007	0.738804
01685	5.526938	-0.834864	9.309214	-0.681250	2.145688	0.426605	-0.716960	-0.230738	0.657821	0.307710	-0.951479	0.001631	0.625526	0.203587	0.753173
01686	5.767420	-0.956806	9.239197	-0.721618	2.180407	0.472799	-0.728997	-0.239514	0.641246	0.306619	-0.951807	-0.006935	0.612003	0.191563	0.767304
01687	5.927673	-1.035841	9.079429	-0.752428	2.209787	0.544672	-0.740739	-0.248802	0.624021	0.306025	-0.951885	-0.016260	0.598042	0.178922	0.781238
01688	5.946896	-0.909989	9.027028	-0.773827	2.231177	0.603883	-0.752074	-0.258365	0.606327	0.305916	-0.951701	-0.026084	0.583781	0.165868	0.794788
01689	6.056033	-0.687555	9.002388	-0.805893	2.237459	0.647367	-0.763032	-0.268093	0.588140	0.306132	-0.951290	-0.036464	0.569268	0.152225	0.807937
01690	6.196221	-0.444555	8.934205	-0.832058	2.265373	0.663230	-0.773727	-0.277658	0.569432	0.306510	-0.950702	-0.047092	0.554436	0.138100	0.820688
01691	6.139383	-0.343080	8.765264	-0.874293	2.282254	0.672355	-0.784183	-0.287038	0.550152	0.306926	-0.949956	-0.058143	0.539309	0.123261	0.833038
01692	5.911561	-0.127434	8.605601	-0.904834	2.277847	0.649337	-0.794300	-0.295807	0.530646	0.307196	-0.949123	-0.069258	0.524136	0.108001	0.844759
01693	5.976624	0.199666	8.475139	-0.964630	2.236708	0.624843	-0.803972	-0.303977	0.511104	0.307167	-0.948221	-0.080774	0.509193	0.092055	0.855715
01694	6.212925	0.360648	8.427682	-1.049319	2.187571	0.589065	-0.813145	-0.311362	0.491782	0.306621	-0.947299	-0.092777	0.494752	0.075350	0.865761
01695	6.593465	0.426121	8.541064	-1.122609	2.136258	0.554526	-0.821898	-0.318037	0.472584	0.305643	-0.946308	-0.105281	0.480693	0.057912	0.874974
01696	7.223208	0.418735	8.617703	-1.194141	2.078551	0.518504	-0.830168	-0.323929	0.453752	0.304224	-0.945239	-0.118199	0.467192	0.039917	0.883254
01697	6.345750	-2.957621	10.226474	-1.338820	1.971980	0.536088	-0.837661	-0.329590	0.435539	0.302490	-0.943896	-0.132515	0.454779	0.020744	0.890363
01698	9.377994	-10.723906	-4.539254	2.016505	-0.041506	-0.514061	-0.839041	-0.324694	0.436559	0.307251	-0.944977	-0.112315	0.449006	0.039896	0.892637
01699	14.210098	13.623988	2.996503	1.814269	0.219974	-0.609569	-0.841928	-0.319032	0.435174	0.310166	-0.946073	-0.093503	0.441537	0.056253	0.895478
01700	22.340547	12.252152	1.291078	0.579813	-0.522747	-0.091135	-0.839897	-0.317828	0.439953	0.311926	-0.946028	-0.087937	0.444157	0.063375	0.893705
01701	18.974507	9.096971	-2.048212	0.338124	-0.743926	-0.152053	-0.837066	-0.315885	0.446695	0.312122	-0.946295	-0.084293	0.449332	0.068865	0.890707
01702	16.947749	10.133124	2.696354	0.324874	-0.725346	-0.538264	-0.835461	-0.310239	0.453604	0.309048	-0.947760	-0.079001	0.454417	0.074183	0.887695
01703	11.125591	1.689183	14.345441	-0.864800	-0.409422	-0.335654	-0.834625	-0.306746	0.457502	0.302249	-0.949416	-0.085170	0.460486	0.067195	0.885120
01704	3.771664	-6.527147	10.791962	0.400738	0.301263	-0.409492	-0.837241	-0.303034	0.455191	0.300622	-0.950402	-0.079770	0.456787	0.070054	0.886813
01705	-2.586635	-2.161278	7.444176	0.352562	-0.249262	-0.371082	-0.837223	-0.299306	0.457682	0.299087	-0.951275	-0.074986	0.457825	0.074107	0.885948
01706	3.863916	-5.032229	8.247167	-0.299706	-1.140034	-0.269004	-0.832744	-0.295868	0.467974	0.295411	-0.952310	-0.076406	0.468263	0.074618	0.880433
01707	7.365439	-2.657194	9.348739	0.460572	-0.797695	-0.268706	-0.829793	-0.292669	0.475173	0.295305	-0.952752	-0.071130	0.473539	0.081298	0.877013
01708	5.018181	-0.025430	8.763264	0.504197	-0.584466	-0.313937	-0.827941	-0.289153	0.480525	0.295056	-0.953250	-0.065232	0.476923	0.087774	0.874552
01709	3.686460	0.013491	8.564097	0.427858	-0.689948	-0.363912	-0.825718	-0.285038	0.486768	0.294055	-0.953918	-0.059775	0.481375	0.093779	0.871484
01710	5.153468	-0.484996	8.956781	0.332676	-0.825745	-0.358956	-0.822771	-0.280785	0.494174	0.292665	-0.954624	-0.055139	0.487232	0.099261	0.867613
01711	5.804683	-0.669391	9.188575	0.351416	-0.791761	-0.298336	-0.819775	-0.277110	0.501178	0.291894	-0.955109	-0.050648	0.492715	0.104770	0.863861
01712	4.994683	-0.229681	8.854189	0.329301	-0.799169	-0.241805	-0.816519	-0.273911	0.508202	0.291504	-0.955433	-0.046606	0.498319	0.110088	0.859976
01713	4.944003	-0.118368	8.950677	0.279353	-0.902764	-0.208225	-0.812608	-0.270887	0.516031	0.291166	-0.955698	-0.043180	0.504867	0.115163	0.855481
01714	6.746371	0.274481	9.677258	0.250574	-0.943700	-0.163655	-0.808286	-0.268182	0.524168	0.291071	-0.955856	-0.040207	0.511812	0.120071	0.850665
01715	13.706342	1.574704	10.732143	0.285787	-0.521009	-0.106808	-0.805933	-0.266507	0.528627	0.291633	-0.955805	-0.037251	0.515192	0.124143	0.848036
01716	1.502438	1.000261	7.893536	0.279269	-0.037942	-0.023924	-0.805806	-0.266199	0.528975	0.292835	-0.955531	-0.034772	0.514709	0.126883	0.847924
01717	7.974861	-1.309032	9.411231	-0.142971	-0.312659	-0.026594	-0.804279	-0.265530	0.531628	0.291840	-0.955794	-0.035874	0.517653	0.126298	0.846218
01718	6.193786	1.850109	9.269151	0.338404	-0.125142	0.015642	-0.803584	-0.265488	0.532699	0.293674	-0.955332	-0.033109	0.517694	0.129834	0.845657
01719	5.165342	-0.543503	8.639423	-0.042402	-0.044041	0.057511	-0.803197	-0.265961	0.533048	0.293874	-0.955246	-0.033805	0.518183	0.129497	0.845409
01720	5.550477	-0.347284	8.771540	0.093771	-0.079907	0.050975	-0.802631	-0.266312	0.533724	0.294726	-0.955001	-0.033299	0.518575	0.130575	0.845003
01721	5.590340	-0.405443	8.754075	0.096451	-0.077311	0.041700	-0.802116	-0.266589	0.534359	0.295518	-0.954776	-0.032737	0.518921	0.131653	0.844623
01722	5.538648	-0.311692	8.679163	0.095187	-0.064122	0.037806	-0.801670	-0.266834	0.534906	0.296272	-0.954562	-0.032151	0.519180	0.132703	0.844300
01723	5.586947	-0.335861	8.704406	0.086966	-0.055276	0.031815	-0.801298	-0.267044	0.535358	0.296935	-0.954374	-0.031617	0.519375	0.133632	0.844033
01724	5.562691	-0.357867	8.716624	0.072977	-0.049641	0.030092	-0.800950	-0.267234	0.535785	0.297512	-0.954209	-0.031177	0.519583	0.134431	0.843778
01725	5.561093	-0.478005	8.716670	0.059265	-0.041296	0.025790	-0.800667	-0.267404	0.536122	0.297984	-0.954072	-0.030846	0.519747	0.135058	0.843577
01726	5.558781	-0.455833	8.658279	0.058221	-0.030248	0.019365	-0.800451	-0.267517	0.536389	0.298398	-0.953955	-0.030473	0.519843	0.135665	0.843421
01727	5.490733	-0.303932	8.711368	0.054969	-0.023773	0.016968	-0.800286	-0.267626	0.536580	0.298777	-0.953847	-0.030131	0.519880	0.136204	0.843311
01728	5.526467	-0.221083	8.679991	0.043757	-0.025023	0.013210	-0.800115	-0.267687	0.536805	0.299067	-0.953765	-0.029848	0.519976	0.136659	0.843178
01729	5.518683	-0.251968	8.679569	0.027348	-0.021720	0.018159	-0.799957	-0.267810	0.536979	0.299311	-0.953692	-0.029745	0.520079	0.136929	0.843071
01730	5.501296	-0.244628	8.692833	0.026720	-0.015095	0.016242	-0.799829	-0.267913	0.537119	0.299537	-0.953625	-0.029622	0.520146	0.137195	0.842986
01731	5.506432	-0.336083	8.651493	0.007363	-0.019428	0.013715	-0.799696	-0.267997	0.537275	0.299642	-0.953591	-0.029663	0.520290	0.137269	0.842885
01732	5.489255	-0.257547	8.677602	0.022291	-0.007360	0.017150	-0.799605	-0.268119	0.537350	0.299852	-0.953527	-0.029582	0.520309	0.137471	0.842841
01733	5.403655	-0.268050	8.650121	0.010016	-0.016856	0.014164	-0.799483	-0.268210	0.537484	0.299974	-0.953488	-0.029603	0.520425	0.137564	0.842754
01734	5.424378	-0.415148	8.736680	0.018097	-0.018647	0.012969	-0.799346	-0.268277	0.537655	0.300129	-0.953441	-0.029535	0.520546	0.137757	0.842647
01735	5.373932	-0.346323	8.678010	0.006870	-0.039157	0.006737	-0.799131	-0.268267	0.537980	0.300175	-0.953427	-0.029543	0.520850	0.137879	0.842440
01736	5.415539	-0.358153	8.647214	0.004841	-0.048373	0.008185	-0.798853	-0.268247	0.538402	0.300223	-0.953411	-0.029561	0.521248	0.138025	0.842169
01737	5.443363	-0.453709	8.674568	0.024137	-0.048947	0.010693	-0.798575	-0.268261	0.538808	0.300391	-0.953362	-0.029445	0.521578	0.138339	0.841914
01738	5.476986	-0.352681	8.669436	0.034147	-0.048925	0.017694	-0.798265	-0.268331	0.539232	0.300667	-0.953280	-0.029268	0.521893	0.138766	0.841648
01739	5.457334	-0.325005	8.666753	0.046088	-0.046968	0.013617	-0.797988	-0.268375	0.539620	0.300973	-0.953192	-0.028983	0.522140	0.139283	0.841410
01740	5.399117	-0.428024	8.709946	0.050096	-0.050356	0.017820	-0.797670	-0.268443	0.540056	0.301334	-0.953087	-0.028672	0.522418	0.139866	0.841141
01741	5.451538	-0.401756	8.720386	0.071119	-0.046882	0.021427	-0.797370	-0.268561	0.540441	0.301833	-0.952943	-0.028219	0.522588	0.140622	0.840908
01742	5.477153	-0.424557	8.591540	0.076605	-0.046402	0.019708	-0.797066	-0.268652	0.540843	0.302348	-0.952795	-0.027696	0.522753	0.141447	0.840667
01743	5.529005	-0.396013	8.602316	0.097447	-0.038264	0.016201	-0.796826	-0.268732	0.541157	0.302943	-0.952626	-0.026994	0.522775	0.142430	0.840488
01744	5.575094	-0.347379	8.599129	0.098581	-0.025142	0.015375	-0.796647	-0.268811	0.541382	0.303538	-0.952457	-0.026264	0.522703	0.143407	0.840367
01745	5.591516	-0.325802	8.611795	0.093706	-0.015411	0.011791	-0.796540	-0.268880	0.541505	0.304078	-0.952304	-0.025569	0.522553	0.144293	0.840309
01746	5.526289	-0.333680	8.655183	0.086119	-0.013171	0.017442	-0.796417	-0.268996	0.541629	0.304624	-0.952146	-0.024955	0.522422	0.145119	0.840247
01747	5.537009	-0.293953	8.653766	0.086663	-0.007825	0.012198	-0.796348	-0.269080	0.541688	0.305130	-0.952000	-0.024322	0.522232	0.145917	0.840227
01748	5.518754	-0.352079	8.698099	0.082583	-0.009371	0.007979	-0.796273	-0.269111	0.541782	0.305582	-0.951871	-0.023686	0.522081	0.146698	0.840185
01749	5.481997	-0.334796	8.683536	0.066309	-0.029921	-0.001634	-0.796131	-0.269031	0.542031	0.305872	-0.951791	-0.023149	0.522129	0.147362	0.840039
01750	5.509737	-0.281817	8.693972	0.061363	-0.041939	-0.007642	-0.795934	-0.268865	0.542402	0.306088	-0.951735	-0.022607	0.522301	0.148029	0.839815
01751	5.507599	-0.329437	8.665428	0.059703	-0.041148	-0.008832	-0.795755	-0.268699	0.542747	0.306286	-0.951683	-0.022087	0.522458	0.148660	0.839606
01752	5.562752	-0.394210	8.636387	0.058975	-0.041866	-0.010725	-0.795568	-0.268503	0.543118	0.306466	-0.951638	-0.021548	0.522637	0.149304	0.839380
01753	5.569471	-0.408377	8.607332	0.065966	-0.018210	-0.015930	-0.795531	-0.268304	0.543271	0.306641	-0.951595	-0.020937	0.522592	0.149933	0.839296
01754	5.561118	-0.363477	8.577438	0.072919	-0.013895	-0.023593	-0.795529	-0.268027	0.543410	0.306791	-0.951562	-0.020211	0.522506	0.150634	0.839224
01755	5.519192	-0.395507	8.621852	0.075510	0.000652	-0.020707	-0.795605	-0.267810	0.543406	0.306977	-0.951517	-0.019494	0.522281	0.151303	0.839244
01756	5.547481	-0.360849	8.606829	0.075148	0.009948	-0.025272	-0.795734	-0.267553	0.543344	0.307125	-0.951485	-0.018741	0.521998	0.151962	0.839301
01757	5.527697	-0.346569	8.622036	0.079734	0.014359	-0.026343	-0.795898	-0.267304	0.543226	0.307288	-0.951447	-0.017958	0.521651	0.152634	0.839394
01758	5.544946	-0.344153	8.609146	0.082960	0.024699	-0.031218	-0.796122	-0.267013	0.543041	0.307429	-0.951417	-0.017107	0.521226	0.153328	0.839532
01759	5.529538	-0.204588	8.620416	0.087545	0.029099	-0.032306	-0.796382	-0.266729	0.542800	0.307584	-0.951383	-0.016226	0.520738	0.154035	0.839705
01760	5.545263	-0.274176	8.596595	0.078708	0.027768	-0.032918	-0.796627	-0.266428	0.542589	0.307689	-0.951362	-0.015401	0.520302	0.154680	0.839857
01761	5.514682	-0.290618	8.656565	0.081694	0.037867	-0.035225	-0.796941	-0.266130	0.542273	0.307789	-0.951343	-0.014553	0.519761	0.155308	0.840076
01762	5.464064	-0.301916	8.688767	0.088112	0.036782	-0.037708	-0.797247	-0.265797	0.541986	0.307903	-0.951320	-0.013623	0.519224	0.156019	0.840277
01763	5.526543	-0.279259	8.604739	0.089550	0.038117	-0.043683	-0.797588	-0.265420	0.541669	0.307976	-0.951310	-0.012663	0.518657	0.156721	0.840496
01764	5.451719	-0.193763	8.605362	0.097720	0.043545	-0.045109	-0.797952	-0.265028	0.541326	0.308079	-0.951290	-0.011612	0.518035	0.157505	0.840733
01765	5.438775	-0.286981	8.640522	0.083329	0.036806	-0.053576	-0.798316	-0.264555	0.541020	0.308039	-0.951314	-0.010651	0.517497	0.158152	0.840942
01766	5.433583	-0.322817	8.785617	0.091293	0.025125	-0.054775	-0.798614	-0.264043	0.540831	0.308031	-0.951328	-0.009602	0.517043	0.158925	0.841077
01767	5.371681	-0.373515	8.649795	0.072920	0.024170	-0.067486	-0.798955	-0.263418	0.540631	0.307825	-0.951404	-0.008653	0.516638	0.159506	0.841215
01768	5.270238	-0.599703	8.705599	0.111533	0.003389	-0.074940	-0.799202	-0.262679	0.540625	0.307759	-0.951436	-0.007325	0.516294	0.160528	0.841232
01769	5.391591	-0.419594	8.753167	0.132912	-0.002697	-0.086388	-0.799463	-0.261831	0.540651	0.307710	-0.951463	-0.005770	0.515920	0.161751	0.841227
01770	5.296861	-0.231821	8.718367	0.161824	-0.018445	-0.093859	-0.799656	-0.260877	0.540827	0.307752	-0.951459	-0.003916	0.515596	0.163309	0.841125
01771	5.291316	-0.102902	8.696870	0.159358	-0.074292	-0.101336	-0.799593	-0.259769	0.541452	0.307719	-0.951475	-0.002058	0.515713	0.164970	0.840729
01772	5.553680	0.116828	8.776833	0.148275	-0.087565	-0.097789	-0.799442	-0.258662	0.542206	0.307659	-0.951497	-0.000297	0.515984	0.166577	0.840246
01773	5.628352	-0.063525	8.781221	0.143332	-0.080421	-0.101543	-0.799348	-0.257540	0.542878	0.307543	-0.951533	0.001428	0.516199	0.168100	0.839810
01774	5.400924	-0.463367	8.776091	0.151565	-0.063011	-0.113090	-0.799369	-0.256326	0.543421	0.307378	-0.951582	0.003300	0.516263	0.169674	0.839454
01775	5.240160	-0.632475	8.673316	0.213365	-0.110331	-0.133536	-0.799219	-0.254846	0.544337	0.307368	-0.951573	0.005787	0.516502	0.171937	0.838846
01776	5.210972	-0.202163	8.857440	0.286284	-0.142158	-0.148446	-0.798940	-0.253155	0.545535	0.307618	-0.951468	0.008981	0.516785	0.174992	0.838040
01777	5.407826	-0.108391	8.898590	0.300381	-0.170509	-0.159586	-0.798558	-0.251314	0.546942	0.307851	-0.951354	0.012338	0.517235	0.178230	0.837079
01778	5.370691	-0.223837	8.801209	0.343594	-0.197481	-0.169154	-0.798056	-0.249318	0.548586	0.308236	-0.951173	0.016125	0.517780	0.181963	0.835939
01779	5.019799	-0.145988	9.122588	0.337803	-0.226520	-0.206588	-0.797529	-0.246915	0.550437	0.308294	-0.951080	0.020051	0.518559	0.185687	0.834636
01780	5.317861	-0.419304	9.025911	0.335684	-0.288961	-0.246462	-0.796787	-0.243997	0.552808	0.308029	-0.951069	0.024195	0.519855	0.189559	0.832958
01781	4.684522	0.150935	9.910761	0.372471	-0.352337	-0.253605	-0.795743	-0.240889	0.555667	0.307904	-0.950986	0.028668	0.521526	0.193905	0.830910
01782	5.599020	0.608084	9.276903	0.329289	-0.426111	-0.278376	-0.794371	-0.237374	0.559132	0.307369	-0.951020	0.032938	0.523927	0.198025	0.828424
01783	5.716104	0.093798	8.684756	0.236843	-0.440522	-0.319139	-0.793045	-0.233439	0.562659	0.306035	-0.951314	0.036657	0.526709	0.201264	0.825876
01784	5.866870	0.820244	8.836586	0.227424	-0.457435	-0.369913	-0.791757	-0.228959	0.566303	0.304262	-0.951723	0.040607	0.529666	0.204455	0.823196
01785	5.806401	0.497601	9.041874	0.184976	-0.476954	-0.394046	-0.790427	-0.224206	0.570050	0.302081	-0.952251	0.044336	0.532890	0.207246	0.820413
01786	5.689725	0.425853	9.101029	0.189516	-0.519189	-0.397402	-0.788846	-0.219304	0.574132	0.299914	-0.952751	0.048148	0.536446	0.210171	0.817346
01787	5.648302	0.698941	9.222644	0.143377	-0.587783	-0.406298	-0.786904	-0.214169	0.578717	0.297439	-0.953344	0.051630	0.540659	0.212761	0.813892
01788	5.575571	0.248791	9.224596	0.058632	-0.671006	-0.418719	-0.784496	-0.208709	0.583958	0.294424	-0.954118	0.054528	0.545784	0.214708	0.809951
01789	5.473899	0.553979	9.226728	0.046751	-0.777580	-0.441473	-0.781532	-0.202798	0.589984	0.291178	-0.954941	0.057468	0.551746	0.216703	0.805367
01790	5.525543	0.177114	9.191374	-0.029854	-0.906716	-0.489859	-0.777911	-0.196113	0.596988	0.287149	-0.955997	0.060123	0.558928	0.218195	0.799994
01791	5.210334	0.147280	9.419064	-0.058145	-1.057920	-0.573562	-0.773597	-0.188291	0.605057	0.282326	-0.957243	0.063079	0.567309	0.219621	0.793679
01792	5.149031	-0.244152	9.427533	-0.115602	-1.287682	-0.716621	-0.768224	-0.178556	0.614776	0.276095	-0.958825	0.066526	0.577584	0.220844	0.785891
01793	5.466153	-0.369459	9.277039	-0.180708	-1.489743	-0.899311	-0.761988	-0.166611	0.625791	0.268113	-0.960792	0.070664	0.589482	0.221628	0.776783
01794	5.887364	-0.781205	9.152595	-0.269575	-1.657741	-1.101697	-0.755001	-0.152305	0.637791	0.258105	-0.963160	0.075535	0.602790	0.221646	0.766497
01795	6.527363	-1.047458	8.923093	-0.283564	-1.746712	-1.271810	-0.747572	-0.136153	0.650076	0.246772	-0.965637	0.081537	0.616635	0.221376	0.755482
01796	6.769217	-1.051789	8.468956	-0.269688	-1.770143	-1.411035	-0.739925	-0.118562	0.662159	0.234551	-0.968043	0.088766	0.630474	0.220990	0.744088
01797	7.174508	-0.770823	8.597850	-0.342467	-1.826816	-1.544760	-0.731805	-0.099549	0.674204	0.220949	-0.970497	0.096529	0.644703	0.219605	0.732210
01798	7.779291	-1.303481	9.265635	-0.545226	-1.884711	-1.676171	-0.723079	-0.079120	0.686220	0.205154	-0.973192	0.103966	0.659598	0.215956	0.719926
01799	7.529940	-1.905360	8.850464	-0.361774	-1.810253	-1.824918	-0.714625	-0.057439	0.697146	0.189572	-0.975229	0.113974	0.673331	0.213608	0.707812
01800	7.196214	-0.582012	8.992961	-0.358896	-1.887307	-1.960751	-0.705332	-0.034260	0.708049	0.173162	-0.976900	0.125229	0.687403	0.210935	0.694971
01801	7.560985	-0.727315	8.726384	-0.522264	-1.929344	-2.025879	-0.695266	-0.010417	0.718677	0.155292	-0.978455	0.136051	0.701776	0.206197	0.681904
01802	7.629078	-0.232775	8.717252	-0.579638	-1.920534	-2.115243	-0.684728	0.014232	0.728659	0.136540	-0.979601	0.147442	0.715894	0.200449	0.668817
01803	7.349681	-0.593343	8.416450	-0.617937	-1.891429	-2.188772	-0.673842	0.039419	0.737823	0.117150	-0.980245	0.159362	0.729529	0.193821	0.655912
01804	7.189756	-0.114012	8.295405	-0.567885	-1.879119	-2.241580	-0.662408	0.065006	0.746317	0.097944	-0.980162	0.172307	0.742713	0.187235	0.642900
01805	6.717205	0.035872	8.358693	-0.566807	-1.847573	-2.271008	-0.650582	0.090660	0.754005	0.078731	-0.979448	0.185699	0.755344	0.180176	0.630073
01806	6.156653	0.258483	8.166238	-0.494907	-1.839709	-2.275472	-0.638141	0.116217	0.761098	0.060252	-0.977972	0.199851	0.767558	0.173391	0.617082
01807	5.879280	0.119440	8.092175	-0.500595	-1.835408	-2.208172	-0.625084	0.140911	0.767733	0.042373	-0.975994	0.213635	0.779406	0.166071	0.604108
01808	6.608853	-2.565352	8.728152	-0.502531	-1.794859	-1.737678	-0.611587	0.160800	0.774664	0.027635	-0.974189	0.224034	0.790695	0.158424	0.591358
01809	9.832787	-6.882045	8.847966	-0.098400	-1.546048	-0.405470	-0.599404	0.167170	0.782796	0.024338	-0.973690	0.226572	0.800077	0.154860	0.579565
01810	9.204506	-6.177355	10.190769	0.229953	-0.878820	0.864595	-0.592094	0.160143	0.789796	0.031287	-0.974749	0.221101	0.805261	0.155623	0.572133
01811	5.131377	-5.278977	9.296417	0.533023	-0.421798	1.698469	-0.588051	0.144230	0.795861	0.045545	-0.976507	0.210620	0.807541	0.160102	0.567667
01812	2.682204	-3.512944	8.753868	0.675763	-0.249939	2.111610	-0.584867	0.124031	0.801590	0.063343	-0.978238	0.197581	0.808652	0.166333	0.564283
01813	2.462609	-1.294066	9.098917	0.674409	-0.169124	2.246108	-0.581885	0.102314	0.806809	0.081838	-0.979653	0.183256	0.809143	0.172661	0.561672
01814	3.087585	0.335982	9.516684	0.484153	0.019349	2.228460	-0.580017	0.080467	0.810620	0.098654	-0.980846	0.167954	0.808608	0.177387	0.560969
01815	3.227404	1.103650	9.923838	0.276184	0.332537	2.096436	-0.580508	0.059281	0.812093	0.112987	-0.981833	0.152439	0.806377	0.180248	0.563264
01816	2.738520	1.563485	10.124457	0.092194	0.646806	1.847294	-0.583507	0.039999	0.811123	0.124434	-0.982589	0.137970	0.802519	0.181438	0.568370
01817	2.392574	1.883831	10.271796	-0.070559	0.918187	1.522467	-0.588925	0.023352	0.807850	0.132735	-0.983214	0.125185	0.797213	0.180955	0.575940
01818	2.686372	2.181720	10.472772	-0.253305	1.170598	1.178287	-0.596614	0.009691	0.802470	0.137662	-0.983870	0.114229	0.790633	0.178620	0.585657
01819	3.194982	2.174774	10.537907	-0.446541	1.468239	0.851648	-0.607022	-0.001302	0.794684	0.139219	-0.984708	0.104730	0.782395	0.174209	0.597921
01820	3.451501	1.741255	10.357309	-0.619378	1.771427	0.585859	-0.619970	-0.010072	0.784561	0.137952	-0.985741	0.096356	0.772403	0.167969	0.612520
01821	3.610447	1.119631	10.047468	-0.745456	2.013969	0.415750	-0.634886	-0.017499	0.772408	0.134793	-0.986919	0.088436	0.760757	0.160262	0.628940
01822	3.788809	0.374662	9.785356	-0.790939	2.189391	0.363317	-0.650906	-0.024472	0.758763	0.131116	-0.988084	0.080610	0.747750	0.151955	0.646359
01823	4.347400	-0.219132	9.658572	-0.766942	2.316345	0.424019	-0.667559	-0.032108	0.743865	0.128181	-0.989109	0.072339	0.733441	0.143640	0.664404
01824	4.654669	-0.621825	9.595521	-0.687888	2.429286	0.592981	-0.684421	-0.041339	0.727914	0.127151	-0.989859	0.063338	0.717914	0.135905	0.682736
01825	4.904702	-0.834879	9.490905	-0.580208	2.492342	0.810168	-0.701120	-0.052681	0.711095	0.128599	-0.990256	0.053432	0.701351	0.128908	0.701063
01826	5.264007	-0.869502	9.583349	-0.467101	2.532090	1.060341	-0.717265	-0.066336	0.693636	0.132837	-0.990219	0.042662	0.684022	0.122740	0.719061
01827	5.664611	-0.713554	9.723268	-0.360271	2.552229	1.296325	-0.732774	-0.082252	0.675483	0.139759	-0.989697	0.031100	0.665966	0.117194	0.736719
01828	5.886855	-0.551439	9.924761	-0.274075	2.583341	1.470744	-0.747607	-0.099731	0.656611	0.148800	-0.988680	0.019252	0.647258	0.112097	0.753984
01829	6.176282	-0.149888	10.184495	-0.215069	2.616829	1.573996	-0.761913	-0.118169	0.636808	0.159267	-0.987208	0.007366	0.627791	0.107035	0.770987
01830	6.497727	0.319405	10.384030	-0.198488	2.674537	1.614631	-0.775766	-0.136854	0.616002	0.170410	-0.985364	-0.004306	0.607575	0.101632	0.787733
