// General information: 
//  MT Manager version: 2022.2.0 
//  XDA version: 2022.2.0 build 7381 rev 124627 built on 2023-07-19
// Device information: 
//  DeviceId: 00B4CB9F
//  ProductCode: MTW2-3A7G6
//  Firmware Version: 4.6.0
//  Hardware Version: 2.0.0
// Device settings: 
//  Filter Profile: human(46.1)
//  Option Flags: Orientation Smoother Disabled, Position/Velocity Smoother Disabled, Continuous Zero Rotation Update Disabled, AHS Disabled, ICC Disabled
// Coordinate system: ENU
PacketCounter	Acc_X	Acc_Y	Acc_Z	Gyr_X	Gyr_Y	Gyr_Z	Mat[1][1]	Mat[2][1]	Mat[3][1]	Mat[1][2]	Mat[2][2]	Mat[3][2]	Mat[1][3]	Mat[2][3]	Mat[3][3]
58864	10.113112	5.046575	0.590797	0.806701	-0.551066	-0.445437	0.021720	-0.075116	0.996938	-0.664697	0.743777	0.070523	-0.746797	-0.664194	-0.033774
58865	10.565502	4.469494	1.376030	0.525885	-0.486793	-0.472962	0.021162	-0.081831	0.996421	-0.668581	0.739852	0.074960	-0.743338	-0.667775	-0.039054
58866	9.674372	3.212797	0.893761	0.260922	-0.359427	-0.421766	0.021261	-0.087363	0.995950	-0.670451	0.737733	0.079025	-0.741649	-0.669416	-0.042888
58867	9.028821	1.626250	0.109321	0.047260	-0.419627	-0.292199	0.020039	-0.092301	0.995530	-0.670812	0.737098	0.081843	-0.741357	-0.669453	-0.047146
58868	9.847218	0.632935	0.320581	-0.086286	-0.477744	-0.149284	0.017440	-0.096609	0.995170	-0.670166	0.737517	0.083341	-0.742006	-0.668383	-0.051882
58869	10.036835	0.228624	0.436120	-0.132341	-0.377975	-0.070869	0.015037	-0.099628	0.994911	-0.669232	0.738285	0.084045	-0.742901	-0.667090	-0.055573
58870	9.647925	0.063186	-0.000324	-0.107524	-0.339477	-0.050446	0.012794	-0.102276	0.994674	-0.668448	0.738934	0.084578	-0.743649	-0.665970	-0.058912
58871	10.111162	0.372857	0.006046	-0.041540	-0.323265	-0.080712	0.010864	-0.104988	0.994414	-0.668193	0.739079	0.085330	-0.743909	-0.665387	-0.062123
58872	10.205454	0.714033	-0.293884	0.008824	-0.292502	-0.105030	0.009334	-0.107722	0.994137	-0.668270	0.738892	0.086338	-0.743860	-0.665158	-0.065091
58873	9.332346	0.672112	-0.624308	0.011528	-0.225837	-0.106252	0.008299	-0.109970	0.993900	-0.668415	0.738646	0.087309	-0.743742	-0.665062	-0.067376
58874	9.366019	0.884785	-0.930973	0.000224	-0.293288	-0.073840	0.006554	-0.112478	0.993633	-0.668434	0.738546	0.088012	-0.743743	-0.664754	-0.070343
58875	9.747715	1.109597	-0.788405	-0.021576	-0.288345	-0.063633	0.004774	-0.114826	0.993374	-0.668340	0.738563	0.088584	-0.743841	-0.664334	-0.073217
58876	9.108561	1.592341	-0.804727	-0.083248	-0.248204	-0.038351	0.003127	-0.116769	0.993154	-0.667741	0.739054	0.088996	-0.744387	-0.663448	-0.075660
58877	9.317104	2.367542	-0.880819	-0.195267	-0.300386	-0.037804	0.001080	-0.119006	0.992893	-0.666360	0.740245	0.089448	-0.745629	-0.661721	-0.078501
58878	9.732442	2.772706	-0.539549	-0.368533	-0.292496	-0.053845	-0.000803	-0.121347	0.992610	-0.663630	0.742597	0.090246	-0.748060	-0.658653	-0.081126
58879	9.344061	2.747486	-0.476611	-0.571199	-0.295009	-0.069787	-0.002614	-0.123776	0.992307	-0.659406	0.746218	0.091343	-0.751783	-0.654094	-0.083569
58880	9.844989	2.609052	-0.112815	-0.743593	-0.328096	-0.064122	-0.004724	-0.126403	0.991968	-0.653822	0.750963	0.092579	-0.756633	-0.648133	-0.086193
58881	9.863830	2.408818	-0.024960	-0.857999	-0.291608	-0.067181	-0.006563	-0.128769	0.991653	-0.647354	0.756379	0.093933	-0.762161	-0.641334	-0.088323
58882	9.685209	1.968313	-0.056255	-0.946068	-0.269760	-0.061172	-0.008291	-0.130962	0.991353	-0.640142	0.762316	0.095352	-0.768212	-0.633816	-0.090155
58883	9.931155	1.156392	0.045390	-1.024968	-0.265406	-0.032697	-0.010182	-0.132865	0.991082	-0.632288	0.768693	0.096555	-0.774666	-0.625666	-0.091835
58884	10.548116	0.058976	0.358238	-1.042400	-0.192845	-0.002346	-0.011724	-0.134090	0.990900	-0.624203	0.775153	0.097509	-0.781174	-0.617379	-0.092787
58885	10.380501	-0.916350	0.314261	-0.940534	-0.078889	-0.011884	-0.012321	-0.134640	0.990818	-0.616889	0.780870	0.098440	-0.786954	-0.610011	-0.092679
58886	10.019963	-1.507228	0.069049	-0.673301	-0.024970	-0.054938	-0.012237	-0.135229	0.990739	-0.611606	0.784871	0.099575	-0.791068	-0.604724	-0.092312
58887	9.749671	-1.360753	-0.246346	-0.316381	0.005114	-0.108565	-0.011574	-0.136007	0.990640	-0.609192	0.786581	0.100874	-0.792939	-0.602322	-0.091959
58888	9.546434	-0.573680	-0.707466	-0.002855	0.001301	-0.147112	-0.010725	-0.137163	0.990490	-0.609209	0.786383	0.102302	-0.792937	-0.602319	-0.091995
58889	9.608268	0.475247	-0.984413	0.182626	-0.018580	-0.181126	-0.009817	-0.138644	0.990294	-0.610752	0.784983	0.103846	-0.791761	-0.603804	-0.092383
58890	9.766397	1.550480	-1.263770	0.218451	-0.023247	-0.187524	-0.008911	-0.140262	0.990074	-0.612521	0.783386	0.105468	-0.790404	-0.605502	-0.092894
58891	9.781678	2.264527	-1.231180	0.148260	-0.031802	-0.183508	-0.008082	-0.141839	0.989857	-0.613792	0.782174	0.107068	-0.789426	-0.606701	-0.093382
58892	9.511595	2.594596	-1.307351	-0.002227	-0.024565	-0.156720	-0.007371	-0.143221	0.989663	-0.613811	0.781949	0.108589	-0.789419	-0.606666	-0.093675
58893	9.607466	2.420039	-1.422503	-0.155477	-0.080316	-0.127893	-0.007266	-0.144666	0.989454	-0.612680	0.782649	0.109930	-0.790298	-0.605419	-0.094321
58894	9.618191	1.967590	-1.587762	-0.276005	-0.081354	-0.102037	-0.007343	-0.145964	0.989263	-0.610528	0.784154	0.111169	-0.791961	-0.603156	-0.094873
58895	9.608934	1.528388	-1.779412	-0.348184	-0.112862	-0.082611	-0.007786	-0.147256	0.989068	-0.607830	0.786093	0.112252	-0.794029	-0.600311	-0.095627
58896	9.579741	1.085327	-1.813205	-0.384997	-0.132128	-0.074383	-0.008442	-0.148639	0.988856	-0.604799	0.788274	0.113325	-0.796334	-0.597102	-0.096552
58897	9.576122	0.707162	-1.615104	-0.401980	-0.142381	-0.054701	-0.009306	-0.149888	0.988659	-0.601643	0.790560	0.114191	-0.798711	-0.593757	-0.097536
58898	9.341140	0.504550	-1.441494	-0.412411	-0.136603	-0.037157	-0.010233	-0.150997	0.988481	-0.598372	0.792932	0.114931	-0.801153	-0.590304	-0.098467
58899	10.671304	0.685613	-0.957132	-0.393958	-0.155042	-0.027284	-0.011380	-0.152097	0.988300	-0.595258	0.795187	0.115523	-0.803454	-0.586979	-0.099586
58900	9.816414	0.850744	-0.949061	-0.350811	-0.051058	-0.038636	-0.011619	-0.152709	0.988203	-0.592465	0.797168	0.116222	-0.805512	-0.584125	-0.099737
58901	9.490992	1.097426	-0.780519	-0.299807	-0.069492	-0.052432	-0.011934	-0.153498	0.988077	-0.590079	0.798827	0.116971	-0.807257	-0.581648	-0.100109
58902	9.355897	1.297737	-0.581259	-0.263238	-0.084707	-0.056307	-0.012344	-0.154445	0.987924	-0.587984	0.800255	0.117759	-0.808779	-0.579430	-0.100689
58903	9.475612	1.402621	-0.511751	-0.254664	-0.091014	-0.054068	-0.012818	-0.155371	0.987773	-0.585986	0.801612	0.118485	-0.810220	-0.577302	-0.101320
58904	9.574465	1.288400	-0.600332	-0.249056	-0.092141	-0.058480	-0.013280	-0.156376	0.987608	-0.583999	0.802943	0.119283	-0.811646	-0.575178	-0.101986
58905	9.642946	1.109765	-0.675468	-0.220957	-0.097178	-0.058044	-0.013786	-0.157365	0.987444	-0.582260	0.804095	0.120016	-0.812886	-0.573295	-0.102713
58906	9.790194	1.014604	-0.748458	-0.180948	-0.082305	-0.061587	-0.014155	-0.158336	0.987284	-0.580822	0.805021	0.120778	-0.813908	-0.571727	-0.103360
58907	9.770996	0.942028	-0.860450	-0.145299	-0.072006	-0.052089	-0.014473	-0.159129	0.987152	-0.579739	0.805710	0.121381	-0.814674	-0.570533	-0.103915
58908	9.773125	0.834520	-0.960483	-0.113982	-0.054956	-0.058957	-0.014637	-0.159922	0.987021	-0.578844	0.806253	0.122049	-0.815307	-0.569545	-0.104371
58909	9.769317	0.723992	-1.005911	-0.078301	-0.051682	-0.064828	-0.014746	-0.160701	0.986893	-0.578238	0.806589	0.122701	-0.815735	-0.568850	-0.104817
58910	9.792676	0.687511	-1.032452	-0.044404	-0.046066	-0.066821	-0.014793	-0.161506	0.986761	-0.577911	0.806721	0.123374	-0.815966	-0.568435	-0.105270
58911	9.740237	0.747676	-0.983240	-0.008678	-0.033861	-0.060190	-0.014766	-0.162143	0.986657	-0.577928	0.806626	0.123909	-0.815954	-0.568387	-0.105617
58912	9.723375	1.002100	-0.927635	0.026732	-0.030167	-0.059273	-0.014726	-0.162797	0.986550	-0.578180	0.806365	0.124433	-0.815776	-0.568571	-0.106000
58913	9.702998	1.349110	-0.789205	0.039235	-0.027119	-0.058805	-0.014665	-0.163382	0.986454	-0.578543	0.806032	0.124899	-0.815520	-0.568875	-0.106344
58914	9.688129	1.700277	-0.704691	0.015226	-0.022820	-0.069163	-0.014508	-0.164073	0.986341	-0.578703	0.805819	0.125532	-0.815409	-0.568978	-0.106640
58915	9.622778	1.727261	-0.789685	-0.028922	-0.027812	-0.073174	-0.014368	-0.164784	0.986225	-0.578544	0.805827	0.126214	-0.815525	-0.568761	-0.106913
58916	9.709295	1.755374	-0.681790	-0.069658	-0.032725	-0.073589	-0.014266	-0.165567	0.986095	-0.578012	0.806088	0.126981	-0.815904	-0.568163	-0.107199
58917	9.741793	1.720123	-0.561473	-0.113244	-0.031122	-0.081348	-0.014091	-0.166359	0.985965	-0.577171	0.806555	0.127839	-0.816502	-0.567269	-0.107383
58918	9.665996	1.510467	-0.672720	-0.156409	-0.018930	-0.082809	-0.013826	-0.167138	0.985837	-0.575930	0.807290	0.128790	-0.817382	-0.565993	-0.107421
58919	9.597679	1.115939	-0.950468	-0.169405	-0.028438	-0.076099	-0.013660	-0.167873	0.985714	-0.574622	0.808083	0.129658	-0.818305	-0.564642	-0.107502
58920	9.623820	0.724702	-1.187244	-0.136846	-0.039940	-0.068382	-0.013652	-0.168654	0.985581	-0.573537	0.808727	0.130446	-0.819066	-0.563486	-0.107770
58921	9.560253	0.543704	-1.398418	-0.073700	-0.047652	-0.075785	-0.013676	-0.169499	0.985436	-0.572960	0.809014	0.131202	-0.819469	-0.562821	-0.108180
58922	9.641457	0.765616	-1.379008	-0.019920	-0.065332	-0.083152	-0.013792	-0.170542	0.985254	-0.572834	0.808972	0.132009	-0.819556	-0.562566	-0.108850
58923	9.739312	0.823207	-1.371139	0.008337	-0.064909	-0.085888	-0.013887	-0.171560	0.985076	-0.572952	0.808762	0.132776	-0.819471	-0.562558	-0.109527
58924	9.665645	1.057110	-1.280415	0.031254	-0.066420	-0.089477	-0.013976	-0.172661	0.984882	-0.573247	0.808419	0.133590	-0.819264	-0.562714	-0.110275
58925	9.621501	1.293731	-1.241941	0.036269	-0.072038	-0.089624	-0.014106	-0.173750	0.984689	-0.573612	0.808033	0.134361	-0.819006	-0.562934	-0.111062
58926	9.619891	1.523949	-1.145230	0.021736	-0.081161	-0.088480	-0.014320	-0.174924	0.984478	-0.573828	0.807743	0.135175	-0.818851	-0.562985	-0.111943
58927	9.708758	1.565427	-1.064368	-0.033123	-0.084796	-0.081336	-0.014595	-0.176018	0.984279	-0.573633	0.807753	0.135944	-0.818983	-0.562630	-0.112758
58928	9.820151	1.236755	-0.886720	-0.087251	-0.074067	-0.073514	-0.014837	-0.177031	0.984093	-0.572954	0.808101	0.136733	-0.819453	-0.561812	-0.113420
58929	9.929489	0.936592	-0.661773	-0.102336	-0.051779	-0.060318	-0.014978	-0.177770	0.983958	-0.572148	0.808564	0.137372	-0.820014	-0.560912	-0.113821
58930	9.886563	0.836005	-0.533775	-0.068703	-0.017449	-0.068018	-0.014789	-0.178420	0.983843	-0.571620	0.808815	0.138086	-0.820385	-0.560343	-0.113950
58931	9.784405	0.760556	-0.539641	0.015769	0.005960	-0.090566	-0.014292	-0.179079	0.983731	-0.571794	0.808556	0.138883	-0.820272	-0.560507	-0.113952
58932	9.691186	0.840561	-0.564990	0.125280	0.014560	-0.096817	-0.013675	-0.179783	0.983611	-0.572861	0.807667	0.139659	-0.819538	-0.561563	-0.114036
58933	9.745420	0.968581	-0.572280	0.199699	0.020572	-0.104574	-0.012976	-0.180465	0.983496	-0.574515	0.806365	0.140382	-0.818391	-0.563212	-0.114143
58934	9.846050	1.040814	-0.578935	0.253834	0.037868	-0.115921	-0.012056	-0.181188	0.983375	-0.576631	0.804711	0.141199	-0.816915	-0.565342	-0.114180
58935	9.592134	1.040245	-0.756833	0.309016	0.068452	-0.134778	-0.010770	-0.181833	0.983270	-0.579232	0.802683	0.142093	-0.815092	-0.568011	-0.113969
58936	9.315569	1.142531	-1.161288	0.377315	0.051792	-0.136740	-0.009612	-0.182637	0.983133	-0.582343	0.800272	0.142974	-0.812887	-0.571146	-0.114050
58937	9.366655	1.679533	-1.245557	0.414145	0.007750	-0.127650	-0.008866	-0.183562	0.982968	-0.585738	0.797665	0.143675	-0.810452	-0.574488	-0.114591
58938	9.441897	2.150509	-1.371143	0.367116	-0.013469	-0.110169	-0.008385	-0.184521	0.982793	-0.588744	0.795335	0.144302	-0.808276	-0.577404	-0.115304
58939	9.529537	2.238693	-1.520217	0.271346	-0.029189	-0.108348	-0.008019	-0.185500	0.982612	-0.591006	0.793532	0.144982	-0.806628	-0.579566	-0.115995
58940	9.532953	2.087761	-1.646934	0.178384	-0.054486	-0.104404	-0.007898	-0.186648	0.982395	-0.592478	0.792289	0.145766	-0.805548	-0.580896	-0.116842
58941	9.634317	1.770827	-1.574420	0.098119	-0.069814	-0.100439	-0.007895	-0.187806	0.982174	-0.593383	0.791463	0.146570	-0.804882	-0.581648	-0.117690
58942	9.667867	1.502255	-1.538101	0.030605	-0.069990	-0.090635	-0.007977	-0.188934	0.981957	-0.593662	0.791101	0.147390	-0.804675	-0.581775	-0.118474
58943	9.610581	1.121442	-1.603023	-0.020454	-0.061202	-0.085395	-0.008042	-0.189930	0.981765	-0.593496	0.791079	0.148178	-0.804797	-0.581482	-0.119085
58944	9.703224	0.917672	-1.380720	-0.012937	-0.079579	-0.070865	-0.008319	-0.190957	0.981563	-0.593424	0.791006	0.148855	-0.804847	-0.581245	-0.119899
58945	9.721432	1.112157	-1.024132	-0.001463	-0.057747	-0.068975	-0.008428	-0.191799	0.981398	-0.593471	0.790855	0.149464	-0.804811	-0.581172	-0.120492
58946	9.531314	1.417624	-1.020777	0.023716	-0.044241	-0.065239	-0.008453	-0.192575	0.981246	-0.593694	0.790579	0.150042	-0.804647	-0.581291	-0.121014
58947	9.540467	1.642187	-0.815044	0.020795	-0.039351	-0.075268	-0.008339	-0.193355	0.981093	-0.593973	0.790245	0.150694	-0.804441	-0.581487	-0.121438
58948	9.625760	1.738062	-0.674425	0.020901	-0.038030	-0.076031	-0.008250	-0.194181	0.980931	-0.594174	0.789963	0.151381	-0.804294	-0.581595	-0.121894
58949	9.634846	1.672632	-0.548597	0.023511	-0.020465	-0.079083	-0.008010	-0.194886	0.980793	-0.594408	0.789658	0.152053	-0.804124	-0.581773	-0.122167
58950	9.543435	1.427698	-0.704282	0.050364	-0.017051	-0.083546	-0.007707	-0.195648	0.980644	-0.594845	0.789189	0.152776	-0.803803	-0.582154	-0.122463
58951	9.579912	1.237201	-0.900533	0.114195	-0.023409	-0.093225	-0.007370	-0.196477	0.980481	-0.595867	0.788280	0.153483	-0.803049	-0.583105	-0.122884
58952	9.595012	1.211043	-1.091623	0.180180	-0.028112	-0.109074	-0.007002	-0.197504	0.980277	-0.597347	0.787000	0.154296	-0.801952	-0.584485	-0.123489
58953	9.593931	1.330196	-1.344555	0.222706	-0.040222	-0.117978	-0.006697	-0.198625	0.980053	-0.599124	0.785490	0.155100	-0.800628	-0.586134	-0.124261
58954	9.540322	1.307225	-1.599940	0.245623	-0.055295	-0.124145	-0.006451	-0.199928	0.979789	-0.601123	0.783788	0.155976	-0.799131	-0.587968	-0.125237
58955	9.615700	1.391591	-1.642850	0.232155	-0.078314	-0.112919	-0.006422	-0.201230	0.979523	-0.603100	0.782118	0.156722	-0.797640	-0.589744	-0.126384
58956	9.720949	1.422819	-1.489103	0.180073	-0.085582	-0.098319	-0.006567	-0.202508	0.979259	-0.604568	0.780843	0.157422	-0.796527	-0.590994	-0.127557
58957	9.732810	1.500771	-1.374525	0.124903	-0.079992	-0.086097	-0.006732	-0.203611	0.979029	-0.605606	0.779914	0.158037	-0.795736	-0.591842	-0.128558
58958	9.634652	1.466115	-1.415952	0.101958	-0.076165	-0.083954	-0.006885	-0.204721	0.978796	-0.606449	0.779125	0.158693	-0.795092	-0.592498	-0.129517
58959	9.722951	1.305868	-1.368780	0.099895	-0.090014	-0.086485	-0.007126	-0.205888	0.978550	-0.607348	0.778294	0.159331	-0.794404	-0.593185	-0.130592
58960	9.851027	0.989117	-1.236937	0.111981	-0.095880	-0.080747	-0.007453	-0.207089	0.978294	-0.608270	0.777449	0.159940	-0.793695	-0.593874	-0.131760
58961	9.828306	0.768872	-1.037719	0.166930	-0.086574	-0.068098	-0.007770	-0.208091	0.978079	-0.609654	0.776287	0.160316	-0.792630	-0.595044	-0.132896
58962	9.756865	1.113670	-0.756890	0.238418	-0.074665	-0.065236	-0.008020	-0.209046	0.977873	-0.611573	0.774716	0.160600	-0.791147	-0.596753	-0.134060
58963	9.596607	1.952925	-0.524070	0.274734	-0.058597	-0.066258	-0.008141	-0.209863	0.977697	-0.613748	0.772952	0.160804	-0.789460	-0.598750	-0.135096
58964	9.331846	2.485179	-0.553299	0.237995	-0.061264	-0.078555	-0.008198	-0.210842	0.977486	-0.615658	0.771347	0.161214	-0.787971	-0.600475	-0.136130
58965	8.739637	2.407292	-0.550297	0.143412	-0.072099	-0.077557	-0.008321	-0.211828	0.977271	-0.616878	0.770268	0.161707	-0.787015	-0.601512	-0.137082
58966	9.660120	2.151815	-0.791560	0.096709	-0.207050	-0.073181	-0.009555	-0.213642	0.976865	-0.617672	0.769516	0.162253	-0.786378	-0.601832	-0.139314
58967	9.918967	2.070876	-0.416402	0.100166	-0.090771	-0.075220	-0.009878	-0.214722	0.976625	-0.618466	0.768770	0.162767	-0.785750	-0.602401	-0.140392
58968	9.804246	2.191277	-0.544329	0.102316	-0.108082	-0.095017	-0.010195	-0.216108	0.976316	-0.619305	0.767935	0.163515	-0.785084	-0.602970	-0.141666
58969	9.836073	2.054123	-0.381558	0.077818	-0.095703	-0.096271	-0.010417	-0.217377	0.976032	-0.619953	0.767252	0.164262	-0.784569	-0.603383	-0.142756
58970	9.599744	2.044725	-0.530437	0.074796	-0.069230	-0.090944	-0.010453	-0.218497	0.975782	-0.620576	0.766589	0.165007	-0.784077	-0.603821	-0.143607
58971	9.213957	1.931512	-0.964693	0.112981	-0.049925	-0.095794	-0.010287	-0.219488	0.975561	-0.621494	0.765691	0.165716	-0.783351	-0.604601	-0.144287
58972	7.891353	1.608268	-1.970601	0.170810	-0.133196	-0.071840	-0.010939	-0.220848	0.975247	-0.622865	0.764486	0.166134	-0.782253	-0.605630	-0.145922
58973	12.195622	1.789142	-1.649309	0.265148	-0.183955	-0.042929	-0.012171	-0.222244	0.974915	-0.624999	0.762755	0.166076	-0.780531	-0.607300	-0.148186
58974	9.103274	1.883331	-2.923896	0.303600	-0.032966	-0.063495	-0.012087	-0.222933	0.974759	-0.627399	0.760753	0.166208	-0.778604	-0.609554	-0.149063
58975	9.137243	2.071490	-2.450933	0.254409	-0.154133	-0.055859	-0.012967	-0.224261	0.974443	-0.629435	0.759046	0.166313	-0.776945	-0.611192	-0.151000
58976	9.151972	2.328040	-2.061160	0.120029	-0.181546	-0.011780	-0.014359	-0.225465	0.974145	-0.630395	0.758272	0.166210	-0.776142	-0.611710	-0.153020
58977	9.010424	2.039540	-1.850929	-0.014246	-0.191357	0.037788	-0.016152	-0.226310	0.973921	-0.630290	0.758452	0.165788	-0.776192	-0.611175	-0.154891
58978	9.651473	1.739244	-1.621229	-0.084061	-0.243761	0.063862	-0.018503	-0.227319	0.973645	-0.629652	0.759096	0.165262	-0.776657	-0.609999	-0.157177
58979	10.326488	1.751172	-1.147990	-0.082894	-0.192946	0.065063	-0.020520	-0.227956	0.973455	-0.628925	0.759827	0.164673	-0.777195	-0.608851	-0.158958
58980	9.762381	1.888250	-1.154556	-0.057990	-0.145971	0.046126	-0.022001	-0.228498	0.973296	-0.628490	0.760271	0.164280	-0.777507	-0.608092	-0.160335
58981	9.578859	2.057812	-0.979602	-0.032009	-0.131205	0.027193	-0.023244	-0.229055	0.973136	-0.628250	0.760529	0.164006	-0.777664	-0.607560	-0.161582
58982	9.479937	2.077673	-0.986355	0.004212	-0.125287	0.017525	-0.024385	-0.229688	0.972959	-0.628304	0.760530	0.163792	-0.777586	-0.607320	-0.162859
58983	9.220430	1.859935	-1.180604	0.059932	-0.120405	0.012615	-0.025469	-0.230286	0.972790	-0.628708	0.760256	0.163513	-0.777224	-0.607436	-0.164146
58984	8.582334	1.611701	-1.605580	0.131337	-0.133056	0.011666	-0.026632	-0.231011	0.972587	-0.629751	0.759472	0.163147	-0.776341	-0.608142	-0.165706
58985	8.878615	1.534180	-2.168017	0.229778	-0.285241	0.046631	-0.029183	-0.232364	0.972191	-0.631496	0.758210	0.162264	-0.774830	-0.609199	-0.168864
58986	9.874333	1.848648	-2.138224	0.279323	-0.208914	0.067429	-0.031283	-0.233132	0.971942	-0.633662	0.756650	0.161096	-0.772977	-0.610843	-0.171397
58987	9.331845	2.046403	-2.607924	0.273711	-0.240790	0.070767	-0.033663	-0.234029	0.971647	-0.635763	0.755149	0.159858	-0.771150	-0.612356	-0.174208
58988	9.128447	2.054776	-2.581496	0.213604	-0.285649	0.095201	-0.036526	-0.235066	0.971293	-0.637400	0.754050	0.158520	-0.769667	-0.613312	-0.177374
58989	9.180528	2.007501	-2.270633	0.108718	-0.312942	0.129475	-0.039844	-0.235967	0.970944	-0.638243	0.753662	0.156970	-0.768803	-0.613444	-0.180633
58990	9.312471	1.806397	-2.087805	0.009331	-0.333861	0.165534	-0.043523	-0.236770	0.970590	-0.638270	0.753983	0.155309	-0.768581	-0.612740	-0.183939
58991	9.559827	1.690886	-1.693738	-0.031794	-0.338770	0.176809	-0.047326	-0.237485	0.970238	-0.637865	0.754674	0.153608	-0.768693	-0.611611	-0.187199
58992	9.829677	1.760243	-1.124393	-0.030679	-0.306195	0.165655	-0.050793	-0.238111	0.969909	-0.637572	0.755243	0.152022	-0.768715	-0.610665	-0.190173
58993	9.748055	1.877223	-0.871114	-0.009764	-0.269647	0.146935	-0.053898	-0.238603	0.969620	-0.637356	0.755722	0.150539	-0.768683	-0.609879	-0.192807
58994	9.616830	1.712601	-0.648658	0.018068	-0.240451	0.131013	-0.056637	-0.239083	0.969346	-0.637446	0.755912	0.149196	-0.768411	-0.609456	-0.195215
58995	9.542032	1.515431	-0.684015	0.049212	-0.217171	0.125915	-0.059174	-0.239421	0.969111	-0.637733	0.755941	0.147816	-0.767981	-0.609287	-0.197419
58996	9.448225	1.493804	-0.850255	0.096206	-0.217446	0.112157	-0.061616	-0.239903	0.968840	-0.638427	0.755611	0.146501	-0.767212	-0.609507	-0.199718
58997	9.429489	1.515092	-1.102649	0.139546	-0.221616	0.100715	-0.063983	-0.240478	0.968543	-0.639452	0.754993	0.145213	-0.766164	-0.610046	-0.202081
58998	9.479814	1.447923	-1.288914	0.175596	-0.233534	0.093975	-0.066429	-0.241199	0.968199	-0.640758	0.754135	0.143908	-0.764863	-0.610822	-0.204647
58999	9.359914	1.338326	-1.610644	0.208129	-0.241904	0.095749	-0.068952	-0.241913	0.967845	-0.642283	0.753108	0.142481	-0.763360	-0.611806	-0.207305
59000	9.195195	1.201731	-2.327828	0.265461	-0.282552	0.106904	-0.071851	-0.242844	0.967401	-0.644255	0.751729	0.140854	-0.761428	-0.613132	-0.210465
59001	9.293291	1.064832	-3.012845	0.331680	-0.350635	0.126198	-0.075394	-0.244003	0.966839	-0.646719	0.749985	0.138844	-0.758993	-0.614806	-0.214345
59002	9.383308	1.001324	-3.366550	0.382360	-0.399631	0.149736	-0.079448	-0.245346	0.966174	-0.649523	0.747984	0.136530	-0.756180	-0.616705	-0.218784
59003	8.274497	1.098182	-3.340798	0.345261	-0.427700	0.187407	-0.083955	-0.246548	0.965487	-0.651930	0.746363	0.133904	-0.753617	-0.618188	-0.223393
59004	10.322872	1.543881	-2.377936	0.222474	-0.541072	0.245432	-0.089685	-0.248068	0.964582	-0.653414	0.745581	0.130993	-0.751670	-0.618523	-0.228959
59005	10.013701	2.009989	-1.741472	0.103863	-0.417301	0.233079	-0.094413	-0.248865	0.963926	-0.654029	0.745491	0.128410	-0.750555	-0.618312	-0.233149
59006	9.480628	2.024091	-0.962500	0.040544	-0.430515	0.182588	-0.098893	-0.250169	0.963139	-0.654179	0.745683	0.126517	-0.749847	-0.617553	-0.237398
59007	10.308002	2.190411	0.323566	0.022711	-0.442057	0.161268	-0.103327	-0.251644	0.962288	-0.654158	0.745984	0.124838	-0.749267	-0.616589	-0.241696
59008	10.613595	2.178119	0.768223	0.061891	-0.348575	0.135525	-0.106881	-0.252787	0.961600	-0.654501	0.745932	0.123345	-0.748469	-0.616185	-0.245175
59009	10.388252	1.784176	0.881548	0.151801	-0.219573	0.109577	-0.109315	-0.253241	0.961207	-0.655412	0.745379	0.121841	-0.747319	-0.616667	-0.247458
59010	10.310277	1.517319	0.898918	0.282497	-0.179598	0.092208	-0.111317	-0.253668	0.960865	-0.657439	0.743856	0.120213	-0.745240	-0.618329	-0.249575
59011	10.232270	1.922794	0.988066	0.424757	-0.098833	0.073642	-0.112583	-0.253656	0.960720	-0.660571	0.741379	0.118334	-0.742274	-0.621301	-0.251025
59012	9.928216	2.496673	0.564722	0.548912	-0.030305	0.041292	-0.113138	-0.253544	0.960685	-0.664610	0.738050	0.116517	-0.738576	-0.625298	-0.252009
59013	9.803132	2.717279	0.005060	0.648297	-0.022442	0.041181	-0.113610	-0.253300	0.960693	-0.669346	0.734091	0.114398	-0.734213	-0.630039	-0.252945
59014	9.900383	2.845370	-0.329179	0.690861	0.004326	0.071949	-0.114117	-0.252752	0.960778	-0.674341	0.729890	0.111916	-0.729549	-0.635120	-0.253734
59015	9.901852	3.040274	-0.762106	0.675520	0.053031	0.104286	-0.114461	-0.251572	0.961046	-0.679108	0.725881	0.109131	-0.725060	-0.640163	-0.253930
59016	9.740627	2.920926	-1.455490	0.633759	0.057538	0.129773	-0.114986	-0.250269	0.961324	-0.683561	0.722121	0.106233	-0.720779	-0.644908	-0.254107
59017	9.852115	2.674818	-1.773670	0.565820	0.021619	0.168153	-0.115968	-0.248885	0.961565	-0.687554	0.718774	0.103121	-0.716813	-0.649169	-0.254477
59018	10.022296	2.526788	-1.835012	0.498031	0.028616	0.201886	-0.117211	-0.247257	0.961835	-0.690900	0.716018	0.099871	-0.713385	-0.652826	-0.254755
59019	10.198163	2.401480	-1.696777	0.426658	0.048997	0.241493	-0.118547	-0.245174	0.962204	-0.693686	0.713796	0.096414	-0.710456	-0.656037	-0.254692
59020	10.446578	2.147497	-1.313041	0.318915	0.093764	0.291393	-0.119962	-0.242487	0.962709	-0.695621	0.712396	0.092758	-0.708323	-0.658553	-0.254139
59021	10.767987	2.673754	-0.451639	0.209161	0.137966	0.339923	-0.121361	-0.239092	0.963383	-0.696700	0.711833	0.088896	-0.707022	-0.660400	-0.252964
59022	10.640462	3.804230	0.759304	0.107660	0.235678	0.309460	-0.121908	-0.235338	0.964238	-0.697105	0.711841	0.085602	-0.706529	-0.661739	-0.250834
59023	11.001604	4.616208	1.596202	-0.052066	0.319235	0.247634	-0.121358	-0.231423	0.965254	-0.696533	0.712674	0.083293	-0.707188	-0.662223	-0.247683
59024	11.419455	4.818269	2.451840	-0.313398	0.406432	0.230182	-0.120135	-0.227098	0.966434	-0.694055	0.715260	0.081800	-0.709828	-0.660931	-0.243546
59025	12.172650	4.635194	3.617651	-0.602466	0.555481	0.228560	-0.117753	-0.221691	0.967981	-0.689569	0.719683	0.080940	-0.714583	-0.657959	-0.237616
59026	13.447522	4.863639	4.516527	-0.841689	0.762003	0.196343	-0.113686	-0.215281	0.969912	-0.683320	0.725616	0.080963	-0.721214	-0.653556	-0.229598
59027	13.629383	4.896554	5.431918	-1.049675	1.182172	0.122456	-0.105898	-0.206610	0.972676	-0.675637	0.732652	0.082067	-0.729589	-0.648485	-0.217180
59028	12.575641	4.618051	5.287932	-1.252175	1.474554	0.041168	-0.095399	-0.196795	0.975792	-0.666420	0.740801	0.084250	-0.739448	-0.642250	-0.201820
59029	12.219470	3.852664	4.975752	-1.393388	1.721745	-0.013656	-0.082416	-0.185837	0.979118	-0.656210	0.749543	0.087028	-0.750064	-0.635335	-0.183722
59030	11.461873	2.822155	4.089652	-1.416750	1.899105	-0.064142	-0.067708	-0.174327	0.982357	-0.645580	0.758361	0.090081	-0.760685	-0.628091	-0.163889
59031	12.774646	2.214775	3.145938	-1.274851	2.181677	-0.168312	-0.049882	-0.161848	0.985554	-0.636149	0.765871	0.093574	-0.769952	-0.622292	-0.141163
59032	11.184118	1.362526	0.957155	-1.001034	2.205940	-0.321166	-0.030843	-0.150638	0.988108	-0.628561	0.771561	0.098006	-0.777149	-0.618063	-0.118482
59033	8.564241	0.696866	-0.167689	-0.816619	2.392646	-0.498916	-0.009012	-0.139574	0.990171	-0.622568	0.775668	0.103671	-0.782514	-0.615514	-0.093885
59034	8.673237	-0.056213	-1.801394	-0.613049	2.055755	-0.623246	0.010923	-0.131785	0.991218	-0.617781	0.778573	0.110321	-0.786274	-0.613561	-0.072910
59035	8.468605	-0.612634	-3.135569	-0.312728	1.816270	-0.642446	0.029205	-0.125482	0.991666	-0.615528	0.779419	0.116753	-0.787574	-0.613808	-0.054474
59036	8.912395	-0.085513	-3.785583	0.095959	1.613235	-0.639670	0.045784	-0.120540	0.991652	-0.616073	0.778024	0.123016	-0.786358	-0.616562	-0.038640
59037	10.950206	0.322714	-4.408706	0.243616	1.486369	-0.604617	0.061204	-0.115868	0.991377	-0.618004	0.775553	0.128797	-0.783789	-0.620558	-0.024140
59038	10.231061	-0.230818	-4.780312	0.063392	1.538307	-0.453994	0.076000	-0.109825	0.991041	-0.618220	0.774627	0.133252	-0.782322	-0.622809	-0.009024
59039	11.710381	-0.586814	-4.277522	-0.193520	1.382040	-0.282592	0.088523	-0.103267	0.990707	-0.616866	0.775242	0.135927	-0.782074	-0.623166	0.004925
59040	10.950358	-1.050257	-3.565786	-0.450853	1.596812	-0.165005	0.101980	-0.094614	0.990277	-0.613212	0.777864	0.137469	-0.783308	-0.621269	0.021309
59041	11.587207	-1.036794	-3.513775	-0.567715	1.449778	-0.095180	0.113892	-0.086228	0.989744	-0.608958	0.781084	0.138123	-0.784983	-0.618444	0.036450
59042	10.826970	-1.424172	-3.932317	-0.489645	1.626324	-0.083237	0.127116	-0.076842	0.988907	-0.605045	0.784018	0.138695	-0.785978	-0.615964	0.053169
59043	10.858926	-0.925572	-3.621911	-0.217246	1.422070	-0.118276	0.138948	-0.068907	0.987899	-0.603570	0.784985	0.139646	-0.785109	-0.615670	0.067482
59044	10.659011	-0.010428	-2.961978	0.055960	1.499011	-0.171376	0.151677	-0.061013	0.986545	-0.603795	0.784508	0.141348	-0.782576	-0.617110	0.082153
59045	10.678188	1.027856	-3.040025	0.175747	1.453965	-0.269634	0.164612	-0.054030	0.984878	-0.605033	0.783055	0.144083	-0.778998	-0.619601	0.096210
59046	10.249701	1.625303	-2.837265	0.096926	1.373085	-0.320958	0.177175	-0.048025	0.983007	-0.605275	0.782267	0.147311	-0.776049	-0.621089	0.109530
59047	10.035052	2.011608	-2.489940	-0.137783	1.336123	-0.344952	0.189622	-0.042345	0.980944	-0.603761	0.782829	0.150503	-0.774284	-0.620795	0.122876
59048	10.032138	1.930943	-2.497086	-0.407699	1.290703	-0.378962	0.201841	-0.037321	0.978707	-0.599900	0.785181	0.153660	-0.774196	-0.618141	0.136093
59049	8.909429	1.282068	-2.817748	-0.642177	1.193634	-0.391362	0.213432	-0.032982	0.976401	-0.594216	0.788925	0.156539	-0.775470	-0.613604	0.148783
59050	8.183402	0.682963	-3.026689	-0.819814	1.035929	-0.371205	0.223616	-0.029594	0.974228	-0.587075	0.793791	0.158865	-0.778035	-0.607470	0.160130
59051	7.550187	0.165840	-3.030972	-0.937091	0.853864	-0.309856	0.232076	-0.026856	0.972327	-0.579148	0.799305	0.160309	-0.781491	-0.600325	0.169946
59052	7.144503	-0.271944	-2.978928	-1.022248	0.690033	-0.250776	0.238870	-0.024751	0.970736	-0.570586	0.805314	0.160938	-0.785730	-0.592332	0.178243
59053	6.809638	-0.643460	-2.998051	-1.033789	0.550796	-0.192474	0.244286	-0.023030	0.969430	-0.562049	0.811302	0.160904	-0.790205	-0.584174	0.185246
59054	7.242253	-1.162966	-2.544140	-1.017970	0.471286	-0.167953	0.248904	-0.021661	0.968286	-0.553608	0.817147	0.160588	-0.794711	-0.576022	0.191400
59055	6.882452	-1.930926	-2.881512	-0.941078	0.376284	-0.125216	0.252567	-0.020503	0.967362	-0.545862	0.822466	0.159951	-0.798902	-0.568445	0.196536
59056	6.857658	-2.165888	-2.508450	-0.793062	0.208301	-0.056269	0.254486	-0.019786	0.966874	-0.539410	0.826915	0.158898	-0.802667	-0.561978	0.199766
59057	6.737182	-1.845947	-1.961805	-0.605620	0.059624	-0.020603	0.255043	-0.019593	0.966731	-0.534553	0.830262	0.157853	-0.805733	-0.557028	0.201279
59058	6.748799	-1.672176	-1.618314	-0.380361	-0.088639	-0.038177	0.254477	-0.020399	0.966864	-0.531427	0.832346	0.157432	-0.807977	-0.553881	0.200973
59059	7.236087	-1.301720	-1.136787	-0.181685	-0.229308	-0.044391	0.252817	-0.022004	0.967264	-0.529914	0.833304	0.157462	-0.809490	-0.552376	0.199014
59060	7.719240	-0.388289	-0.546623	-0.088650	-0.327215	-0.041494	0.250332	-0.024151	0.967859	-0.529133	0.833763	0.157663	-0.810773	-0.551594	0.195939
59061	8.456357	0.309692	0.051428	-0.036721	-0.404287	-0.092867	0.247497	-0.027122	0.968509	-0.528672	0.833906	0.158452	-0.811943	-0.551240	0.192050
59062	8.833638	0.050405	0.990793	0.069261	-0.340792	-0.135205	0.245390	-0.030124	0.968956	-0.528943	0.833464	0.159867	-0.812406	-0.551752	0.188590
59063	7.919297	-0.874803	1.567920	0.205594	-0.388082	-0.077028	0.242596	-0.032875	0.969570	-0.530496	0.832267	0.160955	-0.812232	-0.553400	0.184464
59064	6.623978	-0.712422	1.499470	0.365757	-0.672069	0.053511	0.236799	-0.036154	0.970886	-0.533635	0.830235	0.161070	-0.811887	-0.556240	0.177306
59065	6.173835	0.923859	3.435844	0.533984	-1.081069	0.049829	0.227707	-0.041731	0.972835	-0.538167	0.827230	0.161451	-0.811496	-0.560311	0.165908
59066	7.631484	2.822394	5.433208	0.746213	-1.367879	-0.097476	0.217086	-0.050234	0.974859	-0.544042	0.822963	0.163557	-0.810489	-0.565870	0.151325
59067	10.304181	3.921559	8.171411	0.865964	-1.349721	-0.207753	0.207255	-0.059565	0.976472	-0.550704	0.817870	0.166776	-0.808561	-0.572312	0.136705
59068	13.444227	5.262196	10.552003	0.845220	-1.059860	-0.255790	0.200061	-0.067746	0.977439	-0.557045	0.812823	0.170352	-0.806025	-0.578558	0.124876
59069	13.782311	5.633807	11.061921	0.655904	-0.666883	-0.270182	0.196181	-0.073739	0.977791	-0.561899	0.808757	0.173729	-0.803606	-0.583502	0.117228
59070	13.029514	4.931968	10.333909	0.396125	-0.406330	-0.256550	0.194309	-0.078185	0.977820	-0.564618	0.806224	0.176663	-0.802154	-0.586422	0.112511
59071	11.832505	3.960922	8.694526	0.106905	-0.233884	-0.233112	0.193747	-0.081339	0.977674	-0.565160	0.805328	0.178999	-0.801908	-0.587223	0.110061
59072	10.731075	2.680320	6.529537	-0.159395	0.011572	-0.184429	0.194826	-0.082754	0.977340	-0.563562	0.806091	0.180596	-0.802771	-0.585977	0.110411
59073	6.004336	0.584101	1.060634	-0.137832	-0.241521	-0.194986	0.193996	-0.085622	0.977259	-0.562235	0.806638	0.182282	-0.803902	-0.584811	0.108344
59074	4.599816	-1.016252	-0.997637	0.138830	-0.909648	-0.179084	0.187631	-0.092384	0.977885	-0.563049	0.805646	0.184147	-0.804842	-0.585149	0.099148
59075	8.165777	0.612465	0.741470	0.222137	-1.034023	-0.031637	0.179498	-0.098573	0.978807	-0.564944	0.804216	0.184593	-0.805368	-0.586106	0.088667
59076	11.896501	4.364827	3.682646	-0.041807	-0.686289	0.037471	0.173700	-0.102288	0.979472	-0.564712	0.804478	0.184160	-0.806801	-0.585109	0.081974
59077	13.108342	5.330022	3.722087	-0.490110	-0.483070	-0.039883	0.170033	-0.105306	0.979795	-0.560845	0.807196	0.184085	-0.810272	-0.580814	0.078190
59078	13.745248	2.601355	2.662501	-0.822655	-0.532695	0.006984	0.165609	-0.108321	0.980225	-0.554208	0.811932	0.183357	-0.815737	-0.573614	0.074431
59079	14.359949	0.953437	2.389182	-0.908930	-0.460182	0.139722	0.161094	-0.109688	0.980825	-0.547156	0.817171	0.181253	-0.821383	-0.565863	0.071625
59080	13.697468	1.344884	1.062138	-0.945679	-0.434511	0.112403	0.156847	-0.111203	0.981343	-0.539579	0.822588	0.179453	-0.827196	-0.557658	0.069018
59081	11.822254	0.765548	-2.148787	-0.924943	-0.598267	-0.069442	0.152275	-0.114961	0.981630	-0.531969	0.827533	0.179435	-0.832959	-0.549520	0.064857
59082	10.969296	-0.685016	-5.502989	-0.656477	-0.837831	-0.249725	0.146543	-0.121603	0.981702	-0.526152	0.830806	0.181452	-0.837669	-0.543115	0.057767
59083	10.643826	-2.300597	-6.759884	-0.194090	-0.795137	-0.371004	0.141835	-0.128879	0.981465	-0.524151	0.831309	0.184909	-0.839731	-0.540662	0.050356
59084	8.860855	-2.975831	-6.051513	0.213332	-0.681956	-0.403758	0.138173	-0.135916	0.981038	-0.525417	0.829602	0.188938	-0.839551	-0.541560	0.043216
59085	8.023803	-2.071967	-5.512224	0.480537	-0.771195	-0.393010	0.133773	-0.143250	0.980604	-0.529069	0.826364	0.192893	-0.837968	-0.544611	0.034757
59086	8.161094	-0.380555	-4.908697	0.682741	-1.015528	-0.380528	0.127244	-0.151932	0.980166	-0.534325	0.822053	0.196789	-0.835647	-0.548768	0.023420
59087	8.881924	1.486324	-3.880811	0.747227	-1.135739	-0.340240	0.119590	-0.160875	0.979703	-0.540298	0.817320	0.200163	-0.832932	-0.553269	0.010823
59088	9.722516	2.848667	-3.027317	0.590753	-1.209095	-0.236862	0.110760	-0.169508	0.979285	-0.544980	0.813635	0.202474	-0.831101	-0.556117	-0.002260
59089	9.447258	3.123441	-1.907178	0.241121	-1.112358	-0.110581	0.102088	-0.176522	0.978988	-0.546961	0.812058	0.203459	-0.830910	-0.556240	-0.013649
59090	9.216582	2.990094	-1.308772	-0.101448	-1.097103	0.009562	0.092856	-0.182526	0.978806	-0.546165	0.812621	0.203349	-0.832515	-0.553472	-0.024233
59091	9.511823	3.039590	-0.513305	-0.257693	-1.047966	0.023770	0.083963	-0.188046	0.978565	-0.544140	0.814036	0.203118	-0.834782	-0.549531	-0.033975
59092	9.107778	2.809253	0.163190	-0.241585	-0.911077	-0.028607	0.076448	-0.193264	0.978164	-0.542136	0.815288	0.203454	-0.836806	-0.545852	-0.042448
59093	9.478914	2.340188	0.293977	-0.111153	-0.899421	-0.080447	0.069327	-0.198755	0.977594	-0.541252	0.815684	0.204220	-0.837998	-0.543283	-0.051028
59094	9.106351	1.694497	0.640981	-0.001919	-0.771355	-0.071716	0.063194	-0.203519	0.977030	-0.541226	0.815534	0.204885	-0.838499	-0.541742	-0.058613
59095	9.845120	1.601355	0.451536	0.096985	-0.749781	-0.045735	0.057136	-0.207886	0.976483	-0.542124	0.814859	0.205198	-0.838354	-0.541099	-0.066142
59096	9.180710	1.748213	0.186741	0.197445	-0.636027	-0.055243	0.052052	-0.211772	0.975932	-0.543786	0.813659	0.205563	-0.837608	-0.541398	-0.072806
59097	9.651042	2.273898	-0.358315	0.274388	-0.627917	-0.092010	0.047274	-0.215859	0.975279	-0.546131	0.811931	0.206177	-0.836365	-0.542377	-0.079504
59098	8.587136	2.315835	-1.403619	0.340531	-0.588024	-0.138135	0.043062	-0.220167	0.974511	-0.548951	0.809765	0.207204	-0.834744	-0.543882	-0.085991
59099	9.322468	2.243821	-1.942533	0.366430	-0.678647	-0.141419	0.038160	-0.224945	0.973624	-0.552050	0.807405	0.208179	-0.832938	-0.545433	-0.093370
59100	8.878849	2.227456	-2.361247	0.353535	-0.670043	-0.129479	0.033247	-0.229642	0.972707	-0.554982	0.805165	0.209057	-0.831198	-0.546785	-0.100678
59101	8.966470	2.411176	-2.332421	0.321186	-0.719392	-0.125562	0.027952	-0.234532	0.971706	-0.557717	0.803061	0.209870	-0.829560	-0.547803	-0.108355
59102	8.731514	2.151314	-2.390425	0.274577	-0.783729	-0.114153	0.022039	-0.239737	0.970588	-0.560001	0.801270	0.210631	-0.828199	-0.548172	-0.116594
59103	10.426908	1.783683	-1.508300	0.239780	-0.787655	-0.080841	0.015951	-0.244652	0.969480	-0.562068	0.799709	0.211058	-0.826937	-0.548280	-0.124755
59104	10.083248	1.410458	-1.592561	0.273684	-0.740972	-0.055849	0.010089	-0.249157	0.968411	-0.564357	0.798055	0.211207	-0.825469	-0.548660	-0.132562
59105	9.994739	1.230260	-0.885538	0.348793	-0.602836	-0.051354	0.005385	-0.252829	0.967496	-0.567322	0.795963	0.211161	-0.823478	-0.550019	-0.139149
59106	10.085139	1.532671	-0.727281	0.418274	-0.603759	-0.052915	0.000667	-0.256570	0.966525	-0.570795	0.793509	0.211036	-0.821092	-0.551829	-0.145920
59107	9.341937	1.911645	-0.554900	0.510091	-0.462000	-0.083837	-0.002665	-0.259737	0.965676	-0.575071	0.790422	0.211012	-0.818099	-0.554770	-0.151473
59108	7.843675	2.245032	-0.804741	0.602427	-0.467695	-0.125857	-0.005811	-0.263327	0.964689	-0.580029	0.786726	0.211255	-0.814575	-0.558321	-0.157309
59109	10.358942	3.105038	-0.610976	0.650109	-0.631707	-0.116094	-0.010286	-0.267724	0.963441	-0.585432	0.782714	0.211252	-0.810656	-0.561856	-0.164785
59110	9.239565	2.761904	-1.177261	0.690035	-0.387780	-0.134983	-0.012683	-0.270960	0.962507	-0.591062	0.778444	0.211355	-0.806527	-0.566220	-0.170027
59111	8.814085	2.322819	-1.930938	0.750808	-0.483583	-0.134599	-0.015789	-0.274704	0.961399	-0.597217	0.773752	0.211279	-0.801924	-0.570828	-0.176274
59112	9.018952	2.622994	-1.615082	0.718491	-0.510988	-0.090023	-0.019390	-0.278322	0.960292	-0.603013	0.769372	0.210812	-0.797496	-0.574981	-0.182750
59113	8.519930	3.224068	-1.757270	0.606276	-0.497821	-0.049908	-0.023069	-0.281527	0.959276	-0.607938	0.765684	0.210092	-0.793649	-0.578334	-0.188815
59114	8.161833	3.155314	-2.443953	0.507577	-0.555475	-0.031447	-0.027332	-0.284983	0.958143	-0.611999	0.762639	0.209376	-0.790386	-0.580660	-0.195254
59115	9.243226	2.852892	-2.928876	0.464590	-0.672378	-0.006508	-0.032615	-0.288904	0.956802	-0.615751	0.759867	0.208451	-0.787265	-0.582354	-0.202676
59116	8.567151	2.274870	-3.050788	0.451233	-0.547968	0.015513	-0.037072	-0.291979	0.955706	-0.619325	0.757266	0.207330	-0.784259	-0.584206	-0.208903
59117	9.318997	2.009923	-3.460242	0.444083	-0.759576	0.053704	-0.043376	-0.295982	0.954208	-0.622855	0.754781	0.205809	-0.781134	-0.585406	-0.217093
59118	10.143276	2.182123	-2.587415	0.397722	-0.599481	0.085555	-0.048639	-0.298848	0.953060	-0.625950	0.752689	0.204073	-0.778345	-0.586642	-0.223674
59119	9.187627	2.472521	-2.629299	0.354545	-0.584182	0.074075	-0.053670	-0.301693	0.951893	-0.628738	0.750787	0.202505	-0.775763	-0.587623	-0.229980
59120	8.884983	2.547420	-1.997480	0.311676	-0.594014	0.074217	-0.058793	-0.304626	0.950656	-0.631142	0.749165	0.201028	-0.773436	-0.588179	-0.236308
59121	9.041355	2.805754	-1.674451	0.304919	-0.624263	0.083424	-0.064170	-0.307650	0.949333	-0.633515	0.747583	0.199446	-0.771065	-0.588618	-0.242873
59122	8.923088	2.578514	-1.597984	0.337884	-0.601397	0.069606	-0.069296	-0.310669	0.947989	-0.636100	0.745794	0.197910	-0.768488	-0.589302	-0.249298
59123	8.951665	2.411861	-1.467579	0.367996	-0.603430	0.070724	-0.074402	-0.313678	0.946610	-0.638936	0.743804	0.196255	-0.765653	-0.590222	-0.255760
59124	9.302017	2.407877	-1.107097	0.405403	-0.604488	0.081833	-0.079600	-0.316639	0.945200	-0.642001	0.741653	0.194385	-0.762560	-0.591347	-0.262318
59125	9.115598	2.450442	-0.801795	0.426746	-0.547463	0.095024	-0.084400	-0.319151	0.943938	-0.645237	0.739386	0.192298	-0.759306	-0.592834	-0.268332
59126	9.915764	2.598346	-0.838006	0.476581	-0.593896	0.101397	-0.089609	-0.321926	0.942515	-0.648789	0.736867	0.190001	-0.755674	-0.594467	-0.274892
