// General information: 
//  MT Manager version: 2022.2.0 
//  XDA version: 2022.2.0 build 7381 rev 124627 built on 2023-07-19
// Device information: 
//  DeviceId: 00B4CB9F
//  ProductCode: MTW2-3A7G6
//  Firmware Version: 4.6.0
//  Hardware Version: 2.0.0
// Device settings: 
//  Filter Profile: human(46.1)
//  Option Flags: Orientation Smoother Disabled, Position/Velocity Smoother Disabled, Continuous Zero Rotation Update Disabled, AHS Disabled, ICC Disabled
// Coordinate system: ENU
PacketCounter	Acc_X	Acc_Y	Acc_Z	Gyr_X	Gyr_Y	Gyr_Z	Mat[1][1]	Mat[2][1]	Mat[3][1]	Mat[1][2]	Mat[2][2]	Mat[3][2]	Mat[1][3]	Mat[2][3]	Mat[3][3]
14288	9.786708	0.749717	0.861920	0.038911	0.033249	-0.032541	-0.094199	0.033790	0.994980	0.456360	-0.886769	0.073321	0.884795	0.460976	0.068112
14289	9.808362	0.774325	0.820185	0.031123	0.040365	-0.027845	-0.094627	0.033828	0.994938	0.456657	-0.886595	0.073576	0.884596	0.461308	0.068448
14290	9.830381	0.875406	0.776020	0.011734	0.042033	-0.021372	-0.095037	0.033823	0.994899	0.456737	-0.886538	0.073768	0.884511	0.461418	0.068805
14291	9.815881	0.975240	0.515779	-0.018418	0.047957	-0.015628	-0.095476	0.033717	0.994861	0.456607	-0.886596	0.073868	0.884530	0.461313	0.069253
14292	9.698157	1.025334	0.352407	-0.024508	0.030040	-0.026266	-0.095801	0.033816	0.994826	0.456325	-0.886724	0.074085	0.884641	0.461062	0.069518
14293	9.675817	0.992207	0.220591	-0.041237	0.003570	-0.033247	-0.095928	0.034071	0.994805	0.455977	-0.886881	0.074344	0.884807	0.460739	0.069541
14294	9.587027	0.948679	0.193576	-0.052821	-0.027451	-0.041612	-0.095814	0.034565	0.994799	0.455475	-0.887110	0.074693	0.885078	0.460262	0.069254
14295	9.623231	0.885505	0.255382	-0.045635	-0.057695	-0.044747	-0.095451	0.035205	0.994811	0.455076	-0.887283	0.075064	0.885322	0.459879	0.068671
14296	9.674141	0.762884	0.372906	-0.055705	-0.074829	-0.048016	-0.094953	0.035961	0.994832	0.454657	-0.887463	0.075475	0.885591	0.459474	0.067917
14297	9.784379	0.705507	0.377278	-0.060290	-0.081631	-0.043782	-0.094372	0.036702	0.994860	0.454129	-0.887703	0.075827	0.885924	0.458951	0.067107
14298	9.857987	0.627691	0.472878	-0.047517	-0.076583	-0.034581	-0.093796	0.037346	0.994891	0.453797	-0.887849	0.076111	0.886155	0.458617	0.066329
14299	9.858198	0.601274	0.518266	-0.019873	-0.067143	-0.022486	-0.093246	0.037830	0.994924	0.453648	-0.887911	0.076278	0.886289	0.458458	0.065633
14300	9.895452	0.636794	0.599624	0.011022	-0.052679	-0.010569	-0.092770	0.038162	0.994956	0.453768	-0.887842	0.076363	0.886278	0.458564	0.065048
14301	9.837177	0.673205	0.729336	0.039643	-0.030761	-0.001275	-0.092447	0.038291	0.994981	0.454166	-0.887639	0.076358	0.886108	0.458946	0.064669
14302	9.852045	0.773072	0.702928	0.065371	0.000470	0.002363	-0.092386	0.038252	0.994988	0.454887	-0.887271	0.076347	0.885744	0.459660	0.064571
14303	9.778499	0.979778	0.646536	0.078404	0.007676	0.005939	-0.092370	0.038141	0.994994	0.455634	-0.886891	0.076296	0.885362	0.460401	0.064544
14304	9.734242	1.101117	0.576989	0.075971	0.009024	-0.001337	-0.092394	0.038115	0.994993	0.456266	-0.886564	0.076330	0.885034	0.461034	0.064522
14305	9.638491	1.132582	0.571374	0.058122	0.005101	-0.004685	-0.092404	0.038110	0.994992	0.456824	-0.886273	0.076371	0.884745	0.461593	0.064486
14306	9.609241	1.137158	0.663621	0.028445	-0.013109	-0.010514	-0.092279	0.038255	0.994998	0.457138	-0.886103	0.076465	0.884596	0.461908	0.064281
14307	9.645707	1.028119	0.600973	-0.011162	-0.017362	-0.019526	-0.092158	0.038486	0.995000	0.457069	-0.886126	0.076609	0.884644	0.461844	0.064073
14308	9.704530	0.906977	0.622239	-0.024790	-0.025475	-0.016331	-0.091951	0.038741	0.995010	0.456898	-0.886204	0.076728	0.884754	0.461673	0.063786
14309	9.763788	0.804744	0.745202	-0.023110	-0.018257	-0.011643	-0.091786	0.038906	0.995018	0.456730	-0.886285	0.076786	0.884857	0.461503	0.063579
14310	9.749154	0.783203	0.765897	-0.016407	-0.008867	-0.007881	-0.091689	0.039003	0.995024	0.456699	-0.886298	0.076825	0.884884	0.461471	0.063451
14311	9.726366	0.752333	0.554173	-0.022126	-0.014671	0.000160	-0.091502	0.039047	0.995039	0.456551	-0.886379	0.076766	0.884979	0.461311	0.063279
14312	9.799687	0.786801	0.446384	-0.003699	-0.015965	0.001543	-0.091289	0.039116	0.995056	0.456430	-0.886445	0.076721	0.885064	0.461177	0.063069
14313	9.777675	0.794125	0.437320	0.010418	-0.021906	0.001575	-0.091032	0.039180	0.995077	0.456572	-0.886377	0.076669	0.885017	0.461303	0.062800
14314	9.800216	0.858982	0.516516	0.003349	-0.020611	-0.000925	-0.090798	0.039274	0.995095	0.456687	-0.886319	0.076652	0.884982	0.461407	0.062540
14315	9.785654	0.837239	0.535996	-0.001233	-0.027977	-0.011401	-0.090547	0.039481	0.995109	0.456714	-0.886299	0.076721	0.884994	0.461427	0.062220
14316	9.851783	0.845004	0.502934	0.008689	-0.016919	-0.012798	-0.090397	0.039665	0.995116	0.456840	-0.886225	0.076825	0.884944	0.461553	0.061991
14317	9.807675	0.808015	0.514311	0.010733	-0.020389	-0.009373	-0.090203	0.039820	0.995127	0.456974	-0.886151	0.076882	0.884894	0.461682	0.061737
14318	9.756379	0.771406	0.548890	0.013268	-0.019009	-0.002460	-0.089993	0.039914	0.995142	0.457226	-0.886021	0.076886	0.884786	0.461924	0.061486
14319	9.748968	0.801078	0.518312	0.022872	-0.009468	0.007078	-0.089821	0.039873	0.995159	0.457482	-0.885897	0.076786	0.884671	0.462165	0.061331
14320	9.734365	0.753848	0.514009	0.026233	-0.017282	0.011242	-0.089557	0.039850	0.995184	0.457749	-0.885770	0.076662	0.884559	0.462410	0.061086
14321	9.757362	0.788769	0.645866	0.023611	-0.014706	0.014589	-0.089304	0.039766	0.995210	0.458018	-0.885646	0.076488	0.884446	0.462655	0.060878
14322	9.742638	0.794117	0.614419	0.027195	-0.001477	0.013376	-0.089173	0.039647	0.995227	0.458334	-0.885495	0.076343	0.884295	0.462954	0.060790
14323	9.684019	0.809845	0.646660	0.041894	0.006268	0.011701	-0.089118	0.039492	0.995238	0.458762	-0.885285	0.076209	0.884079	0.463369	0.060778
14324	9.705700	0.936397	0.546197	0.042240	0.005024	0.010554	-0.089056	0.039372	0.995248	0.459173	-0.885081	0.076101	0.883872	0.463768	0.060743
14325	9.668790	1.027059	0.505440	0.013514	-0.000736	0.001953	-0.088984	0.039336	0.995256	0.459341	-0.884999	0.076047	0.883792	0.463929	0.060682
14326	9.712801	1.040853	0.466843	0.018171	-0.006786	0.002028	-0.088850	0.039362	0.995267	0.459385	-0.884979	0.076011	0.883782	0.463965	0.060548
14327	9.749463	1.031328	0.426148	-0.008727	-0.018136	0.002498	-0.088622	0.039402	0.995286	0.459358	-0.884999	0.075937	0.883819	0.463922	0.060331
14328	9.757340	0.972769	0.505539	-0.030159	-0.029174	-0.004411	-0.088325	0.039571	0.995305	0.459127	-0.885119	0.075934	0.883969	0.463679	0.060010
14329	9.772290	0.812280	0.539084	-0.042256	-0.039507	-0.006094	-0.087947	0.039786	0.995330	0.458796	-0.885292	0.075926	0.884179	0.463331	0.059605
14330	9.794029	0.655457	0.471594	-0.037114	-0.040712	-0.002549	-0.087538	0.039996	0.995358	0.458467	-0.885465	0.075901	0.884390	0.462983	0.059175
14331	9.786767	0.554943	0.470113	-0.012091	-0.025901	0.003016	-0.087239	0.040067	0.995381	0.458410	-0.885501	0.075821	0.884449	0.462907	0.058883
14332	9.794834	0.572838	0.546413	0.011142	-0.017703	0.009189	-0.086989	0.040049	0.995404	0.458685	-0.885368	0.075707	0.884331	0.463163	0.058647
14333	9.802720	0.643656	0.596075	0.033750	-0.001531	0.007510	-0.086884	0.039968	0.995416	0.459037	-0.885194	0.075609	0.884158	0.463503	0.058563
14334	9.773668	0.675272	0.636792	0.039048	0.003361	0.015688	-0.086787	0.039801	0.995432	0.459508	-0.884963	0.075446	0.883923	0.463957	0.058514
14335	9.752168	0.754231	0.704318	0.054813	0.016843	0.010706	-0.086830	0.039605	0.995436	0.460050	-0.884692	0.075328	0.883637	0.464490	0.058598
14336	9.678910	0.825441	0.757133	0.051446	0.024649	0.006531	-0.086954	0.039442	0.995431	0.460418	-0.884506	0.075266	0.883433	0.464859	0.058751
14337	9.730097	0.862389	0.722307	0.033735	0.023478	0.002910	-0.087092	0.039285	0.995425	0.460766	-0.884329	0.075213	0.883238	0.465208	0.058917
14338	9.788519	0.898600	0.663774	0.031556	0.014743	-0.000304	-0.087163	0.039214	0.995422	0.461075	-0.884169	0.075205	0.883070	0.465519	0.058986
14339	9.818266	0.963153	0.723023	0.024737	0.021522	-0.003467	-0.087312	0.039122	0.995412	0.461338	-0.884031	0.075211	0.882918	0.465788	0.059138
14340	9.721612	0.950580	0.592499	0.003328	0.004391	-0.005509	-0.087312	0.039159	0.995411	0.461275	-0.884061	0.075239	0.882951	0.465728	0.059126
14341	9.706625	0.880196	0.565043	-0.016976	-0.009746	-0.001049	-0.087175	0.039191	0.995422	0.461172	-0.884119	0.075197	0.883018	0.465616	0.058999
14342	9.698824	0.731681	0.516895	-0.029306	-0.009987	-0.006747	-0.087055	0.039302	0.995428	0.460861	-0.884279	0.075218	0.883192	0.465302	0.058869
14343	9.676544	0.715172	0.484350	-0.026418	-0.009841	-0.000983	-0.086917	0.039334	0.995439	0.460674	-0.884381	0.075169	0.883303	0.465106	0.058747
14344	9.772104	0.660139	0.464191	-0.015900	-0.010114	0.000487	-0.086761	0.039385	0.995450	0.460445	-0.884503	0.075127	0.883438	0.464868	0.058606
14345	9.816279	0.697972	0.449872	0.009805	-0.007251	0.003626	-0.086624	0.039364	0.995463	0.460582	-0.884438	0.075053	0.883380	0.464994	0.058483
14346	9.816498	0.722049	0.474015	0.035847	0.000473	0.000785	-0.086566	0.039350	0.995469	0.460938	-0.884254	0.075037	0.883200	0.465345	0.058409
14347	9.817540	0.790329	0.625021	0.048981	0.007070	-0.000982	-0.086577	0.039303	0.995470	0.461417	-0.884005	0.075032	0.882949	0.465823	0.058399
14348	9.818387	0.781899	0.780376	0.059252	0.026329	-0.003447	-0.086761	0.039218	0.995457	0.461860	-0.883770	0.075073	0.882699	0.466275	0.058564
14349	9.796567	0.732373	0.881145	0.059763	0.043993	0.005087	-0.087070	0.038946	0.995441	0.462439	-0.883472	0.075014	0.882366	0.466862	0.058914
14350	9.715265	0.732050	0.885615	0.064554	0.047383	0.014711	-0.087364	0.038584	0.995429	0.463112	-0.883131	0.074876	0.881984	0.467536	0.059285
14351	9.759502	0.711665	0.982000	0.074825	0.063881	0.022001	-0.087769	0.038068	0.995413	0.463838	-0.882769	0.074659	0.881562	0.468263	0.059822
14352	9.670814	0.735203	1.037482	0.083778	0.097523	0.033560	-0.088413	0.037314	0.995385	0.464608	-0.882390	0.074346	0.881092	0.469037	0.060679
14353	9.706652	0.828636	0.952032	0.092787	0.121057	0.039676	-0.089239	0.036373	0.995346	0.465508	-0.881948	0.073965	0.880533	0.469942	0.061772
14354	9.610414	0.986321	0.925944	0.102469	0.132633	0.043396	-0.090143	0.035369	0.995301	0.466414	-0.881502	0.073568	0.879961	0.470854	0.062965
14355	9.690689	1.040205	0.831788	0.067441	0.116252	0.029935	-0.090970	0.034536	0.995255	0.467082	-0.881173	0.073270	0.879522	0.471530	0.064029
14356	9.749153	1.126870	0.754429	0.044134	0.117502	0.014370	-0.091879	0.033852	0.995195	0.467499	-0.880964	0.073127	0.879206	0.471971	0.065116
14357	9.770796	1.200003	0.692089	-0.001547	0.114883	0.000298	-0.092831	0.033285	0.995125	0.467532	-0.880950	0.073081	0.879088	0.472038	0.066218
14358	9.777433	1.077124	0.556924	-0.057678	0.090979	-0.005587	-0.093601	0.032903	0.995066	0.467037	-0.881214	0.073070	0.879270	0.471572	0.067115
14359	9.836534	0.922551	0.231763	-0.107460	0.046009	-0.011795	-0.094004	0.032768	0.995032	0.466128	-0.881695	0.073072	0.879709	0.470681	0.067608
14360	9.859127	0.754376	-0.083459	-0.133056	-0.004009	-0.015350	-0.093984	0.032914	0.995029	0.465015	-0.882279	0.073107	0.880300	0.469575	0.067615
14361	9.829451	0.516839	-0.237407	-0.138800	-0.044193	-0.002686	-0.093551	0.033122	0.995063	0.463838	-0.882908	0.072997	0.880967	0.468377	0.067234
14362	9.792190	0.376818	-0.274183	-0.109102	-0.080007	0.002186	-0.092780	0.033468	0.995124	0.462956	-0.883380	0.072874	0.881512	0.467460	0.066466
14363	9.798858	0.338030	-0.099095	-0.057084	-0.095752	0.006138	-0.091851	0.033839	0.995198	0.462506	-0.883628	0.072732	0.881846	0.466965	0.065512
14364	9.806365	0.476956	0.093232	0.003536	-0.092781	0.012838	-0.090917	0.034151	0.995273	0.462617	-0.883582	0.072578	0.881884	0.467029	0.064534
14365	9.769923	0.553545	0.274112	0.045058	-0.092700	0.010493	-0.089995	0.034469	0.995346	0.463071	-0.883354	0.072460	0.881740	0.467437	0.063536
14366	9.800287	0.713980	0.421402	0.075697	-0.081661	0.007846	-0.089180	0.034777	0.995408	0.463784	-0.882985	0.072401	0.881448	0.468111	0.062616
14367	9.786233	0.764370	0.509078	0.064910	-0.071333	0.002250	-0.088485	0.035069	0.995460	0.464405	-0.882661	0.072376	0.881191	0.468701	0.061816
14368	9.801874	0.855087	0.631139	0.053789	-0.056398	0.002751	-0.087918	0.035306	0.995502	0.464910	-0.882397	0.072354	0.880982	0.469180	0.061164
14369	9.721896	0.923952	0.776448	0.067255	-0.047729	0.004768	-0.087419	0.035466	0.995540	0.465554	-0.882061	0.072304	0.880692	0.469798	0.060597
14370	9.715276	0.892078	0.924980	0.068567	-0.029824	0.010626	-0.087048	0.035509	0.995571	0.466199	-0.881728	0.072210	0.880387	0.470420	0.060198
14371	9.678506	0.827622	0.887952	0.077411	-0.014461	0.027276	-0.086737	0.035314	0.995605	0.466951	-0.881352	0.071942	0.880019	0.471139	0.059955
14372	9.634693	0.840548	0.871510	0.083111	-0.011453	0.028968	-0.086444	0.035103	0.995638	0.467793	-0.880927	0.071674	0.879600	0.471949	0.059730
14373	9.686496	0.821895	0.861121	0.085961	-0.007955	0.039634	-0.086132	0.034770	0.995677	0.468630	-0.880513	0.071288	0.879185	0.472745	0.059546
14374	9.768263	0.839043	0.961317	0.075094	-0.000342	0.034420	-0.085906	0.034472	0.995707	0.469276	-0.880196	0.070961	0.878863	0.473357	0.059437
14375	9.776319	0.908345	1.011972	0.053558	0.024390	0.033551	-0.085906	0.034040	0.995722	0.469822	-0.879932	0.070616	0.878571	0.473878	0.059599
14376	9.768927	0.907140	1.038441	0.020948	0.047928	0.023271	-0.086157	0.033612	0.995714	0.469983	-0.879866	0.070368	0.878460	0.474032	0.060010
14377	9.760367	0.869381	0.786272	-0.006214	0.050116	0.015264	-0.086469	0.033218	0.995701	0.469989	-0.879879	0.070169	0.878427	0.474036	0.060470
14378	9.752227	0.884929	0.505616	-0.021128	0.039692	0.007922	-0.086725	0.032952	0.995687	0.469875	-0.879949	0.070048	0.878462	0.473924	0.060830
14379	9.795397	0.775393	0.348916	-0.053672	0.025459	0.006791	-0.086860	0.032750	0.995682	0.469457	-0.880184	0.069905	0.878673	0.473502	0.061078
14380	9.765125	0.661426	0.244654	-0.062291	0.006750	0.004105	-0.086841	0.032686	0.995686	0.468876	-0.880502	0.069799	0.878985	0.472915	0.061139
14381	9.742558	0.595390	0.164184	-0.055420	-0.010132	0.001922	-0.086687	0.032695	0.995699	0.468438	-0.880743	0.069703	0.879234	0.472465	0.061033
14382	9.764333	0.506618	0.251032	-0.041863	-0.021006	-0.001511	-0.086453	0.032801	0.995716	0.468119	-0.880915	0.069663	0.879426	0.472137	0.060803
14383	9.808636	0.487604	0.340579	-0.016849	-0.025837	-0.001506	-0.086176	0.032914	0.995736	0.468017	-0.880972	0.069625	0.879508	0.472021	0.060514
14384	9.838297	0.531933	0.294099	0.004010	-0.023107	-0.003081	-0.085927	0.033051	0.995753	0.468033	-0.880964	0.069629	0.879523	0.472028	0.060230
14385	9.794806	0.591696	0.403384	0.032262	-0.019580	0.001623	-0.085691	0.033107	0.995772	0.468365	-0.880790	0.069590	0.879370	0.472348	0.059969
14386	9.758645	0.650250	0.489662	0.040368	-0.015186	0.000778	-0.085488	0.033188	0.995786	0.468559	-0.880688	0.069578	0.879286	0.472533	0.059738
14387	9.810739	0.707212	0.553064	0.050509	-0.004809	0.003438	-0.085373	0.033159	0.995797	0.469053	-0.880429	0.069531	0.879034	0.473018	0.059612
14388	9.767043	0.742333	0.639916	0.049101	0.009610	0.008027	-0.085364	0.033028	0.995802	0.469620	-0.880133	0.069449	0.878732	0.473577	0.059621
14389	9.760159	0.791983	0.712510	0.037769	0.006303	0.004243	-0.085343	0.032939	0.995807	0.470002	-0.879934	0.069386	0.878530	0.473953	0.059615
14390	9.701052	0.759929	0.696143	0.034681	0.010781	0.013989	-0.085316	0.032750	0.995816	0.470443	-0.879710	0.069236	0.878296	0.474382	0.059646
14391	9.708390	0.785824	0.621455	0.037315	0.020990	0.015647	-0.085370	0.032491	0.995819	0.470831	-0.879516	0.069060	0.878083	0.474758	0.059786
14392	9.657040	0.829156	0.578727	0.035147	0.012263	0.012494	-0.085361	0.032320	0.995826	0.471170	-0.879345	0.068927	0.877903	0.475086	0.059833
14393	9.716158	0.831236	0.648972	0.028463	0.006263	0.013753	-0.085294	0.032147	0.995837	0.471478	-0.879193	0.068764	0.877743	0.475380	0.059833
14394	9.745375	0.796961	0.609015	0.016437	0.005455	0.012241	-0.085227	0.032011	0.995847	0.471656	-0.879108	0.068623	0.877654	0.475546	0.059826
14395	9.796641	0.755404	0.576027	-0.000722	-0.003589	0.007126	-0.085105	0.031943	0.995860	0.471703	-0.879092	0.068509	0.877641	0.475580	0.059747
14396	9.796681	0.754604	0.576402	-0.001286	0.011084	0.009088	-0.085102	0.031800	0.995865	0.471784	-0.879058	0.068387	0.877598	0.475653	0.059807
14397	9.825857	0.720399	0.536856	-0.011420	0.004082	0.011372	-0.085028	0.031659	0.995875	0.471740	-0.879094	0.068224	0.877628	0.475595	0.059813
14398	9.788876	0.708773	0.475528	-0.011636	0.014140	0.007276	-0.085058	0.031526	0.995877	0.471651	-0.879151	0.068115	0.877674	0.475500	0.059909
14399	9.707573	0.655829	0.505656	-0.007343	0.018761	0.008569	-0.085125	0.031340	0.995877	0.471640	-0.879167	0.067982	0.877673	0.475483	0.060058
14400	9.663053	0.621310	0.443361	0.006079	0.005137	0.005505	-0.085087	0.031257	0.995883	0.471783	-0.879096	0.067900	0.877599	0.475619	0.060053
14401	9.751454	0.615215	0.497363	0.010833	0.001801	0.005254	-0.085021	0.031180	0.995891	0.471930	-0.879024	0.067811	0.877527	0.475756	0.060021
14402	9.824960	0.587556	0.573918	0.002531	0.013554	-0.002856	-0.085095	0.031141	0.995886	0.471941	-0.879019	0.067812	0.877514	0.475770	0.060103
14403	9.773842	0.652892	0.633106	0.005168	0.023762	-0.001204	-0.085252	0.031016	0.995877	0.472032	-0.878972	0.067784	0.877450	0.475864	0.060294
14404	9.751753	0.653391	0.782006	-0.007218	0.017465	-0.011442	-0.085401	0.031032	0.995863	0.471969	-0.878999	0.067864	0.877469	0.475812	0.060421
14405	9.773725	0.674844	0.738662	-0.012452	0.022679	-0.004785	-0.085565	0.030944	0.995852	0.471903	-0.879035	0.067861	0.877489	0.475752	0.060613
14406	9.751468	0.686491	0.656417	-0.017459	0.020544	-0.003826	-0.085706	0.030874	0.995842	0.471785	-0.879098	0.067858	0.877538	0.475640	0.060778
14407	9.795176	0.654885	0.494749	0.000279	0.024359	-0.000601	-0.085866	0.030742	0.995832	0.471834	-0.879075	0.067822	0.877496	0.475691	0.060977
14408	9.780186	0.632970	0.519235	0.018729	0.025685	0.000369	-0.086037	0.030595	0.995822	0.472183	-0.878889	0.067799	0.877292	0.476044	0.061171
14409	9.735635	0.591413	0.612009	0.008595	0.018685	0.002644	-0.086132	0.030462	0.995818	0.472308	-0.878827	0.067735	0.877215	0.476167	0.061308
14410	9.845905	0.582086	0.597574	0.005017	0.011576	-0.000907	-0.086171	0.030433	0.995815	0.472164	-0.878906	0.067718	0.877289	0.476023	0.061367
14411	9.890523	0.668777	0.634674	0.002301	0.026968	-0.002043	-0.086361	0.030300	0.995803	0.472229	-0.878873	0.067696	0.877235	0.476093	0.061591
14412	9.817040	0.721509	0.586151	-0.000413	0.035622	-0.013031	-0.086676	0.030246	0.995777	0.472197	-0.878882	0.067797	0.877221	0.476079	0.061896
14413	9.765512	0.767535	0.545553	0.001378	0.038841	-0.018624	-0.087048	0.030203	0.995746	0.472240	-0.878848	0.067940	0.877161	0.476145	0.062239
14414	9.647344	0.780410	0.588260	0.000557	0.037929	-0.030740	-0.087470	0.030279	0.995707	0.472325	-0.878781	0.068216	0.877073	0.476264	0.062566
14415	9.616790	0.686644	0.663625	-0.021601	0.020680	-0.030049	-0.087737	0.030423	0.995679	0.472156	-0.878853	0.068458	0.877138	0.476123	0.062743
14416	9.704479	0.634875	0.670883	-0.039469	0.017487	-0.028018	-0.087967	0.030571	0.995654	0.471901	-0.878972	0.068682	0.877252	0.475892	0.062894
14417	9.792413	0.586790	0.600668	-0.027695	0.012828	-0.025773	-0.088145	0.030715	0.995634	0.471682	-0.879074	0.068878	0.877352	0.475694	0.062998
14418	9.924927	0.625349	0.565922	-0.014960	0.020591	-0.026446	-0.088391	0.030848	0.995608	0.471523	-0.879142	0.069102	0.877413	0.475560	0.063162
14419	9.998336	0.677304	0.640385	-0.016163	0.021585	-0.022709	-0.088630	0.030924	0.995584	0.471408	-0.879190	0.069275	0.877450	0.475466	0.063345
14420	9.931853	0.677285	0.597073	-0.014282	0.043705	-0.018759	-0.089048	0.030864	0.995549	0.471404	-0.879181	0.069421	0.877410	0.475487	0.063740
14421	9.873127	0.753107	0.527839	-0.007382	0.045721	-0.020790	-0.089491	0.030807	0.995511	0.471367	-0.879188	0.069581	0.877385	0.475478	0.064157
14422	9.770059	0.839702	0.521753	-0.008022	0.063728	-0.013934	-0.090053	0.030635	0.995466	0.471195	-0.879272	0.069685	0.877420	0.475333	0.064746
14423	9.674753	1.002090	0.488952	0.001155	0.054949	-0.018207	-0.090564	0.030512	0.995423	0.471235	-0.879239	0.069824	0.877346	0.475402	0.065249
14424	9.623504	1.052714	0.372569	0.007725	0.051477	-0.028963	-0.091094	0.030515	0.995375	0.471318	-0.879174	0.070087	0.877246	0.475522	0.065705
14425	9.644222	1.015906	0.514371	0.018799	0.045952	-0.029368	-0.091579	0.030533	0.995330	0.471503	-0.879054	0.070349	0.877096	0.475743	0.066106
14426	9.605853	0.972177	0.663201	0.005924	0.050938	-0.033214	-0.092129	0.030562	0.995278	0.471700	-0.878924	0.070652	0.876933	0.475982	0.066559
14427	9.619093	0.863217	0.755015	-0.031126	0.042773	-0.025123	-0.092566	0.030557	0.995238	0.471451	-0.879043	0.070839	0.877021	0.475763	0.066963
14428	9.853935	0.739901	0.738779	-0.040884	0.034514	-0.024006	-0.092925	0.030592	0.995203	0.471163	-0.879183	0.071019	0.877138	0.475502	0.067284
14429	10.294723	0.751595	0.808287	-0.019604	0.042101	-0.022085	-0.093342	0.030564	0.995165	0.471017	-0.879247	0.071183	0.877172	0.475384	0.067674
14430	10.419116	0.737958	0.830183	0.024864	0.079413	-0.004836	-0.094001	0.030231	0.995113	0.471201	-0.879146	0.071219	0.877002	0.475593	0.068395
14431	10.181929	0.681082	0.919844	0.091102	0.112989	0.007869	-0.094898	0.029602	0.995047	0.472054	-0.878693	0.071161	0.876447	0.476469	0.069412
14432	9.758513	0.672737	1.205641	0.158548	0.142166	0.021278	-0.095986	0.028731	0.994968	0.473507	-0.877921	0.071031	0.875544	0.477942	0.070664
14433	9.443444	0.676473	1.580018	0.197807	0.179884	0.038824	-0.097319	0.027507	0.994873	0.475323	-0.876963	0.070743	0.874413	0.479770	0.072270
14434	9.302340	0.800986	2.034952	0.227591	0.238299	0.041097	-0.099145	0.026004	0.994733	0.477314	-0.875902	0.070472	0.873122	0.481787	0.074429
14435	9.260140	0.945563	2.528728	0.257963	0.330377	0.030172	-0.101826	0.024123	0.994510	0.479642	-0.874642	0.070326	0.871536	0.484170	0.077491
14436	9.250884	1.070081	3.278642	0.271859	0.459168	0.019050	-0.105677	0.021716	0.994163	0.482105	-0.873286	0.070322	0.869717	0.486723	0.081817
14437	9.191633	1.335959	4.122577	0.267911	0.618878	0.020084	-0.110899	0.018500	0.993659	0.484502	-0.871960	0.070308	0.867732	0.489227	0.087736
14438	9.125042	1.674031	4.509093	0.199553	0.738237	0.034390	-0.117081	0.014556	0.993016	0.486441	-0.870895	0.070119	0.865833	0.491253	0.094885
14439	11.325173	2.244632	4.044226	0.077543	0.787550	0.046775	-0.123610	0.010256	0.992278	0.487216	-0.870496	0.069691	0.864489	0.492068	0.102605
14440	8.032658	3.003923	3.503589	-0.157797	0.868308	0.047991	-0.130827	0.005597	0.991389	0.485740	-0.871374	0.069019	0.864257	0.490587	0.111281
14441	8.635760	2.893324	2.197211	-0.347973	0.688766	-0.005140	-0.136751	0.002252	0.990603	0.482773	-0.873052	0.068631	0.865003	0.487621	0.118304
14442	9.100599	2.777033	1.541547	-0.499659	0.637829	-0.038555	-0.142411	-0.000539	0.989808	0.478569	-0.875383	0.068379	0.866424	0.483429	0.124922
14443	9.758033	2.324927	1.299681	-0.607316	0.639675	-0.060852	-0.148192	-0.003102	0.988954	0.473262	-0.878281	0.068162	0.868368	0.478135	0.131622
14444	10.137093	1.840711	1.372098	-0.594091	0.635714	-0.072894	-0.154014	-0.005501	0.988053	0.468084	-0.881059	0.068058	0.870159	0.472974	0.138270
14445	10.559235	1.293162	0.826980	-0.525234	0.586800	-0.065963	-0.159375	-0.007703	0.987188	0.463456	-0.883512	0.067928	0.871670	0.468345	0.144380
14446	10.298067	1.012666	0.081995	-0.454600	0.509404	-0.049160	-0.163997	-0.009687	0.986413	0.459637	-0.885521	0.067721	0.872834	0.464498	0.149675
14447	10.069097	1.056126	-0.600136	-0.445491	0.394377	-0.023484	-0.167494	-0.011325	0.985808	0.455757	-0.887561	0.067239	0.874203	0.460551	0.153822
14448	9.802467	0.803343	-1.252717	-0.421958	0.250416	0.003194	-0.169624	-0.012500	0.985429	0.452077	-0.889494	0.066534	0.875702	0.456776	0.156531
14449	9.875510	0.899530	-1.576083	-0.354510	0.105413	0.004933	-0.170470	-0.013047	0.985276	0.449029	-0.891084	0.065891	0.877105	0.453650	0.157762
14450	9.669152	1.218248	-1.479554	-0.347226	-0.045754	-0.024340	-0.170127	-0.012638	0.985341	0.446035	-0.892611	0.065563	0.878698	0.450650	0.157495
14451	9.403907	1.347218	-1.363536	-0.375124	-0.227869	-0.056065	-0.168317	-0.011137	0.985670	0.442691	-0.894280	0.065491	0.880735	0.447370	0.155452
14452	9.292184	1.004483	-1.373720	-0.434961	-0.390949	-0.072164	-0.165133	-0.008759	0.986232	0.438807	-0.896190	0.065514	0.883278	0.443584	0.151834
14453	9.272421	0.277006	-1.223824	-0.454542	-0.513311	-0.056379	-0.160783	-0.006010	0.986972	0.434744	-0.898179	0.065353	0.886085	0.439588	0.147025
14454	9.300759	-0.469476	-0.675196	-0.417392	-0.605514	-0.002264	-0.155363	-0.003345	0.987852	0.431096	-0.899980	0.064753	0.888830	0.435919	0.141266
14455	9.607966	-1.221501	0.154097	-0.303322	-0.667578	0.086215	-0.148996	-0.001244	0.988837	0.428578	-0.901275	0.063443	0.891135	0.433246	0.134820
14456	9.573093	-1.554641	1.072949	-0.155514	-0.632957	0.213293	-0.142386	-0.000440	0.989811	0.427589	-0.901905	0.061108	0.892689	0.431933	0.128607
14457	9.497961	-1.660084	1.637675	0.015641	-0.597100	0.340190	-0.135542	-0.000953	0.990771	0.428252	-0.901814	0.057719	0.893437	0.432123	0.122642
14458	9.573525	-1.534967	1.768203	0.207914	-0.565234	0.449086	-0.128510	-0.002566	0.991705	0.430794	-0.900863	0.053493	0.893253	0.434095	0.116876
14459	9.421011	-0.839578	1.839012	0.377762	-0.525148	0.519277	-0.121519	-0.004976	0.992577	0.434865	-0.899176	0.048732	0.892259	0.437559	0.111431
14460	9.425185	0.123111	1.854874	0.530935	-0.551853	0.540268	-0.114180	-0.007415	0.993432	0.440332	-0.896760	0.043917	0.890545	0.442454	0.105657
14461	9.532007	1.495813	1.884240	0.564058	-0.538809	0.498301	-0.107123	-0.009503	0.994200	0.445950	-0.894186	0.039504	0.888625	0.447595	0.100026
14462	9.655044	2.557447	1.933591	0.473030	-0.564117	0.410434	-0.100216	-0.010656	0.994909	0.450741	-0.891934	0.035850	0.887011	0.452039	0.094189
14463	10.265026	3.363817	2.124324	0.353256	-0.550813	0.312599	-0.093863	-0.010966	0.995525	0.454224	-0.890275	0.033020	0.885929	0.455291	0.088545
14464	10.277778	3.825541	2.220908	0.159287	-0.517483	0.212446	-0.088256	-0.010508	0.996042	0.455920	-0.889480	0.031014	0.885634	0.456853	0.083293
14465	9.928527	3.749402	1.968992	-0.084984	-0.485810	0.131369	-0.083297	-0.009482	0.996480	0.455327	-0.889832	0.029594	0.886419	0.456189	0.078438
14466	10.296465	3.204816	1.420919	-0.316866	-0.503531	0.103160	-0.078311	-0.008111	0.996896	0.452629	-0.891250	0.028304	0.888254	0.453440	0.073466
14467	9.882119	2.624430	0.930823	-0.571305	-0.466418	0.134787	-0.073498	-0.007234	0.997269	0.447695	-0.893793	0.026511	0.891161	0.448421	0.068931
14468	9.521094	1.667284	0.064011	-0.771724	-0.480367	0.158873	-0.068455	-0.006525	0.997633	0.440995	-0.897178	0.024392	0.894895	0.441621	0.064294
14469	9.166601	0.774111	-0.629437	-0.862070	-0.513631	0.217741	-0.062840	-0.006258	0.998004	0.433452	-0.900916	0.021644	0.898983	0.433947	0.059326
14470	8.462617	-0.379071	-1.567030	-0.842923	-0.560933	0.261877	-0.056611	-0.006212	0.998377	0.426074	-0.904498	0.018532	0.902915	0.426432	0.053851
14471	10.273009	-0.884046	-1.956879	-0.669314	-0.585112	0.305140	-0.049972	-0.006524	0.998729	0.420230	-0.907292	0.015100	0.906041	0.420450	0.048081
14472	9.771201	-1.022690	-2.115608	-0.560051	-0.569893	0.328694	-0.043376	-0.007131	0.999033	0.415351	-0.909588	0.011542	0.908627	0.415450	0.042416
14473	10.226056	-1.204334	-2.143895	-0.436907	-0.609221	0.334749	-0.036395	-0.007685	0.999308	0.411556	-0.911349	0.007981	0.910657	0.411562	0.036332
14474	10.136712	-1.169321	-2.049892	-0.255974	-0.551191	0.350704	-0.029881	-0.008621	0.999516	0.409365	-0.912360	0.004369	0.911881	0.409298	0.030792
14475	10.179890	-1.194689	-1.915306	-0.073990	-0.581377	0.345902	-0.023108	-0.009426	0.999689	0.408828	-0.912611	0.000846	0.912319	0.408720	0.024942
14476	10.400091	-0.915671	-1.627603	0.125703	-0.542105	0.359320	-0.016637	-0.010491	0.999807	0.410127	-0.912024	-0.002745	0.911877	0.410002	0.019476
14477	10.573921	-0.283390	-1.275052	0.314971	-0.519451	0.370743	-0.010322	-0.011758	0.999878	0.413092	-0.910666	-0.006444	0.910631	0.412975	0.014257
14478	10.218092	0.243854	-0.610297	0.402973	-0.467619	0.366941	-0.004486	-0.013160	0.999903	0.416850	-0.908919	-0.010093	0.908964	0.416765	0.009564
14479	9.574391	0.387689	-0.092206	0.440148	-0.436227	0.351598	0.001003	-0.014551	0.999894	0.420898	-0.907006	-0.013622	0.907108	0.420867	0.005215
14480	9.188205	0.373274	0.548681	0.403239	-0.407154	0.318281	0.006097	-0.015717	0.999858	0.424602	-0.905224	-0.016819	0.905359	0.424645	0.001154
14481	9.005716	0.183556	0.845230	0.344540	-0.376832	0.285289	0.010777	-0.016716	0.999802	0.427739	-0.903687	-0.019720	0.903838	0.427867	-0.002589
14482	9.151157	-0.037437	0.874591	0.332355	-0.372076	0.265490	0.015335	-0.017517	0.999729	0.430750	-0.902193	-0.022415	0.902341	0.430977	-0.006290
14483	9.475422	-0.405940	1.127503	0.315504	-0.358956	0.257540	0.019740	-0.018311	0.999637	0.433593	-0.900760	-0.025062	0.900893	0.433930	-0.009842
14484	9.544601	-1.075213	1.529181	0.301060	-0.368847	0.264959	0.024270	-0.019092	0.999523	0.436291	-0.899377	-0.027773	0.899478	0.436757	-0.013498
14485	9.720706	-1.856086	1.735611	0.284089	-0.384567	0.268777	0.028958	-0.019847	0.999384	0.438815	-0.898058	-0.030550	0.898111	0.439429	-0.017297
14486	9.942681	-2.473983	1.599292	0.292644	-0.377961	0.249983	0.033507	-0.020428	0.999230	0.441423	-0.896687	-0.033134	0.896674	0.442193	-0.021028
14487	10.110581	-2.708421	1.717676	0.351138	-0.338851	0.204824	0.037506	-0.020783	0.999080	0.444538	-0.895064	-0.035308	0.894975	0.445453	-0.024331
14488	10.115982	-2.521297	1.940485	0.413643	-0.265090	0.143865	0.040575	-0.020890	0.998958	0.448219	-0.893163	-0.036883	0.893003	0.449248	-0.026877
14489	10.047889	-2.154954	2.122208	0.452277	-0.167373	0.076989	0.042471	-0.020845	0.998880	0.452262	-0.891082	-0.037825	0.890873	0.453362	-0.028418
14490	10.034755	-1.807843	2.375121	0.486721	-0.062448	0.034669	0.043240	-0.020877	0.998847	0.456630	-0.888830	-0.038345	0.888605	0.457761	-0.028900
14491	10.066301	-1.416791	2.517506	0.499352	0.025317	0.014964	0.043140	-0.021149	0.998845	0.461096	-0.886507	-0.038686	0.886301	0.462233	-0.028492
14492	10.069650	-1.083851	2.436251	0.484547	0.087277	0.018383	0.042506	-0.021728	0.998860	0.465409	-0.884235	-0.039039	0.884075	0.466538	-0.027473
14493	9.857923	-0.897314	2.291734	0.396753	0.082389	0.044152	0.042042	-0.022526	0.998862	0.468935	-0.882343	-0.039635	0.882231	0.470068	-0.026532
14494	9.569611	-0.678930	1.093519	0.223678	0.004147	0.067950	0.042377	-0.023156	0.998833	0.470925	-0.881247	-0.040410	0.881155	0.472088	-0.026440
14495	9.253652	-0.263860	-0.286563	0.103653	-0.098857	0.070898	0.043638	-0.023335	0.998775	0.471849	-0.880717	-0.041193	0.880599	0.473068	-0.027422
14496	9.041735	-0.046412	-1.138785	0.015805	-0.204451	0.060192	0.045775	-0.022910	0.998689	0.472009	-0.880601	-0.041836	0.880405	0.473305	-0.029496
14497	9.143991	-0.142595	-1.531942	-0.032310	-0.277434	0.041612	0.048471	-0.021986	0.998583	0.471746	-0.880720	-0.042289	0.880401	0.473127	-0.032317
14498	9.416131	-0.484765	-1.526055	-0.044010	-0.310100	0.023069	0.051360	-0.020734	0.998465	0.471398	-0.880894	-0.042541	0.880424	0.472859	-0.035469
14499	9.647938	-0.888722	-1.478041	-0.033838	-0.322091	0.005420	0.054278	-0.019281	0.998340	0.471138	-0.881029	-0.042630	0.880388	0.472669	-0.038737
14500	9.838685	-1.275827	-1.342390	0.025483	-0.336556	0.007366	0.057329	-0.017765	0.998197	0.471400	-0.880883	-0.042751	0.880054	0.473001	-0.042126
14501	9.886173	-1.386284	-1.107398	0.124281	-0.353520	0.000834	0.060500	-0.016120	0.998038	0.472533	-0.880270	-0.042862	0.879234	0.474199	-0.045639
14502	9.960052	-1.160541	-0.792650	0.228882	-0.368391	-0.009683	0.063743	-0.014296	0.997864	0.474586	-0.879162	-0.042911	0.877898	0.476308	-0.049256
14503	9.961351	-0.738762	-0.483189	0.299108	-0.360729	-0.012433	0.066905	-0.012485	0.997681	0.477258	-0.877711	-0.042989	0.876213	0.479027	-0.052764
14504	9.939575	-0.276953	-0.108387	0.327323	-0.358854	-0.021703	0.069997	-0.010582	0.997491	0.480175	-0.876119	-0.042989	0.874375	0.481980	-0.056244
14505	9.881070	-0.062332	0.302376	0.310488	-0.349022	-0.021973	0.072997	-0.008724	0.997294	0.482942	-0.874596	-0.042999	0.872604	0.484774	-0.059630
14506	9.743527	0.030368	0.583848	0.240673	-0.347095	-0.016991	0.075994	-0.006900	0.997084	0.485097	-0.873402	-0.043016	0.871152	0.486952	-0.063026
14507	9.778517	-0.221033	0.876347	0.148503	-0.353106	-0.011016	0.079072	-0.005103	0.996856	0.486438	-0.872654	-0.043052	0.870130	0.488312	-0.066520
14508	9.732759	-0.597388	1.042555	0.081699	-0.319204	-0.002039	0.081889	-0.003537	0.996635	0.487179	-0.872237	-0.043124	0.869454	0.489071	-0.069704
14509	9.695528	-0.842340	1.325670	-0.013093	-0.301984	-0.017323	0.084487	-0.001930	0.996423	0.487118	-0.872277	-0.042992	0.869240	0.489008	-0.072756
14510	9.780392	-0.982294	1.519971	-0.140321	-0.313800	-0.022402	0.087158	-0.000214	0.996194	0.485959	-0.872938	-0.042705	0.869625	0.487832	-0.075979
14511	10.134536	-1.006681	1.322014	-0.299080	-0.346843	-0.049197	0.089994	0.001882	0.995940	0.483439	-0.874369	-0.042032	0.870740	0.485259	-0.079598
14512	10.455856	-0.908873	1.003233	-0.427624	-0.364468	-0.065756	0.092903	0.004205	0.995666	0.479803	-0.876414	-0.041068	0.872444	0.481539	-0.083439
14513	10.443792	-0.792822	0.600983	-0.538602	-0.393521	-0.092339	0.095956	0.006880	0.995362	0.475224	-0.878967	-0.039738	0.874617	0.476833	-0.087611
14514	9.566755	-0.740186	0.293250	-0.574379	-0.377506	-0.117840	0.098753	0.009691	0.995065	0.470344	-0.881661	-0.038092	0.876940	0.471784	-0.091625
14515	9.271588	-0.942362	0.315147	-0.584286	-0.499374	-0.188844	0.102311	0.013679	0.994658	0.465442	-0.884358	-0.035713	0.879145	0.466609	-0.096846
14516	10.707552	-0.734446	0.759143	-0.527219	-0.459695	-0.207551	0.105441	0.017633	0.994269	0.461042	-0.886758	-0.033166	0.881092	0.461897	-0.101630
14517	10.642270	-0.152257	0.838395	-0.609829	-0.476143	-0.228150	0.108652	0.021823	0.993840	0.455944	-0.889492	-0.030315	0.883351	0.456429	-0.106595
14518	10.369617	0.036428	1.140012	-0.706826	-0.401829	-0.239368	0.111167	0.025758	0.993468	0.449992	-0.892618	-0.027210	0.886086	0.450078	-0.110821
14519	10.503205	-0.009784	1.488932	-0.791168	-0.380802	-0.263275	0.113427	0.029789	0.993100	0.443303	-0.896057	-0.023754	0.889166	0.442939	-0.114843
14520	9.738974	-0.068032	1.726932	-0.862146	-0.271799	-0.282878	0.114647	0.033501	0.992841	0.435997	-0.899726	-0.019987	0.892616	0.435167	-0.117757
14521	8.923495	-0.671661	2.028184	-0.920397	-0.239873	-0.305191	0.115529	0.037262	0.992605	0.428154	-0.903566	-0.015913	0.896291	0.426826	-0.120342
14522	9.389484	-1.444181	2.063256	-0.981699	-0.274216	-0.319646	0.116677	0.041291	0.992311	0.419742	-0.907569	-0.011589	0.900113	0.417867	-0.123224
14523	9.849456	-1.923278	1.658485	-1.058409	-0.279415	-0.324147	0.117907	0.045368	0.991988	0.410613	-0.911782	-0.007105	0.904154	0.408161	-0.126134
14524	11.013377	-1.755913	1.186322	-1.115593	-0.218936	-0.304505	0.118693	0.049006	0.991721	0.400905	-0.916116	-0.002712	0.908398	0.397908	-0.128383
14525	11.512941	-1.212369	0.602442	-1.105770	-0.138770	-0.287414	0.118873	0.052163	0.991538	0.391217	-0.920297	0.001513	0.912589	0.387727	-0.129806
14526	11.295043	-0.815726	0.099030	-1.081591	-0.039391	-0.300257	0.118109	0.055052	0.991473	0.381719	-0.924260	0.005848	0.916701	0.377774	-0.130178
14527	11.297308	-0.125694	0.168197	-1.021465	0.010750	-0.347756	0.116752	0.058204	0.991454	0.372784	-0.927858	0.010572	0.920544	0.368363	-0.130027
14528	11.736385	0.602994	0.508219	-1.017916	0.081691	-0.413575	0.114510	0.061718	0.991503	0.363910	-0.931298	0.015942	0.924368	0.358993	-0.129103
14529	12.447979	1.001559	0.959296	-1.038441	0.204904	-0.453044	0.111037	0.065190	0.991676	0.354842	-0.934674	0.021712	0.928309	0.349477	-0.126916
14530	13.239772	0.869381	1.608246	-1.000708	0.415001	-0.459122	0.105600	0.068022	0.992079	0.346068	-0.937807	0.027465	0.932248	0.340427	-0.122572
14531	13.050306	0.619256	2.036875	-0.896471	0.691700	-0.469045	0.097586	0.070070	0.992757	0.338211	-0.940487	0.033135	0.935997	0.332528	-0.115477
14532	12.126054	0.510457	2.139704	-0.695408	0.990785	-0.481994	0.086710	0.071306	0.993678	0.332174	-0.942426	0.038642	0.939224	0.326724	-0.105403
14533	11.874793	0.728970	2.553552	-0.533874	1.115669	-0.515589	0.074568	0.072516	0.994576	0.327611	-0.943776	0.044249	0.941866	0.322534	-0.094132
14534	10.745888	0.745992	2.944809	-0.436811	1.227200	-0.567766	0.061171	0.073901	0.995388	0.323916	-0.944751	0.050235	0.944106	0.319350	-0.081729
14535	10.628675	0.908600	2.754897	-0.476912	1.203275	-0.661520	0.047721	0.076301	0.995942	0.319813	-0.945757	0.057133	0.946278	0.315788	-0.069535
14536	10.872348	0.750474	2.112549	-0.582590	1.210140	-0.751585	0.033893	0.079581	0.996252	0.314640	-0.946987	0.064942	0.948606	0.311259	-0.057136
14537	10.013801	0.357258	1.508666	-0.542861	1.302126	-0.836311	0.018969	0.083447	0.996332	0.309751	-0.947973	0.073499	0.950629	0.307220	-0.043830
14538	9.889123	0.042745	1.043637	-0.343007	1.407473	-0.896416	0.002838	0.087596	0.996152	0.306627	-0.948247	0.082510	0.951826	0.305213	-0.029550
14539	9.615750	-0.419390	0.952220	-0.047701	1.481332	-0.903737	-0.013980	0.091603	0.995697	0.306169	-0.947572	0.091474	0.951874	0.306131	-0.014799
14540	9.277016	-0.623195	0.351893	0.368553	1.616090	-0.842911	-0.031927	0.094553	0.995008	0.309523	-0.945641	0.099794	0.950356	0.311164	0.000925
14541	8.985379	-0.716779	-0.020206	0.704530	1.657050	-0.724432	-0.049865	0.096137	0.994118	0.315960	-0.942718	0.107015	0.947461	0.319438	0.016633
14542	8.639745	-0.825568	0.043012	0.701499	1.642252	-0.602477	-0.067301	0.096453	0.993060	0.322286	-0.939859	0.113128	0.944247	0.327662	0.032167
14543	8.650683	-1.144719	-0.545743	0.624544	1.626056	-0.485661	-0.084155	0.095593	0.991857	0.327855	-0.937311	0.118153	0.940973	0.335128	0.047539
14544	9.195299	-0.762993	-1.020494	0.825947	1.525885	-0.407545	-0.099811	0.094180	0.990539	0.335278	-0.934108	0.122599	0.936817	0.344343	0.061657
14545	9.773948	-0.509843	-1.318830	0.986485	1.427240	-0.354269	-0.114298	0.092464	0.989134	0.344168	-0.930315	0.126735	0.931925	0.354913	0.074510
14546	10.748452	-0.951516	-1.739529	0.937318	1.376136	-0.270344	-0.128006	0.089979	0.987683	0.352597	-0.926685	0.130120	0.926979	0.364910	0.086894
14547	10.748489	-1.021534	-2.097774	0.745301	1.275071	-0.167854	-0.140342	0.086800	0.986291	0.359316	-0.923772	0.132426	0.922603	0.372975	0.098455
14548	11.153464	-1.163472	-2.668815	0.695532	1.189489	-0.080795	-0.151555	0.083023	0.984956	0.365646	-0.921072	0.133900	0.918332	0.380439	0.109236
14549	10.635339	-0.915968	-2.578559	0.913308	1.136560	-0.004911	-0.161928	0.078664	0.983662	0.374054	-0.917536	0.134951	0.913161	0.389795	0.119150
14550	10.310835	-0.545780	-1.902880	1.045768	1.024195	0.030329	-0.171104	0.074299	0.982448	0.383672	-0.913415	0.135899	0.907480	0.400191	0.127782
14551	9.705880	-0.103150	-1.432352	1.008894	0.903967	0.048760	-0.179039	0.070167	0.981337	0.392938	-0.909346	0.136708	0.901967	0.410080	0.135237
14552	9.033868	0.207922	-1.157040	0.941413	0.781426	0.063189	-0.185779	0.066313	0.980351	0.401568	-0.905472	0.137346	0.896788	0.419194	0.141589
14553	8.764154	0.311707	-1.677310	0.932883	0.657626	0.071533	-0.191316	0.062856	0.979514	0.410098	-0.901548	0.137952	0.891750	0.428089	0.146703
14554	8.324364	1.027276	-2.421557	0.887334	0.543614	0.109962	-0.195655	0.059478	0.978867	0.418251	-0.897764	0.138150	0.887009	0.436442	0.150776
14555	8.708565	1.955371	-2.044459	0.629011	0.415341	0.135018	-0.198709	0.056419	0.978433	0.424138	-0.895060	0.137749	0.883528	0.442363	0.153927
14556	9.420591	2.456760	-1.837781	0.400523	0.441172	0.140617	-0.201959	0.053165	0.977950	0.428003	-0.893341	0.136953	0.880923	0.446224	0.157664
14557	9.717686	2.590127	-1.730958	0.324125	0.455362	0.126360	-0.205368	0.049974	0.977408	0.431164	-0.891935	0.136198	0.878591	0.449394	0.161627
