// General information: 
//  MT Manager version: 2022.2.0 
//  XDA version: 2022.2.0 build 7381 rev 124627 built on 2023-07-19
// Device information: 
//  DeviceId: 00B4CAF0
//  ProductCode: MTW2-3A7G6
//  Firmware Version: 4.6.0
//  Hardware Version: 2.0.0
// Device settings: 
//  Filter Profile: human(46.1)
//  Option Flags: Orientation Smoother Disabled, Position/Velocity Smoother Disabled, Continuous Zero Rotation Update Disabled, AHS Disabled, ICC Disabled
// Coordinate system: ENU
PacketCounter	Acc_X	Acc_Y	Acc_Z	Gyr_X	Gyr_Y	Gyr_Z	Mat[1][1]	Mat[2][1]	Mat[3][1]	Mat[1][2]	Mat[2][2]	Mat[3][2]	Mat[1][3]	Mat[2][3]	Mat[3][3]
60200	4.508246	-0.891544	9.223831	-0.041813	0.031668	0.009957	-0.870472	-0.181853	0.457393	0.163984	-0.983305	-0.078869	0.464100	0.006352	0.885760
60201	4.568255	-0.918788	9.179539	-0.037408	0.030536	0.008942	-0.870595	-0.181908	0.457136	0.163839	-0.983298	-0.079261	0.463919	0.005892	0.885858
60202	4.534439	-0.926372	9.218188	-0.048246	0.031049	0.004555	-0.870774	-0.181930	0.456786	0.163612	-0.983297	-0.079735	0.463663	0.005305	0.885996
60203	4.532604	-0.876874	9.193184	-0.044767	0.031676	-0.001837	-0.870921	-0.181879	0.456527	0.163340	-0.983309	-0.080143	0.463484	0.004771	0.886093
60204	4.607833	-0.819240	9.074330	-0.056790	0.038528	0.002190	-0.871138	-0.181876	0.456114	0.163052	-0.983313	-0.080682	0.463177	0.004085	0.886256
60205	4.601652	-0.848398	9.071929	-0.054294	0.049186	0.003302	-0.871357	-0.181876	0.455695	0.162781	-0.983315	-0.081198	0.462860	0.003426	0.886425
60206	4.580056	-0.825722	9.062870	-0.060581	0.060529	0.009864	-0.871662	-0.181950	0.455082	0.162544	-0.983304	-0.081806	0.462368	0.002664	0.886684
60207	4.423473	-0.883032	9.158777	-0.052361	0.074122	0.016968	-0.871974	-0.182084	0.454430	0.162401	-0.983281	-0.082368	0.461830	0.001977	0.886966
60208	4.245547	-1.287113	9.423012	-0.002160	-0.014184	0.021143	-0.871915	-0.182267	0.454471	0.162534	-0.983247	-0.082509	0.461896	0.001926	0.886932
60209	4.476314	-0.845012	9.180040	0.021991	0.045128	0.014653	-0.872096	-0.182377	0.454078	0.162714	-0.983227	-0.082401	0.461490	0.002023	0.887143
60210	4.494322	-0.825202	9.200551	-0.005829	0.015128	0.016334	-0.872181	-0.182512	0.453861	0.162786	-0.983202	-0.082553	0.461304	0.001881	0.887240
60211	4.487379	-0.760917	9.265741	0.024302	0.007075	0.022795	-0.872173	-0.182702	0.453800	0.163047	-0.983166	-0.082461	0.461226	0.002071	0.887280
60212	4.509140	-0.853496	9.212479	-0.002094	-0.000185	0.024962	-0.872172	-0.182923	0.453713	0.163214	-0.983125	-0.082619	0.461169	0.001994	0.887310
60213	4.483455	-0.839682	9.287797	0.011239	-0.004538	0.031380	-0.872097	-0.183197	0.453747	0.163490	-0.983074	-0.082682	0.461214	0.002077	0.887287
60214	4.534119	-0.871414	9.295188	-0.003766	0.000805	0.027058	-0.872096	-0.183441	0.453650	0.163670	-0.983029	-0.082865	0.461152	0.001983	0.887319
60215	4.562646	-0.893398	9.253688	0.001653	0.000538	0.029258	-0.872047	-0.183694	0.453641	0.163884	-0.982981	-0.083003	0.461168	0.001962	0.887311
60216	4.559041	-0.888795	9.219904	-0.002717	0.003220	0.026812	-0.872059	-0.183931	0.453523	0.164061	-0.982937	-0.083174	0.461083	0.001873	0.887355
60217	4.524776	-0.917394	9.253800	0.003325	0.012469	0.029710	-0.872064	-0.184188	0.453408	0.164286	-0.982889	-0.083300	0.460993	0.001846	0.887402
60218	4.565393	-0.879114	9.292492	-0.002386	0.009535	0.023716	-0.872109	-0.184396	0.453237	0.164439	-0.982850	-0.083454	0.460853	0.001749	0.887475
60219	4.542045	-0.870386	9.244111	-0.004480	0.017626	0.026752	-0.872143	-0.184625	0.453078	0.164603	-0.982808	-0.083636	0.460730	0.001636	0.887539
60220	4.510162	-0.821569	9.256636	-0.009565	0.024211	0.021455	-0.872259	-0.184810	0.452780	0.164702	-0.982773	-0.083844	0.460475	0.001440	0.887672
60221	4.541679	-0.910285	9.309626	-0.020607	0.021057	0.017962	-0.872324	-0.184952	0.452597	0.164715	-0.982747	-0.084128	0.460348	0.001163	0.887738
60222	4.491832	-0.970623	9.234481	-0.025387	0.030841	0.016453	-0.872478	-0.185086	0.452245	0.164697	-0.982722	-0.084454	0.460062	0.000799	0.887886
60223	4.435964	-0.966274	9.224146	-0.018459	0.030563	0.007149	-0.872604	-0.185122	0.451987	0.164625	-0.982715	-0.084670	0.459849	0.000525	0.887997
60224	4.414562	-0.964232	9.210093	-0.024084	0.027140	0.005854	-0.872758	-0.185154	0.451677	0.164523	-0.982709	-0.084937	0.459594	0.000182	0.888129
60225	4.389096	-1.010244	9.187762	-0.024581	0.021810	-0.000466	-0.872856	-0.185115	0.451504	0.164357	-0.982717	-0.085173	0.459467	-0.000136	0.888195
60226	4.385465	-0.952048	9.128831	-0.013936	0.020696	-0.002021	-0.872993	-0.185071	0.451256	0.164234	-0.982725	-0.085314	0.459250	-0.000367	0.888307
60227	4.373864	-0.937221	9.185963	-0.019069	0.009681	0.000445	-0.873033	-0.185041	0.451190	0.164101	-0.982731	-0.085506	0.459220	-0.000609	0.888322
60228	4.509425	-0.919051	9.141903	-0.007834	0.002041	0.003919	-0.873076	-0.185052	0.451104	0.164055	-0.982728	-0.085620	0.459157	-0.000747	0.888355
60229	4.531190	-0.960267	9.221037	-0.009685	0.015380	0.002604	-0.873139	-0.185043	0.450985	0.163984	-0.982730	-0.085738	0.459062	-0.000907	0.888404
60230	4.547980	-1.020009	9.262017	-0.022827	-0.005517	-0.002980	-0.873157	-0.184989	0.450973	0.163811	-0.982740	-0.085954	0.459090	-0.001177	0.888389
60231	4.547596	-1.082751	9.480260	-0.003580	0.029305	-0.004803	-0.873296	-0.184907	0.450737	0.163703	-0.982755	-0.085985	0.458863	-0.001303	0.888506
60232	4.612354	-1.111630	9.311885	-0.039057	0.026310	-0.019525	-0.873487	-0.184690	0.450457	0.163312	-0.982795	-0.086271	0.458640	-0.001792	0.888620
60233	4.592009	-1.025513	9.242076	-0.029219	0.028035	-0.025188	-0.873653	-0.184407	0.450249	0.162909	-0.982848	-0.086438	0.458466	-0.002167	0.888709
60234	4.536790	-0.687372	9.325938	-0.014724	0.030270	-0.024604	-0.873870	-0.184139	0.449939	0.162583	-0.982897	-0.086486	0.458169	-0.002425	0.888862
60235	4.625319	-0.734601	9.398722	-0.043509	0.026348	-0.019821	-0.874019	-0.183909	0.449742	0.162162	-0.982939	-0.086804	0.458033	-0.002937	0.888931
60236	4.583586	-0.752862	9.365184	-0.038291	0.023945	-0.020142	-0.874199	-0.183685	0.449485	0.161768	-0.982979	-0.087081	0.457829	-0.003413	0.889033
60237	4.613472	-0.782489	9.358357	-0.046211	0.024905	-0.017501	-0.874338	-0.183478	0.449299	0.161354	-0.983016	-0.087433	0.457710	-0.003950	0.889093
60238	4.609896	-0.807627	9.197079	-0.045711	0.035408	-0.026208	-0.874579	-0.183192	0.448946	0.160872	-0.983067	-0.087748	0.457418	-0.004520	0.889240
60239	4.789100	-0.181909	9.506421	-0.010616	0.042495	-0.038404	-0.874832	-0.182778	0.448622	0.160439	-0.983143	-0.087691	0.457087	-0.004739	0.889409
60240	4.867426	-0.251293	9.543831	-0.139426	0.114490	-0.010778	-0.875408	-0.182640	0.447552	0.159666	-0.983159	-0.088908	0.456253	-0.006372	0.889827
60241	4.383987	-1.226652	9.185915	-0.118407	0.105936	-0.010803	-0.875905	-0.182492	0.446639	0.158982	-0.983177	-0.089935	0.455538	-0.007766	0.890183
60242	4.394805	-0.830203	9.279677	-0.093979	0.128012	-0.028291	-0.876569	-0.182176	0.445465	0.158265	-0.983225	-0.090671	0.454510	-0.008978	0.890696
60243	4.569009	-1.488235	9.184663	-0.177614	0.140028	-0.015290	-0.877225	-0.181978	0.444252	0.157275	-0.983241	-0.092206	0.453586	-0.011015	0.891144
60244	4.243819	-1.762412	8.867418	-0.069168	0.164896	0.004862	-0.878000	-0.181982	0.442718	0.156964	-0.983228	-0.092870	0.452193	-0.012049	0.891839
60245	3.997475	-1.106646	9.190580	-0.055481	0.105040	-0.006876	-0.878482	-0.181867	0.441808	0.156604	-0.983239	-0.093356	0.451381	-0.012822	0.892239
60246	4.311786	-1.132451	9.146580	-0.068200	0.115152	-0.011798	-0.879055	-0.181708	0.440731	0.156149	-0.983256	-0.093939	0.450422	-0.013758	0.892710
60247	4.187144	-1.189563	9.079597	-0.061645	0.105452	-0.011132	-0.879544	-0.181550	0.439821	0.155725	-0.983274	-0.094462	0.449614	-0.014592	0.893104
60248	4.278686	-1.089930	9.147577	-0.043789	0.092373	-0.012511	-0.880014	-0.181384	0.438948	0.155373	-0.983294	-0.094826	0.448815	-0.015248	0.893495
60249	4.393290	-0.946200	9.239723	-0.044424	0.094160	-0.007235	-0.880444	-0.181264	0.438134	0.155061	-0.983306	-0.095213	0.448078	-0.015892	0.893853
60250	4.270574	-1.032146	9.201535	-0.048650	0.096291	-0.005037	-0.880917	-0.181174	0.437219	0.154758	-0.983311	-0.095654	0.447253	-0.016600	0.894254
60251	4.223843	-1.081738	9.199205	-0.045934	0.082757	-0.001817	-0.881287	-0.181108	0.436501	0.154487	-0.983312	-0.096078	0.446618	-0.017238	0.894559
60252	4.272591	-0.983842	9.164325	-0.038324	0.077077	-0.004777	-0.881671	-0.181025	0.435758	0.154236	-0.983317	-0.096429	0.445945	-0.017809	0.894883
60253	4.243863	-1.060601	9.172295	-0.028315	0.065491	0.002448	-0.881956	-0.181003	0.435190	0.154083	-0.983313	-0.096714	0.445434	-0.018242	0.895129
60254	4.330080	-1.085172	9.251761	-0.020629	0.060876	0.000771	-0.882260	-0.180973	0.434587	0.153954	-0.983312	-0.096931	0.444876	-0.018612	0.895399
60255	4.447807	-1.075359	9.265018	-0.026749	0.061875	0.002516	-0.882528	-0.180952	0.434051	0.153808	-0.983308	-0.097202	0.444394	-0.019023	0.895629
60256	4.279316	-1.105102	9.221464	-0.028724	0.071467	0.002106	-0.882875	-0.180938	0.433351	0.153664	-0.983301	-0.097498	0.443756	-0.019488	0.895936
60257	4.221198	-1.160980	9.270375	-0.015248	0.061112	-0.001682	-0.883145	-0.180876	0.432826	0.153532	-0.983307	-0.097649	0.443263	-0.019785	0.896173
60258	4.359089	-1.100411	9.274354	-0.017033	0.061540	-0.005588	-0.883461	-0.180777	0.432223	0.153360	-0.983318	-0.097806	0.442694	-0.020122	0.896447
60259	4.222779	-1.124651	9.193769	-0.013742	0.069817	-0.004987	-0.883774	-0.180680	0.431623	0.153206	-0.983330	-0.097929	0.442121	-0.020420	0.896723
60260	4.121290	-1.106571	9.276941	0.000717	0.049041	-0.011572	-0.884041	-0.180533	0.431138	0.153068	-0.983354	-0.097903	0.441636	-0.020557	0.896959
60261	4.350513	-1.090211	9.353574	0.001719	0.038606	-0.014390	-0.884230	-0.180349	0.430826	0.152899	-0.983386	-0.097846	0.441315	-0.020646	0.897115
60262	4.367010	-0.850363	9.399964	0.001173	0.054816	-0.009945	-0.884521	-0.180208	0.430288	0.152768	-0.983409	-0.097823	0.440777	-0.020792	0.897376
60263	4.334092	-0.806926	9.447822	-0.015706	0.054229	-0.004643	-0.884764	-0.180117	0.429826	0.152609	-0.983419	-0.097965	0.440344	-0.021081	0.897581
60264	4.279318	-0.882656	9.333600	-0.027875	0.057280	0.000090	-0.885049	-0.180078	0.429256	0.152443	-0.983417	-0.098245	0.439830	-0.021514	0.897824
60265	4.309632	-0.992374	9.224658	-0.029090	0.052234	0.002470	-0.885271	-0.180057	0.428805	0.152288	-0.983412	-0.098538	0.439435	-0.021931	0.898007
60266	4.207409	-1.105521	9.194383	-0.030671	0.054239	0.005805	-0.885532	-0.180077	0.428258	0.152164	-0.983398	-0.098867	0.438952	-0.022385	0.898232
60267	4.301691	-1.193565	9.208421	-0.017751	0.048332	0.005190	-0.885733	-0.180083	0.427839	0.152083	-0.983390	-0.099070	0.438574	-0.022683	0.898409
60268	4.114483	-1.241363	9.143175	-0.006451	0.056744	0.004538	-0.886006	-0.180095	0.427270	0.152060	-0.983383	-0.099178	0.438031	-0.022901	0.898668
60269	4.152681	-1.178683	9.189722	0.007534	0.041470	0.002392	-0.886181	-0.180075	0.426916	0.152066	-0.983385	-0.099142	0.437676	-0.022938	0.898840
60270	4.078299	-1.166350	9.163015	0.012340	0.034905	-0.002925	-0.886370	-0.180012	0.426550	0.152051	-0.983397	-0.099049	0.437298	-0.022936	0.899024
60271	4.286437	-1.033486	9.299302	0.022404	0.026505	-0.002502	-0.886486	-0.179947	0.426335	0.152078	-0.983412	-0.098858	0.437052	-0.022800	0.899147
60272	4.204701	-0.895935	9.279142	0.020447	0.036088	-0.002922	-0.886680	-0.179882	0.425959	0.152098	-0.983426	-0.098692	0.436652	-0.022721	0.899344
60273	4.032139	-1.047079	9.244453	0.019298	0.020851	-0.005291	-0.886776	-0.179792	0.425797	0.152086	-0.983445	-0.098518	0.436461	-0.022606	0.899439
60274	4.197303	-1.000160	9.331051	0.027582	0.000589	-0.005372	-0.886818	-0.179715	0.425743	0.152120	-0.983464	-0.098277	0.436364	-0.022390	0.899491
60275	4.344749	-0.948492	9.401841	0.023755	0.009033	-0.006261	-0.886864	-0.179617	0.425688	0.152119	-0.983486	-0.098059	0.436271	-0.022210	0.899541
60276	4.228353	-0.991389	9.295544	0.017442	0.007409	-0.002368	-0.886932	-0.179561	0.425570	0.152127	-0.983498	-0.097922	0.436130	-0.022109	0.899612
60277	4.262328	-1.053156	9.352124	0.012014	0.006092	-0.001230	-0.886957	-0.179514	0.425537	0.152119	-0.983509	-0.097830	0.436081	-0.022039	0.899638
60278	4.206903	-1.038273	9.305827	0.017530	0.008982	-0.005809	-0.887035	-0.179432	0.425409	0.152105	-0.983526	-0.097677	0.435927	-0.021936	0.899715
60279	4.170191	-1.057796	9.304427	0.020385	-0.000820	-0.003432	-0.887034	-0.179364	0.425440	0.152115	-0.983542	-0.097501	0.435926	-0.021771	0.899719
60280	4.293611	-1.043593	9.316640	0.019494	-0.000604	-0.005386	-0.887069	-0.179290	0.425398	0.152115	-0.983559	-0.097333	0.435855	-0.021632	0.899757
60281	4.275415	-1.037130	9.301246	0.019586	0.000446	-0.004119	-0.887074	-0.179215	0.425419	0.152115	-0.983576	-0.097161	0.435844	-0.021476	0.899766
60282	4.265230	-0.965448	9.333065	0.019054	0.004869	-0.001003	-0.887128	-0.179175	0.425324	0.152144	-0.983585	-0.097015	0.435726	-0.021354	0.899826
60283	4.201622	-0.985425	9.210121	0.018167	0.004564	0.001752	-0.887142	-0.179157	0.425302	0.152190	-0.983592	-0.096881	0.435681	-0.021220	0.899851
60284	4.149269	-1.007078	9.226774	0.022625	-0.007253	0.000796	-0.887140	-0.179136	0.425315	0.152249	-0.983599	-0.096710	0.435664	-0.021042	0.899863
60285	4.247961	-1.015994	9.376634	0.023787	-0.015571	0.000540	-0.887068	-0.179111	0.425475	0.152309	-0.983609	-0.096520	0.435789	-0.020816	0.899808
60286	4.385519	-0.993576	9.336568	0.019334	0.007502	0.007500	-0.887120	-0.179153	0.425349	0.152413	-0.983603	-0.096408	0.435647	-0.020696	0.899880
60287	4.243419	-1.029732	9.338944	0.027173	0.005529	0.003706	-0.887136	-0.179155	0.425317	0.152516	-0.983608	-0.096201	0.435579	-0.020476	0.899917
60288	4.311558	-1.093073	9.393178	0.023077	0.010297	0.003716	-0.887202	-0.179172	0.425170	0.152617	-0.983608	-0.096039	0.435408	-0.020318	0.900004
60289	4.239264	-1.049513	9.335980	0.020937	0.017775	0.000746	-0.887276	-0.179142	0.425030	0.152666	-0.983616	-0.095875	0.435241	-0.020180	0.900088
60290	4.075980	-1.044334	9.259698	0.024860	0.010898	-0.001798	-0.887355	-0.179095	0.424883	0.152716	-0.983628	-0.095673	0.435062	-0.020010	0.900178
60291	4.146536	-1.022483	9.259165	0.033330	-0.006745	-0.004020	-0.887329	-0.179023	0.424968	0.152777	-0.983647	-0.095378	0.435094	-0.019707	0.900169
60292	4.037935	-0.992443	9.165503	0.042786	-0.011776	-0.001733	-0.887309	-0.178983	0.425026	0.152906	-0.983662	-0.095015	0.435088	-0.019319	0.900181
60293	3.997768	-1.050436	9.120709	0.061966	-0.040689	-0.010065	-0.887145	-0.178858	0.425422	0.153038	-0.983698	-0.094436	0.435377	-0.018673	0.900054
60294	4.233975	-0.982767	9.362176	0.078411	-0.059791	-0.010116	-0.886930	-0.178741	0.425919	0.153244	-0.983734	-0.093718	0.435742	-0.017851	0.899894
60295	4.544132	-0.916447	9.439925	0.064070	-0.037469	-0.007103	-0.886774	-0.178643	0.426283	0.153412	-0.983764	-0.093133	0.436000	-0.017191	0.899783
60296	4.362126	-0.982174	9.367865	0.043904	-0.009391	-0.002003	-0.886766	-0.178596	0.426320	0.153540	-0.983779	-0.092759	0.435971	-0.016798	0.899804
60297	4.130172	-1.123310	9.180139	0.048379	-0.020713	-0.007654	-0.886685	-0.178490	0.426534	0.153634	-0.983806	-0.092313	0.436104	-0.016322	0.899748
60298	4.187602	-1.130524	9.226455	0.070632	-0.033782	-0.008505	-0.886580	-0.178386	0.426796	0.153824	-0.983837	-0.091671	0.436251	-0.015622	0.899690
60299	4.164863	-1.024704	9.245534	0.083696	-0.038157	-0.012563	-0.886429	-0.178234	0.427172	0.154029	-0.983877	-0.090886	0.436483	-0.014767	0.899591
60300	4.146539	-1.059894	9.220598	0.084896	-0.045994	-0.017527	-0.886285	-0.178041	0.427552	0.154201	-0.983925	-0.090077	0.436717	-0.013905	0.899492
60301	4.232684	-0.941690	9.268854	0.102743	-0.059045	-0.018740	-0.886053	-0.177830	0.428120	0.154435	-0.983978	-0.089095	0.437105	-0.012826	0.899319
60302	4.220353	-0.926964	9.251605	0.105858	-0.066261	-0.018546	-0.885820	-0.177630	0.428684	0.154692	-0.984027	-0.088093	0.437485	-0.011721	0.899149
60303	4.430812	-0.969388	9.454746	0.101913	-0.072247	-0.018561	-0.885530	-0.177422	0.429371	0.154925	-0.984078	-0.087119	0.437991	-0.010626	0.898917
60304	4.593244	-0.889632	9.402134	0.088379	-0.038306	-0.012370	-0.885410	-0.177276	0.429678	0.155157	-0.984113	-0.086301	0.438150	-0.009744	0.898849
60305	4.075802	-0.933205	9.234887	0.072823	-0.031200	-0.011642	-0.885288	-0.177130	0.429988	0.155324	-0.984146	-0.085618	0.438337	-0.009009	0.898766
60306	4.319221	-1.056361	9.299477	0.080886	-0.055761	-0.016706	-0.885100	-0.176936	0.430456	0.155479	-0.984188	-0.084849	0.438662	-0.008173	0.898615
60307	4.402251	-0.932972	9.313116	0.083538	-0.032309	-0.013111	-0.884975	-0.176775	0.430777	0.155681	-0.984224	-0.084063	0.438842	-0.007330	0.898535
60308	4.176617	-0.894157	9.245978	0.081262	-0.039265	-0.015167	-0.884854	-0.176606	0.431096	0.155863	-0.984260	-0.083298	0.439021	-0.006515	0.898453
60309	4.241662	-0.986213	9.222965	0.092731	-0.054499	-0.018428	-0.884641	-0.176393	0.431621	0.156059	-0.984304	-0.082407	0.439382	-0.005542	0.898283
60310	4.287142	-0.907034	9.230773	0.099233	-0.052368	-0.016431	-0.884466	-0.176200	0.432057	0.156297	-0.984344	-0.081475	0.439649	-0.004532	0.898158
60311	4.118619	-0.878879	9.209730	0.108310	-0.064302	-0.017053	-0.884207	-0.176000	0.432668	0.156574	-0.984384	-0.080450	0.440071	-0.003390	0.897956
60312	4.041541	-0.941346	9.095847	0.122114	-0.085499	-0.020785	-0.883891	-0.175773	0.433406	0.156886	-0.984428	-0.079293	0.440595	-0.002092	0.897704
60313	4.148559	-0.876935	9.182458	0.138750	-0.105778	-0.022145	-0.883456	-0.175522	0.434393	0.157253	-0.984475	-0.077973	0.441335	-0.000576	0.897342
60314	4.378711	-0.744685	9.410426	0.152919	-0.123824	-0.022136	-0.882972	-0.175278	0.435474	0.157689	-0.984518	-0.076535	0.442147	0.001091	0.896942
60315	4.919796	-0.716668	9.509053	0.132309	-0.085505	-0.023133	-0.882628	-0.175014	0.436278	0.158021	-0.984563	-0.075269	0.442717	0.002507	0.896658
60316	4.540382	-0.631022	9.407991	0.122592	-0.047504	-0.008930	-0.882459	-0.174902	0.436665	0.158445	-0.984579	-0.074161	0.442902	0.003743	0.896562
60317	4.848803	-0.262121	9.635795	0.068213	-0.005119	0.012055	-0.882414	-0.174986	0.436721	0.158805	-0.984561	-0.073623	0.442862	0.004387	0.896579
60318	4.242300	-1.041481	9.273233	0.058324	-0.031077	0.009340	-0.882289	-0.175046	0.436949	0.159097	-0.984548	-0.073170	0.443005	0.004961	0.896505
60319	4.400120	-0.775252	9.268544	0.075321	0.007423	0.005191	-0.882311	-0.175063	0.436898	0.159428	-0.984541	-0.072538	0.442843	0.005652	0.896581
60320	4.464429	-0.714259	9.360563	0.064051	-0.012789	0.004883	-0.882274	-0.175083	0.436965	0.159709	-0.984534	-0.072014	0.442815	0.006251	0.896591
60321	4.450609	-0.876832	9.334794	0.062580	0.005231	0.003718	-0.882288	-0.175085	0.436935	0.159970	-0.984530	-0.071491	0.442693	0.006821	0.896648
60322	4.538309	-0.825463	9.318597	0.079183	0.011651	-0.002170	-0.882372	-0.175033	0.436788	0.160251	-0.984534	-0.070800	0.442425	0.007524	0.896774
60323	4.430055	-0.858315	9.321668	0.083951	0.017676	-0.015741	-0.882472	-0.174844	0.436660	0.160434	-0.984561	-0.069999	0.442158	0.008283	0.896899
60324	4.398378	-0.798103	9.333570	0.108154	0.015290	-0.017636	-0.882595	-0.174648	0.436491	0.160716	-0.984587	-0.068982	0.441811	0.009268	0.897060
60325	4.370593	-0.850209	9.274397	0.101820	0.003247	-0.028968	-0.882653	-0.174329	0.436502	0.160861	-0.984634	-0.067963	0.441642	0.010228	0.897133
60326	4.302032	-0.833639	9.281477	0.121518	0.001347	-0.035886	-0.882746	-0.173933	0.436470	0.161018	-0.984692	-0.066745	0.441398	0.011361	0.897240
60327	4.192387	-0.939192	9.307501	0.116326	-0.006798	-0.050947	-0.882795	-0.173396	0.436585	0.161033	-0.984773	-0.065500	0.441294	0.012482	0.897276
60328	4.181913	-1.182880	9.374679	0.105055	-0.011293	-0.066427	-0.882879	-0.172714	0.436685	0.160866	-0.984880	-0.064297	0.441188	0.013481	0.897314
60329	3.989717	-1.123745	9.502676	0.095083	-0.009727	-0.083142	-0.882967	-0.171859	0.436845	0.160503	-0.985016	-0.063102	0.441144	0.014398	0.897321
60330	3.030558	-1.401382	9.813285	0.082623	-0.088105	-0.086899	-0.882745	-0.170962	0.437646	0.160052	-0.985159	-0.062011	0.441752	0.015306	0.897006
60331	4.700086	-1.266552	9.592724	0.097850	-0.151587	-0.139100	-0.882293	-0.169532	0.439110	0.159209	-0.985387	-0.060545	0.442957	0.016492	0.896391
60332	3.997677	-0.516016	9.351765	0.120038	-0.187550	-0.153838	-0.881734	-0.167954	0.440837	0.158335	-0.985632	-0.058825	0.444383	0.017932	0.895657
60333	4.104524	-0.460389	9.518657	0.024118	-0.190151	-0.160708	-0.881137	-0.166301	0.442652	0.156976	-0.985902	-0.057920	0.446044	0.018451	0.894821
60334	4.130269	-0.376049	9.677872	0.030464	-0.265152	-0.179860	-0.880260	-0.164450	0.445082	0.155482	-0.986200	-0.056881	0.448294	0.019132	0.893681
60335	3.369570	0.241977	10.300623	-0.058731	-0.272184	-0.221129	-0.879375	-0.162183	0.447657	0.153223	-0.986579	-0.056439	0.450802	0.018960	0.892422
60336	3.277468	0.860306	10.322444	-0.138201	-0.547625	-0.112158	-0.877093	-0.160941	0.452555	0.151558	-0.986792	-0.057196	0.455782	0.018422	0.889901
60337	4.279380	-0.143823	10.117194	-0.376317	-0.482869	-0.102521	-0.875031	-0.159812	0.456925	0.148887	-0.987027	-0.060094	0.460601	0.015446	0.887473
60338	4.681182	-0.980384	9.544446	-0.231350	-0.634853	-0.093034	-0.872254	-0.158782	0.462559	0.146966	-0.987213	-0.061745	0.466448	0.014123	0.884436
60339	4.679232	-0.597533	9.688340	-0.204493	-0.600298	-0.101612	-0.869582	-0.157663	0.467942	0.145072	-0.987407	-0.063097	0.471998	0.013017	0.881504
60340	5.110094	-0.977615	9.291846	-0.160001	-0.646888	-0.116654	-0.866707	-0.156408	0.473661	0.143260	-0.987615	-0.063984	0.477802	0.012401	0.878380
60341	4.994863	-0.978888	9.490580	-0.054501	-0.681061	-0.136484	-0.863623	-0.154939	0.479738	0.141767	-0.987840	-0.063830	0.483794	0.012886	0.875087
60342	4.707536	-1.646002	9.640330	-0.032738	-0.750527	-0.182649	-0.860259	-0.152991	0.486363	0.139967	-0.988133	-0.063259	0.490270	0.013655	0.871464
60343	4.757368	-1.946916	9.733341	0.096967	-0.849187	-0.256432	-0.856417	-0.150296	0.493924	0.138195	-0.988514	-0.061178	0.497446	0.015864	0.867350
60344	4.738391	-2.255733	9.850440	0.184308	-0.962004	-0.358063	-0.852116	-0.146557	0.502413	0.136007	-0.989019	-0.057828	0.505371	0.019055	0.862692
60345	4.772173	-2.097070	10.067554	0.293745	-1.048986	-0.461823	-0.847388	-0.141730	0.511710	0.133529	-0.989628	-0.052977	0.513911	0.023436	0.857524
60346	5.058871	-3.084982	9.798175	0.268383	-1.116290	-0.574040	-0.842393	-0.135713	0.521494	0.129996	-0.990364	-0.047744	0.522949	0.027573	0.851918
60347	5.410955	-3.184031	9.473628	0.547679	-1.126596	-0.718879	-0.837369	-0.128206	0.531390	0.126795	-0.991149	-0.039325	0.531729	0.034448	0.846214
60348	5.683946	-2.395135	9.001670	0.664977	-1.131641	-0.824583	-0.832368	-0.119562	0.541173	0.123412	-0.991922	-0.029328	0.540308	0.042375	0.840400
60349	5.845284	-2.764513	9.750905	0.453775	-1.133556	-0.928462	-0.827308	-0.109799	0.550913	0.118128	-0.992787	-0.020473	0.549188	0.048140	0.834311
60350	7.425405	-6.887236	8.414469	0.538679	-1.122097	-1.030890	-0.822320	-0.098951	0.560355	0.112539	-0.993594	-0.010305	0.557785	0.054588	0.828188
60351	6.229778	-4.670317	8.675342	1.592687	-0.911641	-1.172659	-0.818518	-0.086689	0.567903	0.111796	-0.993686	0.009447	0.563499	0.071222	0.823041
60352	6.365986	-2.628089	8.327764	1.709299	-0.896988	-1.252514	-0.814865	-0.073508	0.574971	0.111183	-0.993329	0.030578	0.568888	0.088844	0.817602
60353	6.038198	-0.453032	8.139091	1.771568	-0.862063	-1.330259	-0.811405	-0.059419	0.581456	0.110438	-0.992485	0.052691	0.573955	0.106969	0.811870
60354	5.540153	0.957408	8.004222	1.469239	-0.855799	-1.370193	-0.807996	-0.044832	0.587479	0.107752	-0.991528	0.072531	0.579251	0.121907	0.805982
60355	5.217585	1.068021	7.667253	1.157033	-0.881700	-1.381329	-0.804313	-0.029979	0.593449	0.103301	-0.990573	0.089966	0.585158	0.133664	0.799828
60356	3.669888	0.669439	8.287743	0.892297	-0.801318	-1.274955	-0.800918	-0.016235	0.598553	0.098249	-0.989647	0.104623	0.590658	0.142601	0.794222
60357	2.030258	-3.672638	8.961597	0.325254	-0.762904	-0.469053	-0.796839	-0.010456	0.604102	0.096380	-0.989247	0.110007	0.596456	0.145881	0.789278
60358	5.358648	-10.346714	8.566669	-0.232014	-0.749911	1.134166	-0.791242	-0.020581	0.611157	0.103927	-0.989420	0.101232	0.602607	0.143615	0.785009
60359	4.446155	-11.623026	9.365762	-0.112256	-0.220090	2.424472	-0.787163	-0.044211	0.615158	0.122333	-0.988802	0.085474	0.604491	0.142536	0.783757
60360	2.404548	-9.801782	9.395861	0.273558	0.052231	3.266589	-0.783075	-0.076553	0.617198	0.149565	-0.986451	0.067409	0.603675	0.145097	0.783915
60361	1.331312	-7.257550	9.729702	0.489152	0.217831	3.816612	-0.778049	-0.114408	0.617698	0.182255	-0.982095	0.047668	0.601185	0.149666	0.784969
60362	1.688827	-4.400469	10.288465	0.583409	0.337526	4.146799	-0.771820	-0.155532	0.616525	0.217822	-0.975627	0.026566	0.597366	0.154797	0.786887
60363	2.409884	-1.762346	9.921774	0.602904	0.556952	4.364189	-0.764812	-0.198766	0.612825	0.254892	-0.966959	0.004481	0.591686	0.159631	0.790206
60364	2.492549	2.264675	10.184539	0.645483	0.821983	4.527364	-0.757290	-0.243649	0.605926	0.293082	-0.955916	-0.018087	0.583622	0.163889	0.795315
60365	1.937546	1.362531	10.423231	0.101772	0.858111	4.394311	-0.748650	-0.286767	0.597736	0.326716	-0.944110	-0.043737	0.576871	0.162547	0.800499
60366	2.993645	1.869602	11.198565	0.247784	0.949754	3.989980	-0.740495	-0.325746	0.587840	0.357789	-0.931504	-0.065481	0.568906	0.161835	0.806322
60367	3.770788	2.685848	11.576431	0.266039	1.112626	3.440412	-0.734005	-0.359345	0.576288	0.384609	-0.919307	-0.083366	0.559743	0.160454	0.812983
60368	3.730142	2.928235	11.762768	0.254873	1.260104	2.735926	-0.730245	-0.386371	0.563435	0.406002	-0.908716	-0.096943	0.549458	0.157964	0.820453
60369	3.910244	3.011359	11.705663	0.263264	1.392597	1.894748	-0.729986	-0.405659	0.550056	0.421221	-0.900821	-0.105335	0.538232	0.154801	0.828458
60370	3.915597	3.121109	11.194137	0.152697	1.489586	1.015652	-0.733669	-0.417063	0.536459	0.429419	-0.896426	-0.109635	0.526621	0.149930	0.836775
60371	3.934458	3.208407	10.542910	-0.071651	1.541641	0.177760	-0.740944	-0.420878	0.523320	0.430309	-0.895807	-0.111195	0.515593	0.142800	0.844850
60372	4.190392	3.088229	10.285527	-0.461899	1.516370	-0.533496	-0.751042	-0.418178	0.510943	0.423924	-0.898696	-0.112401	0.506186	0.132183	0.852235
60373	5.099788	2.595371	10.388383	-0.922212	1.473020	-1.058691	-0.762871	-0.410441	0.499566	0.411228	-0.904254	-0.114958	0.498918	0.117738	0.858615
60374	6.226430	1.970888	10.427333	-1.380259	1.473342	-1.361883	-0.775733	-0.399673	0.488365	0.393862	-0.911281	-0.120163	0.493064	0.099134	0.864327
60375	6.900101	0.904438	10.237525	-1.744785	1.524002	-1.466354	-0.788840	-0.387565	0.476995	0.373785	-0.918609	-0.128229	0.487869	0.077141	0.869502
60376	6.781996	-0.642215	9.558457	-1.895662	1.563660	-1.387362	-0.801537	-0.375790	0.465101	0.353515	-0.925154	-0.138266	0.482249	0.053595	0.874393
60377	6.083810	-2.255654	8.803146	-1.771527	1.518432	-1.194936	-0.812933	-0.365316	0.453524	0.335332	-0.930350	-0.148327	0.476123	0.031501	0.878814
60378	5.432885	-3.561257	8.341209	-1.408550	1.357767	-0.937059	-0.822489	-0.356877	0.442890	0.320970	-0.934056	-0.156582	0.469565	0.013367	0.882797
60379	5.121595	-3.797310	8.158393	-0.894044	1.145425	-0.645792	-0.829874	-0.350886	0.433808	0.311418	-0.936418	-0.161681	0.462957	0.000921	0.886380
60380	5.039717	-2.769523	8.172050	-0.467651	0.931317	-0.326698	-0.835221	-0.347788	0.425969	0.306509	-0.937548	-0.164485	0.456573	-0.006818	0.889660
60381	5.173704	-1.589524	8.367969	-0.239360	0.749029	-0.007199	-0.838644	-0.347618	0.419330	0.305314	-0.937563	-0.166609	0.451064	-0.011698	0.892415
60382	5.176194	-0.936447	8.544233	-0.163336	0.624472	0.259583	-0.840704	-0.349956	0.413216	0.306722	-0.936638	-0.169206	0.446248	-0.015510	0.894775
60383	5.059498	-0.823198	8.444635	-0.126885	0.528899	0.443928	-0.841688	-0.353988	0.407743	0.309846	-0.935065	-0.172187	0.442219	-0.018590	0.896715
60384	4.986157	-0.969452	8.289017	-0.058840	0.448188	0.539210	-0.842030	-0.358924	0.402689	0.314088	-0.933134	-0.174956	0.438559	-0.020838	0.898461
60385	5.036939	-0.909617	8.253510	0.048494	0.385063	0.563140	-0.841933	-0.364059	0.398259	0.318994	-0.931121	-0.176797	0.435192	-0.021809	0.900073
60386	5.139219	-0.543520	8.202955	0.140117	0.336039	0.550876	-0.841667	-0.369096	0.394163	0.324201	-0.929135	-0.177770	0.431845	-0.021835	0.901684
60387	5.162994	-0.222566	8.142587	0.186239	0.296846	0.519785	-0.841249	-0.373825	0.390583	0.329330	-0.927256	-0.178152	0.428768	-0.021240	0.903165
60388	5.195648	-0.219876	8.140921	0.209529	0.255183	0.466163	-0.840841	-0.378076	0.387357	0.334109	-0.925551	-0.178120	0.425861	-0.020351	0.904560
60389	5.172589	-0.357416	7.900134	0.248520	0.215894	0.386889	-0.840460	-0.381580	0.384738	0.338370	-0.924143	-0.177387	0.423241	-0.018903	0.905820
60390	5.222799	-0.394837	7.744310	0.317211	0.164689	0.294039	-0.840201	-0.384250	0.382642	0.342142	-0.923078	-0.175685	0.420715	-0.016693	0.907039
60391	5.491375	-0.271943	7.664342	0.346353	0.105225	0.205402	-0.839940	-0.386097	0.381352	0.345275	-0.922353	-0.173350	0.418671	-0.013932	0.908031
60392	5.612567	-0.199845	7.713618	0.319586	0.061700	0.140075	-0.839757	-0.387364	0.380470	0.347750	-0.921858	-0.171021	0.416987	-0.011308	0.908842
60393	5.457081	-0.948721	6.334262	0.541256	-0.151758	0.004506	-0.839113	-0.387386	0.381865	0.349997	-0.921900	-0.166142	0.416403	-0.005761	0.909162
60394	6.716950	-0.358887	5.897480	0.301403	-0.312387	-0.056669	-0.838051	-0.386857	0.384723	0.350741	-0.922138	-0.163225	0.417912	-0.001853	0.908486
60395	7.566130	0.381893	6.169883	0.696499	-0.401082	-0.173965	-0.836989	-0.385211	0.388667	0.352152	-0.922808	-0.156249	0.418854	0.006091	0.908033
60396	8.174049	-0.300269	5.690219	0.493582	-0.510599	-0.202805	-0.835598	-0.383271	0.393546	0.352490	-0.923551	-0.151013	0.421338	0.012535	0.906817
60397	8.074734	0.237895	5.568664	0.569166	-0.565504	-0.235057	-0.834041	-0.380975	0.399040	0.352887	-0.924371	-0.144947	0.424082	0.019924	0.905404
60398	7.870438	-0.210954	4.823108	0.620800	-0.667645	-0.264139	-0.832168	-0.378350	0.405398	0.353289	-0.925235	-0.138302	0.427415	0.028132	0.903618
60399	7.833038	-0.322932	4.238225	0.727343	-0.850818	-0.326818	-0.829671	-0.375010	0.413537	0.353652	-0.926240	-0.130423	0.431944	0.038040	0.901098
60400	8.439286	-0.049515	3.746890	0.854933	-1.039409	-0.390604	-0.826568	-0.370910	0.423333	0.354091	-0.927334	-0.121128	0.437499	0.049778	0.897840
60401	6.354831	1.400028	8.133298	1.154166	-1.214616	-0.471735	-0.822895	-0.365803	0.434779	0.355237	-0.928425	-0.108785	0.443453	0.064931	0.893942
60402	17.833952	-0.282404	14.006691	0.851565	-1.336061	-0.749683	-0.819601	-0.357857	0.447428	0.352846	-0.930544	-0.097912	0.451390	0.077624	0.888944
60403	12.003411	8.061321	13.712480	1.923278	0.949302	-0.316547	-0.824947	-0.355684	0.439262	0.358738	-0.930057	-0.079375	0.436771	0.092099	0.894846
60404	-0.410388	2.153601	9.639278	-0.524827	0.277545	0.035464	-0.826057	-0.356231	0.436725	0.356696	-0.930415	-0.084243	0.436346	0.086189	0.895642
60405	4.639492	-6.417624	8.840421	-0.019930	-0.426696	-0.048715	-0.824365	-0.355373	0.440604	0.356160	-0.930621	-0.084229	0.439968	0.087490	0.893741
60406	6.513027	-2.888780	10.826127	0.786224	-0.097793	-0.103326	-0.824332	-0.354293	0.441535	0.358715	-0.930286	-0.076762	0.437950	0.095108	0.893954
60407	3.405253	0.915127	9.523425	0.559857	0.019086	-0.100558	-0.824781	-0.353341	0.441459	0.360285	-0.930111	-0.071333	0.435810	0.100217	0.894442
60408	4.252804	0.429874	9.808907	0.302271	-0.271681	-0.111664	-0.824025	-0.351996	0.443939	0.360639	-0.930212	-0.068153	0.436947	0.103942	0.893461
60409	4.356202	-0.936468	9.410587	0.277291	-0.193834	-0.077258	-0.823460	-0.351038	0.445741	0.361168	-0.930208	-0.065353	0.437573	0.107172	0.892773
60410	10.058671	3.481127	13.094937	0.445623	-0.289508	0.012404	-0.822175	-0.350806	0.448290	0.363177	-0.929692	-0.061448	0.438328	0.112288	0.891774
60411	0.659432	-0.840474	7.544480	-0.387052	0.357402	0.133207	-0.823260	-0.352403	0.445035	0.362533	-0.929665	-0.065518	0.436822	0.107402	0.893113
60412	7.673259	-1.188532	8.859502	0.053400	-0.168828	0.037080	-0.822414	-0.352534	0.446492	0.363028	-0.929493	-0.065218	0.438003	0.108453	0.892408
60413	3.676261	0.155718	10.196112	0.055891	-0.103253	0.066977	-0.821722	-0.353010	0.447389	0.363777	-0.929213	-0.065039	0.438679	0.109306	0.891971
60414	5.125571	-1.394499	8.974925	-0.139717	0.020853	0.087891	-0.821520	-0.353818	0.447121	0.363842	-0.929070	-0.066689	0.439003	0.107895	0.891984
60415	4.911594	-1.001928	9.297523	0.040432	-0.070804	0.061392	-0.820990	-0.354277	0.447731	0.364477	-0.928826	-0.066624	0.439468	0.108490	0.891683
60416	4.684418	-1.037504	9.242731	-0.022215	-0.022549	0.055386	-0.820715	-0.354736	0.447873	0.364790	-0.928670	-0.067082	0.439722	0.108324	0.891577
60417	4.750267	-1.154000	9.123738	0.019919	-0.028978	0.039831	-0.820446	-0.355040	0.448124	0.365158	-0.928524	-0.067103	0.439918	0.108581	0.891450
60418	4.538425	-0.860029	9.057832	0.047537	-0.009853	0.028553	-0.820324	-0.355264	0.448170	0.365557	-0.928387	-0.066820	0.439814	0.109017	0.891447
60419	4.479428	-0.492378	9.227428	0.042790	-0.024000	0.031938	-0.820106	-0.355499	0.448382	0.365961	-0.928244	-0.066603	0.439885	0.109469	0.891357
60420	4.496635	-0.396768	9.283792	0.012681	-0.037041	0.046145	-0.819799	-0.355856	0.448660	0.366351	-0.928082	-0.066709	0.440132	0.109678	0.891210
60421	4.509366	-0.503989	9.308465	-0.001060	-0.044329	0.053169	-0.819414	-0.356266	0.449038	0.366735	-0.927911	-0.066978	0.440530	0.109795	0.890999
60422	4.482737	-0.528359	9.411517	-0.008097	-0.055894	0.057867	-0.818980	-0.356711	0.449476	0.367129	-0.927730	-0.067322	0.441007	0.109880	0.890752
60423	4.538427	-0.772178	9.335373	-0.016502	-0.057568	0.061681	-0.818504	-0.357185	0.449966	0.367515	-0.927545	-0.067767	0.441570	0.109902	0.890471
60424	4.529705	-0.823343	9.330511	-0.017437	-0.054685	0.057564	-0.818076	-0.357628	0.450392	0.367865	-0.927375	-0.068194	0.442071	0.109896	0.890223
60425	4.510075	-1.022166	9.281388	-0.026135	-0.049176	0.048907	-0.817683	-0.357993	0.450816	0.368103	-0.927246	-0.068667	0.442600	0.109799	0.889972
60426	4.489025	-1.141907	9.186080	-0.020749	-0.041412	0.035011	-0.817396	-0.358242	0.451139	0.368253	-0.927160	-0.069022	0.443005	0.109715	0.889781
60427	4.523411	-1.024990	9.155212	-0.009814	-0.041733	0.022586	-0.817133	-0.358371	0.451514	0.368347	-0.927107	-0.069232	0.443412	0.109742	0.889574
60428	4.465822	-0.934374	9.182853	-0.016138	-0.030110	0.009742	-0.816988	-0.358397	0.451754	0.368311	-0.927106	-0.069433	0.443708	0.109660	0.889437
60429	4.587467	-0.893964	9.174128	-0.011844	-0.019617	0.007451	-0.816878	-0.358410	0.451942	0.368273	-0.927110	-0.069592	0.443943	0.109590	0.889328
60430	4.500841	-0.798493	9.275119	-0.018072	-0.003426	-0.002614	-0.816898	-0.358352	0.451954	0.368127	-0.927155	-0.069755	0.444028	0.109393	0.889310
60431	4.500256	-0.721308	9.228592	-0.018427	0.001604	-0.004404	-0.816925	-0.358278	0.451962	0.367962	-0.927208	-0.069919	0.444113	0.109186	0.889293
60432	4.560950	-0.717753	9.275682	-0.028477	0.002698	-0.001964	-0.816970	-0.358233	0.451918	0.367775	-0.927263	-0.070178	0.444187	0.108871	0.889295
60433	4.552204	-0.792059	9.219010	-0.040463	0.005479	-0.002072	-0.817006	-0.358185	0.451890	0.367532	-0.927331	-0.070548	0.444321	0.108446	0.889280
60434	4.568001	-0.849169	9.178870	-0.037550	0.009134	-0.006735	-0.817096	-0.358102	0.451793	0.367266	-0.927413	-0.070866	0.444376	0.108024	0.889304
60435	4.461385	-0.848162	9.188572	-0.049988	0.008253	-0.005754	-0.817158	-0.358023	0.451743	0.366950	-0.927504	-0.071305	0.444522	0.107500	0.889294
60436	4.504788	-0.919808	9.266267	-0.056260	-0.002951	-0.019481	-0.817241	-0.357809	0.451762	0.366496	-0.927650	-0.071732	0.444744	0.106947	0.889250
60437	4.603533	-0.873653	9.208644	-0.060629	-0.001278	-0.018466	-0.817308	-0.357601	0.451807	0.366029	-0.927798	-0.072208	0.445007	0.106358	0.889189
60438	4.526601	-0.830037	9.201103	-0.059901	-0.003086	-0.026208	-0.817414	-0.357325	0.451832	0.365503	-0.927972	-0.072637	0.445243	0.105772	0.889141
60439	4.482665	-0.824822	9.257019	-0.074914	-0.015067	-0.032259	-0.817469	-0.356975	0.452010	0.364859	-0.928183	-0.073177	0.445670	0.105099	0.889006
60440	4.517776	-0.839927	9.251854	-0.081096	-0.023906	-0.032553	-0.817506	-0.356618	0.452225	0.364187	-0.928400	-0.073766	0.446152	0.104390	0.888848
60441	4.489932	-0.759960	9.241909	-0.070973	-0.035230	-0.028739	-0.817457	-0.356280	0.452579	0.363588	-0.928593	-0.074287	0.446729	0.103826	0.888624
60442	4.398450	-0.916806	9.253607	-0.071088	-0.041993	-0.020863	-0.817370	-0.356012	0.452948	0.363055	-0.928757	-0.074840	0.447322	0.103273	0.888390
60443	4.583189	-0.765941	9.177485	-0.051393	-0.058037	-0.018418	-0.817181	-0.355747	0.453497	0.362628	-0.928892	-0.075233	0.448013	0.102971	0.888077
60444	4.499782	-0.928133	9.256704	-0.082297	-0.060011	-0.019616	-0.817007	-0.355473	0.454024	0.362054	-0.929063	-0.075890	0.448794	0.102378	0.887752
60445	4.531994	-0.966636	9.248216	-0.064298	-0.063060	-0.024823	-0.816818	-0.355143	0.454622	0.361515	-0.929233	-0.076368	0.449572	0.101974	0.887404
60446	4.545333	-0.947988	9.245759	-0.067956	-0.073849	-0.033743	-0.816632	-0.354725	0.455283	0.360889	-0.929438	-0.076833	0.450412	0.101562	0.887025
60447	4.496345	-0.913896	9.284892	-0.077215	-0.074611	-0.039057	-0.816440	-0.354251	0.455995	0.360175	-0.929672	-0.077360	0.451330	0.101078	0.886614
60448	4.543069	-0.826294	9.232301	-0.089611	-0.092742	-0.048129	-0.816219	-0.353681	0.456834	0.359333	-0.929948	-0.077951	0.452402	0.100530	0.886130
60449	4.477928	-0.787553	9.255410	-0.094950	-0.096918	-0.048378	-0.815957	-0.353099	0.457750	0.358461	-0.930231	-0.078591	0.453563	0.099959	0.885601
60450	3.954117	-0.437158	9.678911	-0.085564	-0.134604	-0.033470	-0.815490	-0.352623	0.458948	0.357754	-0.930450	-0.079211	0.454960	0.099595	0.884925
60451	4.650526	-0.804517	9.382705	-0.208523	-0.238121	-0.041201	-0.814554	-0.351970	0.461106	0.356420	-0.930818	-0.080885	0.457675	0.098462	0.883651
60452	4.355730	-1.110646	9.359194	-0.163105	-0.220261	-0.037067	-0.813700	-0.351379	0.463061	0.355325	-0.931124	-0.082170	0.460040	0.097675	0.882509
60453	4.408475	-0.919072	9.553796	-0.229330	-0.259500	-0.060904	-0.812722	-0.350525	0.465420	0.353724	-0.931577	-0.083929	0.462993	0.096419	0.881102
60454	4.414228	-0.939698	9.645769	-0.256987	-0.313429	-0.072063	-0.811544	-0.349524	0.468219	0.351899	-0.932091	-0.085871	0.466436	0.095078	0.879430
60455	4.448340	-1.022526	9.762232	-0.289415	-0.346643	-0.080060	-0.810205	-0.348416	0.471353	0.349847	-0.932659	-0.088056	0.470292	0.093558	0.877537
60456	4.293604	-0.881485	9.972030	-0.310667	-0.423989	-0.086938	-0.808530	-0.347182	0.475125	0.347631	-0.933265	-0.090383	0.474798	0.092091	0.875264
60457	4.140163	-0.705544	10.045361	-0.304479	-0.529246	-0.082172	-0.806290	-0.345896	0.479845	0.345466	-0.933845	-0.092670	0.480155	0.091051	0.872445
60458	4.188457	-0.577838	10.018548	-0.320790	-0.659613	-0.071305	-0.803374	-0.344603	0.485633	0.343296	-0.934397	-0.095134	0.486558	0.090288	0.868971
60459	4.185696	-0.538355	10.072988	-0.266000	-0.810430	-0.046832	-0.799563	-0.343398	0.492723	0.341569	-0.934814	-0.097229	0.493993	0.090558	0.864737
60460	4.043500	-0.455326	10.516553	-0.260566	-0.988236	-0.019941	-0.794733	-0.342283	0.501240	0.340067	-0.935134	-0.099390	0.502746	0.091466	0.859582
60461	3.049926	-0.920345	11.696502	-0.360965	-1.219545	-0.030078	-0.788640	-0.340847	0.511733	0.337946	-0.935584	-0.102346	0.513654	0.092224	0.853027
60462	2.644972	-2.041224	11.899398	-0.419767	-1.566478	-0.101489	-0.780857	-0.338414	0.525107	0.334920	-0.936334	-0.105395	0.527343	0.093571	0.844485
60463	2.920338	-2.540095	11.528271	-0.412171	-1.903577	-0.254548	-0.771513	-0.334189	0.541373	0.330688	-0.937596	-0.107512	0.543519	0.096079	0.833880
60464	3.062012	-2.789977	11.042565	-0.243985	-2.202825	-0.444900	-0.760840	-0.327816	0.560052	0.325887	-0.939324	-0.107093	0.561177	0.101033	0.821506
