// General information: 
//  MT Manager version: 2022.2.0 
//  XDA version: 2022.2.0 build 7381 rev 124627 built on 2023-07-19
// Device information: 
//  DeviceId: 00B4CB9F
//  ProductCode: MTW2-3A7G6
//  Firmware Version: 4.6.0
//  Hardware Version: 2.0.0
// Device settings: 
//  Filter Profile: human(46.1)
//  Option Flags: Orientation Smoother Disabled, Position/Velocity Smoother Disabled, Continuous Zero Rotation Update Disabled, AHS Disabled, ICC Disabled
// Coordinate system: ENU
PacketCounter	Acc_X	Acc_Y	Acc_Z	Gyr_X	Gyr_Y	Gyr_Z	Mat[1][1]	Mat[2][1]	Mat[3][1]	Mat[1][2]	Mat[2][2]	Mat[3][2]	Mat[1][3]	Mat[2][3]	Mat[3][3]
61640	9.953891	-0.185180	2.182019	0.480143	-0.220410	-0.003527	-0.253624	-0.088822	0.963216	0.387897	-0.921543	0.017158	0.886121	0.377980	0.268179
61641	9.783602	-0.129710	2.334480	0.500407	-0.211388	0.004345	-0.251676	-0.088091	0.963794	0.392382	-0.919618	0.018409	0.884701	0.382809	0.266012
61642	9.698144	-0.081188	2.289799	0.516544	-0.203103	-0.001606	-0.249815	-0.087318	0.964348	0.397010	-0.917601	0.019761	0.883162	0.387793	0.263897
61643	9.628579	-0.059708	2.289633	0.532733	-0.204708	-0.007035	-0.247978	-0.086487	0.964897	0.401737	-0.915510	0.021186	0.881541	0.392888	0.261771
61644	9.529927	-0.040646	2.271093	0.535464	-0.211048	-0.010022	-0.246087	-0.085585	0.965462	0.406494	-0.913373	0.022644	0.879888	0.398027	0.259559
61645	9.466884	-0.077155	2.138777	0.526384	-0.210087	-0.006852	-0.244208	-0.084713	0.966016	0.411148	-0.911252	0.024027	0.878248	0.403043	0.257365
61646	9.461898	-0.108600	2.043214	0.536194	-0.209477	-0.003807	-0.242312	-0.083851	0.966568	0.415909	-0.909051	0.025404	0.876530	0.408160	0.255148
61647	9.439291	-0.146959	1.977914	0.560894	-0.199686	-0.003327	-0.240517	-0.083032	0.967087	0.420855	-0.906731	0.026818	0.874661	0.413454	0.253029
61648	9.312895	-0.180069	1.915975	0.569611	-0.191860	0.007748	-0.238734	-0.082326	0.967589	0.425916	-0.904325	0.028143	0.872698	0.418830	0.250957
61649	9.209943	-0.177491	1.774476	0.608425	-0.206171	0.015273	-0.236811	-0.081625	0.968121	0.431298	-0.901728	0.029472	0.870576	0.424527	0.248744
61650	9.129862	-0.203110	1.699792	0.682618	-0.244587	0.025092	-0.234500	-0.080828	0.968750	0.437357	-0.898758	0.030880	0.868176	0.430931	0.246109
61651	9.216432	-0.151094	1.631497	0.751044	-0.279689	0.048830	-0.231799	-0.080080	0.969462	0.444023	-0.895437	0.032200	0.865513	0.437928	0.243119
61652	9.326408	-0.056251	1.680928	0.804255	-0.299834	0.071634	-0.228812	-0.079418	0.970226	0.451202	-0.891796	0.033410	0.862590	0.445412	0.239887
61653	9.532243	0.049585	1.802853	0.838793	-0.298911	0.100619	-0.225718	-0.078999	0.970984	0.458694	-0.887929	0.034388	0.859448	0.453147	0.236658
61654	9.599918	0.229427	1.936060	0.856855	-0.290585	0.123125	-0.222577	-0.078784	0.971727	0.466388	-0.883881	0.035166	0.856120	0.461029	0.233475
61655	9.643256	0.481532	2.022658	0.836874	-0.294382	0.146189	-0.219312	-0.078732	0.972473	0.473903	-0.879855	0.035641	0.852830	0.468674	0.230274
61656	9.755697	0.600917	1.984833	0.811979	-0.298373	0.159067	-0.215936	-0.078737	0.973228	0.481223	-0.875862	0.035912	0.849586	0.476094	0.227020
61657	9.815157	0.730656	2.035661	0.783425	-0.298165	0.166010	-0.212540	-0.078784	0.973971	0.488263	-0.871953	0.036017	0.846420	0.483209	0.223792
61658	9.847075	0.929256	2.116063	0.757053	-0.307483	0.160655	-0.209070	-0.078703	0.974729	0.495068	-0.868104	0.036093	0.843325	0.490103	0.220458
61659	9.885819	1.078984	2.268965	0.733420	-0.312159	0.157195	-0.205595	-0.078550	0.975480	0.501608	-0.864341	0.036120	0.840309	0.496734	0.217106
61660	9.912167	1.229593	2.372912	0.692386	-0.309524	0.143195	-0.202199	-0.078248	0.976213	0.507771	-0.860732	0.036181	0.837427	0.503008	0.213771
61661	9.919018	1.303780	2.536535	0.627470	-0.293452	0.132722	-0.199004	-0.077928	0.976895	0.513323	-0.857433	0.036171	0.834804	0.508661	0.210635
61662	9.871604	1.370167	2.769993	0.532991	-0.277467	0.122387	-0.195983	-0.077561	0.977535	0.518069	-0.854579	0.036061	0.832584	0.513498	0.207665
61663	9.881938	1.297795	2.867833	0.411114	-0.266789	0.113120	-0.193112	-0.077175	0.978137	0.521747	-0.852351	0.035758	0.830956	0.517245	0.204865
61664	9.889446	1.149073	2.922643	0.296308	-0.255395	0.102973	-0.190379	-0.076727	0.978708	0.524463	-0.850700	0.035327	0.829876	0.520021	0.202196
61665	9.917649	0.926188	2.850764	0.194911	-0.230555	0.107161	-0.187840	-0.076460	0.979219	0.526321	-0.849581	0.034624	0.829278	0.521887	0.199828
61666	9.936407	0.600426	2.791981	0.119278	-0.189473	0.103941	-0.185651	-0.076351	0.979645	0.527556	-0.848847	0.033820	0.828986	0.523097	0.197868
61667	9.815963	0.350472	2.751135	0.097071	-0.157177	0.110134	-0.183702	-0.076486	0.980002	0.528603	-0.848232	0.032886	0.828754	0.524073	0.196253
61668	9.740524	0.205767	2.667782	0.113261	-0.123047	0.113578	-0.182008	-0.076807	0.980293	0.529807	-0.847516	0.031963	0.828359	0.525183	0.194947
61669	9.686687	0.114765	2.603059	0.158583	-0.095512	0.114717	-0.180544	-0.077300	0.980525	0.531366	-0.846572	0.031101	0.827680	0.526632	0.193917
61670	9.617799	0.120471	2.462670	0.214609	-0.072655	0.117489	-0.179251	-0.077911	0.980713	0.533397	-0.845321	0.030337	0.826654	0.528547	0.193083
61671	9.495080	0.218518	2.361144	0.268214	-0.054575	0.111916	-0.178138	-0.078590	0.980862	0.535850	-0.843790	0.029710	0.825307	0.530887	0.192424
61672	9.441242	0.377656	2.259794	0.303673	-0.048838	0.107231	-0.177094	-0.079231	0.980999	0.538582	-0.842066	0.029217	0.823752	0.533523	0.191798
61673	9.425262	0.493901	2.174142	0.328253	-0.051549	0.105527	-0.176036	-0.079865	0.981139	0.541508	-0.840204	0.028764	0.822059	0.536357	0.191153
61674	9.374702	0.580859	2.126312	0.339474	-0.057249	0.112588	-0.174887	-0.080505	0.981292	0.544536	-0.838261	0.028277	0.820302	0.539294	0.190438
61675	9.392804	0.678851	2.131760	0.339489	-0.058368	0.115854	-0.173711	-0.081181	0.981445	0.547557	-0.836308	0.027739	0.818539	0.542216	0.189727
61676	9.352964	0.694568	2.161576	0.337892	-0.062789	0.122754	-0.172454	-0.081870	0.981609	0.550579	-0.834342	0.027141	0.816776	0.545134	0.188962
61677	9.313500	0.709722	2.190367	0.333977	-0.079305	0.133659	-0.171004	-0.082571	0.981804	0.553571	-0.832383	0.026413	0.815056	0.548015	0.188050
61678	9.327932	0.732542	2.225520	0.344049	-0.088468	0.137733	-0.169453	-0.083234	0.982017	0.556651	-0.830350	0.025675	0.813281	0.550991	0.187038
61679	9.312415	0.747141	2.167176	0.353127	-0.095379	0.146290	-0.167797	-0.083941	0.982241	0.559803	-0.828253	0.024850	0.811459	0.554031	0.185969
61680	9.282355	0.813351	2.237333	0.340206	-0.098135	0.159390	-0.166044	-0.084718	0.982473	0.562869	-0.826201	0.023886	0.809696	0.556970	0.184870
61681	9.454057	0.831860	2.270596	0.329349	-0.102457	0.153589	-0.164283	-0.085433	0.982707	0.565824	-0.824207	0.022937	0.807994	0.559807	0.183743
61682	9.447541	0.901299	2.332196	0.322377	-0.091134	0.148802	-0.162639	-0.086144	0.982918	0.568708	-0.822244	0.022039	0.806300	0.562578	0.182720
61683	9.437685	0.991679	2.315942	0.271442	-0.087522	0.129602	-0.161130	-0.086735	0.983114	0.571141	-0.820578	0.021213	0.804882	0.564915	0.181758
61684	9.488007	1.046781	2.387009	0.236488	-0.081990	0.104433	-0.159810	-0.087128	0.983295	0.573253	-0.819120	0.020587	0.803643	0.566967	0.180850
61685	9.518590	1.076571	2.467753	0.182566	-0.083013	0.081584	-0.158610	-0.087344	0.983470	0.574885	-0.817988	0.020068	0.802714	0.568566	0.179954
61686	9.542254	1.151083	2.469413	0.132758	-0.072654	0.062014	-0.157613	-0.087429	0.983623	0.576081	-0.817156	0.019677	0.802053	0.569748	0.179161
61687	9.549026	1.175354	2.483418	0.078702	-0.060401	0.040900	-0.156828	-0.087438	0.983748	0.576813	-0.816647	0.019369	0.801681	0.570476	0.178508
61688	9.552713	1.098753	2.458581	0.026452	-0.056702	0.022045	-0.156185	-0.087282	0.983864	0.577090	-0.816455	0.019180	0.801607	0.570774	0.177888
61689	9.589961	1.003502	2.451140	-0.014614	-0.052210	0.005691	-0.155668	-0.087050	0.983966	0.577018	-0.816509	0.019052	0.801759	0.570732	0.177334
61690	9.568778	0.874352	2.415840	-0.058884	-0.050948	-0.004499	-0.155226	-0.086718	0.984065	0.576579	-0.816821	0.018969	0.802161	0.570336	0.176792
61691	9.558298	0.723531	2.406028	-0.084362	-0.034211	-0.012978	-0.154961	-0.086436	0.984132	0.575918	-0.817289	0.018901	0.802687	0.569708	0.176428
61692	9.505766	0.589496	2.357919	-0.107523	-0.026985	-0.015967	-0.154785	-0.086135	0.984186	0.575054	-0.817898	0.018859	0.803339	0.568879	0.176131
61693	9.498904	0.461063	2.294003	-0.118568	-0.024883	-0.028460	-0.154683	-0.085780	0.984233	0.574093	-0.818572	0.018883	0.804046	0.567963	0.175865
61694	9.545464	0.340856	2.237584	-0.130623	-0.009347	-0.032535	-0.154736	-0.085454	0.984253	0.573026	-0.819318	0.018952	0.804797	0.566935	0.175745
61695	9.521108	0.287796	2.225707	-0.153363	0.008751	-0.038196	-0.154959	-0.085210	0.984239	0.571768	-0.820195	0.019011	0.805648	0.565702	0.175817
61696	9.527871	0.285931	2.173773	-0.168431	0.026464	-0.037443	-0.155335	-0.085039	0.984195	0.570372	-0.821165	0.019069	0.806565	0.564320	0.176059
61697	9.525742	0.235146	2.156909	-0.193246	0.040127	-0.040381	-0.155823	-0.084952	0.984125	0.568786	-0.822264	0.019080	0.807590	0.562730	0.176447
61698	9.541063	0.285743	2.151190	-0.205448	0.048080	-0.040833	-0.156397	-0.084872	0.984041	0.567080	-0.823441	0.019107	0.808678	0.561019	0.176913
61699	9.573761	0.265862	2.173078	-0.228879	0.058471	-0.044977	-0.157059	-0.084849	0.983938	0.565194	-0.824737	0.019098	0.809869	0.559115	0.177488
61700	9.573488	0.315189	2.200563	-0.246407	0.066240	-0.040146	-0.157764	-0.084884	0.983822	0.563158	-0.826130	0.019028	0.811150	0.557049	0.178137
61701	9.618783	0.369325	2.213309	-0.253509	0.076791	-0.037142	-0.158531	-0.085024	0.983686	0.561078	-0.827547	0.018895	0.812441	0.554920	0.178897
61702	9.651851	0.398204	2.259642	-0.274712	0.091657	-0.041799	-0.159455	-0.085186	0.983523	0.558804	-0.829087	0.018787	0.813826	0.552592	0.179804
61703	9.684435	0.426504	2.307898	-0.289435	0.110482	-0.037776	-0.160500	-0.085502	0.983325	0.556423	-0.830691	0.018590	0.815250	0.550129	0.180902
61704	9.659664	0.470468	2.349841	-0.311800	0.124311	-0.036724	-0.161660	-0.085880	0.983103	0.553843	-0.832419	0.018357	0.816777	0.547452	0.182133
61705	9.680318	0.519577	2.377864	-0.332849	0.139199	-0.039206	-0.162950	-0.086334	0.982850	0.551095	-0.834247	0.018087	0.818378	0.544591	0.183519
61706	9.695345	0.492278	2.363390	-0.358555	0.149395	-0.040808	-0.164361	-0.086790	0.982575	0.548097	-0.836225	0.017820	0.820106	0.541476	0.185013
61707	9.665221	0.508620	2.387109	-0.382228	0.155364	-0.040457	-0.165793	-0.087312	0.982288	0.544930	-0.838300	0.017462	0.821927	0.538173	0.186563
61708	9.707167	0.509586	2.388987	-0.401569	0.160314	-0.048467	-0.167328	-0.087769	0.981987	0.541570	-0.840480	0.017161	0.823834	0.534686	0.188169
61709	9.723185	0.530485	2.321336	-0.410830	0.159562	-0.047033	-0.168833	-0.088245	0.981686	0.538140	-0.842688	0.016800	0.825773	0.531121	0.189762
61710	9.727301	0.525837	2.284965	-0.411628	0.158278	-0.045854	-0.170325	-0.088712	0.981387	0.534690	-0.844888	0.016425	0.827705	0.527535	0.191339
61711	9.776357	0.478598	2.287362	-0.405745	0.147675	-0.040106	-0.171698	-0.089172	0.981106	0.531297	-0.847034	0.015993	0.829604	0.524005	0.192811
61712	9.839448	0.506768	2.203089	-0.388213	0.131256	-0.038307	-0.172943	-0.089530	0.980854	0.528019	-0.849090	0.015596	0.831437	0.520607	0.194118
61713	9.791376	0.495025	2.155082	-0.369582	0.120560	-0.024721	-0.174013	-0.089969	0.980625	0.524938	-0.851007	0.015074	0.833163	0.517390	0.195314
61714	9.843955	0.546097	2.121733	-0.375393	0.088387	-0.015853	-0.174763	-0.090319	0.980459	0.521827	-0.852929	0.014443	0.834958	0.514154	0.196192
61715	9.909801	0.498907	2.162977	-0.369488	0.068057	0.001972	-0.175258	-0.090708	0.980335	0.518780	-0.854799	0.013652	0.836751	0.510971	0.196868
61716	10.049229	0.484159	2.203183	-0.386356	0.042851	0.026604	-0.175419	-0.091175	0.980263	0.515631	-0.856718	0.012589	0.838661	0.507663	0.197297
61717	10.212160	0.469273	2.234520	-0.412056	0.034487	0.054635	-0.175364	-0.091842	0.980210	0.512306	-0.858730	0.011195	0.840708	0.504131	0.197642
61718	10.245444	0.432998	2.255435	-0.423344	0.032526	0.077110	-0.175185	-0.092676	0.980164	0.508903	-0.860771	0.009569	0.842810	0.500484	0.197958
61719	10.000431	0.429278	2.311388	-0.436296	0.035845	0.083406	-0.175001	-0.093598	0.980109	0.505405	-0.862846	0.007842	0.844950	0.496725	0.198304
61720	9.914292	0.349519	2.344955	-0.462325	0.041520	0.066540	-0.174968	-0.094386	0.980040	0.501636	-0.865056	0.006245	0.847200	0.492716	0.198704
61721	9.998541	0.268099	2.427972	-0.498859	0.056331	0.045837	-0.175153	-0.095084	0.979939	0.497523	-0.867438	0.004758	0.849584	0.488376	0.199241
61722	10.073345	0.261491	2.438365	-0.537944	0.090563	0.043152	-0.175632	-0.095938	0.979770	0.493084	-0.869976	0.003202	0.852069	0.483671	0.200102
61723	9.949961	0.198817	2.539701	-0.578856	0.134478	0.039783	-0.176522	-0.096958	0.979510	0.488253	-0.872701	0.001605	0.854663	0.478532	0.201390
61724	9.807945	0.065356	2.470311	-0.660044	0.169900	0.043552	-0.177696	-0.098177	0.979176	0.482728	-0.875770	-0.000207	0.857554	0.472639	0.203014
61725	9.856463	-0.122325	2.497001	-0.752279	0.219746	0.044794	-0.179306	-0.099628	0.978736	0.476384	-0.879235	-0.002225	0.860760	0.465855	0.205113
61726	9.787926	-0.331053	2.560421	-0.836680	0.262148	0.056768	-0.181239	-0.101347	0.978203	0.469284	-0.883036	-0.004540	0.864248	0.458232	0.207601
61727	9.704491	-0.447437	2.631440	-0.931376	0.317846	0.067246	-0.183616	-0.103412	0.977543	0.461379	-0.887174	-0.007190	0.867994	0.449698	0.210612
61728	9.548322	-0.719953	2.643717	-0.974630	0.373094	0.063709	-0.186493	-0.105679	0.976756	0.453068	-0.891420	-0.009941	0.871751	0.440683	0.214124
61729	9.534037	-0.852376	2.695964	-1.005079	0.424459	0.037574	-0.189971	-0.107894	0.975843	0.444399	-0.895741	-0.012525	0.875455	0.431284	0.218113
61730	9.614547	-0.944400	2.751129	-0.959588	0.484163	-0.000916	-0.194142	-0.109998	0.974787	0.436033	-0.899811	-0.014695	0.878740	0.422187	0.222654
61731	9.271385	-1.032088	2.955882	-0.933982	0.533126	-0.021410	-0.198866	-0.112061	0.973599	0.427811	-0.903715	-0.016634	0.881720	0.413208	0.227659
61732	9.223341	-1.093538	2.849890	-0.864213	0.540367	-0.033046	-0.203701	-0.114025	0.972370	0.420163	-0.907263	-0.018371	0.884290	0.404812	0.232719
61733	9.257812	-1.095851	2.600752	-0.761308	0.567429	-0.036827	-0.208817	-0.115997	0.971051	0.413389	-0.910338	-0.019848	0.886287	0.397277	0.238046
61734	9.186886	-1.091049	2.435470	-0.659208	0.602737	-0.049435	-0.214256	-0.118010	0.969623	0.407533	-0.912948	-0.021060	0.887700	0.390641	0.243697
61735	9.368234	-1.112974	2.229569	-0.463662	0.589460	-0.055203	-0.219654	-0.119825	0.968191	0.403338	-0.914794	-0.021711	0.888297	0.385739	0.249268
61736	9.303345	-0.888346	2.014259	-0.305408	0.616631	-0.051231	-0.225259	-0.121793	0.966657	0.400571	-0.916000	-0.022066	0.888145	0.382245	0.255124
61737	9.324359	-0.672783	2.159618	-0.209821	0.624569	-0.043700	-0.230919	-0.123804	0.965064	0.398652	-0.916833	-0.022228	0.887555	0.379592	0.261069
61738	9.468702	-0.356138	2.261479	-0.109975	0.603670	-0.057730	-0.236408	-0.125637	0.963497	0.397616	-0.917287	-0.022051	0.886574	0.377889	0.266809
61739	9.446816	-0.073760	2.274123	-0.098987	0.608011	-0.064307	-0.241990	-0.127373	0.961882	0.396628	-0.917722	-0.021741	0.885509	0.376248	0.272599
61740	9.321962	0.412640	2.332475	-0.121563	0.613958	-0.087819	-0.247703	-0.128928	0.960219	0.395385	-0.918269	-0.021299	0.884485	0.374380	0.278434
61741	9.116889	0.586359	2.224409	-0.243567	0.615527	-0.101141	-0.253485	-0.130327	0.958520	0.393022	-0.919288	-0.021056	0.883900	0.371382	0.284247
61742	9.102590	0.589799	2.281329	-0.349300	0.595847	-0.121131	-0.259177	-0.131454	0.956842	0.389653	-0.920723	-0.020948	0.883741	0.367407	0.289852
61743	9.138120	0.769845	2.372141	-0.409004	0.585756	-0.130206	-0.264799	-0.132426	0.955167	0.385742	-0.922369	-0.020941	0.883790	0.362903	0.295325
61744	9.085878	0.795568	2.390132	-0.541397	0.597412	-0.133253	-0.270547	-0.133379	0.953422	0.380625	-0.924484	-0.021322	0.884267	0.357128	0.300884
61745	8.977345	0.944015	2.511359	-0.661537	0.602496	-0.139438	-0.276345	-0.134253	0.951635	0.374436	-0.926991	-0.022044	0.885116	0.350235	0.306439
61746	9.099504	0.863898	2.558870	-0.704654	0.564532	-0.153859	-0.281872	-0.134810	0.949934	0.367798	-0.929626	-0.022792	0.886156	0.342959	0.311619
61747	9.099206	0.912796	2.620821	-0.738161	0.569113	-0.186956	-0.287541	-0.135035	0.948201	0.360766	-0.932363	-0.023377	0.887225	0.335357	0.316809
61748	8.922203	1.170277	2.620346	-0.787811	0.563870	-0.209777	-0.293251	-0.134969	0.946460	0.353200	-0.935242	-0.023934	0.888399	0.327271	0.321932
61749	8.886647	0.785449	2.548732	-0.880911	0.531225	-0.226079	-0.298706	-0.134602	0.944805	0.344744	-0.938372	-0.024693	0.889902	0.318340	0.326701
61750	8.919982	0.706679	2.655280	-0.853114	0.487422	-0.249924	-0.303853	-0.133805	0.943276	0.336436	-0.941370	-0.025160	0.891338	0.309707	0.331055
61751	9.162558	0.429701	2.686835	-0.716235	0.420931	-0.280768	-0.308485	-0.132484	0.941958	0.329236	-0.943918	-0.024937	0.892435	0.302433	0.334804
61752	9.203664	0.316938	2.746361	-0.599538	0.370462	-0.288822	-0.312689	-0.130883	0.940795	0.323034	-0.946077	-0.024252	0.893239	0.296325	0.338107
61753	8.965213	0.027815	2.663920	-0.662283	0.349276	-0.259385	-0.316583	-0.129488	0.939685	0.316346	-0.948338	-0.024102	0.894260	0.289635	0.341191
61754	8.982464	-0.369631	2.814557	-0.631082	0.288306	-0.242706	-0.319876	-0.128028	0.938770	0.309978	-0.950441	-0.023997	0.895317	0.283322	0.343709
61755	9.083691	-0.678034	2.959964	-0.549200	0.226944	-0.214262	-0.322512	-0.126665	0.938052	0.304418	-0.952238	-0.023918	0.896279	0.277846	0.345667
61756	9.137254	-0.747574	3.128377	-0.384803	0.191172	-0.191865	-0.324759	-0.125384	0.937449	0.300400	-0.953525	-0.023467	0.896823	0.273988	0.347331
61757	8.972452	-0.821969	3.351643	-0.276985	0.156811	-0.164355	-0.326601	-0.124283	0.936955	0.297428	-0.954469	-0.022929	0.897144	0.271188	0.348696
61758	9.097445	-0.804126	3.647274	-0.143275	0.121267	-0.150568	-0.328089	-0.123195	0.936579	0.295700	-0.955027	-0.022036	0.897173	0.269717	0.349763
61759	9.015095	-0.803511	3.843423	-0.096509	0.112574	-0.145763	-0.329474	-0.122145	0.936230	0.294404	-0.955449	-0.021047	0.897091	0.268695	0.350756
61760	9.028669	-0.798375	3.999962	-0.076429	0.103714	-0.165507	-0.330845	-0.120866	0.935913	0.293219	-0.955840	-0.019787	0.896975	0.267881	0.351676
61761	9.065641	-0.785817	4.154414	-0.087353	0.118241	-0.189523	-0.332405	-0.119410	0.935547	0.291856	-0.956286	-0.018359	0.896843	0.266942	0.352725
61762	9.189097	-0.884955	4.426368	-0.159852	0.156982	-0.196161	-0.334340	-0.117979	0.935039	0.289811	-0.956931	-0.017114	0.896787	0.265263	0.354132
61763	9.201985	-0.856060	4.695689	-0.274198	0.234313	-0.188420	-0.336930	-0.116833	0.934253	0.286769	-0.957860	-0.016364	0.896795	0.262401	0.356236
61764	9.247135	-0.911883	4.898526	-0.392847	0.292984	-0.185859	-0.340045	-0.115845	0.933247	0.282654	-0.959087	-0.016062	0.896926	0.258324	0.358877
61765	9.272769	-0.844088	5.287784	-0.546618	0.367069	-0.181867	-0.343793	-0.115077	0.931968	0.277178	-0.960679	-0.016374	0.897206	0.252691	0.362172
61766	9.117002	-0.876433	5.158467	-0.714599	0.437557	-0.172272	-0.348154	-0.114545	0.930413	0.270199	-0.962647	-0.017406	0.897653	0.245337	0.366099
61767	9.059225	-0.958166	4.881846	-0.846697	0.474615	-0.162326	-0.352794	-0.114165	0.928710	0.262077	-0.964859	-0.019052	0.898249	0.236672	0.370317
61768	9.202332	-1.154476	4.526874	-0.845488	0.485695	-0.146264	-0.357502	-0.113919	0.926938	0.253985	-0.966983	-0.020884	0.898713	0.227962	0.374632
61769	8.884891	-1.490200	3.839535	-0.751326	0.489978	-0.111372	-0.362132	-0.113981	0.925132	0.246881	-0.968779	-0.022720	0.898838	0.220170	0.378966
61770	8.270239	-1.783181	3.240046	-0.614598	0.444806	-0.070166	-0.366269	-0.114309	0.923461	0.241120	-0.970187	-0.024458	0.898726	0.213707	0.382912
61771	7.841171	-1.794432	3.009165	-0.394797	0.369461	-0.040545	-0.369634	-0.114740	0.922066	0.237474	-0.971055	-0.025638	0.898319	0.209490	0.386183
61772	7.642508	-1.797806	2.772178	-0.154334	0.263150	-0.014358	-0.372001	-0.115197	0.921056	0.236049	-0.971389	-0.026156	0.897717	0.207684	0.388550
61773	7.638699	-1.650978	2.546848	0.071068	0.162983	0.010317	-0.373387	-0.115679	0.920435	0.236776	-0.971216	-0.026010	0.896950	0.208225	0.390030
61774	7.625974	-1.351797	2.332473	0.244863	0.086554	0.032740	-0.374055	-0.116230	0.920094	0.239104	-0.970661	-0.025413	0.896054	0.210492	0.390872
61775	7.326434	-0.771221	2.265866	0.364003	-0.006499	-0.009532	-0.373968	-0.116167	0.920138	0.242379	-0.969886	-0.023939	0.895210	0.214070	0.390862
61776	7.376590	-0.313488	1.913272	0.477311	-0.179684	-0.048822	-0.372447	-0.115358	0.920856	0.246478	-0.968906	-0.021688	0.894724	0.218893	0.389299
61777	7.781243	-0.217442	1.744289	0.554138	-0.344778	-0.015253	-0.369348	-0.114488	0.922212	0.251430	-0.967680	-0.019435	0.894631	0.224693	0.386197
61778	8.116037	-0.388604	1.810628	0.625542	-0.422265	0.014409	-0.365499	-0.113718	0.923839	0.257093	-0.966233	-0.017223	0.894603	0.231217	0.382393
61779	8.302680	-0.463805	2.264521	0.680907	-0.488794	0.011028	-0.361045	-0.112718	0.925711	0.263274	-0.964608	-0.014773	0.894614	0.238382	0.377942
61780	8.803960	-0.301122	2.903172	0.668241	-0.517853	-0.016379	-0.356417	-0.111361	0.927667	0.269211	-0.963004	-0.012170	0.894702	0.245400	0.373211
61781	9.388963	-0.022404	3.900831	0.527130	-0.486258	-0.056293	-0.352166	-0.109653	0.929492	0.273778	-0.961744	-0.009729	0.895000	0.251048	0.368714
61782	10.091464	0.451469	4.972095	0.309395	-0.385560	-0.100169	-0.348950	-0.107768	0.930924	0.276214	-0.961065	-0.007720	0.895511	0.254440	0.365131
61783	10.391499	1.251084	5.516358	0.149316	-0.270331	-0.183473	-0.346983	-0.105355	0.931935	0.276962	-0.960865	-0.005506	0.896044	0.256200	0.362583
61784	10.428292	2.064188	5.170929	0.137847	-0.223286	-0.312308	-0.345809	-0.101830	0.932763	0.277132	-0.960829	-0.002152	0.896445	0.257755	0.360484
61785	10.545037	2.145806	4.251026	0.172415	-0.280945	-0.396491	-0.344335	-0.097334	0.933788	0.277359	-0.960764	0.002130	0.896942	0.259728	0.357822
61786	10.387699	1.382817	3.463365	0.154008	-0.401684	-0.395848	-0.341790	-0.092528	0.935210	0.277406	-0.960732	0.006330	0.897901	0.261596	0.354037
61787	10.174170	0.384123	3.238318	0.082760	-0.447314	-0.371448	-0.338747	-0.087826	0.936770	0.276934	-0.960836	0.010060	0.899199	0.262831	0.349802
61788	9.690181	-0.228252	3.570270	0.003122	-0.399874	-0.376584	-0.336149	-0.083196	0.938127	0.275718	-0.961143	0.013558	0.900546	0.263216	0.346026
61789	9.358288	-0.308969	3.568083	-0.013304	-0.317433	-0.427966	-0.334412	-0.078286	0.939170	0.274212	-0.961510	0.017491	0.901652	0.263381	0.343007
61790	9.009173	-0.213487	2.956047	0.053510	-0.262229	-0.472738	-0.333300	-0.073090	0.939983	0.273142	-0.961721	0.022070	0.902388	0.264105	0.340506
61791	8.856463	-0.295705	2.329116	0.146630	-0.255700	-0.441480	-0.332144	-0.068207	0.940759	0.273045	-0.961631	0.026681	0.902844	0.265731	0.338024
61792	8.788163	-0.497991	1.943446	0.233572	-0.264676	-0.354525	-0.330683	-0.064135	0.941560	0.274004	-0.961237	0.030757	0.903089	0.268162	0.335438
61793	8.832785	-0.491591	1.958932	0.286029	-0.293705	-0.255220	-0.328678	-0.060931	0.942474	0.275795	-0.960612	0.034077	0.903276	0.271130	0.332537
61794	9.069227	-0.197873	2.145856	0.327506	-0.301510	-0.171509	-0.326387	-0.058506	0.943424	0.278218	-0.959816	0.036730	0.903364	0.274465	0.329548
61795	9.232943	0.368317	2.394503	0.344646	-0.308471	-0.115528	-0.323869	-0.056585	0.944408	0.281004	-0.958918	0.038912	0.903408	0.277984	0.326464
61796	9.508417	0.891259	2.608847	0.313151	-0.321865	-0.092605	-0.321178	-0.054841	0.945430	0.283563	-0.958087	0.040755	0.903569	0.281178	0.323267
61797	9.722400	1.270873	2.803769	0.249593	-0.330133	-0.087317	-0.318388	-0.053112	0.946471	0.285587	-0.957417	0.042344	0.903919	0.283782	0.319998
61798	9.840927	1.475803	2.856565	0.162348	-0.344949	-0.103642	-0.315519	-0.051179	0.947538	0.286759	-0.957001	0.043797	0.904553	0.285534	0.316628
61799	9.838485	1.597646	2.791274	0.040962	-0.356924	-0.129770	-0.312606	-0.048956	0.948620	0.286770	-0.956937	0.045117	0.905561	0.286140	0.313184
61800	9.737768	1.534707	2.739614	-0.088521	-0.357427	-0.161502	-0.309782	-0.046426	0.949674	0.285503	-0.957257	0.046334	0.906931	0.285488	0.309795
61801	9.687975	1.330373	2.577979	-0.184751	-0.362829	-0.197586	-0.306995	-0.043540	0.950714	0.283264	-0.957860	0.047602	0.908579	0.283917	0.306392
61802	9.524730	1.054779	2.375943	-0.209547	-0.378593	-0.218006	-0.304118	-0.040413	0.951777	0.280735	-0.958534	0.049002	0.910330	0.282100	0.302853
61803	9.499440	0.762152	2.189546	-0.171183	-0.401319	-0.234001	-0.301061	-0.037080	0.952884	0.278514	-0.959094	0.050675	0.912026	0.280648	0.299073
61804	9.469240	0.503616	2.184933	-0.077280	-0.416487	-0.235860	-0.297865	-0.033681	0.954014	0.277149	-0.959383	0.052662	0.913490	0.280090	0.295101
61805	9.500629	0.409190	2.219395	0.038851	-0.443364	-0.231419	-0.294399	-0.030257	0.955204	0.276866	-0.959336	0.054943	0.914699	0.280639	0.290805
61806	9.475158	0.348366	2.269755	0.134534	-0.474751	-0.232333	-0.290646	-0.026725	0.956457	0.277467	-0.959012	0.057520	0.915717	0.282103	0.286148
61807	9.534291	0.228564	2.235637	0.216603	-0.505761	-0.234296	-0.286610	-0.023085	0.957769	0.278821	-0.958446	0.060335	0.916577	0.284339	0.281137
61808	9.623109	0.114308	2.217849	0.309479	-0.529715	-0.235806	-0.282360	-0.019343	0.959113	0.281037	-0.957599	0.063424	0.917219	0.287455	0.275824
61809	9.626982	-0.012920	2.267760	0.385028	-0.547533	-0.225192	-0.277919	-0.015642	0.960477	0.283985	-0.956513	0.066595	0.917668	0.291269	0.270275
61810	9.672667	-0.138826	2.256257	0.468759	-0.555072	-0.216901	-0.273391	-0.011972	0.961829	0.287738	-0.955155	0.069897	0.917859	0.295864	0.264575
61811	9.682066	-0.202148	2.162726	0.564161	-0.558769	-0.207673	-0.268809	-0.008360	0.963157	0.292399	-0.953481	0.073330	0.917739	0.301337	0.258749
61812	9.654120	-0.287074	2.229078	0.645587	-0.577631	-0.188737	-0.264012	-0.004839	0.964507	0.297866	-0.951517	0.076760	0.917373	0.307559	0.252653
61813	9.538001	-0.127253	2.255398	0.713670	-0.571715	-0.172758	-0.259233	-0.001457	0.965814	0.304004	-0.949292	0.080166	0.916722	0.314393	0.246531
61814	9.583315	-0.033309	2.201319	0.767509	-0.569820	-0.172239	-0.254486	0.001951	0.967075	0.310638	-0.946840	0.083655	0.915828	0.321699	0.240351
61815	9.473614	0.125313	2.249518	0.822708	-0.571512	-0.166947	-0.249723	0.005354	0.968302	0.317791	-0.944144	0.087178	0.914684	0.329489	0.234073
61816	9.419119	0.353556	2.288913	0.850722	-0.576547	-0.157495	-0.244904	0.008723	0.969508	0.325219	-0.941287	0.090621	0.913376	0.337495	0.227688
61817	9.423988	0.546434	2.200607	0.878533	-0.579252	-0.150153	-0.240054	0.012077	0.970684	0.332916	-0.938259	0.094005	0.911889	0.345723	0.221212
61818	9.435410	0.756273	2.159739	0.892549	-0.582810	-0.144389	-0.235174	0.015429	0.971831	0.340744	-0.935107	0.097302	0.910267	0.354029	0.214655
61819	9.466993	0.938218	2.157690	0.911482	-0.573278	-0.141750	-0.230391	0.018771	0.972917	0.348746	-0.931806	0.100563	0.908458	0.362470	0.208134
61820	9.484226	1.146602	2.134529	0.915154	-0.552954	-0.152830	-0.225855	0.022181	0.973908	0.356740	-0.928411	0.103875	0.906491	0.370893	0.201773
61821	9.484440	1.127139	2.071378	0.925553	-0.527358	-0.162467	-0.221608	0.025631	0.974799	0.364799	-0.924888	0.107252	0.904329	0.379374	0.195612
61822	9.499028	1.349027	1.971657	0.931440	-0.493442	-0.156693	-0.217672	0.028933	0.975593	0.372905	-0.921264	0.110523	0.901976	0.387861	0.189744
61823	9.521123	1.423458	1.833284	0.926228	-0.472365	-0.147820	-0.213915	0.032112	0.976324	0.380971	-0.917575	0.113651	0.899501	0.396263	0.184049
61824	9.503863	1.392721	1.806283	0.949536	-0.455999	-0.158178	-0.210370	0.035351	0.976983	0.389201	-0.913709	0.116867	0.896809	0.404828	0.178458
61825	9.486428	1.362079	1.782042	0.946030	-0.433641	-0.146357	-0.207003	0.038428	0.977585	0.397408	-0.909773	0.119913	0.893989	0.413323	0.173054
61826	9.479024	1.407657	1.786006	0.936879	-0.401278	-0.154268	-0.203982	0.041470	0.978096	0.405490	-0.905790	0.122970	0.891050	0.421692	0.167949
61827	9.479988	1.507736	1.790474	0.924243	-0.371989	-0.152943	-0.201238	0.044407	0.978535	0.413443	-0.901777	0.125949	0.888014	0.429914	0.163113
61828	9.447610	1.640384	1.885738	0.898759	-0.351834	-0.166380	-0.198754	0.047399	0.978903	0.421114	-0.897791	0.128973	0.884963	0.437864	0.158480
61829	9.542831	1.609481	1.961749	0.848828	-0.330110	-0.167757	-0.196489	0.050330	0.979213	0.428323	-0.893948	0.131895	0.882004	0.445335	0.154094
61830	9.560796	1.682374	2.068902	0.834192	-0.284465	-0.160285	-0.194618	0.053007	0.979446	0.435390	-0.890110	0.134685	0.878954	0.452653	0.150152
61831	9.635985	1.669918	2.185659	0.804067	-0.252246	-0.146001	-0.192983	0.055427	0.979635	0.442203	-0.886350	0.137261	0.875908	0.459686	0.146541
61832	9.622315	1.606206	2.313996	0.788266	-0.225483	-0.135512	-0.191557	0.057641	0.979788	0.448868	-0.882613	0.139682	0.872825	0.466553	0.143198
61833	9.536071	1.531649	2.318180	0.789492	-0.183983	-0.120231	-0.190436	0.059537	0.979893	0.455557	-0.878819	0.141931	0.869599	0.473426	0.140236
61834	9.591373	1.296614	2.281449	0.810573	-0.149440	-0.105475	-0.189565	0.061146	0.979962	0.462422	-0.874882	0.144041	0.866159	0.480461	0.137572
61835	9.508167	1.207283	2.087936	0.848237	-0.093618	-0.075031	-0.189043	0.062228	0.979995	0.469651	-0.870716	0.145886	0.862375	0.487834	0.135377
61836	9.385296	1.225834	1.959979	0.895752	-0.062890	-0.046724	-0.188666	0.062913	0.980024	0.477295	-0.866276	0.147496	0.858251	0.495588	0.133409
61837	9.404990	1.209122	1.755504	0.916446	-0.059398	-0.025702	-0.188218	0.063407	0.980078	0.485132	-0.861668	0.148913	0.853944	0.503495	0.131421
61838	9.311283	1.387473	1.420825	0.979832	-0.065175	-0.006033	-0.187636	0.063758	0.980167	0.493488	-0.856686	0.150196	0.849271	0.511883	0.129281
61839	9.493048	1.414055	0.910724	0.989874	-0.095564	0.002885	-0.186749	0.064204	0.980308	0.501916	-0.851565	0.151387	0.844515	0.520303	0.126804
61840	9.524000	1.664057	0.666812	1.034489	-0.123699	-0.014675	-0.185724	0.064947	0.980453	0.510623	-0.846123	0.152775	0.839506	0.529016	0.123981
61841	9.476031	1.886580	0.604254	0.998394	-0.176399	-0.009479	-0.184232	0.065946	0.980668	0.519001	-0.840779	0.154040	0.834683	0.537347	0.120673
61842	9.418386	2.028021	0.520785	0.934967	-0.222916	-0.004361	-0.182340	0.067163	0.980939	0.526803	-0.835709	0.155143	0.830199	0.545050	0.117002
61843	9.623622	2.092635	0.418382	0.854432	-0.276842	-0.019686	-0.180088	0.068824	0.981240	0.533881	-0.830994	0.156270	0.826159	0.552008	0.112908
61844	9.516181	2.372581	0.430250	0.735113	-0.325584	-0.019320	-0.177447	0.070770	0.981583	0.539937	-0.826890	0.157225	0.822788	0.557892	0.108518
61845	9.708999	2.202715	0.333127	0.511437	-0.332018	-0.016015	-0.174741	0.072741	0.981924	0.544149	-0.824000	0.157877	0.820590	0.561901	0.104405
61846	9.963178	2.104699	0.364917	0.392183	-0.307171	-0.022238	-0.172283	0.074638	0.982216	0.547359	-0.821760	0.158453	0.818973	0.564924	0.100722
61847	10.061406	1.732906	0.369586	0.434431	-0.327435	-0.054567	-0.169840	0.076921	0.982465	0.550857	-0.819243	0.159369	0.817136	0.568265	0.096767
61848	9.685765	2.079434	0.133481	0.429589	-0.371342	-0.043923	-0.166989	0.079384	0.982758	0.554326	-0.816744	0.160164	0.815376	0.571514	0.092383
61849	9.752209	1.920021	-0.047127	0.405559	-0.401703	-0.042126	-0.163886	0.082010	0.983064	0.557596	-0.814371	0.160894	0.813774	0.574521	0.087736
61850	9.716144	2.240919	-0.159271	0.374980	-0.401939	-0.021437	-0.160675	0.084490	0.983384	0.560651	-0.812173	0.161385	0.812314	0.577266	0.083127
61851	9.557501	2.424293	-0.196994	0.219798	-0.415015	0.001955	-0.157229	0.086854	0.983735	0.562475	-0.810890	0.161493	0.811727	0.578718	0.078642
61852	9.864397	2.339716	-0.169200	0.176100	-0.387619	0.007486	-0.153977	0.089035	0.984055	0.563961	-0.809852	0.161518	0.811319	0.579839	0.074486
61853	9.616140	2.136839	-0.198886	-0.014100	-0.332953	0.030000	-0.151040	0.090704	0.984357	0.563928	-0.809946	0.161162	0.811894	0.579449	0.071184
61854	9.774137	2.115667	0.029910	-0.118118	-0.301583	0.036435	-0.148320	0.092155	0.984636	0.563073	-0.810635	0.160688	0.812988	0.578255	0.068343
61855	9.798050	1.687399	0.040940	-0.160428	-0.273277	0.031879	-0.145852	0.093456	0.984882	0.561850	-0.811576	0.160216	0.814280	0.576724	0.065861
61856	9.679890	1.501237	0.122351	0.023305	-0.361000	0.019181	-0.142738	0.095386	0.985153	0.562120	-0.811429	0.160010	0.814645	0.576614	0.062204
61857	9.731782	1.592749	0.129429	0.042309	-0.354011	0.018956	-0.139682	0.097255	0.985409	0.562527	-0.811189	0.159798	0.814894	0.576640	0.058600
61858	9.782178	1.610020	0.204771	0.068556	-0.337049	0.018790	-0.136763	0.099051	0.985639	0.563166	-0.810781	0.159621	0.814948	0.576908	0.055103
61859	9.661858	1.661062	0.462107	0.112701	-0.317298	0.002078	-0.134101	0.100847	0.985823	0.564122	-0.810118	0.159610	0.814729	0.577528	0.051747
61860	9.735440	1.609396	0.485943	0.189457	-0.331898	-0.010318	-0.131390	0.102855	0.985981	0.565706	-0.808980	0.159775	0.814072	0.578767	0.048106
61861	9.714525	1.762271	0.543123	0.261390	-0.319341	-0.024317	-0.128864	0.104884	0.986100	0.567835	-0.807426	0.160085	0.812993	0.580571	0.044491
61862	9.672850	1.910136	0.611521	0.267921	-0.299062	-0.014736	-0.126452	0.106748	0.986212	0.570047	-0.805820	0.160314	0.811823	0.582459	0.041046
61863	9.718979	1.802554	0.659517	0.295048	-0.282967	-0.012013	-0.124160	0.108478	0.986315	0.572459	-0.804071	0.160497	0.810478	0.584553	0.037734
61864	9.646938	1.786774	0.693295	0.328493	-0.264902	-0.009841	-0.122005	0.110115	0.986402	0.575160	-0.802105	0.160681	0.808892	0.586943	0.034528
61865	9.610064	1.805688	0.705779	0.357297	-0.236926	0.000620	-0.120022	0.111486	0.986492	0.578082	-0.799990	0.160742	0.807104	0.589565	0.031568
61866	9.535040	1.834407	0.654234	0.374138	-0.212676	0.014078	-0.118160	0.112637	0.986586	0.581166	-0.797764	0.160684	0.805161	0.592356	0.028803
61867	9.574996	1.818364	0.585608	0.365664	-0.185251	0.026644	-0.116449	0.113508	0.986689	0.584172	-0.795609	0.160470	0.803233	0.595082	0.026340
61868	9.506804	1.820483	0.540695	0.361075	-0.158063	0.043875	-0.114859	0.114108	0.986806	0.587169	-0.793475	0.160096	0.801274	0.597810	0.024137
61869	9.487360	1.808448	0.478020	0.314217	-0.124479	0.058589	-0.113452	0.114373	0.986938	0.589784	-0.791645	0.159539	0.799552	0.600181	0.022358
61870	9.513803	1.841462	0.523747	0.310856	-0.121901	0.055789	-0.112084	0.114672	0.987060	0.592378	-0.789810	0.159023	0.797825	0.602537	0.020596
61871	9.435804	2.140796	0.454852	0.248911	-0.097261	0.082682	-0.110752	0.114591	0.987220	0.594488	-0.788388	0.158204	0.796441	0.604412	0.019193
61872	9.539666	1.617760	0.278125	0.252148	-0.125772	0.071440	-0.109261	0.114797	0.987362	0.596620	-0.786914	0.157514	0.795051	0.606290	0.017489
61873	9.611030	1.608617	0.284050	0.256920	-0.114448	0.064923	-0.107898	0.114966	0.987492	0.598765	-0.785414	0.156863	0.793624	0.608201	0.015907
61874	9.525255	1.553813	0.294980	0.257680	-0.125646	0.065473	-0.106445	0.115226	0.987620	0.600925	-0.783890	0.156224	0.792186	0.610114	0.014199
61875	9.578190	1.483856	0.239091	0.273802	-0.135782	0.067766	-0.104896	0.115509	0.987752	0.603196	-0.782280	0.155538	0.790665	0.612124	0.012383
61876	9.597426	1.534503	0.227223	0.283989	-0.152135	0.073107	-0.103188	0.115879	0.987889	0.605561	-0.780594	0.154816	0.789080	0.614202	0.010376
61877	9.595561	1.649676	0.153232	0.305613	-0.166368	0.086676	-0.101284	0.116212	0.988047	0.608091	-0.778799	0.153936	0.787379	0.616414	0.008213
61878	9.565946	1.706720	0.104266	0.343172	-0.176934	0.091452	-0.099271	0.116601	0.988205	0.610927	-0.776757	0.153023	0.785438	0.618912	0.005875
61879	9.579506	1.852203	0.064926	0.353841	-0.218614	0.118878	-0.096762	0.117020	0.988404	0.613851	-0.774687	0.151812	0.783469	0.621423	0.003127
61880	9.655165	1.860043	0.021088	0.382894	-0.252962	0.137717	-0.093871	0.117540	0.988622	0.617023	-0.772434	0.150424	0.781326	0.624123	-0.000015
61881	9.666235	1.840449	-0.099348	0.395908	-0.280894	0.151123	-0.090678	0.118117	0.988851	0.620283	-0.770121	0.148870	0.779119	0.626867	-0.003433
61882	9.673139	1.853365	-0.115899	0.402960	-0.300738	0.163156	-0.087260	0.118763	0.989081	0.623608	-0.767752	0.147204	0.776852	0.629644	-0.007068
61883	9.793600	1.744230	-0.136047	0.410828	-0.318097	0.177036	-0.083618	0.119400	0.989319	0.626978	-0.765355	0.145362	0.774537	0.632436	-0.010863
61884	9.688518	1.673973	-0.132942	0.443724	-0.333924	0.185377	-0.079807	0.120113	0.989547	0.630605	-0.762734	0.143440	0.771990	0.635461	-0.014872
61885	9.602224	1.659770	-0.126834	0.428996	-0.355064	0.202164	-0.075724	0.120822	0.989782	0.634099	-0.760229	0.141313	0.769535	0.638321	-0.019045
61886	9.543186	1.609725	-0.041141	0.416493	-0.363335	0.220674	-0.071466	0.121485	0.990017	0.637506	-0.757801	0.139009	0.767124	0.641076	-0.023290
61887	9.672771	1.478688	-0.009056	0.413581	-0.374908	0.226800	-0.067077	0.122165	0.990241	0.640861	-0.755405	0.136605	0.764721	0.643770	-0.027620
61888	9.542913	1.372992	-0.011298	0.411585	-0.360519	0.231444	-0.062774	0.122760	0.990449	0.644196	-0.753002	0.134159	0.762280	0.646465	-0.031812
61889	9.814646	1.434644	0.033383	0.394453	-0.363834	0.235087	-0.058420	0.123337	0.990644	0.647371	-0.750721	0.131642	0.759933	0.649004	-0.035988
61890	9.877774	1.388450	0.080956	0.410738	-0.345753	0.219636	-0.054308	0.123953	0.990801	0.650651	-0.748292	0.129278	0.757432	0.651687	-0.040012
61891	9.772237	1.550123	0.112255	0.387811	-0.312014	0.214615	-0.050481	0.124375	0.990950	0.653725	-0.746010	0.126935	0.755046	0.654217	-0.043648
61892	9.887306	1.624544	0.189736	0.329495	-0.275749	0.218118	-0.046910	0.124570	0.991101	0.656354	-0.744094	0.124591	0.752993	0.656358	-0.046857
61893	9.837303	1.983946	0.460791	0.313202	-0.233498	0.231951	-0.043561	0.124371	0.991279	0.658843	-0.742308	0.122086	0.751018	0.658416	-0.049605
61894	9.691494	1.562897	0.402645	0.349112	-0.232731	0.213674	-0.040344	0.124334	0.991420	0.661586	-0.740245	0.119756	0.748783	0.660741	-0.052393
61895	9.697465	1.616512	0.355239	0.241204	-0.185831	0.226974	-0.037382	0.123874	0.991594	0.663506	-0.738915	0.117322	0.747236	0.662314	-0.054569
61896	9.805556	1.407970	0.444915	0.257812	-0.151461	0.236755	-0.034618	0.123142	0.991785	0.665548	-0.737474	0.114797	0.745552	0.664054	-0.056427
61897	9.710260	1.494702	0.484553	0.291267	-0.119592	0.248725	-0.032002	0.122095	0.992002	0.667827	-0.735825	0.112108	0.743628	0.666074	-0.057990
61898	9.704269	1.572247	0.299049	0.257386	-0.101658	0.250830	-0.029510	0.120937	0.992221	0.669844	-0.734393	0.109434	0.741916	0.667863	-0.059337
61899	9.821270	1.496900	0.085537	0.236211	-0.089783	0.268082	-0.026978	0.119560	0.992460	0.671697	-0.733119	0.106577	0.740334	0.669508	-0.060530
61900	9.881687	1.471692	-0.019672	0.252260	-0.075368	0.261837	-0.024602	0.118155	0.992690	0.673655	-0.731722	0.103788	0.738636	0.671284	-0.061594
61901	9.963314	1.555055	-0.110863	0.285524	-0.065557	0.260150	-0.022295	0.116685	0.992919	0.675849	-0.730090	0.100973	0.736703	0.673315	-0.062584
61902	9.966337	1.506811	-0.262254	0.264757	-0.063222	0.271524	-0.019935	0.115138	0.993150	0.677878	-0.728604	0.098075	0.734904	0.675189	-0.063525
61903	9.951247	1.186845	-0.318911	0.216637	-0.039205	0.287368	-0.017628	0.113301	0.993404	0.679549	-0.727450	0.095027	0.733419	0.676742	-0.064170
61904	9.829808	0.895491	-0.345870	0.215610	-0.022276	0.289146	-0.015441	0.111357	0.993660	0.681198	-0.726298	0.091980	0.731936	0.678300	-0.064641
61905	9.817143	0.667721	-0.459043	0.275118	-0.035745	0.292497	-0.013116	0.109469	0.993904	0.683277	-0.724734	0.088840	0.730041	0.680277	-0.065292
61906	9.771856	0.718911	-0.520647	0.365043	-0.052046	0.297453	-0.010644	0.107677	0.994129	0.685993	-0.722554	0.085607	0.727530	0.682877	-0.066175
61907	9.735375	0.852006	-0.557252	0.427730	-0.088387	0.300110	-0.007871	0.106109	0.994323	0.689153	-0.719929	0.082282	0.724574	0.685888	-0.067459
61908	9.772636	1.180926	-0.587278	0.458739	-0.133176	0.305085	-0.004744	0.104838	0.994478	0.692508	-0.717083	0.078898	0.721395	0.689058	-0.069199
