// General information: 
//  MT Manager version: 2022.2.0 
//  XDA version: 2022.2.0 build 7381 rev 124627 built on 2023-07-19
// Device information: 
//  DeviceId: 00B4CAF0
//  ProductCode: MTW2-3A7G6
//  Firmware Version: 4.6.0
//  Hardware Version: 2.0.0
// Device settings: 
//  Filter Profile: human(46.1)
//  Option Flags: Orientation Smoother Disabled, Position/Velocity Smoother Disabled, Continuous Zero Rotation Update Disabled, AHS Disabled, ICC Disabled
// Coordinate system: ENU
PacketCounter	Acc_X	Acc_Y	Acc_Z	Gyr_X	Gyr_Y	Gyr_Z	Mat[1][1]	Mat[2][1]	Mat[3][1]	Mat[1][2]	Mat[2][2]	Mat[3][2]	Mat[1][3]	Mat[2][3]	Mat[3][3]
41094	15.572517	2.973957	1.058289	-0.403402	-0.705328	-0.240884	-0.866677	-0.262639	0.424136	0.361391	-0.916626	0.170860	0.343900	0.301359	0.889334
41095	14.059748	2.762170	1.167346	-0.553220	-0.788221	-0.434629	-0.865513	-0.256220	0.430393	0.355612	-0.919454	0.167764	0.352741	0.298255	0.886914
41096	12.619049	2.405355	0.950681	-0.624903	-0.935699	-0.626707	-0.864377	-0.247633	0.437641	0.347908	-0.922907	0.164932	0.363060	0.294822	0.883894
41097	10.702707	1.915373	0.799470	-0.634152	-1.205557	-0.807792	-0.862708	-0.236582	0.446950	0.338528	-0.926752	0.162878	0.375678	0.291821	0.879606
41098	8.513526	1.521870	1.817371	-0.640984	-1.432662	-0.955163	-0.860411	-0.223509	0.457970	0.327796	-0.930832	0.161560	0.390183	0.289129	0.874164
41099	3.312190	1.221614	8.534118	-0.825048	-1.333151	-1.048172	-0.858489	-0.209875	0.467921	0.315466	-0.935489	0.159189	0.404325	0.284275	0.869315
41100	8.422257	-0.926475	10.886047	-0.893784	-1.889152	-0.979465	-0.853707	-0.195323	0.482735	0.303332	-0.940014	0.156091	0.423289	0.279685	0.861744
41101	12.833964	4.630916	13.364171	-0.657532	-1.656525	-0.128846	-0.846950	-0.189473	0.496764	0.299356	-0.942110	0.151047	0.439387	0.276639	0.854640
41102	19.271879	-12.848623	10.922082	-1.832154	-0.756168	0.969708	-0.840685	-0.196553	0.504595	0.299329	-0.945180	0.130528	0.451277	0.260772	0.853432
41103	4.256095	-10.535335	11.742639	0.584269	0.451223	-0.028134	-0.842786	-0.197459	0.500721	0.301682	-0.943713	0.135621	0.445758	0.265358	0.854918
41104	8.488052	5.949349	7.687168	0.482613	-0.545355	-0.062279	-0.840540	-0.195370	0.505295	0.303267	-0.942560	0.140036	0.448912	0.270945	0.851508
41105	4.064977	6.282043	8.636564	-0.045194	0.212209	-0.025000	-0.841558	-0.195695	0.503471	0.302823	-0.942747	0.139734	0.447300	0.270057	0.852638
41106	4.109511	4.612591	8.583605	-0.264945	-0.401366	0.121001	-0.839394	-0.195716	0.507064	0.302599	-0.943242	0.136850	0.451500	0.268308	0.850975
41107	5.283621	-0.100070	9.301737	-0.376794	-0.369430	0.194160	-0.837123	-0.196547	0.510484	0.302486	-0.943882	0.132621	0.455771	0.265434	0.849598
41108	6.507113	-0.996839	9.088732	-0.222051	-0.365981	0.148438	-0.835004	-0.196940	0.513793	0.302660	-0.944196	0.129960	0.459527	0.264022	0.848014
41109	5.407888	-0.596218	8.778386	-0.112742	-0.229574	0.091895	-0.833660	-0.197188	0.515875	0.302876	-0.944328	0.128492	0.461819	0.263365	0.846973
41110	5.313190	0.649560	8.692614	-0.042845	-0.322236	0.064147	-0.831978	-0.196905	0.518691	0.303161	-0.944333	0.127782	0.464656	0.263559	0.845359
41111	5.539021	1.274988	8.572400	-0.058830	-0.339799	0.055771	-0.830217	-0.196522	0.521650	0.303318	-0.944394	0.126954	0.467694	0.263625	0.843661
41112	5.884127	0.896552	8.630223	-0.073871	-0.342633	0.045743	-0.828475	-0.196011	0.524603	0.303300	-0.944518	0.126077	0.470784	0.263564	0.841960
41113	6.080906	0.287434	8.810795	-0.049118	-0.297036	0.020007	-0.827004	-0.195403	0.527145	0.303202	-0.944624	0.125518	0.473427	0.263635	0.840454
41114	5.865727	0.683701	8.726171	0.032893	-0.256290	-0.004884	-0.825807	-0.194641	0.529299	0.303267	-0.944565	0.125805	0.475470	0.264410	0.839057
41115	5.545329	1.633191	8.539027	0.041708	-0.258150	-0.003956	-0.824580	-0.193907	0.531477	0.303401	-0.944478	0.126134	0.477509	0.265259	0.837629
41116	5.647431	1.872869	8.507482	-0.017819	-0.257714	0.013479	-0.823311	-0.193311	0.533658	0.303376	-0.944517	0.125899	0.479711	0.265553	0.836277
41117	5.714737	1.447092	8.449644	-0.035941	-0.256128	0.024503	-0.821995	-0.192849	0.535848	0.303374	-0.944581	0.125427	0.481963	0.265663	0.834946
41118	5.731969	1.231082	8.458515	-0.033516	-0.237674	0.026914	-0.820770	-0.192433	0.537871	0.303382	-0.944636	0.124989	0.484041	0.265768	0.833710
41119	5.567041	1.422755	8.404720	-0.036202	-0.233121	0.033285	-0.819529	-0.192115	0.539874	0.303448	-0.944683	0.124468	0.486098	0.265829	0.832492
41120	5.678640	1.534456	8.399375	-0.047432	-0.252449	0.044285	-0.818169	-0.191823	0.542036	0.303529	-0.944743	0.123820	0.488333	0.265829	0.831183
41121	5.644349	1.435189	8.419680	-0.075354	-0.237047	0.058586	-0.816821	-0.191734	0.544096	0.303608	-0.944846	0.122836	0.490535	0.265528	0.829982
41122	6.023215	0.953923	8.927145	-0.104201	-0.290499	0.044453	-0.815262	-0.191344	0.546567	0.303407	-0.945055	0.121716	0.493246	0.265063	0.828523
41123	6.858315	0.827111	7.856480	-0.009949	-0.131698	0.009418	-0.814573	-0.191071	0.547688	0.303404	-0.945078	0.121543	0.494385	0.265177	0.827807
41124	5.141532	1.374935	8.941790	-0.083716	-0.185461	0.016979	-0.813608	-0.190701	0.549250	0.303077	-0.945286	0.120744	0.496172	0.264703	0.826889
41125	6.028386	1.116657	8.230046	-0.020979	-0.148907	0.019113	-0.812799	-0.190476	0.550524	0.303098	-0.945320	0.120426	0.497482	0.264745	0.826088
41126	5.833117	1.074116	8.413665	-0.052081	-0.152144	0.026032	-0.811967	-0.190280	0.551818	0.302999	-0.945426	0.119840	0.498900	0.264506	0.825309
41127	5.898598	0.932246	8.461127	-0.051670	-0.131809	0.018796	-0.811241	-0.190098	0.552948	0.302864	-0.945541	0.119270	0.500162	0.264225	0.824635
41128	5.826708	0.941763	8.459446	-0.020751	-0.134256	0.012207	-0.810536	-0.189819	0.554076	0.302807	-0.945591	0.119019	0.501337	0.264247	0.823914
41129	5.943193	0.917782	8.372569	-0.029431	-0.126770	0.003872	-0.809877	-0.189509	0.555145	0.302662	-0.945676	0.118716	0.502489	0.264166	0.823238
41130	5.917689	0.826013	8.469819	-0.011543	-0.116085	-0.005524	-0.809314	-0.189111	0.556101	0.302508	-0.945735	0.118638	0.503488	0.264240	0.822604
41131	5.931145	0.980311	8.375199	-0.003229	-0.105234	-0.015723	-0.808820	-0.188673	0.556968	0.302335	-0.945787	0.118660	0.504385	0.264365	0.822014
41132	5.846882	1.108250	8.384614	-0.003558	-0.102502	-0.018454	-0.808362	-0.188188	0.557795	0.302116	-0.945849	0.118721	0.505248	0.264488	0.821444
41133	5.858257	1.149497	8.335003	-0.003190	-0.096265	-0.014974	-0.807909	-0.187781	0.558588	0.301950	-0.945900	0.118739	0.506072	0.264596	0.820902
41134	5.749459	1.187516	8.395097	0.004798	-0.123221	-0.015540	-0.807336	-0.187269	0.559588	0.301797	-0.945935	0.118852	0.507076	0.264836	0.820205
41135	6.023058	1.180107	8.305320	-0.017880	-0.101169	-0.010908	-0.806844	-0.186887	0.560425	0.301590	-0.946017	0.118727	0.507982	0.264813	0.819651
41136	5.797629	1.244199	8.288832	-0.016165	-0.102318	-0.002810	-0.806337	-0.186550	0.561267	0.301433	-0.946083	0.118598	0.508880	0.264814	0.819093
41137	6.059877	1.178503	8.363996	-0.023903	-0.097720	0.004226	-0.805814	-0.186321	0.562092	0.301317	-0.946152	0.118339	0.509776	0.264728	0.818565
41138	5.881318	1.136101	8.269245	-0.036691	-0.068029	0.008006	-0.805447	-0.186177	0.562666	0.301143	-0.946252	0.117982	0.510458	0.264471	0.818222
41139	5.945362	1.208340	8.298319	-0.030360	-0.079469	0.007141	-0.805008	-0.186024	0.563345	0.301017	-0.946333	0.117654	0.511225	0.264289	0.817802
41140	5.997327	0.993826	8.225212	-0.054857	-0.056489	0.011138	-0.804689	-0.185941	0.563827	0.300774	-0.946475	0.117130	0.511869	0.263838	0.817545
41141	5.878420	1.123871	8.366256	-0.043881	-0.060385	0.010113	-0.804337	-0.185868	0.564353	0.300603	-0.946586	0.116676	0.512522	0.263493	0.817247
41142	5.995314	1.057666	8.272208	-0.050557	-0.069220	0.010920	-0.803954	-0.185749	0.564939	0.300380	-0.946717	0.116189	0.513255	0.263106	0.816912
41143	5.916319	1.066899	8.276738	-0.034594	-0.029403	0.012551	-0.803753	-0.185781	0.565214	0.300275	-0.946798	0.115796	0.513631	0.262791	0.816777
41144	5.979162	1.130205	8.341495	-0.044072	-0.046680	0.014179	-0.803474	-0.185753	0.565619	0.300111	-0.946905	0.115344	0.514162	0.262424	0.816560
41145	5.937858	1.091333	8.208698	-0.042228	-0.047588	0.014858	-0.803172	-0.185760	0.566046	0.299985	-0.947002	0.114876	0.514707	0.262071	0.816331
41146	5.931901	1.021257	8.227519	-0.049539	-0.019050	0.015625	-0.803031	-0.185818	0.566226	0.299804	-0.947120	0.114371	0.515032	0.261600	0.816276
41147	5.953916	1.082168	8.330187	-0.049270	-0.034310	0.016659	-0.802792	-0.185877	0.566547	0.299656	-0.947232	0.113835	0.515492	0.261155	0.816129
41148	5.908159	1.067155	8.275044	-0.051384	-0.044638	0.016600	-0.802516	-0.185878	0.566937	0.299473	-0.947353	0.113310	0.516028	0.260715	0.815931
41149	5.974221	0.925762	8.273740	-0.045836	-0.004956	0.019730	-0.802418	-0.186043	0.567021	0.299367	-0.947449	0.112785	0.516241	0.260248	0.815945
41150	5.820072	1.005422	8.300931	-0.043890	-0.032082	0.014617	-0.802213	-0.186059	0.567307	0.299206	-0.947553	0.112332	0.516653	0.259856	0.815809
41151	6.050105	1.033112	8.206772	-0.036719	-0.050340	0.016873	-0.801889	-0.186079	0.567758	0.299124	-0.947630	0.111898	0.517203	0.259560	0.815555
41152	5.857463	0.932964	8.280445	-0.040822	-0.012422	0.013219	-0.801789	-0.186132	0.567881	0.298967	-0.947730	0.111477	0.517448	0.259159	0.815527
41153	5.994248	1.030975	8.315256	-0.038110	-0.039498	0.013290	-0.801532	-0.186147	0.568240	0.298850	-0.947817	0.111052	0.517915	0.258830	0.815335
41154	5.767602	1.012485	8.338727	-0.009735	-0.030291	0.014689	-0.801335	-0.186168	0.568510	0.298865	-0.947832	0.110877	0.518211	0.258757	0.815170
41155	6.202064	0.966609	8.269555	-0.045485	-0.039346	0.009627	-0.801089	-0.186149	0.568864	0.298679	-0.947945	0.110412	0.518698	0.258358	0.814987
41156	5.818544	0.974623	8.254528	-0.034475	-0.027311	0.011300	-0.800917	-0.186146	0.569106	0.298539	-0.948031	0.110055	0.519044	0.258045	0.814866
41157	5.942383	1.040799	8.352215	-0.014593	-0.048830	0.008030	-0.800626	-0.186087	0.569535	0.298501	-0.948067	0.109851	0.519515	0.257956	0.814594
41158	6.035841	0.976537	8.188011	-0.031898	-0.033522	0.010066	-0.800426	-0.186057	0.569826	0.298363	-0.948148	0.109522	0.519902	0.257680	0.814434
41159	5.859766	1.024971	8.332164	-0.013633	-0.039480	0.006550	-0.800187	-0.186009	0.570177	0.298318	-0.948184	0.109335	0.520295	0.257582	0.814214
41160	6.078347	0.940827	8.155991	-0.021005	-0.057037	0.012608	-0.799856	-0.185942	0.570662	0.298258	-0.948232	0.109080	0.520838	0.257453	0.813908
41161	5.869813	0.947329	8.327019	-0.023162	-0.026855	0.007612	-0.799680	-0.185936	0.570911	0.298171	-0.948290	0.108809	0.521158	0.257241	0.813770
41162	5.897729	0.987431	8.350811	0.000755	-0.075772	0.003591	-0.799278	-0.185736	0.571539	0.298152	-0.948299	0.108782	0.521785	0.257353	0.813332
41163	6.172631	1.052152	8.207201	-0.025323	-0.033758	0.008573	-0.799062	-0.185722	0.571845	0.298062	-0.948362	0.108488	0.522167	0.257134	0.813157
41164	5.836717	0.966192	8.255940	-0.005905	-0.038752	0.006589	-0.798844	-0.185645	0.572175	0.298032	-0.948382	0.108390	0.522518	0.257113	0.812938
41165	6.056752	0.996066	8.214180	-0.021564	-0.042445	0.007870	-0.798585	-0.185603	0.572551	0.297955	-0.948436	0.108131	0.522958	0.256946	0.812708
41166	5.872451	1.037559	8.267523	0.002801	-0.058596	0.005702	-0.798265	-0.185466	0.573040	0.297963	-0.948436	0.108109	0.523441	0.257045	0.812365
41167	6.109708	0.970262	8.271782	-0.021714	-0.025261	0.012970	-0.798080	-0.185516	0.573282	0.297927	-0.948480	0.107819	0.523744	0.256844	0.812233
41168	5.885859	0.994153	8.252819	-0.004672	-0.048123	0.005102	-0.797816	-0.185401	0.573686	0.297891	-0.948500	0.107740	0.524166	0.256853	0.811959
41169	5.965023	1.028682	8.218436	0.004103	-0.062622	0.011322	-0.797440	-0.185340	0.574229	0.297976	-0.948482	0.107669	0.524690	0.256966	0.811584
41170	6.064647	0.883331	8.264130	-0.024896	-0.027515	0.012091	-0.797263	-0.185344	0.574472	0.297890	-0.948541	0.107386	0.525007	0.256745	0.811449
41171	5.923386	1.023015	8.304937	-0.011112	-0.052902	0.010720	-0.796939	-0.185302	0.574936	0.297891	-0.948562	0.107195	0.525499	0.256696	0.811146
41172	5.997345	1.082601	8.169601	0.018662	-0.070245	0.005418	-0.796557	-0.185134	0.575519	0.297980	-0.948522	0.107304	0.526027	0.256967	0.810718
41173	5.981036	0.860911	8.326797	-0.017271	-0.035835	0.011400	-0.796320	-0.185142	0.575844	0.297954	-0.948558	0.107059	0.526400	0.256828	0.810520
41174	5.917617	1.070638	8.147354	0.013010	-0.090665	0.006079	-0.795829	-0.184927	0.576593	0.298019	-0.948531	0.107118	0.527107	0.257083	0.809980
41175	6.026928	0.894958	8.325049	0.023567	-0.044570	0.006681	-0.795559	-0.184868	0.576983	0.298170	-0.948470	0.107231	0.527428	0.257348	0.809686
41176	5.980990	0.943469	8.157796	-0.000694	-0.086219	0.008807	-0.795082	-0.184690	0.577698	0.298184	-0.948474	0.107163	0.528140	0.257464	0.809185
41177	5.934394	0.975298	8.288125	0.048102	-0.072634	0.006492	-0.794664	-0.184556	0.578315	0.298464	-0.948350	0.107475	0.528610	0.258013	0.808703
41178	6.034979	1.021324	8.287980	0.023040	-0.088053	0.009242	-0.794174	-0.184377	0.579045	0.298607	-0.948292	0.107596	0.529265	0.258357	0.808165
41179	6.028018	0.916278	8.168067	0.007597	-0.099913	0.006253	-0.793612	-0.184170	0.579881	0.298671	-0.948273	0.107583	0.530072	0.258572	0.807567
41180	5.966615	1.030124	8.139993	0.048027	-0.106172	0.006132	-0.793034	-0.183914	0.580752	0.298922	-0.948155	0.107923	0.530795	0.259186	0.806895
41181	6.001271	1.034629	8.380588	0.070589	-0.108985	0.004970	-0.792425	-0.183670	0.581659	0.299310	-0.947975	0.108425	0.531484	0.260015	0.806174
41182	6.223196	0.939453	8.085856	0.019945	-0.128606	0.004788	-0.791731	-0.183341	0.582708	0.299402	-0.947933	0.108546	0.532467	0.260403	0.805400
41183	6.018693	1.081706	8.144351	0.050625	-0.103692	0.013059	-0.791124	-0.183187	0.583580	0.299749	-0.947789	0.108839	0.533173	0.261033	0.804729
41184	6.057647	1.038888	8.230658	0.094372	-0.094944	0.008042	-0.790597	-0.182975	0.584360	0.300264	-0.947546	0.109540	0.533665	0.262064	0.804068
41185	6.249488	0.966837	8.175193	0.014409	-0.110263	0.013084	-0.789954	-0.182802	0.585283	0.300418	-0.947497	0.109540	0.534529	0.262361	0.803396
41186	6.035096	1.028923	8.144468	0.089776	-0.093522	0.008967	-0.789431	-0.182601	0.586051	0.300917	-0.947262	0.110198	0.535022	0.263346	0.802746
41187	6.265759	0.974020	8.161875	0.017703	-0.095520	0.015714	-0.788857	-0.182491	0.586858	0.301110	-0.947200	0.110209	0.535759	0.263648	0.802155
41188	6.040931	1.067159	7.998374	0.061266	-0.085520	0.012927	-0.788363	-0.182348	0.587565	0.301488	-0.947032	0.110613	0.536273	0.264347	0.801581
41189	6.217205	1.002229	8.195629	0.044067	-0.080729	0.019476	-0.787856	-0.182311	0.588256	0.301852	-0.946893	0.110813	0.536813	0.264871	0.801046
41190	6.018362	1.082880	8.169576	0.107325	-0.074905	0.010881	-0.787425	-0.182176	0.588876	0.302462	-0.946606	0.111598	0.537103	0.265987	0.800482
41191	6.169490	0.831449	8.163017	0.035318	-0.097838	0.019173	-0.786825	-0.182090	0.589703	0.302777	-0.946490	0.111729	0.537803	0.266460	0.799855
41192	5.880195	0.786528	8.398546	0.084418	-0.087151	0.019263	-0.786302	-0.181999	0.590428	0.303330	-0.946247	0.112279	0.538256	0.267380	0.799242
41193	6.067680	1.093374	8.252501	0.150720	-0.136979	0.004390	-0.785536	-0.181666	0.591550	0.304151	-0.945848	0.113419	0.538912	0.269015	0.798251
41194	6.094348	0.835984	8.267257	0.126292	-0.137259	0.018933	-0.784742	-0.181435	0.592674	0.304928	-0.945491	0.114303	0.539629	0.270421	0.797291
41195	6.066050	1.097124	8.283550	0.137856	-0.160762	0.019436	-0.783799	-0.181175	0.593999	0.305799	-0.945095	0.115248	0.540506	0.271975	0.796168
41196	6.170613	1.093444	8.208153	0.149407	-0.166968	0.024871	-0.782823	-0.180915	0.595363	0.306750	-0.944661	0.116278	0.541380	0.273652	0.794998
41197	6.091073	1.129028	8.226381	0.214536	-0.163881	0.021911	-0.781853	-0.180664	0.596713	0.308057	-0.944045	0.117813	0.542040	0.275934	0.793759
41198	6.223520	1.005730	8.065485	0.151425	-0.202429	0.027262	-0.780674	-0.180321	0.598358	0.309039	-0.943595	0.118841	0.543178	0.277692	0.792367
41199	6.182316	1.111727	8.043359	0.143164	-0.174899	0.033771	-0.779604	-0.180144	0.599805	0.310054	-0.943149	0.119733	0.544136	0.279317	0.791137
41200	6.199403	1.101095	8.184241	0.196623	-0.211660	0.035069	-0.778346	-0.179842	0.601527	0.311346	-0.942553	0.121067	0.545198	0.281515	0.789625
41201	6.291379	1.162318	8.014020	0.180163	-0.191393	0.045719	-0.777144	-0.179724	0.603114	0.312658	-0.941976	0.122174	0.546161	0.283516	0.788243
41202	6.157799	1.139377	8.111733	0.182054	-0.207926	0.047807	-0.775861	-0.179542	0.604817	0.313973	-0.941390	0.123309	0.547230	0.285567	0.786760
41203	6.379908	1.135995	7.914952	0.174127	-0.211202	0.056852	-0.774510	-0.179464	0.606569	0.315341	-0.940803	0.124296	0.548356	0.287544	0.785254
41204	6.242178	1.217693	8.054803	0.148605	-0.194490	0.059988	-0.773257	-0.179428	0.608176	0.316568	-0.940286	0.125087	0.549416	0.289254	0.783884
41205	6.253708	1.126520	8.019571	0.129418	-0.211986	0.069195	-0.771857	-0.179455	0.609945	0.317788	-0.939800	0.125642	0.550680	0.290811	0.782420
41206	6.278649	1.256233	8.101616	0.105738	-0.232529	0.068710	-0.770360	-0.179383	0.611855	0.318849	-0.939388	0.126039	0.552160	0.292185	0.780863
41207	6.249995	1.242527	8.068618	0.108690	-0.243325	0.075639	-0.768758	-0.179373	0.613870	0.320005	-0.938948	0.126386	0.553722	0.293602	0.779224
41208	6.355066	1.309582	7.950551	0.071228	-0.257672	0.072948	-0.767099	-0.179260	0.615975	0.320908	-0.938627	0.126482	0.555497	0.294696	0.777546
41209	6.297951	1.124028	8.114875	0.025450	-0.273307	0.087561	-0.765282	-0.179267	0.618229	0.321694	-0.938409	0.126102	0.557546	0.295384	0.775816
41210	6.328450	1.317695	8.191547	0.008639	-0.300708	0.094944	-0.763300	-0.179229	0.620685	0.322415	-0.938232	0.125572	0.559841	0.295968	0.773939
41211	6.191468	1.189891	8.287686	0.017558	-0.329235	0.109080	-0.761085	-0.179268	0.623388	0.323318	-0.937999	0.124993	0.562330	0.296682	0.771858
41212	6.161945	1.280677	8.310084	-0.016803	-0.424800	0.115228	-0.758321	-0.179047	0.626811	0.324046	-0.937862	0.124134	0.565636	0.297249	0.769220
41213	6.219435	1.174435	8.331126	-0.039029	-0.465685	0.137418	-0.755217	-0.178942	0.630576	0.324836	-0.937747	0.122934	0.569323	0.297676	0.766329
41214	6.113602	1.307886	8.457171	-0.089184	-0.557151	0.157565	-0.751525	-0.178720	0.635035	0.325460	-0.937750	0.121247	0.573835	0.297799	0.762908
41215	6.107126	1.279840	8.427685	-0.114467	-0.631356	0.186285	-0.747264	-0.178577	0.640083	0.326167	-0.937773	0.119153	0.578975	0.297812	0.759010
41216	6.127356	1.197048	8.308521	-0.147142	-0.735027	0.221049	-0.742269	-0.178422	0.645913	0.326904	-0.937836	0.116611	0.584954	0.297708	0.754453
41217	6.104066	1.194161	8.298426	-0.152612	-0.825677	0.254328	-0.736565	-0.178338	0.652433	0.327855	-0.937852	0.113777	0.591594	0.297707	0.749257
41218	6.064917	1.034080	8.305716	-0.172048	-0.954684	0.285615	-0.729946	-0.178134	0.659884	0.328872	-0.937874	0.110613	0.599184	0.297759	0.743181
41219	6.023772	0.967859	8.150122	-0.134505	-1.095528	0.322420	-0.722260	-0.177880	0.668356	0.330367	-0.937717	0.107442	0.607617	0.298404	0.736041
41220	6.028679	0.932077	8.130217	-0.057504	-1.249068	0.351146	-0.713453	-0.177394	0.677877	0.332483	-0.937285	0.104653	0.616799	0.300047	0.727689
41221	6.536792	0.943998	7.822318	-0.019876	-1.407121	0.359869	-0.703489	-0.176515	0.688437	0.334873	-0.936724	0.102018	0.626869	0.302307	0.718085
41222	6.616924	0.846602	7.772798	-0.001974	-1.438622	0.372692	-0.693149	-0.175598	0.699078	0.337410	-0.936094	0.099415	0.636946	0.304785	0.708101
41223	6.679929	0.961220	7.734383	0.014480	-1.597149	0.397606	-0.681528	-0.174414	0.710703	0.340197	-0.935371	0.096682	0.647909	0.307671	0.696816
41224	7.051350	1.102113	7.607507	0.010882	-1.670024	0.429881	-0.669148	-0.173230	0.722656	0.343119	-0.934609	0.093675	0.659174	0.310639	0.684831
41225	7.035613	0.983476	7.558117	-0.037873	-1.724202	0.458936	-0.656089	-0.172125	0.734793	0.345868	-0.933953	0.090043	0.670763	0.313218	0.672289
41226	7.545138	0.985403	7.196107	-0.023456	-1.813380	0.473489	-0.642176	-0.170800	0.747286	0.348730	-0.933234	0.086379	0.682640	0.316072	0.658864
41227	7.623754	1.001860	7.344328	-0.048224	-1.851415	0.474014	-0.627755	-0.169331	0.759770	0.351367	-0.932599	0.082465	0.694597	0.318726	0.644941
41228	7.845342	0.945115	6.873975	-0.073473	-1.963211	0.474419	-0.612326	-0.167431	0.772673	0.353741	-0.932055	0.078364	0.707053	0.321310	0.629949
41229	8.418454	0.981559	6.915835	-0.032919	-1.919397	0.488854	-0.596894	-0.165776	0.785007	0.356420	-0.931365	0.074326	0.718807	0.324157	0.615012
41230	8.213013	1.177086	6.650053	-0.029304	-1.902851	0.492397	-0.581349	-0.164125	0.796929	0.359056	-0.930668	0.070258	0.730145	0.326986	0.599973
41231	8.760203	0.953181	6.578853	-0.052311	-1.903927	0.520511	-0.565453	-0.162702	0.808573	0.361613	-0.930007	0.065747	0.741282	0.329568	0.584710
41232	8.607824	1.128835	6.046362	-0.082257	-1.883204	0.543240	-0.549423	-0.161485	0.819791	0.363975	-0.929419	0.060856	0.752102	0.331819	0.569420
41233	9.336268	0.766779	6.264723	-0.052619	-1.861161	0.545733	-0.533323	-0.160341	0.830577	0.366489	-0.928733	0.056037	0.762400	0.334283	0.554077
41234	9.278440	0.778854	5.974551	-0.009792	-1.729741	0.536416	-0.518085	-0.159475	0.840331	0.369181	-0.927929	0.051511	0.771552	0.336921	0.539621
41235	9.191696	0.397528	5.319967	0.029319	-1.748522	0.534113	-0.502524	-0.158495	0.849911	0.372093	-0.926998	0.047135	0.780395	0.339932	0.524813
41236	10.100364	1.321257	5.287555	0.244080	-1.671870	0.554865	-0.487340	-0.157870	0.858823	0.376701	-0.925305	0.043669	0.787779	0.344801	0.510408
41237	10.056319	2.547103	6.534761	0.117902	-1.518181	0.664703	-0.472796	-0.158739	0.866756	0.380785	-0.923861	0.038512	0.794649	0.348256	0.497243
41238	9.265634	1.639228	5.896426	-0.039672	-1.455345	0.759481	-0.458279	-0.160629	0.874173	0.383953	-0.922808	0.031719	0.801599	0.350177	0.484577
41239	9.932837	0.827691	5.555823	-0.096319	-1.451353	0.812999	-0.443448	-0.163017	0.881351	0.386802	-0.921847	0.024111	0.808540	0.351600	0.471847
41240	9.700115	0.972081	5.670441	0.127793	-1.352768	0.838042	-0.429216	-0.165916	0.887832	0.391445	-0.920039	0.017307	0.813968	0.354966	0.459842
41241	9.922436	1.251563	5.633394	0.145463	-1.309121	0.905357	-0.414948	-0.169548	0.893908	0.396413	-0.918019	0.009892	0.818947	0.358462	0.448141
41242	9.440745	1.127363	5.806949	0.170115	-1.184437	0.952113	-0.401427	-0.173971	0.899217	0.401646	-0.915792	0.002125	0.823126	0.362020	0.437499
41243	9.454035	1.079792	5.576725	0.149637	-1.192188	1.016672	-0.387468	-0.178913	0.904355	0.406850	-0.913473	-0.006403	0.827249	0.365455	0.426733
41244	8.781712	0.625016	5.344415	0.172783	-1.155077	1.055773	-0.373571	-0.184261	0.909116	0.412250	-0.910943	-0.015231	0.830960	0.369094	0.416264
41245	8.387889	0.375602	5.187757	0.246413	-1.182432	1.079316	-0.359235	-0.189666	0.913771	0.418213	-0.908030	-0.024060	0.834295	0.373508	0.405517
41246	7.922090	-0.061168	4.991727	0.327005	-1.255330	1.108321	-0.344074	-0.194949	0.918481	0.424796	-0.904692	-0.032888	0.837354	0.378851	0.394095
41247	7.660829	-0.355051	4.780690	0.488822	-1.330497	1.127380	-0.328077	-0.200016	0.923233	0.432639	-0.900617	-0.041375	0.839755	0.385852	0.382007
41248	7.565461	-0.256416	4.555088	0.644635	-1.378678	1.170295	-0.311376	-0.205109	0.927888	0.441752	-0.895756	-0.049766	0.841368	0.394400	0.369524
41249	6.804946	-0.860481	4.509817	0.771285	-1.573950	1.185718	-0.292820	-0.209388	0.932959	0.451782	-0.890241	-0.058004	0.842704	0.404510	0.355278
41250	7.607689	-0.759859	4.611615	0.895302	-1.713702	1.210326	-0.272842	-0.213055	0.938171	0.462708	-0.884036	-0.066195	0.843480	0.416038	0.339785
41251	6.867186	-0.664469	5.241509	1.013181	-1.745094	1.204317	-0.252479	-0.216269	0.943124	0.474368	-0.877197	-0.074160	0.843344	0.428664	0.324065
41252	6.329090	0.707636	7.301826	1.086785	-1.582806	1.059069	-0.234060	-0.218595	0.947329	0.486059	-0.870192	-0.080703	0.841999	0.441568	0.309927
41253	13.365245	3.182119	9.065566	1.028324	-1.257465	0.387903	-0.221587	-0.216313	0.950846	0.495536	-0.864778	-0.081252	0.839847	0.453174	0.298815
41254	15.491905	5.882596	9.326017	0.856452	0.646824	-0.116787	-0.227590	-0.218216	0.948991	0.502399	-0.861153	-0.077531	0.834145	0.459127	0.305622
41255	7.679546	4.987780	10.072974	0.390563	1.346296	-0.470301	-0.241169	-0.220324	0.945143	0.504484	-0.860426	-0.071848	0.829056	0.459482	0.318658
41256	4.875140	4.433819	8.769621	-0.047959	1.684887	-0.700008	-0.258636	-0.221962	0.940128	0.502294	-0.862222	-0.065384	0.825111	0.455310	0.334491
41257	3.143818	2.880548	7.474260	-0.388275	1.526002	-0.762889	-0.275050	-0.222234	0.935393	0.496985	-0.865714	-0.059542	0.823015	0.448499	0.348562
41258	2.580980	1.006858	6.792888	-0.559209	1.295109	-0.755301	-0.289439	-0.221398	0.931240	0.490207	-0.869903	-0.054454	0.822145	0.440740	0.360315
41259	3.156135	-0.693270	6.737099	-0.463137	1.037867	-0.735584	-0.301586	-0.219490	0.927831	0.484143	-0.873599	-0.049293	0.821372	0.434337	0.369730
41260	4.360729	-1.471182	7.254550	-0.177503	0.904891	-0.716806	-0.312474	-0.217094	0.924787	0.480440	-0.875958	-0.043297	0.819474	0.430775	0.378015
41261	5.736836	-1.225600	7.966410	0.124035	0.968760	-0.704715	-0.323817	-0.215048	0.921356	0.479117	-0.877000	-0.036306	0.815837	0.429681	0.387021
41262	6.295659	-0.522388	8.541778	0.321237	1.161325	-0.662902	-0.336445	-0.214186	0.917022	0.479494	-0.877068	-0.028933	0.810488	0.429972	0.397786
41263	6.371237	0.029292	8.837126	0.387492	1.388497	-0.596926	-0.350565	-0.214885	0.911553	0.480466	-0.876740	-0.021900	0.803900	0.430293	0.410600
41264	6.422098	0.249262	8.868787	0.366322	1.602586	-0.504986	-0.365825	-0.217313	0.904957	0.481541	-0.876282	-0.015766	0.796423	0.430007	0.425211
41265	6.260869	0.042844	8.668961	0.311160	1.780932	-0.412695	-0.381980	-0.221302	0.897283	0.482349	-0.875914	-0.010692	0.788309	0.428719	0.441327
41266	6.117539	-0.363250	8.458901	0.292595	1.928738	-0.326005	-0.398680	-0.226659	0.888639	0.483322	-0.875419	-0.006449	0.779393	0.426928	0.458562
41267	5.976904	-0.653836	8.306242	0.326285	2.028992	-0.252518	-0.415679	-0.233046	0.879147	0.484697	-0.874678	-0.002687	0.769597	0.425003	0.476542
41268	5.820009	-0.626575	8.166286	0.387728	2.115704	-0.192226	-0.432789	-0.240301	0.868878	0.486796	-0.873515	0.000890	0.758764	0.423351	0.495025
41269	5.695767	-0.418068	8.210949	0.443159	2.179843	-0.140366	-0.449955	-0.248237	0.857857	0.489381	-0.872059	0.004338	0.747025	0.421771	0.513870
41270	5.698484	-0.107710	8.319353	0.484137	2.245623	-0.106491	-0.467119	-0.256725	0.846104	0.492430	-0.870317	0.007790	0.734379	0.420286	0.532961
41271	5.751587	0.263718	8.460807	0.494685	2.310584	-0.099024	-0.484497	-0.265499	0.833530	0.495420	-0.868580	0.011304	0.720987	0.418424	0.552358
41272	5.845025	0.665714	8.653612	0.478578	2.385486	-0.118094	-0.502124	-0.274389	0.820111	0.498205	-0.866930	0.014979	0.706868	0.416105	0.572008
41273	5.934317	1.088656	8.819953	0.452034	2.461770	-0.171000	-0.520279	-0.283052	0.805724	0.500347	-0.865617	0.018996	0.692071	0.413025	0.591986
41274	5.928011	1.488801	8.943903	0.390122	2.536065	-0.264581	-0.538971	-0.291149	0.790407	0.501567	-0.864801	0.023462	0.676713	0.409087	0.612133
41275	5.952876	1.851737	9.018900	0.330651	2.592220	-0.386479	-0.558334	-0.298278	0.774141	0.501505	-0.864684	0.028537	0.660875	0.404169	0.632370
41276	6.025579	2.231217	9.163390	0.253760	2.637457	-0.546526	-0.578298	-0.304095	0.757032	0.500007	-0.865340	0.034354	0.644644	0.398388	0.652474
41277	6.124995	2.589346	9.287931	0.176923	2.670833	-0.741140	-0.599079	-0.308146	0.739020	0.496611	-0.867001	0.041063	0.628078	0.391605	0.672431
41278	6.256400	2.976158	9.457008	0.085305	2.694563	-0.968052	-0.620569	-0.310151	0.720209	0.491186	-0.869692	0.048707	0.611253	0.383983	0.692046
41279	6.383266	3.208533	9.594638	-0.022083	2.695583	-1.207691	-0.642798	-0.309767	0.700611	0.483259	-0.873612	0.057124	0.594367	0.375295	0.711254
41280	6.621315	3.349584	9.731078	-0.128750	2.669837	-1.456798	-0.665418	-0.306859	0.680482	0.472925	-0.878608	0.066253	0.577547	0.365903	0.729764
41281	6.881293	3.327247	9.767271	-0.230990	2.639758	-1.702980	-0.688481	-0.301267	0.659721	0.459910	-0.884712	0.075949	0.560782	0.355702	0.747663
41282	7.123173	3.311904	9.737525	-0.332251	2.593532	-1.926176	-0.711532	-0.293206	0.638555	0.444540	-0.891628	0.085934	0.544157	0.345007	0.764763
41283	7.412901	3.174074	9.822839	-0.420111	2.536445	-2.118626	-0.734447	-0.282731	0.616969	0.426793	-0.899242	0.095975	0.527669	0.333806	0.781114
41284	7.749518	3.053669	9.889649	-0.508141	2.474718	-2.270632	-0.756783	-0.270301	0.595162	0.407171	-0.907213	0.105718	0.511363	0.322338	0.796622
41285	7.767007	2.863952	9.639623	-0.601734	2.421232	-2.358374	-0.778404	-0.256346	0.573039	0.385859	-0.915407	0.114640	0.495176	0.310348	0.811470
41286	7.487979	2.390853	9.379055	-0.706849	2.316564	-2.373705	-0.798600	-0.241527	0.551274	0.363644	-0.923490	0.122187	0.479585	0.298046	0.825328
41287	7.135348	1.507397	9.055210	-0.783116	2.129236	-2.304994	-0.816856	-0.226238	0.530625	0.341145	-0.931238	0.128123	0.465152	0.285678	0.837867
41288	7.305709	0.332950	8.980346	-0.763136	1.886909	-2.157856	-0.832648	-0.211312	0.511903	0.319796	-0.938117	0.132920	0.452137	0.274380	0.848698
41289	8.203892	-0.800573	8.802377	-0.618065	1.660786	-1.944184	-0.846153	-0.197367	0.495046	0.300539	-0.943820	0.137408	0.440115	0.265048	0.857933
41290	9.366937	-1.073555	8.599540	-0.380286	1.446450	-1.653863	-0.857284	-0.185470	0.480276	0.284748	-0.948000	0.142178	0.428932	0.258645	0.865517
41291	10.892930	-1.143142	8.403622	-0.120755	1.375663	-1.363405	-0.866959	-0.175930	0.466295	0.272309	-0.950830	0.147548	0.417409	0.254894	0.872238
41292	12.313982	0.312082	7.861389	0.036457	1.364810	-1.010870	-0.875287	-0.169734	0.452838	0.263602	-0.952502	0.152493	0.405446	0.252844	0.878455
41293	12.539449	1.065708	7.047426	0.061923	1.402851	-0.603686	-0.882510	-0.167396	0.439495	0.258381	-0.953414	0.155693	0.392958	0.250958	0.884649
41294	12.585043	1.231928	6.409544	0.081426	1.430718	-0.227430	-0.888630	-0.168766	0.426445	0.256632	-0.953610	0.157379	0.380102	0.249291	0.890717
41295	13.066485	0.911935	6.042978	0.166394	1.459538	0.062879	-0.893957	-0.172889	0.413462	0.257669	-0.953134	0.158561	0.366672	0.248283	0.896609
41296	13.028039	0.491970	5.512993	0.340651	1.545696	0.245818	-0.898878	-0.179032	0.399958	0.261047	-0.951872	0.160603	0.351956	0.248770	0.902353
41297	12.399443	0.275503	4.742587	0.560887	1.595133	0.284473	-0.903649	-0.185630	0.385954	0.265417	-0.949993	0.164518	0.336114	0.251106	0.907730
41298	11.358616	0.375298	3.864358	0.738878	1.557133	0.255456	-0.908079	-0.191955	0.372217	0.270107	-0.947659	0.170250	0.320055	0.255139	0.912398
41299	10.271609	0.619019	3.117691	0.817618	1.396699	0.209230	-0.911900	-0.197454	0.359791	0.274463	-0.945183	0.176915	0.305136	0.260078	0.916107
41300	9.558158	0.683149	2.738154	0.807875	1.133197	0.169742	-0.914824	-0.201994	0.349707	0.278380	-0.942740	0.183699	0.292577	0.265404	0.918673
41301	9.352665	0.528313	2.584238	0.744802	0.823118	0.140719	-0.916818	-0.205458	0.342391	0.281726	-0.940492	0.190014	0.282976	0.270669	0.920143
41302	9.395759	0.238819	2.676203	0.667017	0.535027	0.111708	-0.918004	-0.207930	0.337688	0.284568	-0.938458	0.195748	0.276204	0.275793	0.920679
41303	8.974125	1.131604	3.792405	0.574166	0.253060	0.056289	-0.918551	-0.209107	0.335466	0.286590	-0.936774	0.200798	0.272268	0.280585	0.920403
41304	8.626021	1.029836	1.537416	0.095538	-0.365484	0.156395	-0.917108	-0.209504	0.339148	0.288240	-0.936198	0.201123	0.275373	0.282207	0.918982
41305	9.881881	1.037775	2.599214	-0.127096	-0.622158	0.072129	-0.915176	-0.208381	0.345009	0.288492	-0.936433	0.199665	0.281471	0.282260	0.917117
41306	10.554825	0.811245	2.770853	-0.432515	-0.981186	0.012848	-0.912334	-0.205702	0.354026	0.287323	-0.937642	0.195633	0.291707	0.280202	0.914546
41307	10.691294	-0.021836	2.538103	-0.660389	-1.220419	-0.082222	-0.908929	-0.201506	0.365024	0.284566	-0.939668	0.189856	0.304745	0.276439	0.911434
41308	10.303833	-0.604230	2.542817	-0.770232	-1.447265	-0.216889	-0.905027	-0.195456	0.377788	0.280145	-0.942230	0.183632	0.320071	0.272027	0.907500
41309	6.107342	-0.497936	5.611023	-0.816314	-1.380872	-0.368115	-0.901517	-0.188248	0.389653	0.274125	-0.945151	0.177608	0.334846	0.266931	0.903674
41310	4.921985	-0.595391	11.253407	-0.992343	-1.682562	-0.445415	-0.896943	-0.179552	0.404048	0.266659	-0.948606	0.170410	0.352685	0.260591	0.898725
41311	7.692722	-1.583669	11.568944	-0.480346	-1.397844	-0.573818	-0.893416	-0.170464	0.415631	0.259774	-0.950871	0.168412	0.366503	0.258432	0.893806
41312	2.276338	-1.443948	9.165763	-0.099336	-1.156166	-0.565106	-0.890575	-0.162054	0.424988	0.254314	-0.952085	0.169880	0.377095	0.259371	0.889115
41313	1.584991	0.077856	7.127060	0.097304	-1.542019	-0.255279	-0.885291	-0.155588	0.438238	0.252399	-0.952251	0.171796	0.390583	0.262700	0.882289
41314	3.699313	-0.249775	8.515186	0.025852	-1.834320	0.117794	-0.877684	-0.151823	0.454555	0.253489	-0.952018	0.171477	0.406711	0.265727	0.874057
41315	8.671567	1.345534	10.646853	0.111997	-1.951594	0.356265	-0.868662	-0.149978	0.472159	0.257039	-0.951197	0.170752	0.423507	0.269688	0.864818
41316	19.210094	8.319623	14.488653	-0.005002	-2.214500	0.894925	-0.856740	-0.152435	0.492707	0.264687	-0.949874	0.166373	0.442649	0.272951	0.854143
41317	19.439714	-0.594579	12.293766	-0.671702	0.302764	0.321413	-0.857211	-0.156304	0.490672	0.264456	-0.951200	0.159003	0.441874	0.266060	0.856714
41318	-0.743065	0.653795	7.337334	-0.240638	0.249546	0.124515	-0.857986	-0.158109	0.488734	0.264411	-0.951658	0.156312	0.440394	0.263340	0.858315
41319	4.306595	0.523245	9.412093	-0.331723	-0.557741	0.328728	-0.854622	-0.159779	0.494057	0.265747	-0.952015	0.151807	0.446094	0.261032	0.856074
41320	7.598382	2.147519	9.648574	-0.256275	-0.480209	0.250238	-0.851806	-0.160872	0.498545	0.266681	-0.952298	0.148356	0.450897	0.259323	0.854074
41321	5.456312	0.313886	8.451706	-0.303768	-0.119735	0.198279	-0.850714	-0.162455	0.499894	0.266987	-0.952771	0.144726	0.452773	0.256586	0.853909
41322	5.658683	-0.587722	9.097440	-0.171417	-0.361147	0.172677	-0.848615	-0.163135	0.503230	0.267623	-0.952946	0.142381	0.456323	0.255502	0.852342
41323	6.299724	0.439385	9.112114	-0.071980	-0.204026	0.100813	-0.847389	-0.163579	0.505147	0.268140	-0.952975	0.141211	0.458293	0.255111	0.851403
41324	5.425624	1.304818	8.524141	-0.038403	-0.174209	0.068521	-0.846409	-0.163747	0.506733	0.268492	-0.952978	0.140521	0.459895	0.254992	0.850574
41325	5.410961	1.362760	8.652613	-0.052715	-0.208091	0.071122	-0.845237	-0.163899	0.508638	0.268841	-0.953005	0.139663	0.461844	0.254791	0.849578
41326	5.572259	1.121763	8.768134	-0.044803	-0.196185	0.063648	-0.844161	-0.163966	0.510399	0.269119	-0.953032	0.138942	0.463645	0.254647	0.848639
41327	5.381011	1.164609	8.661270	-0.041031	-0.188928	0.058573	-0.843103	-0.164048	0.512119	0.269414	-0.953050	0.138245	0.465397	0.254527	0.847716
41328	5.359663	1.415878	8.585163	-0.033887	-0.206868	0.048508	-0.842011	-0.163943	0.513946	0.269613	-0.953074	0.137693	0.467255	0.254505	0.846700
41329	5.310694	1.551186	8.535556	-0.052400	-0.213765	0.057056	-0.840833	-0.163948	0.515870	0.269838	-0.953123	0.136907	0.469242	0.254318	0.845656
41330	5.364160	1.577399	8.532513	-0.071849	-0.237554	0.068616	-0.839534	-0.163958	0.517978	0.270025	-0.953210	0.135929	0.471455	0.253984	0.844525
41331	5.402561	1.591748	8.491095	-0.092744	-0.247190	0.070324	-0.838152	-0.164006	0.520196	0.270167	-0.953340	0.134734	0.473826	0.253467	0.843352
41332	5.496415	1.567683	8.529491	-0.111257	-0.255606	0.084046	-0.836714	-0.164120	0.522470	0.270290	-0.953501	0.133342	0.476291	0.252787	0.842167
41333	5.566357	1.465859	8.550154	-0.134428	-0.261198	0.093516	-0.835190	-0.164357	0.524828	0.270420	-0.953695	0.131674	0.478885	0.251897	0.840962
41334	5.715878	1.424267	8.566398	-0.136221	-0.259869	0.096730	-0.833684	-0.164586	0.527146	0.270521	-0.953896	0.130005	0.481446	0.250987	0.839771
41335	5.625953	1.302188	8.584072	-0.149952	-0.237034	0.097083	-0.832253	-0.164923	0.529297	0.270597	-0.954120	0.128187	0.483873	0.249910	0.838697
41336	5.618244	1.290004	8.520805	-0.147536	-0.251053	0.097598	-0.830774	-0.165188	0.531533	0.270640	-0.954344	0.126417	0.486383	0.248878	0.837551
41337	5.593962	1.155013	8.463902	-0.146736	-0.245426	0.095327	-0.829295	-0.165492	0.533744	0.270706	-0.954560	0.124635	0.488864	0.247847	0.836411
41338	5.626080	1.072568	8.542569	-0.152447	-0.255631	0.098979	-0.827777	-0.165765	0.536010	0.270726	-0.954790	0.122816	0.491419	0.246776	0.835230
41339	5.597779	1.011202	8.484615	-0.137312	-0.256817	0.089701	-0.826244	-0.165993	0.538300	0.270782	-0.954988	0.121142	0.493961	0.245855	0.834001
41340	5.603541	0.879096	8.443726	-0.144201	-0.273592	0.092056	-0.824643	-0.166161	0.540698	0.270775	-0.955206	0.119429	0.496634	0.244894	0.832696
41341	5.662382	0.994540	8.460719	-0.134155	-0.279815	0.087420	-0.822987	-0.166316	0.543167	0.270817	-0.955397	0.117792	0.499349	0.244041	0.831321
41342	6.016274	0.702031	8.866986	-0.122439	-0.298498	0.072842	-0.821299	-0.166245	0.545739	0.270750	-0.955591	0.116364	0.502158	0.243329	0.829836
41343	7.769786	0.404483	8.234029	-0.009164	-0.198254	-0.003112	-0.820284	-0.165737	0.547417	0.270668	-0.955627	0.116259	0.503858	0.243534	0.828745
41344	4.815324	1.521323	8.872325	-0.082559	-0.077238	0.001592	-0.819893	-0.165524	0.548066	0.270212	-0.955842	0.115552	0.504738	0.242834	0.828415
41345	6.109103	1.016325	8.206489	-0.031218	-0.154248	0.005718	-0.819072	-0.165209	0.549387	0.270091	-0.955916	0.115216	0.506134	0.242754	0.827586
41346	5.796816	1.090970	8.512900	-0.067419	-0.134201	0.007256	-0.818376	-0.164913	0.550514	0.269756	-0.956085	0.114604	0.507438	0.242293	0.826922
41347	5.743275	1.163375	8.438629	-0.065530	-0.129545	0.007712	-0.817670	-0.164678	0.551631	0.269476	-0.956239	0.113973	0.508722	0.241844	0.826265
41348	5.726216	1.253568	8.438684	-0.063089	-0.141571	0.014129	-0.816914	-0.164431	0.552824	0.269217	-0.956385	0.113360	0.510073	0.241435	0.825551
41349	5.833583	1.015465	8.423594	-0.077534	-0.147919	0.015794	-0.816089	-0.164230	0.554100	0.268940	-0.956554	0.112587	0.511537	0.240901	0.824801
41350	5.857511	1.001380	8.395858	-0.063996	-0.138340	0.010061	-0.815356	-0.163953	0.555260	0.268641	-0.956708	0.111989	0.512860	0.240477	0.824103
41351	5.833733	0.911669	8.457901	-0.065619	-0.135104	0.000769	-0.814634	-0.163641	0.556411	0.268301	-0.956872	0.111399	0.514185	0.240035	0.823406
41352	5.829491	0.939726	8.370161	-0.044886	-0.138672	-0.006858	-0.813941	-0.163202	0.557553	0.267961	-0.957008	0.111054	0.515458	0.239793	0.822680
41353	5.669010	1.097923	8.409700	-0.050399	-0.166595	-0.012180	-0.813087	-0.162691	0.558947	0.267591	-0.957157	0.110661	0.516996	0.239547	0.821786
41354	5.914261	1.164809	8.300767	-0.040709	-0.186266	-0.007894	-0.812146	-0.162129	0.560476	0.267263	-0.957283	0.110358	0.518642	0.239421	0.820785
41355	5.870013	1.043931	8.299608	-0.057966	-0.166943	-0.008359	-0.811274	-0.161655	0.561874	0.266884	-0.957444	0.109883	0.520199	0.239101	0.819892
41356	5.938721	1.123529	8.291357	-0.063837	-0.166832	-0.001616	-0.810412	-0.161200	0.563247	0.266485	-0.957615	0.109356	0.521746	0.238720	0.819020
41357	6.012488	1.121718	8.315753	-0.043738	-0.155691	0.004518	-0.809559	-0.160877	0.564564	0.266283	-0.957720	0.108927	0.523171	0.238517	0.818170
41358	5.995744	1.107247	8.324616	-0.061468	-0.126689	0.003429	-0.808889	-0.160568	0.565612	0.265935	-0.957878	0.108392	0.524383	0.238093	0.817517
41359	5.966601	0.992800	8.363266	-0.067386	-0.132168	0.010426	-0.808140	-0.160358	0.566741	0.265655	-0.958029	0.107737	0.525678	0.237624	0.816821
41360	5.988658	1.029675	8.259837	-0.057138	-0.112577	0.012834	-0.807516	-0.160173	0.567682	0.265405	-0.958161	0.107185	0.526762	0.237219	0.816241
41361	5.983368	1.046847	8.385611	-0.038981	-0.086226	0.007620	-0.807013	-0.160047	0.568432	0.265250	-0.958249	0.106778	0.527609	0.236948	0.815772
41362	6.122243	0.937182	8.256948	-0.050923	-0.100941	0.009413	-0.806458	-0.159857	0.569273	0.265004	-0.958371	0.106296	0.528582	0.236583	0.815248
