// General information: 
//  MT Manager version: 2022.2.0 
//  XDA version: 2022.2.0 build 7381 rev 124627 built on 2023-07-19
// Device information: 
//  DeviceId: 00B4CAF0
//  ProductCode: MTW2-3A7G6
//  Firmware Version: 4.6.0
//  Hardware Version: 2.0.0
// Device settings: 
//  Filter Profile: human(46.1)
//  Option Flags: Orientation Smoother Disabled, Position/Velocity Smoother Disabled, Continuous Zero Rotation Update Disabled, AHS Disabled, ICC Disabled
// Coordinate system: ENU
PacketCounter	Acc_X	Acc_Y	Acc_Z	Gyr_X	Gyr_Y	Gyr_Z	Mat[1][1]	Mat[2][1]	Mat[3][1]	Mat[1][2]	Mat[2][2]	Mat[3][2]	Mat[1][3]	Mat[2][3]	Mat[3][3]
29963	5.508713	-0.124643	8.688626	-0.008304	0.003611	0.006327	-0.832681	0.012643	0.553609	-0.016225	-0.999867	-0.001568	0.553515	-0.010288	0.832775
29964	5.453691	-0.128342	8.664527	-0.009977	0.007232	0.005799	-0.832766	0.012576	0.553483	-0.016272	-0.999866	-0.001765	0.553386	-0.010476	0.832859
29965	5.483419	-0.113489	8.668603	-0.007810	0.007863	0.006910	-0.832799	0.012539	0.553434	-0.016305	-0.999865	-0.001882	0.553336	-0.010591	0.832891
29966	5.429039	-0.124156	8.667996	-0.011834	0.006253	0.006832	-0.832878	0.012460	0.553316	-0.016352	-0.999864	-0.002099	0.553215	-0.010796	0.832969
29967	5.438510	-0.183868	8.676328	-0.009697	0.008120	0.007017	-0.832912	0.012421	0.553265	-0.016394	-0.999863	-0.002233	0.553162	-0.010930	0.833002
29968	5.467399	-0.162329	8.657035	-0.011585	0.008378	0.007123	-0.833004	0.012342	0.553130	-0.016441	-0.999862	-0.002449	0.553023	-0.011134	0.833092
29969	5.482146	-0.132359	8.717136	-0.007282	0.010877	0.008420	-0.833054	0.012290	0.553056	-0.016458	-0.999861	-0.002571	0.552947	-0.011243	0.833140
29970	5.479527	-0.120162	8.670974	-0.018642	0.013663	0.008133	-0.833174	0.012207	0.552876	-0.016540	-0.999859	-0.002851	0.552764	-0.011520	0.833258
29971	5.446540	-0.070814	8.713198	-0.013223	0.010762	0.007522	-0.833223	0.012164	0.552803	-0.016598	-0.999858	-0.003017	0.552688	-0.011689	0.833306
29972	5.464234	-0.175899	8.682793	-0.022323	0.010467	0.011121	-0.833326	0.012045	0.552651	-0.016669	-0.999855	-0.003343	0.552531	-0.011998	0.833406
29973	5.463983	-0.185260	8.706784	-0.020185	0.012334	0.011308	-0.833384	0.011964	0.552565	-0.016733	-0.999854	-0.003588	0.552441	-0.012237	0.833462
29974	5.416123	-0.174357	8.712813	-0.016437	0.013054	0.010171	-0.833501	0.011855	0.552391	-0.016780	-0.999852	-0.003861	0.552263	-0.012487	0.833576
29975	5.436869	-0.168910	8.663981	-0.015133	0.012256	0.006705	-0.833558	0.011821	0.552306	-0.016855	-0.999850	-0.004038	0.552175	-0.012675	0.833632
29976	5.430231	-0.206833	8.705028	-0.012966	0.012886	0.007817	-0.833673	0.011734	0.552133	-0.016900	-0.999848	-0.004268	0.551999	-0.012890	0.833745
29977	5.458710	-0.185556	8.686066	-0.012687	0.013773	0.009036	-0.833739	0.011676	0.552035	-0.016941	-0.999847	-0.004438	0.551899	-0.013053	0.833809
29978	5.433438	-0.173447	8.666044	-0.009496	0.012718	0.005464	-0.833853	0.011610	0.551864	-0.016983	-0.999845	-0.004627	0.551725	-0.013230	0.833921
29979	5.426054	-0.204056	8.683672	-0.008880	0.012018	0.009749	-0.833909	0.011544	0.551781	-0.016997	-0.999844	-0.004769	0.551640	-0.013356	0.833976
29980	5.424832	-0.205285	8.684407	-0.008966	0.015731	0.006976	-0.834040	0.011464	0.551585	-0.017024	-0.999843	-0.004961	0.551442	-0.013528	0.834104
29981	5.422896	-0.199605	8.661732	-0.011350	0.011738	0.006494	-0.834094	0.011431	0.551504	-0.017079	-0.999841	-0.005106	0.551358	-0.013678	0.834157
29982	5.459831	-0.169192	8.696086	-0.005218	0.016450	0.005842	-0.834228	0.011370	0.551302	-0.017103	-0.999840	-0.005260	0.551154	-0.013817	0.834289
29983	5.426675	-0.172133	8.646315	-0.007325	0.013346	0.006577	-0.834291	0.011337	0.551208	-0.017135	-0.999839	-0.005372	0.551058	-0.013927	0.834351
29984	5.426987	-0.186967	8.693798	-0.007602	0.012458	0.005359	-0.834403	0.011274	0.551040	-0.017170	-0.999837	-0.005543	0.550887	-0.014086	0.834461
29985	5.409528	-0.158911	8.703587	-0.007323	0.013345	0.006577	-0.834466	0.011241	0.550945	-0.017202	-0.999836	-0.005654	0.550791	-0.014196	0.834522
29986	5.430959	-0.159633	8.678274	-0.008931	0.014491	0.007901	-0.834589	0.011156	0.550760	-0.017226	-0.999835	-0.005850	0.550603	-0.014370	0.834643
29987	5.421925	-0.123132	8.741330	-0.007293	0.012107	0.007502	-0.834645	0.011114	0.550676	-0.017250	-0.999833	-0.005967	0.550517	-0.014479	0.834698
29988	5.414663	-0.206880	8.666710	-0.011343	0.011738	0.006493	-0.834753	0.011038	0.550513	-0.017294	-0.999831	-0.006175	0.550352	-0.014675	0.834803
29989	5.415842	-0.228962	8.737445	-0.009706	0.009353	0.006093	-0.834794	0.011010	0.550452	-0.017343	-0.999830	-0.006304	0.550289	-0.014809	0.834843
29990	5.407973	-0.252286	8.731477	-0.001881	0.009203	0.006894	-0.834888	0.010933	0.550311	-0.017335	-0.999829	-0.006435	0.550147	-0.014912	0.834935
29991	5.404285	-0.171724	8.730562	0.001614	0.007798	0.005466	-0.834920	0.010910	0.550263	-0.017327	-0.999829	-0.006466	0.550099	-0.014933	0.834966
29992	5.419967	-0.200805	8.721855	0.003222	0.006652	0.004143	-0.834999	0.010859	0.550144	-0.017311	-0.999829	-0.006539	0.549979	-0.014984	0.835044
29993	5.418725	-0.193785	8.698801	0.002944	0.005765	0.002924	-0.835020	0.010861	0.550113	-0.017317	-0.999829	-0.006545	0.549948	-0.014992	0.835065
29994	5.417524	-0.186770	8.675724	0.005720	0.005690	0.008324	-0.835094	0.010771	0.550002	-0.017256	-0.999829	-0.006620	0.549836	-0.015019	0.835137
29995	5.418425	-0.200646	8.722816	0.000780	0.005137	0.001809	-0.835111	0.010785	0.549976	-0.017283	-0.999829	-0.006638	0.549810	-0.015049	0.835154
29996	5.417251	-0.193437	8.699727	0.008883	0.005873	0.003830	-0.835185	0.010735	0.549864	-0.017237	-0.999829	-0.006661	0.549699	-0.015041	0.835228
29997	5.417448	-0.199874	8.723441	0.006718	0.005245	0.002716	-0.835203	0.010739	0.549837	-0.017224	-0.999830	-0.006634	0.549673	-0.015011	0.835245
29998	5.417061	-0.199289	8.723695	0.010519	0.003488	0.003432	-0.835264	0.010689	0.549745	-0.017166	-0.999831	-0.006642	0.549581	-0.014985	0.835306
29999	5.409701	-0.221023	8.717453	0.010519	0.003488	0.003432	-0.835272	0.010686	0.549733	-0.017126	-0.999832	-0.006587	0.549570	-0.014917	0.835314
30000	5.446274	-0.175050	8.704467	0.010574	0.001013	0.005280	-0.835320	0.010624	0.549661	-0.017063	-0.999833	-0.006604	0.549499	-0.014895	0.835362
30001	5.406419	-0.138682	8.716299	0.009937	0.002951	0.000070	-0.835325	0.010655	0.549654	-0.017054	-0.999833	-0.006536	0.549492	-0.014834	0.835367
30002	5.408244	-0.211818	8.694590	0.010467	0.005964	0.001583	-0.835399	0.010637	0.549542	-0.017028	-0.999834	-0.006533	0.549381	-0.014815	0.835441
30003	5.401667	-0.240271	8.711701	0.013792	-0.001281	0.002635	-0.835380	0.010641	0.549570	-0.016977	-0.999835	-0.006446	0.549410	-0.014715	0.835423
30004	5.407970	-0.209705	8.694812	0.013407	0.002781	-0.002280	-0.835436	0.010662	0.549484	-0.016968	-0.999836	-0.006397	0.549326	-0.014668	0.835480
30005	5.431843	-0.221851	8.715731	0.015321	0.001284	-0.001459	-0.835431	0.010708	0.549491	-0.016942	-0.999837	-0.006276	0.549334	-0.014553	0.835476
30006	5.445193	-0.168688	8.705269	0.013462	0.000306	-0.000431	-0.835474	0.010705	0.549426	-0.016912	-0.999838	-0.006236	0.549270	-0.014502	0.835519
30007	5.429414	-0.145415	8.737839	0.014298	0.002969	0.003224	-0.835479	0.010703	0.549418	-0.016853	-0.999839	-0.006149	0.549264	-0.014396	0.835525
30008	5.444088	-0.159982	8.682163	0.004583	0.003381	0.002523	-0.835539	0.010671	0.549328	-0.016846	-0.999839	-0.006200	0.549173	-0.014434	0.835584
30009	5.438118	-0.195709	8.722734	0.009940	0.002950	0.000070	-0.835543	0.010702	0.549320	-0.016837	-0.999839	-0.006132	0.549166	-0.014372	0.835589
30010	5.427147	-0.130083	8.691617	-0.000800	0.005048	0.004052	-0.835612	0.010661	0.549216	-0.016854	-0.999839	-0.006235	0.549061	-0.014466	0.835657
30011	5.421129	-0.166275	8.732206	0.006193	0.002233	0.001202	-0.835613	0.010680	0.549215	-0.016856	-0.999839	-0.006204	0.549060	-0.014442	0.835658
30012	5.420342	-0.159243	8.708870	0.000889	0.000189	0.005504	-0.835655	0.010611	0.549152	-0.016837	-0.999838	-0.006301	0.548996	-0.014512	0.835699
30013	5.420250	-0.159395	8.708925	0.000557	0.001776	0.002437	-0.835654	0.010618	0.549154	-0.016860	-0.999838	-0.006324	0.548998	-0.014544	0.835697
30014	5.444078	-0.173074	8.729844	-0.001052	0.002923	0.003758	-0.835711	0.010573	0.549068	-0.016872	-0.999837	-0.006428	0.548911	-0.014636	0.835753
30015	5.429803	-0.218318	8.717091	-0.001304	0.000798	0.003465	-0.835704	0.010569	0.549079	-0.016897	-0.999836	-0.006472	0.548920	-0.014686	0.835746
30016	5.412047	-0.175921	8.679369	-0.005078	0.001319	0.003671	-0.835752	0.010523	0.549007	-0.016930	-0.999835	-0.006608	0.548847	-0.014818	0.835792
30017	5.459191	-0.196528	8.697695	-0.002965	0.004421	0.002937	-0.835765	0.010525	0.548987	-0.016969	-0.999834	-0.006663	0.548825	-0.014885	0.835804
30018	5.403774	-0.191986	8.649865	0.006193	0.002232	0.001202	-0.835817	0.010515	0.548907	-0.016973	-0.999834	-0.006691	0.548746	-0.014909	0.835856
30019	5.425985	-0.138251	8.716149	0.001394	0.004439	0.006092	-0.835831	0.010485	0.548887	-0.016961	-0.999834	-0.006728	0.548725	-0.014933	0.835869
30020	5.419147	-0.167682	8.733409	0.002950	0.005765	0.002921	-0.835902	0.010454	0.548779	-0.016964	-0.999833	-0.006792	0.548616	-0.014987	0.835940
30021	5.440010	-0.153376	8.660887	0.004837	0.005505	0.002818	-0.835921	0.010458	0.548750	-0.016960	-0.999833	-0.006781	0.548587	-0.014976	0.835959
30022	5.357338	-0.198904	8.726387	0.006725	0.005244	0.002715	-0.835990	0.010421	0.548645	-0.016935	-0.999833	-0.006813	0.548483	-0.014987	0.836028
30023	5.403104	-0.204602	8.697958	0.010274	0.001361	0.003140	-0.835987	0.010421	0.548651	-0.016899	-0.999834	-0.006759	0.548489	-0.014922	0.836024
30024	5.402990	-0.203793	8.698048	0.012162	0.001101	0.003037	-0.836033	0.010379	0.548581	-0.016840	-0.999835	-0.006747	0.548421	-0.014879	0.836070
30025	5.403123	-0.202670	8.697991	0.014849	-0.004209	-0.001117	-0.835998	0.010420	0.548634	-0.016814	-0.999837	-0.006631	0.548475	-0.014768	0.836037
30026	5.401837	-0.134212	8.743136	0.015381	-0.001196	0.000395	-0.836031	0.010415	0.548583	-0.016772	-0.999838	-0.006577	0.548426	-0.014700	0.836070
30027	5.403755	-0.200203	8.697656	0.013347	-0.008009	0.003905	-0.835976	0.010406	0.548667	-0.016712	-0.999839	-0.006502	0.548511	-0.014605	0.836016
30028	5.448092	-0.131423	8.690597	0.015715	-0.002783	0.003463	-0.836001	0.010359	0.548630	-0.016630	-0.999841	-0.006462	0.548476	-0.014526	0.836040
30029	5.433556	-0.168465	8.654230	0.011660	-0.003150	0.002451	-0.835973	0.010365	0.548673	-0.016592	-0.999842	-0.006392	0.548520	-0.014448	0.836012
30030	5.428007	-0.203820	8.694566	0.011914	-0.001025	0.002744	-0.836006	0.010325	0.548623	-0.016535	-0.999843	-0.006379	0.548471	-0.014405	0.836046
30031	5.449173	-0.135584	8.713794	0.010279	0.001361	0.003139	-0.836003	0.010325	0.548628	-0.016499	-0.999844	-0.006325	0.548477	-0.014340	0.836042
30032	5.449236	-0.134865	8.713766	0.009773	-0.002889	0.002554	-0.836026	0.010286	0.548594	-0.016454	-0.999845	-0.006328	0.548444	-0.014317	0.836065
30033	5.426145	-0.127961	8.716206	0.002552	-0.003431	0.006035	-0.835996	0.010256	0.548640	-0.016436	-0.999845	-0.006354	0.548489	-0.014329	0.836035
30034	5.448223	-0.121025	8.666730	0.001449	0.001969	0.007940	-0.836047	0.010179	0.548563	-0.016410	-0.999844	-0.006457	0.548412	-0.014400	0.836084
30035	5.419215	-0.150912	8.709719	0.000385	-0.004058	0.004920	-0.836014	0.010160	0.548614	-0.016413	-0.999844	-0.006495	0.548463	-0.014434	0.836050
30036	5.419433	-0.151423	8.709575	-0.002247	-0.001219	0.010923	-0.836047	0.010034	0.548566	-0.016359	-0.999844	-0.006644	0.548414	-0.014529	0.836081
30037	5.413249	-0.181411	8.726450	-0.001197	-0.004145	0.007167	-0.836014	0.009992	0.548617	-0.016352	-0.999844	-0.006708	0.548464	-0.014579	0.836047
30038	5.442588	-0.152374	8.683241	-0.002832	-0.001759	0.007562	-0.836044	0.009912	0.548573	-0.016344	-0.999843	-0.006843	0.548419	-0.014687	0.836075
30039	5.419426	-0.146444	8.685714	-0.002805	-0.002996	0.008487	-0.836017	0.009857	0.548615	-0.016335	-0.999843	-0.006927	0.548460	-0.014753	0.836046
30040	5.389342	-0.162797	8.681701	0.000412	-0.005295	0.005846	-0.836027	0.009800	0.548600	-0.016330	-0.999842	-0.007026	0.548445	-0.014832	0.836055
30041	5.446937	-0.241826	8.707691	-0.002805	-0.002996	0.008488	-0.836000	0.009745	0.548642	-0.016321	-0.999842	-0.007110	0.548486	-0.014899	0.836027
30042	5.399767	-0.222101	8.689352	0.002527	-0.002195	0.005109	-0.836027	0.009694	0.548603	-0.016309	-0.999841	-0.007186	0.548446	-0.014955	0.836052
30043	5.379543	-0.295728	8.693391	0.017074	-0.006064	0.001848	-0.835982	0.009705	0.548671	-0.016247	-0.999843	-0.007068	0.548516	-0.014823	0.836009
30044	5.371581	-0.249390	8.731906	0.022740	-0.006849	0.001539	-0.835983	0.009678	0.548670	-0.016140	-0.999846	-0.006956	0.548518	-0.014671	0.836010
30045	5.394752	-0.247326	8.705626	0.021107	-0.004463	0.001934	-0.835947	0.009689	0.548725	-0.016055	-0.999848	-0.006804	0.548575	-0.014498	0.835975
30046	5.377656	-0.202317	8.667508	0.029993	-0.007550	-0.001016	-0.835943	0.009698	0.548730	-0.015944	-0.999851	-0.006618	0.548584	-0.014281	0.835973
30047	5.396737	-0.249057	8.728383	0.035410	-0.010461	-0.001617	-0.835874	0.009744	0.548835	-0.015810	-0.999855	-0.006327	0.548694	-0.013965	0.835907
30048	5.423928	-0.135368	8.683083	0.037585	-0.009835	-0.000502	-0.835857	0.009750	0.548860	-0.015655	-0.999859	-0.006079	0.548724	-0.013673	0.835892
30049	5.419306	-0.168619	8.722947	0.029580	-0.015511	0.001184	-0.835761	0.009767	0.549007	-0.015529	-0.999862	-0.005852	0.548874	-0.013417	0.835797
30050	5.443825	-0.172694	8.719659	0.027305	-0.011196	-0.003636	-0.835736	0.009791	0.549043	-0.015441	-0.999865	-0.005673	0.548914	-0.013219	0.835775
30051	5.451314	-0.140987	8.701930	0.025781	-0.013752	0.000465	-0.835649	0.009815	0.549176	-0.015342	-0.999867	-0.005475	0.549049	-0.013000	0.835689
30052	5.439868	-0.197505	8.735328	0.021190	-0.017134	-0.002050	-0.835592	0.009823	0.549262	-0.015274	-0.999869	-0.005355	0.549138	-0.012864	0.835633
30053	5.465406	-0.209192	8.755256	0.017720	-0.016956	0.000301	-0.835487	0.009848	0.549421	-0.015221	-0.999871	-0.005223	0.549299	-0.012726	0.835529
30054	5.405482	-0.232547	8.723426	0.016908	-0.020862	-0.002420	-0.835410	0.009881	0.549539	-0.015205	-0.999871	-0.005137	0.549417	-0.012647	0.835452
30055	5.425790	-0.280379	8.783647	0.018549	-0.023250	-0.002812	-0.835270	0.009937	0.549750	-0.015173	-0.999872	-0.004980	0.549631	-0.012502	0.835314
30056	5.453981	-0.167777	8.737418	0.028231	-0.021201	-0.003971	-0.835190	0.009970	0.549871	-0.015091	-0.999875	-0.004792	0.549754	-0.012300	0.835236
30057	5.444100	-0.231068	8.793833	0.013990	-0.027870	-0.004394	-0.835025	0.010042	0.550121	-0.015098	-0.999875	-0.004665	0.550005	-0.012201	0.835072
30058	5.368525	-0.165027	8.838653	0.013633	-0.038299	-0.000329	-0.834851	0.010052	0.550384	-0.015083	-0.999876	-0.004617	0.550269	-0.012156	0.834899
30059	5.318182	-0.310798	8.948040	0.001861	-0.053653	-0.004250	-0.834543	0.010118	0.550850	-0.015154	-0.999875	-0.004593	0.550734	-0.012180	0.834592
30060	4.797520	-0.386967	9.422659	-0.076948	-0.102657	-0.020338	-0.834011	0.010306	0.551651	-0.015788	-0.999862	-0.005190	0.551521	-0.013038	0.834059
30061	5.130625	-0.044065	9.327151	-0.065987	-0.212251	-0.043753	-0.832820	0.010745	0.553440	-0.016564	-0.999848	-0.005512	0.553296	-0.013758	0.832871
30062	5.037419	-0.275344	9.303929	-0.116726	-0.276588	-0.058491	-0.831315	0.011293	0.555687	-0.017744	-0.999823	-0.006227	0.555518	-0.015037	0.831368
30063	4.981128	-0.103287	9.216407	-0.121289	-0.354429	-0.080168	-0.829314	0.012070	0.558652	-0.019132	-0.999794	-0.006802	0.558455	-0.016329	0.829374
30064	4.846710	-0.213395	9.478420	-0.105281	-0.465051	-0.101769	-0.826728	0.013007	0.562452	-0.020608	-0.999762	-0.007170	0.562225	-0.017518	0.826799
30065	4.685975	-0.211740	9.769786	-0.078776	-0.614495	-0.124861	-0.823218	0.014176	0.567548	-0.022130	-0.999730	-0.007128	0.567293	-0.018427	0.823310
30066	4.662099	-0.490543	9.990360	-0.050262	-0.803225	-0.168927	-0.818639	0.015717	0.574093	-0.023852	-0.999693	-0.006643	0.573813	-0.019132	0.818763
30067	4.753246	-0.766162	10.297923	-0.004192	-1.008042	-0.203844	-0.812750	0.017592	0.582347	-0.025586	-0.999657	-0.005512	0.582050	-0.019380	0.812922
30068	5.152013	-0.831335	9.918089	0.105013	-1.194073	-0.242800	-0.805724	0.019789	0.591960	-0.026978	-0.999631	-0.003303	0.591676	-0.018631	0.805961
30069	5.542280	-1.109679	9.790980	0.160895	-1.296303	-0.291216	-0.797893	0.022497	0.602379	-0.028400	-0.999597	-0.000285	0.602130	-0.017335	0.798210
30070	5.643301	-1.025672	9.479839	0.265553	-1.360677	-0.338934	-0.789576	0.025661	0.613116	-0.029521	-0.999557	0.003817	0.612942	-0.015086	0.789984
30071	5.846829	-0.875071	9.219970	0.282961	-1.422412	-0.413144	-0.780639	0.029624	0.624280	-0.031062	-0.999481	0.008586	0.624210	-0.012689	0.781153
30072	6.420676	-0.940301	9.044460	0.244362	-1.426224	-0.483780	-0.771552	0.034287	0.635242	-0.033325	-0.999354	0.013464	0.635293	-0.010781	0.772196
30073	6.437987	-1.079133	9.252747	0.205105	-1.343363	-0.535236	-0.762748	0.039531	0.645487	-0.036165	-0.999175	0.018458	0.645684	-0.009265	0.763548
30074	5.119870	-1.984553	9.915772	0.110416	-1.122298	-0.537497	-0.755302	0.044791	0.653844	-0.039572	-0.998958	0.022721	0.654181	-0.008712	0.756288
30075	3.107113	-1.916875	10.793255	0.235088	-0.847838	-0.475403	-0.749520	0.049505	0.660128	-0.041651	-0.998751	0.027608	0.660670	-0.006802	0.750646
30076	2.213485	-2.339383	11.217147	0.080980	-0.676313	-0.259556	-0.744986	0.052048	0.665046	-0.043110	-0.998624	0.029862	0.665686	-0.006424	0.746205
30077	3.068196	-3.336064	11.599370	0.029361	-0.474826	0.132943	-0.741858	0.050720	0.668636	-0.041974	-0.998692	0.029187	0.669242	-0.006413	0.743017
30078	7.003519	-3.101531	13.397772	-0.069275	-0.002821	0.570478	-0.742139	0.045005	0.668733	-0.038253	-0.998961	0.024777	0.669153	-0.007194	0.743090
30079	3.391547	-3.960095	12.450119	0.138260	0.822168	0.860748	-0.747899	0.036488	0.662808	-0.030968	-0.999319	0.020070	0.663089	-0.005516	0.748520
30080	0.218229	-2.976610	11.238875	0.238712	1.190600	0.936271	-0.756069	0.027153	0.653929	-0.022398	-0.999627	0.015612	0.654109	-0.002843	0.756395
30081	0.003021	-1.005830	10.844952	0.221640	1.293042	0.921517	-0.764618	0.017992	0.644233	-0.014000	-0.999838	0.011307	0.644332	-0.000373	0.764746
30082	1.198627	-0.375357	10.745451	-0.047023	1.406176	0.922079	-0.773787	0.008749	0.633386	-0.007245	-0.999961	0.004961	0.633405	-0.000750	0.773820
30083	2.114874	-0.915221	10.583957	-0.193889	1.615821	0.899494	-0.783947	-0.000188	0.620828	-0.001503	-0.999996	-0.002200	0.620826	-0.002658	0.783944
30084	2.450936	-1.359633	10.217578	-0.201685	1.824823	0.834822	-0.795226	-0.008498	0.606254	0.003818	-0.999952	-0.009009	0.606302	-0.004850	0.795220
30085	2.671694	-1.068744	9.731027	-0.179223	1.965587	0.741324	-0.806931	-0.015765	0.590436	0.008637	-0.999852	-0.014893	0.590583	-0.006918	0.806947
30086	3.163860	-0.637625	9.285527	-0.240484	2.027559	0.639797	-0.818762	-0.022022	0.573710	0.012407	-0.999709	-0.020669	0.573999	-0.009805	0.818797
30087	3.693902	-0.658988	8.891378	-0.373226	2.035123	0.550523	-0.830188	-0.027252	0.556817	0.014788	-0.999530	-0.026872	0.557287	-0.014074	0.830201
30088	4.421699	-0.802880	8.587105	-0.501181	1.982860	0.477805	-0.841090	-0.031721	0.539965	0.016002	-0.999301	-0.033778	0.540659	-0.019770	0.841009
30089	5.143537	-0.938194	8.266395	-0.622948	1.927928	0.443819	-0.851275	-0.035677	0.523505	0.016394	-0.999007	-0.041424	0.524464	-0.026681	0.851015
30090	5.887936	-0.819956	7.900008	-0.729167	1.876922	0.420797	-0.860983	-0.039330	0.507111	0.016208	-0.998621	-0.049933	0.508376	-0.034772	0.860433
30091	6.329260	-0.705173	7.321102	-0.862381	1.833749	0.414610	-0.870086	-0.042716	0.491045	0.015434	-0.998110	-0.059477	0.492658	-0.044171	0.869101
30092	6.540199	-0.659947	6.669324	-0.985816	1.732657	0.415383	-0.878505	-0.046026	0.475511	0.014263	-0.997431	-0.070193	0.477520	-0.054882	0.876905
30093	7.146748	-0.707127	6.223823	-1.096863	1.584383	0.440943	-0.885893	-0.049430	0.461249	0.012946	-0.996554	-0.081932	0.463710	-0.066611	0.883480
30094	7.836623	-0.738642	5.827680	-1.140672	1.458107	0.502654	-0.892563	-0.053398	0.447750	0.012183	-0.995457	-0.094429	0.450758	-0.078829	0.889159
30095	8.336709	-0.697938	5.238724	-1.123911	1.339432	0.572428	-0.898443	-0.057927	0.435253	0.012265	-0.994184	-0.106997	0.438919	-0.090792	0.893928
30096	8.355179	-0.034517	4.297150	-1.003403	1.205521	0.629010	-0.903644	-0.063035	0.423619	0.013568	-0.992827	-0.118791	0.428069	-0.101597	0.898017
30097	6.371129	1.888185	4.570619	-0.826672	1.001359	0.635256	-0.907785	-0.068247	0.413846	0.015776	-0.991531	-0.128909	0.419139	-0.110493	0.901173
30098	4.455994	-9.010881	-4.171194	0.245703	-1.175524	0.429054	-0.902768	-0.073796	0.423751	0.020687	-0.991482	-0.128594	0.429631	-0.107325	0.896604
30099	11.709060	5.486560	-0.971543	2.424996	-1.005885	-0.447788	-0.898502	-0.070276	0.433308	0.027132	-0.994105	-0.104970	0.438130	-0.082559	0.895112
30100	19.732071	8.037232	-1.923775	1.395525	-2.221051	-0.057998	-0.888616	-0.071377	0.453064	0.032838	-0.995182	-0.092377	0.457475	-0.067210	0.886679
30101	4.406460	6.248796	10.911198	0.797529	-1.370771	-0.065934	-0.882278	-0.071551	0.465260	0.035905	-0.995730	-0.085044	0.469358	-0.058327	0.881080
30102	12.949527	3.013846	17.585117	0.154096	-2.296761	-0.736030	-0.871546	-0.065530	0.485915	0.030159	-0.996317	-0.080269	0.489385	-0.055304	0.870312
30103	12.197273	4.405999	13.651818	1.261521	-0.714696	-0.772587	-0.868249	-0.058147	0.492709	0.029603	-0.997411	-0.065543	0.495245	-0.042322	0.867722
30104	5.044837	-0.400475	8.626937	-0.206568	-1.037336	-0.367367	-0.863199	-0.054928	0.501867	0.025357	-0.997526	-0.065564	0.504227	-0.043869	0.862456
30105	8.291933	-5.214126	9.472277	0.016794	-1.234455	-0.318154	-0.856975	-0.052261	0.512701	0.022660	-0.997704	-0.063822	0.514859	-0.043076	0.856192
30106	8.595818	1.727424	10.329483	0.726569	-0.709742	-0.311259	-0.853404	-0.049435	0.518900	0.023725	-0.998145	-0.056073	0.520710	-0.035542	0.852994
30107	5.329424	3.079872	9.558613	0.213624	-0.575510	-0.197142	-0.850430	-0.047634	0.523928	0.023117	-0.998314	-0.053241	0.525581	-0.033166	0.850097
30108	5.192197	0.498214	9.046613	0.085953	-0.691777	-0.153217	-0.846839	-0.046327	0.529827	0.022235	-0.998412	-0.051761	0.531384	-0.032053	0.846525
30109	5.827093	-0.419855	8.877559	0.116026	-0.694083	-0.121696	-0.843147	-0.045299	0.535771	0.021780	-0.998504	-0.050148	0.537241	-0.030613	0.842873
30110	11.218778	-0.818170	9.759024	0.072360	-0.687542	-0.122443	-0.839492	-0.044280	0.541565	0.021104	-0.998579	-0.048933	0.542963	-0.029650	0.839233
30111	3.383061	-0.454050	8.001617	0.416901	0.133146	-0.028045	-0.840210	-0.043933	0.540479	0.023083	-0.998707	-0.045296	0.541770	-0.025582	0.840137
30112	7.099666	-0.995334	9.199121	-0.048599	-0.389681	-0.085623	-0.838141	-0.043175	0.543743	0.022063	-0.998730	-0.045293	0.545008	-0.025965	0.838029
30113	5.251451	-0.523971	8.473220	0.353220	-0.127090	-0.064973	-0.837452	-0.042526	0.544854	0.023399	-0.998844	-0.041995	0.546010	-0.022419	0.837479
30114	5.930544	-0.635736	8.801607	0.046413	-0.127782	-0.052043	-0.836794	-0.042031	0.545902	0.023179	-0.998875	-0.041376	0.547027	-0.021969	0.836827
30115	5.483130	-0.537570	8.624075	0.159162	-0.094382	-0.050808	-0.836279	-0.041512	0.546731	0.023579	-0.998930	-0.039781	0.547797	-0.020377	0.836363
30116	5.586747	-0.514702	8.748038	0.115411	-0.087789	-0.051736	-0.835838	-0.041009	0.547442	0.023740	-0.998973	-0.038586	0.548462	-0.019255	0.835954
30117	6.011897	0.187236	8.991719	0.103505	-0.049588	-0.025959	-0.835562	-0.040728	0.547884	0.024045	-0.999004	-0.037593	0.548870	-0.018238	0.835709
30118	5.322751	-0.224932	8.724687	0.074268	-0.030515	-0.007893	-0.835424	-0.040651	0.548100	0.024348	-0.999019	-0.036982	0.549066	-0.017550	0.835595
30119	5.515682	-0.339487	8.710237	0.074654	-0.020352	-0.002034	-0.835303	-0.040603	0.548289	0.024694	-0.999034	-0.036361	0.549236	-0.016833	0.835498
30120	5.574803	-0.164476	8.706298	0.075329	-0.030379	-0.002363	-0.835164	-0.040580	0.548502	0.025050	-0.999046	-0.035770	0.549430	-0.016134	0.835384
30121	5.516909	-0.112513	8.718937	0.074536	-0.033642	0.006057	-0.834967	-0.040615	0.548799	0.025463	-0.999056	-0.035196	0.549710	-0.015413	0.835213
30122	5.380875	-0.134042	8.711354	0.065216	-0.048833	0.007555	-0.834725	-0.040692	0.549162	0.025846	-0.999062	-0.034743	0.550060	-0.014807	0.834994
30123	5.399050	-0.239754	8.701564	0.064068	-0.062270	0.010139	-0.834369	-0.040772	0.549696	0.026237	-0.999068	-0.034278	0.550581	-0.014178	0.834661
30124	5.426134	-0.316710	8.673959	0.061891	-0.074626	0.006279	-0.833984	-0.040839	0.550275	0.026591	-0.999073	-0.033846	0.551147	-0.013594	0.834297
30125	5.488644	-0.592879	8.638769	0.071329	-0.074952	0.004816	-0.833559	-0.040866	0.550917	0.026978	-0.999082	-0.033291	0.551771	-0.012888	0.833896
30126	5.500011	-0.719382	8.622330	0.082600	-0.071874	0.000443	-0.833190	-0.040874	0.551474	0.027399	-0.999091	-0.032655	0.552307	-0.012098	0.833553
30127	5.469993	-0.599438	8.652102	0.101121	-0.061618	-0.000977	-0.832839	-0.040841	0.552006	0.027903	-0.999104	-0.031821	0.552811	-0.011099	0.833233
30128	5.466882	-0.612781	8.643312	0.099226	-0.057604	-0.003662	-0.832550	-0.040805	0.552445	0.028382	-0.999116	-0.031023	0.553223	-0.010149	0.832972
30129	5.566733	-0.479612	8.648576	0.111503	-0.051893	-0.004401	-0.832253	-0.040735	0.552897	0.028916	-0.999129	-0.030085	0.553641	-0.009050	0.832706
30130	5.561478	-0.479574	8.593374	0.089503	-0.042682	-0.003460	-0.832046	-0.040698	0.553212	0.029344	-0.999138	-0.029370	0.553930	-0.008204	0.832523
30131	5.498227	-0.474281	8.693815	0.095426	-0.036561	-0.007248	-0.831835	-0.040598	0.553536	0.029765	-0.999149	-0.028550	0.554224	-0.007272	0.832336
30132	5.570059	-0.388884	8.610762	0.088659	-0.038500	-0.000630	-0.831649	-0.040589	0.553816	0.030212	-0.999155	-0.027858	0.554479	-0.006436	0.832173
30133	5.557883	-0.446044	8.667827	0.070984	-0.024427	-0.000301	-0.831504	-0.040556	0.554037	0.030557	-0.999161	-0.027280	0.554678	-0.005754	0.832045
30134	5.611412	-0.501339	8.623257	0.068150	-0.017446	0.000747	-0.831434	-0.040559	0.554141	0.030902	-0.999164	-0.026767	0.554764	-0.005131	0.831992
30135	5.618757	-0.453526	8.558531	0.072170	-0.000450	0.000686	-0.831421	-0.040535	0.554163	0.031261	-0.999168	-0.026184	0.554763	-0.004446	0.831997
30136	5.600074	-0.303972	8.650273	0.068298	0.016913	-0.000157	-0.831542	-0.040527	0.553982	0.031599	-0.999171	-0.025665	0.554562	-0.003836	0.832133
30137	5.588081	-0.395595	8.625106	0.048481	0.024247	0.003742	-0.831665	-0.040533	0.553797	0.031852	-0.999172	-0.025296	0.554364	-0.003398	0.832268
30138	5.542993	-0.220051	8.649822	0.061056	0.032079	0.003244	-0.831869	-0.040558	0.553489	0.032178	-0.999173	-0.024855	0.554039	-0.002866	0.832486
30139	5.483601	-0.384536	8.657085	0.028238	0.025069	-0.000959	-0.831997	-0.040517	0.553298	0.032279	-0.999175	-0.024629	0.553840	-0.002631	0.832619
30140	5.499194	-0.349922	8.717440	0.045958	0.022782	0.001434	-0.832150	-0.040525	0.553068	0.032506	-0.999176	-0.024303	0.553597	-0.002246	0.832782
30141	5.495477	-0.420630	8.698314	0.038987	0.018942	-0.002148	-0.832245	-0.040472	0.552928	0.032657	-0.999179	-0.023981	0.553445	-0.001901	0.832884
30142	5.463041	-0.337215	8.645989	0.048150	0.015250	-0.002954	-0.832357	-0.040436	0.552762	0.032859	-0.999181	-0.023613	0.553264	-0.001491	0.833004
30143	5.472077	-0.236084	8.673126	0.048728	0.011386	-0.007904	-0.832413	-0.040326	0.552687	0.033016	-0.999186	-0.023177	0.553172	-0.001045	0.833067
30144	5.481747	-0.404149	8.600967	0.044022	0.005651	-0.008500	-0.832473	-0.040235	0.552602	0.033149	-0.999190	-0.022813	0.553072	-0.000673	0.833133
30145	5.504315	-0.407520	8.598764	0.047134	0.004478	-0.012074	-0.832492	-0.040083	0.552585	0.033263	-0.999196	-0.022367	0.553038	-0.000240	0.833156
30146	5.488297	-0.459459	8.634730	0.056158	0.009415	-0.019464	-0.832577	-0.039882	0.552471	0.033371	-0.999204	-0.021841	0.552903	0.000252	0.833246
30147	5.487031	-0.446325	8.611999	0.070585	0.010052	-0.026498	-0.832631	-0.039587	0.552411	0.033494	-0.999216	-0.021121	0.552814	0.000917	0.833304
30148	5.494852	-0.422403	8.642425	0.077382	0.015638	-0.035933	-0.832756	-0.039222	0.552249	0.033583	-0.999229	-0.020326	0.552620	0.001619	0.833432
30149	5.336572	-0.566048	8.631005	0.082312	0.009726	-0.047913	-0.832816	-0.038712	0.552195	0.033592	-0.999248	-0.019390	0.552530	0.002401	0.833490
30150	5.346170	-0.545286	8.684488	0.108455	-0.009329	-0.063425	-0.832812	-0.038072	0.552245	0.033623	-0.999269	-0.018185	0.552534	0.003423	0.833483
30151	5.411292	-0.421415	8.687047	0.130516	-0.018080	-0.076337	-0.832727	-0.037277	0.552427	0.033662	-0.999294	-0.016690	0.552659	0.004697	0.833394
30152	5.285526	-0.612114	8.634273	0.142800	-0.026169	-0.089922	-0.832640	-0.036371	0.552620	0.033662	-0.999320	-0.015053	0.552791	0.006068	0.833298
30153	5.375612	-0.578300	8.660199	0.168099	-0.056064	-0.114463	-0.832358	-0.035192	0.553120	0.033592	-0.999351	-0.013034	0.553220	0.007731	0.832999
30154	5.415400	-0.305269	8.672868	0.194747	-0.051871	-0.122523	-0.832138	-0.033958	0.553527	0.033609	-0.999377	-0.010785	0.553549	0.009629	0.832761
30155	5.448724	-0.585236	8.666038	0.168027	-0.076562	-0.135718	-0.831750	-0.032562	0.554195	0.033364	-0.999406	-0.008648	0.554148	0.011297	0.832342
30156	5.460083	-0.329191	8.696865	0.244003	-0.090704	-0.152201	-0.831324	-0.031024	0.554922	0.033410	-0.999425	-0.005824	0.554783	0.013698	0.831882
30157	5.389727	-0.027861	8.788942	0.250918	-0.113577	-0.155202	-0.830735	-0.029425	0.555890	0.033467	-0.999436	-0.002890	0.555661	0.016203	0.831251
30158	5.379637	-0.176277	8.889030	0.228271	-0.134535	-0.160198	-0.830067	-0.027795	0.556971	0.033364	-0.999443	-0.000153	0.556665	0.018456	0.830532
30159	5.040469	-0.469712	8.987271	0.264844	-0.182687	-0.168369	-0.829095	-0.026045	0.558501	0.033397	-0.999438	0.002971	0.558110	0.021115	0.829498
30160	5.286992	-0.719050	9.276885	0.290619	-0.257183	-0.199056	-0.827750	-0.023992	0.560583	0.033331	-0.999424	0.006442	0.560106	0.024017	0.828073
30161	4.574112	-1.375975	9.297428	0.374683	-0.326942	-0.240032	-0.825985	-0.021477	0.563283	0.033403	-0.999383	0.010877	0.562702	0.027799	0.826192
30162	4.493557	-1.261819	10.259777	0.466081	-0.459747	-0.336882	-0.823530	-0.017968	0.566988	0.033213	-0.999311	0.016572	0.566299	0.032479	0.823559
30163	3.855546	0.102273	11.003124	0.600856	-0.726311	-0.376380	-0.819511	-0.013917	0.572894	0.033494	-0.999159	0.023640	0.572084	0.038562	0.819288
30164	4.460287	0.337468	11.378041	0.499176	-0.889092	-0.460233	-0.814578	-0.008952	0.579986	0.032564	-0.999010	0.030316	0.579140	0.043581	0.814062
30165	4.245758	-0.120345	11.456976	0.568234	-1.221704	-0.585512	-0.807618	-0.002504	0.589701	0.031086	-0.998781	0.038333	0.588886	0.049290	0.806712
30166	4.304527	0.782657	12.281304	0.562851	-1.650371	-0.650903	-0.798025	0.004857	0.602605	0.029167	-0.998484	0.046673	0.601919	0.054823	0.796673
30167	3.226232	0.917594	11.739194	0.461973	-2.134325	-0.669732	-0.785173	0.012792	0.619144	0.026637	-0.998164	0.054404	0.618703	0.059209	0.783391
30168	3.710241	1.282279	11.335740	0.316858	-2.707062	-0.727289	-0.768366	0.021689	0.639643	0.022936	-0.997850	0.061387	0.639600	0.061838	0.766217
30169	3.802393	0.473338	11.002189	0.402282	-3.111934	-0.828898	-0.748256	0.031965	0.662639	0.019222	-0.997375	0.069818	0.663131	0.064979	0.745677
30170	5.417597	-0.683331	10.932375	0.384318	-3.481814	-0.984941	-0.724940	0.044089	0.687399	0.014517	-0.996750	0.079240	0.688659	0.067424	0.721944
30171	7.182867	-2.513283	11.235350	0.740064	-3.711109	-1.134854	-0.699025	0.058032	0.712738	0.011582	-0.995652	0.092426	0.715003	0.072863	0.695314
30172	9.477245	-3.007891	11.003030	1.099894	-3.925293	-1.270222	-0.670636	0.073685	0.738118	0.010844	-0.993974	0.109079	0.741707	0.081157	0.665796
30173	12.976531	-5.517818	11.828817	0.882216	-3.888959	-1.455011	-0.641413	0.091432	0.761728	0.007905	-0.992033	0.125733	0.767155	0.086668	0.635580
30174	9.868303	-3.797395	10.225162	1.920204	-3.302933	-1.601524	-0.615965	0.110396	0.780000	0.012710	-0.988611	0.149958	0.787671	0.102282	0.607546
30175	9.519109	-0.723550	8.929801	1.454108	-3.464927	-1.654350	-0.588518	0.130477	0.797886	0.014302	-0.985057	0.171634	0.808358	0.112421	0.577858
30176	8.765570	-2.024980	7.999889	1.146386	-3.262973	-1.688762	-0.562146	0.150831	0.813168	0.013899	-0.981367	0.191638	0.826921	0.119030	0.549575
30177	7.354320	-1.254582	6.217339	1.206833	-3.012088	-1.738949	-0.537218	0.171584	0.825806	0.014370	-0.977085	0.212365	0.843321	0.125953	0.522442
30178	5.762591	-0.812833	4.651047	1.128436	-2.777158	-1.697789	-0.513921	0.191680	0.836148	0.014979	-0.972563	0.232159	0.857707	0.131836	0.496949
30179	4.668510	-1.944553	5.236153	1.099297	-2.641411	-1.424492	-0.491303	0.209091	0.845519	0.017272	-0.968228	0.249472	0.870817	0.137170	0.472082
30180	14.433608	-6.231096	7.230372	1.396298	-2.548576	0.073143	-0.469020	0.211940	0.857381	0.029797	-0.966430	0.255196	0.882685	0.145239	0.446960
30181	14.226649	-5.293989	10.320039	1.488551	-0.748293	1.584944	-0.461753	0.197782	0.864677	0.050287	-0.967419	0.248137	0.885582	0.158060	0.436762
30182	4.196475	-6.065894	7.309347	1.801282	-0.100268	2.286808	-0.459497	0.175749	0.870618	0.076698	-0.968714	0.236031	0.884862	0.175230	0.431641
30183	-0.225971	-3.107641	6.238573	2.041193	-0.048263	2.369217	-0.456896	0.152918	0.876278	0.105554	-0.968832	0.224105	0.883235	0.194887	0.426514
30184	1.329243	0.852091	7.703911	1.689478	-0.217037	2.156457	-0.452533	0.132395	0.881865	0.130205	-0.968509	0.212219	0.882191	0.210860	0.421043
30185	2.750033	2.904354	9.292360	1.090977	-0.016817	1.849013	-0.449797	0.114558	0.885753	0.148118	-0.968439	0.200469	0.880763	0.221366	0.418633
30186	3.132683	2.797256	10.206065	0.358582	0.383601	1.465445	-0.451040	0.099431	0.886948	0.157806	-0.969233	0.188904	0.878442	0.225169	0.421472
30187	2.469986	1.908491	10.219071	-0.074635	0.832233	0.995118	-0.456733	0.087941	0.885246	0.161622	-0.970339	0.179781	0.874799	0.225187	0.428973
30188	1.528759	1.679640	10.127362	-0.366943	1.189452	0.533316	-0.466374	0.080026	0.880960	0.160817	-0.971633	0.173398	0.869847	0.222542	0.440275
30189	1.555401	2.000479	10.249018	-0.684947	1.438750	0.165905	-0.478573	0.075286	0.874814	0.155615	-0.973273	0.168889	0.864148	0.216960	0.454067
30190	2.355467	1.664780	10.411508	-1.045644	1.673741	-0.058370	-0.493208	0.072225	0.866908	0.146265	-0.975475	0.164484	0.857527	0.207923	0.470548
30191	3.140164	0.807632	10.459945	-1.317574	1.939510	-0.165522	-0.509983	0.069955	0.857335	0.134140	-0.978026	0.159596	0.849661	0.196394	0.489393
30192	3.535998	0.090491	10.398336	-1.449862	2.190425	-0.169759	-0.528855	0.067382	0.846033	0.120944	-0.980687	0.153708	0.840051	0.183612	0.510491
30193	4.005002	-0.254487	10.307782	-1.511962	2.391568	-0.087498	-0.548900	0.064043	0.833431	0.107806	-0.983309	0.146561	0.828907	0.170297	0.532834
30194	4.221130	-0.503353	10.147697	-1.506871	2.553029	0.089644	-0.569962	0.058907	0.819557	0.095851	-0.985850	0.137519	0.816061	0.156936	0.556251
30195	4.426819	-0.722318	10.091465	-1.457067	2.652443	0.322657	-0.591116	0.051764	0.804924	0.085887	-0.988225	0.126625	0.802001	0.143982	0.579710
30196	4.770576	-0.734838	10.154952	-1.365130	2.725972	0.592395	-0.612440	0.042069	0.789397	0.078549	-0.990403	0.113722	0.786605	0.131654	0.603257
30197	5.225056	-0.616469	10.226619	-1.242880	2.803654	0.872668	-0.633584	0.029918	0.773096	0.074263	-0.992286	0.099262	0.770102	0.120303	0.626474
30198	5.652918	-0.246642	10.414466	-1.120139	2.888691	1.117871	-0.654906	0.015416	0.755553	0.072886	-0.993842	0.083455	0.752187	0.109724	0.649750
30199	6.101363	0.228696	10.611833	-1.022015	2.993609	1.308993	-0.676165	-0.000705	0.736750	0.073960	-0.995013	0.066926	0.733028	0.099743	0.672845
30200	6.521834	0.657782	10.659988	-0.951306	3.129438	1.419491	-0.697863	-0.017879	0.716008	0.076794	-0.995793	0.049983	0.712102	0.089866	0.696301
30201	6.748891	0.964176	10.786207	-0.895517	3.270698	1.442577	-0.719641	-0.034995	0.693464	0.080694	-0.996177	0.033469	0.689641	0.080044	0.719714
30202	6.895903	1.330685	10.880113	-0.857520	3.396294	1.410975	-0.741631	-0.051669	0.668815	0.085158	-0.996214	0.017467	0.665381	0.069909	0.743223
30203	7.087860	1.628821	10.965631	-0.864609	3.493487	1.318742	-0.763271	-0.067030	0.642592	0.089391	-0.995994	0.002284	0.639864	0.059185	0.766206
30204	7.278729	1.650920	10.954883	-0.896517	3.572210	1.200562	-0.784691	-0.080955	0.614578	0.093040	-0.995586	-0.012350	0.612865	0.047490	0.788759
30205	7.622996	1.527185	10.959838	-0.930520	3.641866	1.078936	-0.805473	-0.093166	0.585263	0.095999	-0.995035	-0.026276	0.584805	0.035020	0.810418
30206	8.062971	1.400038	10.930746	-0.976478	3.707488	0.977930	-0.825785	-0.103997	0.554314	0.098389	-0.994345	-0.039978	0.555337	0.021525	0.831347
30207	8.078170	1.366476	10.774705	-1.014285	3.762607	0.905611	-0.845202	-0.113511	0.522254	0.100431	-0.993510	-0.053402	0.524926	0.007315	0.851117
30208	7.956908	1.540557	10.558920	-1.067315	3.749661	0.825788	-0.863576	-0.121747	0.489300	0.102038	-0.992530	-0.066872	0.493787	-0.007822	0.869548
30209	8.131156	2.071708	10.371108	-1.138936	3.694599	0.733095	-0.880490	-0.128406	0.456343	0.102938	-0.991437	-0.080357	0.462753	-0.023778	0.886168
30210	8.537119	3.398071	10.115171	-1.216898	3.598732	0.593788	-0.896070	-0.133166	0.423468	0.102764	-0.990259	-0.093950	0.431854	-0.040669	0.901026
30211	8.652398	4.950804	9.373621	-1.357110	3.451997	0.387994	-0.910065	-0.135260	0.391772	0.100565	-0.989066	-0.107869	0.402079	-0.058769	0.913717
30212	9.450624	5.044771	9.380363	-1.668350	3.194149	0.084623	-0.922458	-0.133910	0.362133	0.094865	-0.987785	-0.123615	0.374263	-0.079676	0.923893
30213	11.364345	3.967325	8.734631	-1.709621	2.983273	-0.196167	-0.933408	-0.129256	0.334727	0.086826	-0.986504	-0.138822	0.348153	-0.100514	0.932034
30214	12.124550	3.081014	6.812601	-1.573965	2.817980	-0.366210	-0.943224	-0.122558	0.308720	0.078115	-0.985218	-0.152457	0.322841	-0.119685	0.938855
30215	10.180035	2.173275	5.173696	-1.380525	2.528165	-0.418953	-0.951403	-0.115168	0.285603	0.069806	-0.983948	-0.164237	0.299933	-0.136318	0.944170
30216	9.793809	-1.049253	-0.924777	-0.529044	1.064546	-0.459200	-0.954895	-0.109173	0.276145	0.063875	-0.983710	-0.168031	0.289991	-0.142813	0.946314
30217	11.672001	3.550154	0.099432	-0.310805	0.697900	-0.254151	-0.957051	-0.105636	0.269991	0.060513	-0.983531	-0.170307	0.283535	-0.146655	0.947682
30218	16.541224	2.251335	-1.236647	-0.311384	-0.124037	0.239331	-0.956589	-0.108176	0.270620	0.061920	-0.982800	-0.173984	0.284786	-0.149675	0.946834
30219	13.865503	1.738478	-2.983360	0.195282	-0.747121	0.577057	-0.954057	-0.114927	0.276709	0.067955	-0.982444	-0.173743	0.291818	-0.146957	0.945117
30220	13.757885	2.491060	-3.868197	0.648274	-1.459364	0.664805	-0.949251	-0.123544	0.289238	0.076208	-0.982565	-0.169580	0.305146	-0.138932	0.942117
30221	14.397835	5.083930	-3.940164	0.837491	-2.198008	0.532497	-0.941893	-0.131683	0.309028	0.083842	-0.983002	-0.163330	0.325283	-0.127930	0.936923
30222	14.410385	6.068789	-3.802251	0.586458	-2.831951	0.153771	-0.932205	-0.136677	0.335132	0.087248	-0.983510	-0.158416	0.351257	-0.118437	0.928758
30223	1.072113	1.433512	9.029163	-0.022133	-2.602063	-0.200930	-0.922919	-0.137711	0.359523	0.085261	-0.983760	-0.157947	0.375436	-0.115118	0.919672
30224	8.417824	-7.039724	12.708226	0.686029	-2.796463	-1.157963	-0.913032	-0.129370	0.386828	0.077268	-0.986055	-0.147397	0.400502	-0.104689	0.910296
30225	6.663794	-3.527517	12.323645	2.227467	-2.022867	-1.999515	-0.906208	-0.111449	0.407881	0.068144	-0.990523	-0.119251	0.417306	-0.080271	0.905214
30226	6.117214	3.573892	11.992527	1.503534	-2.388273	-1.271878	-0.896853	-0.100536	0.430752	0.063075	-0.992943	-0.100424	0.437808	-0.062896	0.896866
30227	7.985594	-5.903823	9.857209	-0.003204	-3.110266	-0.721218	-0.883228	-0.095252	0.459168	0.056596	-0.993648	-0.097263	0.465516	-0.059918	0.883009
30228	17.202118	-0.124284	12.926473	1.530805	-2.723211	-1.111239	-0.870876	-0.085585	0.483995	0.054118	-0.995433	-0.078645	0.488515	-0.042297	0.871530
