// General information: 
//  MT Manager version: 2022.2.0 
//  XDA version: 2022.2.0 build 7381 rev 124627 built on 2023-07-19
// Device information: 
//  DeviceId: 00B4CBA7
//  ProductCode: MTW2-3A7G6
//  Firmware Version: 4.6.0
//  Hardware Version: 2.0.0
// Device settings: 
//  Filter Profile: human(46.1)
//  Option Flags: Orientation Smoother Disabled, Position/Velocity Smoother Disabled, Continuous Zero Rotation Update Disabled, AHS Disabled, ICC Disabled
// Coordinate system: ENU
PacketCounter	Acc_X	Acc_Y	Acc_Z	Gyr_X	Gyr_Y	Gyr_Z	Mat[1][1]	Mat[2][1]	Mat[3][1]	Mat[1][2]	Mat[2][2]	Mat[3][2]	Mat[1][3]	Mat[2][3]	Mat[3][3]
06869	9.681450	0.185665	-1.417387	-0.002243	0.006938	0.015161	-0.113517	-0.078335	0.990443	-0.456985	0.889293	0.017959	-0.882201	-0.450579	-0.136748
06870	9.635650	0.205651	-1.384889	-0.005458	0.007441	0.014165	-0.113500	-0.078199	0.990456	-0.456853	0.889363	0.017865	-0.882272	-0.450465	-0.136668
06871	9.686672	0.199733	-1.326416	-0.007829	0.004935	0.015612	-0.113505	-0.078068	0.990466	-0.456769	0.889408	0.017758	-0.882315	-0.450398	-0.136611
06872	9.678672	0.156968	-1.291010	-0.008315	0.007909	0.016891	-0.113506	-0.077898	0.990479	-0.456575	0.889510	0.017635	-0.882414	-0.450227	-0.136531
06873	9.692425	0.172819	-1.300955	-0.005218	0.005956	0.013525	-0.113492	-0.077780	0.990490	-0.456517	0.889542	0.017544	-0.882446	-0.450184	-0.136464
06874	9.666790	0.194155	-1.296708	-0.010204	0.002431	0.017059	-0.113512	-0.077640	0.990498	-0.456324	0.889643	0.017440	-0.882544	-0.450009	-0.136414
06875	9.666331	0.143635	-1.320510	-0.010205	0.002431	0.017059	-0.113545	-0.077507	0.990505	-0.456218	0.889700	0.017321	-0.882595	-0.449919	-0.136381
06876	9.692095	0.119613	-1.324075	-0.012171	0.002722	0.012838	-0.113558	-0.077427	0.990510	-0.456173	0.889724	0.017250	-0.882616	-0.449885	-0.136355
06877	9.693204	0.126572	-1.365317	-0.002025	0.001843	0.014536	-0.113585	-0.077319	0.990515	-0.456141	0.889742	0.017146	-0.882629	-0.449867	-0.136330
06878	9.662060	0.171901	-1.385389	0.000947	0.002825	0.016173	-0.113597	-0.077209	0.990522	-0.456198	0.889715	0.017033	-0.882598	-0.449940	-0.136292
06879	9.628244	0.151763	-1.346627	-0.000923	0.000956	0.016327	-0.113640	-0.077089	0.990527	-0.456175	0.889730	0.016909	-0.882604	-0.449932	-0.136275
06880	9.667619	0.144770	-1.361110	0.001671	-0.001635	0.014253	-0.113711	-0.077004	0.990525	-0.456186	0.889726	0.016798	-0.882590	-0.449953	-0.136300
06881	9.654535	0.175199	-1.326468	0.004044	0.000870	0.012807	-0.113739	-0.076916	0.990529	-0.456210	0.889715	0.016702	-0.882573	-0.449989	-0.136285
06882	9.680265	0.150841	-1.330214	-0.000567	0.000921	0.020050	-0.113834	-0.076749	0.990531	-0.456094	0.889778	0.016527	-0.882621	-0.449894	-0.136292
06883	9.686351	0.174053	-1.281981	0.005146	-0.000017	0.014598	-0.113878	-0.076649	0.990534	-0.456126	0.889764	0.016412	-0.882599	-0.449939	-0.136286
06884	9.661175	0.154514	-1.343719	-0.004402	-0.000656	0.015983	-0.113916	-0.076534	0.990538	-0.455997	0.889832	0.016311	-0.882661	-0.449824	-0.136265
06885	9.688553	0.187485	-1.364911	-0.004140	0.001466	0.015330	-0.113950	-0.076421	0.990543	-0.455946	0.889860	0.016202	-0.882683	-0.449787	-0.136243
06886	9.654107	0.118540	-1.350253	-0.007859	0.001339	0.015625	-0.114010	-0.076313	0.990544	-0.455895	0.889888	0.016085	-0.882701	-0.449750	-0.136247
06887	9.674339	0.118527	-1.378197	-0.001547	-0.001126	0.013256	-0.114058	-0.076229	0.990545	-0.455869	0.889903	0.015993	-0.882708	-0.449735	-0.136251
06888	9.673262	0.109061	-1.336829	0.002171	-0.000998	0.012961	-0.114098	-0.076157	0.990546	-0.455899	0.889890	0.015905	-0.882688	-0.449774	-0.136254
06889	9.680433	0.140772	-1.330092	-0.002535	0.001215	0.015828	-0.114136	-0.076040	0.990551	-0.455861	0.889911	0.015788	-0.882702	-0.449752	-0.136235
06890	9.718728	0.125707	-1.303016	0.001068	-0.000109	0.011170	-0.114146	-0.076006	0.990552	-0.456030	0.889826	0.015727	-0.882614	-0.449926	-0.136231
06891	9.641132	0.143835	-1.315573	0.001928	0.000490	0.013601	-0.114180	-0.075912	0.990555	-0.456034	0.889825	0.015626	-0.882607	-0.449943	-0.136219
06892	9.675055	0.161113	-1.354154	-0.004763	-0.000615	0.012259	-0.114225	-0.075832	0.990557	-0.455940	0.889874	0.015549	-0.882650	-0.449859	-0.136221
06893	9.662008	0.191720	-1.319634	-0.003421	-0.002991	0.013410	-0.114289	-0.075756	0.990555	-0.455898	0.889898	0.015457	-0.882664	-0.449825	-0.136243
06894	9.680479	0.134553	-1.330407	-0.003662	-0.001503	0.014050	-0.114365	-0.075663	0.990553	-0.455812	0.889944	0.015352	-0.882698	-0.449750	-0.136266
06895	9.694179	0.150487	-1.341130	0.000561	-0.000743	0.012462	-0.114405	-0.075585	0.990555	-0.455806	0.889948	0.015264	-0.882696	-0.449754	-0.136267
06896	9.654841	0.154861	-1.326771	-0.005270	-0.001248	0.013552	-0.114500	-0.075503	0.990550	-0.455775	0.889966	0.015152	-0.882700	-0.449732	-0.136314
06897	9.660238	0.129519	-1.303020	-0.003449	-0.006599	0.013423	-0.114597	-0.075443	0.990543	-0.455732	0.889990	0.015061	-0.882710	-0.449696	-0.136372
06898	9.679313	0.121381	-1.290040	0.000535	-0.004352	0.012475	-0.114682	-0.075373	0.990539	-0.455660	0.890028	0.014970	-0.882736	-0.449632	-0.136415
06899	9.692975	0.137269	-1.301098	0.011185	-0.004612	0.012880	-0.114758	-0.075309	0.990535	-0.455747	0.889985	0.014864	-0.882681	-0.449727	-0.136455
06900	9.667284	0.158607	-1.297858	0.006694	-0.007491	0.015121	-0.114875	-0.075242	0.990526	-0.455796	0.889962	0.014743	-0.882640	-0.449784	-0.136530
06901	9.666488	0.108331	-1.322724	-0.002465	-0.008936	0.010851	-0.114980	-0.075216	0.990516	-0.455764	0.889979	0.014676	-0.882643	-0.449755	-0.136611
06902	9.699611	0.076892	-1.386006	0.002290	-0.003935	0.007957	-0.115067	-0.075170	0.990510	-0.455644	0.890042	0.014613	-0.882693	-0.449639	-0.136665
06903	9.706767	0.109206	-1.379739	0.002530	-0.005422	0.007317	-0.115125	-0.075159	0.990504	-0.455661	0.890034	0.014574	-0.882677	-0.449656	-0.136712
06904	9.701312	0.132700	-1.404166	-0.003869	-0.000793	0.005312	-0.115163	-0.075149	0.990500	-0.455653	0.890039	0.014549	-0.882676	-0.449649	-0.136742
06905	9.721501	0.133373	-1.432285	-0.006993	-0.002439	0.008692	-0.115202	-0.075112	0.990498	-0.455584	0.890074	0.014509	-0.882707	-0.449584	-0.136758
06906	9.695892	0.155778	-1.428411	-0.004198	0.002852	0.001576	-0.115157	-0.075116	0.990503	-0.455526	0.890104	0.014542	-0.882743	-0.449525	-0.136719
06907	9.701342	0.131489	-1.404074	-0.012647	0.001338	0.004754	-0.115144	-0.075097	0.990506	-0.455412	0.890162	0.014549	-0.882803	-0.449413	-0.136697
06908	9.685831	0.056986	-1.375998	-0.003719	-0.000123	0.000296	-0.115111	-0.075148	0.990506	-0.455489	0.890122	0.014598	-0.882768	-0.449484	-0.136692
06909	9.664547	0.047410	-1.306603	0.004819	-0.000766	0.001494	-0.115102	-0.075168	0.990506	-0.455532	0.890099	0.014613	-0.882747	-0.449525	-0.136694
06910	9.680096	0.121478	-1.334445	0.017369	0.004444	0.001731	-0.115042	-0.075166	0.990513	-0.455684	0.890022	0.014615	-0.882676	-0.449679	-0.136642
06911	9.680877	0.170043	-1.310070	0.017102	0.002324	0.002384	-0.115010	-0.075164	0.990517	-0.455835	0.889944	0.014605	-0.882602	-0.449832	-0.136615
06912	9.642666	0.183357	-1.336847	0.008919	0.002931	0.004909	-0.114967	-0.075156	0.990522	-0.455995	0.889863	0.014593	-0.882526	-0.449995	-0.136575
06913	9.660732	0.167856	-1.281777	0.004819	-0.000766	0.001495	-0.114958	-0.075176	0.990522	-0.456039	0.889840	0.014608	-0.882504	-0.450037	-0.136577
06914	9.667177	0.151707	-1.299477	0.004525	-0.006496	0.002161	-0.114984	-0.075222	0.990515	-0.456083	0.889817	0.014630	-0.882478	-0.450074	-0.136622
06915	9.661724	0.175344	-1.323984	0.006779	-0.001055	0.005716	-0.114997	-0.075206	0.990515	-0.456139	0.889789	0.014601	-0.882447	-0.450133	-0.136627
06916	9.668921	0.207958	-1.317578	0.000567	-0.005131	0.003097	-0.115003	-0.075212	0.990514	-0.455990	0.889865	0.014627	-0.882524	-0.449982	-0.136633
06917	9.673522	0.134588	-1.318003	-0.010588	-0.005500	0.003986	-0.115047	-0.075231	0.990507	-0.455895	0.889913	0.014639	-0.882567	-0.449883	-0.136679
06918	9.699064	0.111462	-1.322373	-0.005264	-0.005632	0.004188	-0.115108	-0.075250	0.990499	-0.455840	0.889941	0.014636	-0.882587	-0.449824	-0.136741
06919	9.687411	0.110155	-1.395301	-0.000952	-0.007031	0.006975	-0.115179	-0.075249	0.990490	-0.455827	0.889949	0.014605	-0.882585	-0.449810	-0.136804
06920	9.685172	0.093338	-1.313105	-0.001068	-0.008484	0.002612	-0.115265	-0.075292	0.990477	-0.455800	0.889962	0.014608	-0.882587	-0.449776	-0.136899
06921	9.698027	0.061427	-1.348542	-0.001662	-0.006962	-0.000472	-0.115301	-0.075357	0.990468	-0.455789	0.889967	0.014652	-0.882588	-0.449755	-0.136961
06922	9.700063	0.077668	-1.432134	0.011960	-0.006250	0.001565	-0.115363	-0.075402	0.990457	-0.455897	0.889912	0.014647	-0.882524	-0.449857	-0.137038
06923	9.712659	0.086569	-1.401698	0.015856	-0.001851	-0.003761	-0.115339	-0.075473	0.990455	-0.456044	0.889836	0.014699	-0.882451	-0.449996	-0.137052
06924	9.674375	0.100498	-1.428830	0.013505	-0.000741	-0.002326	-0.115354	-0.075517	0.990450	-0.456117	0.889798	0.014720	-0.882412	-0.450063	-0.137086
06925	9.675128	0.149586	-1.404845	0.017728	0.000016	-0.003917	-0.115313	-0.075581	0.990450	-0.456281	0.889713	0.014771	-0.882332	-0.450220	-0.137082
06926	9.643037	0.188501	-1.383682	0.019839	0.000394	-0.004712	-0.115272	-0.075643	0.990450	-0.456405	0.889649	0.014827	-0.882274	-0.450337	-0.137075
06927	9.675905	0.198741	-1.380674	0.014393	0.003469	0.000089	-0.115219	-0.075657	0.990455	-0.456534	0.889582	0.014843	-0.882214	-0.450467	-0.137036
06928	9.642798	0.229040	-1.317788	0.013381	0.002203	0.002675	-0.115198	-0.075665	0.990457	-0.456713	0.889490	0.014832	-0.882124	-0.450646	-0.137025
06929	9.668432	0.205786	-1.321500	0.017336	0.000839	0.001739	-0.115176	-0.075676	0.990458	-0.456867	0.889411	0.014828	-0.882047	-0.450800	-0.137013
06930	9.623748	0.234993	-1.330868	0.014269	0.006413	0.005090	-0.115146	-0.075623	0.990466	-0.456938	0.889376	0.014784	-0.882014	-0.450879	-0.136963
06931	9.648335	0.203228	-1.293022	0.013200	-0.002069	0.007708	-0.115177	-0.075593	0.990465	-0.457048	0.889320	0.014726	-0.881953	-0.450994	-0.136979
06932	9.668551	0.203232	-1.321029	0.010727	0.001986	0.014142	-0.115202	-0.075509	0.990468	-0.457232	0.889228	0.014610	-0.881855	-0.451190	-0.136966
06933	9.687713	0.194930	-1.307485	0.002164	-0.000982	0.012961	-0.115248	-0.075428	0.990469	-0.457239	0.889225	0.014515	-0.881845	-0.451208	-0.136970
06934	9.713321	0.170733	-1.311427	0.001658	-0.001614	0.014254	-0.115345	-0.075328	0.990465	-0.457181	0.889257	0.014390	-0.881862	-0.451162	-0.137010
06935	9.654101	0.132917	-1.334515	-0.000187	0.000130	0.014395	-0.115387	-0.075229	0.990468	-0.457166	0.889267	0.014284	-0.881865	-0.451160	-0.137002
06936	9.634968	0.138602	-1.348199	-0.002682	-0.003824	0.011483	-0.115449	-0.075170	0.990465	-0.457083	0.889310	0.014215	-0.881900	-0.451084	-0.137029
06937	9.692309	0.116562	-1.308060	-0.000723	-0.004110	0.015704	-0.115534	-0.075078	0.990462	-0.457061	0.889323	0.014097	-0.881900	-0.451073	-0.137063
06938	9.697662	0.090874	-1.284326	0.007810	-0.004753	0.016901	-0.115674	-0.074962	0.990455	-0.457018	0.889348	0.013935	-0.881904	-0.451044	-0.137133
06939	9.691986	0.154000	-1.243472	0.008669	-0.004151	0.019331	-0.115776	-0.074838	0.990452	-0.457075	0.889321	0.013768	-0.881861	-0.451117	-0.137169
06940	9.654501	0.214797	-1.247316	0.017139	-0.012012	0.020559	-0.115937	-0.074743	0.990440	-0.457196	0.889262	0.013590	-0.881777	-0.451249	-0.137271
06941	9.677299	0.319611	-1.270423	0.010350	-0.019528	0.028634	-0.116217	-0.074606	0.990418	-0.457257	0.889235	0.013329	-0.881709	-0.451326	-0.137459
06942	9.716425	0.311079	-1.286968	-0.009367	-0.022849	0.028350	-0.116523	-0.074495	0.990390	-0.457163	0.889286	0.013103	-0.881717	-0.451243	-0.137679
06943	9.718978	0.137445	-1.336583	-0.032469	-0.016950	0.027678	-0.116776	-0.074355	0.990371	-0.456847	0.889451	0.012910	-0.881847	-0.450941	-0.137836
06944	9.748060	-0.050716	-1.431245	-0.018703	-0.015583	0.024692	-0.116976	-0.074246	0.990356	-0.456677	0.889541	0.012748	-0.881909	-0.450781	-0.137961
06945	9.697632	0.041460	-1.401281	0.035853	-0.019334	0.027826	-0.117250	-0.074115	0.990333	-0.456963	0.889398	0.012459	-0.881724	-0.451085	-0.138150
06946	9.778326	-0.061874	-1.349002	0.004458	-0.018669	0.015968	-0.117482	-0.074101	0.990306	-0.457060	0.889351	0.012325	-0.881643	-0.451181	-0.138352
06947	9.708399	-0.197844	-1.321075	0.027451	-0.013061	0.007843	-0.117611	-0.074120	0.990290	-0.457295	0.889231	0.012246	-0.881504	-0.451415	-0.138478
06948	9.690496	-0.330102	-1.276683	0.038950	-0.017141	0.001304	-0.117735	-0.074220	0.990268	-0.457646	0.889051	0.012224	-0.881305	-0.451752	-0.138639
06949	9.784446	-0.185932	-1.204654	0.074886	-0.016527	-0.007851	-0.117822	-0.074395	0.990244	-0.458318	0.888704	0.012234	-0.880944	-0.452405	-0.138805
06950	9.776404	-0.031484	-1.248210	0.073924	-0.014973	-0.014659	-0.117903	-0.074607	0.990218	-0.458922	0.888392	0.012292	-0.880619	-0.452984	-0.138983
06951	9.708805	0.169312	-1.184362	0.054912	-0.022749	-0.016836	-0.118003	-0.074889	0.990185	-0.459428	0.888128	0.012419	-0.880341	-0.453454	-0.139208
06952	9.781697	0.141738	-1.305231	0.039960	-0.021080	-0.020011	-0.118092	-0.075187	0.990152	-0.459789	0.887939	0.012588	-0.880141	-0.453774	-0.139429
06953	9.811833	0.201259	-1.453061	0.036311	-0.013983	-0.019753	-0.118102	-0.075456	0.990131	-0.460135	0.887757	0.012770	-0.879959	-0.454085	-0.139565
06954	9.912177	0.208133	-1.594796	0.035678	-0.016074	-0.022817	-0.118122	-0.075775	0.990104	-0.460562	0.887533	0.012979	-0.879733	-0.454471	-0.139736
06955	9.945802	0.227885	-1.634714	0.025501	-0.005011	-0.019552	-0.118053	-0.076001	0.990095	-0.460813	0.887400	0.013173	-0.879611	-0.454693	-0.139783
06956	9.876089	0.136089	-1.540171	0.010344	-0.011223	-0.017658	-0.118097	-0.076230	0.990072	-0.460902	0.887351	0.013344	-0.879558	-0.454750	-0.139928
06957	9.984254	0.277469	-1.182157	0.045471	-0.013323	-0.024881	-0.118077	-0.076541	0.990050	-0.461334	0.887123	0.013563	-0.879334	-0.455142	-0.140060
06958	10.071588	0.440646	-1.093841	0.033666	-0.019391	-0.027010	-0.118094	-0.076893	0.990021	-0.461625	0.886968	0.013824	-0.879180	-0.455385	-0.140241
06959	10.074891	0.361965	-1.053966	0.016438	-0.022378	-0.024336	-0.118155	-0.077240	0.989987	-0.461801	0.886872	0.014079	-0.879079	-0.455513	-0.140458
06960	9.917550	0.304571	-1.128701	-0.001200	-0.028136	-0.015980	-0.118311	-0.077510	0.989947	-0.461636	0.886954	0.014275	-0.879144	-0.455307	-0.140718
06961	9.893352	0.273262	-0.938588	-0.007396	-0.054525	-0.009677	-0.118723	-0.077874	0.989869	-0.461586	0.886978	0.014417	-0.879115	-0.455198	-0.141250
06962	10.007065	-0.010462	-0.811023	-0.010431	-0.090253	-0.021083	-0.119413	-0.078501	0.989736	-0.461527	0.887005	0.014669	-0.879052	-0.455039	-0.142150
06963	10.198855	-0.467074	-0.532675	0.055734	-0.139083	-0.021235	-0.120515	-0.079352	0.989535	-0.462046	0.886732	0.014836	-0.878630	-0.455422	-0.143529
06964	10.297682	-0.667300	-0.083136	0.165670	-0.191199	-0.018791	-0.122094	-0.080415	0.989255	-0.463519	0.885963	0.014811	-0.877635	-0.456730	-0.145445
06965	10.210371	-0.442285	0.623693	0.280821	-0.257201	-0.035524	-0.124162	-0.081937	0.988873	-0.466028	0.884647	0.014787	-0.876015	-0.459006	-0.148024
06966	10.462474	-0.116630	1.288701	0.349655	-0.304142	-0.053541	-0.126564	-0.083816	0.988411	-0.469092	0.883025	0.014814	-0.874033	-0.461781	-0.151077
06967	10.664441	0.302911	1.530995	0.423156	-0.342713	-0.051449	-0.129290	-0.085888	0.987880	-0.472854	0.881018	0.014712	-0.871604	-0.465221	-0.154519
06968	10.771856	0.499432	1.836901	0.408624	-0.419033	-0.039863	-0.132712	-0.088210	0.987222	-0.476472	0.879070	0.014494	-0.869115	-0.468460	-0.158692
06969	10.689639	0.555234	1.851398	0.395664	-0.475385	-0.032286	-0.136660	-0.090757	0.986452	-0.479953	0.877179	0.014212	-0.866585	-0.471508	-0.163434
06970	10.668225	0.480404	1.480850	0.446597	-0.537467	-0.005421	-0.141260	-0.093343	0.985562	-0.483785	0.875082	0.013539	-0.863712	-0.474887	-0.168772
06971	10.430764	0.646033	1.318553	0.477003	-0.582384	0.023715	-0.146373	-0.095941	0.984566	-0.487867	0.872828	0.012523	-0.860558	-0.478504	-0.174565
06972	10.098954	0.586096	0.634931	0.438556	-0.617298	0.051982	-0.151899	-0.098465	0.983479	-0.491628	0.870733	0.011245	-0.857455	-0.481798	-0.180671
06973	9.654057	0.635160	-0.196330	0.382728	-0.615022	0.080758	-0.157538	-0.100763	0.982359	-0.494784	0.868961	0.009784	-0.854617	-0.484513	-0.186750
06974	9.226932	0.655027	-1.170036	0.262798	-0.654287	0.120664	-0.163686	-0.102953	0.981126	-0.497114	0.867648	0.008109	-0.852106	-0.486404	-0.193201
06975	9.127184	0.720416	-1.660604	0.159844	-0.697538	0.158028	-0.170386	-0.105006	0.979767	-0.498215	0.867031	0.006281	-0.850147	-0.487064	-0.200045
06976	9.171075	0.650686	-2.219868	0.046559	-0.703383	0.191575	-0.177313	-0.106796	0.978343	-0.498408	0.866932	0.004303	-0.848616	-0.486851	-0.206946
06977	9.279471	0.583870	-2.410261	-0.071388	-0.684216	0.240480	-0.184290	-0.108065	0.976913	-0.497373	0.867534	0.002138	-0.847736	-0.485496	-0.213627
06978	9.169077	0.517154	-2.628962	-0.203238	-0.631020	0.296880	-0.191102	-0.108553	0.975549	-0.495140	0.868813	-0.000317	-0.847536	-0.483094	-0.219781
06979	9.303677	0.425899	-2.571857	-0.335256	-0.537838	0.347167	-0.197351	-0.108151	0.974349	-0.491629	0.870800	-0.002920	-0.848147	-0.479595	-0.225024
06980	9.211893	0.574403	-2.281108	-0.499309	-0.386183	0.368036	-0.202449	-0.106790	0.973453	-0.486683	0.873562	-0.005384	-0.849796	-0.474853	-0.228825
06981	9.137778	0.365426	-2.245431	-0.667076	-0.208262	0.356291	-0.205922	-0.104682	0.972953	-0.480284	0.877083	-0.007283	-0.852598	-0.468793	-0.230887
06982	9.061022	0.121082	-2.157423	-0.763664	-0.001313	0.324404	-0.207470	-0.101883	0.972921	-0.473227	0.880898	-0.008667	-0.856161	-0.462211	-0.230974
06983	8.965839	-0.289945	-1.966848	-0.803567	0.238540	0.279993	-0.206715	-0.098346	0.973446	-0.465757	0.884862	-0.009509	-0.860430	-0.455355	-0.228719
06984	9.005799	-0.979379	-1.806203	-0.749624	0.505812	0.228135	-0.203427	-0.094064	0.974561	-0.458911	0.888426	-0.010042	-0.864881	-0.449279	-0.223897
06985	8.962044	-1.686805	-1.298598	-0.580603	0.767887	0.161252	-0.197483	-0.089226	0.976237	-0.453560	0.891166	-0.010300	-0.869070	-0.444817	-0.216460
06986	9.103134	-2.355416	-1.161973	-0.304051	1.011713	0.085377	-0.189059	-0.083998	0.978366	-0.450838	0.892544	-0.010490	-0.872354	-0.443068	-0.206613
06987	9.356293	-3.008906	-1.314422	0.049752	1.250212	0.021806	-0.178216	-0.078285	0.980872	-0.451239	0.892338	-0.010767	-0.874427	-0.444526	-0.194354
06988	9.720617	-2.869721	-0.971463	0.479269	1.465719	-0.019708	-0.165329	-0.071900	0.983614	-0.455502	0.890160	-0.011494	-0.874748	-0.449939	-0.179920
06989	10.017772	-2.068516	-0.536025	0.800067	1.651409	-0.084479	-0.150482	-0.065181	0.986462	-0.462635	0.886467	-0.012000	-0.873684	-0.458178	-0.163552
06990	10.052603	-1.081080	-0.297424	0.942800	1.791145	-0.159854	-0.134040	-0.058308	0.989259	-0.471203	0.881945	-0.011863	-0.871780	-0.467732	-0.145691
06991	10.007672	-0.216747	-0.031013	0.890961	1.881950	-0.218844	-0.116588	-0.051376	0.991851	-0.479240	0.877616	-0.010874	-0.869906	-0.476603	-0.126941
06992	10.137334	0.141581	0.236432	0.736309	1.927806	-0.260246	-0.098541	-0.044380	0.994143	-0.485984	0.873920	-0.009158	-0.868395	-0.484040	-0.107685
06993	10.236300	0.102672	0.470985	0.587960	1.940077	-0.255552	-0.080432	-0.037190	0.996066	-0.491318	0.870951	-0.007155	-0.867259	-0.489960	-0.088324
06994	10.217761	0.117568	0.751201	0.504860	1.921547	-0.221542	-0.062599	-0.029657	0.997598	-0.496030	0.868289	-0.005313	-0.866046	-0.495171	-0.069065
06995	10.044291	0.306815	0.809170	0.437480	1.882914	-0.172877	-0.045418	-0.021821	0.998730	-0.499911	0.866068	-0.003812	-0.864885	-0.499449	-0.050244
06996	9.875724	0.593853	0.970049	0.328265	1.810468	-0.113487	-0.029199	-0.013709	0.999480	-0.502873	0.864356	-0.002836	-0.863867	-0.502694	-0.032132
06997	9.536932	0.662317	0.989841	0.205715	1.710760	-0.046227	-0.014169	-0.005519	0.999884	-0.504660	0.863315	-0.002386	-0.863202	-0.504635	-0.015018
06998	9.352191	0.666122	0.515214	0.133556	1.607778	0.023638	-0.000307	0.002829	0.999996	-0.505915	0.862579	-0.002596	-0.862583	-0.505914	0.001167
06999	9.904520	0.593446	1.904082	-0.049529	1.484936	0.121763	0.011912	0.011361	0.999865	-0.505494	0.862822	-0.003781	-0.862748	-0.505381	0.016021
07000	8.388195	0.463229	0.480262	0.069989	1.227506	0.223066	0.021440	0.019512	0.999580	-0.506268	0.862356	-0.005975	-0.862110	-0.505927	0.028367
07001	7.860904	0.880090	-0.274503	0.015776	0.855394	0.303792	0.027299	0.026432	0.999278	-0.506477	0.862207	-0.008970	-0.861821	-0.505866	0.036924
07002	7.302523	1.075318	-0.685641	-0.096055	0.487355	0.323436	0.029938	0.031702	0.999049	-0.505880	0.862518	-0.012210	-0.862084	-0.505033	0.041860
07003	6.848741	0.321347	-2.009956	-0.143399	0.123909	0.347468	0.029275	0.035298	0.998948	-0.504744	0.863126	-0.015706	-0.862772	-0.503754	0.043084
07004	6.521679	-0.254659	-3.003917	-0.053514	-0.249650	0.359132	0.025375	0.037166	0.998987	-0.504359	0.863278	-0.019306	-0.863121	-0.503358	0.040650
07005	6.315451	-0.565101	-3.491115	0.107084	-0.676424	0.340434	0.017843	0.036667	0.999168	-0.505356	0.862614	-0.022632	-0.862727	-0.504532	0.033922
07006	7.443702	-0.904766	-3.562497	0.311568	-1.148972	0.296262	0.006482	0.033433	0.999420	-0.507990	0.860985	-0.025508	-0.861338	-0.507530	0.022564
07007	10.483833	0.564272	0.185574	0.460823	-1.268792	0.202854	-0.005443	0.028683	0.999574	-0.511955	0.858574	-0.027424	-0.858995	-0.511886	0.010011
07008	12.448964	2.083590	1.281880	0.503308	-1.126051	0.033947	-0.015262	0.023212	0.999614	-0.516126	0.856063	-0.027759	-0.856377	-0.516350	-0.001085
07009	12.142472	1.641936	0.346500	0.267132	-0.979560	0.000155	-0.023620	0.018116	0.999557	-0.518412	0.854681	-0.027740	-0.854805	-0.518837	-0.010796
07010	10.433514	0.315581	-0.706514	0.192936	-0.899684	0.183455	-0.032221	0.015012	0.999368	-0.519988	0.853661	-0.029589	-0.853566	-0.520612	-0.019700
07011	9.357600	0.778417	-2.017471	0.384635	-0.920052	0.358267	-0.041908	0.013234	0.999034	-0.523135	0.851602	-0.033225	-0.851219	-0.524022	-0.028765
07012	9.545763	1.888860	-2.871796	0.264991	-1.049528	0.432544	-0.053115	0.011387	0.998523	-0.525221	0.850133	-0.037633	-0.849306	-0.526445	-0.039174
07013	9.817430	2.069575	-2.945014	0.028094	-1.113696	0.436854	-0.064839	0.009208	0.997853	-0.525204	0.849941	-0.041970	-0.848503	-0.526798	-0.050273
07014	9.730548	1.019304	-2.115032	-0.291628	-1.139362	0.388466	-0.076594	0.006496	0.997041	-0.522458	0.851440	-0.045684	-0.849218	-0.524412	-0.061821
07015	10.316621	-0.282271	-1.976495	-0.328636	-1.144384	0.292947	-0.087819	0.002980	0.996132	-0.519428	0.853145	-0.048345	-0.849990	-0.521665	-0.073374
07016	10.648595	-1.326270	-2.701562	-0.205999	-1.040070	0.276936	-0.098100	-0.000124	0.995177	-0.517498	0.854169	-0.050906	-0.850043	-0.519995	-0.083858
07017	10.466551	-1.993326	-3.362516	-0.079077	-0.893483	0.304057	-0.107240	-0.002196	0.994231	-0.516517	0.854583	-0.053825	-0.849535	-0.519309	-0.092780
07018	10.150332	-2.115848	-3.795423	-0.032550	-0.779702	0.319917	-0.115500	-0.003609	0.993301	-0.516136	0.854614	-0.056910	-0.848683	-0.519252	-0.100571
07019	9.953584	-1.971584	-3.748101	-0.051265	-0.699831	0.291763	-0.122918	-0.004775	0.992405	-0.515358	0.854892	-0.059718	-0.848114	-0.518784	-0.107542
07020	10.035851	-1.513737	-3.595930	-0.083362	-0.624328	0.236650	-0.129434	-0.006037	0.991570	-0.514392	0.855316	-0.061938	-0.847731	-0.518072	-0.113812
07021	9.829493	-1.046251	-3.098313	-0.106195	-0.566678	0.184818	-0.135162	-0.007416	0.990796	-0.513252	0.855877	-0.063611	-0.847528	-0.517125	-0.119489
07022	9.702241	-0.788203	-2.373867	-0.087797	-0.545560	0.169557	-0.140671	-0.008759	0.990018	-0.512047	0.856481	-0.065179	-0.847361	-0.516104	-0.124967
07023	9.787756	-0.619961	-1.703846	-0.000623	-0.527445	0.177259	-0.146022	-0.009990	0.989231	-0.511792	0.856501	-0.066897	-0.846609	-0.516049	-0.130180
07024	9.865975	-0.264319	-1.209927	0.107133	-0.519800	0.199132	-0.151496	-0.010993	0.988397	-0.512330	0.856012	-0.069006	-0.845321	-0.516839	-0.135314
07025	9.931020	0.265401	-1.065785	0.162928	-0.511743	0.235578	-0.157002	-0.011653	0.987530	-0.513348	0.855195	-0.071522	-0.843697	-0.518175	-0.140249
07026	9.834791	0.732307	-1.205297	0.051851	-0.524483	0.258570	-0.162828	-0.012206	0.986579	-0.513361	0.854963	-0.074149	-0.842584	-0.518545	-0.145478
07027	9.799982	0.235821	-1.341754	-0.197225	-0.557875	0.271495	-0.168896	-0.012798	0.985551	-0.511255	0.856018	-0.076498	-0.842670	-0.516788	-0.151121
07028	9.653430	-0.751263	-1.342531	-0.301707	-0.562505	0.260415	-0.175049	-0.013563	0.984466	-0.508392	0.857533	-0.078584	-0.843146	-0.514250	-0.157005
07029	9.587704	-1.559627	-1.367752	-0.285354	-0.565259	0.242755	-0.181023	-0.014406	0.983373	-0.505559	0.859030	-0.080481	-0.843588	-0.511722	-0.162787
07030	9.599072	-2.009064	-1.393472	-0.198250	-0.562049	0.216199	-0.186981	-0.015426	0.982242	-0.503345	0.860157	-0.082309	-0.843613	-0.509797	-0.168598
07031	9.595681	-2.066266	-1.440797	-0.160526	-0.540065	0.187353	-0.192455	-0.016590	0.981166	-0.501642	0.861003	-0.083838	-0.843396	-0.508329	-0.174026
07032	9.655806	-2.236600	-1.600787	-0.139397	-0.536694	0.158193	-0.197825	-0.018019	0.980072	-0.500225	0.861701	-0.085127	-0.842995	-0.507096	-0.179479
07033	9.784777	-2.211653	-2.019562	-0.075136	-0.510991	0.125028	-0.202732	-0.019558	0.979039	-0.499348	0.862105	-0.086179	-0.842348	-0.506353	-0.184543
07034	9.774028	-2.022657	-2.639663	-0.023117	-0.463294	0.094811	-0.207163	-0.021164	0.978078	-0.499067	0.862180	-0.087049	-0.841437	-0.506160	-0.189174
07035	9.667194	-1.650312	-3.144307	0.010731	-0.424127	0.069850	-0.211055	-0.022736	0.977210	-0.499019	0.862140	-0.087718	-0.840497	-0.506159	-0.193305
07036	9.605448	-1.424797	-3.294812	-0.012467	-0.384284	0.037947	-0.214577	-0.024403	0.976402	-0.498848	0.862202	-0.088079	-0.839707	-0.505976	-0.197182
07037	9.777219	-1.464622	-3.211831	-0.033639	-0.349332	0.004751	-0.217510	-0.026157	0.975708	-0.498564	0.862372	-0.088024	-0.839121	-0.505598	-0.200615
07038	9.809178	-1.330317	-2.944167	-0.027846	-0.311055	-0.015298	-0.220113	-0.027899	0.975075	-0.498357	0.862513	-0.087820	-0.838565	-0.505266	-0.203754
07039	9.815430	-1.309723	-2.701814	-0.025778	-0.286332	-0.031990	-0.222331	-0.029649	0.974520	-0.498220	0.862632	-0.087420	-0.838061	-0.504962	-0.206561
07040	9.740571	-0.979132	-2.513650	-0.002251	-0.262345	-0.049937	-0.224353	-0.031412	0.974002	-0.498227	0.862677	-0.086941	-0.837517	-0.504780	-0.209194
07041	9.687457	-0.908828	-2.329784	-0.067611	-0.250044	-0.061361	-0.226118	-0.033231	0.973533	-0.497808	0.862996	-0.086166	-0.837292	-0.504116	-0.211682
07042	9.587537	-0.689080	-2.024728	-0.088218	-0.252787	-0.068207	-0.228011	-0.035115	0.973025	-0.497166	0.863448	-0.085341	-0.837160	-0.503214	-0.214334
07043	9.534716	-0.598217	-1.681506	-0.119968	-0.260490	-0.074149	-0.229801	-0.037093	0.972531	-0.496340	0.864023	-0.084327	-0.837161	-0.502084	-0.216964
07044	9.415828	-0.600658	-1.292262	-0.140849	-0.290186	-0.075078	-0.231900	-0.039289	0.971946	-0.495472	0.864624	-0.083266	-0.837096	-0.500881	-0.219973
07045	9.390551	-0.711874	-1.023748	-0.148872	-0.320464	-0.068155	-0.234223	-0.041510	0.971296	-0.494393	0.865339	-0.082239	-0.837087	-0.499465	-0.223205
07046	9.344213	-0.979918	-0.921300	-0.181836	-0.357190	-0.071100	-0.236926	-0.043989	0.970531	-0.493145	0.866156	-0.081128	-0.837063	-0.497834	-0.226908
07047	9.321718	-0.963480	-0.970177	-0.188446	-0.391816	-0.074303	-0.239817	-0.046608	0.969699	-0.491754	0.867057	-0.079941	-0.837058	-0.496024	-0.230855
07048	9.218839	-0.903024	-1.011824	-0.233804	-0.432077	-0.083020	-0.243044	-0.049586	0.968747	-0.490208	0.868059	-0.078553	-0.837034	-0.493979	-0.235284
07049	9.113378	-1.067082	-1.003073	-0.269775	-0.475830	-0.084658	-0.246591	-0.052694	0.967686	-0.488166	0.869342	-0.077058	-0.837190	-0.491393	-0.240095
07050	9.021952	-1.215076	-1.011692	-0.262337	-0.527353	-0.102599	-0.250579	-0.056235	0.966461	-0.486286	0.870538	-0.075429	-0.837100	-0.488878	-0.245485
07051	9.086697	-1.255891	-0.963365	-0.266921	-0.574744	-0.115928	-0.254805	-0.060075	0.965125	-0.484355	0.871769	-0.073612	-0.836944	-0.486219	-0.251229
07052	9.154241	-1.375057	-0.875525	-0.273089	-0.624658	-0.130914	-0.259462	-0.064243	0.963614	-0.482335	0.873050	-0.071668	-0.836679	-0.483380	-0.257510
07053	9.136249	-1.264175	-0.794196	-0.289650	-0.679154	-0.137437	-0.264459	-0.068745	0.961944	-0.480282	0.874352	-0.069555	-0.836295	-0.480399	-0.264248
07054	9.109423	-1.348937	-0.733205	-0.328029	-0.740283	-0.148830	-0.270063	-0.073614	0.960024	-0.477914	0.875826	-0.067284	-0.835861	-0.476980	-0.271709
07055	9.281576	-1.480684	-0.806720	-0.324857	-0.801577	-0.165797	-0.275948	-0.078905	0.957928	-0.475663	0.877240	-0.064765	-0.835223	-0.473523	-0.279605
07056	9.402792	-1.344008	-0.983536	-0.303221	-0.854184	-0.185248	-0.282314	-0.084559	0.955588	-0.473598	0.878544	-0.062176	-0.834268	-0.470118	-0.288072
07057	9.609350	-1.486467	-1.324681	-0.288503	-0.903454	-0.210768	-0.288828	-0.090673	0.953078	-0.471806	0.879707	-0.059287	-0.833053	-0.466792	-0.296864
07058	9.502886	-0.923752	-1.673795	-0.183754	-0.948976	-0.224075	-0.295714	-0.097085	0.950330	-0.470972	0.880329	-0.056618	-0.831107	-0.464322	-0.306050
07059	9.292625	-0.610313	-1.965349	-0.203119	-0.995983	-0.236582	-0.302847	-0.103808	0.947369	-0.470006	0.881028	-0.053709	-0.829083	-0.461534	-0.315607
07060	9.121163	-0.447881	-2.173927	-0.191204	-1.048312	-0.257569	-0.310395	-0.110985	0.944106	-0.469362	0.881550	-0.050681	-0.826652	-0.458859	-0.325721
07061	9.215370	-0.631827	-2.328658	-0.181027	-1.096621	-0.279053	-0.318116	-0.118491	0.940618	-0.468757	0.882054	-0.047419	-0.824057	-0.456006	-0.336139
07062	9.299248	-0.600837	-2.422347	-0.159076	-1.136373	-0.286457	-0.326219	-0.126220	0.936829	-0.468423	0.882397	-0.044226	-0.821073	-0.453260	-0.346979
07063	9.469593	-0.630002	-2.389524	-0.207718	-1.178694	-0.290698	-0.334498	-0.134138	0.932801	-0.467694	0.882951	-0.040744	-0.818152	-0.449894	-0.358081
07064	9.812245	-1.053220	-2.383974	-0.267800	-1.222186	-0.305143	-0.343171	-0.142299	0.928431	-0.466516	0.883739	-0.036987	-0.815228	-0.445821	-0.369658
07065	10.236161	-0.600263	-2.294553	-0.172883	-1.262353	-0.312644	-0.351961	-0.150698	0.923804	-0.466209	0.884043	-0.033410	-0.811648	-0.442445	-0.381405
07066	10.191782	0.629647	-1.866458	-0.150742	-1.322195	-0.293290	-0.361445	-0.159204	0.918701	-0.466166	0.884182	-0.030182	-0.807495	-0.439176	-0.393798
07067	9.930896	0.856027	-0.968610	-0.295049	-1.424846	-0.291933	-0.371543	-0.168038	0.913082	-0.464873	0.884987	-0.026295	-0.803647	-0.434237	-0.406927
07068	10.408756	-0.449191	0.115842	-0.417230	-1.589295	-0.323618	-0.382833	-0.177841	0.906538	-0.462901	0.886146	-0.021644	-0.799476	-0.427924	-0.421568
07069	11.643697	-1.406334	1.486487	-0.266999	-1.774480	-0.399344	-0.395102	-0.188953	0.898995	-0.462343	0.886541	-0.016860	-0.793810	-0.422305	-0.437635
07070	12.837347	-0.699688	3.079993	0.049275	-1.984605	-0.452097	-0.408688	-0.201304	0.890197	-0.464600	0.885424	-0.013073	-0.785570	-0.418929	-0.455388
07071	13.286701	1.071259	4.159909	0.242843	-2.215206	-0.428256	-0.423958	-0.214374	0.879945	-0.468294	0.883511	-0.010382	-0.775216	-0.416475	-0.474962
07072	13.532859	2.054098	4.163414	0.247996	-2.444792	-0.371394	-0.441014	-0.227817	0.868105	-0.471917	0.881603	-0.008384	-0.763414	-0.413372	-0.496309
07073	13.725786	2.055083	3.658017	0.075445	-2.671340	-0.328383	-0.459669	-0.241707	0.854565	-0.473985	0.880513	-0.005909	-0.751028	-0.407767	-0.519310
07074	14.168766	0.480061	2.806925	-0.103279	-2.874941	-0.347554	-0.479435	-0.256362	0.839298	-0.474926	0.880022	-0.002492	-0.737962	-0.399799	-0.543666
07075	15.038375	-0.306906	0.820973	-0.043787	-3.003815	-0.388068	-0.499519	-0.271690	0.822597	-0.476524	0.879161	0.001005	-0.723468	-0.391485	-0.568624
07076	14.824110	-0.449455	-1.306070	-0.207795	-2.983105	-0.425506	-0.518777	-0.287002	0.805295	-0.477373	0.878683	0.005630	-0.709215	-0.381505	-0.592848
07077	13.909474	-0.610129	-4.156720	-0.297958	-2.880394	-0.462764	-0.536778	-0.301927	0.787851	-0.477743	0.878429	0.011144	-0.695436	-0.370408	-0.615764
07078	12.535294	-0.117522	-5.864982	-0.609339	-2.776897	-0.449833	-0.553679	-0.316008	0.770441	-0.476167	0.879162	0.018403	-0.683158	-0.356669	-0.637246
07079	11.834826	-0.742618	-7.140841	-0.949322	-2.703197	-0.393707	-0.570116	-0.328914	0.752850	-0.471965	0.881186	0.027574	-0.672470	-0.339599	-0.657614
07080	11.036568	-1.529114	-8.375509	-1.013658	-2.575956	-0.339574	-0.585603	-0.340474	0.735627	-0.467344	0.883309	0.036793	-0.662313	-0.322245	-0.676387
07081	9.861974	-1.889662	-9.364265	-0.782932	-2.402112	-0.305853	-0.599942	-0.350766	0.719050	-0.464035	0.884703	0.044405	-0.651721	-0.307025	-0.693538
07082	8.432912	-1.761223	-9.181659	-0.448991	-2.208695	-0.313847	-0.612639	-0.360248	0.703488	-0.463230	0.884843	0.049709	-0.640384	-0.295423	-0.708967
07083	7.520528	-0.978541	-8.531741	-0.132906	-1.955243	-0.337540	-0.623463	-0.368958	0.689322	-0.464496	0.883986	0.053034	-0.628918	-0.287122	-0.722512
07084	6.392859	-0.547618	-8.258321	0.079386	-1.573580	-0.335109	-0.631595	-0.376457	0.677767	-0.467293	0.882411	0.054664	-0.618648	-0.282190	-0.733242
07085	4.941261	-0.290974	-8.482385	0.208176	-1.192401	-0.287186	-0.637555	-0.382367	0.668819	-0.470418	0.880723	0.055085	-0.610107	-0.279505	-0.741381
07086	3.823582	-0.111897	-10.021241	0.298814	-0.973407	-0.237526	-0.642213	-0.387237	0.661521	-0.473946	0.878875	0.054358	-0.602443	-0.278615	-0.747954
07087	2.288944	-0.920406	-10.623165	0.257491	-0.747497	-0.202216	-0.645713	-0.391122	0.655804	-0.476815	0.877357	0.053778	-0.596408	-0.277972	-0.753013
07088	3.249567	-1.882685	-6.593212	0.260710	-0.579958	-0.179252	-0.648183	-0.394371	0.651407	-0.479710	0.875831	0.052905	-0.591386	-0.278194	-0.756882
07089	4.895157	-2.923816	-5.207312	0.684683	-0.223541	-0.185546	-0.648585	-0.396650	0.649621	-0.484970	0.873160	0.048944	-0.586636	-0.283302	-0.758681
07090	6.017344	-2.549867	-5.430630	1.277733	0.284538	-0.213604	-0.645755	-0.397753	0.651761	-0.494013	0.868507	0.040566	-0.582195	-0.295783	-0.757339
07091	5.429097	-1.277197	-6.372376	1.742334	0.787597	-0.266414	-0.639832	-0.397685	0.657619	-0.505862	0.862121	0.029175	-0.578549	-0.313998	-0.752786
07092	4.094068	-0.118048	-6.873319	1.827658	1.194529	-0.293378	-0.631303	-0.396393	0.666580	-0.518485	0.854911	0.017341	-0.576741	-0.334664	-0.745232
07093	3.360490	0.904774	-7.143218	1.698323	1.488122	-0.277961	-0.621238	-0.393655	0.677568	-0.530048	0.847941	0.006656	-0.577158	-0.355009	-0.735430
07094	3.833540	0.828097	-7.018354	1.371710	1.705575	-0.275050	-0.609775	-0.389820	0.690083	-0.539869	0.841748	-0.001549	-0.580272	-0.373499	-0.723728
07095	5.066344	0.132779	-6.898181	1.178546	1.922139	-0.335499	-0.596723	-0.385315	0.703886	-0.548785	0.835928	-0.007639	-0.585454	-0.390840	-0.710272
07096	6.061969	-0.339340	-6.747377	1.125840	2.181445	-0.444147	-0.581304	-0.380335	0.719327	-0.558208	0.829607	-0.012457	-0.592021	-0.408775	-0.694560
07097	6.646398	-0.735099	-6.865668	1.153891	2.480528	-0.523306	-0.563552	-0.374309	0.736411	-0.568102	0.822792	-0.016535	-0.599724	-0.427675	-0.676332
07098	7.085344	-0.825959	-7.014268	1.195102	2.746995	-0.592705	-0.543449	-0.367169	0.754884	-0.578773	0.815240	-0.020140	-0.608017	-0.447852	-0.655549
07099	7.402748	-0.841103	-6.620439	1.230348	2.948912	-0.651996	-0.521558	-0.358971	0.774027	-0.589800	0.807220	-0.023057	-0.616533	-0.468546	-0.632733
07100	8.270374	-0.971945	-6.238794	1.295807	3.094418	-0.699838	-0.498073	-0.349772	0.793463	-0.601578	0.798401	-0.025673	-0.624522	-0.490117	-0.608077
07101	9.055355	-0.787485	-6.384334	1.398181	3.221099	-0.748731	-0.473263	-0.339593	0.812834	-0.614017	0.788798	-0.027954	-0.631669	-0.512323	-0.581824
07102	9.438118	-0.661389	-6.741901	1.399532	3.162846	-0.761369	-0.448355	-0.329013	0.831101	-0.626572	0.778797	-0.029711	-0.637483	-0.534066	-0.555328
07103	11.028831	0.980934	-3.262144	1.439559	3.142587	-0.656787	-0.424067	-0.316999	0.848339	-0.638666	0.768820	-0.031971	-0.642085	-0.555363	-0.528487
07104	11.128284	2.280024	-4.561395	1.249370	3.225912	-0.718878	-0.398526	-0.304243	0.865224	-0.649839	0.759386	-0.032293	-0.647214	-0.575126	-0.500344
07105	10.643173	2.992707	-4.232258	0.764009	3.177666	-0.811870	-0.372507	-0.291883	0.880933	-0.657958	0.752500	-0.028892	-0.654469	-0.590379	-0.472358
07106	9.876853	2.746851	-3.625495	0.250639	3.127163	-0.748856	-0.346839	-0.278843	0.895516	-0.662455	0.748735	-0.023434	-0.663970	-0.601367	-0.444412
07107	9.371657	1.638622	-3.627837	-0.034648	3.056103	-0.685912	-0.321808	-0.265492	0.908820	-0.664530	0.747066	-0.017067	-0.674417	-0.609431	-0.416839
07108	9.399105	0.684732	-3.877218	-0.013922	3.046783	-0.603848	-0.296994	-0.251272	0.921226	-0.666447	0.745464	-0.011525	-0.683845	-0.617371	-0.388857
07109	9.088719	0.184016	-3.853566	0.177222	3.051694	-0.455879	-0.272938	-0.235711	0.932709	-0.668977	0.743241	-0.007933	-0.691357	-0.626126	-0.360544
07110	9.287542	0.625366	-3.458527	0.401547	3.067301	-0.273730	-0.249716	-0.218334	0.943383	-0.672617	0.739960	-0.006789	-0.696584	-0.636231	-0.331635
07111	9.310422	1.602521	-3.296032	0.474900	3.110243	-0.120455	-0.227144	-0.199298	0.953250	-0.676233	0.736653	-0.007121	-0.700795	-0.646237	-0.302098
07112	9.172992	2.575699	-3.205135	0.298810	3.123244	-0.010028	-0.205024	-0.179005	0.962249	-0.678486	0.734571	-0.007912	-0.705424	-0.654494	-0.272057
07113	8.893819	2.802431	-3.097555	-0.117132	3.129845	0.092007	-0.183432	-0.157794	0.970285	-0.677486	0.735486	-0.008469	-0.712295	-0.658909	-0.241815
07114	8.694123	2.413515	-3.075164	-0.551069	3.112040	0.182425	-0.162273	-0.135877	0.977346	-0.673338	0.739280	-0.009018	-0.721307	-0.659548	-0.211456
07115	8.629041	1.912111	-3.145546	-0.911531	3.112706	0.269062	-0.141426	-0.113413	0.983431	-0.666313	0.745607	-0.009835	-0.732138	-0.656664	-0.181016
07116	8.360771	1.359650	-3.151001	-1.165460	3.122831	0.360805	-0.120690	-0.090231	0.988581	-0.657345	0.753502	-0.011476	-0.743863	-0.651224	-0.150253
07117	8.097611	1.097690	-3.152884	-1.388457	3.131759	0.433910	-0.099998	-0.066692	0.992750	-0.646457	0.762824	-0.013871	-0.756369	-0.643158	-0.119394
07118	7.905488	0.830112	-3.259518	-1.626605	3.128977	0.490334	-0.079196	-0.042917	0.995935	-0.633704	0.773388	-0.017065	-0.769511	-0.632479	-0.088446
07119	7.951018	0.248560	-3.734476	-1.838009	3.131444	0.536544	-0.058218	-0.019159	0.998120	-0.619070	0.785054	-0.021040	-0.783175	-0.619132	-0.057564
07120	8.103327	-0.005413	-4.258486	-1.904810	3.148427	0.565017	-0.036748	0.004617	0.999314	-0.603845	0.796681	-0.025886	-0.796254	-0.604382	-0.026488
07121	7.855893	-0.759279	-3.927243	-1.951681	3.161986	0.559406	-0.014680	0.027941	0.999502	-0.588043	0.808227	-0.031230	-0.808697	-0.588208	0.004566
07122	7.660145	-1.738569	-2.222936	-1.869063	3.129052	0.497441	0.007961	0.050177	0.998709	-0.572884	0.818820	-0.036572	-0.819598	-0.571853	0.035264
07123	8.636649	-3.772891	-0.111593	-1.794723	2.913040	0.370122	0.029910	0.069621	0.997125	-0.558161	0.828713	-0.041120	-0.829194	-0.555326	0.063646
07124	7.951426	-3.900992	-3.359544	-1.156291	2.459943	0.185394	0.049393	0.084728	0.995179	-0.548696	0.834871	-0.043847	-0.834562	-0.543885	0.087727
07125	8.592020	-2.318389	-4.857698	-0.785866	1.900711	-0.001945	0.065321	0.094947	0.993337	-0.542126	0.839115	-0.044556	-0.837754	-0.535603	0.106285
07126	7.625648	-1.751773	-5.554600	-0.563204	1.395678	-0.202842	0.078161	0.100717	0.991840	-0.537333	0.842264	-0.043185	-0.839740	-0.529574	0.119951
07127	5.750685	-2.404755	-6.190106	-0.121099	0.834697	-0.283406	0.086715	0.102717	0.990924	-0.536085	0.843193	-0.040491	-0.839699	-0.527708	0.128182
07128	3.883522	-2.740607	-5.146786	0.423804	0.081368	-0.241438	0.088730	0.101147	0.990907	-0.539490	0.841154	-0.037553	-0.837303	-0.531253	0.129204
07129	4.617757	-3.265114	-4.883254	0.880998	-1.080569	-0.152088	0.080553	0.094061	0.992302	-0.546723	0.836585	-0.034918	-0.833430	-0.539702	0.118815
