// General information: 
//  MT Manager version: 2022.2.0 
//  XDA version: 2022.2.0 build 7381 rev 124627 built on 2023-07-19
// Device information: 
//  DeviceId: 00B4CBA7
//  ProductCode: MTW2-3A7G6
//  Firmware Version: 4.6.0
//  Hardware Version: 2.0.0
// Device settings: 
//  Filter Profile: human(46.1)
//  Option Flags: Orientation Smoother Disabled, Position/Velocity Smoother Disabled, Continuous Zero Rotation Update Disabled, AHS Disabled, ICC Disabled
// Coordinate system: ENU
PacketCounter	Acc_X	Acc_Y	Acc_Z	Gyr_X	Gyr_Y	Gyr_Z	Mat[1][1]	Mat[2][1]	Mat[3][1]	Mat[1][2]	Mat[2][2]	Mat[3][2]	Mat[1][3]	Mat[2][3]	Mat[3][3]
38372	9.513750	-0.998005	-2.067279	-0.028594	-0.024538	-0.021649	0.226550	-0.081905	0.970550	0.130366	-0.984942	-0.113551	0.965236	0.152252	-0.212461
38373	9.512767	-1.050650	-2.028633	-0.024205	-0.029445	-0.020704	0.226807	-0.081650	0.970511	0.130179	-0.984997	-0.113291	0.965200	0.152035	-0.212775
38374	9.485787	-1.042486	-2.052677	-0.007097	-0.027459	-0.018436	0.227255	-0.081512	0.970418	0.130060	-0.985023	-0.113197	0.965111	0.151937	-0.213250
38375	9.509502	-1.043068	-2.058359	-0.005669	-0.030691	-0.017211	0.227530	-0.081290	0.970372	0.130044	-0.985047	-0.113011	0.965049	0.151904	-0.213556
38376	9.466342	-0.988482	-2.049087	-0.001181	-0.032440	-0.017583	0.227591	-0.081216	0.970364	0.129934	-0.985071	-0.112922	0.965049	0.151783	-0.213641
38377	9.473887	-0.942375	-2.021649	-0.001191	-0.034075	-0.016164	0.227899	-0.080999	0.970310	0.129960	-0.985087	-0.112757	0.964973	0.151798	-0.213974
38378	9.495230	-0.912092	-2.072455	-0.002550	-0.032591	-0.014448	0.228238	-0.080870	0.970241	0.129888	-0.985107	-0.112663	0.964902	0.151737	-0.214334
38379	9.508182	-0.954003	-2.133233	-0.005696	-0.035598	-0.012952	0.228565	-0.080682	0.970180	0.129864	-0.985127	-0.112520	0.964828	0.151709	-0.214688
38380	9.507298	-0.980299	-2.115961	-0.010193	-0.035486	-0.011157	0.228999	-0.080730	0.970073	0.129550	-0.985163	-0.112568	0.964768	0.151451	-0.215143
38381	9.503618	-1.030613	-2.102201	-0.005959	-0.040165	-0.013262	0.229371	-0.080533	0.970002	0.129525	-0.985183	-0.112422	0.964683	0.151425	-0.215541
38382	9.481595	-1.003219	-2.099499	0.005472	-0.033528	-0.007298	0.229493	-0.080556	0.969971	0.129449	-0.985190	-0.112447	0.964664	0.151367	-0.215666
38383	9.483926	-0.950955	-2.120147	0.000809	-0.034826	-0.007125	0.229820	-0.080428	0.969904	0.129476	-0.985194	-0.112376	0.964582	0.151405	-0.216004
38384	9.507552	-0.925115	-2.147182	-0.000723	-0.036387	-0.005615	0.230250	-0.080393	0.969805	0.129367	-0.985208	-0.112384	0.964494	0.151337	-0.216444
38385	9.501289	-0.972572	-2.157240	-0.008349	-0.036014	-0.005153	0.230592	-0.080284	0.969733	0.129302	-0.985224	-0.112313	0.964421	0.151286	-0.216804
38386	9.524671	-0.974245	-2.163746	-0.002417	-0.037723	-0.007148	0.230961	-0.080107	0.969660	0.129318	-0.985235	-0.112196	0.964331	0.151308	-0.217192
38387	9.529141	-0.980887	-2.119117	0.004106	-0.033679	-0.004165	0.231282	-0.080011	0.969591	0.129371	-0.985232	-0.112162	0.964247	0.151377	-0.217515
38388	9.499303	-0.943517	-2.188065	0.005712	-0.033866	-0.002737	0.231578	-0.079776	0.969540	0.129583	-0.985221	-0.112018	0.964147	0.151577	-0.217818
38389	9.485198	-0.900019	-2.133837	-0.003612	-0.036465	-0.002382	0.231927	-0.079693	0.969463	0.129557	-0.985228	-0.111984	0.964067	0.151573	-0.218177
38390	9.500439	-0.946651	-2.170676	-0.004795	-0.031936	-0.000457	0.232355	-0.079496	0.969377	0.129631	-0.985232	-0.111868	0.963954	0.151654	-0.218618
38391	9.518136	-1.024490	-2.162825	-0.011156	-0.036205	-0.000391	0.232705	-0.079432	0.969298	0.129527	-0.985249	-0.111836	0.963883	0.151575	-0.218983
38392	9.511981	-1.044707	-2.193517	-0.006408	-0.033384	-0.000467	0.233062	-0.079322	0.969221	0.129496	-0.985260	-0.111773	0.963801	0.151560	-0.219355
38393	9.497840	-1.029066	-2.118376	-0.001580	-0.032311	0.002397	0.233379	-0.079292	0.969148	0.129477	-0.985261	-0.111789	0.963727	0.151572	-0.219672
38394	9.473249	-0.971611	-2.159966	-0.006243	-0.033610	0.002578	0.233852	-0.079011	0.969057	0.129664	-0.985255	-0.111622	0.963587	0.151755	-0.220159
38395	9.469873	-0.968082	-2.187087	-0.013693	-0.030193	0.003260	0.234149	-0.078992	0.968986	0.129526	-0.985274	-0.111619	0.963534	0.151645	-0.220470
38396	9.466413	-0.992038	-2.193367	-0.015302	-0.030006	0.001834	0.234543	-0.078955	0.968894	0.129352	-0.985298	-0.111605	0.963461	0.151504	-0.220882
38397	9.462926	-1.015870	-2.199804	-0.018527	-0.032902	0.001818	0.234866	-0.078918	0.968819	0.129171	-0.985325	-0.111577	0.963407	0.151349	-0.221225
38398	9.489124	-0.994132	-2.202553	-0.010470	-0.027298	0.003275	0.235029	-0.078943	0.968777	0.128997	-0.985346	-0.111588	0.963390	0.151196	-0.221401
38399	9.483005	-1.014621	-2.232618	-0.012082	-0.028747	0.003268	0.235313	-0.078926	0.968710	0.128876	-0.985362	-0.111589	0.963337	0.151102	-0.221696
38400	9.493195	-1.001451	-2.160181	-0.012083	-0.028747	0.003268	0.235717	-0.078830	0.968619	0.128809	-0.985377	-0.111540	0.963247	0.151059	-0.222116
38401	9.535396	-0.999055	-2.216936	-0.010295	-0.024254	0.003483	0.235959	-0.078822	0.968561	0.128704	-0.985390	-0.111546	0.963202	0.150979	-0.222367
38402	9.489501	-0.942878	-2.230461	-0.013000	-0.021287	0.006927	0.236100	-0.078829	0.968526	0.128570	-0.985407	-0.111545	0.963186	0.150860	-0.222520
38403	9.507591	-0.965901	-2.262923	-0.020623	-0.019278	0.005993	0.236296	-0.078854	0.968476	0.128360	-0.985434	-0.111553	0.963165	0.150674	-0.222733
38404	9.482910	-0.991313	-2.241207	-0.025113	-0.019168	0.007806	0.236391	-0.078847	0.968454	0.128144	-0.985467	-0.111511	0.963171	0.150462	-0.222851
38405	9.503743	-1.017904	-2.249535	-0.024937	-0.016123	0.008014	0.236559	-0.078896	0.968409	0.127888	-0.985498	-0.111529	0.963164	0.150230	-0.223038
38406	9.484708	-1.022892	-2.200014	-0.021795	-0.011477	0.005090	0.236753	-0.078939	0.968358	0.127607	-0.985533	-0.111538	0.963153	0.149976	-0.223254
38407	9.463077	-0.996536	-2.194986	-0.024848	-0.012965	0.006702	0.236889	-0.078981	0.968321	0.127355	-0.985565	-0.111543	0.963153	0.149744	-0.223411
38408	9.489814	-0.919672	-2.237339	-0.032123	-0.008138	0.009025	0.237105	-0.078878	0.968277	0.127201	-0.985597	-0.111437	0.963121	0.149588	-0.223657
38409	9.486610	-0.998849	-2.200557	-0.046193	-0.008644	0.005234	0.237198	-0.078911	0.968251	0.126746	-0.985662	-0.111379	0.963158	0.149141	-0.223796
38410	9.486294	-1.026015	-2.181210	-0.046194	-0.008644	0.005235	0.237208	-0.079063	0.968236	0.126107	-0.985743	-0.111388	0.963239	0.148524	-0.223856
38411	9.504678	-1.048258	-2.212664	-0.044317	-0.002630	0.005560	0.237244	-0.079109	0.968224	0.125671	-0.985805	-0.111339	0.963287	0.148092	-0.223934
38412	9.486002	-0.997456	-2.203808	-0.043060	-0.008911	0.006560	0.237191	-0.078977	0.968247	0.125454	-0.985854	-0.111145	0.963328	0.147834	-0.223928
38413	9.440313	-0.996034	-2.174748	-0.048984	-0.005568	0.007165	0.237256	-0.079033	0.968227	0.124969	-0.985921	-0.111100	0.963376	0.147357	-0.224039
38414	9.464362	-0.969959	-2.199309	-0.056778	-0.001684	0.001784	0.237372	-0.079173	0.968187	0.124201	-0.986020	-0.111082	0.963446	0.146618	-0.224220
38415	9.464131	-1.024468	-2.158959	-0.050681	-0.003623	0.002807	0.237413	-0.079190	0.968175	0.123710	-0.986092	-0.110992	0.963499	0.146124	-0.224315
38416	9.482621	-1.046353	-2.190100	-0.044316	0.000645	0.002737	0.237231	-0.079120	0.968226	0.123379	-0.986153	-0.110815	0.963587	0.145747	-0.224184
38417	9.482538	-1.073372	-2.169943	-0.038302	0.000463	0.000824	0.237229	-0.079124	0.968226	0.123012	-0.986208	-0.110733	0.963634	0.145372	-0.224224
38418	9.482690	-1.017179	-2.211333	-0.027627	-0.000060	0.000137	0.237313	-0.078860	0.968227	0.123047	-0.986231	-0.110485	0.963609	0.145357	-0.224342
38419	9.509631	-0.994785	-2.211219	-0.030761	0.001847	-0.002600	0.237294	-0.078831	0.968234	0.122760	-0.986278	-0.110386	0.963650	0.145054	-0.224361
38420	9.461417	-1.016996	-2.184586	-0.026100	0.001505	-0.001373	0.237234	-0.078791	0.968252	0.122512	-0.986321	-0.110279	0.963697	0.144784	-0.224336
38421	9.485542	-1.018837	-2.187834	-0.022878	0.001118	0.001473	0.237227	-0.078801	0.968253	0.122291	-0.986353	-0.110236	0.963726	0.144560	-0.224353
38422	9.491164	-0.997974	-2.160364	-0.023045	0.004638	-0.004393	0.237204	-0.078643	0.968271	0.122199	-0.986386	-0.110050	0.963744	0.144426	-0.224364
38423	9.469995	-0.970767	-2.153634	-0.021523	0.002922	-0.003080	0.237174	-0.078611	0.968281	0.122002	-0.986419	-0.109967	0.963776	0.144213	-0.224362
38424	9.464554	-0.990314	-2.180934	-0.019823	0.004251	-0.001547	0.237122	-0.078428	0.968309	0.122010	-0.986440	-0.109774	0.963788	0.144173	-0.224338
38425	9.491499	-0.995847	-2.159874	-0.016859	0.004221	-0.003265	0.237079	-0.078395	0.968322	0.121858	-0.986467	-0.109699	0.963817	0.144005	-0.224318
38426	9.467533	-0.992771	-2.156503	-0.012369	0.004117	-0.005080	0.237037	-0.078418	0.968331	0.121618	-0.986501	-0.109660	0.963858	0.143760	-0.224300
38427	9.510247	-1.044871	-2.169440	-0.006182	0.003700	-0.003951	0.236998	-0.078378	0.968343	0.121572	-0.986513	-0.109603	0.963873	0.143699	-0.224273
38428	9.486343	-1.014397	-2.186427	0.000179	0.004686	-0.001192	0.236892	-0.078211	0.968383	0.121761	-0.986505	-0.109460	0.963876	0.143841	-0.224172
38429	9.462344	-1.011791	-2.182989	0.002881	0.001732	-0.004649	0.236872	-0.078161	0.968392	0.121802	-0.986505	-0.109416	0.963876	0.143870	-0.224155
38430	9.513446	-0.992094	-2.185487	-0.003132	0.003551	-0.004148	0.236736	-0.078078	0.968432	0.121811	-0.986515	-0.109313	0.963908	0.143844	-0.224033
38431	9.481137	-1.033446	-2.213011	-0.006182	0.003700	-0.003952	0.236697	-0.078038	0.968444	0.121764	-0.986528	-0.109255	0.963923	0.143782	-0.224006
38432	9.462605	-1.038127	-2.161744	-0.003305	0.002149	-0.005778	0.236642	-0.077935	0.968466	0.121774	-0.986539	-0.109144	0.963935	0.143762	-0.223966
38433	9.468324	-0.989573	-2.154500	0.004409	0.003300	-0.006158	0.236604	-0.077872	0.968480	0.121834	-0.986537	-0.109089	0.963937	0.143805	-0.223931
38434	9.492659	-0.963663	-2.177582	0.006110	0.006270	-0.006037	0.236640	-0.077753	0.968481	0.121954	-0.986532	-0.109000	0.963913	0.143904	-0.223971
38435	9.468691	-0.960679	-2.174171	0.003974	-0.001028	-0.009529	0.236640	-0.077650	0.968489	0.122018	-0.986534	-0.108911	0.963905	0.143946	-0.223979
38436	9.492948	-0.962338	-2.176909	0.006112	0.007912	-0.007448	0.236615	-0.077592	0.968500	0.122044	-0.986537	-0.108854	0.963908	0.143957	-0.223960
38437	9.511814	-0.956534	-2.227274	0.008987	0.004720	-0.007863	0.236562	-0.077515	0.968519	0.122153	-0.986531	-0.108792	0.963907	0.144044	-0.223907
38438	9.490583	-0.957534	-2.199761	0.004495	0.003181	-0.004637	0.236550	-0.077401	0.968531	0.122262	-0.986527	-0.108700	0.963896	0.144128	-0.223900
38439	9.490713	-0.957211	-2.199339	0.006108	0.004629	-0.004625	0.236502	-0.077355	0.968547	0.122335	-0.986522	-0.108663	0.963899	0.144186	-0.223851
38440	9.499154	-0.912691	-2.167915	0.006107	0.004629	-0.004625	0.236464	-0.077222	0.968567	0.122493	-0.986514	-0.108558	0.963888	0.144312	-0.223816
38441	9.472350	-0.961890	-2.147249	0.003230	0.006180	-0.002800	0.236403	-0.077196	0.968584	0.122534	-0.986512	-0.108532	0.963898	0.144342	-0.223756
38442	9.491060	-1.011914	-2.156682	0.004584	0.006344	-0.005939	0.236282	-0.077168	0.968615	0.122519	-0.986520	-0.108482	0.963929	0.144306	-0.223643
38443	9.491246	-1.011581	-2.156017	0.012296	0.005856	-0.004906	0.236222	-0.077121	0.968634	0.122653	-0.986506	-0.108456	0.963927	0.144426	-0.223575
38444	9.505224	-0.919240	-2.117613	0.016782	0.002472	-0.003896	0.236150	-0.077124	0.968651	0.122729	-0.986495	-0.108465	0.963935	0.144496	-0.223495
38445	9.475781	-0.909252	-2.162077	0.007631	0.002914	-0.003311	0.236119	-0.077089	0.968661	0.122815	-0.986487	-0.108444	0.963932	0.144572	-0.223461
38446	9.502744	-0.887469	-2.161404	-0.007452	0.003413	0.000706	0.236113	-0.077107	0.968662	0.122678	-0.986505	-0.108430	0.963951	0.144436	-0.223467
38447	9.464884	-0.976997	-2.195979	-0.013896	0.002542	-0.003577	0.236086	-0.077069	0.968671	0.122557	-0.986528	-0.108359	0.963973	0.144300	-0.223460
38448	9.497339	-0.934627	-2.168033	-0.003134	0.001907	-0.002738	0.236033	-0.076988	0.968690	0.122568	-0.986537	-0.108272	0.963984	0.144286	-0.223419
38449	9.500183	-0.910471	-2.164335	0.000175	0.003044	0.000219	0.236006	-0.076988	0.968697	0.122574	-0.986536	-0.108268	0.963990	0.144289	-0.223392
38450	9.497577	-0.878975	-2.208580	-0.001353	0.001477	0.001728	0.236053	-0.076903	0.968692	0.122650	-0.986533	-0.108207	0.963969	0.144352	-0.223442
38451	9.572585	-0.917463	-2.173237	-0.015164	0.003900	-0.000328	0.236017	-0.076898	0.968702	0.122509	-0.986556	-0.108164	0.963996	0.144203	-0.223423
38452	9.422391	-0.979068	-2.140963	-0.005929	0.001698	0.002020	0.235865	-0.076846	0.968743	0.122510	-0.986564	-0.108088	0.964033	0.144175	-0.223282
38453	9.486465	-1.002785	-2.201695	0.003219	-0.002027	0.004259	0.235892	-0.076878	0.968734	0.122536	-0.986556	-0.108130	0.964023	0.144212	-0.223300
38454	9.494554	-1.014427	-2.129867	0.004576	-0.000221	-0.000292	0.236086	-0.076754	0.968696	0.122688	-0.986544	-0.108069	0.963956	0.144361	-0.223493
38455	9.478585	-0.996061	-2.075479	0.012369	-0.004110	0.005086	0.236134	-0.076791	0.968681	0.122800	-0.986522	-0.108140	0.963930	0.144490	-0.223522
38456	9.465445	-0.898435	-2.058886	0.013719	-0.007228	0.004770	0.236192	-0.076776	0.968669	0.122946	-0.986501	-0.108167	0.963897	0.144643	-0.223564
38457	9.486544	-0.925431	-2.066189	0.002867	-0.009757	0.005234	0.236295	-0.076806	0.968641	0.122966	-0.986493	-0.108218	0.963869	0.144682	-0.223659
38458	9.483399	-0.977883	-2.050201	0.008878	-0.013215	0.006147	0.236544	-0.076653	0.968592	0.123263	-0.986461	-0.108170	0.963770	0.144978	-0.223893
38459	9.450620	-1.048234	-2.058631	0.017859	-0.013421	0.002519	0.236679	-0.076651	0.968560	0.123433	-0.986433	-0.108228	0.963715	0.145168	-0.224007
38460	9.471712	-1.019688	-2.107483	0.026747	-0.018431	0.001606	0.236847	-0.076616	0.968521	0.123673	-0.986398	-0.108274	0.963643	0.145424	-0.224150
38461	9.476922	-0.944718	-2.122624	0.031320	-0.020294	0.002725	0.237048	-0.076606	0.968473	0.123973	-0.986351	-0.108364	0.963555	0.145752	-0.224316
38462	9.479218	-0.921637	-2.120972	0.023604	-0.023087	0.004520	0.237325	-0.076650	0.968402	0.124084	-0.986324	-0.108477	0.963473	0.145908	-0.224568
38463	9.481398	-0.926206	-2.099153	0.009702	-0.025466	0.005186	0.237580	-0.076656	0.968339	0.124170	-0.986306	-0.108543	0.963399	0.146027	-0.224808
38464	9.499400	-0.921632	-2.152691	0.004864	-0.028171	0.003744	0.237899	-0.076584	0.968266	0.124251	-0.986297	-0.108538	0.963310	0.146129	-0.225123
38465	9.490351	-0.994123	-2.165706	0.006301	-0.029767	0.003537	0.238193	-0.076568	0.968195	0.124309	-0.986285	-0.108580	0.963230	0.146218	-0.225408
38466	9.457201	-1.036544	-2.196217	0.012313	-0.031587	0.003035	0.238394	-0.076404	0.968158	0.124600	-0.986255	-0.108514	0.963142	0.146502	-0.225598
38467	9.510201	-1.021444	-2.178173	0.017975	-0.036215	-0.000726	0.238745	-0.076336	0.968077	0.124780	-0.986230	-0.108540	0.963032	0.146710	-0.225932
38468	9.418620	-0.992232	-2.141334	0.021287	-0.035077	0.002225	0.239038	-0.076311	0.968007	0.124929	-0.986205	-0.108595	0.962940	0.146890	-0.226207
38469	9.471595	-0.977381	-2.123467	0.016711	-0.036495	0.003938	0.239397	-0.076288	0.967920	0.125085	-0.986177	-0.108664	0.962831	0.147086	-0.226545
38470	9.449459	-0.951610	-2.120393	0.011783	-0.040723	0.002394	0.239704	-0.076095	0.967859	0.125387	-0.986148	-0.108586	0.962715	0.147385	-0.226842
38471	9.472634	-0.982119	-2.106898	0.013043	-0.043725	0.000559	0.240127	-0.076027	0.967760	0.125516	-0.986128	-0.108614	0.962593	0.147550	-0.227254
38472	9.447660	-0.979965	-2.107585	0.005505	-0.040192	-0.000246	0.240506	-0.075786	0.967685	0.125783	-0.986108	-0.108491	0.962463	0.147811	-0.227632
38473	9.470898	-1.037846	-2.073582	-0.000772	-0.042940	-0.000057	0.240921	-0.075714	0.967587	0.125780	-0.986109	-0.108481	0.962360	0.147839	-0.228051
38474	9.467159	-1.061756	-2.081268	0.000398	-0.047465	-0.001999	0.241336	-0.075639	0.967489	0.125724	-0.986119	-0.108457	0.962263	0.147812	-0.228477
38475	9.490244	-1.036069	-2.109597	0.003180	-0.048903	-0.005350	0.241802	-0.075506	0.967383	0.125773	-0.986118	-0.108406	0.962140	0.147883	-0.228949
38476	9.443783	-0.979079	-2.125298	0.007133	-0.058145	-0.007817	0.242335	-0.075285	0.967267	0.125900	-0.986114	-0.108295	0.961989	0.148023	-0.229491
38477	9.496397	-0.934938	-2.130602	-0.005424	-0.060363	-0.010254	0.242904	-0.075086	0.967140	0.125878	-0.986130	-0.108176	0.961848	0.148018	-0.230084
38478	9.497911	-0.881688	-2.153840	-0.018340	-0.065393	-0.015943	0.243486	-0.074750	0.967020	0.125816	-0.986167	-0.107909	0.961710	0.147941	-0.230713
38479	9.454316	-0.909837	-2.085734	-0.045155	-0.074444	-0.019499	0.244179	-0.074439	0.966869	0.125434	-0.986249	-0.107609	0.961584	0.147554	-0.231484
38480	9.436104	-1.050930	-2.113701	-0.060498	-0.073591	-0.019981	0.244890	-0.074019	0.966721	0.125016	-0.986347	-0.107191	0.961457	0.147106	-0.232293
38481	9.431735	-1.043843	-2.145637	-0.058166	-0.082642	-0.023873	0.245657	-0.073653	0.966555	0.124521	-0.986451	-0.106817	0.961326	0.146596	-0.233157
38482	9.390957	-1.046863	-2.075620	-0.067500	-0.083609	-0.024869	0.246347	-0.073177	0.966415	0.124045	-0.986564	-0.106323	0.961211	0.146072	-0.233960
38483	9.422004	-1.001108	-2.057349	-0.066866	-0.097273	-0.027467	0.247249	-0.072755	0.966217	0.123475	-0.986682	-0.105893	0.961052	0.145486	-0.234973
38484	9.447105	-0.975263	-2.067327	-0.070374	-0.101462	-0.030617	0.248261	-0.072186	0.966000	0.123003	-0.986799	-0.105351	0.960852	0.144975	-0.236105
38485	9.454146	-0.954115	-2.026589	-0.089410	-0.106209	-0.035843	0.249240	-0.071669	0.965786	0.122237	-0.986954	-0.104786	0.960696	0.144172	-0.237227
38486	9.461129	-0.932109	-1.986944	-0.100012	-0.121932	-0.043997	0.250444	-0.071020	0.965523	0.121399	-0.987130	-0.104099	0.960489	0.143284	-0.238599
38487	9.507222	-0.929823	-2.006687	-0.122399	-0.126180	-0.053544	0.251594	-0.070302	0.965276	0.120363	-0.987343	-0.103281	0.960319	0.142168	-0.239947
38488	9.467111	-0.984731	-1.901066	-0.138937	-0.138576	-0.061033	0.252905	-0.069427	0.964997	0.119249	-0.987580	-0.102304	0.960114	0.140948	-0.241485
38489	9.431804	-0.989717	-1.964133	-0.148031	-0.154376	-0.069298	0.254307	-0.068516	0.964693	0.118008	-0.987835	-0.101269	0.959897	0.139595	-0.243128
38490	9.462111	-0.937711	-1.953406	-0.178594	-0.167428	-0.078911	0.255746	-0.067401	0.964391	0.116607	-0.988133	-0.099983	0.959686	0.138025	-0.244852
38491	9.399457	-0.961741	-2.019134	-0.207097	-0.174720	-0.085123	0.257327	-0.066310	0.964047	0.114843	-0.988474	-0.098645	0.959476	0.136098	-0.246745
38492	9.436512	-0.860403	-2.153250	-0.264862	-0.173878	-0.097765	0.258725	-0.065099	0.963755	0.112529	-0.988902	-0.097007	0.959374	0.133549	-0.248528
38493	9.525878	-0.821109	-2.230316	-0.331540	-0.158525	-0.094677	0.260142	-0.063944	0.963451	0.109599	-0.989401	-0.095259	0.959330	0.130375	-0.250376
38494	9.569893	-0.942984	-2.504639	-0.319461	-0.162283	-0.094312	0.261662	-0.062857	0.963111	0.106649	-0.989883	-0.093579	0.959249	0.127201	-0.252311
38495	9.655154	-0.870624	-2.776001	-0.266435	-0.161174	-0.084331	0.263121	-0.061810	0.962781	0.104321	-0.990271	-0.092085	0.959106	0.124667	-0.254113
38496	9.620599	-0.518405	-2.852909	-0.262683	-0.154133	-0.079374	0.264747	-0.060756	0.962402	0.102065	-0.990642	-0.090616	0.958901	0.122218	-0.256068
38497	9.683272	-0.339719	-2.848150	-0.287746	-0.142851	-0.071827	0.266047	-0.059862	0.962099	0.099502	-0.991033	-0.089178	0.958811	0.119456	-0.257705
38498	9.672651	-0.315963	-2.909337	-0.299722	-0.120188	-0.061174	0.267172	-0.059111	0.961834	0.096738	-0.991430	-0.087801	0.958781	0.116504	-0.259164
38499	9.676603	-0.310141	-2.874070	-0.332814	-0.111410	-0.056225	0.268190	-0.058415	0.961593	0.093704	-0.991845	-0.086387	0.958798	0.113273	-0.260529
38500	9.623518	-0.426345	-2.677519	-0.358702	-0.110577	-0.052531	0.269296	-0.057735	0.961325	0.090389	-0.992280	-0.084915	0.958806	0.109761	-0.261998
38501	9.544388	-0.565517	-2.482188	-0.380530	-0.112552	-0.054017	0.270331	-0.057068	0.961075	0.086893	-0.992722	-0.083388	0.958838	0.106053	-0.263405
38502	9.501258	-0.640604	-2.255374	-0.399599	-0.117553	-0.057538	0.271436	-0.056472	0.960798	0.082992	-0.993186	-0.081822	0.958872	0.101948	-0.264899
38503	9.425372	-0.838600	-2.025099	-0.430639	-0.131900	-0.070226	0.272648	-0.055633	0.960504	0.079061	-0.993655	-0.079995	0.958860	0.097749	-0.266519
38504	9.339939	-1.026381	-1.718642	-0.448174	-0.153004	-0.083155	0.274185	-0.054471	0.960133	0.075206	-0.994122	-0.077876	0.958732	0.093560	-0.268477
38505	9.301069	-1.184790	-1.593953	-0.459256	-0.184238	-0.105378	0.275879	-0.053246	0.959717	0.071100	-0.994599	-0.075619	0.958559	0.089098	-0.270603
38506	9.270440	-1.270771	-1.459275	-0.479732	-0.216480	-0.128514	0.277945	-0.051682	0.959206	0.066940	-0.995082	-0.073012	0.958262	0.084502	-0.273119
38507	9.140952	-1.425727	-1.302781	-0.480949	-0.255143	-0.157106	0.280293	-0.049899	0.958617	0.062777	-0.995557	-0.070177	0.957859	0.079850	-0.275915
38508	9.115721	-1.402313	-1.330615	-0.477642	-0.302027	-0.182447	0.283225	-0.047755	0.957864	0.058783	-0.996017	-0.067038	0.957250	0.075292	-0.279290
38509	9.058662	-1.260033	-1.304004	-0.506776	-0.340904	-0.211854	0.286373	-0.045386	0.957043	0.054544	-0.996485	-0.063577	0.956564	0.070408	-0.282891
38510	9.057311	-1.129845	-1.242230	-0.537096	-0.385186	-0.234085	0.289820	-0.042733	0.956127	0.050118	-0.996954	-0.059749	0.955768	0.065236	-0.286796
38511	9.181679	-1.035937	-1.292938	-0.567077	-0.437776	-0.265068	0.293881	-0.039806	0.955013	0.045482	-0.997418	-0.055569	0.954759	0.059767	-0.291312
38512	9.160669	-1.032771	-1.421314	-0.593588	-0.467190	-0.284439	0.298378	-0.036612	0.953745	0.040731	-0.997865	-0.051048	0.953578	0.054079	-0.296250
38513	9.122769	-0.978496	-1.640110	-0.594972	-0.504328	-0.311855	0.303071	-0.033231	0.952388	0.036007	-0.998279	-0.046290	0.952288	0.048322	-0.301353
38514	9.332902	-0.783067	-2.003623	-0.584121	-0.530848	-0.328476	0.308221	-0.029747	0.950850	0.031308	-0.998652	-0.041391	0.950799	0.042527	-0.306874
38515	9.568370	-0.488663	-2.246682	-0.572712	-0.535845	-0.331716	0.313223	-0.026211	0.949318	0.026905	-0.998973	-0.036459	0.949298	0.036962	-0.312196
38516	9.733396	-0.292571	-2.657710	-0.581588	-0.519328	-0.328515	0.318154	-0.022602	0.947770	0.022597	-0.999251	-0.031415	0.947770	0.031412	-0.317405
38517	9.759713	-0.025818	-2.785690	-0.586191	-0.505749	-0.327656	0.322885	-0.019173	0.946244	0.018104	-0.999487	-0.026430	0.946265	0.025664	-0.322372
38518	9.796726	0.179889	-3.061378	-0.595126	-0.505331	-0.320289	0.327698	-0.015900	0.944649	0.013371	-0.999680	-0.021465	0.944688	0.019665	-0.327380
38519	9.837239	0.330759	-3.405206	-0.610715	-0.490081	-0.306985	0.332298	-0.012739	0.943088	0.008628	-0.999826	-0.016546	0.943135	0.013635	-0.332131
38520	9.949517	0.450523	-3.643233	-0.668681	-0.459084	-0.287911	0.336624	-0.009783	0.941588	0.003268	-0.999928	-0.011557	0.941633	0.006967	-0.336568
38521	10.085792	-0.155330	-3.741173	-0.726764	-0.429799	-0.268810	0.340676	-0.007070	0.940154	-0.002652	-0.999975	-0.006559	0.940177	-0.000258	-0.340687
38522	10.104844	-0.487802	-3.439595	-0.629460	-0.395993	-0.263343	0.344409	-0.004453	0.938809	-0.007730	-0.999968	-0.001907	0.938788	-0.006600	-0.344433
38523	9.902038	-0.146500	-3.734419	-0.499751	-0.397316	-0.254933	0.348170	-0.001930	0.937429	-0.011526	-0.999931	0.002222	0.937360	-0.011578	-0.348168
38524	9.640036	0.338393	-3.563796	-0.446796	-0.372359	-0.243863	0.351706	0.000482	0.936110	-0.014870	-0.999871	0.006102	0.935992	-0.016066	-0.351654
38525	9.497636	0.509966	-3.413958	-0.423617	-0.374818	-0.242558	0.355261	0.002849	0.934763	-0.017966	-0.999790	0.009875	0.934595	-0.020302	-0.355135
38526	9.328155	0.585788	-3.365921	-0.416376	-0.380985	-0.255356	0.358844	0.005357	0.933382	-0.020916	-0.999686	0.013779	0.933163	-0.024467	-0.358619
38527	9.189341	0.570264	-3.116529	-0.449952	-0.390914	-0.269520	0.362559	0.007956	0.931927	-0.024130	-0.999548	0.017921	0.931649	-0.028985	-0.362203
38528	9.104403	0.292000	-2.785854	-0.470149	-0.421078	-0.285608	0.366510	0.010724	0.930352	-0.027428	-0.999374	0.022324	0.930010	-0.033699	-0.365987
38529	9.276287	0.171009	-2.451921	-0.498402	-0.460489	-0.302106	0.370886	0.013586	0.928579	-0.030935	-0.999157	0.026974	0.928163	-0.038730	-0.370153
38530	9.240626	-0.077552	-2.160224	-0.525391	-0.487052	-0.321369	0.375472	0.016646	0.926684	-0.034562	-0.998892	0.031947	0.926189	-0.044023	-0.374480
38531	9.227105	-0.173585	-1.797999	-0.545244	-0.538434	-0.342716	0.380587	0.019826	0.924533	-0.038300	-0.998574	0.037181	0.923952	-0.049561	-0.379285
38532	9.367484	-0.168887	-1.695367	-0.571532	-0.596086	-0.364264	0.386188	0.023192	0.922129	-0.042144	-0.998196	0.042755	0.921457	-0.055373	-0.384514
38533	9.607557	-0.189314	-1.613616	-0.607601	-0.626607	-0.389104	0.392135	0.026718	0.919520	-0.046210	-0.997744	0.048698	0.918746	-0.061587	-0.390015
38534	9.576698	-0.342199	-1.690817	-0.614645	-0.658506	-0.407710	0.398318	0.030394	0.916744	-0.050209	-0.997230	0.054878	0.915872	-0.067888	-0.395689
38535	9.607289	-0.753111	-1.785046	-0.595251	-0.712468	-0.426720	0.405064	0.034152	0.913650	-0.053928	-0.996670	0.061164	0.912696	-0.074047	-0.401873
38536	9.613399	-1.451242	-2.021233	-0.527249	-0.774510	-0.436537	0.412301	0.037931	0.910258	-0.056931	-0.996108	0.067295	0.909267	-0.079568	-0.408537
38537	9.852446	-1.865497	-2.295999	-0.413381	-0.814746	-0.436325	0.419956	0.041619	0.906589	-0.058857	-0.995596	0.072969	0.905634	-0.084003	-0.415657
38538	9.976836	-2.023480	-2.408266	-0.303145	-0.863764	-0.421968	0.427945	0.045078	0.902680	-0.059814	-0.995153	0.078053	0.901823	-0.087395	-0.423175
38539	10.197882	-1.845088	-2.399590	-0.207651	-0.896180	-0.411906	0.436265	0.048391	0.898516	-0.059893	-0.994777	0.082656	0.897823	-0.089874	-0.431088
38540	10.374445	-1.845075	-2.197883	-0.106907	-0.936628	-0.417421	0.444830	0.051663	0.894124	-0.059046	-0.994471	0.086836	0.893667	-0.091421	-0.439320
38541	10.432469	-1.244953	-2.328472	0.010528	-0.979379	-0.401769	0.453803	0.054770	0.889417	-0.057136	-0.994267	0.090379	0.889268	-0.091832	-0.448073
38542	10.547744	-0.015821	-2.489840	0.087205	-1.017735	-0.360629	0.462951	0.057364	0.884526	-0.054768	-0.994146	0.093138	0.884690	-0.091562	-0.457099
38543	10.875042	1.257856	-2.682261	0.032884	-1.068360	-0.335677	0.472566	0.059730	0.879269	-0.052897	-0.993979	0.095953	0.879706	-0.091855	-0.466561
38544	11.077442	2.129562	-2.482444	-0.113571	-1.072981	-0.341484	0.482069	0.062067	0.873932	-0.052326	-0.993667	0.099435	0.874569	-0.093664	-0.475769
38545	11.263390	2.563697	-2.487627	-0.293059	-1.120424	-0.384059	0.492048	0.064822	0.868152	-0.053000	-0.993144	0.104194	0.868953	-0.097280	-0.485239
38546	11.438644	2.308320	-2.924593	-0.436346	-1.152553	-0.424290	0.502160	0.067838	0.862110	-0.054721	-0.992428	0.109966	0.863041	-0.102396	-0.494646
38547	11.403103	1.973674	-3.304051	-0.562958	-1.169735	-0.436012	0.512472	0.070937	0.855769	-0.057340	-0.991531	0.116528	0.856787	-0.108787	-0.504064
38548	11.342129	1.462144	-3.546830	-0.657024	-1.156061	-0.434166	0.522492	0.073905	0.849435	-0.060747	-0.990478	0.123542	0.850477	-0.116150	-0.513028
38549	10.973522	1.253404	-4.239420	-0.574999	-1.153787	-0.410150	0.532531	0.076596	0.842937	-0.063444	-0.989483	0.129993	0.844029	-0.122705	-0.522071
38550	10.545251	1.454425	-5.019420	-0.566911	-1.147070	-0.382120	0.542314	0.078895	0.836464	-0.066205	-0.988473	0.136156	0.837564	-0.129217	-0.530839
38551	10.303739	1.683999	-5.108750	-0.584639	-1.151001	-0.375455	0.552178	0.081087	0.829774	-0.069017	-0.987397	0.142418	0.830865	-0.135909	-0.539623
38552	9.798418	1.622009	-5.350995	-0.486503	-1.156280	-0.374566	0.561898	0.083145	0.823017	-0.071006	-0.986416	0.148129	0.824153	-0.141673	-0.548361
38553	9.439280	1.308393	-5.848096	-0.342996	-1.113121	-0.376087	0.571312	0.085260	0.816292	-0.071680	-0.985606	0.153112	0.817597	-0.145987	-0.556977
38554	9.261242	1.320651	-6.207176	-0.267990	-1.061007	-0.387083	0.580122	0.087469	0.809819	-0.071686	-0.984877	0.157731	0.811369	-0.149556	-0.565078
38555	9.078347	1.129403	-6.523819	-0.179749	-0.956244	-0.399019	0.588146	0.089963	0.803736	-0.070799	-0.984252	0.161977	0.805650	-0.152169	-0.572514
38556	8.530454	1.210006	-6.739280	-0.030395	-0.857724	-0.425024	0.595225	0.092793	0.798183	-0.068586	-0.983819	0.165520	0.800627	-0.153266	-0.579229
38557	8.008362	1.371593	-7.163609	0.109799	-0.762389	-0.427156	0.601605	0.095836	0.793024	-0.065143	-0.983584	0.168283	0.796133	-0.152900	-0.585486
38558	7.319029	1.565991	-7.406078	0.190610	-0.658163	-0.415684	0.606996	0.098872	0.788531	-0.061181	-0.983472	0.170411	0.792347	-0.151681	-0.590914
38559	6.544915	1.862791	-7.456696	0.295697	-0.578270	-0.407196	0.611815	0.102014	0.784395	-0.056351	-0.983508	0.171862	0.788991	-0.149349	-0.595976
38560	6.068937	2.212514	-7.705446	0.406577	-0.495549	-0.379230	0.615830	0.104962	0.780856	-0.050884	-0.983719	0.172361	0.786234	-0.145878	-0.600462
38561	5.366506	2.547249	-7.849462	0.492379	-0.386257	-0.356617	0.619041	0.107924	0.777908	-0.044806	-0.984046	0.172178	0.784080	-0.141440	-0.604329
38562	4.819021	3.046151	-7.601996	0.578170	-0.307068	-0.321143	0.621498	0.110616	0.775567	-0.038339	-0.984501	0.171139	0.782477	-0.136097	-0.607624
38563	5.327215	3.350214	-7.008457	0.462337	-0.149242	-0.262318	0.622766	0.113008	0.774204	-0.033081	-0.984826	0.170361	0.781708	-0.131707	-0.609578
38564	5.349905	3.606762	-7.534742	0.442426	0.101694	-0.188831	0.621956	0.114977	0.774565	-0.028480	-0.985185	0.169111	0.782534	-0.127239	-0.609467
38565	5.280843	3.722996	-6.787923	0.232787	0.293603	-0.109973	0.619693	0.116439	0.776159	-0.025964	-0.985351	0.168551	0.784415	-0.124602	-0.607592
38566	6.034617	3.011890	-5.784373	0.081606	0.465416	-0.043679	0.615980	0.117449	0.778957	-0.025064	-0.985401	0.168396	0.787363	-0.123253	-0.604043
38567	6.541206	2.830551	-5.561113	0.202150	0.673850	0.003741	0.610666	0.118242	0.783010	-0.023481	-0.985651	0.167155	0.791540	-0.120462	-0.599127
38568	6.215122	2.887227	-5.388294	0.304414	0.902832	0.021729	0.603425	0.119118	0.788473	-0.021191	-0.986035	0.165182	0.797138	-0.116384	-0.592474
38569	6.364465	3.120690	-5.049677	0.353135	1.064663	0.055658	0.594899	0.119791	0.794824	-0.018688	-0.986504	0.162667	0.803583	-0.111624	-0.584632
38570	6.753550	3.466771	-4.749270	0.294040	1.194511	0.133848	0.585168	0.119817	0.802011	-0.017084	-0.986983	0.159917	0.810732	-0.107280	-0.575504
38571	7.433038	4.093268	-4.437182	0.127075	1.387994	0.245342	0.573824	0.118873	0.810306	-0.017461	-0.987409	0.157219	0.818792	-0.104364	-0.564524
38572	7.319129	4.653178	-4.338656	-0.064171	1.667932	0.382591	0.559947	0.116890	0.820241	-0.020114	-0.987788	0.154498	0.828284	-0.103009	-0.550758
38573	6.811593	4.516462	-4.485548	-0.311024	1.854856	0.552302	0.544370	0.113362	0.831150	-0.025746	-0.988102	0.151631	0.838450	-0.103942	-0.534974
38574	6.706310	4.140191	-4.501283	-0.455857	1.962918	0.717304	0.527525	0.108438	0.842590	-0.033360	-0.988411	0.148091	0.848884	-0.106230	-0.517794
38575	6.842566	3.928131	-4.486617	-0.538939	2.018134	0.828567	0.509984	0.102432	0.854063	-0.042251	-0.988703	0.143809	0.859146	-0.109426	-0.499895
38576	7.149003	3.776850	-4.434768	-0.685662	2.040039	0.900977	0.491856	0.095935	0.865375	-0.052586	-0.988824	0.139508	0.869087	-0.114124	-0.481314
38577	7.448268	3.446412	-4.321693	-0.805614	2.065977	0.955473	0.473252	0.088916	0.876428	-0.064227	-0.988763	0.134993	0.878583	-0.120176	-0.462223
38578	7.673865	2.846744	-4.195148	-0.841070	2.085078	0.999245	0.454065	0.081764	0.887209	-0.076160	-0.988574	0.130083	0.887707	-0.126636	-0.442650
38579	7.885227	2.155673	-4.249034	-0.771500	2.093293	1.046827	0.434542	0.074138	0.897595	-0.087684	-0.988390	0.124087	0.896373	-0.132625	-0.422996
38580	8.094445	1.590769	-4.250197	-0.654176	2.091059	1.081118	0.414640	0.066441	0.907557	-0.098025	-0.988267	0.117134	0.904691	-0.137531	-0.403262
38581	8.351476	1.118901	-4.369773	-0.536380	2.077531	1.101674	0.394640	0.058461	0.916974	-0.107347	-0.988206	0.109201	0.912544	-0.141529	-0.383710
38582	8.563342	0.711601	-4.525391	-0.425640	2.046615	1.078342	0.374624	0.050892	0.925779	-0.115251	-0.988192	0.100961	0.919986	-0.144519	-0.364335
38583	8.782045	0.479233	-4.601387	-0.331132	1.989018	1.026085	0.355048	0.043659	0.933828	-0.122043	-0.988195	0.092602	0.926848	-0.146845	-0.345528
38584	8.974416	0.380332	-4.439968	-0.267381	1.924085	0.950716	0.335909	0.037256	0.941157	-0.127676	-0.988194	0.084687	0.933201	-0.148610	-0.327186
38585	9.086582	0.376067	-4.242974	-0.194843	1.867694	0.875265	0.317296	0.031404	0.947806	-0.132349	-0.988204	0.077048	0.939046	-0.149888	-0.309397
38586	9.051085	0.363598	-4.129513	-0.110490	1.826070	0.799384	0.298975	0.026384	0.953896	-0.135720	-0.988280	0.069873	0.944560	-0.150353	-0.291890
38587	8.898995	0.361016	-3.967484	-0.037739	1.789034	0.739260	0.281027	0.021776	0.959453	-0.138211	-0.988402	0.062916	0.949695	-0.150288	-0.274758
38588	8.735164	0.164323	-3.908831	0.030637	1.754096	0.691802	0.263319	0.017697	0.964547	-0.139674	-0.988597	0.056269	0.954544	-0.149539	-0.257844
38589	8.628947	-0.036649	-3.791964	0.112600	1.723381	0.668367	0.245903	0.013663	0.969198	-0.140289	-0.988871	0.049535	0.959088	-0.148149	-0.241249
38590	8.578577	-0.200770	-3.592892	0.209785	1.680875	0.656049	0.228788	0.009764	0.973427	-0.139708	-0.989269	0.042759	0.963399	-0.145778	-0.224968
38591	8.634842	-0.188991	-3.440751	0.299280	1.633667	0.644165	0.212130	0.005756	0.977224	-0.138229	-0.989752	0.035836	0.967416	-0.142683	-0.209161
38592	8.830870	0.010136	-3.302103	0.342860	1.584419	0.621349	0.195887	0.001945	0.980625	-0.136059	-0.990272	0.029143	0.971142	-0.139132	-0.193717
38593	8.961519	0.321414	-3.052568	0.317917	1.526158	0.598945	0.180242	-0.001878	0.983621	-0.134084	-0.990710	0.022679	0.974441	-0.135975	-0.178819
38594	8.974106	0.541253	-2.707975	0.213408	1.449164	0.572599	0.165308	-0.005494	0.986227	-0.132879	-0.990991	0.016752	0.977249	-0.133818	-0.164549
38595	9.046757	0.589825	-2.456725	0.092135	1.363345	0.545743	0.151254	-0.009074	0.988453	-0.132832	-0.991075	0.011228	0.979529	-0.132997	-0.151109
38596	9.154677	0.507567	-2.329518	-0.028677	1.259314	0.525001	0.138185	-0.012499	0.990327	-0.133759	-0.990995	0.006157	0.981332	-0.133316	-0.138613
38597	9.133372	0.276863	-2.219856	-0.141071	1.176222	0.509337	0.125958	-0.015958	0.991907	-0.135809	-0.990734	0.001307	0.982696	-0.134874	-0.126959
38598	9.103144	-0.008202	-2.225762	-0.228189	1.102244	0.494519	0.114426	-0.019257	0.993245	-0.138531	-0.990353	-0.003242	0.983726	-0.137224	-0.115989
38599	8.922626	-0.381954	-2.148128	-0.243385	1.023650	0.475957	0.103696	-0.022541	0.994354	-0.141436	-0.989917	-0.007691	0.984501	-0.139840	-0.105838
38600	8.786473	-0.690454	-2.162903	-0.211897	0.915583	0.453735	0.094020	-0.025647	0.995240	-0.143860	-0.989526	-0.011909	0.985122	-0.142056	-0.096725
38601	8.702115	-0.790410	-2.174253	-0.141101	0.807729	0.434827	0.085442	-0.028784	0.995927	-0.145632	-0.989208	-0.016096	0.985642	-0.143664	-0.088711
38602	8.595437	-0.755668	-2.134517	-0.068601	0.694422	0.411815	0.077986	-0.031771	0.996448	-0.146542	-0.989001	-0.020065	0.986126	-0.144456	-0.081784
38603	8.568432	-0.538628	-2.152287	-0.000644	0.586852	0.398073	0.071625	-0.034849	0.996823	-0.146837	-0.988869	-0.024020	0.986564	-0.144650	-0.075944
38604	8.540992	-0.343227	-2.189171	0.037950	0.491527	0.380584	0.066214	-0.037823	0.997088	-0.146629	-0.988802	-0.027771	0.986973	-0.144363	-0.071018
38605	8.488635	-0.167883	-2.245374	0.043693	0.401186	0.371560	0.061720	-0.040907	0.997255	-0.146426	-0.988720	-0.031495	0.987294	-0.144081	-0.067013
38606	8.435824	-0.025347	-2.352794	0.039955	0.307751	0.363247	0.058153	-0.043979	0.997338	-0.146156	-0.988640	-0.035074	0.987551	-0.143727	-0.063921
38607	8.331899	0.089046	-2.458139	-0.001220	0.221282	0.355661	0.055458	-0.047166	0.997346	-0.146361	-0.988477	-0.038608	0.987675	-0.143832	-0.061723
38608	8.281500	0.244456	-2.657915	-0.064471	0.130710	0.348140	0.053668	-0.050343	0.997289	-0.147094	-0.988232	-0.041970	0.987665	-0.144443	-0.060442
38609	8.250703	0.370559	-2.797016	-0.150858	0.059166	0.342625	0.052588	-0.053631	0.997175	-0.148757	-0.987836	-0.045283	0.987474	-0.145956	-0.059926
38610	8.188782	0.460422	-2.853819	-0.246746	-0.009273	0.339021	0.052192	-0.056914	0.997014	-0.151273	-0.987304	-0.048441	0.987113	-0.148293	-0.060139
38611	8.123874	0.429721	-3.109235	-0.328700	-0.073881	0.338096	0.052414	-0.060351	0.996800	-0.154685	-0.986615	-0.051600	0.986573	-0.151485	-0.061048
38612	8.118966	0.324958	-3.212698	-0.413679	-0.127474	0.337932	0.053173	-0.063797	0.996545	-0.158840	-0.985791	-0.054633	0.985871	-0.155387	-0.062551
38613	8.359866	0.257971	-2.580379	-0.583944	-0.151515	0.331337	0.054141	-0.067290	0.996263	-0.164763	-0.984653	-0.057552	0.984846	-0.161032	-0.064397
38614	9.080985	-0.689290	-0.684854	-0.922719	-0.140105	0.320997	0.055017	-0.070595	0.995987	-0.173912	-0.982928	-0.060063	0.983223	-0.169910	-0.066356
38615	10.375853	-2.016548	-0.200070	-0.650445	-0.158353	0.288932	0.056073	-0.073696	0.995703	-0.180455	-0.981596	-0.062490	0.981984	-0.176176	-0.068340
38616	11.805384	-2.164357	-0.177236	-0.256689	0.021760	0.193870	0.055547	-0.075482	0.995599	-0.182985	-0.981019	-0.064167	0.981545	-0.178616	-0.068304
38617	12.129016	-2.235039	1.119991	0.061256	0.186523	0.115544	0.053516	-0.076271	0.995650	-0.182438	-0.981043	-0.065346	0.981760	-0.178147	-0.066416
38618	12.199090	-2.205419	1.231202	0.500043	0.241785	0.053513	0.051077	-0.076304	0.995776	-0.177469	-0.981901	-0.066137	0.982800	-0.173341	-0.063694
38619	12.052631	-1.343054	1.223669	0.776824	0.221702	-0.014486	0.048933	-0.075774	0.995924	-0.169812	-0.983233	-0.066465	0.984261	-0.165868	-0.060980
38620	11.415190	-0.255636	1.102772	0.809121	0.131437	-0.036144	0.047722	-0.075143	0.996030	-0.161748	-0.984587	-0.066530	0.985678	-0.157931	-0.059141
38621	10.573607	0.541709	1.178582	0.658302	0.011500	0.007347	0.047608	-0.075185	0.996032	-0.155250	-0.985602	-0.066978	0.986727	-0.151445	-0.058595
38622	10.281947	1.141548	1.211302	0.445829	-0.127690	0.057530	0.048800	-0.075873	0.995923	-0.150789	-0.986242	-0.067747	0.987361	-0.146869	-0.059569
38623	10.218659	1.471265	1.123611	0.241831	-0.227809	0.093580	0.050921	-0.077116	0.995721	-0.148439	-0.986525	-0.068812	0.987610	-0.144299	-0.061681
38624	10.270355	1.306890	0.728458	0.059905	-0.303085	0.106332	0.053774	-0.078514	0.995462	-0.147794	-0.986550	-0.069828	0.987555	-0.143368	-0.064655
38625	9.870231	0.739068	0.217965	-0.124464	-0.361912	0.116700	0.057186	-0.080174	0.995139	-0.149078	-0.986281	-0.070893	0.987171	-0.144299	-0.068353
38626	9.842203	-0.066006	-0.545841	-0.266223	-0.481883	0.127304	0.061768	-0.082030	0.994714	-0.151654	-0.985817	-0.071879	0.986502	-0.146413	-0.073332
38627	10.402812	-0.207412	-1.159527	-0.299919	-0.489433	0.132779	0.066402	-0.084049	0.994247	-0.154687	-0.985266	-0.072958	0.985729	-0.148953	-0.078425
38628	10.215507	-0.320439	-1.185202	-0.324477	-0.401604	0.130250	0.070177	-0.085831	0.993835	-0.157842	-0.984696	-0.073896	0.984968	-0.151683	-0.082650
38629	9.486232	-0.734260	-1.323288	-0.303518	-0.343002	0.143981	0.073336	-0.087760	0.993438	-0.160924	-0.984109	-0.075057	0.984238	-0.154364	-0.086293
38630	9.069231	-1.213163	-1.660477	-0.247998	-0.352864	0.155198	0.076579	-0.089730	0.993018	-0.163349	-0.983615	-0.076283	0.983592	-0.156366	-0.089982
38631	9.308517	-1.711422	-1.917737	-0.150806	-0.349958	0.149457	0.079787	-0.091737	0.992582	-0.164938	-0.983245	-0.077615	0.983071	-0.157522	-0.093581
38632	9.818566	-1.928166	-1.861764	0.017343	-0.342296	0.134570	0.082954	-0.093499	0.992158	-0.164755	-0.983176	-0.078877	0.982840	-0.156920	-0.096963
38633	10.208433	-1.891072	-1.632912	0.170323	-0.328383	0.101877	0.086026	-0.095000	0.991753	-0.163156	-0.983348	-0.080042	0.982843	-0.154925	-0.100094
38634	10.242659	-1.511022	-1.471415	0.303265	-0.332426	0.089731	0.089174	-0.096302	0.991350	-0.160144	-0.983751	-0.081159	0.983057	-0.151522	-0.103147
38635	10.140591	-1.023112	-1.562350	0.381558	-0.326571	0.101163	0.092236	-0.097773	0.990925	-0.156474	-0.984227	-0.082547	0.983366	-0.147440	-0.106080
