// General information: 
//  MT Manager version: 2022.2.0 
//  XDA version: 2022.2.0 build 7381 rev 124627 built on 2023-07-19
// Device information: 
//  DeviceId: 00B4CB9F
//  ProductCode: MTW2-3A7G6
//  Firmware Version: 4.6.0
//  Hardware Version: 2.0.0
// Device settings: 
//  Filter Profile: human(46.1)
//  Option Flags: Orientation Smoother Disabled, Position/Velocity Smoother Disabled, Continuous Zero Rotation Update Disabled, AHS Disabled, ICC Disabled
// Coordinate system: ENU
PacketCounter	Acc_X	Acc_Y	Acc_Z	Gyr_X	Gyr_Y	Gyr_Z	Mat[1][1]	Mat[2][1]	Mat[3][1]	Mat[1][2]	Mat[2][2]	Mat[3][2]	Mat[1][3]	Mat[2][3]	Mat[3][3]
60188	9.556651	-0.579114	-2.358545	-0.023268	0.008052	-0.004743	0.212229	0.127670	0.968844	0.701854	-0.709771	-0.060213	0.679971	0.692766	-0.240240
60189	9.515424	-0.655645	-2.357994	-0.020793	0.020393	-0.006251	0.212076	0.127558	0.968893	0.701731	-0.709900	-0.060137	0.680146	0.692655	-0.240064
60190	9.543248	-0.676477	-2.404768	-0.013016	0.017711	-0.007725	0.211883	0.127623	0.968926	0.701604	-0.710044	-0.059902	0.680336	0.692495	-0.239987
60191	9.519748	-0.677881	-2.428006	-0.000677	0.015247	-0.007637	0.211754	0.127557	0.968963	0.701620	-0.710032	-0.059859	0.680359	0.692520	-0.239849
60192	9.470553	-0.657565	-2.525224	0.008823	0.008065	-0.006043	0.211801	0.127635	0.968943	0.701632	-0.710022	-0.059841	0.680333	0.692516	-0.239936
60193	9.395306	-0.640101	-2.526369	0.015860	-0.011458	-0.004472	0.211876	0.127732	0.968913	0.701754	-0.709900	-0.059869	0.680184	0.692623	-0.240047
60194	9.467200	-0.633205	-2.477602	0.017520	-0.014434	-0.002933	0.211912	0.127728	0.968906	0.701948	-0.709699	-0.059967	0.679972	0.692830	-0.240052
60195	9.515420	-0.628967	-2.478235	0.017549	-0.015961	0.003178	0.212071	0.127801	0.968862	0.702065	-0.709574	-0.060074	0.679802	0.692944	-0.240205
60196	9.560209	-0.600816	-2.405825	0.014564	-0.017633	0.004684	0.212364	0.127802	0.968797	0.702168	-0.709451	-0.060328	0.679604	0.693070	-0.240401
60197	9.583236	-0.599260	-2.333074	0.009186	-0.001086	0.004647	0.212433	0.127762	0.968787	0.702225	-0.709386	-0.060430	0.679523	0.693144	-0.240415
60198	9.548920	-0.504988	-2.284425	0.007380	0.004937	0.003107	0.212823	0.127682	0.968712	0.702270	-0.709310	-0.060796	0.679355	0.693236	-0.240625
60199	9.548846	-0.505099	-2.258867	-0.011620	0.019302	-0.000082	0.212723	0.127533	0.968754	0.702196	-0.709383	-0.060803	0.679463	0.693189	-0.240455
60200	9.474389	-0.487202	-2.282640	-0.014552	0.017634	-0.006214	0.212712	0.127347	0.968781	0.702157	-0.709412	-0.060917	0.679507	0.693194	-0.240318
60201	9.501098	-0.507906	-2.256395	-0.026638	0.015526	-0.010884	0.212562	0.127301	0.968820	0.702003	-0.709575	-0.060785	0.679712	0.693035	-0.240194
60202	9.550449	-0.501535	-2.278789	-0.034270	0.015158	-0.009412	0.212633	0.127301	0.968804	0.701778	-0.709800	-0.060758	0.679923	0.692805	-0.240264
60203	9.508011	-0.553102	-2.351481	-0.034281	0.015157	-0.007885	0.212508	0.127237	0.968840	0.701566	-0.710020	-0.060637	0.680180	0.692591	-0.240150
60204	9.518491	-0.648784	-2.399225	-0.029573	0.012328	-0.006324	0.212473	0.127235	0.968848	0.701340	-0.710252	-0.060533	0.680425	0.692353	-0.240144
60205	9.495551	-0.649829	-2.472092	-0.021670	0.006597	-0.004741	0.212428	0.127207	0.968862	0.701207	-0.710389	-0.060472	0.680576	0.692218	-0.240105
60206	9.455177	-0.726708	-2.545985	-0.004499	-0.001745	-0.000035	0.212327	0.127250	0.968878	0.701155	-0.710451	-0.060348	0.680661	0.692147	-0.240070
60207	9.454544	-0.726973	-2.522516	0.003896	-0.018148	0.004597	0.212515	0.127328	0.968827	0.701176	-0.710422	-0.060438	0.680581	0.692162	-0.240255
60208	9.497273	-0.674509	-2.474417	0.012882	-0.014661	0.006195	0.212853	0.127478	0.968733	0.701197	-0.710389	-0.060587	0.680454	0.692168	-0.240595
60209	9.516494	-0.624505	-2.475239	0.015857	-0.012990	0.006218	0.213018	0.127509	0.968692	0.701295	-0.710280	-0.060722	0.680300	0.692274	-0.240724
60210	9.554366	-0.523588	-2.402115	0.009478	-0.007185	0.004647	0.213216	0.127519	0.968647	0.701349	-0.710214	-0.060882	0.680183	0.692341	-0.240864
60211	9.578299	-0.521658	-2.377317	-0.003426	0.007473	0.001507	0.213210	0.127442	0.968659	0.701326	-0.710232	-0.060925	0.680208	0.692336	-0.240807
60212	9.479331	-0.506471	-2.402327	-0.008112	0.010305	-0.003108	0.213214	0.127329	0.968673	0.701315	-0.710237	-0.061008	0.680219	0.692352	-0.240730
60213	9.484261	-0.554472	-2.401543	-0.017183	0.008341	-0.003176	0.213169	0.127279	0.968689	0.701208	-0.710344	-0.060973	0.680342	0.692251	-0.240672
60214	9.462432	-0.580334	-2.401623	-0.022912	0.000427	-0.003225	0.213418	0.127263	0.968637	0.701067	-0.710471	-0.061121	0.680410	0.692123	-0.240847
60215	9.490690	-0.626130	-2.352700	-0.030515	-0.001474	0.004356	0.213494	0.127227	0.968625	0.700854	-0.710681	-0.061128	0.680606	0.691915	-0.240894
60216	9.565186	-0.643217	-2.303018	-0.032186	0.001501	0.004346	0.213479	0.127049	0.968651	0.700688	-0.710839	-0.061189	0.680781	0.691785	-0.240771
60217	9.615429	-0.662755	-2.253491	-0.030746	0.003096	0.005886	0.213534	0.126970	0.968649	0.700471	-0.711051	-0.061211	0.680987	0.691582	-0.240772
60218	9.610538	-0.614016	-2.228380	-0.032772	0.013695	0.004357	0.213501	0.126932	0.968662	0.700184	-0.711342	-0.061114	0.681293	0.691289	-0.240748
60219	9.536778	-0.596008	-2.301152	-0.025484	0.021691	-0.000159	0.213387	0.126768	0.968708	0.700015	-0.711511	-0.061089	0.681502	0.691146	-0.240567
60220	9.466719	-0.626516	-2.300513	-0.013088	0.019243	-0.007707	0.213236	0.126627	0.968760	0.699990	-0.711536	-0.061072	0.681575	0.691145	-0.240363
60221	9.465848	-0.600922	-2.372499	-0.009453	0.007197	-0.007699	0.213168	0.126616	0.968776	0.699946	-0.711584	-0.061013	0.681641	0.691098	-0.240312
60222	9.491055	-0.597677	-2.420482	-0.000112	0.003058	-0.004579	0.213096	0.126546	0.968801	0.699981	-0.711549	-0.061023	0.681628	0.691147	-0.240208
60223	9.495459	-0.646309	-2.395880	0.005938	0.003339	0.001580	0.213118	0.126496	0.968803	0.700023	-0.711503	-0.061091	0.681578	0.691204	-0.240184
60224	9.522182	-0.668720	-2.395124	0.007365	0.004930	0.004649	0.213323	0.126384	0.968773	0.700065	-0.711440	-0.061340	0.681471	0.691289	-0.240243
60225	9.476036	-0.698505	-2.395313	0.004134	0.007822	0.009212	0.213369	0.126249	0.968780	0.700078	-0.711415	-0.061479	0.681443	0.691339	-0.240178
60226	9.497717	-0.672934	-2.369755	0.004208	0.006298	0.009210	0.213630	0.126180	0.968732	0.700065	-0.711407	-0.061719	0.681375	0.691360	-0.240312
60227	9.520225	-0.646966	-2.392826	-0.000634	0.012181	0.006125	0.213626	0.126036	0.968751	0.700051	-0.711412	-0.061817	0.681390	0.691381	-0.240207
60228	9.518885	-0.622783	-2.440592	-0.003499	0.008996	0.001514	0.213525	0.126062	0.968770	0.700024	-0.711448	-0.061713	0.681450	0.691339	-0.240159
60229	9.492448	-0.600734	-2.440163	-0.003402	0.007478	-0.001543	0.213499	0.126006	0.968783	0.700008	-0.711462	-0.061729	0.681474	0.691335	-0.240102
60230	9.463553	-0.554153	-2.440186	-0.004475	-0.001737	-0.003094	0.213544	0.126029	0.968770	0.699996	-0.711473	-0.061742	0.681473	0.691320	-0.240150
60231	9.440747	-0.580785	-2.392155	-0.018179	-0.003936	0.004430	0.213637	0.126010	0.968752	0.699866	-0.711597	-0.061780	0.681576	0.691196	-0.240213
60232	9.489159	-0.575915	-2.392147	-0.020910	-0.010172	0.001342	0.213902	0.125967	0.968699	0.699757	-0.711688	-0.061970	0.681605	0.691110	-0.240378
60233	9.559104	-0.544520	-2.367442	-0.024141	-0.007281	0.005905	0.214029	0.125959	0.968672	0.699584	-0.711854	-0.062010	0.681743	0.690940	-0.240477
60234	9.563318	-0.593249	-2.343505	-0.023128	0.003462	0.005934	0.214235	0.125796	0.968648	0.699440	-0.711977	-0.062232	0.681826	0.690844	-0.240517
60235	9.560363	-0.569016	-2.294031	-0.021934	0.011167	0.001376	0.214206	0.125693	0.968668	0.699292	-0.712122	-0.062234	0.681987	0.690713	-0.240437
60236	9.539517	-0.594983	-2.342020	-0.019239	0.018938	-0.000113	0.214076	0.125509	0.968720	0.699179	-0.712233	-0.062232	0.682144	0.690631	-0.240226
60237	9.516853	-0.596077	-2.414010	-0.014520	0.017658	-0.009243	0.213927	0.125437	0.968762	0.699104	-0.712314	-0.062148	0.682267	0.690561	-0.240077
60238	9.570553	-0.638616	-2.412061	-0.009619	0.011793	-0.013800	0.213769	0.125441	0.968797	0.699071	-0.712358	-0.062016	0.682351	0.690515	-0.239972
60239	9.526687	-0.665526	-2.533851	-0.002084	0.013679	-0.012206	0.213627	0.125417	0.968831	0.699088	-0.712348	-0.061934	0.682378	0.690529	-0.239854
60240	9.386601	-0.727146	-2.584751	0.015450	-0.002294	-0.007515	0.213846	0.125468	0.968776	0.699219	-0.712204	-0.062106	0.682175	0.690668	-0.240032
60241	9.285201	-0.712600	-2.489680	0.016379	-0.022116	-0.004499	0.214003	0.125637	0.968720	0.699345	-0.712078	-0.062143	0.681996	0.690768	-0.240250
60242	9.052265	-0.537849	-2.811998	0.002662	-0.024325	0.004550	0.214163	0.125765	0.968668	0.699367	-0.712054	-0.062175	0.681924	0.690770	-0.240451
60243	9.041620	-0.219685	-2.722341	-0.016881	-0.187169	-0.009732	0.215408	0.127111	0.968216	0.699277	-0.712150	-0.062081	0.681624	0.690424	-0.242288
60244	10.105696	0.030664	-1.942110	-0.059866	-0.178475	-0.039054	0.216436	0.128590	0.967791	0.698965	-0.712494	-0.061647	0.681618	0.689795	-0.244089
60245	9.995946	-0.340914	-2.124704	-0.176704	0.025147	-0.031600	0.216081	0.128626	0.967866	0.697833	-0.713663	-0.060952	0.682890	0.688579	-0.243968
60246	9.361750	-0.809288	-2.601295	-0.229520	-0.021772	-0.016844	0.216080	0.128810	0.967842	0.696334	-0.715182	-0.060280	0.684418	0.686966	-0.244232
60247	9.403336	-1.020591	-2.391057	-0.222619	-0.100875	-0.017191	0.216689	0.129608	0.967599	0.694851	-0.716679	-0.059610	0.685732	0.685254	-0.245355
60248	9.453551	-1.059102	-2.278995	-0.189074	-0.067106	-0.025971	0.217069	0.130309	0.967420	0.693569	-0.717978	-0.058912	0.686909	0.683760	-0.246229
60249	9.451159	-1.027163	-2.358128	-0.122065	-0.030144	-0.037566	0.217052	0.130768	0.967361	0.692816	-0.718755	-0.058289	0.687673	0.682855	-0.246606
60250	9.549892	-1.010094	-2.505541	-0.028926	0.001903	-0.035285	0.216898	0.131015	0.967363	0.692726	-0.718868	-0.057960	0.687813	0.682689	-0.246678
60251	9.634238	-0.850531	-2.598882	0.034347	0.018667	-0.022584	0.216650	0.131033	0.967416	0.693016	-0.718596	-0.057868	0.687598	0.682972	-0.246492
60252	9.616691	-0.654084	-2.691564	0.040303	0.020397	-0.010315	0.216566	0.130933	0.967448	0.693306	-0.718307	-0.057984	0.687332	0.683295	-0.246338
60253	9.571196	-0.438206	-2.687150	0.022409	0.010271	0.000203	0.216535	0.130845	0.967467	0.693464	-0.718146	-0.058083	0.687182	0.683481	-0.246240
60254	9.536159	-0.345836	-2.563260	-0.006438	0.005739	0.007643	0.216571	0.130680	0.967481	0.693460	-0.718139	-0.058231	0.687176	0.683520	-0.246149
60255	9.517152	-0.397611	-2.562330	-0.023233	0.035400	0.016925	0.216483	0.130299	0.967552	0.693268	-0.718311	-0.058379	0.687397	0.683411	-0.245834
60256	9.454906	-0.502952	-2.560601	-0.014822	0.051113	0.014033	0.216449	0.129830	0.967623	0.693181	-0.718371	-0.058672	0.687495	0.683438	-0.245487
60257	9.392547	-0.581342	-2.728540	0.006475	0.053732	0.008073	0.216174	0.129388	0.967744	0.693214	-0.718329	-0.058809	0.687549	0.683566	-0.244977
60258	9.353555	-0.658679	-2.823489	0.047121	0.035921	0.000569	0.215858	0.129079	0.967855	0.693558	-0.717987	-0.058927	0.687301	0.683984	-0.244507
60259	9.437155	-0.749591	-2.870454	0.073323	0.000564	-0.002562	0.215874	0.129076	0.967852	0.694072	-0.717473	-0.059125	0.686776	0.684523	-0.244472
60260	9.570357	-0.861460	-2.870446	0.097138	-0.018148	0.000525	0.216238	0.129109	0.967766	0.694786	-0.716741	-0.059623	0.685940	0.685283	-0.244690
60261	9.499772	-0.922454	-2.726765	0.111256	-0.026668	0.008201	0.216516	0.129215	0.967690	0.695536	-0.715980	-0.060019	0.685091	0.686059	-0.244895
60262	9.398309	-0.939722	-2.461624	0.099457	-0.038062	0.029447	0.217098	0.129228	0.967558	0.696192	-0.715287	-0.060675	0.684241	0.686778	-0.245254
60263	9.506256	-0.838972	-2.217279	0.066663	-0.026019	0.049165	0.217657	0.129037	0.967458	0.696546	-0.714884	-0.061358	0.683703	0.687234	-0.245480
60264	9.588291	-0.716428	-1.996289	0.038072	-0.004531	0.056733	0.218201	0.128722	0.967377	0.696674	-0.714700	-0.062041	0.683398	0.687484	-0.245626
60265	9.622357	-0.598725	-1.773636	0.024293	0.026855	0.062906	0.218495	0.128070	0.967398	0.696708	-0.714605	-0.062753	0.683270	0.687705	-0.245365
60266	9.674320	-0.405589	-1.546956	0.005786	0.062643	0.059897	0.218525	0.127179	0.967508	0.696660	-0.714593	-0.063416	0.683310	0.687882	-0.244757
60267	9.679415	-0.189464	-1.585461	-0.011522	0.106152	0.052339	0.218203	0.126057	0.967728	0.696472	-0.714730	-0.063939	0.683604	0.687947	-0.243751
60268	9.742463	-0.039306	-1.743600	-0.033016	0.109756	0.043036	0.217941	0.124996	0.967924	0.696150	-0.715001	-0.064413	0.684015	0.687859	-0.242844
60269	9.789255	0.037603	-1.951812	-0.044532	0.097055	0.029138	0.217519	0.124103	0.968134	0.695787	-0.715334	-0.064632	0.684519	0.687674	-0.241948
60270	9.600684	0.046732	-2.336044	-0.024372	0.095076	0.003318	0.216870	0.123409	0.968369	0.695637	-0.715482	-0.064609	0.684877	0.687645	-0.241014
60271	9.380307	-0.142353	-2.628117	0.022561	0.043949	-0.022506	0.216452	0.123250	0.968482	0.695846	-0.715290	-0.064490	0.684797	0.687873	-0.240589
60272	9.379603	-0.387034	-2.628777	0.081465	-0.006742	-0.020709	0.216514	0.123347	0.968456	0.696510	-0.714624	-0.064698	0.684102	0.688548	-0.240639
60273	9.449993	-0.627802	-2.582385	0.128369	-0.033647	0.002491	0.216801	0.123543	0.968367	0.697388	-0.713733	-0.065076	0.683116	0.689436	-0.240896
60274	9.603240	-0.768444	-2.266318	0.180629	-0.048136	0.045647	0.217572	0.123524	0.968196	0.698549	-0.712505	-0.066075	0.681683	0.690708	-0.241309
60275	9.899075	-0.631271	-1.798157	0.199774	-0.010737	0.103952	0.218413	0.122840	0.968094	0.699688	-0.711242	-0.067609	0.680245	0.692130	-0.241294
60276	9.962237	-0.323411	-1.523705	0.182310	0.060153	0.154341	0.219259	0.121462	0.968077	0.700579	-0.710176	-0.069570	0.679055	0.693468	-0.240806
60277	9.946587	0.073166	-1.344187	0.159388	0.091170	0.167913	0.219859	0.119620	0.968170	0.701296	-0.709263	-0.071624	0.678119	0.694721	-0.239826
60278	9.955809	0.472005	-1.113627	0.136580	0.122222	0.170757	0.220214	0.117586	0.968338	0.701862	-0.708502	-0.073580	0.677418	0.695843	-0.238551
60279	9.842788	0.640509	-1.054143	0.104889	0.151363	0.155156	0.220320	0.115416	0.968575	0.702235	-0.707943	-0.075377	0.676997	0.696775	-0.237023
60280	9.864290	0.675557	-0.992001	0.067982	0.123788	0.147168	0.220522	0.113556	0.968749	0.702398	-0.707613	-0.076945	0.676762	0.697416	-0.235805
60281	10.058095	0.629516	-0.659185	0.018393	0.106389	0.140547	0.220830	0.111802	0.968883	0.702217	-0.707634	-0.078395	0.676850	0.697678	-0.234776
60282	10.230463	0.556859	-0.398549	-0.044077	0.137381	0.147424	0.221028	0.109845	0.969062	0.701622	-0.708070	-0.079768	0.677402	0.697546	-0.233573
60283	10.282945	0.471896	-0.234129	-0.105620	0.177650	0.174110	0.221086	0.107356	0.969327	0.700526	-0.708986	-0.081255	0.678517	0.697003	-0.231953
60284	10.279050	0.477245	-0.090882	-0.136907	0.225291	0.201134	0.220947	0.104218	0.969702	0.699188	-0.710104	-0.082992	0.679940	0.696341	-0.229763
60285	10.329341	0.435350	-0.012651	-0.117409	0.307015	0.215095	0.220401	0.100535	0.970215	0.697919	-0.711132	-0.084856	0.681419	0.695834	-0.226899
60286	10.150510	0.350244	-0.324827	-0.075904	0.378867	0.217244	0.219244	0.096298	0.970906	0.696926	-0.711875	-0.086769	0.682808	0.695673	-0.223187
60287	9.950445	0.239864	-0.610960	-0.071694	0.386675	0.221865	0.218187	0.092011	0.971560	0.695955	-0.712572	-0.088810	0.684135	0.695539	-0.219509
60288	10.065539	0.054534	-0.643516	-0.096415	0.347617	0.230487	0.217561	0.087888	0.972082	0.694813	-0.713410	-0.091005	0.685494	0.695214	-0.216276
60289	10.225707	-0.227764	-0.457470	-0.154025	0.319636	0.256694	0.217191	0.083816	0.972524	0.693203	-0.714689	-0.093216	0.687239	0.694402	-0.213326
60290	11.249471	-0.165959	0.082344	-0.248301	0.223234	0.313900	0.217871	0.079935	0.972699	0.690847	-0.716620	-0.095850	0.689393	0.692868	-0.211353
60291	10.744749	0.418462	1.081577	-0.368986	0.515506	0.371373	0.216910	0.073684	0.973407	0.687494	-0.719446	-0.098739	0.693038	0.690629	-0.206712
60292	9.816293	0.546080	0.409893	-0.528212	0.613031	0.390404	0.215095	0.066614	0.974318	0.682953	-0.723402	-0.101313	0.698075	0.687206	-0.201095
60293	10.441910	0.097600	0.601007	-0.576424	0.591968	0.387177	0.213624	0.059730	0.975088	0.678090	-0.727585	-0.103988	0.703248	0.683412	-0.195932
60294	10.800341	-0.754065	0.262341	-0.630748	0.782568	0.446717	0.211118	0.050966	0.976131	0.672736	-0.732064	-0.107277	0.709123	0.679326	-0.188838
60295	10.278696	-1.535294	0.135178	-0.691264	0.833891	0.519841	0.208702	0.041482	0.977099	0.666727	-0.736972	-0.111121	0.715485	0.674649	-0.181465
60296	9.022299	-2.144874	-0.160072	-0.815286	0.925231	0.587849	0.205965	0.030823	0.978074	0.659624	-0.742668	-0.115501	0.722824	0.668950	-0.173295
60297	10.079775	-2.877175	1.241527	-0.770571	0.667720	0.610572	0.205166	0.021803	0.978484	0.652781	-0.747949	-0.120207	0.729235	0.663399	-0.167687
60298	10.720803	-3.693001	2.805953	-0.849467	0.984662	0.684355	0.202241	0.010051	0.979284	0.645080	-0.753741	-0.125486	0.736866	0.657095	-0.158921
60299	11.275937	-3.951006	3.769781	-0.717584	1.250879	0.755334	0.197868	-0.003868	0.980221	0.638262	-0.758447	-0.131833	0.743955	0.651724	-0.147604
60300	12.182083	-3.439166	4.375992	-0.534733	1.682285	0.779720	0.190145	-0.020960	0.981532	0.632699	-0.761850	-0.138837	0.750691	0.647414	-0.131600
60301	12.250522	-2.979503	3.719173	-0.385787	2.152770	0.779679	0.178873	-0.040831	0.983025	0.628360	-0.764085	-0.146074	0.757079	0.643822	-0.111018
60302	12.066728	-2.600744	3.009647	-0.247334	2.310498	0.759573	0.166058	-0.061725	0.984182	0.625073	-0.765331	-0.153466	0.762698	0.640670	-0.088507
60303	12.136022	-2.503870	2.603107	-0.191465	2.291082	0.773323	0.153394	-0.082313	0.984731	0.622382	-0.765981	-0.160978	0.767536	0.637571	-0.066267
60304	11.931037	-2.356281	2.213636	-0.164516	2.279747	0.783584	0.140754	-0.103023	0.984670	0.619753	-0.766433	-0.168780	0.772072	0.634008	-0.044030
60305	12.039366	-2.520834	1.732395	-0.224430	2.187442	0.765831	0.128597	-0.122741	0.984072	0.616994	-0.766969	-0.176290	0.776390	0.629836	-0.022899
60306	10.939814	-2.875457	1.478101	-0.339553	2.082083	0.792230	0.117220	-0.142088	0.982889	0.613096	-0.768240	-0.184177	0.781263	0.624195	-0.002940
60307	10.568611	-2.988529	2.239780	-0.589940	1.692182	0.863051	0.109265	-0.159256	0.981172	0.607504	-0.770581	-0.192727	0.786766	0.617124	0.012551
60308	12.106807	-3.587796	1.974352	-1.118549	1.623413	0.945406	0.101926	-0.176685	0.978976	0.597357	-0.776052	-0.202256	0.795472	0.605413	0.026444
60309	13.377276	-3.888719	0.586687	-1.296888	1.936306	0.965821	0.092189	-0.195825	0.976296	0.586052	-0.781996	-0.212192	0.805012	0.591722	0.042672
60310	13.724558	-3.758905	-1.292291	-0.948239	2.383612	0.865417	0.077858	-0.216709	0.973127	0.577302	-0.785991	-0.221224	0.812810	0.579012	0.063911
60311	14.355728	-3.427423	-3.234847	-0.353310	2.628779	0.650913	0.060231	-0.236960	0.969651	0.573986	-0.786524	-0.227861	0.816647	0.570290	0.088639
60312	14.859623	-2.796279	-4.130201	0.363667	2.756035	0.426324	0.040002	-0.256171	0.965803	0.576581	-0.783499	-0.231697	0.816060	0.566133	0.116362
60313	15.277627	-1.112692	-3.723003	0.999567	2.878556	0.247340	0.018062	-0.274427	0.961438	0.584656	-0.777159	-0.232811	0.811080	0.566315	0.146408
60314	13.601657	0.178882	-3.321231	1.091220	3.058948	0.172802	-0.005784	-0.293277	0.956010	0.593410	-0.770506	-0.232780	0.804880	0.565959	0.178490
60315	10.781696	1.239304	-2.918370	1.099509	2.964153	0.104636	-0.028867	-0.310875	0.950012	0.602254	-0.763944	-0.231687	0.797782	0.565461	0.209279
60316	8.598057	1.599056	-2.215985	0.728079	2.585023	0.049296	-0.049243	-0.325975	0.944095	0.608062	-0.759667	-0.230580	0.792361	0.562714	0.235621
60317	7.011219	0.583257	-3.081811	0.461802	2.247310	0.052601	-0.066638	-0.339001	0.938423	0.611759	-0.756876	-0.229976	0.788233	0.558764	0.257823
60318	5.913246	0.182779	-3.222947	0.278496	1.860194	0.058555	-0.081015	-0.349884	0.933283	0.614016	-0.755105	-0.229785	0.785125	0.554435	0.276010
60319	6.132487	-0.455348	-2.210884	0.116766	1.486440	0.029943	-0.092441	-0.358344	0.929002	0.614975	-0.754327	-0.229773	0.783109	0.550073	0.290104
60320	6.798582	-1.053555	-1.266823	-0.000484	1.348420	-0.006552	-0.103105	-0.365735	0.924991	0.614997	-0.754330	-0.229705	0.781759	0.545183	0.302701
60321	5.093799	-1.190447	-0.964535	-0.042332	1.581962	-0.057944	-0.115771	-0.373899	0.920216	0.614622	-0.754746	-0.229341	0.780280	0.539034	0.317184
60322	4.892789	-0.093430	-0.679310	0.264846	1.171124	-0.110158	-0.125620	-0.379405	0.916663	0.616589	-0.753710	-0.227462	0.777199	0.536631	0.328618
60323	7.400649	0.531983	0.980207	-0.273921	1.049517	-0.249854	-0.135270	-0.383145	0.913730	0.614153	-0.756097	-0.226126	0.777507	0.530582	0.337587
60324	7.674440	-1.101659	-2.094649	-0.441978	1.069534	-0.314758	-0.145558	-0.386413	0.910768	0.610318	-0.759608	-0.224739	0.778668	0.523145	0.346402
60325	7.221556	-0.140360	0.377214	-0.429826	0.729209	-0.263961	-0.152803	-0.388223	0.908809	0.606595	-0.762838	-0.223877	0.780188	0.517070	0.352058
60326	6.702575	-1.223540	-0.175987	-0.473720	0.845706	-0.281276	-0.161125	-0.390413	0.906431	0.602508	-0.766334	-0.222971	0.781680	0.510206	0.358702
60327	6.537673	-0.924667	0.295160	-0.291412	0.819444	-0.322156	-0.169423	-0.392125	0.904176	0.599719	-0.769046	-0.221147	0.782070	0.504784	0.365459
60328	6.455841	-1.185873	0.255115	-0.125812	0.829555	-0.366347	-0.178103	-0.393459	0.901926	0.598157	-0.771083	-0.218262	0.781337	0.500620	0.372682
60329	6.941223	-1.283509	0.902006	0.090480	0.730946	-0.396326	-0.186133	-0.394079	0.900031	0.598164	-0.772164	-0.214388	0.779458	0.498462	0.379449
60330	7.500388	-1.421802	1.329715	0.307114	0.662622	-0.441729	-0.193920	-0.393946	0.898444	0.599776	-0.772338	-0.209196	0.776314	0.498298	0.386051
60331	7.904515	-1.463511	2.152174	0.490797	0.560662	-0.499927	-0.201222	-0.392911	0.897291	0.602612	-0.771828	-0.202834	0.772249	0.499903	0.392081
60332	8.168864	-1.368531	3.033226	0.626273	0.463959	-0.566459	-0.208194	-0.390838	0.896605	0.606338	-0.770868	-0.195234	0.767469	0.502999	0.397470
60333	7.833312	-0.743198	3.940665	0.723718	0.381893	-0.642336	-0.214979	-0.387845	0.896304	0.610538	-0.769686	-0.186618	0.762251	0.507109	0.402260
60334	7.289890	-0.369159	4.477844	0.728720	0.284721	-0.713206	-0.221488	-0.383776	0.896470	0.614585	-0.768685	-0.177228	0.757119	0.511703	0.406117
60335	6.942222	-0.383046	4.743626	0.698621	0.151683	-0.780397	-0.227398	-0.378586	0.897197	0.618130	-0.768040	-0.167419	0.752466	0.516514	0.408666
60336	6.986192	-0.945441	4.599835	0.654278	0.027205	-0.788806	-0.232478	-0.372638	0.898385	0.621295	-0.767564	-0.157601	0.748296	0.521523	0.409960
60337	7.136387	-1.118010	4.506425	0.678062	-0.087003	-0.768436	-0.236570	-0.366312	0.899917	0.624577	-0.766821	-0.147946	0.744270	0.527068	0.410197
60338	7.031063	-0.851839	4.229482	0.642753	-0.171790	-0.763462	-0.240071	-0.359522	0.901726	0.627596	-0.766143	-0.138376	0.740601	0.532700	0.409563
60339	6.854229	-0.767236	3.992377	0.703635	-0.318606	-0.800319	-0.242707	-0.351712	0.904097	0.630887	-0.765191	-0.128311	0.736936	0.539242	0.407608
60340	6.787443	-1.062443	3.668370	0.880646	-0.524096	-0.874958	-0.244398	-0.342150	0.907305	0.635291	-0.763396	-0.116755	0.732581	0.547868	0.403937
60341	6.765136	-1.111859	3.517599	1.003882	-0.660168	-0.969940	-0.245718	-0.331132	0.911029	0.640269	-0.761086	-0.103942	0.727790	0.557764	0.399026
60342	6.318849	-1.003691	3.686847	0.905681	-0.817368	-1.095454	-0.246825	-0.318183	0.915335	0.644206	-0.759503	-0.090300	0.723931	0.567376	0.392439
60343	6.655069	-0.982418	4.143270	0.651037	-0.905636	-1.205085	-0.248005	-0.303880	0.919864	0.645956	-0.759507	-0.076749	0.721966	0.575157	0.384655
60344	6.593844	-0.760556	4.017621	0.559208	-0.832652	-1.329272	-0.250602	-0.288946	0.923963	0.646729	-0.760170	-0.062315	0.720375	0.581938	0.377370
60345	7.364906	-0.853742	3.810069	0.654430	-1.052658	-1.409637	-0.252107	-0.272086	0.928661	0.647920	-0.760266	-0.046855	0.718778	0.589886	0.367958
60346	8.116181	-0.165941	4.503616	0.731789	-1.362467	-1.392360	-0.251372	-0.253396	0.934132	0.649719	-0.759534	-0.031196	0.717410	0.599081	0.355562
60347	8.313680	1.035262	5.328384	0.724721	-1.686246	-1.337681	-0.247937	-0.233082	0.940319	0.651601	-0.758389	-0.016176	0.716898	0.608703	0.339910
60348	9.291075	1.900872	6.039713	0.681075	-1.781894	-1.289762	-0.243607	-0.212374	0.946337	0.653358	-0.757047	-0.001707	0.716784	0.617881	0.323178
60349	9.641258	3.068927	5.011317	0.716749	-1.568949	-1.314916	-0.240926	-0.192692	0.951223	0.655331	-0.755230	0.012993	0.715888	0.626496	0.308232
60350	8.599251	4.732929	3.632749	0.786951	-1.271914	-1.445208	-0.241369	-0.173762	0.954750	0.657514	-0.752876	0.029203	0.713734	0.634810	0.295972
60351	7.138580	5.648714	2.662877	0.518713	-1.334174	-1.590203	-0.242257	-0.153307	0.958023	0.657395	-0.752148	0.045874	0.713543	0.640913	0.282997
60352	8.143481	5.168483	2.384742	-0.169879	-1.780672	-1.523330	-0.239551	-0.130366	0.962092	0.652561	-0.755347	0.060129	0.718874	0.642228	0.266016
60353	11.505176	4.147557	4.133223	-1.109675	-2.182525	-1.243766	-0.231729	-0.106986	0.966879	0.641609	-0.763900	0.069246	0.731191	0.636405	0.245661
60354	16.992083	1.795708	8.102972	-2.074056	-2.322448	-0.888296	-0.220246	-0.085462	0.971693	0.624307	-0.777751	0.073102	0.749488	0.622735	0.224651
60355	22.240351	-2.745715	12.377279	-3.400055	-1.994338	-0.505801	-0.208092	-0.069329	0.975649	0.597335	-0.798875	0.070636	0.774524	0.597488	0.207652
60356	20.624167	-10.270969	11.829353	-4.604272	-1.062799	0.134730	-0.199038	-0.064254	0.977883	0.561319	-0.825420	0.060015	0.803308	0.560850	0.200358
60357	14.952986	-15.386949	6.666205	-5.059304	-0.278221	0.981138	-0.191406	-0.071011	0.978939	0.521902	-0.852056	0.040237	0.831253	0.518611	0.200150
60358	10.403040	-16.846019	-0.362998	-4.761944	0.096118	1.373786	-0.185401	-0.083458	0.979112	0.484306	-0.874731	0.017146	0.855029	0.477369	0.202596
60359	7.725188	-14.220156	-4.239453	-2.429699	0.185734	0.884583	-0.182761	-0.092141	0.978830	0.465048	-0.885279	0.003495	0.866216	0.455841	0.204644
60360	5.607606	-9.566462	-5.179774	-0.339420	0.120877	0.076162	-0.183487	-0.093561	0.978560	0.462159	-0.886795	0.001871	0.867607	0.452593	0.205956
60361	4.060585	-8.489616	-8.262346	1.810495	-0.241765	-0.617141	-0.184257	-0.087030	0.979017	0.476684	-0.878999	0.011576	0.859548	0.468815	0.203447
60362	4.688154	-3.022515	-6.470957	4.226479	-0.973936	-1.092735	-0.181333	-0.073008	0.980708	0.510511	-0.859333	0.030421	0.840533	0.506179	0.193097
60363	6.289055	4.579765	-3.404897	5.168955	-1.723450	-1.077325	-0.172733	-0.054808	0.983443	0.551454	-0.832678	0.050452	0.816126	0.551038	0.174056
60364	9.868624	10.288791	-3.381706	5.111228	-2.265485	-0.894020	-0.159559	-0.034715	0.986578	0.590963	-0.803888	0.067290	0.790762	0.593767	0.148783
60365	13.994031	13.539740	-2.102211	4.148055	-2.347821	-0.752277	-0.145763	-0.014450	0.989214	0.622195	-0.778733	0.080306	0.769173	0.627189	0.122501
60366	13.982726	13.293785	0.158252	2.186911	-1.933468	-0.510439	-0.134150	0.001680	0.990960	0.638158	-0.764896	0.087687	0.758128	0.644152	0.101539
60367	12.093067	10.802664	2.091982	0.001290	-1.572849	-0.218346	-0.123557	0.013457	0.992246	0.637906	-0.764860	0.089807	0.760138	0.644056	0.085920
60368	10.501536	6.925115	2.750870	-1.918434	-1.191790	0.016523	-0.114292	0.020884	0.993228	0.623225	-0.777070	0.088054	0.773646	0.629068	0.075797
60369	10.387157	2.297249	2.528028	-3.400914	-0.927334	0.152071	-0.106043	0.025370	0.994038	0.596727	-0.798033	0.084026	0.795406	0.602080	0.069487
60370	10.940812	-1.552358	1.176069	-3.970566	-0.617763	0.242590	-0.099649	0.027004	0.994656	0.564939	-0.821352	0.078897	0.819093	0.569782	0.066592
60371	10.804855	-3.671709	-0.826299	-3.497466	-0.379944	0.195009	-0.095383	0.027464	0.995062	0.536155	-0.840817	0.074601	0.838713	0.540623	0.065475
60372	9.347433	-4.808363	-2.260494	-2.414302	-0.350587	0.045702	-0.092168	0.028890	0.995324	0.515798	-0.853633	0.072541	0.851738	0.520072	0.063776
60373	8.344574	-4.792636	-2.483058	-1.306222	-0.687321	-0.115950	-0.086839	0.033389	0.995663	0.504540	-0.860309	0.072854	0.859010	0.508678	0.057862
60374	8.455127	-3.571915	-1.980555	-0.237234	-0.989407	-0.266597	-0.079627	0.040632	0.995996	0.502270	-0.861426	0.075298	0.861037	0.506255	0.048185
60375	8.923187	-1.657381	-1.776864	0.539259	-1.101078	-0.359078	-0.071927	0.049287	0.996191	0.506655	-0.858517	0.079057	0.859143	0.510411	0.036779
60376	9.367028	-0.044096	-2.007630	0.912021	-1.170081	-0.370827	-0.063722	0.058390	0.996258	0.514205	-0.853649	0.082921	0.855297	0.517565	0.024372
60377	10.341147	0.665595	-2.001425	0.948273	-1.347870	-0.313923	-0.053806	0.068056	0.996230	0.522130	-0.848502	0.086165	0.851167	0.524797	0.010121
60378	10.980017	1.000901	-1.656108	0.883463	-1.371214	-0.189983	-0.043080	0.076825	0.996113	0.529528	-0.843718	0.087973	0.847198	0.531260	-0.004334
60379	11.119495	1.528059	-1.034636	0.704638	-1.254108	-0.056401	-0.032733	0.083964	0.995931	0.535481	-0.839907	0.088410	0.843912	0.536196	-0.017468
60380	10.076761	1.747810	-0.773460	0.466494	-0.972365	0.005483	-0.024422	0.089076	0.995725	0.539407	-0.837419	0.088144	0.841691	0.539254	-0.027596
60381	9.327582	1.791672	-0.634911	0.213587	-0.900573	0.005806	-0.016773	0.093859	0.995444	0.541221	-0.836266	0.087969	0.840713	0.540230	-0.036772
60382	9.404367	1.422358	-0.051962	0.003469	-0.894781	-0.015229	-0.009247	0.098755	0.995069	0.541245	-0.836245	0.088022	0.840814	0.539390	-0.045717
60383	10.190450	1.411396	0.530653	-0.108096	-0.830490	-0.058184	-0.002534	0.103684	0.994607	0.540347	-0.836764	0.088606	0.841438	0.537658	-0.053905
60384	10.270862	1.064145	0.536476	-0.079851	-0.622924	-0.119114	0.002145	0.107965	0.994152	0.539672	-0.837079	0.089742	0.841873	0.536324	-0.060061
60385	9.678120	0.490177	0.246353	0.066443	-0.535318	-0.157869	0.005841	0.112127	0.993677	0.540252	-0.836545	0.091221	0.841483	0.536303	-0.065463
60386	9.446381	0.234767	0.109090	0.295954	-0.562088	-0.173625	0.009701	0.116532	0.993140	0.542746	-0.834771	0.092648	0.839841	0.538124	-0.071345
60387	9.266009	0.248703	-0.280755	0.512379	-0.538802	-0.162513	0.013375	0.120766	0.992591	0.547074	-0.831809	0.093832	0.836977	0.541766	-0.077193
60388	9.005547	0.523871	-0.694843	0.719929	-0.587560	-0.137739	0.017598	0.125034	0.991996	0.553095	-0.827740	0.094519	0.832933	0.547004	-0.083722
60389	9.097443	1.010262	-0.730505	0.849142	-0.664002	-0.122266	0.022475	0.129667	0.991303	0.560184	-0.822910	0.094939	0.828063	0.553178	-0.091133
60390	9.761697	1.270196	-0.873402	0.858530	-0.730333	-0.079378	0.028132	0.134307	0.990540	0.567279	-0.818050	0.094808	0.823045	0.559246	-0.099203
60391	10.112563	1.547349	-1.022702	0.872163	-0.740661	-0.032003	0.034070	0.138704	0.989748	0.574457	-0.813099	0.094174	0.817825	0.565359	-0.107382
60392	10.099617	1.825061	-1.001706	0.830908	-0.718898	0.020243	0.040121	0.142556	0.988973	0.581212	-0.808426	0.092952	0.812762	0.571074	-0.115291
60393	9.799630	1.863375	-1.213204	0.702726	-0.675790	0.069627	0.046050	0.145842	0.988236	0.586890	-0.804494	0.091378	0.808356	0.575777	-0.122640
60394	9.903336	1.992053	-1.080061	0.556049	-0.769270	0.103008	0.052931	0.149394	0.987360	0.591315	-0.801452	0.089566	0.804702	0.579100	-0.130761
60395	9.814625	1.844270	-1.096937	0.452072	-0.714507	0.104904	0.059336	0.152674	0.986494	0.594898	-0.798984	0.087872	0.801608	0.581649	-0.138234
60396	10.442764	1.404509	-0.738810	0.433299	-0.760184	0.111834	0.066150	0.156157	0.985515	0.598288	-0.796645	0.086072	0.798546	0.583928	-0.146125
60397	9.541284	1.226590	-0.801222	0.472849	-0.486407	0.122293	0.070805	0.158005	0.984897	0.601983	-0.794066	0.084113	0.795363	0.586935	-0.151340
60398	9.385353	1.546508	-0.615742	0.339388	-0.581115	0.100811	0.076088	0.160565	0.984088	0.604597	-0.792246	0.082518	0.792889	0.588698	-0.157358
60399	9.688267	1.564509	-0.540799	0.142407	-0.516589	0.044263	0.080493	0.163230	0.983299	0.605700	-0.791477	0.081804	0.791611	0.589000	-0.162577
60400	9.442575	1.256477	-0.956263	0.108053	-0.415418	-0.016039	0.083736	0.165749	0.982607	0.606561	-0.790827	0.081709	0.790615	0.589169	-0.166757
60401	9.299524	1.019153	-1.319337	0.145820	-0.406079	-0.022836	0.086850	0.168296	0.981903	0.607741	-0.789928	0.081637	0.789372	0.589653	-0.170886
60402	9.191582	0.850669	-1.939429	0.211770	-0.414619	0.002572	0.090185	0.170668	0.981193	0.609401	-0.788696	0.081173	0.787716	0.590619	-0.175134
60403	9.231139	0.941714	-2.409987	0.279521	-0.485256	0.037034	0.094274	0.173219	0.980361	0.611574	-0.787106	0.080262	0.785551	0.591997	-0.180139
60404	9.543092	1.147509	-2.406764	0.252272	-0.577613	0.079633	0.099344	0.175964	0.979371	0.613470	-0.785762	0.078950	0.783444	0.592972	-0.186010
60405	9.822053	1.415740	-2.207623	0.172028	-0.614150	0.102879	0.104828	0.178772	0.978290	0.614719	-0.784923	0.077567	0.781749	0.593243	-0.192176
60406	9.725137	1.607929	-2.066382	0.057121	-0.551511	0.109355	0.109860	0.181140	0.977302	0.615046	-0.784789	0.076320	0.780801	0.592701	-0.197626
60407	9.505980	1.617231	-2.051118	-0.060071	-0.520562	0.104549	0.114612	0.183374	0.976339	0.614467	-0.785335	0.075368	0.780573	0.591290	-0.202686
60408	9.426477	1.295439	-1.953444	-0.143967	-0.541220	0.097254	0.119482	0.185767	0.975302	0.613230	-0.786369	0.074655	0.780816	0.589165	-0.207875
60409	9.473255	0.549707	-2.042394	-0.106051	-0.564348	0.090239	0.124486	0.188350	0.974180	0.612299	-0.787161	0.073948	0.780765	0.587284	-0.213317
60410	10.211440	-0.058819	-1.725115	0.078007	-0.648288	0.092878	0.130159	0.191388	0.972846	0.612790	-0.786884	0.072817	0.779453	0.586672	-0.219701
60411	10.307021	0.210346	-1.144590	0.174352	-0.496820	0.095434	0.134658	0.193526	0.971810	0.614028	-0.786044	0.071451	0.777713	0.587097	-0.224678
60412	10.037083	0.540181	-0.801208	0.146309	-0.443108	0.058787	0.138509	0.195621	0.970849	0.615079	-0.785309	0.070484	0.776205	0.587386	-0.229095
60413	10.093890	0.708187	-0.225706	0.262313	-0.414821	0.025794	0.141928	0.197831	0.969907	0.617082	-0.783817	0.069576	0.773994	0.588637	-0.233324
60414	9.910992	0.662507	0.124249	0.447386	-0.252264	-0.001265	0.143911	0.199273	0.969319	0.620527	-0.781190	0.068471	0.770867	0.591635	-0.236076
60415	9.234760	0.749122	-0.266476	0.629339	-0.194445	-0.031864	0.145252	0.200650	0.968835	0.625416	-0.777389	0.067235	0.766653	0.596159	-0.238407
60416	8.903924	0.581750	-1.253412	0.748520	-0.247673	-0.040509	0.146925	0.202379	0.968223	0.631175	-0.772848	0.065763	0.761598	0.601456	-0.241287
60417	8.765153	0.304540	-2.376927	0.839115	-0.342268	-0.001482	0.149558	0.204433	0.967388	0.637548	-0.767774	0.063685	0.755754	0.607232	-0.245163
60418	8.590615	0.644224	-2.816051	0.896622	-0.491657	0.077066	0.153787	0.206773	0.966227	0.644156	-0.762486	0.060647	0.749274	0.613075	-0.250455
60419	9.771804	0.821766	-2.534883	0.767557	-0.678020	0.151436	0.159872	0.209769	0.964592	0.649651	-0.758078	0.057185	0.743232	0.617506	-0.257472
60420	10.191468	0.241323	-2.537270	0.570890	-0.544483	0.240694	0.165511	0.211252	0.963317	0.653469	-0.755074	0.053310	0.738637	0.620674	-0.263019
60421	10.238055	-0.098915	-2.747351	0.582187	-0.566165	0.297578	0.171676	0.212508	0.961960	0.657257	-0.752082	0.048846	0.733853	0.623870	-0.268786
60422	10.088813	0.285660	-2.368589	0.673453	-0.528225	0.301634	0.177565	0.213480	0.960675	0.661631	-0.748535	0.044047	0.728502	0.627791	-0.274159
60423	9.711302	0.598816	-2.210133	0.793242	-0.469597	0.278349	0.182867	0.214338	0.959489	0.666887	-0.744131	0.039129	0.722372	0.632715	-0.279016
60424	9.816114	1.189150	-1.510451	0.799658	-0.557227	0.258926	0.188646	0.215883	0.958023	0.672131	-0.739637	0.034321	0.715998	0.637442	-0.284631
60425	10.353679	1.796497	-0.789413	0.588498	-0.538465	0.209889	0.193949	0.217751	0.956540	0.675930	-0.736331	0.030570	0.710987	0.640625	-0.289995
60426	9.991412	1.870781	-0.700577	0.412431	-0.336704	0.155007	0.197415	0.218697	0.955614	0.678524	-0.734051	0.027819	0.707554	0.642916	-0.293304
60427	9.490320	1.594142	-0.831755	0.433062	-0.301523	0.120363	0.200408	0.219734	0.954753	0.681343	-0.731526	0.025341	0.703995	0.645436	-0.296318
60428	9.456368	0.874214	-1.246377	0.551604	-0.286713	0.138236	0.203382	0.220502	0.953947	0.684905	-0.728290	0.022320	0.699672	0.648824	-0.299144
60429	9.564972	0.088773	-1.958689	0.688304	-0.326733	0.199885	0.207079	0.221154	0.953000	0.689293	-0.724251	0.018293	0.694257	0.653109	-0.302418
60430	9.699065	-0.445730	-2.486015	0.818755	-0.395269	0.277600	0.211744	0.221658	0.951857	0.694337	-0.719531	0.013099	0.687794	0.658136	-0.306262
60431	9.922174	-0.536138	-2.416693	0.910905	-0.480891	0.355783	0.217562	0.222263	0.950403	0.699805	-0.714301	0.006852	0.680397	0.663606	-0.310945
60432	10.038494	-0.170357	-1.945462	0.797854	-0.513447	0.434599	0.224104	0.222495	0.948827	0.704209	-0.709993	0.000162	0.673697	0.668136	-0.315795
60433	10.409352	0.088398	-1.403524	0.786877	-0.502560	0.457607	0.230753	0.222602	0.947207	0.708442	-0.705737	-0.006732	0.666980	0.672595	-0.320552
60434	10.544329	0.141190	-0.947873	0.717172	-0.434868	0.461707	0.236932	0.222184	0.945779	0.712080	-0.701969	-0.013479	0.660912	0.676664	-0.324532
60435	10.292163	0.433211	-0.285737	0.731044	-0.360402	0.456661	0.242611	0.221412	0.944519	0.715793	-0.698019	-0.020232	0.654813	0.680989	-0.327832
60436	10.114596	0.748841	0.299297	0.761514	-0.344454	0.444461	0.248051	0.220554	0.943306	0.719614	-0.693849	-0.027000	0.648557	0.685513	-0.330824
60437	10.360783	1.013952	0.727581	0.783004	-0.292553	0.426336	0.253063	0.219597	0.942198	0.723596	-0.689402	-0.033671	0.642158	0.690292	-0.333362
60438	10.597089	0.834682	0.554686	0.817687	-0.204581	0.416430	0.257385	0.218017	0.941393	0.727698	-0.684708	-0.040388	0.635774	0.695445	-0.334884
60439	10.838816	0.725173	0.314025	0.845246	-0.156910	0.420601	0.261495	0.216222	0.940674	0.731950	-0.679720	-0.047233	0.629182	0.700878	-0.336007
60440	11.180854	0.699838	0.236926	0.832846	-0.139283	0.442051	0.265592	0.214052	0.940023	0.735930	-0.674881	-0.054251	0.622791	0.706199	-0.336770
60441	11.774357	0.661550	0.458295	0.793211	-0.112845	0.447719	0.269642	0.211820	0.939375	0.739643	-0.670212	-0.061184	0.616621	0.711300	-0.337389
60442	12.613722	0.555747	1.352415	0.783226	-0.050949	0.445089	0.273222	0.209034	0.938965	0.743165	-0.665637	-0.068062	0.610783	0.716402	-0.337214
60443	13.567841	0.455336	2.450647	0.793742	0.159156	0.443696	0.275608	0.204927	0.939173	0.746769	-0.660847	-0.074949	0.605290	0.722002	-0.335168
60444	14.166257	0.503445	3.276955	0.768583	0.627298	0.440259	0.275068	0.197266	0.940970	0.750103	-0.656255	-0.081695	0.601401	0.728296	-0.328485
60445	14.077067	-0.106646	3.420957	0.690693	1.141823	0.449340	0.271638	0.185953	0.944264	0.753017	-0.652062	-0.088212	0.599315	0.735008	-0.317150
60446	13.572903	-0.655054	3.724686	0.652688	1.464990	0.482780	0.266431	0.171736	0.948431	0.755517	-0.648225	-0.094862	0.598505	0.741830	-0.302457
60447	12.271866	-1.083905	4.068855	0.525454	1.806581	0.548781	0.259811	0.154708	0.953186	0.757215	-0.645203	-0.101675	0.599269	0.748183	-0.284778
60448	11.458073	-1.288873	4.144357	0.392527	1.952474	0.608799	0.252603	0.135812	0.957991	0.757881	-0.643284	-0.108641	0.601505	0.753486	-0.265425
60449	11.120463	-1.399384	4.315263	0.246485	2.126632	0.681320	0.244987	0.115343	0.962641	0.757668	-0.642273	-0.115865	0.604914	0.757748	-0.244740
60450	10.790976	-1.120150	3.772507	0.053823	2.404564	0.736473	0.235825	0.091993	0.967432	0.756072	-0.642793	-0.123180	0.610526	0.760496	-0.221140
60451	10.320465	-0.706984	2.781172	-0.113117	2.635543	0.756368	0.225401	0.067043	0.971957	0.753629	-0.644249	-0.130331	0.617444	0.761872	-0.195740
60452	9.726325	-0.143822	1.862518	-0.178064	2.796718	0.727730	0.213347	0.040638	0.976131	0.750759	-0.646174	-0.137187	0.625175	0.762108	-0.168369
60453	9.454702	0.924290	0.783131	-0.197464	2.884632	0.623930	0.199929	0.014602	0.979701	0.748225	-0.647842	-0.143036	0.632604	0.761634	-0.140448
60454	9.779994	2.079089	-0.323672	-0.272518	2.785999	0.434124	0.185260	-0.009809	0.982641	0.745487	-0.650099	-0.147039	0.640256	0.759786	-0.113125
