// General information: 
//  MT Manager version: 2022.2.0 
//  XDA version: 2022.2.0 build 7381 rev 124627 built on 2023-07-19
// Device information: 
//  DeviceId: 00B4CAF0
//  ProductCode: MTW2-3A7G6
//  Firmware Version: 4.6.0
//  Hardware Version: 2.0.0
// Device settings: 
//  Filter Profile: human(46.1)
//  Option Flags: Orientation Smoother Disabled, Position/Velocity Smoother Disabled, Continuous Zero Rotation Update Disabled, AHS Disabled, ICC Disabled
// Coordinate system: ENU
PacketCounter	Acc_X	Acc_Y	Acc_Z	Gyr_X	Gyr_Y	Gyr_Z	Mat[1][1]	Mat[2][1]	Mat[3][1]	Mat[1][2]	Mat[2][2]	Mat[3][2]	Mat[1][3]	Mat[2][3]	Mat[3][3]
64772	4.985203	1.137362	8.906569	0.008610	0.004218	0.001983	0.502697	0.720426	0.477789	-0.847744	0.519010	0.109357	-0.169193	-0.460016	0.871641
64773	4.949027	1.172617	8.929137	0.004522	0.007821	0.002148	0.502697	0.720471	0.477721	-0.847752	0.518997	0.109354	-0.169150	-0.459961	0.871679
64774	4.957678	1.149867	8.953364	0.006123	0.005392	0.003344	0.502701	0.720480	0.477703	-0.847753	0.518995	0.109358	-0.169135	-0.459949	0.871688
64775	4.975987	1.153639	8.924834	0.004091	0.006152	0.002583	0.502695	0.720519	0.477650	-0.847763	0.518981	0.109349	-0.169104	-0.459903	0.871718
64776	4.916129	1.159479	8.928265	0.006147	0.003309	0.001658	0.502707	0.720518	0.477639	-0.847773	0.518946	0.109438	-0.169017	-0.459945	0.871713
64777	4.923579	1.144763	8.910787	0.004927	0.001814	0.000652	0.502710	0.720527	0.477622	-0.847774	0.518942	0.109444	-0.169000	-0.459935	0.871722
64778	4.986349	1.173446	8.913891	0.004927	0.001814	0.000652	0.502727	0.720515	0.477623	-0.847760	0.518967	0.109435	-0.169021	-0.459925	0.871723
64779	4.952629	1.118183	8.947653	0.009042	0.005884	0.001550	0.502729	0.720548	0.477571	-0.847773	0.518938	0.109473	-0.168949	-0.459907	0.871746
64780	4.935400	1.157021	8.941342	0.007724	0.002962	0.004541	0.502666	0.720564	0.477612	-0.847808	0.518886	0.109448	-0.168962	-0.459939	0.871727
64781	4.942867	1.142474	8.923838	0.008635	0.002133	0.000299	0.502673	0.720573	0.477592	-0.847814	0.518867	0.109489	-0.168912	-0.459946	0.871733
64782	4.950297	1.127851	8.906368	0.005692	0.003723	0.003780	0.502621	0.720593	0.477617	-0.847843	0.518825	0.109465	-0.168920	-0.459964	0.871722
64783	4.958476	1.187864	8.960607	0.006147	0.003308	0.001659	0.502618	0.720614	0.477588	-0.847852	0.518808	0.109477	-0.168886	-0.459949	0.871736
64784	4.954909	1.154577	8.954290	0.006528	-0.000616	0.001849	0.502676	0.720562	0.477606	-0.847817	0.518856	0.109524	-0.168890	-0.459977	0.871721
64785	4.953534	1.162950	8.912633	0.006096	-0.002284	0.002285	0.502658	0.720561	0.477627	-0.847829	0.518835	0.109533	-0.168884	-0.460003	0.871708
64786	4.923768	1.141369	8.952459	0.007316	-0.000789	0.003291	0.502646	0.720544	0.477665	-0.847836	0.518817	0.109557	-0.168880	-0.460050	0.871684
64787	4.947831	1.171102	8.971319	0.006453	-0.004125	0.004161	0.502609	0.720544	0.477704	-0.847858	0.518780	0.109560	-0.168881	-0.460091	0.871663
64788	4.974789	1.159707	8.924716	0.006021	-0.005793	0.004597	0.502744	0.720447	0.477708	-0.847773	0.518905	0.109628	-0.168904	-0.460103	0.871652
64789	4.964102	1.141476	8.935649	0.008461	-0.002805	0.006609	0.502689	0.720465	0.477738	-0.847811	0.518842	0.109637	-0.168881	-0.460144	0.871634
64790	4.962671	1.149789	8.894024	0.005716	0.001639	0.002094	0.502775	0.720413	0.477727	-0.847750	0.518941	0.109636	-0.168929	-0.460115	0.871641
64791	4.983055	1.145736	8.906697	0.006096	-0.002285	0.002285	0.502758	0.720411	0.477747	-0.847762	0.518920	0.109645	-0.168923	-0.460141	0.871628
64792	4.990785	1.130978	8.889080	0.006504	0.001465	0.003535	0.502791	0.720388	0.477748	-0.847743	0.518944	0.109674	-0.168916	-0.460151	0.871624
64793	4.994119	1.165079	8.895408	0.003684	0.002400	0.001332	0.502790	0.720403	0.477726	-0.847746	0.518941	0.109667	-0.168907	-0.460130	0.871637
64794	4.962446	1.151142	8.893974	0.003229	0.002815	0.003453	0.502793	0.720398	0.477730	-0.847737	0.518964	0.109634	-0.168945	-0.460112	0.871639
64795	4.956105	1.158550	8.953115	0.003229	0.002815	0.003453	0.502774	0.720426	0.477707	-0.847749	0.518948	0.109612	-0.168938	-0.460086	0.871654
64796	4.922665	1.152519	8.910292	0.004525	0.007818	0.002146	0.502900	0.720402	0.477611	-0.847680	0.519051	0.109655	-0.168909	-0.460007	0.871701
64797	4.946192	1.182041	8.929465	0.002820	-0.000935	0.002204	0.502886	0.720406	0.477620	-0.847685	0.519046	0.109636	-0.168924	-0.460006	0.871699
64798	4.935108	1.163549	8.940656	0.004373	0.000801	0.006772	0.502805	0.720431	0.477667	-0.847734	0.518970	0.109622	-0.168920	-0.460053	0.871675
64799	4.963186	1.143996	8.935835	0.004397	-0.001282	0.005087	0.502766	0.720448	0.477682	-0.847756	0.518938	0.109604	-0.168923	-0.460063	0.871669
64800	4.955800	1.159361	8.953179	0.005208	-0.003539	0.004843	0.502767	0.720410	0.477738	-0.847747	0.518953	0.109601	-0.168966	-0.460105	0.871638
64801	4.946967	1.182575	8.928965	0.003965	-0.002950	0.005523	0.502722	0.720422	0.477768	-0.847771	0.518919	0.109576	-0.168982	-0.460124	0.871625
64802	4.932728	1.130514	8.933671	0.007696	-0.004717	0.003485	0.502764	0.720365	0.477809	-0.847756	0.518921	0.109685	-0.168932	-0.460211	0.871589
64803	4.975895	1.163452	8.923612	0.003100	-0.006285	0.006395	0.502706	0.720366	0.477869	-0.847783	0.518885	0.109649	-0.168972	-0.460250	0.871561
64804	4.985411	1.140546	8.947409	0.005285	-0.000031	0.002530	0.502777	0.720315	0.477873	-0.847734	0.518961	0.109664	-0.169005	-0.460246	0.871557
64805	4.983900	1.148615	8.905854	0.004374	0.000800	0.006772	0.502727	0.720350	0.477871	-0.847765	0.518917	0.109637	-0.168998	-0.460240	0.871561
64806	4.980324	1.114825	8.899630	-0.000023	0.002083	0.001685	0.502659	0.720369	0.477915	-0.847794	0.518883	0.109568	-0.169053	-0.460249	0.871546
64807	4.944450	1.149622	8.922043	0.000409	0.003751	0.001249	0.502661	0.720389	0.477882	-0.847791	0.518897	0.109533	-0.169065	-0.460201	0.871569
64808	4.960976	1.111350	8.928706	0.001198	0.003577	0.002690	0.502752	0.720351	0.477844	-0.847730	0.518997	0.109529	-0.169101	-0.460148	0.871590
64809	4.947278	1.183372	8.928687	0.001630	0.005244	0.002254	0.502748	0.720383	0.477799	-0.847733	0.518998	0.109499	-0.169095	-0.460097	0.871618
64810	4.943409	1.149531	8.922632	0.000742	0.003992	0.004812	0.502689	0.720413	0.477817	-0.847766	0.518952	0.109461	-0.169107	-0.460102	0.871613
64811	4.935500	1.164696	8.940290	0.003230	0.002814	0.003453	0.502671	0.720440	0.477794	-0.847778	0.518937	0.109440	-0.169100	-0.460076	0.871628
64812	4.963227	1.145074	8.935674	0.001198	0.003577	0.002691	0.502640	0.720452	0.477809	-0.847771	0.518977	0.109301	-0.169226	-0.460012	0.871637
64813	4.944163	1.141660	8.964576	0.002774	0.003229	0.005574	0.502604	0.720493	0.477786	-0.847793	0.518949	0.109266	-0.169221	-0.459981	0.871655
64814	4.973952	1.163641	8.924670	0.001221	0.001494	0.001006	0.502659	0.720462	0.477774	-0.847776	0.518954	0.109373	-0.169144	-0.460023	0.871647
64815	4.962707	1.145120	8.935957	0.002797	0.001146	0.003890	0.502635	0.720484	0.477767	-0.847789	0.518938	0.109346	-0.169149	-0.460007	0.871655
64816	4.962556	1.145208	8.936030	0.002442	0.002987	0.002012	0.502696	0.720455	0.477747	-0.847758	0.518979	0.109395	-0.169126	-0.460006	0.871660
64817	4.962412	1.145368	8.936089	0.003253	0.000731	0.001769	0.502689	0.720464	0.477741	-0.847761	0.518976	0.109383	-0.169130	-0.459995	0.871665
64818	4.960826	1.153284	8.894601	0.001553	0.001736	0.004569	0.502579	0.720501	0.477799	-0.847822	0.518888	0.109331	-0.169150	-0.460036	0.871639
64819	4.943344	1.142309	8.964945	0.006605	0.002886	-0.000461	0.502595	0.720509	0.477772	-0.847820	0.518885	0.109359	-0.169115	-0.460028	0.871651
64820	4.952832	1.169076	8.912222	0.002797	0.001146	0.003890	0.502739	0.720425	0.477745	-0.847726	0.519032	0.109391	-0.169157	-0.459993	0.871661
64821	4.961860	1.146284	8.936279	0.007726	0.002954	0.004544	0.502712	0.720459	0.477723	-0.847751	0.518988	0.109405	-0.169111	-0.459989	0.871672
64822	4.961901	1.146557	8.936220	0.003175	-0.002778	0.004083	0.502668	0.720445	0.477791	-0.847765	0.518976	0.109359	-0.169175	-0.460026	0.871640
64823	4.933971	1.166335	8.940920	0.003230	0.002813	0.003454	0.502650	0.720472	0.477769	-0.847776	0.518961	0.109338	-0.169168	-0.460000	0.871655
64824	4.997430	1.111862	8.914009	0.002797	0.001146	0.003890	0.502692	0.720440	0.477774	-0.847758	0.518977	0.109403	-0.169135	-0.460033	0.871644
64825	4.961635	1.146759	8.936343	0.001198	0.003576	0.002691	0.502682	0.720466	0.477744	-0.847763	0.518977	0.109368	-0.169142	-0.459991	0.871665
64826	4.980222	1.150071	8.907723	-0.000023	0.002083	0.001685	0.502726	0.720432	0.477749	-0.847716	0.519068	0.109296	-0.169244	-0.459941	0.871671
64827	4.968625	1.131287	8.919240	-0.000878	0.008505	0.005297	0.502703	0.720495	0.477679	-0.847730	0.519059	0.109231	-0.169243	-0.459853	0.871718
64828	4.978998	1.149693	8.908456	-0.001110	0.009688	-0.002265	0.502708	0.720516	0.477643	-0.847716	0.519099	0.109149	-0.169301	-0.459775	0.871748
64829	4.950330	1.169574	8.913547	0.004552	0.005731	0.000461	0.502720	0.720540	0.477592	-0.847715	0.519100	0.109154	-0.169268	-0.459736	0.871775
64830	4.923218	1.181608	8.960121	0.002042	0.008992	0.003504	0.502617	0.720611	0.477595	-0.847776	0.519014	0.109087	-0.169270	-0.459722	0.871782
64831	4.939408	1.143304	8.966988	0.001176	0.005658	0.004376	0.502596	0.720655	0.477549	-0.847789	0.519002	0.109043	-0.169266	-0.459666	0.871812
64832	4.948659	1.169679	8.914461	0.002419	0.005069	0.003697	0.502625	0.720653	0.477522	-0.847774	0.519024	0.109055	-0.169255	-0.459645	0.871825
64833	4.938606	1.143445	8.967411	0.004906	0.003889	0.002340	0.502619	0.720679	0.477490	-0.847783	0.519010	0.109055	-0.169229	-0.459621	0.871843
64834	4.959237	1.188640	8.903493	0.004805	0.002465	0.006340	0.502617	0.720675	0.477496	-0.847785	0.519004	0.109066	-0.169221	-0.459633	0.871838
64835	4.979185	1.184335	8.916455	0.002521	0.006493	-0.000302	0.502638	0.720700	0.477438	-0.847777	0.519019	0.109057	-0.169202	-0.459577	0.871871
64836	4.967755	1.165915	8.927825	0.005947	0.000450	0.009661	0.502687	0.720667	0.477436	-0.847737	0.519089	0.109033	-0.169256	-0.459550	0.871875
64837	4.956348	1.147423	8.939191	0.003641	0.006561	0.004704	0.502666	0.720717	0.477383	-0.847756	0.519064	0.109010	-0.169227	-0.459500	0.871907
64838	4.974504	1.151000	8.910798	0.004964	0.009478	0.001711	0.502721	0.720711	0.477333	-0.847716	0.519135	0.108977	-0.169259	-0.459428	0.871939
64839	4.979327	1.226806	8.882124	0.008570	0.008366	0.005361	0.502697	0.720773	0.477265	-0.847746	0.519082	0.108994	-0.169180	-0.459391	0.871974
64840	4.952935	1.181869	9.047063	0.008547	0.010448	0.007046	0.502662	0.720827	0.477221	-0.847781	0.519023	0.109009	-0.169112	-0.459373	0.871996
64841	4.964175	1.118139	9.006086	0.011308	0.003920	0.009884	0.502592	0.720892	0.477196	-0.847838	0.518925	0.109028	-0.169032	-0.459382	0.872007
64842	4.974550	1.062992	8.923168	0.026895	-0.002678	0.008875	0.502431	0.720938	0.477297	-0.847970	0.518676	0.109185	-0.168847	-0.459591	0.871933
64843	4.976810	1.106838	8.887482	0.032715	0.000373	0.006977	0.502380	0.720971	0.477300	-0.848049	0.518501	0.109404	-0.168603	-0.459737	0.871903
64844	5.040168	1.187332	8.813448	0.039860	0.006337	0.002085	0.502437	0.720959	0.477258	-0.848088	0.518356	0.109788	-0.168237	-0.459919	0.871878
64845	5.043725	1.216275	8.861608	0.027747	0.026262	-0.000405	0.502492	0.721073	0.477028	-0.848121	0.518257	0.110000	-0.167905	-0.459852	0.871977
64846	4.972631	1.140999	9.037151	0.027783	0.033929	0.000649	0.502592	0.721184	0.476754	-0.848130	0.518195	0.110224	-0.167560	-0.459747	0.872099
64847	5.034148	1.138733	8.934632	0.043701	0.027562	0.003222	0.502618	0.721323	0.476516	-0.848208	0.517996	0.110557	-0.167086	-0.459753	0.872187
64848	5.054584	1.312817	8.865421	0.072344	0.019686	0.005968	0.502815	0.721313	0.476324	-0.848206	0.517873	0.111148	-0.166503	-0.459907	0.872217
64849	4.992912	1.276805	8.945205	0.107905	0.016994	0.013527	0.502737	0.721456	0.476190	-0.848442	0.517305	0.111992	-0.165538	-0.460322	0.872182
64850	5.133789	1.446379	8.867601	0.186638	0.003346	0.034519	0.502407	0.721637	0.476265	-0.848925	0.516214	0.113355	-0.164053	-0.461263	0.871965
64851	5.198197	1.400234	8.880428	0.218118	0.019973	0.031135	0.502182	0.721885	0.476125	-0.849426	0.515008	0.115076	-0.162136	-0.462223	0.871815
64852	4.996014	1.259229	9.000467	0.210983	0.043451	0.012057	0.502284	0.722055	0.475760	-0.849730	0.514107	0.116850	-0.160219	-0.462960	0.871779
64853	4.970807	1.014502	9.126049	0.264714	0.083596	-0.018447	0.502582	0.722342	0.475009	-0.850046	0.513039	0.119214	-0.157585	-0.463694	0.871869
64854	4.719457	1.392292	8.939397	0.172933	0.043399	-0.010624	0.502675	0.722491	0.474684	-0.850293	0.512277	0.120723	-0.155948	-0.464305	0.871838
64855	4.492118	0.976054	8.915036	0.131343	0.050041	-0.005662	0.502808	0.722690	0.474240	-0.850458	0.511734	0.121863	-0.154616	-0.464595	0.871921
64856	4.504917	1.114654	8.979709	0.096717	0.008507	0.000604	0.502832	0.722699	0.474200	-0.850585	0.511333	0.122652	-0.153834	-0.465021	0.871832
64857	4.593145	1.227486	8.922406	0.064191	-0.018416	0.009639	0.502729	0.722658	0.474372	-0.850721	0.510991	0.123134	-0.153416	-0.465461	0.871671
64858	4.741043	1.290154	8.897292	0.032423	-0.043393	0.021793	0.502523	0.722516	0.474806	-0.850832	0.510780	0.123242	-0.153477	-0.465912	0.871419
64859	4.871996	1.264029	8.871897	0.012203	-0.047990	0.022909	0.502263	0.722404	0.475252	-0.850955	0.510584	0.123207	-0.153651	-0.466300	0.871181
64860	4.960321	1.418424	8.835887	-0.001510	-0.051139	0.027594	0.502067	0.722228	0.475727	-0.851015	0.510508	0.123103	-0.153954	-0.466657	0.870936
64861	5.029406	1.568906	8.828933	-0.008829	-0.038466	0.028582	0.501772	0.722189	0.476096	-0.851134	0.510370	0.122858	-0.154258	-0.466868	0.870769
64862	4.985951	1.666330	8.888827	-0.015746	-0.035707	0.043736	0.501323	0.722232	0.476503	-0.851338	0.510112	0.122509	-0.154591	-0.467082	0.870595
64863	5.365554	1.278217	8.952529	0.002886	-0.016840	0.045711	0.500916	0.722382	0.476705	-0.851561	0.509795	0.122284	-0.154687	-0.467197	0.870516
64864	5.075021	1.270558	8.760380	0.037964	0.016505	0.036285	0.500678	0.722598	0.476628	-0.851772	0.509397	0.122473	-0.154294	-0.467298	0.870532
64865	4.970880	1.115580	8.823214	0.057747	0.023307	0.020005	0.500551	0.722803	0.476449	-0.851949	0.509009	0.122849	-0.153721	-0.467403	0.870577
64866	4.771130	1.003267	8.910704	0.050210	0.025241	0.009088	0.500614	0.722897	0.476241	-0.852009	0.508802	0.123292	-0.153185	-0.467483	0.870628
64867	4.559126	0.879394	8.967942	0.040308	0.011917	0.005109	0.500597	0.722973	0.476143	-0.852085	0.508603	0.123587	-0.152817	-0.467582	0.870640
64868	4.781536	0.759547	9.039411	0.048696	-0.022317	0.002192	0.500621	0.722813	0.476360	-0.852096	0.508508	0.123901	-0.152675	-0.467933	0.870476
64869	4.829730	0.967762	8.941838	0.030816	-0.035358	-0.012261	0.500680	0.722580	0.476652	-0.852071	0.508479	0.124196	-0.152626	-0.468324	0.870275
64870	4.685072	0.794078	8.929351	0.004815	-0.049199	-0.014226	0.500835	0.722201	0.477064	-0.851928	0.508694	0.124292	-0.152916	-0.468674	0.870035
64871	5.092647	1.236009	9.087022	0.006403	-0.063513	-0.017294	0.500893	0.721810	0.477594	-0.851840	0.508816	0.124399	-0.153216	-0.469144	0.869729
64872	5.267432	1.393406	8.775447	0.013680	-0.044391	-0.021921	0.500963	0.721492	0.478002	-0.851774	0.508878	0.124593	-0.153352	-0.469566	0.869477
64873	5.082177	1.388127	8.835804	0.013878	-0.027649	-0.023980	0.501133	0.721235	0.478212	-0.851664	0.509013	0.124797	-0.153408	-0.469815	0.869333
64874	5.005429	1.477127	8.894435	0.019899	-0.021573	-0.014977	0.501161	0.721064	0.478440	-0.851648	0.508994	0.124981	-0.153404	-0.470098	0.869181
64875	5.219833	1.641851	8.841502	0.035675	0.002430	-0.011954	0.501275	0.721009	0.478403	-0.851631	0.508940	0.125316	-0.153125	-0.470241	0.869152
64876	4.965912	1.569007	8.937405	0.043255	0.010276	0.001608	0.501361	0.721002	0.478324	-0.851647	0.508820	0.125694	-0.152755	-0.470382	0.869141
64877	5.040752	1.398722	8.991177	0.065535	0.011950	-0.000408	0.501391	0.721050	0.478219	-0.851734	0.508542	0.126234	-0.152173	-0.470608	0.869121
64878	4.991402	1.185207	8.856161	0.062985	0.007569	0.001627	0.501359	0.721085	0.478200	-0.851853	0.508208	0.126772	-0.151612	-0.470914	0.869054
64879	4.859940	1.136046	8.951528	0.049937	0.006774	-0.003821	0.501410	0.721092	0.478136	-0.851898	0.508028	0.127192	-0.151189	-0.471098	0.869027
64880	4.843160	1.178169	8.943622	0.034623	-0.005787	-0.004648	0.501469	0.721005	0.478206	-0.851894	0.507967	0.127460	-0.151014	-0.471298	0.868949
64881	4.902190	1.098421	8.870193	0.017443	-0.010612	-0.010974	0.501555	0.720893	0.478284	-0.851854	0.507991	0.127632	-0.150955	-0.471443	0.868881
64882	4.859042	1.419918	8.766278	0.001031	-0.013499	-0.014190	0.501575	0.720769	0.478449	-0.851815	0.508063	0.127606	-0.151108	-0.471554	0.868794
64883	4.598350	1.413334	8.759635	-0.018013	-0.012346	-0.008737	0.501640	0.720661	0.478545	-0.851732	0.508238	0.127459	-0.151360	-0.471531	0.868763
64884	4.656802	1.300652	9.095412	0.006983	-0.036766	-0.013067	0.501740	0.720373	0.478873	-0.851640	0.508367	0.127565	-0.151549	-0.471832	0.868566
64885	4.975557	1.413375	8.957186	0.004470	-0.057235	-0.018634	0.501820	0.720002	0.479347	-0.851541	0.508507	0.127661	-0.151835	-0.472246	0.868291
64886	4.921246	1.365938	9.077487	-0.001072	-0.042103	-0.022829	0.502013	0.719632	0.479701	-0.851377	0.508760	0.127751	-0.152119	-0.472539	0.868082
64887	5.209929	1.299057	8.881075	0.032423	-0.071446	-0.022125	0.502101	0.719176	0.480293	-0.851304	0.508793	0.128107	-0.152238	-0.473197	0.867703
64888	5.227228	1.583764	8.764984	0.040663	-0.073175	-0.023000	0.502073	0.718749	0.480960	-0.851314	0.508670	0.128527	-0.152271	-0.473978	0.867271
64889	5.083774	1.400037	8.936087	0.030319	-0.062295	-0.016246	0.502125	0.718365	0.481479	-0.851267	0.508670	0.128836	-0.152363	-0.474560	0.866936
64890	5.163657	1.413658	8.817179	0.024951	-0.053840	-0.012162	0.502374	0.717901	0.481911	-0.851085	0.508906	0.129109	-0.152559	-0.475008	0.866656
64891	5.018922	1.407037	8.861647	0.024595	-0.040121	-0.009796	0.502405	0.717655	0.482246	-0.851062	0.508887	0.129338	-0.152589	-0.475401	0.866436
64892	5.089572	1.256829	8.889085	0.014249	-0.041127	-0.007315	0.502448	0.717374	0.482619	-0.851014	0.508922	0.129508	-0.152710	-0.475787	0.866202
64893	4.913323	1.330128	8.777026	0.017622	-0.041139	-0.011216	0.502489	0.717115	0.482961	-0.850973	0.508947	0.129684	-0.152803	-0.476151	0.865986
64894	4.862405	1.353633	9.008906	0.012667	-0.052729	-0.014456	0.502727	0.716661	0.483387	-0.850788	0.509204	0.129891	-0.153054	-0.476560	0.865717
64895	5.003760	1.233227	8.795039	0.000305	-0.055075	-0.014401	0.502774	0.716318	0.483845	-0.850704	0.509333	0.129932	-0.153366	-0.476935	0.865455
64896	4.879162	1.387082	8.908485	-0.008652	-0.049729	-0.017306	0.502851	0.715965	0.484288	-0.850586	0.509539	0.129895	-0.153763	-0.477246	0.865213
64897	4.887844	1.336767	8.883516	-0.025642	-0.061274	-0.015266	0.502896	0.715588	0.484798	-0.850458	0.509799	0.129716	-0.154326	-0.477534	0.864954
64898	5.029590	1.457059	8.795070	-0.034998	-0.049892	-0.016759	0.502940	0.715252	0.485248	-0.850320	0.510100	0.129438	-0.154944	-0.477716	0.864743
64899	4.951675	1.459440	8.926314	-0.044492	-0.045478	-0.013519	0.502993	0.714960	0.485624	-0.850171	0.510437	0.129088	-0.155588	-0.477793	0.864584
64900	5.133733	1.403337	8.808276	-0.040744	-0.037503	-0.012917	0.503079	0.714673	0.485957	-0.850014	0.510772	0.128795	-0.156167	-0.477864	0.864441
64901	5.134726	1.359608	8.843482	-0.041522	-0.027535	-0.011755	0.503145	0.714475	0.486180	-0.849878	0.511083	0.128462	-0.156695	-0.477829	0.864365
64902	5.105101	1.379075	8.947691	-0.016998	-0.021374	-0.000549	0.503019	0.714402	0.486417	-0.849907	0.511076	0.128295	-0.156942	-0.477944	0.864256
64903	5.344818	1.332127	8.642342	0.014634	-0.019142	0.003074	0.502971	0.714320	0.486587	-0.849933	0.511012	0.128375	-0.156951	-0.478135	0.864149
64904	5.061569	1.409114	8.795346	0.018874	-0.006002	0.000845	0.502754	0.714382	0.486720	-0.850088	0.510731	0.128469	-0.156808	-0.478343	0.864060
64905	5.047224	1.358644	8.801329	0.022188	0.000324	0.001897	0.502747	0.714387	0.486720	-0.850120	0.510639	0.128619	-0.156654	-0.478434	0.864037
64906	4.983702	1.379594	8.721487	0.017713	0.007907	0.001752	0.502818	0.714367	0.486676	-0.850097	0.510648	0.128739	-0.156553	-0.478454	0.864044
64907	4.892363	1.361304	8.908133	0.021474	0.001861	-0.003564	0.502860	0.714351	0.486656	-0.850101	0.510598	0.128911	-0.156398	-0.478531	0.864030
64908	4.810743	1.463839	8.884606	0.028402	-0.014651	-0.005696	0.502737	0.714312	0.486841	-0.850204	0.510371	0.129130	-0.156230	-0.478832	0.863893
64909	4.767312	1.436092	8.994185	0.027234	-0.049454	0.001154	0.502659	0.714074	0.487270	-0.850241	0.510260	0.129328	-0.156285	-0.479305	0.863622
64910	4.922039	1.281419	8.886882	0.032907	-0.075193	-0.002888	0.502613	0.713649	0.487940	-0.850239	0.510188	0.129618	-0.156439	-0.480013	0.863200
64911	5.019196	1.423608	8.829528	0.025886	-0.081826	-0.003562	0.502523	0.713232	0.488642	-0.850250	0.510117	0.129827	-0.156668	-0.480709	0.862771
64912	4.980500	1.395455	8.936696	0.018835	-0.084236	-0.000926	0.502331	0.712841	0.489409	-0.850313	0.509978	0.129964	-0.156944	-0.481436	0.862316
64913	5.118409	1.236532	8.857246	0.007691	-0.082990	0.001815	0.502194	0.712444	0.490127	-0.850322	0.509955	0.129990	-0.157332	-0.482046	0.861904
64914	5.260716	1.234483	8.774676	-0.010298	-0.077889	-0.003228	0.502102	0.712023	0.490833	-0.850266	0.510089	0.129832	-0.157925	-0.482528	0.861526
64915	5.097187	1.223923	8.949391	-0.007721	-0.067919	-0.005998	0.502054	0.711658	0.491411	-0.850212	0.510197	0.129763	-0.158369	-0.482952	0.861206
64916	5.205178	1.214582	8.824630	0.001655	-0.079353	-0.004498	0.501869	0.711279	0.492148	-0.850242	0.510154	0.129734	-0.158794	-0.483555	0.860790
64917	5.241030	1.235443	8.779765	-0.008144	-0.069615	-0.005509	0.501813	0.710908	0.492741	-0.850190	0.510260	0.129660	-0.159250	-0.483988	0.860462
64918	5.266095	1.361700	8.738869	-0.013367	-0.058373	-0.009464	0.501835	0.710534	0.493258	-0.850089	0.510452	0.129568	-0.159723	-0.484335	0.860179
64919	5.235715	1.400551	8.616199	-0.023591	-0.038334	-0.005784	0.501831	0.710312	0.493582	-0.850010	0.510636	0.129362	-0.160153	-0.484467	0.860025
64920	5.064522	1.401952	8.710518	-0.031673	-0.024032	-0.010305	0.501927	0.710101	0.493788	-0.849876	0.510909	0.129162	-0.160563	-0.484489	0.859936
64921	4.865832	1.370331	9.029946	-0.036736	-0.042659	-0.008743	0.501941	0.709843	0.494145	-0.849761	0.511177	0.128858	-0.161127	-0.484584	0.859777
64922	4.936310	1.476264	8.956480	-0.051813	-0.065521	0.001301	0.501848	0.709500	0.494731	-0.849663	0.511455	0.128402	-0.161932	-0.484793	0.859508
64923	4.803873	1.403126	8.921457	-0.053306	-0.082419	0.013849	0.501605	0.709164	0.495458	-0.849634	0.511643	0.127844	-0.162836	-0.485085	0.859172
64924	4.697683	1.435514	9.215085	0.013199	-0.126736	0.038246	0.500961	0.708787	0.496648	-0.849914	0.511206	0.127733	-0.163354	-0.486097	0.858502
64925	5.152520	1.435518	8.910525	0.039870	-0.178009	0.055219	0.500209	0.708196	0.498247	-0.850243	0.510648	0.127769	-0.163943	-0.487542	0.857569
64926	5.246470	1.183081	8.783219	0.047311	-0.177552	0.054540	0.499515	0.707551	0.499856	-0.850544	0.510116	0.127890	-0.164496	-0.489033	0.856614
64927	5.062338	1.119735	8.989353	0.035210	-0.187194	0.028803	0.498970	0.706774	0.501497	-0.850734	0.509768	0.128016	-0.165168	-0.490517	0.855636
64928	4.770470	1.047804	9.229405	0.069102	-0.192324	0.012693	0.498533	0.705888	0.503178	-0.850923	0.509312	0.128575	-0.165515	-0.492264	0.854565
64929	5.378805	0.968285	8.781090	0.047280	-0.212955	0.003865	0.498155	0.704850	0.505003	-0.851008	0.509080	0.128928	-0.166211	-0.493988	0.853434
64930	5.217400	0.908593	8.856766	0.045419	-0.208906	-0.014553	0.497910	0.703738	0.506793	-0.851018	0.508954	0.129362	-0.166898	-0.495700	0.852307
64931	5.181400	1.076754	8.847000	0.026200	-0.210383	-0.029287	0.497815	0.702537	0.508548	-0.850903	0.509058	0.129703	-0.167760	-0.497293	0.851209
64932	5.309447	1.427695	8.669124	0.026591	-0.213746	-0.023246	0.497673	0.701333	0.510346	-0.850825	0.509090	0.130091	-0.168575	-0.498958	0.850072
64933	5.174809	1.561230	8.718166	0.021632	-0.214194	-0.012361	0.497425	0.700193	0.512151	-0.850788	0.509097	0.130307	-0.169494	-0.500550	0.848953
64934	5.027958	1.556610	8.989631	0.029793	-0.228009	-0.002063	0.497120	0.698981	0.514099	-0.850771	0.509069	0.130531	-0.170473	-0.502270	0.847740
64935	5.166089	1.635924	8.851243	0.039551	-0.255621	0.011005	0.496598	0.697743	0.516280	-0.850881	0.508821	0.130779	-0.171444	-0.504237	0.846376
64936	5.066853	1.539532	9.117125	0.034100	-0.286851	0.020592	0.495919	0.696384	0.518761	-0.851038	0.508518	0.130932	-0.172620	-0.506417	0.844834
64937	5.216514	1.521451	9.030443	0.050090	-0.315573	0.031958	0.495109	0.694938	0.521467	-0.851271	0.508070	0.131158	-0.173795	-0.508848	0.843131
64938	5.383551	1.256143	8.929747	0.017952	-0.345233	0.040847	0.494088	0.693408	0.524464	-0.851548	0.507625	0.131083	-0.175337	-0.511372	0.841282
64939	5.297058	1.143952	9.032702	-0.017038	-0.365574	0.038825	0.493121	0.691725	0.527588	-0.851697	0.507472	0.130705	-0.177324	-0.513799	0.839385
64940	5.242330	1.174744	9.084025	-0.024877	-0.395272	0.040378	0.492019	0.689906	0.530986	-0.851870	0.507309	0.130212	-0.179540	-0.516398	0.837316
64941	5.261458	1.215812	9.114854	-0.051988	-0.445431	0.058961	0.490719	0.687892	0.534789	-0.852053	0.507201	0.129433	-0.182209	-0.519184	0.835014
64942	5.180160	1.327177	9.208769	-0.058438	-0.502323	0.081032	0.489006	0.685726	0.539122	-0.852402	0.506859	0.128474	-0.185160	-0.522373	0.832371
64943	5.066895	1.580172	9.428367	-0.072207	-0.590048	0.112292	0.486954	0.683195	0.544169	-0.852802	0.506498	0.127237	-0.188693	-0.526027	0.829271
64944	4.904749	2.058931	9.689845	-0.089204	-0.689239	0.167080	0.484090	0.680456	0.550123	-0.853501	0.505759	0.125472	-0.192852	-0.530271	0.825604
64945	4.792550	2.167615	10.015113	-0.111307	-0.825036	0.229003	0.480531	0.677211	0.557203	-0.854376	0.504827	0.123258	-0.197819	-0.535290	0.821177
64946	4.724747	2.051446	10.369462	-0.147164	-0.983601	0.290443	0.476055	0.673385	0.565619	-0.855463	0.503685	0.120353	-0.203850	-0.541161	0.815837
64947	4.337535	2.398094	10.831119	-0.163057	-1.187888	0.381798	0.470330	0.668827	0.575726	-0.856918	0.502040	0.116820	-0.210905	-0.548294	0.809255
64948	4.343160	3.012622	11.027272	-0.197165	-1.446630	0.471589	0.463120	0.663226	0.587921	-0.858722	0.499952	0.112447	-0.219355	-0.556937	0.801065
64949	4.301451	3.149565	11.136787	-0.237157	-1.704839	0.605905	0.454093	0.656660	0.602160	-0.860955	0.497316	0.106925	-0.229251	-0.566987	0.791183
64950	4.465395	2.766842	10.971049	-0.175794	-1.966109	0.739347	0.443044	0.649103	0.618367	-0.863911	0.493404	0.101041	-0.239519	-0.578980	0.779367
64951	3.579872	3.766565	11.029441	-0.165224	-2.348785	0.874885	0.429714	0.639625	0.637358	-0.867309	0.488766	0.094245	-0.251237	-0.593285	0.764783
64952	2.853638	4.393561	11.260833	-0.431232	-2.956098	1.055136	0.412886	0.626993	0.660609	-0.870602	0.484756	0.084045	-0.267539	-0.609829	0.746011
64953	3.097414	4.612470	11.310883	-0.725929	-3.621807	1.255132	0.391876	0.610619	0.688170	-0.873619	0.481516	0.070225	-0.288484	-0.628718	0.722143
64954	4.806522	4.307525	11.356639	-1.016560	-4.215317	1.505229	0.365907	0.591005	0.718905	-0.876306	0.478906	0.052316	-0.313370	-0.649124	0.693136
64955	7.543251	5.635814	11.320131	-1.065883	-4.595715	1.827909	0.334875	0.569388	0.750770	-0.879218	0.475367	0.031647	-0.338872	-0.670688	0.659805
64956	9.866887	5.387431	11.225833	-1.102426	-4.942487	2.215390	0.297754	0.546281	0.782892	-0.882433	0.470381	0.007392	-0.364219	-0.693050	0.622114
64957	15.738888	5.508812	12.528033	-0.592178	-4.977283	2.384562	0.258052	0.522296	0.812783	-0.886829	0.461847	-0.015223	-0.383333	-0.716871	0.582367
64958	17.730112	10.543201	13.854980	-0.437073	-4.276567	2.856884	0.215835	0.504208	0.836175	-0.891989	0.450174	-0.041210	-0.397203	-0.736965	0.546912
64959	11.028695	9.151738	13.101993	-0.937573	-4.083879	3.271530	0.170054	0.488350	0.855918	-0.894483	0.440956	-0.073875	-0.413499	-0.753042	0.511807
64960	10.400960	5.709600	13.018163	-0.968896	-3.927233	3.495125	0.121963	0.473724	0.872187	-0.895601	0.431293	-0.109018	-0.427813	-0.767836	0.476870
64961	7.116186	4.724327	12.280571	-0.761782	-3.725879	3.617896	0.073416	0.460249	0.884749	-0.895817	0.420335	-0.144325	-0.438316	-0.781978	0.443158
64962	2.376572	4.605064	11.264881	-0.586627	-3.757195	3.742783	0.023286	0.446121	0.894670	-0.895055	0.407959	-0.180130	-0.445348	-0.796584	0.408802
64963	-2.179019	4.178293	10.045862	-0.520905	-4.077849	3.869790	-0.029565	0.428848	0.902893	-0.892582	0.395253	-0.216962	-0.449915	-0.812320	0.371096
64964	-2.721880	5.481517	10.014135	-0.632572	-4.476355	3.900055	-0.084489	0.407402	0.909332	-0.887563	0.384001	-0.254508	-0.452872	-0.828593	0.329151
64965	5.462173	10.329703	9.535840	-1.647676	-4.850604	2.808418	-0.131469	0.377712	0.916542	-0.876971	0.386772	-0.285184	-0.462211	-0.841273	0.280394
64966	23.454287	7.284365	9.353555	-1.578638	-2.754152	0.900149	-0.152159	0.358102	0.921201	-0.868418	0.396587	-0.297607	-0.471910	-0.845270	0.250638
64967	14.947303	5.678282	16.275186	-1.243483	-0.107801	-1.023240	-0.143805	0.353057	0.924484	-0.863978	0.410745	-0.291256	-0.482557	-0.840618	0.245967
64968	11.609659	10.572315	14.008613	-0.954995	1.714108	-2.361913	-0.115005	0.357592	0.926770	-0.862491	0.426918	-0.271753	-0.492831	-0.830584	0.259322
64969	1.703441	10.116764	9.815406	-1.299237	2.663144	-3.054292	-0.075398	0.366131	0.927504	-0.858886	0.448702	-0.246945	-0.506587	-0.815239	0.280634
64970	-0.169954	8.679451	7.467489	-1.612229	2.881881	-3.425613	-0.031202	0.373700	0.927025	-0.852558	0.474150	-0.219834	-0.521701	-0.797201	0.303807
64971	-0.950505	5.775933	6.251876	-1.819109	3.013786	-3.514536	0.014571	0.380268	0.924762	-0.843193	0.501758	-0.193041	-0.537414	-0.776940	0.327950
64972	-1.836955	2.183872	5.497589	-1.666866	3.002448	-3.438384	0.059779	0.385778	0.920653	-0.833004	0.527481	-0.166941	-0.550029	-0.756927	0.352887
64973	-1.993557	-0.368775	5.165081	-1.111071	2.880317	-3.274941	0.102868	0.389710	0.915175	-0.824166	0.548531	-0.140943	-0.556928	-0.739757	0.377612
64974	-0.631760	-1.040102	5.615861	-0.319666	2.759389	-2.993633	0.142863	0.393551	0.908134	-0.818885	0.562344	-0.114876	-0.555893	-0.727246	0.402611
64975	1.363932	-0.220225	6.484053	0.343671	2.740892	-2.658038	0.179743	0.398303	0.899470	-0.816472	0.570417	-0.089435	-0.548695	-0.718317	0.427732
64976	3.547821	0.739909	7.529372	0.756438	2.854980	-2.302847	0.214062	0.405815	0.888533	-0.816239	0.573989	-0.065510	-0.536593	-0.711232	0.454111
64977	6.000816	1.046202	8.433737	0.962874	3.166708	-1.957918	0.246809	0.416966	0.874771	-0.816798	0.575263	-0.043751	-0.521466	-0.703713	0.482557
64978	7.607928	0.466551	8.874661	1.067339	3.629449	-1.669789	0.279054	0.433064	0.857079	-0.818081	0.574603	-0.023978	-0.502865	-0.694469	0.514626
64979	7.838269	-1.048745	8.731732	1.210183	4.085298	-1.488821	0.311349	0.452665	0.835558	-0.819617	0.572890	-0.004955	-0.480926	-0.683294	0.549381
64980	6.937199	-1.767410	8.354075	1.430548	4.367562	-1.406174	0.343295	0.474575	0.810511	-0.821919	0.569415	0.014720	-0.454531	-0.671227	0.585539
64981	5.905680	-1.966919	8.043076	1.611319	4.424339	-1.364625	0.374001	0.496258	0.783486	-0.824095	0.565352	0.035294	-0.425430	-0.658867	0.620406
64982	5.802544	-2.196530	8.188120	1.729560	4.316454	-1.327714	0.402574	0.517360	0.755164	-0.826246	0.560470	0.056492	-0.394020	-0.646693	0.653097
64983	6.372069	-1.979307	8.558376	1.799676	4.169079	-1.263682	0.428789	0.537022	0.726462	-0.827778	0.555628	0.077853	-0.361834	-0.634732	0.682782
64984	7.392298	-1.230207	8.841476	1.779510	4.066427	-1.121198	0.452005	0.556809	0.696890	-0.829210	0.550245	0.098187	-0.328789	-0.622249	0.710425
64985	7.942949	0.033496	9.165658	1.684214	4.008506	-0.922233	0.472191	0.576433	0.666904	-0.830199	0.545130	0.116631	-0.296320	-0.608735	0.735960
64986	8.570996	0.897604	9.461955	1.528274	3.981960	-0.725981	0.489225	0.596871	0.635928	-0.831214	0.539873	0.132745	-0.264089	-0.593534	0.760246
64987	9.616874	0.789236	9.654569	1.467730	4.046737	-0.620124	0.504420	0.617221	0.603820	-0.831761	0.535073	0.147888	-0.231808	-0.576831	0.783282
64988	10.134083	0.271038	9.834152	1.577769	4.197229	-0.705858	0.519102	0.637719	0.569075	-0.831741	0.530227	0.164518	-0.196822	-0.558725	0.805659
64989	10.306944	-0.410586	9.852998	1.759723	4.289264	-0.981451	0.534905	0.656104	0.532357	-0.829697	0.526929	0.184253	-0.159626	-0.540253	0.826224
64990	10.792980	-1.751260	9.189872	2.051107	4.288464	-1.333688	0.551709	0.672283	0.493613	-0.825506	0.524595	0.208185	-0.118988	-0.522338	0.844396
64991	11.631095	-1.907835	8.295963	2.381405	4.164544	-1.686145	0.569635	0.684871	0.454388	-0.818369	0.523807	0.236429	-0.076088	-0.506535	0.858856
64992	12.896799	-1.863724	7.619024	2.585751	3.899828	-1.915716	0.587113	0.694699	0.415562	-0.808866	0.523848	0.267058	-0.032167	-0.492927	0.869476
64993	15.215185	-1.008950	7.479881	2.648199	3.555959	-1.999097	0.603560	0.701552	0.378867	-0.797252	0.524916	0.298083	0.010247	-0.481963	0.876132
64994	17.337432	0.358207	7.582651	2.385000	3.266938	-1.944345	0.617764	0.707209	0.343837	-0.784815	0.527057	0.326001	0.049330	-0.471240	0.880624
64995	18.630144	1.386211	7.211535	1.768773	2.954963	-1.708904	0.629143	0.711924	0.312000	-0.773005	0.530970	0.347181	0.081504	-0.459604	0.884376
64996	18.937589	0.589850	5.634137	1.091465	2.626500	-1.315706	0.636625	0.717036	0.283846	-0.763753	0.535301	0.360740	0.106721	-0.446444	0.888425
64997	18.189053	-1.379440	3.219722	0.642357	2.221018	-0.768642	0.639892	0.722689	0.261265	-0.758105	0.538025	0.368518	0.125757	-0.433878	0.892152
64998	17.955584	-4.197598	1.217396	0.679152	1.707113	-0.242526	0.639344	0.728854	0.244972	-0.755704	0.536798	0.375179	0.141950	-0.424995	0.893996
64999	18.718396	-6.157187	0.130327	1.068299	1.192234	0.184297	0.636165	0.734889	0.235017	-0.755286	0.530941	0.384245	0.157597	-0.421948	0.892818
65000	19.368707	-6.459727	-0.019216	1.606472	0.846926	0.522789	0.630777	0.741269	0.229434	-0.755934	0.520273	0.397342	0.175169	-0.424071	0.888527
65001	18.875143	-6.510399	0.904752	1.998211	0.546072	0.685198	0.624587	0.747122	0.227375	-0.756557	0.506654	0.413428	0.193680	-0.430244	0.881690
65002	19.080579	-4.814989	2.149110	2.051953	0.359139	0.630239	0.619134	0.751800	0.226868	-0.756286	0.493061	0.430026	0.211434	-0.437821	0.873847
65003	8.003853	16.774849	8.795580	0.357813	-0.195395	0.513909	0.615654	0.753464	0.230786	-0.758709	0.487638	0.431938	0.212910	-0.441024	0.871876
65004	11.581488	0.684419	0.972886	-3.025350	-1.309321	0.353363	0.615657	0.749356	0.243786	-0.766776	0.498335	0.404619	0.181717	-0.436036	0.881392
65005	-4.655456	-16.512831	5.643177	-3.603060	-1.514904	0.545559	0.613919	0.745554	0.259331	-0.776016	0.509863	0.371266	0.144576	-0.429172	0.891577
65006	10.524681	1.970667	16.535475	-1.236898	-1.630611	0.089517	0.615514	0.738876	0.274237	-0.778169	0.514622	0.360024	0.124885	-0.435002	0.891727
65007	6.824232	5.881360	13.703742	-1.823483	-0.525418	0.200085	0.614563	0.737643	0.279635	-0.781522	0.521044	0.343127	0.107403	-0.429415	0.896698
65008	6.545292	8.015493	8.836869	-2.524779	-0.002186	0.846695	0.608021	0.741958	0.282506	-0.789085	0.525549	0.318029	0.087494	-0.416289	0.905013
65009	0.848797	1.930359	7.485539	-2.876928	-0.268153	1.044413	0.599936	0.746371	0.288110	-0.797562	0.529580	0.288859	0.063019	-0.403082	0.912991
65010	2.435691	2.551650	7.864768	-2.178387	-0.941298	0.279868	0.598303	0.743971	0.297558	-0.800275	0.536335	0.268149	0.039904	-0.398563	0.916272
65011	-3.213862	1.118275	10.336727	-1.214934	-1.622640	-0.612345	0.603683	0.734148	0.310796	-0.796963	0.545752	0.258853	0.020418	-0.403958	0.914550
65012	7.109591	1.507732	14.265877	-1.232363	-2.376314	-0.465143	0.607678	0.721764	0.331337	-0.794174	0.554275	0.249131	-0.003838	-0.414530	0.910027
65013	10.339852	-13.655684	14.627911	-1.101481	-2.127796	-0.075454	0.607964	0.712428	0.350466	-0.793553	0.559450	0.239352	-0.025547	-0.423630	0.905475
65014	6.991474	-9.706557	13.443220	-0.583011	-1.596567	0.146456	0.606352	0.706339	0.365272	-0.794193	0.560984	0.233568	-0.039933	-0.431721	0.901123
65015	4.774948	-6.590349	11.928007	-0.361047	-1.510062	0.459077	0.602006	0.702327	0.379901	-0.796799	0.559342	0.228577	-0.051959	-0.440310	0.896341
65016	9.943495	1.475650	12.288286	-0.173912	-1.500792	0.576960	0.596572	0.698827	0.394643	-0.800130	0.556123	0.224765	-0.062399	-0.449854	0.890919
65017	11.851252	4.752385	10.477399	-0.260847	-0.882103	0.382366	0.592926	0.696963	0.403338	-0.802229	0.554652	0.220883	-0.069765	-0.454537	0.887991
65018	5.333189	3.435362	8.797351	-0.447720	-0.490405	0.280055	0.590376	0.696212	0.408345	-0.803510	0.554814	0.215760	-0.076341	-0.455489	0.886962
65019	4.816643	1.945027	9.566288	-0.268673	-0.692421	0.300980	0.587405	0.694716	0.415120	-0.805066	0.553968	0.212105	-0.082611	-0.458791	0.884696
65020	6.597790	2.525410	9.891352	-0.260956	-0.573073	0.257122	0.584905	0.693424	0.420772	-0.806297	0.553465	0.208713	-0.088156	-0.461345	0.882830
65021	5.683740	2.122672	9.586849	-0.208599	-0.437855	0.206695	0.582843	0.692545	0.425061	-0.807312	0.553016	0.205963	-0.092427	-0.463201	0.881421
65022	4.729651	1.978704	9.407613	-0.175744	-0.415012	0.189531	0.580986	0.691579	0.429155	-0.808191	0.552608	0.203598	-0.096351	-0.465126	0.879985
65023	5.255689	1.565869	9.280818	-0.107648	-0.399638	0.174491	0.579184	0.690681	0.433020	-0.809093	0.551924	0.201864	-0.099571	-0.467269	0.878490
65024	4.483672	1.450809	9.136802	-0.077096	-0.382523	0.136943	0.577754	0.689557	0.436704	-0.809749	0.551428	0.200582	-0.102498	-0.469508	0.876959
65025	5.333901	1.051011	9.524270	-0.049280	-0.390849	0.095440	0.576576	0.688245	0.440317	-0.810244	0.551022	0.199697	-0.105184	-0.471905	0.875353
65026	5.679441	0.971077	9.645700	-0.020672	-0.298321	0.035745	0.576032	0.686946	0.443048	-0.810372	0.550961	0.199347	-0.107162	-0.473864	0.874053
65027	5.378167	1.092818	9.654640	-0.001615	-0.236519	-0.019647	0.575937	0.685716	0.445073	-0.810252	0.551123	0.199385	-0.108569	-0.475454	0.873016
65028	6.221332	1.545710	9.432471	0.028669	-0.140692	-0.068202	0.576396	0.684588	0.446215	-0.809836	0.551539	0.199925	-0.109239	-0.476597	0.872309
65029	4.900028	2.620776	8.787132	0.018972	-0.016363	-0.104650	0.577226	0.683933	0.446145	-0.809248	0.552185	0.200522	-0.109211	-0.476789	0.872207
65030	4.665223	2.559210	8.642862	-0.004682	-0.035368	-0.094009	0.578011	0.683157	0.446318	-0.808642	0.552939	0.200889	-0.109548	-0.477027	0.872035
65031	4.760731	2.789156	8.481964	-0.007433	0.004539	-0.059751	0.578500	0.682849	0.446156	-0.808284	0.553402	0.201055	-0.109613	-0.476931	0.872079
65032	3.802532	3.407698	8.331709	-0.050329	-0.021908	-0.001904	0.578557	0.682643	0.446397	-0.808157	0.553747	0.200615	-0.110243	-0.476826	0.872057
65033	4.381489	2.643131	8.647861	-0.096112	-0.087140	0.050701	0.578052	0.682508	0.447256	-0.808338	0.553880	0.199515	-0.111555	-0.476865	0.871869
65034	4.936749	2.145940	8.726326	-0.102783	-0.051485	0.084157	0.577382	0.682635	0.447927	-0.808647	0.553889	0.198234	-0.112780	-0.476672	0.871817
65035	4.506496	2.450382	8.723557	-0.126103	-0.039971	0.101016	0.576521	0.683005	0.448473	-0.809082	0.553820	0.196647	-0.114062	-0.476223	0.871895
65036	4.580583	2.097930	8.751969	-0.161675	-0.047307	0.122152	0.575547	0.683361	0.449180	-0.809537	0.553850	0.194682	-0.115740	-0.475676	0.871973
65037	4.394139	2.202829	8.889226	-0.164270	-0.050826	0.129819	0.574438	0.683839	0.449872	-0.810086	0.553764	0.192631	-0.117394	-0.475090	0.872071
65038	4.496038	1.970548	9.030014	-0.193963	-0.105266	0.114069	0.573460	0.683875	0.451064	-0.810447	0.554001	0.190419	-0.119666	-0.474761	0.871942
65039	4.573824	1.653497	9.016077	-0.177933	-0.119898	0.096235	0.572537	0.683839	0.452289	-0.810777	0.554208	0.188399	-0.121828	-0.474571	0.871746
65040	4.303008	2.190438	8.912199	-0.199999	-0.168279	0.103148	0.571562	0.683520	0.454003	-0.811058	0.554546	0.186180	-0.124508	-0.474636	0.871331
65041	4.802115	2.275829	8.677637	-0.212985	-0.182561	0.112820	0.570418	0.683279	0.455800	-0.811428	0.554807	0.183777	-0.127310	-0.474678	0.870903
