// General information: 
//  MT Manager version: 2022.2.0 
//  XDA version: 2022.2.0 build 7381 rev 124627 built on 2023-07-19
// Device information: 
//  DeviceId: 00B4CAF0
//  ProductCode: MTW2-3A7G6
//  Firmware Version: 4.6.0
//  Hardware Version: 2.0.0
// Device settings: 
//  Filter Profile: human(46.1)
//  Option Flags: Orientation Smoother Disabled, Position/Velocity Smoother Disabled, Continuous Zero Rotation Update Disabled, AHS Disabled, ICC Disabled
// Coordinate system: ENU
PacketCounter	Acc_X	Acc_Y	Acc_Z	Gyr_X	Gyr_Y	Gyr_Z	Mat[1][1]	Mat[2][1]	Mat[3][1]	Mat[1][2]	Mat[2][2]	Mat[3][2]	Mat[1][3]	Mat[2][3]	Mat[3][3]
54871	4.300039	2.204176	8.757041	0.097014	0.129319	-0.059743	-0.824162	-0.309438	0.474347	0.447595	-0.869043	0.210766	0.347010	0.386021	0.854735
54872	4.302960	2.395569	8.698200	0.074950	0.086303	-0.045333	-0.824672	-0.309344	0.473522	0.447442	-0.868919	0.211601	0.345995	0.386375	0.854987
54873	4.395650	2.438212	8.663541	0.041018	0.051194	-0.024267	-0.824986	-0.309321	0.472990	0.447341	-0.868865	0.212038	0.345377	0.386516	0.855173
54874	4.358632	2.467959	8.698072	0.007987	0.021299	-0.003041	-0.825081	-0.309343	0.472810	0.447304	-0.868869	0.212100	0.345198	0.386489	0.855257
54875	4.414547	2.382530	8.751435	-0.019484	-0.015395	0.017573	-0.824979	-0.309422	0.472935	0.447334	-0.868921	0.211822	0.345401	0.386309	0.855257
54876	4.693218	2.233418	8.789174	-0.037443	-0.027287	0.029894	-0.824759	-0.309543	0.473240	0.447412	-0.868998	0.211340	0.345826	0.386038	0.855207
54877	4.703563	2.127878	8.823292	-0.045318	-0.031465	0.034223	-0.824520	-0.309725	0.473538	0.447511	-0.869087	0.210762	0.346268	0.385691	0.855185
54878	4.790214	2.064663	8.845371	-0.043833	-0.033668	0.036043	-0.824249	-0.309875	0.473910	0.447617	-0.869170	0.210196	0.346774	0.385384	0.855118
54879	4.763653	2.120683	8.872397	-0.031790	-0.027549	0.025758	-0.824067	-0.309981	0.474157	0.447675	-0.869242	0.209775	0.347131	0.385137	0.855085
54880	4.474079	2.144620	8.752668	-0.028586	-0.036499	0.026671	-0.823829	-0.310039	0.474533	0.447756	-0.869295	0.209383	0.347592	0.384971	0.854972
54881	4.412525	2.194644	8.818259	-0.033095	-0.070456	0.031437	-0.823475	-0.310018	0.475161	0.447846	-0.869359	0.208925	0.348315	0.384843	0.854735
54882	4.578993	2.221464	8.788030	-0.037001	-0.096399	0.032083	-0.823002	-0.309893	0.476060	0.447942	-0.869427	0.208435	0.349307	0.384790	0.854354
54883	4.755584	2.222420	8.820604	-0.046296	-0.107254	0.036846	-0.822495	-0.309779	0.477010	0.448029	-0.869525	0.207838	0.350389	0.384660	0.853970
54884	4.814837	2.232342	8.834765	-0.041920	-0.105887	0.036585	-0.821967	-0.309657	0.477999	0.448143	-0.869598	0.207285	0.351479	0.384593	0.853552
54885	4.842841	2.227923	8.847247	-0.039900	-0.106658	0.037844	-0.821450	-0.309569	0.478943	0.448275	-0.869661	0.206737	0.352519	0.384522	0.853155
54886	5.003959	2.140040	8.864858	-0.036518	-0.087041	0.025908	-0.821034	-0.309427	0.479748	0.448319	-0.869746	0.206281	0.353430	0.384444	0.852813
54887	5.405375	2.116425	9.192609	-0.014821	-0.072061	0.018670	-0.820726	-0.309296	0.480360	0.448373	-0.869776	0.206039	0.354078	0.384482	0.852527
54888	6.506000	1.879795	9.209892	0.037162	0.061934	-0.019919	-0.821042	-0.309328	0.479799	0.448301	-0.869720	0.206431	0.353435	0.384583	0.852748
54889	5.135101	2.060320	8.870338	0.074343	0.167551	-0.045102	-0.821860	-0.309575	0.478236	0.448156	-0.869599	0.207254	0.351712	0.384658	0.853426
54890	4.390741	2.259729	8.713147	0.082372	0.169374	-0.050711	-0.822689	-0.309752	0.476693	0.447989	-0.869464	0.208179	0.349983	0.384820	0.854064
54891	4.350897	2.078283	8.721315	0.077820	0.128770	-0.042302	-0.823359	-0.309866	0.475462	0.447866	-0.869326	0.209018	0.348564	0.385040	0.854545
54892	4.309422	2.071904	8.722853	0.067442	0.085010	-0.043830	-0.823858	-0.309779	0.474652	0.447700	-0.869227	0.209783	0.347594	0.385333	0.854808
54893	4.321730	2.369181	8.686280	0.045946	0.045206	-0.022986	-0.824150	-0.309733	0.474176	0.447619	-0.869154	0.210257	0.347009	0.385534	0.854955
54894	4.638229	2.418697	8.737372	0.026836	0.013264	-0.010754	-0.824252	-0.309657	0.474049	0.447583	-0.869110	0.210517	0.346812	0.385696	0.854962
54895	5.160253	2.290813	9.010175	0.027196	0.025840	-0.012182	-0.824429	-0.309625	0.473762	0.447520	-0.869078	0.210781	0.346473	0.385792	0.855056
54896	5.616792	2.116469	9.068778	0.068476	0.101561	-0.035227	-0.824945	-0.309677	0.472827	0.447427	-0.868948	0.211513	0.345361	0.386042	0.855393
54897	4.558213	2.195854	8.751612	0.073138	0.142870	-0.039987	-0.825646	-0.309866	0.471479	0.447302	-0.868820	0.212301	0.343846	0.386179	0.855941
54898	4.382196	2.347464	8.776895	0.055475	0.107864	-0.029442	-0.826155	-0.309993	0.470501	0.447210	-0.868723	0.212894	0.342739	0.386297	0.856332
54899	4.464854	2.245467	8.726806	0.039389	0.078121	-0.017163	-0.826532	-0.310119	0.469757	0.447146	-0.868659	0.213287	0.341915	0.386339	0.856643
54900	4.395837	2.265559	8.687647	0.019505	0.054145	-0.012283	-0.826779	-0.310188	0.469275	0.447072	-0.868647	0.213491	0.341412	0.386310	0.856856
54901	4.156168	2.209180	8.621912	0.002911	0.014149	0.002738	-0.826841	-0.310258	0.469120	0.447066	-0.868654	0.213477	0.341269	0.386240	0.856945
54902	4.128676	2.131026	8.762834	-0.007198	-0.037157	0.016048	-0.826651	-0.310220	0.469480	0.447135	-0.868657	0.213320	0.341641	0.386262	0.856786
54903	4.116849	2.103200	8.603660	-0.013683	-0.079160	0.021792	-0.826308	-0.310097	0.470165	0.447232	-0.868667	0.213074	0.342343	0.386338	0.856472
54904	4.383806	2.096119	8.826065	-0.021525	-0.135797	0.033682	-0.825699	-0.309832	0.471408	0.447397	-0.868671	0.212711	0.343594	0.386541	0.855879
54905	4.736999	2.052112	8.891085	-0.017929	-0.151617	0.030609	-0.825061	-0.309521	0.472728	0.447567	-0.868663	0.212386	0.344904	0.386809	0.855231
54906	4.789952	2.253100	8.865065	-0.018339	-0.146561	0.027691	-0.824438	-0.309161	0.474048	0.447693	-0.868674	0.212078	0.346227	0.387073	0.854577
54907	4.617482	2.380269	8.691292	-0.034229	-0.153519	0.034245	-0.823779	-0.308855	0.475392	0.447817	-0.868727	0.211597	0.347633	0.387198	0.853949
54908	4.599969	2.355529	8.756350	-0.054820	-0.174469	0.042574	-0.822988	-0.308515	0.476979	0.447937	-0.868833	0.210906	0.349347	0.387230	0.853235
54909	4.811748	2.502174	8.746435	-0.083333	-0.186755	0.061466	-0.822092	-0.308302	0.478660	0.448094	-0.869002	0.209877	0.351251	0.387022	0.852547
54910	4.715434	2.366225	8.762533	-0.103229	-0.193156	0.062173	-0.821140	-0.308061	0.480444	0.448201	-0.869235	0.208679	0.353333	0.386690	0.851837
54911	4.962505	2.216576	8.913198	-0.103565	-0.197006	0.061547	-0.820186	-0.307845	0.482210	0.448321	-0.869461	0.207476	0.355392	0.386354	0.851133
54912	6.335815	1.943586	9.435818	-0.056538	-0.151175	0.035829	-0.819494	-0.307540	0.483579	0.448374	-0.869594	0.206802	0.356917	0.386297	0.850520
54913	6.647529	1.520247	9.018630	0.049679	0.089851	-0.024958	-0.819958	-0.307649	0.482723	0.448295	-0.869511	0.207321	0.355951	0.386397	0.850880
54914	4.687987	2.175538	8.821344	0.074886	0.132753	-0.040786	-0.820620	-0.307774	0.481516	0.448187	-0.869372	0.208135	0.354558	0.386609	0.851365
54915	4.305629	2.215228	8.683815	0.057301	0.113103	-0.035855	-0.821216	-0.307865	0.480442	0.448031	-0.869300	0.208771	0.353375	0.386699	0.851816
54916	4.672535	2.013245	8.834280	0.045365	0.078652	-0.025837	-0.821617	-0.307911	0.479726	0.447939	-0.869230	0.209262	0.352558	0.386821	0.852099
54917	4.585150	2.202567	8.732563	0.043931	0.052543	-0.028004	-0.821960	-0.307846	0.479180	0.447808	-0.869181	0.209746	0.351924	0.386983	0.852287
54918	4.509222	2.487507	8.685044	0.023614	0.037648	-0.017566	-0.822178	-0.307806	0.478830	0.447706	-0.869169	0.210011	0.351542	0.387042	0.852418
54919	4.459672	2.380552	8.743461	-0.003389	0.004665	0.003998	-0.822207	-0.307836	0.478761	0.447675	-0.869202	0.209938	0.351514	0.386942	0.852475
54920	4.726036	2.299657	8.750863	-0.016717	-0.020105	0.012107	-0.822090	-0.307830	0.478966	0.447677	-0.869255	0.209718	0.351786	0.386829	0.852414
54921	4.903777	2.278482	8.849952	-0.024296	-0.018255	0.018581	-0.821971	-0.307902	0.479125	0.447696	-0.869322	0.209398	0.352040	0.386621	0.852404
54922	5.252563	2.184448	8.841797	-0.018262	0.004669	0.017763	-0.821915	-0.308041	0.479131	0.447738	-0.869363	0.209137	0.352116	0.386418	0.852464
54923	4.944519	2.150528	8.779310	-0.015878	0.041668	0.013048	-0.822026	-0.308312	0.478766	0.447759	-0.869406	0.208915	0.351832	0.386105	0.852724
54924	4.775751	2.217858	8.775195	-0.014673	0.043162	0.014048	-0.822123	-0.308567	0.478436	0.447783	-0.869445	0.208702	0.351575	0.385814	0.852961
54925	4.716724	2.086618	8.809119	-0.012767	0.040694	0.008243	-0.822255	-0.308782	0.478069	0.447764	-0.869496	0.208529	0.351289	0.385527	0.853209
54926	4.461279	2.057014	8.796395	-0.007619	0.020417	0.005563	-0.822310	-0.308876	0.477915	0.447743	-0.869533	0.208418	0.351188	0.385367	0.853323
54927	4.381076	2.194073	8.730634	-0.005139	-0.013723	0.009370	-0.822248	-0.308887	0.478013	0.447755	-0.869554	0.208305	0.351315	0.385311	0.853295
54928	4.522147	2.213816	8.830922	-0.006383	-0.050081	0.011546	-0.822028	-0.308761	0.478472	0.447788	-0.869568	0.208175	0.351788	0.385380	0.853069
54929	4.904244	2.294455	8.921551	-0.006739	-0.062681	0.013002	-0.821774	-0.308624	0.478998	0.447835	-0.869578	0.208031	0.352323	0.385467	0.852810
54930	5.942432	2.019283	9.082148	0.027361	-0.003855	-0.010531	-0.821815	-0.308484	0.479017	0.447805	-0.869531	0.208295	0.352264	0.385686	0.852735
54931	4.820770	2.169747	8.731251	0.057098	0.067288	-0.024071	-0.822194	-0.308502	0.478355	0.447747	-0.869422	0.208874	0.351454	0.385917	0.852964
54932	4.450599	2.387246	8.715538	0.042517	0.049864	-0.019167	-0.822462	-0.308495	0.477898	0.447699	-0.869342	0.209308	0.350886	0.386102	0.853114
54933	4.723194	2.244316	8.752836	0.023829	0.021651	-0.006073	-0.822591	-0.308515	0.477664	0.447694	-0.869294	0.209517	0.350591	0.386194	0.853194
54934	4.687040	2.151639	8.795846	0.016363	0.021224	-0.000954	-0.822677	-0.308555	0.477489	0.447704	-0.869259	0.209641	0.350376	0.386241	0.853261
54935	4.609442	2.324443	8.723877	0.009923	0.004285	0.000393	-0.822726	-0.308535	0.477418	0.447674	-0.869260	0.209702	0.350300	0.386255	0.853286
54936	4.630279	2.237289	8.743192	-0.011101	-0.010628	0.009216	-0.822655	-0.308541	0.477537	0.447671	-0.869300	0.209543	0.350470	0.386161	0.853259
54937	4.778227	2.160486	8.805936	-0.018409	-0.022185	0.015201	-0.822541	-0.308562	0.477719	0.447677	-0.869358	0.209291	0.350730	0.386014	0.853219
54938	5.045180	2.195599	8.877687	-0.015929	-0.012618	0.013624	-0.822444	-0.308598	0.477863	0.447694	-0.869402	0.209069	0.350937	0.385884	0.853192
54939	5.166251	2.050990	8.936411	0.003171	0.019324	0.001302	-0.822533	-0.308666	0.477666	0.447670	-0.869415	0.209067	0.350758	0.385801	0.853303
54940	4.907491	2.040715	8.818370	0.016472	0.043217	-0.010306	-0.822739	-0.308710	0.477283	0.447603	-0.869409	0.209237	0.350361	0.385780	0.853476
54941	4.645416	2.190016	8.800086	0.014801	0.041119	-0.007193	-0.822939	-0.308794	0.476883	0.447557	-0.869400	0.209373	0.349949	0.385734	0.853666
54942	4.704002	2.266663	8.766561	0.009165	0.031655	-0.004317	-0.823077	-0.308845	0.476612	0.447513	-0.869403	0.209452	0.349680	0.385685	0.853798
54943	4.633297	2.246207	8.805891	0.003363	0.023609	-0.003611	-0.823206	-0.308879	0.476368	0.447442	-0.869434	0.209475	0.349468	0.385588	0.853929
54944	4.419130	2.304453	8.708216	-0.002025	0.004746	0.007159	-0.823198	-0.308926	0.476350	0.447454	-0.869445	0.209404	0.349470	0.385526	0.853956
54945	4.533397	2.255564	8.804832	-0.012068	-0.031238	0.014810	-0.823044	-0.308928	0.476615	0.447502	-0.869468	0.209207	0.349771	0.385473	0.853856
54946	4.780920	2.138901	8.800909	-0.014547	-0.040807	0.016390	-0.822836	-0.308880	0.477006	0.447547	-0.869498	0.208985	0.350204	0.385442	0.853693
54947	4.782225	2.224545	8.796610	-0.019021	-0.039925	0.018047	-0.822644	-0.308860	0.477349	0.447578	-0.869547	0.208714	0.350614	0.385348	0.853567
54948	4.818132	2.190167	8.834483	-0.020172	-0.040565	0.020576	-0.822418	-0.308849	0.477746	0.447637	-0.869587	0.208423	0.351070	0.385268	0.853416
54949	4.847780	2.092695	8.811331	-0.020095	-0.033997	0.017013	-0.822251	-0.308845	0.478036	0.447657	-0.869642	0.208149	0.351435	0.385147	0.853320
54950	4.841025	2.110557	8.819473	-0.016646	-0.028089	0.017835	-0.822080	-0.308858	0.478321	0.447706	-0.869676	0.207901	0.351772	0.385058	0.853221
54951	4.770876	2.146007	8.786874	-0.015948	-0.032053	0.011032	-0.821946	-0.308808	0.478583	0.447691	-0.869734	0.207690	0.352104	0.384967	0.853125
54952	4.683259	2.180450	8.737478	-0.019341	-0.037108	0.013738	-0.821762	-0.308751	0.478937	0.447696	-0.869792	0.207439	0.352528	0.384883	0.852988
54953	4.659974	2.197002	8.728450	-0.026251	-0.054655	0.019201	-0.821510	-0.308690	0.479408	0.447716	-0.869861	0.207101	0.353089	0.384775	0.852805
54954	4.729836	2.246790	8.869292	-0.036646	-0.069263	0.021640	-0.821176	-0.308578	0.480052	0.447725	-0.869961	0.206665	0.353854	0.384640	0.852549
54955	5.862910	2.004706	9.105430	-0.019217	-0.039405	0.012408	-0.821014	-0.308499	0.480380	0.447697	-0.870033	0.206421	0.354266	0.384539	0.852423
54956	5.168703	1.912639	8.959210	0.015573	0.057488	-0.007913	-0.821260	-0.308618	0.479882	0.447647	-0.870023	0.206572	0.353756	0.384467	0.852667
54957	5.477120	2.090622	9.043803	0.050001	0.094029	-0.029741	-0.821751	-0.308707	0.478984	0.447539	-0.869949	0.207118	0.352753	0.384563	0.853040
54958	4.765166	2.081575	8.725862	0.071534	0.128940	-0.040044	-0.822392	-0.308821	0.477809	0.447422	-0.869823	0.207900	0.351405	0.384757	0.853508
54959	4.448937	2.250704	8.759275	0.065047	0.115099	-0.033774	-0.822972	-0.308954	0.476723	0.447330	-0.869704	0.208594	0.350162	0.384919	0.853946
54960	4.607947	2.267287	8.725532	0.042740	0.082385	-0.023652	-0.823373	-0.309032	0.475978	0.447245	-0.869637	0.209051	0.349325	0.385006	0.854250
54961	4.575166	2.248876	8.685600	0.027749	0.070952	-0.018233	-0.823734	-0.309110	0.475304	0.447129	-0.869624	0.209353	0.348622	0.384973	0.854551
54962	4.252011	2.281722	8.666780	0.012985	0.040420	-0.006231	-0.823911	-0.309178	0.474953	0.447084	-0.869619	0.209473	0.348264	0.384931	0.854717
54963	4.199344	2.354437	8.646095	-0.004406	-0.016803	0.006078	-0.823848	-0.309156	0.475076	0.447082	-0.869641	0.209385	0.348413	0.384899	0.854670
54964	4.670378	2.280909	8.723387	-0.023213	-0.051551	0.022700	-0.823575	-0.309121	0.475572	0.447149	-0.869685	0.209058	0.348974	0.384826	0.854474
54965	4.862498	2.196656	8.777446	-0.029121	-0.047609	0.026063	-0.823322	-0.309136	0.475999	0.447207	-0.869750	0.208664	0.349495	0.384668	0.854333
54966	4.871056	2.180379	8.807943	-0.029788	-0.037945	0.025791	-0.823082	-0.309181	0.476385	0.447275	-0.869810	0.208266	0.349973	0.384496	0.854214
54967	4.890991	2.102046	8.794273	-0.027898	-0.036414	0.028378	-0.822851	-0.309275	0.476723	0.447374	-0.869854	0.207871	0.350390	0.384321	0.854122
54968	4.786928	2.041467	8.804020	-0.025457	-0.027714	0.023290	-0.822657	-0.309338	0.477017	0.447436	-0.869905	0.207523	0.350765	0.384155	0.854043
54969	4.701437	2.104225	8.821923	-0.022233	-0.030965	0.017127	-0.822492	-0.309367	0.477282	0.447473	-0.869956	0.207230	0.351104	0.384015	0.853966
54970	4.690253	2.180315	8.760233	-0.025352	-0.039715	0.020646	-0.822268	-0.309361	0.477672	0.447514	-0.870015	0.206894	0.351577	0.383887	0.853829
54971	4.661596	2.204077	8.792419	-0.031449	-0.053780	0.019243	-0.822019	-0.309304	0.478138	0.447517	-0.870104	0.206512	0.352155	0.383732	0.853661
54972	4.736122	2.174820	8.789942	-0.037440	-0.066132	0.024886	-0.821683	-0.309233	0.478762	0.447550	-0.870196	0.206053	0.352898	0.383580	0.853422
54973	4.813815	2.174479	8.854183	-0.034164	-0.068531	0.022249	-0.821369	-0.309142	0.479359	0.447564	-0.870288	0.205634	0.353611	0.383445	0.853188
54974	5.963846	1.999305	9.283012	-0.007364	-0.040716	0.002082	-0.821223	-0.308970	0.479719	0.447515	-0.870335	0.205541	0.354010	0.383477	0.853008
54975	5.919810	1.824873	9.052305	0.053102	0.105904	-0.028374	-0.821747	-0.309119	0.478724	0.447434	-0.870243	0.206108	0.352894	0.383566	0.853430
54976	4.875147	2.237555	8.813672	0.086741	0.157482	-0.044184	-0.822507	-0.309305	0.477297	0.447336	-0.870072	0.207040	0.351244	0.383804	0.854004
54977	4.357442	2.363116	8.670076	0.070608	0.135652	-0.037473	-0.823174	-0.309483	0.476030	0.447234	-0.869943	0.207799	0.349808	0.383952	0.854526
54978	4.438927	2.077084	8.771851	0.045652	0.104504	-0.026640	-0.823666	-0.309619	0.475089	0.447134	-0.869876	0.208296	0.348776	0.383995	0.854929
54979	4.405386	2.059656	8.731998	0.044022	0.065280	-0.021685	-0.824019	-0.309654	0.474454	0.447057	-0.869806	0.208754	0.348041	0.384125	0.855170
54980	4.157397	2.392398	8.650326	0.023023	0.022988	-0.009766	-0.824151	-0.309624	0.474245	0.447017	-0.869773	0.208977	0.347781	0.384224	0.855231
54981	4.295181	2.460437	8.713834	0.000286	-0.036795	0.011032	-0.824001	-0.309556	0.474551	0.447060	-0.869767	0.208906	0.348081	0.384292	0.855079
54982	4.688664	2.314991	8.735987	-0.021562	-0.049445	0.019591	-0.823748	-0.309503	0.475023	0.447107	-0.869815	0.208608	0.348617	0.384227	0.854890
54983	4.694746	2.265404	8.771847	-0.030447	-0.065366	0.027329	-0.823426	-0.309463	0.475607	0.447175	-0.869878	0.208197	0.349291	0.384115	0.854665
54984	4.922633	2.274497	8.782940	-0.037506	-0.062061	0.033221	-0.823068	-0.309480	0.476215	0.447277	-0.869945	0.207699	0.350002	0.383950	0.854447
54985	4.923308	2.114178	8.795766	-0.035968	-0.048852	0.029261	-0.822785	-0.309542	0.476664	0.447364	-0.870012	0.207231	0.350557	0.383748	0.854311
54986	4.792854	2.072177	8.797546	-0.033880	-0.043032	0.026930	-0.822522	-0.309577	0.477095	0.447427	-0.870084	0.206793	0.351095	0.383557	0.854176
54987	4.660031	2.118406	8.796647	-0.032689	-0.051257	0.026634	-0.822248	-0.309592	0.477557	0.447486	-0.870155	0.206366	0.351659	0.383384	0.854021
54988	4.461554	2.148296	8.760438	-0.030615	-0.069721	0.032307	-0.821866	-0.309572	0.478227	0.447604	-0.870197	0.205930	0.352402	0.383304	0.853751
54989	4.548390	2.215551	8.812096	-0.035547	-0.101731	0.029313	-0.821403	-0.309412	0.479125	0.447670	-0.870273	0.205466	0.353396	0.383260	0.853360
54990	4.646692	2.190834	8.750915	-0.046706	-0.122969	0.033767	-0.820824	-0.309202	0.480252	0.447742	-0.870373	0.204886	0.354647	0.383204	0.852866
54991	4.825218	2.185666	8.854210	-0.051547	-0.144441	0.035638	-0.820178	-0.308937	0.481525	0.447806	-0.870488	0.204255	0.356060	0.383155	0.852299
54992	5.375757	2.039791	8.887536	-0.033455	-0.115435	0.024480	-0.819664	-0.308675	0.482567	0.447847	-0.870566	0.203832	0.357189	0.383190	0.851811
54993	5.162560	2.023734	8.871421	-0.014018	-0.067738	0.015518	-0.819367	-0.308557	0.483145	0.447909	-0.870584	0.203617	0.357791	0.383243	0.851534
54994	4.952021	2.118697	8.880578	-0.003538	-0.046555	0.009494	-0.819166	-0.308428	0.483569	0.447934	-0.870594	0.203521	0.358221	0.383325	0.851316
54995	4.971196	2.090110	8.827755	0.000588	-0.044602	0.003489	-0.819024	-0.308246	0.483926	0.447898	-0.870620	0.203490	0.358590	0.383413	0.851121
54996	4.993727	2.049711	8.807202	0.007393	-0.024763	-0.000649	-0.818946	-0.308112	0.484144	0.447879	-0.870619	0.203536	0.358793	0.383523	0.850986
54997	5.029246	2.140405	8.836530	0.012854	-0.019599	0.001372	-0.818892	-0.308034	0.484283	0.447898	-0.870590	0.203619	0.358890	0.383652	0.850887
54998	5.322303	2.041519	8.848841	0.018061	0.010467	-0.010329	-0.818984	-0.307951	0.484182	0.447839	-0.870577	0.203803	0.358756	0.383747	0.850901
54999	5.330089	1.931816	8.916385	0.036610	0.059584	-0.023107	-0.819321	-0.307971	0.483598	0.447750	-0.870529	0.204206	0.358096	0.383841	0.851136
55000	5.141027	1.965297	8.862223	0.061449	0.098735	-0.039774	-0.819860	-0.307970	0.482684	0.447604	-0.870440	0.204901	0.357044	0.384042	0.851488
55001	4.925357	2.217189	8.822074	0.068771	0.110267	-0.045752	-0.820479	-0.307982	0.481623	0.447437	-0.870340	0.205687	0.355828	0.384258	0.851899
55002	4.669788	2.269765	8.727737	0.064795	0.115719	-0.039756	-0.821076	-0.308048	0.480563	0.447302	-0.870239	0.206410	0.354621	0.384435	0.852322
55003	4.604669	2.315196	8.716521	0.050772	0.090885	-0.033149	-0.821570	-0.308089	0.479692	0.447166	-0.870173	0.206982	0.353646	0.384552	0.852675
55004	4.691378	2.317354	8.761432	0.038243	0.077591	-0.015074	-0.821919	-0.308222	0.479007	0.447137	-0.870098	0.207361	0.352870	0.384616	0.852968
55005	4.718981	2.247171	8.768050	0.023923	0.056488	-0.009328	-0.822184	-0.308337	0.478479	0.447101	-0.870061	0.207589	0.352298	0.384605	0.853208
55006	4.778064	2.185791	8.848815	0.015648	0.048590	-0.005721	-0.822388	-0.308441	0.478061	0.447070	-0.870044	0.207730	0.351861	0.384561	0.853409
55007	5.103864	2.165403	8.928525	0.019381	0.050795	-0.004080	-0.822607	-0.308588	0.477590	0.447068	-0.870006	0.207895	0.351352	0.384531	0.853632
55008	5.603243	2.177869	8.998631	0.035235	0.103652	-0.014696	-0.823044	-0.308825	0.476682	0.447031	-0.869941	0.208245	0.350374	0.384487	0.854054
55009	5.330253	2.138357	8.892009	0.058480	0.187426	-0.028651	-0.823851	-0.309275	0.474993	0.446955	-0.869832	0.208861	0.348568	0.384371	0.854844
55010	4.781283	2.234915	8.781066	0.066406	0.210036	-0.033803	-0.824740	-0.309755	0.473134	0.446868	-0.869707	0.209569	0.346573	0.384269	0.855702
55011	4.348886	2.317090	8.759414	0.058742	0.185840	-0.026264	-0.825519	-0.310230	0.471461	0.446822	-0.869584	0.210176	0.344772	0.384164	0.856476
55012	4.398596	2.309700	8.733682	0.042579	0.145519	-0.018688	-0.826111	-0.310593	0.470183	0.446775	-0.869503	0.210608	0.343413	0.384052	0.857072
55013	4.423988	2.105863	8.784384	0.034937	0.109480	0.008618	-0.826481	-0.311044	0.469235	0.446899	-0.869382	0.210848	0.342362	0.383962	0.857532
55014	4.984261	2.488319	9.086973	0.033221	0.110453	-0.005891	-0.826892	-0.311383	0.468284	0.446924	-0.869298	0.211140	0.341333	0.383877	0.857980
55015	5.090171	2.549561	8.895129	0.044180	0.144068	-0.013199	-0.827464	-0.311803	0.466993	0.446926	-0.869194	0.211561	0.339942	0.383770	0.858580
55016	5.264797	2.247469	9.078239	0.043312	0.185559	-0.013824	-0.828163	-0.312362	0.465378	0.446919	-0.869097	0.211977	0.338245	0.383537	0.859354
55017	5.468531	2.133239	9.146099	0.060899	0.250453	-0.031582	-0.829170	-0.313031	0.463129	0.446824	-0.868987	0.212627	0.335894	0.383241	0.860408
55018	5.128831	2.261596	9.334272	0.080999	0.286035	-0.056005	-0.830386	-0.313607	0.460555	0.446591	-0.868877	0.213562	0.333191	0.383019	0.861557
55019	5.618500	2.419276	9.400401	0.082213	0.326135	-0.086854	-0.831874	-0.314088	0.457530	0.446108	-0.868857	0.214649	0.330110	0.382669	0.862897
55020	4.949155	2.466829	8.945232	0.048097	0.367684	-0.096180	-0.833519	-0.314624	0.454156	0.445426	-0.869001	0.215482	0.326866	0.381901	0.864471
55021	3.935876	2.344504	8.535655	0.009990	0.342906	-0.079937	-0.835009	-0.315222	0.450993	0.444757	-0.869238	0.215909	0.323961	0.380868	0.866019
55022	3.575423	2.211696	8.475477	-0.011813	0.273397	-0.066770	-0.836197	-0.315648	0.448487	0.444122	-0.869519	0.216085	0.321761	0.379873	0.867275
55023	3.481627	2.143781	8.354416	-0.020331	0.196571	-0.047946	-0.837070	-0.315936	0.446652	0.443594	-0.869784	0.216103	0.320216	0.379026	0.868217
55024	3.180427	1.959051	8.245803	-0.039643	0.118671	-0.026579	-0.837575	-0.316121	0.445572	0.443206	-0.870043	0.215856	0.319431	0.378276	0.868833
55025	2.704915	1.718007	8.112781	-0.045319	0.002000	0.010012	-0.837569	-0.316170	0.445549	0.443078	-0.870222	0.215398	0.319624	0.377824	0.868959
55026	2.599762	1.668865	8.087176	-0.032991	-0.127004	0.042472	-0.836983	-0.316026	0.446752	0.443289	-0.870237	0.214900	0.320867	0.377908	0.868464
55027	3.177758	1.671359	8.453811	-0.004676	-0.248746	0.063160	-0.835924	-0.315615	0.449020	0.443761	-0.870082	0.214556	0.322967	0.378610	0.867379
55028	5.075021	1.986001	9.277913	0.025455	-0.281030	0.049972	-0.834799	-0.314951	0.451571	0.444222	-0.869853	0.214530	0.325234	0.379687	0.866060
55029	6.186942	2.100408	9.582113	0.029869	-0.185221	0.047037	-0.834007	-0.314642	0.453247	0.444677	-0.869614	0.214555	0.326642	0.380489	0.865178
55030	5.363594	2.077446	9.135311	0.020856	-0.091522	0.036790	-0.833552	-0.314580	0.454126	0.445013	-0.869444	0.214547	0.327345	0.380928	0.864719
55031	4.254312	1.937509	8.846033	0.029611	-0.080854	0.030639	-0.833168	-0.314530	0.454864	0.445336	-0.869255	0.214641	0.327882	0.381400	0.864308
55032	3.763342	1.285544	8.629300	0.050892	-0.130833	0.032686	-0.832601	-0.314282	0.456073	0.445736	-0.868984	0.214911	0.328777	0.382223	0.863604
55033	4.166773	1.502345	9.048689	0.087260	-0.206488	0.031391	-0.831802	-0.313746	0.457895	0.446246	-0.868576	0.215498	0.330105	0.383586	0.862492
55034	5.258742	2.944610	9.237092	0.054570	-0.215856	0.022770	-0.830995	-0.313082	0.459813	0.446577	-0.868321	0.215843	0.331689	0.384706	0.861385
55035	5.706544	3.673665	9.117350	0.011872	-0.142655	0.016142	-0.830470	-0.312657	0.461048	0.446712	-0.868250	0.215849	0.332818	0.385212	0.860723
55036	5.871549	3.221710	9.053491	0.001050	-0.024405	0.001983	-0.830388	-0.312547	0.461270	0.446693	-0.868265	0.215828	0.333049	0.385267	0.860609
55037	4.725190	2.469401	8.883806	0.012566	0.037918	-0.009056	-0.830571	-0.312609	0.460898	0.446633	-0.868264	0.215957	0.332671	0.385220	0.860776
55038	4.534472	2.429775	8.835317	0.023307	0.031128	-0.006085	-0.830710	-0.312642	0.460625	0.446621	-0.868218	0.216164	0.332341	0.385295	0.860870
55039	4.225326	2.430202	8.555851	-0.000214	0.015119	0.007511	-0.830750	-0.312743	0.460485	0.446639	-0.868223	0.216108	0.332218	0.385202	0.860959
55040	4.392213	1.920993	8.772093	-0.013969	-0.014605	0.016851	-0.830634	-0.312800	0.460656	0.446693	-0.868249	0.215889	0.332434	0.385097	0.860923
55041	4.330050	1.509113	8.902398	-0.013753	-0.038533	0.011562	-0.830474	-0.312734	0.460988	0.446706	-0.868290	0.215697	0.332815	0.385057	0.860793
55042	4.298126	1.832018	8.915515	-0.022954	-0.092574	0.008342	-0.830137	-0.312417	0.461811	0.446660	-0.868378	0.215440	0.333719	0.385117	0.860416
55043	4.668781	2.321031	8.925424	-0.042624	-0.118371	0.021022	-0.829673	-0.312113	0.462847	0.446640	-0.868508	0.214957	0.334895	0.385070	0.859980
55044	4.858199	2.351338	8.839391	-0.055269	-0.108245	0.027415	-0.829196	-0.311901	0.463845	0.446642	-0.868661	0.214334	0.336073	0.384897	0.859598
55045	4.675472	2.102367	8.840943	-0.056555	-0.097801	0.029091	-0.828763	-0.311748	0.464720	0.446641	-0.868819	0.213693	0.337139	0.384664	0.859285
55046	4.510204	2.185953	8.836646	-0.055639	-0.112036	0.026725	-0.828274	-0.311516	0.465748	0.446636	-0.868975	0.213070	0.338348	0.384500	0.858883
55047	5.741582	2.268551	9.460648	-0.015642	-0.115075	0.009240	-0.827865	-0.311132	0.466730	0.446616	-0.869034	0.212873	0.339372	0.384679	0.858399
55048	6.115150	2.083558	8.767476	0.025171	0.082493	-0.021811	-0.828250	-0.311226	0.465983	0.446481	-0.869030	0.213170	0.338609	0.384611	0.858731
55049	4.176706	2.092961	8.803602	0.018178	0.106948	-0.006340	-0.828659	-0.311567	0.465027	0.446456	-0.869003	0.213335	0.337641	0.384396	0.859208
55050	4.516754	2.131189	9.112843	0.032562	0.053878	-0.008193	-0.828885	-0.311670	0.464554	0.446458	-0.868928	0.213632	0.337082	0.384481	0.859390
55051	5.409929	1.653557	8.955512	0.051623	0.099869	-0.016337	-0.829320	-0.311878	0.463638	0.446442	-0.868813	0.214132	0.336032	0.384572	0.859760
55052	4.351223	1.824740	8.942689	0.064623	0.130531	-0.001229	-0.829771	-0.312336	0.462521	0.446609	-0.868594	0.214673	0.334693	0.384695	0.860227
55053	4.155103	2.664609	8.763400	0.058565	0.082117	0.009753	-0.830018	-0.312730	0.461813	0.446860	-0.868357	0.215109	0.333747	0.384910	0.860498
55054	4.500675	2.956708	8.628985	0.026298	0.036041	0.027046	-0.830025	-0.313070	0.461569	0.447133	-0.868197	0.215190	0.333363	0.384996	0.860609
55055	4.434802	2.668798	8.751272	0.007714	0.025887	0.022187	-0.830038	-0.313331	0.461368	0.447290	-0.868130	0.215134	0.333119	0.384935	0.860730
55056	4.248637	2.610481	8.807137	-0.007806	-0.016463	0.029822	-0.829858	-0.313493	0.461582	0.447472	-0.868092	0.214908	0.333323	0.384888	0.860672
55057	4.447468	2.522693	8.751539	-0.025991	-0.049314	0.032401	-0.829564	-0.313578	0.462052	0.447629	-0.868108	0.214515	0.333844	0.384781	0.860518
55058	4.524558	2.313595	8.831142	-0.038070	-0.069047	0.032944	-0.829194	-0.313565	0.462725	0.447736	-0.868177	0.214014	0.334619	0.384637	0.860281
55059	4.690903	2.247085	8.879674	-0.044043	-0.084472	0.033671	-0.828780	-0.313519	0.463498	0.447833	-0.868263	0.213460	0.335515	0.384481	0.860003
55060	4.816150	2.232481	8.896574	-0.037307	-0.073063	0.026187	-0.828425	-0.313432	0.464190	0.447885	-0.868350	0.212997	0.336320	0.384356	0.859744
55061	4.869766	2.167891	8.884492	-0.035420	-0.053905	0.024350	-0.828152	-0.313425	0.464682	0.447938	-0.868430	0.212559	0.336922	0.384180	0.859587
55062	4.853606	2.174412	8.833732	-0.036824	-0.049978	0.029576	-0.827859	-0.313457	0.465182	0.448019	-0.868504	0.212085	0.337533	0.383987	0.859433
55063	4.846195	2.068523	8.851270	-0.038400	-0.027878	0.024661	-0.827676	-0.313541	0.465451	0.448051	-0.868600	0.211621	0.337939	0.383700	0.859402
55064	5.005156	1.953114	9.012741	-0.023994	-0.016598	0.017786	-0.827548	-0.313599	0.465639	0.448078	-0.868662	0.211311	0.338216	0.383513	0.859376
55065	5.073996	1.972254	8.975525	0.001385	0.018598	0.002253	-0.827622	-0.313667	0.465461	0.448059	-0.868676	0.211294	0.338059	0.383425	0.859477
55066	5.070416	2.064995	8.900863	0.016272	0.061809	-0.003476	-0.827855	-0.313840	0.464931	0.448046	-0.868650	0.211429	0.337507	0.383343	0.859731
55067	4.682950	1.508605	9.089484	0.038076	0.078442	0.019055	-0.828050	-0.314297	0.464274	0.448303	-0.868464	0.211647	0.336685	0.383390	0.860032
55068	4.673643	2.084853	8.846055	0.055919	0.082839	0.029421	-0.828205	-0.314837	0.463632	0.448696	-0.868182	0.211971	0.335781	0.383585	0.860298
55069	4.218146	2.580673	8.753362	0.041816	0.060795	0.046391	-0.828218	-0.315460	0.463185	0.449188	-0.867897	0.212095	0.335090	0.383718	0.860509
55070	4.093010	3.038338	8.570229	0.017230	0.010568	0.055962	-0.828010	-0.315952	0.463221	0.449670	-0.867680	0.211963	0.334957	0.383804	0.860522
55071	4.485234	3.012883	8.590187	-0.012110	-0.024063	0.042905	-0.827754	-0.316220	0.463496	0.449953	-0.867612	0.211640	0.335210	0.383737	0.860454
55072	4.471198	2.404881	8.752625	-0.039579	-0.034633	0.039923	-0.827466	-0.316400	0.463886	0.450112	-0.867663	0.211093	0.335707	0.383473	0.860377
55073	4.615279	2.051612	8.770307	-0.035073	-0.049257	0.028627	-0.827193	-0.316439	0.464346	0.450190	-0.867732	0.210640	0.336273	0.383284	0.860240
55074	4.694224	2.039990	8.868397	-0.025365	-0.055062	0.018609	-0.826932	-0.316356	0.464867	0.450219	-0.867796	0.210315	0.336876	0.383208	0.860039
55075	4.629049	2.150828	8.861746	-0.018714	-0.063020	0.008504	-0.826697	-0.316180	0.465405	0.450200	-0.867859	0.210095	0.337478	0.383210	0.859802
55076	4.756481	2.218372	8.834271	-0.018034	-0.062988	0.010106	-0.826447	-0.315993	0.465976	0.450183	-0.867922	0.209872	0.338112	0.383223	0.859547
55077	4.672034	2.207541	8.820099	-0.011230	-0.063532	-0.000055	-0.826245	-0.315753	0.466497	0.450130	-0.867978	0.209757	0.338678	0.383295	0.859292
55078	4.691651	2.173942	8.840275	-0.006831	-0.070129	0.005440	-0.825991	-0.315498	0.467120	0.450112	-0.868012	0.209652	0.339321	0.383427	0.858979
55079	4.697960	2.173334	8.837074	-0.003694	-0.071132	0.000656	-0.825766	-0.315213	0.467708	0.450068	-0.868048	0.209599	0.339925	0.383580	0.858672
55080	4.659433	2.237267	8.770683	-0.003427	-0.074830	0.001493	-0.825513	-0.314906	0.468362	0.450030	-0.868082	0.209542	0.340591	0.383756	0.858329
55081	4.550926	2.414246	8.700081	-0.008820	-0.087071	0.008704	-0.825202	-0.314613	0.469107	0.450018	-0.868120	0.209408	0.341358	0.383910	0.857955
55082	4.724116	2.434001	8.628478	-0.016692	-0.099155	0.018792	-0.824786	-0.314362	0.470005	0.450077	-0.868150	0.209156	0.342284	0.384047	0.857525
55083	5.042516	1.754479	8.978843	-0.012826	-0.081595	0.014657	-0.824466	-0.314140	0.470714	0.450100	-0.868186	0.208960	0.343024	0.384148	0.857184
55084	4.915338	1.609271	9.159779	0.016499	-0.048760	-0.002032	-0.824316	-0.313902	0.471135	0.450100	-0.868154	0.209090	0.343384	0.384415	0.856920
55085	4.694099	2.214384	8.931258	0.025266	-0.058882	-0.008740	-0.824178	-0.313564	0.471602	0.450061	-0.868117	0.209330	0.343767	0.384775	0.856605
55086	4.802256	2.376420	8.809358	0.002826	-0.046363	-0.006347	-0.824055	-0.313297	0.471994	0.449979	-0.868151	0.209364	0.344169	0.384914	0.856381
55087	4.712619	2.287700	8.840533	-0.000289	-0.054209	0.000705	-0.823887	-0.313069	0.472438	0.449940	-0.868177	0.209340	0.344622	0.385041	0.856142
55088	4.898299	2.259988	8.897773	-0.003029	-0.059195	0.004998	-0.823668	-0.312851	0.472964	0.449931	-0.868198	0.209270	0.345156	0.385170	0.855869
55089	5.137337	2.167912	8.830913	0.004965	-0.026842	0.000987	-0.823591	-0.312738	0.473174	0.449919	-0.868200	0.209290	0.345357	0.385259	0.855748
55090	4.764454	2.281651	8.827282	0.008528	-0.010376	0.006610	-0.823533	-0.312722	0.473285	0.449964	-0.868171	0.209311	0.345436	0.385336	0.855681
55091	4.609266	2.582760	8.831102	-0.007539	-0.023736	0.016696	-0.823399	-0.312746	0.473501	0.450027	-0.868177	0.209150	0.345672	0.385303	0.855601
55092	4.269309	3.238734	8.548161	-0.035139	-0.059345	0.041013	-0.823017	-0.312840	0.474103	0.450203	-0.868210	0.208635	0.346352	0.385153	0.855393
55093	3.845419	2.976473	8.522766	-0.087889	-0.122792	0.081061	-0.822249	-0.313044	0.475301	0.450520	-0.868322	0.207483	0.347763	0.384735	0.855009
55094	3.723849	2.265455	8.958082	-0.121085	-0.225026	0.113507	-0.820960	-0.313131	0.477467	0.450990	-0.868457	0.205887	0.350190	0.384358	0.854188
55095	3.842378	2.257622	8.960774	-0.149774	-0.342099	0.134857	-0.819168	-0.312968	0.480640	0.451532	-0.868634	0.203947	0.353671	0.384091	0.852872
55096	4.229402	2.355619	8.854936	-0.179523	-0.448090	0.161695	-0.816850	-0.312619	0.484794	0.452176	-0.868843	0.201617	0.358181	0.383903	0.851073
55097	5.199518	2.087896	8.784265	-0.202343	-0.475055	0.180902	-0.814344	-0.312338	0.489172	0.452873	-0.869083	0.199002	0.362975	0.383589	0.849181
55098	5.391256	1.798779	8.976972	-0.194435	-0.438034	0.174505	-0.811961	-0.312142	0.493242	0.453542	-0.869308	0.196476	0.367451	0.383236	0.847414
55099	5.042182	2.139881	8.972897	-0.180601	-0.412442	0.187264	-0.809610	-0.312163	0.497076	0.454347	-0.869443	0.194005	0.371618	0.382914	0.845741
55100	4.756159	2.643920	8.935039	-0.191451	-0.433747	0.209464	-0.807044	-0.312291	0.501153	0.455284	-0.869547	0.191323	0.376028	0.382573	0.843944
55101	4.513120	2.523392	9.395177	-0.181591	-0.489042	0.246560	-0.804091	-0.312543	0.505722	0.456543	-0.869495	0.188538	0.380797	0.382485	0.841843
55102	3.343991	3.560228	9.664652	-0.259174	-0.563683	0.173752	-0.801142	-0.311866	0.510794	0.456903	-0.869969	0.185457	0.386537	0.381961	0.839461
55103	2.290708	2.004950	10.212049	-0.159582	-0.885396	0.418453	-0.795800	-0.312074	0.518953	0.459558	-0.869309	0.181957	0.394347	0.383291	0.835212
55104	5.341759	0.902632	10.251040	0.248563	-1.005851	0.549164	-0.789268	-0.312926	0.528332	0.464858	-0.866659	0.181132	0.401202	0.388561	0.829492
55105	3.901278	2.083716	10.407068	0.281016	-1.281671	0.602960	-0.781274	-0.313101	0.539980	0.470692	-0.863695	0.180222	0.409951	0.394967	0.822156
55106	3.172060	2.386584	10.545555	0.276785	-1.446635	0.697507	-0.771973	-0.313317	0.553074	0.477217	-0.860433	0.178657	0.419907	0.401854	0.813751
55107	3.970991	2.938598	10.300565	0.194393	-1.843030	0.847834	-0.760065	-0.313096	0.569449	0.484492	-0.857019	0.175462	0.433092	0.409256	0.803082
55108	5.090131	3.805736	10.582420	0.310619	-2.153614	1.112656	-0.745142	-0.313657	0.588543	0.494193	-0.852272	0.171479	0.447813	0.418631	0.790071
55109	8.047994	12.657493	14.399869	-0.066690	-2.312851	1.438148	-0.727422	-0.316124	0.609035	0.504457	-0.848039	0.162335	0.465168	0.425318	0.776353
55110	5.735807	13.944801	12.943070	-1.369597	-2.344996	1.575415	-0.708255	-0.319533	0.629502	0.509191	-0.848856	0.142017	0.488977	0.421121	0.763910
55111	3.604121	10.354770	13.126165	-2.125682	-2.239875	1.508788	-0.689359	-0.323017	0.648416	0.509004	-0.852875	0.116273	0.515460	0.410200	0.752354
55112	2.689290	5.303877	13.997114	-1.981146	-2.168118	0.836144	-0.673683	-0.321352	0.665495	0.504201	-0.858236	0.095983	0.540307	0.400206	0.740205
55113	2.934271	5.078017	16.253314	-0.769630	-1.564053	0.018517	-0.665066	-0.315247	0.676983	0.500078	-0.861269	0.090213	0.554625	0.398542	0.730449
55114	-0.449933	6.970309	15.382798	-0.216982	-0.947199	-0.412572	-0.661838	-0.307876	0.683508	0.496086	-0.863446	0.091432	0.562022	0.399592	0.724194
55115	-3.595475	7.338284	13.809991	-0.258975	-0.508561	-0.513978	-0.661549	-0.301363	0.686683	0.491177	-0.866069	0.093109	0.566655	0.398879	0.720970
55116	-4.413730	3.761904	13.044240	-0.377859	-0.122227	-0.432262	-0.662972	-0.297094	0.687170	0.486125	-0.868890	0.093346	0.569343	0.395937	0.720474
55117	-4.265026	0.280348	12.990026	-0.105289	0.343322	-0.303072	-0.666452	-0.295795	0.684359	0.483475	-0.870221	0.094695	0.567533	0.393980	0.722970
55118	-3.638153	-0.402881	13.049432	0.352774	0.889640	-0.150497	-0.672201	-0.297959	0.677766	0.484412	-0.869303	0.098272	0.559903	0.394377	0.728681
55119	-2.922498	0.560097	12.668876	0.635761	1.425860	0.043660	-0.679962	-0.303952	0.667281	0.488184	-0.866679	0.102682	0.547108	0.395576	0.737694
55120	-2.081604	1.020805	11.824182	0.707707	1.903929	0.235200	-0.689073	-0.313487	0.653379	0.493565	-0.863178	0.106381	0.530633	0.395789	0.749520
55121	-1.203677	0.948719	10.985294	0.732349	2.277568	0.364345	-0.699217	-0.325625	0.636447	0.499872	-0.859135	0.109612	0.511101	0.394784	0.763492
55122	-0.449547	0.968941	10.036454	0.783373	2.539397	0.412144	-0.709852	-0.339127	0.617335	0.506652	-0.854706	0.113057	0.489299	0.393028	0.778534
55123	0.355472	1.425841	9.316177	0.841707	2.689007	0.362902	-0.720931	-0.352762	0.596504	0.513231	-0.850168	0.117513	0.465674	0.390863	0.793961
55124	0.871676	1.956859	8.665788	0.880626	2.715540	0.230135	-0.732069	-0.365265	0.575028	0.518856	-0.845936	0.123208	0.441433	0.388553	0.808803
55125	1.492319	2.259905	7.895069	0.893386	2.611945	0.016200	-0.743288	-0.375524	0.553629	0.522774	-0.842432	0.130445	0.417410	0.386381	0.822483
55126	1.652815	2.436287	6.991017	0.888607	2.359074	-0.279291	-0.754344	-0.382239	0.533721	0.524253	-0.840091	0.139307	0.395126	0.384890	0.834107
55127	1.860276	2.618572	6.476975	0.837894	1.927076	-0.627397	-0.765141	-0.384390	0.516530	0.522678	-0.839289	0.149669	0.375987	0.384497	0.843087
55128	3.387127	2.727958	6.839565	0.729313	1.410806	-1.040144	-0.775761	-0.381050	0.502986	0.517314	-0.840491	0.161124	0.361359	0.385195	0.849143
55129	5.637321	1.542127	7.504141	0.592951	0.944436	-1.535505	-0.787072	-0.371763	0.492250	0.507383	-0.844001	0.173853	0.350827	0.386594	0.852916
55130	7.518803	0.606284	8.400434	0.564640	0.590846	-2.079440	-0.799532	-0.356415	0.483443	0.492808	-0.849409	0.188799	0.343350	0.389195	0.854773
55131	9.379499	1.619068	9.156012	0.370866	0.364374	-2.534632	-0.813097	-0.336205	0.475226	0.473583	-0.856761	0.204158	0.338516	0.391059	0.855850
55132	11.322231	2.575556	9.540895	-0.119516	0.263252	-2.838598	-0.827102	-0.312739	0.467009	0.449859	-0.866464	0.216488	0.336942	0.389146	0.857342
55133	13.474877	2.285571	9.400348	-0.741622	0.271337	-3.008838	-0.841205	-0.287531	0.457930	0.422206	-0.878374	0.224057	0.337810	0.381819	0.860290
55134	15.344110	1.547847	8.600270	-1.316492	0.364952	-3.047839	-0.854856	-0.261890	0.447923	0.391854	-0.891715	0.226484	0.340106	0.369132	0.864910
55135	16.696934	0.358122	7.478434	-1.741175	0.491440	-2.906916	-0.867533	-0.237536	0.436994	0.360826	-0.905273	0.224243	0.342333	0.352217	0.871063
55136	17.327022	-1.568482	6.178925	-1.868660	0.655248	-2.586257	-0.878740	-0.216176	0.425539	0.331796	-0.917571	0.219031	0.343113	0.333664	0.878033
55137	17.354791	-3.505047	4.957862	-1.663027	0.818430	-2.106643	-0.888321	-0.199393	0.413676	0.307445	-0.927373	0.213205	0.341121	0.316577	0.885108
55138	16.772366	-4.541160	3.805562	-1.205610	0.954560	-1.548036	-0.896178	-0.187910	0.401939	0.289507	-0.934128	0.208785	0.336229	0.303472	0.891546
55139	15.891021	-4.527454	2.842452	-0.688590	1.013158	-0.946293	-0.902271	-0.182071	0.390841	0.278662	-0.937957	0.206359	0.329020	0.295104	0.897028
55140	14.238157	-3.787537	1.977798	-0.270261	0.987542	-0.363105	-0.906488	-0.181522	0.381222	0.274458	-0.939427	0.205305	0.320863	0.290736	0.901399
