// General information: 
//  MT Manager version: 2022.2.0 
//  XDA version: 2022.2.0 build 7381 rev 124627 built on 2023-07-19
// Device information: 
//  DeviceId: 00B4CBA7
//  ProductCode: MTW2-3A7G6
//  Firmware Version: 4.6.0
//  Hardware Version: 2.0.0
// Device settings: 
//  Filter Profile: human(46.1)
//  Option Flags: Orientation Smoother Disabled, Position/Velocity Smoother Disabled, Continuous Zero Rotation Update Disabled, AHS Disabled, ICC Disabled
// Coordinate system: ENU
PacketCounter	Acc_X	Acc_Y	Acc_Z	Gyr_X	Gyr_Y	Gyr_Z	Mat[1][1]	Mat[2][1]	Mat[3][1]	Mat[1][2]	Mat[2][2]	Mat[3][2]	Mat[1][3]	Mat[2][3]	Mat[3][3]
54871	9.359704	-2.391512	-1.546654	-0.143655	0.027979	0.021202	0.253201	-0.137759	0.957555	0.299309	-0.930089	-0.212953	0.919947	0.340525	-0.194267
54872	9.512503	-2.039034	-1.503084	-0.082864	0.005620	0.015245	0.253208	-0.137873	0.957537	0.298507	-0.930360	-0.212896	0.920206	0.339739	-0.194419
54873	9.457099	-1.679080	-1.609492	-0.072446	-0.020043	0.015521	0.253419	-0.137903	0.957477	0.297812	-0.930592	-0.212854	0.920373	0.339089	-0.194760
54874	9.455035	-1.827513	-1.903406	-0.058799	-0.039697	0.009007	0.253824	-0.137803	0.957384	0.297252	-0.930787	-0.212783	0.920443	0.338593	-0.195294
54875	9.436032	-2.058743	-2.223685	-0.002181	-0.048980	0.010897	0.254287	-0.137692	0.957277	0.297215	-0.930787	-0.212833	0.920327	0.338638	-0.195763
54876	9.339721	-2.248303	-2.445801	0.056036	-0.055501	0.008314	0.254834	-0.137536	0.957154	0.297701	-0.930599	-0.212980	0.920019	0.339220	-0.196203
54877	9.276956	-2.457454	-2.559077	0.106382	-0.060366	0.006165	0.255386	-0.137342	0.957034	0.298675	-0.930237	-0.213198	0.919549	0.340290	-0.196549
54878	9.273932	-2.432682	-2.489581	0.155823	-0.054509	0.009345	0.255931	-0.137189	0.956911	0.300099	-0.929697	-0.213551	0.918934	0.341822	-0.196768
54879	9.332308	-2.202098	-2.310099	0.158451	-0.051765	0.017662	0.256439	-0.137130	0.956783	0.301521	-0.929138	-0.213982	0.918327	0.343363	-0.196919
54880	9.409506	-2.145276	-2.210020	0.119299	-0.041728	0.016941	0.256890	-0.137091	0.956668	0.302586	-0.928710	-0.214336	0.917850	0.344535	-0.197094
54881	9.469186	-2.141338	-2.063153	0.121540	-0.034136	0.015343	0.257228	-0.137069	0.956580	0.303673	-0.928277	-0.214673	0.917396	0.345708	-0.197155
54882	9.446728	-2.001911	-2.022287	0.097662	-0.022302	0.015309	0.257496	-0.137081	0.956507	0.304542	-0.927924	-0.214969	0.917033	0.346650	-0.197189
54883	9.351147	-2.027992	-2.123089	0.076469	-0.016127	0.016236	0.257672	-0.137130	0.956452	0.305213	-0.927644	-0.215225	0.916761	0.347379	-0.197174
54884	9.389961	-2.044051	-2.275653	0.093603	-0.018415	0.013829	0.257897	-0.137144	0.956389	0.306039	-0.927308	-0.215500	0.916422	0.348269	-0.197178
54885	9.377165	-2.128113	-2.333521	0.093424	-0.003110	0.010478	0.257936	-0.137185	0.956373	0.306879	-0.926976	-0.215734	0.916130	0.349136	-0.197002
54886	9.263081	-2.178281	-2.313677	0.081622	0.012689	0.013747	0.257880	-0.137300	0.956372	0.307615	-0.926674	-0.215983	0.915899	0.349892	-0.196735
54887	9.409145	-2.365933	-2.197085	0.047109	0.049346	0.018241	0.257463	-0.137596	0.956441	0.308011	-0.926492	-0.216200	0.915883	0.350258	-0.196156
54888	9.054597	-1.740144	-1.762802	-0.009850	0.092465	0.031627	0.256729	-0.138159	0.956558	0.307855	-0.926488	-0.216440	0.916142	0.350047	-0.195324
54889	8.885123	-1.584625	-1.490011	-0.207242	0.092171	0.038356	0.255981	-0.138790	0.956667	0.305868	-0.927166	-0.216353	0.917016	0.347996	-0.194885
54890	9.243592	-2.626399	-1.469288	-0.190438	0.060851	0.029348	0.255525	-0.139224	0.956725	0.304045	-0.927796	-0.216219	0.917749	0.346137	-0.194745
54891	9.366525	-2.562718	-1.308602	-0.122369	0.049172	0.027676	0.255137	-0.139605	0.956774	0.302862	-0.928188	-0.216196	0.918248	0.344930	-0.194534
54892	9.298286	-2.332369	-1.336906	-0.062002	0.014993	0.020269	0.255073	-0.139794	0.956763	0.302248	-0.928381	-0.216227	0.918468	0.344334	-0.194553
54893	9.386850	-2.081230	-1.588962	-0.024126	-0.013224	0.019609	0.255233	-0.139885	0.956707	0.301988	-0.928445	-0.216318	0.918509	0.344125	-0.194726
54894	9.402161	-1.950988	-1.893995	-0.023807	-0.010778	0.021032	0.255410	-0.139990	0.956645	0.301735	-0.928501	-0.216430	0.918543	0.343932	-0.194908
54895	9.405784	-1.811325	-2.077146	-0.054990	0.006811	0.019921	0.255386	-0.140152	0.956627	0.301190	-0.928670	-0.216464	0.918729	0.343409	-0.194957
54896	9.171740	-1.890827	-2.183178	-0.100060	0.016683	0.024945	0.255319	-0.140394	0.956610	0.300206	-0.928988	-0.216465	0.919069	0.342448	-0.195041
54897	9.306566	-2.442962	-2.308664	-0.116889	-0.004573	0.025578	0.255417	-0.140570	0.956558	0.299077	-0.929360	-0.216432	0.919410	0.341365	-0.195333
54898	9.415464	-2.582553	-2.236609	-0.040376	-0.012861	0.026188	0.255627	-0.140717	0.956480	0.298653	-0.929467	-0.216560	0.919489	0.341014	-0.195572
54899	9.366486	-2.271577	-2.049120	-0.018382	-0.013570	0.020951	0.255794	-0.140819	0.956420	0.298442	-0.929508	-0.216675	0.919512	0.340860	-0.195736
54900	9.309413	-2.266271	-1.988994	-0.051768	-0.028613	0.022544	0.256139	-0.140879	0.956319	0.297922	-0.929658	-0.216746	0.919584	0.340425	-0.196151
54901	9.346067	-2.555445	-2.042444	-0.024145	-0.030988	0.012190	0.256439	-0.140840	0.956244	0.297680	-0.929731	-0.216765	0.919579	0.340242	-0.196494
54902	9.472409	-2.535769	-2.009666	0.054196	-0.034941	0.005384	0.256790	-0.140722	0.956168	0.298172	-0.929546	-0.216881	0.919322	0.340796	-0.196738
54903	9.350760	-2.495866	-1.972019	0.078082	-0.038650	0.001259	0.257128	-0.140555	0.956101	0.298898	-0.929286	-0.216997	0.918991	0.341573	-0.196934
54904	9.295910	-2.625829	-1.988602	0.111555	-0.032225	-0.007622	0.257411	-0.140334	0.956058	0.299925	-0.928930	-0.217104	0.918578	0.342631	-0.197027
54905	9.332706	-2.398606	-2.055428	0.171434	-0.035864	-0.012471	0.257682	-0.140049	0.956026	0.301543	-0.928367	-0.217273	0.917972	0.344270	-0.196992
54906	9.325506	-2.097062	-2.245534	0.184700	-0.041446	-0.017181	0.258022	-0.139702	0.955985	0.303280	-0.927763	-0.217433	0.917304	0.346033	-0.197015
54907	9.322150	-2.054010	-2.347766	0.174396	-0.040840	-0.016351	0.258326	-0.139362	0.955953	0.304932	-0.927189	-0.217570	0.916670	0.347705	-0.197021
54908	9.316049	-2.149143	-2.493765	0.185606	-0.044036	-0.015003	0.258696	-0.139020	0.955903	0.306685	-0.926568	-0.217752	0.915981	0.349493	-0.197063
54909	9.339020	-2.158024	-2.490640	0.218855	-0.039910	-0.023058	0.258969	-0.138621	0.955887	0.308760	-0.925841	-0.217913	0.915206	0.351573	-0.196963
54910	9.358836	-2.199056	-2.523619	0.256041	-0.040437	-0.022360	0.259282	-0.138228	0.955859	0.311154	-0.924980	-0.218165	0.914307	0.353985	-0.196820
54911	9.341304	-2.210404	-2.383957	0.262466	-0.020746	-0.030768	0.259354	-0.137824	0.955898	0.313643	-0.924098	-0.218337	0.913435	0.356437	-0.196441
54912	9.346448	-2.165545	-2.095632	0.193716	0.053733	-0.027052	0.258791	-0.137718	0.956065	0.315487	-0.923451	-0.218417	0.912959	0.358151	-0.195532
54913	8.787913	-1.267320	-1.520414	0.013482	0.097746	-0.004120	0.257864	-0.137985	0.956277	0.315632	-0.923416	-0.218354	0.913172	0.358138	-0.194563
54914	8.924135	-2.382870	-1.466818	-0.208791	0.070550	-0.003828	0.257222	-0.138147	0.956427	0.313756	-0.924170	-0.217870	0.913999	0.356125	-0.194372
54915	9.341647	-3.123589	-1.346128	-0.070761	0.033955	-0.007919	0.256865	-0.138149	0.956522	0.313140	-0.924441	-0.217607	0.914310	0.355421	-0.194197
54916	9.341279	-2.330330	-1.251588	-0.020912	0.006903	-0.015664	0.256768	-0.137976	0.956574	0.313016	-0.924537	-0.217376	0.914380	0.355237	-0.194203
54917	9.310372	-2.097217	-1.384271	-0.018685	-0.028634	-0.025537	0.256928	-0.137592	0.956586	0.312921	-0.924647	-0.217045	0.914368	0.355101	-0.194512
54918	9.462798	-2.001612	-1.642372	0.010811	-0.051087	-0.028325	0.257319	-0.137097	0.956552	0.313117	-0.924649	-0.216755	0.914191	0.355288	-0.195002
54919	9.537832	-2.105890	-2.078777	0.086021	-0.070231	-0.025921	0.257858	-0.136562	0.956483	0.313981	-0.924386	-0.216625	0.913742	0.356176	-0.195482
54920	9.443535	-2.007277	-2.386141	0.156437	-0.074097	-0.026998	0.258461	-0.135999	0.956401	0.315492	-0.923870	-0.216633	0.913051	0.357728	-0.195878
54921	9.396397	-2.150340	-2.715610	0.186094	-0.061664	-0.026618	0.258918	-0.135486	0.956350	0.317271	-0.923246	-0.216693	0.912305	0.359528	-0.196059
54922	9.259593	-2.102714	-2.748632	0.219060	-0.050570	-0.024535	0.259316	-0.135025	0.956307	0.319354	-0.922491	-0.216848	0.911465	0.361632	-0.196096
54923	9.227370	-1.981308	-2.659392	0.176431	-0.030801	-0.022084	0.259504	-0.134665	0.956307	0.321030	-0.921889	-0.216933	0.910823	0.363298	-0.196003
54924	9.287711	-2.246303	-2.401593	0.117643	-0.017902	-0.016098	0.259624	-0.134409	0.956310	0.322131	-0.921496	-0.216970	0.910399	0.364388	-0.195945
54925	9.336741	-2.118469	-2.127472	0.070666	-0.003053	-0.006063	0.259610	-0.134297	0.956330	0.322802	-0.921255	-0.217001	0.910166	0.365040	-0.195816
54926	9.405728	-2.149503	-1.910253	-0.013625	0.010792	-0.003128	0.259517	-0.134255	0.956361	0.322708	-0.921310	-0.216904	0.910226	0.364915	-0.195770
54927	9.467823	-2.290511	-1.855551	-0.035709	0.019454	-0.004389	0.259303	-0.134240	0.956421	0.322406	-0.921454	-0.216742	0.910394	0.364557	-0.195656
54928	9.466723	-2.305741	-1.872263	0.016686	0.019088	-0.009378	0.259111	-0.134175	0.956482	0.322588	-0.921413	-0.216644	0.910384	0.364685	-0.195465
54929	9.518029	-1.933011	-1.776786	0.044654	0.036065	-0.013143	0.258718	-0.134140	0.956594	0.323040	-0.921275	-0.216556	0.910335	0.365045	-0.195018
54930	9.197059	-1.501881	-1.827645	-0.003652	0.084350	-0.000770	0.257958	-0.134394	0.956763	0.323013	-0.921298	-0.216501	0.910561	0.364895	-0.194245
54931	9.084572	-1.547787	-1.802897	-0.107522	0.074134	0.004008	0.257274	-0.134655	0.956911	0.322034	-0.921692	-0.216281	0.911101	0.363802	-0.193763
54932	9.342187	-2.417444	-1.839295	-0.061889	0.051345	0.015664	0.256869	-0.134934	0.956980	0.321447	-0.921900	-0.216270	0.911422	0.363171	-0.193433
54933	9.385852	-2.033008	-1.656237	-0.025623	0.044009	0.014325	0.256492	-0.135181	0.957046	0.321188	-0.921981	-0.216307	0.911620	0.362873	-0.193062
54934	9.314731	-2.139538	-1.685247	-0.069714	0.028166	0.017374	0.256301	-0.135392	0.957068	0.320523	-0.922215	-0.216296	0.911907	0.362199	-0.192969
54935	9.355299	-2.261878	-1.842202	-0.052098	0.004250	0.022057	0.256311	-0.135565	0.957041	0.320002	-0.922382	-0.216357	0.912087	0.361710	-0.193036
54936	9.340126	-2.224769	-2.069578	-0.021391	-0.001757	0.014315	0.256385	-0.135635	0.957011	0.319798	-0.922440	-0.216410	0.912138	0.361534	-0.193124
54937	9.361787	-2.217775	-2.241370	-0.019488	-0.004744	0.015475	0.256456	-0.135716	0.956980	0.319591	-0.922498	-0.216471	0.912191	0.361358	-0.193207
54938	9.357406	-2.144190	-2.273724	-0.037420	0.008526	0.013677	0.256433	-0.135822	0.956972	0.319230	-0.922619	-0.216488	0.912324	0.361008	-0.193231
54939	9.200869	-2.131974	-2.206207	-0.071200	0.016757	0.014725	0.256305	-0.135972	0.956984	0.318553	-0.922863	-0.216441	0.912596	0.360326	-0.193220
54940	9.129624	-2.495686	-2.111108	-0.071792	0.012292	0.014083	0.256247	-0.136102	0.956982	0.317858	-0.923113	-0.216397	0.912855	0.359636	-0.193283
54941	9.344768	-2.315168	-1.865704	-0.021579	0.005368	0.015104	0.256224	-0.136215	0.956972	0.317634	-0.923178	-0.216450	0.912939	0.359426	-0.193274
54942	9.400950	-2.002775	-1.721329	-0.040155	0.005542	0.014770	0.256233	-0.136319	0.956954	0.317253	-0.923304	-0.216472	0.913069	0.359064	-0.193334
54943	9.386127	-1.948548	-1.704047	-0.061455	-0.004901	0.021896	0.256326	-0.136458	0.956910	0.316647	-0.923503	-0.216513	0.913253	0.358500	-0.193509
54944	9.464489	-2.085020	-1.789886	-0.064004	-0.015023	0.022193	0.256544	-0.136560	0.956837	0.316013	-0.923708	-0.216561	0.913411	0.357931	-0.193817
54945	9.458226	-2.256186	-1.871474	-0.043245	-0.016222	0.022941	0.256743	-0.136669	0.956768	0.315571	-0.923839	-0.216647	0.913509	0.357550	-0.194061
54946	9.360162	-2.191134	-1.987690	-0.013841	-0.022418	0.021039	0.257024	-0.136738	0.956683	0.315387	-0.923871	-0.216781	0.913493	0.357443	-0.194331
54947	9.345299	-2.260007	-2.221635	0.008231	-0.022861	0.018024	0.257268	-0.136778	0.956611	0.315427	-0.923825	-0.216920	0.913411	0.357547	-0.194527
54948	9.302842	-2.279048	-2.334062	0.014793	-0.017729	0.015019	0.257488	-0.136799	0.956549	0.315548	-0.923753	-0.217050	0.913307	0.357724	-0.194689
54949	9.278555	-2.275162	-2.337870	0.011035	-0.011273	0.014861	0.257616	-0.136851	0.956507	0.315621	-0.923701	-0.217164	0.913245	0.357839	-0.194768
54950	9.237464	-2.354205	-2.365314	-0.002857	-0.010656	0.016766	0.257778	-0.136920	0.956454	0.315560	-0.923695	-0.217278	0.913221	0.357828	-0.194902
54951	9.198566	-2.371076	-2.284479	0.007521	-0.003327	0.011819	0.257824	-0.136971	0.956434	0.315609	-0.923660	-0.217356	0.913191	0.357899	-0.194912
54952	9.297242	-2.194781	-2.123495	0.013313	-0.003151	0.015318	0.257913	-0.137050	0.956398	0.315709	-0.923595	-0.217487	0.913131	0.358036	-0.194940
54953	9.322511	-2.139927	-2.013200	0.000960	-0.008464	0.014831	0.258016	-0.137111	0.956362	0.315691	-0.923579	-0.217581	0.913109	0.358054	-0.195013
54954	9.433686	-2.262851	-1.918383	0.002840	-0.003770	0.009598	0.258093	-0.137136	0.956338	0.315708	-0.923560	-0.217638	0.913081	0.358094	-0.195069
54955	9.284921	-2.217725	-1.846853	0.034134	0.020149	0.003322	0.257898	-0.137193	0.956382	0.316022	-0.923441	-0.217686	0.913027	0.358379	-0.194797
54956	9.185475	-1.786306	-1.626652	-0.040814	0.033249	0.004356	0.257621	-0.137299	0.956442	0.315662	-0.923583	-0.217607	0.913230	0.357972	-0.194594
54957	9.160916	-2.359402	-1.708307	-0.048681	0.043206	0.000499	0.257206	-0.137413	0.956537	0.315227	-0.923764	-0.217467	0.913497	0.357460	-0.194282
54958	9.220249	-2.212918	-1.482248	-0.010970	0.013668	0.005166	0.257107	-0.137463	0.956556	0.315120	-0.923803	-0.217455	0.913562	0.357339	-0.194199
54959	9.301204	-2.439107	-1.552569	-0.002709	-0.002456	0.003213	0.257118	-0.137438	0.956557	0.315098	-0.923817	-0.217431	0.913566	0.357315	-0.194224
54960	9.400968	-2.109748	-1.523952	0.024420	-0.024471	0.007225	0.257376	-0.137366	0.956498	0.315322	-0.923722	-0.217507	0.913416	0.357586	-0.194429
54961	9.357374	-1.915363	-1.626979	-0.010065	-0.037987	0.011848	0.257739	-0.137294	0.956410	0.315211	-0.923750	-0.217551	0.913352	0.357543	-0.194810
54962	9.467961	-1.977617	-1.846563	-0.015954	-0.047310	0.008306	0.258207	-0.137155	0.956304	0.315052	-0.923802	-0.217559	0.913275	0.357461	-0.195321
54963	9.548768	-2.204249	-2.148092	0.027152	-0.046995	0.005267	0.258631	-0.136990	0.956213	0.315298	-0.923706	-0.217613	0.913070	0.357773	-0.195706
54964	9.425670	-2.073080	-2.351810	0.072220	-0.041028	0.001279	0.259018	-0.136803	0.956135	0.315976	-0.923447	-0.217724	0.912726	0.358511	-0.195963
54965	9.312499	-2.151633	-2.633384	0.066008	-0.035557	0.001465	0.259326	-0.136643	0.956075	0.316586	-0.923216	-0.217818	0.912427	0.359166	-0.196154
54966	9.253954	-2.466774	-2.779270	0.087622	-0.030873	-0.000026	0.259617	-0.136484	0.956019	0.317397	-0.922907	-0.217949	0.912063	0.360021	-0.196282
54967	9.201314	-2.536287	-2.684073	0.133395	-0.019583	0.000940	0.259777	-0.136376	0.955990	0.318623	-0.922432	-0.218170	0.911590	0.361276	-0.196174
54968	9.245181	-2.459893	-2.463699	0.143838	-0.011881	-0.001835	0.259886	-0.136273	0.955975	0.319932	-0.921926	-0.218394	0.911100	0.362605	-0.195998
54969	9.271678	-2.359732	-2.261461	0.135497	-0.004952	0.000098	0.259910	-0.136211	0.955978	0.321177	-0.921441	-0.218611	0.910655	0.363858	-0.195744
54970	9.354083	-2.267444	-2.122140	0.138066	-0.003102	0.004096	0.259961	-0.136190	0.955967	0.322433	-0.920939	-0.218880	0.910196	0.365135	-0.195496
54971	9.343688	-2.136453	-1.975957	0.121396	-0.005922	0.004971	0.260009	-0.136168	0.955957	0.323536	-0.920496	-0.219115	0.909791	0.366258	-0.195282
54972	9.385696	-2.198764	-2.023024	0.119836	-0.000529	0.005230	0.260040	-0.136167	0.955949	0.324622	-0.920055	-0.219359	0.909395	0.367364	-0.195049
54973	9.398420	-2.272552	-2.055827	0.130966	0.011086	-0.008381	0.259890	-0.136086	0.956001	0.325846	-0.919593	-0.219485	0.909000	0.368551	-0.194650
54974	9.387359	-2.156084	-1.924650	0.128312	0.059514	-0.003669	0.259345	-0.136227	0.956129	0.327021	-0.919134	-0.219659	0.908734	0.369642	-0.193823
54975	9.116432	-1.228962	-1.602194	0.004198	0.098318	0.006579	0.258451	-0.136606	0.956317	0.327054	-0.919117	-0.219681	0.908977	0.369544	-0.192869
54976	9.092979	-1.937478	-1.520215	-0.196933	0.102208	0.012804	0.257573	-0.137054	0.956490	0.325237	-0.919832	-0.219384	0.909878	0.367593	-0.192349
54977	9.343924	-2.793253	-1.500208	-0.114690	0.064969	0.015441	0.257010	-0.137389	0.956593	0.324164	-0.920240	-0.219262	0.910419	0.366446	-0.191974
54978	9.374271	-2.399611	-1.390402	-0.032179	0.038009	0.012965	0.256714	-0.137598	0.956642	0.323855	-0.920344	-0.219283	0.910613	0.366106	-0.191704
54979	9.322163	-2.102342	-1.418574	-0.020873	0.001791	0.010660	0.256710	-0.137657	0.956635	0.323648	-0.920414	-0.219295	0.910687	0.365909	-0.191727
54980	9.484672	-2.070163	-1.658334	-0.005782	-0.015467	0.009318	0.256890	-0.137638	0.956589	0.323586	-0.920426	-0.219333	0.910659	0.365884	-0.191911
54981	9.555746	-1.984049	-1.873556	0.043887	-0.026579	0.011950	0.257149	-0.137605	0.956524	0.323966	-0.920257	-0.219482	0.910450	0.366322	-0.192064
54982	9.467609	-1.841736	-2.124382	0.033266	-0.019516	0.009101	0.257365	-0.137568	0.956472	0.324264	-0.920126	-0.219593	0.910284	0.366664	-0.192199
54983	9.335484	-2.144294	-2.468392	0.027263	-0.020666	0.010621	0.257565	-0.137545	0.956421	0.324496	-0.920020	-0.219697	0.910144	0.366941	-0.192332
54984	9.270062	-2.265530	-2.586679	0.067533	-0.015870	0.011687	0.257755	-0.137546	0.956370	0.325093	-0.919761	-0.219898	0.909877	0.367589	-0.192358
54985	9.259525	-2.240208	-2.447070	0.065217	-0.007211	0.014168	0.257845	-0.137605	0.956337	0.325661	-0.919509	-0.220109	0.909649	0.368195	-0.192279
54986	9.297325	-2.285167	-2.216480	0.047271	-0.001994	0.016580	0.257928	-0.137700	0.956301	0.326063	-0.919316	-0.220318	0.909481	0.368641	-0.192218
54987	9.281334	-2.383090	-2.064653	0.024102	-0.000627	0.020393	0.257978	-0.137840	0.956268	0.326241	-0.919207	-0.220510	0.909403	0.368860	-0.192166
54988	9.345495	-2.447882	-1.883774	0.045054	-0.001487	0.014025	0.258047	-0.137915	0.956238	0.326628	-0.919026	-0.220690	0.909245	0.369283	-0.192105
54989	9.410019	-2.330849	-1.765176	0.082144	-0.003631	0.008377	0.258085	-0.137933	0.956225	0.327365	-0.918719	-0.220878	0.908969	0.370040	-0.191953
54990	9.355639	-2.279963	-1.838076	0.096559	-0.001464	0.000757	0.258110	-0.137884	0.956225	0.328260	-0.918363	-0.221030	0.908639	0.370941	-0.191777
54991	9.409554	-2.200533	-1.913028	0.108629	0.001230	-0.000102	0.258077	-0.137842	0.956241	0.329259	-0.917968	-0.221188	0.908287	0.371934	-0.191520
54992	9.274931	-2.076068	-2.010423	0.080014	0.013070	-0.002736	0.257952	-0.137828	0.956276	0.329974	-0.917690	-0.221276	0.908063	0.372625	-0.191240
54993	9.232981	-2.170829	-2.051279	0.014750	0.021945	-0.001263	0.257726	-0.137853	0.956333	0.330122	-0.917644	-0.221242	0.908073	0.372727	-0.190993
54994	9.294103	-2.466486	-2.085697	0.002802	0.028344	-0.000407	0.257476	-0.137907	0.956393	0.330162	-0.917639	-0.221203	0.908130	0.372719	-0.190738
54995	9.280554	-2.411069	-2.065266	0.011569	0.032363	-0.002997	0.257150	-0.137955	0.956474	0.330286	-0.917608	-0.221147	0.908177	0.372778	-0.190398
54996	9.212186	-2.377831	-2.052561	-0.012439	0.036027	-0.001266	0.256827	-0.138030	0.956550	0.330186	-0.917662	-0.221072	0.908305	0.372617	-0.190104
54997	9.228996	-2.416280	-2.048439	-0.013549	0.043914	-0.008993	0.256376	-0.138066	0.956666	0.330097	-0.917733	-0.220910	0.908464	0.372429	-0.189709
54998	9.128858	-2.331311	-1.880814	-0.015442	0.046896	-0.010171	0.255923	-0.138102	0.956782	0.329990	-0.917812	-0.220744	0.908631	0.372222	-0.189317
54999	9.101031	-2.246792	-1.686010	-0.070103	0.065428	-0.002998	0.255296	-0.138272	0.956924	0.329372	-0.918085	-0.220533	0.909031	0.371485	-0.188841
55000	9.202667	-2.049142	-1.505098	-0.113240	0.065921	0.001976	0.254708	-0.138496	0.957049	0.328326	-0.918515	-0.220300	0.909575	0.370336	-0.188481
55001	9.316848	-2.076736	-1.453588	-0.143494	0.049597	0.003124	0.254245	-0.138663	0.957148	0.327023	-0.919049	-0.220010	0.910173	0.368946	-0.188318
55002	9.418972	-1.957503	-1.434580	-0.152060	0.038291	0.005012	0.253921	-0.138802	0.957214	0.325641	-0.919606	-0.219732	0.910759	0.367503	-0.188308
55003	9.467301	-1.938396	-1.584532	-0.184937	0.028089	0.007245	0.253667	-0.138926	0.957263	0.323949	-0.920282	-0.219403	0.911433	0.365760	-0.188440
55004	9.489052	-2.098414	-1.868885	-0.181228	0.012833	0.009660	0.253590	-0.139014	0.957271	0.322288	-0.920934	-0.219114	0.912043	0.364082	-0.188737
55005	9.445073	-2.345256	-2.201820	-0.137756	0.005189	-0.005346	0.253504	-0.138938	0.957305	0.321056	-0.921450	-0.218753	0.912501	0.362803	-0.188984
55006	9.488963	-2.525507	-2.502345	-0.065612	0.004617	-0.006295	0.253448	-0.138853	0.957332	0.320476	-0.921705	-0.218530	0.912721	0.362188	-0.189105
55007	9.393498	-2.517327	-2.532471	0.003772	0.008847	-0.012612	0.253305	-0.138723	0.957388	0.320554	-0.921717	-0.218366	0.912733	0.362208	-0.189007
55008	9.305359	-2.170617	-2.370158	0.014689	0.028652	-0.011808	0.253013	-0.138674	0.957473	0.320723	-0.921687	-0.218242	0.912755	0.362301	-0.188723
55009	9.186192	-1.805096	-2.122890	-0.059537	0.048349	-0.001864	0.252544	-0.138786	0.957580	0.320195	-0.921913	-0.218062	0.913070	0.361682	-0.188385
55010	9.294756	-1.863639	-1.882175	-0.147806	0.041808	0.002671	0.252177	-0.138916	0.957658	0.318844	-0.922451	-0.217769	0.913644	0.360260	-0.188328
55011	9.539866	-2.003643	-1.680463	-0.194648	0.047901	0.005432	0.251735	-0.139093	0.957749	0.317062	-0.923150	-0.217405	0.914386	0.358394	-0.188288
55012	9.529570	-1.974125	-1.541026	-0.237156	0.043697	0.013327	0.251388	-0.139322	0.957807	0.314877	-0.923983	-0.217045	0.915236	0.356153	-0.188408
55013	9.495640	-1.984903	-1.494973	-0.271849	0.043290	0.005973	0.250989	-0.139486	0.957888	0.312383	-0.924947	-0.216540	0.916200	0.353577	-0.188578
55014	9.444123	-1.911078	-1.551620	-0.300264	0.054963	0.005838	0.250510	-0.139683	0.957984	0.309634	-0.926000	-0.215988	0.917263	0.350731	-0.188722
55015	9.382588	-2.007613	-1.653887	-0.319263	0.058369	0.000837	0.249956	-0.139849	0.958105	0.306712	-0.927122	-0.215343	0.918395	0.347688	-0.188846
55016	9.294733	-2.128226	-1.797578	-0.344128	0.052411	-0.007737	0.249456	-0.139916	0.958225	0.303564	-0.928334	-0.214579	0.919576	0.344411	-0.189105
55017	9.203068	-2.416496	-1.832677	-0.342148	0.038466	-0.022199	0.249014	-0.139796	0.958358	0.300482	-0.929546	-0.213668	0.920708	0.341176	-0.189464
55018	9.091262	-2.649492	-2.008980	-0.310544	0.037761	-0.034088	0.248570	-0.139559	0.958507	0.297717	-0.930655	-0.212711	0.921725	0.338238	-0.189784
55019	9.060434	-2.393367	-2.088232	-0.297264	0.031024	-0.042927	0.248136	-0.139218	0.958669	0.295093	-0.931724	-0.211685	0.922685	0.335423	-0.190112
55020	9.244203	-2.365940	-2.311937	-0.319270	0.004986	-0.043030	0.247971	-0.138789	0.958774	0.292255	-0.932858	-0.210625	0.923633	0.332435	-0.190760
55021	9.413863	-2.179188	-2.316856	-0.334660	0.008923	-0.046948	0.247732	-0.138334	0.958902	0.289289	-0.934038	-0.209485	0.924630	0.329296	-0.191372
55022	9.388601	-2.210913	-2.190602	-0.392282	0.025248	-0.046737	0.247375	-0.137931	0.959052	0.285794	-0.935391	-0.208245	0.925812	0.325605	-0.191972
55023	9.306292	-2.358465	-2.029658	-0.423478	0.039724	-0.046526	0.246855	-0.137578	0.959237	0.281996	-0.936833	-0.206935	0.927114	0.321584	-0.192465
55024	9.200113	-2.622423	-1.900746	-0.392161	0.037204	-0.057702	0.246361	-0.137103	0.959432	0.278529	-0.938167	-0.205585	0.928293	0.317878	-0.192941
55025	9.289995	-2.857184	-1.654913	-0.301496	0.029860	-0.075460	0.245855	-0.136443	0.959656	0.275925	-0.939232	-0.204228	0.929204	0.315004	-0.193267
55026	9.247540	-2.947275	-1.482419	-0.185444	0.033133	-0.083874	0.245332	-0.135705	0.959894	0.274446	-0.939926	-0.203025	0.929781	0.313247	-0.193350
55027	9.131996	-2.866913	-1.405386	-0.111688	0.048395	-0.090267	0.244615	-0.134961	0.960182	0.273639	-0.940405	-0.201893	0.930207	0.312129	-0.193106
55028	9.025347	-2.432723	-1.324232	-0.071931	0.060048	-0.094800	0.243808	-0.134213	0.960492	0.273211	-0.940762	-0.200807	0.930545	0.311375	-0.192697
55029	8.986253	-2.079473	-1.556878	-0.092390	0.027420	-0.102204	0.243255	-0.133290	0.960761	0.272610	-0.941193	-0.199597	0.930866	0.310466	-0.192613
55030	9.077988	-2.569284	-1.824731	-0.106671	-0.029762	-0.126314	0.243196	-0.131968	0.960958	0.271925	-0.941699	-0.198141	0.931081	0.309496	-0.193132
55031	9.057714	-3.411427	-2.060791	-0.005013	-0.064413	-0.147016	0.243376	-0.130337	0.961135	0.272247	-0.941915	-0.196668	0.930940	0.309530	-0.193755
55032	8.830209	-3.940132	-2.028968	0.179244	-0.078729	-0.185991	0.243609	-0.128301	0.961350	0.274375	-0.941604	-0.195194	0.930254	0.311321	-0.194181
55033	9.077610	-3.387508	-1.936042	0.506442	-0.084318	-0.212707	0.243784	-0.125989	0.961611	0.279611	-0.940293	-0.194081	0.928648	0.316191	-0.194001
55034	9.557369	-1.287976	-1.682667	0.636595	-0.072010	-0.206375	0.243879	-0.123781	0.961874	0.286032	-0.938521	-0.193298	0.926665	0.322268	-0.193480
55035	9.971400	0.668327	-1.453156	0.290552	-0.016727	-0.165237	0.243539	-0.122130	0.962171	0.289137	-0.937791	-0.192220	0.925791	0.325012	-0.193076
55036	9.762795	0.867215	-1.902734	-0.198493	0.025512	-0.129394	0.242935	-0.120964	0.962471	0.287608	-0.938600	-0.190558	0.926426	0.323107	-0.193228
55037	9.694406	-0.462942	-2.378548	-0.507268	0.047526	-0.108358	0.242165	-0.120052	0.962779	0.283177	-0.940364	-0.188484	0.927991	0.318281	-0.193727
55038	9.319570	-1.964183	-2.487234	-0.560640	0.076951	-0.103410	0.241166	-0.119278	0.963126	0.278228	-0.942262	-0.186362	0.929746	0.312913	-0.194055
55039	8.973268	-2.859342	-2.526227	-0.409469	0.090493	-0.124633	0.239960	-0.118337	0.963543	0.274728	-0.943690	-0.184317	0.931098	0.308941	-0.193937
55040	8.984508	-2.636276	-2.190875	-0.342775	0.096540	-0.126462	0.238725	-0.117395	0.963965	0.271850	-0.944896	-0.182396	0.932260	0.305596	-0.193657
55041	9.218808	-2.567566	-2.118586	-0.351026	0.093368	-0.124292	0.237499	-0.116457	0.964382	0.268881	-0.946115	-0.180469	0.933433	0.302165	-0.193388
55042	9.522775	-1.959458	-2.062555	-0.417753	0.102239	-0.106760	0.236268	-0.115710	0.964774	0.265241	-0.947497	-0.178594	0.934786	0.298094	-0.193172
55043	9.555977	-1.600993	-2.105389	-0.540855	0.106791	-0.101541	0.234983	-0.115015	0.965171	0.260430	-0.949219	-0.176519	0.936461	0.292839	-0.193097
55044	9.364092	-1.896251	-2.103056	-0.603400	0.078552	-0.106897	0.233982	-0.114180	0.965513	0.255046	-0.951092	-0.174283	0.938192	0.287029	-0.193417
55045	9.157070	-2.805224	-2.258587	-0.405247	0.039874	-0.149141	0.233211	-0.112827	0.965858	0.251600	-0.952424	-0.172008	0.939313	0.283124	-0.193729
55046	9.214309	-2.886694	-2.250623	-0.014756	0.006257	-0.179859	0.232708	-0.111092	0.966181	0.251881	-0.952673	-0.170205	0.939363	0.282971	-0.193713
55047	9.399082	-1.760981	-1.950039	0.233178	0.044293	-0.196131	0.231777	-0.109302	0.966609	0.254536	-0.952233	-0.168710	0.938877	0.285140	-0.192884
55048	8.978057	-0.310099	-1.501634	0.128500	0.031104	-0.191782	0.231005	-0.107525	0.966993	0.256190	-0.952079	-0.167068	0.938618	0.286327	-0.192389
55049	9.439756	-1.174421	-1.442692	-0.071401	-0.007941	-0.171939	0.230621	-0.105818	0.967273	0.255926	-0.952473	-0.165217	0.938784	0.285653	-0.192579
55050	9.685562	-1.694810	-1.267351	-0.105553	0.016766	-0.146585	0.230099	-0.104424	0.967548	0.255285	-0.952931	-0.163558	0.939087	0.284635	-0.192611
55051	9.225052	-1.431063	-1.162784	-0.135349	-0.021079	-0.143862	0.229912	-0.102946	0.967751	0.254355	-0.953471	-0.161855	0.939385	0.283364	-0.193030
55052	9.519330	-1.509436	-1.262081	-0.113092	-0.064832	-0.144842	0.230161	-0.101342	0.967861	0.253624	-0.953945	-0.160198	0.939522	0.282344	-0.193858
55053	9.833475	-1.113554	-1.349997	-0.073675	-0.078078	-0.134938	0.230534	-0.099787	0.967934	0.253252	-0.954295	-0.158698	0.939530	0.281717	-0.194726
55054	9.894508	-0.766127	-1.516461	-0.076407	-0.097027	-0.112715	0.231165	-0.098398	0.967926	0.252795	-0.954628	-0.157420	0.939499	0.281076	-0.195802
55055	10.066416	-0.698549	-1.847462	-0.119765	-0.112058	-0.092727	0.231966	-0.097151	0.967860	0.251894	-0.955060	-0.156237	0.939543	0.280040	-0.197070
55056	9.962098	-1.157781	-2.238430	-0.137762	-0.116713	-0.076716	0.232876	-0.096045	0.967752	0.250794	-0.955521	-0.155181	0.939612	0.278844	-0.198430
55057	9.696650	-1.345106	-2.491037	-0.085183	-0.114060	-0.060413	0.233778	-0.095102	0.967628	0.250144	-0.955822	-0.154376	0.939561	0.278136	-0.199661
55058	9.624300	-1.472553	-2.795113	-0.044835	-0.109143	-0.048580	0.234685	-0.094296	0.967487	0.249829	-0.956001	-0.153778	0.939419	0.277795	-0.200801
55059	9.660528	-1.525418	-3.036722	0.013795	-0.095002	-0.040553	0.235458	-0.093597	0.967367	0.250064	-0.956006	-0.153363	0.939163	0.278014	-0.201694
55060	9.547645	-1.379366	-3.144863	0.020680	-0.072410	-0.024962	0.236081	-0.093116	0.967262	0.250315	-0.955979	-0.153124	0.938940	0.278269	-0.202380
55061	9.520298	-1.277955	-3.192824	0.017633	-0.056269	-0.007464	0.236572	-0.092840	0.967168	0.250508	-0.955942	-0.153037	0.938765	0.278488	-0.202892
55062	9.352991	-1.535848	-3.062196	-0.011849	-0.035107	-0.010425	0.236884	-0.092599	0.967115	0.250423	-0.955991	-0.152872	0.938709	0.278401	-0.203270
55063	9.272401	-1.822858	-2.852173	0.066919	-0.035655	-0.009826	0.237175	-0.092358	0.967067	0.251085	-0.955819	-0.152863	0.938458	0.279071	-0.203507
55064	9.337101	-1.641978	-2.414341	0.174508	-0.025295	-0.014528	0.237387	-0.092102	0.967039	0.252765	-0.955348	-0.153036	0.937954	0.280762	-0.203507
55065	9.368488	-1.273631	-1.779095	0.201757	-0.037142	-0.013496	0.237682	-0.091820	0.966993	0.254698	-0.954797	-0.153266	0.937356	0.282720	-0.203552
55066	9.533219	-1.287000	-1.233316	0.233516	-0.058603	-0.005748	0.238227	-0.091555	0.966885	0.256905	-0.954145	-0.153646	0.936615	0.285000	-0.203782
55067	9.467735	-1.133432	-0.803471	0.263890	-0.090365	0.014577	0.239092	-0.091388	0.966687	0.259351	-0.953382	-0.154275	0.935720	0.287597	-0.204244
55068	9.446603	-0.867037	-0.585301	0.303597	-0.131855	0.030372	0.240413	-0.091248	0.966372	0.262130	-0.952479	-0.155149	0.934607	0.290615	-0.205069
55069	9.646002	-0.499110	-0.611277	0.295546	-0.160290	0.051267	0.242026	-0.091221	0.965972	0.264777	-0.951574	-0.156202	0.933443	0.293572	-0.206153
55070	9.660544	-0.324702	-0.917046	0.232464	-0.170282	0.065014	0.243793	-0.091291	0.965521	0.266800	-0.950833	-0.157269	0.932407	0.295943	-0.207450
55071	9.451630	-0.421805	-1.285191	0.138956	-0.174749	0.082154	0.245622	-0.091506	0.965037	0.267905	-0.950351	-0.158301	0.931610	0.297420	-0.208913
55072	9.340487	-1.087479	-1.779153	0.049135	-0.177516	0.093128	0.247525	-0.091823	0.964521	0.268122	-0.950130	-0.159261	0.931044	0.298030	-0.210561
55073	9.199813	-2.027594	-2.308534	0.079995	-0.188393	0.097318	0.249520	-0.092138	0.963976	0.268635	-0.949807	-0.160319	0.930363	0.298961	-0.212244
55074	9.411772	-1.940953	-2.565286	0.178708	-0.186396	0.114125	0.251564	-0.092610	0.963400	0.270034	-0.949167	-0.161753	0.929407	0.300841	-0.213768
55075	9.525592	-1.414037	-2.694322	0.157780	-0.178188	0.130592	0.253553	-0.093264	0.962815	0.271180	-0.948575	-0.163299	0.928532	0.302501	-0.215223
55076	9.562706	-1.210099	-2.696123	0.078783	-0.165930	0.148425	0.255497	-0.094126	0.962217	0.271534	-0.948205	-0.164855	0.927896	0.303395	-0.216705
55077	9.505507	-1.370345	-2.750631	-0.004368	-0.150140	0.162778	0.257312	-0.095166	0.961631	0.271087	-0.948069	-0.166361	0.927525	0.303492	-0.218152
55078	9.410974	-1.511427	-2.632040	-0.013820	-0.151973	0.177115	0.259201	-0.096337	0.961007	0.270506	-0.947949	-0.167988	0.927169	0.303500	-0.219649
55079	9.371053	-1.548223	-2.320329	0.039384	-0.159462	0.172160	0.261125	-0.097437	0.960375	0.270434	-0.947668	-0.169679	0.926649	0.304025	-0.221110
55080	9.463784	-1.367279	-1.847669	0.080060	-0.185248	0.172191	0.263312	-0.098450	0.959674	0.270746	-0.947258	-0.171463	0.925939	0.304976	-0.222769
55081	9.390723	-1.411010	-1.438737	0.084956	-0.212643	0.173657	0.265731	-0.099398	0.958909	0.271084	-0.946832	-0.173269	0.925149	0.305988	-0.224658
55082	9.192289	-2.018597	-1.266109	0.063166	-0.252324	0.167745	0.268525	-0.100160	0.958051	0.271241	-0.946474	-0.174974	0.924296	0.306848	-0.226984
55083	9.169425	-2.947170	-1.355958	0.209412	-0.318641	0.156826	0.271875	-0.100615	0.957058	0.272764	-0.945677	-0.176904	0.922867	0.309146	-0.229662
55084	9.411446	-2.690583	-1.584284	0.541229	-0.383283	0.156006	0.275845	-0.100835	0.955899	0.277362	-0.943829	-0.179601	0.920315	0.314672	-0.232382
55085	9.537820	-1.477819	-1.504151	0.686363	-0.409124	0.167734	0.280054	-0.101068	0.954649	0.283215	-0.941482	-0.182758	0.917256	0.321553	-0.235042
55086	9.457835	-0.716619	-1.624670	0.637619	-0.421846	0.191139	0.284466	-0.101444	0.953304	0.288537	-0.939220	-0.186044	0.914235	0.327987	-0.237906
55087	9.513951	-0.483151	-1.753618	0.538783	-0.418353	0.212512	0.288882	-0.102007	0.951915	0.292859	-0.937228	-0.189309	0.911472	0.333465	-0.240875
55088	9.492254	-0.726986	-1.930421	0.422514	-0.404358	0.237281	0.293258	-0.102822	0.950488	0.296031	-0.935571	-0.192544	0.909047	0.337839	-0.243925
55089	9.237573	-0.940043	-1.912749	0.361044	-0.403524	0.256196	0.297663	-0.103800	0.949011	0.298565	-0.934086	-0.195814	0.906783	0.341628	-0.247051
55090	9.309165	-1.018357	-1.823090	0.325167	-0.419933	0.274365	0.302281	-0.104872	0.947432	0.300694	-0.932690	-0.199178	0.904549	0.345095	-0.250401
55091	9.945188	-0.352312	-1.572990	0.362490	-0.436670	0.311555	0.307146	-0.106214	0.945717	0.303033	-0.931110	-0.202991	0.902127	0.348931	-0.253800
55092	10.394102	0.667364	-0.837467	0.147493	-0.435001	0.361965	0.312159	-0.108004	0.943871	0.303268	-0.930209	-0.206738	0.900325	0.350780	-0.257619
55093	9.974713	-1.269489	-1.052338	-0.115902	-0.435408	0.380997	0.317207	-0.109976	0.941958	0.301040	-0.930206	-0.209980	0.899308	0.350174	-0.261961
55094	10.512282	-2.565983	-1.025159	0.195084	-0.477086	0.390202	0.322654	-0.111874	0.939882	0.301557	-0.929096	-0.214112	0.897195	0.352512	-0.266040
55095	10.605940	-2.472005	-0.430689	0.461434	-0.518803	0.405521	0.328508	-0.113750	0.937626	0.304384	-0.927007	-0.219107	0.894110	0.357377	-0.269906
55096	9.672928	-2.235214	-0.228178	0.650774	-0.574672	0.403332	0.334861	-0.115360	0.935179	0.308869	-0.924204	-0.224603	0.890207	0.364059	-0.273848
55097	9.044971	-1.334718	-0.287657	0.713297	-0.645132	0.403298	0.341824	-0.116663	0.932494	0.313855	-0.921120	-0.230290	0.885806	0.371386	-0.278246
55098	9.150543	-0.602559	0.041717	0.517095	-0.723859	0.431624	0.349567	-0.117870	0.929467	0.316960	-0.918683	-0.235709	0.881669	0.377000	-0.283781
55099	9.561835	-0.460168	0.616604	0.204500	-0.788588	0.461130	0.357946	-0.119074	0.926119	0.317144	-0.917370	-0.240526	0.878233	0.379808	-0.290605
55100	10.199000	-0.743352	1.303001	-0.032783	-0.870110	0.478040	0.367068	-0.120091	0.922409	0.315157	-0.916926	-0.244792	0.875178	0.380559	-0.298726
55101	10.682766	-1.177620	1.702202	-0.231083	-0.936546	0.481557	0.376739	-0.120903	0.918395	0.311364	-0.917231	-0.248476	0.872422	0.379566	-0.307912
55102	10.952180	-1.678185	1.922258	-0.312695	-1.021273	0.477801	0.387082	-0.121364	0.914023	0.306842	-0.917843	-0.251817	0.869491	0.377935	-0.318041
55103	11.599329	-2.375776	2.026432	-0.330553	-1.105215	0.477474	0.398107	-0.121536	0.909253	0.302117	-0.918517	-0.255053	0.866162	0.376239	-0.328950
55104	12.087916	-2.081749	2.462980	-0.369335	-1.207494	0.509235	0.410036	-0.121624	0.903924	0.296905	-0.919288	-0.258372	0.862391	0.374321	-0.340831
55105	11.739553	-1.770862	2.901179	-0.559393	-1.350032	0.592814	0.423371	-0.122002	0.897704	0.289641	-0.920658	-0.261721	0.858409	0.370817	-0.354443
55106	11.911135	-2.068283	2.322753	-0.615232	-1.513658	0.685659	0.438234	-0.122687	0.890449	0.281444	-0.922099	-0.265560	0.853663	0.366989	-0.369566
55107	12.597224	-1.303082	1.984536	-0.699411	-1.607071	0.765300	0.454010	-0.123843	0.882348	0.272098	-0.923714	-0.269656	0.848432	0.362512	-0.385678
55108	12.523720	-1.056878	0.966670	-0.961211	-1.685569	0.817462	0.470389	-0.125297	0.873518	0.260222	-0.926158	-0.272977	0.843219	0.355714	-0.403050
55109	12.472261	-1.277909	-0.503034	-1.141759	-1.795245	0.781708	0.487441	-0.126192	0.863989	0.246906	-0.929196	-0.275014	0.837520	0.347377	-0.421771
55110	12.647685	-2.147974	-2.434546	-1.109442	-1.874575	0.675179	0.504658	-0.125976	0.854079	0.234338	-0.932165	-0.275960	0.830907	0.339408	-0.440903
55111	12.815195	-2.336229	-4.329471	-0.988728	-1.832134	0.552201	0.521063	-0.124930	0.844325	0.223350	-0.934801	-0.276154	0.823777	0.332474	-0.459188
55112	11.918128	-2.457089	-5.613709	-0.918719	-1.703983	0.444913	0.535961	-0.123427	0.835171	0.213493	-0.937287	-0.275525	0.816802	0.325975	-0.475999
55113	10.441654	-2.787322	-6.560557	-0.765122	-1.490485	0.348163	0.548802	-0.121829	0.827028	0.205406	-0.939340	-0.274678	0.810324	0.320620	-0.490487
55114	9.483466	-2.393004	-6.550668	-0.642541	-1.191555	0.233039	0.558842	-0.120173	0.820520	0.198955	-0.941117	-0.273340	0.805054	0.316001	-0.502027
55115	8.899145	-2.689228	-6.450702	-0.628133	-0.787117	0.077597	0.565304	-0.118389	0.816343	0.193500	-0.943001	-0.270753	0.801866	0.311020	-0.510174
55116	8.165195	-3.562275	-6.431670	-0.536429	-0.341551	-0.091142	0.567811	-0.116426	0.814884	0.189745	-0.944776	-0.267199	0.800991	0.306339	-0.514363
55117	7.147697	-4.352384	-6.601993	-0.272126	0.087743	-0.277079	0.566569	-0.114027	0.816087	0.189163	-0.945932	-0.263496	0.802008	0.303662	-0.514366
55118	6.477010	-4.756440	-6.693113	0.175059	0.494343	-0.463253	0.561659	-0.111102	0.819875	0.193210	-0.945932	-0.260544	0.804493	0.304746	-0.509825
55119	6.146929	-4.417587	-6.680847	0.694000	0.883902	-0.633315	0.553265	-0.107788	0.826002	0.202364	-0.944497	-0.258795	0.808051	0.310335	-0.500744
55120	6.006713	-3.465165	-6.150317	1.110445	1.247235	-0.796633	0.541438	-0.104161	0.834263	0.215752	-0.941852	-0.257618	0.812586	0.319478	-0.487482
55121	6.110544	-2.715850	-5.765224	1.311065	1.594143	-0.910478	0.526388	-0.100732	0.844256	0.231330	-0.938532	-0.256213	0.818170	0.330169	-0.470729
55122	6.142751	-2.417279	-5.537424	1.358662	1.912128	-0.982288	0.508273	-0.097907	0.855612	0.247601	-0.934955	-0.254073	0.824835	0.340989	-0.450971
55123	6.240730	-2.339184	-5.468913	1.346383	2.189627	-1.028269	0.487482	-0.095846	0.867857	0.263901	-0.931295	-0.251088	0.832297	0.351429	-0.428695
55124	6.558837	-2.376006	-5.295210	1.248038	2.426652	-1.054487	0.464265	-0.094644	0.880625	0.279384	-0.927863	-0.247012	0.840477	0.360712	-0.404333
55125	6.919572	-2.835985	-4.766177	1.082308	2.601000	-1.057825	0.439241	-0.094279	0.893408	0.293329	-0.924923	-0.241819	0.849132	0.368279	-0.378610
55126	7.182629	-3.407018	-4.659927	0.859920	2.755546	-1.028101	0.412586	-0.094962	0.905955	0.305072	-0.922713	-0.235653	0.858315	0.373608	-0.351728
55127	7.591614	-3.377170	-4.521794	0.660383	2.884543	-0.953254	0.384714	-0.096953	0.917930	0.314591	-0.921155	-0.229142	0.867772	0.376926	-0.323881
55128	7.663756	-2.885838	-3.794318	0.391741	2.969767	-0.839757	0.356076	-0.100384	0.929049	0.321138	-0.920513	-0.222544	0.877542	0.377596	-0.295536
55129	7.582873	-2.297755	-2.939956	-0.000774	2.953560	-0.689718	0.327761	-0.105095	0.938897	0.323505	-0.921231	-0.216051	0.887647	0.374551	-0.267945
55130	8.232503	-2.194070	-4.324974	-0.382564	2.976584	-0.487077	0.299559	-0.111611	0.947527	0.321632	-0.923186	-0.210427	0.898230	0.367790	-0.240651
55131	8.203348	-2.087186	-5.317656	-0.676329	2.970465	-0.271992	0.271827	-0.119833	0.954856	0.316310	-0.925963	-0.206253	0.908877	0.358096	-0.213798
55132	7.744453	-1.899386	-5.403593	-0.998670	2.926740	-0.075187	0.244788	-0.129385	0.960905	0.307385	-0.929577	-0.203472	0.919561	0.345176	-0.187778
55133	7.635118	-2.147337	-4.928509	-1.297454	2.841652	0.103517	0.218797	-0.139887	0.965691	0.295155	-0.933821	-0.202143	0.930060	0.329257	-0.163029
55134	7.821633	-2.804726	-4.581651	-1.450364	2.707820	0.267224	0.194208	-0.151022	0.969265	0.281051	-0.938090	-0.202478	0.939837	0.311736	-0.139740
55135	7.975435	-3.632895	-4.172385	-1.440841	2.518642	0.398385	0.171500	-0.162352	0.971715	0.266726	-0.941841	-0.204436	0.948391	0.294242	-0.118222
