// General information: 
//  MT Manager version: 2022.2.0 
//  XDA version: 2022.2.0 build 7381 rev 124627 built on 2023-07-19
// Device information: 
//  DeviceId: 00B4CB9F
//  ProductCode: MTW2-3A7G6
//  Firmware Version: 4.6.0
//  Hardware Version: 2.0.0
// Device settings: 
//  Filter Profile: human(46.1)
//  Option Flags: Orientation Smoother Disabled, Position/Velocity Smoother Disabled, Continuous Zero Rotation Update Disabled, AHS Disabled, ICC Disabled
// Coordinate system: ENU
PacketCounter	Acc_X	Acc_Y	Acc_Z	Gyr_X	Gyr_Y	Gyr_Z	Mat[1][1]	Mat[2][1]	Mat[3][1]	Mat[1][2]	Mat[2][2]	Mat[3][2]	Mat[1][3]	Mat[2][3]	Mat[3][3]
06869	9.221488	-0.132216	3.279238	-0.018119	0.015238	0.002992	0.312253	0.139142	0.939754	-0.386512	0.922249	-0.008124	-0.867817	-0.360690	0.341755
06870	9.202850	-0.106624	3.293417	-0.011849	0.012535	0.002968	0.312323	0.139207	0.939721	-0.386381	0.922303	-0.008210	-0.867850	-0.360526	0.341843
06871	9.178931	-0.078496	3.341603	-0.007867	0.014338	0.000982	0.312386	0.139289	0.939688	-0.386363	0.922310	-0.008272	-0.867836	-0.360476	0.341933
06872	9.177108	-0.059423	3.394128	-0.006950	0.018205	-0.000699	0.312476	0.139365	0.939647	-0.386304	0.922334	-0.008333	-0.867829	-0.360386	0.342044
06873	9.157918	-0.089450	3.429660	-0.021284	0.013536	0.000117	0.312535	0.139436	0.939617	-0.386167	0.922390	-0.008433	-0.867869	-0.360214	0.342125
06874	9.144218	-0.121772	3.430635	-0.021334	0.007426	-0.005654	0.312556	0.139433	0.939610	-0.385984	0.922466	-0.008494	-0.867943	-0.360020	0.342141
06875	9.180698	-0.119108	3.384592	-0.031040	0.014029	-0.001307	0.312625	0.139493	0.939578	-0.385758	0.922560	-0.008614	-0.868019	-0.359757	0.342226
06876	9.144305	-0.198281	3.402658	-0.023122	0.008664	-0.003784	0.312671	0.139498	0.939562	-0.385534	0.922653	-0.008689	-0.868102	-0.359516	0.342268
06877	9.221731	-0.175051	3.326465	-0.021200	0.008854	-0.005068	0.312710	0.139505	0.939548	-0.385381	0.922716	-0.008739	-0.868156	-0.359351	0.342305
06878	9.195637	-0.127162	3.285227	-0.014559	0.012767	-0.000741	0.312750	0.139593	0.939522	-0.385338	0.922733	-0.008827	-0.868160	-0.359273	0.342376
06879	9.197928	-0.091267	3.354391	-0.008470	0.010979	0.001245	0.312783	0.139666	0.939500	-0.385315	0.922742	-0.008893	-0.868158	-0.359222	0.342434
06880	9.189598	-0.125922	3.321206	-0.009570	0.008026	0.004933	0.312760	0.139808	0.939487	-0.385372	0.922717	-0.009020	-0.868142	-0.359230	0.342467
06881	9.215486	-0.118992	3.343162	-0.007693	0.010557	0.006245	0.312770	0.139925	0.939466	-0.385372	0.922716	-0.009131	-0.868138	-0.359188	0.342521
06882	9.165410	-0.098758	3.369944	-0.008608	0.009555	0.000660	0.312804	0.139948	0.939451	-0.385232	0.922774	-0.009195	-0.868188	-0.359031	0.342560
06883	9.191318	-0.091634	3.391836	-0.014518	0.007561	0.003926	0.312797	0.140032	0.939441	-0.385166	0.922800	-0.009307	-0.868220	-0.358929	0.342585
06884	9.129317	-0.122777	3.367279	-0.009894	0.007517	0.006358	0.312785	0.140137	0.939429	-0.385120	0.922818	-0.009433	-0.868244	-0.358842	0.342613
06885	9.178878	-0.144400	3.341870	-0.007101	0.002602	0.004882	0.312731	0.140213	0.939436	-0.385121	0.922817	-0.009529	-0.868263	-0.358816	0.342592
06886	9.182786	-0.128028	3.359134	-0.011726	0.002647	0.002450	0.312657	0.140338	0.939442	-0.385200	0.922783	-0.009651	-0.868255	-0.358856	0.342572
06887	9.196791	-0.172097	3.329635	-0.011176	0.008347	0.004794	0.312653	0.140434	0.939429	-0.385165	0.922796	-0.009760	-0.868272	-0.358784	0.342605
06888	9.142774	-0.168943	3.339183	-0.010671	0.007942	0.001360	0.312615	0.140548	0.939424	-0.385198	0.922781	-0.009874	-0.868271	-0.358778	0.342614
06889	9.180227	-0.166794	3.433082	-0.006827	0.005452	0.006055	0.312582	0.140644	0.939421	-0.385205	0.922777	-0.009980	-0.868280	-0.358751	0.342620
06890	9.190800	-0.171685	3.365341	-0.015846	0.002288	-0.003417	0.312542	0.140586	0.939443	-0.384942	0.922886	-0.010042	-0.868411	-0.358492	0.342559
06891	9.172476	-0.145885	3.378621	-0.018003	0.005354	0.002474	0.312522	0.140650	0.939440	-0.384841	0.922927	-0.010153	-0.868463	-0.358362	0.342562
06892	9.168302	-0.163428	3.362027	-0.002794	0.004915	0.001478	0.312487	0.140795	0.939430	-0.385043	0.922842	-0.010230	-0.868386	-0.358524	0.342588
06893	9.194383	-0.155951	3.383458	-0.008016	0.001602	-0.000703	0.312446	0.140816	0.939441	-0.385018	0.922852	-0.010277	-0.868412	-0.358491	0.342558
06894	9.180114	-0.112683	3.413655	-0.007372	0.002622	-0.003551	0.312420	0.140752	0.939459	-0.384812	0.922937	-0.010306	-0.868512	-0.358295	0.342507
06895	9.163693	-0.049429	3.354791	-0.008654	0.003453	-0.005116	0.312412	0.140739	0.939463	-0.384768	0.922956	-0.010314	-0.868535	-0.358253	0.342494
06896	9.168458	-0.107681	3.341984	-0.016170	0.001779	-0.001993	0.312375	0.140767	0.939472	-0.384684	0.922990	-0.010390	-0.868585	-0.358154	0.342469
06897	9.175836	-0.129990	3.397353	-0.023544	0.004402	-0.005544	0.312376	0.140753	0.939473	-0.384509	0.923062	-0.010444	-0.868662	-0.357974	0.342464
06898	9.202749	-0.197434	3.388753	-0.014562	0.004332	-0.009112	0.312375	0.140768	0.939471	-0.384512	0.923061	-0.010459	-0.868661	-0.357971	0.342468
06899	9.180300	-0.187809	3.385375	-0.011951	0.011646	-0.007460	0.312447	0.140763	0.939448	-0.384432	0.923094	-0.010456	-0.868671	-0.357887	0.342532
06900	9.183915	-0.170491	3.403463	-0.008745	0.011006	-0.007179	0.312573	0.140681	0.939418	-0.384195	0.923193	-0.010418	-0.868730	-0.357663	0.342614
06901	9.139113	-0.151527	3.396406	-0.013097	0.013903	-0.008437	0.312669	0.140674	0.939388	-0.384102	0.923232	-0.010409	-0.868737	-0.357566	0.342699
06902	9.206719	-0.198272	3.358616	-0.015434	0.009438	-0.008916	0.312737	0.140641	0.939370	-0.383941	0.923299	-0.010412	-0.868784	-0.357406	0.342747
06903	9.193648	-0.173751	3.338217	-0.017449	0.005485	-0.010819	0.312768	0.140582	0.939368	-0.383803	0.923357	-0.010396	-0.868833	-0.357280	0.342753
06904	9.234437	-0.153218	3.308731	-0.022082	0.002656	-0.005993	0.312707	0.140642	0.939380	-0.383790	0.923361	-0.010485	-0.868861	-0.357245	0.342718
06905	9.234341	-0.153364	3.308993	-0.024969	0.003809	-0.007698	0.312712	0.140606	0.939383	-0.383596	0.923441	-0.010524	-0.868945	-0.357053	0.342707
06906	9.211730	-0.200424	3.325595	-0.021169	-0.007663	-0.001533	0.312573	0.140619	0.939428	-0.383496	0.923481	-0.010633	-0.869039	-0.356944	0.342582
06907	9.248904	-0.197193	3.278011	-0.016675	-0.006256	-0.006945	0.312487	0.140555	0.939466	-0.383377	0.923530	-0.010651	-0.869122	-0.356842	0.342477
06908	9.202820	-0.215621	3.341301	-0.007607	-0.005440	-0.000068	0.312358	0.140567	0.939507	-0.383346	0.923543	-0.010728	-0.869183	-0.356805	0.342362
06909	9.215905	-0.240109	3.361659	-0.003575	-0.008849	0.002612	0.312213	0.140581	0.939553	-0.383370	0.923532	-0.010790	-0.869224	-0.356828	0.342233
06910	9.212664	-0.201319	3.322953	0.009668	-0.007138	0.005499	0.312073	0.140593	0.939598	-0.383411	0.923514	-0.010842	-0.869256	-0.356868	0.342109
06911	9.154183	-0.139577	3.344443	0.015212	-0.003314	0.006262	0.311963	0.140661	0.939624	-0.383610	0.923431	-0.010875	-0.869208	-0.357057	0.342035
06912	9.154734	-0.083566	3.323350	0.015670	-0.001378	0.005426	0.311859	0.140722	0.939650	-0.383761	0.923368	-0.010917	-0.869179	-0.357196	0.341964
06913	9.154725	-0.083265	3.323383	0.018697	0.001774	0.000461	0.311814	0.140754	0.939660	-0.383972	0.923280	-0.010884	-0.869101	-0.357410	0.341938
06914	9.131016	-0.053987	3.370759	0.015493	0.005292	-0.007078	0.311866	0.140732	0.939646	-0.384118	0.923221	-0.010784	-0.869018	-0.357572	0.341979
06915	9.134383	-0.092026	3.409136	0.008161	0.002701	-0.005968	0.311854	0.140708	0.939653	-0.384218	0.923180	-0.010726	-0.868978	-0.357687	0.341960
06916	9.143704	-0.076295	3.392276	-0.001688	-0.000565	-0.010585	0.311807	0.140630	0.939681	-0.384180	0.923196	-0.010683	-0.869012	-0.357676	0.341886
06917	9.184076	-0.111052	3.383537	-0.009112	0.004396	-0.011536	0.311832	0.140561	0.939683	-0.384113	0.923225	-0.010632	-0.869033	-0.357629	0.341882
06918	9.178584	-0.108273	3.417909	-0.012779	0.003100	-0.010981	0.311825	0.140469	0.939699	-0.383931	0.923301	-0.010616	-0.869116	-0.357469	0.341839
06919	9.192783	-0.151268	3.388014	-0.015669	0.001373	-0.005428	0.311800	0.140446	0.939711	-0.383825	0.923345	-0.010645	-0.869172	-0.357365	0.341805
06920	9.193774	-0.226465	3.357686	-0.013378	-0.003138	-0.003476	0.311699	0.140492	0.939737	-0.383866	0.923327	-0.010715	-0.869190	-0.357393	0.341730
06921	9.221463	-0.238137	3.327412	-0.012281	-0.003058	0.000100	0.311614	0.140504	0.939764	-0.383807	0.923350	-0.010784	-0.869246	-0.357327	0.341655
06922	9.222991	-0.257674	3.275910	-0.003163	-0.004577	0.004377	0.311466	0.140616	0.939796	-0.383949	0.923290	-0.010898	-0.869236	-0.357439	0.341563
06923	9.258633	-0.235737	3.279730	0.002883	-0.004032	0.008961	0.311339	0.140706	0.939824	-0.384050	0.923247	-0.010999	-0.869238	-0.357515	0.341481
06924	9.236521	-0.227049	3.275354	0.019333	-0.002959	0.012129	0.311196	0.140932	0.939838	-0.384499	0.923059	-0.011101	-0.869090	-0.357912	0.341441
06925	9.264593	-0.182842	3.224372	0.024739	-0.000558	0.012303	0.311086	0.141065	0.939854	-0.384800	0.922933	-0.011159	-0.868996	-0.358184	0.341394
06926	9.182249	-0.092721	3.293608	0.031060	0.005715	0.010805	0.311068	0.141218	0.939837	-0.385154	0.922785	-0.011177	-0.868846	-0.358505	0.341439
06927	9.154613	-0.081238	3.323740	0.025105	-0.002382	0.008283	0.310957	0.141307	0.939861	-0.385445	0.922663	-0.011195	-0.868756	-0.358783	0.341375
06928	9.173318	-0.051125	3.289810	0.036422	0.002016	0.005195	0.310886	0.141398	0.939871	-0.385826	0.922504	-0.011164	-0.868613	-0.359156	0.341348
06929	9.127944	0.043542	3.311967	0.040270	0.002399	0.002630	0.310838	0.141453	0.939878	-0.386231	0.922335	-0.011077	-0.868450	-0.359567	0.341331
06930	9.170874	0.044966	3.371435	0.029866	0.001874	0.004047	0.310769	0.141495	0.939895	-0.386467	0.922237	-0.011054	-0.868370	-0.359803	0.341285
06931	9.152055	0.016238	3.405689	0.018696	0.004647	-0.006797	0.310777	0.141471	0.939896	-0.386656	0.922159	-0.010953	-0.868283	-0.360012	0.341286
06932	9.144018	-0.016957	3.371799	0.005453	0.000061	-0.002425	0.310704	0.141441	0.939924	-0.386643	0.922164	-0.010958	-0.868315	-0.360010	0.341208
06933	9.192316	-0.018314	3.397259	-0.013464	0.004410	-0.005542	0.310706	0.141427	0.939926	-0.386556	0.922201	-0.010978	-0.868353	-0.359923	0.341203
06934	9.202373	-0.078817	3.350777	-0.021530	0.008349	-0.003650	0.310711	0.141455	0.939920	-0.386400	0.922265	-0.011065	-0.868420	-0.359747	0.341216
06935	9.220334	-0.105560	3.338533	-0.020249	0.007519	-0.002084	0.310726	0.141485	0.939910	-0.386265	0.922320	-0.011141	-0.868475	-0.359593	0.341240
06936	9.207660	-0.213204	3.309057	-0.017413	0.008708	0.002220	0.310694	0.141726	0.939885	-0.386513	0.922215	-0.011294	-0.868376	-0.359768	0.341305
06937	9.179671	-0.202571	3.340060	-0.000745	0.014971	0.009164	0.310730	0.141886	0.939849	-0.386582	0.922184	-0.011409	-0.868332	-0.359784	0.341401
06938	9.205293	-0.195393	3.362689	0.014925	0.016473	0.007338	0.310782	0.142108	0.939798	-0.386922	0.922041	-0.011472	-0.868162	-0.360063	0.341538
06939	9.225335	-0.185918	3.419842	0.024991	0.024931	0.015731	0.310879	0.142365	0.939727	-0.387236	0.921908	-0.011561	-0.867988	-0.360302	0.341731
06940	9.163132	-0.160467	3.376235	0.018034	0.034701	0.006677	0.311051	0.142621	0.939631	-0.387533	0.921783	-0.011625	-0.867794	-0.360522	0.341991
06941	9.138675	-0.075531	3.405815	0.027383	0.044119	0.000215	0.311374	0.142804	0.939496	-0.387819	0.921663	-0.011560	-0.867550	-0.360755	0.342364
06942	9.117418	-0.028753	3.473935	0.025650	0.045888	-0.007773	0.311756	0.142908	0.939354	-0.388016	0.921582	-0.011429	-0.867325	-0.360921	0.342759
06943	9.156420	-0.062587	3.468963	0.012245	0.036642	-0.017040	0.312081	0.142906	0.939246	-0.388117	0.921542	-0.011253	-0.867162	-0.361025	0.343060
06944	9.184859	-0.222488	3.382260	0.013251	0.032963	-0.016646	0.312375	0.142984	0.939137	-0.388407	0.921421	-0.011095	-0.866927	-0.361301	0.343365
06945	9.093522	-0.350930	3.431543	0.049605	0.026016	-0.009911	0.312581	0.143008	0.939064	-0.388854	0.921235	-0.010858	-0.866652	-0.361765	0.343570
06946	9.257787	-0.529908	3.578643	0.068671	0.043397	-0.006542	0.312937	0.143244	0.938910	-0.389716	0.920874	-0.010601	-0.866137	-0.362590	0.344000
06947	9.133235	-0.587362	3.390868	0.072927	0.022556	-0.002294	0.313083	0.143326	0.938849	-0.390388	0.920592	-0.010355	-0.865781	-0.363273	0.344174
06948	9.331842	-0.668346	3.291383	0.087115	0.029063	0.009392	0.313215	0.143595	0.938763	-0.391303	0.920205	-0.010200	-0.865320	-0.364146	0.344411
06949	9.947580	-0.438642	3.520060	0.113294	0.039046	0.032872	0.313366	0.144062	0.938642	-0.392434	0.919724	-0.010144	-0.864753	-0.365176	0.344745
06950	8.630506	-0.504596	3.509404	0.125077	0.071808	0.034344	0.313740	0.144677	0.938422	-0.393653	0.919204	-0.010105	-0.864063	-0.366242	0.345344
06951	9.036335	-0.393172	3.450573	0.158998	0.028812	0.040025	0.313773	0.145172	0.938335	-0.395200	0.918541	-0.009957	-0.863344	-0.367705	0.345585
06952	9.154765	-0.291699	3.327293	0.173636	0.057160	0.030160	0.314095	0.145720	0.938142	-0.396897	0.917812	-0.009679	-0.862448	-0.369305	0.346116
06953	9.259480	-0.032465	3.472191	0.197500	0.062791	0.023046	0.314486	0.146185	0.937938	-0.398720	0.917026	-0.009237	-0.861465	-0.371070	0.346679
06954	9.284920	0.091998	3.595079	0.172320	0.039182	0.029687	0.314645	0.146618	0.937817	-0.400293	0.916344	-0.008959	-0.860677	-0.372583	0.347013
06955	9.443255	0.046424	3.504627	0.135299	0.012514	0.014665	0.314636	0.146820	0.937789	-0.401551	0.915796	-0.008653	-0.860094	-0.373848	0.347098
06956	9.507439	-0.015886	3.450422	0.098692	-0.006557	0.014400	0.314440	0.147022	0.937823	-0.402624	0.915326	-0.008501	-0.859664	-0.374917	0.347010
06957	9.497346	-0.082686	3.628486	0.089583	-0.019216	0.016317	0.314150	0.147121	0.937905	-0.403493	0.914944	-0.008370	-0.859362	-0.375809	0.346792
06958	9.392032	-0.090621	3.732555	0.126498	-0.027459	0.017800	0.313755	0.147219	0.938022	-0.404686	0.914419	-0.008153	-0.858945	-0.377047	0.346481
06959	9.436175	0.103308	3.914209	0.144280	-0.034240	0.014899	0.313342	0.147247	0.938155	-0.406020	0.913831	-0.007819	-0.858466	-0.378460	0.346126
06960	9.265108	0.125750	4.003617	0.147545	-0.039588	0.010068	0.312849	0.147249	0.938319	-0.407405	0.913217	-0.007475	-0.857990	-0.379938	0.345689
06961	9.070669	-0.142634	4.007025	0.136576	-0.071272	0.014441	0.312120	0.147130	0.938581	-0.408670	0.912654	-0.007165	-0.857654	-0.381333	0.344986
06962	9.157108	-0.300851	4.185627	0.150998	-0.090177	0.009681	0.311258	0.146957	0.938894	-0.410154	0.911991	-0.006773	-0.857258	-0.382983	0.344140
06963	9.252777	-0.367494	4.374901	0.169486	-0.085983	0.012798	0.310410	0.146764	0.939205	-0.411695	0.911300	-0.006337	-0.856827	-0.384699	0.343299
06964	9.309579	-0.280774	4.809232	0.200358	-0.056374	0.036078	0.309701	0.146913	0.939416	-0.413565	0.910455	-0.006042	-0.856183	-0.386638	0.342727
06965	9.344231	-0.463403	5.321989	0.226443	0.004800	0.048780	0.309481	0.147396	0.939413	-0.415702	0.909483	-0.005751	-0.855227	-0.388736	0.342740
06966	9.800963	-0.774394	5.590654	0.265919	0.098448	0.062653	0.310040	0.148314	0.939084	-0.418046	0.908410	-0.005450	-0.853881	-0.390890	0.343645
06967	9.026793	-0.958300	5.785548	0.368575	0.241464	0.055842	0.311806	0.149788	0.938265	-0.421410	0.906858	-0.004730	-0.851581	-0.393919	0.345886
06968	9.267618	-0.497322	5.973070	0.499184	0.365296	0.021660	0.314735	0.151468	0.937016	-0.425749	0.904835	-0.003261	-0.848339	-0.397908	0.349270
06969	9.267536	0.117347	6.259380	0.653980	0.553539	-0.047400	0.319562	0.153276	0.935086	-0.431180	0.902266	-0.000542	-0.843780	-0.403017	0.354419
06970	9.215522	0.803368	6.577750	0.756987	0.739255	-0.104628	0.326159	0.155435	0.932448	-0.437366	0.899278	0.003080	-0.838052	-0.408826	0.361290
06971	8.779974	1.277551	6.346025	0.803834	0.868010	-0.154506	0.334028	0.157641	0.929287	-0.443615	0.896187	0.007429	-0.831644	-0.414727	0.369283
06972	8.303603	1.920819	6.218970	0.735824	0.889963	-0.178132	0.342103	0.159755	0.925983	-0.449035	0.893437	0.011756	-0.825429	-0.419820	0.377383
06973	7.875244	2.055986	5.547509	0.479951	0.763534	-0.193564	0.349201	0.161263	0.923067	-0.452364	0.891701	0.015349	-0.820625	-0.422923	0.384332
06974	7.804573	1.867701	4.657702	0.260332	0.618133	-0.206505	0.355119	0.162181	0.920645	-0.454002	0.890815	0.018195	-0.817174	-0.424436	0.389976
06975	8.048194	1.530002	3.865621	0.114361	0.537874	-0.228868	0.360488	0.162444	0.918510	-0.454165	0.890677	0.020724	-0.814729	-0.424625	0.394855
06976	8.290515	1.413685	3.344123	0.020608	0.528088	-0.260876	0.365879	0.162526	0.916361	-0.453668	0.890870	0.023132	-0.812599	-0.424187	0.399684
06977	8.424289	1.459845	3.258460	-0.055907	0.501261	-0.299058	0.371244	0.162003	0.914294	-0.452161	0.891568	0.025622	-0.811004	-0.422920	0.404241
06978	8.639633	1.297247	2.989346	-0.169748	0.480652	-0.312863	0.376480	0.161417	0.912254	-0.449929	0.892634	0.027737	-0.809831	-0.420892	0.408685
06979	8.699149	1.038225	2.857388	-0.218043	0.464305	-0.326824	0.381646	0.160464	0.910273	-0.446975	0.894050	0.029796	-0.809049	-0.418241	0.412934
06980	8.872773	0.585766	2.741032	-0.327093	0.435870	-0.312922	0.386431	0.159654	0.908395	-0.443424	0.895769	0.031197	-0.808731	-0.414860	0.416948
06981	8.792041	-0.011112	2.486184	-0.385774	0.432981	-0.300990	0.391203	0.158762	0.906507	-0.439184	0.897817	0.032290	-0.808751	-0.410755	0.420954
06982	8.674599	-0.383709	2.382826	-0.407887	0.403894	-0.281051	0.395553	0.158033	0.904745	-0.435013	0.899819	0.033015	-0.808889	-0.406635	0.424672
06983	8.650511	-0.813487	2.177885	-0.368048	0.383605	-0.248122	0.399673	0.157370	0.903048	-0.431100	0.901676	0.033666	-0.808959	-0.402759	0.428218
06984	8.516223	-1.326042	2.146846	-0.248465	0.385060	-0.206731	0.403581	0.157175	0.901342	-0.428466	0.902903	0.034401	-0.808417	-0.400079	0.431739
06985	8.255250	-1.695154	2.440164	-0.128299	0.384331	-0.137429	0.407217	0.157488	0.899651	-0.426924	0.903608	0.035061	-0.807410	-0.398360	0.435200
06986	8.041531	-2.144811	2.484764	0.026526	0.375121	-0.070304	0.410455	0.158488	0.898002	-0.427079	0.903508	0.035748	-0.805686	-0.398190	0.438537
06987	7.864909	-2.125698	2.884765	0.241947	0.385903	-0.008855	0.413540	0.159969	0.896323	-0.429040	0.902533	0.036871	-0.803062	-0.399806	0.441866
06988	7.829933	-1.638552	3.633619	0.377957	0.375341	0.042535	0.416229	0.161962	0.894719	-0.432381	0.900887	0.038068	-0.799875	-0.402705	0.445005
06989	8.100286	-1.547889	4.138410	0.427782	0.363687	0.103082	0.418627	0.164381	0.893158	-0.436278	0.898965	0.039036	-0.796501	-0.406006	0.448047
06990	8.251286	-1.301792	4.592282	0.476509	0.383229	0.161770	0.420852	0.167510	0.891529	-0.440896	0.896682	0.039649	-0.792777	-0.409758	0.451225
06991	8.170150	-0.708302	4.897036	0.552172	0.396217	0.207538	0.423007	0.171020	0.889841	-0.446189	0.894032	0.040281	-0.788658	-0.414077	0.454489
06992	8.162063	0.010053	5.274426	0.606454	0.420656	0.234386	0.425172	0.175032	0.888027	-0.452197	0.890980	0.040890	-0.784058	-0.418949	0.457969
06993	8.141909	0.702357	5.719633	0.621617	0.449589	0.243820	0.427519	0.179114	0.886084	-0.458147	0.887904	0.041566	-0.779313	-0.423727	0.461657
06994	7.862684	1.449807	6.309182	0.570019	0.480563	0.246531	0.430005	0.183404	0.884001	-0.463680	0.885010	0.041934	-0.774659	-0.427926	0.465600
06995	7.703351	1.902154	6.701568	0.463598	0.461131	0.244505	0.432371	0.187565	0.881972	-0.468367	0.882539	0.041923	-0.770511	-0.431213	0.469433
06996	7.381770	2.193300	7.062479	0.353811	0.409535	0.234880	0.434267	0.191575	0.880177	-0.472337	0.880445	0.041411	-0.767014	-0.433723	0.472836
06997	7.008195	2.481938	7.343535	0.224439	0.324305	0.208266	0.435706	0.194834	0.878749	-0.475013	0.879041	0.040624	-0.764541	-0.435117	0.475552
06998	6.666999	2.837983	7.486031	0.010127	0.241094	0.222955	0.436370	0.198012	0.877709	-0.476304	0.878432	0.038629	-0.763358	-0.434913	0.477635
06999	6.679100	2.627473	7.613391	-0.114933	0.140996	0.260240	0.436148	0.200929	0.877156	-0.476614	0.878384	0.035776	-0.763292	-0.433668	0.478871
07000	7.288011	2.114650	7.852505	-0.106251	0.068689	0.230229	0.435486	0.203312	0.876936	-0.476872	0.878346	0.033175	-0.763508	-0.432633	0.479461
07001	6.964019	1.571021	7.440480	-0.133554	0.106591	0.236830	0.435112	0.205872	0.876524	-0.476935	0.878411	0.030439	-0.763682	-0.431289	0.480395
07002	6.613079	1.407349	6.768978	-0.084521	0.067416	0.221954	0.434419	0.208261	0.876303	-0.477447	0.878215	0.027975	-0.763757	-0.430541	0.480947
07003	6.227647	1.298143	5.885852	0.016569	-0.037718	0.247106	0.432892	0.210287	0.876575	-0.478697	0.877599	0.025869	-0.763842	-0.430813	0.480569
07004	6.049831	1.225595	5.162385	0.027613	-0.244296	0.292375	0.429531	0.211897	0.877840	-0.480291	0.876798	0.023363	-0.764738	-0.431653	0.478384
07005	6.261872	1.011605	4.593747	0.044608	-0.433075	0.347313	0.424486	0.213087	0.880003	-0.482167	0.875839	0.020503	-0.766372	-0.433012	0.474525
07006	6.455544	0.617625	5.029767	0.107088	-0.558846	0.397591	0.418154	0.214233	0.882752	-0.484766	0.874471	0.017407	-0.768212	-0.435207	0.469516
07007	7.639724	-0.077542	4.545198	0.111934	-0.745445	0.395641	0.410436	0.214455	0.886314	-0.487318	0.873106	0.014409	-0.770755	-0.437830	0.462861
07008	10.631534	-0.191217	3.534654	0.085821	-0.867753	0.347100	0.401907	0.213812	0.890368	-0.489580	0.871881	0.011621	-0.773810	-0.440577	0.455093
07009	11.744628	1.110839	3.411974	0.321691	-0.702807	0.309863	0.394882	0.213417	0.893600	-0.493357	0.869766	0.010290	-0.775027	-0.444928	0.448745
07010	10.625124	2.747397	3.736443	0.467952	-0.578774	0.289475	0.388792	0.213579	0.896228	-0.498498	0.866837	0.009678	-0.774816	-0.450531	0.443488
07011	9.279094	2.949139	4.408641	0.311734	-0.584220	0.294487	0.382730	0.213503	0.898852	-0.502102	0.864768	0.008388	-0.775507	-0.454525	0.438173
07012	8.734772	2.133105	4.381832	0.127240	-0.643746	0.309878	0.376016	0.213467	0.901689	-0.504639	0.863309	0.006060	-0.777143	-0.457307	0.432342
07013	9.023536	1.895818	3.084370	-0.168276	-0.751784	0.292267	0.368625	0.212569	0.904947	-0.504467	0.863427	0.002676	-0.780787	-0.457503	0.425515
07014	9.658329	1.778722	2.101085	-0.354119	-0.799166	0.261263	0.360937	0.211201	0.908360	-0.502654	0.864487	-0.001270	-0.785534	-0.456132	0.418186
07015	10.085232	1.095938	2.468927	-0.464295	-0.807748	0.221123	0.353402	0.209457	0.911721	-0.499835	0.866105	-0.005231	-0.790742	-0.453861	0.410777
07016	10.147616	0.086904	2.129863	-0.626936	-0.839737	0.211982	0.345569	0.207525	0.915159	-0.495621	0.868484	-0.009791	-0.796832	-0.450188	0.402975
07017	10.105342	-1.034303	1.468942	-0.726458	-0.851879	0.253924	0.337440	0.205936	0.918545	-0.490726	0.871184	-0.015043	-0.803319	-0.445678	0.395030
07018	10.295587	-2.174871	1.328995	-0.756129	-0.912421	0.312857	0.328419	0.204683	0.922088	-0.485771	0.873835	-0.020955	-0.810041	-0.441042	0.386413
07019	10.689817	-2.891204	1.101176	-0.794648	-0.940785	0.374639	0.318894	0.203855	0.925608	-0.480570	0.876526	-0.027477	-0.816920	-0.436057	0.377486
07020	10.505317	-3.048407	0.962236	-0.720093	-0.896945	0.441357	0.309341	0.203917	0.928830	-0.476222	0.878656	-0.034299	-0.823117	-0.431719	0.368914
07021	10.284945	-2.922835	1.155683	-0.522498	-0.894233	0.485930	0.299588	0.204361	0.931925	-0.473437	0.879884	-0.040752	-0.828314	-0.428999	0.360355
07022	9.952486	-2.147724	1.636319	-0.249424	-0.883288	0.522077	0.289658	0.205293	0.934854	-0.473177	0.879735	-0.046579	-0.831987	-0.428860	0.351963
07023	9.645433	-1.275580	2.174465	-0.004555	-0.864173	0.541303	0.279830	0.206358	0.937609	-0.474730	0.878612	-0.051690	-0.834462	-0.430647	0.343827
07024	9.359396	-0.445300	2.854351	0.163099	-0.834581	0.512238	0.270290	0.207347	0.940187	-0.477712	0.876729	-0.056017	-0.835903	-0.433998	0.336023
07025	9.195965	0.197524	3.126215	0.225714	-0.803555	0.448809	0.261355	0.207795	0.942611	-0.480842	0.874784	-0.059521	-0.836949	-0.437691	0.328546
07026	8.804418	0.802615	3.234830	0.196799	-0.778072	0.369998	0.252930	0.207661	0.944936	-0.483532	0.873096	-0.062447	-0.837988	-0.441112	0.321243
07027	8.886995	0.657909	3.012788	0.024127	-0.816543	0.288639	0.244620	0.206589	0.947355	-0.484501	0.872363	-0.065131	-0.839893	-0.443062	0.313490
07028	9.109972	-0.044953	3.033119	-0.134401	-0.797103	0.220335	0.236717	0.205012	0.949703	-0.483948	0.872473	-0.067715	-0.842472	-0.443578	0.305745
07029	9.383688	-0.971797	3.054501	-0.265460	-0.775407	0.197975	0.229153	0.203323	0.951918	-0.482217	0.873216	-0.070429	-0.845550	-0.442892	0.298146
07030	9.241658	-1.817400	3.136927	-0.318767	-0.752649	0.199364	0.221666	0.201853	0.954002	-0.480286	0.874040	-0.073338	-0.848640	-0.441938	0.290692
07031	9.346211	-2.435946	3.084582	-0.336167	-0.750343	0.209732	0.214218	0.200396	0.956008	-0.477933	0.875073	-0.076337	-0.851875	-0.440555	0.283232
07032	9.491900	-2.772589	2.957091	-0.311212	-0.725204	0.214779	0.206864	0.199142	0.957888	-0.475842	0.875945	-0.079344	-0.854858	-0.439390	0.275962
07033	9.493295	-2.895691	2.648611	-0.272232	-0.697999	0.219260	0.199783	0.198019	0.959622	-0.474004	0.876675	-0.082220	-0.857558	-0.438439	0.269007
07034	9.439053	-2.701632	2.085886	-0.255824	-0.693278	0.220703	0.192594	0.197018	0.961297	-0.472482	0.877219	-0.085125	-0.860039	-0.437801	0.262035
07035	9.466532	-2.428733	1.362818	-0.242385	-0.723926	0.201071	0.185347	0.195635	0.963002	-0.470822	0.877856	-0.087720	-0.862539	-0.437144	0.254818
07036	9.699688	-2.184031	1.229835	-0.215372	-0.762791	0.177202	0.177813	0.193919	0.964768	-0.469411	0.878377	-0.090039	-0.864891	-0.436863	0.247215
07037	9.697234	-2.242852	1.275762	-0.187534	-0.815580	0.135247	0.170052	0.191565	0.966636	-0.468069	0.878907	-0.091836	-0.867176	-0.436836	0.239125
07038	9.954470	-2.250435	1.217395	-0.142826	-0.853512	0.125693	0.161942	0.188990	0.968534	-0.467125	0.879238	-0.093461	-0.869235	-0.437291	0.230668
07039	9.937129	-2.172387	1.308668	-0.047972	-0.867596	0.129252	0.153726	0.186347	0.970383	-0.466958	0.879177	-0.094858	-0.870815	-0.438546	0.222169
07040	9.865149	-1.738981	1.651287	0.020877	-0.867367	0.127399	0.145458	0.183684	0.972164	-0.467302	0.878856	-0.096135	-0.872050	-0.440310	0.213673
07041	9.756271	-1.348797	1.914315	0.014158	-0.857416	0.109253	0.137401	0.180881	0.973860	-0.467626	0.878566	-0.097205	-0.873182	-0.442046	0.205301
07042	9.389857	-0.947164	2.072911	-0.039407	-0.851329	0.085836	0.129461	0.177916	0.975493	-0.467487	0.878530	-0.098189	-0.874469	-0.443319	0.196908
07043	9.381218	-0.553144	2.254176	-0.108720	-0.867632	0.051512	0.121562	0.174539	0.977118	-0.466646	0.878893	-0.098939	-0.876051	-0.443940	0.188288
07044	9.316333	-0.366513	2.549526	-0.186813	-0.859852	0.011499	0.113873	0.170866	0.978692	-0.465085	0.879661	-0.099463	-0.877912	-0.443849	0.179637
07045	8.973367	-0.405081	2.829007	-0.253237	-0.847574	-0.020374	0.106453	0.166948	0.980202	-0.462881	0.880790	-0.099746	-0.880005	-0.443099	0.171040
07046	9.060265	-0.592017	2.962109	-0.320315	-0.863017	-0.048141	0.098990	0.162754	0.981688	-0.460148	0.882208	-0.099862	-0.882306	-0.441837	0.162220
07047	9.219636	-0.809015	3.006773	-0.397118	-0.830440	-0.063375	0.091878	0.158554	0.983066	-0.456623	0.884033	-0.099905	-0.884903	-0.439712	0.153623
07048	9.043555	-0.932742	3.020476	-0.454194	-0.791337	-0.077470	0.085137	0.154442	0.984327	-0.452577	0.886113	-0.099887	-0.887652	-0.436980	0.145337
07049	8.717402	-1.082032	2.996008	-0.513426	-0.791379	-0.101587	0.078493	0.150116	0.985548	-0.447973	0.888476	-0.099652	-0.890595	-0.433677	0.136987
07050	8.577876	-1.243472	2.877243	-0.559661	-0.798113	-0.124922	0.071843	0.145605	0.986731	-0.442968	0.891029	-0.099231	-0.893655	-0.429961	0.128512
07051	8.775683	-1.396687	2.941515	-0.579368	-0.827610	-0.158808	0.065069	0.140667	0.987916	-0.437716	0.893710	-0.098423	-0.896756	-0.426022	0.119725
07052	8.828223	-1.478414	3.247585	-0.570865	-0.846265	-0.181724	0.058178	0.135503	0.989067	-0.432634	0.896299	-0.097346	-0.899690	-0.422241	0.110769
07053	8.904209	-1.358186	3.392524	-0.625041	-0.856883	-0.187772	0.051199	0.130241	0.990160	-0.426942	0.899148	-0.096193	-0.902829	-0.417815	0.101640
07054	8.803162	-1.269430	3.521336	-0.711460	-0.849745	-0.197480	0.044288	0.124991	0.991169	-0.420564	0.902276	-0.094989	-0.906181	-0.412643	0.092526
07055	8.791837	-1.388573	3.622060	-0.797873	-0.873575	-0.204268	0.037143	0.119589	0.992128	-0.413279	0.905770	-0.093707	-0.909847	-0.406545	0.083067
07056	8.962513	-1.473282	3.643922	-0.852752	-0.892385	-0.223687	0.029853	0.114020	0.993030	-0.405577	0.909396	-0.092225	-0.913573	-0.399997	0.073392
07057	9.111008	-1.727932	3.427100	-0.908817	-0.919582	-0.237432	0.022323	0.108235	0.993875	-0.397238	0.913240	-0.090531	-0.917444	-0.392783	0.063382
07058	9.269720	-1.538695	3.039984	-0.907260	-0.940599	-0.239554	0.014561	0.102468	0.994630	-0.388909	0.916989	-0.088776	-0.921161	-0.385528	0.053203
07059	8.961960	-1.234915	2.485180	-1.013851	-0.956656	-0.234971	0.006569	0.096685	0.995293	-0.379567	0.921068	-0.086969	-0.925141	-0.377209	0.042749
07060	8.924309	-0.992338	1.828304	-0.983257	-1.025771	-0.240818	-0.002099	0.090735	0.995873	-0.370488	0.924935	-0.085053	-0.928835	-0.369138	0.031674
07061	9.118492	-0.799194	1.536669	-0.926434	-1.071703	-0.259550	-0.011184	0.084440	0.996366	-0.361927	0.928526	-0.082753	-0.932139	-0.361537	0.020177
07062	8.974917	-0.912420	1.319245	-0.894424	-1.096965	-0.298123	-0.020422	0.077821	0.996758	-0.353760	0.931908	-0.080006	-0.935113	-0.354247	0.008499
07063	9.495223	-1.073625	0.977500	-0.886885	-1.149740	-0.327578	-0.030106	0.070759	0.997039	-0.345578	0.935241	-0.076808	-0.937907	-0.346867	-0.003703
07064	10.028074	-1.742212	1.121364	-0.842385	-1.156356	-0.366169	-0.039767	0.063454	0.997192	-0.337898	0.938333	-0.073183	-0.940342	-0.339860	-0.015874
07065	10.658827	-2.300425	1.423018	-0.733575	-1.099355	-0.369012	-0.048942	0.056312	0.997213	-0.331197	0.941006	-0.069393	-0.942291	-0.333670	-0.027405
07066	11.087528	-2.023360	1.726299	-0.562224	-0.977774	-0.324712	-0.057159	0.050125	0.997106	-0.326171	0.942997	-0.066102	-0.943581	-0.329006	-0.037551
07067	10.720313	-1.037824	2.968094	-0.327555	-0.845026	-0.290730	-0.064252	0.044641	0.996935	-0.323296	0.944191	-0.063116	-0.944114	-0.326360	-0.046233
07068	10.401088	-0.944316	4.999997	-0.286464	-0.830523	-0.286611	-0.071225	0.039348	0.996684	-0.320900	0.945195	-0.060248	-0.944431	-0.324127	-0.054695
07069	11.308938	-1.871832	6.609418	-0.334132	-0.821048	-0.317335	-0.078028	0.033727	0.996381	-0.318020	0.946373	-0.056939	-0.944868	-0.321312	-0.063118
07070	13.208391	-2.396008	7.426892	-0.242685	-0.621881	-0.278921	-0.083051	0.029218	0.996117	-0.316116	0.947174	-0.054139	-0.945078	-0.319385	-0.069427
07071	14.030337	-1.666436	7.695894	0.035367	-0.091805	-0.233153	-0.083241	0.026747	0.996170	-0.316683	0.947111	-0.051892	-0.944872	-0.319790	-0.070369
07072	12.321722	-0.076097	7.565280	0.453904	0.514286	-0.244669	-0.077646	0.026219	0.996636	-0.321353	0.945643	-0.049913	-0.943771	-0.324147	-0.065000
07073	10.750276	1.398144	7.984293	0.868518	0.835718	-0.366837	-0.068634	0.025527	0.997315	-0.329848	0.942872	-0.046833	-0.941536	-0.332177	-0.056293
07074	10.766150	1.677797	8.381498	0.869209	0.897331	-0.596744	-0.058264	0.023081	0.998034	-0.338571	0.940025	-0.041505	-0.939135	-0.340323	-0.046955
07075	12.547191	0.925855	7.181285	0.320219	1.155408	-0.725403	-0.045009	0.020242	0.998781	-0.341992	0.939071	-0.034444	-0.938624	-0.343126	-0.035344
07076	13.054821	0.834659	4.366020	-0.255499	1.381844	-0.666307	-0.029814	0.018897	0.999377	-0.340004	0.940009	-0.027918	-0.939951	-0.340625	-0.021600
07077	13.415389	0.726888	1.325114	-0.727583	1.583535	-0.612353	-0.012907	0.018500	0.999746	-0.333328	0.942560	-0.021745	-0.942723	-0.333524	-0.005999
07078	12.606521	0.415126	-0.356020	-0.885942	1.833129	-0.611858	0.006376	0.018961	0.999800	-0.325159	0.945527	-0.015859	-0.945638	-0.324992	0.012194
07079	11.782354	-0.331244	-0.874074	-0.937701	1.898246	-0.586527	0.026173	0.019519	0.999467	-0.316227	0.948628	-0.010245	-0.948322	-0.315790	0.031000
07080	11.840435	-1.276293	-0.757076	-0.904374	1.918249	-0.505732	0.045900	0.020919	0.998727	-0.307612	0.951494	-0.005792	-0.950404	-0.306955	0.050109
07081	12.320200	-2.284446	-1.332518	-0.854723	1.940131	-0.381652	0.065453	0.023187	0.997586	-0.299316	0.954151	-0.002539	-0.951906	-0.298427	0.069392
07082	12.162759	-2.587872	-2.024850	-0.527376	1.945985	-0.224683	0.084601	0.026999	0.996049	-0.294322	0.955706	-0.000907	-0.951954	-0.293083	0.088800
07083	11.634198	-2.175430	-2.372210	-0.082330	1.926710	-0.120685	0.103223	0.031513	0.994159	-0.293474	0.955967	0.000169	-0.950378	-0.291777	0.107925
07084	11.225494	-1.552505	-2.475350	0.290393	1.810374	-0.043955	0.120398	0.036608	0.992050	-0.296337	0.955083	0.000720	-0.947464	-0.294068	0.125838
07085	10.790610	-1.097711	-2.592882	0.552532	1.696296	-0.055716	0.136544	0.041137	0.989779	-0.301540	0.953451	0.001972	-0.943626	-0.298727	0.142593
07086	10.027384	-0.515010	-2.569481	0.777524	1.582694	-0.053353	0.151523	0.045628	0.987400	-0.308962	0.951068	0.003463	-0.938927	-0.305594	0.158206
07087	9.093197	-0.387916	-2.774490	0.804349	1.411413	-0.033289	0.164786	0.049706	0.985076	-0.316494	0.948581	0.005079	-0.934172	-0.312608	0.172044
07088	9.315447	-0.487759	-1.860478	0.739057	1.200053	-0.029619	0.175986	0.053442	0.982941	-0.323499	0.946206	0.006475	-0.929719	-0.319120	0.183808
07089	10.196542	-1.204004	-1.524537	0.684442	1.148108	0.030214	0.186476	0.057456	0.980778	-0.329955	0.943967	0.007435	-0.925395	-0.324999	0.194986
07090	10.012857	-2.141160	-1.749866	0.734110	1.189069	0.185824	0.196775	0.063288	0.978404	-0.337288	0.941376	0.006942	-0.920607	-0.331369	0.206586
07091	9.495480	-2.386683	-2.008768	0.976709	1.171719	0.322370	0.206365	0.070280	0.975948	-0.346954	0.937864	0.005826	-0.914897	-0.339811	0.217926
07092	8.721909	-1.927356	-2.122372	1.250629	1.108592	0.393043	0.215031	0.077946	0.973492	-0.359398	0.933173	0.004668	-0.908072	-0.350875	0.228675
07093	8.570221	-1.155210	-2.242630	1.533958	1.036654	0.401860	0.222869	0.085421	0.971099	-0.374200	0.927338	0.004308	-0.900169	-0.364345	0.238639
07094	8.609152	-0.602021	-2.058679	1.748285	1.015373	0.369684	0.230495	0.092776	0.968641	-0.390907	0.920418	0.004862	-0.891103	-0.379769	0.248418
07095	9.158851	-0.171007	-1.416595	1.859537	0.985376	0.371131	0.237683	0.100026	0.966179	-0.408309	0.912824	0.005942	-0.881357	-0.395912	0.257804
07096	9.673079	-0.075882	-0.581942	1.819672	0.972810	0.420087	0.244398	0.107925	0.963650	-0.425466	0.904951	0.006555	-0.871348	-0.411603	0.267086
07097	9.823636	-0.160091	-0.085092	1.759111	0.988489	0.461484	0.250897	0.116249	0.961008	-0.441902	0.897037	0.006859	-0.861263	-0.426392	0.276435
07098	9.727781	0.000661	0.488403	1.675940	1.008053	0.457366	0.257408	0.124847	0.958204	-0.457600	0.889130	0.007081	-0.851084	-0.440296	0.285999
07099	9.789336	0.078479	1.088336	1.538314	1.027332	0.412970	0.264119	0.133113	0.955260	-0.471746	0.881702	0.007570	-0.841247	-0.452640	0.295669
07100	9.902966	0.230029	1.758781	1.433876	1.062992	0.404225	0.271009	0.141671	0.952094	-0.484997	0.874480	0.007930	-0.831464	-0.463912	0.305702
07101	9.745286	0.256262	2.367815	1.388253	1.113772	0.385637	0.278256	0.150276	0.948678	-0.497583	0.867374	0.008548	-0.821575	-0.474425	0.316127
07102	9.859747	0.476356	3.713681	1.492881	1.169915	0.368223	0.285878	0.159204	0.944949	-0.510975	0.859540	0.009772	-0.810666	-0.485638	0.327073
07103	10.280170	0.624299	4.583590	1.619598	1.218639	0.364456	0.293732	0.168331	0.940949	-0.525117	0.850950	0.011692	-0.798733	-0.497543	0.338345
07104	9.972596	1.029513	4.366390	1.616476	1.338187	0.373933	0.302274	0.178363	0.936385	-0.539206	0.842063	0.013665	-0.786058	-0.509035	0.350708
07105	8.796833	2.064863	5.071350	1.661069	1.409634	0.330888	0.311389	0.188407	0.931418	-0.553219	0.832873	0.016477	-0.772648	-0.520409	0.363578
07106	8.287981	3.067802	5.012029	1.463046	1.357847	0.230827	0.320432	0.197579	0.926437	-0.565321	0.824637	0.019662	-0.760090	-0.530035	0.375935
07107	7.887243	3.360666	4.561200	1.202128	1.326767	0.153240	0.329504	0.205934	0.921422	-0.574941	0.817877	0.022809	-0.748912	-0.537279	0.387894
07108	7.380656	3.659341	4.230445	1.024027	1.272642	0.102131	0.338307	0.213758	0.916437	-0.583048	0.812027	0.025830	-0.738650	-0.543065	0.399346
07109	7.249038	3.799026	4.015365	0.826670	1.202719	0.037556	0.346853	0.220634	0.911600	-0.589298	0.807402	0.028806	-0.729672	-0.547195	0.410068
07110	7.407818	3.619889	3.890922	0.660037	1.159775	-0.031955	0.355388	0.226844	0.906775	-0.594112	0.803755	0.031776	-0.721617	-0.550018	0.420416
07111	7.599718	3.490813	3.823564	0.520009	1.118539	-0.112385	0.364026	0.232118	0.902001	-0.597493	0.801111	0.034979	-0.714484	-0.551673	0.430314
07112	7.604784	3.325742	3.498483	0.376796	1.072038	-0.192717	0.372739	0.236585	0.897270	-0.599588	0.799392	0.038300	-0.708209	-0.552268	0.439818
07113	7.520917	3.156748	3.336918	0.236882	1.013679	-0.269890	0.381447	0.240039	0.892681	-0.600294	0.798689	0.041744	-0.702954	-0.551794	0.448752
07114	7.512190	2.930642	3.157421	0.072758	0.942280	-0.326367	0.389947	0.242703	0.888277	-0.599658	0.798994	0.044937	-0.698822	-0.550185	0.457104
07115	7.368212	2.628661	3.167222	-0.097112	0.901992	-0.388039	0.398497	0.244563	0.883962	-0.597504	0.800434	0.047905	-0.695837	-0.547261	0.465098
07116	7.284930	2.321006	2.853822	-0.253954	0.854850	-0.432657	0.406956	0.245824	0.879749	-0.594098	0.802806	0.050495	-0.693855	-0.543206	0.472750
07117	7.064221	1.817712	2.815325	-0.354503	0.799332	-0.444308	0.415065	0.246588	0.875737	-0.589868	0.805779	0.052685	-0.692659	-0.538437	0.479905
07118	6.588236	1.198647	2.747284	-0.421777	0.674478	-0.413127	0.422108	0.246925	0.872269	-0.585311	0.808993	0.054231	-0.692269	-0.533440	0.486010
07119	6.509393	0.753123	2.472204	-0.523532	0.471879	-0.409242	0.427699	0.246127	0.869767	-0.580000	0.812743	0.055219	-0.693307	-0.528082	0.490363
07120	6.555735	0.329118	2.442849	-0.685906	0.306390	-0.408377	0.432129	0.244459	0.868046	-0.573568	0.817285	0.055368	-0.695906	-0.521810	0.493386
07121	6.604947	-0.378267	2.115844	-0.824094	0.151188	-0.413536	0.435479	0.241869	0.867097	-0.566077	0.822524	0.054863	-0.699939	-0.514736	0.495108
07122	6.205889	-1.080029	2.323037	-0.780226	0.010185	-0.375944	0.437611	0.238870	0.866855	-0.559045	0.827362	0.054233	-0.704248	-0.508344	0.495602
07123	7.122146	-2.179644	5.030021	-0.787938	-0.172839	-0.286252	0.437919	0.235640	0.867583	-0.552278	0.831987	0.052795	-0.709377	-0.502267	0.494482
07124	8.978864	-3.822834	7.499733	-0.721271	-0.041851	-0.174261	0.438523	0.234038	0.867712	-0.546478	0.835937	0.050710	-0.713484	-0.496423	0.494474
07125	7.513328	-4.642659	8.469839	-0.469439	0.087214	0.059970	0.438758	0.234990	0.867336	-0.543443	0.838081	0.047846	-0.715654	-0.492340	0.495419
07126	6.560338	-3.749985	7.334732	-0.155660	-0.207863	0.276130	0.435705	0.236375	0.868498	-0.543659	0.838119	0.044634	-0.717354	-0.491613	0.493680
07127	6.616547	-2.074119	4.851173	0.182489	-0.577279	0.360308	0.429534	0.236564	0.871515	-0.546584	0.836332	0.042375	-0.718851	-0.494557	0.488535
07128	6.932216	0.013929	3.214630	0.526590	-0.831892	0.416062	0.421197	0.236008	0.875724	-0.552283	0.832636	0.041235	-0.719428	-0.501016	0.481047
07129	8.121928	2.318123	5.843682	0.847611	-0.815935	0.480670	0.412596	0.235891	0.879841	-0.560435	0.827181	0.041040	-0.718107	-0.510026	0.473493
07130	9.574209	2.440874	9.049636	1.012582	-0.723995	0.515898	0.404423	0.236520	0.883459	-0.569937	0.820655	0.041195	-0.715272	-0.520176	0.466693
07131	14.265926	3.067455	7.521343	1.034647	-1.175101	0.551414	0.392793	0.234864	0.889130	-0.579583	0.813878	0.041058	-0.714001	-0.531452	0.455809
07132	15.313520	5.443234	2.082283	0.737777	-1.026424	0.576545	0.382037	0.234142	0.893994	-0.587215	0.808482	0.039192	-0.713601	-0.539939	0.446362
07133	11.116191	8.389886	-0.188313	0.700719	-0.925418	0.443073	0.372756	0.232696	0.898279	-0.593938	0.803599	0.038295	-0.712945	-0.547797	0.437753
07134	10.620324	7.854252	2.585221	0.034561	-0.875775	0.254550	0.364930	0.229985	0.902182	-0.595213	0.802756	0.036123	-0.715924	-0.550173	0.429839
07135	8.543236	4.545537	1.765553	-1.118706	-0.886295	0.177610	0.357426	0.226585	0.906038	-0.587843	0.808428	0.029726	-0.725732	-0.543234	0.422150
