// General information: 
//  MT Manager version: 2022.2.0 
//  XDA version: 2022.2.0 build 7381 rev 124627 built on 2023-07-19
// Device information: 
//  DeviceId: 00B4CAF0
//  ProductCode: MTW2-3A7G6
//  Firmware Version: 4.6.0
//  Hardware Version: 2.0.0
// Device settings: 
//  Filter Profile: human(46.1)
//  Option Flags: Orientation Smoother Disabled, Position/Velocity Smoother Disabled, Continuous Zero Rotation Update Disabled, AHS Disabled, ICC Disabled
// Coordinate system: ENU
PacketCounter	Acc_X	Acc_Y	Acc_Z	Gyr_X	Gyr_Y	Gyr_Z	Mat[1][1]	Mat[2][1]	Mat[3][1]	Mat[1][2]	Mat[2][2]	Mat[3][2]	Mat[1][3]	Mat[2][3]	Mat[3][3]
61499	5.051462	-1.086524	8.895216	0.003124	0.002590	0.000248	0.467014	0.737754	0.487459	-0.805048	0.582782	-0.110738	-0.365780	-0.340712	0.866095
61500	5.061137	-1.126870	8.888347	0.003421	0.003610	0.005994	0.466988	0.737788	0.487433	-0.805067	0.582750	-0.110763	-0.365771	-0.340692	0.866106
61501	5.060894	-1.126846	8.888488	0.002030	0.000760	0.002643	0.467103	0.737709	0.487442	-0.804976	0.582877	-0.110757	-0.365825	-0.340645	0.866102
61502	5.042558	-1.114679	8.877738	0.001309	0.001240	0.001249	0.467106	0.737707	0.487442	-0.804966	0.582889	-0.110776	-0.365845	-0.340630	0.866100
61503	5.060528	-1.126514	8.888738	0.008413	0.003741	0.004681	0.467095	0.737702	0.487461	-0.804971	0.582883	-0.110769	-0.365847	-0.340652	0.866090
61504	5.049991	-1.085631	8.896161	0.003659	0.008118	0.000664	0.467128	0.737720	0.487402	-0.804966	0.582890	-0.110766	-0.365816	-0.340600	0.866124
61505	5.047911	-1.123066	8.856998	0.005288	0.001151	0.004433	0.467259	0.737643	0.487394	-0.804887	0.583009	-0.110715	-0.365822	-0.340565	0.866135
61506	5.055934	-1.094601	8.875012	0.001390	0.002849	0.003351	0.467251	0.737658	0.487377	-0.804886	0.583004	-0.110744	-0.365834	-0.340538	0.866140
61507	5.047338	-1.122986	8.857334	0.002699	0.004089	0.004600	0.467291	0.737642	0.487363	-0.804870	0.583032	-0.110720	-0.365820	-0.340526	0.866151
61508	5.045430	-1.107028	8.933053	0.003339	0.002000	0.003892	0.467276	0.737658	0.487354	-0.804879	0.583017	-0.110734	-0.365820	-0.340517	0.866155
61509	5.058478	-1.125637	8.890017	0.002030	0.000760	0.002644	0.467370	0.737592	0.487364	-0.804805	0.583120	-0.110724	-0.365861	-0.340484	0.866150
61510	5.058359	-1.125666	8.890080	0.000802	0.001130	0.003497	0.467355	0.737602	0.487362	-0.804803	0.583117	-0.110758	-0.365885	-0.340467	0.866147
61511	5.039987	-1.113556	8.879338	0.004781	0.001040	0.006682	0.467401	0.737577	0.487357	-0.804797	0.583138	-0.110691	-0.365839	-0.340486	0.866159
61512	5.046143	-1.122711	8.858050	0.003660	0.008117	0.000664	0.467435	0.737594	0.487298	-0.804792	0.583146	-0.110687	-0.365807	-0.340434	0.866192
61513	5.069121	-1.128155	8.922997	0.001575	-0.003159	0.004331	0.467433	0.737560	0.487352	-0.804778	0.583166	-0.110678	-0.365839	-0.340476	0.866163
61514	5.039276	-1.113324	8.879771	0.002111	0.002369	0.004746	0.467413	0.737582	0.487338	-0.804787	0.583149	-0.110707	-0.365846	-0.340457	0.866167
61515	5.060513	-1.103551	8.854648	0.004567	0.001629	0.003039	0.467462	0.737539	0.487355	-0.804751	0.583202	-0.110687	-0.365863	-0.340457	0.866160
61516	5.050522	-1.115927	8.912397	0.001523	0.000650	0.004893	0.467434	0.737556	0.487356	-0.804758	0.583186	-0.110722	-0.365883	-0.340448	0.866155
61517	5.053599	-1.094141	8.876398	0.003339	0.001999	0.003893	0.467397	0.737567	0.487375	-0.804794	0.583142	-0.110691	-0.365851	-0.340500	0.866148
61518	5.056792	-1.125032	8.891052	0.006515	0.000779	0.003581	0.467380	0.737577	0.487376	-0.804813	0.583119	-0.110677	-0.365831	-0.340519	0.866149
61519	5.049845	-1.115366	8.912851	0.003073	0.006397	0.000810	0.467412	0.737558	0.487374	-0.804780	0.583159	-0.110696	-0.365862	-0.340489	0.866148
61520	5.041251	-1.143756	8.895175	0.001737	0.000060	0.008537	0.467352	0.737595	0.487377	-0.804805	0.583116	-0.110747	-0.365883	-0.340485	0.866140
61521	5.031030	-1.103315	8.902348	0.002485	0.004677	0.000956	0.467402	0.737563	0.487377	-0.804768	0.583168	-0.110742	-0.365902	-0.340464	0.866141
61522	5.052245	-1.093546	8.877242	0.002751	0.000279	0.004040	0.467380	0.737574	0.487382	-0.804775	0.583154	-0.110762	-0.365914	-0.340465	0.866135
61523	5.043831	-1.121842	8.859476	0.002618	0.002478	0.002498	0.467343	0.737576	0.487414	-0.804786	0.583136	-0.110780	-0.365938	-0.340491	0.866115
61524	5.048543	-1.115047	8.913628	0.005155	0.003347	0.002894	0.467342	0.737590	0.487394	-0.804796	0.583123	-0.110774	-0.365916	-0.340484	0.866127
61525	5.082984	-1.123998	8.845393	0.000802	0.001129	0.003498	0.467270	0.737617	0.487421	-0.804851	0.583051	-0.110757	-0.365887	-0.340548	0.866114
61526	5.042986	-1.121395	8.860014	0.005022	0.005545	0.001352	0.467289	0.737630	0.487384	-0.804854	0.583049	-0.110744	-0.365857	-0.340524	0.866136
61527	5.062521	-1.095656	8.910478	0.000802	0.001129	0.003498	0.467259	0.737626	0.487419	-0.804853	0.583044	-0.110776	-0.365898	-0.340539	0.866113
61528	5.034149	-1.149857	8.842470	-0.001066	0.003589	0.005058	0.467240	0.737654	0.487395	-0.804851	0.583036	-0.110834	-0.365925	-0.340494	0.866119
61529	5.022131	-1.093556	8.925252	0.004008	0.005326	0.005850	0.467202	0.737672	0.487403	-0.804861	0.583014	-0.110875	-0.365953	-0.340490	0.866109
61530	5.074524	-1.114791	8.867998	0.001471	0.004457	0.005454	0.467184	0.737705	0.487371	-0.804870	0.582995	-0.110914	-0.365956	-0.340453	0.866122
61531	5.049264	-1.093370	8.878959	0.001978	0.004567	0.003205	0.467165	0.737716	0.487372	-0.804884	0.582975	-0.110913	-0.365948	-0.340464	0.866121
61532	5.058821	-1.133959	8.872152	0.000162	0.003218	0.004205	0.467152	0.737737	0.487352	-0.804883	0.582968	-0.110957	-0.365968	-0.340428	0.866127
61533	5.048463	-1.093709	8.879373	0.000243	0.004827	0.006308	0.467182	0.737722	0.487347	-0.804837	0.583021	-0.111012	-0.366030	-0.340372	0.866123
61534	5.069558	-1.137300	8.904970	-0.001066	0.003589	0.005058	0.467164	0.737749	0.487323	-0.804835	0.583013	-0.111071	-0.366058	-0.340327	0.866129
61535	5.026236	-1.103960	8.904976	0.002323	0.001777	0.008392	0.467085	0.737778	0.487356	-0.804865	0.582961	-0.111122	-0.366093	-0.340353	0.866104
61536	5.064169	-1.090683	8.966135	0.000213	-0.000590	0.003645	0.467062	0.737783	0.487370	-0.804861	0.582959	-0.111162	-0.366130	-0.340345	0.866091
61537	4.947762	-1.167893	8.743828	0.023877	0.013444	0.001732	0.467122	0.737790	0.487301	-0.804910	0.582925	-0.110989	-0.365947	-0.340388	0.866152
61538	5.085946	-1.096447	8.866194	-0.026830	0.001829	0.008109	0.467073	0.737829	0.487289	-0.804828	0.582982	-0.111285	-0.366190	-0.340205	0.866121
61539	5.037630	-1.123008	8.862856	0.019918	0.004632	0.006963	0.467125	0.737808	0.487271	-0.804847	0.582980	-0.111155	-0.366080	-0.340256	0.866147
61540	5.065643	-1.068980	8.931052	-0.011671	-0.003798	0.005161	0.467079	0.737811	0.487311	-0.804807	0.583007	-0.111305	-0.366228	-0.340203	0.866105
61541	5.055397	-1.135539	8.873901	0.007722	0.009627	0.005956	0.467022	0.737871	0.487276	-0.804872	0.582920	-0.111286	-0.366158	-0.340222	0.866128
61542	5.048372	-1.126165	8.895693	-0.002325	-0.001457	0.003248	0.466999	0.737870	0.487298	-0.804857	0.582930	-0.111347	-0.366220	-0.340206	0.866108
61543	5.048182	-1.126502	8.895758	0.000963	0.004346	0.007704	0.467062	0.737837	0.487289	-0.804790	0.583013	-0.111396	-0.366288	-0.340136	0.866107
61544	5.054368	-1.136196	8.874403	-0.001066	0.003588	0.005059	0.467044	0.737864	0.487265	-0.804787	0.583005	-0.111454	-0.366316	-0.340091	0.866112
61545	4.996190	-1.121751	8.878087	0.002830	0.001885	0.006145	0.467105	0.737808	0.487291	-0.804704	0.583108	-0.111515	-0.366420	-0.340036	0.866090
61546	5.093666	-1.138954	8.860200	0.002160	-0.001442	0.004188	0.467076	0.737813	0.487312	-0.804710	0.583096	-0.111541	-0.366446	-0.340046	0.866075
61547	5.080462	-1.120465	8.903266	-0.001524	-0.000329	0.006747	0.466928	0.737868	0.487370	-0.804779	0.582987	-0.111607	-0.366482	-0.340112	0.866034
61548	5.034030	-1.162649	8.824298	-0.000427	0.001499	0.004352	0.466908	0.737884	0.487365	-0.804776	0.582982	-0.111656	-0.366515	-0.340086	0.866030
61549	5.029057	-1.115860	8.885244	-0.001605	-0.001938	0.004644	0.467067	0.737772	0.487381	-0.804635	0.583173	-0.111678	-0.366620	-0.340003	0.866018
61550	5.053890	-1.137546	8.874502	0.003469	-0.000205	0.005438	0.467033	0.737788	0.487390	-0.804651	0.583147	-0.111699	-0.366630	-0.340012	0.866011
61551	5.050761	-1.106716	8.859819	-0.004012	-0.005003	0.005790	0.467233	0.737630	0.487439	-0.804439	0.583422	-0.111788	-0.366840	-0.339884	0.865972
61552	5.069211	-1.119123	8.870490	0.004107	-0.002294	0.004731	0.467196	0.737635	0.487466	-0.804454	0.583400	-0.111799	-0.366855	-0.339912	0.865955
61553	5.014597	-1.135554	8.888607	0.002830	0.001884	0.006145	0.467305	0.737571	0.487458	-0.804372	0.583513	-0.111793	-0.366893	-0.339856	0.865960
61554	5.092224	-1.071337	8.884800	0.009478	0.000139	-0.000370	0.467319	0.737554	0.487470	-0.804383	0.583510	-0.111733	-0.366853	-0.339898	0.865961
61555	4.995129	-1.213761	8.888798	-0.008188	-0.013222	0.007376	0.467410	0.737420	0.487586	-0.804231	0.583700	-0.111830	-0.367070	-0.339862	0.865883
61556	5.082585	-1.031156	8.891616	0.010673	0.018213	0.005225	0.467445	0.737497	0.487435	-0.804272	0.583652	-0.111787	-0.366935	-0.339777	0.865974
61557	5.061066	-1.200735	8.903147	-0.015833	-0.021236	0.003522	0.467475	0.737349	0.487631	-0.804128	0.583826	-0.111917	-0.367213	-0.339800	0.865847
61558	4.990414	-1.114458	8.898913	0.018301	0.011588	0.003190	0.467502	0.737392	0.487540	-0.804187	0.583767	-0.111798	-0.367049	-0.339808	0.865913
61559	5.061255	-1.148051	8.852369	-0.016617	-0.007724	0.005911	0.467543	0.737312	0.487621	-0.804062	0.583910	-0.111954	-0.367272	-0.339734	0.865848
61560	5.048314	-1.130071	8.895230	0.006726	0.000179	0.007231	0.467496	0.737340	0.487624	-0.804097	0.583861	-0.111955	-0.367254	-0.339759	0.865846
61561	5.008894	-1.127869	8.909441	-0.007140	-0.007587	0.005541	0.467510	0.737277	0.487706	-0.804033	0.583938	-0.112016	-0.367377	-0.339763	0.865792
61562	5.030701	-1.118798	8.883944	0.000212	-0.000591	0.003646	0.467489	0.737281	0.487720	-0.804028	0.583937	-0.112056	-0.367415	-0.339756	0.865779
61563	5.022656	-1.147590	8.865885	-0.005323	-0.006240	0.004542	0.467645	0.737149	0.487771	-0.803873	0.584144	-0.112089	-0.367555	-0.339688	0.865746
61564	5.056323	-1.141066	8.872664	0.004285	-0.008303	0.005713	0.467579	0.737139	0.487849	-0.803893	0.584114	-0.112104	-0.367596	-0.339761	0.865700
61565	5.046928	-1.100644	8.879389	-0.001688	-0.003547	0.002543	0.467745	0.737013	0.487880	-0.803757	0.584303	-0.112089	-0.367681	-0.339708	0.865684
61566	5.022528	-1.185835	8.825504	0.002255	-0.009059	0.003067	0.467698	0.736984	0.487968	-0.803757	0.584300	-0.112108	-0.367741	-0.339775	0.865632
61567	5.033242	-1.120001	8.882354	-0.002655	-0.007575	0.006482	0.467777	0.736884	0.488044	-0.803648	0.584441	-0.112156	-0.367878	-0.339751	0.865583
61568	5.022471	-1.117868	8.849401	-0.004426	-0.012730	0.006922	0.467686	0.736866	0.488159	-0.803641	0.584432	-0.112251	-0.368010	-0.339806	0.865506
61569	4.975491	-1.144303	8.845316	-0.001888	-0.011865	0.007318	0.467776	0.736743	0.488258	-0.803537	0.584575	-0.112249	-0.368122	-0.339826	0.865451
61570	5.009828	-1.137799	8.851704	-0.000189	-0.017543	0.001551	0.467710	0.736677	0.488421	-0.803521	0.584592	-0.112281	-0.368242	-0.339941	0.865354
61571	4.895815	-1.215199	8.793509	-0.003141	-0.026137	0.002286	0.467926	0.736401	0.488629	-0.803286	0.584917	-0.112264	-0.368479	-0.339977	0.865239
61572	4.980115	-1.183265	8.802139	-0.007557	-0.048101	0.005991	0.467712	0.736257	0.489051	-0.803263	0.584926	-0.112382	-0.368801	-0.340274	0.864985
61573	4.926606	-1.169233	8.803247	-0.002520	-0.051796	0.004121	0.467671	0.735982	0.489504	-0.803145	0.585089	-0.112374	-0.369109	-0.340588	0.864730
61574	4.951738	-1.250818	8.786041	-0.007369	-0.072589	0.000544	0.467410	0.735722	0.490143	-0.803097	0.585138	-0.112464	-0.369544	-0.341066	0.864356
61575	4.965134	-1.206438	8.875812	0.008322	-0.072720	-0.002003	0.467308	0.735352	0.490795	-0.802989	0.585302	-0.112389	-0.369908	-0.341583	0.863996
61576	5.056367	-1.151837	8.846151	-0.004702	-0.083195	-0.000712	0.467018	0.735048	0.491527	-0.802944	0.585351	-0.112449	-0.370371	-0.342154	0.863572
61577	5.019064	-1.155541	8.802524	0.010528	-0.087256	-0.001574	0.466961	0.734578	0.492283	-0.802778	0.585600	-0.112339	-0.370802	-0.342736	0.863156
61578	5.053724	-1.139070	8.826553	-0.005804	-0.094315	-0.001490	0.466634	0.734230	0.493111	-0.802726	0.585658	-0.112405	-0.371326	-0.343381	0.862674
61579	5.070500	-1.110647	8.839587	0.004168	-0.094097	-0.004124	0.466670	0.733669	0.493913	-0.802478	0.586023	-0.112276	-0.371818	-0.343958	0.862232
61580	5.052654	-1.126623	8.806015	-0.001697	-0.105924	0.000060	0.466287	0.733288	0.494838	-0.802448	0.586057	-0.112314	-0.372362	-0.344712	0.861696
61581	5.128210	-1.113296	8.814389	-0.004878	-0.104733	0.000404	0.466162	0.732761	0.495736	-0.802242	0.586341	-0.112305	-0.372963	-0.345348	0.861181
61582	5.169297	-1.037305	8.840768	0.010801	-0.104882	-0.002181	0.465800	0.732370	0.496654	-0.802248	0.586348	-0.112223	-0.373401	-0.346166	0.860663
61583	5.086611	-0.975804	8.782441	0.005186	-0.093689	0.003088	0.465754	0.731856	0.497453	-0.802048	0.586639	-0.112128	-0.373887	-0.346757	0.860214
61584	5.078947	-1.085385	8.792437	-0.001592	-0.108275	0.001703	0.465348	0.731474	0.498395	-0.802027	0.586661	-0.112172	-0.374440	-0.347527	0.859663
61585	5.091700	-1.116244	8.801598	0.011104	-0.103969	0.003619	0.465278	0.730914	0.499280	-0.801841	0.586944	-0.112015	-0.374923	-0.348225	0.859169
61586	5.153635	-1.190075	8.788713	-0.001253	-0.106031	-0.002046	0.464909	0.730516	0.500206	-0.801803	0.586992	-0.112038	-0.375462	-0.348979	0.858628
61587	5.125895	-1.324430	8.748561	0.014182	-0.105588	-0.008316	0.464889	0.729905	0.501116	-0.801588	0.587324	-0.111834	-0.375946	-0.349698	0.858123
61588	5.150177	-1.143885	8.753227	0.019331	-0.097142	-0.014446	0.464651	0.729463	0.501978	-0.801569	0.587391	-0.111618	-0.376279	-0.350507	0.857648
61589	5.124350	-1.239110	8.752971	0.010036	-0.102053	-0.022521	0.464816	0.728746	0.502867	-0.801231	0.587899	-0.111368	-0.376794	-0.351147	0.857159
61590	5.092992	-1.340037	8.698866	0.030339	-0.103107	-0.032263	0.464699	0.728177	0.503799	-0.801171	0.588056	-0.110968	-0.377066	-0.352063	0.856664
61591	5.053370	-1.292171	8.716316	0.038133	-0.105286	-0.039667	0.464897	0.727388	0.504755	-0.800912	0.588513	-0.110422	-0.377374	-0.352929	0.856171
61592	5.050204	-1.373896	8.690365	0.049590	-0.121720	-0.053383	0.464878	0.726627	0.505868	-0.800826	0.588755	-0.109749	-0.377579	-0.354092	0.855601
61593	5.506222	-1.498830	8.948282	0.018964	-0.169439	-0.070437	0.465215	0.725366	0.507365	-0.800248	0.589639	-0.109225	-0.378390	-0.355205	0.854781
61594	5.478678	-1.260073	8.420934	0.077479	-0.018631	-0.079586	0.465794	0.724813	0.507623	-0.800145	0.589970	-0.108180	-0.377893	-0.355783	0.854761
61595	5.201527	-0.920787	9.073342	0.025762	-0.133816	-0.081726	0.466124	0.723734	0.508859	-0.799702	0.590683	-0.107568	-0.378425	-0.356795	0.854103
61596	5.307766	-1.345942	8.569173	0.056288	-0.063713	-0.086985	0.466592	0.722975	0.509508	-0.799484	0.591141	-0.106665	-0.378308	-0.357575	0.853829
61597	5.346102	-1.099400	8.610676	0.089554	-0.064835	-0.091851	0.467484	0.721936	0.510164	-0.799080	0.591915	-0.105395	-0.378062	-0.358391	0.853595
61598	5.151574	-1.170340	8.809604	0.086105	-0.025885	-0.111651	0.468292	0.721165	0.510514	-0.798858	0.592442	-0.104111	-0.377531	-0.359073	0.853544
61599	5.543794	-0.920996	8.676973	0.085661	-0.059107	-0.109793	0.469330	0.720050	0.511133	-0.798360	0.593342	-0.102794	-0.377294	-0.359823	0.853333
61600	5.557770	-0.914310	8.820092	0.112740	-0.000216	-0.093035	0.470086	0.719480	0.511242	-0.798323	0.593636	-0.101378	-0.376430	-0.360480	0.853437
61601	5.318843	-0.942563	8.799621	0.061024	0.028545	-0.079985	0.471169	0.718890	0.511075	-0.797909	0.594354	-0.100425	-0.375954	-0.360474	0.853649
61602	5.379733	-0.959274	8.886764	0.111355	0.014201	-0.080451	0.471878	0.718445	0.511046	-0.797923	0.594560	-0.099084	-0.375034	-0.361019	0.853823
61603	5.380081	-0.675557	8.852420	0.077121	0.026957	-0.057858	0.473256	0.717689	0.510833	-0.797316	0.595546	-0.098040	-0.374587	-0.360898	0.854071
61604	5.211459	-0.991870	8.783727	0.045233	0.009370	-0.048477	0.473692	0.717416	0.510813	-0.797231	0.595761	-0.097427	-0.374218	-0.361085	0.854154
61605	5.268573	-0.999273	8.780098	0.052993	0.019124	-0.042705	0.474568	0.716933	0.510678	-0.796861	0.596371	-0.096721	-0.373896	-0.361038	0.854315
61606	5.179088	-1.231323	8.668948	0.044741	0.025273	-0.050016	0.475076	0.716708	0.510522	-0.796765	0.596599	-0.096104	-0.373455	-0.361109	0.854477
61607	5.218469	-1.170368	8.770343	0.070746	0.042718	-0.070999	0.476261	0.716144	0.510209	-0.796334	0.597336	-0.095089	-0.372864	-0.361009	0.854778
61608	5.332600	-0.418510	9.001919	0.080218	0.016072	-0.043712	0.476684	0.715922	0.510125	-0.796399	0.597391	-0.094201	-0.372185	-0.361358	0.854926
61609	5.496942	-0.896892	8.794275	-0.010478	-0.009906	-0.027257	0.477300	0.715441	0.510224	-0.795878	0.598094	-0.094133	-0.372509	-0.361147	0.854875
61610	5.347017	-0.766224	8.861395	0.038488	0.040082	-0.024565	0.477660	0.715421	0.509916	-0.795878	0.598163	-0.093699	-0.372047	-0.361075	0.855106
61611	5.318586	-0.655929	8.972986	0.002868	0.000524	-0.013495	0.478608	0.714797	0.509902	-0.795152	0.599150	-0.093556	-0.372381	-0.360672	0.855130
61612	5.372454	-0.871634	8.752019	-0.032444	-0.005911	-0.004356	0.478636	0.714731	0.509968	-0.794984	0.599330	-0.093832	-0.372704	-0.360505	0.855060
61613	5.324882	-0.882558	8.825151	-0.002859	0.003515	-0.003484	0.479306	0.714300	0.509942	-0.794462	0.600032	-0.093761	-0.372955	-0.360189	0.855084
61614	5.364072	-0.885455	8.809861	-0.015914	0.000652	-0.000965	0.479332	0.714278	0.509949	-0.794371	0.600129	-0.093912	-0.373115	-0.360074	0.855063
61615	5.342983	-0.912991	8.760527	-0.009848	0.008082	-0.002143	0.480089	0.713809	0.509893	-0.793759	0.600940	-0.093906	-0.373446	-0.359649	0.855097
61616	5.319682	-0.854627	8.810695	-0.014874	0.005114	0.006662	0.480072	0.713848	0.509855	-0.793708	0.600978	-0.094087	-0.373575	-0.359507	0.855100
61617	5.331134	-0.965628	8.780212	-0.010127	0.011280	0.004264	0.480581	0.713582	0.509747	-0.793283	0.601527	-0.094168	-0.373823	-0.359119	0.855155
61618	5.330195	-0.876186	8.768432	-0.007491	0.013806	0.006706	0.480596	0.713653	0.509634	-0.793260	0.601538	-0.094286	-0.373852	-0.358959	0.855209
61619	5.258184	-0.951788	8.754124	-0.013264	0.017991	0.007189	0.480896	0.713552	0.509493	-0.793003	0.601857	-0.094416	-0.374013	-0.358625	0.855279
61620	5.274978	-0.964872	8.765628	-0.007615	0.021488	0.007745	0.480931	0.713656	0.509313	-0.792985	0.601862	-0.094541	-0.374006	-0.358410	0.855372
61621	5.273354	-0.965996	8.766481	-0.007971	0.013714	0.008957	0.481188	0.713563	0.509201	-0.792762	0.602138	-0.094650	-0.374148	-0.358131	0.855427
61622	5.284110	-0.969192	8.799501	-0.001644	0.020584	0.011425	0.481192	0.713686	0.509026	-0.792783	0.602095	-0.094742	-0.374098	-0.357958	0.855521
61623	5.265943	-0.936927	8.753480	-0.008292	0.018111	0.005838	0.481708	0.713442	0.508879	-0.792380	0.602618	-0.094793	-0.374289	-0.357563	0.855603
61624	5.235252	-0.976163	8.762831	-0.004858	0.016325	0.009153	0.481714	0.713536	0.508742	-0.792378	0.602603	-0.094901	-0.374285	-0.357401	0.855673
61625	5.269047	-0.948499	8.733558	-0.007295	0.017082	0.010870	0.482090	0.713376	0.508609	-0.792068	0.602996	-0.094994	-0.374456	-0.357057	0.855741
61626	5.269258	-1.001935	8.785627	-0.006077	0.016701	0.010013	0.482091	0.713476	0.508468	-0.792066	0.602980	-0.095117	-0.374459	-0.356885	0.855811
61627	5.246558	-1.029306	8.737231	-0.004561	0.027931	0.008469	0.482434	0.713407	0.508240	-0.791826	0.603282	-0.095194	-0.374524	-0.356513	0.855938
61628	5.161279	-1.085210	8.766406	-0.004698	0.020807	0.003788	0.482499	0.713484	0.508070	-0.791799	0.603305	-0.095273	-0.374497	-0.356320	0.856030
61629	5.169375	-1.125487	8.760941	0.012793	0.027540	0.002704	0.483066	0.713247	0.507864	-0.791457	0.603776	-0.095133	-0.374489	-0.355997	0.856168
61630	5.159775	-1.062665	8.732353	0.006873	0.009802	-0.007222	0.483178	0.713218	0.507798	-0.791420	0.603836	-0.095057	-0.374423	-0.355953	0.856215
61631	5.140380	-1.140270	8.734515	0.007318	0.004410	-0.012072	0.483668	0.712881	0.507805	-0.791072	0.604318	-0.094900	-0.374528	-0.355810	0.856229
61632	5.229958	-0.985061	8.748217	0.029802	-0.004739	-0.010697	0.483753	0.712779	0.507867	-0.791103	0.604321	-0.094610	-0.374351	-0.356007	0.856224
61633	5.244832	-0.963700	8.744041	0.008116	0.000099	-0.011201	0.484041	0.712558	0.507903	-0.790910	0.604598	-0.094463	-0.374388	-0.355981	0.856219
61634	5.230268	-0.981407	8.748442	0.011968	0.002243	-0.009612	0.484143	0.712487	0.507905	-0.790880	0.604657	-0.094332	-0.374318	-0.356022	0.856233
61635	5.256948	-0.946202	8.851849	0.010329	-0.001307	-0.007026	0.484460	0.712236	0.507954	-0.790652	0.604976	-0.094195	-0.374389	-0.355981	0.856218
61636	5.275945	-0.973765	8.787122	0.006575	-0.001810	-0.006534	0.484523	0.712170	0.507987	-0.790617	0.605033	-0.094125	-0.374382	-0.356018	0.856206
61637	5.224359	-0.968471	8.770182	0.005197	0.000767	-0.007237	0.484726	0.712010	0.508019	-0.790468	0.605240	-0.094045	-0.374434	-0.355986	0.856197
61638	5.251327	-0.950501	8.798168	0.011067	-0.001775	-0.005634	0.484782	0.711949	0.508051	-0.790454	0.605275	-0.093941	-0.374392	-0.356050	0.856189
61639	5.292998	-0.913703	8.821777	-0.000932	-0.002817	-0.005551	0.484916	0.711813	0.508113	-0.790324	0.605447	-0.093925	-0.374493	-0.356028	0.856154
61640	5.270866	-0.870873	8.796048	0.002917	-0.007353	0.002967	0.484883	0.711784	0.508185	-0.790321	0.605450	-0.093934	-0.374541	-0.356082	0.856110
61641	5.281669	-0.912134	8.788940	-0.017390	-0.005093	0.003162	0.484955	0.711682	0.508259	-0.790160	0.605634	-0.094100	-0.374788	-0.355972	0.856048
61642	5.323553	-0.877793	8.812168	-0.015177	-0.006497	0.007337	0.484890	0.711683	0.508319	-0.790111	0.605669	-0.094286	-0.374975	-0.355910	0.855992
61643	5.263882	-0.904392	8.777447	-0.025665	-0.002995	0.012805	0.484828	0.711692	0.508366	-0.790019	0.605744	-0.094577	-0.375249	-0.355766	0.855932
61644	5.253667	-0.957610	8.796000	-0.029839	-0.007430	0.015028	0.484699	0.711736	0.508427	-0.789951	0.605777	-0.094928	-0.375557	-0.355622	0.855856
61645	5.217190	-0.937932	8.773996	-0.040462	-0.011056	0.015820	0.484592	0.711728	0.508541	-0.789811	0.605892	-0.095358	-0.375990	-0.355441	0.855741
61646	5.218136	-0.942016	8.772996	-0.033374	-0.013984	0.016565	0.484427	0.711758	0.508656	-0.789738	0.605926	-0.095747	-0.376357	-0.355322	0.855629
61647	5.241877	-0.989691	8.797145	-0.057120	-0.016640	0.020390	0.484252	0.711765	0.508812	-0.789564	0.606057	-0.096346	-0.376945	-0.355084	0.855469
61648	5.214258	-0.942974	8.792061	-0.046597	-0.014667	0.017523	0.484077	0.711798	0.508933	-0.789445	0.606132	-0.096853	-0.377420	-0.354890	0.855340
61649	5.217299	-1.017770	8.766525	-0.064570	-0.014821	0.013948	0.483948	0.711781	0.509079	-0.789221	0.606322	-0.097483	-0.378053	-0.354599	0.855181
61650	5.214420	-0.993346	8.750355	-0.067010	-0.014082	0.015676	0.483789	0.711806	0.509196	-0.789015	0.606482	-0.098155	-0.378686	-0.354277	0.855035
61651	5.253072	-1.023633	8.769772	-0.066256	-0.023887	0.013940	0.483633	0.711752	0.509420	-0.788779	0.606685	-0.098799	-0.379378	-0.354037	0.854828
61652	5.194804	-1.038159	8.808905	-0.079160	-0.022285	0.011107	0.483479	0.711720	0.509611	-0.788503	0.606920	-0.099552	-0.380146	-0.353699	0.854626
61653	5.141022	-1.101406	8.786906	-0.101139	-0.031721	0.001275	0.483391	0.711562	0.509914	-0.788072	0.607336	-0.100429	-0.381150	-0.353302	0.854343
61654	5.063262	-1.127222	8.850902	-0.098633	-0.038954	-0.011013	0.483348	0.711337	0.510270	-0.787614	0.607796	-0.101234	-0.382152	-0.352964	0.854035
61655	5.004190	-1.187790	8.960249	-0.151343	-0.075895	-0.044618	0.483450	0.710746	0.510995	-0.786767	0.608713	-0.102306	-0.383762	-0.352574	0.853474
61656	5.112193	-1.226389	8.746242	-0.176859	-0.103926	-0.066067	0.483588	0.709956	0.511961	-0.785738	0.609840	-0.103496	-0.385692	-0.352218	0.852751
61657	5.210013	-1.091351	8.864938	-0.190945	-0.111150	-0.088566	0.483894	0.708975	0.513032	-0.784521	0.611203	-0.104677	-0.387780	-0.351832	0.851963
61658	5.234160	-0.998356	8.953347	-0.152323	-0.124448	-0.075280	0.484018	0.708055	0.514183	-0.783536	0.612306	-0.105606	-0.389612	-0.351765	0.851154
61659	4.829512	-0.695375	9.078332	-0.104168	-0.152856	-0.004286	0.483494	0.707442	0.515518	-0.783059	0.612765	-0.106479	-0.391219	-0.352199	0.850237
61660	5.405273	-0.761690	8.750045	-0.229098	-0.302396	-0.003674	0.482353	0.706332	0.518102	-0.782112	0.613633	-0.108424	-0.394508	-0.352915	0.848419
61661	5.124961	-0.854570	9.202325	-0.142986	-0.208484	0.028538	0.481344	0.705723	0.519869	-0.781634	0.613998	-0.109792	-0.396681	-0.353499	0.847161
61662	5.465850	-0.793210	8.637952	-0.248216	-0.363365	0.021284	0.479748	0.704546	0.522932	-0.780718	0.614761	-0.112021	-0.400402	-0.354520	0.844982
61663	5.393068	-1.220549	8.677713	-0.187001	-0.302527	0.038711	0.478269	0.703661	0.525471	-0.780102	0.615214	-0.113809	-0.403361	-0.355489	0.843165
61664	5.482433	-1.019001	8.746940	-0.184575	-0.338984	0.052033	0.476509	0.702752	0.528279	-0.779573	0.615540	-0.115656	-0.406454	-0.356721	0.841157
61665	5.514158	-1.258731	8.572860	-0.199631	-0.343509	0.038585	0.474846	0.701714	0.531150	-0.778892	0.616044	-0.117544	-0.409694	-0.357893	0.839085
61666	5.514043	-1.162263	8.687438	-0.143070	-0.352620	0.037834	0.473119	0.700660	0.534072	-0.778453	0.616326	-0.118962	-0.412515	-0.359467	0.837027
61667	5.440504	-1.327689	8.619574	-0.170928	-0.345755	0.050516	0.471333	0.699678	0.536932	-0.777934	0.616651	-0.120668	-0.415528	-0.360823	0.834951
61668	5.611175	-1.165347	8.481497	-0.124182	-0.337328	0.050846	0.469550	0.698750	0.539696	-0.777626	0.616778	-0.121994	-0.418116	-0.362399	0.832974
61669	5.517740	-1.097409	8.558922	-0.151522	-0.364636	0.052768	0.467648	0.697702	0.542694	-0.777187	0.617022	-0.123546	-0.421053	-0.363999	0.830794
61670	5.625748	-1.193012	8.721908	-0.156405	-0.367654	0.056108	0.465676	0.696685	0.545688	-0.776758	0.617236	-0.125166	-0.424020	-0.365580	0.828588
61671	5.569220	-1.202876	8.567951	-0.137917	-0.383290	0.068916	0.463549	0.695657	0.548802	-0.776441	0.617324	-0.126690	-0.426921	-0.367385	0.826297
61672	5.690699	-1.203193	8.639752	-0.139499	-0.385860	0.087837	0.461231	0.694757	0.551887	-0.776220	0.617262	-0.128341	-0.429824	-0.369190	0.823984
61673	5.581054	-1.276075	8.577866	-0.134626	-0.419063	0.094061	0.458732	0.693737	0.555242	-0.776021	0.617169	-0.129974	-0.432846	-0.371256	0.821470
61674	5.631095	-1.295995	8.450127	-0.130738	-0.424619	0.088938	0.456215	0.692683	0.558621	-0.775830	0.617074	-0.131558	-0.435839	-0.373376	0.818923
61675	5.493201	-1.338225	8.690963	-0.115612	-0.441774	0.105947	0.453499	0.691634	0.562122	-0.775757	0.616835	-0.133102	-0.438794	-0.375708	0.816274
61676	5.662226	-1.204287	8.391447	-0.133817	-0.507970	0.112460	0.450406	0.690391	0.566122	-0.775645	0.616597	-0.134843	-0.442164	-0.378376	0.813218
61677	5.661137	-1.417897	8.587404	-0.157302	-0.511947	0.115610	0.447274	0.689113	0.570149	-0.775417	0.616458	-0.136781	-0.445730	-0.380924	0.810075
61678	5.699037	-1.405104	8.407921	-0.142725	-0.562063	0.122644	0.443825	0.687697	0.574536	-0.775294	0.616194	-0.138652	-0.449376	-0.383897	0.806650
61679	5.735140	-1.339118	8.311461	-0.170603	-0.580501	0.125306	0.440268	0.686187	0.579060	-0.775030	0.616050	-0.140753	-0.453313	-0.386820	0.803043
61680	5.627559	-1.573949	8.459038	-0.202486	-0.614013	0.131017	0.436474	0.684588	0.583806	-0.774651	0.615973	-0.143151	-0.457609	-0.389764	0.799173
61681	5.728390	-1.488272	8.254377	-0.185533	-0.672858	0.143311	0.432304	0.682793	0.588988	-0.774374	0.615777	-0.145475	-0.462015	-0.393208	0.794940
61682	5.896670	-1.512425	8.310167	-0.216941	-0.701275	0.149892	0.427904	0.680924	0.594340	-0.773981	0.615647	-0.148096	-0.466746	-0.396637	0.790460
61683	5.769742	-1.567946	8.218191	-0.220062	-0.745898	0.157312	0.423219	0.678878	0.600008	-0.773572	0.615511	-0.150775	-0.471669	-0.400339	0.785657
61684	5.968054	-1.539302	8.066663	-0.215018	-0.759114	0.161038	0.418392	0.676794	0.605722	-0.773199	0.615319	-0.153443	-0.476561	-0.404144	0.780741
61685	5.983158	-1.563142	8.139712	-0.218418	-0.806934	0.172564	0.413223	0.674537	0.611757	-0.772826	0.615095	-0.156198	-0.481650	-0.408237	0.775471
61686	6.011921	-1.575503	8.048665	-0.250884	-0.854552	0.178320	0.407723	0.672105	0.618091	-0.772312	0.614959	-0.159245	-0.487131	-0.412431	0.769808
61687	6.028828	-1.744181	7.799352	-0.247663	-0.913622	0.183518	0.401859	0.669405	0.624825	-0.771798	0.614809	-0.162289	-0.492785	-0.417021	0.763712
61688	6.257133	-1.633407	7.890972	-0.214375	-0.918632	0.166534	0.396039	0.666554	0.631553	-0.771369	0.614631	-0.164978	-0.498139	-0.421823	0.757577
61689	6.142779	-1.785288	7.774887	-0.207872	-0.969398	0.155985	0.390009	0.663361	0.638627	-0.770899	0.614528	-0.167541	-0.503595	-0.426975	0.751056
61690	6.246052	-1.953592	7.608269	-0.186258	-1.008068	0.114172	0.384042	0.659708	0.645985	-0.770367	0.614609	-0.169678	-0.508966	-0.432482	0.744253
61691	6.384182	-1.951805	7.669666	-0.143803	-1.009523	0.083450	0.378262	0.655791	0.653342	-0.769909	0.614736	-0.171290	-0.513963	-0.438221	0.737430
61692	6.659900	-1.807298	7.689520	-0.130025	-1.045532	0.056513	0.372444	0.651502	0.660931	-0.769418	0.614977	-0.172625	-0.518923	-0.444239	0.730322
61693	6.960733	-1.797044	7.522062	-0.113028	-0.983560	0.042899	0.367012	0.647335	0.668026	-0.768948	0.615252	-0.173736	-0.523470	-0.449914	0.723572
61694	6.854268	-1.680853	7.423698	-0.063372	-0.999300	0.030385	0.361543	0.642973	0.675183	-0.768694	0.615379	-0.174406	-0.527632	-0.455954	0.716736
61695	6.858892	-1.709276	7.333094	-0.098060	-0.955789	0.042879	0.356175	0.638819	0.681945	-0.768290	0.615602	-0.175400	-0.531856	-0.461459	0.710060
61696	7.039099	-1.656809	7.222465	-0.056009	-0.963338	0.041693	0.350729	0.634580	0.688693	-0.768107	0.615633	-0.176089	-0.535725	-0.467230	0.703345
61697	7.061525	-1.597683	7.154778	-0.055172	-0.976979	0.045459	0.345151	0.630232	0.695470	-0.767928	0.615654	-0.176792	-0.539589	-0.473051	0.696467
61698	7.042965	-1.796126	7.175624	-0.091952	-0.932346	0.062499	0.339639	0.626158	0.701834	-0.767613	0.615736	-0.177873	-0.543521	-0.478325	0.689775
61699	7.296526	-1.466407	7.122168	-0.011566	-0.944761	0.064780	0.334014	0.621977	0.708223	-0.767729	0.615436	-0.178411	-0.546833	-0.484131	0.683074
61700	7.163204	-1.681623	6.942809	-0.097667	-0.952904	0.077973	0.328203	0.617795	0.714572	-0.767420	0.615465	-0.179635	-0.550772	-0.489420	0.676105
61701	7.166783	-1.728700	6.911643	-0.043994	-0.964378	0.095328	0.322167	0.613599	0.720905	-0.767447	0.615145	-0.180615	-0.554286	-0.495068	0.669084
61702	7.310708	-1.539490	6.951657	-0.083462	-0.947027	0.118520	0.316007	0.609591	0.727006	-0.767330	0.614873	-0.182033	-0.557982	-0.500330	0.662062
61703	7.423782	-1.673860	6.995524	-0.116077	-0.975646	0.131677	0.309558	0.605459	0.733207	-0.767052	0.614707	-0.183758	-0.561965	-0.505524	0.654706
61704	7.268348	-1.705566	6.959718	-0.122596	-1.013667	0.137274	0.302805	0.601128	0.739564	-0.766750	0.614539	-0.185571	-0.566043	-0.510869	0.647000
61705	7.262761	-1.716302	7.012136	-0.131628	-1.059267	0.153483	0.295633	0.596597	0.746106	-0.766423	0.614344	-0.187556	-0.570261	-0.516385	0.638866
61706	7.284005	-1.755491	7.197066	-0.167292	-1.128815	0.167861	0.287899	0.591743	0.752963	-0.765924	0.614253	-0.189878	-0.574870	-0.522046	0.630073
61707	7.128625	-1.904104	7.167605	-0.222856	-1.216513	0.159348	0.279678	0.586304	0.760282	-0.765051	0.614532	-0.192474	-0.580066	-0.527824	0.620423
61708	7.209665	-2.067009	7.349767	-0.236519	-1.340110	0.135406	0.270847	0.579996	0.768275	-0.764015	0.615037	-0.194966	-0.585597	-0.534167	0.609707
61709	7.278914	-2.121549	7.358157	-0.295896	-1.452917	0.104503	0.261515	0.572805	0.776855	-0.762519	0.616064	-0.197559	-0.591756	-0.540702	0.597885
61710	7.511063	-2.130476	7.656405	-0.384285	-1.586439	0.083194	0.251453	0.564664	0.786083	-0.760414	0.617720	-0.200482	-0.598784	-0.547336	0.584706
61711	8.016674	-2.028255	7.967912	-0.507112	-1.675463	0.037692	0.241081	0.555655	0.795693	-0.757423	0.620332	-0.203710	-0.606786	-0.553566	0.570417
61712	7.483756	-2.493881	7.434310	-0.517113	-1.826249	-0.010398	0.230018	0.545394	0.806000	-0.754209	0.623308	-0.206534	-0.615029	-0.560386	0.554713
61713	8.319823	-2.015859	8.261409	-0.651213	-1.997597	-0.035707	0.217917	0.533898	0.816986	-0.750073	0.627195	-0.209801	-0.624422	-0.567080	0.537139
61714	8.120537	-2.138965	8.064718	-0.732388	-2.126099	-0.078798	0.205138	0.521250	0.828382	-0.745265	0.631826	-0.213014	-0.634427	-0.573667	0.518081
61715	9.014008	-2.424965	8.476333	-1.008428	-2.312746	-0.116520	0.191195	0.507177	0.840367	-0.738564	0.638250	-0.217163	-0.646504	-0.579145	0.496613
61716	9.179353	-2.547248	8.207893	-1.003292	-2.407508	-0.182008	0.176839	0.491973	0.852462	-0.731652	0.645036	-0.220486	-0.658341	-0.584715	0.474020
61717	10.380260	-2.234362	9.091454	-1.242757	-2.573793	-0.203399	0.161200	0.475552	0.864792	-0.723041	0.653314	-0.224483	-0.671734	-0.589093	0.449158
61718	10.876696	-2.546984	8.511530	-1.378367	-2.550763	-0.270040	0.145841	0.458686	0.876549	-0.713240	0.662752	-0.228140	-0.685579	-0.591918	0.423810
61719	10.018255	-2.627351	8.562761	-1.504523	-2.615014	-0.360491	0.130274	0.440792	0.888105	-0.702328	0.673281	-0.231146	-0.699832	-0.593629	0.397291
61720	9.637641	-2.605894	8.200682	-1.622453	-2.689127	-0.468366	0.114530	0.421612	0.899514	-0.690249	0.684973	-0.233169	-0.714450	-0.594184	0.369468
61721	8.962006	-2.348809	7.757286	-1.631768	-2.723534	-0.557177	0.098683	0.401606	0.910480	-0.677903	0.696936	-0.233939	-0.728498	-0.594131	0.341025
61722	8.540102	-2.206671	7.411954	-1.807534	-2.782264	-0.618794	0.082371	0.380719	0.921015	-0.664009	0.710115	-0.234154	-0.743173	-0.592275	0.311294
61723	7.799558	-2.174234	6.682734	-1.925536	-2.842037	-0.700638	0.065634	0.358944	0.931049	-0.649075	0.724041	-0.233381	-0.757888	-0.589003	0.280503
61724	7.002775	-2.055221	6.379519	-2.063416	-2.849257	-0.761393	0.048716	0.336637	0.940374	-0.632815	0.738823	-0.231703	-0.772769	-0.583794	0.249021
61725	6.856629	-2.030739	5.043935	-2.017093	-2.962024	-0.846316	0.030901	0.313162	0.949197	-0.616806	0.753239	-0.228431	-0.786508	-0.578412	0.216435
61726	5.696236	-1.298188	4.489825	-1.785009	-2.935201	-0.879272	0.013013	0.289543	0.957077	-0.602438	0.766204	-0.223608	-0.798060	-0.573669	0.184402
61727	5.408963	-0.480889	4.099265	-1.854769	-3.191576	-0.860692	-0.007521	0.264727	0.964294	-0.587579	0.779116	-0.218473	-0.809132	-0.568242	0.149688
61728	5.037836	0.458528	4.491976	-1.928756	-3.317449	-0.781819	-0.030002	0.239816	0.970355	-0.571984	0.792013	-0.213424	-0.819716	-0.561430	0.113409
61729	4.796116	0.400068	4.464245	-2.101018	-3.608865	-0.683503	-0.055918	0.214305	0.975165	-0.555026	0.805206	-0.208781	-0.829952	-0.552916	0.073919
61730	4.844426	-0.539990	3.563138	-2.251091	-3.957410	-0.744646	-0.084885	0.186548	0.978772	-0.536726	0.819058	-0.202655	-0.839476	-0.542534	0.030599
61731	22.017304	1.349162	13.183608	-3.167246	-4.439822	-1.048435	-0.116929	0.154238	0.981090	-0.511091	0.837670	-0.192604	-0.851536	-0.523947	-0.019118
61732	27.405429	-7.415348	8.986128	-1.896418	0.406410	-1.101674	-0.107895	0.147012	0.983233	-0.496054	0.849132	-0.181396	-0.861562	-0.507308	-0.018691
61733	12.940378	-3.231236	12.703290	1.416090	2.577001	-1.258197	-0.079406	0.149624	0.985549	-0.509524	0.843669	-0.169137	-0.856784	-0.515592	0.009245
61734	13.335288	1.095380	10.830105	1.014528	4.178237	-1.187661	-0.037546	0.161182	0.986210	-0.518867	0.840298	-0.157089	-0.854030	-0.517610	0.052082
61735	9.233062	1.518537	8.819215	1.023108	5.083005	-0.977503	0.010891	0.179425	0.983711	-0.527865	0.836556	-0.146740	-0.849259	-0.517668	0.103823
61736	6.708847	2.357746	6.655803	1.122956	5.765142	-0.764298	0.063709	0.202822	0.977141	-0.537039	0.832237	-0.137730	-0.841148	-0.515988	0.161944
61737	4.037805	2.308218	5.003539	0.924801	6.034249	-0.576156	0.117295	0.229172	0.966293	-0.544403	0.828620	-0.130438	-0.830582	-0.510753	0.221956
61738	1.799916	1.805357	4.168158	0.541148	5.909964	-0.459162	0.168576	0.255245	0.952067	-0.548176	0.827021	-0.124659	-0.819198	-0.500885	0.279335
61739	0.058368	0.653536	2.820884	0.246736	5.559029	-0.418127	0.216094	0.279450	0.935527	-0.549526	0.826808	-0.120042	-0.807047	-0.488156	0.332233
61740	-1.761372	-0.150759	1.537854	0.412953	5.089796	-0.421972	0.259145	0.300497	0.917903	-0.551789	0.826065	-0.114649	-0.792699	-0.476778	0.379882
61741	-3.216476	0.077985	0.979501	0.976963	4.386113	-0.497461	0.296291	0.317377	0.900824	-0.558218	0.822856	-0.106304	-0.774987	-0.471359	0.420970
61742	-2.875749	1.365291	2.310495	1.049049	3.011648	-0.586063	0.322701	0.326716	0.888324	-0.564417	0.819831	-0.096490	-0.759801	-0.470248	0.448965
61743	1.671422	2.071482	5.503866	-0.044675	1.637535	-0.582847	0.338376	0.329786	0.881330	-0.562306	0.821837	-0.091633	-0.754529	-0.464571	0.463531
61744	7.132180	0.810769	8.051799	-1.445600	1.363212	-0.538618	0.351687	0.331531	0.875445	-0.549477	0.830241	-0.093675	-0.757886	-0.448092	0.474154
61745	10.280998	-3.718894	7.979402	-0.737766	2.471129	-0.572474	0.373471	0.337867	0.863925	-0.541986	0.835296	-0.092372	-0.752842	-0.433737	0.495077
61746	8.651257	-1.502945	8.678056	1.174359	3.526688	-0.697589	0.403479	0.347280	0.846523	-0.547961	0.832631	-0.080405	-0.732764	-0.431419	0.526245
61747	7.162086	0.660588	8.461337	0.258019	3.646251	-0.697665	0.433697	0.357236	0.827218	-0.547080	0.833866	-0.073282	-0.715968	-0.420772	0.557082
61748	6.996237	-1.406465	7.628211	-0.598483	3.363548	-0.689875	0.461339	0.365306	0.808528	-0.539703	0.838851	-0.071056	-0.704192	-0.403584	0.584152
61749	8.493853	-2.151421	7.506653	-0.345909	3.372544	-0.683095	0.488493	0.373162	0.788749	-0.534225	0.842620	-0.067790	-0.689912	-0.388254	0.610966
61750	9.191593	-1.985899	7.729707	-0.426279	3.316806	-0.615410	0.514417	0.380550	0.768477	-0.528188	0.846585	-0.065661	-0.675568	-0.372124	0.636499
61751	9.964302	-2.899838	7.866712	-0.561107	3.266652	-0.503658	0.538861	0.388410	0.747507	-0.521970	0.850436	-0.065616	-0.661193	-0.354818	0.661006
61752	10.578441	-3.083689	8.402827	-0.435108	3.274879	-0.380664	0.562244	0.396491	0.725725	-0.516992	0.853461	-0.065748	-0.645447	-0.338228	0.684836
61753	11.367206	-3.277688	8.839205	-0.448860	3.280556	-0.200879	0.584134	0.405865	0.702895	-0.513174	0.855620	-0.067582	-0.628840	-0.321230	0.708076
61754	11.509181	-3.454334	8.716502	-0.340697	3.384528	0.020441	0.605012	0.416603	0.678530	-0.511145	0.856624	-0.070186	-0.610485	-0.304364	0.731212
61755	11.197060	-3.016901	8.601428	-0.236803	3.402444	0.265218	0.624031	0.429230	0.652952	-0.511551	0.856072	-0.073862	-0.590678	-0.287926	0.753789
61756	11.286812	-2.928939	8.434477	-0.202319	3.376258	0.494658	0.641105	0.442882	0.626769	-0.513468	0.854502	-0.078588	-0.570381	-0.271443	0.775232
61757	11.513587	-2.718435	8.220408	-0.064056	3.354977	0.663700	0.656388	0.457663	0.599750	-0.517613	0.851549	-0.083315	-0.548846	-0.255751	0.795839
61758	11.323337	-2.253052	7.609946	0.079881	3.349169	0.762982	0.670430	0.472441	0.572122	-0.523067	0.847823	-0.087159	-0.526236	-0.240824	0.815524
61759	10.531819	-1.270538	7.037669	0.197283	3.254694	0.799027	0.682896	0.487068	0.544443	-0.529677	0.843396	-0.090142	-0.503087	-0.226821	0.833940
61760	10.300323	-0.551656	6.619703	0.119830	2.989269	0.782462	0.693459	0.500205	0.518565	-0.535617	0.839290	-0.093312	-0.481902	-0.213044	0.849931
61761	9.843083	-0.196099	5.894250	0.057977	2.733970	0.698835	0.702527	0.511928	0.494353	-0.540934	0.835511	-0.096492	-0.462435	-0.199624	0.863889
61762	9.262007	0.191936	5.595276	0.002707	2.358164	0.527575	0.710382	0.520872	0.473339	-0.544640	0.832801	-0.099043	-0.445787	-0.187441	0.875294
61763	10.038735	0.098562	5.420100	-0.260367	1.909097	0.322581	0.716944	0.527212	0.456113	-0.545937	0.831477	-0.102954	-0.433526	-0.175197	0.883947
61764	10.679445	-0.702216	5.029397	-0.285902	1.609090	0.114955	0.723221	0.530879	0.441723	-0.545506	0.831373	-0.106031	-0.423526	-0.164279	0.890864
