// General information: 
//  MT Manager version: 2022.2.0 
//  XDA version: 2022.2.0 build 7381 rev 124627 built on 2023-07-19
// Device information: 
//  DeviceId: 00B4CBA7
//  ProductCode: MTW2-3A7G6
//  Firmware Version: 4.6.0
//  Hardware Version: 2.0.0
// Device settings: 
//  Filter Profile: human(46.1)
//  Option Flags: Orientation Smoother Disabled, Position/Velocity Smoother Disabled, Continuous Zero Rotation Update Disabled, AHS Disabled, ICC Disabled
// Coordinate system: ENU
PacketCounter	Acc_X	Acc_Y	Acc_Z	Gyr_X	Gyr_Y	Gyr_Z	Mat[1][1]	Mat[2][1]	Mat[3][1]	Mat[1][2]	Mat[2][2]	Mat[3][2]	Mat[1][3]	Mat[2][3]	Mat[3][3]
01562	9.468384	0.075679	-2.600200	-0.014000	0.005338	-0.008295	0.221627	0.122769	0.967372	0.471552	-0.881830	0.003879	0.853534	0.455307	-0.253329
01563	9.480975	0.081732	-2.620196	-0.026243	0.004852	-0.012549	0.221513	0.122912	0.967380	0.471361	-0.881931	0.004121	0.853669	0.455072	-0.253295
01564	9.485871	0.063286	-2.592144	-0.028573	0.007582	-0.013763	0.221359	0.123031	0.967400	0.471156	-0.882039	0.004366	0.853822	0.454830	-0.253214
01565	9.462063	0.029417	-2.613910	-0.032353	0.010132	-0.014172	0.221193	0.123163	0.967422	0.470915	-0.882167	0.004639	0.853998	0.454547	-0.253128
01566	9.467057	0.011499	-2.585553	-0.036004	0.009288	-0.019986	0.220995	0.123330	0.967446	0.470660	-0.882301	0.004962	0.854190	0.454241	-0.253030
01567	9.442898	-0.008201	-2.575222	-0.030923	0.015441	-0.022296	0.220745	0.123510	0.967480	0.470449	-0.882411	0.005310	0.854371	0.453977	-0.252893
01568	9.472990	-0.016560	-2.587306	-0.024455	0.015533	-0.024282	0.220474	0.123686	0.967519	0.470302	-0.882488	0.005646	0.854522	0.453781	-0.252735
01569	9.455718	0.015634	-2.560859	-0.021089	0.017555	-0.025445	0.220191	0.123885	0.967558	0.470183	-0.882549	0.005999	0.854660	0.453608	-0.252578
01570	9.437986	0.061268	-2.502373	-0.019849	0.020019	-0.027034	0.219869	0.124065	0.967608	0.470081	-0.882601	0.006349	0.854799	0.453458	-0.252377
01571	9.409267	0.062419	-2.518741	-0.020904	0.020397	-0.031977	0.219531	0.124308	0.967654	0.469975	-0.882654	0.006765	0.854944	0.453288	-0.252192
01572	9.455678	0.065610	-2.459765	-0.017333	0.020131	-0.032352	0.219183	0.124534	0.967704	0.469907	-0.882687	0.007161	0.855071	0.453161	-0.251989
01573	9.423652	0.172923	-2.483214	-0.017169	0.022653	-0.029424	0.218838	0.124744	0.967754	0.469826	-0.882727	0.007542	0.855204	0.453025	-0.251782
01574	9.412143	0.158174	-2.492661	-0.026505	0.017365	-0.027975	0.218534	0.124945	0.967797	0.469669	-0.882807	0.007919	0.855368	0.452814	-0.251606
01575	9.446454	0.143437	-2.445330	-0.033055	0.016151	-0.032185	0.218232	0.125209	0.967831	0.469460	-0.882914	0.008367	0.855560	0.452532	-0.251461
01576	9.452093	0.113307	-2.448277	-0.033155	0.014718	-0.028918	0.217946	0.125430	0.967867	0.469247	-0.883023	0.008769	0.855749	0.452258	-0.251309
01577	9.487471	0.071794	-2.464867	-0.027456	0.014017	-0.028865	0.217677	0.125675	0.967896	0.469080	-0.883108	0.009171	0.855909	0.452024	-0.251184
01578	9.477665	0.129550	-2.486593	-0.024820	0.010426	-0.030134	0.217422	0.125926	0.967921	0.468941	-0.883178	0.009564	0.856050	0.451818	-0.251074
01579	9.437467	0.211875	-2.463049	-0.035555	0.011183	-0.029008	0.217178	0.126184	0.967942	0.468702	-0.883300	0.009987	0.856243	0.451507	-0.250976
01580	9.425120	0.211053	-2.441703	-0.053869	0.005961	-0.029726	0.216963	0.126452	0.967955	0.468314	-0.883501	0.010449	0.856510	0.451039	-0.250906
01581	9.470477	0.116191	-2.436103	-0.061618	0.008500	-0.033468	0.216721	0.126763	0.967969	0.467861	-0.883734	0.010981	0.856819	0.450495	-0.250831
01582	9.481963	0.040053	-2.476234	-0.054168	0.007125	-0.036698	0.216463	0.127087	0.967984	0.467484	-0.883926	0.011511	0.857089	0.450025	-0.250749
01583	9.440396	0.037812	-2.473695	-0.053077	0.001917	-0.033904	0.216276	0.127431	0.967981	0.467106	-0.884120	0.012026	0.857343	0.449548	-0.250737
01584	9.458819	0.112198	-2.445963	-0.050864	0.002900	-0.036737	0.216055	0.127775	0.967984	0.466757	-0.884297	0.012548	0.857589	0.449103	-0.250696
01585	9.454724	0.124361	-2.504614	-0.051297	0.007461	-0.038293	0.215799	0.128133	0.967994	0.466403	-0.884475	0.013100	0.857846	0.448648	-0.250630
01586	9.433384	0.152634	-2.569932	-0.046652	0.007155	-0.043181	0.215512	0.128515	0.968008	0.466104	-0.884624	0.013674	0.858080	0.448245	-0.250548
01587	9.445362	0.176096	-2.557689	-0.062129	0.007071	-0.043357	0.215236	0.128919	0.968015	0.465667	-0.884844	0.014303	0.858387	0.447694	-0.250484
01588	9.472991	0.111846	-2.527579	-0.062000	0.003675	-0.048772	0.214953	0.129367	0.968018	0.465248	-0.885054	0.014969	0.858685	0.447151	-0.250433
01589	9.489726	0.115226	-2.488279	-0.051788	0.006077	-0.048189	0.214664	0.129819	0.968022	0.464910	-0.885220	0.015618	0.858940	0.446691	-0.250379
01590	9.491387	0.193252	-2.498528	-0.044008	0.009772	-0.045549	0.214344	0.130211	0.968040	0.464638	-0.885352	0.016208	0.859167	0.446314	-0.250271
01591	9.421536	0.275038	-2.493054	-0.050662	0.007093	-0.046503	0.214054	0.130643	0.968046	0.464305	-0.885515	0.016838	0.859419	0.445865	-0.250206
01592	9.418061	0.247908	-2.385619	-0.073260	0.002640	-0.048089	0.213784	0.131090	0.968045	0.463787	-0.885774	0.017526	0.859766	0.445220	-0.250162
01593	9.456769	0.116614	-2.365485	-0.068402	0.000055	-0.052201	0.213528	0.131604	0.968032	0.463314	-0.886006	0.018255	0.860085	0.444605	-0.250161
01594	9.454566	0.063692	-2.322888	-0.051209	-0.006752	-0.054214	0.213311	0.132147	0.968006	0.462997	-0.886157	0.018947	0.860309	0.444143	-0.250211
01595	9.452936	0.095922	-2.259815	-0.040030	-0.012036	-0.053794	0.213153	0.132729	0.967961	0.462770	-0.886261	0.019621	0.860471	0.443761	-0.250332
01596	9.432247	0.197604	-2.338043	-0.033664	-0.019566	-0.051427	0.213059	0.133304	0.967903	0.462597	-0.886337	0.020242	0.860587	0.443437	-0.250508
01597	9.457364	0.200546	-2.412328	-0.037311	-0.014195	-0.058332	0.212898	0.133936	0.967851	0.462403	-0.886422	0.020952	0.860731	0.443077	-0.250650
01598	9.447722	0.235251	-2.499987	-0.038855	-0.015840	-0.054271	0.212759	0.134519	0.967801	0.462192	-0.886516	0.021614	0.860879	0.442711	-0.250788
01599	9.443662	0.236321	-2.592432	-0.040919	-0.013998	-0.057948	0.212598	0.135147	0.967749	0.461967	-0.886616	0.022330	0.861039	0.442321	-0.250926
01600	9.497200	0.255513	-2.616105	-0.053217	-0.014625	-0.062205	0.212413	0.135795	0.967699	0.461649	-0.886762	0.023104	0.861256	0.441829	-0.251049
01601	9.496736	0.262864	-2.617061	-0.053217	-0.008404	-0.063284	0.212179	0.136446	0.967658	0.461331	-0.886906	0.023903	0.861484	0.441339	-0.251130
01602	9.465488	0.208617	-2.593270	-0.056279	-0.005101	-0.065698	0.211896	0.137083	0.967630	0.460993	-0.887059	0.024719	0.861734	0.440833	-0.251159
01603	9.458477	0.177476	-2.578259	-0.051033	-0.007430	-0.066108	0.211642	0.137754	0.967591	0.460697	-0.887190	0.025539	0.861955	0.440361	-0.251230
01604	9.459210	0.257635	-2.589013	-0.043327	0.001462	-0.070737	0.211279	0.138408	0.967577	0.460481	-0.887278	0.026371	0.862159	0.439979	-0.251198
01605	9.464249	0.329755	-2.540198	-0.037231	0.001043	-0.066979	0.210949	0.139049	0.967557	0.460305	-0.887345	0.027165	0.862334	0.439641	-0.251190
01606	9.482394	0.393918	-2.543635	-0.046099	0.003538	-0.066181	0.210590	0.139653	0.967548	0.460055	-0.887450	0.027960	0.862555	0.439237	-0.251136
01607	9.498131	0.326530	-2.493979	-0.053072	0.002005	-0.074100	0.210219	0.140354	0.967527	0.459756	-0.887576	0.028862	0.862805	0.438759	-0.251113
01608	9.463734	0.353097	-2.538979	-0.051556	0.003268	-0.068701	0.209850	0.140982	0.967516	0.459463	-0.887700	0.029696	0.863051	0.438306	-0.251060
01609	9.451930	0.342883	-2.550169	-0.053022	0.003041	-0.067895	0.209499	0.141622	0.967498	0.459150	-0.887834	0.030538	0.863302	0.437830	-0.251026
01610	9.422671	0.348213	-2.567911	-0.053572	0.006155	-0.066169	0.209118	0.142215	0.967494	0.458834	-0.887969	0.031351	0.863563	0.437363	-0.250944
01611	9.408602	0.376468	-2.482600	-0.061848	0.006923	-0.070340	0.208723	0.142861	0.967484	0.458450	-0.888135	0.032239	0.863862	0.436814	-0.250869
01612	9.402796	0.333019	-2.498629	-0.069273	0.003344	-0.069273	0.208352	0.143495	0.967470	0.458004	-0.888333	0.033122	0.864189	0.436204	-0.250807
01613	9.425389	0.304826	-2.464220	-0.064722	0.007893	-0.071974	0.207942	0.144151	0.967461	0.457597	-0.888508	0.034033	0.864503	0.435630	-0.250721
01614	9.455268	0.302848	-2.477193	-0.061371	0.003708	-0.072050	0.207556	0.144808	0.967446	0.457224	-0.888666	0.034923	0.864793	0.435091	-0.250657
01615	9.447906	0.285174	-2.429319	-0.058881	0.003865	-0.077359	0.207156	0.145530	0.967423	0.456880	-0.888805	0.035871	0.865071	0.434565	-0.250611
01616	9.470501	0.257446	-2.395357	-0.054769	0.000508	-0.079462	0.206764	0.146267	0.967396	0.456578	-0.888921	0.036816	0.865324	0.434080	-0.250579
01617	9.459857	0.308265	-2.449222	-0.046306	-0.002215	-0.083971	0.206387	0.147074	0.967354	0.456355	-0.888995	0.037796	0.865532	0.433656	-0.250595
01618	9.455396	0.398298	-2.518316	-0.044120	-0.001208	-0.086792	0.205977	0.147883	0.967318	0.456159	-0.889052	0.038785	0.865732	0.433262	-0.250583
01619	9.467404	0.413072	-2.538551	-0.056373	-0.000884	-0.084843	0.205585	0.148692	0.967277	0.455850	-0.889166	0.039799	0.865988	0.432751	-0.250581
01620	9.431684	0.453906	-2.551805	-0.068238	-0.006223	-0.087576	0.205216	0.149531	0.967227	0.455446	-0.889325	0.040856	0.866288	0.432136	-0.250607
01621	9.441762	0.422342	-2.497898	-0.073680	0.001155	-0.094390	0.204763	0.150416	0.967185	0.455005	-0.889498	0.042005	0.866627	0.431473	-0.250576
01622	9.412243	0.430264	-2.516014	-0.063735	-0.001698	-0.090261	0.204343	0.151259	0.967143	0.454645	-0.889631	0.043076	0.866915	0.430904	-0.250559
01623	9.439159	0.395740	-2.423529	-0.072950	-0.004350	-0.095354	0.203935	0.152176	0.967085	0.454208	-0.889797	0.044233	0.867240	0.430237	-0.250580
01624	9.419400	0.302010	-2.346798	-0.073786	-0.012547	-0.098481	0.203572	0.153139	0.967009	0.453777	-0.889958	0.045409	0.867551	0.429562	-0.250662
01625	9.421545	0.257032	-2.215010	-0.061178	-0.018547	-0.105113	0.203244	0.154205	0.966909	0.453461	-0.890055	0.046631	0.867793	0.428978	-0.250824
01626	9.526777	0.247953	-2.187577	-0.033529	-0.027274	-0.108818	0.202963	0.155323	0.966789	0.453399	-0.890025	0.047806	0.867891	0.428638	-0.251065
01627	9.527272	0.306637	-2.264503	-0.013069	-0.035644	-0.111762	0.202752	0.156521	0.966640	0.453518	-0.889901	0.048970	0.867879	0.428460	-0.251414
01628	9.560050	0.372068	-2.232805	-0.015492	-0.046589	-0.117051	0.202601	0.157795	0.966465	0.453628	-0.889777	0.050179	0.867856	0.428249	-0.251850
01629	9.577535	0.416272	-2.305066	-0.018873	-0.054654	-0.124309	0.202498	0.159184	0.966258	0.453720	-0.889656	0.051479	0.867832	0.427987	-0.252378
01630	9.625910	0.360549	-2.153200	-0.052687	-0.071515	-0.135794	0.202478	0.160731	0.966006	0.453546	-0.889658	0.052963	0.867928	0.427404	-0.253035
01631	9.601767	0.206060	-2.133134	-0.035587	-0.087904	-0.146022	0.202565	0.162455	0.965700	0.453536	-0.889569	0.054514	0.867913	0.426937	-0.253875
01632	9.674632	0.223673	-2.067265	-0.012488	-0.107124	-0.155481	0.202765	0.164327	0.965341	0.453750	-0.889362	0.056086	0.867754	0.426651	-0.254895
01633	9.712662	0.253547	-1.787235	-0.007208	-0.136652	-0.164170	0.203191	0.166419	0.964893	0.454026	-0.889116	0.057738	0.867510	0.426355	-0.256219
01634	9.741798	0.295033	-1.366938	-0.002887	-0.176946	-0.178953	0.203889	0.168796	0.964332	0.454373	-0.888822	0.059511	0.867165	0.426033	-0.257917
01635	9.782628	0.308563	-0.865493	0.010951	-0.227655	-0.198521	0.204944	0.171577	0.963618	0.454879	-0.888431	0.061445	0.866651	0.425736	-0.260126
01636	9.889995	0.230776	-0.591272	0.063624	-0.287205	-0.219425	0.206409	0.174782	0.962729	0.455889	-0.887774	0.063431	0.865772	0.425804	-0.262925
01637	9.821659	0.244597	-0.547256	0.148659	-0.348558	-0.234567	0.208335	0.178394	0.961651	0.457666	-0.886720	0.065343	0.864372	0.426501	-0.266380
01638	9.735562	0.505684	-0.623805	0.214711	-0.408294	-0.237004	0.210749	0.182270	0.960397	0.460024	-0.885369	0.067083	0.862533	0.427668	-0.270439
01639	9.725020	0.744904	-0.697502	0.218768	-0.474138	-0.235474	0.213727	0.186428	0.958940	0.462415	-0.883991	0.068795	0.860519	0.428724	-0.275140
01640	9.747897	0.804243	-0.836401	0.192815	-0.523667	-0.234523	0.217117	0.190779	0.957321	0.464585	-0.882714	0.070545	0.858499	0.429441	-0.280285
01641	9.860841	0.775883	-0.982442	0.184002	-0.574959	-0.233567	0.220936	0.195352	0.955523	0.466680	-0.881466	0.072306	0.856386	0.429949	-0.285915
01642	10.062747	0.857236	-1.140834	0.174795	-0.624233	-0.233263	0.225160	0.200124	0.953548	0.468704	-0.880245	0.074066	0.854178	0.430255	-0.291995
01643	10.235742	0.901530	-1.217431	0.159273	-0.675018	-0.233217	0.229798	0.205122	0.951377	0.470600	-0.879079	0.075865	0.851897	0.430284	-0.298541
01644	10.429837	0.970775	-1.311272	0.160919	-0.718695	-0.231486	0.234795	0.210280	0.949028	0.472515	-0.877898	0.077616	0.849471	0.430206	-0.305487
01645	10.465353	1.067227	-1.458116	0.162667	-0.760062	-0.226763	0.240141	0.215579	0.946498	0.474439	-0.876708	0.079311	0.846900	0.430010	-0.312813
01646	10.420509	1.170383	-1.759535	0.141104	-0.790566	-0.229025	0.245713	0.221015	0.943810	0.476198	-0.875593	0.081067	0.844311	0.429522	-0.320392
01647	10.348531	1.248337	-2.053250	0.117854	-0.827511	-0.220978	0.251605	0.226540	0.940944	0.477749	-0.874584	0.082815	0.841696	0.428698	-0.328279
01648	10.155498	1.249448	-2.369133	0.075900	-0.846637	-0.213943	0.257672	0.232066	0.937950	0.478941	-0.873760	0.084611	0.839179	0.427421	-0.336290
01649	9.927273	1.108545	-2.624345	0.032082	-0.872451	-0.214137	0.263925	0.237697	0.934796	0.479776	-0.873111	0.086555	0.836755	0.425649	-0.344477
01650	9.697226	1.018924	-2.973492	0.029806	-0.887554	-0.212675	0.270294	0.243355	0.931515	0.480603	-0.872464	0.088473	0.834243	0.423775	-0.352779
01651	9.505456	1.002843	-3.389825	0.036161	-0.877125	-0.208287	0.276566	0.248919	0.928198	0.481483	-0.871788	0.090329	0.831676	0.421929	-0.360957
01652	9.276436	0.922860	-3.475596	0.039631	-0.871645	-0.182147	0.282901	0.254208	0.924849	0.482332	-0.871153	0.091909	0.829049	0.420083	-0.369063
01653	9.154762	0.738007	-3.674460	0.110135	-0.869634	-0.145624	0.289361	0.259162	0.921469	0.483669	-0.870308	0.092891	0.826035	0.418807	-0.377182
01654	9.235179	0.521525	-3.766766	0.115729	-0.894910	-0.104067	0.296211	0.263842	0.917958	0.484939	-0.869541	0.093443	0.822857	0.417475	-0.385515
01655	9.422429	0.175069	-3.930429	0.170590	-0.861947	-0.075419	0.302890	0.268130	0.914529	0.486576	-0.868619	0.093517	0.819452	0.416663	-0.393561
01656	9.334867	0.139620	-4.308651	0.252697	-0.790264	-0.054553	0.309060	0.271929	0.911338	0.488821	-0.867408	0.093048	0.815804	0.416723	-0.401005
01657	9.103061	0.265917	-4.585206	0.283585	-0.753066	-0.033012	0.314996	0.275392	0.908261	0.491242	-0.866124	0.092247	0.812071	0.417119	-0.408109
01658	9.124617	0.520267	-4.565814	0.297441	-0.728561	-0.000263	0.320872	0.278467	0.905261	0.493665	-0.864871	0.091062	0.808292	0.417677	-0.414982
01659	9.164142	0.742173	-4.573588	0.353528	-0.687854	0.039959	0.326584	0.281035	0.902420	0.496397	-0.863494	0.089267	0.804321	0.418806	-0.421509
01660	9.005935	0.825767	-4.684379	0.344366	-0.633741	0.082263	0.332054	0.283015	0.899802	0.498903	-0.862270	0.087100	0.800523	0.419991	-0.427517
01661	8.717923	1.059355	-4.800722	0.296914	-0.607141	0.115645	0.337451	0.284607	0.897288	0.500899	-0.861339	0.084827	0.797012	0.420825	-0.433219
01662	8.617417	1.254368	-4.750738	0.189574	-0.591501	0.141461	0.342840	0.285909	0.894828	0.501939	-0.860934	0.082769	0.794052	0.420772	-0.438671
01663	8.443184	1.244603	-4.956374	0.120361	-0.565411	0.175285	0.348172	0.286815	0.892476	0.502299	-0.860918	0.080716	0.791500	0.420187	-0.443815
01664	8.398861	1.370617	-5.161929	0.051144	-0.548312	0.197361	0.353472	0.287448	0.890186	0.502025	-0.861259	0.078765	0.789322	0.419054	-0.448737
01665	8.360362	1.419341	-5.196361	-0.036513	-0.525148	0.226275	0.358717	0.287732	0.887993	0.500943	-0.862052	0.076963	0.787641	0.417226	-0.453370
01666	8.188588	1.274816	-5.289213	-0.109796	-0.497286	0.254446	0.363878	0.287637	0.885922	0.499174	-0.863229	0.075242	0.786396	0.414850	-0.457691
01667	8.114187	1.185228	-5.151207	-0.130314	-0.476415	0.267315	0.368925	0.287337	0.883930	0.497182	-0.864526	0.073521	0.785305	0.412350	-0.461804
01668	8.209626	1.130027	-5.341540	-0.156703	-0.407356	0.266373	0.373419	0.286739	0.882235	0.494978	-0.865923	0.071931	0.784573	0.409827	-0.465281
01669	8.225602	1.177766	-5.056857	-0.156438	-0.297714	0.249547	0.376959	0.285833	0.881023	0.492827	-0.867266	0.070506	0.784235	0.407614	-0.467789
01670	8.215909	0.973695	-4.568449	-0.177321	-0.163392	0.227171	0.379332	0.284557	0.880417	0.490592	-0.868624	0.069372	0.784491	0.405610	-0.469098
01671	8.259988	0.338570	-4.100626	-0.134153	-0.004934	0.199789	0.380322	0.282881	0.880530	0.488792	-0.869723	0.068288	0.785135	0.404425	-0.469045
01672	8.546239	-0.526585	-3.912280	0.045297	0.172530	0.167966	0.379763	0.280754	0.881452	0.488525	-0.870002	0.066632	0.785572	0.405307	-0.467549
01673	8.851716	-1.350811	-3.767184	0.359155	0.361666	0.146957	0.377614	0.278042	0.883233	0.490801	-0.868939	0.063707	0.785189	0.409435	-0.464587
01674	9.183241	-1.850912	-3.667132	0.768607	0.571232	0.134799	0.373774	0.274542	0.885957	0.496338	-0.866122	0.058997	0.783544	0.417683	-0.460000
01675	9.414898	-1.730152	-3.508737	1.173880	0.783378	0.120427	0.368222	0.270218	0.889603	0.505085	-0.861465	0.052607	0.780577	0.429954	-0.453694
01676	9.528386	-0.969761	-3.316804	1.496708	0.990760	0.116549	0.361078	0.264912	0.894116	0.516327	-0.855215	0.044874	0.776549	0.445454	-0.445581
01677	9.471166	0.028543	-3.037701	1.605947	1.180169	0.104674	0.352456	0.258698	0.899361	0.528405	-0.848190	0.036899	0.772375	0.462222	-0.435647
01678	9.462294	0.993735	-2.976091	1.475014	1.342683	0.077892	0.342495	0.251758	0.905160	0.539517	-0.841444	0.029893	0.769167	0.478111	-0.424018
01679	9.391233	1.661140	-2.973400	1.142837	1.478863	0.044281	0.331339	0.244250	0.911349	0.548164	-0.836004	0.024761	0.767939	0.491365	-0.410889
01680	9.391892	1.707518	-3.035568	0.727794	1.607909	0.010467	0.319011	0.236211	0.917843	0.553736	-0.832408	0.021764	0.769161	0.501300	-0.396346
01681	9.442300	1.375784	-3.170984	0.360395	1.732759	-0.013068	0.305547	0.227605	0.924574	0.556567	-0.830549	0.020528	0.772576	0.508315	-0.380449
01682	9.349500	1.004553	-3.226603	0.104925	1.855625	-0.021921	0.291015	0.218338	0.931471	0.557457	-0.829955	0.020379	0.777529	0.513325	-0.363243
01683	9.406801	0.735619	-3.275532	-0.023699	1.974689	-0.013204	0.275494	0.208304	0.938463	0.557320	-0.830041	0.020632	0.783261	0.517340	-0.344764
01684	9.397021	0.771112	-3.332855	-0.062706	2.097702	0.013972	0.259051	0.197326	0.945492	0.556800	-0.830387	0.020748	0.789219	0.521075	-0.324984
01685	9.255801	0.840129	-3.199475	-0.076286	2.203586	0.044971	0.241808	0.185463	0.952435	0.556092	-0.830865	0.020608	0.795167	0.524658	-0.304044
01686	9.103718	0.958138	-3.092019	-0.090430	2.292203	0.081337	0.223937	0.172751	0.959171	0.555190	-0.831480	0.020134	0.801010	0.528013	-0.282109
01687	8.980313	0.922125	-3.021328	-0.107576	2.367735	0.108887	0.205471	0.159341	0.965605	0.554098	-0.832225	0.019425	0.806695	0.531049	-0.259289
01688	8.892070	0.856889	-2.994963	-0.110724	2.423159	0.131611	0.186558	0.145373	0.971629	0.552951	-0.833009	0.018463	0.812060	0.533819	-0.235789
01689	8.874301	0.734243	-3.053345	-0.099276	2.489369	0.162933	0.167144	0.130728	0.977227	0.551860	-0.833760	0.017146	0.817015	0.536427	-0.211502
01690	8.743326	0.740835	-2.993526	-0.084632	2.550019	0.190507	0.147275	0.115458	0.982334	0.550873	-0.834445	0.015488	0.821492	0.538860	-0.186495
01691	8.626237	0.853746	-2.974562	-0.088003	2.590932	0.215253	0.127086	0.099709	0.986867	0.549857	-0.835149	0.013571	0.825534	0.540911	-0.160961
01692	8.555728	1.110076	-2.814673	-0.114799	2.624604	0.240529	0.106663	0.083512	0.990782	0.548630	-0.835988	0.011402	0.829234	0.542356	-0.134986
01693	8.541321	1.326079	-2.744187	-0.223580	2.651264	0.257887	0.086004	0.067012	0.994039	0.546525	-0.837393	0.009167	0.833015	0.542478	-0.108642
01694	8.556315	1.374981	-2.775455	-0.350196	2.669542	0.281278	0.065217	0.050219	0.996607	0.543390	-0.839453	0.006741	0.836943	0.541107	-0.082036
01695	8.819658	1.418644	-2.988782	-0.479744	2.660134	0.315287	0.044572	0.033253	0.998453	0.539191	-0.842174	0.003979	0.841003	0.538180	-0.055467
01696	9.064727	1.417474	-2.893603	-0.587796	2.645049	0.358175	0.024167	0.016082	0.999579	0.534113	-0.845413	0.000689	0.845067	0.533872	-0.029020
01697	8.956157	1.310077	-2.327759	-0.674169	2.598111	0.400220	0.004253	-0.001063	0.999990	0.528343	-0.849025	-0.003150	0.849021	0.528351	-0.003049
01698	9.993129	0.722417	1.271888	-0.925118	2.437685	0.450710	-0.014165	-0.017652	0.999744	0.520487	-0.853835	-0.007701	0.853752	0.520245	0.021282
01699	8.750680	-0.758310	1.631022	-0.744982	1.954817	0.467759	-0.028500	-0.031710	0.999091	0.514209	-0.857573	-0.012550	0.857191	0.513384	0.040747
01700	8.129616	-0.507053	-0.070085	-0.601493	1.171625	0.378803	-0.036647	-0.040916	0.998490	0.509166	-0.860509	-0.016574	0.859888	0.507790	0.052368
01701	8.589215	-0.694485	-1.205641	-0.662149	0.396718	0.218007	-0.038992	-0.044751	0.998237	0.503539	-0.863762	-0.019054	0.863092	0.501908	0.056214
01702	7.053921	-1.298524	-3.258389	-0.531373	-0.357247	0.076576	-0.035545	-0.043597	0.998417	0.498972	-0.866386	-0.020068	0.865889	0.497469	0.052550
01703	7.535365	-0.695755	-2.084068	-0.308678	-1.045128	0.038848	-0.026320	-0.038699	0.998904	0.496303	-0.867906	-0.020547	0.867750	0.495218	0.042049
01704	10.804669	-0.818977	2.314522	-0.410806	-1.188799	-0.048373	-0.016255	-0.032379	0.999343	0.492722	-0.869953	-0.020172	0.870035	0.492070	0.030095
01705	12.834946	-1.698795	2.582052	-0.088405	-0.863973	-0.231582	-0.009902	-0.026067	0.999611	0.491917	-0.870459	-0.017826	0.870586	0.491550	0.021442
01706	11.399325	-0.957776	1.774805	0.210436	-0.544944	-0.220942	-0.006275	-0.021430	0.999751	0.493730	-0.869477	-0.015538	0.869593	0.493509	0.016036
01707	9.258873	-1.290634	1.120399	0.183472	-0.479320	-0.036273	-0.002316	-0.018700	0.999822	0.495319	-0.868580	-0.015098	0.868708	0.495196	0.011274
01708	8.689114	-2.127865	-0.889909	0.383249	-0.494078	0.129764	0.002591	-0.017340	0.999846	0.498644	-0.866653	-0.016322	0.866803	0.498610	0.006401
01709	8.943768	-0.445881	-1.538695	0.492728	-0.474864	0.150913	0.007430	-0.016225	0.999841	0.502898	-0.864163	-0.017761	0.864314	0.502950	0.001739
01710	9.346109	0.637606	-1.354847	0.216526	-0.432724	0.087249	0.011581	-0.014767	0.999824	0.504760	-0.863059	-0.018594	0.863182	0.504887	-0.002541
01711	9.620615	0.365334	-0.775017	-0.094540	-0.417715	-0.014590	0.015089	-0.012490	0.999808	0.503943	-0.863541	-0.018393	0.863605	0.504124	-0.006735
01712	10.259113	-0.076026	-0.430821	-0.176088	-0.424137	-0.088271	0.018283	-0.009562	0.999787	0.502437	-0.864438	-0.017455	0.864421	0.502649	-0.011000
01713	10.459091	-0.235806	-0.340646	-0.048386	-0.415854	-0.078869	0.021457	-0.006746	0.999747	0.502031	-0.864690	-0.016610	0.864583	0.502260	-0.015167
01714	10.242510	0.075149	-0.153765	0.168403	-0.427830	-0.042655	0.024914	-0.004194	0.999681	0.503497	-0.863846	-0.016172	0.863638	0.503739	-0.019410
01715	9.676049	0.032623	-0.318628	0.278022	-0.506790	-0.009407	0.029214	-0.001510	0.999572	0.505896	-0.862445	-0.016088	0.862100	0.506149	-0.024432
01716	9.648409	0.628430	-0.555564	0.504867	-0.599474	0.053085	0.034617	0.001111	0.999400	0.510225	-0.859879	-0.016717	0.859344	0.510497	-0.030334
01717	9.409438	1.653109	-0.341370	0.462073	-0.624448	0.116404	0.040546	0.003356	0.999172	0.514144	-0.857516	-0.017984	0.856745	0.514447	-0.036495
01718	9.464010	2.154755	-0.398016	0.294899	-0.666508	0.122349	0.046855	0.005776	0.998885	0.516615	-0.856000	-0.019283	0.854935	0.516943	-0.043092
01719	9.682748	2.045937	-0.783973	0.067605	-0.684816	0.160643	0.053511	0.007989	0.998535	0.517110	-0.855664	-0.020865	0.854244	0.517469	-0.049918
01720	9.644322	1.287517	-0.778820	-0.173076	-0.686628	0.198167	0.060374	0.009871	0.998127	0.515520	-0.856576	-0.022711	0.854748	0.515926	-0.056804
01721	9.933851	0.319954	-1.307003	-0.255567	-0.655627	0.209939	0.067034	0.011495	0.997684	0.513199	-0.857917	-0.024597	0.855648	0.513659	-0.063409
01722	10.004507	-0.166381	-2.275454	-0.246924	-0.607724	0.220133	0.073337	0.012751	0.997226	0.510933	-0.859209	-0.026588	0.856487	0.511465	-0.069527
01723	10.049776	-0.430023	-2.787032	-0.247064	-0.567697	0.216877	0.079281	0.013833	0.996756	0.508648	-0.860502	-0.028515	0.857316	0.509259	-0.075258
01724	10.201169	-0.648008	-2.829487	-0.307162	-0.529369	0.198221	0.084802	0.014845	0.996287	0.505853	-0.862090	-0.030211	0.858441	0.506537	-0.080616
01725	10.313550	-0.959874	-2.791066	-0.332313	-0.472238	0.165177	0.089668	0.015856	0.995846	0.502852	-0.863797	-0.031525	0.859709	0.503590	-0.085428
01726	10.344417	-1.158577	-3.029448	-0.278943	-0.391039	0.142234	0.093719	0.016622	0.995460	0.500326	-0.865221	-0.032657	0.860750	0.501115	-0.089404
01727	10.297932	-0.825551	-3.005286	-0.182367	-0.318711	0.134497	0.097114	0.017103	0.995126	0.498625	-0.866160	-0.033775	0.861360	0.499475	-0.092644
01728	10.118107	-0.537410	-2.836760	-0.155055	-0.237736	0.120464	0.099737	0.017276	0.994864	0.497174	-0.866953	-0.034788	0.861899	0.498090	-0.095056
01729	9.977665	-0.473861	-2.604281	-0.180714	-0.181027	0.100387	0.101778	0.017357	0.994656	0.495512	-0.867873	-0.035558	0.862617	0.496483	-0.096931
01730	9.950785	-0.537475	-2.326588	-0.154687	-0.137071	0.084211	0.103352	0.017337	0.994494	0.494095	-0.868654	-0.036205	0.863243	0.495116	-0.098343
01731	9.964045	-0.534438	-1.935642	-0.124255	-0.104603	0.068314	0.104575	0.017313	0.994366	0.492949	-0.869284	-0.036707	0.863751	0.494010	-0.099440
01732	9.757096	-0.100288	-1.393208	-0.064090	-0.070365	0.075035	0.105527	0.017039	0.994270	0.492320	-0.869613	-0.037350	0.863994	0.493440	-0.100157
01733	9.527738	0.019200	-0.666617	-0.119622	-0.080587	0.083557	0.106619	0.016762	0.994159	0.491195	-0.870220	-0.038006	0.864500	0.492378	-0.101015
01734	9.500058	-0.105175	-0.104287	-0.127256	-0.078617	0.093688	0.107733	0.016365	0.994045	0.489998	-0.870861	-0.038768	0.865041	0.491257	-0.101839
01735	9.399105	-0.219218	0.171169	-0.098904	-0.087551	0.119789	0.109060	0.015804	0.993910	0.489010	-0.871370	-0.039803	0.865433	0.490373	-0.102760
01736	9.363796	-0.235842	0.388295	-0.102732	-0.129766	0.129317	0.110790	0.015344	0.993725	0.487982	-0.871893	-0.040942	0.865794	0.489457	-0.104084
01737	9.431290	-0.282158	0.456387	-0.108193	-0.180801	0.134028	0.112990	0.015111	0.993481	0.486894	-0.872446	-0.042105	0.866122	0.488477	-0.105935
01738	9.431520	-0.242996	0.220696	-0.104407	-0.227149	0.137958	0.115604	0.015047	0.993181	0.485836	-0.872976	-0.043324	0.866371	0.487532	-0.108230
01739	9.341246	-0.229912	0.381628	-0.154598	-0.299308	0.139361	0.118854	0.015338	0.992793	0.484331	-0.873753	-0.044484	0.866774	0.486128	-0.111277
01740	9.525197	-0.222497	0.345714	-0.180786	-0.368990	0.140858	0.122709	0.015929	0.992315	0.482598	-0.874652	-0.045637	0.867203	0.484489	-0.115015
01741	9.657009	-0.405397	-0.379658	-0.182329	-0.379070	0.133693	0.126619	0.016643	0.991812	0.480849	-0.875559	-0.046695	0.867612	0.482825	-0.118866
01742	9.604079	-0.680472	-1.239391	-0.203809	-0.386605	0.130344	0.130575	0.017396	0.991286	0.478918	-0.876563	-0.047702	0.868095	0.480973	-0.122788
01743	9.620378	-0.954725	-1.974526	-0.225569	-0.370631	0.128213	0.134385	0.018100	0.990764	0.476789	-0.877671	-0.048636	0.868685	0.478921	-0.126576
01744	9.641030	-0.974258	-2.402077	-0.201049	-0.349389	0.114023	0.137938	0.018801	0.990262	0.474891	-0.878653	-0.049468	0.869167	0.477091	-0.130128
01745	9.763024	-0.801617	-2.331041	-0.203410	-0.340243	0.097147	0.141337	0.019617	0.989767	0.472987	-0.879643	-0.050108	0.869659	0.475229	-0.133604
01746	9.977957	-0.727980	-2.203999	-0.238240	-0.314964	0.078185	0.144421	0.020454	0.989305	0.470808	-0.880788	-0.050519	0.870335	0.473069	-0.136834
01747	9.988493	-0.900039	-2.253088	-0.263339	-0.281015	0.058087	0.147122	0.021318	0.988889	0.468430	-0.882046	-0.050676	0.871165	0.470681	-0.139755
01748	9.962024	-0.977412	-2.060932	-0.246177	-0.257749	0.050327	0.149579	0.022116	0.988502	0.466215	-0.883212	-0.050787	0.871934	0.468452	-0.142421
01749	9.859906	-0.930827	-1.966375	-0.203162	-0.235046	0.049272	0.151841	0.022830	0.988141	0.464369	-0.884176	-0.050929	0.872528	0.466596	-0.144856
01750	9.828780	-0.920477	-1.790141	-0.212724	-0.225000	0.029034	0.153915	0.023653	0.987801	0.462474	-0.885173	-0.050865	0.873171	0.464661	-0.147180
01751	9.813077	-1.065029	-1.601194	-0.247258	-0.226611	-0.003854	0.155860	0.024787	0.987468	0.460320	-0.886321	-0.050408	0.873964	0.462408	-0.149552
01752	9.760545	-1.428672	-1.641948	-0.268507	-0.219937	-0.038123	0.157584	0.026172	0.987159	0.458038	-0.887549	-0.049587	0.874854	0.459970	-0.151851
01753	9.669808	-1.554178	-1.636277	-0.229662	-0.215393	-0.067793	0.159143	0.027812	0.986864	0.456136	-0.888587	-0.048515	0.875565	0.457865	-0.154098
01754	9.599746	-1.336515	-1.546704	-0.189675	-0.217973	-0.090171	0.160618	0.029642	0.986572	0.454624	-0.889427	-0.047292	0.876081	0.456115	-0.156333
01755	9.602745	-1.238126	-1.548891	-0.196966	-0.211667	-0.118955	0.161917	0.031712	0.986295	0.453091	-0.890289	-0.045758	0.876636	0.454290	-0.158522
01756	9.602922	-1.214762	-1.630708	-0.192336	-0.207718	-0.145833	0.163055	0.033985	0.986031	0.451647	-0.891112	-0.043973	0.877170	0.452509	-0.160650
01757	9.587622	-1.171625	-1.720410	-0.195409	-0.204666	-0.172762	0.164057	0.036497	0.985775	0.450217	-0.891935	-0.041905	0.877719	0.450687	-0.162760
01758	9.669916	-1.092840	-1.851970	-0.158362	-0.185842	-0.191565	0.164803	0.039075	0.985552	0.449148	-0.892574	-0.039718	0.878127	0.449204	-0.164650
01759	9.494259	-0.839215	-1.643575	-0.142578	-0.184810	-0.210864	0.165466	0.041833	0.985328	0.448245	-0.893130	-0.037355	0.878463	0.447849	-0.166534
01760	9.515373	-0.847413	-1.404930	-0.165168	-0.190859	-0.233304	0.166075	0.044803	0.985095	0.447187	-0.893766	-0.034741	0.878888	0.446291	-0.168468
01761	9.473081	-0.914080	-1.166993	-0.159474	-0.207181	-0.253269	0.166751	0.048037	0.984828	0.446208	-0.894360	-0.031928	0.879257	0.444762	-0.170570
01762	9.519383	-0.827249	-1.078975	-0.140553	-0.224700	-0.265965	0.167517	0.051447	0.984526	0.445423	-0.894850	-0.029028	0.879509	0.443393	-0.172818
01763	9.324662	-0.759246	-0.928146	-0.149847	-0.237955	-0.272539	0.168384	0.054984	0.984187	0.444565	-0.895368	-0.026038	0.879778	0.441919	-0.175210
01764	9.264381	-0.828962	-0.435082	-0.178540	-0.292681	-0.295053	0.169625	0.058951	0.983744	0.443498	-0.895986	-0.022780	0.880078	0.440153	-0.178126
01765	9.222818	-1.059600	0.210033	-0.177244	-0.369240	-0.323417	0.171428	0.063515	0.983147	0.442493	-0.896566	-0.019234	0.880235	0.438333	-0.181801
01766	9.304820	-1.287236	0.687457	-0.127226	-0.445705	-0.352432	0.173768	0.068659	0.982390	0.441988	-0.896887	-0.015497	0.880029	0.436897	-0.186197
01767	9.186192	-1.542701	1.061736	-0.070107	-0.538476	-0.385494	0.176784	0.074508	0.981425	0.442050	-0.896916	-0.011535	0.879397	0.435878	-0.191497
01768	9.502767	-1.640722	0.764188	0.073980	-0.625765	-0.419854	0.180400	0.081033	0.980250	0.443457	-0.896264	-0.007521	0.877953	0.436055	-0.197621
01769	9.426234	-0.619757	0.423791	0.231549	-0.701148	-0.422614	0.184649	0.087919	0.978864	0.446263	-0.894894	-0.003804	0.875645	0.437534	-0.204476
01770	9.383739	0.256935	-0.349703	0.210256	-0.767467	-0.426967	0.189425	0.095133	0.977276	0.448908	-0.893578	-0.000026	0.873270	0.438711	-0.211972
01771	9.280531	0.597732	-1.496122	0.094199	-0.803381	-0.445824	0.194407	0.102677	0.975532	0.450591	-0.892721	0.004166	0.871306	0.438756	-0.219816
01772	9.263962	0.565859	-2.156914	-0.029736	-0.839924	-0.457773	0.199630	0.110476	0.973624	0.451241	-0.892359	0.008733	0.869787	0.437596	-0.227993
01773	9.375886	0.345597	-1.978306	-0.172532	-0.890985	-0.472012	0.205225	0.118613	0.971501	0.450703	-0.892568	0.013767	0.868763	0.435033	-0.236637
01774	9.658401	-0.121780	-1.500205	-0.246634	-0.945831	-0.488140	0.211217	0.127103	0.969140	0.449586	-0.893032	0.019138	0.867906	0.431669	-0.245767
01775	9.711509	0.257710	-1.146303	-0.187719	-0.977043	-0.476001	0.217530	0.135595	0.966589	0.448985	-0.893210	0.024258	0.866657	0.428707	-0.255179
01776	9.539422	0.652538	-1.248836	-0.209687	-1.009031	-0.451190	0.224220	0.143967	0.963846	0.448174	-0.893470	0.029197	0.865370	0.425424	-0.264856
01777	9.530421	0.338768	-1.521044	-0.297444	-1.049710	-0.443100	0.231292	0.152408	0.960872	0.446618	-0.894067	0.034306	0.864313	0.421208	-0.274859
01778	9.658772	-0.113975	-1.986461	-0.250484	-1.085609	-0.449650	0.238638	0.161014	0.957667	0.445520	-0.894406	0.039360	0.862881	0.417267	-0.285174
01779	9.882371	-0.215022	-2.225588	-0.205389	-1.117723	-0.447689	0.246255	0.169697	0.954233	0.444843	-0.894513	0.044278	0.861088	0.413580	-0.295767
01780	10.182735	-0.262202	-2.584910	-0.148499	-1.097276	-0.460943	0.253618	0.178374	0.950716	0.444728	-0.894316	0.049154	0.859008	0.410343	-0.306143
01781	10.514110	-0.157901	-3.540897	-0.102505	-1.057630	-0.452763	0.260652	0.186782	0.947192	0.445022	-0.893902	0.053810	0.856747	0.407495	-0.316120
01782	10.651636	1.169240	-5.409110	0.057911	-0.921470	-0.461700	0.266452	0.194689	0.943981	0.446744	-0.892778	0.058029	0.854063	0.406256	-0.324859
01783	9.717781	1.708544	-6.396631	-0.136367	-0.812480	-0.447644	0.271361	0.202009	0.941040	0.446793	-0.892435	0.062736	0.852490	0.403426	-0.332428
01784	9.487347	1.447942	-6.081989	-0.333878	-0.784972	-0.436077	0.276082	0.209084	0.938117	0.445152	-0.892870	0.067993	0.851832	0.398833	-0.339579
01785	10.186047	1.126925	-5.645832	-0.442976	-0.711385	-0.455614	0.280098	0.216009	0.935353	0.442655	-0.893648	0.073821	0.851822	0.393362	-0.345926
01786	10.605000	0.971497	-5.195348	-0.503649	-0.625562	-0.486966	0.283256	0.222838	0.932796	0.439746	-0.894537	0.080163	0.852285	0.387487	-0.351375
01787	10.671144	0.860221	-4.677647	-0.482484	-0.568058	-0.496907	0.285901	0.229509	0.930369	0.437056	-0.895261	0.086541	0.852785	0.381882	-0.356264
01788	10.582458	1.026331	-3.952555	-0.445465	-0.543742	-0.485484	0.288400	0.235952	0.927983	0.434662	-0.895812	0.092687	0.853167	0.376628	-0.360911
01789	10.639310	1.157237	-3.226231	-0.454336	-0.541001	-0.473429	0.290945	0.242256	0.925561	0.432166	-0.896369	0.098766	0.853571	0.371260	-0.365489
01790	10.540229	1.002994	-2.299369	-0.473165	-0.569625	-0.448546	0.293853	0.248410	0.923007	0.429449	-0.897003	0.104690	0.853946	0.365621	-0.370266
01791	10.652024	0.572523	-1.710438	-0.340648	-0.652468	-0.395516	0.297708	0.254366	0.920146	0.427720	-0.897236	0.109647	0.853478	0.360922	-0.375912
01792	10.741660	0.336074	-1.112294	-0.265396	-0.763708	-0.348569	0.302710	0.260267	0.916858	0.426515	-0.897281	0.113892	0.852322	0.356577	-0.382624
01793	10.547405	0.180101	-0.397427	-0.186579	-0.808922	-0.322214	0.308201	0.266063	0.913358	0.425921	-0.897085	0.117601	0.850649	0.352773	-0.389805
01794	9.983600	0.338439	-0.447254	-0.089336	-0.838237	-0.290193	0.314063	0.271644	0.909711	0.426077	-0.896608	0.120635	0.848424	0.349720	-0.397333
01795	9.799656	0.679325	-0.634643	-0.109092	-0.853430	-0.238876	0.320251	0.276789	0.905995	0.425922	-0.896322	0.123280	0.846186	0.346403	-0.404938
01796	9.667181	0.999029	-0.860117	-0.171893	-0.914309	-0.165582	0.327250	0.281456	0.902048	0.425018	-0.896441	0.125516	0.843959	0.342311	-0.412984
01797	9.738138	1.224645	-1.067107	-0.248998	-0.971914	-0.097582	0.334998	0.285666	0.897870	0.423255	-0.896999	0.127471	0.841803	0.337325	-0.421403
01798	9.747607	1.488275	-1.284714	-0.371594	-1.024067	-0.003013	0.343574	0.289149	0.893504	0.420153	-0.898221	0.129116	0.839898	0.331048	-0.430092
01799	9.826693	1.619061	-1.656759	-0.500014	-1.064547	0.096690	0.352878	0.291794	0.889007	0.415634	-0.900126	0.130464	0.838287	0.323463	-0.438915
01800	9.901811	1.678825	-1.918358	-0.649011	-1.111731	0.185739	0.362935	0.293700	0.884318	0.409547	-0.902728	0.131731	0.836989	0.314360	-0.447915
01801	9.918881	1.709722	-2.129207	-0.770551	-1.164446	0.251090	0.373659	0.295060	0.879385	0.402191	-0.905838	0.133041	0.835836	0.303969	-0.457145
01802	9.964050	1.744405	-2.277503	-0.865254	-1.213289	0.303702	0.384980	0.295957	0.874185	0.393826	-0.909305	0.134410	0.834680	0.292532	-0.466620
01803	9.749846	1.600208	-2.545662	-0.951583	-1.271196	0.343415	0.396883	0.296498	0.868662	0.384561	-0.913035	0.135942	0.833425	0.280101	-0.476389
01804	9.817844	1.712565	-3.041059	-0.986822	-1.301595	0.382767	0.409153	0.296593	0.862917	0.374817	-0.916859	0.137413	0.831929	0.267213	-0.486304
01805	9.853131	1.729262	-3.850589	-1.029354	-1.266567	0.413427	0.421172	0.296126	0.857277	0.364560	-0.920755	0.138948	0.830488	0.254007	-0.495752
01806	9.683914	2.137450	-4.342469	-1.037554	-1.216453	0.433884	0.432805	0.295167	0.851796	0.354114	-0.924593	0.140465	0.829025	0.240839	-0.504691
01807	9.418493	2.444600	-4.910119	-1.049539	-1.118977	0.451087	0.443610	0.293642	0.846750	0.343459	-0.928369	0.142009	0.827796	0.227827	-0.512687
01808	8.926246	2.583974	-5.261077	-1.075193	-1.019648	0.462312	0.453589	0.291634	0.842144	0.332507	-0.932090	0.143690	0.826859	0.214842	-0.519756
01809	8.585571	1.763539	-5.338854	-1.110665	-0.926043	0.448515	0.462672	0.289407	0.837961	0.321288	-0.935696	0.145766	0.826262	0.201785	-0.525903
01810	8.604524	-0.692468	-5.795590	-0.890867	-0.775619	0.396019	0.470313	0.287256	0.834440	0.312101	-0.938577	0.147196	0.825468	0.191201	-0.531078
01811	8.577062	-2.773268	-5.537101	-0.235966	-0.564983	0.372361	0.476090	0.284860	0.831981	0.308411	-0.940077	0.145387	0.823542	0.187375	-0.535416
01812	8.945776	-3.625162	-5.170869	0.687872	-0.290291	0.422600	0.479769	0.281476	0.831019	0.312063	-0.939954	0.138212	0.820023	0.193020	-0.538799
01813	8.767966	-2.941754	-4.711280	1.661197	0.040708	0.479039	0.480923	0.276925	0.831881	0.323362	-0.937944	0.125292	0.814954	0.208743	-0.540625
01814	8.695987	-1.064508	-4.393621	2.273460	0.359874	0.508616	0.479667	0.271408	0.834420	0.339400	-0.934329	0.108801	0.809152	0.231014	-0.540282
01815	8.423230	0.655888	-4.186976	2.367581	0.640348	0.515792	0.476258	0.265070	0.838401	0.356053	-0.929950	0.091756	0.803993	0.254816	-0.537275
01816	8.355623	1.984541	-3.793882	2.093653	0.878912	0.491754	0.470973	0.258207	0.843513	0.370540	-0.925664	0.076464	0.800552	0.276543	-0.531639
01817	8.600072	2.582089	-3.681507	1.575613	1.080249	0.437556	0.463935	0.251108	0.849535	0.381123	-0.922273	0.064475	0.799693	0.293866	-0.523578
01818	8.820025	2.578812	-3.833259	1.005496	1.292861	0.363248	0.454957	0.243916	0.856457	0.387524	-0.920145	0.056198	0.801772	0.306330	-0.513150
01819	8.840088	2.287916	-3.942144	0.489883	1.499140	0.283979	0.443963	0.236676	0.864223	0.390208	-0.919296	0.051304	0.806619	0.314450	-0.500487
01820	8.627357	1.717229	-3.917778	0.082672	1.695053	0.214697	0.431047	0.229367	0.872691	0.389955	-0.919526	0.049066	0.813716	0.319161	-0.485801
01821	8.510275	1.076673	-3.981893	-0.143622	1.893803	0.156307	0.416119	0.221882	0.881824	0.388137	-0.920329	0.048415	0.822310	0.322123	-0.469087
01822	8.559340	0.515113	-3.960840	-0.170328	2.079072	0.118391	0.399364	0.214098	0.891443	0.386262	-0.921130	0.048184	0.831451	0.325088	-0.450564
01823	8.660411	0.353559	-4.058697	-0.056036	2.259109	0.093958	0.380795	0.205866	0.901451	0.385445	-0.921501	0.047623	0.840492	0.329325	-0.430253
01824	8.606894	0.553274	-3.822368	0.096341	2.416164	0.068137	0.360625	0.197246	0.911616	0.386020	-0.921311	0.046638	0.849081	0.335083	-0.408388
01825	8.683424	0.705302	-3.620456	0.255381	2.551462	0.024520	0.338908	0.188402	0.921763	0.388129	-0.920484	0.045436	0.857028	0.342365	-0.385084
01826	8.755519	0.845431	-3.440805	0.423527	2.667156	-0.020644	0.315852	0.179377	0.931698	0.391855	-0.918970	0.044086	0.864111	0.351166	-0.360548
01827	8.871984	0.903316	-3.340118	0.595768	2.770619	-0.055682	0.291559	0.170040	0.941318	0.397204	-0.916742	0.042573	0.870185	0.361483	-0.334825
01828	9.026806	0.987854	-3.259038	0.769191	2.862366	-0.084438	0.266218	0.160331	0.950485	0.404163	-0.913770	0.040937	0.875088	0.373253	-0.308062
01829	9.138727	1.285055	-3.128040	0.912397	2.960226	-0.091080	0.239837	0.149945	0.959164	0.412408	-0.910157	0.039162	0.878862	0.386174	-0.280127
