// General information: 
//  MT Manager version: 2022.2.0 
//  XDA version: 2022.2.0 build 7381 rev 124627 built on 2023-07-19
// Device information: 
//  DeviceId: 00B4CBA7
//  ProductCode: MTW2-3A7G6
//  Firmware Version: 4.6.0
//  Hardware Version: 2.0.0
// Device settings: 
//  Filter Profile: human(46.1)
//  Option Flags: Orientation Smoother Disabled, Position/Velocity Smoother Disabled, Continuous Zero Rotation Update Disabled, AHS Disabled, ICC Disabled
// Coordinate system: ENU
PacketCounter	Acc_X	Acc_Y	Acc_Z	Gyr_X	Gyr_Y	Gyr_Z	Mat[1][1]	Mat[2][1]	Mat[3][1]	Mat[1][2]	Mat[2][2]	Mat[3][2]	Mat[1][3]	Mat[2][3]	Mat[3][3]
00728	9.630421	-0.574375	-1.548745	-0.006789	-0.005483	0.003534	-0.160260	-0.044690	0.986063	-0.607288	0.791996	-0.062805	-0.778151	-0.608889	-0.154065
00729	9.663505	-0.616824	-1.558577	-0.006630	-0.009969	0.000263	-0.160309	-0.044772	0.986051	-0.607244	0.792032	-0.062761	-0.778174	-0.608835	-0.154157
00730	9.621372	-0.651220	-1.553022	0.002898	-0.010582	0.002402	-0.160302	-0.044813	0.986050	-0.607192	0.792076	-0.062714	-0.778216	-0.608775	-0.154182
00731	9.634921	-0.621220	-1.579910	0.010453	-0.008273	0.003300	-0.160356	-0.044861	0.986039	-0.607277	0.792010	-0.062726	-0.778139	-0.608858	-0.154247
00732	9.663022	-0.617548	-1.561280	0.007128	-0.010002	-0.001071	-0.160232	-0.044935	0.986056	-0.607301	0.792002	-0.062593	-0.778146	-0.608862	-0.154193
00733	9.620930	-0.651877	-1.555485	0.014530	-0.007650	-0.001700	-0.160250	-0.045019	0.986049	-0.607426	0.791909	-0.062561	-0.778045	-0.608977	-0.154249
00734	9.625719	-0.675762	-1.558389	0.019065	-0.007153	-0.002121	-0.160212	-0.045075	0.986053	-0.607520	0.791840	-0.062512	-0.777979	-0.609063	-0.154246
00735	9.629624	-0.620309	-1.606494	0.021780	-0.005257	-0.003856	-0.160198	-0.045161	0.986051	-0.607705	0.791702	-0.062471	-0.777838	-0.609236	-0.154274
00736	9.634339	-0.599075	-1.556760	0.015580	-0.004397	-0.003222	-0.160227	-0.045206	0.986044	-0.607775	0.791648	-0.062467	-0.777777	-0.609302	-0.154319
00737	9.661578	-0.493341	-1.556752	0.007866	-0.002219	-0.000848	-0.160208	-0.045250	0.986046	-0.607846	0.791596	-0.062434	-0.777725	-0.609366	-0.154325
00738	9.629288	-0.530165	-1.502359	-0.009530	0.002095	-0.000538	-0.160131	-0.045342	0.986054	-0.607791	0.791649	-0.062300	-0.777784	-0.609291	-0.154326
00739	9.615629	-0.560235	-1.476141	-0.017395	0.002831	-0.001289	-0.160070	-0.045358	0.986063	-0.607666	0.791751	-0.062224	-0.777894	-0.609158	-0.154298
00740	9.658441	-0.582585	-1.411273	-0.010273	-0.002725	0.002438	-0.160085	-0.045379	0.986060	-0.607629	0.791781	-0.062209	-0.777920	-0.609118	-0.154326
00741	9.663141	-0.561279	-1.361734	-0.002555	-0.007866	-0.003134	-0.160096	-0.045475	0.986053	-0.607623	0.791791	-0.062137	-0.777923	-0.609097	-0.154394
00742	9.663065	-0.583653	-1.388926	-0.001633	-0.012561	0.001227	-0.160171	-0.045513	0.986039	-0.607582	0.791822	-0.062146	-0.777940	-0.609053	-0.154480
00743	9.705017	-0.616885	-1.475263	0.007282	-0.011526	-0.001144	-0.160222	-0.045616	0.986026	-0.607648	0.791774	-0.062109	-0.777877	-0.609109	-0.154579
00744	9.680575	-0.588067	-1.569652	0.012430	-0.012676	0.002939	-0.160325	-0.045695	0.986006	-0.607716	0.791721	-0.062124	-0.777803	-0.609172	-0.154702
00745	9.647359	-0.636103	-1.666431	0.012122	-0.011112	0.001486	-0.160389	-0.045774	0.985992	-0.607816	0.791644	-0.062120	-0.777711	-0.609265	-0.154794
00746	9.622908	-0.584881	-1.734164	0.018908	-0.004148	-0.000456	-0.160310	-0.045874	0.986000	-0.607952	0.791548	-0.062018	-0.777621	-0.609383	-0.154782
00747	9.622836	-0.562581	-1.708064	0.016780	0.000298	-0.001624	-0.160267	-0.045909	0.986006	-0.608094	0.791441	-0.061991	-0.777519	-0.609519	-0.154759
00748	9.599414	-0.568089	-1.703502	0.014063	-0.000115	0.001710	-0.160214	-0.045929	0.986013	-0.608211	0.791353	-0.061964	-0.777438	-0.609632	-0.154720
00749	9.609141	-0.571114	-1.655367	0.021156	0.005283	0.001221	-0.160148	-0.045911	0.986025	-0.608382	0.791221	-0.061972	-0.777318	-0.609805	-0.154644
00750	9.618840	-0.529022	-1.554503	0.016160	0.007874	0.000261	-0.160055	-0.045888	0.986041	-0.608481	0.791146	-0.061951	-0.777260	-0.609903	-0.154549
00751	9.638428	-0.579488	-1.510412	0.016160	0.007874	0.000261	-0.159963	-0.045862	0.986057	-0.608615	0.791044	-0.061941	-0.777174	-0.610037	-0.154450
00752	9.615120	-0.585224	-1.505014	0.017976	0.009442	0.004770	-0.159865	-0.045765	0.986077	-0.608683	0.790990	-0.061970	-0.777141	-0.610115	-0.154308
00753	9.662007	-0.552851	-1.486963	0.012086	0.005773	0.003665	-0.159811	-0.045725	0.986088	-0.608779	0.790914	-0.061987	-0.777077	-0.610216	-0.154233
00754	9.648385	-0.583531	-1.460237	0.002558	0.006385	0.001530	-0.159758	-0.045706	0.986097	-0.608778	0.790917	-0.061969	-0.777089	-0.610214	-0.154180
00755	9.615360	-0.586541	-1.502966	-0.000160	0.005974	0.004864	-0.159710	-0.045655	0.986108	-0.608777	0.790917	-0.061980	-0.777099	-0.610218	-0.154111
00756	9.667184	-0.600360	-1.513424	-0.000468	0.009021	0.005007	-0.159655	-0.045597	0.986119	-0.608780	0.790913	-0.061992	-0.777108	-0.610227	-0.154031
00757	9.647849	-0.550556	-1.555903	-0.009690	0.008069	0.004326	-0.159587	-0.045537	0.986133	-0.608706	0.790971	-0.061982	-0.777180	-0.610157	-0.153947
00758	9.639125	-0.604869	-1.531386	-0.014376	0.007614	0.003222	-0.159522	-0.045488	0.986146	-0.608559	0.791086	-0.061952	-0.777308	-0.610011	-0.153878
00759	9.662653	-0.599738	-1.535166	-0.011354	0.007944	0.002940	-0.159447	-0.045440	0.986160	-0.608474	0.791154	-0.061926	-0.777390	-0.609927	-0.153796
00760	9.662744	-0.599988	-1.534494	-0.014072	0.007533	0.006274	-0.159371	-0.045432	0.986173	-0.608321	0.791277	-0.061854	-0.777526	-0.609768	-0.153744
00761	9.667602	-0.578865	-1.483789	-0.006970	0.006998	-0.000606	-0.159281	-0.045418	0.986188	-0.608276	0.791316	-0.061800	-0.777579	-0.609718	-0.153669
00762	9.644278	-0.584252	-1.478592	-0.000469	0.009019	0.005009	-0.159298	-0.045332	0.986189	-0.608297	0.791293	-0.061884	-0.777560	-0.609754	-0.153627
00763	9.662989	-0.577906	-1.506206	-0.000769	0.006135	-0.001239	-0.159211	-0.045329	0.986203	-0.608301	0.791294	-0.061833	-0.777574	-0.609753	-0.153556
00764	9.649282	-0.585660	-1.453440	0.001049	0.004736	0.000075	-0.159167	-0.045344	0.986210	-0.608321	0.791282	-0.061797	-0.777568	-0.609768	-0.153530
00765	9.649330	-0.585830	-1.453053	0.001507	0.003131	0.003056	-0.159130	-0.045325	0.986217	-0.608336	0.791271	-0.061792	-0.777564	-0.609784	-0.153487
00766	9.607373	-0.620338	-1.446201	0.001509	0.001648	0.001458	-0.159085	-0.045322	0.986224	-0.608338	0.791271	-0.061766	-0.777571	-0.609784	-0.153450
00767	9.611389	-0.565130	-1.493908	-0.001053	-0.001770	0.003121	-0.159086	-0.045332	0.986223	-0.608333	0.791276	-0.061758	-0.777575	-0.609777	-0.153458
00768	9.611416	-0.587926	-1.520216	-0.005742	-0.000742	0.003614	-0.159052	-0.045339	0.986229	-0.608270	0.791327	-0.061719	-0.777631	-0.609710	-0.153441
00769	9.629999	-0.581441	-1.548730	-0.006044	-0.002143	-0.001037	-0.159031	-0.045384	0.986230	-0.608233	0.791360	-0.061662	-0.777664	-0.609664	-0.153455
00770	9.634796	-0.582702	-1.524978	-0.002871	-0.000371	0.001807	-0.159029	-0.045392	0.986230	-0.608150	0.791425	-0.061638	-0.777729	-0.609578	-0.153465
00771	9.663185	-0.623963	-1.557719	0.002867	0.003337	0.001389	-0.158980	-0.045385	0.986238	-0.608178	0.791405	-0.061619	-0.777718	-0.609605	-0.153420
00772	9.643944	-0.618851	-1.653116	0.012094	-0.000162	-0.002720	-0.159020	-0.045379	0.986232	-0.608234	0.791359	-0.061659	-0.777666	-0.609665	-0.153443
00773	9.667367	-0.591060	-1.631074	0.016166	0.004904	-0.002926	-0.158933	-0.045396	0.986245	-0.608372	0.791256	-0.061618	-0.777575	-0.609797	-0.153375
00774	9.648874	-0.597560	-1.602005	0.017369	0.008116	-0.002924	-0.158824	-0.045361	0.986264	-0.608438	0.791208	-0.061590	-0.777546	-0.609863	-0.153263
00775	9.653845	-0.598742	-1.577193	0.011016	0.009020	-0.003818	-0.158700	-0.045360	0.986284	-0.608537	0.791136	-0.061533	-0.777494	-0.609956	-0.153157
00776	9.607094	-0.586464	-1.541092	0.009196	0.011901	-0.003535	-0.158580	-0.045381	0.986303	-0.608614	0.791083	-0.061456	-0.777458	-0.610024	-0.153070
00777	9.663761	-0.578518	-1.501011	0.012677	0.010627	-0.000834	-0.158462	-0.045347	0.986323	-0.608722	0.791002	-0.061430	-0.777398	-0.610131	-0.152947
00778	9.635463	-0.514689	-1.440905	-0.004713	0.011979	-0.003730	-0.158357	-0.045327	0.986341	-0.608664	0.791051	-0.061369	-0.777465	-0.610068	-0.152857
00779	9.645343	-0.539234	-1.418182	-0.021646	0.011726	-0.003646	-0.158212	-0.045308	0.986365	-0.608509	0.791179	-0.061262	-0.777615	-0.609905	-0.152744
00780	9.613191	-0.598152	-1.389178	-0.023751	0.006703	0.000999	-0.158139	-0.045261	0.986379	-0.608263	0.791372	-0.061206	-0.777822	-0.609657	-0.152678
00781	9.660131	-0.587319	-1.397676	-0.016033	0.003040	-0.002967	-0.158067	-0.045290	0.986389	-0.608151	0.791466	-0.061115	-0.777925	-0.609534	-0.152647
00782	9.650493	-0.561851	-1.419128	-0.017242	0.002793	0.000225	-0.157971	-0.045359	0.986401	-0.608012	0.791583	-0.060972	-0.778053	-0.609375	-0.152626
00783	9.674128	-0.601434	-1.475844	-0.013910	0.000077	-0.000198	-0.157938	-0.045384	0.986406	-0.607911	0.791665	-0.060911	-0.778138	-0.609267	-0.152624
00784	9.650776	-0.628954	-1.497750	-0.013755	-0.001447	-0.000270	-0.157884	-0.045381	0.986414	-0.607740	0.791802	-0.060847	-0.778283	-0.609090	-0.152593
00785	9.612861	-0.607643	-1.538890	-0.007867	0.002220	0.000842	-0.157841	-0.045385	0.986421	-0.607685	0.791847	-0.060806	-0.778335	-0.609031	-0.152566
00786	9.659830	-0.619508	-1.573908	-0.001660	-0.001607	-0.002985	-0.157771	-0.045483	0.986428	-0.607651	0.791883	-0.060676	-0.778375	-0.608977	-0.152574
00787	9.631424	-0.578210	-1.541062	0.005895	0.000703	-0.002085	-0.157722	-0.045519	0.986434	-0.607708	0.791843	-0.060627	-0.778341	-0.609026	-0.152553
00788	9.631449	-0.578105	-1.540948	0.007406	0.000868	-0.002224	-0.157649	-0.045530	0.986445	-0.607714	0.791843	-0.060574	-0.778351	-0.609026	-0.152502
00789	9.612743	-0.562039	-1.486347	0.013607	0.000006	-0.002855	-0.157600	-0.045576	0.986451	-0.607831	0.791756	-0.060529	-0.778269	-0.609135	-0.152484
00790	9.674010	-0.555463	-1.423429	0.019959	-0.000897	-0.001959	-0.157616	-0.045674	0.986444	-0.608019	0.791614	-0.060498	-0.778119	-0.609312	-0.152542
00791	9.607648	-0.493218	-1.431838	0.017093	-0.004234	-0.003349	-0.157598	-0.045750	0.986443	-0.608165	0.791505	-0.060453	-0.778009	-0.609447	-0.152563
00792	9.622259	-0.564714	-1.439043	0.014528	-0.006170	-0.000089	-0.157629	-0.045733	0.986439	-0.608185	0.791487	-0.060491	-0.777988	-0.609472	-0.152575
00793	9.636728	-0.613967	-1.420304	0.016652	-0.009132	0.002681	-0.157685	-0.045791	0.986427	-0.608317	0.791385	-0.060506	-0.777873	-0.609601	-0.152645
00794	9.626902	-0.589154	-1.442713	0.017708	-0.008846	-0.002038	-0.157719	-0.045878	0.986418	-0.608426	0.791303	-0.060478	-0.777780	-0.609701	-0.152717
00795	9.640382	-0.536495	-1.443688	0.018630	-0.015021	0.000730	-0.157809	-0.045988	0.986398	-0.608577	0.791187	-0.060477	-0.777644	-0.609843	-0.152843
00796	9.616942	-0.586921	-1.492661	0.009998	-0.009633	-0.002865	-0.157783	-0.046108	0.986397	-0.608645	0.791142	-0.060377	-0.777596	-0.609892	-0.152892
00797	9.649316	-0.595280	-1.600195	0.001077	-0.007698	0.002698	-0.157828	-0.046158	0.986387	-0.608656	0.791134	-0.060368	-0.777578	-0.609898	-0.152957
00798	9.654098	-0.619250	-1.603039	0.008175	-0.005268	-0.000985	-0.157770	-0.046204	0.986394	-0.608658	0.791139	-0.060294	-0.777589	-0.609889	-0.152940
00799	9.629741	-0.545322	-1.644421	0.007866	-0.002221	-0.000844	-0.157751	-0.046248	0.986395	-0.608727	0.791088	-0.060261	-0.777538	-0.609952	-0.152947
00800	9.644179	-0.549075	-1.572764	0.004382	0.000536	-0.001947	-0.157761	-0.046271	0.986393	-0.608759	0.791064	-0.060255	-0.777511	-0.609981	-0.152967
00801	9.630476	-0.579294	-1.546572	0.015117	0.000169	-0.003001	-0.157710	-0.046318	0.986399	-0.608888	0.790968	-0.060211	-0.777421	-0.610102	-0.152946
00802	9.616663	-0.587151	-1.494367	0.024953	-0.003490	-0.001003	-0.157747	-0.046392	0.986389	-0.609082	0.790819	-0.060213	-0.777261	-0.610290	-0.153006
00803	9.584376	-0.646571	-1.466198	0.035231	-0.003739	-0.006637	-0.157705	-0.046491	0.986391	-0.609373	0.790598	-0.060164	-0.777042	-0.610568	-0.153012
00804	9.626154	-0.567178	-1.420815	0.038712	-0.005011	-0.003936	-0.157750	-0.046578	0.986380	-0.609637	0.790393	-0.060175	-0.776825	-0.610826	-0.153080
00805	9.673017	-0.579538	-1.456212	0.034485	-0.007070	-0.002058	-0.157761	-0.046661	0.986374	-0.609915	0.790179	-0.060170	-0.776605	-0.611097	-0.153119
00806	9.710222	-0.589557	-1.539472	0.040530	-0.006410	-0.002622	-0.157809	-0.046818	0.986359	-0.610293	0.789889	-0.060149	-0.776298	-0.611460	-0.153224
00807	9.667156	-0.499872	-1.526446	0.034020	-0.002500	-0.001851	-0.157786	-0.046872	0.986360	-0.610567	0.789677	-0.060146	-0.776087	-0.611729	-0.153219
00808	9.662359	-0.521563	-1.576653	0.015884	-0.004482	-0.000160	-0.157749	-0.046958	0.986362	-0.610680	0.789595	-0.060075	-0.776006	-0.611829	-0.153235
00809	9.648605	-0.551957	-1.550709	0.010889	-0.001892	-0.001125	-0.157726	-0.047003	0.986364	-0.610773	0.789526	-0.060044	-0.775937	-0.611915	-0.153237
00810	9.625183	-0.557229	-1.546197	0.004379	0.002019	-0.000354	-0.157606	-0.047077	0.986379	-0.610806	0.789510	-0.059915	-0.775936	-0.611929	-0.153187
00811	9.600946	-0.505947	-1.613404	0.002870	0.000368	-0.001808	-0.157561	-0.047113	0.986385	-0.610838	0.789489	-0.059864	-0.775920	-0.611954	-0.153171
00812	9.633976	-0.480640	-1.543734	-0.009230	0.004991	0.005701	-0.157478	-0.047040	0.986402	-0.610688	0.789607	-0.059840	-0.776055	-0.611807	-0.153073
00813	9.704407	-0.487961	-1.582634	-0.020273	0.008406	0.006895	-0.157423	-0.046959	0.986414	-0.610527	0.789732	-0.059839	-0.776192	-0.611653	-0.152992
00814	9.694794	-0.463333	-1.603615	-0.027832	0.009066	0.009194	-0.157371	-0.046891	0.986426	-0.610293	0.789914	-0.059815	-0.776387	-0.611422	-0.152927
00815	9.619814	-0.478271	-1.613268	-0.038723	0.012443	0.011913	-0.157316	-0.046745	0.986441	-0.609981	0.790154	-0.059835	-0.776643	-0.611124	-0.152818
00816	9.629864	-0.549128	-1.642434	-0.031633	0.019323	0.013014	-0.157189	-0.046553	0.986471	-0.609675	0.790389	-0.059849	-0.776909	-0.610834	-0.152622
00817	9.615538	-0.501053	-1.660168	-0.014853	0.019613	0.011399	-0.157074	-0.046367	0.986498	-0.609549	0.790482	-0.059901	-0.777032	-0.610727	-0.152427
00818	9.653059	-0.466541	-1.688481	-0.024698	0.029211	0.015782	-0.156856	-0.046082	0.986546	-0.609268	0.790696	-0.059937	-0.777296	-0.610472	-0.152102
00819	9.621274	-0.549594	-1.683399	-0.029544	0.033247	0.017938	-0.156675	-0.045761	0.986589	-0.609017	0.790882	-0.060031	-0.777529	-0.610255	-0.151781
00820	9.635516	-0.520871	-1.706337	-0.021536	0.035435	0.023414	-0.156577	-0.045431	0.986620	-0.608839	0.791006	-0.060199	-0.777688	-0.610119	-0.151513
00821	9.650271	-0.503911	-1.604949	-0.022149	0.040044	0.022097	-0.156368	-0.045036	0.986672	-0.608640	0.791149	-0.060346	-0.777886	-0.609963	-0.151121
00822	9.678924	-0.479206	-1.555456	-0.020792	0.041730	0.022027	-0.156153	-0.044644	0.986723	-0.608386	0.791334	-0.060475	-0.778128	-0.609752	-0.150730
00823	9.628146	-0.501704	-1.442684	-0.017769	0.042058	0.021748	-0.155927	-0.044240	0.986777	-0.608220	0.791450	-0.060625	-0.778303	-0.609631	-0.150316
00824	9.629218	-0.582903	-1.393424	-0.013985	0.037734	0.024311	-0.155695	-0.043824	0.986833	-0.607973	0.791629	-0.060766	-0.778542	-0.609428	-0.149897
00825	9.615623	-0.592912	-1.337599	0.004459	0.038136	0.024109	-0.155513	-0.043425	0.986879	-0.607977	0.791610	-0.060973	-0.778576	-0.609481	-0.149508
00826	9.582651	-0.530504	-1.299315	0.013385	0.029692	0.027575	-0.155358	-0.043075	0.986919	-0.608000	0.791578	-0.061160	-0.778588	-0.609549	-0.149167
00827	9.587858	-0.579665	-1.324748	-0.002040	0.031103	0.029091	-0.155261	-0.042679	0.986951	-0.607946	0.791600	-0.061406	-0.778650	-0.609547	-0.148851
00828	9.607159	-0.643616	-1.428898	0.001901	0.022288	0.028393	-0.155267	-0.042333	0.986965	-0.607869	0.791638	-0.061674	-0.778709	-0.609522	-0.148648
00829	9.625955	-0.617248	-1.428747	0.005986	0.024381	0.024999	-0.155198	-0.042011	0.986990	-0.607884	0.791610	-0.061891	-0.778711	-0.609580	-0.148394
00830	9.668107	-0.551697	-1.530487	-0.004610	0.027689	0.030747	-0.155094	-0.041637	0.987022	-0.607739	0.791705	-0.062099	-0.778844	-0.609483	-0.148093
00831	9.687547	-0.615666	-1.634337	-0.026688	0.033069	0.031485	-0.154996	-0.041211	0.987055	-0.607489	0.791878	-0.062332	-0.779059	-0.609287	-0.147773
00832	9.772230	-0.550025	-1.643726	-0.016860	0.040339	0.029283	-0.154797	-0.040814	0.987103	-0.607320	0.791996	-0.062492	-0.779231	-0.609161	-0.147386
00833	9.744160	-0.454789	-1.678827	-0.028814	0.040481	0.033494	-0.154653	-0.040327	0.987145	-0.607050	0.792183	-0.062742	-0.779469	-0.608950	-0.146994
00834	9.688450	-0.499224	-1.616083	-0.042268	0.049929	0.032019	-0.154387	-0.039785	0.987209	-0.606594	0.792517	-0.062925	-0.779877	-0.608550	-0.146488
00835	9.637563	-0.567250	-1.555040	-0.044383	0.054377	0.030838	-0.154118	-0.039234	0.987273	-0.606207	0.792798	-0.063126	-0.780231	-0.608221	-0.145969
00836	9.619467	-0.655634	-1.476655	-0.018844	0.049177	0.034428	-0.153940	-0.038683	0.987323	-0.605959	0.792965	-0.063411	-0.780459	-0.608038	-0.145509
00837	9.530098	-0.533592	-1.397798	-0.016117	0.051063	0.032701	-0.153708	-0.038138	0.987380	-0.605789	0.793073	-0.063672	-0.780636	-0.607931	-0.145005
00838	9.563865	-0.680926	-1.382599	-0.014459	0.051180	0.034092	-0.153462	-0.037607	0.987439	-0.605598	0.793200	-0.063910	-0.780833	-0.607799	-0.144501
00839	9.564005	-0.638992	-1.325450	0.016248	0.048347	0.029605	-0.153232	-0.037103	0.987493	-0.605686	0.793111	-0.064187	-0.780810	-0.607947	-0.144003
00840	9.616363	-0.757228	-1.312160	0.030943	0.048599	0.022093	-0.152874	-0.036657	0.987566	-0.605811	0.793003	-0.064344	-0.780783	-0.608114	-0.143436
00841	9.598066	-0.788682	-1.305390	0.107936	0.039949	0.011607	-0.152600	-0.036346	0.987619	-0.606642	0.792348	-0.064575	-0.780191	-0.608986	-0.142962
00842	9.625856	-0.618112	-1.222458	0.129243	0.026751	0.010700	-0.152355	-0.036110	0.987666	-0.607529	0.791652	-0.064773	-0.779549	-0.609904	-0.142550
00843	9.621276	-0.495411	-1.236547	0.114690	0.024982	0.018127	-0.152239	-0.035839	0.987694	-0.608402	0.790957	-0.065076	-0.778891	-0.610822	-0.142219
00844	9.668440	-0.488531	-1.242552	0.080785	0.015131	0.023960	-0.152197	-0.035593	0.987709	-0.608940	0.790520	-0.065345	-0.778478	-0.611401	-0.141989
00845	9.687442	-0.587202	-1.249457	0.045993	0.011461	0.027014	-0.152240	-0.035334	0.987712	-0.609263	0.790247	-0.065638	-0.778217	-0.611769	-0.141835
00846	9.729689	-0.556491	-1.254612	0.026621	0.007829	0.030200	-0.152365	-0.035045	0.987703	-0.609347	0.790155	-0.065963	-0.778127	-0.611904	-0.141746
00847	9.781617	-0.494515	-1.310027	-0.013162	0.009752	0.035446	-0.152473	-0.034730	0.987697	-0.609197	0.790246	-0.066256	-0.778223	-0.611804	-0.141648
00848	9.688127	-0.483896	-1.390218	-0.071684	0.012901	0.039363	-0.152608	-0.034433	0.987687	-0.608649	0.790650	-0.066479	-0.778626	-0.611299	-0.141617
00849	9.693365	-0.702870	-1.476033	-0.097866	0.019226	0.046595	-0.152709	-0.033971	0.987687	-0.607822	0.791262	-0.066762	-0.779251	-0.610533	-0.141482
00850	9.656584	-0.503825	-1.581501	-0.088356	0.018566	0.048781	-0.152780	-0.033535	0.987691	-0.607066	0.791820	-0.067018	-0.779826	-0.609833	-0.141332
00851	9.604795	-0.470857	-1.543060	-0.121033	0.028831	0.056742	-0.152867	-0.032935	0.987698	-0.606042	0.792575	-0.067369	-0.780606	-0.608884	-0.141118
00852	9.609323	-0.600125	-1.523778	-0.105758	0.028877	0.055348	-0.152947	-0.032347	0.987705	-0.605086	0.793275	-0.067719	-0.781331	-0.608003	-0.140901
00853	9.527807	-0.640147	-1.309382	-0.057110	0.022876	0.058416	-0.153089	-0.031769	0.987702	-0.604556	0.793639	-0.068176	-0.781713	-0.607558	-0.140704
00854	9.630282	-0.707298	-1.231124	-0.002685	0.014618	0.054722	-0.153246	-0.031228	0.987694	-0.604314	0.793782	-0.068666	-0.781869	-0.607401	-0.140515
00855	9.596186	-0.681807	-1.097577	0.084536	0.000451	0.049387	-0.153509	-0.030858	0.987665	-0.604906	0.793282	-0.069234	-0.781361	-0.608072	-0.140442
00856	9.629013	-0.606139	-1.099123	0.116544	-0.011751	0.049115	-0.153869	-0.030548	0.987619	-0.605669	0.792646	-0.069844	-0.780698	-0.608917	-0.140465
00857	9.694396	-0.765489	-1.195152	0.123031	-0.015707	0.048374	-0.154252	-0.030286	0.987567	-0.606561	0.791909	-0.070456	-0.779930	-0.609887	-0.140524
00858	9.764516	-0.779886	-1.234521	0.122517	-0.019123	0.055991	-0.154657	-0.030004	0.987513	-0.607402	0.791208	-0.071087	-0.779195	-0.610811	-0.140590
00859	9.670298	-0.704919	-1.238578	0.106440	-0.022475	0.061944	-0.155176	-0.029676	0.987441	-0.608141	0.790574	-0.071809	-0.778514	-0.611647	-0.140726
00860	9.665846	-0.609118	-1.283629	0.079849	-0.018924	0.061398	-0.155726	-0.029387	0.987363	-0.608747	0.790045	-0.072497	-0.777931	-0.612344	-0.140920
00861	9.684242	-0.610026	-1.313226	0.058660	-0.019591	0.064839	-0.156241	-0.029019	0.987293	-0.609109	0.789703	-0.073181	-0.777544	-0.612802	-0.141060
00862	9.683562	-0.617124	-1.314922	0.048352	-0.022227	0.067224	-0.156791	-0.028688	0.987215	-0.609409	0.789410	-0.073847	-0.777199	-0.613196	-0.141255
00863	9.682811	-0.646967	-1.342979	0.053319	-0.026346	0.066626	-0.157370	-0.028349	0.987133	-0.609725	0.789100	-0.074542	-0.776834	-0.613610	-0.141465
00864	9.653992	-0.612393	-1.312901	0.053461	-0.026387	0.068148	-0.157915	-0.027969	0.987057	-0.609922	0.788883	-0.075225	-0.776568	-0.613907	-0.141635
00865	9.676569	-0.683339	-1.397470	0.048121	-0.028671	0.074716	-0.158561	-0.027580	0.986964	-0.610184	0.788607	-0.075992	-0.776231	-0.614279	-0.141871
00866	9.713586	-0.702085	-1.482378	0.074268	-0.032178	0.070656	-0.159184	-0.027260	0.986873	-0.610623	0.788196	-0.076722	-0.775758	-0.614820	-0.142113
00867	9.536491	-0.875501	-1.384562	0.122115	-0.030217	0.057078	-0.159734	-0.027021	0.986790	-0.611485	0.787459	-0.077420	-0.774965	-0.615774	-0.142307
00868	9.469646	-0.852452	-1.297972	0.177995	-0.040102	0.051597	-0.160275	-0.026892	0.986706	-0.612734	0.786421	-0.078095	-0.773866	-0.617105	-0.142521
00869	9.498201	-0.731970	-1.275643	0.190137	-0.049892	0.056306	-0.160973	-0.026782	0.986595	-0.614120	0.785260	-0.078883	-0.772622	-0.618586	-0.142853
00870	9.600779	-0.700160	-1.222564	0.161099	-0.049671	0.058986	-0.161703	-0.026647	0.986480	-0.615224	0.784317	-0.079661	-0.771590	-0.619788	-0.143220
00871	9.739315	-0.827146	-1.283337	0.122032	-0.055070	0.063982	-0.162489	-0.026511	0.986354	-0.616068	0.783576	-0.080428	-0.770751	-0.620730	-0.143655
00872	9.787339	-0.655426	-1.240314	0.122727	-0.061213	0.065265	-0.163283	-0.026423	0.986225	-0.616893	0.782851	-0.081161	-0.769923	-0.621648	-0.144126
00873	9.751365	-0.435148	-1.055538	0.020378	-0.058830	0.076451	-0.164175	-0.026214	0.986083	-0.616931	0.782743	-0.081905	-0.769703	-0.621792	-0.144679
00874	9.626068	-0.921457	-1.280470	-0.024186	-0.053929	0.082315	-0.164969	-0.025940	0.985958	-0.616568	0.782961	-0.082564	-0.769824	-0.621530	-0.145158
00875	9.673003	-0.855128	-1.491622	-0.001889	-0.061121	0.083079	-0.165919	-0.025693	0.985805	-0.616422	0.782993	-0.083341	-0.769737	-0.621500	-0.145751
00876	9.684034	-0.675951	-1.641536	-0.015478	-0.057941	0.089071	-0.166890	-0.025392	0.985648	-0.616147	0.783123	-0.084151	-0.769747	-0.621349	-0.146341
00877	9.636365	-0.638131	-1.710621	-0.024928	-0.049748	0.094821	-0.167824	-0.024983	0.985500	-0.615803	0.783300	-0.085010	-0.769819	-0.621141	-0.146842
00878	9.631100	-0.599973	-1.687900	-0.027944	-0.048545	0.096677	-0.168779	-0.024567	0.985348	-0.615425	0.783503	-0.085880	-0.769913	-0.620902	-0.147358
00879	9.707572	-0.712092	-1.786553	-0.021461	-0.037127	0.094856	-0.169615	-0.024079	0.985216	-0.615106	0.783659	-0.086744	-0.769984	-0.620725	-0.147732
00880	9.810268	-0.922211	-1.843374	0.013354	-0.021431	0.087385	-0.170358	-0.023614	0.985099	-0.615155	0.783525	-0.087600	-0.769781	-0.620912	-0.148006
00881	9.784564	-0.981569	-1.891635	0.077743	-0.010737	0.078477	-0.170891	-0.023090	0.985019	-0.615626	0.783059	-0.088449	-0.769286	-0.621518	-0.148033
00882	9.735940	-0.601618	-1.890635	0.071063	-0.000685	0.082487	-0.171336	-0.022466	0.984957	-0.615964	0.782697	-0.089296	-0.768917	-0.621997	-0.147942
00883	9.597763	-0.878460	-1.948169	0.026287	0.019888	0.084285	-0.171669	-0.021707	0.984915	-0.616028	0.782551	-0.090126	-0.768791	-0.622207	-0.147712
00884	9.487081	-0.989622	-1.828301	0.062112	0.030813	0.082721	-0.171943	-0.020913	0.984885	-0.616356	0.782192	-0.090996	-0.768466	-0.622686	-0.147383
00885	9.388804	-0.978528	-1.654767	0.114962	0.037163	0.077862	-0.172105	-0.020097	0.984874	-0.617112	0.781491	-0.091893	-0.767823	-0.623593	-0.146901
00886	9.363940	-0.852948	-1.515278	0.165302	0.037101	0.073060	-0.172150	-0.019310	0.984881	-0.618168	0.780555	-0.092748	-0.766963	-0.624789	-0.146309
00887	9.415762	-0.854709	-1.495321	0.191566	0.034795	0.072023	-0.172296	-0.018555	0.984870	-0.619519	0.779370	-0.093697	-0.765839	-0.626290	-0.145778
00888	9.521417	-0.599506	-1.477034	0.200467	0.024684	0.075507	-0.172546	-0.017825	0.984840	-0.620849	0.778191	-0.094689	-0.764705	-0.627775	-0.145340
00889	9.685702	-0.439927	-1.375561	0.093216	0.022569	0.094843	-0.172930	-0.016970	0.984788	-0.621404	0.777621	-0.095719	-0.764168	-0.628504	-0.145019
00890	9.723413	-0.767892	-1.341652	-0.051376	0.026914	0.099412	-0.173259	-0.016100	0.984745	-0.620870	0.777949	-0.096518	-0.764527	-0.628121	-0.144783
00891	9.698194	-1.132839	-1.272554	-0.120209	0.034566	0.110725	-0.173648	-0.015046	0.984693	-0.619765	0.778720	-0.097395	-0.765335	-0.627191	-0.144548
00892	9.607521	-1.308207	-1.234676	-0.118176	0.030078	0.111943	-0.174029	-0.014077	0.984640	-0.618735	0.779436	-0.098215	-0.766081	-0.626324	-0.144355
00893	9.576177	-1.241523	-1.323916	-0.065139	0.027168	0.100710	-0.174411	-0.013146	0.984585	-0.618068	0.779857	-0.099072	-0.766533	-0.625819	-0.144141
00894	9.571567	-1.077723	-1.314752	-0.026974	0.021373	0.092347	-0.174751	-0.012401	0.984535	-0.617811	0.779963	-0.099835	-0.766663	-0.625702	-0.143961
00895	9.547594	-1.215545	-1.288816	0.006791	0.015142	0.085929	-0.175133	-0.011660	0.984476	-0.617719	0.779931	-0.100651	-0.766649	-0.625757	-0.143794
00896	9.560210	-1.101686	-1.235503	0.073697	0.003844	0.083962	-0.175622	-0.011062	0.984395	-0.618202	0.779434	-0.101532	-0.766149	-0.626386	-0.143725
00897	9.591237	-1.006272	-1.236594	0.100052	-0.001599	0.081340	-0.176105	-0.010463	0.984316	-0.618832	0.778816	-0.102437	-0.765529	-0.627166	-0.143628
00898	9.575723	-1.036046	-1.333501	0.156199	-0.013837	0.078819	-0.176595	-0.009949	0.984233	-0.619820	0.777909	-0.103347	-0.764616	-0.628298	-0.143541
00899	9.633408	-0.609027	-1.428978	0.158697	-0.024440	0.079836	-0.177243	-0.009507	0.984121	-0.620899	0.776918	-0.104320	-0.763590	-0.629530	-0.143607
00900	9.711037	-0.669710	-1.595957	0.047190	-0.006045	0.087696	-0.177748	-0.008944	0.984035	-0.621169	0.776591	-0.105144	-0.763253	-0.629941	-0.143593
00901	9.515957	-1.217907	-1.775521	0.030785	0.012490	0.092772	-0.178195	-0.008169	0.983961	-0.621246	0.776405	-0.106061	-0.763086	-0.630181	-0.143427
00902	9.432020	-1.432634	-1.863554	0.122722	0.018710	0.078126	-0.178483	-0.007494	0.983915	-0.622045	0.775646	-0.106931	-0.762368	-0.631124	-0.143101
00903	9.468659	-1.456368	-1.941430	0.268420	0.014030	0.053543	-0.178676	-0.007016	0.983883	-0.624000	0.773952	-0.107801	-0.760722	-0.633205	-0.142664
00904	9.656816	-1.098528	-1.812403	0.370965	0.000989	0.037416	-0.178772	-0.006719	0.983868	-0.626662	0.771688	-0.108596	-0.758509	-0.635966	-0.142167
00905	9.715543	-0.913408	-1.590881	0.327635	0.003656	0.036887	-0.178942	-0.006436	0.983839	-0.629085	0.769602	-0.109384	-0.756460	-0.638492	-0.141763
00906	9.726657	-1.186003	-1.222766	0.151622	0.021867	0.044567	-0.179012	-0.006045	0.983828	-0.630231	0.768583	-0.109951	-0.755489	-0.639722	-0.141395
00907	9.532440	-1.651086	-1.043017	0.088730	0.021500	0.045861	-0.179105	-0.005579	0.983814	-0.630827	0.768017	-0.110488	-0.754970	-0.640405	-0.141075
00908	9.626037	-0.964032	-0.744978	0.050195	0.013995	0.038583	-0.179154	-0.005284	0.983807	-0.631225	0.767641	-0.110825	-0.754625	-0.640858	-0.140861
00909	9.814024	-1.185777	-0.734098	-0.060240	0.025708	0.018423	-0.179042	-0.005002	0.983829	-0.630745	0.768028	-0.110881	-0.755053	-0.640397	-0.140664
00910	9.759601	-1.602580	-0.980065	-0.049952	0.017502	0.006544	-0.178810	-0.004930	0.983871	-0.630457	0.768285	-0.110731	-0.755348	-0.640089	-0.140485
00911	9.569780	-1.565755	-1.290487	0.039101	-0.004394	-0.012972	-0.178727	-0.005082	0.983886	-0.630784	0.768034	-0.110617	-0.755095	-0.640389	-0.140474
00912	9.606770	-1.275572	-1.514898	0.033951	-0.006202	-0.020210	-0.178562	-0.005363	0.983914	-0.631171	0.767752	-0.110361	-0.754810	-0.640725	-0.140476
00913	9.618829	-1.339677	-1.643012	-0.026461	0.002858	-0.017453	-0.178396	-0.005503	0.983943	-0.631011	0.767920	-0.110112	-0.754984	-0.640522	-0.140466
00914	9.536749	-1.620919	-1.658165	-0.066214	0.015185	-0.021188	-0.178065	-0.005654	0.984002	-0.630645	0.768278	-0.109707	-0.755367	-0.640091	-0.140369
00915	9.519805	-1.473380	-1.626347	-0.065304	0.013861	-0.028987	-0.177743	-0.005813	0.984060	-0.630211	0.768694	-0.109289	-0.755805	-0.639591	-0.140293
00916	9.604906	-1.256507	-1.661290	-0.080795	0.029635	-0.033392	-0.177185	-0.005978	0.984159	-0.629794	0.769117	-0.108714	-0.756284	-0.639080	-0.140041
00917	9.651673	-1.290857	-1.718132	-0.100951	0.046567	-0.037338	-0.176562	-0.005993	0.984271	-0.629104	0.769759	-0.108164	-0.757003	-0.638307	-0.139681
00918	9.609411	-1.316966	-1.707075	-0.065742	0.049653	-0.052862	-0.175780	-0.006162	0.984410	-0.628786	0.770118	-0.107458	-0.757450	-0.637872	-0.139246
00919	9.611308	-1.169096	-1.574970	-0.037649	0.053590	-0.061546	-0.174952	-0.006320	0.984557	-0.628617	0.770353	-0.106758	-0.757782	-0.637586	-0.138748
00920	9.661530	-1.091142	-1.378763	-0.051805	0.055567	-0.063274	-0.174059	-0.006539	0.984714	-0.628438	0.770608	-0.105966	-0.758135	-0.637276	-0.138241
00921	9.617126	-1.271676	-1.246284	-0.059310	0.050400	-0.065765	-0.173229	-0.006750	0.984859	-0.628111	0.770981	-0.105195	-0.758597	-0.636823	-0.137796
00922	9.652167	-1.198755	-0.998973	-0.048913	0.034345	-0.067057	-0.172486	-0.007192	0.984986	-0.628067	0.771131	-0.104354	-0.758802	-0.636636	-0.137526
00923	9.649832	-1.002899	-0.841967	-0.060600	0.024218	-0.069272	-0.171832	-0.007597	0.985097	-0.627734	0.771510	-0.103546	-0.759225	-0.636172	-0.137339
00924	9.691639	-1.017845	-0.774765	-0.114516	0.013552	-0.063018	-0.171326	-0.008041	0.985182	-0.626976	0.772236	-0.102730	-0.759966	-0.635285	-0.137346
00925	9.571912	-1.226029	-0.808538	-0.120017	0.002392	-0.065838	-0.170860	-0.008560	0.985258	-0.626184	0.772991	-0.101875	-0.760724	-0.634359	-0.137434
00926	9.534287	-1.267046	-0.928788	-0.091986	-0.012033	-0.074882	-0.170331	-0.009229	0.985344	-0.625640	0.773558	-0.100906	-0.761289	-0.633658	-0.137535
00927	9.633174	-1.492937	-1.304571	-0.032260	-0.022229	-0.086741	-0.169923	-0.010066	0.985406	-0.625551	0.773753	-0.099965	-0.761454	-0.633408	-0.137775
00928	9.707898	-1.307938	-1.564015	0.025608	-0.026441	-0.096763	-0.169458	-0.011028	0.985476	-0.625955	0.773552	-0.098980	-0.761225	-0.633636	-0.137988
00929	9.718528	-1.167178	-1.663566	0.012534	-0.024313	-0.103208	-0.168962	-0.012006	0.985549	-0.626233	0.773460	-0.097938	-0.761107	-0.633732	-0.138204
00930	9.640065	-1.144451	-1.674544	-0.023497	-0.004145	-0.108672	-0.168260	-0.012946	0.985658	-0.626344	0.773518	-0.096762	-0.761172	-0.633641	-0.138261
00931	9.651038	-1.259588	-1.606136	-0.023105	-0.002337	-0.119440	-0.167495	-0.013911	0.985775	-0.626377	0.773647	-0.095511	-0.761313	-0.633464	-0.138295
00932	9.615834	-1.187429	-1.473396	-0.002314	0.001072	-0.124360	-0.166610	-0.014896	0.985910	-0.626612	0.773617	-0.094204	-0.761314	-0.633478	-0.138226
00933	9.625274	-1.012423	-1.271486	-0.007192	-0.003802	-0.131719	-0.165778	-0.015965	0.986034	-0.626784	0.773641	-0.092853	-0.761354	-0.633423	-0.138259
00934	9.623882	-1.232979	-1.104161	-0.022343	-0.000259	-0.142558	-0.164830	-0.017118	0.986173	-0.626914	0.773714	-0.091353	-0.761452	-0.633304	-0.138263
00935	9.502251	-1.224261	-0.957547	0.032449	-0.016918	-0.147993	-0.163996	-0.018396	0.986290	-0.627413	0.773480	-0.089897	-0.761222	-0.633553	-0.138389
00936	9.576339	-1.104000	-0.870597	0.040898	-0.029943	-0.152152	-0.163202	-0.019810	0.986394	-0.628036	0.773149	-0.088383	-0.760878	-0.633915	-0.138621
00937	9.590965	-1.114792	-0.827235	0.070918	-0.048635	-0.161508	-0.162522	-0.021393	0.986473	-0.628847	0.772664	-0.086846	-0.760354	-0.634455	-0.139027
00938	9.637202	-0.989235	-0.887254	0.087481	-0.067070	-0.166538	-0.161919	-0.023127	0.986533	-0.629807	0.772057	-0.085271	-0.759687	-0.635133	-0.139576
00939	9.653256	-0.921657	-0.895304	0.089363	-0.085440	-0.164044	-0.161498	-0.024962	0.986557	-0.630760	0.771447	-0.083735	-0.758987	-0.635804	-0.140332
00940	9.645691	-0.834911	-0.875308	0.039377	-0.096120	-0.165759	-0.161139	-0.026934	0.986564	-0.631472	0.771041	-0.082090	-0.758471	-0.636215	-0.141253
00941	9.549265	-1.008508	-0.920583	0.020777	-0.111694	-0.165883	-0.160902	-0.028949	0.986546	-0.631905	0.770860	-0.080441	-0.758160	-0.636346	-0.142326
00942	9.550702	-0.922329	-0.855862	0.018951	-0.130259	-0.170727	-0.160701	-0.031221	0.986509	-0.632594	0.770478	-0.078665	-0.757628	-0.636701	-0.143567
00943	9.551660	-0.859162	-0.818163	0.001603	-0.144183	-0.172455	-0.160666	-0.033494	0.986440	-0.632892	0.770409	-0.076924	-0.757386	-0.636669	-0.144977
00944	9.600730	-0.654739	-0.913340	-0.000718	-0.170569	-0.174331	-0.160842	-0.035978	0.986324	-0.633251	0.770288	-0.075168	-0.757049	-0.636680	-0.146678
00945	9.861777	-0.259497	-1.023905	-0.071207	-0.180264	-0.180035	-0.161031	-0.038539	0.986197	-0.633010	0.770671	-0.073245	-0.757210	-0.636067	-0.148497
00946	9.914054	-0.465902	-1.257565	-0.168119	-0.186430	-0.184568	-0.161211	-0.041192	0.986060	-0.632129	0.771593	-0.071114	-0.757908	-0.634781	-0.150428
00947	9.726349	-0.873271	-1.374163	-0.190798	-0.187217	-0.180849	-0.161453	-0.043802	0.985908	-0.630982	0.772723	-0.069000	-0.758811	-0.633231	-0.152396
00948	9.726201	-0.782661	-1.318055	-0.150996	-0.199984	-0.195945	-0.161636	-0.046693	0.985745	-0.630418	0.773382	-0.066738	-0.759241	-0.632218	-0.154442
00949	9.727767	-0.551984	-1.109722	-0.190030	-0.210083	-0.195383	-0.161965	-0.049558	0.985551	-0.629299	0.774484	-0.064475	-0.760098	-0.630649	-0.156626
00950	9.625618	-0.713343	-0.941214	-0.244619	-0.218713	-0.194728	-0.162343	-0.052536	0.985335	-0.627950	0.775772	-0.062098	-0.761133	-0.628822	-0.158932
00951	9.488206	-0.739342	-0.687676	-0.246351	-0.237345	-0.199726	-0.162863	-0.055604	0.985081	-0.626408	0.777207	-0.059693	-0.762292	-0.626784	-0.161409
00952	9.592002	-0.499986	-0.353336	-0.239193	-0.258010	-0.210358	-0.163428	-0.058931	0.984794	-0.625097	0.778452	-0.057152	-0.763246	-0.624932	-0.164059
00953	9.721788	-0.123598	-0.121483	-0.289799	-0.286613	-0.205932	-0.164296	-0.062351	0.984438	-0.623231	0.780130	-0.054603	-0.764585	-0.622503	-0.167031
00954	10.023626	-0.233839	0.052330	-0.378433	-0.316331	-0.197497	-0.165421	-0.066015	0.984011	-0.620984	0.782101	-0.051923	-0.766169	-0.619645	-0.170371
00955	10.132762	-0.330366	0.163130	-0.357332	-0.371782	-0.184680	-0.167092	-0.069787	0.983468	-0.618561	0.784179	-0.049448	-0.767765	-0.616598	-0.174198
00956	10.180772	0.141111	0.456221	-0.404641	-0.442601	-0.163493	-0.169427	-0.073888	0.982769	-0.615959	0.786371	-0.047068	-0.769343	-0.613320	-0.178744
00957	9.899719	0.207864	0.802972	-0.464207	-0.522357	-0.150633	-0.172489	-0.078295	0.981895	-0.612652	0.789088	-0.044703	-0.771301	-0.609270	-0.184077
00958	9.653654	-0.032813	0.970660	-0.482173	-0.610301	-0.133675	-0.176349	-0.083220	0.980803	-0.609497	0.791653	-0.042417	-0.772926	-0.605277	-0.190329
00959	9.624728	-0.241080	0.978933	-0.425142	-0.702618	-0.115072	-0.181049	-0.088399	0.979493	-0.606425	0.794113	-0.040423	-0.774254	-0.601308	-0.197381
00960	9.840356	0.050814	0.769099	-0.381245	-0.798164	-0.093931	-0.186636	-0.094027	0.977919	-0.603844	0.796163	-0.038693	-0.774945	-0.597732	-0.205370
00961	10.176184	0.368064	0.341634	-0.372050	-0.876478	-0.063486	-0.193013	-0.099784	0.976109	-0.601092	0.798311	-0.037250	-0.775522	-0.593921	-0.214064
00962	10.783784	0.539261	-0.258634	-0.407529	-0.929906	-0.046522	-0.199934	-0.105741	0.974087	-0.598175	0.800562	-0.035873	-0.776024	-0.589847	-0.223312
00963	11.189807	0.478916	-0.734147	-0.459977	-0.962482	-0.023180	-0.207234	-0.111610	0.971904	-0.594664	0.803231	-0.034557	-0.776807	-0.585117	-0.232828
00964	11.398856	0.421305	-0.962131	-0.489247	-1.005525	-0.020555	-0.214865	-0.117750	0.969520	-0.591152	0.805880	-0.033135	-0.777414	-0.580253	-0.242763
00965	11.525737	0.967066	-0.766994	-0.512486	-1.052803	-0.043933	-0.222760	-0.124215	0.966928	-0.587276	0.808778	-0.031398	-0.778130	-0.574847	-0.253111
00966	10.977628	0.263006	-0.571800	-0.554726	-1.094736	-0.064316	-0.230851	-0.131073	0.964120	-0.583296	0.811731	-0.029310	-0.778764	-0.569134	-0.263843
00967	10.834107	-0.199849	-0.590954	-0.308871	-1.170837	-0.087344	-0.239420	-0.138452	0.960994	-0.581112	0.813355	-0.027596	-0.777809	-0.565052	-0.275190
00968	10.703074	0.079176	-0.808689	-0.120641	-1.228740	-0.107862	-0.248401	-0.146327	0.957541	-0.580482	0.813851	-0.026217	-0.775459	-0.562348	-0.287102
00969	10.621776	0.212729	-1.295444	-0.008172	-1.259434	-0.105980	-0.257499	-0.154290	0.953881	-0.580703	0.813727	-0.025140	-0.772320	-0.560395	-0.299130
00970	10.613499	0.122906	-1.861410	0.009711	-1.267319	-0.094885	-0.266814	-0.162206	0.950000	-0.581038	0.813514	-0.024287	-0.768899	-0.558466	-0.311305
00971	10.422553	0.061541	-2.358830	0.042941	-1.267826	-0.098646	-0.275932	-0.170108	0.946005	-0.581652	0.813100	-0.023448	-0.765208	-0.556716	-0.323303
00972	10.108970	-0.243905	-2.749165	0.083843	-1.242872	-0.096030	-0.284830	-0.177984	0.941910	-0.582867	0.812249	-0.022774	-0.761011	-0.555494	-0.335094
00973	9.911664	-0.649850	-3.295583	0.166723	-1.217638	-0.095385	-0.293479	-0.185547	0.937786	-0.584425	0.811138	-0.022406	-0.756517	-0.554641	-0.346490
00974	9.770236	-1.301449	-3.830071	0.265186	-1.185081	-0.083703	-0.301935	-0.192921	0.933604	-0.586842	0.809388	-0.022537	-0.751300	-0.554683	-0.357597
00975	9.697772	-1.765959	-4.235707	0.451484	-1.148795	-0.071474	-0.310077	-0.199909	0.929456	-0.590457	0.806727	-0.023471	-0.745126	-0.556082	-0.368185
00976	9.509511	-1.844852	-4.571549	0.581441	-1.088936	-0.039144	-0.317972	-0.206361	0.925370	-0.594980	0.803343	-0.025296	-0.738169	-0.558620	-0.378221
00977	9.355027	-2.418472	-4.977477	0.613806	-1.006402	0.032259	-0.325525	-0.211768	0.921514	-0.599405	0.799959	-0.027906	-0.731264	-0.561444	-0.387342
00978	9.185828	-2.665442	-5.307833	0.756114	-0.936971	0.086033	-0.332746	-0.216595	0.917805	-0.605044	0.795564	-0.031609	-0.723327	-0.565830	-0.395771
00979	8.913560	-2.031540	-5.514308	0.819395	-0.851382	0.116830	-0.339548	-0.220535	0.914370	-0.610566	0.791150	-0.035916	-0.715483	-0.570478	-0.403284
00980	8.375903	-1.681525	-5.846972	0.728861	-0.761453	0.110536	-0.345625	-0.224190	0.911198	-0.615600	0.787050	-0.039858	-0.708223	-0.574709	-0.410036
00981	7.968031	-1.364241	-6.101884	0.590129	-0.671266	0.100135	-0.350944	-0.227301	0.908390	-0.619434	0.783861	-0.043169	-0.702239	-0.577837	-0.415889
00982	7.439239	-0.836496	-6.164084	0.402997	-0.541408	0.089566	-0.355254	-0.229913	0.906054	-0.622176	0.781546	-0.045630	-0.697633	-0.579936	-0.420694
00983	7.055750	-0.670669	-6.027728	0.126130	-0.358661	0.076993	-0.358198	-0.231421	0.904510	-0.622801	0.780978	-0.046823	-0.695566	-0.580102	-0.423874
00984	7.043277	-1.239206	-5.603369	-0.057612	-0.152207	0.048007	-0.359512	-0.232115	0.903811	-0.622451	0.781249	-0.046956	-0.695202	-0.579460	-0.425348
00985	6.936239	-1.954938	-5.282729	0.000492	0.027547	0.020171	-0.359412	-0.231827	0.903924	-0.622404	0.781277	-0.047104	-0.695296	-0.579536	-0.425090
00986	6.242284	-2.024890	-5.349790	0.185433	0.177823	0.026151	-0.358349	-0.230678	0.904640	-0.623703	0.780179	-0.048123	-0.694680	-0.581471	-0.423451
00987	6.131874	-1.479283	-5.571209	0.287906	0.331068	0.084032	-0.356542	-0.228122	0.906001	-0.625423	0.778678	-0.050062	-0.694063	-0.584484	-0.420304
