// General information: 
//  MT Manager version: 2022.2.0 
//  XDA version: 2022.2.0 build 7381 rev 124627 built on 2023-07-19
// Device information: 
//  DeviceId: 00B4CAF0
//  ProductCode: MTW2-3A7G6
//  Firmware Version: 4.6.0
//  Hardware Version: 2.0.0
// Device settings: 
//  Filter Profile: human(46.1)
//  Option Flags: Orientation Smoother Disabled, Position/Velocity Smoother Disabled, Continuous Zero Rotation Update Disabled, AHS Disabled, ICC Disabled
// Coordinate system: ENU
PacketCounter	Acc_X	Acc_Y	Acc_Z	Gyr_X	Gyr_Y	Gyr_Z	Mat[1][1]	Mat[2][1]	Mat[3][1]	Mat[1][2]	Mat[2][2]	Mat[3][2]	Mat[1][3]	Mat[2][3]	Mat[3][3]
55590	4.755440	-0.669493	9.100018	0.007880	-0.000071	0.001871	-0.744883	-0.483646	0.459604	0.514432	-0.854990	-0.065971	0.424863	0.187295	0.885670
55591	4.722500	-0.671066	9.126874	0.004143	0.004420	0.004208	-0.744890	-0.483654	0.459585	0.514436	-0.854987	-0.065973	0.424847	0.187284	0.885680
55592	4.754676	-0.668832	9.100465	0.004879	0.007101	0.002211	-0.744909	-0.483666	0.459542	0.514445	-0.854983	-0.065959	0.424802	0.187275	0.885704
55593	4.754114	-0.668611	9.100775	0.004152	0.004667	0.005761	-0.744900	-0.483700	0.459519	0.514475	-0.854964	-0.065969	0.424781	0.187271	0.885715
55594	4.720573	-0.678096	9.104564	0.003024	0.006487	0.005431	-0.744900	-0.483738	0.459479	0.514501	-0.854947	-0.065986	0.424750	0.187249	0.885734
55595	4.741458	-0.689241	9.108226	-0.001466	0.007804	0.006659	-0.744889	-0.483806	0.459425	0.514536	-0.854921	-0.066048	0.424727	0.187192	0.885757
55596	4.740832	-0.689478	9.108534	0.002652	0.005023	0.005653	-0.744882	-0.483843	0.459398	0.514561	-0.854904	-0.066069	0.424709	0.187175	0.885770
55597	4.718499	-0.678798	9.105587	-0.003738	0.010950	0.002892	-0.744896	-0.483893	0.459323	0.514568	-0.854895	-0.066137	0.424676	0.187088	0.885804
55598	4.705940	-0.707243	9.089615	0.000034	0.007447	0.006768	-0.744893	-0.483945	0.459274	0.514591	-0.854877	-0.066187	0.424654	0.187036	0.885826
55599	4.727151	-0.710867	9.116451	-0.000356	0.005489	0.003884	-0.744977	-0.483844	0.459244	0.514450	-0.854959	-0.066225	0.424677	0.186921	0.885838
55600	4.728201	-0.651783	9.122935	-0.003728	0.004739	0.003889	-0.744977	-0.483865	0.459220	0.514435	-0.854963	-0.066295	0.424694	0.186850	0.885845
55601	4.681244	-0.756406	9.080798	0.005999	0.005032	0.000990	-0.744974	-0.483896	0.459194	0.514479	-0.854939	-0.066264	0.424647	0.186880	0.885861
55602	4.727193	-0.658749	9.100159	0.008244	0.001144	0.000098	-0.744978	-0.483879	0.459204	0.514487	-0.854938	-0.066211	0.424629	0.186929	0.885860
55603	4.727024	-0.658178	9.100289	0.006770	0.002243	0.004649	-0.744977	-0.483876	0.459209	0.514493	-0.854936	-0.066196	0.424625	0.186945	0.885859
55604	4.703964	-0.706061	9.090730	0.010126	-0.003961	0.000983	-0.744956	-0.483857	0.459264	0.514516	-0.854927	-0.066130	0.424635	0.187035	0.885835
55605	4.760144	-0.647207	9.096845	0.007109	0.002717	-0.001785	-0.744981	-0.483817	0.459265	0.514495	-0.854944	-0.066079	0.424616	0.187062	0.885838
55606	4.748790	-0.659643	9.126996	0.003389	0.001245	0.003101	-0.744971	-0.483826	0.459273	0.514505	-0.854937	-0.066083	0.424622	0.187068	0.885834
55607	4.726692	-0.656057	9.100614	0.005643	0.004063	0.004318	-0.745022	-0.483763	0.459255	0.514434	-0.854981	-0.066070	0.424617	0.187033	0.885844
55608	4.714717	-0.676519	9.107716	-0.001483	0.007311	0.003552	-0.745035	-0.483786	0.459209	0.514427	-0.854982	-0.066119	0.424603	0.186969	0.885864
55609	4.757625	-0.698342	9.114511	0.005635	-0.002643	0.002211	-0.745017	-0.483772	0.459255	0.514431	-0.854981	-0.066100	0.424631	0.187009	0.885842
55610	4.715645	-0.624180	9.090964	0.006008	0.005280	0.002543	-0.745026	-0.483783	0.459227	0.514447	-0.854972	-0.066077	0.424593	0.187019	0.885858
55611	4.757183	-0.690143	9.138127	0.001517	0.006597	0.003769	-0.745065	-0.483761	0.459188	0.514402	-0.854998	-0.066100	0.424581	0.186958	0.885877
55612	4.724593	-0.655174	9.101767	0.006381	0.006743	0.002321	-0.745082	-0.483773	0.459148	0.514418	-0.854990	-0.066073	0.424531	0.186964	0.885900
55613	4.734197	-0.686479	9.112211	0.000788	0.004165	0.007320	-0.745100	-0.483761	0.459131	0.514378	-0.855011	-0.066121	0.424549	0.186900	0.885904
55614	4.723629	-0.647699	9.125594	0.000772	0.010129	0.004769	-0.745118	-0.483800	0.459059	0.514389	-0.855001	-0.066155	0.424502	0.186842	0.885939
55615	4.732811	-0.686909	9.112898	0.000787	0.004165	0.007321	-0.745159	-0.483754	0.459043	0.514309	-0.855046	-0.066202	0.424528	0.186758	0.885944
55616	4.710603	-0.676238	9.109865	0.000407	0.008913	0.006544	-0.745164	-0.483806	0.458980	0.514331	-0.855029	-0.066248	0.424493	0.186702	0.885973
55617	4.720066	-0.708012	9.120343	-0.002220	0.004632	0.005549	-0.745171	-0.483816	0.458958	0.514307	-0.855039	-0.066312	0.424510	0.186631	0.885980
55618	4.720681	-0.656396	9.103709	0.003788	0.009911	0.008094	-0.745172	-0.483883	0.458886	0.514355	-0.855008	-0.066335	0.424449	0.186599	0.886016
55619	4.729445	-0.703229	9.067898	-0.001465	0.007807	0.006658	-0.745186	-0.483911	0.458834	0.514346	-0.855009	-0.066397	0.424437	0.186521	0.886038
55620	4.696369	-0.697783	9.118039	0.003787	0.003451	0.007540	-0.745162	-0.483962	0.458819	0.514390	-0.854980	-0.066418	0.424425	0.186520	0.886044
55621	4.707307	-0.677445	9.111479	-0.001489	0.007064	0.001998	-0.745213	-0.483920	0.458779	0.514313	-0.855024	-0.066461	0.424429	0.186429	0.886061
55622	4.728668	-0.681007	9.138251	0.000398	0.002207	0.004437	-0.745200	-0.483942	0.458778	0.514320	-0.855017	-0.066497	0.424443	0.186405	0.886059
55623	4.727766	-0.703978	9.068715	0.000024	0.000743	0.004660	-0.745145	-0.484017	0.458788	0.514389	-0.854972	-0.066537	0.424456	0.186416	0.886051
55624	4.728073	-0.688771	9.115217	0.005270	0.002598	0.004543	-0.745133	-0.484040	0.458783	0.514418	-0.854955	-0.066530	0.424442	0.186433	0.886054
55625	4.705741	-0.692833	9.065616	0.002263	0.003065	0.002771	-0.745140	-0.484034	0.458778	0.514403	-0.854963	-0.066544	0.424448	0.186412	0.886056
55626	4.737448	-0.727448	9.102464	0.003381	0.000997	0.001550	-0.745137	-0.484028	0.458789	0.514401	-0.854965	-0.066540	0.424456	0.186420	0.886050
55627	4.705961	-0.677094	9.112200	0.007888	0.000172	0.003432	-0.745130	-0.484024	0.458806	0.514417	-0.854958	-0.066503	0.424449	0.186464	0.886044
55628	4.705614	-0.684200	9.089089	0.003739	0.001965	-0.001779	-0.745148	-0.483991	0.458810	0.514392	-0.854974	-0.066481	0.424447	0.186470	0.886044
55629	4.727363	-0.687156	9.115707	0.006014	-0.000934	0.003545	-0.745183	-0.483910	0.458839	0.514314	-0.855022	-0.066463	0.424480	0.186460	0.886030
55630	4.727375	-0.686716	9.115734	0.006380	0.000282	0.001769	-0.745175	-0.483905	0.458857	0.514327	-0.855017	-0.066434	0.424478	0.186497	0.886023
55631	4.749107	-0.689676	9.142362	0.004889	0.000887	0.003213	-0.745200	-0.483855	0.458869	0.514277	-0.855048	-0.066424	0.424495	0.186486	0.886017
55632	4.717102	-0.654591	9.105694	0.006396	0.000778	0.004876	-0.745179	-0.483878	0.458880	0.514313	-0.855028	-0.066409	0.424489	0.186521	0.886013
55633	4.749901	-0.644921	9.102359	0.002271	0.003314	0.004324	-0.745162	-0.483914	0.458869	0.514343	-0.855008	-0.066428	0.424483	0.186516	0.886017
55634	4.726845	-0.678125	9.139408	0.004145	0.004420	0.004211	-0.745159	-0.483938	0.458849	0.514364	-0.854995	-0.066430	0.424461	0.186514	0.886028
55635	4.714498	-0.713756	9.100043	0.000772	0.003671	0.004214	-0.745169	-0.483936	0.458834	0.514343	-0.855005	-0.066461	0.424469	0.186474	0.886033
55636	4.748599	-0.644711	9.103054	0.006400	0.007237	0.005429	-0.745172	-0.483975	0.458788	0.514383	-0.854982	-0.066449	0.424415	0.186477	0.886058
55637	4.713289	-0.713579	9.100683	0.000020	0.006956	0.003659	-0.745118	-0.484100	0.458745	0.514498	-0.854910	-0.066486	0.424371	0.186484	0.886077
55638	4.671605	-0.616936	9.146872	0.004893	0.007346	0.003767	-0.745130	-0.484125	0.458698	0.514519	-0.854898	-0.066479	0.424324	0.186474	0.886102
55639	4.788825	-0.718496	9.127594	-0.002972	-0.004752	0.005440	-0.745051	-0.484194	0.458754	0.514580	-0.854856	-0.066546	0.424390	0.186485	0.886068
55640	4.693396	-0.583713	9.110489	0.009775	0.020656	0.004980	-0.745113	-0.484255	0.458589	0.514630	-0.854829	-0.066502	0.424219	0.186452	0.886157
55641	4.709889	-0.758465	9.142011	-0.016451	-0.007247	0.008556	-0.745027	-0.484311	0.458669	0.514617	-0.854822	-0.066706	0.424387	0.186341	0.886100
55642	4.746116	-0.593759	9.087995	0.019177	0.027176	0.010633	-0.745088	-0.484432	0.458442	0.514750	-0.854749	-0.066604	0.424119	0.186357	0.886225
55643	4.709036	-0.722388	9.079471	-0.015717	-0.011027	0.006003	-0.744990	-0.484474	0.458557	0.514737	-0.854743	-0.066790	0.424307	0.186278	0.886152
55644	4.720355	-0.687224	9.119333	0.012042	0.023720	0.007755	-0.745051	-0.484564	0.458363	0.514818	-0.854698	-0.066738	0.424101	0.186250	0.886256
55645	4.675976	-0.673318	9.089884	-0.013456	-0.001749	0.007774	-0.745006	-0.484601	0.458397	0.514785	-0.854704	-0.066914	0.424220	0.186124	0.886225
55646	4.728673	-0.727394	9.107030	0.004152	0.010878	0.004767	-0.745028	-0.484642	0.458318	0.514810	-0.854689	-0.066918	0.424151	0.186091	0.886265
55647	4.696391	-0.685665	9.093747	-0.010818	0.002780	0.010323	-0.744940	-0.484782	0.458313	0.514889	-0.854628	-0.067086	0.424209	0.186006	0.886255
55648	4.773819	-0.632128	9.126694	-0.001447	0.008306	0.009764	-0.744925	-0.484860	0.458254	0.514928	-0.854598	-0.067163	0.424188	0.185937	0.886280
55649	4.640446	-0.686266	9.094336	-0.012692	0.007887	0.009436	-0.744891	-0.484963	0.458200	0.514950	-0.854572	-0.067338	0.424221	0.185790	0.886295
55650	4.780701	-0.732667	9.108013	0.001544	0.001129	0.009431	-0.744848	-0.485025	0.458205	0.514999	-0.854538	-0.067387	0.424238	0.185782	0.886289
55651	4.717523	-0.633551	9.127427	-0.011192	0.007529	0.009546	-0.744820	-0.485120	0.458150	0.515017	-0.854514	-0.067547	0.424265	0.185645	0.886305
55652	4.847416	-0.641599	9.154369	-0.011544	0.013021	0.013431	-0.744807	-0.485238	0.458047	0.515040	-0.854486	-0.067730	0.424260	0.185467	0.886344
55653	4.617206	-0.598455	9.168430	-0.016751	0.031045	0.018318	-0.744866	-0.485395	0.457784	0.515037	-0.854468	-0.067983	0.424160	0.185137	0.886461
55654	4.708664	-0.781171	9.047430	-0.017169	0.003496	0.014762	-0.744805	-0.485508	0.457764	0.515046	-0.854443	-0.068222	0.424256	0.184957	0.886453
55655	4.721899	-0.665062	9.163307	-0.007050	0.017909	0.011215	-0.744807	-0.485643	0.457618	0.515102	-0.854399	-0.068355	0.424185	0.184809	0.886517
55656	4.729208	-0.736089	9.058178	-0.017163	0.015920	0.012769	-0.744809	-0.485760	0.457490	0.515097	-0.854383	-0.068585	0.424187	0.184569	0.886566
55657	4.674019	-0.706089	9.151604	-0.011167	0.014484	0.013213	-0.744816	-0.485858	0.457374	0.515096	-0.854370	-0.068764	0.424176	0.184375	0.886612
55658	4.769077	-0.761113	9.066393	0.000082	0.021109	0.012552	-0.744841	-0.485984	0.457199	0.515162	-0.854324	-0.068840	0.424051	0.184257	0.886696
55659	4.674173	-0.589742	9.165613	-0.018290	0.011533	0.013432	-0.744774	-0.486173	0.457108	0.515241	-0.854256	-0.069083	0.424074	0.184070	0.886724
55660	4.754971	-0.770052	9.120843	-0.016785	0.017386	0.012550	-0.744783	-0.486292	0.456967	0.515236	-0.854241	-0.069308	0.424064	0.183826	0.886780
55661	4.702143	-0.643965	9.157408	-0.012269	0.023014	0.014998	-0.744782	-0.486477	0.456772	0.515309	-0.854182	-0.069503	0.423978	0.183614	0.886865
55662	4.741257	-0.735355	9.135571	-0.023142	0.017855	0.015434	-0.744778	-0.486621	0.456624	0.515298	-0.854164	-0.069798	0.423997	0.183313	0.886918
55663	4.674561	-0.712397	9.102936	-0.017140	0.022629	0.014888	-0.744825	-0.486725	0.456437	0.515258	-0.854168	-0.070039	0.423963	0.183016	0.886995
55664	4.703657	-0.772421	9.070915	-0.019761	0.018846	0.016993	-0.744818	-0.486884	0.456279	0.515273	-0.854137	-0.070311	0.423958	0.182739	0.887055
55665	4.725778	-0.703836	9.150987	-0.018651	0.016530	0.014217	-0.744826	-0.486998	0.456144	0.515252	-0.854129	-0.070560	0.423969	0.182474	0.887104
55666	4.702210	-0.702862	9.125128	-0.020504	0.022133	0.016444	-0.744836	-0.487158	0.455957	0.515260	-0.854101	-0.070837	0.423942	0.182175	0.887178
55667	4.702133	-0.646444	9.132210	-0.028382	0.016258	0.017098	-0.744788	-0.487356	0.455823	0.515288	-0.854055	-0.071187	0.423991	0.181861	0.887219
55668	4.752532	-0.718955	9.103592	-0.035072	0.028676	0.024441	-0.744784	-0.487597	0.455572	0.515294	-0.854015	-0.071628	0.423991	0.181406	0.887312
55669	4.674144	-0.695692	9.147516	-0.040331	0.026340	0.021439	-0.744750	-0.487858	0.455348	0.515313	-0.853963	-0.072106	0.424028	0.180946	0.887389
55670	4.737812	-0.682346	9.141829	-0.052303	0.023995	0.027754	-0.744710	-0.488118	0.455136	0.515270	-0.853937	-0.072716	0.424151	0.180366	0.887448
55671	4.678659	-0.753621	9.112860	-0.052670	0.028502	0.025438	-0.744708	-0.488350	0.454888	0.515190	-0.853934	-0.073320	0.424250	0.179752	0.887525
55672	4.698092	-0.762952	9.140177	-0.047835	0.015964	0.024415	-0.744651	-0.488567	0.454750	0.515142	-0.853915	-0.073875	0.424411	0.179250	0.887550
55673	4.662794	-0.785198	9.120775	-0.045557	0.024988	0.024671	-0.744689	-0.488711	0.454533	0.515000	-0.853954	-0.074410	0.424515	0.178672	0.887616
55674	4.627224	-0.815022	9.078143	-0.050442	0.018396	0.025536	-0.744636	-0.488941	0.454372	0.514948	-0.853935	-0.074993	0.424671	0.178136	0.887650
55675	4.692493	-0.772075	9.164980	-0.047477	0.010728	0.022075	-0.744560	-0.489143	0.454280	0.514900	-0.853916	-0.075533	0.424863	0.177670	0.887651
55676	4.704608	-0.704838	9.141916	-0.040718	0.012692	0.025203	-0.744484	-0.489360	0.454169	0.514887	-0.853880	-0.076028	0.425011	0.177244	0.887666
55677	4.670249	-0.712185	9.168672	-0.051566	0.014252	0.027754	-0.744449	-0.489531	0.454043	0.514766	-0.853899	-0.076630	0.425220	0.176679	0.887678
55678	4.621731	-0.829539	9.102278	-0.050450	0.012184	0.026529	-0.744365	-0.489759	0.453936	0.514721	-0.853873	-0.077217	0.425422	0.176173	0.887682
55679	4.566133	-0.832926	9.102101	-0.036236	0.005629	0.028075	-0.744222	-0.490020	0.453888	0.514784	-0.853792	-0.077687	0.425594	0.175838	0.887666
55680	4.664079	-0.846436	9.155191	-0.029953	-0.013975	0.024995	-0.744034	-0.490188	0.454014	0.514815	-0.853738	-0.078086	0.425885	0.175635	0.887566
55681	4.833846	-0.684669	9.152271	-0.017888	0.002733	0.029199	-0.743879	-0.490446	0.453990	0.514956	-0.853624	-0.078398	0.425987	0.175466	0.887551
55682	4.721599	-0.744014	9.145405	-0.031681	0.017458	0.029592	-0.743802	-0.490709	0.453833	0.515013	-0.853550	-0.078833	0.426053	0.175094	0.887593
55683	4.751673	-0.783617	9.182366	-0.028345	0.006243	0.034650	-0.743662	-0.490976	0.453772	0.515100	-0.853457	-0.079261	0.426191	0.174795	0.887586
55684	4.785185	-0.719152	9.186466	-0.025638	0.023425	0.036856	-0.743572	-0.491311	0.453557	0.515237	-0.853336	-0.079675	0.426181	0.174445	0.887659
55685	4.737553	-0.775500	9.127221	-0.035377	0.022686	0.036621	-0.743495	-0.491618	0.453350	0.515303	-0.853249	-0.080176	0.426237	0.174003	0.887719
55686	4.701712	-0.782256	9.154704	-0.031190	0.033525	0.041468	-0.743425	-0.492010	0.453041	0.515451	-0.853115	-0.080660	0.426181	0.173556	0.887833
55687	4.641207	-0.859330	9.102440	-0.036418	0.037432	0.037490	-0.743377	-0.492394	0.452702	0.515569	-0.852994	-0.081174	0.426121	0.173056	0.887959
55688	4.626405	-0.869218	9.156839	-0.016234	0.029391	0.039476	-0.743299	-0.492761	0.452430	0.515765	-0.852843	-0.081516	0.426020	0.172757	0.888067
55689	4.613536	-0.848354	9.124843	-0.020733	0.029769	0.034475	-0.743242	-0.493093	0.452162	0.515913	-0.852719	-0.081877	0.425940	0.172422	0.888170
55690	4.642041	-0.902098	9.115808	-0.020795	0.017574	0.037956	-0.743122	-0.493426	0.451996	0.516078	-0.852583	-0.082253	0.425950	0.172142	0.888220
55691	4.644010	-0.801067	9.083779	-0.006913	0.021959	0.037791	-0.743074	-0.493685	0.451792	0.516210	-0.852479	-0.082503	0.425874	0.171914	0.888300
55692	4.584958	-0.861371	9.077449	-0.022643	0.022220	0.033987	-0.742993	-0.493993	0.451588	0.516339	-0.852365	-0.082877	0.425858	0.171595	0.888369
55693	4.636220	-0.904125	9.141191	-0.014899	0.002956	0.035655	-0.742822	-0.494282	0.451554	0.516513	-0.852229	-0.083189	0.425946	0.171439	0.888357
55694	4.570515	-0.872795	9.131447	-0.003161	0.023429	0.032929	-0.742752	-0.494583	0.451339	0.516717	-0.852086	-0.083385	0.425821	0.171280	0.888448
55695	4.590258	-0.908167	9.065441	-0.011195	-0.001786	0.031744	-0.742594	-0.494807	0.451353	0.516851	-0.851979	-0.083649	0.425934	0.171165	0.888416
55696	4.566475	-0.943420	9.101690	0.001571	0.003938	0.028144	-0.742466	-0.495033	0.451316	0.517039	-0.851852	-0.083781	0.425929	0.171143	0.888422
55697	4.637411	-0.799999	9.132651	0.008232	-0.007283	0.028528	-0.742321	-0.495193	0.451380	0.517199	-0.851747	-0.083856	0.425987	0.171205	0.888383
55698	4.680231	-0.823400	9.139399	0.003803	0.000757	0.031908	-0.742159	-0.495445	0.451368	0.517425	-0.851597	-0.083986	0.425994	0.171218	0.888377
55699	4.682569	-0.757927	9.169545	0.002650	-0.003630	0.032544	-0.741985	-0.495680	0.451397	0.517632	-0.851457	-0.084129	0.426046	0.171234	0.888349
55700	4.670192	-0.787554	9.152804	-0.011866	0.007974	0.031815	-0.741855	-0.495945	0.451321	0.517789	-0.851335	-0.084398	0.426082	0.171078	0.888362
55701	4.667231	-0.849556	9.145966	-0.011178	-0.001058	0.036425	-0.741699	-0.496175	0.451323	0.517918	-0.851228	-0.084682	0.426196	0.170940	0.888333
55702	4.644709	-0.855651	9.096152	-0.012187	0.013448	0.035745	-0.741572	-0.496482	0.451195	0.518104	-0.851087	-0.084971	0.426193	0.170754	0.888371
55703	4.531923	-0.913396	9.088844	-0.015224	0.007969	0.036481	-0.741440	-0.496747	0.451120	0.518236	-0.850974	-0.085292	0.426260	0.170547	0.888378
55704	4.543462	-0.888098	9.105642	-0.002610	-0.005455	0.032637	-0.741248	-0.496995	0.451162	0.518439	-0.850831	-0.085482	0.426347	0.170537	0.888339
55705	4.719650	-0.868972	9.123144	-0.000056	-0.013874	0.034031	-0.741075	-0.497147	0.451280	0.518557	-0.850742	-0.085655	0.426506	0.170537	0.888262
55706	4.653749	-0.888613	9.128841	-0.001839	-0.002769	0.030660	-0.740905	-0.497383	0.451299	0.518748	-0.850608	-0.085829	0.426569	0.170519	0.888235
55707	4.610834	-0.867399	9.121968	0.002322	0.001354	0.033367	-0.740764	-0.497608	0.451282	0.518932	-0.850481	-0.085979	0.426590	0.170495	0.888230
55708	4.696458	-0.914973	9.135311	-0.017278	-0.012960	0.031671	-0.740544	-0.497835	0.451391	0.519065	-0.850368	-0.086294	0.426809	0.170396	0.888144
55709	4.642038	-0.922212	9.111278	0.000444	0.000260	0.033469	-0.740428	-0.498017	0.451381	0.519192	-0.850273	-0.086459	0.426855	0.170337	0.888133
55710	4.654329	-0.889370	9.151133	-0.013121	-0.009075	0.032822	-0.740220	-0.498260	0.451455	0.519351	-0.850147	-0.086743	0.427024	0.170255	0.888068
55711	4.630953	-0.947037	9.116890	-0.006041	-0.012632	0.032034	-0.740007	-0.498477	0.451565	0.519518	-0.850023	-0.086963	0.427189	0.170243	0.887990
55712	4.691643	-0.832929	9.130430	-0.008310	-0.015183	0.032346	-0.739775	-0.498705	0.451693	0.519694	-0.849890	-0.087202	0.427378	0.170232	0.887902
55713	4.581450	-0.875746	9.168528	-0.021410	-0.015877	0.036768	-0.739563	-0.498897	0.451828	0.519763	-0.849810	-0.087579	0.427661	0.170073	0.887796
55714	4.616439	-0.870788	9.164190	-0.028285	-0.029986	0.037102	-0.739242	-0.499141	0.452083	0.519888	-0.849688	-0.088018	0.428063	0.169966	0.887623
55715	4.673091	-0.892251	9.116214	-0.027546	-0.032566	0.042316	-0.738957	-0.499311	0.452361	0.519924	-0.849618	-0.088474	0.428511	0.169815	0.887435
55716	4.521284	-0.928730	9.100058	-0.037271	-0.032775	0.045199	-0.738582	-0.499619	0.452634	0.520070	-0.849471	-0.089029	0.428980	0.169646	0.887241
55717	4.625448	-0.893311	9.134766	-0.044342	-0.065772	0.046840	-0.738117	-0.499795	0.453198	0.520094	-0.849391	-0.089652	0.429749	0.169532	0.886890
55718	4.651491	-0.925452	9.088241	-0.042375	-0.057989	0.048914	-0.737614	-0.500091	0.453689	0.520245	-0.849233	-0.090269	0.430431	0.169446	0.886576
55719	4.644695	-0.952289	9.091403	-0.049170	-0.065159	0.052982	-0.737153	-0.500269	0.454242	0.520234	-0.849166	-0.090963	0.431233	0.169258	0.886222
55720	4.592986	-1.015595	9.080559	-0.042482	-0.070188	0.052398	-0.736578	-0.500575	0.454838	0.520408	-0.848991	-0.091597	0.432004	0.169233	0.885851
55721	4.736207	-0.905479	9.140952	-0.043032	-0.085031	0.048287	-0.736033	-0.500710	0.455570	0.520423	-0.848914	-0.092216	0.432914	0.169215	0.885410
55722	4.708865	-0.934881	9.093505	-0.040198	-0.067875	0.050552	-0.735477	-0.501004	0.456146	0.520593	-0.848744	-0.092822	0.433656	0.169198	0.885051
55723	4.735605	-0.959776	9.069784	-0.042454	-0.070184	0.052440	-0.734970	-0.501203	0.456743	0.520644	-0.848644	-0.093456	0.434452	0.169113	0.884676
55724	4.619821	-0.987422	9.049422	-0.029297	-0.063295	0.047034	-0.734451	-0.501475	0.457280	0.520834	-0.848473	-0.093949	0.435103	0.169166	0.884346
55725	4.692863	-0.960495	9.086061	-0.033932	-0.075074	0.045507	-0.733948	-0.501622	0.457926	0.520886	-0.848382	-0.094477	0.435888	0.169186	0.883956
55726	4.756151	-0.916269	9.066161	-0.032376	-0.069465	0.043114	-0.733421	-0.501850	0.458520	0.521033	-0.848235	-0.094980	0.436599	0.169244	0.883594
55727	4.621438	-0.879109	9.027004	-0.024361	-0.057215	0.043095	-0.732932	-0.502117	0.459009	0.521236	-0.848062	-0.095414	0.437177	0.169320	0.883293
55728	4.705182	-0.869752	9.119665	-0.043477	-0.087876	0.039226	-0.732344	-0.502280	0.459769	0.521304	-0.847954	-0.095997	0.438080	0.169377	0.882835
55729	4.816963	-0.955079	9.061211	-0.046575	-0.068985	0.042645	-0.731924	-0.502348	0.460363	0.521204	-0.847945	-0.096624	0.438901	0.169222	0.882457
55730	4.675711	-0.851634	9.129109	-0.044293	-0.066441	0.042336	-0.731412	-0.502574	0.460929	0.521291	-0.847822	-0.097229	0.439651	0.169164	0.882095
55731	4.743778	-0.921420	9.041187	-0.056830	-0.078247	0.037398	-0.730975	-0.502587	0.461607	0.521112	-0.847853	-0.097919	0.440588	0.168972	0.881664
55732	4.725443	-0.975768	9.026847	-0.051790	-0.065248	0.037173	-0.730494	-0.502772	0.462167	0.521127	-0.847769	-0.098567	0.441367	0.168845	0.881298
55733	4.748063	-0.881508	9.094086	-0.057880	-0.070649	0.033046	-0.730083	-0.502803	0.462784	0.520957	-0.847793	-0.099250	0.442248	0.168629	0.880898
55734	4.658468	-1.027108	9.032620	-0.069813	-0.062323	0.025079	-0.729676	-0.502890	0.463329	0.520802	-0.847800	-0.100000	0.443100	0.168335	0.880526
55735	4.658220	-1.152801	9.013601	-0.069801	-0.081609	0.013656	-0.729272	-0.502803	0.464059	0.520512	-0.847896	-0.100698	0.444105	0.168112	0.880062
55736	4.622602	-1.135048	9.003370	-0.042092	-0.074234	0.005320	-0.728915	-0.502703	0.464728	0.520335	-0.847955	-0.101112	0.444898	0.168112	0.879661
55737	4.596644	-1.154683	8.978944	-0.041372	-0.102111	0.001590	-0.728519	-0.502427	0.465647	0.520022	-0.848101	-0.101500	0.445912	0.168202	0.879131
55738	4.653196	-1.106664	9.033958	-0.007474	-0.107465	-0.006280	-0.728072	-0.502172	0.466619	0.519914	-0.848160	-0.101555	0.446766	0.168662	0.878608
55739	4.706995	-1.123657	9.057567	-0.015530	-0.125688	-0.003710	-0.727542	-0.501890	0.467749	0.519768	-0.848233	-0.101692	0.447799	0.169135	0.877992
55740	4.804650	-0.952909	9.099896	0.025340	-0.121804	-0.001672	-0.727005	-0.501648	0.468841	0.519841	-0.848214	-0.101481	0.448586	0.169946	0.877433
55741	4.771684	-0.949579	9.018022	0.005052	-0.137527	0.006626	-0.726360	-0.501440	0.470063	0.519872	-0.848195	-0.101486	0.449594	0.170657	0.876779
55742	4.760457	-0.990146	9.024349	0.003142	-0.144596	0.009276	-0.725661	-0.501251	0.471342	0.519924	-0.848158	-0.101520	0.450660	0.171393	0.876088
55743	4.718817	-1.025659	9.080518	0.002284	-0.165252	0.018810	-0.724818	-0.501104	0.472793	0.520041	-0.848076	-0.101608	0.451880	0.172224	0.875296
55744	4.695813	-1.076947	8.936225	0.015398	-0.175425	0.027067	-0.723884	-0.501010	0.474321	0.520278	-0.847929	-0.101620	0.453104	0.173218	0.874467
55745	4.682242	-1.163825	9.235465	0.025294	-0.222776	0.026576	-0.722743	-0.500815	0.476264	0.520541	-0.847777	-0.101544	0.454621	0.174525	0.873419
55746	5.706326	-0.746743	9.059042	0.052843	-0.232064	0.044573	-0.721454	-0.500765	0.478266	0.521075	-0.847476	-0.101314	0.456054	0.176119	0.872351
55747	4.645528	-0.731590	9.218088	0.070041	-0.154539	0.049004	-0.720490	-0.500890	0.479586	0.521723	-0.847120	-0.100957	0.456835	0.177473	0.871668
55748	5.238056	-0.738184	9.057710	-0.034143	-0.227600	0.069614	-0.719085	-0.501054	0.481520	0.522039	-0.846848	-0.101607	0.458684	0.178308	0.870526
55749	5.373825	-0.786813	9.029414	0.050920	-0.194496	0.088349	-0.717731	-0.501432	0.483145	0.522878	-0.846330	-0.101608	0.459850	0.179698	0.869625
55750	5.191647	-0.498054	9.196842	-0.006089	-0.136949	0.115296	-0.716497	-0.502140	0.484239	0.523648	-0.845778	-0.102237	0.460896	0.180318	0.868942
55751	5.125826	-0.759365	8.912069	-0.045581	-0.158452	0.135644	-0.715054	-0.502981	0.485498	0.524381	-0.845194	-0.103308	0.462302	0.180715	0.868112
55752	5.182437	-0.943667	8.903315	-0.028006	-0.146159	0.142027	-0.713632	-0.503896	0.486640	0.525237	-0.844545	-0.104260	0.463526	0.181198	0.867359
55753	5.179887	-0.856173	8.994748	-0.062930	-0.102817	0.155653	-0.712340	-0.504997	0.487391	0.526019	-0.843894	-0.105581	0.464624	0.181168	0.866777
55754	5.004025	-1.118411	8.895128	-0.076264	-0.098259	0.172402	-0.710976	-0.506252	0.488080	0.526862	-0.843176	-0.107100	0.465757	0.181005	0.866203
55755	5.124206	-1.199897	8.800780	-0.055801	-0.111971	0.160449	-0.709607	-0.507381	0.488899	0.527714	-0.842479	-0.108385	0.466880	0.181088	0.865581
55756	4.904173	-1.166389	8.794310	-0.054121	-0.087790	0.164768	-0.708326	-0.508589	0.489501	0.528600	-0.841756	-0.109677	0.467821	0.181063	0.865078
55757	4.933527	-1.371751	8.871240	-0.036238	-0.104824	0.158050	-0.707001	-0.509705	0.490256	0.529516	-0.841035	-0.110782	0.468788	0.181275	0.864510
55758	4.859430	-1.393991	8.772195	-0.026286	-0.104317	0.137340	-0.705784	-0.510649	0.491026	0.530334	-0.840398	-0.111701	0.469697	0.181571	0.863954
55759	4.447727	-1.518795	8.904703	-0.023665	-0.101168	0.120931	-0.704666	-0.511461	0.491786	0.531047	-0.839839	-0.112517	0.470569	0.181875	0.863415
55760	4.491867	-1.635991	8.800873	-0.024233	-0.211437	0.058101	-0.703361	-0.511542	0.493567	0.531312	-0.839602	-0.113030	0.472219	0.182737	0.862332
55761	4.719299	-1.682455	8.688907	0.004783	-0.170352	0.023230	-0.702431	-0.511405	0.495031	0.531470	-0.839490	-0.113121	0.473424	0.183634	0.861480
55762	4.932927	-1.507297	8.843153	0.003321	-0.241333	-0.004081	-0.701308	-0.510905	0.497135	0.531428	-0.839521	-0.113090	0.475133	0.184880	0.860272
55763	4.732229	-1.530762	8.626593	0.054999	-0.198796	-0.031135	-0.700527	-0.510255	0.498901	0.531444	-0.839593	-0.112480	0.476267	0.186343	0.859329
55764	5.080440	-1.272465	9.052653	0.061691	-0.304323	-0.040131	-0.699288	-0.509327	0.501580	0.531428	-0.839698	-0.111767	0.478102	0.188397	0.857861
55765	5.337976	-0.958440	8.700417	0.069801	-0.209401	-0.032498	-0.698457	-0.508638	0.503433	0.531507	-0.839746	-0.111023	0.479227	0.190034	0.856871
55766	5.293919	-0.872148	8.975708	0.045769	-0.280661	-0.008459	-0.697154	-0.508011	0.505867	0.531639	-0.839718	-0.110606	0.480975	0.191829	0.855491
55767	5.484292	-0.753195	8.736506	0.041136	-0.167536	0.021708	-0.696230	-0.507851	0.507297	0.531960	-0.839544	-0.110382	0.481956	0.193011	0.854673
55768	5.339134	-0.832105	8.812690	-0.014990	-0.286885	0.040693	-0.694628	-0.507616	0.509723	0.532142	-0.839383	-0.110734	0.484063	0.194326	0.853182
55769	5.471871	-0.808211	8.986593	-0.016253	-0.179303	0.071672	-0.693376	-0.507848	0.511195	0.532532	-0.839066	-0.111255	0.485427	0.195086	0.852234
55770	5.313373	-0.925859	8.616143	0.000776	-0.193538	0.091534	-0.691947	-0.508217	0.512762	0.533141	-0.838616	-0.111734	0.486796	0.196060	0.851229
55771	5.322480	-0.939669	8.658559	-0.054537	-0.221167	0.115397	-0.690251	-0.508730	0.514536	0.533645	-0.838151	-0.112808	0.488647	0.196714	0.850016
55772	5.079730	-1.127510	8.877722	-0.035142	-0.220548	0.112091	-0.688573	-0.509214	0.516303	0.534217	-0.837666	-0.113701	0.490388	0.197526	0.848824
55773	5.160363	-1.300959	8.678433	-0.050859	-0.237776	0.127823	-0.686719	-0.509794	0.518196	0.534818	-0.837131	-0.114810	0.492327	0.198298	0.847521
55774	4.957698	-1.338529	8.797328	-0.039159	-0.265521	0.124269	-0.684744	-0.510285	0.520322	0.535448	-0.836591	-0.115804	0.494390	0.199309	0.846082
55775	5.088772	-1.386400	8.937140	-0.026602	-0.301803	0.118878	-0.682610	-0.510655	0.522757	0.536101	-0.836053	-0.116665	0.496628	0.200613	0.844461
55776	5.316375	-1.249961	8.831448	-0.011045	-0.303573	0.114338	-0.680485	-0.510979	0.525205	0.536796	-0.835508	-0.117374	0.498789	0.202056	0.842842
55777	5.289648	-1.215139	8.680310	-0.011122	-0.298044	0.108792	-0.678410	-0.511263	0.527608	0.537451	-0.834991	-0.118057	0.500906	0.203472	0.841244
55778	5.284830	-1.335683	8.547300	-0.010920	-0.326924	0.108776	-0.676183	-0.511482	0.530248	0.538103	-0.834473	-0.118740	0.503211	0.205038	0.839487
55779	5.276504	-1.356125	8.512229	-0.003820	-0.346884	0.086431	-0.673967	-0.511468	0.533075	0.538639	-0.834055	-0.119248	0.505606	0.206766	0.837622
55780	5.272309	-1.315758	8.560416	-0.010328	-0.376528	0.080312	-0.671625	-0.511335	0.536150	0.539097	-0.833683	-0.119780	0.508227	0.208590	0.835581
55781	5.522457	-1.324851	8.642649	-0.015655	-0.378699	0.077768	-0.669274	-0.511169	0.539238	0.539510	-0.833334	-0.120345	0.510882	0.210381	0.833510
55782	5.466436	-1.332298	8.633976	0.004014	-0.364980	0.067308	-0.667041	-0.510938	0.542217	0.539951	-0.832999	-0.120691	0.513331	0.212264	0.831526
55783	5.661038	-1.101253	8.625560	0.007935	-0.345775	0.073878	-0.664862	-0.510795	0.545020	0.540455	-0.832621	-0.121043	0.515623	0.214082	0.829639
55784	5.715040	-0.983894	8.335171	-0.002913	-0.339192	0.076446	-0.662695	-0.510681	0.547760	0.540918	-0.832254	-0.121500	0.517923	0.215775	0.827766
55785	5.881235	-1.011912	8.867304	-0.046376	-0.371102	0.092642	-0.660265	-0.510628	0.550736	0.541261	-0.831897	-0.122408	0.520660	0.217270	0.825655
55786	5.674260	-0.998504	8.693445	-0.041885	-0.315666	0.106023	-0.658043	-0.510800	0.553230	0.541711	-0.831464	-0.123354	0.523000	0.218518	0.823845
55787	5.661567	-1.084096	8.497244	-0.048397	-0.318606	0.126100	-0.655688	-0.511129	0.555716	0.542257	-0.830943	-0.124467	0.525387	0.219730	0.822002
55788	5.803578	-1.048431	8.394917	-0.077647	-0.332461	0.129500	-0.653233	-0.511452	0.558304	0.542666	-0.830469	-0.125841	0.528016	0.220769	0.820037
55789	5.557166	-1.189021	8.401799	-0.098937	-0.348771	0.150751	-0.650566	-0.511911	0.560991	0.543095	-0.829933	-0.127510	0.530858	0.221718	0.817943
55790	5.713998	-1.175019	8.582806	-0.101224	-0.365861	0.169913	-0.647695	-0.512486	0.563782	0.543630	-0.829305	-0.129307	0.533815	0.222737	0.815739
55791	5.607017	-1.184610	8.528500	-0.106584	-0.364138	0.181305	-0.644758	-0.513155	0.566533	0.544202	-0.828630	-0.131214	0.536780	0.223707	0.813525
55792	5.692236	-1.255866	8.536945	-0.131746	-0.404296	0.187606	-0.641558	-0.513781	0.569590	0.544669	-0.827979	-0.133365	0.540129	0.224677	0.811037
55793	5.520782	-1.381852	8.319048	-0.144184	-0.416742	0.198524	-0.638217	-0.514464	0.572718	0.545128	-0.827300	-0.135680	0.543613	0.225611	0.808446
55794	5.621896	-1.292883	8.377524	-0.155531	-0.441714	0.203490	-0.634696	-0.515127	0.576025	0.545545	-0.826622	-0.138119	0.547304	0.226584	0.805679
55795	5.638486	-1.396945	8.427252	-0.169671	-0.467232	0.219989	-0.630928	-0.515862	0.579496	0.545975	-0.825891	-0.140768	0.551218	0.227576	0.802726
55796	5.809230	-1.488223	8.442194	-0.194879	-0.490926	0.228805	-0.626960	-0.516610	0.583125	0.546306	-0.825171	-0.143674	0.555401	0.228487	0.799577
55797	5.864686	-1.309162	8.502077	-0.187322	-0.541318	0.238767	-0.622636	-0.517318	0.587118	0.546723	-0.824384	-0.146579	0.559838	0.229725	0.796120
55798	5.860152	-1.367247	8.328670	-0.224317	-0.569502	0.258917	-0.618016	-0.518118	0.591278	0.547038	-0.823577	-0.149900	0.564629	0.230811	0.792414
55799	5.928169	-1.271554	8.275920	-0.241562	-0.595717	0.276147	-0.613126	-0.518991	0.595588	0.547337	-0.822722	-0.153461	0.569649	0.231897	0.788495
55800	5.670106	-1.328936	8.178410	-0.245439	-0.591040	0.289195	-0.608159	-0.519974	0.599808	0.547668	-0.821808	-0.157133	0.574633	0.232934	0.784563
55801	5.884775	-1.450171	8.486519	-0.272708	-0.671954	0.338774	-0.602422	-0.521165	0.604546	0.548113	-0.820700	-0.161319	0.580225	0.234177	0.780064
55802	5.573425	-1.329640	8.298258	-0.305255	-0.745835	0.373407	-0.596021	-0.522454	0.609755	0.548539	-0.819486	-0.165972	0.586398	0.235551	0.775018
55803	5.760748	-1.343455	8.521628	-0.296922	-0.839881	0.426282	-0.588728	-0.523935	0.615542	0.549282	-0.817977	-0.170889	0.593034	0.237499	0.769354
55804	5.899461	-1.287349	8.472712	-0.350827	-0.884420	0.486091	-0.580777	-0.525777	0.621495	0.550000	-0.816280	-0.176596	0.600164	0.239260	0.763254
55805	6.034649	-1.167840	8.427003	-0.394585	-1.015468	0.538633	-0.571677	-0.527705	0.628261	0.550687	-0.814411	-0.182970	0.608217	0.241376	0.756181
55806	5.884381	-1.301882	8.514987	-0.438752	-1.100706	0.595861	-0.561649	-0.529861	0.635451	0.551346	-0.812342	-0.190048	0.616903	0.243613	0.748388
55807	5.884353	-1.213383	8.476916	-0.498025	-1.254333	0.634007	-0.550353	-0.531909	0.643572	0.551740	-0.810217	-0.197817	0.626653	0.246215	0.739381
55808	5.757665	-1.431047	8.675464	-0.567779	-1.399435	0.698922	-0.537648	-0.534076	0.652455	0.551923	-0.807916	-0.206526	0.637429	0.249067	0.729143
55809	6.063069	-1.397755	8.649052	-0.603138	-1.563349	0.754515	-0.523428	-0.536217	0.662189	0.552011	-0.805413	-0.215857	0.649081	0.252550	0.717574
55810	5.964321	-1.449260	8.893222	-0.731632	-1.759916	0.800666	-0.507468	-0.538159	0.672950	0.551310	-0.802991	-0.226413	0.662218	0.256107	0.704185
55811	5.943532	-2.293933	9.174577	-0.711365	-1.889698	0.820108	-0.490311	-0.539826	0.684238	0.550607	-0.800431	-0.236943	0.675594	0.260571	0.689693
55812	6.814079	-1.575659	8.545804	-0.384843	-2.226182	0.835510	-0.470517	-0.540578	0.697416	0.551965	-0.796957	-0.245346	0.688439	0.269510	0.673362
55813	8.368368	-0.444537	9.714100	-0.673538	-2.395853	0.860823	-0.449101	-0.540852	0.711187	0.551198	-0.794168	-0.255887	0.703199	0.277086	0.654778
55814	7.506551	-0.600073	10.558186	-0.903199	-2.340380	0.878513	-0.427628	-0.541248	0.724006	0.548598	-0.791961	-0.268025	0.718453	0.282573	0.635592
55815	7.386888	-1.703401	9.880482	-1.212299	-2.617319	0.906976	-0.403646	-0.540942	0.737870	0.543512	-0.790534	-0.282226	0.735979	0.287121	0.613104
55816	8.455171	-1.369569	9.876944	-1.208111	-2.686404	0.903459	-0.378752	-0.540276	0.751431	0.538020	-0.789168	-0.296224	0.753048	0.292089	0.589578
55817	8.404401	-0.874491	10.439674	-1.499811	-2.803156	0.922599	-0.352466	-0.539292	0.764808	0.529919	-0.788622	-0.311868	0.771332	0.295364	0.563744
55818	8.987874	-1.787089	9.833636	-1.873288	-2.878718	0.939233	-0.325047	-0.538166	0.777639	0.518435	-0.789122	-0.329411	0.790930	0.296081	0.535506
55819	8.337166	-2.043992	9.434003	-1.908018	-2.867723	0.923900	-0.297372	-0.536936	0.789474	0.505996	-0.789838	-0.346589	0.809653	0.296405	0.506563
55820	8.321206	-2.396745	8.945450	-2.117778	-2.938480	0.911386	-0.268747	-0.535423	0.800685	0.491196	-0.791238	-0.364238	0.828554	0.295405	0.475640
55821	7.806680	-3.004559	8.857515	-2.207534	-2.932008	0.871204	-0.239990	-0.533661	0.810932	0.474873	-0.793114	-0.381400	0.846700	0.293558	0.443761
55822	7.724152	-3.512956	8.337902	-2.194936	-2.944154	0.768635	-0.211215	-0.531127	0.820544	0.457804	-0.795466	-0.397052	0.863599	0.291785	0.411166
55823	6.674925	-3.969147	7.877180	-2.090836	-2.828491	0.675954	-0.183553	-0.528256	0.829008	0.440874	-0.798001	-0.410882	0.878600	0.290070	0.379369
55824	6.436602	-3.296514	7.798220	-1.956659	-2.863256	0.606348	-0.155567	-0.524782	0.836901	0.424548	-0.800498	-0.423039	0.891941	0.289493	0.347326
55825	5.313589	-2.729832	6.374672	-1.906662	-2.721881	0.609412	-0.128609	-0.521776	0.843332	0.408241	-0.802852	-0.434473	0.903769	0.288406	0.316264
55826	3.731784	-1.253238	5.619659	-2.085846	-2.891545	0.746387	-0.099313	-0.519439	0.848717	0.390086	-0.804984	-0.447028	0.915407	0.286677	0.282571
55827	2.906330	-1.057651	4.659775	-2.941117	-3.097591	0.832894	-0.067625	-0.517376	0.853082	0.363598	-0.809018	-0.461829	0.929098	0.278948	0.242827
55828	5.696505	-3.118613	6.453220	-3.986162	-3.525193	0.536084	-0.032727	-0.512129	0.858285	0.326482	-0.817114	-0.475114	0.944637	0.264666	0.193943
55829	25.717071	-4.711514	13.468126	-4.257389	-3.942753	-1.202185	0.001092	-0.492046	0.870569	0.285715	-0.834126	-0.471806	0.958314	0.249250	0.139674
55830	17.679221	-11.984994	11.876753	0.094211	2.406640	-1.895362	-0.027372	-0.481994	0.875747	0.286338	-0.843145	-0.455101	0.957738	0.238302	0.161092
55831	9.744236	-1.007973	11.913748	2.264340	3.260558	-2.680355	-0.066453	-0.467100	0.881704	0.306612	-0.850461	-0.427440	0.949512	0.241936	0.199734
55832	7.498421	0.128019	9.260378	1.104919	4.201344	-3.091290	-0.115786	-0.450563	0.885204	0.314216	-0.862045	-0.397675	0.942264	0.232101	0.241387
55833	4.524347	0.412080	7.205548	1.735829	4.673184	-3.562142	-0.170982	-0.430325	0.886333	0.325287	-0.873794	-0.361487	0.930029	0.226505	0.289382
55834	3.219842	2.684672	6.393671	1.851514	4.968767	-3.967198	-0.229886	-0.406524	0.884246	0.334376	-0.886262	-0.320520	0.913972	0.221988	0.339671
55835	2.693239	3.768410	5.550471	0.997727	4.783122	-4.226677	-0.287383	-0.379089	0.879604	0.332401	-0.900741	-0.279597	0.898288	0.212029	0.384867
55836	2.608059	3.711679	4.732301	-0.353054	4.683050	-4.286179	-0.343026	-0.349553	0.871863	0.315703	-0.917089	-0.243475	0.884684	0.191731	0.424940
55837	1.897489	2.486236	3.481760	-1.280078	4.467227	-4.255508	-0.395184	-0.318080	0.861774	0.288651	-0.933616	-0.212230	0.872072	0.164882	0.460764
55838	0.687730	0.586097	3.226989	-1.962871	4.030064	-4.109960	-0.441257	-0.285388	0.850791	0.254411	-0.948968	-0.186372	0.860562	0.134213	0.491345
55839	0.582086	-2.580208	3.170153	-2.482384	3.219197	-3.883899	-0.477984	-0.252004	0.841443	0.215201	-0.962363	-0.165972	0.851599	0.101747	0.514225
55840	3.351154	-4.931886	4.211254	-2.246516	2.423647	-3.659024	-0.505719	-0.218702	0.834516	0.178112	-0.972961	-0.147047	0.844112	0.074273	0.530998
55841	7.392226	-5.676782	6.076990	-1.283703	2.622547	-3.309447	-0.533173	-0.188023	0.824848	0.150049	-0.980549	-0.126525	0.832593	0.056308	0.551015
55842	8.427711	-4.555943	7.215645	-0.471146	3.273424	-2.881993	-0.564174	-0.161336	0.809740	0.130314	-0.985830	-0.105627	0.815307	0.045929	0.577204
55843	7.334079	-3.273381	7.317990	-0.488427	3.511814	-2.351049	-0.595348	-0.139480	0.791268	0.112635	-0.989580	-0.089691	0.795534	0.035727	0.604855
55844	6.106193	-3.078863	6.469291	-0.603507	3.509561	-1.778533	-0.624757	-0.122903	0.771086	0.097007	-0.992101	-0.079532	0.774770	0.025113	0.631744
55845	6.204335	-3.410001	6.144063	-0.774799	3.212580	-1.181485	-0.650423	-0.111721	0.751311	0.083430	-0.993647	-0.075530	0.754976	0.013556	0.655612
55846	7.473807	-4.105309	6.044040	-0.771569	2.945928	-0.575661	-0.672826	-0.106218	0.732136	0.073832	-0.994339	-0.076407	0.736108	0.002646	0.676859
55847	8.522411	-3.986198	6.318817	-0.534437	2.802381	0.008016	-0.693211	-0.106179	0.712871	0.069884	-0.994330	-0.080145	0.717339	-0.005739	0.696701
55848	9.512413	-3.225631	6.788966	-0.365512	2.697340	0.537396	-0.711916	-0.111258	0.693395	0.071035	-0.993715	-0.086513	0.698662	-0.012335	0.715345
55849	9.932618	-2.151704	6.944053	-0.231602	2.641457	0.977383	-0.729426	-0.120491	0.673364	0.076365	-0.992555	-0.094884	0.679784	-0.017789	0.733197
55850	10.261654	-1.290130	7.028689	-0.233425	2.535046	1.302360	-0.745366	-0.132867	0.653281	0.084368	-0.990859	-0.105265	0.661296	-0.023344	0.749762
55851	10.698315	-1.077481	6.981468	-0.210521	2.416717	1.503362	-0.759812	-0.147040	0.633297	0.094197	-0.988708	-0.116545	0.643283	-0.028898	0.765083
55852	11.147101	-0.614073	6.963467	-0.038162	2.353286	1.572363	-0.773154	-0.161821	0.613227	0.105972	-0.986270	-0.126653	0.625302	-0.032938	0.779687
55853	11.286763	0.131957	6.804895	0.150772	2.298486	1.542970	-0.785609	-0.176160	0.593116	0.118821	-0.983724	-0.134789	0.607207	-0.035417	0.793754
55854	11.444049	0.766805	6.582931	0.266195	2.237313	1.386429	-0.797248	-0.188954	0.573317	0.131352	-0.981292	-0.140759	0.589188	-0.036913	0.807152
55855	11.564502	1.017990	6.409519	0.337575	2.157853	1.114373	-0.808268	-0.199001	0.554167	0.142160	-0.979268	-0.144310	0.571395	-0.037861	0.819801
55856	11.494870	1.248507	6.265846	0.482297	2.136684	0.777571	-0.819135	-0.205786	0.535416	0.151165	-0.977878	-0.144578	0.553324	-0.037492	0.832122
