// General information: 
//  MT Manager version: 2022.2.0 
//  XDA version: 2022.2.0 build 7381 rev 124627 built on 2023-07-19
// Device information: 
//  DeviceId: 00B4CB9F
//  ProductCode: MTW2-3A7G6
//  Firmware Version: 4.6.0
//  Hardware Version: 2.0.0
// Device settings: 
//  Filter Profile: human(46.1)
//  Option Flags: Orientation Smoother Disabled, Position/Velocity Smoother Disabled, Continuous Zero Rotation Update Disabled, AHS Disabled, ICC Disabled
// Coordinate system: ENU
PacketCounter	Acc_X	Acc_Y	Acc_Z	Gyr_X	Gyr_Y	Gyr_Z	Mat[1][1]	Mat[2][1]	Mat[3][1]	Mat[1][2]	Mat[2][2]	Mat[3][2]	Mat[1][3]	Mat[2][3]	Mat[3][3]
61499	9.656108	-1.349730	-1.128635	-0.017398	0.003563	-0.002404	-0.179692	0.030274	0.983257	-0.617396	0.774687	-0.136683	-0.765854	-0.631620	-0.120514
61500	9.663547	-1.376097	-1.215662	-0.019446	0.001667	-0.001301	-0.179782	0.030358	0.983238	-0.617114	0.774897	-0.136762	-0.766060	-0.631358	-0.120578
61501	9.642082	-1.370555	-1.205272	-0.021600	0.006815	0.000019	-0.179784	0.030405	0.983236	-0.616962	0.775016	-0.136777	-0.766182	-0.631210	-0.120577
61502	9.665013	-1.395981	-1.202098	-0.020709	0.003197	-0.000277	-0.179822	0.030472	0.983227	-0.616792	0.775142	-0.136828	-0.766310	-0.631052	-0.120592
61503	9.654992	-1.378217	-1.173877	-0.014887	0.006050	-0.001480	-0.179820	0.030503	0.983226	-0.616694	0.775219	-0.136836	-0.766389	-0.630956	-0.120589
61504	9.646340	-1.431076	-1.164708	-0.007755	0.006625	-0.002331	-0.179804	0.030585	0.983227	-0.616612	0.775277	-0.136877	-0.766459	-0.630881	-0.120539
61505	9.667992	-1.385710	-1.141917	-0.006543	0.005843	-0.004730	-0.179784	0.030589	0.983230	-0.616584	0.775302	-0.136863	-0.766487	-0.630850	-0.120526
61506	9.656664	-1.397681	-1.159103	0.001573	0.006853	-0.000155	-0.179778	0.030640	0.983230	-0.616714	0.775188	-0.136919	-0.766383	-0.630987	-0.120465
61507	9.646637	-1.380133	-1.130601	-0.001359	0.003026	-0.001728	-0.179798	0.030650	0.983226	-0.616720	0.775179	-0.136941	-0.766374	-0.630997	-0.120473
61508	9.658143	-1.417939	-1.144977	0.001155	0.005514	-0.000804	-0.179817	0.030696	0.983221	-0.616803	0.775102	-0.137004	-0.766302	-0.631090	-0.120443
61509	9.668317	-1.385075	-1.139933	-0.000991	0.005114	-0.002454	-0.179817	0.030714	0.983220	-0.616814	0.775092	-0.137019	-0.766294	-0.631102	-0.120430
61510	9.668409	-1.384878	-1.139389	-0.003931	0.006834	-0.001055	-0.179798	0.030759	0.983223	-0.616901	0.775015	-0.137055	-0.766228	-0.631194	-0.120371
61511	9.645637	-1.358905	-1.141863	-0.004815	0.004904	-0.003730	-0.179792	0.030765	0.983224	-0.616885	0.775029	-0.137054	-0.766243	-0.631177	-0.120365
61512	9.648417	-1.399418	-1.115060	-0.008591	0.003946	-0.003630	-0.179787	0.030768	0.983224	-0.616948	0.774977	-0.137063	-0.766193	-0.631240	-0.120348
61513	9.624308	-1.402932	-1.163720	-0.016143	0.002030	-0.003429	-0.179804	0.030758	0.983221	-0.616844	0.775062	-0.137050	-0.766273	-0.631136	-0.120386
61514	9.670131	-1.403609	-1.125047	-0.008641	0.004694	-0.005005	-0.179787	0.030717	0.983226	-0.617017	0.774927	-0.137034	-0.766138	-0.631304	-0.120369
61515	9.671583	-1.423562	-1.111520	-0.006913	0.003755	-0.004004	-0.179788	0.030714	0.983226	-0.616985	0.774954	-0.137027	-0.766163	-0.631271	-0.120377
61516	9.647495	-1.427030	-1.160096	-0.003972	0.002035	-0.005403	-0.179844	0.030749	0.983214	-0.616881	0.775028	-0.137074	-0.766234	-0.631178	-0.120416
61517	9.646281	-1.406004	-1.172939	0.000589	0.006420	-0.005578	-0.179815	0.030750	0.983220	-0.616909	0.775008	-0.137061	-0.766218	-0.631203	-0.120388
61518	9.646423	-1.405523	-1.172342	0.003997	0.005291	-0.004952	-0.179800	0.030772	0.983222	-0.617004	0.774928	-0.137084	-0.766144	-0.631300	-0.120346
61519	9.669425	-1.430683	-1.169003	0.001066	0.001464	-0.006526	-0.179803	0.030735	0.983222	-0.617038	0.774905	-0.137062	-0.766117	-0.631330	-0.120365
61520	9.625115	-1.399368	-1.161339	0.004463	0.005882	-0.002927	-0.179815	0.030714	0.983221	-0.617300	0.774691	-0.137094	-0.765903	-0.631593	-0.120341
61521	9.636645	-1.386727	-1.143096	0.004841	0.002422	-0.006626	-0.179810	0.030683	0.983223	-0.617363	0.774644	-0.137076	-0.765853	-0.631653	-0.120347
61522	9.613929	-1.410702	-1.178313	0.008666	0.002633	-0.005349	-0.179825	0.030694	0.983220	-0.617461	0.774560	-0.137110	-0.765771	-0.631755	-0.120333
61523	9.638221	-1.406218	-1.129118	0.008616	0.003381	-0.006725	-0.179812	0.030667	0.983223	-0.617553	0.774489	-0.137095	-0.765700	-0.631843	-0.120324
61524	9.691494	-1.383489	-1.144515	0.011178	0.005121	-0.004424	-0.179860	0.030720	0.983212	-0.617582	0.774452	-0.137172	-0.765665	-0.631886	-0.120321
61525	9.670084	-1.377874	-1.133652	0.012391	0.004339	-0.006823	-0.179839	0.030699	0.983217	-0.617704	0.774357	-0.137161	-0.765572	-0.632004	-0.120297
61526	9.661513	-1.430547	-1.124360	0.010711	0.004529	-0.006449	-0.179848	0.030711	0.983215	-0.617810	0.774267	-0.137193	-0.765484	-0.632114	-0.120277
61527	9.660210	-1.359547	-1.104464	0.016263	0.003802	-0.004170	-0.179848	0.030707	0.983215	-0.617956	0.774147	-0.137213	-0.765366	-0.632261	-0.120253
61528	9.626013	-1.345940	-1.124586	0.016679	0.005142	-0.003521	-0.179835	0.030707	0.983217	-0.618247	0.773907	-0.137251	-0.765134	-0.632554	-0.120191
61529	9.659061	-1.338672	-1.116468	0.015845	0.002462	-0.004819	-0.179841	0.030690	0.983217	-0.618391	0.773790	-0.137263	-0.765016	-0.632698	-0.120181
61530	9.646374	-1.330166	-1.147279	0.011286	-0.001924	-0.004642	-0.179905	0.030706	0.983205	-0.618416	0.773760	-0.137322	-0.764981	-0.632735	-0.120214
61531	9.646412	-1.329856	-1.147317	0.009607	-0.001734	-0.004268	-0.179946	0.030667	0.983198	-0.618512	0.773681	-0.137332	-0.764894	-0.632832	-0.120253
61532	9.689435	-1.289842	-1.135352	0.009656	-0.002481	-0.002892	-0.180008	0.030657	0.983187	-0.618638	0.773571	-0.137385	-0.764777	-0.632967	-0.120284
61533	9.617470	-1.347759	-1.082623	0.008810	0.000389	-0.001220	-0.180052	0.030654	0.983179	-0.618722	0.773497	-0.137425	-0.764699	-0.633058	-0.120304
61534	9.640359	-1.373449	-1.079643	0.011433	-0.004166	-0.000513	-0.180184	0.030655	0.983155	-0.618822	0.773399	-0.137527	-0.764587	-0.633178	-0.120384
61535	9.663147	-1.348940	-1.044262	0.013478	-0.002269	-0.001614	-0.180246	0.030633	0.983144	-0.618942	0.773295	-0.137569	-0.764475	-0.633306	-0.120424
61536	9.664455	-1.369639	-1.031101	0.020806	-0.004679	0.003044	-0.180434	0.030699	0.983108	-0.618969	0.773242	-0.137747	-0.764409	-0.633367	-0.120517
61537	9.641463	-1.344418	-1.034438	0.019971	-0.007359	0.001747	-0.180556	0.030670	0.983086	-0.619132	0.773096	-0.137830	-0.764248	-0.633547	-0.120598
61538	9.672924	-1.317509	-1.040674	0.022213	-0.008450	0.006151	-0.180751	0.030693	0.983050	-0.619327	0.772909	-0.138006	-0.764044	-0.633774	-0.120695
61539	9.663973	-1.321259	-1.000009	0.018439	-0.009410	0.006251	-0.180916	0.030686	0.983020	-0.619470	0.772772	-0.138131	-0.763889	-0.633942	-0.120798
61540	9.651012	-1.313935	-1.031805	0.016392	-0.011306	0.007354	-0.181135	0.030688	0.982979	-0.619649	0.772598	-0.138304	-0.763692	-0.634154	-0.120929
61541	9.639369	-1.327220	-1.050394	0.013501	-0.010331	0.010127	-0.181332	0.030705	0.982942	-0.619748	0.772490	-0.138462	-0.763565	-0.634284	-0.121048
61542	9.639101	-1.328280	-1.051518	0.010204	-0.016247	0.009287	-0.181597	0.030758	0.982892	-0.619676	0.772511	-0.138664	-0.763560	-0.634256	-0.121225
61543	9.681855	-1.339891	-1.073434	0.015752	-0.016973	0.011566	-0.181853	0.030744	0.982845	-0.619790	0.772389	-0.138839	-0.763407	-0.634405	-0.121406
61544	9.628354	-1.363509	-1.058946	0.018787	-0.020189	0.012925	-0.182189	0.030756	0.982782	-0.619903	0.772253	-0.139086	-0.763235	-0.634570	-0.121630
61545	9.648115	-1.349880	-1.084247	0.022238	-0.022064	0.014932	-0.182505	0.030736	0.982724	-0.620060	0.772088	-0.139301	-0.763032	-0.634771	-0.121852
61546	9.647660	-1.351526	-1.086237	0.028158	-0.026258	0.013519	-0.182929	0.030709	0.982646	-0.620252	0.771882	-0.139588	-0.762774	-0.635024	-0.122153
61547	9.677432	-1.305436	-1.107482	0.030765	-0.025262	0.017194	-0.183284	0.030685	0.982581	-0.620470	0.771662	-0.139837	-0.762512	-0.635292	-0.122394
61548	9.646636	-1.355413	-1.090481	0.032118	-0.028288	0.018930	-0.183692	0.030701	0.982504	-0.620657	0.771456	-0.140146	-0.762261	-0.635542	-0.122656
61549	9.637388	-1.360344	-1.051450	0.035416	-0.027929	0.016806	-0.184065	0.030657	0.982436	-0.620910	0.771206	-0.140397	-0.761965	-0.635847	-0.122916
61550	9.669793	-1.355604	-1.046315	0.036026	-0.029571	0.022965	-0.184489	0.030692	0.982355	-0.621145	0.770955	-0.140740	-0.761671	-0.636150	-0.123169
61551	9.614713	-1.359843	-1.045679	0.036339	-0.026743	0.020858	-0.184878	0.030687	0.982282	-0.621397	0.770698	-0.141032	-0.761371	-0.636461	-0.123416
61552	9.624120	-1.379984	-1.075954	0.033966	-0.031468	0.024080	-0.185350	0.030767	0.982191	-0.621456	0.770580	-0.141414	-0.761208	-0.636600	-0.123707
61553	9.647751	-1.378733	-1.029738	0.033689	-0.029488	0.030528	-0.185820	0.030819	0.982100	-0.621670	0.770337	-0.141798	-0.760919	-0.636891	-0.123985
61554	9.625526	-1.376612	-1.022031	0.032422	-0.033513	0.028597	-0.186318	0.030893	0.982004	-0.621802	0.770156	-0.142204	-0.760689	-0.637107	-0.124284
61555	9.647631	-1.405510	-1.021544	0.033674	-0.029493	0.030534	-0.186787	0.030945	0.981913	-0.622015	0.769913	-0.142588	-0.760400	-0.637398	-0.124561
61556	9.669909	-1.384168	-0.988897	0.034178	-0.035201	0.030987	-0.187261	0.030989	0.981821	-0.622288	0.769620	-0.142979	-0.760060	-0.637749	-0.124836
61557	9.689260	-1.372623	-1.015335	0.037155	-0.032119	0.033926	-0.187771	0.031050	0.981722	-0.622520	0.769354	-0.143401	-0.759744	-0.638068	-0.125133
61558	9.636665	-1.418793	-0.987991	0.033385	-0.027513	0.036989	-0.188299	0.031196	0.981616	-0.622728	0.769093	-0.143897	-0.759443	-0.638375	-0.125393
61559	9.639816	-1.484179	-0.950046	0.039485	-0.029139	0.044048	-0.188850	0.031353	0.981505	-0.622958	0.768808	-0.144421	-0.759117	-0.638711	-0.125657
61560	9.641556	-1.529443	-0.925529	0.049097	-0.031661	0.041152	-0.189408	0.031528	0.981392	-0.623211	0.768501	-0.144967	-0.758771	-0.639072	-0.125911
61561	9.663713	-1.509630	-0.892542	0.064452	-0.032334	0.048996	-0.190014	0.031702	0.981270	-0.623620	0.768054	-0.145572	-0.758283	-0.639600	-0.126171
61562	9.650173	-1.456594	-0.893435	0.072441	-0.029848	0.050805	-0.190609	0.031934	0.981146	-0.624121	0.767522	-0.146230	-0.757721	-0.640227	-0.126366
61563	9.649176	-1.462200	-0.895045	0.080378	-0.026623	0.051234	-0.191186	0.032161	0.981027	-0.624646	0.766971	-0.146877	-0.757143	-0.640875	-0.126545
61564	9.618185	-1.465103	-0.844868	0.083840	-0.029255	0.054636	-0.191871	0.032427	0.980884	-0.625206	0.766370	-0.147632	-0.756507	-0.641581	-0.126770
61565	9.665874	-1.439163	-0.935437	0.079360	-0.029548	0.060564	-0.192528	0.032706	0.980746	-0.625703	0.765821	-0.148369	-0.755929	-0.642221	-0.126978
61566	9.622416	-1.384288	-0.884432	0.076836	-0.026473	0.062610	-0.193198	0.033081	0.980602	-0.626111	0.765331	-0.149175	-0.755420	-0.642786	-0.127148
61567	9.675727	-1.389899	-0.889416	0.062350	-0.031863	0.069247	-0.193928	0.033411	0.980447	-0.626461	0.764888	-0.149976	-0.754943	-0.643296	-0.127402
61568	9.641417	-1.404119	-0.898511	0.055623	-0.024755	0.072316	-0.194683	0.033837	0.980282	-0.626789	0.764445	-0.150866	-0.754476	-0.643801	-0.127616
61569	9.664084	-1.457667	-0.883702	0.043873	-0.028915	0.072034	-0.195408	0.034206	0.980125	-0.626993	0.764118	-0.151671	-0.754119	-0.644169	-0.127868
61570	9.651045	-1.477786	-0.903199	0.037339	-0.024758	0.080632	-0.196124	0.034751	0.979963	-0.627016	0.763918	-0.152578	-0.753914	-0.644377	-0.128033
61571	9.669756	-1.471418	-0.928903	0.022754	-0.022328	0.086058	-0.196888	0.035269	0.979791	-0.627032	0.763722	-0.153493	-0.753702	-0.644581	-0.128253
61572	9.656559	-1.492388	-0.948151	0.018148	-0.020379	0.087838	-0.197676	0.035864	0.979611	-0.626978	0.763568	-0.154473	-0.753540	-0.644731	-0.128453
61573	9.708333	-1.479897	-0.966283	0.011912	-0.012652	0.092924	-0.198409	0.036497	0.979440	-0.626897	0.763438	-0.155441	-0.753415	-0.644849	-0.128593
61574	9.739941	-1.482579	-0.959885	0.002337	-0.004510	0.098767	-0.199112	0.037241	0.979269	-0.626828	0.763283	-0.156479	-0.753287	-0.644990	-0.128635
61575	9.740535	-1.462093	-0.914995	-0.008867	-0.003208	0.104830	-0.199848	0.038025	0.979089	-0.626565	0.763281	-0.157537	-0.753310	-0.644946	-0.128715
61576	9.760232	-1.407068	-0.907291	-0.024395	0.004363	0.107766	-0.200625	0.038954	0.978893	-0.626078	0.763441	-0.158695	-0.753509	-0.644702	-0.128777
61577	9.709297	-1.284329	-0.967688	-0.051155	0.007689	0.113830	-0.201335	0.039878	0.978710	-0.625477	0.763706	-0.159787	-0.753819	-0.644332	-0.128818
61578	9.750801	-1.093286	-0.933204	-0.094149	0.016155	0.110949	-0.201986	0.040923	0.978533	-0.624430	0.764338	-0.160858	-0.754513	-0.643516	-0.128832
61579	9.740364	-1.014358	-0.885818	-0.149590	0.033818	0.116711	-0.202514	0.042038	0.978377	-0.623077	0.765231	-0.161850	-0.755488	-0.642381	-0.128777
61580	9.636897	-0.982597	-0.946035	-0.215593	0.038794	0.121033	-0.203057	0.043273	0.978210	-0.621185	0.766555	-0.162856	-0.756900	-0.640719	-0.128774
61581	9.613757	-0.965638	-0.947549	-0.298262	0.045371	0.119976	-0.203513	0.044489	0.978061	-0.618694	0.768390	-0.163689	-0.758815	-0.638433	-0.128852
61582	9.603217	-1.026886	-0.936814	-0.360528	0.056310	0.118038	-0.203926	0.045805	0.977914	-0.615711	0.770612	-0.164490	-0.761126	-0.635657	-0.128946
61583	9.538198	-1.087804	-0.922673	-0.401175	0.071556	0.111436	-0.204121	0.047124	0.977811	-0.612439	0.773084	-0.165106	-0.763710	-0.632551	-0.128942
61584	9.384206	-1.042619	-0.919499	-0.417947	0.077400	0.101375	-0.204237	0.048407	0.977724	-0.609148	0.775565	-0.165643	-0.766307	-0.629409	-0.128912
61585	9.258196	-1.442025	-1.073038	-0.451352	0.091209	0.087553	-0.204124	0.049666	0.977684	-0.605518	0.778335	-0.165961	-0.769209	-0.625882	-0.128804
61586	9.455190	-1.620019	-1.086777	-0.384485	0.080435	0.076622	-0.204071	0.050801	0.977637	-0.602424	0.780657	-0.166314	-0.771648	-0.622891	-0.128706
61587	9.609598	-1.969322	-1.095713	-0.400357	0.083325	0.088136	-0.204012	0.052014	0.977586	-0.599163	0.783079	-0.166704	-0.774198	-0.619743	-0.128593
61588	9.633045	-2.265278	-1.288799	-0.316785	0.070525	0.093103	-0.204109	0.053225	0.977500	-0.596526	0.784963	-0.167301	-0.776206	-0.617252	-0.128468
61589	9.719463	-2.356308	-1.290962	-0.175685	0.068363	0.101883	-0.204241	0.054454	0.977405	-0.594967	0.785972	-0.168115	-0.777367	-0.615860	-0.128129
61590	9.731730	-2.708597	-1.473197	-0.055678	0.083936	0.107638	-0.204344	0.055874	0.977303	-0.594292	0.786247	-0.169212	-0.777856	-0.615381	-0.127459
61591	9.677466	-2.712166	-1.633508	0.145670	0.083028	0.129267	-0.204523	0.057409	0.977177	-0.595174	0.785256	-0.170704	-0.777134	-0.616504	-0.126435
61592	9.724084	-2.653705	-1.732647	0.295331	0.083559	0.142076	-0.204797	0.059152	0.977015	-0.597006	0.783455	-0.172575	-0.775656	-0.618627	-0.125135
61593	9.833649	-2.149819	-1.660048	0.489579	0.107814	0.163123	-0.204995	0.061104	0.976854	-0.600477	0.780298	-0.174820	-0.772920	-0.622415	-0.123266
61594	9.467607	-1.583333	-1.282519	0.435357	0.118286	0.148811	-0.205054	0.063171	0.976710	-0.603212	0.777707	-0.176940	-0.770771	-0.625445	-0.121366
61595	9.440683	-1.432575	-1.361836	0.426369	0.058324	0.157183	-0.205612	0.064763	0.976488	-0.606183	0.774912	-0.179034	-0.768287	-0.628743	-0.120073
61596	9.537034	-1.130890	-1.395496	0.364431	0.025208	0.173900	-0.206604	0.066367	0.976171	-0.608499	0.772564	-0.181311	-0.766188	-0.631459	-0.119231
61597	9.561811	-0.855622	-1.336036	0.246683	0.018355	0.191644	-0.207687	0.067968	0.975831	-0.610004	0.770854	-0.183519	-0.764697	-0.633375	-0.118636
61598	9.418983	-0.784597	-1.097929	0.075767	0.021481	0.183118	-0.208694	0.069624	0.975500	-0.610030	0.770362	-0.185490	-0.764402	-0.633794	-0.118297
61599	9.413906	-1.090931	-0.868640	-0.064256	0.025330	0.175606	-0.209627	0.071144	0.975190	-0.609184	0.770625	-0.187171	-0.764821	-0.633306	-0.118204
61600	9.617408	-1.442530	-0.582779	-0.174313	0.029673	0.176408	-0.210597	0.072786	0.974859	-0.607311	0.771701	-0.188814	-0.766043	-0.631807	-0.118314
61601	9.647668	-1.819792	-0.468279	-0.257071	0.044320	0.175179	-0.211376	0.074426	0.974567	-0.604983	0.773173	-0.190261	-0.767669	-0.629813	-0.118403
61602	9.602550	-2.098898	-0.337485	-0.314006	0.036337	0.170409	-0.212179	0.076064	0.974266	-0.602098	0.775082	-0.191640	-0.769713	-0.627265	-0.118658
61603	9.745885	-2.505569	-0.319927	-0.312003	0.051631	0.184043	-0.212943	0.077823	0.973960	-0.599315	0.776873	-0.193107	-0.771672	-0.624829	-0.118790
61604	9.543279	-2.460957	-0.129473	-0.274561	0.071395	0.185945	-0.213544	0.079778	0.973671	-0.596764	0.778446	-0.194664	-0.773480	-0.622621	-0.118624
61605	9.360546	-2.452222	-0.225832	-0.275506	0.065828	0.166948	-0.214085	0.081495	0.973410	-0.594286	0.780003	-0.196006	-0.775236	-0.620446	-0.118556
61606	9.300498	-2.411363	-0.555083	-0.301165	0.042068	0.146886	-0.214707	0.083013	0.973144	-0.591507	0.781813	-0.197198	-0.777187	-0.617962	-0.118758
61607	9.405830	-2.223914	-1.215547	-0.348575	0.017798	0.115246	-0.215305	0.084033	0.972925	-0.588560	0.783846	-0.197948	-0.779257	-0.615243	-0.119307
61608	9.566708	-1.863326	-1.981863	-0.400660	0.004166	0.082964	-0.215837	0.084771	0.972743	-0.585264	0.786201	-0.198376	-0.781588	-0.612129	-0.120078
61609	9.575705	-1.584206	-2.427843	-0.446207	-0.018147	0.050264	-0.216328	0.085064	0.972608	-0.581676	0.788862	-0.198371	-0.784127	-0.608655	-0.121173
61610	9.484966	-1.585094	-2.734069	-0.449169	-0.036611	0.042364	-0.216915	0.085278	0.972458	-0.577946	0.791607	-0.198335	-0.786719	-0.605050	-0.122426
61611	9.401643	-1.729943	-2.764596	-0.414867	-0.071003	0.032512	-0.217718	0.085117	0.972293	-0.574620	0.794063	-0.198184	-0.788930	-0.601847	-0.123972
61612	9.435714	-1.958314	-2.794414	-0.347454	-0.096629	0.033429	-0.218729	0.084902	0.972085	-0.571690	0.796177	-0.198174	-0.790777	-0.599078	-0.125609
61613	9.478024	-2.163869	-2.879901	-0.249058	-0.118499	0.038927	-0.219945	0.084513	0.971845	-0.569646	0.797613	-0.198282	-0.791914	-0.597219	-0.127288
61614	9.482675	-2.221206	-2.900135	-0.134167	-0.133513	0.043873	-0.221309	0.084185	0.971563	-0.568264	0.798511	-0.198633	-0.792526	-0.596064	-0.128878
61615	9.465535	-2.177049	-2.738478	-0.024163	-0.139238	0.047495	-0.222738	0.083744	0.971275	-0.567980	0.798595	-0.199108	-0.792330	-0.596014	-0.130312
61616	9.430705	-2.080942	-2.529586	0.058986	-0.138430	0.042528	-0.224226	0.083274	0.970973	-0.568387	0.798155	-0.199710	-0.791618	-0.596669	-0.131636
61617	9.375344	-1.958674	-2.321493	0.112067	-0.148118	0.037946	-0.225670	0.082702	0.970687	-0.569201	0.797434	-0.200271	-0.790622	-0.597711	-0.132883
61618	9.399552	-1.900573	-2.031428	0.131543	-0.172518	0.030110	-0.227299	0.081970	0.970369	-0.570110	0.796642	-0.200837	-0.789500	-0.598867	-0.134344
61619	9.430349	-1.948820	-1.781881	0.135336	-0.186797	0.021416	-0.228951	0.081031	0.970060	-0.571141	0.795793	-0.201273	-0.788276	-0.600122	-0.135918
61620	9.432030	-1.972856	-1.493977	0.127811	-0.193487	0.020656	-0.230714	0.080113	0.969718	-0.571976	0.795068	-0.201768	-0.787156	-0.601206	-0.137611
61621	9.443595	-2.033962	-1.223532	0.121849	-0.208233	0.020529	-0.232526	0.079033	0.969374	-0.572898	0.794299	-0.202181	-0.785951	-0.602365	-0.139417
61622	9.501438	-1.994698	-0.978238	0.104583	-0.209101	0.017364	-0.234416	0.077977	0.969004	-0.573554	0.793713	-0.202622	-0.784911	-0.603274	-0.141335
61623	9.502674	-2.043889	-0.739205	0.077463	-0.196055	0.020034	-0.236126	0.076962	0.968670	-0.574126	0.793210	-0.202972	-0.783980	-0.604066	-0.143111
61624	9.505131	-2.113502	-0.486978	0.039284	-0.181102	0.018266	-0.237785	0.076074	0.968334	-0.574302	0.792992	-0.203325	-0.783349	-0.604464	-0.144872
61625	9.501767	-2.343209	-0.264724	0.024692	-0.159728	0.016393	-0.239187	0.075248	0.968053	-0.574468	0.792810	-0.203566	-0.782800	-0.604806	-0.146402
61626	9.461595	-2.605494	-0.094596	0.020034	-0.141040	0.024133	-0.240572	0.074667	0.967755	-0.574464	0.792710	-0.203966	-0.782379	-0.605009	-0.147811
61627	9.521558	-2.812855	0.074322	0.037284	-0.117273	0.034862	-0.241747	0.074243	0.967495	-0.574682	0.792439	-0.204405	-0.781856	-0.605417	-0.148903
61628	9.476220	-2.999889	0.140968	0.080582	-0.092543	0.047378	-0.242843	0.074183	0.967225	-0.575000	0.792025	-0.205112	-0.781282	-0.605965	-0.149683
61629	9.381816	-2.951618	0.035578	0.120448	-0.084844	0.056247	-0.243886	0.074123	0.966967	-0.575814	0.791233	-0.205883	-0.780357	-0.607006	-0.150290
61630	9.369467	-2.709187	-0.077441	0.129909	-0.074799	0.053157	-0.244946	0.074189	0.966694	-0.576578	0.790448	-0.206759	-0.779461	-0.608020	-0.150841
61631	9.322973	-2.481641	-0.356941	0.106606	-0.063193	0.047135	-0.245767	0.074186	0.966486	-0.577304	0.789745	-0.207422	-0.778665	-0.608933	-0.151265
61632	9.346499	-2.185065	-0.762289	0.066269	-0.080320	0.029468	-0.246687	0.074024	0.966264	-0.577652	0.789352	-0.207946	-0.778116	-0.609462	-0.151963
61633	9.403775	-1.924272	-1.138632	0.000892	-0.096518	0.012749	-0.247569	0.073546	0.966075	-0.577638	0.789318	-0.208116	-0.777846	-0.609564	-0.152927
61634	9.402481	-1.750111	-1.522430	-0.070337	-0.106803	-0.005112	-0.248555	0.072853	0.965874	-0.577255	0.789600	-0.208106	-0.777816	-0.609281	-0.154204
61635	9.401883	-1.698724	-1.833141	-0.113333	-0.129442	-0.018113	-0.249515	0.071932	0.965696	-0.576428	0.790284	-0.207802	-0.778121	-0.608504	-0.155724
61636	9.434352	-1.682164	-2.114698	-0.149159	-0.153285	-0.029286	-0.250709	0.070833	0.965467	-0.575338	0.791171	-0.207448	-0.778545	-0.607479	-0.157601
61637	9.512795	-1.711209	-2.336719	-0.162641	-0.173907	-0.031361	-0.251941	0.069540	0.965241	-0.574160	0.792161	-0.206934	-0.779016	-0.606337	-0.159651
61638	9.522520	-1.727331	-2.587339	-0.165995	-0.199078	-0.030391	-0.253467	0.068191	0.964938	-0.572830	0.793230	-0.206526	-0.779500	-0.605092	-0.161996
61639	9.573049	-1.640786	-2.764883	-0.161939	-0.218395	-0.027342	-0.255071	0.066664	0.964622	-0.571646	0.794208	-0.206045	-0.779846	-0.603979	-0.164471
61640	9.603249	-1.475580	-2.810125	-0.146351	-0.234392	-0.026189	-0.256874	0.065198	0.964243	-0.570337	0.795236	-0.205708	-0.780213	-0.602784	-0.167091
61641	9.580437	-1.496290	-2.638706	-0.126739	-0.232040	-0.020798	-0.258623	0.063645	0.963879	-0.569411	0.795994	-0.205341	-0.780311	-0.601949	-0.169622
61642	9.611861	-1.559780	-2.346574	-0.105645	-0.235398	-0.018942	-0.260476	0.062230	0.963473	-0.568401	0.796770	-0.205130	-0.780431	-0.601071	-0.172168
61643	9.616035	-1.840144	-1.937239	-0.075098	-0.228411	-0.011047	-0.262253	0.060780	0.963083	-0.567853	0.797209	-0.204941	-0.780235	-0.600636	-0.174556
61644	9.645979	-2.016900	-1.541154	-0.030233	-0.228484	-0.004243	-0.264120	0.059501	0.962653	-0.567440	0.797493	-0.204979	-0.779905	-0.600387	-0.176870
61645	9.664398	-2.007796	-1.113067	0.008896	-0.225793	0.006917	-0.265977	0.058211	0.962220	-0.567500	0.797417	-0.205110	-0.779230	-0.600614	-0.179059
61646	9.697476	-1.949416	-0.791358	0.023598	-0.212278	0.017558	-0.267912	0.057112	0.961749	-0.567622	0.797239	-0.205464	-0.778478	-0.600956	-0.181172
61647	9.668868	-1.831585	-0.457793	0.017119	-0.186584	0.033394	-0.269611	0.056268	0.961324	-0.567674	0.797099	-0.205864	-0.777853	-0.601222	-0.182965
61648	9.618882	-1.843574	-0.197166	-0.035339	-0.175499	0.040007	-0.271431	0.055558	0.960853	-0.567359	0.797193	-0.206368	-0.777451	-0.601163	-0.184861
61649	9.545043	-1.921844	-0.047567	-0.107384	-0.162120	0.046012	-0.273010	0.054962	0.960440	-0.566407	0.797794	-0.206659	-0.777592	-0.600419	-0.186675
61650	9.485239	-1.993991	-0.081740	-0.187815	-0.147808	0.045001	-0.274582	0.054598	0.960012	-0.564623	0.798987	-0.206933	-0.778336	-0.598865	-0.188560
61651	9.443221	-1.983436	0.024363	-0.261999	-0.136753	0.033784	-0.275895	0.054062	0.959666	-0.562497	0.800517	-0.206809	-0.779410	-0.596867	-0.190449
61652	9.475849	-1.959014	0.100357	-0.341949	-0.124754	0.020624	-0.277166	0.053633	0.959324	-0.559564	0.802639	-0.206541	-0.781068	-0.594049	-0.192453
61653	9.476291	-1.982150	0.094150	-0.420323	-0.103382	0.012718	-0.278103	0.053135	0.959080	-0.556249	0.805104	-0.205899	-0.783100	-0.590749	-0.194346
61654	9.402939	-2.040898	-0.072042	-0.496006	-0.099866	0.008909	-0.279135	0.052784	0.958800	-0.552130	0.808105	-0.205230	-0.785644	-0.586669	-0.196427
61655	9.414503	-2.031235	-0.477572	-0.559154	-0.109033	0.004782	-0.280078	0.052199	0.958557	-0.547723	0.811353	-0.204220	-0.788388	-0.582221	-0.198652
61656	9.533106	-1.799901	-1.057258	-0.634804	-0.135131	-0.008551	-0.281219	0.051535	0.958259	-0.542474	0.815167	-0.203039	-0.791605	-0.576929	-0.201284
61657	9.647505	-1.713349	-1.716332	-0.717736	-0.147538	-0.010419	-0.282391	0.050617	0.957963	-0.536817	0.819275	-0.201534	-0.795037	-0.571162	-0.204184
61658	9.598636	-1.654004	-2.335664	-0.780272	-0.174316	-0.026339	-0.283785	0.049450	0.957612	-0.530772	0.823621	-0.199824	-0.798591	-0.564980	-0.207484
61659	9.618075	-1.641768	-2.812022	-0.825469	-0.208626	-0.044461	-0.285278	0.047926	0.957246	-0.524298	0.828262	-0.197720	-0.802326	-0.558287	-0.211158
61660	9.797992	-1.745793	-3.013792	-0.820848	-0.236631	-0.072391	-0.286958	0.046156	0.956830	-0.517733	0.832918	-0.195449	-0.805982	-0.551468	-0.215116
61661	10.005096	-1.847302	-3.172412	-0.753502	-0.242095	-0.108828	-0.288411	0.043935	0.956498	-0.511968	0.837083	-0.192823	-0.809140	-0.545309	-0.218930
61662	10.060635	-1.789790	-3.167260	-0.672357	-0.226348	-0.128033	-0.289778	0.041665	0.956187	-0.506943	0.840719	-0.190265	-0.811812	-0.539866	-0.222500
61663	9.848828	-1.973088	-3.066447	-0.580208	-0.215245	-0.117158	-0.290994	0.039538	0.955908	-0.502573	0.843869	-0.187895	-0.814090	-0.535090	-0.225690
61664	9.551615	-2.032562	-2.966773	-0.484568	-0.219619	-0.088798	-0.292533	0.037686	0.955513	-0.498916	0.846427	-0.186128	-0.815786	-0.531169	-0.228806
61665	9.418620	-2.108050	-2.788151	-0.416468	-0.254215	-0.062443	-0.294355	0.035828	0.955024	-0.495706	0.848640	-0.184622	-0.817086	-0.527756	-0.232042
61666	9.473556	-2.091831	-2.537218	-0.382035	-0.257576	-0.043375	-0.296365	0.034233	0.954461	-0.492596	0.850700	-0.183465	-0.818240	-0.524536	-0.235254
61667	9.549305	-2.025570	-2.229106	-0.371319	-0.253352	-0.031425	-0.298342	0.032659	0.953900	-0.489656	0.852637	-0.182337	-0.819285	-0.521482	-0.238386
61668	9.549123	-1.889863	-1.929906	-0.389747	-0.239913	-0.035585	-0.300260	0.031233	0.953346	-0.486423	0.854727	-0.181203	-0.820510	-0.518137	-0.241448
61669	9.626190	-1.783031	-1.639149	-0.425417	-0.214730	-0.047318	-0.301851	0.029738	0.952891	-0.483078	0.856924	-0.179770	-0.821901	-0.514585	-0.244298
61670	9.573266	-1.818042	-1.406707	-0.462187	-0.180758	-0.066345	-0.303109	0.028411	0.952532	-0.479280	0.859392	-0.178147	-0.823660	-0.510528	-0.246873
61671	9.465468	-2.021656	-1.244995	-0.485526	-0.156182	-0.088601	-0.304032	0.026874	0.952283	-0.475552	0.861871	-0.176150	-0.825479	-0.506415	-0.249256
61672	9.412977	-2.283353	-1.162917	-0.498972	-0.147417	-0.096597	-0.304898	0.025470	0.952044	-0.471536	0.864482	-0.174140	-0.827460	-0.502018	-0.251569
61673	9.431661	-2.482814	-1.132621	-0.480651	-0.139095	-0.106467	-0.305608	0.023873	0.951858	-0.467886	0.866897	-0.171964	-0.829269	-0.497915	-0.253761
61674	9.478297	-2.565707	-1.145796	-0.462591	-0.135502	-0.111777	-0.306338	0.022340	0.951661	-0.464404	0.869174	-0.169895	-0.830955	-0.494001	-0.255886
61675	9.657655	-2.430176	-1.164555	-0.435865	-0.130943	-0.122372	-0.306918	0.020652	0.951512	-0.461161	0.871332	-0.167663	-0.832545	-0.490259	-0.257904
61676	9.707687	-2.266804	-1.160163	-0.417586	-0.113496	-0.128343	-0.307391	0.019148	0.951390	-0.457978	0.873413	-0.165550	-0.834126	-0.486604	-0.259710
61677	9.634555	-2.110934	-1.021653	-0.399186	-0.082247	-0.134872	-0.307519	0.017592	0.951379	-0.455066	0.875360	-0.163279	-0.835671	-0.483152	-0.261185
61678	9.484299	-2.018052	-1.020495	-0.390102	-0.064288	-0.140271	-0.307501	0.016246	0.951409	-0.452094	0.877301	-0.161100	-0.837290	-0.479665	-0.262426
61679	9.329515	-1.935621	-0.976448	-0.391701	-0.056441	-0.145942	-0.307374	0.014717	0.951475	-0.449266	0.879183	-0.158734	-0.838857	-0.476256	-0.263626
61680	9.259057	-1.834340	-1.165388	-0.405644	-0.037313	-0.160298	-0.307037	0.013247	0.951605	-0.446320	0.881123	-0.156272	-0.840551	-0.472702	-0.264625
61681	9.202447	-1.722229	-1.334295	-0.430275	-0.030151	-0.172267	-0.306582	0.011608	0.951774	-0.443234	0.883158	-0.153544	-0.842348	-0.468933	-0.265615
61682	9.254015	-1.524648	-1.717931	-0.460577	-0.032761	-0.187391	-0.306080	0.010007	0.951953	-0.439788	0.885366	-0.150711	-0.844335	-0.464788	-0.266592
61683	9.376018	-1.358415	-2.073501	-0.488058	-0.034804	-0.198914	-0.305560	0.008106	0.952138	-0.436278	0.887629	-0.147567	-0.846342	-0.460487	-0.267687
61684	9.419937	-1.275655	-2.299335	-0.505772	-0.032856	-0.206265	-0.305031	0.006205	0.952322	-0.432717	0.889891	-0.144398	-0.848359	-0.456132	-0.268759
61685	9.536044	-1.306871	-2.432141	-0.537083	-0.024247	-0.197866	-0.304441	0.004356	0.952521	-0.428764	0.892326	-0.141120	-0.850575	-0.451370	-0.269793
61686	9.504551	-1.496280	-2.612932	-0.546815	-0.021513	-0.181430	-0.303914	0.002731	0.952696	-0.424735	0.894729	-0.138057	-0.852781	-0.446601	-0.270761
61687	9.491710	-1.666087	-2.817030	-0.496879	-0.017995	-0.168100	-0.303413	0.001170	0.952858	-0.421011	0.896929	-0.135161	-0.854804	-0.442173	-0.271647
61688	9.528272	-1.795663	-2.915362	-0.449193	-0.018320	-0.145301	-0.303001	-0.000154	0.952990	-0.417730	0.898832	-0.132671	-0.856558	-0.438292	-0.272411
61689	9.490129	-2.007108	-3.150033	-0.384266	-0.016170	-0.127316	-0.302665	-0.001345	0.953096	-0.414829	0.900498	-0.130462	-0.858085	-0.434858	-0.273107
61690	9.471632	-2.113818	-3.379227	-0.304849	-0.022546	-0.105535	-0.302480	-0.002326	0.953153	-0.412639	0.901750	-0.128749	-0.859206	-0.432252	-0.273721
61691	9.445665	-2.162525	-3.500233	-0.214171	-0.033178	-0.082012	-0.302483	-0.003183	0.953149	-0.411053	0.902661	-0.127434	-0.859965	-0.430342	-0.274348
61692	9.442308	-2.095735	-3.654891	-0.127016	-0.056588	-0.066612	-0.302722	-0.003904	0.953071	-0.410186	0.903174	-0.126587	-0.860295	-0.429257	-0.275012
61693	9.453860	-1.858632	-3.603961	-0.051737	-0.074335	-0.065684	-0.303148	-0.004790	0.952931	-0.409947	0.903382	-0.125872	-0.860258	-0.428810	-0.275822
61694	9.436368	-1.469557	-3.625388	-0.004067	-0.079305	-0.071999	-0.303579	-0.005699	0.952789	-0.410176	0.903360	-0.125288	-0.859997	-0.428846	-0.276579
61695	9.370272	-1.100692	-3.538785	0.009711	-0.078612	-0.086868	-0.303954	-0.006795	0.952662	-0.410531	0.903302	-0.124541	-0.859695	-0.428952	-0.277352
61696	9.299882	-0.742880	-3.412007	-0.015384	-0.078665	-0.107544	-0.304234	-0.008011	0.952564	-0.410786	0.903315	-0.123602	-0.859475	-0.428904	-0.278110
61697	9.299608	-0.446868	-3.343219	-0.052094	-0.072654	-0.126713	-0.304394	-0.009440	0.952500	-0.410731	0.903516	-0.122304	-0.859444	-0.428450	-0.278902
61698	9.284512	-0.309389	-3.133496	-0.084282	-0.063414	-0.146746	-0.304400	-0.010958	0.952481	-0.410518	0.903816	-0.120798	-0.859544	-0.427781	-0.279620
61699	9.340390	-0.242001	-2.849396	-0.111719	-0.040859	-0.162606	-0.304140	-0.012576	0.952544	-0.410060	0.904263	-0.118990	-0.859854	-0.426790	-0.280180
61700	9.346282	-0.257794	-2.491021	-0.128516	-0.013849	-0.172319	-0.303606	-0.014140	0.952693	-0.409555	0.904740	-0.117089	-0.860284	-0.425729	-0.280475
61701	9.312136	-0.208888	-2.158369	-0.153753	0.003001	-0.180971	-0.302895	-0.015739	0.952894	-0.408788	0.905356	-0.114987	-0.860899	-0.424361	-0.280662
61702	9.315729	-0.141444	-1.859659	-0.182294	0.011213	-0.192786	-0.302078	-0.017386	0.953125	-0.407896	0.906040	-0.112749	-0.861609	-0.422835	-0.280786
61703	9.399976	0.090667	-1.557451	-0.218281	0.031452	-0.207763	-0.301017	-0.019109	0.953427	-0.406649	0.906913	-0.110210	-0.862569	-0.420885	-0.280767
61704	9.627310	0.206931	-1.022613	-0.261465	0.085569	-0.232072	-0.299372	-0.020778	0.953910	-0.405154	0.907921	-0.107376	-0.863844	-0.418626	-0.280224
61705	9.817606	0.062564	-0.317120	-0.352671	0.174902	-0.243665	-0.296930	-0.022236	0.954640	-0.402839	0.909329	-0.104119	-0.865767	-0.415483	-0.278965
61706	9.834366	-0.210959	0.381420	-0.457294	0.255416	-0.257482	-0.293725	-0.023464	0.955602	-0.399711	0.911117	-0.100488	-0.868307	-0.411480	-0.276996
61707	9.798382	-0.602938	1.069794	-0.573216	0.313357	-0.266191	-0.289996	-0.024583	0.956712	-0.395510	0.913387	-0.096416	-0.871478	-0.406349	-0.274602
61708	9.929056	-0.989928	1.569914	-0.669689	0.372360	-0.273243	-0.285697	-0.025510	0.957980	-0.390535	0.915972	-0.092077	-0.875134	-0.400431	-0.271653
61709	9.954051	-1.128903	2.016512	-0.731908	0.432105	-0.288845	-0.280843	-0.026415	0.959390	-0.384942	0.918794	-0.087387	-0.879174	-0.393852	-0.268205
61710	9.955144	-1.048949	2.366131	-0.775358	0.486719	-0.307095	-0.275412	-0.027288	0.960939	-0.379057	0.921691	-0.082467	-0.883438	-0.386963	-0.264189
61711	9.974137	-0.835977	2.564336	-0.811288	0.541398	-0.331007	-0.269428	-0.028239	0.962606	-0.372784	0.924700	-0.077213	-0.887942	-0.379648	-0.259667
61712	9.939339	-0.428392	2.858190	-0.847853	0.609875	-0.352191	-0.262726	-0.029143	0.964430	-0.366290	0.927730	-0.071749	-0.892640	-0.372112	-0.254414
61713	10.005162	-0.137550	2.979065	-0.915425	0.652363	-0.365800	-0.255615	-0.030112	0.966310	-0.359055	0.930982	-0.065969	-0.897630	-0.363821	-0.248784
61714	10.273488	0.080954	2.939480	-0.985591	0.698330	-0.351982	-0.248095	-0.030794	0.968246	-0.351202	0.934358	-0.060273	-0.902832	-0.355004	-0.242624
61715	10.604184	0.337429	2.830493	-1.044220	0.759396	-0.333566	-0.240116	-0.031225	0.970242	-0.342573	0.937904	-0.054596	-0.908289	-0.345488	-0.235902
61716	10.910443	0.522260	2.658287	-1.109405	0.848083	-0.305755	-0.231342	-0.031133	0.972374	-0.333370	0.941513	-0.049169	-0.913972	-0.335535	-0.228191
61717	11.163991	0.701527	2.274949	-1.169207	0.936037	-0.287240	-0.221870	-0.030719	0.974592	-0.323313	0.945277	-0.043808	-0.919914	-0.324818	-0.219661
61718	11.336197	1.243651	1.858284	-1.300811	0.987232	-0.266923	-0.211896	-0.030024	0.976831	-0.312080	0.949275	-0.038520	-0.926124	-0.313011	-0.210517
61719	11.935527	1.251069	1.258231	-1.499766	1.031220	-0.211332	-0.201719	-0.028844	0.979019	-0.298592	0.953796	-0.033421	-0.932820	-0.299068	-0.201011
61720	12.244636	1.189275	0.580046	-1.639702	1.049587	-0.129018	-0.191473	-0.026902	0.981129	-0.283673	0.958480	-0.029080	-0.939611	-0.283888	-0.191154
61721	12.655347	0.244369	-0.296997	-1.789354	0.992634	-0.031778	-0.182077	-0.024437	0.982981	-0.266875	0.963394	-0.025483	-0.946375	-0.266973	-0.181933
61722	12.902987	-0.530924	-1.222924	-1.751444	0.981250	0.075212	-0.172943	-0.021094	0.984706	-0.250288	0.967893	-0.023224	-0.952600	-0.250476	-0.172670
61723	13.056402	-1.551576	-2.197435	-1.599781	1.026351	0.165059	-0.163588	-0.016962	0.986383	-0.234743	0.971803	-0.022220	-0.958193	-0.235182	-0.162957
61724	13.126053	-1.040719	-2.258625	-1.471569	1.008685	0.249743	-0.154416	-0.012157	0.987931	-0.220455	0.975139	-0.022458	-0.963097	-0.221262	-0.153257
61725	13.165576	-1.280155	-3.180029	-1.506969	1.036990	0.350885	-0.145201	-0.006471	0.989381	-0.205399	0.978390	-0.023745	-0.967847	-0.206666	-0.143393
61726	12.620938	-2.016820	-3.614707	-1.411136	1.033419	0.468392	-0.136039	0.000242	0.990703	-0.191362	0.981161	-0.026517	-0.972046	-0.193190	-0.133430
61727	12.402721	-3.658460	-4.656571	-1.117899	0.965638	0.605847	-0.127810	0.008047	0.991766	-0.179698	0.983229	-0.031135	-0.975384	-0.182198	-0.124220
61728	11.339546	-4.039198	-4.876695	-0.644187	1.011425	0.645527	-0.119016	0.016286	0.992759	-0.172925	0.984244	-0.036877	-0.977718	-0.176062	-0.114325
61729	10.568407	-4.476264	-5.115295	-0.203895	1.015865	0.622736	-0.110193	0.024235	0.993615	-0.170239	0.984469	-0.042892	-0.979222	-0.173878	-0.104356
61730	10.272077	-4.395601	-4.992382	0.313603	1.011693	0.596627	-0.101267	0.031923	0.994347	-0.173066	0.983680	-0.049206	-0.979690	-0.177070	-0.094090
61731	10.469902	-3.596934	-4.362338	0.805417	1.083563	0.561627	-0.091695	0.039444	0.995006	-0.180436	0.982016	-0.055557	-0.979303	-0.184630	-0.082929
61732	10.621190	-3.489039	-4.147299	1.197894	1.193513	0.561887	-0.081033	0.047293	0.995589	-0.192078	0.979409	-0.062158	-0.978029	-0.196267	-0.070281
61733	10.570208	-3.546551	-4.309383	1.606328	1.300762	0.537710	-0.069449	0.055242	0.996055	-0.207391	0.975851	-0.068582	-0.975790	-0.211335	-0.056315
61734	10.329233	-3.172498	-4.703729	1.992265	1.330531	0.474613	-0.057550	0.062906	0.996359	-0.226751	0.971106	-0.074409	-0.972251	-0.230207	-0.041623
61735	10.210080	-2.452364	-4.471094	2.190010	1.345798	0.377767	-0.045442	0.069839	0.996523	-0.247826	0.965580	-0.078971	-0.967738	-0.250553	-0.026570
61736	10.402769	-1.722948	-3.904687	2.297111	1.368614	0.275043	-0.032969	0.076215	0.996546	-0.270145	0.959296	-0.082303	-0.962255	-0.271925	-0.011038
61737	10.630085	-1.215833	-2.985760	2.334572	1.438693	0.194214	-0.019768	0.082173	0.996422	-0.292514	0.952533	-0.084357	-0.956057	-0.293135	0.005207
61738	10.289416	-0.532363	-2.881550	2.433848	1.473546	0.144286	-0.006204	0.088197	0.996084	-0.315885	0.944925	-0.085635	-0.948777	-0.315179	0.021998
61739	10.331282	0.960956	-2.951818	2.512282	1.549520	0.107408	0.008028	0.094298	0.995512	-0.339648	0.936614	-0.085980	-0.940518	-0.337434	0.039547
61740	10.346745	2.147330	-2.516945	2.415120	1.705505	0.073915	0.023698	0.101087	0.994595	-0.362463	0.928051	-0.085687	-0.931697	-0.358473	0.058633
61741	10.184931	2.272941	-1.647462	2.165322	1.797244	0.069368	0.040052	0.108366	0.993304	-0.382596	0.920003	-0.084942	-0.923047	-0.376632	0.078308
61742	9.491708	1.670110	-1.331410	1.943488	1.779354	0.036283	0.056218	0.115686	0.991694	-0.400635	0.912404	-0.083725	-0.914511	-0.392600	0.097641
61743	8.707380	1.772955	-1.498453	1.804182	1.709086	-0.048078	0.071915	0.122112	0.989907	-0.417059	0.905230	-0.081368	-0.906030	-0.406998	0.116028
61744	8.385928	2.498302	-1.625911	1.714924	1.682237	-0.138057	0.087627	0.127954	0.987901	-0.432554	0.898230	-0.077972	-0.897340	-0.420488	0.134056
61745	8.027374	3.134568	-1.268429	1.590390	1.672710	-0.213952	0.103448	0.133203	0.985675	-0.446585	0.891706	-0.073634	-0.888741	-0.432571	0.151732
61746	8.015171	3.323771	-0.641570	1.450747	1.606685	-0.263608	0.118810	0.137999	0.983280	-0.459239	0.885644	-0.068807	-0.880332	-0.443386	0.168598
61747	8.259191	3.317452	-0.221564	1.323816	1.515172	-0.313436	0.133486	0.142050	0.980818	-0.470478	0.880129	-0.063437	-0.872257	-0.452985	0.184316
61748	8.550267	3.397002	0.057625	1.156652	1.428835	-0.369604	0.147608	0.145413	0.978298	-0.480092	0.875321	-0.057669	-0.864710	-0.461160	0.199016
61749	8.635683	3.288306	0.242933	0.952256	1.356282	-0.421550	0.161272	0.148054	0.975741	-0.487677	0.871496	-0.051633	-0.857999	-0.467520	0.212751
61750	8.782653	2.926077	0.513768	0.766721	1.280263	-0.435327	0.174313	0.150335	0.973147	-0.493566	0.868504	-0.045760	-0.852061	-0.472335	0.225591
61751	8.813484	2.627625	0.859917	0.595931	1.217877	-0.430640	0.186734	0.152397	0.970518	-0.497886	0.866309	-0.040237	-0.846900	-0.475694	0.237646
61752	8.735165	2.216060	1.191276	0.438681	1.156800	-0.393552	0.198431	0.154535	0.967855	-0.500877	0.864795	-0.035389	-0.842465	-0.477754	0.249005
61753	8.679562	1.800042	1.521425	0.295586	1.095359	-0.352276	0.209348	0.156753	0.965195	-0.502680	0.863907	-0.031273	-0.838741	-0.478637	0.259653
61754	8.673926	1.431492	1.849288	0.160882	1.032555	-0.301792	0.219472	0.159101	0.962558	-0.503410	0.863595	-0.027961	-0.835710	-0.478425	0.269628
61755	8.799000	0.958907	1.916194	0.025250	0.971782	-0.252453	0.228794	0.161588	0.959970	-0.503092	0.863857	-0.025506	-0.833398	-0.477117	0.278939
61756	8.892064	0.310651	1.847364	-0.097155	0.912115	-0.212099	0.237417	0.164101	0.957447	-0.501810	0.864651	-0.023763	-0.831757	-0.474815	0.287630
61757	8.751980	-0.247007	1.847869	-0.169848	0.870375	-0.171674	0.245452	0.166760	0.954958	-0.500022	0.865716	-0.022656	-0.830501	-0.471939	0.295876
61758	8.448166	-0.776921	2.072682	-0.198904	0.829443	-0.129033	0.252943	0.169545	0.952509	-0.498068	0.866858	-0.022034	-0.829426	-0.468841	0.303711
61759	8.171824	-1.219254	2.431429	-0.148449	0.771462	-0.076836	0.259661	0.172511	0.950166	-0.496680	0.867660	-0.021798	-0.828182	-0.466268	0.310980
