// General information: 
//  MT Manager version: 2022.2.0 
//  XDA version: 2022.2.0 build 7381 rev 124627 built on 2023-07-19
// Device information: 
//  DeviceId: 00B4CBA7
//  ProductCode: MTW2-3A7G6
//  Firmware Version: 4.6.0
//  Hardware Version: 2.0.0
// Device settings: 
//  Filter Profile: human(46.1)
//  Option Flags: Orientation Smoother Disabled, Position/Velocity Smoother Disabled, Continuous Zero Rotation Update Disabled, AHS Disabled, ICC Disabled
// Coordinate system: ENU
PacketCounter	Acc_X	Acc_Y	Acc_Z	Gyr_X	Gyr_Y	Gyr_Z	Mat[1][1]	Mat[2][1]	Mat[3][1]	Mat[1][2]	Mat[2][2]	Mat[3][2]	Mat[1][3]	Mat[2][3]	Mat[3][3]
61308	9.318927	-2.183636	-0.862409	0.098858	-0.017613	-0.007426	-0.292654	0.073083	0.953421	-0.616299	0.747937	-0.246506	-0.731114	-0.659734	-0.173846
61309	9.317882	-2.017906	-1.141134	0.061824	-0.032185	-0.003286	-0.292837	0.072823	0.953385	-0.616768	0.747538	-0.246543	-0.730646	-0.660214	-0.173992
61310	9.307658	-2.222187	-1.522118	0.016226	-0.039746	0.007044	-0.293156	0.072486	0.953313	-0.617101	0.747250	-0.246585	-0.730237	-0.660578	-0.174329
61311	9.284527	-2.481307	-1.850605	0.005274	-0.037870	0.009728	-0.293460	0.072285	0.953234	-0.617118	0.747215	-0.246647	-0.730100	-0.660639	-0.174669
61312	9.268215	-2.464105	-2.039887	0.013766	-0.038257	0.014388	-0.293792	0.072107	0.953146	-0.617189	0.747120	-0.246760	-0.729907	-0.660767	-0.174994
61313	9.309294	-2.536026	-2.239388	0.010802	-0.035922	0.012147	-0.294096	0.071937	0.953065	-0.617239	0.747047	-0.246854	-0.729742	-0.660868	-0.175301
61314	9.342088	-2.559678	-2.323721	0.021495	-0.024676	0.011113	-0.294363	0.071777	0.952994	-0.617484	0.746803	-0.246978	-0.729427	-0.661160	-0.175510
61315	9.333515	-2.542689	-2.296634	0.021186	-0.009143	0.008440	-0.294450	0.071756	0.952969	-0.617622	0.746664	-0.247055	-0.729276	-0.661320	-0.175537
61316	9.232383	-2.506963	-2.137028	0.005113	0.005357	0.008511	-0.294441	0.071824	0.952967	-0.617638	0.746634	-0.247106	-0.729266	-0.661346	-0.175478
61317	9.243078	-2.557291	-1.994623	-0.005940	0.012061	0.002542	-0.294336	0.071899	0.952994	-0.617594	0.746678	-0.247080	-0.729345	-0.661288	-0.175370
61318	9.320036	-2.520741	-1.825753	0.000863	0.026717	0.003920	-0.294106	0.072059	0.953052	-0.617624	0.746664	-0.247050	-0.729412	-0.661287	-0.175093
61319	9.214929	-2.291620	-1.557881	-0.045194	0.038765	0.006769	-0.293833	0.072343	0.953115	-0.617282	0.746964	-0.246995	-0.729812	-0.660917	-0.174827
61320	9.217710	-2.281049	-1.455848	-0.107507	0.040073	0.003880	-0.293490	0.072599	0.953201	-0.616503	0.747683	-0.246767	-0.730607	-0.660076	-0.174680
61321	9.297014	-2.445516	-1.494121	-0.092399	0.029092	0.004122	-0.293271	0.072798	0.953254	-0.615823	0.748296	-0.246605	-0.731269	-0.659358	-0.174623
61322	9.361975	-2.480643	-1.515921	-0.080726	0.015678	0.005015	-0.293138	0.072928	0.953285	-0.615174	0.748879	-0.246458	-0.731869	-0.658682	-0.174661
61323	9.338864	-2.442948	-1.674266	-0.039137	0.003914	0.006973	-0.293119	0.072982	0.953286	-0.614874	0.749139	-0.246416	-0.732127	-0.658381	-0.174712
61324	9.356286	-2.345199	-1.838964	-0.011976	0.004611	0.006825	-0.293114	0.073058	0.953282	-0.614711	0.749267	-0.246434	-0.732267	-0.658226	-0.174711
61325	9.355987	-2.304124	-1.908128	0.004596	0.003006	0.007082	-0.293103	0.073107	0.953282	-0.614731	0.749238	-0.246469	-0.732254	-0.658253	-0.174663
61326	9.263752	-2.346002	-1.949318	0.003114	0.004176	0.005963	-0.293073	0.073144	0.953288	-0.614749	0.749220	-0.246481	-0.732251	-0.658270	-0.174610
61327	9.303196	-2.450375	-1.933726	0.015286	0.003654	0.007191	-0.293057	0.073198	0.953289	-0.614847	0.749121	-0.246536	-0.732175	-0.658376	-0.174530
61328	9.253947	-2.464085	-1.811708	0.022549	0.001884	0.007945	-0.293100	0.073212	0.953275	-0.615055	0.748921	-0.246627	-0.731983	-0.658603	-0.174479
61329	9.322925	-2.481856	-1.632550	0.011858	0.001238	0.007836	-0.293107	0.073255	0.953269	-0.615127	0.748844	-0.246682	-0.731920	-0.658686	-0.174430
61330	9.337648	-2.460138	-1.515762	0.010579	-0.000895	0.007740	-0.293137	0.073266	0.953259	-0.615206	0.748763	-0.246731	-0.731842	-0.658776	-0.174416
61331	9.386443	-2.501894	-1.411624	0.021018	-0.005111	0.003614	-0.293164	0.073236	0.953253	-0.615356	0.748629	-0.246762	-0.731704	-0.658932	-0.174405
61332	9.451895	-2.386305	-1.299110	0.047829	-0.007628	-0.001283	-0.293187	0.073130	0.953254	-0.615751	0.748295	-0.246789	-0.731363	-0.659322	-0.174360
61333	9.401688	-2.244763	-1.299529	0.047989	-0.008503	-0.004589	-0.293188	0.073016	0.953262	-0.616123	0.747989	-0.246789	-0.731050	-0.659682	-0.174315
61334	9.362357	-2.129672	-1.470960	0.015290	-0.014321	0.001283	-0.293274	0.072867	0.953247	-0.616315	0.747834	-0.246779	-0.730853	-0.659874	-0.174411
61335	9.302909	-2.345600	-1.729354	-0.005685	-0.011637	0.002002	-0.293339	0.072781	0.953234	-0.616275	0.747877	-0.246748	-0.730861	-0.659835	-0.174528
61336	9.234660	-2.472107	-1.942967	-0.003544	-0.014540	0.009405	-0.293478	0.072731	0.953195	-0.616215	0.747912	-0.246793	-0.730856	-0.659801	-0.174678
61337	9.280773	-2.481981	-2.009689	-0.006968	-0.006370	0.008931	-0.293547	0.072732	0.953174	-0.616145	0.747959	-0.246826	-0.730887	-0.659748	-0.174748
61338	9.234337	-2.503223	-2.031195	-0.006199	-0.006570	0.007582	-0.293624	0.072723	0.953151	-0.616061	0.748019	-0.246853	-0.730926	-0.659681	-0.174835
61339	9.249540	-2.510802	-2.001456	-0.002461	0.001481	0.007349	-0.293626	0.072763	0.953147	-0.616029	0.748037	-0.246879	-0.730953	-0.659657	-0.174819
61340	9.339577	-2.521599	-1.990229	0.012430	0.004347	0.005454	-0.293567	0.072787	0.953163	-0.616142	0.747942	-0.246883	-0.730881	-0.659761	-0.174724
61341	9.388418	-2.521790	-1.954539	0.028602	0.009347	0.003652	-0.293489	0.072852	0.953182	-0.616348	0.747758	-0.246928	-0.730739	-0.659963	-0.174556
61342	9.330613	-2.404043	-1.856230	0.031568	0.007015	0.005889	-0.293405	0.072909	0.953204	-0.616569	0.747563	-0.246966	-0.730586	-0.660177	-0.174385
61343	9.315404	-2.439573	-1.815327	0.035256	0.006901	0.002448	-0.293337	0.072949	0.953222	-0.616827	0.747335	-0.247010	-0.730395	-0.660431	-0.174224
61344	9.315671	-2.482093	-1.743912	0.045596	0.011741	0.004824	-0.293194	0.073067	0.953257	-0.617067	0.747122	-0.247058	-0.730250	-0.660659	-0.173964
61345	9.292466	-2.457718	-1.743646	0.042790	0.013194	-0.000720	-0.293060	0.073125	0.953294	-0.617389	0.746846	-0.247085	-0.730032	-0.660964	-0.173725
61346	9.300234	-2.446735	-1.683131	0.034046	0.016129	-0.002597	-0.292881	0.073185	0.953344	-0.617637	0.746648	-0.247064	-0.729894	-0.661181	-0.173477
61347	9.235885	-2.410729	-1.659336	0.020487	0.016160	-0.004427	-0.292703	0.073235	0.953395	-0.617807	0.746523	-0.247018	-0.729822	-0.661317	-0.173264
61348	9.261653	-2.384620	-1.624923	0.006002	0.017275	-0.001607	-0.292596	0.073303	0.953422	-0.617867	0.746477	-0.247009	-0.729814	-0.661362	-0.173124
61349	9.331405	-2.389157	-1.600686	-0.010377	0.015569	-0.000832	-0.292444	0.073376	0.953463	-0.617801	0.746553	-0.246943	-0.729931	-0.661268	-0.172993
61350	9.326961	-2.420274	-1.643862	-0.022043	0.018417	-0.000621	-0.292243	0.073415	0.953522	-0.617756	0.746631	-0.246820	-0.730049	-0.661175	-0.172845
61351	9.348506	-2.455017	-1.741023	-0.018663	0.012664	-0.004469	-0.292090	0.073441	0.953567	-0.617640	0.746764	-0.246705	-0.730208	-0.661021	-0.172762
61352	9.450490	-2.574179	-1.759079	-0.027961	0.041084	0.000773	-0.291791	0.073732	0.953636	-0.617336	0.747035	-0.246649	-0.730585	-0.660684	-0.172460
61353	9.274684	-1.890249	-1.466722	-0.097502	0.101374	0.006550	-0.291058	0.074427	0.953806	-0.616611	0.747681	-0.246504	-0.731489	-0.659874	-0.171726
61354	8.950119	-1.577429	-1.162708	-0.309704	0.121730	0.017544	-0.290229	0.075352	0.953986	-0.614241	0.749765	-0.246090	-0.733809	-0.657400	-0.171320
61355	9.070390	-2.709653	-1.447721	-0.381574	0.087546	0.017243	-0.289659	0.076031	0.954105	-0.611393	0.752262	-0.245561	-0.736408	-0.654462	-0.171414
61356	9.482808	-2.989781	-1.509204	-0.233707	0.042361	0.014855	-0.289423	0.076386	0.954148	-0.609639	0.753780	-0.245268	-0.737953	-0.652672	-0.171594
61357	9.390102	-2.386712	-1.438685	-0.196257	0.029147	0.015026	-0.289267	0.076665	0.954173	-0.608153	0.755055	-0.245034	-0.739239	-0.651164	-0.171788
61358	9.325867	-2.222227	-1.627243	-0.209417	0.003956	0.012948	-0.289255	0.076693	0.954175	-0.606727	0.756305	-0.244716	-0.740415	-0.649709	-0.172234
61359	9.438267	-2.292656	-1.805572	-0.183099	-0.000864	0.006643	-0.289270	0.076713	0.954169	-0.605358	0.757495	-0.244423	-0.741529	-0.648318	-0.172682
61360	9.460604	-2.352334	-1.994978	-0.128121	-0.007991	0.001940	-0.289323	0.076682	0.954155	-0.604321	0.758396	-0.244194	-0.742353	-0.647267	-0.173081
61361	9.379149	-2.428646	-2.055820	-0.096027	-0.005366	-0.001414	-0.289322	0.076612	0.954161	-0.603619	0.759026	-0.243975	-0.742924	-0.646537	-0.173359
61362	9.329715	-2.662108	-2.091845	-0.056541	-0.005436	-0.007294	-0.289277	0.076527	0.954182	-0.603135	0.759479	-0.243763	-0.743335	-0.646015	-0.173543
61363	9.337729	-2.721247	-2.052708	-0.000021	-0.004893	-0.011390	-0.289212	0.076385	0.954213	-0.603175	0.759495	-0.243614	-0.743328	-0.646013	-0.173582
61364	9.335664	-2.550308	-1.929759	0.026314	-0.004139	-0.010073	-0.289155	0.076242	0.954241	-0.603423	0.759328	-0.243518	-0.743148	-0.646226	-0.173558
61365	9.310713	-2.467991	-1.757371	0.014518	-0.000368	-0.006575	-0.289086	0.076165	0.954268	-0.603558	0.759246	-0.243441	-0.743066	-0.646331	-0.173518
61366	9.296426	-2.423709	-1.600156	-0.004835	-0.000423	-0.004311	-0.289078	0.076140	0.954273	-0.603442	0.759355	-0.243388	-0.743163	-0.646206	-0.173567
61367	9.287569	-2.376854	-1.485316	-0.015243	-0.003534	-0.007277	-0.289028	0.076037	0.954296	-0.603357	0.759466	-0.243252	-0.743252	-0.646088	-0.173630
61368	9.327503	-2.287222	-1.404720	-0.025564	-0.000950	-0.002663	-0.288955	0.075981	0.954323	-0.603173	0.759656	-0.243114	-0.743430	-0.645871	-0.173676
61369	9.358243	-2.258749	-1.414542	-0.037921	-0.007651	-0.003901	-0.288956	0.075878	0.954331	-0.602909	0.759911	-0.242971	-0.743643	-0.645583	-0.173834
61370	9.415818	-2.303773	-1.496820	-0.049962	-0.008711	-0.004678	-0.288988	0.075742	0.954332	-0.602589	0.760217	-0.242810	-0.743890	-0.645239	-0.174052
61371	9.360645	-2.383824	-1.610287	-0.041080	-0.012562	-0.006103	-0.289013	0.075590	0.954336	-0.602308	0.760494	-0.242640	-0.744108	-0.644930	-0.174264
61372	9.279431	-2.418121	-1.739039	-0.034952	-0.017356	-0.008763	-0.289122	0.075374	0.954320	-0.602099	0.760706	-0.242494	-0.744235	-0.644706	-0.174554
61373	9.272798	-2.498159	-1.818011	-0.013423	-0.019485	-0.007452	-0.289190	0.075167	0.954316	-0.602028	0.760805	-0.242360	-0.744266	-0.644613	-0.174765
61374	9.346738	-2.428926	-1.820884	0.010067	-0.025361	-0.014958	-0.289312	0.074877	0.954302	-0.602113	0.760777	-0.242233	-0.744149	-0.644679	-0.175018
61375	9.364589	-2.455717	-1.779341	0.022717	-0.023633	-0.012225	-0.289382	0.074607	0.954302	-0.602325	0.760647	-0.242116	-0.743951	-0.644864	-0.175180
61376	9.449472	-2.424496	-1.796064	0.014488	-0.005241	-0.017978	-0.289296	0.074376	0.954346	-0.602565	0.760517	-0.241929	-0.743790	-0.645045	-0.175198
61377	9.296116	-2.255456	-1.735172	-0.014197	0.004381	-0.012463	-0.289156	0.074284	0.954395	-0.602503	0.760625	-0.241745	-0.743894	-0.644928	-0.175183
61378	9.331097	-2.167107	-1.611638	-0.098733	0.027995	-0.010013	-0.288845	0.074371	0.954483	-0.601772	0.761304	-0.241427	-0.744607	-0.644116	-0.175145
61379	9.277019	-2.095673	-1.585753	-0.173553	0.045161	-0.006059	-0.288440	0.074591	0.954588	-0.600503	0.762432	-0.241025	-0.745787	-0.642754	-0.175124
61380	9.317379	-2.195685	-1.572515	-0.233830	0.051452	-0.007707	-0.287993	0.074860	0.954702	-0.598715	0.763998	-0.240514	-0.747396	-0.640861	-0.175206
61381	9.316281	-2.285023	-1.536809	-0.262167	0.048151	-0.004088	-0.287576	0.075112	0.954808	-0.596772	0.765686	-0.239975	-0.749108	-0.638814	-0.175368
61382	9.290587	-2.470246	-1.555007	-0.269728	0.035588	-0.004933	-0.287337	0.075280	0.954867	-0.594750	0.767415	-0.239473	-0.750806	-0.636716	-0.175734
61383	9.374223	-2.485461	-1.606012	-0.243736	0.025168	-0.011751	-0.287047	0.075325	0.954950	-0.592958	0.768980	-0.238892	-0.752333	-0.634819	-0.176069
61384	9.284800	-2.470211	-1.620814	-0.209432	0.015816	-0.014330	-0.286827	0.075331	0.955016	-0.591314	0.770410	-0.238363	-0.753710	-0.633083	-0.176430
61385	9.374982	-2.508691	-1.801316	-0.190813	0.008822	-0.022386	-0.286597	0.075189	0.955096	-0.589946	0.771640	-0.237772	-0.754869	-0.631600	-0.176792
61386	9.403961	-2.602127	-1.965385	-0.154134	0.007798	-0.029437	-0.286346	0.074985	0.955187	-0.588862	0.772648	-0.237185	-0.755809	-0.630391	-0.177089
61387	9.321261	-2.653317	-2.040778	-0.111359	0.001938	-0.039153	-0.286070	0.074670	0.955295	-0.588139	0.773386	-0.236573	-0.756476	-0.629523	-0.177326
61388	9.265721	-2.629580	-2.048986	-0.080163	0.007140	-0.045317	-0.285760	0.074333	0.955414	-0.587674	0.773920	-0.235983	-0.756955	-0.628906	-0.177472
61389	9.221808	-2.567153	-1.952054	-0.057578	0.003105	-0.051949	-0.285400	0.073925	0.955553	-0.587393	0.774327	-0.235344	-0.757309	-0.628452	-0.177570
61390	9.354696	-2.625149	-1.898522	-0.040784	-0.008395	-0.061608	-0.285104	0.073428	0.955680	-0.587110	0.774744	-0.234677	-0.757639	-0.627997	-0.177772
61391	9.364879	-2.603689	-1.740880	-0.028033	-0.005038	-0.066419	-0.284721	0.072857	0.955838	-0.587094	0.774976	-0.233952	-0.757796	-0.627777	-0.177878
61392	9.296610	-2.444486	-1.625393	-0.021466	-0.013109	-0.075274	-0.284335	0.072133	0.956007	-0.587224	0.775123	-0.233137	-0.757840	-0.627680	-0.178037
61393	9.274766	-2.455921	-1.560588	-0.029781	-0.014178	-0.079521	-0.283945	0.071402	0.956178	-0.587231	0.775374	-0.232283	-0.757981	-0.627453	-0.178234
61394	9.376475	-2.469184	-1.480376	-0.028855	-0.023254	-0.087567	-0.283612	0.070545	0.956341	-0.587280	0.775607	-0.231377	-0.758067	-0.627261	-0.178542
61395	9.296394	-2.467561	-1.523282	-0.016691	-0.031126	-0.093446	-0.283268	0.069599	0.956512	-0.587425	0.775784	-0.230413	-0.758084	-0.627148	-0.178870
61396	9.236222	-2.323529	-1.438073	-0.037021	-0.022589	-0.099430	-0.282827	0.068658	0.956711	-0.587438	0.776088	-0.229356	-0.758238	-0.626876	-0.179166
61397	9.106337	-2.129473	-1.443618	-0.065884	-0.025819	-0.101620	-0.282394	0.067682	0.956908	-0.587232	0.776577	-0.228226	-0.758559	-0.626377	-0.179556
61398	9.138636	-2.090093	-1.456185	-0.119861	-0.031509	-0.113215	-0.281948	0.066566	0.957118	-0.586683	0.777383	-0.226891	-0.759150	-0.625496	-0.180128
61399	9.274273	-2.527648	-1.654696	-0.135930	-0.058125	-0.126104	-0.281619	0.065196	0.957309	-0.586012	0.778322	-0.225398	-0.759790	-0.624471	-0.180984
61400	9.271706	-2.758139	-1.727454	-0.076619	-0.067994	-0.131266	-0.281360	0.063751	0.957482	-0.585741	0.778934	-0.223986	-0.760095	-0.623857	-0.181819
61401	9.197194	-2.628336	-1.763625	-0.018946	-0.072440	-0.142304	-0.281046	0.062165	0.957679	-0.586003	0.779148	-0.222548	-0.760009	-0.623749	-0.182548
61402	9.194914	-2.523927	-1.763436	-0.001486	-0.075028	-0.146687	-0.280778	0.060530	0.957862	-0.586420	0.779236	-0.221139	-0.759786	-0.623801	-0.183297
61403	9.242242	-2.445331	-1.815934	0.012847	-0.074394	-0.149959	-0.280432	0.058871	0.958067	-0.586945	0.779252	-0.219686	-0.759509	-0.623940	-0.183973
61404	9.327942	-2.279318	-1.784293	0.015163	-0.066736	-0.150645	-0.280062	0.057282	0.958271	-0.587434	0.779283	-0.218264	-0.759267	-0.624049	-0.184598
61405	9.347957	-1.984617	-1.763642	-0.021975	-0.057532	-0.145956	-0.279610	0.055759	0.958493	-0.587682	0.779509	-0.216785	-0.759242	-0.623905	-0.185190
61406	9.404885	-1.916294	-1.744120	-0.103797	-0.048590	-0.145511	-0.279106	0.054295	0.958724	-0.587322	0.780228	-0.215168	-0.759706	-0.623134	-0.185878
61407	9.389851	-2.181095	-1.778259	-0.146823	-0.051608	-0.148226	-0.278597	0.052790	0.958956	-0.586625	0.781228	-0.213434	-0.760430	-0.622010	-0.186680
61408	9.330368	-2.321611	-1.836741	-0.126729	-0.060421	-0.151495	-0.278128	0.051206	0.959178	-0.586096	0.782097	-0.211699	-0.761010	-0.621050	-0.187511
61409	9.324689	-2.363335	-1.936850	-0.102319	-0.058788	-0.160418	-0.277604	0.049560	0.959416	-0.585769	0.782818	-0.209928	-0.761453	-0.620273	-0.188283
61410	9.127019	-2.783576	-2.037983	-0.096134	-0.056476	-0.179379	-0.276996	0.047780	0.959682	-0.585555	0.783488	-0.208019	-0.761839	-0.619568	-0.189045
61411	8.864457	-3.345294	-2.301882	0.002025	-0.058947	-0.192545	-0.276286	0.045881	0.959980	-0.586110	0.783571	-0.206135	-0.761670	-0.619606	-0.189599
61412	8.948366	-2.911875	-2.213882	0.136320	-0.062165	-0.198629	-0.275620	0.043937	0.960262	-0.587667	0.782835	-0.204494	-0.760711	-0.620677	-0.189945
61413	9.259869	-2.231412	-2.159752	0.188345	-0.056943	-0.189880	-0.274904	0.042072	0.960551	-0.589627	0.781752	-0.202989	-0.759452	-0.622169	-0.190100
61414	9.590766	-1.161233	-1.955744	0.125764	-0.047008	-0.171980	-0.274278	0.040431	0.960800	-0.591034	0.781051	-0.201588	-0.758584	-0.623157	-0.190329
61415	9.704240	-0.714427	-1.764219	-0.050469	-0.026343	-0.149427	-0.273564	0.039074	0.961060	-0.591067	0.781430	-0.200016	-0.758817	-0.622768	-0.190676
61416	9.386488	-1.158915	-1.717874	-0.233627	-0.002096	-0.142374	-0.272760	0.037895	0.961335	-0.589780	0.782865	-0.198198	-0.760106	-0.621037	-0.191185
61417	9.038608	-1.806092	-1.710290	-0.245684	-0.002297	-0.139903	-0.271923	0.036759	0.961617	-0.588298	0.784446	-0.196343	-0.761553	-0.619107	-0.191684
61418	9.120902	-1.730653	-1.499803	-0.117606	-0.017322	-0.139275	-0.271241	0.035489	0.961857	-0.587923	0.785121	-0.194761	-0.762086	-0.618325	-0.192093
61419	9.471313	-1.413900	-1.347592	0.002636	-0.030329	-0.145142	-0.270588	0.034136	0.962090	-0.588342	0.785160	-0.193330	-0.761994	-0.618351	-0.192371
61420	9.932185	-0.865133	-1.273264	0.071001	-0.027448	-0.132275	-0.270005	0.032861	0.962298	-0.589372	0.784674	-0.192163	-0.761405	-0.619037	-0.192498
61421	10.203131	-0.362259	-1.309400	-0.064407	0.007561	-0.094672	-0.269358	0.032139	0.962504	-0.589143	0.785108	-0.191088	-0.761811	-0.618524	-0.192541
61422	10.015544	-0.445865	-1.450605	-0.342235	0.086326	-0.067035	-0.268288	0.032135	0.962803	-0.586678	0.787274	-0.189756	-0.764088	-0.615765	-0.192364
61423	9.282130	-0.664849	-1.795457	-0.561641	0.104668	-0.057030	-0.267123	0.032301	0.963121	-0.582536	0.790744	-0.188086	-0.767657	-0.611295	-0.192409
61424	9.357826	-1.979464	-2.442264	-0.592245	0.072574	-0.059406	-0.266195	0.032230	0.963380	-0.578181	0.794346	-0.186334	-0.771263	-0.606610	-0.192817
61425	9.570172	-2.241890	-2.738862	-0.474946	0.080662	-0.051835	-0.265243	0.032278	0.963641	-0.574655	0.797240	-0.184879	-0.774221	-0.602799	-0.192913
61426	9.309943	-2.245849	-2.989632	-0.454907	0.088510	-0.048347	-0.264281	0.032378	0.963902	-0.571314	0.799952	-0.183513	-0.777018	-0.599189	-0.192914
61427	9.114079	-2.700482	-3.102676	-0.405534	0.082341	-0.056300	-0.263289	0.032392	0.964173	-0.568312	0.802399	-0.182148	-0.779551	-0.595908	-0.192854
61428	9.020545	-3.004693	-3.086005	-0.259364	0.068352	-0.076177	-0.262311	0.032172	0.964447	-0.566449	0.804001	-0.180883	-0.781235	-0.593757	-0.192675
61429	9.480791	-2.604963	-2.849511	-0.035507	0.074366	-0.084746	-0.261220	0.031905	0.964752	-0.566399	0.804244	-0.179957	-0.781637	-0.593443	-0.192014
61430	9.318382	-1.464411	-2.114858	-0.010647	0.079454	-0.079447	-0.260148	0.031689	0.965049	-0.566587	0.804292	-0.179145	-0.781858	-0.593388	-0.191281
61431	9.297766	-1.064874	-1.372653	-0.153824	0.085707	-0.058409	-0.259117	0.031700	0.965326	-0.565541	0.805228	-0.178248	-0.782957	-0.592118	-0.190721
61432	9.721555	-0.605759	-0.810539	-0.305021	0.085726	-0.033325	-0.258309	0.031929	0.965535	-0.563189	0.807070	-0.177359	-0.784917	-0.589592	-0.190491
61433	10.068415	-0.620642	-0.449574	-0.451398	0.068086	-0.012797	-0.257672	0.032199	0.965696	-0.559679	0.809732	-0.176335	-0.787632	-0.585916	-0.190624
61434	9.957212	-0.758359	-0.309423	-0.500356	0.028072	0.001073	-0.257441	0.032345	0.965753	-0.555717	0.812668	-0.175355	-0.790508	-0.581828	-0.191240
61435	9.811692	-1.050501	-0.488558	-0.455850	-0.014872	0.003886	-0.257551	0.032263	0.965726	-0.552103	0.815315	-0.174479	-0.793001	-0.578117	-0.192173
61436	9.785154	-1.385194	-0.995392	-0.300068	-0.059470	0.001802	-0.258015	0.031910	0.965614	-0.549702	0.817063	-0.173883	-0.794516	-0.575664	-0.193274
61437	9.742696	-1.633628	-1.552180	-0.113172	-0.096551	-0.004464	-0.258729	0.031290	0.965443	-0.548820	0.817720	-0.173580	-0.794894	-0.574765	-0.194395
61438	9.579895	-1.708186	-2.112305	0.016459	-0.124272	0.000743	-0.259744	0.030560	0.965194	-0.548939	0.817633	-0.173613	-0.794480	-0.574928	-0.195600
61439	9.472739	-1.924214	-2.685818	0.088084	-0.125089	0.015150	-0.260791	0.029937	0.964931	-0.549605	0.817126	-0.173893	-0.793676	-0.575681	-0.196646
61440	9.306328	-2.060474	-3.036336	0.123210	-0.115164	0.016164	-0.261789	0.029385	0.964678	-0.550515	0.816434	-0.174265	-0.792717	-0.576690	-0.197557
61441	9.188502	-2.301680	-3.179295	0.116480	-0.103745	0.017254	-0.262677	0.028900	0.964451	-0.551398	0.815762	-0.174623	-0.791809	-0.577666	-0.198347
61442	9.124301	-2.715504	-3.138647	0.129584	-0.089518	0.010620	-0.263482	0.028442	0.964245	-0.552401	0.815006	-0.174984	-0.790842	-0.578755	-0.199028
61443	9.135201	-2.614224	-2.951893	0.226446	-0.078176	0.003637	-0.264090	0.027991	0.964092	-0.554186	0.813697	-0.175430	-0.789389	-0.580615	-0.199377
61444	9.268291	-1.880402	-2.427868	0.238860	-0.067449	0.006300	-0.264628	0.027617	0.963955	-0.556057	0.812312	-0.175923	-0.787891	-0.582568	-0.199604
61445	9.273417	-1.618074	-2.004136	0.175015	-0.065363	0.006913	-0.265152	0.027265	0.963821	-0.557423	0.811294	-0.176300	-0.786749	-0.584002	-0.199918
61446	9.522261	-1.108200	-1.476549	0.118847	-0.066627	0.017903	-0.265779	0.026978	0.963656	-0.558352	0.810570	-0.176688	-0.785878	-0.585020	-0.200369
61447	9.676062	-0.811444	-1.250052	0.012978	-0.062710	0.038531	-0.266458	0.026896	0.963471	-0.558358	0.810489	-0.177045	-0.785644	-0.585137	-0.200943
61448	9.531460	-0.916239	-1.086820	-0.060136	-0.072896	0.051260	-0.267318	0.026871	0.963234	-0.557702	0.810863	-0.177395	-0.785817	-0.584619	-0.201772
61449	9.544947	-1.176252	-1.100864	-0.066557	-0.089367	0.056669	-0.268307	0.026781	0.962961	-0.557034	0.811241	-0.177767	-0.785955	-0.584098	-0.202744
61450	9.555030	-1.436881	-1.217405	-0.033601	-0.108810	0.057137	-0.269453	0.026556	0.962647	-0.556679	0.811389	-0.178202	-0.785814	-0.583903	-0.203848
61451	9.382307	-1.903935	-1.442580	0.010061	-0.135572	0.054162	-0.270790	0.026177	0.962283	-0.556618	0.811321	-0.178705	-0.785398	-0.584015	-0.205127
61452	9.241280	-2.218471	-1.557420	0.114732	-0.171775	0.052081	-0.272396	0.025595	0.961845	-0.557284	0.810710	-0.179397	-0.784369	-0.584888	-0.206571
61453	9.224155	-2.264371	-1.535515	0.205881	-0.213269	0.047276	-0.274302	0.024702	0.961326	-0.558774	0.809497	-0.180239	-0.782643	-0.586604	-0.208244
61454	9.209846	-2.358836	-1.450035	0.283047	-0.256950	0.046036	-0.276589	0.023542	0.960700	-0.560857	0.807825	-0.181268	-0.780345	-0.588952	-0.210232
61455	9.071244	-2.526088	-1.502580	0.380695	-0.298013	0.042518	-0.279120	0.022098	0.960002	-0.563710	0.805572	-0.182442	-0.777382	-0.592086	-0.212394
61456	9.343335	-1.988587	-1.450324	0.499617	-0.332132	0.046851	-0.281970	0.020477	0.959205	-0.567468	0.802585	-0.183948	-0.773610	-0.596186	-0.214685
61457	9.580948	-1.216051	-1.480113	0.488168	-0.345021	0.061114	-0.284951	0.018876	0.958356	-0.571069	0.799658	-0.185548	-0.769859	-0.600159	-0.217084
61458	9.726711	-0.827171	-1.702492	0.377356	-0.345694	0.088233	-0.288155	0.017494	0.957424	-0.573694	0.797382	-0.187234	-0.766708	-0.603221	-0.219734
61459	9.689070	-0.692946	-2.103339	0.283244	-0.343289	0.113044	-0.291403	0.016293	0.956462	-0.575541	0.795656	-0.188903	-0.764092	-0.605530	-0.222479
61460	9.552599	-0.665718	-2.211724	0.199851	-0.334772	0.138775	-0.294802	0.015334	0.955435	-0.576702	0.794387	-0.190692	-0.761910	-0.607218	-0.225343
61461	9.555723	-1.113247	-2.147202	0.144266	-0.338749	0.144427	-0.298183	0.014396	0.954400	-0.577379	0.793493	-0.192359	-0.760079	-0.608409	-0.228295
61462	9.447489	-1.574997	-2.021252	0.182988	-0.348500	0.146913	-0.301634	0.013372	0.953330	-0.578425	0.792300	-0.194127	-0.757919	-0.609986	-0.231250
61463	9.469974	-1.551572	-1.604011	0.279972	-0.373943	0.154404	-0.305328	0.012282	0.952168	-0.580083	0.790573	-0.196211	-0.755168	-0.612245	-0.234259
61464	9.641897	-1.148061	-0.940034	0.316689	-0.407142	0.164487	-0.309353	0.011105	0.950883	-0.581849	0.788700	-0.198505	-0.752165	-0.614678	-0.237525
61465	9.573286	-0.868697	-0.170394	0.258741	-0.432320	0.195549	-0.313708	0.009958	0.949467	-0.583190	0.787090	-0.200943	-0.749317	-0.616757	-0.241109
61466	9.702799	-0.418370	0.381964	0.174965	-0.477674	0.234288	-0.318674	0.008856	0.947823	-0.583701	0.786029	-0.203595	-0.746820	-0.618126	-0.245318
61467	10.018882	-0.271942	0.751349	0.057214	-0.538425	0.270269	-0.324237	0.007625	0.945945	-0.583267	0.785657	-0.206256	-0.744761	-0.618615	-0.250292
61468	10.089020	0.120319	0.795198	0.050596	-0.600246	0.312714	-0.330508	0.006403	0.943781	-0.582488	0.785427	-0.209314	-0.742612	-0.618921	-0.255860
61469	10.646303	1.380435	0.825582	0.014224	-0.644898	0.357570	-0.337342	0.005194	0.941368	-0.581408	0.785322	-0.212682	-0.740382	-0.619066	-0.261902
61470	10.387594	0.948977	0.580991	-0.288750	-0.668980	0.399086	-0.344619	0.004143	0.938734	-0.577999	0.787024	-0.215663	-0.739699	-0.616908	-0.268829
61471	9.348516	-1.688501	-0.067633	-0.346888	-0.731098	0.392881	-0.352259	0.002713	0.935899	-0.574075	0.789150	-0.218361	-0.739157	-0.614195	-0.276427
61472	8.613220	-3.732218	-0.819629	0.038027	-0.823212	0.362620	-0.360442	0.000433	0.932781	-0.573217	0.788795	-0.221867	-0.735869	-0.614657	-0.284067
61473	8.870435	-2.924255	-1.066531	0.460537	-0.926692	0.352750	-0.369230	-0.002528	0.929334	-0.575316	0.785963	-0.226438	-0.729850	-0.618269	-0.291656
61474	9.347917	-2.560620	-1.265417	0.438999	-0.988454	0.374565	-0.378615	-0.005690	0.925537	-0.577048	0.783290	-0.231241	-0.723648	-0.621630	-0.299849
61475	9.502422	-2.071681	-1.005243	0.340669	-1.043084	0.408235	-0.388461	-0.009020	0.921421	-0.577948	0.781202	-0.236009	-0.717687	-0.624214	-0.308679
61476	10.190242	-1.336396	-0.092189	0.174546	-1.088814	0.430392	-0.398766	-0.012486	0.916968	-0.577551	0.780113	-0.240539	-0.712335	-0.625514	-0.318294
61477	10.705642	-1.333931	1.145455	-0.021071	-1.170346	0.451881	-0.409652	-0.016305	0.912096	-0.575586	0.780313	-0.244566	-0.707732	-0.625177	-0.329042
61478	11.255400	-1.620194	2.221244	-0.069115	-1.272174	0.438215	-0.421182	-0.020852	0.906736	-0.573329	0.780776	-0.248358	-0.702779	-0.624463	-0.340804
61479	12.286410	-2.848195	2.686608	-0.078850	-1.361744	0.438415	-0.433196	-0.025950	0.900926	-0.570917	0.781373	-0.252010	-0.697420	-0.623524	-0.353303
61480	12.485620	-3.055785	3.021956	-0.077557	-1.519980	0.448054	-0.446347	-0.031972	0.894289	-0.568538	0.781874	-0.255809	-0.691042	-0.622617	-0.367164
61481	12.524163	-3.322587	2.858435	-0.105133	-1.651895	0.473490	-0.460363	-0.038567	0.886893	-0.565682	0.782697	-0.259595	-0.684156	-0.621208	-0.382141
61482	12.390293	-2.649185	2.297953	-0.125976	-1.755971	0.558302	-0.475543	-0.045040	0.878539	-0.562213	0.783674	-0.264143	-0.676591	-0.619537	-0.397993
61483	12.013179	-2.203732	1.234294	-0.458109	-1.861922	0.637601	-0.491619	-0.051553	0.869283	-0.556060	0.786812	-0.267815	-0.670156	-0.615036	-0.415478
61484	11.443672	-2.728231	-0.138413	-0.756006	-1.973908	0.638086	-0.508336	-0.058669	0.859158	-0.548020	0.791627	-0.270188	-0.664281	-0.608182	-0.434564
61485	11.172501	-3.866785	-2.081527	-0.827818	-2.084145	0.578753	-0.525236	-0.066691	0.848339	-0.539572	0.796993	-0.271413	-0.658019	-0.600296	-0.454594
61486	11.138963	-4.271586	-3.817249	-0.494098	-2.143573	0.458659	-0.541804	-0.075896	0.837071	-0.534053	0.800118	-0.273127	-0.649027	-0.595022	-0.474039
61487	11.072250	-3.304993	-4.989701	-0.172942	-2.099376	0.354289	-0.557179	-0.085545	0.825974	-0.531011	0.801430	-0.275203	-0.638418	-0.591939	-0.491966
61488	10.451531	-2.573484	-6.016622	-0.148560	-1.967163	0.305820	-0.571385	-0.094707	0.815199	-0.528420	0.802471	-0.277149	-0.627926	-0.589127	-0.508565
61489	9.517739	-1.989152	-6.485933	-0.204557	-1.728666	0.263250	-0.583525	-0.102774	0.805565	-0.525644	0.803932	-0.278194	-0.619029	-0.585774	-0.523137
61490	8.708109	-0.845058	-7.121351	-0.463602	-1.470385	0.204797	-0.593826	-0.109770	0.797070	-0.521718	0.806693	-0.277590	-0.612520	-0.580687	-0.536305
61491	9.055412	-1.582926	-6.641080	-0.676160	-1.164711	0.130551	-0.601594	-0.115465	0.790413	-0.516828	0.810742	-0.274930	-0.609076	-0.573904	-0.547413
61492	8.525527	-2.276262	-5.588318	-0.646115	-0.843462	0.063633	-0.607170	-0.119759	0.785495	-0.512562	0.814420	-0.272029	-0.607145	-0.567783	-0.555875
61493	7.360943	-3.043501	-5.766342	-0.566138	-0.550510	-0.034169	-0.610312	-0.123176	0.782526	-0.509355	0.817576	-0.268566	-0.606693	-0.562492	-0.561717
61494	6.417635	-3.886291	-6.575523	-0.326341	-0.235142	-0.146648	-0.611156	-0.125643	0.781475	-0.508260	0.819165	-0.265784	-0.606762	-0.559628	-0.564496
61495	6.223336	-4.402291	-6.926307	0.051553	0.112105	-0.284076	-0.609004	-0.127368	0.782874	-0.510327	0.818514	-0.263821	-0.607190	-0.560190	-0.563478
61496	5.988368	-4.755648	-6.847699	0.441192	0.461513	-0.418397	-0.604125	-0.128256	0.786501	-0.515672	0.815380	-0.263131	-0.607549	-0.564540	-0.558730
61497	5.950314	-4.966422	-6.896523	0.855481	0.823262	-0.541845	-0.596280	-0.128005	0.792506	-0.524144	0.809819	-0.263563	-0.608049	-0.572545	-0.549972
61498	5.992551	-4.684672	-6.784198	1.283761	1.164071	-0.654202	-0.585717	-0.126558	0.800574	-0.535911	0.801481	-0.265383	-0.608059	-0.584475	-0.537264
61499	6.071319	-3.971281	-6.313108	1.644955	1.481011	-0.760367	-0.572558	-0.123870	0.810452	-0.550334	0.790788	-0.267929	-0.607708	-0.599425	-0.520942
61500	6.225736	-3.249638	-5.649235	1.838647	1.771925	-0.855706	-0.556984	-0.119858	0.821829	-0.566461	0.778471	-0.270378	-0.607364	-0.616130	-0.501491
61501	6.554512	-2.594807	-5.195801	1.850600	2.039396	-0.918596	-0.539286	-0.114239	0.834338	-0.582761	0.765836	-0.271816	-0.607915	-0.632806	-0.479579
61502	7.043290	-2.364910	-5.046265	1.672792	2.282223	-0.943058	-0.519754	-0.106841	0.847609	-0.598077	0.753977	-0.271703	-0.610049	-0.648154	-0.455782
61503	7.628652	-2.604054	-4.896592	1.441708	2.477212	-0.922623	-0.498984	-0.097551	0.861103	-0.611618	0.743591	-0.270177	-0.613953	-0.661480	-0.430704
61504	8.051306	-2.835480	-4.553856	1.249757	2.638556	-0.881312	-0.477206	-0.086472	0.874527	-0.623730	0.734354	-0.267741	-0.619060	-0.673236	-0.404373
61505	8.565837	-2.850686	-4.374923	1.043278	2.748259	-0.805571	-0.455010	-0.073741	0.887428	-0.633993	0.726632	-0.264687	-0.625315	-0.683058	-0.377377
61506	8.837884	-3.153751	-4.022511	0.761259	2.821837	-0.715271	-0.432615	-0.059555	0.899609	-0.642063	0.720841	-0.261043	-0.632929	-0.690537	-0.350085
61507	8.762551	-3.860315	-3.466854	0.469946	2.857776	-0.643240	-0.410219	-0.044398	0.910906	-0.647784	0.717250	-0.256765	-0.641947	-0.695400	-0.322990
61508	8.316690	-4.601269	-3.191722	0.244617	2.849108	-0.592305	-0.387865	-0.028744	0.921268	-0.651802	0.715262	-0.252100	-0.651701	-0.698265	-0.296160
61509	7.627554	-5.387238	-3.683688	0.094081	2.811656	-0.567945	-0.365660	-0.013174	0.930655	-0.654572	0.714487	-0.247071	-0.661686	-0.699525	-0.269883
61510	7.135509	-5.796921	-4.206838	0.162885	2.744313	-0.562914	-0.343606	0.002029	0.939112	-0.657758	0.713226	-0.242204	-0.670290	-0.700931	-0.243734
61511	6.999399	-5.451714	-4.606976	0.361633	2.697357	-0.544257	-0.321814	0.017071	0.946649	-0.662016	0.710741	-0.237870	-0.676883	-0.703247	-0.217425
61512	7.139205	-4.480591	-4.889934	0.570497	2.663557	-0.470558	-0.300503	0.032560	0.953225	-0.667445	0.706755	-0.234552	-0.681333	-0.706709	-0.190650
61513	7.393487	-2.774460	-4.443678	0.694113	2.627710	-0.349227	-0.280187	0.048700	0.958709	-0.673208	0.701981	-0.232407	-0.684314	-0.710529	-0.163901
61514	7.936517	-1.449085	-4.228253	0.564803	2.615466	-0.152330	-0.261129	0.066303	0.963024	-0.677576	0.697973	-0.231782	-0.687533	-0.713048	-0.137336
61515	8.460236	-0.682732	-3.832320	0.238606	2.571516	0.046671	-0.243671	0.084941	0.966131	-0.679113	0.696242	-0.232493	-0.692409	-0.712764	-0.111969
61516	8.300602	-1.019099	-3.438166	-0.318826	2.485154	0.199077	-0.227609	0.104014	0.968181	-0.676507	0.698253	-0.234054	-0.700380	-0.708255	-0.088563
61517	8.545631	-2.311677	-3.026593	-0.759352	2.336833	0.286493	-0.213020	0.122459	0.969343	-0.670525	0.703282	-0.236199	-0.710647	-0.700284	-0.067702
61518	9.577086	-3.204380	-1.552519	-0.737008	2.062560	0.343765	-0.200486	0.139277	0.969746	-0.664608	0.707913	-0.239073	-0.719793	-0.692431	-0.049362
61519	8.462042	-2.467870	-0.869289	-0.977112	1.653383	0.383544	-0.191008	0.153354	0.969535	-0.656782	0.714079	-0.242340	-0.729489	-0.683062	-0.035675
61520	6.716742	-3.034435	-1.227605	-1.216533	1.151317	0.350351	-0.184736	0.163688	0.969061	-0.647272	0.721712	-0.245299	-0.739535	-0.672561	-0.027375
61521	6.168294	-3.973623	-1.726442	-1.097233	0.629324	0.302335	-0.181969	0.170063	0.968486	-0.638563	0.728545	-0.247910	-0.747746	-0.663551	-0.023977
61522	6.198166	-3.755390	-2.427541	-0.684831	0.163578	0.245054	-0.182238	0.172969	0.967921	-0.633042	0.732602	-0.250105	-0.752361	-0.658313	-0.024011
61523	6.756224	-2.476064	-3.158952	-0.406725	-0.215903	0.196729	-0.185077	0.172971	0.967382	-0.629621	0.734942	-0.251868	-0.754535	-0.655699	-0.027115
61524	7.129473	-1.420801	-3.997499	-0.370816	-0.505862	0.165144	-0.189880	0.170911	0.966817	-0.626563	0.737044	-0.253348	-0.755887	-0.653877	-0.032864
61525	7.507278	-1.291942	-4.808467	-0.396276	-0.660071	0.127113	-0.195639	0.167517	0.966263	-0.623325	0.739425	-0.254395	-0.757094	-0.652066	-0.040243
61526	8.493070	-1.738788	-4.999546	-0.300235	-0.624087	0.056253	-0.200667	0.163878	0.965855	-0.620985	0.741257	-0.254786	-0.757701	-0.650909	-0.046979
61527	9.702269	-1.211363	-4.289079	0.002061	-0.426167	-0.027055	-0.203696	0.160880	0.965725	-0.621061	0.741295	-0.254490	-0.756829	-0.651613	-0.051083
61528	10.080974	0.682440	-3.246572	-0.040546	-0.244557	-0.105829	-0.204853	0.158507	0.965873	-0.620985	0.741722	-0.253428	-0.756579	-0.651708	-0.053513
61529	10.666731	0.955491	-2.394412	-0.460839	-0.165086	-0.180647	-0.204956	0.156068	0.966248	-0.617869	0.745010	-0.251393	-0.759099	-0.648539	-0.056264
61530	11.023146	-2.327733	-2.406919	-0.900145	-0.152948	-0.190367	-0.204915	0.153639	0.966646	-0.611406	0.751123	-0.248993	-0.764325	-0.642036	-0.059981
61531	10.773726	-4.290679	-1.940024	-0.751197	-0.231749	-0.171719	-0.205617	0.150839	0.966938	-0.606007	0.756194	-0.246830	-0.768425	-0.636724	-0.064076
61532	10.684988	-4.678175	-1.224055	-0.696012	-0.426962	-0.174879	-0.207815	0.146789	0.967091	-0.601001	0.760887	-0.244638	-0.771758	-0.632063	-0.069904
61533	10.794797	-8.057714	-1.463474	-0.692277	-0.612878	-0.188932	-0.211395	0.141463	0.967109	-0.596051	0.765527	-0.242264	-0.774620	-0.627660	-0.077509
61534	10.518932	-8.748377	-1.018773	0.174057	-0.738285	-0.216821	-0.215784	0.135154	0.967042	-0.597859	0.764740	-0.240285	-0.772012	-0.630004	-0.084216
61535	10.097633	-3.795949	-0.221956	0.539068	-0.748471	-0.236546	-0.220095	0.128590	0.966966	-0.602529	0.761649	-0.238431	-0.767148	-0.635103	-0.090156
61536	9.461427	-2.259337	-1.600610	0.103249	-0.704569	-0.252184	-0.223940	0.122185	0.966913	-0.603904	0.761296	-0.236068	-0.764951	-0.636788	-0.096697
61537	9.325002	-2.887992	-3.720332	0.193203	-0.668842	-0.305914	-0.227168	0.115567	0.966974	-0.606076	0.760433	-0.233266	-0.762277	-0.639050	-0.102704
61538	9.573311	-1.157610	-4.510258	0.312993	-0.575113	-0.328824	-0.229527	0.109375	0.967137	-0.609220	0.758794	-0.230397	-0.759058	-0.642082	-0.107530
61539	9.033993	-0.940916	-4.978618	0.152343	-0.445189	-0.330387	-0.230857	0.103983	0.967415	-0.611142	0.758173	-0.227331	-0.757106	-0.643709	-0.111481
61540	8.489477	-2.263882	-4.729661	0.231164	-0.356317	-0.337233	-0.231459	0.099108	0.967783	-0.613678	0.757028	-0.224295	-0.754869	-0.645822	-0.114400
61541	8.625480	-2.994037	-3.382371	0.524035	-0.310951	-0.364614	-0.231524	0.094316	0.968246	-0.618474	0.753990	-0.221333	-0.750924	-0.650079	-0.116235
61542	8.923323	-2.609651	-1.608289	0.711051	-0.268522	-0.373950	-0.231184	0.089731	0.968763	-0.624650	0.749711	-0.218507	-0.745900	-0.655653	-0.117271
61543	9.178163	-2.175629	-0.174089	0.594044	-0.229117	-0.346311	-0.230686	0.085610	0.969255	-0.629875	0.746111	-0.215814	-0.741648	-0.660295	-0.118194
61544	9.576852	-1.776232	0.774707	0.367201	-0.214082	-0.321264	-0.230213	0.081777	0.969698	-0.633335	0.743959	-0.213098	-0.738843	-0.663202	-0.119477
61545	10.115843	-1.232308	0.870289	0.066767	-0.228060	-0.285553	-0.230057	0.078117	0.970037	-0.634492	0.743749	-0.210372	-0.737898	-0.663879	-0.121540
61546	10.074945	-0.949350	0.917011	-0.225857	-0.270052	-0.248202	-0.230450	0.074456	0.970232	-0.633403	0.745441	-0.207652	-0.738711	-0.662400	-0.124626
61547	9.905734	-1.111706	0.617506	-0.426104	-0.326210	-0.216612	-0.231464	0.070659	0.970274	-0.630758	0.748419	-0.204973	-0.740654	-0.659452	-0.128663
61548	9.952164	-1.340207	0.215637	-0.412616	-0.390759	-0.211660	-0.233000	0.066484	0.970201	-0.628192	0.751286	-0.202347	-0.742352	-0.656619	-0.133285
61549	9.932355	-1.458555	-0.198657	-0.300852	-0.440307	-0.226789	-0.234818	0.061868	0.970068	-0.626495	0.753408	-0.199701	-0.743213	-0.654636	-0.138154
61550	9.615221	-1.490492	-0.516593	-0.119383	-0.501488	-0.239826	-0.237015	0.056758	0.969847	-0.626184	0.754331	-0.197175	-0.742777	-0.654036	-0.143247
61551	9.868087	-1.123354	-1.123894	0.073784	-0.529278	-0.229923	-0.239472	0.051537	0.969535	-0.627286	0.753976	-0.195016	-0.741057	-0.654877	-0.148227
61552	10.262111	-0.374082	-1.862724	0.119217	-0.513469	-0.196059	-0.242012	0.046672	0.969150	-0.628655	0.753288	-0.193262	-0.739069	-0.656033	-0.152964
61553	9.856407	-0.070694	-2.441090	-0.034668	-0.490500	-0.147485	-0.244678	0.042320	0.968680	-0.628766	0.753584	-0.191742	-0.738096	-0.655988	-0.157776
61554	9.835442	-0.622858	-2.917407	-0.170062	-0.452998	-0.108614	-0.247311	0.038502	0.968171	-0.627793	0.754740	-0.190379	-0.738047	-0.654893	-0.162484
61555	9.684876	-1.535320	-3.186538	-0.221954	-0.412706	-0.082415	-0.249812	0.035157	0.967656	-0.626367	0.756225	-0.189179	-0.738416	-0.653367	-0.166893
61556	9.545318	-1.948636	-3.509618	-0.073674	-0.383145	-0.072389	-0.252157	0.032079	0.967154	-0.625998	0.756746	-0.188311	-0.737931	-0.652921	-0.170737
61557	9.688084	-1.623126	-3.734867	0.012713	-0.334406	-0.068722	-0.254164	0.029352	0.966716	-0.626274	0.756687	-0.187632	-0.737009	-0.653118	-0.173940
61558	9.255381	-1.207501	-3.395819	0.007525	-0.295145	-0.047187	-0.256012	0.027036	0.966295	-0.626439	0.756672	-0.187142	-0.736228	-0.653236	-0.176781
61559	9.286549	-0.748536	-2.808398	-0.071458	-0.258553	-0.019670	-0.257763	0.025176	0.965880	-0.625972	0.757146	-0.186787	-0.736015	-0.652760	-0.179405
61560	9.564190	-0.621195	-2.378487	-0.190595	-0.214022	0.007704	-0.259359	0.023805	0.965488	-0.624530	0.758414	-0.186467	-0.736679	-0.651338	-0.181835
61561	9.639725	-0.796644	-1.804034	-0.288118	-0.196677	0.028404	-0.260957	0.022718	0.965083	-0.622340	0.760284	-0.186177	-0.737967	-0.649194	-0.184263
61562	9.432693	-1.119716	-1.229745	-0.331255	-0.203077	0.037382	-0.262658	0.021647	0.964646	-0.619780	0.762448	-0.185866	-0.739515	-0.646688	-0.186847
61563	9.296725	-1.470942	-0.581394	-0.299146	-0.236395	0.037548	-0.264611	0.020384	0.964140	-0.617475	0.764373	-0.185628	-0.740746	-0.644452	-0.189675
61564	9.210121	-1.808171	-0.059229	-0.249863	-0.284018	0.035968	-0.266909	0.018792	0.963539	-0.615515	0.765997	-0.185443	-0.741553	-0.642569	-0.192884
61565	9.268346	-1.984980	0.256858	-0.191931	-0.347295	0.035550	-0.269674	0.016812	0.962805	-0.614005	0.767225	-0.185375	-0.741805	-0.641157	-0.196578
61566	9.222020	-2.329520	0.344309	-0.192795	-0.417622	0.043180	-0.273010	0.014433	0.961903	-0.612454	0.768467	-0.185359	-0.741866	-0.639726	-0.200960
61567	9.118395	-2.620601	0.025762	-0.110290	-0.496549	0.041151	-0.276915	0.011551	0.960825	-0.611532	0.769169	-0.185493	-0.741180	-0.638941	-0.205931
