// General information: 
//  MT Manager version: 2022.2.0 
//  XDA version: 2022.2.0 build 7381 rev 124627 built on 2023-07-19
// Device information: 
//  DeviceId: 00B4CBA7
//  ProductCode: MTW2-3A7G6
//  Firmware Version: 4.6.0
//  Hardware Version: 2.0.0
// Device settings: 
//  Filter Profile: human(46.1)
//  Option Flags: Orientation Smoother Disabled, Position/Velocity Smoother Disabled, Continuous Zero Rotation Update Disabled, AHS Disabled, ICC Disabled
// Coordinate system: ENU
PacketCounter	Acc_X	Acc_Y	Acc_Z	Gyr_X	Gyr_Y	Gyr_Z	Mat[1][1]	Mat[2][1]	Mat[3][1]	Mat[1][2]	Mat[2][2]	Mat[3][2]	Mat[1][3]	Mat[2][3]	Mat[3][3]
19376	9.727779	-0.192547	-0.536852	0.010627	0.005692	-0.003979	-0.060306	-0.011050	0.998119	-0.543130	0.839319	-0.023524	-0.837480	-0.543527	-0.056617
19377	9.733690	-0.176900	-0.575271	0.000842	0.005788	-0.004125	-0.060226	-0.011136	0.998123	-0.543195	0.839280	-0.023412	-0.837444	-0.543586	-0.056596
19378	9.698486	-0.168955	-0.607689	-0.007044	0.005374	-0.005162	-0.060123	-0.011173	0.998128	-0.543146	0.839314	-0.023321	-0.837483	-0.543532	-0.056531
19379	9.739647	-0.160562	-0.613211	-0.016830	0.005470	-0.005309	-0.060002	-0.011220	0.998135	-0.542949	0.839445	-0.023203	-0.837619	-0.543329	-0.056460
19380	9.751438	-0.178821	-0.557212	-0.029911	0.006370	-0.007807	-0.059876	-0.011274	0.998142	-0.542710	0.839603	-0.023073	-0.837783	-0.543083	-0.056390
19381	9.753654	-0.219021	-0.495884	-0.032314	0.007090	-0.002786	-0.059759	-0.011323	0.998149	-0.542437	0.839783	-0.022949	-0.837968	-0.542804	-0.056327
19382	9.711040	-0.273662	-0.462586	-0.017870	-0.000385	-0.006943	-0.059694	-0.011407	0.998152	-0.542298	0.839876	-0.022834	-0.838063	-0.542659	-0.056322
19383	9.715407	-0.305191	-0.474690	-0.002191	-0.001942	-0.003715	-0.059671	-0.011406	0.998153	-0.542189	0.839947	-0.022814	-0.838135	-0.542549	-0.056305
19384	9.734544	-0.261218	-0.485441	0.016035	-0.002993	-0.003208	-0.059648	-0.011472	0.998154	-0.542332	0.839856	-0.022756	-0.838044	-0.542688	-0.056318
19385	9.727981	-0.188102	-0.534759	0.032022	-0.009539	-0.001822	-0.059694	-0.011546	0.998150	-0.542553	0.839714	-0.022734	-0.837898	-0.542906	-0.056390
19386	9.729437	-0.140677	-0.562806	0.024036	-0.012344	-0.001717	-0.059758	-0.011650	0.998145	-0.542762	0.839580	-0.022695	-0.837758	-0.543111	-0.056495
19387	9.736769	-0.127483	-0.496687	0.003670	-0.014397	-0.002484	-0.059864	-0.011853	0.998136	-0.542870	0.839513	-0.022590	-0.837680	-0.543211	-0.056691
19388	9.717581	-0.170865	-0.487344	-0.000729	-0.010843	-0.003468	-0.059906	-0.011964	0.998132	-0.542873	0.839513	-0.022519	-0.837676	-0.543208	-0.056786
19389	9.764275	-0.272341	-0.597915	0.000475	-0.015915	0.002066	-0.060081	-0.011973	0.998122	-0.542747	0.839592	-0.022599	-0.837744	-0.543086	-0.056942
19390	9.811158	-0.249298	-0.644190	0.009202	-0.009711	-0.001021	-0.060127	-0.012057	0.998118	-0.542831	0.839539	-0.022559	-0.837687	-0.543166	-0.057024
19391	9.781045	-0.187575	-0.671410	0.009003	-0.009776	-0.006775	-0.060177	-0.012232	0.998113	-0.542937	0.839473	-0.022446	-0.837614	-0.543263	-0.057158
19392	9.802992	-0.222983	-0.667626	0.008048	-0.005800	-0.003107	-0.060179	-0.012313	0.998112	-0.543013	0.839426	-0.022385	-0.837565	-0.543335	-0.057202
19393	9.780984	-0.186831	-0.672494	0.004995	-0.001381	-0.004299	-0.060210	-0.012383	0.998109	-0.543071	0.839389	-0.022346	-0.837525	-0.543390	-0.057265
19394	9.717249	-0.119788	-0.625396	-0.005342	0.000087	-0.003758	-0.060160	-0.012437	0.998111	-0.543035	0.839415	-0.022271	-0.837552	-0.543349	-0.057253
19395	9.723859	-0.192219	-0.576544	-0.008638	0.000892	-0.006106	-0.060101	-0.012595	0.998113	-0.543034	0.839420	-0.022106	-0.837557	-0.543338	-0.057289
19396	9.750228	-0.259668	-0.583908	-0.001398	0.000296	-0.003241	-0.060051	-0.012643	0.998115	-0.543031	0.839423	-0.022038	-0.837563	-0.543331	-0.057274
19397	9.749610	-0.220740	-0.538000	0.013221	0.005039	-0.003254	-0.059972	-0.012643	0.998120	-0.543098	0.839381	-0.022000	-0.837525	-0.543397	-0.057206
19398	9.770214	-0.129548	-0.575377	0.018871	-0.000038	-0.001336	-0.059936	-0.012677	0.998122	-0.543264	0.839275	-0.021962	-0.837420	-0.543560	-0.057190
19399	9.742375	-0.108918	-0.541013	0.008291	-0.002186	-0.001951	-0.060003	-0.012760	0.998117	-0.543375	0.839203	-0.021938	-0.837343	-0.543668	-0.057288
19400	9.740886	-0.155983	-0.514328	0.003405	-0.005862	-0.005244	-0.059994	-0.012859	0.998116	-0.543413	0.839181	-0.021852	-0.837319	-0.543700	-0.057334
19401	9.745870	-0.226526	-0.572353	0.012138	-0.004365	-0.000287	-0.060039	-0.013007	0.998111	-0.543599	0.839063	-0.021765	-0.837195	-0.543879	-0.057447
19402	9.731926	-0.216333	-0.555553	0.014735	-0.005022	0.000439	-0.060054	-0.013054	0.998110	-0.543728	0.838980	-0.021742	-0.837110	-0.544006	-0.057482
19403	9.761194	-0.189644	-0.617550	0.014734	-0.005023	0.000439	-0.060081	-0.013099	0.998108	-0.543777	0.838948	-0.021723	-0.837076	-0.544053	-0.057528
19404	9.755338	-0.204956	-0.578992	0.008194	-0.004574	-0.000805	-0.060086	-0.013153	0.998107	-0.543853	0.838900	-0.021685	-0.837027	-0.544126	-0.057560
19405	9.810343	-0.207661	-0.602479	0.013227	0.000330	0.004788	-0.060097	-0.013196	0.998105	-0.544002	0.838804	-0.021665	-0.836929	-0.544273	-0.057588
19406	9.788344	-0.171943	-0.606961	0.005788	0.000857	-0.003828	-0.060039	-0.013246	0.998108	-0.544059	0.838769	-0.021595	-0.836896	-0.544326	-0.057566
19407	9.780266	-0.146112	-0.628662	-0.003296	0.000804	-0.002347	-0.059921	-0.013323	0.998114	-0.544014	0.838801	-0.021463	-0.836934	-0.544274	-0.057510
19408	9.729634	-0.175455	-0.616929	-0.010843	0.006390	-0.003373	-0.059820	-0.013340	0.998120	-0.543932	0.838857	-0.021388	-0.836994	-0.544189	-0.057436
19409	9.724483	-0.229020	-0.623068	-0.003200	0.003191	-0.003495	-0.059745	-0.013439	0.998123	-0.543949	0.838849	-0.021265	-0.836989	-0.544198	-0.057428
19410	9.733422	-0.168398	-0.582313	0.008224	0.006419	0.001039	-0.059668	-0.013419	0.998128	-0.544023	0.838801	-0.021244	-0.836946	-0.544273	-0.057350
19411	9.728257	-0.222409	-0.588548	0.007187	0.000563	-0.000588	-0.059730	-0.013499	0.998123	-0.544173	0.838705	-0.021222	-0.836844	-0.544419	-0.057442
19412	9.743657	-0.185522	-0.632553	0.011520	0.005615	0.003385	-0.059673	-0.013464	0.998127	-0.544274	0.838639	-0.021227	-0.836783	-0.544521	-0.057372
19413	9.770065	-0.253574	-0.639261	0.006826	0.006712	-0.002203	-0.059565	-0.013439	0.998134	-0.544276	0.838639	-0.021189	-0.836789	-0.544523	-0.057268
19414	9.812056	-0.159781	-0.625831	0.002869	0.013951	0.003722	-0.059439	-0.013355	0.998143	-0.544304	0.838620	-0.021192	-0.836779	-0.544553	-0.057117
19415	9.759337	-0.198291	-0.540427	-0.003818	0.013172	0.000175	-0.059373	-0.013337	0.998147	-0.544311	0.838616	-0.021172	-0.836780	-0.544559	-0.057050
19416	9.773331	-0.208311	-0.556505	-0.002214	0.010204	-0.005323	-0.059230	-0.013349	0.998155	-0.544302	0.838624	-0.021083	-0.836796	-0.544546	-0.056937
19417	9.775563	-0.199318	-0.627941	0.020984	0.015215	-0.002689	-0.059017	-0.013354	0.998168	-0.544473	0.838516	-0.020973	-0.836700	-0.544713	-0.056757
19418	9.711179	-0.093656	-0.533992	0.001176	0.011787	-0.004127	-0.058866	-0.013349	0.998177	-0.544491	0.838506	-0.020898	-0.836698	-0.544729	-0.056628
19419	9.720796	-0.071520	-0.538214	0.000528	0.010775	-0.002296	-0.058808	-0.013316	0.998180	-0.544457	0.838529	-0.020890	-0.836725	-0.544694	-0.056562
19420	9.694366	-0.128419	-0.593931	0.012406	0.010241	0.002708	-0.058708	-0.013261	0.998187	-0.544565	0.838458	-0.020889	-0.836661	-0.544804	-0.056446
19421	9.730351	-0.174772	-0.605705	0.008221	0.006418	0.001037	-0.058713	-0.013215	0.998187	-0.544606	0.838431	-0.020933	-0.836635	-0.544848	-0.056424
19422	9.734077	-0.168503	-0.571237	0.011757	0.009229	0.004538	-0.058631	-0.013151	0.998193	-0.544708	0.838364	-0.020950	-0.836574	-0.544952	-0.056318
19423	9.743678	-0.147037	-0.575715	0.007669	0.007792	0.001718	-0.058525	-0.013137	0.998199	-0.544736	0.838347	-0.020905	-0.836563	-0.544979	-0.056220
19424	9.718014	-0.167610	-0.479782	-0.007205	0.006886	0.007022	-0.058477	-0.013064	0.998203	-0.544678	0.838384	-0.020936	-0.836604	-0.544924	-0.056142
19425	9.704085	-0.157872	-0.462171	-0.006895	0.001896	0.005189	-0.058592	-0.013116	0.998196	-0.544771	0.838323	-0.020962	-0.836536	-0.545016	-0.056264
19426	9.753263	-0.176124	-0.446026	0.003129	0.005415	0.006484	-0.058553	-0.013056	0.998199	-0.544799	0.838304	-0.020993	-0.836520	-0.545047	-0.056198
19427	9.773092	-0.171878	-0.501923	0.002239	0.000789	0.007163	-0.058568	-0.012992	0.998199	-0.544719	0.838355	-0.021049	-0.836571	-0.544971	-0.056178
19428	9.744380	-0.237928	-0.486097	-0.000047	-0.003544	0.004602	-0.058594	-0.012996	0.998197	-0.544722	0.838352	-0.021060	-0.836567	-0.544974	-0.056202
19429	9.746557	-0.229721	-0.559216	0.006346	-0.005223	0.003547	-0.058649	-0.012996	0.998194	-0.544636	0.838407	-0.021084	-0.836619	-0.544889	-0.056250
19430	9.785466	-0.181944	-0.626572	0.022860	-0.005699	0.010688	-0.058726	-0.012961	0.998190	-0.544827	0.838281	-0.021169	-0.836489	-0.545084	-0.056291
19431	9.719472	-0.075491	-0.640940	0.009784	-0.004798	0.008196	-0.058790	-0.012986	0.998186	-0.544946	0.838203	-0.021191	-0.836407	-0.545203	-0.056355
19432	9.737050	-0.079860	-0.624964	-0.009925	-0.005831	0.005610	-0.058841	-0.012995	0.998183	-0.544866	0.838255	-0.021206	-0.836456	-0.545124	-0.056404
19433	9.702421	-0.161149	-0.570373	-0.008985	-0.002363	0.008381	-0.058880	-0.012967	0.998181	-0.544746	0.838332	-0.021243	-0.836532	-0.545006	-0.056424
19434	9.687604	-0.237712	-0.571823	-0.005043	-0.002157	0.008898	-0.058918	-0.012928	0.998179	-0.544705	0.838358	-0.021294	-0.836556	-0.544967	-0.056436
19435	9.742618	-0.241090	-0.595268	0.004738	-0.002256	0.009040	-0.058916	-0.012851	0.998180	-0.544587	0.838433	-0.021349	-0.836633	-0.544854	-0.056395
19436	9.752160	-0.220258	-0.600767	0.006782	-0.001539	0.010448	-0.058957	-0.012795	0.998179	-0.544643	0.838394	-0.021422	-0.836593	-0.544914	-0.056398
19437	9.757365	-0.167367	-0.594301	-0.003551	-0.000064	0.010987	-0.058939	-0.012713	0.998181	-0.544510	0.838480	-0.021472	-0.836681	-0.544784	-0.056341
19438	9.788889	-0.181864	-0.595162	-0.017763	-0.002697	-0.000026	-0.058933	-0.012752	0.998181	-0.544367	0.838574	-0.021427	-0.836775	-0.544639	-0.056361
19439	9.773400	-0.219068	-0.551138	-0.005888	-0.003239	0.004975	-0.059054	-0.012803	0.998173	-0.544418	0.838540	-0.021453	-0.836733	-0.544690	-0.056489
19440	9.769031	-0.187469	-0.539553	-0.003844	-0.002522	0.006384	-0.059081	-0.012787	0.998171	-0.544388	0.838559	-0.021479	-0.836750	-0.544661	-0.056504
19441	9.764668	-0.155790	-0.527957	-0.006586	-0.003092	0.003355	-0.059197	-0.012801	0.998164	-0.544319	0.838602	-0.021527	-0.836787	-0.544594	-0.056610
19442	9.705902	-0.160120	-0.538774	-0.011875	-0.004162	0.003049	-0.059220	-0.012822	0.998163	-0.544224	0.838664	-0.021515	-0.836847	-0.544498	-0.056644
19443	9.700619	-0.214419	-0.545853	-0.004088	-0.006138	0.005232	-0.059270	-0.012840	0.998159	-0.544144	0.838716	-0.021522	-0.836895	-0.544418	-0.056698
19444	9.731476	-0.190428	-0.501645	-0.000097	-0.007091	0.009199	-0.059352	-0.012825	0.998155	-0.544144	0.838714	-0.021579	-0.836890	-0.544421	-0.056758
19445	9.776884	-0.215460	-0.520181	-0.002742	-0.005274	0.005021	-0.059486	-0.012834	0.998147	-0.544118	0.838730	-0.021644	-0.836898	-0.544397	-0.056876
19446	9.800953	-0.243363	-0.588946	0.004397	-0.008262	0.009033	-0.059577	-0.012827	0.998141	-0.544155	0.838704	-0.021701	-0.836867	-0.544436	-0.056947
19447	9.763473	-0.245487	-0.549947	0.009685	-0.007194	0.009339	-0.059648	-0.012800	0.998137	-0.544168	0.838694	-0.021764	-0.836854	-0.544452	-0.056991
19448	9.784148	-0.155251	-0.588484	0.010737	-0.008786	0.004525	-0.059718	-0.012833	0.998133	-0.544260	0.838634	-0.021780	-0.836788	-0.544545	-0.057066
19449	9.730617	-0.105897	-0.593159	0.003000	-0.007968	0.005793	-0.059813	-0.012879	0.998126	-0.544309	0.838602	-0.021797	-0.836750	-0.544593	-0.057170
19450	9.714507	-0.104706	-0.504045	-0.004885	-0.008376	0.004761	-0.059881	-0.012909	0.998122	-0.544271	0.838626	-0.021807	-0.836770	-0.544555	-0.057244
19451	9.723078	-0.169416	-0.528716	-0.007579	-0.010104	0.005183	-0.059993	-0.013038	0.998114	-0.544345	0.838579	-0.021764	-0.836714	-0.544624	-0.057405
19452	9.732212	-0.273040	-0.598974	0.006293	-0.008776	0.008138	-0.060082	-0.013041	0.998108	-0.544398	0.838543	-0.021814	-0.836672	-0.544679	-0.057481
19453	9.806341	-0.232796	-0.633879	0.011336	-0.011324	0.007289	-0.060258	-0.013078	0.998097	-0.544517	0.838464	-0.021888	-0.836583	-0.544800	-0.057645
19454	9.748508	-0.151229	-0.626752	0.010686	-0.007630	0.001071	-0.060300	-0.013134	0.998094	-0.544611	0.838403	-0.021870	-0.836518	-0.544892	-0.057709
19455	9.755933	-0.138173	-0.560147	-0.006282	-0.008081	0.001524	-0.060315	-0.013237	0.998092	-0.544569	0.838433	-0.021789	-0.836544	-0.544844	-0.057778
19456	9.713209	-0.193419	-0.527698	-0.008180	-0.007569	0.002416	-0.060363	-0.013282	0.998088	-0.544505	0.838475	-0.021773	-0.836583	-0.544778	-0.057845
19457	9.752717	-0.233456	-0.507576	0.007393	-0.011529	0.006771	-0.060503	-0.013258	0.998080	-0.544428	0.838522	-0.021865	-0.836622	-0.544706	-0.057951
19458	9.777221	-0.300201	-0.622252	0.023811	-0.009704	0.006996	-0.060595	-0.013276	0.998074	-0.544629	0.838391	-0.021914	-0.836485	-0.544908	-0.058033
19459	9.701320	-0.225376	-0.452810	-0.013963	-0.015866	-0.000189	-0.060696	-0.013410	0.998066	-0.544487	0.838484	-0.021847	-0.836570	-0.544761	-0.058194
19460	9.731217	-0.286527	-0.428290	-0.009868	-0.021884	-0.003812	-0.060831	-0.013585	0.998056	-0.544413	0.838535	-0.021768	-0.836609	-0.544678	-0.058404
19461	9.701670	-0.263680	-0.502223	0.013237	-0.019288	-0.000051	-0.061034	-0.013758	0.998041	-0.544613	0.838405	-0.021747	-0.836464	-0.544873	-0.058664
19462	9.775033	-0.135148	-0.626227	0.020575	-0.022212	0.009701	-0.061245	-0.013822	0.998027	-0.544785	0.838292	-0.021821	-0.836336	-0.545047	-0.058871
19463	9.756533	-0.044384	-0.732619	0.023365	-0.018099	0.008126	-0.061472	-0.013883	0.998012	-0.544965	0.838173	-0.021907	-0.836202	-0.545228	-0.059090
19464	9.719541	-0.085043	-0.740261	0.012635	-0.021462	0.005225	-0.061652	-0.013980	0.998000	-0.545073	0.838102	-0.021932	-0.836119	-0.545335	-0.059291
19465	9.743578	-0.162117	-0.676812	0.014629	-0.019589	0.003179	-0.061803	-0.014138	0.997988	-0.545231	0.838000	-0.021894	-0.836004	-0.545487	-0.059499
19466	9.726532	-0.246991	-0.606962	0.024010	-0.017093	0.006286	-0.061953	-0.014202	0.997978	-0.545434	0.837867	-0.021936	-0.835861	-0.545690	-0.059654
19467	9.767076	-0.201305	-0.569148	0.033239	-0.015827	0.007089	-0.062070	-0.014289	0.997970	-0.545715	0.837684	-0.021947	-0.835669	-0.545969	-0.059793
19468	9.784644	-0.205930	-0.554061	0.022360	-0.012965	0.008328	-0.062196	-0.014314	0.997961	-0.545902	0.837560	-0.022008	-0.835537	-0.546158	-0.059907
19469	9.765356	-0.250242	-0.544693	0.013526	-0.016840	0.004541	-0.062360	-0.014407	0.997950	-0.546000	0.837495	-0.022028	-0.835461	-0.546254	-0.060092
19470	9.729482	-0.204346	-0.533817	0.009980	-0.019650	0.001049	-0.062502	-0.014530	0.997939	-0.546089	0.837438	-0.022009	-0.835393	-0.546339	-0.060276
19471	9.745153	-0.206623	-0.625544	0.010283	-0.017190	0.005647	-0.062623	-0.014657	0.997930	-0.546247	0.837336	-0.021980	-0.835280	-0.546492	-0.060442
19472	9.782315	-0.206136	-0.666972	0.022054	-0.015431	0.003718	-0.062744	-0.014735	0.997921	-0.546434	0.837213	-0.021995	-0.835148	-0.546678	-0.060582
19473	9.772184	-0.179474	-0.796722	0.027242	-0.016755	0.005156	-0.062924	-0.014804	0.997909	-0.546612	0.837096	-0.022048	-0.835019	-0.546856	-0.060765
19474	9.750155	-0.144319	-0.802546	0.030284	-0.009026	0.004725	-0.062997	-0.014838	0.997903	-0.546868	0.836928	-0.022079	-0.834846	-0.547112	-0.060839
19475	9.707879	-0.238434	-0.814949	0.028479	-0.001428	-0.003578	-0.062974	-0.014897	0.997904	-0.547065	0.836800	-0.022032	-0.834718	-0.547306	-0.060846
19476	9.619539	-0.230010	-0.717782	0.028181	0.003568	-0.001749	-0.062907	-0.014916	0.997908	-0.547307	0.836643	-0.021996	-0.834564	-0.547546	-0.060794
19477	9.615339	-0.197699	-0.705528	0.022291	0.005036	-0.004808	-0.062834	-0.015003	0.997911	-0.547547	0.836488	-0.021900	-0.834412	-0.547780	-0.060775
19478	9.591183	-0.131098	-0.591111	0.005287	0.013220	-0.001334	-0.062689	-0.014966	0.997921	-0.547598	0.836456	-0.021855	-0.834390	-0.547829	-0.060632
19479	9.685393	-0.144077	-0.368181	-0.018959	0.002391	-0.005507	-0.062602	-0.015028	0.997925	-0.547377	0.836604	-0.021739	-0.834541	-0.547603	-0.060600
19480	9.833412	-0.245376	-0.187578	-0.016821	-0.001968	-0.011685	-0.062527	-0.015161	0.997928	-0.547250	0.836691	-0.021578	-0.834630	-0.547465	-0.060613
19481	9.847008	-0.428813	-0.135147	0.019546	-0.007689	-0.006204	-0.062600	-0.015255	0.997922	-0.547379	0.836608	-0.021548	-0.834541	-0.547590	-0.060722
19482	9.786273	-0.430961	-0.252634	0.064339	-0.014389	-0.000405	-0.062690	-0.015361	0.997915	-0.547921	0.836252	-0.021548	-0.834178	-0.548129	-0.060842
19483	9.587833	-0.204337	-0.135482	0.095943	-0.030031	-0.002350	-0.062905	-0.015604	0.997898	-0.548750	0.835709	-0.021524	-0.833617	-0.548950	-0.061133
19484	9.633257	-0.035090	0.176032	0.039877	-0.049633	-0.007077	-0.063252	-0.015960	0.997870	-0.549092	0.835487	-0.021443	-0.833365	-0.549279	-0.061610
19485	9.645835	-0.477898	0.276276	0.016264	-0.066935	-0.019489	-0.063717	-0.016505	0.997831	-0.549226	0.835404	-0.021253	-0.833241	-0.549389	-0.062295
19486	9.755445	-0.819522	0.183743	0.093785	-0.093208	-0.013645	-0.064392	-0.017155	0.997777	-0.550021	0.834883	-0.021141	-0.832665	-0.550160	-0.063195
19487	10.002767	-0.850489	0.045418	0.194051	-0.124111	-0.000807	-0.065438	-0.017891	0.997696	-0.551685	0.833782	-0.021233	-0.831481	-0.551804	-0.064432
19488	10.207545	-0.843069	-0.221187	0.288217	-0.115604	0.016037	-0.066460	-0.018421	0.997619	-0.554074	0.832188	-0.021545	-0.829810	-0.554187	-0.065514
19489	10.254876	-0.830869	-0.824833	0.399030	-0.112048	0.018670	-0.067501	-0.018925	0.997540	-0.557420	0.829940	-0.021974	-0.827482	-0.557532	-0.066571
19490	10.086721	-0.371114	-1.426564	0.401055	-0.091689	-0.004681	-0.068205	-0.019500	0.997481	-0.560743	0.827693	-0.022161	-0.825176	-0.560842	-0.067387
19491	10.051851	0.057198	-1.417072	0.341890	-0.079714	-0.034124	-0.068608	-0.020215	0.997439	-0.563477	0.825838	-0.022021	-0.823278	-0.563545	-0.068050
19492	10.072876	0.022052	-1.418711	0.273880	-0.053125	-0.064667	-0.068652	-0.021072	0.997418	-0.565780	0.824275	-0.021528	-0.821693	-0.565797	-0.068511
19493	10.069810	-0.026739	-1.321530	0.207894	-0.028145	-0.092526	-0.068341	-0.022024	0.997419	-0.567549	0.823079	-0.020713	-0.820498	-0.567500	-0.068750
19494	9.874654	-0.506998	-1.206741	0.175848	-0.004078	-0.099132	-0.067783	-0.022886	0.997438	-0.569064	0.822054	-0.019810	-0.819494	-0.568949	-0.068745
19495	9.790448	-0.487718	-1.001721	0.246468	0.006275	-0.100364	-0.067103	-0.023651	0.997466	-0.571040	0.820703	-0.018956	-0.818175	-0.570865	-0.068577
19496	9.866076	-0.156616	-0.619730	0.242212	0.009254	-0.111423	-0.066362	-0.024535	0.997494	-0.573100	0.819289	-0.017975	-0.816794	-0.572856	-0.068431
19497	9.836286	-0.136805	-0.438657	0.194804	0.006609	-0.122766	-0.065599	-0.025567	0.997518	-0.574859	0.818079	-0.016836	-0.815619	-0.574537	-0.068363
19498	9.763871	-0.088267	-0.134633	0.132417	-0.007986	-0.135894	-0.064855	-0.026748	0.997536	-0.576033	0.817279	-0.015536	-0.814850	-0.575621	-0.068412
19499	9.701102	-0.056966	0.116837	0.089160	-0.035809	-0.139584	-0.064328	-0.028120	0.997533	-0.576831	0.816740	-0.014175	-0.814327	-0.576320	-0.068759
19500	9.754979	-0.021391	0.457340	0.058308	-0.068986	-0.134427	-0.064085	-0.029638	0.997504	-0.577398	0.816362	-0.012839	-0.813944	-0.576779	-0.069430
19501	9.842913	0.052693	0.691310	0.033720	-0.113883	-0.135546	-0.064202	-0.031373	0.997444	-0.577655	0.816200	-0.011509	-0.813752	-0.576917	-0.070525
19502	9.892018	0.297911	0.884223	0.033212	-0.165887	-0.125369	-0.064799	-0.033377	0.997340	-0.578011	0.815964	-0.010248	-0.813452	-0.577138	-0.072166
19503	9.797143	0.686306	1.072664	0.000413	-0.230055	-0.112126	-0.066067	-0.035669	0.997177	-0.578218	0.815831	-0.009127	-0.813203	-0.577189	-0.074524
19504	9.645113	0.858655	1.098830	-0.050703	-0.307256	-0.086195	-0.068040	-0.038169	0.996952	-0.577869	0.816088	-0.008194	-0.813288	-0.576665	-0.077583
19505	9.502990	0.916257	1.126225	-0.096292	-0.392069	-0.057362	-0.070806	-0.040926	0.996650	-0.577127	0.816620	-0.007468	-0.813579	-0.575723	-0.081441
19506	9.498346	0.937827	1.136251	-0.120736	-0.480239	-0.028724	-0.074520	-0.043946	0.996251	-0.576171	0.817299	-0.007046	-0.813925	-0.574536	-0.086226
19507	9.367131	0.762433	0.952310	-0.152611	-0.550704	0.002691	-0.079062	-0.047073	0.995758	-0.574943	0.818164	-0.006973	-0.814364	-0.573056	-0.091750
19508	9.247980	0.666084	0.688252	-0.173521	-0.615432	0.040962	-0.084283	-0.050282	0.995172	-0.573502	0.819173	-0.007182	-0.814857	-0.571339	-0.097880
19509	9.264283	0.568520	0.523375	-0.197025	-0.683799	0.072891	-0.090222	-0.053641	0.994476	-0.571913	0.820278	-0.007641	-0.815337	-0.569444	-0.104685
19510	9.741340	0.466904	0.529699	-0.253495	-0.731293	0.111665	-0.096797	-0.056903	0.993676	-0.569748	0.821776	-0.008442	-0.816099	-0.566962	-0.111966
19511	10.259923	0.302343	0.387139	-0.297428	-0.773812	0.150561	-0.103974	-0.060057	0.992765	-0.567235	0.823500	-0.009591	-0.816966	-0.564128	-0.119689
19512	10.903755	0.033010	0.251093	-0.345971	-0.789828	0.155511	-0.111284	-0.063240	0.991774	-0.564246	0.825538	-0.010672	-0.818072	-0.560793	-0.127552
19513	11.528434	-0.485877	0.072564	-0.377895	-0.755526	0.139973	-0.118268	-0.066309	0.990765	-0.561028	0.827716	-0.011573	-0.819305	-0.557216	-0.135094
19514	11.506737	-0.996826	-0.332239	-0.386746	-0.688960	0.116744	-0.124543	-0.069192	0.989799	-0.557723	0.829938	-0.012159	-0.820631	-0.553547	-0.141953
19515	10.885855	-1.138374	-1.053647	-0.258926	-0.662896	0.122357	-0.130701	-0.071888	0.988812	-0.555635	0.831324	-0.013005	-0.821089	-0.551119	-0.148599
19516	10.368140	-1.213946	-1.855483	-0.112518	-0.665656	0.144698	-0.136942	-0.074373	0.987783	-0.554526	0.832045	-0.014231	-0.820821	-0.549700	-0.155184
19517	10.094367	-0.753744	-1.879726	-0.002499	-0.668193	0.151243	-0.143320	-0.076797	0.986692	-0.554445	0.832071	-0.015772	-0.819787	-0.549327	-0.161833
19518	10.186316	-0.511479	-1.861987	-0.038934	-0.661762	0.132904	-0.149453	-0.079348	0.985580	-0.553940	0.832384	-0.016985	-0.819033	-0.548490	-0.168356
19519	10.413644	-0.415334	-2.060268	-0.087856	-0.632130	0.138994	-0.155470	-0.081608	0.984464	-0.553002	0.832979	-0.018282	-0.818546	-0.547253	-0.174632
19520	10.145899	-0.612815	-1.989421	-0.174464	-0.582639	0.165963	-0.161129	-0.083431	0.983401	-0.551320	0.834064	-0.019572	-0.818586	-0.545322	-0.180389
19521	9.763453	-0.761284	-2.076826	-0.193533	-0.563582	0.224382	-0.167000	-0.084658	0.982316	-0.549522	0.835204	-0.021443	-0.818619	-0.543385	-0.186000
19522	9.386960	-0.569493	-2.630032	-0.172197	-0.541152	0.323404	-0.173178	-0.084914	0.981223	-0.547572	0.836407	-0.024260	-0.818642	-0.541492	-0.191344
19523	9.194075	-0.203744	-2.878308	-0.222302	-0.502015	0.425843	-0.179677	-0.084060	0.980128	-0.545080	0.837914	-0.028061	-0.818904	-0.539290	-0.196373
19524	9.169554	0.267628	-2.892963	-0.291512	-0.440739	0.514085	-0.186056	-0.082142	0.979100	-0.541762	0.839904	-0.032486	-0.819681	-0.536483	-0.200770
19525	8.960616	0.907491	-3.134900	-0.396310	-0.363128	0.579555	-0.192219	-0.079194	0.978151	-0.537473	0.842451	-0.037413	-0.821082	-0.532921	-0.204500
19526	8.856354	1.375489	-2.899618	-0.566859	-0.270527	0.593776	-0.197593	-0.075641	0.977362	-0.531664	0.845912	-0.042019	-0.823584	-0.527931	-0.207362
19527	8.804509	1.520709	-2.198133	-0.757590	-0.108635	0.575854	-0.201582	-0.071406	0.976865	-0.524416	0.850215	-0.046068	-0.827256	-0.521571	-0.208835
19528	8.707522	1.280825	-0.869200	-0.901825	0.139700	0.522892	-0.203118	-0.066248	0.976910	-0.515886	0.855239	-0.049265	-0.832229	-0.513981	-0.207892
19529	8.596899	0.370504	0.388625	-0.967910	0.474816	0.443555	-0.201490	-0.059945	0.977654	-0.506873	0.860469	-0.051704	-0.838141	-0.505965	-0.203761
19530	8.659648	-1.075719	1.576362	-0.882323	0.857256	0.355248	-0.196041	-0.052598	0.979184	-0.498756	0.865097	-0.053385	-0.844281	-0.498839	-0.195828
19531	8.902357	-3.311013	1.483072	-0.531818	1.227614	0.282560	-0.187138	-0.043987	0.981348	-0.493674	0.867891	-0.055239	-0.849274	-0.494803	-0.184131
19532	9.215635	-5.132705	1.079122	0.055467	1.552181	0.225999	-0.175028	-0.034362	0.983964	-0.493746	0.867701	-0.057526	-0.851810	-0.495897	-0.168839
19533	9.782160	-5.220678	1.059975	0.718890	1.780969	0.161623	-0.160712	-0.024037	0.986709	-0.499659	0.864119	-0.060332	-0.851183	-0.502714	-0.150884
19534	9.774855	-3.831274	1.476548	1.270704	1.935407	0.058346	-0.144542	-0.013720	0.989404	-0.510374	0.857666	-0.062667	-0.847718	-0.514024	-0.130971
19535	9.608777	-2.090889	2.019124	1.387277	1.995450	-0.079479	-0.127288	-0.003933	0.991858	-0.522236	0.850422	-0.063648	-0.843248	-0.526086	-0.110302
19536	10.664575	-1.083990	1.650480	1.261245	2.078625	-0.249708	-0.108461	0.004975	0.994088	-0.533148	0.843718	-0.062392	-0.839041	-0.536764	-0.088858
19537	11.010269	-0.162694	1.638957	0.893033	2.147318	-0.425974	-0.088207	0.013123	0.996016	-0.541090	0.838894	-0.058971	-0.836326	-0.544136	-0.066896
19538	11.059485	-0.157584	1.914053	0.445173	2.169442	-0.556364	-0.067024	0.020280	0.997545	-0.545251	0.836555	-0.053642	-0.835589	-0.547508	-0.045011
19539	10.918975	-0.410822	1.888201	0.034022	2.141261	-0.588294	-0.045867	0.027237	0.998576	-0.545794	0.836550	-0.047887	-0.836663	-0.547213	-0.023504
19540	10.751913	-0.477882	1.657565	-0.302477	2.078772	-0.550474	-0.025427	0.033947	0.999100	-0.543461	0.838367	-0.042316	-0.839049	-0.544048	-0.002868
19541	10.524595	-0.095700	1.591356	-0.548418	1.985022	-0.453616	-0.006138	0.041048	0.999138	-0.538833	0.841561	-0.037884	-0.842390	-0.538601	0.016953
19542	10.080871	0.496670	1.563231	-0.734594	1.882803	-0.312514	0.011458	0.048464	0.998759	-0.532626	0.845630	-0.034923	-0.846273	-0.531565	0.035503
19543	9.981565	0.874957	2.722214	-1.011845	1.773841	-0.152036	0.027463	0.056759	0.998010	-0.523820	0.851151	-0.033992	-0.851386	-0.521844	0.053106
19544	9.655757	0.665311	2.437029	-1.078536	1.580131	0.026212	0.040844	0.065125	0.997041	-0.514622	0.856707	-0.034877	-0.856444	-0.511675	0.068506
19545	8.385781	0.684905	1.099831	-0.993375	1.315737	0.177920	0.051357	0.073480	0.995973	-0.506114	0.861652	-0.037473	-0.860936	-0.502151	0.081441
19546	7.726759	1.221160	0.175166	-0.954427	0.929454	0.268671	0.058053	0.080404	0.995070	-0.498026	0.866195	-0.040935	-0.865216	-0.493195	0.090329
19547	8.626109	2.066640	0.216113	-1.060152	0.532732	0.296865	0.061411	0.085810	0.994417	-0.488690	0.871296	-0.045007	-0.870293	-0.483198	0.095442
19548	9.355330	2.149211	0.305891	-1.195760	0.219803	0.315179	0.061829	0.089592	0.994058	-0.478447	0.876734	-0.049259	-0.875937	-0.472558	0.097073
19549	9.016404	0.928042	0.124265	-1.211549	-0.027510	0.334304	0.060129	0.092590	0.993887	-0.467778	0.882202	-0.053885	-0.881798	-0.461679	0.096358
19550	8.345077	-0.655141	-0.223876	-0.976171	-0.262613	0.376286	0.056086	0.094692	0.993925	-0.459369	0.886316	-0.058518	-0.886473	-0.453297	0.093209
19551	7.832988	-1.830952	-0.296310	-0.523759	-0.466137	0.439909	0.050075	0.096679	0.994055	-0.454676	0.888390	-0.063498	-0.889248	-0.448794	0.088444
19552	7.793575	-2.136355	-0.477760	-0.056585	-0.624130	0.504215	0.042254	0.098333	0.994256	-0.454409	0.888153	-0.068527	-0.889790	-0.448904	0.082212
19553	7.871479	-1.821552	-0.644079	0.301381	-0.734565	0.545700	0.033303	0.100046	0.994425	-0.457095	0.886345	-0.073864	-0.888794	-0.452087	0.075248
19554	8.050579	-1.209271	-0.860147	0.459942	-0.819797	0.553727	0.023505	0.101197	0.994589	-0.461340	0.883698	-0.079012	-0.886912	-0.456987	0.067457
19555	8.327426	-0.793518	-1.432813	0.491280	-0.844082	0.519877	0.013831	0.102065	0.994682	-0.465525	0.881046	-0.083932	-0.884926	-0.461889	0.059699
19556	8.389490	-0.562599	-2.427936	0.474430	-0.790804	0.460734	0.004710	0.102423	0.994730	-0.469766	0.878372	-0.088218	-0.882778	-0.466875	0.052252
19557	8.066913	-0.383680	-2.681641	0.349183	-0.682932	0.387772	-0.003204	0.102818	0.994695	-0.472707	0.876392	-0.092112	-0.881214	-0.470494	0.045794
19558	8.276554	-0.226719	-2.424993	0.188109	-0.550018	0.295697	-0.009426	0.102792	0.994658	-0.474350	0.875202	-0.094942	-0.880286	-0.472711	0.040510
19559	8.220132	-0.364388	-2.900841	0.135495	-0.370035	0.198683	-0.013538	0.102943	0.994595	-0.475274	0.874477	-0.096980	-0.879734	-0.474018	0.037088
19560	7.448020	-1.456655	-3.447657	0.015233	-0.257214	0.146647	-0.016474	0.102984	0.994547	-0.475391	0.874254	-0.098402	-0.879620	-0.474420	0.034555
19561	7.761188	-4.335244	-3.435638	0.020665	-0.295110	0.197190	-0.020049	0.103383	0.994440	-0.475516	0.873954	-0.100444	-0.879479	-0.474886	0.031638
19562	9.863982	-4.289721	-2.745274	0.411946	-0.374784	0.262785	-0.024573	0.103868	0.994288	-0.479081	0.871718	-0.102904	-0.877426	-0.478873	0.028341
19563	12.643173	0.056665	-3.099185	0.929261	-0.583468	0.233504	-0.030763	0.103212	0.994183	-0.486967	0.867075	-0.105085	-0.872878	-0.487368	0.023587
19564	13.581943	2.834678	-3.001597	0.747972	-0.822159	0.019648	-0.037996	0.099325	0.994329	-0.493480	0.863383	-0.105102	-0.868927	-0.494676	0.016210
19565	13.822866	2.063735	-0.537932	0.299943	-0.976638	-0.214149	-0.045384	0.092727	0.994657	-0.495982	0.862201	-0.103009	-0.867146	-0.498007	0.006861
19566	12.974048	-1.395286	1.606976	0.405219	-0.862546	-0.206763	-0.051800	0.086611	0.994895	-0.499597	0.860360	-0.100911	-0.864708	-0.502274	-0.001296
19567	11.395355	-3.546252	0.597179	1.295077	-0.764057	0.058367	-0.058658	0.083324	0.994795	-0.510544	0.853825	-0.101621	-0.857848	-0.513847	-0.007543
19568	10.386135	0.296192	-1.985624	1.918785	-0.806949	0.292379	-0.067031	0.081571	0.994411	-0.526727	0.843562	-0.104702	-0.847388	-0.530801	-0.013579
19569	10.979968	3.750634	-2.768558	1.572469	-0.878420	0.256317	-0.075774	0.079084	0.993984	-0.539608	0.835016	-0.107572	-0.838500	-0.544512	-0.020598
19570	11.071875	3.689742	-3.465243	0.994074	-0.773276	0.231734	-0.083470	0.076749	0.993550	-0.547735	0.829378	-0.110083	-0.832478	-0.553391	-0.027190
19571	10.179896	3.794517	-4.196011	0.363097	-0.592685	0.253629	-0.089682	0.075621	0.993095	-0.550304	0.827324	-0.112694	-0.830134	-0.556611	-0.032582
19572	9.475584	2.819749	-4.866768	-0.421652	-0.459753	0.218963	-0.094679	0.074865	0.992689	-0.546605	0.829499	-0.114691	-0.832021	-0.553467	-0.037615
19573	9.645593	0.903989	-4.069992	-1.045048	-0.305063	0.188619	-0.098275	0.074808	0.992344	-0.537487	0.835229	-0.116193	-0.837526	-0.544791	-0.041874
19574	9.980653	-1.671633	-3.173689	-1.261428	-0.165808	0.172479	-0.100562	0.075341	0.992074	-0.526716	0.841905	-0.117328	-0.844072	-0.534340	-0.044981
19575	9.984598	-4.289774	-2.249540	-1.101950	-0.067801	0.126159	-0.101852	0.076023	0.991890	-0.517140	0.847717	-0.118075	-0.849819	-0.524972	-0.047027
19576	9.259939	-5.803997	-1.978458	-0.576113	-0.013789	0.070089	-0.102306	0.076527	0.991805	-0.512170	0.850674	-0.118468	-0.852769	-0.520093	-0.047834
19577	8.601912	-5.021092	-1.550225	-0.013494	-0.028709	0.048835	-0.102885	0.076729	0.991729	-0.512022	0.850698	-0.118936	-0.852788	-0.520024	-0.048237
19578	8.842888	-3.167708	-0.919636	0.330812	-0.061974	0.055609	-0.103675	0.076859	0.991637	-0.514789	0.848931	-0.119619	-0.851025	-0.522886	-0.048447
19579	9.614531	-1.652333	-0.092093	0.402976	-0.082391	0.076071	-0.104776	0.077069	0.991505	-0.518021	0.846829	-0.120564	-0.848927	-0.526253	-0.048804
19580	10.244116	-0.785576	0.284021	0.461548	-0.084277	0.118923	-0.106085	0.077610	0.991324	-0.521814	0.844299	-0.121940	-0.846437	-0.530223	-0.049069
19581	10.207673	0.243025	0.456793	0.458992	-0.116049	0.113438	-0.107644	0.077979	0.991127	-0.525387	0.841883	-0.123298	-0.844027	-0.533997	-0.049654
19582	10.291819	0.326959	0.891646	0.336442	-0.167935	0.078253	-0.109448	0.077719	0.990950	-0.528144	0.840021	-0.124214	-0.842072	-0.536959	-0.050891
19583	10.505666	-1.004197	0.887248	0.286141	-0.194425	0.078323	-0.111534	0.077264	0.990752	-0.530433	0.838445	-0.125100	-0.840358	-0.539481	-0.052532
19584	10.350289	-2.124673	0.437153	0.376137	-0.219481	0.073560	-0.113743	0.076674	0.990547	-0.533513	0.836354	-0.126001	-0.838109	-0.542802	-0.054223
19585	9.946818	-2.363512	0.075485	0.446954	-0.247342	0.047877	-0.116132	0.075689	0.990346	-0.537183	0.833892	-0.126724	-0.835433	-0.546713	-0.056183
19586	9.695882	-2.206544	-0.096630	0.451260	-0.281500	0.011151	-0.118516	0.074218	0.990175	-0.540939	0.831408	-0.127064	-0.832670	-0.550684	-0.058387
19587	9.784853	-1.765198	-0.426180	0.443798	-0.294667	-0.006557	-0.120944	0.072507	0.990008	-0.544589	0.828995	-0.127244	-0.829937	-0.554536	-0.060775
19588	9.831384	-1.046806	-0.881811	0.394298	-0.284310	-0.002921	-0.123260	0.070882	0.989840	-0.547866	0.826804	-0.127430	-0.827436	-0.558007	-0.063078
19589	9.788173	-0.568080	-0.926435	0.284226	-0.271645	-0.008432	-0.125495	0.069234	0.989675	-0.550222	0.825227	-0.127501	-0.825534	-0.560542	-0.065468
19590	9.955065	-0.555925	-0.872028	0.183001	-0.267864	-0.017933	-0.127581	0.067564	0.989524	-0.551761	0.824212	-0.127416	-0.824186	-0.562236	-0.067875
19591	9.924016	-0.439923	-0.756505	0.114034	-0.253189	-0.016293	-0.129600	0.065955	0.989370	-0.552697	0.823602	-0.127303	-0.823243	-0.563321	-0.070285
19592	9.674987	-0.320452	-0.660999	0.024831	-0.238131	-0.018255	-0.131434	0.064444	0.989228	-0.552932	0.823474	-0.127112	-0.822795	-0.563682	-0.072599
19593	9.363684	-0.591883	-0.437462	-0.048756	-0.244109	-0.006778	-0.133436	0.062967	0.989055	-0.552489	0.823791	-0.126984	-0.822770	-0.563386	-0.075135
19594	9.183948	-0.880571	-0.212686	-0.092797	-0.249691	0.009113	-0.135517	0.061617	0.988857	-0.551720	0.824308	-0.126974	-0.822946	-0.562779	-0.077712
19595	9.278304	-0.914920	0.128794	-0.103651	-0.270897	0.037454	-0.137939	0.060362	0.988600	-0.550752	0.824918	-0.127214	-0.823192	-0.562021	-0.080544
19596	9.445512	-0.744986	0.715763	-0.147554	-0.311399	0.061748	-0.140819	0.059104	0.988270	-0.549457	0.825709	-0.127674	-0.823570	-0.560991	-0.083800
19597	9.430725	-1.115070	0.991100	-0.196930	-0.365447	0.068124	-0.144215	0.057623	0.987867	-0.547631	0.826844	-0.128177	-0.824198	-0.559472	-0.087687
19598	9.344732	-1.613892	0.887343	-0.188512	-0.419801	0.067831	-0.148023	0.055820	0.987407	-0.545984	0.827859	-0.128649	-0.824616	-0.558152	-0.092065
19599	9.326307	-1.858583	0.786083	-0.140450	-0.488383	0.073817	-0.152428	0.053703	0.986854	-0.544638	0.828657	-0.129218	-0.824703	-0.557175	-0.097062
19600	9.427965	-1.803461	0.455325	-0.095242	-0.543842	0.070146	-0.157270	0.051237	0.986226	-0.543750	0.829151	-0.129787	-0.824380	-0.556672	-0.102540
19601	9.613571	-1.499158	0.143494	-0.082605	-0.591402	0.066199	-0.162458	0.048445	0.985525	-0.542945	0.829601	-0.130282	-0.823904	-0.556251	-0.108472
19602	9.829438	-1.378061	-0.430275	-0.102010	-0.621175	0.061789	-0.167886	0.045486	0.984757	-0.542009	0.830139	-0.130748	-0.823432	-0.555698	-0.114715
19603	9.990900	-1.134782	-0.987244	-0.105947	-0.638635	0.050177	-0.173426	0.042270	0.983939	-0.541087	0.830692	-0.131057	-0.822890	-0.555126	-0.121192
19604	10.079240	-0.756095	-1.146672	-0.147761	-0.645156	0.028771	-0.178866	0.038912	0.983104	-0.539828	0.831499	-0.131128	-0.822552	-0.554161	-0.127721
19605	9.974661	-0.712619	-1.434547	-0.197619	-0.650436	0.003401	-0.184257	0.035327	0.982243	-0.538161	0.832616	-0.130898	-0.822455	-0.552724	-0.134404
19606	9.716348	-1.450922	-1.627770	-0.183504	-0.647538	-0.007943	-0.189516	0.031667	0.981367	-0.536674	0.833631	-0.130539	-0.822232	-0.551413	-0.140992
19607	9.634150	-1.885283	-1.646938	-0.077581	-0.648176	-0.022888	-0.194737	0.027906	0.980459	-0.536048	0.834086	-0.130208	-0.821420	-0.550929	-0.147468
19608	9.598314	-2.003724	-1.321330	0.015055	-0.671163	-0.047093	-0.199969	0.023795	0.979513	-0.536272	0.834014	-0.129741	-0.820015	-0.551229	-0.154017
19609	9.681509	-1.604374	-0.905484	0.058864	-0.690917	-0.069813	-0.205278	0.019332	0.978513	-0.536918	0.833697	-0.129108	-0.818279	-0.551884	-0.160760
19610	9.475636	-1.448925	-0.409790	0.039963	-0.724349	-0.080060	-0.210746	0.014646	0.977431	-0.537419	0.833489	-0.128363	-0.816558	-0.552342	-0.167783
19611	9.541629	-0.880582	0.099455	-0.031648	-0.796829	-0.093353	-0.216804	0.009518	0.976169	-0.537310	0.833697	-0.127464	-0.815042	-0.552140	-0.175635
19612	9.471548	-0.565957	0.904269	-0.180170	-0.885365	-0.102007	-0.223446	0.003766	0.974709	-0.536075	0.834696	-0.126117	-0.814061	-0.550698	-0.184490
19613	9.380376	-0.230254	1.633582	-0.317131	-0.992423	-0.094225	-0.231054	-0.002479	0.972938	-0.533696	0.836445	-0.124612	-0.813500	-0.548045	-0.194587
19614	9.359666	0.217758	2.371942	-0.486723	-1.125847	-0.073930	-0.239796	-0.009264	0.970779	-0.529919	0.839097	-0.122890	-0.813439	-0.543903	-0.206121
19615	9.636610	0.550368	3.055062	-0.642951	-1.318474	-0.047857	-0.250279	-0.016818	0.968028	-0.524813	0.842566	-0.121049	-0.813592	-0.538330	-0.219703
19616	9.741315	0.630734	3.143282	-0.796493	-1.485211	-0.016224	-0.262258	-0.024918	0.964676	-0.518382	0.846821	-0.119054	-0.813941	-0.531294	-0.235003
19617	10.091785	0.565810	3.250482	-0.920478	-1.690934	0.016540	-0.276163	-0.033748	0.960518	-0.510910	0.851639	-0.116972	-0.814067	-0.523041	-0.252433
19618	10.918805	0.493339	2.572792	-0.918585	-1.881427	0.046341	-0.291686	-0.043132	0.955541	-0.503313	0.856420	-0.114982	-0.813385	-0.514475	-0.271515
19619	11.560802	0.817364	1.829692	-0.844439	-2.033922	0.093750	-0.308715	-0.052762	0.949690	-0.496232	0.860740	-0.113490	-0.811448	-0.506303	-0.291906
19620	12.365625	1.703792	1.794589	-0.832582	-2.197049	0.131176	-0.327137	-0.062682	0.942896	-0.489081	0.864994	-0.112184	-0.808567	-0.497852	-0.313628
19621	14.092341	2.067953	2.840817	-0.914990	-2.360200	0.177496	-0.347087	-0.072848	0.934999	-0.481185	0.869579	-0.110873	-0.804979	-0.488390	-0.336873
19622	16.487959	2.175596	3.739257	-0.940600	-2.484587	0.233683	-0.368128	-0.082841	0.926077	-0.472810	0.874305	-0.109739	-0.800583	-0.478256	-0.361024
19623	17.496646	2.640545	3.785144	-0.883723	-2.542916	0.309179	-0.389947	-0.092250	0.916205	-0.464687	0.878703	-0.109303	-0.794988	-0.468371	-0.385515
19624	15.731724	2.421256	2.456601	-0.779823	-2.546986	0.389291	-0.411887	-0.100654	0.905659	-0.456966	0.882691	-0.109723	-0.788373	-0.459048	-0.409564
19625	13.058843	1.902066	-0.419809	-0.502731	-2.535951	0.482536	-0.434044	-0.108086	0.894384	-0.451099	0.885429	-0.111914	-0.779818	-0.452032	-0.433073
19626	11.780757	2.281919	-2.291401	-0.183889	-2.513319	0.557721	-0.456000	-0.114471	0.882587	-0.447206	0.886873	-0.116028	-0.769461	-0.447607	-0.455606
19627	11.945988	1.839672	-3.727039	-0.021010	-2.396975	0.603827	-0.477063	-0.119847	0.870659	-0.444292	0.887638	-0.121258	-0.758298	-0.444675	-0.476706
19628	12.254090	0.207768	-3.124365	-0.231659	-2.275707	0.550819	-0.496622	-0.125040	0.858913	-0.439881	0.889333	-0.124870	-0.748246	-0.439832	-0.496665
19629	12.519973	-3.513293	-2.249198	-0.581160	-2.129405	0.423849	-0.514285	-0.130574	0.847621	-0.433454	0.892391	-0.125522	-0.740020	-0.431959	-0.515541
19630	11.020259	-8.092872	-1.808287	-0.669905	-2.031172	0.313624	-0.530568	-0.136478	0.836583	-0.426900	0.895670	-0.124626	-0.732294	-0.423260	-0.533477
19631	9.517083	-11.421200	-4.160205	-0.099505	-2.024098	0.249841	-0.546272	-0.142785	0.825348	-0.424905	0.896405	-0.126153	-0.721833	-0.419608	-0.550351
19632	8.616014	-11.952071	-7.221725	0.766013	-1.970996	0.198693	-0.561190	-0.149339	0.814103	-0.429297	0.893460	-0.132033	-0.707651	-0.423587	-0.565512
19633	7.717182	-9.262173	-8.542014	1.498879	-1.983364	0.131272	-0.575530	-0.156690	0.802629	-0.439167	0.887158	-0.141716	-0.689853	-0.434050	-0.579399
19634	7.591952	-5.648487	-9.056350	1.863067	-1.989889	0.021593	-0.589138	-0.165291	0.790946	-0.451727	0.878976	-0.152783	-0.669969	-0.447302	-0.592505
19635	7.537499	-2.597203	-7.462441	1.634650	-1.920492	-0.150745	-0.601040	-0.175331	0.779750	-0.463587	0.871220	-0.161440	-0.651028	-0.458514	-0.604919
