// General information: 
//  MT Manager version: 2022.2.0 
//  XDA version: 2022.2.0 build 7381 rev 124627 built on 2023-07-19
// Device information: 
//  DeviceId: 00B4CB9F
//  ProductCode: MTW2-3A7G6
//  Firmware Version: 4.6.0
//  Hardware Version: 2.0.0
// Device settings: 
//  Filter Profile: human(46.1)
//  Option Flags: Orientation Smoother Disabled, Position/Velocity Smoother Disabled, Continuous Zero Rotation Update Disabled, AHS Disabled, ICC Disabled
// Coordinate system: ENU
PacketCounter	Acc_X	Acc_Y	Acc_Z	Gyr_X	Gyr_Y	Gyr_Z	Mat[1][1]	Mat[2][1]	Mat[3][1]	Mat[1][2]	Mat[2][2]	Mat[3][2]	Mat[1][3]	Mat[2][3]	Mat[3][3]
07720	9.130249	0.622223	-3.362253	0.529835	-0.158674	-0.099294	0.085224	0.157212	0.983881	0.817455	-0.575603	0.021167	0.569653	0.802474	-0.177569
07721	9.257819	1.266884	-2.575828	0.529906	-0.172463	-0.090320	0.085582	0.159251	0.983522	0.820448	-0.571331	0.021117	0.565279	0.805121	-0.179553
07722	9.505550	1.901817	-1.715001	0.336745	-0.167237	-0.071868	0.085988	0.160998	0.983202	0.822415	-0.568494	0.021165	0.562352	0.806780	-0.181291
07723	9.912045	1.918115	-0.827402	-0.026536	-0.137834	-0.055151	0.086575	0.162507	0.982902	0.822236	-0.568737	0.021609	0.562524	0.806306	-0.182857
07724	10.242867	1.104843	-0.290580	-0.443873	-0.084080	-0.041141	0.086764	0.163409	0.982736	0.819773	-0.572235	0.022774	0.566077	0.803644	-0.183608
07725	10.272828	-0.089423	-0.073097	-0.685225	-0.064791	-0.058732	0.086811	0.164409	0.982565	0.815832	-0.577766	0.024595	0.571736	0.799473	-0.184287
07726	10.130736	-0.842654	-0.258528	-0.610097	-0.083393	-0.104200	0.086495	0.165668	0.982381	0.812426	-0.582453	0.026693	0.576613	0.795803	-0.184973
07727	9.930831	-1.006846	-0.437442	-0.366253	-0.129049	-0.146860	0.086307	0.167632	0.982065	0.810327	-0.585275	0.028689	0.579587	0.793318	-0.186350
07728	9.639945	-0.914013	-1.007003	-0.191965	-0.183941	-0.204057	0.085775	0.170275	0.981656	0.809395	-0.586445	0.031000	0.580966	0.791889	-0.188122
07729	9.433529	-0.750943	-1.916959	-0.016392	-0.295397	-0.244141	0.085646	0.174089	0.980998	0.809453	-0.586236	0.033365	0.580906	0.791214	-0.191125
07730	9.456148	-0.161877	-2.733126	0.226849	-0.391173	-0.259590	0.085864	0.178694	0.980151	0.810997	-0.583977	0.035420	0.578715	0.791858	-0.195063
07731	9.494636	0.481238	-3.135496	0.333850	-0.360380	-0.242839	0.086088	0.183029	0.979331	0.813075	-0.580975	0.037106	0.575759	0.793075	-0.198831
07732	9.348593	0.756018	-3.311931	0.384432	-0.288624	-0.225383	0.085964	0.186616	0.978665	0.815482	-0.577501	0.038490	0.572363	0.794774	-0.201826
07733	9.404548	0.953318	-2.892055	0.376428	-0.244810	-0.209705	0.085832	0.189771	0.978069	0.817769	-0.574180	0.039641	0.569111	0.796432	-0.204472
07734	9.550790	1.316064	-1.850885	0.328941	-0.187673	-0.151902	0.085708	0.192128	0.977620	0.819772	-0.571263	0.040398	0.566240	0.797963	-0.206463
07735	9.738720	1.490138	-0.761187	0.179488	-0.159815	-0.137489	0.085822	0.194295	0.977182	0.820762	-0.569782	0.041206	0.564787	0.798498	-0.208370
07736	9.802086	1.377116	-0.287168	-0.061967	-0.112436	-0.145713	0.085317	0.196014	0.976883	0.820543	-0.569988	0.042707	0.565182	0.797930	-0.209467
07737	9.715345	0.920412	-0.334819	-0.306924	-0.138804	-0.140848	0.085251	0.197959	0.976496	0.818803	-0.572345	0.044544	0.567710	0.795760	-0.210882
07738	9.944431	0.403517	-0.893757	-0.389306	-0.218409	-0.141581	0.085393	0.200498	0.975966	0.816713	-0.575151	0.046698	0.570691	0.793096	-0.212863
07739	10.412307	0.386357	-0.972441	-0.280494	-0.157725	-0.125437	0.085556	0.202488	0.975540	0.815097	-0.577304	0.048343	0.572972	0.791024	-0.214439
07740	10.715014	0.678512	-0.428377	-0.153462	-0.059707	-0.102338	0.085121	0.203542	0.975359	0.814310	-0.578305	0.049617	0.574154	0.790021	-0.214973
07741	10.458545	1.001700	-0.107640	0.028612	0.044058	-0.102780	0.084352	0.203753	0.975382	0.814412	-0.578101	0.050332	0.574124	0.790117	-0.214702
07742	9.411823	1.086013	-0.593338	0.216051	0.061384	-0.122819	0.083055	0.203967	0.975448	0.815759	-0.576138	0.051013	0.572398	0.791494	-0.214239
07743	8.664263	1.065545	-1.813967	0.255103	-0.060398	-0.142398	0.082406	0.205226	0.975239	0.817248	-0.573960	0.051726	0.570364	0.792750	-0.215018
07744	8.651509	1.137118	-2.583347	0.332994	-0.179797	-0.100176	0.082666	0.207218	0.974796	0.819231	-0.571108	0.051930	0.567475	0.794290	-0.216970
07745	9.283261	1.385943	-2.536154	0.361266	-0.244717	-0.059372	0.083727	0.209509	0.974215	0.821241	-0.568241	0.051623	0.564405	0.795744	-0.219635
07746	9.900339	1.481780	-2.325698	0.272881	-0.189372	-0.024736	0.084648	0.211150	0.973782	0.822804	-0.566013	0.051207	0.561986	0.796897	-0.221647
07747	9.829598	1.344980	-2.077054	0.267151	-0.061372	-0.017591	0.085079	0.211771	0.973609	0.824211	-0.564012	0.050655	0.559855	0.798150	-0.222530
07748	9.195361	1.527784	-1.898309	0.251065	-0.008619	-0.017380	0.085042	0.211930	0.973578	0.825634	-0.561967	0.050211	0.557760	0.799549	-0.222768
07749	9.002730	1.674616	-1.565209	0.177129	-0.071685	0.018138	0.085916	0.212369	0.973405	0.826461	-0.560822	0.049410	0.556400	0.800236	-0.223698
07750	9.267536	1.667187	-1.377384	0.146517	-0.141835	0.029684	0.087008	0.213331	0.973098	0.827254	-0.559710	0.048737	0.555050	0.800759	-0.225178
07751	9.557492	1.714361	-1.510435	0.075988	-0.169359	0.024339	0.088385	0.214543	0.972707	0.827529	-0.559351	0.048179	0.554422	0.800686	-0.226978
07752	9.872839	1.523193	-1.990018	-0.100478	-0.221440	0.030325	0.089923	0.216138	0.972213	0.826950	-0.560219	0.048058	0.555039	0.799650	-0.229111
07753	9.974174	1.268525	-2.745106	-0.134785	-0.242876	0.046770	0.091925	0.217832	0.971648	0.826011	-0.561627	0.047764	0.556108	0.798201	-0.231559
07754	9.649121	1.342048	-3.256067	-0.083601	-0.191813	0.054970	0.093505	0.219046	0.971224	0.825499	-0.562412	0.047369	0.556604	0.797315	-0.233410
07755	9.119935	1.467183	-3.471182	-0.080902	-0.185694	0.073337	0.095284	0.220042	0.970826	0.824908	-0.563333	0.046719	0.557179	0.796390	-0.235191
07756	8.736126	1.280635	-3.347934	-0.057162	-0.242867	0.097490	0.097501	0.221418	0.970293	0.824499	-0.564002	0.045853	0.557400	0.795535	-0.237550
07757	8.780808	1.191064	-2.516112	-0.027134	-0.269360	0.138613	0.100336	0.222729	0.969703	0.824094	-0.564708	0.044437	0.557496	0.794668	-0.240210
07758	9.044663	1.162322	-1.562491	-0.082131	-0.270401	0.178216	0.103372	0.223861	0.969123	0.823458	-0.565757	0.042852	0.557881	0.793603	-0.242824
07759	9.639574	1.039380	-1.049933	-0.189910	-0.249111	0.214992	0.106711	0.224546	0.968603	0.822047	-0.567935	0.041096	0.559332	0.791851	-0.245192
07760	10.264386	0.869508	-0.803398	-0.259423	-0.152579	0.211272	0.109361	0.224541	0.968308	0.820368	-0.570460	0.039632	0.561281	0.790035	-0.246593
07761	9.994514	0.877329	-0.661228	-0.280256	-0.010949	0.168377	0.110869	0.223709	0.968330	0.818583	-0.573085	0.038674	0.563587	0.788370	-0.246662
07762	9.131300	0.646437	-0.441780	-0.311868	-0.024140	0.148415	0.112279	0.223038	0.968322	0.816659	-0.575871	0.037950	0.566093	0.786528	-0.246805
07763	8.992958	0.186301	-0.558849	-0.326780	-0.198770	0.147727	0.114686	0.223778	0.967869	0.814602	-0.578820	0.037302	0.568570	0.784150	-0.248672
07764	9.296400	-0.388401	-1.455704	-0.319547	-0.314497	0.142955	0.117701	0.225401	0.967130	0.812618	-0.581642	0.036662	0.570787	0.781592	-0.251625
07765	9.615454	-0.954581	-2.414948	-0.285477	-0.372655	0.131147	0.120981	0.227520	0.966229	0.810778	-0.584242	0.036056	0.572715	0.779035	-0.255151
07766	9.677624	-1.099844	-3.264773	-0.031837	-0.380301	0.114158	0.124144	0.229804	0.965287	0.810459	-0.584751	0.034979	0.572490	0.777982	-0.258840
07767	9.655335	-0.692691	-3.507381	0.319089	-0.417095	0.112189	0.127637	0.232305	0.964232	0.811994	-0.582737	0.032909	0.569539	0.778750	-0.263009
07768	9.803481	-0.174522	-3.292230	0.471024	-0.494008	0.084906	0.131191	0.235654	0.962941	0.814559	-0.579264	0.030784	0.565051	0.780334	-0.267948
07769	10.040381	0.338603	-2.601588	0.492364	-0.508081	0.047710	0.134456	0.239291	0.961593	0.817230	-0.575584	0.028963	0.560408	0.781948	-0.272946
07770	10.265895	0.904208	-1.670346	0.492793	-0.446589	0.010164	0.137092	0.242720	0.960361	0.819968	-0.571751	0.027453	0.555750	0.783702	-0.277405
07771	10.359042	1.623525	-1.023110	0.496339	-0.322815	0.009647	0.139072	0.245182	0.959450	0.822620	-0.568001	0.025912	0.551322	0.785659	-0.280685
07772	10.295173	2.119528	-0.538463	0.390218	-0.236411	0.038192	0.140746	0.246817	0.958787	0.824712	-0.565026	0.024389	0.547759	0.787290	-0.283078
07773	10.072686	2.195956	-0.483236	0.152615	-0.198405	0.053924	0.142335	0.248081	0.958226	0.825441	-0.564003	0.023407	0.546249	0.787627	-0.285054
07774	9.553553	1.723611	-1.313041	-0.054656	-0.147153	0.078447	0.143847	0.248789	0.957816	0.825031	-0.564629	0.022755	0.546472	0.786955	-0.286479
07775	9.157995	1.065598	-2.315139	-0.119407	-0.152418	0.111927	0.145502	0.249343	0.957422	0.824270	-0.565767	0.022077	0.547183	0.785962	-0.287846
07776	9.040347	0.420520	-2.993767	-0.065926	-0.270073	0.152845	0.148299	0.250591	0.956667	0.823685	-0.566668	0.020749	0.547312	0.784915	-0.290445
07777	9.264447	-0.017416	-3.282390	0.011080	-0.359587	0.193218	0.151830	0.252304	0.955662	0.823463	-0.567055	0.018881	0.546677	0.784086	-0.293859
07778	9.593883	-0.217532	-3.069585	0.047513	-0.413775	0.240806	0.156133	0.254173	0.954473	0.823353	-0.567294	0.016384	0.545631	0.783310	-0.297847
07779	9.935799	-0.159203	-2.395813	0.046890	-0.418554	0.268252	0.160565	0.255880	0.953281	0.823207	-0.567576	0.013693	0.544563	0.782549	-0.301775
07780	10.181445	0.085339	-1.640364	0.027164	-0.351993	0.281383	0.164856	0.257027	0.952239	0.822897	-0.568086	0.010874	0.543749	0.781802	-0.305159
07781	10.290367	0.567198	-1.038320	0.091957	-0.254173	0.284368	0.168561	0.257348	0.951504	0.822944	-0.568068	0.007856	0.542541	0.781710	-0.307537
07782	10.439511	1.343982	-0.457404	0.236412	-0.236952	0.278085	0.172193	0.257614	0.950781	0.823750	-0.566937	0.004425	0.540172	0.782443	-0.309832
07783	10.630155	2.050730	0.213861	0.351752	-0.229740	0.261885	0.175621	0.257852	0.950089	0.825163	-0.564894	0.000782	0.536901	0.783841	-0.311978
07784	10.648221	2.364557	1.240548	0.314075	-0.117470	0.214561	0.178082	0.257556	0.949711	0.826464	-0.562984	-0.002294	0.534082	0.785311	-0.313118
07785	10.596681	2.293895	2.430663	0.210218	-0.021825	0.183243	0.179536	0.256629	0.949688	0.827323	-0.561707	-0.004616	0.532262	0.786528	-0.313162
07786	10.568806	1.983997	3.505880	0.147798	0.001411	0.200773	0.181249	0.255483	0.949672	0.827745	-0.561060	-0.007042	0.531024	0.787363	-0.313166
07787	10.439938	1.447671	4.130038	0.120085	0.054423	0.262796	0.183128	0.253485	0.949847	0.827870	-0.560832	-0.009942	0.530184	0.788171	-0.312556
07788	10.313756	0.831056	3.461650	0.235337	0.076318	0.334925	0.185557	0.250997	0.950036	0.828497	-0.559821	-0.013915	0.528358	0.789684	-0.311829
07789	10.641929	0.734032	2.192390	0.669297	0.029556	0.408036	0.188727	0.248277	0.950127	0.831224	-0.555580	-0.019931	0.522923	0.793529	-0.311227
07790	11.335461	1.147437	1.368369	0.986184	-0.059200	0.482705	0.193116	0.246075	0.949818	0.835416	-0.548923	-0.027644	0.514574	0.798831	-0.311580
07791	11.947119	1.342434	0.633224	0.876126	-0.167359	0.489348	0.198030	0.244615	0.949183	0.838886	-0.543179	-0.035035	0.507006	0.803194	-0.312769
07792	12.294030	1.067154	-0.450087	0.650133	-0.275632	0.424521	0.203044	0.244528	0.948145	0.841308	-0.538987	-0.041159	0.500974	0.806039	-0.315162
07793	12.601103	0.226410	-1.366955	0.517373	-0.310876	0.381395	0.207686	0.244795	0.947070	0.843088	-0.535770	-0.046399	0.496054	0.808100	-0.317655
07794	13.606150	-0.721790	-1.085704	0.475945	0.000273	0.517036	0.212105	0.242022	0.946804	0.844350	-0.533178	-0.052862	0.492021	0.810646	-0.317441
07795	14.408890	-1.173782	1.190227	0.240177	0.911971	0.786341	0.214116	0.230262	0.949281	0.843830	-0.533131	-0.061012	0.492043	0.814095	-0.308454
07796	12.983073	-1.143687	3.704922	-0.054685	1.941387	0.894069	0.212112	0.209633	0.954496	0.841649	-0.535545	-0.069414	0.496624	0.818074	-0.290033
07797	10.693826	-1.142828	4.496986	-0.167175	2.173483	0.819904	0.207986	0.187198	0.960051	0.839054	-0.538608	-0.076751	0.502724	0.821498	-0.269092
07798	9.821093	-1.074574	4.936971	0.053402	1.778066	0.752545	0.205386	0.168496	0.964067	0.837763	-0.539505	-0.084186	0.505934	0.824950	-0.251966
07799	10.554482	-0.683275	5.710354	-0.093382	1.578812	0.685065	0.202970	0.151449	0.967402	0.835827	-0.541467	-0.090597	0.510095	0.826969	-0.236487
07800	11.151922	-0.478837	5.850639	-0.403636	1.691583	0.604611	0.199386	0.134163	0.970693	0.832533	-0.545666	-0.095589	0.516849	0.827194	-0.220493
07801	11.109247	-0.686560	5.314770	-0.840101	1.824461	0.628716	0.194944	0.115321	0.974011	0.826751	-0.553623	-0.099923	0.527712	0.824744	-0.203267
07802	11.230765	-0.615506	5.078781	-1.087694	1.905800	0.695239	0.190548	0.095748	0.976997	0.819598	-0.563302	-0.104645	0.540325	0.820685	-0.185810
07803	11.088643	-0.058378	3.946630	-1.397745	1.865196	0.661867	0.185627	0.076337	0.979650	0.810491	-0.575572	-0.108724	0.555560	0.814180	-0.168713
07804	11.499015	0.604950	2.840960	-1.901294	1.807210	0.717850	0.181252	0.057510	0.981754	0.798430	-0.591434	-0.112761	0.574157	0.804300	-0.153116
07805	11.601281	1.009824	-0.019870	-2.258400	1.575549	0.608151	0.176745	0.040872	0.983408	0.783880	-0.610069	-0.115529	0.595225	0.791293	-0.139865
07806	11.792241	0.871157	-5.223889	-0.995766	0.948030	0.273404	0.173249	0.031703	0.984368	0.777424	-0.618013	-0.116923	0.604645	0.785528	-0.131717
07807	13.844998	1.592299	-4.879406	0.331962	0.634769	0.127402	0.170316	0.025516	0.985059	0.778956	-0.615736	-0.118732	0.603507	0.787539	-0.124745
07808	15.650450	1.930170	-4.175059	0.623105	1.162212	-0.057357	0.162929	0.016675	0.986497	0.782799	-0.610797	-0.118962	0.600566	0.791611	-0.112569
07809	16.089560	2.325257	-5.002818	1.216926	1.827731	-0.342579	0.149221	0.003847	0.988796	0.790374	-0.601361	-0.116937	0.594174	0.798968	-0.092776
07810	15.289793	3.629882	-5.289438	1.292532	2.422953	-0.681391	0.129550	-0.011558	0.991506	0.798957	-0.591003	-0.111281	0.587269	0.806587	-0.067330
07811	14.467481	4.429983	-5.519684	0.693983	2.853050	-0.846232	0.105931	-0.029946	0.993922	0.803834	-0.585812	-0.103322	0.585346	0.809893	-0.037984
07812	13.079549	4.652425	-5.622331	0.054590	3.033368	-0.843865	0.081407	-0.049573	0.995447	0.804944	-0.585697	-0.094996	0.587739	0.809013	-0.007776
07813	11.445221	4.558033	-5.551623	-1.004076	3.109624	-0.729331	0.056997	-0.070541	0.995879	0.799347	-0.594413	-0.087853	0.598161	0.801060	0.022507
07814	10.575234	3.661330	-4.842407	-1.822911	3.024679	-0.547721	0.034373	-0.091290	0.995231	0.788550	-0.609327	-0.083126	0.614010	0.787646	0.051042
07815	10.680224	2.592435	-3.335390	-2.463732	2.823920	-0.400850	0.013495	-0.110970	0.993732	0.773156	-0.629055	-0.080746	0.634072	0.769400	0.077308
07816	11.858378	1.697248	-1.871269	-2.834804	2.406422	-0.285625	-0.004152	-0.127426	0.991839	0.754889	-0.650898	-0.080464	0.655840	0.748394	0.098895
07817	12.887517	1.076788	-1.818914	-3.167519	2.286677	-0.273855	-0.021579	-0.142590	0.989547	0.733614	-0.674695	-0.081223	0.679223	0.724193	0.119165
07818	12.365497	-0.337014	-2.557299	-3.122274	2.531718	-0.312723	-0.041258	-0.158485	0.986499	0.711973	-0.697372	-0.082260	0.700994	0.698967	0.141609
07819	10.697713	-1.137292	-2.299400	-2.754483	2.751779	-0.361192	-0.063449	-0.174949	0.982531	0.692152	-0.716967	-0.082965	0.718957	0.674797	0.166582
07820	8.888094	-1.314566	-1.882956	-2.652412	2.745019	-0.425968	-0.086260	-0.190075	0.977973	0.672558	-0.735308	-0.083590	0.735000	0.650533	0.191264
07821	7.894485	-1.545924	-2.069879	-2.670714	2.501754	-0.454061	-0.107956	-0.202758	0.973260	0.652221	-0.753295	-0.084587	0.750302	0.625649	0.213566
07822	8.134983	-1.489397	-2.459368	-2.581417	2.188826	-0.415233	-0.127148	-0.213056	0.968731	0.632194	-0.769982	-0.086368	0.764307	0.601444	0.232594
07823	8.312641	-1.388764	-2.600183	-2.492415	2.055172	-0.351469	-0.145270	-0.222524	0.964044	0.612457	-0.785476	-0.089016	0.777041	0.577504	0.250392
07824	8.405280	-1.241823	-2.720607	-2.319958	1.948515	-0.335692	-0.162493	-0.230928	0.959306	0.593799	-0.799354	-0.091843	0.788035	0.554711	0.267014
07825	8.370642	-1.153076	-2.824903	-2.099927	1.865934	-0.376389	-0.179565	-0.238120	0.954492	0.576481	-0.811681	-0.094042	0.797137	0.533359	0.283021
07826	8.256681	-1.174449	-2.634617	-1.851703	1.754592	-0.437737	-0.196056	-0.243769	0.949810	0.560846	-0.822416	-0.095306	0.804372	0.514012	0.297956
07827	8.084579	-1.140035	-2.498700	-1.647539	1.626560	-0.462977	-0.211814	-0.248217	0.945264	0.546591	-0.831883	-0.095964	0.810169	0.496346	0.311877
07828	7.764142	-1.420341	-2.234838	-1.411203	1.521193	-0.457611	-0.226596	-0.251861	0.940861	0.534142	-0.839905	-0.096194	0.814461	0.480756	0.324849
07829	7.277971	-1.490919	-2.001415	-1.097587	1.477528	-0.386971	-0.240743	-0.255658	0.936313	0.524291	-0.846086	-0.096217	0.816800	0.467737	0.337728
07830	7.269980	-1.041315	-1.740324	-0.840966	1.389290	-0.376402	-0.254009	-0.258927	0.931899	0.516506	-0.850925	-0.095644	0.817741	0.457037	0.349880
07831	7.078762	-0.725515	-1.474509	-0.698955	1.393055	-0.383238	-0.267400	-0.262003	0.927282	0.509811	-0.855071	-0.094586	0.817673	0.447446	0.362218
07832	6.568270	-0.510778	-1.139904	-0.503779	1.353331	-0.440557	-0.280647	-0.264271	0.922713	0.504508	-0.858447	-0.092416	0.816522	0.439580	0.374247
07833	6.225707	-0.217820	-0.834680	-0.364377	1.224589	-0.516695	-0.293251	-0.265211	0.918514	0.500089	-0.861383	-0.089053	0.814810	0.433223	0.385230
07834	5.772235	-0.780483	-0.417283	-0.234881	1.015376	-0.575204	-0.304336	-0.264664	0.915059	0.496481	-0.863901	-0.084745	0.812949	0.428518	0.394316
07835	5.644187	-1.504240	-0.044002	0.049882	0.703633	-0.618275	-0.313122	-0.262364	0.912754	0.495023	-0.865290	-0.078902	0.810498	0.427128	0.400818
07836	5.870929	-2.162749	0.478057	0.211584	0.353032	-0.630848	-0.319056	-0.258453	0.911814	0.494765	-0.866010	-0.072345	0.808338	0.428052	0.404180
07837	6.577694	-2.247663	0.501006	0.339353	0.227448	-0.640089	-0.324066	-0.253921	0.911321	0.495491	-0.866167	-0.065144	0.805897	0.430440	0.406511
07838	6.509954	-2.325433	0.523546	0.406383	0.224499	-0.648453	-0.329043	-0.249315	0.910809	0.496667	-0.866026	-0.057629	0.803152	0.433406	0.408787
07839	6.142996	-2.624054	0.048275	0.657291	0.025692	-0.644080	-0.332457	-0.243891	0.911038	0.499844	-0.864723	-0.049088	0.799768	0.439057	0.409390
07840	6.379186	-2.685872	0.404983	1.104531	-0.226228	-0.587021	-0.333562	-0.237860	0.912227	0.506721	-0.861215	-0.039273	0.794966	0.449145	0.407797
07841	6.515862	-2.638596	1.189469	1.442113	-0.278944	-0.481643	-0.333810	-0.232493	0.913520	0.516564	-0.855756	-0.029034	0.788500	0.462199	0.405757
07842	6.525627	-1.758586	1.977634	1.959919	-0.114114	-0.591123	-0.335963	-0.226959	0.914122	0.529966	-0.847873	-0.015735	0.778630	0.479167	0.405134
07843	6.394426	-0.612288	3.302601	2.254662	-0.001887	-0.691274	-0.339653	-0.221161	0.914179	0.545073	-0.838388	-0.000310	0.766506	0.498190	0.405310
07844	6.682254	0.413439	5.166893	2.471388	-0.087243	-0.621540	-0.342382	-0.215578	0.914495	0.561757	-0.827160	0.015329	0.753129	0.518972	0.404307
07845	6.739418	1.194801	7.060682	2.529776	-0.305693	-0.469077	-0.342767	-0.210148	0.915614	0.579050	-0.814748	0.029774	0.739738	0.540392	0.400954
07846	6.657261	1.650727	6.858966	2.412541	-0.683615	-0.534038	-0.340836	-0.202098	0.918143	0.594954	-0.802543	0.044208	0.727915	0.561321	0.393774
07847	7.237321	2.454453	5.092825	2.408773	-1.113153	-0.677671	-0.336875	-0.190375	0.922102	0.610068	-0.790092	0.059758	0.717169	0.582677	0.382304
07848	7.751531	3.006934	3.861305	2.229578	-1.287616	-0.653635	-0.331684	-0.177651	0.926513	0.623793	-0.778067	0.074124	0.707721	0.602538	0.368890
07849	7.993460	2.929427	3.669248	1.956745	-1.368568	-0.561711	-0.325590	-0.164982	0.931006	0.635729	-0.767062	0.086396	0.699886	0.619997	0.354632
07850	8.615374	2.957783	4.997004	1.553581	-1.317859	-0.368016	-0.318710	-0.153944	0.935267	0.645396	-0.757895	0.095182	0.694182	0.633953	0.340903
07851	8.688395	3.315183	6.065696	0.919944	-1.236460	-0.104863	-0.310823	-0.145291	0.939297	0.651457	-0.752169	0.099228	0.692093	0.642754	0.328443
07852	8.560242	4.486604	5.686901	-0.019664	-1.235176	0.213259	-0.300809	-0.138976	0.943504	0.651994	-0.751980	0.097105	0.696001	0.644369	0.316814
07853	8.834012	4.731390	3.712983	-1.399087	-1.469224	0.596888	-0.286629	-0.134116	0.948608	0.643932	-0.760109	0.087103	0.709363	0.635805	0.304230
07854	12.554707	3.188562	2.210194	-2.294249	-2.058427	1.069626	-0.264950	-0.129412	0.955539	0.630393	-0.773105	0.070090	0.729662	0.620935	0.286414
07855	18.145823	0.344896	2.680778	-2.597836	-1.912056	1.171064	-0.243521	-0.126870	0.961562	0.614174	-0.787479	0.051642	0.750658	0.603143	0.269688
07856	20.686410	-2.830673	4.572596	-2.562627	-0.857421	0.818229	-0.232005	-0.128316	0.964214	0.596676	-0.801634	0.036889	0.768213	0.583882	0.262546
07857	14.713445	-4.870383	8.647242	-2.352100	0.108220	0.223365	-0.231539	-0.130771	0.963996	0.578995	-0.814832	0.028530	0.781764	0.564754	0.264381
07858	8.209559	-4.775155	8.863742	-2.096882	-0.570277	-0.600654	-0.230418	-0.122701	0.965325	0.561093	-0.827252	0.028779	0.795036	0.548268	0.259461
07859	7.835434	-5.061189	4.351641	-2.587920	-1.493542	-1.000680	-0.223933	-0.106368	0.968783	0.537989	-0.842349	0.031869	0.812664	0.528331	0.245855
07860	8.905425	-8.198322	2.708818	-2.935501	-1.588153	-0.680867	-0.214404	-0.092411	0.972364	0.512379	-0.858185	0.031419	0.831564	0.504955	0.231348
07861	9.764214	-11.522190	2.873527	-2.280942	-1.268548	0.051763	-0.203527	-0.086664	0.975226	0.493277	-0.869493	0.025678	0.845727	0.486283	0.219715
07862	10.356847	-12.078100	2.228904	-0.753580	-0.920056	0.379176	-0.193815	-0.085560	0.977300	0.487653	-0.872801	0.020299	0.851252	0.480518	0.210886
07863	10.010315	-8.494420	2.088554	1.108266	-0.735135	0.239752	-0.186409	-0.084221	0.978856	0.497357	-0.867313	0.020090	0.847282	0.490586	0.203563
07864	9.379755	-2.801407	1.161957	2.757877	-0.681362	-0.161272	-0.181454	-0.079447	0.980185	0.520268	-0.853572	0.027128	0.834503	0.514882	0.196218
07865	8.859068	3.751956	-0.462964	3.613466	-0.339016	-0.432741	-0.180981	-0.074163	0.980686	0.549109	-0.834877	0.038199	0.815920	0.545417	0.191820
07866	7.797115	8.902800	-1.718252	3.227958	-0.211809	-0.550862	-0.182317	-0.068465	0.980853	0.574177	-0.817222	0.049682	0.798174	0.572241	0.188304
07867	7.346649	9.435810	-1.746566	1.858255	-0.907432	-0.656265	-0.178930	-0.058005	0.982150	0.587600	-0.806969	0.059391	0.789120	0.587739	0.178475
07868	8.894746	7.281206	-2.080086	0.410061	-1.869291	-0.586563	-0.167574	-0.042286	0.984952	0.589836	-0.804838	0.065798	0.789945	0.591986	0.159812
07869	10.480525	5.353643	-3.448549	-0.524974	-2.267961	-0.243816	-0.151012	-0.027028	0.988162	0.585205	-0.808085	0.067329	0.796700	0.588445	0.137848
07870	11.181772	3.048320	-5.680764	-0.948359	-2.034510	0.066862	-0.134278	-0.015707	0.990819	0.577717	-0.813613	0.065395	0.805117	0.581194	0.118325
07871	11.050170	0.706413	-7.509606	-0.919634	-1.468830	0.262012	-0.120883	-0.009429	0.992622	0.570583	-0.818918	0.061708	0.812295	0.573832	0.104374
07872	10.890379	-0.733521	-7.903642	-0.540944	-1.096688	0.365220	-0.109825	-0.006192	0.993932	0.566609	-0.821979	0.057487	0.816635	0.569484	0.093783
07873	10.994117	-1.114352	-6.142101	-0.273191	-0.942679	0.462053	-0.099471	-0.004677	0.995029	0.564862	-0.823507	0.052598	0.819168	0.567286	0.084557
07874	11.227095	-1.206163	-3.413881	-0.384139	-0.868689	0.454420	-0.089732	-0.003546	0.995960	0.562149	-0.825659	0.047708	0.822154	0.564159	0.076082
07875	11.300626	-1.228608	-1.462806	-0.352239	-0.815786	0.316793	-0.081195	-0.001604	0.996697	0.559537	-0.827623	0.044250	0.824818	0.561282	0.068096
07876	10.575963	-0.697550	-1.001807	-0.028575	-0.775819	0.042969	-0.074503	0.002357	0.997218	0.559344	-0.827781	0.043745	0.825581	0.561047	0.060354
07877	9.232826	-0.179459	-1.390576	0.303959	-0.783703	-0.153267	-0.068848	0.008000	0.997595	0.561758	-0.826055	0.045394	0.824432	0.563533	0.052378
07878	9.225148	0.665619	-1.323847	0.723437	-1.002700	-0.206697	-0.061717	0.015347	0.997976	0.567583	-0.821931	0.047740	0.821000	0.569381	0.042016
07879	10.094251	1.932544	-0.463881	1.042442	-1.104685	-0.149244	-0.053477	0.022881	0.998307	0.576051	-0.815910	0.049558	0.815662	0.577726	0.030452
07880	9.909848	2.645873	0.310668	0.845447	-0.932311	-0.096776	-0.046404	0.029050	0.998500	0.582887	-0.810971	0.050683	0.811227	0.584365	0.020700
07881	9.104424	2.561201	0.389462	0.436381	-0.862709	-0.111678	-0.040017	0.034997	0.998586	0.586409	-0.808355	0.051829	0.809026	0.587654	0.011826
07882	8.615597	2.312170	0.454779	0.223045	-0.957718	-0.100580	-0.032814	0.041409	0.998603	0.588182	-0.807004	0.052791	0.808063	0.589093	0.002125
07883	8.593442	2.172827	0.785886	0.001488	-1.043647	-0.061276	-0.024693	0.048046	0.998540	0.588220	-0.806938	0.053372	0.808324	0.588679	-0.008336
07884	9.073380	1.602712	0.754931	-0.382107	-1.077149	0.019296	-0.015809	0.054176	0.998406	0.585136	-0.809190	0.053174	0.810781	0.585044	-0.018908
07885	9.750621	0.441275	0.427944	-0.683830	-1.143711	0.045827	-0.006203	0.060461	0.998151	0.579630	-0.813164	0.052858	0.814856	0.578886	-0.030001
07886	10.352595	-0.881759	0.284681	-0.715715	-1.163138	0.041906	0.003590	0.066778	0.997761	0.573788	-0.817311	0.052636	0.818996	0.572314	-0.041251
07887	10.395990	-2.052610	0.144666	-0.473420	-1.105755	0.037212	0.012916	0.072771	0.997265	0.569940	-0.820010	0.052455	0.821585	0.567704	-0.052066
07888	9.987488	-2.168273	-0.036923	0.106647	-1.065487	0.011606	0.021781	0.078689	0.996661	0.570817	-0.819415	0.052220	0.820788	0.567774	-0.062765
07889	9.556910	-0.912968	0.114474	0.754030	-1.081431	0.042387	0.030921	0.084489	0.995945	0.576996	-0.815138	0.051237	0.816161	0.573072	-0.073955
07890	9.420617	0.554481	0.596223	0.906182	-1.108921	0.070081	0.040397	0.090274	0.995097	0.584344	-0.809979	0.049758	0.810500	0.579469	-0.085472
07891	9.619958	1.603361	0.921176	0.801409	-1.129734	0.101661	0.050168	0.096001	0.994116	0.590781	-0.805405	0.047964	0.805271	0.584898	-0.097121
07892	10.455470	2.544558	1.350196	0.660733	-1.139686	0.139404	0.060197	0.101536	0.993009	0.596011	-0.801667	0.045841	0.800717	0.589084	-0.108775
07893	11.095660	3.210769	1.480458	0.501527	-1.007573	0.078065	0.068753	0.106834	0.991897	0.599974	-0.798784	0.044447	0.797060	0.592056	-0.119017
07894	10.363850	3.136117	1.859654	0.055082	-0.747026	0.025710	0.074909	0.111015	0.990992	0.600394	-0.798489	0.044066	0.796188	0.591685	-0.126467
07895	9.214454	2.155625	1.305083	-0.370413	-0.630687	0.005107	0.079998	0.114668	0.990177	0.597446	-0.800676	0.044454	0.797909	0.588022	-0.132561
07896	8.709717	0.907187	0.663304	-0.443605	-0.707294	-0.005449	0.085667	0.118821	0.989213	0.593906	-0.803272	0.045053	0.799960	0.583640	-0.139382
07897	9.001516	0.059847	0.017680	-0.341600	-0.832138	-0.009063	0.092302	0.123705	0.988017	0.591184	-0.805247	0.045593	0.801238	0.579892	-0.147458
07898	9.381680	-0.535303	-0.681462	-0.205683	-0.926728	0.012005	0.099849	0.128935	0.986613	0.589523	-0.806456	0.045729	0.801556	0.577065	-0.156534
07899	9.663806	-0.972585	-1.266291	0.000339	-0.947193	0.038697	0.107692	0.134044	0.985106	0.589481	-0.806511	0.045301	0.800572	0.575823	-0.165871
07900	9.894080	-1.007075	-1.321888	0.226431	-0.893225	0.046964	0.115160	0.138777	0.983605	0.591236	-0.805276	0.044395	0.798234	0.576431	-0.174785
07901	10.099426	-0.901113	-0.605933	0.449694	-0.959972	0.035018	0.123042	0.143991	0.981900	0.594760	-0.802743	0.043190	0.794432	0.578680	-0.184411
07902	10.425471	-0.593920	0.375482	0.830576	-1.081862	-0.027687	0.131487	0.150466	0.979832	0.601364	-0.797880	0.041826	0.788082	0.583736	-0.195396
07903	10.531331	-0.112907	0.639827	1.121341	-0.988721	-0.069468	0.138849	0.156763	0.977827	0.610217	-0.791214	0.040196	0.779972	0.591106	-0.205519
07904	9.988548	0.270118	-0.012594	1.215170	-0.723522	-0.001217	0.144506	0.161046	0.976311	0.619641	-0.783984	0.037607	0.771468	0.599528	-0.213081
07905	9.272705	0.568318	-0.870050	1.102724	-0.543657	0.120295	0.149461	0.163312	0.975188	0.627885	-0.777564	0.033984	0.763821	0.607226	-0.218756
07906	9.011166	0.764451	-1.606774	0.942264	-0.611249	0.216581	0.155528	0.165331	0.973898	0.634714	-0.772175	0.029725	0.756934	0.613524	-0.225033
07907	9.365142	1.083594	-1.753808	0.791442	-0.892335	0.258742	0.163934	0.168757	0.971929	0.640220	-0.767774	0.025325	0.750496	0.618097	-0.233906
07908	10.372329	1.178784	-1.215912	0.635985	-1.225696	0.226110	0.174600	0.174586	0.969038	0.644585	-0.764229	0.021547	0.744329	0.620865	-0.245970
07909	11.744682	1.020281	0.342718	0.386755	-1.268568	0.163988	0.185101	0.181139	0.965881	0.647113	-0.762159	0.018921	0.739583	0.621532	-0.258293
07910	12.555702	0.739293	2.503037	0.037460	-0.867004	0.095603	0.192175	0.185761	0.963619	0.647202	-0.762109	0.017843	0.737698	0.620227	-0.266684
07911	12.444787	0.210548	4.065258	-0.263153	-0.295293	0.035138	0.194609	0.187225	0.962847	0.645127	-0.763860	0.018140	0.738877	0.617628	-0.269437
07912	11.458797	-0.556890	4.432423	-0.184282	0.098735	0.023572	0.194082	0.186403	0.963113	0.643711	-0.765049	0.018351	0.740249	0.616404	-0.268472
07913	10.442822	-1.074683	4.132589	0.236669	0.174756	0.060266	0.193201	0.184726	0.963613	0.645244	-0.763787	0.017050	0.739144	0.618471	-0.266757
07914	10.156427	-1.261660	3.673198	0.743217	0.041122	0.097399	0.193581	0.183696	0.963733	0.650523	-0.759356	0.014073	0.734402	0.624207	-0.266496
07915	10.487890	-1.346052	3.291362	1.044669	-0.127482	0.157861	0.195568	0.183125	0.963441	0.657715	-0.753205	0.009656	0.727437	0.631781	-0.267746
07916	11.281889	-1.697976	2.797174	1.155548	-0.249761	0.259606	0.199145	0.182735	0.962782	0.665553	-0.746340	0.003989	0.719292	0.639988	-0.270249
07917	12.473965	-2.422495	2.787721	1.235235	-0.240985	0.414753	0.203668	0.180988	0.962166	0.673380	-0.739288	-0.003476	0.710689	0.648611	-0.272443
07918	13.755034	-2.798081	3.592732	1.336843	0.036377	0.576499	0.207371	0.176480	0.962212	0.681627	-0.731589	-0.012719	0.701700	0.658507	-0.272003
07919	14.857344	-2.247098	5.319960	1.717366	0.632456	0.692330	0.207745	0.166972	0.963827	0.691944	-0.721547	-0.024143	0.691415	0.671930	-0.265433
07920	15.856199	-0.644832	7.663015	2.214112	1.117940	0.754220	0.205413	0.153942	0.966492	0.705540	-0.707691	-0.037232	0.678247	0.689547	-0.253981
07921	16.520030	0.747694	9.327661	2.081866	1.358530	0.740887	0.201566	0.138935	0.969571	0.717779	-0.694494	-0.049703	0.666456	0.705957	-0.239711
07922	15.697569	0.193886	9.080380	1.336278	1.780298	0.762480	0.195311	0.120973	0.973252	0.725122	-0.685980	-0.060251	0.660342	0.717494	-0.221700
07923	13.373215	-1.528722	7.731493	0.952152	2.289315	0.923954	0.186927	0.097738	0.977500	0.729339	-0.680413	-0.071439	0.658121	0.726282	-0.198472
07924	11.122149	-2.328552	6.233847	1.208922	2.342603	1.215988	0.180522	0.072350	0.980906	0.735025	-0.672608	-0.085660	0.653568	0.736454	-0.174599
07925	10.301223	-1.065328	6.027440	1.130443	2.081952	1.316972	0.176629	0.047667	0.983123	0.739707	-0.665361	-0.100637	0.649335	0.744998	-0.152782
07926	10.470767	0.429090	4.526743	0.484968	1.847713	1.050447	0.172468	0.026866	0.984649	0.741012	-0.662131	-0.111727	0.648965	0.748906	-0.134104
07927	11.376704	1.802118	1.904355	0.153896	1.618560	0.702377	0.167079	0.009608	0.985897	0.740471	-0.661462	-0.119041	0.650990	0.749917	-0.117631
07928	13.748673	3.413705	-0.320386	-0.176460	1.418048	0.493757	0.161529	-0.004315	0.986858	0.738498	-0.662797	-0.123776	0.654621	0.748787	-0.103875
07929	16.529355	4.577351	-3.801670	-0.229944	1.240652	0.068746	0.153796	-0.014512	0.987996	0.736541	-0.664852	-0.124419	0.658676	0.746834	-0.091563
07930	17.658228	5.713230	-8.478503	0.534223	1.321749	-0.399229	0.142210	-0.021787	0.989597	0.740637	-0.660924	-0.120984	0.656684	0.750137	-0.077854
07931	16.961635	6.918612	-10.912781	0.955236	1.668084	-0.646141	0.126383	-0.030483	0.991513	0.747475	-0.654191	-0.115389	0.652157	0.755715	-0.059894
07932	16.046013	7.283558	-9.467933	0.812079	2.087891	-0.617526	0.108226	-0.042315	0.993225	0.753474	-0.648258	-0.109720	0.648509	0.760244	-0.038275
07933	14.956722	7.014478	-6.365598	0.436878	2.485549	-0.499910	0.088235	-0.058268	0.994394	0.756603	-0.645396	-0.104953	0.647893	0.761622	-0.012861
07934	13.241196	5.881103	-4.078689	-0.573036	2.792011	-0.431020	0.066857	-0.076691	0.994811	0.753201	-0.650032	-0.100731	0.654384	0.756027	0.014305
07935	12.239059	4.039260	-4.601394	-1.577462	2.587277	-0.392556	0.046703	-0.093710	0.994504	0.742858	-0.662341	-0.097297	0.667818	0.743319	0.038679
07936	12.576505	2.226983	-6.066520	-2.171882	2.286272	-0.421421	0.028197	-0.107716	0.993782	0.728324	-0.678722	-0.094232	0.684652	0.726453	0.059314
07937	13.826363	0.328372	-5.310059	-2.669072	2.588695	-0.468889	0.006738	-0.123159	0.992364	0.709773	-0.698463	-0.091503	0.704399	0.704969	0.082709
07938	14.131430	-1.367109	-4.144725	-2.839478	3.071463	-0.493845	-0.018604	-0.140976	0.989838	0.689459	-0.718785	-0.089413	0.724086	0.680789	0.110570
07939	13.334477	-2.497892	-3.630360	-2.635175	3.154374	-0.485229	-0.045110	-0.158650	0.986304	0.669933	-0.737195	-0.087940	0.741050	0.656790	0.139540
07940	12.022636	-3.216658	-3.764110	-2.304462	2.910536	-0.395779	-0.069444	-0.174535	0.982199	0.652473	-0.752729	-0.087627	0.754624	0.634773	0.166152
07941	10.946403	-3.662367	-3.689685	-2.067989	2.573520	-0.303324	-0.091050	-0.188396	0.977863	0.636457	-0.766234	-0.088362	0.765919	0.614323	0.189671
07942	10.024503	-3.815409	-3.459218	-2.072266	2.488925	-0.192845	-0.111407	-0.201976	0.973034	0.620285	-0.779114	-0.090704	0.776424	0.593453	0.212081
07943	9.282068	-3.367467	-3.453344	-2.122707	2.527847	-0.156831	-0.132191	-0.215549	0.967504	0.603468	-0.791832	-0.093959	0.786353	0.571437	0.234750
07944	8.158824	-2.728340	-3.946522	-2.065611	2.614842	-0.113044	-0.153491	-0.229340	0.961168	0.586981	-0.803645	-0.098018	0.794917	0.549143	0.257970
07945	7.344108	-1.907887	-4.021456	-1.857160	2.559821	-0.092543	-0.174517	-0.242451	0.954338	0.571980	-0.813880	-0.102171	0.801488	0.528032	0.280713
07946	6.936622	-1.084947	-3.352131	-1.757289	2.381584	-0.114666	-0.194273	-0.253890	0.947522	0.557644	-0.823251	-0.106256	0.807026	0.507738	0.301516
07947	6.876488	-0.334337	-2.761100	-1.779603	2.139883	-0.188808	-0.212681	-0.263034	0.941052	0.542846	-0.832593	-0.110034	0.812456	0.487444	0.319864
07948	6.856242	0.467829	-2.440173	-1.879700	1.876588	-0.282719	-0.229451	-0.269664	0.935218	0.526905	-0.842298	-0.113598	0.818366	0.466706	0.335353
07949	7.031708	1.294191	-2.559968	-2.039110	1.587899	-0.385255	-0.244521	-0.273687	0.930217	0.509258	-0.852625	-0.116992	0.825146	0.445114	0.347863
07950	6.981550	1.626900	-3.238255	-2.278081	1.382513	-0.455627	-0.258216	-0.275816	0.925878	0.489238	-0.863735	-0.120862	0.833049	0.421767	0.357970
07951	6.622294	1.622387	-3.876114	-2.377570	1.291108	-0.516190	-0.271502	-0.276653	0.921819	0.468032	-0.874867	-0.124714	0.840972	0.397581	0.367010
07952	6.221264	1.290042	-4.268097	-2.286596	1.252160	-0.530618	-0.284464	-0.276863	0.917838	0.447262	-0.885141	-0.128381	0.847961	0.373994	0.375621
07953	5.722115	0.991582	-4.194641	-2.018685	1.153391	-0.502885	-0.296466	-0.276605	0.914110	0.428731	-0.893822	-0.131419	0.853403	0.352946	0.383577
07954	5.486622	1.079436	-3.746171	-1.786374	1.010957	-0.487961	-0.307128	-0.275749	0.910843	0.411991	-0.901291	-0.133937	0.857867	0.334123	0.390418
07955	5.249134	0.904637	-3.285185	-1.790991	0.907666	-0.475229	-0.316823	-0.274413	0.907921	0.395243	-0.908360	-0.136624	0.862210	0.315564	0.396248
07956	5.218368	0.137286	-2.880116	-1.716255	0.831865	-0.428022	-0.325632	-0.273113	0.905192	0.379054	-0.914777	-0.139645	0.866188	0.297644	0.401405
07957	5.072770	-0.837474	-2.097340	-1.477961	0.774123	-0.379461	-0.333716	-0.271888	0.902613	0.365144	-0.920037	-0.142134	0.869082	0.282152	0.406309
07958	5.148224	-1.570183	-1.294207	-0.935637	0.540830	-0.400368	-0.339828	-0.269748	0.900973	0.355677	-0.923697	-0.142397	0.870638	0.272065	0.409841
07959	5.920777	-2.377495	0.120392	-0.262834	0.245061	-0.484859	-0.343626	-0.265940	0.900665	0.351903	-0.925650	-0.139058	0.870681	0.269163	0.411662
07960	7.300103	-2.877853	1.434823	0.253679	-0.041184	-0.443224	-0.344794	-0.261777	0.901438	0.352605	-0.926117	-0.134075	0.869935	0.271623	0.411623
07961	8.209350	-3.809458	1.799151	0.131180	-0.220335	-0.275147	-0.343795	-0.258643	0.902723	0.352961	-0.926420	-0.131010	0.870186	0.273585	0.409790
07962	8.028043	-5.303387	-0.318693	0.188180	-0.248346	-0.310645	-0.342696	-0.255135	0.904138	0.353553	-0.926686	-0.127490	0.870379	0.275970	0.407775
07963	7.242427	-6.372266	-2.596994	1.128753	-0.281482	-0.549583	-0.342163	-0.249274	0.905973	0.361616	-0.924843	-0.117892	0.867270	0.287276	0.406589
07964	6.607235	-5.249864	-2.909361	2.344777	-0.365448	-0.846996	-0.342108	-0.240422	0.908383	0.378988	-0.919902	-0.100739	0.859843	0.309803	0.405823
07965	6.196044	-2.800845	-1.664993	3.075728	-0.404942	-1.022050	-0.342581	-0.229769	0.910958	0.401884	-0.912279	-0.078967	0.849192	0.339047	0.404870
07966	5.588884	-1.714409	-0.022971	3.309874	-0.353572	-1.066405	-0.343977	-0.218885	0.913110	0.426147	-0.902925	-0.055910	0.836707	0.369887	0.403863
07967	5.860901	-1.833091	1.558053	3.572111	-0.459186	-1.057929	-0.344750	-0.207642	0.915441	0.452245	-0.891324	-0.031858	0.822570	0.403021	0.401190
07968	7.361693	-1.330381	5.027046	3.955955	-0.543178	-0.847212	-0.344242	-0.197912	0.917784	0.481564	-0.876371	-0.008358	0.805974	0.439095	0.396991
07969	9.270249	0.003089	10.176933	4.293399	-0.209150	-0.660173	-0.345800	-0.191253	0.918610	0.513539	-0.857940	0.014695	0.785302	0.476824	0.394892
07970	10.351998	1.147759	14.806944	4.616194	0.187508	-0.568436	-0.350221	-0.187411	0.917727	0.547259	-0.836096	0.038102	0.760166	0.515579	0.395380
07971	10.433086	2.491442	15.688153	4.534348	0.124888	-0.570588	-0.354323	-0.183404	0.916961	0.579189	-0.812891	0.061216	0.734163	0.552784	0.394252
07972	8.001555	2.983887	11.901487	3.453503	-0.485744	-0.569566	-0.354119	-0.176111	0.918469	0.602227	-0.794318	0.079885	0.715487	0.581416	0.387342
07973	6.286255	3.964143	8.108203	2.409409	-1.686066	-0.333729	-0.344141	-0.163533	0.924567	0.618220	-0.780597	0.092045	0.706661	0.603262	0.369735
07974	5.874018	5.199222	5.102063	1.869739	-2.713614	-0.098960	-0.325568	-0.146178	0.934151	0.631099	-0.769286	0.099569	0.704074	0.621958	0.342707
07975	6.576633	6.088882	-0.275372	1.549387	-2.993689	-0.088127	-0.305039	-0.126679	0.943877	0.641752	-0.759628	0.105449	0.703637	0.637901	0.313013
07976	8.018877	6.479395	-4.405823	1.035822	-2.649274	-0.112162	-0.287055	-0.108820	0.951713	0.648733	-0.753088	0.109561	0.704802	0.648858	0.286773
07977	9.707034	5.694106	-3.453930	-0.346031	-2.028661	0.124204	-0.271848	-0.096606	0.957479	0.646702	-0.755141	0.107421	0.712654	0.648405	0.267759
07978	12.970124	3.280464	1.527747	-2.098279	-1.303731	0.695226	-0.257946	-0.093578	0.961617	0.633428	-0.767926	0.095182	0.729543	0.633667	0.257358
07979	17.088289	1.192201	10.043538	-3.624176	-0.157640	1.490962	-0.247474	-0.104196	0.963276	0.610452	-0.788819	0.071506	0.752400	0.605729	0.258819
07980	16.261933	-1.886482	16.438294	-5.446781	0.731265	1.653571	-0.243256	-0.121797	0.962285	0.572703	-0.818730	0.041146	0.782840	0.561112	0.268914
07981	13.740914	-8.368481	10.597813	-6.025533	-0.578244	0.784826	-0.234304	-0.125262	0.964060	0.526423	-0.850043	0.017494	0.817301	0.511602	0.265109
07982	13.201429	-12.030634	5.268555	-5.215809	-1.663351	-0.315840	-0.222005	-0.114426	0.968308	0.482291	-0.875983	0.007060	0.847413	0.468574	0.249659
07983	12.561224	-14.833618	3.424895	-3.756014	-1.526659	-0.497151	-0.211227	-0.103180	0.971976	0.448967	-0.893544	0.002714	0.868223	0.436959	0.235065
07984	11.717007	-14.780512	2.914267	-1.439455	-1.112707	-0.305567	-0.202829	-0.095690	0.974527	0.435787	-0.900047	0.002323	0.876898	0.425157	0.224256
07985	9.926973	-10.749647	2.027055	0.993588	-0.769082	-0.106980	-0.196573	-0.091550	0.976206	0.444135	-0.895944	0.005410	0.874130	0.434630	0.216779
07986	8.197543	-5.592418	-0.000966	3.238852	-0.616427	-0.008935	-0.191225	-0.088747	0.977526	0.472222	-0.881393	0.012358	0.860488	0.463973	0.210453
