// General information: 
//  MT Manager version: 2022.2.0 
//  XDA version: 2022.2.0 build 7381 rev 124627 built on 2023-07-19
// Device information: 
//  DeviceId: 00B4CB9F
//  ProductCode: MTW2-3A7G6
//  Firmware Version: 4.6.0
//  Hardware Version: 2.0.0
// Device settings: 
//  Filter Profile: human(46.1)
//  Option Flags: Orientation Smoother Disabled, Position/Velocity Smoother Disabled, Continuous Zero Rotation Update Disabled, AHS Disabled, ICC Disabled
// Coordinate system: ENU
PacketCounter	Acc_X	Acc_Y	Acc_Z	Gyr_X	Gyr_Y	Gyr_Z	Mat[1][1]	Mat[2][1]	Mat[3][1]	Mat[1][2]	Mat[2][2]	Mat[3][2]	Mat[1][3]	Mat[2][3]	Mat[3][3]
32953	8.661801	-0.240551	4.073493	0.427411	0.319009	0.031763	-0.272236	-0.142126	0.951676	0.562841	-0.825705	0.037692	0.780447	0.545904	0.304781
32954	8.538039	0.003128	3.848018	0.562091	0.290841	0.000771	-0.274635	-0.143529	0.950776	0.567246	-0.822593	0.039672	0.776407	0.550219	0.307329
32955	8.475154	0.263762	3.781077	0.571897	0.225452	-0.017921	-0.276429	-0.144615	0.950091	0.571627	-0.819459	0.041584	0.772547	0.554593	0.309188
32956	8.416278	0.773599	3.984788	0.574396	0.188897	-0.014186	-0.277954	-0.145446	0.949519	0.575974	-0.816306	0.043565	0.768762	0.559008	0.310669
32957	8.566363	1.108481	4.155999	0.670372	0.212633	-0.027647	-0.279690	-0.146402	0.948862	0.581037	-0.812582	0.045894	0.764310	0.564160	0.312336
32958	8.241249	1.734491	4.572673	0.691456	0.278228	-0.044039	-0.282353	-0.147520	0.947900	0.586176	-0.808716	0.048746	0.759391	0.569400	0.314816
32959	7.870386	2.221181	4.580149	0.655775	0.239691	-0.077258	-0.284569	-0.148252	0.947123	0.590923	-0.805081	0.051528	0.754871	0.574340	0.316707
32960	7.590640	2.600047	4.716955	0.558992	0.139061	-0.116158	-0.286444	-0.148011	0.946595	0.594765	-0.802046	0.054570	0.751135	0.578633	0.317773
32961	7.594682	2.746463	4.851235	0.294161	0.002854	-0.133442	-0.287209	-0.146942	0.946530	0.596590	-0.800537	0.056747	0.749394	0.580989	0.317585
32962	7.934533	2.715220	4.893310	0.026476	-0.086715	-0.140225	-0.287576	-0.145239	0.946681	0.596323	-0.800624	0.058316	0.749466	0.581298	0.316849
32963	8.322493	2.602815	4.959753	-0.134604	-0.086289	-0.135633	-0.287685	-0.143635	0.946893	0.594924	-0.801602	0.059154	0.750535	0.580347	0.316061
32964	8.080789	2.051585	4.121185	-0.374175	-0.165442	-0.097556	-0.287191	-0.141838	0.947314	0.591820	-0.803904	0.059053	0.753173	0.577599	0.314816
32965	8.095517	1.012030	2.459565	-0.804790	-0.395002	0.022153	-0.284023	-0.139730	0.948581	0.585799	-0.808498	0.056304	0.759059	0.571670	0.311486
32966	9.299848	-0.100066	1.118892	-1.235083	-0.591737	0.167518	-0.278679	-0.137769	0.950451	0.576823	-0.815279	0.050953	0.767863	0.562441	0.306669
32967	9.783415	-0.693302	-0.001245	-1.444858	-0.665299	0.281903	-0.271873	-0.136357	0.952624	0.566431	-0.822941	0.043861	0.777972	0.551520	0.300973
32968	10.234402	-1.126571	-0.082986	-1.343610	-0.767445	0.373334	-0.263850	-0.135309	0.955026	0.556869	-0.829808	0.036281	0.787579	0.541397	0.294294
32969	10.961964	-1.551686	1.467015	-1.096421	-0.761030	0.458230	-0.255238	-0.135020	0.957404	0.549379	-0.835081	0.028692	0.795636	0.533301	0.287322
32970	11.954505	-2.250494	3.333887	-0.701972	-0.654046	0.514082	-0.247256	-0.135909	0.959371	0.545023	-0.838140	0.021732	0.801134	0.528253	0.281308
32971	12.223895	-2.531535	4.507838	-0.290391	-0.462086	0.551102	-0.240494	-0.138080	0.960779	0.544036	-0.838917	0.015612	0.803858	0.526453	0.276875
32972	11.421031	-1.957310	4.107395	0.077905	-0.351873	0.555976	-0.234680	-0.140962	0.961798	0.545925	-0.837769	0.010422	0.804296	0.527515	0.273562
32973	10.507689	-0.606469	2.743359	0.448247	-0.379587	0.508012	-0.228792	-0.143187	0.962887	0.550703	-0.834674	0.006732	0.802733	0.531805	0.269820
32974	9.698485	1.315133	1.344414	0.697822	-0.527054	0.417014	-0.222301	-0.143922	0.964297	0.557170	-0.830386	0.004509	0.800090	0.538280	0.264784
32975	9.120096	3.640690	0.198731	0.707696	-0.706877	0.286969	-0.214993	-0.142456	0.966170	0.563450	-0.826143	0.003569	0.797686	0.545156	0.257882
32976	8.741043	5.865946	-0.277711	0.391623	-0.845189	0.179925	-0.207274	-0.139377	0.968304	0.566905	-0.823778	0.002777	0.797281	0.549512	0.249761
32977	9.118533	7.024662	-0.781134	-0.078965	-0.951102	0.102749	-0.199044	-0.134980	0.970650	0.566482	-0.824073	0.001568	0.799675	0.550167	0.240491
32978	9.402765	6.525076	-1.297622	-0.600781	-0.988597	0.081498	-0.190691	-0.130246	0.972971	0.561814	-0.827264	-0.000633	0.804986	0.546508	0.230925
32979	9.713307	4.875592	-1.568264	-1.136641	-1.028033	0.101601	-0.181753	-0.125500	0.975303	0.552804	-0.833301	-0.004209	0.813249	0.538386	0.220832
32980	10.036023	2.481657	-1.734123	-1.588308	-1.100450	0.176901	-0.171811	-0.121089	0.977660	0.540149	-0.841518	-0.009303	0.823845	0.526484	0.209988
32981	10.309644	-0.054259	-1.435109	-1.830609	-1.196546	0.238581	-0.160558	-0.116880	0.980082	0.525354	-0.850745	-0.015392	0.835598	0.512418	0.197997
32982	10.508091	-2.158928	-1.094159	-1.884441	-1.271544	0.308968	-0.148274	-0.113044	0.982464	0.510025	-0.859879	-0.021966	0.847283	0.497825	0.185153
32983	10.756943	-3.678748	-0.794052	-1.723048	-1.299913	0.385786	-0.135197	-0.109982	0.984696	0.495879	-0.867912	-0.028856	0.857803	0.484388	0.171877
32984	10.039667	-4.448588	-0.497726	-1.365853	-1.311508	0.418452	-0.121833	-0.107292	0.986735	0.484686	-0.873980	-0.035187	0.866162	0.473969	0.158483
32985	9.483235	-4.627261	-0.095998	-0.912812	-1.391861	0.411576	-0.107701	-0.104337	0.988693	0.477220	-0.877843	-0.040654	0.872159	0.467446	0.144337
32986	9.090627	-4.080911	0.039635	-0.495337	-1.380559	0.412596	-0.093648	-0.101500	0.990418	0.473327	-0.879716	-0.045400	0.875894	0.464540	0.130427
32987	8.226361	-2.452732	0.693642	0.018980	-1.286874	0.399579	-0.080423	-0.099018	0.991830	0.473837	-0.879228	-0.049356	0.876932	0.465997	0.117628
32988	8.286261	-0.809511	1.210949	0.313533	-1.255268	0.344332	-0.067745	-0.096155	0.993058	0.476845	-0.877422	-0.052428	0.876373	0.469983	0.105292
32989	8.984177	0.699127	1.382037	0.507799	-1.102358	0.276873	-0.056713	-0.093360	0.994016	0.481459	-0.874761	-0.054690	0.874632	0.475476	0.094559
32990	10.157662	1.412620	1.641484	0.661267	-0.937475	0.205779	-0.047496	-0.090653	0.994749	0.487346	-0.871402	-0.056143	0.871916	0.482121	0.085567
32991	10.907087	1.580646	2.486796	0.655942	-0.790463	0.178805	-0.039684	-0.088362	0.995298	0.493129	-0.868060	-0.057404	0.869050	0.488532	0.078022
32992	11.604830	1.025037	3.018480	0.510482	-0.696700	0.185365	-0.032696	-0.086521	0.995713	0.497643	-0.865383	-0.058856	0.866766	0.493585	0.071351
32993	10.782511	0.137924	3.184394	0.283316	-0.649211	0.240795	-0.025816	-0.085379	0.996014	0.500162	-0.863775	-0.061079	0.865547	0.496592	0.065003
32994	10.085915	-0.706688	2.415942	0.067494	-0.656959	0.288011	-0.018680	-0.084573	0.996242	0.500829	-0.863185	-0.063887	0.865345	0.497754	0.058481
32995	9.433274	-1.217827	1.627451	-0.096181	-0.661176	0.280825	-0.011497	-0.083697	0.996425	0.500034	-0.863429	-0.066756	0.865930	0.497478	0.051778
32996	8.963946	-1.564448	1.428692	-0.181531	-0.620573	0.216984	-0.005033	-0.082470	0.996581	0.498492	-0.864144	-0.068993	0.866879	0.496441	0.045460
32997	9.177143	-1.749739	1.562583	-0.247514	-0.611532	0.125926	0.000953	-0.080517	0.996753	0.496342	-0.865270	-0.070371	0.868126	0.494797	0.039140
32998	10.039329	-2.023456	1.434809	-0.276030	-0.553866	0.040560	0.005967	-0.078128	0.996925	0.493947	-0.866599	-0.070871	0.869471	0.492851	0.033420
32999	10.312950	-2.278134	1.321496	-0.252508	-0.471207	-0.007287	0.010085	-0.075737	0.997077	0.491745	-0.867848	-0.070894	0.870681	0.491023	0.028491
33000	10.331624	-2.210211	0.733421	-0.163624	-0.408641	-0.005754	0.013617	-0.073692	0.997188	0.490314	-0.868658	-0.070889	0.871440	0.489900	0.024304
33001	10.066813	-1.744113	0.138560	-0.058116	-0.389700	0.025913	0.017195	-0.071998	0.997257	0.489797	-0.868926	-0.071178	0.871667	0.489677	0.020324
33002	9.964521	-1.198885	-0.192296	-0.043122	-0.439384	0.063891	0.021341	-0.070421	0.997289	0.489394	-0.869099	-0.071842	0.871802	0.489600	0.015917
33003	9.634511	-0.829262	-0.735705	-0.101281	-0.479122	0.085179	0.025990	-0.068808	0.997291	0.488484	-0.869537	-0.072723	0.872186	0.489051	0.011012
33004	9.111342	-0.339075	-0.903582	-0.208666	-0.543760	0.084941	0.031156	-0.066910	0.997272	0.486623	-0.870506	-0.073608	0.873057	0.487589	0.005438
33005	9.121942	-0.296059	-1.179872	-0.364820	-0.653150	0.067984	0.037248	-0.064317	0.997234	0.483405	-0.872237	-0.074311	0.874604	0.484836	-0.001398
33006	9.500884	-0.730983	-1.371253	-0.434318	-0.710610	0.047278	0.043710	-0.061308	0.997161	0.479571	-0.874311	-0.074777	0.876414	0.481479	-0.008814
33007	9.240788	-0.897039	-1.573606	-0.449261	-0.723632	0.034178	0.050276	-0.058127	0.997042	0.475607	-0.876448	-0.075079	0.878220	0.477975	-0.016419
33008	9.652387	-0.818548	-1.385992	-0.431625	-0.781217	0.018035	0.057249	-0.054571	0.996867	0.471793	-0.878498	-0.075186	0.879849	0.474619	-0.024547
33009	9.418303	-0.717470	-1.319454	-0.401028	-0.767611	0.001747	0.064071	-0.050946	0.996644	0.468254	-0.880396	-0.075107	0.881268	0.471494	-0.032552
33010	9.980953	-0.876071	-1.161053	-0.338066	-0.793852	-0.027280	0.070970	-0.046976	0.996372	0.465282	-0.882002	-0.074725	0.882313	0.468897	-0.040738
33011	10.205405	-0.952568	-0.824785	-0.224674	-0.739010	-0.021535	0.077447	-0.043319	0.996055	0.463308	-0.883066	-0.074429	0.882807	0.467245	-0.048320
33012	10.384930	-1.026643	-0.503024	-0.106474	-0.659982	-0.008511	0.083263	-0.040164	0.995718	0.462366	-0.883570	-0.074304	0.882771	0.466573	-0.054998
33013	10.110536	-1.082875	0.102128	-0.026023	-0.568104	0.000348	0.088333	-0.037508	0.995385	0.462129	-0.883694	-0.074310	0.882403	0.466560	-0.060726
33014	9.736787	-1.443835	0.526118	0.016387	-0.487762	-0.002658	0.092652	-0.035214	0.995076	0.462264	-0.883623	-0.074312	0.881889	0.466873	-0.065592
33015	9.669776	-1.738973	0.949057	0.062143	-0.435185	-0.001773	0.096535	-0.033156	0.994777	0.462806	-0.883336	-0.074354	0.881188	0.467566	-0.069928
33016	9.817298	-1.806566	1.111290	0.089606	-0.386248	0.003198	0.099977	-0.031395	0.994494	0.463571	-0.882924	-0.074476	0.880401	0.468465	-0.073718
33017	10.164160	-1.401792	1.092575	0.115664	-0.337236	0.009709	0.103044	-0.029891	0.994228	0.464571	-0.882381	-0.074677	0.879520	0.469585	-0.077038
33018	10.160298	-0.931120	0.831709	0.078605	-0.260222	0.011617	0.105404	-0.028802	0.994012	0.465220	-0.882021	-0.074889	0.878897	0.470328	-0.079570
33019	9.977760	-0.493767	0.745861	-0.035585	-0.255646	0.018198	0.107790	-0.027752	0.993786	0.464880	-0.882186	-0.075058	0.878788	0.470082	-0.082190
33020	9.867983	-0.212094	0.597002	-0.180478	-0.243192	0.018024	0.110024	-0.026808	0.993567	0.463241	-0.883043	-0.075123	0.879376	0.468526	-0.084737
33021	9.282218	0.029489	0.121715	-0.365637	-0.277452	0.005141	0.112543	-0.025549	0.993318	0.460009	-0.884752	-0.074876	0.880753	0.465362	-0.087820
33022	8.824331	-0.081904	-0.386556	-0.550680	-0.356138	-0.014210	0.115625	-0.023813	0.993007	0.455138	-0.887318	-0.074274	0.882882	0.460543	-0.091758
33023	8.788579	-0.675631	-0.864795	-0.687840	-0.471104	-0.042189	0.119654	-0.021274	0.992588	0.449097	-0.890478	-0.073223	0.885435	0.454530	-0.096995
33024	8.893562	-1.476321	-1.247709	-0.774579	-0.595114	-0.065095	0.124647	-0.018046	0.992037	0.442277	-0.893997	-0.071833	0.888175	0.447709	-0.103453
33025	8.724938	-2.176680	-1.972871	-0.774138	-0.620863	-0.097667	0.129795	-0.014406	0.991436	0.435507	-0.897455	-0.070055	0.890779	0.440870	-0.110211
33026	10.634072	-2.781023	-2.523088	-0.592861	-0.796705	-0.146747	0.136275	-0.009639	0.990624	0.430378	-0.900086	-0.067963	0.892302	0.435605	-0.118510
33027	10.568053	-2.361164	-2.027565	-0.304498	-0.633091	-0.121603	0.141458	-0.005789	0.989927	0.427821	-0.901421	-0.066405	0.892726	0.432905	-0.125036
33028	9.830395	-1.659315	-1.940723	-0.186611	-0.660696	-0.125618	0.146840	-0.001857	0.989158	0.426286	-0.902252	-0.064976	0.892591	0.431206	-0.131695
33029	9.709268	-1.459253	-1.526130	-0.142764	-0.692689	-0.162971	0.152382	0.002602	0.988318	0.425247	-0.902869	-0.063189	0.892158	0.429908	-0.138688
33030	9.619859	-1.394067	-0.926128	-0.114374	-0.695222	-0.184194	0.157826	0.007189	0.987441	0.424457	-0.903373	-0.061265	0.891587	0.428795	-0.145627
33031	9.723399	-1.551127	-0.655929	-0.098904	-0.710968	-0.204609	0.163349	0.012089	0.986494	0.423894	-0.903781	-0.059115	0.890860	0.427825	-0.152756
33032	10.179938	-1.875074	-0.223535	-0.070478	-0.667039	-0.187666	0.168519	0.016565	0.985559	0.423514	-0.904080	-0.057220	0.890077	0.427041	-0.159371
33033	10.135083	-1.935005	-0.132172	-0.025164	-0.565928	-0.153935	0.172956	0.020378	0.984719	0.423543	-0.904163	-0.055680	0.889212	0.426701	-0.165012
33034	10.471456	-1.747919	0.100964	-0.031846	-0.506645	-0.128113	0.176941	0.023610	0.983938	0.423408	-0.904302	-0.054442	0.888492	0.426241	-0.170005
33035	10.792170	-1.123417	0.427133	-0.063280	-0.401349	-0.108696	0.180100	0.026308	0.983297	0.423030	-0.904548	-0.053281	0.888037	0.425560	-0.174038
33036	10.789084	-0.251249	0.376864	-0.185440	-0.368093	-0.113139	0.182909	0.028793	0.982708	0.421502	-0.905340	-0.051927	0.888189	0.423711	-0.177731
33037	10.558728	0.387683	0.519804	-0.323527	-0.341001	-0.144854	0.185384	0.031550	0.982160	0.418883	-0.906666	-0.049940	0.888915	0.420668	-0.181297
33038	10.362126	0.829518	0.670231	-0.518782	-0.348703	-0.215147	0.187597	0.034856	0.981627	0.414582	-0.908799	-0.046960	0.890465	0.415775	-0.184939
33039	10.596876	1.058849	0.901836	-0.701746	-0.353648	-0.297259	0.189580	0.039025	0.981089	0.408875	-0.911588	-0.042749	0.892682	0.409248	-0.188775
33040	10.743927	0.903385	1.199358	-0.888222	-0.309228	-0.384261	0.190782	0.043684	0.980660	0.401582	-0.915061	-0.037363	0.895731	0.400943	-0.192120
33041	10.725358	0.583562	1.579937	-1.049983	-0.188273	-0.418078	0.190864	0.048267	0.980429	0.392943	-0.919032	-0.031251	0.899537	0.391217	-0.194377
33042	10.233144	0.338042	1.488861	-1.208003	-0.122092	-0.415730	0.190331	0.052463	0.980317	0.382760	-0.923512	-0.024891	0.904029	0.379964	-0.195854
33043	9.946878	-0.003506	0.951729	-1.270291	-0.087132	-0.390004	0.189703	0.056401	0.980220	0.371976	-0.928056	-0.018589	0.908651	0.368145	-0.197035
33044	10.028201	-0.209357	0.148305	-1.350809	-0.135291	-0.365186	0.189564	0.060177	0.980023	0.360277	-0.932763	-0.012413	0.913382	0.355433	-0.198498
33045	10.755391	-0.675013	-0.394942	-1.394567	-0.163733	-0.334840	0.189931	0.063879	0.979717	0.348130	-0.937424	-0.006368	0.918004	0.342279	-0.200284
33046	11.477744	-1.351955	-0.398301	-1.292858	-0.097433	-0.343176	0.189612	0.067310	0.979549	0.336792	-0.941579	-0.000492	0.922290	0.329998	-0.201204
33047	11.920990	-1.700428	0.011239	-1.078454	0.061548	-0.355741	0.187915	0.070464	0.979654	0.327485	-0.944842	0.005143	0.925981	0.319856	-0.200626
33048	12.329777	-1.741844	0.663286	-0.866625	0.307718	-0.364319	0.183836	0.072799	0.980257	0.320013	-0.947357	0.010341	0.929406	0.311794	-0.197455
33049	12.172532	-1.648082	1.427927	-0.668152	0.609343	-0.360224	0.177074	0.074330	0.981387	0.314430	-0.949160	0.015156	0.932619	0.305893	-0.191443
33050	11.915458	-0.876654	2.181125	-0.499854	0.872557	-0.399114	0.167622	0.075308	0.982971	0.310317	-0.950425	0.019897	0.935738	0.301698	-0.182681
33051	12.152900	0.102867	2.411687	-0.397300	0.984740	-0.510866	0.156868	0.077206	0.984597	0.307411	-0.951232	0.025612	0.938558	0.298658	-0.172952
33052	11.172111	0.962743	2.573504	-0.337392	1.127894	-0.632267	0.144260	0.079692	0.986326	0.305049	-0.951789	0.032285	0.941347	0.296220	-0.161615
33053	11.744992	1.327156	2.882201	-0.391168	1.192130	-0.744690	0.130813	0.083263	0.987905	0.302373	-0.952341	0.040227	0.944171	0.293453	-0.149755
33054	11.480339	1.209445	3.171879	-0.443806	1.369413	-0.833763	0.115265	0.087034	0.989515	0.299057	-0.952977	0.048984	0.947248	0.290275	-0.135872
33055	11.640533	1.200477	3.691033	-0.311325	1.646055	-0.910320	0.096990	0.090939	0.991122	0.297058	-0.953073	0.058378	0.949921	0.288758	-0.119453
33056	10.325797	1.299873	4.329856	-0.012473	1.814778	-0.920169	0.076889	0.094276	0.992572	0.297591	-0.952311	0.067400	0.951592	0.290198	-0.101278
33057	9.365826	1.460454	3.134638	0.081574	1.747546	-0.836983	0.057808	0.097146	0.993590	0.298919	-0.951278	0.075617	0.952526	0.292632	-0.084030
33058	8.748533	0.323361	1.342420	0.018400	1.584049	-0.722774	0.040421	0.099196	0.994247	0.299298	-0.950571	0.082671	0.953303	0.294235	-0.068112
33059	8.942142	-0.787475	0.060378	0.009130	1.604136	-0.629738	0.023292	0.100443	0.994670	0.299575	-0.949921	0.088909	0.953788	0.295907	-0.052216
33060	9.489748	-1.446076	-0.680515	0.018529	1.673712	-0.594603	0.005413	0.100944	0.994877	0.299675	-0.949330	0.094692	0.954026	0.297627	-0.035389
33061	10.075390	-1.965646	-0.467242	0.069027	1.756971	-0.574267	-0.013017	0.101139	0.994787	0.300301	-0.948549	0.100367	0.953756	0.300042	-0.018025
33062	10.896297	-2.843304	-1.088392	0.194467	1.842107	-0.480188	-0.032146	0.099943	0.994474	0.301863	-0.947553	0.104985	0.952809	0.303570	0.000291
33063	11.493577	-4.004679	-1.391902	0.527781	1.941990	-0.319490	-0.051546	0.097001	0.993949	0.306741	-0.945624	0.108192	0.950396	0.310462	0.018989
33064	11.180799	-4.588171	-1.955906	0.815012	1.891370	-0.098431	-0.069899	0.091763	0.993324	0.314197	-0.943053	0.109229	0.946781	0.319735	0.037087
33065	11.122643	-4.322254	-2.517743	1.169849	1.818676	0.111305	-0.086664	0.084783	0.992623	0.325321	-0.939343	0.108635	0.941624	0.332336	0.053825
33066	10.952619	-3.138325	-2.015266	1.500931	1.685337	0.190839	-0.101928	0.077039	0.991804	0.339334	-0.934507	0.107462	0.935127	0.347507	0.069111
33067	10.916054	-1.664811	-1.396346	1.683160	1.569671	0.163800	-0.115927	0.069924	0.990793	0.355180	-0.928643	0.107095	0.927582	0.364325	0.082819
33068	10.608864	-0.416833	-1.439428	1.628422	1.456904	0.122732	-0.129009	0.063134	0.989632	0.370105	-0.922794	0.107118	0.919988	0.380087	0.095682
33069	10.051536	0.328638	-0.748627	1.515752	1.314324	0.101349	-0.140618	0.057109	0.988416	0.384121	-0.916988	0.107629	0.912512	0.394806	0.107008
33070	10.013394	0.721864	-0.884197	1.368712	1.192185	0.099278	-0.151127	0.051196	0.987188	0.396441	-0.911689	0.107971	0.905536	0.407679	0.117484
33071	9.178646	1.340558	-2.362920	1.032384	1.088076	0.128713	-0.160380	0.045536	0.986004	0.405951	-0.907498	0.107941	0.899712	0.417581	0.127059
33072	9.170016	2.313285	-2.280293	0.665533	0.970225	0.128199	-0.168614	0.040088	0.984867	0.411880	-0.904893	0.107349	0.895502	0.423747	0.136066
33073	9.351202	2.881529	-2.005539	0.517212	0.976867	0.069493	-0.177004	0.035296	0.983577	0.416612	-0.902722	0.107368	0.891686	0.428775	0.145081
33074	9.421746	2.388360	-2.054062	0.542946	0.971212	-0.000274	-0.185688	0.030930	0.982122	0.421211	-0.900510	0.107998	0.887751	0.433735	0.154185
33075	9.689973	1.787785	-1.499023	0.453512	0.890008	-0.012888	-0.193576	0.027168	0.980709	0.425196	-0.898536	0.108818	0.884159	0.438058	0.162383
33076	9.855269	0.674353	-1.049250	0.355941	0.851755	0.011777	-0.201075	0.023158	0.979302	0.428149	-0.897096	0.109123	0.881055	0.441229	0.170468
33077	9.516774	-0.089283	-0.600036	0.343958	0.873615	0.045140	-0.208513	0.018885	0.977837	0.431257	-0.895589	0.109258	0.877804	0.444481	0.178597
33078	9.053728	-0.568331	-0.201520	0.337415	0.835497	0.106477	-0.215394	0.014056	0.976426	0.434231	-0.894224	0.108662	0.874671	0.447400	0.186507
33079	8.882483	-0.917061	-0.112252	0.374183	0.800142	0.204253	-0.221438	0.008639	0.975136	0.437935	-0.892574	0.107355	0.871308	0.450819	0.193867
33080	8.856419	-1.271448	-0.570372	0.560423	0.802973	0.326443	-0.226991	0.001941	0.973895	0.443326	-0.890177	0.105102	0.867143	0.455610	0.201202
33081	9.224741	-1.371834	-0.783892	0.849266	0.833214	0.447612	-0.232139	-0.005861	0.972665	0.451684	-0.886275	0.102460	0.861448	0.463122	0.208387
33082	9.419110	-1.143139	-0.482476	1.093001	0.895802	0.556042	-0.237286	-0.015113	0.971322	0.462150	-0.881238	0.099187	0.854467	0.472432	0.216090
33083	9.570366	-0.702542	0.288921	1.170526	0.935931	0.642946	-0.242188	-0.025228	0.969901	0.473639	-0.875526	0.095497	0.846765	0.482511	0.223991
33084	9.653245	-0.133395	1.218779	1.071652	0.973597	0.694090	-0.247067	-0.036172	0.968323	0.484152	-0.870236	0.091023	0.839377	0.491305	0.232519
33085	9.643913	0.440551	2.051422	0.881400	1.002774	0.722994	-0.251866	-0.047407	0.966600	0.493316	-0.865580	0.086091	0.832588	0.498522	0.241397
33086	9.404999	0.838427	2.788655	0.679458	1.015033	0.716337	-0.256723	-0.058821	0.964693	0.500557	-0.861939	0.080652	0.826763	0.503589	0.250722
33087	9.133913	1.141745	3.414634	0.488648	0.980440	0.701336	-0.261224	-0.069807	0.962751	0.506392	-0.859026	0.075113	0.821784	0.507151	0.259748
33088	8.825803	1.296069	3.854112	0.380975	0.924745	0.671385	-0.265390	-0.080404	0.960783	0.511067	-0.856729	0.069472	0.817544	0.509462	0.268460
33089	8.707478	1.550790	4.070199	0.347066	0.853323	0.627766	-0.269078	-0.090129	0.958892	0.515567	-0.854429	0.064364	0.813504	0.511692	0.276375
33090	8.713720	1.935702	4.273638	0.314787	0.779922	0.569044	-0.272477	-0.099116	0.957044	0.519451	-0.852418	0.059610	0.809893	0.513380	0.283750
33091	8.788667	2.202579	3.990048	0.258547	0.734728	0.488456	-0.275820	-0.107050	0.955230	0.522871	-0.850593	0.055654	0.806554	0.514813	0.290584
33092	8.423283	2.580014	3.990009	0.161942	0.649651	0.428654	-0.278829	-0.114167	0.953530	0.525161	-0.849421	0.051865	0.804027	0.515218	0.296799
33093	8.505079	2.030226	3.487959	0.070183	0.591012	0.377692	-0.281540	-0.120415	0.951964	0.526774	-0.848623	0.048448	0.802025	0.515110	0.302353
33094	8.368031	1.845140	3.337667	0.182854	0.609550	0.349556	-0.284607	-0.126642	0.950242	0.529036	-0.847377	0.045519	0.799449	0.515668	0.308168
33095	8.341420	1.534341	3.448003	0.289145	0.574874	0.350217	-0.287286	-0.132573	0.948626	0.532336	-0.845437	0.043063	0.796294	0.517359	0.313456
33096	8.468022	1.140931	3.732910	0.427968	0.623172	0.348206	-0.290413	-0.138859	0.946773	0.536559	-0.842868	0.040965	0.792316	0.519896	0.319286
33097	8.758548	0.692407	4.231078	0.508062	0.708048	0.337462	-0.294138	-0.145388	0.944640	0.541550	-0.839746	0.039382	0.787532	0.523154	0.325736
33098	8.960664	0.459737	4.913615	0.606458	0.852533	0.353255	-0.298949	-0.152935	0.941934	0.547177	-0.836158	0.037901	0.781810	0.526736	0.333651
33099	9.157443	0.192442	5.392674	0.654970	0.985316	0.374805	-0.304509	-0.161268	0.938758	0.553399	-0.832113	0.036561	0.775257	0.530641	0.342631
33100	8.956140	0.085801	5.631098	0.598452	1.084035	0.376179	-0.310838	-0.170271	0.935087	0.558995	-0.828433	0.034969	0.768703	0.533578	0.352689
33101	8.577917	0.315747	5.757970	0.520219	1.082020	0.395400	-0.316853	-0.179323	0.931369	0.564210	-0.824967	0.033108	0.762411	0.535978	0.362569
33102	8.274290	0.283633	5.489056	0.469723	1.089820	0.394898	-0.322956	-0.188538	0.927444	0.568854	-0.821853	0.031015	0.756376	0.537597	0.372673
33103	7.870327	0.914517	5.463442	0.400704	1.052782	0.419787	-0.328444	-0.197645	0.923613	0.573233	-0.818893	0.028611	0.750685	0.538842	0.382257
33104	7.616185	1.053360	5.010248	0.395867	1.019476	0.411595	-0.333776	-0.206619	0.919729	0.577369	-0.816063	0.026201	0.745144	0.539768	0.391678
33105	7.689090	1.747924	5.272007	0.430195	0.998933	0.366056	-0.339022	-0.214997	0.915882	0.581785	-0.812973	0.024513	0.739317	0.541158	0.400697
33106	7.115111	1.340397	5.277129	0.257249	0.989587	0.379448	-0.344186	-0.223539	0.911903	0.584794	-0.810885	0.021947	0.734542	0.540829	0.409819
33107	6.892050	0.829394	4.359334	0.099197	0.745656	0.371831	-0.347426	-0.230578	0.908916	0.586800	-0.809510	0.018939	0.731410	0.539932	0.416548
33108	7.481007	0.399996	3.750442	0.088422	0.614425	0.350045	-0.349947	-0.236830	0.906338	0.588487	-0.808349	0.015996	0.728849	0.538965	0.422251
33109	8.060060	0.480549	3.941689	0.199395	0.651626	0.303437	-0.352849	-0.242790	0.903632	0.590995	-0.806552	0.014065	0.725412	0.539005	0.428079
33110	8.390925	0.654819	4.941425	0.437453	0.825911	0.254162	-0.357404	-0.249395	0.900036	0.594884	-0.803698	0.013528	0.719983	0.540252	0.435606
33111	7.463088	0.530064	4.657525	0.440065	0.789329	0.277492	-0.361363	-0.255889	0.896626	0.599031	-0.800622	0.012934	0.714548	0.541780	0.442600
33112	6.089177	-0.398194	1.629986	0.102625	0.417077	0.380463	-0.362154	-0.261290	0.894747	0.600967	-0.799213	0.009853	0.712519	0.541282	0.446465
33113	6.203553	-0.796054	-0.476824	-0.323194	-0.176100	0.544596	-0.357578	-0.264690	0.895588	0.600612	-0.799533	0.003504	0.715124	0.539154	0.444872
33114	6.794805	-0.876878	-2.118273	-0.517125	-0.603840	0.606750	-0.349693	-0.266395	0.898192	0.598880	-0.800827	-0.004355	0.720457	0.536386	0.439582
33115	7.063994	-0.660100	-2.783784	-0.534580	-0.838939	0.656662	-0.339649	-0.267164	0.901810	0.597267	-0.801943	-0.012629	0.726575	0.534332	0.431947
33116	7.475694	-0.682567	-2.573851	-0.415956	-1.003816	0.682902	-0.328316	-0.267373	0.905936	0.596361	-0.802449	-0.020706	0.732504	0.533467	0.422907
33117	8.300530	-0.436966	-1.239921	-0.399755	-1.150175	0.642704	-0.315978	-0.266395	0.910600	0.595482	-0.802872	-0.028247	0.738620	0.533320	0.412323
33118	9.382892	-0.719307	1.115348	-0.559954	-1.205201	0.615813	-0.303416	-0.265008	0.915265	0.593096	-0.804314	-0.036268	0.745772	0.531836	0.401217
33119	9.223635	-0.997606	2.639002	-0.680973	-1.195137	0.630181	-0.290682	-0.263739	0.919753	0.589853	-0.806268	-0.044778	0.753377	0.529503	0.389935
33120	9.105739	-1.072823	3.379183	-0.660872	-1.262332	0.605467	-0.277596	-0.262040	0.924270	0.586436	-0.808259	-0.053019	0.760942	0.527307	0.378039
33121	9.350486	-1.154247	3.169410	-0.510457	-1.288466	0.552904	-0.264465	-0.259723	0.928764	0.584022	-0.809512	-0.060075	0.767448	0.526530	0.365772
33122	12.645010	-0.297223	6.438202	-0.180782	-1.361802	0.481735	-0.251199	-0.256528	0.933323	0.583736	-0.809311	-0.065333	0.772108	0.528403	0.353043
33123	20.718344	0.615146	13.294400	0.322971	-1.158995	0.371418	-0.240021	-0.253372	0.937119	0.587131	-0.806654	-0.067718	0.773089	0.533958	0.342377
33124	23.325142	-0.570786	10.563683	1.097112	-0.449393	0.317649	-0.234722	-0.253599	0.938399	0.596202	-0.800028	-0.067077	0.767756	0.543731	0.338980
33125	14.531067	1.173942	3.532807	1.673902	-0.541599	0.338602	-0.228497	-0.253305	0.940014	0.609751	-0.789952	-0.064651	0.758942	0.558402	0.334954
33126	10.181847	5.042252	-0.671676	1.603936	-0.845972	0.338890	-0.220064	-0.251271	0.942568	0.622499	-0.780111	-0.062626	0.751044	0.572966	0.328090
33127	5.927629	11.010143	-2.743052	1.028533	-0.533021	0.349053	-0.213838	-0.250900	0.944099	0.630941	-0.773301	-0.062601	0.745779	0.582284	0.323665
33128	2.808353	14.584431	-3.309388	-0.429183	-0.832847	0.154400	-0.206665	-0.247297	0.946643	0.628002	-0.775452	-0.065474	0.750268	0.580963	0.315562
33129	4.420187	11.559210	-2.179697	-1.582456	-1.221624	-0.091350	-0.197943	-0.239542	0.950494	0.615833	-0.784802	-0.069535	0.762606	0.571581	0.302864
33130	7.915959	5.490194	-1.240575	-2.469100	-1.386915	-0.117838	-0.187980	-0.230776	0.954676	0.596601	-0.798963	-0.075662	0.780212	0.555338	0.287870
33131	11.106210	-1.129176	-2.552455	-3.148439	-1.496140	-0.073561	-0.176528	-0.222036	0.958925	0.571552	-0.816277	-0.083790	0.801353	0.533285	0.271001
33132	12.874981	-4.795538	-2.293388	-3.058260	-1.416958	0.095907	-0.164504	-0.215381	0.962574	0.546988	-0.831994	-0.092683	0.820818	0.511270	0.254677
33133	12.417752	-6.497131	-0.827228	-2.697462	-1.288086	0.284967	-0.152247	-0.211315	0.965488	0.525056	-0.844917	-0.102130	0.837339	0.491387	0.239588
33134	11.428362	-8.014799	0.005201	-1.928948	-1.248632	0.402356	-0.139622	-0.208642	0.967974	0.509440	-0.853387	-0.110461	0.849103	0.477702	0.225442
33135	9.730153	-8.310926	0.096542	-0.842149	-1.171512	0.413356	-0.127498	-0.206611	0.970080	0.502798	-0.856538	-0.116346	0.854949	0.472921	0.213091
33136	8.673790	-6.293894	0.668079	0.073589	-1.102767	0.361421	-0.116219	-0.204461	0.971951	0.503884	-0.855437	-0.119700	0.855917	0.475839	0.202442
33137	8.980034	-3.571498	1.275436	0.512476	-0.991577	0.258313	-0.106381	-0.201920	0.973607	0.508535	-0.852464	-0.121231	0.854444	0.482217	0.193370
33138	9.490190	-1.451313	1.720645	0.675014	-0.845642	0.099135	-0.098627	-0.198658	0.975094	0.514384	-0.848989	-0.120938	0.851869	0.489645	0.185920
33139	9.839887	-0.363787	1.450557	0.608929	-0.786882	-0.024928	-0.092013	-0.194570	0.976563	0.519521	-0.846043	-0.119615	0.849489	0.496340	0.178930
33140	10.315032	-0.410855	0.936774	0.393586	-0.772776	-0.072469	-0.085798	-0.190104	0.978008	0.522789	-0.844223	-0.118236	0.848134	0.501147	0.171817
33141	10.091652	-1.150356	0.353901	0.197541	-0.806209	-0.034549	-0.079093	-0.185761	0.979406	0.524416	-0.843302	-0.117597	0.847781	0.504315	0.164115
33142	9.891258	-1.869511	-0.007946	0.051817	-0.898277	0.017126	-0.071348	-0.181360	0.980825	0.524864	-0.843009	-0.117697	0.848190	0.506403	0.155337
33143	9.891505	-2.541361	-0.118222	-0.101842	-1.002096	0.061795	-0.062468	-0.176804	0.982262	0.524021	-0.843423	-0.118487	0.849411	0.507324	0.145336
33144	10.155874	-2.616771	-0.302597	-0.180791	-1.124075	0.087731	-0.052408	-0.171833	0.983731	0.522527	-0.844190	-0.119621	0.851011	0.507757	0.134029
33145	10.247622	-2.054931	-0.615560	-0.211505	-1.159432	0.106304	-0.041927	-0.166844	0.985091	0.520755	-0.845092	-0.120968	0.852676	0.507919	0.122317
33146	10.304843	-0.962163	-0.737775	-0.260765	-1.206066	0.104875	-0.031035	-0.161600	0.986368	0.518555	-0.846248	-0.122328	0.854481	0.507690	0.110061
33147	9.836719	-0.173522	-0.618736	-0.331047	-1.173524	0.078735	-0.020538	-0.156316	0.987494	0.515722	-0.847811	-0.123479	0.856510	0.506736	0.098028
33148	9.792550	0.457837	-0.416907	-0.464673	-1.171785	0.029639	-0.010276	-0.150625	0.988538	0.511738	-0.850115	-0.124214	0.859080	0.504596	0.085816
33149	9.701909	0.546131	-0.557448	-0.634190	-1.174841	-0.015818	-0.000194	-0.144586	0.989492	0.506256	-0.853335	-0.124591	0.862383	0.500913	0.073363
33150	9.527147	0.760231	-0.281510	-0.744885	-1.163427	-0.023401	0.009805	-0.138553	0.990306	0.499833	-0.857075	-0.124861	0.866067	0.496212	0.060850
33151	9.668896	0.252972	-0.184812	-0.925247	-1.181969	-0.029740	0.019970	-0.132473	0.990985	0.491781	-0.861686	-0.125098	0.870490	0.489846	0.047940
33152	9.661737	-0.604195	-0.143669	-1.032600	-1.166262	-0.025028	0.030090	-0.126540	0.991505	0.482801	-0.866725	-0.125267	0.875213	0.482469	0.035014
33153	9.970895	-1.808162	-0.250269	-0.992685	-1.106668	-0.011053	0.039797	-0.121148	0.991836	0.474072	-0.871500	-0.125472	0.879586	0.475195	0.022750
33154	10.196996	-2.558221	0.097353	-0.816130	-0.999265	-0.004402	0.048646	-0.116343	0.992017	0.466909	-0.875346	-0.125556	0.882966	0.469290	0.011740
33155	10.064122	-3.059953	0.274985	-0.609734	-0.860378	-0.002113	0.056293	-0.112310	0.992077	0.461496	-0.878206	-0.125605	0.885355	0.464910	0.002394
33156	9.581977	-3.088820	0.402946	-0.407001	-0.762295	-0.020724	0.063016	-0.108557	0.992091	0.457917	-0.880108	-0.125389	0.886759	0.462197	-0.005751
33157	9.382905	-2.835152	0.418094	-0.250781	-0.684955	-0.054037	0.068895	-0.104924	0.992091	0.455704	-0.881331	-0.124856	0.887461	0.460702	-0.012905
33158	9.393099	-2.139408	0.367632	-0.192911	-0.695170	-0.082166	0.074756	-0.100977	0.992076	0.454050	-0.882303	-0.124018	0.887834	0.459724	-0.020108
33159	9.631389	-1.497744	0.200740	-0.170155	-0.705878	-0.104480	0.080599	-0.096817	0.992033	0.452596	-0.883196	-0.122967	0.888065	0.458902	-0.027366
33160	9.112955	-0.823485	0.394418	-0.236812	-0.739431	-0.100201	0.086777	-0.092526	0.991922	0.450570	-0.884378	-0.121912	0.888514	0.457509	-0.035054
33161	9.126142	-0.823959	0.663829	-0.378837	-0.807114	-0.113925	0.093491	-0.087840	0.991738	0.447280	-0.886218	-0.120659	0.889494	0.454865	-0.043564
33162	8.709247	-1.154136	0.789312	-0.491708	-0.819020	-0.115510	0.100326	-0.083089	0.991479	0.443008	-0.888546	-0.119290	0.890886	0.451201	-0.052335
33163	9.490885	-1.687456	0.963946	-0.568694	-0.870088	-0.136191	0.107534	-0.077975	0.991139	0.438054	-0.891218	-0.117641	0.892494	0.446822	-0.061679
33164	9.849817	-1.809772	1.023458	-0.535462	-0.776384	-0.126774	0.113970	-0.073382	0.990770	0.433398	-0.893700	-0.116047	0.893967	0.442624	-0.070051
33165	9.985436	-1.725659	1.048990	-0.535368	-0.764188	-0.136919	0.120266	-0.068796	0.990355	0.428743	-0.896164	-0.114318	0.895386	0.438357	-0.078282
33166	9.820723	-1.603665	1.193978	-0.539278	-0.735185	-0.132547	0.126336	-0.064402	0.989895	0.424053	-0.898612	-0.112584	0.896782	0.433991	-0.086217
33167	9.389724	-1.576147	0.982176	-0.534411	-0.725957	-0.156907	0.132239	-0.059862	0.989409	0.419434	-0.901027	-0.110574	0.898103	0.429613	-0.094043
33168	10.006870	-1.536141	1.084513	-0.491541	-0.762169	-0.184041	0.138361	-0.054956	0.988856	0.415236	-0.903245	-0.108298	0.899131	0.425592	-0.102154
33169	10.295636	-1.417561	1.091783	-0.417944	-0.687457	-0.188925	0.143813	-0.050340	0.988324	0.411716	-0.905125	-0.106012	0.899893	0.422155	-0.109443
33170	9.826793	-1.289674	1.059835	-0.363592	-0.614739	-0.183213	0.148629	-0.046117	0.987817	0.408673	-0.906756	-0.103823	0.900497	0.419126	-0.115924
33171	9.353616	-1.394225	0.769446	-0.415831	-0.644021	-0.177904	0.153756	-0.041821	0.987223	0.405170	-0.908579	-0.101593	0.901219	0.415614	-0.122755
33172	8.763345	-1.537992	0.173482	-0.442525	-0.699479	-0.177298	0.159375	-0.037348	0.986511	0.401413	-0.910496	-0.099320	0.901924	0.411827	-0.130118
33173	9.445461	-1.787961	-0.603414	-0.373605	-0.826700	-0.190136	0.166120	-0.032231	0.985579	0.398325	-0.912104	-0.096966	0.902076	0.408689	-0.138681
33174	9.732840	-1.803056	-0.727717	-0.340463	-0.896588	-0.197535	0.173449	-0.026819	0.984478	0.395536	-0.913568	-0.094574	0.901924	0.405800	-0.147850
33175	9.054035	-1.758863	-0.928646	-0.361390	-0.920105	-0.205259	0.180987	-0.021230	0.983256	0.392614	-0.915088	-0.092026	0.901720	0.402695	-0.157284
33176	8.652823	-1.658494	-0.700505	-0.400542	-0.995427	-0.237769	0.189057	-0.015113	0.981850	0.389380	-0.916759	-0.089087	0.901466	0.399155	-0.167435
33177	9.480320	-1.638904	-0.183818	-0.437285	-1.068334	-0.262632	0.197716	-0.008467	0.980223	0.385919	-0.918536	-0.085776	0.901097	0.395246	-0.178342
33178	9.881571	-1.157479	0.191035	-0.509244	-1.069724	-0.293698	0.206251	-0.001626	0.978498	0.381851	-0.920577	-0.082018	0.900916	0.390557	-0.189249
33179	10.896683	-0.623301	0.816905	-0.635689	-1.080040	-0.334904	0.214760	0.005639	0.976651	0.376800	-0.923044	-0.077527	0.901055	0.384652	-0.200358
33180	11.323964	-0.305223	1.640990	-0.708232	-0.994609	-0.379151	0.222322	0.012865	0.974888	0.371168	-0.925737	-0.072428	0.901558	0.377950	-0.210587
33181	12.685319	0.241405	2.755734	-0.776181	-0.900732	-0.412178	0.228977	0.020049	0.973225	0.365068	-0.928584	-0.066763	0.902383	0.370581	-0.219944
33182	13.444345	0.532632	3.869309	-0.828466	-0.593565	-0.429880	0.232783	0.026144	0.972177	0.358499	-0.931549	-0.060789	0.904041	0.362675	-0.226221
33183	13.386573	0.280516	5.269183	-0.808367	-0.127819	-0.411554	0.232525	0.030433	0.972114	0.352109	-0.934343	-0.054973	0.906615	0.355072	-0.227974
33184	12.785126	0.388408	7.274774	-0.757201	0.375075	-0.364294	0.227819	0.032433	0.973163	0.345988	-0.936918	-0.049772	0.910160	0.348041	-0.224669
33185	12.518803	0.670695	7.745273	-0.733206	0.805179	-0.302281	0.219484	0.032482	0.975075	0.339945	-0.939357	-0.045228	0.914475	0.341399	-0.217216
33186	12.618455	1.955603	7.059894	-0.754905	1.105303	-0.286395	0.208321	0.031333	0.977559	0.333548	-0.941846	-0.040892	0.919428	0.334581	-0.206657
33187	11.649941	3.000357	5.741528	-1.009449	1.157843	-0.360295	0.196503	0.030899	0.980016	0.324938	-0.945074	-0.035356	0.925096	0.325392	-0.195750
33188	12.633367	3.841867	3.646610	-1.344999	1.119566	-0.450597	0.184573	0.031490	0.982314	0.313235	-0.949250	-0.028425	0.931567	0.312942	-0.185070
33189	12.791385	4.269323	2.674964	-1.305433	1.325959	-0.606695	0.170358	0.033178	0.984823	0.302080	-0.953070	-0.020147	0.937937	0.300927	-0.172386
33190	12.387970	3.507943	2.769305	-1.100476	1.573267	-0.858765	0.152875	0.036640	0.987566	0.293069	-0.956040	-0.009897	0.943790	0.290938	-0.156893
33191	12.423155	1.949649	3.106283	-1.144183	1.882089	-1.066463	0.132026	0.041458	0.990379	0.283726	-0.958903	0.002317	0.949773	0.280690	-0.138363
33192	11.477242	-0.252530	0.278496	-1.066013	1.987824	-1.160108	0.109704	0.047042	0.992850	0.274947	-0.961340	0.015169	0.955180	0.271317	-0.118397
33193	10.606338	-1.772262	-0.856714	-0.753486	2.029358	-1.164367	0.087159	0.052787	0.994795	0.268852	-0.962788	0.027533	0.959230	0.265053	-0.098107
33194	9.474902	-2.974356	-1.686306	-0.614379	2.022868	-1.101211	0.064642	0.058004	0.996221	0.263742	-0.963804	0.039003	0.962425	0.260224	-0.077600
33195	9.371039	-4.327176	-0.953502	-0.567018	1.866116	-1.038257	0.043991	0.063184	0.997032	0.258815	-0.964647	0.049712	0.964925	0.255859	-0.058789
33196	10.834236	-6.478247	-1.688517	-0.856154	1.764715	-0.916169	0.024466	0.067473	0.997421	0.250773	-0.966233	0.059212	0.967737	0.248678	-0.040560
33197	11.654103	-8.548134	-2.241544	-0.645914	1.770914	-0.690649	0.005646	0.069775	0.997547	0.244594	-0.967358	0.066279	0.969609	0.243620	-0.022528
33198	12.564922	-9.510462	-2.631131	-0.007080	1.715644	-0.390076	-0.012059	0.069206	0.997529	0.244358	-0.967151	0.070053	0.969610	0.244599	-0.005248
33199	12.470425	-9.832524	-3.267741	0.968305	1.770495	-0.042563	-0.029263	0.065177	0.997445	0.253700	-0.964712	0.070481	0.966840	0.255114	0.011694
33200	12.979274	-8.836521	-2.588670	1.949424	1.776566	0.260425	-0.045792	0.057756	0.997280	0.272346	-0.959787	0.068090	0.961109	0.274723	0.028221
33201	12.150348	-6.883734	-2.632266	2.805938	1.891941	0.465915	-0.062514	0.047827	0.996897	0.299418	-0.951943	0.064446	0.952072	0.302517	0.045190
33202	11.258125	-3.805131	-2.800212	3.375108	1.962811	0.527774	-0.079488	0.036330	0.996174	0.331418	-0.941524	0.060782	0.940130	0.334981	0.062800
33203	10.329078	-0.564368	-2.473617	3.534179	1.960538	0.483794	-0.096054	0.024894	0.995065	0.364802	-0.929248	0.058462	0.926117	0.368617	0.080177
33204	10.022664	2.228181	-0.908716	3.390284	1.852164	0.383023	-0.111672	0.014005	0.993646	0.396035	-0.916438	0.057425	0.911420	0.399932	0.096794
33205	10.567578	3.572652	-0.585188	3.043641	1.727828	0.248946	-0.126228	0.004578	0.991991	0.423831	-0.903876	0.058103	0.896902	0.427771	0.112154
33206	10.988381	5.256115	-1.515276	2.504967	1.614280	0.136049	-0.140069	-0.003935	0.990134	0.446036	-0.893032	0.059550	0.883986	0.449977	0.126842
33207	10.948417	7.231725	-0.927820	1.716985	1.517035	0.034561	-0.153201	-0.011191	0.988132	0.461159	-0.885186	0.061474	0.873992	0.465103	0.140772
33208	11.701003	7.618461	-0.262741	0.964679	1.364333	-0.104138	-0.165626	-0.016834	0.986045	0.469168	-0.880803	0.063770	0.867438	0.473183	0.153782
33209	12.189675	6.485912	-0.226101	0.373171	1.401425	-0.250411	-0.178886	-0.021289	0.983640	0.471946	-0.879093	0.066802	0.863289	0.476175	0.167304
33210	11.226615	5.205203	-0.510360	-0.149711	1.431442	-0.346873	-0.192929	-0.025162	0.980890	0.469844	-0.879983	0.069839	0.861409	0.474339	0.181597
33211	10.121898	3.676020	-0.823293	-0.541169	1.367661	-0.371918	-0.206400	-0.028344	0.978057	0.464420	-0.882648	0.072428	0.861228	0.469179	0.195342
33212	9.163184	2.079203	-1.332695	-0.709481	1.315135	-0.351364	-0.219413	-0.031457	0.975125	0.457431	-0.886132	0.074341	0.861751	0.462364	0.208818
33213	8.374570	0.512174	-1.548597	-0.798075	1.246014	-0.308000	-0.231507	-0.034444	0.972223	0.449837	-0.889906	0.075588	0.862584	0.454841	0.221513
33214	8.217031	-0.923299	-1.981158	-0.658885	1.161356	-0.238245	-0.242643	-0.037646	0.969385	0.443474	-0.893032	0.076323	0.862818	0.448416	0.233383
33215	8.153357	-1.919835	-2.459557	-0.325601	1.135348	-0.132154	-0.252970	-0.041546	0.966582	0.440320	-0.894551	0.076789	0.861466	0.445031	0.244588
33216	7.968993	-2.309762	-2.695323	0.135281	1.134359	-0.009048	-0.262799	-0.046594	0.963725	0.441342	-0.894018	0.077127	0.857994	0.445601	0.255511
33217	7.628501	-2.102860	-2.442392	0.446908	1.109042	0.121878	-0.271702	-0.052651	0.960940	0.445474	-0.891971	0.077083	0.853072	0.449017	0.265805
33218	7.493477	-1.604663	-1.870099	0.545324	1.070290	0.220356	-0.279835	-0.059516	0.958202	0.450593	-0.889459	0.076346	0.847737	0.453124	0.275719
33219	7.366498	-0.984127	-1.203010	0.417668	1.016100	0.293504	-0.287051	-0.066752	0.955587	0.454939	-0.887387	0.074673	0.842990	0.456168	0.285093
