// General information: 
//  MT Manager version: 2022.2.0 
//  XDA version: 2022.2.0 build 7381 rev 124627 built on 2023-07-19
// Device information: 
//  DeviceId: 00B4CBA7
//  ProductCode: MTW2-3A7G6
//  Firmware Version: 4.6.0
//  Hardware Version: 2.0.0
// Device settings: 
//  Filter Profile: human(46.1)
//  Option Flags: Orientation Smoother Disabled, Position/Velocity Smoother Disabled, Continuous Zero Rotation Update Disabled, AHS Disabled, ICC Disabled
// Coordinate system: ENU
PacketCounter	Acc_X	Acc_Y	Acc_Z	Gyr_X	Gyr_Y	Gyr_Z	Mat[1][1]	Mat[2][1]	Mat[3][1]	Mat[1][2]	Mat[2][2]	Mat[3][2]	Mat[1][3]	Mat[2][3]	Mat[3][3]
27103	9.426880	-2.437976	-2.633729	-0.065232	-0.075292	-0.019505	0.298650	-0.083942	0.950664	0.457558	-0.861581	-0.219817	0.837526	0.500632	-0.218903
27104	9.387565	-2.499672	-2.767253	-0.054033	-0.066345	-0.027461	0.299056	-0.083336	0.950590	0.457217	-0.861868	-0.219398	0.837567	0.500238	-0.219644
27105	9.287602	-2.519520	-2.845507	-0.032265	-0.056366	-0.037648	0.299333	-0.082699	0.950558	0.457063	-0.862069	-0.218930	0.837552	0.499998	-0.220247
27106	9.244757	-2.489254	-2.708842	-0.013279	-0.048199	-0.047132	0.299492	-0.082028	0.950566	0.457076	-0.862194	-0.218411	0.837488	0.499893	-0.220727
27107	9.266004	-2.447912	-2.595415	0.007539	-0.029903	-0.053776	0.299473	-0.081384	0.950627	0.457304	-0.862208	-0.217877	0.837371	0.499974	-0.220991
27108	9.243844	-2.286906	-2.301610	0.006768	-0.030272	-0.062903	0.299412	-0.080671	0.950707	0.457519	-0.862251	-0.217254	0.837275	0.500015	-0.221260
27109	9.194099	-2.171993	-2.003442	-0.032171	-0.020490	-0.060422	0.299284	-0.080017	0.950803	0.457434	-0.862469	-0.216569	0.837367	0.499745	-0.221520
27110	9.148746	-2.000555	-1.622543	-0.092694	-0.025916	-0.057893	0.299209	-0.079362	0.950882	0.456824	-0.862991	-0.215773	0.837727	0.498946	-0.221961
27111	9.128494	-1.883043	-1.394066	-0.172855	-0.038977	-0.057554	0.299250	-0.078640	0.950929	0.455551	-0.863906	-0.214802	0.838405	0.497475	-0.222699
27112	9.313931	-1.993678	-1.368127	-0.234107	-0.050566	-0.058984	0.299374	-0.077863	0.950954	0.453721	-0.865147	-0.213675	0.839352	0.495436	-0.223675
27113	9.383427	-2.156089	-1.566418	-0.270964	-0.049324	-0.061107	0.299489	-0.077059	0.950983	0.451631	-0.866542	-0.212447	0.840438	0.493119	-0.224717
27114	9.284010	-2.410586	-1.950886	-0.269692	-0.054710	-0.072369	0.299593	-0.076126	0.951025	0.449604	-0.867923	-0.211109	0.841487	0.490831	-0.225797
27115	9.202015	-2.537493	-2.235165	-0.216768	-0.061257	-0.086101	0.299699	-0.075048	0.951077	0.448040	-0.869058	-0.209760	0.842283	0.488985	-0.226832
27116	9.162676	-2.494571	-2.475744	-0.147925	-0.068420	-0.100940	0.299795	-0.073812	0.951144	0.447081	-0.869873	-0.208423	0.842758	0.487723	-0.227784
27117	9.047465	-2.388642	-2.638525	-0.088859	-0.062632	-0.107018	0.299822	-0.072545	0.951233	0.446656	-0.870392	-0.207162	0.842974	0.486986	-0.228560
27118	9.035738	-2.300664	-2.736543	-0.037081	-0.052499	-0.117216	0.299714	-0.071246	0.951365	0.446677	-0.870676	-0.205922	0.843002	0.486670	-0.229130
27119	9.176065	-2.002009	-2.730144	-0.019709	-0.035284	-0.117425	0.299464	-0.070021	0.951535	0.446865	-0.870862	-0.204720	0.842990	0.486514	-0.229502
27120	9.316964	-1.897748	-2.623892	-0.059890	-0.017295	-0.115709	0.299064	-0.068914	0.951741	0.446661	-0.871267	-0.203440	0.843241	0.485948	-0.229783
27121	9.338394	-1.854569	-2.420922	-0.110085	-0.001903	-0.114818	0.298545	-0.067873	0.951979	0.446079	-0.871887	-0.202055	0.843733	0.484980	-0.230021
27122	9.252484	-1.850018	-2.222853	-0.169740	-0.008661	-0.115274	0.298074	-0.066802	0.952202	0.444969	-0.872807	-0.200524	0.844484	0.483472	-0.230436
27123	9.260838	-2.073675	-1.996133	-0.201966	-0.007598	-0.117629	0.297593	-0.065707	0.952429	0.443616	-0.873867	-0.198898	0.845366	0.481704	-0.230908
27124	9.245526	-2.190364	-1.873468	-0.202670	-0.009358	-0.121654	0.297107	-0.064572	0.952658	0.442255	-0.874935	-0.197231	0.846249	0.479917	-0.231392
27125	9.294702	-1.900924	-1.718846	-0.211687	-0.009715	-0.118471	0.296644	-0.063458	0.952878	0.440817	-0.876032	-0.195572	0.847162	0.478060	-0.231896
27126	9.362118	-1.626233	-1.618534	-0.317746	-0.003129	-0.109555	0.296164	-0.062467	0.953092	0.438402	-0.877647	-0.193752	0.848581	0.475220	-0.232542
27127	9.262055	-1.831140	-1.852105	-0.447608	0.000720	-0.102540	0.295688	-0.061539	0.953300	0.434906	-0.879836	-0.191692	0.850544	0.471277	-0.233393
27128	9.156975	-2.137242	-2.205022	-0.483325	0.001312	-0.107673	0.295187	-0.060570	0.953518	0.431100	-0.882181	-0.189497	0.852653	0.466998	-0.234297
27129	9.107035	-2.393832	-2.542934	-0.448470	-0.003834	-0.120312	0.294681	-0.059458	0.953744	0.427629	-0.884346	-0.187257	0.854574	0.463030	-0.235174
27130	9.157062	-2.624501	-2.810268	-0.357408	-0.006984	-0.141456	0.294112	-0.058145	0.954001	0.424988	-0.886087	-0.185026	0.856086	0.459857	-0.235898
27131	8.971261	-2.930383	-2.999880	-0.246525	-0.016428	-0.166123	0.293526	-0.056565	0.954276	0.423367	-0.887321	-0.182820	0.857090	0.457671	-0.236504
27132	8.853359	-2.922480	-3.131640	-0.080440	-0.010793	-0.180700	0.292829	-0.054888	0.954588	0.423188	-0.887806	-0.180865	0.857416	0.456933	-0.236748
27133	9.008392	-2.099738	-2.830468	0.000057	-0.003889	-0.175007	0.292099	-0.053285	0.954902	0.423703	-0.887907	-0.179155	0.857411	0.456926	-0.236780
27134	9.280902	-1.466525	-2.473663	-0.065838	0.009553	-0.165105	0.291294	-0.051835	0.955228	0.423614	-0.888305	-0.177384	0.857729	0.456319	-0.236800
27135	9.340827	-1.314125	-2.107796	-0.178739	0.018874	-0.155032	0.290454	-0.050512	0.955555	0.422533	-0.889206	-0.175439	0.858546	0.454711	-0.236931
27136	9.291480	-1.654984	-1.870576	-0.296571	0.016539	-0.156517	0.289629	-0.049169	0.955875	0.420424	-0.890643	-0.173201	0.859860	0.452037	-0.237284
27137	9.271741	-2.233078	-1.896334	-0.275020	0.001443	-0.171521	0.288875	-0.047615	0.956182	0.418556	-0.891972	-0.170869	0.861024	0.449575	-0.237739
27138	9.603256	-1.860904	-2.017441	-0.087431	-0.001414	-0.186710	0.288082	-0.045910	0.956505	0.418354	-0.892454	-0.168837	0.861388	0.448796	-0.237893
27139	9.855892	-0.712862	-2.110785	-0.034533	-0.002094	-0.183786	0.287309	-0.044229	0.956816	0.418588	-0.892698	-0.166957	0.861532	0.448480	-0.237967
27140	9.863746	0.186223	-2.046486	-0.136358	0.014797	-0.161563	0.286483	-0.042832	0.957128	0.417844	-0.893401	-0.165047	0.862168	0.447213	-0.238047
27141	9.519574	0.139929	-2.139156	-0.337067	0.012242	-0.140439	0.285770	-0.041599	0.957395	0.415340	-0.894969	-0.162860	0.863614	0.444185	-0.238478
27142	9.459752	-0.816301	-2.312773	-0.408501	0.023864	-0.126016	0.285019	-0.040552	0.957664	0.412143	-0.896846	-0.160638	0.865391	0.440480	-0.238905
27143	9.551714	-0.950893	-2.130009	-0.356289	0.042247	-0.119542	0.284140	-0.039632	0.957963	0.409400	-0.898464	-0.158602	0.866981	0.437255	-0.239064
27144	9.173712	-1.793495	-2.190946	-0.460862	0.050192	-0.123277	0.283179	-0.038707	0.958286	0.405765	-0.900517	-0.156280	0.869002	0.433094	-0.239302
27145	8.892745	-2.911933	-2.438880	-0.331592	0.035356	-0.137733	0.282293	-0.037587	0.958592	0.403273	-0.902007	-0.154127	0.870449	0.430083	-0.239473
27146	9.235887	-2.157373	-2.364529	-0.157960	0.021044	-0.139958	0.281524	-0.036373	0.958865	0.402336	-0.902723	-0.152370	0.871132	0.428681	-0.239504
27147	9.584355	-1.124647	-2.327894	-0.198906	0.018875	-0.131573	0.280810	-0.035233	0.959116	0.400974	-0.903627	-0.150592	0.871989	0.426869	-0.239620
27148	9.689755	-0.555094	-2.184962	-0.376365	0.022835	-0.106937	0.280163	-0.034337	0.959338	0.397973	-0.905278	-0.148625	0.873571	0.423430	-0.239960
27149	9.596114	-0.990100	-2.047105	-0.602777	0.019708	-0.091386	0.279608	-0.033559	0.959528	0.392958	-0.907850	-0.146260	0.876016	0.417949	-0.240655
27150	9.484665	-1.920336	-2.057922	-0.624696	-0.001009	-0.094655	0.279226	-0.032662	0.959670	0.387749	-0.910478	-0.143807	0.878455	0.412265	-0.241564
27151	9.538508	-2.173910	-2.024599	-0.422336	-0.037796	-0.108990	0.279117	-0.031481	0.959741	0.384342	-0.912252	-0.141699	0.879986	0.408419	-0.242525
27152	9.673329	-1.475076	-2.053924	-0.194299	-0.072047	-0.119524	0.279271	-0.030066	0.959741	0.382963	-0.913087	-0.140042	0.880538	0.406655	-0.243485
27153	9.682009	-0.702613	-2.051507	-0.102667	-0.096783	-0.111100	0.279678	-0.028626	0.959667	0.382371	-0.913542	-0.138685	0.880666	0.405736	-0.244552
27154	9.740499	-0.400700	-2.196985	-0.072072	-0.103880	-0.092617	0.280214	-0.027332	0.959548	0.381973	-0.913876	-0.137578	0.880668	0.405073	-0.245640
27155	9.643793	-0.402493	-2.313356	-0.064822	-0.109565	-0.071421	0.280885	-0.026203	0.959384	0.381605	-0.914162	-0.136693	0.880614	0.404500	-0.246776
27156	9.438352	-0.732363	-2.349155	-0.041592	-0.122441	-0.056775	0.281726	-0.025159	0.959165	0.381397	-0.914352	-0.136007	0.880436	0.404139	-0.248001
27157	9.333275	-1.203373	-2.274197	0.002553	-0.127055	-0.046875	0.282645	-0.024184	0.958920	0.381553	-0.914358	-0.135524	0.880073	0.404184	-0.249211
27158	9.345835	-1.330618	-2.290965	0.087216	-0.135551	-0.045213	0.283638	-0.023188	0.958651	0.382457	-0.914018	-0.135266	0.879361	0.405010	-0.250382
27159	9.444536	-0.963181	-2.371818	0.102164	-0.134592	-0.032996	0.284674	-0.022308	0.958365	0.383451	-0.913617	-0.135167	0.878593	0.405964	-0.251529
27160	9.442802	-0.741286	-2.420259	0.012283	-0.124337	-0.020820	0.285662	-0.021579	0.958087	0.383627	-0.913573	-0.134959	0.878195	0.406101	-0.252695
27161	9.462014	-0.945453	-2.570723	-0.120674	-0.108964	-0.007207	0.286571	-0.021039	0.957828	0.382590	-0.914069	-0.134544	0.878352	0.405012	-0.253897
27162	9.349447	-1.265256	-2.555202	-0.197948	-0.110322	-0.002475	0.287505	-0.020538	0.957559	0.380857	-0.914877	-0.133974	0.878800	0.403211	-0.255209
27163	9.321287	-1.369806	-2.515932	-0.241417	-0.103538	0.002128	0.288403	-0.020109	0.957298	0.378730	-0.915852	-0.133337	0.879424	0.401013	-0.256519
27164	9.317758	-1.438385	-2.390222	-0.243353	-0.119000	-0.005548	0.289406	-0.019555	0.957007	0.376585	-0.916841	-0.132616	0.880016	0.398774	-0.257975
27165	9.385907	-1.384897	-2.144544	-0.297810	-0.119991	-0.015192	0.290385	-0.018905	0.956723	0.374009	-0.918032	-0.131660	0.880791	0.396055	-0.259512
27166	9.281329	-2.387049	-2.463079	-0.313024	-0.145153	-0.032034	0.291524	-0.018009	0.956394	0.371336	-0.919282	-0.130499	0.881546	0.393187	-0.261306
27167	9.253511	-3.391229	-2.834923	-0.039198	-0.195649	-0.055883	0.293021	-0.016693	0.955960	0.371156	-0.919451	-0.129822	0.881125	0.392851	-0.263222
27168	9.320349	-2.373918	-2.622942	0.341805	-0.243496	-0.071011	0.294876	-0.015058	0.955417	0.374330	-0.918137	-0.130002	0.879162	0.395976	-0.265100
27169	9.367849	-0.958924	-2.462217	0.504557	-0.264814	-0.081006	0.296875	-0.013227	0.954825	0.379001	-0.916144	-0.130531	0.876484	0.400631	-0.266967
27170	9.344334	-0.035784	-2.447869	0.453664	-0.255078	-0.056487	0.298870	-0.011655	0.954223	0.383129	-0.914335	-0.131167	0.874008	0.404792	-0.268802
27171	9.277419	-0.292024	-2.649872	0.257912	-0.238517	-0.025739	0.300833	-0.010419	0.953620	0.385460	-0.913295	-0.131577	0.872307	0.407166	-0.270733
27172	9.244530	-1.239594	-2.817234	0.222022	-0.229223	-0.019783	0.302731	-0.009272	0.953031	0.387454	-0.912397	-0.131951	0.870766	0.409201	-0.272618
27173	9.273163	-1.113194	-2.571851	0.285183	-0.238370	-0.017871	0.304714	-0.008098	0.952409	0.389992	-0.911232	-0.132521	0.868940	0.411813	-0.274507
27174	9.455126	-0.669192	-2.123241	0.234300	-0.239202	-0.001231	0.306766	-0.007069	0.951759	0.392027	-0.910272	-0.133117	0.867300	0.413951	-0.276469
27175	9.552108	-0.338255	-1.685306	0.113704	-0.247069	0.019291	0.308962	-0.006188	0.951054	0.392956	-0.909804	-0.133576	0.866099	0.414993	-0.278663
27176	9.481482	-0.237285	-1.208924	-0.059969	-0.261937	0.038821	0.311356	-0.005422	0.950278	0.392324	-0.910053	-0.133736	0.865529	0.414456	-0.281223
27177	9.254005	-1.128034	-1.117969	-0.224552	-0.297873	0.037569	0.314060	-0.004500	0.949393	0.390266	-0.910984	-0.133418	0.865482	0.412417	-0.284347
27178	9.179357	-2.062685	-1.201313	-0.131878	-0.362878	0.028666	0.317284	-0.003233	0.948325	0.389047	-0.911527	-0.133272	0.864854	0.411228	-0.287955
27179	9.380525	-1.990795	-1.473786	0.103109	-0.427167	0.014934	0.321012	-0.001577	0.947074	0.389894	-0.911106	-0.133673	0.863096	0.412169	-0.291861
27180	9.472688	-1.079675	-1.631281	0.279918	-0.473200	0.014158	0.325118	0.000280	0.945673	0.392260	-0.909955	-0.134587	0.860483	0.414706	-0.295953
27181	9.437004	-0.392674	-1.909562	0.296681	-0.505164	0.032841	0.329566	0.002116	0.944130	0.394705	-0.908726	-0.135742	0.857668	0.417389	-0.300320
27182	9.300989	-0.310902	-2.260800	0.230721	-0.527254	0.046913	0.334240	0.003923	0.942480	0.396515	-0.907772	-0.136841	0.855020	0.419445	-0.304969
27183	9.192596	-0.862096	-2.627162	0.286252	-0.559483	0.053401	0.339206	0.005825	0.940694	0.398783	-0.906575	-0.138184	0.852004	0.422005	-0.309839
27184	9.365990	-0.868966	-2.522680	0.476804	-0.593123	0.060757	0.344465	0.007813	0.938767	0.402598	-0.904577	-0.140198	0.848091	0.426239	-0.314740
27185	9.570191	-0.592062	-1.829804	0.554833	-0.622719	0.083629	0.350049	0.009760	0.936680	0.407006	-0.902210	-0.142703	0.843689	0.431187	-0.319790
27186	9.937355	-0.668127	-0.868296	0.570862	-0.649886	0.117990	0.355976	0.011542	0.934424	0.411382	-0.899758	-0.145605	0.839074	0.436237	-0.325040
27187	10.085678	-0.402695	0.158752	0.508514	-0.706741	0.138700	0.362441	0.013427	0.931910	0.415145	-0.897549	-0.148527	0.834441	0.440710	-0.330883
27188	9.966146	-0.020168	0.717229	0.389820	-0.780123	0.162030	0.369579	0.015452	0.929071	0.417786	-0.895860	-0.151294	0.829980	0.444068	-0.337546
27189	10.081402	-0.097911	0.851466	0.200310	-0.861285	0.185812	0.377466	0.017651	0.925855	0.418757	-0.895003	-0.153661	0.825931	0.445710	-0.345225
27190	10.016201	-0.670835	0.767040	0.044573	-0.953151	0.196256	0.386113	0.020171	0.922231	0.418371	-0.894851	-0.155589	0.822121	0.445910	-0.353953
27191	9.986875	-1.365990	0.281593	-0.008681	-1.053194	0.193269	0.395537	0.023168	0.918158	0.417551	-0.894935	-0.157297	0.818048	0.445595	-0.363653
27192	9.798386	-1.977610	-0.509221	-0.034269	-1.146998	0.186370	0.405641	0.026628	0.913645	0.416505	-0.895152	-0.158831	0.813621	0.444966	-0.374201
27193	9.473925	-2.346341	-1.574158	-0.009207	-1.241637	0.185192	0.416461	0.030525	0.908641	0.415677	-0.895249	-0.160444	0.808562	0.444520	-0.385524
27194	9.765044	-2.141436	-2.275345	0.056290	-1.309617	0.193771	0.427787	0.034639	0.903216	0.415321	-0.895065	-0.162380	0.802812	0.444588	-0.397284
27195	10.482944	-2.495949	-2.399524	0.036610	-1.344275	0.206137	0.439373	0.038801	0.897466	0.414728	-0.894981	-0.164345	0.796839	0.444413	-0.409323
27196	11.748336	-3.905756	-1.442362	0.139228	-1.388603	0.225858	0.451290	0.042979	0.891342	0.414818	-0.894468	-0.166894	0.790103	0.445062	-0.421493
27197	12.145286	-3.395714	0.074111	0.348021	-1.490124	0.232545	0.463948	0.047583	0.884584	0.416499	-0.893023	-0.170409	0.781845	0.447489	-0.434134
27198	12.014277	-2.962125	1.401705	0.236863	-1.627331	0.259632	0.477652	0.052573	0.876975	0.417096	-0.892111	-0.173694	0.773227	0.448747	-0.448046
27199	12.125824	-3.249146	1.986101	0.149031	-1.768444	0.275719	0.492373	0.058085	0.868444	0.416915	-0.891597	-0.176740	0.764036	0.449089	-0.463215
27200	12.635452	-3.419519	2.295859	0.182765	-1.910529	0.316728	0.508161	0.063853	0.858892	0.416670	-0.891002	-0.180282	0.753763	0.449486	-0.479378
27201	13.050861	-3.241702	2.485735	0.115465	-2.016898	0.361820	0.524739	0.069723	0.848403	0.415677	-0.890727	-0.183895	0.742874	0.449159	-0.496382
27202	13.706965	-2.733740	2.441942	0.046099	-2.119548	0.425522	0.542091	0.075450	0.836926	0.413723	-0.890851	-0.187664	0.731417	0.447986	-0.514138
27203	15.219765	-2.397627	1.817760	-0.109148	-2.189095	0.502868	0.560027	0.080778	0.824527	0.410174	-0.891733	-0.191232	0.719811	0.445294	-0.532527
27204	15.444331	-1.691222	0.810771	-0.375427	-2.212510	0.544957	0.578011	0.085714	0.811515	0.404371	-0.893869	-0.193606	0.708793	0.440059	-0.551326
27205	14.430795	-2.056648	-1.882776	-0.701822	-2.211446	0.557891	0.595787	0.090390	0.798040	0.396173	-0.897421	-0.194122	0.698630	0.431817	-0.570482
27206	12.754893	-2.068825	-4.732545	-0.912831	-2.213142	0.501172	0.613064	0.095333	0.784260	0.386810	-0.901790	-0.192753	0.688862	0.421529	-0.589731
27207	11.238508	-2.649353	-7.434733	-1.015468	-2.177496	0.406841	0.629495	0.100743	0.770446	0.377352	-0.906412	-0.189795	0.679221	0.410204	-0.608598
27208	10.456636	-2.892626	-9.066159	-0.742927	-2.013817	0.321205	0.644235	0.106006	0.757446	0.370290	-0.909771	-0.187621	0.669213	0.401347	-0.625360
27209	9.171573	-2.484846	-9.741465	-0.602239	-1.712730	0.258189	0.656551	0.110498	0.746144	0.364626	-0.912445	-0.185718	0.660294	0.393997	-0.639357
27210	9.153404	-3.983518	-8.775842	-0.477415	-1.293784	0.202082	0.665744	0.113721	0.737463	0.360156	-0.914546	-0.184103	0.653508	0.388167	-0.649811
27211	8.290670	-4.352727	-6.251817	-0.141372	-0.787160	0.160915	0.671430	0.115328	0.732039	0.358179	-0.915277	-0.184327	0.648761	0.385963	-0.655852
27212	6.457184	-3.362680	-6.784787	0.045757	-0.296638	0.078680	0.673598	0.115761	0.729976	0.357949	-0.915197	-0.185169	0.646636	0.386024	-0.657911
27213	4.823224	-3.747748	-7.953094	0.105566	0.134636	-0.072691	0.672448	0.115939	0.731007	0.359140	-0.914704	-0.185297	0.647172	0.387137	-0.656729
27214	4.194361	-4.743922	-8.409738	0.568387	0.564492	-0.212721	0.667985	0.115688	0.735128	0.364254	-0.912245	-0.187424	0.648934	0.392969	-0.651506
27215	4.071943	-4.006610	-8.207887	1.166318	1.001024	-0.295887	0.660366	0.114420	0.742176	0.373820	-0.907253	-0.192745	0.651287	0.404723	-0.641892
27216	3.759811	-2.851245	-7.885674	1.481873	1.451609	-0.329473	0.649599	0.111421	0.752069	0.385663	-0.900777	-0.199664	0.655199	0.419746	-0.628114
27217	3.266225	-2.272351	-7.483049	1.614715	1.873730	-0.345260	0.635894	0.106530	0.764389	0.398526	-0.893489	-0.207011	0.660920	0.436266	-0.610620
27218	2.883842	-1.767683	-7.323927	1.648633	2.257394	-0.352530	0.619425	0.099633	0.778708	0.411701	-0.885800	-0.214154	0.668442	0.453247	-0.589706
27219	2.745071	-1.507420	-7.445924	1.596868	2.606194	-0.365458	0.600334	0.090858	0.794572	0.424695	-0.878082	-0.220468	0.677668	0.469805	-0.565729
27220	2.918778	-1.582811	-7.947333	1.468632	2.933217	-0.358029	0.578715	0.079990	0.811598	0.436843	-0.870770	-0.225671	0.688664	0.485140	-0.538871
27221	3.308701	-2.183701	-8.313388	1.391902	3.199816	-0.343730	0.554941	0.067246	0.829167	0.448476	-0.863666	-0.230110	0.700649	0.499559	-0.509442
27222	3.690375	-2.739149	-7.865749	1.455221	3.425935	-0.328847	0.529199	0.052717	0.846859	0.460546	-0.856100	-0.234501	0.712633	0.514115	-0.477325
27223	4.286919	-2.652401	-7.519684	1.527000	3.601124	-0.310604	0.501853	0.036614	0.864178	0.473130	-0.848002	-0.238832	0.724079	0.528727	-0.442896
27224	5.198257	-2.005930	-7.253968	1.360185	3.756081	-0.288406	0.473012	0.018963	0.880852	0.484468	-0.840654	-0.242059	0.735901	0.541241	-0.406826
27225	5.931973	-1.849793	-7.070731	1.035992	3.873097	-0.269582	0.442918	0.000110	0.896562	0.493403	-0.834978	-0.243648	0.748583	0.550283	-0.369881
27226	6.301989	-2.389769	-7.591114	0.789074	3.915078	-0.264554	0.412003	-0.019343	0.910977	0.500492	-0.830648	-0.243992	0.761421	0.556462	-0.332549
27227	6.655778	-2.194256	-8.543077	0.636310	3.919610	-0.251915	0.380620	-0.039120	0.923904	0.506383	-0.827174	-0.243638	0.773761	0.560582	-0.295029
27228	6.795232	-1.369714	-8.230283	0.346068	3.869974	-0.168557	0.349538	-0.059428	0.935035	0.509695	-0.825328	-0.242992	0.786151	0.561518	-0.258193
27229	7.492754	-0.533993	-6.468044	0.060704	3.668159	0.042689	0.320670	-0.080314	0.943780	0.510038	-0.824966	-0.243500	0.798143	0.559447	-0.223579
27230	7.905003	0.343455	-5.876308	-0.258804	3.480185	0.327638	0.294312	-0.102381	0.950210	0.506946	-0.826121	-0.246029	0.810177	0.554114	-0.191236
27231	7.540423	-0.133274	-5.165404	-0.610792	3.163525	0.468931	0.270827	-0.123628	0.954657	0.500638	-0.828959	-0.249376	0.822201	0.545475	-0.162612
27232	6.776111	-1.581369	-4.410684	-0.954145	2.740601	0.472570	0.250439	-0.142327	0.957614	0.491501	-0.833494	-0.252418	0.834091	0.533883	-0.138785
27233	6.374037	-3.088068	-3.572236	-1.127221	2.246183	0.463193	0.233807	-0.158019	0.959356	0.480916	-0.838756	-0.255360	0.845017	0.521075	-0.120113
27234	5.859037	-4.073758	-3.604846	-0.923954	1.700695	0.405611	0.221265	-0.170180	0.960250	0.472142	-0.842870	-0.258170	0.853301	0.510499	-0.106149
27235	5.579794	-2.680974	-3.407339	-0.655061	1.158113	0.294054	0.212706	-0.178502	0.960673	0.465896	-0.845689	-0.260292	0.858893	0.502939	-0.096720
27236	6.838820	-2.509202	-2.611726	-0.750607	0.694542	0.179182	0.207521	-0.183464	0.960873	0.459049	-0.849125	-0.261268	0.863834	0.495306	-0.091992
27237	6.287613	-2.629251	-3.819291	-0.827271	0.143869	0.154389	0.206954	-0.185455	0.960612	0.451565	-0.852920	-0.261949	0.867905	0.487990	-0.092770
27238	5.770042	-0.804536	-5.502884	-0.668929	-0.307056	0.012976	0.209652	-0.184052	0.960297	0.445719	-0.856157	-0.261401	0.870276	0.482826	-0.097459
27239	8.556167	-0.735547	-5.341391	-0.626733	-0.306771	-0.159734	0.211594	-0.181178	0.960418	0.440593	-0.859471	-0.259204	0.872414	0.477999	-0.102033
27240	11.599936	-3.199582	-4.186283	-0.179539	-0.018832	-0.173521	0.210968	-0.179569	0.960858	0.439389	-0.860654	-0.257316	0.873172	0.476476	-0.102669
27241	11.814146	-2.496426	-2.259450	0.179038	0.208336	-0.180567	0.208331	-0.178980	0.961543	0.441330	-0.860136	-0.255724	0.872827	0.477632	-0.100204
27242	11.017975	-2.189214	-0.944671	0.028085	0.290524	-0.241985	0.204699	-0.178258	0.962456	0.442071	-0.860447	-0.253386	0.873311	0.477342	-0.097330
27243	10.541887	-2.916522	0.727426	-0.183786	0.261634	-0.258846	0.201247	-0.177245	0.963371	0.440989	-0.861794	-0.250679	0.874659	0.475284	-0.095270
27244	11.780070	-4.769462	2.084667	-0.395645	0.147712	-0.219254	0.198963	-0.176026	0.964069	0.437959	-0.864067	-0.248152	0.876701	0.471596	-0.094825
27245	12.934109	-5.934933	2.448140	-0.533675	-0.137250	-0.171304	0.199399	-0.173868	0.964370	0.433615	-0.866884	-0.245949	0.878760	0.467207	-0.097463
27246	12.051915	-5.678451	2.424938	-0.548213	-0.468934	-0.184750	0.202698	-0.170058	0.964362	0.429159	-0.869765	-0.243581	0.880191	0.463238	-0.103318
27247	10.803204	-3.881100	1.103833	-0.339361	-0.697948	-0.231728	0.207827	-0.164782	0.964186	0.426647	-0.871733	-0.240944	0.880216	0.461442	-0.110866
27248	9.978205	-1.345200	-0.787871	-0.240227	-0.764544	-0.266258	0.213392	-0.158911	0.963956	0.425087	-0.873284	-0.238066	0.879639	0.460566	-0.118801
27249	9.159391	-0.074580	-2.836333	-0.252306	-0.690253	-0.294930	0.218189	-0.153127	0.963818	0.423504	-0.874916	-0.234876	0.879226	0.459428	-0.126047
27250	8.687276	1.038428	-4.423929	-0.128789	-0.589201	-0.347087	0.221870	-0.147358	0.963877	0.423130	-0.876041	-0.231328	0.878484	0.459170	-0.132015
27251	8.778072	1.145139	-4.718271	-0.262136	-0.544650	-0.390127	0.224984	-0.141409	0.964047	0.421699	-0.877817	-0.227174	0.878381	0.457648	-0.137862
27252	8.772401	-1.125162	-3.998582	-0.287987	-0.477081	-0.395930	0.227481	-0.135724	0.964278	0.420061	-0.879692	-0.222914	0.878522	0.455765	-0.143101
27253	9.117637	-2.522039	-2.989880	-0.139985	-0.397096	-0.387007	0.229322	-0.130478	0.964566	0.419716	-0.880854	-0.218940	0.878208	0.455051	-0.147236
27254	9.389088	-3.070084	-2.188665	-0.235093	-0.346080	-0.372286	0.230776	-0.125595	0.964867	0.418505	-0.882409	-0.214959	0.878406	0.453409	-0.151076
27255	9.056229	-4.585455	-1.941869	-0.457669	-0.360784	-0.387966	0.232307	-0.120506	0.965148	0.415380	-0.884963	-0.210475	0.879484	0.449799	-0.155527
27256	9.123592	-5.189297	-1.825223	-0.363201	-0.404238	-0.383041	0.234252	-0.115272	0.965318	0.413076	-0.887053	-0.206167	0.880054	0.447044	-0.160178
27257	9.440949	-3.781507	-1.253144	-0.301927	-0.456146	-0.344947	0.236823	-0.110144	0.965289	0.411231	-0.888798	-0.202307	0.880230	0.444867	-0.165193
27258	9.731110	-2.390607	-1.051642	-0.383698	-0.507359	-0.321240	0.239948	-0.105009	0.965090	0.408614	-0.890855	-0.198525	0.880602	0.441985	-0.170851
27259	10.212829	-1.447546	-1.134072	-0.340367	-0.571047	-0.309695	0.243693	-0.099699	0.964714	0.406366	-0.892681	-0.194905	0.880614	0.439524	-0.177026
27260	10.682001	0.029206	-0.907127	-0.214947	-0.585717	-0.263774	0.247755	-0.094746	0.964179	0.405118	-0.893890	-0.191938	0.880055	0.438160	-0.183082
27261	10.445827	1.217048	-0.903794	-0.382225	-0.594362	-0.243757	0.251980	-0.089937	0.963544	0.402364	-0.895792	-0.188837	0.880119	0.435278	-0.189534
27262	9.815201	0.359134	-1.651083	-0.445920	-0.601003	-0.253748	0.256228	-0.085028	0.962869	0.399081	-0.897957	-0.185495	0.880387	0.431792	-0.196149
27263	9.784297	-0.770376	-2.648731	-0.074511	-0.604606	-0.273891	0.260433	-0.079926	0.962178	0.399134	-0.898512	-0.182671	0.879129	0.431611	-0.202101
27264	9.812581	-0.421241	-3.405167	0.258105	-0.580787	-0.257847	0.264473	-0.075067	0.961467	0.402075	-0.897603	-0.180680	0.876578	0.434367	-0.207209
27265	9.232223	-0.651024	-3.507521	0.163311	-0.551764	-0.218870	0.268400	-0.070669	0.960712	0.404089	-0.897058	-0.178880	0.874456	0.436225	-0.212214
27266	8.891960	-1.797942	-3.644703	0.074695	-0.520280	-0.181992	0.272184	-0.066735	0.959928	0.405234	-0.896865	-0.177253	0.872755	0.437241	-0.217069
27267	9.159292	-1.642525	-3.443120	0.153005	-0.488850	-0.137369	0.275866	-0.063330	0.959108	0.406946	-0.896291	-0.176231	0.870800	0.438921	-0.221484
27268	9.380186	-0.691179	-2.950934	0.038090	-0.465122	-0.102231	0.279472	-0.060340	0.958256	0.407562	-0.896195	-0.175296	0.869361	0.439539	-0.225869
27269	9.567903	-0.686525	-2.715556	-0.185291	-0.431073	-0.079597	0.282873	-0.057703	0.957420	0.406177	-0.897062	-0.174072	0.868909	0.438122	-0.230317
27270	9.516570	-1.131090	-2.983396	-0.259376	-0.399927	-0.076519	0.286014	-0.055237	0.956632	0.404142	-0.898245	-0.172696	0.868830	0.436009	-0.234587
27271	9.250197	-1.864407	-3.143760	-0.185646	-0.385158	-0.094895	0.288955	-0.052676	0.955892	0.402805	-0.899111	-0.171310	0.868478	0.434539	-0.238584
27272	8.755374	-2.438717	-2.920296	0.009584	-0.394757	-0.107199	0.291925	-0.049965	0.955135	0.403202	-0.899131	-0.170269	0.867299	0.434818	-0.242333
27273	8.791583	-2.512095	-2.212452	0.160619	-0.415066	-0.107811	0.295064	-0.047156	0.954313	0.404912	-0.898490	-0.169592	0.865438	0.436453	-0.246018
27274	9.093480	-2.128218	-1.398471	0.288077	-0.456190	-0.095746	0.298594	-0.044268	0.953353	0.407688	-0.897279	-0.169353	0.862921	0.439238	-0.249875
27275	9.437110	-0.943022	-0.379798	0.283929	-0.495477	-0.060067	0.302595	-0.041514	0.952215	0.410317	-0.896060	-0.169457	0.860277	0.441987	-0.254110
27276	9.806968	-0.256297	-0.071401	0.078167	-0.522718	-0.027621	0.306949	-0.038924	0.950930	0.411076	-0.895732	-0.169355	0.858370	0.442887	-0.258944
27277	9.840437	-0.926055	-0.776972	-0.084676	-0.539987	-0.018314	0.311484	-0.036338	0.949556	0.410409	-0.896120	-0.168919	0.857054	0.442322	-0.264213
27278	9.500736	-0.917913	-1.705845	-0.001724	-0.576377	-0.008657	0.316357	-0.033680	0.948042	0.410424	-0.896137	-0.168792	0.855260	0.442498	-0.269677
27279	9.126807	-0.567722	-2.502630	0.026138	-0.601404	0.006815	0.321501	-0.031047	0.946400	0.410629	-0.896025	-0.168889	0.853241	0.442917	-0.275325
27280	9.056121	-0.838285	-2.781486	0.015652	-0.618638	0.020715	0.326833	-0.028460	0.944654	0.410698	-0.895956	-0.169087	0.851180	0.443231	-0.281139
27281	8.988669	-1.355064	-2.697546	0.003708	-0.625415	0.039101	0.332289	-0.026006	0.942819	0.410605	-0.895934	-0.169427	0.849110	0.443425	-0.287030
27282	8.672328	-2.371621	-2.607826	0.009192	-0.644479	0.043842	0.337908	-0.023509	0.940886	0.410540	-0.895888	-0.169826	0.846921	0.443657	-0.293076
27283	8.579338	-2.939122	-2.518057	0.221707	-0.683649	0.028615	0.343783	-0.020694	0.938821	0.412321	-0.894901	-0.170712	0.843685	0.445784	-0.299119
27284	8.860666	-2.336621	-2.170268	0.432833	-0.728347	0.030665	0.350013	-0.017676	0.936578	0.415862	-0.892963	-0.172267	0.839375	0.449783	-0.305198
27285	9.349412	-1.136607	-2.019155	0.483131	-0.746564	0.037366	0.356397	-0.014603	0.934221	0.419779	-0.890779	-0.174066	0.834726	0.454203	-0.311341
27286	9.704087	0.251289	-2.039416	0.328202	-0.753603	0.061057	0.362903	-0.011683	0.931754	0.422297	-0.889281	-0.175628	0.830643	0.457212	-0.317789
27287	9.965924	0.095045	-2.410815	0.127793	-0.747646	0.085055	0.369438	-0.008985	0.929212	0.423050	-0.888692	-0.176790	0.827372	0.458416	-0.324516
27288	9.866517	-0.086484	-2.371334	0.128488	-0.762971	0.104835	0.376155	-0.006384	0.926535	0.423726	-0.888100	-0.178143	0.823993	0.459606	-0.331358
27289	9.707437	-1.153107	-1.991069	0.219483	-0.791638	0.122226	0.383159	-0.003791	0.923675	0.425072	-0.887088	-0.179969	0.820063	0.461585	-0.338284
27290	9.583968	-1.551993	-1.077250	0.562392	-0.869113	0.143100	0.390845	-0.000994	0.920456	0.429121	-0.884480	-0.183169	0.814307	0.466577	-0.345268
27291	9.836119	-0.193172	-0.117948	0.746507	-0.942907	0.183441	0.399260	0.001848	0.916836	0.434456	-0.880978	-0.187419	0.807366	0.473154	-0.352542
27292	10.189984	0.696668	0.517843	0.463878	-1.021853	0.248002	0.408530	0.004551	0.912734	0.437192	-0.878787	-0.191301	0.801228	0.477192	-0.361001
27293	10.250999	-0.350085	0.198672	0.119254	-1.087228	0.282304	0.418426	0.007296	0.908222	0.436985	-0.878239	-0.194268	0.796218	0.478166	-0.370666
27294	10.348410	-1.979863	-0.354781	0.147433	-1.187058	0.250009	0.428905	0.010813	0.903285	0.437105	-0.877561	-0.197044	0.790557	0.479343	-0.381117
27295	10.268026	-2.476974	-0.586268	0.380028	-1.306142	0.209385	0.440078	0.015290	0.897829	0.439194	-0.875765	-0.200360	0.783224	0.482495	-0.392120
27296	10.657425	-1.626578	-0.447670	0.556454	-1.413778	0.188235	0.451887	0.020526	0.891839	0.442698	-0.873106	-0.204216	0.774478	0.487098	-0.403632
27297	12.007425	-0.546839	-0.053421	0.404312	-1.485834	0.218193	0.464277	0.025915	0.885311	0.444822	-0.871185	-0.207773	0.765885	0.490270	-0.415998
27298	13.980672	-0.868294	0.807014	0.053073	-1.538216	0.263573	0.477137	0.031187	0.878275	0.443996	-0.871006	-0.210279	0.758425	0.490282	-0.429436
27299	13.877627	-4.420696	0.962517	-0.262183	-1.612622	0.389756	0.491015	0.035704	0.870419	0.440140	-0.872421	-0.212503	0.751785	0.487448	-0.444087
27300	12.814471	-3.936947	1.342025	-0.141277	-1.793899	0.498034	0.506574	0.040108	0.861263	0.436609	-0.873303	-0.216134	0.743475	0.485523	-0.459904
27301	12.444424	-2.365718	1.759489	-0.502916	-1.896053	0.606841	0.523206	0.043988	0.851070	0.429777	-0.875990	-0.218935	0.735899	0.480318	-0.477229
27302	12.116817	-3.054534	1.733977	-0.824094	-1.985957	0.705659	0.540712	0.047271	0.839878	0.419997	-0.880243	-0.220851	0.728857	0.472163	-0.495811
27303	11.683264	-3.177537	1.713463	-0.856397	-2.095910	0.795092	0.559182	0.050092	0.827530	0.409430	-0.884640	-0.223113	0.720890	0.463576	-0.515184
27304	11.682050	-2.645887	1.661260	-0.787133	-2.199705	0.848937	0.578330	0.052691	0.814099	0.398973	-0.888699	-0.225909	0.711586	0.455454	-0.534984
27305	12.367378	-1.429021	1.397012	-0.690075	-2.308107	0.911928	0.598202	0.055028	0.799454	0.388750	-0.892310	-0.229468	0.700734	0.448056	-0.555174
27306	13.218809	-0.571268	0.624966	-0.675244	-2.388462	0.957322	0.618429	0.057098	0.783764	0.378245	-0.895853	-0.233190	0.688823	0.440666	-0.575618
27307	14.374599	-0.429196	-1.089071	-0.652657	-2.442281	0.961506	0.638663	0.059173	0.767208	0.367765	-0.899267	-0.236787	0.675913	0.433379	-0.596090
27308	14.560293	0.200616	-3.315000	-0.786215	-2.441564	0.898274	0.658221	0.061569	0.750303	0.356689	-0.903188	-0.238799	0.662962	0.424807	-0.616458
27309	13.245152	-0.373669	-5.865484	-1.090102	-2.425916	0.753204	0.676778	0.064947	0.733317	0.344520	-0.908235	-0.237518	0.650598	0.413389	-0.637049
27310	11.618083	-0.899301	-7.931480	-1.101761	-2.411485	0.553495	0.694149	0.069750	0.716444	0.333642	-0.913103	-0.234364	0.637840	0.401719	-0.657101
27311	10.568341	-1.143088	-9.414637	-1.012398	-2.288597	0.367647	0.709795	0.075487	0.700352	0.324689	-0.917383	-0.230187	0.625115	0.390782	-0.675664
27312	9.260999	-2.387955	-9.887123	-0.804465	-2.044632	0.229224	0.723150	0.081296	0.685890	0.318083	-0.920673	-0.226239	0.613088	0.381774	-0.691644
27313	7.532987	-3.534284	-10.217401	-0.349834	-1.752641	0.136488	0.734209	0.086722	0.673362	0.314986	-0.922116	-0.224691	0.601432	0.377069	-0.704342
27314	7.228573	-3.942762	-8.845907	0.026168	-1.356140	0.038798	0.742381	0.091489	0.663702	0.314874	-0.922055	-0.225099	0.591375	0.376092	-0.713324
27315	6.871173	-3.447028	-7.644174	0.406978	-0.878703	-0.084597	0.747259	0.095619	0.657617	0.317918	-0.920439	-0.227421	0.583551	0.379010	-0.718206
27316	6.102446	-2.013570	-6.547739	0.552839	-0.371686	-0.254371	0.748567	0.099392	0.655567	0.323052	-0.918085	-0.229689	0.579038	0.383720	-0.719357
27317	5.288944	-1.549833	-6.824087	0.395759	0.094143	-0.449686	0.746540	0.103186	0.657290	0.328727	-0.916104	-0.229548	0.578460	0.387436	-0.717828
27318	4.522214	-2.121924	-7.474507	0.362865	0.525128	-0.641361	0.741327	0.107027	0.662556	0.335621	-0.914019	-0.227876	0.581200	0.391298	-0.713507
27319	4.358352	-2.733690	-7.666646	0.552468	0.923630	-0.819394	0.733130	0.110895	0.670986	0.344909	-0.910948	-0.226301	0.586138	0.397337	-0.706092
27320	4.429587	-2.830024	-7.155991	0.887989	1.299544	-0.969433	0.722030	0.114495	0.682323	0.357214	-0.906287	-0.225926	0.592513	0.406861	-0.695265
27321	4.647347	-2.047649	-6.987352	1.162540	1.646599	-1.056546	0.708341	0.117269	0.696061	0.371725	-0.900260	-0.226612	0.600061	0.419261	-0.681283
27322	4.855967	-1.365496	-6.933615	1.206924	1.973322	-1.090665	0.692232	0.118667	0.711852	0.386679	-0.893836	-0.227017	0.609339	0.432407	-0.664628
27323	4.978218	-1.060889	-6.779967	1.092975	2.272301	-1.087414	0.673956	0.118418	0.729219	0.400849	-0.887752	-0.226308	0.620567	0.444829	-0.645774
27324	5.076947	-1.335599	-6.861748	0.885946	2.560095	-1.041043	0.653615	0.116124	0.747865	0.413334	-0.882545	-0.224207	0.633989	0.455663	-0.624843
27325	5.086916	-2.205087	-7.287050	0.661648	2.799691	-0.974111	0.631553	0.111848	0.767223	0.423858	-0.878390	-0.220851	0.649220	0.464672	-0.602157
27326	5.177131	-3.131203	-7.291148	0.647967	2.966242	-0.919428	0.608075	0.106008	0.786770	0.433829	-0.874352	-0.217486	0.664859	0.473572	-0.577661
27327	5.573210	-3.010875	-7.097555	0.861018	3.103406	-0.859551	0.583413	0.098670	0.806160	0.444755	-0.869350	-0.215463	0.679575	0.484247	-0.551074
27328	6.019494	-1.999895	-6.819304	0.903469	3.237400	-0.775949	0.557639	0.089560	0.825238	0.455400	-0.864199	-0.213940	0.694010	0.495114	-0.522697
27329	6.072025	-1.726011	-6.508443	0.565860	3.362829	-0.697888	0.530806	0.078829	0.843820	0.463184	-0.860790	-0.210953	0.709722	0.502819	-0.493424
27330	5.564556	-2.963846	-6.482267	0.105533	3.454462	-0.640237	0.502961	0.066926	0.861714	0.467262	-0.859796	-0.205952	0.727115	0.506232	-0.463716
27331	5.019917	-4.633594	-6.741299	-0.120001	3.510424	-0.610463	0.474239	0.054414	0.878713	0.469373	-0.860037	-0.200062	0.744839	0.507322	-0.433404
27332	4.774224	-5.334107	-6.788995	-0.052070	3.532291	-0.598668	0.444772	0.041639	0.894675	0.471739	-0.860021	-0.194491	0.761341	0.508557	-0.402156
27333	4.992863	-5.300815	-6.592402	0.101737	3.541005	-0.578274	0.414787	0.028593	0.909469	0.475015	-0.859303	-0.189628	0.776087	0.510667	-0.370010
27334	5.398479	-4.378810	-6.385156	0.254436	3.542787	-0.539637	0.384440	0.015100	0.923026	0.479167	-0.857890	-0.185539	0.789053	0.513612	-0.337042
27335	5.945152	-3.259718	-6.522499	0.266768	3.538697	-0.455473	0.354091	0.000812	0.935211	0.482976	-0.856485	-0.182122	0.800846	0.516172	-0.303665
27336	6.599743	-2.515284	-6.580294	0.200570	3.524197	-0.355696	0.323904	-0.014343	0.945981	0.485799	-0.855481	-0.179308	0.811841	0.517635	-0.270126
27337	7.436842	-2.110693	-6.444512	0.185934	3.487515	-0.241821	0.294213	-0.030314	0.955259	0.488069	-0.854578	-0.177441	0.821722	0.518438	-0.236633
27338	8.235842	-1.775274	-6.739223	0.134673	3.447063	-0.101537	0.265191	-0.047295	0.963035	0.489464	-0.853929	-0.176720	0.830722	0.518235	-0.203306
27339	8.534968	-1.820051	-6.734365	0.025921	3.374866	0.008173	0.237027	-0.064798	0.969340	0.489661	-0.853798	-0.176808	0.839077	0.516556	-0.170644
27340	8.499981	-2.054017	-5.894498	0.026396	3.249965	0.093084	0.210054	-0.082324	0.974218	0.489672	-0.853604	-0.177711	0.846226	0.514376	-0.138991
27341	8.248305	-1.949649	-5.209364	-0.020913	3.068954	0.169195	0.184790	-0.099480	0.977730	0.489159	-0.853567	-0.179298	0.852394	0.511398	-0.109069
27342	7.977592	-1.376574	-3.925945	-0.197548	2.816856	0.197529	0.161621	-0.115482	0.980073	0.487122	-0.854371	-0.181001	0.858249	0.506669	-0.081830
27343	8.078883	-1.636791	-3.074537	-0.525262	2.505011	0.193591	0.140955	-0.129707	0.981482	0.482301	-0.856786	-0.182493	0.864591	0.499094	-0.058210
27344	8.001756	-2.461638	-2.358157	-0.882524	2.137033	0.200318	0.123323	-0.141956	0.982161	0.474369	-0.860884	-0.183990	0.871645	0.488597	-0.038827
27345	8.606280	-3.302100	-1.484361	-0.969101	1.676668	0.224723	0.109685	-0.151967	0.982281	0.465624	-0.865247	-0.185854	0.878159	0.477759	-0.024146
27346	7.945969	-1.208261	-2.102850	-1.101048	1.119076	0.321865	0.101269	-0.160016	0.981906	0.455574	-0.869956	-0.188758	0.884419	0.466446	-0.015201
27347	6.274028	-0.771995	-2.524628	-1.475670	0.568767	0.401567	0.097997	-0.166105	0.981227	0.442064	-0.876093	-0.192458	0.891614	0.452625	-0.012426
27348	5.784211	-1.535794	-3.065431	-1.799217	0.037458	0.476859	0.099697	-0.170439	0.980312	0.425472	-0.883304	-0.196843	0.899463	0.436720	-0.015545
27349	5.545719	-0.757908	-3.929038	-1.910629	-0.428157	0.463684	0.105473	-0.172685	0.979314	0.407733	-0.890709	-0.200975	0.906989	0.420496	-0.023537
27350	7.313368	0.023819	-4.848490	-1.957557	-0.644955	0.353771	0.112726	-0.173161	0.978421	0.389516	-0.898180	-0.203837	0.914095	0.404088	-0.033799
27351	10.295799	-0.888274	-5.024149	-1.677286	-0.519193	0.234924	0.118363	-0.173185	0.977751	0.373858	-0.904443	-0.205458	0.919902	0.389859	-0.042305
27352	12.095777	-0.663129	-3.705770	-1.259308	-0.217500	0.177665	0.120995	-0.173928	0.977297	0.362029	-0.908985	-0.206592	0.924281	0.378807	-0.047015
27353	11.848339	-0.651875	-2.703392	-1.141439	0.017549	0.042523	0.120964	-0.174348	0.977226	0.351399	-0.913186	-0.206420	0.928378	0.368366	-0.049196
27354	11.118578	-2.564834	-2.723024	-1.121015	0.107350	-0.137123	0.119465	-0.173449	0.977570	0.341131	-0.917506	-0.204480	0.932394	0.357908	-0.050441
27355	10.268024	-6.363262	-2.912426	-0.833855	0.105538	-0.272675	0.117540	-0.171282	0.978185	0.333662	-0.920938	-0.201351	0.935336	0.350050	-0.051096
27356	10.423769	-8.778956	-1.950595	-0.021085	0.032564	-0.347258	0.116053	-0.168163	0.978904	0.333866	-0.921612	-0.197902	0.935449	0.349790	-0.050812
27357	11.440184	-6.969043	-1.022464	0.613103	-0.147283	-0.342295	0.116256	-0.164458	0.979509	0.339987	-0.920028	-0.194824	0.933217	0.355670	-0.051045
27358	11.720900	-5.080859	-0.440840	0.538928	-0.365375	-0.290070	0.118645	-0.160452	0.979887	0.345344	-0.918578	-0.192227	0.930946	0.361205	-0.053574
27359	10.837584	-4.077966	-0.296365	0.214689	-0.513798	-0.202657	0.122703	-0.156694	0.979995	0.347581	-0.918131	-0.190322	0.929587	0.363981	-0.058194
27360	9.868913	-3.529703	-1.281383	-0.097450	-0.586923	-0.147765	0.127622	-0.153172	0.979924	0.346852	-0.918725	-0.188779	0.929197	0.363981	-0.064122
27361	9.633757	-2.174234	-2.267675	-0.161996	-0.637924	-0.140058	0.133044	-0.149531	0.979765	0.345525	-0.919536	-0.187258	0.928930	0.363447	-0.070672
27362	9.456718	-1.307921	-2.693279	-0.067109	-0.642437	-0.161528	0.138431	-0.145681	0.979599	0.345113	-0.920029	-0.185591	0.928296	0.363764	-0.077084
27363	9.774255	-0.255292	-2.714937	0.190219	-0.604251	-0.219403	0.143256	-0.141423	0.979529	0.347182	-0.919659	-0.183555	0.926791	0.366370	-0.082647
27364	9.473353	-0.513207	-2.688471	0.206079	-0.516636	-0.260545	0.147112	-0.137098	0.979572	0.349462	-0.919274	-0.181141	0.925329	0.368972	-0.087326
27365	8.970742	-1.542572	-2.606453	0.276417	-0.460053	-0.337536	0.150161	-0.132258	0.979775	0.352516	-0.918713	-0.178042	0.923680	0.372121	-0.091331
27366	8.811753	-1.704669	-1.819771	0.514241	-0.427948	-0.403712	0.152654	-0.126918	0.980096	0.357865	-0.917318	-0.174527	0.921211	0.377384	-0.094613
