// General information: 
//  MT Manager version: 2022.2.0 
//  XDA version: 2022.2.0 build 7381 rev 124627 built on 2023-07-19
// Device information: 
//  DeviceId: 00B4CAF0
//  ProductCode: MTW2-3A7G6
//  Firmware Version: 4.6.0
//  Hardware Version: 2.0.0
// Device settings: 
//  Filter Profile: human(46.1)
//  Option Flags: Orientation Smoother Disabled, Position/Velocity Smoother Disabled, Continuous Zero Rotation Update Disabled, AHS Disabled, ICC Disabled
// Coordinate system: ENU
PacketCounter	Acc_X	Acc_Y	Acc_Z	Gyr_X	Gyr_Y	Gyr_Z	Mat[1][1]	Mat[2][1]	Mat[3][1]	Mat[1][2]	Mat[2][2]	Mat[3][2]	Mat[1][3]	Mat[2][3]	Mat[3][3]
46403	5.361640	-0.077281	8.736933	0.006112	0.003063	0.004567	0.784034	0.333351	0.523611	-0.383484	0.923446	-0.013689	-0.488089	-0.190063	0.851848
46404	5.409189	-0.128424	8.715968	0.007575	-0.001575	0.003167	0.784011	0.333373	0.523632	-0.383521	0.923431	-0.013677	-0.488097	-0.190101	0.851835
46405	5.385011	-0.101760	8.738750	0.003100	0.004601	0.002972	0.783907	0.333459	0.523732	-0.383627	0.923386	-0.013718	-0.488181	-0.190164	0.851773
46406	5.385275	-0.102850	8.714498	0.003023	0.000025	0.003083	0.783891	0.333483	0.523740	-0.383641	0.923380	-0.013744	-0.488194	-0.190154	0.851768
46407	5.385022	-0.076010	8.762164	0.001563	0.003063	0.001468	0.783923	0.333460	0.523707	-0.383593	0.923400	-0.013766	-0.488182	-0.190099	0.851787
46408	5.359240	-0.125176	8.739760	0.001508	0.001612	0.004556	0.783910	0.333500	0.523701	-0.383612	0.923391	-0.013813	-0.488188	-0.190070	0.851790
46409	5.383850	-0.100372	8.763558	0.003063	0.001513	0.001521	0.783930	0.333488	0.523679	-0.383597	0.923398	-0.013803	-0.488167	-0.190061	0.851804
46410	5.384311	-0.101554	8.739184	0.002953	-0.001388	0.007697	0.783890	0.333551	0.523698	-0.383647	0.923376	-0.013854	-0.488191	-0.190055	0.851791
46411	5.409029	-0.103778	8.715404	-0.001478	0.004676	0.002924	0.783870	0.333601	0.523697	-0.383702	0.923353	-0.013862	-0.488181	-0.190078	0.851792
46412	5.383059	-0.126173	8.740623	0.004575	0.001525	0.003062	0.783862	0.333627	0.523692	-0.383724	0.923344	-0.013874	-0.488176	-0.190078	0.851795
46413	5.382854	-0.126002	8.740752	0.003074	0.003075	0.003009	0.783882	0.333602	0.523678	-0.383657	0.923371	-0.013933	-0.488197	-0.189991	0.851802
46414	5.383005	-0.100393	8.764077	0.001522	0.001575	0.003030	0.783875	0.333628	0.523673	-0.383664	0.923367	-0.013971	-0.488203	-0.189962	0.851805
46415	5.407668	-0.102295	8.740338	0.004600	0.003050	0.003025	0.783887	0.333636	0.523649	-0.383676	0.923362	-0.013955	-0.488174	-0.189973	0.851820
46416	5.383607	-0.102653	8.715531	-0.000030	0.000075	0.003051	0.783872	0.333659	0.523657	-0.383676	0.923362	-0.014007	-0.488198	-0.189935	0.851814
46417	5.359904	-0.077594	8.713917	0.000037	0.003088	0.001452	0.783977	0.333582	0.523548	-0.383545	0.923416	-0.014030	-0.488133	-0.189805	0.851881
46418	5.382991	-0.101548	8.739997	0.001474	-0.003076	0.000090	0.783959	0.333572	0.523582	-0.383528	0.923422	-0.014053	-0.488175	-0.189791	0.851859
46419	5.382625	-0.125934	8.740894	-0.001656	-0.007601	0.000169	0.783981	0.333463	0.523618	-0.383355	0.923493	-0.014146	-0.488275	-0.189641	0.851836
46420	5.383359	-0.125982	8.740441	-0.000141	-0.009189	-0.001303	0.783938	0.333428	0.523705	-0.383320	0.923507	-0.014177	-0.488372	-0.189633	0.851782
46421	5.409256	-0.102580	8.739352	-0.006179	-0.006075	-0.002967	0.783897	0.333389	0.523791	-0.383273	0.923526	-0.014218	-0.488475	-0.189610	0.851728
46422	5.410757	-0.078370	8.737753	-0.000141	-0.009189	-0.001304	0.783854	0.333354	0.523878	-0.383237	0.923540	-0.014248	-0.488571	-0.189601	0.851674
46423	5.409698	-0.127023	8.739747	0.001448	-0.004601	0.000127	0.783857	0.333307	0.523904	-0.383187	0.923561	-0.014249	-0.488607	-0.189584	0.851658
46424	5.410863	-0.102506	8.738358	0.002986	-0.003064	0.001631	0.783832	0.333311	0.523938	-0.383190	0.923559	-0.014268	-0.488644	-0.189584	0.851637
46425	5.411833	-0.077808	8.737092	0.004593	-0.000113	-0.001478	0.783819	0.333278	0.523979	-0.383173	0.923567	-0.014250	-0.488679	-0.189605	0.851612
46426	5.385844	-0.125364	8.738919	0.006035	-0.001514	0.004677	0.783790	0.333313	0.523999	-0.383214	0.923549	-0.014259	-0.488692	-0.189628	0.851599
46427	5.385377	-0.123773	8.763307	0.007627	0.001474	0.003093	0.783792	0.333317	0.523995	-0.383242	0.923539	-0.014216	-0.488668	-0.189674	0.851603
46428	5.409581	-0.123886	8.763939	0.009223	0.002861	-0.001505	0.783808	0.333303	0.523979	-0.383250	0.923536	-0.014165	-0.488635	-0.189712	0.851614
46429	5.386224	-0.099168	8.738033	0.010676	0.003025	0.006138	0.783796	0.333343	0.523972	-0.383323	0.923506	-0.014118	-0.488598	-0.189785	0.851618
46430	5.386492	-0.099719	8.713782	0.009168	0.001411	0.001583	0.783793	0.333355	0.523968	-0.383356	0.923493	-0.014084	-0.488576	-0.189827	0.851622
46431	5.386599	-0.073526	8.737134	0.007679	0.004525	0.003018	0.783777	0.333329	0.524008	-0.383287	0.923520	-0.014169	-0.488655	-0.189741	0.851595
46432	5.409328	-0.123716	8.715950	0.009232	0.006025	0.002997	0.783792	0.333363	0.523965	-0.383331	0.923503	-0.014142	-0.488597	-0.189768	0.851623
46433	5.384840	-0.096544	8.738915	0.012258	0.004449	0.003066	0.783886	0.333277	0.523879	-0.383215	0.923551	-0.014128	-0.488537	-0.189683	0.851676
46434	5.408712	-0.096404	8.739759	0.012325	0.007461	0.001465	0.783914	0.333299	0.523823	-0.383261	0.923533	-0.014067	-0.488456	-0.189734	0.851711
46435	5.382280	-0.117954	8.765289	0.009269	0.009114	0.004447	0.783930	0.333351	0.523766	-0.383350	0.923497	-0.013993	-0.488361	-0.189816	0.851747
46436	5.407323	-0.094971	8.740635	0.009246	0.005987	0.001471	0.783950	0.333371	0.523723	-0.383382	0.923484	-0.013958	-0.488303	-0.189843	0.851774
46437	5.382811	-0.094539	8.716115	0.013821	0.007512	0.004533	0.784018	0.333364	0.523626	-0.383405	0.923476	-0.013859	-0.488176	-0.189895	0.851835
46438	5.380963	-0.116919	8.742042	0.009190	0.004538	0.004560	0.784020	0.333409	0.523595	-0.383461	0.923454	-0.013841	-0.488130	-0.189927	0.851855
46439	5.405368	-0.118409	8.718480	0.009217	0.006063	0.004522	0.784020	0.333454	0.523565	-0.383541	0.923421	-0.013780	-0.488066	-0.190005	0.851874
46440	5.380439	-0.117032	8.718297	0.009217	0.006063	0.004522	0.784030	0.333501	0.523521	-0.383596	0.923399	-0.013761	-0.488008	-0.190032	0.851902
46441	5.379908	-0.116430	8.718633	0.009232	0.006025	0.002997	0.784025	0.333546	0.523499	-0.383691	0.923360	-0.013676	-0.487940	-0.190139	0.851916
46442	5.405111	-0.066831	8.741343	0.004601	0.003051	0.003024	0.784026	0.333574	0.523481	-0.383712	0.923351	-0.013689	-0.487923	-0.190134	0.851927
46443	5.402233	-0.139780	8.745225	0.004597	0.004654	0.006037	0.783930	0.333684	0.523554	-0.383849	0.923294	-0.013709	-0.487969	-0.190218	0.851882
46444	5.379607	-0.091304	8.718127	0.004627	0.004576	0.002986	0.783938	0.333714	0.523523	-0.383870	0.923285	-0.013721	-0.487940	-0.190208	0.851901
46445	5.403309	-0.117258	8.695712	0.009194	0.002935	0.001548	0.783888	0.333751	0.523574	-0.383948	0.923253	-0.013684	-0.487959	-0.190299	0.851870
46446	5.378462	-0.089097	8.742921	0.004627	0.004576	0.002985	0.783895	0.333781	0.523544	-0.383969	0.923244	-0.013695	-0.487930	-0.190289	0.851889
46447	5.377278	-0.113157	8.744359	0.006127	0.003025	0.003040	0.783917	0.333799	0.523500	-0.384017	0.923225	-0.013628	-0.487857	-0.190349	0.851917
46448	5.402320	-0.089153	8.743788	0.009137	0.001488	0.004638	0.783903	0.333839	0.523495	-0.384073	0.923202	-0.013610	-0.487835	-0.190391	0.851920
46449	5.355221	-0.065285	8.692829	0.004559	0.001565	0.004588	0.783934	0.333864	0.523433	-0.384137	0.923177	-0.013521	-0.487735	-0.190470	0.851960
46450	5.401618	-0.113963	8.720863	0.010705	0.002948	0.003090	0.783934	0.333892	0.523415	-0.384189	0.923156	-0.013481	-0.487696	-0.190522	0.851971
46451	5.376887	-0.112715	8.720545	0.004597	0.004655	0.006036	0.783930	0.333912	0.523409	-0.384183	0.923158	-0.013528	-0.487706	-0.190480	0.851974
46452	5.400592	-0.111943	8.745582	0.006120	-0.000143	-0.001459	0.783932	0.333892	0.523419	-0.384177	0.923161	-0.013503	-0.487708	-0.190500	0.851969
46453	5.375580	-0.109341	8.769511	0.007638	0.003039	0.004582	0.783942	0.333883	0.523409	-0.384150	0.923172	-0.013527	-0.487713	-0.190463	0.851974
46454	5.399705	-0.109705	8.770216	0.007653	0.003000	0.003057	0.783942	0.333911	0.523391	-0.384186	0.923157	-0.013513	-0.487684	-0.190486	0.851985
46455	5.376029	-0.110915	8.721097	0.006142	0.002986	0.001515	0.783954	0.333874	0.523396	-0.384124	0.923182	-0.013548	-0.487713	-0.190428	0.851982
46456	5.376984	-0.060572	8.743154	0.004601	0.003052	0.003023	0.783955	0.333902	0.523378	-0.384145	0.923173	-0.013560	-0.487697	-0.190422	0.851993
46457	5.374346	-0.133399	8.746932	0.004536	-0.001564	0.001615	0.783979	0.333869	0.523363	-0.384134	0.923179	-0.013504	-0.487666	-0.190455	0.852003
46458	5.375408	-0.108682	8.745566	0.004525	-0.003128	0.000128	0.783960	0.333858	0.523398	-0.384132	0.923180	-0.013501	-0.487698	-0.190470	0.851981
46459	5.377028	-0.085348	8.719778	-0.000038	-0.003090	-0.001448	0.783950	0.333813	0.523442	-0.384087	0.923198	-0.013506	-0.487749	-0.190459	0.851954
46460	5.353402	-0.058948	8.742126	-0.003144	-0.006089	-0.001403	0.783923	0.333782	0.523502	-0.384036	0.923219	-0.013561	-0.487833	-0.190413	0.851916
46461	5.376968	-0.109989	8.720530	-0.001595	-0.002985	0.001587	0.783915	0.333744	0.523539	-0.383974	0.923244	-0.013608	-0.487895	-0.190358	0.851893
46462	5.400835	-0.135306	8.722103	-0.000080	-0.004576	0.000117	0.783889	0.333730	0.523586	-0.383949	0.923253	-0.013645	-0.487956	-0.190335	0.851864
46463	5.377564	-0.110051	8.720162	0.001499	-0.001551	0.000056	0.783884	0.333690	0.523619	-0.383895	0.923276	-0.013672	-0.488007	-0.190297	0.851843
46464	5.402225	-0.110734	8.720529	0.002957	-0.004588	0.001676	0.783852	0.333690	0.523667	-0.383897	0.923274	-0.013691	-0.488057	-0.190302	0.851813
46465	5.377551	-0.108248	8.744253	0.006119	-0.000143	-0.001459	0.783781	0.333707	0.523763	-0.383964	0.923247	-0.013651	-0.488118	-0.190406	0.851755
46466	5.376991	-0.105538	8.792757	-0.004709	-0.009153	-0.002866	0.783744	0.333656	0.523850	-0.383893	0.923276	-0.013712	-0.488233	-0.190356	0.851700
46467	5.379375	-0.109704	8.719049	-0.006303	-0.012138	-0.001279	0.783719	0.333587	0.523931	-0.383826	0.923304	-0.013725	-0.488326	-0.190342	0.851650
46468	5.381738	-0.060131	8.740231	-0.007811	-0.013755	-0.005833	0.783671	0.333501	0.524058	-0.383716	0.923348	-0.013796	-0.488488	-0.190278	0.851571
46469	5.429579	-0.136377	8.719923	-0.001725	-0.012215	-0.001231	0.783611	0.333463	0.524172	-0.383721	0.923347	-0.013764	-0.488582	-0.190350	0.851501
46470	5.383091	-0.084900	8.740113	-0.004762	-0.012203	-0.002788	0.783559	0.333408	0.524285	-0.383650	0.923375	-0.013825	-0.488721	-0.190309	0.851431
46471	5.408448	-0.112453	8.692580	0.005986	-0.007769	-0.001267	0.783575	0.333292	0.524334	-0.383534	0.923424	-0.013811	-0.488786	-0.190278	0.851401
46472	5.408594	-0.110492	8.716584	0.007553	-0.006309	-0.002815	0.783552	0.333247	0.524397	-0.383523	0.923429	-0.013767	-0.488831	-0.190331	0.851363
46473	5.384464	-0.081970	8.763372	0.009130	-0.001680	0.000135	0.783461	0.333284	0.524509	-0.383637	0.923382	-0.013697	-0.488887	-0.190490	0.851295
46474	5.432508	-0.133967	8.718136	0.009227	0.001252	-0.004520	0.783482	0.333239	0.524508	-0.383621	0.923390	-0.013630	-0.488867	-0.190534	0.851297
46475	5.385367	-0.082786	8.714655	0.009113	-0.000036	0.004672	0.783403	0.333284	0.524597	-0.383705	0.923355	-0.013618	-0.488928	-0.190622	0.851242
46476	5.385005	-0.107236	8.691532	0.018357	-0.000429	-0.004385	0.783414	0.333236	0.524610	-0.383735	0.923345	-0.013474	-0.488886	-0.190756	0.851236
46477	5.433282	-0.106291	8.716975	0.012191	0.001438	0.004665	0.783378	0.333243	0.524660	-0.383755	0.923337	-0.013475	-0.488928	-0.190784	0.851205
46478	5.384685	-0.078031	8.739195	0.013773	0.002858	0.001591	0.783383	0.333256	0.524644	-0.383809	0.923315	-0.013402	-0.488878	-0.190865	0.851216
46479	5.382867	-0.125542	8.741808	0.015261	-0.000258	0.000160	0.783363	0.333221	0.524696	-0.383828	0.923309	-0.013322	-0.488896	-0.190958	0.851185
46480	5.408874	-0.103309	8.692429	0.013815	0.004343	0.000025	0.783380	0.333223	0.524669	-0.383870	0.923292	-0.013239	-0.488834	-0.191033	0.851204
46481	5.408877	-0.076430	8.715782	0.015326	0.004358	0.001567	0.783443	0.333248	0.524559	-0.384002	0.923240	-0.013009	-0.488629	-0.191240	0.851275
46482	5.406993	-0.123809	8.718457	0.016787	-0.000284	0.000177	0.783438	0.333243	0.524570	-0.384060	0.923218	-0.012902	-0.488592	-0.191359	0.851269
46483	5.384129	-0.072791	8.715509	0.016867	0.004291	0.000057	0.783428	0.333239	0.524587	-0.384124	0.923193	-0.012791	-0.488558	-0.191486	0.851260
46484	5.406329	-0.146557	8.695584	0.016761	-0.001809	0.000218	0.783415	0.333231	0.524612	-0.384182	0.923170	-0.012685	-0.488533	-0.191609	0.851247
46485	5.406606	-0.119323	8.718760	0.018408	0.004225	-0.001453	0.783491	0.333111	0.524575	-0.384072	0.923217	-0.012614	-0.488498	-0.191592	0.851271
46486	5.404437	-0.139492	8.769053	0.016867	0.004291	0.000057	0.783509	0.333112	0.524548	-0.384129	0.923195	-0.012505	-0.488425	-0.191696	0.851289
46487	5.381127	-0.114078	8.743036	0.018340	0.001215	0.000154	0.783518	0.333031	0.524585	-0.384073	0.923219	-0.012452	-0.488454	-0.191722	0.851267
46488	5.431005	-0.090953	8.718567	0.021446	0.004214	0.000105	0.783535	0.333033	0.524558	-0.384153	0.923187	-0.012306	-0.488364	-0.191869	0.851286
46489	5.406174	-0.088302	8.718337	0.021458	0.005781	0.001590	0.783567	0.333049	0.524501	-0.384280	0.923137	-0.012089	-0.488212	-0.192083	0.851324
46490	5.431095	-0.037328	8.741061	0.018515	0.010325	-0.001616	0.783621	0.333047	0.524422	-0.384332	0.923117	-0.011958	-0.488086	-0.192182	0.851375
46491	5.379964	-0.082682	8.743048	0.019920	0.004240	0.000090	0.783597	0.333086	0.524432	-0.384493	0.923053	-0.011763	-0.487997	-0.192423	0.851371
46492	5.403855	-0.081766	8.743901	0.019973	0.007290	0.000007	0.783630	0.333093	0.524379	-0.384564	0.923025	-0.011628	-0.487888	-0.192546	0.851405
46493	5.403629	-0.081289	8.719983	0.024533	0.008864	0.004592	0.783670	0.333113	0.524306	-0.384660	0.922987	-0.011468	-0.487748	-0.192693	0.851452
46494	5.352290	-0.126426	8.722126	0.024575	0.010347	0.003025	0.783706	0.333153	0.524227	-0.384777	0.922940	-0.011309	-0.487598	-0.192848	0.851503
46495	5.375983	-0.125105	8.723121	0.027562	0.005678	0.001658	0.783711	0.333145	0.524225	-0.384870	0.922903	-0.011128	-0.487517	-0.193037	0.851507
46496	5.402013	-0.076164	8.696974	0.030626	0.007194	0.003175	0.783730	0.333181	0.524173	-0.385019	0.922844	-0.010919	-0.487368	-0.193259	0.851542
46497	5.402415	0.003330	8.766479	0.026075	0.008796	0.003083	0.783658	0.333260	0.524231	-0.385204	0.922769	-0.010785	-0.487338	-0.193484	0.851508
46498	5.399317	-0.095367	8.723571	0.013781	0.006039	0.006084	0.783661	0.333321	0.524188	-0.385293	0.922732	-0.010734	-0.487263	-0.193554	0.851535
46499	5.400736	-0.019821	8.744279	0.021420	0.009089	0.010659	0.783681	0.333376	0.524122	-0.385392	0.922691	-0.010644	-0.487152	-0.193651	0.851577
46500	5.397915	-0.066157	8.771755	0.013724	0.004601	0.009177	0.783665	0.333463	0.524092	-0.385505	0.922645	-0.010610	-0.487089	-0.193725	0.851596
46501	5.348589	-0.036708	8.818293	0.012197	0.004627	0.009160	0.783654	0.333520	0.524071	-0.385582	0.922613	-0.010585	-0.487045	-0.193778	0.851608
46502	5.424779	0.032358	8.791499	-0.001705	-0.002677	0.012272	0.783590	0.333621	0.524103	-0.385644	0.922586	-0.010699	-0.487099	-0.193733	0.851588
46503	5.373571	-0.065989	8.771176	-0.009487	-0.010127	0.013927	0.783446	0.333737	0.524244	-0.385729	0.922548	-0.010855	-0.487264	-0.193712	0.851499
46504	5.376845	0.006687	8.790731	-0.014174	-0.016149	0.014047	0.783310	0.333828	0.524390	-0.385744	0.922539	-0.011084	-0.487471	-0.193598	0.851406
46505	5.376242	-0.070355	8.769505	-0.026454	-0.018944	0.015523	0.783184	0.333859	0.524558	-0.385639	0.922579	-0.011409	-0.487755	-0.193355	0.851298
46506	5.401554	-0.125833	8.722926	-0.026481	-0.020469	0.015566	0.783021	0.333956	0.524740	-0.385606	0.922589	-0.011751	-0.488044	-0.193142	0.851181
46507	5.351257	-0.172237	8.796590	-0.032588	-0.018751	0.018509	0.782864	0.334042	0.524919	-0.385527	0.922616	-0.012148	-0.488356	-0.192861	0.851066
46508	5.352751	-0.174422	8.819695	-0.028103	-0.026585	0.014192	0.782676	0.334114	0.525153	-0.385475	0.922634	-0.012496	-0.488699	-0.192653	0.850916
46509	5.356554	-0.154647	8.792438	-0.025150	-0.029562	0.018884	0.782422	0.334249	0.525446	-0.385539	0.922603	-0.012799	-0.489056	-0.192566	0.850730
46510	5.359700	-0.132284	8.813773	-0.029755	-0.032615	0.015869	0.782198	0.334325	0.525732	-0.385491	0.922618	-0.013170	-0.489452	-0.192363	0.850549
46511	5.241533	-0.051389	8.951223	-0.054566	-0.053531	0.016199	0.781889	0.334332	0.526185	-0.385308	0.922686	-0.013713	-0.490089	-0.192021	0.850259
46512	5.373179	-0.020246	8.825734	-0.076283	-0.074624	0.011985	0.781474	0.334292	0.526828	-0.385001	0.922803	-0.014460	-0.490992	-0.191529	0.849849
46513	5.376781	-0.153042	8.778924	-0.097971	-0.090974	0.013752	0.780955	0.334250	0.527624	-0.384645	0.922937	-0.015353	-0.492095	-0.190958	0.849340
46514	4.538703	0.905561	10.562365	-0.330001	-0.133419	-0.078735	0.780595	0.333262	0.528779	-0.382377	0.923836	-0.017773	-0.494428	-0.188319	0.848573
46515	5.322079	-1.803043	8.621524	-0.079538	-0.198095	-0.043086	0.779680	0.332554	0.530571	-0.381730	0.924094	-0.018252	-0.496368	-0.188304	0.847444
46516	5.051791	0.958956	8.664653	-0.317421	-0.355648	-0.040916	0.778060	0.331502	0.533600	-0.379803	0.924835	-0.020756	-0.500372	-0.186514	0.845482
46517	5.016905	-0.110210	9.208172	-0.192476	-0.366721	-0.029317	0.776375	0.330511	0.536661	-0.378574	0.925305	-0.022188	-0.503908	-0.185939	0.843506
46518	5.304088	-0.023279	9.085267	-0.331650	-0.472785	-0.033559	0.774104	0.329317	0.540660	-0.376608	0.926040	-0.024835	-0.508852	-0.184392	0.840874
46519	4.877798	0.469458	9.430399	-0.301737	-0.511774	-0.049509	0.771717	0.327857	0.544942	-0.374595	0.926792	-0.027111	-0.513937	-0.183210	0.838035
46520	5.607282	0.248016	9.529503	-0.435607	-0.578250	-0.051065	0.768915	0.326323	0.549803	-0.371922	0.927762	-0.030509	-0.520043	-0.181025	0.834737
46521	5.573824	0.457351	9.638339	-0.491674	-0.566076	-0.015859	0.766022	0.325113	0.554537	-0.369175	0.928719	-0.034520	-0.526232	-0.178278	0.831443
46522	5.319866	-0.027097	9.478180	-0.600522	-0.591995	-0.029894	0.762992	0.323784	0.559470	-0.365738	0.929885	-0.039369	-0.532990	-0.174581	0.827915
46523	5.552974	-0.086334	9.710668	-0.693872	-0.587861	-0.064006	0.760141	0.322115	0.564294	-0.361467	0.931313	-0.044700	-0.539932	-0.169996	0.824363
46524	5.297012	-0.560888	9.446865	-0.770685	-0.580978	-0.111797	0.757380	0.320094	0.569135	-0.356402	0.932970	-0.050438	-0.547131	-0.164640	0.820695
46525	5.562353	-0.708692	9.208868	-0.809274	-0.568419	-0.150823	0.754764	0.317722	0.573920	-0.350723	0.934788	-0.056260	-0.554369	-0.158824	0.816976
46526	5.813680	-0.415513	8.993540	-0.889387	-0.562800	-0.193463	0.752291	0.315028	0.578632	-0.344273	0.936792	-0.062427	-0.561724	-0.152244	0.813196
46527	5.860479	-0.411538	8.886360	-0.955039	-0.493194	-0.234357	0.750315	0.312029	0.582808	-0.337005	0.938982	-0.068856	-0.568731	-0.144746	0.809687
46528	5.306510	-0.416625	8.642330	-1.013313	-0.438907	-0.268980	0.748695	0.308876	0.586559	-0.329162	0.941250	-0.075503	-0.575419	-0.136544	0.806380
46529	4.912831	-0.487240	8.811765	-1.030297	-0.354419	-0.305423	0.747697	0.305450	0.589617	-0.320807	0.943588	-0.082007	-0.581405	-0.127837	0.803509
46530	4.079903	-0.413581	9.093716	-1.025584	-0.233473	-0.333708	0.747386	0.302003	0.591785	-0.312293	0.945873	-0.088297	-0.586419	-0.118819	0.801246
46531	3.291515	-0.281046	9.485417	-0.982567	-0.094518	-0.352956	0.747936	0.298487	0.592872	-0.303766	0.948087	-0.094110	-0.590185	-0.109706	0.799779
46532	2.498298	-0.069279	10.038975	-0.942728	0.067527	-0.370797	0.749441	0.295032	0.592700	-0.295384	0.950185	-0.099481	-0.592525	-0.100519	0.799256
46533	1.855556	-0.238234	10.612606	-0.893618	0.264500	-0.377820	0.752175	0.291603	0.590932	-0.287095	0.952192	-0.104439	-0.593135	-0.091097	0.799932
46534	3.076648	-1.252604	11.206768	-0.800371	0.452560	-0.428326	0.756064	0.287906	0.587773	-0.279091	0.954132	-0.108356	-0.592009	-0.082118	0.801737
46535	3.023680	-1.262582	11.491483	-0.505466	0.829843	-0.457017	0.762205	0.284188	0.581619	-0.272642	0.955836	-0.109742	-0.587120	-0.074928	0.806025
46536	2.239970	-0.905865	11.185840	-0.346306	1.117252	-0.450899	0.769934	0.280669	0.573085	-0.267137	0.957363	-0.109973	-0.579517	-0.068420	0.812083
46537	1.673284	-0.312340	10.814016	-0.295372	1.281269	-0.425905	0.778486	0.277400	0.563036	-0.262108	0.958754	-0.109959	-0.570316	-0.061975	0.819084
46538	1.794596	-0.300522	10.490130	-0.318997	1.358460	-0.385378	0.787163	0.274491	0.552295	-0.257257	0.960008	-0.110467	-0.560530	-0.055126	0.826297
46539	2.486344	-0.589694	10.386205	-0.323026	1.421209	-0.327385	0.795944	0.272077	0.540784	-0.252859	0.961072	-0.111364	-0.550033	-0.048103	0.833757
46540	3.025261	-0.728361	10.292798	-0.278896	1.495233	-0.268651	0.804754	0.270156	0.528571	-0.249162	0.961929	-0.112297	-0.538786	-0.041328	0.841429
46541	3.464226	-0.694146	10.013315	-0.228984	1.552815	-0.213369	0.813538	0.268752	0.515683	-0.246311	0.962572	-0.113073	-0.526771	-0.035029	0.849285
46542	3.568484	-0.578424	9.622985	-0.192666	1.585194	-0.174524	0.822213	0.267572	0.502366	-0.243853	0.963105	-0.113863	-0.514298	-0.028884	0.857125
46543	3.372891	-0.458543	9.123320	-0.175292	1.578893	-0.159354	0.830648	0.266420	0.488922	-0.241597	0.963584	-0.114612	-0.501653	-0.022920	0.864766
46544	3.266497	-0.088562	8.850209	-0.184525	1.556551	-0.165712	0.838753	0.265127	0.475606	-0.239273	0.964064	-0.115451	-0.489124	-0.016965	0.872049
46545	3.420177	0.169906	8.561999	-0.252951	1.549350	-0.189079	0.846647	0.263543	0.462314	-0.236500	0.964591	-0.116758	-0.476715	-0.010484	0.878995
46546	2.398968	-2.137557	9.509156	-0.411765	1.413988	-0.307362	0.854025	0.260665	0.450217	-0.231921	0.965425	-0.119024	-0.465676	-0.002765	0.884951
46547	8.414453	0.929515	-1.890142	1.381892	0.000657	-1.385031	0.857214	0.247315	0.451685	-0.226543	0.968800	-0.100519	-0.462452	-0.016160	0.886497
46548	11.356154	5.332316	-2.354540	-0.834661	-0.965210	-2.098382	0.857221	0.226798	0.462314	-0.204627	0.973887	-0.098342	-0.472546	-0.010301	0.881246
46549	23.431578	4.005689	-2.089019	-0.174334	-0.887714	-2.660993	0.858118	0.200770	0.472572	-0.181097	0.979581	-0.087326	-0.480455	-0.010645	0.876955
46550	17.860617	-1.568150	3.328767	-0.773076	-0.784822	-2.605965	0.858690	0.175111	0.481651	-0.154954	0.984538	-0.081690	-0.488509	-0.004487	0.872547
46551	13.017678	-10.951876	9.818640	-0.292045	-0.572559	-1.663718	0.858266	0.158674	0.488059	-0.139321	0.987327	-0.075992	-0.493932	-0.002776	0.869496
46552	4.490154	-12.568869	8.863695	0.646911	-0.527092	-0.539944	0.856396	0.153301	0.493036	-0.137873	0.988129	-0.067760	-0.497571	-0.009947	0.867366
46553	3.234804	-2.115814	9.222213	0.758761	-0.986819	-0.187993	0.851607	0.151384	0.501844	-0.140253	0.988289	-0.060118	-0.505068	-0.019188	0.862866
46554	9.146279	9.976302	11.251435	0.543221	-0.925555	-0.232587	0.847221	0.148870	0.509955	-0.141014	0.988517	-0.054300	-0.512183	-0.025907	0.858485
46555	7.184991	2.255088	9.681704	-0.281245	-0.580111	-0.056812	0.844277	0.148234	0.514997	-0.139236	0.988657	-0.056309	-0.517503	-0.024166	0.855340
46556	7.051292	-4.694533	8.845263	-0.129494	-0.682509	-0.041345	0.840776	0.147655	0.520858	-0.138186	0.988751	-0.057233	-0.523450	-0.023856	0.851723
46557	7.108004	-2.072204	8.057243	0.426989	-0.019243	-0.039498	0.840649	0.147241	0.521180	-0.140165	0.988696	-0.053238	-0.523127	-0.028297	0.851785
46558	5.727554	0.489701	8.924151	0.084217	-0.423020	-0.101036	0.838564	0.146112	0.524844	-0.139731	0.988822	-0.052025	-0.526579	-0.029711	0.849607
46559	5.403734	-0.842043	8.719805	0.317586	-0.126299	-0.059038	0.837917	0.145626	0.526012	-0.141166	0.988779	-0.048869	-0.527226	-0.033307	0.849072
46560	6.028390	-0.775449	8.754181	0.104618	-0.204153	-0.066552	0.836927	0.144892	0.527788	-0.141134	0.988842	-0.047663	-0.528805	-0.034598	0.848038
46561	6.961759	1.429683	9.228200	0.244188	-0.061243	-0.009247	0.836599	0.144712	0.528356	-0.142294	0.988778	-0.045508	-0.529012	-0.037110	0.847803
46562	5.093213	0.385414	8.853097	0.128321	0.001087	0.027823	0.836559	0.144981	0.528346	-0.143178	0.988691	-0.044599	-0.528837	-0.038338	0.847857
46563	5.440299	0.072622	8.897373	0.108229	-0.017963	0.038799	0.836329	0.145202	0.528649	-0.143986	0.988612	-0.043751	-0.528982	-0.039528	0.847712
46564	5.359656	0.135793	8.924333	0.059801	-0.064899	0.041812	0.835918	0.145583	0.529194	-0.144625	0.988530	-0.043497	-0.529456	-0.040174	0.847385
46565	5.410998	-0.115147	8.795500	0.051354	-0.095167	0.050839	0.835306	0.145956	0.530056	-0.145258	0.988447	-0.043268	-0.530248	-0.040853	0.846858
46566	5.511484	-0.361847	8.691581	0.053696	-0.105843	0.053369	0.834660	0.146433	0.530942	-0.145961	0.988350	-0.043128	-0.531072	-0.041499	0.846310
46567	5.524412	-0.381473	8.659365	0.054744	-0.099566	0.052169	0.834051	0.146824	0.531791	-0.146598	0.988264	-0.042932	-0.531853	-0.042152	0.845787
46568	5.516161	-0.428741	8.624485	0.056826	-0.087175	0.052829	0.833503	0.147302	0.532518	-0.147313	0.988165	-0.042763	-0.532515	-0.042803	0.845338
46569	5.567475	-0.392662	8.599968	0.054035	-0.070181	0.046007	0.833031	0.147704	0.533144	-0.147997	0.988074	-0.042496	-0.533062	-0.043503	0.844957
46570	5.540571	-0.351529	8.649303	0.048648	-0.059740	0.043418	0.832642	0.148099	0.533643	-0.148590	0.987992	-0.042348	-0.533506	-0.044033	0.844649
46571	5.521414	-0.351712	8.621394	0.034195	-0.051915	0.048267	0.832283	0.148601	0.534062	-0.149245	0.987895	-0.042294	-0.533882	-0.044505	0.844387
46572	5.501113	-0.357479	8.642405	0.035389	-0.047004	0.043929	0.831960	0.149006	0.534453	-0.149772	0.987817	-0.042261	-0.534239	-0.044887	0.844141
46573	5.532223	-0.376964	8.638615	0.038785	-0.031381	0.043221	0.831714	0.149381	0.534731	-0.150318	0.987740	-0.042130	-0.534469	-0.045340	0.843971
46574	5.555157	-0.345828	8.615959	0.036807	-0.025263	0.040445	0.831511	0.149761	0.534940	-0.150823	0.987665	-0.042066	-0.534642	-0.045703	0.843842
46575	5.507402	-0.361938	8.710876	0.043592	-0.014124	0.042602	0.831371	0.150144	0.535050	-0.151377	0.987587	-0.041922	-0.534703	-0.046141	0.843780
46576	5.514439	-0.229480	8.650187	0.041482	-0.006641	0.042956	0.831264	0.150558	0.535101	-0.151928	0.987506	-0.041833	-0.534713	-0.046522	0.843752
46577	5.494332	-0.258756	8.671122	0.033973	-0.008815	0.044309	0.831147	0.150949	0.535173	-0.152433	0.987430	-0.041776	-0.534752	-0.046856	0.843709
46578	5.481971	-0.334056	8.662964	0.032441	-0.009006	0.045817	0.831022	0.151389	0.535242	-0.152960	0.987349	-0.041778	-0.534795	-0.047152	0.843665
46579	5.514239	-0.375698	8.634263	0.033723	-0.005929	0.047512	0.830908	0.151740	0.535319	-0.153422	0.987280	-0.041713	-0.534840	-0.047470	0.843619
46580	5.565884	-0.394623	8.657479	0.026984	0.003190	0.038708	0.830859	0.152115	0.535289	-0.153860	0.987211	-0.041723	-0.534790	-0.047693	0.843638
46581	5.520362	-0.427619	8.678630	0.037317	0.008700	0.036009	0.830849	0.152375	0.535231	-0.154249	0.987156	-0.041590	-0.534694	-0.048004	0.843681
46582	5.519613	-0.424171	8.655034	0.029495	0.011398	0.031473	0.830855	0.152683	0.535134	-0.154640	0.987097	-0.041540	-0.534572	-0.048240	0.843745
46583	5.497194	-0.455465	8.701607	0.033638	0.018121	0.025712	0.830905	0.152863	0.535005	-0.154952	0.987055	-0.041372	-0.534404	-0.048524	0.843835
46584	5.495971	-0.451257	8.678353	0.035548	0.014051	0.017870	0.830945	0.153038	0.534892	-0.155262	0.987014	-0.041198	-0.534251	-0.048815	0.843916
46585	5.494662	-0.448853	8.679307	0.038629	0.014577	0.011795	0.831004	0.153076	0.534790	-0.155472	0.986992	-0.040927	-0.534099	-0.049134	0.843993
46586	5.474870	-0.325460	8.691987	0.047461	0.020115	0.006018	0.831095	0.153137	0.534631	-0.155747	0.986963	-0.040589	-0.533877	-0.049534	0.844110
46587	5.501447	-0.339806	8.667113	0.046386	0.013848	0.007237	0.831151	0.153131	0.534546	-0.155972	0.986943	-0.040213	-0.533724	-0.049951	0.844182
46588	5.544656	-0.304906	8.671718	0.044546	0.018517	0.002846	0.831239	0.153160	0.534401	-0.156204	0.986919	-0.039882	-0.533519	-0.050324	0.844290
46589	5.494575	-0.308429	8.671716	0.041183	0.023072	-0.001565	0.831363	0.153057	0.534238	-0.156305	0.986918	-0.039512	-0.533296	-0.050655	0.844410
46590	5.524008	-0.349085	8.669243	0.042725	0.023332	-0.004603	0.831487	0.153015	0.534055	-0.156466	0.986907	-0.039156	-0.533055	-0.051003	0.844542
46591	5.470105	-0.327753	8.671630	0.053520	0.022749	-0.007589	0.831618	0.152900	0.533885	-0.156631	0.986900	-0.038660	-0.532802	-0.051473	0.844673
46592	5.471658	-0.346441	8.670921	0.059393	0.026315	-0.008896	0.831765	0.152817	0.533679	-0.156845	0.986887	-0.038141	-0.532509	-0.051981	0.844827
46593	5.462224	-0.292633	8.676924	0.059641	0.023419	-0.012094	0.831907	0.152615	0.533516	-0.156959	0.986891	-0.037560	-0.532254	-0.052493	0.844956
46594	5.439410	-0.316488	8.699834	0.064220	0.023831	-0.013562	0.832049	0.152484	0.533333	-0.157159	0.986881	-0.036975	-0.531974	-0.053053	0.845097
46595	5.461781	-0.304374	8.677727	0.064083	0.025209	-0.010438	0.832199	0.152391	0.533125	-0.157397	0.986865	-0.036396	-0.531668	-0.053624	0.845253
46596	5.390823	-0.333008	8.675163	0.062496	0.026970	-0.018035	0.832364	0.152218	0.532916	-0.157550	0.986862	-0.035801	-0.531364	-0.054161	0.845410
46597	5.389461	-0.324226	8.652161	0.069581	0.013463	-0.012450	0.832454	0.152014	0.532834	-0.157719	0.986859	-0.035137	-0.531173	-0.054789	0.845490
46598	5.375152	-0.395456	8.670171	0.068539	0.007408	-0.015799	0.832512	0.151853	0.532790	-0.157923	0.986848	-0.034503	-0.531022	-0.055416	0.845544
46599	5.398344	-0.387031	8.695840	0.073107	0.007750	-0.015738	0.832578	0.151594	0.532761	-0.158063	0.986851	-0.033788	-0.530877	-0.056078	0.845591
46600	5.414933	-0.327598	8.701161	0.081561	-0.002114	-0.020685	0.832592	0.151379	0.532799	-0.158294	0.986840	-0.033018	-0.530785	-0.056848	0.845598
46601	5.373347	-0.200542	8.686499	0.083777	-0.011120	-0.021060	0.832564	0.151128	0.532914	-0.158521	0.986830	-0.032198	-0.530762	-0.057671	0.845556
46602	5.398832	-0.190882	8.710610	0.077318	-0.026894	-0.021817	0.832449	0.150888	0.533162	-0.158721	0.986822	-0.031458	-0.530883	-0.058437	0.845428
46603	5.310333	-0.395358	8.713722	0.082844	-0.038511	-0.026860	0.832282	0.150502	0.533531	-0.158843	0.986830	-0.030584	-0.531108	-0.059293	0.845227
46604	5.449959	-0.459369	8.658433	0.104414	-0.039811	-0.029769	0.832111	0.150175	0.533890	-0.159121	0.986816	-0.029573	-0.531292	-0.060345	0.845037
46605	5.430537	-0.447479	8.607190	0.113044	-0.050808	-0.043941	0.831909	0.149631	0.534357	-0.159271	0.986827	-0.028373	-0.531564	-0.061504	0.844782
46606	5.480387	-0.259253	8.669519	0.129119	-0.040223	-0.047951	0.831765	0.149123	0.534724	-0.159529	0.986822	-0.027055	-0.531712	-0.062800	0.844594
46607	5.418717	-0.308436	8.710530	0.127997	-0.044517	-0.057336	0.831613	0.148435	0.535151	-0.159646	0.986841	-0.025634	-0.531914	-0.064117	0.844367
46608	5.501394	-0.157024	8.695652	0.127543	-0.058189	-0.060965	0.831394	0.147785	0.535671	-0.159788	0.986853	-0.024260	-0.532214	-0.065424	0.844078
46609	5.405171	-0.141611	8.789716	0.118177	-0.055787	-0.062489	0.831186	0.147083	0.536186	-0.159863	0.986874	-0.022897	-0.532516	-0.066685	0.843789
46610	5.473128	-0.034877	8.671895	0.116436	-0.072682	-0.064708	0.830896	0.146385	0.536827	-0.159916	0.986894	-0.021597	-0.532953	-0.067903	0.843416
46611	5.478165	-0.028789	8.765557	0.114218	-0.063498	-0.068973	0.830665	0.145666	0.537380	-0.159947	0.986917	-0.020281	-0.533303	-0.069106	0.843097
46612	5.392853	-0.051549	8.708795	0.090578	-0.094569	-0.065747	0.830259	0.144941	0.538203	-0.159855	0.986954	-0.019193	-0.533963	-0.070099	0.842597
46613	5.492258	-0.156379	8.793256	0.086743	-0.103870	-0.070729	0.829819	0.144062	0.539116	-0.159607	0.987015	-0.018078	-0.534720	-0.071045	0.842038
46614	5.404939	-0.305834	8.749989	0.095925	-0.122862	-0.075987	0.829276	0.143213	0.540177	-0.159460	0.987060	-0.016890	-0.535605	-0.072130	0.841382
46615	5.354993	-0.374076	8.713017	0.115370	-0.116400	-0.084842	0.828789	0.142169	0.541200	-0.159240	0.987119	-0.015451	-0.536425	-0.073375	0.840752
46616	5.321577	0.069867	8.834962	0.105314	-0.162808	-0.094258	0.828058	0.141107	0.542595	-0.158994	0.987179	-0.014084	-0.537626	-0.074607	0.839876
46617	5.292993	0.036646	9.017656	0.057894	-0.201330	-0.108113	0.827140	0.139768	0.544339	-0.158296	0.987307	-0.012972	-0.539242	-0.075437	0.838765
46618	5.393122	0.022039	8.856973	0.066122	-0.246617	-0.108203	0.825971	0.138501	0.546432	-0.157729	0.987411	-0.011856	-0.541196	-0.076395	0.837419
46619	4.983605	-0.366535	9.280951	0.058417	-0.284227	-0.101929	0.824586	0.137222	0.548843	-0.157153	0.987515	-0.010792	-0.543472	-0.077354	0.835856
46620	4.528334	-0.254819	9.885657	0.119505	-0.432796	-0.091908	0.822364	0.135965	0.552478	-0.157017	0.987552	-0.009317	-0.546867	-0.079087	0.833476
46621	4.740745	-0.329941	9.781806	0.117063	-0.553600	-0.103896	0.819488	0.134458	0.557099	-0.156753	0.987607	-0.007780	-0.551242	-0.080951	0.830409
46622	4.488042	-0.487588	10.064119	0.095311	-0.719961	-0.129642	0.815695	0.132577	0.563086	-0.156191	0.987707	-0.006293	-0.556998	-0.082816	0.826374
46623	4.326893	0.017355	10.678183	0.194241	-0.919415	-0.151426	0.810773	0.130251	0.570685	-0.155997	0.987750	-0.003815	-0.564191	-0.085933	0.821160
46624	4.207732	0.392503	11.469850	0.182731	-1.244949	-0.161276	0.803932	0.127556	0.580881	-0.155704	0.987803	-0.001419	-0.573977	-0.089304	0.813987
46625	4.100981	0.259182	11.974952	0.158107	-1.639837	-0.197894	0.794720	0.124026	0.594170	-0.154964	0.987919	0.001053	-0.586862	-0.092912	0.804339
46626	3.666444	0.649640	11.523583	0.146825	-2.091764	-0.249411	0.782650	0.119565	0.610870	-0.153839	0.988089	0.003701	-0.603152	-0.096872	0.791722
46627	4.018318	1.203981	11.211901	0.122127	-2.557597	-0.309353	0.767449	0.113861	0.630918	-0.152057	0.988350	0.006597	-0.622817	-0.100999	0.775821
46628	4.481219	0.655750	10.526868	0.041541	-2.872956	-0.414317	0.749858	0.106800	0.652922	-0.149144	0.988769	0.009551	-0.644569	-0.104541	0.757365
46629	4.825836	0.308962	9.964900	0.179965	-3.094934	-0.568853	0.730391	0.097712	0.676004	-0.145968	0.989180	0.014733	-0.667249	-0.109436	0.736751
46630	5.307748	-1.074302	9.991799	0.176717	-3.465239	-0.675918	0.707804	0.087133	0.701014	-0.142273	0.989612	0.020646	-0.691933	-0.114349	0.712848
46631	6.138677	-1.402799	10.397341	0.352571	-3.799323	-0.762598	0.682098	0.075030	0.727402	-0.139355	0.989830	0.028576	-0.717860	-0.120859	0.685617
46632	7.733790	-1.497161	10.660400	0.318460	-4.182945	-0.817271	0.652606	0.061745	0.755177	-0.136194	0.990000	0.036751	-0.745357	-0.126834	0.654490
46633	10.275943	-1.967503	11.773459	0.354647	-4.331271	-0.840189	0.620844	0.047702	0.782482	-0.133430	0.990013	0.045514	-0.772496	-0.132663	0.621008
46634	10.960616	-1.343917	11.308419	0.479638	-4.269560	-0.862214	0.588451	0.033350	0.807844	-0.131943	0.989716	0.055252	-0.797694	-0.139103	0.586800
46635	10.906524	-0.952883	10.193890	0.522703	-4.230606	-0.875963	0.555312	0.018587	0.831434	-0.131074	0.989211	0.065429	-0.821248	-0.145313	0.551757
46636	10.235342	-0.467919	9.571129	0.310638	-4.185193	-0.890911	0.521618	0.003605	0.853171	-0.128822	0.988859	0.074582	-0.843398	-0.148810	0.516271
46637	9.850343	-1.229847	9.034346	0.130028	-4.091339	-0.930629	0.487893	-0.011677	0.872825	-0.125237	0.988629	0.083232	-0.863872	-0.149918	0.480883
46638	8.879025	-1.339238	8.462794	0.030886	-3.895214	-1.005662	0.455106	-0.027464	0.890014	-0.120724	0.988392	0.092231	-0.882216	-0.149421	0.446508
46639	7.311990	-1.958194	7.337998	-0.051087	-3.675198	-1.125364	0.423750	-0.043973	0.904711	-0.115355	0.988068	0.102054	-0.898404	-0.147608	0.413621
46640	4.650857	-1.785149	5.365375	0.066015	-3.300685	-1.278378	0.395303	-0.061468	0.916492	-0.110675	0.987302	0.113953	-0.911859	-0.146479	0.383480
46641	2.676202	-1.830138	6.393895	-0.117157	-2.581193	-1.259847	0.373052	-0.077539	0.924565	-0.104821	0.986599	0.125036	-0.921870	-0.143559	0.359925
46642	13.929801	-1.714651	11.143165	-0.239557	-1.662974	-0.831413	0.358504	-0.088109	0.929361	-0.099522	0.986255	0.131894	-0.928208	-0.139777	0.344808
46643	10.682434	-6.534937	13.430106	0.020399	0.473380	-0.180652	0.363150	-0.089085	0.927462	-0.099152	0.986071	0.133538	-0.926440	-0.140454	0.349259
46644	0.546776	-7.738039	9.520290	0.605257	1.307734	0.254639	0.374956	-0.084705	0.923165	-0.105641	0.985426	0.133325	-0.921004	-0.147515	0.360543
46645	-4.176300	-5.460097	8.227173	1.273383	1.335845	0.591325	0.386652	-0.076583	0.919041	-0.119752	0.983940	0.132372	-0.914418	-0.161239	0.371271
46646	-3.202970	-1.755378	9.109317	1.153493	1.003308	0.925297	0.394613	-0.065818	0.916487	-0.133843	0.982675	0.128201	-0.909047	-0.173255	0.378967
46647	-0.425794	-0.302804	10.520896	0.723754	1.048084	1.230536	0.402514	-0.051581	0.913960	-0.145524	0.982109	0.119517	-0.903773	-0.181110	0.387806
46648	1.430061	-1.370933	11.315039	0.393463	1.499404	1.379661	0.413932	-0.035294	0.909623	-0.154659	0.981994	0.108481	-0.897074	-0.185585	0.401020
46649	1.634145	-1.902962	11.262984	0.345376	2.084575	1.352555	0.430511	-0.017775	0.902410	-0.163697	0.981688	0.097431	-0.887617	-0.189667	0.419718
46650	1.257893	-0.836781	10.871353	0.362668	2.584913	1.221607	0.451238	-0.000846	0.892403	-0.172241	0.981114	0.088022	-0.875624	-0.193427	0.442570
46651	1.367104	0.587435	10.799439	0.209242	2.932654	1.077185	0.474954	0.015796	0.879869	-0.179326	0.980597	0.079196	-0.861545	-0.195398	0.468571
46652	2.489733	1.073861	10.995779	-0.077048	3.171595	0.947314	0.500310	0.031249	0.865282	-0.183249	0.980532	0.070545	-0.846233	-0.193857	0.496296
46653	3.957506	0.794540	11.078135	-0.311237	3.435124	0.829172	0.527694	0.046365	0.848168	-0.185199	0.980768	0.061609	-0.829000	-0.189591	0.526132
46654	5.111559	0.561079	11.138110	-0.439250	3.714681	0.725997	0.556777	0.060404	0.828463	-0.185499	0.981207	0.053126	-0.809685	-0.183258	0.557518
46655	5.754725	0.617630	11.002860	-0.515186	3.961135	0.642199	0.587358	0.074241	0.805915	-0.185369	0.981653	0.044669	-0.787812	-0.175628	0.590344
46656	6.529669	0.766999	10.797005	-0.592600	4.131688	0.579261	0.618341	0.086989	0.781081	-0.184228	0.982207	0.036455	-0.764012	-0.166438	0.623364
46657	7.302285	0.617333	10.479678	-0.671787	4.239804	0.549586	0.649299	0.099665	0.753975	-0.182988	0.982725	0.027680	-0.738191	-0.155941	0.656320
46658	7.958578	0.058116	10.329542	-0.710084	4.290929	0.574771	0.679338	0.111752	0.725266	-0.181627	0.983191	0.018631	-0.710993	-0.144384	0.688216
46659	8.504184	-0.576784	10.200544	-0.667747	4.291395	0.667111	0.708125	0.124713	0.694987	-0.181936	0.983270	0.008931	-0.682245	-0.132767	0.718967
46660	8.979474	-0.871341	10.234562	-0.591927	4.273202	0.813574	0.735151	0.138135	0.663681	-0.183826	0.982958	-0.000966	-0.652504	-0.121292	0.748015
46661	9.195130	-0.918904	10.273289	-0.527310	4.240315	0.966695	0.760446	0.153002	0.631120	-0.188042	0.982094	-0.011513	-0.621580	-0.109922	0.775600
46662	9.220317	-0.782011	10.277231	-0.506182	4.189971	1.097037	0.783736	0.168125	0.597906	-0.193418	0.980864	-0.022277	-0.590209	-0.098187	0.801257
46663	9.295352	-0.459153	10.310486	-0.531601	4.121894	1.172392	0.805152	0.183870	0.563845	-0.200031	0.979210	-0.033682	-0.558316	-0.085668	0.825193
46664	9.351762	-0.177292	10.316625	-0.601675	4.067451	1.188876	0.824793	0.198704	0.529371	-0.206433	0.977414	-0.045245	-0.526405	-0.071962	0.847183
46665	9.291580	0.080850	10.313873	-0.682639	4.015197	1.146237	0.842904	0.212937	0.494136	-0.212860	0.975405	-0.057230	-0.494169	-0.056942	0.867499
46666	9.372239	0.524183	10.543812	-0.796271	3.940315	1.072997	0.859434	0.225311	0.458921	-0.218163	0.973444	-0.069360	-0.462362	-0.040510	0.885765
46667	10.281371	0.785300	10.709064	-0.951160	3.866588	0.984944	0.874531	0.236522	0.423382	-0.222793	0.971372	-0.082458	-0.430765	-0.022214	0.902191
46668	11.171310	0.647411	10.102295	-1.052498	3.838267	0.908895	0.888417	0.245818	0.387670	-0.226418	0.969312	-0.095755	-0.399312	-0.002705	0.916811
46669	11.349071	0.427638	9.007584	-1.086211	3.732758	0.838114	0.900815	0.254033	0.352135	-0.230056	0.967041	-0.109111	-0.368247	0.017278	0.929567
