// General information: 
//  MT Manager version: 2022.2.0 
//  XDA version: 2022.2.0 build 7381 rev 124627 built on 2023-07-19
// Device information: 
//  DeviceId: 00B4CB9F
//  ProductCode: MTW2-3A7G6
//  Firmware Version: 4.6.0
//  Hardware Version: 2.0.0
// Device settings: 
//  Filter Profile: human(46.1)
//  Option Flags: Orientation Smoother Disabled, Position/Velocity Smoother Disabled, Continuous Zero Rotation Update Disabled, AHS Disabled, ICC Disabled
// Coordinate system: ENU
PacketCounter	Acc_X	Acc_Y	Acc_Z	Gyr_X	Gyr_Y	Gyr_Z	Mat[1][1]	Mat[2][1]	Mat[3][1]	Mat[1][2]	Mat[2][2]	Mat[3][2]	Mat[1][3]	Mat[2][3]	Mat[3][3]
41094	8.427637	-1.980448	5.761481	-0.493808	0.078522	-0.285050	-0.392628	-0.247957	0.885641	0.444924	-0.893996	-0.053050	0.804914	0.373214	0.461329
41095	8.177535	-2.124213	5.086273	-0.318617	0.025142	-0.259548	-0.393941	-0.245766	0.885669	0.441410	-0.895784	-0.052235	0.806206	0.370365	0.461370
41096	7.818656	-2.116225	4.145439	-0.132110	-0.091778	-0.236959	-0.394193	-0.243326	0.886230	0.439472	-0.896821	-0.050758	0.807141	0.369465	0.460456
41097	7.543628	-2.003242	2.992939	0.067350	-0.235121	-0.246955	-0.393341	-0.240279	0.887439	0.439114	-0.897133	-0.048275	0.807751	0.370699	0.458389
41098	7.381118	-1.772196	1.606558	0.306351	-0.433985	-0.285875	-0.391041	-0.236122	0.889569	0.440529	-0.896642	-0.044350	0.808097	0.374539	0.454642
41099	7.323839	-1.368207	0.332967	0.546475	-0.656614	-0.347045	-0.387229	-0.230569	0.892688	0.443662	-0.895354	-0.038807	0.808219	0.381025	0.449001
41100	7.577187	-0.738191	-0.788845	0.791332	-0.850604	-0.383973	-0.382016	-0.223879	0.896628	0.448641	-0.893144	-0.031862	0.807951	0.390092	0.441637
41101	8.389906	-0.165997	-1.531108	1.023776	-0.997618	-0.395259	-0.375705	-0.216440	0.901110	0.455473	-0.889930	-0.023852	0.807088	0.401470	0.432934
41102	9.982800	0.268479	-0.875652	1.106541	-1.096105	-0.343298	-0.368388	-0.208946	0.905887	0.463181	-0.886119	-0.016029	0.806073	0.413685	0.423216
41103	12.389192	1.388538	2.303278	0.783430	-1.054395	-0.220211	-0.360867	-0.202617	0.910341	0.468752	-0.883264	-0.010773	0.806254	0.422837	0.413718
41104	14.266173	3.468553	6.322201	0.151142	-0.798834	-0.193325	-0.355272	-0.197541	0.913652	0.469340	-0.882977	-0.008407	0.808394	0.425827	0.406411
41105	13.859719	5.214595	7.706852	-0.558480	-0.545384	-0.382924	-0.352589	-0.191868	0.915897	0.463519	-0.886058	-0.007179	0.812915	0.422004	0.401349
41106	12.239237	3.656341	6.593562	-1.323891	-0.533915	-0.565580	-0.350761	-0.184636	0.918083	0.450775	-0.892608	-0.007290	0.820834	0.411292	0.396321
41107	11.314025	-0.396952	5.198374	-1.823026	-0.575062	-0.635850	-0.348777	-0.176639	0.920409	0.433566	-0.901081	-0.008635	0.830888	0.396046	0.390861
41108	10.410093	-3.203112	4.028912	-1.825323	-0.521012	-0.640956	-0.347094	-0.168838	0.922507	0.416142	-0.909246	-0.009837	0.840447	0.380480	0.385855
41109	9.047476	-4.596291	3.133241	-1.501722	-0.419850	-0.582784	-0.345887	-0.161979	0.924189	0.401514	-0.915796	-0.010237	0.848026	0.367533	0.381799
41110	7.896453	-5.170131	2.720345	-1.033823	-0.374707	-0.452442	-0.344442	-0.156490	0.925673	0.391219	-0.920243	-0.010000	0.853410	0.358696	0.378192
41111	7.742153	-5.255287	2.692197	-0.562910	-0.377397	-0.284645	-0.342274	-0.152554	0.927133	0.385488	-0.922664	-0.009506	0.856882	0.354145	0.374612
41112	8.250195	-5.024591	2.650613	-0.003339	-0.395741	-0.137040	-0.339357	-0.149913	0.928635	0.385054	-0.922857	-0.008267	0.858236	0.354769	0.370903
41113	9.213404	-4.273226	2.578972	0.645419	-0.420815	-0.042704	-0.335866	-0.148046	0.930202	0.390497	-0.920588	-0.005520	0.857150	0.361387	0.367006
41114	10.028604	-2.960820	2.540608	1.287955	-0.421528	0.010368	-0.332169	-0.146617	0.931755	0.401609	-0.915811	-0.000935	0.853448	0.373891	0.363086
41115	10.328406	-1.129947	2.621608	1.754746	-0.402507	0.013656	-0.328640	-0.145237	0.933221	0.416623	-0.909064	0.005239	0.847597	0.390523	0.359264
41116	9.972256	0.911631	2.735797	1.945833	-0.389391	-0.017673	-0.325376	-0.143544	0.934626	0.433051	-0.901285	0.012337	0.840594	0.408755	0.355418
41117	9.279791	2.627984	2.706270	1.882052	-0.382948	-0.080718	-0.322475	-0.141251	0.935980	0.448586	-0.893522	0.019708	0.833535	0.426223	0.351502
41118	8.725169	3.868637	2.686858	1.604149	-0.401346	-0.137890	-0.319716	-0.138305	0.937365	0.461526	-0.886728	0.026583	0.827512	0.441117	0.347332
41119	8.530948	4.524040	2.816192	1.156644	-0.423923	-0.171439	-0.316963	-0.134923	0.938792	0.470574	-0.881774	0.032151	0.823465	0.451962	0.342982
41120	8.760800	4.583884	2.927516	0.622416	-0.431037	-0.193999	-0.314281	-0.131274	0.940210	0.475141	-0.879170	0.036073	0.821869	0.458070	0.338680
41121	9.010741	4.125265	2.962277	0.078669	-0.429140	-0.216508	-0.311730	-0.127427	0.941587	0.475164	-0.879062	0.038347	0.822827	0.459362	0.334578
41122	9.197937	3.154732	2.940065	-0.370260	-0.426749	-0.253514	-0.309358	-0.123261	0.942923	0.471383	-0.881045	0.039481	0.825891	0.456692	0.330661
41123	9.294153	2.081630	2.958689	-0.645125	-0.431691	-0.290454	-0.307093	-0.118760	0.944240	0.465204	-0.884296	0.040076	0.830228	0.451572	0.326809
41124	9.318559	1.157115	2.956921	-0.765520	-0.434219	-0.305131	-0.304833	-0.114129	0.945543	0.457955	-0.888055	0.040449	0.835077	0.445347	0.322974
41125	9.327949	0.284384	2.884573	-0.752078	-0.423783	-0.300028	-0.302597	-0.109609	0.946795	0.450807	-0.891686	0.040849	0.839767	0.439182	0.319234
41126	9.313340	-0.252531	2.954561	-0.671936	-0.430622	-0.275768	-0.300153	-0.105287	0.948063	0.444378	-0.894887	0.041306	0.844060	0.433696	0.315390
41127	9.267953	-0.687918	3.073898	-0.540958	-0.441331	-0.243374	-0.297445	-0.101226	0.949358	0.439135	-0.897444	0.041895	0.847754	0.429357	0.311392
41128	9.309584	-0.992872	3.164713	-0.354911	-0.451218	-0.220104	-0.294523	-0.097340	0.950674	0.435529	-0.899154	0.042864	0.850630	0.426670	0.307215
41129	9.346442	-1.040875	3.287991	-0.148734	-0.456586	-0.192971	-0.291423	-0.093683	0.951996	0.433755	-0.899945	0.044219	0.852602	0.425820	0.302900
41130	9.291624	-1.049576	3.450967	0.076713	-0.459542	-0.178486	-0.288224	-0.090139	0.953311	0.433952	-0.899755	0.046126	0.853588	0.426985	0.298447
41131	9.250169	-0.744281	3.524572	0.317947	-0.465903	-0.138260	-0.284798	-0.086925	0.954638	0.436325	-0.898489	0.048357	0.853528	0.430304	0.293815
41132	9.225334	-0.299805	3.412215	0.521552	-0.461499	-0.099243	-0.281243	-0.084059	0.955948	0.440552	-0.896289	0.050799	0.852535	0.435432	0.289107
41133	9.119452	0.220815	3.241179	0.691127	-0.459248	-0.054898	-0.277525	-0.081579	0.957249	0.446339	-0.893277	0.053275	0.850742	0.442042	0.284318
41134	9.045154	0.768493	3.117091	0.824883	-0.475691	-0.025289	-0.273544	-0.079253	0.958589	0.453335	-0.889591	0.055816	0.848328	0.449830	0.279270
41135	9.086845	1.265559	2.846280	0.904804	-0.502911	-0.007416	-0.269268	-0.076930	0.959988	0.461032	-0.885462	0.058357	0.845544	0.458299	0.273893
41136	9.230210	1.669207	2.523947	0.916829	-0.510787	0.005394	-0.264877	-0.074635	0.961390	0.468844	-0.881189	0.060765	0.842630	0.466836	0.268399
41137	9.258498	1.907243	2.285669	0.861945	-0.522465	0.015247	-0.260359	-0.072334	0.962799	0.476190	-0.877092	0.062876	0.839915	0.474845	0.262803
41138	9.359282	2.076763	2.122023	0.748819	-0.530431	0.018628	-0.255766	-0.069978	0.964203	0.482576	-0.873467	0.064616	0.837678	0.481828	0.257173
41139	9.415842	2.232327	2.060991	0.575641	-0.521611	0.020522	-0.251250	-0.067652	0.965555	0.487502	-0.870635	0.065852	0.836191	0.487255	0.251728
41140	9.446844	2.155034	1.991378	0.375079	-0.516281	0.018398	-0.246790	-0.065306	0.966866	0.490740	-0.868759	0.066581	0.835625	0.490911	0.246449
41141	9.591276	2.009296	1.933197	0.188995	-0.515896	0.005117	-0.242402	-0.062833	0.968139	0.492390	-0.867795	0.066963	0.835939	0.492934	0.241294
41142	9.681818	1.816240	1.801588	0.027895	-0.509853	-0.016274	-0.238162	-0.060195	0.969358	0.492641	-0.867638	0.067159	0.837009	0.493540	0.236293
41143	9.784975	1.580949	1.641075	-0.088175	-0.489484	-0.040215	-0.234209	-0.057452	0.970487	0.491867	-0.868064	0.067314	0.838578	0.493116	0.231567
41144	9.725064	1.367927	1.513717	-0.163158	-0.465946	-0.055827	-0.230516	-0.054690	0.971530	0.490423	-0.868870	0.067453	0.840445	0.492010	0.227110
41145	9.732206	1.159029	1.432065	-0.206595	-0.459486	-0.065213	-0.226918	-0.051884	0.972531	0.488596	-0.869888	0.067594	0.842486	0.490513	0.222744
41146	9.780561	0.970788	1.380052	-0.244821	-0.440082	-0.073585	-0.223509	-0.049107	0.973464	0.486422	-0.871094	0.067740	0.844652	0.488654	0.218585
41147	9.819522	0.702721	1.336043	-0.250918	-0.417149	-0.073919	-0.220289	-0.046447	0.974328	0.484196	-0.872322	0.067889	0.846774	0.486721	0.214652
41148	9.795288	0.453909	1.350973	-0.224704	-0.391026	-0.062890	-0.217223	-0.044017	0.975129	0.482210	-0.873413	0.067993	0.848698	0.484986	0.210950
41149	9.780290	0.284656	1.360271	-0.182494	-0.373153	-0.055197	-0.214266	-0.041745	0.975883	0.480601	-0.874290	0.068122	0.850361	0.483606	0.207393
41150	9.801106	0.245039	1.457644	-0.132739	-0.355911	-0.053392	-0.211438	-0.039578	0.976590	0.479413	-0.874924	0.068339	0.851738	0.482639	0.203967
41151	9.782031	0.197189	1.496019	-0.090694	-0.335012	-0.042016	-0.208731	-0.037612	0.977250	0.478611	-0.875348	0.068537	0.852856	0.482028	0.200714
41152	9.694134	0.211818	1.574643	-0.055890	-0.313821	-0.041421	-0.206197	-0.035756	0.977857	0.478104	-0.875605	0.068799	0.853756	0.481703	0.197642
41153	9.697912	0.268634	1.657132	-0.028753	-0.301830	-0.033937	-0.203727	-0.034023	0.978436	0.477847	-0.875726	0.069044	0.854493	0.481609	0.194667
41154	9.678381	0.320325	1.737695	-0.008711	-0.291173	-0.034598	-0.201348	-0.032336	0.978986	0.477758	-0.875751	0.069334	0.855106	0.481678	0.191780
41155	9.601143	0.315609	1.777426	0.014723	-0.278392	-0.032122	-0.199066	-0.030732	0.979504	0.477876	-0.875662	0.069646	0.855574	0.481946	0.189001
41156	9.614402	0.453257	1.856488	0.037408	-0.272993	-0.032566	-0.196831	-0.029149	0.980004	0.478188	-0.875463	0.070003	0.855917	0.482404	0.186257
41157	9.591975	0.473638	1.817381	0.050058	-0.260896	-0.028659	-0.194680	-0.027657	0.980477	0.478616	-0.875202	0.070345	0.856170	0.482967	0.183621
41158	9.577472	0.462216	1.767562	0.056936	-0.259204	-0.024058	-0.192521	-0.026213	0.980943	0.479113	-0.874905	0.070652	0.856380	0.483584	0.180996
41159	9.612973	0.538782	1.770997	0.064842	-0.251861	-0.019516	-0.190402	-0.024841	0.981392	0.479686	-0.874569	0.070928	0.856533	0.484265	0.178436
41160	9.625131	0.398579	1.730669	0.085721	-0.246181	-0.018054	-0.188325	-0.023509	0.981825	0.480442	-0.874130	0.071224	0.856568	0.485123	0.175915
41161	9.601133	0.406263	1.725795	0.115228	-0.249246	-0.009576	-0.186181	-0.022233	0.982264	0.481466	-0.873545	0.071486	0.856462	0.486236	0.173342
41162	9.674017	0.569999	1.669598	0.151161	-0.259272	-0.000227	-0.183907	-0.020987	0.982720	0.482815	-0.872781	0.071715	0.856194	0.487660	0.170644
41163	9.675659	0.717763	1.604322	0.175822	-0.267554	0.006736	-0.181529	-0.019757	0.983187	0.484387	-0.871893	0.071913	0.855813	0.489297	0.167844
41164	9.628856	0.943109	1.601519	0.182850	-0.281266	0.006909	-0.179034	-0.018457	0.983670	0.486018	-0.870968	0.072116	0.855414	0.490993	0.164903
41165	9.569920	1.098203	1.625935	0.167551	-0.305040	0.006619	-0.176337	-0.017033	0.984182	0.487518	-0.870115	0.072291	0.855121	0.492554	0.161738
41166	9.582208	1.144983	1.683592	0.136032	-0.329610	0.009866	-0.173416	-0.015511	0.984727	0.488753	-0.869415	0.072378	0.855013	0.493839	0.158351
41167	9.536103	1.134233	1.699611	0.099149	-0.356658	0.004461	-0.170289	-0.013804	0.985297	0.489663	-0.868896	0.072455	0.855121	0.494802	0.154723
41168	9.502161	1.058522	1.745751	0.071018	-0.381463	0.000315	-0.166970	-0.011936	0.985890	0.490325	-0.868517	0.072526	0.855396	0.495516	0.150868
41169	9.492752	0.965304	1.857154	0.053294	-0.404933	-0.012317	-0.163511	-0.009839	0.986493	0.490816	-0.868225	0.072693	0.855782	0.496073	0.146793
41170	9.448617	0.832245	1.897760	0.049103	-0.419498	-0.016063	-0.159943	-0.007635	0.987097	0.491265	-0.867955	0.072888	0.856199	0.496584	0.142574
41171	9.453066	0.698450	1.973593	0.066096	-0.429178	-0.017405	-0.156299	-0.005369	0.987695	0.491859	-0.867599	0.073119	0.856531	0.497235	0.138246
41172	9.481866	0.581540	2.018260	0.079750	-0.424941	-0.009871	-0.152652	-0.003186	0.988275	0.492581	-0.867175	0.073290	0.856774	0.497993	0.133946
41173	9.536480	0.434839	2.162752	0.096069	-0.411809	0.001342	-0.149063	-0.001163	0.988827	0.493461	-0.866668	0.073369	0.856899	0.498885	0.129762
41174	9.522917	0.284953	2.217277	0.135804	-0.395188	0.017443	-0.145535	0.000642	0.989353	0.494704	-0.865962	0.073334	0.856789	0.500110	0.125710
41175	9.521185	0.081592	2.273472	0.192793	-0.371647	0.031667	-0.142142	0.002211	0.989844	0.496456	-0.864968	0.073223	0.856345	0.501822	0.121850
41176	9.389107	0.017941	2.329530	0.277731	-0.354036	0.046260	-0.138826	0.003575	0.990310	0.498951	-0.863545	0.073062	0.855438	0.504260	0.118098
41177	9.334980	0.097525	2.196782	0.371123	-0.351111	0.051041	-0.135516	0.004891	0.990763	0.502248	-0.861641	0.072951	0.854039	0.507495	0.114310
41178	9.414684	0.251001	2.047943	0.445794	-0.353961	0.072778	-0.132074	0.006051	0.991221	0.506201	-0.859346	0.072694	0.852242	0.511358	0.110434
41179	9.442411	0.525564	1.885830	0.504053	-0.343257	0.092709	-0.128629	0.006998	0.991668	0.510666	-0.856735	0.072284	0.850103	0.515709	0.106627
41180	9.509594	0.739061	1.645814	0.537639	-0.339892	0.110946	-0.125118	0.007794	0.992111	0.515423	-0.853930	0.071710	0.847753	0.520329	0.102825
41181	9.567326	1.001750	1.293604	0.551566	-0.338091	0.130925	-0.121526	0.008425	0.992552	0.520306	-0.851029	0.070929	0.845289	0.525051	0.099039
41182	9.556961	1.090026	1.068732	0.532101	-0.345020	0.147262	-0.117788	0.008977	0.992998	0.525025	-0.848208	0.069946	0.842896	0.529588	0.095195
41183	9.563072	1.202234	0.940732	0.496732	-0.355904	0.158495	-0.113905	0.009508	0.993446	0.529443	-0.845551	0.068796	0.840664	0.533810	0.091278
41184	9.589717	1.215606	0.779856	0.461848	-0.374282	0.161650	-0.109846	0.010133	0.993897	0.533553	-0.843064	0.067564	0.838603	0.537718	0.087201
41185	9.633500	1.141240	0.608561	0.421635	-0.391867	0.165694	-0.105625	0.010834	0.994347	0.537317	-0.840775	0.066238	0.836740	0.541276	0.082986
41186	9.633890	1.147337	0.498777	0.380598	-0.420807	0.164861	-0.101162	0.011719	0.994801	0.540719	-0.838698	0.064867	0.835098	0.544470	0.078508
41187	9.702955	1.180235	0.462802	0.342613	-0.443353	0.166013	-0.096512	0.012732	0.995250	0.543795	-0.836817	0.063438	0.833650	0.547335	0.073839
41188	9.782965	1.159429	0.426603	0.281709	-0.455847	0.158640	-0.091792	0.013891	0.995681	0.546341	-0.835263	0.062021	0.832517	0.549675	0.069081
41189	9.795337	1.103498	0.402109	0.216421	-0.462186	0.146444	-0.087094	0.015198	0.996084	0.548327	-0.834060	0.060669	0.831716	0.551464	0.064308
41190	9.786525	1.036178	0.466074	0.143856	-0.465794	0.134728	-0.082424	0.016632	0.996459	0.549687	-0.833258	0.059376	0.831295	0.552634	0.059538
41191	9.831590	0.944790	0.465726	0.067168	-0.461608	0.124515	-0.077850	0.018131	0.996800	0.550399	-0.832875	0.058136	0.831264	0.553164	0.054860
41192	9.861912	0.822885	0.620798	-0.000602	-0.454646	0.117265	-0.073368	0.019655	0.997111	0.550532	-0.832871	0.056926	0.831584	0.553118	0.050285
41193	9.919918	0.831152	0.847659	-0.055501	-0.448735	0.113947	-0.068957	0.021172	0.997395	0.550205	-0.833168	0.055725	0.832177	0.552615	0.045803
41194	10.150590	0.821153	0.874770	-0.103830	-0.430290	0.117694	-0.064670	0.022553	0.997652	0.549468	-0.833738	0.054465	0.833008	0.551700	0.041525
41195	10.280929	0.677504	0.855955	-0.120831	-0.401960	0.121480	-0.060602	0.023740	0.997880	0.548591	-0.834398	0.053167	0.833891	0.550650	0.037543
41196	10.131745	0.422679	0.798068	-0.088464	-0.373117	0.116450	-0.056794	0.024807	0.998078	0.547970	-0.834884	0.051932	0.834568	0.549866	0.033823
41197	10.002085	0.183494	0.708670	-0.017289	-0.361101	0.108999	-0.053132	0.025867	0.998252	0.547940	-0.834974	0.050800	0.834828	0.549682	0.030191
41198	9.945051	0.178280	0.501764	0.046498	-0.324537	0.122067	-0.049697	0.026618	0.998410	0.548439	-0.834721	0.049553	0.834712	0.550030	0.026885
41199	9.837706	0.174003	0.322675	0.086394	-0.291560	0.143801	-0.046424	0.027007	0.998557	0.549283	-0.834251	0.048100	0.834346	0.550723	0.023895
41200	9.994644	0.230660	0.207737	0.097434	-0.275764	0.166550	-0.043151	0.027123	0.998700	0.550218	-0.833730	0.046417	0.833905	0.551506	0.021053
41201	10.121833	0.312238	0.105003	0.099711	-0.256300	0.193985	-0.039896	0.026905	0.998842	0.551183	-0.833199	0.044459	0.833430	0.552318	0.018412
41202	10.094310	0.260604	-0.071638	0.112488	-0.255120	0.202488	-0.036596	0.026615	0.998976	0.552245	-0.832603	0.042413	0.832878	0.553231	0.015772
41203	10.092897	0.214522	-0.195629	0.132868	-0.265368	0.207093	-0.033191	0.026345	0.999102	0.553475	-0.831889	0.040323	0.832204	0.554316	0.013030
41204	9.974771	0.136559	-0.279661	0.159006	-0.278790	0.214649	-0.029626	0.026094	0.999220	0.554912	-0.831033	0.038154	0.831381	0.555610	0.010140
41205	9.940057	0.174947	-0.286826	0.194645	-0.291359	0.230777	-0.025871	0.025783	0.999333	0.556645	-0.829978	0.035824	0.830348	0.557200	0.007120
41206	9.957192	0.222360	-0.244684	0.222013	-0.309128	0.251638	-0.021845	0.025407	0.999438	0.558594	-0.828774	0.033278	0.829154	0.559007	0.003913
41207	9.950986	0.263680	-0.202864	0.254535	-0.326479	0.272261	-0.017565	0.024966	0.999534	0.560806	-0.827384	0.030521	0.827761	0.561081	0.000532
41208	10.015183	0.422418	0.023188	0.273324	-0.346709	0.278145	-0.013077	0.024602	0.999612	0.563155	-0.825887	0.027694	0.826248	0.563299	-0.003055
41209	9.961876	0.573802	0.277872	0.260714	-0.358066	0.277854	-0.008501	0.024316	0.999668	0.565387	-0.824451	0.024862	0.824782	0.565411	-0.006739
41210	9.887513	0.699386	0.490541	0.242325	-0.370194	0.272337	-0.003850	0.024156	0.999701	0.567447	-0.823114	0.022074	0.823401	0.567362	-0.010538
41211	9.929428	0.746358	0.718134	0.221512	-0.395851	0.271590	0.001002	0.024157	0.999708	0.569323	-0.821888	0.019290	0.822113	0.569137	-0.014576
41212	10.150683	0.778189	0.950595	0.213164	-0.405404	0.280913	0.005991	0.024148	0.999690	0.571109	-0.820710	0.016402	0.820852	0.570834	-0.018708
41213	10.342027	0.871173	1.202775	0.208771	-0.389157	0.288962	0.010886	0.023988	0.999653	0.572848	-0.819552	0.013428	0.819589	0.572503	-0.022664
41214	10.520566	0.918552	1.482172	0.195175	-0.351431	0.283795	0.015450	0.023666	0.999601	0.574454	-0.818470	0.010499	0.818391	0.574062	-0.026240
41215	10.605210	0.964727	1.797156	0.155137	-0.292933	0.268445	0.019438	0.023140	0.999543	0.575728	-0.817605	0.007732	0.817410	0.575315	-0.029215
41216	10.572942	0.937865	2.082052	0.079239	-0.199062	0.241695	0.022514	0.022297	0.999498	0.576369	-0.817173	0.005247	0.816880	0.575961	-0.031250
41217	10.484847	0.725353	2.319727	-0.035488	-0.083629	0.202921	0.024412	0.021106	0.999479	0.576085	-0.817383	0.003190	0.817025	0.575707	-0.032113
41218	10.233812	0.321222	2.235803	-0.138047	0.022955	0.156071	0.025180	0.019685	0.999489	0.574962	-0.818179	0.001629	0.817793	0.574627	-0.031920
41219	10.093144	-0.172638	1.956167	-0.219354	0.099949	0.134264	0.025176	0.017996	0.999521	0.573189	-0.819423	0.000316	0.819037	0.572906	-0.030945
41220	10.053836	-0.657086	1.504435	-0.213127	0.145452	0.126479	0.024765	0.016115	0.999563	0.571454	-0.820634	-0.000928	0.820260	0.571228	-0.029532
41221	10.110582	-1.021252	1.182283	-0.149730	0.199152	0.144717	0.023998	0.013772	0.999617	0.570246	-0.821471	-0.002373	0.821123	0.570085	-0.027567
41222	10.172867	-1.173456	1.194336	-0.085472	0.265615	0.177576	0.022886	0.010786	0.999680	0.569546	-0.821949	-0.004170	0.821641	0.569459	-0.024954
41223	10.093975	-1.085512	1.138353	-0.008764	0.349266	0.199985	0.021196	0.007133	0.999750	0.569485	-0.821978	-0.006209	0.821728	0.569474	-0.021485
41224	9.886594	-0.854499	0.983195	0.089866	0.386113	0.212720	0.019293	0.003172	0.999809	0.570224	-0.821446	-0.008397	0.821262	0.570277	-0.017657
41225	9.866353	-0.673317	0.627199	0.204593	0.360860	0.223434	0.017648	-0.000745	0.999844	0.571916	-0.820242	-0.010706	0.820122	0.572016	-0.014050
41226	10.068786	-0.535796	0.175119	0.310438	0.331504	0.234564	0.016334	-0.004580	0.999856	0.574464	-0.818425	-0.013134	0.818367	0.574596	-0.010737
41227	10.178103	-0.495208	-0.110013	0.372473	0.333672	0.246626	0.015068	-0.008541	0.999850	0.577522	-0.816224	-0.015676	0.816236	0.577672	-0.007367
41228	10.273922	-0.322811	-0.103971	0.361452	0.367292	0.245686	0.013554	-0.012683	0.999828	0.580478	-0.814073	-0.018196	0.814163	0.580624	-0.003672
41229	10.215666	-0.092933	-0.097979	0.321863	0.407580	0.243633	0.011698	-0.017058	0.999786	0.583117	-0.812125	-0.020679	0.812304	0.583234	0.000446
41230	10.155336	0.158929	-0.103841	0.270213	0.414416	0.228400	0.009727	-0.021344	0.999725	0.585329	-0.810469	-0.022999	0.810737	0.585392	0.004610
41231	10.174170	0.292320	-0.240068	0.210489	0.399786	0.210147	0.007761	-0.025411	0.999647	0.587069	-0.809147	-0.025127	0.809500	0.587057	0.008638
41232	10.128692	0.390528	-0.326879	0.142673	0.390444	0.175985	0.005694	-0.029140	0.999559	0.588256	-0.808227	-0.026914	0.808655	0.588150	0.012540
41233	10.033398	0.325921	-0.344690	0.045641	0.377278	0.146727	0.003549	-0.032566	0.999463	0.588672	-0.807873	-0.028414	0.808364	0.588457	0.016304
41234	9.898965	0.321425	-0.113870	-0.056150	0.366971	0.124471	0.001372	-0.035742	0.999360	0.588259	-0.808127	-0.029710	0.808671	0.587923	0.019917
41235	9.802473	0.374760	0.053715	-0.154161	0.346123	0.099273	-0.000804	-0.038597	0.999255	0.587066	-0.808954	-0.030774	0.809538	0.586604	0.023310
41236	9.739412	0.477113	0.049122	-0.235218	0.316581	0.087236	-0.002800	-0.041169	0.999148	0.585207	-0.810262	-0.031746	0.810879	0.584620	0.026361
41237	9.770044	0.392631	0.039723	-0.321396	0.283971	0.077068	-0.004614	-0.043470	0.999044	0.582657	-0.812062	-0.032643	0.812705	0.581950	0.029075
41238	9.862439	0.258397	0.170866	-0.415145	0.266549	0.070538	-0.006316	-0.045602	0.998940	0.579327	-0.814406	-0.033515	0.815071	0.578501	0.031563
41239	9.953725	0.135997	0.323024	-0.493285	0.287906	0.058841	-0.008286	-0.047761	0.998824	0.575362	-0.817179	-0.034302	0.817857	0.574401	0.034251
41240	10.034535	0.125424	0.526343	-0.553811	0.323590	0.029669	-0.010710	-0.049868	0.998698	0.570872	-0.820300	-0.034838	0.820969	0.569756	0.037254
41241	9.994070	0.055312	0.654109	-0.612003	0.372231	-0.006295	-0.013768	-0.051946	0.998555	0.565896	-0.823731	-0.035049	0.824362	0.564596	0.040737
41242	9.907513	-0.062518	0.756251	-0.676149	0.417708	-0.049197	-0.017439	-0.053900	0.998394	0.560348	-0.827522	-0.034888	0.828074	0.558840	0.044633
41243	9.873894	-0.215321	0.881295	-0.738005	0.441412	-0.090980	-0.021570	-0.055618	0.998219	0.554265	-0.831631	-0.034360	0.832061	0.552537	0.048765
41244	9.872777	-0.451618	0.997294	-0.781976	0.474883	-0.111900	-0.026090	-0.057307	0.998016	0.547763	-0.835956	-0.033682	0.836227	0.545797	0.053201
41245	9.825752	-0.738377	1.026916	-0.781001	0.500587	-0.125214	-0.030929	-0.058994	0.997779	0.541242	-0.840223	-0.032901	0.840298	0.539022	0.057917
41246	9.897342	-0.990160	0.986943	-0.720490	0.524546	-0.127671	-0.035976	-0.060745	0.997505	0.535179	-0.844128	-0.032103	0.843972	0.532689	0.062878
41247	9.942437	-1.222286	0.827778	-0.605792	0.557188	-0.115933	-0.041265	-0.062741	0.997176	0.530075	-0.847370	-0.031379	0.846946	0.527283	0.068224
41248	10.057602	-1.401205	0.758355	-0.470494	0.590619	-0.091460	-0.046700	-0.065082	0.996787	0.526093	-0.849867	-0.030841	0.849144	0.522962	0.073928
41249	10.114124	-1.488725	0.672064	-0.329226	0.625581	-0.056751	-0.052275	-0.067885	0.996323	0.523328	-0.851583	-0.030566	0.850526	0.519806	0.080043
41250	10.192807	-1.553625	0.634245	-0.219063	0.638685	-0.026937	-0.057794	-0.070985	0.995802	0.521499	-0.852706	-0.030518	0.851293	0.517545	0.086300
41251	10.249715	-1.645498	0.611378	-0.111444	0.668022	0.011621	-0.063380	-0.074563	0.995200	0.520616	-0.853236	-0.030771	0.851435	0.516167	0.092897
41252	10.177512	-1.688411	0.612608	-0.013226	0.693704	0.032307	-0.069060	-0.078434	0.994524	0.520575	-0.853248	-0.031143	0.851019	0.515573	0.099756
41253	10.186468	-1.614571	0.729534	0.081658	0.714353	0.061061	-0.074776	-0.082665	0.993768	0.521370	-0.852741	-0.031704	0.850048	0.515750	0.106864
41254	10.306827	-1.453584	0.844503	0.159477	0.743949	0.094166	-0.080547	-0.087324	0.992918	0.522848	-0.851806	-0.032500	0.848612	0.516527	0.114268
41255	10.444139	-1.227181	0.933972	0.215910	0.788720	0.120987	-0.086556	-0.092461	0.991947	0.524834	-0.850546	-0.033484	0.846792	0.517709	0.122147
41256	10.542629	-0.929189	1.126194	0.248541	0.830346	0.130011	-0.092839	-0.097886	0.990858	0.527103	-0.849101	-0.034495	0.844715	0.519082	0.130426
41257	10.516836	-0.654480	1.348795	0.226020	0.883131	0.117433	-0.099626	-0.103500	0.989627	0.529177	-0.847773	-0.035392	0.842642	0.520162	0.139230
41258	10.411115	-0.175185	1.656822	0.179470	0.942039	0.074296	-0.107105	-0.109048	0.988249	0.530815	-0.846727	-0.035903	0.840693	0.520732	0.148573
41259	10.320000	0.376500	1.937256	0.073274	1.028010	0.020169	-0.115588	-0.114598	0.986664	0.531507	-0.846287	-0.036027	0.839130	0.520255	0.158731
41260	10.134233	0.669508	2.151674	-0.077978	1.113587	-0.051508	-0.125145	-0.119961	0.984859	0.530843	-0.846719	-0.035681	0.838180	0.518340	0.169643
41261	9.976997	0.880867	2.364915	-0.265209	1.190634	-0.112019	-0.135674	-0.125189	0.982812	0.528531	-0.848189	-0.035079	0.838002	0.514687	0.181244
41262	9.913481	0.925390	2.519520	-0.491069	1.259939	-0.148838	-0.146965	-0.130390	0.980510	0.524255	-0.850859	-0.034570	0.838783	0.508957	0.193404
41263	9.783367	0.672572	2.648653	-0.695968	1.307236	-0.147981	-0.158670	-0.135760	0.977954	0.518246	-0.854534	-0.034543	0.840384	0.501340	0.205946
41264	9.746908	0.324363	2.699807	-0.835630	1.324510	-0.121606	-0.170385	-0.141317	0.975192	0.511068	-0.858821	-0.035159	0.842483	0.492399	0.218553
41265	9.670550	0.010718	2.663663	-0.909185	1.335211	-0.092135	-0.182076	-0.147062	0.972225	0.503299	-0.863348	-0.036337	0.844712	0.482704	0.231211
41266	9.651935	-0.344972	2.761863	-0.902314	1.331137	-0.057683	-0.193566	-0.152942	0.969093	0.495614	-0.867713	-0.037949	0.846699	0.472951	0.243760
41267	9.640982	-0.437262	2.788859	-0.805025	1.330117	-0.017939	-0.204885	-0.159048	0.965777	0.488823	-0.871474	-0.039816	0.847983	0.463936	0.256298
41268	9.423574	-0.498168	2.831933	-0.680857	1.344581	0.008737	-0.216193	-0.165327	0.962251	0.483121	-0.874559	-0.041716	0.848442	0.455866	0.268947
41269	9.134437	-0.474851	2.814967	-0.534645	1.346514	0.011596	-0.227519	-0.171553	0.958543	0.478679	-0.876921	-0.043326	0.847999	0.448977	0.281635
41270	9.066184	-0.343719	2.780151	-0.394318	1.338079	-0.000809	-0.238808	-0.177535	0.954700	0.475392	-0.878649	-0.044479	0.846743	0.443235	0.294227
41271	8.961675	-0.329301	2.648748	-0.279303	1.329640	-0.008859	-0.250056	-0.183352	0.950713	0.473075	-0.879859	-0.045259	0.844791	0.438442	0.306753
41272	9.028080	-0.158921	2.499430	-0.162777	1.318395	-0.003099	-0.261137	-0.189100	0.946598	0.471752	-0.880543	-0.045763	0.842174	0.434609	0.319151
41273	8.936029	-0.013720	2.588032	-0.075391	1.281693	0.002370	-0.271860	-0.194705	0.942434	0.471193	-0.880827	-0.046054	0.839088	0.431548	0.331205
41274	9.017059	0.062148	2.454352	-0.033110	1.249405	-0.002587	-0.282282	-0.200078	0.938235	0.470966	-0.880943	-0.046163	0.835768	0.428846	0.342904
41275	8.942477	0.183675	2.413211	-0.017176	1.231082	-0.017636	-0.292592	-0.205219	0.933957	0.470841	-0.881014	-0.046079	0.832285	0.426263	0.354403
41276	8.883645	0.260220	2.506188	-0.043044	1.190714	-0.053737	-0.302682	-0.209825	0.929708	0.470383	-0.881276	-0.045754	0.828929	0.423470	0.365445
41277	8.794495	0.315259	2.537605	-0.118263	1.156709	-0.097426	-0.312670	-0.213877	0.925470	0.469175	-0.881942	-0.045307	0.825901	0.420041	0.376102
41278	8.671161	0.424545	2.499652	-0.233848	1.133495	-0.139717	-0.322618	-0.217401	0.921224	0.466861	-0.883189	-0.044928	0.823382	0.415590	0.386429
41279	8.651206	0.346028	2.524844	-0.357386	1.103953	-0.169431	-0.332443	-0.220492	0.916987	0.463439	-0.884996	-0.044786	0.821405	0.410079	0.396396
41280	8.669384	0.378240	2.626837	-0.466472	1.053308	-0.183927	-0.341884	-0.223170	0.912858	0.459050	-0.887270	-0.044991	0.819993	0.403666	0.405790
41281	8.683760	0.437419	2.796030	-0.568214	0.980219	-0.183084	-0.350711	-0.225497	0.908930	0.453832	-0.889916	-0.045668	0.819169	0.396485	0.414441
41282	8.677719	0.415208	2.898563	-0.694030	0.905755	-0.181837	-0.358898	-0.227453	0.905239	0.447562	-0.893020	-0.046939	0.819073	0.388305	0.422302
41283	8.574630	0.220630	3.022215	-0.795882	0.852860	-0.193201	-0.366701	-0.229029	0.901707	0.440415	-0.896478	-0.048595	0.819491	0.379306	0.429607
41284	8.426523	0.043978	3.049972	-0.857397	0.801307	-0.201660	-0.374099	-0.230243	0.898353	0.432700	-0.900122	-0.050508	0.820256	0.369822	0.436361
41285	8.264206	-0.175052	3.306073	-0.902518	0.752267	-0.198654	-0.381083	-0.231228	0.895159	0.424618	-0.903837	-0.052703	0.821265	0.360016	0.442620
41286	8.014697	-0.418298	3.632029	-0.939131	0.693354	-0.201382	-0.387577	-0.231890	0.892194	0.416187	-0.907608	-0.055101	0.822540	0.349964	0.448278
41287	7.913160	-0.542579	3.882429	-0.952520	0.605357	-0.205457	-0.393365	-0.232143	0.889592	0.407619	-0.911335	-0.057573	0.824082	0.339967	0.453113
41288	8.088619	-0.646123	4.161482	-0.931092	0.500244	-0.200425	-0.398250	-0.232016	0.887449	0.399207	-0.914893	-0.060043	0.825851	0.330364	0.456978
41289	8.572340	-0.498201	4.237471	-0.874771	0.429434	-0.199412	-0.402546	-0.231621	0.885612	0.391254	-0.918172	-0.062296	0.827573	0.321422	0.460229
41290	8.673999	-0.522785	4.189759	-0.875294	0.454599	-0.244070	-0.407207	-0.230844	0.883682	0.383078	-0.921483	-0.064193	0.829116	0.312379	0.463666
41291	8.261872	-0.981496	4.292656	-0.851542	0.501239	-0.318969	-0.412533	-0.229478	0.881565	0.374783	-0.924806	-0.065352	0.830273	0.303436	0.467518
41292	7.624028	-1.612050	4.614345	-0.783541	0.524818	-0.396545	-0.418314	-0.227403	0.879376	0.366691	-0.928030	-0.065552	0.830994	0.295038	0.471594
41293	7.066243	-1.963576	4.760292	-0.649905	0.533906	-0.421483	-0.424240	-0.225077	0.877132	0.359592	-0.930847	-0.064938	0.831092	0.287860	0.475839
41294	6.665911	-2.259014	4.848326	-0.482186	0.505700	-0.383074	-0.429760	-0.222978	0.874978	0.354014	-0.933055	-0.063898	0.830650	0.282294	0.479927
41295	6.697818	-2.460350	4.872880	-0.312021	0.453355	-0.293093	-0.434516	-0.221550	0.872990	0.350232	-0.934552	-0.062851	0.829779	0.278440	0.483672
41296	6.990362	-2.656533	5.035220	-0.152582	0.403064	-0.185463	-0.438458	-0.220963	0.871166	0.348222	-0.935360	-0.061985	0.828550	0.276181	0.487061
41297	7.401193	-2.869890	5.240460	-0.040918	0.353754	-0.111795	-0.441737	-0.220931	0.869516	0.347464	-0.935692	-0.061225	0.827126	0.275080	0.490096
41298	7.958031	-3.031617	5.369104	0.056062	0.308449	-0.094844	-0.444567	-0.220922	0.868074	0.347572	-0.935723	-0.060136	0.825563	0.274984	0.492778
41299	8.302929	-2.965393	5.174816	0.162464	0.303014	-0.130416	-0.447482	-0.220576	0.866664	0.348399	-0.935537	-0.058218	0.823637	0.275893	0.495485
41300	8.336151	-2.627436	4.790450	0.330752	0.301540	-0.185684	-0.450563	-0.219705	0.865288	0.350350	-0.935004	-0.054976	0.821126	0.278383	0.498252
41301	8.077892	-2.235230	4.432136	0.568704	0.264126	-0.235919	-0.453521	-0.218282	0.864102	0.354009	-0.933898	-0.050113	0.817922	0.283173	0.500816
41302	7.887326	-1.764637	4.141713	0.837869	0.187669	-0.246246	-0.455883	-0.216552	0.863294	0.359791	-0.932005	-0.043792	0.814077	0.290641	0.502799
41303	7.687709	-1.048682	3.961305	1.105315	0.103397	-0.210290	-0.457449	-0.214941	0.862868	0.367866	-0.929165	-0.036431	0.809577	0.300754	0.504115
41304	7.502259	-0.261816	3.981058	1.300461	0.030325	-0.179422	-0.458315	-0.213398	0.862791	0.377604	-0.925534	-0.028333	0.804589	0.312808	0.504766
41305	7.361868	0.516722	3.946782	1.378415	-0.052149	-0.151865	-0.458439	-0.211867	0.863103	0.388024	-0.921430	-0.020085	0.799544	0.325697	0.504629
41306	7.209405	1.328431	3.687773	1.331768	-0.156758	-0.162207	-0.457778	-0.209882	0.863938	0.397963	-0.917323	-0.011981	0.795025	0.338330	0.503455
41307	7.067660	2.054135	3.406557	1.156486	-0.299042	-0.199304	-0.456167	-0.207064	0.865469	0.406288	-0.913734	-0.004467	0.791733	0.349592	0.500943
41308	7.168915	2.533509	2.978639	0.879450	-0.461225	-0.238437	-0.453446	-0.203281	0.867793	0.412223	-0.911081	0.001977	0.790227	0.358621	0.496923
41309	7.411217	2.842252	2.474221	0.526164	-0.621369	-0.280071	-0.449652	-0.198518	0.870864	0.415182	-0.909711	0.006996	0.790846	0.364713	0.491474
41310	7.639645	2.976160	1.873909	0.149543	-0.779245	-0.316363	-0.444742	-0.192812	0.874659	0.415015	-0.909754	0.010476	0.793705	0.367656	0.484625
41311	8.310716	2.791517	1.138126	-0.173954	-0.944350	-0.333455	-0.438560	-0.186335	0.879172	0.412226	-0.910995	0.012552	0.798583	0.367922	0.476339
41312	9.867383	2.244093	0.716690	-0.454702	-1.101072	-0.321507	-0.430999	-0.179388	0.884342	0.407244	-0.913223	0.013231	0.805228	0.365846	0.466653
41313	11.756180	1.687419	1.307001	-0.800902	-1.172228	-0.269947	-0.422556	-0.172690	0.889733	0.399680	-0.916577	0.011918	0.813451	0.360645	0.456326
41314	12.828021	1.332983	2.905511	-1.281334	-1.056059	-0.248693	-0.414845	-0.166673	0.894496	0.388218	-0.921530	0.008336	0.822916	0.350718	0.446998
41315	12.220794	0.868998	4.665992	-1.827052	-0.819458	-0.320481	-0.409230	-0.160926	0.898128	0.371838	-0.928292	0.003097	0.833227	0.335225	0.439724
41316	11.023129	-0.179953	6.136238	-2.245785	-0.642801	-0.430156	-0.405346	-0.154852	0.900953	0.351316	-0.936253	-0.002859	0.843962	0.315360	0.433908
41317	11.180659	-1.471420	7.240163	-2.398595	-0.563917	-0.486674	-0.402167	-0.148588	0.903429	0.329053	-0.944270	-0.008825	0.854392	0.293727	0.428647
41318	11.965451	-2.275373	7.368813	-2.192569	-0.438965	-0.499617	-0.399941	-0.142637	0.905374	0.308284	-0.951196	-0.013674	0.863138	0.273644	0.424395
41319	11.068023	-2.865103	5.832734	-1.710416	-0.303535	-0.552284	-0.398924	-0.136596	0.906753	0.291331	-0.956490	-0.015918	0.869475	0.257816	0.421361
41320	9.679482	-4.090412	4.066587	-1.164326	-0.359026	-0.583749	-0.397411	-0.130126	0.908368	0.278921	-0.960189	-0.015522	0.874224	0.247194	0.417884
41321	9.282589	-5.327375	3.334593	-0.545709	-0.464091	-0.480839	-0.394628	-0.124404	0.910380	0.272302	-0.962118	-0.013437	0.877565	0.242596	0.413554
41322	9.001483	-5.457514	3.331708	0.108217	-0.450107	-0.310003	-0.391472	-0.120357	0.912285	0.272099	-0.962215	-0.010183	0.879040	0.244245	0.409429
41323	8.531886	-4.508085	3.184951	0.737325	-0.401619	-0.147133	-0.388303	-0.117983	0.913948	0.278060	-0.960546	-0.005861	0.878581	0.251856	0.405789
41324	8.509510	-3.433284	2.799691	1.268176	-0.406854	-0.040292	-0.384799	-0.116577	0.915609	0.289098	-0.957299	-0.000387	0.876557	0.264552	0.402071
41325	9.009802	-2.333511	2.465451	1.652855	-0.445729	0.019227	-0.380796	-0.115583	0.917407	0.303681	-0.952755	0.006015	0.873368	0.280889	0.397905
41326	9.482760	-1.037187	2.199729	1.856868	-0.477598	0.037386	-0.376470	-0.114582	0.919316	0.320067	-0.947306	0.013000	0.869383	0.299137	0.393306
41327	9.532156	0.453113	2.331650	1.847510	-0.483780	0.009635	-0.372193	-0.113217	0.921224	0.336168	-0.941588	0.020099	0.865138	0.317167	0.388512
41328	9.323903	2.174261	2.702581	1.636018	-0.491664	-0.041452	-0.368042	-0.111257	0.923129	0.350201	-0.936292	0.026778	0.861339	0.333136	0.383557
41329	9.030485	3.454329	2.930254	1.279757	-0.487605	-0.098870	-0.364148	-0.108710	0.924975	0.360885	-0.932043	0.032534	0.858579	0.345657	0.378633
41330	8.799490	4.060417	3.126694	0.841397	-0.484168	-0.131471	-0.360423	-0.105819	0.926767	0.367690	-0.929216	0.036897	0.857263	0.354062	0.373819
41331	8.708783	4.101931	3.261746	0.396192	-0.486440	-0.158612	-0.356786	-0.102643	0.928530	0.370566	-0.927953	0.039810	0.857546	0.358285	0.369116
41332	8.736305	3.658557	3.362159	0.002208	-0.499046	-0.176805	-0.353107	-0.099238	0.930305	0.370019	-0.928099	0.041441	0.859303	0.358864	0.364438
41333	8.746423	2.940890	3.464845	-0.314789	-0.519448	-0.200004	-0.349321	-0.095551	0.932118	0.366662	-0.929400	0.042138	0.862284	0.356492	0.359694
41334	8.798401	2.080421	3.542081	-0.529389	-0.557370	-0.220381	-0.345256	-0.091552	0.934032	0.361384	-0.931458	0.042282	0.866141	0.352142	0.354677
41335	8.897343	1.120225	3.546007	-0.642429	-0.582557	-0.237812	-0.340999	-0.087326	0.935999	0.355047	-0.933894	0.042220	0.870437	0.346721	0.349462
41336	9.043134	0.278265	3.492093	-0.656707	-0.578486	-0.252329	-0.336790	-0.083004	0.937914	0.348524	-0.936345	0.042284	0.874702	0.341127	0.344280
41337	9.172646	-0.376021	3.529338	-0.575674	-0.575857	-0.244700	-0.332537	-0.078788	0.939793	0.342718	-0.938473	0.042590	0.878615	0.336246	0.339079
41338	9.258977	-0.823708	3.487653	-0.451711	-0.544414	-0.237449	-0.328503	-0.074765	0.941539	0.338019	-0.940144	0.043281	0.881946	0.332476	0.334112
41339	9.254346	-1.136608	3.484038	-0.291478	-0.522003	-0.236351	-0.324637	-0.070841	0.943182	0.334729	-0.941262	0.044515	0.884628	0.330162	0.329282
41340	9.189813	-1.125187	3.458213	-0.110630	-0.495578	-0.227185	-0.320957	-0.067095	0.944714	0.333079	-0.941763	0.046275	0.886592	0.329516	0.324614
41341	9.125812	-0.834523	3.580847	0.049348	-0.462257	-0.212737	-0.317514	-0.063597	0.946118	0.332892	-0.941721	0.048415	0.887901	0.330327	0.320181
41342	8.964541	-0.324536	3.697976	0.154650	-0.435810	-0.199741	-0.314259	-0.060301	0.947420	0.333697	-0.941312	0.050775	0.888756	0.332108	0.315938
41343	9.021462	0.202257	3.943104	0.195733	-0.419550	-0.181268	-0.311084	-0.057229	0.948658	0.334923	-0.940750	0.053076	0.889412	0.334238	0.311820
41344	9.132921	0.669404	4.222879	0.151291	-0.382714	-0.167922	-0.308193	-0.054394	0.949768	0.335811	-0.940315	0.055115	0.890083	0.335929	0.308065
41345	9.076167	0.737258	4.125971	0.093129	-0.335688	-0.151373	-0.305663	-0.051874	0.950726	0.336229	-0.940066	0.056807	0.890798	0.337025	0.304784
41346	9.124957	0.561888	4.212204	0.053768	-0.294440	-0.132177	-0.303433	-0.049665	0.951557	0.336367	-0.939931	0.058203	0.891507	0.337734	0.301912
41347	9.120799	0.437765	4.165846	0.071754	-0.230835	-0.108539	-0.301692	-0.047897	0.952202	0.336733	-0.939723	0.059420	0.891960	0.338564	0.299636
41348	8.984555	0.310393	3.843955	0.142307	-0.169811	-0.074528	-0.300379	-0.046648	0.952679	0.337840	-0.939255	0.060530	0.891985	0.340035	0.297892
41349	8.900894	0.267546	3.442895	0.245920	-0.144996	-0.045021	-0.299191	-0.045764	0.953095	0.339953	-0.938419	0.061657	0.891581	0.342454	0.296324
41350	8.919102	0.239144	3.126880	0.357974	-0.133692	-0.015809	-0.298003	-0.045183	0.953495	0.343157	-0.937173	0.062840	0.890751	0.345925	0.294786
41351	8.917935	0.394821	2.913781	0.466985	-0.146128	0.010683	-0.296618	-0.044808	0.953944	0.347400	-0.935525	0.064078	0.889568	0.350407	0.293060
41352	8.987294	0.645321	2.640265	0.591793	-0.181400	0.036029	-0.294830	-0.044530	0.954512	0.352828	-0.933397	0.065437	0.888025	0.356071	0.290905
41353	9.074596	1.008969	2.387171	0.646050	-0.200701	0.040989	-0.292856	-0.044224	0.955133	0.358734	-0.931041	0.066884	0.886310	0.362226	0.288525
41354	9.153433	1.351525	2.075355	0.667939	-0.241846	0.045700	-0.290498	-0.043791	0.955873	0.364843	-0.928558	0.068339	0.884591	0.368596	0.285721
41355	9.236110	1.614581	1.911224	0.638439	-0.301312	0.034998	-0.287658	-0.043028	0.956766	0.370641	-0.926151	0.069785	0.883107	0.374691	0.282362
41356	9.280932	1.806234	1.854989	0.564500	-0.347958	0.020743	-0.284458	-0.041931	0.957771	0.375743	-0.923989	0.071143	0.881987	0.380113	0.278592
41357	9.383571	1.777491	1.665686	0.474950	-0.400248	0.002222	-0.280872	-0.040451	0.958892	0.379992	-0.922152	0.072403	0.881316	0.384707	0.274378
41358	9.492458	1.701576	1.488799	0.389704	-0.455381	-0.008277	-0.276839	-0.038639	0.960139	0.383463	-0.920626	0.073516	0.881088	0.388530	0.269682
41359	9.725510	1.469145	1.261531	0.334157	-0.507642	-0.011668	-0.272361	-0.036579	0.961500	0.386431	-0.919305	0.074489	0.881187	0.391841	0.264518
41360	9.918252	1.140766	1.074727	0.284972	-0.552870	-0.022938	-0.267526	-0.034218	0.962943	0.388941	-0.918170	0.075429	0.881564	0.394707	0.258943
41361	9.953536	0.815587	0.890305	0.300941	-0.583652	-0.025930	-0.262429	-0.031694	0.964431	0.391581	-0.916965	0.076418	0.881927	0.397707	0.253049
