// General information: 
//  MT Manager version: 2022.2.0 
//  XDA version: 2022.2.0 build 7381 rev 124627 built on 2023-07-19
// Device information: 
//  DeviceId: 00B4CAF0
//  ProductCode: MTW2-3A7G6
//  Firmware Version: 4.6.0
//  Hardware Version: 2.0.0
// Device settings: 
//  Filter Profile: human(46.1)
//  Option Flags: Orientation Smoother Disabled, Position/Velocity Smoother Disabled, Continuous Zero Rotation Update Disabled, AHS Disabled, ICC Disabled
// Coordinate system: ENU
PacketCounter	Acc_X	Acc_Y	Acc_Z	Gyr_X	Gyr_Y	Gyr_Z	Mat[1][1]	Mat[2][1]	Mat[3][1]	Mat[1][2]	Mat[2][2]	Mat[3][2]	Mat[1][3]	Mat[2][3]	Mat[3][3]
60188	4.840898	1.055891	9.029219	0.001525	0.001589	0.003023	-0.462684	-0.749925	0.472796	0.874395	-0.473953	0.103933	0.146141	0.461499	0.875021
60189	4.841229	1.054424	9.004987	0.003141	0.004555	0.001422	-0.462762	-0.749796	0.472925	0.874353	-0.474003	0.104058	0.146146	0.461657	0.874937
60190	4.839640	1.030227	9.006756	0.003140	0.006178	0.004424	-0.462728	-0.749835	0.472895	0.874377	-0.473960	0.104055	0.146109	0.461638	0.874953
60191	4.840972	1.053344	8.981027	0.006194	0.002863	-0.001539	-0.462743	-0.749811	0.472919	0.874371	-0.473963	0.104089	0.146099	0.461673	0.874936
60192	4.864660	1.054324	9.006040	0.007557	0.000025	0.006205	-0.462684	-0.749830	0.472946	0.874409	-0.473886	0.104117	0.146052	0.461722	0.874918
60193	4.840262	1.055881	9.005336	0.007630	0.001451	0.003106	-0.462616	-0.749919	0.472873	0.874458	-0.473798	0.104104	0.145977	0.461668	0.874959
60194	4.862185	1.006720	9.009117	0.007702	0.002878	0.000006	-0.462615	-0.749922	0.472868	0.874469	-0.473767	0.104162	0.145916	0.461695	0.874955
60195	4.840894	1.081462	9.003913	0.006211	0.004437	-0.000063	-0.462663	-0.749900	0.472856	0.874461	-0.473754	0.104286	0.145813	0.461743	0.874947
60196	4.864405	1.054928	8.981885	0.006139	0.003011	0.003037	-0.462637	-0.749919	0.472852	0.874483	-0.473707	0.104317	0.145764	0.461762	0.874945
60197	4.863693	1.056642	9.006290	-0.001526	0.000034	-0.000021	-0.462634	-0.749941	0.472819	0.874487	-0.473700	0.104312	0.145746	0.461733	0.874963
60198	4.838465	1.059290	9.030125	0.003140	0.006179	0.004423	-0.462601	-0.749980	0.472789	0.874511	-0.473656	0.104310	0.145709	0.461713	0.874980
60199	4.839128	1.056271	8.981677	0.003177	0.006080	0.001373	-0.462473	-0.750102	0.472722	0.874562	-0.473610	0.104091	0.145807	0.461564	0.875042
60200	4.862670	1.056884	9.006814	0.002997	0.000080	0.004618	-0.462429	-0.750115	0.472745	0.874587	-0.473565	0.104085	0.145800	0.461589	0.875030
60201	4.837495	1.032198	8.983464	0.003177	0.006080	0.001373	-0.462426	-0.750139	0.472709	0.874595	-0.473547	0.104100	0.145760	0.461567	0.875048
60202	4.861438	1.058708	9.031485	0.001560	0.003114	0.002974	-0.462400	-0.750158	0.472704	0.874610	-0.473521	0.104090	0.145752	0.461563	0.875052
60203	4.837407	1.058360	9.006579	0.004613	0.003045	0.003016	-0.462373	-0.750165	0.472720	0.874625	-0.473494	0.104089	0.145746	0.461581	0.875044
60204	4.811639	1.035397	9.007565	0.004613	0.003045	0.003016	-0.462347	-0.750184	0.472716	0.874645	-0.473453	0.104105	0.145711	0.461591	0.875044
60205	4.863780	1.078952	8.957104	0.004541	-0.000004	0.003114	-0.462296	-0.750228	0.472696	0.874677	-0.473397	0.104092	0.145680	0.461577	0.875056
60206	4.862139	1.056455	8.982932	0.004505	-0.001529	0.003162	-0.462261	-0.750226	0.472732	0.874698	-0.473356	0.104106	0.145667	0.461621	0.875035
60207	4.861426	1.058382	9.007310	0.004686	0.004471	-0.000084	-0.462377	-0.750116	0.472793	0.874653	-0.473393	0.104316	0.145568	0.461763	0.874977
60208	4.836861	1.059831	9.006699	0.004541	-0.000004	0.003114	-0.462346	-0.750121	0.472816	0.874673	-0.473352	0.104332	0.145547	0.461797	0.874963
60209	4.836897	1.060158	9.006642	0.006067	-0.000039	0.003135	-0.462298	-0.750071	0.472941	0.874680	-0.473353	0.104272	0.145656	0.461877	0.874903
60210	4.836249	1.034590	8.983859	0.006120	0.003060	0.004562	-0.462259	-0.750097	0.472939	0.874709	-0.473294	0.104295	0.145608	0.461895	0.874901
60211	4.886057	1.057108	8.983645	0.006086	-0.000089	0.001609	-0.462180	-0.750127	0.472968	0.874739	-0.473260	0.104196	0.145677	0.461881	0.874897
60212	4.861568	1.058517	8.982998	0.003087	0.003080	0.002995	-0.462154	-0.750145	0.472965	0.874756	-0.473228	0.104198	0.145656	0.461885	0.874898
60213	4.861321	1.058581	8.983124	0.001561	0.003115	0.002974	-0.462070	-0.750199	0.472961	0.874787	-0.473201	0.104063	0.145738	0.461825	0.874916
60214	4.835422	1.035312	8.984222	0.003103	0.006279	0.007473	-0.462009	-0.750254	0.472935	0.874825	-0.473135	0.104044	0.145702	0.461804	0.874933
60215	4.811300	1.062449	9.006482	0.004577	0.001520	0.003065	-0.461951	-0.750356	0.472829	0.874872	-0.473049	0.104039	0.145604	0.461725	0.874991
60216	4.834413	1.037233	9.008758	0.003070	0.001505	0.001518	-0.461935	-0.750361	0.472837	0.874883	-0.473027	0.104048	0.145591	0.461740	0.874985
60217	4.836085	1.087699	9.029970	0.004522	0.000046	0.004639	-0.461956	-0.750318	0.472884	0.874885	-0.472995	0.104172	0.145509	0.461842	0.874945
60218	4.859953	1.060762	9.007825	0.002996	0.000080	0.004618	-0.461911	-0.750331	0.472908	0.874910	-0.472951	0.104166	0.145503	0.461867	0.874933
60219	4.835539	1.061896	9.007166	0.001525	0.001590	0.003023	-0.461897	-0.750237	0.473070	0.874892	-0.472995	0.104109	0.145653	0.461973	0.874852
60220	4.836589	1.086291	9.005645	0.003051	0.001555	0.003044	-0.461868	-0.750249	0.473081	0.874910	-0.472963	0.104111	0.145640	0.461989	0.874846
60221	4.882369	1.009535	8.987406	0.003032	0.001605	0.004569	-0.461807	-0.750338	0.472998	0.874955	-0.472883	0.104098	0.145564	0.461924	0.874893
60222	4.860226	1.086991	9.030725	0.003033	-0.000020	0.001568	-0.461788	-0.750336	0.473020	0.874965	-0.472861	0.104106	0.145558	0.461951	0.874880
60223	4.834486	1.036364	8.984604	0.003141	0.006180	0.004421	-0.461749	-0.750431	0.472906	0.875004	-0.472787	0.104119	0.145450	0.461871	0.874940
60224	4.859037	1.061254	9.008261	0.001580	0.003065	0.001448	-0.461737	-0.750443	0.472901	0.875012	-0.472773	0.104115	0.145442	0.461868	0.874943
60225	4.833236	1.038111	9.009289	0.001580	0.003065	0.001448	-0.461698	-0.750428	0.472962	0.875014	-0.472789	0.104023	0.145549	0.461876	0.874921
60226	4.834141	1.062655	9.007827	0.004632	0.002995	0.001491	-0.461685	-0.750439	0.472957	0.875027	-0.472760	0.104046	0.145515	0.461887	0.874920
60227	4.858407	1.061768	9.008540	0.003014	0.000030	0.003093	-0.461718	-0.750313	0.473124	0.874998	-0.472802	0.104101	0.145586	0.462047	0.874824
60228	4.834598	1.061474	8.983503	0.004577	0.001520	0.003065	-0.461689	-0.750324	0.473135	0.875018	-0.472762	0.104115	0.145560	0.462070	0.874816
60229	4.856499	1.039391	9.034505	0.003032	0.001605	0.004569	-0.461646	-0.750273	0.473259	0.875020	-0.472774	0.104044	0.145683	0.462142	0.874758
60230	4.859319	1.058952	8.959949	0.003068	0.003130	0.004520	-0.461607	-0.750298	0.473258	0.875044	-0.472731	0.104039	0.145663	0.462146	0.874759
60231	4.858333	1.060835	8.984475	0.006232	0.006009	0.001413	-0.461580	-0.750272	0.473324	0.875043	-0.472744	0.103980	0.145748	0.462174	0.874730
60232	4.881627	1.033945	8.962650	0.000108	0.006200	0.002853	-0.461560	-0.750303	0.473295	0.875056	-0.472727	0.103956	0.145741	0.462142	0.874748
60233	4.857849	1.087001	9.007784	0.004667	0.006145	0.004443	-0.461463	-0.750474	0.473118	0.875124	-0.472615	0.103890	0.145636	0.461978	0.874852
60234	4.830755	1.039559	9.010452	0.001561	0.003115	0.002973	-0.461437	-0.750492	0.473115	0.875139	-0.472590	0.103878	0.145630	0.461975	0.874855
60235	4.833389	1.086614	8.983105	0.001598	0.004640	0.002924	-0.461392	-0.750556	0.473057	0.875165	-0.472551	0.103831	0.145612	0.461910	0.874892
60236	4.829979	1.039564	9.010867	0.001634	0.006165	0.002874	-0.461371	-0.750588	0.473027	0.875180	-0.472526	0.103820	0.145592	0.461883	0.874910
60237	4.828449	1.042748	9.059739	0.002993	0.001707	0.007620	-0.461304	-0.750647	0.472999	0.875224	-0.472448	0.103811	0.145542	0.461869	0.874926
60238	4.830760	1.063800	9.009506	0.001524	0.001590	0.003023	-0.461274	-0.750658	0.473010	0.875239	-0.472422	0.103798	0.145543	0.461876	0.874921
60239	4.855241	1.062682	9.010139	0.002921	-0.002969	0.004718	-0.461192	-0.750675	0.473064	0.875271	-0.472381	0.103713	0.145612	0.461891	0.874902
60240	4.856654	1.059383	8.961343	0.001449	0.000167	0.006123	-0.461133	-0.750695	0.473090	0.875301	-0.472333	0.103684	0.145621	0.461908	0.874892
60241	4.854749	1.009083	8.940253	0.003124	0.004604	0.002945	-0.461128	-0.750686	0.473108	0.875304	-0.472323	0.103700	0.145613	0.461933	0.874880
60242	4.879359	1.006640	8.916766	0.006196	0.004483	0.001463	-0.461116	-0.750703	0.473092	0.875319	-0.472287	0.103735	0.145561	0.461941	0.874884
60243	4.827746	1.015974	9.012936	0.007741	0.004397	-0.000041	-0.461166	-0.750687	0.473070	0.875315	-0.472263	0.103883	0.145429	0.461992	0.874879
60244	4.830397	1.091329	9.032576	0.007687	0.001297	-0.001467	-0.461176	-0.750675	0.473078	0.875318	-0.472243	0.103946	0.145378	0.462032	0.874867
60245	4.828402	1.043506	9.035467	0.010462	-0.009397	0.000451	-0.461127	-0.750653	0.473162	0.875344	-0.472190	0.103970	0.145377	0.462123	0.874819
60246	4.858054	1.087134	8.959222	0.013365	-0.013941	0.003694	-0.461070	-0.750595	0.473309	0.875379	-0.472105	0.104057	0.145346	0.462303	0.874729
60247	4.859142	1.088055	8.958520	0.011931	-0.009280	0.005048	-0.461010	-0.750570	0.473407	0.875419	-0.472016	0.104129	0.145300	0.462434	0.874667
60248	4.858831	1.064418	8.959565	0.007390	-0.009275	0.001933	-0.460974	-0.750526	0.473512	0.875437	-0.471972	0.104173	0.145300	0.462551	0.874606
60249	4.857700	1.042152	8.985113	0.005937	-0.004563	0.004812	-0.460955	-0.750444	0.473661	0.875440	-0.471958	0.104211	0.145343	0.462698	0.874520
60250	4.834286	1.069735	9.006911	0.009045	-0.003161	0.003279	-0.460917	-0.750434	0.473713	0.875467	-0.471896	0.104263	0.145301	0.462777	0.874485
60251	4.833890	1.044359	8.983999	0.007593	-0.000076	0.003157	-0.460867	-0.750429	0.473769	0.875489	-0.471860	0.104242	0.145326	0.462822	0.874458
60252	4.857788	1.017850	8.961817	0.007594	-0.001703	0.000157	-0.460858	-0.750411	0.473806	0.875500	-0.471828	0.104296	0.145290	0.462883	0.874431
60253	4.857041	1.047821	9.033240	0.009249	0.004412	0.001502	-0.460855	-0.750410	0.473811	0.875511	-0.471794	0.104355	0.145232	0.462920	0.874422
60254	4.836069	1.095227	8.980616	0.012190	-0.000234	0.001696	-0.460835	-0.750406	0.473837	0.875536	-0.471730	0.104442	0.145149	0.462992	0.874397
60255	4.806591	1.001660	9.010501	0.010572	-0.004824	0.000301	-0.460757	-0.750356	0.473993	0.875550	-0.471727	0.104332	0.145309	0.463076	0.874326
60256	4.886157	1.093144	8.957012	0.007521	-0.006380	-0.002741	-0.460766	-0.750302	0.474068	0.875548	-0.471718	0.104398	0.145296	0.463172	0.874277
60257	4.808880	1.028088	9.008056	0.015152	-0.008186	-0.005635	-0.460836	-0.750144	0.474250	0.875514	-0.471739	0.104578	0.145274	0.463406	0.874157
60258	4.806933	0.983020	9.034896	0.019603	-0.016072	-0.009893	-0.460894	-0.750012	0.474404	0.875496	-0.471728	0.104784	0.145200	0.463633	0.874049
60259	4.886408	1.051292	8.982246	0.013369	-0.022081	-0.011299	-0.460949	-0.749920	0.474495	0.875482	-0.471714	0.104964	0.145111	0.463794	0.873978
60260	4.867274	1.127039	8.975551	0.010391	-0.018960	-0.011443	-0.461016	-0.749768	0.474671	0.875443	-0.471756	0.105096	0.145131	0.463999	0.873866
60261	4.814453	1.009287	8.981228	0.014841	-0.023588	-0.009702	-0.461084	-0.749551	0.474947	0.875400	-0.471797	0.105269	0.145174	0.464307	0.873695
60262	4.867992	1.030998	8.930546	0.040586	-0.033388	-0.010568	-0.461123	-0.749335	0.475250	0.875409	-0.471693	0.105662	0.144996	0.464762	0.873483
60263	4.894001	1.012614	8.954743	0.066331	-0.044816	-0.014436	-0.461131	-0.749139	0.475551	0.875466	-0.471462	0.106221	0.144630	0.465310	0.873252
60264	4.922719	1.044275	8.975246	0.069440	-0.041783	-0.012974	-0.461179	-0.748873	0.475924	0.875505	-0.471241	0.106876	0.144238	0.465963	0.872968
60265	4.900385	0.972431	8.879676	0.066602	-0.035828	-0.019324	-0.461312	-0.748452	0.476456	0.875466	-0.471176	0.107481	0.144050	0.466703	0.872604
60266	4.834546	1.193096	9.080840	0.069707	-0.036059	-0.023860	-0.461464	-0.748160	0.476768	0.875455	-0.471034	0.108190	0.143631	0.467315	0.872346
60267	4.884578	1.118309	8.987522	0.066888	-0.026897	-0.025745	-0.461646	-0.747957	0.476910	0.875444	-0.470889	0.108910	0.143112	0.467786	0.872178
60268	4.836930	1.103134	8.985954	0.059202	-0.029829	-0.027257	-0.461837	-0.747677	0.477164	0.875401	-0.470821	0.109544	0.142755	0.468301	0.871960
60269	4.943395	1.222831	8.928959	0.047014	-0.026340	-0.022941	-0.462018	-0.747427	0.477380	0.875355	-0.470779	0.110094	0.142454	0.468743	0.871773
60270	4.919236	1.178765	8.905742	0.048562	-0.023157	-0.018457	-0.462141	-0.747220	0.477585	0.875338	-0.470694	0.110593	0.142160	0.469158	0.871597
60271	4.920883	1.184036	8.904132	0.050179	-0.018560	-0.017079	-0.462271	-0.746990	0.477819	0.875313	-0.470624	0.111088	0.141892	0.469594	0.871406
60272	4.895092	1.143652	8.930015	0.053270	-0.015465	-0.014103	-0.462367	-0.746839	0.477962	0.875322	-0.470484	0.111607	0.141521	0.469974	0.871261
60273	4.894841	1.126939	8.954670	0.060833	-0.018682	-0.013899	-0.462373	-0.746781	0.478047	0.875376	-0.470285	0.112018	0.141166	0.470265	0.871162
60274	4.892471	1.061602	8.982942	0.054732	-0.016909	-0.010978	-0.462439	-0.746639	0.478205	0.875402	-0.470115	0.112534	0.140789	0.470662	0.871009
60275	4.895913	1.143398	9.024908	0.047238	-0.010644	-0.011296	-0.462564	-0.746436	0.478402	0.875386	-0.470022	0.113044	0.140479	0.471077	0.870834
60276	4.897846	1.171910	9.022084	0.034996	-0.010261	-0.008390	-0.462617	-0.746336	0.478506	0.875395	-0.469925	0.113376	0.140245	0.471331	0.870734
60277	4.926430	1.245247	8.992122	0.029096	-0.000981	-0.008809	-0.462685	-0.746286	0.478518	0.875394	-0.469864	0.113640	0.140030	0.471471	0.870693
60278	4.852662	1.224817	8.967561	0.021418	-0.000640	-0.004323	-0.462716	-0.746251	0.478542	0.875403	-0.469800	0.113834	0.139870	0.471590	0.870654
60279	4.874141	1.180737	9.020128	0.015174	-0.006605	-0.004163	-0.462785	-0.746082	0.478740	0.875370	-0.469815	0.114024	0.139848	0.471843	0.870521
60280	4.848247	1.134100	9.022787	0.002863	-0.009272	-0.001140	-0.462777	-0.746020	0.478843	0.875367	-0.469815	0.114042	0.139890	0.471940	0.870462
60281	4.900314	1.180508	9.019622	-0.004938	-0.015087	0.002054	-0.462732	-0.745843	0.479164	0.875338	-0.469907	0.113885	0.140222	0.472129	0.870306
60282	4.852036	1.156989	9.019660	-0.020337	-0.019212	0.005101	-0.462655	-0.745763	0.479362	0.875332	-0.469971	0.113671	0.140515	0.472191	0.870225
60283	4.706747	1.194239	9.135261	-0.031353	-0.029298	0.014535	-0.462534	-0.745673	0.479618	0.875347	-0.469997	0.113452	0.140821	0.472307	0.870112
60284	4.761211	1.237838	9.155594	-0.056357	-0.053041	0.018234	-0.462294	-0.745496	0.480125	0.875350	-0.470133	0.112861	0.141585	0.472452	0.869909
60285	4.578714	0.881649	9.249808	-0.015724	-0.074877	0.030172	-0.461947	-0.745312	0.480743	0.875472	-0.469954	0.112657	0.141962	0.472919	0.869594
60286	4.711904	0.946995	9.267463	-0.043762	-0.100304	0.027803	-0.461556	-0.744956	0.481671	0.875537	-0.469960	0.112131	0.142833	0.473475	0.869149
60287	4.648693	1.438598	9.271488	0.015716	-0.168502	0.037040	-0.460975	-0.744374	0.483124	0.875740	-0.469599	0.112056	0.143463	0.474746	0.868352
60288	4.790676	0.903529	9.085566	0.001936	-0.166265	0.047534	-0.460315	-0.743794	0.484645	0.875960	-0.469242	0.111830	0.144237	0.476007	0.867533
60289	5.034719	1.028605	8.972373	-0.029108	-0.188499	0.046611	-0.459546	-0.743178	0.486316	0.876153	-0.469048	0.111135	0.145512	0.477158	0.866687
60290	4.252144	1.333196	9.615752	0.021913	-0.226036	0.054483	-0.458733	-0.742341	0.488358	0.876433	-0.468544	0.111046	0.146383	0.478954	0.865549
60291	4.670029	1.326079	9.436885	0.028189	-0.280453	0.073384	-0.457702	-0.741256	0.490967	0.876784	-0.467915	0.110926	0.147507	0.481243	0.864087
60292	4.926681	0.932399	9.233250	0.034944	-0.316925	0.082446	-0.456504	-0.740099	0.493819	0.877211	-0.467142	0.110809	0.148674	0.483768	0.862476
60293	4.887321	0.991826	9.309601	0.041781	-0.352748	0.068571	-0.455393	-0.738693	0.496941	0.877576	-0.466452	0.110832	0.149928	0.486575	0.860678
60294	4.770189	1.370476	9.335437	0.034630	-0.396570	0.076377	-0.454119	-0.737100	0.500459	0.877974	-0.465725	0.110736	0.151453	0.489677	0.858649
60295	4.753692	1.701972	9.461134	0.021507	-0.435432	0.090137	-0.452599	-0.735430	0.504278	0.878425	-0.464980	0.110285	0.153373	0.492886	0.856470
60296	4.978162	1.820137	9.524579	0.042734	-0.510687	0.132731	-0.450639	-0.733506	0.508816	0.879089	-0.463800	0.109964	0.155329	0.496849	0.853823
60297	4.661168	2.432570	10.287537	-0.041554	-0.600472	0.203999	-0.447910	-0.731462	0.514140	0.879933	-0.462531	0.108545	0.158409	0.501028	0.850810
60298	4.098966	2.621329	10.918811	-0.103059	-0.713844	0.311387	-0.444017	-0.729292	0.520559	0.881155	-0.460782	0.106046	0.162526	0.505779	0.847215
60299	4.088993	2.318291	11.084117	-0.165058	-0.915374	0.430046	-0.438723	-0.726639	0.528694	0.882774	-0.458508	0.102372	0.168023	0.511630	0.842616
60300	4.223892	2.254706	11.365410	-0.163168	-1.129852	0.540687	-0.432004	-0.723274	0.538747	0.884847	-0.455436	0.098103	0.174409	0.519089	0.836736
60301	4.135329	2.133545	11.407622	-0.203092	-1.406376	0.637773	-0.423860	-0.718809	0.551051	0.887197	-0.451943	0.092889	0.182274	0.528263	0.829286
60302	4.053862	2.116651	11.634051	-0.301879	-1.695308	0.722076	-0.414264	-0.712998	0.565702	0.889656	-0.448391	0.086354	0.192086	0.539054	0.820076
60303	4.664342	1.755589	11.695737	-0.370364	-1.996155	0.812513	-0.403030	-0.705789	0.582605	0.892234	-0.444697	0.078501	0.203678	0.551459	0.808955
60304	4.346820	2.510827	11.689449	-0.392432	-2.231632	0.920502	-0.390112	-0.697386	0.601220	0.895059	-0.440437	0.069889	0.216061	0.565392	0.796021
60305	3.489317	3.568352	11.442450	-0.508630	-2.610361	1.092765	-0.374521	-0.687183	0.622506	0.898057	-0.435886	0.059129	0.230709	0.581191	0.780378
60306	3.620069	4.364933	11.380996	-0.745416	-3.177243	1.289020	-0.355294	-0.673998	0.647682	0.900970	-0.431521	0.045184	0.249035	0.599596	0.760569
60307	5.178337	3.137489	11.023880	-0.941151	-3.604468	1.444707	-0.332850	-0.658400	0.675070	0.903501	-0.427644	0.028396	0.269994	0.619379	0.737207
60308	8.811159	3.510146	11.220031	-0.823046	-3.805171	1.541508	-0.308240	-0.640964	0.702960	0.906136	-0.422822	0.011798	0.289665	0.640614	0.711131
60309	11.579697	6.093911	11.596345	-0.759477	-3.606015	1.722374	-0.281758	-0.624606	0.728340	0.908857	-0.417063	-0.006072	0.307556	0.660247	0.685189
60310	11.280055	7.213610	11.649433	-0.893632	-3.364598	2.049986	-0.252446	-0.610565	0.750654	0.911503	-0.410388	-0.027260	0.324703	0.677342	0.660133
60311	9.069875	6.365324	10.600159	-1.060580	-3.144691	2.354443	-0.220611	-0.598327	0.770283	0.913392	-0.403745	-0.052016	0.342121	0.692094	0.635577
60312	7.994455	3.698584	9.473367	-0.925620	-3.052654	2.435726	-0.187656	-0.586695	0.787765	0.915123	-0.395796	-0.076779	0.356840	0.706494	0.611172
60313	7.005392	1.829512	7.882429	-0.543221	-2.897452	2.423053	-0.154843	-0.575387	0.803090	0.917202	-0.385783	-0.099555	0.367101	0.721181	0.587482
60314	6.226620	1.068006	5.539442	-0.124619	-2.757777	2.383240	-0.122739	-0.564308	0.816390	0.920043	-0.373121	-0.119588	0.372097	0.736436	0.564984
60315	5.717740	0.562200	3.279851	0.036880	-2.346835	2.391828	-0.091603	-0.555722	0.826306	0.922690	-0.359440	-0.139449	0.374502	0.749650	0.545685
60316	-1.978459	4.309672	7.119021	-0.146425	-1.810927	1.518416	-0.070762	-0.547440	0.833848	0.923365	-0.352182	-0.152857	0.377346	0.759129	0.530408
60317	24.368455	9.274026	11.690279	0.810959	-0.071517	-0.558199	-0.075790	-0.544973	0.835021	0.925972	-0.349132	-0.143815	0.369908	0.762306	0.531090
60318	6.220228	13.430138	10.495852	0.302694	1.973122	-1.700068	-0.098767	-0.553900	0.826704	0.925594	-0.356194	-0.128072	0.365406	0.752543	0.547866
60319	-2.642314	11.505401	5.985357	-0.123309	2.353485	-2.533177	-0.131051	-0.562278	0.816498	0.922259	-0.371281	-0.107655	0.363682	0.738914	0.567222
60320	-3.060515	8.595383	5.722395	-0.626844	2.345620	-2.846847	-0.165758	-0.568541	0.805783	0.915739	-0.391975	-0.088190	0.365987	0.723268	0.585608
60321	-1.310326	4.329071	5.437724	-0.731770	2.256373	-2.999899	-0.201812	-0.572626	0.794589	0.907539	-0.414402	-0.068142	0.368299	0.707369	0.603312
60322	-0.424406	1.338292	5.251614	-0.409068	2.240563	-3.035115	-0.237459	-0.575405	0.782638	0.899361	-0.434702	-0.046724	0.367100	0.692779	0.620721
60323	0.038849	-0.013272	5.270504	0.078126	2.241670	-2.998188	-0.272885	-0.577567	0.769383	0.891976	-0.451519	-0.022583	0.360434	0.680108	0.638388
60324	0.564627	-0.563645	5.441871	0.540886	2.221771	-2.889036	-0.306433	-0.579309	0.755315	0.885520	-0.464593	0.002925	0.349219	0.669742	0.655356
60325	0.990793	-0.400441	5.846333	0.953573	2.140370	-2.686807	-0.337877	-0.581022	0.740441	0.880068	-0.473917	0.029710	0.333645	0.661677	0.671465
60326	1.736399	-0.278607	6.394138	1.224080	2.020698	-2.472178	-0.366125	-0.582519	0.725688	0.875335	-0.480248	0.056124	0.315817	0.655769	0.685731
60327	2.935138	0.267724	7.303947	1.381027	1.930232	-2.294415	-0.392482	-0.584128	0.710460	0.870765	-0.484729	0.082504	0.296187	0.651024	0.698885
60328	4.205963	0.768422	8.169343	1.411361	1.905164	-2.179714	-0.416852	-0.585866	0.694979	0.865979	-0.488334	0.107754	0.276252	0.646754	0.710911
60329	5.916455	1.130128	8.842899	1.339097	1.951442	-2.099214	-0.440569	-0.588220	0.678156	0.860425	-0.492158	0.132093	0.256060	0.641699	0.722949
60330	7.779957	1.079933	9.261232	1.215858	2.130114	-2.029123	-0.463198	-0.591771	0.659738	0.854243	-0.496380	0.154516	0.236042	0.635149	0.735439
60331	8.569990	0.656067	9.388683	1.078587	2.360618	-1.895652	-0.485027	-0.597280	0.638753	0.847558	-0.500973	0.175133	0.215395	0.626325	0.749215
60332	8.396299	0.109991	9.021958	1.030376	2.535276	-1.688192	-0.504467	-0.604525	0.616492	0.841312	-0.504728	0.193503	0.194183	0.616279	0.763213
60333	8.305620	0.071416	8.647850	1.025767	2.580624	-1.404872	-0.521347	-0.613218	0.593432	0.835813	-0.507185	0.210190	0.172087	0.605580	0.776954
60334	8.338934	0.555737	8.683837	1.018468	2.524124	-1.122867	-0.534770	-0.622655	0.571246	0.831523	-0.508020	0.224688	0.150301	0.595160	0.789426
60335	8.758415	1.197438	8.725454	0.952343	2.427266	-0.897505	-0.545969	-0.632412	0.549521	0.827807	-0.508233	0.237559	0.129049	0.584597	0.800995
60336	9.789307	1.960262	8.542461	0.835195	2.388067	-0.756070	-0.555053	-0.642383	0.528451	0.824638	-0.508227	0.248351	0.109037	0.573628	0.811826
60337	10.533615	2.106384	8.024747	0.692991	2.392933	-0.729160	-0.563734	-0.652261	0.506715	0.821071	-0.509177	0.258033	0.089703	0.561511	0.822593
60338	11.016720	1.988678	6.928747	0.606049	2.354725	-0.785554	-0.572061	-0.661315	0.485190	0.817097	-0.510982	0.266926	0.071401	0.549145	0.832671
60339	11.856553	1.850498	5.741701	0.604894	2.299806	-0.864842	-0.580800	-0.669364	0.463275	0.812321	-0.513596	0.276323	0.052975	0.536816	0.842034
60340	11.797075	1.298793	4.689758	0.633994	2.216887	-0.964237	-0.589578	-0.676153	0.441831	0.806957	-0.516727	0.286032	0.034905	0.525177	0.850277
60341	12.520161	1.151208	4.390528	0.724169	2.044792	-1.050209	-0.598757	-0.681315	0.421069	0.800756	-0.520197	0.296960	0.016715	0.514981	0.857039
60342	13.017828	0.166337	3.421423	0.823027	2.047781	-1.023179	-0.607067	-0.686410	0.400388	0.794648	-0.523006	0.308221	-0.002161	0.505279	0.862954
60343	11.811748	-0.700944	2.829565	1.002826	1.955332	-0.992633	-0.614814	-0.690992	0.380176	0.788359	-0.524860	0.320956	-0.022239	0.497043	0.867441
60344	11.765065	-0.622595	2.589703	1.203654	1.746502	-0.825515	-0.620734	-0.695276	0.362326	0.782871	-0.524644	0.334457	-0.042448	0.491263	0.869976
60345	12.075676	-0.613709	2.686358	1.370108	1.499941	-0.592290	-0.624644	-0.699506	0.347146	0.778393	-0.522067	0.348641	-0.062643	0.487993	0.870597
60346	11.996224	0.312089	2.744249	1.466817	1.250255	-0.345826	-0.626429	-0.703789	0.335065	0.775172	-0.517354	0.362564	-0.081822	0.486854	0.869643
60347	8.340233	5.760691	5.413321	1.489488	1.002835	-0.100386	-0.626323	-0.708146	0.325958	0.773154	-0.510760	0.375974	-0.099758	0.487497	0.867407
60348	5.338605	21.402717	5.171638	-2.827958	-0.904659	0.027941	-0.626886	-0.703903	0.333967	0.775763	-0.524244	0.351227	-0.072149	0.479259	0.874703
60349	6.183234	4.665781	0.245751	-5.292820	-1.011887	0.085574	-0.626722	-0.699609	0.343173	0.778847	-0.548357	0.304470	-0.024828	0.458097	0.888555
60350	9.899531	-7.982888	8.373401	-4.719342	-1.672089	-0.123304	-0.627701	-0.691368	0.357774	0.778131	-0.570498	0.262761	0.022445	0.443331	0.896077
60351	8.929915	-4.858152	12.564817	-3.852812	-0.894656	-1.074052	-0.635644	-0.681205	0.363204	0.769817	-0.594540	0.232172	0.057783	0.427179	0.902319
60352	-1.284427	-2.596110	12.654675	-3.132573	-0.313634	-1.573647	-0.647436	-0.670336	0.362596	0.757503	-0.618302	0.209503	0.083756	0.410308	0.908093
60353	-0.552059	-15.909313	11.279662	-0.620806	-1.583707	-1.636876	-0.658293	-0.653545	0.373537	0.746268	-0.631637	0.210046	0.098666	0.417030	0.903521
60354	1.973380	-14.828209	13.747599	-0.957477	-1.820043	-0.504952	-0.660075	-0.642682	0.388922	0.741901	-0.638938	0.203323	0.117825	0.422750	0.898554
60355	12.013407	-18.048097	17.202316	-0.261033	-1.943077	0.682529	-0.652577	-0.638701	0.407682	0.746045	-0.635688	0.198286	0.132514	0.433546	0.891335
60356	18.867673	-6.970342	16.896761	0.299439	-1.308552	0.689113	-0.645638	-0.637309	0.420700	0.750923	-0.629986	0.198071	0.138803	0.443796	0.885313
60357	11.645249	6.072526	11.192681	-0.115370	-0.158224	0.172932	-0.644099	-0.637684	0.422487	0.751873	-0.629429	0.196229	0.140793	0.444048	0.884872
60358	0.658512	1.342157	8.883381	-0.399174	-0.222491	0.042988	-0.643452	-0.636956	0.424567	0.751577	-0.630934	0.192495	0.145263	0.442957	0.884697
60359	4.644051	-1.749158	10.524529	-0.133007	-0.673435	0.107064	-0.641626	-0.634625	0.430775	0.752070	-0.630867	0.190781	0.150687	0.446383	0.882063
60360	6.220221	2.568453	9.272733	0.000905	-0.414845	0.072940	-0.640441	-0.633215	0.434597	0.752537	-0.630410	0.190454	0.153376	0.449025	0.880257
60361	3.279615	6.233162	7.391314	-0.016878	-0.437974	0.063874	-0.639255	-0.631633	0.438626	0.752920	-0.630108	0.189935	0.156413	0.451667	0.878369
60362	5.175255	6.012881	7.897073	-0.128539	-0.563677	0.126048	-0.637404	-0.629861	0.443837	0.753518	-0.629904	0.188231	0.161015	0.454419	0.876115
60363	5.468488	3.683053	8.451219	-0.169418	-0.429556	0.175806	-0.635350	-0.629000	0.447983	0.754367	-0.629580	0.185903	0.165108	0.456057	0.874500
60364	5.012977	2.745302	8.629149	-0.138540	-0.401575	0.218375	-0.633025	-0.628526	0.451923	0.755518	-0.628849	0.183690	0.168737	0.457716	0.872940
60365	5.401765	2.350130	9.003618	-0.137655	-0.355511	0.220381	-0.630721	-0.628268	0.455488	0.756685	-0.628099	0.181438	0.172100	0.459098	0.871557
60366	5.172283	1.006745	9.230535	-0.165850	-0.287631	0.204879	-0.628664	-0.628220	0.458390	0.757685	-0.627583	0.179037	0.175203	0.459869	0.870531
60367	5.423715	0.145049	9.644446	-0.143692	-0.233252	0.156485	-0.627032	-0.628115	0.460762	0.758423	-0.627264	0.177015	0.177833	0.460447	0.869692
60368	5.245481	0.120520	9.679802	-0.127430	-0.162455	0.109317	-0.625905	-0.628040	0.462394	0.758877	-0.627173	0.175383	0.179854	0.460674	0.869156
60369	4.852288	0.354909	9.486592	-0.128899	-0.140304	0.070623	-0.625081	-0.627824	0.463801	0.759094	-0.627331	0.173872	0.181796	0.460753	0.868710
60370	4.732847	1.533489	9.559971	-0.115773	-0.190162	0.050111	-0.624346	-0.627248	0.465566	0.759193	-0.627559	0.172614	0.183899	0.461225	0.868016
60371	4.867226	1.567507	8.968429	-0.146461	-0.107309	0.019494	-0.623966	-0.626863	0.466593	0.759050	-0.628124	0.171183	0.185770	0.460979	0.867748
60372	4.432264	2.224491	8.889881	-0.119178	-0.184594	0.033062	-0.623363	-0.626207	0.468278	0.759030	-0.628476	0.169975	0.187862	0.461393	0.867078
60373	4.783943	1.969402	8.966659	-0.123276	-0.210965	0.030369	-0.622700	-0.625411	0.470218	0.758992	-0.628867	0.168696	0.190200	0.461939	0.866277
60374	5.457033	1.712693	8.896625	-0.057311	-0.172434	0.019217	-0.622218	-0.624722	0.471771	0.758999	-0.629020	0.168090	0.191744	0.462662	0.865551
60375	5.185126	1.640285	8.889556	-0.015586	-0.137280	0.008048	-0.621859	-0.624124	0.473033	0.759025	-0.629053	0.167851	0.192803	0.463423	0.864908
60376	5.243208	1.328878	8.965636	0.016439	-0.095342	-0.012424	-0.621762	-0.623591	0.473864	0.758976	-0.629063	0.168032	0.193307	0.464127	0.864418
60377	5.239962	1.235476	9.086250	0.031597	-0.053156	-0.032917	-0.621874	-0.623124	0.474330	0.758839	-0.629132	0.168394	0.193486	0.464660	0.864091
60378	4.765191	1.462162	9.100752	0.007949	-0.044074	-0.020800	-0.621939	-0.622775	0.474703	0.758722	-0.629234	0.168542	0.193736	0.464990	0.863858
60379	5.373665	1.377925	8.906724	-0.003749	-0.031174	-0.019450	-0.621991	-0.622495	0.475002	0.758599	-0.629384	0.168533	0.194047	0.465162	0.863696
60380	5.018355	1.769205	8.918823	0.003053	-0.000028	-0.018367	-0.622123	-0.622366	0.474998	0.758488	-0.629493	0.168627	0.194060	0.465187	0.863679
60381	4.893431	1.456528	9.001031	-0.008064	0.005242	-0.018437	-0.622237	-0.622262	0.474985	0.758364	-0.629656	0.168576	0.194178	0.465105	0.863697
60382	4.930318	1.535239	8.974603	-0.022461	-0.006617	-0.021322	-0.622379	-0.622084	0.475033	0.758184	-0.629902	0.168463	0.194426	0.465011	0.863692
60383	4.794971	1.930019	8.865726	-0.028549	-0.007041	-0.018252	-0.622468	-0.621924	0.475125	0.758021	-0.630160	0.168234	0.194776	0.464875	0.863686
60384	4.817533	1.781686	8.821373	-0.042594	-0.003529	-0.018294	-0.622593	-0.621779	0.475152	0.757821	-0.630481	0.167933	0.195157	0.464634	0.863730
60385	4.479734	2.044836	8.741131	-0.050092	-0.005426	-0.002959	-0.622570	-0.621723	0.475255	0.757710	-0.630744	0.167447	0.195659	0.464353	0.863767
60386	4.490989	2.139924	8.738609	-0.062737	-0.039878	0.011286	-0.622399	-0.621595	0.475646	0.757654	-0.630974	0.166831	0.196419	0.464210	0.863672
60387	4.841067	1.816945	8.770577	-0.070582	-0.057173	0.022230	-0.622085	-0.621458	0.476235	0.757658	-0.631174	0.166051	0.197394	0.464122	0.863497
60388	4.873983	1.789526	8.769741	-0.065079	-0.049100	0.022119	-0.621813	-0.621357	0.476723	0.757664	-0.631348	0.165364	0.198228	0.464021	0.863360
60389	4.838717	1.730853	8.915914	-0.060752	-0.065601	0.022316	-0.621481	-0.621181	0.477385	0.757687	-0.631502	0.164670	0.199180	0.464047	0.863127
60390	5.077694	1.488207	8.846269	-0.033475	-0.042108	0.020457	-0.621234	-0.621101	0.477809	0.757744	-0.631539	0.164263	0.199731	0.464103	0.862969
60391	4.818710	1.594285	8.939949	-0.040281	-0.053541	0.003769	-0.621066	-0.620864	0.478336	0.757691	-0.631714	0.163834	0.200452	0.464183	0.862759
60392	5.057585	1.357153	9.016102	-0.032568	-0.054607	-0.006949	-0.621001	-0.620554	0.478823	0.757580	-0.631917	0.163566	0.201074	0.464321	0.862540
60393	5.063347	1.501126	8.913002	-0.028945	-0.042176	-0.014754	-0.620996	-0.620252	0.479220	0.757434	-0.632155	0.163324	0.201639	0.464401	0.862365
60394	4.952208	1.750125	8.759927	-0.030463	-0.022417	-0.016506	-0.621068	-0.620030	0.479414	0.757267	-0.632407	0.163120	0.202045	0.464353	0.862296
60395	4.789521	1.700165	8.907565	-0.051510	-0.026953	-0.004159	-0.621012	-0.619867	0.479697	0.757141	-0.632684	0.162633	0.202686	0.464195	0.862231
60396	4.968426	1.671097	8.809075	-0.056654	-0.039539	0.000582	-0.620920	-0.619674	0.480066	0.757026	-0.632952	0.162121	0.203396	0.464087	0.862122
60397	4.791937	1.711989	8.832420	-0.073608	-0.037697	0.008260	-0.620749	-0.619539	0.480461	0.756931	-0.633254	0.161385	0.204270	0.463855	0.862040
60398	4.762299	1.920355	8.778616	-0.087986	-0.049416	0.017603	-0.620506	-0.619408	0.480943	0.756857	-0.633562	0.160521	0.205279	0.463609	0.861932
60399	4.687724	1.948171	8.752907	-0.083965	-0.061171	0.036066	-0.620077	-0.619341	0.481583	0.756911	-0.633739	0.159563	0.206374	0.463457	0.861752
60400	4.554824	1.893591	8.850410	-0.098330	-0.092716	0.053239	-0.619474	-0.619235	0.482494	0.757034	-0.633874	0.158439	0.207729	0.463413	0.861450
60401	5.046852	1.633808	8.775315	-0.092218	-0.112036	0.065620	-0.618714	-0.619119	0.483616	0.757251	-0.633906	0.157269	0.209199	0.463524	0.861035
60402	4.799697	1.855073	8.769533	-0.086823	-0.102447	0.065507	-0.617994	-0.619047	0.484628	0.757471	-0.633912	0.156185	0.210526	0.463613	0.860664
60403	5.079700	1.541124	8.865953	-0.079925	-0.112627	0.067075	-0.617219	-0.618937	0.485755	0.757719	-0.633878	0.155114	0.211903	0.463805	0.860222
60404	5.077807	1.602299	8.763258	-0.067755	-0.091878	0.059196	-0.616567	-0.618873	0.486664	0.757937	-0.633835	0.154224	0.213020	0.463950	0.859868
60405	4.912990	1.764475	8.759128	-0.069235	-0.091935	0.066850	-0.615834	-0.618858	0.487610	0.758204	-0.633753	0.153246	0.214187	0.464082	0.859507
60406	4.882540	1.700003	8.830161	-0.079161	-0.101805	0.074621	-0.615041	-0.618845	0.488626	0.758489	-0.633668	0.152181	0.215450	0.464216	0.859119
60407	5.026300	1.462566	8.851766	-0.081094	-0.117269	0.071661	-0.614214	-0.618742	0.489794	0.758757	-0.633611	0.151079	0.216860	0.464430	0.858648
60408	5.144283	1.247092	8.994591	-0.082903	-0.114396	0.062469	-0.613483	-0.618594	0.490898	0.758957	-0.633618	0.150041	0.218227	0.464618	0.858200
60409	5.149044	1.432634	8.865423	-0.070696	-0.115087	0.051657	-0.612810	-0.618374	0.492014	0.759121	-0.633638	0.149125	0.219544	0.464883	0.857720
60410	5.080068	1.461157	8.861666	-0.078911	-0.108069	0.045564	-0.612217	-0.618147	0.493036	0.759223	-0.633732	0.148203	0.220841	0.465057	0.857293
60411	4.964581	1.630288	8.808944	-0.081830	-0.109806	0.047121	-0.611587	-0.617922	0.494098	0.759331	-0.633833	0.147213	0.222209	0.465218	0.856852
60412	4.791664	1.864410	8.781351	-0.091165	-0.127273	0.057981	-0.610854	-0.617685	0.495301	0.759479	-0.633908	0.146125	0.223715	0.465432	0.856344
60413	4.786269	1.824902	8.825606	-0.107904	-0.166635	0.087344	-0.609788	-0.617450	0.496904	0.759771	-0.633882	0.144714	0.225624	0.465778	0.855654
60414	4.924640	1.803157	8.669912	-0.103206	-0.186126	0.108750	-0.608531	-0.617259	0.498680	0.760196	-0.633700	0.143270	0.227579	0.466279	0.854864
60415	4.812374	1.720878	8.934193	-0.104329	-0.210653	0.124096	-0.607078	-0.617050	0.500705	0.760713	-0.633432	0.141707	0.229722	0.466920	0.853940
60416	5.033858	1.513497	8.871346	-0.057065	-0.248584	0.140357	-0.605428	-0.616763	0.503051	0.761428	-0.632841	0.140495	0.231699	0.468097	0.852760
60417	5.159820	1.466941	8.783214	-0.036403	-0.257836	0.149227	-0.603664	-0.616486	0.505504	0.762246	-0.632103	0.139382	0.233604	0.469459	0.851492
60418	5.412390	0.580300	9.036073	0.043291	-0.223274	0.115820	-0.602249	-0.616154	0.507592	0.763042	-0.631195	0.139144	0.234656	0.471113	0.850288
60419	5.183068	0.791792	9.005667	0.083791	-0.258746	0.104463	-0.600817	-0.615578	0.509982	0.763866	-0.630168	0.139272	0.235642	0.473235	0.848835
60420	5.214441	1.065568	8.867726	0.069566	-0.255155	0.092445	-0.599499	-0.614937	0.512302	0.764581	-0.629279	0.139369	0.236678	0.475248	0.847421
60421	5.165093	1.253959	8.904289	0.056923	-0.252985	0.078889	-0.598270	-0.614216	0.514599	0.765187	-0.628538	0.139391	0.237829	0.477158	0.846025
60422	5.165468	1.422242	8.865714	-0.001789	-0.275366	0.051037	-0.597213	-0.613207	0.517025	0.765484	-0.628242	0.139092	0.239524	0.478842	0.844594
60423	5.235422	1.425729	8.776237	-0.000737	-0.270729	0.043332	-0.596206	-0.612167	0.519413	0.765737	-0.627996	0.138807	0.241217	0.480491	0.843174
60424	5.183282	1.486847	8.887449	-0.009977	-0.272902	0.034345	-0.595273	-0.611056	0.521786	0.765914	-0.627844	0.138524	0.242955	0.482103	0.841754
60425	5.201189	1.533075	8.848426	0.008238	-0.291572	0.040021	-0.594232	-0.609886	0.524336	0.766168	-0.627577	0.138329	0.244696	0.483929	0.840201
60426	5.070106	1.633934	8.889019	0.019192	-0.315319	0.047392	-0.593084	-0.608640	0.527075	0.766492	-0.627204	0.138221	0.246457	0.485975	0.838503
60427	5.183088	1.571150	8.867137	0.045391	-0.359472	0.058938	-0.591721	-0.607245	0.530207	0.766948	-0.626643	0.138236	0.248307	0.488438	0.836524
60428	5.180000	1.493985	8.874076	0.061205	-0.390575	0.058476	-0.590290	-0.605685	0.533577	0.767442	-0.625998	0.138416	0.250181	0.491195	0.834348
60429	5.316414	1.312752	8.871563	0.067825	-0.420763	0.059796	-0.588753	-0.603972	0.537203	0.767959	-0.625321	0.138609	0.252209	0.494156	0.831986
60430	5.501286	1.137900	8.839345	0.063906	-0.436372	0.049185	-0.587260	-0.602103	0.540923	0.768406	-0.624718	0.138855	0.254319	0.497192	0.829531
60431	5.486335	1.035128	8.892667	0.046948	-0.448280	0.023737	-0.585913	-0.600002	0.544705	0.768657	-0.624362	0.139061	0.256656	0.500169	0.827018
60432	5.343763	0.865408	9.079017	0.021205	-0.460741	0.009370	-0.584643	-0.597735	0.548549	0.768762	-0.624210	0.139165	0.259225	0.503066	0.824456
60433	5.387073	1.038502	9.027149	0.003331	-0.494097	0.005495	-0.583295	-0.595263	0.552657	0.768793	-0.624185	0.139107	0.262155	0.506019	0.821718
60434	5.384508	1.006217	8.954829	-0.024052	-0.541848	0.008203	-0.581792	-0.592549	0.557138	0.768772	-0.624269	0.138844	0.265532	0.509091	0.818730
60435	5.346674	1.360872	9.002851	-0.023139	-0.595417	0.018864	-0.580040	-0.589612	0.562060	0.768807	-0.624304	0.138492	0.269240	0.512446	0.815419
60436	5.096066	1.242366	9.196910	-0.026032	-0.682948	0.031241	-0.577936	-0.586280	0.567685	0.768912	-0.624265	0.138084	0.273430	0.516304	0.811583
60437	5.067175	1.496934	9.265897	0.004161	-0.776034	0.054102	-0.575369	-0.582579	0.574066	0.769219	-0.623961	0.137751	0.277944	0.520840	0.807139
60438	5.094068	1.832212	9.373541	0.021337	-0.889967	0.065264	-0.572360	-0.578313	0.581342	0.769648	-0.623481	0.137526	0.282922	0.526143	0.801953
60439	4.899665	1.740205	9.730114	-0.007758	-1.010045	0.089771	-0.568776	-0.573515	0.589554	0.770117	-0.623044	0.136881	0.288815	0.531880	0.796046
60440	4.567844	1.699151	10.056658	-0.019512	-1.184333	0.114703	-0.564420	-0.567876	0.599122	0.770704	-0.622505	0.136025	0.295711	0.538521	0.789018
60441	4.545119	1.815424	10.562032	0.024765	-1.395205	0.161540	-0.558998	-0.561298	0.610300	0.771657	-0.621506	0.135186	0.303426	0.546511	0.780550
60442	4.258654	2.045964	10.810803	0.042081	-1.651189	0.217550	-0.552223	-0.553530	0.623422	0.772989	-0.620073	0.134152	0.312310	0.555980	0.770291
60443	3.929617	2.731909	11.021016	0.018985	-2.014818	0.313237	-0.543413	-0.544144	0.639226	0.774726	-0.618309	0.132264	0.323268	0.567099	0.757559
60444	3.426262	2.890914	11.236476	-0.061112	-2.489284	0.446050	-0.531719	-0.532601	0.658491	0.776916	-0.616270	0.128893	0.337159	0.580127	0.741469
60445	3.370576	3.311010	11.252149	-0.092554	-3.017095	0.584002	-0.516788	-0.518452	0.681276	0.779604	-0.613823	0.124255	0.353763	0.595339	0.721403
60446	3.272152	3.243754	11.196562	-0.198300	-3.594426	0.731474	-0.497987	-0.501207	0.707673	0.782587	-0.611304	0.117751	0.373585	0.612454	0.696659
60447	4.018250	3.400978	11.312288	-0.331303	-4.206694	0.902500	-0.474767	-0.480557	0.737333	0.785632	-0.609030	0.108931	0.396710	0.630990	0.666688
60448	4.789406	3.536025	11.049521	-0.409932	-4.748266	1.067273	-0.446912	-0.456591	0.769282	0.788864	-0.606669	0.098213	0.421857	0.650751	0.631316
60449	6.489946	3.451260	11.003616	-0.420449	-5.226541	1.212174	-0.414683	-0.429392	0.802285	0.792175	-0.604191	0.086088	0.447768	0.671249	0.590701
60450	9.005706	2.585918	10.768302	-0.328191	-5.621379	1.319788	-0.378306	-0.398983	0.835282	0.795889	-0.600977	0.073400	0.472700	0.692560	0.544900
60451	13.988416	2.125078	11.323167	-0.045081	-5.827603	1.292543	-0.339916	-0.365749	0.866421	0.800220	-0.596478	0.062148	0.494070	0.714452	0.495432
60452	18.416446	3.377453	12.663593	0.352326	-5.391822	1.274596	-0.302622	-0.334190	0.892601	0.806071	-0.589478	0.052585	0.508595	0.735413	0.447770
60453	15.706456	5.853671	12.939972	0.164099	-5.009978	1.469227	-0.265044	-0.305587	0.914532	0.810991	-0.583689	0.039999	0.521579	0.752279	0.402532
60454	12.826106	5.623976	12.920300	-0.266299	-4.812328	1.729435	-0.225532	-0.279124	0.933394	0.813814	-0.580670	0.022994	0.535576	0.764795	0.358115
60455	10.768592	4.841307	12.744429	-0.552061	-4.623235	1.934176	-0.184837	-0.254850	0.949150	0.814684	-0.579897	0.002947	0.549659	0.773803	0.314809
60456	7.938061	5.139822	12.201050	-0.743435	-4.440695	2.073786	-0.143219	-0.232349	0.962030	0.813937	-0.580641	-0.019064	0.563024	0.780301	0.272276
