// General information: 
//  MT Manager version: 2022.2.0 
//  XDA version: 2022.2.0 build 7381 rev 124627 built on 2023-07-19
// Device information: 
//  DeviceId: 00B4CAF0
//  ProductCode: MTW2-3A7G6
//  Firmware Version: 4.6.0
//  Hardware Version: 2.0.0
// Device settings: 
//  Filter Profile: human(46.1)
//  Option Flags: Orientation Smoother Disabled, Position/Velocity Smoother Disabled, Continuous Zero Rotation Update Disabled, AHS Disabled, ICC Disabled
// Coordinate system: ENU
PacketCounter	Acc_X	Acc_Y	Acc_Z	Gyr_X	Gyr_Y	Gyr_Z	Mat[1][1]	Mat[2][1]	Mat[3][1]	Mat[1][2]	Mat[2][2]	Mat[3][2]	Mat[1][3]	Mat[2][3]	Mat[3][3]
17741	5.193036	0.238133	8.874560	0.004606	0.003699	0.006881	0.520744	0.693211	0.498281	-0.808178	0.588360	0.026083	-0.275088	-0.416283	0.866623
17742	5.169340	0.235145	8.867953	0.000712	0.006678	0.007101	0.520721	0.693262	0.498234	-0.808195	0.588339	0.026033	-0.275083	-0.416226	0.866652
17743	5.212278	0.224155	8.899407	0.009292	0.004543	0.006126	0.520734	0.693255	0.498231	-0.808199	0.588331	0.026078	-0.275046	-0.416250	0.866652
17744	5.148220	0.249747	8.844186	0.007347	0.006291	0.001101	0.520758	0.693270	0.498185	-0.808203	0.588324	0.026116	-0.274989	-0.416235	0.866677
17745	5.148436	0.199117	8.863621	0.008158	0.002645	0.007633	0.520753	0.693264	0.498199	-0.808212	0.588311	0.026143	-0.274972	-0.416265	0.866668
17746	5.140847	0.268096	8.860154	0.006555	0.002468	0.001638	0.520762	0.693265	0.498187	-0.808217	0.588303	0.026171	-0.274941	-0.416272	0.866675
17747	5.170796	0.253849	8.851417	0.004420	-0.000603	0.002848	0.520786	0.693218	0.498227	-0.808191	0.588338	0.026190	-0.274971	-0.416302	0.866651
17748	5.157368	0.250461	8.811481	0.001869	0.001624	0.002393	0.520787	0.693221	0.498222	-0.808186	0.588345	0.026174	-0.274982	-0.416287	0.866654
17749	5.163950	0.271438	8.867100	-0.000133	-0.000723	0.001801	0.520820	0.693167	0.498264	-0.808143	0.588405	0.026158	-0.275049	-0.416292	0.866631
17750	5.144568	0.234180	8.861916	0.000076	-0.003373	0.002634	0.520805	0.693150	0.498302	-0.808135	0.588418	0.026125	-0.275102	-0.416301	0.866610
17751	5.157606	0.288645	8.882503	-0.001134	-0.001897	0.001506	0.520836	0.693090	0.498354	-0.808087	0.588485	0.026102	-0.275182	-0.416308	0.866581
17752	5.151722	0.215991	8.846068	-0.008504	-0.001236	0.003607	0.520820	0.693088	0.498374	-0.808060	0.588527	0.025990	-0.275293	-0.416252	0.866573
17753	5.174227	0.269249	8.833822	-0.004235	0.004906	0.001188	0.520872	0.693054	0.498366	-0.808002	0.588608	0.025942	-0.275363	-0.416193	0.866579
17754	5.220199	0.274466	8.847897	-0.003709	0.007282	0.004255	0.520874	0.693091	0.498313	-0.807992	0.588626	0.025868	-0.275391	-0.416106	0.866611
17755	5.179773	0.289613	8.890069	0.004871	0.005145	0.003281	0.520910	0.693070	0.498303	-0.807970	0.588655	0.025888	-0.275387	-0.416099	0.866616
17756	5.180073	0.238912	8.909449	0.008631	0.001441	0.004864	0.520890	0.693087	0.498301	-0.807997	0.588617	0.025918	-0.275345	-0.416126	0.866617
17757	5.146469	0.249689	8.845206	0.006155	0.000296	0.007043	0.520883	0.693068	0.498334	-0.807998	0.588615	0.025931	-0.275355	-0.416160	0.866597
17758	5.169506	0.252952	8.852196	0.008556	0.004813	0.002231	0.520894	0.693083	0.498302	-0.808011	0.588595	0.025973	-0.275297	-0.416163	0.866614
17759	5.195388	0.273024	8.841895	0.006605	0.006045	0.007477	0.520899	0.693091	0.498286	-0.808016	0.588588	0.025987	-0.275273	-0.416159	0.866623
17760	5.161920	0.271134	8.868291	0.007288	0.002193	0.005539	0.520876	0.693115	0.498277	-0.808042	0.588551	0.026003	-0.275238	-0.416173	0.866628
17761	5.188473	0.240048	8.877177	0.005871	0.006318	0.003578	0.520913	0.693101	0.498257	-0.808025	0.588573	0.026030	-0.275220	-0.416163	0.866638
17762	5.187345	0.291319	8.858254	0.005262	0.006798	0.008151	0.520882	0.693159	0.498209	-0.808059	0.588527	0.026014	-0.275177	-0.416133	0.866666
17763	5.180414	0.257896	8.893555	0.007397	0.009867	0.006943	0.520901	0.693180	0.498160	-0.808063	0.588520	0.026038	-0.275128	-0.416108	0.866694
17764	5.153331	0.238557	8.904527	0.006738	0.006768	0.005678	0.520890	0.693223	0.498112	-0.808089	0.588484	0.026048	-0.275074	-0.416087	0.866722
17765	5.139458	0.235362	8.864849	0.007079	0.004841	0.004709	0.520913	0.693210	0.498105	-0.808081	0.588494	0.026080	-0.275053	-0.416094	0.866725
17766	5.142075	0.252196	8.847690	0.000709	0.006680	0.007104	0.520890	0.693262	0.498058	-0.808098	0.588473	0.026030	-0.275048	-0.416038	0.866753
17767	5.187910	0.257842	8.861853	0.006395	0.008693	0.006648	0.520909	0.693276	0.498018	-0.808098	0.588472	0.026046	-0.275012	-0.416015	0.866775
17768	5.196905	0.295666	8.900415	0.001709	0.007853	0.007401	0.520886	0.693334	0.497961	-0.808119	0.588445	0.026004	-0.274993	-0.415957	0.866810
17769	5.156411	0.272607	8.871450	0.005797	0.009688	0.000947	0.520953	0.693320	0.497911	-0.808088	0.588486	0.026043	-0.274957	-0.415923	0.866837
17770	5.198926	0.261880	8.903172	0.007395	0.009866	0.006947	0.520940	0.693383	0.497836	-0.808122	0.588439	0.026053	-0.274882	-0.415884	0.866880
17771	5.164427	0.272496	8.839455	0.006711	0.013718	0.008887	0.520954	0.693432	0.497753	-0.808135	0.588421	0.026060	-0.274817	-0.415828	0.866927
17772	5.176397	0.276169	8.880222	0.005295	0.017842	0.006926	0.520963	0.693529	0.497610	-0.808163	0.588382	0.026051	-0.274717	-0.415721	0.867010
17773	5.171827	0.259720	8.898498	0.012261	0.015007	0.010238	0.520970	0.693591	0.497516	-0.808198	0.588332	0.026101	-0.274601	-0.415689	0.867062
17774	5.144455	0.240811	8.909598	0.014493	0.007752	0.008462	0.520939	0.693654	0.497460	-0.808259	0.588245	0.026164	-0.274480	-0.415707	0.867092
17775	5.130685	0.199719	8.798784	0.018177	0.007417	0.007417	0.520947	0.693669	0.497431	-0.808297	0.588189	0.026278	-0.274355	-0.415762	0.867105
17776	5.067261	0.161924	8.853353	0.008121	0.009593	0.010854	0.520902	0.693754	0.497360	-0.808353	0.588111	0.026274	-0.274275	-0.415729	0.867146
17777	5.112637	0.219357	8.848211	0.014580	0.004891	0.000823	0.520956	0.693719	0.497351	-0.808346	0.588116	0.026390	-0.274193	-0.415780	0.867148
17778	5.118927	0.241516	8.903909	0.012308	0.001102	0.003834	0.520944	0.693728	0.497352	-0.808377	0.588070	0.026458	-0.274123	-0.415831	0.867145
17779	5.191664	0.267849	8.907232	0.014786	0.002242	0.001658	0.520983	0.693688	0.497366	-0.808376	0.588067	0.026571	-0.274053	-0.415902	0.867134
17780	5.131509	0.259763	8.853604	0.013236	0.005644	0.001497	0.521003	0.693702	0.497327	-0.808397	0.588033	0.026658	-0.273952	-0.415926	0.867154
17781	5.118298	0.244768	8.904182	0.010783	-0.002449	0.000470	0.521039	0.693635	0.497381	-0.808379	0.588055	0.026742	-0.273938	-0.416006	0.867120
17782	5.148359	0.231240	8.895443	0.016126	0.001487	0.000990	0.521052	0.693629	0.497377	-0.808405	0.588013	0.026857	-0.273836	-0.416076	0.867118
17783	5.158307	0.231748	8.862334	0.013125	-0.002031	0.000098	0.521092	0.693562	0.497428	-0.808391	0.588028	0.026963	-0.273801	-0.416167	0.867086
17784	5.181819	0.235608	8.869060	0.008917	-0.004074	-0.001925	0.521112	0.693515	0.497472	-0.808383	0.588036	0.027030	-0.273786	-0.416233	0.867059
17785	5.089917	0.123221	8.880055	0.009982	0.001189	-0.006067	0.521211	0.693426	0.497493	-0.808328	0.588106	0.027139	-0.273760	-0.416283	0.867043
17786	5.066489	0.211080	8.924610	0.004735	-0.013071	-0.007149	0.521250	0.693311	0.497613	-0.808281	0.588168	0.027196	-0.273825	-0.416387	0.866973
17787	5.134432	0.164901	8.890998	0.002527	-0.012769	-0.008577	0.521329	0.693150	0.497754	-0.808194	0.588285	0.027252	-0.273931	-0.416489	0.866890
17788	5.219168	0.139249	8.879667	0.006966	-0.020328	-0.008917	0.521362	0.692994	0.497937	-0.808144	0.588350	0.027337	-0.274017	-0.416657	0.866782
17789	5.170276	0.259008	8.914577	0.014538	-0.023648	-0.010168	0.521424	0.692779	0.498171	-0.808082	0.588428	0.027506	-0.274082	-0.416905	0.866642
17790	5.100194	0.145322	8.858393	0.003962	-0.023849	-0.009801	0.521454	0.692603	0.498384	-0.808019	0.588512	0.027569	-0.274211	-0.417080	0.866518
17791	4.992611	0.204149	8.858636	0.002324	-0.035079	-0.014553	0.521520	0.692315	0.498716	-0.807900	0.588670	0.027653	-0.274434	-0.417335	0.866324
17792	5.131427	0.307653	8.876592	0.005624	-0.044534	-0.013379	0.521522	0.692031	0.499107	-0.807823	0.588771	0.027749	-0.274657	-0.417662	0.866096
17793	5.234317	0.392625	8.937949	0.006886	-0.041922	-0.016681	0.521585	0.691702	0.499497	-0.807707	0.588925	0.027883	-0.274879	-0.417991	0.865867
17794	5.179871	0.192800	8.869148	0.006275	-0.041438	-0.012101	0.521586	0.691438	0.499862	-0.807638	0.589014	0.027978	-0.275081	-0.418300	0.865653
17795	5.251617	0.356056	8.829275	0.015711	-0.043132	-0.010958	0.521599	0.691138	0.500263	-0.807576	0.589091	0.028160	-0.275238	-0.418689	0.865415
17796	5.228173	0.389097	8.818396	0.011873	-0.036562	-0.004911	0.521554	0.690936	0.500587	-0.807560	0.589108	0.028268	-0.275369	-0.418998	0.865224
17797	5.198010	0.388016	8.842898	0.004224	-0.029876	-0.006290	0.521567	0.690718	0.500876	-0.807490	0.589201	0.028328	-0.275550	-0.419227	0.865055
17798	5.177792	0.334854	8.854027	0.005885	-0.025601	-0.004736	0.521551	0.690564	0.501105	-0.807459	0.589241	0.028382	-0.275672	-0.419424	0.864921
17799	5.239768	0.305759	8.835295	-0.005575	-0.019301	-0.003266	0.521568	0.690407	0.501303	-0.807377	0.589354	0.028343	-0.275877	-0.419523	0.864808
17800	5.207642	0.354671	8.841259	0.001109	-0.016114	-0.003434	0.521568	0.690300	0.501450	-0.807340	0.589406	0.028350	-0.275988	-0.419627	0.864722
17801	5.077475	0.256363	8.893920	-0.009465	-0.016318	-0.003052	0.521592	0.690157	0.501622	-0.807248	0.589534	0.028275	-0.276209	-0.419682	0.864625
17802	5.254695	0.253518	8.818926	0.001315	-0.018763	-0.002593	0.521578	0.690044	0.501793	-0.807215	0.589579	0.028280	-0.276332	-0.419805	0.864525
17803	5.239645	0.272234	8.866766	0.005319	-0.014067	-0.001422	0.521594	0.689920	0.501946	-0.807174	0.589633	0.028325	-0.276422	-0.419932	0.864435
17804	5.309762	0.293731	8.796021	0.004903	-0.008769	-0.003101	0.521612	0.689846	0.502030	-0.807148	0.589667	0.028363	-0.276464	-0.420007	0.864385
17805	5.182578	0.161978	8.851061	0.002954	-0.007028	-0.008132	0.521702	0.689711	0.502120	-0.807065	0.589778	0.028422	-0.276537	-0.420071	0.864331
17806	5.180459	0.146586	8.868009	0.018831	-0.013930	-0.006753	0.521735	0.689594	0.502248	-0.807059	0.589778	0.028599	-0.276493	-0.420265	0.864251
17807	5.200525	0.288209	8.832928	0.030439	-0.026970	-0.002930	0.521728	0.689407	0.502512	-0.807079	0.589737	0.028868	-0.276448	-0.420628	0.864088
17808	5.275378	0.367928	8.814611	0.042630	-0.033540	-0.000491	0.521656	0.689244	0.502810	-0.807171	0.589594	0.029219	-0.276315	-0.421096	0.863903
17809	5.310500	0.424694	8.766970	0.041948	-0.029685	0.001444	0.521606	0.689071	0.503099	-0.807246	0.589474	0.029566	-0.276191	-0.421546	0.863723
17810	5.253941	0.355391	8.822177	0.037838	-0.017091	0.003992	0.521543	0.689003	0.503257	-0.807348	0.589320	0.029853	-0.276010	-0.421873	0.863621
17811	5.232672	0.304804	8.834001	0.040968	-0.012851	0.003067	0.521527	0.688910	0.503401	-0.807428	0.589193	0.030184	-0.275806	-0.422202	0.863526
17812	5.181083	0.268824	8.854891	0.034869	-0.009569	0.001853	0.521503	0.688861	0.503493	-0.807511	0.589066	0.030456	-0.275610	-0.422459	0.863462
17813	5.194204	0.338089	8.783965	0.025587	-0.014612	0.006024	0.521456	0.688780	0.503653	-0.807565	0.588982	0.030639	-0.275539	-0.422709	0.863363
17814	5.222269	0.347141	8.863106	0.012318	-0.005852	0.000640	0.521451	0.688739	0.503713	-0.807580	0.588958	0.030722	-0.275506	-0.422808	0.863325
17815	5.232265	0.346951	8.829785	0.007501	-0.000441	0.006373	0.521443	0.688719	0.503750	-0.807584	0.588950	0.030746	-0.275508	-0.422853	0.863302
17816	5.220045	0.241735	8.829015	0.009970	0.000695	0.004189	0.521428	0.688727	0.503754	-0.807611	0.588912	0.030791	-0.275460	-0.422893	0.863298
17817	5.239390	0.279668	8.833887	0.010893	0.005236	0.001828	0.521472	0.688703	0.503741	-0.807601	0.588921	0.030868	-0.275405	-0.422919	0.863303
17818	5.249275	0.228906	8.820597	0.015571	0.006072	0.001071	0.521497	0.688715	0.503699	-0.807626	0.588880	0.030978	-0.275283	-0.422955	0.863324
17819	5.208565	0.296908	8.843114	0.018453	0.001911	0.000581	0.521542	0.688670	0.503714	-0.807631	0.588867	0.031127	-0.275184	-0.423049	0.863310
17820	5.241286	0.300703	8.816840	0.021921	0.004221	-0.001311	0.521581	0.688660	0.503686	-0.807661	0.588816	0.031303	-0.275021	-0.423135	0.863319
17821	5.256751	0.374426	8.819716	0.026727	0.005773	-0.003871	0.521671	0.688607	0.503667	-0.807666	0.588795	0.031544	-0.274835	-0.423250	0.863322
17822	5.227062	0.341063	8.848231	0.038978	0.002804	0.004407	0.521660	0.688625	0.503653	-0.807773	0.588633	0.031839	-0.274542	-0.423447	0.863319
17823	5.169886	0.390212	8.848233	0.037507	0.002843	0.006886	0.521656	0.688621	0.503662	-0.807864	0.588493	0.032120	-0.274283	-0.423646	0.863303
17824	5.166666	0.376230	8.865824	0.030619	0.002305	0.006218	0.521629	0.688648	0.503654	-0.807957	0.588354	0.032333	-0.274060	-0.423797	0.863300
17825	5.205557	0.413818	8.804244	0.030487	0.001588	0.008027	0.521614	0.688645	0.503674	-0.808033	0.588238	0.032549	-0.273866	-0.423963	0.863280
17826	5.219556	0.368937	8.863824	0.028811	0.004275	0.009655	0.521565	0.688700	0.503650	-0.808139	0.588082	0.032730	-0.273647	-0.424089	0.863288
17827	5.183628	0.262295	8.856761	0.027472	0.005032	0.010326	0.521537	0.688727	0.503641	-0.808221	0.587959	0.032907	-0.273457	-0.424215	0.863286
17828	5.156341	0.295638	8.848047	0.030885	0.003259	0.012899	0.521458	0.688797	0.503627	-0.808349	0.587773	0.033089	-0.273226	-0.424361	0.863288
17829	5.185873	0.372742	8.890356	0.024412	-0.002570	0.013926	0.521385	0.688810	0.503685	-0.808438	0.587643	0.033223	-0.273103	-0.424520	0.863249
17830	5.182876	0.317864	8.836953	0.012647	-0.001289	0.013152	0.521293	0.688862	0.503710	-0.808518	0.587532	0.033246	-0.273043	-0.424589	0.863233
17831	5.198996	0.389545	8.839352	0.008972	-0.000947	0.014195	0.521217	0.688887	0.503754	-0.808570	0.587460	0.033244	-0.273034	-0.424647	0.863207
17832	5.233630	0.199489	8.801395	0.004352	0.002297	0.010484	0.521155	0.688939	0.503747	-0.808613	0.587402	0.033209	-0.273023	-0.424643	0.863213
17833	5.207061	0.269808	8.863279	0.002761	-0.005344	0.011607	0.521091	0.688928	0.503827	-0.808633	0.587378	0.033166	-0.273088	-0.424694	0.863167
17834	5.165779	0.127850	8.891182	0.004489	-0.003960	0.005520	0.521053	0.688924	0.503873	-0.808651	0.587354	0.033158	-0.273108	-0.424734	0.863141
17835	5.177792	0.336022	8.851491	0.015590	-0.015323	0.001896	0.521038	0.688816	0.504036	-0.808656	0.587340	0.033273	-0.273122	-0.424928	0.863042
17836	5.212794	0.288182	8.844011	0.012381	-0.016198	0.000177	0.521009	0.688729	0.504185	-0.808667	0.587320	0.033359	-0.273142	-0.425098	0.862951
17837	5.210169	0.374832	8.821085	0.025087	-0.020386	0.005714	0.520951	0.688621	0.504393	-0.808717	0.587241	0.033537	-0.273106	-0.425382	0.862823
17838	5.199084	0.322138	8.799815	0.029963	-0.022205	0.005818	0.520860	0.688541	0.504596	-0.808806	0.587106	0.033746	-0.273016	-0.425697	0.862696
17839	5.217039	0.395997	8.800974	0.033168	-0.021332	0.007544	0.520780	0.688442	0.504812	-0.808891	0.586975	0.033985	-0.272916	-0.426037	0.862560
17840	5.232425	0.402534	8.839645	0.036909	-0.018065	0.012322	0.520648	0.688417	0.504982	-0.809033	0.586766	0.034222	-0.272747	-0.426365	0.862451
17841	5.217182	0.384287	8.816532	0.031359	-0.012381	0.014134	0.520539	0.688396	0.505124	-0.809147	0.586597	0.034411	-0.272616	-0.426632	0.862361
17842	5.118344	0.392355	8.804501	0.029817	-0.008976	0.013948	0.520419	0.688420	0.505215	-0.809278	0.586407	0.034578	-0.272458	-0.426855	0.862300
17843	5.091978	0.515340	8.845949	0.021878	-0.007776	0.020605	0.520276	0.688451	0.505319	-0.809396	0.586240	0.034654	-0.272381	-0.427033	0.862236
17844	5.102532	0.244218	8.929276	0.021819	-0.011849	0.025083	0.520058	0.688528	0.505440	-0.809562	0.586008	0.034696	-0.272302	-0.427229	0.862164
17845	4.994086	0.485262	9.031621	0.064300	-0.031551	0.031171	0.519762	0.688522	0.505752	-0.809853	0.585583	0.035084	-0.272004	-0.427820	0.861965
17846	5.208572	0.372819	8.789216	0.049376	-0.039467	0.056412	0.519215	0.688663	0.506122	-0.810257	0.585017	0.035205	-0.271845	-0.428367	0.861743
17847	5.219578	0.435793	8.913023	0.058781	-0.034210	0.060745	0.518664	0.688825	0.506467	-0.810691	0.584403	0.035392	-0.271602	-0.428945	0.861533
17848	5.222696	0.448330	8.819876	0.042001	-0.053186	0.062574	0.518029	0.688942	0.506956	-0.811107	0.583825	0.035417	-0.271573	-0.429543	0.861244
17849	5.172310	0.522406	8.978283	0.033494	-0.044928	0.087273	0.517244	0.689202	0.507403	-0.811601	0.583148	0.035256	-0.271593	-0.430045	0.860987
17850	4.992711	0.627302	9.312740	0.007679	-0.082320	0.104036	0.516193	0.689434	0.508158	-0.812136	0.582431	0.034775	-0.271992	-0.430644	0.860562
17851	4.823457	-0.048151	8.958322	-0.074781	-0.102177	0.098227	0.515157	0.689515	0.509099	-0.812394	0.582139	0.033621	-0.273184	-0.430909	0.860051
17852	4.574560	0.566912	9.893989	-0.048661	-0.221650	0.158255	0.513281	0.689459	0.511065	-0.813051	0.581292	0.032377	-0.274756	-0.432140	0.858932
17853	3.983183	0.912227	10.138948	0.012485	-0.406921	0.208006	0.510507	0.688854	0.514649	-0.814106	0.579866	0.031408	-0.276792	-0.435012	0.856826
17854	4.381408	0.125391	9.726280	-0.098607	-0.536157	0.224622	0.507201	0.687794	0.519313	-0.814951	0.578784	0.029384	-0.280360	-0.438118	0.854079
17855	3.970250	-0.299496	10.317357	-0.094716	-0.787413	0.220747	0.503203	0.685565	0.526106	-0.815764	0.577735	0.027409	-0.285159	-0.442970	0.849977
17856	3.864208	0.674709	10.744065	-0.216240	-1.085548	0.229989	0.498209	0.682031	0.535371	-0.816268	0.577161	0.024338	-0.292395	-0.449131	0.844266
17857	3.797915	1.402591	10.781229	-0.337589	-1.409983	0.285275	0.491710	0.677264	0.547298	-0.816647	0.576792	0.019939	-0.302173	-0.456754	0.836700
17858	4.147393	2.319935	11.424678	-0.416986	-1.809487	0.369299	0.483131	0.671019	0.562422	-0.817138	0.576262	0.014405	-0.314436	-0.466536	0.826725
17859	3.960794	1.747115	11.313568	-0.738177	-2.140482	0.505092	0.472113	0.663819	0.580047	-0.817147	0.576403	0.005445	-0.330727	-0.476554	0.814565
17860	4.397152	1.510330	11.227050	-0.809537	-2.573720	0.650291	0.458062	0.655122	0.600828	-0.817394	0.576057	-0.004943	-0.349350	-0.488849	0.799363
17861	4.890649	2.307978	11.934100	-0.981878	-2.964555	0.837526	0.440541	0.645244	0.624166	-0.817610	0.575495	-0.017853	-0.370724	-0.502459	0.781088
17862	5.406455	3.411919	12.753116	-1.409736	-3.354686	1.128306	0.418461	0.634636	0.649714	-0.817022	0.575487	-0.035913	-0.396693	-0.515802	0.759330
17863	5.693840	2.757677	12.714042	-1.589627	-3.850105	1.418997	0.391046	0.622644	0.677789	-0.816225	0.574895	-0.057206	-0.425277	-0.530858	0.733028
17864	7.575697	4.422437	14.522866	-1.888189	-4.237115	1.719659	0.358352	0.609687	0.707012	-0.814316	0.574503	-0.082679	-0.456588	-0.546103	0.702352
17865	9.390684	2.882792	13.768305	-2.203545	-4.385693	1.941325	0.321832	0.596591	0.735189	-0.810490	0.574986	-0.111794	-0.489418	-0.559884	0.668580
17866	11.412734	2.397371	13.697981	-2.188201	-4.308358	1.974256	0.284139	0.583528	0.760763	-0.805398	0.575764	-0.140819	-0.520192	-0.572705	0.633569
17867	11.295204	1.812759	13.057589	-2.177678	-4.134767	1.886913	0.246890	0.570493	0.783315	-0.798764	0.577474	-0.168819	-0.548654	-0.584005	0.598262
17868	8.627143	2.178424	11.808405	-2.092406	-3.972528	1.817158	0.210144	0.557578	0.803086	-0.791139	0.579588	-0.195387	-0.574403	-0.594293	0.562919
17869	6.139046	3.607002	10.835891	-2.098921	-3.886254	1.826923	0.172980	0.544911	0.820457	-0.782328	0.582091	-0.221658	-0.598365	-0.603524	0.526990
17870	1.082246	4.502879	9.313735	-2.356825	-3.855262	1.926868	0.134485	0.532739	0.835526	-0.770873	0.586052	-0.249594	-0.622630	-0.610518	0.489489
17871	-1.648744	5.881742	9.676541	-2.786594	-4.284031	1.910030	0.092682	0.517722	0.850514	-0.755335	0.593111	-0.278726	-0.648752	-0.616590	0.446024
17872	10.960248	6.136160	10.938725	-2.872077	-3.950138	0.278975	0.064495	0.494962	0.866518	-0.736539	0.609486	-0.293323	-0.673314	-0.619306	0.403868
17873	11.892964	5.168914	14.982577	-2.183548	-0.889787	-1.592859	0.070063	0.479625	0.874672	-0.720601	0.630661	-0.288100	-0.689801	-0.610104	0.389804
17874	0.424346	5.636431	13.673584	-1.744569	0.429964	-2.643117	0.091924	0.465222	0.880408	-0.706291	0.653712	-0.271687	-0.701928	-0.596850	0.388674
17875	-7.415904	5.013550	9.461743	-1.682894	0.593182	-2.981056	0.116987	0.448905	0.885889	-0.691300	0.677242	-0.251887	-0.713034	-0.582947	0.389557
17876	-4.955653	1.998511	9.424552	-1.425164	0.344243	-2.927925	0.139504	0.430728	0.891635	-0.677286	0.698381	-0.231404	-0.722373	-0.571610	0.389153
17877	-0.663668	0.223028	11.582684	-1.092219	0.747776	-2.731977	0.163295	0.415698	0.894723	-0.665287	0.716070	-0.211273	-0.728510	-0.560748	0.393490
17878	1.223722	-1.394329	12.809812	-0.680977	1.607918	-2.433608	0.191110	0.407002	0.893211	-0.655976	0.729892	-0.192232	-0.730187	-0.549188	0.406473
17879	0.772229	-2.774792	12.440758	-0.199643	2.505323	-2.034102	0.222655	0.405780	0.886435	-0.650414	0.739149	-0.174986	-0.726213	-0.537588	0.428501
17880	-0.119623	-3.447275	11.591348	0.264563	3.168853	-1.475971	0.255120	0.411673	0.874894	-0.648764	0.743804	-0.160810	-0.716951	-0.526574	0.456838
17881	0.094916	-3.839462	11.038633	0.711282	3.612180	-0.800231	0.285950	0.424735	0.858972	-0.651794	0.743301	-0.150558	-0.702422	-0.516821	0.489387
17882	1.157477	-3.813951	11.087824	1.175629	3.978602	-0.162426	0.314584	0.443902	0.839040	-0.659417	0.738010	-0.143214	-0.682793	-0.508225	0.524882
17883	2.455176	-3.386289	11.257805	1.621604	4.348107	0.300153	0.341685	0.468259	0.814853	-0.671459	0.728277	-0.136951	-0.657567	-0.500346	0.563258
17884	3.603138	-2.438976	11.297720	2.006922	4.700902	0.563079	0.368077	0.495635	0.786680	-0.686321	0.715631	-0.129752	-0.627282	-0.492156	0.603572
17885	4.176294	-1.392200	11.031877	2.274267	4.962836	0.661702	0.393667	0.524796	0.754728	-0.702926	0.700939	-0.120747	-0.592386	-0.482984	0.644830
17886	4.709716	-0.880429	10.884317	2.431831	5.072699	0.623751	0.418338	0.553341	0.720282	-0.719377	0.685986	-0.109181	-0.554518	-0.472480	0.685035
17887	5.536676	-0.406541	10.895849	2.552017	5.073136	0.455036	0.442018	0.580410	0.683919	-0.735190	0.671243	-0.094498	-0.513923	-0.461040	0.723412
17888	6.189147	0.163374	11.116005	2.618889	4.964992	0.160556	0.465320	0.604055	0.646989	-0.748802	0.658402	-0.076165	-0.471987	-0.449026	0.758686
17889	7.454956	0.685408	11.890309	2.603630	4.776183	-0.223720	0.488393	0.624051	0.609944	-0.759685	0.647988	-0.054681	-0.429360	-0.436660	0.790556
17890	9.604462	1.241521	13.281907	2.499323	4.654878	-0.657833	0.512433	0.639810	0.572761	-0.766570	0.641427	-0.030685	-0.387017	-0.423337	0.819148
17891	11.329753	0.982842	14.844253	2.302555	4.664925	-1.056372	0.537462	0.652736	0.533921	-0.769650	0.638440	-0.005760	-0.344636	-0.407836	0.845515
17892	12.641325	-0.316916	15.965553	2.159583	4.759688	-1.362706	0.563352	0.663011	0.493003	-0.769105	0.638817	0.019745	-0.301847	-0.390294	0.869804
17893	13.915867	-1.521632	15.916230	2.145262	4.895932	-1.564316	0.588886	0.671925	0.449143	-0.766274	0.640870	0.045935	-0.256978	-0.371217	0.892278
17894	14.572162	-2.291641	14.556150	2.124611	5.015133	-1.673331	0.613413	0.679264	0.402897	-0.761158	0.644533	0.072218	-0.210625	-0.350968	0.912392
17895	4.113091	10.613843	23.782024	1.543917	4.368682	-1.563286	0.633451	0.684300	0.361210	-0.754533	0.649737	0.092312	-0.171522	-0.331020	0.927904
17896	23.623384	-11.682932	-10.819413	-2.410499	1.965965	-0.581183	0.641256	0.686692	0.342409	-0.746605	0.661376	0.071855	-0.177119	-0.301721	0.936799
17897	21.248604	-11.396897	9.101807	-0.370856	1.982320	-0.474233	0.648066	0.689572	0.323267	-0.743054	0.665575	0.069868	-0.166979	-0.285484	0.943725
17898	34.927785	-17.028360	2.178490	0.348932	2.377772	-0.868561	0.658268	0.690372	0.300116	-0.737911	0.670622	0.075853	-0.148897	-0.271391	0.950882
17899	29.386015	-4.456229	-5.961055	0.012118	2.593907	-0.829443	0.667900	0.691744	0.274592	-0.732536	0.676213	0.078279	-0.131534	-0.253431	0.958369
17900	22.297924	-1.475694	-16.470017	-1.052717	1.829300	-0.160154	0.671451	0.695095	0.256899	-0.730083	0.679911	0.068556	-0.127015	-0.233589	0.964004
17901	17.418025	-10.306108	-20.932679	-1.074544	-0.129130	-0.092666	0.671942	0.694196	0.258044	-0.728065	0.683015	0.058404	-0.135704	-0.227117	0.964366
17902	21.647296	-8.819902	-18.940947	-0.811692	-2.166157	-0.606989	0.673198	0.684993	0.278549	-0.722778	0.689107	0.052197	-0.156195	-0.236468	0.959003
17903	4.390359	-7.518605	0.158039	-0.615161	-2.667519	-0.497589	0.672360	0.675008	0.303805	-0.718352	0.694039	0.047759	-0.178614	-0.250350	0.951537
17904	7.826051	1.319773	18.067595	-0.138080	-3.663211	0.069322	0.664864	0.665867	0.338492	-0.718529	0.693960	0.046203	-0.204135	-0.273935	0.939834
17905	5.086168	2.417041	16.044967	-1.411205	-2.291722	0.793650	0.654214	0.664990	0.360268	-0.720667	0.692622	0.030210	-0.229440	-0.279397	0.932360
17906	4.614338	-5.271879	7.474266	-1.178117	-2.389657	0.657618	0.643713	0.662755	0.382610	-0.722067	0.691619	0.016807	-0.253481	-0.287089	0.923757
17907	4.277871	-3.854187	8.445440	0.141081	-3.024141	-0.245783	0.637563	0.652024	0.410339	-0.720833	0.692847	0.019067	-0.271870	-0.307942	0.911734
17908	9.136029	-0.462723	11.869217	0.365574	-3.165712	-0.338241	0.631129	0.639547	0.438926	-0.719688	0.693889	0.023788	-0.289352	-0.330903	0.898208
17909	18.141259	-5.883365	15.394751	0.716570	-3.085486	-0.343322	0.624471	0.626543	0.466346	-0.719625	0.693638	0.031716	-0.303604	-0.355400	0.884034
17910	17.892785	2.073636	13.444799	0.108373	-1.763400	-0.197236	0.620459	0.618785	0.481805	-0.718706	0.694502	0.033582	-0.313834	-0.367113	0.875635
17911	5.039578	2.431663	8.362910	-0.163168	-1.241693	-0.059470	0.616976	0.613704	0.492654	-0.717757	0.695537	0.032446	-0.322747	-0.373624	0.869620
17912	18.132946	-1.516414	14.359296	0.050835	-1.378787	-0.144612	0.613520	0.607467	0.504556	-0.717008	0.696255	0.033587	-0.330897	-0.382377	0.862725
17913	0.800529	-0.081385	7.691314	-0.225336	0.237247	-0.133869	0.615314	0.607349	0.502510	-0.715366	0.698002	0.032325	-0.331120	-0.379368	0.863967
17914	9.019230	3.270886	9.909917	0.149460	-0.288464	-0.150652	0.615448	0.605180	0.504957	-0.714908	0.698374	0.034354	-0.331859	-0.382141	0.862461
17915	5.381240	-1.146168	7.941740	-0.075993	-0.113315	-0.086303	0.615739	0.604049	0.505955	-0.714046	0.699266	0.034143	-0.333172	-0.382298	0.861884
17916	5.370250	-0.452635	9.027543	-0.027169	-0.077645	-0.074155	0.616022	0.603214	0.506606	-0.713473	0.699845	0.034264	-0.333877	-0.382557	0.861496
17917	5.539923	0.634699	9.026722	-0.004852	-0.105621	-0.042469	0.616024	0.602421	0.507546	-0.713116	0.700200	0.034443	-0.334634	-0.383157	0.860936
17918	5.609275	0.405829	8.912468	0.031335	-0.082394	-0.050690	0.616122	0.601731	0.508245	-0.712882	0.700412	0.034950	-0.334950	-0.383852	0.860503
17919	5.378073	0.447270	8.538625	0.039080	-0.084654	-0.039709	0.616174	0.601036	0.509004	-0.712691	0.700580	0.035497	-0.335263	-0.384634	0.860032
17920	5.457417	0.467484	8.627741	0.002327	-0.069609	-0.034231	0.616197	0.600509	0.509598	-0.712461	0.700804	0.035671	-0.335708	-0.385049	0.859673
17921	5.285751	0.461270	8.789839	0.017244	-0.064789	-0.036441	0.616292	0.599911	0.510187	-0.712215	0.701037	0.036012	-0.336056	-0.385557	0.859309
17922	5.314862	0.649058	8.735233	0.029257	-0.065206	-0.036092	0.616343	0.599386	0.510742	-0.712065	0.701168	0.036427	-0.336282	-0.386133	0.858962
17923	5.374061	0.665183	8.712577	-0.009112	-0.040345	-0.031801	0.616486	0.598914	0.511123	-0.711758	0.701475	0.036519	-0.336668	-0.386309	0.858731
17924	5.274490	0.550576	8.798884	-0.022630	-0.043066	-0.022904	0.616517	0.598567	0.511492	-0.711514	0.701727	0.036422	-0.337127	-0.386389	0.858516
17925	5.320100	0.435668	8.745628	-0.035089	-0.040778	-0.022231	0.616591	0.598159	0.511881	-0.711177	0.702078	0.036242	-0.337701	-0.386385	0.858292
17926	5.263353	0.541011	8.861337	-0.060109	-0.041229	-0.023122	0.616629	0.597817	0.512234	-0.710805	0.702476	0.035825	-0.338415	-0.386189	0.858098
17927	5.240805	0.406209	8.787903	-0.076999	-0.050085	-0.017993	0.616640	0.597402	0.512704	-0.710352	0.702963	0.035264	-0.339345	-0.385945	0.857841
17928	5.299001	0.377558	8.798431	-0.087684	-0.051598	-0.029708	0.616689	0.596974	0.513144	-0.709844	0.703506	0.034644	-0.340318	-0.385617	0.857603
17929	5.250536	0.431750	8.750411	-0.052060	-0.052410	-0.024408	0.616734	0.596508	0.513631	-0.709437	0.703932	0.034331	-0.341083	-0.385562	0.857324
17930	5.268515	0.413395	8.804015	-0.046567	-0.054992	-0.027201	0.616752	0.596084	0.514101	-0.709084	0.704302	0.034052	-0.341785	-0.385542	0.857053
17931	5.400002	0.388920	8.743638	-0.051051	-0.068902	-0.030084	0.616783	0.595512	0.514727	-0.708642	0.704759	0.033777	-0.342644	-0.385590	0.856689
17932	5.335399	0.458214	8.744800	-0.034437	-0.071119	-0.023834	0.616721	0.595050	0.515336	-0.708350	0.705062	0.033585	-0.343359	-0.385751	0.856330
17933	5.413159	0.278362	8.728357	-0.043396	-0.056200	-0.020479	0.616727	0.594593	0.515855	-0.707992	0.705433	0.033327	-0.344085	-0.385775	0.856027
17934	5.365767	0.175290	8.720484	-0.017635	-0.064525	-0.023851	0.616686	0.594156	0.516408	-0.707758	0.705671	0.033280	-0.344640	-0.386015	0.855696
17935	5.347502	0.294437	8.702331	-0.002995	-0.072737	-0.023820	0.616656	0.593613	0.517067	-0.707520	0.705904	0.033386	-0.345182	-0.386423	0.855293
17936	5.372967	0.495352	8.738071	0.007125	-0.075619	-0.024089	0.616578	0.593131	0.517714	-0.707370	0.706047	0.033552	-0.345630	-0.386902	0.854896
17937	5.379405	0.496532	8.734042	-0.006755	-0.074236	-0.019235	0.616511	0.592613	0.518386	-0.707145	0.706270	0.033601	-0.346208	-0.387290	0.854486
17938	5.410600	0.396608	8.728070	-0.001296	-0.078328	-0.018641	0.616384	0.592157	0.519057	-0.706999	0.706413	0.033667	-0.346732	-0.387725	0.854076
17939	5.369910	0.492516	8.719183	-0.001336	-0.079854	-0.015218	0.616268	0.591645	0.519779	-0.706818	0.706591	0.033742	-0.347307	-0.388183	0.853634
17940	5.354157	0.505744	8.692114	-0.005043	-0.079071	-0.015751	0.616117	0.591206	0.520456	-0.706676	0.706731	0.033762	-0.347862	-0.388595	0.853221
17941	5.366609	0.506136	8.760772	-0.003815	-0.085510	-0.016964	0.615993	0.590659	0.521224	-0.706476	0.706928	0.033826	-0.348488	-0.389069	0.852749
17942	5.359431	0.485437	8.732887	-0.008809	-0.081332	-0.009454	0.615789	0.590255	0.521923	-0.706360	0.707046	0.033781	-0.349084	-0.389467	0.852324
17943	5.328399	0.386592	8.763821	0.000351	-0.085461	-0.010012	0.615610	0.589759	0.522694	-0.706222	0.707181	0.033845	-0.349679	-0.389973	0.851848
17944	5.287843	0.410741	8.819788	0.024171	-0.096275	-0.013991	0.615385	0.589264	0.523517	-0.706193	0.707198	0.034104	-0.350134	-0.390691	0.851332
17945	5.299026	0.344210	8.773192	0.035478	-0.108626	-0.008696	0.615119	0.588682	0.524483	-0.706180	0.707193	0.034458	-0.350626	-0.391575	0.850724
17946	5.384994	0.510140	8.728414	0.049958	-0.121885	-0.010887	0.614781	0.588106	0.525523	-0.706261	0.707090	0.034921	-0.351055	-0.392626	0.850062
17947	5.335521	0.428585	8.734124	0.049068	-0.139673	-0.006278	0.614384	0.587421	0.526753	-0.706317	0.707011	0.035379	-0.351638	-0.393791	0.849282
17948	5.290340	0.541272	8.844698	0.063728	-0.167462	0.005416	0.613769	0.586778	0.528184	-0.706547	0.706756	0.035873	-0.352248	-0.395204	0.848372
17949	5.443681	0.424175	8.627778	0.061020	-0.182742	0.011790	0.613087	0.586050	0.529783	-0.706761	0.706519	0.036336	-0.353007	-0.396707	0.847354
17950	5.461277	0.287088	8.642020	0.072832	-0.187459	0.008205	0.612379	0.585342	0.531382	-0.707041	0.706210	0.036891	-0.353673	-0.398300	0.846329
17951	5.415819	0.331680	8.636372	0.093619	-0.205146	0.010368	0.611628	0.584505	0.533165	-0.707357	0.705854	0.037633	-0.354340	-0.400155	0.845174
17952	5.401424	0.383578	8.708879	0.108760	-0.223810	0.009818	0.610778	0.583656	0.535067	-0.707775	0.705389	0.038480	-0.354971	-0.402210	0.843933
17953	5.435026	0.574780	8.677260	0.130678	-0.247247	0.009187	0.609880	0.582636	0.537199	-0.708223	0.704880	0.039543	-0.355621	-0.404573	0.842528
17954	5.425638	0.613308	8.657429	0.130915	-0.254554	0.020464	0.608842	0.581726	0.539358	-0.708786	0.704259	0.040517	-0.356278	-0.406958	0.841101
17955	5.386890	0.589181	8.713790	0.131615	-0.278043	0.030653	0.607685	0.580714	0.541748	-0.709360	0.703626	0.041463	-0.357110	-0.409491	0.839518
17956	5.274611	0.491718	8.834374	0.132333	-0.315843	0.040799	0.606279	0.579682	0.544422	-0.710053	0.702874	0.042333	-0.358120	-0.412234	0.837743
17957	5.307049	0.413997	8.791302	0.157851	-0.386139	0.047530	0.604604	0.578329	0.547714	-0.710831	0.702022	0.043402	-0.359406	-0.415573	0.835539
17958	5.222076	0.288269	8.873237	0.171880	-0.443435	0.047515	0.602682	0.576790	0.551442	-0.711710	0.701059	0.044557	-0.360893	-0.419321	0.833022
17959	5.254636	0.582117	8.934748	0.190990	-0.528141	0.054845	0.600423	0.574864	0.555899	-0.712660	0.700010	0.045848	-0.362778	-0.423695	0.829985
17960	5.387977	0.704415	8.876394	0.170567	-0.585767	0.064463	0.597845	0.572798	0.560788	-0.713639	0.698943	0.046884	-0.365104	-0.428230	0.826631
17961	5.449945	0.664105	8.751555	0.148467	-0.651715	0.081766	0.594916	0.570480	0.566240	-0.714600	0.697908	0.047656	-0.367997	-0.432986	0.822862
17962	5.413160	0.805065	8.895880	0.124797	-0.717189	0.100352	0.591560	0.568035	0.572183	-0.715629	0.696823	0.048092	-0.371392	-0.437920	0.818715
17963	5.496816	0.829859	8.876057	0.092996	-0.787422	0.124353	0.587773	0.565350	0.578706	-0.716637	0.695783	0.048141	-0.375438	-0.443018	0.814114
17964	5.532146	0.696795	8.796842	0.071926	-0.865910	0.144165	0.583482	0.562472	0.585811	-0.717725	0.694679	0.047869	-0.380026	-0.448382	0.809033
17965	5.482579	0.677588	8.914746	0.048609	-0.956570	0.166764	0.578664	0.559235	0.593637	-0.718812	0.693594	0.047283	-0.385301	-0.454074	0.803343
17966	5.456937	0.764855	8.966675	0.017712	-1.084398	0.206725	0.572978	0.555688	0.602417	-0.720043	0.692391	0.046173	-0.391451	-0.460223	0.796845
17967	5.535140	0.815603	8.973046	-0.023488	-1.211573	0.242028	0.566481	0.551675	0.612171	-0.721270	0.691222	0.044523	-0.398584	-0.466762	0.789471
17968	5.290389	0.846965	9.202421	-0.097730	-1.360305	0.297004	0.558871	0.547309	0.622990	-0.722519	0.690080	0.041908	-0.406976	-0.473543	0.781107
17969	4.988160	1.815226	10.346446	-0.155735	-1.597290	0.372077	0.549625	0.542184	0.635570	-0.723888	0.688850	0.038363	-0.417012	-0.481166	0.771090
17970	4.726652	1.874608	10.462427	-0.333044	-1.904410	0.502595	0.537932	0.536383	0.650325	-0.725182	0.687787	0.032571	-0.429814	-0.489125	0.758957
17971	4.711219	1.082591	10.543572	-0.335936	-2.259267	0.613313	0.523636	0.529374	0.667510	-0.726914	0.686236	0.026011	-0.444300	-0.498842	0.744147
17972	4.579475	0.656772	11.298137	-0.388520	-2.656520	0.716180	0.506412	0.520858	0.687208	-0.728815	0.684466	0.018292	-0.460843	-0.510111	0.726231
17973	4.351162	1.070290	11.624662	-0.412115	-3.256098	0.859159	0.484842	0.509845	0.710624	-0.731092	0.682215	0.009345	-0.480034	-0.524062	0.703510
17974	5.243261	2.040559	11.927757	-0.561934	-3.872309	1.113825	0.457672	0.496809	0.737372	-0.733551	0.679629	-0.002603	-0.502433	-0.539709	0.675482
17975	5.791247	1.800411	12.115876	-0.635667	-4.513511	1.372266	0.424355	0.481317	0.766979	-0.736307	0.676431	-0.017109	-0.527043	-0.557471	0.641445
17976	7.702930	1.420550	13.078993	-0.887302	-5.099503	1.579943	0.385142	0.463069	0.798269	-0.737875	0.674029	-0.034996	-0.554262	-0.575544	0.601284
17977	10.810120	3.094335	14.749326	-0.946586	-5.474094	1.705944	0.341471	0.442512	0.829205	-0.738683	0.671858	-0.054350	-0.581159	-0.593961	0.556296
17978	15.268830	2.719930	15.436393	-1.200976	-5.602990	1.737378	0.295337	0.420423	0.857916	-0.737045	0.671625	-0.075403	-0.607899	-0.610053	0.508226
17979	15.659972	0.759188	14.881330	-1.331274	-5.373785	1.542828	0.250670	0.397652	0.882631	-0.732989	0.673535	-0.095277	-0.632370	-0.623076	0.460310
17980	14.279538	-0.302659	14.669982	-0.925588	-5.172021	1.271093	0.208184	0.373611	0.903922	-0.729936	0.674496	-0.110672	-0.651040	-0.636765	0.413131
17981	9.362630	0.516572	13.647232	-0.501146	-5.035555	1.164168	0.166586	0.349028	0.922187	-0.728825	0.673515	-0.123254	-0.664126	-0.651580	0.366578
17982	5.117273	2.043520	12.822968	-0.276731	-4.993209	1.236855	0.124179	0.324407	0.937731	-0.728744	0.671206	-0.135699	-0.673433	-0.666515	0.319760
17983	1.075330	4.052866	12.461121	-0.477153	-4.933338	1.483935	0.079957	0.301203	0.950202	-0.727055	0.669742	-0.151121	-0.681908	-0.678765	0.272542
17984	-8.015485	6.153193	9.587485	-1.195136	-4.886280	1.935319	0.032355	0.280844	0.959208	-0.719895	0.672291	-0.172556	-0.693328	-0.684946	0.223930
17985	15.669592	2.494274	14.651507	-0.521587	-5.726533	1.772657	-0.020183	0.253231	0.967195	-0.716433	0.671099	-0.190657	-0.697364	-0.696778	0.167878
17986	14.939064	4.245850	13.900388	-1.097071	-1.980207	1.086475	-0.041796	0.246752	0.968177	-0.708380	0.676046	-0.202879	-0.704593	-0.694317	0.146539
17987	10.034383	4.414760	12.128408	-0.623452	0.657961	0.448255	-0.040271	0.254401	0.966260	-0.703868	0.679151	-0.208145	-0.709189	-0.688502	0.151714
17988	0.988404	3.891526	13.058213	-0.580771	2.173458	0.004693	-0.024828	0.269269	0.962745	-0.699708	0.683141	-0.209111	-0.713997	-0.678832	0.171448
17989	-4.558478	4.036074	10.242153	-0.519939	2.353993	-0.222073	-0.006384	0.283693	0.958894	-0.696121	0.687153	-0.207932	-0.717896	-0.668834	0.193098
17990	-4.869641	3.275926	8.145175	-0.530823	2.235772	-0.317197	0.011919	0.296324	0.955013	-0.692265	0.691628	-0.205960	-0.721545	-0.658667	0.213378
17991	-2.320922	2.238531	8.668243	-0.377915	2.343920	-0.401864	0.031668	0.308974	0.950543	-0.689572	0.695186	-0.202996	-0.723525	-0.649039	0.235075
17992	0.389956	1.654619	9.491669	-0.121365	2.748857	-0.561715	0.055433	0.322749	0.944860	-0.688422	0.697773	-0.197960	-0.723189	-0.639488	0.260867
17993	1.458061	1.924357	9.858649	0.108541	3.283026	-0.744079	0.084278	0.338524	0.937176	-0.688832	0.699392	-0.190687	-0.720005	-0.629486	0.292129
17994	1.651830	2.149739	9.743758	0.237923	3.762473	-0.855573	0.117176	0.355982	0.927117	-0.689648	0.700910	-0.181963	-0.714601	-0.618063	0.327632
17995	1.936303	1.915227	9.413214	0.278350	4.117793	-0.844685	0.152298	0.375415	0.914259	-0.690653	0.702125	-0.173259	-0.706968	-0.605049	0.366213
17996	2.512437	1.083290	9.143163	0.330346	4.392143	-0.742167	0.188279	0.396434	0.898549	-0.691679	0.703046	-0.165247	-0.697231	-0.590395	0.406574
17997	3.278358	-0.069871	9.191665	0.488632	4.613348	-0.607103	0.224359	0.419260	0.879707	-0.693980	0.702487	-0.157807	-0.684145	-0.575094	0.448567
17998	4.293346	-0.954971	9.355183	0.796205	4.812558	-0.484782	0.260261	0.443154	0.857834	-0.698155	0.700089	-0.149849	-0.666966	-0.559901	0.491596
17999	5.499450	-1.351379	9.694776	1.166410	5.009122	-0.415135	0.296012	0.468180	0.832577	-0.704844	0.695329	-0.140403	-0.644649	-0.545276	0.535819
18000	6.636542	-1.325647	10.278009	1.514634	5.210336	-0.379029	0.331601	0.493572	0.804007	-0.713185	0.689032	-0.128847	-0.617582	-0.530681	0.580492
18001	7.492541	-1.114017	10.695157	1.794202	5.396409	-0.373718	0.366711	0.519517	0.771768	-0.722878	0.681314	-0.115147	-0.585637	-0.515668	0.625392
18002	8.067897	-1.017088	11.106254	1.995200	5.522385	-0.376502	0.400827	0.544992	0.736425	-0.732735	0.673216	-0.099396	-0.549943	-0.499764	0.669178
18003	8.610405	-1.183706	11.790940	2.167307	5.566932	-0.414101	0.433335	0.569877	0.698184	-0.742704	0.664638	-0.081529	-0.510502	-0.483215	0.711260
18004	9.523450	-1.644559	13.026140	2.314410	5.513225	-0.471753	0.463868	0.592926	0.658228	-0.751891	0.656419	-0.061422	-0.468493	-0.466425	0.750308
18005	11.464157	-2.455369	14.136836	2.451433	5.460569	-0.506988	0.491967	0.614924	0.616308	-0.760605	0.648018	-0.039411	-0.423614	-0.449378	0.786518
18006	13.948612	-2.896800	15.045361	2.626076	5.502873	-0.506096	0.517852	0.635901	0.572241	-0.768522	0.639639	-0.015319	-0.375769	-0.431847	0.819943
18007	15.406893	-1.922943	15.471397	2.691835	5.646606	-0.478213	0.541205	0.656995	0.524839	-0.775608	0.631139	0.009731	-0.324853	-0.412336	0.851146
18008	15.231546	-0.727686	15.398105	2.585347	5.713003	-0.508097	0.562263	0.676726	0.475291	-0.780515	0.624177	0.034627	-0.273233	-0.390441	0.879147
18009	14.978602	-0.016664	15.151116	2.384623	5.585872	-0.636784	0.580949	0.694183	0.424980	-0.782951	0.619308	0.058689	-0.222452	-0.366834	0.903298
