// General information: 
//  MT Manager version: 2022.2.0 
//  XDA version: 2022.2.0 build 7381 rev 124627 built on 2023-07-19
// Device information: 
//  DeviceId: 00B4CBA7
//  ProductCode: MTW2-3A7G6
//  Firmware Version: 4.6.0
//  Hardware Version: 2.0.0
// Device settings: 
//  Filter Profile: human(46.1)
//  Option Flags: Orientation Smoother Disabled, Position/Velocity Smoother Disabled, Continuous Zero Rotation Update Disabled, AHS Disabled, ICC Disabled
// Coordinate system: ENU
PacketCounter	Acc_X	Acc_Y	Acc_Z	Gyr_X	Gyr_Y	Gyr_Z	Mat[1][1]	Mat[2][1]	Mat[3][1]	Mat[1][2]	Mat[2][2]	Mat[3][2]	Mat[1][3]	Mat[2][3]	Mat[3][3]
41094	7.518597	1.504343	-3.674145	-0.894331	0.372164	0.219515	0.092527	-0.015851	0.995584	0.301046	-0.952633	-0.043145	0.949110	0.303708	-0.083372
41095	7.071847	1.149647	-4.102450	-1.000930	0.028564	0.071479	0.092446	-0.016580	0.995580	0.291474	-0.955613	-0.042979	0.952101	0.294159	-0.083510
41096	7.057852	0.886368	-4.663053	-1.006971	-0.258440	-0.052678	0.094718	-0.015296	0.995387	0.281955	-0.958527	-0.041559	0.954741	0.284591	-0.086477
41097	7.105575	0.871701	-5.263033	-0.967146	-0.468439	-0.161232	0.098728	-0.012398	0.995037	0.272876	-0.961256	-0.039052	0.956970	0.275377	-0.091519
41098	7.188191	1.020129	-5.862684	-0.900688	-0.596787	-0.243889	0.103753	-0.008397	0.994568	0.264524	-0.963717	-0.035732	0.958782	0.266795	-0.097767
41099	7.242626	1.005028	-6.001372	-0.843250	-0.647295	-0.295252	0.109175	-0.003809	0.994015	0.256757	-0.965949	-0.031901	0.960290	0.258703	-0.104479
41100	7.981218	-0.063007	-5.183187	-0.807412	-0.540458	-0.295931	0.113590	0.000469	0.993528	0.249352	-0.968007	-0.028052	0.961728	0.250924	-0.110073
41101	8.853035	-1.182703	-4.196460	-0.545217	-0.309172	-0.215785	0.116013	0.003366	0.993242	0.244363	-0.969355	-0.025257	0.962719	0.245642	-0.113280
41102	9.400480	0.995255	-2.710910	-0.101455	-0.159765	-0.186126	0.117072	0.005600	0.993108	0.243621	-0.969592	-0.023251	0.962779	0.244664	-0.114876
41103	10.395879	2.538256	-2.160674	-0.351867	-0.229942	-0.200437	0.118782	0.008143	0.992887	0.240479	-0.970431	-0.020811	0.963359	0.241241	-0.117228
41104	12.353009	-0.543369	-2.535930	-0.864473	-0.394327	-0.170243	0.122158	0.010773	0.992452	0.232369	-0.972460	-0.018045	0.964926	0.232820	-0.121297
41105	14.497562	-1.454269	-1.268454	-0.745765	-0.465237	-0.115858	0.126366	0.013007	0.991898	0.225324	-0.974154	-0.015932	0.966054	0.225511	-0.126031
41106	14.884411	0.618112	0.102289	-0.713625	-0.432804	-0.109258	0.130284	0.015074	0.991362	0.218585	-0.975719	-0.013890	0.967082	0.218506	-0.130416
41107	12.868845	0.298264	-0.503557	-1.071804	-0.359288	-0.218696	0.133277	0.018017	0.990915	0.208509	-0.977967	-0.010263	0.968897	0.207982	-0.134097
41108	10.582210	-1.750541	-1.566327	-1.292959	-0.364969	-0.268591	0.136250	0.021425	0.990443	0.196352	-0.980516	-0.005800	0.971021	0.195266	-0.137802
41109	9.080722	-3.028362	-2.019099	-1.238453	-0.402855	-0.274695	0.139625	0.024924	0.989891	0.184705	-0.982793	-0.001307	0.972825	0.183020	-0.141826
41110	8.463011	-4.022345	-2.103289	-0.877208	-0.403425	-0.293760	0.142999	0.028574	0.989310	0.176599	-0.984279	0.002902	0.973840	0.174296	-0.145797
41111	8.416245	-4.037285	-2.289425	-0.200340	-0.391033	-0.351453	0.146172	0.032752	0.988717	0.175168	-0.984516	0.006715	0.973627	0.172210	-0.149646
41112	8.790244	-2.407379	-2.503858	0.404089	-0.385486	-0.437229	0.149128	0.037758	0.988097	0.179753	-0.983656	0.010460	0.972342	0.176053	-0.153478
41113	9.556400	-0.532609	-2.387196	0.642894	-0.398395	-0.504466	0.152057	0.043471	0.987415	0.186770	-0.982297	0.014484	0.970565	0.182217	-0.157484
41114	10.266817	0.541006	-2.068572	0.622184	-0.376893	-0.515828	0.154713	0.049263	0.986730	0.193597	-0.980905	0.018617	0.968805	0.188147	-0.161296
41115	10.464427	1.130155	-1.715256	0.543187	-0.340316	-0.502264	0.157003	0.054876	0.986072	0.199650	-0.979604	0.022727	0.967207	0.193301	-0.164757
41116	10.137117	1.451166	-1.493014	0.484816	-0.312115	-0.482200	0.159026	0.060238	0.985435	0.205101	-0.978376	0.026708	0.965735	0.197867	-0.167942
41117	9.570120	1.803900	-1.390997	0.387767	-0.301954	-0.446997	0.160996	0.065252	0.984796	0.209571	-0.977318	0.030495	0.964448	0.201475	-0.171019
41118	9.174423	2.044881	-1.423779	0.210178	-0.311971	-0.405433	0.163129	0.069877	0.984127	0.212261	-0.976616	0.034159	0.963501	0.203320	-0.174146
41119	9.067918	2.048187	-1.364982	-0.008395	-0.327326	-0.348974	0.165522	0.073990	0.983427	0.212766	-0.976378	0.037648	0.962981	0.203008	-0.177355
41120	9.251615	1.920692	-1.361910	-0.201126	-0.325801	-0.288391	0.168028	0.077500	0.982731	0.211322	-0.976561	0.040881	0.962865	0.200804	-0.180467
41121	9.454963	1.730616	-1.438410	-0.365067	-0.321230	-0.249222	0.170580	0.080613	0.982041	0.208241	-0.977086	0.044035	0.963088	0.196990	-0.183459
41122	9.616132	1.435549	-1.503563	-0.509550	-0.315195	-0.217440	0.173148	0.083390	0.981359	0.203721	-0.977893	0.047151	0.963596	0.191760	-0.186308
41123	9.605035	1.323781	-1.814725	-0.611120	-0.320408	-0.203294	0.175810	0.086023	0.980658	0.198198	-0.978869	0.050334	0.964266	0.185515	-0.189145
41124	9.615626	0.882312	-1.915621	-0.680679	-0.318543	-0.189442	0.178492	0.088499	0.979953	0.191985	-0.979937	0.053528	0.965030	0.178582	-0.191902
41125	9.584254	0.489450	-1.871027	-0.694654	-0.303886	-0.176915	0.181075	0.090806	0.979268	0.185610	-0.980990	0.056645	0.965795	0.171505	-0.194487
41126	9.653261	0.236529	-1.953297	-0.638880	-0.297418	-0.180735	0.183598	0.093121	0.978581	0.179785	-0.981892	0.059705	0.966421	0.164973	-0.197015
41127	9.673943	0.055262	-1.956213	-0.571635	-0.294768	-0.191962	0.186090	0.095524	0.977878	0.174627	-0.982633	0.062757	0.966890	0.159086	-0.199540
41128	9.730280	-0.175863	-1.913424	-0.486047	-0.293235	-0.205344	0.188552	0.098042	0.977157	0.170329	-0.983189	0.065781	0.967180	0.154035	-0.202081
41129	9.725642	-0.285649	-1.925746	-0.373077	-0.296234	-0.229322	0.191014	0.100788	0.976399	0.167169	-0.983523	0.068820	0.967248	0.150078	-0.204715
41130	9.769548	-0.170834	-1.814493	-0.249263	-0.309502	-0.244510	0.193581	0.103692	0.975589	0.165245	-0.983639	0.071759	0.967068	0.147320	-0.207549
41131	9.731229	0.014040	-1.781728	-0.152870	-0.323205	-0.252541	0.196274	0.106690	0.974727	0.164273	-0.983591	0.074582	0.966691	0.145483	-0.210580
41132	9.740739	0.277910	-1.688827	-0.073081	-0.336458	-0.253941	0.199089	0.109713	0.973821	0.164083	-0.983417	0.077249	0.966147	0.144408	-0.213790
41133	9.699990	0.652558	-1.618404	-0.011345	-0.355252	-0.248284	0.202097	0.112707	0.972859	0.164486	-0.983152	0.079730	0.965454	0.143908	-0.217231
41134	9.654824	0.918493	-1.660696	0.012299	-0.369754	-0.238322	0.205252	0.115619	0.971856	0.165105	-0.982856	0.082058	0.964682	0.143616	-0.220823
41135	9.610202	1.237324	-1.788753	0.025085	-0.380471	-0.226559	0.208530	0.118432	0.970819	0.165830	-0.982549	0.084243	0.963855	0.143424	-0.224531
41136	9.576042	1.341810	-1.948473	0.009765	-0.385757	-0.214255	0.211870	0.121127	0.969762	0.166391	-0.982273	0.086337	0.963029	0.143068	-0.228269
41137	9.478840	1.378487	-2.116796	-0.013196	-0.389401	-0.202311	0.215266	0.123711	0.968688	0.166711	-0.982038	0.088369	0.962220	0.142468	-0.232023
41138	9.434405	1.307290	-2.183299	-0.033118	-0.386721	-0.185327	0.218655	0.126119	0.967618	0.166813	-0.981847	0.090278	0.961438	0.141671	-0.235724
41139	9.448545	1.296995	-2.321567	-0.053995	-0.383869	-0.171616	0.222042	0.128386	0.966548	0.166687	-0.981698	0.092106	0.960684	0.140659	-0.239379
41140	9.439792	1.271702	-2.391051	-0.080161	-0.378485	-0.156478	0.225394	0.130492	0.965489	0.166287	-0.981601	0.093850	0.959972	0.139395	-0.242946
41141	9.401755	1.316864	-2.462915	-0.111986	-0.376704	-0.136192	0.228768	0.132392	0.964437	0.165536	-0.981571	0.095478	0.959303	0.137807	-0.246467
41142	9.482075	1.334212	-2.545293	-0.142717	-0.371731	-0.117864	0.232116	0.134098	0.963400	0.164460	-0.981602	0.097007	0.958684	0.135924	-0.249899
41143	9.462803	1.428429	-2.589499	-0.174806	-0.360978	-0.102823	0.235392	0.135634	0.962390	0.163040	-0.981693	0.098477	0.958128	0.133728	-0.253196
41144	9.451213	1.340879	-2.651542	-0.215121	-0.352740	-0.090453	0.238602	0.137031	0.961401	0.161216	-0.981847	0.099934	0.957642	0.131148	-0.256362
41145	9.417041	1.286763	-2.668490	-0.235455	-0.335506	-0.078572	0.241673	0.138278	0.960455	0.159165	-0.982037	0.101336	0.957215	0.128381	-0.259341
41146	9.440530	1.145270	-2.764400	-0.244986	-0.326912	-0.075662	0.244660	0.139478	0.959524	0.157027	-0.982236	0.102741	0.956809	0.125535	-0.262216
41147	9.443551	0.988228	-2.791583	-0.235741	-0.313772	-0.066428	0.247543	0.140561	0.958627	0.154951	-0.982429	0.104039	0.956406	0.122786	-0.264974
41148	9.433901	0.891666	-2.791065	-0.198060	-0.300884	-0.057167	0.250311	0.141531	0.957765	0.153222	-0.982581	0.105154	0.955964	0.120429	-0.267636
41149	9.396575	0.823194	-2.826315	-0.169439	-0.288945	-0.058815	0.252968	0.142495	0.956924	0.151767	-0.982693	0.106212	0.955497	0.118361	-0.270215
41150	9.368177	0.817194	-2.782909	-0.148226	-0.277458	-0.054564	0.255515	0.143398	0.956111	0.150511	-0.982782	0.107175	0.955018	0.116520	-0.272698
41151	9.409457	0.805180	-2.780579	-0.122331	-0.265514	-0.053477	0.257955	0.144272	0.955325	0.149497	-0.982840	0.108061	0.954521	0.114943	-0.275096
41152	9.406763	0.858629	-2.688357	-0.114345	-0.259681	-0.056134	0.260329	0.145162	0.954545	0.148572	-0.982881	0.108951	0.954021	0.113456	-0.277439
41153	9.346397	0.761105	-2.673045	-0.103335	-0.248861	-0.060337	0.262598	0.146076	0.953784	0.147761	-0.982903	0.109854	0.953525	0.112084	-0.279693
41154	9.364330	0.721835	-2.622028	-0.091654	-0.252863	-0.065023	0.264893	0.147038	0.953001	0.147079	-0.982903	0.110770	0.952995	0.110825	-0.281990
41155	9.330061	0.752230	-2.621191	-0.068406	-0.247986	-0.067805	0.267141	0.148019	0.952222	0.146625	-0.982871	0.111649	0.952437	0.109793	-0.284268
41156	9.337166	0.800003	-2.639327	-0.053458	-0.249137	-0.073666	0.269385	0.149056	0.951427	0.146334	-0.982813	0.112540	0.951850	0.108909	-0.286567
41157	9.347218	0.798752	-2.633930	-0.039139	-0.250823	-0.075888	0.271646	0.150115	0.950618	0.146184	-0.982735	0.113414	0.951230	0.108156	-0.288900
41158	9.347625	0.877177	-2.638420	-0.028334	-0.253191	-0.077374	0.273920	0.151188	0.949795	0.146146	-0.982641	0.114268	0.950584	0.107508	-0.291261
41159	9.360596	0.961518	-2.733370	-0.029928	-0.254482	-0.081504	0.276205	0.152303	0.948955	0.146102	-0.982543	0.115169	0.949929	0.106835	-0.293635
41160	9.312648	0.910822	-2.772815	-0.021390	-0.252882	-0.083429	0.278464	0.153431	0.948112	0.146151	-0.982431	0.116060	0.949262	0.106249	-0.295996
41161	9.343081	0.944714	-2.875385	-0.001878	-0.257079	-0.093026	0.280752	0.154659	0.947237	0.146411	-0.982282	0.116986	0.948547	0.105842	-0.298422
41162	9.366591	0.983074	-2.866765	0.025916	-0.252952	-0.088612	0.283001	0.155836	0.946375	0.146927	-0.982110	0.117784	0.947799	0.105715	-0.300834
41163	9.391167	1.147641	-2.922496	0.039588	-0.251630	-0.086847	0.285242	0.156996	0.945510	0.147566	-0.981925	0.118525	0.947028	0.105717	-0.303253
41164	9.403899	1.290611	-3.020648	0.026804	-0.248506	-0.084094	0.287450	0.158123	0.944653	0.148081	-0.981756	0.119274	0.946279	0.105600	-0.305621
41165	9.366147	1.301326	-2.981547	0.019045	-0.242175	-0.082896	0.289603	0.159233	0.943809	0.148518	-0.981597	0.120037	0.945554	0.105409	-0.307922
41166	9.359664	1.368378	-3.006764	0.002315	-0.238962	-0.080543	0.291721	0.160315	0.942973	0.148795	-0.981459	0.120826	0.944859	0.105062	-0.310166
41167	9.326019	1.371980	-2.907206	-0.026417	-0.240362	-0.075000	0.293865	0.161344	0.942131	0.148782	-0.981358	0.121654	0.944197	0.104423	-0.312392
41168	9.346680	1.290728	-2.892070	-0.055942	-0.243699	-0.066584	0.296046	0.162290	0.941286	0.148472	-0.981301	0.122493	0.943564	0.103492	-0.314606
41169	9.316600	1.185802	-2.766165	-0.064117	-0.247199	-0.067874	0.298262	0.163252	0.940419	0.148087	-0.981249	0.123372	0.942926	0.102467	-0.316845
41170	9.291026	1.117757	-2.716851	-0.076033	-0.256335	-0.069618	0.300554	0.164236	0.939518	0.147601	-0.981204	0.124305	0.942274	0.101314	-0.319147
41171	9.300714	0.971673	-2.610668	-0.084223	-0.270490	-0.072212	0.302981	0.165258	0.938559	0.147044	-0.981163	0.125291	0.941584	0.100049	-0.321574
41172	9.264519	0.797033	-2.506253	-0.067935	-0.279691	-0.080500	0.305474	0.166365	0.937554	0.146672	-0.981089	0.126302	0.940836	0.098931	-0.324098
41173	9.231824	0.700541	-2.443883	-0.035950	-0.301200	-0.089382	0.308160	0.167580	0.936458	0.146627	-0.980967	0.127295	0.939967	0.098083	-0.326867
41174	9.213026	0.602378	-2.415341	0.005213	-0.325273	-0.099608	0.311048	0.168915	0.935263	0.147007	-0.980786	0.128245	0.938956	0.097600	-0.329903
41175	9.162859	0.574851	-2.387293	0.047050	-0.347446	-0.112750	0.314127	0.170400	0.933964	0.147820	-0.980541	0.129181	0.937802	0.097479	-0.333203
41176	9.151120	0.505986	-2.380368	0.096240	-0.376116	-0.127311	0.317440	0.172054	0.932539	0.149147	-0.980221	0.130081	0.936476	0.097793	-0.336823
41177	9.168511	0.594988	-2.408884	0.145499	-0.403476	-0.141136	0.320988	0.173874	0.930986	0.150978	-0.979827	0.130941	0.934972	0.098528	-0.340764
41178	9.232796	0.685357	-2.626827	0.182830	-0.432909	-0.155755	0.324771	0.175866	0.929298	0.153213	-0.979365	0.131796	0.933300	0.099576	-0.345015
41179	9.208961	0.769481	-2.789919	0.223714	-0.453218	-0.169604	0.328720	0.178022	0.927497	0.155872	-0.978832	0.132632	0.931476	0.100972	-0.349510
41180	9.209693	0.890699	-2.983674	0.261490	-0.470638	-0.170809	0.332806	0.180209	0.925616	0.158894	-0.978252	0.133327	0.929512	0.102703	-0.354202
41181	9.190327	1.180130	-3.177759	0.294640	-0.483726	-0.173210	0.337003	0.182446	0.923657	0.162229	-0.977624	0.133915	0.927421	0.104714	-0.359061
41182	9.121595	1.360964	-3.330938	0.296468	-0.487791	-0.170907	0.341217	0.184668	0.921666	0.165579	-0.976988	0.134452	0.925286	0.106732	-0.363942
41183	9.096325	1.510682	-3.483660	0.278927	-0.492369	-0.168971	0.345469	0.186889	0.919632	0.168757	-0.976366	0.135023	0.923132	0.108548	-0.368843
41184	9.061717	1.529245	-3.650394	0.259849	-0.491429	-0.160806	0.349701	0.189033	0.917593	0.171737	-0.975770	0.135568	0.920986	0.110177	-0.373691
41185	9.085401	1.539323	-3.774662	0.242586	-0.490095	-0.153050	0.353928	0.191110	0.915539	0.174527	-0.975202	0.136095	0.918844	0.111619	-0.378505
41186	9.044403	1.551853	-3.849249	0.236699	-0.483611	-0.140700	0.358093	0.193062	0.913508	0.177227	-0.974656	0.136513	0.916712	0.113014	-0.383233
41187	9.029653	1.583986	-3.914521	0.225567	-0.480493	-0.132245	0.362241	0.194937	0.911472	0.179789	-0.974135	0.136887	0.914581	0.114287	-0.387919
41188	9.081130	1.517977	-3.947908	0.204053	-0.470132	-0.120547	0.366291	0.196689	0.909475	0.182118	-0.973655	0.137220	0.912504	0.115370	-0.392461
41189	9.058059	1.457429	-3.897945	0.198252	-0.465844	-0.113470	0.370313	0.198374	0.907478	0.184364	-0.973192	0.137505	0.910428	0.116386	-0.396958
41190	9.078631	1.341526	-3.919848	0.193324	-0.460883	-0.104374	0.374284	0.199965	0.905497	0.186538	-0.972748	0.137712	0.908359	0.117366	-0.401385
41191	9.090200	1.210340	-3.870035	0.199865	-0.456198	-0.100258	0.378219	0.201519	0.903516	0.188749	-0.972302	0.137849	0.906269	0.118401	-0.405779
41192	9.127602	1.096962	-3.720984	0.184374	-0.462965	-0.094272	0.382204	0.203023	0.901500	0.190804	-0.971882	0.137979	0.904165	0.119274	-0.410195
41193	9.297706	0.885870	-3.684757	0.189465	-0.468344	-0.080649	0.386262	0.204408	0.899455	0.192846	-0.971482	0.137960	0.902004	0.120168	-0.414666
41194	9.367111	1.181154	-3.669085	0.207969	-0.480746	-0.067652	0.390435	0.205682	0.897360	0.195010	-0.971082	0.137732	0.899740	0.121219	-0.419254
41195	9.389442	1.124217	-3.790107	0.188967	-0.491917	-0.060910	0.394719	0.206912	0.895201	0.196969	-0.970717	0.137518	0.897441	0.122046	-0.423916
41196	9.302225	0.936102	-3.791311	0.195142	-0.503719	-0.067363	0.399072	0.208220	0.892965	0.199013	-0.970328	0.137319	0.895062	0.122912	-0.428670
41197	9.140353	0.935240	-3.813280	0.230731	-0.509234	-0.076820	0.403453	0.209634	0.890662	0.201406	-0.969873	0.137045	0.892559	0.124093	-0.433520
41198	8.967410	0.878415	-3.888187	0.270708	-0.524143	-0.080802	0.407932	0.211108	0.888271	0.204174	-0.969355	0.136613	0.889890	0.125633	-0.438534
41199	8.847923	0.906516	-4.007555	0.308193	-0.531921	-0.081133	0.412474	0.212608	0.885812	0.207268	-0.968784	0.136009	0.887077	0.127500	-0.443665
41200	8.842667	0.955170	-4.220533	0.347610	-0.536990	-0.076818	0.417040	0.214078	0.883316	0.210693	-0.968162	0.135167	0.884130	0.129739	-0.448868
41201	8.922715	1.135683	-4.402597	0.376274	-0.531360	-0.074499	0.421555	0.215535	0.880816	0.214349	-0.967500	0.134160	0.881105	0.132246	-0.454054
41202	8.933722	1.247305	-4.545741	0.368068	-0.527878	-0.072467	0.426012	0.216976	0.878314	0.217922	-0.966841	0.133146	0.878079	0.134683	-0.459170
41203	8.879369	1.379314	-4.673854	0.346956	-0.523719	-0.077665	0.430415	0.218478	0.875791	0.221319	-0.966191	0.132260	0.875078	0.136903	-0.464216
41204	8.816852	1.439450	-4.814050	0.332472	-0.507299	-0.068405	0.434665	0.219873	0.873340	0.224548	-0.965572	0.131335	0.872149	0.139020	-0.469072
41205	8.684405	1.360771	-4.831078	0.313422	-0.492065	-0.069391	0.438775	0.221272	0.870928	0.227604	-0.964970	0.130497	0.869295	0.140968	-0.473767
41206	8.672215	1.424065	-4.774001	0.302861	-0.480243	-0.064809	0.442765	0.222614	0.868563	0.230547	-0.964386	0.129648	0.866491	0.142841	-0.478319
41207	8.742878	1.476776	-4.747009	0.282402	-0.471123	-0.065048	0.446672	0.223958	0.866214	0.233303	-0.963824	0.128889	0.863744	0.144519	-0.482763
41208	8.808803	1.415702	-4.672536	0.264073	-0.462742	-0.060895	0.450490	0.225252	0.863898	0.235883	-0.963293	0.128164	0.861056	0.146042	-0.487087
41209	8.881411	1.340765	-4.559069	0.245939	-0.469446	-0.060409	0.454365	0.226562	0.861523	0.238295	-0.962785	0.127516	0.858352	0.147358	-0.491444
41210	8.922561	1.352849	-4.392894	0.239861	-0.468224	-0.050944	0.458225	0.227781	0.859154	0.240613	-0.962303	0.126799	0.855649	0.148621	-0.495759
41211	9.018526	1.315714	-4.316084	0.234241	-0.484018	-0.048393	0.462225	0.229009	0.856681	0.242861	-0.961833	0.126082	0.852858	0.149777	-0.500200
41212	9.194588	1.349459	-4.105547	0.210491	-0.502547	-0.034935	0.466387	0.230136	0.854120	0.244848	-0.961424	0.125351	0.850019	0.150667	-0.504744
41213	9.453387	1.302239	-3.851559	0.190837	-0.529340	-0.020723	0.470810	0.231174	0.851409	0.246589	-0.961078	0.124594	0.847073	0.151288	-0.509490
41214	9.616611	1.106658	-3.642234	0.162923	-0.560904	-0.011194	0.475491	0.232169	0.848532	0.248053	-0.960793	0.123883	0.844025	0.151576	-0.514439
41215	9.707810	0.909223	-3.364492	0.146887	-0.600599	-0.004607	0.480521	0.233163	0.845420	0.249338	-0.960549	0.123196	0.840791	0.151597	-0.519700
41216	9.625810	0.602301	-3.115701	0.151547	-0.644182	0.001161	0.485893	0.234166	0.842066	0.250640	-0.960308	0.122422	0.837310	0.151572	-0.525298
41217	9.494308	0.290290	-2.969331	0.167724	-0.705418	0.000066	0.491768	0.235274	0.838338	0.252067	-0.960044	0.121568	0.833443	0.151534	-0.531423
41218	9.412614	0.110728	-3.046935	0.193510	-0.773203	-0.004018	0.498146	0.236522	0.834211	0.253734	-0.959727	0.120593	0.829138	0.151594	-0.538098
41219	9.252322	-0.081581	-3.407894	0.240225	-0.825351	-0.012891	0.504919	0.237938	0.829724	0.255811	-0.959321	0.119432	0.824390	0.151949	-0.545246
41220	9.147222	-0.173346	-3.914091	0.291072	-0.872051	-0.028430	0.511971	0.239576	0.824918	0.258387	-0.958796	0.118093	0.819220	0.152688	-0.552779
41221	9.018950	-0.237477	-4.269196	0.376543	-0.904452	-0.041325	0.519229	0.241399	0.819834	0.261701	-0.958108	0.116369	0.813581	0.154129	-0.560652
41222	8.955741	-0.218659	-4.394860	0.467589	-0.931822	-0.054314	0.526596	0.243400	0.814526	0.265815	-0.957237	0.114195	0.807489	0.156379	-0.568777
41223	8.936981	-0.022387	-4.347038	0.535856	-0.958463	-0.065045	0.534111	0.245574	0.808961	0.270496	-0.956221	0.111684	0.800972	0.159170	-0.577155
41224	8.871837	0.428054	-4.402825	0.563422	-0.985651	-0.066543	0.541748	0.247826	0.803176	0.275388	-0.955138	0.108964	0.794148	0.162154	-0.585692
41225	8.861623	0.674450	-4.795340	0.548685	-1.008290	-0.066226	0.549517	0.250147	0.797156	0.280115	-0.954064	0.106288	0.787126	0.164889	-0.594344
41226	8.699513	0.765928	-5.326851	0.525655	-1.013631	-0.064530	0.557232	0.252479	0.791042	0.284632	-0.953014	0.103673	0.780049	0.167386	-0.602914
41227	8.525715	0.831090	-5.694392	0.514204	-1.012291	-0.074820	0.564859	0.254937	0.784820	0.289073	-0.951946	0.101170	0.772898	0.169723	-0.611410
41228	8.360673	0.827268	-5.869553	0.509812	-0.998246	-0.077360	0.572267	0.257412	0.778620	0.293478	-0.950862	0.098655	0.765755	0.172050	-0.619692
41229	8.265514	0.964426	-5.847732	0.510393	-0.988986	-0.095425	0.579503	0.260070	0.772360	0.297946	-0.949719	0.096241	0.758554	0.174349	-0.627852
41230	8.233296	1.246608	-5.845746	0.482127	-0.978432	-0.112305	0.586507	0.262886	0.766094	0.302284	-0.948564	0.094077	0.751421	0.176401	-0.635806
41231	8.074817	1.582127	-6.128955	0.412467	-0.973055	-0.128383	0.593375	0.265865	0.759752	0.306156	-0.947482	0.092447	0.744429	0.177747	-0.643608
41232	7.955929	1.799680	-6.524688	0.322819	-0.952663	-0.129698	0.599988	0.268824	0.753490	0.309368	-0.946544	0.091357	0.737771	0.178293	-0.651081
41233	7.784975	1.840587	-6.832101	0.239538	-0.934595	-0.133725	0.606418	0.271793	0.747252	0.311964	-0.945743	0.090821	0.731393	0.178040	-0.658306
41234	7.647301	1.699666	-6.954771	0.181421	-0.908726	-0.143607	0.612539	0.274803	0.741133	0.314209	-0.945011	0.090708	0.725306	0.177308	-0.665202
41235	7.587731	1.412537	-6.881223	0.150581	-0.895148	-0.142832	0.618535	0.277774	0.735021	0.316206	-0.944337	0.090783	0.719325	0.176265	-0.671939
41236	7.462494	1.283423	-6.856979	0.174050	-0.889248	-0.147072	0.624390	0.280765	0.728909	0.318416	-0.943602	0.090704	0.713266	0.175461	-0.678575
41237	7.442681	1.569988	-6.682498	0.199913	-0.882078	-0.164154	0.630109	0.283897	0.722748	0.320896	-0.942775	0.090560	0.707098	0.174864	-0.685153
41238	7.580624	1.866327	-6.489857	0.176539	-0.877829	-0.189097	0.635632	0.287252	0.716560	0.323387	-0.941908	0.090725	0.700995	0.174058	-0.691600
41239	7.687461	1.601614	-6.360513	0.111230	-0.874123	-0.216523	0.641010	0.290845	0.710292	0.325576	-0.941076	0.091524	0.695058	0.172586	-0.697931
41240	7.611878	1.214370	-6.223702	0.076458	-0.876424	-0.242109	0.646235	0.294671	0.703952	0.327718	-0.940215	0.092721	0.689189	0.170778	-0.704169
41241	7.562028	1.041301	-6.111941	0.098136	-0.885457	-0.272805	0.651393	0.298778	0.697437	0.330192	-0.939225	0.093964	0.683125	0.169081	-0.710459
41242	7.547388	1.072925	-6.114182	0.179042	-0.891336	-0.309202	0.656376	0.303228	0.690813	0.333487	-0.937971	0.094854	0.676725	0.168118	-0.716784
41243	7.498776	1.125808	-6.191924	0.220637	-0.888534	-0.354193	0.661151	0.308077	0.684081	0.337338	-0.936504	0.095725	0.670136	0.167478	-0.723097
41244	7.498511	1.078721	-6.337909	0.243076	-0.882574	-0.391259	0.665655	0.313262	0.677326	0.341612	-0.934859	0.096644	0.663479	0.167051	-0.729308
41245	7.459502	0.779870	-6.392304	0.273580	-0.863347	-0.417947	0.669896	0.318645	0.670600	0.346241	-0.933067	0.097482	0.656777	0.166886	-0.735386
41246	7.407606	0.497405	-6.446512	0.338148	-0.833674	-0.441063	0.673750	0.324197	0.664046	0.351472	-0.931060	0.097949	0.650021	0.167400	-0.741248
41247	7.298265	0.445519	-6.563236	0.419587	-0.800971	-0.451723	0.677307	0.329782	0.657646	0.357269	-0.928863	0.097837	0.643128	0.168691	-0.746947
41248	7.239155	0.523818	-6.745040	0.489371	-0.753630	-0.460964	0.680411	0.335385	0.651580	0.363588	-0.926475	0.097205	0.636274	0.170767	-0.752326
41249	7.201842	0.497519	-6.830917	0.528065	-0.706212	-0.467942	0.683143	0.340968	0.645800	0.370153	-0.923968	0.096278	0.629526	0.173273	-0.757412
41250	7.159237	0.282022	-6.955913	0.543520	-0.642859	-0.472899	0.685346	0.346501	0.640498	0.376851	-0.921368	0.095209	0.623124	0.176121	-0.762035
41251	6.971148	0.081295	-7.120052	0.574284	-0.584566	-0.493727	0.687071	0.352120	0.635567	0.383833	-0.918606	0.093994	0.616933	0.179371	-0.766303
41252	6.799135	0.014829	-7.133457	0.647844	-0.519513	-0.510200	0.688226	0.357787	0.631137	0.391376	-0.915594	0.092266	0.610876	0.183512	-0.770165
41253	6.832743	-0.205111	-6.741683	0.723529	-0.435391	-0.532581	0.688744	0.363502	0.627294	0.399474	-0.912310	0.090055	0.605022	0.188563	-0.773558
41254	7.125831	-0.472459	-6.259728	0.806549	-0.339785	-0.525828	0.688611	0.368985	0.624232	0.408009	-0.908812	0.087112	0.599453	0.194706	-0.776367
41255	7.205961	-0.006227	-6.294470	0.951368	-0.235077	-0.505184	0.687906	0.374070	0.621979	0.417196	-0.905029	0.082885	0.593914	0.202469	-0.778635
41256	7.469197	0.953400	-5.481044	0.932777	-0.115981	-0.475156	0.686530	0.378642	0.620731	0.426034	-0.901288	0.078584	0.589212	0.210502	-0.780075
41257	7.896830	1.169965	-4.693276	0.679808	0.059580	-0.418692	0.684358	0.382318	0.620876	0.432934	-0.898225	0.075902	0.586705	0.216854	-0.780225
41258	8.381828	1.117854	-4.495118	0.400133	0.230009	-0.355358	0.681399	0.385044	0.622444	0.437766	-0.895955	0.075009	0.586564	0.221374	-0.779061
41259	8.733462	1.195571	-4.537251	0.129450	0.398735	-0.306196	0.677686	0.386933	0.625319	0.440640	-0.894467	0.075935	0.588709	0.224080	-0.776666
41260	8.800850	1.219581	-4.896850	-0.185133	0.560501	-0.254913	0.673181	0.388000	0.629511	0.441330	-0.893862	0.078987	0.593343	0.224649	-0.772966
41261	8.620817	0.834227	-5.363413	-0.404224	0.718264	-0.189681	0.668035	0.388121	0.634895	0.440222	-0.894014	0.083324	0.599945	0.223832	-0.768092
41262	8.362334	0.401995	-5.601597	-0.439693	0.858254	-0.137587	0.662175	0.387478	0.641393	0.438547	-0.894430	0.087586	0.607619	0.223284	-0.762196
41263	8.248989	-0.035771	-5.681262	-0.364035	0.979069	-0.100867	0.655721	0.386227	0.648736	0.437017	-0.894836	0.091022	0.615668	0.223824	-0.755550
41264	8.215398	-0.158021	-5.782722	-0.226412	1.098301	-0.074385	0.648513	0.384466	0.656976	0.436163	-0.895025	0.093229	0.623853	0.226088	-0.748125
41265	8.235654	0.009403	-5.748402	-0.095532	1.223574	-0.059436	0.640545	0.382244	0.666027	0.435977	-0.894998	0.094357	0.632160	0.229933	-0.739936
41266	8.283300	0.352805	-5.775110	-0.027129	1.358681	-0.022980	0.631718	0.379331	0.676047	0.436014	-0.894941	0.094729	0.640956	0.234924	-0.730744
41267	8.172435	0.532750	-5.708303	0.024644	1.496261	0.024155	0.622139	0.375592	0.686931	0.436051	-0.894956	0.094411	0.650232	0.240801	-0.720564
41268	8.090754	0.490261	-5.698173	0.078883	1.628722	0.085280	0.611759	0.370890	0.698707	0.436108	-0.895047	0.093274	0.659970	0.247651	-0.709301
41269	8.101080	0.462902	-5.649952	0.163613	1.769092	0.157059	0.600655	0.365068	0.711294	0.436274	-0.895196	0.091042	0.669984	0.255634	-0.696974
41270	8.105987	0.505049	-5.634573	0.235810	1.899778	0.230339	0.588750	0.358098	0.724665	0.436559	-0.895383	0.087780	0.680286	0.264678	-0.683488
41271	8.113236	0.667943	-5.632345	0.282489	2.021634	0.289824	0.576131	0.350089	0.738587	0.436836	-0.895632	0.083777	0.690831	0.274375	-0.668933
41272	8.086456	0.924460	-5.620919	0.273096	2.144015	0.340457	0.562602	0.341083	0.753088	0.436863	-0.896012	0.079452	0.701876	0.284296	-0.653104
41273	8.109560	1.100366	-5.539865	0.193514	2.255532	0.387391	0.548304	0.331128	0.767931	0.436108	-0.896739	0.075287	0.713563	0.293620	-0.636093
41274	8.227668	1.184496	-5.447269	0.087745	2.375022	0.444147	0.533052	0.320097	0.783195	0.434402	-0.897891	0.071314	0.726051	0.302207	-0.617674
41275	8.253277	1.297185	-5.383459	-0.058918	2.481687	0.500147	0.517008	0.308046	0.798630	0.431371	-0.899627	0.067747	0.739339	0.309480	-0.597996
41276	8.361625	1.363422	-5.263715	-0.229088	2.582590	0.565499	0.500066	0.294913	0.814224	0.426850	-0.902015	0.064556	0.753481	0.315269	-0.576951
41277	8.472120	1.449647	-5.302616	-0.424887	2.677439	0.640323	0.482378	0.280669	0.829781	0.420496	-0.905192	0.061728	0.768436	0.319143	-0.554665
41278	8.814222	1.609573	-5.299424	-0.632375	2.754235	0.701675	0.463826	0.265515	0.845203	0.412333	-0.909101	0.059310	0.784122	0.320995	-0.531145
41279	9.102226	1.613474	-5.330291	-0.880122	2.830306	0.769337	0.444506	0.249462	0.860339	0.401888	-0.913891	0.057349	0.800563	0.320268	-0.506486
41280	9.262936	1.546531	-5.262447	-1.108347	2.895575	0.842916	0.424318	0.232533	0.875147	0.389326	-0.919425	0.055532	0.817545	0.317154	-0.480660
41281	9.327817	1.444403	-5.165195	-1.296237	2.959767	0.920443	0.403357	0.214769	0.889482	0.374829	-0.925549	0.053502	0.834749	0.311823	-0.453828
41282	9.437156	1.465434	-5.083308	-1.483589	3.005426	0.992535	0.381554	0.196316	0.903259	0.358488	-0.932131	0.051159	0.851999	0.304288	-0.426035
41283	9.527010	1.410020	-4.980800	-1.641117	3.047036	1.076583	0.359070	0.177154	0.916343	0.340398	-0.939047	0.048158	0.869021	0.294630	-0.397487
41284	9.607650	1.294371	-4.787689	-1.750216	3.070966	1.160946	0.335876	0.157361	0.928668	0.321077	-0.946022	0.044176	0.885492	0.283337	-0.368271
41285	9.760822	1.233093	-4.635752	-1.812275	3.075803	1.230309	0.312202	0.137195	0.940057	0.300918	-0.952847	0.039124	0.901099	0.270665	-0.338765
41286	9.956231	1.086161	-4.501022	-1.798895	3.063996	1.299448	0.288059	0.116705	0.950475	0.280745	-0.959225	0.032694	0.915535	0.257423	-0.309078
41287	10.271442	0.861404	-4.389283	-1.666821	3.033137	1.362765	0.263767	0.096017	0.959796	0.261632	-0.964854	0.024622	0.928427	0.244618	-0.279617
41288	10.575667	0.468839	-4.264168	-1.464065	3.008091	1.407910	0.239145	0.075236	0.968065	0.244482	-0.969538	0.014955	0.939701	0.233098	-0.250254
41289	10.472273	-0.367633	-4.067167	-1.213942	2.993130	1.406946	0.214189	0.054776	0.975255	0.229840	-0.973219	0.004184	0.949366	0.223257	-0.221042
41290	9.979632	-0.910334	-3.735003	-0.885424	2.963927	1.357526	0.188895	0.035057	0.981371	0.218728	-0.975759	-0.007245	0.957328	0.216021	-0.191984
41291	9.359342	-0.809129	-3.364908	-0.534909	2.897548	1.255641	0.163745	0.016639	0.986362	0.211388	-0.977225	-0.018608	0.963588	0.211552	-0.163533
41292	8.845563	-0.294252	-3.201097	-0.256046	2.777565	1.108121	0.139158	-0.000023	0.990270	0.207296	-0.977844	-0.029153	0.968330	0.209336	-0.136070
41293	8.725492	-0.010143	-2.827261	-0.064259	2.612814	0.917270	0.115685	-0.014413	0.993181	0.205515	-0.977911	-0.038130	0.971792	0.208525	-0.110168
41294	8.697149	0.042439	-2.577955	0.049125	2.438448	0.732120	0.093390	-0.026642	0.995273	0.205284	-0.977647	-0.045433	0.974237	0.208556	-0.085833
41295	8.356318	0.369008	-2.541205	0.087583	2.250138	0.552452	0.072566	-0.036698	0.996688	0.205688	-0.977290	-0.050959	0.975923	0.208705	-0.063369
41296	8.157938	0.642440	-2.540388	0.031388	2.031178	0.385705	0.053455	-0.044687	0.997570	0.205805	-0.977058	-0.054796	0.977132	0.208234	-0.043032
41297	8.154297	0.378622	-2.639081	-0.069987	1.802151	0.268166	0.036369	-0.051006	0.998036	0.205007	-0.977076	-0.057406	0.978084	0.206693	-0.025079
41298	8.259652	-0.187341	-2.758845	-0.039375	1.582431	0.166640	0.021163	-0.055881	0.998213	0.204624	-0.977059	-0.059035	0.978612	0.205508	-0.009243
41299	8.202054	-0.732430	-2.781971	0.125825	1.379379	0.073194	0.007797	-0.059394	0.998204	0.205851	-0.976759	-0.059726	0.978552	0.205947	0.004611
41300	8.032492	-0.949924	-2.801716	0.343734	1.181039	-0.045924	-0.003913	-0.061380	0.998107	0.209258	-0.976067	-0.059204	0.977853	0.208630	0.016663
41301	7.824466	-0.547107	-2.793451	0.537511	0.973431	-0.149570	-0.013761	-0.061934	0.997985	0.214503	-0.975026	-0.057552	0.976626	0.213279	0.026702
41302	7.676664	0.123990	-2.877823	0.625044	0.768627	-0.230119	-0.021820	-0.061339	0.997878	0.220599	-0.973811	-0.055035	0.975121	0.218930	0.034780
41303	7.541971	0.615990	-3.109667	0.625285	0.572274	-0.274963	-0.028030	-0.059893	0.997811	0.226627	-0.972592	-0.052013	0.973578	0.224673	0.040835
41304	7.543374	0.903498	-3.131290	0.551256	0.377269	-0.283209	-0.032404	-0.057981	0.997792	0.231937	-0.971500	-0.048921	0.972191	0.229840	0.044929
41305	7.594564	1.306643	-3.349889	0.401375	0.179091	-0.287666	-0.034836	-0.055563	0.997847	0.235745	-0.970734	-0.045823	0.971190	0.233641	0.046916
41306	7.501076	1.514623	-3.807599	0.194379	-0.036781	-0.270520	-0.035170	-0.052832	0.997984	0.237567	-0.970419	-0.043001	0.970734	0.235575	0.046681
41307	7.336031	1.649181	-4.089303	-0.062000	-0.249251	-0.255979	-0.033377	-0.049722	0.998205	0.236881	-0.970697	-0.040431	0.970965	0.235106	0.044177
41308	7.349832	1.644708	-4.520323	-0.327493	-0.458423	-0.223982	-0.029496	-0.046452	0.998485	0.233656	-0.971565	-0.038298	0.971872	0.232172	0.039511
41309	7.470666	1.813392	-4.745476	-0.579456	-0.646932	-0.190330	-0.023663	-0.043078	0.998791	0.227974	-0.972981	-0.036564	0.973380	0.226833	0.032844
41310	8.201924	1.646553	-3.875555	-0.907131	-0.743785	-0.144246	-0.016777	-0.039989	0.999059	0.219128	-0.975056	-0.035348	0.975552	0.218329	0.025121
41311	9.973423	0.042421	-2.333448	-1.239308	-0.645953	-0.024794	-0.010537	-0.038335	0.999209	0.207022	-0.977698	-0.035327	0.978279	0.206486	0.018239
41312	11.542674	-0.833072	-1.089313	-1.313484	-0.445752	0.112763	-0.005979	-0.038515	0.999240	0.194185	-0.980281	-0.036622	0.980947	0.193819	0.013340
41313	12.161991	-0.146314	-0.113988	-1.344689	-0.273384	0.208572	-0.002920	-0.040010	0.999195	0.180992	-0.982718	-0.038821	0.983480	0.180733	0.010111
41314	11.979513	0.053348	0.349367	-1.507969	-0.178923	0.252714	-0.000752	-0.042154	0.999111	0.166166	-0.985227	-0.041443	0.986097	0.165987	0.007745
41315	11.600977	-1.334663	0.412534	-1.583680	-0.135084	0.223995	0.000921	-0.044109	0.999026	0.150535	-0.987636	-0.043745	0.988604	0.150428	0.005731
41316	11.187930	-2.319602	0.467234	-1.304206	-0.172568	0.104440	0.002747	-0.044860	0.998990	0.137647	-0.989467	-0.044811	0.990477	0.137631	0.003456
41317	11.034216	-0.701104	0.367359	-0.876876	-0.338532	-0.117435	0.005931	-0.043205	0.999049	0.128968	-0.990689	-0.043609	0.991631	0.129104	-0.000303
41318	11.870802	-0.116298	-0.056398	-0.891287	-0.544500	-0.268786	0.010967	-0.039829	0.999146	0.120167	-0.991913	-0.040860	0.992693	0.120512	-0.006093
41319	12.729233	-2.602766	-0.358167	-1.027827	-0.583857	-0.273962	0.016437	-0.036394	0.999202	0.110001	-0.993205	-0.037985	0.993796	0.110538	-0.012322
41320	12.279708	-4.014098	-0.468777	-0.735617	-0.515712	-0.324840	0.021188	-0.032584	0.999244	0.102767	-0.994104	-0.034595	0.994480	0.103422	-0.017715
41321	10.576412	-2.405008	-0.783542	-0.250597	-0.507693	-0.426375	0.025791	-0.027784	0.999281	0.100381	-0.994489	-0.030241	0.994615	0.101089	-0.022859
41322	9.044166	-1.319484	-0.987525	-0.048894	-0.539246	-0.454076	0.030670	-0.022696	0.999272	0.100035	-0.994653	-0.025662	0.994511	0.100749	-0.028236
41323	8.657524	-1.811405	-1.240260	0.050561	-0.537557	-0.411174	0.035589	-0.018022	0.999204	0.100681	-0.994686	-0.021526	0.994282	0.101367	-0.033585
41324	9.049228	-1.485477	-1.406115	0.248245	-0.532421	-0.391343	0.040455	-0.013558	0.999089	0.103305	-0.994493	-0.017679	0.993827	0.103927	-0.038832
41325	9.612301	-0.685868	-1.496431	0.372309	-0.515391	-0.407938	0.045132	-0.008915	0.998941	0.107186	-0.994144	-0.013715	0.993214	0.107692	-0.043913
41326	10.033265	-0.496312	-1.370454	0.452916	-0.465501	-0.436724	0.049250	-0.004039	0.998778	0.111894	-0.993674	-0.009536	0.992499	0.112227	-0.048487
41327	10.058441	-0.341644	-1.091496	0.579247	-0.420489	-0.467770	0.052870	0.001133	0.998601	0.117887	-0.993014	-0.005115	0.991619	0.117992	-0.052634
41328	9.965412	0.283675	-0.797078	0.651453	-0.403176	-0.487802	0.056249	0.006487	0.998396	0.124612	-0.992205	-0.000574	0.990610	0.124445	-0.056619
41329	9.772882	0.997087	-0.619874	0.597084	-0.377414	-0.468937	0.059372	0.011660	0.998168	0.130803	-0.991401	0.003800	0.989629	0.130338	-0.060387
41330	9.478173	1.582383	-0.461375	0.446953	-0.368615	-0.419528	0.062435	0.016330	0.997915	0.135484	-0.990749	0.007736	0.988810	0.134718	-0.064069
41331	9.284688	1.982034	-0.414903	0.221145	-0.370783	-0.360815	0.065591	0.020448	0.997637	0.137909	-0.990381	0.011233	0.988271	0.136847	-0.067780
41332	9.417526	2.134174	-0.357971	-0.068472	-0.385694	-0.297540	0.068967	0.023948	0.997331	0.137440	-0.990407	0.014278	0.988106	0.136089	-0.071597
41333	9.658571	1.830467	-0.391046	-0.367579	-0.389638	-0.241096	0.072475	0.026900	0.997007	0.133987	-0.990837	0.016994	0.988329	0.132354	-0.075415
41334	9.791358	1.157778	-0.459993	-0.584949	-0.389679	-0.213793	0.076020	0.029554	0.996668	0.128375	-0.991532	0.019610	0.988808	0.126457	-0.079170
41335	9.776419	0.427843	-0.469143	-0.667764	-0.386998	-0.210711	0.079569	0.032161	0.996310	0.121943	-0.992287	0.022292	0.989343	0.119719	-0.082877
41336	9.717462	-0.164116	-0.518139	-0.635105	-0.391386	-0.224049	0.083148	0.034872	0.995927	0.115855	-0.992949	0.025095	0.989780	0.113296	-0.086602
41337	9.655123	-0.421128	-0.506989	-0.550672	-0.398592	-0.249872	0.086797	0.037835	0.995507	0.110625	-0.993465	0.028113	0.990065	0.107688	-0.090415
41338	9.741378	-0.546433	-0.596493	-0.438250	-0.404912	-0.268112	0.090488	0.040957	0.995055	0.106537	-0.993819	0.031218	0.990183	0.103185	-0.094292
41339	9.674205	-0.528109	-0.600055	-0.343314	-0.409238	-0.291021	0.094220	0.044306	0.994565	0.103416	-0.994040	0.034485	0.990165	0.099605	-0.098241
41340	9.647664	-0.484748	-0.511027	-0.274640	-0.418989	-0.308552	0.098027	0.047813	0.994035	0.101006	-0.994165	0.037859	0.990045	0.096692	-0.102284
41341	9.565867	-0.272665	-0.434947	-0.227596	-0.431860	-0.323753	0.101964	0.051486	0.993455	0.099087	-0.994219	0.041356	0.989841	0.094221	-0.106476
41342	9.524694	-0.036727	-0.266968	-0.205968	-0.457608	-0.331003	0.106141	0.055231	0.992816	0.097405	-0.994232	0.044896	0.989569	0.091940	-0.110908
41343	9.409540	0.160800	-0.343130	-0.207454	-0.501998	-0.338314	0.110767	0.059092	0.992088	0.095730	-0.994224	0.048531	0.989225	0.089597	-0.115784
41344	9.527263	-0.104587	-0.200619	-0.242210	-0.547347	-0.342548	0.115828	0.063008	0.991269	0.093736	-0.994225	0.052243	0.988836	0.086866	-0.121065
41345	9.567159	-0.281506	0.041436	-0.222922	-0.582575	-0.344798	0.121253	0.066976	0.990359	0.091951	-0.994189	0.055977	0.988353	0.084277	-0.126707
41346	9.533281	-0.014319	0.049972	-0.149693	-0.622452	-0.359276	0.127046	0.071093	0.989346	0.090933	-0.994063	0.059755	0.987720	0.082372	-0.132756
41347	9.466364	0.267177	0.053968	-0.127450	-0.671855	-0.368399	0.133332	0.075344	0.988203	0.090165	-0.993893	0.063612	0.986961	0.080620	-0.139311
41348	9.483582	0.315463	-0.312033	-0.113011	-0.705852	-0.365213	0.139936	0.079563	0.986959	0.089565	-0.993697	0.067407	0.986101	0.078964	-0.146181
41349	9.537085	0.370793	-0.716115	-0.083045	-0.729484	-0.364563	0.146787	0.083798	0.985612	0.089281	-0.993461	0.071168	0.985131	0.077550	-0.153309
41350	9.514446	0.434548	-1.169295	-0.031086	-0.745512	-0.364456	0.153769	0.088019	0.984179	0.089540	-0.993168	0.074833	0.984041	0.076617	-0.160600
41351	9.508344	0.464751	-1.586361	0.024339	-0.747918	-0.361829	0.160786	0.092225	0.982671	0.090361	-0.992819	0.078392	0.982844	0.076191	-0.167965
41352	9.506641	0.660135	-1.860863	0.086674	-0.739614	-0.352032	0.167697	0.096309	0.981123	0.091808	-0.992417	0.081726	0.981554	0.076370	-0.175268
41353	9.555468	1.037813	-2.088253	0.137567	-0.734906	-0.343812	0.174573	0.100326	0.979520	0.093759	-0.991969	0.084891	0.980170	0.077019	-0.182578
41354	9.601756	1.512954	-2.278517	0.147830	-0.715599	-0.327886	0.181239	0.104158	0.977908	0.095808	-0.991516	0.087851	0.978761	0.077769	-0.189681
41355	9.627920	1.757988	-2.448876	0.088666	-0.695488	-0.309071	0.187730	0.107804	0.976287	0.097258	-0.991114	0.090740	0.977394	0.077918	-0.196547
41356	9.569230	1.839811	-2.639271	-0.004905	-0.666747	-0.289437	0.193929	0.111217	0.974691	0.097782	-0.990797	0.093600	0.976130	0.077155	-0.203019
41357	9.586137	1.785881	-2.834894	-0.078804	-0.635885	-0.267893	0.199857	0.114398	0.973124	0.097554	-0.990549	0.096411	0.974957	0.075664	-0.209128
41358	9.712154	1.634228	-3.060171	-0.122017	-0.603014	-0.246021	0.205463	0.117315	0.971608	0.096883	-0.990351	0.099090	0.973858	0.073773	-0.214846
41359	9.735064	1.499349	-3.243286	-0.138447	-0.563097	-0.223240	0.210715	0.119977	0.970157	0.096015	-0.990181	0.101599	0.972821	0.071741	-0.220165
41360	9.728785	1.424444	-3.362342	-0.124113	-0.522180	-0.207043	0.215565	0.122427	0.968785	0.095268	-0.990013	0.103911	0.971831	0.069895	-0.225075
41361	9.715304	1.417770	-3.424827	-0.122954	-0.481882	-0.191059	0.220051	0.124692	0.967486	0.094505	-0.989856	0.106080	0.970900	0.068089	-0.229603
