// General information: 
//  MT Manager version: 2022.2.0 
//  XDA version: 2022.2.0 build 7381 rev 124627 built on 2023-07-19
// Device information: 
//  DeviceId: 00B4CBA7
//  ProductCode: MTW2-3A7G6
//  Firmware Version: 4.6.0
//  Hardware Version: 2.0.0
// Device settings: 
//  Filter Profile: human(46.1)
//  Option Flags: Orientation Smoother Disabled, Position/Velocity Smoother Disabled, Continuous Zero Rotation Update Disabled, AHS Disabled, ICC Disabled
// Coordinate system: ENU
PacketCounter	Acc_X	Acc_Y	Acc_Z	Gyr_X	Gyr_Y	Gyr_Z	Mat[1][1]	Mat[2][1]	Mat[3][1]	Mat[1][2]	Mat[2][2]	Mat[3][2]	Mat[1][3]	Mat[2][3]	Mat[3][3]
17317	9.540969	-2.202271	-2.146064	-0.022894	-0.037144	0.006677	-0.303355	0.043731	0.951874	-0.558272	0.801387	-0.214735	-0.772210	-0.596546	-0.218691
17318	9.276589	-2.074520	-2.323342	-0.061297	-0.031796	0.006977	-0.303611	0.043570	0.951799	-0.557784	0.801756	-0.214627	-0.772462	-0.596062	-0.219119
17319	9.275891	-2.245095	-2.567745	-0.036497	-0.034276	0.006723	-0.303881	0.043375	0.951722	-0.557543	0.801939	-0.214569	-0.772530	-0.595829	-0.219511
17320	9.245145	-2.199830	-2.578163	-0.000249	-0.024274	-0.000710	-0.304036	0.043197	0.951681	-0.557549	0.801947	-0.214522	-0.772464	-0.595831	-0.219737
17321	9.282488	-2.111614	-2.434560	-0.008331	-0.013920	0.005679	-0.304150	0.043126	0.951647	-0.557495	0.801985	-0.214522	-0.772458	-0.595786	-0.219882
17322	9.304990	-2.246909	-2.384213	-0.024639	-0.004282	0.004957	-0.304183	0.043112	0.951638	-0.557296	0.802136	-0.214474	-0.772589	-0.595583	-0.219970
17323	9.306710	-2.331313	-2.260238	-0.008640	0.000358	0.001761	-0.304158	0.043114	0.951645	-0.557211	0.802206	-0.214435	-0.772660	-0.595489	-0.219974
17324	9.333189	-2.175561	-2.140454	0.005951	0.001428	0.001827	-0.304129	0.043109	0.951655	-0.557257	0.802176	-0.214426	-0.772638	-0.595530	-0.219942
17325	9.392150	-2.138048	-2.067676	0.014584	0.000355	-0.005413	-0.304067	0.043046	0.951678	-0.557388	0.802100	-0.214369	-0.772569	-0.595636	-0.219898
17326	9.359871	-2.019795	-2.019759	0.012316	0.008210	0.001369	-0.303982	0.043078	0.951703	-0.557485	0.802033	-0.214369	-0.772532	-0.595725	-0.219788
17327	9.276202	-1.984519	-2.027268	-0.008778	0.002858	0.006913	-0.303972	0.043141	0.951704	-0.557368	0.802111	-0.214382	-0.772620	-0.595615	-0.219773
17328	9.255318	-1.930489	-2.014022	-0.032575	0.004289	0.011671	-0.303975	0.043232	0.951699	-0.557087	0.802306	-0.214381	-0.772822	-0.595345	-0.219797
17329	9.128810	-1.975861	-1.938098	-0.060757	0.001091	0.016035	-0.304029	0.043345	0.951676	-0.556571	0.802668	-0.214364	-0.773172	-0.594848	-0.219910
17330	9.164675	-2.116828	-1.978174	-0.054805	-0.003897	0.011270	-0.304093	0.043385	0.951654	-0.556119	0.802996	-0.214311	-0.773472	-0.594403	-0.220058
17331	9.231493	-2.112904	-2.069273	-0.046158	-0.009961	0.008396	-0.304185	0.043377	0.951625	-0.555725	0.803284	-0.214252	-0.773719	-0.594014	-0.220242
17332	9.283511	-2.153865	-2.133793	-0.043180	-0.015309	0.005455	-0.304306	0.043302	0.951590	-0.555381	0.803545	-0.214169	-0.773919	-0.593667	-0.220474
17333	9.342393	-2.108268	-2.183091	-0.036803	-0.019948	0.002776	-0.304450	0.043189	0.951549	-0.555076	0.803779	-0.214080	-0.774080	-0.593359	-0.220737
17334	9.339670	-2.030561	-2.190847	-0.044876	-0.021714	0.001465	-0.304598	0.043044	0.951508	-0.554731	0.804051	-0.213954	-0.774270	-0.593001	-0.221034
17335	9.358291	-2.138520	-2.211123	-0.051529	-0.024908	0.001262	-0.304761	0.042866	0.951464	-0.554381	0.804331	-0.213809	-0.774457	-0.592634	-0.221364
17336	9.382443	-2.210664	-2.278983	-0.027454	-0.024219	-0.001739	-0.304910	0.042680	0.951424	-0.554179	0.804501	-0.213692	-0.774542	-0.592417	-0.221648
17337	9.444894	-2.191652	-2.260042	-0.002240	-0.020693	0.001200	-0.305048	0.042527	0.951387	-0.554206	0.804491	-0.213659	-0.774468	-0.592441	-0.221840
17338	9.382225	-2.028919	-2.220910	0.033032	-0.018966	0.003480	-0.305186	0.042415	0.951348	-0.554458	0.804300	-0.213725	-0.774234	-0.592708	-0.221944
17339	9.329696	-1.980671	-2.278878	0.016880	-0.016796	0.001987	-0.305299	0.042310	0.951316	-0.554582	0.804209	-0.213745	-0.774101	-0.592839	-0.222060
17340	9.405095	-2.293105	-2.230084	0.032155	-0.008959	-0.003942	-0.305318	0.042197	0.951315	-0.554849	0.804026	-0.213739	-0.773902	-0.593094	-0.222071
17341	9.402100	-2.556777	-1.877156	0.059729	-0.000051	-0.020577	-0.305169	0.041994	0.951372	-0.555418	0.803661	-0.213633	-0.773552	-0.593603	-0.221928
17342	9.538796	-2.791669	-1.509184	0.210849	-0.004036	-0.040712	-0.304945	0.041615	0.951460	-0.557178	0.802431	-0.213674	-0.772374	-0.595292	-0.221511
17343	9.470989	-1.911610	-1.179773	0.274498	-0.018472	-0.051394	-0.304778	0.041058	0.951538	-0.559485	0.800802	-0.213757	-0.770770	-0.597520	-0.221095
17344	9.440958	-1.401697	-1.427656	0.101150	-0.028459	-0.032705	-0.304785	0.040598	0.951555	-0.560371	0.800217	-0.213629	-0.770124	-0.598335	-0.221144
17345	9.411943	-1.954234	-2.032289	-0.011305	-0.039992	-0.018774	-0.304960	0.040188	0.951517	-0.560343	0.800300	-0.213390	-0.770075	-0.598252	-0.221540
17346	9.267694	-2.301647	-2.536525	-0.005341	-0.044255	-0.018062	-0.305171	0.039751	0.951468	-0.560363	0.800345	-0.213167	-0.769976	-0.598220	-0.221967
17347	9.253131	-2.138630	-2.869696	0.074009	-0.043402	-0.020557	-0.305361	0.039286	0.951426	-0.561046	0.799886	-0.213097	-0.769403	-0.598865	-0.222213
17348	9.117834	-1.993523	-3.052763	0.075271	-0.031604	-0.017587	-0.305477	0.038928	0.951403	-0.561685	0.799448	-0.213057	-0.768891	-0.599473	-0.222348
17349	9.124604	-2.215268	-3.215650	0.091265	-0.014778	-0.013166	-0.305494	0.038712	0.951407	-0.562428	0.798913	-0.213101	-0.768341	-0.600199	-0.222290
17350	9.051566	-2.121478	-3.138511	0.120579	0.002813	-0.009511	-0.305390	0.038625	0.951444	-0.563390	0.798199	-0.213238	-0.767678	-0.601155	-0.222001
17351	9.040504	-2.067037	-2.982048	0.118433	0.019620	-0.005724	-0.305181	0.038679	0.951508	-0.564308	0.797503	-0.213412	-0.767086	-0.602073	-0.221556
17352	9.091324	-2.050698	-2.746797	0.097423	0.033845	-0.006389	-0.304857	0.038804	0.951607	-0.565081	0.796925	-0.213526	-0.766646	-0.602830	-0.221020
17353	9.129235	-2.026720	-2.420734	0.064513	0.045874	-0.005192	-0.304446	0.038997	0.951731	-0.565642	0.796513	-0.213579	-0.766395	-0.603362	-0.220437
17354	9.183942	-2.034009	-2.116273	0.022280	0.051463	0.003816	-0.304045	0.039311	0.951846	-0.565807	0.796384	-0.213624	-0.766433	-0.603513	-0.219894
17355	9.112421	-2.078890	-1.854603	-0.029031	0.050559	0.005948	-0.303664	0.039634	0.951955	-0.565582	0.796556	-0.213579	-0.766750	-0.603265	-0.219468
17356	9.215987	-2.232912	-1.679563	-0.038498	0.039477	0.006863	-0.303371	0.039900	0.952037	-0.565272	0.796791	-0.213520	-0.767094	-0.602936	-0.219169
17357	9.284605	-2.181937	-1.644371	-0.012237	0.024238	0.005519	-0.303190	0.040062	0.952088	-0.565174	0.796864	-0.213509	-0.767238	-0.602829	-0.218959
17358	9.324571	-2.028326	-1.674768	-0.016599	0.008157	0.002988	-0.303115	0.040108	0.952109	-0.565044	0.796969	-0.213461	-0.767363	-0.602687	-0.218911
17359	9.230549	-2.047414	-1.885768	-0.006782	-0.006431	0.003888	-0.303155	0.040068	0.952099	-0.565008	0.797000	-0.213444	-0.767375	-0.602649	-0.218975
17360	9.258164	-2.006320	-2.064405	0.027566	-0.025575	0.002749	-0.303338	0.039909	0.952047	-0.565217	0.796839	-0.213490	-0.767148	-0.602873	-0.219154
17361	9.289365	-1.988162	-2.234767	0.034516	-0.025897	0.003585	-0.303536	0.039752	0.951991	-0.565485	0.796628	-0.213566	-0.766872	-0.603161	-0.219326
17362	9.352897	-2.092239	-2.391373	0.043445	-0.024072	0.003559	-0.303712	0.039608	0.951940	-0.565813	0.796371	-0.213655	-0.766560	-0.603510	-0.219456
17363	9.504618	-2.068858	-2.530295	0.056048	-0.013654	0.006613	-0.303818	0.039541	0.951909	-0.566264	0.796012	-0.213798	-0.766185	-0.603988	-0.219452
17364	9.569827	-2.122365	-2.622256	0.022558	0.006216	0.011926	-0.303809	0.039646	0.951908	-0.566407	0.795877	-0.213921	-0.766083	-0.604158	-0.219338
17365	9.450793	-2.078722	-2.588297	0.007634	0.025789	0.014462	-0.303662	0.039880	0.951945	-0.566460	0.795809	-0.214035	-0.766102	-0.604233	-0.219066
17366	9.344098	-1.922114	-2.407616	-0.048398	0.046646	0.019870	-0.303388	0.040293	0.952015	-0.566035	0.796100	-0.214078	-0.766524	-0.603823	-0.218720
17367	9.299310	-2.114377	-2.265116	-0.086815	0.046163	0.019145	-0.303115	0.040697	0.952085	-0.565323	0.796618	-0.214033	-0.767158	-0.603111	-0.218460
17368	9.296400	-2.235817	-2.029227	-0.081445	0.054041	0.014132	-0.302751	0.041108	0.952183	-0.564661	0.797110	-0.213950	-0.767789	-0.602434	-0.218114
17369	9.240203	-2.180888	-1.794085	-0.075896	0.043726	0.011685	-0.302449	0.041428	0.952265	-0.564080	0.797546	-0.213854	-0.768335	-0.601833	-0.217848
17370	9.401559	-2.158864	-1.670357	-0.075034	0.038032	0.009286	-0.302180	0.041703	0.952338	-0.563481	0.798000	-0.213739	-0.768880	-0.601212	-0.217641
17371	9.584720	-2.319197	-1.616879	-0.083257	0.037297	0.002173	-0.301878	0.041926	0.952424	-0.562826	0.798515	-0.213542	-0.769478	-0.600513	-0.217457
17372	9.503889	-2.359520	-1.617642	-0.046828	0.034886	-0.001678	-0.301571	0.042094	0.952514	-0.562477	0.798803	-0.213385	-0.769853	-0.600118	-0.217219
17373	9.256910	-2.135665	-1.754451	-0.044254	0.017740	-0.008868	-0.301355	0.042115	0.952582	-0.562148	0.799093	-0.213168	-0.770179	-0.599731	-0.217135
17374	9.217044	-2.328726	-1.964808	-0.013490	0.010292	-0.013864	-0.301169	0.042038	0.952644	-0.562092	0.799186	-0.212966	-0.770292	-0.599612	-0.217060
17375	9.135473	-2.412862	-2.149556	0.002544	-0.001461	-0.014869	-0.301063	0.041872	0.952684	-0.562203	0.799155	-0.212789	-0.770252	-0.599665	-0.217056
17376	9.199807	-2.379330	-2.366862	0.036566	-0.005672	-0.014457	-0.300997	0.041694	0.952713	-0.562535	0.798948	-0.212690	-0.770036	-0.599953	-0.217027
17377	9.410779	-2.184224	-2.433485	0.074396	0.001924	-0.014998	-0.300873	0.041558	0.952758	-0.563167	0.798506	-0.212673	-0.769622	-0.600550	-0.216844
17378	9.436760	-1.893329	-2.374910	0.070701	0.011233	-0.009361	-0.300705	0.041524	0.952813	-0.563746	0.798092	-0.212697	-0.769264	-0.601103	-0.216581
17379	9.472037	-1.771845	-2.415216	0.040346	0.023291	-0.012155	-0.300429	0.041539	0.952899	-0.564108	0.797853	-0.212632	-0.769106	-0.601419	-0.216266
17380	9.447791	-1.880318	-2.407798	0.044005	0.036145	-0.018929	-0.300016	0.041578	0.953028	-0.564509	0.797603	-0.212507	-0.768973	-0.601748	-0.215822
17381	9.352486	-1.789850	-2.199256	0.031233	0.045421	-0.013627	-0.299573	0.041721	0.953161	-0.564785	0.797433	-0.212413	-0.768944	-0.601964	-0.215326
17382	9.254111	-1.808627	-1.996479	-0.016413	0.054615	0.002418	-0.299138	0.042041	0.953283	-0.564658	0.797537	-0.212361	-0.769206	-0.601804	-0.214834
17383	9.148260	-1.917452	-1.749492	-0.066160	0.051280	0.011325	-0.298788	0.042425	0.953376	-0.564094	0.797953	-0.212295	-0.769756	-0.601225	-0.214487
17384	9.161257	-2.071692	-1.535663	-0.091651	0.041240	0.016484	-0.298534	0.042776	0.953440	-0.563345	0.798503	-0.212216	-0.770402	-0.600469	-0.214283
17385	9.217083	-2.142473	-1.468448	-0.113725	0.025490	0.015325	-0.298403	0.043033	0.953469	-0.562411	0.799196	-0.212086	-0.771135	-0.599529	-0.214280
17386	9.278866	-2.174213	-1.510455	-0.091572	0.006977	0.009931	-0.298377	0.043127	0.953473	-0.561681	0.799746	-0.211944	-0.771677	-0.598787	-0.214402
17387	9.337744	-1.993689	-1.621474	-0.077354	-0.015146	0.003552	-0.298482	0.043033	0.953445	-0.561101	0.800199	-0.211772	-0.772058	-0.598189	-0.214699
17388	9.365878	-1.953567	-1.742304	-0.085124	-0.026219	0.001796	-0.298666	0.042863	0.953395	-0.560445	0.800713	-0.211567	-0.772464	-0.597513	-0.215123
17389	9.386459	-2.046942	-2.001912	-0.074477	-0.035114	0.002477	-0.298921	0.042648	0.953324	-0.559870	0.801161	-0.211392	-0.772781	-0.596928	-0.215606
17390	9.358288	-2.117636	-2.250825	-0.053640	-0.036862	-0.000427	-0.299175	0.042397	0.953256	-0.559463	0.801487	-0.211233	-0.772978	-0.596507	-0.216066
17391	9.236294	-2.169722	-2.409193	-0.025999	-0.042183	0.001576	-0.299487	0.042136	0.953169	-0.559258	0.801650	-0.211158	-0.773005	-0.596307	-0.216519
17392	9.233345	-2.088675	-2.478267	-0.012970	-0.037878	0.000217	-0.299753	0.041884	0.953097	-0.559164	0.801733	-0.211092	-0.772971	-0.596212	-0.216902
17393	9.430111	-2.062112	-2.638534	-0.008170	-0.027869	-0.001680	-0.299938	0.041689	0.953047	-0.559086	0.801804	-0.211026	-0.772955	-0.596130	-0.217183
17394	9.703624	-2.486088	-2.624122	0.000550	0.009287	-0.000856	-0.299833	0.041710	0.953080	-0.559099	0.801808	-0.210979	-0.772987	-0.596125	-0.217088
17395	9.475322	-2.160620	-2.294166	-0.013086	0.028565	-0.002976	-0.299564	0.041842	0.953158	-0.558992	0.801907	-0.210885	-0.773168	-0.595982	-0.216833
17396	9.403909	-2.512450	-2.213718	-0.030254	0.042487	-0.012276	-0.299138	0.041969	0.953286	-0.558801	0.802099	-0.210662	-0.773471	-0.595715	-0.216486
17397	9.429119	-2.234647	-1.912525	0.077013	0.037939	-0.027188	-0.298667	0.041939	0.953436	-0.559518	0.801633	-0.210532	-0.773135	-0.596343	-0.215956
17398	9.376526	-1.699619	-1.665631	0.074336	0.033315	-0.030196	-0.298212	0.041868	0.953581	-0.560189	0.801209	-0.210364	-0.772825	-0.596918	-0.215476
17399	9.434418	-1.758381	-1.775291	0.005626	0.025014	-0.016342	-0.297899	0.041852	0.953680	-0.560313	0.801169	-0.210183	-0.772855	-0.596973	-0.215217
17400	9.302793	-2.107022	-2.075108	-0.029510	0.022104	-0.012879	-0.297627	0.041853	0.953764	-0.560130	0.801357	-0.209956	-0.773093	-0.596721	-0.215063
17401	9.295844	-2.286767	-2.333964	0.028311	0.017198	-0.011650	-0.297401	0.041840	0.953835	-0.560384	0.801202	-0.209870	-0.772996	-0.596930	-0.214832
17402	9.094550	-1.830977	-2.365485	0.036800	0.020082	-0.002766	-0.297202	0.041910	0.953894	-0.560683	0.800989	-0.209882	-0.772856	-0.597210	-0.214557
17403	8.927179	-1.946091	-2.381690	-0.016343	0.021062	0.001427	-0.297017	0.042028	0.953947	-0.560548	0.801099	-0.209824	-0.773025	-0.597054	-0.214381
17404	8.951495	-2.030163	-2.264801	-0.019201	0.030357	0.005775	-0.296786	0.042228	0.954010	-0.560388	0.801218	-0.209798	-0.773229	-0.596881	-0.214126
17405	9.028983	-1.969796	-2.208650	-0.052643	0.028166	0.012091	-0.296611	0.042471	0.954053	-0.559942	0.801538	-0.209766	-0.773619	-0.596434	-0.213964
17406	9.280202	-2.122962	-2.304587	-0.079268	0.025997	0.007975	-0.296426	0.042663	0.954102	-0.559311	0.802013	-0.209632	-0.774146	-0.595781	-0.213876
17407	9.447197	-2.244078	-2.349507	-0.049937	0.026407	0.008507	-0.296238	0.042863	0.954152	-0.558910	0.802310	-0.209568	-0.774508	-0.595367	-0.213718
17408	9.408589	-2.025755	-2.314919	-0.035466	0.022855	0.001700	-0.296042	0.042984	0.954207	-0.558636	0.802526	-0.209468	-0.774780	-0.595066	-0.213569
17409	9.320203	-2.021619	-2.333808	-0.025414	0.026802	0.002184	-0.295821	0.043150	0.954268	-0.558404	0.802706	-0.209401	-0.775032	-0.594812	-0.213362
17410	9.244053	-2.034672	-2.263396	-0.001036	0.023964	-0.000085	-0.295607	0.043264	0.954330	-0.558402	0.802718	-0.209358	-0.775115	-0.594787	-0.213130
17411	9.278489	-2.055406	-2.122406	0.012715	0.019326	0.000225	-0.295433	0.043360	0.954379	-0.558495	0.802655	-0.209352	-0.775115	-0.594865	-0.212914
17412	9.251406	-2.040833	-2.000104	0.007047	0.015029	0.004515	-0.295313	0.043458	0.954412	-0.558542	0.802617	-0.209370	-0.775126	-0.594909	-0.212750
17413	9.179300	-2.026393	-1.859283	-0.013199	0.003922	0.007584	-0.295293	0.043526	0.954415	-0.558405	0.802711	-0.209376	-0.775232	-0.594778	-0.212730
17414	9.318992	-2.129400	-1.845035	-0.056248	-0.003258	0.004497	-0.295315	0.043514	0.954408	-0.557962	0.803050	-0.209259	-0.775543	-0.594321	-0.212873
17415	9.410595	-2.205844	-1.880800	-0.035400	-0.015760	0.004902	-0.295442	0.043437	0.954373	-0.557672	0.803267	-0.209197	-0.775704	-0.594032	-0.213095
17416	9.460512	-2.034418	-2.011297	-0.031712	-0.013605	0.001456	-0.295527	0.043340	0.954351	-0.557428	0.803462	-0.209103	-0.775847	-0.593777	-0.213285
17417	9.453936	-1.980952	-2.149516	-0.052268	-0.004662	0.001706	-0.295545	0.043293	0.954347	-0.557046	0.803761	-0.208969	-0.776114	-0.593375	-0.213431
17418	9.354141	-1.904655	-2.257101	-0.067851	-0.003937	0.002561	-0.295561	0.043262	0.954344	-0.556517	0.804169	-0.208808	-0.776487	-0.592824	-0.213605
17419	9.350354	-2.062685	-2.329096	-0.080323	0.001090	0.003035	-0.295535	0.043276	0.954351	-0.555873	0.804661	-0.208627	-0.776958	-0.592155	-0.213750
17420	9.411112	-2.100977	-2.252213	-0.057100	0.007536	0.002534	-0.295462	0.043314	0.954372	-0.555428	0.805005	-0.208489	-0.777304	-0.591685	-0.213791
17421	9.350949	-1.967502	-2.084515	-0.048886	0.007537	0.004194	-0.295401	0.043359	0.954389	-0.555060	0.805285	-0.208386	-0.777590	-0.591301	-0.213815
17422	9.454843	-1.925335	-2.090573	-0.074406	0.019723	0.008218	-0.295264	0.043514	0.954424	-0.554463	0.805727	-0.208266	-0.778068	-0.590686	-0.213776
17423	9.581525	-2.293857	-1.863312	-0.076849	0.040130	0.011434	-0.294990	0.043811	0.954495	-0.553854	0.806169	-0.208173	-0.778605	-0.590061	-0.213547
17424	9.291548	-2.062824	-1.608990	-0.101227	0.038727	0.023516	-0.294790	0.044201	0.954539	-0.553002	0.806762	-0.208142	-0.779286	-0.589221	-0.213383
17425	9.228977	-2.444823	-1.756237	-0.148764	0.023146	0.018476	-0.294682	0.044465	0.954560	-0.551785	0.807641	-0.207963	-0.780190	-0.587995	-0.213462
17426	9.406762	-2.497759	-1.838394	-0.041940	0.017990	0.001811	-0.294523	0.044558	0.954605	-0.551459	0.807893	-0.207850	-0.780480	-0.587642	-0.213371
17427	9.434405	-1.966441	-1.769269	-0.007375	0.011475	-0.000715	-0.294406	0.044592	0.954640	-0.551416	0.807937	-0.207793	-0.780555	-0.587579	-0.213273
17428	9.447270	-1.843387	-1.799664	-0.035395	0.010858	-0.006014	-0.294260	0.044579	0.954685	-0.551163	0.808154	-0.207620	-0.780788	-0.587281	-0.213237
17429	9.402646	-1.888404	-1.903387	-0.044042	0.006205	0.000055	-0.294177	0.044589	0.954710	-0.550833	0.808413	-0.207486	-0.781052	-0.586924	-0.213255
17430	9.422837	-1.856103	-2.041078	-0.031282	0.002616	-0.004134	-0.294106	0.044543	0.954734	-0.550607	0.808605	-0.207340	-0.781239	-0.586663	-0.213290
17431	9.428167	-1.914779	-2.275309	-0.026900	0.007257	-0.003702	-0.293998	0.044529	0.954768	-0.550422	0.808765	-0.207209	-0.781409	-0.586444	-0.213266
17432	9.342432	-2.028884	-2.474337	-0.005113	0.005008	0.003451	-0.293950	0.044558	0.954782	-0.550378	0.808799	-0.207191	-0.781459	-0.586394	-0.213223
17433	9.217811	-2.016649	-2.454092	0.008169	0.012096	0.009424	-0.293881	0.044687	0.954797	-0.550403	0.808764	-0.207263	-0.781467	-0.586433	-0.213084
17434	9.156672	-1.981862	-2.470929	0.003777	0.013180	0.010122	-0.293805	0.044818	0.954814	-0.550408	0.808743	-0.207328	-0.781492	-0.586452	-0.212945
17435	9.238352	-2.213228	-2.345293	0.016527	0.015306	0.007069	-0.293703	0.044940	0.954840	-0.550521	0.808649	-0.207397	-0.781450	-0.586573	-0.212763
17436	9.266102	-2.091006	-2.094241	0.034372	0.013112	0.006050	-0.293606	0.045038	0.954865	-0.550778	0.808451	-0.207487	-0.781306	-0.586838	-0.212560
17437	9.387924	-1.986334	-1.933447	0.018955	0.011392	0.001715	-0.293498	0.045094	0.954896	-0.550926	0.808345	-0.207507	-0.781243	-0.586979	-0.212404
17438	9.490413	-2.089641	-1.758344	0.000692	0.013242	0.000640	-0.293370	0.045149	0.954932	-0.550935	0.808347	-0.207474	-0.781284	-0.586972	-0.212271
17439	9.414390	-2.053239	-1.625761	-0.001983	0.008610	-0.002393	-0.293259	0.045152	0.954966	-0.550943	0.808359	-0.207408	-0.781320	-0.586956	-0.212183
17440	9.313025	-2.035235	-1.675648	-0.014127	-0.002064	-0.009027	-0.293197	0.045039	0.954990	-0.550864	0.808452	-0.207252	-0.781398	-0.586836	-0.212226
17441	9.411788	-2.070459	-1.817399	0.008254	-0.007133	-0.010418	-0.293170	0.044888	0.955006	-0.550966	0.808413	-0.207134	-0.781337	-0.586901	-0.212271
17442	9.366249	-1.984197	-1.922503	-0.002228	-0.010697	-0.007556	-0.293184	0.044736	0.955009	-0.550976	0.808436	-0.207017	-0.781325	-0.586881	-0.212372
17443	9.322166	-2.025096	-2.087217	-0.007607	-0.013548	-0.007010	-0.293224	0.044567	0.955005	-0.550965	0.808475	-0.206896	-0.781318	-0.586841	-0.212509
17444	9.272713	-2.052050	-2.141405	0.001465	-0.019297	-0.007764	-0.293303	0.044363	0.954990	-0.551005	0.808476	-0.206785	-0.781260	-0.586854	-0.212685
17445	9.164338	-2.255784	-2.149715	-0.007149	-0.025332	-0.012663	-0.293406	0.044083	0.954971	-0.551003	0.808521	-0.206613	-0.781223	-0.586813	-0.212935
17446	9.313017	-2.530410	-2.179694	0.047525	-0.024722	-0.019611	-0.293462	0.043751	0.954969	-0.551438	0.808257	-0.206487	-0.780895	-0.587202	-0.213067
17447	9.505030	-2.450758	-1.981976	0.102609	-0.018014	-0.023352	-0.293449	0.043437	0.954988	-0.552302	0.807677	-0.206448	-0.780289	-0.588023	-0.213022
17448	9.366075	-2.115243	-1.868924	0.142873	-0.020847	-0.035638	-0.293386	0.042998	0.955027	-0.553526	0.806858	-0.206372	-0.779444	-0.589179	-0.212920
17449	9.392029	-1.819617	-1.867296	0.164440	-0.026496	-0.041252	-0.293339	0.042485	0.955064	-0.554934	0.805910	-0.206293	-0.778460	-0.590512	-0.212829
17450	9.435604	-1.551699	-1.948366	0.120090	-0.021057	-0.032002	-0.293297	0.042075	0.955095	-0.555969	0.805220	-0.206203	-0.777738	-0.591482	-0.212776
17451	9.258524	-1.539771	-2.049701	0.057021	-0.013539	-0.020395	-0.293258	0.041804	0.955119	-0.556485	0.804892	-0.206091	-0.777383	-0.591947	-0.212777
17452	9.118282	-1.621601	-2.067768	-0.023025	-0.015362	-0.011267	-0.293286	0.041595	0.955119	-0.556345	0.805039	-0.205894	-0.777472	-0.591762	-0.212965
17453	9.253748	-2.118563	-2.191354	-0.052213	-0.011786	-0.010405	-0.293291	0.041413	0.955126	-0.555987	0.805349	-0.205646	-0.777726	-0.591352	-0.213177
17454	9.263203	-2.103877	-2.232222	-0.027592	-0.011092	0.000069	-0.293349	0.041320	0.955112	-0.555778	0.805519	-0.205548	-0.777854	-0.591128	-0.213334
17455	9.300040	-2.057860	-2.270613	-0.031970	-0.015738	-0.000347	-0.293443	0.041194	0.955089	-0.555551	0.805703	-0.205439	-0.777981	-0.590885	-0.213542
17456	9.343765	-2.107155	-2.355505	-0.034804	-0.012865	-0.002574	-0.293500	0.041070	0.955076	-0.555293	0.805916	-0.205300	-0.778143	-0.590603	-0.213731
17457	9.430372	-2.075522	-2.523960	-0.001526	-0.013237	0.000688	-0.293575	0.040968	0.955058	-0.555298	0.805922	-0.205264	-0.778112	-0.590602	-0.213849
17458	9.474329	-1.940006	-2.605054	0.002128	-0.004664	0.003850	-0.293604	0.040944	0.955050	-0.555309	0.805914	-0.205265	-0.778093	-0.590615	-0.213884
17459	9.319361	-2.068729	-2.595022	0.000952	0.010351	0.006743	-0.293528	0.041033	0.955069	-0.555310	0.805907	-0.205291	-0.778121	-0.590618	-0.213770
17460	9.134469	-1.878301	-2.282992	0.005463	0.013907	0.012966	-0.293463	0.041192	0.955082	-0.555320	0.805876	-0.205387	-0.778138	-0.590650	-0.213621
17461	9.219607	-1.953568	-2.026489	-0.027956	0.011054	0.013741	-0.293427	0.041350	0.955087	-0.555049	0.806054	-0.205423	-0.778345	-0.590396	-0.213567
17462	9.327663	-1.978433	-1.717057	-0.028806	0.006031	0.019404	-0.293460	0.041514	0.955070	-0.554773	0.806222	-0.205507	-0.778529	-0.590155	-0.213563
17463	9.320623	-1.837867	-1.548065	-0.041958	-0.002182	0.019266	-0.293555	0.041627	0.955035	-0.554409	0.806458	-0.205563	-0.778753	-0.589824	-0.213662
17464	9.298457	-1.788724	-1.477015	-0.078465	-0.020038	0.023638	-0.293814	0.041671	0.954954	-0.553734	0.806917	-0.205581	-0.779135	-0.589193	-0.214009
17465	9.363167	-1.889619	-1.637458	-0.109724	-0.033908	0.021636	-0.294173	0.041627	0.954845	-0.552805	0.807570	-0.205517	-0.779660	-0.588301	-0.214553
17466	9.332789	-2.022207	-1.773024	-0.095802	-0.051767	0.019991	-0.294659	0.041457	0.954703	-0.552005	0.808131	-0.205462	-0.780043	-0.587542	-0.215239
17467	9.389713	-2.072877	-2.012786	-0.065899	-0.059290	0.016350	-0.295184	0.041219	0.954551	-0.551442	0.808521	-0.205440	-0.780243	-0.587022	-0.215933
17468	9.430221	-2.083185	-2.349597	-0.042673	-0.058601	0.014735	-0.295694	0.040966	0.954404	-0.551071	0.808772	-0.205448	-0.780311	-0.586694	-0.216574
17469	9.398625	-2.079904	-2.545518	-0.024408	-0.055399	0.011415	-0.296160	0.040710	0.954270	-0.550851	0.808917	-0.205467	-0.780290	-0.586512	-0.217144
17470	9.308559	-2.072402	-2.630618	-0.016217	-0.043995	0.015339	-0.296559	0.040548	0.954153	-0.550685	0.809012	-0.205538	-0.780255	-0.586392	-0.217591
17471	9.269601	-2.123341	-2.538805	-0.009566	-0.040792	0.015567	-0.296940	0.040413	0.954040	-0.550559	0.809074	-0.205631	-0.780200	-0.586316	-0.217997
17472	9.399798	-2.191490	-2.426152	-0.003359	-0.026516	0.015978	-0.297207	0.040359	0.953960	-0.550491	0.809093	-0.205736	-0.780146	-0.586293	-0.218251
17473	9.490575	-2.232762	-2.220351	0.019418	-0.014785	0.014528	-0.297372	0.040364	0.953908	-0.550609	0.808977	-0.205878	-0.780000	-0.586453	-0.218343
17474	9.475879	-2.056936	-1.948563	-0.015707	-0.006128	0.020219	-0.297503	0.040463	0.953863	-0.550432	0.809067	-0.205997	-0.780074	-0.586322	-0.218428
17475	9.425360	-2.090418	-1.942288	-0.046576	-0.002467	0.023745	-0.297627	0.040612	0.953818	-0.550013	0.809330	-0.206085	-0.780323	-0.585949	-0.218542
17476	9.342694	-2.001466	-1.947282	-0.052382	0.000067	0.023349	-0.297727	0.040774	0.953780	-0.549540	0.809633	-0.206153	-0.780618	-0.585518	-0.218643
17477	9.362715	-1.921066	-2.022035	-0.055496	0.001511	0.024845	-0.297827	0.040962	0.953741	-0.549030	0.809959	-0.206234	-0.780939	-0.585054	-0.218738
17478	9.323674	-1.881537	-2.110329	-0.050817	-0.003825	0.019280	-0.297934	0.041068	0.953703	-0.548582	0.810254	-0.206266	-0.781213	-0.584638	-0.218874
17479	9.314781	-2.022571	-2.132570	-0.058314	-0.007685	0.014863	-0.298046	0.041114	0.953666	-0.548099	0.810588	-0.206241	-0.781509	-0.584172	-0.219057
17480	9.307474	-2.109014	-2.150675	-0.023491	-0.007094	0.009676	-0.298126	0.041123	0.953640	-0.547892	0.810727	-0.206242	-0.781623	-0.583978	-0.219168
17481	9.315766	-2.104949	-2.071714	-0.023910	-0.012462	0.011923	-0.298254	0.041127	0.953600	-0.547668	0.810873	-0.206263	-0.781732	-0.583775	-0.219322
17482	9.308338	-2.191739	-2.089971	-0.017398	-0.013198	0.010696	-0.298387	0.041108	0.953559	-0.547506	0.810976	-0.206287	-0.781794	-0.583633	-0.219478
17483	9.369139	-2.228447	-2.073874	-0.003101	-0.014330	0.009030	-0.298521	0.041076	0.953519	-0.547454	0.811001	-0.206329	-0.781780	-0.583601	-0.219613
17484	9.340744	-2.125005	-2.137400	0.004260	-0.015065	0.006500	-0.298646	0.041013	0.953482	-0.547474	0.810979	-0.206361	-0.781718	-0.583635	-0.219742
17485	9.309256	-2.130133	-2.209069	0.014023	-0.014000	-0.000252	-0.298732	0.040901	0.953460	-0.547595	0.810899	-0.206355	-0.781600	-0.583755	-0.219844
17486	9.289773	-2.021797	-2.191951	0.024218	-0.017619	-0.000578	-0.298839	0.040766	0.953433	-0.547792	0.810764	-0.206363	-0.781421	-0.583952	-0.219956
17487	9.342045	-2.062579	-2.255551	0.024917	-0.010797	-0.006535	-0.298859	0.040620	0.953432	-0.548025	0.810618	-0.206317	-0.781251	-0.584164	-0.220000
17488	9.425601	-2.098290	-2.248377	0.013592	-0.009311	-0.006682	-0.298867	0.040484	0.953436	-0.548157	0.810548	-0.206243	-0.781155	-0.584272	-0.220055
17489	9.362329	-2.120790	-2.211106	0.006655	-0.008915	-0.007542	-0.298866	0.040349	0.953442	-0.548230	0.810522	-0.206149	-0.781104	-0.584317	-0.220117
17490	9.291290	-2.102048	-2.130934	-0.009912	-0.007028	-0.011153	-0.298831	0.040189	0.953459	-0.548192	0.810591	-0.205981	-0.781143	-0.584233	-0.220198
17491	9.263095	-2.141319	-2.015520	-0.035108	-0.010459	-0.014163	-0.298804	0.039987	0.953476	-0.547972	0.810804	-0.205729	-0.781309	-0.583951	-0.220359
17492	9.342832	-2.156692	-1.958393	-0.050681	-0.010349	-0.018763	-0.298754	0.039747	0.953502	-0.547638	0.811113	-0.205398	-0.781562	-0.583538	-0.220556
17493	9.383396	-2.139462	-1.869763	-0.060024	-0.019481	-0.033003	-0.298701	0.039343	0.953535	-0.547268	0.811485	-0.204917	-0.781841	-0.583048	-0.220860
17494	9.354291	-2.225938	-1.820273	-0.055348	-0.024804	-0.038581	-0.298656	0.038857	0.953569	-0.546956	0.811828	-0.204387	-0.782076	-0.582602	-0.221205
17495	9.597956	-2.142309	-1.936751	-0.036804	-0.031593	-0.047928	-0.298618	0.038258	0.953605	-0.546819	0.812064	-0.203814	-0.782187	-0.582312	-0.221577
17496	9.405494	-2.029018	-2.132585	-0.049830	-0.024403	-0.044314	-0.298539	0.037728	0.953651	-0.546568	0.812377	-0.203241	-0.782393	-0.581910	-0.221905
17497	9.134395	-1.848022	-2.323306	-0.073315	-0.027127	-0.044449	-0.298484	0.037179	0.953690	-0.546146	0.812816	-0.202619	-0.782708	-0.581333	-0.222307
17498	9.044483	-2.058908	-2.594889	-0.092005	-0.026219	-0.053030	-0.298371	0.036568	0.953749	-0.545590	0.813376	-0.201868	-0.783138	-0.580588	-0.222737
17499	9.031718	-2.400322	-2.756493	-0.052690	-0.017726	-0.061840	-0.298146	0.035933	0.953844	-0.545378	0.813702	-0.201124	-0.783372	-0.580170	-0.223005
17500	9.023389	-2.412532	-2.659951	0.015078	-0.014726	-0.069997	-0.297851	0.035250	0.953961	-0.545711	0.813646	-0.200450	-0.783252	-0.580291	-0.223109
17501	9.055718	-2.230509	-2.406459	0.031343	-0.014338	-0.078002	-0.297511	0.034508	0.954095	-0.546194	0.813496	-0.199740	-0.783045	-0.580546	-0.223176
17502	9.093212	-2.016174	-2.140265	0.011939	-0.008888	-0.078315	-0.297125	0.033791	0.954241	-0.546526	0.813459	-0.198979	-0.782960	-0.580639	-0.223231
17503	9.142373	-1.868810	-1.849786	-0.042851	-0.003302	-0.081285	-0.296678	0.033076	0.954405	-0.546466	0.813722	-0.198070	-0.783171	-0.580313	-0.223339
17504	9.291576	-1.831627	-1.698858	-0.135136	0.002734	-0.080919	-0.296187	0.032404	0.954580	-0.545653	0.814537	-0.196956	-0.783923	-0.579205	-0.223574
17505	9.431781	-1.797555	-1.629238	-0.214797	0.008374	-0.074171	-0.295697	0.031836	0.954751	-0.544159	0.815829	-0.195737	-0.785146	-0.577416	-0.223915
17506	9.468770	-1.794691	-1.673515	-0.285505	0.009549	-0.074094	-0.295192	0.031258	0.954926	-0.542140	0.817504	-0.194349	-0.786731	-0.575074	-0.224374
17507	9.468783	-1.864584	-1.985694	-0.350668	0.011942	-0.074313	-0.294674	0.030700	0.955105	-0.539587	0.819553	-0.192819	-0.788678	-0.572181	-0.224936
17508	9.341374	-2.082934	-2.293095	-0.364342	0.016465	-0.080169	-0.294085	0.030107	0.955305	-0.536952	0.821662	-0.191193	-0.790694	-0.569179	-0.225472
17509	9.240224	-2.369403	-2.668449	-0.361641	0.025953	-0.087012	-0.293385	0.029519	0.955538	-0.534338	0.823753	-0.189510	-0.792722	-0.566180	-0.225904
17510	9.040743	-2.729997	-2.912606	-0.317062	0.026921	-0.110025	-0.292557	0.028735	0.955816	-0.532150	0.825581	-0.187701	-0.794498	-0.563551	-0.226238
17511	8.963235	-3.083753	-3.126167	-0.224730	0.028114	-0.129591	-0.291627	0.027802	0.956128	-0.530737	0.826893	-0.185923	-0.795784	-0.561672	-0.226389
17512	9.024225	-3.194058	-3.071704	-0.073674	0.016320	-0.150070	-0.290673	0.026623	0.956452	-0.530593	0.827352	-0.184281	-0.796229	-0.561052	-0.226363
17513	9.168872	-2.759246	-2.905967	0.067657	0.017488	-0.170820	-0.289597	0.025279	0.956815	-0.531649	0.827011	-0.182763	-0.795916	-0.561617	-0.226060
17514	9.394169	-2.186472	-2.602566	0.132337	0.025412	-0.181267	-0.288402	0.023894	0.957211	-0.533232	0.826317	-0.181287	-0.795291	-0.562699	-0.225570
17515	9.276896	-1.848571	-2.424238	0.125650	0.032617	-0.190166	-0.287099	0.022490	0.957637	-0.534768	0.825667	-0.179714	-0.794731	-0.563710	-0.225021
17516	9.123182	-2.110509	-2.376979	0.095040	0.042400	-0.200175	-0.285663	0.021048	0.958099	-0.536102	0.825179	-0.177970	-0.794349	-0.564479	-0.224439
17517	9.101941	-2.024586	-2.303445	0.115301	0.052476	-0.197274	-0.284165	0.019692	0.958573	-0.537590	0.824569	-0.176305	-0.793882	-0.565419	-0.223727
17518	9.097827	-2.029332	-2.198635	0.045388	0.059629	-0.191964	-0.282631	0.018418	0.959052	-0.538499	0.824354	-0.174526	-0.793813	-0.565775	-0.223070
17519	9.223021	-2.168009	-2.177155	0.036528	0.057971	-0.192081	-0.281111	0.017141	0.959522	-0.539333	0.824187	-0.172732	-0.793787	-0.566058	-0.222443
17520	9.334604	-1.814737	-2.017800	0.038091	0.050399	-0.197744	-0.279616	0.015768	0.959983	-0.540195	0.824009	-0.170878	-0.793728	-0.566358	-0.221888
17521	9.485193	-1.713357	-1.853893	0.030932	0.039788	-0.197680	-0.278207	0.014341	0.960414	-0.541001	0.823864	-0.169016	-0.793674	-0.566606	-0.221447
17522	9.429491	-1.363676	-1.767453	0.069191	0.036547	-0.198227	-0.276816	0.012886	0.960837	-0.542105	0.823504	-0.167224	-0.793407	-0.567164	-0.220973
17523	9.441361	-0.653749	-1.666084	0.050719	0.041318	-0.188608	-0.275436	0.011534	0.961250	-0.543066	0.823222	-0.165487	-0.793231	-0.567603	-0.220481
17524	9.548917	-0.385438	-1.756810	-0.065723	0.056817	-0.166535	-0.274053	0.010456	0.961658	-0.543007	0.823618	-0.163701	-0.793750	-0.567049	-0.220037
17525	9.587653	-0.483807	-1.802674	-0.183414	0.062893	-0.142504	-0.272759	0.009608	0.962034	-0.541959	0.824664	-0.161894	-0.794910	-0.565542	-0.219727
17526	9.510373	-0.982557	-1.799889	-0.334679	0.068442	-0.129548	-0.271486	0.008896	0.962401	-0.539653	0.826568	-0.159872	-0.796913	-0.562766	-0.219601
17527	9.287267	-2.189353	-1.866555	-0.324771	0.038702	-0.135091	-0.270426	0.007977	0.962708	-0.537416	0.828417	-0.157825	-0.798783	-0.560054	-0.219738
17528	9.509900	-2.263603	-1.807043	-0.098387	0.006540	-0.146000	-0.269561	0.006775	0.962959	-0.537029	0.828983	-0.156163	-0.799335	-0.559232	-0.219823
17529	9.711312	-1.461349	-1.853374	0.044182	-0.014661	-0.151967	-0.268835	0.005416	0.963171	-0.537782	0.828758	-0.154763	-0.799073	-0.559582	-0.219887
17530	9.700824	-0.607867	-2.005294	0.001494	0.003125	-0.146581	-0.267994	0.004189	0.963411	-0.538192	0.828761	-0.153314	-0.799080	-0.559588	-0.219848
17531	9.577801	-0.500322	-2.275817	-0.166988	0.029345	-0.128502	-0.267048	0.003271	0.963678	-0.537187	0.829714	-0.151677	-0.800073	-0.558180	-0.219816
17532	9.404910	-0.826959	-2.482122	-0.316822	0.054811	-0.101780	-0.266036	0.002701	0.963959	-0.534925	0.831485	-0.149960	-0.801923	-0.555540	-0.219760
17533	9.298243	-1.487547	-2.717130	-0.428516	0.074249	-0.088445	-0.264944	0.002352	0.964261	-0.531721	0.833864	-0.148131	-0.804411	-0.551964	-0.219677
17534	9.432879	-1.620151	-2.622425	-0.413468	0.080343	-0.062386	-0.263938	0.002243	0.964537	-0.528560	0.836145	-0.146581	-0.806822	-0.548504	-0.219505
17535	9.666032	-0.900752	-2.212621	-0.398646	0.079898	-0.045186	-0.263033	0.002288	0.964784	-0.525431	0.838348	-0.145238	-0.809157	-0.545130	-0.219311
17536	9.793758	-0.318380	-1.814341	-0.454100	0.080528	-0.020878	-0.262244	0.002520	0.964998	-0.521810	0.840820	-0.144001	-0.811753	-0.541309	-0.219185
17537	9.836288	-0.211987	-1.694408	-0.524579	0.081349	-0.004863	-0.261537	0.002892	0.965189	-0.517558	0.843653	-0.142771	-0.814697	-0.536882	-0.219150
17538	9.752655	-0.627842	-1.655916	-0.548726	0.079798	0.001193	-0.260865	0.003299	0.965370	-0.513081	0.846590	-0.141539	-0.817739	-0.532235	-0.219153
17539	9.559366	-1.161867	-1.590386	-0.500891	0.064025	-0.001251	-0.260306	0.003599	0.965520	-0.508990	0.849246	-0.140390	-0.820469	-0.527985	-0.219232
17540	9.604476	-1.353182	-1.588392	-0.355817	0.041844	0.006161	-0.259967	0.003842	0.965610	-0.506056	0.851124	-0.139629	-0.822390	-0.524951	-0.219320
17541	9.601808	-0.855911	-1.495820	-0.298115	0.023746	0.031220	-0.259907	0.004207	0.965625	-0.503518	0.852690	-0.139242	-0.823965	-0.522400	-0.219502
17542	9.576514	-0.363551	-1.392255	-0.369799	0.006308	0.056967	-0.260114	0.004696	0.965566	-0.500324	0.854618	-0.138939	-0.825843	-0.519236	-0.219949
17543	9.728679	-0.775690	-1.497216	-0.431979	-0.019199	0.070910	-0.260606	0.005179	0.965431	-0.496562	0.856858	-0.138637	-0.827956	-0.515526	-0.220731
17544	9.641702	-1.066421	-1.641735	-0.378795	-0.039181	0.083635	-0.261318	0.005664	0.965236	-0.493208	0.858805	-0.138566	-0.829734	-0.512272	-0.221628
17545	9.513650	-1.247760	-1.924094	-0.299142	-0.070402	0.079501	-0.262272	0.005962	0.964975	-0.490514	0.860335	-0.138633	-0.831029	-0.509693	-0.222718
17546	9.511466	-1.478130	-2.296134	-0.159749	-0.094614	0.070326	-0.263377	0.006055	0.964674	-0.489005	0.861148	-0.138914	-0.831569	-0.508318	-0.223846
17547	9.475873	-1.419265	-2.619972	-0.031862	-0.098875	0.061424	-0.264477	0.006061	0.964373	-0.488562	0.861321	-0.139400	-0.831480	-0.508024	-0.224838
17548	9.384655	-1.512111	-2.978321	0.036809	-0.099067	0.059056	-0.265563	0.006036	0.964075	-0.488716	0.861135	-0.140012	-0.831043	-0.508341	-0.225735
17549	9.320191	-1.764613	-3.179545	0.064497	-0.088390	0.056414	-0.266551	0.006048	0.963802	-0.489093	0.860814	-0.140667	-0.830505	-0.508883	-0.226493
17550	8.972805	-1.945989	-2.904890	0.076659	-0.081066	0.047307	-0.267430	0.006012	0.963559	-0.489607	0.860425	-0.141256	-0.829919	-0.509542	-0.227160
17551	8.923179	-2.205902	-2.387563	0.116162	-0.098390	0.037630	-0.268401	0.005809	0.963290	-0.490468	0.859838	-0.141844	-0.829097	-0.510533	-0.227933
17552	9.234144	-1.749793	-1.880972	0.181976	-0.104245	0.041007	-0.269440	0.005598	0.963001	-0.491869	0.858910	-0.142614	-0.827929	-0.512097	-0.228671
17553	9.442998	-0.921505	-1.357903	0.075944	-0.112084	0.054485	-0.270612	0.005466	0.962673	-0.492349	0.858525	-0.143276	-0.827262	-0.512743	-0.229636
17554	9.434920	-1.242276	-1.198265	-0.092858	-0.123049	0.059918	-0.271899	0.005320	0.962311	-0.491423	0.859001	-0.143599	-0.827390	-0.511946	-0.230947
17555	9.445991	-1.345417	-1.016484	-0.107873	-0.153034	0.068651	-0.273478	0.005095	0.961865	-0.490358	0.859547	-0.143972	-0.827501	-0.511032	-0.232569
17556	9.534700	-1.141314	-1.089959	-0.124067	-0.179778	0.072651	-0.275296	0.004771	0.961348	-0.489137	0.860181	-0.144341	-0.827622	-0.509967	-0.234470
17557	9.505970	-1.203660	-1.301444	-0.110744	-0.214700	0.065198	-0.277364	0.004216	0.960756	-0.488037	0.860750	-0.144670	-0.827580	-0.509011	-0.236684
17558	9.525053	-1.285438	-1.529315	0.003794	-0.258166	0.064005	-0.279786	0.003422	0.960056	-0.487895	0.860732	-0.145254	-0.826848	-0.509047	-0.239151
17559	9.725441	-0.959947	-1.813414	0.141866	-0.287950	0.062432	-0.282446	0.002460	0.959280	-0.488911	0.860002	-0.146158	-0.825342	-0.510284	-0.241702
17560	9.688902	-0.782160	-2.173115	0.201692	-0.302154	0.065556	-0.285232	0.001448	0.958457	-0.490393	0.858974	-0.147237	-0.823503	-0.512017	-0.244297
17561	9.437283	-1.240328	-2.523325	0.238300	-0.311856	0.060459	-0.288076	0.000347	0.957608	-0.492168	0.857763	-0.148369	-0.821452	-0.514045	-0.246930
17562	9.348313	-1.646576	-2.792374	0.365851	-0.320936	0.057272	-0.290964	-0.000847	0.956734	-0.495008	0.855881	-0.149785	-0.818723	-0.517172	-0.249450
17563	9.285925	-1.324975	-2.581150	0.471590	-0.332859	0.065630	-0.293995	-0.002043	0.955805	-0.498677	0.853434	-0.151563	-0.815407	-0.521197	-0.251925
17564	9.293741	-1.028477	-2.055518	0.422913	-0.339908	0.080436	-0.297138	-0.003166	0.954829	-0.501887	0.851228	-0.153362	-0.812292	-0.524786	-0.254521
17565	9.224953	-1.302402	-1.677053	0.291988	-0.353416	0.096313	-0.300464	-0.004231	0.953784	-0.503971	0.849700	-0.154993	-0.809775	-0.527249	-0.257436
17566	9.132698	-1.506837	-1.228845	0.228092	-0.379745	0.117825	-0.304103	-0.005267	0.952625	-0.505465	0.848505	-0.156667	-0.807482	-0.529161	-0.260695
17567	9.247136	-1.185541	-0.906281	0.203108	-0.423040	0.132541	-0.308167	-0.006424	0.951311	-0.506731	0.847422	-0.158428	-0.805144	-0.530881	-0.264403
17568	9.439574	-0.579765	-0.734473	0.113332	-0.461755	0.149852	-0.312614	-0.007638	0.949850	-0.507184	0.846834	-0.160114	-0.803142	-0.531802	-0.268606
17569	9.547339	-0.488510	-0.759134	-0.030374	-0.500971	0.171806	-0.317486	-0.008876	0.948221	-0.506412	0.847008	-0.161630	-0.801716	-0.531506	-0.273408
17570	9.184364	-1.410062	-1.092804	-0.114375	-0.563163	0.172974	-0.322846	-0.010431	0.946394	-0.504949	0.847636	-0.162913	-0.800498	-0.530476	-0.278923
17571	8.858245	-2.273370	-1.443190	0.122525	-0.650888	0.150150	-0.328791	-0.012634	0.944318	-0.505433	0.847011	-0.164649	-0.797768	-0.531425	-0.284876
17572	8.992152	-1.643423	-1.246014	0.411882	-0.728875	0.141768	-0.335282	-0.015350	0.941993	-0.508246	0.844839	-0.167132	-0.793267	-0.534801	-0.291061
17573	9.233253	-1.333351	-1.158382	0.502512	-0.792652	0.147167	-0.342274	-0.018404	0.939420	-0.511761	0.842149	-0.169960	-0.788003	-0.538931	-0.297664
17574	9.746735	-1.059372	-0.682904	0.629200	-0.850132	0.180730	-0.349849	-0.021518	0.936559	-0.516082	0.838781	-0.173510	-0.781834	-0.544044	-0.304551
17575	10.092734	-0.228683	0.109832	0.593997	-0.898807	0.240272	-0.358062	-0.024441	0.933378	-0.519871	0.835589	-0.177553	-0.775580	-0.548811	-0.311899
17576	10.823174	0.539528	0.680161	0.400122	-0.946886	0.315576	-0.366997	-0.027048	0.929829	-0.521828	0.833471	-0.181717	-0.770070	-0.551901	-0.319996
17577	11.136589	0.643417	0.821181	0.107586	-0.999609	0.363021	-0.376542	-0.029580	0.925927	-0.521343	0.832964	-0.185401	-0.765779	-0.552537	-0.329068
