// General information: 
//  MT Manager version: 2022.2.0 
//  XDA version: 2022.2.0 build 7381 rev 124627 built on 2023-07-19
// Device information: 
//  DeviceId: 00B4CBA7
//  ProductCode: MTW2-3A7G6
//  Firmware Version: 4.6.0
//  Hardware Version: 2.0.0
// Device settings: 
//  Filter Profile: human(46.1)
//  Option Flags: Orientation Smoother Disabled, Position/Velocity Smoother Disabled, Continuous Zero Rotation Update Disabled, AHS Disabled, ICC Disabled
// Coordinate system: ENU
PacketCounter	Acc_X	Acc_Y	Acc_Z	Gyr_X	Gyr_Y	Gyr_Z	Mat[1][1]	Mat[2][1]	Mat[3][1]	Mat[1][2]	Mat[2][2]	Mat[3][2]	Mat[1][3]	Mat[2][3]	Mat[3][3]
17741	9.615670	-1.799597	-1.737281	0.073609	-0.012696	0.009608	-0.209799	0.072114	0.975081	-0.559413	0.809064	-0.180199	-0.801899	-0.583279	-0.129400
17742	9.506215	-1.694368	-1.564577	0.087639	-0.002755	0.007821	-0.209840	0.072140	0.975071	-0.560107	0.808549	-0.180358	-0.801404	-0.583990	-0.129259
17743	9.611697	-1.685331	-1.336289	0.050580	0.014790	0.011287	-0.209754	0.072280	0.975079	-0.560458	0.808279	-0.180478	-0.801181	-0.584347	-0.129030
17744	9.529765	-1.674529	-1.241020	0.020526	0.023113	0.008029	-0.209589	0.072459	0.975101	-0.560613	0.808155	-0.180552	-0.801115	-0.584496	-0.128759
17745	9.460222	-1.771504	-1.146913	-0.000934	0.009650	0.004490	-0.209506	0.072514	0.975115	-0.560565	0.808191	-0.180540	-0.801170	-0.584439	-0.128672
17746	9.497853	-1.679778	-1.132064	-0.005277	-0.006701	0.005439	-0.209565	0.072498	0.975103	-0.560519	0.808220	-0.180555	-0.801187	-0.584402	-0.128738
17747	9.512890	-1.579607	-1.114063	-0.021749	-0.020921	0.006064	-0.209736	0.072387	0.975075	-0.560302	0.808375	-0.180531	-0.801294	-0.584200	-0.128987
17748	9.466639	-1.695017	-1.129655	-0.034804	-0.034151	0.007855	-0.210029	0.072230	0.975023	-0.560014	0.808575	-0.180532	-0.801419	-0.583943	-0.129374
17749	9.510225	-1.800159	-1.241460	-0.010912	-0.044398	0.014945	-0.210438	0.072054	0.974948	-0.559865	0.808660	-0.180609	-0.801416	-0.583846	-0.129832
17750	9.563308	-1.663949	-1.235678	0.001799	-0.047967	0.023037	-0.210926	0.071940	0.974851	-0.559838	0.808635	-0.180804	-0.801306	-0.583895	-0.130287
17751	9.591623	-1.640112	-1.397345	-0.017464	-0.044459	0.026573	-0.211400	0.071858	0.974755	-0.559613	0.808751	-0.180986	-0.801339	-0.583745	-0.130758
17752	9.573558	-1.775482	-1.495451	-0.016217	-0.043265	0.021729	-0.211843	0.071760	0.974666	-0.559444	0.808832	-0.181145	-0.801339	-0.583645	-0.131200
17753	9.624875	-1.716506	-1.486180	-0.018498	-0.011701	0.021055	-0.212024	0.071824	0.974621	-0.559221	0.808958	-0.181272	-0.801447	-0.583463	-0.131353
17754	9.628775	-1.707210	-1.362175	-0.037727	0.022780	0.017459	-0.211914	0.072078	0.974627	-0.558889	0.809167	-0.181361	-0.801708	-0.583141	-0.131190
17755	9.452553	-1.762066	-1.220014	-0.036687	0.028822	0.017173	-0.211748	0.072347	0.974643	-0.558527	0.809402	-0.181425	-0.802004	-0.582781	-0.130982
17756	9.551509	-1.785921	-1.089953	-0.038507	0.018245	0.017676	-0.211676	0.072575	0.974642	-0.558188	0.809616	-0.181516	-0.802259	-0.582456	-0.130865
17757	9.545342	-1.732929	-1.088153	-0.041689	0.026606	0.017784	-0.211531	0.072837	0.974654	-0.557786	0.809879	-0.181580	-0.802577	-0.582058	-0.130687
17758	9.534751	-1.592863	-1.011965	-0.047007	0.016527	0.013969	-0.211451	0.073025	0.974657	-0.557386	0.810144	-0.181624	-0.802875	-0.581665	-0.130602
17759	9.504539	-1.563523	-1.080730	-0.081166	0.007061	0.016369	-0.211455	0.073161	0.974646	-0.556671	0.810636	-0.181623	-0.803371	-0.580962	-0.130686
17760	9.487907	-1.610176	-1.077849	-0.098900	-0.008354	0.021836	-0.211618	0.073269	0.974602	-0.555837	0.811196	-0.181675	-0.803905	-0.580166	-0.130938
17761	9.542746	-1.627221	-1.043141	-0.115815	-0.024090	0.020986	-0.211897	0.073263	0.974542	-0.554832	0.811884	-0.181673	-0.804525	-0.579203	-0.131388
17762	9.560976	-1.604228	-1.001565	-0.130482	-0.016903	0.017722	-0.212106	0.073288	0.974495	-0.553752	0.812628	-0.181643	-0.805214	-0.578156	-0.131781
17763	9.499421	-1.633343	-0.991473	-0.167373	-0.013502	0.016986	-0.212278	0.073311	0.974455	-0.552338	0.813614	-0.181533	-0.806139	-0.576765	-0.132220
17764	9.471007	-1.766187	-1.138575	-0.182907	-0.023185	0.018947	-0.212545	0.073310	0.974397	-0.550830	0.814656	-0.181444	-0.807100	-0.575292	-0.132769
17765	9.430611	-1.889563	-1.234595	-0.169867	-0.034974	0.014718	-0.212877	0.073193	0.974334	-0.549399	0.815652	-0.181308	-0.807988	-0.573894	-0.133421
17766	9.552147	-1.830953	-1.268690	-0.158973	-0.035356	0.015119	-0.213221	0.073092	0.974266	-0.548089	0.816554	-0.181211	-0.808786	-0.572623	-0.134045
17767	9.505409	-1.704421	-1.215144	-0.163779	-0.031564	0.007790	-0.213488	0.072939	0.974219	-0.546721	0.817515	-0.181014	-0.809642	-0.571270	-0.134652
17768	9.493772	-1.748929	-1.193881	-0.174832	-0.042060	0.009261	-0.213854	0.072754	0.974153	-0.545292	0.818508	-0.180836	-0.810508	-0.569870	-0.135369
17769	9.559851	-1.818510	-1.141105	-0.173489	-0.050177	0.006193	-0.214264	0.072483	0.974083	-0.543845	0.819520	-0.180608	-0.811371	-0.568448	-0.136174
17770	9.507238	-1.783404	-0.962047	-0.158366	-0.049853	0.001418	-0.214651	0.072190	0.974019	-0.542564	0.820420	-0.180374	-0.812126	-0.567185	-0.136937
17771	9.605763	-1.706803	-0.891695	-0.199723	-0.042635	-0.003444	-0.214948	0.071885	0.973976	-0.540923	0.821582	-0.180014	-0.813142	-0.565540	-0.137713
17772	9.450218	-1.753877	-0.914320	-0.243976	-0.033377	-0.009543	-0.215143	0.071596	0.973954	-0.538966	0.822968	-0.179553	-0.814389	-0.563558	-0.138468
17773	9.328644	-1.816394	-0.996310	-0.233799	-0.066565	-0.019415	-0.215550	0.071027	0.973906	-0.537079	0.824324	-0.178988	-0.815527	-0.561646	-0.139536
17774	9.536349	-1.756558	-1.004879	-0.224796	-0.097747	-0.015197	-0.216242	0.070332	0.973803	-0.535285	0.825597	-0.178493	-0.816523	-0.559860	-0.140881
17775	9.466962	-1.765582	-1.178987	-0.245048	-0.116023	-0.014129	-0.217083	0.069533	0.973673	-0.533293	0.827000	-0.177958	-0.817602	-0.557885	-0.142446
17776	9.351331	-1.988792	-1.322151	-0.226032	-0.136660	-0.020625	-0.218067	0.068580	0.973521	-0.531496	0.828276	-0.177402	-0.818510	-0.556108	-0.144170
17777	9.456365	-2.032118	-1.490509	-0.169087	-0.157656	-0.022167	-0.219209	0.067487	0.973341	-0.530141	0.829253	-0.176891	-0.819084	-0.554784	-0.146002
17778	9.574260	-1.713310	-1.606592	-0.135620	-0.162019	-0.022829	-0.220391	0.066378	0.973150	-0.529087	0.830022	-0.176438	-0.819448	-0.553767	-0.147810
17779	9.454782	-1.673858	-1.721843	-0.140262	-0.164306	-0.019101	-0.221606	0.065277	0.972949	-0.527961	0.830833	-0.175995	-0.819846	-0.552681	-0.149654
17780	9.517066	-1.771521	-1.757478	-0.133040	-0.174985	-0.021350	-0.222904	0.064112	0.972730	-0.526925	0.831583	-0.175555	-0.820161	-0.551688	-0.151581
17781	9.526072	-1.822097	-1.754990	-0.116529	-0.171638	-0.018626	-0.224184	0.062977	0.972510	-0.525991	0.832260	-0.175147	-0.820411	-0.550797	-0.153454
17782	9.487460	-1.891967	-1.915789	-0.116007	-0.145318	-0.026724	-0.225212	0.061933	0.972339	-0.525106	0.832917	-0.174677	-0.820697	-0.549921	-0.155061
17783	9.418620	-1.916356	-1.941244	-0.108891	-0.141881	-0.024466	-0.226218	0.060916	0.972170	-0.524249	0.833553	-0.174220	-0.820968	-0.549071	-0.156630
17784	9.439974	-1.966880	-1.887887	-0.118494	-0.131028	-0.042095	-0.227049	0.059824	0.972044	-0.523379	0.834230	-0.173593	-0.821294	-0.548162	-0.158101
17785	9.422581	-2.060111	-1.925792	-0.109588	-0.121717	-0.046359	-0.227778	0.058738	0.971940	-0.522564	0.834881	-0.172920	-0.821611	-0.547288	-0.159473
17786	9.414137	-2.071186	-1.837099	-0.067370	-0.119743	-0.048420	-0.228485	0.057656	0.971839	-0.522128	0.835279	-0.172310	-0.821691	-0.546795	-0.160745
17787	9.433656	-1.983792	-1.676509	-0.075807	-0.115264	-0.059878	-0.229091	0.056493	0.971764	-0.521624	0.835749	-0.171558	-0.821843	-0.546198	-0.161995
17788	9.451369	-2.209879	-1.597139	-0.133781	-0.063187	-0.071804	-0.229212	0.055526	0.971791	-0.520696	0.836521	-0.170611	-0.822397	-0.545114	-0.162829
17789	9.146165	-2.265951	-1.455737	-0.096739	-0.058856	-0.093593	-0.229181	0.054390	0.971863	-0.520099	0.837119	-0.169497	-0.822784	-0.544310	-0.163564
17790	9.316723	-2.142449	-1.176106	-0.035064	-0.096156	-0.110374	-0.229374	0.052920	0.971899	-0.520071	0.837371	-0.168335	-0.822748	-0.544068	-0.164549
17791	9.545933	-1.815387	-1.057941	0.053966	-0.119318	-0.115114	-0.229729	0.051277	0.971903	-0.520767	0.837153	-0.167262	-0.822208	-0.544560	-0.165615
17792	9.564724	-1.569434	-0.916422	0.068695	-0.143694	-0.113636	-0.230294	0.049521	0.971860	-0.521600	0.836838	-0.166240	-0.821522	-0.545207	-0.166888
17793	9.296423	-1.978432	-1.276223	0.086420	-0.171869	-0.132774	-0.230984	0.047443	0.971800	-0.522608	0.836444	-0.165052	-0.820687	-0.545995	-0.168411
17794	9.440080	-1.933587	-1.603559	0.222305	-0.199724	-0.131055	-0.231911	0.045233	0.971685	-0.524741	0.835291	-0.164123	-0.819063	-0.547945	-0.169977
17795	9.674735	-0.977889	-1.304984	0.277806	-0.201208	-0.109975	-0.232951	0.043183	0.971529	-0.527263	0.833825	-0.163488	-0.817146	-0.550337	-0.171472
17796	9.720278	-0.612197	-1.126164	0.175618	-0.207065	-0.084153	-0.234173	0.041319	0.971317	-0.528901	0.832895	-0.162942	-0.815737	-0.551887	-0.173188
17797	9.554600	-0.995827	-1.236824	0.067700	-0.230929	-0.079128	-0.235608	0.039356	0.971051	-0.529631	0.832566	-0.162249	-0.814849	-0.552526	-0.175315
17798	9.469152	-1.561657	-1.700744	0.099888	-0.244198	-0.078426	-0.237156	0.037331	0.970754	-0.530638	0.832045	-0.161632	-0.813745	-0.553451	-0.177516
17799	9.500465	-1.431303	-1.956455	0.194073	-0.245982	-0.072044	-0.238744	0.035340	0.970439	-0.532378	0.831009	-0.161236	-0.812142	-0.555135	-0.179584
17800	9.564545	-1.019895	-2.066138	0.214013	-0.249205	-0.058953	-0.240427	0.033443	0.970091	-0.534264	0.829841	-0.161019	-0.810406	-0.556998	-0.181649
17801	9.739563	-1.009815	-2.515018	0.144537	-0.217098	-0.046962	-0.241905	0.031813	0.969778	-0.535536	0.829065	-0.160783	-0.809125	-0.558246	-0.183518
17802	9.654019	-1.130283	-2.764819	0.080465	-0.170082	-0.025032	-0.243121	0.030634	0.969512	-0.536255	0.828625	-0.160657	-0.808283	-0.558965	-0.185029
17803	9.616542	-1.206040	-2.897220	0.024873	-0.138699	-0.013333	-0.244142	0.029716	0.969284	-0.536472	0.828510	-0.160526	-0.807832	-0.559185	-0.186332
17804	9.687063	-1.345549	-2.753323	-0.044481	-0.101957	-0.006077	-0.244908	0.029074	0.969110	-0.536135	0.828762	-0.160353	-0.807824	-0.558846	-0.187383
17805	9.537721	-1.629244	-2.446459	-0.087376	-0.088508	-0.005107	-0.245568	0.028504	0.968960	-0.535419	0.829275	-0.160089	-0.808098	-0.558113	-0.188382
17806	9.547154	-1.867760	-2.206334	-0.095605	-0.043434	-0.006336	-0.245861	0.028187	0.968895	-0.534670	0.829811	-0.159815	-0.808505	-0.557332	-0.188947
17807	9.618961	-1.327605	-1.968892	-0.116547	0.038311	0.002938	-0.245539	0.028391	0.968971	-0.533697	0.830484	-0.159573	-0.809246	-0.556318	-0.188764
17808	9.734994	-1.011777	-1.763513	-0.236361	0.114770	0.015090	-0.244666	0.029132	0.969170	-0.531753	0.831794	-0.159243	-0.810788	-0.554320	-0.188020
17809	9.512688	-0.976400	-1.638923	-0.329393	0.172470	0.017708	-0.243332	0.030198	0.969473	-0.529010	0.833636	-0.158745	-0.812981	-0.551489	-0.186875
17810	9.486365	-1.093702	-1.292353	-0.350721	0.144762	0.021134	-0.242240	0.031148	0.969716	-0.526111	0.835559	-0.158265	-0.815185	-0.548517	-0.186019
17811	9.443938	-1.183271	-0.945367	-0.373000	0.106482	0.041932	-0.241563	0.032046	0.969856	-0.522939	0.837612	-0.157925	-0.817424	-0.545324	-0.185578
17812	9.191169	-1.488540	-0.983169	-0.402721	0.047368	0.045149	-0.241386	0.032660	0.969879	-0.519541	0.839788	-0.157584	-0.819640	-0.541931	-0.185745
17813	9.016011	-1.958935	-1.207813	-0.319462	-0.029201	0.028262	-0.241743	0.032705	0.969789	-0.516827	0.841531	-0.157211	-0.821249	-0.539218	-0.186532
17814	9.426333	-1.777006	-1.501411	-0.150032	-0.084178	0.010156	-0.242463	0.032315	0.969622	-0.515578	0.842337	-0.156998	-0.821822	-0.537982	-0.187575
17815	9.535784	-1.284047	-1.728169	-0.094724	-0.096562	0.007327	-0.243266	0.031824	0.969437	-0.514761	0.842865	-0.156841	-0.822096	-0.537183	-0.188658
17816	9.459039	-1.331675	-2.125474	-0.108763	-0.102005	0.013994	-0.244152	0.031372	0.969229	-0.513840	0.843446	-0.156739	-0.822410	-0.536297	-0.189809
17817	9.522094	-1.363642	-2.333656	-0.124458	-0.105631	0.017769	-0.245084	0.030922	0.969009	-0.512751	0.844130	-0.156624	-0.822812	-0.535246	-0.191027
17818	9.613050	-1.259695	-2.240417	-0.122005	-0.099768	0.028355	-0.246027	0.030606	0.968780	-0.511685	0.844775	-0.156633	-0.823195	-0.534246	-0.192177
17819	9.565499	-1.031646	-2.128926	-0.184489	-0.101806	0.041818	-0.247051	0.030381	0.968526	-0.510039	0.845770	-0.156631	-0.823909	-0.532682	-0.193452
17820	9.531729	-1.177318	-2.163931	-0.229115	-0.108413	0.054405	-0.248197	0.030242	0.968237	-0.508024	0.846973	-0.156681	-0.824809	-0.530775	-0.194853
17821	9.831818	-0.995360	-1.644186	-0.240975	-0.093966	0.063923	-0.249268	0.030251	0.967962	-0.505850	0.848256	-0.156775	-0.825822	-0.528722	-0.196141
17822	9.797926	-0.626129	-1.118548	-0.339353	-0.032262	0.079502	-0.249912	0.030733	0.967781	-0.502853	0.850022	-0.156846	-0.827455	-0.525850	-0.196977
17823	9.417316	-0.693915	-0.792986	-0.449044	-0.060903	0.099924	-0.250888	0.031228	0.967512	-0.498853	0.852372	-0.156870	-0.829579	-0.522003	-0.198272
17824	9.447831	-1.065821	-0.630642	-0.458950	-0.107906	0.118558	-0.252350	0.031655	0.967118	-0.494750	0.854723	-0.157072	-0.831590	-0.518119	-0.200028
17825	9.509259	-0.970164	-0.735789	-0.407388	-0.157381	0.121969	-0.254231	0.031851	0.966619	-0.491021	0.856814	-0.157376	-0.833225	-0.514640	-0.202189
17826	9.380574	-1.102457	-1.110388	-0.406072	-0.198507	0.135710	-0.256527	0.031973	0.966008	-0.487296	0.858855	-0.157830	-0.834707	-0.511219	-0.204739
17827	9.119564	-1.623495	-1.378683	-0.396721	-0.265958	0.138574	-0.259390	0.031775	0.965250	-0.483597	0.860858	-0.158294	-0.835973	-0.507852	-0.207932
17828	9.321847	-1.736230	-1.658183	-0.259921	-0.322191	0.144408	-0.262757	0.031362	0.964352	-0.481054	0.862131	-0.159111	-0.836388	-0.505713	-0.211444
17829	9.559054	-1.215224	-1.851916	-0.186646	-0.333348	0.155319	-0.266260	0.030984	0.963403	-0.479061	0.863047	-0.160157	-0.836425	-0.504172	-0.214952
17830	9.341887	-1.376689	-2.525794	-0.198917	-0.337739	0.161972	-0.269836	0.030659	0.962418	-0.476971	0.864000	-0.161254	-0.836473	-0.502557	-0.218515
17831	9.266870	-1.944470	-2.970166	-0.121511	-0.351121	0.160968	-0.273508	0.030253	0.961394	-0.475493	0.864585	-0.162480	-0.836122	-0.501576	-0.222086
17832	9.372206	-1.921741	-3.012158	0.000295	-0.358043	0.156110	-0.277219	0.029783	0.960345	-0.475074	0.864538	-0.163949	-0.835137	-0.501685	-0.225517
17833	9.384169	-1.579660	-2.869995	0.063971	-0.369314	0.164847	-0.281054	0.029319	0.959244	-0.475124	0.864191	-0.165623	-0.833826	-0.502309	-0.228954
17834	9.334515	-1.787731	-2.806987	0.032627	-0.395206	0.153958	-0.285055	0.028640	0.958083	-0.474968	0.863984	-0.167143	-0.832555	-0.502704	-0.232680
17835	9.297561	-2.047148	-2.575333	0.147204	-0.456053	0.142639	-0.289496	0.027541	0.956783	-0.475757	0.863227	-0.168800	-0.830570	-0.504063	-0.236798
17836	9.630868	-1.641556	-1.765350	0.248689	-0.459889	0.134049	-0.293926	0.026351	0.955465	-0.477437	0.861936	-0.170644	-0.828046	-0.506331	-0.240765
17837	9.474488	-1.430985	-1.299346	0.173429	-0.413912	0.142569	-0.298002	0.025447	0.954226	-0.478426	0.861044	-0.172372	-0.826017	-0.507894	-0.244418
17838	9.156731	-1.425327	-1.000406	0.182343	-0.453512	0.153458	-0.302455	0.024436	0.952851	-0.479478	0.860079	-0.174254	-0.823785	-0.509575	-0.248418
17839	9.296764	-1.453334	-0.704839	0.171515	-0.505258	0.153527	-0.307317	0.023146	0.951326	-0.480402	0.859189	-0.176094	-0.821444	-0.511135	-0.252924
17840	9.091165	-1.679868	-0.699716	0.228397	-0.580263	0.151320	-0.312780	0.021449	0.949583	-0.481815	0.857986	-0.178084	-0.818549	-0.513224	-0.258027
17841	9.159842	-1.467491	-0.346181	0.324770	-0.664279	0.159522	-0.318944	0.019368	0.947576	-0.483951	0.856300	-0.180395	-0.814903	-0.516116	-0.263738
17842	9.256200	-1.364918	-0.407400	0.378111	-0.743906	0.169163	-0.325788	0.016940	0.945291	-0.486488	0.854312	-0.182974	-0.810673	-0.519484	-0.270084
17843	9.342960	-1.351017	-0.271492	0.419342	-0.818411	0.176453	-0.333230	0.014151	0.942739	-0.489292	0.852111	-0.185740	-0.805947	-0.523169	-0.277026
17844	9.391623	-1.495525	-0.713094	0.457546	-0.878398	0.195528	-0.341223	0.011178	0.939916	-0.492318	0.849685	-0.188834	-0.800743	-0.527173	-0.284429
17845	9.711206	-0.950382	-0.962431	0.530012	-0.933919	0.224065	-0.349746	0.008108	0.936810	-0.495775	0.846865	-0.192421	-0.794912	-0.531746	-0.292168
17846	9.700828	-0.912565	-1.178302	0.389243	-0.960408	0.265394	-0.358650	0.005207	0.933458	-0.497930	0.844772	-0.196025	-0.789580	-0.535101	-0.300385
17847	9.109085	-1.099830	-1.070948	0.341508	-1.047254	0.291171	-0.368305	0.002020	0.929703	-0.499564	0.842936	-0.199736	-0.784083	-0.538010	-0.309449
17848	9.421266	-0.930096	-0.816071	0.294364	-1.121515	0.331576	-0.378702	-0.001259	0.925518	-0.500637	0.841348	-0.203706	-0.778426	-0.540492	-0.319251
17849	9.470944	-1.032642	-0.846169	0.186787	-1.173213	0.357970	-0.389555	-0.004622	0.920991	-0.500720	0.840353	-0.207574	-0.772998	-0.542020	-0.329678
17850	9.459911	-0.783158	-0.972896	0.202048	-1.264996	0.386423	-0.401208	-0.008266	0.915950	-0.500760	0.839281	-0.211771	-0.766989	-0.543635	-0.340866
17851	10.348611	-0.426662	-0.385042	0.054409	-1.253964	0.449543	-0.412999	-0.011337	0.910661	-0.499359	0.839032	-0.216022	-0.761625	-0.543964	-0.352180
17852	9.811205	-1.688595	-0.870608	-0.171880	-1.220489	0.504185	-0.424755	-0.013756	0.905204	-0.495955	0.840029	-0.219954	-0.757372	-0.542367	-0.363629
17853	9.709993	-2.962493	-0.517625	-0.211568	-1.358625	0.502199	-0.437449	-0.016911	0.899084	-0.492213	0.841250	-0.223663	-0.752572	-0.540382	-0.376327
17854	10.205385	-3.298586	-0.284088	-0.061047	-1.466145	0.506747	-0.450902	-0.020587	0.892336	-0.489519	0.841674	-0.227939	-0.746364	-0.539593	-0.389590
17855	10.224723	-1.967955	0.436895	0.046341	-1.590310	0.570007	-0.465448	-0.024393	0.884739	-0.487289	0.841539	-0.233154	-0.738855	-0.539645	-0.403580
17856	10.917155	-1.038709	1.656557	-0.076331	-1.775908	0.657525	-0.481669	-0.028455	0.875891	-0.483629	0.842124	-0.238599	-0.730820	-0.538532	-0.419386
17857	11.760051	-1.233790	2.522357	-0.351070	-1.930551	0.713533	-0.499080	-0.032823	0.865934	-0.477636	0.844202	-0.243285	-0.723038	-0.535020	-0.437002
17858	11.909213	-2.219197	2.675280	-0.499737	-2.123360	0.714427	-0.517709	-0.038112	0.854708	-0.470427	0.847116	-0.247171	-0.714616	-0.530040	-0.456488
17859	12.010264	-2.745208	2.867165	-0.427681	-2.364426	0.709375	-0.537737	-0.044597	0.841932	-0.463734	0.849623	-0.251180	-0.704123	-0.525501	-0.477555
17860	12.437456	-2.106598	2.473588	-0.303185	-2.599981	0.760254	-0.559359	-0.051767	0.827308	-0.457466	0.851576	-0.256015	-0.691262	-0.521669	-0.500018
17861	13.308320	-2.341090	1.023106	-0.296308	-2.726488	0.808968	-0.581621	-0.059073	0.811312	-0.450939	0.853502	-0.261129	-0.677031	-0.517731	-0.523053
17862	13.810892	-2.486950	0.057377	-0.255774	-2.766303	0.822356	-0.603801	-0.066338	0.794370	-0.444371	0.855335	-0.266338	-0.661784	-0.513810	-0.545931
17863	14.082800	-2.041357	-1.352654	-0.373100	-2.606948	0.778870	-0.624226	-0.073041	0.777822	-0.437290	0.857709	-0.270395	-0.647395	-0.508921	-0.567344
17864	13.093529	-1.482985	-3.524287	-0.437424	-2.470162	0.733478	-0.643209	-0.079265	0.761577	-0.429860	0.860479	-0.273490	-0.633643	-0.503282	-0.587540
17865	12.460147	-0.686402	-5.168478	-0.280198	-2.489867	0.681812	-0.661629	-0.085921	0.744892	-0.423813	0.862364	-0.276969	-0.618570	-0.498945	-0.606980
17866	12.295138	0.053402	-6.070096	-0.312314	-2.436411	0.654615	-0.679253	-0.092390	0.728066	-0.417537	0.864496	-0.279840	-0.603555	-0.494076	-0.625787
17867	11.409315	0.103539	-7.207452	-0.459726	-2.359094	0.650956	-0.695937	-0.098394	0.711330	-0.410468	0.867299	-0.281618	-0.589226	-0.487966	-0.643973
17868	10.129564	-0.802961	-7.589585	-0.590166	-2.280098	0.651828	-0.711848	-0.103794	0.694621	-0.402465	0.870813	-0.282324	-0.575581	-0.480533	-0.661660
17869	8.495687	-2.147952	-7.662764	-0.719291	-2.075785	0.590626	-0.725946	-0.108584	0.679126	-0.394257	0.874803	-0.281567	-0.563528	-0.472153	-0.677870
17870	7.190909	-3.678141	-8.522949	-0.790805	-1.812015	0.476459	-0.737907	-0.112905	0.665391	-0.386377	0.879026	-0.279331	-0.553359	-0.463212	-0.692264
17871	6.336788	-4.931423	-9.274286	-0.683115	-1.502603	0.314719	-0.747288	-0.117096	0.654102	-0.380422	0.882467	-0.276642	-0.544830	-0.455566	-0.704003
17872	6.163008	-5.319164	-9.037029	-0.325098	-1.158107	0.167041	-0.754170	-0.120896	0.645454	-0.377433	0.884136	-0.275404	-0.537374	-0.451317	-0.712420
17873	6.997592	-3.824192	-9.393439	-0.018833	-0.749682	0.078286	-0.758399	-0.123648	0.639955	-0.376879	0.884255	-0.275782	-0.531783	-0.450339	-0.717218
17874	7.554649	-2.398152	-9.193092	0.041153	-0.207526	0.119036	-0.759932	-0.123555	0.638152	-0.376219	0.884212	-0.276817	-0.530060	-0.450447	-0.718425
17875	8.132475	-1.221325	-5.720137	-0.107310	0.464663	0.229366	-0.758247	-0.119497	0.640923	-0.374040	0.884915	-0.277523	-0.533999	-0.450162	-0.715681
17876	7.976196	-0.280592	-3.764047	-0.716812	1.107918	0.250341	-0.753182	-0.112342	0.648149	-0.368306	0.888410	-0.274004	-0.545040	-0.445092	-0.710510
17877	6.963972	-1.692766	-6.825892	-1.298357	1.577232	0.143435	-0.744903	-0.104180	0.658989	-0.360178	0.894226	-0.265766	-0.561598	-0.435323	-0.703635
17878	5.846354	-4.218316	-9.161153	-1.302480	1.908446	0.015324	-0.734043	-0.095853	0.672304	-0.352651	0.899845	-0.256742	-0.580360	-0.425549	-0.694327
17879	5.101971	-5.209506	-8.939641	-0.852937	2.248280	-0.125088	-0.720265	-0.087530	0.688155	-0.348655	0.903285	-0.250030	-0.599715	-0.420017	-0.681122
17880	5.125356	-4.618478	-7.898126	-0.405018	2.619734	-0.252035	-0.703395	-0.078849	0.706412	-0.348003	0.904771	-0.245526	-0.619782	-0.418535	-0.663851
17881	5.476467	-3.849354	-7.405563	-0.088551	3.013455	-0.358172	-0.683075	-0.069506	0.727034	-0.350060	0.904823	-0.242391	-0.640989	-0.420077	-0.642393
17882	5.229634	-3.657099	-7.704551	0.075550	3.389665	-0.443456	-0.659386	-0.059254	0.749466	-0.353552	0.904217	-0.239569	-0.663484	-0.422943	-0.617177
17883	4.877246	-4.181642	-8.160450	0.288284	3.725542	-0.526864	-0.632286	-0.048213	0.773233	-0.359033	0.902652	-0.237305	-0.686520	-0.427661	-0.588045
17884	4.454530	-4.906209	-8.363685	0.573721	4.012942	-0.604418	-0.602065	-0.036384	0.797617	-0.366789	0.899921	-0.235812	-0.709213	-0.434532	-0.555157
17885	4.152754	-5.538563	-8.341559	0.994174	4.275206	-0.686327	-0.568658	-0.023780	0.822230	-0.378097	0.895285	-0.235600	-0.730528	-0.444859	-0.518103
17886	4.195151	-5.620377	-7.934380	1.523143	4.537733	-0.790761	-0.531997	-0.010342	0.846683	-0.393743	0.888263	-0.236551	-0.749631	-0.459219	-0.476625
17887	4.216862	-4.664286	-7.060636	1.977386	4.792262	-0.868669	-0.492097	0.004394	0.870529	-0.413316	0.878914	-0.238078	-0.766166	-0.476961	-0.430694
17888	4.572884	-3.373835	-6.238798	2.158713	5.025775	-0.960422	-0.449123	0.020413	0.893237	-0.434553	0.868537	-0.238343	-0.780674	-0.495204	-0.381209
17889	5.214065	-2.073495	-5.425596	2.053408	5.265237	-1.070931	-0.402828	0.037664	0.914500	-0.455416	0.858440	-0.235961	-0.793930	-0.511530	-0.328651
17890	6.175474	-1.819372	-5.623696	1.599496	5.425141	-1.123686	-0.354151	0.056097	0.933504	-0.472491	0.850694	-0.230373	-0.807050	-0.522659	-0.274769
17891	7.000581	-2.612819	-7.576042	1.287762	5.518350	-1.136195	-0.303758	0.075524	0.949751	-0.486814	0.844598	-0.222860	-0.818989	-0.530048	-0.219788
17892	8.031526	-3.128977	-8.657190	1.164690	5.599104	-1.148362	-0.251925	0.095657	0.963008	-0.499614	0.839379	-0.214077	-0.828806	-0.535063	-0.163669
17893	9.058334	-2.700881	-7.971758	1.184348	5.648720	-1.154302	-0.199011	0.116352	0.973066	-0.512162	0.834190	-0.204494	-0.835515	-0.539063	-0.106422
17894	9.232589	-1.071227	-6.476250	1.054033	5.661693	-1.120916	-0.145744	0.137575	0.979710	-0.522933	0.829925	-0.194334	-0.839822	-0.540645	-0.049014
17895	8.779105	0.098311	-4.109694	0.657832	5.613655	-1.000616	-0.093161	0.159555	0.982783	-0.529735	0.827828	-0.184613	-0.843031	-0.537814	0.007401
17896	8.599706	1.837737	7.320976	0.788508	5.317853	-0.759270	-0.044258	0.181797	0.982340	-0.536907	0.824897	-0.176849	-0.842480	-0.535252	0.061100
17897	14.250039	1.757283	-5.192308	-0.179131	4.664634	-0.256611	-0.003433	0.204431	0.978875	-0.535503	0.826320	-0.174449	-0.844527	-0.524789	0.106637
17898	9.597303	-2.010130	-2.080995	-0.223630	3.939895	0.005875	0.029852	0.224933	0.973917	-0.533614	0.827476	-0.174755	-0.845201	-0.514479	0.144730
17899	2.703872	-4.013484	1.753200	0.066009	2.938262	0.062323	0.054425	0.240477	0.969128	-0.534214	0.826993	-0.175207	-0.843595	-0.508186	0.173475
17900	-0.301869	-0.498382	5.705835	-0.136843	1.762208	0.066696	0.068957	0.249914	0.965809	-0.533100	0.827529	-0.176070	-0.843237	-0.502732	0.190293
17901	2.251860	0.908950	6.202815	-1.060918	0.529284	0.047733	0.073267	0.252960	0.964698	-0.524207	0.832667	-0.178527	-0.848433	-0.492622	0.193611
17902	3.322796	-1.507713	4.733924	-1.670522	-0.581852	0.020544	0.068223	0.250280	0.965767	-0.509971	0.840748	-0.181856	-0.857482	-0.480107	0.184994
17903	2.944357	-2.916021	-0.943240	-1.432658	-1.658003	0.003188	0.053988	0.242437	0.968664	-0.497679	0.847537	-0.184383	-0.865679	-0.472129	0.166412
17904	8.008622	-2.945258	-2.051737	-0.899026	-2.140580	-0.022860	0.035536	0.232140	0.972033	-0.489861	0.851831	-0.185525	-0.871076	-0.469568	0.143987
17905	15.409576	-3.908495	2.515088	-0.559898	-1.346394	0.042401	0.023609	0.226199	0.973795	-0.485038	0.854333	-0.186691	-0.874174	-0.467920	0.129885
17906	13.984425	-3.085064	3.779636	-0.797209	-0.731981	-0.050020	0.017460	0.222342	0.974812	-0.478044	0.858161	-0.187173	-0.878163	-0.462735	0.121273
17907	9.760272	-4.631058	0.474546	-0.955234	-1.029329	-0.263449	0.009685	0.215359	0.976487	-0.469652	0.863102	-0.185694	-0.882798	-0.456811	0.109503
17908	11.014105	-4.148877	-0.436738	-0.298603	-1.238910	-0.204009	-0.000282	0.207913	0.978147	-0.467006	0.864904	-0.183977	-0.884254	-0.456852	0.096852
17909	11.032922	-0.519577	-0.762903	-0.194598	-1.238029	-0.024934	-0.011092	0.202051	0.979312	-0.465358	0.865806	-0.183904	-0.885053	-0.457771	0.084423
17910	10.768858	0.896666	-2.592933	-1.010746	-1.453372	0.107404	-0.024459	0.196350	0.980229	-0.456373	0.870196	-0.185697	-0.889452	-0.451892	0.068324
17911	12.210352	-2.033741	-4.705369	-1.580288	-1.629074	0.093802	-0.039395	0.189894	0.981014	-0.442278	0.877053	-0.187531	-0.896012	-0.441269	0.049435
17912	10.741012	-4.010723	-5.204242	-1.229877	-1.533023	-0.053136	-0.052912	0.182699	0.981744	-0.431257	0.882536	-0.187479	-0.900676	-0.433304	0.032093
17913	9.231664	-3.946779	-6.611715	-0.631278	-1.550859	-0.173925	-0.066132	0.174449	0.982443	-0.425700	0.885562	-0.185902	-0.902444	-0.430520	0.015699
17914	9.643513	-4.531132	-7.270346	0.007994	-1.468214	-0.295374	-0.078094	0.165468	0.983118	-0.425989	0.886034	-0.182966	-0.901351	-0.433086	0.001294
17915	9.932259	-3.026396	-6.056189	0.444106	-1.344754	-0.336361	-0.088749	0.156604	0.983666	-0.430288	0.884633	-0.179659	-0.898318	-0.439204	-0.011125
17916	10.007107	-2.027997	-5.160524	0.397014	-1.204150	-0.269560	-0.098361	0.148876	0.983952	-0.434106	0.883294	-0.177041	-0.895476	-0.444553	-0.022254
17917	10.005584	-1.263744	-4.361169	0.214316	-1.099282	-0.216690	-0.107245	0.142030	0.984036	-0.436245	0.882658	-0.174942	-0.893414	-0.448042	-0.032701
17918	10.085304	-0.821685	-3.581151	-0.080250	-0.976197	-0.222556	-0.114970	0.135664	0.984062	-0.435781	0.883331	-0.172690	-0.892680	-0.448689	-0.042437
17919	9.837408	-1.444806	-3.092727	-0.148732	-0.904220	-0.246044	-0.121944	0.129406	0.984065	-0.434744	0.884331	-0.170164	-0.892259	-0.448567	-0.051581
17920	9.826849	-0.759123	-1.806603	-0.074710	-0.840414	-0.231410	-0.128412	0.123563	0.983993	-0.434373	0.884963	-0.167813	-0.891533	-0.448970	-0.059967
17921	9.577873	-0.251089	-0.751000	-0.235046	-0.789734	-0.202298	-0.134556	0.118192	0.983832	-0.432574	0.886254	-0.165631	-0.891501	-0.447867	-0.068125
17922	9.581176	-0.483582	-0.017193	-0.404959	-0.782743	-0.200533	-0.140651	0.112893	0.983602	-0.429244	0.888297	-0.163334	-0.892170	-0.445179	-0.076481
17923	9.578554	-1.659025	0.511853	-0.491881	-0.783639	-0.231617	-0.146637	0.107319	0.983352	-0.425183	0.890743	-0.160615	-0.893150	-0.441656	-0.084986
17924	9.292099	-2.284151	0.706366	-0.236508	-0.825065	-0.270846	-0.152834	0.101241	0.983052	-0.423483	0.892071	-0.157709	-0.892919	-0.440409	-0.093465
17925	9.244035	-1.657285	1.120145	-0.044004	-0.879392	-0.275176	-0.159503	0.094871	0.982628	-0.423530	0.892537	-0.154922	-0.891729	-0.440883	-0.102181
17926	9.225823	-1.372991	0.852697	-0.004912	-0.954564	-0.252857	-0.166914	0.088377	0.982003	-0.423906	0.892792	-0.152401	-0.890193	-0.441715	-0.111556
17927	9.188014	-1.765503	0.010247	0.064175	-1.002057	-0.258475	-0.174725	0.081599	0.981230	-0.424904	0.892741	-0.149901	-0.888216	-0.443120	-0.121312
17928	9.420293	-1.560599	-0.803472	0.206202	-1.044790	-0.259242	-0.182863	0.074617	0.980303	-0.427203	0.892029	-0.147588	-0.885471	-0.445777	-0.131243
17929	9.594813	-1.180169	-1.388577	0.305284	-1.052054	-0.236832	-0.191130	0.067765	0.979223	-0.430365	0.890827	-0.145649	-0.882188	-0.449261	-0.141100
17930	9.766659	-1.029634	-2.161559	0.277608	-1.016660	-0.213726	-0.199138	0.061254	0.978055	-0.433235	0.889714	-0.143930	-0.879006	-0.452389	-0.150638
17931	9.711448	-1.248041	-2.985550	0.294990	-0.975606	-0.200460	-0.206821	0.055005	0.976831	-0.436233	0.888496	-0.142393	-0.875743	-0.455576	-0.159764
17932	9.851761	-1.343915	-3.683945	0.367298	-0.936860	-0.194391	-0.214134	0.048970	0.975576	-0.439861	0.886918	-0.141067	-0.872163	-0.459325	-0.168379
17933	9.744601	-1.463615	-3.890746	0.399019	-0.865189	-0.182130	-0.220849	0.043332	0.974345	-0.443709	0.885177	-0.139940	-0.868532	-0.463232	-0.176263
17934	9.462893	-1.155702	-3.712799	0.457928	-0.824635	-0.162653	-0.227247	0.038032	0.973094	-0.448051	0.883113	-0.139149	-0.864644	-0.467617	-0.183644
17935	9.875283	-0.451002	-3.006023	0.415000	-0.794365	-0.134634	-0.233509	0.033068	0.971792	-0.451923	0.881227	-0.138578	-0.860952	-0.471535	-0.190830
17936	9.864672	-0.441012	-2.446461	0.281896	-0.749250	-0.110575	-0.239424	0.028527	0.970496	-0.454617	0.879928	-0.138020	-0.857904	-0.474249	-0.197707
17937	9.669785	-0.874485	-2.032212	0.259490	-0.743006	-0.109736	-0.245288	0.023984	0.969153	-0.457092	0.878737	-0.137434	-0.854927	-0.476703	-0.204581
17938	9.397588	-0.663894	-1.366053	0.276728	-0.743823	-0.086804	-0.251215	0.019642	0.967732	-0.459678	0.877433	-0.137138	-0.851814	-0.479297	-0.211395
17939	9.414160	-0.311471	-0.971206	0.201671	-0.756348	-0.062743	-0.257343	0.015418	0.966197	-0.461550	0.876485	-0.136918	-0.848968	-0.481183	-0.218441
17940	9.411168	-0.335624	-0.764206	0.089616	-0.762796	-0.041861	-0.263593	0.011354	0.964567	-0.462428	0.876058	-0.136682	-0.846569	-0.482071	-0.225672
17941	9.381868	-0.402104	-0.682897	0.029991	-0.797898	-0.026495	-0.270198	0.007232	0.962778	-0.462752	0.875924	-0.136448	-0.844307	-0.482395	-0.233327
17942	9.351208	-0.598360	-0.796972	-0.045250	-0.822943	-0.001752	-0.277107	0.003224	0.960834	-0.462385	0.876142	-0.136293	-0.842266	-0.482043	-0.241294
17943	9.286087	-0.477016	-0.921559	-0.083240	-0.858725	0.021564	-0.284419	-0.000770	0.958700	-0.461633	0.876545	-0.136249	-0.840239	-0.481319	-0.249661
17944	9.464141	-0.723839	-1.377942	-0.193702	-0.876815	0.053332	-0.292001	-0.004539	0.956407	-0.459864	0.877476	-0.136237	-0.838606	-0.479598	-0.258312
17945	9.454091	-1.119125	-2.105050	-0.210799	-0.890824	0.067672	-0.299759	-0.008259	0.953979	-0.457920	0.878485	-0.136282	-0.836931	-0.477698	-0.267116
17946	9.195399	-1.460936	-2.847451	-0.152378	-0.898145	0.076405	-0.307593	-0.011895	0.951444	-0.456426	0.879219	-0.136566	-0.834902	-0.476270	-0.275871
17947	9.127680	-1.481744	-3.285753	-0.026016	-0.917820	0.071900	-0.315569	-0.015666	0.948773	-0.455949	0.879378	-0.137132	-0.832182	-0.475867	-0.284647
17948	9.396290	-1.433607	-3.294597	0.072408	-0.929980	0.070792	-0.323593	-0.019495	0.945995	-0.456336	0.879044	-0.137982	-0.828882	-0.476342	-0.293349
17949	9.312832	-1.656984	-3.330073	0.122132	-0.905921	0.071763	-0.331401	-0.023223	0.943204	-0.457104	0.878488	-0.138977	-0.825366	-0.477200	-0.301747
17950	8.946156	-1.606160	-3.268989	0.252426	-0.914181	0.076115	-0.339253	-0.026950	0.940309	-0.458939	0.877298	-0.140436	-0.821147	-0.479188	-0.309994
17951	9.127476	-1.187260	-2.777721	0.307626	-0.948076	0.080675	-0.347376	-0.030834	0.937219	-0.461171	0.875856	-0.142116	-0.816487	-0.481586	-0.318471
17952	9.240417	-0.825011	-2.479971	0.281104	-0.945095	0.102922	-0.355524	-0.034519	0.934030	-0.463111	0.874531	-0.143956	-0.811869	-0.483739	-0.326903
17953	9.088453	-0.691988	-2.467511	0.230434	-0.957014	0.127085	-0.363849	-0.038076	0.930679	-0.464501	0.873478	-0.145861	-0.807374	-0.485373	-0.335501
17954	9.102896	-0.718917	-2.465523	0.206375	-0.987527	0.142289	-0.372439	-0.041658	0.927121	-0.465652	0.872529	-0.147855	-0.802781	-0.486783	-0.344362
17955	9.247438	-0.649000	-2.220224	0.196532	-1.026968	0.163950	-0.381401	-0.045270	0.923300	-0.466603	0.871653	-0.150009	-0.798007	-0.488028	-0.353573
17956	9.438502	-0.780749	-1.642729	0.120075	-1.063083	0.190046	-0.390724	-0.048829	0.919212	-0.466838	0.871154	-0.152161	-0.793345	-0.488576	-0.363176
17957	9.291718	-1.271934	-1.704893	0.050053	-1.120939	0.205451	-0.400528	-0.052545	0.914777	-0.466413	0.871026	-0.154183	-0.788693	-0.488418	-0.373378
17958	9.353189	-0.880885	-1.782613	0.084648	-1.181417	0.234411	-0.410886	-0.056298	0.909947	-0.466141	0.870738	-0.156613	-0.783508	-0.488514	-0.384017
17959	9.428990	-0.743736	-2.038644	-0.015955	-1.209017	0.285928	-0.421630	-0.059738	0.904798	-0.464822	0.870992	-0.159098	-0.778568	-0.487651	-0.395004
17960	9.197980	-1.075313	-2.663621	-0.073627	-1.256823	0.300078	-0.432753	-0.063267	0.899290	-0.462984	0.871533	-0.161482	-0.773544	-0.486238	-0.406450
17961	9.225586	-1.174942	-3.078020	-0.036265	-1.313935	0.317152	-0.444314	-0.066912	0.893369	-0.461312	0.871925	-0.164127	-0.767969	-0.485046	-0.418276
17962	9.486213	-1.412365	-3.453525	0.012449	-1.349467	0.337679	-0.456170	-0.070531	0.887093	-0.459903	0.872094	-0.167157	-0.761839	-0.484229	-0.430260
17963	9.606274	-1.584213	-3.556870	0.094579	-1.385023	0.350485	-0.468250	-0.074204	0.880475	-0.458999	0.871899	-0.170621	-0.755024	-0.484031	-0.442326
17964	9.676548	-1.655114	-3.283380	0.168697	-1.435657	0.355494	-0.480644	-0.078081	0.873433	-0.458596	0.871350	-0.174468	-0.747443	-0.484410	-0.454617
17965	9.682052	-1.786723	-2.575213	0.222318	-1.499201	0.364589	-0.493425	-0.082199	0.865896	-0.458478	0.870571	-0.178618	-0.739141	-0.485128	-0.467248
17966	9.485258	-1.944531	-1.676723	0.257736	-1.589136	0.372667	-0.506786	-0.086696	0.857702	-0.458524	0.869631	-0.183024	-0.730016	-0.486031	-0.480469
17967	9.475486	-1.484395	-0.636210	0.356754	-1.733021	0.389335	-0.521095	-0.091773	0.848550	-0.459126	0.868241	-0.188047	-0.719488	-0.487581	-0.494572
17968	10.114530	-0.100072	0.318723	0.436081	-1.897400	0.443565	-0.536650	-0.097220	0.838186	-0.459909	0.866526	-0.193951	-0.707454	-0.489573	-0.509733
17969	11.364904	0.009010	0.606100	0.171757	-1.999239	0.521758	-0.553029	-0.102508	0.826832	-0.458298	0.866201	-0.199145	-0.695789	-0.489068	-0.526014
17970	11.987346	-1.835488	0.020851	-0.077544	-2.110039	0.539485	-0.570032	-0.108145	0.814474	-0.454752	0.867143	-0.203132	-0.684298	-0.486176	-0.543478
17971	12.223540	-3.011621	0.312290	0.059707	-2.350559	0.517828	-0.588251	-0.115082	0.800448	-0.452205	0.867414	-0.207616	-0.670427	-0.484097	-0.562297
17972	13.708126	-2.091278	1.374510	0.199146	-2.536492	0.557410	-0.607547	-0.122534	0.784775	-0.450211	0.867109	-0.213149	-0.654367	-0.482813	-0.581976
17973	15.012764	-3.171929	1.751890	-0.233294	-2.439754	0.637987	-0.626137	-0.128746	0.769010	-0.444842	0.868995	-0.216710	-0.640365	-0.477778	-0.601382
17974	13.867292	-5.187725	0.232565	-0.362136	-2.392842	0.597607	-0.643918	-0.134927	0.753103	-0.438774	0.871497	-0.219023	-0.626775	-0.471474	-0.620375
17975	13.348022	-4.574037	0.810492	0.013918	-2.505817	0.507420	-0.661564	-0.142320	0.736259	-0.435667	0.872074	-0.222894	-0.610350	-0.468223	-0.638937
17976	13.472307	-2.962094	0.192903	0.101994	-2.592762	0.484546	-0.679244	-0.150221	0.718374	-0.433055	0.872301	-0.227057	-0.592529	-0.465322	-0.657559
17977	14.187717	-1.591018	-1.326693	0.231602	-2.598225	0.505835	-0.696494	-0.157935	0.699966	-0.431084	0.871920	-0.232212	-0.573640	-0.463479	-0.675370
17978	13.639886	-0.552526	-3.954221	0.320482	-2.468144	0.504663	-0.712573	-0.164985	0.681923	-0.429360	0.871245	-0.237869	-0.554877	-0.462290	-0.691664
17979	12.545934	-0.586756	-6.623460	0.459497	-2.703487	0.525211	-0.729443	-0.172977	0.661810	-0.428249	0.869915	-0.244644	-0.533401	-0.461873	-0.708630
17980	12.643149	-1.344661	-7.815129	0.506041	-2.873233	0.542457	-0.746735	-0.181547	0.639866	-0.426910	0.868535	-0.251785	-0.510035	-0.461181	-0.726069
17981	11.800571	-1.825276	-8.373784	0.615143	-2.720581	0.583608	-0.762688	-0.189115	0.618500	-0.425746	0.866684	-0.259997	-0.486875	-0.461621	-0.741525
17982	9.900872	-1.163429	-7.953510	0.513363	-2.407232	0.526614	-0.776379	-0.195689	0.599117	-0.424166	0.865321	-0.267026	-0.466174	-0.461439	-0.754822
17983	8.308437	-1.334723	-8.373159	0.219249	-2.060436	0.466724	-0.787687	-0.201222	0.582288	-0.421694	0.865145	-0.271475	-0.449137	-0.459385	-0.766317
17984	7.062819	-2.085270	-8.456852	0.004426	-1.594332	0.344406	-0.796176	-0.205563	0.569075	-0.419012	0.865818	-0.273475	-0.436499	-0.456184	-0.775477
17985	5.385446	-2.491308	-9.338311	-0.150828	-1.091921	0.160289	-0.801474	-0.209223	0.560237	-0.417249	0.866747	-0.273227	-0.428418	-0.452742	-0.781973
17986	4.750987	-3.096763	-10.407089	-0.154174	-0.851369	0.005250	-0.805099	-0.213042	0.553560	-0.416578	0.867446	-0.272030	-0.422229	-0.449612	-0.787129
17987	6.113269	-3.255433	-8.967750	0.009646	-0.535137	-0.093199	-0.806867	-0.216337	0.549694	-0.417532	0.867119	-0.271610	-0.417891	-0.448668	-0.789977
17988	6.718369	-2.485038	-7.833336	0.114743	-0.130438	-0.107873	-0.806942	-0.217881	0.548973	-0.418908	0.866362	-0.271908	-0.416366	-0.449383	-0.790376
17989	6.442082	-1.469281	-6.068562	0.020858	0.393700	-0.105479	-0.804763	-0.217106	0.552469	-0.420006	0.865955	-0.271510	-0.419466	-0.450541	-0.788074
17990	6.680950	-0.932462	-5.458065	-0.350911	1.020039	-0.105963	-0.799972	-0.213457	0.560786	-0.419394	0.867298	-0.268147	-0.429131	-0.449700	-0.783337
17991	6.447844	-1.285774	-6.544959	-0.648723	1.568864	-0.131767	-0.792475	-0.207643	0.573470	-0.417769	0.869850	-0.262356	-0.444356	-0.447489	-0.776081
17992	5.986884	-1.974097	-7.846543	-0.749807	1.983580	-0.193535	-0.782650	-0.200501	0.589287	-0.415918	0.872793	-0.255431	-0.463111	-0.445008	-0.766483
17993	5.560526	-2.513101	-8.877350	-0.694924	2.333645	-0.266156	-0.770397	-0.192530	0.607800	-0.414847	0.875281	-0.248566	-0.484139	-0.443639	-0.754184
17994	5.419910	-2.756589	-9.239971	-0.489010	2.710448	-0.296142	-0.755719	-0.183112	0.628776	-0.414710	0.876889	-0.243067	-0.506858	-0.444450	-0.738620
17995	5.247681	-2.162459	-8.388404	-0.322025	3.163562	-0.325587	-0.737842	-0.171925	0.652711	-0.415616	0.877675	-0.238642	-0.531839	-0.447357	-0.719040
17996	5.354951	-1.896413	-8.596729	-0.284117	3.604442	-0.331645	-0.716777	-0.158672	0.679010	-0.416503	0.878396	-0.234404	-0.559246	-0.450825	-0.695701
17997	5.101438	-2.041336	-8.965125	-0.245415	4.014435	-0.336262	-0.692239	-0.143498	0.707258	-0.417600	0.878934	-0.230402	-0.588571	-0.454844	-0.668357
17998	4.443165	-2.680641	-9.143557	-0.189942	4.348225	-0.344557	-0.664523	-0.126679	0.736452	-0.418814	0.879331	-0.226653	-0.618873	-0.459053	-0.637390
17999	4.050310	-3.249456	-9.485871	-0.025076	4.622613	-0.390915	-0.633480	-0.108809	0.766070	-0.421316	0.878929	-0.223556	-0.648996	-0.464376	-0.602627
18000	3.795492	-3.807345	-9.815658	0.250582	4.870487	-0.447603	-0.599243	-0.089970	0.795496	-0.425760	0.877307	-0.221499	-0.677965	-0.471422	-0.564025
