// General information: 
//  MT Manager version: 2022.2.0 
//  XDA version: 2022.2.0 build 7381 rev 124627 built on 2023-07-19
// Device information: 
//  DeviceId: 00B4CAF0
//  ProductCode: MTW2-3A7G6
//  Firmware Version: 4.6.0
//  Hardware Version: 2.0.0
// Device settings: 
//  Filter Profile: human(46.1)
//  Option Flags: Orientation Smoother Disabled, Position/Velocity Smoother Disabled, Continuous Zero Rotation Update Disabled, AHS Disabled, ICC Disabled
// Coordinate system: ENU
PacketCounter	Acc_X	Acc_Y	Acc_Z	Gyr_X	Gyr_Y	Gyr_Z	Mat[1][1]	Mat[2][1]	Mat[3][1]	Mat[1][2]	Mat[2][2]	Mat[3][2]	Mat[1][3]	Mat[2][3]	Mat[3][3]
05489	5.873799	1.073550	8.361183	0.003243	0.003073	0.002945	0.488326	0.661304	0.569399	-0.840910	0.530993	0.104480	-0.233254	-0.529833	0.815395
05490	5.861029	1.112411	8.295659	0.004553	0.001862	0.001568	0.488318	0.661313	0.569395	-0.840895	0.531034	0.104399	-0.233328	-0.529781	0.815408
05491	5.855168	1.094759	8.340822	0.003132	0.001783	0.003818	0.488291	0.661347	0.569379	-0.840914	0.531007	0.104378	-0.233315	-0.529766	0.815422
05492	5.881997	1.100661	8.293773	0.003132	0.001783	0.003818	0.488179	0.661374	0.569444	-0.841010	0.530841	0.104451	-0.233204	-0.529898	0.815367
05493	5.860779	1.112633	8.295806	0.002566	-0.000255	0.003392	0.488150	0.661394	0.569445	-0.841026	0.530820	0.104427	-0.233205	-0.529894	0.815370
05494	5.869553	1.123286	8.327551	0.007341	0.004186	0.003214	0.488307	0.661402	0.569301	-0.840949	0.530931	0.104484	-0.233154	-0.529773	0.815463
05495	5.836278	1.116261	8.320601	0.005121	0.003900	0.001994	0.488301	0.661437	0.569266	-0.840964	0.530906	0.104490	-0.233113	-0.529754	0.815487
05496	5.869492	1.081996	8.285069	-0.000743	0.003249	0.001802	0.488344	0.661442	0.569222	-0.840915	0.530999	0.104407	-0.233198	-0.529654	0.815528
05497	5.875230	1.083459	8.339516	0.004155	0.004570	0.005542	0.488309	0.661500	0.569185	-0.840946	0.530956	0.104384	-0.233162	-0.529625	0.815557
05498	5.856699	1.104339	8.319126	0.003133	0.001783	0.003818	0.488303	0.661519	0.569169	-0.840973	0.530901	0.104448	-0.233078	-0.529658	0.815559
05499	5.874826	1.083536	8.339791	0.003700	0.003821	0.004244	0.488277	0.661565	0.569137	-0.840995	0.530869	0.104429	-0.233050	-0.529632	0.815584
05500	5.868096	1.123774	8.328512	0.003133	0.001783	0.003818	0.488142	0.661587	0.569228	-0.841099	0.530693	0.104486	-0.232959	-0.529781	0.815513
05501	5.856184	1.104722	8.319437	0.005975	0.001940	-0.000681	0.488153	0.661597	0.569206	-0.841103	0.530680	0.104514	-0.232920	-0.529780	0.815525
05502	5.834793	1.116793	8.321571	0.000058	0.003457	0.005272	0.488236	0.661612	0.569118	-0.841079	0.530703	0.104594	-0.232832	-0.529740	0.815576
05503	5.831599	1.107863	8.344348	0.006033	0.005397	0.004592	0.488212	0.661668	0.569073	-0.841109	0.530656	0.104593	-0.232776	-0.529716	0.815608
05504	5.846560	1.094445	8.288245	0.003478	0.001242	0.005990	0.488107	0.661706	0.569120	-0.841171	0.530565	0.104554	-0.232771	-0.529761	0.815580
05505	5.858249	1.113896	8.297423	0.004555	0.001861	0.001569	0.488100	0.661728	0.569101	-0.841183	0.530546	0.104559	-0.232745	-0.529753	0.815593
05506	5.855346	1.105229	8.319960	0.004331	-0.000718	0.003315	0.488062	0.661727	0.569133	-0.841226	0.530463	0.104630	-0.232668	-0.529835	0.815561
05507	5.855341	1.105331	8.319950	0.003134	0.001783	0.003818	0.488035	0.661761	0.569117	-0.841246	0.530436	0.104610	-0.232653	-0.529821	0.815575
05508	5.852350	1.096477	8.342574	0.003134	0.001783	0.003818	0.488107	0.661774	0.569040	-0.841208	0.530494	0.104619	-0.232638	-0.529746	0.815627
05509	5.885353	1.103851	8.349675	0.002454	-0.001544	0.004266	0.488069	0.661792	0.569051	-0.841228	0.530468	0.104591	-0.232646	-0.529750	0.815623
05510	5.855148	1.105526	8.320060	0.005235	0.005188	0.001121	0.488054	0.661815	0.569038	-0.841271	0.530379	0.104691	-0.232520	-0.529810	0.815620
05511	5.876146	1.093869	8.318152	0.007010	0.000316	0.005835	0.488008	0.661851	0.569036	-0.841310	0.530319	0.104692	-0.232480	-0.529826	0.815621
05512	5.866723	1.125385	8.329262	0.004900	0.001320	0.003741	0.488069	0.661859	0.568973	-0.841280	0.530360	0.104713	-0.232455	-0.529773	0.815662
05513	5.854929	1.106004	8.320150	0.001601	0.000416	0.006941	0.488014	0.661902	0.568971	-0.841311	0.530321	0.104664	-0.232460	-0.529759	0.815670
05514	5.857743	1.114676	8.297675	0.001825	0.002995	0.005195	0.487902	0.661938	0.569025	-0.841346	0.530296	0.104513	-0.232571	-0.529739	0.815651
05515	5.851874	1.096820	8.342863	0.003023	0.000494	0.004692	0.487865	0.661969	0.569021	-0.841369	0.530264	0.104487	-0.232564	-0.529732	0.815658
05516	5.864093	1.074387	8.309235	0.003591	0.002532	0.005117	0.487869	0.661983	0.569001	-0.841387	0.530223	0.104549	-0.232488	-0.529756	0.815664
05517	5.851714	1.096923	8.342962	0.004444	0.000571	0.002443	0.487852	0.662003	0.568993	-0.841403	0.530199	0.104548	-0.232468	-0.529756	0.815669
05518	5.863465	1.116400	8.352091	0.005701	0.001528	0.007212	0.487943	0.662024	0.568890	-0.841368	0.530245	0.104598	-0.232404	-0.529683	0.815735
05519	5.854422	1.105886	8.320523	-0.000741	0.003250	0.001801	0.487937	0.662055	0.568859	-0.841368	0.530252	0.104559	-0.232415	-0.529638	0.815762
05520	5.851417	1.097056	8.343152	0.003988	-0.000178	0.001144	0.487872	0.662056	0.568913	-0.841421	0.530159	0.104605	-0.232360	-0.529729	0.815718
05521	5.866093	1.125373	8.329707	0.003479	0.001242	0.005991	0.487827	0.662098	0.568903	-0.841452	0.530116	0.104576	-0.232345	-0.529720	0.815729
05522	5.854293	1.105995	8.320599	0.003023	0.000493	0.004692	0.487745	0.662126	0.568941	-0.841497	0.530052	0.104536	-0.232353	-0.529749	0.815707
05523	5.860244	1.107584	8.374870	0.003135	0.001783	0.003819	0.487719	0.662159	0.568925	-0.841516	0.530026	0.104517	-0.232338	-0.529734	0.815721
05524	5.863449	1.074740	8.309644	0.003704	0.003821	0.004244	0.487729	0.662185	0.568886	-0.841506	0.530048	0.104480	-0.232351	-0.529679	0.815753
05525	5.865740	1.125423	8.329949	0.002567	-0.000255	0.003394	0.487702	0.662205	0.568886	-0.841522	0.530027	0.104459	-0.232351	-0.529675	0.815756
05526	5.872171	1.085369	8.341423	0.005013	0.002608	0.002868	0.487736	0.662224	0.568835	-0.841503	0.530060	0.104446	-0.232350	-0.529619	0.815793
05527	5.865958	1.083822	8.287333	-0.000740	0.003251	0.001801	0.487730	0.662254	0.568805	-0.841503	0.530068	0.104406	-0.232361	-0.529573	0.815819
05528	5.826531	1.100504	8.368221	0.004901	0.001319	0.003742	0.487753	0.662250	0.568790	-0.841497	0.530072	0.104435	-0.232338	-0.529574	0.815825
05529	5.886234	1.113707	8.328408	0.002051	0.005573	0.003447	0.487739	0.662301	0.568742	-0.841511	0.530054	0.104409	-0.232314	-0.529528	0.815862
05530	5.840689	1.128721	8.355153	0.001370	0.002246	0.003896	0.487790	0.662308	0.568691	-0.841465	0.530139	0.104351	-0.232373	-0.529435	0.815905
05531	5.852853	1.106240	8.321580	0.003136	0.001782	0.003819	0.487764	0.662341	0.568674	-0.841484	0.530113	0.104331	-0.232359	-0.529419	0.815919
05532	5.840853	1.086879	8.312609	0.001939	0.004284	0.004321	0.487670	0.662384	0.568705	-0.841535	0.530045	0.104268	-0.232373	-0.529433	0.815906
05533	5.864680	1.083701	8.288253	0.004049	0.003280	0.006417	0.487626	0.662439	0.568679	-0.841568	0.529997	0.104241	-0.232344	-0.529413	0.815928
05534	5.864209	1.125591	8.331004	0.005986	-0.002473	0.004114	0.487759	0.662413	0.568595	-0.841500	0.530091	0.104311	-0.232310	-0.529351	0.815977
05535	5.849564	1.097462	8.344399	0.001370	0.002246	0.003896	0.487735	0.662449	0.568574	-0.841515	0.530074	0.104277	-0.232309	-0.529323	0.815996
05536	5.872962	1.135977	8.362789	0.002284	0.003744	0.006494	0.487688	0.662483	0.568575	-0.841584	0.529944	0.104387	-0.232158	-0.529411	0.815982
05537	5.852152	1.106139	8.322086	0.002223	0.000285	0.001222	0.487681	0.662494	0.568567	-0.841588	0.529940	0.104375	-0.232158	-0.529401	0.815989
05538	5.846377	1.088347	8.367188	0.001146	-0.000332	0.005644	0.487822	0.662495	0.568445	-0.841513	0.530052	0.104411	-0.232134	-0.529288	0.816069
05539	5.870446	1.085183	8.342661	0.005359	0.002066	0.005041	0.487788	0.662536	0.568427	-0.841542	0.530006	0.104404	-0.232098	-0.529282	0.816083
05540	5.840293	1.086817	8.313011	0.002680	0.001033	0.002521	0.487935	0.662536	0.568301	-0.841466	0.530117	0.104451	-0.232063	-0.529171	0.816164
05541	5.887815	1.122366	8.306813	0.001484	0.003535	0.003022	0.487922	0.662574	0.568267	-0.841477	0.530106	0.104424	-0.232053	-0.529135	0.816191
05542	5.837030	1.077814	8.335838	0.002172	0.002455	0.007368	0.487870	0.662602	0.568279	-0.841522	0.530031	0.104445	-0.232000	-0.529175	0.816180
05543	5.872866	1.094024	8.320447	0.003989	-0.000180	0.001145	0.487864	0.662611	0.568274	-0.841529	0.530019	0.104449	-0.231987	-0.529176	0.816183
05544	5.863271	1.125445	8.331684	0.002511	0.006322	0.004746	0.487826	0.662651	0.568259	-0.841550	0.529993	0.104406	-0.231989	-0.529150	0.816199
05545	5.860353	1.074845	8.311815	0.003933	0.006397	0.002497	0.487824	0.662702	0.568202	-0.841564	0.529973	0.104402	-0.231944	-0.529108	0.816239
05546	5.847760	1.097420	8.345668	0.003137	0.001782	0.003820	0.487892	0.662713	0.568130	-0.841535	0.530011	0.104435	-0.231905	-0.529055	0.816285
05547	5.868786	1.085570	8.343778	0.005016	0.002606	0.002869	0.487878	0.662746	0.568104	-0.841553	0.529983	0.104438	-0.231870	-0.529043	0.816303
05548	5.865044	1.134785	8.309860	0.003250	0.003071	0.002946	0.487801	0.662779	0.568132	-0.841580	0.529958	0.104340	-0.231932	-0.529026	0.816296
05549	5.850106	1.106896	8.323424	0.006438	0.002681	0.000620	0.487806	0.662800	0.568103	-0.841590	0.529937	0.104367	-0.231884	-0.529021	0.816313
05550	5.849771	1.107043	8.323639	0.003313	0.006531	0.008217	0.487776	0.662859	0.568061	-0.841616	0.529902	0.104336	-0.231856	-0.528982	0.816346
05551	5.837756	1.087742	8.314672	0.003989	-0.000181	0.001146	0.487770	0.662868	0.568056	-0.841623	0.529890	0.104340	-0.231843	-0.528983	0.816349
05552	5.849368	1.107334	8.323884	0.003020	0.004899	-0.000101	0.487851	0.662872	0.567980	-0.841600	0.529910	0.104427	-0.231757	-0.528957	0.816390
05553	5.867336	1.086612	8.344663	0.003595	0.002531	0.005119	0.487818	0.662916	0.567957	-0.841625	0.529874	0.104406	-0.231734	-0.528938	0.816409
05554	5.861043	1.085130	8.290639	0.006158	0.006681	0.003719	0.487796	0.662944	0.567944	-0.841669	0.529789	0.104485	-0.231622	-0.528988	0.816408
05555	5.857623	1.076649	8.313505	0.007924	0.006216	0.003643	0.487784	0.663000	0.567889	-0.841697	0.529740	0.104508	-0.231545	-0.528968	0.816443
05556	5.845008	1.099626	8.347306	0.005982	0.001931	-0.000678	0.487729	0.662974	0.567966	-0.841755	0.529626	0.104619	-0.231450	-0.529114	0.816376
05557	5.859914	1.086621	8.291242	0.008889	0.005541	0.000096	0.487746	0.663007	0.567914	-0.841768	0.529595	0.104670	-0.231367	-0.529104	0.816406
05558	5.880105	1.116955	8.332302	0.006159	0.006681	0.003719	0.487812	0.663029	0.567832	-0.841768	0.529571	0.104790	-0.231229	-0.529100	0.816447
05559	5.846724	1.109927	8.325396	0.005131	0.003894	0.001996	0.487808	0.663063	0.567795	-0.841782	0.529547	0.104800	-0.231185	-0.529081	0.816472
05560	5.870506	1.107201	8.301041	0.006553	0.003968	-0.000253	0.487997	0.663051	0.567647	-0.841713	0.529623	0.104970	-0.231038	-0.529021	0.816553
05561	5.858546	1.088334	8.291983	0.006213	0.000103	0.002371	0.487982	0.663067	0.567641	-0.841731	0.529591	0.104987	-0.231004	-0.529032	0.816555
05562	5.816025	1.113047	8.295921	0.012423	0.004610	-0.000055	0.487972	0.663058	0.567659	-0.841771	0.529502	0.105117	-0.230878	-0.529133	0.816525
05563	5.899999	1.107556	8.330903	0.006671	0.000852	0.003670	0.487948	0.663085	0.567648	-0.841796	0.529459	0.105130	-0.230836	-0.529142	0.816531
05564	5.833491	1.134925	8.359340	0.003138	0.001782	0.003821	0.487943	0.663110	0.567624	-0.841788	0.529485	0.105065	-0.230879	-0.529085	0.816556
05565	5.848643	1.121767	8.303137	0.011282	0.000534	-0.000903	0.487957	0.663111	0.567611	-0.841801	0.529448	0.105142	-0.230800	-0.529121	0.816555
05566	5.860905	1.083761	8.368910	0.003596	0.002532	0.005119	0.487974	0.663132	0.567571	-0.841791	0.529470	0.105121	-0.230803	-0.529072	0.816586
05567	5.854880	1.082457	8.314683	0.009860	0.000460	0.001346	0.487969	0.663145	0.567561	-0.841812	0.529425	0.105174	-0.230736	-0.529101	0.816586
05568	5.854506	1.124753	8.357253	0.003763	-0.002758	0.002897	0.487977	0.663122	0.567580	-0.841820	0.529398	0.105242	-0.230688	-0.529156	0.816564
05569	5.845731	1.114668	8.325460	0.010318	0.001209	0.002645	0.487963	0.663146	0.567565	-0.841849	0.529343	0.105291	-0.230613	-0.529182	0.816568
05570	5.878814	1.122553	8.332461	0.007753	-0.002939	0.004046	0.487954	0.663124	0.567598	-0.841867	0.529301	0.105356	-0.230566	-0.529251	0.816537
05571	5.852443	1.075467	8.336668	0.005757	-0.000647	0.001073	0.487949	0.663129	0.567597	-0.841877	0.529281	0.105377	-0.230539	-0.529266	0.816535
05572	5.945246	1.096205	8.303950	0.007471	0.005466	0.002344	0.488004	0.663118	0.567561	-0.841879	0.529252	0.105510	-0.230417	-0.529307	0.816543
05573	5.743052	1.085593	8.326916	0.002461	0.017304	0.001291	0.488039	0.663219	0.567413	-0.841882	0.529247	0.105504	-0.230330	-0.529185	0.816646
05574	5.769384	1.133391	8.322637	0.007234	-0.011555	0.002277	0.488078	0.663131	0.567484	-0.841870	0.529242	0.105627	-0.230292	-0.529302	0.816581
05575	5.965186	1.085564	8.302712	0.012604	0.013761	-0.000459	0.488119	0.663204	0.567363	-0.841889	0.529195	0.105714	-0.230136	-0.529257	0.816654
05576	5.775471	1.094851	8.334202	0.010602	-0.007196	0.004349	0.488080	0.663164	0.567442	-0.841902	0.529175	0.105712	-0.230171	-0.529327	0.816599
05577	5.838077	1.159005	8.314209	0.004791	0.004432	-0.000178	0.488098	0.663190	0.567398	-0.841904	0.529168	0.105733	-0.230127	-0.529302	0.816628
05578	5.847250	1.128157	8.303253	0.010664	0.000670	0.004820	0.487972	0.663201	0.567492	-0.841997	0.529009	0.105785	-0.230051	-0.529447	0.816555
05579	5.826650	1.082900	8.361814	0.005758	-0.000647	0.001074	0.487967	0.663206	0.567490	-0.842008	0.528988	0.105807	-0.230024	-0.529462	0.816553
05580	5.856739	1.097675	8.292029	0.006102	-0.001185	0.003248	0.487967	0.663190	0.567510	-0.842040	0.528909	0.105938	-0.229904	-0.529560	0.816523
05581	5.850400	1.122211	8.379803	0.004907	0.001318	0.003746	0.487944	0.663219	0.567495	-0.842062	0.528875	0.105938	-0.229874	-0.529558	0.816533
05582	5.865817	1.108876	8.323453	0.008606	-0.004905	0.001377	0.487976	0.663166	0.567530	-0.842060	0.528856	0.106050	-0.229813	-0.529644	0.816494
05583	5.865931	1.109375	8.323306	0.007246	0.002889	0.004094	0.487954	0.663205	0.567503	-0.842089	0.528807	0.106067	-0.229755	-0.529644	0.816511
05584	5.851069	1.081784	8.336815	0.009865	0.000458	0.001348	0.488022	0.663190	0.567462	-0.842093	0.528766	0.106241	-0.229596	-0.529703	0.816517
05585	5.856432	1.141900	8.334254	0.005873	0.000640	0.000199	0.488028	0.663197	0.567449	-0.842099	0.528750	0.106270	-0.229561	-0.529711	0.816522
05586	5.875018	1.079794	8.312258	0.010437	0.002495	0.001771	0.488044	0.663180	0.567455	-0.842133	0.528660	0.106443	-0.229400	-0.529821	0.816496
05587	5.835568	1.113274	8.293482	0.007984	-0.000364	0.002298	0.488030	0.663193	0.567452	-0.842155	0.528619	0.106477	-0.229351	-0.529847	0.816493
05588	5.850861	1.084303	8.336634	0.009866	0.000457	0.001348	0.488182	0.663170	0.567348	-0.842101	0.528672	0.106636	-0.229223	-0.529823	0.816544
05589	5.844492	1.125374	8.324890	0.012942	-0.001225	-0.000099	0.488187	0.663165	0.567350	-0.842122	0.528620	0.106725	-0.229136	-0.529880	0.816532
05590	5.853722	1.094884	8.313871	0.008785	0.004248	0.000970	0.488240	0.663145	0.567327	-0.842127	0.528584	0.106874	-0.229007	-0.529941	0.816528
05591	5.865335	1.115066	8.322966	0.011290	0.000528	-0.000899	0.488256	0.663146	0.567313	-0.842140	0.528546	0.106954	-0.228925	-0.529978	0.816527
05592	5.826457	1.091317	8.360854	0.014825	-0.000404	-0.001048	0.488399	0.663106	0.567236	-0.842127	0.528507	0.107254	-0.228668	-0.530067	0.816541
05593	5.870751	1.134504	8.277870	0.002975	0.011475	0.001235	0.488422	0.663175	0.567135	-0.842131	0.528499	0.107255	-0.228602	-0.529988	0.816611
05594	5.856971	1.007215	8.305528	0.008316	-0.010948	-0.002133	0.488500	0.663048	0.567217	-0.842104	0.528504	0.107443	-0.228537	-0.530142	0.816529
05595	5.939356	1.143796	8.369000	0.014724	0.017152	-0.003169	0.488573	0.663124	0.567065	-0.842114	0.528464	0.107566	-0.228344	-0.530087	0.816619
05596	5.833949	1.105637	8.392968	0.013339	-0.003944	-0.004064	0.488673	0.663018	0.567104	-0.842104	0.528422	0.107846	-0.228167	-0.530262	0.816555
05597	5.914089	1.108095	8.351652	0.018668	0.027946	-0.005483	0.488790	0.663139	0.566861	-0.842112	0.528376	0.108014	-0.227887	-0.530156	0.816702
05598	5.867481	1.140919	8.279307	0.015682	0.002024	-0.008516	0.489077	0.663076	0.566687	-0.842010	0.528472	0.108333	-0.227645	-0.530139	0.816780
05599	5.824478	1.108965	8.340531	0.013534	0.024050	-0.007477	0.489203	0.663166	0.566473	-0.841996	0.528467	0.108471	-0.227428	-0.530032	0.816910
05600	5.859018	1.126685	8.325850	0.015519	0.007316	-0.006299	0.489348	0.663135	0.566384	-0.841969	0.528459	0.108718	-0.227216	-0.530078	0.816939
05601	5.813165	1.101431	8.310204	0.012963	0.017616	-0.003095	0.489423	0.663214	0.566227	-0.841974	0.528428	0.108827	-0.227034	-0.530011	0.817033
05602	5.859129	1.180272	8.347064	0.014784	0.010570	-0.004505	0.489585	0.663187	0.566118	-0.841943	0.528423	0.109092	-0.226801	-0.530049	0.817074
05603	5.824900	1.158683	8.439973	0.012508	0.016864	-0.004393	0.489668	0.663255	0.565966	-0.841941	0.528402	0.109206	-0.226626	-0.529984	0.817164
05604	5.863127	1.158753	8.260635	0.019011	0.012961	-0.005104	0.489849	0.663231	0.565838	-0.841926	0.528353	0.109566	-0.226295	-0.530065	0.817204
05605	5.862092	1.102971	8.318339	0.016967	0.021827	-0.006746	0.489964	0.663312	0.565643	-0.841922	0.528324	0.109730	-0.226057	-0.529991	0.817317
05606	5.779390	1.103439	8.360919	0.011082	0.012400	0.002660	0.490164	0.663353	0.565422	-0.841892	0.528312	0.110019	-0.225738	-0.529952	0.817431
05607	5.819650	1.180130	8.343425	0.013138	0.012320	-0.005306	0.490246	0.663392	0.565306	-0.841887	0.528294	0.110145	-0.225578	-0.529921	0.817495
05608	5.807554	1.119968	8.292301	0.013591	0.008679	0.000798	0.490286	0.663333	0.565340	-0.841923	0.528178	0.110421	-0.225354	-0.530111	0.817434
05609	5.797516	1.152095	8.303542	0.005828	0.007219	0.001541	0.490299	0.663381	0.565273	-0.841936	0.528153	0.110449	-0.225281	-0.530076	0.817476
05610	5.785052	1.174927	8.337071	0.004446	-0.003820	0.007258	0.490458	0.663323	0.565202	-0.841903	0.528146	0.110734	-0.225057	-0.530156	0.817487
05611	5.794868	1.143504	8.325893	0.003989	-0.004572	0.005960	0.490408	0.663331	0.565236	-0.841932	0.528101	0.110723	-0.225055	-0.530190	0.817465
05612	5.795372	1.143260	8.325576	0.000678	-0.005460	0.009156	0.490430	0.663287	0.565269	-0.841937	0.528070	0.110832	-0.224988	-0.530276	0.817427
05613	5.859752	1.106866	8.319470	0.002039	-0.013258	0.006452	0.490356	0.663252	0.565374	-0.841965	0.528032	0.110803	-0.225045	-0.530358	0.817359
05614	5.869535	1.117176	8.350471	-0.000352	-0.008250	0.007437	0.490464	0.663181	0.565363	-0.841938	0.528031	0.111009	-0.224911	-0.530447	0.817338
05615	5.942184	1.091344	8.376379	-0.000054	0.002187	0.006140	0.490428	0.663226	0.565342	-0.841960	0.528006	0.110965	-0.224909	-0.530415	0.817359
05616	5.882465	1.094361	8.316594	0.009008	-0.007626	-0.002570	0.490547	0.663136	0.565345	-0.841928	0.528008	0.111196	-0.224769	-0.530527	0.817325
05617	5.894264	1.114440	8.325529	0.008056	0.007503	0.002765	0.490551	0.663191	0.565276	-0.841951	0.527963	0.111238	-0.224673	-0.530503	0.817367
05618	5.821942	1.083098	8.356583	0.011533	0.003096	-0.002642	0.490729	0.663137	0.565186	-0.841905	0.527979	0.111512	-0.224458	-0.530555	0.817392
05619	5.830369	1.095010	8.388325	0.013533	0.005201	-0.004468	0.490789	0.663142	0.565127	-0.841905	0.527952	0.111641	-0.224326	-0.530575	0.817415
05620	5.847775	1.133435	8.352161	0.018268	0.001764	-0.005102	0.491058	0.663073	0.564974	-0.841835	0.527976	0.112047	-0.223998	-0.530637	0.817465
05621	5.853371	1.152651	8.306952	0.017189	0.005553	-0.005488	0.491129	0.663074	0.564911	-0.841838	0.527937	0.112212	-0.223832	-0.530674	0.817486
05622	5.880068	1.144035	8.359370	0.010505	0.000306	-0.004358	0.491320	0.662971	0.564866	-0.841774	0.527977	0.112500	-0.223652	-0.530763	0.817478
05623	5.837903	1.127114	8.320684	0.010571	0.008171	-0.003905	0.491384	0.662995	0.564783	-0.841770	0.527962	0.112603	-0.223529	-0.530748	0.817521
05624	5.884603	1.205684	8.356926	0.009194	0.001524	-0.002989	0.491542	0.662896	0.564762	-0.841716	0.527997	0.112847	-0.223386	-0.530838	0.817502
05625	5.785394	1.184350	8.335500	0.004118	0.005494	-0.004531	0.491605	0.662902	0.564700	-0.841694	0.528020	0.112901	-0.223330	-0.530807	0.817537
05626	5.854504	1.166327	8.284950	0.005656	0.002457	-0.002846	0.491765	0.662879	0.564587	-0.841646	0.528053	0.113104	-0.223158	-0.530803	0.817588
05627	5.848307	1.149244	8.330296	-0.001995	0.002285	-0.002982	0.491808	0.662876	0.564553	-0.841618	0.528098	0.113100	-0.223168	-0.530761	0.817612
05628	5.836233	1.129750	8.321498	-0.002850	0.004256	-0.000316	0.492015	0.662824	0.564434	-0.841527	0.528205	0.113276	-0.223054	-0.530720	0.817669
05629	5.877976	1.147878	8.360314	0.002051	-0.004476	-0.003157	0.492045	0.662784	0.564454	-0.841507	0.528230	0.113307	-0.223064	-0.530744	0.817651
05630	5.865789	1.128646	8.351561	-0.003467	0.013187	-0.004213	0.492310	0.662767	0.564244	-0.841399	0.528357	0.113518	-0.222886	-0.530640	0.817767
05631	5.817236	1.093258	8.358538	0.000921	0.005894	-0.002213	0.492356	0.662787	0.564180	-0.841381	0.528382	0.113535	-0.222853	-0.530590	0.817809
05632	5.822198	1.168473	8.256682	0.003263	0.007466	-0.001864	0.492585	0.662724	0.564054	-0.841292	0.528472	0.113777	-0.222684	-0.530579	0.817862
05633	5.709854	1.211096	8.311380	-0.007303	0.003683	-0.002770	0.492631	0.662730	0.564007	-0.841253	0.528544	0.113730	-0.222731	-0.530500	0.817900
05634	5.836460	1.180581	8.342871	-0.007716	-0.008038	-0.000590	0.492944	0.662555	0.563939	-0.841093	0.528739	0.114007	-0.222640	-0.530525	0.817909
05635	5.816130	1.149826	8.302145	-0.008846	0.002331	0.000355	0.492961	0.662570	0.563907	-0.841066	0.528798	0.113932	-0.222705	-0.530447	0.817942
05636	5.834555	1.128167	8.322890	-0.013139	-0.007925	0.000500	0.493197	0.662341	0.563969	-0.840900	0.529034	0.114064	-0.222810	-0.530498	0.817880
05637	5.804686	1.170606	8.335220	-0.009600	-0.008858	0.000358	0.493190	0.662296	0.564028	-0.840871	0.529097	0.113984	-0.222935	-0.530491	0.817851
05638	5.823926	1.148533	8.355451	-0.020053	-0.015746	0.003384	0.493341	0.662139	0.564081	-0.840743	0.529296	0.114000	-0.223082	-0.530488	0.817812
05639	5.831130	1.164609	8.309554	-0.008176	-0.013182	0.002919	0.493303	0.662084	0.564178	-0.840730	0.529335	0.113918	-0.223216	-0.530518	0.817756
05640	5.832363	1.163309	8.308870	-0.017824	-0.015461	0.004612	0.493441	0.661890	0.564284	-0.840599	0.529541	0.113929	-0.223403	-0.530554	0.817682
05641	5.809488	1.164734	8.332696	-0.018676	-0.013491	0.007280	0.493366	0.661857	0.564389	-0.840584	0.529607	0.113737	-0.223627	-0.530530	0.817636
05642	5.823312	1.140190	8.298438	-0.016397	-0.019786	0.007172	0.493507	0.661660	0.564496	-0.840457	0.529799	0.113775	-0.223789	-0.530584	0.817557
05643	5.854916	1.136841	8.327355	-0.021586	-0.017102	0.006513	0.493431	0.661604	0.564629	-0.840432	0.529885	0.113564	-0.224054	-0.530568	0.817494
05644	5.793525	1.128992	8.289569	-0.014509	-0.018968	0.006224	0.493536	0.661431	0.564740	-0.840326	0.530051	0.113572	-0.224221	-0.530618	0.817417
05645	5.822318	1.116848	8.340987	-0.024151	-0.021247	0.007921	0.493439	0.661360	0.564908	-0.840301	0.530142	0.113333	-0.224528	-0.530616	0.817334
05646	5.865567	1.190326	8.321833	-0.014848	-0.022829	0.008855	0.493591	0.661166	0.565002	-0.840176	0.530326	0.113397	-0.224661	-0.530673	0.817260
05647	5.850442	1.109551	8.314235	-0.016385	-0.024185	0.011981	0.493453	0.661101	0.565199	-0.840188	0.530348	0.113199	-0.224916	-0.530732	0.817151
05648	5.852431	1.107398	8.313123	-0.019689	-0.020680	0.010376	0.493458	0.660935	0.565388	-0.840105	0.530509	0.113064	-0.225216	-0.530778	0.817039
05649	5.887210	1.112782	8.319249	-0.011584	-0.019758	0.011800	0.493332	0.660892	0.565548	-0.840128	0.530507	0.112907	-0.225408	-0.530833	0.816950
05650	5.868177	1.065267	8.377117	-0.018884	-0.016070	0.009046	0.493448	0.660779	0.565580	-0.840023	0.530677	0.112888	-0.225547	-0.530805	0.816930
05651	5.878691	1.090057	8.308321	-0.005770	-0.022592	0.006734	0.493358	0.660694	0.565757	-0.840033	0.530678	0.112808	-0.225704	-0.530909	0.816819
05652	5.913202	1.096372	8.314491	-0.009126	-0.012505	0.006468	0.493557	0.660447	0.565872	-0.839867	0.530926	0.112876	-0.225888	-0.530968	0.816730
05653	5.890205	1.098680	8.338362	-0.005476	-0.012152	0.005443	0.493502	0.660411	0.565962	-0.839872	0.530934	0.112806	-0.225990	-0.531005	0.816677
05654	5.891083	1.097918	8.337842	-0.006903	-0.007824	0.002888	0.493663	0.660259	0.565999	-0.839748	0.531117	0.112858	-0.226096	-0.531011	0.816644
05655	5.901001	1.065657	8.326571	-0.007293	-0.005105	0.006856	0.493612	0.660267	0.566033	-0.839756	0.531125	0.112766	-0.226179	-0.530993	0.816633
05656	5.856384	1.080298	8.352672	-0.004171	-0.008971	-0.000733	0.493731	0.660133	0.566087	-0.839661	0.531266	0.112810	-0.226273	-0.531019	0.816590
05657	5.902204	1.064605	8.325853	-0.007479	-0.005463	-0.002337	0.493757	0.660091	0.566113	-0.839623	0.531335	0.112768	-0.226359	-0.531002	0.816578
05658	5.902415	1.064375	8.325733	-0.003031	-0.000497	-0.004695	0.493885	0.660030	0.566073	-0.839546	0.531443	0.112832	-0.226363	-0.530970	0.816597
05659	5.862618	1.139265	8.349597	-0.001263	-0.000964	-0.004770	0.493942	0.659998	0.566060	-0.839509	0.531496	0.112855	-0.226374	-0.530956	0.816603
05660	5.841949	1.109409	8.308862	-0.003144	-0.001785	-0.003818	0.494084	0.659927	0.566019	-0.839425	0.531612	0.112931	-0.226377	-0.530928	0.816620
05661	5.856829	1.137512	8.295221	-0.003603	-0.002535	-0.005116	0.494140	0.659885	0.566018	-0.839382	0.531680	0.112937	-0.226415	-0.530912	0.816620
05662	5.875249	1.116460	8.315784	-0.006447	-0.002676	-0.000617	0.494182	0.659853	0.566019	-0.839342	0.531747	0.112917	-0.226470	-0.530885	0.816622
05663	5.824162	1.129200	8.288025	-0.011291	-0.000526	0.000906	0.494193	0.659854	0.566009	-0.839311	0.531815	0.112826	-0.226563	-0.530815	0.816642
05664	5.833719	1.096701	8.277031	-0.016886	-0.005169	-0.002382	0.494281	0.659756	0.566047	-0.839206	0.532000	0.112736	-0.226759	-0.530753	0.816628
05665	5.849318	1.107830	8.362574	-0.014262	-0.012003	-0.000325	0.494276	0.659689	0.566129	-0.839162	0.532092	0.112628	-0.226933	-0.530743	0.816586
05666	5.847362	1.113243	8.285175	-0.024354	-0.015034	0.000086	0.494359	0.659505	0.566271	-0.839024	0.532341	0.112486	-0.227264	-0.530723	0.816508
05667	5.896353	1.146801	8.278103	-0.020358	-0.015218	0.001233	0.494334	0.659430	0.566380	-0.838973	0.532455	0.112320	-0.227505	-0.530701	0.816454
05668	5.831716	1.129820	8.263283	-0.033522	-0.016568	0.003095	0.494299	0.659331	0.566526	-0.838888	0.532650	0.112033	-0.227893	-0.530630	0.816393
05669	5.869498	1.085320	8.303997	-0.031067	-0.013710	0.002567	0.494266	0.659270	0.566625	-0.838820	0.532812	0.111772	-0.228217	-0.530541	0.816360
05670	5.786476	1.130562	8.311148	-0.030083	-0.023194	0.008621	0.494189	0.659149	0.566833	-0.838757	0.532968	0.111496	-0.228612	-0.530536	0.816253
05671	5.866812	1.119520	8.290613	-0.035559	-0.026550	0.004460	0.494111	0.659030	0.567039	-0.838688	0.533142	0.111188	-0.229037	-0.530508	0.816152
05672	5.896545	1.063912	8.299053	-0.038167	-0.024121	0.007213	0.494055	0.658902	0.567238	-0.838597	0.533351	0.110866	-0.229487	-0.530458	0.816058
05673	5.849772	1.124549	8.290650	-0.039703	-0.021080	0.005543	0.493980	0.658818	0.567400	-0.838523	0.533540	0.110518	-0.229920	-0.530372	0.815992
05674	5.785729	1.148079	8.318157	-0.039630	-0.032068	0.008996	0.493861	0.658660	0.567687	-0.838449	0.533732	0.110148	-0.230443	-0.530374	0.815843
05675	5.843665	1.097450	8.278557	-0.045256	-0.048988	0.010036	0.493684	0.658452	0.568082	-0.838384	0.533921	0.109729	-0.231059	-0.530442	0.815624
05676	5.917320	1.016657	8.281768	-0.048714	-0.040192	0.010674	0.493525	0.658269	0.568432	-0.838303	0.534142	0.109274	-0.231692	-0.530448	0.815441
05677	5.827725	1.034021	8.355667	-0.038919	-0.043200	0.006731	0.493389	0.658074	0.568776	-0.838235	0.534319	0.108926	-0.232227	-0.530511	0.815248
05678	5.906921	1.071568	8.299236	-0.038614	-0.066064	0.006601	0.493211	0.657727	0.569331	-0.838152	0.534520	0.108580	-0.232903	-0.530739	0.814906
05679	5.942462	1.024828	8.282731	-0.037827	-0.057039	0.000488	0.493094	0.657425	0.569781	-0.838056	0.534732	0.108276	-0.233497	-0.530899	0.814632
05680	5.880390	1.048629	8.309043	-0.041454	-0.042952	0.003364	0.493008	0.657172	0.570147	-0.837941	0.534982	0.107931	-0.234089	-0.530961	0.814422
05681	5.752914	1.016445	8.278266	-0.033127	-0.068355	-0.000656	0.492873	0.656804	0.570688	-0.837850	0.535177	0.107673	-0.234699	-0.531220	0.814078
05682	5.839606	1.098308	8.317682	-0.027512	-0.078174	0.000794	0.492717	0.656357	0.571337	-0.837761	0.535360	0.107452	-0.235344	-0.531587	0.813651
05683	5.760482	0.993744	8.314848	-0.029241	-0.092169	-0.000951	0.492527	0.655860	0.572070	-0.837677	0.535537	0.107227	-0.236039	-0.532022	0.813165
05684	5.777446	1.018058	8.241425	-0.031322	-0.117915	-0.000552	0.492282	0.655201	0.573035	-0.837577	0.535743	0.106982	-0.236905	-0.532626	0.812518
05685	5.854074	1.072002	8.290944	-0.019596	-0.136820	0.003630	0.491947	0.654490	0.574135	-0.837537	0.535838	0.106810	-0.237737	-0.533404	0.811764
05686	5.958340	1.090852	8.249152	-0.011844	-0.143250	0.002374	0.491617	0.653711	0.575304	-0.837497	0.535921	0.106710	-0.238560	-0.534276	0.810949
05687	6.003949	1.037549	8.304387	-0.037128	-0.130041	0.010707	0.491237	0.653072	0.576354	-0.837451	0.536064	0.106355	-0.239506	-0.534913	0.810250
05688	5.887165	1.122738	8.211206	-0.034599	-0.141658	0.008352	0.490854	0.652329	0.577520	-0.837385	0.536231	0.106030	-0.240517	-0.535652	0.809462
05689	6.035997	1.098357	8.263221	-0.046147	-0.159696	0.017184	0.490345	0.651564	0.578815	-0.837348	0.536381	0.105566	-0.241683	-0.536433	0.808597
05690	6.139858	1.072130	8.178056	-0.047689	-0.119861	0.019710	0.489911	0.650998	0.579818	-0.837308	0.536542	0.105064	-0.242701	-0.536958	0.807943
05691	6.013703	1.003296	8.289574	-0.048810	-0.107336	0.026875	0.489445	0.650564	0.580698	-0.837310	0.536645	0.104521	-0.243631	-0.537382	0.807382
05692	6.052163	1.054739	8.256281	-0.035586	-0.112577	0.023547	0.488999	0.650058	0.581640	-0.837316	0.536716	0.104102	-0.244503	-0.537922	0.806758
05693	6.082901	1.106121	8.169151	-0.017833	-0.091461	0.030209	0.488542	0.649726	0.582393	-0.837410	0.536631	0.103790	-0.245095	-0.538408	0.806254
05694	5.960908	1.016091	8.193068	-0.010631	-0.120130	0.032305	0.488006	0.649222	0.583405	-0.837517	0.536515	0.103523	-0.245797	-0.539131	0.805557
05695	6.067593	1.067043	8.271841	-0.018320	-0.093525	0.029820	0.487546	0.648876	0.584174	-0.837606	0.536436	0.103209	-0.246402	-0.539627	0.805040
05696	6.001374	0.981588	8.278019	-0.007066	-0.095159	0.022638	0.487146	0.648459	0.584970	-0.837679	0.536358	0.103023	-0.246947	-0.540205	0.804485
05697	6.109344	1.068014	8.213142	-0.011088	-0.086237	0.029059	0.486710	0.648147	0.585679	-0.837782	0.536245	0.102772	-0.247456	-0.540692	0.804002
05698	6.049280	0.983598	8.274303	-0.014007	-0.075383	0.030168	0.486301	0.647869	0.586325	-0.837869	0.536163	0.102491	-0.247965	-0.541105	0.803566
05699	6.003155	1.120225	8.108451	-0.010921	-0.082808	0.034351	0.485829	0.647603	0.587010	-0.837998	0.536015	0.102210	-0.248455	-0.541570	0.803102
05700	6.040815	1.047830	8.210986	-0.007891	-0.089381	0.045561	0.485252	0.647335	0.587781	-0.838177	0.535797	0.101886	-0.248977	-0.542106	0.802578
05701	6.013630	1.096640	8.143093	0.022922	-0.088435	0.054811	0.484593	0.647147	0.588532	-0.838489	0.535333	0.101756	-0.249209	-0.542788	0.802045
05702	5.985794	1.011853	8.232246	0.021909	-0.099124	0.052635	0.483928	0.646863	0.589391	-0.838777	0.534907	0.101623	-0.249533	-0.543546	0.801431
05703	6.064855	1.074924	8.258622	0.010920	-0.113697	0.043995	0.483296	0.646478	0.590331	-0.839006	0.534578	0.101460	-0.249987	-0.544327	0.800759
05704	6.051641	1.001594	8.168167	0.003899	-0.116715	0.057131	0.482552	0.646118	0.591333	-0.839268	0.534224	0.101158	-0.250544	-0.545102	0.800057
05705	6.129553	1.054890	8.216182	0.029253	-0.119143	0.062246	0.481751	0.645799	0.592334	-0.839631	0.533678	0.101032	-0.250869	-0.546015	0.799333
05706	6.076174	0.941864	7.999710	0.031005	-0.113041	0.063511	0.480963	0.645490	0.593310	-0.839991	0.533135	0.100911	-0.251177	-0.546909	0.798624
05707	6.055170	0.982156	8.216079	0.030492	-0.139645	0.054681	0.480173	0.645015	0.594465	-0.840320	0.532630	0.100838	-0.251588	-0.547960	0.797774
05708	5.988955	0.981602	8.250966	0.046487	-0.174225	0.050993	0.479333	0.644303	0.595915	-0.840658	0.532082	0.100910	-0.252059	-0.549330	0.796682
05709	6.188391	0.651951	8.287365	-0.033641	-0.153980	0.045446	0.478583	0.643696	0.597172	-0.840780	0.531989	0.100379	-0.253075	-0.550130	0.795808
05710	5.854141	0.793907	8.458388	0.112314	-0.170037	0.051360	0.477744	0.643007	0.598584	-0.841289	0.531072	0.100967	-0.252969	-0.551819	0.794672
05711	6.284914	0.972616	8.025202	0.087557	-0.238868	0.036555	0.476852	0.641879	0.600503	-0.841675	0.530369	0.101452	-0.253368	-0.553805	0.793161
05712	6.379285	1.034286	7.909402	0.054864	-0.187034	0.040554	0.476059	0.641033	0.602034	-0.841987	0.529837	0.101643	-0.253823	-0.555293	0.791974
05713	6.343878	0.991469	7.928607	0.048106	-0.165035	0.054243	0.475204	0.640400	0.603381	-0.842356	0.529237	0.101706	-0.254199	-0.556593	0.790941
05714	6.506898	0.957212	7.917671	0.051291	-0.143490	0.039159	0.474533	0.639782	0.604564	-0.842651	0.528734	0.101877	-0.254475	-0.557781	0.790015
05715	6.526148	1.037069	7.861837	0.074509	-0.083440	0.031533	0.474076	0.639481	0.605241	-0.842980	0.528132	0.102283	-0.254239	-0.558696	0.789444
05716	6.447275	0.878713	7.708201	-0.023889	-0.079641	0.038053	0.473580	0.639206	0.605919	-0.843075	0.528060	0.101869	-0.254847	-0.559078	0.788977
05717	6.490050	0.998472	7.861158	-0.006665	-0.037298	0.030323	0.473250	0.639156	0.606230	-0.843191	0.527919	0.101641	-0.255076	-0.559269	0.788768
05718	6.458743	0.989257	7.854212	-0.012672	-0.009306	0.018862	0.473092	0.639173	0.606334	-0.843224	0.527906	0.101429	-0.255257	-0.559261	0.788715
05719	6.383868	1.072868	7.985839	0.044144	0.020100	0.013750	0.473049	0.639356	0.606175	-0.843391	0.527587	0.101703	-0.254786	-0.559353	0.788802
05720	6.417766	0.888516	7.786976	-0.064078	0.009042	0.017456	0.472951	0.639468	0.606133	-0.843287	0.527870	0.101095	-0.255313	-0.558957	0.788912
05721	6.285720	0.929310	8.085326	-0.036371	0.046780	0.017817	0.472941	0.639822	0.605768	-0.843268	0.527975	0.100709	-0.255395	-0.558454	0.789242
05722	6.313381	0.990542	8.037454	-0.030199	0.036756	0.013452	0.472954	0.640062	0.605505	-0.843226	0.528100	0.100396	-0.255507	-0.558060	0.789484
05723	6.280712	0.931165	8.068899	-0.030253	0.059179	0.015672	0.472994	0.640472	0.605039	-0.843212	0.528184	0.100071	-0.255479	-0.557510	0.789882
05724	6.167822	0.938872	8.067479	-0.028813	0.052638	0.012061	0.473055	0.640795	0.604649	-0.843170	0.528307	0.099775	-0.255506	-0.557021	0.790218
05725	6.202129	0.894215	8.109679	-0.010528	0.035368	0.009522	0.473086	0.641040	0.604365	-0.843178	0.528321	0.099643	-0.255424	-0.556727	0.790452
05726	6.097698	0.896789	8.182893	0.001489	0.025955	0.005207	0.473137	0.641179	0.604178	-0.843181	0.528319	0.099627	-0.255320	-0.556568	0.790597
05727	6.098749	0.938411	8.226566	0.008139	0.001733	0.008257	0.473093	0.641230	0.604158	-0.843230	0.528236	0.099651	-0.255239	-0.556588	0.790609
05728	6.143309	0.923810	8.197222	0.026150	-0.020293	0.001337	0.473058	0.641092	0.604332	-0.843277	0.528122	0.099854	-0.255145	-0.556856	0.790451
05729	6.151515	0.952398	8.127401	0.029469	-0.032191	0.010338	0.472910	0.640965	0.604582	-0.843391	0.527907	0.100033	-0.255046	-0.557206	0.790236
05730	6.206674	0.907402	8.084597	0.038372	-0.041203	0.008430	0.472764	0.640748	0.604927	-0.843503	0.527679	0.100291	-0.254946	-0.557672	0.789940
05731	6.222954	0.929011	8.090011	0.036533	-0.049933	0.008990	0.472582	0.640514	0.605316	-0.843627	0.527433	0.100534	-0.254870	-0.558172	0.789611
05732	6.185670	0.956551	8.092260	0.050442	-0.057674	0.010711	0.472369	0.640221	0.605793	-0.843784	0.527118	0.100869	-0.254746	-0.558805	0.789203
05733	6.234342	1.043858	8.045530	0.050305	-0.068187	0.012047	0.472115	0.639901	0.606328	-0.843959	0.526775	0.101202	-0.254640	-0.559495	0.788748
05734	6.256305	0.983667	8.017942	0.039995	-0.060546	0.017135	0.471842	0.639623	0.606834	-0.844118	0.526479	0.101415	-0.254618	-0.560092	0.788332
05735	6.300812	1.019358	7.950959	0.042716	-0.068325	0.012132	0.471587	0.639302	0.607371	-0.844273	0.526178	0.101687	-0.254576	-0.560741	0.787883
05736	6.318532	1.040867	7.955061	0.037929	-0.058230	0.014210	0.471345	0.639020	0.607855	-0.844413	0.525912	0.101903	-0.254560	-0.561312	0.787482
05737	6.312811	1.065126	7.985518	0.027194	-0.050028	0.017128	0.471095	0.638826	0.608252	-0.844552	0.525665	0.102022	-0.254563	-0.561762	0.787160
05738	6.349437	1.039909	7.922496	0.023821	-0.038561	0.016026	0.470887	0.638663	0.608584	-0.844664	0.525467	0.102114	-0.254574	-0.562133	0.786892
05739	6.333626	1.094300	7.966112	0.008562	-0.022970	0.017039	0.470707	0.638621	0.608768	-0.844755	0.525326	0.102087	-0.254607	-0.562313	0.786753
05740	6.299518	1.044885	7.916736	-0.000910	-0.015988	0.018551	0.470537	0.638597	0.608924	-0.844815	0.525252	0.101971	-0.254720	-0.562409	0.786647
05741	6.320024	1.055343	8.001137	-0.006551	-0.004781	0.016279	0.470409	0.638653	0.608964	-0.844864	0.525201	0.101829	-0.254795	-0.562393	0.786634
05742	6.297323	1.024035	7.961286	-0.011507	-0.005181	0.019695	0.470256	0.638696	0.609037	-0.844903	0.525178	0.101622	-0.254948	-0.562366	0.786604
05743	6.272889	1.016275	8.009909	-0.017586	0.006156	0.023170	0.470097	0.638850	0.608999	-0.844956	0.525145	0.101351	-0.255064	-0.562222	0.786669
05744	6.236100	1.021974	8.115754	-0.020900	0.003100	0.020324	0.469962	0.638942	0.609007	-0.844973	0.525172	0.101067	-0.255258	-0.562092	0.786699
05745	6.213055	0.989522	8.076287	-0.019500	-0.003872	0.024635	0.469765	0.639047	0.609048	-0.845028	0.525141	0.100773	-0.255437	-0.562002	0.786705
05746	6.209917	0.969085	8.121495	-0.009754	-0.006094	0.027493	0.469546	0.639125	0.609136	-0.845107	0.525059	0.100533	-0.255579	-0.561990	0.786668
05747	6.191364	0.911348	8.202888	-0.026673	-0.027403	0.032630	0.469221	0.639140	0.609370	-0.845181	0.525016	0.100133	-0.255930	-0.562013	0.786538
05748	6.180853	0.954931	8.113634	-0.020602	-0.031259	0.037499	0.468852	0.639130	0.609664	-0.845280	0.524931	0.099746	-0.256281	-0.562103	0.786359
05749	6.154253	1.085826	8.134519	-0.015686	-0.062947	0.040277	0.468371	0.638985	0.610185	-0.845417	0.524778	0.099386	-0.256705	-0.562411	0.786000
05750	6.172196	0.957176	8.320197	-0.042463	-0.069230	0.053132	0.467771	0.638845	0.610792	-0.845533	0.524715	0.098732	-0.257417	-0.562629	0.785611
05751	6.144617	1.034566	8.319026	-0.038370	-0.100261	0.059488	0.467031	0.638590	0.611624	-0.845701	0.524567	0.098076	-0.258207	-0.563056	0.785046
05752	6.104982	1.082476	8.330639	-0.064256	-0.123495	0.075857	0.466096	0.638265	0.612676	-0.845866	0.524480	0.097110	-0.259354	-0.563505	0.784345
05753	6.157382	1.138622	8.325514	-0.046947	-0.152895	0.094930	0.464917	0.637898	0.613953	-0.846175	0.524156	0.096169	-0.260460	-0.564222	0.783463
05754	6.143332	0.969304	8.357875	-0.121682	-0.187300	0.123674	0.463406	0.637464	0.615544	-0.846409	0.524088	0.094460	-0.262385	-0.564776	0.782421
05755	6.007432	1.162735	8.390386	-0.079040	-0.222433	0.134325	0.461705	0.636907	0.617395	-0.846812	0.523695	0.093023	-0.264080	-0.565767	0.781134
05756	6.107997	0.968282	8.443751	-0.128353	-0.296421	0.169802	0.459504	0.636095	0.619870	-0.847233	0.523374	0.090974	-0.266555	-0.566977	0.779414
05757	6.126845	1.083974	8.557407	-0.116422	-0.350446	0.187593	0.456998	0.635084	0.622753	-0.847770	0.522858	0.088912	-0.269145	-0.568583	0.777351
05758	6.069239	1.086817	8.407152	-0.135289	-0.424581	0.213539	0.454060	0.633764	0.626237	-0.848358	0.522303	0.086531	-0.272246	-0.570564	0.774816
05759	6.120078	1.050904	8.456329	-0.191692	-0.523532	0.247053	0.450550	0.632058	0.630482	-0.848939	0.521852	0.083506	-0.276238	-0.572865	0.771699
