// General information: 
//  MT Manager version: 2022.2.0 
//  XDA version: 2022.2.0 build 7381 rev 124627 built on 2023-07-19
// Device information: 
//  DeviceId: 00B4CB9F
//  ProductCode: MTW2-3A7G6
//  Firmware Version: 4.6.0
//  Hardware Version: 2.0.0
// Device settings: 
//  Filter Profile: human(46.1)
//  Option Flags: Orientation Smoother Disabled, Position/Velocity Smoother Disabled, Continuous Zero Rotation Update Disabled, AHS Disabled, ICC Disabled
// Coordinate system: ENU
PacketCounter	Acc_X	Acc_Y	Acc_Z	Gyr_X	Gyr_Y	Gyr_Z	Mat[1][1]	Mat[2][1]	Mat[3][1]	Mat[1][2]	Mat[2][2]	Mat[3][2]	Mat[1][3]	Mat[2][3]	Mat[3][3]
08224	9.752387	1.091260	0.083096	0.055350	0.043749	0.013064	-0.087556	0.096761	0.991449	0.758209	-0.639057	0.129328	0.646106	0.763049	-0.017412
08225	9.735648	1.097228	-0.034020	0.089348	0.045297	0.018463	-0.087656	0.096288	0.991486	0.758818	-0.638383	0.129082	0.645377	0.763673	-0.017107
08226	9.763529	1.178766	-0.128015	0.097333	0.048519	0.025689	-0.087710	0.095805	0.991528	0.759480	-0.637654	0.128796	0.644591	0.764342	-0.016833
08227	9.776602	1.229745	-0.172538	0.087325	0.043188	0.032313	-0.087690	0.095259	0.991583	0.760087	-0.637007	0.128414	0.643878	0.764949	-0.016546
08228	9.842272	1.306769	-0.173719	0.101119	0.043861	0.032934	-0.087663	0.094781	0.991631	0.760745	-0.636290	0.128069	0.643103	0.765606	-0.016325
08229	9.821114	1.428760	-0.235107	0.130566	0.036171	0.032233	-0.087597	0.094290	0.991684	0.761629	-0.635310	0.127681	0.642066	0.766479	-0.016162
08230	9.579519	1.588512	-0.438564	0.111632	0.015328	0.031302	-0.087380	0.093963	0.991734	0.762494	-0.634352	0.127285	0.641068	0.767313	-0.016216
08231	9.649501	1.454759	-0.578741	0.052393	0.014395	0.015324	-0.087303	0.093746	0.991761	0.762859	-0.633954	0.127078	0.640644	0.767668	-0.016169
08232	9.678734	1.337889	-0.637364	0.005109	0.018678	-0.001293	-0.087345	0.093734	0.991758	0.762859	-0.633949	0.127102	0.640638	0.767673	-0.016133
08233	9.662340	1.356037	-0.558053	-0.025983	0.020361	-0.006823	-0.087475	0.093612	0.991759	0.762702	-0.634132	0.127127	0.640807	0.767537	-0.015928
08234	9.763279	1.318800	-0.571484	-0.076707	0.017960	-0.011173	-0.087518	0.093526	0.991763	0.762486	-0.634396	0.127110	0.641058	0.767330	-0.015791
08235	9.893539	1.317940	-0.710070	-0.132470	0.010314	-0.003106	-0.087554	0.093457	0.991766	0.761650	-0.635399	0.127115	0.642047	0.766508	-0.015550
08236	9.945090	1.322324	-0.689531	-0.171087	0.003354	0.009958	-0.087450	0.093329	0.991787	0.760682	-0.636585	0.126976	0.643207	0.765539	-0.015324
08237	9.809751	1.279756	-0.621516	-0.196439	0.001765	0.019242	-0.087262	0.093183	0.991818	0.759450	-0.638095	0.126768	0.644686	0.764298	-0.015087
08238	9.680086	1.210565	-0.531544	-0.207913	-0.005178	0.025886	-0.087026	0.093051	0.991851	0.758132	-0.639707	0.126534	0.646267	0.762966	-0.014874
08239	9.679432	1.195474	-0.357298	-0.183482	0.000517	0.029050	-0.086756	0.092852	0.991893	0.756987	-0.641122	0.126226	0.647645	0.761801	-0.014666
08240	9.695252	1.162927	-0.260376	-0.155031	0.005220	0.022728	-0.086556	0.092709	0.991924	0.756041	-0.642281	0.126003	0.648776	0.760842	-0.014499
08241	9.633211	1.148372	-0.176075	-0.116939	0.014630	0.026673	-0.086396	0.092417	0.991965	0.755322	-0.643184	0.125708	0.649634	0.760114	-0.014236
08242	9.633261	1.215350	-0.119071	-0.085025	0.019296	0.026265	-0.086258	0.092240	0.991994	0.754697	-0.643957	0.125502	0.650378	0.759481	-0.014067
08243	9.708893	1.287898	-0.047484	-0.063022	0.014089	0.030742	-0.086064	0.091926	0.992040	0.754331	-0.644454	0.125159	0.650829	0.759098	-0.013878
08244	9.706560	1.447317	0.065565	-0.070331	0.018005	0.039033	-0.085867	0.091493	0.992097	0.753991	-0.644933	0.124736	0.651248	0.758743	-0.013607
08245	9.728792	1.538821	0.121797	-0.121388	0.013469	0.051410	-0.085514	0.091050	0.992168	0.753261	-0.645890	0.124196	0.652139	0.757982	-0.013352
08246	9.644215	1.539884	0.235893	-0.180959	0.003663	0.070257	-0.084945	0.090558	0.992262	0.752261	-0.647194	0.123465	0.653366	0.756928	-0.013148
08247	9.851297	1.475908	0.256987	-0.237500	0.009793	0.077268	-0.084375	0.089973	0.992364	0.750790	-0.649049	0.122682	0.655130	0.755408	-0.012788
08248	9.507423	1.414877	0.230757	-0.196381	0.033613	0.067882	-0.084039	0.089208	0.992461	0.749742	-0.650396	0.121947	0.656372	0.754338	-0.012224
08249	9.529294	1.274935	0.098651	-0.198601	0.010673	0.063982	-0.083577	0.088701	0.992546	0.748508	-0.651939	0.121290	0.657838	0.753065	-0.011906
08250	9.617793	1.169885	-0.066109	-0.179637	0.012153	0.050542	-0.083303	0.088212	0.992612	0.747408	-0.653294	0.120781	0.659122	0.751948	-0.011509
08251	9.663307	1.035434	-0.203488	-0.155931	0.012289	0.038271	-0.083045	0.087859	0.992665	0.746428	-0.654488	0.120372	0.660264	0.750950	-0.011228
08252	9.673478	0.957299	-0.183900	-0.134213	0.008655	0.039756	-0.082817	0.087524	0.992714	0.745545	-0.655564	0.119995	0.661290	0.750050	-0.010961
08253	9.776763	0.890685	-0.201091	-0.117163	0.009300	0.043272	-0.082503	0.087160	0.992772	0.744823	-0.656469	0.119532	0.662142	0.749301	-0.010758
08254	9.992635	0.823024	-0.110429	-0.077104	0.005054	0.043541	-0.082173	0.086814	0.992830	0.744438	-0.656990	0.119063	0.662616	0.748884	-0.010641
08255	9.935158	0.888612	-0.118958	0.036190	0.038044	0.042339	-0.082058	0.086240	0.992889	0.744730	-0.656744	0.118592	0.662302	0.749166	-0.010335
08256	9.728309	1.028673	-0.274180	0.108486	0.019318	0.056719	-0.081694	0.085762	0.992961	0.745541	-0.655932	0.117991	0.661433	0.749932	-0.010354
08257	9.713601	1.233407	-0.426299	0.134235	0.023646	0.055254	-0.081385	0.085212	0.993033	0.746491	-0.654960	0.117382	0.660399	0.750844	-0.010306
08258	9.780215	1.239052	-0.483274	0.111282	0.013683	0.048615	-0.081072	0.084746	0.993099	0.747399	-0.654023	0.116826	0.659410	0.751713	-0.010316
08259	9.740010	1.178876	-0.457824	0.091212	0.009914	0.043605	-0.080759	0.084376	0.993156	0.748053	-0.653362	0.116337	0.658707	0.752329	-0.010353
08260	9.762872	1.091333	-0.344427	0.052251	0.000168	0.050272	-0.080211	0.084045	0.993228	0.748792	-0.652630	0.115695	0.657934	0.753001	-0.010584
08261	9.855942	1.034789	-0.238359	0.029901	-0.010156	0.052785	-0.079696	0.083766	0.993293	0.749048	-0.652437	0.115121	0.657704	0.753199	-0.010749
08262	9.921009	1.093164	-0.068989	0.074345	0.016578	0.048035	-0.079393	0.083342	0.993353	0.749634	-0.651854	0.114605	0.657073	0.753751	-0.010723
08263	9.630920	1.291378	0.135263	0.093707	0.020758	0.042375	-0.079159	0.082899	0.993409	0.750301	-0.651171	0.114127	0.656340	0.754390	-0.010653
08264	9.563684	1.370024	0.251079	0.074383	0.030937	0.034860	-0.078991	0.082514	0.993455	0.750891	-0.650559	0.113738	0.655685	0.754960	-0.010571
08265	9.545962	1.292354	0.250004	0.030528	0.037096	0.024142	-0.078999	0.082067	0.993491	0.751128	-0.650335	0.113448	0.655413	0.755201	-0.010267
08266	9.648417	1.157898	0.179849	-0.000326	0.035901	0.019932	-0.079024	0.081662	0.993522	0.751246	-0.650242	0.113200	0.655274	0.755325	-0.009964
08267	9.679605	1.039211	0.145311	-0.009824	0.037178	0.015995	-0.079094	0.081267	0.993549	0.751213	-0.650317	0.112995	0.655304	0.755304	-0.009613
08268	9.694973	0.930156	-0.010940	-0.019173	0.012079	0.020113	-0.078899	0.081048	0.993583	0.751335	-0.650227	0.112702	0.655188	0.755405	-0.009592
08269	9.840469	0.866231	-0.281782	-0.025281	-0.012999	0.027087	-0.078557	0.080960	0.993617	0.751209	-0.650426	0.112388	0.655374	0.755242	-0.009722
08270	9.927709	0.877817	-0.367824	-0.014649	-0.025390	0.041200	-0.078031	0.080866	0.993666	0.751249	-0.650458	0.111930	0.655390	0.755225	-0.009995
08271	9.798624	1.005388	-0.318342	0.000226	-0.034398	0.052121	-0.077360	0.080777	0.993726	0.751310	-0.650486	0.111365	0.655400	0.755211	-0.010367
08272	9.820410	1.073286	-0.294104	0.006441	-0.037170	0.051606	-0.076594	0.080698	0.993791	0.751698	-0.650146	0.110728	0.655045	0.755512	-0.010864
08273	9.748913	1.130980	-0.233093	0.062703	-0.014179	0.036744	-0.076171	0.080556	0.993835	0.752155	-0.649688	0.110309	0.654569	0.755921	-0.011104
08274	9.653504	1.071785	-0.252115	0.067738	-0.023189	0.037568	-0.075730	0.080498	0.993874	0.752577	-0.649263	0.109930	0.654135	0.756292	-0.011412
08275	9.675443	1.025960	-0.310240	0.065247	-0.013742	0.028936	-0.075369	0.080404	0.993909	0.753044	-0.648780	0.109588	0.653639	0.756717	-0.011650
08276	9.713943	0.924843	-0.275140	0.076399	-0.002148	0.019516	-0.075128	0.080370	0.993930	0.753541	-0.648239	0.109375	0.653095	0.757183	-0.011862
08277	9.752285	0.939865	-0.155998	0.083668	0.004359	0.017788	-0.074968	0.080212	0.993955	0.754119	-0.647606	0.109141	0.652445	0.757742	-0.011940
08278	9.749217	1.055274	-0.097270	0.082262	0.008691	0.022650	-0.074832	0.080006	0.993982	0.754666	-0.647010	0.108893	0.651828	0.758273	-0.011961
08279	9.791363	1.176090	-0.068652	0.063267	0.007336	0.036065	-0.074554	0.079707	0.994026	0.755124	-0.646545	0.108480	0.651330	0.758700	-0.011986
08280	9.845201	1.266069	0.030419	0.036238	0.008874	0.045517	-0.074221	0.079270	0.994086	0.755608	-0.646070	0.107934	0.650806	0.759150	-0.011945
08281	9.914407	1.316187	0.026374	0.019589	0.015531	0.052977	-0.073868	0.078800	0.994150	0.755793	-0.645949	0.107358	0.650630	0.759302	-0.011842
08282	9.748086	1.427030	-0.039908	0.029331	0.026972	0.045156	-0.073523	0.078342	0.994212	0.756329	-0.645417	0.106789	0.650047	0.759802	-0.011800
08283	9.596228	1.391520	-0.094652	0.006326	0.012628	0.035328	-0.073284	0.078009	0.994256	0.756415	-0.645382	0.106389	0.649974	0.759866	-0.011711
08284	9.649834	1.290634	-0.330372	-0.037449	0.002457	0.014738	-0.073137	0.077880	0.994276	0.756289	-0.645562	0.106197	0.650137	0.759727	-0.011685
08285	9.736587	1.033389	-0.410339	-0.076142	-0.010791	-0.000177	-0.073015	0.077953	0.994280	0.755812	-0.646125	0.106160	0.650705	0.759240	-0.011741
08286	9.782592	0.791319	-0.410680	-0.100192	-0.015028	0.004245	-0.072786	0.078072	0.994287	0.755326	-0.646708	0.106073	0.651295	0.758731	-0.011898
08287	9.736736	0.716122	-0.435951	-0.103081	-0.016750	0.005888	-0.072579	0.078151	0.994296	0.754677	-0.647480	0.105980	0.652069	0.758065	-0.011986
08288	9.824286	0.643612	-0.379834	-0.111939	-0.014339	0.012679	-0.072338	0.078187	0.994311	0.754012	-0.648278	0.105833	0.652865	0.757378	-0.012059
08289	10.070693	0.677592	-0.558380	-0.114746	-0.013132	0.017502	-0.072067	0.078163	0.994332	0.753295	-0.649146	0.105625	0.653723	0.756637	-0.012098
08290	10.074780	0.742987	-0.479116	-0.076919	0.005079	0.021987	-0.071873	0.078002	0.994359	0.752870	-0.649678	0.105382	0.654234	0.756197	-0.012031
08291	9.782989	0.786125	-0.411216	-0.052096	0.004371	0.026495	-0.071648	0.077787	0.994392	0.752567	-0.650078	0.105077	0.654606	0.755875	-0.011963
08292	9.747976	0.927380	-0.393593	-0.026896	0.013381	0.019150	-0.071535	0.077560	0.994418	0.752497	-0.650197	0.104844	0.654700	0.755796	-0.011852
08293	9.764861	0.984952	-0.216190	0.001111	0.021184	0.006981	-0.071567	0.077344	0.994432	0.752528	-0.650179	0.104727	0.654659	0.755834	-0.011672
08294	9.661537	1.026643	-0.221461	0.046054	0.032581	-0.001512	-0.071701	0.077026	0.994448	0.753183	-0.649441	0.104608	0.653892	0.756501	-0.011449
08295	9.659180	1.097673	-0.188335	0.042999	0.025003	-0.006242	-0.071857	0.076867	0.994449	0.753479	-0.649095	0.104617	0.653533	0.756814	-0.011276
08296	9.664161	1.072101	-0.164000	0.034838	0.033951	-0.008402	-0.072054	0.076580	0.994457	0.754068	-0.648419	0.104569	0.652833	0.757422	-0.011025
08297	9.770670	1.029042	-0.129319	0.018061	0.028765	-0.010627	-0.072268	0.076420	0.994453	0.754198	-0.648258	0.104625	0.652658	0.757576	-0.010788
08298	9.723631	1.047859	-0.094389	0.006173	0.028050	-0.005312	-0.072426	0.076221	0.994457	0.754421	-0.648001	0.104611	0.652383	0.757816	-0.010571
08299	9.749059	1.072408	-0.068560	-0.026706	0.020237	0.002550	-0.072485	0.076041	0.994467	0.754269	-0.648189	0.104540	0.652552	0.757673	-0.010372
08300	9.723163	1.093772	-0.061112	-0.059565	0.016880	0.013661	-0.072384	0.075907	0.994484	0.753946	-0.648591	0.104382	0.652937	0.757343	-0.010282
08301	9.800178	1.118867	-0.016877	-0.086959	0.020137	0.018585	-0.072321	0.075624	0.994510	0.753412	-0.649247	0.104158	0.653560	0.756809	-0.010022
08302	9.747119	1.139220	-0.029308	-0.107462	0.030142	0.015710	-0.072335	0.075292	0.994534	0.752847	-0.649934	0.103961	0.654209	0.756252	-0.009670
08303	9.796101	1.096176	-0.059111	-0.099669	0.043316	0.002019	-0.072549	0.074941	0.994545	0.752217	-0.650672	0.103902	0.654910	0.755651	-0.009166
08304	9.573159	1.035314	-0.104375	-0.074672	0.048007	-0.011582	-0.072891	0.074683	0.994540	0.751767	-0.651177	0.103997	0.655388	0.755243	-0.008680
08305	9.685717	0.961244	-0.243548	-0.061780	0.047661	-0.026183	-0.073346	0.074484	0.994521	0.751364	-0.651607	0.104215	0.655799	0.754891	-0.008172
08306	9.781563	0.904345	-0.305139	-0.037951	0.050580	-0.035182	-0.073943	0.074312	0.994490	0.751082	-0.651877	0.104556	0.656055	0.754675	-0.007613
08307	9.766621	0.784281	-0.309217	-0.021827	0.040241	-0.028988	-0.074370	0.074187	0.994467	0.750938	-0.652004	0.104798	0.656171	0.754578	-0.007220
08308	9.803622	0.734119	-0.240845	-0.007033	0.029707	-0.019655	-0.074747	0.074097	0.994446	0.750726	-0.652212	0.105025	0.656372	0.754406	-0.006876
08309	9.836921	0.731051	-0.168476	-0.002777	0.027529	-0.001635	-0.074886	0.073890	0.994451	0.750727	-0.652215	0.104994	0.656354	0.754424	-0.006629
08310	9.790318	0.816885	-0.078382	-0.000334	0.025479	0.011906	-0.074830	0.073618	0.994475	0.751074	-0.651853	0.104770	0.655964	0.754764	-0.006514
08311	9.813203	0.910046	-0.020619	-0.001602	0.035633	0.023169	-0.074836	0.073188	0.994507	0.751102	-0.651865	0.104492	0.655931	0.754795	-0.006188
08312	9.928945	1.060231	0.031600	0.018529	0.050765	0.011917	-0.075055	0.072743	0.994523	0.751170	-0.651807	0.104365	0.655828	0.754888	-0.005721
08313	9.783285	1.093517	0.083241	0.065352	0.076520	-0.006588	-0.075552	0.072198	0.994525	0.751614	-0.651292	0.104379	0.655262	0.755385	-0.005058
08314	9.562984	1.146486	0.146474	0.073300	0.079226	-0.025323	-0.076149	0.071808	0.994507	0.752256	-0.650520	0.104571	0.654456	0.756087	-0.004482
08315	9.614555	1.105835	0.143059	0.061382	0.078128	-0.046103	-0.076953	0.071507	0.994467	0.752644	-0.650005	0.104979	0.653916	0.756558	-0.003799
08316	9.745247	1.022731	0.150920	0.044056	0.073316	-0.057543	-0.077832	0.071425	0.994405	0.752687	-0.649856	0.105590	0.653762	0.756694	-0.003181
08317	9.780367	0.953698	0.196268	0.024463	0.069315	-0.055035	-0.078645	0.071248	0.994353	0.752825	-0.649615	0.106089	0.653506	0.756917	-0.002549
08318	9.757550	0.932002	0.203080	0.011760	0.063550	-0.040764	-0.079286	0.071078	0.994315	0.752915	-0.649449	0.106463	0.653324	0.757076	-0.002023
08319	9.766719	0.947469	0.084801	-0.015539	0.043305	-0.024750	-0.079701	0.070901	0.994294	0.752815	-0.649532	0.106662	0.653389	0.757021	-0.001607
08320	9.847612	1.014818	-0.014535	-0.032754	0.026906	-0.016816	-0.079926	0.070912	0.994275	0.752457	-0.649919	0.106839	0.653774	0.756688	-0.001413
08321	9.741099	1.060049	-0.045043	-0.038176	0.014298	-0.013997	-0.080070	0.070885	0.994266	0.752217	-0.650181	0.106932	0.654032	0.756466	-0.001261
08322	9.621960	1.159791	-0.144937	-0.055752	-0.006301	-0.015427	-0.080050	0.071007	0.994258	0.752082	-0.650327	0.106996	0.654190	0.756329	-0.001345
08323	9.568545	1.183485	-0.161734	-0.078539	-0.017764	-0.020745	-0.080035	0.071267	0.994241	0.751573	-0.650889	0.107156	0.654777	0.755821	-0.001468
08324	9.674608	1.142292	-0.130120	-0.106080	-0.029308	-0.028859	-0.079987	0.071668	0.994216	0.750994	-0.651519	0.107384	0.655447	0.755239	-0.001709
08325	9.640408	1.126883	-0.228159	-0.114673	-0.034569	-0.022476	-0.079875	0.072066	0.994196	0.750245	-0.652351	0.107562	0.656317	0.754483	-0.001961
08326	9.691376	1.063327	-0.267226	-0.140359	-0.043328	-0.022918	-0.079733	0.072480	0.994178	0.749470	-0.653214	0.107729	0.657219	0.753696	-0.002239
08327	9.696941	0.993360	-0.277511	-0.152334	-0.051457	-0.024136	-0.079521	0.073015	0.994156	0.748471	-0.654327	0.107925	0.658383	0.752679	-0.002617
08328	9.630087	0.916218	-0.280621	-0.160399	-0.063048	-0.013499	-0.079180	0.073608	0.994139	0.747316	-0.655623	0.108065	0.659735	0.751492	-0.003096
08329	9.587468	0.908189	-0.232630	-0.169053	-0.088727	0.002608	-0.078521	0.074247	0.994144	0.746223	-0.656877	0.107998	0.661049	0.750333	-0.003826
08330	9.522863	0.871930	-0.186670	-0.174625	-0.112826	0.020123	-0.077564	0.074984	0.994164	0.745113	-0.658172	0.107775	0.662412	0.749124	-0.004822
08331	9.479755	0.906108	-0.114106	-0.182676	-0.141952	0.043643	-0.076243	0.075749	0.994208	0.743957	-0.659555	0.107304	0.663863	0.747829	-0.006067
08332	9.478417	0.992855	-0.069192	-0.185216	-0.184915	0.072223	-0.074472	0.076666	0.994272	0.742696	-0.661089	0.106604	0.665475	0.746381	-0.007707
08333	9.442259	1.105862	-0.094362	-0.180341	-0.220008	0.102250	-0.072194	0.077619	0.994366	0.741591	-0.662495	0.105555	0.666956	0.745034	-0.009734
08334	9.451008	1.269296	-0.122994	-0.166531	-0.258988	0.125340	-0.069450	0.078739	0.994473	0.740688	-0.663707	0.104277	0.668250	0.743837	-0.012227
08335	9.621160	1.431801	-0.051841	-0.196963	-0.286882	0.134940	-0.066478	0.079964	0.994579	0.739484	-0.665261	0.102914	0.669884	0.742316	-0.014907
08336	9.722968	1.379535	-0.094371	-0.255462	-0.290576	0.129318	-0.063443	0.081269	0.994671	0.738154	-0.666942	0.101573	0.671642	0.740665	-0.017676
08337	9.764963	1.173009	-0.320493	-0.299864	-0.310250	0.118856	-0.060425	0.082758	0.994736	0.736232	-0.669240	0.100400	0.674026	0.738423	-0.020491
08338	9.823911	0.997652	-0.573943	-0.316451	-0.331996	0.111008	-0.057319	0.084488	0.994775	0.734159	-0.671670	0.099348	0.676554	0.736017	-0.023527
08339	9.961855	0.846671	-0.765380	-0.301396	-0.346143	0.099868	-0.054187	0.086348	0.994790	0.732193	-0.673954	0.098383	0.678938	0.733710	-0.026704
08340	9.913184	0.766078	-0.823510	-0.258868	-0.332637	0.080760	-0.051235	0.088249	0.994780	0.730717	-0.675671	0.097574	0.680755	0.731902	-0.029867
08341	9.827309	0.719658	-0.771874	-0.229745	-0.325894	0.063690	-0.048494	0.090189	0.994743	0.729205	-0.677391	0.096965	0.682575	0.730074	-0.032917
08342	9.879284	0.693852	-0.613445	-0.190031	-0.306743	0.051196	-0.045959	0.092085	0.994690	0.728055	-0.678697	0.096471	0.683977	0.728622	-0.035851
08343	9.999160	0.701377	-0.484492	-0.148770	-0.274154	0.045566	-0.043696	0.093760	0.994635	0.727078	-0.679806	0.096024	0.685163	0.727374	-0.038466
08344	10.022176	0.724486	-0.335100	-0.105999	-0.237005	0.041632	-0.041774	0.095180	0.994583	0.726358	-0.680629	0.095643	0.686046	0.726419	-0.040702
08345	10.091077	0.799768	-0.182381	-0.058911	-0.187539	0.039694	-0.040144	0.096260	0.994546	0.725992	-0.681079	0.095224	0.686531	0.725855	-0.042542
08346	9.975691	0.828106	-0.124576	-0.017604	-0.122416	0.030032	-0.039052	0.096916	0.994526	0.726028	-0.681088	0.094881	0.686555	0.725759	-0.043766
08347	9.860603	0.878130	-0.208486	0.010605	-0.080667	0.018298	-0.038312	0.097365	0.994511	0.726130	-0.681012	0.094645	0.686489	0.725770	-0.044609
08348	9.823979	0.953033	-0.249376	0.027834	-0.058235	0.013813	-0.037767	0.097667	0.994502	0.726490	-0.680658	0.094434	0.686139	0.726062	-0.045247
08349	9.814978	0.912660	-0.333186	0.041033	-0.045350	0.012077	-0.037314	0.097902	0.994496	0.726798	-0.680355	0.094247	0.685837	0.726314	-0.045768
08350	9.772427	0.879966	-0.309703	0.042538	-0.040805	0.013793	-0.036918	0.098085	0.994493	0.727095	-0.680062	0.094064	0.685544	0.726564	-0.046211
08351	9.764342	0.884633	-0.362197	0.039728	-0.048567	0.013503	-0.036433	0.098334	0.994486	0.727394	-0.679770	0.093863	0.685252	0.726803	-0.046762
08352	9.868225	0.905625	-0.482351	0.024700	-0.059797	0.012443	-0.035921	0.098666	0.994472	0.727585	-0.679588	0.093706	0.685077	0.726929	-0.047376
08353	9.876449	1.033125	-0.523178	-0.007463	-0.059514	0.013550	-0.035361	0.098995	0.994459	0.727560	-0.679639	0.093527	0.685132	0.726836	-0.047992
08354	9.781470	1.204547	-0.564758	-0.053339	-0.046661	0.002805	-0.034997	0.099282	0.994444	0.727326	-0.679897	0.093475	0.685400	0.726556	-0.048416
08355	9.651374	1.225691	-0.593215	-0.113205	-0.041628	-0.013442	-0.034756	0.099664	0.994414	0.726567	-0.680689	0.093615	0.686217	0.725762	-0.048754
08356	9.622766	1.229761	-0.615088	-0.174828	-0.033511	-0.030861	-0.034735	0.100082	0.994373	0.725438	-0.681843	0.093967	0.687410	0.724620	-0.048919
08357	9.658163	1.043972	-0.647523	-0.229994	-0.037357	-0.049617	-0.034784	0.100678	0.994311	0.723860	-0.683441	0.094524	0.689069	0.723030	-0.049104
08358	9.760399	0.824427	-0.747287	-0.256579	-0.045419	-0.058741	-0.034867	0.101394	0.994235	0.722154	-0.685150	0.095198	0.690853	0.721310	-0.049333
08359	9.827060	0.591732	-0.769775	-0.239038	-0.054289	-0.054688	-0.034833	0.102148	0.994159	0.720504	-0.686800	0.095812	0.692575	0.719633	-0.049675
08360	9.891442	0.520474	-0.720611	-0.197336	-0.047034	-0.048426	-0.034717	0.102916	0.994084	0.719204	-0.688086	0.096354	0.693932	0.718294	-0.050129
08361	10.492986	0.449394	-0.110304	-0.092895	0.042302	-0.081364	-0.035542	0.103160	0.994030	0.718553	-0.688652	0.097160	0.694564	0.717716	-0.049649
08362	10.910638	0.469043	-0.111278	0.069113	0.339571	-0.174507	-0.039061	0.101977	0.994020	0.718970	-0.687979	0.098833	0.693943	0.718531	-0.046446
08363	9.995036	0.926698	-0.429101	0.129713	0.439756	-0.210613	-0.043571	0.100250	0.994008	0.719805	-0.686816	0.100820	0.692807	0.719885	-0.042235
08364	9.760437	1.281019	-0.256050	0.127788	0.355866	-0.199633	-0.047471	0.099015	0.993953	0.720653	-0.685644	0.102720	0.691669	0.721172	-0.038807
08365	9.556595	1.198968	0.018496	0.141418	0.315310	-0.183643	-0.050921	0.097984	0.993884	0.721563	-0.684425	0.104444	0.690473	0.722469	-0.035850
08366	9.195129	0.975477	-0.031058	0.129080	0.247285	-0.141438	-0.053605	0.097222	0.993818	0.722143	-0.683601	0.105826	0.689664	0.723351	-0.033563
08367	9.273555	0.762509	-0.130332	0.075671	0.161036	-0.105048	-0.055421	0.096762	0.993763	0.722630	-0.682935	0.106797	0.689010	0.724042	-0.032075
08368	9.430477	0.661761	-0.306854	0.026978	0.102844	-0.071676	-0.056551	0.096525	0.993723	0.722973	-0.682471	0.107435	0.688557	0.724511	-0.031191
08369	9.550375	0.814835	-0.572901	-0.003536	0.048602	-0.039382	-0.057117	0.096430	0.993700	0.722950	-0.682442	0.107780	0.688535	0.724551	-0.030736
08370	9.466462	1.045420	-0.651558	-0.023206	0.009382	-0.017605	-0.057250	0.096475	0.993688	0.722918	-0.682455	0.107909	0.688558	0.724532	-0.030673
08371	9.313854	1.219493	-0.556284	-0.052283	-0.036056	-0.023202	-0.057116	0.096883	0.993656	0.722568	-0.682794	0.108107	0.688936	0.724159	-0.031006
08372	9.220141	1.345800	-0.605237	-0.114220	-0.092673	-0.044046	-0.056730	0.097873	0.993581	0.721832	-0.683504	0.108543	0.689740	0.723355	-0.031873
08373	9.366851	1.318169	-0.641821	-0.171899	-0.141452	-0.064671	-0.056166	0.099326	0.993469	0.720632	-0.684665	0.109193	0.691039	0.722058	-0.033122
08374	9.607966	1.235737	-0.580089	-0.226746	-0.173732	-0.078215	-0.055521	0.101098	0.993326	0.718951	-0.686295	0.110034	0.692839	0.720262	-0.034581
08375	9.827028	1.172754	-0.490227	-0.263280	-0.188949	-0.082707	-0.054750	0.103013	0.993172	0.717103	-0.688088	0.110901	0.694814	0.718278	-0.036198
08376	9.858163	1.130991	-0.317696	-0.301978	-0.177244	-0.078915	-0.054050	0.104784	0.993025	0.715241	-0.689890	0.111728	0.696785	0.716291	-0.037658
08377	9.955700	1.144346	0.003645	-0.350019	-0.161478	-0.074049	-0.053398	0.106438	0.992884	0.712782	-0.692297	0.112549	0.699350	0.713720	-0.038900
08378	10.218253	1.063687	0.361596	-0.392173	-0.134979	-0.065693	-0.052876	0.107833	0.992762	0.710195	-0.694828	0.113298	0.702016	0.711045	-0.039843
08379	10.335787	0.855157	0.653569	-0.367512	-0.065093	-0.060664	-0.052795	0.108705	0.992671	0.707603	-0.697354	0.113999	0.704635	0.708435	-0.040103
08380	10.149557	0.652348	0.753298	-0.284866	0.021094	-0.051097	-0.053238	0.108894	0.992627	0.705882	-0.699007	0.114542	0.706326	0.706776	-0.039653
08381	9.896914	0.709746	0.610302	-0.229201	0.077566	-0.050905	-0.054093	0.108689	0.992603	0.704259	-0.700552	0.115089	0.707879	0.705275	-0.038651
08382	9.726647	0.682053	0.292198	-0.184242	0.086637	-0.059852	-0.055100	0.108483	0.992570	0.702910	-0.701801	0.115724	0.709141	0.704064	-0.037584
08383	9.767089	0.664351	-0.110732	-0.110349	0.071004	-0.068479	-0.056032	0.108450	0.992522	0.702114	-0.702486	0.116396	0.709856	0.703386	-0.036783
08384	9.744751	0.829185	-0.300778	-0.064302	0.046988	-0.084849	-0.056957	0.108676	0.992444	0.701558	-0.702903	0.117233	0.710332	0.702934	-0.036207
08385	9.663783	0.995340	-0.383423	-0.066100	0.017871	-0.087170	-0.057643	0.109150	0.992353	0.701064	-0.703256	0.118074	0.710765	0.702508	-0.035983
08386	9.562356	1.155103	-0.441401	-0.083190	-0.013515	-0.090045	-0.058139	0.109851	0.992246	0.700558	-0.703612	0.118945	0.711223	0.702042	-0.036050
08387	9.545003	1.224170	-0.505360	-0.111969	-0.035772	-0.098937	-0.058524	0.110785	0.992120	0.699729	-0.704272	0.119919	0.712007	0.701233	-0.036302
08388	9.553437	1.273220	-0.578628	-0.145457	-0.055263	-0.107237	-0.058820	0.111956	0.991971	0.698503	-0.705299	0.121020	0.713185	0.700013	-0.036716
08389	9.570723	1.184121	-0.702702	-0.181259	-0.065353	-0.119167	-0.059132	0.113240	0.991806	0.697164	-0.706416	0.122221	0.714468	0.698679	-0.037175
08390	9.575803	1.108696	-0.899818	-0.194450	-0.091447	-0.128116	-0.059328	0.114773	0.991619	0.695686	-0.707646	0.123528	0.715892	0.697183	-0.037863
08391	9.730474	1.024479	-1.102404	-0.203642	-0.129927	-0.133879	-0.059274	0.116612	0.991407	0.694172	-0.708893	0.124885	0.717364	0.695610	-0.038930
08392	9.901275	0.881865	-1.246665	-0.173685	-0.152422	-0.139828	-0.059090	0.118640	0.991177	0.693099	-0.709697	0.126268	0.718416	0.694445	-0.040293
08393	9.975009	0.815760	-1.313598	-0.124929	-0.159572	-0.150567	-0.058933	0.120802	0.990926	0.692138	-0.710367	0.127763	0.719355	0.693387	-0.041748
08394	9.987507	0.768054	-1.116161	-0.076031	-0.156669	-0.152752	-0.058822	0.122992	0.990663	0.691249	-0.710953	0.129309	0.720218	0.692401	-0.043198
08395	10.072977	0.879011	-0.802314	-0.041010	-0.138500	-0.144746	-0.058772	0.124965	0.990419	0.690894	-0.711041	0.130713	0.720563	0.691957	-0.044548
08396	10.063936	1.036218	-0.258645	-0.030657	-0.085089	-0.149980	-0.059198	0.126563	0.990191	0.690601	-0.711057	0.132172	0.720810	0.691650	-0.045311
08397	9.930370	1.118978	0.224347	0.003496	-0.026641	-0.161353	-0.060068	0.127880	0.989969	0.690555	-0.710811	0.133720	0.720781	0.691660	-0.045611
08398	10.033789	1.413000	0.656247	0.016377	0.023079	-0.174840	-0.061493	0.128872	0.989753	0.690284	-0.710750	0.135432	0.720921	0.691539	-0.045252
08399	10.520288	1.737966	1.029509	-0.030216	0.080649	-0.211921	-0.063485	0.129806	0.989505	0.689959	-0.710670	0.137495	0.721059	0.691447	-0.044444
08400	10.852627	1.597645	1.306914	-0.079637	0.171161	-0.258110	-0.066450	0.130444	0.989226	0.689311	-0.710803	0.140034	0.721412	0.691190	-0.042684
08401	10.643276	1.226221	1.600644	-0.084317	0.282734	-0.286073	-0.070409	0.130510	0.988944	0.688533	-0.710997	0.142850	0.721779	0.690978	-0.039799
08402	10.052028	1.133599	1.790881	-0.052619	0.353230	-0.294568	-0.074929	0.130142	0.988660	0.688085	-0.710847	0.145721	0.721751	0.691201	-0.036285
08403	9.646326	1.273201	1.788561	-0.009872	0.361782	-0.291090	-0.079491	0.129695	0.988363	0.687816	-0.710522	0.148555	0.721520	0.691620	-0.032726
08404	9.451657	1.558524	1.672108	0.043706	0.346479	-0.287486	-0.083922	0.129293	0.988049	0.688046	-0.709717	0.151312	0.720798	0.692521	-0.029399
08405	9.386502	1.838226	1.403977	0.083151	0.327839	-0.290717	-0.088233	0.129068	0.987703	0.688421	-0.708749	0.154114	0.719924	0.693553	-0.026319
08406	9.693427	2.201684	1.212296	0.065895	0.305613	-0.314608	-0.092524	0.129165	0.987297	0.688680	-0.707832	0.157142	0.719137	0.694472	-0.023462
08407	9.833187	1.995132	1.150964	0.040071	0.303657	-0.331441	-0.096937	0.129385	0.986845	0.688682	-0.707109	0.160358	0.718554	0.695167	-0.020560
08408	9.877219	1.857469	1.193099	0.058132	0.313645	-0.325764	-0.101346	0.129491	0.986388	0.689010	-0.706072	0.163484	0.717631	0.696200	-0.017663
08409	10.245503	2.028429	1.440291	0.064135	0.356978	-0.323961	-0.106087	0.129276	0.985917	0.689162	-0.705190	0.166622	0.716799	0.697133	-0.014281
08410	10.521810	2.237164	1.842846	0.033269	0.474741	-0.325403	-0.111720	0.128228	0.985432	0.688746	-0.704838	0.169801	0.716343	0.697683	-0.009572
08411	10.340950	2.225930	2.140999	0.046566	0.622353	-0.295007	-0.118155	0.125947	0.984976	0.688768	-0.704122	0.172657	0.715288	0.698820	-0.003553
08412	10.076540	2.414569	2.520620	0.126051	0.782194	-0.290989	-0.125716	0.122455	0.984480	0.689384	-0.702827	0.175454	0.713404	0.700742	0.003938
08413	9.735882	2.488492	2.801470	0.148756	0.957586	-0.306844	-0.134601	0.117874	0.983864	0.690073	-0.701398	0.178441	0.711113	0.702956	0.013067
08414	9.800261	2.680844	2.960891	0.161907	1.117078	-0.345327	-0.144830	0.112395	0.983052	0.690881	-0.699740	0.181789	0.708314	0.705500	0.023692
08415	10.086839	2.897612	2.965651	0.178994	1.280011	-0.385583	-0.156490	0.106028	0.981972	0.691594	-0.698037	0.185585	0.705130	0.708168	0.035907
08416	10.389507	3.256987	2.961661	0.230072	1.434142	-0.433025	-0.169564	0.098849	0.980549	0.692245	-0.696230	0.189895	0.701459	0.710980	0.049628
08417	10.801968	3.244283	2.859287	0.614586	1.633553	-0.492540	-0.184331	0.090590	0.978681	0.695693	-0.691358	0.195026	0.694286	0.716811	0.064416
08418	9.863600	3.840956	3.791512	1.025709	1.858709	-0.483178	-0.200541	0.080499	0.976372	0.701506	-0.683887	0.200470	0.683866	0.725133	0.080677
08419	9.169354	3.789207	3.273798	0.706649	1.600660	-0.408986	-0.214248	0.071617	0.974150	0.705491	-0.678412	0.205035	0.675559	0.731183	0.094823
08420	9.597028	3.341668	2.055101	0.313984	1.371026	-0.391051	-0.226200	0.064255	0.971959	0.706554	-0.676052	0.209127	0.670533	0.734047	0.107523
08421	10.110535	3.254984	1.532386	0.056516	1.252544	-0.393251	-0.237305	0.057699	0.969720	0.706052	-0.675378	0.212967	0.667215	0.735211	0.119532
08422	10.821439	3.111215	1.380371	-0.108611	1.165796	-0.388687	-0.247734	0.051797	0.967443	0.704335	-0.676030	0.216554	0.665237	0.735051	0.130993
08423	11.559821	2.843631	1.495109	-0.163855	1.103151	-0.390596	-0.257760	0.046321	0.965098	0.702291	-0.677023	0.220063	0.663587	0.734503	0.141978
08424	11.348295	2.379049	1.509231	-0.174699	1.070303	-0.375057	-0.267521	0.041032	0.962678	0.699880	-0.678422	0.223408	0.662269	0.733526	0.152774
08425	10.500967	1.824371	1.216563	-0.124212	1.037105	-0.343189	-0.276728	0.035744	0.960283	0.698158	-0.679181	0.226471	0.660301	0.733100	0.162993
08426	9.677135	1.871335	0.906216	-0.063549	0.998631	-0.329592	-0.285536	0.030714	0.957876	0.696740	-0.679625	0.229485	0.658045	0.732916	0.172658
08427	9.423277	2.259788	0.719833	-0.023576	0.999816	-0.346049	-0.294460	0.025725	0.955317	0.695614	-0.679680	0.232714	0.655297	0.733058	0.182244
08428	9.235088	2.625317	0.430896	-0.015014	1.020680	-0.365175	-0.303633	0.020716	0.952564	0.694377	-0.679771	0.236118	0.652416	0.733132	0.192016
08429	9.234235	3.122748	0.266139	-0.046606	0.996702	-0.359250	-0.312564	0.015839	0.949765	0.693001	-0.680026	0.239405	0.649656	0.733017	0.201575
08430	9.658177	3.314536	0.387812	-0.170112	0.965581	-0.345340	-0.321273	0.011325	0.946919	0.690368	-0.681647	0.242382	0.648209	0.731593	0.211177
08431	10.146071	3.210470	0.808263	-0.359765	0.959793	-0.304210	-0.329537	0.006379	0.944121	0.687081	-0.684227	0.244443	0.647553	0.729241	0.221095
08432	10.358092	2.535040	0.891446	-0.545998	0.959692	-0.229590	-0.337245	0.001044	0.941416	0.682747	-0.688232	0.245345	0.648169	0.725490	0.231390
08433	10.074504	1.978373	0.497182	-0.656349	0.939237	-0.149943	-0.344310	-0.004726	0.938844	0.678012	-0.692960	0.245164	0.649423	0.720960	0.241798
08434	9.777445	1.340682	0.050339	-0.636272	0.928419	-0.083869	-0.350856	-0.010823	0.936367	0.673608	-0.697532	0.244338	0.650501	0.716472	0.252024
08435	9.223110	1.031285	-0.366306	-0.455745	0.909206	-0.024580	-0.356886	-0.017164	0.933990	0.670593	-0.700772	0.243361	0.650337	0.713179	0.261606
08436	8.782952	1.307842	-0.790861	-0.307652	0.844357	0.050204	-0.361928	-0.023584	0.931908	0.668918	-0.702840	0.242003	0.649275	0.710957	0.270153
08437	8.791422	1.785439	-0.684021	-0.251979	0.801783	0.078616	-0.366554	-0.029843	0.929918	0.667606	-0.704586	0.240544	0.648028	0.708991	0.278192
08438	8.966888	2.162721	-0.245545	-0.258412	0.779711	0.055892	-0.371209	-0.035605	0.927866	0.665990	-0.706525	0.239330	0.647040	0.706792	0.285981
08439	8.954049	2.378798	-0.111155	-0.290982	0.735691	-0.007856	-0.375970	-0.040755	0.925735	0.664116	-0.708559	0.238524	0.646217	0.704473	0.293463
08440	8.633196	2.480805	-0.098365	-0.332194	0.694330	-0.080074	-0.380920	-0.045173	0.923504	0.661807	-0.710822	0.238207	0.645687	0.701920	0.300662
08441	8.079812	2.542093	-0.037928	-0.372681	0.653829	-0.141539	-0.386027	-0.048759	0.921198	0.658895	-0.713477	0.238345	0.645631	0.698981	0.307549
08442	7.678676	2.637744	0.096043	-0.470960	0.588351	-0.178146	-0.390855	-0.051490	0.919011	0.655246	-0.716772	0.238517	0.646440	0.695404	0.313892
08443	7.842649	2.433617	0.216014	-0.596279	0.498973	-0.174851	-0.395178	-0.053706	0.917033	0.650736	-0.720974	0.238198	0.648365	0.690877	0.319862
08444	8.256854	1.894754	0.285137	-0.680382	0.415839	-0.127124	-0.398576	-0.055555	0.915451	0.645897	-0.725646	0.237180	0.651117	0.685822	0.325108
08445	8.397569	1.272828	0.177130	-0.650407	0.375898	-0.082873	-0.401514	-0.057535	0.914044	0.641360	-0.730115	0.235774	0.653792	0.680898	0.330052
08446	7.668461	0.990890	0.526454	-0.611862	0.402552	-0.042563	-0.404326	-0.059870	0.912653	0.637243	-0.734231	0.234147	0.656080	0.676254	0.335021
08447	7.582644	0.449799	0.401602	-0.551536	0.357409	0.013857	-0.406538	-0.062397	0.911501	0.633714	-0.737918	0.232128	0.658129	0.671999	0.339534
08448	7.650444	0.461193	0.447113	-0.418382	0.323223	0.087284	-0.408066	-0.065180	0.910623	0.631370	-0.740615	0.229917	0.659435	0.668761	0.343372
08449	7.733152	0.515628	0.989465	-0.447963	0.293172	0.149286	-0.409013	-0.068259	0.909972	0.629061	-0.743480	0.226979	0.661053	0.665265	0.347032
08450	7.687712	0.355151	1.607925	-0.509859	0.201082	0.196624	-0.408943	-0.071111	0.909785	0.626718	-0.746550	0.223354	0.663317	0.661518	0.349863
08451	7.997818	0.160154	2.362301	-0.462064	0.108241	0.223627	-0.408215	-0.073515	0.909921	0.624601	-0.749414	0.219666	0.665759	0.658008	0.351839
08452	7.752879	0.043122	2.194951	-0.197885	0.069210	0.270548	-0.406937	-0.075978	0.910291	0.624448	-0.750457	0.216517	0.666683	0.656538	0.352833
08453	7.616650	0.145968	1.428184	0.080832	-0.064116	0.309469	-0.404527	-0.077895	0.911203	0.626282	-0.749664	0.213951	0.666431	0.657218	0.352043
08454	7.917976	0.558430	1.767149	0.333267	-0.098183	0.316724	-0.401798	-0.079654	0.912257	0.629893	-0.747133	0.212197	0.664675	0.659885	0.350370
08455	7.797907	0.997147	2.320635	0.436613	-0.185569	0.310314	-0.398557	-0.080756	0.913581	0.634071	-0.743971	0.210856	0.662650	0.663314	0.347720
08456	7.850151	0.940478	2.166652	0.521564	-0.342168	0.319735	-0.394195	-0.080850	0.915464	0.638872	-0.740174	0.209727	0.660646	0.667537	0.343425
08457	8.438768	0.971212	2.665106	0.874805	-0.394376	0.313897	-0.389532	-0.080533	0.917485	0.645901	-0.734028	0.209797	0.656564	0.674328	0.337944
08458	7.398907	1.434242	3.448379	1.240706	-0.381422	0.340946	-0.384749	-0.080433	0.919510	0.655415	-0.725254	0.210803	0.649923	0.683767	0.331758
08459	6.777426	1.753701	3.119796	1.299816	-0.741902	0.441967	-0.376980	-0.078522	0.922887	0.665546	-0.715925	0.210949	0.644154	0.693748	0.322149
08460	8.575587	2.126394	3.032064	1.167278	-0.905080	0.520503	-0.367611	-0.075907	0.926877	0.675058	-0.707302	0.209811	0.639655	0.702825	0.311253
08461	8.936000	2.710158	3.443452	0.957847	-0.842784	0.538772	-0.358526	-0.073757	0.930602	0.683161	-0.700106	0.207708	0.636200	0.710219	0.301394
08462	8.725548	3.642714	3.726967	0.703897	-0.879154	0.596295	-0.348776	-0.071637	0.934464	0.689827	-0.694573	0.204222	0.634424	0.715847	0.291667
08463	10.548142	4.985482	6.656159	0.435572	-0.690644	0.581032	-0.340324	-0.070718	0.937645	0.694627	-0.691009	0.200002	0.633777	0.719379	0.284289
08464	10.603067	4.997734	8.234453	0.045109	-0.525516	0.661048	-0.332321	-0.071486	0.940453	0.697223	-0.690129	0.193914	0.635172	0.720147	0.279186
08465	12.198959	6.170944	8.342360	0.096990	-0.430306	0.658839	-0.324933	-0.072940	0.942920	0.700039	-0.688928	0.187943	0.635896	0.721150	0.274916
08466	11.338431	8.233987	5.737269	0.384415	-0.546365	0.561993	-0.317463	-0.072840	0.945469	0.704364	-0.685662	0.183682	0.634893	0.724267	0.268978
08467	10.802734	9.075681	5.755719	0.685922	-0.640032	0.385397	-0.310632	-0.070831	0.947887	0.709954	-0.680373	0.181818	0.632039	0.729435	0.261633
08468	8.505230	6.527825	6.068194	0.448788	-0.830478	0.395903	-0.302520	-0.067444	0.950754	0.714069	-0.676751	0.179203	0.631338	0.733116	0.252890
08469	8.260242	3.590491	3.730220	-0.142680	-1.099843	0.554993	-0.291536	-0.063150	0.954473	0.714847	-0.677409	0.173525	0.635610	0.732891	0.242632
08470	8.532105	2.886997	0.918133	-0.617235	-1.091113	0.666533	-0.279760	-0.059691	0.958213	0.712878	-0.681436	0.165682	0.643070	0.729440	0.233191
08471	8.949219	2.196071	-0.031340	-1.125047	-0.951038	0.695517	-0.268603	-0.057566	0.961529	0.707523	-0.689169	0.156386	0.653654	0.722310	0.225842
08472	9.419999	0.306682	-1.155053	-1.519162	-0.825733	0.700305	-0.258184	-0.056486	0.964443	0.699431	-0.699573	0.146266	0.666436	0.712325	0.220127
08473	9.576537	-0.632978	-1.752704	-1.329190	-0.716642	0.619023	-0.249010	-0.055784	0.966893	0.692102	-0.708610	0.137358	0.677487	0.703392	0.215059
08474	9.728228	-0.631795	-0.013489	-0.665905	-0.653522	0.464837	-0.241306	-0.054482	0.968918	0.688811	-0.712922	0.131459	0.683601	0.699124	0.209560
08475	10.459821	0.229895	1.481299	-0.082777	-0.677838	0.350420	-0.234199	-0.052256	0.970783	0.689110	-0.713289	0.127851	0.685768	0.698919	0.203062
08476	11.059316	1.322138	2.523246	0.277767	-0.651666	0.316228	-0.227497	-0.049923	0.972498	0.691843	-0.711086	0.125339	0.685272	0.701331	0.196309
08477	10.237708	1.252142	3.351521	0.284735	-0.646790	0.356653	-0.220542	-0.047925	0.974199	0.694625	-0.708887	0.122378	0.684732	0.703692	0.189629
08478	9.664357	0.232806	3.026265	0.170126	-0.671389	0.417612	-0.212989	-0.046134	0.975965	0.696785	-0.707404	0.118623	0.684929	0.705303	0.182814
08479	9.650289	-0.579798	2.335311	0.184168	-0.622245	0.448020	-0.205548	-0.044918	0.977616	0.699015	-0.705875	0.114538	0.684929	0.706911	0.176490
08480	9.704398	-0.586687	1.965611	0.328288	-0.545768	0.444806	-0.198647	-0.044177	0.979075	0.702235	-0.703279	0.110746	0.683671	0.709540	0.170727
08481	9.544781	-0.275804	1.642230	0.383680	-0.516435	0.425571	-0.192073	-0.043504	0.980416	0.705717	-0.700340	0.107181	0.681962	0.712482	0.165217
08482	9.327226	-0.017044	1.135457	0.284627	-0.521786	0.405504	-0.185598	-0.042602	0.981702	0.708495	-0.698062	0.103654	0.680873	0.714769	0.159742
08483	9.292658	-0.409127	1.129273	0.191133	-0.512172	0.376272	-0.179390	-0.041572	0.982899	0.710513	-0.696511	0.100217	0.680434	0.716340	0.154485
08484	9.699980	-1.141936	0.740734	0.122053	-0.526449	0.336818	-0.173358	-0.040130	0.984041	0.712005	-0.695432	0.097073	0.680438	0.717471	0.149132
08485	10.162712	-1.326170	0.534064	0.224324	-0.513772	0.316629	-0.167554	-0.038650	0.985105	0.714100	-0.693671	0.094244	0.679696	0.719255	0.143827
08486	10.280357	-1.162935	0.765912	0.440411	-0.488629	0.321942	-0.161876	-0.037345	0.986104	0.717681	-0.690312	0.091669	0.677296	0.722547	0.138547
08487	10.258729	-0.187590	0.964391	0.697603	-0.456767	0.318509	-0.156445	-0.036235	0.987022	0.722926	-0.685112	0.089434	0.672980	0.727536	0.133378
08488	10.068955	0.989051	1.620609	0.889922	-0.410268	0.299247	-0.151464	-0.035269	0.987833	0.729408	-0.678445	0.087617	0.667100	0.733804	0.128486
08489	9.876039	1.644372	1.602880	0.883176	-0.398450	0.278294	-0.146726	-0.034222	0.988585	0.735717	-0.671815	0.085939	0.661205	0.739928	0.123750
08490	9.871240	1.872465	1.356611	0.742496	-0.407343	0.281114	-0.141909	-0.033070	0.989327	0.741069	-0.666149	0.084032	0.656261	0.745085	0.119039
08491	9.697709	1.683295	1.383937	0.620294	-0.376794	0.278963	-0.137317	-0.032115	0.990006	0.745544	-0.661398	0.081954	0.652156	0.749347	0.114764
08492	9.472686	1.524301	1.347468	0.586189	-0.365925	0.251787	-0.132998	-0.031013	0.990631	0.749753	-0.656853	0.080095	0.648215	0.753381	0.110612
