// General information: 
//  MT Manager version: 2022.2.0 
//  XDA version: 2022.2.0 build 7381 rev 124627 built on 2023-07-19
// Device information: 
//  DeviceId: 00B4CAF0
//  ProductCode: MTW2-3A7G6
//  Firmware Version: 4.6.0
//  Hardware Version: 2.0.0
// Device settings: 
//  Filter Profile: human(46.1)
//  Option Flags: Orientation Smoother Disabled, Position/Velocity Smoother Disabled, Continuous Zero Rotation Update Disabled, AHS Disabled, ICC Disabled
// Coordinate system: ENU
PacketCounter	Acc_X	Acc_Y	Acc_Z	Gyr_X	Gyr_Y	Gyr_Z	Mat[1][1]	Mat[2][1]	Mat[3][1]	Mat[1][2]	Mat[2][2]	Mat[3][2]	Mat[1][3]	Mat[2][3]	Mat[3][3]
55643	5.759871	-1.363525	8.405301	0.002955	0.019830	0.011994	-0.794688	-0.185850	0.577867	0.128811	-0.981927	-0.138659	0.593194	-0.035755	0.804266
55644	5.620824	-1.350999	8.469444	0.012389	0.038696	0.018795	-0.794886	-0.185983	0.577552	0.128981	-0.981903	-0.138674	0.592891	-0.035737	0.804489
55645	5.494162	-1.365616	8.550250	0.014271	0.043417	0.020238	-0.795199	-0.186172	0.577061	0.129161	-0.981864	-0.138783	0.592433	-0.035826	0.804823
55646	5.408136	-1.351284	8.609087	0.013249	0.040053	0.021850	-0.795400	-0.186334	0.576730	0.129360	-0.981834	-0.138809	0.592118	-0.035803	0.805055
55647	5.378949	-1.417008	8.558117	0.005516	0.028668	0.021567	-0.795625	-0.186538	0.576354	0.129499	-0.981790	-0.138993	0.591786	-0.035949	0.805293
55648	5.383328	-1.523209	8.596269	0.001309	0.020917	0.017358	-0.795719	-0.186663	0.576184	0.129591	-0.981764	-0.139089	0.591639	-0.036008	0.805398
55649	5.442752	-1.468543	8.566474	0.002375	0.013183	0.014790	-0.795858	-0.186810	0.575945	0.129659	-0.981730	-0.139261	0.591438	-0.036155	0.805539
55650	5.536121	-1.390938	8.547824	-0.002031	0.012945	0.016068	-0.795906	-0.186925	0.575841	0.129722	-0.981706	-0.139377	0.591359	-0.036232	0.805594
55651	5.541974	-1.410053	8.511290	0.000016	0.019664	0.012843	-0.796090	-0.187041	0.575549	0.129756	-0.981677	-0.139548	0.591105	-0.036412	0.805772
55652	5.499004	-1.415532	8.538488	0.004679	0.020960	0.017966	-0.796183	-0.187172	0.575378	0.129873	-0.981651	-0.139621	0.590953	-0.036438	0.805882
55653	5.429512	-1.414098	8.525247	0.007452	0.019118	0.021783	-0.796350	-0.187388	0.575076	0.130031	-0.981606	-0.139793	0.590694	-0.036546	0.806068
55654	5.351718	-1.457505	8.627688	0.003825	0.018012	0.014773	-0.796430	-0.187489	0.574933	0.130118	-0.981586	-0.139854	0.590567	-0.036574	0.806159
55655	5.466560	-1.521382	8.571246	0.006786	0.011829	0.013377	-0.796564	-0.187615	0.574705	0.130198	-0.981558	-0.139974	0.590368	-0.036673	0.806301
55656	5.492326	-1.392975	8.546597	0.008255	0.011907	0.012952	-0.796610	-0.187699	0.574614	0.130297	-0.981543	-0.139988	0.590284	-0.036646	0.806364
55657	5.491472	-1.465125	8.534969	0.010577	0.014931	0.015719	-0.796759	-0.187872	0.574351	0.130435	-0.981507	-0.140109	0.590052	-0.036718	0.806530
55658	5.456069	-1.439980	8.532867	0.010145	0.015041	0.014259	-0.796822	-0.187968	0.574232	0.130556	-0.981490	-0.140116	0.589941	-0.036678	0.806613
55659	5.427066	-1.495920	8.571792	0.013688	0.015498	0.010064	-0.796991	-0.188047	0.573972	0.130643	-0.981474	-0.140150	0.589693	-0.036713	0.806793
55660	5.445966	-1.468909	8.563986	0.011787	0.015531	0.009029	-0.797064	-0.188092	0.573856	0.130731	-0.981467	-0.140114	0.589575	-0.036658	0.806881
55661	5.471820	-1.387858	8.531313	0.016621	0.017236	0.009350	-0.797239	-0.188185	0.573582	0.130846	-0.981449	-0.140136	0.589313	-0.036671	0.807072
55662	5.517002	-1.367434	8.564136	0.015583	0.017046	0.011235	-0.797317	-0.188251	0.573451	0.130974	-0.981439	-0.140081	0.589178	-0.036582	0.807175
55663	5.435025	-1.409405	8.522197	0.013682	0.017079	0.010199	-0.797481	-0.188382	0.573181	0.131098	-0.981413	-0.140152	0.588929	-0.036625	0.807355
55664	5.473231	-1.442990	8.579914	0.015156	0.015571	0.009639	-0.797553	-0.188433	0.573064	0.131211	-0.981406	-0.140091	0.588806	-0.036538	0.807448
55665	5.384180	-1.490677	8.571032	0.013696	0.012325	0.009793	-0.797694	-0.188521	0.572839	0.131304	-0.981388	-0.140129	0.588595	-0.036564	0.807601
55666	5.457892	-1.486051	8.553221	0.016384	0.011416	0.002545	-0.797751	-0.188504	0.572765	0.131368	-0.981396	-0.140019	0.588504	-0.036457	0.807672
55667	5.482425	-1.371292	8.615324	0.019573	0.012632	0.008096	-0.797888	-0.188587	0.572548	0.131490	-0.981381	-0.140007	0.588291	-0.036425	0.807829
55668	5.421642	-1.434502	8.556016	0.015777	0.011115	0.005889	-0.797938	-0.188602	0.572472	0.131577	-0.981382	-0.139920	0.588203	-0.036324	0.807897
55669	5.257902	-1.389329	8.581850	0.012004	0.001678	0.003008	-0.798037	-0.188628	0.572326	0.131608	-0.981376	-0.139932	0.588062	-0.036349	0.807999
55670	5.406697	-1.492660	8.614816	0.001914	-0.004787	0.000632	-0.798001	-0.188598	0.572386	0.131571	-0.981381	-0.139928	0.588119	-0.036353	0.807957
55671	5.550057	-1.331555	8.548522	0.007184	-0.004779	0.002280	-0.798045	-0.188659	0.572304	0.131596	-0.981367	-0.140002	0.588053	-0.036415	0.808002
55672	5.454921	-1.337227	8.580054	0.004667	-0.001874	0.004858	-0.798021	-0.188669	0.572334	0.131609	-0.981366	-0.139999	0.588083	-0.036398	0.807981
55673	5.483564	-1.449416	8.513237	0.003193	-0.000367	0.005417	-0.798109	-0.188703	0.572201	0.131598	-0.981356	-0.140083	0.587967	-0.036501	0.808061
55674	5.414376	-1.413811	8.593621	0.007179	-0.003195	0.002415	-0.798080	-0.188690	0.572246	0.131606	-0.981360	-0.140046	0.588004	-0.036457	0.808036
55675	5.455908	-1.456823	8.559407	0.008037	-0.001832	0.005470	-0.798152	-0.188734	0.572130	0.131630	-0.981349	-0.140097	0.587900	-0.036509	0.808109
55676	5.456293	-1.504233	8.551237	0.010290	-0.001050	-0.003103	-0.798143	-0.188666	0.572165	0.131612	-0.981365	-0.140003	0.587917	-0.036438	0.808100
55677	5.556779	-1.385907	8.593861	0.014081	0.002050	-0.000763	-0.798248	-0.188668	0.572018	0.131637	-0.981365	-0.139982	0.587768	-0.036442	0.808208
55678	5.557324	-1.321741	8.515978	0.014045	0.014724	0.000312	-0.798327	-0.188627	0.571921	0.131669	-0.981375	-0.139877	0.587654	-0.036364	0.808295
55679	5.468329	-1.393050	8.503140	0.014897	0.017671	0.003500	-0.798509	-0.188672	0.571653	0.131739	-0.981366	-0.139877	0.587392	-0.036384	0.808485
55680	5.431395	-1.405686	8.583827	0.017223	0.019110	0.006131	-0.798606	-0.188687	0.571512	0.131836	-0.981367	-0.139780	0.587238	-0.036283	0.808601
55681	5.396083	-1.403388	8.577724	0.018271	0.016127	0.003979	-0.798779	-0.188734	0.571254	0.131927	-0.981358	-0.139754	0.586982	-0.036269	0.808788
55682	5.367117	-1.458553	8.616729	0.010932	0.012578	0.005830	-0.798838	-0.188749	0.571167	0.131984	-0.981357	-0.139706	0.586888	-0.036218	0.808858
55683	5.461580	-1.451769	8.585891	0.012164	0.008417	-0.001260	-0.798975	-0.188712	0.570988	0.131971	-0.981363	-0.139677	0.586705	-0.036244	0.808989
55684	5.509100	-1.367915	8.539567	0.017011	0.005366	-0.001337	-0.799001	-0.188659	0.570969	0.132007	-0.981378	-0.139538	0.586661	-0.036119	0.809027
55685	5.575892	-1.416790	8.546875	0.016800	0.016049	0.004401	-0.799172	-0.188742	0.570702	0.132118	-0.981362	-0.139545	0.586403	-0.036120	0.809214
55686	5.540118	-1.366184	8.549087	0.020756	0.024306	0.002337	-0.799305	-0.188718	0.570524	0.132206	-0.981372	-0.139397	0.586203	-0.035994	0.809364
55687	5.402621	-1.288207	8.533614	0.022040	0.025559	0.006851	-0.799540	-0.188748	0.570185	0.132311	-0.981367	-0.139328	0.585859	-0.035957	0.809615
55688	5.406359	-1.296138	8.588575	0.013240	0.018769	0.008858	-0.799631	-0.188790	0.570043	0.132407	-0.981361	-0.139279	0.585713	-0.035894	0.809724
55689	5.309408	-1.301622	8.621066	0.007375	0.013715	0.010151	-0.799804	-0.188856	0.569778	0.132454	-0.981345	-0.139345	0.585465	-0.035979	0.809899
55690	5.159749	-1.429408	8.638131	-0.004157	-0.002323	0.007401	-0.799774	-0.188891	0.569809	0.132436	-0.981336	-0.139428	0.585511	-0.036048	0.809863
55691	5.269870	-1.572359	8.601939	-0.013183	-0.016517	0.002478	-0.799770	-0.188920	0.569805	0.132322	-0.981322	-0.139634	0.585542	-0.036277	0.809830
55692	5.503347	-1.532414	8.516042	-0.000192	-0.020079	-0.007993	-0.799656	-0.188811	0.570001	0.132204	-0.981343	-0.139597	0.585724	-0.036273	0.809698
55693	5.496689	-1.393379	8.572733	-0.003149	-0.013894	-0.006615	-0.799684	-0.188731	0.569988	0.132062	-0.981354	-0.139658	0.585717	-0.036408	0.809697
55694	5.525857	-1.409173	8.521839	0.004005	-0.009169	-0.003528	-0.799628	-0.188661	0.570090	0.132005	-0.981368	-0.139612	0.585807	-0.036384	0.809633
55695	5.538823	-1.243605	8.570179	0.003391	-0.007880	-0.000050	-0.799657	-0.188667	0.570046	0.131971	-0.981364	-0.139673	0.585775	-0.036461	0.809653
55696	5.485334	-1.317289	8.563315	-0.004584	-0.002214	0.005942	-0.799629	-0.188688	0.570079	0.131938	-0.981357	-0.139751	0.585820	-0.036534	0.809617
55697	5.411188	-1.393808	8.569384	-0.003711	-0.007186	0.008464	-0.799670	-0.188761	0.569997	0.131920	-0.981338	-0.139905	0.585768	-0.036684	0.809648
55698	5.391791	-1.517184	8.561556	-0.005001	-0.006857	0.004083	-0.799618	-0.188765	0.570069	0.131870	-0.981334	-0.139976	0.585851	-0.036752	0.809585
55699	5.480210	-1.493457	8.566883	-0.004392	-0.006562	0.000738	-0.799652	-0.188774	0.570019	0.131794	-0.981327	-0.140100	0.585822	-0.036906	0.809599
55700	5.555277	-1.417853	8.560078	0.002351	-0.008065	0.001832	-0.799595	-0.188757	0.570104	0.131770	-0.981330	-0.140098	0.585905	-0.036899	0.809539
55701	5.501096	-1.442808	8.561723	0.008187	0.008078	0.001468	-0.799720	-0.188775	0.569923	0.131781	-0.981325	-0.140127	0.585732	-0.036957	0.809662
55702	5.412259	-1.394124	8.568657	0.009234	0.005094	-0.000682	-0.799743	-0.188728	0.569905	0.131777	-0.981336	-0.140055	0.585701	-0.036908	0.809687
55703	5.432452	-1.391036	8.556058	0.010099	0.003290	0.002106	-0.799854	-0.188736	0.569748	0.131790	-0.981333	-0.140061	0.585547	-0.036941	0.809796
55704	5.411333	-1.344394	8.577462	0.009239	0.003509	-0.000815	-0.799868	-0.188688	0.569743	0.131785	-0.981344	-0.139989	0.585528	-0.036889	0.809812
55705	5.411565	-1.391881	8.569459	0.007176	-0.003197	0.002422	-0.799938	-0.188726	0.569633	0.131805	-0.981335	-0.140033	0.585429	-0.036938	0.809882
55706	5.384573	-1.543605	8.591296	0.006492	-0.000990	-0.005171	-0.799932	-0.188637	0.569671	0.131748	-0.981353	-0.139958	0.585450	-0.036904	0.809868
55707	5.520623	-1.387541	8.558184	0.014277	-0.003894	-0.006093	-0.800008	-0.188588	0.569580	0.131740	-0.981363	-0.139894	0.585348	-0.036880	0.809943
55708	5.636279	-1.329837	8.522038	0.010448	0.007265	-0.007240	-0.800053	-0.188476	0.569554	0.131690	-0.981387	-0.139775	0.585297	-0.036823	0.809982
55709	5.539903	-1.334532	8.554398	0.013002	0.016114	0.002318	-0.800223	-0.188519	0.569301	0.131754	-0.981378	-0.139779	0.585051	-0.036846	0.810159
55710	5.443129	-1.387559	8.579030	0.013419	0.020757	0.004175	-0.800332	-0.188515	0.569150	0.131813	-0.981381	-0.139701	0.584888	-0.036786	0.810279
55711	5.448976	-1.381090	8.546913	0.012396	0.014236	0.005530	-0.800498	-0.188561	0.568900	0.131877	-0.981371	-0.139710	0.584646	-0.036812	0.810453
55712	5.439795	-1.313896	8.593251	0.009882	0.015561	0.007969	-0.800571	-0.188596	0.568786	0.131946	-0.981366	-0.139682	0.584530	-0.036777	0.810538
55713	5.371641	-1.384077	8.567116	0.001945	0.006974	0.012769	-0.800686	-0.188721	0.568582	0.132012	-0.981338	-0.139819	0.584358	-0.036891	0.810657
55714	4.903205	-1.369739	8.608562	-0.011500	-0.004275	0.009385	-0.800642	-0.188776	0.568626	0.131967	-0.981322	-0.139973	0.584429	-0.037028	0.810600
55715	4.874831	-1.529615	8.806381	-0.038328	-0.052121	0.000505	-0.800423	-0.188839	0.568913	0.131730	-0.981295	-0.140385	0.584782	-0.037424	0.810327
55716	5.548906	-1.636384	8.557497	-0.037742	-0.069930	-0.015500	-0.800028	-0.188675	0.569524	0.131332	-0.981316	-0.140609	0.585412	-0.037694	0.809859
55717	5.640647	-1.205081	8.628003	-0.035683	-0.063233	-0.018738	-0.799769	-0.188525	0.569937	0.130932	-0.981331	-0.140875	0.585855	-0.038044	0.809522
55718	5.696968	-1.423085	8.437598	-0.034602	-0.051298	-0.008489	-0.799472	-0.188423	0.570386	0.130608	-0.981340	-0.141114	0.586332	-0.038319	0.809164
55719	5.650856	-1.170866	8.538874	-0.027478	-0.033900	-0.004341	-0.799373	-0.188365	0.570545	0.130339	-0.981339	-0.141373	0.586527	-0.038645	0.809007
55720	5.591896	-1.204416	8.571773	-0.031222	-0.025248	0.005459	-0.799211	-0.188390	0.570764	0.130147	-0.981322	-0.141664	0.586791	-0.038936	0.808802
55721	5.560035	-1.206883	8.562803	-0.038323	-0.021392	0.014250	-0.799159	-0.188548	0.570784	0.129997	-0.981274	-0.142136	0.586895	-0.039389	0.808705
55722	5.515252	-1.303235	8.517135	-0.043506	-0.023913	0.023541	-0.798981	-0.188751	0.570966	0.129876	-0.981218	-0.142630	0.587164	-0.039803	0.808489
55723	5.530835	-1.528165	8.498665	-0.042057	-0.015918	0.023787	-0.798944	-0.188987	0.570939	0.129770	-0.981152	-0.143178	0.587237	-0.040301	0.808411
55724	5.504109	-1.612670	8.531267	-0.031179	-0.010337	0.017869	-0.798853	-0.189129	0.571020	0.129676	-0.981112	-0.143539	0.587382	-0.040619	0.808290
55725	5.499025	-1.630462	8.472624	-0.016482	-0.012750	0.013344	-0.798846	-0.189265	0.570984	0.129640	-0.981075	-0.143824	0.587399	-0.040871	0.808264
55726	5.484649	-1.547342	8.554958	-0.008977	-0.005621	0.006952	-0.798797	-0.189298	0.571043	0.129589	-0.981064	-0.143943	0.587477	-0.040980	0.808202
55727	5.566708	-1.490630	8.510937	0.002161	-0.000560	0.007298	-0.798862	-0.189388	0.570921	0.129630	-0.981043	-0.144051	0.587380	-0.041069	0.808269
55728	5.586687	-1.416289	8.510471	0.003621	0.004270	0.007278	-0.798871	-0.189420	0.570899	0.129656	-0.981037	-0.144070	0.587363	-0.041073	0.808281
55729	5.545233	-1.493085	8.524549	0.006982	0.009063	0.008292	-0.799008	-0.189495	0.570681	0.129715	-0.981020	-0.144133	0.587162	-0.041138	0.808423
55730	5.523487	-1.446944	8.546560	0.011816	0.012347	0.008746	-0.799062	-0.189537	0.570592	0.129801	-0.981014	-0.144095	0.587070	-0.041077	0.808494
55731	5.488305	-1.445027	8.540396	0.014915	0.019247	0.003630	-0.799249	-0.189578	0.570317	0.129884	-0.981006	-0.144074	0.586798	-0.041076	0.808691
55732	5.398970	-1.564048	8.519675	0.020789	0.021132	0.002064	-0.799363	-0.189552	0.570166	0.129969	-0.981017	-0.143925	0.586623	-0.040944	0.808824
55733	5.430732	-1.466992	8.544770	0.024773	0.016715	-0.001075	-0.799562	-0.189531	0.569893	0.130058	-0.981025	-0.143790	0.586332	-0.040849	0.809040
55734	5.503751	-1.340980	8.547808	0.024344	0.015241	-0.002670	-0.799648	-0.189460	0.569796	0.130126	-0.981046	-0.143585	0.586200	-0.040671	0.809145
55735	5.522638	-1.312715	8.540219	0.021650	0.020907	0.004982	-0.799860	-0.189470	0.569495	0.130223	-0.981046	-0.143494	0.585888	-0.040614	0.809373
55736	5.493003	-1.367683	8.579683	0.015163	0.021892	0.010160	-0.799968	-0.189523	0.569326	0.130340	-0.981039	-0.143436	0.585715	-0.040539	0.809503
55737	5.552790	-1.408233	8.533924	0.015594	0.021780	0.011620	-0.800165	-0.189654	0.569005	0.130504	-0.981014	-0.143459	0.585409	-0.040533	0.809724
55738	5.496622	-1.504795	8.524850	0.020424	0.026645	0.012208	-0.800298	-0.189725	0.568794	0.130668	-0.981005	-0.143370	0.585191	-0.040416	0.809888
55739	5.466089	-1.487165	8.577062	0.029237	0.028674	0.009796	-0.800531	-0.189865	0.568420	0.130924	-0.980983	-0.143285	0.584815	-0.040285	0.810165
55740	5.490965	-1.380695	8.549289	0.032347	0.032396	0.004410	-0.800708	-0.189857	0.568174	0.131095	-0.980994	-0.143055	0.584535	-0.040061	0.810379
55741	5.487527	-1.210055	8.579981	0.028189	0.031653	0.011946	-0.800956	-0.189987	0.567780	0.131335	-0.980974	-0.142975	0.584141	-0.039948	0.810669
55742	5.430070	-1.137888	8.599851	0.014960	0.032569	0.015892	-0.801119	-0.190092	0.567516	0.131496	-0.980955	-0.142951	0.583882	-0.039895	0.810858
55743	5.311885	-1.218316	8.633641	0.000714	0.019046	0.020523	-0.801298	-0.190269	0.567203	0.131609	-0.980915	-0.143123	0.583610	-0.040036	0.811047
55744	5.426951	-1.452764	8.549288	-0.011466	0.013814	0.022050	-0.801343	-0.190442	0.567082	0.131665	-0.980875	-0.143349	0.583536	-0.040206	0.811091
55745	5.426217	-1.647412	8.517190	-0.010419	0.009245	0.019768	-0.801477	-0.190598	0.566840	0.131692	-0.980835	-0.143598	0.583346	-0.040442	0.811216
55746	5.316671	-1.698927	8.520730	0.003420	0.010201	0.012615	-0.801512	-0.190679	0.566762	0.131760	-0.980818	-0.143649	0.583281	-0.040460	0.811262
55747	5.456485	-1.192392	8.603054	0.010767	0.012151	0.010633	-0.801655	-0.190772	0.566529	0.131861	-0.980799	-0.143686	0.583062	-0.040483	0.811418
55748	5.557882	-1.302376	8.519017	-0.008113	0.024937	0.023593	-0.801762	-0.190955	0.566315	0.131950	-0.980757	-0.143892	0.582895	-0.040642	0.811531
55749	5.458301	-1.444682	8.618336	-0.004996	0.030239	0.018341	-0.802015	-0.191080	0.565915	0.131989	-0.980723	-0.144085	0.582538	-0.040863	0.811776
55750	5.395878	-1.558556	8.551475	-0.006463	0.026997	0.018498	-0.802141	-0.191213	0.565692	0.132047	-0.980692	-0.144249	0.582351	-0.041010	0.811902
55751	5.208964	-1.676254	8.652427	-0.007118	0.010204	0.009308	-0.802272	-0.191286	0.565481	0.132027	-0.980669	-0.144420	0.582175	-0.041206	0.812018
55752	5.440860	-1.661453	8.563778	-0.002934	-0.006481	0.000312	-0.802227	-0.191253	0.565556	0.131959	-0.980673	-0.144453	0.582253	-0.041254	0.811960
55753	5.515589	-1.345066	8.597997	0.005885	-0.004460	-0.002089	-0.802293	-0.191203	0.565479	0.131907	-0.980681	-0.144445	0.582173	-0.041297	0.812015
55754	5.435735	-1.435387	8.546363	-0.003362	-0.006370	-0.001148	-0.802251	-0.191156	0.565555	0.131825	-0.980688	-0.144473	0.582250	-0.041350	0.811957
55755	5.516461	-1.200992	8.621648	-0.005626	-0.010313	0.007156	-0.802270	-0.191209	0.565511	0.131791	-0.980672	-0.144616	0.582232	-0.041492	0.811963
55756	5.517310	-1.371080	8.592539	-0.018434	-0.004745	0.012951	-0.802218	-0.191300	0.565553	0.131734	-0.980646	-0.144846	0.582316	-0.041695	0.811892
55757	5.463614	-1.470187	8.581218	-0.007711	-0.009099	0.011055	-0.802219	-0.191477	0.565492	0.131799	-0.980605	-0.145063	0.582301	-0.041841	0.811896
55758	5.430659	-1.542480	8.560979	-0.010467	-0.008837	0.007095	-0.802151	-0.191513	0.565576	0.131742	-0.980593	-0.145195	0.582407	-0.041958	0.811814
55759	5.444579	-1.546636	8.580642	-0.000603	-0.011383	0.002410	-0.802185	-0.191500	0.565533	0.131682	-0.980591	-0.145261	0.582374	-0.042055	0.811832
55760	5.445539	-1.546382	8.580079	0.005460	-0.010684	-0.004085	-0.802121	-0.191426	0.565649	0.131628	-0.980607	-0.145201	0.582475	-0.042013	0.811762
55761	5.467115	-1.471042	8.578841	0.010301	-0.013746	-0.004160	-0.802127	-0.191465	0.565627	0.131687	-0.980602	-0.145186	0.582452	-0.041972	0.811780
55762	5.441874	-1.414864	8.545913	0.011339	-0.010394	-0.005777	-0.802067	-0.191375	0.565742	0.131653	-0.980623	-0.145069	0.582543	-0.041873	0.811721
55763	5.401913	-1.394290	8.575260	0.006323	-0.017244	-0.001697	-0.802061	-0.191361	0.565755	0.131635	-0.980626	-0.145069	0.582554	-0.041881	0.811712
55764	5.424115	-1.463548	8.549248	0.007363	-0.017060	-0.003581	-0.801960	-0.191294	0.565921	0.131596	-0.980642	-0.144996	0.582703	-0.041808	0.811609
55765	5.337682	-1.342249	8.566924	0.008227	-0.023620	-0.001192	-0.801925	-0.191288	0.565972	0.131594	-0.980644	-0.144983	0.582751	-0.041787	0.811576
55766	5.257995	-1.375151	8.613121	-0.010079	-0.034953	-0.004769	-0.801721	-0.191218	0.566286	0.131444	-0.980655	-0.145045	0.583066	-0.041851	0.811346
55767	5.118172	-1.512232	8.680950	-0.023112	-0.054215	-0.007359	-0.801496	-0.191194	0.566612	0.131239	-0.980651	-0.145262	0.583421	-0.042066	0.811079
55768	5.253273	-1.389679	8.672977	-0.038468	-0.084424	-0.013379	-0.801014	-0.191060	0.567339	0.130853	-0.980666	-0.145505	0.584170	-0.042313	0.810528
55769	5.267780	-1.498302	8.704418	-0.054873	-0.106909	-0.016846	-0.800499	-0.190929	0.568109	0.130351	-0.980673	-0.145911	0.584988	-0.042748	0.809915
55770	5.264056	-1.538309	8.759470	-0.073178	-0.135711	-0.021883	-0.799725	-0.190735	0.569262	0.129694	-0.980689	-0.146386	0.586190	-0.043238	0.809019
55771	5.270465	-1.669151	8.763131	-0.072224	-0.161574	-0.037132	-0.798918	-0.190458	0.570487	0.128955	-0.980721	-0.146825	0.587452	-0.043734	0.808076
55772	5.360900	-1.732083	8.811794	-0.056318	-0.203088	-0.051758	-0.797783	-0.190002	0.572226	0.128158	-0.980800	-0.146991	0.589168	-0.043932	0.806816
55773	5.170312	-1.953498	8.930595	-0.018131	-0.242443	-0.066450	-0.796518	-0.189467	0.574162	0.127494	-0.980912	-0.146820	0.591020	-0.043743	0.805470
55774	5.117318	-1.693926	9.013049	0.024372	-0.378828	-0.085986	-0.794375	-0.188749	0.577358	0.126901	-0.981091	-0.146136	0.594024	-0.042819	0.803307
55775	4.030456	-1.680725	9.512502	-0.005856	-0.438478	-0.149185	-0.792036	-0.187464	0.580978	0.125638	-0.981367	-0.145377	0.597406	-0.042150	0.800831
55776	3.109736	-1.374696	10.148034	-0.081356	-0.773864	-0.169394	-0.787592	-0.186087	0.587426	0.123759	-0.981655	-0.145043	0.603641	-0.041535	0.796174
55777	5.535275	-1.320093	9.257131	-0.131039	-0.868877	-0.192826	-0.782648	-0.184572	0.594470	0.121430	-0.981951	-0.145009	0.610505	-0.041305	0.790935
55778	4.325860	-1.413763	9.413172	-0.154655	-1.078990	-0.219769	-0.776270	-0.182819	0.603309	0.118713	-0.982297	-0.144916	0.619122	-0.040874	0.784231
55779	4.523803	-1.584885	10.001115	-0.237289	-1.282045	-0.269257	-0.768690	-0.180697	0.613567	0.115113	-0.982685	-0.145187	0.629178	-0.040974	0.776181
55780	4.859954	-2.717314	9.991258	-0.186882	-1.472967	-0.352698	-0.759728	-0.177790	0.625463	0.111177	-0.983247	-0.144447	0.640666	-0.040204	0.766766
55781	5.088853	-2.884553	10.487754	-0.012115	-1.695203	-0.510251	-0.749418	-0.173450	0.638974	0.107230	-0.984131	-0.141379	0.653357	-0.037435	0.756124
55782	5.583769	-1.487108	10.271549	0.019665	-1.882120	-0.724594	-0.737737	-0.166949	0.654120	0.101917	-0.985377	-0.136548	0.667351	-0.034070	0.743964
55783	6.588233	-2.462809	9.255787	-0.176442	-2.006311	-0.946503	-0.725254	-0.158256	0.670046	0.093731	-0.986858	-0.131629	0.682071	-0.032661	0.730556
55784	7.424886	-3.083560	8.912746	-0.276049	-2.032796	-1.135383	-0.712233	-0.147664	0.686236	0.083613	-0.988510	-0.125926	0.696946	-0.032311	0.716396
55785	8.462116	-8.883686	8.789799	-0.193951	-2.021404	-1.343671	-0.699174	-0.134939	0.702102	0.072638	-0.990353	-0.118003	0.711252	-0.031506	0.702231
55786	8.672121	-10.863954	8.177105	0.758408	-1.857275	-1.513236	-0.686897	-0.120390	0.716714	0.067537	-0.992491	-0.101986	0.723610	-0.021649	0.689870
55787	7.287717	-7.259704	8.653263	1.576731	-1.686501	-1.610503	-0.675800	-0.104609	0.729624	0.067975	-0.994505	-0.079626	0.733944	-0.004215	0.679197
55788	5.032104	-2.846109	9.741016	1.810301	-1.416509	-1.630593	-0.666460	-0.088262	0.740298	0.070339	-0.995982	-0.055423	0.742215	0.015135	0.669990
55789	3.563296	0.207143	10.469456	1.589044	-1.200078	-1.614977	-0.658786	-0.071909	0.748886	0.071404	-0.996904	-0.032910	0.748934	0.031793	0.661881
55790	9.172867	3.886951	13.913928	0.616978	-0.787060	-1.191910	-0.653691	-0.059706	0.754402	0.068164	-0.997476	-0.019879	0.753685	0.038428	0.656111
55791	3.797809	0.088948	11.930699	-0.287362	-0.292086	-0.849319	-0.652186	-0.051166	0.756330	0.060389	-0.998055	-0.015445	0.755650	0.035601	0.654007
55792	1.702869	-2.491472	10.173208	-0.792488	0.021135	-0.749147	-0.652743	-0.043653	0.756320	0.049457	-0.998664	-0.014956	0.755963	0.027643	0.654030
55793	2.141078	-5.024569	9.861573	-0.802380	0.225469	-0.722766	-0.654931	-0.036529	0.754805	0.038608	-0.999144	-0.014855	0.754702	0.019413	0.655781
55794	2.036146	-5.257899	9.444716	-0.618526	0.436618	-0.708171	-0.658446	-0.029483	0.752050	0.029244	-0.999480	-0.013579	0.752060	0.013052	0.658966
55795	2.051033	-3.610121	9.488060	-0.550268	0.660348	-0.615418	-0.663730	-0.023458	0.747604	0.020989	-0.999699	-0.012734	0.747678	0.007240	0.664022
55796	2.192330	-1.974295	9.268313	-0.716335	0.863321	-0.459496	-0.670222	-0.018855	0.741921	0.012535	-0.999822	-0.014085	0.742054	-0.000141	0.670340
55797	2.238461	-1.122193	9.089900	-1.029531	1.031601	-0.270458	-0.678049	-0.016157	0.734839	0.003047	-0.999812	-0.019171	0.735011	-0.010760	0.677970
55798	2.612613	-1.554677	8.684354	-1.302186	1.186796	-0.076034	-0.686707	-0.015151	0.726776	-0.007045	-0.999597	-0.027494	0.726900	-0.024000	0.686324
55799	2.898539	-2.260822	8.281978	-1.390579	1.323308	0.076347	-0.696465	-0.015567	0.717422	-0.016612	-0.999147	-0.037807	0.717398	-0.038249	0.695612
55800	3.062889	-2.429697	8.017828	-1.329132	1.418215	0.210004	-0.706595	-0.016988	0.707414	-0.024660	-0.998513	-0.048609	0.707189	-0.051792	0.705125
55801	3.471464	-1.974073	8.010293	-1.222095	1.479581	0.365265	-0.717271	-0.019838	0.696512	-0.030683	-0.997726	-0.060014	0.696119	-0.064418	0.715031
55802	3.882455	-1.697728	8.045041	-1.103519	1.523627	0.558400	-0.727957	-0.024301	0.685192	-0.034321	-0.996827	-0.071816	0.684764	-0.075795	0.724813
55803	4.514633	-1.769761	8.426505	-0.949315	1.546931	0.779886	-0.738920	-0.030885	0.673084	-0.035084	-0.995830	-0.084211	0.672879	-0.085840	0.734756
55804	5.638283	-2.123818	8.788441	-0.745835	1.582475	0.985282	-0.749793	-0.039232	0.660509	-0.032778	-0.994813	-0.096298	0.660860	-0.093854	0.744617
55805	6.534454	-2.236382	8.629744	-0.503914	1.646009	1.162954	-0.761103	-0.049265	0.646758	-0.027321	-0.993792	-0.107851	0.648055	-0.099756	0.755032
55806	6.719437	-1.930033	8.035778	-0.279337	1.676143	1.291368	-0.772144	-0.060352	0.632575	-0.019267	-0.992798	-0.118237	0.635155	-0.103484	0.765421
55807	7.113816	-1.299909	7.584293	-0.139636	1.657145	1.384903	-0.782939	-0.072415	0.617869	-0.009401	-0.991711	-0.128143	0.622027	-0.106137	0.775769
55808	7.831637	-0.803958	7.163849	-0.100122	1.619439	1.463079	-0.792955	-0.085141	0.603303	0.001457	-0.990450	-0.137862	0.609279	-0.108439	0.785506
55809	8.202168	-0.341430	6.643014	-0.111431	1.589004	1.503283	-0.802595	-0.098328	0.588365	0.012760	-0.988926	-0.147863	0.596388	-0.111167	0.794961
55810	7.840877	0.085409	5.846527	-0.099277	1.537280	1.463258	-0.811388	-0.111020	0.573867	0.023929	-0.987282	-0.157166	0.584018	-0.113791	0.803726
55811	7.984057	1.093389	5.372006	-0.013346	1.420609	1.269892	-0.819386	-0.121963	0.560118	0.034192	-0.985763	-0.164626	0.572222	-0.115741	0.811891
55812	9.549299	3.326650	5.604831	0.011575	1.321942	1.031792	-0.826472	-0.130550	0.547632	0.042695	-0.984475	-0.170255	0.561357	-0.117330	0.819214
55813	10.832151	4.956741	5.110256	-0.078752	1.265570	0.773910	-0.833294	-0.136698	0.535664	0.048668	-0.983324	-0.175229	0.550684	-0.119948	0.826050
55814	10.763643	5.326129	3.915920	-0.173589	1.165499	0.475878	-0.839407	-0.139921	0.525183	0.051647	-0.982456	-0.179202	0.541043	-0.123299	0.831907
55815	10.449322	4.262603	2.992019	-0.143064	0.966414	0.163862	-0.844632	-0.140346	0.516624	0.052247	-0.982028	-0.181359	0.532792	-0.126189	0.836785
55816	11.178558	2.959859	2.926893	0.033551	0.725933	-0.128181	-0.848535	-0.138132	0.510792	0.051287	-0.982250	-0.180429	0.526649	-0.126904	0.840557
55817	12.771655	2.185246	3.230199	0.197939	0.588648	-0.336350	-0.851892	-0.134094	0.506260	0.049449	-0.982942	-0.177145	0.521378	-0.125874	0.843991
55818	12.358792	1.533884	2.662357	0.270313	0.516574	-0.424516	-0.854770	-0.129238	0.502659	0.047177	-0.983839	-0.172729	0.516859	-0.123929	0.847053
55819	10.398555	-0.207781	1.711962	0.255170	0.312117	-0.423675	-0.856658	-0.124688	0.500589	0.044845	-0.984677	-0.168522	0.513931	-0.121917	0.849124
55820	9.738695	-2.937277	1.431036	0.275520	-0.024958	-0.356456	-0.856678	-0.121170	0.501419	0.043154	-0.985448	-0.164408	0.514043	-0.119206	0.849441
55821	9.918853	-5.640826	2.100377	0.276585	-0.322114	-0.072171	-0.855121	-0.120839	0.504149	0.043932	-0.985848	-0.161781	0.516564	-0.116194	0.848328
55822	-2.588082	-10.462258	10.882387	0.346443	-1.555455	0.677991	-0.846651	-0.129251	0.516213	0.051461	-0.985395	-0.162325	0.529654	-0.110868	0.840937
55823	3.371779	-4.986969	7.030582	1.427933	-0.934905	1.128960	-0.841063	-0.141353	0.522142	0.068566	-0.985327	-0.156298	0.536574	-0.095655	0.838414
55824	9.542441	-11.586522	20.495435	1.441255	-2.154467	1.189058	-0.828391	-0.154903	0.538307	0.086295	-0.984822	-0.150595	0.553464	-0.078298	0.829185
55825	16.582481	11.473066	3.559467	3.361582	0.335369	-1.043718	-0.831269	-0.144417	0.536783	0.096099	-0.988458	-0.117116	0.547501	-0.045771	0.835552
55826	16.850836	48.851258	32.775723	0.050233	-0.034451	0.026585	-0.831047	-0.144657	0.537062	0.096542	-0.988446	-0.116848	0.547760	-0.045257	0.835410
55827	-5.462038	-14.867242	0.617060	-2.431474	0.250775	0.567254	-0.831971	-0.150088	0.534133	0.087915	-0.986215	-0.140183	0.547809	-0.069670	0.833697
55828	13.933187	-6.584244	10.245263	0.575719	-0.530700	0.007355	-0.829039	-0.150475	0.538564	0.091088	-0.986590	-0.135438	0.551722	-0.063227	0.831628
55829	0.860677	-1.987408	6.522562	0.421491	0.051493	0.021659	-0.829374	-0.150645	0.538000	0.093561	-0.986813	-0.132084	0.550804	-0.059211	0.832532
55830	6.859532	5.659672	12.859668	-0.252126	-0.214714	0.052045	-0.828133	-0.151250	0.539740	0.092548	-0.986586	-0.134471	0.552838	-0.061408	0.831023
55831	5.164233	-4.851489	6.287942	-0.410615	-0.078593	0.140358	-0.827644	-0.152668	0.540091	0.091412	-0.986112	-0.138664	0.553759	-0.065394	0.830105
55832	6.023013	-3.868470	8.039372	-0.110136	-0.086166	0.093149	-0.827073	-0.153605	0.540699	0.091519	-0.985900	-0.140090	0.554594	-0.066381	0.829469
55833	5.630889	-2.399876	8.276474	-0.046861	-0.019885	0.039912	-0.826999	-0.154000	0.540700	0.091561	-0.985805	-0.140730	0.554698	-0.066876	0.829360
55834	5.556837	-1.957382	8.651079	-0.070964	-0.008490	0.023709	-0.826922	-0.154201	0.540760	0.091310	-0.985724	-0.141456	0.554854	-0.067596	0.829197
55835	5.173981	-2.133650	8.683808	-0.019511	0.002974	0.010433	-0.827000	-0.154291	0.540615	0.091260	-0.985692	-0.141711	0.554745	-0.067859	0.829249
55836	5.225923	-1.751151	8.770637	0.000178	-0.028269	-0.004068	-0.826839	-0.154232	0.540878	0.091174	-0.985702	-0.141697	0.554999	-0.067847	0.829079
55837	5.686363	-0.891270	8.798810	0.016593	-0.004755	-0.009780	-0.826893	-0.154128	0.540826	0.091156	-0.985726	-0.141545	0.554922	-0.067743	0.829140
55838	5.315515	-0.558200	8.934504	0.000495	0.015551	0.004378	-0.826967	-0.154123	0.540714	0.091142	-0.985723	-0.141574	0.554814	-0.067795	0.829208
55839	5.284760	-1.050932	8.759460	-0.035140	0.012668	0.018779	-0.827092	-0.154287	0.540477	0.091074	-0.985668	-0.142003	0.554640	-0.068226	0.829289
55840	5.494970	-1.403898	8.545621	-0.032452	0.025481	0.019136	-0.827207	-0.154421	0.540261	0.090999	-0.985620	-0.142384	0.554479	-0.068618	0.829364
55841	5.371324	-1.237996	8.676805	-0.034392	0.040095	0.014571	-0.827487	-0.154524	0.539803	0.090901	-0.985571	-0.142783	0.554078	-0.069082	0.829593
55842	5.207352	-1.323247	8.676800	-0.046702	0.044106	0.016733	-0.827708	-0.154621	0.539437	0.090728	-0.985516	-0.143270	0.553776	-0.069644	0.829748
55843	5.011341	-1.545349	8.731839	-0.054198	0.029511	0.015951	-0.827927	-0.154745	0.539065	0.090532	-0.985451	-0.143840	0.553480	-0.070286	0.829891
55844	4.898643	-1.707208	8.745429	-0.057421	0.002726	0.011332	-0.827924	-0.154817	0.539049	0.090255	-0.985397	-0.144387	0.553530	-0.070889	0.829806
55845	5.155195	-1.707648	8.646318	-0.038170	-0.019471	0.002487	-0.827884	-0.154843	0.539102	0.090037	-0.985363	-0.144751	0.553625	-0.071298	0.829708
55846	5.169615	-1.405785	8.744341	-0.032486	-0.028408	-0.001456	-0.827720	-0.154811	0.539363	0.089792	-0.985346	-0.145022	0.553910	-0.071607	0.829491
55847	5.031123	-1.328655	8.812816	-0.038656	-0.048059	0.001709	-0.827523	-0.154850	0.539655	0.089565	-0.985313	-0.145387	0.554242	-0.071977	0.829238
55848	5.458031	-1.702315	8.750583	-0.055637	-0.072515	-0.000510	-0.827113	-0.154860	0.540280	0.089199	-0.985277	-0.145854	0.554912	-0.072445	0.828749
55849	5.437103	-1.671358	8.565942	-0.002733	-0.038958	-0.010628	-0.826977	-0.154771	0.540514	0.089069	-0.985288	-0.145854	0.555136	-0.072475	0.828596
55850	5.460247	-1.447934	8.704034	-0.002211	-0.032331	-0.013371	-0.826801	-0.154625	0.540825	0.088893	-0.985311	-0.145809	0.555426	-0.072479	0.828401
55851	5.398700	-1.518255	8.672419	0.010426	-0.020255	-0.017406	-0.826774	-0.154456	0.540914	0.088780	-0.985343	-0.145663	0.555484	-0.072408	0.828368
55852	5.361673	-1.481882	8.614338	0.019243	-0.018057	-0.019661	-0.826683	-0.154237	0.541116	0.088671	-0.985391	-0.145406	0.555637	-0.072223	0.828282
55853	5.335376	-1.314457	8.657869	0.019318	-0.009743	-0.023723	-0.826719	-0.153998	0.541128	0.088555	-0.985438	-0.145152	0.555601	-0.072080	0.828318
55854	5.180374	-1.488333	8.637984	0.021172	-0.008174	-0.022510	-0.826686	-0.153745	0.541252	0.088433	-0.985492	-0.144863	0.555671	-0.071892	0.828288
55855	5.202563	-1.680219	8.622114	0.023079	-0.017099	-0.028596	-0.826685	-0.153463	0.541332	0.088298	-0.985550	-0.144551	0.555693	-0.071700	0.828290
55856	5.240249	-1.327550	8.627345	0.036795	-0.017851	-0.030885	-0.826605	-0.153133	0.541548	0.088194	-0.985627	-0.144088	0.555829	-0.071342	0.828230
55857	5.339074	-0.943454	8.744360	0.026852	-0.017115	-0.026464	-0.826603	-0.152872	0.541625	0.088098	-0.985684	-0.143756	0.555848	-0.071113	0.828237
55858	5.241518	-1.076695	8.782793	0.004188	-0.012265	-0.021327	-0.826545	-0.152633	0.541781	0.087891	-0.985723	-0.143614	0.555966	-0.071086	0.828160
55859	5.295114	-1.309460	8.712226	-0.009384	-0.021947	-0.008846	-0.826500	-0.152548	0.541873	0.087740	-0.985728	-0.143676	0.556057	-0.071205	0.828089
55860	5.252257	-1.528602	8.674342	-0.010111	-0.026462	-0.012219	-0.826355	-0.152409	0.542133	0.087529	-0.985743	-0.143702	0.556305	-0.071297	0.827914
55861	5.149011	-1.692903	8.595709	-0.008056	-0.034351	-0.011889	-0.826244	-0.152303	0.542333	0.087359	-0.985753	-0.143736	0.556498	-0.071383	0.827777
55862	4.980722	-1.882477	8.640143	-0.000780	-0.045370	-0.027609	-0.826007	-0.152025	0.542771	0.087074	-0.985798	-0.143602	0.556894	-0.071355	0.827513
55863	5.280515	-1.710794	8.598719	0.016335	-0.063864	-0.043547	-0.825758	-0.151629	0.543260	0.086778	-0.985873	-0.143262	0.557308	-0.071157	0.827251
55864	5.496950	-1.350586	8.609754	0.051436	-0.048733	-0.052039	-0.825524	-0.151113	0.543761	0.086582	-0.985992	-0.142563	0.557687	-0.070609	0.827043
55865	5.482344	-1.196365	8.614357	0.048695	-0.039597	-0.048890	-0.825414	-0.150646	0.544057	0.086423	-0.986097	-0.141927	0.557874	-0.070129	0.826958
55866	5.276581	-1.284897	8.669726	0.033140	-0.033090	-0.040790	-0.825256	-0.150229	0.544411	0.086218	-0.986185	-0.141439	0.558139	-0.069785	0.826808
55867	4.925398	-1.484243	8.740141	0.012025	-0.050136	-0.039529	-0.825079	-0.149861	0.544781	0.085933	-0.986251	-0.141156	0.558445	-0.069650	0.826613
55868	4.971767	-1.537447	8.645254	-0.004542	-0.080541	-0.047055	-0.824661	-0.149415	0.545536	0.085466	-0.986321	-0.140946	0.559133	-0.069608	0.826151
55869	4.940680	-1.458868	8.880735	-0.027917	-0.117911	-0.051672	-0.824114	-0.148975	0.546482	0.084857	-0.986377	-0.140926	0.560031	-0.069766	0.825529
55870	5.603747	-1.244037	8.675404	-0.056464	-0.132379	-0.048072	-0.823404	-0.148555	0.547665	0.084091	-0.986412	-0.141137	0.561190	-0.070159	0.824708
55871	5.711862	-0.802073	8.706838	-0.054295	-0.119799	-0.026895	-0.822823	-0.148361	0.548590	0.083538	-0.986412	-0.141468	0.562124	-0.070575	0.824037
55872	5.661134	-0.951169	8.656767	-0.084404	-0.104424	-0.001114	-0.822228	-0.148386	0.549474	0.083001	-0.986357	-0.142166	0.563073	-0.071286	0.823327
55873	5.548827	-1.051001	8.711669	-0.090307	-0.096911	0.018737	-0.821736	-0.148627	0.550146	0.082620	-0.986262	-0.143041	0.563848	-0.072089	0.822727
55874	5.528731	-1.180701	8.674537	-0.103632	-0.095727	0.033776	-0.821159	-0.148992	0.550908	0.082259	-0.986140	-0.144087	0.564740	-0.073001	0.822034
55875	5.350712	-1.551032	8.551879	-0.110936	-0.089550	0.031613	-0.820696	-0.149355	0.551499	0.081866	-0.986009	-0.145201	0.565470	-0.074016	0.821441
55876	5.253744	-1.728385	8.613216	-0.092124	-0.102705	0.028265	-0.820083	-0.149672	0.552324	0.081523	-0.985902	-0.146121	0.566408	-0.074804	0.820723
55877	5.158827	-1.730138	8.673212	-0.092942	-0.123524	0.010684	-0.819443	-0.149856	0.553224	0.081059	-0.985814	-0.146970	0.567400	-0.075590	0.819965
55878	5.288455	-1.772054	8.612996	-0.077688	-0.138402	-0.010975	-0.818657	-0.149816	0.554397	0.080474	-0.985775	-0.147554	0.568617	-0.076182	0.819067
55879	5.385924	-1.527525	8.621058	-0.057225	-0.141085	-0.023475	-0.817942	-0.149678	0.555489	0.079931	-0.985764	-0.147921	0.569721	-0.076590	0.818261
55880	5.312800	-1.646550	8.677453	-0.047103	-0.142950	-0.032945	-0.817144	-0.149426	0.556730	0.079340	-0.985780	-0.148131	0.570948	-0.076873	0.817380
55881	5.339403	-1.760717	8.612123	-0.029843	-0.163561	-0.042999	-0.816312	-0.149114	0.558032	0.078793	-0.985819	-0.148163	0.572212	-0.076979	0.816485
55882	5.269584	-1.742581	8.748914	-0.007118	-0.193559	-0.052319	-0.815235	-0.148709	0.559712	0.078272	-0.985895	-0.147937	0.573816	-0.076793	0.815376
55883	5.277561	-1.541414	8.866840	0.001084	-0.215889	-0.066331	-0.814116	-0.148208	0.561471	0.077713	-0.985992	-0.147585	0.575479	-0.076518	0.814229
55884	4.872215	-1.677465	8.963210	0.015894	-0.334851	-0.068746	-0.812229	-0.147748	0.564318	0.077192	-0.986109	-0.147076	0.578209	-0.075899	0.812351
55885	4.287137	-0.908118	9.600562	-0.017390	-0.398396	-0.111156	-0.810075	-0.146940	0.567615	0.076165	-0.986257	-0.146617	0.581358	-0.075538	0.810134
55886	4.771489	-1.204785	9.031076	-0.087567	-0.648202	-0.098890	-0.806355	-0.146417	0.573021	0.074800	-0.986339	-0.146767	0.586683	-0.075484	0.806291
55887	5.016059	-1.103333	9.129796	-0.129205	-0.662055	-0.100623	-0.802602	-0.145913	0.578394	0.073206	-0.986386	-0.147254	0.592006	-0.075845	0.802357
55888	5.374525	-0.944631	8.949679	-0.122805	-0.796346	-0.075076	-0.797907	-0.145739	0.584897	0.071820	-0.986405	-0.147806	0.598487	-0.075928	0.797526
55889	5.320056	-1.102452	8.757387	-0.120495	-0.885829	-0.055451	-0.792691	-0.145851	0.591920	0.070631	-0.986393	-0.148462	0.605519	-0.075877	0.792206
55890	5.403592	-1.309237	8.700391	-0.134655	-0.971200	-0.041634	-0.786791	-0.146139	0.599669	0.069428	-0.986354	-0.149282	0.613302	-0.075820	0.786201
55891	5.424010	-1.595867	8.643942	-0.133735	-1.075624	-0.044109	-0.780259	-0.146506	0.608055	0.068235	-0.986316	-0.150085	0.621723	-0.075615	0.779579
55892	5.349394	-1.683177	8.571918	-0.118526	-1.188625	-0.073156	-0.772853	-0.146642	0.617410	0.066870	-0.986337	-0.150561	0.631052	-0.075075	0.772099
55893	5.209999	-1.454566	8.891106	-0.118581	-1.336932	-0.104153	-0.764500	-0.146601	0.627733	0.065294	-0.986399	-0.150845	0.641309	-0.074334	0.763674
55894	4.809376	-1.534414	9.565737	-0.070486	-1.569538	-0.104955	-0.754397	-0.146682	0.639820	0.063986	-0.986504	-0.150717	0.653293	-0.072760	0.753601
55895	3.999074	-1.726313	10.024083	0.021829	-1.928838	-0.155518	-0.741845	-0.146511	0.654370	0.062947	-0.986746	-0.149567	0.667610	-0.069765	0.741235
55896	3.938693	-1.730077	9.749779	0.091638	-2.355460	-0.271452	-0.726073	-0.145386	0.672072	0.061520	-0.987207	-0.147095	0.684860	-0.065456	0.725729
55897	4.395599	-1.780877	9.783850	0.108520	-2.826174	-0.380477	-0.706764	-0.143397	0.692764	0.059530	-0.987823	-0.143740	0.704940	-0.060350	0.706695
55898	3.277868	-1.581040	9.748792	0.115405	-3.285480	-0.545056	-0.683531	-0.139860	0.716397	0.056513	-0.988665	-0.139094	0.727731	-0.054589	0.683687
55899	3.433869	-2.143753	8.763836	0.105241	-3.764527	-0.744557	-0.656181	-0.134426	0.742533	0.052287	-0.989739	-0.132974	0.752790	-0.048430	0.656477
55900	4.598366	-3.394174	8.929520	0.174172	-4.212425	-0.961967	-0.624364	-0.126748	0.770782	0.047408	-0.991077	-0.124571	0.779693	-0.041237	0.624802
55901	6.101582	-3.553413	9.266018	0.346305	-4.525569	-1.213729	-0.589137	-0.116370	0.799610	0.042771	-0.992679	-0.112954	0.806900	-0.032345	0.589801
55902	8.912490	-4.356026	10.289160	0.473272	-4.781844	-1.433351	-0.550463	-0.103396	0.828432	0.038433	-0.994388	-0.098572	0.833974	-0.022421	0.551348
55903	9.876543	-5.412490	10.475923	0.599912	-4.816957	-1.695007	-0.510443	-0.087355	0.855463	0.034498	-0.996106	-0.081132	0.859219	-0.011902	0.511469
55904	10.927695	-4.225360	11.651022	0.679764	-4.867745	-1.828132	-0.468619	-0.069410	0.880669	0.031418	-0.997587	-0.061907	0.882841	-0.001342	0.469669
55905	11.029175	-4.416223	10.472053	0.557114	-4.951636	-1.957745	-0.425099	-0.049737	0.903779	0.027620	-0.998737	-0.041972	0.904725	0.007120	0.425936
55906	11.798840	-4.820536	9.806224	0.523449	-5.024950	-2.068847	-0.379637	-0.028484	0.924697	0.024034	-0.999492	-0.020921	0.924823	0.014282	0.380129
