// General information: 
//  MT Manager version: 2022.2.0 
//  XDA version: 2022.2.0 build 7381 rev 124627 built on 2023-07-19
// Device information: 
//  DeviceId: 00B4CB9F
//  ProductCode: MTW2-3A7G6
//  Firmware Version: 4.6.0
//  Hardware Version: 2.0.0
// Device settings: 
//  Filter Profile: human(46.1)
//  Option Flags: Orientation Smoother Disabled, Position/Velocity Smoother Disabled, Continuous Zero Rotation Update Disabled, AHS Disabled, ICC Disabled
// Coordinate system: ENU
PacketCounter	Acc_X	Acc_Y	Acc_Z	Gyr_X	Gyr_Y	Gyr_Z	Mat[1][1]	Mat[2][1]	Mat[3][1]	Mat[1][2]	Mat[2][2]	Mat[3][2]	Mat[1][3]	Mat[2][3]	Mat[3][3]
54871	9.829804	-0.544850	1.008107	-0.073149	0.027647	0.014838	-0.046061	-0.020505	0.998728	0.214505	-0.976670	-0.010159	0.975636	0.213765	0.049385
54872	9.832331	-0.332578	1.018729	-0.012391	0.020925	0.012490	-0.046171	-0.020700	0.998719	0.214437	-0.976683	-0.010330	0.975646	0.213686	0.049534
54873	9.834901	-0.062906	1.009656	0.022345	0.022419	0.005736	-0.046298	-0.020833	0.998710	0.214705	-0.976623	-0.010419	0.975581	0.213946	0.049688
54874	9.762935	0.041368	0.796087	0.045060	0.024123	-0.002416	-0.046471	-0.020889	0.998701	0.215191	-0.976517	-0.010412	0.975466	0.214427	0.049875
54875	9.746025	-0.010456	0.435651	0.084183	0.008840	-0.004044	-0.046487	-0.020898	0.998700	0.216058	-0.976325	-0.010373	0.975273	0.215295	0.049902
54876	9.748569	-0.058973	0.265842	0.090964	0.010183	-0.004043	-0.046528	-0.020909	0.998698	0.216991	-0.976119	-0.010327	0.975064	0.216228	0.049954
54877	9.670346	-0.165812	0.111191	0.108106	-0.001637	-0.002717	-0.046440	-0.020908	0.998702	0.218087	-0.975875	-0.010289	0.974824	0.217326	0.049879
54878	9.764538	-0.137294	0.131433	0.108132	-0.018495	0.007450	-0.046176	-0.020968	0.998713	0.219192	-0.975627	-0.010349	0.974588	0.218432	0.049646
54879	9.809405	-0.013734	0.212669	0.095403	-0.022014	0.016531	-0.045845	-0.021109	0.998726	0.220178	-0.975403	-0.010509	0.974382	0.219415	0.049365
54880	9.773553	0.051399	0.308518	0.076794	-0.037230	0.020431	-0.045370	-0.021254	0.998744	0.220982	-0.975219	-0.010715	0.974222	0.220219	0.048942
54881	9.901329	0.117945	0.377448	0.045988	-0.038185	0.017628	-0.044877	-0.021370	0.998764	0.221487	-0.975102	-0.010911	0.974130	0.220724	0.048493
54882	9.871156	0.009194	0.429259	0.010026	-0.036975	0.016043	-0.044414	-0.021472	0.998782	0.221639	-0.975065	-0.011106	0.974117	0.220876	0.048066
54883	9.805666	-0.024286	0.423740	0.009504	-0.037891	0.006253	-0.043951	-0.021477	0.998803	0.221784	-0.975031	-0.011206	0.974105	0.221026	0.047616
54884	9.854896	0.047998	0.297548	0.016872	-0.043708	0.007046	-0.043442	-0.021476	0.998825	0.221998	-0.974981	-0.011308	0.974079	0.221246	0.047123
54885	9.824971	0.061120	0.152827	0.003202	-0.038944	-0.001967	-0.042987	-0.021398	0.998846	0.222075	-0.974964	-0.011329	0.974081	0.221332	0.046663
54886	9.837086	-0.071265	0.104359	-0.009110	-0.035553	0.002621	-0.042568	-0.021372	0.998865	0.222035	-0.974972	-0.011399	0.974109	0.221297	0.046248
54887	9.741154	-0.154872	0.135095	-0.009654	-0.027714	0.004447	-0.042207	-0.021381	0.998880	0.221993	-0.974981	-0.011489	0.974134	0.221259	0.045897
54888	9.744063	-0.126480	0.512078	-0.025689	-0.022113	0.013716	-0.041894	-0.021493	0.998891	0.221796	-0.975023	-0.011677	0.974193	0.221060	0.045615
54889	9.670961	-0.065024	1.075554	-0.068891	0.005240	0.014344	-0.041833	-0.021672	0.998890	0.221175	-0.975162	-0.011894	0.974336	0.220432	0.045587
54890	9.764048	-0.415398	0.958755	-0.090099	0.004301	0.013223	-0.041778	-0.021838	0.998888	0.220350	-0.975346	-0.012107	0.974526	0.219599	0.045560
54891	9.803053	-0.882379	0.931245	-0.066391	0.016644	0.020849	-0.041817	-0.022104	0.998881	0.219762	-0.975475	-0.012386	0.974657	0.218998	0.045649
54892	9.879740	-0.663203	1.082762	-0.000085	0.034332	0.028483	-0.042021	-0.022485	0.998864	0.219820	-0.975458	-0.012711	0.974635	0.219036	0.045933
54893	9.711122	-0.475998	0.843907	0.058918	0.032260	0.018494	-0.042217	-0.022765	0.998849	0.220451	-0.975313	-0.012912	0.974484	0.219653	0.046193
54894	9.738221	-0.020118	0.584430	0.091159	0.024502	0.013106	-0.042359	-0.022975	0.998838	0.221392	-0.975098	-0.013040	0.974264	0.220583	0.046391
54895	9.748494	0.243200	0.436468	0.073711	0.030833	0.006149	-0.042568	-0.023133	0.998826	0.222166	-0.974921	-0.013111	0.974079	0.221347	0.046639
54896	9.793743	0.037680	0.486402	0.029097	0.031876	-0.000768	-0.042812	-0.023223	0.998813	0.222496	-0.974845	-0.013129	0.973993	0.221670	0.046903
54897	9.776852	-0.203377	0.465482	0.018087	0.023764	0.000538	-0.042966	-0.023310	0.998805	0.222722	-0.974793	-0.013169	0.973935	0.221890	0.047074
54898	9.824521	-0.290275	0.283570	0.012090	0.010683	0.005509	-0.042990	-0.023415	0.998801	0.222889	-0.974754	-0.013258	0.973895	0.222052	0.047124
54899	9.828984	-0.199031	0.453246	-0.008260	0.007422	0.008168	-0.042966	-0.023539	0.998799	0.222861	-0.974758	-0.013386	0.973903	0.222018	0.047127
54900	9.798434	-0.306896	0.509258	-0.020095	0.001596	0.005663	-0.042901	-0.023626	0.998800	0.222715	-0.974790	-0.013492	0.973939	0.221869	0.047082
54901	9.753123	-0.488434	0.446285	-0.006571	-0.005935	0.004167	-0.042757	-0.023682	0.998805	0.222697	-0.974793	-0.013580	0.973950	0.221850	0.046953
54902	9.822669	-0.290754	0.317835	0.022487	-0.019334	0.001653	-0.042498	-0.023683	0.998816	0.222964	-0.974732	-0.013625	0.973900	0.222121	0.046704
54903	9.879859	-0.298721	0.354781	-0.003955	-0.001945	0.004298	-0.042391	-0.023750	0.998819	0.222974	-0.974728	-0.013714	0.973902	0.222129	0.046615
54904	9.799041	-0.630510	0.314723	0.000797	-0.002985	0.001179	-0.042292	-0.023783	0.998822	0.223029	-0.974715	-0.013765	0.973894	0.222185	0.046527
54905	9.884837	-0.586174	0.351559	0.047016	-0.000498	0.009316	-0.042189	-0.023903	0.998824	0.223532	-0.974598	-0.013882	0.973783	0.222684	0.046460
54906	9.836180	-0.208991	0.313046	0.080523	-0.002217	0.008516	-0.042081	-0.024009	0.998826	0.224367	-0.974405	-0.013969	0.973596	0.223516	0.046391
54907	9.782839	-0.036085	0.144942	0.095098	-0.016614	-0.000401	-0.041842	-0.023998	0.998836	0.225342	-0.974180	-0.013966	0.973381	0.224495	0.046169
54908	9.816859	0.011358	0.038870	0.082674	-0.015270	-0.003704	-0.041634	-0.023955	0.998846	0.226192	-0.973983	-0.013931	0.973193	0.225351	0.045969
54909	9.842106	-0.149714	0.029416	0.084560	-0.024433	-0.007311	-0.041335	-0.023859	0.998860	0.227064	-0.973781	-0.013864	0.973002	0.226232	0.045668
54910	9.828738	-0.119799	-0.010022	0.107214	-0.030743	-0.009047	-0.040989	-0.023729	0.998878	0.228150	-0.973529	-0.013764	0.972763	0.227330	0.045317
54911	9.835540	-0.020468	-0.035645	0.100033	-0.038979	-0.019898	-0.040575	-0.023476	0.998901	0.229156	-0.973295	-0.013566	0.972544	0.228354	0.044871
54912	9.747716	-0.012252	0.094703	0.069344	-0.029829	-0.021231	-0.040266	-0.023228	0.998919	0.229869	-0.973130	-0.013363	0.972388	0.229083	0.044523
54913	9.711326	0.030296	0.816241	0.013887	-0.000604	-0.021406	-0.040229	-0.023048	0.998925	0.230044	-0.973091	-0.013187	0.972348	0.229266	0.044449
54914	9.647093	-0.289779	1.039424	-0.050425	0.015434	-0.023481	-0.040366	-0.022882	0.998923	0.229591	-0.973200	-0.013015	0.972450	0.228818	0.044537
54915	9.892124	-0.996287	0.815502	-0.057804	0.021285	-0.008889	-0.040513	-0.022872	0.998917	0.229078	-0.973321	-0.012996	0.972565	0.228303	0.044672
54916	9.989015	-0.929162	1.062445	0.003700	0.051142	0.005912	-0.040929	-0.023074	0.998896	0.229163	-0.973300	-0.013093	0.972527	0.228374	0.045124
54917	9.816131	-0.583302	1.144056	0.075393	0.056308	0.000021	-0.041399	-0.023233	0.998873	0.229948	-0.973115	-0.013104	0.972322	0.229146	0.045628
54918	9.824594	-0.310898	0.875406	0.147877	0.050495	0.001785	-0.041818	-0.023394	0.998851	0.231433	-0.972763	-0.013094	0.971952	0.230620	0.046093
54919	9.857119	0.082396	0.531253	0.184638	0.058803	-0.001479	-0.042315	-0.023548	0.998827	0.233275	-0.972323	-0.013041	0.971490	0.232450	0.046637
54920	9.838053	0.082991	0.189636	0.188918	0.060481	-0.001222	-0.042838	-0.023704	0.998801	0.235156	-0.971871	-0.012979	0.971013	0.234318	0.047207
54921	9.724479	0.103786	-0.037496	0.209435	0.052708	-0.003351	-0.043278	-0.023827	0.998779	0.237237	-0.971366	-0.012893	0.970487	0.236390	0.047691
54922	9.724683	0.272058	-0.096400	0.207642	0.030432	-0.002074	-0.043511	-0.023905	0.998767	0.239298	-0.970862	-0.012812	0.969971	0.238445	0.047963
54923	9.725921	0.432794	-0.035639	0.142469	0.019481	-0.007134	-0.043638	-0.023913	0.998761	0.240723	-0.970511	-0.012719	0.969613	0.239869	0.048107
54924	9.759059	0.306353	0.079521	0.043390	0.006834	-0.013756	-0.043669	-0.023822	0.998762	0.241184	-0.970398	-0.012600	0.969496	0.240335	0.048122
54925	9.823573	0.111458	0.321743	-0.030995	-0.000228	-0.020172	-0.043636	-0.023655	0.998767	0.240924	-0.970464	-0.012458	0.969562	0.240084	0.048046
54926	9.813013	-0.035978	0.434842	-0.067534	-0.004369	-0.016572	-0.043566	-0.023510	0.998774	0.240309	-0.970618	-0.012365	0.969718	0.239476	0.047935
54927	9.950841	-0.208418	0.540111	-0.077400	-0.000447	-0.009661	-0.043506	-0.023443	0.998778	0.239604	-0.970792	-0.012349	0.969895	0.238774	0.047852
54928	9.854746	-0.290496	0.575050	-0.043603	0.006422	-0.009686	-0.043524	-0.023391	0.998779	0.239224	-0.970886	-0.012313	0.969989	0.238396	0.047852
54929	9.783510	-0.147429	0.614696	-0.008013	0.010787	-0.009583	-0.043572	-0.023352	0.998777	0.239188	-0.970896	-0.012266	0.969995	0.238362	0.047889
54930	9.635365	0.201098	0.775524	0.033851	0.006753	-0.015420	-0.043606	-0.023245	0.998778	0.239557	-0.970806	-0.012135	0.969903	0.238735	0.047902
54931	9.608702	0.415116	0.917604	0.000290	0.023027	-0.017504	-0.043793	-0.023157	0.998772	0.239603	-0.970797	-0.012003	0.969883	0.238783	0.048063
54932	9.733868	0.066017	0.637856	-0.051137	0.026978	-0.013345	-0.044019	-0.023119	0.998763	0.239148	-0.970910	-0.011934	0.969985	0.238327	0.048267
54933	9.862848	-0.202955	0.804636	-0.081128	0.049300	0.004248	-0.044410	-0.023305	0.998742	0.238410	-0.971090	-0.012058	0.970149	0.237575	0.048682
54934	9.793831	-0.183562	0.977440	-0.079239	0.048892	-0.003145	-0.044824	-0.023417	0.998720	0.237687	-0.971266	-0.012105	0.970307	0.236840	0.049102
54935	9.695676	-0.307287	0.793164	-0.066914	0.038221	0.001427	-0.045114	-0.023548	0.998704	0.237090	-0.971411	-0.012195	0.970440	0.236233	0.049407
54936	9.776781	-0.180271	0.481349	-0.057604	0.033430	0.000133	-0.045370	-0.023655	0.998690	0.236578	-0.971535	-0.012265	0.970553	0.235712	0.049675
54937	9.765441	-0.097630	0.391405	-0.054107	0.017560	-0.003656	-0.045474	-0.023689	0.998685	0.236101	-0.971651	-0.012297	0.970664	0.235231	0.049778
54938	9.764714	-0.089115	0.270246	-0.056599	-0.003364	-0.008881	-0.045394	-0.023622	0.998690	0.235594	-0.971774	-0.012276	0.970791	0.234728	0.049678
54939	9.688529	-0.158238	0.338569	-0.069013	-0.012305	-0.013654	-0.045230	-0.023489	0.998700	0.234966	-0.971927	-0.012218	0.970951	0.234108	0.049480
54940	9.660780	-0.274214	0.480882	-0.080370	-0.018629	-0.011626	-0.045009	-0.023359	0.998713	0.234227	-0.972106	-0.012181	0.971139	0.233378	0.049225
54941	9.794820	-0.275347	0.590345	-0.069575	-0.021963	-0.004215	-0.044729	-0.023296	0.998728	0.233598	-0.972257	-0.012217	0.971304	0.232754	0.048930
54942	9.818417	-0.169334	0.791236	-0.070338	-0.017552	-0.000154	-0.044491	-0.023281	0.998738	0.232962	-0.972408	-0.012289	0.971468	0.232121	0.048687
54943	9.795552	-0.018771	0.883727	-0.073329	-0.010209	-0.000745	-0.044317	-0.023279	0.998746	0.232296	-0.972566	-0.012361	0.971635	0.231457	0.048509
54944	9.810046	-0.097712	0.783946	-0.070570	-0.012193	-0.001697	-0.044135	-0.023261	0.998755	0.231657	-0.972718	-0.012418	0.971796	0.230820	0.048320
54945	9.843628	-0.154716	0.597333	-0.061859	-0.010547	-0.006466	-0.043971	-0.023204	0.998763	0.231100	-0.972851	-0.012427	0.971936	0.230268	0.048140
54946	9.854178	-0.285189	0.587298	-0.058843	0.001822	-0.005610	-0.043934	-0.023180	0.998765	0.230573	-0.972976	-0.012439	0.972063	0.229742	0.048092
54947	9.761202	-0.250279	0.388944	-0.023264	-0.015007	-0.011007	-0.043739	-0.023068	0.998777	0.230389	-0.973020	-0.012384	0.972115	0.229566	0.047874
54948	9.808002	-0.109895	0.156522	-0.015963	-0.031697	-0.014259	-0.043396	-0.022884	0.998796	0.230275	-0.973048	-0.012289	0.972158	0.229464	0.047496
54949	9.794773	-0.136205	0.136644	-0.031031	-0.035106	-0.004952	-0.042992	-0.022785	0.998816	0.230019	-0.973108	-0.012298	0.972236	0.229218	0.047077
54950	9.759716	-0.229943	0.135655	-0.037473	-0.048460	-0.007122	-0.042469	-0.022631	0.998841	0.229699	-0.973184	-0.012284	0.972335	0.228911	0.046529
54951	9.795023	-0.247639	0.168016	-0.047442	-0.055421	-0.004263	-0.041864	-0.022492	0.998870	0.229287	-0.973281	-0.012306	0.972458	0.228513	0.045903
54952	9.770498	-0.151291	0.311596	-0.048212	-0.060503	0.000980	-0.041206	-0.022391	0.998900	0.228865	-0.973379	-0.012378	0.972586	0.228104	0.045234
54953	9.861245	-0.175269	0.415643	-0.051037	-0.059166	-0.000680	-0.040555	-0.022279	0.998929	0.228418	-0.973484	-0.012438	0.972718	0.227669	0.044569
54954	9.873925	-0.364291	0.385944	-0.033437	-0.052432	0.002894	-0.039971	-0.022215	0.998954	0.228141	-0.973548	-0.012521	0.972807	0.227402	0.043982
54955	9.857135	-0.388302	0.433574	0.023269	-0.041202	0.005206	-0.039482	-0.022201	0.998974	0.228421	-0.973481	-0.012606	0.972762	0.227689	0.043506
54956	9.756615	-0.370468	0.805602	0.050089	-0.014366	0.006180	-0.039261	-0.022255	0.998981	0.228958	-0.973354	-0.012686	0.972644	0.228226	0.043310
54957	9.703101	-0.366708	0.697667	0.099522	-0.013469	0.005125	-0.039042	-0.022305	0.998989	0.229975	-0.973113	-0.012739	0.972413	0.229245	0.043122
54958	9.860605	-0.310862	0.911346	0.086974	0.022270	0.014778	-0.039157	-0.022527	0.998979	0.230874	-0.972898	-0.012889	0.972196	0.230133	0.043297
54959	9.789788	-0.331274	0.859753	0.078368	0.032228	0.010877	-0.039370	-0.022738	0.998966	0.231687	-0.972703	-0.013009	0.971993	0.230936	0.043564
54960	9.811294	-0.321088	0.864225	0.077445	0.042640	0.016029	-0.039680	-0.023019	0.998947	0.232493	-0.972509	-0.013175	0.971788	0.231726	0.043941
54961	9.801400	0.024711	0.918227	0.082661	0.051383	0.018898	-0.040059	-0.023353	0.998924	0.233356	-0.972299	-0.013373	0.971566	0.232570	0.044399
54962	9.770080	0.100708	0.639897	0.073793	0.046995	0.013184	-0.040417	-0.023618	0.998904	0.234125	-0.972113	-0.013511	0.971366	0.233323	0.044820
54963	9.830316	0.159783	0.314899	0.061978	0.041129	0.010692	-0.040718	-0.023849	0.998886	0.234777	-0.971954	-0.013635	0.971196	0.233960	0.045175
54964	9.813950	0.086168	0.235570	0.048957	0.039367	0.005094	-0.041021	-0.024017	0.998870	0.235301	-0.971826	-0.013704	0.971057	0.234473	0.045516
54965	9.746228	-0.042123	0.034336	0.049240	0.017174	0.001523	-0.041110	-0.024102	0.998864	0.235831	-0.971697	-0.013740	0.970924	0.234998	0.045630
54966	9.747987	-0.142072	-0.236179	0.064282	-0.006426	0.001057	-0.040977	-0.024124	0.998869	0.236502	-0.971534	-0.013761	0.970767	0.235671	0.045516
54967	9.769829	-0.187723	-0.215765	0.045774	-0.012269	0.003816	-0.040774	-0.024162	0.998876	0.236995	-0.971412	-0.013823	0.970655	0.236165	0.045334
54968	9.799343	-0.256174	-0.055275	0.027104	-0.012109	0.007643	-0.040570	-0.024234	0.998883	0.237308	-0.971335	-0.013927	0.970587	0.236478	0.045158
54969	9.796591	-0.317083	0.154442	0.029881	-0.022877	0.010521	-0.040249	-0.024312	0.998894	0.237645	-0.971250	-0.014063	0.970518	0.236816	0.044869
54970	9.868118	-0.250106	0.307783	0.045040	-0.025396	0.015532	-0.039898	-0.024429	0.998905	0.238135	-0.971128	-0.014238	0.970412	0.237306	0.044563
54971	9.877818	-0.163902	0.369833	0.050815	-0.024509	0.016603	-0.039545	-0.024562	0.998916	0.238682	-0.970991	-0.014426	0.970292	0.237853	0.044260
54972	9.877842	-0.221215	0.388817	0.057564	-0.014368	0.012761	-0.039307	-0.024678	0.998922	0.239293	-0.970838	-0.014568	0.970152	0.238462	0.044066
54973	9.800715	-0.227859	0.314550	0.087734	-0.013449	0.008443	-0.039080	-0.024757	0.998929	0.240195	-0.970614	-0.014658	0.969938	0.239365	0.043878
54974	9.812318	-0.086539	0.322715	0.099615	-0.005446	0.003405	-0.038951	-0.024803	0.998933	0.241209	-0.970362	-0.014689	0.969691	0.240380	0.043779
54975	9.717271	0.140849	0.788559	0.075405	0.016244	0.001447	-0.039029	-0.024887	0.998928	0.241987	-0.970168	-0.014715	0.969494	0.241154	0.043887
54976	9.705984	0.154755	0.997146	0.018769	0.029707	-0.002266	-0.039254	-0.024963	0.998917	0.242215	-0.970111	-0.014724	0.969428	0.241375	0.044127
54977	9.841744	-0.446421	0.874035	-0.027418	0.042409	0.004751	-0.039578	-0.025140	0.998900	0.241998	-0.970164	-0.014829	0.969469	0.241145	0.044481
54978	9.843988	-0.625524	1.028997	-0.012553	0.053382	0.017125	-0.039987	-0.025461	0.998876	0.241930	-0.970177	-0.015045	0.969470	0.241056	0.044954
54979	9.768531	-0.368469	1.100251	0.025054	0.060151	0.020328	-0.040446	-0.025833	0.998848	0.242229	-0.970099	-0.015281	0.969376	0.241332	0.045495
54980	9.686712	-0.083955	0.873988	0.062122	0.038197	0.020063	-0.040700	-0.026146	0.998829	0.242886	-0.969931	-0.015493	0.969201	0.241971	0.045827
54981	9.893519	0.224459	0.626350	0.058902	0.040638	0.016474	-0.040981	-0.026435	0.998810	0.243511	-0.969772	-0.015675	0.969032	0.242579	0.046179
54982	9.813613	0.227143	0.469689	0.024654	0.042975	0.008083	-0.041309	-0.026643	0.998791	0.243800	-0.969697	-0.015784	0.968945	0.242853	0.046553
54983	9.660538	0.107785	0.212083	0.010603	0.020252	0.000763	-0.041430	-0.026730	0.998784	0.243952	-0.969658	-0.015831	0.968902	0.242999	0.046694
54984	9.739748	0.068110	-0.004930	0.001586	0.002817	-0.001442	-0.041393	-0.026749	0.998785	0.244014	-0.969642	-0.015855	0.968888	0.243061	0.046663
54985	9.757724	0.083816	0.064576	-0.037189	0.000860	-0.005180	-0.041339	-0.026730	0.998788	0.243698	-0.969721	-0.015866	0.968970	0.242747	0.046601
54986	9.790425	-0.099350	0.199460	-0.082707	-0.010497	-0.002438	-0.041175	-0.026707	0.998795	0.242943	-0.969910	-0.015919	0.969166	0.241994	0.046425
54987	9.794402	-0.391399	0.356006	-0.096852	-0.015531	-0.002072	-0.040956	-0.026678	0.998805	0.242050	-0.970132	-0.015987	0.969399	0.241106	0.046190
54988	9.803626	-0.472162	0.481107	-0.077327	-0.015762	0.005830	-0.040721	-0.026723	0.998813	0.241349	-0.970304	-0.016120	0.969584	0.240407	0.045961
54989	9.902397	-0.511951	0.574189	-0.050772	-0.011294	-0.003947	-0.040547	-0.026686	0.998821	0.240904	-0.970415	-0.016148	0.969702	0.239966	0.045776
54990	9.826701	-0.357094	0.559115	-0.026538	-0.005254	-0.008241	-0.040448	-0.026620	0.998827	0.240690	-0.970468	-0.016117	0.969759	0.239756	0.045660
54991	9.820520	-0.173744	0.477487	-0.016816	-0.002432	-0.011464	-0.040378	-0.026532	0.998832	0.240569	-0.970499	-0.016055	0.969792	0.239640	0.045570
54992	9.807346	-0.143586	0.439713	-0.019496	-0.008577	-0.019449	-0.040274	-0.026349	0.998841	0.240419	-0.970539	-0.015909	0.969833	0.239500	0.045422
54993	9.795991	-0.171319	0.388470	-0.036767	-0.000294	-0.018641	-0.040242	-0.026198	0.998846	0.240098	-0.970620	-0.015785	0.969914	0.239186	0.045350
54994	9.827396	-0.281901	0.258551	-0.044884	0.000420	-0.014229	-0.040212	-0.026087	0.998851	0.239704	-0.970719	-0.015702	0.970013	0.238797	0.045288
54995	9.831106	-0.397418	0.231805	-0.056715	0.012848	-0.006378	-0.040278	-0.026085	0.998848	0.239201	-0.970843	-0.015708	0.970134	0.238293	0.045344
54996	9.788215	-0.370476	0.332653	-0.053954	0.010857	-0.007326	-0.040333	-0.026066	0.998846	0.238721	-0.970961	-0.015699	0.970250	0.237813	0.045385
54997	9.715945	-0.387871	0.313018	-0.050805	0.007020	-0.008989	-0.040349	-0.026026	0.998847	0.238272	-0.971072	-0.015677	0.970360	0.237364	0.045383
54998	9.676873	-0.420775	0.365366	-0.046893	0.008273	-0.015909	-0.040399	-0.025917	0.998847	0.237857	-0.971175	-0.015579	0.970460	0.236953	0.045399
54999	9.634721	-0.401631	0.588016	-0.049432	0.015172	-0.011975	-0.040500	-0.025868	0.998845	0.237419	-0.971283	-0.015527	0.970563	0.236516	0.045479
55000	9.796067	-0.243620	0.814616	-0.048679	0.020279	-0.017227	-0.040670	-0.025775	0.998840	0.236986	-0.971391	-0.015417	0.970661	0.236084	0.045615
55001	9.884150	-0.151627	0.920976	-0.070306	0.037978	-0.012588	-0.040995	-0.025774	0.998827	0.236344	-0.971548	-0.015370	0.970804	0.235436	0.045920
55002	9.853274	-0.145325	0.940689	-0.085254	0.054941	-0.015815	-0.041498	-0.025776	0.998806	0.235556	-0.971740	-0.015291	0.970974	0.234641	0.046397
55003	9.893926	-0.112275	0.860079	-0.081310	0.057643	-0.017473	-0.042025	-0.025772	0.998784	0.234808	-0.971923	-0.015200	0.971133	0.233884	0.046897
55004	9.951188	-0.215480	0.667623	-0.077932	0.068211	-0.017332	-0.042660	-0.025790	0.998757	0.234091	-0.972097	-0.015103	0.971278	0.233155	0.047507
55005	9.851108	-0.381647	0.417382	-0.037692	0.059183	-0.014173	-0.043195	-0.025821	0.998733	0.233768	-0.972176	-0.015024	0.971332	0.232823	0.048029
55006	9.847612	-0.464455	0.132090	0.019657	0.036924	-0.014818	-0.043521	-0.025790	0.998720	0.234000	-0.972122	-0.014907	0.971262	0.233051	0.048342
55007	9.821434	-0.348901	0.040724	0.063086	0.024020	-0.013315	-0.043712	-0.025749	0.998712	0.234653	-0.971967	-0.014789	0.971096	0.233704	0.048529
55008	9.726454	-0.054531	0.176029	0.066016	0.005800	-0.016792	-0.043740	-0.025627	0.998714	0.235333	-0.971805	-0.014629	0.970930	0.234391	0.048538
55009	9.701782	0.251827	0.486315	0.008375	-0.007458	-0.023500	-0.043649	-0.025412	0.998724	0.235452	-0.971779	-0.014436	0.970905	0.234522	0.048401
55010	9.787491	0.347477	0.623929	-0.079992	-0.013041	-0.036950	-0.043542	-0.025049	0.998738	0.234706	-0.971963	-0.014145	0.971091	0.233794	0.048200
55011	9.935806	0.158395	0.677392	-0.169990	-0.011158	-0.047512	-0.043471	-0.024593	0.998752	0.233082	-0.972359	-0.013798	0.971485	0.232192	0.048002
55012	9.920942	0.015459	0.856832	-0.223631	-0.008553	-0.059282	-0.043458	-0.024023	0.998766	0.230930	-0.972879	-0.013352	0.971999	0.230065	0.047827
55013	9.936357	-0.123913	0.899279	-0.249772	-0.000196	-0.063799	-0.043530	-0.023432	0.998777	0.228525	-0.973453	-0.012878	0.972564	0.227685	0.047729
55014	9.844325	-0.253140	0.761648	-0.230446	0.005714	-0.070145	-0.043678	-0.022789	0.998786	0.226299	-0.973980	-0.012327	0.973078	0.225486	0.047698
55015	9.907811	-0.372852	0.737168	-0.225242	0.017470	-0.072063	-0.043938	-0.022158	0.998789	0.224123	-0.974490	-0.011759	0.973570	0.223335	0.047783
55016	9.923244	-0.500569	0.658765	-0.216276	0.027020	-0.078633	-0.044309	-0.021479	0.998787	0.222030	-0.974977	-0.011117	0.974033	0.221268	0.047969
55017	9.803519	-0.679367	0.522801	-0.210145	0.037224	-0.089487	-0.044800	-0.020721	0.998781	0.219986	-0.975448	-0.010369	0.974474	0.219254	0.048258
55018	9.652946	-0.682065	0.343086	-0.186760	0.035544	-0.098982	-0.045296	-0.019861	0.998776	0.218169	-0.975865	-0.009511	0.974859	0.217471	0.048535
55019	9.696445	-0.492009	0.410529	-0.191999	0.039427	-0.107870	-0.045843	-0.018928	0.998769	0.216293	-0.976291	-0.008574	0.975252	0.215634	0.048850
55020	9.734815	-0.276664	0.303535	-0.206177	0.017132	-0.115503	-0.046192	-0.017865	0.998773	0.214276	-0.976744	-0.007560	0.975680	0.213664	0.048946
55021	9.772151	0.008016	0.054580	-0.247283	-0.002682	-0.125073	-0.046360	-0.016671	0.998786	0.211853	-0.977280	-0.006479	0.976201	0.211296	0.048839
55022	9.751529	0.121922	-0.019786	-0.321463	-0.014697	-0.136493	-0.046437	-0.015335	0.998804	0.208698	-0.977966	-0.005312	0.976877	0.208202	0.048614
55023	9.733124	-0.215753	0.091878	-0.399607	-0.001667	-0.147513	-0.046652	-0.013922	0.998814	0.204774	-0.978801	-0.004079	0.977697	0.204341	0.048514
55024	9.664775	-0.673496	0.253242	-0.410971	0.006295	-0.156940	-0.046965	-0.012427	0.998819	0.200729	-0.979643	-0.002750	0.978520	0.200362	0.048504
55025	9.687003	-0.931279	0.413526	-0.366272	0.011519	-0.159449	-0.047322	-0.010922	0.998820	0.197120	-0.980378	-0.001381	0.979237	0.196822	0.048546
55026	9.659420	-1.026901	0.464525	-0.317095	0.039015	-0.155788	-0.047942	-0.009500	0.998805	0.193988	-0.981004	-0.000019	0.979832	0.193755	0.048874
55027	9.545331	-1.167915	0.512543	-0.245043	0.052746	-0.149540	-0.048674	-0.008172	0.998781	0.191564	-0.981479	0.001305	0.980272	0.191394	0.049338
55028	9.597591	-1.076840	0.830551	-0.160969	0.083411	-0.133699	-0.049680	-0.007048	0.998740	0.189968	-0.981787	0.002521	0.980533	0.189854	0.050114
55029	9.777472	-0.862796	1.142166	-0.098575	0.104171	-0.122616	-0.050861	-0.006082	0.998687	0.188989	-0.981972	0.003645	0.980661	0.188926	0.051093
55030	9.804471	-0.968561	0.808510	-0.034464	0.105559	-0.124144	-0.052064	-0.005092	0.998631	0.188635	-0.982035	0.004827	0.980666	0.188628	0.052089
55031	9.637164	-1.417001	0.292024	0.053294	0.101725	-0.115001	-0.053206	-0.004198	0.998575	0.189145	-0.981931	0.005950	0.980507	0.189192	0.053039
55032	9.312953	-1.874948	0.164693	0.167249	0.111140	-0.092774	-0.054405	-0.003528	0.998513	0.190782	-0.981608	0.006927	0.980124	0.190875	0.054078
55033	9.484929	-1.278014	0.443792	0.338355	0.095376	-0.063025	-0.055388	-0.003138	0.998460	0.194113	-0.980949	0.007685	0.979414	0.194240	0.054941
55034	9.763231	0.471711	0.779400	0.422409	0.085475	-0.056175	-0.056268	-0.002784	0.998412	0.198265	-0.980112	0.008441	0.978532	0.198425	0.055701
55035	9.977225	2.120122	1.203734	0.284341	0.084936	-0.080545	-0.057187	-0.002210	0.998361	0.201048	-0.979537	0.009348	0.977911	0.201253	0.056461
55036	10.014155	3.051116	1.193084	0.009286	0.072168	-0.131214	-0.058089	-0.001099	0.998311	0.201111	-0.979511	0.010624	0.977844	0.201389	0.057120
55037	9.833559	2.371390	0.598821	-0.297349	0.071582	-0.177372	-0.059072	0.000454	0.998254	0.198146	-0.980097	0.012172	0.978391	0.198518	0.057807
55038	9.656433	0.645099	0.090996	-0.484869	0.076096	-0.203691	-0.060150	0.002273	0.998187	0.193326	-0.981036	0.013884	0.979289	0.193811	0.058569
55039	9.548711	-0.515831	-0.051948	-0.504194	0.061833	-0.200039	-0.061066	0.004079	0.998125	0.188314	-0.981986	0.015534	0.980209	0.188909	0.059197
55040	9.808444	-0.843476	0.092169	-0.474194	0.037658	-0.161740	-0.061669	0.005568	0.998081	0.183613	-0.982855	0.016828	0.981062	0.184298	0.059590
55041	9.813785	-0.547941	0.229428	-0.441752	0.005782	-0.119442	-0.061869	0.006691	0.998062	0.179255	-0.983643	0.017706	0.981855	0.180003	0.059658
55042	9.857125	0.136458	0.354176	-0.457252	-0.018676	-0.100968	-0.061799	0.007687	0.998059	0.174749	-0.984441	0.018402	0.982672	0.175547	0.059494
55043	9.934435	0.090860	0.444690	-0.494199	-0.020479	-0.095959	-0.061691	0.008626	0.998058	0.169881	-0.985281	0.019016	0.983532	0.170724	0.059317
55044	9.925370	-0.471111	0.590655	-0.453490	-0.003719	-0.114962	-0.061781	0.009734	0.998042	0.165396	-0.986027	0.019856	0.984290	0.166299	0.059308
55045	9.682614	-1.241400	0.574161	-0.285642	0.012799	-0.129042	-0.062049	0.010945	0.998013	0.162552	-0.986478	0.020925	0.984747	0.163527	0.059431
55046	9.544500	-1.267997	0.493351	-0.026870	0.018842	-0.129140	-0.062379	0.012156	0.997978	0.162255	-0.986500	0.022158	0.984775	0.163309	0.059564
55047	9.578637	-0.212569	0.622814	0.222510	0.017719	-0.119541	-0.062676	0.013260	0.997946	0.164422	-0.986112	0.023430	0.984397	0.165552	0.059625
55048	9.653588	0.962331	1.448166	0.211623	0.040858	-0.114153	-0.063201	0.014286	0.997899	0.166481	-0.985736	0.024656	0.984017	0.167689	0.059921
55049	9.571454	0.872153	1.425077	0.125595	0.032255	-0.118064	-0.063645	0.015351	0.997855	0.167691	-0.985500	0.025857	0.983783	0.168977	0.060148
55050	9.857117	0.304825	1.145401	0.091076	0.019432	-0.090929	-0.063924	0.016183	0.997824	0.168577	-0.985325	0.026780	0.983613	0.169922	0.060257
55051	9.821507	0.232768	1.768415	0.052298	0.055489	-0.072317	-0.064520	0.016759	0.997776	0.169099	-0.985216	0.027482	0.983485	0.170496	0.060732
55052	9.593769	0.376385	1.913688	0.070165	0.047130	-0.073347	-0.065042	0.017369	0.997731	0.169790	-0.985076	0.028218	0.983332	0.171240	0.061122
55053	9.707846	0.618990	1.668375	0.105115	0.015480	-0.076642	-0.065256	0.018053	0.997705	0.170824	-0.984875	0.028994	0.983138	0.172324	0.061186
55054	9.801891	1.098321	1.767045	0.115191	-0.013259	-0.079478	-0.065197	0.018827	0.997695	0.171953	-0.984654	0.029818	0.982945	0.173501	0.060959
55055	9.914753	1.201450	1.460430	0.118144	-0.053370	-0.091296	-0.064764	0.019777	0.997705	0.173104	-0.984423	0.030751	0.982772	0.174698	0.060332
55056	9.848122	1.058584	0.908029	0.110658	-0.104912	-0.090190	-0.063824	0.020818	0.997744	0.174182	-0.984204	0.031678	0.982643	0.175810	0.059190
55057	9.638638	1.080274	0.620142	0.089072	-0.132900	-0.077269	-0.062588	0.021770	0.997802	0.175057	-0.984023	0.032450	0.982567	0.176703	0.057777
55058	9.708304	0.931494	0.106742	0.082610	-0.164961	-0.053790	-0.060996	0.022560	0.997883	0.175884	-0.983858	0.032994	0.982519	0.177524	0.056043
55059	9.914866	0.961699	-0.241279	0.091412	-0.163133	-0.040468	-0.059400	0.023209	0.997964	0.176805	-0.983679	0.033400	0.982452	0.178429	0.054327
55060	9.908401	1.095307	-0.413313	0.073452	-0.157188	-0.031980	-0.057846	0.023774	0.998042	0.177556	-0.983533	0.033719	0.982409	0.179159	0.052672
55061	9.911332	1.196918	-0.480499	0.044795	-0.154272	-0.016693	-0.056293	0.024175	0.998122	0.178037	-0.983441	0.033861	0.982412	0.179608	0.051057
55062	9.837817	0.823238	-0.450628	0.003804	-0.147960	-0.025585	-0.054819	0.024662	0.998192	0.178108	-0.983421	0.034079	0.982483	0.179654	0.049518
55063	9.751178	0.448711	-0.213233	0.010137	-0.147724	-0.019969	-0.053336	0.025087	0.998261	0.178248	-0.983390	0.034237	0.982539	0.179764	0.047978
55064	9.831598	0.408647	0.175617	0.072435	-0.134306	-0.007187	-0.051963	0.025369	0.998327	0.179004	-0.983250	0.034303	0.982475	0.180487	0.046551
55065	9.840159	0.514177	0.856166	0.108250	-0.107349	0.007051	-0.050826	0.025458	0.998383	0.180122	-0.983048	0.034237	0.982330	0.181570	0.045379
55066	9.921677	0.797668	1.491486	0.126664	-0.089946	0.011475	-0.049856	0.025479	0.998431	0.181419	-0.982813	0.034139	0.982141	0.182837	0.044377
55067	9.772675	0.767488	1.923861	0.101207	-0.056263	0.019876	-0.049200	0.025349	0.998467	0.182470	-0.982625	0.033939	0.981980	0.183860	0.043720
55068	9.656234	0.691794	2.240319	0.103936	-0.030916	0.035946	-0.048765	0.025023	0.998497	0.183556	-0.982435	0.033585	0.981799	0.184918	0.043315
55069	9.586386	0.825960	2.146335	0.151629	-0.016530	0.050061	-0.048446	0.024525	0.998525	0.185115	-0.982159	0.033105	0.981522	0.186446	0.043042
55070	9.421456	1.098074	1.873062	0.187466	-0.022733	0.056739	-0.048051	0.023981	0.998557	0.187030	-0.981814	0.032579	0.981178	0.188326	0.042692
55071	9.469130	1.190617	1.594369	0.180546	-0.026383	0.064178	-0.047608	0.023364	0.998593	0.188879	-0.981480	0.031969	0.980846	0.190135	0.042314
55072	9.313308	0.750417	1.254067	0.144581	-0.040812	0.062363	-0.047023	0.022801	0.998634	0.190374	-0.981210	0.031367	0.980585	0.191589	0.041799
55073	9.316457	0.291287	0.731815	0.143487	-0.086493	0.075321	-0.045971	0.022194	0.998696	0.191862	-0.980944	0.030632	0.980345	0.193020	0.040837
55074	9.582398	0.382507	0.493280	0.156990	-0.134158	0.099546	-0.044398	0.021449	0.998784	0.193493	-0.980653	0.029660	0.980097	0.194574	0.039389
55075	9.589822	0.825625	0.351518	0.152957	-0.191953	0.111498	-0.042240	0.020696	0.998893	0.195088	-0.980370	0.028562	0.979876	0.196079	0.037374
55076	9.795503	1.160755	0.233014	0.092842	-0.235720	0.115592	-0.039638	0.019996	0.999014	0.196092	-0.980203	0.027400	0.979784	0.196985	0.034932
55077	9.774268	1.138297	0.241566	-0.012589	-0.264935	0.112467	-0.036765	0.019383	0.999136	0.196053	-0.980242	0.026230	0.979904	0.196848	0.032238
55078	9.651279	0.887075	0.366939	-0.094586	-0.301279	0.109427	-0.033532	0.018872	0.999259	0.195212	-0.980441	0.025067	0.980188	0.195908	0.029192
55079	9.680820	0.648519	0.704360	-0.120586	-0.324136	0.102302	-0.030097	0.018472	0.999376	0.194106	-0.980688	0.023972	0.980519	0.194706	0.025930
55080	9.755651	0.532117	1.057377	-0.110667	-0.334841	0.104183	-0.026545	0.018071	0.999484	0.193097	-0.980913	0.022863	0.980821	0.193604	0.022549
55081	9.707586	0.187758	1.371800	-0.085713	-0.333458	0.108403	-0.023005	0.017622	0.999580	0.192331	-0.981090	0.021723	0.981060	0.192750	0.019180
55082	9.814828	-0.587564	1.592281	-0.029136	-0.314604	0.127681	-0.019606	0.016946	0.999664	0.192119	-0.981160	0.020400	0.981176	0.192454	0.015981
55083	9.691844	-1.494279	1.600849	0.142766	-0.302942	0.166097	-0.016257	0.015872	0.999742	0.193595	-0.980903	0.018721	0.980947	0.193849	0.012873
55084	9.579103	-1.339252	1.396213	0.447949	-0.337370	0.208202	-0.012474	0.014463	0.999818	0.198063	-0.980048	0.016648	0.980110	0.198235	0.009361
55085	9.641538	-0.070515	1.210678	0.661721	-0.367182	0.242971	-0.008331	0.012791	0.999883	0.204619	-0.978738	0.014225	0.978806	0.204713	0.005536
55086	9.544564	1.135712	1.264834	0.675571	-0.365336	0.255952	-0.004158	0.011019	0.999931	0.211288	-0.977354	0.011649	0.977415	0.211322	0.001736
55087	9.484483	1.610057	1.188805	0.596529	-0.373507	0.258401	0.000097	0.009263	0.999957	0.217165	-0.976093	0.009021	0.976135	0.217155	-0.002106
55088	9.421566	1.412909	1.028746	0.495264	-0.383494	0.245924	0.004446	0.007678	0.999961	0.222036	-0.975017	0.006499	0.975028	0.221998	-0.006039
55089	9.331376	1.218762	1.250696	0.415262	-0.403140	0.241014	0.008965	0.006202	0.999941	0.226109	-0.974094	0.004015	0.974061	0.226060	-0.010135
55090	9.298241	1.451439	1.592667	0.335684	-0.444046	0.235215	0.013892	0.004896	0.999892	0.229395	-0.973332	0.001579	0.973234	0.229349	-0.014644
55091	9.677416	2.381406	1.845379	0.259557	-0.496995	0.223444	0.019291	0.003842	0.999807	0.231924	-0.972734	-0.000737	0.972543	0.231893	-0.019656
55092	10.365154	2.649952	1.690694	0.063314	-0.481495	0.198837	0.024503	0.002999	0.999695	0.232540	-0.972583	-0.002782	0.972278	0.232538	-0.024528
55093	10.052505	0.893774	1.352396	-0.116164	-0.418825	0.178044	0.029031	0.002217	0.999576	0.231401	-0.972848	-0.004563	0.972425	0.231436	-0.028756
55094	10.932491	-0.476516	1.021059	0.012532	-0.378859	0.202875	0.033252	0.001094	0.999446	0.231504	-0.972811	-0.006638	0.972266	0.231596	-0.032601
55095	11.145439	-1.027680	1.562759	0.195429	-0.255198	0.236117	0.036324	-0.000632	0.999340	0.233359	-0.972348	-0.009097	0.971712	0.233536	-0.035172
55096	10.533612	-0.872856	2.134232	0.283265	-0.118171	0.264801	0.038161	-0.002955	0.999267	0.236056	-0.971667	-0.011888	0.970990	0.236337	-0.036382
55097	10.064331	-0.208451	2.430454	0.299225	-0.001166	0.278237	0.038871	-0.005680	0.999228	0.238889	-0.970934	-0.014812	0.970268	0.239281	-0.036385
55098	9.974887	0.420598	2.831685	0.241079	0.080016	0.298015	0.038878	-0.008791	0.999205	0.241155	-0.970321	-0.017920	0.969707	0.241660	-0.035604
55099	10.106604	0.631756	3.535174	0.127034	0.149963	0.313707	0.038218	-0.012223	0.999195	0.242300	-0.969971	-0.021134	0.969448	0.242913	-0.034109
55100	10.412148	0.366004	4.219181	0.032586	0.208722	0.321575	0.037042	-0.015876	0.999188	0.242538	-0.969835	-0.024401	0.969434	0.243245	-0.032074
55101	10.924199	0.060305	4.463379	-0.081885	0.321538	0.310555	0.034702	-0.019694	0.999204	0.241667	-0.969969	-0.027510	0.969739	0.242429	-0.028900
55102	11.330578	-0.403594	4.580762	-0.251621	0.504813	0.284564	0.030557	-0.023698	0.999252	0.239176	-0.970502	-0.030330	0.970495	0.239924	-0.023987
55103	11.610576	-0.946007	5.172258	-0.436122	0.660318	0.265393	0.024792	-0.027867	0.999304	0.234896	-0.971463	-0.032919	0.971704	0.235548	-0.017539
55104	12.290050	-1.167556	6.143523	-0.544244	0.792463	0.252481	0.017740	-0.032194	0.999324	0.229594	-0.972642	-0.035410	0.973125	0.230067	-0.009863
55105	11.615961	-1.060609	6.730565	-0.601472	0.959231	0.214288	0.008892	-0.036486	0.999295	0.223738	-0.973926	-0.037551	0.974609	0.223914	-0.000497
55106	10.626209	-0.599934	6.833916	-0.538394	1.018832	0.155612	-0.000633	-0.040283	0.999188	0.218526	-0.975045	-0.039171	0.975831	0.218324	0.009420
55107	10.810164	-0.607812	6.483168	-0.532578	1.102739	0.086567	-0.011217	-0.043534	0.998989	0.213359	-0.976149	-0.040143	0.976910	0.212693	0.020238
55108	11.352537	-1.015698	6.072817	-0.606475	1.249706	0.020791	-0.023321	-0.046384	0.998651	0.207480	-0.977398	-0.040551	0.977961	0.206255	0.032418
55109	12.187235	-1.189368	5.785660	-0.884585	1.404336	0.017493	-0.037043	-0.049423	0.998091	0.198862	-0.979165	-0.041106	0.979327	0.196960	0.046099
55110	12.156398	-1.954109	5.160220	-1.511562	1.496628	0.002751	-0.051645	-0.052312	0.997294	0.184090	-0.982013	-0.041977	0.981552	0.181424	0.060346
55111	11.636674	-2.474153	3.504706	-1.896805	1.325167	-0.059368	-0.064790	-0.054042	0.996434	0.165442	-0.985296	-0.042681	0.984089	0.162087	0.072778
55112	12.106542	-1.668771	-0.748009	-1.256214	1.081449	-0.064896	-0.075477	-0.055117	0.995623	0.153075	-0.987276	-0.043051	0.985328	0.149156	0.082954
55113	12.540646	0.030947	-4.309907	-0.096623	1.170460	-0.001040	-0.087024	-0.056892	0.994580	0.152163	-0.987412	-0.043168	0.984517	0.147582	0.094586
55114	11.995869	0.274112	-5.167909	0.197578	1.453564	0.024436	-0.101221	-0.059319	0.993094	0.154179	-0.987096	-0.043246	0.982844	0.148737	0.109060
55115	11.375301	-0.495272	-4.476694	-0.080446	1.602676	-0.003503	-0.116971	-0.061700	0.991217	0.153430	-0.987208	-0.043345	0.981212	0.147012	0.124941
55116	11.057078	-0.853364	-3.720280	-0.269180	1.600210	-0.032422	-0.132644	-0.063737	0.989112	0.150801	-0.987610	-0.043417	0.979625	0.143400	0.140613
55117	10.327611	-0.926286	-3.668560	-0.148769	1.522317	-0.047117	-0.147610	-0.065481	0.986876	0.149325	-0.987844	-0.043211	0.977708	0.140987	0.155594
55118	9.802735	-1.159053	-4.035424	0.105885	1.439832	-0.035943	-0.161660	-0.067190	0.984556	0.150355	-0.987709	-0.042718	0.975325	0.141128	0.169775
55119	9.298933	-1.116271	-4.090776	0.407021	1.417794	0.019170	-0.175425	-0.069447	0.982040	0.154400	-0.987106	-0.042225	0.972310	0.144219	0.183886
55120	8.762962	-0.778411	-3.576698	0.638909	1.387217	0.075302	-0.188706	-0.072261	0.979371	0.160791	-0.986104	-0.041776	0.968781	0.149590	0.197702
55121	8.378276	-0.215369	-3.078667	0.797555	1.308541	0.092963	-0.201182	-0.075223	0.976661	0.168733	-0.984805	-0.041093	0.964912	0.156528	0.210818
55122	8.214727	0.560749	-2.724712	0.898328	1.242889	0.079674	-0.212947	-0.078034	0.973943	0.177601	-0.983291	-0.039951	0.960787	0.164466	0.223248
55123	8.023359	1.108666	-2.525167	0.893641	1.181084	0.053736	-0.224142	-0.080592	0.971218	0.186337	-0.981733	-0.038460	0.956577	0.172353	0.235065
55124	7.798702	1.248449	-2.206125	0.748917	1.135683	0.007148	-0.234905	-0.082686	0.968495	0.193556	-0.980400	-0.036757	0.952552	0.178824	0.246305
55125	7.724744	1.069975	-1.775649	0.477703	1.092041	-0.072279	-0.245393	-0.083988	0.965779	0.197976	-0.979586	-0.034885	0.948993	0.182641	0.257011
55126	7.821444	0.389782	-1.374475	0.127371	1.075590	-0.119607	-0.255757	-0.084813	0.963014	0.198938	-0.979442	-0.033426	0.946051	0.183031	0.267372
55127	7.970696	-0.498702	-0.802635	-0.213685	1.104371	-0.122904	-0.266393	-0.085648	0.960052	0.196651	-0.979923	-0.032854	0.943591	0.180043	0.277887
55128	8.198790	-0.396256	0.351386	-0.600376	1.197089	-0.119502	-0.277844	-0.086621	0.956713	0.190722	-0.981074	-0.033438	0.941503	0.173176	0.289106
55129	8.381237	0.436552	1.820672	-1.032948	1.301792	-0.122812	-0.290272	-0.087630	0.952924	0.180711	-0.982901	-0.035340	0.939727	0.161945	0.301144
55130	7.944854	1.283952	3.506819	-1.505742	1.400082	-0.124194	-0.303571	-0.088595	0.948681	0.166259	-0.985318	-0.038815	0.938191	0.145944	0.313843
55131	6.491446	1.298124	4.142369	-1.888962	1.336790	-0.137672	-0.316278	-0.089090	0.944474	0.148175	-0.988001	-0.043576	0.937023	0.126166	0.325684
55132	5.678615	0.814323	3.474772	-1.824675	1.006663	-0.132944	-0.325831	-0.088985	0.941231	0.130714	-0.990240	-0.048368	0.936348	0.107272	0.334283
55133	6.255866	0.045988	2.995361	-1.488050	0.588772	-0.081235	-0.331405	-0.088801	0.939300	0.116569	-0.991787	-0.052635	0.936260	0.092050	0.339035
55134	7.233754	-1.439692	3.107051	-1.235156	0.299172	0.020233	-0.334124	-0.089295	0.938290	0.105127	-0.992821	-0.057049	0.936648	0.079578	0.341112
55135	8.303223	-2.496228	3.361545	-1.122103	0.165588	0.135437	-0.335502	-0.090800	0.937654	0.095122	-0.993522	-0.062174	0.937225	0.068332	0.341965
55136	9.150598	-2.438309	3.528949	-1.120195	0.166513	0.213398	-0.336810	-0.093063	0.936962	0.085396	-0.994022	-0.068033	0.937692	0.057099	0.342744
55137	9.270223	-2.205717	3.955214	-1.209414	0.161014	0.200131	-0.338123	-0.095176	0.936277	0.074784	-0.994444	-0.074081	0.938126	0.044970	0.343362
55138	8.960039	-2.697766	4.456558	-1.342481	0.096170	0.098982	-0.338899	-0.096237	0.935888	0.062579	-0.994857	-0.079640	0.938739	0.031577	0.343178
