// General information: 
//  MT Manager version: 2022.2.0 
//  XDA version: 2022.2.0 build 7381 rev 124627 built on 2023-07-19
// Device information: 
//  DeviceId: 00B4CB9F
//  ProductCode: MTW2-3A7G6
//  Firmware Version: 4.6.0
//  Hardware Version: 2.0.0
// Device settings: 
//  Filter Profile: human(46.1)
//  Option Flags: Orientation Smoother Disabled, Position/Velocity Smoother Disabled, Continuous Zero Rotation Update Disabled, AHS Disabled, ICC Disabled
// Coordinate system: ENU
PacketCounter	Acc_X	Acc_Y	Acc_Z	Gyr_X	Gyr_Y	Gyr_Z	Mat[1][1]	Mat[2][1]	Mat[3][1]	Mat[1][2]	Mat[2][2]	Mat[3][2]	Mat[1][3]	Mat[2][3]	Mat[3][3]
53944	9.451581	1.952785	-1.498504	0.020937	-0.018052	0.007379	0.055477	0.247218	0.967370	0.503791	-0.843419	0.186650	0.862042	0.476998	-0.171337
53945	9.509843	2.000261	-1.513882	0.016013	-0.022604	0.015571	0.055818	0.247181	0.967360	0.503957	-0.843371	0.186420	0.861923	0.477102	-0.171644
53946	9.512513	1.979255	-1.530724	0.005749	-0.018465	0.016183	0.056109	0.247110	0.967361	0.504053	-0.843362	0.186199	0.861848	0.477154	-0.171877
53947	9.481651	1.959825	-1.554846	-0.008193	-0.014448	0.015409	0.056379	0.247035	0.967365	0.504010	-0.843429	0.186011	0.861855	0.477075	-0.172060
53948	9.513486	1.897274	-1.551442	-0.015526	-0.023871	0.019169	0.056748	0.246968	0.967360	0.503856	-0.843567	0.185806	0.861922	0.476866	-0.172307
53949	9.497634	1.926176	-1.555701	-0.016691	-0.019833	0.020779	0.057092	0.246874	0.967364	0.503736	-0.843688	0.185582	0.861969	0.476702	-0.172527
53950	9.477439	1.914361	-1.548024	-0.020937	-0.021404	0.027368	0.057470	0.246724	0.967380	0.503573	-0.843847	0.185302	0.862039	0.476498	-0.172740
53951	9.504992	1.810488	-1.532675	-0.024327	-0.015708	0.030124	0.057825	0.246531	0.967408	0.503383	-0.844027	0.185000	0.862127	0.476279	-0.172905
53952	9.515781	1.730343	-1.592897	-0.021108	-0.023457	0.037404	0.058273	0.246307	0.967438	0.503202	-0.844217	0.184625	0.862202	0.476058	-0.173138
53953	9.496492	1.638072	-1.603103	-0.014329	-0.021198	0.040976	0.058730	0.246048	0.967477	0.503090	-0.844376	0.184201	0.862236	0.475910	-0.173375
53954	9.519359	1.406520	-1.667121	-0.013627	-0.019454	0.054351	0.059223	0.245661	0.967545	0.502992	-0.844555	0.183645	0.862259	0.475792	-0.173582
53955	9.589279	0.949272	-1.671699	-0.000720	-0.021396	0.070260	0.059829	0.245155	0.967636	0.502981	-0.844721	0.182915	0.862225	0.475759	-0.173847
53956	9.535343	0.894328	-1.906183	0.072773	-0.020588	0.091537	0.060493	0.244452	0.967773	0.503705	-0.844522	0.181835	0.861755	0.476473	-0.174219
53957	9.381103	1.560210	-2.179970	0.167501	-0.038818	0.100823	0.061404	0.243772	0.967887	0.505123	-0.843958	0.180514	0.860860	0.477817	-0.174957
53958	9.302079	2.406278	-2.362082	0.188151	-0.073480	0.104113	0.062605	0.243223	0.967948	0.506762	-0.843273	0.179118	0.859810	0.479306	-0.176049
53959	9.397713	2.876020	-2.305213	0.125073	-0.103168	0.093238	0.064033	0.242918	0.967931	0.507814	-0.842889	0.177942	0.859084	0.480135	-0.177330
53960	9.410271	2.801453	-2.229237	0.015668	-0.097890	0.092219	0.065411	0.242593	0.967921	0.507872	-0.843057	0.176977	0.858946	0.480003	-0.178351
53961	9.537236	2.250312	-1.822171	-0.070344	-0.094397	0.104259	0.066819	0.242152	0.967935	0.507234	-0.843637	0.176041	0.859214	0.479207	-0.179199
53962	9.574479	1.869083	-1.369607	-0.088225	-0.059517	0.127420	0.068038	0.241342	0.968052	0.506393	-0.844376	0.174917	0.859615	0.478313	-0.179664
53963	9.476215	1.769168	-1.109620	-0.043085	-0.033155	0.143327	0.069117	0.240276	0.968241	0.505960	-0.844916	0.173555	0.859783	0.477895	-0.179968
53964	9.481672	1.847334	-0.948341	0.028181	-0.011206	0.155290	0.070073	0.238999	0.968488	0.506052	-0.845187	0.171957	0.859652	0.478056	-0.180171
53965	9.507503	1.901179	-0.956930	0.089196	-0.005197	0.156748	0.070979	0.237685	0.968745	0.506744	-0.845124	0.170226	0.859170	0.478823	-0.180431
53966	9.492168	1.902397	-1.107373	0.132858	0.005608	0.161022	0.071796	0.236276	0.969030	0.507830	-0.844843	0.168371	0.858460	0.480014	-0.180645
53967	9.570822	1.724279	-1.169992	0.144073	-0.003300	0.171575	0.072764	0.234829	0.969309	0.508978	-0.844544	0.166395	0.857699	0.481249	-0.180975
53968	9.659404	1.776445	-1.294703	0.144312	0.016785	0.182584	0.073627	0.233189	0.969640	0.510024	-0.844318	0.164323	0.857003	0.482441	-0.181097
53969	9.579149	1.936489	-1.425603	0.151965	0.018952	0.175207	0.074427	0.231605	0.969959	0.511232	-0.843980	0.162296	0.856214	0.483794	-0.181219
53970	9.532486	1.989696	-1.653762	0.150428	0.012611	0.157064	0.075189	0.230200	0.970234	0.512387	-0.843631	0.160454	0.855457	0.485072	-0.181383
53971	9.537764	1.953080	-1.670319	0.130126	0.001834	0.152165	0.076021	0.228894	0.970478	0.513420	-0.843337	0.158688	0.854763	0.486200	-0.181630
53972	9.660182	1.886941	-1.588215	0.095936	-0.002448	0.154342	0.076886	0.227583	0.970718	0.514176	-0.843200	0.156962	0.854232	0.487052	-0.181848
53973	9.710703	1.963058	-1.460440	0.071583	0.014620	0.160531	0.077655	0.226145	0.970993	0.514698	-0.843204	0.155220	0.853848	0.487715	-0.181875
53974	9.696238	2.050668	-1.272909	0.030724	0.034792	0.172241	0.078300	0.224504	0.971322	0.514852	-0.843435	0.153441	0.853696	0.488073	-0.181628
53975	9.728944	2.124425	-1.057976	-0.010442	0.048440	0.178424	0.078873	0.222748	0.971680	0.514658	-0.843873	0.151674	0.853760	0.488120	-0.181198
53976	9.810416	1.993545	-0.804305	-0.050540	0.071638	0.188481	0.079305	0.220791	0.972092	0.514024	-0.844578	0.149894	0.854102	0.487791	-0.180471
53977	9.926361	1.866455	-0.467157	-0.069268	0.094172	0.194803	0.079569	0.218672	0.972549	0.513312	-0.845332	0.148072	0.854505	0.487439	-0.179509
53978	9.991055	1.692384	-0.153789	-0.074383	0.135770	0.198709	0.079480	0.216309	0.973084	0.512560	-0.846110	0.146219	0.854965	0.487142	-0.178120
53979	9.866438	1.559631	-0.083214	-0.046039	0.170467	0.193693	0.079082	0.213826	0.973665	0.512047	-0.846739	0.144362	0.855309	0.487146	-0.176451
53980	9.775017	1.589126	-0.101851	0.013505	0.176480	0.180605	0.078562	0.211418	0.974233	0.511998	-0.847078	0.142536	0.855387	0.487607	-0.174794
53981	9.763345	1.794006	-0.098019	0.057024	0.191179	0.159363	0.077811	0.209121	0.974789	0.512396	-0.847123	0.140832	0.855217	0.488520	-0.173069
53982	10.101628	2.098852	-0.182439	0.057751	0.174557	0.133867	0.077062	0.207115	0.975277	0.512801	-0.847118	0.139379	0.855042	0.489382	-0.171489
53983	10.841567	2.448834	0.227027	0.056053	0.235866	0.087803	0.075564	0.205202	0.975798	0.513248	-0.847012	0.138374	0.854907	0.490371	-0.169323
53984	9.200141	2.602900	-0.265950	0.017271	0.262974	0.049020	0.073637	0.203479	0.976306	0.513302	-0.847068	0.137828	0.855043	0.490990	-0.166822
53985	9.354415	2.616129	-0.204802	-0.025587	0.229454	0.036806	0.071931	0.202027	0.976735	0.513091	-0.847256	0.137459	0.855315	0.491267	-0.164603
53986	9.512645	2.681840	-0.213885	-0.071857	0.231740	0.043782	0.070233	0.200500	0.977173	0.512424	-0.847717	0.137107	0.855856	0.491097	-0.162278
53987	9.747003	2.946160	-0.313916	-0.106222	0.238006	0.020647	0.068369	0.199143	0.977583	0.511536	-0.848266	0.137025	0.856538	0.490700	-0.159863
53988	9.911062	3.063000	-0.255636	-0.160895	0.265511	-0.018727	0.066057	0.197982	0.977977	0.510149	-0.849037	0.137422	0.857545	0.489837	-0.157086
53989	10.136895	3.119827	0.028803	-0.262578	0.308530	-0.056378	0.063190	0.196939	0.978377	0.507968	-0.850196	0.138329	0.859055	0.488243	-0.153762
53990	10.291866	2.901437	0.356513	-0.409184	0.355641	-0.070795	0.059846	0.195797	0.978817	0.504399	-0.852109	0.139612	0.861394	0.485359	-0.149755
53991	10.853089	2.358006	0.941147	-0.573679	0.453680	-0.065890	0.055668	0.194153	0.979391	0.499523	-0.854741	0.141050	0.864510	0.481376	-0.144565
53992	10.570632	1.563102	1.244625	-0.706547	0.607365	-0.032642	0.050304	0.191508	0.980201	0.493389	-0.858085	0.142328	0.868353	0.476461	-0.137653
53993	11.382724	1.142722	1.668021	-0.762484	0.679792	0.010082	0.044504	0.188185	0.981125	0.486785	-0.861704	0.143199	0.872387	0.471224	-0.129955
53994	11.299335	0.782215	2.153582	-0.790592	0.888018	0.043391	0.037008	0.183633	0.982298	0.479817	-0.865516	0.143724	0.876587	0.466005	-0.120141
53995	11.158451	0.710282	2.105785	-0.771085	0.942928	0.065307	0.029102	0.178680	0.983477	0.473059	-0.869196	0.143919	0.880550	0.461055	-0.109822
53996	11.559111	0.918956	2.760162	-0.741877	1.153324	0.068952	0.019327	0.172785	0.984770	0.466351	-0.872803	0.143987	0.884389	0.456465	-0.097447
53997	10.865848	1.381811	2.563203	-0.721576	1.220576	0.084445	0.008969	0.166484	0.986003	0.459984	-0.876212	0.143762	0.887882	0.452256	-0.084439
53998	11.542489	1.923728	3.017036	-0.745485	1.371045	0.084127	-0.002780	0.159568	0.987183	0.453258	-0.879756	0.143481	0.891375	0.447847	-0.069879
53999	11.359523	2.231937	2.754484	-0.788227	1.444141	0.097644	-0.015172	0.152256	0.988225	0.446268	-0.883407	0.142958	0.894771	0.443182	-0.054544
54000	11.165725	2.252201	3.079082	-0.850543	1.665530	0.096664	-0.029617	0.144062	0.989125	0.438559	-0.887354	0.142371	0.898214	0.438007	-0.036899
54001	11.100671	2.281339	2.708605	-0.901564	1.682854	0.118175	-0.044180	0.135669	0.989769	0.430532	-0.891429	0.141407	0.901493	0.432375	-0.019026
54002	10.261063	2.079661	2.609136	-0.945703	1.863774	0.110672	-0.060471	0.126690	0.990097	0.421921	-0.895699	0.140381	0.904614	0.426231	0.000710
54003	10.525525	1.766835	1.939881	-0.935281	1.778693	0.083292	-0.076171	0.118397	0.990040	0.413548	-0.899745	0.139416	0.907291	0.420049	0.019572
54004	8.923733	0.771929	1.207137	-0.853600	1.673226	0.036743	-0.091169	0.111080	0.989621	0.405787	-0.903369	0.138782	0.909409	0.414228	0.037284
54005	10.028585	-0.783622	0.461008	-0.687638	1.382005	-0.008290	-0.103714	0.105443	0.989002	0.399566	-0.906179	0.138514	0.910818	0.409538	0.051853
54006	8.177678	-2.495795	-0.963388	-0.280164	1.245536	-0.000310	-0.115019	0.100323	0.988284	0.397054	-0.907314	0.138313	0.910560	0.408311	0.064525
54007	8.520742	-2.301512	-1.504103	0.328551	0.918618	0.068563	-0.123034	0.095912	0.987757	0.400169	-0.906019	0.137820	0.908145	0.412226	0.073090
54008	10.069858	-1.781137	-1.417858	0.802367	0.918893	0.045841	-0.131133	0.091639	0.987120	0.407548	-0.902705	0.137942	0.903720	0.420387	0.081027
54009	10.727143	-1.339174	-2.028714	1.052291	0.898985	0.059505	-0.138921	0.087258	0.986452	0.417155	-0.898265	0.138205	0.898155	0.430703	0.088388
54010	10.776802	-0.949662	-2.390257	1.068160	0.993476	0.064087	-0.147502	0.082319	0.985630	0.426866	-0.893643	0.138517	0.892204	0.441163	0.096675
54011	10.910622	-0.723063	-2.892863	0.975284	1.012038	0.062946	-0.156165	0.077227	0.984707	0.435682	-0.889328	0.138841	0.886450	0.450701	0.105236
54012	10.157174	-0.632256	-3.594089	0.893615	1.025983	0.057333	-0.164934	0.072015	0.983672	0.443731	-0.885281	0.139213	0.880852	0.459447	0.114058
54013	9.508299	-0.521701	-4.111953	0.914900	0.998926	0.017574	-0.173560	0.067210	0.982527	0.451840	-0.881032	0.140083	0.875053	0.468258	0.122544
54014	8.716451	-0.340890	-3.995845	0.979287	0.855594	-0.018020	-0.181056	0.063289	0.981434	0.460411	-0.876364	0.141450	0.869046	0.477474	0.129532
54015	8.230003	0.145927	-3.250098	1.030960	0.781085	-0.069642	-0.188077	0.060115	0.980313	0.469258	-0.871330	0.143461	0.862800	0.487001	0.135668
54016	7.759837	1.054393	-2.977323	1.026493	0.704454	-0.114033	-0.194624	0.057610	0.979185	0.477928	-0.866188	0.145956	0.856567	0.496386	0.141047
54017	7.521493	1.911380	-2.974341	0.891060	0.551983	-0.119907	-0.199848	0.055870	0.978233	0.485347	-0.861641	0.148366	0.851175	0.504433	0.145081
54018	7.208587	2.392169	-2.844284	0.652995	0.432346	-0.097618	-0.203944	0.054487	0.977465	0.490757	-0.858246	0.150236	0.847092	0.510338	0.148294
54019	7.069219	2.586251	-2.662928	0.365466	0.281472	-0.053815	-0.206524	0.053495	0.976978	0.493785	-0.856326	0.151270	0.844703	0.513658	0.150437
54020	7.071058	2.560184	-2.489810	0.053540	0.128897	-0.003206	-0.207575	0.052834	0.976791	0.494289	-0.856022	0.151341	0.844151	0.514232	0.151574
54021	7.118886	2.264996	-2.436210	-0.239720	-0.014865	0.052650	-0.207123	0.052446	0.976908	0.492421	-0.857260	0.150426	0.845353	0.512206	0.151733
54022	7.630746	1.885412	-2.298065	-0.490827	-0.166779	0.095864	-0.205187	0.052451	0.977316	0.488517	-0.859789	0.148707	0.848086	0.507949	0.150794
54023	8.220004	1.333115	-2.063287	-0.669563	-0.249503	0.116284	-0.202435	0.052696	0.977877	0.483111	-0.863211	0.146528	0.851836	0.502085	0.149286
54024	8.484097	0.456977	-1.899984	-0.745453	-0.303796	0.131147	-0.199156	0.053054	0.978531	0.477062	-0.866976	0.144100	0.856007	0.495518	0.147353
54025	9.425561	-0.529315	-1.423018	-0.710995	-0.355689	0.154979	-0.195303	0.053444	0.979286	0.471315	-0.870539	0.141506	0.860069	0.489188	0.144830
54026	9.320582	-1.089978	-0.300904	-0.652776	-0.330804	0.234481	-0.191296	0.052984	0.980101	0.466197	-0.873815	0.138230	0.863751	0.483363	0.142456
54027	9.329397	-0.974686	0.742723	-0.589214	-0.311576	0.271520	-0.187274	0.052090	0.980926	0.461659	-0.876771	0.134697	0.867064	0.478079	0.140148
54028	8.136993	-1.358392	1.404054	-0.374341	-0.382874	0.173371	-0.183094	0.052366	0.981700	0.458789	-0.878620	0.132435	0.869476	0.474641	0.136845
54029	7.412971	-1.645329	1.988525	0.023911	-0.570738	0.047326	-0.177846	0.054643	0.982540	0.459130	-0.878513	0.131963	0.870385	0.474583	0.131151
54030	7.264424	-1.692520	3.551048	0.442558	-0.798925	0.006363	-0.170807	0.058364	0.983574	0.463055	-0.876382	0.132418	0.869715	0.478067	0.122667
54031	6.856388	0.387699	4.563280	0.830943	-0.905688	-0.018858	-0.162963	0.062874	0.984627	0.470287	-0.872351	0.133541	0.867337	0.484820	0.112592
54032	7.503647	3.900281	7.244833	1.115812	-1.055022	-0.204556	-0.154746	0.069786	0.985486	0.479686	-0.866727	0.136699	0.863687	0.493878	0.100647
54033	9.659596	7.564818	8.401382	1.320334	-1.030030	-0.545889	-0.148455	0.079627	0.985708	0.490276	-0.859708	0.143288	0.858831	0.504541	0.088589
54034	12.037547	8.787955	8.916837	1.270934	-0.939769	-0.776125	-0.144197	0.091035	0.985353	0.500082	-0.852543	0.151947	0.853888	0.514668	0.077409
54035	15.030626	6.638075	10.341189	0.653883	-0.753449	-0.654310	-0.140992	0.100484	0.984898	0.504770	-0.848516	0.158829	0.851662	0.519541	0.068913
54036	13.853481	3.660563	9.433505	-0.027055	-0.390822	-0.315800	-0.139206	0.105169	0.984663	0.504148	-0.848310	0.161879	0.852324	0.518950	0.065069
54037	11.927680	1.058634	7.803345	-0.252293	-0.162462	-0.104493	-0.138278	0.106885	0.984609	0.501895	-0.849487	0.162703	0.853803	0.516669	0.063820
54038	9.211817	0.531909	4.280474	-0.090576	-0.040094	-0.176073	-0.138772	0.108563	0.984356	0.500930	-0.849743	0.164336	0.854290	0.515899	0.063539
54039	7.275839	0.110762	1.129852	0.172488	-0.393475	-0.381507	-0.137257	0.113822	0.983974	0.501921	-0.848410	0.168155	0.853953	0.516958	0.059321
54040	7.519576	0.637507	1.060701	0.274500	-0.665435	-0.438269	-0.133735	0.120954	0.983608	0.503725	-0.846450	0.172576	0.853449	0.518548	0.052272
54041	9.752133	2.575680	2.949701	0.086990	-0.665371	-0.339734	-0.129699	0.127266	0.983352	0.504065	-0.845560	0.175917	0.853872	0.518490	0.045518
54042	11.321364	3.435177	4.239927	-0.258072	-0.446258	-0.243296	-0.127063	0.131605	0.983125	0.501601	-0.846557	0.178152	0.855717	0.515773	0.041553
54043	11.976018	1.586845	3.431924	-0.533476	-0.399267	-0.127970	-0.124212	0.134727	0.983067	0.496911	-0.849108	0.179154	0.858866	0.510749	0.038522
54044	12.090041	-1.004520	2.490417	-0.593327	-0.413217	0.027453	-0.120477	0.136564	0.983278	0.491893	-0.852137	0.178620	0.862280	0.505187	0.035488
54045	12.173832	-0.808794	2.346152	-0.474502	-0.370360	0.075063	-0.116843	0.137773	0.983548	0.487928	-0.854610	0.177676	0.865028	0.500661	0.032632
54046	11.491532	1.315561	1.147337	-0.374040	-0.371020	-0.056757	-0.113863	0.140077	0.983572	0.484683	-0.856372	0.178071	0.867247	0.496996	0.029617
54047	10.368945	3.055425	-0.733875	-0.356891	-0.500349	-0.290173	-0.110853	0.145027	0.983198	0.481302	-0.857710	0.180782	0.869517	0.493256	0.025278
54048	9.735461	3.393481	-2.597729	-0.391912	-0.626835	-0.462405	-0.107569	0.152042	0.982503	0.477444	-0.858925	0.185191	0.872053	0.489011	0.019802
54049	10.091579	2.570199	-3.364551	-0.449686	-0.633025	-0.505131	-0.104373	0.159450	0.981673	0.473025	-0.860311	0.190031	0.874845	0.484190	0.014369
54050	10.136504	1.388452	-3.256225	-0.494878	-0.515017	-0.465168	-0.102006	0.165906	0.980852	0.468266	-0.861918	0.194487	0.877680	0.479138	0.010233
54051	9.218104	-0.362288	-3.173803	-0.496955	-0.490465	-0.402722	-0.099504	0.171703	0.980111	0.463535	-0.863593	0.198350	0.880474	0.474053	0.006341
54052	9.370253	-1.722550	-2.493692	-0.385781	-0.554180	-0.343659	-0.096160	0.177256	0.979456	0.459857	-0.864794	0.201653	0.882771	0.469800	0.001646
54053	10.184094	-1.538499	-2.310513	-0.117671	-0.621449	-0.345761	-0.092192	0.183144	0.978754	0.458536	-0.864709	0.204995	0.883881	0.467692	-0.004259
54054	9.916754	-0.813156	-2.361844	0.148467	-0.638128	-0.370664	-0.088209	0.189298	0.977950	0.459578	-0.863303	0.208559	0.883746	0.467840	-0.010846
54055	9.433788	0.221999	-2.280054	0.301518	-0.654000	-0.368610	-0.084063	0.195525	0.977089	0.461967	-0.861169	0.212073	0.882904	0.469211	-0.017933
54056	9.098057	1.333753	-2.205450	0.373132	-0.668495	-0.365906	-0.079815	0.201780	0.976173	0.465027	-0.858664	0.215513	0.881691	0.471148	-0.025298
54057	9.107544	2.442330	-2.090191	0.431703	-0.697392	-0.366758	-0.075317	0.208203	0.975181	0.468588	-0.855862	0.218919	0.880200	0.473447	-0.033101
54058	9.067254	3.420390	-1.880555	0.469096	-0.707969	-0.361115	-0.070744	0.214616	0.974133	0.472516	-0.852849	0.222211	0.878478	0.476013	-0.041075
54059	9.118011	3.715416	-1.511418	0.427654	-0.681355	-0.329316	-0.066259	0.220657	0.973098	0.476086	-0.850080	0.225179	0.876899	0.478199	-0.048726
54060	8.972985	3.347028	-1.260604	0.346904	-0.649138	-0.279910	-0.061861	0.226111	0.972135	0.479009	-0.847772	0.227667	0.875627	0.479745	-0.055866
54061	9.097204	2.925340	-1.167194	0.268347	-0.646626	-0.216481	-0.057174	0.231035	0.971264	0.481271	-0.845978	0.229564	0.874705	0.480566	-0.062823
54062	9.385933	2.667101	-1.103809	0.231376	-0.607794	-0.166950	-0.052617	0.235340	0.970488	0.483262	-0.844456	0.230979	0.873893	0.481153	-0.069298
54063	8.999123	2.243770	-1.348323	0.227259	-0.590429	-0.151534	-0.048126	0.239447	0.969716	0.485212	-0.842992	0.232236	0.873071	0.481695	-0.075613
54064	8.961227	2.015479	-1.435930	0.252184	-0.597325	-0.149309	-0.043593	0.243556	0.968907	0.487403	-0.841396	0.233432	0.872088	0.482424	-0.082031
54065	9.619416	2.131243	-1.324725	0.274226	-0.633452	-0.149830	-0.038736	0.247860	0.968021	0.489772	-0.839694	0.234600	0.870989	0.483198	-0.088868
54066	9.544804	2.211494	-0.971456	0.283751	-0.545428	-0.155568	-0.034705	0.251775	0.967163	0.492243	-0.837914	0.235792	0.869766	0.484262	-0.094855
54067	9.567783	2.182171	-0.843818	0.281973	-0.526247	-0.155413	-0.030830	0.255614	0.966287	0.494683	-0.836142	0.236970	0.868526	0.485312	-0.100669
54068	9.650870	2.338664	-0.445257	0.289061	-0.497118	-0.162585	-0.027274	0.259360	0.965396	0.497202	-0.834300	0.238187	0.867206	0.486493	-0.106199
54069	9.621308	2.668043	-0.261447	0.305243	-0.458646	-0.175049	-0.024105	0.263040	0.964484	0.499843	-0.832346	0.239495	0.865781	0.487863	-0.111415
54070	9.534739	2.987356	-0.241871	0.314028	-0.419826	-0.185619	-0.021356	0.266608	0.963569	0.502574	-0.830301	0.240873	0.864271	0.489408	-0.116258
54071	9.607985	3.062226	-0.381244	0.310994	-0.414547	-0.190603	-0.018669	0.270207	0.962621	0.505261	-0.828255	0.242290	0.862765	0.490898	-0.121062
54072	9.600334	3.079851	-0.429011	0.307331	-0.382445	-0.202531	-0.016351	0.273737	0.961666	0.507930	-0.826175	0.243806	0.861243	0.492445	-0.125530
54073	9.585179	2.976705	-0.439209	0.306980	-0.355230	-0.215651	-0.014325	0.277256	0.960689	0.510578	-0.824057	0.245437	0.859712	0.494023	-0.129756
54074	9.360761	2.584311	-0.625263	0.319806	-0.317917	-0.218546	-0.012666	0.280602	0.959741	0.513350	-0.821847	0.247061	0.858086	0.495812	-0.133638
54075	9.194277	2.065255	-1.119200	0.373334	-0.306130	-0.204571	-0.011027	0.283790	0.958823	0.516564	-0.819405	0.248467	0.856177	0.498034	-0.137560
54076	8.905049	1.743198	-1.838022	0.488884	-0.306628	-0.203942	-0.009417	0.286965	0.957895	0.520777	-0.816363	0.249685	0.853641	0.501201	-0.141757
54077	8.690666	1.791316	-2.501977	0.621850	-0.346577	-0.187083	-0.007375	0.290222	0.956931	0.526098	-0.812684	0.250529	0.850392	0.505287	-0.146692
54078	9.276535	2.395478	-2.798614	0.692462	-0.409401	-0.174607	-0.004777	0.293691	0.955889	0.532017	-0.808642	0.251109	0.846720	0.509749	-0.152385
54079	9.083803	2.853120	-2.869076	0.662284	-0.392100	-0.176078	-0.002338	0.297108	0.954841	0.537645	-0.804722	0.251713	0.843168	0.513954	-0.157857
54080	9.150506	3.301180	-2.715950	0.558421	-0.466440	-0.158699	0.000779	0.300764	0.953698	0.542396	-0.801351	0.252276	0.840122	0.517086	-0.163758
54081	9.100241	3.603392	-2.222312	0.393690	-0.463278	-0.126243	0.004048	0.304164	0.952611	0.545740	-0.798920	0.252772	0.837945	0.518855	-0.169228
54082	9.030839	3.580339	-1.913451	0.210274	-0.502283	-0.077458	0.007879	0.307367	0.951558	0.547555	-0.797575	0.253095	0.836732	0.519037	-0.174585
54083	9.993507	3.612526	-1.302717	0.068620	-0.511972	-0.036398	0.012031	0.310302	0.950562	0.548170	-0.797098	0.253268	0.836280	0.518023	-0.179688
54084	9.637765	3.365697	-1.105505	-0.026410	-0.424271	-0.039781	0.015410	0.312793	0.949696	0.548002	-0.797095	0.253640	0.836335	0.516527	-0.183695
54085	9.622376	3.037937	-0.805657	-0.088044	-0.425568	-0.040116	0.018819	0.315297	0.948806	0.547310	-0.797414	0.254133	0.836719	0.514508	-0.187572
54086	9.635750	2.781571	-0.553420	-0.098899	-0.380194	-0.037140	0.021847	0.317525	0.947998	0.546536	-0.797789	0.254619	0.837151	0.512553	-0.190968
54087	9.407949	2.603712	-0.568389	-0.025373	-0.319056	-0.053316	0.024295	0.319574	0.947250	0.546373	-0.797741	0.255121	0.837190	0.511353	-0.193987
54088	8.975427	2.408811	-1.003051	0.100456	-0.300532	-0.076057	0.026442	0.321696	0.946474	0.547279	-0.796969	0.255591	0.836533	0.511227	-0.197131
54089	8.768169	2.304994	-1.370425	0.242860	-0.307237	-0.082798	0.028625	0.323917	0.945652	0.549368	-0.795450	0.255839	0.835090	0.512188	-0.200719
54090	8.703828	2.445469	-1.661300	0.351999	-0.339750	-0.080114	0.031065	0.326276	0.944764	0.552374	-0.793369	0.255829	0.833017	0.513916	-0.204872
54091	8.922979	2.938843	-1.905660	0.421148	-0.368642	-0.079940	0.033757	0.328798	0.943797	0.555939	-0.790930	0.255658	0.830537	0.516063	-0.209491
54092	8.829390	3.351963	-2.008940	0.448191	-0.380171	-0.085861	0.036479	0.331422	0.942777	0.559731	-0.788314	0.255465	0.827871	0.518382	-0.214264
54093	9.466438	3.650769	-1.864784	0.407314	-0.406484	-0.067918	0.039526	0.334059	0.941723	0.563159	-0.785965	0.255169	0.825403	0.520254	-0.219194
54094	8.635224	3.587506	-2.111198	0.362088	-0.372492	-0.081439	0.042185	0.336620	0.940695	0.566220	-0.783791	0.255081	0.823174	0.521880	-0.223665
54095	9.288801	3.000826	-2.023961	0.328211	-0.407756	-0.064259	0.045241	0.339244	0.939610	0.568981	-0.781851	0.254890	0.821105	0.523089	-0.228395
54096	9.105414	2.459069	-1.985893	0.285682	-0.373841	-0.010819	0.048295	0.341268	0.938725	0.571371	-0.780306	0.254280	0.819270	0.524079	-0.232675
54097	9.203661	2.347807	-1.617031	0.292585	-0.339496	0.018807	0.051249	0.342894	0.937975	0.573790	-0.778827	0.253364	0.817397	0.525216	-0.236663
54098	9.123210	2.693283	-1.763020	0.318536	-0.420247	0.026139	0.054879	0.344882	0.937040	0.576417	-0.777229	0.252304	0.815310	0.526280	-0.241449
54099	10.558417	3.057408	-0.970632	0.338349	-0.269218	0.015651	0.057230	0.346171	0.936424	0.579198	-0.775492	0.251281	0.813176	0.527994	-0.244883
54100	9.158246	2.987664	-1.618939	0.380224	-0.248907	-0.010396	0.059239	0.347551	0.935788	0.582332	-0.773431	0.250388	0.810790	0.530106	-0.248207
54101	9.445719	2.971091	-1.014663	0.398384	-0.265305	0.004007	0.061479	0.348921	0.935133	0.585588	-0.771321	0.249300	0.808274	0.532276	-0.251744
54102	9.491118	3.224454	-0.617311	0.388114	-0.204699	0.022246	0.063310	0.349824	0.934674	0.588746	-0.769315	0.248057	0.805835	0.534581	-0.254663
54103	9.378919	3.340901	-0.455253	0.393863	-0.154443	0.014584	0.064707	0.350532	0.934313	0.591939	-0.767248	0.246858	0.803381	0.537083	-0.257140
54104	9.153604	3.249037	-0.360421	0.411740	-0.128299	0.011885	0.065854	0.351115	0.934014	0.595272	-0.765060	0.245631	0.800821	0.539817	-0.259391
54105	8.501916	2.809645	-1.124884	0.451291	-0.119160	0.006969	0.066917	0.351700	0.933718	0.598908	-0.762633	0.244336	0.798017	0.542861	-0.261669
54106	8.538357	2.381326	-2.143775	0.569308	-0.187997	0.030352	0.068643	0.352476	0.933300	0.603458	-0.759626	0.242501	0.794434	0.546562	-0.264848
54107	8.643916	2.299388	-3.029124	0.696715	-0.256050	0.064902	0.071134	0.353383	0.932770	0.608965	-0.756023	0.239981	0.790001	0.550954	-0.268977
54108	8.906608	2.590313	-3.472869	0.769563	-0.297947	0.088616	0.074070	0.354348	0.932176	0.614998	-0.752065	0.237015	0.785042	0.555731	-0.273628
54109	7.626112	2.568593	-3.896791	0.735503	-0.285030	0.127604	0.077158	0.354975	0.931686	0.620690	-0.748404	0.233742	0.780250	0.560253	-0.278075
54110	9.627802	2.961390	-4.181682	0.673252	-0.688425	0.193776	0.083769	0.357380	0.930195	0.625806	-0.745301	0.229987	0.775468	0.562856	-0.286083
54111	9.224457	2.956074	-3.298312	0.557890	-0.395296	0.219117	0.088271	0.357975	0.929550	0.629964	-0.742928	0.226284	0.771592	0.565608	-0.291090
54112	8.973672	2.925581	-3.136193	0.463830	-0.566803	0.220012	0.094073	0.359539	0.928376	0.633367	-0.741078	0.222823	0.768113	0.567041	-0.297435
54113	10.065462	3.020996	-1.854065	0.386622	-0.527643	0.233308	0.099668	0.360802	0.927302	0.636135	-0.739715	0.219441	0.765114	0.568018	-0.303244
54114	8.608957	3.129150	-1.667323	0.331763	-0.471740	0.227675	0.104771	0.361787	0.926355	0.638467	-0.738640	0.216265	0.762484	0.568789	-0.308377
54115	10.680058	3.268125	-0.671590	0.322044	-0.605454	0.222415	0.110870	0.363586	0.924940	0.640708	-0.737605	0.213146	0.759737	0.568985	-0.314730
54116	9.621717	2.704222	-0.012145	0.319473	-0.341748	0.205422	0.114829	0.364005	0.924291	0.642930	-0.736522	0.210184	0.757269	0.570119	-0.318604
54117	9.705686	2.483645	0.730141	0.390649	-0.381968	0.183272	0.118965	0.364833	0.923441	0.645696	-0.734951	0.207181	0.754270	0.571616	-0.323005
54118	8.847382	2.308288	1.044224	0.482774	-0.308839	0.185037	0.122533	0.365231	0.922817	0.649136	-0.732848	0.203852	0.750738	0.574056	-0.326883
54119	10.997086	2.634983	1.766264	0.613650	-0.313164	0.191045	0.126190	0.365633	0.922165	0.653520	-0.730004	0.200014	0.746316	0.577414	-0.331068
54120	9.250071	2.296270	0.568641	0.730511	-0.132101	0.142971	0.128155	0.365345	0.922008	0.658803	-0.726276	0.196216	0.741319	0.582276	-0.333766
54121	9.838367	2.448491	-0.337120	0.876717	-0.210705	0.131826	0.130652	0.365620	0.921549	0.665133	-0.721619	0.192001	0.735207	0.587867	-0.337467
54122	9.016257	2.836629	-1.397761	0.945847	-0.218446	0.149248	0.133290	0.365825	0.921090	0.671890	-0.716560	0.187364	0.728559	0.593897	-0.341304
54123	9.969129	3.941267	-1.152546	0.886480	-0.228566	0.166911	0.136143	0.365994	0.920605	0.678122	-0.711872	0.182727	0.722229	0.599406	-0.345105
54124	9.177152	4.878215	-1.049474	0.731492	-0.179505	0.171242	0.138642	0.365846	0.920291	0.683181	-0.708081	0.178565	0.716968	0.603968	-0.348109
54125	10.773267	5.999984	-0.165737	0.521438	-0.272647	0.197672	0.142014	0.366098	0.919676	0.686657	-0.705638	0.174864	0.712975	0.606669	-0.351594
54126	11.582250	6.668716	0.952766	0.274468	0.029630	0.195290	0.143186	0.364530	0.920117	0.688359	-0.704670	0.172054	0.711097	0.608735	-0.351826
54127	11.585295	6.556488	1.483196	0.027902	0.125940	0.193060	0.143688	0.362401	0.920880	0.688306	-0.705191	0.170120	0.711048	0.609403	-0.350770
54128	11.910520	5.161202	2.740906	-0.214515	0.352321	0.231651	0.142811	0.358606	0.922500	0.686469	-0.707322	0.168688	0.712997	0.609178	-0.347186
54129	12.492798	3.644190	3.738246	-0.381484	0.639330	0.304502	0.140395	0.352553	0.925200	0.683337	-0.710717	0.167129	0.716477	0.608760	-0.340694
54130	12.910987	3.021970	4.538815	-0.485712	0.940954	0.356175	0.136095	0.344273	0.928953	0.679378	-0.714902	0.165414	0.721058	0.608598	-0.331186
54131	14.784924	3.437058	5.575286	-0.577216	1.248896	0.366721	0.129606	0.334040	0.933606	0.674739	-0.719647	0.163817	0.726588	0.608708	-0.318660
54132	14.765565	3.678873	5.062219	-0.687402	1.822131	0.320907	0.118492	0.320604	0.939773	0.669351	-0.724869	0.162894	0.733436	0.609737	-0.300488
54133	13.256797	3.104493	3.550598	-0.726120	2.082807	0.255963	0.104916	0.306027	0.946224	0.663742	-0.730090	0.162530	0.740567	0.610997	-0.279721
54134	12.749320	2.184656	2.864221	-0.737191	2.321395	0.202572	0.089007	0.290321	0.952781	0.658093	-0.735183	0.162539	0.747657	0.612552	-0.256495
54135	13.526551	2.142734	2.309878	-0.668605	2.436888	0.172614	0.071910	0.274094	0.959011	0.652964	-0.739758	0.162468	0.753967	0.614517	-0.232169
54136	13.412127	2.786905	0.984301	-0.472464	2.730977	0.065173	0.051702	0.256753	0.965093	0.649389	-0.742819	0.162830	0.758697	0.618303	-0.205138
54137	11.701216	3.024162	-1.835012	-0.179722	2.729363	-0.142354	0.030108	0.240858	0.970093	0.648114	-0.743564	0.164499	0.760948	0.623779	-0.178490
54138	8.791334	2.218586	-4.531410	0.042005	2.556903	-0.358130	0.008349	0.227464	0.973751	0.648544	-0.742436	0.167869	0.761132	0.630118	-0.153719
54139	11.622926	2.079120	-5.341371	0.215569	1.972738	-0.498707	-0.009822	0.218669	0.975750	0.650214	-0.739940	0.172368	0.759688	0.636139	-0.134914
54140	9.750873	1.429355	-6.115136	0.233875	1.805299	-0.539874	-0.027009	0.211099	0.977091	0.651929	-0.737260	0.177305	0.757799	0.641783	-0.117709
54141	11.104233	1.308223	-5.750030	0.073122	1.685034	-0.495533	-0.042932	0.203900	0.978050	0.652345	-0.735741	0.182019	0.756705	0.645841	-0.101426
54142	11.051311	1.082564	-5.792504	-0.124935	1.683994	-0.442625	-0.058532	0.196239	0.978808	0.651214	-0.735639	0.186429	0.756633	0.648326	-0.084735
54143	9.468127	0.629239	-5.107457	-0.366646	1.604660	-0.339832	-0.072823	0.188335	0.979401	0.648252	-0.737343	0.189989	0.757936	0.648734	-0.068393
54144	9.101284	0.582627	-3.807481	-0.600676	1.547912	-0.210914	-0.085908	0.179844	0.979937	0.643563	-0.740821	0.192380	0.760556	0.647178	-0.052098
54145	9.248834	0.637214	-3.703095	-0.729108	1.516801	-0.096852	-0.098021	0.170767	0.980424	0.637956	-0.745339	0.193603	0.763809	0.644444	-0.035883
54146	10.928214	1.382554	-3.224790	-0.673022	1.258320	0.002767	-0.107602	0.162636	0.980801	0.632849	-0.749646	0.193735	0.766762	0.641545	-0.022261
54147	10.212540	2.376755	-2.444564	-0.692822	1.616996	-0.021523	-0.120088	0.152444	0.980989	0.627543	-0.754026	0.193995	0.769265	0.638910	-0.005116
54148	10.766599	3.387592	-2.517458	-0.820972	1.413711	-0.090207	-0.131517	0.144104	0.980784	0.621142	-0.759096	0.194823	0.772584	0.634829	0.010325
54149	10.946177	3.466458	-1.998987	-1.088157	1.614772	-0.111217	-0.144647	0.134746	0.980266	0.612598	-0.765794	0.195660	0.777046	0.628811	0.028224
54150	10.600846	2.644350	-2.054751	-1.376591	1.689594	-0.088930	-0.158331	0.124859	0.979460	0.601767	-0.774254	0.195976	0.782820	0.620436	0.047453
54151	10.310599	1.685173	-2.214378	-1.548263	1.689988	-0.076176	-0.172002	0.115047	0.978356	0.589514	-0.783670	0.195794	0.789233	0.610431	0.066971
54152	8.951581	0.566416	-2.499013	-1.613433	1.641105	-0.057007	-0.185305	0.105549	0.976996	0.576666	-0.793347	0.195083	0.795687	0.599550	0.086145
54153	8.862379	-0.243914	-2.633188	-1.585025	1.500775	-0.018526	-0.197331	0.096775	0.975548	0.564014	-0.802721	0.193718	0.801840	0.588450	0.103819
54154	8.438005	-0.912948	-2.849120	-1.476001	1.370412	0.044110	-0.208075	0.088407	0.974109	0.552272	-0.811347	0.191603	0.807280	0.577841	0.119997
54155	8.185735	-1.504471	-2.984116	-1.299721	1.255562	0.099093	-0.217630	0.080395	0.972715	0.542007	-0.818858	0.188945	0.811705	0.568339	0.134633
54156	8.013978	-2.032057	-3.110994	-1.079733	1.163553	0.145297	-0.226275	0.072611	0.971353	0.533596	-0.825039	0.185973	0.814908	0.560392	0.147941
54157	7.642632	-2.474815	-3.232143	-0.831937	1.086668	0.161377	-0.234218	0.065210	0.969995	0.527228	-0.829765	0.183089	0.816806	0.554291	0.159966
54158	7.442644	-2.902137	-3.439629	-0.565374	0.993648	0.181313	-0.241345	0.058188	0.968693	0.523093	-0.832973	0.180361	0.817390	0.550246	0.170596
54159	7.158132	-2.919639	-3.356341	-0.281869	0.882593	0.193317	-0.247481	0.051718	0.967512	0.521311	-0.834605	0.177960	0.816693	0.548416	0.179588
54160	6.484080	-2.576068	-3.430059	0.012978	0.744109	0.189552	-0.252519	0.046023	0.966497	0.521951	-0.834596	0.176114	0.814740	0.548936	0.186730
54161	6.514848	-1.629629	-2.771922	0.303472	0.589278	0.107921	-0.256681	0.041870	0.965589	0.524742	-0.832951	0.175610	0.811641	0.551761	0.191831
54162	5.775917	-1.769512	-2.873936	0.465182	0.460848	0.048105	-0.260114	0.038887	0.964794	0.528698	-0.830361	0.176008	0.807972	0.555867	0.195430
54163	5.878152	-1.607097	-2.584108	0.580731	0.142342	0.021271	-0.261083	0.037906	0.964572	0.533484	-0.827104	0.176903	0.804507	0.560770	0.195720
54164	5.515696	-1.608568	-2.241286	0.707622	-0.025882	0.003938	-0.260807	0.037988	0.964643	0.539241	-0.823081	0.178206	0.800749	0.566652	0.194180
54165	5.821014	-1.213181	-2.113261	0.875452	-0.169584	-0.032751	-0.259564	0.039216	0.964929	0.546195	-0.818052	0.180172	0.796428	0.573805	0.190918
54166	6.395381	-0.497318	-1.387690	1.097903	-0.243620	-0.082415	-0.258035	0.041265	0.965254	0.554765	-0.811633	0.182999	0.790983	0.582709	0.186538
54167	7.710104	0.635051	-0.195543	1.287563	-0.245702	-0.088452	-0.256529	0.043417	0.965561	0.564727	-0.804001	0.186188	0.784396	0.593040	0.181731
54168	7.640020	1.543025	0.173082	1.425989	-0.236951	-0.079430	-0.255081	0.045441	0.965851	0.575724	-0.795389	0.189470	0.776837	0.604394	0.176728
54169	6.242454	3.340439	-0.892764	1.569064	-0.471860	-0.124836	-0.252094	0.049304	0.966446	0.587581	-0.785725	0.193353	0.768894	0.616608	0.169107
54170	7.660948	6.682319	4.655068	1.555488	-0.875328	-0.213571	-0.246611	0.056395	0.967472	0.599018	-0.775890	0.197918	0.761814	0.628342	0.157562
54171	10.303903	10.087836	9.611790	1.321130	-0.943434	-0.363438	-0.241577	0.065170	0.968191	0.608204	-0.767278	0.203402	0.756127	0.637994	0.145721
54172	12.378283	8.900951	11.238116	0.685485	-0.871745	-0.359680	-0.237143	0.073483	0.968691	0.612574	-0.762605	0.207813	0.754000	0.642677	0.135833
54173	14.271886	5.651864	11.978043	0.106894	-0.555007	-0.198318	-0.234105	0.078561	0.969032	0.612958	-0.761742	0.209838	0.754637	0.643100	0.130173
54174	13.077719	3.402195	11.912845	-0.148612	-0.154916	-0.058662	-0.233252	0.079983	0.969121	0.611752	-0.762617	0.210179	0.755879	0.641886	0.128952
54175	11.837627	3.021389	11.129183	-0.216488	0.096480	-0.007611	-0.233961	0.079421	0.968997	0.610141	-0.763973	0.209933	0.756961	0.640341	0.130282
54176	10.468566	2.634533	8.605971	-0.362693	0.204304	-0.014012	-0.235556	0.078196	0.968710	0.607418	-0.766244	0.209555	0.758655	0.637774	0.132996
54177	9.602040	1.436731	5.920488	-0.467799	0.416984	-0.018737	-0.238770	0.075685	0.968122	0.603865	-0.769180	0.209065	0.760484	0.634534	0.137953
54178	3.942733	-1.073814	-1.354715	-0.225362	-0.083380	-0.063745	-0.238483	0.076674	0.968115	0.602059	-0.770522	0.209334	0.762004	0.632785	0.137594
54179	2.636252	-3.946788	-3.571322	0.424333	-1.047396	-0.082623	-0.230934	0.083947	0.969341	0.605144	-0.767740	0.210657	0.761886	0.635239	0.126497
54180	8.435558	-3.438301	-0.497545	0.911586	-1.086532	0.174395	-0.221573	0.089518	0.971026	0.612534	-0.762032	0.210021	0.758754	0.641322	0.114013
54181	15.000217	1.987445	4.677147	0.914922	-0.534644	0.348387	-0.215313	0.090317	0.972359	0.620261	-0.756423	0.207607	0.754266	0.647817	0.106848
54182	17.120008	5.647434	6.185459	0.535532	-0.003064	0.242962	-0.213739	0.088470	0.972876	0.624881	-0.753115	0.205771	0.750893	0.651913	0.105687
54183	15.381691	4.143974	3.111680	0.183636	-0.136547	0.233913	-0.211183	0.087600	0.973513	0.626800	-0.752097	0.203647	0.750016	0.653204	0.103922
54184	13.786638	3.227777	0.085725	0.159715	-0.408403	0.161235	-0.207071	0.089025	0.974267	0.628402	-0.751150	0.202198	0.749822	0.654101	0.099598
54185	12.043241	1.024476	-3.756693	0.169440	-0.740529	-0.128700	-0.202259	0.094836	0.974729	0.629453	-0.749898	0.203574	0.750254	0.654721	0.091978
54186	10.926218	-1.352759	-7.217179	0.394168	-0.943682	-0.227902	-0.196581	0.102700	0.975094	0.632020	-0.747044	0.206097	0.749604	0.656794	0.081946
54187	11.033812	-0.474946	-7.872974	0.814231	-0.896160	-0.270523	-0.191528	0.110622	0.975233	0.637627	-0.741362	0.209319	0.746156	0.661926	0.071456
54188	9.418118	1.232360	-6.541283	0.931166	-0.764195	-0.386450	-0.188278	0.118528	0.974937	0.643885	-0.734683	0.213665	0.741595	0.667976	0.062006
54189	7.727059	1.834475	-5.636834	0.672033	-0.829749	-0.370756	-0.184464	0.126803	0.974625	0.648211	-0.729701	0.217621	0.738780	0.671906	0.052409
54190	7.383020	2.134106	-5.311697	0.394482	-0.981948	-0.227096	-0.178644	0.135039	0.974603	0.650771	-0.726709	0.219977	0.737959	0.673541	0.041942
54191	8.356632	2.141232	-4.434361	0.227200	-1.197423	-0.062381	-0.170142	0.143559	0.974906	0.652381	-0.725068	0.220624	0.738546	0.673548	0.029709
54192	10.082092	2.355040	-2.969444	0.062918	-1.263946	0.070071	-0.160293	0.151537	0.975368	0.653019	-0.724711	0.219912	0.740184	0.672184	0.017210
54193	9.822748	2.357434	-2.491873	-0.077842	-1.173218	0.125621	-0.150707	0.158500	0.975790	0.652677	-0.725405	0.218633	0.742495	0.669825	0.005874
54194	9.703547	2.434447	-1.836310	-0.155330	-1.158461	0.108999	-0.141332	0.165434	0.976041	0.651735	-0.726584	0.217524	0.745162	0.666863	-0.005130
54195	10.198783	2.265209	-0.857469	-0.167405	-1.122411	0.069343	-0.132433	0.172398	0.976084	0.650620	-0.727793	0.216819	0.747766	0.663774	-0.015782
54196	10.097184	1.731881	-0.336758	-0.126637	-1.008407	0.070670	-0.124375	0.178548	0.976039	0.649815	-0.728723	0.216111	0.749848	0.661123	-0.025389
54197	9.882308	1.318798	0.154186	-0.013877	-0.915615	0.091718	-0.116839	0.183925	0.975971	0.649861	-0.728959	0.215173	0.751019	0.659386	-0.034355
54198	9.228266	0.998775	0.196802	0.153586	-0.825130	0.088839	-0.110017	0.188701	0.975853	0.651168	-0.728079	0.214201	0.750917	0.659010	-0.042775
54199	9.054631	0.923732	-0.073168	0.372487	-0.791624	0.057912	-0.103632	0.193502	0.975611	0.654063	-0.725711	0.213413	0.749308	0.660227	-0.051356
54200	9.236936	1.157458	-0.359874	0.591161	-0.750081	0.029850	-0.097780	0.198232	0.975266	0.658567	-0.721824	0.212745	0.746143	0.663080	-0.059969
54201	9.007164	1.731660	-0.725470	0.761656	-0.681323	-0.003296	-0.092664	0.202789	0.974828	0.664268	-0.716730	0.212241	0.741729	0.667214	-0.068291
54202	9.509862	2.204573	-1.285899	0.885573	-0.695938	-0.039205	-0.087735	0.207714	0.974247	0.670831	-0.710683	0.211932	0.736402	0.672149	-0.076989
54203	9.012558	2.492141	-1.332755	0.972185	-0.623983	-0.076214	-0.083604	0.212467	0.973585	0.677933	-0.703941	0.211837	0.730355	0.677736	-0.085186
54204	8.939239	2.967136	-1.176417	0.959239	-0.673399	-0.063206	-0.079089	0.217477	0.972856	0.684909	-0.697243	0.211546	0.724323	0.683049	-0.093808
54205	9.688476	3.633307	-0.846057	0.852322	-0.697002	-0.017189	-0.074109	0.222376	0.972140	0.691083	-0.691344	0.210827	0.718966	0.687454	-0.102446
54206	9.047506	3.776976	-0.656192	0.669494	-0.601246	0.037498	-0.069491	0.226249	0.971588	0.695957	-0.686780	0.209705	0.714713	0.690756	-0.109735
54207	9.810772	3.854405	-0.736583	0.500986	-0.673142	0.072673	-0.064115	0.230412	0.970979	0.699614	-0.683460	0.208380	0.711638	0.692671	-0.117379
54208	9.123984	3.274641	-0.587227	0.391877	-0.595603	0.087501	-0.059223	0.233934	0.970447	0.702497	-0.680914	0.207011	0.709218	0.693996	-0.124013
54209	9.510013	2.919378	-0.772506	0.361870	-0.653700	0.094538	-0.053859	0.237836	0.969811	0.705148	-0.678604	0.205581	0.707012	0.694933	-0.131160
54210	9.683129	2.594255	-0.506284	0.379731	-0.541270	0.077038	-0.049448	0.241070	0.969247	0.707911	-0.676116	0.204278	0.704569	0.696242	-0.137224
54211	9.066258	2.148119	-1.111589	0.405172	-0.537977	0.072089	-0.045084	0.244338	0.968642	0.710828	-0.673447	0.202960	0.701919	0.697688	-0.143320
54212	8.506589	1.733539	-1.297444	0.414120	-0.533026	0.088555	-0.040673	0.247457	0.968045	0.713809	-0.670742	0.201450	0.699158	0.699193	-0.149356
