// General information: 
//  MT Manager version: 2022.2.0 
//  XDA version: 2022.2.0 build 7381 rev 124627 built on 2023-07-19
// Device information: 
//  DeviceId: 00B4CB9F
//  ProductCode: MTW2-3A7G6
//  Firmware Version: 4.6.0
//  Hardware Version: 2.0.0
// Device settings: 
//  Filter Profile: human(46.1)
//  Option Flags: Orientation Smoother Disabled, Position/Velocity Smoother Disabled, Continuous Zero Rotation Update Disabled, AHS Disabled, ICC Disabled
// Coordinate system: ENU
PacketCounter	Acc_X	Acc_Y	Acc_Z	Gyr_X	Gyr_Y	Gyr_Z	Mat[1][1]	Mat[2][1]	Mat[3][1]	Mat[1][2]	Mat[2][2]	Mat[3][2]	Mat[1][3]	Mat[2][3]	Mat[3][3]
27103	9.961230	-0.523010	0.056197	-0.002367	0.040946	-0.019655	-0.035197	-0.052835	0.997983	0.492620	-0.869772	-0.028674	0.869532	0.490617	0.056641
27104	9.939350	-0.603502	-0.079815	0.014944	0.031188	-0.024774	-0.035539	-0.052789	0.997973	0.492794	-0.869681	-0.028454	0.869420	0.490784	0.056922
27105	9.829538	-0.627960	-0.061124	0.042176	0.012079	-0.032615	-0.035746	-0.052582	0.997977	0.493188	-0.869467	-0.028146	0.869188	0.491184	0.057013
27106	9.818578	-0.568771	-0.078712	0.060561	0.000373	-0.037966	-0.035884	-0.052270	0.997988	0.493742	-0.869165	-0.027770	0.868868	0.491752	0.056997
27107	9.827535	-0.492679	0.099638	0.056986	-0.002759	-0.051520	-0.036055	-0.051825	0.998005	0.494257	-0.868888	-0.027264	0.868568	0.492288	0.056943
27108	9.854691	-0.438726	0.323214	0.038915	-0.004075	-0.070382	-0.036314	-0.051210	0.998027	0.494614	-0.868706	-0.026577	0.868354	0.492674	0.056875
27109	9.744409	-0.355677	0.615803	-0.002299	-0.004127	-0.085086	-0.036640	-0.050467	0.998053	0.494602	-0.868737	-0.025771	0.868347	0.492695	0.056792
27110	9.709054	-0.365516	0.999547	-0.039284	0.001780	-0.091564	-0.037054	-0.049696	0.998077	0.494265	-0.868954	-0.024917	0.868521	0.492391	0.056761
27111	9.703946	-0.375870	1.332679	-0.084456	0.018167	-0.095950	-0.037627	-0.048969	0.998091	0.493534	-0.869394	-0.024049	0.868912	0.491687	0.056880
27112	9.700759	-0.474823	1.240616	-0.123345	0.031590	-0.093931	-0.038312	-0.048321	0.998097	0.492446	-0.870033	-0.023219	0.869499	0.490619	0.057128
27113	9.754841	-0.615751	0.986308	-0.123085	0.039454	-0.099374	-0.039085	-0.047667	0.998098	0.491376	-0.870661	-0.022338	0.870070	0.489568	0.057452
27114	9.796276	-0.766641	0.770886	-0.109643	0.043804	-0.107257	-0.039939	-0.046963	0.998098	0.490418	-0.871225	-0.021369	0.870572	0.488632	0.057828
27115	9.709450	-0.855890	0.560696	-0.078403	0.045588	-0.109214	-0.040813	-0.046251	0.998096	0.489730	-0.871636	-0.020366	0.870918	0.487967	0.058225
27116	9.589936	-0.854373	0.318844	-0.007449	0.023689	-0.117851	-0.041546	-0.045354	0.998107	0.489633	-0.871717	-0.019230	0.870938	0.487907	0.058423
27117	9.569338	-0.583964	0.112364	0.052379	0.019419	-0.128763	-0.042288	-0.044343	0.998121	0.490074	-0.871496	-0.017955	0.870654	0.488394	0.058585
27118	9.521008	-0.271607	0.016784	0.069170	0.011904	-0.127169	-0.042963	-0.043312	0.998137	0.490684	-0.871178	-0.016682	0.870278	0.489053	0.058681
27119	9.649760	0.009443	0.002434	0.042818	0.011416	-0.136746	-0.043675	-0.042194	0.998154	0.491036	-0.871004	-0.015333	0.870044	0.489460	0.058760
27120	9.795993	0.187949	0.148739	-0.012066	0.010097	-0.141990	-0.044406	-0.041023	0.998171	0.490900	-0.871104	-0.013962	0.870084	0.489382	0.058820
27121	9.831203	0.139795	0.390747	-0.081278	0.013320	-0.159355	-0.045245	-0.039716	0.998186	0.490160	-0.871543	-0.012460	0.870457	0.488707	0.058900
27122	9.772048	0.049618	0.727268	-0.147032	0.014067	-0.174377	-0.046166	-0.038280	0.998200	0.488825	-0.872314	-0.010844	0.871159	0.487445	0.058984
27123	9.714520	-0.195742	0.784287	-0.197869	0.007445	-0.193791	-0.047118	-0.036642	0.998217	0.487050	-0.873327	-0.009068	0.872102	0.485754	0.058996
27124	9.676695	-0.345313	0.921859	-0.219623	0.007173	-0.204779	-0.048124	-0.034900	0.998232	0.485034	-0.874466	-0.007190	0.873170	0.483830	0.059010
27125	9.644957	-0.144820	1.045108	-0.256152	0.012213	-0.214534	-0.049210	-0.033099	0.998240	0.482731	-0.875753	-0.005241	0.874385	0.481623	0.059073
27126	9.672133	-0.116086	1.027803	-0.317865	0.020373	-0.217891	-0.050386	-0.031303	0.998239	0.479869	-0.877334	-0.003290	0.875892	0.478859	0.059226
27127	9.650186	-0.288526	0.883553	-0.367328	0.015589	-0.219549	-0.051514	-0.029467	0.998237	0.476577	-0.879132	-0.001357	0.877622	0.475667	0.059331
27128	9.562234	-0.463525	0.604902	-0.366349	0.010202	-0.217733	-0.052585	-0.027617	0.998235	0.473281	-0.880912	0.000561	0.879341	0.472475	0.059393
27129	9.675764	-0.805125	0.321609	-0.317470	0.006481	-0.216747	-0.053606	-0.025754	0.998230	0.470412	-0.882444	0.002495	0.880817	0.469713	0.059420
27130	9.715602	-1.078940	0.064338	-0.208093	0.008467	-0.211046	-0.054615	-0.023945	0.998220	0.468460	-0.883474	0.004438	0.881795	0.467868	0.059468
27131	9.666171	-1.044167	-0.198585	-0.087069	0.004841	-0.200718	-0.055539	-0.022212	0.998209	0.467621	-0.883906	0.006349	0.882182	0.467137	0.059478
27132	9.466853	-0.506981	-0.203142	-0.018043	-0.011891	-0.209147	-0.056354	-0.020327	0.998204	0.467381	-0.884016	0.008384	0.882258	0.467014	0.059319
27133	9.594919	0.188010	0.018202	-0.051906	-0.010549	-0.208034	-0.057175	-0.018457	0.998194	0.466845	-0.884278	0.010389	0.882489	0.466596	0.059175
27134	9.705155	0.405455	0.370738	-0.114886	-0.013526	-0.197265	-0.057922	-0.016670	0.998182	0.465766	-0.884823	0.012251	0.883010	0.465629	0.059015
27135	9.905941	0.451160	0.618421	-0.171089	-0.014680	-0.182185	-0.058581	-0.015007	0.998170	0.464189	-0.885626	0.013927	0.883797	0.464156	0.058847
27136	9.816855	-0.015018	0.830272	-0.209878	0.000090	-0.160310	-0.059267	-0.013607	0.998149	0.462280	-0.886601	0.015362	0.884751	0.462335	0.058837
27137	9.720895	-0.397186	1.052557	-0.167625	-0.000863	-0.145988	-0.059875	-0.012327	0.998130	0.460750	-0.887373	0.016680	0.885508	0.460887	0.058811
27138	9.874959	0.046721	0.971255	-0.066840	0.003886	-0.147691	-0.060532	-0.011054	0.998105	0.460108	-0.887679	0.018073	0.885797	0.460330	0.058819
27139	9.947298	0.907440	0.914499	-0.015195	0.004418	-0.166114	-0.061277	-0.009619	0.998074	0.459913	-0.887746	0.019681	0.885847	0.460233	0.058823
27140	9.999369	1.691967	1.075094	-0.046377	0.000166	-0.198466	-0.062137	-0.007876	0.998037	0.459406	-0.887964	0.021595	0.886050	0.459846	0.058793
27141	9.688205	1.927358	1.128516	-0.143877	-0.002025	-0.224114	-0.063089	-0.005895	0.997990	0.458031	-0.888620	0.023706	0.886694	0.458607	0.058762
27142	9.496254	1.605830	0.823132	-0.230004	-0.019425	-0.234679	-0.063935	-0.003740	0.997947	0.455897	-0.889656	0.025873	0.887733	0.456615	0.058585
27143	9.855236	1.015731	0.649748	-0.318511	-0.004618	-0.229370	-0.064878	-0.001696	0.997892	0.452961	-0.891093	0.027935	0.889167	0.453818	0.058581
27144	9.640650	-0.060158	0.643601	-0.389867	0.036109	-0.214213	-0.066109	0.000032	0.997812	0.449385	-0.892841	0.029802	0.890889	0.450372	0.059011
27145	9.415664	-0.507588	0.683523	-0.340847	0.002775	-0.197478	-0.066961	0.001765	0.997754	0.446255	-0.894350	0.031531	0.892397	0.447365	0.059099
27146	9.634982	-0.173180	0.698678	-0.280144	-0.009940	-0.178897	-0.067612	0.003390	0.997706	0.443675	-0.895576	0.033109	0.893634	0.444896	0.059048
27147	9.750781	0.776876	0.800287	-0.277019	-0.046538	-0.170235	-0.067891	0.005102	0.997680	0.441124	-0.896779	0.034604	0.894875	0.442450	0.058633
27148	9.961701	1.227303	0.858812	-0.362421	-0.061224	-0.171191	-0.068042	0.006883	0.997659	0.437832	-0.898333	0.036059	0.896478	0.439261	0.058111
27149	9.910341	0.764426	1.037080	-0.467704	-0.064185	-0.185608	-0.068217	0.008813	0.997632	0.433550	-0.900345	0.037599	0.898544	0.435088	0.057598
27150	9.918859	0.054386	1.150184	-0.488819	-0.070012	-0.186407	-0.068340	0.010766	0.997604	0.429133	-0.902393	0.039136	0.900652	0.430779	0.057050
27151	9.925191	-0.230084	1.265261	-0.405291	-0.071078	-0.170963	-0.068373	0.012594	0.997580	0.425404	-0.904094	0.040570	0.902417	0.427148	0.056458
27152	9.835768	0.192602	1.297644	-0.251959	-0.066497	-0.146064	-0.068338	0.014175	0.997562	0.423080	-0.905126	0.041845	0.903512	0.424908	0.055857
27153	9.828033	0.647244	1.245278	-0.113812	-0.066761	-0.124384	-0.068203	0.015563	0.997550	0.422008	-0.905573	0.042981	0.904023	0.423906	0.055195
27154	9.748011	1.110220	1.094483	-0.001862	-0.064903	-0.108956	-0.068021	0.016799	0.997542	0.421987	-0.905533	0.044024	0.904047	0.423944	0.054507
27155	9.673709	1.301342	0.915301	0.045953	-0.061422	-0.100268	-0.067832	0.017946	0.997535	0.422376	-0.905303	0.045008	0.903879	0.424388	0.053829
27156	9.626470	1.323421	0.883281	0.065971	-0.053773	-0.089072	-0.067671	0.018956	0.997528	0.422970	-0.904981	0.045891	0.903613	0.425030	0.053223
27157	9.594028	0.930620	0.927901	0.052607	-0.045733	-0.075043	-0.067518	0.019809	0.997521	0.423436	-0.904725	0.046626	0.903406	0.425535	0.052697
27158	9.562259	0.793062	0.934241	0.048925	-0.041397	-0.064114	-0.067366	0.020544	0.997517	0.423876	-0.904487	0.047254	0.903212	0.426006	0.052223
27159	9.554491	0.941458	0.824899	0.048305	-0.067367	-0.059847	-0.066954	0.021351	0.997528	0.424313	-0.904251	0.047835	0.903037	0.426467	0.051483
27160	9.725106	1.182815	0.712105	-0.010507	-0.091692	-0.069087	-0.066367	0.022341	0.997545	0.424247	-0.904248	0.048476	0.903111	0.426423	0.050534
27161	9.751801	1.111029	0.617023	-0.110721	-0.102544	-0.073145	-0.065693	0.023418	0.997565	0.423240	-0.904686	0.049109	0.903633	0.425436	0.049520
27162	9.761446	1.085823	0.597950	-0.250212	-0.130232	-0.081557	-0.064813	0.024684	0.997592	0.420991	-0.905699	0.049762	0.904747	0.423202	0.048309
27163	9.741998	0.888726	0.736545	-0.379847	-0.146807	-0.081942	-0.063770	0.026024	0.997625	0.417540	-0.907262	0.050357	0.906418	0.419759	0.046990
27164	9.652973	0.643929	0.769509	-0.428229	-0.148624	-0.073699	-0.062678	0.027290	0.997661	0.413674	-0.909003	0.050854	0.908265	0.415894	0.045686
27165	9.788178	0.138745	0.824982	-0.436038	-0.145920	-0.079125	-0.061621	0.028592	0.997690	0.409703	-0.910770	0.051405	0.910136	0.411924	0.044408
27166	9.662118	-0.782107	0.968763	-0.345198	-0.160911	-0.073148	-0.060409	0.029895	0.997726	0.406569	-0.912142	0.051947	0.911621	0.408783	0.042947
27167	9.686360	-1.293622	0.577893	-0.133812	-0.197623	-0.051932	-0.058761	0.031154	0.997786	0.405360	-0.912656	0.052368	0.912267	0.407539	0.041000
27168	9.741068	-1.124019	0.564211	0.116601	-0.230287	-0.024662	-0.056710	0.032296	0.997868	0.406447	-0.912158	0.052621	0.911913	0.408565	0.038601
27169	9.431820	-0.099777	0.658988	0.361282	-0.258990	-0.012086	-0.054342	0.033447	0.997962	0.409774	-0.910656	0.052834	0.910567	0.411810	0.035781
27170	9.367871	1.113539	0.517889	0.466252	-0.275110	-0.003004	-0.051799	0.034588	0.998058	0.414067	-0.908703	0.052981	0.908771	0.416007	0.032748
27171	9.428062	1.460158	0.472297	0.415700	-0.278548	-0.000085	-0.049213	0.035731	0.998149	0.417882	-0.906950	0.053070	0.907167	0.419721	0.029702
27172	9.517533	1.361114	0.487762	0.290165	-0.288584	-0.010607	-0.046591	0.037026	0.998228	0.420516	-0.905723	0.053222	0.906088	0.422250	0.026628
27173	9.682962	1.280414	0.878843	0.162646	-0.301343	-0.020267	-0.043889	0.038462	0.998296	0.422021	-0.905011	0.053422	0.905523	0.423646	0.023488
27174	9.642989	1.358556	1.164451	0.023929	-0.319719	-0.020776	-0.041033	0.039983	0.998357	0.422271	-0.904884	0.053596	0.905540	0.423777	0.020247
27175	9.623698	1.518473	1.503914	-0.078546	-0.347191	-0.025158	-0.037938	0.041660	0.998411	0.421590	-0.905190	0.053789	0.905992	0.422961	0.016777
27176	9.706560	1.104851	1.781178	-0.176167	-0.348094	-0.040152	-0.034906	0.043471	0.998445	0.420024	-0.905897	0.054126	0.906841	0.421260	0.013363
27177	9.412936	-0.052824	2.013341	-0.191149	-0.348973	-0.049508	-0.031890	0.045365	0.998461	0.418314	-0.906663	0.054555	0.907742	0.419410	0.009937
27178	9.592712	-0.670999	2.071697	-0.061306	-0.355168	-0.042492	-0.028791	0.047214	0.998470	0.417803	-0.906876	0.054930	0.908081	0.418745	0.006384
27179	9.594222	-0.647758	1.856022	0.127941	-0.361024	-0.017346	-0.025529	0.048863	0.998479	0.419000	-0.906315	0.055066	0.907627	0.419769	0.002664
27180	9.593189	0.252912	1.556265	0.308184	-0.380021	0.007931	-0.022007	0.050365	0.998488	0.421859	-0.904995	0.054947	0.906394	0.422431	-0.001331
27181	9.548679	0.899628	1.232922	0.389222	-0.372780	0.031562	-0.018440	0.051640	0.998496	0.425430	-0.903344	0.054575	0.904803	0.425797	-0.005311
27182	9.397095	0.829322	1.094677	0.453114	-0.379034	0.046981	-0.014771	0.052811	0.998495	0.429596	-0.901403	0.054031	0.902900	0.429748	-0.009373
27183	9.222843	0.836560	1.042607	0.574642	-0.417098	0.060941	-0.010689	0.054045	0.998481	0.434825	-0.898936	0.053312	0.900452	0.434734	-0.013891
27184	9.461940	1.251740	1.211402	0.649673	-0.454413	0.073771	-0.006239	0.055348	0.998448	0.440718	-0.896113	0.052429	0.897624	0.440361	-0.018802
27185	9.634453	1.621668	1.521081	0.614672	-0.470168	0.068144	-0.001665	0.056801	0.998384	0.446268	-0.893412	0.051573	0.894898	0.445633	-0.023861
27186	10.126471	1.624427	2.178150	0.504069	-0.461034	0.077653	0.002845	0.058150	0.998304	0.450816	-0.891180	0.050625	0.892612	0.449908	-0.028751
27187	10.241160	1.022154	3.388521	0.359931	-0.405298	0.073922	0.006852	0.059302	0.998217	0.454061	-0.889582	0.049731	0.890944	0.452910	-0.033022
27188	10.137898	0.328000	4.217321	0.338403	-0.371201	0.077046	0.010551	0.060287	0.998125	0.457072	-0.888090	0.048809	0.889367	0.455700	-0.036926
27189	9.994353	0.324756	4.445879	0.406791	-0.356782	0.095708	0.014218	0.061051	0.998033	0.460712	-0.886270	0.047651	0.887436	0.459128	-0.040728
27190	10.327786	0.296587	4.391512	0.437633	-0.302210	0.124396	0.017514	0.061322	0.997964	0.464595	-0.884318	0.046186	0.885350	0.462841	-0.043978
27191	10.410125	0.234943	4.006333	0.393832	-0.225081	0.149817	0.020261	0.061026	0.997931	0.468087	-0.882563	0.044467	0.883450	0.466218	-0.046447
27192	10.765500	0.424460	2.973464	0.259737	-0.114415	0.155512	0.022036	0.060167	0.997945	0.470378	-0.881428	0.042755	0.882190	0.468470	-0.047724
27193	10.309047	0.572171	2.076412	0.033900	0.030853	0.150306	0.022529	0.058679	0.998023	0.470681	-0.881341	0.041194	0.882016	0.468822	-0.047475
27194	10.003387	0.110541	1.518337	-0.081822	0.043481	0.163536	0.022955	0.057010	0.998110	0.469958	-0.881802	0.039559	0.882390	0.468161	-0.047034
27195	10.586131	-0.432144	1.638457	-0.076667	0.042646	0.195056	0.023553	0.055072	0.998205	0.469272	-0.882253	0.037602	0.882739	0.467544	-0.046623
27196	12.167994	-0.940437	2.442716	0.005102	0.066881	0.229212	0.024077	0.052714	0.998319	0.469290	-0.882339	0.035271	0.882716	0.467652	-0.045982
27197	13.332919	-2.007392	3.857321	0.027880	0.271667	0.249419	0.022908	0.049223	0.998525	0.469515	-0.882318	0.032723	0.882627	0.468073	-0.043324
27198	12.197431	-2.944342	5.803693	0.085992	0.478530	0.246372	0.019878	0.044779	0.998799	0.470270	-0.882006	0.030184	0.882299	0.469105	-0.038591
27199	11.731776	-2.813008	7.149733	0.212896	0.622927	0.218423	0.015472	0.039907	0.999084	0.472146	-0.881079	0.027881	0.881385	0.471282	-0.032474
27200	11.728621	-2.399301	7.373390	0.277930	0.770311	0.187369	0.009603	0.034589	0.999355	0.474587	-0.879828	0.025892	0.880156	0.474032	-0.024864
27201	11.396198	-2.217229	7.297265	0.296718	1.011442	0.198155	0.001709	0.028019	0.999606	0.477223	-0.878460	0.023808	0.878781	0.476994	-0.014872
27202	12.203190	-2.018639	7.468929	0.243402	1.238254	0.269855	-0.007840	0.019698	0.999775	0.479391	-0.877349	0.021045	0.877567	0.479448	-0.002565
27203	12.789327	-1.792518	7.291884	0.106984	1.616264	0.387358	-0.020101	0.008524	0.999762	0.480422	-0.876870	0.017135	0.876807	0.480652	0.013531
27204	12.659784	-1.474483	6.452455	-0.064752	1.878106	0.488162	-0.034188	-0.004813	0.999404	0.480009	-0.877179	0.012196	0.876597	0.480140	0.032299
27205	12.811567	-0.792351	4.679179	-0.382715	2.001068	0.568344	-0.048962	-0.019394	0.998612	0.476928	-0.878920	0.006315	0.877578	0.476575	0.052283
27206	12.048770	-1.251753	2.451194	-0.797768	2.079712	0.608372	-0.064328	-0.034621	0.997328	0.470291	-0.882512	-0.000301	0.880164	0.469015	0.073052
27207	12.260208	-1.305462	0.420604	-0.496026	2.003995	0.619078	-0.079018	-0.049457	0.995646	0.466407	-0.884543	-0.006922	0.881034	0.463829	0.092962
27208	13.005810	-0.827959	-1.297721	-0.096021	1.944273	0.669689	-0.092983	-0.064417	0.993582	0.466168	-0.884590	-0.013725	0.879796	0.461900	0.112281
27209	14.170170	-0.272801	-2.158915	0.093604	1.879887	0.692653	-0.106208	-0.079239	0.991182	0.467723	-0.883637	-0.020523	0.877471	0.461418	0.130912
27210	14.683518	0.429499	-2.961758	0.329738	1.819506	0.638340	-0.119112	-0.093317	0.988486	0.471361	-0.881544	-0.026422	0.873860	0.462787	0.148989
27211	14.426256	0.543873	-4.832244	0.299907	1.833090	0.580901	-0.132291	-0.106942	0.985425	0.474749	-0.879549	-0.031718	0.870122	0.463634	0.167127
27212	12.622902	-0.308612	-5.660071	0.254763	1.949076	0.555809	-0.146531	-0.120896	0.981791	0.477770	-0.877715	-0.036774	0.866178	0.463682	0.186373
27213	11.642343	-0.772306	-5.023573	0.160804	1.971450	0.576514	-0.160751	-0.135101	0.977705	0.480090	-0.876207	-0.042141	0.862365	0.462612	0.205712
27214	9.550946	-0.725979	-4.615432	0.290580	2.019055	0.604401	-0.175165	-0.149759	0.973082	0.483640	-0.873980	-0.047447	0.857560	0.462310	0.225520
27215	8.266900	-0.475510	-4.440791	0.482103	1.918996	0.627198	-0.188458	-0.164133	0.968269	0.488945	-0.870737	-0.052435	0.851714	0.463548	0.244349
27216	7.785499	-0.108982	-4.271768	0.590767	1.808313	0.642873	-0.200598	-0.178148	0.963340	0.495246	-0.866869	-0.057182	0.845276	0.465619	0.262120
27217	7.308640	0.379733	-4.076854	0.642107	1.684974	0.613608	-0.211668	-0.191339	0.958429	0.501962	-0.862709	-0.061373	0.838589	0.468104	0.278653
27218	6.836479	1.057387	-4.012182	0.582574	1.530799	0.565594	-0.221558	-0.203416	0.953695	0.508093	-0.858835	-0.065145	0.832318	0.470132	0.293636
27219	6.549409	1.599577	-3.902031	0.388131	1.387583	0.521584	-0.230352	-0.214432	0.949187	0.512538	-0.855890	-0.068971	0.827190	0.470607	0.307061
27220	6.429153	1.567130	-3.675122	0.160604	1.259903	0.484473	-0.238216	-0.224519	0.944904	0.515039	-0.854045	-0.073085	0.823400	0.469253	0.319084
27221	6.266174	1.702371	-3.096008	-0.061586	1.188866	0.486735	-0.245424	-0.234251	0.940688	0.515756	-0.853187	-0.077901	0.820831	0.466046	0.330209
27222	6.433313	0.953086	-2.750272	-0.288041	1.103699	0.488304	-0.251914	-0.243556	0.936600	0.514651	-0.853326	-0.083478	0.819557	0.460993	0.340311
27223	6.717058	-0.309751	-2.462427	-0.473595	1.063571	0.476049	-0.258128	-0.252506	0.932529	0.512031	-0.854282	-0.089587	0.819264	0.454359	0.349805
27224	6.854005	-1.024319	-1.843282	-0.578940	1.019866	0.430214	-0.264241	-0.260802	0.928525	0.508456	-0.855757	-0.095666	0.819542	0.446835	0.358733
27225	6.672019	-1.484556	-1.097189	-0.664774	0.916300	0.362970	-0.269860	-0.267988	0.924856	0.504021	-0.857711	-0.101466	0.820450	0.438765	0.366533
27226	6.580215	-1.693994	-0.021146	-0.715493	0.724488	0.272809	-0.274392	-0.273503	0.921903	0.498933	-0.860053	-0.106653	0.822055	0.430703	0.372451
27227	6.548958	-1.593127	0.919805	-0.685667	0.492215	0.197254	-0.277407	-0.277323	0.919857	0.493881	-0.862408	-0.111060	0.824091	0.423491	0.376203
27228	6.604953	-1.452048	2.105195	-0.487635	0.171021	0.151113	-0.278024	-0.279371	0.919051	0.490323	-0.864011	-0.114311	0.826006	0.418851	0.377198
27229	7.445482	-0.493309	3.887277	-0.247045	-0.087704	0.054527	-0.276975	-0.279496	0.919330	0.488480	-0.864861	-0.115767	0.827449	0.417009	0.376073
27230	7.799466	1.289650	5.002742	-0.146492	-0.168728	-0.150194	-0.276260	-0.277516	0.920144	0.486897	-0.865861	-0.114960	0.828620	0.416257	0.374324
27231	6.809992	2.862617	3.974831	-0.264147	-0.209180	-0.313897	-0.275992	-0.273946	0.921294	0.483887	-0.867794	-0.113080	0.830471	0.414593	0.372063
27232	7.098713	2.903559	3.278712	-0.752898	-0.320271	-0.315295	-0.274789	-0.269908	0.922844	0.476797	-0.871722	-0.112983	0.834958	0.408963	0.368231
27233	8.897947	0.692667	4.582210	-1.618521	-0.202540	-0.172183	-0.273843	-0.267608	0.923795	0.462793	-0.878665	-0.117348	0.843109	0.395390	0.364463
27234	9.030272	-2.655473	6.269739	-2.325864	0.080377	-0.025683	-0.274592	-0.267715	0.923541	0.443043	-0.887660	-0.125586	0.853412	0.374684	0.362353
27235	6.554295	-6.088872	5.776196	-2.081228	-0.112068	0.019943	-0.273488	-0.267506	0.923929	0.425287	-0.895189	-0.133298	0.862749	0.356480	0.358590
27236	6.101184	-7.115130	5.070952	-1.117878	-0.773238	-0.023605	-0.266842	-0.264596	0.926706	0.415590	-0.899165	-0.137065	0.869529	0.348555	0.349899
27237	8.668276	-6.479307	3.912886	-0.497033	-1.072106	-0.104306	-0.257870	-0.259954	0.930552	0.411031	-0.901141	-0.137835	0.874389	0.346943	0.339226
27238	7.916030	-4.316794	1.465356	0.028797	-1.172994	-0.217805	-0.248445	-0.253931	0.934770	0.410776	-0.901576	-0.135737	0.877233	0.350258	0.328301
27239	7.345559	-1.179981	-1.238914	0.743647	-1.437179	-0.298400	-0.237013	-0.246159	0.939803	0.416625	-0.899652	-0.130572	0.877638	0.360599	0.315786
27240	10.881294	1.664737	-3.123467	0.987179	-1.516532	-0.330545	-0.225051	-0.237655	0.944919	0.424564	-0.896806	-0.124436	0.876982	0.373175	0.302727
27241	15.071500	1.448766	-2.567915	0.736120	-1.055383	-0.315131	-0.217090	-0.230868	0.948458	0.430367	-0.894737	-0.119286	0.876160	0.382289	0.293597
27242	13.487177	-0.948999	1.976050	0.604184	-0.533891	-0.399657	-0.214094	-0.225262	0.950484	0.434838	-0.893294	-0.113762	0.874688	0.388951	0.289202
27243	10.497113	-1.376985	6.620412	0.417739	-0.516687	-0.511416	-0.211751	-0.218695	0.952541	0.437449	-0.892768	-0.107726	0.873957	0.393877	0.284712
27244	11.447613	-1.403489	9.639455	-0.042400	-0.662166	-0.495726	-0.208073	-0.211680	0.954933	0.436080	-0.893977	-0.103149	0.875522	0.394965	0.278322
27245	12.309882	-2.550182	9.819395	-0.605928	-0.685444	-0.411109	-0.203782	-0.205327	0.957243	0.429963	-0.897189	-0.100913	0.879548	0.391015	0.271113
27246	13.175444	-4.053968	7.105146	-0.818332	-0.728465	-0.382433	-0.198937	-0.199088	0.959577	0.422018	-0.901114	-0.099467	0.884491	0.385171	0.263284
27247	11.209571	-4.664474	4.993857	-0.740612	-0.650101	-0.395691	-0.194772	-0.193052	0.961663	0.414719	-0.904698	-0.097621	0.888860	0.379806	0.256272
27248	8.480770	-4.234138	2.234568	-0.070985	-0.765941	-0.400568	-0.189568	-0.186543	0.963984	0.413357	-0.905706	-0.093978	0.890618	0.380655	0.248802
27249	8.510296	-2.189346	-0.845236	0.733514	-0.837000	-0.406722	-0.183757	-0.179666	0.966413	0.419172	-0.903604	-0.088287	0.889117	0.388870	0.241354
27250	8.995621	1.122635	-0.788616	1.165656	-0.765356	-0.458056	-0.178859	-0.172543	0.968627	0.428722	-0.899788	-0.081116	0.885555	0.400763	0.234908
27251	8.773306	3.069612	-0.102095	1.087687	-0.683855	-0.569822	-0.175226	-0.164669	0.970659	0.437372	-0.896305	-0.073100	0.882044	0.411730	0.229078
27252	9.625135	3.953714	-0.293438	0.755565	-0.687468	-0.648886	-0.171976	-0.156029	0.972666	0.442941	-0.894182	-0.065124	0.879902	0.419634	0.222890
27253	10.441977	2.881253	0.082173	0.075457	-0.624856	-0.637487	-0.169241	-0.147721	0.974441	0.442563	-0.894809	-0.058784	0.880622	0.421303	0.216814
27254	10.120424	0.155009	1.007900	-0.390949	-0.589567	-0.569842	-0.166500	-0.140164	0.976029	0.438200	-0.897248	-0.054098	0.883322	0.418689	0.210811
27255	9.976069	-2.227290	1.848555	-0.571824	-0.605242	-0.499920	-0.163262	-0.133171	0.977554	0.432360	-0.900289	-0.050436	0.886798	0.414421	0.204561
27256	9.615750	-3.477307	2.036656	-0.519389	-0.655326	-0.447454	-0.159312	-0.126458	0.979095	0.427066	-0.902991	-0.047139	0.890075	0.410628	0.197863
27257	9.583744	-3.089433	2.423071	-0.326746	-0.733178	-0.410145	-0.154465	-0.119770	0.980712	0.423555	-0.904811	-0.043789	0.892604	0.408622	0.190490
27258	9.743893	-1.407202	3.034350	-0.186732	-0.800973	-0.374579	-0.148838	-0.113135	0.982368	0.421358	-0.905990	-0.040499	0.894598	0.407901	0.182516
27259	9.611927	0.203793	3.233572	-0.027524	-0.848850	-0.341222	-0.142619	-0.106599	0.984021	0.420659	-0.906455	-0.037228	0.895939	0.408627	0.174120
27260	9.838620	1.648325	2.790059	0.118156	-0.868846	-0.324130	-0.136145	-0.100130	0.985616	0.421305	-0.906286	-0.033875	0.896642	0.410633	0.165572
27261	10.161359	1.827453	2.612432	0.081105	-0.792891	-0.342064	-0.130418	-0.093790	0.987013	0.421620	-0.906262	-0.030406	0.897345	0.412179	0.157737
27262	9.773947	1.295591	2.345018	0.111833	-0.716696	-0.360981	-0.125458	-0.087585	0.988225	0.422202	-0.906108	-0.026707	0.897778	0.413880	0.150657
27263	9.543523	1.380027	1.368458	0.334608	-0.705225	-0.352581	-0.120565	-0.081482	0.989356	0.424816	-0.904994	-0.022765	0.897216	0.417549	0.143726
27264	9.653148	1.755649	0.194029	0.512256	-0.707297	-0.320596	-0.115543	-0.075638	0.990418	0.429070	-0.903073	-0.018912	0.895851	0.422774	0.136798
27265	10.056401	1.800967	-0.350622	0.496141	-0.671597	-0.246983	-0.110539	-0.070575	0.991363	0.433276	-0.901122	-0.015840	0.894457	0.427783	0.130187
27266	9.569109	1.765278	-0.081646	0.301661	-0.631363	-0.192121	-0.105678	-0.066158	0.992197	0.435807	-0.899937	-0.013589	0.893814	0.430971	0.123936
27267	9.315579	1.704774	0.025145	0.182808	-0.670836	-0.166055	-0.100350	-0.061787	0.993032	0.437313	-0.899233	-0.011759	0.893693	0.433086	0.117258
27268	9.751147	1.652424	0.228643	0.038900	-0.678846	-0.166873	-0.094960	-0.057367	0.993827	0.437541	-0.899142	-0.010095	0.894170	0.433881	0.110483
27269	9.774701	1.176393	0.499909	-0.113691	-0.669184	-0.199179	-0.089786	-0.052695	0.994566	0.436382	-0.899724	-0.008275	0.895271	0.433268	0.103778
27270	9.699010	0.311547	0.416640	-0.134373	-0.682164	-0.236185	-0.084653	-0.047639	0.995271	0.435016	-0.900402	-0.006098	0.896435	0.432443	0.096945
27271	9.762202	-0.040181	0.357260	-0.085449	-0.689532	-0.247149	-0.079485	-0.042453	0.995932	0.434089	-0.900862	-0.003756	0.897357	0.432024	0.090034
27272	9.454639	0.247875	0.436525	-0.106965	-0.677260	-0.246633	-0.074422	-0.037330	0.996528	0.432982	-0.901401	-0.001430	0.898325	0.431373	0.083248
27273	9.336932	0.122043	1.088462	-0.184380	-0.653496	-0.223843	-0.069458	-0.032517	0.997055	0.431206	-0.902253	0.000613	0.899576	0.429978	0.076690
27274	9.394660	-0.139691	1.705089	-0.191728	-0.628866	-0.182128	-0.064529	-0.028197	0.997517	0.429401	-0.903111	0.002250	0.900805	0.428480	0.070385
27275	9.417103	0.188543	2.717259	-0.149870	-0.610225	-0.136427	-0.059557	-0.024374	0.997927	0.428007	-0.903769	0.003470	0.901811	0.427327	0.064258
27276	9.676441	0.170046	3.086521	-0.133103	-0.584225	-0.092727	-0.054632	-0.021065	0.998284	0.426796	-0.904338	0.004274	0.902696	0.426298	0.058396
27277	9.680757	-0.192454	2.575917	0.007746	-0.606191	-0.078951	-0.049439	-0.017788	0.998619	0.426866	-0.904301	0.005025	0.902962	0.426525	0.052300
27278	9.352849	0.319613	1.853402	0.165914	-0.631025	-0.095861	-0.044103	-0.014248	0.998925	0.428362	-0.903587	0.006024	0.902530	0.428167	0.045954
27279	9.257776	1.236223	1.241551	0.196387	-0.660483	-0.118037	-0.038593	-0.010369	0.999201	0.430125	-0.902740	0.007245	0.901944	0.430061	0.039299
27280	9.445929	1.389770	0.754652	0.077679	-0.663005	-0.126733	-0.033110	-0.006394	0.999431	0.430823	-0.902396	0.008500	0.901829	0.430859	0.032633
27281	9.590285	0.477779	0.486780	-0.046893	-0.647524	-0.125304	-0.027751	-0.002495	0.999612	0.430402	-0.902585	0.009696	0.902211	0.430504	0.026122
27282	9.261783	-1.050689	0.479897	-0.021858	-0.636982	-0.112298	-0.022438	0.001237	0.999747	0.430219	-0.902660	0.010773	0.902446	0.430352	0.019722
27283	9.229398	-1.596050	0.792366	0.198583	-0.640229	-0.046541	-0.016806	0.004397	0.999849	0.432041	-0.901784	0.011228	0.901697	0.432164	0.013256
27284	9.368066	-0.934217	0.951587	0.349040	-0.623142	0.012967	-0.011087	0.006960	0.999914	0.435229	-0.900252	0.011092	0.900252	0.435314	0.006952
27285	9.323490	-0.120529	1.235762	0.495729	-0.658965	0.052058	-0.004876	0.009355	0.999944	0.439729	-0.898069	0.010546	0.898117	0.439756	0.000266
27286	9.435345	1.011877	1.512792	0.580907	-0.700962	0.052021	0.001689	0.011966	0.999927	0.444979	-0.895485	0.009964	0.895539	0.444930	-0.006837
27287	9.612387	2.187309	1.568435	0.557023	-0.757890	0.025638	0.008639	0.015107	0.999849	0.449997	-0.892978	0.009604	0.892988	0.449846	-0.014512
27288	9.754490	2.608519	1.633910	0.443007	-0.786956	-0.018616	0.015622	0.018806	0.999701	0.453991	-0.890954	0.009666	0.890869	0.453704	-0.022456
27289	9.780064	1.686520	1.711864	0.372628	-0.797321	-0.054506	0.022527	0.022902	0.999484	0.457355	-0.889227	0.010068	0.888999	0.456892	-0.030506
27290	9.576351	0.483631	2.453168	0.484859	-0.798975	-0.043712	0.029466	0.026936	0.999203	0.461712	-0.886970	0.010295	0.886541	0.461040	-0.038572
27291	9.747605	0.483802	3.469234	0.701507	-0.804988	-0.002125	0.036636	0.030672	0.998858	0.467955	-0.883696	0.009972	0.882992	0.467056	-0.046728
27292	10.247761	0.798816	3.740222	0.821648	-0.788269	0.056240	0.043890	0.033864	0.998462	0.475210	-0.879827	0.008951	0.878777	0.474087	-0.054709
27293	10.753915	0.111309	3.713281	0.826805	-0.685724	0.119797	0.050534	0.036070	0.998071	0.482437	-0.875901	0.007228	0.874472	0.481141	-0.061664
27294	11.148646	-0.528286	3.472760	0.863058	-0.563675	0.172855	0.056334	0.037271	0.997716	0.489912	-0.871758	0.004904	0.869950	0.488516	-0.067369
27295	11.193793	-0.635150	3.258091	0.838353	-0.425542	0.192420	0.061035	0.037675	0.997424	0.497108	-0.867685	0.002355	0.865539	0.495684	-0.071688
27296	10.979948	-0.017888	3.850291	0.711712	-0.301296	0.183194	0.064596	0.037570	0.997204	0.503177	-0.864183	-0.000036	0.861766	0.501772	-0.074727
27297	11.607385	0.844106	4.677890	0.524691	-0.228974	0.172478	0.067496	0.037220	0.997025	0.507611	-0.861583	-0.002201	0.858938	0.506250	-0.077047
27298	13.556036	1.085020	5.363463	0.314748	-0.130677	0.173369	0.069540	0.036369	0.996916	0.510230	-0.860028	-0.004216	0.857222	0.508949	-0.078363
27299	14.567176	1.627951	5.841335	0.021771	0.067318	0.205293	0.070069	0.034245	0.996954	0.510307	-0.859969	-0.006327	0.857133	0.509196	-0.077733
27300	13.462609	0.826979	5.759240	-0.523593	0.309948	0.223618	0.068581	0.030724	0.997172	0.505693	-0.862674	-0.008200	0.859983	0.504826	-0.074700
27301	11.611912	-0.514341	6.338335	-0.949805	0.447836	0.244875	0.066005	0.026346	0.997471	0.497370	-0.867481	-0.009999	0.865024	0.496773	-0.070362
27302	11.383992	-1.121295	6.238189	-1.025340	0.490064	0.278051	0.063157	0.021488	0.997772	0.488331	-0.872574	-0.012119	0.870370	0.488008	-0.065603
27303	10.898944	-1.614086	5.710192	-0.930255	0.630615	0.302196	0.059175	0.015775	0.998123	0.480061	-0.877113	-0.014599	0.875237	0.480024	-0.059476
27304	10.804431	-2.347071	5.437313	-0.791568	0.827840	0.333895	0.053534	0.008864	0.998527	0.472965	-0.880907	-0.017537	0.879454	0.473207	-0.051351
27305	10.967914	-2.475634	5.679607	-0.655776	1.063999	0.372987	0.045968	0.000550	0.998943	0.467036	-0.883989	-0.021005	0.883043	0.467507	-0.040892
27306	11.122381	-1.818726	5.960361	-0.541727	1.326558	0.426349	0.036243	-0.009427	0.999299	0.462104	-0.886470	-0.025123	0.886085	0.462690	-0.027772
27307	11.223539	-0.676883	5.765330	-0.454057	1.606731	0.437941	0.024058	-0.020733	0.999496	0.457979	-0.888475	-0.029454	0.888637	0.458457	-0.011880
27308	12.129109	0.179252	4.505544	-0.597578	1.750393	0.406977	0.010356	-0.032365	0.999422	0.452625	-0.891070	-0.033546	0.891641	0.452711	0.005421
27309	11.892159	-0.109664	2.348019	-0.831573	1.913860	0.330075	-0.005206	-0.043919	0.999022	0.445224	-0.894654	-0.037010	0.895404	0.444596	0.024211
27310	12.711617	-0.664972	0.592835	-0.494344	1.940218	0.262653	-0.021410	-0.054883	0.998263	0.440866	-0.896688	-0.039843	0.897318	0.439247	0.043394
27311	13.292078	-0.552511	-0.488583	-0.073611	2.037112	0.269866	-0.038441	-0.066253	0.997062	0.440326	-0.896826	-0.042616	0.897015	0.437394	0.063647
27312	12.855079	-0.410040	-1.849751	0.262650	2.042152	0.284469	-0.055457	-0.077781	0.995427	0.442852	-0.895450	-0.045296	0.894878	0.438315	0.084104
27313	12.894278	-0.177291	-2.470550	0.636585	1.874438	0.288388	-0.070851	-0.088634	0.993541	0.448759	-0.892384	-0.047608	0.890840	0.442487	0.103001
27314	13.618312	-0.471304	-4.304248	0.874652	1.726677	0.313788	-0.084740	-0.099157	0.991457	0.456813	-0.888169	-0.049783	0.885518	0.448692	0.120560
27315	13.783613	-0.970812	-4.618570	0.750554	1.806655	0.311097	-0.099203	-0.110084	0.988959	0.463768	-0.884434	-0.051928	0.880385	0.453496	0.138792
27316	13.033353	-1.520640	-4.274426	0.546244	1.890293	0.256253	-0.114578	-0.120977	0.986020	0.468880	-0.881629	-0.053684	0.875799	0.456175	0.157739
27317	11.512590	-1.170649	-3.973746	0.617429	1.910859	0.191219	-0.130303	-0.131426	0.982725	0.474549	-0.878536	-0.054570	0.870531	0.459240	0.176844
27318	9.790773	-0.813425	-3.688536	0.783578	1.897480	0.166631	-0.145933	-0.141673	0.979098	0.481618	-0.874668	-0.054778	0.864146	0.463557	0.195875
27319	9.943452	-0.195886	-3.101452	0.857022	1.842030	0.159787	-0.160953	-0.151669	0.975239	0.489283	-0.870413	-0.054615	0.857144	0.468377	0.214304
27320	9.463962	0.389840	-2.694418	0.787348	1.882818	0.153491	-0.176234	-0.161886	0.970945	0.496307	-0.866442	-0.054379	0.850071	0.472303	0.233042
27321	8.719914	0.909278	-2.420190	0.667611	1.863492	0.102499	-0.191443	-0.171617	0.966384	0.502192	-0.863082	-0.053787	0.843299	0.475013	0.251416
27322	8.605277	1.543966	-2.208270	0.485925	1.814080	0.030253	-0.206497	-0.180531	0.961648	0.506381	-0.860689	-0.052842	0.837220	0.476049	0.269147
27323	8.749569	2.098901	-2.039648	0.167601	1.802080	-0.031134	-0.221642	-0.188843	0.956668	0.507759	-0.859922	-0.052107	0.832500	0.474207	0.286482
27324	8.742342	2.103009	-2.047466	-0.270733	1.817617	-0.091664	-0.237174	-0.196646	0.951356	0.505347	-0.861344	-0.052057	0.829682	0.468419	0.303663
27325	8.615840	1.649171	-1.875506	-0.687270	1.839172	-0.111536	-0.252928	-0.204229	0.945684	0.499422	-0.864726	-0.053172	0.828617	0.458846	0.320709
27326	8.436460	1.107411	-1.306969	-1.017983	1.892016	-0.114463	-0.269133	-0.211822	0.939521	0.490739	-0.869539	-0.055468	0.828699	0.446131	0.337971
27327	7.912278	0.783138	-0.548359	-1.147291	1.947340	-0.095816	-0.285682	-0.219556	0.932835	0.481012	-0.874755	-0.058576	0.828863	0.431971	0.355511
27328	7.383854	0.551727	0.316332	-1.202433	1.941481	-0.091327	-0.302168	-0.227023	0.925827	0.470832	-0.880033	-0.062125	0.828862	0.417137	0.372808
27329	7.137417	-0.193876	0.731020	-1.300539	1.828989	-0.093217	-0.317710	-0.233708	0.918935	0.459810	-0.885543	-0.066242	0.829238	0.401489	0.388807
27330	6.529141	-1.683815	0.731001	-1.374815	1.632806	-0.091363	-0.331631	-0.239348	0.912542	0.448163	-0.891138	-0.070865	0.830163	0.385467	0.402796
27331	5.821696	-3.143865	0.634856	-1.245807	1.297829	-0.068239	-0.342660	-0.243672	0.907308	0.437634	-0.895990	-0.075352	0.831300	0.371249	0.413659
27332	5.464335	-3.623649	0.631075	-0.893854	0.923195	-0.028146	-0.350418	-0.246828	0.903484	0.430160	-0.899303	-0.078847	0.831967	0.361013	0.421308
27333	5.555612	-3.513200	0.667291	-0.473919	0.566078	0.010686	-0.355028	-0.248976	0.901092	0.426306	-0.900948	-0.080972	0.831997	0.355393	0.426002
27334	5.744601	-3.119321	0.622426	-0.094570	0.310641	0.040829	-0.357395	-0.250474	0.899740	0.425720	-0.901153	-0.081763	0.831283	0.353815	0.428700
27335	5.993434	-2.477435	0.526377	0.186105	0.147133	0.062498	-0.358297	-0.251583	0.899071	0.427540	-0.900311	-0.081547	0.829959	0.355171	0.430140
27336	6.359659	-1.266092	0.663129	0.339331	0.086872	0.051529	-0.358753	-0.252385	0.898665	0.430591	-0.898944	-0.080568	0.828183	0.358053	0.431173
27337	6.716521	0.307309	1.072766	0.357079	0.059943	0.019700	-0.359109	-0.252801	0.898405	0.433667	-0.897583	-0.079225	0.826422	0.361158	0.431962
27338	7.212106	1.053568	1.802663	0.293224	0.038371	-0.028625	-0.359506	-0.252712	0.898272	0.436039	-0.896566	-0.077720	0.825000	0.363740	0.432513
27339	8.098376	1.148824	2.629996	0.147120	0.034117	-0.110469	-0.360216	-0.251869	0.898224	0.436905	-0.896282	-0.076112	0.824232	0.365022	0.432898
27340	9.037805	1.008406	3.109558	0.035227	-0.001902	-0.210594	-0.361075	-0.250002	0.898401	0.436490	-0.896653	-0.074086	0.824076	0.365393	0.432882
27341	9.537421	0.506253	3.230921	-0.231344	-0.023703	-0.257562	-0.361946	-0.247628	0.898708	0.433703	-0.898111	-0.072794	0.825165	0.363424	0.432464
27342	9.177301	-0.011420	3.331987	-0.449009	-0.113815	-0.221254	-0.361915	-0.245254	0.899371	0.429247	-0.900251	-0.072761	0.827505	0.359719	0.431089
27343	9.569732	-0.410039	4.157760	-0.773925	-0.230491	-0.142085	-0.360554	-0.243175	0.900481	0.422365	-0.903332	-0.074829	0.831630	0.353352	0.428409
27344	9.569491	-0.950396	4.687081	-1.185246	-0.220894	-0.127360	-0.359197	-0.241280	0.901533	0.412072	-0.907741	-0.078760	0.837362	0.343206	0.425482
27345	9.732894	-2.301159	6.252162	-1.727196	-0.144951	-0.129205	-0.358447	-0.239643	0.902268	0.397132	-0.913822	-0.084942	0.844868	0.327872	0.422726
27346	10.083695	-2.926127	7.985411	-1.952567	0.006275	-0.160342	-0.359079	-0.238222	0.902393	0.380042	-0.920407	-0.091752	0.852426	0.310001	0.421033
27347	7.777721	-2.786185	8.034595	-1.602399	0.029288	-0.208747	-0.360055	-0.236411	0.902480	0.365638	-0.925728	-0.096626	0.858295	0.295190	0.419754
27348	5.983713	-2.636762	6.151138	-1.250915	-0.320749	-0.258168	-0.358180	-0.233119	0.904081	0.353994	-0.929935	-0.099539	0.863942	0.284387	0.415607
27349	6.591117	-2.565966	3.972506	-1.228710	-0.725736	-0.280350	-0.352809	-0.228506	0.907365	0.342393	-0.933995	-0.102081	0.870800	0.274660	0.407761
27350	6.968011	-1.621587	1.920613	-1.060726	-0.949703	-0.351003	-0.345649	-0.222684	0.911558	0.331948	-0.937637	-0.103185	0.877689	0.266924	0.398013
27351	7.252296	0.661832	-0.728918	-0.369020	-1.300475	-0.454986	-0.335646	-0.214975	0.917130	0.327201	-0.939596	-0.100494	0.883335	0.266356	0.385712
27352	11.088116	1.583451	-2.700323	0.134569	-1.536652	-0.440232	-0.323435	-0.206743	0.923389	0.326996	-0.940141	-0.095957	0.887954	0.270909	0.371679
27353	15.108857	1.162770	-2.575518	0.134373	-1.190607	-0.446276	-0.314250	-0.199328	0.928178	0.326821	-0.940660	-0.091358	0.891311	0.274639	0.360747
27354	13.992097	-0.139140	-0.176107	-0.074957	-0.593869	-0.555184	-0.310713	-0.192502	0.930806	0.324472	-0.941933	-0.086491	0.893406	0.275147	0.355133
27355	10.550286	-2.498366	3.032679	-0.098202	-0.453536	-0.630502	-0.308642	-0.185340	0.932946	0.321693	-0.943374	-0.080987	0.895128	0.275126	0.350788
27356	10.372749	-5.127682	5.399500	0.007667	-0.628021	-0.514209	-0.304619	-0.178787	0.935544	0.320239	-0.944269	-0.076182	0.897025	0.276392	0.344897
27357	11.593938	-5.492454	5.900426	0.317692	-0.849900	-0.369205	-0.298122	-0.172962	0.938726	0.322031	-0.944013	-0.071665	0.898565	0.280934	0.337130
27358	11.703532	-3.896576	4.773304	0.550974	-0.994687	-0.311998	-0.290144	-0.167222	0.942260	0.326117	-0.942957	-0.066926	0.899702	0.287869	0.328127
27359	11.128175	-2.279208	3.356816	0.478476	-1.056275	-0.275897	-0.281485	-0.161576	0.945864	0.329688	-0.941999	-0.062802	0.901150	0.294162	0.318428
27360	10.792439	-2.199415	2.411850	0.269069	-1.010315	-0.229879	-0.273085	-0.156450	0.949183	0.331525	-0.941549	-0.059811	0.903059	0.298345	0.308990
27361	10.005305	-2.844819	1.420901	0.285523	-0.977336	-0.221619	-0.264935	-0.151456	0.952298	0.333560	-0.941012	-0.056863	0.904736	0.302584	0.299826
27362	9.468517	-1.365948	0.725660	0.667186	-1.036719	-0.264729	-0.256396	-0.145822	0.955509	0.338953	-0.939343	-0.052402	0.905192	0.310437	0.290270
27363	9.517503	1.265728	0.489028	0.964705	-1.039816	-0.287365	-0.247919	-0.139871	0.958631	0.347007	-0.936688	-0.046927	0.904501	0.321018	0.280759
27364	9.731136	2.090581	0.268144	0.919465	-0.979432	-0.340633	-0.240210	-0.133522	0.961494	0.354534	-0.934137	-0.041150	0.903662	0.330997	0.271727
27365	9.365606	0.923515	0.182354	0.688828	-0.891178	-0.398698	-0.233528	-0.126844	0.964041	0.359862	-0.932330	-0.035499	0.903307	0.338631	0.263372
27366	9.340776	0.417104	1.218234	0.585344	-0.806776	-0.419745	-0.227711	-0.120204	0.966281	0.364226	-0.930829	-0.029962	0.903043	0.345122	0.255742
27367	9.387987	1.020941	2.148379	0.502801	-0.744744	-0.397168	-0.222386	-0.113945	0.968277	0.367921	-0.929524	-0.024883	0.902873	0.350715	0.248636
27368	9.577189	1.129944	2.523165	0.251934	-0.703872	-0.376906	-0.217367	-0.107990	0.970098	0.369413	-0.929036	-0.020646	0.903485	0.353879	0.241835
27369	9.517730	0.437284	2.822433	-0.040210	-0.699781	-0.383039	-0.212397	-0.101978	0.971848	0.368274	-0.929561	-0.017055	0.905131	0.354284	0.234992
