// General information: 
//  MT Manager version: 2022.2.0 
//  XDA version: 2022.2.0 build 7381 rev 124627 built on 2023-07-19
// Device information: 
//  DeviceId: 00B4CB9F
//  ProductCode: MTW2-3A7G6
//  Firmware Version: 4.6.0
//  Hardware Version: 2.0.0
// Device settings: 
//  Filter Profile: human(46.1)
//  Option Flags: Orientation Smoother Disabled, Position/Velocity Smoother Disabled, Continuous Zero Rotation Update Disabled, AHS Disabled, ICC Disabled
// Coordinate system: ENU
PacketCounter	Acc_X	Acc_Y	Acc_Z	Gyr_X	Gyr_Y	Gyr_Z	Mat[1][1]	Mat[2][1]	Mat[3][1]	Mat[1][2]	Mat[2][2]	Mat[3][2]	Mat[1][3]	Mat[2][3]	Mat[3][3]
01562	9.572891	-0.427623	2.132621	-0.040788	0.016607	-0.037327	-0.157539	-0.162214	0.974099	0.579721	-0.813744	-0.041753	0.799440	0.558128	0.222236
01563	9.574579	-0.406073	2.089125	-0.041136	0.017771	-0.035533	-0.157821	-0.162033	0.974083	0.579382	-0.813997	-0.041532	0.799630	0.557812	0.222345
01564	9.575314	-0.394101	2.068112	-0.039333	0.016271	-0.034134	-0.158076	-0.161833	0.974075	0.579057	-0.814240	-0.041306	0.799815	0.557516	0.222422
01565	9.574209	-0.400998	2.091799	-0.046260	0.012552	-0.038476	-0.158333	-0.161598	0.974072	0.578672	-0.814526	-0.041068	0.800043	0.557166	0.222479
01566	9.579895	-0.478879	2.085134	-0.057251	0.003818	-0.037709	-0.158509	-0.161299	0.974093	0.578197	-0.814874	-0.040847	0.800352	0.556743	0.222428
01567	9.567301	-0.505633	2.072284	-0.050786	0.004085	-0.040441	-0.158709	-0.161001	0.974110	0.577772	-0.815188	-0.040600	0.800619	0.556370	0.222400
01568	9.577181	-0.523682	2.063713	-0.041689	-0.002798	-0.036489	-0.158825	-0.160675	0.974145	0.577422	-0.815448	-0.040356	0.800848	0.556083	0.222291
01569	9.524963	-0.476727	2.106490	-0.035854	0.000414	-0.038672	-0.158986	-0.160371	0.974169	0.577119	-0.815675	-0.040093	0.801035	0.555837	0.222234
01570	9.557211	-0.485891	2.102636	-0.026717	0.002096	-0.037779	-0.159148	-0.160062	0.974193	0.576888	-0.815853	-0.039804	0.801170	0.555665	0.222179
01571	9.539673	-0.422126	2.075105	-0.028527	0.011850	-0.040714	-0.159411	-0.159805	0.974192	0.576640	-0.816043	-0.039504	0.801295	0.555461	0.222236
01572	9.496779	-0.395285	2.111094	-0.019933	0.017409	-0.043847	-0.159731	-0.159531	0.974185	0.576454	-0.816192	-0.039141	0.801366	0.555320	0.222333
01573	9.510115	-0.352474	2.103380	-0.009243	0.019688	-0.044327	-0.160078	-0.159288	0.974168	0.576355	-0.816280	-0.038763	0.801368	0.555261	0.222475
01574	9.477785	-0.314747	2.197907	-0.004616	0.021155	-0.046931	-0.160445	-0.159010	0.974153	0.576287	-0.816348	-0.038336	0.801343	0.555240	0.222614
01575	9.504512	-0.232582	2.181067	-0.004649	0.020845	-0.045408	-0.160807	-0.158764	0.974133	0.576222	-0.816412	-0.037938	0.801317	0.555216	0.222769
01576	9.480882	-0.246126	2.200897	-0.019957	0.021985	-0.058848	-0.161250	-0.158394	0.974120	0.576012	-0.816584	-0.037429	0.801380	0.555069	0.222911
01577	9.529512	-0.323491	2.249388	-0.028900	0.017576	-0.053926	-0.161635	-0.158060	0.974110	0.575739	-0.816796	-0.037001	0.801498	0.554852	0.223024
01578	9.528420	-0.328478	2.273172	-0.040389	0.012999	-0.058738	-0.162005	-0.157640	0.974117	0.575363	-0.817082	-0.036539	0.801693	0.554551	0.223072
01579	9.564177	-0.297526	2.180718	-0.049850	0.012770	-0.059376	-0.162383	-0.157235	0.974120	0.574913	-0.817418	-0.036105	0.801940	0.554171	0.223131
01580	9.554200	-0.272041	2.190448	-0.056788	0.017296	-0.065267	-0.162824	-0.156786	0.974118	0.574394	-0.817803	-0.035616	0.802222	0.553729	0.223215
01581	9.541549	-0.296242	2.178748	-0.070382	0.015994	-0.072745	-0.163304	-0.156288	0.974118	0.573757	-0.818273	-0.035098	0.802580	0.553175	0.223299
01582	9.528020	-0.329837	2.189467	-0.081956	0.019040	-0.076045	-0.163820	-0.155760	0.974116	0.573019	-0.818813	-0.034560	0.803002	0.552526	0.223391
01583	9.490362	-0.391434	2.240468	-0.082261	0.020827	-0.077308	-0.164364	-0.155251	0.974106	0.572278	-0.819354	-0.034025	0.803419	0.551867	0.223519
01584	9.553968	-0.440387	2.167777	-0.081337	0.016111	-0.076626	-0.164859	-0.154701	0.974109	0.571543	-0.819889	-0.033480	0.803841	0.551225	0.223584
01585	9.568974	-0.376186	2.115384	-0.077985	0.023793	-0.079648	-0.165439	-0.154188	0.974092	0.570830	-0.820408	-0.032912	0.804228	0.550596	0.223743
01586	9.524235	-0.387634	2.107830	-0.069383	0.021141	-0.081254	-0.166001	-0.153627	0.974086	0.570182	-0.820884	-0.032296	0.804572	0.550044	0.223862
01587	9.503356	-0.349708	2.148777	-0.061652	0.015270	-0.083568	-0.166534	-0.153034	0.974088	0.569593	-0.821317	-0.031653	0.804879	0.549562	0.223944
01588	9.534662	-0.364453	2.168575	-0.055218	0.015273	-0.084768	-0.167067	-0.152411	0.974094	0.569050	-0.821720	-0.030972	0.805153	0.549134	0.224012
01589	9.566909	-0.369502	2.165877	-0.056513	0.012567	-0.080634	-0.167561	-0.151826	0.974101	0.568506	-0.822119	-0.030346	0.805434	0.548697	0.224069
01590	9.546966	-0.321879	2.183794	-0.049156	0.007538	-0.079616	-0.168002	-0.151203	0.974122	0.568020	-0.822478	-0.029701	0.805685	0.548331	0.224064
01591	9.550972	-0.245818	2.161723	-0.049790	0.010793	-0.080592	-0.168480	-0.150609	0.974131	0.567530	-0.822840	-0.029061	0.805931	0.547952	0.224107
01592	9.506030	-0.236314	2.241932	-0.045772	0.006975	-0.081132	-0.168925	-0.149969	0.974153	0.567067	-0.823182	-0.028394	0.806163	0.547614	0.224098
01593	9.493350	-0.238430	2.318329	-0.041841	0.011102	-0.081640	-0.169411	-0.149367	0.974161	0.566638	-0.823500	-0.027726	0.806363	0.547300	0.224147
01594	9.511699	-0.292490	2.346792	-0.040740	0.011902	-0.076633	-0.169869	-0.148791	0.974169	0.566224	-0.823806	-0.027091	0.806558	0.546996	0.224188
01595	9.468327	-0.264044	2.382793	-0.049678	0.016313	-0.076296	-0.170366	-0.148261	0.974163	0.565740	-0.824158	-0.026492	0.806792	0.546609	0.224286
01596	9.455251	-0.297568	2.392849	-0.056751	0.010640	-0.071543	-0.170785	-0.147720	0.974172	0.565205	-0.824542	-0.025943	0.807079	0.546176	0.224312
01597	9.489446	-0.253551	2.412055	-0.046047	0.013332	-0.073510	-0.171242	-0.147197	0.974171	0.564754	-0.824869	-0.025364	0.807297	0.545824	0.224382
01598	9.517347	-0.200003	2.194423	-0.068758	0.001320	-0.077438	-0.171618	-0.146555	0.974202	0.564109	-0.825328	-0.024784	0.807668	0.545302	0.224314
01599	9.575321	-0.157099	2.106229	-0.081889	0.004017	-0.080911	-0.172041	-0.145919	0.974223	0.563355	-0.825860	-0.024213	0.808105	0.544667	0.224286
01600	9.597356	-0.171992	2.044624	-0.099539	0.006476	-0.087914	-0.172516	-0.145219	0.974243	0.562443	-0.826499	-0.023601	0.808639	0.543884	0.224262
01601	9.571873	-0.244199	2.062207	-0.111902	-0.001704	-0.092016	-0.172954	-0.144459	0.974279	0.561425	-0.827208	-0.022988	0.809252	0.543009	0.224172
01602	9.615568	-0.259477	2.026711	-0.114302	-0.005217	-0.092925	-0.173361	-0.143653	0.974325	0.560383	-0.827932	-0.022360	0.809887	0.542119	0.224032
01603	9.579460	-0.321255	2.074184	-0.101193	-0.007890	-0.089484	-0.173732	-0.142879	0.974373	0.559455	-0.828576	-0.021748	0.810449	0.541339	0.223885
01604	9.592566	-0.275452	2.064580	-0.087559	-0.005872	-0.085021	-0.174089	-0.142133	0.974418	0.558639	-0.829142	-0.021136	0.810935	0.540668	0.223745
01605	9.560573	-0.228251	2.134551	-0.077844	-0.007997	-0.080078	-0.174405	-0.141436	0.974463	0.557915	-0.829643	-0.020563	0.811366	0.540081	0.223603
01606	9.573545	-0.182630	2.125037	-0.072903	-0.007910	-0.082955	-0.174732	-0.140696	0.974512	0.557223	-0.830123	-0.019939	0.811770	0.539537	0.223448
01607	9.551788	-0.155649	2.186067	-0.070383	-0.011998	-0.083673	-0.175034	-0.139947	0.974565	0.556552	-0.830588	-0.019314	0.812165	0.539016	0.223269
01608	9.586090	-0.140001	2.136482	-0.065754	-0.010113	-0.087788	-0.175369	-0.139155	0.974619	0.555907	-0.831036	-0.018626	0.812535	0.538531	0.223095
01609	9.510539	-0.130087	2.107274	-0.063592	-0.013065	-0.086693	-0.175679	-0.138374	0.974674	0.555285	-0.831466	-0.017957	0.812893	0.538067	0.222908
01610	9.477064	-0.131977	2.154206	-0.071969	-0.016463	-0.094351	-0.175997	-0.137492	0.974741	0.554577	-0.831954	-0.017218	0.813308	0.537539	0.222671
01611	9.533557	-0.106139	2.108836	-0.069421	-0.020215	-0.096605	-0.176302	-0.136590	0.974813	0.553889	-0.832428	-0.016465	0.813710	0.537036	0.222415
01612	9.489831	-0.116586	2.097451	-0.074089	-0.012177	-0.101594	-0.176693	-0.135671	0.974871	0.553153	-0.832933	-0.015660	0.814126	0.536485	0.222221
01613	9.464867	-0.197630	2.134935	-0.066313	-0.018275	-0.102428	-0.177045	-0.134731	0.974937	0.552479	-0.833395	-0.014842	0.814507	0.536004	0.221984
01614	9.497302	-0.210412	2.151118	-0.072058	-0.020607	-0.104905	-0.177385	-0.133737	0.975012	0.551749	-0.833893	-0.014001	0.814928	0.535478	0.221710
01615	9.561567	-0.244207	2.185660	-0.064306	-0.012941	-0.102791	-0.177780	-0.132822	0.975065	0.551089	-0.834342	-0.013174	0.815288	0.535006	0.221526
01616	9.505588	-0.264729	2.250053	-0.055206	-0.011450	-0.100317	-0.178168	-0.131916	0.975118	0.550506	-0.834740	-0.012340	0.815597	0.534610	0.221344
01617	9.550391	-0.266908	2.191366	-0.049945	-0.013121	-0.101965	-0.178556	-0.131005	0.975169	0.549964	-0.835109	-0.011490	0.815878	0.534257	0.221162
01618	9.529506	-0.257166	2.163045	-0.040783	-0.010620	-0.104070	-0.178970	-0.130072	0.975219	0.549489	-0.835434	-0.010587	0.816108	0.533977	0.220990
01619	9.533418	-0.157451	2.096046	-0.040048	-0.012531	-0.109255	-0.179402	-0.129103	0.975268	0.549014	-0.835758	-0.009643	0.816333	0.533705	0.220816
01620	9.555844	-0.138212	2.099786	-0.036940	-0.010574	-0.115058	-0.179875	-0.128077	0.975316	0.548548	-0.836074	-0.008625	0.816541	0.533456	0.220646
01621	9.501943	-0.087025	2.143021	-0.024028	-0.010025	-0.118961	-0.180380	-0.127040	0.975358	0.548185	-0.836323	-0.007551	0.816674	0.533315	0.220497
01622	9.468383	-0.125080	2.145047	-0.018881	-0.017489	-0.123484	-0.180842	-0.125907	0.975420	0.547851	-0.836551	-0.006410	0.816796	0.533225	0.220262
01623	9.457339	-0.113890	2.196141	-0.020630	-0.029075	-0.130933	-0.181256	-0.124667	0.975502	0.547493	-0.836794	-0.005212	0.816944	0.533136	0.219929
01624	9.432837	-0.212175	2.276341	-0.017606	-0.028450	-0.130633	-0.181667	-0.123416	0.975585	0.547157	-0.837020	-0.003999	0.817078	0.533072	0.219587
01625	9.406750	-0.351370	2.444751	-0.001150	-0.037651	-0.130050	-0.182005	-0.122138	0.975683	0.546959	-0.837155	-0.002766	0.817136	0.533155	0.219171
01626	9.460544	-0.420640	2.485912	0.018671	-0.028793	-0.120528	-0.182358	-0.120969	0.975762	0.546935	-0.837174	-0.001572	0.817073	0.533392	0.218827
01627	9.482753	-0.419524	2.532555	0.055023	-0.028101	-0.114995	-0.182691	-0.119867	0.975836	0.547222	-0.836987	-0.000363	0.816806	0.533933	0.218504
01628	9.516590	-0.378135	2.571190	0.076655	-0.025162	-0.113078	-0.183033	-0.118782	0.975904	0.547690	-0.836681	0.000884	0.816416	0.534655	0.218196
01629	9.551556	-0.305717	2.543631	0.088450	-0.021181	-0.111532	-0.183406	-0.117747	0.975960	0.548255	-0.836309	0.002132	0.815953	0.535466	0.217939
01630	9.593693	-0.334686	2.684922	0.102915	-0.015438	-0.107849	-0.183801	-0.116757	0.976005	0.548940	-0.835855	0.003385	0.815403	0.536390	0.217723
01631	9.493214	-0.372002	2.873787	0.115368	-0.015359	-0.102314	-0.184172	-0.115831	0.976045	0.549739	-0.835324	0.004601	0.814781	0.537418	0.217520
01632	9.514125	-0.479153	2.898996	0.114267	-0.011313	-0.099930	-0.184559	-0.114932	0.976078	0.550532	-0.834794	0.005800	0.814158	0.538433	0.217342
01633	9.532267	-0.617825	3.125565	0.149553	-0.001953	-0.083058	-0.184935	-0.114239	0.976088	0.551643	-0.834052	0.006902	0.813320	0.539729	0.217264
01634	9.518612	-0.666045	3.314340	0.187726	0.022495	-0.066014	-0.185412	-0.113808	0.976048	0.553092	-0.833082	0.007929	0.812226	0.541315	0.217410
01635	9.589985	-0.704498	3.592849	0.257632	0.068447	-0.047401	-0.186164	-0.113795	0.975907	0.555142	-0.831708	0.008919	0.810654	0.543427	0.218007
01636	10.042957	-0.454878	3.905507	0.352470	0.142741	-0.021455	-0.187370	-0.114393	0.975606	0.558000	-0.829783	0.009872	0.808411	0.546237	0.219307
01637	9.489622	-0.184212	4.029319	0.424065	0.262702	-0.001904	-0.189435	-0.115826	0.975038	0.561465	-0.827430	0.010792	0.805525	0.549494	0.221776
01638	9.240499	0.024677	4.001959	0.478469	0.306941	0.008564	-0.191786	-0.117589	0.974367	0.565373	-0.824752	0.011750	0.802229	0.553134	0.224657
01639	9.087506	0.203748	3.965967	0.491468	0.383141	-0.004269	-0.194811	-0.119689	0.973511	0.569345	-0.821998	0.012872	0.798683	0.556771	0.228279
01640	9.305251	0.429114	3.884239	0.479914	0.440266	-0.014718	-0.198338	-0.122028	0.972508	0.573187	-0.819304	0.014094	0.795059	0.560224	0.232443
01641	9.340573	0.549671	3.970458	0.459890	0.513429	-0.027542	-0.202503	-0.124696	0.971310	0.576827	-0.816721	0.015409	0.791368	0.563398	0.237316
01642	9.287377	0.650103	3.997196	0.437642	0.567975	-0.038067	-0.207143	-0.127595	0.969954	0.580250	-0.814265	0.016804	0.787656	0.566296	0.242706
01643	9.489900	0.622039	4.117503	0.420366	0.595554	-0.052108	-0.212060	-0.130560	0.968496	0.583491	-0.811913	0.018309	0.783944	0.568991	0.248355
01644	9.498412	0.593393	4.128300	0.420786	0.650021	-0.067965	-0.217479	-0.133717	0.966862	0.586682	-0.809571	0.020000	0.780069	0.571590	0.254514
01645	9.700224	0.546160	4.173679	0.432277	0.690900	-0.082610	-0.223275	-0.137016	0.965078	0.589910	-0.807172	0.021881	0.775986	0.574195	0.261048
01646	9.849841	0.528431	4.155410	0.452726	0.739673	-0.093712	-0.229493	-0.140519	0.963113	0.593248	-0.804663	0.023959	0.771615	0.576863	0.268027
01647	9.813673	0.622075	4.122473	0.460053	0.803224	-0.106570	-0.236240	-0.144314	0.960918	0.596586	-0.802121	0.026204	0.766991	0.579461	0.275589
01648	9.454794	0.683057	4.002831	0.453778	0.842044	-0.115640	-0.243312	-0.148280	0.958547	0.599825	-0.799621	0.028561	0.762240	0.581910	0.283499
01649	9.387070	0.687812	3.830549	0.412968	0.826317	-0.126158	-0.250285	-0.152096	0.956151	0.602700	-0.797368	0.030926	0.757701	0.584012	0.291238
01650	9.513993	0.666073	3.613356	0.355000	0.812814	-0.128251	-0.257144	-0.155831	0.953726	0.605104	-0.795455	0.033177	0.753476	0.585635	0.298840
01651	9.296531	0.740763	3.373064	0.345319	0.801799	-0.122389	-0.263845	-0.159567	0.951275	0.607427	-0.793588	0.035360	0.749278	0.587160	0.306309
01652	9.043482	0.793548	3.298203	0.325080	0.746866	-0.108789	-0.270032	-0.163097	0.948937	0.609613	-0.791817	0.037381	0.745288	0.588579	0.313242
01653	9.074154	0.696818	3.271570	0.266496	0.677913	-0.107468	-0.275664	-0.166246	0.946769	0.611349	-0.790389	0.039215	0.741796	0.589617	0.319516
01654	9.117142	0.389471	3.270025	0.183293	0.603207	-0.099849	-0.280685	-0.169017	0.944801	0.612475	-0.789439	0.040732	0.738979	0.590100	0.325103
01655	9.604720	0.042201	3.176414	0.138348	0.540508	-0.087863	-0.285147	-0.171520	0.943012	0.613296	-0.788736	0.041988	0.736586	0.590318	0.330098
01656	9.599771	-0.162608	2.993050	0.183457	0.521783	-0.078403	-0.289409	-0.173985	0.941261	0.614467	-0.787753	0.043319	0.733944	0.590910	0.334891
01657	9.530555	-0.149850	3.034303	0.281449	0.490164	-0.053842	-0.293265	-0.176467	0.939604	0.616419	-0.786146	0.044748	0.730769	0.592313	0.339327
01658	9.622436	0.261791	2.923165	0.385950	0.468121	-0.038047	-0.296856	-0.178948	0.938005	0.619167	-0.783887	0.046405	0.726986	0.594558	0.343500
01659	9.754149	0.626717	2.850302	0.437756	0.469184	-0.019696	-0.300315	-0.181595	0.936394	0.622330	-0.781277	0.048077	0.722853	0.597185	0.347641
01660	9.792452	0.924354	2.817743	0.450381	0.491020	-0.013905	-0.303883	-0.184426	0.934688	0.625581	-0.778570	0.049765	0.718542	0.599846	0.351968
01661	9.713666	1.092428	2.905398	0.444114	0.511141	-0.007446	-0.307527	-0.187446	0.932894	0.628788	-0.775877	0.051383	0.714179	0.602394	0.356467
01662	9.604352	1.099198	2.985234	0.456067	0.518778	0.007290	-0.311118	-0.190634	0.931056	0.632104	-0.773073	0.052935	0.709683	0.604993	0.361017
01663	9.396662	1.154481	2.854980	0.454092	0.501179	0.005554	-0.314564	-0.193720	0.929259	0.635382	-0.770271	0.054508	0.705222	0.607581	0.365385
01664	9.246831	1.198889	2.908564	0.455512	0.469783	0.005603	-0.317773	-0.196621	0.927556	0.638649	-0.767449	0.056114	0.700819	0.610215	0.369447
01665	9.199161	1.112200	2.777031	0.425479	0.438921	0.000346	-0.320774	-0.199311	0.925948	0.641671	-0.764809	0.057667	0.696679	0.612652	0.373223
01666	9.184513	1.430106	2.856259	0.399956	0.400359	0.001144	-0.323491	-0.201773	0.924468	0.644500	-0.762314	0.059143	0.692801	0.614952	0.376644
01667	9.078629	1.476646	2.855252	0.300948	0.379269	0.002988	-0.326029	-0.204135	0.923057	0.646638	-0.760416	0.060230	0.689612	0.616520	0.379919
01668	9.023350	1.403171	2.721526	0.214099	0.359246	0.008131	-0.328392	-0.206407	0.921713	0.648184	-0.759040	0.060959	0.687034	0.617458	0.383053
01669	9.006491	1.264463	2.575786	0.133742	0.358885	0.010173	-0.330724	-0.208704	0.920361	0.649183	-0.758154	0.061357	0.684969	0.617775	0.386227
01670	8.964330	1.216036	2.610345	0.044517	0.341174	0.016769	-0.332892	-0.210932	0.919070	0.649589	-0.757805	0.061364	0.683533	0.617446	0.389286
01671	9.050421	0.905129	2.588958	-0.067209	0.319786	0.030992	-0.334812	-0.213142	0.917862	0.649281	-0.758115	0.060794	0.682887	0.616305	0.392215
01672	9.276098	0.327945	2.566091	-0.124507	0.324382	0.054076	-0.336618	-0.215541	0.916641	0.648659	-0.758727	0.059798	0.682591	0.614716	0.395214
01673	9.397238	-0.349143	2.728405	-0.103705	0.358497	0.081881	-0.338469	-0.218367	0.915289	0.648275	-0.759146	0.058614	0.682039	0.613199	0.398510
01674	9.400948	-0.807015	2.887803	0.022414	0.401598	0.130356	-0.340301	-0.221809	0.913781	0.648917	-0.758684	0.057501	0.680517	0.612536	0.402116
01675	9.448196	-1.058381	3.024633	0.214033	0.472301	0.185281	-0.342240	-0.226111	0.912001	0.651050	-0.756917	0.056653	0.677500	0.613147	0.406257
01676	9.384707	-0.978541	3.224272	0.435783	0.542850	0.241375	-0.344267	-0.231260	0.909944	0.654867	-0.753650	0.056223	0.672777	0.615248	0.410902
01677	9.281509	-0.620930	3.375240	0.613660	0.602178	0.297662	-0.346280	-0.237215	0.907645	0.660052	-0.749127	0.056034	0.666649	0.618497	0.415982
01678	9.135196	-0.162326	3.650494	0.723354	0.651822	0.342521	-0.348268	-0.243808	0.905134	0.666085	-0.743775	0.055945	0.659576	0.622380	0.421430
01679	8.941423	0.321768	3.786040	0.747454	0.682660	0.359363	-0.350277	-0.250735	0.902462	0.672290	-0.738179	0.055848	0.652175	0.626278	0.427134
01680	8.776086	0.746607	3.852146	0.698416	0.704877	0.355924	-0.352382	-0.257770	0.899656	0.678116	-0.732847	0.055632	0.644970	0.629675	0.433040
01681	8.596722	1.072830	3.933223	0.579295	0.697157	0.359192	-0.354349	-0.264794	0.896839	0.683149	-0.728211	0.054912	0.638548	0.632133	0.438935
01682	8.490675	1.165154	3.913739	0.443663	0.675354	0.348760	-0.356190	-0.271592	0.894073	0.687255	-0.724426	0.053737	0.633096	0.633596	0.444686
01683	8.358776	1.244406	3.828606	0.319056	0.632817	0.333260	-0.357823	-0.278013	0.891443	0.690504	-0.721445	0.052171	0.628623	0.634213	0.450119
01684	8.338613	1.307973	3.635403	0.223653	0.587094	0.311026	-0.359289	-0.283966	0.888974	0.693065	-0.719110	0.050404	0.624957	0.634227	0.455176
01685	8.269564	1.442338	3.546680	0.165425	0.540412	0.278920	-0.360659	-0.289397	0.886665	0.695147	-0.717218	0.048666	0.621849	0.633914	0.459845
01686	8.139757	1.592045	3.517521	0.107967	0.497020	0.247272	-0.361961	-0.294305	0.884516	0.696755	-0.715770	0.046967	0.619288	0.633291	0.464139
01687	7.927330	1.530513	3.457576	0.050717	0.449129	0.212082	-0.363196	-0.298665	0.882546	0.697883	-0.714777	0.045312	0.617290	0.632371	0.468038
01688	7.726499	1.416840	3.433914	0.002535	0.381457	0.172005	-0.364286	-0.302291	0.880861	0.698569	-0.714201	0.043800	0.615872	0.631298	0.471344
01689	7.590498	1.263817	3.308025	-0.044263	0.310333	0.138312	-0.365167	-0.305236	0.879479	0.698847	-0.714016	0.042357	0.615034	0.630089	0.474048
01690	7.474175	1.175588	3.197348	-0.073767	0.232979	0.115201	-0.365733	-0.307511	0.878451	0.698858	-0.714085	0.040988	0.614684	0.628904	0.476071
01691	7.305403	1.142660	3.076298	-0.084176	0.142656	0.092854	-0.365898	-0.309072	0.877834	0.698727	-0.714283	0.039755	0.614735	0.627912	0.477312
01692	7.279120	1.274125	3.243521	-0.122839	0.033728	0.075036	-0.365521	-0.309804	0.877734	0.698289	-0.714780	0.038506	0.615457	0.626986	0.477599
01693	7.260973	1.365798	3.238615	-0.235440	-0.053340	0.037552	-0.364867	-0.309739	0.878028	0.697021	-0.716094	0.037035	0.617279	0.625517	0.477174
01694	7.072805	1.508531	3.161389	-0.322554	-0.155976	-0.004822	-0.363875	-0.308714	0.878801	0.695052	-0.718081	0.035537	0.620079	0.623743	0.475864
01695	7.105632	1.601996	3.108090	-0.346754	-0.249559	-0.044834	-0.362572	-0.306838	0.879995	0.692779	-0.720335	0.034268	0.623377	0.622067	0.473745
01696	7.358512	1.641682	3.152597	-0.336516	-0.362033	-0.135027	-0.361182	-0.303597	0.881690	0.690230	-0.722797	0.033867	0.627001	0.620801	0.470613
01697	7.555781	1.718128	3.418987	-0.291431	-0.365118	-0.204424	-0.360233	-0.299853	0.883358	0.687707	-0.725178	0.034287	0.630310	0.619843	0.467444
01698	7.769970	1.778794	5.552656	-0.199688	-0.347418	-0.268453	-0.359822	-0.295732	0.884913	0.685523	-0.727174	0.035729	0.632919	0.619484	0.464384
01699	8.498049	1.516472	8.873708	-0.071213	-0.339479	-0.400771	-0.360351	-0.290713	0.886360	0.683675	-0.728747	0.038931	0.634614	0.620011	0.461358
01700	9.833189	0.538689	11.598418	-0.154553	-0.078138	-0.417467	-0.362647	-0.287164	0.886580	0.681228	-0.730870	0.041920	0.635937	0.619165	0.460672
01701	8.292605	-0.858799	12.849325	-0.369451	0.236707	-0.255866	-0.365830	-0.286754	0.885404	0.677990	-0.733843	0.042463	0.637571	0.615830	0.462878
01702	7.177146	-1.796394	10.830180	-0.620491	0.068550	-0.073353	-0.366712	-0.286624	0.885082	0.673798	-0.737819	0.040237	0.641497	0.611122	0.463693
01703	6.829971	-2.312232	8.149189	-0.494374	-0.137651	-0.002184	-0.365778	-0.285771	0.885743	0.670657	-0.740797	0.037949	0.645311	0.607911	0.462621
01704	7.382800	-2.631641	5.523443	-0.195399	-0.359340	0.002772	-0.363385	-0.283603	0.887423	0.669449	-0.741935	0.037020	0.647912	0.607537	0.459466
01705	8.802483	-1.671475	4.403883	0.145367	-0.564029	0.036895	-0.359418	-0.280445	0.890039	0.670572	-0.740904	0.037338	0.648962	0.610255	0.454353
01706	9.992028	-0.381134	3.058097	0.468034	-0.574708	0.105069	-0.354933	-0.277698	0.892696	0.674028	-0.737702	0.038508	0.647850	0.615370	0.449011
01707	9.724168	1.363592	2.899069	0.731481	-0.495982	0.219319	-0.350180	-0.276243	0.895022	0.679575	-0.732526	0.039796	0.644633	0.622170	0.444244
01708	9.256143	2.394648	3.388039	0.601262	-0.524599	0.312388	-0.344620	-0.275240	0.897485	0.684574	-0.727864	0.039644	0.642336	0.628058	0.439259
01709	9.391594	1.841027	2.928838	0.032754	-0.527571	0.341104	-0.338826	-0.274404	0.899944	0.685997	-0.726678	0.036702	0.643898	0.629795	0.434458
01710	8.984742	0.895044	2.033026	-0.419382	-0.447955	0.367711	-0.333358	-0.274255	0.902029	0.684568	-0.728265	0.031569	0.648259	0.628024	0.430519
01711	8.608894	0.081291	2.626107	-0.460904	-0.399543	0.392618	-0.328011	-0.274614	0.903878	0.682914	-0.730035	0.026027	0.652715	0.625808	0.426997
01712	8.401196	-0.479310	4.243432	-0.198919	-0.422901	0.384206	-0.322566	-0.274765	0.905790	0.682907	-0.730183	0.021698	0.655431	0.625569	0.423171
01713	8.620263	-0.573866	5.175966	0.056966	-0.496913	0.337273	-0.316936	-0.274114	0.907972	0.684405	-0.728858	0.018858	0.656613	0.627397	0.418606
01714	9.301935	-0.261240	4.630856	0.197497	-0.536059	0.331675	-0.311086	-0.273149	0.910283	0.686787	-0.726667	0.016656	0.656923	0.630352	0.413651
01715	9.308377	0.653942	4.600238	0.363479	-0.458805	0.333672	-0.305713	-0.272668	0.912245	0.690248	-0.723416	0.015090	0.655818	0.634289	0.409366
01716	8.830020	1.309360	4.849208	0.358717	-0.421172	0.315679	-0.300714	-0.272259	0.914027	0.693599	-0.720232	0.013660	0.654593	0.638076	0.405422
01717	9.650701	2.245240	3.714755	0.267659	-0.427804	0.317386	-0.295645	-0.271805	0.915815	0.696341	-0.717614	0.011814	0.653990	0.641212	0.401428
01718	8.915221	3.185571	3.126600	0.100033	-0.380886	0.291739	-0.291065	-0.271441	0.917388	0.697894	-0.716137	0.009531	0.654389	0.643014	0.397880
01719	8.843795	3.218786	2.957419	-0.101620	-0.379995	0.222264	-0.286960	-0.270588	0.918932	0.697915	-0.716145	0.007066	0.656177	0.643364	0.394353
01720	8.886469	2.611103	2.887797	-0.304400	-0.371497	0.125222	-0.283591	-0.269085	0.920418	0.696312	-0.717723	0.004714	0.659337	0.642235	0.390907
01721	9.153879	1.574797	2.960683	-0.458969	-0.415956	0.051738	-0.280415	-0.266791	0.922058	0.693467	-0.720485	0.002429	0.663680	0.640097	0.387045
01722	8.992102	0.398454	2.401754	-0.640782	-0.422967	-0.024708	-0.277715	-0.263897	0.923706	0.689169	-0.724601	0.000186	0.669269	0.636641	0.383102
01723	10.180901	-0.232891	1.820822	-0.762727	-0.495984	-0.036983	-0.274568	-0.260482	0.925614	0.683982	-0.729495	-0.002399	0.675856	0.632444	0.378461
01724	10.410028	-0.971060	1.815688	-0.817848	-0.467007	-0.032386	-0.271563	-0.257287	0.927392	0.678380	-0.734693	-0.005180	0.682682	0.627717	0.374054
01725	10.320750	-1.712321	1.835953	-0.804686	-0.493272	0.004887	-0.268081	-0.254240	0.929244	0.672917	-0.739672	-0.008241	0.689431	0.623095	0.369375
01726	10.523061	-2.039557	1.586265	-0.716967	-0.514739	0.071280	-0.263983	-0.251557	0.931146	0.668184	-0.743906	-0.011541	0.695588	0.619130	0.364465
01727	10.216619	-1.766856	1.496790	-0.583187	-0.517798	0.131476	-0.259426	-0.249342	0.933020	0.664502	-0.747138	-0.014902	0.700810	0.616128	0.359515
01728	10.273119	-1.462059	1.441397	-0.449176	-0.549736	0.190990	-0.254235	-0.247375	0.934971	0.661877	-0.749389	-0.018297	0.705183	0.614184	0.354253
01729	10.169121	-1.030118	1.814939	-0.333166	-0.565268	0.213702	-0.248761	-0.245512	0.936932	0.660105	-0.750866	-0.021494	0.708788	0.613126	0.348850
01730	9.924806	-0.605087	2.138404	-0.336731	-0.586386	0.225747	-0.243044	-0.243602	0.938929	0.658309	-0.752339	-0.024787	0.712432	0.612081	0.343217
01731	9.767435	-0.517512	2.294013	-0.351079	-0.595299	0.212777	-0.237327	-0.241568	0.940915	0.656358	-0.753930	-0.028008	0.716150	0.610930	0.337483
01732	9.421362	-0.301396	2.461724	-0.341603	-0.587410	0.195417	-0.231765	-0.239442	0.942843	0.654406	-0.755508	-0.031004	0.719749	0.609816	0.331793
01733	9.177563	-0.045897	2.897921	-0.304374	-0.580900	0.173112	-0.226378	-0.237215	0.944713	0.652652	-0.756910	-0.033666	0.723048	0.608947	0.326166
01734	8.800529	0.098840	3.411045	-0.292515	-0.562824	0.143304	-0.221301	-0.234860	0.946502	0.650895	-0.758315	-0.035980	0.726197	0.608111	0.320685
01735	8.721607	0.033690	3.672203	-0.300135	-0.522733	0.119401	-0.216655	-0.232594	0.948135	0.649017	-0.759820	-0.038093	0.729272	0.607103	0.315576
01736	8.527190	-0.038630	4.074933	-0.306290	-0.456228	0.090207	-0.212672	-0.230499	0.949548	0.647014	-0.761432	-0.039921	0.732218	0.605880	0.311072
01737	8.460845	-0.078320	4.175145	-0.310780	-0.402890	0.056264	-0.209287	-0.228493	0.950784	0.644898	-0.763145	-0.041444	0.735055	0.604484	0.307071
01738	8.782251	0.016668	4.249489	-0.341806	-0.364509	0.033317	-0.206325	-0.226534	0.951899	0.642491	-0.765096	-0.042818	0.737994	0.602752	0.303405
01739	8.882580	0.120903	4.326391	-0.401216	-0.296487	-0.003640	-0.204090	-0.224727	0.952809	0.639561	-0.767479	-0.044023	0.741154	0.600395	0.300361
01740	9.041705	0.197728	4.121546	-0.453778	-0.226295	-0.034618	-0.202569	-0.223093	0.953517	0.636162	-0.770238	-0.045063	0.744489	0.597463	0.297949
01741	9.070432	-0.074082	3.493012	-0.516777	-0.180443	-0.054468	-0.201501	-0.221603	0.954091	0.632240	-0.773399	-0.046107	0.748111	0.593924	0.295947
01742	9.152777	-0.475600	2.848634	-0.542269	-0.163154	-0.075105	-0.200691	-0.220043	0.954623	0.628065	-0.776740	-0.047002	0.751836	0.590132	0.294086
01743	9.186237	-0.856106	2.355626	-0.608809	-0.180230	-0.091154	-0.199836	-0.218279	0.955207	0.623337	-0.780482	-0.047945	0.755987	0.585835	0.292030
01744	9.499424	-1.269146	1.770943	-0.640647	-0.217106	-0.097717	-0.198736	-0.216237	0.955900	0.618328	-0.784398	-0.048887	0.760378	0.581344	0.289594
01745	9.706778	-1.405778	1.582984	-0.585777	-0.243865	-0.087870	-0.197352	-0.214140	0.956659	0.613734	-0.787943	-0.049765	0.764450	0.577312	0.286927
01746	9.927354	-1.437310	1.695821	-0.510331	-0.272510	-0.089108	-0.195747	-0.211858	0.957496	0.609691	-0.791036	-0.050383	0.768089	0.573914	0.284011
01747	10.073635	-1.437907	1.941545	-0.463059	-0.285378	-0.077655	-0.193956	-0.209616	0.958354	0.606021	-0.793814	-0.050977	0.771440	0.570895	0.280997
01748	10.036894	-1.379703	2.084093	-0.457310	-0.278825	-0.071470	-0.192169	-0.207451	0.959185	0.602390	-0.796533	-0.051586	0.774724	0.567890	0.278035
01749	9.982990	-1.288207	2.346181	-0.474338	-0.271367	-0.078369	-0.190466	-0.205296	0.959988	0.598604	-0.799344	-0.052176	0.778072	0.564714	0.275139
01750	9.834940	-1.383427	2.523976	-0.475046	-0.256737	-0.088746	-0.188929	-0.203132	0.960751	0.594775	-0.802167	-0.052641	0.781376	0.561485	0.272370
01751	9.594813	-1.572351	2.680167	-0.446157	-0.260746	-0.103025	-0.187433	-0.200852	0.961524	0.591134	-0.804838	-0.052890	0.784493	0.558476	0.269583
01752	9.403120	-1.775692	2.781196	-0.446515	-0.266039	-0.125029	-0.186012	-0.198355	0.962317	0.587434	-0.807541	-0.052904	0.787604	0.555457	0.266733
01753	9.295123	-1.968142	2.654334	-0.430482	-0.266985	-0.127230	-0.184585	-0.195856	0.963104	0.583847	-0.810141	-0.052852	0.790601	0.552550	0.263890
01754	9.194006	-1.968083	2.636533	-0.386008	-0.269305	-0.141480	-0.183209	-0.193219	0.963899	0.580574	-0.812512	-0.052522	0.793327	0.549992	0.261037
01755	9.095748	-1.875532	2.685797	-0.337321	-0.282785	-0.159193	-0.181818	-0.190380	0.964727	0.577650	-0.814633	-0.051894	0.795778	0.547839	0.258088
01756	9.054272	-1.785331	2.525318	-0.287273	-0.288618	-0.173734	-0.180452	-0.187382	0.965570	0.575090	-0.816500	-0.050976	0.797940	0.546091	0.255101
01757	9.059399	-1.655226	2.546264	-0.249493	-0.310399	-0.192623	-0.179012	-0.184124	0.966464	0.572797	-0.818184	-0.049780	0.799911	0.544677	0.251930
01758	9.167032	-1.569287	2.446659	-0.223696	-0.336449	-0.210310	-0.177452	-0.180570	0.967422	0.570676	-0.819752	-0.048330	0.801773	0.543508	0.248513
01759	9.191813	-1.445665	2.514902	-0.172703	-0.363065	-0.222936	-0.175742	-0.176779	0.968434	0.568942	-0.821054	-0.046630	0.803380	0.542788	0.244871
01760	9.171133	-1.358476	2.828819	-0.124541	-0.400568	-0.231809	-0.173770	-0.172701	0.969525	0.567581	-0.822103	-0.044712	0.804771	0.542514	0.240878
01761	9.203302	-1.253378	3.018802	-0.101369	-0.408139	-0.225415	-0.171694	-0.168642	0.970608	0.566421	-0.823004	-0.042800	0.806032	0.542425	0.236828
01762	8.579642	-1.169862	3.184387	-0.076647	-0.398525	-0.223336	-0.169675	-0.164643	0.971650	0.565467	-0.823759	-0.040838	0.807129	0.542507	0.232872
01763	8.559608	-1.043668	3.460556	-0.083720	-0.509326	-0.226664	-0.166775	-0.160021	0.972923	0.564456	-0.824548	-0.038860	0.808440	0.542691	0.227839
01764	9.554115	-0.943499	3.934429	-0.080809	-0.506992	-0.234278	-0.163927	-0.155340	0.974165	0.563460	-0.825324	-0.036790	0.809717	0.542872	0.222820
01765	8.786110	-1.032222	4.714119	-0.075092	-0.493575	-0.201028	-0.160993	-0.151010	0.975334	0.562571	-0.826007	-0.035030	0.810922	0.543055	0.217935
01766	8.593649	-1.283374	5.156922	-0.100284	-0.529869	-0.167656	-0.157568	-0.146752	0.976543	0.561535	-0.826769	-0.033640	0.812312	0.543063	0.212679
01767	8.740450	-1.674689	5.548917	-0.118173	-0.527862	-0.149544	-0.154049	-0.142659	0.977710	0.560388	-0.827594	-0.032461	0.813778	0.542896	0.207434
01768	8.769541	-1.900411	5.691844	-0.116253	-0.483212	-0.132129	-0.150788	-0.138951	0.978752	0.559285	-0.828379	-0.031438	0.815146	0.542661	0.202623
01769	9.009746	-1.348921	4.992936	-0.135435	-0.417978	-0.127362	-0.148024	-0.135639	0.979638	0.558036	-0.829256	-0.030498	0.816508	0.542159	0.198441
01770	8.841858	-0.375548	4.110769	-0.178601	-0.317109	-0.170331	-0.146319	-0.132519	0.980321	0.556372	-0.830420	-0.029214	0.817949	0.541148	0.195236
01771	8.253727	0.263433	3.156083	-0.293230	-0.260578	-0.284305	-0.145697	-0.128759	0.980915	0.553601	-0.832343	-0.027029	0.819938	0.539097	0.192551
01772	8.397625	0.270820	2.347564	-0.436729	-0.314287	-0.411391	-0.145324	-0.123653	0.981627	0.549462	-0.835178	-0.023861	0.822783	0.535899	0.189314
01773	9.097450	0.126758	2.295457	-0.515111	-0.370579	-0.527916	-0.145090	-0.117267	0.982445	0.544495	-0.838533	-0.019677	0.826120	0.532081	0.185514
01774	9.643307	-0.286825	2.529127	-0.570126	-0.416690	-0.588458	-0.144769	-0.110128	0.983318	0.538968	-0.842193	-0.014973	0.829793	0.527809	0.181279
01775	10.247478	-0.377518	2.771567	-0.550299	-0.396664	-0.578966	-0.144509	-0.103168	0.984110	0.533601	-0.845674	-0.010300	0.833299	0.523634	0.177258
01776	10.140136	-0.231043	2.704301	-0.472685	-0.316590	-0.544522	-0.144701	-0.096919	0.984718	0.528915	-0.848655	-0.005805	0.836248	0.519992	0.174062
01777	9.838054	-0.275944	2.937351	-0.409404	-0.252936	-0.535235	-0.145336	-0.091070	0.985182	0.524756	-0.851251	-0.001277	0.838754	0.516795	0.171507
01778	9.874429	-0.570371	2.826064	-0.403742	-0.188922	-0.534653	-0.146486	-0.085556	0.985506	0.520632	-0.853775	0.003267	0.841120	0.513565	0.169609
01779	9.850462	-0.693818	2.507720	-0.413946	-0.088196	-0.514364	-0.148345	-0.080719	0.985636	0.516435	-0.856293	0.007600	0.843379	0.510144	0.168713
01780	9.294893	-0.757622	1.995305	-0.415289	-0.059728	-0.499875	-0.150354	-0.076148	0.985695	0.512229	-0.858768	0.011791	0.845586	0.506675	0.168125
01781	9.641422	-0.686887	1.025023	-0.425379	-0.083368	-0.524439	-0.152258	-0.071230	0.985771	0.507881	-0.861275	0.016211	0.847864	0.503123	0.167312
01782	10.310313	-0.111371	-0.500097	-0.438089	-0.047456	-0.556935	-0.154613	-0.066208	0.985754	0.503356	-0.863826	0.020931	0.850134	0.499421	0.166885
01783	10.330340	0.917763	-1.599074	-0.419644	-0.080600	-0.631580	-0.157027	-0.060358	0.985748	0.498847	-0.866287	0.026422	0.852346	0.495887	0.166139
01784	10.547412	1.439828	-1.327129	-0.418428	-0.224862	-0.730851	-0.158676	-0.052925	0.985911	0.494171	-0.868742	0.032898	0.854762	0.492429	0.164003
01785	11.243817	1.296355	-0.654929	-0.499783	-0.373922	-0.802883	-0.159355	-0.044120	0.986235	0.488663	-0.871557	0.039968	0.857797	0.488305	0.160446
01786	11.890697	0.980480	-0.236684	-0.623988	-0.438119	-0.825672	-0.159534	-0.034799	0.986579	0.482031	-0.874888	0.047087	0.861508	0.483073	0.156348
01787	11.948416	0.709516	0.290583	-0.639040	-0.445965	-0.803840	-0.159466	-0.025626	0.986871	0.475280	-0.878176	0.053996	0.865263	0.477650	0.152219
01788	11.729869	0.631103	1.036265	-0.549262	-0.433668	-0.750273	-0.159187	-0.016982	0.987102	0.469371	-0.880923	0.060539	0.868533	0.472955	0.148202
01789	11.425149	0.602628	1.944238	-0.425045	-0.409745	-0.675991	-0.158715	-0.009106	0.987282	0.464649	-0.882991	0.066553	0.871155	0.469302	0.144375
01790	11.168080	0.504757	2.513074	-0.324855	-0.360996	-0.601821	-0.158288	-0.002115	0.987391	0.460910	-0.884522	0.071994	0.873216	0.466494	0.140984
01791	10.964717	0.205834	2.918509	-0.218994	-0.276620	-0.532020	-0.158251	0.003865	0.987391	0.458204	-0.885514	0.076903	0.874646	0.464596	0.138363
01792	10.679732	-0.147617	3.316580	-0.096961	-0.179863	-0.443357	-0.158643	0.008609	0.987299	0.456702	-0.885915	0.081109	0.875360	0.463769	0.136612
01793	10.427796	-0.298200	3.846155	0.047101	-0.048430	-0.362295	-0.159809	0.012026	0.987075	0.456587	-0.885637	0.084712	0.875208	0.464223	0.136042
01794	9.938856	0.073289	4.269978	0.171513	0.106787	-0.284760	-0.161984	0.014030	0.986694	0.457678	-0.884780	0.087717	0.874238	0.465797	0.136899
01795	9.312452	0.696693	4.644254	0.233395	0.279349	-0.207053	-0.165309	0.014540	0.986135	0.459427	-0.883639	0.090044	0.872697	0.467942	0.139393
01796	8.907607	1.449720	4.907329	0.257981	0.409640	-0.155453	-0.169537	0.013968	0.985425	0.461466	-0.882385	0.091901	0.870808	0.470320	0.143151
01797	8.897580	2.105688	4.966055	0.165395	0.524596	-0.119283	-0.174588	0.012533	0.984562	0.462749	-0.881568	0.093279	0.869127	0.471890	0.148111
01798	9.027460	2.694478	4.761056	-0.007450	0.622662	-0.109966	-0.180450	0.010541	0.983528	0.462539	-0.881569	0.094312	0.868041	0.471938	0.154204
01799	8.933569	2.904177	4.440065	-0.209651	0.737283	-0.114093	-0.187311	0.008058	0.982268	0.460559	-0.882523	0.095065	0.867640	0.470199	0.161595
01800	8.800117	2.858481	4.164332	-0.396714	0.832322	-0.127564	-0.195069	0.005263	0.980775	0.456922	-0.884352	0.095624	0.867854	0.466791	0.170104
01801	8.874141	2.445432	4.008380	-0.512264	0.870168	-0.134089	-0.203168	0.002391	0.979141	0.452259	-0.886704	0.096008	0.868438	0.462331	0.179069
01802	9.184632	2.070256	3.636600	-0.579878	0.960619	-0.126408	-0.212036	-0.000926	0.977262	0.447008	-0.889348	0.096144	0.869037	0.457230	0.188987
01803	9.461426	1.762926	3.287965	-0.541505	1.043128	-0.091798	-0.221446	-0.004870	0.975161	0.442154	-0.891792	0.095954	0.869173	0.452420	0.199637
01804	9.354046	1.608787	3.116797	-0.446365	1.123148	-0.064600	-0.231445	-0.009375	0.972803	0.438180	-0.893785	0.095636	0.868580	0.448397	0.210970
01805	9.666999	1.525606	3.168727	-0.375887	1.151740	-0.037996	-0.241545	-0.014198	0.970286	0.434879	-0.895447	0.095157	0.867488	0.444942	0.222465
01806	9.813761	1.442278	2.920831	-0.387659	1.171371	-0.030447	-0.251788	-0.019139	0.967593	0.431494	-0.897148	0.094538	0.866265	0.441314	0.234150
01807	10.224836	1.553154	2.358564	-0.420476	1.144520	-0.044356	-0.261824	-0.023788	0.964822	0.427794	-0.898983	0.093926	0.865125	0.437337	0.245552
01808	10.319468	1.780359	1.992787	-0.432302	1.157923	-0.078520	-0.272127	-0.028145	0.961850	0.423898	-0.900864	0.093569	0.863862	0.433189	0.257080
01809	10.267974	1.824778	1.627780	-0.438866	1.139270	-0.116581	-0.282390	-0.032024	0.958765	0.419840	-0.902769	0.093505	0.862548	0.428933	0.268378
01810	10.112327	1.481586	1.298979	-0.432571	1.118032	-0.137666	-0.292559	-0.035574	0.955586	0.415768	-0.904640	0.093613	0.861131	0.424689	0.279451
01811	10.108021	0.711983	1.386460	-0.454923	1.088755	-0.092266	-0.302247	-0.039358	0.952417	0.411634	-0.906574	0.093168	0.859770	0.420207	0.290210
01812	10.331076	-0.550671	1.303066	-0.332089	1.044642	0.010514	-0.311132	-0.043848	0.949355	0.408867	-0.907938	0.092063	0.857919	0.416804	0.300417
01813	10.253780	-1.039585	1.359268	-0.041837	1.026358	0.153381	-0.319233	-0.049534	0.946381	0.409047	-0.908019	0.090454	0.854851	0.415990	0.310131
01814	10.190250	-1.239217	1.463765	0.261433	1.013177	0.294204	-0.326618	-0.056452	0.943469	0.412281	-0.906751	0.088472	0.850497	0.417871	0.319435
01815	9.638226	-1.319577	1.619764	0.581778	1.018078	0.375062	-0.333628	-0.064146	0.940520	0.418506	-0.904057	0.086797	0.844716	0.422571	0.328464
01816	9.467230	-0.800713	1.827698	0.831062	1.016144	0.432721	-0.340298	-0.072402	0.937526	0.427010	-0.900198	0.085474	0.837771	0.429420	0.337252
01817	9.425439	-0.354007	2.107319	0.995579	1.049620	0.472976	-0.346945	-0.081218	0.934362	0.436992	-0.895495	0.084423	0.829859	0.437599	0.346179
01818	9.383469	0.100099	2.440457	1.059624	1.080314	0.507435	-0.353570	-0.090547	0.931015	0.447573	-0.890351	0.083382	0.821381	0.446179	0.355328
01819	9.187330	0.302990	2.626415	1.040360	1.112806	0.525800	-0.360220	-0.100243	0.927466	0.458006	-0.885139	0.082217	0.812695	0.454401	0.364756
01820	8.792579	0.489087	2.797557	0.962339	1.138118	0.507276	-0.367020	-0.109957	0.923691	0.467685	-0.880171	0.081054	0.804094	0.461745	0.374466
01821	8.435512	0.674451	2.818637	0.841092	1.131847	0.481144	-0.373743	-0.119459	0.919808	0.476251	-0.875682	0.079786	0.795928	0.467879	0.384172
01822	8.235794	0.845418	2.844427	0.735940	1.120619	0.461049	-0.380352	-0.128780	0.915832	0.483874	-0.871620	0.078394	0.788162	0.472964	0.393835
01823	8.090413	1.002911	2.835677	0.649552	1.086350	0.443378	-0.386653	-0.137813	0.911870	0.490725	-0.867914	0.076908	0.780826	0.477214	0.403209
01824	7.811065	1.346783	3.063105	0.597975	1.055560	0.420554	-0.392727	-0.146532	0.907906	0.497067	-0.864422	0.075498	0.773751	0.480940	0.412318
01825	7.675263	1.688468	3.245844	0.533064	0.974427	0.404444	-0.398151	-0.154739	0.904174	0.502828	-0.861210	0.074033	0.767228	0.484121	0.420699
01826	7.649150	1.797467	3.234147	0.450046	0.923659	0.374116	-0.403267	-0.162457	0.900546	0.507821	-0.858402	0.072549	0.761245	0.486573	0.428664
01827	7.629948	1.739250	3.160284	0.431241	0.879366	0.334972	-0.408165	-0.169631	0.897010	0.512505	-0.855712	0.071384	0.755473	0.488859	0.436209
01828	7.459348	1.675012	3.323883	0.477606	0.835136	0.310954	-0.412796	-0.176398	0.893579	0.517430	-0.852801	0.070683	0.749577	0.491542	0.443306
