// General information: 
//  MT Manager version: 2022.2.0 
//  XDA version: 2022.2.0 build 7381 rev 124627 built on 2023-07-19
// Device information: 
//  DeviceId: 00B4CBA7
//  ProductCode: MTW2-3A7G6
//  Firmware Version: 4.6.0
//  Hardware Version: 2.0.0
// Device settings: 
//  Filter Profile: human(46.1)
//  Option Flags: Orientation Smoother Disabled, Position/Velocity Smoother Disabled, Continuous Zero Rotation Update Disabled, AHS Disabled, ICC Disabled
// Coordinate system: ENU
PacketCounter	Acc_X	Acc_Y	Acc_Z	Gyr_X	Gyr_Y	Gyr_Z	Mat[1][1]	Mat[2][1]	Mat[3][1]	Mat[1][2]	Mat[2][2]	Mat[3][2]	Mat[1][3]	Mat[2][3]	Mat[3][3]
61640	8.242553	-0.032727	-5.640413	0.912183	0.299591	-0.532323	0.539709	-0.006966	0.841823	-0.049985	-0.998467	0.023784	0.840367	-0.054915	-0.539229
61641	8.260433	0.016941	-5.577838	0.953599	0.311239	-0.531442	0.537321	-0.001466	0.843376	-0.039067	-0.998968	0.023153	0.842472	-0.045388	-0.536824
61642	8.276451	0.008607	-5.586058	0.966768	0.326470	-0.532456	0.534771	0.004140	0.844987	-0.027865	-0.999358	0.022531	0.844537	-0.035594	-0.534313
61643	8.279923	0.047736	-5.539711	0.970305	0.333371	-0.533391	0.532066	0.009610	0.846648	-0.016782	-0.999619	0.021892	0.846537	-0.025857	-0.531702
61644	8.216235	0.064867	-5.422228	0.946999	0.336400	-0.540797	0.529299	0.015239	0.848299	-0.005693	-0.999752	0.021512	0.848416	-0.016215	-0.529081
61645	8.120629	0.124311	-5.338563	0.902475	0.340882	-0.547784	0.526399	0.020791	0.849983	0.004897	-0.999759	0.021422	0.850223	-0.007115	-0.526374
61646	8.032854	0.257421	-5.309036	0.832056	0.340688	-0.551439	0.523464	0.026448	0.851637	0.015039	-0.999649	0.021801	0.851915	0.001396	-0.523678
61647	7.946636	0.334191	-5.281585	0.748338	0.338036	-0.550018	0.520466	0.031964	0.853284	0.024324	-0.999449	0.022603	0.853536	0.008991	-0.520956
61648	7.847894	0.374057	-5.254270	0.655504	0.344913	-0.548369	0.517378	0.037529	0.854934	0.032924	-0.999171	0.023936	0.855123	0.015764	-0.518185
61649	7.779433	0.347582	-5.312651	0.555131	0.347464	-0.542682	0.514197	0.042922	0.856598	0.040508	-0.998848	0.025734	0.856715	0.021467	-0.515343
61650	7.834850	0.171833	-5.402845	0.458031	0.349431	-0.533255	0.510980	0.048288	0.858235	0.047315	-0.998487	0.028008	0.858290	0.026296	-0.512491
61651	7.922543	-0.008610	-5.473166	0.406543	0.363995	-0.515651	0.507584	0.053368	0.859948	0.053467	-0.998107	0.030384	0.859942	0.030556	-0.509477
61652	8.037210	-0.295693	-5.484053	0.416329	0.384024	-0.484237	0.504021	0.058199	0.861728	0.059660	-0.997690	0.032487	0.861628	0.035036	-0.506329
61653	8.250664	-0.538448	-5.493249	0.488430	0.395086	-0.460676	0.500314	0.062682	0.863572	0.066218	-0.997225	0.034019	0.863308	0.040164	-0.503077
61654	8.425392	-0.466945	-5.443497	0.589824	0.417601	-0.431740	0.496418	0.066959	0.865498	0.073675	-0.996673	0.034850	0.864952	0.046466	-0.499699
61655	8.607512	-0.321145	-5.240562	0.651693	0.422857	-0.399156	0.492438	0.070761	0.867466	0.081323	-0.996070	0.035086	0.866540	0.053267	-0.496257
61656	8.758048	-0.170475	-5.055453	0.652442	0.424498	-0.356072	0.488462	0.074166	0.869427	0.088845	-0.995430	0.035000	0.868050	0.060148	-0.492820
61657	8.915833	0.023156	-4.839455	0.627522	0.423923	-0.304062	0.484489	0.076959	0.871406	0.095808	-0.994799	0.034589	0.869535	0.066730	-0.489342
61658	8.984886	0.229079	-4.748443	0.552621	0.411011	-0.238315	0.480687	0.079163	0.873312	0.101929	-0.994210	0.034018	0.870948	0.072663	-0.485973
61659	9.015984	0.504735	-4.614143	0.447092	0.406983	-0.169945	0.476952	0.080582	0.875228	0.106672	-0.993734	0.033363	0.872432	0.077450	-0.482559
61660	9.112934	0.809067	-4.483397	0.288683	0.386201	-0.112114	0.473464	0.081453	0.877039	0.109771	-0.993409	0.033002	0.873946	0.080648	-0.479284
61661	9.278662	0.984274	-4.340679	0.104373	0.371089	-0.050824	0.470151	0.081692	0.878797	0.110955	-0.993278	0.032973	0.875584	0.082005	-0.476055
61662	9.359895	1.020232	-4.238963	-0.097730	0.348037	-0.010729	0.467097	0.081605	0.880432	0.110259	-0.993336	0.033574	0.877304	0.081393	-0.472982
61663	9.445836	0.892628	-4.226432	-0.266224	0.325046	0.013702	0.464247	0.081244	0.881972	0.107889	-0.993556	0.034733	0.879110	0.079031	-0.470021
61664	9.483027	0.670061	-4.138821	-0.368023	0.311201	0.021981	0.461538	0.080871	0.883427	0.104641	-0.993847	0.036311	0.880927	0.075684	-0.467160
61665	9.465948	0.406534	-4.017434	-0.388818	0.299871	0.017416	0.458901	0.080512	0.884832	0.101164	-0.994144	0.037992	0.882709	0.072078	-0.464359
61666	9.416855	0.176317	-3.938042	-0.328646	0.283189	0.003334	0.456412	0.080367	0.886131	0.098354	-0.994366	0.039525	0.884316	0.069115	-0.461746
61667	9.273000	0.025376	-3.854039	-0.227781	0.283733	-0.016774	0.453875	0.080377	0.887433	0.096446	-0.994504	0.040747	0.885831	0.067095	-0.459132
61668	9.147593	-0.020206	-3.831084	-0.098607	0.265202	-0.040471	0.451483	0.080647	0.888628	0.095752	-0.994535	0.041609	0.887127	0.066302	-0.456738
61669	9.093075	-0.046741	-3.877355	0.045050	0.259265	-0.058541	0.449115	0.081092	0.889786	0.096447	-0.994454	0.041950	0.888253	0.066977	-0.454445
61670	8.978298	-0.035150	-3.948076	0.175183	0.248294	-0.071259	0.446843	0.081680	0.890876	0.098353	-0.994272	0.041828	0.889189	0.068930	-0.452317
61671	8.871392	0.015910	-3.988564	0.283382	0.234740	-0.082079	0.444663	0.082366	0.891903	0.101271	-0.994001	0.041306	0.889955	0.071957	-0.450337
61672	8.835258	0.217192	-4.090866	0.349577	0.218513	-0.086780	0.442635	0.083159	0.892838	0.104895	-0.993656	0.040547	0.890546	0.075706	-0.448550
61673	8.766621	0.401365	-4.092889	0.363836	0.201863	-0.081889	0.440738	0.083852	0.893711	0.108528	-0.993301	0.039675	0.891051	0.079507	-0.446886
61674	8.764915	0.612543	-4.096088	0.326381	0.185008	-0.067528	0.439013	0.084405	0.894507	0.111721	-0.992979	0.038865	0.891508	0.082873	-0.445361
61675	8.728957	0.757773	-4.132846	0.258521	0.169299	-0.056166	0.437429	0.084856	0.895240	0.114304	-0.992709	0.038244	0.891959	0.085600	-0.443939
61676	8.721223	0.743075	-4.103060	0.177090	0.153540	-0.040581	0.436016	0.085166	0.895900	0.116081	-0.992518	0.037857	0.892421	0.087491	-0.442639
61677	8.736453	0.756623	-4.040024	0.106386	0.139651	-0.034576	0.434718	0.085422	0.896506	0.117212	-0.992390	0.037722	0.892906	0.088683	-0.441422
61678	8.745911	0.724925	-4.043371	0.053419	0.123841	-0.026464	0.433580	0.085624	0.897038	0.117829	-0.992316	0.037766	0.893378	0.089322	-0.440337
61679	8.824399	0.668641	-3.970999	0.031817	0.112561	-0.014309	0.432547	0.085701	0.897529	0.118206	-0.992270	0.037780	0.893829	0.089752	-0.439333
61680	8.876470	0.588905	-3.899270	0.038368	0.096740	-0.006063	0.431675	0.085738	0.897945	0.118629	-0.992222	0.037710	0.894195	0.090244	-0.438488
61681	8.918927	0.570500	-3.800588	0.061620	0.078092	-0.003772	0.430961	0.085740	0.898288	0.119227	-0.992159	0.037500	0.894459	0.090939	-0.437804
61682	8.970966	0.616831	-3.760527	0.093396	0.073591	-0.001656	0.430303	0.085783	0.898599	0.120191	-0.992055	0.037150	0.894647	0.092018	-0.437195
61683	9.006391	0.680040	-3.724614	0.114078	0.053346	0.003255	0.429819	0.085737	0.898835	0.121229	-0.991948	0.036648	0.894740	0.093213	-0.436751
61684	9.080607	0.750056	-3.653679	0.124736	0.037241	0.014948	0.429507	0.085638	0.898994	0.122387	-0.991829	0.036010	0.894732	0.094558	-0.436478
61685	9.124226	0.773441	-3.703987	0.105969	0.016750	0.025508	0.429377	0.085405	0.899078	0.123256	-0.991745	0.035344	0.894675	0.095641	-0.436359
61686	9.196433	0.739004	-3.661172	0.088459	0.001345	0.034487	0.429406	0.085147	0.899089	0.123993	-0.991676	0.034696	0.894559	0.096582	-0.436390
61687	9.189107	0.688163	-3.693647	0.058889	-0.022362	0.047551	0.429654	0.084733	0.899009	0.124346	-0.991655	0.034038	0.894391	0.097164	-0.436605
61688	9.190198	0.653599	-3.676678	0.030295	-0.042916	0.062041	0.430113	0.084249	0.898835	0.124452	-0.991663	0.033396	0.894156	0.097497	-0.437013
61689	9.102859	0.665393	-3.707062	-0.005196	-0.064388	0.072001	0.430767	0.083633	0.898579	0.124126	-0.991724	0.032798	0.893886	0.097409	-0.437583
61690	9.088230	0.567062	-3.809967	-0.043268	-0.087442	0.084565	0.431652	0.082970	0.898216	0.123482	-0.991822	0.032275	0.893548	0.096982	-0.438367
61691	9.077173	0.492193	-3.794687	-0.063788	-0.101744	0.092016	0.432663	0.082192	0.897801	0.122546	-0.991955	0.031755	0.893188	0.096283	-0.439254
61692	9.018316	0.365054	-3.848550	-0.075250	-0.119450	0.097855	0.433846	0.081398	0.897303	0.121494	-0.992100	0.031255	0.892758	0.095457	-0.440308
61693	8.995751	0.249225	-3.833136	-0.067526	-0.138517	0.095133	0.435186	0.080622	0.896724	0.120509	-0.992237	0.030725	0.892239	0.094692	-0.441523
61694	8.978566	0.229757	-3.862946	-0.049826	-0.151588	0.098322	0.436657	0.079882	0.896074	0.119759	-0.992346	0.030106	0.891621	0.094167	-0.442882
61695	8.906821	0.192234	-3.913259	-0.034532	-0.168257	0.094513	0.438259	0.079139	0.895358	0.119069	-0.992449	0.029439	0.890927	0.093708	-0.444373
61696	8.872201	0.190052	-3.948443	-0.019657	-0.182589	0.096552	0.440000	0.078448	0.894565	0.118600	-0.992527	0.028705	0.890132	0.093466	-0.446016
61697	8.919000	0.092690	-4.005269	0.002258	-0.189473	0.092920	0.441785	0.077739	0.893747	0.118242	-0.992593	0.027889	0.889295	0.093357	-0.447704
61698	8.890996	0.027025	-4.070804	0.026808	-0.207683	0.084394	0.443729	0.077187	0.892831	0.118224	-0.992618	0.027057	0.888328	0.093548	-0.449579
61699	8.896324	0.027640	-4.107243	0.061634	-0.217995	0.078714	0.445747	0.076646	0.891872	0.118453	-0.992617	0.026102	0.887287	0.094010	-0.451535
61700	8.923315	0.056755	-4.077235	0.087412	-0.237841	0.072424	0.447930	0.076217	0.890814	0.118943	-0.992583	0.025116	0.886122	0.094706	-0.453673
61701	8.953770	0.053915	-4.062743	0.112640	-0.244447	0.070952	0.450168	0.075782	0.889722	0.119654	-0.992526	0.023997	0.884891	0.095656	-0.455871
61702	8.978447	0.085123	-4.001197	0.131671	-0.263700	0.067158	0.452579	0.075451	0.888527	0.120621	-0.992436	0.022836	0.883529	0.096840	-0.458256
61703	9.030071	0.159607	-4.031374	0.137792	-0.277633	0.068699	0.455102	0.075076	0.887269	0.121557	-0.992349	0.021618	0.882103	0.098016	-0.460746
61704	9.079668	0.237211	-4.029041	0.124669	-0.292132	0.075743	0.457763	0.074667	0.885933	0.122354	-0.992277	0.020409	0.880615	0.099055	-0.463364
61705	9.059798	0.312612	-4.083350	0.114009	-0.311393	0.074068	0.460583	0.074278	0.884503	0.123049	-0.992214	0.019248	0.879046	0.099972	-0.466137
61706	9.092543	0.274168	-4.125292	0.116122	-0.323163	0.069251	0.463503	0.073996	0.883000	0.123852	-0.992135	0.018130	0.877397	0.100958	-0.469022
61707	9.048424	0.295644	-4.194803	0.120836	-0.336047	0.078550	0.466535	0.073594	0.881436	0.124578	-0.992066	0.016893	0.875686	0.101926	-0.472002
61708	9.033870	0.304194	-4.315336	0.119642	-0.353054	0.072431	0.469711	0.073341	0.879769	0.125433	-0.991977	0.015726	0.873864	0.102965	-0.475142
61709	9.059245	0.320541	-4.402009	0.123860	-0.360992	0.070838	0.472940	0.073048	0.878061	0.126212	-0.991897	0.014538	0.872008	0.103947	-0.478327
61710	9.032142	0.427273	-4.448662	0.123351	-0.370197	0.065236	0.476242	0.072849	0.876291	0.127045	-0.991806	0.013407	0.870088	0.104943	-0.481595
61711	8.975570	0.400789	-4.586079	0.113471	-0.375478	0.064034	0.479576	0.072646	0.874488	0.127758	-0.991729	0.012322	0.868150	0.105813	-0.484890
61712	8.938034	0.460187	-4.697874	0.095708	-0.378409	0.063222	0.482932	0.072474	0.872654	0.128332	-0.991666	0.011339	0.866203	0.106513	-0.488208
61713	8.899299	0.524571	-4.775503	0.066168	-0.383351	0.060426	0.486315	0.072321	0.870785	0.128644	-0.991635	0.010512	0.864262	0.106909	-0.491551
61714	8.947051	0.567031	-4.867324	0.033680	-0.387112	0.056205	0.489726	0.072287	0.868875	0.128815	-0.991619	0.009895	0.862308	0.107078	-0.494933
61715	8.978091	0.640749	-4.858692	0.005239	-0.384404	0.063992	0.493108	0.072100	0.866975	0.128578	-0.991655	0.009338	0.860414	0.106870	-0.498264
61716	9.007159	0.577121	-4.921460	-0.044170	-0.390981	0.056582	0.496538	0.072072	0.865018	0.128085	-0.991721	0.009106	0.858513	0.106274	-0.501659
61717	9.051929	0.509583	-4.879784	-0.087720	-0.393208	0.048265	0.499961	0.072046	0.863046	0.127125	-0.991844	0.009154	0.856667	0.105138	-0.505042
61718	9.100126	0.420751	-4.783988	-0.131575	-0.397435	0.043077	0.503414	0.072154	0.861027	0.125954	-0.991991	0.009487	0.854816	0.103674	-0.508470
61719	9.100414	0.381622	-4.763192	-0.161972	-0.401688	0.039517	0.506883	0.072211	0.858985	0.124405	-0.992181	0.009997	0.852991	0.101794	-0.511903
61720	9.034541	0.445525	-4.769477	-0.184306	-0.392783	0.037234	0.510264	0.072345	0.856970	0.122767	-0.992378	0.010677	0.851210	0.099760	-0.515256
61721	8.875343	0.465871	-4.732871	-0.189794	-0.385463	0.029033	0.513566	0.072474	0.854984	0.121039	-0.992582	0.011433	0.849470	0.097615	-0.518529
61722	8.795890	0.395110	-4.687365	-0.187313	-0.392175	0.006222	0.516896	0.072911	0.852938	0.119580	-0.992747	0.012394	0.847655	0.095588	-0.521866
61723	8.788370	0.285781	-4.709612	-0.158142	-0.398429	-0.030056	0.520223	0.073623	0.850851	0.118431	-0.992870	0.013501	0.845779	0.093744	-0.525234
61724	8.811246	0.175509	-4.681426	-0.110704	-0.400935	-0.061559	0.523524	0.074752	0.848725	0.117997	-0.992906	0.014666	0.843800	0.092469	-0.528631
61725	8.842521	0.138036	-4.644125	-0.057298	-0.401364	-0.100107	0.526778	0.076152	0.846585	0.118074	-0.992878	0.015841	0.841762	0.091615	-0.532018
61726	8.911756	0.168357	-4.581075	0.003595	-0.408600	-0.148487	0.530036	0.078112	0.844370	0.119057	-0.992740	0.017102	0.839576	0.091463	-0.535488
61727	8.910877	0.205942	-4.499398	0.059937	-0.415553	-0.206457	0.533262	0.080579	0.842104	0.120691	-0.992517	0.018543	0.837296	0.091746	-0.538997
61728	8.868686	0.207525	-4.464918	0.100392	-0.427177	-0.258920	0.536511	0.083637	0.839738	0.123039	-0.992196	0.020212	0.834875	0.092477	-0.542615
61729	8.834754	0.213888	-4.518948	0.144329	-0.440955	-0.302643	0.539800	0.087086	0.837277	0.125906	-0.991799	0.021986	0.832324	0.093550	-0.546337
61730	8.750958	0.087070	-4.452669	0.179619	-0.449270	-0.334723	0.543095	0.090952	0.834731	0.129374	-0.991309	0.023839	0.829645	0.095046	-0.550142
61731	8.614197	-0.065748	-4.588141	0.250996	-0.447743	-0.370763	0.546305	0.095093	0.832171	0.133508	-0.990718	0.025565	0.826878	0.097135	-0.553930
61732	8.491681	-0.075543	-4.703399	0.317781	-0.443616	-0.404218	0.549407	0.099663	0.829590	0.138531	-0.989985	0.027188	0.823991	0.099986	-0.557711
61733	8.466746	-0.063408	-4.808440	0.334640	-0.424260	-0.428709	0.552280	0.104373	0.827099	0.143680	-0.989202	0.028889	0.821183	0.102883	-0.561313
61734	8.597831	-0.289969	-4.597271	0.327403	-0.373275	-0.443129	0.554675	0.109197	0.824871	0.148860	-0.988380	0.030744	0.818643	0.105737	-0.564485
61735	8.524462	-0.543610	-4.394482	0.332953	-0.274332	-0.424970	0.556263	0.113727	0.823188	0.153978	-0.987543	0.032384	0.816616	0.108739	-0.566845
61736	8.236394	0.107483	-4.574044	0.366101	-0.181250	-0.394614	0.557100	0.117973	0.822023	0.159370	-0.986647	0.033591	0.815009	0.112292	-0.568463
61737	8.388207	1.126867	-4.254760	0.252057	-0.074946	-0.337594	0.557154	0.121424	0.821484	0.163339	-0.985951	0.034952	0.814186	0.114707	-0.569160
61738	8.618374	1.527856	-3.817788	-0.060597	0.053901	-0.267913	0.556262	0.124124	0.821685	0.164524	-0.985659	0.037515	0.814558	0.114319	-0.568706
61739	8.715082	1.690332	-3.654059	-0.403805	0.175065	-0.212903	0.554475	0.126062	0.822597	0.162449	-0.985840	0.041580	0.816191	0.110575	-0.567102
61740	8.722867	1.861374	-3.709533	-0.763350	0.298093	-0.178610	0.551732	0.127648	0.824195	0.157411	-0.986395	0.047395	0.819032	0.103588	-0.564319
61741	8.590400	1.726414	-3.960727	-1.132333	0.418724	-0.132226	0.548080	0.128578	0.826484	0.148876	-0.987332	0.054875	0.823070	0.092968	-0.560279
61742	8.501301	1.303731	-4.120561	-1.378051	0.548453	-0.078660	0.543413	0.129007	0.829493	0.138092	-0.988397	0.063255	0.828030	0.080173	-0.554923
61743	8.423209	0.724315	-4.179586	-1.449539	0.681879	-0.027839	0.537700	0.128819	0.833237	0.126234	-0.989420	0.071504	0.833633	0.066735	-0.548273
61744	8.509265	0.427401	-4.274772	-1.388745	0.795320	0.026693	0.531058	0.128136	0.837591	0.114538	-0.990283	0.078875	0.839558	0.054049	-0.540574
61745	8.533250	0.365441	-4.205804	-1.265959	0.921387	0.087178	0.523379	0.126864	0.842603	0.103445	-0.991001	0.084953	0.845798	0.042701	-0.531792
61746	8.440555	0.412010	-4.234764	-1.143450	1.027415	0.137630	0.514765	0.125199	0.848141	0.093118	-0.991592	0.089859	0.852260	0.032721	-0.522095
61747	8.364789	0.596465	-4.157877	-1.010604	1.151160	0.187869	0.505071	0.123046	0.854261	0.083547	-0.992107	0.093505	0.859024	0.024145	-0.511365
61748	8.364050	0.869441	-4.194894	-0.917933	1.256743	0.235715	0.494394	0.120473	0.860849	0.074432	-0.992579	0.096161	0.866045	0.016533	-0.499692
61749	8.392370	1.088659	-4.236186	-0.861386	1.356343	0.299082	0.482799	0.117364	0.867831	0.065513	-0.993042	0.097851	0.873277	0.009612	-0.487128
61750	8.551793	1.247538	-4.350154	-0.835918	1.443681	0.367294	0.470340	0.113631	0.875139	0.056381	-0.993519	0.098700	0.880683	0.002919	-0.473698
61751	8.853282	1.288160	-4.532674	-0.825182	1.532076	0.429593	0.457003	0.109404	0.882711	0.047124	-0.993991	0.098799	0.888216	-0.003555	-0.459413
61752	9.075452	1.212332	-4.565751	-0.795548	1.622098	0.478750	0.442712	0.104748	0.890525	0.037791	-0.994450	0.098185	0.895867	-0.009814	-0.444213
61753	9.296318	0.928659	-4.521063	-0.769089	1.706186	0.519888	0.427526	0.099832	0.898474	0.028642	-0.994880	0.096916	0.903549	-0.015700	-0.428196
61754	9.481715	0.804245	-4.414697	-0.724419	1.780889	0.549444	0.411473	0.094694	0.906489	0.019682	-0.995279	0.095035	0.911210	-0.021263	-0.411394
61755	9.496073	0.683861	-4.298246	-0.685336	1.847122	0.589704	0.394655	0.089302	0.914479	0.011066	-0.995656	0.092453	0.918763	-0.026367	-0.393929
61756	9.454511	0.417726	-4.068530	-0.610147	1.909760	0.643634	0.377056	0.083441	0.922424	0.002871	-0.996034	0.088926	0.926186	-0.030882	-0.375800
61757	9.532092	0.192463	-3.751567	-0.493719	1.942646	0.687637	0.358982	0.077261	0.930141	-0.004220	-0.996423	0.084395	0.933335	-0.034221	-0.357372
61758	9.738849	0.200859	-3.452645	-0.389140	1.956542	0.709193	0.340573	0.070890	0.937542	-0.010433	-0.996807	0.079162	0.940160	-0.036741	-0.338746
61759	9.840045	0.373652	-3.156328	-0.353218	1.950704	0.712835	0.322070	0.064560	0.944512	-0.016097	-0.997154	0.073647	0.946579	-0.038923	-0.320114
61760	9.927207	0.564520	-2.893557	-0.388848	1.923042	0.709416	0.303643	0.058264	0.951003	-0.022101	-0.997429	0.068165	0.952529	-0.041716	-0.301575
61761	9.964696	0.585127	-2.702237	-0.469585	1.878188	0.696518	0.285519	0.052172	0.956952	-0.028610	-0.997608	0.062925	0.957946	-0.045345	-0.283343
61762	10.065641	0.640310	-2.443818	-0.533134	1.810472	0.668944	0.267884	0.046367	0.962335	-0.035677	-0.997679	0.058002	0.962790	-0.049871	-0.265608
61763	10.274537	0.588867	-2.273240	-0.631370	1.718700	0.628183	0.251046	0.041043	0.967105	-0.043372	-0.997620	0.053597	0.967003	-0.055401	-0.248669
61764	10.467516	0.115560	-2.424264	-0.710027	1.615843	0.596670	0.235074	0.036050	0.971309	-0.051800	-0.997427	0.049556	0.970596	-0.061964	-0.232602
61765	10.331592	-0.162092	-2.546620	-0.724516	1.459454	0.588811	0.220552	0.031169	0.974877	-0.060159	-0.997152	0.045492	0.973518	-0.068681	-0.218049
61766	10.305770	-0.775204	-3.064778	-0.653981	1.321957	0.559610	0.207274	0.026551	0.977923	-0.067833	-0.996836	0.041442	0.975928	-0.074925	-0.204817
61767	9.475027	-0.710840	-3.340441	-0.439807	1.194706	0.497229	0.195247	0.022553	0.980495	-0.073105	-0.996620	0.037481	0.978026	-0.078997	-0.192938
61768	8.801743	-0.506938	-3.529337	-0.271115	1.062611	0.404884	0.184507	0.019382	0.982640	-0.076627	-0.996479	0.034043	0.979839	-0.081577	-0.182372
61769	8.583374	-0.573323	-3.534027	-0.162003	0.936742	0.325161	0.175065	0.016951	0.984411	-0.078775	-0.996405	0.031167	0.981400	-0.083004	-0.173100
61770	8.294761	-0.596490	-3.572851	-0.035706	0.849575	0.259492	0.166484	0.015084	0.985929	-0.079656	-0.996409	0.028695	0.982821	-0.083313	-0.164685
61771	7.958671	-0.366522	-3.379178	0.082493	0.763369	0.200963	0.158813	0.013752	0.987213	-0.079148	-0.996508	0.026614	0.984131	-0.082363	-0.157170
61772	7.729499	-0.057213	-3.371552	0.114619	0.678468	0.143248	0.151992	0.012893	0.988298	-0.078315	-0.996614	0.025046	0.985274	-0.081206	-0.150467
61773	7.600425	0.268039	-3.519421	0.172455	0.604910	0.103451	0.145944	0.012386	0.989215	-0.076746	-0.996766	0.023804	0.986312	-0.079392	-0.144521
61774	7.572265	0.472405	-3.738437	0.172637	0.543645	0.057512	0.140513	0.012257	0.990003	-0.075180	-0.996904	0.023013	0.987220	-0.077662	-0.139156
61775	7.607378	0.286870	-4.042556	0.141615	0.499641	0.025731	0.135555	0.012424	0.990692	-0.073794	-0.997017	0.022600	0.988018	-0.076170	-0.134234
61776	7.567155	0.312161	-4.083673	0.192687	0.472696	0.010273	0.130858	0.012700	0.991320	-0.071933	-0.997161	0.022270	0.988788	-0.074223	-0.129573
61777	7.516548	0.919206	-4.032599	0.250260	0.439051	-0.000639	0.126511	0.013065	0.991879	-0.069434	-0.997344	0.021993	0.989532	-0.071653	-0.125268
61778	7.516388	1.304612	-4.075461	0.193787	0.399611	-0.022382	0.122561	0.013601	0.992368	-0.067490	-0.997477	0.022006	0.990164	-0.069672	-0.121333
61779	7.709657	1.149332	-3.930065	0.090518	0.308337	-0.038887	0.119528	0.014241	0.992729	-0.066524	-0.997535	0.022319	0.990600	-0.068708	-0.118286
61780	8.003950	1.334501	-3.685952	0.064927	0.152091	-0.047035	0.118050	0.014853	0.992897	-0.065796	-0.997574	0.022746	0.990826	-0.068014	-0.116786
61781	8.354493	2.239712	-3.549388	0.058394	-0.110588	-0.100885	0.119206	0.015823	0.992743	-0.065076	-0.997599	0.023715	0.990735	-0.067430	-0.117891
61782	8.935087	3.444133	-3.296793	-0.013977	-0.434150	-0.230055	0.123660	0.017876	0.992164	-0.064875	-0.997553	0.026059	0.990202	-0.067589	-0.122197
61783	10.246739	2.937562	-2.434046	-0.336150	-0.653304	-0.337205	0.130344	0.020825	0.991250	-0.067751	-0.997255	0.029860	0.989151	-0.071050	-0.128576
61784	11.842053	0.705614	-1.134327	-0.633444	-0.658666	-0.294895	0.137072	0.023344	0.990286	-0.073529	-0.996724	0.033674	0.987828	-0.077430	-0.134907
61785	12.491872	-0.866303	-0.180031	-0.636792	-0.490971	-0.165534	0.142042	0.024636	0.989554	-0.079561	-0.996172	0.036222	0.986658	-0.083875	-0.139538
61786	11.684772	-0.197143	-0.011096	-0.374686	-0.364344	-0.107100	0.145729	0.025456	0.988997	-0.083024	-0.995828	0.037865	0.985835	-0.087629	-0.143008
61787	10.495811	1.978851	-0.162381	-0.323881	-0.391284	-0.133234	0.149694	0.026471	0.988378	-0.085996	-0.995505	0.039687	0.984986	-0.090937	-0.146744
61788	9.968371	2.364800	-0.452371	-0.591404	-0.418889	-0.149121	0.153954	0.027627	0.987692	-0.091523	-0.994913	0.042095	0.983830	-0.096877	-0.150642
61789	9.838738	0.585754	-1.144049	-0.836705	-0.395602	-0.150045	0.157983	0.028758	0.987023	-0.099491	-0.994025	0.044887	0.982417	-0.105292	-0.154178
61790	9.453892	-1.002993	-2.062721	-0.716854	-0.358848	-0.150929	0.161665	0.029937	0.986392	-0.106220	-0.993205	0.047553	0.981112	-0.112462	-0.157387
61791	8.758491	-0.897497	-2.755316	-0.401207	-0.341056	-0.184328	0.165206	0.031415	0.985759	-0.109830	-0.992690	0.050043	0.980125	-0.116533	-0.160548
61792	8.454117	-0.136089	-2.933335	-0.215136	-0.331786	-0.232350	0.168718	0.033395	0.985098	-0.111482	-0.992366	0.052735	0.979340	-0.118718	-0.163707
61793	8.684415	-0.025832	-2.715553	-0.108756	-0.329601	-0.254328	0.172227	0.035564	0.984415	-0.112089	-0.992150	0.055454	0.978659	-0.119892	-0.166888
61794	9.182607	0.082456	-2.366637	-0.007223	-0.335026	-0.261764	0.175804	0.037823	0.983698	-0.111628	-0.992051	0.058094	0.978076	-0.120021	-0.170185
61795	9.575352	0.815700	-1.996447	0.008387	-0.339252	-0.249632	0.179396	0.039931	0.982966	-0.111078	-0.991964	0.060568	0.977486	-0.120052	-0.173519
61796	9.861694	1.556932	-1.922347	-0.104175	-0.334382	-0.222685	0.182919	0.041800	0.982239	-0.111613	-0.991753	0.062990	0.976772	-0.121152	-0.176746
61797	10.064810	1.791806	-2.015143	-0.305465	-0.321492	-0.193285	0.186274	0.043361	0.981541	-0.114213	-0.991297	0.065467	0.975837	-0.124300	-0.179700
61798	10.131314	1.428309	-2.196218	-0.463642	-0.298483	-0.161214	0.189381	0.044650	0.980888	-0.118345	-0.990645	0.067943	0.974746	-0.128951	-0.182325
61799	10.049126	0.934695	-2.281748	-0.521038	-0.282139	-0.140085	0.192296	0.045705	0.980272	-0.123129	-0.989897	0.070307	0.973582	-0.134220	-0.184726
61800	9.888380	0.565230	-2.360406	-0.468590	-0.272486	-0.138810	0.195131	0.046779	0.979661	-0.127327	-0.989200	0.072596	0.972477	-0.138903	-0.187067
61801	9.739160	0.472737	-2.486431	-0.330828	-0.257129	-0.146697	0.197817	0.047907	0.979068	-0.130230	-0.988667	0.074689	0.971550	-0.142278	-0.189336
61802	9.658839	0.808420	-2.484086	-0.191301	-0.236355	-0.155469	0.200327	0.049178	0.978494	-0.131683	-0.988325	0.076631	0.970839	-0.144202	-0.191512
61803	9.591839	1.304685	-2.485469	-0.143726	-0.226151	-0.149401	0.202717	0.050365	0.977941	-0.132751	-0.988043	0.078404	0.970197	-0.145717	-0.193607
61804	9.598272	1.645164	-2.428808	-0.185258	-0.199873	-0.124964	0.204834	0.051382	0.977447	-0.134192	-0.987717	0.080043	0.969554	-0.147561	-0.195423
61805	9.610648	1.617558	-2.407643	-0.275776	-0.180673	-0.103225	0.206723	0.052171	0.977008	-0.136627	-0.987254	0.081627	0.968813	-0.150360	-0.196960
61806	9.731859	1.303686	-2.377978	-0.354330	-0.153402	-0.084894	0.208339	0.052856	0.976627	-0.139773	-0.986681	0.083217	0.968018	-0.153843	-0.198176
61807	9.723480	0.981735	-2.354290	-0.408010	-0.131032	-0.067875	0.209702	0.053361	0.976308	-0.143553	-0.986009	0.084725	0.967170	-0.157919	-0.199108
61808	9.744111	0.802914	-2.333129	-0.408967	-0.104212	-0.062580	0.210814	0.053894	0.976039	-0.147261	-0.985333	0.086214	0.966370	-0.161908	-0.199786
61809	9.650159	0.618766	-2.459880	-0.373205	-0.097850	-0.068821	0.211861	0.054450	0.975782	-0.150695	-0.984686	0.087666	0.965612	-0.165618	-0.200411
61810	9.637341	0.470668	-2.518248	-0.354416	-0.084974	-0.082506	0.212821	0.055203	0.975530	-0.153825	-0.984060	0.089244	0.964907	-0.169054	-0.200937
61811	9.654883	0.169523	-2.430402	-0.292942	-0.071792	-0.095951	0.213662	0.056063	0.975298	-0.156420	-0.983508	0.090803	0.964304	-0.171957	-0.201369
61812	9.589394	0.139552	-2.372941	-0.170092	-0.055551	-0.109869	0.214385	0.057127	0.975077	-0.157709	-0.983165	0.092276	0.963933	-0.173561	-0.201766
61813	9.547113	0.311356	-2.305478	-0.090497	-0.053318	-0.132957	0.215108	0.058381	0.974844	-0.158270	-0.982931	0.093789	0.963680	-0.174464	-0.202197
61814	9.577773	0.511249	-2.190861	-0.057294	-0.052885	-0.147128	0.215866	0.059811	0.974589	-0.158391	-0.982757	0.095395	0.963491	-0.174959	-0.202670
61815	9.594906	0.672784	-2.032663	-0.040007	-0.054876	-0.155346	0.216640	0.061281	0.974326	-0.158415	-0.982594	0.097024	0.963313	-0.175367	-0.203161
61816	9.621191	0.774816	-1.993549	-0.045895	-0.054054	-0.162377	0.217432	0.062855	0.974049	-0.158392	-0.982425	0.098753	0.963138	-0.175754	-0.203655
61817	9.555783	0.778702	-1.892042	-0.053338	-0.059619	-0.169649	0.218275	0.064456	0.973756	-0.158510	-0.982224	0.100548	0.962928	-0.176298	-0.204178
61818	9.470465	0.827496	-1.825003	-0.042982	-0.062064	-0.170532	0.219157	0.066095	0.973448	-0.158441	-0.982049	0.102349	0.962739	-0.176665	-0.204751
61819	9.397347	0.824333	-1.746617	-0.032467	-0.074358	-0.177536	0.220153	0.067746	0.973110	-0.158337	-0.981874	0.104178	0.962529	-0.177015	-0.205436
61820	9.357031	0.939410	-1.690964	-0.009945	-0.086196	-0.186006	0.221290	0.069491	0.972729	-0.157916	-0.981740	0.106060	0.962337	-0.177079	-0.206276
61821	9.404331	1.030582	-1.632648	0.006168	-0.100250	-0.182393	0.222542	0.071143	0.972324	-0.157425	-0.981623	0.107855	0.962129	-0.177070	-0.207252
61822	9.471083	1.134484	-1.640608	0.010122	-0.111673	-0.181084	0.223913	0.072794	0.971887	-0.156820	-0.981522	0.109645	0.961910	-0.176962	-0.208360
61823	9.471828	1.216457	-1.673877	0.006744	-0.118283	-0.176304	0.225326	0.074354	0.971442	-0.156332	-0.981405	0.111378	0.961659	-0.176964	-0.209512
61824	9.383856	1.321665	-1.711373	-0.018484	-0.127121	-0.177099	0.226836	0.075938	0.970968	-0.156009	-0.981249	0.113189	0.961357	-0.177155	-0.210736
61825	9.365020	1.233858	-1.711713	-0.046712	-0.130833	-0.174204	0.228365	0.077454	0.970490	-0.156035	-0.981033	0.115012	0.960990	-0.177695	-0.211948
61826	9.313778	1.151202	-1.702912	-0.052083	-0.142540	-0.166171	0.230005	0.078902	0.969986	-0.156055	-0.980820	0.116787	0.960596	-0.178233	-0.213280
61827	9.301887	1.226875	-1.651100	-0.057665	-0.150769	-0.170131	0.231718	0.080341	0.969460	-0.156189	-0.980582	0.118594	0.960162	-0.178899	-0.214670
61828	9.366509	1.207504	-1.596989	-0.064878	-0.166705	-0.162480	0.233582	0.081706	0.968898	-0.156337	-0.980343	0.120361	0.959686	-0.179589	-0.216217
61829	9.388851	1.153807	-1.545534	-0.076019	-0.180378	-0.165904	0.235572	0.083047	0.968302	-0.156651	-0.980069	0.122167	0.959149	-0.180464	-0.217867
61830	9.411107	1.067471	-1.539310	-0.076833	-0.200823	-0.167485	0.237769	0.084395	0.967648	-0.156899	-0.979798	0.124008	0.958566	-0.181308	-0.219724
61831	9.431845	0.981836	-1.480864	-0.057886	-0.223229	-0.176819	0.240185	0.085761	0.966931	-0.157004	-0.979543	0.125879	0.957946	-0.182046	-0.221807
61832	9.444877	0.889721	-1.447180	-0.035820	-0.250322	-0.185303	0.242881	0.087188	0.966130	-0.156814	-0.979324	0.127801	0.957297	-0.182543	-0.224187
61833	9.469133	0.870553	-1.416359	-0.006502	-0.275015	-0.195698	0.245819	0.088641	0.965254	-0.156370	-0.979141	0.129739	0.956620	-0.182829	-0.226830
61834	9.379095	0.819893	-1.445289	0.023027	-0.305581	-0.206872	0.249070	0.090173	0.964279	-0.155561	-0.979003	0.131731	0.955911	-0.182814	-0.229813
61835	9.393306	0.918145	-1.562972	0.053818	-0.334264	-0.215074	0.252597	0.091707	0.963216	-0.154480	-0.978906	0.133712	0.955160	-0.182572	-0.233102
61836	9.412410	0.924979	-1.792170	0.088597	-0.355897	-0.226110	0.256347	0.093333	0.962068	-0.152989	-0.978863	0.135727	0.954401	-0.181979	-0.236650
61837	9.351874	1.057883	-1.981344	0.132540	-0.368506	-0.226054	0.260206	0.094917	0.960877	-0.151113	-0.978890	0.137617	0.953655	-0.181010	-0.240370
61838	9.380904	1.233348	-2.302623	0.159168	-0.377409	-0.233025	0.264157	0.096576	0.959632	-0.148921	-0.978958	0.139514	0.952913	-0.179763	-0.244217
61839	9.401067	1.499101	-2.626276	0.176691	-0.378559	-0.235100	0.268110	0.098239	0.958366	-0.146584	-0.979045	0.141366	0.952171	-0.178383	-0.248091
61840	9.359637	1.714532	-2.939061	0.173397	-0.367207	-0.236953	0.271953	0.099965	0.957104	-0.144229	-0.979121	0.143246	0.951441	-0.176998	-0.251857
61841	9.354979	1.835245	-3.096699	0.160505	-0.344394	-0.230435	0.275557	0.101654	0.955895	-0.142043	-0.979171	0.145076	0.950732	-0.175755	-0.255379
61842	9.334197	1.974849	-3.197852	0.129297	-0.324636	-0.222680	0.278961	0.103328	0.954727	-0.140126	-0.979173	0.146917	0.950024	-0.174766	-0.258672
61843	9.442839	2.033475	-3.209595	0.088134	-0.304871	-0.213576	0.282153	0.104926	0.953614	-0.138661	-0.979104	0.148757	0.949296	-0.174201	-0.261708
61844	9.372780	2.034319	-3.182813	0.028044	-0.282638	-0.191626	0.285105	0.106377	0.952575	-0.137772	-0.978954	0.150558	0.948543	-0.174163	-0.264449
61845	9.416463	1.971523	-3.175781	-0.020198	-0.271744	-0.185652	0.287936	0.107760	0.951568	-0.137402	-0.978719	0.152411	0.947741	-0.174632	-0.267002
61846	9.484460	1.865275	-3.188773	-0.051068	-0.259100	-0.179337	0.290642	0.109132	0.950588	-0.137281	-0.978440	0.154303	0.946932	-0.175344	-0.269394
61847	9.503993	1.813535	-3.254823	-0.058031	-0.242169	-0.172217	0.293170	0.110431	0.949661	-0.137298	-0.978148	0.156128	0.946150	-0.176159	-0.271601
61848	9.483210	1.724891	-3.317964	-0.035678	-0.223495	-0.163077	0.295514	0.111705	0.948785	-0.137063	-0.977909	0.157824	0.945455	-0.176683	-0.273675
61849	9.441043	1.809612	-3.348931	0.000871	-0.202773	-0.151749	0.297637	0.112870	0.947984	-0.136576	-0.977739	0.159293	0.944860	-0.176883	-0.275595
61850	9.384732	1.943594	-3.335098	0.028848	-0.183734	-0.136903	0.299565	0.113960	0.947245	-0.135796	-0.977640	0.160562	0.944362	-0.176731	-0.277392
61851	9.330623	2.108932	-3.276302	0.036035	-0.159562	-0.123181	0.301237	0.114921	0.946599	-0.135057	-0.977561	0.161660	0.943936	-0.176542	-0.278957
61852	9.270762	2.201175	-3.159240	0.006843	-0.140529	-0.105621	0.302713	0.115785	0.946022	-0.134569	-0.977457	0.162693	0.943534	-0.176554	-0.280308
61853	9.207906	2.127706	-3.146409	-0.039812	-0.129855	-0.093499	0.304063	0.116509	0.945501	-0.134631	-0.977277	0.163721	0.943091	-0.177075	-0.281468
61854	9.146603	1.988971	-3.108668	-0.072648	-0.114924	-0.079320	0.305261	0.117164	0.945033	-0.134964	-0.977061	0.164730	0.942656	-0.177831	-0.282446
61855	9.168736	1.824561	-3.039230	-0.085052	-0.105621	-0.068671	0.306349	0.117686	0.944617	-0.135525	-0.976828	0.165651	0.942223	-0.178767	-0.283300
61856	9.190858	1.724256	-2.992170	-0.074032	-0.101505	-0.056421	0.307390	0.118141	0.944222	-0.135935	-0.976635	0.166450	0.941824	-0.179518	-0.284148
61857	9.175203	1.718317	-2.879249	-0.062418	-0.095656	-0.054016	0.308363	0.118536	0.943855	-0.136327	-0.976458	0.167169	0.941450	-0.180222	-0.284944
61858	9.222151	1.703170	-2.844873	-0.041315	-0.090493	-0.046841	0.309287	0.118917	0.943504	-0.136456	-0.976334	0.167785	0.941128	-0.180640	-0.285741
61859	9.183183	1.771466	-2.720989	-0.018535	-0.092035	-0.041887	0.310209	0.119199	0.943166	-0.136470	-0.976249	0.168265	0.940822	-0.180912	-0.286574
61860	9.225305	1.780998	-2.611136	-0.018732	-0.099439	-0.043585	0.311212	0.119531	0.942793	-0.136395	-0.976170	0.168786	0.940502	-0.181121	-0.287493
61861	9.249501	1.775281	-2.544679	-0.015854	-0.102738	-0.039289	0.312231	0.119768	0.942426	-0.136392	-0.976093	0.169234	0.940164	-0.181379	-0.288431
61862	9.303989	1.732340	-2.534659	-0.019363	-0.118240	-0.037027	0.313401	0.120002	0.942008	-0.136344	-0.976019	0.169695	0.939782	-0.181620	-0.289524
61863	9.256566	1.628070	-2.433473	-0.013456	-0.129066	-0.036451	0.314662	0.120163	0.941567	-0.136326	-0.975950	0.170109	0.939363	-0.181887	-0.290713
61864	9.165655	1.518768	-2.397056	0.010873	-0.141025	-0.034637	0.316042	0.120330	0.941084	-0.136004	-0.975934	0.170460	0.938947	-0.181863	-0.292070
61865	9.140492	1.565966	-2.334137	0.046498	-0.156443	-0.040294	0.317564	0.120479	0.940552	-0.135409	-0.975968	0.170734	0.938519	-0.181579	-0.293618
61866	9.128785	1.594196	-2.328151	0.056501	-0.174225	-0.041427	0.319261	0.120651	0.939955	-0.134642	-0.976026	0.171013	0.938053	-0.181155	-0.295363
61867	9.144658	1.552028	-2.422742	0.072284	-0.188641	-0.043214	0.321087	0.120771	0.939317	-0.133795	-0.976103	0.171236	0.937551	-0.180658	-0.297256
61868	9.101603	1.555993	-2.538478	0.104313	-0.202606	-0.043412	0.323050	0.120912	0.938626	-0.132576	-0.976243	0.171387	0.937050	-0.179806	-0.299346
61869	9.039625	1.506045	-2.544456	0.118278	-0.214050	-0.043850	0.325112	0.120996	0.937903	-0.131296	-0.976401	0.171474	0.936517	-0.178891	-0.301554
61870	9.069057	1.607504	-2.646400	0.140221	-0.224578	-0.041755	0.327275	0.121084	0.937139	-0.129749	-0.976604	0.171495	0.935979	-0.177719	-0.303907
61871	9.066694	1.679512	-2.725710	0.134626	-0.236433	-0.041728	0.329540	0.121112	0.936341	-0.128322	-0.976790	0.171506	0.935381	-0.176671	-0.306350
61872	9.085603	1.641211	-2.859903	0.125734	-0.243018	-0.035279	0.331863	0.121109	0.935521	-0.126935	-0.976972	0.171503	0.934749	-0.175665	-0.308848
61873	9.051098	1.684137	-2.916290	0.118851	-0.250156	-0.043700	0.334254	0.121137	0.934666	-0.125648	-0.977126	0.171574	0.934070	-0.174788	-0.311388
61874	9.075775	1.648265	-2.942545	0.122841	-0.254461	-0.040968	0.336686	0.121173	0.933788	-0.124269	-0.977293	0.171625	0.933381	-0.173825	-0.313983
61875	9.103965	1.684163	-3.025984	0.124560	-0.260668	-0.049447	0.339178	0.121244	0.932876	-0.122909	-0.977448	0.171725	0.932658	-0.172904	-0.316627
61876	9.143397	1.662699	-3.065742	0.136672	-0.260314	-0.043412	0.341662	0.121299	0.931962	-0.121394	-0.977633	0.171747	0.931950	-0.171814	-0.319295
61877	9.186092	1.712028	-3.162852	0.154816	-0.263190	-0.046003	0.344168	0.121338	0.931034	-0.119763	-0.977841	0.171710	0.931238	-0.170601	-0.322010
61878	9.198886	1.699261	-3.224205	0.187047	-0.264007	-0.046784	0.346686	0.121427	0.930088	-0.117768	-0.978104	0.171593	0.930559	-0.169023	-0.324795
61879	9.201120	1.808740	-3.299827	0.216372	-0.262431	-0.048239	0.349182	0.121497	0.929145	-0.115555	-0.978407	0.171366	0.929903	-0.167206	-0.327602
61880	9.228310	1.902759	-3.268050	0.221078	-0.259389	-0.046483	0.351651	0.121600	0.928200	-0.113245	-0.978720	0.171122	0.929256	-0.165289	-0.330397
61881	9.233460	2.045430	-3.302110	0.207953	-0.258253	-0.041844	0.354095	0.121625	0.927267	-0.111134	-0.979009	0.170851	0.928583	-0.163548	-0.333146
61882	9.220754	2.008333	-3.372186	0.181664	-0.256233	-0.037057	0.356518	0.121652	0.926334	-0.109222	-0.979261	0.170639	0.927882	-0.162012	-0.335838
61883	9.240761	1.935289	-3.443252	0.169532	-0.257316	-0.034827	0.358941	0.121618	0.925403	-0.107493	-0.979491	0.170420	0.927150	-0.160645	-0.338506
61884	9.195592	1.798778	-3.428622	0.170941	-0.251729	-0.031130	0.361311	0.121603	0.924482	-0.105701	-0.979728	0.170180	0.926435	-0.159206	-0.341133
61885	9.154543	1.696495	-3.370723	0.175472	-0.246314	-0.029540	0.363621	0.121542	0.923584	-0.103936	-0.979968	0.169882	0.925730	-0.157767	-0.343704
61886	9.072504	1.589641	-3.318945	0.189294	-0.246024	-0.031428	0.365934	0.121546	0.922669	-0.101974	-0.980228	0.169572	0.925037	-0.156141	-0.346304
61887	9.025987	1.513314	-3.238758	0.209879	-0.250024	-0.030125	0.368274	0.121494	0.921745	-0.099891	-0.980515	0.169150	0.924335	-0.154367	-0.348963
61888	9.024363	1.479292	-3.198482	0.234620	-0.258881	-0.033278	0.370703	0.121505	0.920769	-0.097506	-0.980835	0.168687	0.923619	-0.152313	-0.351751
61889	9.056890	1.479149	-3.219563	0.255253	-0.270576	-0.036197	0.373234	0.121491	0.919748	-0.094982	-0.981175	0.168148	0.922862	-0.150118	-0.354668
61890	9.177937	1.490870	-3.175235	0.269743	-0.278891	-0.041272	0.375848	0.121560	0.918674	-0.092248	-0.981527	0.167618	0.922078	-0.147745	-0.357691
61891	9.175025	1.387018	-3.079764	0.302073	-0.287773	-0.049378	0.378543	0.121664	0.917553	-0.089245	-0.981907	0.167015	0.921271	-0.145110	-0.360836
61892	9.158454	1.368441	-2.955784	0.336174	-0.306044	-0.048727	0.381406	0.121780	0.916351	-0.085879	-0.982330	0.166293	0.920410	-0.142120	-0.364208
61893	9.129959	1.412806	-3.001642	0.365489	-0.329491	-0.055885	0.384481	0.121906	0.915048	-0.082269	-0.982773	0.165496	0.919460	-0.138910	-0.367829
61894	9.012898	1.373058	-2.967890	0.378302	-0.351169	-0.064238	0.387761	0.122129	0.913633	-0.078466	-0.983212	0.164732	0.918414	-0.135566	-0.371668
61895	8.992486	1.257550	-2.953335	0.400650	-0.380532	-0.065158	0.391300	0.122301	0.912100	-0.074501	-0.983666	0.163859	0.917242	-0.132071	-0.375797
61896	8.968595	1.236380	-2.892003	0.426005	-0.406523	-0.067491	0.395075	0.122505	0.910444	-0.070260	-0.984136	0.162909	0.915958	-0.128329	-0.380201
61897	9.038115	1.308168	-2.985642	0.450167	-0.441872	-0.072217	0.399165	0.122698	0.908632	-0.065819	-0.984614	0.161873	0.914513	-0.124419	-0.384948
61898	9.074116	1.451217	-3.129684	0.477453	-0.468511	-0.074160	0.403492	0.122921	0.906689	-0.061095	-0.985104	0.160740	0.912941	-0.120252	-0.389972
61899	9.154584	1.470888	-3.306988	0.491546	-0.489794	-0.078591	0.408002	0.123157	0.904636	-0.056259	-0.985585	0.159550	0.911246	-0.115991	-0.395192
61900	9.137556	1.497312	-3.407740	0.511869	-0.507096	-0.079523	0.412659	0.123426	0.902485	-0.051216	-0.986066	0.158275	0.909445	-0.111535	-0.400587
61901	9.280395	0.982022	-3.736352	0.503106	-0.521090	-0.067471	0.417421	0.123561	0.900273	-0.046331	-0.986530	0.156882	0.907531	-0.107196	-0.406074
61902	9.119777	1.241196	-3.874783	0.550551	-0.535357	-0.059819	0.422297	0.123649	0.897984	-0.041038	-0.987029	0.155209	0.905528	-0.102395	-0.411745
61903	8.987864	1.457739	-3.983026	0.549960	-0.544184	-0.051183	0.427235	0.123650	0.895646	-0.035811	-0.987513	0.153415	0.903431	-0.097619	-0.417472
61904	8.892659	1.474855	-4.076125	0.525988	-0.547358	-0.050983	0.432187	0.123688	0.893261	-0.030797	-0.987947	0.151699	0.901258	-0.093072	-0.423168
61905	8.850496	1.472743	-4.097604	0.512357	-0.553083	-0.055225	0.437176	0.123771	0.890819	-0.025910	-0.988341	0.150037	0.899003	-0.088674	-0.428872
61906	8.892905	1.519306	-4.196547	0.526452	-0.557367	-0.057196	0.442189	0.123910	0.888322	-0.020884	-0.988720	0.148311	0.896679	-0.084133	-0.434613
