// General information: 
//  MT Manager version: 2022.2.0 
//  XDA version: 2022.2.0 build 7381 rev 124627 built on 2023-07-19
// Device information: 
//  DeviceId: 00B4CAF0
//  ProductCode: MTW2-3A7G6
//  Firmware Version: 4.6.0
//  Hardware Version: 2.0.0
// Device settings: 
//  Filter Profile: human(46.1)
//  Option Flags: Orientation Smoother Disabled, Position/Velocity Smoother Disabled, Continuous Zero Rotation Update Disabled, AHS Disabled, ICC Disabled
// Coordinate system: ENU
PacketCounter	Acc_X	Acc_Y	Acc_Z	Gyr_X	Gyr_Y	Gyr_Z	Mat[1][1]	Mat[2][1]	Mat[3][1]	Mat[1][2]	Mat[2][2]	Mat[3][2]	Mat[1][3]	Mat[2][3]	Mat[3][3]
61640	7.599842	0.166152	6.788125	1.005914	0.675597	0.806830	-0.498649	-0.421307	0.757529	0.672033	-0.739877	0.030881	0.547468	0.524483	0.652071
61641	7.502088	0.128991	6.741037	1.051283	0.677670	0.796793	-0.496917	-0.430730	0.753356	0.681700	-0.730944	0.031737	0.536991	0.529333	0.656847
61642	7.467487	0.254523	6.828546	1.072836	0.681459	0.786820	-0.495111	-0.440105	0.749115	0.691368	-0.721752	0.032916	0.526189	0.534211	0.661622
61643	7.431934	0.427137	7.003936	1.060730	0.684854	0.773037	-0.493285	-0.449315	0.744840	0.700714	-0.712623	0.034180	0.515433	0.538780	0.666368
61644	7.432558	0.318279	7.002091	1.039765	0.690904	0.758323	-0.491450	-0.458437	0.740481	0.709782	-0.703526	0.035518	0.504665	0.543035	0.671138
61645	7.393805	0.490817	7.016153	1.014249	0.697042	0.749991	-0.489563	-0.467470	0.736071	0.718525	-0.694526	0.036807	0.494014	0.546905	0.675903
61646	7.385883	0.353817	7.072281	0.994995	0.726944	0.728780	-0.487859	-0.476486	0.731406	0.726951	-0.685624	0.038226	0.483255	0.550346	0.680870
61647	7.305161	0.523972	7.146521	0.963511	0.748224	0.703506	-0.486281	-0.485400	0.726580	0.734983	-0.676924	0.039678	0.472579	0.553318	0.685936
61648	7.260814	0.508148	7.160651	0.900582	0.764360	0.676306	-0.484837	-0.494216	0.721584	0.742522	-0.668566	0.041002	0.462162	0.555671	0.691112
61649	7.102350	0.160201	7.026071	0.843320	0.798659	0.645296	-0.483662	-0.502941	0.716325	0.749502	-0.660655	0.042209	0.452015	0.557302	0.696489
61650	6.902133	0.016068	6.968912	0.836819	0.812409	0.595720	-0.482807	-0.511416	0.710881	0.756155	-0.652922	0.043836	0.441731	0.558701	0.701945
61651	6.727605	-0.080882	7.011564	0.826241	0.818544	0.548349	-0.482206	-0.519545	0.705372	0.762409	-0.645474	0.045771	0.431520	0.559853	0.707358
61652	6.640897	-0.158712	6.987399	0.807114	0.810577	0.482934	-0.481953	-0.527229	0.699822	0.768230	-0.638362	0.048137	0.421360	0.560824	0.712693
61653	6.582586	0.085150	7.520340	0.823562	0.778959	0.423634	-0.481920	-0.534283	0.694475	0.773700	-0.631490	0.051070	0.411268	0.561927	0.717702
61654	6.672794	0.227104	7.598463	0.774688	0.806263	0.350541	-0.482494	-0.541033	0.688827	0.778548	-0.625235	0.054254	0.401326	0.562462	0.722893
61655	6.466125	0.297179	8.327275	0.735829	0.761349	0.272250	-0.483378	-0.547003	0.683471	0.782782	-0.619614	0.057718	0.391916	0.562909	0.727692
61656	6.405955	0.429619	8.246826	0.650798	0.792967	0.186287	-0.485017	-0.552611	0.677776	0.786196	-0.614937	0.061225	0.382955	0.562560	0.732715
61657	6.125857	0.378966	8.374649	0.509865	0.711935	0.094844	-0.486960	-0.557186	0.672617	0.788591	-0.611544	0.064328	0.375492	0.561745	0.737190
61658	6.262709	0.237416	8.251572	0.429255	0.658512	0.001834	-0.489478	-0.560869	0.667710	0.790147	-0.609186	0.067523	0.368889	0.560640	0.741352
61659	6.275544	0.500008	8.387589	0.365735	0.614692	-0.070515	-0.492276	-0.563874	0.663107	0.791140	-0.607535	0.070706	0.362992	0.559417	0.745178
61660	6.339516	0.973690	8.445617	0.250275	0.567553	-0.125718	-0.495276	-0.566328	0.658768	0.791479	-0.606770	0.073424	0.358138	0.557766	0.748755
61661	6.136334	0.602392	8.211830	0.129152	0.514613	-0.180518	-0.498529	-0.568088	0.654786	0.791042	-0.607075	0.075575	0.354571	0.555640	0.752026
61662	6.269275	0.552741	8.180421	0.129158	0.435397	-0.203503	-0.501699	-0.569267	0.651332	0.790474	-0.607522	0.077897	0.351354	0.553941	0.754784
61663	6.293123	0.852077	8.177136	0.152871	0.400368	-0.210361	-0.504753	-0.570195	0.648153	0.789950	-0.607876	0.080415	0.348144	0.552598	0.757252
61664	6.282455	1.027219	8.149308	0.130211	0.337118	-0.200146	-0.507497	-0.570844	0.645433	0.789398	-0.608286	0.082705	0.345396	0.551475	0.759326
61665	6.358512	1.218497	8.232385	0.128913	0.299543	-0.174984	-0.509900	-0.571421	0.643024	0.788951	-0.608575	0.084808	0.342867	0.550558	0.761136
61666	6.365789	1.259762	8.123130	0.120083	0.265444	-0.139988	-0.511894	-0.572058	0.640870	0.788677	-0.608672	0.086638	0.340518	0.549789	0.762745
61667	6.332746	1.309935	8.134920	0.120964	0.227000	-0.108119	-0.513509	-0.572639	0.639057	0.788534	-0.608627	0.088249	0.338412	0.549234	0.764080
61668	6.357637	1.264972	8.115527	0.110484	0.209370	-0.077136	-0.514793	-0.573343	0.637390	0.788543	-0.608418	0.089591	0.336433	0.548731	0.765315
61669	6.320717	1.176169	8.085358	0.108367	0.180700	-0.060252	-0.515867	-0.573959	0.635966	0.788596	-0.608170	0.090801	0.334660	0.548362	0.766356
61670	6.320479	1.134189	8.047331	0.099561	0.165183	-0.043810	-0.516757	-0.574603	0.634661	0.788713	-0.607861	0.091851	0.333008	0.548030	0.767313
61671	6.305523	0.995332	8.036173	0.095735	0.151361	-0.033101	-0.517513	-0.575222	0.633483	0.788860	-0.607527	0.092792	0.331482	0.547750	0.768173
61672	6.314766	0.936774	8.015233	0.094162	0.138343	-0.033254	-0.518221	-0.575778	0.632398	0.789007	-0.607192	0.093726	0.330022	0.547538	0.768952
61673	6.317093	0.917440	8.059684	0.093273	0.127277	-0.035278	-0.518910	-0.576251	0.631401	0.789132	-0.606886	0.094662	0.328639	0.547379	0.769657
61674	6.313074	0.884431	7.966442	0.086159	0.120698	-0.045910	-0.519655	-0.576637	0.630435	0.789187	-0.606664	0.095617	0.327326	0.547219	0.770330
61675	6.303376	0.894191	7.973029	0.086245	0.112468	-0.045688	-0.520375	-0.576967	0.629539	0.789232	-0.606456	0.096565	0.326073	0.547102	0.770945
61676	6.346933	0.978662	7.986106	0.087794	0.098452	-0.051386	-0.521089	-0.577196	0.628738	0.789260	-0.606259	0.097566	0.324863	0.547078	0.771472
61677	6.310485	0.999114	8.009215	0.089114	0.100797	-0.057360	-0.521860	-0.577391	0.627918	0.789249	-0.606103	0.098610	0.323647	0.547045	0.772007
61678	6.328263	1.068926	7.954995	0.083140	0.094802	-0.056244	-0.522613	-0.577550	0.627146	0.789212	-0.605991	0.099599	0.322521	0.547002	0.772508
61679	6.316688	1.100551	8.010080	0.081229	0.093574	-0.053677	-0.523330	-0.577727	0.626384	0.789193	-0.605857	0.100559	0.321403	0.546963	0.773002
61680	6.292100	1.160307	8.027788	0.073108	0.089968	-0.047171	-0.523971	-0.577947	0.625645	0.789200	-0.605704	0.101421	0.320340	0.546901	0.773487
61681	6.269502	1.222389	8.079412	0.060262	0.081166	-0.037959	-0.524523	-0.578152	0.624993	0.789194	-0.605594	0.102120	0.319452	0.546805	0.773922
61682	6.244946	1.202934	8.069770	0.052956	0.074315	-0.028514	-0.524952	-0.578416	0.624388	0.789251	-0.605419	0.102716	0.318604	0.546720	0.774331
61683	6.268454	1.202163	8.090409	0.044436	0.066725	-0.020780	-0.525321	-0.578646	0.623865	0.789283	-0.605297	0.103186	0.317916	0.546611	0.774691
61684	6.189375	1.200303	8.114770	0.037944	0.053649	-0.013068	-0.525579	-0.578867	0.623441	0.789349	-0.605147	0.103564	0.317324	0.546544	0.774981
61685	6.182197	1.152630	8.174967	0.029568	0.036414	-0.007560	-0.525747	-0.579012	0.623166	0.789403	-0.605030	0.103836	0.316912	0.546520	0.775166
61686	6.174793	1.173073	8.191964	0.022678	0.017853	-0.000930	-0.525795	-0.579113	0.623031	0.789487	-0.604888	0.104022	0.316624	0.546569	0.775249
61687	6.155002	1.144466	8.144116	0.012683	-0.002637	0.006486	-0.525727	-0.579129	0.623073	0.789561	-0.604782	0.104076	0.316550	0.546670	0.775208
61688	6.175646	1.101627	8.199309	0.002152	-0.021949	0.010357	-0.525557	-0.579085	0.623258	0.789640	-0.604687	0.104027	0.316635	0.546822	0.775067
61689	6.170591	1.111545	8.144272	0.002822	-0.044061	0.017247	-0.525274	-0.578939	0.623632	0.789740	-0.604573	0.103937	0.316857	0.547102	0.774778
61690	6.199388	1.122113	8.173558	-0.004880	-0.059366	0.020912	-0.524907	-0.578749	0.624118	0.789847	-0.604462	0.103769	0.317199	0.547426	0.774409
61691	6.215639	1.083950	8.137995	-0.008809	-0.082093	0.027491	-0.524421	-0.578456	0.624796	0.789963	-0.604352	0.103525	0.317712	0.547857	0.773894
61692	6.205292	1.128170	8.110648	-0.005048	-0.102298	0.033630	-0.523814	-0.578111	0.625625	0.790140	-0.604163	0.103276	0.318275	0.548429	0.773257
61693	6.249135	1.101339	8.105034	-0.005072	-0.116588	0.034547	-0.523161	-0.577671	0.626577	0.790304	-0.603992	0.103017	0.318938	0.549081	0.772521
61694	6.275998	1.120672	8.076798	-0.011310	-0.131771	0.041768	-0.522396	-0.577210	0.627640	0.790501	-0.603795	0.102667	0.319705	0.549783	0.771704
61695	6.263084	1.105206	8.035901	-0.009856	-0.144435	0.048536	-0.521542	-0.576699	0.628818	0.790723	-0.603570	0.102282	0.320549	0.550565	0.770796
61696	6.270785	1.119321	8.042217	-0.009899	-0.157268	0.051857	-0.520615	-0.576153	0.630086	0.790972	-0.603311	0.101878	0.321440	0.551419	0.769813
61697	6.314358	1.108568	8.048522	-0.013459	-0.174572	0.059650	-0.519573	-0.575540	0.631504	0.791238	-0.603043	0.101394	0.322468	0.552352	0.768714
61698	6.306388	1.095574	8.039475	-0.011874	-0.181181	0.065758	-0.518458	-0.574939	0.632966	0.791549	-0.602721	0.100886	0.323499	0.553329	0.767578
61699	6.333873	1.057869	8.030549	-0.015068	-0.197485	0.067640	-0.517275	-0.574243	0.634563	0.791850	-0.602417	0.100338	0.324653	0.554381	0.766330
61700	6.335045	1.030106	8.038204	-0.006512	-0.217833	0.076069	-0.515953	-0.573500	0.636310	0.792233	-0.602001	0.099805	0.325821	0.555600	0.764950
61701	6.330987	1.016354	8.026199	-0.014313	-0.233282	0.080083	-0.514549	-0.572676	0.638186	0.792599	-0.601623	0.099182	0.327149	0.556860	0.763466
61702	6.341911	1.046358	8.042369	-0.010014	-0.253246	0.082316	-0.513058	-0.571762	0.640203	0.792994	-0.601202	0.098574	0.328531	0.558251	0.761855
61703	6.313651	1.042519	8.045871	-0.005339	-0.280555	0.088925	-0.511421	-0.570719	0.642440	0.793431	-0.600725	0.097959	0.330023	0.559830	0.760049
61704	6.397800	1.023237	8.059648	-0.005793	-0.304322	0.096448	-0.509643	-0.569594	0.644846	0.793910	-0.600200	0.097294	0.331619	0.561535	0.758095
61705	6.417445	1.103406	8.013204	-0.008677	-0.326636	0.105369	-0.507712	-0.568380	0.647435	0.794417	-0.599651	0.096544	0.333361	0.563350	0.755981
61706	6.443231	1.091891	7.957298	-0.004879	-0.349474	0.121675	-0.505559	-0.567156	0.650187	0.795038	-0.598960	0.095718	0.335149	0.565315	0.753720
61707	6.483071	1.145394	7.978962	-0.007149	-0.369954	0.128911	-0.503283	-0.565824	0.653108	0.795664	-0.598271	0.094820	0.337084	0.567376	0.751305
61708	6.542397	1.125208	7.935684	-0.012907	-0.395127	0.150946	-0.500735	-0.564491	0.656212	0.796390	-0.597475	0.093736	0.339157	0.569538	0.748732
61709	6.549010	1.123893	7.928010	-0.022176	-0.413304	0.161836	-0.498031	-0.563090	0.659466	0.797123	-0.596690	0.092502	0.341410	0.571744	0.746021
61710	6.630075	1.125978	7.895001	-0.032762	-0.425688	0.178714	-0.495147	-0.561707	0.662808	0.797889	-0.595886	0.091065	0.343806	0.573938	0.743231
61711	6.627766	1.080739	7.890693	-0.044891	-0.446514	0.192554	-0.492061	-0.560277	0.666308	0.798684	-0.595065	0.089449	0.346381	0.576183	0.740293
61712	6.715353	0.966785	7.796453	-0.044136	-0.463893	0.201783	-0.488823	-0.558809	0.669914	0.799531	-0.594178	0.087769	0.349002	0.578520	0.737233
61713	6.725169	1.102822	7.734755	-0.023262	-0.474295	0.212136	-0.485457	-0.557309	0.673601	0.800482	-0.593130	0.086168	0.351511	0.581037	0.734055
61714	6.872523	1.129819	7.825210	-0.034377	-0.510730	0.237138	-0.481748	-0.555743	0.677546	0.801511	-0.592007	0.084308	0.354258	0.583676	0.730632
61715	6.905601	0.979368	7.787520	-0.029308	-0.512305	0.252303	-0.477894	-0.554228	0.681504	0.802617	-0.590779	0.082376	0.356963	0.586354	0.727163
61716	6.886631	1.116040	7.672573	0.002181	-0.542903	0.289165	-0.473616	-0.552751	0.685678	0.804010	-0.589154	0.080412	0.359522	0.589376	0.723450
61717	6.945838	1.290715	7.787493	-0.000574	-0.559970	0.327685	-0.468950	-0.551360	0.689991	0.805552	-0.587349	0.078149	0.362178	0.592472	0.719586
61718	6.985924	1.270612	7.852833	0.018960	-0.601870	0.361862	-0.463837	-0.549904	0.694594	0.807308	-0.585246	0.075772	0.364841	0.595897	0.715401
61719	7.094693	1.164800	7.687366	0.007468	-0.626336	0.407729	-0.458239	-0.548532	0.699378	0.809215	-0.582963	0.072979	0.367680	0.599388	0.711017
61720	7.139349	1.079191	7.630710	0.075953	-0.666084	0.454302	-0.452083	-0.547191	0.704416	0.811587	-0.579983	0.070333	0.370064	0.603491	0.706294
61721	7.322167	1.581197	7.596099	0.105084	-0.661729	0.507287	-0.445495	-0.546107	0.709437	0.814253	-0.576575	0.067482	0.372191	0.607724	0.701530
61722	7.340479	1.448555	7.579597	0.111891	-0.682013	0.572337	-0.438278	-0.545221	0.714595	0.817188	-0.572788	0.064175	0.374322	0.612085	0.696588
61723	7.521283	1.294237	7.308275	0.138361	-0.684460	0.626102	-0.430574	-0.544579	0.719750	0.820426	-0.568528	0.060641	0.376174	0.616612	0.691580
61724	7.773947	1.395110	7.382008	0.265057	-0.676394	0.694633	-0.422275	-0.544346	0.724825	0.824422	-0.563053	0.057444	0.376845	0.621819	0.686534
61725	7.748204	2.062160	7.480040	0.303710	-0.622217	0.774132	-0.413522	-0.544786	0.729526	0.828801	-0.556942	0.053888	0.376946	0.626916	0.681827
61726	7.693037	2.070717	7.655129	0.258023	-0.621438	0.862676	-0.403984	-0.545642	0.734215	0.833302	-0.550614	0.049308	0.377365	0.631743	0.677124
61727	7.640017	1.486652	7.277269	0.221532	-0.593071	0.935962	-0.393915	-0.546994	0.738666	0.837872	-0.544098	0.043906	0.377890	0.636203	0.672640
61728	7.712381	1.236581	7.191861	0.289793	-0.628310	0.990203	-0.383195	-0.548326	0.743303	0.842822	-0.536813	0.038499	0.377905	0.641225	0.667846
61729	7.547522	1.294129	7.300043	0.316757	-0.585402	1.043814	-0.372151	-0.550110	0.747585	0.847960	-0.529043	0.032822	0.377448	0.646137	0.663355
61730	7.111395	1.340896	7.116526	0.274580	-0.632256	1.084189	-0.360557	-0.551659	0.752111	0.852931	-0.521352	0.026488	0.377502	0.651049	0.658504
61731	7.217060	0.990915	7.409069	0.218179	-0.674689	1.120211	-0.348418	-0.553037	0.756806	0.857725	-0.513739	0.019463	0.378037	0.655913	0.653350
61732	6.790682	0.883587	7.532642	0.213205	-0.651000	1.146243	-0.336100	-0.554559	0.761250	0.862425	-0.506040	0.012128	0.378498	0.660597	0.648345
61733	5.554768	1.658958	8.142625	0.211387	-0.594404	1.070164	-0.324588	-0.555984	0.765196	0.866759	-0.498698	0.005321	0.378643	0.664968	0.643776
61734	4.686850	4.981430	8.794591	0.251955	-0.492739	0.602771	-0.317522	-0.555657	0.768391	0.869613	-0.493728	0.002314	0.378091	0.668938	0.639976
61735	7.544987	5.455952	8.817277	0.039911	-0.342209	-0.058984	-0.316731	-0.553061	0.770587	0.869576	-0.493789	0.003018	0.378838	0.671041	0.637327
61736	4.522034	5.348582	9.349085	0.020131	0.126303	-0.622792	-0.322606	-0.550818	0.769757	0.867668	-0.497080	0.007944	0.378255	0.670456	0.638288
61737	3.833400	5.017895	8.412971	-0.116305	0.124673	-1.095531	-0.332553	-0.546158	0.768843	0.863639	-0.503869	0.015625	0.378863	0.669199	0.639247
61738	2.530218	4.470594	7.944246	-0.222805	0.132112	-1.437317	-0.345434	-0.539721	0.767708	0.857915	-0.513170	0.025250	0.380337	0.667351	0.640302
61739	2.958336	3.538966	7.907345	-0.296442	0.021871	-1.704858	-0.360074	-0.531012	0.767055	0.850769	-0.524275	0.036430	0.382803	0.665704	0.640547
61740	3.327206	2.939798	8.100292	-0.296101	0.004499	-1.914904	-0.376342	-0.520859	0.766207	0.842548	-0.536368	0.049222	0.385331	0.664090	0.640706
61741	4.014168	2.635437	8.505289	-0.286460	0.046827	-2.077624	-0.393925	-0.509883	0.764750	0.833438	-0.548977	0.063286	0.387562	0.662302	0.641212
61742	4.373749	2.422406	8.823819	-0.309250	0.151576	-2.179871	-0.412619	-0.498735	0.762240	0.823395	-0.562091	0.077946	0.389573	0.659786	0.642584
61743	4.705108	2.047738	9.051197	-0.364256	0.291253	-2.217705	-0.431889	-0.488026	0.758487	0.812607	-0.575432	0.092460	0.391334	0.656284	0.645096
61744	4.858338	1.340879	9.174003	-0.414168	0.435858	-2.195441	-0.451350	-0.478095	0.753465	0.801270	-0.588766	0.106398	0.392746	0.651752	0.648823
61745	5.053604	0.567268	9.196955	-0.421914	0.597415	-2.116806	-0.470530	-0.469363	0.747194	0.789854	-0.601535	0.119530	0.393361	0.646416	0.653769
61746	5.173122	0.020551	9.180824	-0.373587	0.752004	-1.981696	-0.489032	-0.462254	0.739709	0.778942	-0.613079	0.131848	0.392553	0.640668	0.659884
61747	5.366052	-0.160898	9.147400	-0.315943	0.899679	-1.791476	-0.506410	-0.456905	0.731291	0.768787	-0.623329	0.142925	0.390532	0.634586	0.666923
61748	5.484515	0.426010	9.288396	-0.350282	1.049449	-1.613065	-0.522798	-0.453529	0.721799	0.759221	-0.632757	0.152322	0.387641	0.627638	0.675133
61749	5.636534	0.940864	9.121372	-0.394884	1.109614	-1.415890	-0.537762	-0.451419	0.712063	0.750186	-0.641630	0.159786	0.384750	0.620107	0.683692
61750	5.848990	-2.697687	9.057250	-0.587803	1.262870	-1.149827	-0.551169	-0.451904	0.701424	0.741767	-0.650326	0.163887	0.382093	0.610622	0.693647
61751	6.156957	0.314656	9.926018	-0.001420	1.558776	-0.995615	-0.564408	-0.454860	0.688873	0.736207	-0.654851	0.170794	0.373422	0.603550	0.704474
61752	5.515259	0.315993	9.511624	0.024138	1.604948	-0.782165	-0.576066	-0.459491	0.676030	0.731909	-0.658196	0.176313	0.363946	0.596361	0.715470
61753	5.874542	1.189080	9.583889	-0.089742	1.766845	-0.613738	-0.586884	-0.465890	0.662203	0.728017	-0.661570	0.179768	0.354341	0.587598	0.727441
61754	6.125964	1.270733	9.642497	-0.099090	1.821410	-0.502663	-0.596899	-0.473312	0.647833	0.724761	-0.664436	0.182337	0.344141	0.578360	0.739639
61755	6.152748	1.247483	9.554882	-0.070046	1.929943	-0.450809	-0.606688	-0.481370	0.632623	0.721809	-0.666992	0.184697	0.333047	0.568687	0.752114
61756	6.164519	1.617581	9.376961	-0.048194	1.947808	-0.436003	-0.616206	-0.489572	0.616935	0.719044	-0.669318	0.187054	0.321350	0.558867	0.764462
61757	6.146824	2.017433	9.270999	-0.044350	1.935704	-0.436687	-0.625441	-0.497357	0.601214	0.716192	-0.671721	0.189368	0.309665	0.549023	0.776326
61758	6.213540	2.265047	9.184223	-0.070088	1.893144	-0.449322	-0.634407	-0.504765	0.585440	0.713204	-0.674296	0.191481	0.298107	0.539015	0.787778
61759	6.391676	2.313267	9.108008	-0.091027	1.826069	-0.465651	-0.643058	-0.511362	0.570074	0.709962	-0.677150	0.193445	0.287105	0.529128	0.798495
61760	6.624377	2.544817	9.052040	-0.115401	1.741511	-0.474052	-0.651321	-0.517406	0.555043	0.706625	-0.680137	0.195180	0.276518	0.519332	0.808599
61761	7.145236	3.412866	9.270381	-0.144936	1.619940	-0.446191	-0.658863	-0.522692	0.541010	0.703307	-0.683206	0.196442	0.266943	0.509925	0.817752
61762	8.097922	3.190639	9.238699	-0.507472	1.508642	-0.327587	-0.664133	-0.529470	0.527816	0.701184	-0.686061	0.194066	0.259362	0.498981	0.826891
61763	6.859841	1.163025	7.735073	-0.548058	1.542282	-0.304373	-0.670208	-0.534970	0.514420	0.697748	-0.690386	0.191090	0.252921	0.487006	0.835976
61764	4.825728	2.359058	8.528443	-0.577395	1.027026	-0.177849	-0.672475	-0.540783	0.505303	0.697180	-0.692017	0.187224	0.248430	0.478191	0.842387
61765	3.951183	-3.698907	1.159155	-0.521715	0.136260	-0.118094	-0.673633	-0.540605	0.503949	0.695080	-0.695141	0.183417	0.251160	0.473841	0.844034
61766	10.274370	4.012684	7.052548	0.023749	-0.141330	-0.175717	-0.672768	-0.541027	0.504652	0.696269	-0.693642	0.184579	0.250185	0.475553	0.843361
61767	7.705108	1.234213	5.772531	-0.182578	-0.102050	-0.162291	-0.673636	-0.539406	0.505228	0.694717	-0.695389	0.183855	0.252157	0.474842	0.843174
61768	8.573609	1.129578	4.439368	-0.570952	-0.277792	-0.092483	-0.671819	-0.539777	0.507248	0.694989	-0.696230	0.179592	0.256221	0.473185	0.842880
61769	8.551943	0.823721	6.402932	-0.368426	-0.373343	-0.096467	-0.671518	-0.537330	0.510235	0.693387	-0.698495	0.176976	0.261301	0.472632	0.841630
61770	8.548193	-0.028027	6.628012	-0.413668	-0.392245	-0.047081	-0.669253	-0.537220	0.513318	0.694087	-0.698593	0.173813	0.265225	0.472612	0.840413
61771	9.389835	0.227421	7.419132	-0.453631	-0.405686	0.030155	-0.667952	-0.535507	0.516791	0.693070	-0.700576	0.169844	0.271098	0.471620	0.839095
61772	9.552574	-0.565401	7.348514	-0.338836	-0.263729	0.074259	-0.664916	-0.537148	0.518998	0.695078	-0.699340	0.166705	0.273411	0.471589	0.838362
61773	9.789513	-0.910175	7.333963	-0.298057	-0.068402	0.133332	-0.663797	-0.537751	0.519805	0.695144	-0.700028	0.163509	0.275951	0.469877	0.838491
61774	8.962291	-0.926894	6.854254	-0.173130	0.100538	0.207851	-0.661041	-0.541727	0.519189	0.698166	-0.697587	0.161049	0.274935	0.468940	0.839349
61775	7.358051	-0.935722	5.490059	-0.107601	0.082783	0.344857	-0.658853	-0.544510	0.519058	0.700145	-0.696220	0.158351	0.275155	0.467746	0.839943
61776	7.678006	0.179225	5.541072	-0.196018	-0.161663	0.564244	-0.652769	-0.549773	0.521193	0.705494	-0.691817	0.153843	0.275991	0.468123	0.839458
61777	8.430100	-0.225698	5.929239	-0.362736	-0.245223	0.797340	-0.646441	-0.554124	0.524463	0.709663	-0.689114	0.146627	0.280165	0.466978	0.838713
61778	9.846810	-1.398371	6.043843	-0.384789	-0.358530	0.860362	-0.637788	-0.560175	0.528612	0.716018	-0.684116	0.138936	0.283803	0.467108	0.837416
61779	11.675088	-1.129416	4.418281	0.008857	-0.428988	0.797027	-0.630833	-0.563592	0.533304	0.721098	-0.679598	0.134775	0.286474	0.469585	0.835118
61780	12.752148	-0.061617	3.412622	0.063317	-0.446430	0.726053	-0.624319	-0.566402	0.537972	0.725813	-0.675226	0.131399	0.288828	0.472502	0.832659
61781	13.878302	2.655818	3.559383	0.263009	-0.516536	0.447661	-0.619562	-0.566956	0.542866	0.729357	-0.671443	0.131162	0.290140	0.477206	0.829513
61782	12.059321	8.216405	7.273990	0.041077	-0.059894	-0.000626	-0.617872	-0.568359	0.543325	0.731309	-0.669235	0.131577	0.288829	0.478636	0.829147
61783	8.941899	3.445398	9.558501	-0.753017	0.380744	-0.091648	-0.619642	-0.569545	0.540058	0.728553	-0.673335	0.125815	0.291983	0.471422	0.832171
61784	0.656111	-5.314984	9.834878	-0.419629	1.033130	-0.078046	-0.621785	-0.575403	0.531314	0.728557	-0.673887	0.122807	0.287382	0.463452	0.838227
61785	1.735640	-0.153791	9.156892	0.311634	-0.540161	0.005733	-0.620183	-0.572917	0.535854	0.729489	-0.672403	0.125380	0.288477	0.468658	0.834949
61786	7.477638	5.340824	8.496497	0.272798	-0.342653	0.006409	-0.617783	-0.572851	0.538688	0.731948	-0.669290	0.127684	0.287395	0.473173	0.832773
61787	4.072936	3.981319	7.809344	-0.225497	0.050782	0.073145	-0.617390	-0.573573	0.538372	0.731749	-0.669937	0.125408	0.288744	0.471379	0.833324
61788	5.535224	0.799923	8.677049	-0.324223	-0.373851	0.146369	-0.613917	-0.574222	0.541641	0.733276	-0.668898	0.121989	0.292254	0.472064	0.831711
61789	4.974244	0.789490	8.824268	-0.180644	-0.116133	0.154434	-0.612438	-0.574700	0.542807	0.733692	-0.668865	0.119647	0.294303	0.471530	0.831291
61790	4.779640	1.649287	8.139448	-0.203516	-0.338675	0.155806	-0.609164	-0.575360	0.545784	0.735383	-0.667445	0.117168	0.296867	0.472735	0.829694
61791	5.920586	1.211851	8.403536	-0.251488	-0.370844	0.164229	-0.606843	-0.574695	0.549061	0.735629	-0.667692	0.114181	0.300984	0.473196	0.827946
61792	6.614328	0.117151	8.649612	-0.227364	-0.314987	0.125545	-0.604039	-0.575031	0.551794	0.736803	-0.666824	0.111659	0.303742	0.474009	0.826472
61793	6.422158	0.090427	8.642000	-0.120897	-0.187625	0.073558	-0.602920	-0.574625	0.553439	0.736877	-0.666976	0.110251	0.305777	0.474289	0.825561
61794	5.888944	0.899636	8.456905	-0.066355	-0.141080	0.043606	-0.601263	-0.575202	0.554639	0.738006	-0.665850	0.109508	0.306317	0.475170	0.824854
61795	5.574254	1.294360	8.507891	-0.080035	-0.140625	0.037391	-0.600551	-0.574775	0.555853	0.737984	-0.666016	0.108638	0.307765	0.475453	0.824151
61796	5.558205	1.233120	8.501424	-0.084359	-0.162162	0.041434	-0.598824	-0.575251	0.557222	0.739060	-0.664965	0.107760	0.308544	0.476350	0.823342
61797	5.755006	1.122381	8.571849	-0.078871	-0.184575	0.047354	-0.597898	-0.574678	0.558805	0.739099	-0.665069	0.106844	0.310243	0.476894	0.822388
61798	5.916086	1.031627	8.605087	-0.067954	-0.156947	0.040594	-0.596454	-0.574886	0.560133	0.739904	-0.664294	0.106092	0.311102	0.477723	0.821581
61799	5.944492	0.991676	8.564344	-0.053449	-0.128358	0.036522	-0.595778	-0.574507	0.561239	0.739954	-0.664341	0.105446	0.312275	0.478114	0.820909
61800	5.838107	1.005501	8.519150	-0.038253	-0.104625	0.027047	-0.594550	-0.574918	0.562120	0.740822	-0.663441	0.105015	0.312559	0.478868	0.820361
61801	5.863600	1.139550	8.457254	-0.033084	-0.101795	0.025812	-0.594035	-0.574594	0.562996	0.740871	-0.663452	0.104597	0.313420	0.479241	0.819814
61802	5.850260	1.181446	8.432693	-0.033423	-0.084342	0.026500	-0.592935	-0.575029	0.563711	0.741675	-0.662615	0.104206	0.313602	0.479878	0.819372
61803	5.762764	1.148871	8.375211	-0.044801	-0.069973	0.028723	-0.592497	-0.574876	0.564327	0.741704	-0.662666	0.103675	0.314360	0.479991	0.819015
61804	5.744736	1.193235	8.455767	-0.044810	-0.069988	0.028748	-0.591502	-0.575309	0.564929	0.742391	-0.661974	0.103175	0.314611	0.480426	0.818664
61805	5.744051	1.202327	8.434441	-0.051940	-0.067339	0.036077	-0.591017	-0.575217	0.565530	0.742440	-0.662017	0.102544	0.315406	0.480478	0.818328
61806	5.625778	1.116284	8.379131	-0.053547	-0.059259	0.038765	-0.590124	-0.575616	0.566056	0.742989	-0.661500	0.101908	0.315786	0.480712	0.818043
61807	5.344547	1.147258	8.385086	-0.054657	-0.074692	0.041144	-0.589576	-0.575522	0.566722	0.743059	-0.661526	0.101226	0.316644	0.480788	0.817667
61808	5.592217	0.917161	8.599213	-0.062365	-0.163920	0.037167	-0.588384	-0.575382	0.568101	0.743542	-0.661090	0.100526	0.317725	0.481555	0.816796
61809	6.712033	0.564212	8.435695	-0.021248	-0.138147	0.016093	-0.587820	-0.574815	0.569259	0.743568	-0.661101	0.100259	0.318707	0.482217	0.816022
61810	5.408084	1.059217	8.491980	-0.005242	-0.006042	0.006348	-0.587426	-0.575158	0.569318	0.743970	-0.660658	0.100197	0.318496	0.482414	0.815988
61811	5.944413	0.903342	8.417752	-0.003392	-0.119317	-0.003552	-0.587067	-0.574551	0.570301	0.743938	-0.660696	0.100188	0.319233	0.483085	0.815303
61812	5.945457	1.032545	8.391033	-0.006709	-0.060113	0.001060	-0.586551	-0.574586	0.570796	0.744290	-0.660306	0.100143	0.319360	0.483576	0.814962
61813	5.795086	0.903010	8.405921	-0.009584	-0.060482	-0.005667	-0.586395	-0.574249	0.571296	0.744225	-0.660386	0.100095	0.319797	0.483868	0.814617
61814	5.872609	0.920333	8.455181	0.007928	-0.055176	-0.009242	-0.586023	-0.574186	0.571741	0.744503	-0.660053	0.100225	0.319832	0.484397	0.814289
61815	5.856450	1.023566	8.379423	0.006301	-0.049327	-0.012951	-0.585956	-0.573853	0.572143	0.744447	-0.660098	0.100349	0.320085	0.484730	0.813992
61816	5.815193	0.948858	8.429815	0.012553	-0.051124	-0.013906	-0.585662	-0.573748	0.572550	0.744677	-0.659809	0.100542	0.320088	0.485248	0.813682
61817	5.856878	0.985634	8.374601	0.014353	-0.045178	-0.018939	-0.585653	-0.573396	0.572912	0.744612	-0.659848	0.100765	0.320257	0.485610	0.813399
61818	5.883131	0.997457	8.337314	0.020210	-0.044948	-0.019233	-0.585470	-0.573231	0.573264	0.744774	-0.659622	0.101048	0.320214	0.486113	0.813116
61819	5.833960	1.054802	8.401203	0.024608	-0.038036	-0.019220	-0.585485	-0.572911	0.573567	0.744740	-0.659613	0.101356	0.320264	0.486501	0.812864
61820	5.852376	1.082243	8.346485	0.023818	-0.033986	-0.017887	-0.585376	-0.572757	0.573832	0.744864	-0.659426	0.101658	0.320175	0.486936	0.812639
61821	5.759479	1.116454	8.341791	0.015634	-0.035794	-0.020942	-0.585412	-0.572437	0.574115	0.744791	-0.659471	0.101904	0.320279	0.487252	0.812408
61822	5.740011	1.167460	8.389143	0.018610	-0.046908	-0.015169	-0.585296	-0.572181	0.574489	0.744850	-0.659367	0.102145	0.320354	0.487693	0.812114
61823	5.802862	1.101333	8.371951	0.013421	-0.049778	-0.013833	-0.585234	-0.571839	0.574892	0.744812	-0.659381	0.102331	0.320556	0.488074	0.811805
61824	5.771050	1.122860	8.332930	0.011248	-0.060576	-0.011775	-0.585021	-0.571568	0.575379	0.744901	-0.659255	0.102495	0.320739	0.488562	0.811440
61825	5.835720	1.112663	8.295613	0.005193	-0.071705	-0.014090	-0.584890	-0.571117	0.575959	0.744835	-0.659311	0.102616	0.321130	0.489014	0.811012
61826	5.847294	1.100794	8.378624	0.003007	-0.058711	-0.006089	-0.584749	-0.570778	0.576438	0.744802	-0.659339	0.102675	0.321463	0.489371	0.810665
61827	5.809571	1.077449	8.271482	0.003799	-0.069650	-0.011055	-0.584601	-0.570357	0.577005	0.744749	-0.659384	0.102768	0.321853	0.489802	0.810250
61828	5.836302	1.092097	8.370740	0.002033	-0.072431	-0.011031	-0.584512	-0.569856	0.577590	0.744614	-0.659525	0.102844	0.322329	0.490195	0.809823
61829	5.879258	1.072307	8.367341	0.008072	-0.078248	-0.010961	-0.584335	-0.569392	0.578225	0.744576	-0.659548	0.102971	0.322737	0.490702	0.809353
61830	5.900824	1.097811	8.310263	0.006403	-0.075585	-0.009619	-0.584315	-0.568790	0.578839	0.744356	-0.659781	0.103069	0.323282	0.491087	0.808902
61831	5.928692	1.167893	8.355524	0.000432	-0.074405	-0.006939	-0.584120	-0.568371	0.579446	0.744316	-0.659820	0.103111	0.323725	0.491520	0.808461
61832	5.897478	1.074849	8.354183	0.002879	-0.064210	-0.007315	-0.584078	-0.567882	0.579969	0.744146	-0.660002	0.103170	0.324192	0.491841	0.808079
61833	5.865776	1.154963	8.399257	-0.003578	-0.066443	-0.005287	-0.583896	-0.567512	0.580513	0.744103	-0.660051	0.103170	0.324618	0.492202	0.807688
61834	5.872183	1.152361	8.291621	0.012723	-0.071970	-0.009235	-0.583978	-0.566829	0.581098	0.743791	-0.660380	0.103313	0.325184	0.492548	0.807250
61835	5.818073	1.053684	8.428599	-0.003299	-0.067061	-0.003569	-0.583781	-0.566467	0.581648	0.743759	-0.660417	0.103305	0.325611	0.492914	0.806854
61836	5.855173	1.100412	8.249787	0.009833	-0.093425	-0.001672	-0.583647	-0.565821	0.582411	0.743588	-0.660597	0.103386	0.326241	0.493414	0.806293
61837	5.847524	1.078886	8.365902	-0.000132	-0.091148	-0.000996	-0.583351	-0.565357	0.583158	0.743581	-0.660605	0.103388	0.326785	0.493937	0.805753
61838	5.834047	1.123949	8.272063	0.023553	-0.107765	-0.002847	-0.583205	-0.564603	0.584034	0.743415	-0.660760	0.103585	0.327422	0.494591	0.805093
61839	5.909189	1.101298	8.318235	0.014942	-0.110759	-0.000096	-0.582837	-0.564046	0.584938	0.743463	-0.660688	0.103703	0.327968	0.495322	0.804421
61840	6.014340	1.124726	8.189841	0.018824	-0.114156	-0.004392	-0.582706	-0.563221	0.585863	0.743242	-0.660910	0.103869	0.328702	0.495963	0.803726
61841	6.008081	1.043724	8.220748	0.004210	-0.094363	0.000519	-0.582386	-0.562749	0.586634	0.743258	-0.660888	0.103898	0.329231	0.496530	0.803160
61842	5.993857	1.094471	8.334353	-0.005459	-0.092682	0.002898	-0.582292	-0.562054	0.587393	0.742972	-0.661221	0.103824	0.330042	0.496873	0.802614
61843	6.015894	1.116754	8.207203	0.015718	-0.087860	-0.000526	-0.582001	-0.561606	0.588111	0.743021	-0.661146	0.103951	0.330448	0.497478	0.802072
61844	6.015070	1.021163	8.292115	-0.007766	-0.067228	0.000359	-0.581972	-0.561059	0.588661	0.742756	-0.661455	0.103876	0.331092	0.497685	0.801678
61845	5.983678	1.157490	8.318405	0.005819	-0.058519	0.000914	-0.581766	-0.560765	0.589144	0.742780	-0.661422	0.103916	0.331401	0.498059	0.801318
61846	5.995364	1.138370	8.194590	0.007666	-0.057183	-0.001444	-0.581784	-0.560255	0.589611	0.742554	-0.661667	0.103975	0.331874	0.498309	0.800967
61847	6.022566	1.039270	8.332666	-0.001108	-0.054099	0.000914	-0.581592	-0.559983	0.590059	0.742555	-0.661668	0.103958	0.332208	0.498612	0.800639
61848	5.997002	1.155423	8.204709	0.014894	-0.052141	-0.001173	-0.581719	-0.559400	0.590487	0.742241	-0.662003	0.104069	0.332688	0.498822	0.800309
61849	5.993937	1.058781	8.256837	-0.003825	-0.046754	0.001873	-0.581544	-0.559171	0.590876	0.742239	-0.662013	0.104025	0.332999	0.499066	0.800028
61850	6.041987	1.136490	8.233760	0.010498	-0.049011	-0.002520	-0.581662	-0.558624	0.591277	0.741936	-0.662338	0.104110	0.333467	0.499246	0.799721
61851	6.008881	1.101093	8.249786	0.000498	-0.038375	0.004124	-0.581498	-0.558452	0.591601	0.741961	-0.662314	0.104087	0.333698	0.499471	0.799484
61852	6.041121	1.152222	8.211076	0.008486	-0.034205	-0.001998	-0.581674	-0.557968	0.591884	0.741638	-0.662665	0.104152	0.334107	0.499546	0.799266
61853	6.065713	1.106185	8.227969	-0.002691	-0.024356	0.002980	-0.581565	-0.557858	0.592095	0.741646	-0.662663	0.104111	0.334280	0.499672	0.799115
61854	6.023506	1.085225	8.227575	0.001601	-0.022871	0.001601	-0.581760	-0.557447	0.592291	0.741312	-0.663038	0.104099	0.334682	0.499633	0.798971
61855	6.024814	1.084052	8.191921	0.001040	-0.014769	0.001846	-0.581691	-0.557377	0.592424	0.741326	-0.663024	0.104095	0.334771	0.499730	0.798873
61856	6.011373	1.058763	8.209304	0.002887	-0.013426	-0.000528	-0.581936	-0.556996	0.592542	0.740980	-0.663409	0.104106	0.335111	0.499645	0.798784
61857	6.056473	1.079413	8.207591	-0.004996	-0.008942	0.001810	-0.581887	-0.556955	0.592629	0.740972	-0.663425	0.104053	0.335212	0.499669	0.798727
61858	5.969103	1.097061	8.259074	0.010327	-0.004341	-0.001346	-0.582151	-0.556632	0.592673	0.740668	-0.663753	0.104129	0.335427	0.499593	0.798684
61859	6.035840	1.126845	8.222465	-0.012018	-0.013162	0.005590	-0.582060	-0.556595	0.592797	0.740659	-0.663783	0.103998	0.335604	0.499594	0.798609
61860	5.991892	1.105268	8.223467	-0.000343	0.008941	0.004259	-0.582280	-0.556425	0.592740	0.740409	-0.664069	0.103958	0.335775	0.499403	0.798656
61861	5.941417	1.046376	8.329338	0.002003	-0.014817	-0.000506	-0.582228	-0.556340	0.592871	0.740412	-0.664063	0.103975	0.335858	0.499506	0.798557
61862	5.992084	1.272380	8.061232	0.019405	-0.011227	0.003050	-0.582475	-0.555970	0.592975	0.740115	-0.664375	0.104096	0.336083	0.499503	0.798464
61863	5.965188	0.941968	8.296659	-0.016625	-0.010857	0.000220	-0.582432	-0.555909	0.593075	0.740060	-0.664458	0.103960	0.336281	0.499460	0.798407
61864	5.973200	1.209512	8.217645	0.002002	-0.014818	-0.000505	-0.582659	-0.555534	0.593203	0.739725	-0.664829	0.103964	0.336623	0.499383	0.798312
61865	5.967996	1.112454	8.271554	-0.003415	-0.028629	-0.001650	-0.582569	-0.555372	0.593443	0.739703	-0.664857	0.103944	0.336827	0.499526	0.798136
61866	5.983758	1.076977	8.167649	-0.012139	-0.018631	0.004323	-0.582821	-0.554933	0.593607	0.739259	-0.665373	0.103803	0.337366	0.499328	0.798032
61867	5.964752	1.126496	8.215996	0.039505	-0.043538	0.002651	-0.582649	-0.554725	0.593970	0.739407	-0.665162	0.104101	0.337339	0.499840	0.797723
61868	6.041320	1.083486	8.179831	-0.035407	-0.035751	0.007707	-0.582802	-0.554238	0.594274	0.738922	-0.665755	0.103755	0.338136	0.499591	0.797542
61869	5.964287	1.143780	8.297587	0.016227	-0.028933	0.003951	-0.582670	-0.554111	0.594522	0.738999	-0.665653	0.103859	0.338196	0.499866	0.797344
61870	6.023686	1.126505	8.088397	-0.004289	-0.033221	0.003466	-0.582833	-0.553641	0.594800	0.738631	-0.666072	0.103789	0.338718	0.499829	0.797145
61871	6.058190	0.956403	8.298957	0.003305	-0.040303	0.004518	-0.582658	-0.553461	0.595139	0.738667	-0.666032	0.103786	0.338941	0.500081	0.796893
61872	6.058722	1.176112	8.012587	0.014275	-0.038946	0.010139	-0.582761	-0.552996	0.595470	0.738389	-0.666335	0.103823	0.339369	0.500192	0.796641
61873	6.028597	0.921837	8.347511	-0.008789	-0.038745	0.005936	-0.582580	-0.552834	0.595798	0.738392	-0.666348	0.103715	0.339671	0.500355	0.796410
61874	6.065559	1.177330	8.042218	0.026058	-0.039918	0.007054	-0.582713	-0.552332	0.596133	0.738123	-0.666623	0.103864	0.340029	0.500543	0.796139
61875	6.057503	0.990982	8.357323	-0.005105	-0.036063	0.001190	-0.582576	-0.552151	0.596434	0.738112	-0.666644	0.103814	0.340288	0.500715	0.795920
61876	6.013401	1.189940	8.072211	0.023252	-0.041222	0.011798	-0.582664	-0.551680	0.596785	0.737867	-0.666899	0.103912	0.340669	0.500894	0.795645
61877	6.034986	0.997843	8.369792	0.005360	-0.038141	0.006189	-0.582483	-0.551522	0.597107	0.737920	-0.666840	0.103916	0.340863	0.501147	0.795402
61878	6.071532	1.196213	8.048744	0.033641	-0.047023	0.008116	-0.582588	-0.550986	0.597499	0.737676	-0.667079	0.104118	0.341212	0.501419	0.795081
61879	6.034854	1.071420	8.327105	-0.000677	-0.045609	0.012738	-0.582333	-0.550834	0.597888	0.737746	-0.667014	0.104034	0.341494	0.501672	0.794800
61880	5.984252	1.173796	8.096717	0.040977	-0.046612	0.011084	-0.582464	-0.550270	0.598280	0.737487	-0.667263	0.104274	0.341832	0.501959	0.794474
61881	6.028207	1.045324	8.269831	-0.011885	-0.069470	0.003804	-0.582193	-0.549938	0.598848	0.737467	-0.667304	0.104154	0.342336	0.502269	0.794061
61882	6.126539	1.236386	8.050126	0.045775	-0.063370	0.010963	-0.582197	-0.549363	0.599372	0.737310	-0.667434	0.104436	0.342667	0.502725	0.793629
61883	6.003127	1.072827	8.365480	0.021327	-0.041161	0.016561	-0.581929	-0.549258	0.599728	0.737478	-0.667237	0.104504	0.342762	0.503100	0.793350
61884	6.119674	1.153589	8.012090	-0.006435	-0.058856	0.010037	-0.581654	-0.549024	0.600210	0.737511	-0.667218	0.104393	0.343156	0.503382	0.793001
61885	6.091865	1.070950	8.288570	0.045043	-0.049205	0.010771	-0.581400	-0.548839	0.600624	0.737727	-0.666934	0.104683	0.343122	0.503959	0.792649
61886	6.070868	1.054872	8.113736	-0.017227	-0.047824	0.009323	-0.581523	-0.548272	0.601022	0.737276	-0.667465	0.104473	0.343882	0.503873	0.792375
61887	6.089806	1.194337	8.087959	0.028770	-0.053759	0.016377	-0.581213	-0.548102	0.601478	0.737469	-0.667232	0.104600	0.343994	0.504366	0.792012
61888	6.038728	1.042679	8.316020	0.020468	-0.040829	0.009203	-0.581366	-0.547563	0.601820	0.737138	-0.667583	0.104688	0.344442	0.504487	0.791740
61889	6.087686	1.149449	7.945384	0.013350	-0.053722	0.016885	-0.581052	-0.547396	0.602276	0.737281	-0.667425	0.104690	0.344668	0.504877	0.791394
61890	6.019907	0.997494	8.415321	0.060291	-0.054783	0.009055	-0.581218	-0.546722	0.602728	0.737012	-0.667659	0.105090	0.344962	0.505299	0.790996
61891	6.135097	1.191207	7.987239	-0.006265	-0.068163	0.015693	-0.580862	-0.546473	0.603297	0.737080	-0.667607	0.104944	0.345416	0.505636	0.790582
61892	6.059549	1.166072	8.365975	0.070415	-0.053102	0.007251	-0.581056	-0.545784	0.603734	0.736824	-0.667813	0.105434	0.345636	0.506109	0.790183
61893	6.087439	1.037410	8.072761	0.001287	-0.063718	0.017600	-0.580701	-0.545570	0.604268	0.736929	-0.667712	0.105336	0.346009	0.506471	0.789788
61894	6.088421	1.230663	8.164736	0.072330	-0.069745	0.014270	-0.580356	-0.545307	0.604837	0.737259	-0.667272	0.105821	0.345885	0.507335	0.789287
61895	6.072484	1.112236	8.199617	0.071577	-0.065674	0.015577	-0.580009	-0.545069	0.605384	0.737595	-0.666826	0.106289	0.345751	0.508177	0.788805
61896	6.075016	1.052074	8.041546	0.029293	-0.085105	0.014773	-0.579608	-0.544729	0.606073	0.737778	-0.666600	0.106432	0.346032	0.508836	0.788256
61897	6.068600	1.231392	8.357140	0.108298	-0.090232	0.010317	-0.579215	-0.544329	0.606808	0.738211	-0.665995	0.107220	0.345768	0.510055	0.787584
61898	6.112857	1.074252	8.062425	0.058761	-0.096501	0.023506	-0.579083	-0.543585	0.607601	0.738078	-0.666093	0.107521	0.346272	0.510720	0.786931
61899	5.993204	1.252904	8.189496	0.148893	-0.104997	0.060668	-0.578267	-0.543443	0.608504	0.738942	-0.665004	0.108321	0.345792	0.512288	0.786123
61900	5.851132	0.680495	8.400924	0.069293	-0.114889	0.030669	-0.577646	-0.543052	0.609442	0.739355	-0.664487	0.108680	0.345948	0.513372	0.785346
61901	6.013811	1.292524	8.324370	0.232898	-0.214997	0.020057	-0.576749	-0.542070	0.611163	0.740274	-0.663182	0.110382	0.345478	0.516091	0.783770
61902	6.205069	0.903684	8.063845	0.143438	-0.187788	0.026477	-0.575909	-0.541268	0.612664	0.740916	-0.662304	0.111343	0.345503	0.518056	0.782461
61903	6.095080	1.179462	7.989921	0.197130	-0.195136	0.016428	-0.575109	-0.540355	0.614220	0.741689	-0.661194	0.112781	0.345177	0.520422	0.781034
61904	6.184258	1.175997	8.163915	0.178240	-0.208811	0.035129	-0.574133	-0.539491	0.615890	0.742499	-0.660083	0.113956	0.345060	0.522723	0.779547
61905	6.215476	1.271345	8.109307	0.213838	-0.208721	0.026488	-0.573212	-0.538563	0.617558	0.743387	-0.658822	0.115456	0.344680	0.525265	0.778005
61906	6.215939	1.201584	8.064559	0.206749	-0.199991	0.033660	-0.572279	-0.537726	0.619151	0.744284	-0.657561	0.116855	0.344294	0.527698	0.776529
61907	6.199371	1.328857	7.922991	0.207333	-0.216135	0.041861	-0.571218	-0.536848	0.620889	0.745235	-0.656242	0.118201	0.343997	0.530227	0.774935
61908	6.245199	1.189246	8.070276	0.180307	-0.221173	0.046423	-0.570118	-0.535971	0.622656	0.746113	-0.655043	0.119308	0.343921	0.532592	0.773346
61909	6.240992	1.388547	8.182651	0.244103	-0.207324	0.050613	-0.569023	-0.535186	0.624331	0.747238	-0.653471	0.120876	0.343291	0.535305	0.771751
