// General information: 
//  MT Manager version: 2022.2.0 
//  XDA version: 2022.2.0 build 7381 rev 124627 built on 2023-07-19
// Device information: 
//  DeviceId: 00B4CB9F
//  ProductCode: MTW2-3A7G6
//  Firmware Version: 4.6.0
//  Hardware Version: 2.0.0
// Device settings: 
//  Filter Profile: human(46.1)
//  Option Flags: Orientation Smoother Disabled, Position/Velocity Smoother Disabled, Continuous Zero Rotation Update Disabled, AHS Disabled, ICC Disabled
// Coordinate system: ENU
PacketCounter	Acc_X	Acc_Y	Acc_Z	Gyr_X	Gyr_Y	Gyr_Z	Mat[1][1]	Mat[2][1]	Mat[3][1]	Mat[1][2]	Mat[2][2]	Mat[3][2]	Mat[1][3]	Mat[2][3]	Mat[3][3]
38372	9.662378	-0.668370	-1.593069	-0.033417	-0.013720	-0.023133	0.182904	-0.008364	0.983095	0.378595	-0.922246	-0.078283	0.907310	0.386513	-0.165516
38373	9.687276	-0.690751	-1.571159	-0.030344	-0.015373	-0.014006	0.183073	-0.008214	0.983065	0.378371	-0.922347	-0.078170	0.907369	0.386274	-0.165749
38374	9.687738	-0.713037	-1.573721	-0.027295	-0.015227	-0.020109	0.183088	-0.008347	0.983061	0.377915	-0.922530	-0.078217	0.907557	0.385834	-0.165750
38375	9.662636	-0.687226	-1.574393	-0.018154	-0.013701	-0.013979	0.183241	-0.008205	0.983034	0.377803	-0.922584	-0.078125	0.907572	0.385709	-0.165956
38376	9.661938	-0.662185	-1.550616	-0.015083	-0.015218	-0.012482	0.183395	-0.008071	0.983006	0.377809	-0.922587	-0.078061	0.907539	0.385705	-0.166149
38377	9.660569	-0.611158	-1.574719	-0.013574	-0.013702	-0.010928	0.183560	-0.007958	0.982976	0.377734	-0.922622	-0.078007	0.907537	0.385622	-0.166351
38378	9.660972	-0.632365	-1.625692	-0.019717	-0.010697	-0.012396	0.183521	-0.007893	0.982984	0.377750	-0.922622	-0.077934	0.907538	0.385624	-0.166339
38379	9.684721	-0.607718	-1.577398	-0.021186	-0.015321	-0.010955	0.183700	-0.007774	0.982952	0.377606	-0.922687	-0.077867	0.907562	0.385472	-0.166562
38380	9.685728	-0.654024	-1.605159	-0.024259	-0.013776	-0.013977	0.183787	-0.007639	0.982936	0.377571	-0.922709	-0.077768	0.907559	0.385421	-0.166697
38381	9.686718	-0.700638	-1.632934	-0.018128	-0.015397	-0.004854	0.183989	-0.007576	0.982899	0.377443	-0.922762	-0.077766	0.907571	0.385297	-0.166919
38382	9.662077	-0.700638	-1.634555	-0.007425	-0.016818	-0.003362	0.184145	-0.007623	0.982870	0.377361	-0.922788	-0.077857	0.907573	0.385234	-0.167050
38383	9.636164	-0.651142	-1.658668	-0.002866	-0.015236	-0.003336	0.184351	-0.007575	0.982831	0.377370	-0.922781	-0.077896	0.907528	0.385251	-0.167257
38384	9.635380	-0.627400	-1.634829	0.000188	-0.015226	-0.001813	0.184479	-0.007553	0.982807	0.377420	-0.922757	-0.077936	0.907481	0.385309	-0.167379
38385	9.635090	-0.626114	-1.660712	-0.005920	-0.015245	-0.004860	0.184680	-0.007491	0.982770	0.377404	-0.922762	-0.077954	0.907447	0.385298	-0.167588
38386	9.659777	-0.648390	-1.687805	-0.007389	-0.019841	-0.004945	0.184912	-0.007416	0.982727	0.377554	-0.922696	-0.078004	0.907337	0.385456	-0.167818
38387	9.684534	-0.671520	-1.690507	-0.004396	-0.015197	-0.006387	0.185107	-0.007340	0.982691	0.377555	-0.922695	-0.078011	0.907297	0.385460	-0.168026
38388	9.684366	-0.672008	-1.667671	0.000208	-0.016752	-0.001843	0.185137	-0.007379	0.982685	0.377603	-0.922671	-0.078069	0.907271	0.385518	-0.168034
38389	9.659027	-0.647041	-1.692609	0.006288	-0.015092	-0.004873	0.185335	-0.007319	0.982648	0.377699	-0.922628	-0.078108	0.907191	0.385621	-0.168231
38390	9.658263	-0.623304	-1.668734	0.000189	-0.015226	-0.001814	0.185525	-0.007254	0.982613	0.377890	-0.922546	-0.078159	0.907072	0.385820	-0.168415
38391	9.634935	-0.673273	-1.647597	-0.002869	-0.015207	-0.004862	0.185724	-0.007193	0.982576	0.377903	-0.922538	-0.078183	0.907026	0.385838	-0.168620
38392	9.659725	-0.696639	-1.650093	-0.007441	-0.015322	-0.001804	0.186042	-0.007107	0.982516	0.378179	-0.922417	-0.078282	0.906846	0.386130	-0.168920
38393	9.684410	-0.719204	-1.677011	-0.005915	-0.015303	-0.001806	0.186254	-0.007074	0.982476	0.378159	-0.922421	-0.078331	0.906811	0.386121	-0.169129
38394	9.660285	-0.743234	-1.703641	-0.005945	-0.012339	0.002829	0.186489	-0.007061	0.982432	0.378134	-0.922424	-0.078408	0.906773	0.386113	-0.169352
38395	9.633934	-0.671649	-1.677537	-0.004444	-0.010736	-0.000196	0.186666	-0.007060	0.982398	0.378124	-0.922423	-0.078476	0.906740	0.386118	-0.169515
38396	9.633749	-0.671616	-1.678608	-0.005967	-0.010784	0.001332	0.187060	-0.007111	0.982323	0.378238	-0.922357	-0.078704	0.906612	0.386274	-0.169846
38397	9.657376	-0.646468	-1.678774	-0.009045	-0.009239	-0.001685	0.187219	-0.007103	0.982293	0.378190	-0.922372	-0.078750	0.906599	0.386236	-0.169999
38398	9.657781	-0.669502	-1.704850	-0.013683	-0.004692	-0.003116	0.187444	-0.007178	0.982249	0.378114	-0.922391	-0.078896	0.906584	0.386191	-0.170183
38399	9.682716	-0.692737	-1.706564	-0.013645	-0.007743	-0.003174	0.187584	-0.007162	0.982222	0.378028	-0.922424	-0.078921	0.906591	0.386111	-0.170325
38400	9.634434	-0.717823	-1.708030	-0.013684	-0.004692	-0.003115	0.187712	-0.007280	0.982197	0.377899	-0.922465	-0.079059	0.906618	0.386012	-0.170406
38401	9.658665	-0.715789	-1.733071	-0.015206	-0.004740	-0.001587	0.187831	-0.007290	0.982174	0.377796	-0.922504	-0.079097	0.906636	0.385919	-0.170520
38402	9.681136	-0.641714	-1.730932	-0.009079	-0.006218	-0.000102	0.187931	-0.007283	0.982155	0.377932	-0.922444	-0.079155	0.906559	0.386063	-0.170603
38403	9.657853	-0.690916	-1.733415	-0.012131	-0.006257	-0.000096	0.188069	-0.007301	0.982129	0.377854	-0.922470	-0.079214	0.906563	0.385999	-0.170729
38404	9.657282	-0.667101	-1.708610	-0.013703	-0.003166	-0.003085	0.188082	-0.007397	0.982125	0.377633	-0.922556	-0.079267	0.906652	0.385791	-0.170723
38405	9.657701	-0.689858	-1.734683	-0.021260	-0.009335	-0.004716	0.188231	-0.007361	0.982097	0.377482	-0.922618	-0.079264	0.906685	0.385644	-0.170887
38406	9.682629	-0.712864	-1.736575	-0.022840	-0.004808	-0.003098	0.188392	-0.007347	0.982066	0.377460	-0.922623	-0.079311	0.906660	0.385632	-0.171042
38407	9.633366	-0.691104	-1.687258	-0.022833	-0.004868	-0.000046	0.188518	-0.007372	0.982042	0.377286	-0.922691	-0.079352	0.906706	0.385470	-0.171163
38408	9.657234	-0.666446	-1.662467	-0.024409	-0.001746	-0.004560	0.188386	-0.007394	0.982067	0.377096	-0.922774	-0.079284	0.906813	0.385270	-0.171049
38409	9.657758	-0.688948	-1.688056	-0.032078	0.001208	-0.004484	0.188439	-0.007401	0.982057	0.376847	-0.922878	-0.079265	0.906905	0.385022	-0.171117
38410	9.682322	-0.688172	-1.664013	-0.033573	-0.001801	-0.007594	0.188533	-0.007264	0.982040	0.376810	-0.922901	-0.079167	0.906901	0.384968	-0.171260
38411	9.682865	-0.710320	-1.689676	-0.036660	0.001180	-0.006000	0.188581	-0.007258	0.982031	0.376522	-0.923022	-0.079125	0.907011	0.384678	-0.171331
38412	9.683085	-0.710115	-1.665214	-0.038245	0.005736	-0.005903	0.188671	-0.007220	0.982014	0.376423	-0.923064	-0.079108	0.907033	0.384578	-0.171437
38413	9.658941	-0.710464	-1.640449	-0.039775	0.005748	-0.007426	0.188672	-0.007218	0.982014	0.376110	-0.923197	-0.079047	0.907163	0.384259	-0.171467
38414	9.657715	-0.659252	-1.662540	-0.045879	0.005669	-0.007415	0.188844	-0.007107	0.981981	0.376015	-0.923241	-0.078993	0.907167	0.384157	-0.171676
38415	9.634626	-0.706043	-1.688537	-0.048975	0.008713	-0.008870	0.188814	-0.007103	0.981987	0.375621	-0.923409	-0.078903	0.907336	0.383753	-0.171684
38416	9.635695	-0.730840	-1.640311	-0.048975	0.008713	-0.008870	0.188591	-0.007170	0.982030	0.375086	-0.923637	-0.078776	0.907603	0.383202	-0.171500
38417	9.660078	-0.726400	-1.688741	-0.042855	0.007300	-0.010440	0.188567	-0.007146	0.982034	0.374751	-0.923781	-0.078681	0.907747	0.382855	-0.171517
38418	9.636620	-0.750824	-1.664912	-0.035224	0.007400	-0.010453	0.188595	-0.007053	0.982030	0.374749	-0.923788	-0.078604	0.907742	0.382839	-0.171579
38419	9.660569	-0.724315	-1.663520	-0.030623	0.005901	-0.008969	0.188590	-0.007037	0.982031	0.374522	-0.923885	-0.078544	0.907837	0.382605	-0.171600
38420	9.660751	-0.722892	-1.663083	-0.027594	0.007501	-0.010465	0.188604	-0.007106	0.982028	0.374185	-0.924021	-0.078551	0.907973	0.382275	-0.171615
38421	9.660848	-0.720506	-1.686864	-0.024555	0.008998	-0.007385	0.188576	-0.007118	0.982033	0.374011	-0.924095	-0.078518	0.908050	0.382098	-0.171600
38422	9.660471	-0.695965	-1.660963	-0.021429	0.003006	-0.010578	0.188697	-0.007111	0.982010	0.373972	-0.924107	-0.078552	0.908041	0.382066	-0.171717
38423	9.660729	-0.695667	-1.636258	-0.015368	0.006172	-0.012044	0.188679	-0.007069	0.982013	0.373890	-0.924146	-0.078490	0.908078	0.381975	-0.171724
38424	9.636438	-0.693759	-1.659924	-0.012360	0.009298	-0.013505	0.188611	-0.007119	0.982026	0.373827	-0.924171	-0.078498	0.908119	0.381913	-0.171648
38425	9.661166	-0.692709	-1.634935	-0.010793	0.006268	-0.013577	0.188586	-0.007064	0.982031	0.373790	-0.924191	-0.078429	0.908139	0.381864	-0.171649
38426	9.662113	-0.716658	-1.611186	-0.007723	0.004819	-0.015141	0.188399	-0.006960	0.982068	0.373828	-0.924190	-0.078264	0.908162	0.381869	-0.171515
38427	9.637725	-0.713545	-1.659326	-0.004712	0.007911	-0.015076	0.188353	-0.006896	0.982077	0.373849	-0.924188	-0.078190	0.908163	0.381876	-0.171495
38428	9.663779	-0.761447	-1.636498	-0.003177	0.007828	-0.010501	0.188391	-0.006817	0.982070	0.374096	-0.924089	-0.078178	0.908053	0.382116	-0.171540
38429	9.663236	-0.734643	-1.659081	0.002936	0.006525	-0.016647	0.188352	-0.006734	0.982079	0.374190	-0.924057	-0.078102	0.908023	0.382195	-0.171528
38430	9.663535	-0.734464	-1.634060	-0.000104	0.006344	-0.010540	0.188392	-0.006655	0.982071	0.374383	-0.923981	-0.078080	0.907935	0.382380	-0.171579
38431	9.662992	-0.707735	-1.656571	-0.000155	0.009499	-0.015048	0.188332	-0.006598	0.982083	0.374446	-0.923961	-0.078015	0.907921	0.382430	-0.171541
38432	9.639583	-0.732620	-1.632458	0.002945	0.006422	-0.012070	0.188142	-0.006637	0.982119	0.374404	-0.923982	-0.077968	0.907978	0.382378	-0.171355
38433	9.662742	-0.680991	-1.653947	0.007502	0.008011	-0.012040	0.188106	-0.006603	0.982127	0.374532	-0.923932	-0.077945	0.907933	0.382499	-0.171324
38434	9.662961	-0.679852	-1.653133	0.004447	0.008003	-0.013562	0.188060	-0.006500	0.982136	0.374819	-0.923821	-0.077885	0.907824	0.382770	-0.171298
38435	9.661913	-0.630817	-1.625647	0.004420	0.009597	-0.016579	0.187993	-0.006430	0.982149	0.374927	-0.923783	-0.077812	0.907793	0.382863	-0.171254
38436	9.662792	-0.652513	-1.650174	0.007470	0.009675	-0.018108	0.187822	-0.006492	0.982182	0.374914	-0.923789	-0.077801	0.907834	0.382846	-0.171074
38437	9.663013	-0.649561	-1.673539	-0.001713	0.011139	-0.021116	0.187723	-0.006386	0.982201	0.374976	-0.923775	-0.077674	0.907829	0.382883	-0.171019
38438	9.687722	-0.646870	-1.672587	-0.000163	0.009601	-0.019626	0.187661	-0.006237	0.982214	0.375149	-0.923716	-0.077540	0.907770	0.383027	-0.171005
38439	9.639100	-0.645516	-1.696035	0.001392	0.007994	-0.015085	0.187613	-0.006174	0.982224	0.375227	-0.923689	-0.077478	0.907748	0.383093	-0.170980
38440	9.638681	-0.620822	-1.669829	0.002940	0.006491	-0.015121	0.187586	-0.006167	0.982229	0.375261	-0.923676	-0.077466	0.907739	0.383124	-0.170954
38441	9.687916	-0.621264	-1.596034	-0.000134	0.007972	-0.015084	0.187539	-0.006104	0.982238	0.375327	-0.923655	-0.077401	0.907722	0.383176	-0.170930
38442	9.665155	-0.669363	-1.597504	0.001417	0.006434	-0.013594	0.187465	-0.006044	0.982253	0.375424	-0.923621	-0.077334	0.907697	0.383259	-0.170877
38443	9.665998	-0.691558	-1.622304	-0.000126	0.007833	-0.008981	0.187442	-0.006038	0.982257	0.375479	-0.923600	-0.077329	0.907679	0.383311	-0.170854
38444	9.688357	-0.615674	-1.642643	0.002924	0.007913	-0.010509	0.187348	-0.005993	0.982275	0.375660	-0.923530	-0.077283	0.907624	0.383480	-0.170770
38445	9.663481	-0.592268	-1.616320	0.007505	0.007947	-0.008986	0.187324	-0.005987	0.982280	0.375783	-0.923479	-0.077292	0.907577	0.383603	-0.170740
38446	9.663693	-0.591513	-1.615327	-0.003244	0.012329	-0.007351	0.187336	-0.005879	0.982278	0.375970	-0.923408	-0.077230	0.907498	0.383775	-0.170778
38447	9.640903	-0.639010	-1.640967	-0.009282	0.007696	-0.008976	0.187315	-0.005872	0.982282	0.375941	-0.923421	-0.077210	0.907514	0.383743	-0.170763
38448	9.665457	-0.637166	-1.640534	-0.010741	0.003131	-0.010605	0.187239	-0.005979	0.982296	0.375783	-0.923482	-0.077250	0.907595	0.383594	-0.170665
38449	9.664116	-0.587223	-1.638003	-0.009238	0.004680	-0.010571	0.187238	-0.005946	0.982297	0.375758	-0.923495	-0.077214	0.907605	0.383563	-0.170679
38450	9.859575	-0.584511	-1.541076	-0.013563	-0.012168	-0.010951	0.187217	-0.005854	0.982301	0.375666	-0.923542	-0.077103	0.907648	0.383452	-0.170703
38451	9.492657	-0.564222	-1.661147	-0.007975	0.021621	-0.016291	0.187041	-0.005834	0.982335	0.375664	-0.923551	-0.077013	0.907685	0.383432	-0.170550
38452	9.496532	-0.683341	-1.690529	-0.018212	-0.007593	-0.013897	0.187068	-0.005697	0.982330	0.375610	-0.923583	-0.076885	0.907702	0.383356	-0.170633
38453	9.740651	-0.677806	-1.618620	-0.005930	-0.012051	-0.010957	0.187217	-0.005597	0.982303	0.375617	-0.923583	-0.076851	0.907668	0.383357	-0.170808
38454	9.619424	-0.707165	-1.571793	0.001632	-0.007393	-0.009330	0.187345	-0.005511	0.982279	0.375747	-0.923531	-0.076845	0.907588	0.383485	-0.170948
38455	9.667454	-0.681715	-1.547166	0.007787	-0.010419	-0.006352	0.187497	-0.005459	0.982250	0.375870	-0.923478	-0.076880	0.907506	0.383613	-0.171097
38456	9.690979	-0.656198	-1.547017	0.012368	-0.010383	-0.004829	0.187632	-0.005399	0.982225	0.376073	-0.923392	-0.076916	0.907394	0.383820	-0.171227
38457	9.665898	-0.635662	-1.473616	0.015420	-0.010336	-0.004831	0.187788	-0.005362	0.982195	0.376262	-0.923310	-0.076979	0.907283	0.384019	-0.171369
38458	9.665025	-0.610949	-1.473417	0.012365	-0.010349	-0.006355	0.187972	-0.005248	0.982160	0.376526	-0.923201	-0.076995	0.907136	0.384281	-0.171559
38459	9.666422	-0.659334	-1.476565	0.010842	-0.010407	-0.004828	0.188129	-0.005211	0.982130	0.376673	-0.923136	-0.077050	0.907042	0.384438	-0.171706
38460	9.640959	-0.633378	-1.525233	0.004768	-0.012131	-0.000281	0.188247	-0.005148	0.982108	0.376908	-0.923038	-0.077083	0.906920	0.384675	-0.171819
38461	9.640724	-0.633503	-1.526661	0.006391	-0.018243	0.001106	0.188498	-0.005135	0.982060	0.377005	-0.922989	-0.077189	0.906828	0.384791	-0.172045
38462	9.664009	-0.607320	-1.551712	0.006386	-0.018174	-0.001946	0.188798	-0.005068	0.982003	0.377176	-0.922912	-0.077278	0.906694	0.384978	-0.172333
38463	9.662868	-0.581829	-1.576828	-0.002741	-0.019911	0.001081	0.189064	-0.005048	0.981952	0.377190	-0.922899	-0.077368	0.906633	0.385009	-0.172583
38464	9.638126	-0.582550	-1.578864	-0.005749	-0.022975	-0.000510	0.189356	-0.004858	0.981897	0.377402	-0.922814	-0.077347	0.906483	0.385216	-0.172907
38465	9.688079	-0.629657	-1.583486	-0.013377	-0.023128	0.001025	0.189651	-0.004825	0.981840	0.377320	-0.922841	-0.077418	0.906456	0.385150	-0.173197
38466	9.664705	-0.677876	-1.612421	-0.013356	-0.024619	-0.000535	0.189876	-0.004798	0.981796	0.377226	-0.922876	-0.077464	0.906448	0.385067	-0.173422
38467	9.640655	-0.702819	-1.615962	-0.004176	-0.026002	-0.000584	0.190191	-0.004739	0.981736	0.377230	-0.922868	-0.077535	0.906380	0.385086	-0.173734
38468	9.640191	-0.702813	-1.618734	-0.007150	-0.030694	0.002368	0.190507	-0.004631	0.981675	0.377315	-0.922830	-0.077577	0.906278	0.385180	-0.174058
38469	9.638306	-0.655358	-1.595013	0.001983	-0.029026	0.002386	0.190860	-0.004588	0.981606	0.377370	-0.922798	-0.077688	0.906181	0.385256	-0.174394
38470	9.662674	-0.658176	-1.524449	-0.001164	-0.022973	0.002532	0.191147	-0.004549	0.981551	0.377474	-0.922747	-0.077786	0.906077	0.385379	-0.174663
38471	9.636978	-0.633634	-1.550083	-0.005672	-0.027620	0.002436	0.191488	-0.004512	0.981485	0.377459	-0.922745	-0.077884	0.906012	0.385384	-0.174991
38472	9.660959	-0.633093	-1.552716	-0.016416	-0.023280	0.005616	0.191919	-0.004356	0.981401	0.377581	-0.922691	-0.077933	0.905870	0.385515	-0.175437
38473	9.662497	-0.685507	-1.484259	-0.024019	-0.024958	0.007124	0.192253	-0.004371	0.981336	0.377390	-0.922760	-0.078045	0.905878	0.385351	-0.175754
38474	9.662093	-0.685710	-1.486792	-0.031677	-0.023516	0.005652	0.192505	-0.004451	0.981286	0.377060	-0.922885	-0.078157	0.905962	0.385049	-0.175982
38475	9.662261	-0.709246	-1.514886	-0.031639	-0.025147	0.010193	0.192853	-0.004495	0.981217	0.376795	-0.922983	-0.078285	0.905999	0.384815	-0.176306
38476	9.685623	-0.685777	-1.492207	-0.030090	-0.026649	0.010153	0.193096	-0.004575	0.981169	0.376483	-0.923100	-0.078396	0.906076	0.384532	-0.176525
38477	9.660426	-0.684591	-1.543563	-0.033177	-0.025099	0.007147	0.193431	-0.004591	0.981103	0.376211	-0.923203	-0.078492	0.906118	0.384284	-0.176849
38478	9.681995	-0.590167	-1.468363	-0.040860	-0.020748	0.011854	0.193560	-0.004654	0.981077	0.375828	-0.923356	-0.078529	0.906249	0.383916	-0.176975
38479	9.682896	-0.637853	-1.497595	-0.049977	-0.025282	0.004144	0.193885	-0.004642	0.981013	0.375409	-0.923524	-0.078565	0.906354	0.383513	-0.177315
38480	9.634454	-0.663282	-1.501067	-0.062255	-0.020893	0.004293	0.194049	-0.004589	0.980981	0.374958	-0.923713	-0.078492	0.906505	0.383058	-0.177525
38481	9.636665	-0.738237	-1.458626	-0.077442	-0.025738	0.005755	0.194384	-0.004590	0.980915	0.374286	-0.923985	-0.078495	0.906711	0.382401	-0.177889
38482	9.637869	-0.787789	-1.439955	-0.074310	-0.030343	0.008681	0.194757	-0.004699	0.980840	0.373508	-0.924291	-0.078593	0.906952	0.381659	-0.178257
38483	9.637038	-0.765888	-1.393457	-0.072765	-0.030435	0.013252	0.195163	-0.004753	0.980759	0.372865	-0.924544	-0.078677	0.907129	0.381045	-0.178665
38484	9.660223	-0.740921	-1.395703	-0.069772	-0.027261	0.010268	0.195507	-0.004716	0.980691	0.372444	-0.924712	-0.078696	0.907228	0.380638	-0.179031
38485	9.709250	-0.743222	-1.326077	-0.068254	-0.027199	0.008736	0.195866	-0.004740	0.980619	0.371850	-0.924947	-0.078743	0.907394	0.380066	-0.179403
38486	9.683442	-0.697714	-1.277699	-0.071307	-0.027245	0.008748	0.196206	-0.004842	0.980551	0.371173	-0.925211	-0.078840	0.907598	0.379423	-0.179735
38487	9.781874	-0.721731	-1.233861	-0.082096	-0.019819	0.010519	0.196505	-0.004912	0.980491	0.370450	-0.925497	-0.078880	0.907829	0.378723	-0.180045
38488	9.782068	-0.724288	-1.187446	-0.089803	-0.015316	0.009149	0.196778	-0.005083	0.980435	0.369619	-0.925820	-0.078984	0.908108	0.377929	-0.180303
38489	9.756994	-0.701842	-1.163266	-0.102141	-0.006389	0.010977	0.196957	-0.005208	0.980398	0.368713	-0.926181	-0.078992	0.908438	0.377044	-0.180497
38490	9.782711	-0.729657	-1.092765	-0.115968	0.000905	0.015823	0.196885	-0.005430	0.980412	0.367628	-0.926615	-0.078959	0.908893	0.375972	-0.180440
38491	9.710100	-0.776675	-1.168622	-0.143532	0.007994	0.020731	0.196968	-0.005701	0.980393	0.366326	-0.927128	-0.078988	0.909400	0.374702	-0.180526
38492	9.687013	-0.846543	-1.246140	-0.169527	0.012055	0.025546	0.196971	-0.006012	0.980391	0.364893	-0.927692	-0.079000	0.909976	0.373298	-0.180535
38493	9.635292	-0.810526	-1.464047	-0.183218	0.008759	0.027032	0.197069	-0.006344	0.980369	0.363216	-0.928348	-0.079020	0.910625	0.371658	-0.180644
38494	9.530990	-0.671311	-1.773691	-0.186076	-0.006441	0.023516	0.197245	-0.006588	0.980332	0.361575	-0.928991	-0.078992	0.911240	0.370044	-0.180857
38495	9.525022	-0.513839	-1.913351	-0.190393	-0.030420	0.007496	0.197628	-0.006594	0.980255	0.359869	-0.929669	-0.078806	0.911832	0.368337	-0.181356
38496	9.617127	-0.377207	-2.033018	-0.193147	-0.058785	-0.013279	0.198106	-0.006394	0.980160	0.358078	-0.930391	-0.078443	0.912433	0.366514	-0.182027
38497	9.638104	-0.337664	-2.161031	-0.205063	-0.085892	-0.029415	0.198864	-0.005856	0.980010	0.356310	-0.931118	-0.077866	0.912960	0.364671	-0.183079
38498	9.731893	-0.295641	-2.267593	-0.214013	-0.105476	-0.040746	0.199842	-0.005138	0.979815	0.354606	-0.931822	-0.077212	0.913410	0.362879	-0.184395
38499	9.778227	-0.243021	-2.178433	-0.230786	-0.112910	-0.053138	0.200764	-0.004284	0.979630	0.352649	-0.932636	-0.076350	0.913965	0.360794	-0.185729
38500	9.854717	-0.342183	-2.003724	-0.243011	-0.115918	-0.059287	0.201644	-0.003302	0.979453	0.350752	-0.933431	-0.075357	0.914501	0.358741	-0.187062
38501	9.859415	-0.426840	-1.729144	-0.255444	-0.105201	-0.064904	0.202457	-0.002370	0.979288	0.348592	-0.934323	-0.074328	0.915147	0.356420	-0.188334
38502	9.869505	-0.638185	-1.415315	-0.261681	-0.096273	-0.061455	0.203031	-0.001533	0.979171	0.346314	-0.935253	-0.073272	0.915885	0.353977	-0.189354
38503	9.902726	-0.797865	-1.145888	-0.265148	-0.070409	-0.060372	0.203545	-0.000770	0.979065	0.344053	-0.936165	-0.072264	0.916623	0.351559	-0.190287
38504	9.838730	-0.961083	-0.897319	-0.263998	-0.037624	-0.040668	0.203843	-0.000269	0.979003	0.341892	-0.937019	-0.071444	0.917364	0.349277	-0.190913
38505	9.798061	-1.077869	-0.642330	-0.255284	-0.004407	-0.028602	0.203864	-0.000036	0.978999	0.339653	-0.937885	-0.070763	0.918191	0.346946	-0.191188
38506	9.755911	-1.168513	-0.430782	-0.248172	0.033344	-0.016275	0.203508	-0.000114	0.979073	0.337407	-0.938735	-0.070242	0.919098	0.344641	-0.191001
38507	9.711648	-1.210821	-0.235635	-0.253293	0.073713	0.000905	0.202910	-0.000427	0.979197	0.335122	-0.939582	-0.069854	0.920066	0.342325	-0.190507
38508	9.713392	-1.220347	-0.132509	-0.261479	0.112628	0.015034	0.201867	-0.000987	0.979412	0.332776	-0.940439	-0.069537	0.921146	0.339962	-0.189515
38509	9.663245	-1.158374	-0.042239	-0.294129	0.153942	0.034085	0.200638	-0.001881	0.979664	0.330043	-0.941411	-0.069401	0.922397	0.337256	-0.188262
38510	10.490033	-0.952183	0.323060	-0.376627	0.163233	0.065633	0.199330	-0.003203	0.979927	0.326394	-0.942677	-0.069474	0.923978	0.333691	-0.186858
38511	9.753781	-0.974843	0.030882	-0.429205	0.295122	0.069728	0.196902	-0.004893	0.980411	0.322334	-0.944075	-0.069448	0.925921	0.329694	-0.184313
38512	8.729132	-1.070975	-0.091850	-0.451206	0.329650	0.074723	0.193986	-0.006892	0.980980	0.317817	-0.945602	-0.069491	0.928096	0.325252	-0.181243
38513	9.290669	-1.087162	-0.048988	-0.479768	0.293729	0.080379	0.191586	-0.008655	0.981438	0.313253	-0.947123	-0.069502	0.930144	0.320754	-0.178744
38514	9.606792	-1.058645	-0.241885	-0.500621	0.351482	0.080713	0.188560	-0.010577	0.982005	0.308623	-0.948643	-0.069478	0.932307	0.316170	-0.175612
38515	9.919231	-0.865215	-0.360672	-0.515820	0.337459	0.081337	0.185733	-0.012462	0.982521	0.303706	-0.950230	-0.069464	0.934487	0.311300	-0.172704
38516	9.897461	-0.783992	-0.810020	-0.529011	0.396026	0.071252	0.182350	-0.014346	0.983129	0.298937	-0.951751	-0.069334	0.936688	0.306537	-0.169263
38517	9.488433	-0.685800	-1.232903	-0.547608	0.411307	0.044618	0.178699	-0.016076	0.983772	0.293771	-0.953386	-0.068942	0.939023	0.301324	-0.165647
38518	9.545977	-0.606017	-1.557816	-0.534865	0.369293	0.035645	0.175464	-0.017650	0.984328	0.288731	-0.954950	-0.068592	0.941194	0.296241	-0.162464
38519	9.989150	-0.509515	-1.555298	-0.520780	0.342652	0.026173	0.172385	-0.018963	0.984847	0.283830	-0.956453	-0.068097	0.943252	0.291268	-0.159496
38520	10.263790	-0.429833	-1.630081	-0.508614	0.346787	0.014340	0.169073	-0.020188	0.985397	0.279104	-0.957885	-0.067513	0.945259	0.286443	-0.156317
38521	10.447113	-0.515814	-1.756728	-0.515949	0.321316	0.006137	0.166123	-0.021217	0.985877	0.274264	-0.959327	-0.066859	0.947197	0.281498	-0.153547
38522	10.485088	-0.715560	-1.808835	-0.523612	0.313759	0.003871	0.163380	-0.022203	0.986313	0.269525	-0.960710	-0.066272	0.949033	0.276664	-0.150977
38523	10.158033	-0.864332	-1.940874	-0.485359	0.296800	0.012236	0.160667	-0.023192	0.986736	0.264949	-0.962018	-0.065752	0.950783	0.271999	-0.148420
38524	10.330781	-0.841297	-1.833936	-0.371458	0.252658	0.010430	0.158397	-0.023922	0.987086	0.261845	-0.962895	-0.065354	0.952023	0.268815	-0.146256
38525	10.178512	-0.697719	-1.641718	-0.237002	0.271369	0.011450	0.155916	-0.024817	0.987459	0.259624	-0.963506	-0.065208	0.953040	0.266535	-0.143783
38526	9.872803	-0.561393	-1.306106	-0.112420	0.264303	-0.009693	0.153624	-0.025405	0.987803	0.259060	-0.963666	-0.065074	0.953566	0.265898	-0.141461
38527	9.780045	-0.413020	-0.861453	-0.032369	0.259194	-0.025313	0.151161	-0.025909	0.988170	0.258846	-0.963738	-0.064864	0.954017	0.265588	-0.138973
38528	9.835177	-0.408892	-0.411005	-0.006285	0.272908	-0.037313	0.148764	-0.026340	0.988522	0.259125	-0.963676	-0.064674	0.954318	0.265772	-0.136535
38529	9.848557	-0.560280	-0.061860	0.000993	0.313892	-0.048847	0.145716	-0.026762	0.988964	0.259263	-0.963665	-0.064278	0.954751	0.265768	-0.133483
38530	9.097155	-0.675677	0.360434	0.021553	0.388917	-0.061627	0.142115	-0.027149	0.989478	0.260088	-0.963475	-0.063791	0.955069	0.266417	-0.129863
38531	9.507246	-0.938310	1.015948	0.033447	0.386504	-0.049268	0.138371	-0.027763	0.989991	0.260534	-0.963379	-0.063432	0.955497	0.266704	-0.126070
38532	9.906613	-1.170447	1.360778	0.036266	0.461809	-0.033371	0.134005	-0.028729	0.990564	0.261186	-0.963213	-0.063270	0.955942	0.267200	-0.121572
38533	9.918357	-1.316583	1.560485	0.040192	0.563546	-0.021264	0.128638	-0.030089	0.991235	0.261657	-0.963090	-0.063192	0.956550	0.267493	-0.116017
38534	9.538182	-1.232932	1.635066	0.054811	0.652900	-0.005301	0.122574	-0.031785	0.991950	0.262566	-0.962836	-0.063297	0.957097	0.268211	-0.109673
38535	9.504272	-1.176155	1.658216	0.055082	0.690362	0.005606	0.116057	-0.033750	0.992669	0.263147	-0.962664	-0.063496	0.957750	0.268587	-0.102843
38536	9.724799	-1.140874	1.578064	-0.030644	0.743647	0.011284	0.109071	-0.035879	0.993386	0.263179	-0.962644	-0.063665	0.958562	0.268382	-0.095554
38537	9.755608	-1.627984	1.595421	-0.074298	0.804113	0.031412	0.101519	-0.038393	0.994092	0.262494	-0.962809	-0.063992	0.959578	0.267440	-0.087666
38538	9.888211	-2.130974	1.574511	-0.024747	0.815203	0.074614	0.093905	-0.041356	0.994722	0.262339	-0.962798	-0.064795	0.960396	0.267039	-0.079562
38539	10.130975	-2.456325	1.403065	0.089143	0.821336	0.117927	0.086403	-0.044745	0.995255	0.263152	-0.962486	-0.066118	0.960878	0.267616	-0.071387
38540	10.584066	-2.783371	1.140497	0.257833	0.829691	0.165030	0.078861	-0.048677	0.995696	0.265553	-0.961692	-0.068047	0.960865	0.269777	-0.062914
38541	10.730968	-2.746187	1.119650	0.495490	0.855304	0.204711	0.071273	-0.053028	0.996046	0.270222	-0.960216	-0.070457	0.960156	0.274176	-0.054108
38542	10.940169	-1.861616	1.236367	0.749069	0.909068	0.224151	0.063132	-0.057840	0.996328	0.277266	-0.958002	-0.073184	0.958717	0.280868	-0.044444
38543	11.222560	-1.304244	1.588454	0.944822	0.984694	0.228367	0.054425	-0.062889	0.996535	0.286244	-0.955145	-0.075910	0.956610	0.289384	-0.033982
38544	11.135631	-0.469499	2.030058	1.074262	1.076292	0.190989	0.044651	-0.068027	0.996684	0.296390	-0.951856	-0.078245	0.954023	0.298901	-0.022338
38545	11.492433	0.195704	2.313095	1.055398	1.165755	0.149376	0.034076	-0.073040	0.996747	0.306451	-0.948520	-0.079983	0.951276	0.308180	-0.009939
38546	11.502008	0.781795	2.580891	0.944523	1.279876	0.105382	0.022187	-0.078179	0.996692	0.315376	-0.945488	-0.081184	0.948707	0.316134	0.003678
38547	11.387864	1.521340	2.795739	0.713110	1.355865	0.046732	0.009569	-0.083000	0.996504	0.322194	-0.943146	-0.081650	0.946625	0.321848	0.017717
38548	11.339668	0.971789	2.453738	0.446757	1.426338	-0.011407	-0.004028	-0.087638	0.996144	0.326414	-0.941704	-0.081528	0.945218	0.324827	0.032399
38549	11.394491	0.570574	2.362335	0.190644	1.449856	-0.054558	-0.017823	-0.091891	0.995610	0.328278	-0.941103	-0.080984	0.944413	0.325394	0.046939
38550	11.232369	0.372783	1.818657	0.074176	1.458678	-0.064484	-0.031882	-0.096148	0.994856	0.328968	-0.940913	-0.080393	0.943803	0.324712	0.061628
38551	11.185171	-0.097921	1.315875	-0.051665	1.424682	-0.053957	-0.045421	-0.100308	0.993919	0.328530	-0.941103	-0.079964	0.943401	0.322900	0.075700
38552	10.982815	-0.745646	0.996175	-0.089294	1.377949	-0.033637	-0.058605	-0.104540	0.992792	0.327683	-0.941413	-0.079786	0.942968	0.320646	0.089428
38553	10.913410	-1.028922	0.737578	-0.035977	1.282045	0.016277	-0.070555	-0.108848	0.991551	0.327427	-0.941479	-0.080052	0.942239	0.319013	0.102065
38554	11.216618	-0.783830	0.483724	-0.017983	1.244366	0.087729	-0.082062	-0.113745	0.990115	0.327340	-0.941426	-0.081021	0.941336	0.317456	0.114489
38555	11.028329	-1.410797	0.265159	-0.039177	1.207409	0.128875	-0.092919	-0.118836	0.988557	0.327158	-0.941369	-0.082412	0.940390	0.315757	0.126349
38556	11.314691	-1.488950	-0.341307	0.066524	1.177760	0.166737	-0.103510	-0.124228	0.986840	0.327966	-0.940943	-0.084050	0.939002	0.314950	0.138140
38557	11.067129	-1.468334	-0.544134	0.107742	1.175631	0.216446	-0.113747	-0.130019	0.984965	0.329287	-0.940296	-0.086096	0.937354	0.314543	0.149769
38558	10.959440	-1.892645	-0.962937	0.228794	1.135817	0.245339	-0.123630	-0.136007	0.982964	0.331742	-0.939235	-0.088232	0.935234	0.315183	0.161237
38559	10.788599	-1.695431	-1.291694	0.396515	1.096625	0.245888	-0.132968	-0.141838	0.980919	0.335837	-0.937606	-0.090050	0.932487	0.317455	0.172306
38560	10.422621	-1.585437	-1.631105	0.561905	1.102761	0.238278	-0.142471	-0.147692	0.978718	0.341420	-0.935450	-0.091463	0.929050	0.321123	0.183700
38561	10.183512	-1.471123	-2.011165	0.734979	1.075866	0.209780	-0.151639	-0.153189	0.976493	0.348619	-0.932720	-0.092186	0.924917	0.326445	0.194841
38562	9.816541	-1.044791	-1.741936	0.883206	1.040722	0.183466	-0.160620	-0.158423	0.974219	0.357084	-0.929503	-0.092279	0.920159	0.333057	0.205867
38563	9.958653	-0.911201	-1.434869	1.005440	1.006789	0.156137	-0.169210	-0.163317	0.971955	0.366645	-0.925827	-0.091736	0.914844	0.340839	0.216538
38564	9.887550	-0.229705	-1.422070	1.148715	0.987713	0.117071	-0.177791	-0.167893	0.969640	0.377364	-0.921643	-0.090389	0.908838	0.349837	0.227217
38565	10.126445	0.507362	-1.158990	1.148477	0.969101	0.080534	-0.186177	-0.172119	0.967323	0.387992	-0.917398	-0.088560	0.902663	0.358826	0.237579
38566	10.195771	0.967632	-0.513174	1.022183	0.967642	0.064722	-0.194622	-0.176287	0.964907	0.397373	-0.913547	-0.086753	0.896781	0.366544	0.247848
38567	9.662517	1.103766	-0.315334	0.899428	0.972024	0.053837	-0.203011	-0.180423	0.962411	0.405600	-0.910085	-0.085056	0.891221	0.373087	0.257937
38568	9.259805	1.542465	0.019204	0.767768	0.935087	0.058824	-0.211060	-0.184519	0.959899	0.412630	-0.907051	-0.083632	0.886110	0.378432	0.267580
38569	9.223097	1.781807	0.431232	0.616398	0.898933	0.060524	-0.218668	-0.188535	0.957412	0.418288	-0.904552	-0.082591	0.881601	0.382414	0.276659
38570	9.323532	1.738756	0.907322	0.460059	0.881130	0.054305	-0.226158	-0.192436	0.954893	0.422567	-0.902631	-0.081823	0.877661	0.385002	0.285454
38571	9.320739	1.619269	1.093125	0.340724	0.873243	0.009070	-0.233683	-0.195934	0.952366	0.425653	-0.901256	-0.080976	0.874192	0.386454	0.294009
38572	9.140200	1.766965	1.219075	0.312619	0.860757	-0.082409	-0.241504	-0.198537	0.949873	0.428321	-0.900145	-0.079244	0.870757	0.387713	0.302426
38573	8.756666	2.211086	1.428834	0.323551	0.852029	-0.197608	-0.249671	-0.200116	0.947427	0.430728	-0.899240	-0.076430	0.867259	0.389001	0.310710
38574	8.558763	2.478747	1.703632	0.272772	0.829180	-0.295033	-0.258073	-0.200692	0.945051	0.432502	-0.898694	-0.072741	0.863910	0.389964	0.318728
38575	8.339117	2.235006	1.855454	0.184085	0.797431	-0.364449	-0.266443	-0.200574	0.942750	0.433215	-0.898664	-0.068758	0.861007	0.390094	0.326334
38576	8.334952	1.810082	2.039588	0.118137	0.752050	-0.409430	-0.274627	-0.199812	0.940561	0.433311	-0.898937	-0.064450	0.858383	0.389856	0.333453
38577	8.427638	1.637452	2.219942	0.079501	0.713709	-0.438191	-0.282558	-0.198699	0.938445	0.432854	-0.899457	-0.060115	0.856036	0.389224	0.340157
38578	8.565691	1.516058	2.313730	0.029894	0.687528	-0.462229	-0.290376	-0.197189	0.936375	0.431993	-0.900161	-0.055598	0.853852	0.388363	0.346570
38579	8.675891	1.350743	2.561716	-0.069865	0.672071	-0.488925	-0.298132	-0.195436	0.934303	0.430042	-0.901349	-0.051318	0.852162	0.386491	0.352767
38580	8.793969	0.911007	2.644579	-0.215195	0.665869	-0.506294	-0.305910	-0.193401	0.932210	0.426905	-0.903060	-0.047262	0.850982	0.383507	0.358819
38581	8.753328	0.461032	2.857260	-0.351511	0.644087	-0.502630	-0.313441	-0.191360	0.930127	0.422443	-0.905326	-0.043900	0.850469	0.379166	0.364605
38582	8.728206	-0.242837	2.894081	-0.466262	0.591263	-0.498124	-0.320497	-0.189039	0.928195	0.417134	-0.907925	-0.040878	0.850459	0.374081	0.369842
38583	8.774448	-0.797417	2.933673	-0.503200	0.532057	-0.481709	-0.326935	-0.186683	0.926425	0.411381	-0.910657	-0.038329	0.850811	0.368582	0.374524
38584	8.732064	-1.069683	2.886141	-0.520484	0.486210	-0.458337	-0.332881	-0.184254	0.924792	0.405675	-0.913310	-0.035942	0.851245	0.363201	0.378771
38585	8.758463	-1.534513	2.805437	-0.487775	0.439215	-0.420748	-0.338235	-0.182039	0.923287	0.400197	-0.915800	-0.033955	0.851727	0.358012	0.382607
38586	8.679405	-1.764792	2.717616	-0.374028	0.395872	-0.383477	-0.343067	-0.179911	0.921920	0.395937	-0.917729	-0.031756	0.851786	0.354128	0.386076
38587	8.529081	-1.707252	2.740240	-0.234541	0.353586	-0.341658	-0.347345	-0.178070	0.920675	0.392848	-0.919128	-0.029560	0.851482	0.351418	0.389209
38588	8.465867	-1.567720	2.793562	-0.121905	0.329084	-0.308874	-0.351289	-0.176368	0.919506	0.390954	-0.920011	-0.027105	0.850736	0.349963	0.392141
38589	8.386792	-1.356842	2.812644	-0.059463	0.317960	-0.281020	-0.355008	-0.174943	0.918349	0.389544	-0.920674	-0.024799	0.849838	0.348934	0.394994
38590	8.171264	-1.210184	2.913297	0.003405	0.292659	-0.262694	-0.358446	-0.173535	0.917280	0.388851	-0.921031	-0.022293	0.848712	0.348694	0.397619
38591	8.055283	-0.979432	3.111276	0.037241	0.249825	-0.245245	-0.361438	-0.172196	0.916358	0.388373	-0.921287	-0.019937	0.847661	0.348683	0.399864
38592	8.037880	-0.664478	3.318149	0.054712	0.204495	-0.231110	-0.363997	-0.170775	0.915610	0.388206	-0.921406	-0.017526	0.846642	0.349066	0.401684
38593	8.154240	-0.335158	3.581733	0.029170	0.156463	-0.206029	-0.366040	-0.169471	0.915038	0.387791	-0.921616	-0.015563	0.845951	0.349146	0.403068
38594	8.160178	-0.120530	3.761722	-0.019866	0.132443	-0.176538	-0.367773	-0.168303	0.914558	0.387180	-0.921899	-0.013956	0.845479	0.348966	0.404213
38595	8.144994	-0.133313	3.967611	-0.057954	0.099538	-0.155068	-0.369134	-0.167269	0.914200	0.386208	-0.922323	-0.012813	0.845330	0.348342	0.405061
38596	8.190380	-0.191911	4.090413	-0.100819	0.080713	-0.136457	-0.370273	-0.166289	0.913918	0.385054	-0.922817	-0.011903	0.845359	0.347501	0.405724
38597	8.178150	-0.335281	4.137720	-0.144516	0.077702	-0.113075	-0.371284	-0.165563	0.913639	0.383503	-0.923468	-0.011496	0.845620	0.346115	0.406363
38598	8.171322	-0.408331	4.075536	-0.180988	0.068652	-0.086013	-0.372126	-0.165005	0.913398	0.381852	-0.924153	-0.011378	0.845997	0.344549	0.406910
38599	8.175069	-0.458469	4.079946	-0.209893	0.058611	-0.067869	-0.372801	-0.164628	0.913190	0.379913	-0.924949	-0.011652	0.846573	0.342589	0.407366
38600	8.196993	-0.435268	4.043375	-0.230627	0.060109	-0.042225	-0.373404	-0.164445	0.912977	0.377998	-0.925727	-0.012142	0.847164	0.340569	0.407830
38601	8.192208	-0.418308	3.959351	-0.257963	0.061063	-0.010625	-0.373882	-0.164603	0.912753	0.375862	-0.926582	-0.013137	0.847903	0.338158	0.408301
38602	8.204408	-0.474615	3.732382	-0.283180	0.052881	0.005423	-0.374245	-0.164836	0.912562	0.373671	-0.927451	-0.014282	0.848711	0.335653	0.408689
38603	8.131114	-0.492778	3.449218	-0.293658	0.026350	0.023951	-0.374301	-0.165196	0.912474	0.371358	-0.928357	-0.015739	0.849701	0.332963	0.408831
38604	8.038877	-0.465112	3.271646	-0.279612	-0.024127	0.034993	-0.373901	-0.165448	0.912593	0.369299	-0.929153	-0.017144	0.850774	0.330609	0.408511
38605	8.012621	-0.403926	3.077340	-0.260066	-0.085495	0.045775	-0.372925	-0.165641	0.912957	0.367346	-0.929897	-0.018661	0.852047	0.328412	0.407630
38606	7.917932	-0.279318	3.014091	-0.245275	-0.164693	0.054524	-0.371255	-0.165616	0.913642	0.365644	-0.930538	-0.020101	0.853507	0.326605	0.406023
38607	7.929743	-0.163973	2.837440	-0.239915	-0.242638	0.057109	-0.368894	-0.165408	0.914635	0.363896	-0.931188	-0.021633	0.855276	0.324852	0.403701
38608	7.941469	-0.147443	2.673189	-0.257267	-0.318790	0.065498	-0.365858	-0.164991	0.915929	0.362120	-0.931842	-0.023213	0.857331	0.323184	0.400669
38609	7.960918	-0.131738	2.537233	-0.292645	-0.383201	0.078277	-0.362207	-0.164537	0.917461	0.359984	-0.932620	-0.025136	0.859778	0.321166	0.397032
38610	7.902829	-0.149642	2.341972	-0.334650	-0.435006	0.089414	-0.358069	-0.163983	0.919182	0.357613	-0.933473	-0.027224	0.862496	0.318963	0.392890
38611	7.931109	-0.088657	2.266725	-0.408091	-0.485283	0.103938	-0.353426	-0.163464	0.921070	0.354547	-0.934563	-0.029814	0.865671	0.316026	0.388255
38612	7.919435	0.017546	2.108871	-0.501596	-0.536101	0.110925	-0.348310	-0.162819	0.923131	0.350778	-0.935887	-0.032716	0.869273	0.312418	0.383092
38613	8.358251	-0.008071	2.713053	-0.620750	-0.573890	0.126879	-0.342788	-0.162279	0.925290	0.345898	-0.937570	-0.036289	0.873413	0.307616	0.377520
38614	8.952688	-0.571258	3.282008	-0.764134	-0.529147	0.168025	-0.337501	-0.162244	0.927238	0.339976	-0.939555	-0.040653	0.877787	0.301518	0.372260
38615	9.271686	-1.245003	3.188768	-0.959570	-0.539840	0.228689	-0.331902	-0.162841	0.929152	0.332384	-0.942004	-0.046362	0.882815	0.293448	0.366779
38616	10.102730	-1.558278	3.505735	-0.998699	-0.535201	0.296953	-0.326110	-0.164094	0.930981	0.324713	-0.944343	-0.052707	0.887814	0.285114	0.361243
38617	10.979652	-1.491950	4.447582	-0.916718	-0.453850	0.330682	-0.320930	-0.165997	0.932442	0.317715	-0.946342	-0.059120	0.892223	0.277277	0.356449
38618	11.302771	-1.314666	5.221767	-0.773674	-0.345106	0.330990	-0.316725	-0.168191	0.933487	0.312039	-0.947849	-0.064906	0.895722	0.270727	0.352689
38619	10.992431	-0.879467	5.721863	-0.547709	-0.329029	0.298142	-0.312771	-0.170189	0.934457	0.308155	-0.948783	-0.069656	0.898452	0.266171	0.349196
38620	10.836630	-0.252753	6.118397	-0.221128	-0.341586	0.232454	-0.308910	-0.171495	0.935502	0.307068	-0.948918	-0.072558	0.900158	0.264849	0.345791
38621	10.384727	0.257969	6.604079	-0.108098	-0.349397	0.145701	-0.305238	-0.172007	0.936613	0.306632	-0.948921	-0.074337	0.901558	0.264505	0.342389
38622	10.029533	0.591106	6.661613	-0.022958	-0.309582	0.090761	-0.302100	-0.172055	0.937621	0.306880	-0.948771	-0.075225	0.902530	0.265011	0.339424
38623	9.166996	0.884647	6.046947	-0.011390	-0.325429	0.050050	-0.298930	-0.171720	0.938698	0.307017	-0.948682	-0.075777	0.903538	0.265545	0.336311
38624	9.057221	1.330152	5.153444	-0.056054	-0.422206	0.009383	-0.295025	-0.170690	0.940120	0.306723	-0.948759	-0.076004	0.904921	0.265933	0.332263
38625	9.180047	1.618458	4.537835	-0.183876	-0.458891	-0.017925	-0.290845	-0.169355	0.941662	0.305094	-0.949246	-0.076487	0.906822	0.265050	0.327753
38626	9.216175	1.278621	4.340581	-0.440453	-0.491821	0.009621	-0.286296	-0.168145	0.943272	0.301320	-0.950331	-0.077949	0.909528	0.261911	0.322741
38627	8.736892	0.584795	3.278202	-0.755745	-0.630060	0.079740	-0.280237	-0.167326	0.945235	0.294747	-0.952122	-0.081161	0.913560	0.255861	0.316139
38628	8.934397	0.230799	1.962850	-0.962499	-0.778503	0.128708	-0.272680	-0.166578	0.947575	0.286497	-0.954275	-0.085312	0.918458	0.248214	0.307935
38629	9.427183	-0.020569	1.636122	-1.081557	-0.768736	0.133443	-0.265146	-0.166034	0.949805	0.276983	-0.956659	-0.089910	0.923568	0.239241	0.299643
38630	9.476329	-0.663843	1.858349	-1.137462	-0.737389	0.167486	-0.257806	-0.165889	0.951849	0.267109	-0.958993	-0.094789	0.928541	0.229810	0.291545
38631	9.252905	-1.420803	1.955463	-1.195722	-0.766759	0.210148	-0.250040	-0.166240	0.953858	0.256598	-0.961303	-0.100274	0.933615	0.219685	0.283021
38632	9.435300	-2.132589	1.781650	-1.178031	-0.801370	0.239456	-0.241878	-0.166802	0.955862	0.246381	-0.963384	-0.105768	0.938505	0.209923	0.274118
38633	9.894840	-2.548064	1.855457	-1.046535	-0.812263	0.233739	-0.233596	-0.167443	0.957808	0.237180	-0.965118	-0.110876	0.942962	0.201273	0.265162
38634	9.974447	-2.671592	1.823587	-0.854942	-0.788468	0.212322	-0.225591	-0.167917	0.959642	0.229801	-0.966410	-0.115080	0.946731	0.194566	0.256601
38635	10.116530	-2.575992	1.627780	-0.648893	-0.768481	0.190141	-0.217797	-0.168337	0.961367	0.224157	-0.967310	-0.118595	0.949904	0.189668	0.248411
38636	9.816331	-1.889410	1.617040	-0.493349	-0.744093	0.175066	-0.210268	-0.168622	0.962992	0.220038	-0.967903	-0.121436	0.952560	0.186361	0.240622
