// General information: 
//  MT Manager version: 2022.2.0 
//  XDA version: 2022.2.0 build 7381 rev 124627 built on 2023-07-19
// Device information: 
//  DeviceId: 00B4CBA7
//  ProductCode: MTW2-3A7G6
//  Firmware Version: 4.6.0
//  Hardware Version: 2.0.0
// Device settings: 
//  Filter Profile: human(46.1)
//  Option Flags: Orientation Smoother Disabled, Position/Velocity Smoother Disabled, Continuous Zero Rotation Update Disabled, AHS Disabled, ICC Disabled
// Coordinate system: ENU
PacketCounter	Acc_X	Acc_Y	Acc_Z	Gyr_X	Gyr_Y	Gyr_Z	Mat[1][1]	Mat[2][1]	Mat[3][1]	Mat[1][2]	Mat[2][2]	Mat[3][2]	Mat[1][3]	Mat[2][3]	Mat[3][3]
29395	9.616060	0.552201	-1.604066	0.012005	-0.002193	-0.021589	0.161314	0.074691	0.984073	0.178116	-0.982961	0.045409	0.970697	0.167954	-0.171869
29396	9.640030	0.546688	-1.628003	0.006626	-0.008657	-0.028956	0.161360	0.075096	0.984034	0.178393	-0.982895	0.045756	0.970638	0.168162	-0.171997
29397	9.590556	0.518984	-1.643988	-0.001346	-0.003699	-0.025360	0.161369	0.075408	0.984009	0.178435	-0.982873	0.046060	0.970629	0.168149	-0.172060
29398	9.589893	0.506464	-1.690969	0.001292	-0.007683	-0.028253	0.161498	0.075824	0.983956	0.178227	-0.982891	0.046490	0.970646	0.167860	-0.172249
29399	9.589821	0.516529	-1.668621	0.007940	-0.009961	-0.025904	0.161567	0.076153	0.983919	0.178360	-0.982853	0.046783	0.970610	0.167933	-0.172379
29400	9.565484	0.549945	-1.653788	-0.000066	-0.010241	-0.026109	0.161703	0.076544	0.983866	0.178428	-0.982823	0.047137	0.970575	0.167928	-0.172583
29401	9.589102	0.482571	-1.632339	-0.001412	-0.011615	-0.025774	0.161788	0.076874	0.983827	0.178470	-0.982801	0.047445	0.970553	0.167908	-0.172725
29402	9.637356	0.492800	-1.687588	0.009279	-0.007763	-0.028311	0.162031	0.077333	0.983751	0.178567	-0.982764	0.047844	0.970495	0.167913	-0.173047
29403	9.612647	0.495428	-1.688410	0.011919	-0.011550	-0.025728	0.162115	0.077663	0.983711	0.178738	-0.982719	0.048129	0.970449	0.168024	-0.173195
29404	9.612587	0.544208	-1.704720	0.006575	-0.012480	-0.026401	0.162122	0.078025	0.983681	0.178820	-0.982687	0.048474	0.970433	0.168043	-0.173268
29405	9.612596	0.577234	-1.690249	0.013249	-0.011063	-0.024042	0.162204	0.078337	0.983643	0.179001	-0.982641	0.048740	0.970386	0.168168	-0.173411
29406	9.636336	0.548512	-1.707192	0.003911	-0.011195	-0.025465	0.162347	0.078724	0.983588	0.179828	-0.982479	0.048954	0.970209	0.168929	-0.173659
29407	9.611588	0.551130	-1.708124	0.005240	-0.011201	-0.026804	0.162425	0.079065	0.983548	0.179937	-0.982444	0.049261	0.970176	0.168975	-0.173801
29408	9.660533	0.568225	-1.663104	0.011915	-0.009781	-0.024446	0.162465	0.079412	0.983513	0.179904	-0.982433	0.049606	0.970175	0.168879	-0.173898
29409	9.635467	0.578661	-1.717997	0.014569	-0.011052	-0.025372	0.162545	0.079738	0.983474	0.180101	-0.982382	0.049883	0.970125	0.169017	-0.174042
29410	9.634958	0.573210	-1.742113	0.017265	-0.005833	-0.024253	0.162459	0.080047	0.983463	0.181442	-0.982131	0.049966	0.969889	0.170324	-0.174080
29411	9.609989	0.583508	-1.796386	0.011952	-0.002023	-0.024148	0.162453	0.080345	0.983440	0.181613	-0.982086	0.050234	0.969859	0.170445	-0.174134
29412	9.634335	0.569742	-1.766199	0.006602	-0.005475	-0.021312	0.162630	0.080734	0.983379	0.181483	-0.982091	0.050615	0.969853	0.170235	-0.174369
29413	9.634148	0.571898	-1.766524	-0.000045	-0.000890	-0.024640	0.162611	0.081035	0.983357	0.181537	-0.982065	0.050909	0.969846	0.170238	-0.174406
29414	9.609455	0.589983	-1.797127	-0.000035	0.000857	-0.023373	0.162660	0.081411	0.983318	0.182390	-0.981896	0.051123	0.969678	0.171032	-0.174563
29415	9.634270	0.630302	-1.758282	0.001314	0.003081	-0.020428	0.162611	0.081664	0.983305	0.182452	-0.981872	0.051373	0.969675	0.171052	-0.174563
29416	9.658840	0.701737	-1.780694	-0.005330	0.006892	-0.018984	0.162521	0.081939	0.983297	0.182693	-0.981814	0.051620	0.969644	0.171252	-0.174535
29417	9.633888	0.642117	-1.811073	-0.007993	0.006908	-0.016302	0.162443	0.082145	0.983293	0.182658	-0.981809	0.051846	0.969664	0.171185	-0.174492
29418	9.609802	0.612854	-1.748486	-0.003988	0.009892	-0.020810	0.162381	0.082468	0.983276	0.182760	-0.981773	0.052161	0.969655	0.171234	-0.174493
29419	9.585379	0.568472	-1.731959	-0.006626	0.014653	-0.017350	0.162225	0.082672	0.983284	0.182740	-0.981764	0.052395	0.969685	0.171186	-0.174375
29420	9.609469	0.531627	-1.769780	0.001352	0.010067	-0.015360	0.161891	0.082770	0.983331	0.182164	-0.981857	0.052655	0.969849	0.170603	-0.174032
29421	9.610455	0.524492	-1.637509	0.013360	0.013212	-0.017100	0.161749	0.082973	0.983337	0.182337	-0.981815	0.052852	0.969840	0.170750	-0.173937
29422	9.586428	0.579949	-1.628215	0.016014	0.010685	-0.016272	0.161700	0.083247	0.983322	0.182349	-0.981797	0.053132	0.969846	0.170717	-0.173936
29423	9.611137	0.611753	-1.611948	0.012009	0.007701	-0.011765	0.161621	0.083408	0.983322	0.182500	-0.981761	0.053279	0.969831	0.170846	-0.173895
29424	9.611571	0.651279	-1.572501	0.006662	0.006272	-0.015457	0.161511	0.083633	0.983321	0.182783	-0.981698	0.053473	0.969796	0.171098	-0.173841
29425	9.586952	0.645113	-1.595152	-0.001348	0.002332	-0.012968	0.161482	0.083814	0.983310	0.182807	-0.981684	0.053654	0.969797	0.171092	-0.173846
29426	9.586649	0.592458	-1.602994	-0.006686	0.001385	-0.013644	0.161430	0.084032	0.983300	0.182799	-0.981673	0.053882	0.969807	0.171048	-0.173832
29427	9.586545	0.593948	-1.603063	-0.009376	-0.003834	-0.014759	0.161457	0.084241	0.983278	0.182748	-0.981670	0.054095	0.969812	0.170958	-0.173893
29428	9.635108	0.610863	-1.634313	-0.009358	-0.000346	-0.012229	0.161405	0.084458	0.983268	0.184021	-0.981433	0.054093	0.969580	0.172211	-0.173950
29429	9.610064	0.566302	-1.696166	-0.006690	0.000129	-0.011890	0.161399	0.084631	0.983254	0.183992	-0.981428	0.054272	0.969586	0.172151	-0.173973
29430	9.634472	0.637015	-1.719065	-0.010691	-0.001600	-0.009137	0.161330	0.084784	0.983252	0.184205	-0.981381	0.054399	0.969557	0.172344	-0.173943
29431	9.633846	0.592492	-1.781060	-0.016026	0.001235	-0.015066	0.161307	0.084987	0.983238	0.184091	-0.981390	0.054626	0.969583	0.172194	-0.173950
29432	9.609519	0.555373	-1.742300	-0.006691	0.002655	-0.015390	0.161256	0.085234	0.983225	0.184292	-0.981340	0.054846	0.969553	0.172357	-0.173955
29433	9.609478	0.580078	-1.749687	-0.001364	0.000601	-0.014226	0.161241	0.085430	0.983211	0.184319	-0.981324	0.055039	0.969550	0.172350	-0.173976
29434	9.609793	0.596495	-1.702977	-0.006674	0.004880	-0.011108	0.161363	0.085787	0.983159	0.185551	-0.981086	0.055152	0.969295	0.173527	-0.174229
29435	9.609743	0.598031	-1.702720	0.001286	0.000116	-0.019918	0.161343	0.086040	0.983141	0.185614	-0.981060	0.055397	0.969286	0.173547	-0.174257
29436	9.585570	0.614884	-1.656082	0.006632	0.001548	-0.016225	0.161381	0.086341	0.983108	0.185795	-0.981011	0.055658	0.969245	0.173674	-0.174358
29437	9.561414	0.584920	-1.594339	-0.002696	-0.000654	-0.011134	0.161384	0.086509	0.983093	0.185805	-0.981000	0.055823	0.969243	0.173655	-0.174392
29438	9.634404	0.647987	-1.640748	0.005301	0.000291	-0.013134	0.161332	0.086736	0.983081	0.186152	-0.980924	0.055997	0.969185	0.173968	-0.174400
29439	9.609889	0.626013	-1.633187	0.002622	-0.003187	-0.012985	0.161356	0.086927	0.983060	0.186217	-0.980902	0.056171	0.969168	0.173999	-0.174462
29440	9.585335	0.650402	-1.640923	-0.002706	-0.003657	-0.010646	0.161349	0.087115	0.983045	0.186635	-0.980816	0.056284	0.969089	0.174389	-0.174513
29441	9.585038	0.597477	-1.649505	-0.009383	-0.007608	-0.009497	0.161423	0.087279	0.983018	0.186578	-0.980817	0.056445	0.969088	0.174298	-0.174611
29442	9.633495	0.614254	-1.681266	0.001273	-0.006664	-0.014174	0.161538	0.087557	0.982975	0.186185	-0.980873	0.056773	0.969144	0.173844	-0.174750
29443	9.657754	0.638488	-1.689384	-0.001360	-0.001436	-0.007705	0.161555	0.087693	0.982960	0.186203	-0.980862	0.056902	0.969138	0.173837	-0.174792
29444	9.608262	0.663318	-1.774141	-0.001388	-0.005397	-0.013246	0.161596	0.087946	0.982930	0.185742	-0.980931	0.057231	0.969220	0.173323	-0.174850
29445	9.632594	0.618254	-1.759370	-0.013370	0.000452	-0.012965	0.161585	0.088130	0.982916	0.185651	-0.980936	0.057433	0.969239	0.173199	-0.174866
29446	9.632557	0.619682	-1.759070	-0.008025	0.004408	-0.012776	0.161564	0.088397	0.982895	0.186750	-0.980723	0.057505	0.969031	0.174265	-0.174957
29447	9.584023	0.636119	-1.712035	-0.004033	0.000617	-0.011540	0.161554	0.088567	0.982882	0.186749	-0.980713	0.057676	0.969033	0.174234	-0.174977
29448	9.608176	0.676118	-1.750294	-0.005356	0.003623	-0.010687	0.161651	0.088873	0.982838	0.186665	-0.980711	0.057979	0.969033	0.174089	-0.175122
29449	9.559256	0.600209	-1.750244	-0.010704	0.000931	-0.012625	0.161636	0.089053	0.982824	0.186600	-0.980712	0.058173	0.969048	0.173992	-0.175136
29450	9.632492	0.601337	-1.750355	0.001319	0.006316	-0.010085	0.161401	0.089102	0.982858	0.186261	-0.980768	0.058326	0.969153	0.173654	-0.174893
29451	9.608294	0.609895	-1.726303	0.003985	0.008056	-0.011497	0.161319	0.089259	0.982858	0.186336	-0.980744	0.058483	0.969152	0.173708	-0.174845
29452	9.608678	0.648992	-1.686490	0.004012	0.012016	-0.005955	0.161093	0.089260	0.982895	0.184818	-0.981012	0.058799	0.969480	0.172185	-0.174531
29453	9.657451	0.642159	-1.709186	0.014644	0.006482	-0.012673	0.161023	0.089431	0.982890	0.184998	-0.980969	0.058949	0.969457	0.172341	-0.174503
29454	9.608739	0.697070	-1.700126	0.005323	0.008536	-0.009819	0.160829	0.089559	0.982911	0.185749	-0.980826	0.058976	0.969346	0.173089	-0.174380
29455	9.633136	0.667231	-1.715085	0.005320	0.009801	-0.011568	0.160729	0.089713	0.982913	0.185837	-0.980800	0.059131	0.969346	0.173157	-0.174315
29456	9.608869	0.645056	-1.706409	-0.000011	0.010588	-0.010979	0.160566	0.089852	0.982927	0.185427	-0.980863	0.059373	0.969451	0.172728	-0.174155
29457	9.584707	0.653602	-1.682038	-0.005339	0.010112	-0.008642	0.160469	0.089977	0.982931	0.185407	-0.980858	0.059519	0.969471	0.172691	-0.174079
29458	9.609345	0.608130	-1.665992	-0.006671	0.011377	-0.009053	0.160303	0.090106	0.982946	0.185102	-0.980902	0.059731	0.969557	0.172370	-0.173921
29459	9.633974	0.670857	-1.634065	0.001298	0.004106	-0.014357	0.160253	0.090297	0.982937	0.185155	-0.980881	0.059921	0.969555	0.172393	-0.173908
29460	9.584899	0.656884	-1.679663	-0.004016	0.007109	-0.009493	0.159934	0.090326	0.982986	0.185147	-0.980877	0.060009	0.969609	0.172400	-0.173599
29461	9.585026	0.634503	-1.671374	-0.004006	0.007586	-0.006480	0.159864	0.090434	0.982988	0.185136	-0.980872	0.060130	0.969623	0.172374	-0.173549
29462	9.585072	0.689199	-1.662805	0.001313	0.002055	-0.007846	0.159821	0.090608	0.982979	0.185730	-0.980755	0.060205	0.969516	0.172946	-0.173574
29463	9.560875	0.727986	-1.623451	-0.009328	0.004578	-0.000648	0.159791	0.090663	0.982979	0.185658	-0.980764	0.060279	0.969535	0.172866	-0.173549
29464	9.609645	0.697683	-1.639141	-0.012018	-0.001122	-0.004778	0.159998	0.090938	0.982920	0.185784	-0.980727	0.060494	0.969477	0.172932	-0.173809
29465	9.585054	0.659779	-1.677645	-0.009329	0.004578	-0.000647	0.159968	0.090994	0.982919	0.185712	-0.980736	0.060567	0.969495	0.172852	-0.173785
29466	9.609304	0.698710	-1.715648	-0.011985	0.003312	0.003775	0.160086	0.091133	0.982887	0.185371	-0.980789	0.060747	0.969541	0.172474	-0.173904
29467	9.609685	0.667432	-1.653981	-0.014675	-0.002386	-0.000356	0.160125	0.091198	0.982875	0.185247	-0.980808	0.060827	0.969558	0.172335	-0.173946
29468	9.609483	0.652546	-1.700095	-0.014655	0.007108	0.001207	0.160320	0.091442	0.982820	0.185441	-0.980760	0.061001	0.969489	0.172475	-0.174193
29469	9.585401	0.613830	-1.661046	-0.015999	0.003627	0.000016	0.160302	0.091493	0.982819	0.185304	-0.980781	0.061080	0.969518	0.172329	-0.174175
29470	9.609924	0.590873	-1.653250	-0.010668	0.002841	-0.000571	0.160286	0.091608	0.982811	0.186070	-0.980637	0.061059	0.969374	0.173085	-0.174228
29471	9.610365	0.590546	-1.575797	-0.010675	0.001101	-0.001836	0.160288	0.091682	0.982803	0.185989	-0.980647	0.061147	0.969389	0.172989	-0.174238
29472	9.561642	0.598380	-1.552275	-0.006679	-0.001428	-0.002352	0.160267	0.091787	0.982797	0.186325	-0.980581	0.061195	0.969328	0.173312	-0.174257
29473	9.586159	0.744941	-1.497573	-0.013355	-0.008393	-0.000726	0.160364	0.091866	0.982774	0.186216	-0.980596	0.061277	0.969333	0.173181	-0.174359
29474	9.586363	0.637098	-1.437774	-0.030737	-0.016940	-0.008222	0.160416	0.092002	0.982752	0.186137	-0.980602	0.061417	0.969340	0.173075	-0.174429
29475	9.634799	0.553617	-1.463620	-0.036082	-0.022156	-0.006662	0.160635	0.092163	0.982702	0.185817	-0.980652	0.061596	0.969365	0.172709	-0.174652
29476	9.683289	0.531428	-1.458686	-0.017415	-0.028314	-0.005866	0.160961	0.092418	0.982624	0.185890	-0.980626	0.061780	0.969297	0.172715	-0.175022
29477	9.732656	0.646614	-1.268363	-0.014802	-0.044275	-0.012152	0.161384	0.092671	0.982531	0.185785	-0.980634	0.061977	0.969247	0.172538	-0.175476
29478	9.779609	0.396074	-1.498883	-0.044200	-0.039670	-0.022037	0.161563	0.092905	0.982479	0.184874	-0.980783	0.062343	0.969391	0.171562	-0.175634
29479	9.801488	0.139928	-1.828912	-0.021533	-0.025254	-0.031650	0.161766	0.093316	0.982407	0.184735	-0.980783	0.062743	0.969384	0.171336	-0.175896
29480	9.678010	0.098698	-1.969651	0.003771	-0.020318	-0.045514	0.162014	0.094001	0.982301	0.185607	-0.980588	0.063225	0.969176	0.172079	-0.176316
29481	9.700428	0.197946	-2.155849	0.034402	-0.013149	-0.060453	0.162045	0.094674	0.982231	0.186058	-0.980465	0.063809	0.969084	0.172412	-0.176494
29482	9.699129	0.389510	-2.216573	0.049005	0.000675	-0.075816	0.161748	0.095363	0.982214	0.186168	-0.980397	0.064529	0.969113	0.172419	-0.176330
29483	9.649670	0.588595	-2.175570	0.046282	0.010052	-0.082323	0.161513	0.096210	0.982170	0.186769	-0.980231	0.065307	0.969036	0.172891	-0.176289
29484	9.601135	0.717947	-2.033977	0.043558	0.021169	-0.087564	0.161088	0.097039	0.982158	0.186299	-0.980254	0.066295	0.969197	0.172296	-0.175985
29485	9.602045	0.724487	-1.877771	0.034167	0.022307	-0.090688	0.160718	0.097947	0.982128	0.186795	-0.980099	0.067177	0.969163	0.172660	-0.175815
29486	9.675524	0.763114	-1.783362	0.055453	0.027024	-0.092716	0.160266	0.098888	0.982108	0.187753	-0.979858	0.068023	0.969053	0.173492	-0.175604
29487	9.821888	0.902125	-1.619207	0.066087	0.026020	-0.090842	0.159858	0.099790	0.982083	0.188558	-0.979646	0.068850	0.968964	0.174173	-0.175421
29488	9.773523	0.900975	-1.486096	0.071384	0.019312	-0.090410	0.159259	0.100608	0.982097	0.190817	-0.979172	0.069365	0.968620	0.176354	-0.175140
29489	9.798058	0.877461	-1.423728	0.078043	0.013550	-0.085301	0.158980	0.101476	0.982053	0.191728	-0.978940	0.070116	0.968486	0.177140	-0.175087
29490	9.797951	0.899904	-1.300453	0.075337	-0.006308	-0.091678	0.158834	0.102432	0.981977	0.192236	-0.978777	0.071004	0.968410	0.177493	-0.175154
29491	9.773434	0.883604	-1.217065	0.072724	-0.012625	-0.080249	0.158816	0.103297	0.981890	0.193087	-0.978557	0.071715	0.968243	0.178200	-0.175356
29492	9.822170	0.883040	-1.089521	0.086071	-0.041540	-0.082621	0.159247	0.104417	0.981701	0.194222	-0.978271	0.072547	0.967945	0.179115	-0.176067
29493	9.894407	0.921746	-1.003011	0.079434	-0.059235	-0.080715	0.159678	0.105370	0.981529	0.195139	-0.978037	0.073249	0.967690	0.179838	-0.176733
29494	9.919318	0.829169	-0.926358	0.066109	-0.087076	-0.087401	0.160374	0.106488	0.981295	0.196098	-0.977784	0.074058	0.967381	0.180553	-0.177694
29495	9.922175	0.651935	-0.721354	0.064804	-0.123145	-0.090801	0.161402	0.107655	0.980999	0.196891	-0.977561	0.074884	0.967049	0.181063	-0.178977
29496	10.047309	0.507898	-0.506213	0.098097	-0.171528	-0.092774	0.162928	0.109059	0.980592	0.199170	-0.977047	0.075572	0.966326	0.182992	-0.180910
29497	10.297973	0.358832	-0.090134	0.167257	-0.234560	-0.091093	0.165026	0.110436	0.980087	0.200956	-0.976631	0.076210	0.965600	0.184378	-0.183363
29498	10.452812	0.403163	0.513532	0.293300	-0.274009	-0.082534	0.167405	0.111832	0.979525	0.205016	-0.975775	0.076366	0.964336	0.188034	-0.186277
29499	10.567676	0.243452	1.179980	0.340290	-0.377147	-0.104058	0.170839	0.113618	0.978726	0.208493	-0.975004	0.076793	0.962987	0.190938	-0.190257
29500	10.864711	0.059398	2.027099	0.439400	-0.443317	-0.139729	0.174793	0.116023	0.977745	0.214191	-0.973732	0.077255	0.961025	0.195921	-0.195052
29501	11.009894	0.082273	2.465415	0.639420	-0.514318	-0.174238	0.179365	0.118797	0.976584	0.220660	-0.972248	0.077742	0.958717	0.201549	-0.200601
29502	11.127920	0.322448	2.742456	0.729809	-0.608902	-0.196843	0.184845	0.122229	0.975137	0.228556	-0.970376	0.078308	0.955821	0.208398	-0.207306
29503	11.065516	0.657780	2.692601	0.856565	-0.685406	-0.189203	0.190958	0.125575	0.973533	0.237108	-0.968315	0.078393	0.952531	0.215863	-0.214683
29504	10.816298	1.198129	1.881370	0.855442	-0.734617	-0.162884	0.197753	0.129027	0.971723	0.244787	-0.966393	0.078503	0.949196	0.222341	-0.222691
29505	10.195533	1.628157	1.136398	0.739471	-0.830506	-0.117426	0.205342	0.132091	0.969735	0.252054	-0.964564	0.078014	0.945676	0.228406	-0.231359
29506	9.879809	2.177888	0.027965	0.599067	-0.921330	-0.073310	0.213953	0.135069	0.967461	0.257055	-0.963273	0.077637	0.942415	0.232080	-0.240815
29507	9.588397	2.338852	-0.964491	0.396130	-0.976524	-0.015758	0.223111	0.137558	0.965039	0.260840	-0.962317	0.076865	0.939247	0.234571	-0.250584
29508	9.249801	2.291736	-2.371441	0.225831	-0.993415	0.046305	0.232679	0.139781	0.962456	0.263307	-0.961712	0.076017	0.936232	0.235734	-0.260575
29509	9.084798	1.853606	-3.313364	0.056666	-1.033250	0.105385	0.242628	0.141258	0.959780	0.263611	-0.961717	0.074903	0.933617	0.234835	-0.270576
29510	9.095648	1.305440	-3.827327	-0.038839	-1.011372	0.175288	0.252753	0.142090	0.957040	0.261310	-0.962424	0.073878	0.931576	0.231411	-0.280385
29511	9.110246	1.181024	-3.930055	-0.047700	-0.948095	0.229075	0.262183	0.142130	0.954494	0.260300	-0.962849	0.071874	0.929249	0.229611	-0.289440
29512	9.007838	1.281777	-4.157874	-0.050797	-0.838849	0.256200	0.271264	0.141930	0.951983	0.257286	-0.963769	0.070375	0.927480	0.225842	-0.297952
29513	8.891534	1.378131	-4.314843	-0.118921	-0.687961	0.267752	0.278337	0.140957	0.950084	0.255472	-0.964405	0.068239	0.925885	0.223727	-0.304441
29514	8.693506	1.357857	-4.209409	-0.209535	-0.519782	0.286348	0.284105	0.139233	0.948630	0.249801	-0.965979	0.066966	0.925680	0.217943	-0.309220
29515	8.635995	1.021020	-4.054496	-0.290402	-0.331219	0.271322	0.287856	0.137390	0.947767	0.246359	-0.966973	0.065349	0.925444	0.214680	-0.312196
29516	8.641923	0.373386	-3.686937	-0.314864	-0.117039	0.251486	0.290003	0.135207	0.947427	0.240788	-0.968432	0.064500	0.926239	0.209423	-0.313405
29517	8.782261	-0.441594	-3.280433	-0.253650	0.164849	0.208905	0.288988	0.132903	0.948063	0.237853	-0.969232	0.063368	0.927314	0.207187	-0.311708
29518	8.888827	-1.620741	-2.968527	-0.050684	0.460927	0.158207	0.285079	0.130465	0.949583	0.236646	-0.969605	0.062172	0.928832	0.206991	-0.307288
29519	9.049077	-2.721353	-3.164860	0.338878	0.777709	0.097467	0.278095	0.127958	0.951993	0.239542	-0.969014	0.060271	0.930206	0.211281	-0.300129
29520	9.279452	-3.271875	-3.223648	0.864665	1.086789	0.060552	0.268095	0.125085	0.955238	0.247337	-0.967237	0.057239	0.931101	0.220920	-0.290250
29521	9.365785	-2.716001	-2.844435	1.413420	1.378259	0.025581	0.255338	0.121751	0.959155	0.260450	-0.964030	0.053035	0.931111	0.236270	-0.277864
29522	9.321769	-1.377918	-2.525187	1.754732	1.619945	-0.029201	0.240151	0.118110	0.963523	0.276874	-0.959675	0.048629	0.930413	0.255096	-0.263169
29523	9.081051	-0.140406	-2.219546	1.781565	1.821376	-0.096527	0.222947	0.114277	0.968109	0.293684	-0.954839	0.045078	0.929540	0.274268	-0.246439
29524	9.079207	0.718047	-1.943811	1.584397	1.953071	-0.171198	0.204253	0.110434	0.972669	0.308780	-0.950159	0.043037	0.928943	0.291550	-0.228173
29525	9.143421	0.949101	-1.671270	1.288286	2.070084	-0.238726	0.184279	0.106577	0.977079	0.321226	-0.946044	0.042608	0.928900	0.306011	-0.208571
29526	9.225427	0.725839	-1.402884	1.036134	2.140563	-0.289857	0.163412	0.102689	0.981199	0.331368	-0.942500	0.043451	0.929242	0.318038	-0.188044
29527	9.253376	0.446437	-1.250238	0.896814	2.194217	-0.327013	0.141927	0.098735	0.984941	0.340215	-0.939264	0.045132	0.929575	0.328686	-0.166898
29528	9.131414	0.432944	-1.063131	0.834934	2.228242	-0.338392	0.120011	0.094527	0.988262	0.348430	-0.936144	0.047229	0.929620	0.338672	-0.145283
29529	9.105183	0.670481	-0.979915	0.805967	2.240533	-0.335658	0.098009	0.090033	0.991105	0.356297	-0.933059	0.049526	0.929218	0.348273	-0.123527
29530	9.166050	1.149125	-1.166732	0.789399	2.237367	-0.304727	0.076092	0.085029	0.993469	0.363902	-0.930000	0.051724	0.928324	0.357589	-0.101708
29531	9.041912	1.746165	-1.392776	0.725596	2.229638	-0.239669	0.054531	0.079251	0.995362	0.370797	-0.927171	0.053507	0.927112	0.366159	-0.079946
29532	8.816097	2.207533	-1.464090	0.626615	2.204155	-0.149928	0.033510	0.072544	0.996802	0.376675	-0.924733	0.054636	0.925739	0.373640	-0.058313
29533	8.525724	2.342699	-1.323632	0.493885	2.162202	-0.039033	0.013364	0.064826	0.997807	0.381258	-0.922840	0.054849	0.924372	0.379689	-0.037048
29534	8.542214	2.272348	-0.917633	0.377269	2.091337	0.103515	-0.005600	0.055948	0.998418	0.384748	-0.921453	0.053793	0.923004	0.384441	-0.016366
29535	9.677567	0.993092	2.217522	0.115360	1.942478	0.286461	-0.022415	0.045887	0.998695	0.385855	-0.921149	0.050984	0.922287	0.386495	0.002942
29536	8.133400	0.430869	1.114422	0.466167	1.466081	0.423418	-0.034324	0.036358	0.998749	0.390280	-0.919502	0.046886	0.920056	0.391401	0.017372
29537	8.467998	0.828036	-0.148293	0.553024	0.628752	0.478794	-0.038218	0.029548	0.998832	0.395536	-0.917477	0.042275	0.917655	0.396690	0.023377
29538	7.989227	0.154948	-2.214418	0.484695	-0.300157	0.472658	-0.033635	0.026483	0.999083	0.400159	-0.915668	0.037743	0.915828	0.401062	0.020201
29539	8.029849	-0.537886	-3.757985	0.744505	-1.089151	0.479182	-0.021738	0.026572	0.999411	0.407102	-0.912782	0.033123	0.913124	0.407582	0.009025
29540	9.397679	2.946861	-0.150626	0.845239	-1.390480	0.446404	-0.007267	0.028299	0.999573	0.414884	-0.909420	0.028763	0.909845	0.414916	-0.005132
29541	10.642015	6.817705	1.025337	0.413499	-1.355749	0.178225	0.005801	0.032393	0.999458	0.418647	-0.907748	0.026991	0.908131	0.418264	-0.018827
29542	11.423442	4.685483	1.740704	-0.776464	-1.104047	-0.015494	0.015729	0.037205	0.999184	0.411610	-0.910947	0.027440	0.911224	0.410842	-0.029642
29543	9.715552	-0.722819	0.908042	-1.394354	-0.863019	0.107778	0.024056	0.039775	0.998919	0.398849	-0.916622	0.026893	0.916701	0.397771	-0.037914
29544	8.528503	-3.094193	-1.239892	-0.978852	-0.806751	0.339402	0.032745	0.039925	0.998666	0.389790	-0.920590	0.024023	0.920321	0.388484	-0.045707
29545	9.020680	-3.743072	-3.380266	-0.261350	-0.828569	0.520101	0.042397	0.038407	0.998362	0.387194	-0.921802	0.019019	0.921023	0.385754	-0.053952
29546	10.107478	-1.770680	-3.468135	0.424741	-0.835509	0.516135	0.052049	0.036977	0.997960	0.390881	-0.920339	0.013714	0.918968	0.389370	-0.062356
29547	10.033675	-0.035340	-2.340214	0.528510	-0.783709	0.417842	0.060887	0.036270	0.997485	0.395502	-0.918419	0.009254	0.916445	0.393944	-0.070264
29548	10.022602	0.322522	-1.747482	0.415905	-0.816462	0.278096	0.069433	0.037037	0.996899	0.399151	-0.916864	0.006263	0.914252	0.397478	-0.078444
29549	10.209857	0.058711	-2.420424	0.503449	-0.859819	0.210395	0.078129	0.038612	0.996195	0.403600	-0.914928	0.003809	0.911594	0.401766	-0.087066
29550	10.307185	0.942207	-2.493956	0.540026	-0.840278	0.229402	0.086679	0.040003	0.995433	0.408351	-0.912824	0.001125	0.908700	0.406389	-0.095458
29551	10.303698	1.621582	-2.539805	0.368930	-0.770575	0.271703	0.094788	0.040733	0.994664	0.411462	-0.911425	-0.001886	0.906485	0.409445	-0.103152
29552	10.121277	1.417312	-2.724604	0.051247	-0.701994	0.309271	0.102395	0.040891	0.993903	0.411652	-0.911328	-0.004916	0.905571	0.409646	-0.110148
29553	10.201030	0.425685	-3.162948	-0.179252	-0.648839	0.319627	0.109584	0.040694	0.993144	0.409699	-0.912187	-0.007829	0.905615	0.407749	-0.116634
29554	10.224890	-0.458358	-3.577395	-0.203425	-0.568495	0.300094	0.115937	0.040378	0.992436	0.407554	-0.913121	-0.010460	0.905792	0.405684	-0.122321
29555	10.146175	-0.698357	-3.615217	-0.060247	-0.504413	0.274745	0.121625	0.039979	0.991771	0.406692	-0.913472	-0.013052	0.905433	0.404933	-0.127360
29556	10.044502	-0.302621	-3.181241	0.048482	-0.447668	0.256103	0.126705	0.039568	0.991151	0.406849	-0.913363	-0.015548	0.904665	0.405219	-0.131826
29557	9.929682	-0.076363	-2.462260	0.001334	-0.402578	0.252185	0.131373	0.038961	0.990567	0.406547	-0.913453	-0.017990	0.904135	0.405076	-0.135843
29558	9.733407	-0.157486	-1.691039	-0.070716	-0.382557	0.253295	0.135853	0.038313	0.989988	0.405607	-0.913822	-0.020295	0.903895	0.404303	-0.139685
29559	9.717426	-0.341837	-1.109356	-0.084871	-0.377324	0.254482	0.140295	0.037576	0.989396	0.404500	-0.914258	-0.022635	0.903713	0.403386	-0.143466
29560	9.837646	-0.550605	-0.828631	-0.075220	-0.386675	0.239757	0.144751	0.037060	0.988774	0.403517	-0.914636	-0.024791	0.903450	0.402575	-0.147349
29561	9.734098	-0.601944	-0.877809	-0.049633	-0.379379	0.236005	0.149130	0.036493	0.988144	0.402734	-0.914919	-0.026992	0.903087	0.401984	-0.151139
29562	9.636114	-0.582966	-0.998826	-0.040660	-0.395517	0.237218	0.153648	0.036026	0.987469	0.402045	-0.915155	-0.029170	0.902636	0.401489	-0.155096
29563	9.666627	-0.479488	-1.202023	-0.060869	-0.400124	0.229142	0.158180	0.035599	0.986768	0.401151	-0.915478	-0.031278	0.902251	0.400790	-0.159091
29564	9.598511	-0.337994	-1.311728	-0.112905	-0.393589	0.218977	0.162600	0.035282	0.986061	0.399818	-0.915995	-0.033155	0.902057	0.399636	-0.163047
29565	9.664771	-0.435231	-1.561964	-0.154333	-0.410481	0.204785	0.167121	0.035108	0.985311	0.398101	-0.916679	-0.034860	0.901990	0.398080	-0.167173
29566	9.674180	-0.609807	-1.762521	-0.199834	-0.391098	0.190982	0.171398	0.035021	0.984579	0.396013	-0.917527	-0.036303	0.902107	0.396128	-0.171131
29567	9.724475	-0.890109	-2.040667	-0.207172	-0.383973	0.170087	0.175536	0.035043	0.983849	0.393862	-0.918402	-0.037560	0.902253	0.394094	-0.175014
29568	9.751563	-1.098040	-2.160594	-0.182055	-0.365103	0.154029	0.179428	0.035173	0.983142	0.391983	-0.919160	-0.038655	0.902305	0.392311	-0.178711
29569	9.811763	-1.169012	-2.334838	-0.145798	-0.349692	0.137474	0.183123	0.035345	0.982454	0.390433	-0.919776	-0.039684	0.902235	0.390850	-0.182232
29570	9.847982	-0.876936	-2.525165	-0.076274	-0.305757	0.122687	0.186357	0.035518	0.981840	0.389553	-0.920106	-0.040654	0.901953	0.390055	-0.185304
29571	9.793339	-0.498076	-2.673479	-0.070313	-0.272825	0.116560	0.189273	0.035574	0.981280	0.388715	-0.920418	-0.041609	0.901707	0.389314	-0.188038
29572	9.566124	-0.510376	-2.543351	-0.129103	-0.255279	0.100645	0.191966	0.035748	0.980750	0.387394	-0.920945	-0.042258	0.901707	0.388049	-0.190638
29573	9.573629	-0.683531	-2.325074	-0.146250	-0.252227	0.079793	0.194551	0.036056	0.980230	0.385936	-0.921537	-0.042702	0.901778	0.386614	-0.193201
29574	9.646784	-0.994191	-1.998421	-0.148303	-0.241567	0.063479	0.196977	0.036511	0.979728	0.384510	-0.922122	-0.042942	0.901860	0.385174	-0.195675
29575	9.684027	-1.125843	-1.805019	-0.085666	-0.227779	0.044902	0.199206	0.037039	0.979258	0.383664	-0.922464	-0.043156	0.901731	0.384302	-0.197971
29576	9.651686	-0.883223	-1.659274	-0.020895	-0.219024	0.040805	0.201341	0.037610	0.978799	0.383427	-0.922550	-0.043424	0.901357	0.384041	-0.200168
29577	9.499939	-0.602577	-1.556474	-0.016215	-0.222922	0.038669	0.203500	0.038175	0.978330	0.383219	-0.922623	-0.043711	0.900961	0.383810	-0.202383
29578	9.517814	-0.346713	-1.478136	-0.039094	-0.233656	0.032346	0.205733	0.038875	0.977836	0.382833	-0.922776	-0.043860	0.900618	0.383371	-0.204728
29579	9.498363	-0.272148	-1.375583	-0.092445	-0.256528	0.036237	0.208184	0.039589	0.977288	0.381942	-0.923140	-0.043966	0.900433	0.382420	-0.207304
29580	9.539696	-0.348517	-1.331389	-0.115894	-0.277875	0.026429	0.210788	0.040508	0.976692	0.380876	-0.923584	-0.043895	0.900279	0.381251	-0.210109
29581	9.494880	-0.283869	-1.253161	-0.117191	-0.298714	0.034483	0.213611	0.041392	0.976042	0.379764	-0.924040	-0.043926	0.900083	0.380049	-0.213104
29582	9.325832	-0.243583	-1.181560	-0.166236	-0.330560	0.035983	0.216721	0.042413	0.975312	0.378224	-0.924676	-0.043833	0.899988	0.378386	-0.216439
29583	9.236385	-0.477797	-1.041075	-0.219111	-0.361950	0.029091	0.220091	0.043576	0.974506	0.376205	-0.925511	-0.043580	0.900017	0.376205	-0.220090
29584	9.308700	-0.748354	-1.094794	-0.206079	-0.389712	0.023285	0.223681	0.044920	0.973627	0.374332	-0.926285	-0.043263	0.899912	0.374137	-0.224008
29585	9.351088	-0.734768	-1.202424	-0.159247	-0.412013	0.021829	0.227473	0.046322	0.972682	0.372867	-0.926885	-0.043058	0.899570	0.372476	-0.228113
29586	9.374115	-0.652746	-1.294231	-0.156512	-0.443741	0.023624	0.231545	0.047846	0.971647	0.371438	-0.927469	-0.042844	0.899122	0.370827	-0.232522
29587	9.300874	-0.520524	-1.408485	-0.163912	-0.475808	0.015279	0.235881	0.049530	0.970519	0.369947	-0.928078	-0.042550	0.898610	0.369077	-0.237239
29588	9.264803	-0.622489	-1.392748	-0.192085	-0.519769	0.007697	0.240569	0.051462	0.969267	0.368235	-0.928780	-0.042082	0.898070	0.367041	-0.242386
29589	9.185844	-0.755413	-1.244232	-0.197345	-0.550450	-0.004845	0.245496	0.053588	0.967915	0.366493	-0.929495	-0.041494	0.897449	0.364921	-0.247827
29590	9.105318	-0.972264	-1.050071	-0.200007	-0.597036	-0.017864	0.250775	0.056012	0.966424	0.364775	-0.930204	-0.040741	0.896689	0.362744	-0.253704
29591	9.097409	-1.206448	-0.886862	-0.163500	-0.650722	-0.035560	0.256480	0.058764	0.964762	0.363418	-0.930770	-0.039921	0.895626	0.360851	-0.260080
29592	9.288485	-1.204403	-0.944575	-0.082779	-0.693590	-0.046671	0.262502	0.061776	0.962952	0.362828	-0.931032	-0.039179	0.894119	0.359671	-0.266812
29593	9.405164	-0.753917	-1.112828	-0.010486	-0.731822	-0.046461	0.268873	0.064905	0.960986	0.362878	-0.931035	-0.038647	0.892204	0.359111	-0.273883
29594	9.288739	-0.611255	-1.389236	-0.068972	-0.778104	-0.050382	0.275606	0.068237	0.958846	0.362428	-0.931241	-0.037902	0.890330	0.357958	-0.281387
29595	9.435600	-0.637046	-1.809036	-0.035937	-0.811443	-0.062950	0.282597	0.071790	0.956549	0.362304	-0.931320	-0.037140	0.888186	0.357057	-0.289198
29596	9.351475	-0.456346	-2.174449	-0.070068	-0.840862	-0.066123	0.289795	0.075472	0.954108	0.361899	-0.931513	-0.036237	0.886029	0.355792	-0.297261
29597	9.433299	-0.487942	-2.617312	-0.079494	-0.854058	-0.069407	0.297104	0.079217	0.951553	0.361421	-0.931735	-0.035280	0.883801	0.354393	-0.305453
29598	9.516280	-0.260475	-2.955863	-0.066318	-0.863801	-0.074091	0.304437	0.083030	0.948907	0.361086	-0.931901	-0.034305	0.881439	0.353081	-0.313687
29599	9.558897	-0.171887	-3.295256	-0.090455	-0.868000	-0.081363	0.311787	0.086912	0.946169	0.360562	-0.932144	-0.033191	0.879081	0.351501	-0.321968
29600	9.573663	-0.185296	-3.571376	-0.111644	-0.861450	-0.094947	0.318985	0.090885	0.943392	0.359910	-0.932443	-0.031865	0.876763	0.349701	-0.330145
29601	9.536995	-0.553453	-3.833419	-0.154459	-0.857345	-0.109889	0.326100	0.094964	0.940554	0.358935	-0.932872	-0.030258	0.874542	0.347465	-0.338295
29602	9.683266	-0.745689	-3.947358	-0.142894	-0.854636	-0.133765	0.333062	0.099241	0.937668	0.358158	-0.933228	-0.028448	0.872234	0.345308	-0.346367
29603	9.970539	-0.841653	-4.003954	-0.136549	-0.827426	-0.153129	0.339724	0.103584	0.934804	0.357507	-0.933535	-0.026481	0.869929	0.343195	-0.354177
29604	10.012999	-0.413764	-3.963529	-0.084892	-0.813200	-0.155691	0.346213	0.107888	0.931932	0.357333	-0.933652	-0.024662	0.867439	0.341548	-0.361794
29605	9.875215	0.146798	-3.870049	-0.115894	-0.800310	-0.155594	0.352592	0.112132	0.929035	0.356897	-0.933867	-0.022736	0.865045	0.339586	-0.369294
29606	9.693103	-0.411621	-3.525566	-0.250739	-0.824730	-0.186452	0.359035	0.116728	0.925996	0.355424	-0.934491	-0.020009	0.863000	0.336305	-0.377003
29607	10.351359	-1.465045	-3.361741	-0.179749	-0.846823	-0.247759	0.365455	0.121946	0.922807	0.354797	-0.934789	-0.016979	0.860559	0.333615	-0.384889
29608	11.198878	-1.246520	-3.059206	0.089124	-0.862732	-0.293335	0.371801	0.127626	0.919497	0.356672	-0.934116	-0.014566	0.857058	0.333375	-0.392826
29609	11.604711	0.188455	-2.488503	0.311682	-0.905618	-0.291240	0.378500	0.133437	0.915932	0.360455	-0.932685	-0.013077	0.852531	0.335102	-0.401119
29610	11.666187	1.764171	-1.840442	0.304477	-0.976671	-0.266046	0.385813	0.139253	0.912007	0.364087	-0.931290	-0.011826	0.847696	0.336613	-0.410004
29611	11.519283	2.397215	-1.061579	0.102575	-1.063115	-0.259233	0.393856	0.145307	0.907614	0.365992	-0.930566	-0.009840	0.843165	0.336055	-0.419691
29612	11.331020	2.005546	-0.309100	-0.139790	-1.173564	-0.272982	0.402685	0.151832	0.902658	0.365936	-0.930616	-0.006713	0.839009	0.333019	-0.430306
29613	11.329970	1.335908	0.258067	-0.277611	-1.293342	-0.297659	0.412422	0.158945	0.897020	0.364854	-0.931061	-0.002772	0.834739	0.328424	-0.441982
29614	11.145912	1.596724	0.765589	-0.319365	-1.409393	-0.299622	0.423000	0.166384	0.890723	0.363483	-0.931600	0.001403	0.830031	0.323169	-0.454544
29615	10.786026	1.461255	0.852043	-0.416830	-1.551989	-0.280067	0.434828	0.174024	0.883539	0.361264	-0.932445	0.005863	0.824871	0.316642	-0.468322
29616	10.518877	1.633588	0.929118	-0.498236	-1.664542	-0.237885	0.447572	0.181502	0.875635	0.358256	-0.933566	0.010391	0.819349	0.309050	-0.482862
29617	10.333200	1.318270	0.813783	-0.609288	-1.789319	-0.196077	0.461482	0.188848	0.866816	0.354203	-0.935046	0.015139	0.813372	0.300043	-0.498397
29618	10.342288	1.202471	0.705559	-0.568882	-1.902686	-0.127664	0.476338	0.195711	0.857204	0.350234	-0.936466	0.019187	0.806497	0.291082	-0.514619
29619	9.992900	1.324516	0.586947	-0.547788	-2.013434	-0.064612	0.492274	0.202150	0.846641	0.346183	-0.937894	0.022653	0.798639	0.281941	-0.531681
29620	10.135482	1.142096	0.079207	-0.569784	-2.091196	-0.030005	0.508661	0.208266	0.835398	0.341847	-0.939395	0.026048	0.790193	0.272329	-0.549029
29621	10.310400	0.883942	-0.510092	-0.619082	-2.145269	-0.020152	0.525449	0.214251	0.823407	0.337121	-0.940992	0.029716	0.781187	0.261973	-0.566672
29622	10.475966	0.238854	-1.776831	-0.673798	-2.192879	-0.009572	0.542308	0.219997	0.810866	0.331981	-0.942683	0.033732	0.771810	0.250899	-0.584259
29623	10.822783	-0.445441	-2.752319	-0.705199	-2.241368	0.013097	0.559539	0.225430	0.797557	0.326537	-0.944426	0.037856	0.761768	0.239250	-0.602054
29624	11.119373	-1.033924	-3.619296	-0.640016	-2.309072	0.047651	0.577012	0.230397	0.783565	0.321463	-0.946015	0.041440	0.750812	0.227976	-0.619926
29625	11.233631	-1.214437	-4.631181	-0.511047	-2.368236	0.071365	0.594878	0.235061	0.768679	0.317277	-0.947305	0.044145	0.738550	0.217624	-0.638110
29626	11.157046	-0.989424	-5.327541	-0.446940	-2.420919	0.079355	0.612704	0.239467	0.753160	0.313559	-0.948431	0.046470	0.725448	0.207688	-0.656194
29627	10.684698	-0.621883	-5.782425	-0.339164	-2.415480	0.084921	0.630324	0.243631	0.737113	0.310634	-0.949310	0.048135	0.711476	0.198632	-0.674053
29628	10.236052	-0.312307	-6.650792	-0.340793	-2.345827	0.052262	0.646870	0.247689	0.721256	0.307927	-0.950090	0.050104	0.697668	0.189683	-0.690855
29629	9.708040	-0.175536	-7.087039	-0.346445	-2.186490	0.027733	0.662065	0.251539	0.705973	0.305393	-0.950785	0.052366	0.684401	0.180930	-0.706300
29630	8.962166	-0.303732	-7.539579	-0.369701	-1.971105	0.042221	0.675425	0.254615	0.692079	0.302628	-0.951536	0.054723	0.672471	0.172481	-0.719745
29631	8.197995	-0.536476	-7.770491	-0.273083	-1.723762	0.082050	0.687169	0.256808	0.679594	0.300291	-0.952192	0.056180	0.661531	0.165471	-0.731434
29632	7.340984	-0.951316	-7.978648	-0.150354	-1.463094	0.111943	0.696978	0.258115	0.669028	0.298552	-0.952717	0.056540	0.651988	0.160333	-0.741083
29633	6.469615	-0.600687	-8.575262	0.040652	-1.212035	0.101097	0.705128	0.259139	0.660031	0.298151	-0.952898	0.055602	0.643351	0.157582	-0.749178
29634	5.964919	-0.456775	-9.546745	0.017724	-1.044262	0.045714	0.711817	0.260322	0.652341	0.297961	-0.952983	0.055169	0.636032	0.155102	-0.755915
29635	7.096136	-1.377043	-7.141384	-0.000200	-0.850216	0.033351	0.717297	0.261374	0.645886	0.297766	-0.953054	0.054989	0.629937	0.152879	-0.761451
29636	8.679370	-1.796570	-5.673157	0.330692	-0.471267	0.005504	0.720152	0.262027	0.642436	0.299820	-0.952554	0.052424	0.625692	0.154861	-0.764544
29637	9.364086	-1.420090	-5.876339	0.759763	0.052065	-0.048802	0.719677	0.262469	0.642787	0.304963	-0.951206	0.046964	0.623749	0.162227	-0.764604
29638	8.999290	-0.448871	-6.427256	1.076076	0.558530	-0.116150	0.715708	0.262599	0.647150	0.312524	-0.949089	0.039487	0.624572	0.173989	-0.761339
29639	7.846056	0.385563	-6.769174	1.146390	1.015463	-0.162579	0.708830	0.262366	0.654771	0.320908	-0.946574	0.031888	0.628155	0.187518	-0.755154
29640	7.033949	0.617710	-6.988571	1.092830	1.391185	-0.196706	0.699275	0.261478	0.665315	0.329204	-0.943928	0.024969	0.634538	0.201565	-0.746145
29641	6.784063	0.762015	-6.875802	0.999646	1.708985	-0.241710	0.687549	0.260254	0.677897	0.337310	-0.941197	0.019226	0.643039	0.215443	-0.734905
29642	6.874707	0.565054	-6.630690	0.941040	2.029814	-0.278280	0.673298	0.258311	0.692781	0.345320	-0.938376	0.014276	0.653777	0.229619	-0.721007
29643	6.943669	0.351591	-6.451281	0.919622	2.377604	-0.311876	0.656509	0.255660	0.709671	0.353506	-0.935379	0.009947	0.666355	0.244343	-0.704463
29644	6.664865	0.322984	-6.585155	0.951105	2.744821	-0.307365	0.636772	0.251563	0.728860	0.361916	-0.932194	0.005553	0.680836	0.260251	-0.684640
29645	6.393801	0.740347	-6.465882	0.923652	3.062034	-0.309102	0.614545	0.246283	0.749452	0.370252	-0.928930	0.001659	0.696597	0.276466	-0.662056
29646	6.249094	1.219899	-6.462278	0.782457	3.360027	-0.327784	0.589462	0.239732	0.771403	0.377761	-0.925903	-0.000917	0.714024	0.291947	-0.636346
29647	6.278815	1.571209	-6.683796	0.582282	3.625027	-0.349904	0.561900	0.232192	0.793949	0.384025	-0.923321	-0.001758	0.732662	0.305884	-0.607982
29648	6.351496	1.786020	-6.703401	0.325122	3.863584	-0.376932	0.531583	0.223587	0.816963	0.388520	-0.921440	-0.000622	0.752643	0.317737	-0.576690
29649	6.373641	1.676484	-6.481538	0.040206	4.065219	-0.400338	0.498995	0.214229	0.839708	0.390923	-0.920420	0.002516	0.773423	0.327006	-0.543032
29650	6.596979	1.239476	-6.324368	-0.210692	4.238822	-0.423213	0.463927	0.204091	0.862044	0.391329	-0.920222	0.007262	0.794754	0.333974	-0.506782
29651	6.884322	0.755924	-6.217554	-0.343112	4.412229	-0.425554	0.426724	0.193208	0.883503	0.390490	-0.920519	0.012699	0.815735	0.339580	-0.468254
29652	7.214559	0.315807	-6.178019	-0.360701	4.562951	-0.422793	0.387216	0.181468	0.903954	0.389251	-0.920953	0.018142	0.835792	0.344840	-0.427244
29653	7.437937	0.100184	-6.041106	-0.303356	4.697836	-0.410533	0.345914	0.168981	0.922924	0.388217	-0.921277	0.023175	0.854185	0.350278	-0.384283
29654	7.548793	0.086685	-5.901160	-0.208851	4.799288	-0.395889	0.302809	0.155663	0.940253	0.387714	-0.921364	0.027672	0.870623	0.356170	-0.339350
29655	7.833558	0.074387	-5.814226	-0.100554	4.875882	-0.399558	0.258456	0.141882	0.955547	0.387972	-0.921121	0.031832	0.884691	0.362498	-0.293115
29656	8.221166	-0.007402	-5.535132	-0.003024	4.945098	-0.396013	0.212707	0.127430	0.968771	0.388888	-0.920593	0.035707	0.896394	0.369148	-0.245372
29657	8.485913	0.077412	-5.123257	0.124210	5.001538	-0.406563	0.166052	0.112588	0.979669	0.390791	-0.919634	0.039450	0.905378	0.376295	-0.196705
29658	8.706606	0.226229	-4.678020	0.182240	5.033302	-0.409693	0.118550	0.097235	0.988176	0.393035	-0.918507	0.043227	0.911850	0.383263	-0.147106
29659	8.963702	0.412764	-4.014637	0.182343	5.004012	-0.418178	0.071161	0.081800	0.994105	0.395107	-0.917421	0.047207	0.915875	0.389418	-0.097604
29660	9.527945	0.788656	-3.238957	0.090083	4.954799	-0.413705	0.023943	0.066191	0.997520	0.396129	-0.916759	0.051324	0.917882	0.393918	-0.048171
29661	10.163514	0.994732	-2.612844	-0.051351	4.854682	-0.394182	-0.022194	0.050683	0.998468	0.395665	-0.916727	0.055329	0.918127	0.396286	0.000292
29662	10.675498	1.641031	-2.080877	-0.172301	4.722805	-0.308413	-0.066880	0.034797	0.997154	0.393943	-0.917276	0.058432	0.916698	0.396730	0.047639
