// General information: 
//  MT Manager version: 2022.2.0 
//  XDA version: 2022.2.0 build 7381 rev 124627 built on 2023-07-19
// Device information: 
//  DeviceId: 00B4CAF0
//  ProductCode: MTW2-3A7G6
//  Firmware Version: 4.6.0
//  Hardware Version: 2.0.0
// Device settings: 
//  Filter Profile: human(46.1)
//  Option Flags: Orientation Smoother Disabled, Position/Velocity Smoother Disabled, Continuous Zero Rotation Update Disabled, AHS Disabled, ICC Disabled
// Coordinate system: ENU
PacketCounter	Acc_X	Acc_Y	Acc_Z	Gyr_X	Gyr_Y	Gyr_Z	Mat[1][1]	Mat[2][1]	Mat[3][1]	Mat[1][2]	Mat[2][2]	Mat[3][2]	Mat[1][3]	Mat[2][3]	Mat[3][3]
53944	5.150165	0.380459	8.897944	-0.000007	0.004216	0.004155	-0.714329	-0.487739	0.501841	0.582156	-0.812124	0.039347	0.388367	0.320256	0.864064
53945	5.130469	0.394394	8.873379	-0.003604	0.005207	0.003411	-0.714342	-0.487749	0.501813	0.582127	-0.812148	0.039285	0.388385	0.320182	0.864084
53946	5.149206	0.379631	8.898534	-0.004694	0.007415	0.000587	-0.714380	-0.487748	0.501760	0.582077	-0.812187	0.039225	0.388391	0.320084	0.864117
53947	5.133985	0.359259	8.874785	-0.004428	0.004775	0.001311	-0.714404	-0.487739	0.501734	0.582030	-0.812224	0.039167	0.388417	0.320005	0.864135
53948	5.151650	0.396205	8.882551	-0.004843	0.006667	0.002338	-0.714429	-0.487749	0.501690	0.581991	-0.812255	0.039097	0.388430	0.319910	0.864164
53949	5.151128	0.395857	8.882869	0.000964	0.005395	0.004506	-0.714437	-0.487768	0.501660	0.581988	-0.812259	0.039069	0.388421	0.319872	0.864182
53950	5.124431	0.374779	8.891571	-0.004428	0.004775	0.001311	-0.714463	-0.487758	0.501632	0.581938	-0.812297	0.039009	0.388447	0.319789	0.864201
53951	5.143276	0.360047	8.916658	-0.000572	0.005358	0.006936	-0.714457	-0.487797	0.501603	0.581946	-0.812294	0.038956	0.388447	0.319738	0.864220
53952	5.119981	0.356506	8.908779	-0.000275	0.006855	0.003433	-0.714477	-0.487812	0.501559	0.581928	-0.812308	0.038920	0.388435	0.319680	0.864247
53953	5.139220	0.340580	8.860627	0.000556	0.003072	0.001378	-0.714494	-0.487798	0.501549	0.581901	-0.812328	0.038905	0.388444	0.319649	0.864254
53954	5.035987	0.328188	8.933690	-0.000565	0.001143	0.002779	-0.714495	-0.487791	0.501554	0.581880	-0.812345	0.038870	0.388474	0.319616	0.864253
53955	5.107281	0.233074	8.919544	0.004287	-0.009738	-0.003717	-0.714492	-0.487695	0.501651	0.581831	-0.812378	0.038912	0.388553	0.319679	0.864194
53956	5.113232	0.200293	8.919471	0.022694	-0.020804	-0.005175	-0.714454	-0.487555	0.501842	0.581844	-0.812359	0.039118	0.388604	0.319941	0.864075
53957	5.153796	0.347314	8.899206	0.034750	-0.021104	-0.006089	-0.714421	-0.487404	0.502037	0.581897	-0.812306	0.039435	0.388587	0.320307	0.863947
53958	5.179692	0.474537	8.854744	0.026285	-0.021799	-0.004420	-0.714373	-0.487267	0.502236	0.581930	-0.812271	0.039668	0.388623	0.320604	0.863820
53959	5.169866	0.476113	8.886127	0.023243	-0.017736	-0.003786	-0.714340	-0.487145	0.502403	0.581954	-0.812243	0.039874	0.388649	0.320859	0.863714
53960	5.187343	0.444721	8.853495	0.020462	-0.012095	0.001725	-0.714296	-0.487088	0.502521	0.582008	-0.812198	0.040026	0.388650	0.321061	0.863638
53961	5.139167	0.422267	8.853237	0.015361	-0.007004	-0.000820	-0.714286	-0.487024	0.502596	0.582022	-0.812181	0.040149	0.388645	0.321200	0.863588
53962	5.144513	0.389322	8.853527	0.014092	-0.009679	0.002337	-0.714248	-0.486980	0.502693	0.582056	-0.812152	0.040243	0.388666	0.321339	0.863528
53963	5.132665	0.441412	8.868080	0.014240	-0.008932	0.000586	-0.714223	-0.486922	0.502786	0.582076	-0.812132	0.040349	0.388682	0.321478	0.863469
53964	5.141515	0.425602	8.851714	0.009785	-0.008289	0.006122	-0.714168	-0.486913	0.502873	0.582119	-0.812100	0.040387	0.388718	0.321575	0.863417
53965	5.104432	0.404672	8.892312	0.006223	-0.007383	-0.003006	-0.714169	-0.486830	0.502950	0.582083	-0.812123	0.040442	0.388769	0.321641	0.863369
53966	5.143025	0.426660	8.850785	0.006308	-0.010684	0.007857	-0.714095	-0.486827	0.503059	0.582125	-0.812093	0.040441	0.388843	0.321722	0.863305
53967	5.138285	0.340229	8.900948	0.005221	-0.012698	0.000879	-0.714053	-0.486758	0.503185	0.582113	-0.812100	0.040468	0.388938	0.321806	0.863231
53968	5.154504	0.359049	8.851014	0.007844	-0.014870	0.001279	-0.714001	-0.486687	0.503327	0.582112	-0.812098	0.040513	0.389034	0.321919	0.863146
53969	5.127085	0.443789	8.897018	0.003128	-0.015805	0.001939	-0.713942	-0.486617	0.503479	0.582099	-0.812108	0.040517	0.389163	0.322001	0.863057
53970	5.182068	0.433606	8.896651	0.000357	-0.014380	0.003294	-0.713875	-0.486571	0.503617	0.582092	-0.812115	0.040486	0.389296	0.322053	0.862978
53971	5.176630	0.396506	8.856064	-0.003948	-0.012988	0.007079	-0.713797	-0.486552	0.503747	0.582088	-0.812122	0.040403	0.389446	0.322065	0.862906
53972	5.177660	0.395718	8.855497	-0.005599	-0.009635	0.007028	-0.713727	-0.486551	0.503847	0.582083	-0.812130	0.040302	0.389580	0.322045	0.862852
53973	5.163382	0.376807	8.904337	-0.004037	-0.005468	0.000364	-0.713717	-0.486501	0.503909	0.582031	-0.812170	0.040252	0.389677	0.322019	0.862818
53974	5.185716	0.429561	8.821545	-0.003920	-0.004635	0.006995	-0.713670	-0.486512	0.503965	0.582028	-0.812176	0.040166	0.389767	0.321987	0.862789
53975	5.163209	0.427101	8.886385	-0.006425	-0.005849	0.009079	-0.713608	-0.486532	0.504035	0.582028	-0.812182	0.040052	0.389881	0.321944	0.862754
53976	5.140815	0.423051	8.878060	-0.001975	-0.002275	0.007690	-0.713571	-0.486548	0.504070	0.582030	-0.812184	0.039982	0.389944	0.321914	0.862737
53977	5.137689	0.405084	8.894556	0.000647	-0.004448	0.008088	-0.713520	-0.486565	0.504127	0.582052	-0.812171	0.039933	0.390007	0.321921	0.862706
53978	5.161055	0.406153	8.829275	-0.002123	-0.003022	0.009444	-0.713468	-0.486598	0.504169	0.582070	-0.812161	0.039852	0.390075	0.321895	0.862685
53979	5.142063	0.247473	8.873258	0.005627	-0.006154	0.008156	-0.713409	-0.486610	0.504240	0.582111	-0.812132	0.039846	0.390120	0.321950	0.862644
53980	5.173454	0.408789	8.869298	0.014349	-0.008108	0.007215	-0.713351	-0.486607	0.504325	0.582177	-0.812081	0.039919	0.390128	0.322083	0.862591
53981	5.161633	0.460565	8.883885	0.014201	-0.008855	0.008970	-0.713277	-0.486617	0.504420	0.582258	-0.812021	0.039983	0.390143	0.322221	0.862532
53982	5.139807	0.458053	8.875161	0.015142	-0.011809	0.013555	-0.713162	-0.486661	0.504541	0.582379	-0.811931	0.040027	0.390173	0.322380	0.862459
53983	5.133775	0.422269	8.834835	0.019064	-0.002956	0.010706	-0.713101	-0.486703	0.504586	0.582490	-0.811847	0.040124	0.390118	0.322529	0.862429
53984	5.091827	0.438187	8.947981	0.028724	-0.007866	0.014353	-0.712997	-0.486765	0.504673	0.582670	-0.811710	0.040282	0.390040	0.322778	0.862370
53985	5.098912	0.526849	8.896284	0.033517	-0.018677	0.016272	-0.712842	-0.486802	0.504855	0.582877	-0.811552	0.040476	0.390012	0.323121	0.862254
53986	5.134811	0.358980	8.866794	0.041409	-0.016849	0.017388	-0.712688	-0.486857	0.505021	0.583124	-0.811361	0.040729	0.389925	0.323517	0.862146
53987	5.094679	0.549333	8.909634	0.055178	-0.028039	0.023261	-0.712456	-0.486920	0.505287	0.583466	-0.811098	0.041074	0.389838	0.324081	0.861973
53988	5.037653	0.652751	9.035678	0.053789	-0.023105	0.028099	-0.712214	-0.487044	0.505509	0.583840	-0.810814	0.041379	0.389721	0.324607	0.861828
53989	5.018780	0.599285	8.970191	0.052470	-0.034135	0.031383	-0.711911	-0.487152	0.505831	0.584229	-0.810519	0.041659	0.389692	0.325179	0.861626
53990	5.034578	0.431011	9.004427	0.064040	-0.065150	0.038563	-0.711447	-0.487218	0.506421	0.584712	-0.810153	0.042001	0.389815	0.325991	0.861263
53991	4.679563	0.241771	9.363730	0.103159	-0.085987	0.050487	-0.710829	-0.487311	0.507198	0.585434	-0.809599	0.042620	0.389858	0.327226	0.860775
53992	4.434471	0.397683	9.669115	0.104225	-0.261825	0.054547	-0.709500	-0.486862	0.509485	0.586190	-0.809020	0.043223	0.391140	0.329322	0.859393
53993	4.466083	0.250754	9.635641	0.153452	-0.328557	0.054703	-0.707905	-0.486183	0.512344	0.587140	-0.808275	0.044248	0.392603	0.332141	0.857639
53994	4.464387	0.118237	9.565443	0.179088	-0.458989	0.055120	-0.705787	-0.485065	0.516311	0.588198	-0.807437	0.045483	0.394827	0.335794	0.855192
53995	4.083421	0.231593	10.015863	0.195444	-0.635685	0.053102	-0.702967	-0.483309	0.521776	0.589308	-0.806548	0.046863	0.398188	0.340430	0.851794
53996	4.216815	0.298912	10.258554	0.176034	-0.856886	0.065089	-0.699158	-0.480867	0.529098	0.590437	-0.805655	0.047999	0.403189	0.345958	0.847202
53997	4.184371	0.607120	10.177516	0.147124	-1.082536	0.100636	-0.694176	-0.477862	0.538301	0.591697	-0.804688	0.048693	0.409896	0.352312	0.841345
53998	4.242495	0.912360	10.377666	0.153370	-1.342101	0.171282	-0.687616	-0.474429	0.549638	0.593478	-0.803356	0.049032	0.418292	0.359913	0.833963
53999	4.254912	1.680534	11.260884	0.173590	-1.651184	0.268311	-0.679041	-0.470528	0.563477	0.596007	-0.801485	0.048968	0.428577	0.369088	0.824679
54000	4.652469	1.285989	10.568831	0.099858	-1.956040	0.375548	-0.668305	-0.466186	0.579689	0.598933	-0.799382	0.047628	0.441189	0.379025	0.813445
54001	5.181426	1.437662	10.594959	0.082493	-2.241089	0.452953	-0.655548	-0.461148	0.597996	0.602262	-0.796994	0.045618	0.455563	0.390055	0.800200
54002	6.135735	1.816112	10.255102	-0.090373	-2.387451	0.557106	-0.641130	-0.456114	0.617181	0.605415	-0.794827	0.041509	0.471619	0.400264	0.785725
54003	6.693837	2.426513	10.869822	-0.400995	-2.451496	0.696501	-0.625134	-0.451699	0.636534	0.607858	-0.793316	0.034017	0.489608	0.408188	0.770498
54004	7.614915	1.972499	10.274397	-0.730107	-2.561328	0.846065	-0.607187	-0.447855	0.656315	0.609393	-0.792536	0.022968	0.509867	0.413899	0.754138
54005	7.733187	2.605429	10.467457	-0.900308	-2.415178	0.918106	-0.589044	-0.445054	0.674503	0.610164	-0.792210	0.010137	0.529837	0.417528	0.738203
54006	8.163652	0.843340	9.249894	-0.747535	-2.305696	0.857837	-0.571384	-0.442144	0.691396	0.611082	-0.791567	-0.001192	0.547813	0.421819	0.722475
54007	7.256723	-0.165059	7.879615	-0.535943	-2.241863	0.829867	-0.553856	-0.439152	0.707382	0.612732	-0.790216	-0.010827	0.563740	0.427439	0.706749
54008	7.328821	-0.340900	8.089838	-0.279643	-2.129017	0.811456	-0.536718	-0.436356	0.722168	0.615534	-0.787891	-0.018600	0.577106	0.434536	0.691467
54009	7.106795	-0.137857	8.406688	-0.075452	-2.016628	0.804802	-0.520009	-0.433803	0.735803	0.619307	-0.784751	-0.024982	0.588260	0.442697	0.676735
54010	4.732201	0.628916	8.758170	-0.043054	-1.724901	0.785618	-0.504897	-0.432211	0.747177	0.623038	-0.781574	-0.031097	0.597414	0.449819	0.663897
54011	1.884348	1.723972	9.917679	-0.084294	-1.268765	0.714337	-0.492822	-0.432010	0.755310	0.626055	-0.778899	-0.037016	0.604302	0.454624	0.654321
54012	-1.375458	3.024645	11.146278	-0.253560	-0.563268	0.535642	-0.486020	-0.433579	0.758811	0.627106	-0.777760	-0.042745	0.608706	0.455080	0.649907
54013	-0.255441	2.716681	12.265623	-0.360344	-0.086444	0.200731	-0.484245	-0.434713	0.759297	0.625842	-0.778556	-0.046605	0.611415	0.452631	0.649074
54014	2.138175	1.495890	14.420936	-0.146979	0.990833	-0.225272	-0.491688	-0.437377	0.752957	0.623815	-0.780225	-0.045860	0.607534	0.447158	0.656470
54015	-1.413197	0.978974	13.026394	0.093338	1.897677	-0.479787	-0.506121	-0.442007	0.740589	0.621945	-0.781952	-0.041655	0.597517	0.439523	0.670666
54016	-3.273863	0.716936	11.970964	0.215306	2.393114	-0.495694	-0.523352	-0.448519	0.724523	0.620641	-0.783242	-0.036556	0.583873	0.430537	0.688281
54017	-2.743780	0.333294	11.446607	0.268645	2.667792	-0.374052	-0.541050	-0.456906	0.706047	0.620159	-0.783823	-0.032005	0.568039	0.420545	0.707441
54018	-1.078973	-0.256319	11.670633	0.340275	2.984949	-0.215197	-0.559082	-0.467584	0.684684	0.620852	-0.783425	-0.028057	0.549518	0.409402	0.728300
54019	0.521255	-0.680139	11.832530	0.489997	3.366789	-0.078108	-0.577709	-0.480518	0.659814	0.623008	-0.781850	-0.023910	0.527365	0.397256	0.751049
54020	1.413759	-0.401544	11.655631	0.654597	3.721898	0.034827	-0.596660	-0.495318	0.631393	0.626559	-0.779139	-0.019131	0.501419	0.384191	0.775227
54021	2.014677	-0.105225	11.063133	0.802830	3.942545	0.152638	-0.614914	-0.511350	0.600335	0.631355	-0.775372	-0.013755	0.472516	0.370566	0.799631
54022	2.587914	0.120297	10.589851	0.936699	3.983035	0.283448	-0.631342	-0.528027	0.567975	0.637388	-0.770504	-0.007812	0.441752	0.357088	0.823009
54023	3.362868	0.234876	10.349274	1.103973	3.886637	0.393088	-0.645389	-0.544650	0.535565	0.644561	-0.764552	-0.000786	0.409895	0.344697	0.844494
54024	3.788411	0.348778	10.102657	1.274991	3.669282	0.481039	-0.656742	-0.560755	0.504226	0.652698	-0.757580	0.007609	0.377725	0.334104	0.863538
54025	3.433966	0.605801	9.514691	1.436947	3.267853	0.557623	-0.664931	-0.575718	0.475831	0.661552	-0.749698	0.017385	0.346720	0.326347	0.879365
54026	3.411436	0.687466	8.849281	1.571433	2.628782	0.652281	-0.669348	-0.589101	0.452695	0.671117	-0.740812	0.028269	0.318709	0.322734	0.891217
54027	3.945633	0.332538	8.395438	1.743964	1.843417	0.717134	-0.670170	-0.600313	0.436459	0.681234	-0.730935	0.040674	0.294606	0.324589	0.898804
54028	6.098533	-0.314069	9.091586	2.056663	1.024042	0.713725	-0.668193	-0.608851	0.427572	0.691839	-0.719868	0.056107	0.273635	0.333302	0.902238
54029	15.168166	-1.951666	12.084351	2.565130	0.487275	0.486950	-0.666102	-0.613958	0.423514	0.701804	-0.708178	0.077167	0.252546	0.348625	0.902597
54030	26.355423	-1.448807	13.119821	3.167232	1.086714	-0.074645	-0.669225	-0.617302	0.413614	0.708823	-0.697364	0.106084	0.222954	0.364173	0.904251
54031	26.510772	-1.435349	9.142470	2.975887	2.620037	-0.754688	-0.679934	-0.621631	0.388928	0.709759	-0.691170	0.136110	0.184205	0.368591	0.911158
54032	12.018428	13.392970	11.190453	1.381560	2.337181	-0.883325	-0.690208	-0.624066	0.366271	0.706056	-0.691637	0.152067	0.158426	0.363566	0.917998
54033	11.116039	-3.563244	-10.150196	-0.614075	1.745583	-0.631578	-0.697370	-0.625861	0.349246	0.700695	-0.697805	0.148647	0.150673	0.348377	0.925165
54034	14.225293	-5.385107	-4.849681	-1.604976	0.597844	-0.553567	-0.702169	-0.623995	0.342912	0.694326	-0.706758	0.135664	0.157702	0.333352	0.929520
54035	19.413190	-4.845148	-5.457792	-1.459061	-0.031745	-0.626020	-0.706464	-0.619408	0.342407	0.687510	-0.715473	0.124212	0.168045	0.323160	0.931305
54036	16.436252	-4.283857	-9.452469	-1.461759	-0.717382	-0.401761	-0.707973	-0.614199	0.348617	0.682077	-0.722657	0.111974	0.183156	0.317058	0.930553
54037	0.085109	-2.678876	3.557246	-1.505879	-1.249544	-0.258793	-0.707344	-0.608348	0.359968	0.677311	-0.729022	0.098878	0.202272	0.313751	0.927710
54038	6.245520	1.217663	12.100996	-1.576677	-1.644252	-0.338148	-0.706134	-0.600698	0.374883	0.671527	-0.736029	0.085511	0.224559	0.312126	0.923120
54039	-0.138768	4.173464	14.726991	-1.476162	-1.212841	-0.362264	-0.705739	-0.594224	0.385786	0.665485	-0.742806	0.073267	0.243027	0.308442	0.919674
54040	2.239011	0.816445	10.487543	-1.509400	-1.307734	0.029054	-0.702259	-0.590403	0.397815	0.661847	-0.747291	0.059286	0.262281	0.304927	0.915548
54041	2.596209	-8.087564	8.749664	-1.224368	-1.336517	0.244990	-0.697035	-0.588138	0.410166	0.660208	-0.749605	0.047097	0.279763	0.303623	0.910794
54042	3.987117	-10.942879	10.035800	-0.421624	-1.714019	0.064873	-0.691702	-0.583335	0.425757	0.659417	-0.750547	0.042983	0.294478	0.310483	0.903816
54043	8.752950	-7.693686	12.681576	0.242528	-1.870965	-0.079846	-0.686630	-0.576775	0.442571	0.659560	-0.750274	0.045494	0.305809	0.323140	0.895579
54044	12.211219	-0.162047	12.983351	0.416824	-1.504247	-0.156852	-0.683025	-0.570621	0.455926	0.659743	-0.749833	0.049898	0.313396	0.334875	0.888618
54045	7.424628	2.899225	9.577171	0.109590	-0.986232	-0.174204	-0.681070	-0.565947	0.464594	0.658866	-0.750485	0.051655	0.319437	0.341286	0.884016
54046	5.026369	3.079129	8.573835	0.050689	-1.075723	-0.121674	-0.678414	-0.561298	0.474024	0.658167	-0.751028	0.052654	0.326451	0.347709	0.878936
54047	7.307233	1.888131	9.831412	-0.032606	-1.028483	-0.075183	-0.675531	-0.557096	0.483014	0.657515	-0.751595	0.052714	0.333664	0.353199	0.874025
54048	6.138717	1.370466	9.189975	-0.107316	-0.814487	-0.015473	-0.672906	-0.554057	0.490120	0.657014	-0.752094	0.051836	0.339896	0.356897	0.870112
54049	11.247119	0.142128	10.890131	-0.112588	-0.549836	0.030807	-0.670839	-0.552287	0.494928	0.656800	-0.752359	0.050692	0.344366	0.359075	0.867454
54050	4.631502	-1.473701	8.883059	-0.017423	-0.172904	-0.090508	-0.670853	-0.550953	0.496393	0.656097	-0.752953	0.050974	0.345677	0.359878	0.866600
54051	5.840122	0.314115	9.331488	-0.026515	-0.103759	-0.087117	-0.671082	-0.549890	0.497262	0.655385	-0.753561	0.051163	0.346583	0.360233	0.866090
54052	5.711871	-0.091776	9.080568	0.004865	-0.085836	-0.075998	-0.671299	-0.548976	0.497979	0.654855	-0.753993	0.051567	0.347164	0.360721	0.865654
54053	5.023387	-0.403942	9.061661	0.022280	-0.092489	-0.078256	-0.671506	-0.548018	0.498754	0.654371	-0.754374	0.052136	0.347676	0.361379	0.865174
54054	5.051186	0.088004	9.033033	0.042493	-0.107648	-0.085121	-0.671705	-0.546955	0.499653	0.653910	-0.754720	0.052911	0.348157	0.362269	0.864608
54055	5.200639	0.186566	8.979892	0.038230	-0.125557	-0.075874	-0.671780	-0.545893	0.500712	0.653498	-0.755028	0.053608	0.348787	0.363227	0.863952
54056	5.294606	0.662676	8.917818	0.042356	-0.143186	-0.068095	-0.671741	-0.544826	0.501924	0.653152	-0.755278	0.054298	0.349509	0.364307	0.863206
54057	5.296091	0.834043	8.823218	0.014217	-0.118348	-0.054915	-0.671702	-0.543946	0.502930	0.652796	-0.755557	0.054683	0.350248	0.365042	0.862596
54058	5.238625	0.797208	8.795866	0.007807	-0.101784	-0.047831	-0.671674	-0.543181	0.503794	0.652466	-0.755822	0.054974	0.350917	0.365633	0.862073
54059	4.883858	0.518457	9.008786	-0.003876	-0.099279	-0.042191	-0.671617	-0.542465	0.504641	0.652132	-0.756097	0.055140	0.351646	0.366126	0.861567
54060	5.003605	0.417758	8.938804	0.001342	-0.124658	-0.050987	-0.671526	-0.541591	0.505699	0.651758	-0.756402	0.055393	0.352511	0.366791	0.860930
54061	5.238296	0.531990	8.858065	-0.001525	-0.130744	-0.051122	-0.671414	-0.540691	0.506810	0.651373	-0.756716	0.055625	0.353435	0.367470	0.860261
54062	5.281016	0.483949	8.847627	-0.004302	-0.118918	-0.049118	-0.671330	-0.539850	0.507818	0.650991	-0.757030	0.055821	0.354298	0.368059	0.859654
54063	5.333142	0.644257	8.828113	0.004474	-0.116257	-0.047426	-0.671242	-0.539029	0.508805	0.650652	-0.757302	0.056088	0.355086	0.368703	0.859053
54064	5.316680	0.587594	8.762113	-0.005712	-0.095648	-0.033493	-0.671136	-0.538390	0.509619	0.650370	-0.757536	0.056192	0.355802	0.369154	0.858563
54065	5.350001	0.557331	8.767853	0.010264	-0.094522	-0.031893	-0.671023	-0.537766	0.510427	0.650156	-0.757702	0.056430	0.356405	0.369724	0.858067
54066	5.274863	0.504730	8.792465	0.005174	-0.083047	-0.029644	-0.670936	-0.537202	0.511135	0.649939	-0.757875	0.056610	0.356966	0.370188	0.857634
54067	5.263618	0.526306	8.835627	-0.005630	-0.076772	-0.024488	-0.670837	-0.536698	0.511794	0.649718	-0.758060	0.056674	0.357554	0.370541	0.857237
54068	5.256083	0.556741	8.788505	-0.020771	-0.070811	-0.029159	-0.670789	-0.536183	0.512397	0.649411	-0.758326	0.056629	0.358200	0.370742	0.856880
54069	5.216034	0.467079	8.792663	-0.023677	-0.069947	-0.026030	-0.670723	-0.535692	0.512996	0.649115	-0.758586	0.056547	0.358859	0.370920	0.856527
54070	5.185773	0.506862	8.884079	-0.021915	-0.066008	-0.032949	-0.670716	-0.535165	0.513555	0.648778	-0.758876	0.056512	0.359481	0.371086	0.856194
54071	5.260671	0.591961	8.807447	-0.022195	-0.081310	-0.035841	-0.670672	-0.534557	0.514245	0.648422	-0.759182	0.056493	0.360207	0.371336	0.855781
54072	5.244027	0.498873	8.745941	-0.021026	-0.079470	-0.037291	-0.670643	-0.533947	0.514916	0.648059	-0.759493	0.056489	0.360913	0.371580	0.855377
54073	5.289865	0.606691	8.749005	-0.015974	-0.077347	-0.041512	-0.670649	-0.533310	0.515568	0.647686	-0.759806	0.056554	0.361571	0.371854	0.854980
54074	5.255445	0.540261	8.808205	-0.021991	-0.073970	-0.042884	-0.670675	-0.532677	0.516189	0.647282	-0.760149	0.056571	0.362246	0.372060	0.854605
54075	5.245802	0.610896	8.831502	-0.029004	-0.071744	-0.044590	-0.670719	-0.532037	0.516791	0.646841	-0.760526	0.056541	0.362951	0.372204	0.854243
54076	5.331676	0.524476	8.768840	-0.031981	-0.071869	-0.048223	-0.670785	-0.531371	0.517389	0.646364	-0.760935	0.056501	0.363677	0.372322	0.853883
54077	5.325522	0.519800	8.724997	-0.039699	-0.065780	-0.047962	-0.670872	-0.530727	0.517938	0.645861	-0.761369	0.056398	0.364410	0.372352	0.853557
54078	5.397433	0.560085	8.742275	-0.034897	-0.057400	-0.047106	-0.670982	-0.530122	0.518414	0.645380	-0.761782	0.056328	0.365057	0.372369	0.853273
54079	5.406174	0.575866	8.721882	-0.035398	-0.049503	-0.049604	-0.671137	-0.529526	0.518823	0.644881	-0.762208	0.056271	0.365654	0.372345	0.853028
54080	5.359935	0.469624	8.745139	-0.036001	-0.041329	-0.043516	-0.671282	-0.529008	0.519163	0.644420	-0.762605	0.056174	0.366200	0.372267	0.852827
54081	5.255835	0.446084	8.762611	-0.022255	-0.044126	-0.047670	-0.671443	-0.528447	0.519527	0.643982	-0.762972	0.056219	0.366676	0.372314	0.852603
54082	5.299224	0.469610	8.790473	-0.014212	-0.052152	-0.048869	-0.671582	-0.527847	0.519956	0.643564	-0.763316	0.056336	0.367154	0.372459	0.852333
54083	5.272255	0.436834	8.815295	-0.002113	-0.059181	-0.054665	-0.671732	-0.527175	0.520444	0.643152	-0.763644	0.056590	0.367601	0.372738	0.852019
54084	5.245360	0.490383	8.816487	0.011492	-0.069624	-0.060261	-0.671879	-0.526423	0.521015	0.642752	-0.763952	0.056986	0.368032	0.373171	0.851643
54085	5.251740	0.494818	8.812441	0.019326	-0.081690	-0.056963	-0.671960	-0.525649	0.521692	0.642404	-0.764211	0.057435	0.368492	0.373731	0.851198
54086	5.294998	0.551695	8.762067	0.039459	-0.096734	-0.063951	-0.672030	-0.524766	0.522491	0.642082	-0.764432	0.058088	0.368926	0.374519	0.850664
54087	5.357162	0.680577	8.712937	0.043884	-0.106714	-0.054720	-0.672003	-0.523913	0.523380	0.641840	-0.764586	0.058736	0.369397	0.375397	0.850073
54088	5.409062	0.635156	8.669760	0.037956	-0.099044	-0.051947	-0.671986	-0.523112	0.524203	0.641593	-0.764748	0.059314	0.369856	0.376184	0.849525
54089	5.385865	0.606460	8.692174	0.039917	-0.096749	-0.051241	-0.671972	-0.522321	0.525009	0.641360	-0.764898	0.059910	0.370285	0.376977	0.848986
54090	5.463078	0.619472	8.709397	0.034168	-0.091710	-0.047635	-0.671953	-0.521579	0.525770	0.641129	-0.765050	0.060435	0.370719	0.377696	0.848477
54091	3.435186	-0.833044	10.028260	0.027162	-0.017437	0.045124	-0.671615	-0.521824	0.525960	0.641496	-0.764744	0.060416	0.370698	0.377977	0.848361
54092	9.014506	3.379616	6.685606	0.112175	-0.226125	-0.143055	-0.671709	-0.519841	0.527800	0.640914	-0.765097	0.062105	0.371534	0.379991	0.847095
54093	4.103336	-0.770053	9.135321	-0.023193	-0.067448	-0.032451	-0.671681	-0.519302	0.528366	0.640572	-0.765385	0.062068	0.372171	0.380146	0.846745
54094	5.243455	1.078979	8.763724	0.004071	-0.021481	-0.038126	-0.671861	-0.518896	0.528536	0.640294	-0.765600	0.062288	0.372326	0.380267	0.846623
54095	5.319592	0.475509	8.729637	-0.011957	-0.032735	-0.031456	-0.671956	-0.518496	0.528807	0.640001	-0.765841	0.062341	0.372659	0.380328	0.846449
54096	5.383230	0.762851	8.767324	0.004954	-0.051632	-0.029036	-0.671965	-0.518045	0.529238	0.639787	-0.766005	0.062521	0.373010	0.380612	0.846167
54097	5.356743	0.503527	8.786992	0.006289	-0.059085	-0.024320	-0.671915	-0.517599	0.529737	0.639610	-0.766139	0.062692	0.373403	0.380948	0.845842
54098	5.396115	0.641517	8.713822	0.006688	-0.078295	-0.029009	-0.671823	-0.517046	0.530393	0.639402	-0.766296	0.062886	0.373923	0.381383	0.845417
54099	5.364940	0.536070	8.703116	0.010037	-0.083733	-0.032198	-0.671731	-0.516446	0.531094	0.639186	-0.766456	0.063130	0.374457	0.381875	0.844958
54100	5.357826	0.660304	8.704610	0.029588	-0.100558	-0.025160	-0.671531	-0.515836	0.531939	0.639091	-0.766506	0.063499	0.374980	0.382599	0.844398
54101	5.382772	0.593771	8.671696	0.029078	-0.106302	-0.025531	-0.671310	-0.515199	0.532834	0.638991	-0.766558	0.063869	0.375543	0.383352	0.843806
54102	5.349563	0.649855	8.702946	0.041285	-0.125969	-0.022389	-0.670995	-0.514512	0.533894	0.638958	-0.766547	0.064321	0.376161	0.384295	0.843101
54103	5.314070	0.690211	8.751140	0.046450	-0.139809	-0.015030	-0.670580	-0.513824	0.535076	0.638995	-0.766478	0.064781	0.376838	0.385352	0.842316
54104	5.223750	0.728313	8.816661	0.063652	-0.167644	-0.016636	-0.670070	-0.513017	0.536489	0.639086	-0.766350	0.065391	0.377591	0.386679	0.841370
54105	5.142673	0.790334	8.935756	0.078498	-0.202547	-0.012463	-0.669399	-0.512102	0.538197	0.639262	-0.766142	0.066107	0.378482	0.388301	0.840222
54106	5.441731	0.625566	8.659119	0.097630	-0.234775	-0.007917	-0.668575	-0.511096	0.540174	0.639542	-0.765835	0.066954	0.379464	0.390228	0.838885
54107	5.348399	0.668878	8.753408	0.098501	-0.230035	-0.001501	-0.667726	-0.510150	0.542115	0.639869	-0.765489	0.067777	0.380407	0.392139	0.837566
54108	5.522388	0.616444	8.681508	0.117052	-0.264704	0.000100	-0.666732	-0.509078	0.544342	0.640278	-0.765061	0.068741	0.381460	0.394362	0.836042
54109	5.532059	0.621687	8.626295	0.113564	-0.262679	0.006323	-0.665704	-0.508053	0.546554	0.640717	-0.764612	0.069645	0.382518	0.396549	0.834523
54110	5.685159	0.667192	8.503337	0.116593	-0.268590	0.013859	-0.664601	-0.507058	0.548814	0.641218	-0.764111	0.070526	0.383594	0.398781	0.832964
54111	5.687434	0.639339	8.483640	0.121341	-0.263235	0.026054	-0.663439	-0.506170	0.551036	0.641820	-0.763526	0.071382	0.384599	0.401024	0.831423
54112	5.469509	0.698311	8.663452	0.132640	-0.275804	0.028819	-0.662207	-0.505249	0.553359	0.642485	-0.762879	0.072311	0.385611	0.403409	0.829798
54113	5.539165	0.797847	8.635635	0.138617	-0.302248	0.039328	-0.660802	-0.504291	0.555906	0.643243	-0.762152	0.073232	0.386755	0.405974	0.828013
54114	5.524827	0.910149	8.634232	0.145913	-0.319162	0.049645	-0.659261	-0.503337	0.558593	0.644098	-0.761341	0.074148	0.387958	0.408672	0.826121
54115	5.512281	1.022607	8.631633	0.157394	-0.337415	0.064835	-0.657548	-0.502412	0.561439	0.645100	-0.760401	0.075074	0.389201	0.411549	0.824106
54116	5.332437	0.926240	8.773827	0.164657	-0.381048	0.078447	-0.655571	-0.501402	0.564645	0.646220	-0.759360	0.075974	0.390676	0.414691	0.821830
54117	5.182495	0.884186	8.899489	0.190860	-0.449719	0.089782	-0.653244	-0.500175	0.568416	0.647517	-0.758148	0.077021	0.392420	0.418373	0.819128
54118	5.197189	0.838341	9.011330	0.202846	-0.550462	0.099454	-0.650448	-0.498582	0.573004	0.648927	-0.756832	0.078099	0.394728	0.422637	0.815823
54119	5.096522	0.906679	8.968453	0.198048	-0.648314	0.119248	-0.647120	-0.496693	0.578386	0.650448	-0.755429	0.079016	0.397684	0.427343	0.811927
54120	5.263525	0.825079	8.964286	0.195546	-0.766685	0.132830	-0.643208	-0.494368	0.584709	0.652050	-0.753963	0.079814	0.401391	0.432596	0.807307
54121	5.471083	0.766178	8.815421	0.205607	-0.869950	0.140473	-0.638795	-0.491602	0.591834	0.653743	-0.752408	0.080634	0.405661	0.438416	0.802016
54122	5.573508	0.812476	8.765404	0.201061	-0.957659	0.159304	-0.633860	-0.488540	0.599625	0.655541	-0.750773	0.081281	0.410473	0.444599	0.796143
54123	5.631977	0.559753	8.740410	0.174767	-1.060772	0.161348	-0.628432	-0.484965	0.608179	0.657244	-0.749238	0.081685	0.416057	0.451056	0.789586
54124	5.684662	0.516652	8.918493	0.152058	-1.176308	0.180233	-0.622330	-0.480937	0.617580	0.658972	-0.747710	0.081765	0.422447	0.457853	0.782246
54125	5.425911	0.579981	9.048216	0.112892	-1.314949	0.189612	-0.615490	-0.476251	0.627979	0.660590	-0.746315	0.081457	0.429876	0.464972	0.773956
54126	5.200846	0.435558	9.356233	0.112094	-1.540276	0.225622	-0.607324	-0.470679	0.640015	0.662420	-0.744754	0.080879	0.438585	0.473079	0.764094
54127	4.710865	0.955335	10.214149	0.153962	-1.871025	0.280357	-0.597176	-0.463785	0.654435	0.664755	-0.742741	0.080227	0.448868	0.482948	0.751850
54128	4.418644	1.389734	10.785472	0.172519	-2.260555	0.370492	-0.584437	-0.455453	0.671562	0.667693	-0.740228	0.079048	0.461107	0.494596	0.736719
54129	4.308650	1.056642	11.231981	0.207668	-2.689980	0.477258	-0.568661	-0.445454	0.691516	0.671380	-0.737071	0.077304	0.475261	0.508230	0.718212
54130	4.448801	1.124704	11.249120	0.151561	-3.134737	0.583517	-0.549589	-0.433552	0.714132	0.675342	-0.733756	0.074270	0.491799	0.523101	0.696059
54131	4.730696	1.126446	11.673049	0.074570	-3.664171	0.697420	-0.526503	-0.419157	0.739664	0.679431	-0.730420	0.069710	0.511046	0.539253	0.669357
54132	5.306630	2.218608	12.613945	-0.080127	-4.282764	0.862906	-0.498265	-0.401959	0.768219	0.683402	-0.727346	0.062680	0.533567	0.556234	0.637111
54133	6.054355	3.821807	13.663132	-0.281129	-5.005921	1.126314	-0.463191	-0.381811	0.799797	0.687244	-0.724554	0.052116	0.559598	0.573796	0.598004
54134	10.976823	5.498272	15.967034	-0.613490	-5.700362	1.469541	-0.420336	-0.359231	0.833229	0.690184	-0.722708	0.036592	0.589036	0.590462	0.551716
54135	14.634048	3.822538	16.917298	-1.318798	-5.924011	1.619694	-0.373306	-0.335605	0.864877	0.688591	-0.724975	0.015898	0.621679	0.601481	0.501733
54136	16.880948	0.996149	15.670109	-1.401954	-5.765302	1.365635	-0.327233	-0.310584	0.892444	0.684423	-0.729080	-0.002773	0.651524	0.609902	0.451150
54137	16.564204	-1.123292	15.254210	-1.135031	-5.456767	0.924939	-0.284705	-0.283806	0.915640	0.679683	-0.733332	-0.015961	0.675998	0.617801	0.401682
54138	10.262096	-0.698573	13.800998	-0.743569	-5.187652	0.644370	-0.244791	-0.256243	0.935103	0.676270	-0.736239	-0.024715	0.694792	0.626331	0.353514
54139	4.889965	0.813688	12.435616	-0.616268	-5.047449	0.551922	-0.205607	-0.228462	0.951594	0.673149	-0.738817	-0.031933	0.710349	0.633999	0.305695
54140	1.492260	2.286529	11.284740	-0.843919	-4.931913	0.638536	-0.165940	-0.201793	0.965269	0.668259	-0.742830	-0.040411	0.725185	0.638344	0.258115
54141	-6.862428	4.097923	9.512783	-1.381722	-4.771997	0.873344	-0.125152	-0.177837	0.976069	0.659366	-0.750015	-0.052106	0.741333	0.637065	0.211125
54142	-0.520706	-0.125295	8.944513	-1.233824	-5.809672	1.125921	-0.074313	-0.149272	0.986000	0.651243	-0.756048	-0.065376	0.755222	0.637267	0.153396
54143	23.705446	0.542288	8.517409	-0.881323	-2.408170	0.833429	-0.050644	-0.140244	0.988821	0.645046	-0.760472	-0.074821	0.762464	0.634045	0.128977
54144	10.775840	1.379300	15.331211	-0.604068	1.268077	0.672035	-0.056042	-0.153347	0.986582	0.640782	-0.763305	-0.082243	0.765675	0.627575	0.141039
54145	1.829234	2.085814	13.574736	-0.498501	2.731761	0.502138	-0.073778	-0.174179	0.981946	0.637257	-0.765619	-0.087926	0.767111	0.619265	0.167483
54146	-5.975569	2.882409	8.895028	-0.635092	3.051819	0.538456	-0.093827	-0.197036	0.975896	0.632829	-0.768524	-0.094325	0.768585	0.608726	0.196798
54147	-6.710903	1.656449	7.843531	-0.661429	2.826095	0.655080	-0.111444	-0.219090	0.969319	0.628382	-0.771181	-0.102060	0.769881	0.597729	0.223616
54148	-2.932845	0.787330	8.888483	-0.470489	2.713903	0.667839	-0.128181	-0.240325	0.962192	0.625561	-0.772439	-0.109595	0.769573	0.587862	0.249350
54149	0.797911	0.536188	9.771589	-0.177599	3.006440	0.591218	-0.147584	-0.262393	0.953608	0.624980	-0.772019	-0.115703	0.766563	0.578910	0.277929
54150	2.747240	0.720427	10.009903	0.132903	3.558110	0.510513	-0.171585	-0.286770	0.942508	0.626813	-0.769854	-0.120126	0.760042	0.570164	0.311846
54151	3.094557	1.133191	9.571693	0.341071	4.098343	0.486181	-0.199490	-0.313639	0.928350	0.630257	-0.766497	-0.123524	0.750319	0.560458	0.350582
54152	2.491713	1.005803	8.870352	0.481842	4.460231	0.525810	-0.229387	-0.342417	0.911116	0.634976	-0.762097	-0.126548	0.737690	0.549508	0.392241
54153	2.544794	0.514108	8.594568	0.667921	4.632394	0.576457	-0.259535	-0.371951	0.891232	0.641227	-0.756437	-0.128964	0.722129	0.538011	0.434827
54154	3.602180	-0.017706	8.766370	0.941214	4.741510	0.576248	-0.289640	-0.401543	0.868833	0.649524	-0.749194	-0.129720	0.703013	0.526756	0.477809
54155	4.931308	-0.052825	9.061376	1.255236	4.868546	0.515718	-0.319946	-0.430734	0.843862	0.659743	-0.740536	-0.127854	0.679981	0.515825	0.521105
54156	5.900462	0.328729	9.271588	1.538093	5.013169	0.404935	-0.350698	-0.459312	0.816115	0.671361	-0.730878	-0.122846	0.652905	0.504826	0.564682
54157	6.202578	0.734422	9.485776	1.733427	5.099794	0.242746	-0.381595	-0.486497	0.785943	0.683271	-0.721112	-0.114622	0.622516	0.493273	0.607582
54158	6.428068	0.927880	9.882540	1.811874	5.080299	0.024185	-0.412257	-0.511435	0.753975	0.694360	-0.712159	-0.103409	0.589837	0.480899	0.648713
54159	6.801221	0.345114	10.682011	1.847238	4.993711	-0.187826	-0.442192	-0.533765	0.720806	0.704104	-0.704411	-0.089679	0.555611	0.467867	0.687311
54160	7.380645	-0.413409	11.190311	1.918144	4.872332	-0.338700	-0.470819	-0.553889	0.686685	0.712880	-0.697397	-0.073751	0.519742	0.454801	0.723204
54161	8.636102	-0.814476	11.964104	2.010178	4.722570	-0.416490	-0.497492	-0.572149	0.652033	0.720904	-0.690761	-0.056094	0.482493	0.442147	0.756112
54162	11.336658	-1.144188	13.193916	2.114536	4.651026	-0.474554	-0.522487	-0.589183	0.616337	0.728280	-0.684293	-0.036760	0.443413	0.429659	0.786624
54163	13.798442	-0.833143	14.236868	2.192034	4.829384	-0.600020	-0.547303	-0.605479	0.577802	0.734299	-0.678646	-0.015615	0.401577	0.415733	0.816028
54164	14.253206	-0.267822	14.835268	2.155880	5.100135	-0.781993	-0.572429	-0.620987	0.535443	0.738104	-0.674655	0.006649	0.357110	0.399019	0.844545
54165	14.298806	-0.367614	15.420667	2.034124	5.293877	-0.979511	-0.597379	-0.634966	0.489854	0.739139	-0.672924	0.029116	0.311146	0.379463	0.871318
54166	14.712491	-1.441612	15.449033	1.904365	5.403844	-1.148525	-0.621421	-0.647171	0.441594	0.737618	-0.673267	0.051297	0.264113	0.357605	0.895747
54167	15.826157	-2.398979	13.851733	1.863801	5.480647	-1.273779	-0.643971	-0.657519	0.391114	0.733999	-0.675164	0.073486	0.215747	0.334400	0.917404
54168	15.886432	-2.870362	11.445037	1.749455	5.426482	-1.354512	-0.664287	-0.665859	0.339639	0.728487	-0.678490	0.094645	0.167422	0.310294	0.935782
54169	8.344873	1.842926	13.940189	0.482390	3.740117	-1.077986	-0.677856	-0.669684	0.303370	0.721962	-0.684279	0.102631	0.138860	0.288591	0.947330
54170	19.339297	-11.958335	-3.253938	0.828790	3.077273	-0.723947	-0.686934	-0.673382	0.273275	0.718057	-0.686816	0.112592	0.111873	0.273570	0.955324
54171	27.462321	-12.330086	3.862793	0.657153	2.673785	-0.392163	-0.692452	-0.677791	0.247206	0.715984	-0.687746	0.119886	0.088757	0.260010	0.961518
54172	29.391865	-5.177903	-0.485335	1.133348	2.908385	-0.451956	-0.697862	-0.682069	0.218564	0.713678	-0.687954	0.131845	0.060434	0.247994	0.966875
54173	22.844295	-0.156665	-10.249676	0.371257	2.373609	-0.129199	-0.700015	-0.686876	0.195401	0.712937	-0.687976	0.135683	0.041234	0.234289	0.971292
54174	17.465835	-3.289598	-16.942843	-0.431507	0.779157	0.046116	-0.700012	-0.688976	0.187872	0.713073	-0.688671	0.131374	0.038868	0.225930	0.973368
54175	17.864681	-5.886110	-18.032969	-0.728916	-1.263718	-0.122843	-0.700331	-0.685222	0.200020	0.711852	-0.691208	0.124495	0.052949	0.229572	0.971850
54176	20.085073	-6.244585	-16.508935	-0.848947	-3.041274	-0.328912	-0.700659	-0.675716	0.229095	0.708962	-0.695483	0.116947	0.080308	0.244359	0.966353
54177	-1.535538	-7.596337	5.285926	-0.368801	-3.596329	-0.383129	-0.700004	-0.663839	0.263271	0.705903	-0.699023	0.114316	0.108145	0.265865	0.957925
54178	4.555308	0.991160	16.625433	-0.238894	-3.874650	-0.210698	-0.696761	-0.651579	0.299949	0.704114	-0.701102	0.112607	0.136923	0.289658	0.947286
54179	3.440352	3.893859	14.410617	-1.081729	-3.135898	0.939959	-0.685387	-0.648840	0.330531	0.708940	-0.698226	0.099420	0.166278	0.302468	0.938544
54180	6.885199	-6.209282	10.833144	-1.521747	-3.046505	1.804451	-0.666982	-0.652000	0.360600	0.718347	-0.691191	0.078946	0.197770	0.311691	0.929374
54181	8.145543	-7.468949	10.524849	-0.677305	-3.326519	1.160158	-0.651606	-0.649306	0.392188	0.724535	-0.685845	0.068304	0.224629	0.328662	0.917346
54182	13.285958	4.918548	12.421689	0.177986	-3.662078	0.297662	-0.640829	-0.638830	0.425717	0.726850	-0.683354	0.068683	0.247039	0.353446	0.902246
54183	23.950462	2.497197	16.802006	-0.374578	-3.182128	0.375210	-0.629892	-0.629833	0.454474	0.728234	-0.682366	0.063660	0.270022	0.371063	0.888482
54184	16.442745	-2.719924	12.160837	-0.455876	-1.692782	0.195342	-0.623800	-0.624794	0.469580	0.728164	-0.682885	0.058705	0.283991	0.378551	0.880936
54185	3.706472	2.503486	8.967304	-0.445842	-1.520253	0.155975	-0.618271	-0.620025	0.483022	0.727806	-0.683651	0.054035	0.296716	0.384954	0.873939
54186	8.746875	0.578627	11.147585	-0.353403	-1.517739	0.101088	-0.612961	-0.614792	0.496296	0.727325	-0.684437	0.050445	0.308670	0.391889	0.866687
54187	15.416440	-0.529123	11.083128	-0.384736	-0.744337	0.076265	-0.610101	-0.612359	0.502786	0.726557	-0.685516	0.046723	0.316056	0.393808	0.863148
54188	4.360794	0.445292	9.211095	-0.208382	-0.310035	-0.072071	-0.609659	-0.610611	0.505440	0.725420	-0.686816	0.045270	0.319502	0.394256	0.861673
54189	7.038377	-0.180376	8.882568	-0.272014	-0.142438	-0.059933	-0.609656	-0.609607	0.506655	0.724149	-0.688288	0.043217	0.322379	0.393242	0.861065
54190	5.249679	-0.242028	9.353014	-0.085925	-0.087751	-0.067397	-0.609880	-0.608766	0.507396	0.723425	-0.689075	0.042801	0.323578	0.393166	0.860649
54191	5.162536	-0.041668	9.026564	-0.111953	-0.106755	-0.056998	-0.609965	-0.607921	0.508305	0.722681	-0.689897	0.042114	0.325077	0.393031	0.860147
54192	5.379365	0.319979	8.933547	-0.033752	-0.090002	-0.067993	-0.610183	-0.607067	0.509065	0.722121	-0.690481	0.042150	0.325912	0.393326	0.859695
54193	5.335221	0.675629	8.843538	-0.052347	-0.083688	-0.042351	-0.610234	-0.606413	0.509781	0.721659	-0.690980	0.041903	0.326838	0.393459	0.859283
54194	5.414782	0.438958	8.934318	-0.055345	-0.066896	-0.044677	-0.610357	-0.605810	0.510352	0.721169	-0.691507	0.041637	0.327688	0.393463	0.858957
54195	5.331928	0.215965	8.819901	-0.061324	-0.050606	-0.035891	-0.610469	-0.605331	0.510786	0.720716	-0.692001	0.041280	0.328476	0.393332	0.858716
54196	5.323728	0.364716	8.774018	-0.045774	-0.050931	-0.032035	-0.610552	-0.604877	0.511225	0.720334	-0.692413	0.041032	0.329159	0.393305	0.858467
54197	5.365352	0.461005	8.734568	-0.050975	-0.045934	-0.037470	-0.610689	-0.604405	0.511618	0.719904	-0.692875	0.040773	0.329844	0.393216	0.858245
54198	5.333238	0.401597	8.837967	-0.073561	-0.042500	-0.021212	-0.610721	-0.604059	0.511989	0.719496	-0.693331	0.040231	0.330676	0.392944	0.858049
54199	5.263355	0.257976	8.828936	-0.082976	-0.038220	-0.021926	-0.610771	-0.603725	0.512323	0.719054	-0.693824	0.039619	0.331543	0.392586	0.857878
54200	5.312642	0.433891	8.763454	-0.082748	-0.047009	-0.013073	-0.610728	-0.603418	0.512736	0.718663	-0.694266	0.038957	0.332468	0.392276	0.857662
54201	5.380626	0.473293	8.722801	-0.072498	-0.033390	-0.010409	-0.610710	-0.603183	0.513033	0.718325	-0.694649	0.038376	0.333230	0.391961	0.857511
54202	5.343560	0.291179	8.693522	-0.076432	-0.036077	-0.006656	-0.610657	-0.602964	0.513354	0.717993	-0.695026	0.037736	0.334041	0.391629	0.857347
54203	5.239314	0.540880	8.769273	-0.070846	-0.025568	-0.002533	-0.610609	-0.602814	0.513587	0.717707	-0.695354	0.037129	0.334743	0.391277	0.857234
54204	5.305670	0.389286	8.735858	-0.082425	-0.017190	0.001277	-0.610561	-0.602724	0.513750	0.717403	-0.695707	0.036397	0.335482	0.390788	0.857168
54205	5.221877	0.188772	8.840457	-0.070376	-0.028448	0.002586	-0.610466	-0.602599	0.514010	0.717149	-0.696001	0.035767	0.336198	0.390456	0.857038
54206	5.219197	0.392906	8.847524	-0.055288	-0.025892	0.001284	-0.610388	-0.602476	0.514247	0.716935	-0.696248	0.035268	0.336795	0.390208	0.856917
54207	5.180513	0.368575	8.816245	-0.042853	-0.028471	0.011022	-0.610232	-0.602409	0.514510	0.716824	-0.696384	0.034831	0.337313	0.390068	0.856777
54208	5.226439	0.262205	8.842529	-0.034480	-0.033856	0.011383	-0.610055	-0.602325	0.514818	0.716741	-0.696487	0.034458	0.337809	0.390013	0.856607
54209	5.319623	0.374075	8.801648	-0.010949	-0.047198	0.014058	-0.609813	-0.602207	0.515242	0.716756	-0.696481	0.034279	0.338213	0.390207	0.856359
54210	5.247211	0.322539	8.797785	-0.003726	-0.042132	0.017449	-0.609565	-0.602132	0.515624	0.716814	-0.696428	0.034139	0.338539	0.390416	0.856135
54211	5.242431	0.203959	8.825312	0.013524	-0.055783	0.023222	-0.609228	-0.602044	0.516124	0.716968	-0.696271	0.034122	0.338819	0.390832	0.855834
