// General information: 
//  MT Manager version: 2022.2.0 
//  XDA version: 2022.2.0 build 7381 rev 124627 built on 2023-07-19
// Device information: 
//  DeviceId: 00B4CB9F
//  ProductCode: MTW2-3A7G6
//  Firmware Version: 4.6.0
//  Hardware Version: 2.0.0
// Device settings: 
//  Filter Profile: human(46.1)
//  Option Flags: Orientation Smoother Disabled, Position/Velocity Smoother Disabled, Continuous Zero Rotation Update Disabled, AHS Disabled, ICC Disabled
// Coordinate system: ENU
PacketCounter	Acc_X	Acc_Y	Acc_Z	Gyr_X	Gyr_Y	Gyr_Z	Mat[1][1]	Mat[2][1]	Mat[3][1]	Mat[1][2]	Mat[2][2]	Mat[3][2]	Mat[1][3]	Mat[2][3]	Mat[3][3]
12241	9.533442	0.076852	-2.403243	-0.147125	0.012831	0.003958	0.189613	0.193444	0.962614	0.755544	-0.654871	-0.017224	0.627057	0.730563	-0.270328
12242	9.551584	-0.050691	-2.379403	-0.167335	0.025710	0.008432	0.189580	0.193194	0.962671	0.754466	-0.656121	-0.016904	0.628363	0.729507	-0.270146
12243	9.547347	-0.139687	-2.434790	-0.179805	0.032326	0.008268	0.189453	0.192913	0.962753	0.753314	-0.657454	-0.016500	0.629783	0.728381	-0.269880
12244	9.468294	-0.257980	-2.498356	-0.168719	0.031214	0.005323	0.189357	0.192642	0.962826	0.752228	-0.658705	-0.016146	0.631108	0.727322	-0.269641
12245	9.364169	-0.387208	-2.583394	-0.148231	0.028220	-0.003510	0.189166	0.192468	0.962898	0.751293	-0.659782	-0.015715	0.632278	0.726391	-0.269408
12246	9.335019	-0.482322	-2.748911	-0.108875	0.020980	-0.014480	0.188986	0.192401	0.962947	0.750619	-0.660557	-0.015332	0.633132	0.725704	-0.269256
12247	9.332584	-0.532827	-2.744052	-0.068178	0.002109	-0.015896	0.188867	0.192499	0.962950	0.750212	-0.661028	-0.014999	0.633650	0.725249	-0.269261
12248	9.414184	-0.370167	-2.757268	-0.041592	-0.008788	-0.024170	0.188804	0.192711	0.962920	0.749981	-0.661296	-0.014706	0.633941	0.724948	-0.269385
12249	9.500395	-0.115404	-2.712125	-0.030541	-0.008824	-0.028996	0.188657	0.192975	0.962896	0.749836	-0.661468	-0.014347	0.634156	0.724721	-0.269490
12250	9.510615	0.088956	-2.662340	-0.039910	-0.003763	-0.028740	0.188529	0.193181	0.962880	0.749624	-0.661715	-0.014015	0.634445	0.724441	-0.269565
12251	9.495089	0.261150	-2.477363	-0.058467	0.013050	-0.026908	0.188258	0.193273	0.962915	0.749298	-0.662093	-0.013601	0.634910	0.724071	-0.269463
12252	9.577371	0.428297	-2.290695	-0.099169	0.028039	-0.016483	0.188016	0.193169	0.962983	0.748687	-0.662792	-0.013224	0.635703	0.723459	-0.269239
12253	9.619443	0.283118	-2.341813	-0.150904	0.041318	0.003997	0.187797	0.192852	0.963089	0.747713	-0.663897	-0.012859	0.636912	0.722529	-0.268876
12254	9.531012	-0.028168	-2.490009	-0.179302	0.034597	0.034547	0.187889	0.192364	0.963169	0.746493	-0.665271	-0.012753	0.638314	0.721395	-0.268595
12255	9.239221	-0.479615	-2.893184	-0.176693	0.006032	0.051847	0.188251	0.191984	0.963174	0.745261	-0.666650	-0.012781	0.639646	0.720222	-0.268576
12256	9.098839	-0.809806	-3.321038	-0.128576	-0.038047	0.074600	0.189105	0.191751	0.963053	0.744285	-0.667731	-0.013197	0.640530	0.719282	-0.268988
12257	9.040033	-0.942079	-3.646853	-0.058570	-0.086739	0.082577	0.190289	0.191831	0.962804	0.743748	-0.668317	-0.013838	0.640804	0.718716	-0.269847
12258	9.063342	-0.868189	-3.903457	0.008206	-0.135505	0.084219	0.191846	0.192235	0.962414	0.743627	-0.668432	-0.014719	0.640479	0.718501	-0.271188
12259	9.118800	-0.623730	-4.011534	0.048283	-0.177288	0.085734	0.193633	0.192944	0.961914	0.743765	-0.668257	-0.015678	0.639781	0.718474	-0.272902
12260	9.279314	-0.249715	-3.892196	0.055446	-0.205730	0.080755	0.195621	0.193883	0.961323	0.743952	-0.668026	-0.016658	0.638959	0.718437	-0.274920
12261	9.368866	0.140269	-3.612123	0.021764	-0.224474	0.078330	0.197652	0.194980	0.960685	0.743931	-0.668028	-0.017474	0.638358	0.718137	-0.277089
12262	9.451675	0.380711	-3.301324	-0.039846	-0.229164	0.089866	0.199858	0.196034	0.960014	0.743490	-0.668498	-0.018274	0.638185	0.717413	-0.279354
12263	9.468125	0.276974	-2.954845	-0.116682	-0.217998	0.111606	0.202093	0.196858	0.959377	0.742514	-0.669560	-0.019021	0.638616	0.716196	-0.281484
12264	9.525601	-0.020616	-2.496546	-0.169253	-0.197214	0.147877	0.204523	0.197295	0.958773	0.741126	-0.671068	-0.020003	0.639455	0.714662	-0.283469
12265	9.587982	-0.214774	-2.240080	-0.183276	-0.149703	0.170036	0.206754	0.197229	0.958308	0.739597	-0.672719	-0.021115	0.640507	0.713127	-0.284957
12266	9.659367	-0.290480	-1.965810	-0.150200	-0.104003	0.172959	0.208767	0.196819	0.957955	0.738268	-0.674136	-0.022385	0.641387	0.711901	-0.286042
12267	9.700278	-0.412306	-1.914280	-0.103659	-0.071003	0.153769	0.210372	0.196294	0.957712	0.737274	-0.675183	-0.023564	0.642005	0.711053	-0.286762
12268	9.595091	-0.496758	-1.957894	-0.051614	-0.059465	0.126005	0.211746	0.195871	0.957496	0.736667	-0.675806	-0.024664	0.642250	0.710578	-0.287391
12269	9.462930	-0.584368	-2.108971	0.008074	-0.057051	0.100524	0.212868	0.195605	0.957301	0.736500	-0.675951	-0.025653	0.642072	0.710513	-0.287951
12270	9.444999	-0.444625	-2.199457	0.080352	-0.059801	0.080903	0.213909	0.195479	0.957095	0.736830	-0.675550	-0.026704	0.641346	0.710929	-0.288541
12271	9.513971	-0.130953	-2.225995	0.152867	-0.053750	0.058883	0.214702	0.195472	0.956919	0.737678	-0.674584	-0.027712	0.640105	0.711847	-0.289030
12272	9.718476	0.297495	-2.043467	0.182007	-0.021755	0.040188	0.215196	0.195347	0.956833	0.738741	-0.673379	-0.028669	0.638711	0.713022	-0.289220
12273	9.880268	0.806565	-1.873991	0.178263	0.018443	0.024643	0.215275	0.195058	0.956875	0.739820	-0.672162	-0.029423	0.637435	0.714249	-0.289007
12274	9.951531	1.051273	-1.681044	0.122934	0.074603	0.015249	0.214960	0.194412	0.957077	0.740557	-0.671326	-0.029962	0.636685	0.715210	-0.288282
12275	9.771882	0.888142	-1.623959	0.040837	0.123917	0.024012	0.214364	0.193372	0.957421	0.740759	-0.671087	-0.030313	0.636651	0.715716	-0.287099
12276	9.476614	0.494966	-1.676090	0.005440	0.148314	0.033868	0.213704	0.192073	0.957830	0.740708	-0.671126	-0.030681	0.636932	0.716029	-0.285692
12277	9.542102	0.086168	-2.052255	-0.030521	0.142466	0.066194	0.213301	0.190616	0.958211	0.740366	-0.671478	-0.031231	0.637464	0.716089	-0.284353
12278	9.500173	-0.128175	-2.396136	0.024740	0.136494	0.068425	0.212963	0.189166	0.958573	0.740365	-0.671444	-0.031981	0.637578	0.716505	-0.283045
12279	9.422078	-0.182843	-2.664744	0.075863	0.098911	0.076206	0.212912	0.187953	0.958823	0.740680	-0.671050	-0.032929	0.637229	0.717193	-0.282088
12280	9.370170	-0.225239	-2.861116	0.100563	0.075253	0.085414	0.213089	0.186826	0.959004	0.741126	-0.670502	-0.034054	0.636652	0.717999	-0.281338
12281	9.399580	-0.162174	-3.014287	0.102815	0.043169	0.095731	0.213538	0.185882	0.959088	0.741570	-0.669948	-0.035265	0.635984	0.718761	-0.280904
12282	9.373891	-0.188955	-3.086231	0.084843	0.021479	0.106718	0.214217	0.185002	0.959107	0.741868	-0.669549	-0.036547	0.635408	0.719360	-0.280676
12283	9.370261	-0.247786	-3.114305	0.065568	0.005885	0.122398	0.215102	0.184148	0.959073	0.742016	-0.669310	-0.037908	0.634936	0.719801	-0.280611
12284	9.405055	-0.160379	-2.891794	0.043607	0.002334	0.141159	0.216158	0.183179	0.959021	0.741977	-0.669267	-0.039403	0.634623	0.720089	-0.280582
12285	9.590295	-0.061227	-2.486567	0.015828	0.012023	0.161136	0.217292	0.182022	0.958985	0.741722	-0.669453	-0.040996	0.634534	0.720208	-0.280477
12286	9.704063	0.067862	-2.179043	-0.008173	0.040324	0.174356	0.218350	0.180558	0.959021	0.741279	-0.669839	-0.042662	0.634687	0.720218	-0.280104
12287	9.690935	0.122752	-1.816157	-0.031434	0.093097	0.172921	0.219055	0.178737	0.959202	0.740696	-0.670383	-0.044236	0.635126	0.720166	-0.279241
12288	9.873667	0.460486	-1.427214	-0.071908	0.153419	0.161789	0.219293	0.176539	0.959554	0.739873	-0.671200	-0.045600	0.636002	0.719948	-0.277806
12289	9.975430	0.705643	-1.055736	-0.126427	0.220785	0.139459	0.218933	0.174021	0.960096	0.738756	-0.672361	-0.046592	0.637423	0.719478	-0.275761
12290	10.149218	0.942519	-0.730106	-0.202374	0.302787	0.115048	0.217851	0.171057	0.960875	0.737201	-0.674027	-0.047148	0.639590	0.718629	-0.272940
12291	10.162305	1.041536	-0.557187	-0.268139	0.399693	0.076952	0.215870	0.167675	0.961918	0.735309	-0.676089	-0.047164	0.642433	0.717488	-0.269240
12292	10.091331	1.311238	-0.439511	-0.347367	0.467511	0.051697	0.213223	0.163955	0.963148	0.732948	-0.678677	-0.046731	0.646005	0.715902	-0.264880
12293	10.063739	1.505747	-0.637070	-0.408121	0.520296	0.014472	0.209972	0.160145	0.964503	0.730267	-0.681625	-0.045803	0.650094	0.713961	-0.260070
12294	9.968568	1.469595	-0.858680	-0.448409	0.566564	-0.032228	0.206007	0.156304	0.965987	0.727397	-0.684784	-0.044322	0.654565	0.711786	-0.254765
12295	9.838593	1.303232	-1.026902	-0.492092	0.600278	-0.067651	0.201587	0.152511	0.967524	0.724296	-0.688183	-0.042431	0.659362	0.709327	-0.249191
12296	9.928316	1.087180	-1.254229	-0.559910	0.617923	-0.084625	0.196834	0.148700	0.969095	0.720747	-0.692031	-0.040205	0.664665	0.706386	-0.243391
12297	10.175488	0.714204	-1.338046	-0.585381	0.659772	-0.092132	0.191783	0.144697	0.970712	0.717013	-0.696028	-0.037908	0.670158	0.703284	-0.237236
12298	10.339107	0.447317	-1.501522	-0.606140	0.698894	-0.090970	0.186367	0.140408	0.972395	0.713096	-0.700163	-0.035571	0.675841	0.700041	-0.230612
12299	10.290216	0.234597	-1.661068	-0.589174	0.734561	-0.090140	0.180756	0.135917	0.974091	0.709257	-0.704160	-0.033359	0.681382	0.696911	-0.223682
12300	10.558498	-0.002057	-1.751090	-0.541180	0.760787	-0.089573	0.174850	0.131238	0.975809	0.705705	-0.707816	-0.031256	0.686591	0.694099	-0.216377
12301	10.882916	-0.065369	-1.651002	-0.493355	0.788478	-0.076528	0.168894	0.126325	0.977505	0.702431	-0.711142	-0.029464	0.691423	0.691607	-0.208842
12302	10.964211	-0.109464	-1.558412	-0.435247	0.825551	-0.087308	0.162483	0.121223	0.979236	0.699546	-0.714051	-0.027680	0.695869	0.689519	-0.200823
12303	10.996135	-0.071980	-1.367164	-0.361665	0.850702	-0.111815	0.155781	0.116171	0.980937	0.697194	-0.716415	-0.025876	0.699752	0.687934	-0.192598
12304	11.032302	0.108352	-1.106303	-0.303018	0.886276	-0.141976	0.148500	0.111071	0.982655	0.695272	-0.718350	-0.023874	0.703238	0.686758	-0.183900
12305	11.058524	0.552772	-0.532563	-0.284804	0.947155	-0.186910	0.140541	0.105922	0.984393	0.693528	-0.720108	-0.021529	0.706588	0.685730	-0.174665
12306	11.033911	0.926678	-0.104775	-0.349546	1.040633	-0.225046	0.131526	0.100387	0.986217	0.691344	-0.722284	-0.018679	0.710453	0.684272	-0.164401
12307	10.926309	1.188298	0.251314	-0.466411	1.148077	-0.262434	0.121547	0.094450	0.988082	0.688345	-0.725221	-0.015353	0.715127	0.682007	-0.153163
12308	10.717712	1.393108	0.531636	-0.612373	1.255613	-0.299978	0.110377	0.088055	0.989981	0.684282	-0.729128	-0.011440	0.720816	0.678689	-0.140733
12309	10.449833	1.255458	0.652969	-0.730876	1.331922	-0.338825	0.098438	0.081528	0.991798	0.679337	-0.733792	-0.007106	0.727194	0.674465	-0.127618
12310	10.150387	1.210429	1.022711	-0.807885	1.338551	-0.386739	0.085930	0.075344	0.993448	0.673775	-0.738933	-0.002238	0.733923	0.669553	-0.114262
12311	10.062388	0.622552	0.712421	-0.885930	1.298992	-0.447092	0.073368	0.070005	0.994845	0.667592	-0.744521	0.003157	0.740904	0.663919	-0.101359
12312	10.152060	-0.104161	-0.036060	-0.903936	1.264816	-0.484389	0.060610	0.065223	0.996028	0.661168	-0.750185	0.008891	0.747786	0.658003	-0.088592
12313	10.663406	-0.620262	-0.846992	-0.811484	1.233989	-0.510504	0.048000	0.060984	0.996984	0.655346	-0.755187	0.014642	0.753802	0.652667	-0.076214
12314	11.093462	-0.785967	-1.009247	-0.677523	1.207939	-0.527254	0.035299	0.057072	0.997746	0.650417	-0.759302	0.020422	0.758756	0.648230	-0.063923
12315	11.273662	-1.066019	-1.163328	-0.562154	1.159834	-0.542274	0.022974	0.053706	0.998292	0.646292	-0.762642	0.026155	0.762744	0.644588	-0.052231
12316	11.033016	-1.765629	-1.741738	-0.462583	1.119407	-0.522365	0.010937	0.050445	0.998667	0.642817	-0.765367	0.031620	0.765942	0.641614	-0.040798
12317	10.739467	-2.529263	-2.243138	-0.306302	1.101344	-0.470544	-0.000514	0.046999	0.998895	0.640485	-0.767106	0.036423	0.767970	0.639796	-0.029708
12318	10.437042	-2.986325	-2.483616	-0.120572	1.098494	-0.414311	-0.011699	0.043092	0.999003	0.639500	-0.767718	0.040605	0.768702	0.639337	-0.018576
12319	9.926576	-3.201809	-2.829008	0.064813	1.080629	-0.363594	-0.022314	0.038974	0.998991	0.639930	-0.767160	0.044223	0.768110	0.640271	-0.007822
12320	9.359902	-3.078870	-3.180820	0.299958	1.006460	-0.368560	-0.032421	0.035319	0.998850	0.641339	-0.765762	0.047893	0.766573	0.642154	0.002175
12321	9.143923	-2.309094	-3.074387	0.551583	0.918770	-0.417608	-0.042118	0.032593	0.998581	0.645394	-0.762071	0.052095	0.762688	0.646672	0.011061
12322	9.030366	-1.117545	-2.802190	0.733412	0.864777	-0.503103	-0.051985	0.030726	0.998175	0.650691	-0.757186	0.057196	0.757561	0.652476	0.019369
12323	9.116410	0.189130	-2.674458	0.765199	0.812142	-0.586985	-0.061936	0.029837	0.997634	0.656126	-0.751998	0.063225	0.752106	0.658489	0.026999
12324	8.999036	1.266311	-2.298836	0.629502	0.763451	-0.639221	-0.071883	0.029526	0.996976	0.660382	-0.747683	0.069757	0.747482	0.663399	0.034247
12325	8.863819	2.118830	-1.862480	0.361536	0.727234	-0.646769	-0.081572	0.029524	0.996230	0.662576	-0.745095	0.076333	0.744539	0.666305	0.041217
12326	8.700426	2.534662	-1.544307	0.022669	0.690461	-0.615936	-0.090797	0.029475	0.995433	0.662188	-0.744788	0.082454	0.743816	0.666650	0.048107
12327	8.412826	2.657175	-1.327696	-0.324718	0.651043	-0.563687	-0.099355	0.029351	0.994619	0.659228	-0.746789	0.087889	0.745350	0.664413	0.054848
12328	8.148027	2.483564	-1.169598	-0.656436	0.590526	-0.485545	-0.106962	0.029065	0.993838	0.653807	-0.751007	0.092330	0.749063	0.659654	0.061326
12329	7.899720	2.207790	-1.052313	-0.935942	0.534625	-0.407289	-0.113614	0.028633	0.993112	0.646315	-0.757037	0.095767	0.754565	0.652744	0.067504
12330	7.710537	1.785228	-0.948737	-1.152405	0.461251	-0.320880	-0.119176	0.028091	0.992476	0.637201	-0.764422	0.098151	0.761427	0.644104	0.073201
12331	7.703806	1.286832	-0.850561	-1.316858	0.394537	-0.241984	-0.123710	0.027434	0.991939	0.626822	-0.772777	0.099547	0.769279	0.634085	0.078404
12332	7.936442	0.827543	-0.562311	-1.422191	0.346317	-0.174293	-0.127474	0.026632	0.991484	0.615605	-0.781666	0.100143	0.777677	0.623128	0.083247
12333	8.269161	0.403782	-0.350975	-1.470604	0.321980	-0.123324	-0.130729	0.025617	0.991087	0.603939	-0.790719	0.100101	0.786236	0.611642	0.087898
12334	8.780185	-0.701541	-0.696173	-1.375073	0.367507	-0.159224	-0.134552	0.024820	0.990596	0.592105	-0.799575	0.100459	0.794549	0.600053	0.092889
12335	9.448575	-0.040185	1.043490	-1.293628	0.258683	-0.050628	-0.136899	0.023691	0.990302	0.581704	-0.807264	0.099727	0.801797	0.589715	0.096733
12336	9.569727	-1.057871	0.243333	-1.078517	0.305435	-0.066017	-0.139725	0.022456	0.989936	0.572935	-0.813560	0.099323	0.807603	0.581047	0.100809
12337	9.218288	-0.853304	1.339209	-0.883911	0.213046	-0.025343	-0.141580	0.021436	0.989695	0.565734	-0.818664	0.098662	0.812343	0.573872	0.103779
12338	9.377316	-1.586783	0.976512	-0.734318	0.135011	0.012723	-0.142587	0.020567	0.989569	0.559767	-0.822863	0.097759	0.816290	0.567867	0.105816
12339	8.976555	-1.526270	1.969144	-0.501274	0.059808	0.012071	-0.142993	0.020132	0.989519	0.555679	-0.825707	0.097099	0.819008	0.563739	0.106883
12340	8.743427	-1.589410	2.164616	-0.352822	0.017378	0.041589	-0.142878	0.019677	0.989545	0.552829	-0.827714	0.096281	0.820954	0.560806	0.107384
12341	8.665931	-1.617966	1.948373	-0.173733	-0.016066	0.040975	-0.142504	0.019431	0.989603	0.551454	-0.828700	0.095682	0.821943	0.559356	0.107378
12342	8.351388	-0.812891	2.320947	0.008113	-0.098599	0.025325	-0.141524	0.019738	0.989738	0.551528	-0.828685	0.095389	0.822063	0.559368	0.106393
12343	8.511190	-0.281911	1.352491	0.114944	-0.185572	-0.017472	-0.140080	0.020924	0.989919	0.552441	-0.828043	0.095676	0.821697	0.560274	0.104433
12344	8.518761	1.108767	1.502513	0.284820	-0.260931	-0.113041	-0.138533	0.023276	0.990084	0.554585	-0.826451	0.097026	0.820514	0.562527	0.101582
12345	8.985870	2.975009	1.944916	0.352092	-0.289122	-0.300541	-0.137818	0.027390	0.990079	0.557049	-0.824395	0.100347	0.818964	0.565352	0.098359
12346	9.086595	4.572324	1.976929	0.328233	-0.321011	-0.556898	-0.138268	0.033783	0.989819	0.558748	-0.822519	0.106124	0.817730	0.567733	0.094852
12347	9.678089	4.932971	2.312600	0.157132	-0.378242	-0.735600	-0.139271	0.041981	0.989364	0.559005	-0.821353	0.113543	0.817384	0.568873	0.090923
12348	10.119838	3.491768	2.828142	-0.080372	-0.395265	-0.726310	-0.140085	0.050182	0.988867	0.557244	-0.821539	0.120631	0.818447	0.567939	0.087121
12349	10.345157	1.150001	3.056362	-0.233940	-0.374324	-0.557281	-0.140100	0.056888	0.988502	0.554540	-0.822573	0.125934	0.820279	0.565807	0.083696
12350	10.310217	-0.185939	4.040770	-0.137378	-0.308554	-0.349536	-0.139513	0.061483	0.988310	0.552898	-0.823163	0.129258	0.821487	0.564467	0.080848
12351	9.632936	-1.068816	3.752625	-0.041616	-0.279097	-0.166952	-0.138127	0.064434	0.988316	0.552317	-0.823298	0.130867	0.822111	0.563940	0.078132
12352	9.234329	-0.889549	3.780589	0.122234	-0.212248	-0.098110	-0.136942	0.066387	0.988352	0.553143	-0.822579	0.131893	0.821754	0.564762	0.075924
12353	8.912426	-0.311371	3.324689	0.228907	-0.282766	-0.058386	-0.134928	0.068469	0.988487	0.554937	-0.821251	0.132633	0.820877	0.566444	0.072814
12354	8.574985	0.658749	2.718378	0.249934	-0.370944	-0.075898	-0.132329	0.071118	0.988651	0.556827	-0.819829	0.133504	0.820020	0.568174	0.068887
12355	8.129462	1.494308	1.111449	-0.018584	-0.589294	-0.045568	-0.127733	0.074841	0.988981	0.556608	-0.819908	0.133935	0.820897	0.567583	0.063072
12356	7.925698	1.394444	-0.425237	-0.139587	-0.836586	0.019506	-0.120777	0.079337	0.989504	0.555422	-0.820766	0.133602	0.822751	0.565728	0.055064
12357	9.047888	1.218730	-0.724560	-0.186288	-1.031972	0.123943	-0.111573	0.084147	0.990187	0.554024	-0.821925	0.132275	0.824990	0.563345	0.045085
12358	10.541987	1.985344	0.147655	-0.240525	-1.020172	0.168649	-0.102234	0.088414	0.990823	0.552157	-0.823471	0.130453	0.827448	0.560427	0.035368
12359	11.749900	2.562852	0.938280	-0.385582	-0.829032	0.142511	-0.094562	0.091871	0.991271	0.549094	-0.825759	0.128912	0.830394	0.556491	0.027640
12360	12.392307	2.213298	0.897581	-0.623177	-0.662334	0.175712	-0.088114	0.094009	0.991664	0.544011	-0.829417	0.126966	0.834439	0.550663	0.021941
12361	12.402087	1.392248	0.700979	-0.806676	-0.585084	0.253859	-0.081830	0.095100	0.992099	0.537468	-0.834076	0.124284	0.839305	0.543391	0.017139
12362	12.161493	0.950088	1.014902	-0.927895	-0.532807	0.310193	-0.075717	0.095303	0.992565	0.529842	-0.839418	0.121017	0.844710	0.535065	0.013062
12363	11.824651	0.959760	1.686747	-1.059213	-0.479935	0.317628	-0.069964	0.095174	0.992999	0.521086	-0.845344	0.117737	0.850632	0.525675	0.009550
12364	11.424581	1.187896	1.573184	-1.187924	-0.449144	0.305302	-0.064585	0.094837	0.993396	0.511085	-0.851862	0.114553	0.857100	0.515108	0.006548
12365	10.468687	1.195199	0.192968	-1.224592	-0.487278	0.280102	-0.058961	0.094925	0.993737	0.500714	-0.858375	0.111704	0.863603	0.504164	0.003080
12366	9.177015	0.277737	-1.655534	-1.191955	-0.602784	0.232608	-0.052618	0.095840	0.994005	0.490446	-0.864587	0.109323	0.869882	0.493258	-0.001511
12367	8.580820	-1.314249	-2.615668	-0.987328	-0.677391	0.144177	-0.045992	0.097900	0.994133	0.481894	-0.869557	0.107926	0.875022	0.484031	-0.007184
12368	8.714368	-2.545988	-2.800315	-0.612582	-0.701236	0.040772	-0.039668	0.100827	0.994113	0.476474	-0.872590	0.107514	0.878293	0.477934	-0.013427
12369	9.332720	-3.028709	-2.637494	-0.109227	-0.707018	-0.072561	-0.033786	0.104833	0.993916	0.475479	-0.873042	0.108247	0.879078	0.476243	-0.020349
12370	9.915071	-2.515917	-2.307795	0.345703	-0.733783	-0.175730	-0.028172	0.109760	0.993559	0.478383	-0.871258	0.109813	0.877699	0.478395	-0.027962
12371	9.843833	-1.797208	-2.160845	0.648263	-0.791436	-0.230763	-0.022333	0.115571	0.993048	0.483996	-0.867888	0.111889	0.874785	0.483130	-0.036554
12372	9.777974	-0.813190	-1.793304	0.795096	-0.825989	-0.235524	-0.016242	0.121501	0.992458	0.490804	-0.863808	0.113783	0.871118	0.488951	-0.045603
12373	9.466897	0.335568	-1.826340	0.805396	-0.844683	-0.211058	-0.009929	0.127474	0.991792	0.497768	-0.859590	0.115465	0.867254	0.494829	-0.054918
12374	9.264907	1.336863	-1.821686	0.703778	-0.848192	-0.172500	-0.003356	0.133053	0.991103	0.503420	-0.856133	0.116638	0.864035	0.499333	-0.064109
12375	9.276813	2.157487	-1.926445	0.484683	-0.860681	-0.112448	0.003517	0.138324	0.990381	0.507593	-0.853560	0.117412	0.861590	0.502297	-0.073214
12376	9.541942	2.588916	-1.932557	0.228288	-0.855256	-0.044253	0.010700	0.142883	0.989682	0.509480	-0.852415	0.117557	0.860416	0.502965	-0.081916
12377	9.660770	2.782325	-1.783324	-0.019981	-0.833172	0.023891	0.018005	0.146863	0.988993	0.509295	-0.852556	0.117331	0.860404	0.501576	-0.090147
12378	9.774785	2.663975	-1.560015	-0.264598	-0.777882	0.072870	0.025116	0.150028	0.988363	0.506930	-0.854043	0.116757	0.861621	0.498098	-0.097504
12379	9.926679	2.366989	-1.209400	-0.482193	-0.709689	0.115814	0.031838	0.152553	0.987782	0.502727	-0.856615	0.116092	0.863859	0.492888	-0.103965
12380	9.823607	1.697199	-1.114020	-0.640566	-0.635694	0.130962	0.038034	0.154453	0.987268	0.497074	-0.860001	0.115393	0.866874	0.486356	-0.109484
12381	9.951610	0.665918	-0.914467	-0.697538	-0.563120	0.126121	0.043562	0.156084	0.986783	0.490954	-0.863572	0.114922	0.870096	0.479459	-0.114249
12382	9.850696	-0.772124	-1.072385	-0.561303	-0.460136	0.058939	0.047899	0.157679	0.986328	0.485972	-0.866388	0.114904	0.872661	0.473824	-0.118127
12383	10.201824	-0.716641	-0.613826	-0.484167	-0.452409	0.082957	0.052268	0.159090	0.985880	0.481689	-0.868809	0.114661	0.874782	0.468895	-0.122043
12384	9.554546	-1.394858	-1.508128	-0.097200	-0.392904	-0.062196	0.055451	0.161364	0.985336	0.480798	-0.869219	0.115291	0.875076	0.467354	-0.125783
12385	9.444875	-0.577375	-1.209346	0.219277	-0.452925	-0.130712	0.058796	0.164617	0.984604	0.482779	-0.867987	0.116290	0.873766	0.468509	-0.130508
12386	9.148951	0.038642	-1.921586	0.496690	-0.493479	-0.211451	0.062129	0.168649	0.983716	0.487156	-0.865362	0.117591	0.871102	0.471918	-0.135922
12387	9.290306	1.039592	-1.971432	0.661784	-0.559117	-0.261017	0.065724	0.173553	0.982629	0.493065	-0.861784	0.119230	0.867506	0.476664	-0.142213
12388	9.182076	1.567599	-2.320017	0.736251	-0.586468	-0.271488	0.069511	0.178577	0.981468	0.499537	-0.857842	0.120705	0.863499	0.481890	-0.148835
12389	9.380434	2.125682	-2.355797	0.707895	-0.612989	-0.248644	0.073556	0.183672	0.980232	0.505803	-0.853970	0.122058	0.859507	0.486826	-0.155717
12390	9.537852	2.570610	-2.230114	0.600646	-0.608416	-0.209342	0.077770	0.188320	0.979024	0.511037	-0.850707	0.123042	0.856033	0.490748	-0.162398
12391	9.642801	2.883321	-2.033023	0.494555	-0.592127	-0.160195	0.082022	0.192593	0.977845	0.515380	-0.847975	0.123784	0.853028	0.493808	-0.168811
12392	9.528086	2.891715	-2.083288	0.283150	-0.562685	-0.088644	0.086415	0.196030	0.976783	0.517800	-0.846458	0.124066	0.851126	0.495057	-0.174651
12393	9.482023	2.628601	-1.984049	0.172590	-0.529937	-0.042482	0.090716	0.199012	0.975789	0.519294	-0.845527	0.124168	0.849767	0.495458	-0.180048
12394	9.329261	2.624261	-1.718484	0.037976	-0.505889	0.036376	0.095253	0.201128	0.974923	0.519525	-0.845460	0.123660	0.849130	0.494717	-0.185023
12395	9.336140	2.633768	-1.592028	-0.008692	-0.488017	0.059051	0.099717	0.203037	0.974080	0.519382	-0.845630	0.123094	0.848704	0.493645	-0.189778
12396	9.381802	1.985500	-2.038725	-0.103198	-0.475235	0.091813	0.104272	0.204532	0.973290	0.518360	-0.846368	0.122326	0.848781	0.491760	-0.194274
12397	9.342518	1.321057	-2.334747	-0.070727	-0.455690	0.087398	0.108607	0.206027	0.972501	0.517655	-0.846903	0.121608	0.848668	0.490213	-0.198630
12398	9.358225	1.259813	-1.838975	0.018559	-0.485003	0.085074	0.113206	0.207617	0.971638	0.517670	-0.847027	0.120677	0.848058	0.489326	-0.203365
12399	9.108347	1.074568	-2.557654	-0.023536	-0.526734	0.124152	0.118329	0.209136	0.970701	0.517315	-0.847409	0.119512	0.847575	0.488016	-0.208462
12400	9.059336	0.810762	-2.952220	0.093872	-0.557413	0.095929	0.123591	0.210979	0.969646	0.517946	-0.847191	0.118318	0.846438	0.487601	-0.213981
12401	8.935225	0.440259	-3.478294	0.198517	-0.592721	0.095346	0.129112	0.213060	0.968471	0.519492	-0.846433	0.116956	0.844664	0.488012	-0.219968
12402	9.394587	0.696517	-3.211349	0.173611	-0.659396	0.144008	0.135476	0.214999	0.967172	0.520720	-0.845932	0.115108	0.842910	0.488032	-0.226557
12403	9.326899	0.654424	-3.370149	0.169088	-0.656968	0.165192	0.141883	0.216805	0.965849	0.521903	-0.845472	0.113116	0.841122	0.488030	-0.233109
12404	9.424732	0.827967	-3.024876	0.133980	-0.644961	0.175907	0.148278	0.218405	0.964527	0.522728	-0.845238	0.111033	0.839505	0.487722	-0.239497
12405	9.577288	1.070537	-2.494870	0.095845	-0.622660	0.182468	0.154470	0.219894	0.963216	0.523244	-0.845179	0.109035	0.838066	0.487154	-0.245613
12406	9.834053	1.027554	-2.222344	0.004000	-0.570740	0.191910	0.160312	0.220990	0.962010	0.522930	-0.845619	0.107110	0.837164	0.485893	-0.251126
12407	9.777361	0.975913	-1.991765	0.010377	-0.519111	0.173633	0.165578	0.222037	0.960876	0.522722	-0.845962	0.105408	0.836269	0.484818	-0.256137
12408	9.697305	0.851050	-1.863973	0.044259	-0.485310	0.148002	0.170464	0.223075	0.959781	0.522796	-0.846114	0.103804	0.835240	0.484075	-0.260855
12409	9.618838	0.865413	-1.790165	0.125595	-0.457342	0.113308	0.174888	0.224327	0.958693	0.523636	-0.845768	0.102380	0.833798	0.484101	-0.265381
12410	9.492304	0.923991	-1.747742	0.225362	-0.430341	0.084450	0.178969	0.225632	0.957633	0.525314	-0.844905	0.100898	0.831875	0.485000	-0.269739
12411	9.440254	1.125844	-1.740071	0.343398	-0.419563	0.049317	0.182728	0.227251	0.956539	0.528064	-0.843357	0.099485	0.829312	0.486935	-0.274108
12412	9.256406	1.308307	-2.027201	0.455231	-0.439159	0.017632	0.186506	0.229177	0.955350	0.531748	-0.841215	0.097988	0.826111	0.489729	-0.278756
12413	9.102474	1.179594	-2.646567	0.605670	-0.491300	-0.001766	0.190560	0.231604	0.953964	0.536729	-0.838242	0.096294	0.821954	0.493670	-0.284044
12414	9.042699	0.992300	-3.161660	0.737002	-0.564827	0.017055	0.195327	0.234195	0.952365	0.542684	-0.834666	0.093949	0.816910	0.498483	-0.290127
12415	9.045990	1.093550	-3.308769	0.811934	-0.621699	0.044189	0.200644	0.236939	0.950580	0.549194	-0.830710	0.091140	0.811251	0.503766	-0.296803
12416	9.212112	1.465584	-3.192064	0.784492	-0.641957	0.089191	0.206375	0.239386	0.948738	0.555306	-0.826991	0.087873	0.805633	0.508705	-0.303602
12417	9.390512	1.830078	-2.929133	0.677253	-0.633410	0.138975	0.212251	0.241470	0.946912	0.560441	-0.823875	0.084471	0.800534	0.512759	-0.310198
12418	9.419289	1.971738	-2.746090	0.532788	-0.604190	0.179725	0.218131	0.243041	0.945172	0.564264	-0.821607	0.081045	0.796257	0.515648	-0.316357
12419	9.445846	1.854257	-2.584687	0.421699	-0.578457	0.206283	0.223908	0.244333	0.943486	0.567145	-0.819941	0.077744	0.792598	0.517686	-0.322163
12420	9.527945	1.658370	-2.348078	0.365229	-0.553138	0.209459	0.229512	0.245435	0.941853	0.569518	-0.818592	0.074534	0.789287	0.519296	-0.327656
12421	9.553787	1.407577	-2.212907	0.341017	-0.519267	0.208601	0.234807	0.246426	0.940287	0.571707	-0.817342	0.071439	0.786140	0.520795	-0.332801
12422	9.463528	1.026481	-2.253079	0.340059	-0.503339	0.212466	0.240005	0.247267	0.938753	0.573831	-0.816124	0.068259	0.783017	0.522303	-0.337763
12423	9.361965	0.829041	-2.190078	0.424786	-0.478554	0.197012	0.244891	0.248162	0.937253	0.576659	-0.814398	0.064960	0.779418	0.524567	-0.342544
12424	9.234043	0.648927	-2.151723	0.482107	-0.469185	0.191190	0.249671	0.249022	0.935763	0.579892	-0.812371	0.061464	0.775493	0.527296	-0.347232
12425	9.124723	0.753223	-2.023205	0.587221	-0.463943	0.181792	0.254331	0.249999	0.934246	0.583962	-0.809728	0.057706	0.770912	0.530888	-0.351929
12426	8.889928	0.988789	-2.208284	0.666320	-0.488136	0.151900	0.258994	0.251315	0.932611	0.588647	-0.806593	0.053884	0.765779	0.535022	-0.356839
12427	8.526266	0.559368	-3.302402	0.776720	-0.566488	0.135012	0.264129	0.253270	0.930640	0.594205	-0.802769	0.049827	0.759708	0.539830	-0.362528
12428	8.221364	-0.070715	-4.317149	0.963589	-0.693936	0.155696	0.270324	0.255732	0.928184	0.601028	-0.797971	0.044813	0.752124	0.545751	-0.369413
12429	8.221620	-0.232117	-4.661968	1.128227	-0.848262	0.210306	0.277952	0.258715	0.925099	0.608872	-0.792326	0.038644	0.742978	0.552526	-0.377753
12430	8.878864	0.174286	-4.281048	1.206206	-0.953996	0.271864	0.286684	0.261818	0.921555	0.616963	-0.786362	0.031480	0.732918	0.559541	-0.386970
12431	9.134353	1.004484	-3.839964	1.180114	-0.969057	0.354446	0.295952	0.264493	0.917854	0.624507	-0.780663	0.023593	0.722775	0.566224	-0.396217
12432	9.121717	1.573110	-3.562505	1.075596	-0.981167	0.444564	0.305812	0.266566	0.914014	0.630851	-0.775755	0.015172	0.713096	0.571967	-0.405399
12433	9.451361	1.687423	-3.066040	0.945146	-1.010466	0.505078	0.316186	0.268458	0.909922	0.635964	-0.771690	0.006686	0.703972	0.576564	-0.414727
12434	9.491925	1.333851	-2.694669	0.864875	-0.970491	0.554496	0.326531	0.269760	0.905874	0.640198	-0.768207	-0.002001	0.695359	0.580592	-0.423543
12435	9.724494	0.977888	-1.836365	0.821011	-0.930565	0.574203	0.336664	0.270775	0.901853	0.643955	-0.764988	-0.010708	0.687007	0.584358	-0.431911
12436	9.624954	0.873829	-1.460353	0.774240	-0.855508	0.572913	0.346213	0.271369	0.898051	0.647252	-0.762033	-0.019258	0.679118	0.587933	-0.439469
12437	10.086983	1.075497	-1.067131	0.778302	-0.813039	0.526054	0.355131	0.272161	0.894321	0.650649	-0.758884	-0.027425	0.671222	0.591629	-0.446584
12438	10.511623	1.400939	-0.719347	0.796045	-0.719060	0.450639	0.362863	0.272959	0.890968	0.654303	-0.755420	-0.035045	0.663489	0.595679	-0.452712
12439	10.401280	1.903807	-0.891807	0.843076	-0.641467	0.362360	0.369487	0.274062	0.887902	0.658523	-0.751381	-0.042111	0.655611	0.600264	-0.458102
12440	9.855160	1.740250	-1.575194	0.872500	-0.619148	0.300539	0.375483	0.275474	0.884944	0.663047	-0.746985	-0.048803	0.647597	0.605084	-0.463133
12441	9.410269	1.305646	-2.515779	0.927163	-0.654704	0.280165	0.381574	0.277364	0.881743	0.667937	-0.742138	-0.055600	0.638954	0.610164	-0.468442
12442	9.381989	1.333770	-3.358763	0.987479	-0.674924	0.287063	0.387742	0.279308	0.878432	0.673057	-0.736922	-0.062776	0.629802	0.615576	-0.473726
12443	9.809788	2.072728	-3.581006	0.991312	-0.670954	0.301700	0.393989	0.281238	0.875030	0.678062	-0.731650	-0.070147	0.620488	0.620961	-0.478959
12444	11.182045	3.344199	-3.362106	0.848170	-0.591151	0.299836	0.399622	0.282675	0.872008	0.682068	-0.727242	-0.076830	0.612443	0.625471	-0.483425
12445	12.650655	4.118491	-2.540531	0.544126	-0.372982	0.272770	0.403774	0.283030	0.869977	0.684277	-0.724615	-0.081847	0.607233	0.628353	-0.486251
12446	13.513169	4.339572	-1.415372	0.184274	-0.054549	0.221790	0.405546	0.281720	0.869578	0.684476	-0.724107	-0.084628	0.605826	0.629526	-0.486489
12447	13.879673	4.131633	-0.350205	-0.087668	0.308213	0.093291	0.404328	0.279101	0.870989	0.683553	-0.724933	-0.085018	0.607680	0.629742	-0.483891
12448	13.358162	3.101864	0.585813	-0.311691	0.702663	-0.072086	0.399437	0.275154	0.874495	0.681924	-0.726719	-0.082821	0.612723	0.629421	-0.477912
12449	12.030218	1.258702	0.291917	-0.491262	0.968592	-0.222282	0.391967	0.270677	0.879258	0.679763	-0.729214	-0.078547	0.619907	0.628475	-0.469824
12450	10.629494	-0.994821	-1.510163	-0.433091	1.047795	-0.325135	0.383088	0.266400	0.884463	0.678299	-0.731092	-0.073587	0.627020	0.628120	-0.460771
12451	10.281267	-2.449426	-3.756793	-0.198480	1.011203	-0.349459	0.374364	0.262595	0.889323	0.678359	-0.731428	-0.069585	0.632203	0.629330	-0.451954
12452	10.807037	-2.763481	-4.417151	0.145131	1.010461	-0.398775	0.365111	0.259039	0.894200	0.680716	-0.729513	-0.066612	0.635075	0.633016	-0.442685
12453	11.361544	-1.901670	-3.799908	0.538563	1.164918	-0.555903	0.353924	0.255664	0.899652	0.686122	-0.724667	-0.063985	0.635589	0.639917	-0.431894
12454	11.573269	-0.314136	-3.086274	0.624534	1.303523	-0.655610	0.340980	0.251894	0.905694	0.692323	-0.719033	-0.060669	0.635942	0.647720	-0.419568
12455	11.374724	0.739890	-2.948369	0.540014	1.476400	-0.729612	0.326523	0.247500	0.912210	0.698182	-0.713705	-0.056270	0.637122	0.655262	-0.405841
12456	11.362239	1.210714	-2.555996	0.295616	1.638628	-0.759371	0.310589	0.242002	0.919222	0.702438	-0.709956	-0.050432	0.640402	0.661360	-0.390496
12457	11.302413	1.204419	-2.634738	0.118377	1.801212	-0.808073	0.293337	0.235767	0.926481	0.705626	-0.707252	-0.043432	0.645016	0.666489	-0.373826
12458	11.253470	0.911464	-2.678514	0.013705	1.921352	-0.876502	0.274532	0.228993	0.933914	0.708150	-0.705181	-0.035259	0.650504	0.671031	-0.355756
12459	11.034502	0.432781	-2.669899	-0.056880	1.971193	-0.912761	0.255193	0.222152	0.941023	0.710184	-0.703517	-0.026510	0.656137	0.675065	-0.337301
12460	10.534178	-0.444892	-3.369238	-0.124045	1.966018	-0.923364	0.235499	0.215222	0.947745	0.711575	-0.702397	-0.017308	0.661968	0.678467	-0.318560
12461	10.347201	-1.082737	-3.467945	-0.171672	1.939501	-0.904870	0.216175	0.208384	0.953858	0.712465	-0.701660	-0.008179	0.667580	0.681358	-0.300148
12462	10.178697	-1.788228	-3.491513	-0.212804	1.910640	-0.864529	0.197033	0.201291	0.959510	0.712762	-0.701406	0.000781	0.673163	0.683748	-0.281673
12463	9.655489	-2.468822	-4.222782	-0.197486	1.921923	-0.860839	0.177923	0.194160	0.964700	0.713029	-0.701069	0.009594	0.678184	0.686151	-0.263178
12464	11.023374	-2.836705	-3.041192	-0.234244	1.837421	-0.773131	0.159743	0.186835	0.969317	0.712669	-0.701277	0.017723	0.683070	0.687971	-0.245175
12465	10.186407	-3.358518	-4.024878	-0.220176	1.829560	-0.740890	0.141940	0.179424	0.973478	0.712265	-0.701449	0.025432	0.687409	0.689765	-0.227361
12466	10.117997	-3.321344	-4.573735	-0.100525	1.774799	-0.707944	0.124521	0.171990	0.977197	0.712433	-0.700982	0.032593	0.690604	0.692129	-0.209819
12467	10.538008	-2.565451	-5.070334	-0.025796	1.700536	-0.674971	0.107960	0.164922	0.980380	0.713027	-0.700037	0.039243	0.692775	0.694801	-0.193170
12468	11.423321	-1.076872	-4.799700	-0.047427	1.693754	-0.661258	0.091365	0.157625	0.983263	0.713270	-0.699389	0.045841	0.694909	0.697144	-0.176329
12469	11.934700	0.614287	-4.433452	-0.247784	1.769563	-0.672697	0.074257	0.149983	0.985896	0.712089	-0.700096	0.052870	0.698151	0.698120	-0.158788
12470	11.808035	1.882796	-4.039920	-0.636846	1.865226	-0.669428	0.056309	0.141555	0.988328	0.707978	-0.703643	0.060444	0.703986	0.696311	-0.139839
12471	11.419029	2.175292	-3.759201	-1.159031	1.939459	-0.636883	0.038096	0.132604	0.990437	0.700055	-0.710821	0.068241	0.713072	0.690760	-0.119909
12472	10.764682	1.379978	-3.746527	-1.682318	2.007752	-0.590688	0.019437	0.122964	0.992221	0.688052	-0.721675	0.075957	0.725401	0.681223	-0.098632
12473	10.150927	0.277050	-3.873080	-2.054182	2.034453	-0.502186	0.001128	0.112884	0.993607	0.673043	-0.734961	0.082735	0.739602	0.668648	-0.076805
12474	9.729532	-0.436956	-3.960748	-2.271445	2.012139	-0.409457	-0.016736	0.102538	0.994588	0.655975	-0.749597	0.088318	0.754597	0.653904	-0.054717
12475	9.592226	-0.783830	-4.006353	-2.384323	1.957766	-0.322173	-0.033729	0.092327	0.995157	0.637710	-0.764695	0.092560	0.769538	0.637744	-0.033086
12476	9.564038	-1.091348	-4.100656	-2.419643	1.896062	-0.242028	-0.050071	0.082197	0.995357	0.618752	-0.779758	0.095519	0.783989	0.620662	-0.011816
12477	9.375497	-1.544535	-4.157944	-2.406901	1.843088	-0.158556	-0.065602	0.072160	0.995233	0.599613	-0.794375	0.097121	0.797597	0.603126	0.008844
12478	9.057568	-2.188138	-4.227281	-2.333170	1.781628	-0.067644	-0.080395	0.062052	0.994830	0.580751	-0.808240	0.097345	0.810102	0.585574	0.028942
12479	8.820532	-2.697299	-4.099534	-2.197182	1.712281	0.019196	-0.094241	0.052006	0.994190	0.562832	-0.820943	0.096296	0.821181	0.568637	0.048095
12480	8.667379	-3.081618	-3.727882	-2.031283	1.647635	0.111775	-0.107276	0.041786	0.993351	0.546108	-0.832425	0.093993	0.830817	0.552560	0.066480
12481	8.355714	-3.583737	-3.189267	-1.883666	1.608348	0.194117	-0.119651	0.031387	0.992320	0.530587	-0.842771	0.090633	0.839143	0.537356	0.084185
12482	7.994427	-4.194923	-2.829238	-1.736809	1.548948	0.278005	-0.131269	0.020752	0.991130	0.516233	-0.852098	0.086213	0.846328	0.522971	0.101141
12483	7.737619	-4.774005	-2.550150	-1.564641	1.460709	0.363878	-0.141809	0.010086	0.989843	0.503428	-0.860243	0.080889	0.852321	0.509785	0.116913
12484	7.652742	-5.230265	-2.228796	-1.304100	1.354646	0.449314	-0.151143	-0.000706	0.988512	0.492859	-0.866893	0.074738	0.856881	0.498493	0.131373
12485	7.237459	-5.490568	-1.893739	-0.932072	1.276827	0.513090	-0.159580	-0.011487	0.987118	0.485645	-0.871479	0.068369	0.859467	0.490299	0.144649
12486	7.170459	-5.342367	-1.289585	-0.515896	1.174463	0.564487	-0.166918	-0.022248	0.985720	0.482025	-0.873968	0.061899	0.860111	0.485473	0.156605
12487	7.122353	-5.465813	-1.167164	-0.097953	1.040447	0.588305	-0.173014	-0.032444	0.984385	0.482170	-0.874290	0.055930	0.858824	0.484318	0.166908
12488	6.223686	-4.766450	-1.464706	0.305909	0.864747	0.530538	-0.177814	-0.041404	0.983193	0.485592	-0.872692	0.051071	0.855910	0.486512	0.175282
12489	5.884899	-4.613784	-1.768334	0.764723	0.567061	0.342422	-0.180969	-0.047171	0.982357	0.492721	-0.868804	0.049050	0.851162	0.492905	0.180469
12490	4.785248	-2.525766	-1.433113	0.886068	0.227182	0.153841	-0.182069	-0.049778	0.982025	0.500372	-0.864426	0.048953	0.846451	0.500291	0.182292
12491	4.578755	-0.165825	-0.228292	0.614431	-0.068534	0.068643	-0.181134	-0.050034	0.982185	0.505676	-0.861309	0.049380	0.843494	0.505612	0.181313
12492	4.065160	1.353825	-0.705824	0.088430	-0.397263	0.106565	-0.177169	-0.049090	0.982955	0.506462	-0.860909	0.048291	0.843865	0.506385	0.177388
12493	5.734586	1.188837	-0.062350	0.046533	-0.868607	0.179663	-0.168912	-0.046243	0.984546	0.507153	-0.860596	0.046588	0.845142	0.507185	0.168818
12494	8.270509	2.480800	2.067518	0.306030	-1.033003	0.194522	-0.159113	-0.042800	0.986332	0.509919	-0.859046	0.044982	0.845379	0.510107	0.158510
12495	10.799451	4.902416	4.005449	0.510154	-1.068658	0.092349	-0.149600	-0.038125	0.988011	0.514359	-0.856402	0.044835	0.844426	0.514899	0.147728
12496	11.891082	5.409713	4.931469	0.587450	-1.030619	-0.128276	-0.141501	-0.031822	0.989427	0.519003	-0.853492	0.046774	0.842979	0.520134	0.137285
12497	11.796740	5.802538	5.827391	0.499194	-0.974185	-0.343705	-0.135074	-0.023813	0.990549	0.522720	-0.850989	0.050821	0.841736	0.524644	0.127394
12498	11.061209	5.589375	5.866069	0.198002	-0.874162	-0.526713	-0.130428	-0.014852	0.991347	0.523580	-0.850125	0.056149	0.841934	0.526372	0.118656
12499	8.805664	4.736194	3.702860	-0.076615	-1.042392	-0.604703	-0.124793	-0.004235	0.992174	0.522149	-0.850595	0.062043	0.843675	0.525805	0.108360
12500	7.434119	1.775097	0.298099	-0.342207	-1.490827	-0.471895	-0.114624	0.007500	0.993381	0.518597	-0.852447	0.066276	0.847301	0.522761	0.093821
12501	11.516748	-2.204093	-0.117449	0.269415	-1.798509	-0.412166	-0.101510	0.020421	0.994625	0.520421	-0.850988	0.070585	0.847855	0.524788	0.075756
12502	17.618826	-1.351572	4.824239	-1.077488	-0.996541	0.380352	-0.091039	0.022253	0.995599	0.511520	-0.856739	0.065923	0.854435	0.515270	0.066614
12503	19.039351	0.075476	5.320401	-1.409288	-0.095920	0.499680	-0.087678	0.018431	0.995978	0.499859	-0.864026	0.059993	0.861657	0.503109	0.066543
12504	13.392827	-2.480284	2.037004	-1.821564	0.148176	0.543764	-0.086271	0.012845	0.996189	0.484435	-0.873207	0.053212	0.870563	0.487180	0.069110
12505	9.309902	-5.019092	0.435952	-1.566515	0.021438	0.378331	-0.084641	0.009413	0.996367	0.471047	-0.880783	0.048336	0.878038	0.473427	0.070116
12506	6.523453	-6.645805	-1.486269	-0.776582	-0.303550	0.077852	-0.081585	0.009993	0.996616	0.464130	-0.884526	0.046864	0.882002	0.466383	0.067527
12507	6.298237	-5.891361	-2.858015	0.255202	-0.705239	-0.208808	-0.076328	0.015123	0.996968	0.466200	-0.883316	0.049092	0.881381	0.468534	0.060372
12508	6.576308	-3.710057	-3.191642	1.202361	-1.008579	-0.489489	-0.069724	0.024017	0.997277	0.476234	-0.877632	0.054431	0.876550	0.478732	0.049755
