// General information: 
//  MT Manager version: 2022.2.0 
//  XDA version: 2022.2.0 build 7381 rev 124627 built on 2023-07-19
// Device information: 
//  DeviceId: 00B4CB9F
//  ProductCode: MTW2-3A7G6
//  Firmware Version: 4.6.0
//  Hardware Version: 2.0.0
// Device settings: 
//  Filter Profile: human(46.1)
//  Option Flags: Orientation Smoother Disabled, Position/Velocity Smoother Disabled, Continuous Zero Rotation Update Disabled, AHS Disabled, ICC Disabled
// Coordinate system: ENU
PacketCounter	Acc_X	Acc_Y	Acc_Z	Gyr_X	Gyr_Y	Gyr_Z	Mat[1][1]	Mat[2][1]	Mat[3][1]	Mat[1][2]	Mat[2][2]	Mat[3][2]	Mat[1][3]	Mat[2][3]	Mat[3][3]
29963	9.513043	0.813886	2.139154	0.009018	0.067545	-0.016530	-0.241819	-0.028996	0.969888	0.370191	-0.926707	0.064593	0.896930	0.374663	0.234829
29964	9.464060	0.825810	2.096196	0.006498	0.065118	-0.020913	-0.242394	-0.029039	0.969743	0.370253	-0.926668	0.064798	0.896749	0.374757	0.235370
29965	9.464677	0.873924	2.012370	0.005357	0.057470	-0.023815	-0.242930	-0.029053	0.969609	0.370295	-0.926637	0.065010	0.896586	0.374834	0.235866
29966	9.538878	0.891848	2.020822	-0.004183	0.055844	-0.026519	-0.243443	-0.029010	0.969481	0.370251	-0.926638	0.065245	0.896465	0.374834	0.236324
29967	9.556638	0.858672	2.121608	-0.009155	0.055087	-0.023653	-0.243957	-0.029016	0.969352	0.370162	-0.926661	0.065421	0.896362	0.374777	0.236806
29968	9.519887	0.881230	2.116739	-0.023981	0.053555	-0.021506	-0.244431	-0.029007	0.969233	0.369943	-0.926738	0.065561	0.896323	0.374586	0.237255
29969	9.480926	0.945457	2.146540	-0.038162	0.050313	-0.023338	-0.244901	-0.028998	0.969114	0.369596	-0.926870	0.065665	0.896338	0.374262	0.237709
29970	9.482071	0.957830	2.224148	-0.051987	0.051588	-0.023477	-0.245364	-0.028967	0.968998	0.369133	-0.927047	0.065757	0.896402	0.373824	0.238157
29971	9.468960	0.939633	2.406141	-0.050473	0.057852	-0.021084	-0.245893	-0.029007	0.968863	0.368681	-0.927224	0.065810	0.896444	0.373383	0.238692
29972	9.429512	0.915258	2.491645	-0.045651	0.065050	-0.023246	-0.246477	-0.029027	0.968714	0.368276	-0.927377	0.065915	0.896450	0.373000	0.239267
29973	9.373466	0.822546	2.555109	-0.045013	0.060787	-0.011343	-0.246997	-0.029168	0.968577	0.367896	-0.927530	0.065885	0.896463	0.372609	0.239828
29974	9.428298	0.812219	2.577951	-0.036607	0.072691	-0.009896	-0.247602	-0.029335	0.968418	0.367591	-0.927651	0.065884	0.896421	0.372295	0.240471
29975	9.435653	0.838294	2.605891	-0.041891	0.079430	-0.009315	-0.248281	-0.029564	0.968237	0.367244	-0.927791	0.065842	0.896375	0.371927	0.241210
29976	9.483142	0.874092	2.573999	-0.052582	0.081421	-0.009076	-0.248959	-0.029777	0.968056	0.366817	-0.927964	0.065792	0.896362	0.371479	0.241948
29977	9.492733	0.857622	2.568146	-0.082807	0.087436	-0.011622	-0.249719	-0.030013	0.967853	0.366098	-0.928256	0.065673	0.896445	0.370729	0.242791
29978	9.490595	0.715792	2.524430	-0.100952	0.092894	-0.017199	-0.250532	-0.030190	0.967638	0.365209	-0.928613	0.065584	0.896580	0.369821	0.243673
29979	9.460245	0.636290	2.472097	-0.105067	0.088824	-0.013889	-0.251312	-0.030409	0.967428	0.364284	-0.928987	0.065431	0.896738	0.368862	0.244543
29980	9.472562	0.577416	2.431331	-0.092039	0.083135	-0.006988	-0.252000	-0.030642	0.967242	0.363499	-0.929306	0.065263	0.896864	0.368038	0.245323
29981	9.475722	0.606964	2.369103	-0.079727	0.080975	-0.005532	-0.252679	-0.030908	0.967056	0.362822	-0.929582	0.065090	0.896947	0.367316	0.246100
29982	9.428734	0.740716	2.399462	-0.082933	0.073593	-0.001735	-0.253263	-0.031155	0.966896	0.362130	-0.929866	0.064893	0.897062	0.366577	0.246783
29983	9.412339	0.796127	2.456584	-0.092410	0.071433	-0.003038	-0.253848	-0.031408	0.966734	0.361345	-0.930187	0.064663	0.897213	0.365739	0.247476
29984	9.332421	0.820138	2.494767	-0.099076	0.065484	-0.005634	-0.254373	-0.031586	0.966590	0.360497	-0.930530	0.064463	0.897405	0.364850	0.248089
29985	9.339400	0.870155	2.576283	-0.102255	0.064767	-0.006086	-0.254910	-0.031785	0.966442	0.359615	-0.930887	0.064237	0.897607	0.363922	0.248723
29986	9.361078	0.862294	2.608099	-0.112528	0.063513	0.003021	-0.255388	-0.032041	0.966308	0.358681	-0.931269	0.063917	0.897845	0.362920	0.249328
29987	9.319293	0.822702	2.620919	-0.102272	0.062912	0.003303	-0.255874	-0.032320	0.966170	0.357823	-0.931621	0.063599	0.898048	0.361991	0.249943
29988	9.342543	0.709801	2.724767	-0.077529	0.068728	0.015223	-0.256357	-0.032697	0.966029	0.357206	-0.931881	0.063251	0.898156	0.361286	0.250574
29989	9.401432	0.664655	2.785794	-0.047179	0.074182	0.018876	-0.256889	-0.033161	0.965872	0.356883	-0.932028	0.062920	0.898133	0.360867	0.251262
29990	9.440977	0.708266	2.860058	-0.020807	0.081678	0.023110	-0.257462	-0.033666	0.965702	0.356817	-0.932072	0.062636	0.897995	0.360706	0.251986
29991	9.535980	0.820403	2.826168	-0.015725	0.093944	0.021265	-0.258163	-0.034223	0.965495	0.356783	-0.932104	0.062360	0.897807	0.360572	0.252845
29992	9.421783	0.848819	2.874635	-0.043912	0.105101	0.015507	-0.258974	-0.034740	0.965259	0.356486	-0.932235	0.062092	0.897691	0.360182	0.253809
29993	9.341330	0.846122	2.861676	-0.072618	0.106164	0.009248	-0.259828	-0.035229	0.965012	0.355911	-0.932475	0.061787	0.897673	0.359512	0.254821
29994	9.295207	0.733345	2.912356	-0.101445	0.101094	0.005698	-0.260638	-0.035640	0.964778	0.355076	-0.932815	0.061466	0.897769	0.358590	0.255782
29995	9.324446	0.600299	2.841008	-0.116163	0.099800	0.002660	-0.261458	-0.036043	0.964542	0.354092	-0.933212	0.061112	0.897919	0.357515	0.256758
29996	9.294457	0.633666	2.789101	-0.102713	0.104703	0.008639	-0.262293	-0.036494	0.964298	0.353256	-0.933552	0.060757	0.898005	0.356580	0.257756
29997	9.337032	0.723759	2.777858	-0.097649	0.097711	0.013001	-0.263058	-0.036984	0.964071	0.352465	-0.933877	0.060349	0.898092	0.355677	0.258699
29998	9.303344	0.709122	2.813433	-0.100435	0.083591	0.012501	-0.263690	-0.037389	0.963883	0.351644	-0.934211	0.059962	0.898228	0.354755	0.259490
29999	9.407105	0.721629	2.728121	-0.128862	0.077159	0.008346	-0.264288	-0.037760	0.963704	0.350561	-0.934647	0.059516	0.898476	0.353566	0.260253
30000	9.387685	0.630823	2.566855	-0.157171	0.069635	0.007135	-0.264815	-0.038068	0.963547	0.349223	-0.935178	0.059031	0.898841	0.352126	0.260944
30001	9.439189	0.497875	2.424995	-0.173743	0.043674	0.009686	-0.265108	-0.038333	0.963456	0.347739	-0.935767	0.058454	0.899330	0.350529	0.261409
30002	9.473929	0.322758	2.311328	-0.152359	0.037750	0.018821	-0.265310	-0.038634	0.963389	0.346468	-0.936275	0.057868	0.899762	0.349136	0.261788
30003	9.495441	0.188193	2.265448	-0.115971	0.032815	0.027577	-0.265443	-0.039027	0.963336	0.345550	-0.936651	0.057269	0.900075	0.348082	0.262114
30004	9.541827	0.032229	2.262570	-0.067967	0.035134	0.034787	-0.265565	-0.039470	0.963285	0.345083	-0.936855	0.056748	0.900218	0.347483	0.262417
30005	9.521427	0.106579	2.207115	-0.018107	0.035578	0.048188	-0.265653	-0.040066	0.963236	0.345100	-0.936881	0.056206	0.900186	0.347344	0.262712
30006	9.528109	0.258233	2.215555	0.023866	0.031414	0.045788	-0.265702	-0.040601	0.963200	0.345491	-0.936760	0.055819	0.900021	0.347608	0.262927
30007	9.508955	0.457572	2.234090	0.033413	0.022905	0.039706	-0.265705	-0.041074	0.963179	0.345950	-0.936610	0.055494	0.899844	0.347957	0.263071
30008	9.468470	0.638571	2.172153	0.020244	0.012470	0.026392	-0.265650	-0.041357	0.963182	0.346246	-0.936513	0.055284	0.899747	0.348184	0.263104
30009	9.449704	0.619866	2.256951	0.005920	0.000300	0.012340	-0.265543	-0.041495	0.963206	0.346385	-0.936470	0.055151	0.899725	0.348285	0.263047
30010	9.464363	0.596905	2.332883	-0.001961	-0.011560	0.002197	-0.265355	-0.041467	0.963259	0.346415	-0.936461	0.055115	0.899769	0.348312	0.262860
30011	9.392902	0.549468	2.362595	0.000943	-0.015900	0.002399	-0.265137	-0.041456	0.963319	0.346482	-0.936439	0.055065	0.899807	0.348373	0.262649
30012	9.418202	0.527843	2.404063	0.022577	-0.026359	0.001408	-0.264818	-0.041373	0.963410	0.346742	-0.936341	0.055101	0.899801	0.348647	0.262306
30013	9.464231	0.507369	2.378935	0.036009	-0.028227	0.011680	-0.264457	-0.041405	0.963508	0.347150	-0.936192	0.055052	0.899750	0.349041	0.261957
30014	9.467433	0.500186	2.467055	0.052824	-0.029104	0.017459	-0.264058	-0.041459	0.963615	0.347714	-0.935985	0.055013	0.899649	0.349589	0.261570
30015	9.471927	0.467747	2.500875	0.060483	-0.027611	0.023579	-0.263661	-0.041604	0.963718	0.348372	-0.935746	0.054914	0.899511	0.350211	0.261214
30016	9.429219	0.471533	2.538998	0.067237	-0.022801	0.029221	-0.263277	-0.041792	0.963815	0.349101	-0.935481	0.054798	0.899341	0.350896	0.260880
30017	9.398951	0.574295	2.565020	0.076536	-0.014246	0.031377	-0.262973	-0.042056	0.963886	0.349925	-0.935182	0.054665	0.899110	0.351663	0.260644
30018	9.359565	0.651892	2.570000	0.086992	-0.014057	0.025310	-0.262680	-0.042241	0.963958	0.350830	-0.934844	0.054636	0.898843	0.352537	0.260384
30019	9.355080	0.709219	2.585942	0.076421	-0.003959	0.013298	-0.262531	-0.042372	0.963993	0.351604	-0.934551	0.054677	0.898583	0.353298	0.260247
30020	9.356871	0.799338	2.532809	0.058157	0.002714	0.004583	-0.262462	-0.042421	0.964009	0.352190	-0.934324	0.054773	0.898374	0.353891	0.260165
30021	9.362215	0.858214	2.516804	0.044404	0.000065	-0.007419	-0.262422	-0.042372	0.964022	0.352622	-0.934152	0.054930	0.898216	0.354351	0.260084
30022	9.419596	0.718928	2.550849	0.022735	0.000975	-0.016848	-0.262413	-0.042219	0.964032	0.352849	-0.934054	0.055141	0.898130	0.354627	0.260004
30023	9.424984	0.524173	2.477815	0.015264	-0.002178	-0.018507	-0.262392	-0.042059	0.964044	0.352990	-0.933990	0.055328	0.898081	0.354815	0.259918
30024	9.492221	0.375817	2.405565	0.025720	-0.016493	-0.013194	-0.262214	-0.041872	0.964101	0.353236	-0.933886	0.055513	0.898036	0.355112	0.259668
30025	9.553939	0.379619	2.205871	0.037918	-0.019520	-0.005158	-0.261990	-0.041775	0.964166	0.353616	-0.933735	0.055630	0.897952	0.355519	0.259402
30026	9.616958	0.506896	2.079407	0.050690	-0.030358	0.001619	-0.261635	-0.041671	0.964267	0.354108	-0.933542	0.055737	0.897861	0.356037	0.259003
30027	9.591455	0.659469	2.014964	0.048234	-0.039977	0.002870	-0.261199	-0.041576	0.964389	0.354601	-0.933351	0.055804	0.897794	0.356549	0.258533
30028	9.536277	0.670551	1.992650	0.021698	-0.060775	0.006872	-0.260550	-0.041421	0.964571	0.354870	-0.933250	0.055782	0.897876	0.356832	0.257857
30029	9.564418	0.632901	2.048486	0.008522	-0.068375	0.008256	-0.259840	-0.041274	0.964769	0.355021	-0.933198	0.055694	0.898022	0.356985	0.257136
30030	9.519136	0.564271	2.116973	0.010049	-0.072806	0.003270	-0.259096	-0.041034	0.964979	0.355155	-0.933148	0.055678	0.898184	0.357143	0.256349
30031	9.543775	0.558578	2.135016	0.016831	-0.073316	0.005157	-0.258353	-0.040841	0.965187	0.355372	-0.933067	0.055641	0.898312	0.357375	0.255574
30032	9.532987	0.714281	2.197444	0.027071	-0.078740	0.000299	-0.257563	-0.040560	0.965410	0.355676	-0.932948	0.055695	0.898418	0.357718	0.254719
30033	9.552095	0.792126	2.286172	0.016427	-0.075364	-0.007491	-0.256846	-0.040240	0.965614	0.355857	-0.932874	0.055779	0.898552	0.357947	0.253925
30034	9.527816	0.840100	2.289404	-0.003068	-0.077143	-0.012681	-0.256117	-0.039838	0.965825	0.355841	-0.932874	0.055883	0.898767	0.357992	0.253101
30035	9.475219	0.836491	2.283152	-0.016508	-0.087887	-0.020936	-0.255335	-0.039348	0.966052	0.355691	-0.932924	0.056013	0.899048	0.357918	0.252204
30036	9.465849	0.748655	2.360850	-0.024347	-0.090207	-0.020588	-0.254516	-0.038829	0.966289	0.355477	-0.932998	0.056140	0.899365	0.357782	0.251265
30037	9.442686	0.691897	2.434675	-0.020388	-0.086923	-0.017434	-0.253729	-0.038375	0.966514	0.355301	-0.933059	0.056226	0.899657	0.357670	0.250379
30038	9.369789	0.712991	2.548554	-0.010588	-0.085624	-0.018091	-0.252942	-0.037895	0.966739	0.355216	-0.933083	0.056364	0.899912	0.357658	0.249477
30039	9.312976	0.687343	2.685331	-0.004302	-0.076962	-0.022894	-0.252264	-0.037427	0.966934	0.355171	-0.933090	0.056544	0.900120	0.357692	0.248678
30040	9.299138	0.657468	2.781655	0.002327	-0.069133	-0.029686	-0.251667	-0.036896	0.967110	0.355170	-0.933073	0.056827	0.900288	0.357790	0.247928
30041	9.339580	0.439580	3.001634	0.009418	-0.050660	-0.037454	-0.251278	-0.036386	0.967231	0.355213	-0.933035	0.057181	0.900380	0.357941	0.247375
30042	9.377531	0.238184	3.205426	0.032439	-0.019053	-0.032574	-0.251143	-0.036007	0.967280	0.355472	-0.932913	0.057566	0.900315	0.358298	0.247094
30043	9.283479	0.006904	3.336508	0.067429	0.004503	-0.019991	-0.251188	-0.035857	0.967274	0.356080	-0.932660	0.057895	0.900062	0.358970	0.247041
30044	9.270824	-0.087946	3.351306	0.098909	0.022855	-0.009605	-0.251351	-0.035844	0.967232	0.356993	-0.932291	0.058221	0.899655	0.359929	0.247129
30045	9.316810	-0.119831	3.350491	0.148669	0.048519	-0.000540	-0.251723	-0.036035	0.967128	0.358381	-0.931737	0.058563	0.898999	0.361342	0.247454
30046	9.331296	0.068071	3.380608	0.202675	0.078538	0.000226	-0.252351	-0.036323	0.966954	0.360264	-0.930980	0.059048	0.898070	0.363259	0.248020
30047	9.361490	0.323945	3.434898	0.211639	0.085544	0.015118	-0.252997	-0.036795	0.966767	0.362254	-0.930185	0.059397	0.897087	0.365242	0.248664
30048	8.844066	0.462336	3.160674	0.208012	0.064831	0.000274	-0.253504	-0.037037	0.966625	0.364174	-0.929403	0.059897	0.896166	0.367204	0.249095
30049	9.264518	0.759514	2.785469	0.177198	0.020164	-0.011521	-0.253660	-0.037023	0.966585	0.365784	-0.928736	0.060419	0.895466	0.368887	0.249126
30050	9.445700	0.629753	2.589760	0.129004	0.039169	-0.030637	-0.254050	-0.036883	0.966487	0.366909	-0.928253	0.061022	0.894895	0.370115	0.249356
30051	9.479149	0.463953	2.477085	0.135832	0.032790	-0.031001	-0.254391	-0.036736	0.966404	0.368097	-0.927743	0.061629	0.894310	0.371408	0.249532
30052	9.485603	0.319675	2.607709	0.150774	0.014036	-0.023751	-0.254531	-0.036570	0.966373	0.369438	-0.927170	0.062219	0.893717	0.372851	0.249504
30053	9.554968	0.118440	2.810674	0.174714	0.004197	-0.011004	-0.254542	-0.036503	0.966372	0.371023	-0.926503	0.062731	0.893057	0.374514	0.249377
30054	9.681868	-0.004934	2.976386	0.201206	0.002915	0.003366	-0.254484	-0.036545	0.966386	0.372874	-0.925728	0.063183	0.892302	0.376420	0.249210
30055	9.694146	0.022195	3.088435	0.226909	0.003890	0.020189	-0.254376	-0.036766	0.966406	0.375001	-0.924845	0.063523	0.891441	0.378562	0.249046
30056	9.756014	0.225887	3.213225	0.240754	0.005137	0.036458	-0.254215	-0.037121	0.966435	0.377275	-0.923904	0.063753	0.890527	0.380819	0.248875
30057	9.680913	0.366512	3.333251	0.219099	0.014326	0.045361	-0.254103	-0.037613	0.966445	0.379392	-0.923032	0.063829	0.889659	0.382881	0.248816
30058	9.510104	0.491947	3.515315	0.211597	0.026771	0.056195	-0.254059	-0.038232	0.966433	0.381445	-0.922188	0.063794	0.888793	0.384848	0.248873
30059	9.379948	0.475089	3.893919	0.214051	0.046108	0.065006	-0.254152	-0.039027	0.966376	0.383563	-0.921317	0.063668	0.887855	0.386848	0.249124
30060	9.438680	0.439434	4.332655	0.244663	0.072464	0.076124	-0.254436	-0.040012	0.966262	0.385968	-0.920322	0.063523	0.886730	0.389109	0.249606
30061	9.714744	0.411895	4.786795	0.305573	0.106730	0.074825	-0.255024	-0.041135	0.966059	0.388918	-0.919079	0.063534	0.885271	0.391920	0.250386
30062	10.337814	0.501621	5.206389	0.391362	0.182629	0.079660	-0.256265	-0.042591	0.965668	0.392626	-0.917488	0.063727	0.883274	0.395477	0.251842
30063	10.017890	0.768784	5.273306	0.461409	0.350917	0.081252	-0.258971	-0.044748	0.964848	0.396956	-0.915598	0.064081	0.880545	0.399597	0.254877
30064	9.179812	0.940480	5.627088	0.514058	0.452815	0.057730	-0.262664	-0.047099	0.963737	0.401654	-0.913494	0.064826	0.877315	0.404116	0.258860
30065	9.483088	1.119647	5.911510	0.530510	0.541494	0.023801	-0.267241	-0.049534	0.962356	0.406413	-0.911306	0.065953	0.873734	0.408739	0.263670
30066	10.118580	1.131649	6.204389	0.555088	0.734781	-0.025629	-0.273700	-0.052324	0.960391	0.411209	-0.909026	0.067664	0.869480	0.413441	0.270317
30067	10.395667	1.158542	6.523863	0.675494	0.986108	-0.063891	-0.282444	-0.055865	0.957656	0.416938	-0.906228	0.070104	0.863938	0.419083	0.279251
30068	10.374534	1.122477	6.526044	0.838636	1.232181	-0.119579	-0.293507	-0.059989	0.954073	0.423825	-0.902747	0.073622	0.856870	0.425968	0.290388
30069	9.307060	1.430631	5.778039	1.008269	1.337741	-0.148108	-0.305481	-0.064424	0.950016	0.432031	-0.898480	0.077992	0.848546	0.434261	0.302302
30070	8.722176	1.985461	4.589270	1.134732	1.132850	-0.125955	-0.315562	-0.068256	0.946447	0.441215	-0.893586	0.082665	0.840089	0.443672	0.312097
30071	9.106399	2.477813	3.725848	1.107968	0.943980	-0.129888	-0.323967	-0.071344	0.943375	0.450116	-0.888686	0.087367	0.832131	0.452932	0.320018
30072	9.318313	2.932124	3.019133	0.945699	0.880354	-0.172216	-0.332007	-0.073828	0.940383	0.457396	-0.884486	0.092046	0.824960	0.460688	0.327424
30073	9.050324	3.528658	2.389230	0.680519	0.818142	-0.207076	-0.339618	-0.075803	0.937504	0.462347	-0.881463	0.096217	0.819082	0.466129	0.334408
30074	9.185486	3.931209	2.070849	0.335214	0.740251	-0.228328	-0.346694	-0.077228	0.934794	0.464302	-0.880071	0.099492	0.815001	0.468520	0.340973
30075	9.275323	3.297872	1.614803	-0.073386	0.685889	-0.245208	-0.353347	-0.078291	0.932210	0.462899	-0.880580	0.101503	0.812939	0.467385	0.347392
30076	9.118507	2.515195	1.126563	-0.327616	0.628777	-0.249846	-0.359577	-0.079005	0.929765	0.459378	-0.882285	0.102689	0.812205	0.464038	0.353543
30077	9.536168	1.569377	0.558871	-0.507869	0.572780	-0.268047	-0.365389	-0.079293	0.927472	0.454333	-0.884817	0.103344	0.812448	0.459142	0.359327
30078	9.676625	0.656757	0.234187	-0.495856	0.590502	-0.269227	-0.371366	-0.079599	0.925068	0.449361	-0.887270	0.104048	0.812503	0.454330	0.365271
30079	9.505848	-0.157977	0.492454	-0.311804	0.630533	-0.255922	-0.377566	-0.080194	0.922504	0.445925	-0.888862	0.105241	0.811539	0.451102	0.371364
30080	9.370674	-0.962756	0.934958	-0.060617	0.672123	-0.215879	-0.383931	-0.081296	0.919776	0.444661	-0.889284	0.107008	0.809243	0.450072	0.377572
30081	9.269020	-1.486547	1.043307	0.163401	0.688134	-0.128829	-0.389996	-0.083264	0.917044	0.445535	-0.888630	0.108791	0.805854	0.451004	0.383659
30082	9.007038	-1.477791	1.219163	0.353144	0.708684	-0.035317	-0.395798	-0.086151	0.914288	0.448285	-0.887037	0.110481	0.801489	0.453590	0.389708
30083	8.602873	-1.035918	1.474988	0.555119	0.712908	0.021497	-0.401331	-0.089603	0.911540	0.452859	-0.884463	0.112443	0.796148	0.457926	0.395540
30084	8.236016	-0.177771	1.968682	0.668366	0.709295	0.067479	-0.406592	-0.093462	0.908817	0.458485	-0.881297	0.114488	0.790237	0.463228	0.401179
30085	8.002800	0.448791	2.446424	0.670638	0.684378	0.117550	-0.411373	-0.097696	0.906216	0.464299	-0.878035	0.116108	0.784346	0.468519	0.406560
30086	7.735214	0.904892	2.799490	0.579327	0.664667	0.167858	-0.415724	-0.102293	0.903720	0.469573	-0.875113	0.116955	0.778893	0.472983	0.411839
30087	7.332177	1.303804	3.039682	0.440810	0.620070	0.193643	-0.419561	-0.106939	0.901406	0.473858	-0.872792	0.117013	0.774227	0.476233	0.416863
30088	7.094760	1.838360	3.397158	0.285223	0.529642	0.196288	-0.422658	-0.111174	0.899445	0.476940	-0.871189	0.116437	0.770642	0.478194	0.421238
30089	6.827082	2.389086	3.724495	0.110740	0.404071	0.176971	-0.424857	-0.114659	0.897970	0.478595	-0.870433	0.115295	0.768403	0.478748	0.424684
30090	6.777041	2.871386	3.731489	-0.023122	0.232593	0.165547	-0.425791	-0.117206	0.897198	0.479173	-0.870324	0.113710	0.767526	0.478330	0.426738
30091	6.807011	3.391225	3.389660	-0.201574	0.089038	0.134092	-0.425768	-0.118809	0.896998	0.478250	-0.871101	0.111626	0.768114	0.476516	0.427707
30092	6.563503	3.068412	3.070988	-0.447012	-0.053524	0.088503	-0.424878	-0.119316	0.897353	0.475237	-0.873089	0.108925	0.770473	0.472736	0.427660
30093	6.327849	2.635012	3.199491	-0.638766	-0.226624	0.047618	-0.422837	-0.118679	0.898401	0.470559	-0.876009	0.105750	0.774457	0.467465	0.426255
30094	6.977587	2.351070	3.263153	-0.785949	-0.361985	-0.046201	-0.420186	-0.116579	0.899918	0.464307	-0.879684	0.102834	0.779656	0.461047	0.423760
30095	6.644408	2.066665	3.079761	-0.815625	-0.454281	-0.076094	-0.416918	-0.113841	0.901787	0.457660	-0.883480	0.100057	0.785320	0.454427	0.420439
30096	6.763890	1.416665	2.440667	-0.742454	-0.572047	-0.078407	-0.412712	-0.110549	0.904128	0.451532	-0.886893	0.097672	0.791067	0.448553	0.415948
30097	7.020429	0.260658	2.180038	-0.613560	-0.703050	-0.027701	-0.407190	-0.107179	0.907033	0.446602	-0.889636	0.095368	0.796708	0.443915	0.410117
30098	7.834076	-0.875152	4.083396	-0.475325	-0.783521	0.125618	-0.400314	-0.104817	0.910364	0.443359	-0.891579	0.092303	0.801986	0.440568	0.403383
30099	9.236016	-2.103947	6.936649	-0.217715	-0.651098	0.282640	-0.393763	-0.104487	0.913254	0.442785	-0.892216	0.088833	0.805538	0.439355	0.397587
30100	8.261474	-2.241720	8.003362	0.174808	-0.434624	0.418243	-0.388347	-0.106294	0.915362	0.445880	-0.890980	0.085704	0.806460	0.441425	0.393404
30101	7.645008	-1.095248	8.198089	0.453374	-0.498784	0.510532	-0.381968	-0.108636	0.917768	0.451556	-0.888395	0.082775	0.806348	0.446041	0.388394
30102	9.592310	-0.791747	8.299297	0.490974	-0.546554	0.531190	-0.375098	-0.110897	0.920328	0.457576	-0.885584	0.079784	0.806180	0.451047	0.382924
30103	12.768531	-0.346455	8.930347	0.708462	-0.413554	0.456667	-0.369595	-0.113066	0.922288	0.465035	-0.881827	0.078251	0.804452	0.457817	0.378498
30104	13.890358	1.842377	9.438841	1.275863	-0.067106	0.352053	-0.367355	-0.115855	0.922837	0.476610	-0.875484	0.079814	0.798682	0.469154	0.376831
30105	11.534346	6.151073	9.294597	1.705778	0.142006	0.272641	-0.367097	-0.118918	0.922550	0.491213	-0.867009	0.083702	0.789905	0.483895	0.376690
30106	9.279516	8.304533	8.274321	1.233883	0.019005	0.244301	-0.365998	-0.121125	0.922699	0.501866	-0.860651	0.086091	0.783694	0.494580	0.375785
30107	7.829240	7.017682	5.598748	0.410893	-0.149263	0.251639	-0.363495	-0.122556	0.923500	0.506052	-0.858276	0.085285	0.782165	0.498339	0.373999
30108	7.276050	5.479614	2.259785	-0.318849	-0.326702	0.243902	-0.359681	-0.123020	0.924930	0.504482	-0.859533	0.081858	0.784938	0.496054	0.371219
30109	7.970251	4.126818	-0.050602	-1.014796	-0.469444	0.156330	-0.355130	-0.122067	0.926813	0.497093	-0.864306	0.076638	0.791695	0.487928	0.367620
30110	9.142952	2.060491	-0.894807	-1.483947	-0.477968	0.048730	-0.351064	-0.120172	0.928608	0.485496	-0.871369	0.070779	0.800654	0.475683	0.364250
30111	10.055230	-0.541764	-0.459642	-1.530917	-0.424255	0.032370	-0.347427	-0.118476	0.930193	0.473336	-0.878488	0.064901	0.809474	0.462842	0.361289
30112	10.250261	-2.346518	-0.303659	-1.404937	-0.533968	0.137664	-0.342409	-0.117231	0.932209	0.462426	-0.884720	0.058594	0.817875	0.451140	0.357147
30113	11.120437	-3.539414	-0.021004	-1.266533	-0.719504	0.220894	-0.335417	-0.115996	0.934901	0.452815	-0.890085	0.052023	0.826108	0.440787	0.351074
30114	11.341372	-4.169542	0.338321	-0.993208	-0.692681	0.256886	-0.328477	-0.115248	0.937454	0.445478	-0.894102	0.046174	0.832858	0.432782	0.345032
30115	10.714757	-3.653617	0.636138	-0.635459	-0.602362	0.267446	-0.322193	-0.115065	0.939655	0.441092	-0.896503	0.041463	0.837633	0.427834	0.339602
30116	10.085707	-2.459499	0.888209	-0.249682	-0.550036	0.297482	-0.316216	-0.115377	0.941645	0.439996	-0.897203	0.037825	0.840482	0.426281	0.334476
30117	9.521219	-0.554302	1.500915	0.092842	-0.522499	0.333192	-0.310285	-0.116148	0.943521	0.441873	-0.896396	0.034966	0.841708	0.427766	0.329461
30118	8.969244	0.579110	1.887883	0.231875	-0.556334	0.323611	-0.304108	-0.116654	0.945468	0.444868	-0.895000	0.032664	0.842384	0.430542	0.324072
30119	9.024758	1.084696	2.303670	0.277941	-0.621113	0.274976	-0.297579	-0.116443	0.947569	0.448089	-0.893454	0.030927	0.843008	0.433799	0.318050
30120	9.307281	1.474373	2.567678	0.201432	-0.630338	0.204660	-0.291283	-0.115520	0.949636	0.450439	-0.892316	0.029617	0.843954	0.436380	0.311951
30121	9.481412	1.865484	2.917308	0.093422	-0.585762	0.142518	-0.285625	-0.114244	0.951507	0.451690	-0.891719	0.028524	0.845218	0.437934	0.306300
30122	9.149138	1.903122	3.614713	-0.002355	-0.560890	0.095462	-0.280390	-0.112626	0.953256	0.451988	-0.891597	0.027606	0.846811	0.438601	0.300900
30123	8.954119	1.630111	3.917135	-0.108097	-0.564154	0.076970	-0.275191	-0.110853	0.954977	0.451336	-0.891960	0.026522	0.848861	0.438314	0.295491
30124	8.897271	1.250324	4.207852	-0.208565	-0.559627	0.069924	-0.270063	-0.109014	0.956652	0.449801	-0.892772	0.025244	0.851320	0.437120	0.290139
30125	8.960046	0.676826	4.393809	-0.353151	-0.541240	0.072395	-0.265054	-0.107316	0.958243	0.447033	-0.894209	0.023507	0.854346	0.434597	0.284987
30126	8.899751	0.250245	4.210875	-0.478602	-0.494849	0.075766	-0.260428	-0.105840	0.959674	0.443182	-0.896176	0.021430	0.857769	0.430891	0.280296
30127	8.922403	0.175098	3.862654	-0.594396	-0.473223	0.076947	-0.255953	-0.104518	0.961023	0.438321	-0.898617	0.019009	0.861605	0.426102	0.275816
30128	8.934399	-0.014274	3.429156	-0.730082	-0.492365	0.056582	-0.251403	-0.102934	0.962393	0.432205	-0.901625	0.016469	0.866023	0.420092	0.271160
30129	8.795482	-0.395431	2.846909	-0.829880	-0.525109	0.015794	-0.246707	-0.100904	0.963823	0.425088	-0.905043	0.014058	0.870882	0.413177	0.266174
30130	9.658737	-0.883683	2.097315	-0.898145	-0.581551	0.005367	-0.241555	-0.098565	0.965368	0.417303	-0.908693	0.011640	0.876076	0.405663	0.260631
30131	9.865410	-1.402159	1.634042	-0.812370	-0.545380	0.002488	-0.236686	-0.096410	0.966791	0.410223	-0.911936	0.009489	0.880736	0.398846	0.255392
30132	9.591324	-1.783430	1.570675	-0.647339	-0.563143	0.019429	-0.231584	-0.094352	0.968228	0.404602	-0.914461	0.007662	0.884684	0.393522	0.249950
30133	9.764886	-2.029126	1.274488	-0.486124	-0.617739	0.037811	-0.225889	-0.092297	0.969771	0.400430	-0.916307	0.006064	0.888048	0.389695	0.243942
30134	10.091676	-2.131709	0.888501	-0.354645	-0.636101	0.045305	-0.219994	-0.090241	0.971318	0.397425	-0.917622	0.004760	0.890874	0.387073	0.237736
30135	10.292028	-1.996869	0.385029	-0.242540	-0.625065	0.063705	-0.214098	-0.088430	0.972801	0.395449	-0.918481	0.003540	0.893186	0.385452	0.231614
30136	10.099377	-1.550044	0.229546	-0.162506	-0.629730	0.071005	-0.208125	-0.086660	0.974256	0.394194	-0.919024	0.002462	0.895151	0.384558	0.225433
30137	9.996904	-1.146617	0.317970	-0.114950	-0.674521	0.056593	-0.201790	-0.084606	0.975768	0.393330	-0.919396	0.001622	0.896980	0.384126	0.218803
30138	9.957727	-0.970911	0.750295	-0.039998	-0.708795	0.040513	-0.195200	-0.082259	0.977308	0.393099	-0.919496	0.001121	0.898538	0.384397	0.211821
30139	9.877615	-0.876299	1.403051	0.045674	-0.733601	0.028106	-0.188425	-0.079712	0.978847	0.393613	-0.919276	0.000908	0.899758	0.385458	0.204590
30140	9.728447	-0.854832	1.841556	0.140525	-0.756749	0.021342	-0.181458	-0.076989	0.980380	0.394964	-0.918696	0.000959	0.900598	0.387389	0.197113
30141	9.656995	-0.712315	2.118158	0.192709	-0.742043	0.019812	-0.174627	-0.074305	0.981827	0.396784	-0.917911	0.001104	0.901148	0.389766	0.189775
30142	9.490009	-0.410950	2.315512	0.217070	-0.713801	0.008775	-0.168087	-0.071601	0.983168	0.398803	-0.917036	0.001397	0.901500	0.392325	0.182696
30143	9.135274	-0.077324	2.595515	0.211014	-0.696864	-0.009126	-0.161771	-0.068792	0.984428	0.400739	-0.916191	0.001830	0.901797	0.394794	0.175781
30144	9.124837	-0.086200	3.091889	0.164253	-0.710136	-0.047587	-0.155487	-0.065553	0.985661	0.402191	-0.915552	0.002555	0.902256	0.396821	0.168721
30145	9.076483	-0.194454	3.353112	0.093852	-0.694901	-0.074243	-0.149445	-0.062128	0.986816	0.402973	-0.915205	0.003407	0.902928	0.398170	0.161809
30146	9.097025	-0.362081	3.685180	0.030996	-0.684405	-0.092200	-0.143567	-0.058566	0.987906	0.403164	-0.915117	0.004339	0.903796	0.398911	0.154992
30147	8.724755	-0.478944	4.025823	0.005991	-0.643314	-0.106258	-0.138109	-0.055043	0.988886	0.403116	-0.915133	0.005362	0.904667	0.399377	0.148577
30148	8.693638	-0.358140	4.482973	-0.013916	-0.624615	-0.115061	-0.132856	-0.051507	0.989796	0.402881	-0.915230	0.006450	0.905558	0.399627	0.142345
30149	8.905471	-0.250350	4.988159	-0.058755	-0.590641	-0.139979	-0.127999	-0.047883	0.990618	0.402213	-0.915514	0.007718	0.906554	0.399427	0.136444
30150	8.696372	-0.027490	5.186151	-0.098504	-0.513150	-0.166762	-0.123958	-0.044324	0.991297	0.401156	-0.915963	0.009207	0.907584	0.398806	0.131322
30151	8.466181	0.228553	5.263310	-0.165429	-0.498987	-0.205421	-0.120179	-0.040472	0.991927	0.399450	-0.916689	0.010994	0.908844	0.397546	0.126334
30152	8.634588	0.348475	5.032685	-0.277397	-0.485593	-0.229303	-0.116626	-0.036464	0.992506	0.396702	-0.917857	0.012894	0.910509	0.395233	0.121512
30153	8.605003	0.091549	4.658133	-0.404574	-0.479723	-0.229109	-0.113089	-0.032489	0.993054	0.392797	-0.919508	0.014648	0.912645	0.391725	0.116748
30154	8.462432	-0.445592	4.199713	-0.521057	-0.507561	-0.234888	-0.109326	-0.028374	0.993601	0.387821	-0.921590	0.016354	0.915228	0.387127	0.111758
30155	8.715593	-1.099436	3.744850	-0.612137	-0.568077	-0.244987	-0.104992	-0.023948	0.994185	0.381993	-0.923988	0.018083	0.918182	0.381671	0.106160
30156	8.823555	-1.072290	2.845282	-0.658112	-0.564443	-0.255820	-0.100734	-0.019473	0.994723	0.375725	-0.926517	0.019912	0.921240	0.375748	0.100649
30157	8.785494	-0.584575	2.496263	-0.651300	-0.624718	-0.290598	-0.095984	-0.014467	0.995278	0.369476	-0.928977	0.022129	0.924270	0.369855	0.094512
30158	9.547130	-0.097076	2.940795	-0.656944	-0.664909	-0.383163	-0.091199	-0.008497	0.995796	0.363083	-0.931413	0.025305	0.927283	0.363865	0.088029
30159	9.512826	-0.243059	3.410288	-0.687978	-0.612263	-0.473734	-0.087147	-0.001890	0.996194	0.356317	-0.933903	0.029399	0.930292	0.357523	0.082061
30160	9.848819	-0.863832	4.126280	-0.708384	-0.618749	-0.527839	-0.083215	0.005201	0.996518	0.349314	-0.936386	0.034057	0.933303	0.350932	0.076105
30161	10.797081	-1.596645	4.329297	-0.633586	-0.522061	-0.523147	-0.080079	0.011901	0.996717	0.343012	-0.938531	0.038764	0.935911	0.344990	0.071074
30162	11.318654	-1.338341	3.802263	-0.464382	-0.288967	-0.421320	-0.078784	0.016805	0.996750	0.338375	-0.940047	0.042595	0.937708	0.340631	0.068374
30163	10.951512	-0.682712	3.688513	-0.227798	-0.036799	-0.382023	-0.079659	0.020501	0.996611	0.335982	-0.940734	0.046207	0.938494	0.338524	0.068050
30164	10.998426	0.050341	4.226304	0.021201	0.106298	-0.417548	-0.082041	0.024020	0.996339	0.335892	-0.940555	0.050333	0.938321	0.338791	0.069096
30165	11.318838	0.766931	4.151520	0.160359	0.256074	-0.482875	-0.085999	0.027669	0.995911	0.337036	-0.939871	0.055216	0.937556	0.340407	0.071503
30166	11.831474	1.250892	4.039195	0.240067	0.415085	-0.559948	-0.091769	0.031459	0.995283	0.338837	-0.938871	0.060918	0.936359	0.342829	0.075499
30167	11.892753	1.727746	4.258843	0.424303	0.616955	-0.660183	-0.099719	0.035503	0.994382	0.342220	-0.937172	0.067779	0.934313	0.347056	0.081305
30168	12.432284	1.917217	4.945547	0.402468	0.667513	-0.718053	-0.108412	0.039844	0.993307	0.345277	-0.935483	0.075209	0.932218	0.351119	0.087660
30169	13.080443	0.871610	5.274576	0.196405	0.865934	-0.683287	-0.118772	0.043162	0.991983	0.346377	-0.934493	0.082133	0.930546	0.353355	0.096041
30170	12.784127	-0.867294	4.543213	-0.066245	1.003801	-0.506621	-0.129861	0.044297	0.990542	0.345179	-0.934492	0.087044	0.929509	0.353218	0.106064
30171	12.600792	-1.652589	3.435088	-0.206364	1.002130	-0.271540	-0.140040	0.043283	0.989199	0.342943	-0.935086	0.089465	0.928859	0.351768	0.116106
30172	12.104834	-1.722213	2.377150	-0.323183	1.063618	-0.084615	-0.150210	0.040286	0.987833	0.339868	-0.936170	0.089860	0.928400	0.349230	0.126931
30173	11.153973	-1.180115	1.235363	-0.332575	1.135634	0.057207	-0.160489	0.035779	0.986389	0.336919	-0.937335	0.088817	0.927755	0.346587	0.138377
30174	10.911416	-0.449078	0.484678	-0.214037	1.183314	0.125464	-0.171041	0.030445	0.984793	0.335193	-0.938104	0.087219	0.926494	0.345014	0.150250
30175	10.731405	-0.160046	0.064689	0.002397	1.250619	0.143051	-0.182067	0.024764	0.982974	0.335518	-0.938120	0.085779	0.924272	0.345423	0.162492
30176	10.412649	0.104710	-0.142235	0.314007	1.243961	0.183638	-0.192923	0.018659	0.981036	0.338811	-0.937057	0.084451	0.920862	0.348679	0.174458
30177	10.217627	0.477742	-0.386840	0.631511	1.154623	0.219900	-0.202711	0.012519	0.979159	0.345098	-0.934854	0.083396	0.916414	0.354811	0.185185
30178	10.049166	1.240211	-0.637080	0.917675	1.072776	0.229685	-0.211704	0.006458	0.977313	0.354012	-0.931565	0.082841	0.910965	0.363518	0.194929
30179	9.672522	2.321084	-0.503007	1.001720	0.978460	0.229313	-0.219699	0.000703	0.975567	0.363654	-0.927868	0.082564	0.905256	0.372909	0.203596
30180	9.028388	3.082672	-0.567952	0.903952	0.873471	0.197023	-0.226846	-0.004474	0.973920	0.372306	-0.924439	0.082471	0.899960	0.381305	0.211371
30181	8.738939	3.283467	-0.673279	0.662557	0.726542	0.162118	-0.232693	-0.008782	0.972510	0.378679	-0.921863	0.082282	0.895799	0.387416	0.217837
30182	9.112917	2.191706	-0.444563	0.342833	0.680078	0.186188	-0.238052	-0.013193	0.971163	0.382235	-0.920492	0.081189	0.892876	0.390540	0.224167
30183	9.836308	0.572834	-0.199239	0.243845	0.668296	0.232759	-0.243050	-0.017969	0.969847	0.385020	-0.919482	0.079452	0.890329	0.392722	0.230398
30184	10.255568	-0.421147	-0.049570	0.452830	0.679644	0.324016	-0.247813	-0.023675	0.968518	0.389892	-0.917608	0.077330	0.886890	0.396781	0.236626
30185	10.388327	-0.299095	0.259177	0.811803	0.712517	0.396309	-0.252486	-0.030175	0.967130	0.398114	-0.914231	0.075410	0.881905	0.404068	0.242844
30186	10.231739	0.523796	0.712835	1.207918	0.779597	0.426991	-0.257583	-0.037306	0.965536	0.409867	-0.909121	0.074217	0.875020	0.414858	0.249464
30187	10.022427	1.810494	1.219159	1.474454	0.870116	0.419998	-0.263342	-0.044793	0.963662	0.423852	-0.902714	0.073867	0.866603	0.427902	0.256708
30188	9.994036	2.697850	1.616182	1.479465	0.982209	0.382026	-0.270134	-0.052536	0.961388	0.437678	-0.896080	0.074013	0.857593	0.440772	0.265055
30189	9.909901	2.818713	1.901389	1.337925	1.103805	0.329530	-0.278020	-0.060420	0.958673	0.450046	-0.889898	0.074430	0.848624	0.452140	0.274601
30190	9.696171	2.956951	2.208292	1.131257	1.190996	0.267499	-0.286828	-0.068268	0.955547	0.460405	-0.884534	0.075006	0.840093	0.461452	0.285140
30191	9.507862	3.143001	2.251105	0.882036	1.233629	0.205951	-0.296120	-0.075833	0.952136	0.468432	-0.880261	0.075577	0.832396	0.468391	0.296185
30192	9.352844	2.905890	2.251090	0.615884	1.287361	0.122395	-0.306186	-0.082994	0.948347	0.473957	-0.877240	0.076252	0.825600	0.472823	0.307934
30193	9.250094	2.647404	2.304790	0.357545	1.312899	0.054372	-0.316661	-0.089703	0.944288	0.477119	-0.875474	0.076833	0.819807	0.474868	0.320028
30194	9.231138	2.213918	2.048848	0.171660	1.349706	-0.000838	-0.327666	-0.096130	0.939891	0.478569	-0.874633	0.077384	0.814621	0.475159	0.332592
30195	9.063074	2.070115	2.130980	0.082692	1.367243	-0.037824	-0.338884	-0.102303	0.935250	0.479166	-0.874252	0.077993	0.809665	0.474571	0.345290
30196	9.020832	1.751897	2.043323	0.002625	1.361265	-0.059970	-0.350131	-0.108248	0.930425	0.479031	-0.874277	0.078550	0.804946	0.473205	0.357965
30197	8.804050	1.398787	2.012517	0.000361	1.372273	-0.079654	-0.361458	-0.114046	0.925387	0.478802	-0.874337	0.079266	0.800060	0.471729	0.370642
30198	8.503185	1.134886	1.999701	-0.025854	1.349783	-0.076863	-0.372561	-0.119746	0.920250	0.478364	-0.874522	0.079869	0.795215	0.469970	0.383095
30199	8.284471	0.763602	1.855361	-0.015856	1.319639	-0.050480	-0.383198	-0.125506	0.915100	0.478100	-0.874632	0.080248	0.790304	0.468260	0.395162
30200	7.936113	0.565049	1.863443	0.013309	1.274400	-0.020778	-0.393303	-0.131297	0.909986	0.478174	-0.874569	0.080484	0.785278	0.466786	0.406754
30201	7.726120	0.338967	1.853920	0.030035	1.189473	0.006538	-0.402518	-0.136910	0.905116	0.478489	-0.874394	0.080528	0.780402	0.465501	0.417469
30202	7.693979	0.117109	1.709411	0.069385	1.103983	0.042349	-0.410868	-0.142428	0.900501	0.479251	-0.873985	0.080432	0.775568	0.464613	0.427351
30203	7.641857	0.032403	1.703490	0.151075	1.006853	0.064915	-0.418275	-0.147684	0.896234	0.480742	-0.873161	0.080482	0.770671	0.464521	0.436219
30204	7.571763	0.209573	1.681124	0.241771	0.905726	0.081911	-0.424798	-0.152622	0.892330	0.482995	-0.871886	0.080807	0.765678	0.465318	0.444091
30205	7.398733	0.563612	1.601111	0.345683	0.773848	0.098318	-0.430163	-0.157097	0.888977	0.486107	-0.870094	0.081460	0.760697	0.467179	0.450649
30206	7.111569	1.129689	1.565423	0.422098	0.625723	0.100366	-0.434375	-0.160912	0.886243	0.489793	-0.867929	0.082476	0.755924	0.469901	0.455820
30207	6.844848	1.715396	1.699142	0.439712	0.463773	0.092032	-0.437354	-0.163907	0.884226	0.493562	-0.865678	0.083656	0.751743	0.473008	0.459506
30208	6.557659	2.318814	2.083395	0.340995	0.300341	0.065653	-0.439237	-0.165906	0.882919	0.496459	-0.863924	0.084643	0.748732	0.475511	0.461833
30209	7.010225	2.001306	2.396640	0.192648	0.099749	0.038747	-0.439726	-0.166726	0.882521	0.498123	-0.862913	0.085174	0.747338	0.477058	0.462495
30210	6.786180	1.904890	2.704058	0.190595	-0.039213	-0.011526	-0.439445	-0.166441	0.882715	0.499546	-0.861992	0.086157	0.746553	0.478818	0.461943
30211	7.173538	1.484591	2.898220	0.116927	-0.088088	-0.007807	-0.438762	-0.165962	0.883145	0.500438	-0.861416	0.086748	0.746358	0.480021	0.461010
30212	7.215809	1.225128	3.835449	0.077273	-0.050380	-0.020907	-0.438445	-0.165540	0.883381	0.500972	-0.861050	0.087290	0.746186	0.480821	0.460454
30213	6.822143	1.075510	5.817745	0.060235	-0.037398	-0.033540	-0.438270	-0.165081	0.883554	0.501328	-0.860787	0.087846	0.746050	0.481451	0.460016
30214	6.707618	1.188349	6.899966	0.007249	-0.173570	-0.072491	-0.437293	-0.163621	0.884309	0.501114	-0.860842	0.088523	0.746766	0.481850	0.458433
30215	7.100855	1.417675	7.950063	-0.041370	-0.231433	-0.093653	-0.435968	-0.161710	0.885315	0.500449	-0.861165	0.089144	0.747986	0.481918	0.456368
30216	6.703732	2.124670	8.569253	0.030197	-0.167338	-0.094098	-0.435148	-0.160095	0.886011	0.500314	-0.861142	0.090118	0.748554	0.482498	0.454822
30217	7.204622	3.067522	9.340016	0.150141	-0.204354	-0.203547	-0.434572	-0.157365	0.886783	0.500606	-0.860710	0.092585	0.748693	0.484163	0.452819
30218	7.628121	3.755712	9.579798	0.198435	-0.154538	-0.284839	-0.434811	-0.154169	0.887227	0.500901	-0.860163	0.096015	0.748357	0.486161	0.451232
30219	7.661139	3.235345	9.719192	0.101392	-0.053459	-0.316629	-0.435932	-0.151195	0.887188	0.500334	-0.860124	0.099263	0.748084	0.487162	0.450604
30220	8.042722	1.883027	8.636238	0.026334	0.059759	-0.266889	-0.437693	-0.149196	0.886660	0.499412	-0.860368	0.101759	0.747672	0.487347	0.451087
30221	7.205819	1.150497	7.275216	-0.019718	0.328058	-0.118917	-0.440673	-0.149780	0.885084	0.498795	-0.860613	0.102705	0.746332	0.486735	0.453958
30222	5.676560	0.828936	5.387018	-0.040083	0.153308	0.040566	-0.441599	-0.150883	0.884434	0.498722	-0.860719	0.102175	0.745833	0.486207	0.455342
30223	4.821641	1.117920	3.542673	-0.105556	-0.345180	0.133604	-0.438291	-0.150366	0.886167	0.498574	-0.861002	0.100495	0.747880	0.485866	0.452338
30224	5.351775	1.294367	0.263005	-0.291595	-0.973908	0.166295	-0.430139	-0.147081	0.890701	0.497154	-0.862142	0.097722	0.753537	0.484849	0.443962
30225	9.496562	2.213145	-0.567727	-0.478751	-1.381409	0.078242	-0.419220	-0.141083	0.896856	0.493912	-0.864317	0.094906	0.761778	0.482754	0.432021
30226	14.732618	2.583809	3.575344	-0.576313	-0.999633	-0.150174	-0.412291	-0.134979	0.900998	0.488923	-0.867269	0.093802	0.768746	0.479192	0.423561
30227	14.947697	2.016465	8.425889	-0.265944	-0.230034	-0.234471	-0.411598	-0.131854	0.901777	0.485963	-0.868826	0.094771	0.770991	0.477238	0.421683
30228	13.272268	2.365833	10.452405	0.038809	-0.066287	-0.096296	-0.411536	-0.130704	0.901973	0.485912	-0.868740	0.095815	0.771056	0.477710	0.421028
30229	11.584583	1.607997	8.625516	-0.098082	-0.250333	0.095877	-0.409073	-0.130352	0.903143	0.485601	-0.869056	0.094518	0.772561	0.477232	0.418807
30230	9.508194	-0.398953	4.891023	0.158336	-0.429702	0.287119	-0.404341	-0.130796	0.905208	0.488038	-0.867897	0.092594	0.773516	0.479215	0.414759
30231	8.363668	1.131620	2.005507	0.415554	-0.602414	0.364386	-0.397827	-0.131064	0.908051	0.492768	-0.865391	0.090980	0.773895	0.483653	0.408860
30232	8.790357	2.613946	0.933218	0.071144	-0.706956	0.313486	-0.390785	-0.130355	0.911205	0.494601	-0.864610	0.088428	0.776310	0.485239	0.402350
