// General information: 
//  MT Manager version: 2022.2.0 
//  XDA version: 2022.2.0 build 7381 rev 124627 built on 2023-07-19
// Device information: 
//  DeviceId: 00B4CAF0
//  ProductCode: MTW2-3A7G6
//  Firmware Version: 4.6.0
//  Hardware Version: 2.0.0
// Device settings: 
//  Filter Profile: human(46.1)
//  Option Flags: Orientation Smoother Disabled, Position/Velocity Smoother Disabled, Continuous Zero Rotation Update Disabled, AHS Disabled, ICC Disabled
// Coordinate system: ENU
PacketCounter	Acc_X	Acc_Y	Acc_Z	Gyr_X	Gyr_Y	Gyr_Z	Mat[1][1]	Mat[2][1]	Mat[3][1]	Mat[1][2]	Mat[2][2]	Mat[3][2]	Mat[1][3]	Mat[2][3]	Mat[3][3]
19376	4.745475	-0.751513	9.093410	0.007712	0.002456	-0.000286	0.842104	0.277202	0.462622	-0.274974	0.958610	-0.073867	-0.463950	-0.065005	0.883473
19377	4.756163	-0.724731	9.073920	0.006315	0.001769	0.003604	0.842099	0.277226	0.462618	-0.275001	0.958602	-0.073864	-0.463943	-0.065020	0.883476
19378	4.796224	-0.681838	9.062193	0.005187	0.003296	0.003428	0.842044	0.277316	0.462664	-0.275101	0.958573	-0.073877	-0.463985	-0.065072	0.883450
19379	4.755650	-0.723930	9.074252	0.007732	0.001914	0.002444	0.842042	0.277328	0.462660	-0.275126	0.958567	-0.073857	-0.463973	-0.065099	0.883454
19380	4.778526	-0.730299	9.078047	0.006603	0.003442	0.002267	0.842086	0.277250	0.462627	-0.275051	0.958591	-0.073824	-0.463937	-0.065080	0.883474
19381	4.754992	-0.722947	9.074675	0.005475	0.004970	0.002090	0.842100	0.277261	0.462595	-0.275062	0.958588	-0.073822	-0.463906	-0.065077	0.883491
19382	4.748171	-0.745822	9.070845	0.004346	0.006498	0.001914	0.842090	0.277317	0.462579	-0.275142	0.958568	-0.073787	-0.463875	-0.065140	0.883502
19383	4.766353	-0.755346	9.098459	0.006010	0.000635	0.002211	0.842084	0.277326	0.462586	-0.275157	0.958564	-0.073780	-0.463879	-0.065154	0.883499
19384	4.770704	-0.751728	9.074863	0.009743	0.004866	0.001338	0.842174	0.277164	0.462519	-0.274991	0.958615	-0.073734	-0.463814	-0.065092	0.883538
19385	4.753396	-0.720894	9.075675	0.006892	0.005115	0.000929	0.842191	0.277164	0.462487	-0.274999	0.958615	-0.073713	-0.463777	-0.065103	0.883557
19386	4.777799	-0.706930	9.107479	0.008021	0.003586	0.001105	0.842209	0.277141	0.462468	-0.275002	0.958618	-0.073655	-0.463743	-0.065147	0.883571
19387	4.747989	-0.722682	9.099971	0.006911	0.004574	0.003658	0.842216	0.277167	0.462439	-0.275033	0.958610	-0.073648	-0.463711	-0.065159	0.883587
19388	4.746060	-0.742480	9.072224	0.006010	0.000634	0.002210	0.842204	0.277159	0.462467	-0.275048	0.958609	-0.073605	-0.463725	-0.065210	0.883576
19389	4.747450	-0.721933	9.100311	0.002625	0.005218	0.001680	0.842220	0.277166	0.462434	-0.275043	0.958609	-0.073626	-0.463700	-0.065179	0.883592
19390	4.757951	-0.695403	9.080891	0.006605	0.003440	0.002265	0.842214	0.277203	0.462422	-0.275111	0.958593	-0.073575	-0.463670	-0.065251	0.883602
19391	4.740551	-0.744365	9.096565	0.006011	0.000633	0.002210	0.842207	0.277212	0.462429	-0.275125	0.958589	-0.073569	-0.463674	-0.065266	0.883599
19392	4.762348	-0.691715	9.057275	0.001435	-0.000395	0.001569	0.842234	0.277125	0.462432	-0.275013	0.958620	-0.073593	-0.463691	-0.065192	0.883596
19393	4.756102	-0.714647	9.053149	0.007139	-0.000895	0.002387	0.842220	0.277135	0.462452	-0.275034	0.958615	-0.073577	-0.463704	-0.065222	0.883586
19394	4.797675	-0.731092	9.084262	0.003466	0.002016	0.003193	0.842265	0.277052	0.462419	-0.274938	0.958643	-0.073578	-0.463680	-0.065165	0.883603
19395	4.746647	-0.719848	9.100895	0.007428	0.000778	0.001049	0.842262	0.277051	0.462426	-0.274949	0.958641	-0.073553	-0.463678	-0.065193	0.883602
19396	4.763288	-0.749610	9.100539	0.003773	0.003149	0.004585	0.842261	0.277070	0.462416	-0.274974	0.958635	-0.073546	-0.463665	-0.065207	0.883608
19397	4.767771	-0.746431	9.076841	0.004288	-0.000646	0.001978	0.842249	0.277076	0.462434	-0.274978	0.958633	-0.073554	-0.463684	-0.065209	0.883598
19398	4.757197	-0.692635	9.081498	0.005992	0.001172	-0.000520	0.842327	0.276955	0.462366	-0.274887	0.958667	-0.073455	-0.463598	-0.065225	0.883642
19399	4.767634	-0.745735	9.076970	0.000307	0.001133	0.001392	0.842325	0.276956	0.462368	-0.274868	0.958669	-0.073494	-0.463613	-0.065184	0.883637
19400	4.750843	-0.715393	9.077447	0.006852	-0.002569	0.003724	0.842276	0.277004	0.462428	-0.274945	0.958649	-0.073460	-0.463656	-0.065269	0.883608
19401	4.780407	-0.698681	9.085156	0.005724	-0.001041	0.003547	0.842258	0.277025	0.462449	-0.274970	0.958642	-0.073462	-0.463674	-0.065285	0.883597
19402	4.778849	-0.718696	9.057210	0.002564	-0.001924	0.001746	0.842230	0.277019	0.462503	-0.274954	0.958645	-0.073489	-0.463734	-0.065273	0.883567
19403	4.769650	-0.724323	9.104788	0.006012	0.000632	0.002209	0.842223	0.277028	0.462510	-0.274968	0.958641	-0.073482	-0.463738	-0.065288	0.883564
19404	4.740139	-0.740314	9.097110	0.003160	0.000882	0.001800	0.842284	0.276863	0.462498	-0.274764	0.958697	-0.073511	-0.463748	-0.065161	0.883568
19405	4.790998	-0.750935	9.080622	0.004288	-0.000646	0.001978	0.842272	0.276869	0.462516	-0.274769	0.958696	-0.073518	-0.463767	-0.065163	0.883557
19406	4.763334	-0.746692	9.100755	0.002545	-0.001384	-0.000983	0.842286	0.276806	0.462528	-0.274716	0.958713	-0.073483	-0.463773	-0.065170	0.883554
19407	4.774386	-0.720229	9.081029	0.002545	-0.001384	-0.000983	0.842279	0.276782	0.462555	-0.274687	0.958721	-0.073492	-0.463803	-0.065157	0.883539
19408	4.763625	-0.746079	9.100653	0.005417	-0.002175	0.002155	0.842287	0.276702	0.462589	-0.274588	0.958748	-0.073511	-0.463847	-0.065104	0.883520
19409	4.770171	-0.722322	9.104674	0.007963	-0.003559	0.001171	0.842264	0.276698	0.462634	-0.274602	0.958746	-0.073482	-0.463880	-0.065149	0.883499
19410	4.751955	-0.712026	9.077130	0.002257	-0.003057	0.000355	0.842274	0.276649	0.462645	-0.274566	0.958759	-0.073448	-0.463884	-0.065163	0.883496
19411	4.764319	-0.744999	9.100378	0.001436	-0.000395	0.001569	0.842264	0.276651	0.462661	-0.274554	0.958760	-0.073478	-0.463909	-0.065137	0.883485
19412	4.747590	-0.714633	9.100815	0.005417	-0.002175	0.002154	0.842227	0.276652	0.462728	-0.274565	0.958758	-0.073469	-0.463969	-0.065172	0.883451
19413	4.771090	-0.721256	9.104277	0.003098	-0.006259	0.001870	0.842190	0.276653	0.462796	-0.274563	0.958757	-0.073486	-0.464039	-0.065177	0.883414
19414	4.799306	-0.724826	9.083903	0.004783	-0.003903	-0.003359	0.842171	0.276576	0.462875	-0.274488	0.958779	-0.073476	-0.464117	-0.065175	0.883373
19415	4.799302	-0.804267	9.098827	-0.003736	-0.004228	0.000877	0.842146	0.276569	0.462926	-0.274445	0.958786	-0.073549	-0.464188	-0.065109	0.883340
19416	4.730501	-0.703532	9.072745	0.012809	-0.000322	-0.002260	0.842180	0.276443	0.462939	-0.274346	0.958821	-0.073466	-0.464184	-0.065134	0.883341
19417	4.822016	-0.670915	9.044173	0.007349	-0.005828	-0.001614	0.842154	0.276410	0.463005	-0.274333	0.958827	-0.073430	-0.464238	-0.065179	0.883309
19418	4.786464	-0.789511	9.047221	0.004536	-0.006655	0.003438	0.842131	0.276353	0.463082	-0.274273	0.958844	-0.073433	-0.464317	-0.065171	0.883268
19419	4.750650	-0.631601	9.084550	0.013958	-0.002392	0.000645	0.842114	0.276344	0.463117	-0.274311	0.958840	-0.073349	-0.464324	-0.065270	0.883257
19420	4.795043	-0.744444	9.079022	0.005419	-0.002176	0.002153	0.842058	0.276368	0.463205	-0.274339	0.958831	-0.073361	-0.464410	-0.065301	0.883210
19421	4.778580	-0.714011	9.079314	0.003100	-0.006260	0.001870	0.842021	0.276369	0.463273	-0.274336	0.958830	-0.073379	-0.464479	-0.065306	0.883173
19422	4.766488	-0.680651	9.055935	0.006630	0.002898	0.004988	0.842017	0.276352	0.463289	-0.274322	0.958835	-0.073371	-0.464494	-0.065311	0.883165
19423	4.744856	-0.732476	9.095286	0.007062	-0.007503	-0.000276	0.841980	0.276331	0.463369	-0.274319	0.958838	-0.073343	-0.464563	-0.065358	0.883125
19424	4.777435	-0.733230	9.051228	0.000615	0.002268	0.002782	0.841971	0.276364	0.463365	-0.274360	0.958826	-0.073337	-0.464554	-0.065382	0.883128
19425	4.768007	-0.738845	9.098948	0.007739	0.001907	0.002434	0.841970	0.276375	0.463360	-0.274384	0.958821	-0.073315	-0.464542	-0.065409	0.883132
19426	4.751281	-0.708385	9.099377	0.000534	-0.004336	0.000125	0.841908	0.276446	0.463431	-0.274478	0.958795	-0.073301	-0.464600	-0.065489	0.883096
19427	4.779202	-0.711885	9.079153	0.011722	0.000125	0.003018	0.841897	0.276462	0.463442	-0.274525	0.958786	-0.073248	-0.464592	-0.065559	0.883095
19428	4.791533	-0.744619	9.102462	-0.002012	-0.002949	0.001109	0.841923	0.276334	0.463471	-0.274341	0.958833	-0.073325	-0.464653	-0.065415	0.883073
19429	4.745566	-0.730359	9.095086	0.012236	-0.003673	0.000412	0.841901	0.276322	0.463517	-0.274368	0.958831	-0.073254	-0.464676	-0.065502	0.883055
19430	4.796668	-0.740576	9.078479	0.002546	-0.001387	-0.000985	0.841861	0.276353	0.463573	-0.274421	0.958817	-0.073230	-0.464719	-0.065564	0.883028
19431	4.787998	-0.666377	9.110841	0.008254	-0.001892	-0.000172	0.841849	0.276337	0.463604	-0.274425	0.958819	-0.073193	-0.464738	-0.065607	0.883014
19432	4.789317	-0.703537	9.031281	0.004291	-0.000648	0.001974	0.841840	0.276345	0.463615	-0.274457	0.958813	-0.073152	-0.464735	-0.065660	0.883012
19433	4.778450	-0.729398	9.051002	0.004291	-0.000648	0.001974	0.841828	0.276350	0.463633	-0.274461	0.958811	-0.073159	-0.464754	-0.065662	0.883002
19434	4.780137	-0.708815	9.078901	0.004599	0.000486	0.003365	0.841770	0.276410	0.463703	-0.274531	0.958791	-0.073166	-0.464818	-0.065712	0.882965
19435	4.755111	-0.721926	9.047527	0.005195	0.003292	0.003417	0.841773	0.276431	0.463685	-0.274551	0.958784	-0.073171	-0.464801	-0.065712	0.882973
19436	4.812144	-0.709124	9.035176	0.007125	-0.000363	-0.000350	0.841820	0.276299	0.463678	-0.274422	0.958825	-0.073128	-0.464791	-0.065683	0.882981
19437	4.778005	-0.728158	9.051337	-0.000801	0.002126	0.003943	0.841816	0.276324	0.463671	-0.274418	0.958821	-0.073189	-0.464801	-0.065628	0.882980
19438	4.768627	-0.733840	9.099028	0.005996	0.001166	-0.000527	0.841838	0.276215	0.463697	-0.274296	0.958856	-0.073189	-0.464834	-0.065577	0.882966
19439	4.749909	-0.723722	9.071725	0.003799	0.002612	0.007308	0.841827	0.276273	0.463682	-0.274342	0.958840	-0.073225	-0.464828	-0.065565	0.882970
19440	4.777400	-0.727645	9.051697	0.003470	0.002015	0.003187	0.841781	0.276341	0.463725	-0.274416	0.958818	-0.073239	-0.464866	-0.065602	0.882947
19441	4.774411	-0.710015	9.103420	0.004292	-0.000649	0.001974	0.841769	0.276345	0.463743	-0.274419	0.958817	-0.073246	-0.464886	-0.065604	0.882937
19442	4.749613	-0.723145	9.071926	0.002854	-0.000253	0.000406	0.841686	0.276512	0.463794	-0.274636	0.958758	-0.073203	-0.464908	-0.065761	0.882914
19443	4.778960	-0.706632	9.079691	0.003471	0.002015	0.003187	0.841683	0.276531	0.463788	-0.274646	0.958753	-0.073222	-0.464907	-0.065747	0.882915
19444	4.744689	-0.725627	9.095922	0.003450	0.002553	0.000457	0.841658	0.276559	0.463818	-0.274686	0.958743	-0.073212	-0.464930	-0.065785	0.882900
19445	4.767727	-0.732437	9.099613	0.001458	-0.000933	0.004298	0.841638	0.276586	0.463838	-0.274696	0.958737	-0.073254	-0.464959	-0.065761	0.882886
19446	4.795461	-0.736447	9.079453	0.003183	0.000343	0.004526	0.841679	0.276554	0.463782	-0.274682	0.958745	-0.073205	-0.464894	-0.065777	0.882920
19447	4.749259	-0.722189	9.072188	0.008255	-0.001895	-0.000173	0.841667	0.276538	0.463813	-0.274685	0.958746	-0.073167	-0.464913	-0.065820	0.882906
19448	4.778795	-0.705289	9.079882	0.004272	-0.000112	-0.000756	0.841701	0.276426	0.463820	-0.274567	0.958782	-0.073151	-0.464922	-0.065779	0.882904
19449	4.767830	-0.731022	9.099673	0.004580	0.001022	0.000634	0.841700	0.276419	0.463824	-0.274560	0.958784	-0.073149	-0.464927	-0.065779	0.882902
19450	4.787893	-0.698753	9.032407	0.004600	0.000485	0.003364	0.841702	0.276391	0.463838	-0.274533	0.958792	-0.073142	-0.464940	-0.065775	0.882895
19451	4.772218	-0.727493	9.076042	0.004888	0.002156	0.002024	0.841703	0.276398	0.463832	-0.274540	0.958790	-0.073143	-0.464934	-0.065775	0.882899
19452	4.772135	-0.727171	9.076111	0.004292	-0.000650	0.001973	0.841718	0.276296	0.463865	-0.274416	0.958824	-0.073164	-0.464980	-0.065708	0.882879
19453	4.778362	-0.703923	9.080216	-0.000800	0.002127	0.003942	0.841714	0.276321	0.463858	-0.274412	0.958820	-0.073225	-0.464990	-0.065654	0.882878
19454	4.795031	-0.734171	9.079864	0.003184	0.000343	0.004525	0.841708	0.276326	0.463866	-0.274421	0.958818	-0.073220	-0.464996	-0.065664	0.882874
19455	4.755138	-0.696797	9.076644	0.005401	-0.001643	-0.000579	0.841698	0.276306	0.463895	-0.274408	0.958823	-0.073205	-0.465021	-0.065680	0.882860
19456	4.761005	-0.752715	9.096007	0.004909	0.001618	0.004753	0.841649	0.276324	0.463973	-0.274407	0.958819	-0.073260	-0.465110	-0.065658	0.882815
19457	4.778130	-0.703207	9.080393	0.003184	0.000343	0.004525	0.841635	0.276354	0.463982	-0.274426	0.958811	-0.073289	-0.465124	-0.065646	0.882808
19458	4.728973	-0.671614	9.124788	0.007148	-0.000905	0.002379	0.841644	0.276300	0.463998	-0.274387	0.958825	-0.073248	-0.465131	-0.065667	0.882803
19459	4.818845	-0.857404	9.019396	-0.007107	-0.000170	0.003080	0.841631	0.276315	0.464011	-0.274347	0.958829	-0.073360	-0.465178	-0.065558	0.882786
19460	4.756832	-0.675483	9.104577	0.013946	-0.001870	-0.002092	0.841654	0.276187	0.464046	-0.274256	0.958862	-0.073261	-0.465190	-0.065607	0.882776
19461	4.729830	-0.787888	9.060602	0.004890	0.002155	0.002023	0.841655	0.276194	0.464040	-0.274263	0.958860	-0.073262	-0.465184	-0.065607	0.882779
19462	4.794754	-0.731865	9.080197	0.000905	0.003940	0.001440	0.841637	0.276227	0.464054	-0.274287	0.958851	-0.073290	-0.465203	-0.065601	0.882770
19463	4.799841	-0.648917	9.041130	0.010495	-0.004422	-0.002547	0.841620	0.276185	0.464110	-0.274281	0.958858	-0.073221	-0.465238	-0.065672	0.882746
19464	4.807482	-0.684138	9.088344	0.006636	0.002894	0.004980	0.841651	0.276150	0.464073	-0.274246	0.958869	-0.073205	-0.465201	-0.065657	0.882767
19465	4.777636	-0.700394	9.080871	-0.001641	0.005329	0.002424	0.841666	0.276163	0.464039	-0.274225	0.958871	-0.073266	-0.465187	-0.065586	0.882780
19466	4.781977	-0.697390	9.057225	0.007457	0.000228	0.003768	0.841635	0.276160	0.464097	-0.274227	0.958870	-0.073267	-0.465242	-0.065604	0.882749
19467	4.775587	-0.720366	9.053236	0.001747	0.000738	0.002957	0.841627	0.276174	0.464103	-0.274226	0.958868	-0.073301	-0.465257	-0.065577	0.882743
19468	4.759835	-0.749575	9.096879	-0.000471	0.002725	0.008060	0.841650	0.276136	0.464085	-0.274142	0.958886	-0.073373	-0.465265	-0.065471	0.882747
19469	4.785734	-0.774030	9.048945	0.004293	-0.000651	0.001973	0.841638	0.276140	0.464104	-0.274145	0.958885	-0.073379	-0.465285	-0.065473	0.882736
19470	4.770626	-0.722970	9.077240	0.008854	0.000905	-0.000124	0.841599	0.276138	0.464175	-0.274166	0.958881	-0.073347	-0.465343	-0.065532	0.882701
19471	4.782850	-0.755535	9.100662	0.002567	-0.001927	0.001745	0.841582	0.276139	0.464205	-0.274158	0.958882	-0.073368	-0.465378	-0.065520	0.882684
19472	4.800090	-0.705848	9.084983	0.006308	0.002295	0.000860	0.841639	0.275984	0.464194	-0.273983	0.958932	-0.073365	-0.465379	-0.065434	0.882690
19473	4.779727	-0.715812	9.029820	0.007437	0.000764	0.001038	0.841637	0.275980	0.464202	-0.273992	0.958932	-0.073340	-0.465378	-0.065462	0.882688
19474	4.769060	-0.662045	9.034380	0.003782	0.003148	0.004573	0.841682	0.275879	0.464180	-0.273867	0.958966	-0.073355	-0.465370	-0.065381	0.882698
19475	4.804103	-0.701874	9.061587	0.003474	0.002013	0.003184	0.841679	0.275896	0.464174	-0.273875	0.958962	-0.073375	-0.465369	-0.065368	0.882700
19476	4.791610	-0.668711	9.038351	0.004092	0.004282	0.005962	0.841736	0.275829	0.464110	-0.273789	0.958986	-0.073382	-0.465316	-0.065300	0.882733
19477	4.807734	-0.698713	9.038334	0.006725	0.009496	0.007626	0.841757	0.275893	0.464035	-0.273850	0.958968	-0.073394	-0.465244	-0.065296	0.882771
19478	4.777282	-0.715053	9.031174	-0.000114	0.011538	0.006637	0.841788	0.275929	0.463957	-0.273857	0.958962	-0.073446	-0.465183	-0.065232	0.882808
19479	4.745536	-0.693711	9.103504	0.002742	0.011281	0.007041	0.841818	0.275989	0.463867	-0.273895	0.958948	-0.073490	-0.465107	-0.065186	0.882851
19480	4.733181	-0.799684	9.139052	-0.002418	0.006920	0.009089	0.841807	0.276033	0.463860	-0.273883	0.958942	-0.073606	-0.465132	-0.065081	0.882846
19481	4.731088	-0.820237	9.111402	0.004603	0.000481	0.003362	0.841797	0.276051	0.463868	-0.273898	0.958937	-0.073616	-0.465142	-0.065082	0.882841
19482	4.701082	-0.697419	9.045140	0.007969	-0.003574	0.001169	0.841726	0.276090	0.463974	-0.273971	0.958919	-0.073582	-0.465229	-0.065179	0.882787
19483	4.737365	-0.657543	9.056634	0.001370	-0.007537	0.001649	0.841683	0.276086	0.464055	-0.273956	0.958921	-0.073613	-0.465315	-0.065171	0.882743
19484	4.651178	-0.765628	9.076242	-0.001554	-0.014421	0.001326	0.841712	0.275819	0.464160	-0.273626	0.959010	-0.073679	-0.465456	-0.064990	0.882682
19485	4.747181	-0.890187	9.054025	0.001819	-0.009727	-0.009138	0.841689	0.275709	0.464267	-0.273522	0.959041	-0.073656	-0.465559	-0.064992	0.882627
19486	4.576737	-0.728440	9.139613	0.021703	-0.017592	-0.011681	0.841649	0.275515	0.464456	-0.273435	0.959084	-0.073431	-0.465683	-0.065196	0.882547
19487	4.666350	-0.837301	9.192363	-0.009864	-0.028521	-0.018701	0.841564	0.275301	0.464736	-0.273196	0.959149	-0.073466	-0.465976	-0.065138	0.882396
19488	4.657372	-0.919592	9.103781	0.030066	-0.021754	-0.029504	0.841504	0.275085	0.464972	-0.273190	0.959183	-0.073051	-0.466088	-0.065553	0.882306
19489	4.682482	-0.688050	9.234121	0.017224	-0.046711	-0.036440	0.841383	0.274689	0.465426	-0.272928	0.959279	-0.072765	-0.466461	-0.065805	0.882091
19490	4.834773	-0.700052	9.083475	0.001556	-0.046122	-0.034574	0.841181	0.274439	0.465937	-0.272768	0.959336	-0.072610	-0.466917	-0.066015	0.881834
19491	4.667805	-0.458277	9.152173	0.015896	-0.048479	-0.027112	0.841025	0.274131	0.466399	-0.272579	0.959407	-0.072379	-0.467308	-0.066259	0.881608
19492	4.441527	-0.099466	9.521664	-0.024796	-0.129511	-0.008708	0.840437	0.273937	0.467572	-0.272353	0.959456	-0.072576	-0.468496	-0.066349	0.880971
19493	5.143474	-1.035994	8.910286	-0.125942	-0.083330	-0.001603	0.840048	0.273851	0.468322	-0.271714	0.959551	-0.073713	-0.469565	-0.065327	0.880478
19494	4.907356	-0.609355	9.161031	-0.012581	-0.113515	-0.007363	0.839498	0.273741	0.469371	-0.271627	0.959568	-0.073807	-0.470598	-0.065533	0.879911
19495	4.795180	-0.718769	9.069952	-0.068280	-0.090709	-0.004472	0.839079	0.273624	0.470187	-0.271233	0.959632	-0.074422	-0.471571	-0.065084	0.879423
19496	4.931763	-0.791892	9.105755	-0.058845	-0.094185	-0.004542	0.838701	0.273317	0.471040	-0.270657	0.959752	-0.074975	-0.472573	-0.064609	0.878920
19497	4.866666	-0.779009	9.114002	-0.053989	-0.098688	-0.005240	0.838245	0.273187	0.471926	-0.270322	0.959808	-0.075459	-0.473573	-0.064319	0.878403
19498	4.883772	-0.740521	9.140753	-0.063369	-0.094771	-0.007972	0.837794	0.273068	0.472795	-0.269968	0.959865	-0.075996	-0.474571	-0.063971	0.877889
19499	4.869445	-0.818694	9.147139	-0.066216	-0.101738	-0.008363	0.837330	0.272907	0.473709	-0.269548	0.959938	-0.076572	-0.475628	-0.063571	0.877346
19500	4.842615	-0.826572	9.209723	-0.070740	-0.102829	-0.009034	0.836850	0.272748	0.474649	-0.269128	0.960009	-0.077153	-0.476710	-0.063176	0.876787
19501	4.816599	-0.835138	9.271958	-0.080754	-0.116093	-0.011752	0.836324	0.272546	0.475690	-0.268609	0.960099	-0.077840	-0.477925	-0.062676	0.876162
19502	4.815225	-0.851809	9.336788	-0.096723	-0.130571	-0.013946	0.835756	0.272220	0.476873	-0.267878	0.960236	-0.078669	-0.479326	-0.061995	0.875444
19503	4.845246	-0.810886	9.313605	-0.103003	-0.146819	-0.017565	0.835094	0.271945	0.478187	-0.267200	0.960354	-0.079521	-0.480855	-0.061364	0.874650
19504	4.840480	-0.889908	9.293006	-0.122443	-0.155126	-0.028477	0.834442	0.271509	0.479572	-0.266283	0.960530	-0.080477	-0.482493	-0.060548	0.873805
19505	4.820578	-0.859277	9.257678	-0.116835	-0.182337	-0.038708	0.833660	0.271011	0.481210	-0.265359	0.960712	-0.081346	-0.484350	-0.059879	0.872823
19506	4.870238	-1.027775	9.231958	-0.114906	-0.198928	-0.050870	0.832842	0.270338	0.483002	-0.264293	0.960940	-0.082122	-0.486337	-0.059259	0.871760
19507	4.907367	-1.063713	9.219516	-0.076710	-0.225975	-0.071804	0.831927	0.269499	0.485045	-0.263284	0.961186	-0.082477	-0.488446	-0.059090	0.870591
19508	4.923359	-1.008805	9.188729	-0.042380	-0.245169	-0.087897	0.830995	0.268430	0.487229	-0.262253	0.961473	-0.082420	-0.490582	-0.059287	0.869376
19509	4.948627	-1.005802	9.175476	-0.000768	-0.283023	-0.114086	0.829898	0.267148	0.489797	-0.261265	0.961786	-0.081903	-0.492960	-0.059995	0.867981
19510	4.924955	-1.114032	9.311415	0.019189	-0.316768	-0.133780	0.828723	0.265564	0.492639	-0.260123	0.962165	-0.081085	-0.495534	-0.060950	0.866448
19511	4.588695	-1.143096	9.505060	0.044915	-0.363399	-0.185681	0.827395	0.263537	0.495949	-0.258772	0.962635	-0.079813	-0.498452	-0.062301	0.864676
19512	4.648994	-1.506321	9.265250	0.027743	-0.445368	-0.246434	0.825821	0.260830	0.499988	-0.256798	0.963282	-0.078370	-0.502071	-0.063676	0.862479
19513	4.250691	-1.098673	9.900609	0.080620	-0.523923	-0.311162	0.823971	0.257476	0.504755	-0.254600	0.964044	-0.076146	-0.506212	-0.065768	0.859898
19514	4.609883	-1.812456	9.945196	-0.058035	-0.651918	-0.385871	0.821583	0.253403	0.510674	-0.251225	0.965043	-0.074692	-0.511750	-0.066929	0.856524
19515	4.794448	-2.118430	9.437218	0.161884	-0.730713	-0.476489	0.819008	0.248285	0.517281	-0.248112	0.966134	-0.070892	-0.517364	-0.070282	0.852874
19516	5.086990	-1.156620	9.277318	0.363782	-0.848041	-0.568106	0.815985	0.242207	0.524885	-0.245384	0.967254	-0.064864	-0.523407	-0.075871	0.848698
19517	5.304365	-0.615331	8.891703	0.295628	-0.900270	-0.627849	0.812768	0.235408	0.532908	-0.241790	0.968529	-0.059073	-0.530043	-0.080839	0.844109
19518	5.429991	-0.668092	8.981549	0.141980	-0.986816	-0.667425	0.809105	0.228105	0.541587	-0.237094	0.969967	-0.054324	-0.537713	-0.084453	0.838888
19519	5.774389	-1.351498	8.932126	-0.159705	-1.043683	-0.699174	0.805077	0.220416	0.550698	-0.230546	0.971678	-0.051872	-0.546534	-0.085200	0.833092
19520	6.026441	-1.895600	8.707519	-0.263268	-1.069217	-0.763272	0.800938	0.212048	0.559941	-0.222899	0.973566	-0.049852	-0.555711	-0.084882	0.827031
19521	6.259316	-2.202346	8.626101	-0.326816	-1.082638	-0.847473	0.796718	0.202858	0.569289	-0.214258	0.975607	-0.047790	-0.565097	-0.083900	0.820748
19522	6.849456	-3.534261	9.254886	-0.571799	-1.052403	-0.910614	0.792496	0.193282	0.578439	-0.203952	0.977837	-0.047312	-0.574764	-0.080480	0.814352
19523	6.505319	-5.560714	8.065023	-0.324065	-0.862951	-1.035028	0.789556	0.182445	0.585930	-0.193850	0.980046	-0.043946	-0.582257	-0.078884	0.809169
19524	5.659216	-3.119593	8.440458	0.834311	-0.838089	-1.207974	0.786816	0.170197	0.593257	-0.189550	0.981408	-0.030158	-0.587360	-0.088723	0.804448
19525	4.625128	-0.291758	8.673551	0.865140	-0.660101	-1.269351	0.785295	0.157097	0.598859	-0.184629	0.982683	-0.015678	-0.590952	-0.098255	0.800701
19526	1.759552	0.414756	9.448668	0.130273	-0.471753	-1.148060	0.784504	0.145526	0.602807	-0.176590	0.984254	-0.007795	-0.594449	-0.100334	0.797849
19527	-0.710366	-1.596087	10.515653	-0.743679	-0.358395	-0.707708	0.783573	0.138190	0.605736	-0.166564	0.985985	-0.009473	-0.598556	-0.093472	0.795609
19528	-2.210213	-4.810284	11.246917	-1.264078	-0.161887	-0.167654	0.782752	0.136638	0.607148	-0.157913	0.987278	-0.018600	-0.601966	-0.081317	0.794371
19529	-3.867074	-8.845115	11.504258	-1.116553	0.032357	0.660083	0.781903	0.143163	0.606739	-0.156307	0.987206	-0.031505	-0.603487	-0.070204	0.794276
19530	-1.688619	-9.619570	11.871136	-0.449355	0.019300	1.605064	0.779346	0.159292	0.606008	-0.166402	0.985034	-0.044923	-0.604095	-0.065830	0.794189
19531	-0.034072	-6.239396	13.717504	-0.375634	0.544767	2.398673	0.778432	0.183205	0.600400	-0.182782	0.981170	-0.062411	-0.600529	-0.061160	0.797261
19532	-0.122649	-5.394499	13.427401	-0.433457	0.864663	2.919691	0.777825	0.212661	0.591409	-0.203270	0.975560	-0.083453	-0.594702	-0.055304	0.802042
19533	0.434208	-3.942330	13.431140	-0.258445	1.198947	3.194938	0.778029	0.244334	0.578767	-0.226561	0.968401	-0.104260	-0.585953	-0.050009	0.808801
19534	1.685776	-2.766279	12.896975	-0.018528	1.422323	3.253391	0.778382	0.276694	0.563526	-0.251951	0.959856	-0.123280	-0.575015	-0.046022	0.816848
19535	2.622803	-0.111990	12.337875	0.562773	1.657918	3.183228	0.779325	0.307852	0.545783	-0.279904	0.950297	-0.136345	-0.560630	-0.046510	0.826759
19536	3.704688	1.884712	12.797111	0.386932	1.842388	2.916854	0.780933	0.336488	0.526232	-0.304847	0.940660	-0.149089	-0.545172	-0.043992	0.837169
19537	4.980885	1.900652	12.655266	-0.162838	2.018068	2.480536	0.783985	0.360505	0.505375	-0.323346	0.932086	-0.163290	-0.529920	-0.035394	0.847309
19538	5.110401	1.120069	12.039964	-0.148704	2.129488	1.886374	0.788864	0.378825	0.483927	-0.337386	0.925107	-0.174206	-0.513678	-0.025846	0.857594
19539	5.286275	0.985428	11.591826	-0.059184	2.190080	1.171308	0.795918	0.390091	0.462973	-0.346334	0.920622	-0.180298	-0.496555	-0.016840	0.867842
19540	5.384831	0.621963	10.721830	-0.070881	2.209763	0.402913	0.805432	0.394049	0.442724	-0.349002	0.919062	-0.183090	-0.479038	-0.007045	0.877766
19541	5.723083	0.902042	9.926213	-0.054351	2.196610	-0.342712	0.816949	0.390939	0.423982	-0.345933	0.920414	-0.182123	-0.461438	0.002116	0.887170
19542	5.823082	0.673728	9.763056	-0.375647	2.168387	-0.957869	0.830146	0.381926	0.406191	-0.336197	0.924082	-0.181781	-0.444780	0.014344	0.895525
19543	4.338894	-3.739115	4.055766	-0.965060	1.472244	-1.580457	0.841799	0.366946	0.395884	-0.318704	0.929795	-0.184145	-0.435662	0.028843	0.899648
19544	9.733326	-1.516679	4.476197	1.022485	0.928513	-2.059950	0.852383	0.347383	0.390855	-0.305417	0.937439	-0.167116	-0.424456	0.023073	0.905154
19545	11.481593	0.091105	6.180008	0.052030	0.671638	-2.201049	0.861728	0.326495	0.388362	-0.286740	0.944871	-0.158109	-0.418574	0.024888	0.907842
19546	12.819324	-0.127312	6.820507	-0.227544	0.818670	-1.766546	0.870117	0.309523	0.383525	-0.270371	0.950419	-0.153633	-0.412063	0.029985	0.910662
19547	10.341644	-2.115776	4.864179	-0.578459	0.850344	-1.256514	0.876906	0.297258	0.377721	-0.256998	0.954036	-0.154166	-0.406187	0.038116	0.912995
19548	8.693306	-2.732351	3.795808	-0.295363	0.492525	-0.848314	0.881104	0.288899	0.374424	-0.248158	0.956405	-0.153973	-0.402584	0.042750	0.914384
19549	8.205115	-1.143379	4.392773	-0.095937	0.047664	-0.487710	0.882491	0.284200	0.374753	-0.243441	0.957762	-0.153065	-0.402426	0.043849	0.914402
19550	7.809163	-0.401950	5.323579	-0.395048	-0.180435	-0.133773	0.882074	0.283044	0.376604	-0.240606	0.957937	-0.156414	-0.405035	0.047355	0.913074
19551	7.659079	-0.560372	5.821457	-0.554789	-0.347008	0.099043	0.880420	0.284155	0.379627	-0.239189	0.957382	-0.161890	-0.409450	0.051728	0.910865
19552	6.528166	-1.141077	5.796410	-0.580028	-0.469292	0.186322	0.878021	0.286256	0.383585	-0.238429	0.956510	-0.168049	-0.415008	0.056093	0.908087
19553	5.969772	-0.797067	5.901574	-0.238304	-0.640186	0.135689	0.875017	0.287904	0.389175	-0.238591	0.955987	-0.170775	-0.421213	0.056578	0.905195
19554	5.429139	0.266175	6.219210	-0.078987	-0.727499	0.040135	0.871849	0.288654	0.395675	-0.238471	0.955826	-0.171839	-0.427798	0.055460	0.902171
19555	4.415899	0.300540	6.309000	-0.167508	-0.808652	-0.041732	0.868454	0.288691	0.403044	-0.237353	0.955855	-0.173221	-0.435259	0.054771	0.898638
19556	3.341189	-0.745407	6.123997	-0.135888	-0.971986	-0.128405	0.864474	0.288007	0.411990	-0.235596	0.956138	-0.174051	-0.444048	0.053399	0.894410
19557	3.203837	-0.932487	6.407794	0.232951	-1.057160	-0.205596	0.860214	0.286567	0.421795	-0.234835	0.956848	-0.171156	-0.452642	0.048178	0.890390
19558	1.213652	-1.022380	5.412761	0.551801	-1.123501	-0.221359	0.855600	0.284957	0.432143	-0.235392	0.957711	-0.165467	-0.461020	0.039850	0.886495
19559	3.896149	-3.120713	8.552703	0.422298	-1.723585	-0.245570	0.848109	0.283204	0.447780	-0.235243	0.958560	-0.160697	-0.474734	0.030952	0.879585
19560	16.679403	-9.875976	8.513006	1.562753	-1.555699	-1.265561	0.843586	0.271415	0.463353	-0.231997	0.962391	-0.141356	-0.484293	0.011750	0.874827
19561	12.244377	4.168476	9.116636	6.998205	0.407491	-1.866278	0.850008	0.253491	0.461767	-0.249349	0.965794	-0.071185	-0.464016	-0.054634	0.884140
19562	6.762502	18.548913	7.270658	5.640081	-0.004468	-2.059893	0.855145	0.233653	0.462745	-0.257575	0.966186	-0.011861	-0.449869	-0.109049	0.886412
19563	11.259766	14.403295	14.846501	-1.911522	-0.963157	0.579467	0.849263	0.238269	0.471148	-0.253755	0.966755	-0.031504	-0.462992	-0.092801	0.881491
19564	15.619485	0.506729	10.405663	-4.166589	0.365978	1.082437	0.848221	0.248921	0.467504	-0.243414	0.967148	-0.073313	-0.470395	-0.051611	0.880946
19565	-4.347224	-8.455921	5.894053	-1.163217	1.342600	0.331395	0.853672	0.252708	0.455393	-0.240778	0.966837	-0.085161	-0.461812	-0.036949	0.886208
19566	5.687847	-1.584361	12.711227	2.185570	-1.244900	-0.425702	0.848955	0.247768	0.466783	-0.247024	0.966896	-0.063957	-0.467177	-0.061010	0.882056
19567	9.617154	2.961899	8.535626	2.110679	0.276182	-0.537119	0.851571	0.242758	0.464645	-0.252204	0.966725	-0.042852	-0.459587	-0.080694	0.884459
19568	1.884645	3.071125	14.243740	-0.594143	0.097469	0.035130	0.851852	0.243110	0.463946	-0.249716	0.967115	-0.048268	-0.460424	-0.074738	0.884547
19569	6.314403	-0.863150	6.930519	-2.177510	-0.057229	0.268447	0.850922	0.245658	0.464310	-0.241878	0.967864	-0.068799	-0.466290	-0.053764	0.882997
19570	3.882889	-2.663412	8.880445	-0.168851	0.072937	0.106701	0.851056	0.246463	0.463637	-0.241658	0.967771	-0.070863	-0.466160	-0.051734	0.883187
19571	5.663778	0.554870	9.167461	0.786877	-0.161556	-0.002283	0.850304	0.246338	0.465081	-0.245271	0.967343	-0.063944	-0.465645	-0.059699	0.882956
19572	5.107683	1.129556	9.444782	-0.092493	-0.032415	0.053196	0.849960	0.246731	0.465502	-0.245159	0.967297	-0.065064	-0.466332	-0.058820	0.882652
19573	5.482952	-0.660947	8.815181	-0.448633	-0.062549	0.080453	0.849466	0.247462	0.466015	-0.243712	0.967359	-0.069437	-0.467987	-0.054589	0.882048
19574	5.148600	-0.846804	8.899512	0.040345	-0.059362	0.087554	0.848936	0.248154	0.466613	-0.244508	0.967153	-0.069503	-0.468533	-0.055087	0.881727
19575	5.201241	-0.382868	9.066820	-0.030350	-0.053452	0.088244	0.848465	0.248965	0.467038	-0.245080	0.966956	-0.070223	-0.469088	-0.054880	0.881445
19576	5.172973	-1.212653	8.827251	-0.150508	-0.004622	0.077260	0.848202	0.249625	0.467163	-0.244934	0.966868	-0.071926	-0.469640	-0.053416	0.881241
19577	4.964135	-1.226780	8.836898	-0.040880	0.030964	0.050149	0.848219	0.250114	0.466869	-0.245133	0.966770	-0.072560	-0.469504	-0.052898	0.881344
19578	4.750851	-0.900655	9.117694	-0.063152	0.052797	0.030221	0.848368	0.250342	0.466476	-0.245001	0.966752	-0.073245	-0.469303	-0.052149	0.881496
19579	4.412155	-1.273685	9.330386	-0.100174	-0.026762	0.037837	0.848145	0.250681	0.466700	-0.244817	0.966715	-0.074344	-0.469802	-0.051202	0.881286
19580	4.799798	-0.699294	9.004393	0.097649	0.008529	0.029248	0.848101	0.250855	0.466686	-0.245392	0.966623	-0.073636	-0.469582	-0.052071	0.881352
19581	4.692915	-0.123944	9.384215	0.034030	-0.044538	0.031410	0.847810	0.251122	0.467071	-0.245784	0.966532	-0.073522	-0.469903	-0.052466	0.881158
19582	4.670682	-0.479990	9.255684	-0.048033	-0.032118	0.038616	0.847533	0.251380	0.467435	-0.245772	0.966488	-0.074140	-0.470407	-0.052046	0.880913
19583	4.782087	-0.723905	9.293009	-0.042269	-0.047877	0.045051	0.847193	0.251777	0.467839	-0.245920	0.966403	-0.074763	-0.470944	-0.051713	0.880646
19584	4.833436	-0.799047	9.190158	-0.019777	-0.042031	0.038636	0.846847	0.252068	0.468308	-0.246081	0.966332	-0.075140	-0.471481	-0.051610	0.880365
19585	4.863147	-0.826033	9.140052	-0.020944	-0.031825	0.030144	0.846618	0.252329	0.468581	-0.246202	0.966273	-0.075505	-0.471829	-0.051442	0.880188
19586	4.806377	-0.884046	9.094765	-0.036610	-0.029886	0.023738	0.846416	0.252462	0.468874	-0.246148	0.966254	-0.075923	-0.472219	-0.051150	0.879996
19587	4.808553	-0.888144	9.093215	-0.030938	-0.022131	0.019006	0.846260	0.252620	0.469070	-0.246127	0.966228	-0.076323	-0.472510	-0.050862	0.879857
19588	4.843668	-0.671650	9.102482	-0.020696	-0.020426	0.014981	0.846168	0.252623	0.469235	-0.246016	0.966238	-0.076557	-0.472732	-0.050660	0.879749
19589	4.832458	-0.641929	9.078172	-0.036643	-0.020148	0.009925	0.846044	0.252695	0.469420	-0.245891	0.966237	-0.076965	-0.473020	-0.050311	0.879614
19590	4.806235	-0.643004	9.097249	-0.045745	-0.016238	0.014063	0.845946	0.252715	0.469585	-0.245678	0.966255	-0.077423	-0.473304	-0.049871	0.879486
19591	4.812496	-0.644166	9.072234	-0.038903	-0.023756	0.006859	0.845812	0.252756	0.469804	-0.245516	0.966263	-0.077836	-0.473628	-0.049510	0.879332
19592	4.842481	-0.651368	9.050548	-0.039164	-0.025961	0.010941	0.845629	0.252764	0.470130	-0.245328	0.966278	-0.078241	-0.474052	-0.049173	0.879123
19593	4.829177	-0.662381	8.969929	-0.032045	-0.026234	0.010593	0.845474	0.252840	0.470368	-0.245230	0.966272	-0.078612	-0.474380	-0.048884	0.878962
19594	4.762287	-0.669480	9.080337	-0.042853	-0.023106	0.011747	0.845355	0.252800	0.470603	-0.244957	0.966305	-0.079062	-0.474733	-0.048442	0.878796
19595	4.781812	-0.803542	9.064669	-0.044263	-0.023274	0.012906	0.845208	0.252900	0.470813	-0.244820	0.966300	-0.079551	-0.475065	-0.048027	0.878639
19596	4.715738	-0.768181	9.080538	-0.030280	-0.033161	0.016338	0.845043	0.252848	0.471138	-0.244583	0.966330	-0.079915	-0.475481	-0.047701	0.878432
19597	4.786692	-0.811301	9.061402	-0.037148	-0.023024	0.009806	0.844904	0.252917	0.471348	-0.244453	0.966328	-0.080326	-0.475793	-0.047355	0.878281
19598	4.740365	-0.865674	9.119218	-0.053079	-0.022752	0.004747	0.844788	0.252855	0.471591	-0.244136	0.966368	-0.080806	-0.476163	-0.046868	0.878107
19599	4.807978	-0.950713	9.043961	-0.066751	-0.017835	-0.002751	0.844705	0.252806	0.471766	-0.243759	0.966412	-0.081418	-0.476503	-0.046223	0.877957
19600	4.698584	-0.943369	9.123754	-0.062533	-0.015244	-0.017248	0.844686	0.252527	0.471948	-0.243195	0.966514	-0.081889	-0.476824	-0.045605	0.877815
19601	4.695402	-0.852288	9.160153	-0.077349	-0.008289	-0.027667	0.844709	0.252242	0.472060	-0.242556	0.966625	-0.082476	-0.477109	-0.044833	0.877700
19602	4.755762	-0.825330	9.174027	-0.102543	-0.032850	-0.035419	0.844625	0.251810	0.472441	-0.241685	0.966780	-0.083210	-0.477700	-0.043901	0.877426
19603	4.476625	-0.626460	9.398138	-0.116372	-0.050587	-0.044316	0.844485	0.251346	0.472938	-0.240718	0.966948	-0.084060	-0.478435	-0.042858	0.877077
19604	4.426830	-0.154985	9.498946	-0.121252	-0.197679	-0.023059	0.843594	0.250940	0.474740	-0.239833	0.967085	-0.085012	-0.480447	-0.042143	0.876011
19605	5.247707	-0.844810	9.014276	-0.256951	-0.178617	-0.011524	0.842757	0.250741	0.476330	-0.238462	0.967225	-0.087245	-0.482594	-0.040060	0.874927
19606	4.790212	-0.684731	9.092698	-0.151041	-0.203429	-0.004720	0.841788	0.250511	0.478160	-0.237578	0.967325	-0.088537	-0.484716	-0.039071	0.873799
19607	5.070624	-0.604560	9.042655	-0.190424	-0.203603	0.003009	0.840787	0.250447	0.479952	-0.236641	0.967396	-0.090252	-0.486907	-0.037694	0.872640
19608	4.889723	-0.744372	9.127112	-0.188188	-0.226852	0.016596	0.839636	0.250401	0.481986	-0.235719	0.967458	-0.091982	-0.489334	-0.036382	0.871338
19609	5.004282	-0.924982	9.031348	-0.218694	-0.225530	0.021442	0.838474	0.250514	0.483946	-0.234789	0.967488	-0.094028	-0.491767	-0.034785	0.870032
19610	4.917263	-0.915036	9.128868	-0.226477	-0.244094	0.012894	0.837234	0.250429	0.486132	-0.233629	0.967568	-0.096074	-0.494425	-0.033138	0.868588
19611	4.884959	-0.932186	9.156058	-0.258819	-0.251473	0.010444	0.835958	0.250435	0.488321	-0.232396	0.967630	-0.098409	-0.497159	-0.031218	0.867098
19612	4.863618	-0.988729	9.228320	-0.273777	-0.271692	0.003381	0.834587	0.250275	0.490742	-0.230927	0.967735	-0.100809	-0.500138	-0.029192	0.865454
19613	4.723031	-0.904006	9.377105	-0.305888	-0.309293	-0.001089	0.833032	0.250162	0.493433	-0.229344	0.967829	-0.103485	-0.503447	-0.026960	0.863605
19614	4.694374	-1.018614	9.459825	-0.376617	-0.366785	-0.002184	0.831164	0.249991	0.496660	-0.227369	0.967945	-0.106707	-0.507415	-0.024234	0.861361
19615	4.500632	-1.050849	9.701617	-0.394982	-0.441766	-0.007648	0.828924	0.249801	0.500484	-0.225253	0.968059	-0.110103	-0.512002	-0.021469	0.858716
19616	4.422631	-0.952764	10.030203	-0.417965	-0.547593	-0.006985	0.826125	0.249479	0.505250	-0.222858	0.968200	-0.113681	-0.517544	-0.018685	0.855453
19617	4.202881	-0.939540	10.192180	-0.465607	-0.710432	-0.007136	0.822434	0.249272	0.511337	-0.220334	0.968303	-0.117654	-0.524457	-0.015902	0.851288
19618	3.944740	-1.017526	10.452292	-0.522192	-0.880596	-0.021558	0.817811	0.248880	0.518888	-0.217342	0.968447	-0.121957	-0.532868	-0.013039	0.846098
19619	3.326553	-0.860354	10.678168	-0.480177	-1.157260	-0.052681	0.811691	0.248214	0.528723	-0.214289	0.968640	-0.125763	-0.543359	-0.011219	0.839426
19620	3.138164	-0.537709	11.561854	-0.483273	-1.556224	-0.082957	0.803353	0.247080	0.541826	-0.210747	0.968941	-0.129380	-0.556964	-0.010251	0.830473
19621	2.174891	-0.614815	12.536116	-0.546810	-1.923668	-0.144816	0.792775	0.245470	0.557900	-0.206459	0.969356	-0.133128	-0.573483	-0.009643	0.819161
19622	1.260880	-1.742467	13.251704	-0.554163	-2.512620	-0.314409	0.778708	0.242157	0.578768	-0.200761	0.970181	-0.135810	-0.594397	-0.010438	0.804104
19623	0.276578	-4.038792	12.651845	-0.301525	-3.234804	-0.615354	0.760274	0.235752	0.605313	-0.194151	0.971694	-0.134594	-0.619910	-0.015194	0.784525
19624	1.348569	-3.778766	11.219694	0.542806	-4.122837	-0.944867	0.735887	0.225601	0.638415	-0.190470	0.973759	-0.124554	-0.649762	-0.029941	0.759547
19625	4.061918	-2.682713	10.138674	0.945636	-4.702797	-1.210120	0.706849	0.211920	0.674874	-0.187990	0.976038	-0.109592	-0.681927	-0.049405	0.729750
19626	4.718900	-1.706243	9.268153	1.595691	-5.279183	-1.354450	0.672439	0.195407	0.713892	-0.189816	0.977791	-0.088848	-0.715399	-0.075764	0.694596
19627	6.015297	0.125974	9.647189	1.950266	-5.731016	-1.374162	0.633096	0.176749	0.753624	-0.195080	0.978589	-0.065630	-0.749089	-0.105467	0.654021
19628	9.376240	1.399636	11.300064	1.087852	-6.168060	-1.100129	0.587793	0.158851	0.793263	-0.196783	0.979158	-0.050263	-0.784714	-0.126556	0.606802
19629	12.750581	-1.566250	12.563432	-0.236647	-5.989177	-0.728848	0.541155	0.143906	0.828518	-0.190719	0.980578	-0.045748	-0.819010	-0.133258	0.558091
19630	15.512344	-6.554706	12.710998	0.239062	-5.458159	-0.681773	0.496820	0.129687	0.858109	-0.189220	0.981170	-0.038733	-0.846975	-0.143128	0.512004
19631	14.843926	-7.778401	11.713851	1.198323	-4.625421	-0.826538	0.458755	0.114538	0.881150	-0.195489	0.980370	-0.025658	-0.866792	-0.160484	0.472141
19632	11.476807	-5.138591	9.685135	2.390168	-4.211603	-1.001386	0.423824	0.097431	0.900489	-0.212007	0.977250	-0.005953	-0.880583	-0.188387	0.434838
19633	11.859370	-1.122146	9.715826	2.644974	-4.065557	-0.858656	0.389693	0.080781	0.917395	-0.231898	0.972655	0.012859	-0.891270	-0.217754	0.397770
19634	10.336521	-0.276831	8.483348	2.223392	-3.730619	-0.510334	0.357503	0.067309	0.931483	-0.249927	0.967916	0.025980	-0.899849	-0.242091	0.362856
19635	7.164026	0.260344	8.046203	1.888341	-3.462048	-0.281907	0.326940	0.055833	0.943394	-0.265970	0.963340	0.035161	-0.906846	-0.262411	0.329804
19636	3.299566	0.084930	8.721916	1.149408	-3.445672	-0.156675	0.296008	0.045119	0.954119	-0.275978	0.960323	0.040207	-0.914448	-0.275218	0.296715
19637	3.146394	-3.609678	10.033242	0.109128	-3.395936	-0.044717	0.264905	0.035283	0.963629	-0.276804	0.960054	0.040943	-0.923691	-0.277582	0.264090
19638	-8.996704	-6.988562	10.191149	0.355671	-2.056804	-0.197081	0.246446	0.027729	0.968760	-0.279653	0.959106	0.043690	-0.927932	-0.281684	0.244123
19639	27.565190	-6.305474	17.957549	0.719214	-1.519163	0.435467	0.231090	0.027546	0.972542	-0.287321	0.956949	0.041167	-0.929540	-0.288945	0.229056
19640	0.807644	-4.599753	21.497702	0.563446	3.880605	1.055954	0.263914	0.049093	0.963296	-0.295278	0.954868	0.032234	-0.918238	-0.292947	0.266499
19641	-1.085399	-8.446614	13.575013	-0.163537	3.753768	1.174618	0.294709	0.071215	0.952930	-0.297014	0.954653	0.020513	-0.908256	-0.289079	0.302497
