// General information: 
//  MT Manager version: 2022.2.0 
//  XDA version: 2022.2.0 build 7381 rev 124627 built on 2023-07-19
// Device information: 
//  DeviceId: 00B4CAF0
//  ProductCode: MTW2-3A7G6
//  Firmware Version: 4.6.0
//  Hardware Version: 2.0.0
// Device settings: 
//  Filter Profile: human(46.1)
//  Option Flags: Orientation Smoother Disabled, Position/Velocity Smoother Disabled, Continuous Zero Rotation Update Disabled, AHS Disabled, ICC Disabled
// Coordinate system: ENU
PacketCounter	Acc_X	Acc_Y	Acc_Z	Gyr_X	Gyr_Y	Gyr_Z	Mat[1][1]	Mat[2][1]	Mat[3][1]	Mat[1][2]	Mat[2][2]	Mat[3][2]	Mat[1][3]	Mat[2][3]	Mat[3][3]
45261	4.838661	-0.756053	9.088398	0.004412	-0.001856	0.001881	0.829836	0.294667	0.473860	-0.295680	0.952383	-0.074431	-0.473229	-0.078346	0.877449
45262	4.871155	-0.724396	9.025393	0.002160	-0.007012	-0.001011	0.829803	0.294645	0.473932	-0.295657	0.952389	-0.074442	-0.473302	-0.078349	0.877409
45263	4.884643	-0.737051	9.063261	0.001139	-0.004629	-0.001887	0.829871	0.294467	0.473924	-0.295411	0.952460	-0.074517	-0.473336	-0.078163	0.877407
45264	4.888038	-0.722693	8.957369	-0.000221	-0.014801	0.001849	0.829792	0.294466	0.474062	-0.295399	0.952460	-0.074562	-0.473481	-0.078167	0.877329
45265	4.903465	-0.707060	9.066535	0.001830	-0.014687	0.000613	0.829755	0.294313	0.474222	-0.295169	0.952521	-0.074695	-0.473690	-0.077997	0.877231
45266	4.908035	-0.720950	9.013144	-0.001402	-0.013815	0.000291	0.829685	0.294298	0.474353	-0.295138	0.952527	-0.074743	-0.473831	-0.077986	0.877156
45267	4.933273	-0.746921	8.964250	0.004784	-0.014708	0.003014	0.829552	0.294372	0.474541	-0.295257	0.952492	-0.074718	-0.473991	-0.078129	0.877056
45268	4.937892	-0.703710	8.930064	0.006729	-0.007469	0.001552	0.829508	0.294374	0.474615	-0.295275	0.952487	-0.074701	-0.474055	-0.078177	0.877018
45269	4.938833	-0.788413	8.963520	0.001329	-0.004465	0.005229	0.829434	0.294396	0.474732	-0.295267	0.952483	-0.074786	-0.474191	-0.078143	0.876947
45270	4.905986	-0.791349	8.973647	0.008717	0.003415	0.003533	0.829436	0.294425	0.474710	-0.295311	0.952472	-0.074762	-0.474159	-0.078177	0.876961
45271	4.922197	-0.760957	8.978357	0.004305	0.005270	0.001653	0.829413	0.294496	0.474707	-0.295421	0.952442	-0.074709	-0.474132	-0.078273	0.876967
45272	4.890061	-0.735064	9.060501	0.007069	0.005083	-0.003061	0.829442	0.294464	0.474675	-0.295403	0.952451	-0.074668	-0.474091	-0.078288	0.876988
45273	4.881245	-0.706757	9.041634	0.009269	0.001717	-0.000626	0.829418	0.294463	0.474718	-0.295424	0.952446	-0.074634	-0.474121	-0.078340	0.876968
45274	4.897269	-0.732545	9.027279	0.011480	0.003228	-0.001181	0.829433	0.294447	0.474701	-0.295443	0.952446	-0.074563	-0.474082	-0.078402	0.876983
45275	4.897289	-0.731644	9.027341	0.007919	-0.003575	0.000123	0.829441	0.294427	0.474700	-0.295468	0.952446	-0.074473	-0.474053	-0.078488	0.876991
45276	4.889761	-0.731898	9.060919	0.004135	-0.001005	0.003960	0.829422	0.294456	0.474716	-0.295494	0.952436	-0.074490	-0.474071	-0.078492	0.876981
45277	4.921546	-0.756911	8.979055	0.006462	-0.001741	0.000644	0.829392	0.294400	0.474802	-0.295421	0.952456	-0.074521	-0.474167	-0.078459	0.876932
45278	4.902211	-0.715715	9.046230	0.006026	-0.002290	0.002042	0.829372	0.294410	0.474831	-0.295440	0.952451	-0.074513	-0.474191	-0.078485	0.876917
45279	4.876896	-0.774504	9.003643	0.005590	-0.002838	0.003440	0.829379	0.294406	0.474821	-0.295459	0.952449	-0.074469	-0.474167	-0.078527	0.876926
45280	4.926579	-0.741163	8.997869	0.001456	-0.001834	-0.000521	0.829369	0.294393	0.474848	-0.295435	0.952454	-0.074489	-0.474200	-0.078508	0.876910
45281	4.893767	-0.743919	9.007990	0.008397	0.000620	0.002169	0.829370	0.294361	0.474865	-0.295407	0.952464	-0.074478	-0.474216	-0.078508	0.876901
45282	4.910373	-0.713589	9.012456	0.001616	-0.000435	0.000161	0.829364	0.294355	0.474879	-0.295389	0.952468	-0.074500	-0.474237	-0.078487	0.876892
45283	4.910423	-0.713431	9.012441	0.004134	-0.001005	0.003961	0.829335	0.294452	0.474870	-0.295547	0.952426	-0.074413	-0.474190	-0.078633	0.876904
45284	4.923355	-0.726117	9.050620	0.003114	0.001377	0.003083	0.829329	0.294475	0.474866	-0.295561	0.952420	-0.074435	-0.474191	-0.078621	0.876905
45285	4.906791	-0.755873	9.046180	0.005154	-0.003386	0.004838	0.829324	0.294444	0.474894	-0.295525	0.952430	-0.074439	-0.474222	-0.078609	0.876889
45286	4.914757	-0.755032	9.012411	0.003538	-0.002951	0.004677	0.829293	0.294478	0.474927	-0.295555	0.952419	-0.074465	-0.474258	-0.078614	0.876869
45287	4.894455	-0.742527	9.007731	0.005983	-0.005936	-0.001401	0.829246	0.294474	0.475011	-0.295594	0.952412	-0.074398	-0.474315	-0.078716	0.876829
45288	4.915448	-0.754290	9.012096	0.004134	-0.001004	0.003961	0.829227	0.294503	0.475027	-0.295621	0.952403	-0.074415	-0.474333	-0.078721	0.876819
45289	4.895016	-0.741927	9.007475	0.003655	-0.005199	0.001916	0.829190	0.294525	0.475078	-0.295672	0.952390	-0.074376	-0.474365	-0.078795	0.876795
45290	4.907548	-0.726269	8.992689	0.007205	-0.003273	0.003601	0.829160	0.294549	0.475115	-0.295710	0.952379	-0.074365	-0.474393	-0.078836	0.876776
45291	4.912352	-0.711477	9.011544	-0.000012	-0.004876	0.002992	0.829140	0.294568	0.475138	-0.295744	0.952370	-0.074346	-0.474407	-0.078876	0.876765
45292	4.921156	-0.738859	9.030511	0.004410	-0.001854	0.001881	0.829123	0.294577	0.475163	-0.295755	0.952366	-0.074350	-0.474431	-0.078886	0.876751
45293	4.912430	-0.768121	8.992346	-0.001467	-0.003042	0.003513	0.829054	0.294623	0.475255	-0.295793	0.952351	-0.074393	-0.474527	-0.078901	0.876698
45294	4.887373	-0.770617	8.968769	0.003390	0.000527	0.001003	0.829050	0.294625	0.475260	-0.295792	0.952351	-0.074402	-0.474535	-0.078895	0.876694
45295	4.913024	-0.710881	9.011225	0.009691	-0.002613	0.000966	0.829023	0.294625	0.475307	-0.295825	0.952344	-0.074350	-0.474561	-0.078969	0.876673
45296	4.953513	-0.706518	8.967535	0.001627	0.004441	-0.002831	0.829049	0.294594	0.475280	-0.295783	0.952357	-0.074357	-0.474542	-0.078934	0.876687
45297	4.961637	-0.733666	8.986898	0.005485	0.004287	0.003209	0.829093	0.294512	0.475256	-0.295674	0.952389	-0.074378	-0.474533	-0.078855	0.876698
45298	4.952686	-0.705871	8.968042	0.006824	0.004703	0.005449	0.829096	0.294560	0.475221	-0.295725	0.952373	-0.074378	-0.474496	-0.078868	0.876717
45299	4.890649	-0.697164	9.007766	0.006720	0.011828	0.005217	0.829128	0.294529	0.475183	-0.295644	0.952392	-0.074457	-0.474490	-0.078750	0.876731
45300	4.889905	-0.781602	9.042264	0.007155	0.012376	0.003820	0.829173	0.294568	0.475082	-0.295683	0.952381	-0.074447	-0.474389	-0.078744	0.876787
45301	4.880364	-0.753738	9.023728	0.005220	0.010014	0.002296	0.829231	0.294615	0.474951	-0.295771	0.952360	-0.074359	-0.474232	-0.078816	0.876865
45302	4.867564	-0.768495	9.038731	0.007812	0.003549	-0.000106	0.829245	0.294609	0.474931	-0.295781	0.952360	-0.074324	-0.474202	-0.078843	0.876879
45303	4.933412	-0.704918	9.037623	0.004422	0.003021	-0.001110	0.829238	0.294601	0.474947	-0.295802	0.952358	-0.074273	-0.474200	-0.078900	0.876874
45304	4.882925	-0.709588	8.990689	0.003113	0.001379	0.003084	0.829232	0.294624	0.474943	-0.295816	0.952351	-0.074295	-0.474202	-0.078888	0.876875
45305	4.936234	-0.718250	8.985252	0.008713	0.003417	0.003533	0.829153	0.294709	0.475029	-0.295929	0.952317	-0.074282	-0.474270	-0.078983	0.876829
45306	4.915143	-0.705755	8.980987	0.002253	0.005159	0.002886	0.829165	0.294732	0.474992	-0.295937	0.952313	-0.074311	-0.474243	-0.078952	0.876847
45307	4.918711	-0.747767	8.981375	0.004770	0.004592	0.006687	0.829165	0.294739	0.474988	-0.295914	0.952315	-0.074366	-0.474257	-0.078894	0.876844
45308	4.902005	-0.720684	8.996161	0.007258	0.005251	0.004053	0.829175	0.294774	0.474950	-0.295955	0.952303	-0.074356	-0.474215	-0.078910	0.876866
45309	4.909958	-0.747815	9.015627	0.004028	0.006123	0.003729	0.829221	0.294734	0.474894	-0.295891	0.952322	-0.074380	-0.474175	-0.078839	0.876894
45310	4.888737	-0.735456	9.011415	0.005206	0.005140	0.005289	0.829226	0.294780	0.474856	-0.295933	0.952307	-0.074394	-0.474139	-0.078836	0.876913
45311	4.921066	-0.732266	9.001614	0.001976	0.006011	0.004965	0.829173	0.294841	0.474911	-0.295967	0.952291	-0.074469	-0.474210	-0.078810	0.876877
45312	4.908511	-0.747270	9.016460	0.007215	0.001602	0.000612	0.829176	0.294840	0.474907	-0.295979	0.952289	-0.074443	-0.474198	-0.078836	0.876881
45313	4.920556	-0.731738	9.001935	0.001061	0.001268	0.004320	0.829096	0.294919	0.474997	-0.296051	0.952263	-0.074497	-0.474293	-0.078858	0.876828
45314	4.899641	-0.719570	8.997538	0.004609	0.003194	0.006007	0.829090	0.294971	0.474976	-0.296095	0.952247	-0.074520	-0.474276	-0.078855	0.876838
45315	4.915577	-0.746448	8.983200	0.000783	0.002120	0.006399	0.829031	0.295066	0.475020	-0.296195	0.952214	-0.074546	-0.474317	-0.078898	0.876812
45316	4.919663	-0.731818	9.002417	0.005205	0.005140	0.005290	0.829036	0.295112	0.474983	-0.296237	0.952200	-0.074560	-0.474282	-0.078895	0.876831
45317	4.894728	-0.762175	9.031980	0.004027	0.006123	0.003729	0.829046	0.295106	0.474969	-0.296212	0.952205	-0.074589	-0.474280	-0.078854	0.876836
45318	4.939321	-0.743468	9.007547	0.007097	0.003852	0.003373	0.829050	0.295133	0.474944	-0.296247	0.952195	-0.074578	-0.474250	-0.078872	0.876850
45319	4.880903	-0.748642	8.994353	0.006819	0.004705	0.005452	0.829058	0.295151	0.474920	-0.296277	0.952188	-0.074557	-0.474219	-0.078896	0.876865
45320	4.876347	-0.706352	8.994513	0.002412	0.006559	0.003567	0.829074	0.295182	0.474872	-0.296291	0.952181	-0.074587	-0.474180	-0.078862	0.876889
45321	4.851561	-0.736929	9.023969	0.001060	0.001268	0.004320	0.829013	0.295290	0.474912	-0.296422	0.952140	-0.074582	-0.474206	-0.078945	0.876867
45322	4.897145	-0.746623	9.052173	0.003271	0.002778	0.003766	0.829011	0.295320	0.474896	-0.296442	0.952132	-0.074605	-0.474197	-0.078931	0.876874
45323	4.904820	-0.745941	9.018579	-0.000160	-0.001399	-0.000681	0.828979	0.295292	0.474969	-0.296396	0.952144	-0.074645	-0.474281	-0.078900	0.876831
45324	4.942338	-0.728090	9.027408	0.002632	-0.002818	0.001042	0.828959	0.295292	0.475005	-0.296391	0.952144	-0.074661	-0.474320	-0.078896	0.876810
45325	4.950156	-0.727372	8.993738	0.002674	0.000833	0.004483	0.828922	0.295281	0.475076	-0.296346	0.952152	-0.074735	-0.474412	-0.078838	0.876765
45326	4.904168	-0.717491	8.965769	0.005322	0.002889	0.002530	0.828924	0.295299	0.475061	-0.296365	0.952146	-0.074734	-0.474396	-0.078842	0.876774
45327	4.932931	-0.756881	8.989698	0.004767	0.004594	0.006688	0.828892	0.295391	0.475060	-0.296475	0.952113	-0.074727	-0.474384	-0.078903	0.876775
45328	4.916282	-0.729711	9.004435	0.007533	0.004399	0.001976	0.828903	0.295405	0.475032	-0.296500	0.952107	-0.074705	-0.474349	-0.078924	0.876792
45329	4.899039	-0.759329	9.000394	0.002572	0.007959	0.004247	0.828911	0.295484	0.474969	-0.296603	0.952077	-0.074671	-0.474271	-0.078982	0.876829
45330	4.869113	-0.719434	8.977133	0.009348	0.009013	0.006260	0.828931	0.295543	0.474898	-0.296673	0.952057	-0.074653	-0.474193	-0.079007	0.876869
45331	4.906554	-0.729233	9.039235	0.005759	0.003436	0.001133	0.828961	0.295480	0.474884	-0.296600	0.952080	-0.074651	-0.474185	-0.078968	0.876877
45332	4.893265	-0.716246	9.001272	0.001815	0.004614	0.004284	0.828967	0.295517	0.474852	-0.296618	0.952071	-0.074690	-0.474165	-0.078934	0.876891
45333	4.868625	-0.746644	9.030656	0.004565	-0.000455	0.002568	0.828942	0.295472	0.474922	-0.296549	0.952089	-0.074735	-0.474251	-0.078886	0.876848
45334	4.897427	-0.701451	9.020449	-0.000556	0.001706	0.004158	0.828934	0.295504	0.474917	-0.296554	0.952083	-0.074794	-0.474262	-0.078839	0.876847
45335	4.889250	-0.758941	9.035219	0.003093	-0.003494	0.006082	0.828793	0.295672	0.475059	-0.296756	0.952019	-0.074802	-0.474382	-0.078981	0.876769
45336	4.893965	-0.744566	9.054062	-0.003524	-0.003148	0.004749	0.828759	0.295706	0.475096	-0.296752	0.952013	-0.074890	-0.474443	-0.078920	0.876741
45337	4.939412	-0.726392	9.029146	0.003649	-0.005200	0.001924	0.828725	0.295621	0.475208	-0.296632	0.952046	-0.074952	-0.474577	-0.078847	0.876675
45338	4.877268	-0.746532	8.996500	-0.000597	-0.001946	0.000718	0.828710	0.295618	0.475237	-0.296608	0.952050	-0.074995	-0.474619	-0.078810	0.876656
45339	4.918840	-0.771078	9.005449	-0.000295	-0.004021	0.005075	0.828714	0.295581	0.475252	-0.296543	0.952067	-0.075041	-0.474652	-0.078745	0.876644
45340	4.939021	-0.755088	8.957074	0.007793	-0.001328	0.002893	0.828695	0.295599	0.475274	-0.296577	0.952058	-0.075021	-0.474664	-0.078786	0.876634
45341	4.922757	-0.728162	8.971572	-0.002170	0.002142	0.003995	0.828722	0.295648	0.475197	-0.296635	0.952041	-0.075003	-0.474582	-0.078803	0.876677
45342	4.914743	-0.728577	9.005367	0.010324	0.002979	0.003700	0.828721	0.295677	0.475181	-0.296688	0.952028	-0.074965	-0.474551	-0.078856	0.876689
45343	4.909919	-0.742840	8.986593	0.000917	0.004744	0.000643	0.828745	0.295644	0.475159	-0.296636	0.952042	-0.074985	-0.474540	-0.078806	0.876699
45344	4.881052	-0.730922	9.015949	0.008869	0.004815	0.004218	0.828751	0.295680	0.475126	-0.296686	0.952028	-0.074961	-0.474498	-0.078839	0.876719
45345	4.905827	-0.728096	9.039722	0.001933	0.002362	0.001524	0.828842	0.295533	0.475059	-0.296493	0.952086	-0.074994	-0.474460	-0.078693	0.876752
45346	4.876205	-0.745085	8.997196	0.005303	-0.001984	0.005528	0.828812	0.295575	0.475085	-0.296537	0.952071	-0.075008	-0.474485	-0.078712	0.876737
45347	4.901319	-0.742438	9.020771	0.003110	0.001380	0.003085	0.828900	0.295421	0.475027	-0.296331	0.952132	-0.075050	-0.474460	-0.078557	0.876765
45348	4.896776	-0.756842	9.001835	0.005002	0.000090	0.001170	0.828893	0.295424	0.475038	-0.296337	0.952130	-0.075046	-0.474468	-0.078566	0.876759
45349	4.896741	-0.756641	9.001871	0.001336	0.000417	0.002242	0.828888	0.295358	0.475088	-0.296228	0.952159	-0.075118	-0.474546	-0.078470	0.876726
45350	4.917784	-0.711870	9.025307	0.005161	0.001490	0.001850	0.828886	0.295367	0.475086	-0.296240	0.952155	-0.075116	-0.474542	-0.078477	0.876727
45351	4.925444	-0.710978	8.991749	0.003388	0.000527	0.001007	0.828962	0.295259	0.475020	-0.296119	0.952194	-0.075097	-0.474485	-0.078410	0.876765
45352	4.884636	-0.714550	9.035562	0.001218	0.002670	0.005001	0.828956	0.295300	0.475005	-0.296139	0.952184	-0.075145	-0.474483	-0.078376	0.876769
45353	4.912779	-0.726175	9.006632	0.003269	0.002780	0.003766	0.828989	0.295248	0.474979	-0.296069	0.952205	-0.075158	-0.474468	-0.078322	0.876782
45354	4.900380	-0.741283	9.021376	0.004286	0.000398	0.004647	0.828974	0.295283	0.474984	-0.296100	0.952194	-0.075177	-0.474476	-0.078323	0.876777
45355	4.920841	-0.753284	9.026058	0.003707	0.003325	0.002368	0.828948	0.295315	0.475009	-0.296145	0.952181	-0.075165	-0.474492	-0.078364	0.876765
45356	4.892122	-0.741377	9.055320	0.005321	0.002889	0.002531	0.828951	0.295332	0.474994	-0.296164	0.952175	-0.075165	-0.474476	-0.078368	0.876773
45357	4.886889	-0.727782	8.983564	0.004125	-0.001001	0.003967	0.828884	0.295438	0.475045	-0.296311	0.952132	-0.075127	-0.474501	-0.078489	0.876748
45358	4.892007	-0.740938	9.055418	0.004285	0.000398	0.004648	0.828868	0.295473	0.475050	-0.296342	0.952121	-0.075146	-0.474509	-0.078491	0.876744
45359	4.907581	-0.739699	8.988129	0.002352	-0.001964	0.003124	0.828873	0.295433	0.475067	-0.296292	0.952136	-0.075155	-0.474532	-0.078464	0.876734
45360	4.879269	-0.727952	9.017154	0.004125	-0.001001	0.003967	0.828853	0.295460	0.475085	-0.296316	0.952127	-0.075172	-0.474552	-0.078469	0.876723
45361	4.919875	-0.724317	8.973464	0.001058	0.001272	0.004321	0.828787	0.295558	0.475140	-0.296421	0.952092	-0.075198	-0.474602	-0.078518	0.876691
45362	4.919794	-0.724303	8.973510	0.002949	-0.000019	0.002406	0.828776	0.295572	0.475150	-0.296427	0.952089	-0.075217	-0.474618	-0.078509	0.876684
45363	4.965390	-0.733641	9.001760	0.008708	0.003415	0.003538	0.828842	0.295510	0.475073	-0.296386	0.952107	-0.075146	-0.474527	-0.078521	0.876732
45364	4.927538	-0.750900	8.993157	0.005800	0.007088	0.004571	0.828859	0.295550	0.475020	-0.296424	0.952095	-0.075151	-0.474475	-0.078518	0.876760
45365	4.894048	-0.753629	9.003588	0.005640	0.005688	0.003891	0.828829	0.295643	0.475014	-0.296557	0.952058	-0.075101	-0.474444	-0.078623	0.876767
45366	4.897838	-0.738408	9.022992	0.010063	0.008705	0.002782	0.828858	0.295667	0.474948	-0.296600	0.952048	-0.075060	-0.474366	-0.078655	0.876807
45367	4.872079	-0.740351	8.999822	0.004304	0.005271	0.001649	0.828863	0.295660	0.474944	-0.296590	0.952050	-0.075063	-0.474364	-0.078647	0.876809
45368	4.896741	-0.737423	9.023668	0.007531	0.004398	0.001977	0.828874	0.295673	0.474916	-0.296614	0.952045	-0.075040	-0.474329	-0.078668	0.876826
45369	4.867800	-0.725582	9.053020	0.000360	0.006454	0.004798	0.828894	0.295709	0.474859	-0.296645	0.952034	-0.075050	-0.474276	-0.078656	0.876856
45370	4.908188	-0.721899	9.009478	0.006175	-0.000892	0.002734	0.828878	0.295725	0.474877	-0.296669	0.952027	-0.075043	-0.474288	-0.078680	0.876847
45371	4.883598	-0.751956	9.038859	0.005320	0.002889	0.002532	0.828891	0.295659	0.474896	-0.296584	0.952052	-0.075062	-0.474319	-0.078628	0.876835
45372	4.924044	-0.748197	8.995296	0.004005	0.001254	0.006727	0.828873	0.295714	0.474892	-0.296631	0.952035	-0.075093	-0.474320	-0.078625	0.876834
45373	4.952250	-0.759790	8.966369	0.003268	0.002781	0.003766	0.828868	0.295720	0.474897	-0.296633	0.952034	-0.075103	-0.474327	-0.078620	0.876831
45374	4.931150	-0.747445	8.962050	0.005360	0.006544	0.005970	0.828878	0.295773	0.474847	-0.296680	0.952018	-0.075118	-0.474281	-0.078614	0.876856
45375	4.914930	-0.748149	9.029705	0.007850	0.007197	0.003337	0.828886	0.295750	0.474847	-0.296652	0.952026	-0.075122	-0.474284	-0.078597	0.876856
45376	4.914113	-0.747765	9.030182	0.003608	0.010453	0.002126	0.828926	0.295769	0.474766	-0.296659	0.952023	-0.075134	-0.474211	-0.078563	0.876899
45377	4.855302	-0.752759	9.017148	0.009901	0.007305	0.002103	0.828960	0.295768	0.474706	-0.296697	0.952018	-0.075051	-0.474126	-0.078630	0.876939
45378	4.871260	-0.722587	9.021915	-0.000656	0.008837	0.003914	0.828987	0.295803	0.474638	-0.296698	0.952013	-0.075109	-0.474079	-0.078560	0.876971
45379	4.895739	-0.719935	9.045842	0.007530	0.004397	0.001979	0.829044	0.295713	0.474594	-0.296605	0.952044	-0.075081	-0.474037	-0.078522	0.876997
45380	4.906999	-0.761259	9.012741	0.000638	0.005600	0.002719	0.829059	0.295733	0.474555	-0.296602	0.952042	-0.075122	-0.474012	-0.078474	0.877014
45381	4.919396	-0.689171	9.017040	0.004879	0.002345	0.003932	0.829073	0.295748	0.474523	-0.296640	0.952034	-0.075078	-0.473966	-0.078517	0.877036
45382	4.930886	-0.730629	8.983808	0.002827	0.002237	0.005166	0.829064	0.295789	0.474511	-0.296668	0.952022	-0.075111	-0.473963	-0.078500	0.877039
45383	4.897517	-0.733677	8.994110	0.002132	0.007419	0.005642	0.829139	0.295692	0.474441	-0.296510	0.952066	-0.075184	-0.473930	-0.078338	0.877071
45384	4.896799	-0.733443	8.994520	0.009182	0.007616	0.005582	0.829155	0.295741	0.474382	-0.296571	0.952048	-0.075164	-0.473864	-0.078366	0.877104
45385	4.900181	-0.775353	8.995094	0.000040	0.003656	0.003438	0.829196	0.295693	0.474341	-0.296497	0.952069	-0.075191	-0.473839	-0.078292	0.877124
45386	4.867342	-0.721599	9.024108	0.004918	0.006001	0.007370	0.829199	0.295758	0.474295	-0.296553	0.952050	-0.075217	-0.473798	-0.078284	0.877147
45387	4.862347	-0.736216	9.005423	0.002251	0.005164	0.002884	0.829096	0.295985	0.474334	-0.296859	0.951961	-0.075141	-0.473788	-0.078511	0.877132
45388	4.899364	-0.718379	9.014561	0.003545	0.001926	0.001689	0.829097	0.295993	0.474328	-0.296861	0.951959	-0.075151	-0.473785	-0.078502	0.877135
45389	4.903113	-0.760423	9.014926	0.001054	0.001275	0.004321	0.829021	0.296055	0.474421	-0.296911	0.951939	-0.075208	-0.473886	-0.078512	0.877079
45390	4.899071	-0.718244	9.014731	0.004719	0.000945	0.003253	0.829012	0.296076	0.474423	-0.296932	0.951932	-0.075215	-0.473888	-0.078517	0.877078
45391	4.919511	-0.730266	9.019460	0.003265	0.002782	0.003768	0.829090	0.295957	0.474361	-0.296775	0.951979	-0.075240	-0.473850	-0.078398	0.877109
45392	4.890721	-0.718462	9.048673	0.003425	0.004183	0.004447	0.829093	0.295992	0.474334	-0.296800	0.951969	-0.075265	-0.473829	-0.078381	0.877122
45393	4.923032	-0.772242	9.019957	0.001748	-0.003907	0.003846	0.829026	0.296001	0.474446	-0.296796	0.951967	-0.075312	-0.473949	-0.078378	0.877057
45394	4.881894	-0.747755	9.010673	0.004279	0.000400	0.004652	0.829011	0.296035	0.474451	-0.296826	0.951956	-0.075330	-0.473957	-0.078381	0.877053
45395	4.898427	-0.717674	9.015127	0.003704	0.003326	0.002369	0.829010	0.295988	0.474482	-0.296752	0.951975	-0.075373	-0.474004	-0.078319	0.877033
45396	4.877162	-0.762124	8.991870	0.002347	-0.001963	0.003127	0.828988	0.296006	0.474509	-0.296761	0.951971	-0.075401	-0.474038	-0.078310	0.877015
45397	4.856637	-0.749793	8.987211	0.004119	-0.001000	0.003972	0.828946	0.296041	0.474562	-0.296811	0.951956	-0.075391	-0.474081	-0.078360	0.876987
45398	4.902424	-0.759421	9.015385	0.001173	-0.000981	0.001564	0.828933	0.296045	0.474582	-0.296801	0.951956	-0.075422	-0.474110	-0.078337	0.876974
45399	4.886368	-0.732466	9.029693	0.002347	-0.001963	0.003128	0.828842	0.296089	0.474713	-0.296842	0.951940	-0.075466	-0.474243	-0.078365	0.876899
45400	4.915048	-0.744047	9.000559	0.003800	-0.003800	0.002613	0.828812	0.296101	0.474757	-0.296853	0.951936	-0.075479	-0.474288	-0.078375	0.876874
45401	4.882640	-0.746778	9.010351	0.004654	-0.007582	0.002818	0.828743	0.296161	0.474841	-0.296958	0.951907	-0.075427	-0.474342	-0.078498	0.876834
45402	4.911466	-0.758398	8.981130	0.000734	-0.001525	0.002963	0.828723	0.296178	0.474865	-0.296958	0.951904	-0.075468	-0.474377	-0.078473	0.876817
45403	4.907573	-0.716200	8.980849	0.004718	0.000945	0.003253	0.828734	0.296167	0.474853	-0.296956	0.951906	-0.075446	-0.474360	-0.078485	0.876825
45404	4.916019	-0.743314	9.000089	0.004239	-0.003256	0.001215	0.828711	0.296166	0.474894	-0.296958	0.951905	-0.075449	-0.474399	-0.078498	0.876803
45405	4.907159	-0.772489	8.962121	0.003106	0.001382	0.003088	0.828675	0.296247	0.474906	-0.297073	0.951872	-0.075409	-0.474390	-0.078592	0.876800
45406	4.915893	-0.742780	9.000202	0.006930	0.002452	0.002699	0.828675	0.296264	0.474896	-0.297100	0.951865	-0.075395	-0.474373	-0.078614	0.876807
45407	4.894986	-0.730086	8.995780	0.005757	0.003433	0.001135	0.828673	0.296276	0.474890	-0.297134	0.951858	-0.075356	-0.474354	-0.078661	0.876813
45408	4.899086	-0.714862	9.014992	0.007529	0.004396	0.001979	0.828684	0.296288	0.474864	-0.297158	0.951852	-0.075333	-0.474320	-0.078682	0.876829
45409	4.890384	-0.771812	9.030149	0.001932	0.002364	0.001524	0.828669	0.296279	0.474896	-0.297142	0.951856	-0.075349	-0.474357	-0.078672	0.876810
45410	4.853406	-0.732190	9.040027	0.009261	0.001701	-0.000613	0.828675	0.296265	0.474895	-0.297152	0.951856	-0.075299	-0.474340	-0.078718	0.876815
45411	4.869592	-0.758703	9.025697	0.001907	-0.002506	0.004527	0.828711	0.296179	0.474885	-0.297039	0.951890	-0.075325	-0.474348	-0.078637	0.876818
45412	4.869773	-0.758649	9.025603	0.001453	-0.001838	-0.000514	0.828700	0.296163	0.474915	-0.297013	0.951896	-0.075343	-0.474383	-0.078619	0.876801
45413	4.911856	-0.726037	9.053383	0.002905	-0.003676	-0.001028	0.828718	0.296090	0.474929	-0.296948	0.951919	-0.075310	-0.474392	-0.078619	0.876796
45414	4.874242	-0.715707	8.991402	0.000574	-0.002925	0.002284	0.828694	0.296099	0.474965	-0.296941	0.951918	-0.075349	-0.474439	-0.078596	0.876773
45415	4.919785	-0.697408	8.966509	0.005251	-0.005638	0.002101	0.828737	0.295990	0.474959	-0.296834	0.951954	-0.075315	-0.474431	-0.078568	0.876779
45416	4.862323	-0.787486	8.986915	-0.001958	-0.007233	0.001481	0.828694	0.295988	0.475034	-0.296808	0.951958	-0.075372	-0.474521	-0.078533	0.876734
45417	4.872586	-0.701359	9.043098	0.001107	-0.009508	0.001132	0.828615	0.295955	0.475193	-0.296762	0.951969	-0.075417	-0.474688	-0.078527	0.876644
45418	4.857026	-0.731524	9.038137	-0.005849	-0.016829	0.001439	0.828527	0.295945	0.475352	-0.296718	0.951975	-0.075509	-0.474870	-0.078484	0.876549
45419	4.855798	-0.717659	9.089585	-0.001400	-0.029468	0.000144	0.828402	0.295830	0.475641	-0.296584	0.952012	-0.075567	-0.475171	-0.078468	0.876388
45420	4.882347	-0.744695	9.040136	-0.010342	-0.028367	0.002119	0.828258	0.295817	0.475901	-0.296523	0.952021	-0.075701	-0.475461	-0.078416	0.876235
45421	4.900671	-0.744486	8.971295	-0.005550	-0.033336	-0.000822	0.828097	0.295775	0.476205	-0.296486	0.952029	-0.075739	-0.475763	-0.078469	0.876066
45422	4.950037	-0.698118	9.016406	-0.009655	-0.033546	0.001649	0.827929	0.295754	0.476511	-0.296425	0.952038	-0.075864	-0.476094	-0.078439	0.875889
45423	4.944086	-0.728334	8.976736	-0.006433	-0.034420	0.001979	0.827798	0.295639	0.476811	-0.296275	0.952078	-0.075953	-0.476416	-0.078393	0.875718
45424	4.953918	-0.785462	8.922846	-0.009751	-0.026419	0.001405	0.827664	0.295621	0.477055	-0.296211	0.952088	-0.076078	-0.476688	-0.078342	0.875575
45425	5.000917	-0.767969	8.896944	-0.004980	-0.015737	-0.001354	0.827585	0.295535	0.477245	-0.296086	0.952120	-0.076162	-0.476903	-0.078275	0.875464
45426	4.989521	-0.783396	8.911131	-0.003272	-0.002781	-0.003763	0.827579	0.295486	0.477285	-0.296010	0.952140	-0.076206	-0.476960	-0.078215	0.875438
45427	4.974084	-0.784156	8.978436	0.003527	0.003137	-0.004756	0.827646	0.295354	0.477251	-0.295879	0.952184	-0.076163	-0.476925	-0.078173	0.875461
45428	4.936867	-0.744512	8.988570	0.001500	0.007900	-0.006523	0.827699	0.295287	0.477199	-0.295803	0.952209	-0.076152	-0.476880	-0.078126	0.875489
45429	4.907107	-0.789083	8.999433	0.003435	0.010262	-0.005002	0.827737	0.295255	0.477154	-0.295788	0.952217	-0.076103	-0.476824	-0.078143	0.875518
45430	4.935312	-0.743181	8.989535	0.008550	0.008094	-0.006590	0.827791	0.295188	0.477101	-0.295745	0.952237	-0.076030	-0.476757	-0.078164	0.875553
45431	4.955460	-0.754078	8.994483	0.013065	0.003982	-0.007457	0.827843	0.295089	0.477073	-0.295716	0.952258	-0.075867	-0.476684	-0.078272	0.875583
45432	4.922317	-0.755371	9.004880	0.016289	0.003108	-0.007129	0.827875	0.295012	0.477064	-0.295706	0.952273	-0.075724	-0.476635	-0.078381	0.875600
45433	4.930738	-0.639605	9.008974	0.016218	0.009023	-0.000937	0.827879	0.295027	0.477048	-0.295798	0.952256	-0.075581	-0.476570	-0.078538	0.875621
45434	4.925587	-0.738101	9.024723	0.004468	0.006671	0.002321	0.827900	0.295043	0.477001	-0.295810	0.952252	-0.075586	-0.476527	-0.078524	0.875646
45435	4.949689	-0.706698	8.995643	0.020869	0.001444	0.001882	0.827911	0.294999	0.477011	-0.295842	0.952254	-0.075433	-0.476488	-0.078668	0.875654
45436	4.899232	-0.795063	8.983081	0.010756	0.003523	0.002298	0.827917	0.295012	0.476991	-0.295883	0.952245	-0.075383	-0.476451	-0.078723	0.875669
45437	4.957635	-0.731574	9.015363	0.017482	0.000918	0.000877	0.827951	0.294934	0.476981	-0.295864	0.952261	-0.075252	-0.476405	-0.078816	0.875686
45438	4.969021	-0.771850	8.982304	0.014579	0.004593	0.001905	0.827964	0.294945	0.476952	-0.295920	0.952251	-0.075166	-0.476348	-0.078905	0.875709
45439	4.939508	-0.730424	8.958850	0.027500	0.005965	0.000213	0.827987	0.294901	0.476939	-0.295980	0.952248	-0.074959	-0.476270	-0.079100	0.875734
45440	4.931089	-0.729009	8.993012	0.014163	0.008918	0.000298	0.828025	0.294899	0.476874	-0.296021	0.952243	-0.074869	-0.476179	-0.079171	0.875777
45441	4.925840	-0.741837	8.974639	0.028096	0.007910	-0.000506	0.828077	0.294832	0.476826	-0.296058	0.952248	-0.074649	-0.476066	-0.079353	0.875822
45442	4.982254	-0.706053	8.935874	0.028737	0.013514	0.002206	0.828131	0.294853	0.476719	-0.296184	0.952226	-0.074441	-0.475893	-0.079549	0.875898
45443	4.947874	-0.706847	8.946969	0.022769	0.019465	0.003580	0.828141	0.294931	0.476654	-0.296343	0.952187	-0.074302	-0.475777	-0.079721	0.875946
45444	4.904699	-0.764961	8.973384	0.028522	0.022902	0.004709	0.828232	0.294983	0.476463	-0.296488	0.952157	-0.074107	-0.475528	-0.079888	0.876066
45445	4.952239	-0.729667	8.968877	0.030568	0.023009	0.003476	0.828331	0.294931	0.476323	-0.296514	0.952163	-0.073922	-0.475340	-0.080005	0.876157
45446	4.892437	-0.760569	9.009869	0.025038	0.029503	0.003447	0.828457	0.294976	0.476076	-0.296632	0.952140	-0.073752	-0.475046	-0.080119	0.876306
45447	4.889912	-0.758345	9.011428	0.025432	0.026383	-0.001382	0.828571	0.294952	0.475893	-0.296697	0.952135	-0.073545	-0.474807	-0.080259	0.876423
45448	4.814566	-0.790362	9.119569	0.016176	0.024681	-0.000767	0.828686	0.294953	0.475691	-0.296738	0.952131	-0.073433	-0.474579	-0.080303	0.876542
45449	4.882493	-0.739563	9.066549	0.033244	0.015474	-0.008083	0.828828	0.294761	0.475562	-0.296666	0.952177	-0.073133	-0.474376	-0.080468	0.876637
45450	4.845579	-0.640748	9.095178	0.019345	0.000827	-0.007452	0.828851	0.294679	0.475574	-0.296666	0.952190	-0.072961	-0.474337	-0.080613	0.876645
45451	4.858075	-0.623558	9.080487	0.020491	-0.005013	-0.002872	0.828905	0.294486	0.475599	-0.296534	0.952244	-0.072800	-0.474324	-0.080687	0.876645
45452	4.809382	-0.655074	9.085939	0.007073	-0.015456	-0.000210	0.828829	0.294459	0.475748	-0.296535	0.952245	-0.072770	-0.474456	-0.080762	0.876566
45453	4.799100	-0.754305	9.134227	0.002429	-0.028399	-0.000188	0.828699	0.294397	0.476013	-0.296503	0.952257	-0.072751	-0.474704	-0.080851	0.876424
45454	4.810085	-0.838001	9.133553	0.005981	-0.040922	-0.005096	0.828516	0.294304	0.476389	-0.296459	0.952274	-0.072707	-0.475051	-0.080991	0.876223
45455	4.834842	-0.764894	9.101486	0.000900	-0.048343	-0.013125	0.828308	0.294098	0.476877	-0.296291	0.952329	-0.072676	-0.475517	-0.081096	0.875961
45456	4.761536	-0.785233	9.133987	-0.002532	-0.052534	-0.017558	0.828107	0.293876	0.477363	-0.296104	0.952389	-0.072648	-0.475985	-0.081189	0.875698
45457	4.825176	-0.609335	9.075263	0.008581	-0.071434	-0.023663	0.827844	0.293539	0.478027	-0.295882	0.952471	-0.072473	-0.476581	-0.081444	0.875350
45458	4.818232	-0.495960	9.175545	-0.023053	-0.087345	-0.015358	0.827469	0.293310	0.478816	-0.295614	0.952542	-0.072634	-0.477397	-0.081443	0.874905
45459	4.762261	-0.673942	9.259940	-0.054815	-0.115438	-0.010873	0.826981	0.293013	0.479840	-0.295141	0.952655	-0.073075	-0.478534	-0.081189	0.874308
45460	4.697696	-0.727122	9.341417	-0.052085	-0.151781	-0.012852	0.826288	0.292755	0.481189	-0.294755	0.952742	-0.073501	-0.479967	-0.081100	0.873530
45461	4.699354	-0.732819	9.399935	-0.069540	-0.205522	-0.020292	0.825366	0.292312	0.483037	-0.294139	0.952890	-0.074050	-0.481926	-0.080962	0.872463
45462	4.826704	-0.785837	9.305091	-0.072410	-0.261740	-0.025576	0.824173	0.291844	0.485351	-0.293547	0.953030	-0.074590	-0.484323	-0.080999	0.871132
45463	4.811089	-0.723946	9.406145	-0.076357	-0.305965	-0.022105	0.822730	0.291388	0.488067	-0.292993	0.953156	-0.075163	-0.487105	-0.081161	0.869564
45464	4.833450	-0.702748	9.370559	-0.076902	-0.351873	-0.020366	0.821066	0.290896	0.491152	-0.292419	0.953284	-0.075763	-0.490247	-0.081415	0.867773
45465	4.875626	-0.765803	9.299035	-0.086331	-0.410862	-0.016017	0.819171	0.290255	0.494682	-0.291676	0.953458	-0.076441	-0.493846	-0.081669	0.865706
45466	4.905860	-0.802560	9.239592	-0.092110	-0.447025	-0.021331	0.817013	0.289674	0.498577	-0.291013	0.953602	-0.077163	-0.497796	-0.082049	0.863404
45467	4.873200	-0.915065	9.286908	-0.068268	-0.485376	-0.021287	0.814618	0.289041	0.502845	-0.290441	0.953733	-0.077698	-0.502038	-0.082752	0.860878
45468	5.173633	-1.006395	9.010460	0.004512	-0.545133	-0.029431	0.811950	0.288293	0.507566	-0.290192	0.953822	-0.077543	-0.506483	-0.084331	0.858116
45469	5.145678	-0.952346	9.091906	0.056313	-0.533351	-0.042611	0.809379	0.287336	0.512195	-0.289991	0.953935	-0.076900	-0.510697	-0.086291	0.855420
45470	5.113035	-1.179122	9.080456	0.038264	-0.544290	-0.089205	0.806842	0.285998	0.516925	-0.289434	0.954164	-0.076145	-0.515009	-0.088179	0.852637
45471	5.093668	-1.229439	9.090967	0.116173	-0.585608	-0.156167	0.804302	0.283880	0.522026	-0.288635	0.954546	-0.074378	-0.519412	-0.090852	0.849680
45472	5.156004	-1.264724	9.008655	0.135467	-0.634303	-0.218983	0.801619	0.281190	0.527579	-0.287550	0.955047	-0.072111	-0.524140	-0.093900	0.846440
45473	5.211416	-1.281219	9.044541	0.168197	-0.686431	-0.277083	0.798800	0.277815	0.533607	-0.286089	0.955694	-0.069299	-0.529217	-0.097303	0.842889
45474	5.524070	-1.350343	9.080874	0.194479	-0.776008	-0.340837	0.795640	0.273773	0.540376	-0.284373	0.956449	-0.065864	-0.534873	-0.101265	0.838842
45475	5.939326	-2.071606	9.221593	0.115007	-0.792473	-0.408707	0.792470	0.269080	0.547346	-0.281746	0.957434	-0.062760	-0.540935	-0.104477	0.834550
45476	6.103352	-2.797660	8.938869	0.287433	-0.766935	-0.519046	0.789752	0.263275	0.554056	-0.279168	0.958517	-0.057539	-0.546220	-0.109233	0.830489
45477	6.078791	-2.456439	8.941746	0.487146	-0.771082	-0.634626	0.787267	0.256346	0.560801	-0.276852	0.959611	-0.049993	-0.550966	-0.115901	0.826440
45478	6.060294	-1.728843	8.928871	0.513220	-0.806044	-0.750571	0.784867	0.248163	0.567801	-0.273758	0.960900	-0.041557	-0.555913	-0.122824	0.822116
45479	6.157165	-1.541648	9.025292	0.275466	-0.848259	-0.852652	0.782358	0.239033	0.575134	-0.268774	0.962587	-0.034448	-0.561850	-0.127630	0.817334
45480	6.621728	-2.831456	9.048188	-0.068023	-0.901473	-0.952197	0.779777	0.228686	0.582795	-0.260918	0.964910	-0.029519	-0.569095	-0.129043	0.812083
45481	6.317902	-4.845207	9.077656	-0.090048	-0.931335	-1.079125	0.777110	0.217222	0.590689	-0.252203	0.967378	-0.023950	-0.576622	-0.130362	0.806544
45482	6.135771	-5.613215	8.940222	0.368899	-0.978081	-1.277777	0.774605	0.203531	0.598801	-0.244393	0.969583	-0.013414	-0.583318	-0.135953	0.800785
45483	5.994712	-3.684978	8.888292	1.031511	-0.909936	-1.532236	0.772852	0.187594	0.606225	-0.238811	0.971058	0.003960	-0.587937	-0.147834	0.795283
45484	5.230332	-1.144205	8.757757	1.102419	-0.875043	-1.707148	0.771702	0.169644	0.612941	-0.232096	0.972419	0.023076	-0.592121	-0.160069	0.789791
45485	4.184577	0.279058	8.639398	0.745970	-0.826849	-1.773564	0.770686	0.151289	0.618995	-0.223145	0.973973	0.039781	-0.596866	-0.168784	0.784387
45486	1.911996	0.191310	9.634842	0.026148	-0.766867	-1.606351	0.769566	0.134312	0.624283	-0.210896	0.976232	0.049943	-0.602737	-0.170093	0.779600
45487	0.563401	-2.686508	10.434340	-0.982828	-0.701089	-1.105039	0.767467	0.122548	0.629266	-0.196613	0.979252	0.049088	-0.610194	-0.161395	0.775638
45488	-0.380845	-7.515207	10.312718	-1.450423	-0.492923	-0.320886	0.765048	0.118626	0.632953	-0.185221	0.981889	0.039853	-0.616761	-0.147725	0.773164
45489	-0.503625	-10.657208	10.014075	-0.870210	-0.262496	0.563443	0.762217	0.124157	0.635303	-0.184548	0.982383	0.029429	-0.620457	-0.139675	0.771702
45490	-0.003210	-8.968817	11.065204	-0.301462	0.031277	1.386342	0.759785	0.137798	0.635405	-0.193192	0.980991	0.018266	-0.620809	-0.136633	0.771963
45491	-0.660769	-6.828804	11.753931	-0.326116	0.431914	2.094782	0.758137	0.159312	0.632336	-0.207441	0.978245	0.002249	-0.618221	-0.132877	0.774691
45492	-1.174265	-4.873047	11.884779	-0.212656	0.722501	2.594489	0.756958	0.185576	0.626559	-0.225752	0.974057	-0.015764	-0.613230	-0.129515	0.779214
45493	-1.233695	-3.067451	12.020452	-0.353252	0.917529	2.948148	0.755390	0.215853	0.618703	-0.246263	0.968488	-0.037217	-0.607240	-0.124250	0.784743
45494	-0.531804	-1.733791	11.890230	-0.478211	1.076426	3.197457	0.753669	0.248002	0.608669	-0.267469	0.961656	-0.060639	-0.600370	-0.117098	0.791103
45495	0.602770	-0.295454	12.235987	-0.481857	1.224869	3.358828	0.751422	0.281997	0.596525	-0.290157	0.953188	-0.085102	-0.592599	-0.109138	0.798070
45496	2.212567	-0.021513	12.745468	-0.754387	1.403709	3.411680	0.749415	0.315802	0.581932	-0.311289	0.943777	-0.111288	-0.584359	-0.097748	0.805587
45497	3.871536	-0.754232	12.720807	-0.709810	1.624129	3.272024	0.748232	0.348391	0.564600	-0.331886	0.933441	-0.136159	-0.574457	-0.085504	0.814056
45498	5.100565	-0.586795	12.982064	-0.331200	1.875998	2.956835	0.748769	0.377343	0.544938	-0.352107	0.922984	-0.155310	-0.561575	-0.075585	0.823967
45499	5.765787	0.102265	13.016935	-0.027545	2.100241	2.514186	0.751242	0.402230	0.523303	-0.370845	0.913102	-0.169467	-0.545994	-0.066754	0.835126
45500	8.543359	-2.629255	13.593347	-0.216586	2.131249	1.825040	0.755828	0.420129	0.502211	-0.383402	0.905736	-0.180681	-0.530779	-0.055985	0.845659
45501	6.150472	0.033949	10.306757	1.907622	2.647846	0.693263	0.766770	0.428225	0.478212	-0.398566	0.901572	-0.168267	-0.503198	-0.061577	0.861974
45502	5.009868	5.949551	10.981616	3.014029	2.412371	-0.224757	0.779444	0.427881	0.457586	-0.411504	0.900431	-0.141029	-0.472368	-0.078375	0.877910
45503	5.454509	8.306850	12.653377	0.585549	2.453212	-1.237418	0.795870	0.418723	0.437334	-0.404379	0.905194	-0.130775	-0.450630	-0.072769	0.889740
45504	0.637437	3.486905	5.900125	-2.311646	1.743569	-1.053001	0.807840	0.410178	0.423259	-0.385548	0.910919	-0.146901	-0.445810	-0.044514	0.894020
45505	9.166427	1.684034	5.429845	-0.892081	-0.092577	-1.607691	0.813560	0.395495	0.426267	-0.368321	0.917756	-0.148538	-0.449955	-0.036159	0.892319
45506	13.656198	0.290330	6.766083	-1.794958	0.662316	-1.742184	0.822761	0.379613	0.423035	-0.345955	0.924989	-0.157197	-0.450977	-0.017016	0.892373
45507	14.987792	0.044687	6.821109	-0.625130	0.766833	-2.280427	0.833952	0.358491	0.419534	-0.323996	0.933501	-0.153633	-0.446711	-0.007804	0.894644
45508	11.495436	1.204670	6.558046	-0.223634	1.110942	-2.081957	0.845415	0.339028	0.412715	-0.305499	0.940775	-0.147016	-0.438115	-0.001795	0.898917
45509	9.318827	1.694119	5.447624	-0.623566	0.785363	-1.855382	0.854355	0.321497	0.408311	-0.286836	0.946884	-0.145381	-0.433363	0.007089	0.901192
45510	8.019017	1.668200	5.574132	-0.833336	0.504209	-1.513370	0.860745	0.307068	0.405991	-0.270230	0.951542	-0.146774	-0.431387	0.016624	0.902014
45511	8.487358	1.709207	6.437643	-1.041476	0.267309	-1.202502	0.865010	0.295595	0.405441	-0.255253	0.954913	-0.151615	-0.431977	0.027659	0.901460
45512	8.575427	0.425454	6.234399	-1.442236	0.156465	-0.873994	0.867852	0.287182	0.405413	-0.241410	0.956957	-0.161103	-0.434229	0.041943	0.899826
45513	7.782411	-0.434096	6.755695	-1.253309	0.094544	-0.672475	0.869824	0.280694	0.405731	-0.229971	0.958249	-0.169918	-0.436486	0.054493	0.898059
45514	7.596757	-0.928895	6.229649	-0.925962	-0.001652	-0.594138	0.871149	0.274996	0.406788	-0.220723	0.959352	-0.175855	-0.438612	0.063408	0.896437
45515	6.112453	-0.436207	6.417630	-0.515484	-0.042889	-0.527944	0.872080	0.269980	0.408152	-0.213777	0.960431	-0.178529	-0.440200	0.068438	0.895288
45516	5.501131	0.042160	6.428974	-0.377281	-0.160775	-0.504370	0.872427	0.265244	0.410509	-0.207688	0.961514	-0.179881	-0.442422	0.071676	0.893938
45517	5.127285	-0.021079	6.558056	-0.326834	-0.291456	-0.479976	0.872125	0.260766	0.414003	-0.201852	0.962536	-0.181054	-0.445705	0.074334	0.892088
45518	4.914404	-0.631545	6.387242	-0.236041	-0.404188	-0.470397	0.871246	0.256537	0.418471	-0.196670	0.963573	-0.181241	-0.449723	0.075605	0.889963
45519	4.358532	-1.273859	5.880314	-0.005951	-0.417759	-0.433443	0.870192	0.252675	0.422990	-0.192805	0.964661	-0.179597	-0.453422	0.074729	0.888158
45520	2.001460	-1.432280	5.205398	0.336375	-0.494003	-0.390305	0.868686	0.249264	0.428081	-0.190918	0.965882	-0.174993	-0.457095	0.070286	0.886637
45521	1.473389	-0.624340	5.097194	0.754628	-0.960825	-0.321206	0.864821	0.246819	0.437225	-0.191571	0.967158	-0.167050	-0.464096	0.060709	0.883702
45522	7.968327	-3.392136	8.004787	0.189852	-1.510882	-0.200516	0.858089	0.245752	0.450875	-0.190711	0.967760	-0.164530	-0.476773	0.055194	0.877292
45523	16.563437	-8.164207	7.265110	1.407894	-0.814418	-0.816054	0.855711	0.238226	0.459355	-0.190390	0.970398	-0.148590	-0.481155	0.039694	0.875736
45524	10.150986	0.862323	6.527631	5.246446	0.543831	-1.522153	0.861269	0.223336	0.456439	-0.202151	0.974690	-0.095470	-0.466209	-0.010044	0.884618
45525	7.796697	10.408301	5.443402	5.705466	-0.276987	-2.670250	0.865362	0.197221	0.460708	-0.205492	0.978111	-0.032730	-0.457079	-0.066349	0.886948
45526	12.797513	12.337146	13.519990	0.523868	-0.579126	-0.800382	0.864323	0.188981	0.466081	-0.200950	0.979297	-0.024423	-0.461047	-0.072549	0.884405
45527	12.749919	4.121785	12.983902	-3.880925	-0.122512	1.421689	0.860898	0.202718	0.466648	-0.195021	0.978620	-0.065341	-0.469917	-0.034754	0.882026
