// General information: 
//  MT Manager version: 2022.2.0 
//  XDA version: 2022.2.0 build 7381 rev 124627 built on 2023-07-19
// Device information: 
//  DeviceId: 00B4CAF0
//  ProductCode: MTW2-3A7G6
//  Firmware Version: 4.6.0
//  Hardware Version: 2.0.0
// Device settings: 
//  Filter Profile: human(46.1)
//  Option Flags: Orientation Smoother Disabled, Position/Velocity Smoother Disabled, Continuous Zero Rotation Update Disabled, AHS Disabled, ICC Disabled
// Coordinate system: ENU
PacketCounter	Acc_X	Acc_Y	Acc_Z	Gyr_X	Gyr_Y	Gyr_Z	Mat[1][1]	Mat[2][1]	Mat[3][1]	Mat[1][2]	Mat[2][2]	Mat[3][2]	Mat[1][3]	Mat[2][3]	Mat[3][3]
29395	5.401099	0.046977	8.769612	0.007515	0.000021	-0.004841	-0.791376	0.229063	0.566792	-0.289756	-0.956935	-0.017833	0.538298	-0.178344	0.823668
29396	5.420949	0.035163	8.734546	0.003031	0.003267	0.001934	-0.791354	0.228973	0.566860	-0.289705	-0.956949	-0.017895	0.538358	-0.178384	0.823620
29397	5.397319	0.045383	8.700856	0.009292	-0.000454	0.001431	-0.791410	0.228962	0.566787	-0.289665	-0.956961	-0.017883	0.538298	-0.178331	0.823671
29398	5.405995	0.062059	8.717102	0.007147	0.000307	0.000822	-0.791368	0.228878	0.566878	-0.289601	-0.956980	-0.017905	0.538393	-0.178338	0.823607
29399	5.420721	0.036866	8.734681	0.006567	0.002271	-0.000818	-0.791442	0.228839	0.566791	-0.289526	-0.957003	-0.017895	0.538326	-0.178263	0.823667
29400	5.390049	0.032603	8.719273	0.009154	0.003524	0.000453	-0.791417	0.228764	0.566857	-0.289454	-0.957025	-0.017899	0.538401	-0.178245	0.823622
29401	5.396589	0.047946	8.701295	0.004865	0.005046	-0.000764	-0.791482	0.228832	0.566738	-0.289505	-0.957009	-0.017899	0.538278	-0.178240	0.823704
29402	5.404743	0.064706	8.717859	0.010138	0.006691	-0.002219	-0.791466	0.228788	0.566778	-0.289450	-0.957026	-0.017879	0.538331	-0.178205	0.823677
29403	5.390364	0.035904	8.754609	0.003744	0.005858	0.000929	-0.791562	0.228786	0.566646	-0.289432	-0.957031	-0.017909	0.538200	-0.178182	0.823767
29404	5.403760	0.065910	8.718459	0.010447	0.004152	0.001088	-0.791542	0.228706	0.566705	-0.289349	-0.957056	-0.017906	0.538274	-0.178149	0.823726
29405	5.409486	0.024985	8.720010	0.008844	0.006064	-0.002855	-0.791642	0.228715	0.566562	-0.289307	-0.957069	-0.017881	0.538150	-0.178065	0.823825
29406	5.431472	0.071185	8.700153	0.006158	0.005674	-0.000130	-0.791627	0.228649	0.566610	-0.289256	-0.957084	-0.017907	0.538199	-0.178070	0.823792
29407	5.386847	0.037404	8.721232	0.007860	0.002899	-0.000184	-0.791717	0.228573	0.566514	-0.289134	-0.957121	-0.017901	0.538131	-0.177971	0.823858
29408	5.395228	0.054174	8.737647	0.009153	0.003526	0.000452	-0.791693	0.228497	0.566579	-0.289063	-0.957143	-0.017905	0.538205	-0.177952	0.823813
29409	5.395002	0.054831	8.737783	0.005272	0.001645	-0.001455	-0.791755	0.228559	0.566467	-0.289112	-0.957128	-0.017911	0.538088	-0.177954	0.823890
29410	5.416557	0.044402	8.737229	0.006837	0.002847	-0.002487	-0.791718	0.228510	0.566538	-0.289076	-0.957138	-0.017918	0.538161	-0.177959	0.823841
29411	5.425031	0.061310	8.753582	0.012148	0.001379	0.001034	-0.791798	0.228532	0.566418	-0.289051	-0.957146	-0.017887	0.538057	-0.177886	0.823924
29412	5.429334	0.018938	8.720506	0.005272	0.001645	-0.001455	-0.791758	0.228472	0.566498	-0.289016	-0.957157	-0.017913	0.538135	-0.177909	0.823869
29413	5.423048	0.061349	8.719267	0.008439	0.000937	0.001456	-0.791837	0.228388	0.566421	-0.288887	-0.957196	-0.017901	0.538088	-0.177806	0.823921
29414	5.385375	0.042362	8.722119	0.007722	0.006877	-0.001165	-0.791826	0.228334	0.566458	-0.288836	-0.957211	-0.017909	0.538131	-0.177794	0.823896
29415	5.398733	0.072448	8.685979	0.007008	0.004287	-0.000159	-0.791893	0.228403	0.566337	-0.288876	-0.957199	-0.017890	0.538012	-0.177769	0.823979
29416	5.414976	0.048544	8.738187	0.005444	0.003085	0.000873	-0.791868	0.228322	0.566405	-0.288821	-0.957215	-0.017928	0.538078	-0.177787	0.823932
29417	5.437342	0.094173	8.718070	0.002045	0.000105	0.004605	-0.791956	0.228247	0.566312	-0.288749	-0.957236	-0.017993	0.537987	-0.177772	0.823994
29418	5.369341	0.069597	8.705298	0.004765	0.005913	0.003227	-0.791953	0.228149	0.566356	-0.288679	-0.957256	-0.018050	0.538029	-0.177790	0.823963
29419	5.412435	0.047432	8.704231	-0.003845	0.003535	-0.000558	-0.792018	0.228246	0.566226	-0.288816	-0.957213	-0.018133	0.537860	-0.177897	0.824051
29420	5.383581	0.043801	8.723219	0.004731	0.000495	0.001879	-0.791982	0.228151	0.566314	-0.288757	-0.957230	-0.018183	0.537944	-0.177928	0.823989
29421	5.418929	0.062238	8.686280	0.001057	0.005470	0.003650	-0.792073	0.228179	0.566175	-0.288795	-0.957217	-0.018245	0.537789	-0.177960	0.824083
29422	5.428196	0.023086	8.756739	0.002758	0.002695	0.003598	-0.792054	0.228072	0.566245	-0.288733	-0.957234	-0.018321	0.537851	-0.178005	0.824033
29423	5.404344	0.032951	8.723171	0.004765	0.005913	0.003226	-0.792145	0.228125	0.566096	-0.288775	-0.957221	-0.018347	0.537694	-0.178008	0.824135
29424	5.360453	0.055441	8.724721	0.004422	0.003032	-0.001430	-0.792114	0.228066	0.566164	-0.288744	-0.957230	-0.018381	0.537757	-0.178036	0.824088
29425	5.388988	0.059573	8.705933	0.008167	0.000363	0.003124	-0.792212	0.227938	0.566078	-0.288570	-0.957282	-0.018385	0.537706	-0.177918	0.824147
29426	5.401828	0.033113	8.689200	0.009595	0.005543	0.001110	-0.792201	0.227860	0.566124	-0.288491	-0.957306	-0.018391	0.537764	-0.177891	0.824115
29427	5.418710	0.065927	8.721930	0.005986	0.004234	-0.002463	-0.792308	0.227787	0.566004	-0.288368	-0.957343	-0.018384	0.537673	-0.177783	0.824197
29428	5.402811	0.035859	8.724109	0.007859	0.002900	-0.000186	-0.792280	0.227716	0.566072	-0.288308	-0.957361	-0.018397	0.537746	-0.177779	0.824150
29429	5.380895	0.047622	8.724856	0.007416	0.000885	-0.000846	-0.792393	0.227552	0.565980	-0.288087	-0.957428	-0.018399	0.537698	-0.177630	0.824214
29430	5.418067	0.067991	8.722313	0.007858	0.002900	-0.000187	-0.792365	0.227481	0.566048	-0.288027	-0.957445	-0.018412	0.537771	-0.177626	0.824167
29431	5.410959	0.053863	8.740643	0.005001	0.001070	0.000211	-0.792425	0.227505	0.565954	-0.288033	-0.957443	-0.018414	0.537680	-0.177605	0.824231
29432	5.387477	0.063836	8.706838	0.003166	-0.000706	0.002912	-0.792387	0.227397	0.566051	-0.287973	-0.957460	-0.018483	0.537768	-0.177653	0.824163
29433	5.415947	0.067784	8.688098	0.006157	0.005676	-0.000137	-0.792481	0.227351	0.565938	-0.287873	-0.957491	-0.018460	0.537683	-0.177547	0.824241
29434	5.379930	0.049717	8.725440	-0.000408	0.003403	0.000685	-0.792458	0.227272	0.566001	-0.287851	-0.957496	-0.018546	0.537729	-0.177621	0.824196
29435	5.408342	0.053644	8.706738	0.007858	0.002901	-0.000187	-0.792513	0.227397	0.565874	-0.287951	-0.957466	-0.018520	0.537594	-0.177621	0.824284
29436	5.409846	0.055465	8.741323	0.004901	0.001938	0.004206	-0.792493	0.227282	0.565948	-0.287872	-0.957489	-0.018583	0.537666	-0.177647	0.824231
29437	5.411271	0.056983	8.775956	0.002178	0.004659	0.001954	-0.792591	0.227268	0.565816	-0.287847	-0.957495	-0.018622	0.537534	-0.177628	0.824321
29438	5.400544	0.039845	8.725496	0.006736	0.003714	0.001505	-0.792573	0.227181	0.565877	-0.287779	-0.957515	-0.018655	0.537598	-0.177633	0.824279
29439	5.407136	0.055089	8.707479	0.007008	0.004288	-0.000163	-0.792690	0.227083	0.565752	-0.287626	-0.957561	-0.018653	0.537507	-0.177511	0.824364
29440	5.376502	0.050604	8.692030	0.006022	0.001125	0.002513	-0.792661	0.226982	0.565834	-0.287554	-0.957582	-0.018697	0.537588	-0.177528	0.824307
29441	5.406603	0.056041	8.707803	0.007178	0.005730	0.002164	-0.792674	0.227325	0.565678	-0.287900	-0.957479	-0.018654	0.537384	-0.177646	0.824415
29442	5.392402	0.027326	8.744460	0.008708	0.001513	-0.000213	-0.792639	0.227251	0.565757	-0.287836	-0.957498	-0.018661	0.537470	-0.177636	0.824361
29443	5.404322	0.055834	8.673697	0.005614	0.004529	0.003197	-0.792702	0.227334	0.565635	-0.287901	-0.957478	-0.018656	0.537342	-0.177636	0.824444
29444	5.404121	0.056412	8.673819	0.009559	0.000126	-0.000237	-0.792659	0.227258	0.565725	-0.287832	-0.957499	-0.018655	0.537442	-0.177621	0.824383
29445	5.407416	0.059794	8.742798	0.004150	0.002458	0.000235	-0.792806	0.227074	0.565594	-0.287605	-0.957566	-0.018700	0.537347	-0.177493	0.824472
29446	5.421091	0.089488	8.706456	0.004150	0.002459	0.000235	-0.792778	0.226998	0.565664	-0.287562	-0.957579	-0.018747	0.537412	-0.177525	0.824423
29447	5.398276	0.044371	8.726877	0.004321	0.003901	0.002561	-0.792810	0.227201	0.565537	-0.287768	-0.957517	-0.018737	0.537254	-0.177598	0.824510
29448	5.435229	0.064388	8.724476	0.004864	0.005048	-0.000774	-0.792793	0.227139	0.565586	-0.287728	-0.957528	-0.018772	0.537300	-0.177617	0.824476
29449	5.428538	0.106535	8.723413	0.002891	0.007250	0.000942	-0.792933	0.227022	0.565437	-0.287571	-0.957575	-0.018807	0.537179	-0.177516	0.824577
29450	5.397065	0.045218	8.727622	0.003164	-0.000705	0.002912	-0.792895	0.226914	0.565533	-0.287511	-0.957591	-0.018877	0.537265	-0.177565	0.824510
29451	5.405419	0.061331	8.744021	-0.000545	0.007381	-0.000302	-0.792953	0.227205	0.565335	-0.287841	-0.957491	-0.018922	0.537004	-0.177731	0.824644
29452	5.413482	0.077489	8.760600	0.005783	0.005972	0.005522	-0.792959	0.227084	0.565375	-0.287747	-0.957518	-0.018985	0.537045	-0.177739	0.824616
29453	5.374042	0.056610	8.729025	0.003028	0.003273	0.001927	-0.793065	0.227071	0.565232	-0.287717	-0.957527	-0.019020	0.536906	-0.177711	0.824713
29454	5.404176	0.061707	8.744787	0.002756	0.002699	0.003594	-0.793048	0.226963	0.565299	-0.287654	-0.957544	-0.019098	0.536964	-0.177756	0.824665
29455	5.410064	0.019997	8.746351	0.003028	0.003273	0.001927	-0.793133	0.226955	0.565183	-0.287629	-0.957551	-0.019121	0.536852	-0.177728	0.824744
29456	5.388092	0.031274	8.747103	0.003878	0.001885	0.001903	-0.793107	0.226861	0.565256	-0.287573	-0.957567	-0.019180	0.536919	-0.177764	0.824692
29457	5.412138	0.078222	8.761424	0.002756	0.002700	0.003594	-0.793224	0.226800	0.565118	-0.287499	-0.957588	-0.019234	0.536788	-0.177728	0.824786
29458	5.372782	0.057225	8.729797	0.002177	0.004661	0.001950	-0.793213	0.226711	0.565168	-0.287452	-0.957600	-0.019307	0.536828	-0.177774	0.824750
29459	5.392377	0.044784	8.695016	0.001327	0.006049	0.001974	-0.793337	0.226677	0.565008	-0.287402	-0.957614	-0.019359	0.536672	-0.177742	0.824858
29460	5.393597	0.046257	8.729760	0.001157	0.004606	-0.000352	-0.793320	0.226609	0.565059	-0.287379	-0.957620	-0.019428	0.536709	-0.177798	0.824822
29461	5.393233	0.046553	8.729984	0.007755	0.003771	0.003805	-0.793425	0.226517	0.564949	-0.287233	-0.957664	-0.019419	0.536632	-0.177679	0.824897
29462	5.421494	0.050546	8.711412	0.005034	0.006491	0.001550	-0.793423	0.226435	0.564984	-0.287174	-0.957681	-0.019467	0.536666	-0.177694	0.824872
29463	5.364341	0.100352	8.729785	0.007449	0.006305	0.000493	-0.793535	0.226389	0.564845	-0.287061	-0.957715	-0.019432	0.536562	-0.177565	0.824968
29464	5.415152	0.038320	8.764759	0.005884	0.005104	0.001526	-0.793526	0.226305	0.564892	-0.286997	-0.957733	-0.019473	0.536609	-0.177575	0.824935
29465	5.391379	0.048531	8.731117	0.008877	0.002957	0.002113	-0.793599	0.226344	0.564773	-0.286987	-0.957737	-0.019431	0.536506	-0.177503	0.825018
29466	5.408281	0.081270	8.763778	0.007177	0.005733	0.002160	-0.793596	0.226255	0.564814	-0.286911	-0.957759	-0.019464	0.536552	-0.177498	0.824989
29467	5.388996	0.048047	8.697095	0.004897	0.001942	0.004204	-0.793668	0.226258	0.564710	-0.286883	-0.957768	-0.019457	0.536459	-0.177448	0.825060
29468	5.399042	0.066078	8.747926	0.010442	0.004159	0.001079	-0.793653	0.226176	0.564764	-0.286799	-0.957793	-0.019458	0.536526	-0.177416	0.825023
29469	5.375311	0.076374	8.714253	0.005442	0.003088	0.000868	-0.793749	0.226139	0.564645	-0.286717	-0.957818	-0.019448	0.536429	-0.177331	0.825105
29470	5.398490	0.067227	8.748258	0.007584	0.002329	0.001478	-0.793725	0.226050	0.564714	-0.286645	-0.957839	-0.019475	0.536502	-0.177330	0.825057
29471	5.411426	0.040720	8.731556	0.009727	0.001570	0.002089	-0.793855	0.225834	0.564618	-0.286344	-0.957929	-0.019452	0.536471	-0.177117	0.825123
29472	5.380860	0.036671	8.716045	0.014726	0.002641	0.002298	-0.793836	0.225737	0.564684	-0.286227	-0.957965	-0.019425	0.536562	-0.177048	0.825079
29473	5.374587	0.079661	8.714671	0.013264	0.000568	-0.000661	-0.793926	0.225700	0.564572	-0.286112	-0.958001	-0.019362	0.536490	-0.176903	0.825157
29474	5.376464	0.082261	8.748987	0.013977	-0.005369	0.001973	-0.793863	0.225592	0.564704	-0.286001	-0.958034	-0.019338	0.536643	-0.176858	0.825067
29475	5.361514	0.052898	8.750621	0.018942	-0.009719	0.000845	-0.793882	0.225641	0.564658	-0.285978	-0.958043	-0.019232	0.536627	-0.176748	0.825101
29476	5.355687	0.039815	8.768171	0.017342	-0.016341	0.000543	-0.793756	0.225527	0.564880	-0.285861	-0.958079	-0.019173	0.536876	-0.176696	0.824950
29477	5.306905	0.048884	8.786584	0.017307	-0.021762	-0.000794	-0.793721	0.225423	0.564971	-0.285683	-0.958135	-0.019058	0.537022	-0.176530	0.824891
29478	5.366103	0.001599	8.767025	0.027776	-0.037840	-0.002744	-0.793470	0.225303	0.565371	-0.285536	-0.958182	-0.018895	0.537471	-0.176426	0.824620
29479	5.399830	0.009352	8.780567	0.029167	-0.038080	-0.006111	-0.793334	0.225358	0.565539	-0.285513	-0.958193	-0.018692	0.537683	-0.176298	0.824510
29480	5.454364	0.061349	8.739257	0.033142	-0.037061	-0.008214	-0.793072	0.225292	0.565933	-0.285379	-0.958237	-0.018454	0.538141	-0.176141	0.824244
29481	5.454890	0.006555	8.722688	0.026134	-0.032826	-0.011690	-0.792847	0.225733	0.566072	-0.285761	-0.958129	-0.018167	0.538269	-0.176165	0.824155
29482	5.466649	0.082094	8.717572	0.028038	-0.020209	-0.011733	-0.792665	0.225731	0.566328	-0.285683	-0.958156	-0.017950	0.538578	-0.176019	0.823985
29483	5.455375	0.112288	8.733173	0.026473	-0.021408	-0.010699	-0.792553	0.226018	0.566371	-0.285885	-0.958100	-0.017712	0.538637	-0.175955	0.823960
29484	5.433583	0.124151	8.698240	0.013076	-0.018008	-0.011005	-0.792385	0.226012	0.566608	-0.285882	-0.958103	-0.017623	0.538885	-0.175948	0.823799
29485	5.422082	0.152480	8.713998	0.000839	-0.018525	-0.008019	-0.792335	0.226179	0.566611	-0.286084	-0.958043	-0.017622	0.538852	-0.176061	0.823797
29486	5.400485	0.153891	8.835163	-0.000415	-0.022252	-0.003667	-0.792165	0.226096	0.566881	-0.286095	-0.958038	-0.017686	0.539095	-0.176193	0.823610
29487	5.335308	0.128835	8.820877	-0.010002	-0.036322	-0.001097	-0.792047	0.225997	0.567086	-0.286101	-0.958034	-0.017796	0.539266	-0.176339	0.823466
29488	5.367784	0.131170	8.799628	-0.016155	-0.050515	0.002706	-0.791743	0.225803	0.567587	-0.286147	-0.958016	-0.018026	0.539688	-0.176685	0.823116
29489	5.343872	0.125738	8.815736	-0.022583	-0.056757	0.004526	-0.791572	0.225528	0.567936	-0.286081	-0.958031	-0.018297	0.539973	-0.176959	0.822870
29490	5.364451	0.097638	8.829951	-0.026503	-0.072573	0.004926	-0.791155	0.225273	0.568617	-0.286165	-0.957999	-0.018624	0.540539	-0.177453	0.822391
29491	5.363467	0.134982	8.789768	-0.033689	-0.086811	0.006406	-0.790739	0.225253	0.569204	-0.286494	-0.957895	-0.018927	0.540974	-0.178040	0.821979
29492	5.368613	0.119777	8.872006	-0.039318	-0.099840	0.006834	-0.790179	0.224931	0.570108	-0.286634	-0.957844	-0.019371	0.541718	-0.178719	0.821341
29493	5.328343	0.122836	8.885784	-0.048785	-0.126358	0.013963	-0.789532	0.224859	0.571032	-0.287107	-0.957693	-0.019849	0.542410	-0.179619	0.820688
29494	5.344505	0.120480	8.947402	-0.054076	-0.148172	0.012310	-0.788724	0.224395	0.572330	-0.287285	-0.957627	-0.020445	0.543491	-0.180547	0.819769
29495	5.326046	0.153908	8.991198	-0.075290	-0.168691	0.005114	-0.787835	0.224306	0.573588	-0.287941	-0.957416	-0.021089	0.544432	-0.181774	0.818872
29496	5.338563	-0.068697	8.904095	-0.044790	-0.198285	0.006912	-0.786735	0.223799	0.575293	-0.288112	-0.957354	-0.021577	0.545930	-0.182724	0.817662
29497	5.186850	0.051594	9.157558	-0.067444	-0.247194	0.003501	-0.785531	0.223118	0.577200	-0.288219	-0.957307	-0.022197	0.547605	-0.183796	0.816301
29498	5.003923	0.094557	9.431835	-0.071401	-0.313427	-0.007078	-0.783751	0.222528	0.579840	-0.288648	-0.957163	-0.022820	0.549924	-0.185255	0.814410
29499	4.877878	-0.031257	9.584673	-0.094657	-0.443341	-0.021836	-0.781335	0.221817	0.583363	-0.289208	-0.956978	-0.023474	0.553059	-0.187054	0.811872
29500	4.752812	-0.085693	9.816756	-0.091221	-0.588559	-0.054247	-0.777870	0.221149	0.588227	-0.290119	-0.956690	-0.023978	0.557448	-0.189307	0.808340
29501	4.609752	-0.440376	10.143432	-0.071248	-0.784933	-0.090922	-0.773322	0.220514	0.594430	-0.291194	-0.956362	-0.024048	0.563187	-0.191691	0.803788
29502	4.762415	-0.643324	10.121261	-0.014806	-0.987095	-0.142472	-0.767269	0.219892	0.602450	-0.292358	-0.956023	-0.023397	0.570811	-0.194083	0.797814
29503	4.921603	-0.843421	9.950577	0.025245	-1.171933	-0.206740	-0.759956	0.219779	0.611689	-0.294013	-0.955549	-0.021950	0.579675	-0.196526	0.790794
29504	5.336714	-0.757369	9.679287	0.080667	-1.326178	-0.261717	-0.751387	0.219578	0.622257	-0.295504	-0.955137	-0.019784	0.589996	-0.198745	0.782563
29505	5.707886	-0.672008	9.242672	0.156489	-1.409884	-0.291153	-0.742030	0.220338	0.633122	-0.297687	-0.954517	-0.016705	0.600645	-0.200868	0.773872
29506	5.932401	-0.636810	9.217556	0.191026	-1.472163	-0.327865	-0.732081	0.220418	0.644572	-0.298933	-0.954182	-0.013224	0.612125	-0.202365	0.764429
29507	6.368227	-0.751431	8.863071	0.242685	-1.475581	-0.376001	-0.721936	0.221049	0.655703	-0.300191	-0.953837	-0.008958	0.623454	-0.203303	0.754966
29508	6.947602	-0.850546	8.384905	0.224288	-1.451275	-0.428909	-0.711470	0.222100	0.666695	-0.301844	-0.953346	-0.004523	0.634587	-0.204456	0.745317
29509	7.089957	-0.693450	8.436817	0.229998	-1.368908	-0.470886	-0.701370	0.223828	0.676743	-0.303753	-0.952751	0.000308	0.644836	-0.205347	0.736219
29510	6.578358	-0.966971	8.346757	0.219013	-1.232757	-0.507010	-0.691770	0.226039	0.685828	-0.305855	-0.952063	0.005281	0.654145	-0.206111	0.727745
29511	5.975962	-0.454165	8.464436	0.229330	-1.107209	-0.503095	-0.682873	0.229048	0.693701	-0.308442	-0.951186	0.010437	0.662229	-0.206840	0.720187
29512	5.184632	-0.603205	8.574977	0.141460	-0.964285	-0.457874	-0.674987	0.231321	0.700630	-0.310604	-0.950428	0.014559	0.669266	-0.207791	0.713376
29513	4.741550	-0.800805	8.646341	0.079685	-0.829742	-0.391196	-0.668093	0.233939	0.706346	-0.313537	-0.949408	0.017883	0.674794	-0.209518	0.707641
29514	3.802320	-1.589456	9.153292	0.023699	-0.602996	-0.252824	-0.663167	0.234990	0.710625	-0.315056	-0.948867	0.019757	0.678932	-0.210784	0.703293
29515	2.968972	-2.599194	9.664764	-0.002983	-0.361027	-0.027504	-0.660511	0.235243	0.713012	-0.316296	-0.948451	0.019915	0.680942	-0.212369	0.700869
29516	2.320265	-3.950015	9.999427	0.061017	-0.082993	0.369374	-0.661059	0.231481	0.713735	-0.313437	-0.949445	0.017623	0.681732	-0.212061	0.700194
29517	2.079328	-5.253745	10.106143	0.201562	0.172893	0.912320	-0.665121	0.223458	0.712517	-0.306438	-0.951809	0.012450	0.680963	-0.210062	0.701544
29518	3.150756	-5.090874	10.420813	0.385308	0.401547	1.494034	-0.672286	0.209961	0.709893	-0.293823	-0.955849	0.004448	0.679485	-0.205593	0.704296
29519	3.739243	-4.037592	10.998390	0.451139	0.798220	1.891908	-0.683215	0.193674	0.704065	-0.278309	-0.960474	-0.005860	0.675101	-0.199951	0.710112
29520	2.607044	-3.046264	10.779063	0.498394	1.149113	2.067145	-0.696456	0.175948	0.695695	-0.260695	-0.965274	-0.016853	0.668571	-0.193101	0.718140
29521	2.309072	-1.941041	10.616828	0.514200	1.387022	2.074065	-0.711036	0.158698	0.685013	-0.242998	-0.969634	-0.027592	0.659834	-0.186075	0.728008
29522	2.876567	-0.931592	10.490536	0.443280	1.572946	2.005725	-0.725984	0.142007	0.672890	-0.225676	-0.973459	-0.038043	0.649629	-0.179474	0.738763
29523	3.527088	-0.530512	10.425473	0.338478	1.771331	1.893808	-0.741665	0.126868	0.658664	-0.209910	-0.976529	-0.048268	0.637080	-0.174058	0.750888
29524	3.796320	-0.621970	10.168618	0.267251	1.950400	1.768052	-0.757483	0.112848	0.643027	-0.194961	-0.979104	-0.057835	0.623064	-0.169175	0.763656
29525	4.104768	-0.698868	9.905802	0.246451	2.073684	1.617352	-0.773451	0.100680	0.625809	-0.181384	-0.981173	-0.066326	0.607349	-0.164812	0.777151
29526	4.528121	-0.573599	9.635991	0.223113	2.149166	1.458268	-0.788833	0.089778	0.608015	-0.168641	-0.982922	-0.073658	0.591019	-0.160640	0.790501
29527	4.863738	-0.596488	9.288389	0.172552	2.172298	1.311826	-0.803791	0.080566	0.589431	-0.157507	-0.984251	-0.080257	0.573682	-0.157349	0.803822
29528	5.137375	-0.652102	8.846370	0.107893	2.137206	1.178231	-0.817619	0.072220	0.571212	-0.147327	-0.985315	-0.086303	0.556591	-0.154718	0.816253
29529	5.384948	-0.912443	8.450689	0.039074	2.056043	1.076886	-0.830588	0.065021	0.553078	-0.138551	-0.986059	-0.092147	0.539376	-0.153165	0.828018
29530	5.665497	-1.289214	8.156545	-0.018305	1.939802	1.021619	-0.842223	0.057828	0.536019	-0.130081	-0.986654	-0.097945	0.523202	-0.152217	0.838505
29531	5.973153	-1.623059	7.813810	-0.058465	1.814625	1.007237	-0.852999	0.050906	0.519424	-0.122149	-0.987063	-0.103858	0.507418	-0.152038	0.848182
29532	6.405194	-1.668145	7.612949	-0.117503	1.701435	1.012849	-0.862662	0.043419	0.503914	-0.114023	-0.987356	-0.110123	0.492761	-0.152457	0.856705
29533	6.888620	-1.494899	7.372515	-0.209828	1.591431	1.052317	-0.871693	0.035727	0.488748	-0.106210	-0.987407	-0.117250	0.478404	-0.154116	0.864510
29534	4.008660	-12.373051	7.642502	-0.164257	0.815529	0.871426	-0.876421	0.028307	0.480713	-0.099345	-0.987424	-0.122978	0.471187	-0.155537	0.868211
29535	13.064446	1.376360	-4.519818	3.225518	0.048136	0.159296	-0.876930	0.027086	0.479853	-0.083055	-0.991930	-0.095792	0.473387	-0.123857	0.872104
29536	18.476949	7.285452	0.484911	1.157258	-1.200216	0.290434	-0.871367	0.022709	0.490106	-0.074944	-0.993366	-0.087217	0.484874	-0.112728	0.867289
29537	24.777808	6.007451	-3.225178	1.265821	-1.066355	0.865165	-0.866842	0.013150	0.498409	-0.061440	-0.994850	-0.080609	0.494783	-0.100497	0.863186
29538	22.561344	7.599990	-1.347723	1.445073	-1.183857	0.852555	-0.861335	0.003484	0.508026	-0.046817	-0.996266	-0.072543	0.505876	-0.086268	0.858282
29539	9.343307	12.615378	13.446761	0.049520	-0.831932	0.110286	-0.857208	0.001690	0.514968	-0.045628	-0.996311	-0.072683	0.512945	-0.085802	0.854122
29540	6.925235	9.210679	13.544615	0.509346	-0.035883	-0.457717	-0.856765	0.006150	0.515671	-0.046912	-0.996712	-0.066056	0.513569	-0.080786	0.854237
29541	-1.871230	0.732835	7.483247	-0.218965	-0.501598	-0.236900	-0.854127	0.008060	0.520002	-0.049973	-0.996525	-0.066637	0.517658	-0.082903	0.851562
29542	5.379722	-6.866568	8.641073	-0.418327	-1.199992	-0.151558	-0.847729	0.008478	0.530362	-0.053426	-0.996152	-0.069473	0.527733	-0.087229	0.844920
29543	7.231092	-4.544276	8.684848	0.289679	-0.843052	-0.140329	-0.843246	0.009142	0.537450	-0.053022	-0.996394	-0.066241	0.534906	-0.084354	0.840690
29544	3.998530	-0.012512	8.571600	0.434862	-0.848572	-0.197591	-0.838522	0.010342	0.544769	-0.052319	-0.996728	-0.061609	0.542349	-0.080162	0.836320
29545	13.123920	1.514482	10.375385	0.335522	-0.555489	-0.175910	-0.835476	0.011658	0.549403	-0.051929	-0.996976	-0.057813	0.547067	-0.076831	0.833555
29546	4.195831	2.995253	8.974501	0.395764	-0.444267	-0.070094	-0.832951	0.011954	0.553217	-0.050320	-0.997261	-0.054216	0.551054	-0.072997	0.831271
29547	7.318708	-1.231534	9.008287	0.064934	0.078321	0.044847	-0.833472	0.011539	0.552442	-0.049517	-0.997319	-0.053875	0.550339	-0.072258	0.831809
29548	5.960498	0.752006	8.812294	0.123384	-0.225810	0.027289	-0.832190	0.011034	0.554381	-0.048588	-0.997407	-0.053084	0.552357	-0.071112	0.830569
29549	5.484816	-0.655643	8.888885	0.245292	-0.054942	0.035772	-0.831968	0.010610	0.554722	-0.046857	-0.997589	-0.051194	0.552841	-0.068584	0.830459
29550	5.578247	-0.043314	8.826333	0.101464	-0.063065	0.036239	-0.831586	0.010136	0.555304	-0.045973	-0.997658	-0.050636	0.553490	-0.067638	0.830105
29551	5.570537	0.065874	8.809538	0.180848	-0.040252	0.042604	-0.831447	0.009656	0.555520	-0.044541	-0.997789	-0.049321	0.553816	-0.065751	0.830039
29552	5.533843	-0.048131	8.811297	0.126350	-0.051326	0.051341	-0.831135	0.009040	0.555998	-0.043393	-0.997873	-0.048641	0.554375	-0.064554	0.829759
29553	5.485192	-0.066388	8.798973	0.116178	-0.047797	0.055474	-0.830958	0.008428	0.556272	-0.042209	-0.997958	-0.047933	0.554732	-0.063310	0.829617
29554	5.558442	0.059132	8.773036	0.089215	-0.041398	0.057965	-0.830702	0.007753	0.556663	-0.041212	-0.998016	-0.047599	0.555190	-0.062482	0.829373
29555	5.552985	-0.026648	8.749987	0.050499	-0.042884	0.064431	-0.830555	0.007055	0.556892	-0.040316	-0.998058	-0.047484	0.555476	-0.061890	0.829226
29556	5.492056	0.045838	8.723439	0.020629	-0.051917	0.065772	-0.830242	0.006296	0.557367	-0.039634	-0.998072	-0.047764	0.555992	-0.061746	0.828891
29557	5.459211	-0.118595	8.678377	-0.010923	-0.050510	0.062593	-0.830050	0.005611	0.557660	-0.039094	-0.998075	-0.048147	0.556316	-0.061765	0.828672
29558	5.496805	-0.232723	8.724946	-0.019340	-0.053001	0.064792	-0.829730	0.004861	0.558143	-0.038643	-0.998063	-0.048753	0.556825	-0.062020	0.828311
29559	5.426433	-0.175294	8.718144	-0.023696	-0.049378	0.062031	-0.829544	0.004182	0.558426	-0.038178	-0.998057	-0.049239	0.557135	-0.062165	0.828092
29560	5.411449	-0.201314	8.754986	-0.022325	-0.055758	0.061642	-0.829206	0.003462	0.558932	-0.037770	-0.998042	-0.049852	0.557665	-0.062448	0.827713
29561	5.468917	-0.451138	8.680443	-0.012885	-0.054334	0.057835	-0.828990	0.002822	0.559257	-0.037281	-0.998042	-0.050225	0.558020	-0.062485	0.827472
29562	5.474305	-0.225750	8.677457	0.000205	-0.042435	0.054816	-0.828723	0.002179	0.559655	-0.036805	-0.998040	-0.050614	0.558448	-0.062543	0.827179
29563	5.498405	-0.353516	8.710269	0.004256	-0.042006	0.052652	-0.828573	0.001599	0.559879	-0.036264	-0.998049	-0.050817	0.558706	-0.062409	0.827014
29564	5.471468	-0.240793	8.692875	0.011713	-0.037499	0.045052	-0.828329	0.001056	0.560241	-0.035805	-0.998054	-0.051056	0.559097	-0.062350	0.826755
29565	5.465146	-0.252649	8.710588	0.006731	-0.042852	0.040942	-0.828169	0.000594	0.560478	-0.035348	-0.998064	-0.051173	0.559362	-0.062192	0.826587
29566	5.496892	-0.259443	8.689429	0.012457	-0.038015	0.038130	-0.827920	0.000120	0.560846	-0.034942	-0.998068	-0.051368	0.559757	-0.062126	0.826325
29567	5.490237	-0.270511	8.707376	0.015510	-0.034307	0.034294	-0.827805	-0.000270	0.561016	-0.034492	-0.998084	-0.051376	0.559954	-0.061880	0.826209
29568	5.496475	-0.307353	8.658338	0.018576	-0.034077	0.030013	-0.827574	-0.000661	0.561356	-0.034119	-0.998091	-0.051475	0.560318	-0.061752	0.825972
29569	5.539176	-0.333219	8.692472	0.024696	-0.030148	0.021902	-0.827479	-0.000924	0.561496	-0.033721	-0.998112	-0.051337	0.560484	-0.061415	0.825885
29570	5.533168	-0.269354	8.629611	0.038762	-0.020293	0.024238	-0.827323	-0.001248	0.561725	-0.033283	-0.998132	-0.051237	0.560740	-0.061086	0.825736
29571	5.510391	-0.141663	8.681330	0.039881	-0.018248	0.012476	-0.827290	-0.001409	0.561773	-0.032879	-0.998161	-0.050922	0.560812	-0.060597	0.825723
29572	5.531191	-0.119274	8.640605	0.021368	-0.014974	0.015682	-0.827162	-0.001644	0.561962	-0.032608	-0.998170	-0.050917	0.561017	-0.060441	0.825595
29573	5.494323	-0.201433	8.638251	0.017326	-0.018862	0.017396	-0.827127	-0.001855	0.562012	-0.032289	-0.998186	-0.050815	0.561086	-0.060177	0.825567
29574	5.492194	-0.242691	8.644097	0.011291	-0.016179	0.015766	-0.826992	-0.002092	0.562210	-0.032074	-0.998189	-0.050894	0.561299	-0.060122	0.825427
29575	5.451853	-0.288471	8.689073	0.016708	-0.013005	0.010867	-0.826988	-0.002233	0.562215	-0.031813	-0.998204	-0.050760	0.561319	-0.059864	0.825432
29576	5.505920	-0.339714	8.657152	0.028832	-0.013969	0.007627	-0.826862	-0.002387	0.562399	-0.031567	-0.998218	-0.050649	0.561518	-0.059633	0.825313
29577	5.454707	-0.248062	8.647098	0.040938	-0.007980	0.005270	-0.826885	-0.002469	0.562365	-0.031217	-0.998247	-0.050283	0.561503	-0.059134	0.825359
29578	5.477598	-0.218499	8.640868	0.051048	-0.008049	0.001481	-0.826791	-0.002558	0.562503	-0.030898	-0.998273	-0.049955	0.561660	-0.058682	0.825284
29579	5.450191	-0.208619	8.659457	0.050704	-0.011891	0.002641	-0.826791	-0.002615	0.562503	-0.030515	-0.998308	-0.049494	0.561680	-0.058086	0.825313
29580	5.467055	-0.183220	8.706644	0.054427	-0.022277	0.000755	-0.826617	-0.002705	0.562758	-0.030182	-0.998336	-0.049133	0.561955	-0.057599	0.825160
29581	5.462598	-0.225492	8.678384	0.053760	-0.024291	0.000273	-0.826547	-0.002744	0.562861	-0.029803	-0.998372	-0.048633	0.562078	-0.056972	0.825120
29582	5.475473	-0.173940	8.616082	0.065543	-0.032572	-0.002258	-0.826314	-0.002810	0.563203	-0.029432	-0.998406	-0.048164	0.562440	-0.056375	0.824914
29583	5.456359	-0.193855	8.620241	0.066894	-0.038952	-0.002641	-0.826161	-0.002828	0.563427	-0.029004	-0.998448	-0.047539	0.562687	-0.055616	0.824797
29584	5.474900	-0.245195	8.626053	0.067920	-0.043507	-0.004666	-0.825865	-0.002875	0.563860	-0.028639	-0.998483	-0.047037	0.563139	-0.054994	0.824530
29585	5.446855	-0.274480	8.649906	0.077673	-0.043936	-0.006877	-0.825683	-0.002851	0.564127	-0.028185	-0.998530	-0.046300	0.563429	-0.054129	0.824389
29586	5.413975	-0.235366	8.645515	0.082117	-0.054864	-0.015672	-0.825320	-0.002794	0.564658	-0.027831	-0.998571	-0.045618	0.563979	-0.053365	0.824063
29587	5.457140	-0.222751	8.603267	0.088167	-0.067943	-0.015386	-0.825001	-0.002696	0.565126	-0.027389	-0.998623	-0.044747	0.564468	-0.052395	0.823791
29588	5.469504	-0.166994	8.626611	0.089549	-0.066461	-0.021852	-0.824570	-0.002581	0.565754	-0.027043	-0.998667	-0.043970	0.565114	-0.051556	0.823401
29589	5.482046	-0.189291	8.609744	0.093276	-0.083774	-0.024620	-0.824158	-0.002397	0.566355	-0.026648	-0.998719	-0.043006	0.565733	-0.050536	0.823038
29590	5.526457	-0.210876	8.607295	0.102043	-0.082201	-0.032245	-0.823634	-0.002185	0.567117	-0.026316	-0.998768	-0.042067	0.566510	-0.049572	0.822562
29591	5.461319	-0.245553	8.634613	0.108136	-0.085237	-0.041313	-0.823209	-0.001832	0.567735	-0.025975	-0.998826	-0.040886	0.567144	-0.048405	0.822195
29592	5.383074	-0.409454	8.649941	0.114552	-0.090086	-0.048745	-0.822636	-0.001457	0.568567	-0.025705	-0.998879	-0.039752	0.567987	-0.047316	0.821676
29593	5.436284	-0.343804	8.632183	0.143846	-0.113462	-0.061790	-0.822044	-0.000908	0.569423	-0.025331	-0.998950	-0.038162	0.568860	-0.045795	0.821159
29594	5.332395	-0.187687	8.788653	0.160386	-0.133537	-0.078535	-0.821215	-0.000253	0.570619	-0.025042	-0.999020	-0.036482	0.570070	-0.044249	0.820404
29595	5.468864	-0.334758	8.639921	0.147339	-0.149231	-0.086493	-0.820412	0.000535	0.571773	-0.024852	-0.999088	-0.034724	0.571233	-0.042698	0.819677
29596	5.377716	-0.174001	8.652086	0.181961	-0.175867	-0.094866	-0.819333	0.001340	0.573317	-0.024568	-0.999161	-0.032775	0.572791	-0.040939	0.818678
29597	5.523459	-0.030844	8.731351	0.196797	-0.205909	-0.108202	-0.818197	0.002330	0.574934	-0.024270	-0.999240	-0.030489	0.574426	-0.038900	0.817632
29598	5.382850	0.001412	8.857495	0.197733	-0.204238	-0.102628	-0.816947	0.003210	0.576704	-0.023951	-0.999311	-0.028367	0.576215	-0.036987	0.816461
29599	5.568617	0.256176	8.768652	0.195514	-0.253009	-0.100687	-0.815536	0.004119	0.578692	-0.023593	-0.999380	-0.026136	0.578226	-0.034968	0.815127
29600	5.552359	0.116140	8.717242	0.189410	-0.252387	-0.099236	-0.814000	0.004957	0.580843	-0.023284	-0.999438	-0.024102	0.580398	-0.033144	0.813658
29601	5.685513	0.195304	8.750210	0.154945	-0.279824	-0.094036	-0.812425	0.005801	0.583036	-0.023098	-0.999486	-0.022240	0.582608	-0.031536	0.812142
29602	5.481523	-0.063731	8.704621	0.142192	-0.286409	-0.088420	-0.810683	0.006529	0.585449	-0.022966	-0.999523	-0.020655	0.585035	-0.030190	0.810446
29603	5.777647	0.059192	8.885074	0.131605	-0.325044	-0.086044	-0.808833	0.007291	0.587994	-0.022844	-0.999558	-0.019030	0.587595	-0.028824	0.808642
29604	5.609200	-0.086611	8.849222	0.127721	-0.319811	-0.099219	-0.806876	0.008125	0.590665	-0.022875	-0.999585	-0.017498	0.590278	-0.027630	0.806727
29605	5.643402	0.128311	8.810113	0.137331	-0.337788	-0.114710	-0.804929	0.009182	0.593300	-0.022945	-0.999614	-0.015658	0.592928	-0.026217	0.804829
29606	5.679347	0.734003	8.923248	0.116884	-0.379282	-0.098068	-0.802601	0.009998	0.596433	-0.023019	-0.999634	-0.014220	0.596073	-0.025143	0.802537
29607	5.548866	0.711925	9.245909	0.058237	-0.439228	-0.065088	-0.800039	0.010543	0.599855	-0.023152	-0.999643	-0.013309	0.599501	-0.024536	0.799998
29608	5.454552	0.333388	9.613476	0.050295	-0.534896	-0.044628	-0.796760	0.010792	0.604200	-0.023188	-0.999650	-0.012724	0.603851	-0.024148	0.796731
29609	5.187686	0.333144	9.820936	-0.029466	-0.659339	-0.038374	-0.792836	0.011024	0.609335	-0.023637	-0.999640	-0.012669	0.608976	-0.024447	0.792812
29610	4.984843	0.498759	10.037705	-0.080340	-0.830445	-0.037218	-0.787691	0.011122	0.615971	-0.024406	-0.999615	-0.013161	0.615587	-0.025400	0.787659
29611	4.866613	0.809218	10.085912	-0.132056	-1.054452	-0.031849	-0.781240	0.011185	0.624130	-0.025452	-0.999579	-0.013945	0.623712	-0.026779	0.781196
29612	4.790263	0.979108	10.043458	-0.222516	-1.303435	-0.035175	-0.772982	0.011104	0.634331	-0.027109	-0.999512	-0.015538	0.633848	-0.029207	0.772906
29613	4.843152	0.700624	9.881801	-0.217392	-1.519109	-0.083616	-0.763344	0.011511	0.645889	-0.029131	-0.999437	-0.016617	0.645335	-0.031500	0.763250
29614	4.851427	0.076908	9.805785	-0.161217	-1.734481	-0.164804	-0.751932	0.012527	0.659121	-0.031418	-0.999364	-0.016849	0.658491	-0.033378	0.751848
29615	4.975483	0.011292	9.667363	-0.066544	-1.946882	-0.251181	-0.739005	0.014426	0.673545	-0.033742	-0.999309	-0.015618	0.672854	-0.034269	0.738981
29616	4.848828	-0.498593	9.613773	0.069110	-2.197337	-0.361753	-0.723860	0.017223	0.689732	-0.035909	-0.999274	-0.012733	0.689012	-0.033984	0.723952
29617	5.038785	-0.757309	9.273406	0.141703	-2.478692	-0.448653	-0.706525	0.020941	0.707379	-0.038166	-0.999235	-0.008539	0.706659	-0.033031	0.706783
29618	5.224529	-0.904804	9.339811	0.197210	-2.809975	-0.529163	-0.686122	0.025250	0.727048	-0.040433	-0.999176	-0.003456	0.726362	-0.031768	0.686578
29619	5.508954	-0.647815	9.766583	0.246356	-3.130458	-0.583489	-0.662955	0.030194	0.748050	-0.042629	-0.999088	0.002547	0.747445	-0.030200	0.663637
29620	5.346793	-0.453614	9.425309	0.256250	-3.525764	-0.636951	-0.635852	0.035449	0.770997	-0.044822	-0.998955	0.008965	0.770509	-0.028857	0.636776
29621	6.942640	-0.365753	9.895121	0.216982	-3.934514	-0.681505	-0.604903	0.041235	0.795231	-0.047471	-0.998750	0.015678	0.794883	-0.028267	0.606104
29622	9.753766	-0.848717	10.647799	0.078594	-4.197709	-0.702898	-0.570600	0.046977	0.819883	-0.050976	-0.998463	0.021732	0.819645	-0.029394	0.572118
29623	11.098679	-0.488759	11.020282	0.218685	-4.172318	-0.698384	-0.535737	0.052834	0.842731	-0.053185	-0.998170	0.028769	0.842708	-0.029408	0.537566
29624	11.803464	-0.364787	10.825385	0.026922	-4.177603	-0.676214	-0.499634	0.058242	0.864277	-0.056471	-0.997805	0.034595	0.864394	-0.031522	0.501826
29625	11.665459	-0.573300	10.500229	-0.034847	-4.114359	-0.679047	-0.463467	0.063772	0.883817	-0.060253	-0.997366	0.040369	0.884063	-0.034543	0.466089
29626	10.712162	-0.702356	10.436878	-0.172880	-4.125033	-0.716022	-0.426097	0.069325	0.902018	-0.065004	-0.996829	0.045905	0.902339	-0.039075	0.429252
29627	9.882510	-0.905434	10.081528	-0.307570	-4.103284	-0.787213	-0.388418	0.075551	0.918381	-0.071272	-0.996111	0.051801	0.918723	-0.045334	0.392292
29628	8.651914	-0.987285	9.381287	-0.444597	-4.058212	-0.897752	-0.350084	0.082424	0.933085	-0.078734	-0.995185	0.058370	0.933403	-0.053031	0.354889
29629	7.217838	-1.440323	8.350845	-0.535746	-4.015841	-1.043985	-0.311721	0.090599	0.945845	-0.087553	-0.993948	0.066352	0.946131	-0.062129	0.317766
29630	6.207511	-1.562637	7.502355	-0.566443	-3.929238	-1.186051	-0.273159	0.099682	0.956790	-0.096449	-0.992443	0.075861	0.957122	-0.071559	0.280709
29631	3.760519	-1.270110	6.685860	-0.476017	-3.788558	-1.331354	-0.235651	0.110085	0.965583	-0.104818	-0.990647	0.087362	0.966169	-0.080623	0.244986
29632	5.393754	0.541063	7.242918	-0.586704	-3.373396	-1.371803	-0.201370	0.120705	0.972050	-0.113546	-0.988565	0.099233	0.972912	-0.090389	0.212773
29633	22.943742	-0.824449	11.085465	-1.085875	-1.659476	-1.081327	-0.184199	0.129834	0.974276	-0.126672	-0.986107	0.107462	0.974692	-0.103619	0.198086
29634	10.344731	-4.537302	12.323958	-0.358326	0.528837	-0.674999	-0.188406	0.136968	0.972493	-0.131463	-0.984832	0.113237	0.973253	-0.106512	0.203555
29635	3.063673	-7.037300	9.065929	0.213354	1.362502	-0.452041	-0.201365	0.142902	0.969036	-0.130849	-0.984358	0.117971	0.970737	-0.103042	0.216913
29636	-2.028395	-4.759715	7.210006	0.874949	1.294208	-0.277229	-0.213495	0.146824	0.965848	-0.122979	-0.984817	0.122524	0.969173	-0.092621	0.228310
29637	-1.451617	-1.824070	7.686135	1.056105	0.947535	-0.020535	-0.222970	0.147909	0.963539	-0.113496	-0.985639	0.125038	0.968196	-0.081478	0.236556
29638	0.937646	-0.003490	8.676283	0.784431	0.862920	0.349670	-0.231631	0.145053	0.961929	-0.105151	-0.986761	0.123478	0.967104	-0.072547	0.243817
29639	2.455099	-0.336050	9.390560	0.414897	1.132805	0.719303	-0.243662	0.138823	0.959874	-0.100206	-0.988010	0.117455	0.964670	-0.067566	0.254651
29640	2.649611	-1.875198	9.349544	0.230779	1.574174	0.987590	-0.259713	0.130016	0.956893	-0.095537	-0.989493	0.108515	0.960948	-0.063236	0.269406
29641	2.164262	-2.531285	9.012069	0.290077	2.010558	1.118032	-0.280410	0.120278	0.952315	-0.090580	-0.991007	0.098494	0.955597	-0.058642	0.288783
29642	2.131969	-1.653641	8.921640	0.376094	2.362837	1.172036	-0.303863	0.109893	0.946357	-0.083610	-0.992569	0.088413	0.949040	-0.052259	0.310793
29643	2.732203	-0.404289	9.079149	0.297797	2.695452	1.187845	-0.330714	0.099591	0.938461	-0.077940	-0.993901	0.078008	0.940507	-0.047346	0.336460
29644	3.379507	0.145827	9.218376	0.110968	3.016080	1.172637	-0.359742	0.089227	0.928775	-0.072885	-0.995063	0.067365	0.930201	-0.043460	0.364470
29645	3.802352	0.073522	9.142933	-0.069172	3.335866	1.111481	-0.391816	0.079811	0.916575	-0.070306	-0.995915	0.056665	0.917353	-0.042238	0.395827
29646	4.206642	0.033911	9.033008	-0.192903	3.624274	1.018321	-0.425433	0.071112	0.902191	-0.067926	-0.996605	0.046523	0.902437	-0.041490	0.428819
29647	4.679668	0.333158	9.121434	-0.301276	3.873776	0.918339	-0.461158	0.063889	0.885015	-0.067540	-0.997038	0.036782	0.884744	-0.042811	0.464107
29648	5.356106	0.690431	9.346112	-0.446828	4.084505	0.835581	-0.497395	0.057275	0.865631	-0.067463	-0.997350	0.027226	0.864897	-0.044856	0.499941
29649	6.202881	0.769144	9.406118	-0.616795	4.268556	0.769098	-0.534851	0.052007	0.843344	-0.069769	-0.997414	0.017260	0.842061	-0.049608	0.537096
29650	6.872025	0.521483	9.480174	-0.762953	4.408499	0.722895	-0.571884	0.047032	0.818985	-0.072111	-0.997373	0.006923	0.817159	-0.055099	0.573773
29651	7.806237	0.175346	9.702834	-0.854765	4.498972	0.702174	-0.609036	0.043151	0.791968	-0.075843	-0.997112	-0.003996	0.789508	-0.062499	0.610549
29652	8.858428	-0.179048	10.028722	-0.903123	4.576872	0.740835	-0.645021	0.038717	0.763183	-0.078200	-0.996817	-0.015523	0.760153	-0.069694	0.645996
29653	9.563878	-0.580741	10.213894	-0.888793	4.653828	0.821479	-0.680771	0.034519	0.731682	-0.080367	-0.996378	-0.027769	0.728074	-0.077707	0.681080
29654	9.884044	-0.817275	10.383097	-0.841106	4.714966	0.926972	-0.715009	0.029037	0.698512	-0.079876	-0.995987	-0.040360	0.694537	-0.084652	0.714460
29655	10.035581	-0.941592	10.484116	-0.794330	4.731602	1.041817	-0.748284	0.023477	0.662962	-0.078600	-0.995472	-0.053464	0.658705	-0.092115	0.746741
29656	10.317533	-0.974447	10.692571	-0.748747	4.715486	1.145132	-0.779324	0.016503	0.626403	-0.074635	-0.994982	-0.066642	0.622160	-0.098687	0.776645
29657	10.722983	-0.843115	10.980873	-0.704442	4.679877	1.236658	-0.808832	0.009677	0.587961	-0.069994	-0.994341	-0.079923	0.583860	-0.105798	0.804931
29658	11.059080	-0.629580	11.203848	-0.681559	4.637248	1.296735	-0.835844	0.001768	0.548964	-0.063156	-0.993665	-0.092960	0.545322	-0.112370	0.830660
29659	11.297707	-0.349263	11.252790	-0.680942	4.581630	1.309128	-0.861042	-0.005191	0.508507	-0.056499	-0.992781	-0.105803	0.505385	-0.119831	0.854533
29660	11.547200	-0.371844	11.254093	-0.710650	4.493608	1.272793	-0.883506	-0.012346	0.468257	-0.048816	-0.991783	-0.118256	0.465869	-0.127338	0.875643
