// General information: 
//  MT Manager version: 2022.2.0 
//  XDA version: 2022.2.0 build 7381 rev 124627 built on 2023-07-19
// Device information: 
//  DeviceId: 00B4CBA7
//  ProductCode: MTW2-3A7G6
//  Firmware Version: 4.6.0
//  Hardware Version: 2.0.0
// Device settings: 
//  Filter Profile: human(46.1)
//  Option Flags: Orientation Smoother Disabled, Position/Velocity Smoother Disabled, Continuous Zero Rotation Update Disabled, AHS Disabled, ICC Disabled
// Coordinate system: ENU
PacketCounter	Acc_X	Acc_Y	Acc_Z	Gyr_X	Gyr_Y	Gyr_Z	Mat[1][1]	Mat[2][1]	Mat[3][1]	Mat[1][2]	Mat[2][2]	Mat[3][2]	Mat[1][3]	Mat[2][3]	Mat[3][3]
16165	9.705296	-0.976528	-1.633531	-0.021042	0.012541	0.006545	-0.166845	-0.063317	0.983948	-0.791459	0.603738	-0.095355	-0.588010	-0.794664	-0.150843
16166	9.629053	-1.019513	-1.705856	0.008199	0.022547	0.008045	-0.166707	-0.063074	0.983987	-0.791460	0.603732	-0.095390	-0.588048	-0.794688	-0.150567
16167	9.612665	-0.931082	-1.479522	0.024936	0.022308	0.001799	-0.166558	-0.062905	0.984023	-0.791612	0.603530	-0.095408	-0.587886	-0.794855	-0.150319
16168	9.659941	-0.983485	-1.455565	0.015815	0.024035	0.001908	-0.166392	-0.062704	0.984064	-0.791680	0.603440	-0.095411	-0.587841	-0.794939	-0.150049
16169	9.589596	-0.960611	-1.353376	0.056898	0.018583	-0.000054	-0.166250	-0.062576	0.984096	-0.792022	0.602983	-0.095460	-0.587420	-0.795296	-0.149807
16170	9.524631	-0.815842	-1.246500	0.046138	0.015800	-0.001555	-0.166066	-0.062497	0.984132	-0.792317	0.602600	-0.095430	-0.587074	-0.795592	-0.149589
16171	9.450928	-0.810840	-1.292749	0.015417	0.007321	-0.001494	-0.165978	-0.062466	0.984149	-0.792418	0.602472	-0.095402	-0.586963	-0.795692	-0.149497
16172	9.495783	-0.884105	-1.344911	0.009110	-0.001696	-0.001630	-0.165921	-0.062492	0.984157	-0.792457	0.602430	-0.095348	-0.586927	-0.795722	-0.149478
16173	9.542385	-0.907437	-1.420223	0.008952	-0.007734	-0.004805	-0.165895	-0.062602	0.984154	-0.792525	0.602350	-0.095278	-0.586841	-0.795773	-0.149541
16174	9.613976	-0.933898	-1.447736	0.028627	-0.015828	-0.003593	-0.165917	-0.062704	0.984144	-0.792631	0.602214	-0.095261	-0.586692	-0.795868	-0.149619
16175	9.615329	-0.883241	-1.495287	0.036483	-0.005288	-0.004968	-0.165876	-0.062794	0.984145	-0.792861	0.601916	-0.095230	-0.586393	-0.796087	-0.149631
16176	9.613088	-0.904883	-1.569834	0.036403	-0.009925	-0.002006	-0.165937	-0.062938	0.984126	-0.793105	0.601590	-0.095255	-0.586045	-0.796322	-0.149742
16177	9.635549	-0.956226	-1.548105	0.050248	-0.005682	-0.000503	-0.165933	-0.063005	0.984122	-0.793408	0.601185	-0.095288	-0.585636	-0.796622	-0.149745
16178	9.735986	-0.887253	-1.570872	0.039828	0.005169	0.002844	-0.165971	-0.062970	0.984118	-0.793629	0.600876	-0.095397	-0.585326	-0.796858	-0.149702
16179	9.759077	-0.912131	-1.595464	-0.010340	0.015487	0.000380	-0.165851	-0.062863	0.984145	-0.793576	0.600954	-0.095349	-0.585432	-0.796808	-0.149555
16180	9.652784	-1.047705	-1.768562	0.026368	0.017673	0.003194	-0.165690	-0.062685	0.984184	-0.793687	0.600807	-0.095352	-0.585328	-0.796932	-0.149300
16181	9.613547	-0.962294	-1.420201	0.067654	0.021372	0.001425	-0.165544	-0.062525	0.984218	-0.794088	0.600264	-0.095431	-0.584824	-0.797354	-0.149020
16182	9.596621	-0.817388	-1.363491	0.007924	0.013589	-0.001328	-0.165423	-0.062448	0.984244	-0.794136	0.600207	-0.095390	-0.584793	-0.797403	-0.148880
16183	9.617318	-0.889592	-1.413720	0.012616	0.019647	-0.004302	-0.165242	-0.062336	0.984281	-0.794225	0.600099	-0.095330	-0.584724	-0.797493	-0.148670
16184	9.522029	-0.890742	-1.264230	0.009416	0.012030	-0.001369	-0.165128	-0.062270	0.984304	-0.794280	0.600032	-0.095290	-0.584681	-0.797548	-0.148542
16185	9.541929	-0.961171	-1.364169	0.013745	0.001281	-0.003129	-0.165064	-0.062297	0.984314	-0.794374	0.599916	-0.095243	-0.584572	-0.797634	-0.148511
16186	9.545884	-0.889752	-1.312530	0.021295	-0.001908	-0.004770	-0.165046	-0.062347	0.984313	-0.794484	0.599773	-0.095226	-0.584427	-0.797738	-0.148524
16187	9.595121	-0.865124	-1.361207	0.005996	-0.001459	-0.010757	-0.164937	-0.062442	0.984326	-0.794544	0.599714	-0.095093	-0.584376	-0.797775	-0.148528
16188	9.665587	-0.887151	-1.485413	-0.007759	-0.002712	-0.009153	-0.164906	-0.062586	0.984322	-0.794557	0.599714	-0.094983	-0.584367	-0.797763	-0.148625
16189	9.661002	-0.982752	-1.513588	-0.004640	0.000272	-0.009120	-0.164800	-0.062657	0.984335	-0.794553	0.599740	-0.094850	-0.584402	-0.797738	-0.148622
16190	9.711331	-0.960608	-1.488662	0.003167	0.007703	-0.007512	-0.164642	-0.062615	0.984364	-0.794533	0.599785	-0.094740	-0.584474	-0.797708	-0.148499
16191	9.713637	-0.911497	-1.486075	0.006261	0.007522	-0.001432	-0.164555	-0.062582	0.984381	-0.794580	0.599729	-0.094699	-0.584435	-0.797752	-0.148414
16192	9.715673	-0.861345	-1.507537	-0.025609	0.017457	-0.005597	-0.164377	-0.062487	0.984416	-0.794424	0.599955	-0.094570	-0.584696	-0.797590	-0.148260
16193	9.690672	-0.856720	-1.578486	-0.017803	0.024889	-0.003986	-0.164168	-0.062331	0.984461	-0.794335	0.600090	-0.094468	-0.584877	-0.797500	-0.148027
16194	9.691053	-0.856410	-1.576312	-0.019312	0.023252	0.003626	-0.164098	-0.062155	0.984484	-0.794217	0.600243	-0.094487	-0.585056	-0.797399	-0.147863
16195	9.564909	-0.947653	-1.600157	0.000627	0.029009	-0.000981	-0.163888	-0.061949	0.984532	-0.794230	0.600232	-0.094442	-0.585097	-0.797423	-0.147573
16196	9.567983	-0.927992	-1.474377	0.031133	0.028376	-0.002725	-0.163694	-0.061762	0.984576	-0.794413	0.599991	-0.094441	-0.584904	-0.797619	-0.147280
16197	9.545959	-0.905611	-1.397183	0.046256	0.021943	-0.002946	-0.163510	-0.061624	0.984615	-0.794696	0.599616	-0.094444	-0.584571	-0.797912	-0.147015
16198	9.524897	-0.858803	-1.319618	0.056784	0.015667	-0.006183	-0.163263	-0.061521	0.984663	-0.795003	0.599219	-0.094377	-0.584222	-0.798218	-0.146740
16199	9.550369	-0.862567	-1.245240	0.048945	0.006709	-0.007823	-0.163129	-0.061533	0.984684	-0.795309	0.598819	-0.094336	-0.583843	-0.798517	-0.146623
16200	9.601063	-0.815091	-1.267955	0.044195	-0.002427	-0.003378	-0.163117	-0.061655	0.984678	-0.795637	0.598384	-0.094333	-0.583400	-0.798834	-0.146662
16201	9.601360	-0.816221	-1.243351	0.022919	0.001031	-0.000128	-0.163078	-0.061666	0.984684	-0.795778	0.598196	-0.094330	-0.583218	-0.798973	-0.146625
16202	9.696215	-0.867308	-1.295172	-0.021412	-0.001009	-0.002935	-0.162932	-0.061724	0.984705	-0.795680	0.598356	-0.094149	-0.583392	-0.798850	-0.146604
16203	9.711913	-1.007100	-1.495958	-0.012191	0.001844	-0.002943	-0.162866	-0.061745	0.984714	-0.795621	0.598447	-0.094066	-0.583491	-0.798780	-0.146592
16204	9.741212	-0.912358	-1.443619	0.026071	0.005541	-0.000067	-0.162759	-0.061761	0.984731	-0.795821	0.598189	-0.094018	-0.583248	-0.798972	-0.146511
16205	9.800548	-0.697626	-1.362621	-0.040995	0.010041	0.000438	-0.162672	-0.061697	0.984749	-0.795589	0.598512	-0.093926	-0.583589	-0.798735	-0.146446
16206	9.666834	-0.876055	-1.659836	-0.088100	0.018606	0.005467	-0.162556	-0.061489	0.984781	-0.795014	0.599292	-0.093813	-0.584404	-0.798165	-0.146303
16207	9.663748	-0.975781	-1.588500	-0.014682	0.026231	0.002100	-0.162388	-0.061285	0.984822	-0.794933	0.599406	-0.093776	-0.584562	-0.798095	-0.146054
16208	9.672260	-0.862857	-1.337363	-0.032825	0.034254	0.002358	-0.162129	-0.061114	0.984875	-0.794842	0.599547	-0.093642	-0.584756	-0.798003	-0.145780
16209	9.621255	-0.879225	-1.481195	-0.025321	0.029598	-0.002352	-0.161905	-0.060911	0.984925	-0.794706	0.599743	-0.093546	-0.585004	-0.797871	-0.145508
16210	9.622745	-0.882712	-1.380721	0.011380	0.031800	0.000531	-0.161676	-0.060731	0.984973	-0.794831	0.599585	-0.093497	-0.584897	-0.798003	-0.145210
16211	9.599743	-0.885330	-1.280153	0.003535	0.022871	-0.002645	-0.161489	-0.060584	0.985013	-0.794864	0.599551	-0.093439	-0.584904	-0.798040	-0.144977
16212	9.476015	-0.900600	-1.375328	0.010998	0.015079	-0.002832	-0.161362	-0.060543	0.985036	-0.794971	0.599417	-0.093385	-0.584793	-0.798144	-0.144853
16213	9.453839	-0.878822	-1.275327	0.030666	0.007025	-0.003088	-0.161264	-0.060524	0.985054	-0.795163	0.599165	-0.093363	-0.584559	-0.798334	-0.144750
16214	9.481736	-0.807527	-1.248036	0.006080	-0.000047	-0.004613	-0.161175	-0.060546	0.985067	-0.795179	0.599157	-0.093280	-0.584562	-0.798339	-0.144714
16215	9.578024	-0.807048	-1.371651	-0.006328	-0.010574	0.001365	-0.161216	-0.060641	0.985054	-0.795148	0.599203	-0.093247	-0.584593	-0.798297	-0.144820
16216	9.624341	-0.856731	-1.399221	-0.019950	-0.004091	-0.003021	-0.161215	-0.060676	0.985052	-0.794988	0.599424	-0.093186	-0.584810	-0.798128	-0.144873
16217	9.670242	-0.904398	-1.475180	-0.033559	0.000695	0.001722	-0.161192	-0.060680	0.985056	-0.794797	0.599689	-0.093118	-0.585077	-0.797929	-0.144893
16218	9.712247	-1.022711	-1.626699	0.003085	0.001460	0.000011	-0.161088	-0.060636	0.985076	-0.794769	0.599736	-0.093051	-0.585143	-0.797897	-0.144802
16219	9.741434	-0.928492	-1.573972	0.036792	0.006808	0.001454	-0.161028	-0.060592	0.985088	-0.794990	0.599439	-0.093082	-0.584860	-0.798124	-0.144696
16220	9.725344	-0.760246	-1.492959	0.003414	0.015073	0.006367	-0.160987	-0.060435	0.985104	-0.794970	0.599456	-0.093139	-0.584898	-0.798123	-0.144549
16221	9.671353	-0.851613	-1.616209	-0.025402	0.023297	0.008200	-0.160883	-0.060219	0.985135	-0.794816	0.599659	-0.093146	-0.585136	-0.797987	-0.144338
16222	9.644816	-0.926944	-1.543050	0.000662	0.028866	0.006641	-0.160728	-0.059909	0.985179	-0.794740	0.599754	-0.093187	-0.585282	-0.797938	-0.144010
16223	9.573338	-0.929981	-1.393276	0.011242	0.024058	0.006498	-0.160607	-0.059697	0.985212	-0.794802	0.599664	-0.093231	-0.585230	-0.798022	-0.143758
16224	9.603352	-0.838750	-1.265748	0.014180	0.019473	0.003345	-0.160400	-0.059563	0.985253	-0.794912	0.599529	-0.093168	-0.585138	-0.798134	-0.143512
16225	9.551350	-0.909360	-1.290477	0.017164	0.016357	0.003273	-0.160298	-0.059432	0.985278	-0.795015	0.599390	-0.093188	-0.585027	-0.798248	-0.143330
16226	9.553380	-0.889258	-1.190682	0.027651	0.006945	0.004576	-0.160289	-0.059363	0.985284	-0.795151	0.599197	-0.093256	-0.584843	-0.798397	-0.143247
16227	9.579517	-0.840294	-1.237348	0.022920	0.001027	-0.000089	-0.160249	-0.059374	0.985289	-0.795293	0.599010	-0.093251	-0.584662	-0.798537	-0.143211
16228	9.654802	-0.795058	-1.236311	0.007575	-0.003272	0.002958	-0.160297	-0.059389	0.985281	-0.795309	0.598984	-0.093285	-0.584627	-0.798555	-0.143248
16229	9.652413	-0.814207	-1.383875	-0.032061	-0.000883	0.003189	-0.160295	-0.059396	0.985281	-0.795123	0.599238	-0.093234	-0.584880	-0.798365	-0.143282
16230	9.644913	-0.955830	-1.511361	-0.018269	0.001896	0.001648	-0.160215	-0.059355	0.985296	-0.794976	0.599446	-0.093157	-0.585102	-0.798212	-0.143225
16231	9.642794	-1.004713	-1.512893	0.026005	0.002485	-0.000077	-0.160167	-0.059354	0.985304	-0.795136	0.599234	-0.093156	-0.584898	-0.798371	-0.143172
16232	9.599379	-0.910044	-1.386394	0.041229	0.000627	-0.000183	-0.160115	-0.059331	0.985314	-0.795333	0.598970	-0.093176	-0.584645	-0.798571	-0.143092
16233	9.601585	-0.833063	-1.505143	0.030656	0.005408	0.001480	-0.160062	-0.059297	0.985324	-0.795517	0.598722	-0.093197	-0.584408	-0.798759	-0.143005
16234	9.602081	-0.835388	-1.455514	0.026112	0.007033	0.001531	-0.159920	-0.059276	0.985349	-0.795698	0.598490	-0.093137	-0.584201	-0.798934	-0.142876
16235	9.627145	-0.839740	-1.381818	0.004744	0.005865	0.007715	-0.159914	-0.059201	0.985354	-0.795721	0.598453	-0.093183	-0.584171	-0.798968	-0.142809
16236	9.574350	-0.907944	-1.480884	-0.010480	0.007724	0.007818	-0.159879	-0.059148	0.985363	-0.795680	0.598507	-0.093176	-0.584236	-0.798931	-0.142751
16237	9.572225	-0.957456	-1.481950	0.033686	0.003759	0.004493	-0.159860	-0.059109	0.985368	-0.795877	0.598236	-0.093232	-0.583972	-0.799137	-0.142678
16238	9.525352	-0.935493	-1.382176	0.059657	0.004716	0.004392	-0.159798	-0.059124	0.985378	-0.796280	0.597694	-0.093269	-0.583440	-0.799541	-0.142590
16239	9.549547	-0.936885	-1.405983	0.070223	-0.000041	0.001209	-0.159775	-0.059136	0.985381	-0.796695	0.597129	-0.093345	-0.582880	-0.799962	-0.142520
16240	9.522774	-0.985159	-1.430989	0.105320	-0.000838	0.002565	-0.159816	-0.059123	0.985375	-0.797265	0.596340	-0.093526	-0.582089	-0.800552	-0.142441
16241	9.549336	-0.968682	-1.283446	0.143231	-0.012379	0.003733	-0.159885	-0.059218	0.985358	-0.798099	0.595191	-0.093730	-0.580926	-0.801399	-0.142424
16242	9.556045	-0.826030	-1.229967	0.115808	-0.010274	0.005419	-0.159896	-0.059221	0.985356	-0.798695	0.594368	-0.093883	-0.580104	-0.802010	-0.142337
16243	9.700303	-0.827793	-1.451288	0.088290	-0.012767	0.008561	-0.160005	-0.059291	0.985334	-0.799200	0.593660	-0.094056	-0.579377	-0.802529	-0.142374
16244	9.778298	-0.737422	-1.375906	0.058069	0.001680	0.005862	-0.159909	-0.059329	0.985347	-0.799607	0.593113	-0.094054	-0.578842	-0.802930	-0.142284
16245	9.721767	-0.878384	-1.525329	0.015452	0.007201	0.006138	-0.159883	-0.059254	0.985356	-0.799694	0.592988	-0.094099	-0.578729	-0.803028	-0.142194
16246	9.738692	-1.023228	-1.650568	0.046061	0.011123	0.004528	-0.159777	-0.059129	0.985381	-0.799926	0.592668	-0.094143	-0.578437	-0.803274	-0.141993
16247	9.663714	-1.071007	-1.624876	0.102570	0.012944	0.002773	-0.159691	-0.059027	0.985401	-0.800522	0.591841	-0.094278	-0.577635	-0.803891	-0.141764
16248	9.717842	-1.007843	-1.400732	0.139397	0.022893	-0.003359	-0.159481	-0.058889	0.985443	-0.801333	0.590726	-0.094384	-0.576568	-0.804721	-0.141399
16249	9.648980	-0.935451	-1.297689	0.148197	0.007476	-0.006647	-0.159351	-0.058886	0.985464	-0.802205	0.589524	-0.094490	-0.575391	-0.805601	-0.141180
16250	9.654477	-0.842152	-1.170982	0.142236	0.013693	-0.005017	-0.159188	-0.058773	0.985497	-0.802973	0.588458	-0.094610	-0.574363	-0.806389	-0.140868
16251	9.607924	-0.819363	-1.045677	0.094913	0.013196	-0.003297	-0.159052	-0.058704	0.985523	-0.803531	0.587687	-0.094674	-0.573621	-0.806956	-0.140643
16252	9.531044	-0.888018	-1.118635	0.059474	-0.001248	-0.006363	-0.159031	-0.058849	0.985518	-0.803949	0.587114	-0.094673	-0.573040	-0.807362	-0.140681
16253	9.580581	-0.892227	-1.021462	0.057740	-0.010350	-0.007979	-0.158993	-0.058998	0.985515	-0.804300	0.586639	-0.094638	-0.572558	-0.807697	-0.140723
16254	9.532764	-0.837712	-1.167299	0.042325	-0.016052	-0.014080	-0.158979	-0.059248	0.985503	-0.804578	0.586273	-0.094546	-0.572172	-0.807944	-0.140875
16255	9.654391	-0.841895	-1.194298	0.034580	-0.022033	-0.009529	-0.158994	-0.059501	0.985485	-0.804798	0.585984	-0.094463	-0.571857	-0.808135	-0.141054
16256	9.778328	-0.771104	-1.318112	-0.003607	-0.024294	-0.004807	-0.159005	-0.059702	0.985471	-0.804748	0.586072	-0.094340	-0.571924	-0.808057	-0.141233
16257	9.752258	-0.792196	-1.369322	-0.067506	-0.013675	-0.010521	-0.158965	-0.059892	0.985466	-0.804386	0.586607	-0.094104	-0.572445	-0.807654	-0.141426
16258	9.790662	-0.956443	-1.692653	-0.059939	-0.016909	-0.009062	-0.158916	-0.060017	0.985466	-0.803975	0.587205	-0.093886	-0.573036	-0.807210	-0.141568
16259	9.765564	-0.979463	-1.645279	-0.032017	0.002257	-0.002881	-0.158846	-0.060034	0.985476	-0.803803	0.587457	-0.093775	-0.573296	-0.807025	-0.141571
16260	9.692554	-0.975411	-1.644138	-0.030265	0.012918	-0.004299	-0.158759	-0.059983	0.985494	-0.803639	0.587696	-0.093692	-0.573551	-0.806855	-0.141507
16261	9.592936	-1.018638	-1.667466	-0.001218	0.015355	-0.005931	-0.158590	-0.059912	0.985525	-0.803648	0.587698	-0.093595	-0.573584	-0.806859	-0.141352
16262	9.596238	-0.971668	-1.566944	0.037015	0.019120	-0.007587	-0.158295	-0.059856	0.985576	-0.803914	0.587359	-0.093446	-0.573294	-0.807110	-0.141095
16263	9.553255	-0.875178	-1.415857	0.058307	0.015605	-0.007717	-0.158110	-0.059794	0.985609	-0.804267	0.586880	-0.093415	-0.572849	-0.807463	-0.140881
16264	9.579700	-0.880650	-1.194609	0.061233	0.011027	-0.013883	-0.157902	-0.059822	0.985641	-0.804653	0.586366	-0.093318	-0.572363	-0.807835	-0.140724
16265	9.582392	-0.832311	-1.143720	0.042740	0.002239	-0.010842	-0.157768	-0.059886	0.985659	-0.804922	0.586010	-0.093234	-0.572022	-0.808088	-0.140657
16266	9.633785	-0.785787	-1.094022	0.018252	-0.000256	-0.013816	-0.157664	-0.060013	0.985668	-0.805065	0.585835	-0.093106	-0.571851	-0.808205	-0.140680
16267	9.706361	-0.813170	-1.046589	-0.007802	-0.005831	-0.010709	-0.157577	-0.060141	0.985674	-0.805044	0.585887	-0.092952	-0.571904	-0.808158	-0.140739
16268	9.732234	-0.762852	-1.120109	-0.074996	-0.009046	-0.002824	-0.157531	-0.060287	0.985672	-0.804663	0.586445	-0.092733	-0.572452	-0.807742	-0.140894
16269	9.704538	-0.778831	-1.390478	-0.100995	-0.009937	-0.010353	-0.157471	-0.060446	0.985672	-0.804108	0.587250	-0.092451	-0.573248	-0.807145	-0.141080
16270	9.649915	-0.867889	-1.588865	-0.071899	-0.006013	-0.007383	-0.157399	-0.060575	0.985675	-0.803721	0.587816	-0.092219	-0.573809	-0.806724	-0.141208
16271	9.645934	-0.964515	-1.567494	-0.032129	-0.002299	-0.005990	-0.157331	-0.060648	0.985682	-0.803554	0.588067	-0.092077	-0.574063	-0.806535	-0.141255
16272	9.645429	-0.961922	-1.640649	-0.010542	0.007924	-0.005969	-0.157195	-0.060654	0.985703	-0.803516	0.588139	-0.091950	-0.574153	-0.806482	-0.141188
16273	9.625000	-0.888471	-1.564688	0.001703	0.010786	-0.012095	-0.157002	-0.060656	0.985734	-0.803552	0.588114	-0.091796	-0.574156	-0.806501	-0.141075
16274	9.648789	-0.913503	-1.540128	0.007753	0.007571	-0.009105	-0.156762	-0.060700	0.985769	-0.803657	0.588002	-0.091594	-0.574074	-0.806579	-0.140958
16275	9.754077	-0.801881	-1.244494	0.010855	0.008979	-0.004523	-0.156640	-0.060673	0.985790	-0.803734	0.587907	-0.091528	-0.574000	-0.806650	-0.140854
16276	9.684324	-0.752468	-1.095385	-0.085168	0.015603	-0.005568	-0.156402	-0.060612	0.985832	-0.803278	0.588573	-0.091253	-0.574703	-0.806169	-0.140742
16277	9.629435	-0.867059	-1.243743	-0.094470	0.009748	-0.010176	-0.156231	-0.060612	0.985859	-0.802758	0.589324	-0.090982	-0.575475	-0.805620	-0.140727
16278	9.582409	-0.840571	-1.169557	-0.059503	0.002889	-0.008877	-0.156076	-0.060664	0.985880	-0.802433	0.589803	-0.090742	-0.575970	-0.805266	-0.140733
16279	9.531489	-0.884867	-1.195179	-0.053521	-0.001738	-0.015065	-0.155931	-0.060786	0.985896	-0.802155	0.590220	-0.090480	-0.576396	-0.804950	-0.140793
16280	9.505324	-0.903747	-1.294538	-0.043156	-0.017235	-0.013779	-0.155853	-0.061006	0.985895	-0.801913	0.590589	-0.090223	-0.576755	-0.804663	-0.140967
16281	9.575343	-0.950849	-1.420548	-0.009644	-0.021026	-0.010917	-0.155852	-0.061258	0.985879	-0.801881	0.590656	-0.090064	-0.576798	-0.804595	-0.141177
16282	9.803643	-0.766230	-1.321927	-0.005041	-0.019575	-0.012444	-0.155791	-0.061528	0.985872	-0.801896	0.590669	-0.089855	-0.576795	-0.804565	-0.141360
16283	9.752107	-0.781799	-1.519023	-0.065871	-0.009178	-0.010512	-0.155725	-0.061683	0.985873	-0.801539	0.591188	-0.089620	-0.577308	-0.804172	-0.141504
16284	9.694132	-0.969894	-1.646979	-0.017018	-0.008662	-0.010724	-0.155716	-0.061866	0.985863	-0.801474	0.591297	-0.089486	-0.577401	-0.804078	-0.141658
16285	9.573819	-0.969136	-1.451277	0.021187	-0.006397	-0.010867	-0.155632	-0.062000	0.985868	-0.801620	0.591115	-0.089371	-0.577221	-0.804201	-0.141697
16286	9.476481	-0.965010	-1.426302	0.047073	-0.008394	-0.015590	-0.155530	-0.062189	0.985872	-0.801922	0.590725	-0.089247	-0.576829	-0.804473	-0.141747
16287	9.481913	-0.843528	-1.374982	0.065210	-0.016356	-0.018831	-0.155440	-0.062451	0.985869	-0.802335	0.590184	-0.089116	-0.576279	-0.804849	-0.141844
16288	9.533635	-0.771365	-1.374645	0.060626	-0.016243	-0.020334	-0.155265	-0.062643	0.985885	-0.802646	0.589789	-0.088932	-0.575893	-0.805124	-0.141853
16289	9.629926	-0.797908	-1.401750	0.048421	-0.015995	-0.020272	-0.155160	-0.062910	0.985884	-0.802963	0.589382	-0.088763	-0.575478	-0.805401	-0.141963
16290	9.829920	-0.737214	-1.183878	0.045263	-0.023693	-0.009667	-0.155091	-0.063112	0.985882	-0.803181	0.589104	-0.088638	-0.575193	-0.805589	-0.142055
16291	9.837601	-0.594607	-0.986467	-0.093163	-0.001084	-0.007183	-0.155005	-0.063181	0.985891	-0.802663	0.589845	-0.088397	-0.575938	-0.805041	-0.142142
16292	9.771139	-0.894456	-1.507752	-0.122389	-0.011122	-0.011742	-0.154818	-0.063387	0.985907	-0.802018	0.590788	-0.087958	-0.576887	-0.804333	-0.142302
16293	9.699350	-0.893174	-1.361927	-0.041299	-0.002105	-0.008978	-0.154724	-0.063476	0.985917	-0.801801	0.591110	-0.087773	-0.577214	-0.804089	-0.142353
16294	9.628112	-0.840027	-1.360941	-0.043039	-0.012752	-0.009111	-0.154713	-0.063617	0.985909	-0.801525	0.591509	-0.087611	-0.577600	-0.803785	-0.142505
16295	9.657365	-0.717253	-1.359253	-0.064299	-0.006162	-0.013491	-0.154606	-0.063765	0.985916	-0.801181	0.592013	-0.087348	-0.578105	-0.803402	-0.142616
16296	9.683933	-0.667722	-1.335136	-0.136046	-0.007852	-0.008565	-0.154516	-0.063902	0.985922	-0.800415	0.593099	-0.087002	-0.579190	-0.802589	-0.142792
16297	9.696900	-0.877546	-1.611713	-0.145065	-0.001614	-0.005373	-0.154448	-0.063965	0.985928	-0.799589	0.594255	-0.086703	-0.580347	-0.801729	-0.142928
16298	9.576691	-0.875289	-1.440586	-0.115971	0.003960	-0.008491	-0.154336	-0.063990	0.985944	-0.798905	0.595215	-0.086427	-0.581318	-0.801015	-0.142985
16299	9.525398	-0.917406	-1.515231	-0.097602	0.006650	-0.008543	-0.154195	-0.064006	0.985965	-0.798358	0.595987	-0.086165	-0.582107	-0.800439	-0.142998
16300	9.427718	-0.938410	-1.441993	-0.051890	0.002697	-0.008845	-0.154076	-0.064011	0.985983	-0.798019	0.596467	-0.085980	-0.582603	-0.800081	-0.142984
16301	9.409858	-0.819789	-1.267630	-0.012507	-0.011760	-0.012341	-0.154012	-0.064198	0.985981	-0.797972	0.596556	-0.085803	-0.582684	-0.800000	-0.143104
16302	9.465505	-0.650358	-1.239981	-0.014320	-0.025407	-0.015612	-0.153982	-0.064506	0.985966	-0.797906	0.596677	-0.085575	-0.582783	-0.799885	-0.143347
16303	9.613970	-0.580003	-1.290822	-0.009824	-0.031727	-0.008109	-0.154068	-0.064827	0.985931	-0.797868	0.596746	-0.085443	-0.582812	-0.799807	-0.143663
16304	9.707088	-0.679583	-1.322777	-0.023548	-0.031485	-0.006503	-0.154165	-0.065221	0.985890	-0.797828	0.596824	-0.085275	-0.582841	-0.799717	-0.144044
16305	9.697954	-0.898814	-1.333951	0.025026	-0.047843	0.002103	-0.154426	-0.065610	0.985823	-0.797977	0.596621	-0.085294	-0.582567	-0.799836	-0.144489
16306	9.699446	-0.852073	-1.312275	0.072338	-0.050417	0.009412	-0.154685	-0.065982	0.985758	-0.798398	0.596044	-0.085388	-0.581921	-0.800236	-0.144879
16307	9.727111	-0.784923	-1.217251	0.085910	-0.058287	0.007674	-0.155051	-0.066422	0.985671	-0.798893	0.595358	-0.085550	-0.581144	-0.800711	-0.145375
16308	9.802195	-0.662071	-1.390318	0.058446	-0.057750	0.007861	-0.155452	-0.066861	0.985578	-0.799215	0.594904	-0.085700	-0.580594	-0.801011	-0.145916
16309	9.799157	-0.658132	-1.566051	-0.017581	-0.045699	0.016194	-0.155813	-0.067150	0.985502	-0.799095	0.595052	-0.085795	-0.580663	-0.800877	-0.146376
16310	9.787263	-0.820445	-1.892817	0.002405	-0.040060	0.020723	-0.156212	-0.067466	0.985417	-0.799174	0.594923	-0.085957	-0.580447	-0.800947	-0.146851
16311	9.743395	-0.753805	-1.697312	0.004440	-0.015732	0.024144	-0.156462	-0.067468	0.985377	-0.799169	0.594899	-0.086163	-0.580387	-0.800964	-0.146997
16312	9.607828	-0.987246	-1.948194	-0.004582	-0.007874	0.021280	-0.156692	-0.067367	0.985347	-0.799033	0.595050	-0.086381	-0.580512	-0.800860	-0.147068
16313	9.557175	-1.063930	-1.852170	0.085536	-0.001926	0.013084	-0.156773	-0.067323	0.985337	-0.799516	0.594369	-0.086597	-0.579824	-0.801369	-0.147007
16314	9.540963	-0.951633	-1.603297	0.120637	-0.002654	0.014345	-0.156858	-0.067261	0.985328	-0.800164	0.593457	-0.086870	-0.578906	-0.802051	-0.146909
16315	9.500063	-0.810667	-1.450953	0.116089	0.000557	0.009848	-0.156900	-0.067217	0.985324	-0.800827	0.592528	-0.087100	-0.577977	-0.802741	-0.146797
16316	9.530767	-0.721108	-1.276991	0.087037	-0.000318	0.005468	-0.156925	-0.067232	0.985319	-0.801338	0.591817	-0.087242	-0.577263	-0.803264	-0.146747
16317	9.556457	-0.726065	-1.179519	0.030494	-0.003753	0.005833	-0.156959	-0.067246	0.985313	-0.801512	0.591571	-0.087306	-0.577012	-0.803443	-0.146752
16318	9.602727	-0.750709	-1.279077	-0.015358	-0.009010	0.012201	-0.156975	-0.067282	0.985308	-0.801429	0.591687	-0.087277	-0.577122	-0.803355	-0.146802
16319	9.699443	-0.754019	-1.330160	-0.027502	-0.004123	0.007777	-0.157026	-0.067288	0.985299	-0.801266	0.591909	-0.087275	-0.577335	-0.803191	-0.146861
16320	9.694571	-0.824286	-1.454821	-0.041201	-0.003907	0.012460	-0.157069	-0.067322	0.985290	-0.801070	0.592180	-0.087240	-0.577596	-0.802989	-0.146942
16321	9.714129	-0.895581	-1.579444	-0.022726	0.004915	0.009394	-0.157081	-0.067245	0.985294	-0.800931	0.592364	-0.087260	-0.577785	-0.802859	-0.146908
16322	9.685713	-0.966607	-1.653553	0.009492	0.011843	0.012308	-0.157103	-0.067097	0.985300	-0.800956	0.592313	-0.087374	-0.577744	-0.802909	-0.146796
16323	9.663191	-0.943881	-1.601913	0.038627	0.020487	0.006111	-0.156999	-0.066915	0.985329	-0.801177	0.592003	-0.087453	-0.577466	-0.803153	-0.146555
16324	9.618430	-0.844581	-1.620584	0.020330	0.022431	0.003217	-0.156879	-0.066730	0.985361	-0.801269	0.591873	-0.087488	-0.577371	-0.803264	-0.146321
16325	9.665523	-0.896168	-1.620169	0.032577	0.023684	0.004674	-0.156745	-0.066530	0.985396	-0.801457	0.591610	-0.087543	-0.577146	-0.803474	-0.146053
16326	9.670935	-0.801568	-1.541530	0.017457	0.030080	0.006392	-0.156565	-0.066308	0.985439	-0.801579	0.591443	-0.087557	-0.577026	-0.803616	-0.145750
16327	9.598687	-0.827036	-1.416421	0.005125	0.024230	0.006397	-0.156442	-0.066094	0.985473	-0.801606	0.591402	-0.087589	-0.577022	-0.803664	-0.145501
16328	9.549743	-0.877574	-1.292509	0.006685	0.027311	0.001849	-0.156231	-0.065848	0.985523	-0.801597	0.591419	-0.087558	-0.577092	-0.803671	-0.145181
16329	9.551931	-0.855560	-1.216462	0.017151	0.016391	0.003161	-0.156127	-0.065716	0.985548	-0.801698	0.591279	-0.087576	-0.576979	-0.803785	-0.144999
16330	9.505614	-0.805946	-1.188756	0.045929	0.006680	-0.000207	-0.155989	-0.065655	0.985574	-0.801932	0.590965	-0.087556	-0.576691	-0.804021	-0.144835
16331	9.531057	-0.783009	-1.187889	0.044203	-0.002421	-0.001841	-0.155954	-0.065704	0.985577	-0.802197	0.590604	-0.087563	-0.576332	-0.804282	-0.144815
16332	9.576977	-0.806097	-1.335596	0.050251	-0.005618	-0.000395	-0.155916	-0.065729	0.985581	-0.802440	0.590272	-0.087578	-0.576004	-0.804524	-0.144777
16333	9.625067	-0.807463	-1.385330	0.053229	-0.008713	-0.001979	-0.155916	-0.065829	0.985574	-0.802756	0.589838	-0.087597	-0.575563	-0.804834	-0.144810
16334	9.645069	-0.879912	-1.485458	0.053248	-0.008751	0.001073	-0.155946	-0.065931	0.985563	-0.803070	0.589405	-0.087641	-0.575118	-0.805143	-0.144862
16335	9.668404	-0.880145	-1.559296	0.056340	-0.007308	0.002597	-0.155974	-0.065993	0.985554	-0.803396	0.588949	-0.087709	-0.574653	-0.805471	-0.144879
16336	9.693464	-0.857435	-1.583036	0.050543	0.006511	0.005851	-0.155955	-0.065999	0.985557	-0.803746	0.588462	-0.087778	-0.574169	-0.805827	-0.144819
16337	9.720435	-0.785463	-1.629039	0.041581	0.015854	0.006018	-0.155877	-0.065854	0.985579	-0.803983	0.588126	-0.087859	-0.573859	-0.806083	-0.144621
16338	9.698106	-0.735841	-1.649783	-0.008560	0.027614	0.003421	-0.155658	-0.065631	0.985628	-0.803926	0.588213	-0.087794	-0.573998	-0.806038	-0.144323
16339	9.689251	-0.929191	-1.748683	0.011483	0.036319	0.006447	-0.155467	-0.065319	0.985679	-0.803989	0.588121	-0.087836	-0.573961	-0.806131	-0.143949
16340	9.692191	-0.961369	-1.452512	0.049655	0.037050	0.006223	-0.155249	-0.064992	0.985735	-0.804245	0.587759	-0.087912	-0.573662	-0.806421	-0.143518
16341	9.625457	-0.839273	-1.371606	0.052730	0.038529	0.004695	-0.155030	-0.064672	0.985791	-0.804547	0.587333	-0.087995	-0.573297	-0.806757	-0.143086
16342	9.554305	-0.813746	-1.317600	0.038846	0.032764	0.000133	-0.154776	-0.064491	0.985842	-0.804831	0.586950	-0.087960	-0.572968	-0.807050	-0.142750
16343	9.605042	-0.793129	-1.265378	0.041913	0.032667	0.003168	-0.154579	-0.064228	0.985891	-0.805073	0.586610	-0.088012	-0.572681	-0.807319	-0.142386
16344	9.556088	-0.817153	-1.213396	0.024995	0.026932	0.001673	-0.154375	-0.064033	0.985935	-0.805222	0.586408	-0.087994	-0.572526	-0.807481	-0.142087
16345	9.579296	-0.815475	-1.357716	0.017199	0.019480	0.000111	-0.154229	-0.063894	0.985967	-0.805328	0.586265	-0.087981	-0.572417	-0.807596	-0.141874
16346	9.651244	-0.842344	-1.405598	0.032526	0.022196	0.001586	-0.154057	-0.063700	0.986006	-0.805481	0.586053	-0.087990	-0.572247	-0.807765	-0.141594
16347	9.627615	-0.842947	-1.354099	0.037103	0.022100	0.001562	-0.153908	-0.063531	0.986041	-0.805698	0.585750	-0.088019	-0.571981	-0.807998	-0.141338
16348	9.602245	-0.866440	-1.376386	0.030969	0.020703	0.001579	-0.153788	-0.063390	0.986068	-0.805878	0.585498	-0.088046	-0.571760	-0.808192	-0.141128
16349	9.653145	-0.819689	-1.398071	0.012693	0.022612	0.001686	-0.153637	-0.063216	0.986103	-0.805955	0.585392	-0.088042	-0.571692	-0.808282	-0.140888
16350	9.800788	-0.775024	-1.518189	0.003611	0.025839	0.003286	-0.153342	-0.063036	0.986161	-0.806011	0.585336	-0.087915	-0.571693	-0.808337	-0.140564
16351	9.700658	-0.844488	-1.515102	-0.005086	0.047373	0.005060	-0.153076	-0.062642	0.986227	-0.805981	0.585376	-0.087918	-0.571806	-0.808338	-0.140096
16352	9.696145	-0.967040	-1.513014	0.022278	0.042220	0.004892	-0.152842	-0.062294	0.986285	-0.806094	0.585215	-0.087956	-0.571710	-0.808482	-0.139661
16353	9.652626	-0.869738	-1.433220	0.045124	0.040228	0.003253	-0.152603	-0.061969	0.986343	-0.806354	0.584848	-0.088012	-0.571407	-0.808772	-0.139218
16354	9.630045	-0.845573	-1.403607	0.042190	0.046423	0.000270	-0.152294	-0.061628	0.986412	-0.806602	0.584506	-0.088015	-0.571139	-0.809046	-0.138726
16355	9.606771	-0.846606	-1.325461	0.058907	0.043019	0.000178	-0.152015	-0.061298	0.986476	-0.806945	0.584025	-0.088059	-0.570729	-0.809418	-0.138244
16356	9.608100	-0.849529	-1.198863	0.055823	0.041557	0.000176	-0.151697	-0.060979	0.986544	-0.807259	0.583591	-0.088057	-0.570369	-0.809755	-0.137755
16357	9.584324	-0.849514	-1.170081	0.066364	0.035257	-0.002964	-0.151436	-0.060729	0.986600	-0.807649	0.583048	-0.088080	-0.569886	-0.810165	-0.137342
16358	9.562652	-0.801041	-1.116760	0.061630	0.027713	-0.001485	-0.151257	-0.060516	0.986640	-0.807973	0.582591	-0.088133	-0.569474	-0.810509	-0.137016
16359	9.564935	-0.752896	-1.113617	0.052163	0.012626	0.001475	-0.151162	-0.060423	0.986661	-0.808275	0.582165	-0.088180	-0.569072	-0.810822	-0.136840
16360	9.613839	-0.755507	-1.112498	0.035314	0.009940	-0.000024	-0.151099	-0.060279	0.986679	-0.808373	0.582020	-0.088236	-0.568948	-0.810937	-0.136671
16361	9.635723	-0.804301	-1.210155	0.033631	0.002333	0.001450	-0.151062	-0.060270	0.986685	-0.808569	0.581745	-0.088257	-0.568680	-0.811135	-0.136612
16362	9.707598	-0.831809	-1.259382	0.042728	-0.000933	0.004454	-0.150946	-0.060294	0.986702	-0.808834	0.581383	-0.088209	-0.568333	-0.811393	-0.136525
16363	9.708559	-0.808556	-1.258842	0.045755	-0.002545	0.007487	-0.150985	-0.060289	0.986696	-0.809089	0.581013	-0.088306	-0.567959	-0.811658	-0.136504
16364	9.736645	-0.712155	-1.330580	0.007749	0.004352	0.009166	-0.150985	-0.060187	0.986702	-0.809072	0.581029	-0.088362	-0.567985	-0.811654	-0.136422
16365	9.732680	-0.783792	-1.501819	-0.015038	0.009412	0.009264	-0.150970	-0.060075	0.986711	-0.808979	0.581153	-0.088394	-0.568120	-0.811574	-0.136337
16366	9.705235	-0.857100	-1.501662	0.012503	0.011838	0.015311	-0.150995	-0.059893	0.986719	-0.809001	0.581103	-0.088527	-0.568083	-0.811623	-0.136197
16367	9.632484	-0.856719	-1.426633	0.030838	0.012985	0.013744	-0.150996	-0.059726	0.986728	-0.809162	0.580857	-0.088665	-0.567853	-0.811811	-0.136035
16368	9.607617	-0.882783	-1.327655	0.032345	0.013004	0.006109	-0.150894	-0.059580	0.986753	-0.809302	0.580657	-0.088699	-0.567680	-0.811965	-0.135836
16369	9.534201	-0.880082	-1.398860	0.065915	0.012266	0.009073	-0.150862	-0.059446	0.986766	-0.809669	0.580124	-0.088838	-0.567165	-0.812356	-0.135650
16370	9.424957	-0.611490	-1.149266	0.105477	0.006849	0.007417	-0.150839	-0.059398	0.986772	-0.810278	0.579250	-0.088992	-0.566302	-0.812983	-0.135502
16371	9.669444	-0.624579	-1.027611	-0.054764	0.007220	0.010857	-0.150850	-0.059295	0.986777	-0.809958	0.579698	-0.088985	-0.566757	-0.812671	-0.135474
16372	9.982359	-1.242724	-1.549134	-0.076136	0.007716	0.004806	-0.150824	-0.059212	0.986786	-0.809496	0.580355	-0.088902	-0.567422	-0.812208	-0.135463
16373	9.933088	-1.268231	-1.402071	0.157125	-0.004990	0.011813	-0.150912	-0.059202	0.986773	-0.810376	0.579082	-0.089192	-0.566142	-0.813117	-0.135367
16374	9.672146	-0.581440	-0.855630	0.106551	-0.014581	0.011880	-0.151025	-0.059279	0.986751	-0.810961	0.578233	-0.089382	-0.565274	-0.813715	-0.135401
16375	9.569164	-0.620650	-1.516152	-0.018712	-0.019489	0.010630	-0.151185	-0.059395	0.986719	-0.810845	0.578389	-0.089422	-0.565396	-0.813596	-0.135604
16376	9.194928	-0.829018	-1.200547	0.127765	-0.021130	0.007204	-0.151289	-0.059547	0.986694	-0.811557	0.577364	-0.089591	-0.564347	-0.814313	-0.135674
16377	9.313159	-0.961247	-0.814026	0.043284	-0.045217	0.002736	-0.151530	-0.059917	0.986635	-0.811804	0.577010	-0.089638	-0.563927	-0.814537	-0.136075
16378	9.485612	-1.405372	-1.359605	0.190868	-0.065181	-0.006920	-0.151785	-0.060485	0.986561	-0.812866	0.575490	-0.089778	-0.562326	-0.815569	-0.136517
16379	9.513902	-1.311383	-1.289547	0.271464	-0.077594	-0.014837	-0.152063	-0.061222	0.986473	-0.814418	0.573262	-0.089964	-0.560000	-0.817082	-0.137032
16380	9.447068	-1.140312	-1.316697	0.454167	-0.096806	-0.023126	-0.152323	-0.062162	0.986374	-0.816979	0.569558	-0.090270	-0.556186	-0.819597	-0.137542
16381	9.616080	-0.661398	-1.005985	0.492231	-0.099162	-0.033933	-0.152558	-0.063186	0.986273	-0.819765	0.565492	-0.090574	-0.552006	-0.822330	-0.138068
16382	9.723259	-0.422788	-1.015567	0.312151	-0.099867	-0.027022	-0.152779	-0.064151	0.986176	-0.821495	0.562965	-0.090645	-0.549368	-0.823987	-0.138709
16383	9.831007	-0.651861	-1.413169	0.194981	-0.086627	-0.012770	-0.153112	-0.064954	0.986072	-0.822590	0.561346	-0.090751	-0.547633	-0.825028	-0.139380
16384	9.799915	-0.798236	-1.368798	0.157273	-0.067471	-0.005040	-0.153402	-0.065560	0.985987	-0.823456	0.560055	-0.090876	-0.546249	-0.825857	-0.139900
16385	9.917797	-0.854575	-1.472668	0.059721	-0.062327	-0.001475	-0.153694	-0.066100	0.985905	-0.823791	0.559557	-0.090906	-0.545662	-0.826151	-0.140453
16386	9.846054	-0.732858	-1.722463	-0.023746	-0.040694	0.001928	-0.153872	-0.066441	0.985854	-0.823651	0.559775	-0.090830	-0.545822	-0.825977	-0.140858
16387	9.713904	-0.877003	-1.991343	-0.040291	-0.029649	0.003485	-0.154026	-0.066683	0.985814	-0.823433	0.560107	-0.090768	-0.546109	-0.825732	-0.141180
16388	9.739763	-0.876171	-1.847157	-0.019923	-0.005644	0.006264	-0.154051	-0.066717	0.985808	-0.823308	0.560296	-0.090738	-0.546290	-0.825601	-0.141243
16389	9.588007	-1.038981	-1.696940	-0.018167	0.006501	0.001601	-0.153992	-0.066672	0.985820	-0.823213	0.560443	-0.090688	-0.546450	-0.825505	-0.141189
16390	9.583681	-1.136565	-1.719618	0.039661	0.002144	-0.010943	-0.153940	-0.066723	0.985825	-0.823430	0.560127	-0.090670	-0.546137	-0.825716	-0.141168
16391	9.635863	-1.112542	-1.548168	0.140508	0.007631	-0.011602	-0.153766	-0.066743	0.985851	-0.824221	0.558955	-0.090715	-0.544991	-0.826508	-0.140959
16392	9.572959	-0.936545	-1.327472	0.213691	0.007521	-0.024258	-0.153491	-0.066817	0.985888	-0.825399	0.557210	-0.090741	-0.543284	-0.827679	-0.140678
16393	9.582799	-0.763330	-1.132872	0.204385	-0.001392	-0.018021	-0.153313	-0.066946	0.985907	-0.826542	0.555502	-0.090811	-0.541594	-0.828816	-0.140500
16394	9.490115	-0.706778	-0.912018	0.196549	-0.010413	-0.020941	-0.153139	-0.067189	0.985918	-0.827646	0.553855	-0.090811	-0.539955	-0.829897	-0.140425
16395	9.546649	-0.605070	-0.622313	0.124527	-0.025650	-0.015768	-0.153110	-0.067506	0.985901	-0.828348	0.552808	-0.090790	-0.538885	-0.830570	-0.140558
16396	9.593236	-0.677598	-0.551172	0.059885	-0.050295	-0.019684	-0.153176	-0.068061	0.985852	-0.828711	0.552289	-0.090631	-0.538307	-0.830870	-0.141001
16397	9.595686	-0.626460	-0.509006	0.004574	-0.070430	-0.011476	-0.153423	-0.068727	0.985768	-0.828760	0.552240	-0.090485	-0.538162	-0.830848	-0.141684
16398	9.541790	-0.698850	-0.636729	-0.053890	-0.092146	-0.013893	-0.153715	-0.069577	0.985663	-0.828470	0.552724	-0.090184	-0.538525	-0.830455	-0.142604
16399	9.514548	-0.699172	-0.793141	-0.025457	-0.118710	-0.016869	-0.154177	-0.070673	0.985512	-0.828366	0.552920	-0.089942	-0.538553	-0.830232	-0.143791
16400	9.661903	-0.608414	-0.931805	-0.074506	-0.131374	-0.010242	-0.154705	-0.071836	0.985346	-0.827971	0.553560	-0.089639	-0.539009	-0.829705	-0.145117
16401	9.679555	-0.660066	-1.140163	-0.082389	-0.141944	-0.014644	-0.155312	-0.073112	0.985156	-0.827556	0.554229	-0.089335	-0.539471	-0.829147	-0.146582
16402	9.645745	-0.804957	-1.249191	-0.106908	-0.149031	-0.009766	-0.155993	-0.074419	0.984951	-0.826991	0.555121	-0.089034	-0.540141	-0.828434	-0.148139
16403	9.532443	-1.069911	-1.404014	-0.043002	-0.157978	-0.011846	-0.156712	-0.075810	0.984731	-0.826784	0.555464	-0.088813	-0.540250	-0.828077	-0.149727
16404	9.459151	-1.134409	-1.197777	-0.005375	-0.180178	-0.019681	-0.157449	-0.077398	0.984489	-0.826750	0.555557	-0.088545	-0.540087	-0.827868	-0.151461
16405	9.433352	-1.083953	-1.265180	0.070245	-0.213772	-0.021785	-0.158385	-0.079306	0.984187	-0.827171	0.554955	-0.088398	-0.539169	-0.828092	-0.153496
16406	9.507222	-1.036145	-1.238926	0.127946	-0.225661	-0.026983	-0.159270	-0.081320	0.983880	-0.827873	0.553932	-0.088232	-0.537828	-0.828581	-0.155548
16407	9.620934	-0.788764	-0.951332	0.127350	-0.256179	-0.026660	-0.160388	-0.083608	0.983507	-0.828607	0.552851	-0.088130	-0.536364	-0.829075	-0.157949
16408	9.719612	-0.717625	-0.957551	0.109704	-0.301608	-0.024370	-0.161715	-0.086296	0.983057	-0.829268	0.551883	-0.087970	-0.534942	-0.829444	-0.160810
16409	9.701697	-0.494586	-0.967579	0.108862	-0.332299	-0.039262	-0.163127	-0.089286	0.982557	-0.829921	0.550942	-0.087721	-0.533499	-0.829754	-0.163973
16410	9.519492	-0.426406	-0.629483	0.106300	-0.378159	-0.047816	-0.164723	-0.092711	0.981973	-0.830588	0.549986	-0.087403	-0.531968	-0.830012	-0.167600
16411	9.425462	-0.700903	-0.265590	0.095776	-0.430117	-0.066784	-0.166415	-0.096665	0.981306	-0.831214	0.549123	-0.086870	-0.530461	-0.830132	-0.171732
16412	9.310472	-0.853144	-0.005622	0.127938	-0.498016	-0.074231	-0.168388	-0.101176	0.980515	-0.831996	0.548023	-0.086333	-0.528610	-0.830322	-0.176458
16413	9.247294	-0.270971	1.130504	0.323021	-0.606932	-0.069908	-0.170965	-0.106618	0.979492	-0.833823	0.545262	-0.086187	-0.524890	-0.831458	-0.182121
16414	9.509300	0.548448	1.571053	-0.212165	-0.676511	-0.053922	-0.174023	-0.112501	0.978294	-0.832794	0.546981	-0.085240	-0.525519	-0.829551	-0.188877
16415	9.581175	-0.086341	-0.193943	-0.739767	-0.699576	-0.067607	-0.177117	-0.118676	0.977008	-0.829014	0.553016	-0.083114	-0.530438	-0.824675	-0.196333
16416	9.546400	-1.082521	-1.929750	-1.038374	-0.626141	-0.085400	-0.179684	-0.124337	0.975835	-0.823682	0.561361	-0.080141	-0.537831	-0.818178	-0.203282
16417	9.036347	-2.638397	-3.638263	-0.961293	-0.542252	-0.103959	-0.181729	-0.129362	0.974803	-0.818674	0.569059	-0.077105	-0.544745	-0.812058	-0.209320
16418	9.094911	-3.016400	-4.108540	-0.593740	-0.575783	-0.141743	-0.183663	-0.134859	0.973694	-0.815741	0.573609	-0.074423	-0.548483	-0.807952	-0.215361
16419	9.273623	-2.673941	-4.529826	-0.199151	-0.532920	-0.145108	-0.185368	-0.140011	0.972644	-0.814924	0.575010	-0.072537	-0.549124	-0.806077	-0.220687
16420	9.613037	-1.254414	-3.794429	0.053965	-0.490786	-0.135313	-0.186932	-0.144737	0.971652	-0.815498	0.574346	-0.071336	-0.547739	-0.805716	-0.225397
16421	9.675460	0.030825	-3.884951	-0.307494	-0.389737	-0.118911	-0.188065	-0.148575	0.970854	-0.814043	0.576639	-0.069443	-0.549515	-0.803376	-0.229392
16422	9.395648	-0.122229	-4.554254	-0.581546	-0.273179	-0.128938	-0.188522	-0.151494	0.970314	-0.811097	0.581078	-0.066864	-0.553698	-0.799624	-0.232422
16423	9.586221	-0.945107	-5.520478	-0.850946	-0.135523	-0.139858	-0.188109	-0.153410	0.970093	-0.806628	0.587640	-0.063482	-0.560327	-0.794446	-0.234285
16424	9.327049	-2.254937	-6.305038	-0.730746	0.008258	-0.150696	-0.186860	-0.154273	0.970198	-0.802832	0.593147	-0.060308	-0.566166	-0.790175	-0.234690
