// General information: 
//  MT Manager version: 2022.2.0 
//  XDA version: 2022.2.0 build 7381 rev 124627 built on 2023-07-19
// Device information: 
//  DeviceId: 00B4CB9F
//  ProductCode: MTW2-3A7G6
//  Firmware Version: 4.6.0
//  Hardware Version: 2.0.0
// Device settings: 
//  Filter Profile: human(46.1)
//  Option Flags: Orientation Smoother Disabled, Position/Velocity Smoother Disabled, Continuous Zero Rotation Update Disabled, AHS Disabled, ICC Disabled
// Coordinate system: ENU
PacketCounter	Acc_X	Acc_Y	Acc_Z	Gyr_X	Gyr_Y	Gyr_Z	Mat[1][1]	Mat[2][1]	Mat[3][1]	Mat[1][2]	Mat[2][2]	Mat[3][2]	Mat[1][3]	Mat[2][3]	Mat[3][3]
19376	9.761752	0.395516	0.779886	0.023433	0.010707	-0.017706	0.081006	-0.028001	0.996320	-0.198126	0.979205	0.043628	-0.976823	-0.200931	0.073774
19377	9.759974	0.438319	0.816973	0.018550	0.014048	-0.015047	0.081117	-0.028108	0.996308	-0.198314	0.979161	0.043770	-0.976776	-0.201133	0.073853
19378	9.724589	0.417270	0.825655	0.003362	0.016305	-0.008104	0.081310	-0.028069	0.996294	-0.198449	0.979133	0.043782	-0.976733	-0.201274	0.074043
19379	9.698368	0.400673	0.812271	-0.017426	0.012313	-0.003709	0.081382	-0.028069	0.996288	-0.198295	0.979164	0.043784	-0.976758	-0.201123	0.074120
19380	9.720977	0.355355	0.865517	-0.030474	-0.005575	-0.002016	0.081320	-0.028005	0.996295	-0.198045	0.979219	0.043690	-0.976814	-0.200864	0.074084
19381	9.765964	0.304193	0.926012	-0.045259	-0.000354	-0.009826	0.081280	-0.028089	0.996295	-0.197614	0.979304	0.043732	-0.976904	-0.200436	0.074047
19382	9.765479	0.199729	0.847084	-0.050889	-0.001328	-0.012246	0.081278	-0.028124	0.996295	-0.197169	0.979394	0.043732	-0.976994	-0.199993	0.074058
19383	9.779972	0.188131	0.796042	-0.036223	0.000131	-0.017897	0.081259	-0.028287	0.996292	-0.196820	0.979458	0.043862	-0.977066	-0.199655	0.074022
19384	9.774163	0.247156	0.780722	-0.012620	0.010366	-0.019924	0.081421	-0.028391	0.996275	-0.196831	0.979450	0.043998	-0.977051	-0.199680	0.074159
19385	9.774006	0.249179	0.782041	0.009922	0.016546	-0.021695	0.081570	-0.028558	0.996258	-0.196930	0.979421	0.044199	-0.977018	-0.199798	0.074268
19386	9.788693	0.343831	0.811881	0.022561	0.022291	-0.022432	0.081874	-0.028593	0.996232	-0.197100	0.979382	0.044308	-0.976959	-0.199985	0.074550
19387	9.706902	0.376636	0.841302	0.033873	0.018934	-0.017678	0.082038	-0.028716	0.996215	-0.197436	0.979306	0.044487	-0.976877	-0.200339	0.074671
19388	9.723583	0.390507	0.879862	0.040611	0.018666	-0.015607	0.082194	-0.028782	0.996201	-0.198029	0.979180	0.044629	-0.976744	-0.200945	0.074783
19389	9.728768	0.374530	0.852792	0.033840	0.024202	-0.017545	0.082410	-0.028893	0.996180	-0.198365	0.979104	0.044807	-0.976658	-0.201299	0.074956
19390	9.787786	0.351517	0.819494	0.012569	0.018615	-0.011987	0.082663	-0.028841	0.996160	-0.198482	0.979079	0.044817	-0.976613	-0.201424	0.075209
19391	9.783273	0.408066	0.724164	-0.005846	0.013973	-0.004177	0.082753	-0.028841	0.996153	-0.198441	0.979087	0.044831	-0.976613	-0.201387	0.075299
19392	9.749128	0.424414	0.605895	-0.010021	-0.005240	-0.014757	0.082689	-0.028917	0.996156	-0.198407	0.979091	0.044891	-0.976625	-0.201356	0.075222
19393	9.793795	0.413829	0.620653	-0.017069	-0.016215	-0.013793	0.082503	-0.029072	0.996167	-0.198249	0.979119	0.044993	-0.976673	-0.201201	0.075017
19394	9.768179	0.358264	0.649138	-0.017954	-0.018452	-0.009362	0.082316	-0.029106	0.996181	-0.198114	0.979146	0.044979	-0.976716	-0.201060	0.074833
19395	9.759458	0.314663	0.714676	-0.004916	-0.012042	-0.013348	0.082170	-0.029248	0.996189	-0.198075	0.979149	0.045086	-0.976737	-0.201025	0.074663
19396	9.724338	0.293377	0.720784	0.009123	-0.010070	-0.008308	0.081998	-0.029333	0.996201	-0.198372	0.979086	0.045158	-0.976691	-0.201321	0.074465
19397	9.741677	0.266799	0.801343	0.017489	-0.015267	-0.007901	0.081810	-0.029428	0.996213	-0.198556	0.979045	0.045227	-0.976669	-0.201504	0.074253
19398	9.843544	0.312076	0.771338	0.027096	-0.012286	-0.015061	0.081688	-0.029499	0.996221	-0.198835	0.978986	0.045293	-0.976623	-0.201783	0.074106
19399	9.858702	0.366659	0.843241	0.026037	-0.004863	-0.012488	0.081611	-0.029618	0.996224	-0.199099	0.978927	0.045414	-0.976575	-0.202053	0.073994
19400	9.773361	0.375659	0.863736	0.018025	0.006277	-0.016038	0.081668	-0.029666	0.996218	-0.199278	0.978887	0.045486	-0.976534	-0.202239	0.074032
19401	9.743143	0.376171	0.797644	0.023831	0.009074	-0.009433	0.081720	-0.029726	0.996212	-0.199523	0.978833	0.045575	-0.976480	-0.202492	0.074060
19402	9.707918	0.354764	0.805365	0.034576	0.003244	-0.005585	0.081795	-0.029689	0.996207	-0.199974	0.978740	0.045588	-0.976381	-0.202944	0.074119
19403	9.735272	0.370919	0.739401	0.025855	0.002493	-0.002850	0.081771	-0.029698	0.996209	-0.200244	0.978684	0.045612	-0.976328	-0.203215	0.074081
19404	9.796399	0.411147	0.747084	0.024585	0.001890	-0.006647	0.081755	-0.029692	0.996210	-0.200586	0.978613	0.045629	-0.976259	-0.203557	0.074051
19405	9.796388	0.412049	0.746734	0.019615	-0.007171	-0.008385	0.081647	-0.029775	0.996216	-0.200791	0.978567	0.045704	-0.976226	-0.203763	0.073919
19406	9.761256	0.390696	0.753293	0.011777	-0.005688	-0.010083	0.081480	-0.029822	0.996229	-0.200960	0.978532	0.045728	-0.976205	-0.203928	0.073738
19407	9.770818	0.357827	0.775497	-0.002837	-0.010151	-0.016040	0.081359	-0.029986	0.996234	-0.200940	0.978529	0.045863	-0.976219	-0.203914	0.073587
19408	9.754408	0.307663	0.782601	-0.010858	-0.012781	-0.010423	0.081180	-0.030053	0.996246	-0.200943	0.978527	0.045893	-0.976233	-0.203914	0.073398
19409	9.746276	0.341062	0.677133	-0.004156	-0.019240	-0.010546	0.080959	-0.030182	0.996260	-0.200914	0.978530	0.045972	-0.976258	-0.203885	0.073156
19410	9.740445	0.399606	0.659239	0.011706	-0.018095	-0.014462	0.080822	-0.030236	0.996270	-0.201001	0.978510	0.046003	-0.976251	-0.203969	0.073007
19411	9.744652	0.384834	0.709292	0.030649	-0.019463	-0.012061	0.080601	-0.030379	0.996283	-0.201311	0.978441	0.046122	-0.976206	-0.204280	0.072748
19412	9.737426	0.339766	0.693550	0.025271	-0.017695	-0.008240	0.080373	-0.030415	0.996301	-0.201605	0.978380	0.046132	-0.976164	-0.204567	0.072504
19413	9.743012	0.322657	0.662094	0.035510	-0.031305	-0.005395	0.080024	-0.030518	0.996326	-0.201968	0.978302	0.046188	-0.976117	-0.204922	0.072124
19414	9.800640	0.340031	0.659900	0.049207	-0.021508	-0.006383	0.079729	-0.030514	0.996349	-0.202368	0.978221	0.046153	-0.976059	-0.205309	0.071817
19415	9.810391	0.306529	0.680581	0.062299	-0.022687	0.001022	0.079451	-0.030536	0.996371	-0.202997	0.978091	0.046163	-0.975951	-0.205928	0.071511
19416	9.840244	0.347310	0.699612	0.061741	-0.025196	0.000136	0.079104	-0.030528	0.996399	-0.203711	0.977943	0.046135	-0.975830	-0.206627	0.071141
19417	9.810832	0.412695	0.754665	0.068908	-0.007109	0.003421	0.078973	-0.030495	0.996410	-0.204407	0.977799	0.046126	-0.975695	-0.207316	0.070986
19418	9.793907	0.400432	0.717585	0.070661	0.006550	0.008335	0.078958	-0.030292	0.996418	-0.205055	0.977670	0.045971	-0.975560	-0.207951	0.070983
19419	9.687499	0.411581	0.649429	0.083253	-0.000169	0.003286	0.078895	-0.030246	0.996424	-0.205891	0.977494	0.045973	-0.975389	-0.208782	0.070892
19420	9.721466	0.436315	0.721903	0.086774	-0.013561	0.004134	0.078692	-0.030199	0.996442	-0.206939	0.977274	0.045960	-0.975184	-0.209819	0.070654
19421	9.733116	0.467086	0.785993	0.071083	-0.010594	0.000729	0.078532	-0.030199	0.996454	-0.207653	0.977121	0.045979	-0.975045	-0.210528	0.070464
19422	9.754372	0.464077	0.873531	0.052120	-0.009203	-0.001697	0.078445	-0.030163	0.996462	-0.208286	0.976987	0.045970	-0.974917	-0.211155	0.070358
19423	9.767212	0.492559	0.856915	0.020184	-0.013232	0.001924	0.078257	-0.030157	0.996477	-0.208505	0.976942	0.045941	-0.974885	-0.211366	0.070165
19424	9.748391	0.416168	0.776526	0.000242	-0.012714	-0.009658	0.078100	-0.030214	0.996488	-0.208611	0.976918	0.045971	-0.974875	-0.211468	0.069994
19425	9.725876	0.316942	0.689368	0.006511	-0.014549	-0.006397	0.077917	-0.030293	0.996500	-0.208690	0.976899	0.046015	-0.974873	-0.211545	0.069795
19426	9.819090	0.317257	0.726462	0.027766	-0.005998	-0.000344	0.077876	-0.030234	0.996504	-0.209096	0.976814	0.045977	-0.974789	-0.211946	0.069749
19427	9.822225	0.303802	0.859048	0.044088	-0.000298	0.006170	0.077806	-0.030160	0.996512	-0.209552	0.976719	0.045922	-0.974697	-0.212394	0.069674
19428	9.843408	0.300089	0.948376	0.040671	0.013986	0.007415	0.077871	-0.030014	0.996512	-0.210154	0.976593	0.045836	-0.974562	-0.212990	0.069741
19429	9.771992	0.332727	0.873656	0.033181	0.007673	0.011771	0.077866	-0.029868	0.996516	-0.210508	0.976523	0.045718	-0.974486	-0.213335	0.069751
19430	9.744253	0.431610	0.723426	0.030142	0.004872	0.005358	0.077838	-0.029742	0.996522	-0.210904	0.976442	0.045616	-0.974403	-0.213722	0.069732
19431	9.774582	0.508617	0.618277	0.025479	-0.004477	-0.001676	0.077743	-0.029753	0.996529	-0.211173	0.976383	0.045626	-0.974352	-0.213987	0.069624
19432	9.743132	0.510039	0.632306	0.007945	0.001648	-0.007681	0.077782	-0.029763	0.996526	-0.211455	0.976320	0.045665	-0.974288	-0.214272	0.069646
19433	9.706841	0.490879	0.720596	-0.010763	-0.005658	-0.006149	0.077685	-0.029821	0.996532	-0.211367	0.976338	0.045694	-0.974315	-0.214184	0.069543
19434	9.677744	0.411705	0.743868	-0.011590	-0.013157	-0.001789	0.077472	-0.029810	0.996549	-0.211376	0.976339	0.045638	-0.974330	-0.214182	0.069338
19435	9.773248	0.331412	0.791043	-0.009483	-0.005043	-0.002349	0.077373	-0.029829	0.996556	-0.211303	0.976355	0.045630	-0.974353	-0.214106	0.069240
19436	9.793674	0.260743	0.756647	-0.017531	0.003893	0.005489	0.077384	-0.029686	0.996559	-0.211239	0.976375	0.045488	-0.974366	-0.214032	0.069285
19437	9.741011	0.264428	0.682380	-0.018187	0.000474	0.002514	0.077329	-0.029646	0.996565	-0.211086	0.976411	0.045426	-0.974404	-0.213874	0.069247
19438	9.790615	0.272897	0.623465	-0.007268	-0.009748	0.008427	0.077098	-0.029499	0.996587	-0.210959	0.976448	0.045223	-0.974450	-0.213726	0.069059
19439	9.824113	0.336037	0.650198	-0.005800	-0.016563	0.002657	0.076876	-0.029494	0.996604	-0.210927	0.976458	0.045168	-0.974474	-0.213683	0.068845
19440	9.813468	0.372220	0.706324	0.005807	-0.014917	0.002211	0.076578	-0.029448	0.996629	-0.211009	0.976445	0.045064	-0.974480	-0.213748	0.068560
19441	9.775057	0.432868	0.783694	0.008756	-0.010813	-0.004941	0.076428	-0.029504	0.996639	-0.211112	0.976421	0.045095	-0.974469	-0.213849	0.068397
19442	9.746473	0.390533	0.680562	0.004160	-0.007721	-0.007665	0.076405	-0.029503	0.996640	-0.211306	0.976379	0.045103	-0.974429	-0.214042	0.068367
19443	9.742810	0.368386	0.673068	0.004468	-0.008007	-0.012999	0.076300	-0.029632	0.996644	-0.211361	0.976362	0.045210	-0.974425	-0.214102	0.068233
19444	9.770044	0.309161	0.778120	-0.003981	0.002521	-0.013393	0.076280	-0.029697	0.996644	-0.211463	0.976337	0.045277	-0.974405	-0.214207	0.068195
19445	9.775379	0.292126	0.749336	-0.009402	-0.001890	-0.011756	0.076232	-0.029801	0.996645	-0.211384	0.976350	0.045363	-0.974426	-0.214133	0.068129
19446	9.771689	0.269720	0.742594	-0.003578	0.000929	-0.005158	0.076234	-0.029767	0.996645	-0.211467	0.976333	0.045336	-0.974408	-0.214214	0.068135
19447	9.758331	0.281148	0.712750	0.005160	0.001633	-0.007868	0.076212	-0.029826	0.996645	-0.211534	0.976316	0.045393	-0.974395	-0.214284	0.068098
19448	9.726315	0.321483	0.681022	0.016139	-0.013884	-0.002033	0.076037	-0.029787	0.996660	-0.211713	0.976280	0.045330	-0.974369	-0.214453	0.067927
19449	9.753564	0.336728	0.612657	0.020138	-0.025693	-0.002356	0.075737	-0.029850	0.996681	-0.211930	0.976232	0.045342	-0.974346	-0.214661	0.067610
19450	9.774392	0.372544	0.653610	0.023578	-0.022257	0.000805	0.075492	-0.029820	0.996700	-0.212287	0.976157	0.045285	-0.974287	-0.215006	0.067361
19451	9.788770	0.429048	0.805239	0.027783	-0.006021	-0.000325	0.075379	-0.029821	0.996709	-0.212580	0.976094	0.045281	-0.974232	-0.215294	0.067237
19452	9.729636	0.454079	0.840138	0.019471	0.000140	0.001279	0.075378	-0.029740	0.996711	-0.212959	0.976014	0.045228	-0.974149	-0.215668	0.067237
19453	9.758437	0.427589	0.737981	0.014446	-0.003632	-0.000338	0.075289	-0.029735	0.996718	-0.213123	0.975979	0.045215	-0.974120	-0.215827	0.067143
19454	9.822345	0.423495	0.627733	0.004481	-0.010245	-0.001497	0.075169	-0.029699	0.996728	-0.213317	0.975938	0.045167	-0.974087	-0.216014	0.067025
19455	9.807719	0.330898	0.600007	-0.009428	-0.010344	-0.002410	0.075019	-0.029729	0.996739	-0.213246	0.975954	0.045159	-0.974114	-0.215939	0.066876
19456	9.786062	0.298148	0.636397	-0.017322	-0.015064	-0.006285	0.074879	-0.029772	0.996748	-0.213359	0.975929	0.045178	-0.974100	-0.216048	0.066724
19457	9.768759	0.250043	0.724818	-0.000863	-0.011503	-0.009271	0.074732	-0.029871	0.996756	-0.213366	0.975924	0.045244	-0.974110	-0.216055	0.066559
19458	9.753409	0.266955	0.856050	0.025560	-0.001326	-0.011102	0.074706	-0.029906	0.996757	-0.213718	0.975845	0.045297	-0.974035	-0.216409	0.066510
19459	9.776434	0.223266	0.909558	0.033006	0.008050	-0.003896	0.074738	-0.029911	0.996754	-0.214060	0.975768	0.045332	-0.973957	-0.216753	0.066524
19460	9.839795	0.182946	0.927808	0.013770	0.022217	0.003270	0.074879	-0.029791	0.996748	-0.214435	0.975689	0.045271	-0.973864	-0.217128	0.066670
19461	9.671589	0.228646	0.683516	0.007757	0.026834	0.006233	0.075072	-0.029656	0.996737	-0.214539	0.975670	0.045188	-0.973826	-0.217231	0.066883
19462	9.864844	0.418936	0.806710	0.010238	0.007176	0.018880	0.075031	-0.029396	0.996748	-0.214791	0.975625	0.044942	-0.973774	-0.217465	0.066888
19463	9.696728	0.533252	0.765674	0.013195	0.029014	0.016092	0.075224	-0.029160	0.996740	-0.214956	0.975597	0.044764	-0.973722	-0.217622	0.067121
19464	9.644421	0.572513	0.565787	0.005936	-0.007770	0.006458	0.075119	-0.029025	0.996752	-0.215102	0.975572	0.044619	-0.973698	-0.217755	0.067041
19465	9.714425	0.511024	0.471001	-0.002145	-0.032087	-0.005936	0.074765	-0.029137	0.996775	-0.215100	0.975571	0.044651	-0.973726	-0.217745	0.066671
19466	9.782974	0.417071	0.582456	-0.016065	-0.029966	-0.018343	0.074459	-0.029333	0.996793	-0.215163	0.975551	0.044781	-0.973735	-0.217808	0.066327
19467	9.830883	0.288312	0.650548	-0.027452	-0.032837	-0.025296	0.074139	-0.029636	0.996807	-0.214901	0.975599	0.044989	-0.973818	-0.217551	0.065961
19468	9.837762	0.194539	0.709685	-0.006835	-0.027717	-0.022219	0.073855	-0.029827	0.996823	-0.214821	0.975611	0.045108	-0.973857	-0.217470	0.065647
19469	9.865576	0.172696	0.687074	0.026800	-0.004720	-0.020934	0.073800	-0.030025	0.996821	-0.215091	0.975542	0.045309	-0.973802	-0.217751	0.065537
19470	9.813414	0.139697	0.658492	0.058691	0.013867	-0.010768	0.073924	-0.030039	0.996811	-0.215845	0.975372	0.045400	-0.973625	-0.218513	0.065620
19471	9.829632	0.191747	0.651020	0.074961	0.016414	0.005166	0.074018	-0.029937	0.996807	-0.216603	0.975205	0.045372	-0.973450	-0.219270	0.065698
19472	9.794999	0.311081	0.611647	0.076548	0.026030	0.017354	0.074235	-0.029622	0.996801	-0.217490	0.975017	0.045172	-0.973235	-0.220148	0.065938
19473	9.742353	0.420262	0.616840	0.074088	0.025685	0.011869	0.074405	-0.029434	0.996794	-0.218245	0.974853	0.045077	-0.973054	-0.220899	0.066110
19474	9.667367	0.535511	0.613462	0.047480	0.013667	0.009539	0.074448	-0.029258	0.996796	-0.218897	0.974712	0.044959	-0.972904	-0.221543	0.066161
19475	9.552854	0.537815	0.486363	0.023641	-0.016072	0.003047	0.074231	-0.029248	0.996812	-0.219154	0.974656	0.044918	-0.972862	-0.221790	0.065939
19476	9.587091	0.492784	0.353213	0.006671	-0.036723	-0.008628	0.073819	-0.029328	0.996840	-0.219213	0.974643	0.044908	-0.972880	-0.221836	0.065518
19477	9.644072	0.368049	0.398924	0.006106	-0.039225	-0.009511	0.073403	-0.029492	0.996866	-0.219290	0.974622	0.044981	-0.972895	-0.221905	0.065073
19478	9.659000	0.281439	0.516697	0.020047	-0.030724	-0.017928	0.073097	-0.029650	0.996884	-0.219497	0.974571	0.045081	-0.972871	-0.222108	0.064730
19479	9.728218	0.043446	0.597148	0.038467	-0.023149	-0.014127	0.072848	-0.029823	0.996897	-0.219885	0.974477	0.045221	-0.972802	-0.222497	0.064431
19480	9.925801	-0.172202	0.708663	0.093191	-0.014451	-0.005801	0.072616	-0.029866	0.996913	-0.220953	0.974233	0.045281	-0.972577	-0.223559	0.064146
19481	10.013249	-0.294628	0.825164	0.153373	0.016350	0.005250	0.072709	-0.029763	0.996909	-0.222473	0.973886	0.045301	-0.972224	-0.225079	0.064189
19482	10.089366	-0.199762	0.907886	0.228983	0.063296	0.016011	0.073196	-0.029410	0.996884	-0.224866	0.973340	0.045226	-0.971637	-0.227476	0.064631
19483	9.883068	-0.027491	1.247090	0.289993	0.128640	0.025345	0.074333	-0.028853	0.996816	-0.227726	0.972678	0.045136	-0.970884	-0.230356	0.065731
19484	9.675782	-0.032964	1.309659	0.314013	0.144414	0.026074	0.075620	-0.028184	0.996738	-0.230885	0.971940	0.044999	-0.970038	-0.233535	0.066991
19485	10.378219	-0.068247	1.715109	0.313168	0.197454	0.037704	0.077392	-0.027338	0.996626	-0.233976	0.971209	0.044810	-0.969157	-0.236654	0.068767
19486	9.447205	-0.164255	1.874759	0.271803	0.261425	0.065676	0.079726	-0.026028	0.996477	-0.237012	0.970496	0.044312	-0.968230	-0.239710	0.071205
19487	9.956057	-0.358093	1.455254	0.268961	0.237211	0.065129	0.081811	-0.024809	0.996339	-0.239693	0.969859	0.043831	-0.967396	-0.242401	0.073399
19488	10.071164	-0.515623	1.125314	0.312889	0.287970	0.076373	0.084329	-0.023283	0.996166	-0.242887	0.969092	0.043211	-0.966382	-0.245599	0.076067
19489	10.139318	-0.429369	0.664301	0.368932	0.263281	0.081080	0.086618	-0.021831	0.996002	-0.246545	0.968192	0.042663	-0.965253	-0.249255	0.078480
19490	10.192105	-0.242680	0.104210	0.369982	0.225196	0.076565	0.088550	-0.020436	0.995862	-0.250353	0.967238	0.042109	-0.964097	-0.253046	0.080533
19491	10.053004	-0.039460	-0.217056	0.372316	0.189890	0.064296	0.090162	-0.019315	0.995740	-0.254024	0.966296	0.041746	-0.962986	-0.256706	0.082217
19492	9.927632	0.217891	-0.260315	0.342413	0.137643	0.043088	0.091306	-0.018473	0.995652	-0.257657	0.965343	0.041539	-0.961913	-0.260329	0.083382
19493	9.976295	0.365933	-0.067599	0.274168	0.085884	0.003936	0.092066	-0.018196	0.995587	-0.260323	0.964621	0.041704	-0.961122	-0.263013	0.084072
19494	9.933246	0.401738	0.141259	0.213588	0.053787	-0.049161	0.092656	-0.018428	0.995528	-0.262417	0.964028	0.042268	-0.960496	-0.265160	0.084488
19495	9.874788	0.312147	0.371460	0.185028	0.020054	-0.083971	0.093014	-0.019169	0.995480	-0.264143	0.963514	0.043234	-0.959988	-0.266970	0.084557
19496	9.810986	0.100148	0.602175	0.173654	0.001409	-0.122434	0.093307	-0.020240	0.995432	-0.265752	0.963014	0.044491	-0.959515	-0.268690	0.084477
19497	9.791677	-0.155661	0.897219	0.214644	-0.001042	-0.139495	0.093614	-0.021572	0.995375	-0.267708	0.962400	0.046034	-0.958942	-0.270779	0.084319
19498	9.751511	-0.372930	1.272080	0.285850	0.023045	-0.142644	0.094129	-0.022783	0.995299	-0.270336	0.961590	0.047578	-0.958154	-0.273543	0.084354
19499	9.789200	-0.459973	1.598640	0.371967	0.061625	-0.139065	0.095041	-0.023936	0.995185	-0.273793	0.960527	0.049250	-0.957081	-0.277155	0.084736
19500	9.828036	-0.373114	1.959663	0.462071	0.118543	-0.137169	0.096543	-0.024826	0.995019	-0.278406	0.959111	0.050943	-0.955599	-0.281938	0.085683
19501	10.009085	-0.138457	2.384824	0.538276	0.190901	-0.136283	0.098692	-0.025576	0.994789	-0.283439	0.957539	0.052738	-0.953898	-0.287167	0.087253
19502	10.183512	0.182023	2.800853	0.571000	0.282055	-0.141583	0.101781	-0.025995	0.994467	-0.288948	0.955789	0.054557	-0.951919	-0.292902	0.089770
19503	10.298133	0.551106	3.181507	0.589517	0.410153	-0.152506	0.106070	-0.026225	0.994013	-0.294422	0.953999	0.056587	-0.949771	-0.298662	0.093469
19504	10.079912	0.966497	3.597093	0.608814	0.559794	-0.164261	0.111867	-0.025988	0.993383	-0.300335	0.952024	0.058727	-0.947251	-0.304917	0.098694
19505	11.031303	1.410194	3.984972	0.595263	0.671385	-0.170476	0.118678	-0.025530	0.992604	-0.305797	0.950141	0.061000	-0.944671	-0.310775	0.104954
19506	9.319089	1.744236	4.335510	0.504145	0.895368	-0.168715	0.127657	-0.024196	0.991523	-0.310531	0.948465	0.063125	-0.941952	-0.315957	0.113564
19507	8.944164	2.088360	4.078441	0.447890	0.910603	-0.200583	0.136794	-0.023187	0.990328	-0.314508	0.946984	0.065615	-0.939347	-0.320441	0.122249
19508	8.676455	2.289929	3.821190	0.373474	0.952687	-0.241285	0.146383	-0.022299	0.988977	-0.317730	0.945714	0.068352	-0.936814	-0.324233	0.131351
19509	8.493121	2.310826	3.661218	0.252812	0.944881	-0.304769	0.156140	-0.022092	0.987488	-0.319663	0.944816	0.071682	-0.934578	-0.326856	0.140461
19510	8.705746	2.202940	3.543392	0.151190	0.933262	-0.359466	0.165983	-0.022313	0.985876	-0.320517	0.944242	0.075333	-0.932587	-0.328494	0.149577
19511	9.069639	2.222606	3.745225	0.046336	0.934437	-0.395607	0.175902	-0.022963	0.984140	-0.320302	0.943992	0.079276	-0.930841	-0.329167	0.158695
19512	9.285140	2.005729	4.100136	-0.137489	0.931506	-0.403536	0.185887	-0.023586	0.982288	-0.318558	0.944266	0.082957	-0.929498	-0.328337	0.168014
19513	9.810173	1.601444	4.324997	-0.387946	0.894718	-0.392813	0.195389	-0.024363	0.980423	-0.314235	0.945431	0.086118	-0.929021	-0.324909	0.177071
19514	10.413121	1.192308	3.981434	-0.563575	0.855476	-0.332715	0.204442	-0.024609	0.978569	-0.308726	0.947042	0.088315	-0.928920	-0.320165	0.186018
19515	10.737730	0.881569	3.378319	-0.639246	0.745683	-0.247200	0.212071	-0.024574	0.976945	-0.302303	0.949001	0.089494	-0.929322	-0.314313	0.193827
19516	11.188665	0.549661	1.970614	-0.695781	0.568244	-0.151148	0.217883	-0.024078	0.975678	-0.296004	0.950978	0.089570	-0.930005	-0.308320	0.200075
19517	11.406170	0.360531	0.962585	-0.728114	0.422321	-0.088504	0.222018	-0.023619	0.974757	-0.289065	0.953169	0.088936	-0.931209	-0.301513	0.204793
19518	11.363593	-0.110871	0.329601	-0.697306	0.306573	-0.050738	0.225136	-0.023036	0.974055	-0.282718	0.955164	0.087935	-0.932408	-0.295180	0.208529
19519	11.382393	-0.648821	-0.243054	-0.437928	0.242209	-0.035905	0.227442	-0.022655	0.973528	-0.278584	0.956432	0.087342	-0.933092	-0.291075	0.211221
19520	10.959245	-0.106319	-0.217484	0.078490	0.313309	-0.048772	0.230554	-0.022066	0.972809	-0.279428	0.956134	0.087912	-0.932076	-0.292098	0.214275
19521	9.965434	0.789544	0.000585	0.522747	0.380773	-0.079015	0.234268	-0.021685	0.971930	-0.284143	0.954569	0.089786	-0.929721	-0.297201	0.217463
19522	9.238849	1.592474	0.549343	0.841260	0.416884	-0.129230	0.238534	-0.021577	0.970894	-0.291539	0.952048	0.092784	-0.926340	-0.305185	0.220806
19523	8.765919	2.362101	0.852700	0.974997	0.429244	-0.182538	0.242989	-0.021968	0.969780	-0.300144	0.948980	0.096701	-0.922426	-0.314571	0.223998
19524	8.452429	2.887886	0.965427	0.956608	0.421742	-0.202786	0.247508	-0.022405	0.968627	-0.308734	0.945796	0.100766	-0.918381	-0.323988	0.227175
19525	8.543727	3.189019	0.934521	0.763259	0.381989	-0.211759	0.251617	-0.023141	0.967550	-0.315235	0.943238	0.104538	-0.915050	-0.331309	0.230040
19526	8.549007	3.230593	0.584942	0.443711	0.384375	-0.209486	0.255827	-0.023700	0.966432	-0.319090	0.941601	0.107558	-0.912543	-0.335895	0.233324
19527	8.479087	3.168048	-0.135906	0.053569	0.345778	-0.191526	0.259538	-0.024328	0.965426	-0.319118	0.941367	0.109511	-0.911484	-0.336507	0.236557
19528	8.362473	2.491380	-0.888330	-0.318085	0.278192	-0.166987	0.262582	-0.024872	0.964589	-0.316016	0.942317	0.110324	-0.911693	-0.333795	0.239576
19529	8.368680	1.755997	-1.086890	-0.611637	0.200370	-0.154793	0.264842	-0.025656	0.963951	-0.310061	0.944294	0.110321	-0.913083	-0.328101	0.242133
19530	8.482104	1.046836	-0.935107	-0.970370	0.123999	-0.132448	0.266432	-0.026435	0.963491	-0.301008	0.947346	0.109229	-0.915646	-0.319120	0.244447
19531	8.606759	0.154523	-0.531864	-1.224272	0.108178	-0.114687	0.267711	-0.027171	0.963116	-0.289504	0.951143	0.107304	-0.918977	-0.307553	0.246765
19532	8.735641	-0.917994	-0.063872	-1.366343	0.116810	-0.081608	0.269118	-0.027463	0.962715	-0.277136	0.955107	0.104717	-0.922372	-0.294984	0.249426
19533	8.948631	-1.998589	0.431936	-1.365493	0.153235	-0.028588	0.270560	-0.027279	0.962317	-0.264475	0.959032	0.101545	-0.925662	-0.281983	0.252260
19534	9.149805	-3.100810	1.015084	-1.245105	0.185656	0.055648	0.272224	-0.026058	0.961881	-0.253629	0.962339	0.097851	-0.928206	-0.270599	0.255362
19535	9.283516	-4.118771	1.475932	-1.058219	0.203266	0.175250	0.273625	-0.023813	0.961542	-0.244309	0.965186	0.093426	-0.930292	-0.260477	0.258281
19536	9.426286	-4.748157	2.188632	-0.800203	0.229346	0.333782	0.275015	-0.019833	0.961235	-0.238188	0.967215	0.088103	-0.931468	-0.253184	0.261275
19537	9.664942	-5.177195	3.100036	-0.379676	0.287264	0.494018	0.276468	-0.014312	0.960916	-0.236048	0.968247	0.082336	-0.931583	-0.249586	0.264311
19538	9.523204	-4.714562	4.169955	0.113075	0.352183	0.635326	0.278198	-0.007177	0.960497	-0.238930	0.968024	0.076437	-0.930332	-0.250756	0.267588
19539	9.302835	-3.625357	5.096796	0.617511	0.418337	0.715920	0.280295	0.000827	0.959913	-0.246702	0.966472	0.071204	-0.927671	-0.256771	0.271102
19540	8.753186	-2.014013	6.097287	1.061771	0.497242	0.735010	0.282997	0.009332	0.959075	-0.258602	0.963662	0.066930	-0.923600	-0.266960	0.275127
19541	8.073427	-0.239217	7.059398	1.291558	0.537885	0.707556	0.286021	0.017623	0.958061	-0.272548	0.960031	0.063707	-0.918645	-0.279339	0.279392
19542	7.723904	1.728532	7.769010	1.254788	0.529713	0.621178	0.289054	0.025312	0.956978	-0.286165	0.956228	0.061144	-0.913541	-0.291527	0.283645
19543	7.628900	3.788467	8.549640	0.968197	0.502781	0.491722	0.292152	0.031511	0.955853	-0.296454	0.953211	0.059186	-0.909265	-0.300658	0.287824
19544	7.951566	5.427800	9.431096	0.584759	0.479825	0.299847	0.295590	0.036019	0.954636	-0.302901	0.951262	0.057897	-0.906023	-0.306274	0.292093
19545	8.361850	6.351482	10.180920	0.231912	0.474837	0.039986	0.299713	0.037874	0.953277	-0.305155	0.950524	0.058177	-0.903909	-0.308334	0.296442
19546	7.737087	6.494805	10.050087	-0.240791	0.575533	-0.094633	0.305189	0.038992	0.951493	-0.303139	0.951164	0.058252	-0.902755	-0.306213	0.302105
19547	7.918759	5.031096	8.810623	-0.669093	0.512153	-0.170752	0.310274	0.038933	0.949850	-0.296609	0.953247	0.057816	-0.903191	-0.299673	0.307316
19548	8.154575	3.392630	7.195904	-0.929912	0.459205	-0.200234	0.315008	0.038526	0.948307	-0.287757	0.956021	0.056748	-0.904414	-0.290758	0.312240
19549	8.487670	1.899054	5.846395	-0.896066	0.374886	-0.188676	0.318885	0.037810	0.947039	-0.279087	0.958649	0.055700	-0.905772	-0.282068	0.316251
19550	8.902078	0.838427	4.748301	-0.691831	0.339973	-0.155512	0.322336	0.037336	0.945889	-0.272286	0.960651	0.054870	-0.906620	-0.275239	0.319818
19551	8.794029	0.108888	4.165357	-0.382544	0.375217	-0.097505	0.325950	0.037441	0.944645	-0.268540	0.961723	0.054541	-0.906445	-0.271453	0.323528
19552	8.371790	-0.368780	3.730148	-0.025947	0.446510	-0.068923	0.330113	0.037906	0.943180	-0.267644	0.961946	0.055016	-0.905203	-0.270598	0.327696
19553	7.841583	-0.511696	3.528668	0.220686	0.462371	-0.040563	0.334352	0.038789	0.941650	-0.269542	0.961353	0.056106	-0.903081	-0.272574	0.331885
19554	7.373262	-0.305416	3.537888	0.413329	0.478552	-0.026617	0.338825	0.040003	0.939999	-0.273387	0.960173	0.057682	-0.900254	-0.276527	0.336266
19555	7.255937	0.218864	4.102381	0.640783	0.506832	-0.051019	0.343469	0.040947	0.938271	-0.279009	0.958393	0.060310	-0.896763	-0.282500	0.340603
19556	6.631407	0.693744	3.933546	0.587412	0.428365	-0.049564	0.347507	0.041798	0.936745	-0.284163	0.956722	0.062727	-0.893583	-0.287986	0.344345
19557	6.741728	0.124027	1.504440	0.105117	0.168437	0.038054	0.348853	0.042665	0.936206	-0.285272	0.956392	0.062715	-0.892704	-0.288952	0.345811
19558	6.956370	0.063408	-0.258979	-0.297323	-0.132395	0.162211	0.347235	0.043966	0.936747	-0.283306	0.957145	0.060093	-0.893961	-0.286253	0.344810
19559	6.832942	-0.308078	-1.710674	-0.738380	-0.533606	0.250325	0.341702	0.044872	0.938736	-0.277591	0.959112	0.055197	-0.897877	-0.279446	0.340187
19560	8.025157	-0.059593	-2.304930	-0.950611	-0.867762	0.323196	0.333010	0.045741	0.941813	-0.270307	0.961533	0.048878	-0.903348	-0.270856	0.332564
19561	8.658114	0.465476	-1.451870	-0.919939	-0.971095	0.345182	0.323239	0.046493	0.945175	-0.263142	0.963817	0.042582	-0.908996	-0.262479	0.323777
19562	9.591766	0.525365	0.782274	-0.870896	-1.018813	0.338725	0.313029	0.047263	0.948567	-0.256431	0.965873	0.036497	-0.914470	-0.254667	0.314467
19563	11.746912	-0.055453	4.049925	-0.756125	-0.963935	0.331531	0.303300	0.048066	0.951682	-0.250558	0.967606	0.030983	-0.919364	-0.247849	0.305518
19564	13.630943	-1.135718	6.116837	-0.593301	-0.799488	0.359599	0.295037	0.049616	0.954197	-0.246061	0.968914	0.025700	-0.923259	-0.242373	0.298074
19565	13.880542	-1.662382	4.929313	-0.541657	-0.681220	0.409075	0.287687	0.051968	0.956314	-0.242281	0.969996	0.020174	-0.926572	-0.237500	0.291646
19566	13.512645	-1.255547	2.637238	-0.180553	-0.774910	0.423244	0.279476	0.054316	0.958615	-0.241808	0.970200	0.015524	-0.929205	-0.236140	0.284282
19567	13.058350	0.935294	2.539344	0.555012	-0.813183	0.339777	0.271033	0.055686	0.960958	-0.247941	0.968677	0.013797	-0.930089	-0.242000	0.276351
19568	11.596113	3.405508	2.708158	0.845901	-0.735400	0.227979	0.263595	0.056145	0.962998	-0.256377	0.966478	0.013829	-0.929940	-0.250536	0.269153
19569	9.917304	5.248169	1.568941	0.459681	-0.814147	0.140596	0.255605	0.055462	0.965189	-0.261056	0.965227	0.013669	-0.930868	-0.255462	0.261195
19570	7.900910	6.657243	-0.050054	-0.041706	-0.899611	0.142373	0.246789	0.054677	0.967525	-0.261243	0.965197	0.012090	-0.933192	-0.255743	0.252484
19571	7.718314	6.828711	-1.383068	-0.431297	-1.110651	0.139480	0.235990	0.053223	0.970297	-0.257584	0.966208	0.009650	-0.936995	-0.252210	0.241725
19572	8.264185	5.894219	-1.673621	-0.843423	-1.196708	0.164760	0.224270	0.051814	0.973149	-0.249843	0.968268	0.006024	-0.941956	-0.244485	0.230099
19573	8.771762	3.612316	-2.067578	-1.485424	-1.324214	0.181015	0.211262	0.050443	0.976127	-0.236233	0.971696	0.000913	-0.948453	-0.230786	0.217198
19574	10.189965	1.154002	-2.941298	-1.941229	-1.417197	0.187584	0.197341	0.048928	0.979113	-0.217429	0.976063	-0.004953	-0.955919	-0.211911	0.203256
19575	10.810128	-0.888718	-3.085801	-2.035411	-1.359973	0.238078	0.183748	0.048527	0.981775	-0.198391	0.980058	-0.011312	-0.962745	-0.192697	0.189711
19576	10.860845	-2.802481	-2.254771	-1.900092	-1.347002	0.293498	0.170134	0.048869	0.984208	-0.180274	0.983458	-0.017669	-0.968791	-0.174422	0.176129
19577	10.080610	-4.715536	-1.345259	-1.589501	-1.344811	0.354624	0.156408	0.050140	0.986419	-0.165449	0.985929	-0.023881	-0.973737	-0.159467	0.162503
19578	9.372238	-5.926633	-0.812719	-1.060160	-1.329812	0.414901	0.142718	0.052112	0.988391	-0.155340	0.987417	-0.029630	-0.977497	-0.149308	0.149018
19579	8.777472	-5.906124	0.056688	-0.316815	-1.248520	0.435849	0.129778	0.054592	0.990039	-0.152867	0.987647	-0.034421	-0.979688	-0.146877	0.136520
19580	8.601781	-4.583839	1.277668	0.440659	-1.182457	0.379155	0.117550	0.056550	0.991456	-0.157337	0.986828	-0.037631	-0.980524	-0.151569	0.124899
19581	10.380451	-2.820698	2.169499	1.050912	-1.044572	0.271291	0.106819	0.057608	0.992608	-0.167975	0.985016	-0.039091	-0.979987	-0.162558	0.114895
19582	10.345922	-1.086597	3.132816	1.325102	-0.916630	0.184263	0.097378	0.057897	0.993562	-0.180979	0.982692	-0.039525	-0.978654	-0.175965	0.106171
19583	10.718209	-0.518229	3.239628	1.233091	-0.858722	0.116824	0.088711	0.057500	0.994396	-0.193178	0.980370	-0.039456	-0.977145	-0.188595	0.098077
19584	9.981111	-1.046468	2.974386	0.995757	-0.856528	0.048097	0.080130	0.056366	0.995190	-0.202898	0.978420	-0.039079	-0.975916	-0.198791	0.089837
19585	10.416670	-1.798163	2.392927	0.907078	-0.957938	0.047720	0.070635	0.054904	0.995990	-0.211812	0.976540	-0.038810	-0.974755	-0.208221	0.080607
19586	10.023360	-0.034964	1.455709	0.762204	-0.919297	0.088091	0.061433	0.053863	0.996657	-0.219152	0.974904	-0.039179	-0.973755	-0.216013	0.071696
19587	9.865462	0.558605	0.135209	0.281822	-0.990264	0.063326	0.051599	0.052345	0.997295	-0.221962	0.974249	-0.039652	-0.973689	-0.219316	0.061889
19588	9.817022	0.100215	0.196548	0.076552	-0.971712	0.034502	0.041984	0.050576	0.997837	-0.222420	0.974129	-0.040016	-0.974047	-0.220259	0.052147
19589	9.648133	-0.465598	0.028450	0.062410	-0.983164	-0.005340	0.032365	0.048374	0.998305	-0.223055	0.973986	-0.039964	-0.974268	-0.221384	0.042313
19590	9.605142	-0.212710	-0.166973	0.106358	-0.959010	-0.066162	0.023057	0.045653	0.998691	-0.223989	0.973797	-0.039343	-0.974319	-0.222789	0.032679
19591	10.241539	0.199438	-0.309762	0.086480	-0.985955	-0.114850	0.013656	0.042352	0.999009	-0.224840	0.973647	-0.038203	-0.974300	-0.224095	0.022818
19592	9.775649	0.967749	0.095247	0.051123	-0.897312	-0.118582	0.005078	0.039212	0.999218	-0.224860	0.973686	-0.037067	-0.974378	-0.224496	0.013762
19593	9.328170	1.188854	0.307106	-0.151452	-0.927485	-0.097358	-0.003795	0.036207	0.999337	-0.223411	0.974054	-0.036139	-0.974717	-0.223400	0.004392
19594	9.408112	0.707538	0.866165	-0.258436	-0.934308	-0.076871	-0.012828	0.033429	0.999359	-0.220685	0.974701	-0.035437	-0.975261	-0.220998	-0.005127
19595	9.401596	0.129896	1.185778	-0.375593	-0.949194	-0.069463	-0.021989	0.030690	0.999287	-0.217060	0.975540	-0.034737	-0.975911	-0.217669	-0.014790
19596	9.695560	-0.622964	1.381234	-0.397732	-0.926475	-0.081820	-0.030983	0.027942	0.999129	-0.213043	0.976454	-0.033914	-0.976551	-0.213909	-0.024301
19597	10.307470	-1.325097	1.655941	-0.349665	-0.838861	-0.082846	-0.039055	0.025372	0.998915	-0.209683	0.977212	-0.033019	-0.976989	-0.210745	-0.032845
19598	10.239887	-1.689026	1.729741	-0.304339	-0.747549	-0.047982	-0.046327	0.023407	0.998652	-0.206452	0.977917	-0.032498	-0.977359	-0.207679	-0.040472
19599	10.258631	-1.787981	1.712413	-0.286497	-0.656728	-0.022524	-0.052753	0.021852	0.998368	-0.203688	0.978507	-0.032180	-0.977614	-0.205053	-0.047168
19600	10.058403	-1.740743	1.486699	-0.254426	-0.596819	-0.028501	-0.058625	0.020437	0.998071	-0.200972	0.979079	-0.031853	-0.977841	-0.202451	-0.053291
19601	9.900893	-1.384917	1.166135	-0.288132	-0.553222	-0.043025	-0.064002	0.018924	0.997770	-0.198206	0.979661	-0.031295	-0.978069	-0.199767	-0.058949
19602	9.872238	-0.945320	0.725324	-0.355345	-0.541350	-0.076931	-0.069234	0.017186	0.997452	-0.194669	0.980398	-0.030404	-0.978423	-0.196278	-0.064532
19603	9.786484	-0.658098	0.161183	-0.382310	-0.529381	-0.118449	-0.074239	0.015016	0.997127	-0.191037	0.981154	-0.028999	-0.978771	-0.192641	-0.069971
19604	9.514117	-0.389064	-0.326449	-0.413495	-0.553095	-0.161222	-0.079405	0.012472	0.996764	-0.187105	0.981964	-0.027192	-0.979125	-0.188659	-0.075639
19605	9.634886	-0.391572	-0.511370	-0.405103	-0.623654	-0.193725	-0.085205	0.009427	0.996319	-0.183322	0.982736	-0.024976	-0.979353	-0.184775	-0.082006
19606	9.486886	-0.337209	-0.295263	-0.423216	-0.675867	-0.204911	-0.091521	0.006280	0.995783	-0.179282	0.983536	-0.022680	-0.979532	-0.180601	-0.088889
19607	9.383792	-0.535093	-0.342557	-0.531070	-0.829534	-0.184953	-0.099373	0.003006	0.995046	-0.174280	0.984485	-0.020379	-0.979669	-0.175441	-0.097307
19608	9.337196	-0.989971	-0.141988	-0.571107	-0.940667	-0.165066	-0.108364	-0.000152	0.994111	-0.168900	0.985464	-0.018261	-0.979658	-0.169884	-0.106814
19609	9.015723	-1.540299	0.160946	-0.603046	-1.059356	-0.182202	-0.118490	-0.003693	0.992948	-0.163223	0.986463	-0.015809	-0.979448	-0.163945	-0.117488
19610	10.246890	-1.977122	0.413881	-0.552936	-1.134591	-0.191952	-0.129339	-0.007318	0.991573	-0.158115	0.987331	-0.013337	-0.978913	-0.158508	-0.128857
19611	10.468524	-1.550097	1.061188	-0.448793	-1.071152	-0.177874	-0.139594	-0.010725	0.990151	-0.153986	0.988012	-0.011008	-0.978163	-0.154006	-0.139572
19612	10.283890	-0.981995	1.956868	-0.410545	-0.960347	-0.189449	-0.148703	-0.013947	0.988784	-0.150351	0.988595	-0.008667	-0.977385	-0.149953	-0.149104
19613	11.027676	-0.705093	3.119690	-0.459608	-0.888012	-0.214863	-0.157112	-0.017358	0.987428	-0.146211	0.989236	-0.005874	-0.976698	-0.145296	-0.157959
19614	11.061380	-0.059777	4.239944	-0.549875	-0.617888	-0.172215	-0.162913	-0.019820	0.986441	-0.141249	0.989968	-0.003437	-0.976477	-0.139893	-0.164078
19615	11.349584	0.177273	5.227070	-0.706463	-0.370536	-0.183711	-0.166329	-0.022119	0.985822	-0.134674	0.990890	-0.000489	-0.976830	-0.132846	-0.167792
19616	11.256878	0.250332	6.192113	-0.871430	-0.071947	-0.194600	-0.166794	-0.024039	0.985699	-0.126668	0.991941	0.002758	-0.977822	-0.124396	-0.168494
19617	11.658066	-0.226128	7.434103	-1.093943	0.239374	-0.227995	-0.164224	-0.025991	0.986081	-0.116361	0.993184	0.006799	-0.979536	-0.113625	-0.166129
19618	11.416845	-0.501949	8.000462	-1.358938	0.632288	-0.259759	-0.157726	-0.027795	0.987092	-0.103669	0.994546	0.011440	-0.982026	-0.100526	-0.159748
19619	10.981971	0.362180	6.859267	-1.500574	0.827503	-0.274147	-0.149374	-0.029725	0.988334	-0.089356	0.995864	0.016446	-0.984735	-0.085857	-0.151412
19620	11.682708	1.443378	6.352768	-1.512848	0.869475	-0.314574	-0.140522	-0.032061	0.989558	-0.075130	0.996939	0.021632	-0.987223	-0.071305	-0.142500
19621	13.458919	1.762773	5.803016	-1.593287	0.958991	-0.372280	-0.130840	-0.035135	0.990781	-0.059910	0.997826	0.027474	-0.989592	-0.055763	-0.132660
19622	15.573847	0.944851	4.515997	-1.454269	1.303838	-0.434438	-0.117661	-0.038724	0.992299	-0.046263	0.998368	0.033475	-0.991976	-0.041968	-0.119261
19623	16.033917	0.851905	4.014145	-0.936361	1.832280	-0.512745	-0.099296	-0.043122	0.994123	-0.037544	0.998512	0.039562	-0.994349	-0.033395	-0.100767
19624	14.608119	1.412004	2.532955	-0.330483	2.190450	-0.541591	-0.077258	-0.047701	0.995869	-0.034956	0.998370	0.045109	-0.996398	-0.031326	-0.078799
19625	11.841949	2.231423	-0.135836	0.482701	2.224223	-0.592617	-0.054906	-0.052822	0.997093	-0.040187	0.997907	0.050652	-0.997683	-0.037289	-0.056913
19626	9.820551	1.384230	-1.060213	0.811277	2.010149	-0.710973	-0.034488	-0.058945	0.997665	-0.048813	0.997167	0.057228	-0.998212	-0.046726	-0.037268
19627	9.037161	0.516465	0.033436	0.881629	2.029503	-0.883704	-0.013805	-0.066672	0.997679	-0.057857	0.996156	0.065769	-0.998229	-0.056814	-0.017610
19628	9.108867	-0.519712	1.457618	0.738756	2.017617	-1.106787	0.007056	-0.076328	0.997058	-0.065472	0.994908	0.076627	-0.997829	-0.065820	0.002023
19629	9.624565	-1.705180	1.079134	0.298704	2.085775	-1.258139	0.028656	-0.087386	0.995762	-0.068258	0.993675	0.089168	-0.997256	-0.070524	0.022510
19630	10.949353	-4.307593	-2.122426	0.057278	2.119030	-1.243517	0.050684	-0.098068	0.993888	-0.068562	0.992478	0.101425	-0.996359	-0.073284	0.043579
19631	11.039874	-5.998682	-4.177637	0.414447	2.151272	-0.975002	0.072739	-0.106064	0.991695	-0.072119	0.991167	0.111297	-0.994740	-0.079615	0.064447
19632	12.093009	-6.033022	-3.731858	1.135350	2.098065	-0.540037	0.094053	-0.109416	0.989536	-0.083215	0.989600	0.117332	-0.992083	-0.093379	0.083969
19633	12.724354	-4.919196	-2.428536	1.628273	2.125840	-0.113991	0.115159	-0.108333	0.987422	-0.099254	0.987806	0.119951	-0.988376	-0.111819	0.103003
19634	12.743765	-3.703841	-1.601069	1.849614	2.022054	0.179551	0.134958	-0.103866	0.985392	-0.118042	0.985723	0.120067	-0.983795	-0.132522	0.120771
19635	12.123799	-2.025044	-1.564559	1.935764	1.822345	0.334018	0.152364	-0.097944	0.983459	-0.137552	0.983291	0.119238	-0.978705	-0.153445	0.136346
19636	11.896031	-0.074209	-2.041173	1.929024	1.554149	0.375701	0.167026	-0.091457	0.981701	-0.157334	0.980457	0.118110	-0.973318	-0.174182	0.149373
19637	11.280788	2.062154	-2.194860	1.742922	1.441833	0.313491	0.180450	-0.085719	0.979842	-0.174832	0.977536	0.117715	-0.967921	-0.192550	0.161410
19638	9.947492	3.533105	-1.954012	1.437961	1.347679	0.186931	0.193154	-0.080941	0.977824	-0.189403	0.974771	0.118102	-0.962714	-0.208015	0.172951
19639	9.703899	4.046470	-0.907975	1.249593	1.268781	0.027597	0.205233	-0.077926	0.975606	-0.201495	0.972107	0.120034	-0.957747	-0.221214	0.183806
19640	9.205399	4.315202	-1.604060	1.049288	1.215361	-0.076564	0.217031	-0.075674	0.973227	-0.211670	0.969622	0.122597	-0.952939	-0.232610	0.194420
19641	8.886606	4.556975	-1.388288	0.615882	1.154458	-0.098401	0.228170	-0.073880	0.970814	-0.217346	0.968089	0.124755	-0.949052	-0.239468	0.204831
19642	9.150140	4.233130	-0.995890	0.472710	1.160091	-0.112195	0.239422	-0.071941	0.968247	-0.221841	0.966817	0.126690	-0.945232	-0.245130	0.215518
