// General information: 
//  MT Manager version: 2022.2.0 
//  XDA version: 2022.2.0 build 7381 rev 124627 built on 2023-07-19
// Device information: 
//  DeviceId: 00B4CB9F
//  ProductCode: MTW2-3A7G6
//  Firmware Version: 4.6.0
//  Hardware Version: 2.0.0
// Device settings: 
//  Filter Profile: human(46.1)
//  Option Flags: Orientation Smoother Disabled, Position/Velocity Smoother Disabled, Continuous Zero Rotation Update Disabled, AHS Disabled, ICC Disabled
// Coordinate system: ENU
PacketCounter	Acc_X	Acc_Y	Acc_Z	Gyr_X	Gyr_Y	Gyr_Z	Mat[1][1]	Mat[2][1]	Mat[3][1]	Mat[1][2]	Mat[2][2]	Mat[3][2]	Mat[1][3]	Mat[2][3]	Mat[3][3]
35454	9.720245	0.541320	0.986560	-0.014180	0.044314	-0.023271	0.113902	0.029016	0.993068	-0.508003	0.860719	0.033118	-0.853791	-0.508253	0.112778
35455	9.648080	0.582140	1.071713	0.014724	0.046168	-0.028221	0.114378	0.029024	0.993013	-0.508136	0.860630	0.033374	-0.853648	-0.508403	0.113185
35456	9.680033	0.648862	1.214838	0.020848	0.044193	-0.025139	0.114929	0.028771	0.992957	-0.508018	0.860680	0.033862	-0.853644	-0.508332	0.113533
35457	9.678087	0.670731	1.305141	0.013393	0.048351	-0.029119	0.115427	0.028782	0.992899	-0.508139	0.860599	0.034126	-0.853506	-0.508469	0.113962
35458	9.631892	0.633339	1.429460	0.010936	0.058682	-0.025173	0.116088	0.028648	0.992826	-0.507944	0.860697	0.034557	-0.853532	-0.508311	0.114468
35459	9.640022	0.669374	1.434537	0.005773	0.054236	-0.029095	0.116637	0.028689	0.992760	-0.507999	0.860654	0.034812	-0.853424	-0.508381	0.114958
35460	9.677311	0.715434	1.424214	0.011812	0.062301	-0.030272	0.117331	0.028571	0.992682	-0.507870	0.860712	0.035255	-0.853406	-0.508290	0.115499
35461	9.670820	0.791542	1.428242	-0.021723	0.069939	-0.035239	0.118045	0.028639	0.992595	-0.507682	0.860811	0.035540	-0.853419	-0.508118	0.116154
35462	9.714658	0.745760	1.336022	-0.049282	0.071912	-0.040289	0.118879	0.028493	0.992500	-0.506965	0.861214	0.036000	-0.853729	-0.507443	0.116825
35463	9.670894	0.670578	1.290637	-0.069172	0.072559	-0.040190	0.119641	0.028530	0.992407	-0.506366	0.861555	0.036277	-0.853979	-0.506862	0.117524
35464	9.700250	0.575124	1.216081	-0.083276	0.066993	-0.038750	0.120416	0.028377	0.992318	-0.505389	0.862112	0.036675	-0.854449	-0.505922	0.118153
35465	9.668415	0.532048	1.135087	-0.075874	0.060572	-0.037334	0.121060	0.028377	0.992239	-0.504734	0.862485	0.036915	-0.854744	-0.505286	0.118735
35466	9.733315	0.462549	1.026275	-0.059156	0.052606	-0.030697	0.121675	0.028234	0.992168	-0.503935	0.862938	0.037244	-0.855129	-0.504520	0.119226
35467	9.773560	0.346479	1.072128	-0.034847	0.053356	-0.023145	0.122186	0.028318	0.992103	-0.503648	0.863100	0.037393	-0.855225	-0.504239	0.119722
35468	9.749479	0.354367	1.075037	-0.018616	0.042869	-0.014253	0.122619	0.028275	0.992051	-0.503278	0.863306	0.037600	-0.855381	-0.503888	0.120088
35469	9.751851	0.444136	1.025123	0.003999	0.037020	-0.014519	0.122947	0.028351	0.992008	-0.503333	0.863269	0.037710	-0.855301	-0.503947	0.120407
35470	9.705734	0.494083	1.127796	0.021635	0.032679	-0.012971	0.123265	0.028325	0.991969	-0.503381	0.863233	0.037903	-0.855227	-0.504011	0.120665
35471	9.708185	0.583788	1.076957	0.024412	0.032001	-0.007998	0.123517	0.028432	0.991935	-0.503619	0.863091	0.037972	-0.855051	-0.504247	0.120926
35472	9.650505	0.600931	1.213150	0.031407	0.019926	-0.008918	0.123699	0.028395	0.991913	-0.503775	0.862994	0.038120	-0.854933	-0.504416	0.121056
35473	9.674345	0.613897	1.268074	0.025966	0.013509	-0.012031	0.123814	0.028375	0.991900	-0.504020	0.862845	0.038231	-0.854771	-0.504671	0.121134
35474	9.651177	0.639890	1.318878	0.016551	0.013635	-0.017850	0.123973	0.028256	0.991883	-0.504104	0.862788	0.038428	-0.854699	-0.504776	0.121207
35475	9.677349	0.563393	1.358446	0.024290	0.009180	-0.017267	0.124077	0.028168	0.991873	-0.504329	0.862649	0.038590	-0.854551	-0.505018	0.121241
35476	9.681474	0.618389	1.479422	0.042357	0.010500	-0.013372	0.124180	0.028094	0.991862	-0.504668	0.862443	0.038756	-0.854336	-0.505373	0.121276
35477	9.646181	0.594105	1.512653	0.055005	0.007677	-0.010003	0.124235	0.028062	0.991856	-0.505164	0.862147	0.038882	-0.854035	-0.505880	0.121284
35478	9.655499	0.647244	1.564674	0.057259	0.013669	-0.009024	0.124337	0.028048	0.991844	-0.505667	0.861846	0.039019	-0.853722	-0.506394	0.121342
35479	9.611439	0.678481	1.578664	0.046465	0.009925	-0.004906	0.124385	0.028071	0.991837	-0.506097	0.861591	0.039084	-0.853460	-0.506827	0.121375
35480	9.645998	0.776710	1.475547	0.026699	0.011950	-0.004286	0.124461	0.028056	0.991828	-0.506290	0.861474	0.039164	-0.853335	-0.507027	0.121424
35481	9.574415	0.849340	1.347857	0.008352	0.010932	-0.004763	0.124516	0.028085	0.991820	-0.506394	0.861412	0.039182	-0.853265	-0.507130	0.121482
35482	9.582636	0.865415	1.297045	-0.011160	0.008090	-0.012734	0.124601	0.027989	0.991812	-0.506251	0.861491	0.039289	-0.853337	-0.507001	0.121513
35483	9.619988	0.802771	1.250006	-0.033453	-0.005537	-0.022003	0.124604	0.027786	0.991817	-0.505977	0.861645	0.039427	-0.853499	-0.506749	0.121424
35484	9.603958	0.629654	1.183389	-0.054495	-0.018205	-0.025782	0.124522	0.027467	0.991837	-0.505491	0.861923	0.039593	-0.853799	-0.506295	0.121212
35485	9.658682	0.437233	1.121294	-0.053747	-0.031219	-0.014360	0.124266	0.027200	0.991876	-0.505053	0.862178	0.039632	-0.854096	-0.505874	0.120877
35486	9.691340	0.375728	1.139398	-0.043555	-0.040579	-0.010546	0.123920	0.026889	0.991928	-0.504657	0.862408	0.039668	-0.854380	-0.505499	0.120439
35487	9.749209	0.359731	1.001382	-0.035562	-0.049109	0.000042	0.123439	0.026656	0.991994	-0.504392	0.862567	0.039586	-0.854606	-0.505240	0.119919
35488	9.758732	0.392688	0.995630	-0.024583	-0.067716	0.001836	0.122791	0.026332	0.992083	-0.504208	0.862678	0.039509	-0.854808	-0.505068	0.119206
35489	9.790648	0.383494	0.886757	-0.020157	-0.087738	0.000781	0.121975	0.025910	0.992195	-0.504075	0.862759	0.039438	-0.855003	-0.504951	0.118296
35490	9.859523	0.365045	0.917660	-0.013649	-0.100048	0.004707	0.121038	0.025437	0.992322	-0.503976	0.862821	0.039355	-0.855195	-0.504870	0.117254
35491	9.819828	0.321940	0.957788	0.014088	-0.101412	0.008373	0.120067	0.025012	0.992451	-0.504145	0.862727	0.039249	-0.855232	-0.505052	0.116195
35492	9.764864	0.355149	1.133172	0.053046	-0.104828	0.013883	0.119045	0.024591	0.992584	-0.504614	0.862457	0.039153	-0.855098	-0.505533	0.115080
35493	9.689304	0.483181	1.252145	0.090027	-0.112266	0.017570	0.117935	0.024189	0.992727	-0.505443	0.861976	0.039043	-0.854762	-0.506371	0.113884
35494	9.631031	0.481745	1.357704	0.096090	-0.116492	0.018084	0.116795	0.023741	0.992872	-0.506273	0.861493	0.038955	-0.854428	-0.507214	0.112637
35495	9.590536	0.495324	1.620050	0.101961	-0.109818	0.016338	0.115712	0.023339	0.993009	-0.507201	0.860951	0.038868	-0.854025	-0.508152	0.111460
35496	9.556344	0.399323	1.747903	0.110290	-0.108052	0.017809	0.114645	0.022925	0.993142	-0.508155	0.860391	0.038799	-0.853601	-0.509118	0.110289
35497	9.590704	0.374959	1.895921	0.127181	-0.103980	0.019306	0.113598	0.022576	0.993270	-0.509300	0.859718	0.038707	-0.853058	-0.510270	0.109160
35498	9.525485	0.449896	2.035405	0.156352	-0.086356	0.012390	0.112743	0.022234	0.993375	-0.510649	0.858917	0.038731	-0.852365	-0.511633	0.108191
35499	9.451132	0.492622	2.177131	0.155669	-0.064240	0.011250	0.112077	0.022016	0.993456	-0.512026	0.858096	0.038748	-0.851627	-0.513017	0.107445
35500	9.360793	0.468443	2.287173	0.161077	-0.051796	0.003448	0.111562	0.021776	0.993519	-0.513416	0.857260	0.038862	-0.850857	-0.514424	0.106818
35501	9.327440	0.484631	2.453009	0.150938	-0.031881	-0.006068	0.111260	0.021574	0.993557	-0.514730	0.856463	0.039043	-0.850102	-0.515758	0.106395
35502	9.290963	0.426060	2.380239	0.118838	-0.030536	-0.016625	0.111030	0.021277	0.993589	-0.515749	0.855838	0.039306	-0.849515	-0.516807	0.105997
35503	9.399596	0.288266	2.111337	0.079284	-0.047944	-0.023679	0.110683	0.020840	0.993637	-0.516434	0.855412	0.039586	-0.849144	-0.517529	0.105442
35504	9.595486	0.179175	1.793843	0.039566	-0.054480	-0.033049	0.110336	0.020279	0.993687	-0.516764	0.855197	0.039927	-0.848988	-0.517907	0.104838
35505	9.596532	0.124661	1.566274	0.020030	-0.045951	-0.044617	0.110115	0.019674	0.993724	-0.516922	0.855081	0.040351	-0.848921	-0.518121	0.104327
35506	9.613198	0.138822	1.371417	0.025666	-0.059005	-0.050951	0.109823	0.018938	0.993771	-0.517107	0.854945	0.040854	-0.848846	-0.518373	0.103686
35507	9.695124	0.089071	1.441572	0.047026	-0.067547	-0.060764	0.109502	0.018082	0.993822	-0.517477	0.854692	0.041466	-0.848662	-0.518821	0.102948
35508	9.662275	0.109144	1.605710	0.077481	-0.063518	-0.063170	0.109234	0.017229	0.993867	-0.518101	0.854281	0.042134	-0.848316	-0.519526	0.102243
35509	9.660083	0.158705	1.804736	0.098074	-0.074214	-0.067281	0.108892	0.016282	0.993920	-0.518897	0.853762	0.042863	-0.847873	-0.520409	0.101417
35510	9.647963	0.157317	1.952639	0.104991	-0.078010	-0.076453	0.108570	0.015242	0.993972	-0.519757	0.853196	0.043689	-0.847387	-0.521367	0.100554
35511	9.639010	0.126252	2.309848	0.099409	-0.072165	-0.081228	0.108320	0.014186	0.994015	-0.520549	0.852669	0.044557	-0.846933	-0.522259	0.099745
35512	9.590220	0.075082	2.805345	0.091820	-0.055783	-0.086990	0.108245	0.013171	0.994037	-0.521281	0.852172	0.045473	-0.846492	-0.523095	0.099109
35513	9.569105	0.016336	3.235148	0.105597	-0.042452	-0.095475	0.108322	0.012149	0.994042	-0.522109	0.851611	0.046487	-0.845972	-0.524034	0.098591
35514	9.615290	0.032199	3.686163	0.137517	0.012562	-0.105952	0.108927	0.011341	0.993985	-0.523216	0.850868	0.047629	-0.845210	-0.525257	0.098616
35515	9.501779	0.020298	4.101801	0.202216	0.095140	-0.116163	0.110277	0.010867	0.993841	-0.524834	0.849796	0.048944	-0.844031	-0.526999	0.099417
35516	9.369349	0.099672	4.329913	0.280520	0.186070	-0.122000	0.112435	0.010849	0.993600	-0.527129	0.848290	0.050387	-0.842314	-0.529421	0.101096
35517	9.086812	0.160818	4.402194	0.322270	0.277660	-0.127365	0.115382	0.011257	0.993257	-0.529733	0.846573	0.051942	-0.840280	-0.532154	0.103642
35518	8.999656	0.098818	4.430788	0.345507	0.357662	-0.127283	0.119008	0.012130	0.992819	-0.532563	0.844697	0.053517	-0.837982	-0.535108	0.106986
35519	9.105492	0.051147	4.270514	0.363476	0.426757	-0.140152	0.123266	0.013250	0.992285	-0.535472	0.842743	0.055265	-0.835509	-0.538153	0.110976
35520	9.322026	-0.061322	4.095519	0.340411	0.496612	-0.156420	0.128202	0.014656	0.991640	-0.538193	0.840882	0.057152	-0.833014	-0.541020	0.115690
35521	9.810226	-0.163192	3.758422	0.255794	0.543959	-0.157404	0.133514	0.016294	0.990913	-0.540153	0.839498	0.058975	-0.830909	-0.543118	0.120886
35522	10.550966	0.001634	2.617863	0.106058	0.587574	-0.118447	0.138985	0.018552	0.990121	-0.540967	0.838886	0.060218	-0.829481	-0.543992	0.126629
35523	10.247989	0.090263	1.990829	0.024742	0.627978	-0.094269	0.144639	0.021190	0.989258	-0.541076	0.838748	0.061144	-0.828442	-0.544108	0.132781
35524	10.580766	0.095171	1.896949	-0.001367	0.618898	-0.080373	0.150153	0.023942	0.988373	-0.541038	0.838718	0.061878	-0.827485	-0.544039	0.138890
35525	10.959673	0.060175	1.989723	0.019399	0.650147	-0.067759	0.155834	0.026923	0.987416	-0.541134	0.838608	0.062536	-0.826371	-0.544070	0.145253
35526	10.948108	0.115718	1.938249	0.090476	0.691641	-0.055691	0.161800	0.030283	0.986359	-0.541889	0.838073	0.063160	-0.824728	-0.544716	0.152010
35527	10.541246	0.266782	1.801605	0.177696	0.700163	-0.055842	0.167808	0.033646	0.985245	-0.543300	0.837100	0.063949	-0.822597	-0.546015	0.158752
35528	10.357968	0.555129	1.586171	0.260954	0.642365	-0.031994	0.173205	0.036974	0.984192	-0.545502	0.835615	0.064609	-0.820017	-0.548069	0.164902
35529	10.488827	0.776534	1.215694	0.308105	0.619311	-0.038365	0.178423	0.040067	0.983138	-0.547997	0.833915	0.065467	-0.817230	-0.550437	0.170746
35530	10.403981	0.915975	0.994279	0.336237	0.601947	-0.046320	0.183533	0.043081	0.982069	-0.550772	0.832007	0.066432	-0.814227	-0.553089	0.176429
35531	10.517167	1.028698	1.253456	0.384248	0.583301	-0.042334	0.188446	0.045976	0.981007	-0.553856	0.829872	0.067500	-0.811007	-0.556057	0.181850
35532	10.649146	1.293386	1.745736	0.459964	0.559644	-0.053046	0.193218	0.048726	0.979945	-0.557576	0.827270	0.068804	-0.807327	-0.559688	0.187012
35533	10.698073	1.506335	2.454240	0.558664	0.526863	-0.044185	0.197646	0.051332	0.978929	-0.562028	0.824129	0.070259	-0.803157	-0.564071	0.191736
35534	11.003318	1.541461	2.865212	0.765060	0.510675	-0.045919	0.201938	0.053922	0.977913	-0.568168	0.819745	0.072126	-0.797750	-0.570184	0.196175
35535	11.377055	1.619537	3.464500	0.996633	0.596665	-0.056959	0.206942	0.056892	0.976698	-0.576008	0.814030	0.074627	-0.790816	-0.578029	0.201227
35536	11.637135	1.859255	3.990231	1.148413	0.752349	-0.041640	0.213047	0.061008	0.975135	-0.585060	0.807296	0.077317	-0.782506	-0.586985	0.207685
35537	11.521849	2.564636	4.195940	1.155780	0.926248	-0.012374	0.220266	0.066394	0.973178	-0.594066	0.800443	0.079849	-0.773672	-0.595720	0.215753
35538	10.868675	3.026366	4.229936	1.012858	1.053716	0.008976	0.228269	0.072845	0.970869	-0.601978	0.794297	0.081939	-0.765190	-0.603146	0.225164
35539	10.336977	3.490099	3.959270	0.853515	1.102013	0.025209	0.236444	0.079731	0.968368	-0.608575	0.789078	0.083625	-0.757450	-0.609097	0.235095
35540	9.536019	3.845041	3.455898	0.678593	1.100860	0.006229	0.244657	0.086570	0.965737	-0.613807	0.784851	0.085145	-0.750589	-0.613607	0.245156
35541	9.017032	4.207486	2.904256	0.465540	1.037732	-0.060570	0.252729	0.092484	0.963107	-0.617178	0.782015	0.086860	-0.745130	-0.616360	0.254717
35542	8.886201	4.522598	2.349527	0.208373	0.964276	-0.144247	0.260743	0.097348	0.960488	-0.618446	0.780800	0.088753	-0.741308	-0.617151	0.263792
35543	8.776472	4.136926	1.669002	-0.163455	0.909104	-0.205241	0.268683	0.101351	0.957882	-0.616732	0.781982	0.090252	-0.739899	-0.615006	0.272612
35544	9.051308	3.076956	1.438765	-0.496059	0.883722	-0.237875	0.276630	0.104951	0.955228	-0.612517	0.785188	0.091114	-0.740472	-0.610299	0.281490
35545	9.477703	1.734753	1.222177	-0.644430	0.898427	-0.247878	0.284739	0.108463	0.952449	-0.607087	0.789338	0.091603	-0.741869	-0.604302	0.290602
35546	9.694586	0.902282	1.062188	-0.623568	0.949460	-0.224432	0.293097	0.112427	0.949449	-0.601871	0.793292	0.091863	-0.742862	-0.598371	0.300179
35547	9.689740	0.298083	1.037318	-0.548357	1.000483	-0.185454	0.301583	0.116920	0.946244	-0.597288	0.796742	0.091917	-0.743165	-0.592901	0.310119
35548	9.505597	-0.311869	1.083714	-0.390825	1.048156	-0.139338	0.310150	0.122027	0.942824	-0.594031	0.799167	0.091977	-0.742250	-0.588593	0.320350
35549	9.225710	-0.441560	1.338804	-0.173170	1.080529	-0.108823	0.318743	0.127511	0.939225	-0.592448	0.800291	0.092408	-0.739870	-0.585897	0.330631
35550	9.177061	-0.318604	1.756952	-0.010651	1.048825	-0.056822	0.326773	0.133220	0.935667	-0.592248	0.800385	0.092879	-0.736520	-0.584497	0.340443
35551	9.130482	-0.672595	1.710893	0.054419	1.065217	-0.010550	0.334601	0.139365	0.931998	-0.592657	0.800052	0.093137	-0.732667	-0.583518	0.350294
35552	8.806817	-0.543783	2.127259	0.110319	1.062106	0.027139	0.342152	0.145799	0.928264	-0.593612	0.799330	0.093254	-0.728393	-0.582936	0.360040
35553	8.469721	-0.708325	2.038403	0.154938	1.026957	0.049512	0.349255	0.152189	0.924586	-0.594953	0.798323	0.093333	-0.723914	-0.582682	0.369364
35554	8.193498	-0.439579	2.308217	0.254402	1.000404	0.051186	0.356118	0.158455	0.920908	-0.597037	0.796712	0.093791	-0.718837	-0.583217	0.378327
35555	7.878800	-0.000367	2.549663	0.309648	0.968271	0.064360	0.362608	0.164627	0.917286	-0.599530	0.794771	0.094359	-0.713498	-0.584155	0.386889
35556	7.573104	0.468804	2.704732	0.334624	0.924729	0.084865	0.368623	0.170731	0.913766	-0.602276	0.792631	0.094867	-0.708082	-0.585309	0.395009
35557	7.419880	1.045989	2.929251	0.291989	0.866586	0.115551	0.373981	0.176730	0.910442	-0.604809	0.790689	0.094953	-0.703096	-0.586154	0.402591
35558	7.402212	1.431719	2.928621	0.189874	0.802951	0.124488	0.378808	0.182442	0.907314	-0.606666	0.789311	0.094572	-0.698900	-0.586261	0.409679
35559	7.477914	1.631052	2.934702	0.079579	0.751634	0.122007	0.383249	0.187817	0.904348	-0.607730	0.788588	0.093771	-0.695546	-0.585537	0.416367
35560	7.595574	1.745302	2.931988	-0.020510	0.696690	0.118756	0.387317	0.192845	0.901552	-0.608100	0.788442	0.092596	-0.692965	-0.584098	0.422646
35561	7.695127	1.775989	2.989842	-0.096769	0.637608	0.119844	0.390942	0.197517	0.898973	-0.607941	0.788741	0.091082	-0.691066	-0.582130	0.428430
35562	7.728647	1.662201	3.058327	-0.131857	0.580141	0.117038	0.394189	0.201823	0.896595	-0.607541	0.789236	0.089449	-0.689572	-0.579978	0.433724
35563	7.642276	1.492749	3.172373	-0.119217	0.504030	0.115185	0.396903	0.205660	0.894523	-0.607220	0.789660	0.087875	-0.688297	-0.578050	0.438299
35564	7.651355	1.418773	3.133554	-0.070771	0.418741	0.097976	0.399144	0.208857	0.892784	-0.607167	0.789832	0.086678	-0.687046	-0.576666	0.442068
35565	7.484443	1.538687	3.090118	-0.026196	0.346213	0.054209	0.401133	0.211289	0.891319	-0.607249	0.789837	0.086056	-0.685814	-0.575772	0.445135
35566	7.436271	1.617760	3.119594	0.032747	0.264127	0.031099	0.402710	0.213057	0.890186	-0.607639	0.789552	0.085918	-0.684543	-0.575512	0.447422
35567	7.382392	1.893241	3.415275	0.122762	0.209528	0.008008	0.404036	0.214335	0.889278	-0.608556	0.788796	0.086375	-0.682946	-0.576074	0.449137
35568	7.252162	2.041180	3.902899	0.175802	0.153168	-0.002373	0.405053	0.215196	0.888607	-0.609781	0.787760	0.087183	-0.681248	-0.577170	0.450307
35569	7.151237	2.051857	4.207839	0.224787	0.062631	0.022635	0.405283	0.215745	0.888369	-0.611447	0.786380	0.087973	-0.679616	-0.578845	0.450623
35570	7.176053	2.028337	4.413959	0.295987	-0.030605	0.039588	0.404793	0.215870	0.888562	-0.613650	0.784552	0.088953	-0.677921	-0.581274	0.450049
35571	7.149817	1.871495	4.822437	0.327281	-0.127515	0.061037	0.403496	0.215613	0.889214	-0.616157	0.782480	0.089859	-0.676418	-0.584153	0.448579
35572	7.956376	1.575441	5.406632	0.226252	-0.200424	0.067758	0.401684	0.214960	0.890192	-0.617991	0.780985	0.090269	-0.675823	-0.586391	0.446553
35573	7.879526	1.476075	5.677938	0.191923	-0.115381	0.109627	0.400168	0.215146	0.890830	-0.619772	0.779590	0.090126	-0.675092	-0.588177	0.445308
35574	7.705124	1.884900	5.994324	0.177563	-0.009693	0.123983	0.399295	0.216046	0.891004	-0.621499	0.778250	0.089812	-0.674020	-0.589619	0.445024
35575	7.147054	2.872907	5.628387	0.055898	0.060140	0.057883	0.399282	0.216859	0.890812	-0.622150	0.777762	0.089523	-0.673426	-0.589964	0.445465
35576	6.528991	3.795277	5.462994	-0.127588	0.014396	-0.001844	0.399354	0.216922	0.890765	-0.621317	0.778491	0.088973	-0.674152	-0.588979	0.445671
35577	6.349569	4.400074	4.735227	-0.413528	-0.095882	-0.145601	0.399550	0.215231	0.891087	-0.617986	0.781203	0.088406	-0.677092	-0.586002	0.445139
35578	6.172297	4.330774	4.791430	-0.651444	-0.266031	-0.297068	0.399537	0.211337	0.892024	-0.612401	0.785615	0.088167	-0.682155	-0.581503	0.443305
35579	7.313672	3.995141	5.435881	-0.795011	-0.419259	-0.435357	0.399255	0.205487	0.893516	-0.605258	0.791092	0.088519	-0.688664	-0.576149	0.440220
35580	7.362870	3.600667	5.499795	-0.824315	-0.388098	-0.478848	0.399421	0.199440	0.894811	-0.597666	0.796768	0.089195	-0.695168	-0.570424	0.437444
35581	6.685782	2.973051	5.352643	-0.789733	-0.528347	-0.386294	0.397967	0.193362	0.896791	-0.590654	0.801980	0.089194	-0.701962	-0.565189	0.433372
35582	7.019281	2.529328	4.232177	-0.700216	-0.769146	-0.258113	0.394032	0.186931	0.899886	-0.584712	0.806398	0.088516	-0.709120	-0.561052	0.427047
35583	6.832030	2.050606	2.393731	-0.651022	-0.964855	-0.150086	0.387969	0.180331	0.903859	-0.579529	0.810285	0.087093	-0.716677	-0.557601	0.418872
35584	7.777397	1.858456	0.592775	-0.818094	-1.281109	-0.099574	0.379276	0.172377	0.909085	-0.573258	0.814992	0.084631	-0.726309	-0.553239	0.407924
35585	11.494850	2.225415	2.263959	-1.078705	-1.241211	-0.204105	0.371296	0.163893	0.913935	-0.564644	0.821238	0.082123	-0.737100	-0.546540	0.397464
35586	14.116243	1.274124	6.056458	-1.080374	-0.698123	-0.284116	0.367689	0.157722	0.916476	-0.555587	0.827554	0.080482	-0.745740	-0.538775	0.391911
35587	14.320216	0.690140	9.091094	-0.726761	-0.191614	-0.124947	0.366888	0.155671	0.917148	-0.549737	0.831617	0.078759	-0.750455	-0.533085	0.390688
35588	11.971137	0.352768	9.423671	-0.621090	-0.223392	0.143074	0.364399	0.155644	0.918144	-0.545595	0.834682	0.075044	-0.754678	-0.528281	0.389076
35589	10.401280	-1.281723	6.756472	-0.779569	-0.561421	0.407222	0.357873	0.156113	0.920628	-0.541204	0.838116	0.068259	-0.760937	-0.522675	0.384428
35590	9.945342	-2.042749	3.201119	-0.672844	-0.778304	0.481922	0.349300	0.156091	0.923918	-0.537790	0.840850	0.061262	-0.767314	-0.518273	0.377653
35591	10.093817	-0.760650	0.979501	-0.545670	-0.791348	0.385058	0.341082	0.155259	0.927124	-0.534962	0.843043	0.055630	-0.772968	-0.514950	0.370604
35592	10.804861	0.862377	1.348185	-0.375574	-0.646504	0.257038	0.334670	0.154092	0.929651	-0.532945	0.844559	0.051869	-0.777152	-0.512812	0.364771
35593	11.006917	1.989279	1.397955	-0.358623	-0.553690	0.260058	0.328914	0.153471	0.931806	-0.531059	0.845967	0.048123	-0.780892	-0.510672	0.359753
35594	9.974083	3.535249	-0.522393	-0.558970	-0.720893	0.449027	0.320860	0.153582	0.934592	-0.528150	0.848114	0.041951	-0.786197	-0.507065	0.353240
35595	9.500729	3.771338	-0.255718	-0.820398	-0.812206	0.448814	0.312028	0.153315	0.937621	-0.523137	0.851536	0.034854	-0.793074	-0.501380	0.345908
35596	9.227312	1.462692	0.929226	-0.953205	-0.831505	0.346735	0.303575	0.152090	0.940591	-0.516602	0.855756	0.028360	-0.800603	-0.494521	0.338356
35597	9.796789	-0.473453	1.962490	-0.892915	-0.860095	0.275550	0.295184	0.150243	0.943554	-0.510291	0.859701	0.022750	-0.807756	-0.488202	0.330437
35598	9.915370	-1.255660	3.241998	-0.641071	-0.802498	0.292349	0.287168	0.148811	0.946250	-0.505934	0.862386	0.017918	-0.813367	-0.483885	0.322938
35599	9.364239	-1.197729	3.761962	-0.424322	-0.762558	0.322283	0.279263	0.147929	0.948751	-0.503430	0.863931	0.013480	-0.817661	-0.481394	0.315736
35600	9.098005	-1.303581	3.984191	-0.284430	-0.712684	0.329999	0.271738	0.147314	0.951030	-0.501999	0.864816	0.009476	-0.821070	-0.479991	0.308955
35601	8.875726	-1.194003	4.388117	-0.179597	-0.618804	0.323739	0.264965	0.147163	0.952962	-0.501434	0.865176	0.005814	-0.823624	-0.479389	0.303034
35602	8.746081	-0.452003	4.711363	-0.169524	-0.552552	0.298495	0.258883	0.147068	0.954647	-0.500823	0.865546	0.002472	-0.825928	-0.478749	0.297730
35603	8.469125	0.362212	4.912751	-0.264741	-0.514405	0.271097	0.253212	0.146973	0.956181	-0.499370	0.866388	-0.000930	-0.828561	-0.477253	0.292774
35604	8.248413	0.558899	4.891566	-0.433995	-0.551195	0.246541	0.247378	0.146464	0.957785	-0.496392	0.868087	-0.004539	-0.832105	-0.474314	0.287449
35605	8.453227	0.130999	4.395677	-0.636547	-0.576502	0.212566	0.241458	0.145608	0.959425	-0.491643	0.870756	-0.008420	-0.836651	-0.469662	0.281838
35606	8.452627	-0.726837	3.699627	-0.755072	-0.582665	0.171071	0.235707	0.144358	0.961043	-0.485720	0.874030	-0.012160	-0.841735	-0.463931	0.276133
35607	8.666386	-1.347250	3.135679	-0.745149	-0.585249	0.141704	0.230023	0.142918	0.962634	-0.479802	0.877238	-0.015590	-0.846687	-0.458288	0.270357
35608	8.847607	-1.785369	2.344085	-0.696921	-0.603180	0.126053	0.224271	0.141264	0.964234	-0.474189	0.880225	-0.018665	-0.851380	-0.453043	0.264395
35609	9.154784	-2.071634	1.736764	-0.590584	-0.642646	0.124596	0.218139	0.139483	0.965899	-0.469466	0.882690	-0.021443	-0.855580	-0.448779	0.258031
35610	9.547207	-1.977276	1.276925	-0.452300	-0.654255	0.154427	0.211775	0.137916	0.967538	-0.465946	0.884485	-0.024091	-0.859096	-0.445718	0.251573
35611	9.769311	-1.812817	0.835241	-0.332106	-0.646320	0.186033	0.205289	0.136707	0.969107	-0.463518	0.885684	-0.026750	-0.861979	-0.443707	0.245187
35612	9.832324	-1.778010	0.550750	-0.184792	-0.683798	0.208162	0.198389	0.135517	0.970709	-0.462372	0.886204	-0.029222	-0.864207	-0.443031	0.238473
35613	10.048556	-1.446004	0.254143	-0.051693	-0.690103	0.205759	0.191409	0.134300	0.972279	-0.462368	0.886133	-0.031376	-0.865782	-0.443545	0.231710
35614	10.028511	-0.808738	0.238185	0.091727	-0.683758	0.201853	0.184516	0.133048	0.973782	-0.463565	0.885443	-0.033140	-0.866638	-0.445296	0.225055
35615	9.974577	-0.245150	0.580689	0.163698	-0.719141	0.174013	0.177414	0.131395	0.975325	-0.465340	0.884459	-0.034508	-0.867170	-0.447736	0.218059
35616	10.016581	-0.007410	0.802970	0.133327	-0.742277	0.155793	0.170212	0.129436	0.976869	-0.466788	0.883646	-0.035750	-0.867834	-0.449906	0.210827
35617	9.945838	-0.153410	1.079641	0.099233	-0.747161	0.143621	0.162994	0.127355	0.978373	-0.467930	0.882992	-0.036983	-0.868605	-0.451782	0.203516
35618	9.894781	-0.396139	1.374655	0.082182	-0.750995	0.143126	0.155760	0.125211	0.979827	-0.468890	0.882429	-0.038227	-0.869414	-0.453477	0.196157
35619	9.759025	-0.621230	1.605855	0.073838	-0.729998	0.141439	0.148687	0.123161	0.981185	-0.469787	0.881895	-0.039507	-0.870168	-0.455074	0.188985
35620	9.670671	-0.614236	1.731169	0.082845	-0.713703	0.133378	0.141810	0.121075	0.982462	-0.470717	0.881346	-0.040670	-0.870813	-0.456694	0.181976
35621	9.665887	-0.362013	1.893988	0.066915	-0.695242	0.124397	0.135107	0.119009	0.983658	-0.471512	0.880868	-0.041810	-0.871449	-0.458158	0.175126
35622	9.547218	-0.242790	2.196648	0.010544	-0.672274	0.106761	0.128705	0.116859	0.984774	-0.471761	0.880685	-0.042850	-0.872283	-0.459062	0.168478
35623	9.390046	-0.356193	2.386973	-0.019772	-0.668417	0.089459	0.122389	0.114594	0.985844	-0.471739	0.880649	-0.043801	-0.873203	-0.459701	0.161840
35624	9.285553	-0.099411	2.837639	-0.037849	-0.662578	0.071347	0.116226	0.112169	0.986869	-0.471511	0.880733	-0.044574	-0.874167	-0.460139	0.155252
35625	9.226706	-0.023657	3.047912	-0.065288	-0.647249	0.057952	0.110231	0.109718	0.987832	-0.471045	0.880946	-0.045283	-0.875195	-0.460321	0.148789
35626	8.846591	0.123203	3.366919	-0.090781	-0.620529	0.029556	0.104621	0.107119	0.988726	-0.470300	0.881322	-0.045718	-0.876283	-0.460215	0.142583
35627	8.841786	-0.007296	3.392840	-0.165892	-0.628773	0.017085	0.098966	0.104396	0.989600	-0.468901	0.882044	-0.046156	-0.877689	-0.459456	0.136244
35628	9.002226	-0.239605	3.205552	-0.272817	-0.627601	-0.001526	0.093422	0.101503	0.990439	-0.466526	0.883283	-0.046517	-0.879560	-0.457720	0.129872
35629	8.956938	-0.441517	2.772190	-0.422371	-0.631808	-0.027008	0.087922	0.098400	0.991255	-0.462819	0.885215	-0.046822	-0.882082	-0.454655	0.123372
35630	8.935593	-0.647761	2.269095	-0.530596	-0.651577	-0.038889	0.082309	0.095109	0.992058	-0.458126	0.887639	-0.047088	-0.885068	-0.450612	0.116632
35631	9.147077	-0.753860	1.818454	-0.573176	-0.674626	-0.054851	0.076517	0.091614	0.992850	-0.453038	0.890239	-0.047231	-0.888201	-0.446185	0.109623
35632	9.096081	-0.779781	1.331179	-0.600479	-0.674647	-0.070643	0.070797	0.087997	0.993602	-0.447674	0.892951	-0.047185	-0.891390	-0.441469	0.102612
35633	8.980931	-0.939977	1.039286	-0.587303	-0.716994	-0.086008	0.064718	0.084098	0.994354	-0.442408	0.895584	-0.046950	-0.894475	-0.436872	0.095166
35634	9.680466	-0.887440	0.972869	-0.559690	-0.766900	-0.089936	0.058208	0.079966	0.995097	-0.437372	0.898073	-0.046585	-0.897395	-0.432515	0.087250
35635	9.682035	-0.884049	1.154443	-0.518567	-0.742749	-0.089747	0.051863	0.075981	0.995760	-0.432699	0.900356	-0.046165	-0.900046	-0.428469	0.079572
35636	9.533092	-0.801223	1.439760	-0.465872	-0.773295	-0.071190	0.045166	0.072051	0.996378	-0.428500	0.902379	-0.045830	-0.902412	-0.424878	0.071631
35637	9.749823	-0.652354	1.794281	-0.418985	-0.795001	-0.066363	0.038207	0.068107	0.996946	-0.424724	0.904179	-0.045492	-0.904517	-0.421688	0.063472
35638	9.687413	-0.805530	2.307079	-0.440563	-0.783217	-0.072160	0.031385	0.064179	0.997445	-0.420747	0.906058	-0.045060	-0.906635	-0.418257	0.055440
35639	9.573891	-0.888896	2.201919	-0.463640	-0.776505	-0.070062	0.024570	0.060331	0.997876	-0.416555	0.908014	-0.044642	-0.908779	-0.414573	0.047441
35640	9.453053	-0.613620	2.008577	-0.477490	-0.763623	-0.062614	0.017847	0.056629	0.998236	-0.412241	0.910000	-0.044253	-0.910900	-0.410724	0.039585
35641	9.128422	-0.408079	1.969241	-0.498851	-0.778176	-0.092302	0.011069	0.052629	0.998553	-0.407714	0.912071	-0.043551	-0.913043	-0.406642	0.031553
35642	9.201491	-0.318003	1.902389	-0.577911	-0.816933	-0.150437	0.004177	0.047974	0.998840	-0.402466	0.914460	-0.042238	-0.915425	-0.401823	0.023128
35643	9.232545	-0.394986	1.659505	-0.665382	-0.834438	-0.188333	-0.002779	0.042942	0.999074	-0.396400	0.917183	-0.040525	-0.918074	-0.396146	0.014473
35644	9.069133	-0.382755	1.600929	-0.719478	-0.860867	-0.219700	-0.009862	0.037564	0.999246	-0.389849	0.920076	-0.038435	-0.920826	-0.389934	0.005570
35645	9.109136	-0.563914	1.684820	-0.765101	-0.926408	-0.269089	-0.017425	0.031525	0.999351	-0.382865	0.923111	-0.035795	-0.923640	-0.383240	-0.004015
35646	9.551627	-0.726081	1.519435	-0.802984	-0.940300	-0.296500	-0.025028	0.025240	0.999368	-0.375554	0.926220	-0.032798	-0.926463	-0.376137	-0.013702
35647	9.544332	-1.200828	1.794958	-0.738267	-0.948753	-0.334839	-0.032642	0.018620	0.999294	-0.368836	0.929031	-0.029359	-0.928921	-0.369533	-0.023457
35648	10.343600	-1.479414	2.143354	-0.620956	-0.986699	-0.353990	-0.040549	0.011740	0.999109	-0.363252	0.931337	-0.025686	-0.930808	-0.363969	-0.033500
35649	10.616401	-1.337895	2.492491	-0.494621	-0.871202	-0.324184	-0.047552	0.005591	0.998853	-0.358821	0.933140	-0.022305	-0.932194	-0.359470	-0.042366
35650	10.027185	-1.034614	3.140285	-0.402662	-0.781342	-0.320472	-0.053721	-0.000159	0.998556	-0.355298	0.934561	-0.018966	-0.933208	-0.355804	-0.050262
35651	10.012013	-1.338007	4.027378	-0.387564	-0.811057	-0.363608	-0.060066	-0.006406	0.998174	-0.351920	0.935907	-0.015171	-0.934101	-0.352188	-0.058470
35652	11.918846	-1.902965	4.891531	-0.363248	-0.762532	-0.400677	-0.065810	-0.012786	0.997750	-0.348861	0.937110	-0.011001	-0.934861	-0.348800	-0.066132
35653	12.691115	-0.916119	5.482717	-0.262037	-0.499805	-0.369028	-0.069258	-0.017958	0.997437	-0.346692	0.937951	-0.007186	-0.935418	-0.346302	-0.071186
35654	13.306523	0.585645	6.362834	-0.162384	-0.229613	-0.410201	-0.070003	-0.022547	0.997292	-0.345560	0.938392	-0.003041	-0.935782	-0.344837	-0.073482
35655	12.968628	1.249805	7.149527	-0.035158	0.193170	-0.520502	-0.066454	-0.026740	0.997431	-0.345619	0.938373	0.002130	-0.936019	-0.344589	-0.071600
35656	12.036104	0.916355	7.475382	0.171081	0.547298	-0.615244	-0.059208	-0.030561	0.997778	-0.347719	0.937564	0.008083	-0.935728	-0.346467	-0.066138
35657	12.448993	0.577323	7.575931	0.308487	0.791690	-0.693132	-0.049439	-0.034274	0.998189	-0.351015	0.936254	0.014762	-0.935064	-0.349649	-0.058318
35658	13.100687	0.626910	7.176589	0.298131	1.144697	-0.674307	-0.036362	-0.036495	0.998672	-0.354217	0.934921	0.021268	-0.934456	-0.352973	-0.046923
35659	12.878865	0.970318	6.424641	0.071641	1.390841	-0.653773	-0.021103	-0.037662	0.999068	-0.355109	0.934414	0.027724	-0.934587	-0.354193	-0.033093
35660	13.017822	0.373277	4.641089	-0.295990	1.570222	-0.613113	-0.004243	-0.037772	0.999277	-0.352558	0.935177	0.033852	-0.935780	-0.352160	-0.017285
35661	12.976168	-0.331977	2.500734	-0.564402	1.794738	-0.525666	0.014351	-0.036388	0.999235	-0.347281	0.936945	0.039107	-0.937651	-0.347577	0.000809
35662	12.128583	-0.068672	1.147384	-0.667000	2.020777	-0.424065	0.034785	-0.033310	0.998840	-0.341067	0.939046	0.043194	-0.939395	-0.342173	0.021304
35663	11.578437	0.434035	0.381502	-0.629790	2.127856	-0.378624	0.056010	-0.029618	0.997991	-0.335013	0.941054	0.046730	-0.940547	-0.336957	0.042786
35664	12.041537	0.678336	-0.085454	-0.480248	2.117544	-0.314408	0.076983	-0.025390	0.996709	-0.330440	0.942526	0.049532	-0.940682	-0.333166	0.064168
35665	12.150195	0.928955	-0.769408	-0.409402	2.089185	-0.205041	0.097248	-0.020372	0.995052	-0.326451	0.943825	0.051228	-0.940198	-0.329818	0.085134
35666	11.714211	0.852228	-1.418688	-0.323939	1.970659	-0.138433	0.116221	-0.015109	0.993108	-0.323410	0.944817	0.052223	-0.939094	-0.327251	0.104921
35667	11.537516	0.907047	-2.049464	-0.180672	1.741728	-0.128151	0.132921	-0.010606	0.991070	-0.321597	0.945378	0.053250	-0.937501	-0.325803	0.122250
35668	11.488466	0.811244	-2.450618	-0.042533	1.533952	-0.136351	0.147727	-0.006805	0.989005	-0.321152	0.945460	0.054476	-0.935435	-0.325668	0.137485
35669	10.652670	1.065368	-2.848331	0.106236	1.415923	-0.173691	0.161457	-0.003801	0.986872	-0.321919	0.945091	0.056307	-0.932899	-0.326784	0.151368
35670	9.770399	1.033466	-2.655180	0.108268	1.270376	-0.177170	0.173861	-0.001228	0.984769	-0.322764	0.944691	0.058162	-0.930374	-0.327960	0.163849
35671	10.254659	0.441196	-2.083869	0.051327	1.138198	-0.153224	0.184877	0.001088	0.982761	-0.323010	0.944509	0.059719	-0.928162	-0.328483	0.174969
35672	10.564483	-0.563389	-2.400169	0.080367	1.156139	-0.011159	0.195624	0.004868	0.980667	-0.323859	0.944206	0.059916	-0.925660	-0.329319	0.186286
35673	10.252308	-1.138482	-2.676184	0.278961	1.186490	0.126221	0.206121	0.010009	0.978475	-0.326735	0.943261	0.059180	-0.922366	-0.331901	0.197696
35674	9.948780	-1.200851	-2.570938	0.507003	1.218021	0.206112	0.216640	0.016106	0.976119	-0.331959	0.941500	0.058140	-0.918080	-0.336627	0.209313
35675	9.274512	-0.926082	-2.310021	0.789489	1.220479	0.249014	0.226920	0.022626	0.973651	-0.339784	0.938752	0.057376	-0.912718	-0.343851	0.220709
35676	8.795946	-0.255548	-2.110551	1.082939	1.172327	0.256512	0.236680	0.029201	0.971149	-0.350348	0.934867	0.057274	-0.906222	-0.353796	0.231494
35677	8.803682	0.453424	-1.910434	1.284883	1.164975	0.258117	0.246218	0.035822	0.968552	-0.362614	0.930147	0.057779	-0.898826	-0.365437	0.242008
35678	9.004507	0.849821	-1.500898	1.375599	1.195097	0.271885	0.255886	0.042862	0.965756	-0.375718	0.924886	0.058502	-0.890707	-0.377822	0.252769
35679	9.291794	1.013859	-1.070038	1.408646	1.220920	0.316944	0.265440	0.050497	0.962804	-0.389077	0.919311	0.059050	-0.882134	-0.390279	0.263669
35680	9.259007	1.037395	-0.777571	1.436756	1.237424	0.351398	0.274882	0.058692	0.959685	-0.402738	0.913380	0.059496	-0.873065	-0.402855	0.274710
35681	8.877203	1.489484	-0.334537	1.473608	1.251618	0.348317	0.284267	0.067006	0.956401	-0.416553	0.907112	0.060257	-0.863525	-0.415521	0.285773
35682	8.476329	1.859530	0.037966	1.444697	1.230881	0.305503	0.293514	0.075015	0.953007	-0.429932	0.900763	0.061511	-0.853819	-0.427783	0.296639
35683	8.342793	2.300348	0.482579	1.362663	1.177533	0.268679	0.302284	0.082552	0.949637	-0.442350	0.894625	0.063037	-0.844365	-0.439126	0.306947
35684	8.323467	2.283851	0.616664	1.244196	1.162179	0.208468	0.311080	0.089619	0.946149	-0.453516	0.888881	0.064915	-0.835196	-0.449287	0.317156
35685	8.211617	2.622588	0.991228	1.128006	1.154618	0.173696	0.319819	0.096416	0.942560	-0.463482	0.883579	0.066880	-0.826378	-0.458249	0.327272
35686	8.136160	2.491076	1.268199	0.934241	1.123707	0.144855	0.328352	0.102915	0.938932	-0.471700	0.879086	0.068602	-0.818342	-0.465420	0.337195
35687	8.077403	2.449440	1.538426	0.783017	1.091041	0.105573	0.336682	0.108968	0.935292	-0.478477	0.875285	0.070263	-0.810990	-0.471172	0.346831
35688	7.957716	2.321189	1.753083	0.573347	1.034080	0.086835	0.344589	0.114640	0.931728	-0.483459	0.872446	0.071456	-0.804690	-0.475075	0.356059
35689	7.941310	2.037519	1.856297	0.375056	0.968069	0.073922	0.351937	0.119911	0.928311	-0.486771	0.870549	0.072093	-0.799496	-0.477248	0.364748
35690	7.703156	1.681670	1.862414	0.223341	0.880422	0.081031	0.358534	0.124833	0.925132	-0.488886	0.869358	0.072161	-0.795263	-0.478157	0.372723
35691	7.705994	1.426835	1.930392	0.124979	0.803179	0.081728	0.364450	0.129401	0.922188	-0.490220	0.868632	0.071850	-0.791745	-0.478261	0.380008
35692	7.716845	1.119860	1.941281	0.052054	0.707962	0.081591	0.369617	0.133498	0.919544	-0.490971	0.868253	0.071298	-0.788879	-0.477823	0.386465
35693	7.744617	1.013533	1.821533	0.054728	0.596028	0.077578	0.373874	0.137035	0.917300	-0.491738	0.867862	0.070773	-0.786392	-0.477532	0.391856
35694	7.965267	0.970458	1.729667	0.090036	0.497137	0.083469	0.377339	0.140133	0.915411	-0.492794	0.867296	0.070366	-0.784072	-0.477661	0.396321
35695	8.187654	1.035129	1.632082	0.165498	0.424137	0.054015	0.380336	0.142646	0.913782	-0.494341	0.866404	0.070506	-0.781647	-0.478536	0.400040
35696	7.894155	1.237324	1.900043	0.262031	0.362386	0.024474	0.383015	0.144588	0.912356	-0.496509	0.865095	0.071341	-0.778960	-0.480318	0.403133
35697	8.302562	1.301821	2.068169	0.345086	0.295660	0.015373	0.385180	0.146161	0.911193	-0.499299	0.863385	0.072571	-0.776104	-0.482911	0.405537
35698	8.283594	1.432030	2.860381	0.411140	0.254420	0.023688	0.387005	0.147585	0.910190	-0.502598	0.861344	0.074036	-0.773060	-0.486112	0.407520
35699	8.847200	1.419786	3.514600	0.439801	0.221239	0.004449	0.388633	0.148718	0.909312	-0.506056	0.859166	0.075767	-0.769982	-0.489608	0.409160
35700	8.200143	1.808214	4.507924	0.447736	0.209895	0.003256	0.390202	0.149759	0.908468	-0.509529	0.856948	0.077585	-0.766891	-0.493165	0.410690
35701	7.668161	1.796891	5.368088	0.405577	0.218041	0.035572	0.391632	0.151158	0.907621	-0.512820	0.854862	0.078907	-0.763963	-0.496348	0.412309
35702	8.075452	1.719492	7.305334	0.338295	0.156164	0.086338	0.392354	0.152653	0.907059	-0.515758	0.853035	0.079534	-0.761611	-0.499028	0.413424
35703	8.983324	1.620735	10.029121	0.292336	0.115250	0.122330	0.392541	0.154287	0.906701	-0.518509	0.851358	0.079610	-0.759645	-0.501383	0.414192
35704	9.070291	1.254977	10.098494	0.258956	0.260378	0.203924	0.393432	0.157318	0.905794	-0.521302	0.849722	0.078848	-0.757268	-0.503213	0.416318
35705	8.009851	2.280383	9.161456	0.326912	0.353675	0.212369	0.394938	0.160919	0.904505	-0.524656	0.847709	0.078268	-0.754162	-0.505465	0.419219
35706	7.392349	3.199266	8.087654	0.301784	0.396088	0.186425	0.396916	0.164503	0.902993	-0.527703	0.845853	0.077862	-0.750991	-0.507417	0.422541
35707	7.608023	3.599522	7.273497	0.215552	0.419242	0.145364	0.399233	0.167876	0.901349	-0.529944	0.844489	0.077442	-0.748179	-0.508582	0.426113
35708	7.435042	3.653235	6.858351	0.079242	0.443027	0.101688	0.401985	0.170987	0.899540	-0.530982	0.843888	0.076876	-0.745966	-0.508543	0.430022
35709	7.514564	3.554892	6.476630	-0.066600	0.547836	0.030947	0.405846	0.174044	0.897217	-0.530658	0.844146	0.076288	-0.744104	-0.507076	0.434951
35710	6.620476	2.789465	5.831060	-0.344138	0.795826	0.033948	0.411568	0.178346	0.893759	-0.528275	0.845800	0.074490	-0.742656	-0.502808	0.442319
35711	4.954417	1.210475	3.640087	-0.557779	0.493535	0.067524	0.414823	0.181400	0.891636	-0.524456	0.848440	0.071385	-0.743551	-0.497236	0.447089
35712	4.815435	-0.020617	1.573451	-0.506094	-0.123446	0.137834	0.413171	0.181956	0.892290	-0.521292	0.850672	0.067913	-0.746689	-0.493203	0.446325
35713	5.241626	-0.147149	-0.371051	-0.353130	-0.522999	0.218343	0.408063	0.181256	0.894780	-0.519591	0.851986	0.064372	-0.750673	-0.491188	0.441843
35714	5.235904	0.172758	-1.913514	-0.230491	-0.855472	0.267163	0.400221	0.179326	0.898702	-0.518969	0.852615	0.060984	-0.755311	-0.490806	0.434298
35715	6.927305	0.124082	-3.069725	-0.229432	-1.177954	0.258673	0.389890	0.175765	0.903932	-0.518298	0.853255	0.057645	-0.761152	-0.490981	0.423775
35716	11.485777	0.877352	-1.162180	-0.046972	-1.185926	0.145637	0.380066	0.171156	0.908986	-0.518522	0.853219	0.056149	-0.765954	-0.492669	0.413027
35717	15.643546	2.054747	5.405587	0.409463	-0.632910	-0.066797	0.375507	0.167469	0.911564	-0.521452	0.851279	0.058412	-0.766212	-0.497271	0.406989
35718	16.683862	3.061585	9.638227	0.924467	-0.083726	0.010017	0.374801	0.167103	0.911922	-0.528562	0.846620	0.062102	-0.761673	-0.505283	0.405638
35719	13.146200	5.270718	8.344976	1.033244	-0.171102	0.302602	0.371831	0.168798	0.912825	-0.537583	0.840817	0.063497	-0.756800	-0.514329	0.403385
35720	10.508945	3.822172	7.823070	0.220546	-0.527023	0.473179	0.365278	0.170017	0.915241	-0.541001	0.838873	0.060086	-0.757555	-0.517095	0.398401
35721	10.408282	-0.360277	5.980759	-0.156269	-0.673272	0.538124	0.357195	0.171063	0.918231	-0.541804	0.838735	0.054511	-0.760828	-0.516973	0.392275
