// General information: 
//  MT Manager version: 2022.2.0 
//  XDA version: 2022.2.0 build 7381 rev 124627 built on 2023-07-19
// Device information: 
//  DeviceId: 00B4CB9F
//  ProductCode: MTW2-3A7G6
//  Firmware Version: 4.6.0
//  Hardware Version: 2.0.0
// Device settings: 
//  Filter Profile: human(46.1)
//  Option Flags: Orientation Smoother Disabled, Position/Velocity Smoother Disabled, Continuous Zero Rotation Update Disabled, AHS Disabled, ICC Disabled
// Coordinate system: ENU
PacketCounter	Acc_X	Acc_Y	Acc_Z	Gyr_X	Gyr_Y	Gyr_Z	Mat[1][1]	Mat[2][1]	Mat[3][1]	Mat[1][2]	Mat[2][2]	Mat[3][2]	Mat[1][3]	Mat[2][3]	Mat[3][3]
64772	9.522215	-0.663062	-2.261041	0.012889	0.023332	-0.005371	-0.238107	-0.076804	0.968197	-0.537497	0.840719	-0.065494	-0.808952	-0.535997	-0.241463
64773	9.532656	-0.660593	-2.349434	0.011977	0.025193	-0.003700	-0.237933	-0.076682	0.968250	-0.537596	0.840652	-0.065529	-0.808937	-0.536119	-0.241243
64774	9.500460	-0.700221	-2.437053	0.019402	0.021013	-0.003666	-0.237752	-0.076644	0.968297	-0.537877	0.840472	-0.065542	-0.808803	-0.536408	-0.241049
64775	9.456117	-0.698075	-2.466264	0.026270	0.015198	-0.004940	-0.237652	-0.076587	0.968326	-0.538095	0.840327	-0.065600	-0.808687	-0.536642	-0.240916
64776	9.454130	-0.698343	-2.577282	0.033079	-0.001826	-0.006815	-0.237691	-0.076638	0.968313	-0.538396	0.840129	-0.065666	-0.808475	-0.536945	-0.240953
64777	9.474652	-0.705578	-2.588620	0.044199	-0.009884	-0.008990	-0.237772	-0.076749	0.968284	-0.538769	0.839885	-0.065728	-0.808203	-0.537310	-0.241051
64778	9.509883	-0.643211	-2.616901	0.043034	-0.014177	-0.005121	-0.237868	-0.076977	0.968242	-0.539336	0.839519	-0.065755	-0.807796	-0.537849	-0.241212
64779	9.512257	-0.532050	-2.575970	0.034870	-0.020826	-0.002421	-0.238073	-0.077092	0.968183	-0.539618	0.839330	-0.065858	-0.807548	-0.538128	-0.241422
64780	9.480460	-0.472314	-2.566450	0.018172	-0.016372	0.004706	-0.238134	-0.077160	0.968163	-0.539939	0.839118	-0.065931	-0.807316	-0.538449	-0.241484
64781	9.533306	-0.439993	-2.489669	-0.006090	-0.026102	0.002283	-0.238406	-0.077264	0.968087	-0.539879	0.839153	-0.065980	-0.807275	-0.538380	-0.241772
64782	9.538585	-0.472344	-2.406594	-0.036888	-0.016708	0.007851	-0.238771	-0.077244	0.967999	-0.539416	0.839443	-0.066069	-0.807477	-0.537930	-0.242101
64783	9.530462	-0.562694	-2.365372	-0.066182	-0.014162	0.010446	-0.238991	-0.077215	0.967947	-0.538852	0.839807	-0.066052	-0.807789	-0.537366	-0.242314
64784	9.608445	-0.668901	-2.315268	-0.087957	-0.011204	0.011060	-0.239224	-0.077184	0.967892	-0.538122	0.840279	-0.065995	-0.808206	-0.536632	-0.242549
64785	9.584962	-0.728090	-2.267726	-0.095271	0.005200	0.005156	-0.239259	-0.077095	0.967890	-0.537334	0.840794	-0.065855	-0.808719	-0.535837	-0.242593
64786	9.558092	-0.798273	-2.272615	-0.100939	0.008684	-0.000048	-0.239295	-0.077052	0.967885	-0.536519	0.841329	-0.065670	-0.809250	-0.535003	-0.242666
64787	9.524136	-0.846828	-2.304013	-0.092225	0.006779	-0.008522	-0.239244	-0.077070	0.967896	-0.535787	0.841816	-0.065406	-0.809749	-0.534234	-0.242693
64788	9.524292	-0.843687	-2.304522	-0.074941	-0.002638	-0.016986	-0.239231	-0.077207	0.967888	-0.535228	0.842195	-0.065111	-0.810123	-0.533617	-0.242802
64789	9.531583	-0.861278	-2.278850	-0.046911	-0.002347	-0.025886	-0.239161	-0.077420	0.967888	-0.534905	0.842425	-0.064789	-0.810357	-0.533223	-0.242888
64790	9.495514	-0.820935	-2.262343	-0.020756	0.000633	-0.024961	-0.238918	-0.077669	0.967929	-0.535057	0.842352	-0.064478	-0.810329	-0.533302	-0.242810
64791	9.424403	-0.776295	-2.367253	-0.003353	0.001932	-0.020025	-0.238845	-0.077810	0.967935	-0.535072	0.842354	-0.064318	-0.810340	-0.533277	-0.242826
64792	9.487764	-0.739667	-2.379029	0.013170	-0.001516	-0.016051	-0.238824	-0.077919	0.967932	-0.535229	0.842259	-0.064258	-0.810243	-0.533411	-0.242856
64793	9.506242	-0.701532	-2.421660	0.028351	0.003428	-0.009253	-0.238796	-0.077961	0.967935	-0.535476	0.842101	-0.064280	-0.810088	-0.533655	-0.242837
64794	9.482168	-0.706183	-2.463143	0.039080	0.005486	-0.005836	-0.238774	-0.077984	0.967939	-0.535867	0.841846	-0.064365	-0.809836	-0.534055	-0.242800
64795	9.466574	-0.676845	-2.456818	0.045384	0.000577	0.002516	-0.238833	-0.077942	0.967928	-0.536223	0.841605	-0.064541	-0.809582	-0.534440	-0.242797
64796	9.516306	-0.656955	-2.431045	0.046260	-0.004852	-0.003624	-0.238811	-0.078010	0.967928	-0.536758	0.841257	-0.064630	-0.809234	-0.534977	-0.242774
64797	9.524878	-0.667213	-2.462637	0.058279	0.009671	-0.001612	-0.238773	-0.077954	0.967941	-0.537228	0.840944	-0.064798	-0.808933	-0.535477	-0.242674
64798	9.535027	-0.621599	-2.472071	0.056859	0.010922	-0.007729	-0.238485	-0.078087	0.968002	-0.538121	0.840374	-0.064784	-0.808425	-0.536352	-0.242437
64799	9.517477	-0.547763	-2.496641	0.049990	0.016726	-0.006446	-0.238364	-0.078035	0.968036	-0.538536	0.840101	-0.064884	-0.808184	-0.536788	-0.242274
64800	9.558202	-0.461978	-2.527839	0.030348	0.011425	-0.005674	-0.238295	-0.078005	0.968055	-0.538815	0.839916	-0.064954	-0.808018	-0.537081	-0.242178
64801	9.522053	-0.424689	-2.510524	0.001755	-0.000683	-0.005180	-0.238321	-0.078036	0.968046	-0.538837	0.839902	-0.064949	-0.807996	-0.537098	-0.242215
64802	9.499967	-0.428398	-2.441501	-0.030965	-0.012569	-0.008420	-0.238479	-0.078138	0.967999	-0.538550	0.840093	-0.064865	-0.808141	-0.536784	-0.242426
64803	9.541834	-0.496212	-2.374709	-0.050161	-0.016769	-0.012644	-0.238595	-0.078318	0.967956	-0.538170	0.840352	-0.064662	-0.808360	-0.536353	-0.242652
64804	9.538906	-0.561286	-2.339082	-0.063471	-0.011697	-0.011221	-0.238663	-0.078579	0.967918	-0.537869	0.840566	-0.064384	-0.808540	-0.535980	-0.242877
64805	9.534809	-0.682120	-2.324392	-0.071651	-0.004113	-0.009748	-0.238692	-0.078666	0.967904	-0.537309	0.840942	-0.064157	-0.808904	-0.535377	-0.242994
64806	9.503189	-0.775116	-2.324082	-0.057325	0.011369	-0.011606	-0.238525	-0.078706	0.967942	-0.536994	0.841160	-0.063931	-0.809162	-0.535028	-0.242902
64807	9.429252	-0.910552	-2.322091	-0.035584	0.015043	-0.009590	-0.238400	-0.078690	0.967974	-0.536725	0.841342	-0.063793	-0.809378	-0.534744	-0.242811
64808	9.469622	-0.934662	-2.284483	-0.013486	0.015230	-0.010557	-0.238215	-0.078670	0.968021	-0.536709	0.841359	-0.063699	-0.809442	-0.534720	-0.242648
64809	9.507745	-0.915136	-2.278184	0.013617	0.019943	-0.006830	-0.238066	-0.078604	0.968063	-0.536832	0.841281	-0.063708	-0.809405	-0.534854	-0.242478
64810	9.515850	-0.824271	-2.318317	0.038853	0.024806	-0.004223	-0.237854	-0.078535	0.968121	-0.537286	0.840985	-0.063782	-0.809166	-0.535328	-0.242227
64811	9.496275	-0.705918	-2.373232	0.058778	0.029666	-0.009802	-0.237609	-0.078442	0.968188	-0.537781	0.840662	-0.063870	-0.808909	-0.535849	-0.241934
64812	9.478954	-0.631996	-2.396517	0.077657	0.020572	-0.012313	-0.237397	-0.078471	0.968238	-0.538559	0.840157	-0.063956	-0.808453	-0.536636	-0.241712
64813	9.495540	-0.551259	-2.469195	0.080751	0.014032	-0.009356	-0.237282	-0.078458	0.968267	-0.539230	0.839715	-0.064102	-0.808040	-0.537329	-0.241556
64814	9.514192	-0.515085	-2.510826	0.078321	0.004901	-0.007931	-0.237163	-0.078392	0.968302	-0.539904	0.839268	-0.064291	-0.807624	-0.538038	-0.241367
64815	9.473169	-0.546794	-2.567900	0.075455	0.002307	-0.005366	-0.237163	-0.078408	0.968300	-0.540523	0.838856	-0.064462	-0.807211	-0.538676	-0.241327
64816	9.464603	-0.539145	-2.535441	0.062598	-0.003219	0.003230	-0.237187	-0.078560	0.968282	-0.541338	0.838321	-0.064589	-0.806657	-0.539487	-0.241366
64817	9.464430	-0.541048	-2.535685	0.041199	-0.007841	0.009171	-0.237348	-0.078509	0.968247	-0.541645	0.838105	-0.064818	-0.806404	-0.539830	-0.241447
64818	9.512499	-0.533189	-2.451999	0.011973	-0.008365	0.013586	-0.237490	-0.078538	0.968210	-0.541932	0.837908	-0.064961	-0.806169	-0.540132	-0.241557
64819	9.528046	-0.519955	-2.377798	-0.011972	0.006872	0.005681	-0.237514	-0.078437	0.968212	-0.541819	0.837976	-0.065028	-0.806238	-0.540041	-0.241530
64820	9.576692	-0.554523	-2.372589	-0.037720	0.011587	0.002358	-0.237460	-0.078372	0.968231	-0.541598	0.838122	-0.064987	-0.806402	-0.539823	-0.241466
64821	9.582839	-0.585844	-2.286162	-0.054158	0.019614	-0.003662	-0.237329	-0.078280	0.968270	-0.541167	0.838410	-0.064862	-0.806730	-0.539389	-0.241342
64822	9.595382	-0.581894	-2.263517	-0.070501	0.020542	0.000485	-0.237356	-0.078146	0.968274	-0.540432	0.838891	-0.064773	-0.807215	-0.538661	-0.241349
64823	9.532759	-0.615184	-2.249756	-0.073822	0.028544	-0.004134	-0.237152	-0.078011	0.968335	-0.539843	0.839284	-0.064596	-0.807669	-0.538068	-0.241151
64824	9.506582	-0.685377	-2.252539	-0.074140	0.025420	-0.003776	-0.236925	-0.077910	0.968399	-0.539362	0.839607	-0.064411	-0.808056	-0.537578	-0.240946
64825	9.493807	-0.741680	-2.293372	-0.060590	0.018862	-0.003518	-0.236802	-0.077822	0.968436	-0.538878	0.839929	-0.064271	-0.808415	-0.537088	-0.240833
64826	9.467419	-0.812416	-2.297140	-0.044855	0.015274	-0.002487	-0.236779	-0.077814	0.968442	-0.538549	0.840147	-0.064167	-0.808641	-0.536747	-0.240836
64827	9.430176	-0.830299	-2.300576	-0.021413	0.017247	0.000859	-0.236692	-0.077698	0.968473	-0.538371	0.840261	-0.064164	-0.808785	-0.536585	-0.240714
64828	9.417054	-0.844482	-2.261387	0.012882	0.019278	0.002995	-0.236561	-0.077536	0.968518	-0.538527	0.840153	-0.064276	-0.808720	-0.536778	-0.240503
64829	9.486219	-0.842933	-2.186321	0.032708	0.011903	0.003296	-0.236531	-0.077428	0.968534	-0.538781	0.839979	-0.064427	-0.808559	-0.537067	-0.240398
64830	9.520449	-0.793037	-2.153004	0.048882	0.019598	0.006437	-0.236437	-0.077252	0.968571	-0.539212	0.839685	-0.064655	-0.808300	-0.537551	-0.240188
64831	9.582002	-0.715330	-2.193589	0.059712	0.033893	0.004011	-0.236233	-0.077020	0.968639	-0.539682	0.839365	-0.064878	-0.808045	-0.538083	-0.239852
64832	9.578540	-0.628543	-2.252967	0.061715	0.049537	0.003742	-0.235985	-0.076665	0.968728	-0.540041	0.839114	-0.065148	-0.807878	-0.538526	-0.239420
64833	9.485987	-0.537469	-2.373861	0.053924	0.057192	0.006681	-0.235607	-0.076285	0.968850	-0.540458	0.838827	-0.065383	-0.807709	-0.539027	-0.238863
64834	9.365603	-0.418511	-2.511399	0.039317	0.031989	0.006249	-0.235388	-0.076083	0.968919	-0.540899	0.838529	-0.065561	-0.807478	-0.539519	-0.238533
64835	9.375650	-0.373245	-2.521375	0.017092	-0.016040	0.006572	-0.235602	-0.076099	0.968866	-0.541019	0.838440	-0.065707	-0.807335	-0.539655	-0.238709
64836	9.429401	-0.328909	-2.503988	-0.008523	-0.048968	-0.007890	-0.236053	-0.076445	0.968729	-0.540972	0.838474	-0.065654	-0.807235	-0.539553	-0.239279
64837	9.503453	-0.288910	-2.499375	-0.045207	-0.050969	-0.031758	-0.236341	-0.076971	0.968617	-0.540680	0.838692	-0.065279	-0.807346	-0.539140	-0.239834
64838	9.523218	-0.133483	-2.504522	-0.100740	-0.046443	-0.064082	-0.236394	-0.077735	0.968543	-0.540067	0.839150	-0.064465	-0.807741	-0.538317	-0.240352
64839	9.229540	-0.348413	-2.429003	-0.206136	-0.027161	-0.111903	-0.236058	-0.078805	0.968538	-0.538663	0.840168	-0.062926	-0.808776	-0.536570	-0.240778
64840	9.275011	-0.564478	-2.636278	-0.323362	-0.131961	-0.136393	-0.236548	-0.080590	0.968272	-0.536179	0.841903	-0.060916	-0.810282	-0.533577	-0.242361
64841	9.628555	-0.757964	-2.608797	-0.394858	-0.193460	-0.160414	-0.237308	-0.082955	0.967886	-0.533354	0.843871	-0.058443	-0.811922	-0.530095	-0.244502
64842	9.902974	-1.257585	-2.229660	-0.448261	-0.240787	-0.214178	-0.238208	-0.086016	0.967398	-0.530192	0.846070	-0.055324	-0.813728	-0.526085	-0.247146
64843	9.614336	-2.037460	-2.147267	-0.411663	-0.116199	-0.208144	-0.238103	-0.088372	0.967211	-0.527332	0.848046	-0.052331	-0.815615	-0.522502	-0.248524
64844	8.801730	-1.933870	-2.325989	-0.362389	-0.121667	-0.175871	-0.238229	-0.090522	0.966981	-0.524863	0.849731	-0.049762	-0.817169	-0.519388	-0.249942
64845	9.084345	-1.472857	-1.453863	-0.341759	-0.318613	-0.192948	-0.239872	-0.093796	0.966263	-0.522528	0.851321	-0.047077	-0.818185	-0.516192	-0.253219
64846	9.860232	-1.545310	-1.692619	-0.258091	-0.064311	-0.169049	-0.239595	-0.095615	0.966153	-0.520920	0.852428	-0.044822	-0.819291	-0.514027	-0.254045
64847	9.515303	-0.500675	-2.205648	-0.089707	0.167667	-0.138645	-0.237547	-0.095919	0.966629	-0.520513	0.852755	-0.043296	-0.820145	-0.513428	-0.252496
64848	10.049672	-0.084864	-1.976477	-0.160573	0.016342	-0.145210	-0.236693	-0.097060	0.966724	-0.519617	0.853389	-0.041542	-0.820959	-0.512159	-0.252425
64849	10.530920	-0.022116	-1.541273	-0.238842	0.173467	-0.126649	-0.234659	-0.097238	0.967202	-0.517951	0.854486	-0.039757	-0.822595	-0.510293	-0.250877
64850	9.792063	-0.088613	-1.617880	-0.376334	0.310154	-0.087673	-0.231804	-0.096313	0.967983	-0.514875	0.856419	-0.038085	-0.825330	-0.507219	-0.248110
64851	9.603563	-0.136304	-0.919093	-0.493173	0.097139	-0.049786	-0.230794	-0.096232	0.968232	-0.510912	0.858861	-0.036422	-0.828072	-0.503087	-0.247386
64852	10.424554	-0.138417	0.539124	-0.597022	0.113044	-0.034723	-0.229787	-0.095825	0.968512	-0.505850	0.861922	-0.034738	-0.831453	-0.497904	-0.246532
64853	11.121755	-0.791141	0.611837	-0.654569	0.442104	-0.029913	-0.226000	-0.093876	0.969593	-0.500460	0.865135	-0.032889	-0.835741	-0.492676	-0.242502
64854	10.541908	-1.780552	-0.147085	-0.603988	0.697574	-0.028262	-0.220020	-0.090619	0.971277	-0.495499	0.868046	-0.031256	-0.840281	-0.488144	-0.235889
64855	10.555987	-2.720468	-1.065919	-0.480429	0.691728	-0.033618	-0.214076	-0.087528	0.972888	-0.491525	0.870352	-0.029853	-0.844141	-0.484590	-0.229344
64856	10.124264	-3.253524	-1.286923	-0.207300	0.735443	-0.045803	-0.207727	-0.084264	0.974551	-0.489798	0.871352	-0.029060	-0.846728	-0.483369	-0.222275
64857	9.501920	-3.124707	-1.518850	0.089561	0.785642	-0.066367	-0.200793	-0.081020	0.976278	-0.490692	0.870862	-0.028650	-0.847882	-0.484804	-0.214619
64858	9.142828	-2.515276	-1.720915	0.337761	0.760084	-0.095027	-0.193908	-0.078060	0.977909	-0.493816	0.869098	-0.028544	-0.847670	-0.488443	-0.207072
64859	8.985434	-1.796625	-1.929087	0.494633	0.726751	-0.105024	-0.187279	-0.075385	0.979410	-0.498207	0.866587	-0.028564	-0.846591	-0.493298	-0.199851
64860	9.310250	-0.875630	-2.019619	0.597511	0.695722	-0.123816	-0.180846	-0.072896	0.980806	-0.503508	0.863515	-0.028660	-0.844852	-0.499027	-0.192867
64861	9.085085	-0.132596	-2.293381	0.669647	0.752871	-0.148168	-0.173791	-0.070374	0.982265	-0.509422	0.860044	-0.028514	-0.842784	-0.505343	-0.185318
64862	8.932129	0.588125	-2.477112	0.655851	0.678959	-0.201284	-0.167086	-0.068639	0.983550	-0.515535	0.856417	-0.027812	-0.840420	-0.511702	-0.178481
64863	8.968205	1.165040	-2.595497	0.503116	0.560941	-0.255051	-0.161105	-0.067919	0.984598	-0.520179	0.853654	-0.026228	-0.838724	-0.516393	-0.172858
64864	9.075152	0.788039	-3.211910	0.309362	0.483294	-0.295032	-0.155606	-0.067936	0.985480	-0.523434	0.851730	-0.023934	-0.837737	-0.519558	-0.168094
64865	9.267863	0.311904	-3.211908	0.168780	0.350102	-0.280131	-0.151254	-0.068481	0.986120	-0.525280	0.850658	-0.021495	-0.837379	-0.521240	-0.164637
64866	9.505324	-0.144335	-2.810276	-0.021310	0.245766	-0.225432	-0.148156	-0.069122	0.986545	-0.525552	0.850542	-0.019332	-0.837762	-0.521345	-0.162340
64867	9.589767	-0.252213	-2.592959	-0.134839	0.259034	-0.189505	-0.145039	-0.069369	0.986991	-0.524702	0.851110	-0.017287	-0.838839	-0.520384	-0.159842
64868	9.576590	-0.889699	-3.300191	-0.255137	0.295962	-0.138238	-0.141845	-0.069020	0.987480	-0.523067	0.852149	-0.015574	-0.840405	-0.518727	-0.156975
64869	9.634718	-1.537013	-3.722917	-0.237422	0.151982	-0.100437	-0.140092	-0.069073	0.987726	-0.521216	0.853306	-0.014253	-0.841848	-0.516815	-0.155543
64870	9.779578	-2.069935	-3.700973	-0.142224	0.024114	-0.121047	-0.139270	-0.069892	0.987785	-0.520254	0.853914	-0.012932	-0.842579	-0.515700	-0.155286
64871	9.577832	-2.386386	-3.794099	0.108556	-0.058742	-0.186841	-0.138841	-0.071773	0.987710	-0.521432	0.853218	-0.011297	-0.841921	-0.516592	-0.155887
64872	9.220002	-2.323154	-4.286512	0.393177	-0.150788	-0.266885	-0.138738	-0.074784	0.987502	-0.525288	0.850873	-0.009363	-0.839538	-0.520022	-0.157331
64873	8.499010	-1.962190	-4.653256	0.753033	-0.314557	-0.313419	-0.139764	-0.079073	0.987023	-0.532034	0.846690	-0.007507	-0.835108	-0.526179	-0.160406
64874	8.588644	-0.540673	-3.812598	1.009486	-0.644260	-0.317108	-0.143609	-0.085110	0.985968	-0.540812	0.841121	-0.006164	-0.828793	-0.534109	-0.166821
64875	9.495594	1.023732	-2.585466	1.039975	-0.838624	-0.305439	-0.148915	-0.092167	0.984545	-0.549846	0.835251	-0.004974	-0.821884	-0.542089	-0.175059
64876	9.731731	1.921165	-1.856855	0.945730	-0.730273	-0.307634	-0.153408	-0.098679	0.983223	-0.557989	0.829840	-0.003775	-0.815545	-0.549207	-0.182366
64877	9.533700	2.123208	-2.014873	0.622192	-0.607066	-0.303594	-0.156694	-0.104526	0.982101	-0.563523	0.826098	-0.001987	-0.811103	-0.553748	-0.188347
64878	9.788475	1.694507	-1.655639	0.251371	-0.687205	-0.283395	-0.160722	-0.110673	0.980775	-0.566180	0.824282	0.000233	-0.808461	-0.555258	-0.195141
64879	10.307306	0.924454	-0.788426	-0.107659	-0.682553	-0.268224	-0.164771	-0.116654	0.979409	-0.565749	0.824572	0.003033	-0.807947	-0.553600	-0.201862
64880	10.362858	-0.080264	-0.570481	-0.321789	-0.411481	-0.256357	-0.166862	-0.121023	0.978525	-0.563526	0.826076	0.006074	-0.809071	-0.550410	-0.206041
64881	9.850441	-0.883153	-1.014394	-0.315853	-0.251542	-0.276366	-0.167396	-0.124674	0.977975	-0.561433	0.827469	0.009389	-0.810414	-0.547496	-0.208511
64882	9.384386	-1.397171	-1.161862	-0.154547	-0.321522	-0.302573	-0.168288	-0.128835	0.977282	-0.560673	0.827941	0.012600	-0.810756	-0.545815	-0.211567
64883	9.375463	-1.152549	-0.918070	0.144833	-0.366303	-0.316624	-0.169528	-0.133440	0.976450	-0.562384	0.826734	0.015341	-0.809311	-0.546539	-0.215199
64884	9.252761	0.010556	-0.898426	0.295944	-0.236737	-0.289145	-0.170048	-0.136965	0.975871	-0.564885	0.824987	0.017356	-0.807458	-0.548303	-0.217657
64885	9.438298	1.255581	-1.640531	0.191860	-0.181050	-0.249204	-0.170150	-0.139998	0.975423	-0.566859	0.823588	0.019325	-0.806052	-0.549639	-0.219493
64886	9.601372	1.741193	-2.278329	0.109471	-0.232538	-0.217913	-0.170923	-0.142986	0.974854	-0.568037	0.822733	0.021078	-0.805059	-0.550150	-0.221845
64887	9.971417	1.804297	-2.458792	0.025798	-0.295222	-0.188206	-0.172281	-0.146142	0.974147	-0.568570	0.822319	0.022812	-0.804393	-0.549940	-0.224762
64888	9.924868	1.298351	-3.326170	0.027648	-0.213844	-0.163688	-0.173219	-0.148571	0.973613	-0.568942	0.822021	0.024215	-0.803928	-0.549734	-0.226918
64889	9.132960	1.099860	-3.871858	0.127015	-0.213049	-0.165702	-0.174039	-0.151089	0.973079	-0.570252	0.821074	0.025496	-0.802822	-0.550463	-0.229057
64890	8.431039	1.033813	-3.793742	0.164636	-0.351200	-0.152587	-0.176210	-0.154189	0.972202	-0.571650	0.820071	0.026451	-0.801353	-0.551098	-0.232646
64891	9.401665	1.186946	-2.883644	0.173788	-0.620695	-0.128044	-0.180496	-0.158645	0.970697	-0.573271	0.818913	0.027242	-0.799238	-0.551555	-0.238757
64892	10.058927	1.477464	-1.585208	0.134441	-0.535272	-0.111317	-0.184268	-0.162419	0.969363	-0.574393	0.818104	0.027888	-0.797570	-0.551657	-0.244043
64893	9.592992	1.617347	-1.597100	0.062026	-0.336474	-0.085785	-0.186509	-0.164962	0.968505	-0.575048	0.817622	0.028523	-0.796577	-0.551617	-0.247354
64894	9.784219	1.564487	-1.282849	-0.021703	-0.473760	-0.065575	-0.190227	-0.167993	0.967260	-0.574687	0.817858	0.029024	-0.795958	-0.550351	-0.252122
64895	10.047202	1.303160	-0.858084	-0.123595	-0.392356	-0.018066	-0.193298	-0.170282	0.966250	-0.573739	0.818508	0.029468	-0.795901	-0.548679	-0.255913
64896	9.895932	1.168192	-0.580930	-0.203048	-0.316056	0.013327	-0.196026	-0.171851	0.965423	-0.572063	0.819670	0.029750	-0.796440	-0.546451	-0.258986
64897	9.859047	1.077816	-0.055720	-0.319209	-0.276213	0.018618	-0.198386	-0.173187	0.964701	-0.569483	0.821442	0.030357	-0.797704	-0.543359	-0.261590
64898	9.784210	0.700385	-0.730974	-0.369244	-0.102795	-0.000836	-0.199371	-0.173625	0.964420	-0.566261	0.823635	0.031218	-0.799750	-0.539889	-0.262526
64899	9.157448	0.602770	-1.327061	-0.233706	-0.083521	-0.047806	-0.199822	-0.174453	0.964177	-0.564487	0.824812	0.032249	-0.800891	-0.537821	-0.263292
64900	9.281963	0.452197	-2.183817	-0.177269	-0.164586	-0.081297	-0.200899	-0.175808	0.963707	-0.562720	0.825974	0.033374	-0.801864	-0.535592	-0.264868
64901	8.992037	0.358432	-3.302261	0.045421	-0.185688	-0.086843	-0.201951	-0.177503	0.963176	-0.563259	0.825579	0.034046	-0.801221	-0.535642	-0.266707
64902	8.663871	0.869299	-3.545264	0.191544	-0.363527	-0.065858	-0.204695	-0.179876	0.962156	-0.564716	0.824584	0.034016	-0.799497	-0.536382	-0.270367
64903	8.967320	1.493759	-3.570843	0.212573	-0.480908	-0.013077	-0.208513	-0.182549	0.960832	-0.566440	0.823421	0.033518	-0.797288	-0.537265	-0.275097
64904	8.930180	2.229768	-2.937297	0.166979	-0.556993	0.051838	-0.213416	-0.185015	0.959283	-0.567481	0.822747	0.032432	-0.795248	-0.537453	-0.280580
64905	9.335530	2.984502	-1.853633	-0.043538	-0.612799	0.113426	-0.218982	-0.187354	0.957573	-0.566889	0.823195	0.031424	-0.794156	-0.535956	-0.286474
64906	10.028164	3.050700	-1.418035	-0.349320	-0.531145	0.184176	-0.224493	-0.188524	0.956066	-0.563370	0.825641	0.030521	-0.795121	-0.531767	-0.291559
64907	10.101220	2.940095	-1.189523	-0.590753	-0.425081	0.232428	-0.229234	-0.188832	0.954879	-0.558137	0.829207	0.029990	-0.797455	-0.526078	-0.295477
64908	10.223929	2.463382	-0.974778	-0.815024	-0.376612	0.249187	-0.233802	-0.188581	0.953821	-0.550704	0.834164	0.029934	-0.801288	-0.518274	-0.298882
64909	10.171198	1.699068	-1.329384	-0.951758	-0.277217	0.256250	-0.237483	-0.187843	0.953056	-0.542449	0.839542	0.030302	-0.805823	-0.509789	-0.301273
64910	9.871091	0.854403	-2.104956	-0.960477	-0.232699	0.245469	-0.240829	-0.186789	0.952424	-0.533663	0.845136	0.030806	-0.810682	-0.500854	-0.303215
64911	9.649421	0.018841	-2.513303	-0.890436	-0.307476	0.235475	-0.244628	-0.186301	0.951551	-0.525852	0.850003	0.031231	-0.814639	-0.492735	-0.305901
64912	9.392312	-0.741142	-2.725704	-0.736161	-0.332153	0.210901	-0.248626	-0.185955	0.950582	-0.518932	0.854239	0.031380	-0.817860	-0.485485	-0.308884
64913	9.146476	-1.317093	-2.891592	-0.538325	-0.329654	0.202993	-0.252426	-0.185789	0.949612	-0.514012	0.857220	0.031078	-0.819800	-0.480267	-0.311883
64914	9.078800	-1.615184	-3.473478	-0.392062	-0.317923	0.218608	-0.256285	-0.185252	0.948683	-0.509798	0.859765	0.030168	-0.821233	-0.475905	-0.314786
64915	8.846957	-1.308587	-3.957811	-0.152113	-0.351820	0.211299	-0.260301	-0.185084	0.947622	-0.507998	0.860883	0.028601	-0.821085	-0.473945	-0.318111
64916	8.712414	-0.856701	-3.967235	-0.015261	-0.453013	0.181328	-0.265089	-0.185396	0.946233	-0.506699	0.861704	0.026882	-0.820356	-0.472329	-0.322368
64917	8.737734	-0.490642	-3.932318	0.090693	-0.499603	0.167521	-0.270084	-0.186290	0.944643	-0.506988	0.861592	0.024959	-0.818546	-0.472182	-0.327149
64918	8.953159	0.152943	-3.619025	0.141583	-0.587104	0.173080	-0.276021	-0.187327	0.942720	-0.507237	0.861509	0.022675	-0.816409	-0.471923	-0.332813
64919	9.588670	0.555796	-3.010887	0.155600	-0.617294	0.179209	-0.282014	-0.188675	0.940675	-0.507998	0.861116	0.020420	-0.813883	-0.472103	-0.338694
64920	9.862334	0.984980	-2.480052	0.125498	-0.513524	0.188970	-0.287294	-0.189320	0.938946	-0.508256	0.861016	0.018093	-0.811873	-0.472027	-0.343588
64921	10.517703	0.957213	-1.771024	-0.010645	-0.516274	0.201158	-0.292556	-0.190000	0.937183	-0.507579	0.861453	0.016198	-0.810416	-0.470956	-0.348463
64922	11.367659	0.401600	-0.961343	-0.128496	-0.459549	0.209947	-0.297414	-0.190198	0.935612	-0.505587	0.862651	0.014649	-0.809893	-0.468676	-0.352727
64923	11.370327	-0.177586	-0.493235	-0.038201	-0.227651	0.209299	-0.300366	-0.189436	0.934823	-0.504644	0.863233	0.012782	-0.809391	-0.467914	-0.354884
64924	10.360439	-0.094315	-0.031596	0.244186	-0.014440	0.153657	-0.301329	-0.188017	0.934800	-0.505849	0.862559	0.010428	-0.808281	-0.469725	-0.355022
64925	9.928553	0.166856	-0.048533	0.408131	0.059410	0.041224	-0.301110	-0.187359	0.935002	-0.509012	0.860717	0.008550	-0.806374	-0.473353	-0.354539
64926	9.585315	-0.549341	-2.242337	0.507551	0.279947	-0.031347	-0.298806	-0.186125	0.935987	-0.512952	0.858389	0.006938	-0.804733	-0.478043	-0.351965
64927	8.116930	-1.244320	-4.727743	0.715720	0.245177	-0.005653	-0.296860	-0.184971	0.936835	-0.518709	0.854939	0.004435	-0.801757	-0.484628	-0.349744
64928	7.158080	-1.171279	-6.161666	0.864000	-0.305445	0.053043	-0.299682	-0.185821	0.935768	-0.525192	0.850983	0.000790	-0.796470	-0.491221	-0.352616
64929	7.769162	-0.565219	-5.777797	0.943718	-0.795510	0.138719	-0.306775	-0.188556	0.932918	-0.532244	0.846582	-0.003914	-0.789053	-0.497741	-0.360068
64930	9.702838	0.397927	-3.854663	0.859192	-1.038904	0.245499	-0.316298	-0.191624	0.929105	-0.538260	0.842726	-0.009433	-0.781173	-0.503084	-0.369696
64931	10.454116	1.479851	-2.478985	0.632747	-0.601107	0.339145	-0.322862	-0.191786	0.926811	-0.542093	0.840185	-0.014982	-0.775819	-0.507254	-0.375230
64932	11.203240	2.100027	-2.324820	0.353024	-0.460855	0.377084	-0.328569	-0.190830	0.925001	-0.543462	0.839198	-0.019914	-0.772458	-0.509246	-0.379443
64933	10.501851	2.127519	-2.208409	0.271986	-0.143485	0.344476	-0.331602	-0.188652	0.924365	-0.544413	0.838469	-0.024178	-0.770490	-0.511254	-0.380742
64934	9.703171	2.028728	-2.065995	0.208822	-0.159023	0.290889	-0.334461	-0.186957	0.923679	-0.545031	0.837956	-0.027747	-0.768815	-0.512714	-0.382161
64935	9.870614	1.450541	-1.668106	0.103759	-0.265823	0.237948	-0.337852	-0.186307	0.922576	-0.545018	0.837874	-0.030387	-0.767341	-0.513086	-0.384618
64936	9.919704	0.662755	-1.676324	0.125036	-0.176729	0.195682	-0.340370	-0.185339	0.921845	-0.544926	0.837845	-0.032750	-0.766293	-0.513484	-0.386173
64937	9.762301	-0.212022	-2.128589	0.232400	-0.151639	0.173259	-0.342528	-0.184648	0.921184	-0.546102	0.836975	-0.035291	-0.764492	-0.515148	-0.387524
64938	9.575249	-1.010621	-2.475956	0.409600	-0.201961	0.188762	-0.345198	-0.183976	0.920321	-0.548500	0.835252	-0.038763	-0.761569	-0.518177	-0.389238
64939	9.536907	-1.496619	-2.585036	0.610321	-0.261564	0.223386	-0.348466	-0.183455	0.919193	-0.552348	0.832491	-0.043244	-0.757286	-0.522784	-0.391426
64940	9.721250	-1.463922	-2.331722	0.720980	-0.351732	0.266017	-0.352673	-0.183010	0.917676	-0.556885	0.829163	-0.048659	-0.751998	-0.528201	-0.394339
64941	10.122792	-1.209847	-1.733408	0.735851	-0.458989	0.296312	-0.357821	-0.182975	0.915688	-0.561333	0.825804	-0.054337	-0.746237	-0.533449	-0.398200
64942	10.727671	-0.675834	-0.725548	0.733305	-0.527144	0.310534	-0.363547	-0.183067	0.913411	-0.565462	0.822575	-0.060198	-0.740329	-0.538384	-0.402562
64943	11.427193	0.143893	0.531964	0.721955	-0.514422	0.295488	-0.369069	-0.183405	0.911126	-0.569691	0.819216	-0.065860	-0.734330	-0.543367	-0.406831
64944	11.961208	0.437219	1.521749	0.739564	-0.324749	0.254891	-0.372953	-0.183063	0.909612	-0.574354	0.815490	-0.071372	-0.728714	-0.549057	-0.409283
64945	12.175195	0.200085	1.722911	0.851771	0.067265	0.233252	-0.373863	-0.180776	0.909696	-0.579657	0.811212	-0.077020	-0.724033	-0.556107	-0.408071
64946	12.075718	-0.098950	1.306914	1.023496	0.392753	0.242495	-0.372495	-0.176392	0.911117	-0.585928	0.806050	-0.083496	-0.719678	-0.564950	-0.403603
64947	12.340978	-0.275404	0.783492	1.138390	0.505462	0.258647	-0.370447	-0.171417	0.912899	-0.593120	0.800016	-0.090463	-0.714827	-0.574971	-0.398034
64948	13.056348	-0.544974	0.409708	1.210130	0.599370	0.269428	-0.367803	-0.165596	0.915041	-0.600590	0.793554	-0.097798	-0.709939	-0.585535	-0.391326
64949	13.715239	-0.965916	0.241900	1.277534	0.729907	0.284589	-0.364413	-0.159016	0.917560	-0.608573	0.786466	-0.105401	-0.704870	-0.596812	-0.383371
64950	13.722777	-1.253201	0.766483	1.311524	0.909401	0.347870	-0.360141	-0.150740	0.920639	-0.616636	0.778999	-0.113671	-0.700042	-0.608636	-0.373501
64951	13.215172	-0.958764	1.962893	1.197140	1.143826	0.436654	-0.354914	-0.140313	0.924310	-0.623424	0.772285	-0.122145	-0.696692	-0.619587	-0.361569
64952	12.754052	-0.502076	3.897041	1.027440	1.413693	0.487085	-0.348063	-0.127724	0.928730	-0.629025	0.766380	-0.130345	-0.695112	-0.629562	-0.347090
64953	12.770485	-0.676350	5.424056	0.880504	1.812714	0.519026	-0.338786	-0.112252	0.934143	-0.633355	0.761420	-0.138203	-0.695762	-0.638466	-0.329054
64954	13.539230	-0.356511	6.597804	0.878884	2.393471	0.570178	-0.325707	-0.092427	0.940942	-0.637863	0.756083	-0.146527	-0.697887	-0.647917	-0.305217
64955	12.267324	0.242818	6.614626	0.673797	3.067051	0.623532	-0.308258	-0.067722	0.948889	-0.640598	0.752189	-0.154422	-0.703286	-0.655459	-0.275251
64956	10.196129	0.717687	4.963422	0.423309	3.705281	0.684388	-0.286381	-0.038092	0.957358	-0.641832	0.749501	-0.162174	-0.711363	-0.660907	-0.239091
64957	8.951555	1.194756	2.986204	-0.062939	3.556929	0.717723	-0.265547	-0.009180	0.964054	-0.639394	0.750081	-0.168978	-0.721568	-0.661282	-0.205052
64958	8.129413	1.048351	1.121457	-0.572028	3.272108	0.739149	-0.246500	0.018042	0.968975	-0.633795	0.753384	-0.175260	-0.733172	-0.657333	-0.174274
64959	8.625510	0.908323	0.065089	-1.073892	2.876786	0.708387	-0.229722	0.042199	0.972341	-0.624157	0.760174	-0.180453	-0.746763	-0.648347	-0.148290
64960	10.550280	0.241375	-1.833286	-1.518663	2.554035	0.650931	-0.214502	0.063472	0.974659	-0.611916	0.769042	-0.184752	-0.761280	-0.636039	-0.126122
64961	13.656200	0.307775	-3.136714	-1.354525	2.472709	0.477458	-0.198462	0.082755	0.976609	-0.600526	0.777215	-0.187895	-0.774585	-0.623769	-0.104551
64962	15.160447	0.444661	-4.273077	-0.913570	2.745468	0.203803	-0.178351	0.101366	0.978732	-0.593551	0.782246	-0.189178	-0.784785	-0.614668	-0.079349
64963	15.903094	0.946340	-5.430903	-0.202505	2.802985	-0.099152	-0.155738	0.117771	0.980753	-0.592123	0.783582	-0.188120	-0.790655	-0.610024	-0.052298
64964	16.698897	1.797600	-5.979565	0.535568	2.941510	-0.429371	-0.129940	0.132388	0.982644	-0.597460	0.780467	-0.184155	-0.791301	-0.611019	-0.022317
64965	14.836338	2.704310	-6.158401	0.957613	3.326241	-0.738276	-0.099263	0.147032	0.984138	-0.605879	0.775619	-0.176990	-0.789340	-0.613837	0.012094
64966	11.806410	3.305401	-6.333905	0.993326	3.295959	-0.947708	-0.067559	0.160025	0.984798	-0.614912	0.770622	-0.167406	-0.785697	-0.616874	0.046339
64967	10.427431	3.147470	-4.929471	0.493543	2.610758	-1.006001	-0.040914	0.168394	0.984870	-0.619339	0.769215	-0.157250	-0.784057	-0.616402	0.072821
64968	10.278472	2.213380	-3.124374	-0.230388	2.142880	-0.944179	-0.018383	0.174196	0.984539	-0.618349	0.771822	-0.148106	-0.785688	-0.611512	0.093526
64969	11.194714	1.466580	-1.176532	-0.827494	1.930152	-0.801715	0.001709	0.179707	0.983719	-0.611903	0.778244	-0.141108	-0.790931	-0.601699	0.111293
64970	12.802347	0.475525	0.476900	-1.652287	2.022328	-0.619189	0.021457	0.186817	0.982160	-0.599104	0.788870	-0.136962	-0.800383	-0.585478	0.128850
64971	13.350036	-0.784536	0.116664	-1.997624	2.516621	-0.461459	0.044411	0.197641	0.979268	-0.582865	0.801230	-0.135274	-0.811354	-0.564774	0.150782
64972	11.828147	-1.104232	-0.918039	-1.932671	2.916887	-0.413879	0.070490	0.210394	0.975072	-0.567442	0.812392	-0.134271	-0.820391	-0.543832	0.176652
64973	10.024491	-1.653776	-1.994043	-1.691862	2.817865	-0.428350	0.096056	0.221958	0.970313	-0.553159	0.822334	-0.133348	-0.827519	-0.523929	0.201768
64974	9.327810	-1.629446	-2.044759	-1.549485	2.513056	-0.463491	0.119431	0.231069	0.965579	-0.540258	0.831073	-0.132057	-0.832981	-0.505891	0.224092
64975	8.289294	-2.423433	-2.494211	-1.593992	2.316790	-0.466126	0.141226	0.238700	0.960769	-0.526347	0.840064	-0.131342	-0.838459	-0.487149	0.244278
64976	8.733648	-3.032264	-2.436363	-1.578094	2.020730	-0.431631	0.160483	0.244761	0.956210	-0.512861	0.848404	-0.131091	-0.843338	-0.469364	0.261683
64977	9.242795	-3.537808	-2.498433	-1.641553	2.006857	-0.374509	0.179299	0.250822	0.951284	-0.498360	0.856863	-0.131995	-0.848227	-0.450415	0.278634
64978	8.843769	-3.857895	-2.633983	-1.486552	2.036531	-0.308952	0.198117	0.257222	0.945826	-0.485627	0.863953	-0.133234	-0.851420	-0.432922	0.296078
64979	8.545383	-3.235337	-2.287335	-1.160148	2.010882	-0.272511	0.216511	0.263438	0.940066	-0.475198	0.869578	-0.134240	-0.852825	-0.417653	0.313459
64980	8.028593	-2.641075	-1.677887	-0.919934	1.971826	-0.293732	0.234805	0.269087	0.934055	-0.466848	0.874058	-0.134445	-0.852596	-0.404493	0.330856
64981	7.731481	-2.108438	-1.399575	-0.621814	1.892973	-0.337907	0.252445	0.273712	0.928091	-0.460752	0.877439	-0.133447	-0.850869	-0.393932	0.347618
64982	7.507656	-1.820747	-0.974416	-0.386567	1.764776	-0.390018	0.269246	0.277335	0.922275	-0.456976	0.879758	-0.131142	-0.847750	-0.386148	0.363607
64983	7.310698	-1.233319	-0.724748	-0.173052	1.660820	-0.441954	0.285258	0.279834	0.916690	-0.454313	0.881634	-0.127758	-0.843936	-0.380020	0.378625
64984	6.793634	-0.735479	-0.334199	-0.141403	1.490228	-0.491471	0.300055	0.281161	0.911546	-0.451747	0.883513	-0.123812	-0.840173	-0.374638	0.392116
64985	6.185775	-0.586237	-0.209182	-0.167168	1.279295	-0.550962	0.313215	0.281076	0.907134	-0.448683	0.885665	-0.119503	-0.837007	-0.369586	0.403517
64986	5.442290	-0.973351	-0.342182	-0.282242	1.032120	-0.595821	0.324544	0.279639	0.903589	-0.444517	0.888325	-0.115258	-0.834911	-0.364254	0.412605
64987	4.573141	-1.822592	-0.714670	-0.394054	0.730507	-0.598229	0.333235	0.276986	0.901240	-0.439289	0.891395	-0.111533	-0.834254	-0.358738	0.418721
64988	4.070905	-2.860766	-1.087205	-0.422148	0.485413	-0.584308	0.339889	0.273505	0.899817	-0.433756	0.894528	-0.108054	-0.834465	-0.353575	0.422675
64989	3.615478	-4.063886	-1.503138	-0.256169	0.300024	-0.558938	0.344757	0.269585	0.899148	-0.429734	0.896929	-0.104148	-0.834548	-0.350488	0.425073
64990	3.628049	-4.611203	-1.045262	0.242988	0.073349	-0.564320	0.347802	0.264829	0.899389	-0.429878	0.897547	-0.098049	-0.833210	-0.352526	0.426012
64991	4.185203	-3.857247	0.680835	0.719831	-0.221653	-0.611691	0.348550	0.258582	0.900915	-0.433767	0.896567	-0.089516	-0.830878	-0.359586	0.424663
64992	5.071037	-2.606348	2.142380	0.937117	-0.469289	-0.704426	0.347705	0.250617	0.903489	-0.439177	0.894901	-0.079218	-0.828387	-0.369247	0.421227
64993	5.933610	-1.345392	2.598631	1.123940	-0.564236	-0.849565	0.346749	0.240936	0.906485	-0.445550	0.892757	-0.066855	-0.825379	-0.380703	0.416912
64994	6.848149	-0.441298	3.098760	1.381231	-0.660944	-1.028152	0.345909	0.229265	0.909827	-0.453434	0.889782	-0.051822	-0.821429	-0.394620	0.411740
64995	7.786971	-0.031783	3.964590	1.574421	-0.760166	-1.181925	0.345045	0.215738	0.913456	-0.462276	0.886059	-0.034650	-0.816851	-0.410313	0.405461
64996	8.747288	0.433710	5.513771	1.630273	-0.903347	-1.296426	0.343718	0.200505	0.917418	-0.471083	0.881939	-0.016256	-0.812366	-0.426592	0.397593
64997	10.023662	0.447005	7.205400	1.525316	-1.063027	-1.352446	0.341475	0.184013	0.921702	-0.478842	0.877899	0.002135	-0.808768	-0.442078	0.387894
64998	11.842402	-0.326639	7.891632	1.497385	-1.076302	-1.317786	0.339127	0.167672	0.925678	-0.486488	0.873458	0.020014	-0.805185	-0.457118	0.377783
64999	13.049507	-0.113127	7.675291	1.683045	-0.867719	-1.200678	0.338011	0.153208	0.928588	-0.495958	0.867541	0.037395	-0.799859	-0.473181	0.369223
65000	11.905630	0.956570	9.277834	1.366266	-0.898172	-1.025679	0.335944	0.140091	0.931405	-0.503490	0.862442	0.051884	-0.796014	-0.486384	0.360267
65001	10.112425	0.563855	9.876952	0.608645	-0.900563	-0.765043	0.332586	0.129114	0.934193	-0.505806	0.860477	0.061148	-0.795957	-0.492857	0.351490
65002	6.729682	1.706565	9.006323	0.153219	-0.769109	-0.580151	0.329376	0.120386	0.936493	-0.505172	0.860409	0.067069	-0.797692	-0.495181	0.344213
65003	4.059365	3.258310	6.787968	-0.234853	-0.972990	-0.559978	0.324361	0.110773	0.939425	-0.501491	0.862205	0.071485	-0.802058	-0.494300	0.335217
65004	3.522673	3.909907	2.540704	-0.207011	-1.134305	-0.568240	0.318081	0.100364	0.942736	-0.498113	0.863765	0.076108	-0.806665	-0.493798	0.324740
65005	3.374902	3.770265	-1.643493	-0.251036	-1.384868	-0.447191	0.309040	0.089688	0.946811	-0.494706	0.865417	0.079495	-0.812256	-0.492960	0.311818
65006	4.536139	1.495923	-5.386205	-0.283364	-1.987965	-0.242193	0.294016	0.077876	0.952623	-0.491768	0.866959	0.080906	-0.819584	-0.492257	0.293196
65007	8.351838	-0.690191	-5.612339	-0.371011	-2.643852	0.046735	0.271943	0.065307	0.960095	-0.488869	0.868739	0.079377	-0.828887	-0.490946	0.268174
65008	13.237868	-1.116633	-1.671262	-0.583630	-2.904966	0.265241	0.246412	0.053405	0.967693	-0.484674	0.871446	0.075323	-0.839269	-0.487576	0.240619
65009	18.317348	-0.244005	4.642542	-0.746708	-2.527460	0.273048	0.223711	0.043557	0.973682	-0.479037	0.874925	0.070923	-0.848809	-0.482296	0.216596
65010	18.875289	2.333631	9.490561	-0.934635	-1.865309	0.194707	0.206867	0.036355	0.977693	-0.471484	0.879321	0.067062	-0.857268	-0.474840	0.199043
65011	16.918494	3.070298	9.707353	-1.770000	-1.612257	0.084680	0.192509	0.029595	0.980849	-0.456400	0.887556	0.062797	-0.868700	-0.459749	0.184369
65012	16.245928	-1.808492	6.149212	-2.604781	-1.349474	-0.082918	0.181048	0.022823	0.983209	-0.433424	0.899261	0.058936	-0.882817	-0.436817	0.172702
65013	14.936211	-6.962824	3.887860	-2.686874	-1.101917	-0.155310	0.171852	0.016765	0.984980	-0.409272	0.910698	0.055906	-0.896082	-0.412732	0.163366
65014	12.508708	-8.812431	3.956833	-2.621477	-0.877188	-0.069376	0.164186	0.012645	0.986348	-0.385472	0.921233	0.052355	-0.907994	-0.388806	0.156128
65015	10.180621	-10.748527	0.675049	-2.595391	-0.513523	0.210256	0.158662	0.012687	0.987251	-0.362129	0.930981	0.046234	-0.918525	-0.364848	0.152305
65016	6.942837	-13.351707	-5.856940	-1.436535	-0.132675	0.333108	0.156260	0.015437	0.987595	-0.349496	0.936055	0.040666	-0.923816	-0.351515	0.151663
65017	5.091194	-9.429663	-5.700747	0.813409	-0.583296	0.141401	0.150330	0.014718	0.988526	-0.357241	0.933137	0.040434	-0.921835	-0.359220	0.145536
65018	6.985704	-2.869754	-2.815318	1.803614	-1.052239	-0.112689	0.141049	0.009956	0.989953	-0.373796	0.926470	0.043941	-0.916724	-0.376238	0.134399
65019	9.769588	2.935679	-3.092901	2.136427	-0.976482	-0.195949	0.132833	0.004408	0.991129	-0.393061	0.918228	0.048595	-0.909867	-0.396029	0.123703
65020	12.495551	6.833842	-5.253209	1.764135	-1.038209	-0.133456	0.123941	-0.000872	0.992289	-0.408972	0.911071	0.051883	-0.904091	-0.412249	0.112562
65021	11.552920	6.322641	-6.128109	1.547766	-1.047516	-0.106671	0.114891	-0.006204	0.993359	-0.422818	0.904571	0.054553	-0.898902	-0.426278	0.101304
65022	10.714702	5.527055	-3.894930	1.086540	-1.426351	-0.164899	0.102751	-0.013776	0.994612	-0.432366	0.899886	0.057131	-0.895825	-0.435907	0.086508
65023	9.319537	2.906489	-3.779250	0.450823	-1.256743	-0.151771	0.092106	-0.020615	0.995536	-0.436274	0.897880	0.058957	-0.895087	-0.439757	0.073706
65024	8.537274	2.279610	-3.777227	0.559846	-1.168657	-0.113449	0.082129	-0.026721	0.996263	-0.441250	0.895350	0.060390	-0.893618	-0.444561	0.061743
65025	9.484239	2.639152	-3.435786	0.374404	-1.303051	-0.056939	0.070690	-0.033016	0.996952	-0.444569	0.893657	0.061118	-0.892951	-0.447534	0.048495
65026	10.213934	2.049293	-3.122580	0.096597	-1.300306	-0.040902	0.059192	-0.039165	0.997478	-0.445416	0.893209	0.061503	-0.893365	-0.447933	0.035426
65027	10.394405	0.955942	-2.554454	-0.096207	-1.341370	-0.024056	0.047257	-0.045352	0.997853	-0.444560	0.893624	0.061669	-0.894502	-0.446520	0.022068
65028	10.333791	0.345985	-2.266642	-0.147848	-1.307940	0.002000	0.035501	-0.051113	0.998062	-0.443290	0.894262	0.061565	-0.895675	-0.444616	0.009089
65029	9.624709	0.787448	-2.101583	0.007454	-1.216988	-0.009555	0.024590	-0.056579	0.998095	-0.443370	0.894219	0.061614	-0.896001	-0.444040	-0.003097
65030	9.812671	1.663685	-1.574818	0.117832	-1.409786	-0.078385	0.012240	-0.063527	0.997905	-0.444339	0.893687	0.062342	-0.895775	-0.444171	-0.017289
65031	9.867135	2.127733	-0.941222	0.231484	-1.493736	-0.147362	-0.000529	-0.071459	0.997443	-0.446418	0.892554	0.063708	-0.894825	-0.445243	-0.032372
65032	9.698490	2.718405	-0.402616	0.334365	-1.534615	-0.168531	-0.013538	-0.079770	0.996721	-0.449477	0.890910	0.065197	-0.893189	-0.447120	-0.047916
