// General information: 
//  MT Manager version: 2022.2.0 
//  XDA version: 2022.2.0 build 7381 rev 124627 built on 2023-07-19
// Device information: 
//  DeviceId: 00B4CAF0
//  ProductCode: MTW2-3A7G6
//  Firmware Version: 4.6.0
//  Hardware Version: 2.0.0
// Device settings: 
//  Filter Profile: human(46.1)
//  Option Flags: Orientation Smoother Disabled, Position/Velocity Smoother Disabled, Continuous Zero Rotation Update Disabled, AHS Disabled, ICC Disabled
// Coordinate system: ENU
PacketCounter	Acc_X	Acc_Y	Acc_Z	Gyr_X	Gyr_Y	Gyr_Z	Mat[1][1]	Mat[2][1]	Mat[3][1]	Mat[1][2]	Mat[2][2]	Mat[3][2]	Mat[1][3]	Mat[2][3]	Mat[3][3]
32953	7.771605	0.217852	7.336199	-0.077041	0.181302	-0.149307	-0.869557	0.251720	0.424861	-0.358305	-0.913644	-0.192024	0.339835	-0.319206	0.884658
32954	7.903749	0.316491	7.324669	0.052227	0.216758	-0.195880	-0.869652	0.254190	0.423193	-0.359802	-0.913310	-0.190806	0.338005	-0.318200	0.885721
32955	7.664224	0.288238	6.732345	0.082867	0.211105	-0.237923	-0.869497	0.257024	0.421797	-0.361592	-0.912965	-0.189069	0.336491	-0.316914	0.886758
32956	7.557353	-0.046603	6.157950	0.103959	0.104181	-0.293516	-0.868834	0.260023	0.421327	-0.363769	-0.912532	-0.186970	0.335858	-0.315712	0.887426
32957	7.656518	-0.154944	5.815829	0.170896	-0.009927	-0.328477	-0.867593	0.262979	0.422048	-0.366047	-0.912210	-0.184071	0.336590	-0.314188	0.887690
32958	7.797202	-0.431333	5.532666	0.194110	-0.136385	-0.328859	-0.865962	0.265542	0.423788	-0.368225	-0.911946	-0.181009	0.338407	-0.312796	0.887490
32959	7.780027	-0.759662	5.385643	0.230442	-0.259752	-0.302140	-0.863955	0.267478	0.426658	-0.370056	-0.911859	-0.177682	0.341526	-0.311397	0.886787
32960	8.005782	-1.268324	5.243519	0.314814	-0.405798	-0.257119	-0.861631	0.268554	0.430664	-0.371185	-0.912142	-0.173836	0.346142	-0.309638	0.885613
32961	9.421787	-2.489616	5.736601	0.359728	-0.583973	-0.225056	-0.858745	0.268795	0.436240	-0.371865	-0.912647	-0.169681	0.352524	-0.307935	0.883687
32962	10.365814	-2.974158	5.462140	1.043976	-0.426411	-0.426194	-0.855649	0.271388	0.440696	-0.371807	-0.914655	-0.158636	0.360033	-0.299590	0.883528
32963	7.855475	-0.345356	5.610980	1.937186	-0.214784	-0.655922	-0.852423	0.276767	0.443594	-0.370348	-0.918494	-0.138604	0.369078	-0.282433	0.885445
32964	4.059186	0.381960	7.951251	1.473265	-0.172976	-0.788404	-0.848844	0.283535	0.446175	-0.371590	-0.920334	-0.122093	0.376012	-0.269432	0.886578
32965	4.906352	-2.877637	9.638096	0.665448	-0.384408	-0.735681	-0.844630	0.289271	0.450469	-0.375298	-0.920002	-0.112901	0.381774	-0.264420	0.885625
32966	2.507742	-4.246203	7.807992	1.763750	-0.131899	-0.751692	-0.841292	0.295854	0.452437	-0.374858	-0.922312	-0.093925	0.389500	-0.248618	0.886836
32967	3.473495	-1.551956	9.043440	2.169783	-0.558841	-0.700372	-0.836452	0.300980	0.457994	-0.372144	-0.925417	-0.071505	0.402314	-0.230250	0.886075
32968	4.064792	2.876081	11.877246	2.086336	-0.384247	-0.681407	-0.832351	0.306443	0.461827	-0.369353	-0.927946	-0.049951	0.413244	-0.212154	0.885562
32969	8.505619	6.475679	11.893365	2.111315	-0.773453	-0.496067	-0.827268	0.309473	0.468886	-0.364595	-0.930715	-0.028977	0.427431	-0.194926	0.882783
32970	5.481616	4.911798	10.618059	0.211085	0.030505	-0.364138	-0.826059	0.312916	0.468732	-0.366715	-0.929985	-0.025434	0.427955	-0.192901	0.882974
32971	8.453027	0.827589	12.743668	-1.642286	-0.566177	0.040411	-0.823779	0.311395	0.473732	-0.373400	-0.926803	-0.040102	0.426569	-0.209927	0.879755
32972	8.746024	-2.096389	3.394792	-0.184428	0.453885	0.137017	-0.826207	0.311072	0.469697	-0.373054	-0.926841	-0.042379	0.422152	-0.210236	0.881810
32973	2.829759	2.465114	15.382082	1.355216	0.213301	-0.168759	-0.826474	0.313067	0.467899	-0.368706	-0.929074	-0.029630	0.425437	-0.197006	0.883285
32974	6.350906	1.186139	7.086745	-0.401042	-0.210924	-0.057252	-0.825354	0.313173	0.469802	-0.370887	-0.928095	-0.032905	0.425716	-0.201401	0.882158
32975	4.089562	-0.606146	10.015839	-0.526625	0.203379	0.133492	-0.826701	0.312342	0.467983	-0.372018	-0.927440	-0.038181	0.422101	-0.205663	0.882912
32976	5.225197	-0.511562	8.747858	0.179280	-0.054330	0.016416	-0.826520	0.312073	0.468483	-0.371123	-0.927859	-0.036674	0.423241	-0.204177	0.882711
32977	4.891167	0.506892	9.175301	0.090310	0.010451	0.045485	-0.826721	0.311666	0.468398	-0.370366	-0.928184	-0.036093	0.423510	-0.203318	0.882780
32978	5.180199	-0.324960	8.782418	-0.159924	0.023746	0.054461	-0.827010	0.311203	0.468195	-0.370591	-0.928028	-0.037757	0.422748	-0.204734	0.882818
32979	5.195061	-0.541145	8.550056	0.002664	0.048016	0.049010	-0.827384	0.310841	0.467776	-0.370176	-0.928186	-0.037966	0.422382	-0.204572	0.883031
32980	4.741433	0.080163	9.038548	0.016741	0.083410	0.044117	-0.827884	0.310596	0.467052	-0.369740	-0.928357	-0.038021	0.421782	-0.204165	0.883412
32981	4.996205	0.157760	9.151850	-0.054385	0.025371	0.078329	-0.828269	0.309915	0.466822	-0.369321	-0.928488	-0.038871	0.421392	-0.204603	0.883497
32982	4.954025	-0.542583	9.221275	-0.143500	0.032992	0.096527	-0.828750	0.309080	0.466522	-0.369124	-0.928494	-0.040583	0.420619	-0.205837	0.883578
32983	4.913845	-0.938126	9.060987	-0.081747	0.036892	0.086306	-0.829213	0.308348	0.466184	-0.368753	-0.928591	-0.041711	0.420033	-0.206494	0.883704
32984	4.880260	-0.976265	9.048492	-0.069351	0.044425	0.073685	-0.829656	0.307750	0.465791	-0.368432	-0.928675	-0.042663	0.419439	-0.207008	0.883866
32985	4.846000	-1.013955	9.036304	-0.092942	0.054998	0.049816	-0.830059	0.307395	0.465307	-0.368409	-0.928635	-0.043720	0.418661	-0.207714	0.884069
32986	4.805669	-0.944164	8.825113	-0.063732	0.084520	0.032770	-0.830518	0.307261	0.464576	-0.368405	-0.928603	-0.044436	0.417753	-0.208057	0.884418
32987	4.743196	-0.379938	8.894851	-0.035477	0.106444	0.021639	-0.831031	0.307276	0.463648	-0.368375	-0.928595	-0.044853	0.416759	-0.208071	0.884883
32988	4.637113	-0.067779	8.988440	-0.102073	0.115323	0.032672	-0.831616	0.307207	0.462644	-0.368530	-0.928481	-0.045909	0.415452	-0.208677	0.885355
32989	4.577227	-0.068339	9.200936	-0.153107	0.091870	0.048679	-0.832165	0.306942	0.461831	-0.368762	-0.928310	-0.047493	0.414145	-0.209828	0.885695
32990	4.318866	-0.090509	9.350249	-0.181755	0.075005	0.068711	-0.832714	0.306456	0.461164	-0.368942	-0.928138	-0.049419	0.412879	-0.211294	0.885938
32991	4.407610	-0.874261	9.617177	-0.215353	-0.066404	0.098228	-0.832791	0.305397	0.461726	-0.369014	-0.927980	-0.051783	0.412658	-0.213508	0.885510
32992	4.741680	-0.723603	9.243921	-0.030418	-0.008458	0.086742	-0.833063	0.304568	0.461784	-0.368417	-0.928180	-0.052451	0.412643	-0.213824	0.885441
32993	4.805998	-0.652321	9.338522	-0.087403	-0.054511	0.079455	-0.833120	0.303707	0.462248	-0.368117	-0.928234	-0.053595	0.412797	-0.214812	0.885130
32994	4.737558	-0.949758	9.188161	-0.094069	-0.032144	0.066470	-0.833219	0.303015	0.462524	-0.367951	-0.928233	-0.054734	0.412744	-0.215792	0.884916
32995	4.845393	-0.784380	9.138576	-0.061944	-0.033922	0.054385	-0.833268	0.302431	0.462818	-0.367755	-0.928263	-0.055537	0.412820	-0.216481	0.884712
32996	4.803458	-0.762524	9.127173	-0.077440	-0.022346	0.050150	-0.833347	0.301911	0.463015	-0.367658	-0.928246	-0.056455	0.412747	-0.217278	0.884551
32997	4.771242	-0.679289	9.144002	-0.087815	-0.015464	0.046757	-0.833444	0.301437	0.463148	-0.367632	-0.928195	-0.057452	0.412574	-0.218151	0.884417
32998	4.761412	-0.748580	9.191892	-0.100592	-0.013492	0.045418	-0.833543	0.300980	0.463269	-0.367670	-0.928111	-0.058553	0.412342	-0.219137	0.884281
32999	4.758178	-0.779281	9.276255	-0.115566	-0.017246	0.041872	-0.833614	0.300547	0.463420	-0.367799	-0.927982	-0.059772	0.412081	-0.220272	0.884120
33000	4.751791	-0.839483	9.214959	-0.100186	-0.019707	0.030058	-0.833631	0.300219	0.463603	-0.367963	-0.927851	-0.060800	0.411901	-0.221274	0.883954
33001	4.760556	-0.812393	9.172826	-0.075453	-0.026300	0.012301	-0.833557	0.300040	0.463852	-0.368172	-0.927720	-0.061527	0.411864	-0.222064	0.883774
33002	4.747360	-0.773490	9.076048	-0.062191	-0.030303	0.002991	-0.833430	0.299939	0.464145	-0.368407	-0.927589	-0.062095	0.411911	-0.222745	0.883580
33003	4.706400	-0.747893	9.064745	-0.054968	-0.037641	-0.003435	-0.833252	0.299881	0.464503	-0.368663	-0.927455	-0.062567	0.412043	-0.223379	0.883359
33004	4.732755	-0.764861	9.039973	-0.041908	-0.040833	-0.008494	-0.833039	0.299863	0.464895	-0.368910	-0.927334	-0.062903	0.412251	-0.223905	0.883128
33005	4.771754	-0.708778	9.065973	-0.007574	-0.052744	-0.008879	-0.832778	0.299821	0.465390	-0.369016	-0.927290	-0.062932	0.412684	-0.224144	0.882865
33006	4.902931	-0.693613	9.024606	-0.000883	-0.038891	-0.008214	-0.832574	0.299804	0.465765	-0.369092	-0.927262	-0.062906	0.413027	-0.224284	0.882670
33007	4.833988	-0.677396	9.099344	-0.005813	-0.032071	-0.009418	-0.832396	0.299813	0.466078	-0.369195	-0.927220	-0.062917	0.413293	-0.224445	0.882504
33008	4.842638	-0.650044	9.034542	-0.008528	-0.038699	-0.004854	-0.832205	0.299766	0.466449	-0.369275	-0.927184	-0.062975	0.413607	-0.224656	0.882303
33009	4.852665	-0.610692	9.069609	-0.004436	-0.034795	-0.005625	-0.832030	0.299733	0.466783	-0.369341	-0.927157	-0.062991	0.413901	-0.224812	0.882126
33010	4.807841	-0.599318	9.144600	-0.008690	-0.036635	0.000275	-0.831866	0.299643	0.467133	-0.369379	-0.927136	-0.063074	0.414196	-0.225018	0.881934
33011	4.793897	-0.701961	9.077660	-0.007308	-0.039359	0.004066	-0.831707	0.299510	0.467501	-0.369377	-0.927131	-0.063160	0.414518	-0.225215	0.881733
33012	4.788084	-0.613704	9.095052	0.000118	-0.038744	0.004961	-0.831551	0.299372	0.467866	-0.369339	-0.927144	-0.063188	0.414863	-0.225345	0.881537
33013	4.756903	-0.672575	9.064767	-0.011820	-0.041650	0.013362	-0.831417	0.299148	0.468249	-0.369278	-0.927157	-0.063358	0.415187	-0.225590	0.881322
33014	4.732734	-0.692089	9.071212	-0.002859	-0.045823	0.012917	-0.831261	0.298919	0.468671	-0.369186	-0.927187	-0.063448	0.415580	-0.225769	0.881091
33015	4.664921	-0.677559	9.145668	-0.019479	-0.047290	0.009004	-0.831087	0.298722	0.469105	-0.369194	-0.927169	-0.063665	0.415922	-0.226102	0.880844
33016	4.690329	-0.706825	9.151572	-0.028836	-0.071085	0.006923	-0.830804	0.298492	0.469753	-0.369260	-0.927123	-0.063957	0.416428	-0.226597	0.880478
33017	4.601025	-0.832219	9.199815	-0.041848	-0.077044	-0.001705	-0.830465	0.298326	0.470456	-0.369449	-0.927022	-0.064321	0.416934	-0.227226	0.880076
33018	4.695617	-0.767106	9.138102	-0.039201	-0.095414	-0.010464	-0.830017	0.298201	0.471327	-0.369704	-0.926900	-0.064622	0.417602	-0.227888	0.879588
33019	4.614093	-0.725102	9.278098	-0.059444	-0.117781	-0.015945	-0.829454	0.298073	0.472396	-0.370086	-0.926716	-0.065072	0.418381	-0.228802	0.878981
33020	4.763861	-0.793245	9.103385	-0.075676	-0.137499	-0.023068	-0.828781	0.297966	0.473643	-0.370597	-0.926472	-0.065634	0.419260	-0.229927	0.878268
33021	4.886031	-0.737051	8.961686	-0.063755	-0.130407	-0.026755	-0.828124	0.297907	0.474829	-0.371088	-0.926244	-0.066070	0.420125	-0.230918	0.877594
33022	4.949031	-0.587938	8.894322	-0.054091	-0.122814	-0.022797	-0.827511	0.297828	0.475945	-0.371508	-0.926049	-0.066443	0.420960	-0.231800	0.876961
33023	4.995680	-0.668531	8.914096	-0.070151	-0.105902	-0.010195	-0.827016	0.297670	0.476904	-0.371889	-0.925855	-0.067013	0.421597	-0.232776	0.876397
33024	4.858269	-0.808180	9.046697	-0.079054	-0.099218	-0.007948	-0.826556	0.297506	0.477803	-0.372292	-0.925645	-0.067673	0.422143	-0.233818	0.875857
33025	4.865545	-0.828748	9.072449	-0.076142	-0.110032	-0.011524	-0.826037	0.297349	0.478798	-0.372710	-0.925432	-0.068288	0.422789	-0.234861	0.875265
33026	4.871504	-0.720805	9.154929	-0.070869	-0.112621	-0.011145	-0.825507	0.297181	0.479814	-0.373106	-0.925230	-0.068862	0.423474	-0.235867	0.874664
33027	4.909946	-0.569056	9.088099	-0.065944	-0.136101	-0.004759	-0.824901	0.296897	0.481031	-0.373426	-0.925059	-0.069418	0.424372	-0.236893	0.873951
33028	4.915382	-0.615060	9.043720	-0.076827	-0.143492	0.010024	-0.824317	0.296458	0.482301	-0.373673	-0.924904	-0.070144	0.425287	-0.238044	0.873193
33029	4.880449	-0.620420	9.090657	-0.086122	-0.157705	0.018314	-0.823703	0.295905	0.483688	-0.373890	-0.924752	-0.070987	0.426286	-0.239319	0.872357
33030	4.978682	-0.711381	8.975045	-0.104323	-0.169789	0.022016	-0.823049	0.295288	0.485175	-0.374157	-0.924565	-0.072009	0.427312	-0.240799	0.871447
33031	4.908349	-0.790866	9.023934	-0.099419	-0.174095	0.024900	-0.822386	0.294630	0.486697	-0.374379	-0.924398	-0.073000	0.428394	-0.242243	0.870516
33032	4.875703	-0.935922	8.988682	-0.131895	-0.184725	0.017701	-0.821649	0.294012	0.488313	-0.374802	-0.924128	-0.074239	0.429437	-0.244019	0.869505
33033	4.803278	-1.052716	9.153590	-0.148454	-0.189737	0.000327	-0.820823	0.293537	0.489985	-0.375439	-0.923764	-0.075534	0.430459	-0.245959	0.868452
33034	4.753974	-1.044303	9.243600	-0.184029	-0.218940	-0.019911	-0.819794	0.293173	0.491922	-0.376399	-0.923249	-0.077040	0.431580	-0.248316	0.867224
33035	4.769380	-0.963880	9.274238	-0.198093	-0.255144	-0.038353	-0.818535	0.292884	0.494186	-0.377571	-0.922641	-0.078570	0.432944	-0.250903	0.865798
33036	4.738483	-0.769059	9.448704	-0.208096	-0.299210	-0.043418	-0.817063	0.292523	0.496828	-0.378832	-0.921987	-0.080163	0.434620	-0.253712	0.864139
33037	4.767545	-0.647455	9.382061	-0.221545	-0.351769	-0.035897	-0.815383	0.291949	0.499917	-0.380091	-0.921316	-0.081899	0.436671	-0.256793	0.862192
33038	4.745702	-0.464271	9.530325	-0.223629	-0.415751	-0.019046	-0.813481	0.291043	0.503530	-0.381227	-0.920681	-0.083736	0.439220	-0.260077	0.859910
33039	4.582477	-0.439037	9.693074	-0.268645	-0.508585	0.007551	-0.811257	0.289633	0.507913	-0.382351	-0.919998	-0.086084	0.442346	-0.264037	0.857096
33040	4.672251	-0.506881	9.494344	-0.261298	-0.636830	0.026337	-0.808522	0.287687	0.513351	-0.383296	-0.919380	-0.088458	0.446516	-0.268286	0.853608
33041	4.696157	-0.614068	9.441300	-0.286138	-0.710224	0.035763	-0.805459	0.285429	0.519390	-0.384293	-0.918707	-0.091083	0.451170	-0.272962	0.849669
33042	4.789904	-0.638232	9.347828	-0.249668	-0.820316	0.040060	-0.801885	0.282793	0.526316	-0.385099	-0.918136	-0.093410	0.456814	-0.277587	0.845143
33043	4.864827	-0.799211	9.220983	-0.288060	-0.888764	0.034056	-0.797918	0.279983	0.533795	-0.386153	-0.917424	-0.096021	0.462832	-0.282743	0.840145
33044	4.822865	-0.926920	9.354387	-0.283246	-0.967772	0.025535	-0.793504	0.276976	0.541882	-0.387261	-0.916690	-0.098530	0.469447	-0.288034	0.834659
33045	4.878402	-1.077981	9.375591	-0.258992	-1.083116	0.006570	-0.788391	0.273759	0.550905	-0.388436	-0.915954	-0.100723	0.477030	-0.293400	0.828468
33046	4.836445	-1.185089	9.471781	-0.291974	-1.177740	-0.013513	-0.782673	0.270381	0.560639	-0.389936	-0.915057	-0.103057	0.485152	-0.299273	0.821622
33047	4.509744	-1.284059	9.769792	-0.267169	-1.311534	-0.049560	-0.776043	0.266862	0.571438	-0.391632	-0.914115	-0.104964	0.494349	-0.305250	0.813905
33048	4.333529	-1.341021	10.007063	-0.252495	-1.532949	-0.093582	-0.768020	0.262976	0.583942	-0.393600	-0.913096	-0.106468	0.505197	-0.311609	0.804783
33049	4.250343	-1.460566	10.224533	-0.215060	-1.765787	-0.147551	-0.758392	0.258753	0.598238	-0.395828	-0.912032	-0.107318	0.517844	-0.318189	0.794099
33050	4.408602	-1.330227	9.920392	-0.033937	-2.057130	-0.196457	-0.746814	0.253928	0.614645	-0.397465	-0.911428	-0.106395	0.533188	-0.323758	0.781595
33051	4.725959	-1.107313	9.490702	0.069613	-2.317713	-0.248276	-0.733251	0.248617	0.632877	-0.398927	-0.911030	-0.104310	0.550637	-0.328957	0.767194
33052	4.619503	-0.972061	9.454563	0.142815	-2.635282	-0.276655	-0.717394	0.242388	0.653142	-0.400109	-0.910835	-0.101449	0.570314	-0.334107	0.750409
33053	4.615733	-1.115188	9.570491	0.253446	-3.051295	-0.286482	-0.698483	0.234717	0.676040	-0.400665	-0.911004	-0.097671	0.592950	-0.339087	0.730363
33054	5.018906	-1.361936	10.001745	0.288605	-3.463979	-0.305071	-0.676315	0.225646	0.701200	-0.400984	-0.911302	-0.093496	0.617908	-0.344403	0.706807
33055	5.341094	-2.398780	9.994190	0.212925	-3.814172	-0.352598	-0.650812	0.215589	0.727987	-0.401982	-0.911263	-0.089503	0.644092	-0.350887	0.679724
33056	6.104713	-3.237376	9.729452	0.372562	-4.128921	-0.468313	-0.621798	0.205250	0.755804	-0.402476	-0.911609	-0.083555	0.671848	-0.356147	0.649445
33057	7.762524	-3.167210	8.784955	0.585266	-4.308767	-0.633998	-0.589662	0.195603	0.783606	-0.402303	-0.912432	-0.074971	0.700322	-0.359454	0.616718
33058	9.729537	-2.250180	8.976119	0.703802	-4.486335	-0.712012	-0.554790	0.185921	0.810951	-0.401317	-0.913623	-0.065090	0.728802	-0.361560	0.581482
33059	13.511567	-1.759645	10.275108	0.290203	-4.225107	-0.730574	-0.520529	0.177201	0.835254	-0.403098	-0.913352	-0.057441	0.752703	-0.366589	0.546856
33060	14.685682	-3.626527	10.286756	-0.267146	-3.650340	-0.704866	-0.489930	0.170083	0.855009	-0.408668	-0.911147	-0.052922	0.770038	-0.375343	0.515906
33061	12.011050	-4.574952	9.884434	0.149544	-3.394145	-0.844704	-0.460022	0.164951	0.872451	-0.411519	-0.910296	-0.044877	0.786786	-0.379674	0.486636
33062	9.654446	-3.204452	9.564704	0.397899	-3.171962	-0.992720	-0.430790	0.161911	0.887809	-0.412764	-0.910192	-0.034292	0.802525	-0.381229	0.458932
33063	8.604246	-3.541316	9.268648	0.244861	-3.184739	-1.114263	-0.400366	0.159849	0.902306	-0.415415	-0.909335	-0.023231	0.816785	-0.384132	0.430471
33064	8.363162	-3.081950	9.170484	0.595453	-3.129360	-1.205671	-0.369657	0.158790	0.915500	-0.415142	-0.909704	-0.009839	0.831271	-0.383699	0.402198
33065	8.579321	-1.967121	9.432802	0.690978	-3.048198	-1.229691	-0.338989	0.158297	0.927377	-0.413710	-0.910399	0.004173	0.844944	-0.382251	0.374104
33066	7.675870	-1.092324	8.828224	0.687410	-2.926111	-1.151100	-0.309443	0.157609	0.937766	-0.411586	-0.911206	0.017331	0.857230	-0.380608	0.346836
33067	4.635468	-1.867576	7.085985	0.351786	-2.899673	-1.066410	-0.280026	0.156258	0.947190	-0.411698	-0.910873	0.028552	0.867231	-0.381961	0.319399
33068	2.155079	-5.504669	2.092676	0.418197	-2.970674	-1.092568	-0.249759	0.154842	0.955848	-0.410939	-0.910778	0.040164	0.876784	-0.382764	0.291105
33069	-3.888792	-3.244352	3.335514	1.964052	-2.470868	-1.354466	-0.222428	0.157920	0.962074	-0.396783	-0.916038	0.058628	0.890555	-0.368694	0.266413
33070	19.695225	3.032591	20.488429	0.572977	-2.129759	-0.438986	-0.201805	0.154095	0.967228	-0.392604	-0.917460	0.064252	0.897294	-0.366771	0.245646
33071	16.507431	-3.132511	18.859170	-1.401338	2.818498	0.727358	-0.229805	0.157883	0.960345	-0.403531	-0.913395	0.053602	0.885637	-0.375211	0.273614
33072	-1.767925	-9.137128	11.282677	-0.383918	3.271060	0.995827	-0.262847	0.161028	0.951305	-0.404448	-0.913555	0.042889	0.875976	-0.373480	0.305253
33073	-7.843942	-6.376913	7.951603	1.273040	3.519770	1.203935	-0.298359	0.162820	0.940464	-0.389950	-0.920148	0.035593	0.871161	-0.356114	0.338026
33074	-7.110867	-4.488546	7.525763	0.644199	3.003393	1.238120	-0.329434	0.161920	0.930191	-0.380470	-0.924423	0.026170	0.864127	-0.345289	0.366142
33075	-5.262615	-3.382144	7.589056	0.921707	2.808132	1.180049	-0.358012	0.160485	0.919822	-0.368480	-0.929447	0.018745	0.857934	-0.332225	0.391889
33076	-2.934480	-0.496188	8.497327	1.009030	2.691433	1.086378	-0.385226	0.159102	0.909004	-0.355808	-0.934472	0.012772	0.851470	-0.318511	0.416592
33077	-1.307691	0.899389	8.844006	0.390899	2.804432	0.988781	-0.412430	0.158658	0.897067	-0.348558	-0.937271	0.005518	0.841670	-0.310404	0.441860
33078	-0.273227	0.869547	9.562644	-0.377202	2.947156	0.911462	-0.440501	0.159234	0.883518	-0.347786	-0.937563	-0.004423	0.827650	-0.309224	0.468377
33079	1.851802	-0.635319	10.333435	-0.948160	3.033457	0.775066	-0.468042	0.161407	0.868841	-0.352035	-0.935854	-0.015784	0.810561	-0.313250	0.494840
33080	4.390358	-2.191134	10.788692	-1.052901	3.240204	0.621412	-0.496510	0.165811	0.852047	-0.357411	-0.933568	-0.026597	0.791034	-0.317737	0.522789
33081	6.220554	-3.343508	10.965948	-0.874161	3.514918	0.462210	-0.525590	0.172700	0.833025	-0.361874	-0.931562	-0.035194	0.769936	-0.319948	0.552115
33082	7.725408	-3.601677	11.008478	-0.585894	3.757619	0.324654	-0.555600	0.181661	0.811362	-0.364497	-0.930288	-0.041310	0.747296	-0.318691	0.583083
33083	8.519270	-3.787706	10.745512	-0.456109	3.957150	0.222702	-0.585492	0.192132	0.787581	-0.366582	-0.929257	-0.045825	0.723061	-0.315543	0.614504
33084	8.206722	-4.093346	10.316923	-0.319443	4.016519	0.126135	-0.614804	0.203512	0.761970	-0.368028	-0.928525	-0.048951	0.697546	-0.310522	0.645759
33085	8.255388	-4.030543	10.199838	-0.222232	3.930125	0.066148	-0.641948	0.214974	0.735995	-0.369136	-0.927979	-0.050917	0.672042	-0.304369	0.675070
33086	8.725764	-4.311505	10.116403	-0.256217	3.780852	0.047656	-0.667346	0.225902	0.709660	-0.370456	-0.927327	-0.053177	0.646074	-0.298385	0.702535
33087	9.240284	-4.600717	10.122486	-0.270932	3.654706	0.095205	-0.690827	0.235809	0.683485	-0.371526	-0.926745	-0.055781	0.620263	-0.292468	0.727830
33088	9.671463	-4.814195	10.107724	-0.327060	3.534943	0.229260	-0.713421	0.243902	0.656918	-0.371858	-0.926355	-0.059903	0.593929	-0.287016	0.751578
33089	9.841908	-5.121986	9.956156	-0.373267	3.417261	0.418866	-0.734815	0.249738	0.630617	-0.370994	-0.926326	-0.065450	0.567811	-0.282049	0.773330
33090	9.761804	-4.999275	9.814299	-0.360274	3.280628	0.639445	-0.755632	0.252964	0.604177	-0.368198	-0.926924	-0.072403	0.541711	-0.277167	0.793554
33091	9.819032	-4.494027	9.914960	-0.398378	3.104476	0.855273	-0.775177	0.253564	0.578624	-0.363761	-0.927993	-0.080663	0.516506	-0.273009	0.811596
33092	10.375058	-3.691015	10.150801	-0.467530	2.952791	1.030176	-0.793997	0.252000	0.553231	-0.358019	-0.929316	-0.090520	0.491315	-0.269940	0.828095
33093	10.888084	-2.975492	10.135498	-0.587940	2.883692	1.138076	-0.811831	0.249168	0.528059	-0.351696	-0.930585	-0.101591	0.466091	-0.268191	0.843109
33094	11.041156	-2.016394	10.196934	-0.659149	2.851644	1.151351	-0.828954	0.246080	0.502274	-0.345231	-0.931651	-0.113323	0.440058	-0.267340	0.857250
33095	11.005567	-1.203770	9.862873	-0.821210	2.843535	1.081024	-0.844783	0.243611	0.476440	-0.339689	-0.932099	-0.125711	0.413465	-0.268040	0.870173
33096	10.478404	-0.762633	9.248963	-1.000178	2.800134	0.931597	-0.859280	0.242477	0.450380	-0.335743	-0.931644	-0.138982	0.385894	-0.270637	0.881953
33097	10.059890	-0.407273	8.623254	-1.072281	2.680000	0.714212	-0.871646	0.243120	0.425588	-0.333557	-0.930456	-0.151628	0.359128	-0.274123	0.892123
33098	9.909737	0.129609	8.106267	-1.110409	2.501121	0.468420	-0.881996	0.245689	0.402145	-0.333285	-0.928505	-0.163704	0.333173	-0.278415	0.900822
33099	10.183574	0.568083	7.566240	-1.183112	2.300370	0.221239	-0.890113	0.250095	0.380987	-0.335123	-0.925727	-0.175275	0.308854	-0.283692	0.907815
33100	10.533725	0.619422	6.873541	-1.287263	2.127209	-0.025105	-0.896451	0.256449	0.361399	-0.339160	-0.921939	-0.187078	0.285212	-0.290278	0.913451
33101	10.469611	0.377532	6.105853	-1.332861	1.965235	-0.245252	-0.900993	0.264472	0.343897	-0.345019	-0.917382	-0.198423	0.263008	-0.297428	0.917803
33102	10.295209	0.074011	5.332208	-1.245946	1.746596	-0.432674	-0.903981	0.273708	0.328485	-0.352064	-0.912437	-0.208591	0.242628	-0.304210	0.921188
33103	10.112276	0.046502	4.817221	-1.117333	1.481202	-0.562877	-0.905438	0.283372	0.316040	-0.359771	-0.907434	-0.217088	0.225269	-0.310262	0.923575
33104	10.047844	0.057296	4.576622	-1.002611	1.208100	-0.628708	-0.905843	0.292874	0.306061	-0.367650	-0.902444	-0.224562	0.210435	-0.315941	0.925148
33105	9.827643	-0.158035	4.415964	-0.904013	0.912438	-0.630121	-0.905365	0.301445	0.299073	-0.375206	-0.897690	-0.231028	0.198832	-0.321378	0.925841
33106	9.648569	-0.169789	4.055821	-0.644008	0.600792	-0.576898	-0.904394	0.308594	0.294689	-0.381694	-0.893800	-0.235436	0.190739	-0.325408	0.926136
33107	9.735610	-0.416932	3.987766	-0.445206	0.287266	-0.474811	-0.903107	0.313762	0.293173	-0.386825	-0.890866	-0.238169	0.186450	-0.328499	0.925918
33108	9.875985	-0.391417	4.042676	-0.071255	0.002080	-0.357995	-0.901747	0.317003	0.293874	-0.390219	-0.889448	-0.237932	0.185960	-0.329230	0.925757
33109	9.915362	0.217925	4.173760	0.292813	-0.243593	-0.222572	-0.900416	0.318174	0.296675	-0.391676	-0.889701	-0.234570	0.189318	-0.327411	0.925722
33110	9.538694	0.553315	4.163968	0.458158	-0.404194	-0.054063	-0.899442	0.317393	0.300443	-0.391334	-0.890961	-0.230316	0.194582	-0.324729	0.925575
33111	8.510558	0.795700	4.190016	0.584696	-0.510206	0.141091	-0.898978	0.314479	0.304864	-0.388908	-0.893294	-0.225337	0.201469	-0.321137	0.925355
33112	7.658063	0.923265	4.277819	0.745679	-0.608502	0.337909	-0.899037	0.309575	0.309671	-0.384403	-0.896662	-0.219616	0.209683	-0.316481	0.925134
33113	7.026509	1.071746	4.506384	0.831568	-0.665620	0.544024	-0.899679	0.302589	0.314670	-0.377729	-0.900935	-0.213628	0.218856	-0.311057	0.924849
33114	6.643310	1.638711	4.812399	0.968124	-0.689718	0.729109	-0.900857	0.293939	0.319464	-0.369075	-0.906028	-0.207115	0.228564	-0.304487	0.924687
33115	5.850091	2.423147	5.080027	1.069926	-0.657130	0.916171	-0.902649	0.283629	0.323695	-0.358315	-0.911888	-0.200173	0.238399	-0.296671	0.924744
33116	1.103957	-3.346139	4.692044	0.014999	-0.735216	1.245493	-0.905261	0.270118	0.327931	-0.347095	-0.915328	-0.204206	0.245004	-0.298683	0.922367
33117	7.368623	-1.044557	-0.909439	3.430246	-2.472759	0.511132	-0.900515	0.258326	0.349771	-0.333491	-0.926494	-0.174333	0.279026	-0.273635	0.920472
33118	10.629792	4.241156	1.318994	4.830126	-2.069581	0.573733	-0.896236	0.247780	0.367921	-0.314127	-0.940154	-0.132041	0.313185	-0.233914	0.920434
33119	16.722806	9.342162	2.396625	3.058351	-2.367037	0.136447	-0.888874	0.241223	0.389506	-0.302864	-0.947288	-0.104492	0.343769	-0.210848	0.915077
33120	9.834370	5.060642	4.678903	1.407899	-1.659312	0.083863	-0.883242	0.237057	0.404582	-0.297241	-0.950353	-0.092066	0.362671	-0.201575	0.909856
33121	4.815848	4.568495	23.163652	0.703218	-1.132477	-0.642068	-0.877140	0.240893	0.415446	-0.300302	-0.950221	-0.083055	0.374758	-0.197610	0.905818
33122	24.156054	9.806186	18.278559	3.030651	-2.522837	-2.105679	-0.860879	0.256238	0.439578	-0.306837	-0.950611	-0.046788	0.405879	-0.175158	0.896985
33123	16.034089	17.154940	17.097474	5.333808	1.397125	-0.825931	-0.864096	0.266178	0.427186	-0.292205	-0.956343	0.004832	0.409823	-0.120650	0.904151
33124	2.622849	4.227190	14.690447	-4.259523	-0.802897	-0.057568	-0.860626	0.265589	0.434494	-0.310048	-0.950136	-0.033349	0.403971	-0.163415	0.900057
33125	5.281894	-12.538972	4.317442	-4.562762	-0.521311	0.955710	-0.861549	0.255563	0.438659	-0.320030	-0.944150	-0.078493	0.394100	-0.208010	0.895219
33126	3.936719	-1.360761	8.818493	4.706056	-0.643112	-0.637363	-0.856920	0.260416	0.444827	-0.306511	-0.951275	-0.033559	0.414413	-0.165102	0.894988
33127	6.159461	10.801860	10.846583	4.413545	-0.427681	-0.541452	-0.853481	0.264959	0.448740	-0.292478	-0.956236	0.008331	0.431309	-0.124137	0.893623
33128	4.853223	6.954543	11.795881	-2.351739	-0.539418	0.319933	-0.852081	0.261167	0.453597	-0.299870	-0.953876	-0.014093	0.428994	-0.148028	0.891096
33129	10.399772	0.069867	10.079875	-3.454261	-0.336373	0.661039	-0.852654	0.254316	0.456405	-0.308926	-0.949882	-0.047846	0.421363	-0.181792	0.888485
33130	3.019346	-6.110488	6.295925	0.273375	0.264082	0.498164	-0.855263	0.250044	0.453876	-0.303512	-0.951635	-0.047660	0.420007	-0.178518	0.889789
33131	5.632108	-0.542850	9.267742	0.861013	-0.144491	-0.120403	-0.854280	0.250934	0.455234	-0.300911	-0.952836	-0.039459	0.423861	-0.170694	0.889497
33132	4.571170	0.868428	10.295898	0.113081	0.039257	0.093517	-0.854697	0.250108	0.454906	-0.299638	-0.953261	-0.038869	0.423923	-0.169528	0.889691
33133	5.336419	-1.759412	8.870839	-0.556829	-0.045425	0.101970	-0.854801	0.249054	0.455287	-0.301126	-0.952555	-0.044292	0.422655	-0.174960	0.889242
33134	4.692533	-1.303911	8.972870	0.113061	0.019930	0.072091	-0.855072	0.248400	0.455137	-0.300038	-0.952930	-0.043605	0.422882	-0.173844	0.889353
33135	4.740774	0.056356	9.629576	-0.035300	-0.016332	0.070560	-0.855205	0.247695	0.455271	-0.299586	-0.953043	-0.044246	0.422933	-0.174233	0.889253
33136	4.966707	-0.774314	9.111316	-0.269063	-0.020438	0.078815	-0.855325	0.246907	0.455474	-0.300056	-0.952763	-0.046989	0.422357	-0.176859	0.889008
33137	4.715698	-0.248218	9.265701	-0.058260	-0.021814	0.074215	-0.855446	0.246157	0.455653	-0.299670	-0.952842	-0.047851	0.422386	-0.177479	0.888871
33138	4.803945	-0.219002	9.290517	-0.221321	-0.042818	0.088578	-0.855500	0.245235	0.456047	-0.299855	-0.952662	-0.050213	0.422145	-0.179705	0.888538
33139	4.555434	-0.457195	9.346453	-0.216952	-0.044944	0.096773	-0.855591	0.244228	0.456417	-0.299945	-0.952506	-0.052588	0.421896	-0.181894	0.888211
33140	4.678850	-0.518397	9.268415	-0.247012	-0.065716	0.097143	-0.855576	0.243180	0.457005	-0.300162	-0.952289	-0.055216	0.421773	-0.184417	0.887749
33141	4.829966	-0.672381	9.305531	-0.251638	-0.082320	0.084069	-0.855472	0.242222	0.457708	-0.300507	-0.952024	-0.057840	0.421739	-0.187025	0.887219
33142	4.916876	-0.790327	9.199345	-0.231102	-0.070756	0.071421	-0.855358	0.241407	0.458350	-0.300878	-0.951760	-0.060208	0.421704	-0.189407	0.886730
33143	4.848670	-0.911357	9.241071	-0.207042	-0.075784	0.061020	-0.855213	0.240678	0.459004	-0.301232	-0.951512	-0.062330	0.421746	-0.191572	0.886245
33144	4.832705	-0.923348	9.180903	-0.188288	-0.068281	0.043679	-0.855027	0.240129	0.459638	-0.301661	-0.951252	-0.064191	0.421817	-0.193539	0.885784
33145	4.904396	-0.877981	9.170507	-0.165622	-0.072725	0.029813	-0.854801	0.239700	0.460282	-0.302107	-0.951000	-0.065801	0.421956	-0.195301	0.885331
33146	4.832360	-0.804519	9.135769	-0.134167	-0.078622	0.019398	-0.854497	0.239361	0.461022	-0.302518	-0.950781	-0.067071	0.422277	-0.196779	0.884850
33147	4.826860	-0.658979	9.173060	-0.115670	-0.082113	0.013139	-0.854181	0.239069	0.461759	-0.302897	-0.950583	-0.068161	0.422645	-0.198087	0.884383
33148	4.892760	-0.636989	9.149938	-0.092697	-0.087395	0.017123	-0.853832	0.238732	0.462577	-0.303154	-0.950437	-0.069053	0.423165	-0.199191	0.883886
33149	4.756669	-0.620023	9.120968	-0.069601	-0.096113	0.015131	-0.853462	0.238392	0.463435	-0.303322	-0.950332	-0.069744	0.423791	-0.200094	0.883382
33150	4.835023	-0.652906	9.093836	-0.056285	-0.107500	0.016065	-0.853024	0.238023	0.464429	-0.303434	-0.950255	-0.070309	0.424591	-0.200899	0.882815
33151	4.868006	-0.772268	9.026690	-0.047515	-0.110675	0.016538	-0.852594	0.237639	0.465414	-0.303497	-0.950197	-0.070811	0.425408	-0.201625	0.882256
33152	4.777970	-0.878545	9.044887	-0.042588	-0.114244	0.018272	-0.852133	0.237234	0.466465	-0.303533	-0.950152	-0.071265	0.426306	-0.202315	0.881664
33153	4.401358	-0.610279	9.387372	-0.023283	-0.142124	0.012386	-0.851554	0.236823	0.467729	-0.303530	-0.950133	-0.071534	0.427463	-0.202885	0.880973
33154	4.851022	-0.899762	9.030530	-0.101839	-0.172387	0.002455	-0.850794	0.236448	0.469299	-0.303955	-0.949929	-0.072436	0.428674	-0.204274	0.880063
33155	4.781830	-0.843714	9.056734	-0.054954	-0.183101	-0.000875	-0.849995	0.236077	0.470930	-0.304201	-0.949813	-0.072921	0.430081	-0.205240	0.879151
33156	4.792838	-0.872401	9.056852	-0.098267	-0.176650	-0.005550	-0.849188	0.235765	0.472541	-0.304682	-0.949594	-0.073752	0.431334	-0.206604	0.878217
33157	4.906865	-0.890514	9.015388	-0.086840	-0.177159	-0.012354	-0.848375	0.235511	0.474125	-0.305165	-0.949384	-0.074462	0.432590	-0.207858	0.877303
33158	4.909881	-0.848234	8.987201	-0.089167	-0.180291	-0.012754	-0.847525	0.235256	0.475769	-0.305671	-0.949165	-0.075178	0.433898	-0.209144	0.876351
33159	5.026808	-0.852886	8.913194	-0.090838	-0.177961	-0.013150	-0.846702	0.235002	0.477358	-0.306180	-0.948942	-0.075917	0.435144	-0.210436	0.875423
33160	4.989969	-0.866167	8.859157	-0.074475	-0.164567	-0.014020	-0.845911	0.234788	0.478862	-0.306635	-0.948748	-0.076496	0.436359	-0.211545	0.874551
33161	5.028401	-0.874439	8.795750	-0.083351	-0.156702	-0.007555	-0.845193	0.234522	0.480258	-0.307066	-0.948552	-0.077195	0.437446	-0.212715	0.873724
33162	5.019704	-0.874294	8.919267	-0.074643	-0.142406	-0.002867	-0.844530	0.234246	0.481558	-0.307430	-0.948383	-0.077828	0.438470	-0.213774	0.872952
33163	4.902911	-0.900850	8.986217	-0.092390	-0.136030	-0.003582	-0.843912	0.233984	0.482767	-0.307869	-0.948175	-0.078623	0.439351	-0.214980	0.872212
33164	4.952359	-0.964190	8.996566	-0.090453	-0.137103	-0.007844	-0.843254	0.233763	0.484022	-0.308346	-0.947957	-0.079369	0.440279	-0.216175	0.871449
33165	4.885442	-0.886988	9.016957	-0.088908	-0.141535	-0.012541	-0.842581	0.233570	0.485285	-0.308847	-0.947734	-0.080089	0.441215	-0.217360	0.870680
33166	4.898357	-0.800441	9.103632	-0.094898	-0.156608	-0.008262	-0.841833	0.233308	0.486708	-0.309350	-0.947503	-0.080871	0.442289	-0.218643	0.869813
33167	4.829574	-0.755283	9.241118	-0.113541	-0.185087	-0.006472	-0.840983	0.232958	0.488342	-0.309910	-0.947238	-0.081832	0.443512	-0.220162	0.868807
33168	4.847602	-0.761629	9.176268	-0.123969	-0.208563	-0.008139	-0.840001	0.232575	0.490211	-0.310542	-0.946941	-0.082865	0.444929	-0.221838	0.867656
33169	4.943495	-0.660703	9.085225	-0.116389	-0.242347	0.004867	-0.838926	0.231984	0.492328	-0.311023	-0.946691	-0.083904	0.446618	-0.223515	0.866356
33170	4.880740	-0.726424	9.155754	-0.143195	-0.268647	0.018755	-0.837752	0.231203	0.494688	-0.311519	-0.946410	-0.085231	0.448472	-0.225507	0.864881
33171	4.899073	-0.771884	9.127161	-0.151118	-0.307836	0.028933	-0.836448	0.230226	0.497343	-0.311959	-0.946133	-0.086686	0.450595	-0.227659	0.863212
33172	5.115562	-0.819564	8.940317	-0.154000	-0.336965	0.036969	-0.835012	0.229104	0.500266	-0.312356	-0.945862	-0.088193	0.452977	-0.229904	0.861369
33173	4.982439	-0.804936	9.036280	-0.160493	-0.362715	0.048929	-0.833507	0.227798	0.503363	-0.312680	-0.945602	-0.089826	0.455518	-0.232262	0.859394
33174	5.171681	-0.884160	8.886649	-0.173158	-0.394101	0.056716	-0.831855	0.226340	0.506742	-0.313009	-0.945323	-0.091593	0.458304	-0.234807	0.857218
33175	5.229112	-0.903166	8.808802	-0.165053	-0.409629	0.061650	-0.830154	0.224784	0.510212	-0.313258	-0.945071	-0.093325	0.461208	-0.237302	0.854971
33176	5.206561	-0.888553	8.965965	-0.177671	-0.410372	0.073573	-0.828457	0.223108	0.513694	-0.313480	-0.944809	-0.095213	0.464100	-0.239912	0.852674
33177	5.052385	-1.011401	9.114742	-0.200133	-0.435769	0.066368	-0.826626	0.221424	0.517360	-0.313865	-0.944472	-0.097265	0.467095	-0.242783	0.850222
33178	4.858610	-1.011129	9.275985	-0.171356	-0.490439	0.064314	-0.824500	0.219616	0.521507	-0.314147	-0.944194	-0.099047	0.470651	-0.245494	0.847479
33179	4.918127	-0.920384	9.390299	-0.164253	-0.565095	0.060505	-0.822008	0.217644	0.526246	-0.314428	-0.943919	-0.100759	0.474803	-0.248292	0.844342
33180	4.489834	-0.523370	9.917091	-0.141099	-0.690424	0.062005	-0.818879	0.215331	0.532043	-0.314600	-0.943699	-0.102270	0.480067	-0.251127	0.840518
33181	4.341921	-0.487806	10.030862	-0.212777	-0.894323	0.065290	-0.814750	0.212445	0.539489	-0.315098	-0.943298	-0.104408	0.486718	-0.255059	0.835494
33182	4.197309	-0.442657	10.163797	-0.226290	-1.096004	0.063651	-0.809548	0.209017	0.548584	-0.315691	-0.942852	-0.106629	0.494946	-0.259504	0.829269
33183	3.829850	-0.333197	10.395337	-0.255730	-1.368630	0.071162	-0.802917	0.204753	0.559822	-0.316400	-0.942327	-0.109139	0.505188	-0.264757	0.821394
33184	3.622477	-0.461732	10.657984	-0.412967	-1.644663	0.075464	-0.794732	0.199616	0.573197	-0.317896	-0.941376	-0.112926	0.517053	-0.271963	0.811599
33185	3.316181	-0.827825	10.841851	-0.599589	-1.983788	0.073523	-0.784560	0.193428	0.589110	-0.320461	-0.939860	-0.118188	0.530820	-0.281513	0.799363
33186	3.609842	-1.201205	10.961269	-0.647122	-2.371568	0.023608	-0.771841	0.186387	0.607883	-0.323742	-0.938059	-0.123438	0.547222	-0.292072	0.784373
33187	3.576902	-1.678856	11.090050	-0.571617	-2.778012	-0.060102	-0.756161	0.178684	0.629518	-0.327389	-0.936247	-0.127504	0.566602	-0.302511	0.766452
33188	3.335556	-1.850582	10.604496	-0.195721	-3.332235	-0.126028	-0.736458	0.169635	0.654870	-0.329429	-0.935442	-0.128157	0.590853	-0.310115	0.744796
33189	3.588458	-0.536892	10.498972	0.298688	-3.966979	-0.117008	-0.712027	0.158345	0.684065	-0.328471	-0.936180	-0.125193	0.620584	-0.313836	0.718597
33190	3.802685	0.014373	11.018523	0.167626	-4.613471	-0.021501	-0.682573	0.143921	0.716506	-0.327507	-0.936697	-0.123847	0.653325	-0.319195	0.686499
33191	4.232602	-0.810249	11.544666	-0.091123	-5.252998	0.098358	-0.647642	0.126012	0.751452	-0.327468	-0.936533	-0.125181	0.687986	-0.327149	0.647803
33192	5.035431	-2.077702	10.947686	-0.074802	-5.764906	0.160653	-0.607479	0.105412	0.787310	-0.326921	-0.936498	-0.126862	0.723942	-0.334455	0.603364
33193	8.504013	-2.180131	9.811009	0.075882	-6.162174	0.172543	-0.562281	0.083013	0.822769	-0.325353	-0.936914	-0.127817	0.760253	-0.339559	0.553818
33194	12.492266	-1.381073	9.825872	0.028541	-6.078872	0.205567	-0.515751	0.060305	0.854614	-0.323949	-0.937188	-0.129368	0.793132	-0.343573	0.502891
33195	17.751362	-2.304348	12.047010	-0.447600	-5.649428	0.242313	-0.470954	0.038414	0.881321	-0.326368	-0.935751	-0.133616	0.819564	-0.350562	0.453233
33196	18.476997	-5.165240	10.836150	-0.256697	-4.719442	0.046177	-0.431970	0.021344	0.901635	-0.328208	-0.934893	-0.135112	0.840049	-0.354288	0.410851
33197	14.328005	-4.245302	10.003889	0.561182	-4.226549	-0.023279	-0.395956	0.006675	0.918245	-0.323540	-0.936863	-0.132703	0.859384	-0.349634	0.373116
33198	10.061787	-2.925687	10.546808	0.558856	-4.052250	-0.128557	-0.360408	-0.006178	0.932774	-0.319097	-0.938831	-0.129512	0.876518	-0.344323	0.336391
33199	6.310553	-4.025882	10.346038	0.610098	-3.964260	-0.178526	-0.324763	-0.018037	0.945623	-0.314319	-0.940932	-0.125896	0.892039	-0.338113	0.299911
33200	4.472235	-3.488572	10.621226	1.190706	-4.080362	-0.211503	-0.287439	-0.029581	0.957342	-0.304160	-0.944966	-0.120521	0.908221	-0.325828	0.262623
33201	4.875438	-2.338418	11.525730	1.174585	-4.184994	-0.115978	-0.248748	-0.041864	0.967663	-0.293720	-0.948759	-0.116550	0.922959	-0.313214	0.223706
33202	2.439567	-3.173041	11.120126	0.918925	-4.015134	0.018528	-0.211594	-0.054384	0.975843	-0.285039	-0.951612	-0.114839	0.934869	-0.302453	0.185854
33203	-4.406700	-6.247941	6.811298	1.180592	-3.969982	0.115813	-0.174560	-0.067233	0.982349	-0.273718	-0.955030	-0.114002	0.945837	-0.288786	0.148307
33204	1.853482	-3.051386	11.708514	1.827210	-4.517865	-0.508406	-0.130331	-0.074922	0.988636	-0.257001	-0.960506	-0.106671	0.957583	-0.267983	0.105929
33205	31.500130	3.797766	22.795284	2.073895	-0.602941	-1.080062	-0.121842	-0.066076	0.990348	-0.238447	-0.966612	-0.093828	0.963482	-0.247578	0.102019
33206	8.193896	4.565877	24.610548	0.995717	3.044281	-0.754229	-0.149556	-0.051317	0.987421	-0.229738	-0.969517	-0.085183	0.961693	-0.239588	0.133208
33207	-0.128064	-1.876333	15.556392	-1.218050	4.443940	-0.837707	-0.190069	-0.032259	0.981241	-0.242819	-0.966864	-0.078821	0.951269	-0.253246	0.175938
33208	-8.409486	-5.552352	10.673292	0.001335	4.212180	-1.047545	-0.227642	-0.011400	0.973678	-0.244796	-0.967148	-0.068556	0.942472	-0.253959	0.217372
33209	-5.284911	-2.487029	9.958912	0.467418	4.310613	-1.242953	-0.265015	0.011475	0.964176	-0.243479	-0.968323	-0.055399	0.932998	-0.249439	0.259414
33210	-4.057165	-1.728936	9.396678	-0.176123	4.195124	-1.396550	-0.300744	0.035494	0.953044	-0.248871	-0.967604	-0.042498	0.920661	-0.249966	0.299834
33211	-1.949398	-1.606688	8.720026	-0.474138	4.234634	-1.422763	-0.335802	0.059884	0.940027	-0.257736	-0.965732	-0.030548	0.905985	-0.252537	0.339730
33212	-1.080111	-0.936214	7.460550	-0.702562	4.477539	-1.400707	-0.372600	0.084783	0.924111	-0.268806	-0.962986	-0.020032	0.888207	-0.255871	0.381599
33213	-1.989711	-0.530101	7.709237	-1.260855	4.476545	-1.270617	-0.408363	0.108617	0.906334	-0.284842	-0.958480	-0.013474	0.867240	-0.263664	0.422346
33214	0.485287	-1.842068	8.479300	-2.103134	4.170725	-1.140656	-0.440992	0.130807	0.887928	-0.307474	-0.951474	-0.012540	0.843200	-0.278545	0.459812
33215	4.477315	-3.911943	8.873881	-2.361106	4.155356	-0.977424	-0.472345	0.151981	0.868212	-0.331542	-0.943317	-0.015245	0.816682	-0.295050	0.495959
33216	6.934704	-5.332754	8.999265	-2.074699	4.399806	-0.743393	-0.505459	0.172184	0.845496	-0.351624	-0.935936	-0.019608	0.787954	-0.307208	0.533621
