// General information: 
//  MT Manager version: 2022.2.0 
//  XDA version: 2022.2.0 build 7381 rev 124627 built on 2023-07-19
// Device information: 
//  DeviceId: 00B4CBA7
//  ProductCode: MTW2-3A7G6
//  Firmware Version: 4.6.0
//  Hardware Version: 2.0.0
// Device settings: 
//  Filter Profile: human(46.1)
//  Option Flags: Orientation Smoother Disabled, Position/Velocity Smoother Disabled, Continuous Zero Rotation Update Disabled, AHS Disabled, ICC Disabled
// Coordinate system: ENU
PacketCounter	Acc_X	Acc_Y	Acc_Z	Gyr_X	Gyr_Y	Gyr_Z	Mat[1][1]	Mat[2][1]	Mat[3][1]	Mat[1][2]	Mat[2][2]	Mat[3][2]	Mat[1][3]	Mat[2][3]	Mat[3][3]
14551	10.138675	-0.193506	-1.642212	0.111650	-0.003765	0.034960	-0.164364	-0.026845	0.986034	-0.684372	0.722997	-0.094395	-0.710366	-0.690329	-0.137207
14552	9.930993	-0.776274	-1.935554	-0.032144	0.026225	0.051302	-0.164536	-0.026301	0.986020	-0.683993	0.723297	-0.094844	-0.710691	-0.690036	-0.136998
14553	9.502814	-1.330599	-2.061151	0.056286	0.035117	0.034141	-0.164488	-0.025831	0.986041	-0.684343	0.722916	-0.095222	-0.710365	-0.690453	-0.136589
14554	9.401869	-0.754527	-2.027167	0.156569	0.033406	0.034767	-0.164492	-0.025372	0.986052	-0.685362	0.721880	-0.095757	-0.709381	-0.691553	-0.136133
14555	9.439574	-0.366355	-1.824617	0.122267	0.043301	0.037769	-0.164413	-0.024820	0.986079	-0.686172	0.721042	-0.096259	-0.708615	-0.692447	-0.135579
14556	9.569561	-0.285899	-1.629902	0.018440	0.051708	0.052531	-0.164400	-0.024129	0.986099	-0.686211	0.720938	-0.096762	-0.708581	-0.692580	-0.135079
14557	9.657674	-0.544114	-1.262019	-0.138504	0.066856	0.064622	-0.164337	-0.023220	0.986131	-0.685129	0.721911	-0.097177	-0.709642	-0.691597	-0.134545
14558	9.552818	-1.281905	-0.928157	-0.226892	0.066909	0.073541	-0.164281	-0.022262	0.986162	-0.683373	0.723529	-0.097507	-0.711346	-0.689935	-0.134076
14559	9.467928	-1.473525	-0.613006	-0.166968	0.045026	0.071614	-0.164418	-0.021453	0.986157	-0.682072	0.724695	-0.097954	-0.712562	-0.688736	-0.133786
14560	9.492060	-1.197543	-0.547330	-0.132284	0.024126	0.064484	-0.164647	-0.020864	0.986132	-0.681028	0.725622	-0.098354	-0.713507	-0.687777	-0.133681
14561	9.495489	-1.106292	-0.583935	-0.108358	-0.001615	0.069426	-0.165099	-0.020392	0.986066	-0.680146	0.726380	-0.098857	-0.714243	-0.686991	-0.133794
14562	9.599519	-1.112978	-0.806194	-0.056781	-0.016480	0.066469	-0.165604	-0.020044	0.985989	-0.679602	0.726820	-0.099368	-0.714645	-0.686535	-0.133986
14563	9.601296	-1.084618	-1.013040	0.017907	-0.032795	0.062792	-0.166233	-0.019833	0.985887	-0.679631	0.726709	-0.099975	-0.714470	-0.686659	-0.134282
14564	9.595851	-1.102880	-1.164508	0.089495	-0.052555	0.056491	-0.166979	-0.019826	0.985761	-0.680189	0.726099	-0.100614	-0.713765	-0.687304	-0.134729
14565	9.599178	-1.022283	-1.329022	0.160568	-0.061492	0.052805	-0.167746	-0.019886	0.985630	-0.681252	0.725004	-0.101315	-0.712571	-0.688457	-0.135164
14566	9.665192	-0.995839	-1.350361	0.185145	-0.066091	0.048980	-0.168499	-0.020011	0.985499	-0.682471	0.723762	-0.101991	-0.711225	-0.689760	-0.135610
14567	9.821647	-1.063451	-1.479147	0.196263	-0.057918	0.042829	-0.169171	-0.020122	0.985381	-0.683800	0.722414	-0.102643	-0.709788	-0.691168	-0.135971
14568	9.944729	-1.045263	-1.709903	0.173997	-0.041566	0.031980	-0.169657	-0.020157	0.985297	-0.684866	0.721328	-0.103170	-0.708643	-0.692300	-0.136183
14569	10.311923	-0.939178	-1.921804	0.149359	-0.003489	0.027997	-0.169842	-0.019999	0.985268	-0.685883	0.720298	-0.103613	-0.707615	-0.693376	-0.136054
14570	10.069694	-0.707233	-2.198890	0.059071	0.036471	0.030618	-0.169743	-0.019600	0.985293	-0.686323	0.719835	-0.103918	-0.707212	-0.693869	-0.135638
14571	9.799577	-0.777543	-2.207040	-0.021250	0.069575	0.035621	-0.169463	-0.018881	0.985356	-0.686118	0.719989	-0.104204	-0.707477	-0.693729	-0.134966
14572	9.391419	-0.972485	-1.996346	-0.062593	0.086627	0.034354	-0.169056	-0.018058	0.985441	-0.685585	0.720466	-0.104412	-0.708092	-0.693255	-0.134180
14573	9.369735	-1.023971	-1.653043	-0.016351	0.083618	0.032891	-0.168657	-0.017262	0.985524	-0.685419	0.720585	-0.104678	-0.708347	-0.693152	-0.133363
14574	9.465912	-1.060618	-1.334540	-0.013246	0.087037	0.035482	-0.168279	-0.016481	0.985602	-0.685323	0.720635	-0.104960	-0.708530	-0.693118	-0.132563
14575	9.517965	-1.232406	-1.067053	0.027267	0.079040	0.034882	-0.167926	-0.015702	0.985674	-0.685464	0.720452	-0.105304	-0.708477	-0.693328	-0.131746
14576	9.526179	-1.153221	-0.970364	0.057455	0.070528	0.038436	-0.167697	-0.014947	0.985725	-0.685731	0.720133	-0.105741	-0.708273	-0.693675	-0.131014
14577	9.501334	-1.281080	-0.918915	0.080510	0.065775	0.034831	-0.167439	-0.014260	0.985779	-0.686249	0.719579	-0.106153	-0.707832	-0.694264	-0.130271
14578	9.270264	-1.390833	-0.880229	0.144924	0.045529	0.034054	-0.167343	-0.013765	0.985803	-0.687260	0.718543	-0.106631	-0.706874	-0.695346	-0.129704
14579	9.205885	-1.093826	-0.997878	0.212197	0.023746	0.030014	-0.167350	-0.013405	0.985806	-0.688714	0.717069	-0.107166	-0.705455	-0.696873	-0.129234
14580	9.408444	-0.839346	-1.189569	0.184306	0.011310	0.034960	-0.167470	-0.013037	0.985791	-0.689808	0.715935	-0.107719	-0.704358	-0.698046	-0.128890
14581	9.711491	-1.045122	-1.421565	0.122606	0.013256	0.034821	-0.167585	-0.012715	0.985776	-0.690618	0.715082	-0.108183	-0.703535	-0.698924	-0.128618
14582	9.775105	-1.334785	-1.646835	0.117480	0.012598	0.029204	-0.167628	-0.012430	0.985772	-0.691351	0.714318	-0.108555	-0.702805	-0.699711	-0.128334
14583	9.771320	-1.210082	-1.583838	0.097925	0.021789	0.024485	-0.167613	-0.012123	0.985778	-0.692004	0.713635	-0.108886	-0.702166	-0.700413	-0.128003
14584	9.780644	-1.207657	-1.532580	0.038514	0.036283	0.024966	-0.167461	-0.011693	0.985809	-0.692168	0.713440	-0.109117	-0.702040	-0.700619	-0.127567
14585	9.633267	-1.218705	-1.398415	-0.005072	0.051253	0.014607	-0.167170	-0.011250	0.985864	-0.692114	0.713477	-0.109218	-0.702163	-0.700588	-0.127058
14586	9.488460	-1.241218	-1.137688	-0.013997	0.052407	0.018503	-0.166869	-0.010818	0.985920	-0.692043	0.713534	-0.109300	-0.702305	-0.700537	-0.126553
14587	9.368413	-1.338670	-0.923102	0.009033	0.039587	0.009242	-0.166623	-0.010495	0.985965	-0.692096	0.713471	-0.109367	-0.702310	-0.700606	-0.126144
14588	9.366322	-1.210646	-0.609809	0.046372	0.024828	0.003304	-0.166357	-0.010320	0.986012	-0.692403	0.713175	-0.109355	-0.702071	-0.700910	-0.125787
14589	9.415999	-1.112347	-0.429569	0.031067	0.002326	0.004513	-0.166339	-0.010292	0.986015	-0.692620	0.712958	-0.109402	-0.701861	-0.701131	-0.125721
14590	9.503415	-1.212412	-0.309401	0.016089	-0.024757	0.005948	-0.166490	-0.010464	0.985988	-0.692744	0.712836	-0.109409	-0.701703	-0.701252	-0.125929
14591	9.564308	-1.198445	-0.251484	0.009457	-0.055678	0.011396	-0.166927	-0.010793	0.985910	-0.692797	0.712771	-0.109496	-0.701546	-0.701314	-0.126458
14592	9.589340	-1.115504	-0.448659	0.005136	-0.080493	0.013199	-0.167449	-0.011261	0.985816	-0.692779	0.712784	-0.109532	-0.701441	-0.701293	-0.127156
14593	9.579917	-1.068694	-0.712326	-0.017722	-0.101838	0.016648	-0.168246	-0.011876	0.985674	-0.692632	0.712910	-0.109636	-0.701394	-0.701155	-0.128170
14594	9.643316	-1.064080	-1.011971	-0.038269	-0.117076	0.016456	-0.169207	-0.012611	0.985500	-0.692342	0.713175	-0.109746	-0.701450	-0.700873	-0.129405
14595	9.658539	-1.064998	-1.302636	-0.059725	-0.115322	0.018504	-0.170111	-0.013307	0.985335	-0.691898	0.713596	-0.109814	-0.701669	-0.700432	-0.130598
14596	9.714837	-0.984500	-1.586503	-0.064528	-0.114173	0.017379	-0.170894	-0.013943	0.985191	-0.691325	0.714151	-0.109812	-0.702044	-0.699853	-0.131683
14597	9.886333	-1.035709	-1.876001	-0.066718	-0.096400	0.007392	-0.171590	-0.014584	0.985061	-0.690849	0.714619	-0.109760	-0.702342	-0.699362	-0.132697
14598	9.938271	-1.022310	-2.097954	-0.073387	-0.075657	0.000786	-0.172112	-0.015116	0.984961	-0.690300	0.715167	-0.109647	-0.702754	-0.698791	-0.133523
14599	9.902509	-1.056303	-2.169034	-0.075428	-0.051392	-0.003391	-0.172417	-0.015519	0.984902	-0.689782	0.715693	-0.109476	-0.703188	-0.698243	-0.134102
14600	9.822784	-0.925333	-1.998228	-0.077402	-0.030273	-0.008936	-0.172472	-0.015849	0.984887	-0.689311	0.716191	-0.109186	-0.703636	-0.697725	-0.134448
14601	9.791495	-0.959786	-1.815142	-0.087593	-0.015550	-0.008674	-0.172489	-0.016040	0.984881	-0.688715	0.716800	-0.108945	-0.704215	-0.697094	-0.134687
14602	9.708807	-0.898862	-1.581247	-0.053271	0.005378	-0.005597	-0.172370	-0.016080	0.984901	-0.688360	0.717169	-0.108763	-0.704591	-0.696714	-0.134688
14603	9.578489	-0.960831	-1.522200	-0.044009	0.012407	-0.000756	-0.172245	-0.016019	0.984924	-0.688057	0.717475	-0.108659	-0.704918	-0.696400	-0.134604
14604	9.505369	-0.918499	-1.486664	0.002676	0.009535	0.002308	-0.172186	-0.015955	0.984935	-0.688037	0.717494	-0.108660	-0.704951	-0.696382	-0.134520
14605	9.526054	-0.787338	-1.430247	0.030794	0.008512	0.005641	-0.172132	-0.015875	0.984946	-0.688251	0.717280	-0.108720	-0.704756	-0.696604	-0.134393
14606	9.611049	-0.864634	-1.311971	0.016144	0.004703	0.010417	-0.172136	-0.015845	0.984946	-0.688419	0.717110	-0.108776	-0.704591	-0.696780	-0.134348
14607	9.604621	-0.977970	-1.171541	0.008820	0.002798	0.012805	-0.172172	-0.015754	0.984941	-0.688465	0.717051	-0.108878	-0.704537	-0.696843	-0.134302
14608	9.709704	-1.017023	-0.937268	0.021051	-0.004369	0.007311	-0.172187	-0.015797	0.984938	-0.688659	0.716861	-0.108894	-0.704344	-0.697037	-0.134313
14609	9.811221	-0.766621	-0.787103	0.023567	-0.001306	0.003814	-0.172190	-0.015799	0.984937	-0.688825	0.716698	-0.108926	-0.704181	-0.697205	-0.134291
14610	9.718030	-0.658824	-0.806619	-0.081510	0.004788	0.018865	-0.172249	-0.015698	0.984928	-0.688278	0.717221	-0.108938	-0.704702	-0.696669	-0.134345
14611	9.541236	-1.287875	-1.174062	-0.094029	-0.009718	0.022438	-0.172439	-0.015625	0.984896	-0.687582	0.717879	-0.108995	-0.705334	-0.695992	-0.134534
14612	9.591997	-0.949182	-1.326771	-0.037062	-0.017727	0.032413	-0.172714	-0.015533	0.984850	-0.687249	0.718168	-0.109196	-0.705591	-0.695696	-0.134713
14613	9.599222	-0.812603	-1.446914	-0.076778	-0.013933	0.037822	-0.173040	-0.015378	0.984795	-0.686647	0.718708	-0.109428	-0.706097	-0.695142	-0.134924
14614	9.568421	-0.941628	-1.428206	-0.065494	-0.016085	0.041391	-0.173415	-0.015196	0.984732	-0.686056	0.719228	-0.109718	-0.706579	-0.694608	-0.135151
14615	9.583278	-0.920892	-1.461297	-0.044660	-0.017425	0.048556	-0.173839	-0.014988	0.984660	-0.685662	0.719546	-0.110099	-0.706858	-0.694283	-0.135362
14616	9.705268	-1.001590	-1.404096	-0.019663	-0.021899	0.049294	-0.174321	-0.014793	0.984578	-0.685380	0.719748	-0.110533	-0.707012	-0.694078	-0.135606
14617	9.709213	-1.003723	-1.382567	0.043613	-0.027061	0.047670	-0.174807	-0.014658	0.984494	-0.685611	0.719452	-0.111025	-0.706668	-0.694388	-0.135815
14618	9.596030	-0.479930	-1.373409	0.051206	-0.030594	0.059377	-0.175382	-0.014477	0.984394	-0.685867	0.719116	-0.111620	-0.706277	-0.694740	-0.136050
14619	9.615250	-0.812803	-1.467115	-0.063027	-0.013015	0.067180	-0.175902	-0.014104	0.984307	-0.685310	0.719563	-0.112159	-0.706689	-0.694284	-0.136239
14620	9.509095	-1.360756	-1.560782	-0.027523	-0.015359	0.066712	-0.176451	-0.013761	0.984213	-0.684977	0.719789	-0.112740	-0.706874	-0.694056	-0.136434
14621	9.593442	-1.350274	-1.506466	0.047788	-0.023110	0.060865	-0.176999	-0.013504	0.984118	-0.685213	0.719466	-0.113367	-0.706508	-0.694397	-0.136598
14622	9.646086	-1.072461	-1.451233	0.059970	-0.020785	0.061026	-0.177616	-0.013202	0.984011	-0.685423	0.719154	-0.114071	-0.706150	-0.694725	-0.136782
14623	9.877834	-1.130891	-1.568280	0.020951	-0.005346	0.050430	-0.177967	-0.012897	0.983952	-0.685487	0.719016	-0.114559	-0.705999	-0.694874	-0.136802
14624	10.453995	-1.349619	-1.808880	0.030027	0.032547	0.027561	-0.177919	-0.012476	0.983966	-0.685579	0.718882	-0.114851	-0.705922	-0.695021	-0.136456
14625	10.144973	-1.266304	-2.026197	0.026768	0.073568	0.021195	-0.177513	-0.011832	0.984047	-0.685736	0.718698	-0.115059	-0.705872	-0.695221	-0.135692
14626	9.785825	-1.086625	-2.192031	0.041817	0.085492	0.025190	-0.177083	-0.011136	0.984133	-0.686045	0.718363	-0.115317	-0.705680	-0.695580	-0.134849
14627	9.479132	-1.036220	-1.951243	-0.040238	0.114047	0.022912	-0.176402	-0.010198	0.984265	-0.685726	0.718645	-0.115451	-0.706160	-0.695302	-0.133764
14628	9.173807	-1.341134	-1.543593	0.013114	0.115657	0.018920	-0.175650	-0.009241	0.984409	-0.685683	0.718662	-0.115602	-0.706389	-0.695298	-0.132569
14629	9.327322	-1.116851	-1.163528	0.086299	0.103368	0.019811	-0.175024	-0.008399	0.984528	-0.686263	0.718064	-0.115874	-0.705981	-0.695927	-0.131442
14630	9.423929	-1.059526	-0.904117	0.084547	0.086457	0.022393	-0.174519	-0.007651	0.984624	-0.686770	0.717534	-0.116150	-0.705613	-0.696481	-0.130478
14631	9.528245	-1.034786	-0.744319	0.069428	0.068948	0.029435	-0.174202	-0.006980	0.984685	-0.687214	0.717053	-0.116493	-0.705259	-0.696983	-0.129709
14632	9.493827	-1.140056	-0.719185	0.013999	0.055051	0.035717	-0.174087	-0.006354	0.984710	-0.687184	0.717023	-0.116861	-0.705317	-0.697021	-0.129191
14633	9.421449	-1.256825	-0.762365	0.017281	0.035530	0.041026	-0.174086	-0.005833	0.984713	-0.687240	0.716905	-0.117250	-0.705262	-0.697146	-0.128812
14634	9.449888	-1.122154	-0.907004	-0.013718	0.018356	0.043482	-0.174186	-0.005470	0.984698	-0.687146	0.716943	-0.117569	-0.705329	-0.697110	-0.128640
14635	9.456846	-1.263600	-1.066516	-0.049734	0.010190	0.047501	-0.174408	-0.005078	0.984660	-0.686718	0.717293	-0.117936	-0.705691	-0.696753	-0.128589
14636	9.541258	-1.300403	-1.279237	-0.068191	0.010607	0.047779	-0.174663	-0.004696	0.984617	-0.686137	0.717790	-0.118292	-0.706193	-0.696244	-0.128593
14637	9.530407	-1.414237	-1.389082	-0.055124	0.015778	0.043131	-0.174815	-0.004297	0.984592	-0.685678	0.718177	-0.118608	-0.706601	-0.695848	-0.128494
14638	9.566975	-1.299778	-1.509095	-0.034460	0.016612	0.034878	-0.174953	-0.003986	0.984569	-0.685390	0.718407	-0.118882	-0.706847	-0.695612	-0.128419
14639	9.663104	-1.187038	-1.464595	-0.033633	0.022636	0.031409	-0.174976	-0.003623	0.984566	-0.685103	0.718642	-0.119111	-0.707119	-0.695370	-0.128227
14640	9.627998	-1.213175	-1.403057	-0.034559	0.025260	0.023676	-0.174977	-0.003310	0.984567	-0.684790	0.718911	-0.119284	-0.707421	-0.695094	-0.128060
14641	9.571814	-1.332713	-1.251545	-0.028098	0.024239	0.026162	-0.174953	-0.002974	0.984572	-0.684551	0.719108	-0.119469	-0.707659	-0.694892	-0.127846
14642	9.493638	-1.361651	-1.156436	0.003043	0.018445	0.026447	-0.174933	-0.002657	0.984577	-0.684477	0.719145	-0.119673	-0.707735	-0.694855	-0.127621
14643	9.508596	-1.251400	-1.020198	0.052006	0.015009	0.021775	-0.174944	-0.002417	0.984575	-0.684813	0.718785	-0.119916	-0.707408	-0.695228	-0.127402
14644	9.448924	-1.347337	-0.870995	0.078500	0.005726	0.019626	-0.174986	-0.002207	0.984568	-0.685226	0.718348	-0.120174	-0.706997	-0.695681	-0.127213
14645	9.491760	-1.375952	-0.675183	0.142508	-0.018384	0.014530	-0.175183	-0.002251	0.984533	-0.686213	0.717357	-0.120461	-0.705990	-0.696702	-0.127214
14646	9.372216	-1.235564	-0.569608	0.163921	-0.043305	0.013700	-0.175500	-0.002503	0.984476	-0.687392	0.716184	-0.120718	-0.704764	-0.697907	-0.127411
14647	9.540608	-1.231934	-0.481018	0.134363	-0.061961	0.014540	-0.176004	-0.002852	0.984385	-0.688318	0.715247	-0.120996	-0.703733	-0.698866	-0.127850
14648	9.653841	-1.368275	-0.492533	0.117630	-0.085887	0.017484	-0.176670	-0.003403	0.984264	-0.689210	0.714347	-0.121240	-0.702693	-0.699784	-0.128549
14649	9.629753	-1.306867	-0.578730	0.111228	-0.109419	0.016315	-0.177519	-0.004073	0.984109	-0.689967	0.713569	-0.121507	-0.701735	-0.700573	-0.129482
14650	9.635408	-1.291091	-0.667221	0.090378	-0.121459	0.015990	-0.178442	-0.004858	0.983938	-0.690620	0.712900	-0.121727	-0.700859	-0.701249	-0.130567
14651	9.479007	-1.524850	-0.819277	0.104484	-0.134776	0.010669	-0.179427	-0.005748	0.983754	-0.691338	0.712169	-0.121932	-0.699898	-0.701985	-0.131756
14652	9.525360	-1.389726	-1.008073	0.145036	-0.149502	0.007334	-0.180553	-0.006772	0.983542	-0.692327	0.711162	-0.122196	-0.698630	-0.702996	-0.133091
14653	9.726408	-1.047930	-1.305889	0.130068	-0.153390	0.009081	-0.181654	-0.007807	0.983332	-0.693225	0.710248	-0.122423	-0.697454	-0.703908	-0.134432
14654	9.821922	-0.866914	-1.588620	0.065248	-0.144750	0.012227	-0.182666	-0.008751	0.983136	-0.693669	0.709790	-0.122565	-0.696747	-0.704359	-0.135725
14655	9.853198	-0.936821	-1.826026	0.007925	-0.129387	0.017334	-0.183655	-0.009559	0.982944	-0.693698	0.709736	-0.122709	-0.696458	-0.704403	-0.136978
14656	9.898438	-0.931567	-2.074971	-0.006767	-0.116451	0.016597	-0.184524	-0.010325	0.982774	-0.693702	0.709718	-0.122793	-0.696224	-0.704410	-0.138122
14657	9.822274	-0.981922	-1.988621	-0.043546	-0.094023	0.016125	-0.185258	-0.010892	0.982629	-0.693375	0.710027	-0.122854	-0.696355	-0.704091	-0.139091
14658	9.605674	-1.242211	-1.844431	-0.040245	-0.081839	0.010461	-0.185815	-0.011486	0.982518	-0.693212	0.710195	-0.122799	-0.696369	-0.703911	-0.139927
14659	9.614336	-1.239133	-1.578630	0.012473	-0.081608	0.014062	-0.186448	-0.011981	0.982392	-0.693279	0.710110	-0.122917	-0.696133	-0.703989	-0.140705
14660	9.551102	-1.193454	-1.277177	0.055541	-0.075839	0.016820	-0.187074	-0.012471	0.982267	-0.693706	0.709660	-0.123108	-0.695540	-0.704434	-0.141410
14661	9.523793	-1.176363	-1.054774	0.094985	-0.087236	0.019385	-0.187782	-0.012968	0.982125	-0.694336	0.708993	-0.123395	-0.694720	-0.705096	-0.142141
14662	9.523987	-1.022748	-0.982377	0.107027	-0.098543	0.024886	-0.188703	-0.013535	0.981941	-0.695014	0.708257	-0.123801	-0.693791	-0.705825	-0.143058
14663	9.619312	-0.989404	-0.991742	0.098190	-0.113921	0.034427	-0.189700	-0.014116	0.981741	-0.695636	0.707569	-0.124243	-0.692895	-0.706503	-0.144045
14664	9.721741	-0.912362	-1.060603	0.095007	-0.127646	0.040186	-0.190866	-0.014798	0.981505	-0.696262	0.706866	-0.124739	-0.691946	-0.707193	-0.145220
14665	9.667552	-0.767773	-1.232504	0.089051	-0.142959	0.047890	-0.192155	-0.015491	0.981242	-0.696792	0.706243	-0.125302	-0.691055	-0.707800	-0.146503
14666	9.479090	-0.789524	-1.404744	0.044105	-0.143381	0.059037	-0.193553	-0.016059	0.980958	-0.696878	0.706045	-0.125942	-0.690578	-0.707985	-0.147848
14667	9.419507	-0.974293	-1.633750	0.015493	-0.139974	0.066634	-0.194951	-0.016600	0.980673	-0.696862	0.705946	-0.126582	-0.690201	-0.708071	-0.149193
14668	9.408359	-1.113547	-1.954260	0.009257	-0.121335	0.075466	-0.196295	-0.016953	0.980398	-0.696771	0.705907	-0.127300	-0.689912	-0.708102	-0.150378
14669	9.587119	-1.155494	-2.277824	0.005309	-0.101404	0.077808	-0.197504	-0.017142	0.980152	-0.696661	0.705883	-0.128034	-0.689678	-0.708121	-0.151357
14670	9.687145	-1.054251	-2.550610	-0.009491	-0.072615	0.083941	-0.198510	-0.017137	0.979949	-0.696523	0.705888	-0.128752	-0.689528	-0.708116	-0.152062
14671	9.714780	-0.963916	-2.601206	-0.047738	-0.039017	0.089381	-0.199369	-0.016802	0.979780	-0.696023	0.706242	-0.129518	-0.689786	-0.707771	-0.152497
14672	9.708499	-0.988628	-2.525016	-0.067081	-0.007278	0.097419	-0.200062	-0.016202	0.979649	-0.695366	0.706741	-0.130318	-0.690247	-0.707287	-0.152658
14673	9.665317	-0.923940	-2.248056	-0.032543	0.008481	0.097187	-0.200647	-0.015475	0.979541	-0.694953	0.706987	-0.131183	-0.690493	-0.707057	-0.152609
14674	9.598667	-0.825705	-1.842941	0.006876	0.011176	0.106407	-0.201285	-0.014691	0.979423	-0.694788	0.706963	-0.132185	-0.690474	-0.707098	-0.152508
14675	9.482964	-0.849004	-1.587459	0.111592	0.001159	0.101231	-0.201948	-0.013988	0.979296	-0.695361	0.706188	-0.133309	-0.689703	-0.707886	-0.152340
14676	9.426003	-0.756086	-1.461817	0.216075	-0.013012	0.105561	-0.202737	-0.013387	0.979142	-0.696643	0.704676	-0.134610	-0.688176	-0.709403	-0.152190
14677	9.459108	-0.500922	-1.530780	0.291747	-0.026262	0.100785	-0.203588	-0.012884	0.978972	-0.698450	0.702617	-0.136004	-0.686090	-0.711451	-0.152044
14678	9.374561	-0.568345	-1.480406	0.171478	-0.020924	0.115721	-0.204567	-0.012258	0.978776	-0.699336	0.701467	-0.137378	-0.684895	-0.712596	-0.152069
14679	9.332537	-1.099814	-1.426166	0.109791	-0.020250	0.128892	-0.205575	-0.011519	0.978574	-0.699830	0.700700	-0.138770	-0.684089	-0.713363	-0.152108
14680	9.395949	-1.331673	-1.234563	0.030628	-0.009637	0.141920	-0.206572	-0.010658	0.978373	-0.699784	0.700478	-0.140120	-0.683835	-0.713595	-0.152157
14681	9.353502	-1.630077	-1.085689	0.017487	-0.009930	0.148062	-0.207643	-0.009712	0.978156	-0.699604	0.700369	-0.141558	-0.683695	-0.713715	-0.152222
14682	9.413732	-1.167553	-0.863884	0.011778	-0.021795	0.160236	-0.208941	-0.008778	0.977889	-0.699293	0.700359	-0.143128	-0.683617	-0.713737	-0.152472
14683	9.659475	-1.220915	-0.790946	-0.060277	-0.020490	0.163809	-0.210194	-0.007796	0.977629	-0.698545	0.700804	-0.144601	-0.683998	-0.713312	-0.152751
14684	9.639815	-2.030842	-1.035098	-0.014513	-0.032735	0.154671	-0.211452	-0.007045	0.977363	-0.698202	0.700855	-0.146004	-0.683961	-0.713269	-0.153115
14685	9.632548	-2.330551	-1.149404	0.224894	-0.067483	0.132281	-0.212805	-0.006621	0.977072	-0.699464	0.699259	-0.147604	-0.682249	-0.714838	-0.153437
14686	9.613864	-1.866688	-1.264414	0.401702	-0.097271	0.116738	-0.214262	-0.006594	0.976754	-0.702015	0.696338	-0.149294	-0.679166	-0.717684	-0.153828
14687	9.548661	-1.523019	-1.304019	0.397028	-0.100825	0.114388	-0.215717	-0.006544	0.976434	-0.704467	0.693491	-0.150985	-0.676160	-0.720435	-0.154208
14688	9.450944	-1.431326	-1.352780	0.351408	-0.104971	0.130753	-0.217341	-0.006450	0.976074	-0.706564	0.690963	-0.152764	-0.673446	-0.722861	-0.154732
14689	9.353721	-0.659879	-1.302926	0.265755	-0.102903	0.149912	-0.219061	-0.006180	0.975692	-0.708032	0.689050	-0.154602	-0.671345	-0.724688	-0.155320
14690	9.369854	-0.511338	-1.188346	0.029982	-0.089395	0.181481	-0.220970	-0.005631	0.975264	-0.707819	0.688863	-0.156396	-0.670943	-0.724869	-0.156204
14691	9.470510	-1.848218	-1.350811	-0.070910	-0.080008	0.178936	-0.222740	-0.004998	0.974865	-0.706954	0.689387	-0.157993	-0.671270	-0.724376	-0.157087
14692	9.656482	-2.708217	-1.530184	0.122506	-0.098470	0.152503	-0.224441	-0.004746	0.974476	-0.707502	0.688454	-0.159599	-0.670125	-0.725265	-0.157874
14693	9.511223	-2.693679	-1.379407	0.306960	-0.120491	0.127280	-0.226116	-0.004766	0.974089	-0.709276	0.686231	-0.161287	-0.667682	-0.727368	-0.158548
14694	9.496384	-2.292701	-1.216791	0.321482	-0.128439	0.116815	-0.227814	-0.004958	0.973692	-0.711154	0.683902	-0.162906	-0.665102	-0.729557	-0.159329
14695	9.503037	-1.660567	-1.022936	0.267876	-0.138369	0.116306	-0.229529	-0.005194	0.973288	-0.712674	0.681952	-0.164429	-0.662882	-0.731378	-0.160230
14696	9.679313	-1.041201	-0.872444	0.106783	-0.125322	0.127298	-0.231202	-0.005304	0.972891	-0.713156	0.681124	-0.165764	-0.661781	-0.732149	-0.161259
14697	9.529114	-1.653895	-1.005428	-0.037872	-0.110241	0.134692	-0.232859	-0.005213	0.972497	-0.712601	0.681409	-0.166976	-0.661798	-0.731884	-0.162387
14698	9.664079	-2.836533	-1.523754	0.111438	-0.122426	0.103266	-0.234349	-0.005466	0.972137	-0.713154	0.680557	-0.168090	-0.660676	-0.732675	-0.163385
14699	9.629535	-2.743143	-1.820571	0.324716	-0.150830	0.072711	-0.235830	-0.006098	0.971775	-0.715132	0.678179	-0.169292	-0.658005	-0.734871	-0.164296
14700	9.649984	-2.246357	-1.916142	0.411227	-0.155925	0.046821	-0.237163	-0.006936	0.971445	-0.717696	0.675187	-0.170393	-0.654726	-0.737614	-0.165107
14701	9.589157	-1.806819	-1.857266	0.266763	-0.139845	0.043668	-0.238358	-0.007693	0.971147	-0.719344	0.673221	-0.171222	-0.652479	-0.739401	-0.166002
14702	9.529744	-1.925362	-1.909249	0.114930	-0.112619	0.046845	-0.239321	-0.008324	0.970905	-0.720139	0.672237	-0.171746	-0.651249	-0.740289	-0.166875
14703	9.533262	-1.548739	-2.011065	0.102405	-0.108470	0.046561	-0.240330	-0.008834	0.970651	-0.720702	0.671484	-0.172332	-0.650254	-0.740967	-0.167744
14704	9.662009	-1.139185	-2.303999	0.030326	-0.089643	0.043459	-0.241232	-0.009268	0.970423	-0.720817	0.671246	-0.172774	-0.649792	-0.741177	-0.168607
14705	9.599127	-1.653849	-2.539693	-0.007111	-0.068534	0.034215	-0.241891	-0.009565	0.970256	-0.720697	0.671303	-0.173057	-0.649680	-0.741122	-0.169276
14706	9.576453	-1.835094	-2.560326	0.080700	-0.061805	0.022366	-0.242417	-0.009849	0.970122	-0.721124	0.670758	-0.173387	-0.649010	-0.741611	-0.169706
14707	9.477310	-1.673965	-2.235560	0.099275	-0.057382	0.011888	-0.242842	-0.010215	0.970012	-0.721748	0.670024	-0.173633	-0.648157	-0.742270	-0.170082
14708	9.419166	-1.626514	-1.875104	0.011834	-0.037993	0.021629	-0.243164	-0.010360	0.969930	-0.721783	0.669944	-0.173797	-0.647998	-0.742340	-0.170384
14709	9.412673	-1.715113	-1.631604	-0.054979	-0.026396	0.021625	-0.243458	-0.010431	0.969855	-0.721382	0.670355	-0.173876	-0.648333	-0.741968	-0.170728
14710	9.365719	-1.346842	-1.457391	-0.046230	-0.030174	0.028518	-0.243836	-0.010546	0.969759	-0.721054	0.670673	-0.174008	-0.648556	-0.741678	-0.171138
14711	9.408034	-1.207084	-1.369475	-0.079587	-0.040421	0.030587	-0.244286	-0.010660	0.969645	-0.720472	0.671267	-0.174131	-0.649034	-0.741139	-0.171661
14712	9.513826	-1.614230	-1.332496	-0.120863	-0.043185	0.033088	-0.244834	-0.010746	0.969506	-0.719524	0.672250	-0.174254	-0.649878	-0.740246	-0.172321
14713	9.388661	-1.967976	-1.297917	-0.080443	-0.067476	0.040562	-0.245531	-0.010992	0.969326	-0.718910	0.672851	-0.174471	-0.650294	-0.739697	-0.173108
14714	9.425934	-1.705434	-1.208622	-0.068438	-0.085256	0.045032	-0.246401	-0.011297	0.969102	-0.718288	0.673435	-0.174780	-0.650652	-0.739160	-0.174050
14715	9.378722	-1.582746	-1.176972	-0.129225	-0.093073	0.050523	-0.247337	-0.011664	0.968859	-0.717330	0.674396	-0.175006	-0.651353	-0.738278	-0.175170
14716	9.279796	-1.756472	-1.108781	-0.155204	-0.105503	0.061084	-0.248404	-0.012130	0.968581	-0.716254	0.675480	-0.175232	-0.652131	-0.737278	-0.176480
14717	9.347181	-1.794990	-1.058075	-0.098824	-0.131497	0.060272	-0.249661	-0.012712	0.968250	-0.715468	0.676217	-0.175604	-0.652514	-0.736593	-0.177920
14718	9.504435	-1.796692	-1.320257	-0.024589	-0.149413	0.056420	-0.250972	-0.013520	0.967900	-0.715249	0.676342	-0.176013	-0.652252	-0.736464	-0.179413
14719	9.562670	-1.678905	-1.551464	0.037049	-0.171062	0.049841	-0.252411	-0.014463	0.967512	-0.715374	0.676077	-0.176525	-0.651559	-0.736689	-0.180996
14720	9.595005	-1.500790	-1.863998	0.029808	-0.178928	0.051412	-0.253917	-0.015502	0.967102	-0.715484	0.675831	-0.177020	-0.650853	-0.736894	-0.182697
14721	9.412379	-1.307431	-1.942414	-0.031926	-0.180090	0.062941	-0.255507	-0.016424	0.966668	-0.715124	0.676076	-0.177533	-0.650626	-0.736648	-0.184487
14722	9.497507	-1.296449	-1.731032	-0.171757	-0.171731	0.070534	-0.257128	-0.017274	0.966223	-0.713845	0.677342	-0.177857	-0.651391	-0.735466	-0.186495
14723	9.481907	-2.039257	-1.550048	-0.270330	-0.174877	0.071915	-0.258749	-0.018091	0.965775	-0.711906	0.679340	-0.178007	-0.652870	-0.733600	-0.188658
14724	9.546112	-2.532793	-1.410238	-0.204501	-0.192855	0.051785	-0.260369	-0.019162	0.965319	-0.710416	0.680874	-0.178100	-0.653848	-0.732150	-0.190892
14725	10.022140	-2.657773	-1.728783	-0.116630	-0.216132	0.033536	-0.261988	-0.020536	0.964853	-0.709575	0.681734	-0.178162	-0.654114	-0.731312	-0.193178
14726	10.184434	-1.737670	-2.175237	0.006325	-0.214139	0.006890	-0.263437	-0.022117	0.964423	-0.709612	0.681685	-0.178201	-0.653491	-0.731311	-0.195276
14727	9.685290	-1.428863	-2.361274	-0.250833	-0.182832	0.020814	-0.264748	-0.023331	0.964035	-0.707926	0.683522	-0.177872	-0.654790	-0.729557	-0.197478
14728	9.390136	-2.123356	-2.268844	-0.443648	-0.156120	0.007630	-0.265787	-0.024416	0.963723	-0.704992	0.686765	-0.177032	-0.657529	-0.726469	-0.199746
14729	9.213540	-2.575223	-1.917114	-0.366404	-0.164683	-0.016749	-0.266722	-0.025746	0.963430	-0.702632	0.689418	-0.176098	-0.659672	-0.723906	-0.201973
14730	9.404382	-2.001966	-1.284529	-0.276141	-0.190472	-0.029541	-0.267776	-0.027413	0.963091	-0.700923	0.691384	-0.175204	-0.661063	-0.721968	-0.204350
14731	9.766917	-1.883443	-0.841240	-0.315481	-0.211798	-0.050307	-0.268793	-0.029309	0.962752	-0.698979	0.693643	-0.174034	-0.662706	-0.719722	-0.206933
14732	9.755853	-1.821128	-0.386020	-0.392242	-0.226928	-0.050574	-0.269902	-0.031284	0.962379	-0.696509	0.696456	-0.172699	-0.664852	-0.716918	-0.209764
14733	9.509772	-2.407341	-0.238309	-0.426173	-0.267518	-0.060130	-0.271234	-0.033638	0.961925	-0.693843	0.699485	-0.171182	-0.667094	-0.713856	-0.213064
14734	9.329346	-2.056225	-0.138886	-0.319076	-0.343711	-0.076061	-0.272983	-0.036679	0.961319	-0.691961	0.701702	-0.169720	-0.668335	-0.711526	-0.216933
14735	9.354500	-1.628528	-0.190574	-0.349917	-0.399316	-0.079079	-0.275076	-0.040092	0.960586	-0.689846	0.704156	-0.168157	-0.669661	-0.708912	-0.221354
14736	9.291859	-2.072707	-0.519888	-0.383318	-0.443935	-0.076197	-0.277500	-0.043739	0.959730	-0.687473	0.706850	-0.166564	-0.671100	-0.706009	-0.226220
14737	9.431695	-2.638311	-0.802518	-0.344212	-0.502194	-0.088363	-0.280234	-0.047925	0.958735	-0.685417	0.709235	-0.164892	-0.672065	-0.703342	-0.231601
14738	9.578368	-1.895677	-0.815837	-0.257937	-0.571935	-0.088914	-0.283491	-0.052557	0.957534	-0.683911	0.711019	-0.163455	-0.672234	-0.701206	-0.237512
14739	9.768591	-1.302907	-0.338614	-0.496140	-0.605892	-0.077300	-0.287011	-0.057366	0.956208	-0.680803	0.714444	-0.161484	-0.673894	-0.697337	-0.244108
14740	9.816301	-1.858672	0.156315	-0.665668	-0.653517	-0.075563	-0.290882	-0.062529	0.954714	-0.676637	0.718928	-0.159071	-0.676424	-0.692266	-0.251433
14741	9.668419	-2.001504	0.583589	-0.654581	-0.723907	-0.083657	-0.295191	-0.068147	0.953005	-0.672458	0.723387	-0.156565	-0.678721	-0.687072	-0.259364
14742	9.624434	-2.265720	0.593369	-0.633603	-0.790679	-0.087671	-0.299990	-0.074193	0.951053	-0.668443	0.727628	-0.154083	-0.680581	-0.681948	-0.267875
14743	9.798067	-2.487457	0.123844	-0.528144	-0.867364	-0.081359	-0.305324	-0.080704	0.948822	-0.665103	0.731153	-0.151835	-0.681480	-0.677424	-0.276915
14744	10.270705	-1.803247	-0.600303	-0.413457	-0.929245	-0.063906	-0.311273	-0.087491	0.946284	-0.662557	0.733819	-0.150096	-0.681269	-0.673688	-0.286386
14745	10.496649	-0.921666	-1.417210	-0.368648	-0.972483	-0.042837	-0.317582	-0.094362	0.943524	-0.660192	0.736254	-0.148582	-0.680653	-0.670094	-0.296118
14746	10.679708	-0.195024	-1.870407	-0.406897	-1.001083	-0.022613	-0.324244	-0.101182	0.940547	-0.657542	0.738900	-0.147192	-0.680077	-0.666175	-0.306115
14747	10.469360	-0.117314	-2.305138	-0.404032	-1.051030	-0.045287	-0.331061	-0.108520	0.937348	-0.654956	0.741533	-0.145473	-0.679288	-0.662082	-0.316568
14748	10.240768	0.778891	-2.587988	-0.228088	-1.116641	-0.086171	-0.338045	-0.116557	0.933884	-0.653789	0.742860	-0.143940	-0.676968	-0.659221	-0.327324
14749	9.980268	0.121306	-3.006066	-0.108214	-1.150224	-0.111433	-0.345055	-0.124979	0.930225	-0.653451	0.743434	-0.142506	-0.673750	-0.657029	-0.338193
14750	9.713330	-0.271175	-3.605173	0.046370	-1.195417	-0.167809	-0.352070	-0.134191	0.926304	-0.654448	0.742818	-0.141133	-0.669137	-0.655907	-0.349345
14751	9.839359	-0.842636	-4.236162	0.169589	-1.212400	-0.217646	-0.358694	-0.143779	0.922316	-0.656365	0.741399	-0.139688	-0.663720	-0.655481	-0.360307
14752	10.101451	-0.453088	-4.475868	0.252947	-1.203037	-0.257077	-0.365036	-0.153605	0.918234	-0.658995	0.739323	-0.138301	-0.657628	-0.655596	-0.371105
14753	9.880521	-0.262720	-3.956912	0.050282	-1.163394	-0.243847	-0.371022	-0.163049	0.914198	-0.660235	0.738602	-0.136222	-0.653018	-0.654127	-0.381689
14754	9.667825	-1.506639	-3.029933	-0.182421	-1.134427	-0.212677	-0.377094	-0.172092	0.910046	-0.659877	0.739399	-0.133610	-0.649894	-0.650902	-0.392383
14755	9.827764	-1.914959	-1.692879	-0.175548	-1.173968	-0.174333	-0.383525	-0.181027	0.905615	-0.659416	0.740224	-0.131294	-0.646590	-0.647532	-0.403267
14756	10.195303	-1.002533	-0.130753	-0.252962	-1.239928	-0.108360	-0.390908	-0.189908	0.900625	-0.658246	0.741611	-0.129328	-0.643353	-0.643388	-0.414907
14757	10.271496	-0.470282	1.153135	-0.455866	-1.319759	-0.025775	-0.399186	-0.198575	0.895108	-0.655434	0.744473	-0.127143	-0.641137	-0.637438	-0.427336
14758	10.611881	-0.428834	1.888639	-0.591094	-1.437978	0.045991	-0.408809	-0.207475	0.888724	-0.651559	0.748222	-0.125040	-0.639020	-0.630174	-0.441062
14759	11.090775	-0.169959	2.404091	-0.641731	-1.598797	0.091789	-0.419573	-0.216820	0.881446	-0.647101	0.752426	-0.122941	-0.636567	-0.621968	-0.456002
14760	11.599616	-0.020417	2.691362	-0.640863	-1.778756	0.123414	-0.431784	-0.226922	0.872965	-0.642577	0.756581	-0.121161	-0.632975	-0.613263	-0.472495
14761	12.132936	0.275268	2.524929	-0.561414	-1.961801	0.155746	-0.445123	-0.237710	0.863342	-0.638371	0.760352	-0.119778	-0.627972	-0.604448	-0.490198
14762	12.686883	0.428800	2.053385	-0.492225	-2.126457	0.187833	-0.459741	-0.249056	0.852414	-0.634520	0.763676	-0.119094	-0.621307	-0.595626	-0.509124
14763	13.028162	0.293201	1.367726	-0.400100	-2.269084	0.219432	-0.475110	-0.260817	0.840384	-0.631042	0.766591	-0.118844	-0.613235	-0.586781	-0.528801
14764	13.298755	0.597955	0.543547	-0.306183	-2.386071	0.264957	-0.491424	-0.272808	0.827090	-0.628058	0.768930	-0.119542	-0.603362	-0.578206	-0.549210
14765	13.393349	0.665509	-0.979381	-0.337701	-2.441549	0.334683	-0.508102	-0.284258	0.813037	-0.624383	0.771789	-0.120367	-0.593277	-0.568806	-0.569633
14766	12.800614	-0.078611	-2.796106	-0.439160	-2.429649	0.417982	-0.525061	-0.294847	0.798358	-0.619821	0.775311	-0.121306	-0.583209	-0.558532	-0.589838
14767	11.996489	-1.026850	-4.504375	-0.469344	-2.357225	0.518486	-0.541869	-0.303882	0.783603	-0.614360	0.779448	-0.122565	-0.573533	-0.547829	-0.609052
14768	10.500888	-2.226954	-6.017959	-0.353306	-2.236682	0.595817	-0.558192	-0.311406	0.769056	-0.609269	0.783025	-0.125154	-0.563216	-0.538422	-0.626808
14769	9.037776	-1.982910	-8.027704	0.087007	-2.127250	0.680671	-0.574151	-0.317486	0.754688	-0.605921	0.784687	-0.130866	-0.550646	-0.532418	-0.642900
14770	8.430441	-0.799774	-9.998786	0.223068	-1.911474	0.808388	-0.589381	-0.321308	0.741209	-0.602622	0.785918	-0.138493	-0.538030	-0.528294	-0.656832
14771	7.705491	-0.174977	-10.981736	-0.042390	-1.599519	0.942713	-0.603542	-0.322316	0.729280	-0.596795	0.789162	-0.145118	-0.528747	-0.522815	-0.668649
14772	7.160706	-0.433623	-11.151700	-0.454089	-1.224225	1.002194	-0.615812	-0.320790	0.719631	-0.588498	0.794575	-0.149399	-0.523875	-0.515504	-0.678093
14773	6.153238	-0.937840	-10.882344	-0.797104	-0.829231	0.984519	-0.625873	-0.317195	0.712510	-0.578235	0.801777	-0.150991	-0.523380	-0.506499	-0.685224
14774	5.857857	-1.147477	-9.506405	-0.986966	-0.454216	0.906191	-0.633328	-0.312228	0.708103	-0.567544	0.809433	-0.150704	-0.526108	-0.497325	-0.689840
14775	4.055264	-1.177288	-10.377054	-1.170816	-0.132728	0.797881	-0.638490	-0.306416	0.706003	-0.556301	0.817654	-0.148229	-0.531846	-0.487392	-0.692523
14776	3.479059	-1.652624	-10.157590	-1.315241	0.191951	0.703464	-0.641223	-0.299762	0.706382	-0.544929	0.826000	-0.144141	-0.540264	-0.477355	-0.692999
14777	4.907617	-0.856400	-7.540127	-1.398527	0.653237	0.489502	-0.640274	-0.292639	0.710219	-0.534179	0.834047	-0.137910	-0.551998	-0.467685	-0.690340
14778	4.465189	-2.590817	-6.474456	-1.323794	1.109669	0.251420	-0.635300	-0.285436	0.717580	-0.525344	0.840798	-0.130658	-0.566045	-0.459983	-0.684111
14779	3.969856	-4.284609	-6.628664	-0.749228	1.437734	0.059615	-0.627357	-0.278363	0.727280	-0.520702	0.844393	-0.125974	-0.579044	-0.457727	-0.674681
14780	3.610259	-3.577169	-7.029422	-0.077241	1.705007	-0.099543	-0.616772	-0.271408	0.738871	-0.521044	0.844359	-0.124785	-0.590005	-0.461948	-0.662192
14781	3.666054	-1.844611	-7.157596	0.224189	1.968823	-0.229800	-0.603825	-0.264208	0.752057	-0.523805	0.842689	-0.124514	-0.600852	-0.469116	-0.647230
14782	4.023810	-0.233277	-6.425290	0.065666	2.219489	-0.313955	-0.588602	-0.256404	0.766684	-0.526244	0.841449	-0.122602	-0.613690	-0.475627	-0.630210
14783	4.315839	-0.007779	-6.200584	-0.194676	2.445693	-0.386326	-0.571348	-0.247993	0.782343	-0.527297	0.841395	-0.118375	-0.628903	-0.480161	-0.611495
14784	4.534792	-0.824016	-6.368924	-0.144165	2.620343	-0.467450	-0.552108	-0.239300	0.798695	-0.529159	0.840849	-0.113858	-0.644336	-0.485498	-0.590867
14785	5.113256	-0.272336	-6.375723	0.213924	2.762856	-0.516235	-0.531347	-0.230132	0.815297	-0.533370	0.838580	-0.110904	-0.658169	-0.493783	-0.568323
14786	5.685085	0.782091	-6.468160	0.280853	2.911932	-0.518110	-0.509124	-0.219975	0.832108	-0.538074	0.835920	-0.108236	-0.671766	-0.502841	-0.543950
14787	5.952041	1.683614	-6.237373	0.091219	3.064324	-0.439847	-0.485914	-0.208153	0.848858	-0.540901	0.834507	-0.104995	-0.686522	-0.510167	-0.518089
14788	6.058391	1.765195	-6.483703	-0.238417	3.239231	-0.304530	-0.461682	-0.194106	0.865548	-0.540805	0.835038	-0.101200	-0.703121	-0.514815	-0.490495
14789	6.365310	1.422512	-7.425654	-0.409477	3.367323	-0.124558	-0.437015	-0.177789	0.881708	-0.538468	0.836912	-0.098133	-0.720465	-0.517658	-0.461477
14790	6.158826	1.658885	-7.258694	-0.675068	3.513195	0.036315	-0.411505	-0.159297	0.897379	-0.533481	0.840409	-0.095450	-0.738960	-0.518012	-0.430814
14791	5.361011	0.442533	-6.945814	-0.864407	3.596574	0.104502	-0.385114	-0.139844	0.912212	-0.526611	0.845029	-0.092778	-0.757871	-0.516111	-0.399076
14792	4.606321	-1.737486	-7.360518	-0.764621	3.605311	0.115959	-0.358024	-0.120296	0.925931	-0.520385	0.849080	-0.090902	-0.775254	-0.514385	-0.366591
14793	4.162912	-1.994717	-7.338967	-0.408519	3.526681	0.132847	-0.331093	-0.101043	0.938172	-0.516745	0.851324	-0.090677	-0.789526	-0.514819	-0.334081
14794	4.913744	-1.703100	-6.857940	-0.329094	3.412020	0.140564	-0.304614	-0.082283	0.948915	-0.513731	0.853118	-0.090938	-0.802054	-0.515188	-0.302143
14795	5.898758	-1.894419	-5.969525	-0.305788	3.237343	0.097845	-0.278946	-0.064798	0.958118	-0.510989	0.854761	-0.090961	-0.813068	-0.514961	-0.271543
14796	6.645273	-2.269835	-5.289252	-0.269909	3.000768	0.032672	-0.254527	-0.049090	0.965819	-0.508735	0.856148	-0.090554	-0.822438	-0.514394	-0.242886
14797	7.146943	-2.951890	-5.029389	-0.161006	2.719394	0.003279	-0.232052	-0.035102	0.972070	-0.507408	0.856974	-0.090182	-0.829873	-0.514163	-0.216673
14798	7.782564	-3.068680	-3.824249	0.023253	2.379722	0.005789	-0.212231	-0.022819	0.976953	-0.507625	0.856837	-0.090261	-0.835030	-0.515082	-0.193431
14799	8.175465	-3.176728	-3.202053	0.257800	2.007862	-0.007341	-0.195375	-0.012541	0.980648	-0.509806	0.855502	-0.090628	-0.837811	-0.517647	-0.173537
14800	8.558327	-2.988847	-2.759605	0.491143	1.633612	-0.009273	-0.181601	-0.004138	0.983364	-0.513978	0.852928	-0.091329	-0.838360	-0.522013	-0.157019
14801	8.544706	-2.750767	-2.704766	0.628208	1.286333	0.012200	-0.170862	0.002689	0.985291	-0.519229	0.849630	-0.092360	-0.837381	-0.527373	-0.143773
14802	8.414788	-2.632126	-3.269665	0.720788	0.970714	0.058715	-0.163019	0.008330	0.986588	-0.525201	0.845779	-0.093922	-0.835218	-0.533468	-0.133503
14803	8.262193	-2.241602	-4.227814	0.770987	0.720067	0.112598	-0.157585	0.013118	0.987418	-0.531458	0.841628	-0.095998	-0.832298	-0.539899	-0.125656
14804	9.581890	-1.921394	-3.025478	0.483303	0.598816	0.181633	-0.153546	0.017885	0.987980	-0.535232	0.838958	-0.098369	-0.830632	-0.543903	-0.119246
14805	8.728033	-4.045188	-2.862950	0.258629	0.352793	0.167209	-0.151488	0.021183	0.988232	-0.537133	0.837514	-0.100291	-0.829783	-0.546005	-0.115496
14806	9.493908	-5.271677	-5.779414	0.995472	-0.267597	0.066649	-0.154033	0.020265	0.987858	-0.545309	0.831994	-0.102096	-0.823961	-0.554414	-0.117104
14807	12.994593	4.447803	-6.129554	2.727602	-0.906577	-0.337148	-0.159526	0.012332	0.987117	-0.568096	0.816616	-0.102010	-0.807353	-0.577050	-0.123266
14808	17.053338	11.186846	-0.820494	1.171504	-0.764304	-0.454024	-0.163039	0.004176	0.986611	-0.578261	0.809825	-0.098986	-0.799395	-0.586657	-0.129618
14809	16.357819	0.906219	-0.454496	0.697448	-0.506356	-0.095551	-0.166493	0.000394	0.986043	-0.583985	0.805714	-0.098928	-0.794507	-0.592305	-0.133915
14810	12.166920	1.370990	-1.056960	2.050019	-0.569380	0.095107	-0.171512	-0.002299	0.985179	-0.599971	0.793415	-0.102598	-0.781421	-0.608676	-0.137460
