// General information: 
//  MT Manager version: 2022.2.0 
//  XDA version: 2022.2.0 build 7381 rev 124627 built on 2023-07-19
// Device information: 
//  DeviceId: 00B4CB9F
//  ProductCode: MTW2-3A7G6
//  Firmware Version: 4.6.0
//  Hardware Version: 2.0.0
// Device settings: 
//  Filter Profile: human(46.1)
//  Option Flags: Orientation Smoother Disabled, Position/Velocity Smoother Disabled, Continuous Zero Rotation Update Disabled, AHS Disabled, ICC Disabled
// Coordinate system: ENU
PacketCounter	Acc_X	Acc_Y	Acc_Z	Gyr_X	Gyr_Y	Gyr_Z	Mat[1][1]	Mat[2][1]	Mat[3][1]	Mat[1][2]	Mat[2][2]	Mat[3][2]	Mat[1][3]	Mat[2][3]	Mat[3][3]
29395	9.317405	0.800099	2.841404	0.044471	0.000862	-0.020142	-0.296469	-0.074725	0.952115	0.465934	-0.881558	0.075895	0.833674	0.466123	0.296171
29396	9.334143	0.796267	2.802912	0.040099	-0.001326	-0.021471	-0.296510	-0.074527	0.952117	0.466239	-0.881370	0.076208	0.833488	0.466511	0.296083
29397	9.415955	0.832629	2.754651	0.024142	0.000013	-0.022879	-0.296609	-0.073894	0.952136	0.465489	-0.881734	0.076579	0.833872	0.465923	0.295927
29398	9.368113	0.808476	2.754566	0.007985	0.011289	-0.026935	-0.296781	-0.073706	0.952097	0.465510	-0.881700	0.076849	0.833800	0.466017	0.295983
29399	9.279714	0.743920	2.806953	0.007760	0.009100	-0.025883	-0.296805	-0.073687	0.952091	0.466066	-0.881386	0.077077	0.833480	0.466613	0.295943
29400	9.285747	0.712740	2.832033	0.011612	0.001862	-0.024006	-0.296885	-0.073482	0.952082	0.466125	-0.881333	0.077329	0.833419	0.466747	0.295906
29401	9.319344	0.701390	2.755896	0.013653	0.002372	-0.024520	-0.296631	-0.073623	0.952150	0.467429	-0.880625	0.077530	0.832779	0.468060	0.295634
29402	9.353579	0.710628	2.707634	0.023923	0.003909	-0.023679	-0.296726	-0.073430	0.952135	0.467592	-0.880513	0.077816	0.832653	0.468300	0.295607
29403	9.353923	0.733815	2.735776	0.023765	0.006778	-0.021075	-0.296409	-0.073941	0.952194	0.469830	-0.879306	0.077973	0.831505	0.470481	0.295374
29404	9.378847	0.757137	2.806152	0.026244	0.005606	-0.021841	-0.296510	-0.073772	0.952176	0.470018	-0.879182	0.078248	0.831363	0.470741	0.295361
29405	9.353214	0.738914	2.736826	0.026210	0.012523	-0.014281	-0.296645	-0.074340	0.952090	0.471299	-0.878495	0.078250	0.830589	0.471932	0.295637
29406	9.348200	0.748114	2.796755	0.035091	0.007998	-0.012379	-0.296721	-0.074267	0.952072	0.471590	-0.878321	0.078461	0.830397	0.472268	0.295640
29407	9.307039	0.777744	2.820675	0.044351	0.002800	-0.014135	-0.296261	-0.075233	0.952139	0.474682	-0.876656	0.078429	0.828798	0.475199	0.295431
29408	9.383603	0.800506	2.803704	0.039920	-0.004456	-0.017011	-0.296255	-0.075062	0.952155	0.474999	-0.876460	0.078698	0.828619	0.475587	0.295310
29409	9.389389	0.836925	2.799630	0.029935	0.001249	-0.017359	-0.296119	-0.075764	0.952142	0.477247	-0.875231	0.078781	0.827375	0.477735	0.295330
29410	9.382794	0.872868	2.774780	0.019948	0.000886	-0.015847	-0.296152	-0.075629	0.952142	0.477403	-0.875128	0.078979	0.827273	0.477945	0.295277
29411	9.334060	0.806736	2.718542	-0.000426	-0.005082	-0.020127	-0.295907	-0.076291	0.952165	0.479500	-0.873980	0.078989	0.826147	0.479937	0.295199
29412	9.363942	0.733843	2.729265	-0.014275	-0.010348	-0.016783	-0.295853	-0.076095	0.952198	0.479371	-0.874041	0.079094	0.826241	0.479857	0.295065
29413	9.380406	0.707761	2.662528	-0.015999	-0.010527	-0.023335	-0.295580	-0.076008	0.952290	0.480195	-0.873568	0.079322	0.825861	0.480730	0.294708
29414	9.408449	0.749478	2.588868	-0.017479	-0.002605	-0.019979	-0.295605	-0.075820	0.952297	0.480030	-0.873647	0.079449	0.825948	0.480616	0.294650
29415	9.403701	0.758267	2.648011	-0.003131	-0.000026	-0.020168	-0.295496	-0.076078	0.952310	0.480929	-0.873150	0.079475	0.825463	0.481478	0.294600
29416	9.433397	0.773958	2.658700	0.016900	-0.000290	-0.019789	-0.295539	-0.075903	0.952311	0.481049	-0.873063	0.079701	0.825378	0.481663	0.294537
29417	9.415632	0.850685	2.668397	0.022924	0.003109	-0.015321	-0.295197	-0.076754	0.952348	0.483951	-0.871451	0.079775	0.823802	0.484439	0.294395
29418	9.421331	0.798708	2.665347	0.026504	0.000764	-0.017645	-0.295238	-0.076604	0.952348	0.484157	-0.871315	0.080009	0.823666	0.484708	0.294334
29419	9.339339	0.767269	2.713255	0.030268	0.001461	-0.011608	-0.294905	-0.077344	0.952391	0.486809	-0.869828	0.080100	0.822221	0.487255	0.294168
29420	9.327627	0.701398	2.720398	0.034190	-0.000707	-0.008174	-0.294888	-0.077269	0.952403	0.487107	-0.869646	0.080266	0.822051	0.487591	0.294086
29421	9.346899	0.778194	2.792894	0.036010	-0.002380	-0.007632	-0.294316	-0.078756	0.952458	0.491384	-0.867249	0.080131	0.819707	0.491606	0.293945
29422	9.317096	0.766103	2.781617	0.034690	-0.003390	-0.005019	-0.294261	-0.078696	0.952480	0.491696	-0.867060	0.080267	0.819540	0.491950	0.293837
29423	9.294217	0.828955	2.822269	0.038545	0.001516	-0.006857	-0.293410	-0.080441	0.952596	0.497143	-0.863957	0.080170	0.816553	0.497099	0.293484
29424	9.323221	0.911969	2.804322	0.032299	0.001988	-0.012130	-0.293434	-0.080346	0.952597	0.497414	-0.863783	0.080366	0.816380	0.497417	0.293429
29425	9.293708	0.921124	2.821451	0.029250	0.006854	-0.017934	-0.293114	-0.081017	0.952639	0.500258	-0.862116	0.080604	0.814755	0.500192	0.293228
29426	9.299066	0.957287	2.818376	0.015842	0.012013	-0.018565	-0.293252	-0.080917	0.952605	0.500377	-0.862028	0.080814	0.814633	0.500360	0.293280
29427	9.274677	0.891687	2.805709	-0.004364	0.009197	-0.027300	-0.293025	-0.081165	0.952653	0.501986	-0.861070	0.081043	0.813724	0.501967	0.293059
29428	9.350874	0.826323	2.791158	-0.018494	0.014852	-0.030034	-0.293243	-0.080980	0.952602	0.501791	-0.861163	0.081261	0.813765	0.501837	0.293166
29429	9.361968	0.808372	2.786020	-0.018777	0.013671	-0.032385	-0.293363	-0.080740	0.952586	0.501680	-0.861205	0.081504	0.813791	0.501803	0.293151
29430	9.360833	0.790219	2.759619	-0.022416	0.010959	-0.031607	-0.293557	-0.080522	0.952544	0.501448	-0.861319	0.081726	0.813864	0.501643	0.293224
29431	9.424952	0.724547	2.723643	-0.016885	0.004932	-0.026567	-0.293611	-0.079710	0.952596	0.500397	-0.861893	0.082113	0.814491	0.500786	0.292948
29432	9.395420	0.733271	2.741000	-0.008375	0.001111	-0.020998	-0.293672	-0.079533	0.952592	0.500310	-0.861928	0.082276	0.814522	0.500753	0.292915
29433	9.394788	0.714481	2.713193	0.000515	-0.003386	-0.019087	-0.293180	-0.080622	0.952652	0.503788	-0.859901	0.082269	0.812553	0.504054	0.292723
29434	9.371167	0.756928	2.726224	0.006253	-0.001158	-0.016971	-0.293203	-0.080469	0.952658	0.503833	-0.859859	0.082436	0.812517	0.504151	0.292656
29435	9.359168	0.779139	2.733081	0.007836	0.007111	-0.019103	-0.292785	-0.081522	0.952697	0.507049	-0.857968	0.082412	0.810665	0.507193	0.292536
29436	9.330017	0.808376	2.778519	0.015234	0.010533	-0.013843	-0.292886	-0.081455	0.952671	0.507177	-0.857877	0.082575	0.810549	0.507358	0.292572
29437	9.306023	0.850956	2.792605	0.012851	0.009841	-0.019089	-0.292697	-0.081855	0.952695	0.509088	-0.856723	0.082798	0.809419	0.509240	0.292432
29438	9.264024	0.859448	2.789311	0.013851	0.010527	-0.014637	-0.292802	-0.081781	0.952669	0.509202	-0.856639	0.082965	0.809309	0.509393	0.292469
29439	9.323129	0.888895	2.811710	0.015167	0.011547	-0.017254	-0.292442	-0.082157	0.952748	0.511080	-0.855507	0.083102	0.808254	0.511233	0.292174
29440	9.291468	0.924074	2.745726	0.012619	0.013721	-0.019901	-0.292599	-0.082054	0.952708	0.511168	-0.855433	0.083316	0.808141	0.511372	0.292242
29441	9.286991	0.866119	2.834867	0.005105	0.018224	-0.021024	-0.291969	-0.083779	0.952751	0.516083	-0.852489	0.083191	0.805240	0.515988	0.292137
29442	9.285955	0.847240	2.808521	-0.004137	0.011255	-0.015542	-0.292084	-0.083702	0.952723	0.516051	-0.852497	0.083313	0.805220	0.515988	0.292195
29443	9.373372	0.828519	2.758847	-0.009065	0.012733	-0.023437	-0.291334	-0.085556	0.952788	0.521472	-0.849203	0.083196	0.801992	0.521090	0.292017
29444	9.413119	0.870711	2.707705	-0.013848	0.006126	-0.022643	-0.291444	-0.085393	0.952769	0.521343	-0.849266	0.083357	0.802036	0.521013	0.292033
29445	9.401309	0.804632	2.716332	-0.015139	0.016239	-0.020357	-0.291134	-0.087066	0.952712	0.525563	-0.846674	0.083229	0.799390	0.524941	0.292254
29446	9.394088	0.839776	2.693168	-0.019282	0.016211	-0.022742	-0.291325	-0.086957	0.952664	0.525392	-0.846766	0.083374	0.799433	0.524811	0.292370
29447	9.352513	0.759775	2.691207	-0.014463	0.010684	-0.019798	-0.290817	-0.088394	0.952687	0.529606	-0.844139	0.083345	0.796833	0.528787	0.292304
29448	9.347227	0.768701	2.751542	0.001251	0.013329	-0.019183	-0.290966	-0.088301	0.952650	0.529611	-0.844119	0.083516	0.796776	0.528834	0.292375
29449	9.298214	0.789969	2.695692	0.005137	0.006107	-0.017282	-0.290445	-0.089620	0.952685	0.533811	-0.841463	0.083586	0.794158	0.532831	0.292239
29450	9.380733	0.758019	2.676720	0.011168	0.003455	-0.010941	-0.290472	-0.089545	0.952684	0.533919	-0.841382	0.083707	0.794076	0.532971	0.292208
29451	9.346802	0.794066	2.780720	0.015691	0.002815	-0.012215	-0.290542	-0.089444	0.952673	0.534036	-0.841290	0.083882	0.793971	0.533133	0.292196
29452	9.351451	0.788372	2.721714	0.025288	0.003903	-0.010062	-0.290567	-0.089379	0.952671	0.534259	-0.841133	0.084036	0.793812	0.533392	0.292157
29453	9.357189	0.844662	2.746097	0.029786	0.009336	-0.013207	-0.290524	-0.089826	0.952642	0.535928	-0.840051	0.084231	0.792702	0.535019	0.292195
29454	9.345369	0.887349	2.781020	0.023946	0.008957	-0.009318	-0.290586	-0.089794	0.952626	0.536143	-0.839900	0.084374	0.792534	0.535262	0.292206
29455	9.374353	0.881994	2.764857	0.020356	0.011293	-0.007002	-0.290320	-0.090884	0.952604	0.539034	-0.838053	0.084324	0.790669	0.537967	0.292293
29456	9.303471	0.917053	2.805979	0.018489	0.007905	-0.009088	-0.290373	-0.090850	0.952591	0.539206	-0.837929	0.084449	0.790532	0.538165	0.292298
29457	9.338838	0.857420	2.786624	0.011888	0.002960	-0.008840	-0.290021	-0.091969	0.952591	0.542280	-0.835949	0.084392	0.788556	0.541046	0.292316
29458	9.308929	0.844468	2.776198	-0.000364	0.005896	-0.007636	-0.290049	-0.091938	0.952585	0.542309	-0.835924	0.084447	0.788526	0.541090	0.292318
29459	9.326165	0.858785	2.766435	0.001673	0.006419	-0.008149	-0.289341	-0.093312	0.952667	0.546686	-0.833069	0.084440	0.785759	0.545241	0.292053
29460	9.338514	0.880705	2.815801	0.008234	0.006304	-0.009935	-0.289384	-0.093263	0.952659	0.546776	-0.833000	0.084543	0.785680	0.545357	0.292051
29461	9.325929	0.881434	2.795506	0.003027	0.012503	-0.009229	-0.288928	-0.094180	0.952707	0.549678	-0.831087	0.084544	0.783820	0.548109	0.291894
29462	9.277228	0.922421	2.767643	-0.000902	0.014661	-0.012676	-0.289052	-0.094155	0.952672	0.549690	-0.831069	0.084646	0.783766	0.548141	0.291978
29463	9.259619	0.930690	2.806876	0.003410	0.011831	-0.012888	-0.288544	-0.095872	0.952655	0.554413	-0.827930	0.084602	0.780621	0.552576	0.292047
29464	9.300800	0.925610	2.812019	-0.000493	0.007917	-0.014461	-0.288625	-0.095796	0.952638	0.554424	-0.827911	0.084723	0.780583	0.552618	0.292067
29465	9.258964	0.933166	2.808215	-0.007301	0.000773	-0.013153	-0.288215	-0.096616	0.952679	0.556974	-0.826198	0.084713	0.778917	0.555034	0.291936
29466	9.323100	0.954437	2.770945	-0.014310	0.002569	-0.011122	-0.288236	-0.096538	0.952681	0.556888	-0.826251	0.084761	0.778971	0.554968	0.291916
29467	9.353367	0.880954	2.783063	-0.019108	0.002022	-0.012201	-0.287753	-0.097273	0.952752	0.559302	-0.824622	0.084731	0.777418	0.557257	0.291693
29468	9.346179	0.894434	2.731000	-0.029600	0.004294	-0.013866	-0.287802	-0.097182	0.952746	0.559090	-0.824763	0.084760	0.777553	0.557065	0.291702
29469	9.340120	0.840474	2.707437	-0.031675	-0.001289	-0.014893	-0.287048	-0.098637	0.952824	0.563606	-0.821687	0.084730	0.774566	0.561339	0.291456
29470	9.324272	0.801137	2.802054	-0.040132	0.001510	-0.017071	-0.287094	-0.098505	0.952824	0.563304	-0.821891	0.084760	0.774768	0.561064	0.291448
29471	9.323790	0.780940	2.774766	-0.039413	0.001015	-0.014969	-0.287388	-0.098112	0.952776	0.562014	-0.822769	0.084797	0.775595	0.559843	0.291595
29472	9.277367	0.815287	2.858126	-0.030890	0.008345	-0.009711	-0.287445	-0.098079	0.952762	0.561805	-0.822914	0.084783	0.775725	0.559637	0.291644
29473	9.265615	0.877157	2.921543	-0.022386	0.015852	-0.017286	-0.287294	-0.098573	0.952757	0.563426	-0.821796	0.084871	0.774605	0.561191	0.291636
29474	9.235605	0.884984	2.940085	-0.021346	0.015700	-0.022254	-0.287479	-0.098478	0.952711	0.563255	-0.821899	0.085005	0.774661	0.561056	0.291747
29475	9.231233	0.846877	3.057667	-0.028972	0.027289	-0.028666	-0.287265	-0.098868	0.952735	0.564992	-0.820687	0.085189	0.773475	0.562759	0.291614
29476	9.278093	0.789002	3.061728	-0.019011	0.027911	-0.042998	-0.287661	-0.098671	0.952636	0.564780	-0.820798	0.085527	0.773482	0.562632	0.291839
29477	9.285093	0.732546	3.173770	-0.002586	0.041226	-0.040582	-0.287250	-0.100322	0.952587	0.569909	-0.817217	0.085789	0.769864	0.567531	0.291920
29478	9.297940	0.601836	3.256002	0.009665	0.049454	-0.042099	-0.287807	-0.100257	0.952426	0.569922	-0.817165	0.086202	0.769647	0.567618	0.292325
29479	9.303201	0.401817	3.174305	0.011693	0.033594	-0.030996	-0.287934	-0.100890	0.952321	0.571816	-0.815813	0.086459	0.768193	0.569447	0.292591
29480	9.426145	0.092008	2.912603	-0.000087	0.012355	-0.016573	-0.288060	-0.100824	0.952290	0.571828	-0.815790	0.086601	0.768137	0.569492	0.292650
29481	9.470654	-0.105446	2.609221	0.011619	0.012773	0.001340	-0.287807	-0.101964	0.952245	0.574359	-0.814028	0.086431	0.766341	0.571806	0.292847
29482	9.479956	-0.181287	2.408684	0.060982	0.007156	0.013333	-0.287722	-0.102113	0.952255	0.574926	-0.813624	0.086466	0.765948	0.572354	0.292804
29483	9.541718	-0.024669	2.314942	0.134688	0.003855	0.014256	-0.286609	-0.104246	0.952359	0.581967	-0.808584	0.086632	0.761032	0.579072	0.292415
29484	9.561548	0.289297	2.298545	0.216855	0.007982	0.020418	-0.286486	-0.104456	0.952373	0.583737	-0.807262	0.087055	0.759721	0.580876	0.292244
29485	9.489865	0.626474	2.502181	0.277619	0.011345	0.028716	-0.286021	-0.105312	0.952419	0.587791	-0.804257	0.087591	0.756765	0.584876	0.291936
29486	9.371963	0.828999	2.677271	0.321244	0.012114	0.035542	-0.285839	-0.105666	0.952434	0.590383	-0.802292	0.088173	0.754814	0.587504	0.291710
29487	9.409959	0.961503	2.903243	0.352910	-0.006079	0.037205	-0.284678	-0.107611	0.952564	0.598002	-0.796568	0.088727	0.749234	0.594894	0.291117
29488	9.470932	1.101764	3.057539	0.369204	-0.010412	0.032293	-0.284341	-0.107803	0.952643	0.600919	-0.794286	0.089477	0.747025	0.597903	0.290629
29489	9.414201	1.250298	3.249878	0.366045	-0.012261	0.031652	-0.283475	-0.109162	0.952746	0.607216	-0.789398	0.090221	0.742247	0.604098	0.290060
29490	9.398255	1.287811	3.308636	0.359818	-0.025595	0.036945	-0.282995	-0.109295	0.952874	0.610050	-0.787132	0.090895	0.740103	0.607024	0.289430
29491	9.365360	1.333649	3.404346	0.343321	-0.028496	0.024729	-0.281777	-0.111298	0.953003	0.617934	-0.780887	0.091509	0.734002	0.614678	0.288810
29492	9.295780	1.355995	3.409123	0.314348	-0.034926	0.022747	-0.281314	-0.111256	0.953144	0.620366	-0.778876	0.092182	0.732126	0.617231	0.288129
29493	9.305775	1.329527	3.539450	0.298063	-0.034817	0.018900	-0.280460	-0.112256	0.953279	0.625474	-0.774708	0.092790	0.728096	0.622275	0.287488
29494	9.356960	1.254891	3.620036	0.290463	-0.047378	0.007280	-0.280004	-0.112013	0.953442	0.627671	-0.772839	0.093537	0.726379	0.624638	0.286706
29495	9.469036	1.165394	3.779174	0.283802	-0.047116	-0.003835	-0.278793	-0.113419	0.953630	0.634592	-0.767074	0.094291	0.720810	0.631454	0.285829
29496	9.510031	1.091295	3.951285	0.303327	-0.036909	-0.006446	-0.278502	-0.113131	0.953749	0.636822	-0.765111	0.095201	0.718954	0.633882	0.285129
29497	9.606165	0.992089	4.235489	0.357333	-0.018344	-0.001859	-0.277307	-0.114758	0.953903	0.644664	-0.758393	0.096171	0.712397	0.641616	0.284288
29498	9.763587	0.991416	4.734994	0.440689	0.024040	0.003879	-0.277386	-0.114936	0.953859	0.647873	-0.755500	0.097369	0.709449	0.644988	0.284029
29499	9.789505	1.027838	5.397674	0.540050	0.127808	0.011503	-0.277566	-0.116940	0.953563	0.655070	-0.749078	0.098817	0.702737	0.652079	0.284522
29500	9.597331	1.085233	5.908633	0.655240	0.259525	-0.003134	-0.279337	-0.118608	0.952839	0.659714	-0.744739	0.100700	0.697673	0.656731	0.286281
29501	9.473717	1.298294	6.288978	0.811002	0.420985	-0.020375	-0.281659	-0.122203	0.951701	0.668454	-0.736551	0.103254	0.688358	0.665251	0.289143
29502	9.297040	1.852573	6.559769	0.997472	0.600522	-0.041966	-0.285983	-0.125901	0.949928	0.675223	-0.729878	0.106545	0.679917	0.671883	0.293744
29503	8.831556	2.543723	6.634103	1.214597	0.757659	-0.098799	-0.290520	-0.132636	0.947632	0.689229	-0.715977	0.111088	0.663748	0.685408	0.299423
29504	8.463983	3.055311	6.544343	1.298775	0.871070	-0.097652	-0.296863	-0.137936	0.944905	0.697550	-0.707095	0.115930	0.652147	0.693534	0.306128
29505	7.748649	4.063863	6.113782	1.459359	0.872197	-0.176126	-0.302556	-0.144955	0.942044	0.711665	-0.691825	0.122113	0.634029	0.707366	0.312475
29506	7.518711	4.784998	5.564574	1.310755	0.705632	-0.253138	-0.308736	-0.148221	0.939528	0.719188	-0.682809	0.128609	0.622456	0.715403	0.317406
29507	7.475512	5.092393	4.682664	1.040273	0.481803	-0.337451	-0.313184	-0.150540	0.937685	0.727797	-0.672345	0.135141	0.610104	0.724768	0.320131
29508	7.927596	4.931704	3.457673	0.452851	0.271264	-0.414464	-0.317789	-0.149713	0.936267	0.729304	-0.669616	0.140467	0.605910	0.727462	0.321983
29509	8.826367	4.440932	2.028440	-0.126455	0.214843	-0.484565	-0.322430	-0.148018	0.934949	0.727479	-0.670699	0.144698	0.605652	0.726810	0.323933
29510	9.526208	3.927584	1.761426	-0.632194	0.273520	-0.534182	-0.327899	-0.146386	0.933302	0.721962	-0.676003	0.147619	0.609306	0.722213	0.327346
29511	10.103679	3.228147	1.308722	-1.027095	0.383418	-0.539509	-0.333697	-0.145198	0.931431	0.714511	-0.683479	0.149437	0.614915	0.715384	0.331821
29512	10.364496	2.402277	0.995810	-1.329436	0.489702	-0.525431	-0.340392	-0.145043	0.929029	0.704574	-0.693626	0.149861	0.622663	0.705582	0.338299
29513	10.054656	1.683187	0.838947	-1.462092	0.569281	-0.489798	-0.346672	-0.145352	0.926656	0.694987	-0.703268	0.149690	0.629930	0.695907	0.344821
29514	9.601624	0.932794	0.765379	-1.481668	0.534622	-0.442993	-0.353053	-0.145886	0.924160	0.684103	-0.714083	0.148621	0.638245	0.684691	0.351911
29515	9.474286	0.699725	0.859807	-1.381019	0.497846	-0.381248	-0.358543	-0.145736	0.922067	0.673684	-0.724149	0.147506	0.646217	0.674070	0.357818
29516	9.282897	0.411016	1.246063	-1.359901	0.422118	-0.314668	-0.363328	-0.146249	0.920111	0.663771	-0.733648	0.145495	0.653760	0.663605	0.363630
29517	9.185327	-0.475935	0.868431	-1.265024	0.334080	-0.207480	-0.366726	-0.145977	0.918805	0.654136	-0.742720	0.143087	0.661527	0.653497	0.367863
29518	9.429836	-1.580646	0.974516	-1.075773	0.337341	-0.131349	-0.369758	-0.147170	0.917398	0.646566	-0.749844	0.140308	0.667257	0.645039	0.372416
29519	9.402160	-2.627466	1.156294	-0.791196	0.378418	-0.050744	-0.372721	-0.147761	0.916104	0.639420	-0.756342	0.138159	0.672474	0.637270	0.376386
29520	9.291897	-3.507988	1.522652	-0.303539	0.445882	0.043178	-0.375381	-0.150906	0.914503	0.637600	-0.758157	0.136613	0.672722	0.634370	0.380816
29521	9.017526	-3.819735	1.967056	0.256555	0.496435	0.126819	-0.378055	-0.154031	0.912879	0.638493	-0.757403	0.136625	0.670374	0.634519	0.384688
29522	8.772040	-3.608322	2.250789	0.838899	0.490995	0.205076	-0.379950	-0.158689	0.911293	0.644923	-0.751686	0.137995	0.663108	0.640145	0.387945
29523	8.629069	-3.161134	2.248163	1.335591	0.563146	0.296620	-0.381692	-0.163833	0.909654	0.654203	-0.743123	0.140664	0.652939	0.648789	0.390824
29524	8.528051	-2.290739	2.382053	1.783532	0.588318	0.341829	-0.383172	-0.170185	0.907864	0.667088	-0.730820	0.144554	0.638884	0.661014	0.393558
29525	8.410025	-1.214776	2.483941	2.111229	0.640190	0.353166	-0.384860	-0.176705	0.905902	0.681393	-0.716438	0.149733	0.622564	0.674901	0.396134
29526	8.257726	-0.092557	2.718572	2.294054	0.700089	0.368005	-0.386558	-0.184065	0.903711	0.696937	-0.700065	0.155524	0.604030	0.689949	0.398897
29527	8.065381	0.956884	3.149411	2.307845	0.771811	0.362284	-0.388493	-0.191931	0.901241	0.712141	-0.683213	0.161480	0.584747	0.704544	0.402106
29528	7.843980	1.748364	3.487981	2.195291	0.827384	0.353455	-0.390652	-0.200175	0.898510	0.726198	-0.666851	0.167170	0.565709	0.717802	0.405874
29529	7.684630	2.480480	3.704861	2.027224	0.875701	0.340761	-0.392927	-0.208742	0.895564	0.738910	-0.651384	0.172368	0.547375	0.729470	0.410188
29530	7.087134	3.434776	3.751625	1.882214	0.911250	0.351487	-0.395160	-0.217671	0.892450	0.750482	-0.636749	0.176994	0.529740	0.739709	0.414976
29531	6.715882	4.637442	3.938927	1.720672	0.846122	0.394197	-0.396518	-0.226410	0.889670	0.761065	-0.623014	0.180650	0.513376	0.748727	0.419348
29532	6.556117	5.416621	4.081858	1.584211	0.683324	0.457384	-0.396416	-0.234343	0.887659	0.770941	-0.609973	0.183257	0.498503	0.756978	0.422468
29533	6.708627	6.053896	4.070678	1.339453	0.447586	0.482862	-0.394806	-0.240622	0.886696	0.779501	-0.598569	0.184644	0.486319	0.764079	0.423884
29534	7.032210	6.588607	3.778358	0.907901	0.296154	0.436996	-0.392760	-0.245457	0.886279	0.785645	-0.590487	0.184627	0.478018	0.768815	0.424762
29535	7.043277	7.416408	4.833265	0.689031	0.215222	0.392524	-0.390630	-0.249384	0.886124	0.790519	-0.584113	0.184096	0.471686	0.772411	0.425315
29536	7.651526	7.799377	7.322809	0.632627	0.192264	0.237226	-0.389597	-0.252218	0.885776	0.794455	-0.578559	0.184690	0.465892	0.775664	0.425781
29537	7.590171	7.799246	11.077336	0.580832	0.263115	0.254747	-0.388742	-0.255699	0.885154	0.798207	-0.573288	0.184948	0.460157	0.778433	0.426962
29538	6.898081	7.176971	13.073441	0.346162	0.249169	0.389392	-0.386716	-0.259832	0.884838	0.801347	-0.569525	0.182987	0.456391	0.779826	0.428460
29539	5.725551	6.614583	11.744732	-0.021474	-0.102628	0.626825	-0.381197	-0.262580	0.886420	0.803719	-0.567950	0.177391	0.456863	0.780054	0.427541
29540	6.125970	4.753785	6.977970	-0.683996	-0.673869	0.818327	-0.371461	-0.261956	0.890728	0.803690	-0.571070	0.167216	0.464864	0.777983	0.422662
29541	8.431490	2.833985	2.844678	-1.275323	-1.005269	0.827630	-0.360076	-0.258912	0.896275	0.800761	-0.578708	0.154530	0.478672	0.773345	0.415705
29542	9.826414	2.606339	0.279274	-1.741847	-0.919729	0.518354	-0.351406	-0.254832	0.900874	0.794163	-0.590718	0.142683	0.495802	0.765580	0.409960
29543	9.767137	2.836779	-0.078392	-1.982103	-0.650269	0.066627	-0.347592	-0.250277	0.903627	0.784467	-0.605511	0.134047	0.513607	0.755459	0.406805
29544	9.032090	1.115669	1.460669	-1.915012	-0.404098	-0.149221	-0.346589	-0.246301	0.905103	0.774004	-0.620187	0.127620	0.529900	0.744785	0.405588
29545	8.715140	-1.252775	3.388502	-1.508186	-0.337028	-0.007741	-0.344828	-0.243745	0.906467	0.765982	-0.631248	0.121646	0.542555	0.736284	0.404376
29546	8.760286	-2.960530	3.968224	-0.935384	-0.456053	0.327642	-0.339772	-0.242447	0.908721	0.762036	-0.637258	0.114906	0.551231	0.731520	0.401276
29547	9.372742	-3.843539	3.443157	-0.364355	-0.710174	0.596753	-0.331272	-0.241048	0.912225	0.762105	-0.638370	0.108072	0.556287	0.731013	0.395178
29548	10.724086	-3.313647	2.643607	0.048407	-0.843877	0.721005	-0.321005	-0.239435	0.916312	0.764775	-0.636225	0.101671	0.558637	0.733409	0.387345
29549	11.403631	-1.031251	1.504147	0.287291	-0.682986	0.713122	-0.311692	-0.238920	0.919655	0.768707	-0.632316	0.096261	0.558514	0.736949	0.380747
29550	10.809544	1.373494	1.316009	0.415513	-0.434699	0.678322	-0.303980	-0.239951	0.921965	0.773160	-0.627563	0.091588	0.556615	0.740667	0.376287
29551	9.676820	2.536841	2.189719	0.304695	-0.408688	0.634893	-0.296749	-0.240866	0.924080	0.776836	-0.623678	0.086900	0.555397	0.743646	0.372189
29552	9.622916	2.466037	2.207302	-0.004236	-0.498464	0.568276	-0.289499	-0.240666	0.926429	0.778526	-0.622282	0.081625	0.556855	0.744879	0.367515
29553	9.964223	1.395005	2.155515	-0.274777	-0.539264	0.518222	-0.282412	-0.239848	0.928825	0.778558	-0.622972	0.075855	0.560438	0.744566	0.362671
29554	10.124664	-0.002896	2.033227	-0.418024	-0.598352	0.483318	-0.275224	-0.238382	0.931357	0.777600	-0.624867	0.069853	0.565322	0.743448	0.357344
29555	10.497206	-0.854342	1.485087	-0.430282	-0.638341	0.458847	-0.267991	-0.236478	0.933948	0.776493	-0.626858	0.064088	0.570298	0.742379	0.351616
29556	10.544914	-1.201855	1.274231	-0.346553	-0.620006	0.464680	-0.260775	-0.234764	0.936420	0.775786	-0.628276	0.058531	0.574589	0.741725	0.345965
29557	10.037201	-1.400667	1.696157	-0.157727	-0.605187	0.491458	-0.253424	-0.233322	0.938796	0.776231	-0.628181	0.053417	0.577270	0.742260	0.340308
29558	9.779135	-0.981826	2.247236	0.043107	-0.625638	0.551676	-0.245461	-0.232103	0.941210	0.777905	-0.626518	0.048373	0.578457	0.744046	0.334340
29559	9.649247	-0.264227	2.785930	0.188892	-0.591510	0.591337	-0.237374	-0.231347	0.943468	0.780512	-0.623628	0.043455	0.578320	0.746704	0.328602
29560	9.089639	0.393901	3.620652	0.221981	-0.542887	0.589558	-0.229566	-0.230923	0.945502	0.783219	-0.620546	0.038606	0.577812	0.749398	0.323319
29561	8.895019	0.662190	3.779325	0.144934	-0.538238	0.564161	-0.221972	-0.230332	0.947457	0.785416	-0.618047	0.033758	0.577798	0.751641	0.318096
29562	8.909034	0.800928	3.711597	0.001631	-0.520339	0.527690	-0.214754	-0.229645	0.949286	0.786625	-0.616762	0.028753	0.578880	0.752907	0.313097
29563	8.925859	0.731942	3.589542	-0.175321	-0.485768	0.463927	-0.208230	-0.228804	0.950941	0.786673	-0.616910	0.023826	0.581193	0.753041	0.308453
29564	8.939481	0.431258	3.388860	-0.390352	-0.469818	0.388071	-0.202380	-0.227637	0.952483	0.785241	-0.618901	0.018932	0.585183	0.751760	0.304002
29565	8.886158	-0.066566	3.077223	-0.482607	-0.496953	0.302789	-0.197030	-0.225739	0.954055	0.783095	-0.621731	0.014616	0.589866	0.749995	0.299275
29566	9.105821	-0.423012	2.813496	-0.546090	-0.526704	0.255387	-0.191852	-0.223357	0.955670	0.780403	-0.625188	0.010550	0.595117	0.747832	0.294252
29567	9.329672	-0.742244	2.730644	-0.580619	-0.547361	0.217212	-0.186832	-0.220588	0.957306	0.777427	-0.628937	0.006802	0.600584	0.745506	0.288997
29568	9.561417	-1.178286	2.563002	-0.574073	-0.548381	0.198714	-0.181920	-0.217730	0.958905	0.774378	-0.632715	0.003247	0.606007	0.743145	0.283709
29569	9.709615	-1.494542	2.451800	-0.543338	-0.548444	0.206675	-0.176926	-0.214928	0.960470	0.771523	-0.636202	-0.000245	0.611105	0.740981	0.278383
29570	9.879186	-1.666787	2.139804	-0.478567	-0.541131	0.231545	-0.171761	-0.212371	0.961975	0.769039	-0.639190	-0.003798	0.615692	0.739145	0.273110
29571	9.928596	-1.447144	1.748344	-0.393195	-0.542751	0.241295	-0.166493	-0.209864	0.963451	0.767095	-0.641493	-0.007172	0.619552	0.737864	0.267790
29572	9.788223	-1.182627	1.640060	-0.310633	-0.529358	0.252025	-0.161211	-0.207550	0.964849	0.765627	-0.643200	-0.010435	0.622757	0.737032	0.262597
29573	9.591630	-1.000045	1.920248	-0.225792	-0.543984	0.249920	-0.155837	-0.205105	0.966254	0.764688	-0.644261	-0.013428	0.625274	0.736790	0.257241
29574	9.478353	-0.977060	2.395293	-0.182081	-0.566874	0.250072	-0.150312	-0.202511	0.967675	0.763979	-0.645035	-0.016319	0.627489	0.736830	0.251671
29575	9.489834	-1.170781	2.696443	-0.146675	-0.575276	0.251723	-0.144705	-0.199851	0.969082	0.763499	-0.645526	-0.019118	0.629389	0.737127	0.245997
29576	9.432297	-1.002271	2.730148	-0.097866	-0.552382	0.266292	-0.139129	-0.197467	0.970386	0.763309	-0.645661	-0.021949	0.630875	0.737651	0.240558
29577	9.325142	-0.629371	2.699509	-0.070393	-0.533393	0.275538	-0.133587	-0.195266	0.971610	0.763306	-0.645562	-0.024793	0.632075	0.738323	0.235286
29578	9.215616	-0.192854	2.758055	-0.085624	-0.527346	0.255811	-0.128234	-0.192993	0.972784	0.763147	-0.645640	-0.027491	0.633374	0.738853	0.230075
29579	9.072998	0.126630	2.820293	-0.144631	-0.530820	0.218021	-0.123135	-0.190436	0.973947	0.762568	-0.646215	-0.029945	0.635082	0.739013	0.224792
29580	9.081482	0.297216	2.853310	-0.215520	-0.541675	0.174513	-0.118295	-0.187534	0.975109	0.761456	-0.647420	-0.032136	0.637332	0.738701	0.219385
29581	9.193826	0.306425	2.826458	-0.298992	-0.549733	0.137367	-0.113672	-0.184325	0.976270	0.759769	-0.649297	-0.034127	0.640179	0.737860	0.213851
29582	9.187048	0.283649	2.880616	-0.366755	-0.554300	0.112866	-0.109194	-0.180943	0.977413	0.757590	-0.651737	-0.036017	0.643533	0.736545	0.208247
29583	9.023079	0.155002	3.047833	-0.423556	-0.555257	0.096693	-0.104815	-0.177451	0.978532	0.755024	-0.654604	-0.037834	0.647265	0.734850	0.202592
29584	8.911325	-0.156697	3.158252	-0.469697	-0.562522	0.085024	-0.100458	-0.173852	0.979635	0.752111	-0.657845	-0.039619	0.651335	0.732814	0.196841
29585	8.909592	-0.388839	3.068110	-0.495691	-0.566227	0.077544	-0.096115	-0.170184	0.980714	0.749012	-0.661265	-0.041343	0.655548	0.730593	0.191027
29586	9.002909	-0.504224	2.963535	-0.501599	-0.581441	0.060755	-0.091772	-0.166318	0.981792	0.745820	-0.664765	-0.042898	0.659796	0.728303	0.185050
29587	9.041858	-0.505558	2.861997	-0.484478	-0.585511	0.054409	-0.087433	-0.162390	0.982845	0.742724	-0.668130	-0.044319	0.663865	0.726107	0.179028
29588	9.058295	-0.523521	2.806246	-0.483712	-0.591461	0.039339	-0.083139	-0.158338	0.983879	0.739586	-0.671517	-0.045573	0.667908	0.723874	0.172934
29589	9.121304	-0.525705	2.866701	-0.467545	-0.602616	0.032762	-0.078804	-0.154175	0.984896	0.736540	-0.674781	-0.046698	0.671788	0.721735	0.166731
29590	9.051439	-0.713140	3.058878	-0.436659	-0.589291	0.033225	-0.074525	-0.150126	0.985854	0.733674	-0.677822	-0.047757	0.675403	0.719736	0.160658
29591	8.891697	-0.956049	3.443988	-0.382545	-0.577104	0.050245	-0.070196	-0.146295	0.986747	0.731176	-0.680437	-0.048867	0.678568	0.718055	0.154731
29592	8.770223	-0.999659	3.711975	-0.318799	-0.576187	0.074837	-0.065667	-0.142645	0.987593	0.729109	-0.682561	-0.050107	0.681240	0.716773	0.148825
29593	8.841488	-0.671977	3.619400	-0.274780	-0.598849	0.102027	-0.060786	-0.139038	0.988420	0.727347	-0.684332	-0.051532	0.683572	0.715792	0.142727
29594	8.938876	-0.305809	3.413155	-0.283739	-0.626434	0.110761	-0.055626	-0.135290	0.989243	0.725519	-0.686155	-0.053042	0.685950	0.714764	0.136323
29595	9.031297	-0.056347	3.332056	-0.340212	-0.667948	0.098656	-0.050274	-0.131190	0.990082	0.723277	-0.688405	-0.054491	0.688726	0.713364	0.129496
29596	9.189638	0.024409	2.786094	-0.471617	-0.691316	0.083743	-0.044830	-0.126818	0.990912	0.720110	-0.691602	-0.055934	0.692410	0.711059	0.122328
29597	9.036303	-0.169861	2.385509	-0.608818	-0.723901	0.064403	-0.039296	-0.122127	0.991736	0.715951	-0.695794	-0.057315	0.697044	0.707782	0.114779
29598	9.139881	-0.373657	1.953139	-0.715758	-0.800027	0.039940	-0.033347	-0.116734	0.992603	0.711008	-0.700745	-0.058523	0.702393	0.703797	0.106367
29599	9.520777	-0.509522	1.432991	-0.807535	-0.872651	0.018229	-0.027023	-0.110742	0.993482	0.705360	-0.706344	-0.059549	0.708334	0.699153	0.097201
29600	9.764532	-0.565917	1.046318	-0.849016	-0.900744	0.012683	-0.020460	-0.104533	0.994311	0.699374	-0.712192	-0.060482	0.714463	0.694158	0.087679
29601	9.765307	-0.760198	0.851076	-0.879408	-0.941247	0.014604	-0.013564	-0.098132	0.995081	0.693109	-0.718215	-0.061380	0.720705	0.688867	0.077758
29602	9.915333	-1.177977	0.660735	-0.908346	-1.009660	-0.001420	-0.006198	-0.091170	0.995816	0.686585	-0.724397	-0.062047	0.727023	0.683328	0.067086
29603	9.793177	-1.751582	0.352098	-0.933693	-1.168563	0.007096	0.002425	-0.083276	0.996524	0.679809	-0.730703	-0.062716	0.733385	0.677598	0.054840
29604	10.815584	-2.048348	0.175127	-0.860226	-1.261386	0.050800	0.012122	-0.075112	0.997101	0.673524	-0.736419	-0.063663	0.739066	0.672343	0.041662
29605	11.554010	-1.693451	0.104998	-0.691950	-1.052690	0.086196	0.020550	-0.068702	0.997426	0.668416	-0.740959	-0.064808	0.743503	0.668027	0.030695
29606	10.659963	-1.607078	0.488892	-0.540286	-0.923446	0.139121	0.028426	-0.063560	0.997573	0.664408	-0.744418	-0.066363	0.746829	0.664682	0.021069
29607	10.042358	-2.240650	1.105965	-0.387371	-0.962268	0.122753	0.036486	-0.058102	0.997644	0.661502	-0.746882	-0.067691	0.749055	0.662413	0.011184
29608	10.514709	-2.588807	1.606423	-0.172534	-1.050056	0.090471	0.045021	-0.051805	0.997642	0.660224	-0.747927	-0.068632	0.749718	0.661757	0.000531
29609	12.182282	-1.931443	1.689742	0.044589	-1.035049	0.114690	0.053585	-0.045830	0.997511	0.660520	-0.747554	-0.069829	0.748894	0.662618	-0.009786
29610	13.023363	0.032856	2.115138	0.218541	-0.793820	0.177278	0.060762	-0.041865	0.997274	0.662105	-0.745978	-0.071657	0.746944	0.664654	-0.017609
29611	12.148049	2.069399	2.797635	0.155043	-0.540952	0.145444	0.065811	-0.039378	0.997055	0.663185	-0.744868	-0.073192	0.745557	0.666049	-0.022905
29612	11.056790	3.116687	3.663063	-0.075271	-0.535531	-0.035624	0.069635	-0.035525	0.996940	0.662699	-0.745335	-0.072848	0.745642	0.665743	-0.028359
29613	10.901762	2.686548	4.290888	-0.312329	-0.446264	-0.295567	0.071042	-0.030381	0.997011	0.660604	-0.747478	-0.069849	0.747365	0.663592	-0.033032
29614	11.079206	1.968176	4.640202	-0.488033	-0.227740	-0.477417	0.069668	-0.025277	0.997250	0.657336	-0.750793	-0.064952	0.750370	0.660054	-0.035691
29615	11.037611	1.823498	4.579423	-0.536685	-0.113448	-0.606033	0.066561	-0.020004	0.997582	0.653753	-0.754424	-0.058748	0.753775	0.656082	-0.037138
29616	10.838933	1.663710	4.367848	-0.545139	0.058440	-0.691616	0.061678	-0.015136	0.997981	0.650129	-0.758065	-0.051677	0.757317	0.652004	-0.036916
29617	10.142194	1.890567	4.361091	-0.508238	0.246200	-0.754540	0.054912	-0.011046	0.998430	0.646757	-0.761426	-0.043995	0.760717	0.648158	-0.034667
29618	8.451589	2.016023	3.910843	-0.493800	0.334814	-0.803224	0.047246	-0.007062	0.998858	0.643455	-0.764644	-0.035841	0.764024	0.644414	-0.031582
29619	8.264032	2.324242	3.640292	-0.546508	0.275196	-0.844121	0.039702	-0.002410	0.999209	0.639690	-0.768149	-0.027270	0.767607	0.640267	-0.028955
29620	8.707880	2.518202	3.353625	-0.620067	0.313482	-0.917513	0.031508	0.002675	0.999500	0.635298	-0.772058	-0.017961	0.771624	0.635546	-0.026026
29621	9.067488	2.482367	3.359999	-0.721123	0.451473	-0.992501	0.021698	0.007449	0.999737	0.630044	-0.776520	-0.007889	0.776256	0.630049	-0.021543
29622	9.084481	2.238624	3.224517	-0.903807	0.580610	-1.035981	0.010751	0.011902	0.999871	0.623224	-0.782039	0.002608	0.781969	0.623116	-0.015826
29623	9.518277	1.593172	2.833381	-1.071581	0.670940	-1.045441	-0.001041	0.015901	0.999873	0.614932	-0.788470	0.013179	0.788579	0.614868	-0.008957
29624	10.726541	0.886717	2.495938	-1.187768	0.834291	-0.968705	-0.013493	0.018498	0.999738	0.605508	-0.795510	0.022891	0.795725	0.605658	-0.000467
29625	11.091781	0.170232	2.016690	-1.239173	1.107795	-0.893596	-0.027773	0.018918	0.999435	0.595494	-0.802732	0.031743	0.802879	0.596039	0.011029
29626	11.517451	-0.205710	1.577501	-1.219639	1.245914	-0.814853	-0.042561	0.018136	0.998929	0.585431	-0.809752	0.039645	0.809604	0.586492	0.023847
29627	12.029105	-0.823407	1.229236	-1.143332	1.303100	-0.726814	-0.057432	0.016389	0.998215	0.575849	-0.816231	0.046533	0.815536	0.577493	0.037440
29628	11.958995	-1.226028	0.714226	-0.980964	1.487257	-0.560503	-0.072731	0.012461	0.997274	0.567520	-0.821737	0.051657	0.820141	0.569730	0.052694
29629	11.809445	-1.302181	0.229193	-0.791261	1.472851	-0.426719	-0.087299	0.007555	0.996154	0.560739	-0.826137	0.055406	0.823378	0.563419	0.067885
29630	11.912394	-1.174633	-0.254863	-0.594008	1.455061	-0.353957	-0.101201	0.002333	0.994863	0.555569	-0.829413	0.058459	0.825289	0.558631	0.082641
29631	11.687522	-0.900825	-0.543204	-0.470348	1.476154	-0.313762	-0.115176	-0.003359	0.993339	0.551398	-0.832000	0.061120	0.826254	0.554765	0.097678
29632	11.020935	-0.400625	-0.681213	-0.420165	1.432114	-0.278853	-0.128476	-0.008944	0.991672	0.547646	-0.834302	0.063426	0.826787	0.551234	0.112086
29633	11.139392	-0.387733	-0.563520	-0.338552	1.267032	-0.218668	-0.140187	-0.014161	0.990024	0.544600	-0.836161	0.065155	0.826897	0.548301	0.124931
29634	10.998658	-0.405653	-1.164146	-0.185820	1.225805	-0.118915	-0.150897	-0.019867	0.988350	0.542953	-0.837160	0.066068	0.826094	0.546597	0.137111
29635	11.644346	-0.853504	-0.802683	0.024906	1.194064	-0.050508	-0.161054	-0.026044	0.986602	0.543124	-0.837010	0.066564	0.824062	0.546567	0.148949
29636	12.679060	-1.435555	-0.120460	0.247336	1.294105	0.005127	-0.171599	-0.033161	0.984609	0.545228	-0.835616	0.066880	0.820537	0.548313	0.161471
29637	13.416215	-1.972991	0.151947	0.433472	1.448270	0.148477	-0.182654	-0.042434	0.982261	0.549071	-0.833157	0.066109	0.815572	0.551406	0.175479
29638	13.237671	-2.399641	-0.119879	0.718880	1.653510	0.282711	-0.194452	-0.053934	0.979428	0.555504	-0.828998	0.064638	0.808458	0.556645	0.191161
29639	12.251145	-2.220701	-0.029846	1.080002	1.775281	0.307296	-0.207005	-0.066490	0.976078	0.564819	-0.822750	0.063741	0.798830	0.564502	0.207869
29640	11.159836	-1.353012	0.077304	1.390654	1.825258	0.255048	-0.219956	-0.078963	0.972309	0.576451	-0.814602	0.064250	0.786971	0.574621	0.224695
29641	10.255296	-0.240625	0.112351	1.621210	1.825186	0.181312	-0.233136	-0.091085	0.968169	0.589517	-0.805037	0.066219	0.773380	0.586190	0.241379
29642	9.922239	0.494079	0.138804	1.623528	1.773902	0.094594	-0.246102	-0.102327	0.963827	0.602247	-0.795292	0.069343	0.759429	0.597528	0.257350
29643	10.169473	0.886460	-0.257895	1.528016	1.771259	0.020214	-0.259301	-0.113211	0.959138	0.613804	-0.786061	0.073158	0.745659	0.607693	0.273316
29644	9.633677	0.814144	-0.115469	1.430060	1.866146	-0.041940	-0.273282	-0.124293	0.953870	0.624316	-0.777310	0.077579	0.731810	0.616718	0.290023
29645	9.109151	0.739770	-0.465693	1.283099	1.885115	-0.117729	-0.287679	-0.135117	0.948148	0.633302	-0.769496	0.082493	0.718449	0.624195	0.306938
29646	8.336324	0.658540	-0.388716	1.281739	1.903096	-0.162519	-0.302194	-0.145804	0.942030	0.642001	-0.761630	0.088065	0.704638	0.631397	0.323766
29647	7.672681	0.573121	-0.395841	1.264938	1.822493	-0.244762	-0.316471	-0.155546	0.935762	0.650086	-0.753958	0.094531	0.690821	0.638242	0.339725
29648	7.591220	0.535470	-0.710043	1.223324	1.761140	-0.332692	-0.330630	-0.164329	0.929344	0.657433	-0.746594	0.101879	0.677100	0.644666	0.354882
29649	7.367896	0.491546	-0.555194	1.253388	1.721424	-0.396073	-0.344757	-0.172557	0.922695	0.664515	-0.739125	0.110064	0.662995	0.651090	0.369485
29650	7.308842	0.551691	-0.384295	1.278712	1.649954	-0.439199	-0.358451	-0.180104	0.916011	0.671412	-0.731482	0.118913	0.648628	0.657645	0.383125
29651	7.280328	0.864935	-0.176068	1.244866	1.598630	-0.463223	-0.371799	-0.187302	0.909221	0.677731	-0.724088	0.127973	0.634387	0.663788	0.396156
29652	7.112346	1.176183	0.073872	1.186154	1.549284	-0.451370	-0.384532	-0.194357	0.902419	0.683520	-0.716991	0.136836	0.620431	0.669440	0.408553
29653	6.918104	1.475154	0.526659	1.099202	1.475642	-0.424178	-0.396462	-0.201243	0.895723	0.688640	-0.710418	0.145194	0.607118	0.674394	0.420238
29654	6.645048	1.774958	0.882893	0.973200	1.373766	-0.395362	-0.407392	-0.207717	0.889317	0.692953	-0.704591	0.152868	0.594851	0.678532	0.430983
29655	6.309648	1.986593	1.171779	0.865800	1.218457	-0.368869	-0.417095	-0.213409	0.883453	0.696571	-0.699442	0.159905	0.583799	0.682083	0.440388
29656	6.232186	1.941181	1.334904	0.753231	1.050840	-0.342138	-0.425510	-0.218185	0.878258	0.699542	-0.694978	0.166271	0.574092	0.685128	0.448350
29657	6.254953	1.739576	1.685907	0.639493	0.869610	-0.320502	-0.432670	-0.221921	0.873812	0.701855	-0.691249	0.171970	0.565858	0.687696	0.454839
29658	6.235869	1.515485	1.970012	0.530220	0.693978	-0.303169	-0.438648	-0.224587	0.870143	0.703568	-0.688220	0.177044	0.559088	0.689865	0.459899
29659	7.496388	1.042392	2.301860	0.452795	0.582003	-0.356537	-0.444351	-0.226144	0.866840	0.704560	-0.685845	0.182240	0.553306	0.691719	0.464088
29660	7.402312	1.026048	2.377316	0.497992	0.722115	-0.344623	-0.450697	-0.228763	0.862867	0.705807	-0.683126	0.187551	0.546542	0.693546	0.469345
29661	7.301374	0.885387	2.528111	0.705364	0.657947	-0.318802	-0.456474	-0.231148	0.859187	0.708236	-0.678903	0.193629	0.538547	0.696894	0.473609
29662	7.424996	1.182248	3.561603	1.131118	0.572907	-0.229235	-0.461104	-0.233587	0.856049	0.713266	-0.671462	0.200975	0.527860	0.703261	0.476223
29663	7.818083	1.972178	5.342306	1.517592	0.549860	-0.188878	-0.465274	-0.236199	0.853071	0.720346	-0.661113	0.209835	0.514414	0.712137	0.477744
