// General information: 
//  MT Manager version: 2022.2.0 
//  XDA version: 2022.2.0 build 7381 rev 124627 built on 2023-07-19
// Device information: 
//  DeviceId: 00B4CBA7
//  ProductCode: MTW2-3A7G6
//  Firmware Version: 4.6.0
//  Hardware Version: 2.0.0
// Device settings: 
//  Filter Profile: human(46.1)
//  Option Flags: Orientation Smoother Disabled, Position/Velocity Smoother Disabled, Continuous Zero Rotation Update Disabled, AHS Disabled, ICC Disabled
// Coordinate system: ENU
PacketCounter	Acc_X	Acc_Y	Acc_Z	Gyr_X	Gyr_Y	Gyr_Z	Mat[1][1]	Mat[2][1]	Mat[3][1]	Mat[1][2]	Mat[2][2]	Mat[3][2]	Mat[1][3]	Mat[2][3]	Mat[3][3]
47875	9.253908	1.777190	-2.851296	-0.006366	0.007934	0.012944	-0.247111	-0.227907	0.941804	-0.217031	0.960271	0.175432	-0.944369	-0.161050	-0.286757
47876	9.222229	1.733998	-2.837614	-0.006058	0.010963	0.011402	-0.247012	-0.227814	0.941852	-0.216966	0.960297	0.175374	-0.944410	-0.161031	-0.286633
47877	9.214473	1.694312	-2.799035	-0.005743	0.012760	0.008950	-0.246966	-0.227727	0.941885	-0.216887	0.960325	0.175317	-0.944440	-0.160986	-0.286559
47878	9.218777	1.723814	-2.781702	-0.008089	0.006520	0.009844	-0.246906	-0.227656	0.941918	-0.216807	0.960350	0.175279	-0.944475	-0.160937	-0.286473
47879	9.214976	1.707174	-2.750385	-0.011895	0.010512	0.012471	-0.247025	-0.227435	0.941941	-0.216381	0.960467	0.175162	-0.944541	-0.160549	-0.286472
47880	9.211504	1.676407	-2.765729	-0.015652	0.005886	0.008722	-0.246968	-0.227375	0.941970	-0.216233	0.960502	0.175156	-0.944590	-0.160427	-0.286379
47881	9.211605	1.683154	-2.741685	-0.007920	0.004956	0.006796	-0.247040	-0.227323	0.941964	-0.216227	0.960515	0.175092	-0.944573	-0.160423	-0.286439
47882	9.183645	1.663588	-2.735677	-0.006166	0.000214	0.005342	-0.247030	-0.227305	0.941971	-0.216176	0.960526	0.175091	-0.944587	-0.160379	-0.286416
47883	9.187626	1.693513	-2.719149	-0.007899	0.001263	0.004063	-0.247094	-0.227313	0.941952	-0.216248	0.960515	0.175067	-0.944554	-0.160437	-0.286493
47884	9.211727	1.689565	-2.717772	-0.010088	-0.004078	0.003729	-0.247121	-0.227318	0.941944	-0.216164	0.960529	0.175092	-0.944566	-0.160345	-0.286505
47885	9.207744	1.659442	-2.734427	-0.004081	-0.005191	-0.000387	-0.247231	-0.227337	0.941910	-0.216087	0.960542	0.175116	-0.944555	-0.160241	-0.286600
47886	9.207667	1.652518	-2.758499	-0.000428	-0.011313	-0.002701	-0.247313	-0.227415	0.941870	-0.216110	0.960526	0.175174	-0.944528	-0.160225	-0.286697
47887	9.211415	1.675594	-2.766519	-0.002809	-0.011399	0.002747	-0.247458	-0.227443	0.941825	-0.216125	0.960523	0.175173	-0.944486	-0.160204	-0.286845
47888	9.218998	1.728832	-2.758368	0.001318	-0.014824	-0.003245	-0.247572	-0.227532	0.941774	-0.216167	0.960503	0.175231	-0.944447	-0.160198	-0.286978
47889	9.246884	1.741192	-2.788574	0.001621	-0.010564	-0.003874	-0.247686	-0.227538	0.941742	-0.215863	0.960557	0.175311	-0.944487	-0.159865	-0.287034
47890	9.226637	1.761121	-2.821449	0.001152	-0.014492	-0.001107	-0.247802	-0.227606	0.941695	-0.215896	0.960542	0.175349	-0.944449	-0.159857	-0.287163
47891	9.222321	1.731171	-2.839041	-0.004367	-0.013144	-0.002490	-0.247920	-0.227719	0.941637	-0.216019	0.960504	0.175407	-0.944390	-0.159924	-0.287320
47892	9.198006	1.728045	-2.864913	0.001144	-0.013260	-0.000196	-0.248026	-0.227776	0.941595	-0.216050	0.960492	0.175437	-0.944355	-0.159919	-0.287438
47893	9.225607	1.754636	-2.848271	-0.002008	-0.009366	-0.005204	-0.248094	-0.227876	0.941553	-0.216033	0.960478	0.175532	-0.944341	-0.159858	-0.287517
47894	9.221374	1.724866	-2.865463	-0.006273	-0.010533	-0.000719	-0.248173	-0.227933	0.941518	-0.215996	0.960476	0.175589	-0.944328	-0.159788	-0.287597
47895	9.221062	1.725186	-2.866275	-0.000123	-0.008284	-0.004242	-0.248188	-0.228052	0.941486	-0.216057	0.960444	0.175689	-0.944310	-0.159811	-0.287643
47896	9.244546	1.735820	-2.819067	0.005390	-0.008400	-0.001949	-0.248244	-0.228118	0.941455	-0.216133	0.960421	0.175723	-0.944278	-0.159858	-0.287722
47897	9.191933	1.727707	-2.792143	0.005706	-0.006603	-0.004401	-0.248356	-0.228148	0.941418	-0.216041	0.960434	0.175763	-0.944270	-0.159734	-0.287819
47898	9.223843	1.770226	-2.805512	-0.000129	-0.007053	-0.003330	-0.248396	-0.228225	0.941389	-0.216069	0.960416	0.175826	-0.944253	-0.159730	-0.287876
47899	9.219350	1.754746	-2.775887	-0.005953	-0.009966	-0.004080	-0.248489	-0.228309	0.941344	-0.216012	0.960413	0.175913	-0.944241	-0.159629	-0.287970
47900	9.194898	1.759100	-2.778113	-0.006106	-0.012096	-0.003765	-0.248577	-0.228398	0.941299	-0.215983	0.960404	0.175997	-0.944225	-0.159556	-0.288064
47901	9.210462	1.709679	-2.763917	-0.004366	-0.014375	-0.003399	-0.248739	-0.228425	0.941250	-0.215730	0.960447	0.176074	-0.944240	-0.159259	-0.288178
47902	9.214097	1.733119	-2.772017	-0.004220	-0.011014	-0.002803	-0.248818	-0.228503	0.941210	-0.215717	0.960437	0.176144	-0.944222	-0.159207	-0.288266
47903	9.217967	1.742244	-2.826962	-0.000736	-0.016803	-0.002982	-0.249035	-0.228580	0.941134	-0.215776	0.960420	0.176167	-0.944152	-0.159203	-0.288500
47904	9.189324	1.723318	-2.822807	0.007148	-0.015601	-0.005231	-0.249152	-0.228689	0.941076	-0.215877	0.960386	0.176227	-0.944098	-0.159249	-0.288650
47905	9.217129	1.728494	-2.876913	0.006837	-0.018630	-0.003690	-0.249374	-0.228716	0.941011	-0.215725	0.960413	0.176263	-0.944074	-0.159044	-0.288842
47906	9.224790	1.767426	-2.915972	0.008713	-0.015086	-0.000906	-0.249496	-0.228782	0.940962	-0.215830	0.960387	0.176278	-0.944018	-0.159107	-0.288991
47907	9.224221	1.774548	-2.894048	0.009184	-0.012390	-0.004585	-0.249669	-0.228823	0.940907	-0.215795	0.960391	0.176300	-0.943980	-0.159027	-0.289158
47908	9.228126	1.783411	-2.948849	0.005385	-0.008399	-0.001952	-0.249725	-0.228889	0.940876	-0.215871	0.960368	0.176335	-0.943948	-0.159072	-0.289238
47909	9.203850	1.787263	-2.950732	0.003793	-0.002760	-0.001722	-0.249738	-0.229011	0.940843	-0.216195	0.960290	0.176358	-0.943870	-0.159362	-0.289332
47910	9.227564	1.797865	-2.903072	-0.003928	-0.004293	-0.001607	-0.249756	-0.229067	0.940824	-0.216181	0.960283	0.176416	-0.943868	-0.159328	-0.289356
47911	9.219305	1.759356	-2.865713	-0.009142	0.001312	-0.003614	-0.249739	-0.229131	0.940813	-0.216085	0.960287	0.176514	-0.943895	-0.159213	-0.289333
47912	9.219326	1.759759	-2.865398	-0.009466	0.001976	0.000660	-0.249703	-0.229155	0.940817	-0.216013	0.960293	0.176566	-0.943921	-0.159140	-0.289289
47913	9.186983	1.732162	-2.805639	-0.013085	0.000711	-0.002488	-0.249716	-0.229212	0.940799	-0.215936	0.960296	0.176646	-0.943935	-0.159041	-0.289296
47914	9.206919	1.712901	-2.773710	-0.011354	0.000894	-0.000301	-0.249688	-0.229247	0.940798	-0.215850	0.960303	0.176713	-0.943962	-0.158948	-0.289259
47915	9.202975	1.683083	-2.789962	-0.005668	-0.002014	-0.001973	-0.249786	-0.229342	0.940749	-0.216107	0.960245	0.176715	-0.943878	-0.159161	-0.289418
47916	9.182522	1.724589	-2.751845	-0.005812	-0.006605	-0.003481	-0.249822	-0.229420	0.940721	-0.216081	0.960236	0.176796	-0.943874	-0.159104	-0.289461
47917	9.206291	1.728231	-2.727650	-0.002036	-0.004442	-0.001558	-0.249896	-0.229460	0.940691	-0.216053	0.960235	0.176832	-0.943861	-0.159049	-0.289535
47918	9.182136	1.718123	-2.776452	-0.000431	-0.013773	-0.004524	-0.249998	-0.229558	0.940640	-0.216080	0.960215	0.176907	-0.943827	-0.159027	-0.289655
47919	9.177578	1.702804	-2.747136	0.000191	-0.008946	-0.008517	-0.250068	-0.229724	0.940581	-0.216265	0.960155	0.177007	-0.943767	-0.159151	-0.289785
47920	9.205225	1.722567	-2.754044	-0.000742	-0.016802	-0.002983	-0.250202	-0.229813	0.940524	-0.216285	0.960139	0.177069	-0.943727	-0.159119	-0.289934
47921	9.208783	1.738973	-2.785976	0.003521	-0.016863	-0.008385	-0.250363	-0.229964	0.940444	-0.216411	0.960095	0.177156	-0.943655	-0.159169	-0.290139
47922	9.188195	1.759268	-2.819295	0.003206	-0.018661	-0.005932	-0.250508	-0.230084	0.940376	-0.216476	0.960066	0.177234	-0.943601	-0.159171	-0.290312
47923	9.211379	1.770310	-2.773246	0.001323	-0.022204	-0.008715	-0.250606	-0.230308	0.940295	-0.216653	0.959997	0.177392	-0.943535	-0.159262	-0.290478
47924	9.210582	1.771064	-2.775412	0.001168	-0.024333	-0.008400	-0.250799	-0.230461	0.940206	-0.216705	0.959965	0.177498	-0.943472	-0.159231	-0.290701
47925	9.205597	1.756067	-2.747433	-0.002609	-0.027728	-0.011232	-0.251076	-0.230618	0.940094	-0.216659	0.959952	0.177626	-0.943409	-0.159082	-0.290987
47926	9.176632	1.730675	-2.767626	-0.001032	-0.029674	-0.008730	-0.251319	-0.230783	0.939988	-0.216692	0.959923	0.177742	-0.943336	-0.159018	-0.291256
47927	9.207526	1.787974	-2.736640	0.004491	-0.033478	-0.009181	-0.251690	-0.230945	0.939849	-0.216832	0.959881	0.177800	-0.943205	-0.159039	-0.291668
47928	9.182288	1.792596	-2.741199	-0.005435	-0.039126	-0.008475	-0.252023	-0.231122	0.939717	-0.216822	0.959860	0.177926	-0.943119	-0.158910	-0.292019
47929	9.197263	1.736429	-2.752786	-0.005599	-0.038794	-0.006337	-0.252446	-0.231277	0.939565	-0.216896	0.959831	0.177989	-0.942988	-0.158855	-0.292469
47930	9.175800	1.771246	-2.741470	-0.003859	-0.045992	-0.009619	-0.252841	-0.231476	0.939410	-0.216904	0.959805	0.178122	-0.942881	-0.158726	-0.292886
47931	9.190488	1.715104	-2.754028	-0.000545	-0.051445	-0.007668	-0.253322	-0.231690	0.939227	-0.217046	0.959756	0.178213	-0.942719	-0.158710	-0.293415
47932	9.160828	1.703698	-2.729640	0.005279	-0.052219	-0.009666	-0.253776	-0.231899	0.939053	-0.217141	0.959715	0.178320	-0.942575	-0.158653	-0.293907
47933	9.167085	1.757402	-2.725571	0.012220	-0.058866	-0.006398	-0.254358	-0.232099	0.938846	-0.217387	0.959654	0.178347	-0.942361	-0.158729	-0.294551
47934	9.189334	1.754053	-2.730326	0.010159	-0.065767	-0.009771	-0.254939	-0.232331	0.938631	-0.217529	0.959604	0.178440	-0.942172	-0.158688	-0.295179
47935	9.167168	1.781500	-2.744894	0.011879	-0.069273	-0.010320	-0.255639	-0.232540	0.938389	-0.217649	0.959567	0.178496	-0.941954	-0.158609	-0.295915
47936	9.189022	1.778483	-2.750753	0.011544	-0.078450	-0.013330	-0.256331	-0.232826	0.938129	-0.217813	0.959507	0.178617	-0.941728	-0.158552	-0.296664
47937	9.162509	1.776078	-2.782490	0.005846	-0.076775	-0.012548	-0.257048	-0.233129	0.937858	-0.218053	0.959432	0.178728	-0.941477	-0.158561	-0.297454
47938	9.160015	1.777109	-2.790036	0.009287	-0.085016	-0.014560	-0.257799	-0.233437	0.937575	-0.218199	0.959373	0.178868	-0.941238	-0.158466	-0.298261
47939	9.177657	1.765629	-2.743445	0.010835	-0.090649	-0.014793	-0.258760	-0.233672	0.937252	-0.218233	0.959353	0.178932	-0.940966	-0.158239	-0.299237
47940	9.150485	1.756186	-2.800034	0.010328	-0.098262	-0.014750	-0.259635	-0.234002	0.936927	-0.218390	0.959291	0.179069	-0.940689	-0.158123	-0.300169
47941	9.163838	1.714613	-2.770910	0.006188	-0.103453	-0.015103	-0.260607	-0.234353	0.936569	-0.218584	0.959223	0.179199	-0.940375	-0.158018	-0.301206
47942	9.160685	1.715973	-2.780477	0.010380	-0.102277	-0.019615	-0.261509	-0.234737	0.936222	-0.218753	0.959150	0.179382	-0.940085	-0.157892	-0.302176
47943	9.153971	1.715779	-2.713586	0.013165	-0.116567	-0.018540	-0.262594	-0.235091	0.935829	-0.218820	0.959106	0.179537	-0.939767	-0.157632	-0.303298
47944	9.146111	1.679784	-2.764441	0.024429	-0.122360	-0.021953	-0.263679	-0.235528	0.935414	-0.219128	0.959005	0.179699	-0.939391	-0.157593	-0.304480
47945	9.154001	1.757311	-2.774416	0.033488	-0.129801	-0.022950	-0.264904	-0.235923	0.934969	-0.219366	0.958929	0.179817	-0.938991	-0.157466	-0.305777
47946	9.129057	1.771060	-2.841887	0.031178	-0.137596	-0.025070	-0.266123	-0.236414	0.934498	-0.219746	0.958810	0.179986	-0.938557	-0.157454	-0.307113
47947	9.149024	1.776083	-2.830938	0.027287	-0.140989	-0.027859	-0.267409	-0.236923	0.934002	-0.220080	0.958697	0.180178	-0.938113	-0.157374	-0.308507
47948	9.146952	1.772211	-2.945037	0.026873	-0.146468	-0.028121	-0.268704	-0.237457	0.933495	-0.220429	0.958578	0.180387	-0.937662	-0.157298	-0.309916
47949	9.165861	1.763071	-2.981570	0.034483	-0.147372	-0.030128	-0.270036	-0.237984	0.932976	-0.220774	0.958461	0.180585	-0.937198	-0.157212	-0.311360
47950	9.147309	1.823155	-3.064623	0.032211	-0.149013	-0.027691	-0.271354	-0.238517	0.932457	-0.221172	0.958334	0.180773	-0.936723	-0.157179	-0.312801
47951	9.173301	1.859950	-3.116094	0.033799	-0.154968	-0.030058	-0.272754	-0.239077	0.931905	-0.221591	0.958201	0.180967	-0.936217	-0.157142	-0.314330
47952	9.167488	1.854659	-3.154007	0.028490	-0.150607	-0.032912	-0.274074	-0.239662	0.931368	-0.221968	0.958067	0.181213	-0.935742	-0.157068	-0.315778
47953	9.165409	1.872799	-3.198529	0.021316	-0.144873	-0.034882	-0.275424	-0.240205	0.930829	-0.222212	0.957964	0.181457	-0.935288	-0.156864	-0.317223
47954	9.158037	1.873909	-3.134879	0.017496	-0.142117	-0.033107	-0.276662	-0.240778	0.930314	-0.222488	0.957846	0.181740	-0.934857	-0.156703	-0.318570
47955	9.124023	1.842574	-3.188293	0.017251	-0.144237	-0.032777	-0.277924	-0.241344	0.929791	-0.222703	0.957741	0.182031	-0.934431	-0.156477	-0.319927
47956	9.157336	1.783043	-3.132219	0.019389	-0.140118	-0.033396	-0.279142	-0.241917	0.929277	-0.222998	0.957619	0.182309	-0.933998	-0.156337	-0.321258
47957	9.115560	1.869184	-3.144837	0.021318	-0.140588	-0.035506	-0.280474	-0.242435	0.928741	-0.223215	0.957525	0.182540	-0.933547	-0.156111	-0.322676
47958	9.124365	1.806248	-3.112606	0.013237	-0.143932	-0.032787	-0.281728	-0.243007	0.928212	-0.223451	0.957414	0.182831	-0.933113	-0.155902	-0.324030
47959	9.092155	1.796607	-3.096066	0.018628	-0.147707	-0.033308	-0.283106	-0.243522	0.927657	-0.223632	0.957328	0.183062	-0.932652	-0.155628	-0.325485
47960	9.084108	1.783484	-3.079097	0.019102	-0.144117	-0.038228	-0.284348	-0.244145	0.927113	-0.223940	0.957194	0.183384	-0.932200	-0.155473	-0.326850
47961	9.117180	1.716974	-3.047254	0.035338	-0.153883	-0.036782	-0.285731	-0.244832	0.926507	-0.224663	0.956984	0.183600	-0.931603	-0.155691	-0.328445
47962	9.084787	1.707113	-3.032044	0.050329	-0.160259	-0.042426	-0.287112	-0.245520	0.925898	-0.225274	0.956791	0.183857	-0.931031	-0.155793	-0.330015
47963	9.096229	1.659583	-3.032873	0.065114	-0.164727	-0.042898	-0.288567	-0.246226	0.925258	-0.226062	0.956567	0.184055	-0.930390	-0.156053	-0.331696
47964	9.087882	1.816577	-2.969926	0.079782	-0.172885	-0.046092	-0.290054	-0.246970	0.924594	-0.226959	0.956318	0.184245	-0.929709	-0.156404	-0.333436
47965	9.062842	1.853208	-3.048953	0.080746	-0.181179	-0.042614	-0.291754	-0.247620	0.923885	-0.227792	0.956105	0.184321	-0.928973	-0.156678	-0.335353
47966	9.062660	1.899741	-3.004499	0.076754	-0.183354	-0.044421	-0.293339	-0.248365	0.923183	-0.228656	0.955864	0.184502	-0.928261	-0.156970	-0.337182
47967	9.050746	1.863660	-3.062355	0.079307	-0.197604	-0.043307	-0.295071	-0.249097	0.922434	-0.229435	0.955644	0.184673	-0.927520	-0.157147	-0.339135
47968	9.032551	1.788762	-3.083011	0.082481	-0.204582	-0.044421	-0.296849	-0.249876	0.921652	-0.230353	0.955393	0.184831	-0.926724	-0.157439	-0.341167
47969	9.051772	1.801985	-3.134221	0.102452	-0.213685	-0.044277	-0.298747	-0.250685	0.920819	-0.231537	0.955094	0.184897	-0.925819	-0.157967	-0.343375
47970	9.022329	1.821557	-3.186356	0.115155	-0.216409	-0.041779	-0.300637	-0.251459	0.919992	-0.232750	0.954796	0.184913	-0.924903	-0.158537	-0.345574
47971	9.045303	1.864502	-3.300569	0.120010	-0.221599	-0.037712	-0.302571	-0.252225	0.919148	-0.234011	0.954492	0.184890	-0.923953	-0.159148	-0.347825
47972	9.079863	1.818838	-3.362142	0.132891	-0.223767	-0.038610	-0.304531	-0.252983	0.918292	-0.235377	0.954171	0.184810	-0.922962	-0.159865	-0.350121
47973	9.078131	1.863492	-3.400298	0.147546	-0.225722	-0.037388	-0.306540	-0.253706	0.917424	-0.236813	0.953847	0.184652	-0.921929	-0.160654	-0.352473
47974	9.027286	1.914801	-3.515715	0.154587	-0.226785	-0.034012	-0.308532	-0.254428	0.916556	-0.238364	0.953500	0.184446	-0.920864	-0.161566	-0.354832
47975	9.055434	1.821384	-3.485631	0.156564	-0.224240	-0.037714	-0.310543	-0.255170	0.915670	-0.239964	0.953140	0.184230	-0.919772	-0.162517	-0.357223
47976	8.977667	1.852156	-3.515696	0.169208	-0.224110	-0.031352	-0.312511	-0.255867	0.914805	-0.241639	0.952773	0.183939	-0.918666	-0.163570	-0.359580
47977	8.991965	1.837752	-3.562358	0.168908	-0.222503	-0.028292	-0.314654	-0.256365	0.913931	-0.243104	0.952489	0.183483	-0.917547	-0.164446	-0.362028
47978	8.996683	1.754170	-3.585732	0.179684	-0.225409	-0.027999	-0.316637	-0.257036	0.913057	-0.244862	0.952109	0.183115	-0.916397	-0.165592	-0.364411
47979	9.009264	1.723485	-3.601569	0.196768	-0.218628	-0.026146	-0.318653	-0.257633	0.912187	-0.246760	0.951718	0.182598	-0.915188	-0.166906	-0.366841
47980	8.996196	1.688018	-3.639905	0.207857	-0.218883	-0.029601	-0.320565	-0.258314	0.911324	-0.248778	0.951282	0.182131	-0.913974	-0.168333	-0.369211
47981	8.976678	1.613656	-3.716349	0.222780	-0.216922	-0.031328	-0.322514	-0.258966	0.910451	-0.250878	0.950835	0.181583	-0.912713	-0.169849	-0.371627
47982	8.948391	1.649076	-3.777972	0.245320	-0.213368	-0.033517	-0.324360	-0.259681	0.909591	-0.253246	0.950318	0.181001	-0.911404	-0.171641	-0.374008
47983	8.916570	1.667973	-3.885504	0.253069	-0.206636	-0.035907	-0.326211	-0.260345	0.908739	-0.255614	0.949808	0.180353	-0.910081	-0.173453	-0.376386
47984	8.935973	1.702256	-4.001883	0.270840	-0.193696	-0.042920	-0.327846	-0.261123	0.907927	-0.258239	0.949212	0.179748	-0.908751	-0.175533	-0.378628
47985	8.956610	1.721941	-4.009651	0.291288	-0.187276	-0.035741	-0.329486	-0.261790	0.907141	-0.260978	0.948610	0.178967	-0.907375	-0.177777	-0.380875
47986	8.937064	1.801168	-4.009388	0.308703	-0.175717	-0.038179	-0.330963	-0.262499	0.906398	-0.263925	0.947946	0.178162	-0.905984	-0.180257	-0.383015
47987	8.980539	1.787159	-3.954713	0.304903	-0.169199	-0.033684	-0.332454	-0.263086	0.905682	-0.266710	0.947332	0.177281	-0.904621	-0.182616	-0.385112
47988	8.932742	1.817789	-3.881941	0.306697	-0.163066	-0.029287	-0.333833	-0.263695	0.904998	-0.269602	0.946679	0.176389	-0.903255	-0.185104	-0.387126
47989	8.913407	1.862154	-3.764072	0.296824	-0.164516	-0.028700	-0.335288	-0.264308	0.904280	-0.272514	0.946017	0.175464	-0.901841	-0.187598	-0.389216
47990	8.898118	1.785750	-3.758168	0.281689	-0.162215	-0.027526	-0.336658	-0.264906	0.903596	-0.275168	0.945401	0.174641	-0.900524	-0.189847	-0.391171
47991	8.892182	1.738024	-3.606278	0.277173	-0.167425	-0.027504	-0.338180	-0.265426	0.902875	-0.277715	0.944823	0.173737	-0.899171	-0.191988	-0.393233
47992	8.980433	1.529641	-3.637804	0.272740	-0.171383	-0.026605	-0.339629	-0.266039	0.902150	-0.280278	0.944214	0.172929	-0.897829	-0.194122	-0.395247
47993	8.993227	1.308414	-3.657460	0.278880	-0.180803	-0.021726	-0.341216	-0.266573	0.901393	-0.282772	0.943635	0.172024	-0.896444	-0.196192	-0.397363
47994	8.946809	1.388002	-3.734233	0.301715	-0.190907	-0.020555	-0.342851	-0.267175	0.900595	-0.285568	0.942973	0.171034	-0.894933	-0.198542	-0.399596
47995	8.908036	1.534369	-3.839209	0.300547	-0.199745	-0.021014	-0.344618	-0.267753	0.899748	-0.288278	0.942333	0.170011	-0.893384	-0.200789	-0.401932
47996	8.846732	1.500300	-3.873026	0.292765	-0.199622	-0.022928	-0.346316	-0.268404	0.898902	-0.290993	0.941669	0.169064	-0.891845	-0.203025	-0.404219
47997	8.843434	1.522236	-3.881992	0.298947	-0.208972	-0.023521	-0.348175	-0.269044	0.897992	-0.293839	0.940977	0.167993	-0.890187	-0.205374	-0.406680
47998	8.821114	1.592409	-3.908907	0.313415	-0.209093	-0.030591	-0.349927	-0.269795	0.897085	-0.296756	0.940235	0.167016	-0.888531	-0.207772	-0.409077
47999	8.752417	1.678074	-3.912062	0.330440	-0.220878	-0.034398	-0.351838	-0.270504	0.896124	-0.299649	0.939506	0.165950	-0.886804	-0.210135	-0.411610
48000	8.745207	1.651057	-3.850291	0.325206	-0.213294	-0.042251	-0.353584	-0.271382	0.895170	-0.302702	0.938692	0.165012	-0.885071	-0.212624	-0.414054
48001	8.811210	1.654395	-3.887833	0.329607	-0.219985	-0.041049	-0.355446	-0.272203	0.894183	-0.305745	0.937888	0.163971	-0.883277	-0.215109	-0.416593
48002	8.772626	1.603920	-3.892367	0.315901	-0.222882	-0.037662	-0.357280	-0.273069	0.893188	-0.308689	0.937090	0.163014	-0.881511	-0.217476	-0.419097
48003	8.796231	1.532472	-4.054391	0.316939	-0.227225	-0.042299	-0.359205	-0.273891	0.892163	-0.311576	0.936311	0.161996	-0.879711	-0.219787	-0.421665
48004	8.820416	1.622316	-4.151196	0.305298	-0.228999	-0.043607	-0.361064	-0.274835	0.891122	-0.314439	0.935504	0.161119	-0.877930	-0.222029	-0.424196
48005	8.826437	1.582111	-4.244615	0.286600	-0.227740	-0.043011	-0.363028	-0.275615	0.890083	-0.317012	0.934800	0.160166	-0.876193	-0.224022	-0.426731
48006	8.804832	1.662782	-4.252043	0.285117	-0.218745	-0.042553	-0.364790	-0.276535	0.889076	-0.319685	0.934028	0.159349	-0.874488	-0.226096	-0.429128
48007	8.799020	1.724080	-4.359968	0.279144	-0.219196	-0.041043	-0.366640	-0.277381	0.888051	-0.322348	0.933271	0.158421	-0.872735	-0.228178	-0.431588
48008	8.828815	1.680096	-4.453633	0.262607	-0.215083	-0.036681	-0.368380	-0.278246	0.887060	-0.324795	0.932555	0.157635	-0.871094	-0.230043	-0.433907
48009	8.879461	1.550957	-4.431452	0.267023	-0.202698	-0.039469	-0.370111	-0.279044	0.886088	-0.327390	0.931806	0.156693	-0.869387	-0.232103	-0.436228
48010	8.867637	1.520331	-4.443331	0.281912	-0.195712	-0.043849	-0.371650	-0.279938	0.885161	-0.330024	0.931014	0.155873	-0.867733	-0.234195	-0.438398
48011	8.880192	1.486026	-4.456404	0.296595	-0.190380	-0.045674	-0.373196	-0.280807	0.884235	-0.332791	0.930184	0.154943	-0.866011	-0.236441	-0.440591
48012	8.849925	1.489962	-4.453638	0.296601	-0.185715	-0.044429	-0.374637	-0.281691	0.883344	-0.335546	0.929342	0.154050	-0.864324	-0.238690	-0.442687
48013	8.842376	1.456371	-4.409937	0.305125	-0.187601	-0.045520	-0.376129	-0.282600	0.882420	-0.338416	0.928459	0.153095	-0.862556	-0.241041	-0.444856
48014	8.814007	1.435984	-4.342194	0.312376	-0.182959	-0.042440	-0.377544	-0.283466	0.881537	-0.341291	0.927570	0.152101	-0.860803	-0.243435	-0.446943
48015	8.859858	1.439879	-4.322219	0.314227	-0.178058	-0.044688	-0.378953	-0.284302	0.880663	-0.344147	0.926683	0.151070	-0.859045	-0.245829	-0.449010
48016	8.884676	1.457408	-4.278835	0.309262	-0.187843	-0.039991	-0.380409	-0.285166	0.879755	-0.346976	0.925792	0.150055	-0.857261	-0.248172	-0.451125
48017	8.849785	1.429267	-4.287493	0.310845	-0.185991	-0.045998	-0.381866	-0.286103	0.878819	-0.349887	0.924857	0.149058	-0.855428	-0.250567	-0.453276
48018	8.819029	1.445049	-4.317251	0.311831	-0.190306	-0.045038	-0.383317	-0.287028	0.877886	-0.352747	0.923930	0.148060	-0.853603	-0.252918	-0.455406
48019	8.766193	1.441082	-4.280162	0.309569	-0.190662	-0.047012	-0.384841	-0.287911	0.876929	-0.355700	0.922978	0.146931	-0.851690	-0.255378	-0.457610
48020	8.748787	1.389260	-4.334309	0.308910	-0.193240	-0.048566	-0.386294	-0.288884	0.875970	-0.358539	0.922033	0.145963	-0.849839	-0.257684	-0.459752
48021	8.694591	1.397058	-4.329948	0.305914	-0.201504	-0.046446	-0.387880	-0.289747	0.874983	-0.361234	0.921148	0.144900	-0.847973	-0.259870	-0.461962
48022	8.756799	1.345422	-4.314518	0.308925	-0.203206	-0.052853	-0.389392	-0.290794	0.873964	-0.364080	0.920175	0.143955	-0.846061	-0.262138	-0.464181
48023	8.724974	1.361557	-4.345636	0.316868	-0.209776	-0.055076	-0.390993	-0.291851	0.872896	-0.367018	0.919168	0.142925	-0.844051	-0.264486	-0.466503
48024	8.697654	1.377247	-4.322911	0.308735	-0.215091	-0.051068	-0.392600	-0.292920	0.871816	-0.369844	0.918186	0.141950	-0.842069	-0.266706	-0.468815
48025	8.708164	1.354729	-4.369831	0.295171	-0.220742	-0.054422	-0.394285	-0.293940	0.870712	-0.372420	0.917288	0.141020	-0.840145	-0.268668	-0.471142
48026	8.725415	1.386763	-4.417793	0.285313	-0.225637	-0.053715	-0.395960	-0.295070	0.869569	-0.375050	0.916347	0.140163	-0.838184	-0.270633	-0.473503
48027	8.819064	1.265392	-4.484115	0.280560	-0.233482	-0.054828	-0.397763	-0.296145	0.868379	-0.377655	0.915423	0.139203	-0.836159	-0.272578	-0.475962
48028	8.804276	1.214399	-4.485801	0.285156	-0.237230	-0.055288	-0.399517	-0.297329	0.867169	-0.380280	0.914466	0.138345	-0.834130	-0.274496	-0.478413
48029	8.849934	1.211556	-4.439672	0.294410	-0.248109	-0.056534	-0.401379	-0.298472	0.865915	-0.382944	0.913501	0.137367	-0.832015	-0.276461	-0.480958
48030	8.842054	1.182873	-4.399560	0.293614	-0.251232	-0.060132	-0.403218	-0.299747	0.864620	-0.385650	0.912493	0.136494	-0.829873	-0.278404	-0.483530
48031	8.882088	1.148471	-4.365293	0.292998	-0.270920	-0.062980	-0.405254	-0.301114	0.863192	-0.388471	0.911435	0.135562	-0.827562	-0.280388	-0.486337
48032	8.899864	1.107252	-4.296942	0.302356	-0.279980	-0.061317	-0.407311	-0.302488	0.861742	-0.391243	0.910385	0.134638	-0.825244	-0.282311	-0.489156
48033	8.915253	1.076043	-4.262920	0.317609	-0.300981	-0.061525	-0.409580	-0.303777	0.860211	-0.394090	0.909327	0.133481	-0.822762	-0.284330	-0.492158
48034	8.906103	1.048134	-4.227893	0.322579	-0.316081	-0.066943	-0.411894	-0.305316	0.858560	-0.397039	0.908189	0.132485	-0.820185	-0.286312	-0.495300
48035	8.951023	1.015977	-4.145651	0.330572	-0.336372	-0.070121	-0.414423	-0.306855	0.856792	-0.400035	0.907038	0.131357	-0.817451	-0.288310	-0.498650
48036	8.955734	0.941632	-4.147280	0.340060	-0.357849	-0.077550	-0.417014	-0.308622	0.854899	-0.403157	0.905801	0.130340	-0.814595	-0.290305	-0.502154
48037	8.888842	0.950449	-4.210653	0.346066	-0.377803	-0.083968	-0.419751	-0.310407	0.852911	-0.406463	0.904494	0.129144	-0.811540	-0.292468	-0.505831
48038	8.905992	0.881019	-4.305515	0.353489	-0.399736	-0.093310	-0.422589	-0.312451	0.850760	-0.409743	0.903152	0.128165	-0.808411	-0.294432	-0.509687
48039	8.826882	0.845055	-4.401676	0.372137	-0.414036	-0.105520	-0.425539	-0.314536	0.848519	-0.413234	0.901723	0.127018	-0.805080	-0.296586	-0.513695
48040	8.746180	0.808614	-4.499008	0.385794	-0.441940	-0.114849	-0.428594	-0.316913	0.846093	-0.416848	0.900198	0.126021	-0.801589	-0.298680	-0.517924
48041	8.700798	0.804818	-4.538295	0.389480	-0.460659	-0.129137	-0.431743	-0.319477	0.843524	-0.420620	0.898579	0.125041	-0.797920	-0.300817	-0.522334
48042	8.663041	0.825483	-4.537669	0.399671	-0.485747	-0.136626	-0.435014	-0.322197	0.840804	-0.424418	0.896920	0.124115	-0.794123	-0.302861	-0.526919
48043	8.631553	0.829052	-4.472893	0.402460	-0.511538	-0.147736	-0.438429	-0.325016	0.837941	-0.428282	0.895215	0.123145	-0.790161	-0.304885	-0.531686
48044	8.650684	0.911686	-4.467492	0.407189	-0.534829	-0.157413	-0.441948	-0.328086	0.834890	-0.432209	0.893441	0.122306	-0.786052	-0.306794	-0.536656
48045	8.676188	0.957547	-4.386087	0.401175	-0.558071	-0.168326	-0.445590	-0.331275	0.831689	-0.436216	0.891610	0.121433	-0.781770	-0.308687	-0.541801
48046	8.635497	1.003793	-4.407351	0.380536	-0.586728	-0.176282	-0.449374	-0.334688	0.828280	-0.439997	0.889831	0.120844	-0.777474	-0.310137	-0.547128
48047	8.596840	0.957337	-4.490783	0.366861	-0.612111	-0.191362	-0.453270	-0.338284	0.824688	-0.443777	0.888019	0.120351	-0.773051	-0.311426	-0.552635
48048	8.503471	0.905674	-4.587965	0.376570	-0.639692	-0.222742	-0.457189	-0.342282	0.820866	-0.447718	0.886071	0.120111	-0.768457	-0.312604	-0.558348
48049	8.456319	0.910283	-4.733541	0.423982	-0.662760	-0.241241	-0.461148	-0.346429	0.816902	-0.452206	0.883865	0.119552	-0.763447	-0.314277	-0.564250
48050	8.364029	0.993753	-4.891140	0.472801	-0.680023	-0.270692	-0.465072	-0.350988	0.812721	-0.457082	0.881415	0.119094	-0.758145	-0.316093	-0.570352
48051	8.283753	1.197109	-5.042985	0.497977	-0.702116	-0.299667	-0.468995	-0.355777	0.808373	-0.462407	0.878719	0.118462	-0.752479	-0.318239	-0.576628
48052	8.251787	1.429268	-5.200551	0.478891	-0.725710	-0.330061	-0.472881	-0.361014	0.803774	-0.467577	0.875992	0.118363	-0.746830	-0.319854	-0.583042
48053	8.205999	1.535342	-5.334736	0.449306	-0.751060	-0.355238	-0.476774	-0.366459	0.798995	-0.472699	0.873229	0.118439	-0.741109	-0.321216	-0.589558
48054	8.236397	1.547385	-5.398997	0.410336	-0.772190	-0.370238	-0.480697	-0.372196	0.793978	-0.477527	0.870525	0.118971	-0.735458	-0.321956	-0.596192
48055	8.207742	1.465471	-5.564309	0.366522	-0.789031	-0.385795	-0.484598	-0.378011	0.788843	-0.482246	0.867832	0.119611	-0.729797	-0.322453	-0.602844
48056	8.187374	1.431449	-5.704303	0.344213	-0.807262	-0.370520	-0.488652	-0.383849	0.783504	-0.486577	0.865294	0.120453	-0.724197	-0.322375	-0.609600
48057	8.019744	1.586035	-5.901084	0.326833	-0.814815	-0.353365	-0.492753	-0.389528	0.778115	-0.490892	0.862771	0.121044	-0.718485	-0.322325	-0.616349
48058	7.852430	1.641066	-5.936654	0.305194	-0.811341	-0.359483	-0.496768	-0.395263	0.772650	-0.494881	0.860361	0.121955	-0.712962	-0.321786	-0.623008
48059	7.790608	1.752212	-6.073371	0.297916	-0.800294	-0.369876	-0.500560	-0.400971	0.767243	-0.499036	0.857845	0.122743	-0.707392	-0.321441	-0.629501
48060	7.661287	1.810120	-6.149608	0.296610	-0.791520	-0.387256	-0.504177	-0.406855	0.761758	-0.503097	0.855311	0.123841	-0.701925	-0.320801	-0.635915
48061	7.568070	1.890465	-6.283027	0.285894	-0.780398	-0.397217	-0.507591	-0.412692	0.756331	-0.507333	0.852669	0.124776	-0.696394	-0.320377	-0.642179
48062	7.458476	1.818810	-6.329894	0.286058	-0.756798	-0.400181	-0.510783	-0.418545	0.750947	-0.511382	0.850072	0.125959	-0.691078	-0.319683	-0.648239
48063	7.439789	1.703551	-6.405675	0.322013	-0.745849	-0.396513	-0.513839	-0.424239	0.745648	-0.515821	0.847289	0.126607	-0.685491	-0.319566	-0.654201
48064	7.459797	1.689225	-6.381219	0.363635	-0.724115	-0.384732	-0.516769	-0.429831	0.740402	-0.520313	0.844466	0.127088	-0.679871	-0.319565	-0.660040
48065	7.440332	1.685312	-6.414929	0.403612	-0.702219	-0.372914	-0.519529	-0.435131	0.735358	-0.525205	0.841466	0.126862	-0.673980	-0.320305	-0.665699
48066	7.353620	1.737575	-6.435942	0.432240	-0.683221	-0.366535	-0.522160	-0.440424	0.730326	-0.530041	0.838457	0.126670	-0.668136	-0.320961	-0.671251
48067	7.234088	1.766297	-6.394343	0.437856	-0.670912	-0.358923	-0.524658	-0.445501	0.725440	-0.534972	0.835403	0.126125	-0.662223	-0.321918	-0.676631
48068	7.171974	1.760527	-6.409907	0.431416	-0.658830	-0.351581	-0.527092	-0.450579	0.720522	-0.539692	0.832419	0.125746	-0.656435	-0.322580	-0.681935
48069	7.114016	1.681603	-6.399199	0.415389	-0.642934	-0.342760	-0.529382	-0.455441	0.715771	-0.544426	0.829427	0.125103	-0.650657	-0.323457	-0.687038
48070	7.126438	1.624880	-6.496256	0.429770	-0.621081	-0.331933	-0.531570	-0.460223	0.711075	-0.548998	0.826497	0.124518	-0.645007	-0.324189	-0.692002
48071	7.186554	1.528296	-6.447459	0.439842	-0.596924	-0.317754	-0.533614	-0.464752	0.706585	-0.553648	0.823533	0.123558	-0.639320	-0.325267	-0.696757
48072	7.362798	1.462754	-6.301770	0.438180	-0.561216	-0.299757	-0.535500	-0.469066	0.702294	-0.558066	0.820687	0.122616	-0.633879	-0.326266	-0.701248
48073	7.585638	1.286758	-5.943621	0.426414	-0.497928	-0.268722	-0.537087	-0.472872	0.698520	-0.562345	0.817951	0.121339	-0.628733	-0.327640	-0.705228
48074	7.818576	0.858495	-5.463372	0.424715	-0.363228	-0.227480	-0.538058	-0.475945	0.695679	-0.566256	0.815457	0.119931	-0.624378	-0.329403	-0.708270
48075	7.690502	0.656441	-5.547543	0.484529	-0.202274	-0.187316	-0.538210	-0.478085	0.694092	-0.570387	0.812908	0.117638	-0.620474	-0.332588	-0.710209
48076	7.664796	0.946232	-5.445500	0.554688	-0.048671	-0.163143	-0.537557	-0.479594	0.693558	-0.574723	0.810251	0.114835	-0.617030	-0.336873	-0.711189
48077	8.037439	0.929245	-4.989962	0.490627	0.117112	-0.129409	-0.536034	-0.480265	0.694272	-0.578571	0.807884	0.112154	-0.614755	-0.341567	-0.710921
48078	8.468465	0.592981	-4.902399	0.432861	0.274423	-0.072073	-0.533909	-0.479924	0.696142	-0.581642	0.806029	0.109589	-0.613705	-0.346395	-0.709490
48079	8.713382	0.473607	-4.945537	0.433736	0.433527	-0.021884	-0.531048	-0.478557	0.699265	-0.584545	0.804336	0.106539	-0.613429	-0.352174	-0.706879
48080	8.690872	0.430200	-5.036142	0.420476	0.571612	0.032395	-0.527709	-0.476287	0.703331	-0.586980	0.802977	0.103355	-0.613985	-0.358300	-0.703309
48081	8.597743	0.530197	-5.148472	0.406116	0.701769	0.077795	-0.523793	-0.473139	0.708365	-0.589146	0.801824	0.099925	-0.615263	-0.364990	-0.698737
48082	8.506051	0.636690	-5.121015	0.373348	0.832548	0.129360	-0.519403	-0.469055	0.714288	-0.590799	0.801038	0.096415	-0.617395	-0.371922	-0.693179
48083	8.511291	0.784448	-5.055086	0.303999	0.959774	0.170627	-0.514381	-0.464068	0.721147	-0.591908	0.800621	0.093012	-0.620529	-0.379009	-0.686510
48084	8.499779	0.935541	-4.971976	0.190019	1.080450	0.206110	-0.508852	-0.458308	0.728714	-0.592063	0.800825	0.090230	-0.624925	-0.385531	-0.678848
48085	8.476002	1.012466	-5.006330	0.032108	1.193480	0.241540	-0.502689	-0.451716	0.737059	-0.591190	0.801702	0.088130	-0.630712	-0.391440	-0.670058
48086	8.524006	0.913414	-5.026848	-0.103796	1.313900	0.291988	-0.496057	-0.444217	0.746056	-0.589100	0.803399	0.086664	-0.637878	-0.396511	-0.660220
48087	8.567289	0.718979	-5.148046	-0.181655	1.434297	0.343431	-0.488779	-0.435725	0.755804	-0.586361	0.805556	0.085207	-0.645969	-0.401527	-0.649231
48088	8.655655	0.617877	-5.152499	-0.216282	1.547984	0.391932	-0.480982	-0.426329	0.766094	-0.583080	0.808099	0.083626	-0.654732	-0.406472	-0.637265
48089	8.754574	0.619671	-5.172389	-0.228903	1.664553	0.436264	-0.472448	-0.415980	0.777016	-0.579580	0.810812	0.081673	-0.663988	-0.411757	-0.624160
48090	8.791521	0.696234	-5.193778	-0.247261	1.769514	0.484533	-0.463390	-0.404732	0.788329	-0.575684	0.813806	0.079417	-0.673689	-0.417027	-0.610107
48091	8.425537	0.610370	-5.939607	-0.305205	1.813410	0.529904	-0.454034	-0.392797	0.799727	-0.571290	0.817128	0.077002	-0.683726	-0.421914	-0.595405
48092	8.113455	0.340980	-6.052010	-0.423745	1.830179	0.583492	-0.444719	-0.380282	0.810932	-0.565773	0.821161	0.074806	-0.694353	-0.425536	-0.580339
48093	7.820515	-0.076939	-6.444505	-0.486639	1.796599	0.697016	-0.435994	-0.366878	0.821772	-0.559383	0.825786	0.071888	-0.704983	-0.428343	-0.565263
48094	7.590966	0.005017	-7.021213	-0.491231	1.684781	0.817286	-0.428554	-0.352895	0.831749	-0.552387	0.830819	0.067886	-0.714989	-0.430355	-0.550986
48095	7.486743	0.537214	-6.789569	-0.680718	1.527235	0.985732	-0.422887	-0.338108	0.840743	-0.543374	0.837098	0.063329	-0.725197	-0.430057	-0.537717
48096	7.789032	1.123607	-6.285972	-1.034770	1.351328	1.207917	-0.419478	-0.322183	0.848667	-0.530750	0.845497	0.058642	-0.736439	-0.425831	-0.525666
48097	8.264339	2.522989	-5.652453	-1.503642	1.198754	1.427267	-0.417962	-0.304993	0.855738	-0.513682	0.856262	0.054285	-0.749292	-0.416888	-0.514554
48098	8.642786	3.752704	-5.432577	-2.194974	1.108081	1.572739	-0.417450	-0.286907	0.862218	-0.490519	0.869880	0.051967	-0.764936	-0.401240	-0.503864
48099	8.816306	3.920615	-4.947741	-2.927806	1.099654	1.599848	-0.416493	-0.268583	0.868560	-0.461243	0.885707	0.052709	-0.783446	-0.378665	-0.492773
48100	8.933091	2.415031	-4.672071	-3.486886	1.163426	1.521706	-0.414002	-0.250757	0.875056	-0.427275	0.902359	0.056431	-0.803765	-0.350527	-0.480721
48101	9.268991	0.225927	-4.760879	-3.550820	1.259114	1.406277	-0.409471	-0.233741	0.881872	-0.392641	0.917672	0.060918	-0.823508	-0.321315	-0.467537
48102	9.353371	-1.896758	-5.145283	-3.141919	1.376255	1.278434	-0.402820	-0.217707	0.889010	-0.361325	0.930235	0.064083	-0.840940	-0.295408	-0.453380
48103	9.329531	-3.629613	-4.984178	-2.342675	1.508176	1.153198	-0.394006	-0.202623	0.896495	-0.336924	0.939338	0.064230	-0.855127	-0.276744	-0.438373
48104	9.193659	-4.814213	-4.602534	-1.292987	1.632791	1.028080	-0.383327	-0.188517	0.904169	-0.321829	0.944859	0.060559	-0.865729	-0.267774	-0.422860
48105	9.049147	-4.676303	-4.328758	-0.105897	1.722738	0.908386	-0.371205	-0.175295	0.911855	-0.317575	0.946766	0.052725	-0.872556	-0.270010	-0.407113
48106	9.183297	-3.130806	-4.154995	0.941556	1.783890	0.784263	-0.358104	-0.162976	0.919348	-0.322974	0.945484	0.041804	-0.876042	-0.281955	-0.391219
48107	9.579866	-0.880024	-3.961902	1.577163	1.839913	0.652961	-0.344066	-0.151452	0.926651	-0.334629	0.941882	0.029693	-0.877293	-0.299868	-0.374749
48108	10.056319	0.799630	-3.569538	1.754480	1.889366	0.505333	-0.329196	-0.140880	0.933693	-0.348350	0.937180	0.018587	-0.877657	-0.319133	-0.357591
48109	10.233319	1.720125	-3.177896	1.661782	1.933629	0.370534	-0.313483	-0.131054	0.940507	-0.361869	0.932183	0.009279	-0.877941	-0.337431	-0.339648
48110	10.020547	2.337909	-2.881552	1.388335	1.987322	0.287097	-0.297064	-0.121549	0.947090	-0.373214	0.927743	0.002004	-0.878900	-0.352872	-0.320962
48111	9.748026	1.971407	-2.720606	1.063997	2.019389	0.236526	-0.280137	-0.112093	0.953393	-0.382000	0.924155	-0.003588	-0.880681	-0.365202	-0.301710
48112	9.918046	1.076106	-2.633265	0.912744	2.025900	0.174984	-0.262932	-0.102996	0.959301	-0.389598	0.920951	-0.007905	-0.882655	-0.375820	-0.282275
48113	10.031858	0.388402	-2.663305	0.932001	2.049508	0.152798	-0.245375	-0.093764	0.964883	-0.397540	0.917507	-0.011936	-0.884168	-0.386509	-0.262409
48114	10.027942	0.040389	-2.620712	1.054507	2.062042	0.134619	-0.227660	-0.084466	0.970070	-0.406573	0.913480	-0.015878	-0.884799	-0.398019	-0.242304
48115	10.007912	-0.047527	-2.643281	1.200696	2.064503	0.114033	-0.209816	-0.075062	0.974855	-0.417039	0.908673	-0.019792	-0.884339	-0.410705	-0.221957
48116	10.038159	0.084210	-2.714763	1.299252	2.058061	0.083468	-0.191963	-0.065739	0.979198	-0.428375	0.903299	-0.023336	-0.882975	-0.423944	-0.201561
48117	9.833173	0.392333	-2.660651	1.310695	2.043595	0.051108	-0.174110	-0.056461	0.983106	-0.439931	0.897644	-0.026360	-0.880992	-0.437089	-0.181128
48118	9.495279	0.646184	-2.864150	1.278070	2.025337	0.011640	-0.156323	-0.047399	0.986568	-0.451179	0.891974	-0.028635	-0.878636	-0.449595	-0.160821
48119	9.022326	0.888269	-2.864304	1.225559	2.015315	-0.034897	-0.138434	-0.038512	0.989623	-0.462062	0.886335	-0.030144	-0.875977	-0.461440	-0.140494
48120	8.724328	0.957577	-2.749349	1.152966	1.964569	-0.064308	-0.120932	-0.029929	0.992210	-0.472250	0.880920	-0.030987	-0.873130	-0.472318	-0.120665
48121	8.504020	1.049490	-2.563659	1.087875	1.901100	-0.081880	-0.103924	-0.021560	0.994351	-0.481889	0.875670	-0.031378	-0.870047	-0.482428	-0.101393
48122	8.333691	1.260897	-2.467541	0.996850	1.827209	-0.102761	-0.087535	-0.013581	0.996069	-0.490665	0.870788	-0.031247	-0.866940	-0.491472	-0.082888
48123	8.159675	1.486984	-2.518768	0.855656	1.749413	-0.112128	-0.071793	-0.005885	0.997402	-0.498211	0.866511	-0.030749	-0.864079	-0.499124	-0.065142
48124	8.134331	1.613527	-2.476928	0.705398	1.667666	-0.112816	-0.056817	0.001494	0.998383	-0.504389	0.862956	-0.029996	-0.861605	-0.505278	-0.048277
48125	8.144901	1.650430	-2.457002	0.549107	1.581506	-0.097291	-0.042669	0.008677	0.999052	-0.509196	0.860155	-0.029219	-0.859592	-0.509959	-0.032284
48126	8.199366	1.700792	-2.535463	0.407214	1.486598	-0.071157	-0.029517	0.015652	0.999442	-0.512736	0.858070	-0.028581	-0.858038	-0.513294	-0.017303
48127	8.247044	1.689335	-2.572508	0.262756	1.396093	-0.024927	-0.017374	0.022598	0.999594	-0.515010	0.856716	-0.028319	-0.857008	-0.515292	-0.003246
48128	8.210575	1.655466	-2.621825	0.145392	1.292066	0.028198	-0.006429	0.029483	0.999545	-0.516269	0.855950	-0.028568	-0.856402	-0.516218	0.009719
48129	8.174173	1.631275	-2.560732	0.053391	1.174164	0.075570	0.003278	0.036156	0.999341	-0.516720	0.855654	-0.029263	-0.856148	-0.516284	0.021488
48130	8.101368	1.603885	-2.389682	-0.035111	1.044857	0.119426	0.011628	0.042549	0.999027	-0.516445	0.855779	-0.030437	-0.856241	-0.515589	0.031926
48131	8.069046	1.736762	-2.185109	-0.138285	0.875676	0.173419	0.018278	0.048490	0.998656	-0.515263	0.856429	-0.032154	-0.856837	-0.513983	0.040639
48132	8.197308	2.141920	-2.224302	-0.312251	0.657770	0.222727	0.022795	0.053750	0.998294	-0.512647	0.857907	-0.034486	-0.858297	-0.510986	0.047110
48133	7.990011	2.315751	-2.457222	-0.530797	0.393923	0.272690	0.024833	0.058028	0.998006	-0.508105	0.860483	-0.037389	-0.860937	-0.506164	0.050852
48134	7.611796	2.263604	-2.514337	-0.752438	0.106919	0.301357	0.024254	0.061144	0.997834	-0.501703	0.864079	-0.040753	-0.864700	-0.499628	0.051634
48135	7.368761	1.959836	-2.726401	-0.936720	-0.202946	0.285662	0.021117	0.062525	0.997820	-0.493579	0.868588	-0.043981	-0.869444	-0.491575	0.049203
48136	7.289053	1.788567	-2.903248	-1.106679	-0.496307	0.233545	0.015667	0.062122	0.997946	-0.483986	0.873823	-0.046797	-0.874935	-0.482259	0.043757
