// General information: 
//  MT Manager version: 2022.2.0 
//  XDA version: 2022.2.0 build 7381 rev 124627 built on 2023-07-19
// Device information: 
//  DeviceId: 00B4CB9F
//  ProductCode: MTW2-3A7G6
//  Firmware Version: 4.6.0
//  Hardware Version: 2.0.0
// Device settings: 
//  Filter Profile: human(46.1)
//  Option Flags: Orientation Smoother Disabled, Position/Velocity Smoother Disabled, Continuous Zero Rotation Update Disabled, AHS Disabled, ICC Disabled
// Coordinate system: ENU
PacketCounter	Acc_X	Acc_Y	Acc_Z	Gyr_X	Gyr_Y	Gyr_Z	Mat[1][1]	Mat[2][1]	Mat[3][1]	Mat[1][2]	Mat[2][2]	Mat[3][2]	Mat[1][3]	Mat[2][3]	Mat[3][3]
21806	9.677940	1.160787	-0.883219	-0.005670	0.004881	0.002143	0.015020	-0.150095	0.988557	-0.690610	0.713401	0.118811	-0.723071	-0.684492	-0.092942
21807	9.696383	1.162877	-0.898398	-0.005063	0.009570	-0.001665	0.015170	-0.150068	0.988559	-0.690611	0.713387	0.118894	-0.723068	-0.684513	-0.092816
21808	9.722894	1.184873	-0.901585	-0.003349	0.007585	-0.001284	0.015169	-0.150031	0.988565	-0.690604	0.713399	0.118867	-0.723074	-0.684510	-0.092790
21809	9.673637	1.144783	-0.850778	-0.006161	0.005381	0.000782	0.015089	-0.149952	0.988578	-0.690570	0.713449	0.118760	-0.723108	-0.684474	-0.092787
21810	9.696580	1.163021	-0.896082	-0.008609	0.008349	0.002743	0.015066	-0.149881	0.988589	-0.690525	0.713502	0.118698	-0.723151	-0.684434	-0.092747
21811	9.714170	1.152113	-0.838893	-0.010324	0.010333	0.002363	0.015056	-0.149762	0.988607	-0.690480	0.713561	0.118612	-0.723195	-0.684399	-0.092664
21812	9.696802	1.162857	-0.893890	-0.011304	0.011335	-0.000359	0.015076	-0.149692	0.988618	-0.690415	0.713628	0.118583	-0.723256	-0.684344	-0.092591
21813	9.732772	1.154197	-0.852293	-0.010245	0.013947	0.001840	0.015076	-0.149574	0.988636	-0.690388	0.713668	0.118501	-0.723282	-0.684329	-0.092505
21814	9.696108	1.150068	-0.819154	-0.013098	0.009704	-0.000216	0.015083	-0.149515	0.988644	-0.690311	0.713747	0.118473	-0.723356	-0.684259	-0.092446
21815	9.746834	1.140250	-0.835740	-0.017380	0.009003	-0.002234	0.015197	-0.149426	0.988656	-0.690165	0.713883	0.118506	-0.723492	-0.684137	-0.092280
21816	9.735288	1.117326	-0.888364	-0.014529	0.013244	-0.000177	0.015230	-0.149342	0.988668	-0.690077	0.713972	0.118478	-0.723575	-0.684062	-0.092184
21817	9.690543	1.093588	-0.867085	-0.009797	0.011406	-0.000919	0.015274	-0.149279	0.988677	-0.690062	0.713990	0.118465	-0.723590	-0.684057	-0.092106
21818	9.658333	1.106051	-0.864197	-0.006043	0.010571	-0.004383	0.015316	-0.149243	0.988682	-0.690035	0.714015	0.118471	-0.723614	-0.684039	-0.092047
21819	9.717110	1.116068	-0.869023	-0.001841	0.007657	-0.001843	0.015338	-0.149184	0.988691	-0.690055	0.714000	0.118441	-0.723594	-0.684068	-0.091993
21820	9.706827	1.133891	-0.840368	-0.001557	0.009213	-0.001423	0.015350	-0.149136	0.988698	-0.690061	0.713998	0.118414	-0.723588	-0.684079	-0.091953
21821	9.717235	1.116393	-0.867202	0.000236	0.010843	-0.001564	0.015342	-0.149017	0.988716	-0.690073	0.714002	0.118320	-0.723577	-0.684102	-0.091878
21822	9.717308	1.116523	-0.866215	-0.003067	0.009139	-0.000862	0.015349	-0.148965	0.988723	-0.690068	0.714012	0.118289	-0.723581	-0.684102	-0.091836
21823	9.719620	1.170436	-0.855402	-0.000175	0.014958	-0.003446	0.015349	-0.148826	0.988744	-0.690073	0.714025	0.118188	-0.723577	-0.684120	-0.091741
21824	9.711661	1.150929	-0.865938	-0.004498	0.012679	-0.000823	0.015382	-0.148750	0.988755	-0.690058	0.714044	0.118157	-0.723591	-0.684116	-0.091663
21825	9.707228	1.134644	-0.834696	-0.002294	0.010193	0.000918	0.015447	-0.148712	0.988760	-0.690110	0.713992	0.118168	-0.723540	-0.684178	-0.091599
21826	9.701501	1.168530	-0.835961	-0.002294	0.010193	0.000918	0.015449	-0.148641	0.988771	-0.690111	0.713999	0.118118	-0.723539	-0.684186	-0.091548
21827	9.715467	1.154237	-0.820754	-0.002295	0.010193	0.000918	0.015463	-0.148544	0.988785	-0.690131	0.713991	0.118054	-0.723520	-0.684216	-0.091474
21828	9.701696	1.168395	-0.833887	-0.007313	0.010473	0.001239	0.015466	-0.148468	0.988796	-0.690096	0.714033	0.118006	-0.723553	-0.684189	-0.091414
21829	9.711088	1.137996	-0.788604	-0.007348	0.008437	-0.002883	0.015488	-0.148391	0.988808	-0.690048	0.714084	0.117971	-0.723598	-0.684152	-0.091337
21830	9.692718	1.136017	-0.772021	-0.010978	0.003599	0.002040	0.015435	-0.148356	0.988814	-0.689987	0.714153	0.117918	-0.723658	-0.684088	-0.091341
21831	9.735385	1.106310	-0.801200	-0.007505	0.001209	-0.001841	0.015311	-0.148292	0.988825	-0.689943	0.714216	0.117792	-0.723702	-0.684036	-0.091378
21832	9.711122	1.138589	-0.787330	-0.005463	0.002360	-0.005684	0.015302	-0.148321	0.988821	-0.689920	0.714235	0.117810	-0.723724	-0.684010	-0.091400
21833	9.721443	1.121438	-0.815051	-0.006563	-0.001829	-0.003242	0.015375	-0.148311	0.988821	-0.689840	0.714303	0.117862	-0.723798	-0.683941	-0.091328
21834	9.707501	1.136187	-0.829404	-0.002806	-0.002662	-0.006704	0.015337	-0.148381	0.988811	-0.689836	0.714303	0.117888	-0.723803	-0.683926	-0.091403
21835	9.715453	1.156449	-0.817805	0.003190	-0.003945	-0.004303	0.015276	-0.148486	0.988797	-0.689938	0.714201	0.117909	-0.723708	-0.684009	-0.091536
21836	9.722239	1.135923	-0.887917	0.002495	-0.001386	-0.006604	0.015247	-0.148547	0.988788	-0.689972	0.714164	0.117929	-0.723675	-0.684034	-0.091604
21837	9.732525	1.118826	-0.915987	-0.000319	-0.003592	-0.004543	0.015192	-0.148659	0.988772	-0.690059	0.714076	0.117962	-0.723594	-0.684103	-0.091735
21838	9.700174	1.131342	-0.914518	0.005266	-0.000758	-0.004022	0.015150	-0.148698	0.988767	-0.690114	0.714023	0.117954	-0.723542	-0.684149	-0.091801
21839	9.708150	1.151371	-0.902902	0.003679	-0.004446	-0.002942	0.015108	-0.148710	0.988765	-0.690156	0.713987	0.117929	-0.723503	-0.684184	-0.091846
21840	9.740379	1.139514	-0.904863	-0.002771	-0.000628	-0.002581	0.015057	-0.148738	0.988762	-0.690153	0.713992	0.117914	-0.723506	-0.684173	-0.091901
21841	9.732308	1.120039	-0.916807	-0.004281	-0.000702	-0.002021	0.014923	-0.148707	0.988769	-0.690148	0.714016	0.117801	-0.723515	-0.684154	-0.091974
21842	9.726448	1.154370	-0.918858	-0.006691	0.003841	-0.004702	0.014919	-0.148718	0.988767	-0.690116	0.714045	0.117810	-0.723545	-0.684122	-0.091980
21843	9.713857	1.118856	-0.900212	-0.010200	0.004193	-0.004942	0.014965	-0.148736	0.988764	-0.690107	0.714046	0.117856	-0.723552	-0.684117	-0.091958
21844	9.708006	1.153408	-0.901844	-0.011916	0.006176	-0.005322	0.014982	-0.148736	0.988763	-0.690038	0.714110	0.117876	-0.723618	-0.684050	-0.091934
21845	9.729903	1.159631	-0.874930	-0.015914	0.007030	-0.006923	0.015001	-0.148761	0.988759	-0.689996	0.714144	0.117913	-0.723657	-0.684009	-0.091931
21846	9.721844	1.140739	-0.886068	-0.016198	0.005473	-0.007343	0.015027	-0.148780	0.988756	-0.689896	0.714234	0.117957	-0.723752	-0.683911	-0.091910
21847	9.699905	1.135861	-0.911766	-0.009789	0.000077	-0.003062	0.015009	-0.148843	0.988747	-0.689903	0.714222	0.117989	-0.723746	-0.683910	-0.091968
21848	9.735687	1.127361	-0.871151	-0.009961	0.004168	0.000121	0.014974	-0.148818	0.988751	-0.689849	0.714280	0.117954	-0.723799	-0.683855	-0.091967
21849	9.705772	1.102464	-0.908619	-0.008408	0.005823	-0.005081	0.015085	-0.148810	0.988751	-0.689806	0.714308	0.118030	-0.723837	-0.683827	-0.091875
21850	9.695387	1.120488	-0.880228	-0.002411	0.004542	-0.002680	0.015072	-0.148803	0.988752	-0.689807	0.714310	0.118016	-0.723837	-0.683826	-0.091879
21851	9.749575	1.114202	-0.855426	-0.001185	0.003061	-0.003661	0.015139	-0.148814	0.988749	-0.689848	0.714262	0.118064	-0.723796	-0.683874	-0.091845
21852	9.684994	1.138779	-0.851521	-0.002618	0.006600	-0.003619	0.015148	-0.148799	0.988751	-0.689847	0.714264	0.118060	-0.723797	-0.683875	-0.091829
21853	9.714908	1.164393	-0.812996	-0.006486	0.001782	-0.003762	0.015184	-0.148783	0.988753	-0.689823	0.714284	0.118076	-0.723819	-0.683858	-0.091788
21854	9.706875	1.145164	-0.824375	-0.011635	0.007729	-0.004901	0.015210	-0.148769	0.988755	-0.689756	0.714346	0.118092	-0.723882	-0.683796	-0.091749
21855	9.733335	1.167527	-0.827340	-0.014373	0.009134	-0.003359	0.015277	-0.148685	0.988767	-0.689665	0.714435	0.118088	-0.723968	-0.683721	-0.091628
21856	9.702364	1.130019	-0.792190	-0.016330	0.011141	-0.008801	0.015354	-0.148676	0.988767	-0.689563	0.714524	0.118147	-0.724063	-0.683631	-0.091550
21857	9.714912	1.167076	-0.809085	-0.019634	0.009433	-0.008103	0.015397	-0.148608	0.988776	-0.689417	0.714665	0.118146	-0.724201	-0.683498	-0.091449
21858	9.696480	1.165854	-0.791990	-0.019352	0.010988	-0.007681	0.015466	-0.148592	0.988778	-0.689294	0.714775	0.118197	-0.724317	-0.683386	-0.091369
21859	9.694327	1.113125	-0.800469	-0.016333	0.011138	-0.008800	0.015575	-0.148527	0.988786	-0.689186	0.714873	0.118238	-0.724417	-0.683299	-0.091228
21860	9.706880	1.150076	-0.817446	-0.012128	0.008228	-0.006260	0.015614	-0.148519	0.988786	-0.689115	0.714936	0.118268	-0.724484	-0.683234	-0.091184
21861	9.717300	1.133293	-0.844253	-0.010825	0.010361	-0.007758	0.015716	-0.148406	0.988802	-0.688996	0.715050	0.118271	-0.724595	-0.683139	-0.091014
21862	9.703434	1.148310	-0.857324	-0.010336	0.009858	-0.006397	0.015768	-0.148388	0.988803	-0.688938	0.715101	0.118300	-0.724649	-0.683090	-0.090955
21863	9.703399	1.149128	-0.856618	-0.011747	0.002079	-0.008508	0.015834	-0.148420	0.988798	-0.688884	0.715140	0.118375	-0.724698	-0.683042	-0.090920
21864	9.740228	1.154217	-0.887694	-0.016661	0.007996	-0.004582	0.015860	-0.148402	0.988800	-0.688781	0.715237	0.118393	-0.724796	-0.682944	-0.090872
21865	9.721791	1.152820	-0.870885	-0.016411	0.007521	-0.008284	0.015869	-0.148408	0.988799	-0.688720	0.715292	0.118411	-0.724853	-0.682885	-0.090861
21866	9.726318	1.170140	-0.900095	-0.016205	0.005462	-0.007346	0.015895	-0.148427	0.988796	-0.688620	0.715382	0.118455	-0.724949	-0.682787	-0.090839
21867	9.712412	1.185198	-0.913573	-0.014205	0.005036	-0.006545	0.015809	-0.148385	0.988803	-0.688534	0.715478	0.118377	-0.725032	-0.682696	-0.090858
21868	9.704381	1.166212	-0.925081	-0.015791	0.001345	-0.005471	0.015792	-0.148419	0.988799	-0.688436	0.715567	0.118402	-0.725125	-0.682595	-0.090877
21869	9.724095	1.118687	-0.908371	-0.013999	0.002977	-0.005607	0.015784	-0.148361	0.988807	-0.688305	0.715699	0.118371	-0.725250	-0.682469	-0.090821
21870	9.691763	1.131257	-0.906320	-0.009510	0.001624	-0.002645	0.015750	-0.148372	0.988806	-0.688253	0.715750	0.118362	-0.725299	-0.682413	-0.090844
21871	9.717034	1.140335	-0.837805	-0.006207	0.003334	-0.003340	0.015851	-0.148384	0.988803	-0.688232	0.715757	0.118442	-0.725318	-0.682403	-0.090777
21872	9.727450	1.123285	-0.865429	-0.003749	0.000377	-0.005305	0.015827	-0.148423	0.988797	-0.688222	0.715765	0.118455	-0.725328	-0.682386	-0.090820
21873	9.690558	1.119409	-0.833311	-0.004623	0.007024	-0.004412	0.015889	-0.148384	0.988802	-0.688222	0.715763	0.118469	-0.725327	-0.682397	-0.090749
21874	9.730834	1.127540	-0.822519	-0.003468	0.001932	-0.004881	0.015873	-0.148409	0.988799	-0.688213	0.715769	0.118478	-0.725335	-0.682385	-0.090776
21875	9.692614	1.173871	-0.822726	-0.003719	0.002406	-0.001179	0.015865	-0.148392	0.988801	-0.688225	0.715761	0.118459	-0.725324	-0.682397	-0.090772
21876	9.735363	1.144608	-0.852067	0.000043	0.001585	-0.004639	0.015845	-0.148418	0.988798	-0.688242	0.715744	0.118461	-0.725308	-0.682409	-0.090807
21877	9.716870	1.143000	-0.836074	-0.002727	0.000956	-0.007224	0.015803	-0.148495	0.988787	-0.688314	0.715672	0.118480	-0.725241	-0.682468	-0.090901
21878	9.721373	1.159940	-0.866082	0.002251	-0.000898	-0.002901	0.015753	-0.148525	0.988783	-0.688348	0.715642	0.118463	-0.725210	-0.682493	-0.090963
21879	9.727229	1.126366	-0.863915	0.001554	0.001662	-0.005198	0.015762	-0.148515	0.988785	-0.688377	0.715615	0.118458	-0.725181	-0.682524	-0.090955
21880	9.702884	1.158643	-0.849605	-0.003040	0.010714	-0.005485	0.015814	-0.148485	0.988788	-0.688373	0.715617	0.118472	-0.725185	-0.682528	-0.090896
21881	9.724741	1.164635	-0.822602	-0.004906	0.005467	-0.004836	0.015862	-0.148488	0.988787	-0.688385	0.715599	0.118506	-0.725172	-0.682546	-0.090866
21882	9.702901	1.159671	-0.848002	-0.007855	0.008925	-0.004231	0.015892	-0.148461	0.988791	-0.688346	0.715636	0.118512	-0.725209	-0.682513	-0.090819
21883	9.730665	1.131697	-0.818799	-0.006625	0.007447	-0.005214	0.015876	-0.148427	0.988796	-0.688354	0.715634	0.118475	-0.725201	-0.682522	-0.090809
21884	9.692453	1.178159	-0.818484	-0.007647	0.006867	-0.003295	0.015885	-0.148407	0.988799	-0.688316	0.715671	0.118471	-0.725237	-0.682488	-0.090783
21885	9.687893	1.162266	-0.787567	-0.008834	0.009929	-0.006951	0.015963	-0.148357	0.988805	-0.688278	0.715704	0.118494	-0.725271	-0.682464	-0.090686
21886	9.728184	1.170635	-0.776040	-0.015087	0.011674	-0.005653	0.016023	-0.148321	0.988809	-0.688186	0.715789	0.118520	-0.725358	-0.682384	-0.090603
21887	9.731619	1.174519	-0.732404	-0.021268	0.017032	-0.004867	0.016125	-0.148239	0.988820	-0.688090	0.715877	0.118542	-0.725446	-0.682309	-0.090459
21888	9.720357	1.152372	-0.784280	-0.028710	0.021837	-0.007225	0.016269	-0.148145	0.988832	-0.687899	0.716052	0.118596	-0.725624	-0.682146	-0.090259
21889	9.683539	1.148888	-0.750107	-0.023897	0.023625	-0.008475	0.016465	-0.148073	0.988839	-0.687809	0.716122	0.118688	-0.725705	-0.682087	-0.090055
21890	9.707979	1.118284	-0.761267	-0.028181	0.022915	-0.010503	0.016640	-0.147996	0.988848	-0.687622	0.716289	0.118774	-0.725879	-0.681930	-0.089846
21891	9.706729	1.169945	-0.790599	-0.024320	0.027735	-0.010344	0.016898	-0.147907	0.988857	-0.687519	0.716366	0.118898	-0.725969	-0.681867	-0.089584
21892	9.720703	1.156789	-0.773416	-0.023554	0.028785	-0.008558	0.017102	-0.147776	0.988873	-0.687366	0.716503	0.118961	-0.726110	-0.681752	-0.089322
21893	9.728770	1.177376	-0.758295	-0.026091	0.028120	-0.006083	0.017343	-0.147615	0.988893	-0.687215	0.716636	0.119026	-0.726247	-0.681647	-0.089015
21894	9.709718	1.135863	-0.821475	-0.022814	0.027807	-0.010899	0.017556	-0.147507	0.988905	-0.687066	0.716765	0.119112	-0.726383	-0.681535	-0.088763
21895	9.736229	1.158841	-0.822424	-0.018118	0.024397	-0.006999	0.017764	-0.147407	0.988916	-0.687008	0.716808	0.119188	-0.726432	-0.681511	-0.088537
21896	9.733675	1.196826	-0.780137	-0.013932	0.019468	-0.008587	0.017901	-0.147339	0.988924	-0.686924	0.716880	0.119242	-0.726509	-0.681450	-0.088378
21897	9.684980	1.194194	-0.986599	-0.016422	0.020393	-0.010750	0.018005	-0.147252	0.988935	-0.686842	0.716955	0.119259	-0.726584	-0.681390	-0.088230
21898	9.624296	1.131760	-0.989779	-0.011886	0.007739	-0.009964	0.018066	-0.147274	0.988931	-0.686773	0.717011	0.119325	-0.726648	-0.681326	-0.088190
21899	9.710652	1.114125	-0.966373	-0.008303	-0.001885	-0.007769	0.018128	-0.147344	0.988919	-0.686754	0.717013	0.119420	-0.726664	-0.681309	-0.088191
21900	9.721751	1.137525	-0.912353	-0.014888	-0.003293	-0.002267	0.018056	-0.147386	0.988914	-0.686664	0.717100	0.119413	-0.726751	-0.681208	-0.088256
21901	9.692004	1.112739	-0.951208	-0.016540	-0.010598	-0.000697	0.017982	-0.147455	0.988905	-0.686603	0.717158	0.119420	-0.726810	-0.681133	-0.088347
21902	9.705751	1.098582	-0.938003	-0.007513	-0.011706	0.000599	0.017830	-0.147534	0.988896	-0.686567	0.717199	0.119378	-0.726848	-0.681072	-0.088504
21903	9.756413	1.088707	-0.957187	-0.000486	-0.025285	0.003544	0.017585	-0.147706	0.988875	-0.686645	0.717133	0.119327	-0.726780	-0.681105	-0.088811
21904	9.724537	1.140437	-0.876023	0.003515	-0.026133	0.005150	0.017296	-0.147851	0.988858	-0.686691	0.717105	0.119230	-0.726744	-0.681102	-0.089124
21905	9.719801	1.123116	-0.848460	0.010633	-0.021185	0.009264	0.017012	-0.147898	0.988856	-0.686810	0.717020	0.119057	-0.726638	-0.681182	-0.089380
21906	9.707158	1.085981	-0.833120	0.014540	-0.027667	0.007246	0.016698	-0.148038	0.988841	-0.686936	0.716921	0.118929	-0.726526	-0.681256	-0.089721
21907	9.714949	1.104714	-0.823865	0.018819	-0.026961	0.009277	0.016433	-0.148189	0.988822	-0.687163	0.716719	0.118831	-0.726318	-0.681435	-0.090052
21908	9.682461	1.115781	-0.825332	0.032563	-0.031915	0.005700	0.016099	-0.148370	0.988801	-0.687419	0.716495	0.118702	-0.726082	-0.681632	-0.090457
21909	9.665815	1.166164	-0.803164	0.040283	-0.035169	0.008482	0.015710	-0.148543	0.988781	-0.687769	0.716189	0.118519	-0.725759	-0.681915	-0.090912
21910	9.687440	1.170412	-0.781049	0.045230	-0.039053	0.008677	0.015304	-0.148751	0.988756	-0.688118	0.715882	0.118350	-0.725438	-0.682192	-0.091403
21911	9.651535	1.177930	-0.825685	0.049506	-0.038352	0.010706	0.014926	-0.148909	0.988738	-0.688513	0.715534	0.118157	-0.725070	-0.682523	-0.091846
21912	9.679119	1.147819	-0.801840	0.052197	-0.041346	0.013803	0.014469	-0.149096	0.988717	-0.688912	0.715187	0.117930	-0.724700	-0.682846	-0.092366
21913	9.705334	1.168006	-0.810352	0.051909	-0.042910	0.013381	0.014010	-0.149263	0.988698	-0.689322	0.714833	0.117685	-0.724320	-0.683180	-0.092876
21914	9.708596	1.169398	-0.773200	0.057902	-0.044193	0.015784	0.013518	-0.149456	0.988676	-0.689762	0.714449	0.117433	-0.723910	-0.683539	-0.093431
21915	9.686559	1.161936	-0.804281	0.064705	-0.042840	0.015331	0.012953	-0.149572	0.988666	-0.690230	0.714056	0.117071	-0.723474	-0.683924	-0.093990
21916	9.711766	1.168611	-0.741240	0.063600	-0.047045	0.017768	0.012427	-0.149771	0.988643	-0.690712	0.713637	0.116792	-0.723024	-0.684318	-0.094580
21917	9.645882	1.149985	-0.825022	0.072856	-0.048657	0.015347	0.011859	-0.149979	0.988618	-0.691291	0.713127	0.116477	-0.722479	-0.684804	-0.095222
21918	9.691870	1.121469	-0.818367	0.073749	-0.053290	0.018588	0.011282	-0.150215	0.988589	-0.691845	0.712638	0.116180	-0.721958	-0.685261	-0.095885
21919	9.727285	1.201227	-0.734859	0.086750	-0.055284	0.021465	0.010579	-0.150394	0.988570	-0.692492	0.712081	0.115741	-0.721348	-0.685801	-0.096613
21920	9.687646	1.203905	-0.823717	0.089918	-0.059252	0.017165	0.009969	-0.150682	0.988532	-0.693161	0.711479	0.115441	-0.720714	-0.686362	-0.097354
21921	9.677149	1.128052	-0.852099	0.094630	-0.061110	0.016426	0.009227	-0.150911	0.988504	-0.693847	0.710880	0.115003	-0.720064	-0.686932	-0.098150
21922	9.703814	1.175494	-0.709594	0.104603	-0.063268	0.020422	0.008566	-0.151204	0.988465	-0.694620	0.710181	0.114655	-0.719326	-0.687590	-0.098946
21923	9.726383	1.190921	-0.763033	0.102337	-0.062385	0.023332	0.007938	-0.151471	0.988430	-0.695416	0.709458	0.114305	-0.718563	-0.688278	-0.099704
21924	9.665973	1.137157	-0.845811	0.109641	-0.059996	0.019577	0.007307	-0.151749	0.988392	-0.696224	0.708721	0.113958	-0.717787	-0.688975	-0.100473
21925	9.664989	1.121627	-0.781249	0.118672	-0.070457	0.022855	0.006674	-0.152070	0.988347	-0.697128	0.707886	0.113625	-0.716916	-0.689763	-0.101288
21926	9.722764	1.115814	-0.723242	0.124949	-0.068654	0.021020	0.005972	-0.152399	0.988301	-0.698043	0.707044	0.113246	-0.716031	-0.690553	-0.102158
21927	9.748973	1.134420	-0.735315	0.127327	-0.061894	0.025817	0.005338	-0.152653	0.988265	-0.699032	0.706130	0.112848	-0.715070	-0.691432	-0.102940
21928	9.633946	1.086382	-0.842440	0.145195	-0.068343	0.020120	0.004645	-0.152987	0.988217	-0.700089	0.705144	0.112455	-0.714040	-0.692363	-0.103829
21929	9.679842	1.056783	-0.838268	0.146628	-0.069884	0.024216	0.003869	-0.153286	0.988174	-0.701200	0.704118	0.111968	-0.712954	-0.693341	-0.104760
21930	9.770490	1.050620	-0.854380	0.147239	-0.063199	0.024503	0.003184	-0.153556	0.988135	-0.702269	0.703122	0.111528	-0.711905	-0.694291	-0.105599
21931	9.747294	1.017179	-0.743028	0.148632	-0.055447	0.026555	0.002529	-0.153698	0.988115	-0.703331	0.702140	0.111016	-0.710858	-0.695253	-0.106325
21932	9.684941	1.011692	-0.857539	0.153962	-0.050620	0.026086	0.001922	-0.153871	0.988089	-0.704444	0.701097	0.110550	-0.709757	-0.696266	-0.107046
21933	9.694823	0.989645	-0.891858	0.160830	-0.055023	0.027106	0.001301	-0.154076	0.988058	-0.705665	0.699943	0.110078	-0.708545	-0.697381	-0.107816
21934	9.775535	1.000719	-0.879233	0.156912	-0.050070	0.033733	0.000645	-0.154194	0.988040	-0.706795	0.698888	0.109530	-0.707419	-0.698412	-0.108533
21935	9.773627	1.034218	-0.846493	0.163739	-0.045194	0.032683	-0.000018	-0.154275	0.988028	-0.708006	0.697754	0.108937	-0.706207	-0.699528	-0.109241
21936	9.691084	1.063909	-0.905369	0.172118	-0.048016	0.028483	-0.000622	-0.154418	0.988005	-0.709239	0.696581	0.108423	-0.704968	-0.700664	-0.109952
21937	9.690893	1.059744	-0.912280	0.180113	-0.056030	0.024448	-0.001153	-0.154614	0.987974	-0.710540	0.695321	0.107986	-0.703656	-0.701871	-0.110661
21938	9.684991	1.100772	-0.995434	0.175603	-0.064031	0.023607	-0.001834	-0.154904	0.987928	-0.711793	0.694112	0.107513	-0.702387	-0.703003	-0.111533
21939	9.730876	1.070554	-0.990753	0.166143	-0.060336	0.025103	-0.002448	-0.155148	0.987888	-0.713012	0.692931	0.107058	-0.701148	-0.704114	-0.112318
21940	9.744576	1.052488	-0.984020	0.163586	-0.060998	0.027621	-0.003135	-0.155391	0.987848	-0.714175	0.691809	0.106557	-0.699960	-0.705162	-0.113146
21941	9.695449	1.020590	-1.012453	0.163174	-0.064722	0.023150	-0.003705	-0.155700	0.987797	-0.715383	0.690618	0.106174	-0.698722	-0.706260	-0.113944
21942	9.682639	0.980964	-1.000767	0.154207	-0.063002	0.030676	-0.004427	-0.155938	0.987757	-0.716477	0.689564	0.105651	-0.697597	-0.707237	-0.114779
21943	9.755076	0.971815	-1.000385	0.153922	-0.053235	0.032244	-0.005168	-0.156100	0.987728	-0.717626	0.688461	0.105049	-0.696410	-0.708276	-0.115580
21944	9.745092	0.975481	-0.907165	0.149896	-0.052421	0.030666	-0.005816	-0.156266	0.987698	-0.718685	0.687434	0.104528	-0.695311	-0.709236	-0.116304
21945	9.735045	1.000174	-0.958136	0.137262	-0.037443	0.030164	-0.006370	-0.156287	0.987691	-0.719680	0.686475	0.103983	-0.694277	-0.710159	-0.116850
21946	9.765741	1.022598	-0.926058	0.126755	-0.027047	0.027343	-0.006818	-0.156297	0.987687	-0.720576	0.685605	0.103520	-0.693343	-0.710997	-0.117298
21947	9.781150	1.087960	-0.797119	0.125740	-0.026115	0.024615	-0.007157	-0.156343	0.987677	-0.721531	0.684656	0.103149	-0.692346	-0.711901	-0.117706
21948	9.774105	1.157633	-0.765707	0.111268	-0.014836	0.020189	-0.007468	-0.156316	0.987679	-0.722317	0.683882	0.102774	-0.691521	-0.712650	-0.118017
21949	9.770180	1.139933	-0.736720	0.089718	0.001400	0.018405	-0.007613	-0.156207	0.987695	-0.723026	0.683178	0.102474	-0.690778	-0.713349	-0.118143
21950	9.756343	1.151621	-0.751690	0.065136	0.007649	0.011181	-0.007704	-0.156082	0.987714	-0.723494	0.682718	0.102242	-0.690288	-0.713817	-0.118184
21951	9.731588	1.079962	-0.711626	0.053493	0.011820	0.006790	-0.007647	-0.155982	0.987730	-0.723951	0.682249	0.102136	-0.689809	-0.714287	-0.118141
21952	9.755578	1.046477	-0.723313	0.041439	0.018600	0.005104	-0.007618	-0.155821	0.987756	-0.724255	0.681948	0.101993	-0.689490	-0.714610	-0.118049
21953	9.779656	1.012903	-0.733888	0.042583	0.032646	0.009128	-0.007427	-0.155503	0.987808	-0.724606	0.681595	0.101850	-0.689123	-0.715015	-0.117740
21954	9.827714	0.946173	-0.755664	0.026494	0.045110	0.017686	-0.007306	-0.155065	0.987877	-0.724806	0.681420	0.101601	-0.688914	-0.715277	-0.117371
21955	9.916491	0.876859	-0.694528	0.028941	0.051973	0.022342	-0.007158	-0.154524	0.987963	-0.725066	0.681189	0.101289	-0.688642	-0.715614	-0.116916
21956	9.859872	0.825757	-0.720450	0.042103	0.057737	0.032742	-0.007060	-0.153894	0.988062	-0.725373	0.680925	0.100873	-0.688320	-0.716001	-0.116438
21957	9.908278	0.756497	-0.739413	0.054048	0.074285	0.041906	-0.006891	-0.153051	0.988194	-0.725804	0.680544	0.100341	-0.687867	-0.716544	-0.115775
21958	9.888010	0.829018	-0.639683	0.088537	0.087295	0.039436	-0.006640	-0.152163	0.988333	-0.726428	0.679956	0.099805	-0.687210	-0.717291	-0.115050
21959	9.829876	0.948381	-0.541926	0.114420	0.087503	0.031138	-0.006273	-0.151310	0.988466	-0.727284	0.679109	0.099339	-0.686308	-0.718273	-0.114305
21960	9.855691	1.005560	-0.501336	0.106641	0.096428	0.026722	-0.005869	-0.150441	0.988602	-0.728033	0.678369	0.098910	-0.685517	-0.719154	-0.113507
21961	9.814397	1.034084	-0.463753	0.096461	0.108401	0.024194	-0.005411	-0.149535	0.988742	-0.728775	0.677633	0.098496	-0.684732	-0.720037	-0.112644
21962	9.891775	1.032203	-0.403481	0.080917	0.124814	0.020002	-0.004765	-0.148507	0.988900	-0.729346	0.677066	0.098163	-0.684128	-0.720783	-0.111539
21963	9.859855	1.033251	-0.316669	0.065336	0.149002	0.018260	-0.003969	-0.147270	0.989088	-0.729854	0.676569	0.097809	-0.683591	-0.721502	-0.110171
21964	9.846054	1.035785	-0.243843	0.040326	0.165642	0.016053	-0.003016	-0.145972	0.989284	-0.730148	0.676287	0.097563	-0.683282	-0.722030	-0.108621
21965	9.902658	0.988891	-0.239950	0.022027	0.191290	0.015788	-0.001928	-0.144412	0.989516	-0.730355	0.676110	0.097250	-0.683065	-0.722510	-0.106776
21966	9.885866	0.937327	-0.168670	-0.000155	0.222055	0.022025	-0.000635	-0.142665	0.989771	-0.730373	0.676128	0.096988	-0.683048	-0.722840	-0.104628
21967	9.925777	0.933691	-0.062643	-0.012853	0.254005	0.021576	0.000893	-0.140627	0.990062	-0.730355	0.676188	0.096704	-0.683068	-0.723183	-0.102104
21968	9.806444	0.953209	0.014932	-0.035215	0.299552	0.023960	0.002702	-0.138304	0.990386	-0.730134	0.676462	0.096458	-0.683299	-0.723375	-0.099153
21969	9.836637	0.977509	0.083385	-0.072122	0.334272	0.026738	0.004808	-0.135654	0.990745	-0.729724	0.676936	0.096228	-0.683725	-0.723433	-0.095735
21970	9.852861	1.015271	0.141362	-0.102813	0.379849	0.025444	0.007159	-0.132740	0.991125	-0.729042	0.677699	0.096029	-0.684431	-0.723259	-0.091921
21971	9.901475	0.943401	0.272471	-0.135116	0.411822	0.018748	0.009875	-0.129606	0.991516	-0.728221	0.678592	0.095956	-0.685272	-0.722990	-0.087681
21972	9.712862	0.981863	0.324957	-0.179884	0.467239	0.032624	0.012781	-0.126014	0.991946	-0.727011	0.679918	0.095742	-0.686507	-0.722379	-0.082924
21973	9.663356	0.998268	0.318403	-0.255399	0.517901	0.047850	0.015968	-0.121908	0.992413	-0.725359	0.681726	0.095414	-0.688186	-0.721379	-0.077541
21974	9.858308	0.975421	0.264966	-0.307064	0.571089	0.058431	0.019419	-0.117399	0.992895	-0.723274	0.683993	0.095020	-0.690288	-0.719980	-0.071629
21975	9.915648	0.785465	0.345957	-0.349551	0.630083	0.079424	0.023160	-0.112324	0.993402	-0.720980	0.686492	0.094431	-0.692569	-0.718410	-0.065085
21976	9.811519	0.798293	0.442894	-0.336126	0.657347	0.093795	0.026982	-0.106967	0.993896	-0.718693	0.688990	0.093663	-0.694804	-0.716834	-0.058286
21977	9.824993	0.779205	0.411989	-0.361459	0.675995	0.097253	0.030944	-0.101441	0.994360	-0.716317	0.691571	0.092843	-0.697088	-0.715150	-0.051264
21978	9.728866	0.717928	0.475411	-0.333822	0.678485	0.105501	0.034864	-0.095868	0.994783	-0.714043	0.694042	0.091911	-0.699233	-0.713523	-0.044257
21979	9.825348	0.624727	0.464446	-0.333265	0.673971	0.110847	0.038775	-0.090225	0.995166	-0.711874	0.696403	0.090876	-0.701236	-0.711957	-0.037226
21980	10.046335	0.797235	0.481442	-0.305639	0.676479	0.119281	0.042615	-0.084587	0.995504	-0.709799	0.698663	0.089750	-0.703114	-0.710433	-0.030266
21981	10.077617	0.540555	0.533689	-0.337169	0.694842	0.134739	0.046554	-0.078678	0.995812	-0.707625	0.701028	0.088469	-0.705053	-0.708780	-0.023039
21982	10.062070	0.538114	0.590302	-0.285809	0.702595	0.162484	0.050303	-0.072567	0.996094	-0.705710	0.703156	0.086864	-0.706713	-0.707323	-0.015840
21983	10.207221	1.115119	0.635799	-0.327583	0.688573	0.175412	0.053996	-0.066354	0.996334	-0.703633	0.705447	0.085115	-0.708509	-0.705649	-0.008598
21984	10.366597	0.937491	0.669856	-0.435749	0.709375	0.189817	0.057637	-0.060019	0.996532	-0.700670	0.708618	0.083203	-0.711154	-0.703035	-0.001211
21985	10.293228	0.835762	0.768788	-0.488656	0.740276	0.211217	0.061410	-0.053300	0.996688	-0.697463	0.712023	0.081051	-0.713985	-0.700130	0.006550
21986	10.024246	0.612846	0.787747	-0.458925	0.742886	0.218003	0.065145	-0.046557	0.996789	-0.694342	0.715319	0.078789	-0.716690	-0.697246	0.014273
21987	10.091366	0.890061	0.829332	-0.500981	0.715522	0.223969	0.068782	-0.039913	0.996833	-0.691079	0.718724	0.076462	-0.719499	-0.694149	0.021852
21988	10.127741	0.433574	0.695982	-0.551609	0.701506	0.231995	0.072180	-0.033387	0.996833	-0.687289	0.722608	0.073968	-0.722789	-0.690452	0.029212
21989	10.200803	0.590102	0.775526	-0.520446	0.709655	0.237262	0.075665	-0.026700	0.996776	-0.683847	0.726127	0.071361	-0.725691	-0.687042	0.036684
21990	10.026875	0.500749	0.760772	-0.515418	0.704546	0.237560	0.079106	-0.020144	0.996663	-0.680309	0.729695	0.068745	-0.728644	-0.683477	0.044019
21991	10.132915	0.672104	0.759734	-0.536003	0.719043	0.249330	0.082661	-0.013306	0.996489	-0.676761	0.733244	0.065930	-0.731547	-0.679835	0.051606
21992	10.143640	0.592353	0.854062	-0.571212	0.726526	0.259561	0.086175	-0.006474	0.996259	-0.672819	0.737121	0.062988	-0.734771	-0.675730	0.059166
21993	10.294929	0.612206	0.912164	-0.583816	0.732485	0.255659	0.089920	0.000467	0.995949	-0.668966	0.740864	0.060051	-0.737834	-0.671655	0.066931
21994	10.402893	0.834208	0.978796	-0.618595	0.772703	0.272590	0.093756	0.007664	0.995566	-0.664668	0.744972	0.056859	-0.741233	-0.667052	0.074940
21995	10.276138	0.372638	1.137927	-0.672947	0.780262	0.271192	0.097760	0.015000	0.995097	-0.660104	0.749263	0.053555	-0.744786	-0.662103	0.083149
21996	10.282290	0.441650	1.164230	-0.654913	0.809975	0.252273	0.102086	0.022240	0.994527	-0.655494	0.753514	0.050435	-0.748268	-0.657056	0.091501
21997	10.130667	0.080449	1.200532	-0.687796	0.844605	0.237878	0.106846	0.029691	0.993832	-0.650745	0.757821	0.047321	-0.751741	-0.651787	0.100292
21998	10.099117	0.135649	1.310830	-0.639268	0.830462	0.192331	0.111795	0.036546	0.993059	-0.646168	0.761885	0.044705	-0.754963	-0.646680	0.108790
21999	10.136991	0.026824	1.473296	-0.692424	0.842438	0.183041	0.116944	0.043484	0.992186	-0.641282	0.766155	0.042007	-0.758341	-0.641184	0.117482
22000	9.927195	-0.418860	1.589463	-0.709136	0.846593	0.179357	0.122172	0.050269	0.991235	-0.636136	0.770574	0.039327	-0.761843	-0.635365	0.126121
22001	9.962305	-0.510300	1.647250	-0.622428	0.825024	0.136439	0.127470	0.056618	0.990225	-0.631639	0.774377	0.037034	-0.764711	-0.630186	0.134472
22002	10.040357	-0.212221	1.589257	-0.524091	0.853854	0.119420	0.133197	0.062910	0.989091	-0.627812	0.777574	0.035088	-0.766884	-0.625637	0.143066
22003	9.871672	-0.175223	1.594358	-0.427400	0.861162	0.106463	0.139097	0.069236	0.987855	-0.624863	0.780023	0.033316	-0.768244	-0.621908	0.151762
22004	9.831908	-0.001624	1.550190	-0.360091	0.861874	0.085060	0.145132	0.075250	0.986547	-0.622247	0.782172	0.031878	-0.769250	-0.618502	0.160343
22005	9.693542	-0.196884	1.507000	-0.330981	0.833234	0.057957	0.151138	0.080974	0.985191	-0.619972	0.784024	0.030670	-0.769930	-0.615426	0.168697
22006	9.484440	-0.130033	1.235407	-0.210795	0.767867	0.007359	0.156945	0.085754	0.983877	-0.618393	0.785289	0.030199	-0.770038	-0.613162	0.176276
22007	9.336312	-0.019665	0.969074	-0.163263	0.755102	0.023080	0.162579	0.090689	0.982519	-0.617431	0.786068	0.029611	-0.769641	-0.611452	0.183793
22008	9.420061	0.284106	0.706897	-0.062156	0.733136	0.031079	0.167967	0.095418	0.981164	-0.617037	0.786394	0.029155	-0.768799	-0.610311	0.190965
22009	9.686906	0.408437	0.692223	-0.020356	0.743056	0.054385	0.173307	0.100530	0.979724	-0.617152	0.786328	0.028485	-0.767520	-0.609575	0.198319
22010	9.930146	0.560625	0.881311	-0.042835	0.775568	0.066236	0.178787	0.105781	0.978185	-0.616974	0.786496	0.027716	-0.766406	-0.608469	0.205879
22011	9.991373	0.990809	1.091878	-0.088587	0.829202	0.061534	0.184707	0.111440	0.976455	-0.616588	0.786829	0.026836	-0.765312	-0.607027	0.214045
22012	9.762409	1.101029	1.376432	-0.177475	0.845817	0.044039	0.190847	0.116917	0.974632	-0.615347	0.787828	0.025986	-0.764804	-0.604696	0.222299
22013	9.535449	0.734635	1.364327	-0.196682	0.777654	-0.035503	0.196956	0.121457	0.972860	-0.613919	0.788948	0.025792	-0.764403	-0.602337	0.229952
22014	9.582436	1.536033	1.443943	-0.317951	0.811083	-0.026477	0.203260	0.126126	0.970967	-0.611469	0.790864	0.025273	-0.764716	-0.598854	0.237873
22015	9.312494	1.334027	1.626773	-0.440575	0.785148	0.003141	0.209191	0.130952	0.969067	-0.608250	0.793380	0.024091	-0.765684	-0.594474	0.245620
22016	9.379626	1.057064	1.639677	-0.518159	0.747701	-0.000165	0.214864	0.135384	0.967215	-0.604313	0.796422	0.022769	-0.767228	-0.589393	0.252937
22017	9.278790	0.868138	1.709906	-0.538870	0.723890	-0.016091	0.220463	0.139611	0.965352	-0.600273	0.799507	0.021462	-0.768810	-0.584206	0.260067
22018	9.124801	0.693202	1.774855	-0.518144	0.691967	-0.035240	0.225941	0.143362	0.963534	-0.596243	0.802545	0.020405	-0.770354	-0.579111	0.266806
22019	8.957643	0.602848	1.892917	-0.509917	0.653484	-0.049792	0.231218	0.146831	0.961758	-0.592324	0.805465	0.019432	-0.771810	-0.574166	0.273209
22020	8.877239	0.454240	1.936543	-0.493611	0.593367	-0.065143	0.236128	0.149707	0.960120	-0.588395	0.808358	0.018664	-0.773327	-0.569338	0.278963
22021	8.828877	0.343461	1.999364	-0.465322	0.538889	-0.082088	0.240723	0.152194	0.958587	-0.584720	0.811034	0.018069	-0.774696	-0.564855	0.284226
22022	8.699682	0.266227	1.974206	-0.427492	0.481422	-0.103842	0.245003	0.154070	0.957202	-0.581191	0.813572	0.017809	-0.776009	-0.560680	0.288872
22023	8.519943	0.114069	1.992927	-0.384932	0.412068	-0.109765	0.248782	0.155571	0.955984	-0.578049	0.815810	0.017669	-0.777153	-0.557002	0.292886
22024	8.273774	-0.083770	2.095681	-0.352324	0.331163	-0.115669	0.251966	0.156475	0.955002	-0.575057	0.817921	0.017707	-0.778346	-0.553642	0.296071
22025	8.141618	-0.285115	2.134004	-0.308654	0.227773	-0.116667	0.254352	0.156869	0.954305	-0.572475	0.819728	0.017835	-0.779473	-0.550852	0.298303
22026	8.258228	-0.342483	2.179754	-0.274319	0.118961	-0.105008	0.255822	0.156672	0.953944	-0.570105	0.821375	0.017987	-0.780727	-0.548450	0.299445
22027	8.453423	-0.359578	2.231382	-0.269609	0.039273	-0.082056	0.256536	0.156304	0.953812	-0.567907	0.822899	0.017892	-0.782094	-0.546266	0.299870
22028	8.447902	-0.296920	2.073336	-0.270868	0.002854	-0.057455	0.256827	0.155858	0.953807	-0.565677	0.824439	0.017598	-0.783613	-0.544067	0.299903
22029	7.969467	-0.481772	2.034361	-0.288353	-0.003132	-0.040100	0.256969	0.155602	0.953811	-0.563430	0.825988	0.017046	-0.785184	-0.541786	0.299924
22030	7.674374	-0.939261	2.811518	-0.323685	-0.009437	-0.018023	0.256938	0.155414	0.953850	-0.560878	0.827739	0.016217	-0.787019	-0.539160	0.299846
22031	8.104868	-1.130261	4.293969	-0.383000	-0.005918	0.031410	0.256655	0.155739	0.953873	-0.558064	0.829668	0.014696	-0.789109	-0.536094	0.299851
22032	8.442082	-0.509548	4.980728	-0.307072	0.081437	0.016816	0.257147	0.156326	0.953644	-0.555721	0.831258	0.013584	-0.790601	-0.533453	0.300629
22033	8.948334	0.136331	6.422997	-0.242122	0.156190	-0.040478	0.258545	0.156934	0.953166	-0.553840	0.832519	0.013159	-0.791464	-0.531304	0.302160
22034	10.021416	0.235555	9.042988	-0.485634	0.222137	-0.043768	0.260490	0.157757	0.952501	-0.549917	0.835132	0.012074	-0.793559	-0.526941	0.304297
22035	10.322537	-0.109045	8.409279	-0.890426	0.322841	-0.058912	0.263322	0.159086	0.951501	-0.542840	0.839778	0.009821	-0.797487	-0.519099	0.307490
22036	9.663990	-0.575925	5.438587	-1.066209	0.343027	-0.095454	0.266522	0.160060	0.950445	-0.534099	0.845390	0.007403	-0.802312	-0.509605	0.310803
22037	8.080738	-1.489779	2.038685	-0.916593	0.097902	-0.052514	0.267532	0.160265	0.950127	-0.526767	0.849995	0.004949	-0.806811	-0.501820	0.311823
22038	7.527971	-2.805270	-0.233257	-0.524278	-0.355732	0.039538	0.264391	0.158838	0.951246	-0.522673	0.852528	0.002918	-0.810500	-0.497962	0.308421
22039	8.153693	-3.838759	-1.748956	0.011624	-0.612343	0.122122	0.258724	0.156986	0.953109	-0.523276	0.852161	0.001685	-0.811939	-0.499175	0.302622
22040	8.130043	-3.476055	-3.166035	0.784818	-0.656174	0.074522	0.252955	0.154334	0.955089	-0.529870	0.848073	0.003295	-0.809476	-0.506906	0.296301
22041	8.213032	-2.081561	-3.884784	1.521696	-0.732000	-0.045468	0.247227	0.150346	0.957222	-0.542212	0.840203	0.008074	-0.803047	-0.521014	0.289241
22042	8.985005	-0.674749	-3.334921	1.883414	-0.726239	-0.049605	0.241642	0.146100	0.959304	-0.557175	0.830279	0.013898	-0.794459	-0.537858	0.282033
22043	9.067621	0.696037	-1.455795	1.952158	-0.572479	-0.087451	0.237541	0.142385	0.960885	-0.572541	0.819630	0.020085	-0.784711	-0.554917	0.276217
22044	9.527121	1.538364	0.678528	1.851958	-0.518671	-0.198474	0.234588	0.137860	0.962270	-0.586556	0.809458	0.027027	-0.775191	-0.570765	0.270752
22045	11.127915	3.095646	2.696329	1.895122	-0.538729	-0.341763	0.232394	0.132103	0.963609	-0.600489	0.798853	0.035304	-0.765118	-0.586841	0.264975
22046	12.436979	4.661955	3.259844	1.760230	-0.595185	-0.426489	0.230397	0.125189	0.965010	-0.612927	0.788914	0.043992	-0.755803	-0.601616	0.258496
22047	12.700101	4.739214	3.030924	1.365767	-0.673462	-0.388841	0.227665	0.118131	0.966547	-0.622422	0.781008	0.051154	-0.748838	-0.613247	0.251336
22048	12.035819	3.910461	3.213146	0.947006	-0.739341	-0.305849	0.224000	0.111194	0.968225	-0.628840	0.775484	0.056424	-0.744570	-0.621498	0.243631
22049	11.428761	2.554903	2.722694	0.610280	-0.729475	-0.241090	0.220036	0.104835	0.969842	-0.632931	0.771867	0.060163	-0.742282	-0.627081	0.236192
22050	10.486778	1.034124	2.110458	0.446646	-0.706232	-0.242749	0.216280	0.098528	0.971347	-0.635750	0.769276	0.063525	-0.740975	-0.631273	0.229018
22051	9.760231	-0.529481	1.204013	0.454648	-0.691416	-0.270320	0.212825	0.092124	0.972738	-0.638616	0.766593	0.067122	-0.739510	-0.635491	0.221982
22052	9.473331	-1.301905	0.908756	0.684628	-0.683022	-0.311837	0.209724	0.085386	0.974025	-0.643046	0.762471	0.071618	-0.736551	-0.641363	0.214816
22053	9.596852	-1.400734	0.519236	0.968346	-0.685454	-0.308476	0.206624	0.078672	0.975252	-0.649593	0.756412	0.076609	-0.731666	-0.649347	0.207398
22054	9.903327	-0.988731	0.268992	1.259142	-0.681101	-0.268477	0.203361	0.072200	0.976438	-0.658248	0.748348	0.081758	-0.724813	-0.659365	0.199710
22055	9.947117	-0.446600	0.310347	1.446115	-0.676263	-0.189108	0.199678	0.066349	0.977613	-0.668370	0.738797	0.086374	-0.716527	-0.670654	0.191867
22056	10.146029	0.452427	0.469966	1.567504	-0.654853	-0.119265	0.195761	0.061046	0.978750	-0.679328	0.728239	0.090452	-0.707242	-0.682599	0.184031
22057	10.282525	1.308027	0.807360	1.562797	-0.637359	-0.070094	0.191696	0.056198	0.979844	-0.690247	0.717457	0.093891	-0.697719	-0.694333	0.176324
22058	10.221217	1.907358	1.043120	1.469376	-0.605160	-0.029850	0.187650	0.051752	0.980872	-0.700410	0.707162	0.096684	-0.688632	-0.705155	0.168946
22059	9.985493	2.227774	1.128079	1.350187	-0.613061	-0.061485	0.183820	0.047000	0.981836	-0.709598	0.697552	0.099460	-0.680206	-0.714991	0.161575
22060	9.728394	2.455829	1.316175	1.177078	-0.621200	-0.059985	0.179986	0.042116	0.982767	-0.717486	0.689084	0.101872	-0.672918	-0.723457	0.154243
22061	9.540936	2.506167	1.393832	0.988377	-0.622560	-0.079991	0.176329	0.037069	0.983633	-0.724024	0.681876	0.104093	-0.666857	-0.730528	0.147073
22062	9.486963	2.596405	1.365618	0.836040	-0.614146	-0.097086	0.172895	0.031904	0.984423	-0.729441	0.675748	0.106212	-0.661833	-0.736442	0.140106
22063	9.238537	2.648348	1.387152	0.733152	-0.597449	-0.130112	0.169843	0.026627	0.985111	-0.734098	0.670328	0.108447	-0.657460	-0.741587	0.133397
22064	9.148870	2.749766	1.461955	0.609657	-0.591491	-0.146227	0.166981	0.021249	0.985731	-0.737881	0.665800	0.110644	-0.653948	-0.745828	0.126856
22065	9.167150	2.371581	1.420107	0.514122	-0.604063	-0.153451	0.164112	0.015722	0.986316	-0.741023	0.661946	0.112746	-0.651116	-0.749386	0.120284
22066	9.352319	2.064415	1.339919	0.457122	-0.591307	-0.162646	0.161417	0.010205	0.986833	-0.743761	0.658506	0.114848	-0.648664	-0.752506	0.113884
22067	9.372193	1.577856	1.294406	0.420460	-0.593744	-0.173378	0.158808	0.004599	0.987299	-0.746249	0.655307	0.116982	-0.646446	-0.755348	0.107500
22068	9.627705	1.566657	1.127074	0.363567	-0.578470	-0.151982	0.156150	-0.000775	0.987733	-0.748388	0.652531	0.118824	-0.644619	-0.757761	0.101313
22069	9.744086	1.232722	0.977195	0.313151	-0.555558	-0.151312	0.153646	-0.005974	0.988108	-0.750205	0.650117	0.120584	-0.643106	-0.759811	0.095406
22070	9.800415	1.023265	0.790256	0.296397	-0.524446	-0.155617	0.151387	-0.010978	0.988414	-0.751903	0.647820	0.122358	-0.641658	-0.761714	0.089818
22071	9.781594	1.038994	0.749551	0.269439	-0.494278	-0.149197	0.149282	-0.015712	0.988670	-0.753437	0.645717	0.124025	-0.640350	-0.763415	0.084555
