// General information: 
//  MT Manager version: 2022.2.0 
//  XDA version: 2022.2.0 build 7381 rev 124627 built on 2023-07-19
// Device information: 
//  DeviceId: 00B4CBA7
//  ProductCode: MTW2-3A7G6
//  Firmware Version: 4.6.0
//  Hardware Version: 2.0.0
// Device settings: 
//  Filter Profile: human(46.1)
//  Option Flags: Orientation Smoother Disabled, Position/Velocity Smoother Disabled, Continuous Zero Rotation Update Disabled, AHS Disabled, ICC Disabled
// Coordinate system: ENU
PacketCounter	Acc_X	Acc_Y	Acc_Z	Gyr_X	Gyr_Y	Gyr_Z	Mat[1][1]	Mat[2][1]	Mat[3][1]	Mat[1][2]	Mat[2][2]	Mat[3][2]	Mat[1][3]	Mat[2][3]	Mat[3][3]
15535	9.756243	0.234269	0.488408	0.017975	-0.052971	-0.005278	-0.055033	0.020148	0.998281	0.041323	-0.998894	0.022439	0.997629	0.042487	0.054139
15536	9.755181	0.235138	0.458894	0.023997	-0.051288	-0.006958	-0.054428	0.020120	0.998315	0.041686	-0.998880	0.022404	0.997647	0.042835	0.053528
15537	9.728515	0.259478	0.431064	0.025361	-0.049709	-0.011569	-0.053941	0.020279	0.998338	0.041917	-0.998866	0.022554	0.997664	0.043064	0.053029
15538	9.751832	0.286192	0.425142	0.031505	-0.048040	-0.008675	-0.053375	0.020533	0.998363	0.042022	-0.998857	0.022790	0.997690	0.043170	0.052451
15539	9.772454	0.312917	0.370948	0.028310	-0.038971	-0.005500	-0.052991	0.020628	0.998382	0.042286	-0.998844	0.022882	0.997699	0.043430	0.052058
15540	9.772572	0.313487	0.367348	0.029725	-0.032834	-0.003989	-0.052537	0.020797	0.998402	0.042359	-0.998837	0.023035	0.997720	0.043501	0.051595
15541	9.771463	0.338091	0.364479	0.012964	-0.028691	0.001068	-0.052253	0.020823	0.998417	0.042473	-0.998832	0.023054	0.997730	0.043610	0.051307
15542	9.767491	0.338338	0.288657	0.005306	-0.025835	0.002817	-0.051868	0.020873	0.998436	0.042419	-0.998833	0.023085	0.997753	0.043550	0.050922
15543	9.795862	0.314419	0.333682	0.002194	-0.018294	0.007511	-0.051684	0.020830	0.998446	0.042428	-0.998834	0.023034	0.997762	0.043553	0.050740
15544	9.771436	0.288216	0.308966	0.002042	-0.012191	0.007536	-0.051173	0.020706	0.998475	0.042399	-0.998839	0.022887	0.997789	0.043505	0.050235
15545	9.794781	0.337199	0.331555	0.004988	-0.004492	0.010534	-0.051122	0.020626	0.998479	0.042438	-0.998839	0.022806	0.997790	0.043539	0.050187
15546	9.773060	0.310361	0.356862	0.000343	-0.000033	0.012206	-0.051360	0.020387	0.998472	0.042650	-0.998835	0.022588	0.997769	0.043745	0.050431
15547	9.777032	0.284643	0.405634	-0.007480	0.004363	0.009386	-0.051400	0.020313	0.998472	0.042565	-0.998840	0.022512	0.997771	0.043657	0.050476
15548	9.780807	0.234813	0.430276	-0.001494	0.009093	0.009235	-0.051381	0.020299	0.998473	0.042452	-0.998845	0.022491	0.997776	0.043543	0.050460
15549	9.732092	0.231296	0.434108	0.009195	0.013924	0.013533	-0.051514	0.020180	0.998468	0.042536	-0.998844	0.022382	0.997766	0.043623	0.050596
15550	9.731021	0.278952	0.460215	0.009025	0.013940	0.007430	-0.051647	0.020162	0.998462	0.042604	-0.998842	0.022373	0.997756	0.043694	0.050728
15551	9.732328	0.278191	0.486073	0.002808	0.016845	0.006086	-0.051812	0.020116	0.998454	0.042619	-0.998842	0.022335	0.997747	0.043711	0.050895
15552	9.759326	0.278298	0.535111	-0.006214	0.016607	0.010916	-0.052034	0.020093	0.998443	0.042500	-0.998847	0.022316	0.997741	0.043595	0.051120
15553	9.733572	0.276039	0.513715	-0.010746	0.016490	0.012568	-0.052193	0.019983	0.998437	0.042384	-0.998855	0.022207	0.997737	0.043477	0.051287
15554	9.761430	0.202891	0.513483	-0.007776	0.018095	0.010965	-0.052360	0.019845	0.998431	0.042311	-0.998861	0.022073	0.997732	0.043400	0.051461
15555	9.738360	0.200684	0.540754	-0.004741	0.013605	0.006285	-0.052493	0.019799	0.998425	0.042252	-0.998864	0.022029	0.997727	0.043341	0.051597
15556	9.738448	0.224114	0.566817	0.005985	0.016905	0.010583	-0.052903	0.019896	0.998401	0.042126	-0.998867	0.022137	0.997711	0.043230	0.052005
15557	9.711669	0.270911	0.569955	0.004446	0.012303	0.006029	-0.053025	0.019854	0.998396	0.042157	-0.998866	0.022102	0.997703	0.043262	0.052128
15558	9.735971	0.271455	0.569740	0.001475	0.010698	0.007631	-0.053062	0.019853	0.998394	0.042181	-0.998865	0.022104	0.997700	0.043286	0.052164
15559	9.761310	0.223268	0.544681	-0.000050	0.010661	0.007672	-0.053166	0.019795	0.998389	0.042169	-0.998867	0.022050	0.997695	0.043273	0.052271
15560	9.760095	0.246898	0.545846	-0.001538	0.009098	0.007707	-0.053178	0.019661	0.998391	0.042206	-0.998868	0.021919	0.997693	0.043304	0.052288
15561	9.711372	0.243824	0.549224	-0.006081	0.005939	0.006293	-0.053236	0.019619	0.998389	0.042133	-0.998873	0.021875	0.997693	0.043230	0.052349
15562	9.735561	0.220036	0.523845	-0.007528	0.004371	0.007853	-0.053282	0.019570	0.998388	0.042049	-0.998877	0.021824	0.997694	0.043144	0.052399
15563	9.715022	0.193472	0.574155	-0.004519	0.004450	0.006245	-0.053324	0.019529	0.998386	0.041991	-0.998881	0.021781	0.997694	0.043085	0.052445
15564	9.762551	0.219778	0.571875	-0.012121	-0.001826	0.001848	-0.053533	0.019516	0.998375	0.041874	-0.998886	0.021771	0.997688	0.042972	0.052656
15565	9.734392	0.242769	0.524713	-0.019731	0.002554	0.006650	-0.053558	0.019471	0.998375	0.041665	-0.998896	0.021717	0.997695	0.042761	0.052687
15566	9.761080	0.194593	0.523270	-0.015239	0.002674	0.003475	-0.053555	0.019508	0.998374	0.041435	-0.998905	0.021742	0.997705	0.042532	0.052688
15567	9.738054	0.192936	0.549029	-0.010596	-0.001789	0.001806	-0.053538	0.019514	0.998375	0.041315	-0.998910	0.021740	0.997711	0.042412	0.052673
15568	9.732929	0.217702	0.475962	-0.010679	-0.001779	-0.001245	-0.053290	0.019472	0.998389	0.041230	-0.998914	0.021683	0.997728	0.042319	0.052429
15569	9.731764	0.242083	0.476108	-0.010674	-0.000258	0.000287	-0.053287	0.019492	0.998389	0.041108	-0.998919	0.021696	0.997733	0.042198	0.052429
15570	9.754946	0.267620	0.475021	-0.016815	-0.000401	-0.001074	-0.053219	0.019390	0.998395	0.041067	-0.998923	0.021589	0.997738	0.042150	0.052366
15571	9.757587	0.267444	0.523783	-0.021473	-0.000501	-0.004002	-0.053216	0.019452	0.998394	0.040836	-0.998932	0.021639	0.997748	0.041922	0.052365
15572	9.753769	0.292130	0.475347	-0.027443	0.000856	0.002272	-0.053266	0.019426	0.998391	0.040566	-0.998943	0.021601	0.997756	0.041651	0.052421
15573	9.755083	0.291700	0.500041	-0.039798	0.003624	-0.000436	-0.053302	0.019450	0.998389	0.040154	-0.998960	0.021605	0.997771	0.041241	0.052466
15574	9.752421	0.291822	0.451832	-0.047418	0.004959	0.001302	-0.053147	0.019622	0.998394	0.039416	-0.998987	0.021732	0.997808	0.040508	0.052320
15575	9.781732	0.243545	0.499294	-0.051998	0.003328	-0.000109	-0.053180	0.019644	0.998392	0.038882	-0.999008	0.021727	0.997828	0.039975	0.052363
15576	9.780090	0.195185	0.426205	-0.049021	0.006453	-0.000174	-0.053200	0.019584	0.998392	0.038371	-0.999029	0.021641	0.997846	0.039460	0.052397
15577	9.753073	0.194452	0.379485	-0.036904	0.006763	-0.003553	-0.053268	0.019638	0.998387	0.037986	-0.999043	0.021677	0.997858	0.039080	0.052471
15578	9.758444	0.217685	0.502551	-0.026180	0.010052	0.000757	-0.053433	0.019743	0.998376	0.037690	-0.999052	0.021774	0.997860	0.038792	0.052638
15579	9.682859	0.238743	0.483340	-0.033891	0.008363	-0.003626	-0.053516	0.019798	0.998371	0.037335	-0.999065	0.021813	0.997869	0.038441	0.052727
15580	9.730192	0.241609	0.457408	-0.038580	0.011311	-0.005011	-0.053737	0.019786	0.998359	0.037013	-0.999077	0.021792	0.997869	0.038124	0.052955
15581	9.804356	0.220838	0.454471	-0.049168	0.012553	-0.000140	-0.053862	0.019804	0.998352	0.036508	-0.999096	0.021788	0.997881	0.037622	0.053091
15582	9.779682	0.171277	0.407674	-0.053784	0.012450	-0.001545	-0.054140	0.019901	0.998335	0.035901	-0.999116	0.021863	0.997888	0.037025	0.053378
15583	9.778308	0.171734	0.384982	-0.047990	0.020254	-0.006231	-0.054345	0.019977	0.998322	0.035404	-0.999133	0.021921	0.997894	0.036536	0.053591
15584	9.774330	0.173026	0.313992	-0.029687	0.022218	-0.005175	-0.054545	0.020122	0.998309	0.035004	-0.999144	0.022051	0.997898	0.036148	0.053794
15585	9.723298	0.243918	0.344530	-0.022209	0.028508	-0.005330	-0.054831	0.020187	0.998292	0.034765	-0.999151	0.022113	0.997890	0.035918	0.054083
15586	9.810638	0.323957	0.221807	-0.027012	0.034518	-0.008217	-0.055225	0.020311	0.998267	0.034456	-0.999159	0.022235	0.997879	0.035624	0.054479
15587	9.811905	0.347911	0.274939	-0.034615	0.044944	0.002742	-0.055673	0.020289	0.998243	0.034097	-0.999172	0.022210	0.997867	0.035274	0.054935
15588	9.781201	0.372142	0.184111	-0.047152	0.055345	0.000085	-0.056199	0.020396	0.998211	0.033447	-0.999192	0.022299	0.997859	0.034641	0.055471
15589	9.782278	0.347261	0.189979	-0.057963	0.068764	0.008094	-0.056883	0.020314	0.998174	0.032858	-0.999213	0.022208	0.997840	0.034061	0.056171
15590	9.799207	0.373690	0.074951	-0.055281	0.084096	0.008143	-0.057737	0.020180	0.998128	0.032349	-0.999233	0.022074	0.997808	0.033563	0.057040
15591	9.822328	0.374098	0.058654	-0.057059	0.100797	0.014426	-0.058738	0.020025	0.998073	0.031773	-0.999255	0.021918	0.997768	0.032999	0.058058
15592	9.793266	0.420822	0.023075	-0.054448	0.122208	0.017590	-0.059994	0.019804	0.998002	0.031342	-0.999273	0.021713	0.997707	0.032582	0.059330
15593	9.811858	0.518022	0.012608	-0.062514	0.143356	0.021011	-0.061419	0.019569	0.997920	0.030717	-0.999297	0.021487	0.997639	0.031972	0.060774
15594	9.861829	0.493747	0.025362	-0.081219	0.162719	0.024658	-0.063102	0.019325	0.997820	0.029941	-0.999326	0.021248	0.997558	0.031217	0.062480
15595	9.841106	0.392607	0.017604	-0.101385	0.183530	0.032923	-0.064924	0.018962	0.997710	0.028936	-0.999363	0.020876	0.997471	0.030225	0.064334
15596	9.821406	0.290708	0.036382	-0.100543	0.211038	0.031638	-0.067035	0.018550	0.997578	0.028021	-0.999398	0.020467	0.997357	0.029325	0.066475
15597	9.824460	0.262233	0.106398	-0.076500	0.226872	0.031309	-0.069290	0.018193	0.997431	0.027265	-0.999426	0.020124	0.997224	0.028589	0.068754
15598	9.827207	0.233696	0.178029	-0.066254	0.245428	0.031303	-0.071856	0.017845	0.997255	0.026671	-0.999448	0.019806	0.997058	0.028021	0.071341
15599	9.832705	0.155741	0.274876	-0.056049	0.267016	0.032874	-0.074512	0.017464	0.997067	0.026121	-0.999469	0.019458	0.996878	0.027495	0.074016
15600	9.791245	0.073633	0.447785	-0.047026	0.274820	0.035857	-0.077155	0.017053	0.996873	0.025763	-0.999486	0.019092	0.996686	0.027156	0.076676
15601	9.745788	0.087517	0.671993	-0.042455	0.277921	0.040394	-0.079917	0.016596	0.996663	0.025357	-0.999504	0.018677	0.996479	0.026765	0.079456
15602	9.701407	0.052279	0.894662	-0.043846	0.271779	0.040333	-0.082686	0.016215	0.996444	0.024921	-0.999521	0.018333	0.996264	0.026348	0.082243
15603	9.631153	0.086141	1.240485	-0.043575	0.259570	0.040180	-0.085265	0.015767	0.996234	0.024506	-0.999539	0.017917	0.996057	0.025941	0.084839
15604	9.563714	0.045321	1.631445	-0.064491	0.239251	0.040160	-0.087786	0.015229	0.996023	0.024132	-0.999557	0.017410	0.995847	0.025564	0.087379
15605	9.469755	-0.019043	1.921689	-0.066830	0.205656	0.036716	-0.089828	0.014831	0.995847	0.023485	-0.999580	0.017005	0.995680	0.024915	0.089442
15606	9.424943	-0.082250	2.255949	-0.081273	0.164258	0.025637	-0.091601	0.014575	0.995689	0.022760	-0.999601	0.016727	0.995536	0.024194	0.091233
15607	9.404659	-0.189508	2.462226	-0.074253	0.118764	0.014311	-0.092785	0.014426	0.995582	0.022019	-0.999621	0.016536	0.995443	0.023456	0.092432
15608	9.406326	-0.243957	2.591353	-0.050190	0.062928	0.005769	-0.093375	0.014199	0.995530	0.021776	-0.999630	0.016300	0.995393	0.023201	0.093031
15609	9.427709	-0.195089	2.595413	-0.030667	0.004004	-0.007368	-0.093420	0.014292	0.995524	0.021451	-0.999636	0.016364	0.995396	0.022883	0.093080
15610	9.428609	-0.239935	2.470193	-0.009862	-0.042722	-0.017303	-0.093122	0.014523	0.995549	0.021328	-0.999635	0.016578	0.995426	0.022777	0.092778
15611	9.476439	-0.252992	2.218641	0.033794	-0.088877	-0.031979	-0.092249	0.014884	0.995625	0.021621	-0.999623	0.016947	0.995501	0.023090	0.091892
15612	9.515333	-0.067616	1.919544	0.066603	-0.127639	-0.046487	-0.091066	0.015523	0.995724	0.022166	-0.999599	0.017611	0.995598	0.023675	0.090685
15613	9.558152	0.044314	1.663740	0.076411	-0.157902	-0.050021	-0.089510	0.016082	0.995856	0.022867	-0.999573	0.018198	0.995723	0.024402	0.089104
15614	9.650725	0.087844	1.304725	0.066205	-0.180971	-0.054808	-0.087759	0.016740	0.996001	0.023420	-0.999548	0.018863	0.995866	0.024982	0.087327
15615	9.646911	0.078014	0.944674	0.067837	-0.187002	-0.057957	-0.085915	0.017388	0.996151	0.024031	-0.999521	0.019519	0.996013	0.025616	0.085456
15616	9.687194	0.213361	0.732991	0.061788	-0.193158	-0.065604	-0.084108	0.018086	0.996293	0.024620	-0.999492	0.020222	0.996152	0.026229	0.083620
15617	9.727770	0.347548	0.569651	0.051073	-0.190399	-0.062397	-0.082232	0.018781	0.996436	0.025062	-0.999467	0.020906	0.996298	0.026692	0.081718
15618	9.769566	0.479414	0.479845	0.025001	-0.181940	-0.055864	-0.080647	0.019412	0.996554	0.025206	-0.999451	0.021508	0.996424	0.026854	0.080114
15619	9.841174	0.489817	0.387057	-0.002519	-0.176576	-0.049324	-0.078906	0.019973	0.996682	0.025128	-0.999442	0.022018	0.996565	0.026782	0.078360
15620	9.819704	0.397681	0.295734	-0.021277	-0.160213	-0.051918	-0.077388	0.020444	0.996791	0.025092	-0.999433	0.022446	0.996685	0.026749	0.076831
15621	9.819197	0.356392	0.182150	-0.020235	-0.143345	-0.056321	-0.075979	0.021065	0.996887	0.024834	-0.999427	0.023012	0.996800	0.026505	0.075413
15622	9.766864	0.432264	0.172545	-0.008462	-0.121753	-0.050152	-0.074886	0.021644	0.996957	0.024761	-0.999416	0.023557	0.996885	0.026449	0.074306
15623	9.764019	0.509481	0.187775	-0.010367	-0.103539	-0.045326	-0.073871	0.022145	0.997022	0.024610	-0.999408	0.024022	0.996964	0.026311	0.073283
15624	9.808527	0.565787	0.129303	-0.022831	-0.087177	-0.035758	-0.073055	0.022275	0.997079	0.024737	-0.999403	0.024139	0.997021	0.026428	0.072461
15625	9.856645	0.548136	0.071072	-0.038604	-0.061725	-0.027541	-0.072454	0.022586	0.997116	0.024320	-0.999406	0.024405	0.997075	0.026018	0.071861
15626	9.857433	0.550076	0.090798	-0.042221	-0.037432	-0.024127	-0.071954	0.022765	0.997148	0.024002	-0.999410	0.024549	0.997119	0.025700	0.071365
15627	9.838881	0.452756	0.110886	-0.037962	-0.020605	-0.017888	-0.071759	0.022968	0.997158	0.023599	-0.999416	0.024719	0.997143	0.025305	0.071175
15628	9.843832	0.356837	0.107575	-0.023240	0.002638	-0.014810	-0.071901	0.023197	0.997142	0.023280	-0.999418	0.024929	0.997140	0.025006	0.071319
15629	9.845933	0.333088	0.132628	-0.003838	0.022933	-0.010325	-0.072139	0.023314	0.997122	0.023222	-0.999416	0.025048	0.997124	0.024962	0.071556
15630	9.792611	0.452280	0.189598	0.004774	0.043024	-0.011752	-0.072629	0.023406	0.997084	0.023337	-0.999411	0.025160	0.997086	0.025096	0.072040
15631	9.744755	0.496837	0.295010	-0.000018	0.056539	-0.003861	-0.073200	0.023450	0.997042	0.023322	-0.999410	0.025217	0.997045	0.025098	0.072610
15632	9.770662	0.496868	0.349306	-0.020144	0.072703	0.004332	-0.073832	0.023383	0.996997	0.023178	-0.999415	0.025156	0.997001	0.024965	0.073247
15633	9.772976	0.494050	0.430223	-0.038563	0.082786	0.013939	-0.074661	0.023242	0.996938	0.022792	-0.999427	0.025007	0.996948	0.024589	0.074088
15634	9.756618	0.437788	0.609116	-0.061534	0.089735	0.020521	-0.075615	0.022926	0.996873	0.022407	-0.999444	0.024684	0.996885	0.024203	0.075059
15635	9.765666	0.310634	0.712109	-0.079619	0.084601	0.026854	-0.076459	0.022656	0.996815	0.021622	-0.999469	0.024374	0.996838	0.023417	0.075929
15636	9.702501	0.201553	0.890903	-0.079659	0.086125	0.026874	-0.077243	0.022363	0.996761	0.020936	-0.999492	0.024047	0.996792	0.022726	0.076736
15637	9.682976	0.145415	0.995993	-0.073355	0.080139	0.029744	-0.078042	0.022066	0.996706	0.020217	-0.999514	0.023712	0.996745	0.022001	0.077558
15638	9.638023	0.135267	1.150900	-0.065366	0.065102	0.027878	-0.078718	0.021777	0.996659	0.019621	-0.999534	0.023390	0.996704	0.021396	0.078254
15639	9.640815	0.105583	1.228966	-0.062000	0.049991	0.023025	-0.079218	0.021555	0.996624	0.019010	-0.999552	0.023129	0.996676	0.020778	0.078773
15640	9.641998	0.124196	1.331295	-0.067688	0.031575	0.019776	-0.079681	0.021223	0.996594	0.018559	-0.999568	0.022770	0.996648	0.020310	0.079253
15641	9.668243	0.120459	1.406038	-0.071830	0.013177	0.018025	-0.079817	0.021058	0.996587	0.017847	-0.999586	0.022550	0.996650	0.019586	0.079408
15642	9.645067	0.092366	1.406247	-0.077489	-0.008240	0.011661	-0.079828	0.020800	0.996592	0.017331	-0.999602	0.022251	0.996658	0.019048	0.079436
15643	9.619780	0.113376	1.405834	-0.087606	-0.032868	0.008353	-0.079507	0.020739	0.996619	0.016455	-0.999620	0.022115	0.996699	0.018158	0.079135
15644	9.621326	0.064392	1.351515	-0.084184	-0.049521	0.004973	-0.079068	0.020832	0.996652	0.015494	-0.999635	0.022123	0.996749	0.017192	0.078717
15645	9.596265	0.063503	1.297788	-0.073084	-0.069005	-0.000102	-0.078388	0.020862	0.996705	0.014756	-0.999647	0.022084	0.996814	0.016438	0.078053
15646	9.614973	0.140657	1.194616	-0.081888	-0.088912	-0.009478	-0.077483	0.020957	0.996773	0.013995	-0.999658	0.022105	0.996895	0.015663	0.077163
15647	9.636093	0.169755	1.088278	-0.087775	-0.099692	-0.012634	-0.076499	0.021115	0.996846	0.013101	-0.999668	0.022180	0.996984	0.014756	0.076197
15648	9.657924	0.198516	1.005308	-0.098290	-0.110533	-0.018775	-0.075443	0.021270	0.996923	0.012242	-0.999677	0.022255	0.997075	0.013883	0.075158
15649	9.706460	0.180394	0.918778	-0.104281	-0.118234	-0.023404	-0.074274	0.021536	0.997005	0.011175	-0.999686	0.022427	0.997175	0.012807	0.074010
15650	9.703164	0.186533	0.785368	-0.102697	-0.122716	-0.026574	-0.072956	0.021841	0.997096	0.010213	-0.999691	0.022645	0.997283	0.011835	0.072710
15651	9.723613	0.217976	0.676144	-0.105757	-0.125759	-0.031165	-0.071712	0.022183	0.997179	0.009126	-0.999696	0.022896	0.997384	0.010743	0.071488
15652	9.720981	0.269988	0.641902	-0.108850	-0.124315	-0.031082	-0.070556	0.022637	0.997251	0.007851	-0.999699	0.023248	0.997477	0.009470	0.070357
15653	9.740655	0.325612	0.558501	-0.115228	-0.118252	-0.036947	-0.069387	0.023034	0.997324	0.006666	-0.999700	0.023553	0.997568	0.008283	0.069212
15654	9.763303	0.355209	0.523296	-0.129038	-0.115566	-0.036624	-0.068335	0.023422	0.997387	0.005332	-0.999702	0.023841	0.997648	0.006947	0.068190
15655	9.717778	0.283718	0.487035	-0.132382	-0.107925	-0.040973	-0.067268	0.023855	0.997450	0.003974	-0.999700	0.024177	0.997727	0.005590	0.067153
15656	9.768151	0.265344	0.474097	-0.127967	-0.101704	-0.040926	-0.066328	0.024265	0.997503	0.002688	-0.999696	0.024498	0.997794	0.004306	0.066243
15657	9.764680	0.341952	0.468219	-0.125065	-0.098504	-0.043970	-0.065354	0.024726	0.997556	0.001402	-0.999690	0.024870	0.997861	0.003024	0.065300
15658	9.790418	0.345881	0.482667	-0.132890	-0.092579	-0.045189	-0.064504	0.025155	0.997600	0.000118	-0.999682	0.025215	0.997917	0.001744	0.064480
15659	9.745335	0.343247	0.549468	-0.148234	-0.088464	-0.043227	-0.063629	0.025605	0.997645	-0.001398	-0.999672	0.025568	0.997973	0.000232	0.063644
15660	9.748443	0.274896	0.513124	-0.155901	-0.088641	-0.044591	-0.062665	0.026106	0.997693	-0.002988	-0.999658	0.025970	0.998030	-0.001353	0.062721
15661	9.705151	0.201610	0.527751	-0.137836	-0.081952	-0.047887	-0.061853	0.026600	0.997731	-0.004402	-0.999642	0.026378	0.998076	-0.002761	0.061948
15662	9.682029	0.249101	0.596749	-0.131687	-0.086278	-0.051206	-0.060961	0.027123	0.997772	-0.005706	-0.999624	0.026825	0.998124	-0.004058	0.061093
15663	9.727091	0.328974	0.590812	-0.124072	-0.083095	-0.048246	-0.060136	0.027619	0.997808	-0.006982	-0.999604	0.027248	0.998166	-0.005328	0.060305
15664	9.751517	0.380351	0.633475	-0.130173	-0.084757	-0.049678	-0.059348	0.028172	0.997840	-0.008362	-0.999581	0.027724	0.998202	-0.006698	0.059559
15665	9.753101	0.382934	0.650130	-0.140898	-0.083547	-0.049384	-0.058518	0.028677	0.997874	-0.009806	-0.999556	0.028150	0.998238	-0.008138	0.058773
15666	9.733233	0.312315	0.638983	-0.146837	-0.088349	-0.047855	-0.057526	0.029108	0.997920	-0.011145	-0.999531	0.028513	0.998282	-0.009482	0.057824
15667	9.710767	0.267663	0.604644	-0.136283	-0.087900	-0.052697	-0.056649	0.029643	0.997954	-0.012544	-0.999501	0.028976	0.998315	-0.010877	0.056993
15668	9.712555	0.247735	0.594689	-0.114801	-0.091837	-0.053376	-0.055740	0.030162	0.997990	-0.013643	-0.999473	0.029445	0.998352	-0.011974	0.056122
15669	9.711554	0.276762	0.587658	-0.102683	-0.091376	-0.056738	-0.054827	0.030735	0.998023	-0.014708	-0.999443	0.029970	0.998388	-0.013036	0.055248
15670	9.707675	0.354583	0.584076	-0.095106	-0.088143	-0.055311	-0.053897	0.031270	0.998057	-0.015588	-0.999414	0.030471	0.998425	-0.013916	0.054353
15671	9.730942	0.362536	0.550256	-0.099728	-0.088239	-0.056720	-0.053014	0.031841	0.998086	-0.016623	-0.999381	0.030999	0.998455	-0.014947	0.053510
15672	9.704002	0.414582	0.546752	-0.105878	-0.086908	-0.056510	-0.052071	0.032342	0.998120	-0.017543	-0.999351	0.031467	0.998489	-0.015872	0.052605
15673	9.732928	0.348225	0.532204	-0.113507	-0.090101	-0.059464	-0.051167	0.032938	0.998147	-0.018715	-0.999312	0.032017	0.998515	-0.017042	0.051749
15674	9.760483	0.283616	0.492841	-0.114901	-0.093254	-0.058008	-0.050204	0.033532	0.998176	-0.019852	-0.999272	0.032570	0.998542	-0.018181	0.050833
15675	9.736437	0.287254	0.485582	-0.102839	-0.089763	-0.059766	-0.049301	0.034128	0.998201	-0.020917	-0.999232	0.033131	0.998565	-0.019246	0.049977
15676	9.735211	0.294135	0.452751	-0.099653	-0.091297	-0.056861	-0.048491	0.034716	0.998220	-0.022017	-0.999190	0.033680	0.998581	-0.020345	0.049216
15677	9.758284	0.347957	0.470462	-0.098132	-0.095665	-0.061651	-0.047528	0.035329	0.998245	-0.023034	-0.999147	0.034264	0.998604	-0.021366	0.048302
15678	9.750852	0.407365	0.392380	-0.105906	-0.092818	-0.062845	-0.046656	0.035891	0.998266	-0.024033	-0.999105	0.034798	0.998622	-0.022368	0.047477
15679	9.728200	0.409576	0.409657	-0.112059	-0.090031	-0.061029	-0.045749	0.036496	0.998286	-0.025188	-0.999057	0.035370	0.998635	-0.023526	0.046625
15680	9.750988	0.396137	0.349568	-0.115309	-0.086978	-0.063874	-0.044869	0.037217	0.998299	-0.026479	-0.998999	0.036053	0.998642	-0.024817	0.045810
15681	9.723599	0.448921	0.347024	-0.120037	-0.084032	-0.065145	-0.044019	0.037862	0.998313	-0.027715	-0.998943	0.036664	0.998646	-0.026054	0.045022
15682	9.723599	0.454788	0.339315	-0.115366	-0.085460	-0.063825	-0.043118	0.038549	0.998326	-0.028946	-0.998884	0.037320	0.998651	-0.027288	0.044185
15683	9.770671	0.510708	0.357183	-0.114142	-0.076263	-0.063508	-0.042344	0.039178	0.998335	-0.030121	-0.998827	0.037920	0.998649	-0.028465	0.043474
15684	9.770462	0.471977	0.297744	-0.112777	-0.076036	-0.068134	-0.041616	0.039860	0.998338	-0.031286	-0.998766	0.038573	0.998644	-0.029629	0.042812
15685	9.770426	0.500722	0.317392	-0.111460	-0.071352	-0.069521	-0.040888	0.040549	0.998341	-0.032435	-0.998703	0.039236	0.998637	-0.030777	0.042150
15686	9.756099	0.448872	0.405584	-0.099152	-0.069572	-0.065277	-0.040336	0.041249	0.998334	-0.033603	-0.998638	0.039904	0.998621	-0.031938	0.041667
15687	9.787123	0.404259	0.441883	-0.089955	-0.072230	-0.067231	-0.039599	0.041914	0.998336	-0.034536	-0.998580	0.040554	0.998619	-0.032873	0.040990
15688	9.750635	0.348520	0.555140	-0.072975	-0.079176	-0.069635	-0.038701	0.042689	0.998339	-0.035381	-0.998519	0.041325	0.998624	-0.033723	0.040154
15689	9.759493	0.300700	0.615793	-0.053000	-0.087401	-0.075264	-0.037808	0.043428	0.998341	-0.035947	-0.998468	0.042072	0.998638	-0.034297	0.039311
15690	9.713027	0.302360	0.634538	-0.034551	-0.095675	-0.080854	-0.037072	0.044211	0.998334	-0.036443	-0.998416	0.042861	0.998648	-0.034794	0.038624
15691	9.701619	0.249711	0.743677	-0.016041	-0.102542	-0.083338	-0.036025	0.045024	0.998336	-0.036642	-0.998372	0.043703	0.998679	-0.035006	0.037616
15692	9.679792	0.254287	0.758710	0.001200	-0.122927	-0.092484	-0.034666	0.045999	0.998340	-0.036728	-0.998324	0.044723	0.998724	-0.035117	0.036297
15693	9.631947	0.259692	0.749824	0.016657	-0.131360	-0.096476	-0.033326	0.046934	0.998342	-0.036603	-0.998284	0.045709	0.998774	-0.035019	0.034987
15694	9.653443	0.319839	0.739015	0.024594	-0.144597	-0.101933	-0.031981	0.047859	0.998342	-0.036394	-0.998246	0.046688	0.998826	-0.034840	0.033667
15695	9.643139	0.431033	0.684383	0.021918	-0.158320	-0.105482	-0.030369	0.048873	0.998343	-0.036215	-0.998202	0.047765	0.998882	-0.034705	0.032085
15696	9.609897	0.493864	0.602025	0.005356	-0.166564	-0.106724	-0.028741	0.049939	0.998339	-0.036307	-0.998144	0.048884	0.998927	-0.034842	0.030501
15697	9.677247	0.538421	0.533516	-0.009565	-0.177805	-0.108146	-0.026933	0.050973	0.998337	-0.036441	-0.998085	0.049977	0.998973	-0.035034	0.028739
15698	9.673192	0.530774	0.441431	-0.031122	-0.179974	-0.113489	-0.025199	0.052012	0.998329	-0.036791	-0.998017	0.051067	0.999005	-0.035443	0.027062
15699	9.670993	0.521496	0.373188	-0.041644	-0.187930	-0.116460	-0.023286	0.053124	0.998316	-0.037243	-0.997940	0.052235	0.999035	-0.035964	0.025217
15700	9.735340	0.569220	0.278695	-0.040198	-0.187813	-0.118057	-0.021482	0.054290	0.998294	-0.037851	-0.997853	0.053452	0.999052	-0.036638	0.023491
15701	9.704519	0.607170	0.216457	-0.049771	-0.187842	-0.126832	-0.019566	0.055503	0.998267	-0.038382	-0.997764	0.054723	0.999072	-0.037245	0.021653
15702	9.747727	0.605412	0.119836	-0.056115	-0.180562	-0.124714	-0.017649	0.056777	0.998231	-0.039061	-0.997663	0.056054	0.999081	-0.038003	0.019825
15703	9.744839	0.619630	0.078360	-0.051625	-0.180306	-0.126448	-0.015806	0.057987	0.998192	-0.039606	-0.997570	0.057324	0.999090	-0.038628	0.018064
15704	9.772762	0.607945	0.081048	-0.044213	-0.176860	-0.128181	-0.014146	0.059251	0.998143	-0.040270	-0.997467	0.058640	0.999089	-0.039365	0.016497
15705	9.745111	0.598093	0.015505	-0.038064	-0.178117	-0.128539	-0.012324	0.060480	0.998093	-0.040675	-0.997373	0.059934	0.999096	-0.039859	0.014751
15706	9.757539	0.509504	0.037694	-0.024205	-0.177619	-0.126134	-0.010547	0.061716	0.998038	-0.041007	-0.997281	0.061235	0.999103	-0.040281	0.013049
15707	9.759430	0.519966	0.044981	0.008897	-0.169821	-0.130484	-0.008806	0.062966	0.997977	-0.040939	-0.997201	0.062556	0.999123	-0.040305	0.011359
15708	9.735453	0.574912	0.083418	0.030261	-0.173258	-0.134778	-0.007041	0.064369	0.997901	-0.040882	-0.997110	0.064029	0.999139	-0.040345	0.009652
15709	9.752962	0.685304	0.097082	0.048669	-0.175433	-0.135823	-0.005242	0.065671	0.997828	-0.040412	-0.997040	0.065406	0.999169	-0.039981	0.007880
15710	9.721457	0.768889	0.088852	0.045529	-0.175533	-0.137208	-0.003588	0.066994	0.997747	-0.040138	-0.996959	0.066797	0.999188	-0.039808	0.006266
15711	9.752295	0.756206	0.114904	0.050559	-0.178621	-0.131496	-0.001761	0.068252	0.997667	-0.039645	-0.996889	0.068129	0.999212	-0.039433	0.004461
15712	9.704912	0.717756	0.073247	0.058374	-0.182825	-0.132113	0.000173	0.069449	0.997585	-0.039003	-0.996826	0.069403	0.999239	-0.038921	0.002536
15713	9.701311	0.732405	0.030878	0.073853	-0.182248	-0.128353	0.002034	0.070676	0.997497	-0.038272	-0.996763	0.070702	0.999265	-0.038320	0.000677
15714	9.716625	0.775306	-0.036264	0.084909	-0.184946	-0.124503	0.003908	0.071859	0.997407	-0.037516	-0.996702	0.071955	0.999288	-0.037700	-0.001199
15715	9.681600	0.859504	-0.069738	0.090738	-0.182998	-0.127827	0.005774	0.073082	0.997309	-0.036611	-0.996642	0.073245	0.999313	-0.036935	-0.003079
15716	9.723349	0.902990	-0.115499	0.092193	-0.179944	-0.126265	0.007496	0.074341	0.997205	-0.035982	-0.996567	0.074564	0.999324	-0.036441	-0.004795
15717	9.726736	0.866580	-0.138005	0.086127	-0.177353	-0.122752	0.009302	0.075518	0.997101	-0.035119	-0.996504	0.075800	0.999340	-0.035722	-0.006617
15718	9.756105	0.785926	-0.191557	0.089348	-0.177321	-0.119892	0.011160	0.076733	0.996989	-0.034389	-0.996432	0.077075	0.999346	-0.035146	-0.008481
15719	9.754808	0.797387	-0.209435	0.102982	-0.173596	-0.119045	0.012925	0.077877	0.996879	-0.033354	-0.996374	0.078270	0.999360	-0.034261	-0.010281
15720	9.731344	0.873067	-0.145583	0.123144	-0.172749	-0.114133	0.014760	0.078987	0.996766	-0.032174	-0.996321	0.079428	0.999373	-0.033243	-0.012164
15721	9.733876	0.904692	-0.113403	0.124963	-0.178785	-0.114503	0.016573	0.080087	0.996650	-0.030915	-0.996269	0.080570	0.999385	-0.032147	-0.014035
15722	9.685171	0.932483	-0.099801	0.128292	-0.178797	-0.110133	0.018479	0.081209	0.996526	-0.029747	-0.996210	0.081735	0.999387	-0.031154	-0.015993
15723	9.666358	0.936616	-0.066970	0.139256	-0.176901	-0.104650	0.020268	0.082215	0.996408	-0.028343	-0.996165	0.082772	0.999393	-0.029919	-0.017860
15724	9.636421	0.900499	-0.158879	0.152994	-0.179140	-0.107179	0.022112	0.083255	0.996283	-0.026881	-0.996117	0.083838	0.999394	-0.028635	-0.019789
15725	9.672770	0.814796	-0.164611	0.173308	-0.182757	-0.104077	0.023957	0.084259	0.996156	-0.025133	-0.996076	0.084856	0.999397	-0.027069	-0.021745
15726	9.674170	0.800482	-0.185580	0.195925	-0.179886	-0.107042	0.025803	0.085306	0.996021	-0.023294	-0.996031	0.085910	0.999396	-0.025418	-0.023713
15727	9.679754	0.913124	-0.248552	0.205036	-0.179383	-0.107668	0.027610	0.086352	0.995882	-0.021223	-0.995987	0.086949	0.999393	-0.023536	-0.025667
15728	9.680645	1.004187	-0.361920	0.198882	-0.176763	-0.105644	0.029442	0.087382	0.995740	-0.019295	-0.995936	0.087970	0.999380	-0.021803	-0.027636
15729	9.841174	1.187591	-0.492940	0.169429	-0.172303	-0.106523	0.031174	0.088425	0.995595	-0.017577	-0.995877	0.089000	0.999359	-0.020274	-0.029491
15730	9.615159	1.058257	-0.634125	0.115203	-0.157176	-0.102204	0.032630	0.089430	0.995458	-0.016639	-0.995802	0.090007	0.999329	-0.019500	-0.031005
15731	9.685131	1.075776	-0.660169	0.092334	-0.149570	-0.094201	0.034131	0.090358	0.995324	-0.015692	-0.995733	0.090933	0.999294	-0.018722	-0.032567
15732	9.777325	1.050295	-0.740390	0.062655	-0.139074	-0.093261	0.035544	0.091389	0.995181	-0.015328	-0.995643	0.091979	0.999251	-0.018523	-0.033988
15733	9.782663	0.963488	-0.784605	0.050785	-0.119845	-0.093333	0.036746	0.092314	0.995052	-0.014794	-0.995565	0.092908	0.999215	-0.018135	-0.035217
15734	9.798294	0.942960	-0.701653	0.044070	-0.111026	-0.094104	0.037871	0.093278	0.994920	-0.014539	-0.995477	0.093884	0.999177	-0.018021	-0.036343
15735	9.707259	1.007313	-0.596770	0.045008	-0.098766	-0.092270	0.038861	0.094197	0.994795	-0.014062	-0.995397	0.094803	0.999146	-0.017673	-0.037358
15736	9.765085	0.960620	-0.421130	0.048219	-0.101639	-0.092605	0.039813	0.095142	0.994667	-0.013773	-0.995310	0.095755	0.999112	-0.017511	-0.038315
15737	9.785307	0.939311	-0.312809	0.049471	-0.102962	-0.097347	0.040844	0.096111	0.994532	-0.013247	-0.995223	0.096722	0.999078	-0.017125	-0.039376
15738	9.789378	0.912984	-0.153029	0.055693	-0.107129	-0.099486	0.041791	0.097167	0.994390	-0.012977	-0.995123	0.097784	0.999042	-0.016991	-0.040326
15739	9.721027	0.855170	-0.009070	0.072700	-0.121157	-0.108886	0.043004	0.098249	0.994232	-0.012213	-0.995027	0.098856	0.999000	-0.016394	-0.041591
15740	9.682771	0.832884	0.031449	0.096926	-0.138148	-0.106667	0.044505	0.099430	0.994049	-0.011512	-0.994918	0.100033	0.998943	-0.015895	-0.043134
15741	9.678327	0.857481	0.166049	0.124047	-0.156388	-0.107791	0.046069	0.100498	0.993870	-0.010233	-0.994827	0.101069	0.998886	-0.014826	-0.044802
15742	9.621549	0.854599	0.256092	0.148014	-0.180786	-0.114993	0.047782	0.101647	0.993672	-0.008928	-0.994725	0.102184	0.998818	-0.013754	-0.046623
15743	9.615949	0.834538	0.334418	0.178832	-0.209509	-0.116737	0.049874	0.102800	0.993451	-0.007094	-0.994627	0.103278	0.998730	-0.012198	-0.048876
15744	9.617732	0.893101	0.362420	0.207640	-0.238198	-0.124472	0.052317	0.104079	0.993192	-0.005215	-0.994512	0.104492	0.998617	-0.010646	-0.051487
15745	9.580467	0.976463	0.320364	0.227438	-0.269026	-0.131539	0.054998	0.105380	0.992910	-0.002882	-0.994394	0.105697	0.998482	-0.008675	-0.054386
15746	9.569786	1.039218	0.269836	0.230391	-0.296426	-0.135578	0.057859	0.106714	0.992605	-0.000697	-0.994266	0.106933	0.998325	-0.006879	-0.057452
15747	9.555758	1.125911	0.217574	0.217703	-0.331211	-0.130762	0.061153	0.108013	0.992267	0.001545	-0.994136	0.108122	0.998127	-0.005079	-0.060962
15748	9.580655	1.094660	0.151517	0.206730	-0.354981	-0.133471	0.064665	0.109376	0.991895	0.003550	-0.993994	0.109376	0.997901	-0.003551	-0.064665
15749	9.548354	1.129210	0.095431	0.192017	-0.385266	-0.131342	0.068492	0.110690	0.991492	0.005544	-0.993853	0.110571	0.997636	-0.002076	-0.068684
15750	9.547092	1.125205	-0.094159	0.178029	-0.409288	-0.133707	0.072518	0.112037	0.991054	0.007276	-0.993704	0.111804	0.997341	-0.000897	-0.072877
15751	9.504778	1.238334	-0.274923	0.160721	-0.428956	-0.135632	0.076773	0.113403	0.990578	0.008971	-0.993549	0.113048	0.997008	0.000207	-0.077295
15752	9.522572	1.284445	-0.445953	0.154216	-0.441867	-0.132264	0.081143	0.114768	0.990073	0.010535	-0.993392	0.114289	0.996647	0.001157	-0.081815
15753	9.514837	1.403761	-0.686462	0.144942	-0.451994	-0.123942	0.085621	0.116026	0.989549	0.012074	-0.993244	0.115414	0.996255	0.002066	-0.086444
15754	9.553993	1.373510	-0.791425	0.119031	-0.458751	-0.110793	0.090151	0.117179	0.989011	0.013303	-0.993107	0.116452	0.995839	0.002659	-0.091088
15755	9.535234	1.336092	-0.934692	0.117133	-0.457681	-0.098360	0.094682	0.118188	0.988467	0.014551	-0.992986	0.117335	0.995401	0.003274	-0.095738
15756	9.549494	1.300211	-1.034896	0.120359	-0.456083	-0.095676	0.099170	0.119190	0.987906	0.015814	-0.992864	0.118201	0.994945	0.003901	-0.100347
15757	9.525161	1.213843	-1.227478	0.129214	-0.452490	-0.096647	0.103643	0.120188	0.987326	0.017189	-0.992740	0.119043	0.994466	0.004633	-0.104957
15758	9.514341	1.173760	-1.321518	0.134685	-0.441470	-0.095613	0.107984	0.121199	0.986737	0.018617	-0.992613	0.119883	0.993978	0.005425	-0.109442
15759	9.555644	1.140281	-1.401532	0.139787	-0.434994	-0.100781	0.112275	0.122244	0.986129	0.020109	-0.992480	0.120742	0.993474	0.006273	-0.113889
15760	9.621196	1.182346	-1.435573	0.140332	-0.421219	-0.100718	0.116406	0.123313	0.985517	0.021624	-0.992342	0.121612	0.992966	0.007154	-0.118181
15761	9.665244	1.297666	-1.513367	0.116539	-0.412264	-0.100981	0.120464	0.124365	0.984897	0.022892	-0.992206	0.122488	0.992454	0.007791	-0.122372
15762	9.678437	1.458266	-1.582723	0.075648	-0.402996	-0.102249	0.124418	0.125455	0.984267	0.023764	-0.992067	0.123446	0.991945	0.008032	-0.126413
15763	9.658856	1.463202	-1.568737	0.028858	-0.391135	-0.099604	0.128262	0.126494	0.983640	0.024168	-0.991937	0.124409	0.991446	0.007816	-0.130285
15764	9.641613	1.372469	-1.604614	-0.007325	-0.381556	-0.099732	0.131989	0.127553	0.983010	0.024230	-0.991805	0.125441	0.990955	0.007261	-0.133998
15765	9.623643	1.330250	-1.613549	-0.011171	-0.375733	-0.102317	0.135675	0.128613	0.982370	0.024248	-0.991672	0.126482	0.990457	0.006660	-0.137664
15766	9.627297	1.344687	-1.702379	-0.015820	-0.366825	-0.109378	0.139254	0.129766	0.981717	0.024252	-0.991526	0.127622	0.989960	0.006037	-0.141221
15767	9.627461	1.459990	-1.839069	-0.019342	-0.354888	-0.105732	0.142729	0.130854	0.981074	0.024202	-0.991387	0.128708	0.989466	0.005374	-0.144667
15768	9.707561	1.590268	-2.046314	-0.029123	-0.340342	-0.101225	0.146047	0.131922	0.980442	0.024075	-0.991249	0.129790	0.988985	0.004649	-0.147945
15769	9.727287	1.637343	-2.236676	-0.059676	-0.319630	-0.098503	0.149173	0.132931	0.979835	0.023623	-0.991119	0.130865	0.988529	0.003625	-0.150988
15770	9.747388	1.455458	-2.274594	-0.099643	-0.291965	-0.092822	0.152015	0.133910	0.979265	0.022797	-0.990991	0.131975	0.988115	0.002262	-0.153699
15771	9.677448	1.301774	-2.158172	-0.093194	-0.268428	-0.088745	0.154636	0.134813	0.978730	0.022005	-0.990871	0.133009	0.987726	0.000969	-0.156191
15772	9.630363	1.266285	-1.892597	-0.065071	-0.250871	-0.087699	0.157075	0.135734	0.978215	0.021519	-0.990745	0.134018	0.987352	-0.000001	-0.158542
15773	9.540987	1.303281	-1.739696	-0.042183	-0.244524	-0.086136	0.159459	0.136606	0.977707	0.021232	-0.990625	0.134948	0.986976	-0.000761	-0.160865
15774	9.520865	1.446821	-1.553877	-0.033485	-0.245537	-0.079658	0.161848	0.137442	0.977197	0.021048	-0.990509	0.135829	0.986591	-0.001416	-0.163204
15775	9.467810	1.366110	-1.436914	-0.046067	-0.248076	-0.082604	0.164266	0.138276	0.976676	0.020721	-0.990391	0.136732	0.986198	-0.002223	-0.165553
15776	9.482112	1.292702	-1.263365	-0.035358	-0.257995	-0.088945	0.166773	0.139201	0.976120	0.020541	-0.990260	0.137708	0.985781	-0.002916	-0.168008
15777	9.478436	1.210814	-0.984367	-0.023838	-0.278670	-0.095603	0.169489	0.140159	0.975515	0.020460	-0.990123	0.138703	0.985320	-0.003550	-0.170682
15778	9.381559	0.993795	-0.757530	0.004815	-0.302600	-0.103259	0.172428	0.141219	0.974846	0.020702	-0.989971	0.139748	0.984804	-0.003915	-0.173623
15779	9.324558	0.881061	-0.518074	0.059042	-0.335312	-0.110196	0.175695	0.142317	0.974103	0.021468	-0.989814	0.140740	0.984211	-0.003815	-0.176961
15780	9.252215	0.894294	-0.352625	0.102582	-0.384246	-0.125217	0.179424	0.143588	0.973237	0.022714	-0.989632	0.141819	0.983510	-0.003340	-0.180825
15781	9.209270	0.892683	-0.276893	0.131369	-0.431588	-0.124167	0.183626	0.144823	0.972269	0.024225	-0.989454	0.142808	0.982698	-0.002670	-0.185198
15782	9.210208	0.928299	-0.295920	0.158607	-0.488154	-0.138573	0.188358	0.146224	0.971154	0.026049	-0.989250	0.143896	0.981755	-0.001806	-0.190142
15783	9.246384	0.953278	-0.459973	0.186887	-0.543270	-0.145434	0.193637	0.147675	0.969895	0.028154	-0.989036	0.144968	0.980669	-0.000764	-0.195672
15784	9.273108	0.978489	-0.652812	0.229482	-0.591014	-0.156055	0.199350	0.149254	0.968495	0.030713	-0.988799	0.146061	0.979447	0.000628	-0.201701
15785	9.281384	1.107652	-0.999895	0.275313	-0.632415	-0.162579	0.205476	0.150890	0.966960	0.033730	-0.988548	0.147091	0.978081	0.002392	-0.208212
15786	9.322527	1.243652	-1.390057	0.300793	-0.661591	-0.173521	0.211843	0.152660	0.965307	0.037031	-0.988269	0.148165	0.976602	0.004359	-0.215011
15787	9.362026	1.353802	-1.785341	0.330019	-0.681293	-0.175752	0.218411	0.154454	0.963556	0.040624	-0.987978	0.149160	0.975011	0.006566	-0.222060
15788	9.474481	1.501599	-2.237827	0.357001	-0.688818	-0.176029	0.225007	0.156277	0.961743	0.044490	-0.987672	0.150081	0.973341	0.009018	-0.229186
15789	9.558306	1.690874	-2.660057	0.364345	-0.684070	-0.175994	0.231566	0.158105	0.959885	0.048430	-0.987355	0.150946	0.971613	0.011533	-0.236295
15790	9.561186	1.737728	-3.000394	0.363097	-0.658263	-0.179003	0.237828	0.159987	0.958041	0.052373	-0.987019	0.151825	0.969894	0.014067	-0.243120
15791	9.562201	1.858049	-3.367550	0.373511	-0.632977	-0.177936	0.243853	0.161860	0.956210	0.056416	-0.986672	0.152630	0.968170	0.016726	-0.249735
15792	9.558482	1.899965	-3.703782	0.375255	-0.594395	-0.175297	0.249465	0.163732	0.954442	0.060481	-0.986313	0.153391	0.966493	0.019460	-0.255954
15793	9.530806	2.006236	-3.925719	0.373059	-0.556099	-0.168851	0.254718	0.165532	0.952742	0.064504	-0.985954	0.154057	0.964862	0.022215	-0.261818
15794	9.510703	2.036560	-4.091910	0.351260	-0.513245	-0.164932	0.259526	0.167318	0.951132	0.068323	-0.985590	0.154737	0.963316	0.024826	-0.267217
15795	9.496903	2.087986	-4.098904	0.338119	-0.466422	-0.162692	0.263889	0.169062	0.949621	0.071999	-0.985225	0.155393	0.961862	0.027365	-0.272162
15796	9.520451	2.146735	-4.142459	0.316423	-0.418681	-0.147860	0.267778	0.170683	0.948242	0.075449	-0.984876	0.155971	0.960522	0.029778	-0.276606
15797	9.496618	2.097247	-4.155581	0.269699	-0.373180	-0.142078	0.271238	0.172216	0.946980	0.078416	-0.984546	0.156587	0.959313	0.031786	-0.280551
15798	9.451506	1.990850	-3.991538	0.245426	-0.330178	-0.126670	0.274281	0.173622	0.945846	0.081137	-0.984238	0.157140	0.958221	0.033642	-0.284045
15799	9.402810	1.836199	-3.922724	0.219762	-0.292006	-0.120302	0.276966	0.174926	0.944823	0.083569	-0.983949	0.157672	0.957239	0.035288	-0.287139
15800	9.408476	1.788762	-3.745076	0.211192	-0.259990	-0.109539	0.279342	0.176152	0.943895	0.085921	-0.983670	0.158147	0.956340	0.036924	-0.289916
15801	9.275523	1.764073	-3.505845	0.203935	-0.235603	-0.095844	0.281498	0.177203	0.943058	0.088136	-0.983421	0.158479	0.955506	0.038505	-0.292449
15802	9.249811	1.807304	-3.180570	0.194229	-0.223959	-0.084625	0.283545	0.178180	0.942260	0.090260	-0.983183	0.158757	0.954702	0.040033	-0.294859
15803	9.312852	1.942770	-2.924627	0.165455	-0.220301	-0.070879	0.285570	0.178985	0.941495	0.092037	-0.982986	0.158957	0.953928	0.041259	-0.297185
