// General information: 
//  MT Manager version: 2022.2.0 
//  XDA version: 2022.2.0 build 7381 rev 124627 built on 2023-07-19
// Device information: 
//  DeviceId: 00B4CBA7
//  ProductCode: MTW2-3A7G6
//  Firmware Version: 4.6.0
//  Hardware Version: 2.0.0
// Device settings: 
//  Filter Profile: human(46.1)
//  Option Flags: Orientation Smoother Disabled, Position/Velocity Smoother Disabled, Continuous Zero Rotation Update Disabled, AHS Disabled, ICC Disabled
// Coordinate system: ENU
PacketCounter	Acc_X	Acc_Y	Acc_Z	Gyr_X	Gyr_Y	Gyr_Z	Mat[1][1]	Mat[2][1]	Mat[3][1]	Mat[1][2]	Mat[2][2]	Mat[3][2]	Mat[1][3]	Mat[2][3]	Mat[3][3]
32953	8.979118	-0.422246	-0.576496	0.033322	0.482222	0.147226	-0.048779	-0.085673	0.995128	0.148006	-0.985935	-0.077626	0.987783	0.143498	0.060773
32954	8.760134	0.160245	-0.853717	0.070369	0.330686	0.136251	-0.052127	-0.087182	0.994828	0.149044	-0.985704	-0.078573	0.987456	0.144178	0.064375
32955	8.816134	0.518523	-0.781006	-0.053951	0.182892	0.116084	-0.053748	-0.088563	0.994619	0.148557	-0.985684	-0.079739	0.987442	0.143472	0.066135
32956	8.910693	0.432299	-0.821278	-0.196929	0.041572	0.100342	-0.054131	-0.089080	0.994552	0.146881	-0.985889	-0.080310	0.987672	0.141733	0.066451
32957	8.743025	-0.066265	-1.058511	-0.249538	-0.081469	0.104464	-0.053162	-0.089967	0.994525	0.144455	-0.986150	-0.081488	0.988082	0.139332	0.065422
32958	8.358252	-0.542005	-1.301050	-0.181192	-0.209050	0.128805	-0.051165	-0.090388	0.994591	0.143021	-0.986294	-0.082277	0.988396	0.138038	0.063391
32959	8.183804	-0.856948	-1.425512	-0.045986	-0.330747	0.164172	-0.047649	-0.091521	0.994663	0.142631	-0.986213	-0.083911	0.988628	0.137871	0.060045
32960	8.051194	-0.858916	-1.561872	0.099605	-0.453592	0.191842	-0.043033	-0.092373	0.994794	0.143882	-0.985910	-0.085324	0.988659	0.139462	0.055717
32961	8.177222	-0.951997	-1.730941	0.189440	-0.588518	0.214837	-0.036892	-0.093631	0.994923	0.145824	-0.985448	-0.087332	0.988622	0.141862	0.050009
32962	8.295581	-1.452716	-1.994009	0.231756	-0.720283	0.230925	-0.029674	-0.094386	0.995093	0.148473	-0.984904	-0.088992	0.988471	0.145104	0.043239
32963	8.628797	-2.188538	-2.002747	0.296590	-0.845682	0.241131	-0.020943	-0.095484	0.995211	0.151449	-0.984245	-0.091244	0.988243	0.148812	0.035074
32964	9.060434	-2.651094	-1.766061	0.408952	-0.904581	0.245981	-0.011723	-0.096363	0.995277	0.155584	-0.983399	-0.093380	0.987753	0.153754	0.026521
32965	9.429697	-1.908584	-0.522355	0.471775	-0.861706	0.256783	-0.002799	-0.097504	0.995231	0.160244	-0.982418	-0.095798	0.987073	0.159212	0.018374
32966	10.041331	-1.582836	0.407423	0.455769	-0.725834	0.234140	0.004676	-0.098609	0.995115	0.164727	-0.981456	-0.098029	0.986328	0.164381	0.011654
32967	10.251850	-1.639298	0.514204	0.410098	-0.535338	0.240816	0.010366	-0.100045	0.994929	0.168736	-0.980539	-0.100356	0.985607	0.168921	0.006717
32968	10.093406	-1.711966	0.719331	0.310919	-0.381067	0.242008	0.014465	-0.101746	0.994705	0.171751	-0.979771	-0.102716	0.985034	0.172328	0.003302
32969	11.400416	-1.262397	1.723042	0.190698	-0.366345	0.187135	0.018406	-0.102909	0.994520	0.173583	-0.979255	-0.104542	0.984647	0.174556	-0.000161
32970	12.308966	-1.052969	-0.384832	0.333021	-0.388490	0.112761	0.022357	-0.103314	0.994397	0.176814	-0.978558	-0.105644	0.983990	0.178186	-0.003610
32971	10.971815	-0.441249	-1.548214	0.495894	-0.507955	0.063614	0.027476	-0.102983	0.994304	0.181660	-0.977602	-0.106273	0.982977	0.183545	-0.008153
32972	10.280011	-0.973477	-2.029085	0.632477	-0.709341	0.080523	0.034527	-0.102429	0.994141	0.187827	-0.976344	-0.107118	0.981595	0.190425	-0.014472
32973	10.411085	-0.632162	-3.424888	0.970499	-0.836205	0.111179	0.042949	-0.101843	0.993873	0.197284	-0.974338	-0.108367	0.979405	0.200730	-0.021755
32974	10.416819	1.130073	-2.314273	1.181644	-0.927903	0.110833	0.052200	-0.100981	0.993518	0.208768	-0.971788	-0.109741	0.976571	0.213144	-0.029646
32975	10.293223	0.975902	-2.018201	1.252960	-0.886907	0.137875	0.061152	-0.100336	0.993073	0.220892	-0.968904	-0.111497	0.973379	0.226180	-0.037087
32976	9.854279	0.966335	-2.700774	1.246317	-0.734239	0.213140	0.068730	-0.100650	0.992545	0.232861	-0.965798	-0.114062	0.970078	0.238965	-0.042942
32977	9.592445	1.637093	-3.272239	1.021237	-0.599575	0.253495	0.075148	-0.101596	0.991983	0.242557	-0.963055	-0.117008	0.967222	0.249406	-0.047729
32978	9.972992	2.174245	-3.687458	0.615566	-0.467530	0.263122	0.080284	-0.102884	0.991448	0.248313	-0.961236	-0.119857	0.965347	0.255812	-0.051625
32979	10.169977	2.038468	-4.042690	-0.012487	-0.303798	0.250866	0.083846	-0.104483	0.990986	0.247973	-0.961016	-0.122304	0.965132	0.255993	-0.054668
32980	10.173374	0.989309	-3.833002	-0.663532	-0.163031	0.226519	0.085965	-0.106156	0.990627	0.241407	-0.962458	-0.124087	0.966609	0.249811	-0.057111
32981	10.559382	-0.693435	-2.962810	-1.024416	-0.075588	0.172244	0.087111	-0.107596	0.990371	0.231330	-0.964790	-0.125164	0.968968	0.240006	-0.059153
32982	10.777234	-2.846640	-2.082460	-1.074720	0.000866	0.114906	0.087367	-0.108601	0.990239	0.220849	-0.967192	-0.125558	0.971387	0.229662	-0.060517
32983	10.377980	-4.838352	-1.410012	-0.808709	0.057038	0.063421	0.086958	-0.109308	0.990197	0.212917	-0.968956	-0.125662	0.973193	0.221757	-0.060985
32984	9.735194	-5.588392	-1.149578	-0.273537	0.076956	0.044179	0.086316	-0.109816	0.990197	0.210247	-0.969514	-0.125849	0.973830	0.219049	-0.060596
32985	9.317980	-4.460001	-0.712078	0.226435	0.065873	0.043483	0.085775	-0.110347	0.990185	0.212401	-0.968975	-0.126383	0.973411	0.221157	-0.059676
32986	9.212770	-2.442870	-0.412299	0.492479	0.048807	0.050110	0.085424	-0.110879	0.990156	0.217158	-0.967825	-0.127113	0.972391	0.225879	-0.058597
32987	9.102679	-0.589865	-0.085754	0.523810	0.030585	0.057715	0.085262	-0.111472	0.990103	0.222186	-0.966572	-0.127956	0.971269	0.230897	-0.057644
32988	8.857697	0.673272	0.157263	0.457346	0.012782	0.076352	0.085324	-0.112180	0.990018	0.226567	-0.965426	-0.128920	0.970251	0.235305	-0.056958
32989	8.871603	0.996256	0.353957	0.392922	-0.023625	0.114908	0.085823	-0.113197	0.989859	0.230266	-0.964372	-0.130247	0.969336	0.239109	-0.056700
32990	9.312026	0.783039	0.577575	0.362828	-0.059947	0.172864	0.086814	-0.114647	0.989606	0.233650	-0.963306	-0.132097	0.968437	0.242689	-0.056842
32991	10.123744	-0.025412	1.028282	0.329937	-0.093305	0.217543	0.088237	-0.116478	0.989266	0.236641	-0.962256	-0.134405	0.967582	0.245960	-0.057343
32992	10.649736	-0.838496	1.159492	0.363730	-0.121974	0.258469	0.090033	-0.118580	0.988854	0.239955	-0.961055	-0.137094	0.966600	0.249623	-0.058073
32993	10.533622	-0.749442	0.882472	0.276365	-0.164763	0.251064	0.092238	-0.120543	0.988414	0.242383	-0.960069	-0.139705	0.965786	0.252461	-0.059337
32994	10.109085	-1.060497	0.619003	0.081877	-0.209324	0.218921	0.094783	-0.122032	0.987990	0.242999	-0.959601	-0.141838	0.965385	0.253524	-0.061300
32995	9.426961	-1.473838	0.474469	-0.046765	-0.236705	0.210359	0.097585	-0.123416	0.987545	0.242333	-0.959469	-0.143853	0.965273	0.253352	-0.063723
32996	8.997789	-1.770185	0.330465	-0.098717	-0.267569	0.210374	0.100663	-0.124676	0.987078	0.241201	-0.959463	-0.145786	0.965240	0.252759	-0.066511
32997	9.034787	-1.972048	0.202114	-0.083111	-0.304003	0.201042	0.104089	-0.125802	0.986580	0.240181	-0.959429	-0.147680	0.965132	0.252329	-0.069650
32998	9.391585	-1.892309	0.216153	-0.054775	-0.336132	0.198472	0.107791	-0.126783	0.986056	0.239467	-0.959322	-0.149523	0.964902	0.252246	-0.073046
32999	9.820800	-1.928611	0.190372	-0.026056	-0.371982	0.185132	0.111830	-0.127585	0.985503	0.239001	-0.959160	-0.151295	0.964558	0.252455	-0.076770
33000	10.144060	-1.991917	-0.020150	0.008775	-0.393081	0.179870	0.116029	-0.128246	0.984932	0.238903	-0.958914	-0.153002	0.964086	0.253056	-0.080623
33001	10.043931	-2.034995	-0.542087	0.051206	-0.411703	0.172833	0.120417	-0.128824	0.984329	0.239181	-0.958570	-0.154713	0.963479	0.254063	-0.084616
33002	9.885053	-2.030165	-1.190560	0.042801	-0.397680	0.158193	0.124603	-0.129262	0.983751	0.239419	-0.958263	-0.156238	0.962888	0.254996	-0.088455
33003	9.754008	-1.841545	-1.380425	0.026799	-0.377416	0.137176	0.128572	-0.129577	0.983198	0.239492	-0.958026	-0.157578	0.962348	0.255728	-0.092142
33004	9.692450	-1.831570	-1.627127	0.020740	-0.348967	0.121124	0.132198	-0.129781	0.982690	0.239551	-0.957822	-0.158722	0.961841	0.256388	-0.095533
33005	9.618268	-1.904466	-1.642146	0.041255	-0.309424	0.125103	0.135481	-0.130149	0.982195	0.239770	-0.957562	-0.159958	0.961330	0.257172	-0.098525
33006	9.518313	-1.912857	-1.776633	0.061051	-0.266621	0.110862	0.138293	-0.130461	0.981761	0.240221	-0.957266	-0.161044	0.960817	0.258111	-0.101044
33007	9.561970	-1.740030	-1.753439	0.069692	-0.241101	0.112437	0.140886	-0.130878	0.981337	0.240723	-0.956948	-0.162185	0.960314	0.259080	-0.103315
33008	9.665520	-1.597734	-1.747216	0.061710	-0.214748	0.104080	0.143186	-0.131254	0.980954	0.241183	-0.956658	-0.163208	0.959858	0.259959	-0.105324
33009	9.730238	-1.329093	-1.627493	0.043796	-0.186606	0.094428	0.145212	-0.131636	0.980605	0.241457	-0.956428	-0.164147	0.959485	0.260610	-0.107100
33010	9.656849	-1.124268	-1.269759	-0.007786	-0.175357	0.090388	0.147104	-0.131980	0.980276	0.241267	-0.956336	-0.164962	0.959245	0.260775	-0.108838
33011	9.692447	-1.144360	-0.903283	-0.058008	-0.177379	0.089630	0.149028	-0.132339	0.979937	0.240568	-0.956377	-0.165743	0.959123	0.260442	-0.110691
33012	9.573857	-1.234335	-0.588002	-0.095736	-0.189215	0.082489	0.151032	-0.132568	0.979599	0.239547	-0.956523	-0.166378	0.959065	0.259788	-0.112710
33013	9.379484	-1.306877	-0.166612	-0.113841	-0.217192	0.086445	0.153329	-0.132796	0.979212	0.238313	-0.956712	-0.167061	0.959008	0.258974	-0.115045
33014	9.133117	-1.621007	0.110307	-0.113897	-0.248193	0.088578	0.155908	-0.132934	0.978786	0.237106	-0.956895	-0.167729	0.958892	0.258226	-0.117668
33015	9.025742	-1.854874	0.303826	-0.078074	-0.294026	0.100741	0.158972	-0.133103	0.978270	0.236189	-0.956971	-0.168587	0.958615	0.257857	-0.120694
33016	9.201098	-1.950655	0.443565	-0.039369	-0.346410	0.105934	0.162525	-0.133160	0.977678	0.235662	-0.956938	-0.169510	0.958149	0.257951	-0.124145
33017	9.477289	-1.934953	0.164584	0.001144	-0.393136	0.113928	0.166566	-0.133199	0.976992	0.235476	-0.956792	-0.170591	0.957500	0.258472	-0.128003
33018	9.557923	-1.511021	-0.013723	-0.011667	-0.436405	0.116758	0.170993	-0.133128	0.976237	0.235184	-0.956673	-0.171654	0.956791	0.258947	-0.132275
33019	9.715232	-1.352352	-0.384486	-0.089117	-0.468473	0.115148	0.175751	-0.132982	0.975411	0.234123	-0.956759	-0.172623	0.956189	0.258705	-0.137018
33020	9.791623	-1.231621	-0.746284	-0.157407	-0.482668	0.114149	0.180603	-0.132769	0.974554	0.232432	-0.957021	-0.173454	0.955698	0.257844	-0.141981
33021	9.508097	-1.241621	-1.207779	-0.203525	-0.494898	0.107019	0.185586	-0.132485	0.973656	0.230283	-0.957411	-0.174168	0.955263	0.256540	-0.147173
33022	9.202339	-1.688612	-1.572936	-0.257748	-0.487216	0.104301	0.190448	-0.132177	0.972758	0.227646	-0.957938	-0.174732	0.954938	0.254722	-0.152348
33023	9.168442	-2.395605	-1.765804	-0.222457	-0.488147	0.092772	0.195326	-0.131790	0.971843	0.225335	-0.958389	-0.175255	0.954501	0.253222	-0.157501
33024	9.550738	-2.823134	-1.972665	-0.117415	-0.471828	0.081649	0.199983	-0.131321	0.970959	0.224072	-0.958586	-0.175798	0.953834	0.252721	-0.162275
33025	10.013853	-2.396431	-2.107123	-0.027128	-0.445366	0.074236	0.204402	-0.130871	0.970099	0.223655	-0.958565	-0.176439	0.952994	0.253032	-0.166663
33026	10.026447	-1.864254	-2.206835	-0.051625	-0.414055	0.050814	0.208434	-0.130257	0.969324	0.223072	-0.958637	-0.176788	0.952257	0.253078	-0.170756
33027	10.103663	-1.884589	-2.166122	-0.082662	-0.415414	0.017332	0.212435	-0.129336	0.968578	0.222242	-0.958832	-0.176778	0.951567	0.252812	-0.174945
33028	10.029100	-1.949345	-1.975578	-0.054934	-0.407764	-0.019089	0.216247	-0.128069	0.967903	0.221774	-0.959002	-0.176440	0.950817	0.252810	-0.178979
33029	9.546350	-2.017941	-1.701630	0.003369	-0.400925	-0.035945	0.219985	-0.126674	0.967244	0.221877	-0.959048	-0.176063	0.949935	0.253341	-0.182870
33030	9.309356	-2.028164	-1.373875	0.030365	-0.418173	-0.043686	0.223836	-0.125142	0.966559	0.222275	-0.959033	-0.175642	0.948942	0.254157	-0.186850
33031	9.309496	-2.179453	-0.857771	0.044086	-0.440479	-0.059541	0.227888	-0.123413	0.965835	0.222821	-0.959002	-0.175115	0.947849	0.255115	-0.191046
33032	9.303074	-2.128485	-0.432873	0.040808	-0.478835	-0.067739	0.232247	-0.121492	0.965039	0.223373	-0.958988	-0.174487	0.946660	0.256088	-0.195584
33033	9.405853	-2.164454	-0.287132	-0.010849	-0.526613	-0.076274	0.237066	-0.119375	0.964131	0.223443	-0.959116	-0.173695	0.945449	0.256605	-0.200700
33034	9.753162	-2.001676	-0.373008	-0.057553	-0.565551	-0.074152	0.242212	-0.117171	0.963122	0.223082	-0.959359	-0.172815	0.944229	0.256713	-0.206230
33035	10.030372	-1.394051	-0.602138	-0.145015	-0.611598	-0.074255	0.247825	-0.114854	0.961973	0.221890	-0.959824	-0.171761	0.943052	0.256019	-0.212384
33036	10.248262	-0.935299	-0.869775	-0.256353	-0.657127	-0.081279	0.253801	-0.112359	0.960708	0.219682	-0.960578	-0.170379	0.941979	0.254293	-0.219113
33037	10.344745	-0.462541	-0.907135	-0.364964	-0.700214	-0.093308	0.260197	-0.109655	0.959309	0.216480	-0.961613	-0.168635	0.940975	0.251550	-0.226471
33038	10.279777	-0.187757	-0.784096	-0.459699	-0.747410	-0.097764	0.266973	-0.106803	0.957767	0.212426	-0.962873	-0.166585	0.940000	0.247928	-0.234373
33039	10.306587	-0.189373	-0.737946	-0.501107	-0.796992	-0.085811	0.274287	-0.103981	0.956010	0.207945	-0.964203	-0.164533	0.938896	0.243927	-0.242847
33040	10.229949	0.054126	-0.407419	-0.519720	-0.855199	-0.078769	0.282099	-0.101099	0.954044	0.203309	-0.965547	-0.162434	0.937596	0.239788	-0.251825
33041	10.064713	-0.058964	-0.345072	-0.561994	-0.915351	-0.065842	0.290549	-0.098253	0.951802	0.198227	-0.966954	-0.160328	0.936102	0.235257	-0.261472
33042	9.852055	-0.706732	-0.806311	-0.551433	-0.969716	-0.044429	0.299472	-0.095501	0.949314	0.193232	-0.968288	-0.158367	0.934333	0.230864	-0.271521
33043	9.732183	-1.021195	-1.145108	-0.555728	-1.026542	-0.035323	0.308993	-0.092776	0.946528	0.188149	-0.969598	-0.156458	0.932268	0.226433	-0.282144
33044	9.936493	-1.417198	-1.408892	-0.545409	-1.065492	-0.030720	0.318791	-0.090023	0.943540	0.183202	-0.970854	-0.154527	0.929951	0.222120	-0.293007
33045	10.300633	-1.431846	-1.420666	-0.554130	-1.105209	-0.020119	0.329027	-0.087361	0.940271	0.178118	-0.972097	-0.152647	0.927370	0.217704	-0.304285
33046	10.572908	-0.982829	-1.098721	-0.599619	-1.159312	-0.021711	0.339652	-0.084591	0.936739	0.172674	-0.973412	-0.150512	0.924565	0.212872	-0.316015
33047	10.955913	-0.647032	-0.775485	-0.683648	-1.212867	-0.026361	0.350811	-0.081750	0.932871	0.166452	-0.974875	-0.148026	0.921534	0.207207	-0.328390
33048	11.468426	-0.268518	-0.387656	-0.786499	-1.275104	-0.022228	0.362425	-0.078867	0.928670	0.159336	-0.976501	-0.145112	0.918292	0.200563	-0.341342
33049	11.976111	0.076853	-0.288492	-0.863088	-1.325740	-0.017405	0.374557	-0.076051	0.924080	0.151488	-0.978219	-0.141910	0.914745	0.193141	-0.354878
33050	12.128702	0.282639	-0.512587	-0.884218	-1.369980	-0.013231	0.386950	-0.073254	0.919187	0.143517	-0.979907	-0.138509	0.910864	0.185515	-0.368662
33051	11.941576	0.637313	-0.674484	-0.871497	-1.435535	-0.008274	0.399991	-0.070528	0.913801	0.135630	-0.981502	-0.135121	0.906428	0.177986	-0.383027
33052	11.810205	1.083821	-0.758434	-0.867838	-1.507644	-0.007018	0.413504	-0.067744	0.907979	0.127877	-0.983023	-0.131580	0.901478	0.170518	-0.397821
33053	11.827879	1.697061	-0.274138	-0.942495	-1.577049	-0.000968	0.427686	-0.065075	0.901582	0.119411	-0.984597	-0.127712	0.896006	0.162279	-0.413327
33054	12.081429	2.179377	0.889641	-1.133718	-1.644712	0.030682	0.442289	-0.062684	0.894679	0.109235	-0.986363	-0.123108	0.890195	0.152180	-0.429410
33055	12.305407	1.647707	2.187162	-1.413872	-1.707588	0.067647	0.457517	-0.060828	0.887118	0.096390	-0.988386	-0.117483	0.883961	0.139260	-0.446340
33056	12.099679	-0.516868	1.720362	-1.497645	-1.714701	0.135375	0.472597	-0.059767	0.879250	0.082676	-0.990291	-0.111753	0.877392	0.125507	-0.463067
33057	11.057776	-2.852069	-0.646114	-1.242847	-1.675404	0.230106	0.487425	-0.060004	0.871101	0.070713	-0.991646	-0.107875	0.870297	0.114180	-0.479110
33058	9.813189	-4.244959	-2.782518	-0.815061	-1.662985	0.306458	0.501879	-0.061083	0.862778	0.062235	-0.992367	-0.106460	0.862696	0.107125	-0.494247
33059	9.249070	-4.323791	-3.570782	-0.348323	-1.724709	0.417907	0.516944	-0.063368	0.853670	0.057121	-0.992480	-0.108262	0.854111	0.104728	-0.509437
33060	9.656219	-5.068858	-3.760602	-0.084512	-1.778115	0.522436	0.532179	-0.066595	0.844009	0.053741	-0.992234	-0.112177	0.844925	0.105056	-0.524467
33061	10.742969	-5.360627	-2.762465	0.029429	-1.811459	0.606296	0.547723	-0.070658	0.833671	0.050721	-0.991791	-0.117383	0.835121	0.106578	-0.539643
33062	11.130891	-5.488707	-1.707008	0.072465	-1.835929	0.582242	0.563086	-0.074400	0.823042	0.048141	-0.991295	-0.122546	0.824995	0.108626	-0.554602
33063	10.309398	-5.818467	-2.652205	0.254421	-1.814053	0.473973	0.578194	-0.077056	0.812252	0.047530	-0.990659	-0.127815	0.814514	0.112508	-0.569130
33064	8.668138	-5.651370	-4.703014	0.485437	-1.692780	0.356595	0.591896	-0.078617	0.802171	0.049398	-0.989823	-0.133457	0.804499	0.118618	-0.581989
33065	7.536803	-5.371542	-7.010896	0.706390	-1.594763	0.273136	0.604797	-0.079326	0.792419	0.053420	-0.988745	-0.139752	0.794586	0.126853	-0.593753
33066	6.840764	-4.472522	-7.814326	0.907594	-1.502977	0.221740	0.616624	-0.079558	0.783228	0.059232	-0.987372	-0.146927	0.785026	0.136991	-0.604125
33067	6.846690	-3.045317	-7.160741	0.868326	-1.440382	0.175678	0.627981	-0.079212	0.774187	0.064924	-0.986006	-0.153548	0.775516	0.146689	-0.614050
33068	7.219857	-1.910901	-5.806466	0.607156	-1.358422	0.091629	0.638358	-0.078118	0.765765	0.069010	-0.985023	-0.158013	0.766640	0.153714	-0.623406
33069	7.811168	-1.066414	-4.148566	0.216063	-1.247697	-0.022289	0.647865	-0.075925	0.757962	0.070812	-0.984709	-0.159165	0.758457	0.156790	-0.632582
33070	7.346424	-1.103845	-6.864465	0.108603	-1.048575	-0.089792	0.655562	-0.073431	0.751563	0.072203	-0.984606	-0.159180	0.751682	0.158617	-0.640168
33071	4.205545	-1.661418	-7.042188	0.166678	-0.800249	-0.299266	0.661342	-0.069170	0.746888	0.075433	-0.984558	-0.157974	0.746282	0.160815	-0.645912
33072	4.230705	-1.208626	-3.330623	0.111291	-0.574631	-0.451245	0.665123	-0.063840	0.744000	0.079240	-0.984679	-0.155331	0.742518	0.162268	-0.649874
33073	7.176003	-0.989513	0.280683	-0.157156	-0.134856	-0.498582	0.665731	-0.058675	0.743882	0.081403	-0.985243	-0.150564	0.741739	0.160789	-0.651130
33074	8.899959	-1.328167	1.253191	-0.169401	0.508742	-0.482175	0.661397	-0.054781	0.748033	0.083325	-0.985789	-0.145867	0.745393	0.158806	-0.647433
33075	7.335643	-2.343452	0.067443	0.124128	1.161035	-0.469662	0.652305	-0.051962	0.756173	0.087351	-0.985846	-0.143097	0.752906	0.159396	-0.638534
33076	6.190144	-3.304219	-1.352344	0.483711	1.626229	-0.432737	0.639412	-0.050377	0.767212	0.093787	-0.985289	-0.142861	0.763122	0.163301	-0.625281
33077	6.800894	-3.613732	-1.999938	0.789699	1.979763	-0.421540	0.623781	-0.049490	0.780031	0.102532	-0.984188	-0.144437	0.774845	0.170075	-0.608843
33078	7.919738	-2.721918	-2.489438	0.979743	2.296292	-0.470964	0.605141	-0.048940	0.794612	0.113038	-0.982715	-0.146610	0.788052	0.178541	-0.589149
33079	8.319768	-1.979303	-3.136098	0.907613	2.569998	-0.568914	0.584038	-0.048005	0.810306	0.123646	-0.981340	-0.147256	0.802254	0.186194	-0.567204
33080	8.671314	-1.872265	-3.705479	0.649261	2.758065	-0.671404	0.560640	-0.046712	0.826741	0.132692	-0.980438	-0.145379	0.817359	0.191207	-0.543474
33081	9.288935	-2.037788	-3.622621	0.330031	2.921513	-0.748167	0.535519	-0.044956	0.843326	0.139521	-0.980151	-0.140847	0.832918	0.193088	-0.518618
33082	9.824719	-2.199936	-3.578489	0.037755	3.101123	-0.786600	0.508108	-0.043308	0.860204	0.143880	-0.980433	-0.134349	0.849191	0.192030	-0.491935
33083	10.103825	-2.306372	-3.424374	-0.215564	3.242183	-0.786803	0.479175	-0.041725	0.876727	0.145919	-0.981182	-0.126448	0.865505	0.188522	-0.464069
33084	10.470318	-2.558123	-3.023181	-0.405973	3.334474	-0.766501	0.448699	-0.040492	0.892765	0.145852	-0.982261	-0.117856	0.881701	0.183093	-0.434834
33085	10.846607	-3.022373	-2.759870	-0.488419	3.409080	-0.711416	0.417348	-0.039601	0.907884	0.144588	-0.983430	-0.109363	0.897171	0.176912	-0.404706
33086	10.990126	-3.377225	-2.614445	-0.409584	3.452869	-0.630495	0.384972	-0.039517	0.922082	0.143317	-0.984404	-0.102023	0.911733	0.171426	-0.373304
33087	11.028698	-3.704525	-2.677991	-0.160569	3.468897	-0.536078	0.352352	-0.040098	0.935008	0.143816	-0.984895	-0.096434	0.924751	0.168448	-0.341263
33088	10.985882	-3.509342	-2.802634	0.167386	3.440610	-0.427657	0.319469	-0.041804	0.946674	0.146691	-0.984802	-0.092990	0.936174	0.168576	-0.308482
33089	10.933204	-2.741628	-2.883183	0.467046	3.412366	-0.321438	0.286882	-0.044410	0.956936	0.152055	-0.984150	-0.091258	0.945821	0.171688	-0.275582
33090	11.031020	-1.857745	-2.789183	0.622984	3.373753	-0.225349	0.254230	-0.048187	0.965943	0.158445	-0.983189	-0.090749	0.954077	0.176120	-0.242321
33091	11.111278	-1.151021	-2.762138	0.658173	3.324771	-0.147917	0.222158	-0.052634	0.973589	0.165092	-0.982093	-0.090766	0.960932	0.180896	-0.209491
33092	11.030968	-0.527612	-2.549883	0.555544	3.259839	-0.077059	0.190353	-0.057952	0.980004	0.170463	-0.981141	-0.091129	0.966803	0.184401	-0.176884
33093	10.920727	-0.258454	-2.594310	0.382966	3.166294	-0.004062	0.159659	-0.063745	0.985112	0.174172	-0.980439	-0.091671	0.971686	0.186215	-0.145434
33094	10.910415	-0.390910	-2.447507	0.142915	3.076844	0.067442	0.129559	-0.070229	0.989082	0.175327	-0.980149	-0.092561	0.975948	0.185405	-0.114675
33095	10.766988	-0.742279	-2.142396	-0.097104	2.977290	0.138252	0.100694	-0.077023	0.991932	0.174205	-0.980232	-0.093799	0.979547	0.182245	-0.085285
33096	10.648788	-1.081789	-2.015116	-0.268280	2.856189	0.207883	0.072781	-0.084286	0.993780	0.171258	-0.980567	-0.095708	0.982534	0.177159	-0.056932
33097	10.393255	-1.520402	-1.974794	-0.382632	2.721690	0.280973	0.046488	-0.091746	0.994697	0.167311	-0.980991	-0.098301	0.984807	0.170994	-0.030254
33098	10.239662	-1.543061	-2.033505	-0.460401	2.573668	0.337360	0.021432	-0.099449	0.994812	0.162523	-0.981458	-0.101615	0.986472	0.163857	-0.004872
33099	9.883948	-1.233254	-2.051434	-0.570562	2.410536	0.379590	-0.001750	-0.106994	0.994258	0.156836	-0.981985	-0.105397	0.987623	0.155751	0.018499
33100	9.432216	-0.926597	-2.027137	-0.729370	2.217462	0.414287	-0.023261	-0.114485	0.993153	0.149545	-0.982643	-0.109771	0.988481	0.145967	0.039978
33101	8.995394	-1.018581	-2.075677	-0.870533	2.011046	0.447685	-0.042490	-0.121678	0.991660	0.141065	-0.983343	-0.114613	0.989088	0.135019	0.058947
33102	8.624156	-1.127563	-2.063057	-0.951533	1.795671	0.483656	-0.059819	-0.128822	0.989862	0.131765	-0.983979	-0.120093	0.989474	0.123245	0.075835
33103	8.380431	-1.175734	-2.018389	-0.948843	1.560810	0.522700	-0.074593	-0.135768	0.987929	0.122707	-0.984410	-0.126019	0.989636	0.111825	0.090090
33104	8.323795	-1.336713	-2.045383	-0.883642	1.332058	0.558888	-0.087325	-0.142749	0.985899	0.114283	-0.984581	-0.132436	0.989603	0.101106	0.102292
33105	8.222299	-1.457529	-2.378156	-0.673769	1.091768	0.590960	-0.097464	-0.149593	0.983932	0.108141	-0.984377	-0.138949	0.989346	0.092861	0.112118
33106	7.861778	-1.567059	-2.016174	-0.532605	0.844242	0.589609	-0.105390	-0.156208	0.982086	0.103339	-0.983959	-0.145417	0.989047	0.086162	0.119841
33107	7.872923	-1.503960	-2.120731	-0.312978	0.586802	0.585258	-0.110588	-0.162427	0.980504	0.100854	-0.983296	-0.151514	0.988736	0.082132	0.125122
33108	7.903675	-1.435061	-2.553838	-0.030621	0.353843	0.583826	-0.113682	-0.168508	0.979123	0.101074	-0.982360	-0.157330	0.988362	0.081078	0.128709
33109	7.651878	-1.223574	-2.891385	0.231671	0.129530	0.579478	-0.114362	-0.174272	0.978034	0.104002	-0.981184	-0.162672	0.987980	0.083114	0.130334
33110	7.453071	-1.104205	-3.555611	0.484812	-0.069165	0.558786	-0.113254	-0.179744	0.977172	0.109295	-0.979785	-0.167558	0.987536	0.087824	0.130609
33111	7.260110	-1.310202	-4.489623	0.733220	-0.218504	0.520815	-0.110501	-0.184611	0.976580	0.117095	-0.978172	-0.171663	0.986954	0.095383	0.129706
33112	7.066543	-1.398839	-4.766703	0.945238	-0.319436	0.461139	-0.106939	-0.188848	0.976166	0.126792	-0.976371	-0.174997	0.986148	0.105056	0.128356
33113	7.060596	-1.015368	-5.096855	1.207427	-0.368977	0.403273	-0.102761	-0.192339	0.975933	0.139092	-0.974267	-0.177364	0.984933	0.117519	0.126869
33114	7.155501	-0.696378	-5.196096	1.403651	-0.371972	0.350195	-0.098718	-0.195330	0.975757	0.153131	-0.971849	-0.179055	0.983263	0.131742	0.125850
33115	7.504945	-0.364032	-5.061417	1.515067	-0.328463	0.276202	-0.095044	-0.197521	0.975680	0.168258	-0.969203	-0.179819	0.981150	0.147075	0.125351
33116	7.853377	-0.143979	-4.446162	1.488544	-0.238094	0.176308	-0.092507	-0.198900	0.975644	0.182891	-0.966569	-0.179709	0.978771	0.161812	0.125792
33117	8.568970	-0.926838	-3.153635	1.289941	-0.157824	0.073836	-0.090821	-0.199316	0.975717	0.195547	-0.964262	-0.178774	0.976480	0.174563	0.126551
33118	8.512178	-2.294971	-5.718776	1.550100	-0.160734	0.023018	-0.089294	-0.199277	0.975866	0.210572	-0.961411	-0.177057	0.973492	0.189680	0.127810
33119	7.980678	-2.126874	-6.206597	1.566019	-0.327260	-0.001377	-0.086114	-0.198586	0.976293	0.225770	-0.958330	-0.175018	0.970367	0.205346	0.127360
33120	8.341529	-2.700626	-6.711282	1.483868	-0.627326	0.043065	-0.079995	-0.197691	0.976995	0.240072	-0.955106	-0.173605	0.967453	0.220662	0.123864
33121	10.339979	-1.161116	-2.048494	1.221938	-0.879228	0.097145	-0.071259	-0.196587	0.977893	0.251932	-0.952147	-0.173053	0.965118	0.234031	0.117376
33122	16.800280	2.235494	7.433591	0.738971	-1.036534	0.066324	-0.061131	-0.194773	0.978942	0.258996	-0.950278	-0.172896	0.963942	0.242972	0.108536
33123	27.371731	2.370561	4.593862	0.889415	-1.163149	0.094600	-0.049678	-0.192751	0.979989	0.267593	-0.947897	-0.172873	0.962250	0.253651	0.098669
33124	17.128473	5.276743	0.525440	1.325399	-1.179266	-0.038002	-0.038503	-0.189316	0.981161	0.280248	-0.944529	-0.171250	0.959155	0.268375	0.089423
33125	9.286542	4.574433	0.188564	0.897471	-1.420966	-0.107404	-0.025194	-0.184378	0.982532	0.288793	-0.942282	-0.169420	0.957060	0.279480	0.076987
33126	7.778623	1.764581	-2.344603	0.847012	-1.469463	0.057159	-0.011024	-0.180698	0.983477	0.296895	-0.939775	-0.169340	0.954847	0.290122	0.064009
33127	7.271653	0.129488	-4.505307	1.146571	-1.456530	0.297904	0.003759	-0.179137	0.983817	0.307815	-0.935847	-0.171579	0.951439	0.303479	0.051623
33128	8.853735	-0.418027	-5.311000	1.422813	-1.419925	0.374546	0.018384	-0.178160	0.983830	0.321296	-0.930753	-0.174553	0.946800	0.319309	0.040131
33129	9.825806	0.394652	-5.438069	1.250273	-1.055927	0.495409	0.029978	-0.179285	0.983340	0.332969	-0.925803	-0.178945	0.942461	0.332786	0.031942
33130	9.740058	3.442543	-5.009628	0.376803	-0.766114	0.575954	0.039112	-0.181972	0.982526	0.336356	-0.923499	-0.184429	0.940922	0.337692	0.025088
33131	10.866849	4.643874	-2.683060	-1.193571	-0.615607	0.464103	0.046448	-0.184185	0.981793	0.324887	-0.926633	-0.189208	0.944611	0.327761	0.016799
33132	11.963342	0.309577	-1.399821	-2.485273	-0.510054	0.305202	0.052250	-0.185299	0.981292	0.301255	-0.933932	-0.192397	0.952111	0.305672	0.007025
33133	11.809642	-4.533400	-0.511218	-2.840892	-0.409290	0.179305	0.056679	-0.185751	0.980961	0.273977	-0.941927	-0.194190	0.960065	0.279767	-0.002496
33134	10.196580	-8.148134	0.112617	-2.178472	-0.424551	0.068004	0.060959	-0.185134	0.980821	0.253056	-0.947677	-0.194606	0.965529	0.260065	-0.010921
33135	8.563662	-8.894558	0.381493	-0.813231	-0.524494	0.086840	0.066245	-0.184580	0.980582	0.245125	-0.949615	-0.195311	0.967226	0.253303	-0.017663
33136	8.125953	-6.746471	0.034697	0.472640	-0.631344	0.203728	0.072862	-0.184820	0.980068	0.249593	-0.948031	-0.197334	0.965606	0.258996	-0.022945
33137	8.526404	-3.274695	-0.602164	1.141256	-0.702118	0.293621	0.080379	-0.185705	0.979312	0.260352	-0.944473	-0.200468	0.962162	0.271079	-0.027567
33138	9.532134	-0.741229	-0.526214	1.229885	-0.762114	0.319512	0.088556	-0.186543	0.978447	0.271908	-0.940471	-0.203912	0.958240	0.284105	-0.032562
33139	10.621577	0.713033	-0.516856	0.904198	-0.730859	0.299396	0.096375	-0.187210	0.977581	0.280266	-0.937310	-0.207128	0.955072	0.293944	-0.037865
33140	10.913731	0.791148	-0.993245	0.296833	-0.655007	0.237687	0.103305	-0.187427	0.976831	0.282894	-0.935990	-0.209508	0.953572	0.297983	-0.043670
33141	10.516584	-0.756449	-1.852739	-0.271387	-0.582136	0.156976	0.109298	-0.187135	0.976235	0.280124	-0.936514	-0.210883	0.953721	0.296516	-0.049939
33142	10.059526	-2.725193	-2.047046	-0.598317	-0.526875	0.093043	0.114598	-0.186371	0.975773	0.274362	-0.938103	-0.211398	0.954774	0.291941	-0.056372
33143	10.001014	-4.125420	-1.854551	-0.612979	-0.479717	0.039563	0.119289	-0.185321	0.975411	0.268445	-0.939815	-0.211388	0.955880	0.287061	-0.062361
33144	10.052899	-4.749044	-1.613607	-0.415851	-0.419716	0.002664	0.123328	-0.184067	0.975146	0.264510	-0.941001	-0.211074	0.956465	0.283967	-0.067364
33145	9.984646	-4.326846	-1.596140	-0.120233	-0.381259	-0.011421	0.126944	-0.182845	0.974912	0.263360	-0.941374	-0.210848	0.956309	0.283518	-0.071348
33146	9.952069	-3.122778	-1.631496	0.093596	-0.355976	-0.017040	0.130324	-0.181605	0.974698	0.264303	-0.941144	-0.210692	0.955594	0.285073	-0.074655
33147	10.031701	-1.810178	-1.575437	0.177651	-0.336846	-0.019353	0.133490	-0.180426	0.974488	0.266011	-0.940682	-0.210607	0.954682	0.287339	-0.077577
33148	10.048127	-0.825248	-1.563378	0.091624	-0.298402	-0.012308	0.136329	-0.179383	0.974287	0.266927	-0.940446	-0.210503	0.954025	0.288761	-0.080328
33149	9.894344	-0.518948	-1.384644	-0.071795	-0.250473	0.004552	0.138731	-0.178670	0.974079	0.266222	-0.940656	-0.210456	0.953876	0.288518	-0.082932
33150	9.733218	-0.921723	-1.198751	-0.230092	-0.221513	0.007570	0.140891	-0.178027	0.973887	0.264054	-0.941308	-0.210271	0.954162	0.286784	-0.085613
33151	9.546945	-1.326439	-0.890927	-0.344914	-0.197737	0.019241	0.142829	-0.177611	0.973681	0.260721	-0.942269	-0.210127	0.954790	0.283871	-0.088277
33152	9.320785	-1.806859	-0.575300	-0.407771	-0.188207	0.030154	0.144732	-0.177280	0.973460	0.256827	-0.943370	-0.209985	0.955559	0.280403	-0.091006
33153	9.250588	-2.081204	-0.103259	-0.428974	-0.201046	0.040705	0.146759	-0.177072	0.973194	0.252654	-0.944503	-0.209952	0.956362	0.276693	-0.093876
33154	9.379261	-2.320497	-0.003722	-0.389782	-0.232215	0.048010	0.149126	-0.176804	0.972883	0.248898	-0.945494	-0.209978	0.956980	0.273462	-0.096992
33155	9.355253	-2.552827	-0.007881	-0.308154	-0.263486	0.054768	0.151785	-0.176572	0.972514	0.245853	-0.946247	-0.210174	0.957349	0.270997	-0.100215
33156	9.239479	-2.507935	-0.160168	-0.223345	-0.295475	0.052656	0.154764	-0.176193	0.972113	0.243675	-0.946762	-0.210392	0.957429	0.269441	-0.103591
33157	9.252544	-2.479512	-0.394828	-0.165373	-0.326642	0.051516	0.158018	-0.175769	0.971666	0.241998	-0.947127	-0.210685	0.957323	0.268433	-0.107127
33158	9.376689	-2.374751	-0.557063	-0.128788	-0.351649	0.049786	0.161523	-0.175223	0.971189	0.240722	-0.947390	-0.210965	0.957060	0.267862	-0.110845
33159	9.425234	-2.073508	-0.791662	-0.116569	-0.370254	0.040734	0.165165	-0.174586	0.970691	0.239527	-0.947641	-0.211196	0.956738	0.267389	-0.114699
33160	9.243681	-1.919560	-0.765186	-0.152752	-0.392991	0.026766	0.169005	-0.173717	0.970185	0.238055	-0.948007	-0.211215	0.956434	0.266654	-0.118864
33161	9.001335	-1.882130	-0.653400	-0.209500	-0.408994	0.020817	0.172968	-0.172793	0.969652	0.236004	-0.948539	-0.211130	0.956234	0.265360	-0.123287
33162	8.955863	-2.083320	-0.536424	-0.252229	-0.425619	0.022196	0.177105	-0.171805	0.969080	0.233588	-0.949174	-0.210965	0.956070	0.263729	-0.127972
33163	9.026252	-1.908799	-0.268687	-0.272381	-0.465172	0.026268	0.181615	-0.170799	0.968423	0.230925	-0.949855	-0.210831	0.955871	0.261923	-0.133066
33164	9.391493	-1.957906	-0.223442	-0.314752	-0.504767	0.027887	0.186516	-0.169675	0.967689	0.227899	-0.950634	-0.210611	0.955654	0.259818	-0.138639
33165	9.485812	-1.930016	-0.130518	-0.341642	-0.546096	0.015857	0.191772	-0.168381	0.966888	0.224593	-0.951501	-0.210247	0.955396	0.257476	-0.144654
33166	9.526468	-2.016331	-0.169793	-0.341675	-0.593028	0.010161	0.197467	-0.166886	0.966000	0.221344	-0.952366	-0.209777	0.954994	0.255242	-0.151122
33167	9.583315	-1.938789	-0.259988	-0.281416	-0.638685	0.013733	0.203597	-0.165359	0.964989	0.218619	-0.953069	-0.209441	0.954334	0.253606	-0.157891
33168	9.625454	-1.524773	-0.310973	-0.243682	-0.684386	0.026200	0.210187	-0.163808	0.963841	0.216274	-0.953648	-0.209239	0.953440	0.252433	-0.165017
33169	9.496384	-1.317073	-0.169727	-0.243376	-0.744091	0.029975	0.217344	-0.162186	0.962527	0.213880	-0.954222	-0.209082	0.952374	0.251308	-0.172706
33170	9.721353	-1.737152	-0.379396	-0.227537	-0.802882	0.028399	0.225045	-0.160371	0.961060	0.211690	-0.954753	-0.208888	0.951074	0.250456	-0.180913
33171	9.653829	-2.078209	-0.724362	-0.113230	-0.825701	0.037505	0.232973	-0.158627	0.959459	0.210519	-0.954986	-0.209005	0.949424	0.250676	-0.189092
33172	9.533025	-2.326427	-1.300091	-0.025139	-0.847251	0.041416	0.241091	-0.156822	0.957749	0.210222	-0.954990	-0.209288	0.947461	0.251797	-0.197272
33173	9.450436	-2.309975	-1.512899	0.080810	-0.872298	0.042358	0.249437	-0.154987	0.955908	0.210873	-0.954729	-0.209822	0.945153	0.253913	-0.205462
33174	9.615233	-2.529342	-1.720761	0.131483	-0.894196	0.031360	0.257936	-0.152934	0.953981	0.212072	-0.954351	-0.210333	0.942600	0.256566	-0.213729
33175	9.373644	-2.537123	-1.674655	0.185403	-0.918651	0.011139	0.266608	-0.150636	0.951960	0.213780	-0.953865	-0.210809	0.939797	0.259713	-0.222106
33176	9.005377	-2.388484	-1.500594	0.213261	-0.938022	-0.008244	0.275384	-0.148038	0.949868	0.215837	-0.953325	-0.211152	0.936791	0.263165	-0.230578
33177	9.301300	-2.261130	-1.436418	0.197174	-0.965737	-0.012176	0.284391	-0.145331	0.947629	0.217707	-0.952831	-0.211465	0.933662	0.266445	-0.239337
33178	10.039331	-1.717332	-1.254389	0.134491	-0.995240	-0.027320	0.293596	-0.142342	0.945272	0.219072	-0.952516	-0.211475	0.930488	0.269171	-0.248472
33179	10.491727	-0.790303	-0.658899	0.005751	-1.043934	-0.028937	0.303232	-0.139215	0.942693	0.219204	-0.952550	-0.211182	0.927362	0.270679	-0.258327
33180	10.777817	0.011511	0.029443	-0.183591	-1.123194	-0.031071	0.313546	-0.135811	0.939811	0.217640	-0.953095	-0.210341	0.924295	0.270492	-0.269281
33181	11.103501	0.791526	0.847455	-0.381829	-1.231737	-0.016520	0.324878	-0.132301	0.936456	0.214163	-0.954155	-0.209099	0.921189	0.268486	-0.281650
33182	11.110766	1.382484	1.969727	-0.570226	-1.378187	0.003350	0.337530	-0.128573	0.932493	0.208969	-0.955674	-0.207409	0.917827	0.264868	-0.295701
33183	10.835249	1.897474	3.261307	-0.768339	-1.562680	0.042477	0.351933	-0.124849	0.927662	0.201779	-0.957644	-0.205434	0.914018	0.259482	-0.311834
33184	10.693522	1.588027	4.094996	-0.917570	-1.783615	0.114625	0.368375	-0.121272	0.921734	0.193090	-0.959855	-0.203457	0.909404	0.252926	-0.330170
33185	11.228647	0.871718	3.045615	-0.896559	-1.987027	0.220290	0.386806	-0.118391	0.914530	0.184127	-0.961839	-0.202393	0.903592	0.246676	-0.350246
33186	12.414832	0.808331	1.560185	-0.876486	-2.153930	0.314838	0.406693	-0.116048	0.906164	0.175103	-0.963607	-0.201992	0.896627	0.240821	-0.371572
33187	14.038952	1.582628	0.384007	-0.868664	-2.263722	0.388470	0.427566	-0.114374	0.896720	0.165726	-0.965234	-0.202133	0.888663	0.235035	-0.393746
33188	14.466282	3.160418	-0.427327	-0.940823	-2.291570	0.436901	0.448453	-0.113132	0.886618	0.155638	-0.966919	-0.202100	0.880152	0.228624	-0.416010
33189	13.931345	4.704582	-0.256342	-1.189355	-2.322732	0.469213	0.469498	-0.112433	0.875745	0.143068	-0.969064	-0.201115	0.871265	0.219714	-0.438888
33190	13.795281	5.065114	0.649743	-1.592884	-2.388344	0.479860	0.490751	-0.111790	0.864099	0.127163	-0.971927	-0.197960	0.861970	0.207030	-0.462758
33191	14.478601	3.570334	1.270005	-1.950101	-2.366451	0.488652	0.511616	-0.111808	0.851908	0.107998	-0.975266	-0.192856	0.852400	0.190673	-0.486886
33192	14.056536	1.135571	0.452701	-2.111327	-2.257592	0.497796	0.531130	-0.112306	0.839815	0.087771	-0.978551	-0.186369	0.842732	0.172698	-0.509880
33193	12.637138	-2.695840	-1.944888	-1.965654	-2.093237	0.501686	0.549066	-0.113750	0.828002	0.068595	-0.981219	-0.180286	0.832959	0.155786	-0.530952
33194	10.949116	-6.411343	-4.430182	-1.575239	-1.934089	0.488669	0.565260	-0.115386	0.816803	0.053108	-0.983024	-0.175620	0.823202	0.142650	-0.549536
33195	9.618375	-8.984356	-5.610785	-1.060454	-1.898839	0.471101	0.581022	-0.117355	0.805383	0.041739	-0.983951	-0.173486	0.812817	0.134415	-0.566799
33196	9.752618	-10.626406	-5.425790	-0.483732	-2.021328	0.424664	0.597377	-0.118610	0.793141	0.035567	-0.984111	-0.173957	0.801171	0.132128	-0.583667
33197	10.143992	-10.835310	-4.033122	0.055437	-2.159365	0.318384	0.614653	-0.118821	0.779797	0.034086	-0.983665	-0.176753	0.788061	0.135222	-0.600563
33198	10.190392	-10.103373	-2.616712	0.661219	-2.305260	0.138903	0.632577	-0.116811	0.765638	0.038546	-0.982588	-0.181758	0.773537	0.144488	-0.617060
33199	9.566438	-8.889704	-1.981392	1.184929	-2.358643	-0.116817	0.650593	-0.112053	0.751114	0.048379	-0.980931	-0.188241	0.757884	0.158806	-0.632766
33200	8.821197	-7.490152	-3.027579	1.756118	-2.212002	-0.274606	0.666896	-0.105550	0.737637	0.063468	-0.978274	-0.197364	0.742443	0.178438	-0.645708
33201	7.972240	-5.767452	-4.323437	2.158460	-1.992062	-0.365222	0.681276	-0.098164	0.725415	0.081806	-0.974551	-0.208705	0.727441	0.201529	-0.655908
33202	7.614563	-3.850544	-4.847460	2.212860	-1.786644	-0.411314	0.693629	-0.090318	0.714648	0.100647	-0.970225	-0.220305	0.713267	0.224737	-0.663885
33203	7.940102	-2.406694	-5.141476	1.986818	-1.563713	-0.419434	0.704225	-0.082547	0.705162	0.117633	-0.965924	-0.230549	0.700164	0.245309	-0.670517
33204	8.644599	-0.848292	-4.260518	1.599578	-1.313902	-0.432275	0.712668	-0.075020	0.697479	0.131877	-0.962211	-0.238242	0.688994	0.261769	-0.675843
33205	9.610301	0.237023	-7.047860	1.268209	-0.998284	-0.440613	0.718895	-0.068074	0.691777	0.143725	-0.959131	-0.243743	0.680097	0.274652	-0.679731
33206	5.341844	-1.220023	-9.104263	0.868062	-0.675133	-0.569434	0.722473	-0.060685	0.688731	0.153800	-0.957076	-0.245664	0.674076	0.283413	-0.682128
33207	5.247816	0.986258	-4.393078	0.518250	-0.472112	-0.637719	0.724638	-0.053200	0.687073	0.161911	-0.955963	-0.244783	0.669839	0.288624	-0.684114
33208	8.470237	2.599307	-0.689308	-0.279063	-0.027932	-0.666203	0.723592	-0.046677	0.688647	0.164974	-0.957097	-0.238218	0.670222	0.285982	-0.684848
33209	10.242028	2.463587	0.475880	-1.002722	0.701826	-0.719146	0.717684	-0.041720	0.695118	0.163416	-0.960239	-0.226354	0.676923	0.276044	-0.682330
33210	8.241105	0.396129	-0.922946	-1.411442	1.532318	-0.750225	0.705836	-0.038519	0.707328	0.159248	-0.964333	-0.211426	0.690244	0.261873	-0.674527
33211	6.161511	-1.685763	-2.367772	-1.364415	2.163096	-0.677947	0.689654	-0.037446	0.723170	0.154455	-0.968074	-0.197424	0.707475	0.247852	-0.661852
33212	6.496723	-3.069109	-2.768484	-1.166489	2.637215	-0.557608	0.669707	-0.038309	0.741637	0.150016	-0.971101	-0.185628	0.727316	0.235574	-0.644606
33213	7.525569	-1.932912	-2.989471	-1.021540	3.062152	-0.504687	0.646355	-0.040409	0.761966	0.145807	-0.973654	-0.175320	0.748976	0.224419	-0.623435
33214	7.385530	-1.040109	-3.869124	-1.146622	3.419228	-0.559752	0.619349	-0.042321	0.783975	0.140750	-0.976384	-0.163901	0.772397	0.211856	-0.598766
33215	6.742554	-1.525830	-4.228531	-1.384912	3.623176	-0.632479	0.590061	-0.043503	0.806186	0.133720	-0.979490	-0.150726	0.796208	0.196741	-0.572142
33216	6.793766	-3.292476	-4.655890	-1.452270	3.798414	-0.629807	0.558341	-0.044410	0.828422	0.125714	-0.982506	-0.137399	0.820031	0.180860	-0.542990
