// General information: 
//  MT Manager version: 2022.2.0 
//  XDA version: 2022.2.0 build 7381 rev 124627 built on 2023-07-19
// Device information: 
//  DeviceId: 00B4CBA7
//  ProductCode: MTW2-3A7G6
//  Firmware Version: 4.6.0
//  Hardware Version: 2.0.0
// Device settings: 
//  Filter Profile: human(46.1)
//  Option Flags: Orientation Smoother Disabled, Position/Velocity Smoother Disabled, Continuous Zero Rotation Update Disabled, AHS Disabled, ICC Disabled
// Coordinate system: ENU
PacketCounter	Acc_X	Acc_Y	Acc_Z	Gyr_X	Gyr_Y	Gyr_Z	Mat[1][1]	Mat[2][1]	Mat[3][1]	Mat[1][2]	Mat[2][2]	Mat[3][2]	Mat[1][3]	Mat[2][3]	Mat[3][3]
40934	9.183104	-2.590059	-2.934356	0.072787	-0.075139	-0.036770	-0.333169	0.043101	0.941881	-0.590975	0.768831	-0.244226	-0.734674	-0.637997	-0.230679
40935	9.050779	-2.754137	-3.034304	0.059287	-0.065650	-0.035203	-0.333451	0.042395	0.941814	-0.591509	0.768487	-0.244018	-0.734117	-0.638460	-0.231176
40936	8.954885	-2.700005	-3.012535	0.108301	-0.059185	-0.032439	-0.333652	0.041743	0.941772	-0.592419	0.767818	-0.243916	-0.733291	-0.639307	-0.231454
40937	8.844402	-2.450392	-2.966193	0.123792	-0.048883	-0.035621	-0.333811	0.041138	0.941742	-0.593432	0.767055	-0.243856	-0.732399	-0.640261	-0.231639
40938	8.823245	-2.376242	-2.943454	0.105649	-0.042334	-0.032488	-0.333887	0.040594	0.941738	-0.594321	0.766400	-0.243748	-0.731643	-0.641079	-0.231766
40939	9.021621	-2.335826	-2.849242	0.130259	-0.032269	-0.040322	-0.333886	0.040057	0.941762	-0.595390	0.765602	-0.243650	-0.730774	-0.642067	-0.231774
40940	9.203478	-2.170418	-2.608992	0.125900	-0.024501	-0.034232	-0.333820	0.039614	0.941804	-0.596431	0.764815	-0.243573	-0.729955	-0.643031	-0.231684
40941	9.327735	-2.196996	-2.365529	0.084979	-0.012850	-0.030990	-0.333724	0.039261	0.941853	-0.597160	0.764285	-0.243449	-0.729402	-0.643682	-0.231615
40942	9.298295	-2.339766	-2.265168	0.042342	-0.010300	-0.024625	-0.333611	0.038982	0.941904	-0.597559	0.764031	-0.243269	-0.729128	-0.644000	-0.231595
40943	9.343545	-2.460432	-2.142237	0.007280	-0.007983	-0.025939	-0.333511	0.038666	0.941953	-0.597779	0.763941	-0.243010	-0.728993	-0.644127	-0.231669
40944	9.056168	-2.884063	-2.109532	-0.058365	-0.009519	-0.022443	-0.333405	0.038409	0.942001	-0.597436	0.764335	-0.242618	-0.729323	-0.643675	-0.231886
40945	8.905669	-3.486467	-2.223940	-0.011443	-0.022886	-0.036399	-0.333337	0.037954	0.942044	-0.597470	0.764437	-0.242210	-0.729326	-0.643580	-0.232139
40946	9.204012	-3.423663	-2.105477	0.274859	-0.047716	-0.050366	-0.333342	0.037238	0.942070	-0.599647	0.762693	-0.242327	-0.727534	-0.645688	-0.231908
40947	9.445093	-1.917129	-1.910167	0.343365	-0.055359	-0.052294	-0.333447	0.036437	0.942064	-0.602364	0.760455	-0.242622	-0.725238	-0.648368	-0.231623
40948	9.540022	-1.410013	-1.946037	0.257974	-0.054921	-0.042516	-0.333547	0.035734	0.942056	-0.604382	0.758804	-0.242772	-0.723511	-0.650338	-0.231500
40949	9.469068	-1.311912	-2.046923	0.120957	-0.044134	-0.026351	-0.333727	0.035203	0.942012	-0.605392	0.757991	-0.242798	-0.722584	-0.651315	-0.231651
40950	9.319214	-1.826317	-2.376923	0.055557	-0.035032	-0.021379	-0.333810	0.034789	0.941998	-0.605872	0.757645	-0.242680	-0.722143	-0.651739	-0.231832
40951	9.360302	-1.907255	-2.645755	0.030116	-0.013062	-0.016867	-0.333813	0.034566	0.942005	-0.606109	0.757488	-0.242579	-0.721943	-0.651933	-0.231909
40952	9.099884	-1.722730	-2.668880	-0.167961	0.070684	-0.005650	-0.333227	0.034960	0.942198	-0.604921	0.758593	-0.242090	-0.723208	-0.650627	-0.231636
40953	8.774250	-1.947282	-2.703655	-0.366550	0.127056	0.015054	-0.332432	0.035856	0.942445	-0.602253	0.760936	-0.241385	-0.725796	-0.647835	-0.231365
40954	8.760919	-2.305622	-2.765919	-0.401152	0.147708	0.022746	-0.331454	0.036960	0.942747	-0.599268	0.763529	-0.240626	-0.728709	-0.644714	-0.230925
40955	8.883709	-2.374817	-2.713897	-0.396575	0.144620	0.031918	-0.330600	0.038076	0.943003	-0.596327	0.766027	-0.239992	-0.731504	-0.641679	-0.230543
40956	9.083948	-2.888999	-2.708068	-0.345143	0.125141	0.024126	-0.329786	0.039039	0.943248	-0.593726	0.768237	-0.239378	-0.733983	-0.638974	-0.230175
40957	9.183859	-2.911430	-2.608813	-0.197712	0.098993	0.014345	-0.329114	0.039699	0.943455	-0.592325	0.769434	-0.239003	-0.735415	-0.637491	-0.229716
40958	9.225846	-2.591328	-2.411781	-0.123356	0.080560	0.007961	-0.328528	0.040250	0.943636	-0.591398	0.770226	-0.238749	-0.736422	-0.636500	-0.229237
40959	9.105586	-2.607467	-2.260724	-0.123702	0.065298	0.004946	-0.328045	0.040670	0.943786	-0.590458	0.771036	-0.238460	-0.737391	-0.635492	-0.228921
40960	9.096910	-2.825234	-2.281994	-0.051037	0.039274	-0.001393	-0.327707	0.040885	0.943894	-0.590093	0.771369	-0.238284	-0.737833	-0.635073	-0.228657
40961	9.139173	-2.435773	-2.280626	0.044730	0.021909	-0.003242	-0.327488	0.040903	0.943970	-0.590567	0.771004	-0.238292	-0.737552	-0.635515	-0.228339
40962	9.111629	-1.970623	-2.206252	0.010990	0.013500	0.002994	-0.327366	0.040988	0.944008	-0.590645	0.770942	-0.238299	-0.737543	-0.635585	-0.228171
40963	9.075377	-2.238120	-2.229137	-0.030456	0.002204	0.006206	-0.327406	0.041020	0.943993	-0.590397	0.771139	-0.238277	-0.737724	-0.635344	-0.228257
40964	9.212358	-2.440454	-2.303307	0.037819	-0.016087	0.004473	-0.327511	0.040928	0.943961	-0.590669	0.770906	-0.238359	-0.737460	-0.635633	-0.228305
40965	9.710751	-2.195769	-2.429303	0.070161	-0.003059	0.005866	-0.327601	0.040933	0.943929	-0.591147	0.770472	-0.238576	-0.737036	-0.636159	-0.228210
40966	9.834150	-2.178583	-2.403249	0.016104	0.036299	0.012083	-0.327365	0.041233	0.943998	-0.591234	0.770373	-0.238680	-0.737072	-0.636259	-0.227815
40967	9.608043	-2.339806	-2.373315	-0.067651	0.045767	0.006237	-0.327059	0.041507	0.944092	-0.590785	0.770757	-0.238550	-0.737567	-0.635776	-0.227562
40968	9.507671	-2.946757	-2.562395	0.035886	0.035832	-0.003224	-0.326736	0.041685	0.944196	-0.591068	0.770539	-0.238556	-0.737484	-0.636029	-0.227124
40969	9.318182	-2.303735	-2.387458	0.150133	0.027183	-0.014222	-0.326421	0.041680	0.944305	-0.592293	0.769551	-0.238706	-0.736640	-0.637224	-0.226511
40970	9.176212	-2.225172	-2.381590	0.030000	0.046629	-0.009362	-0.325982	0.041881	0.944448	-0.592552	0.769372	-0.238640	-0.736626	-0.637427	-0.225985
40971	9.067073	-2.513490	-2.398705	0.030096	0.051201	-0.010900	-0.325579	0.042110	0.944577	-0.592770	0.769213	-0.238609	-0.736629	-0.637603	-0.225478
40972	9.167112	-2.516057	-2.222378	-0.034918	0.078591	-0.004727	-0.324931	0.042550	0.944780	-0.592535	0.769447	-0.238440	-0.737103	-0.637292	-0.224805
40973	8.879187	-2.451682	-1.996159	-0.098881	0.084582	-0.000044	-0.324344	0.043068	0.944958	-0.591786	0.770091	-0.238221	-0.737963	-0.636479	-0.224288
40974	8.782493	-2.469210	-1.820706	-0.115988	0.069705	0.004595	-0.323817	0.043522	0.945118	-0.590922	0.770835	-0.237958	-0.738887	-0.635546	-0.223891
40975	8.966034	-2.207002	-1.770218	-0.082858	0.049142	0.007645	-0.323516	0.043894	0.945204	-0.590211	0.771418	-0.237835	-0.739587	-0.634813	-0.223659
40976	9.154552	-1.823201	-1.769357	-0.122687	0.042387	0.009216	-0.323216	0.044210	0.945292	-0.589280	0.772201	-0.237602	-0.740460	-0.633838	-0.223536
40977	9.246993	-1.947990	-1.988040	-0.162449	0.038685	0.012300	-0.323035	0.044503	0.945340	-0.588082	0.773190	-0.237354	-0.741491	-0.632611	-0.223596
40978	9.287437	-2.142833	-2.232247	-0.145839	0.030688	0.007714	-0.322813	0.044732	0.945405	-0.586982	0.774117	-0.237055	-0.742458	-0.631460	-0.223638
40979	9.326857	-2.361585	-2.452827	-0.123058	0.025607	0.006177	-0.322669	0.044904	0.945446	-0.586063	0.774885	-0.236819	-0.743246	-0.630505	-0.223715
40980	9.320783	-2.505176	-2.697436	-0.077259	0.026120	0.006167	-0.322471	0.045091	0.945505	-0.585476	0.775378	-0.236658	-0.743795	-0.629886	-0.223637
40981	9.342631	-2.577236	-2.964858	-0.044953	0.037614	0.006185	-0.322180	0.045336	0.945592	-0.585123	0.775677	-0.236551	-0.744199	-0.629499	-0.223380
40982	9.169846	-2.641927	-3.132702	-0.003494	0.048904	0.006212	-0.321812	0.045667	0.945701	-0.585084	0.775705	-0.236556	-0.744388	-0.629441	-0.222912
40983	9.049364	-2.637771	-3.078633	0.039424	0.057111	0.004717	-0.321422	0.046024	0.945817	-0.585374	0.775453	-0.236665	-0.744329	-0.629726	-0.222306
40984	9.052976	-2.592070	-2.827050	0.074816	0.070060	0.004765	-0.320889	0.046478	0.945976	-0.585922	0.774988	-0.236830	-0.744128	-0.630264	-0.221452
40985	9.037465	-2.423696	-2.524980	0.094720	0.072677	0.000211	-0.320340	0.046934	0.946139	-0.586543	0.774464	-0.237008	-0.743875	-0.630874	-0.220563
40986	9.149848	-2.114084	-2.173715	0.068742	0.071720	0.007808	-0.319813	0.047423	0.946293	-0.587036	0.774036	-0.237187	-0.743713	-0.631364	-0.219708
40987	9.270858	-2.145901	-1.824060	-0.012010	0.078099	0.009205	-0.319286	0.047980	0.946443	-0.586845	0.774170	-0.237221	-0.744090	-0.631157	-0.219025
40988	9.274047	-2.073557	-1.549287	-0.041298	0.065019	0.007607	-0.318807	0.048424	0.946582	-0.586520	0.774436	-0.237156	-0.744551	-0.630796	-0.218494
40989	9.344152	-2.150114	-1.447387	-0.096500	0.054040	0.012042	-0.318495	0.048813	0.946667	-0.585792	0.775021	-0.237045	-0.745257	-0.630048	-0.218246
40990	9.415387	-2.201883	-1.420787	-0.103043	0.034348	0.010468	-0.318261	0.049085	0.946732	-0.584997	0.775673	-0.236873	-0.745981	-0.629223	-0.218152
40991	9.407215	-2.395958	-1.519902	-0.124988	0.008892	0.011879	-0.318261	0.049183	0.946726	-0.584064	0.776435	-0.236681	-0.746713	-0.628275	-0.218383
40992	9.194375	-2.799351	-1.721669	-0.100988	-0.011452	-0.001844	-0.318296	0.049072	0.946720	-0.583322	0.777079	-0.236397	-0.747277	-0.627487	-0.218716
40993	9.138048	-2.989192	-2.019998	0.026388	-0.049401	-0.010773	-0.318619	0.048658	0.946633	-0.583531	0.776939	-0.236341	-0.746976	-0.627693	-0.219154
40994	9.328461	-3.118576	-2.290587	0.151381	-0.058272	-0.025746	-0.318864	0.048067	0.946581	-0.584750	0.776009	-0.236383	-0.745918	-0.628887	-0.219334
40995	9.544578	-2.665402	-2.433110	0.317675	-0.063468	-0.046744	-0.319059	0.047271	0.946555	-0.587275	0.774031	-0.236610	-0.743848	-0.631381	-0.219201
40996	9.508732	-2.373838	-2.429537	0.312211	-0.034348	-0.045194	-0.319009	0.046680	0.946601	-0.589745	0.772086	-0.236821	-0.741912	-0.633802	-0.218773
40997	9.347036	-2.174554	-2.475103	0.323001	-0.030010	-0.051272	-0.318939	0.046059	0.946655	-0.592320	0.770050	-0.237025	-0.739889	-0.636319	-0.218317
40998	9.268119	-1.733599	-2.303328	0.303122	-0.031083	-0.042135	-0.318879	0.045512	0.946702	-0.594701	0.768145	-0.237242	-0.738002	-0.638656	-0.217879
40999	9.392282	-1.691658	-2.276761	0.135782	-0.004543	-0.027237	-0.318767	0.045233	0.946753	-0.595820	0.767270	-0.237267	-0.737148	-0.639727	-0.217630
41000	9.334567	-1.907275	-2.150119	-0.021950	0.043131	-0.015495	-0.318317	0.045365	0.946898	-0.595714	0.767426	-0.237027	-0.737427	-0.639530	-0.217260
41001	9.045413	-1.816375	-1.879803	-0.186115	0.075667	-0.003724	-0.317710	0.045779	0.947082	-0.594366	0.768621	-0.236539	-0.738776	-0.638064	-0.216989
41002	9.049695	-2.300383	-1.728157	-0.270274	0.066816	0.009867	-0.317235	0.046256	0.947218	-0.592342	0.770347	-0.236001	-0.740603	-0.635945	-0.216982
41003	9.055773	-2.736513	-1.654479	-0.256993	0.045165	0.008429	-0.316952	0.046559	0.947298	-0.590452	0.771951	-0.235497	-0.742232	-0.633975	-0.217181
41004	9.103181	-2.784492	-1.730592	-0.161551	0.011076	0.002614	-0.316846	0.046624	0.947330	-0.589250	0.772982	-0.235125	-0.743232	-0.632713	-0.217443
41005	9.264499	-2.447186	-1.831247	-0.079844	-0.022717	-0.001740	-0.316977	0.046404	0.947297	-0.588736	0.773446	-0.234886	-0.743583	-0.632161	-0.217844
41006	9.246336	-2.298163	-1.933447	-0.049711	-0.041673	-0.006246	-0.317210	0.046067	0.947236	-0.588393	0.773772	-0.234672	-0.743755	-0.631787	-0.218343
41007	9.349536	-2.179090	-2.206253	-0.001061	-0.050340	-0.004609	-0.317594	0.045676	0.947126	-0.588433	0.773754	-0.234631	-0.743559	-0.631838	-0.218862
41008	9.348298	-2.202996	-2.406052	0.018807	-0.049236	-0.006092	-0.317885	0.045293	0.947047	-0.588599	0.773646	-0.234569	-0.743304	-0.631997	-0.219271
41009	9.287852	-2.469037	-2.630276	0.046181	-0.054393	-0.012148	-0.318232	0.044835	0.946952	-0.588962	0.773378	-0.234543	-0.742867	-0.632358	-0.219707
41010	9.233064	-2.589558	-2.682177	0.107341	-0.049581	-0.018153	-0.318454	0.044356	0.946900	-0.589824	0.772715	-0.234562	-0.742088	-0.633202	-0.219912
41011	9.188366	-2.467077	-2.610610	0.128759	-0.046979	-0.015070	-0.318715	0.043955	0.946831	-0.590721	0.771993	-0.234683	-0.741262	-0.634109	-0.220081
41012	9.146790	-2.271284	-2.514716	0.086231	-0.036924	-0.010549	-0.318887	0.043615	0.946789	-0.591400	0.771459	-0.234727	-0.740646	-0.634782	-0.220215
41013	9.095134	-2.318024	-2.369879	0.019297	-0.026363	-0.009102	-0.319051	0.043333	0.946746	-0.591612	0.771312	-0.234675	-0.740406	-0.634980	-0.220452
41014	9.140363	-2.392005	-2.249579	-0.017187	-0.019498	-0.010669	-0.319093	0.043102	0.946743	-0.591525	0.771435	-0.234491	-0.740457	-0.634847	-0.220663
41015	9.214188	-2.368595	-2.130174	-0.044741	-0.023504	-0.012209	-0.319184	0.042825	0.946725	-0.591236	0.771732	-0.234242	-0.740649	-0.634504	-0.221005
41016	9.339799	-2.273631	-2.036408	-0.067784	-0.030654	-0.010688	-0.319309	0.042524	0.946696	-0.590775	0.772175	-0.233946	-0.740963	-0.633985	-0.221440
41017	9.364781	-2.247089	-1.943761	-0.104489	-0.034477	-0.016806	-0.319494	0.042144	0.946651	-0.590066	0.772835	-0.233553	-0.741448	-0.633206	-0.222049
41018	9.386845	-2.293005	-1.949751	-0.132012	-0.036961	-0.016811	-0.319630	0.041755	0.946622	-0.589148	0.773686	-0.233055	-0.742119	-0.632192	-0.222694
41019	9.264916	-2.282864	-1.931219	-0.236523	0.001817	-0.016803	-0.319514	0.041605	0.946668	-0.587448	0.775192	-0.232340	-0.743516	-0.630354	-0.223244
41020	8.925847	-2.213070	-2.034404	-0.279270	0.001169	-0.018326	-0.319359	0.041445	0.946727	-0.585434	0.776966	-0.231497	-0.745169	-0.628177	-0.223868
41021	8.842154	-2.470111	-2.116296	-0.290198	-0.010796	-0.025983	-0.319300	0.041165	0.946759	-0.583307	0.778834	-0.230587	-0.746860	-0.625878	-0.224670
41022	8.933255	-2.635560	-2.223553	-0.229392	-0.022665	-0.036714	-0.319217	0.040712	0.946807	-0.581716	0.780291	-0.229678	-0.748136	-0.624090	-0.225399
41023	8.985444	-2.554878	-2.328139	-0.177677	-0.031275	-0.047450	-0.319163	0.040124	0.946850	-0.580517	0.781443	-0.228794	-0.749090	-0.622685	-0.226115
41024	9.059066	-2.547878	-2.457313	-0.145672	-0.033407	-0.052051	-0.319072	0.039484	0.946907	-0.579598	0.782378	-0.227926	-0.749839	-0.621550	-0.226751
41025	9.159014	-2.493894	-2.512217	-0.109211	-0.041687	-0.061284	-0.319045	0.038729	0.946948	-0.578948	0.783103	-0.227087	-0.750353	-0.620685	-0.227423
41026	9.184779	-2.462211	-2.518438	-0.092518	-0.046575	-0.062859	-0.318992	0.037922	0.946998	-0.578461	0.783709	-0.226235	-0.750751	-0.619969	-0.228061
41027	9.283793	-2.433404	-2.500460	-0.083432	-0.049713	-0.073576	-0.318978	0.037001	0.947040	-0.578103	0.784227	-0.225354	-0.751032	-0.619370	-0.228761
41028	9.308867	-2.425672	-2.482626	-0.077307	-0.048262	-0.078148	-0.318850	0.036064	0.947119	-0.577779	0.784742	-0.224392	-0.751336	-0.618772	-0.229379
41029	9.312560	-2.344329	-2.414168	-0.072657	-0.043701	-0.085744	-0.318677	0.035067	0.947214	-0.577568	0.785185	-0.223383	-0.751572	-0.618267	-0.229967
41030	9.292139	-2.262580	-2.296530	-0.097015	-0.040216	-0.085668	-0.318447	0.034120	0.947327	-0.577118	0.785822	-0.222303	-0.752015	-0.617511	-0.230551
41031	9.239712	-2.398086	-2.231964	-0.113757	-0.036815	-0.091705	-0.318196	0.033146	0.947445	-0.576546	0.786567	-0.221149	-0.752560	-0.616615	-0.231172
41032	9.192794	-2.387900	-2.115946	-0.119890	-0.038222	-0.093231	-0.317908	0.032151	0.947576	-0.575947	0.787344	-0.219943	-0.753140	-0.615675	-0.231786
41033	9.076537	-2.252555	-2.045489	-0.136514	-0.028843	-0.088508	-0.317641	0.031251	0.947696	-0.575202	0.788211	-0.218784	-0.753821	-0.614612	-0.232392
41034	9.120477	-1.712067	-1.770858	-0.241732	-0.025833	-0.071416	-0.317388	0.030504	0.947805	-0.573612	0.789724	-0.217499	-0.755139	-0.612704	-0.233151
41035	9.156394	-2.140582	-1.791090	-0.401990	-0.026427	-0.067933	-0.317250	0.029801	0.947874	-0.570744	0.792227	-0.215933	-0.757366	-0.609498	-0.234325
41036	9.288781	-2.588660	-2.012510	-0.365455	-0.029880	-0.078760	-0.316990	0.028968	0.947986	-0.568229	0.794480	-0.214283	-0.759364	-0.606599	-0.235381
41037	9.269504	-2.394021	-2.262279	-0.315231	-0.036553	-0.089698	-0.316763	0.027997	0.948092	-0.566149	0.796396	-0.212671	-0.761010	-0.604128	-0.236418
41038	9.269332	-2.367386	-2.541824	-0.347302	-0.034347	-0.101755	-0.316412	0.026952	0.948239	-0.563832	0.798524	-0.210838	-0.762874	-0.601359	-0.237466
41039	9.107674	-2.863546	-2.987547	-0.324160	-0.009772	-0.125758	-0.315733	0.025898	0.948494	-0.561642	0.800595	-0.208818	-0.764768	-0.598646	-0.238229
41040	8.923745	-2.488663	-3.173904	-0.206471	0.005684	-0.136520	-0.314886	0.024811	0.948805	-0.560499	0.801872	-0.206985	-0.765955	-0.596981	-0.238592
41041	9.004258	-2.326823	-3.147864	-0.210993	0.008618	-0.128802	-0.314060	0.023796	0.949105	-0.559292	0.803171	-0.205207	-0.767176	-0.595274	-0.238935
41042	8.917160	-3.094578	-3.018887	-0.211197	-0.003225	-0.144341	-0.313240	0.022590	0.949405	-0.558129	0.804467	-0.203286	-0.768357	-0.593568	-0.239383
41043	8.862675	-3.628004	-2.756862	0.041683	-0.042241	-0.162993	-0.312704	0.020959	0.949620	-0.559098	0.804154	-0.201855	-0.767871	-0.594051	-0.239744
41044	9.011676	-2.634022	-2.417066	0.311357	-0.081118	-0.186333	-0.312243	0.018952	0.949813	-0.562074	0.802345	-0.200787	-0.765883	-0.596560	-0.239874
41045	9.426827	-1.596365	-2.080600	0.358604	-0.084512	-0.191181	-0.311826	0.016874	0.949989	-0.565468	0.800198	-0.199824	-0.763551	-0.599499	-0.239981
41046	9.684279	-0.909972	-1.983594	0.335934	-0.061633	-0.181429	-0.311230	0.015027	0.950216	-0.568601	0.798215	-0.198861	-0.761465	-0.602185	-0.239884
41047	9.622607	-0.192362	-1.909302	0.131871	-0.027265	-0.141593	-0.310652	0.013705	0.950425	-0.570067	0.797426	-0.197829	-0.760604	-0.603262	-0.239909
41048	9.596118	-0.249606	-2.011117	-0.150141	-0.007733	-0.101636	-0.310094	0.012821	0.950619	-0.569246	0.798351	-0.196457	-0.761446	-0.602056	-0.240266
41049	9.588256	-0.792781	-2.131981	-0.401674	0.014659	-0.070904	-0.309582	0.012291	0.950793	-0.566470	0.800729	-0.194796	-0.763722	-0.598901	-0.240929
41050	9.282220	-1.790988	-2.324303	-0.526789	0.012023	-0.055055	-0.309142	0.011894	0.950942	-0.562615	0.803886	-0.192955	-0.766743	-0.594665	-0.241823
41051	9.226447	-2.325945	-2.530667	-0.426200	-0.000538	-0.065017	-0.308798	0.011377	0.951060	-0.559443	0.806493	-0.191292	-0.769199	-0.591134	-0.242679
41052	9.325054	-2.127566	-2.774918	-0.270663	-0.011648	-0.081359	-0.308396	0.010624	0.951199	-0.557616	0.808105	-0.189815	-0.770686	-0.588942	-0.243292
41053	9.380332	-1.473541	-2.867833	-0.186727	-0.015155	-0.080360	-0.308091	0.009808	0.951306	-0.556570	0.809112	-0.188594	-0.771563	-0.587573	-0.243821
41054	9.501017	-1.498943	-3.070128	-0.209497	0.009264	-0.076490	-0.307557	0.009216	0.951485	-0.555194	0.810354	-0.187310	-0.772766	-0.585868	-0.244114
41055	9.257795	-1.579069	-3.098528	-0.244424	0.047402	-0.070599	-0.306751	0.008863	0.951749	-0.553571	0.811771	-0.185977	-0.774250	-0.583909	-0.244105
41056	9.064793	-1.840347	-2.965744	-0.262677	0.072012	-0.074328	-0.305744	0.008652	0.952074	-0.551768	0.813315	-0.184583	-0.775933	-0.581760	-0.243893
41057	8.870421	-2.525051	-2.738907	-0.178835	0.050622	-0.083037	-0.304904	0.008270	0.952347	-0.550540	0.814429	-0.183334	-0.777135	-0.580204	-0.243770
41058	8.900506	-2.710505	-2.359922	-0.023284	0.023318	-0.102945	-0.304119	0.007540	0.952604	-0.550678	0.814578	-0.182251	-0.777345	-0.580004	-0.243577
41059	9.029479	-2.530220	-2.005235	0.159737	-0.020897	-0.118940	-0.303663	0.006418	0.952758	-0.552297	0.813647	-0.181509	-0.776374	-0.581323	-0.243530
41060	9.061870	-1.711438	-1.682560	0.178014	-0.028409	-0.123843	-0.303162	0.005218	0.952925	-0.554060	0.812625	-0.180717	-0.775313	-0.582764	-0.243465
41061	9.359318	-1.129794	-1.478693	0.088024	-0.031974	-0.103695	-0.302838	0.004189	0.953033	-0.554974	0.812178	-0.179920	-0.774786	-0.583395	-0.243633
41062	9.629245	-0.634467	-1.453473	-0.159086	-0.019302	-0.062431	-0.302604	0.003542	0.953110	-0.553935	0.813113	-0.178891	-0.775620	-0.582095	-0.244090
41063	9.701141	-0.715879	-1.586022	-0.406215	-0.018993	-0.019995	-0.302690	0.003184	0.953084	-0.551027	0.815342	-0.177725	-0.777655	-0.578971	-0.245042
41064	9.772004	-0.818259	-1.772100	-0.500749	-0.044560	0.014727	-0.303081	0.003020	0.952960	-0.547088	0.818236	-0.176590	-0.780280	-0.574874	-0.246340
41065	9.842817	-0.802156	-1.903995	-0.528214	-0.061886	0.029510	-0.303742	0.002851	0.952750	-0.542953	0.821209	-0.175553	-0.782907	-0.570621	-0.247887
41066	9.935696	-0.798833	-2.185977	-0.454953	-0.086558	0.034254	-0.304569	0.002612	0.952487	-0.539287	0.823801	-0.174703	-0.785116	-0.566873	-0.249496
41067	9.854904	-0.831391	-2.617147	-0.375544	-0.096072	0.041027	-0.305628	0.002402	0.952148	-0.536176	0.825938	-0.174190	-0.786833	-0.563756	-0.251142
41068	9.798553	-1.141659	-2.949812	-0.280853	-0.084017	0.042468	-0.306481	0.002252	0.951874	-0.533840	0.827522	-0.173842	-0.788089	-0.561428	-0.252418
41069	9.569564	-1.320391	-3.389958	-0.198282	-0.067873	0.054844	-0.307427	0.002301	0.951569	-0.532137	0.828602	-0.173923	-0.788872	-0.559834	-0.253510
41070	9.269745	-1.716567	-3.601871	-0.192030	-0.044187	0.071153	-0.308118	0.002615	0.951345	-0.530409	0.829679	-0.174068	-0.789766	-0.558235	-0.254252
41071	9.023175	-2.020078	-3.510661	-0.150640	-0.034433	0.089634	-0.308881	0.003125	0.951096	-0.528962	0.830508	-0.174516	-0.790438	-0.556998	-0.254875
41072	9.166278	-2.353651	-3.426739	-0.011631	-0.048717	0.094026	-0.309728	0.003606	0.950819	-0.528585	0.830575	-0.175335	-0.790358	-0.556895	-0.255346
41073	9.388289	-1.870989	-3.215034	0.112149	-0.043142	0.097916	-0.310548	0.004098	0.950549	-0.529267	0.829896	-0.176491	-0.789580	-0.557903	-0.255554
41074	9.390965	-1.358130	-3.069556	0.119798	-0.035473	0.096687	-0.311305	0.004673	0.950299	-0.529918	0.829228	-0.177672	-0.788845	-0.558890	-0.255666
41075	9.119921	-1.750359	-2.906384	0.037336	-0.032211	0.099031	-0.312181	0.005284	0.950008	-0.529921	0.828995	-0.178748	-0.788496	-0.559231	-0.255997
41076	8.962904	-2.716845	-2.895600	0.116596	-0.045683	0.085541	-0.312960	0.005708	0.949749	-0.530579	0.828344	-0.179814	-0.787745	-0.560191	-0.256209
41077	9.163833	-2.317715	-2.591178	0.255550	-0.041446	0.078455	-0.313720	0.006110	0.949496	-0.532278	0.826953	-0.181190	-0.786295	-0.562238	-0.256180
41078	9.156580	-1.325128	-2.035446	0.162497	-0.025958	0.084522	-0.314339	0.006634	0.949288	-0.533296	0.826038	-0.182364	-0.785358	-0.563575	-0.256118
41079	9.164483	-1.256051	-1.540614	0.040279	-0.048715	0.096820	-0.315245	0.007107	0.948984	-0.533344	0.825787	-0.183357	-0.784962	-0.563937	-0.256535
41080	9.293014	-1.258654	-1.082767	-0.046832	-0.084135	0.115927	-0.316488	0.007562	0.948566	-0.532617	0.826048	-0.184292	-0.784955	-0.563548	-0.257407
41081	9.485108	-1.659796	-0.862138	-0.063982	-0.142292	0.121204	-0.318351	0.007760	0.947941	-0.531674	0.826426	-0.185319	-0.784841	-0.562992	-0.258967
41082	9.448525	-2.048438	-1.033844	-0.018667	-0.194042	0.109328	-0.320419	0.007543	0.947246	-0.531185	0.826528	-0.186262	-0.784331	-0.562844	-0.260828
41083	9.213683	-2.065965	-1.490685	0.157796	-0.263566	0.095189	-0.322989	0.006812	0.946378	-0.532109	0.825643	-0.187546	-0.782648	-0.564152	-0.263048
41084	9.060351	-1.582557	-1.834498	0.297824	-0.315067	0.092795	-0.325910	0.005768	0.945383	-0.534142	0.823959	-0.189167	-0.780048	-0.566620	-0.265455
41085	9.077457	-1.136010	-2.116486	0.328245	-0.344942	0.106420	-0.329274	0.004614	0.944223	-0.536505	0.821973	-0.191109	-0.777008	-0.569508	-0.268179
41086	9.142672	-1.002501	-2.208751	0.268851	-0.352777	0.125367	-0.332649	0.003603	0.943044	-0.538183	0.820439	-0.192973	-0.774405	-0.571722	-0.270979
41087	9.104483	-1.290850	-2.210053	0.159183	-0.363344	0.151294	-0.336354	0.002670	0.941732	-0.539103	0.819385	-0.194872	-0.772162	-0.573237	-0.274164
41088	9.068005	-1.737973	-2.053060	0.108808	-0.381652	0.165318	-0.340154	0.001807	0.940368	-0.539391	0.818763	-0.196684	-0.770294	-0.574129	-0.277531
41089	8.982100	-2.056548	-1.959532	0.065945	-0.407570	0.177480	-0.344333	0.000858	0.938847	-0.539399	0.818300	-0.198579	-0.768429	-0.574791	-0.281305
41090	8.737395	-2.733901	-1.912086	0.039366	-0.442185	0.172246	-0.348621	-0.000303	0.937264	-0.539113	0.818078	-0.200262	-0.766695	-0.575107	-0.285362
41091	8.643059	-3.118930	-1.899740	0.196760	-0.512540	0.155059	-0.353421	-0.001972	0.935462	-0.539983	0.817006	-0.202285	-0.763880	-0.576625	-0.289812
41092	9.003062	-2.278224	-1.800947	0.392641	-0.585783	0.154725	-0.358686	-0.004124	0.933449	-0.542432	0.814746	-0.204834	-0.759679	-0.579804	-0.294475
41093	9.757425	-1.126755	-1.865262	0.400633	-0.611375	0.182691	-0.364332	-0.006182	0.931248	-0.544738	0.812473	-0.207724	-0.755330	-0.582967	-0.299378
41094	10.489099	-0.205799	-1.863433	0.319546	-0.609954	0.226741	-0.370130	-0.007933	0.928946	-0.546322	0.810627	-0.210754	-0.751357	-0.585510	-0.304371
41095	10.423585	0.209895	-1.553408	0.173478	-0.628076	0.254480	-0.376341	-0.009534	0.926432	-0.546614	0.809653	-0.213717	-0.748051	-0.586831	-0.309918
41096	9.777215	-1.457941	-1.151747	0.181471	-0.683336	0.254137	-0.382796	-0.011520	0.923761	-0.547014	0.808618	-0.216592	-0.744475	-0.588221	-0.315837
41097	8.902347	-3.171784	-0.498424	0.611601	-0.794004	0.220439	-0.389971	-0.014449	0.920714	-0.550712	0.805011	-0.220622	-0.737996	-0.593084	-0.321888
41098	9.036855	-2.381672	0.312742	1.299335	-0.945316	0.198454	-0.397963	-0.018541	0.917214	-0.559459	0.797275	-0.226623	-0.727070	-0.603331	-0.327659
41099	9.446360	0.156366	0.883349	1.393347	-1.060693	0.242279	-0.407088	-0.023147	0.913096	-0.568678	0.788710	-0.233541	-0.714762	-0.614329	-0.334238
41100	9.501201	0.838607	1.061447	0.693035	-1.084675	0.362872	-0.416830	-0.027010	0.908583	-0.572120	0.784530	-0.239149	-0.706351	-0.619503	-0.342469
41101	9.669838	-1.350276	0.423110	0.163555	-1.150727	0.438105	-0.427454	-0.030819	0.903512	-0.571623	0.783487	-0.243711	-0.700379	-0.620643	-0.352522
41102	10.262094	-2.742155	-0.661055	0.285924	-1.263630	0.443062	-0.438758	-0.035232	0.897914	-0.571709	0.781860	-0.248683	-0.693282	-0.622458	-0.363190
41103	11.013526	-2.178912	-1.488079	0.525743	-1.353218	0.434374	-0.450586	-0.040412	0.891818	-0.573623	0.778566	-0.254540	-0.684053	-0.626260	-0.373992
41104	11.296539	-1.989348	-2.370049	0.368376	-1.341056	0.453593	-0.462273	-0.045324	0.885579	-0.574072	0.776453	-0.259927	-0.675829	-0.628543	-0.384953
41105	11.258812	-2.762106	-2.869217	0.285176	-1.354248	0.471961	-0.474198	-0.050310	0.878979	-0.574005	0.774674	-0.265328	-0.667574	-0.630357	-0.396227
41106	12.461365	-3.972534	-2.492989	0.184480	-1.286786	0.481803	-0.485471	-0.054721	0.872538	-0.572933	0.773766	-0.270247	-0.660352	-0.631104	-0.406993
41107	12.157293	-4.745386	-1.869676	0.253294	-1.249132	0.539711	-0.496873	-0.058521	0.865848	-0.572100	0.772314	-0.276104	-0.652548	-0.632540	-0.417222
41108	11.604240	-2.508407	-1.414547	0.157468	-1.247186	0.619496	-0.508471	-0.061655	0.858869	-0.570025	0.771692	-0.282071	-0.645391	-0.633001	-0.427528
41109	10.852678	-2.026307	-1.738361	-0.311793	-1.219250	0.712907	-0.520467	-0.063905	0.851487	-0.564481	0.773965	-0.286949	-0.640683	-0.629996	-0.438897
41110	10.386380	-2.499273	-2.207789	-0.695287	-1.222272	0.788513	-0.532667	-0.065471	0.843788	-0.555901	0.778835	-0.290498	-0.638153	-0.623802	-0.451256
41111	9.944335	-3.557594	-2.930575	-0.723178	-1.262529	0.817327	-0.545367	-0.066951	0.835519	-0.546974	0.783743	-0.294223	-0.635133	-0.617467	-0.464048
41112	10.146399	-3.652261	-3.104900	-0.552968	-1.299013	0.815430	-0.557987	-0.068557	0.827013	-0.538994	0.787696	-0.298362	-0.630980	-0.612237	-0.476476
41113	10.536625	-3.161498	-3.239640	-0.451907	-1.309953	0.782017	-0.570496	-0.070386	0.818279	-0.531805	0.790907	-0.302738	-0.625874	-0.607875	-0.488641
41114	10.750176	-2.620914	-3.500220	-0.580468	-1.282538	0.726199	-0.582299	-0.072415	0.809743	-0.524019	0.794939	-0.305739	-0.621556	-0.602352	-0.500839
41115	10.067491	-3.144212	-3.999340	-0.739793	-1.296671	0.622795	-0.593648	-0.075436	0.801181	-0.516091	0.799580	-0.307120	-0.617440	-0.595803	-0.513601
41116	9.416192	-3.316359	-5.183932	-0.550797	-1.411292	0.433457	-0.604517	-0.080359	0.792529	-0.510130	0.803184	-0.307672	-0.611822	-0.590286	-0.526532
41117	9.436629	-3.345003	-6.200607	-0.525471	-1.400112	0.228644	-0.614345	-0.086767	0.784253	-0.505599	0.806358	-0.306849	-0.605764	-0.585028	-0.539251
41118	8.929769	-4.497810	-6.643404	-0.264739	-1.330226	0.037932	-0.622519	-0.094248	0.776909	-0.503793	0.807937	-0.305665	-0.598885	-0.581684	-0.550438
41119	7.763913	-5.144274	-7.529214	0.061119	-1.232133	-0.152004	-0.629161	-0.102690	0.770462	-0.505206	0.807325	-0.304949	-0.590698	-0.581104	-0.559816
41120	7.161374	-5.686089	-7.463480	0.549464	-1.104957	-0.371015	-0.633720	-0.112145	0.765390	-0.510791	0.803723	-0.305159	-0.580940	-0.584340	-0.566618
41121	6.861743	-4.122089	-6.918368	1.045929	-0.888667	-0.577429	-0.635907	-0.122071	0.762051	-0.520601	0.796777	-0.306791	-0.569734	-0.591815	-0.570226
41122	6.098842	-2.322360	-6.768219	1.157506	-0.619396	-0.726095	-0.635554	-0.131546	0.760767	-0.531778	0.788955	-0.307834	-0.559716	-0.600205	-0.571377
41123	5.598695	-1.742822	-6.733207	1.026568	-0.337352	-0.784683	-0.633242	-0.139816	0.761220	-0.542576	0.781581	-0.307801	-0.551919	-0.607933	-0.570791
41124	5.251640	-1.952637	-6.982518	0.997092	-0.065659	-0.788964	-0.629251	-0.146382	0.763293	-0.553055	0.774349	-0.307431	-0.546053	-0.615594	-0.568217
41125	5.686203	-1.303479	-7.205795	1.043116	0.196532	-0.767920	-0.623864	-0.151148	0.766778	-0.563655	0.766649	-0.307477	-0.541375	-0.624022	-0.563480
41126	5.778018	-1.445713	-6.933395	0.817848	0.482225	-0.711527	-0.617184	-0.153579	0.771685	-0.572515	0.760430	-0.306551	-0.539732	-0.630999	-0.557252
41127	5.084087	-3.100637	-7.298707	0.686943	0.743713	-0.631786	-0.609473	-0.153672	0.777771	-0.580162	0.755062	-0.305439	-0.540328	-0.637390	-0.549345
41128	4.667176	-3.270806	-7.580150	0.853664	1.004782	-0.570597	-0.600673	-0.151542	0.785001	-0.588255	0.748713	-0.305589	-0.541431	-0.645340	-0.538877
41129	4.485148	-2.649037	-7.907777	0.872086	1.289484	-0.497897	-0.590675	-0.146885	0.793428	-0.595997	0.742280	-0.306279	-0.543958	-0.653792	-0.525989
41130	4.093629	-2.412640	-7.749869	0.602823	1.559383	-0.426715	-0.579561	-0.139819	0.802845	-0.601812	0.737704	-0.305964	-0.549483	-0.660487	-0.511689
41131	4.031566	-3.532433	-8.113771	0.338999	1.802066	-0.349281	-0.567419	-0.130463	0.813028	-0.605732	0.734970	-0.304808	-0.557785	-0.665431	-0.496061
41132	4.057246	-4.367669	-8.011721	0.289083	2.025129	-0.280971	-0.554286	-0.119024	0.823772	-0.608955	0.732687	-0.303880	-0.567398	-0.670077	-0.478599
41133	3.844722	-4.196526	-7.573070	0.297058	2.195044	-0.217300	-0.540336	-0.105879	0.834762	-0.611877	0.730442	-0.303417	-0.577619	-0.674718	-0.459469
41134	3.397685	-3.896443	-7.370245	0.103272	2.327973	-0.154766	-0.525770	-0.091288	0.845714	-0.613324	0.729590	-0.302542	-0.589406	-0.677765	-0.439586
41135	3.136743	-4.159842	-7.413283	-0.091125	2.383355	-0.100953	-0.510897	-0.075876	0.856287	-0.613320	0.730134	-0.301236	-0.602348	-0.679078	-0.419559
41136	3.870634	-3.924805	-7.329770	-0.167446	2.416070	-0.051733	-0.495833	-0.059864	0.866352	-0.612579	0.731237	-0.300066	-0.615546	-0.679492	-0.399243
41137	4.678265	-3.795170	-7.276139	-0.270127	2.448634	0.043934	-0.480828	-0.042930	0.875763	-0.610683	0.733113	-0.299352	-0.629182	-0.678750	-0.378718
41138	5.035996	-3.038576	-7.266439	-0.373584	2.463795	0.168129	-0.466144	-0.025018	0.884355	-0.607527	0.735705	-0.299415	-0.643133	-0.676840	-0.358144
41139	5.559865	-2.554806	-7.105779	-0.586022	2.465584	0.278733	-0.451742	-0.006342	0.892126	-0.602419	0.739743	-0.299786	-0.658043	-0.672860	-0.337994
41140	6.533307	-2.010537	-6.885622	-0.820442	2.447301	0.391842	-0.437757	0.012936	0.899000	-0.595228	0.745229	-0.300562	-0.673849	-0.666683	-0.318529
41141	7.302927	-2.056851	-6.705858	-1.269899	2.466497	0.507456	-0.423865	0.033034	0.905123	-0.584334	0.753569	-0.301143	-0.692021	-0.656538	-0.300109
41142	7.311198	-2.932270	-7.045506	-1.538760	2.428392	0.586358	-0.410182	0.053247	0.910448	-0.571107	0.763327	-0.301942	-0.711047	-0.643814	-0.282693
41143	7.523904	-3.755959	-6.995432	-1.686941	2.369781	0.595458	-0.396405	0.072895	0.915177	-0.556488	0.773764	-0.302672	-0.730195	-0.629265	-0.266159
41144	7.319118	-3.020490	-6.294855	-1.385466	2.162889	0.555210	-0.383460	0.090664	0.919096	-0.544107	0.781949	-0.304144	-0.746261	-0.616714	-0.250515
41145	7.461441	-1.802355	-5.879414	-1.476056	1.904312	0.505994	-0.371773	0.106213	0.922228	-0.531001	0.790537	-0.305106	-0.761461	-0.603134	-0.237501
41146	8.641485	-3.206556	-4.127352	-1.652956	1.642456	0.410989	-0.361266	0.119238	0.924807	-0.516798	0.799927	-0.305019	-0.776149	-0.588131	-0.227365
41147	9.789681	-6.155521	-2.759462	-1.669911	1.263047	0.401368	-0.353409	0.129761	0.926425	-0.502209	0.809202	-0.304923	-0.789232	-0.573022	-0.220812
41148	9.745724	-2.748668	-1.060007	-0.786982	0.523680	0.214506	-0.350300	0.134456	0.926937	-0.495232	0.813409	-0.305142	-0.795007	-0.565939	-0.218350
41149	12.633641	-2.939529	0.932817	-1.089717	0.355610	-0.013969	-0.347354	0.136296	0.927776	-0.486502	0.819621	-0.302550	-0.801661	-0.556457	-0.218390
41150	13.150369	-12.049424	1.585033	-0.710732	0.380396	-0.060112	-0.343974	0.137878	0.928801	-0.481006	0.823645	-0.300404	-0.806421	-0.550090	-0.216992
41151	11.454241	-10.227560	3.723450	0.921339	0.165646	-0.177554	-0.341766	0.137319	0.929698	-0.488968	0.818837	-0.300694	-0.802562	-0.557360	-0.212706
41152	9.718301	-4.234360	4.078014	1.087186	0.059597	-0.278682	-0.339883	0.135351	0.930677	-0.498625	0.813118	-0.300352	-0.797404	-0.566144	-0.208875
41153	8.578308	-1.797968	2.363070	0.554498	-0.013573	-0.308408	-0.338438	0.132760	0.931576	-0.504067	0.810398	-0.298616	-0.794592	-0.570640	-0.207350
41154	8.814559	-0.718817	0.298169	-0.264149	-0.023977	-0.197266	-0.337604	0.130995	0.932128	-0.502643	0.812172	-0.296188	-0.795848	-0.568522	-0.208349
41155	8.195905	-2.635906	-1.317685	-1.007505	-0.029441	-0.085759	-0.337367	0.130106	0.932339	-0.494884	0.817992	-0.293222	-0.800796	-0.560323	-0.211576
41156	8.280779	-5.849506	-2.523974	-0.755863	-0.097723	-0.116144	-0.337548	0.128580	0.932485	-0.489220	0.822363	-0.290487	-0.804192	-0.554243	-0.214683
41157	8.589388	-5.509530	-3.129835	-0.041694	-0.181746	-0.204100	-0.337983	0.125893	0.932694	-0.489561	0.822869	-0.288472	-0.803802	-0.554109	-0.216483
41158	8.871572	-3.506215	-4.067572	0.307344	-0.175665	-0.274522	-0.338013	0.122632	0.933118	-0.492966	0.821512	-0.286537	-0.801705	-0.556848	-0.217229
41159	8.822617	-2.710193	-4.930582	0.262529	-0.066984	-0.312837	-0.336978	0.119675	0.933876	-0.496122	0.820437	-0.284158	-0.800193	-0.559071	-0.217095
41160	8.593681	-2.686982	-5.276041	0.373444	-0.004451	-0.318878	-0.335394	0.117009	0.934783	-0.500189	0.818729	-0.281946	-0.798325	-0.562131	-0.216070
41161	8.773328	-1.219984	-5.280190	0.450415	0.036109	-0.298975	-0.333581	0.114734	0.935714	-0.504780	0.816550	-0.280076	-0.796191	-0.565758	-0.214470
41162	9.089919	-0.123009	-4.875494	0.171421	0.100892	-0.227103	-0.331597	0.113424	0.936578	-0.506910	0.815846	-0.278275	-0.795667	-0.567036	-0.213037
41163	9.406220	-0.265215	-4.250319	-0.178747	0.203557	-0.168802	-0.329106	0.113170	0.937487	-0.506013	0.817083	-0.276272	-0.797270	-0.565304	-0.211641
41164	9.648669	-1.047815	-3.452211	-0.433127	0.323953	-0.119018	-0.325886	0.113993	0.938512	-0.502952	0.819666	-0.274202	-0.800523	-0.561385	-0.209785
41165	9.740978	-1.343173	-2.442512	-0.549053	0.391122	-0.111936	-0.322151	0.115227	0.939650	-0.498868	0.822908	-0.271944	-0.804580	-0.556368	-0.207617
41166	9.717311	-1.681224	-1.222236	-0.620555	0.367999	-0.123539	-0.318537	0.116217	0.940759	-0.494267	0.826494	-0.269458	-0.808848	-0.550818	-0.205827
41167	9.725478	-2.131107	-0.044505	-0.693673	0.310253	-0.144768	-0.315281	0.116687	0.941797	-0.489046	0.830513	-0.266614	-0.813285	-0.544640	-0.204780
41168	9.585875	-2.759546	1.167248	-0.690718	0.221558	-0.147849	-0.312725	0.116627	0.942657	-0.483887	0.834434	-0.263766	-0.817347	-0.538626	-0.204514
41169	9.493139	-2.866186	1.958270	-0.691812	0.114426	-0.146298	-0.311071	0.115992	0.943282	-0.478624	0.838353	-0.260928	-0.821069	-0.532644	-0.205271
41170	9.525134	-2.933169	1.667176	-0.744054	0.034569	-0.123264	-0.310170	0.115110	0.943687	-0.472892	0.842443	-0.258190	-0.824723	-0.526345	-0.206866
41171	9.194362	-3.728682	0.633496	-0.883510	0.011850	-0.112680	-0.309516	0.114192	0.944013	-0.465909	0.847219	-0.255242	-0.828933	-0.518825	-0.209025
41172	8.723786	-5.012760	-0.595440	-0.835015	-0.006931	-0.140197	-0.308895	0.112935	0.944367	-0.459413	0.851689	-0.252122	-0.832781	-0.511734	-0.211198
41173	8.216723	-5.741105	-1.910162	-0.544590	-0.074009	-0.191674	-0.308626	0.110874	0.944699	-0.455478	0.854683	-0.249111	-0.835039	-0.507172	-0.213277
41174	8.393677	-4.943066	-3.022113	0.020238	-0.210144	-0.250102	-0.309210	0.107640	0.944882	-0.456428	0.854862	-0.246750	-0.834304	-0.507568	-0.215202
41175	9.143795	-3.194904	-4.093215	0.482359	-0.273316	-0.289001	-0.310147	0.103750	0.945011	-0.461346	0.852714	-0.245028	-0.831245	-0.511972	-0.216602
41176	9.596005	-1.827311	-5.040947	0.621557	-0.212825	-0.301414	-0.310482	0.100059	0.945298	-0.467445	0.849829	-0.243486	-0.827705	-0.517473	-0.217085
41177	9.487497	-0.971776	-5.449400	0.578702	-0.093174	-0.276831	-0.309948	0.097188	0.945773	-0.473090	0.847100	-0.242089	-0.824693	-0.522470	-0.216578
41178	9.455373	-0.044920	-5.006162	0.468548	0.003476	-0.232520	-0.308784	0.095210	0.946355	-0.477676	0.844874	-0.240860	-0.822483	-0.526425	-0.215404
41179	9.721613	0.649267	-3.840910	0.100479	0.087196	-0.179061	-0.307211	0.094116	0.946976	-0.479037	0.844535	-0.239340	-0.822280	-0.527164	-0.214366
41180	9.836162	-0.256826	-2.884040	-0.351673	0.168703	-0.138334	-0.305131	0.093803	0.947679	-0.476573	0.846521	-0.237236	-0.824484	-0.524026	-0.213596
41181	9.559818	-1.605197	-2.253382	-0.612867	0.201586	-0.107782	-0.302920	0.093914	0.948377	-0.471787	0.849860	-0.234851	-0.828043	-0.518574	-0.213133
41182	9.207440	-2.740820	-1.737819	-0.745262	0.191133	-0.102072	-0.300825	0.093999	0.949036	-0.465917	0.853803	-0.232253	-0.832121	-0.512039	-0.213050
41183	9.077337	-3.950228	-2.032898	-0.730392	0.169658	-0.129251	-0.298775	0.093719	0.949711	-0.460178	0.857677	-0.229407	-0.836045	-0.505576	-0.213124
41184	8.872580	-4.644654	-2.390365	-0.571253	0.178417	-0.181512	-0.296419	0.093027	0.950517	-0.455940	0.860727	-0.226424	-0.839198	-0.500495	-0.212721
41185	8.079777	-5.169865	-2.306640	-0.348576	0.175641	-0.211657	-0.293972	0.092056	0.951371	-0.453585	0.862699	-0.223633	-0.841333	-0.497269	-0.211854
41186	7.880593	-5.079788	-2.327541	0.003551	0.157955	-0.225960	-0.291587	0.090861	0.952219	-0.454284	0.862894	-0.221448	-0.841786	-0.497149	-0.210332
41187	8.247928	-3.629571	-1.832128	0.307610	0.123921	-0.239508	-0.289458	0.089397	0.953007	-0.457521	0.861608	-0.219787	-0.840767	-0.499640	-0.208498
41188	8.789303	-2.424912	-1.416366	0.427727	0.098484	-0.239984	-0.287498	0.087795	0.953749	-0.461813	0.859683	-0.218344	-0.839091	-0.503228	-0.206612
41189	9.154801	-1.221019	-1.069291	0.387167	0.092370	-0.223104	-0.285668	0.086303	0.954435	-0.465708	0.857929	-0.216966	-0.837562	-0.506468	-0.204891
41190	9.339555	-0.013047	-0.667120	0.183431	0.102520	-0.212391	-0.283788	0.084972	0.955115	-0.467856	0.857187	-0.215271	-0.837004	-0.507947	-0.203505
41191	9.127630	-0.215155	-0.110069	-0.222373	0.106960	-0.210744	-0.281923	0.083697	0.955779	-0.466526	0.858530	-0.212791	-0.838375	-0.505887	-0.202993
41192	8.963434	-1.929407	0.580874	-0.503934	0.054800	-0.222463	-0.280400	0.082029	0.956372	-0.462927	0.861259	-0.209597	-0.840877	-0.501502	-0.203523
41193	9.467835	-3.211378	0.790370	-0.385191	-0.027761	-0.227277	-0.279575	0.079905	0.956793	-0.460300	0.863388	-0.206604	-0.842592	-0.498173	-0.204601
