// General information: 
//  MT Manager version: 2022.2.0 
//  XDA version: 2022.2.0 build 7381 rev 124627 built on 2023-07-19
// Device information: 
//  DeviceId: 00B4CBA7
//  ProductCode: MTW2-3A7G6
//  Firmware Version: 4.6.0
//  Hardware Version: 2.0.0
// Device settings: 
//  Filter Profile: human(46.1)
//  Option Flags: Orientation Smoother Disabled, Position/Velocity Smoother Disabled, Continuous Zero Rotation Update Disabled, AHS Disabled, ICC Disabled
// Coordinate system: ENU
PacketCounter	Acc_X	Acc_Y	Acc_Z	Gyr_X	Gyr_Y	Gyr_Z	Mat[1][1]	Mat[2][1]	Mat[3][1]	Mat[1][2]	Mat[2][2]	Mat[3][2]	Mat[1][3]	Mat[2][3]	Mat[3][3]
44991	9.563962	-0.645760	-1.985546	0.013105	-0.019864	0.011200	-0.209252	-0.074809	0.974996	-0.624821	0.777209	-0.074465	-0.752205	-0.624780	-0.209374
44992	9.518757	-0.648170	-1.967759	0.019159	-0.020480	0.017698	-0.209555	-0.074722	0.974938	-0.624906	0.777113	-0.074758	-0.752050	-0.624910	-0.209542
44993	9.588241	-0.640371	-2.052776	0.016143	-0.018290	0.010695	-0.209742	-0.074782	0.974893	-0.625015	0.777015	-0.074865	-0.751908	-0.625025	-0.209712
44994	9.561024	-0.634904	-1.932856	0.008776	-0.013684	0.012637	-0.209909	-0.074742	0.974860	-0.625024	0.776994	-0.075010	-0.751854	-0.625056	-0.209813
44995	9.562208	-0.652053	-1.991930	0.019806	-0.016975	0.013165	-0.210101	-0.074774	0.974816	-0.625155	0.776875	-0.075148	-0.751691	-0.625200	-0.209967
44996	9.561782	-0.653706	-1.993430	0.018307	-0.016987	0.013480	-0.210257	-0.074792	0.974781	-0.625269	0.776771	-0.075269	-0.751552	-0.625327	-0.210086
44997	9.536155	-0.664113	-1.931177	0.016850	-0.015444	0.013918	-0.210442	-0.074809	0.974740	-0.625377	0.776671	-0.075409	-0.751411	-0.625449	-0.210228
44998	9.524673	-0.685641	-1.958522	0.016140	-0.018294	0.010696	-0.210649	-0.074795	0.974696	-0.625523	0.776534	-0.075598	-0.751231	-0.625620	-0.210362
44999	9.512969	-0.667336	-1.924502	0.011957	-0.018455	0.013130	-0.210852	-0.074836	0.974649	-0.625595	0.776465	-0.075719	-0.751114	-0.625701	-0.210536
45000	9.558522	-0.644243	-1.942116	0.012539	-0.020269	0.015983	-0.211050	-0.074862	0.974604	-0.625644	0.776413	-0.075844	-0.751018	-0.625762	-0.210699
45001	9.546750	-0.625826	-1.908617	-0.004494	-0.025812	0.009719	-0.211286	-0.074976	0.974544	-0.625599	0.776444	-0.075898	-0.750989	-0.625710	-0.210957
45002	9.539477	-0.747054	-1.930148	-0.007448	-0.024278	0.010473	-0.211492	-0.075121	0.974489	-0.625610	0.776433	-0.075923	-0.750921	-0.625707	-0.211206
45003	9.526497	-0.791947	-1.962042	0.004269	-0.022515	0.006581	-0.211685	-0.075238	0.974438	-0.625638	0.776406	-0.075964	-0.750844	-0.625726	-0.211425
45004	9.525994	-0.792877	-1.964110	0.018694	-0.022815	0.008202	-0.211902	-0.075319	0.974384	-0.625775	0.776284	-0.076083	-0.750669	-0.625867	-0.211629
45005	9.544823	-0.669227	-1.978901	0.027370	-0.022627	0.004818	-0.212084	-0.075451	0.974334	-0.625980	0.776112	-0.076156	-0.750447	-0.626065	-0.211832
45006	9.535826	-0.602247	-1.937798	0.007492	-0.025734	0.007197	-0.212285	-0.075593	0.974280	-0.626037	0.776062	-0.076194	-0.750341	-0.626110	-0.212071
45007	9.552208	-0.698799	-1.965230	0.000288	-0.023703	0.002633	-0.212462	-0.075749	0.974229	-0.626044	0.776057	-0.076188	-0.750286	-0.626097	-0.212305
45008	9.575450	-0.714560	-2.034929	-0.003806	-0.020753	0.005315	-0.212618	-0.075866	0.974186	-0.626057	0.776045	-0.076203	-0.750230	-0.626098	-0.212498
45009	9.522214	-0.780046	-1.916906	-0.017588	-0.016946	-0.000833	-0.212722	-0.076006	0.974152	-0.625937	0.776149	-0.076126	-0.750301	-0.625952	-0.212679
45010	9.545461	-0.795349	-1.986668	0.009145	-0.028310	0.000363	-0.212933	-0.076142	0.974095	-0.625984	0.776106	-0.076172	-0.750202	-0.625988	-0.212922
45011	9.536481	-0.767461	-2.007353	0.022671	-0.026670	-0.002369	-0.213100	-0.076355	0.974042	-0.626169	0.775958	-0.076166	-0.750000	-0.626146	-0.213168
45012	9.502541	-0.708361	-1.902698	0.008874	-0.026628	-0.001000	-0.213352	-0.076488	0.973977	-0.626298	0.775844	-0.076264	-0.749821	-0.626271	-0.213433
45013	9.555107	-0.735932	-1.906839	0.014822	-0.028145	-0.002392	-0.213531	-0.076711	0.973920	-0.626424	0.775745	-0.076241	-0.749665	-0.626367	-0.213699
45014	9.502886	-0.683948	-1.904109	0.012845	-0.030482	-0.011561	-0.213740	-0.076956	0.973855	-0.626575	0.775625	-0.076228	-0.749480	-0.626485	-0.214000
45015	9.530417	-0.719201	-1.845268	-0.003895	-0.039917	-0.008793	-0.213966	-0.077302	0.973778	-0.626574	0.775637	-0.076103	-0.749415	-0.626427	-0.214395
45016	9.518372	-0.778134	-1.936665	0.007868	-0.047616	-0.011947	-0.214181	-0.077724	0.973697	-0.626671	0.775575	-0.075938	-0.749273	-0.626452	-0.214821
45017	9.526042	-0.804791	-1.923096	-0.000106	-0.049995	-0.019840	-0.214414	-0.078219	0.973606	-0.626723	0.775555	-0.075713	-0.749163	-0.626415	-0.215311
45018	9.504113	-0.819087	-1.975717	0.006429	-0.053326	-0.018384	-0.214752	-0.078681	0.973494	-0.626877	0.775440	-0.075615	-0.748937	-0.626500	-0.215851
45019	9.493537	-0.773558	-1.941134	0.010647	-0.051616	-0.020707	-0.214991	-0.079192	0.973400	-0.627011	0.775352	-0.075406	-0.748756	-0.626545	-0.216348
45020	9.521493	-0.690822	-1.998683	0.013193	-0.056136	-0.023198	-0.215269	-0.079732	0.973295	-0.627216	0.775205	-0.075220	-0.748505	-0.626658	-0.216887
45021	9.556743	-0.620157	-1.980735	0.003530	-0.057500	-0.024372	-0.215528	-0.080309	0.973190	-0.627305	0.775158	-0.074959	-0.748356	-0.626642	-0.217447
45022	9.525969	-0.605822	-2.052226	-0.005860	-0.060549	-0.024178	-0.215793	-0.080850	0.973086	-0.627217	0.775256	-0.074680	-0.748353	-0.626452	-0.218005
45023	9.569359	-0.602645	-2.078252	-0.019741	-0.063632	-0.023017	-0.216107	-0.081454	0.972966	-0.627129	0.775355	-0.074382	-0.748336	-0.626250	-0.218642
45024	9.530943	-0.652573	-2.050086	-0.021061	-0.064680	-0.029085	-0.216435	-0.082076	0.972841	-0.627123	0.775387	-0.074103	-0.748246	-0.626129	-0.219293
45025	9.507245	-0.689541	-2.107671	-0.020978	-0.061574	-0.028842	-0.216697	-0.082713	0.972729	-0.627039	0.775490	-0.073745	-0.748241	-0.625919	-0.219911
45026	9.501480	-0.703200	-2.006241	-0.017560	-0.069593	-0.027122	-0.217039	-0.083375	0.972596	-0.627058	0.775502	-0.073451	-0.748126	-0.625816	-0.220595
45027	9.500256	-0.700182	-2.013079	-0.007491	-0.072502	-0.031112	-0.217368	-0.084097	0.972460	-0.627080	0.775517	-0.073102	-0.748012	-0.625700	-0.221309
45028	9.486751	-0.701359	-1.988270	-0.015425	-0.077108	-0.031346	-0.217756	-0.084872	0.972306	-0.627172	0.775474	-0.072769	-0.747822	-0.625649	-0.222093
45029	9.508966	-0.673235	-2.002142	-0.021610	-0.079623	-0.038048	-0.218095	-0.085693	0.972158	-0.627104	0.775571	-0.072321	-0.747780	-0.625417	-0.222887
45030	9.493293	-0.681820	-1.924288	-0.037391	-0.085726	-0.038260	-0.218522	-0.086482	0.971992	-0.626953	0.775729	-0.071931	-0.747782	-0.625112	-0.223734
45031	9.504002	-0.672728	-1.964956	-0.032870	-0.091397	-0.045993	-0.218900	-0.087437	0.971822	-0.626818	0.775889	-0.071380	-0.747784	-0.624781	-0.224650
45032	9.489043	-0.696413	-1.945944	-0.027582	-0.097983	-0.043004	-0.219370	-0.088342	0.971634	-0.626729	0.776001	-0.070944	-0.747722	-0.624514	-0.225597
45033	9.497499	-0.695637	-1.933878	-0.031394	-0.103994	-0.045812	-0.219843	-0.089374	0.971433	-0.626605	0.776151	-0.070398	-0.747687	-0.624181	-0.226633
45034	9.482413	-0.718950	-1.916239	-0.029673	-0.114494	-0.051782	-0.220320	-0.090581	0.971213	-0.626609	0.776206	-0.069753	-0.747543	-0.623938	-0.227773
45035	9.462707	-0.657325	-1.963654	-0.026568	-0.122399	-0.051569	-0.220895	-0.091772	0.970970	-0.626534	0.776319	-0.069161	-0.747436	-0.623623	-0.228984
45036	9.491646	-0.679280	-1.968128	-0.026306	-0.131363	-0.057092	-0.221509	-0.093050	0.970709	-0.626503	0.776399	-0.068540	-0.747280	-0.623334	-0.230276
45037	9.475817	-0.686281	-1.895101	-0.034282	-0.137566	-0.057418	-0.222160	-0.094381	0.970431	-0.626385	0.776553	-0.067873	-0.747186	-0.622942	-0.231638
45038	9.482516	-0.708168	-1.890966	-0.037893	-0.148402	-0.059104	-0.222875	-0.095767	0.970132	-0.626206	0.776757	-0.067185	-0.747123	-0.622476	-0.233090
45039	9.478828	-0.725731	-1.909482	-0.028302	-0.155849	-0.065018	-0.223615	-0.097269	0.969812	-0.626150	0.776865	-0.066458	-0.746949	-0.622109	-0.234624
45040	9.456587	-0.671369	-1.906826	-0.022615	-0.166723	-0.067220	-0.224467	-0.098830	0.969457	-0.626229	0.776858	-0.065801	-0.746627	-0.621872	-0.236269
45041	9.487413	-0.643839	-1.908077	-0.018755	-0.177490	-0.070577	-0.225333	-0.100509	0.969084	-0.626258	0.776898	-0.065042	-0.746342	-0.621552	-0.238005
45042	9.440294	-0.637540	-1.904610	-0.029680	-0.187912	-0.076845	-0.226230	-0.102292	0.968688	-0.626228	0.776992	-0.064202	-0.746095	-0.621144	-0.239837
45043	9.447536	-0.633239	-1.901590	-0.041064	-0.202897	-0.084961	-0.227194	-0.104239	0.968255	-0.626125	0.777153	-0.063250	-0.745889	-0.620619	-0.241832
45044	9.408273	-0.677514	-1.886437	-0.048639	-0.211878	-0.090282	-0.228245	-0.106190	0.967795	-0.626016	0.777314	-0.062350	-0.745660	-0.620086	-0.243895
45045	9.405072	-0.652283	-1.849641	-0.055218	-0.226962	-0.097920	-0.229307	-0.108385	0.967301	-0.625839	0.777545	-0.061238	-0.745482	-0.619417	-0.246128
45046	9.390456	-0.630834	-1.782202	-0.078979	-0.245164	-0.105003	-0.230490	-0.110694	0.966758	-0.625561	0.777858	-0.060079	-0.745351	-0.618614	-0.248534
45047	9.375871	-0.608371	-1.716773	-0.109173	-0.268046	-0.112547	-0.231768	-0.113253	0.966156	-0.625018	0.778401	-0.058689	-0.745410	-0.617468	-0.251193
45048	9.483124	-0.552052	-1.735450	-0.161424	-0.281420	-0.120378	-0.233170	-0.115847	0.965511	-0.624147	0.779208	-0.057237	-0.745703	-0.615966	-0.253993
45049	9.513504	-0.500643	-1.690837	-0.255003	-0.283547	-0.130035	-0.234458	-0.118632	0.964861	-0.622559	0.780616	-0.055301	-0.746626	-0.613649	-0.256877
45050	9.496104	-0.535699	-1.695768	-0.345930	-0.298263	-0.141303	-0.235846	-0.121465	0.964170	-0.620311	0.782553	-0.053150	-0.748058	-0.610620	-0.259908
45051	9.481321	-0.784057	-1.607313	-0.366944	-0.322967	-0.149544	-0.237322	-0.124630	0.963403	-0.617928	0.784597	-0.050720	-0.749562	-0.607351	-0.263215
45052	9.467266	-0.797150	-1.448359	-0.356036	-0.350461	-0.162564	-0.238957	-0.128018	0.962554	-0.615721	0.786485	-0.048253	-0.750858	-0.604195	-0.266760
45053	9.414768	-0.716387	-1.253139	-0.358401	-0.390330	-0.178330	-0.240778	-0.131801	0.961589	-0.613467	0.788406	-0.045546	-0.752120	-0.600870	-0.270687
45054	9.399260	-0.533226	-1.087497	-0.383397	-0.443321	-0.189889	-0.242960	-0.135943	0.960463	-0.611169	0.790346	-0.042738	-0.753288	-0.597389	-0.275106
45055	9.448955	-0.312254	-1.008756	-0.431915	-0.499753	-0.200757	-0.245488	-0.140534	0.959159	-0.608414	0.792632	-0.039583	-0.754697	-0.593283	-0.280084
45056	9.573335	-0.207153	-0.858470	-0.477094	-0.554280	-0.217007	-0.248418	-0.145497	0.957663	-0.605481	0.795032	-0.036274	-0.756096	-0.588858	-0.285596
45057	9.566812	-0.229235	-0.924458	-0.505948	-0.607589	-0.230939	-0.251607	-0.150926	0.955989	-0.602241	0.797649	-0.032576	-0.757628	-0.583933	-0.291588
45058	9.783109	-0.169514	-0.933217	-0.546721	-0.671612	-0.266727	-0.255087	-0.156968	0.954092	-0.598898	0.800320	-0.028453	-0.759113	-0.578661	-0.298159
45059	9.737643	0.038366	-0.997089	-0.603997	-0.718161	-0.291687	-0.258788	-0.163468	0.952002	-0.595069	0.803321	-0.023823	-0.760869	-0.572672	-0.305165
45060	9.832527	0.416211	-0.934003	-0.664840	-0.777348	-0.305934	-0.262906	-0.170384	0.949658	-0.590962	0.806478	-0.018908	-0.762656	-0.566183	-0.312718
45061	10.125264	0.713610	-0.982380	-0.769518	-0.834990	-0.328884	-0.267333	-0.177765	0.947065	-0.585969	0.810224	-0.013325	-0.764966	-0.558513	-0.320764
45062	10.106528	1.059836	-1.071169	-0.893207	-0.886075	-0.361624	-0.272019	-0.185644	0.944215	-0.580330	0.814350	-0.007076	-0.767608	-0.549881	-0.329254
45063	10.265070	1.162448	-1.188301	-1.154507	-0.957734	-0.383843	-0.277163	-0.194021	0.941030	-0.572512	0.819896	0.000423	-0.771628	-0.538634	-0.338324
45064	10.909290	0.823003	-0.880008	-1.451877	-0.962149	-0.389848	-0.282462	-0.202287	0.937707	-0.562552	0.826714	0.008888	-0.777014	-0.524999	-0.347312
45065	11.474865	-0.124594	-0.497446	-1.616908	-0.940925	-0.374965	-0.287701	-0.210296	0.934347	-0.551020	0.834295	0.018109	-0.783329	-0.509634	-0.355905
45066	11.483844	-0.554064	-0.611121	-1.518958	-0.944672	-0.388767	-0.293114	-0.218165	0.930854	-0.540337	0.841017	0.026964	-0.788746	-0.495071	-0.364396
45067	11.710385	-0.696696	-1.106516	-1.502654	-0.971072	-0.393257	-0.298682	-0.226248	0.927147	-0.529623	0.847461	0.036184	-0.793907	-0.480231	-0.372947
45068	11.249514	-0.448870	-1.373300	-1.417653	-0.965280	-0.391470	-0.304386	-0.234061	0.923344	-0.519755	0.853133	0.044923	-0.798250	-0.466239	-0.381337
45069	10.847645	0.063582	-2.436776	-1.188464	-1.107581	-0.366809	-0.311339	-0.242320	0.918885	-0.511396	0.857714	0.052916	-0.800963	-0.453439	-0.390962
45070	10.717178	0.488882	-3.434796	-1.184886	-1.153126	-0.343743	-0.318889	-0.250434	0.914108	-0.503283	0.861995	0.060586	-0.803129	-0.440734	-0.400920
45071	10.295097	0.610782	-3.431347	-1.223526	-1.134806	-0.317222	-0.326423	-0.258129	0.909295	-0.494481	0.866488	0.068466	-0.805566	-0.427280	-0.410481
45072	9.851422	0.153253	-4.113222	-1.101249	-1.120876	-0.342804	-0.333853	-0.265797	0.904375	-0.487025	0.870081	0.075932	-0.807062	-0.415103	-0.419929
45073	9.430075	-0.324469	-4.928830	-0.897675	-1.054126	-0.378444	-0.340522	-0.273442	0.899597	-0.481069	0.872728	0.083178	-0.807848	-0.404444	-0.428728
45074	9.040474	-0.529515	-4.957338	-0.723525	-1.001464	-0.374641	-0.346916	-0.280726	0.894898	-0.476797	0.874448	0.089475	-0.807659	-0.395644	-0.437209
45075	9.450486	-0.460321	-4.565396	-0.548106	-1.013146	-0.364755	-0.353350	-0.287915	0.890083	-0.473668	0.875546	0.095173	-0.806711	-0.387974	-0.445750
45076	10.015565	-0.285815	-4.808959	-0.279581	-0.992651	-0.354527	-0.359814	-0.294717	0.885255	-0.472882	0.875516	0.099270	-0.804311	-0.382902	-0.454389
45077	10.010445	0.319261	-5.254980	-0.028568	-0.935838	-0.361776	-0.365603	-0.301479	0.880593	-0.473983	0.874534	0.102617	-0.801046	-0.379869	-0.462628
45078	9.671154	0.878766	-5.514586	0.072537	-0.879097	-0.368089	-0.370869	-0.308116	0.876083	-0.476267	0.872961	0.105401	-0.797262	-0.378160	-0.470499
45079	9.214450	1.100437	-5.588518	0.135142	-0.816041	-0.365907	-0.375602	-0.314414	0.871818	-0.478726	0.871299	0.107979	-0.793564	-0.376805	-0.477780
45080	8.779754	1.002715	-5.662513	0.237676	-0.758341	-0.373596	-0.379834	-0.320509	0.867756	-0.482197	0.869136	0.109951	-0.789438	-0.376666	-0.484675
45081	8.384113	0.861758	-5.773871	0.361954	-0.686271	-0.379006	-0.383390	-0.326413	0.863983	-0.486512	0.866531	0.111487	-0.785059	-0.377595	-0.491023
45082	8.144744	0.851703	-5.568318	0.440204	-0.557138	-0.382742	-0.385860	-0.331842	0.860810	-0.491547	0.863546	0.112559	-0.780701	-0.379697	-0.496324
45083	7.923484	0.933337	-5.459244	0.497356	-0.372544	-0.376478	-0.386890	-0.336534	0.858523	-0.496894	0.860378	0.113338	-0.776796	-0.382746	-0.500093
45084	7.626093	1.215208	-5.741918	0.662469	-0.214867	-0.350162	-0.386746	-0.340379	0.857071	-0.503470	0.856591	0.113002	-0.772623	-0.387807	-0.502653
45085	7.820194	1.615429	-5.267106	0.637892	-0.041157	-0.311766	-0.385473	-0.343231	0.856506	-0.509611	0.853021	0.112482	-0.769225	-0.393126	-0.503730
45086	8.074092	1.819965	-4.945921	0.635001	0.164710	-0.276768	-0.382730	-0.344936	0.857051	-0.515623	0.849511	0.111642	-0.766584	-0.399187	-0.502991
45087	8.136989	2.089443	-4.853647	0.674103	0.336273	-0.250299	-0.378846	-0.345730	0.858456	-0.521755	0.845918	0.110425	-0.764360	-0.406070	-0.500860
45088	8.051394	2.448460	-4.707109	0.621458	0.510546	-0.236185	-0.373651	-0.345635	0.860768	-0.527457	0.842516	0.109343	-0.763004	-0.413162	-0.497114
45089	8.022352	2.734472	-4.555524	0.504683	0.677849	-0.187348	-0.367475	-0.344414	0.863910	-0.532020	0.839754	0.108482	-0.762835	-0.419753	-0.491824
45090	7.987085	2.760997	-4.225421	0.360099	0.822180	-0.132535	-0.360436	-0.342053	0.867805	-0.535309	0.837740	0.107867	-0.763891	-0.425665	-0.485056
45091	8.122813	2.650570	-3.845952	0.234420	0.937526	-0.067541	-0.352890	-0.338630	0.872238	-0.537362	0.836492	0.107346	-0.765971	-0.430826	-0.477156
45092	8.372911	2.617022	-3.600644	0.140500	1.041571	0.005845	-0.344875	-0.334073	0.877187	-0.538470	0.835870	0.106633	-0.768837	-0.435564	-0.468159
45093	8.580262	2.538812	-3.448550	0.050683	1.134114	0.098148	-0.336651	-0.328315	0.882539	-0.538544	0.835959	0.105555	-0.772422	-0.439751	-0.458239
45094	8.745142	2.356688	-3.374262	-0.049822	1.216186	0.196795	-0.328237	-0.321304	0.888270	-0.537549	0.836789	0.104044	-0.776724	-0.443338	-0.447382
45095	8.913090	2.191727	-3.280270	-0.158543	1.276375	0.302205	-0.319901	-0.313122	0.894214	-0.535352	0.838439	0.102072	-0.781704	-0.446066	-0.435848
45096	9.048455	2.020793	-3.180839	-0.220716	1.312716	0.388167	-0.311625	-0.303998	0.900264	-0.532437	0.840596	0.099548	-0.787020	-0.448312	-0.423810
45097	9.354301	1.853579	-3.177028	-0.237500	1.338001	0.477425	-0.303581	-0.293993	0.906315	-0.529110	0.843077	0.096248	-0.792390	-0.450321	-0.411496
45098	9.636456	1.753970	-3.085797	-0.281996	1.367850	0.545392	-0.295527	-0.283222	0.912387	-0.525273	0.845897	0.092443	-0.797967	-0.451933	-0.398754
45099	9.819351	1.644916	-3.131737	-0.361194	1.389748	0.596897	-0.287506	-0.271902	0.918373	-0.520657	0.849175	0.088418	-0.803901	-0.452737	-0.385711
45100	9.925643	1.513542	-3.118407	-0.441634	1.400845	0.633334	-0.279429	-0.260175	0.924245	-0.515336	0.852835	0.084270	-0.810153	-0.452750	-0.372384
45101	10.021810	1.219989	-3.086416	-0.506124	1.411299	0.659172	-0.271316	-0.248182	0.929943	-0.509421	0.856788	0.080032	-0.816626	-0.452018	-0.358889
45102	10.036037	0.942837	-3.177658	-0.530421	1.416370	0.673052	-0.263060	-0.236011	0.935467	-0.503312	0.860788	0.075635	-0.823089	-0.450936	-0.345226
45103	9.852653	0.677759	-3.164279	-0.519799	1.416776	0.678918	-0.254740	-0.223800	0.940756	-0.497276	0.864678	0.071048	-0.829352	-0.449717	-0.331558
45104	9.776801	0.395518	-3.176418	-0.470697	1.415313	0.689698	-0.246319	-0.211468	0.945837	-0.491670	0.868270	0.066083	-0.835217	-0.448763	-0.317844
45105	9.573914	0.250226	-3.215212	-0.396658	1.413502	0.692299	-0.237851	-0.199133	0.950670	-0.486687	0.871460	0.060775	-0.840573	-0.448223	-0.304193
45106	9.296353	0.146277	-3.230954	-0.314653	1.401274	0.693089	-0.229346	-0.186804	0.955251	-0.482456	0.874184	0.055118	-0.845362	-0.448226	-0.290616
45107	9.013218	0.170942	-3.383618	-0.235220	1.390032	0.696980	-0.220906	-0.174496	0.959558	-0.478909	0.876488	0.049137	-0.849615	-0.448687	-0.277189
45108	8.736862	0.289061	-3.509569	-0.164509	1.403495	0.703440	-0.212264	-0.162020	0.963687	-0.476027	0.878387	0.042829	-0.853430	-0.449650	-0.263576
45109	8.436850	0.399661	-3.481886	-0.103630	1.419542	0.710154	-0.203487	-0.149411	0.967610	-0.473680	0.879950	0.036261	-0.856867	-0.450958	-0.249831
45110	8.162933	0.555747	-3.574651	-0.059765	1.415772	0.716096	-0.194671	-0.136712	0.971294	-0.471780	0.881223	0.029478	-0.859957	-0.452499	-0.236047
45111	8.045130	0.661865	-3.540936	-0.043055	1.400150	0.720000	-0.185991	-0.124044	0.974690	-0.470054	0.882349	0.022596	-0.862819	-0.453954	-0.222416
45112	7.979630	0.707107	-3.417237	-0.072817	1.390611	0.716325	-0.177288	-0.111405	0.977833	-0.468156	0.883505	0.015778	-0.865678	-0.454981	-0.208790
45113	7.944323	0.659621	-3.320369	-0.116639	1.374346	0.704647	-0.168652	-0.098946	0.980697	-0.465941	0.884769	0.009139	-0.868594	-0.455405	-0.195321
45114	8.021409	0.560917	-3.156115	-0.171002	1.368348	0.696754	-0.159940	-0.086557	0.983324	-0.463334	0.886180	0.002643	-0.871631	-0.455185	-0.181841
45115	8.115838	0.327776	-2.912229	-0.214587	1.373970	0.680657	-0.151077	-0.074298	0.985726	-0.460416	0.887696	-0.003656	-0.874753	-0.454396	-0.168319
45116	8.143774	0.035117	-2.779555	-0.218490	1.373297	0.663514	-0.142048	-0.062185	0.987905	-0.457549	0.889130	-0.009823	-0.877765	-0.453410	-0.154752
45117	8.189848	-0.163405	-2.620456	-0.197208	1.352195	0.650545	-0.133119	-0.050299	0.989823	-0.454934	0.890383	-0.015937	-0.880519	-0.452426	-0.141410
45118	8.314764	-0.319769	-2.506075	-0.182535	1.314716	0.632576	-0.124358	-0.038739	0.991481	-0.452526	0.891481	-0.021927	-0.883037	-0.451398	-0.128393
45119	8.476390	-0.339037	-2.212303	-0.174353	1.273112	0.611840	-0.115853	-0.027569	0.992884	-0.450263	0.892464	-0.027757	-0.885348	-0.450275	-0.115808
45120	8.648165	-0.319240	-2.019272	-0.174112	1.210128	0.596114	-0.107767	-0.016825	0.994034	-0.448067	0.893374	-0.033455	-0.887481	-0.448999	-0.103815
45121	8.870249	-0.258719	-1.801703	-0.198984	1.130682	0.566784	-0.100244	-0.006718	0.994940	-0.445723	0.894327	-0.038869	-0.889541	-0.447364	-0.092646
45122	9.151991	-0.334207	-1.771672	-0.257141	1.069369	0.547239	-0.093115	0.002929	0.995651	-0.442915	0.895481	-0.044056	-0.891715	-0.445091	-0.082086
45123	9.376254	-0.518178	-1.605693	-0.315859	1.010197	0.534073	-0.086443	0.012169	0.996182	-0.439627	0.896837	-0.049104	-0.894011	-0.442194	-0.072176
45124	9.432890	-0.800576	-1.519444	-0.315470	0.941770	0.526438	-0.080284	0.021020	0.996550	-0.436374	0.898138	-0.054100	-0.896176	-0.439212	-0.062933
45125	9.363334	-0.909889	-1.470510	-0.281579	0.851000	0.531848	-0.074954	0.029499	0.996751	-0.433447	0.899232	-0.059207	-0.898056	-0.436477	-0.054615
45126	9.193028	-0.910808	-1.496030	-0.238597	0.746153	0.545843	-0.070572	0.037633	0.996797	-0.430914	0.900086	-0.064490	-0.899629	-0.434085	-0.047304
45127	9.059223	-0.654165	-1.513472	-0.251047	0.642519	0.543207	-0.067112	0.045278	0.996718	-0.428292	0.900943	-0.069765	-0.901145	-0.431568	-0.041072
45128	8.876317	-0.209547	-1.722506	-0.271966	0.487662	0.530743	-0.064946	0.052134	0.996526	-0.425496	0.901855	-0.074912	-0.902627	-0.428883	-0.036389
45129	8.915415	0.343708	-1.951608	-0.404091	0.320479	0.505932	-0.064185	0.058041	0.996249	-0.421529	0.903298	-0.079783	-0.904540	-0.425069	-0.033512
45130	8.901983	0.753832	-2.023463	-0.628227	0.194551	0.477341	-0.064388	0.063148	0.995925	-0.415531	0.905665	-0.084289	-0.907297	-0.419265	-0.032074
45131	8.564760	0.824738	-2.072101	-0.835751	0.106621	0.463742	-0.065319	0.067770	0.995560	-0.407645	0.908831	-0.088612	-0.910801	-0.411624	-0.031738
45132	7.967444	0.765416	-2.326403	-0.942775	-0.009991	0.454397	-0.067211	0.071826	0.995150	-0.398728	0.912364	-0.092780	-0.914603	-0.403030	-0.032682
45133	7.590924	0.738599	-2.828228	-0.989701	-0.176738	0.437718	-0.070548	0.075095	0.994678	-0.389368	0.915985	-0.096770	-0.918377	-0.394122	-0.035381
45134	7.758654	0.841834	-3.189166	-1.101352	-0.333307	0.410617	-0.075162	0.077516	0.994154	-0.378908	0.919974	-0.100379	-0.922377	-0.384237	-0.039776
45135	7.883074	0.855706	-3.403919	-1.245443	-0.414037	0.396294	-0.080461	0.079575	0.993576	-0.367097	0.924377	-0.103760	-0.926696	-0.373088	-0.045165
45136	7.719970	0.639799	-3.710751	-1.326539	-0.458546	0.400854	-0.086137	0.081543	0.992941	-0.354402	0.928947	-0.107032	-0.931117	-0.361120	-0.051118
45137	7.811824	0.175210	-3.573759	-1.387663	-0.450589	0.416159	-0.091784	0.083792	0.992247	-0.341093	0.933526	-0.110384	-0.935538	-0.348580	-0.057102
45138	8.687925	-0.992440	-1.077645	-1.724573	-0.298421	0.402343	-0.095895	0.086471	0.991628	-0.324482	0.939085	-0.113268	-0.941018	-0.332628	-0.061996
45139	10.227667	-3.199500	1.231434	-1.279124	-0.251666	0.348775	-0.099373	0.088902	0.991071	-0.312094	0.942958	-0.115880	-0.944840	-0.320822	-0.065959
45140	13.043010	-4.157830	1.204057	-0.375813	-0.047410	0.141051	-0.100232	0.090016	0.990884	-0.308356	0.944054	-0.116953	-0.945976	-0.317267	-0.066868
45141	13.208536	-4.200082	1.058191	0.573193	0.101302	-0.079256	-0.099023	0.089564	0.991046	-0.313865	0.942291	-0.116519	-0.944290	-0.322593	-0.065198
45142	12.183656	-4.197274	-0.017373	1.040932	0.117263	-0.210838	-0.097219	0.087912	0.991373	-0.323859	0.939086	-0.115034	-0.941097	-0.332249	-0.062826
45143	10.197402	-3.582147	1.385333	0.917075	-0.110852	-0.163621	-0.097718	0.085976	0.991493	-0.332648	0.936140	-0.113961	-0.937975	-0.340955	-0.062878
45144	11.827748	-1.971454	1.386855	0.996122	-0.611699	-0.082116	-0.103141	0.083053	0.991193	-0.342046	0.932773	-0.113750	-0.934006	-0.350766	-0.067800
45145	14.430069	0.393730	1.076366	1.130825	-0.688285	-0.059237	-0.109342	0.080021	0.990778	-0.352658	0.928790	-0.113933	-0.929342	-0.361863	-0.073336
45146	12.791943	1.928900	0.642667	0.935537	-0.548240	-0.061615	-0.114179	0.077401	0.990440	-0.361395	0.925420	-0.113982	-0.925395	-0.370955	-0.077691
45147	9.741570	2.291911	-1.020723	0.465248	-0.527907	-0.043127	-0.118894	0.075004	0.990070	-0.365759	0.923714	-0.113900	-0.923084	-0.375669	-0.082391
45148	8.510700	1.773099	-1.984904	-0.089758	-0.515290	-0.011275	-0.123578	0.072915	0.989652	-0.364921	0.924076	-0.113651	-0.922801	-0.375190	-0.087587
45149	8.361987	0.340740	-1.868810	-0.516596	-0.419651	0.011236	-0.127488	0.071426	0.989265	-0.360150	0.925992	-0.113270	-0.924142	-0.370724	-0.092329
45150	8.552610	-1.387285	-1.669429	-0.586147	-0.317798	-0.006553	-0.130373	0.070136	0.988981	-0.354701	0.928177	-0.112583	-0.925846	-0.365470	-0.096132
45151	9.001778	-2.321913	-1.836087	-0.391240	-0.271263	-0.033970	-0.132760	0.068806	0.988757	-0.351135	0.929622	-0.111837	-0.926865	-0.362034	-0.099256
45152	9.267074	-2.310279	-2.084500	-0.091360	-0.231604	-0.026919	-0.134783	0.067662	0.988562	-0.350291	0.929991	-0.111412	-0.926893	-0.361301	-0.101645
45153	9.407487	-2.170665	-1.925195	0.173317	-0.219090	0.014313	-0.136856	0.066973	0.988324	-0.351891	0.929352	-0.111704	-0.925982	-0.363070	-0.103621
45154	9.826796	-1.857074	-1.370085	0.368149	-0.232508	0.036210	-0.139108	0.066408	0.988048	-0.355219	0.928003	-0.112383	-0.924375	-0.366607	-0.105503
45155	10.268410	-1.404122	-1.092909	0.509658	-0.258950	0.043097	-0.141646	0.065823	0.987727	-0.359878	0.926091	-0.113325	-0.922184	-0.371513	-0.107489
45156	10.559044	-0.769643	-1.253082	0.573933	-0.258106	0.040592	-0.144144	0.065181	0.987408	-0.365080	0.923934	-0.114286	-0.919749	-0.376957	-0.109383
45157	10.385193	-0.257691	-1.459272	0.538422	-0.227959	0.035616	-0.146362	0.064616	0.987118	-0.369989	0.921866	-0.115204	-0.917435	-0.382084	-0.111019
45158	10.089121	0.017898	-1.497169	0.444661	-0.202599	0.055235	-0.148397	0.064293	0.986836	-0.373954	0.920141	-0.116182	-0.915498	-0.386272	-0.112504
45159	9.893177	0.217996	-1.460451	0.336796	-0.179424	0.085890	-0.150354	0.064358	0.986535	-0.376920	0.918778	-0.117383	-0.913961	-0.389494	-0.113884
45160	9.789492	0.267175	-1.470987	0.232857	-0.156093	0.109703	-0.152165	0.064699	0.986235	-0.378846	0.917821	-0.118663	-0.912864	-0.391687	-0.115150
45161	9.807725	0.220985	-1.593589	0.128297	-0.129710	0.128024	-0.153828	0.065337	0.985935	-0.379835	0.917232	-0.120046	-0.912175	-0.392959	-0.116278
45162	9.844345	-0.055090	-1.582222	0.036014	-0.119146	0.145599	-0.155438	0.066141	0.985629	-0.379895	0.917022	-0.121448	-0.911876	-0.393313	-0.117414
45163	9.896939	-0.451121	-1.608514	-0.027137	-0.110843	0.156824	-0.157037	0.067115	0.985310	-0.379417	0.917022	-0.122935	-0.911802	-0.393148	-0.118542
45164	9.898864	-0.870017	-1.631250	-0.044405	-0.105831	0.157383	-0.158569	0.068077	0.984998	-0.378715	0.917121	-0.124353	-0.911828	-0.392752	-0.119645
45165	9.860059	-1.169261	-1.608170	-0.046656	-0.101457	0.152416	-0.160064	0.069049	0.984689	-0.378061	0.917198	-0.125771	-0.911838	-0.392404	-0.120706
45166	9.756549	-1.360267	-1.451551	-0.048750	-0.090719	0.147351	-0.161419	0.069978	0.984402	-0.377330	0.917318	-0.127083	-0.911902	-0.391958	-0.121668
45167	9.575544	-1.486793	-1.293788	-0.018173	-0.090781	0.150738	-0.162808	0.070977	0.984101	-0.376934	0.917281	-0.128517	-0.911819	-0.391865	-0.122588
45168	9.519921	-1.546761	-1.138358	0.038342	-0.087605	0.157379	-0.164171	0.072012	0.983800	-0.376979	0.917049	-0.130034	-0.911556	-0.392219	-0.123406
45169	9.568908	-1.464358	-0.967836	0.074933	-0.090682	0.159142	-0.165591	0.073086	0.983483	-0.377413	0.916637	-0.131665	-0.911120	-0.392982	-0.124203
45170	9.578810	-1.327989	-0.841951	0.085183	-0.082363	0.162767	-0.166927	0.074190	0.983174	-0.377872	0.916212	-0.133294	-0.910685	-0.393764	-0.124906
45171	9.524693	-1.322861	-0.764888	0.085980	-0.086181	0.158579	-0.168304	0.075275	0.982857	-0.378403	0.915753	-0.134934	-0.910211	-0.394626	-0.125641
45172	9.558765	-1.469295	-0.737982	0.083486	-0.096373	0.154961	-0.169739	0.076250	0.982535	-0.378858	0.915335	-0.136485	-0.909756	-0.395408	-0.126480
45173	9.556735	-1.473833	-0.826269	0.107024	-0.101908	0.154895	-0.171246	0.077235	0.982196	-0.379582	0.914791	-0.138115	-0.909171	-0.396475	-0.127337
45174	9.563874	-1.412858	-0.884227	0.129018	-0.123281	0.148151	-0.172901	0.078039	0.981843	-0.380458	0.914192	-0.139660	-0.908492	-0.397697	-0.128374
45175	9.628258	-1.384274	-1.006841	0.130814	-0.131272	0.141255	-0.174624	0.078779	0.981479	-0.381414	0.913558	-0.141188	-0.907761	-0.399005	-0.129482
45176	9.585386	-1.345076	-1.063415	0.125077	-0.143946	0.148666	-0.176467	0.079503	0.981091	-0.382249	0.912969	-0.142737	-0.907053	-0.400209	-0.130719
45177	9.731144	-1.141630	-1.008789	0.091924	-0.147154	0.140260	-0.178331	0.080165	0.980700	-0.382848	0.912487	-0.144206	-0.906436	-0.401175	-0.132033
45178	9.644897	-1.035134	-0.963026	0.019937	-0.155129	0.138239	-0.180236	0.080745	0.980304	-0.382741	0.912324	-0.145515	-0.906104	-0.401430	-0.133529
45179	9.617822	-1.167517	-0.890263	-0.062186	-0.158265	0.131013	-0.182164	0.081277	0.979903	-0.381955	0.912465	-0.146689	-0.906050	-0.401000	-0.135174
45180	9.540688	-1.276296	-0.734863	-0.114512	-0.175581	0.125468	-0.184203	0.081659	0.979490	-0.380649	0.912850	-0.147688	-0.906188	-0.400046	-0.137066
45181	9.500514	-1.384752	-0.708100	-0.162670	-0.195546	0.117102	-0.186413	0.081919	0.979050	-0.378972	0.913402	-0.148583	-0.906438	-0.398731	-0.139224
45182	9.493171	-1.535743	-0.660267	-0.200793	-0.215977	0.102339	-0.188727	0.081938	0.978605	-0.376922	0.914144	-0.149231	-0.906814	-0.397022	-0.141639
45183	9.452940	-1.641264	-0.639342	-0.240875	-0.240902	0.086832	-0.191231	0.081750	0.978135	-0.374587	0.915026	-0.149709	-0.907257	-0.395025	-0.144359
45184	9.433306	-1.723515	-0.559714	-0.277518	-0.274139	0.065641	-0.193934	0.081215	0.977647	-0.371907	0.916091	-0.149876	-0.907786	-0.392660	-0.147456
45185	9.465579	-1.847417	-0.639475	-0.313279	-0.307321	0.050678	-0.196905	0.080448	0.977116	-0.368978	0.917274	-0.149876	-0.908341	-0.390046	-0.150932
45186	9.453720	-2.056127	-0.698539	-0.332593	-0.331247	0.027368	-0.199985	0.079359	0.976580	-0.365871	0.918568	-0.149568	-0.908925	-0.387214	-0.154665
45187	9.429168	-2.130851	-0.801063	-0.333612	-0.357413	0.010077	-0.203265	0.078044	0.976009	-0.362832	0.919846	-0.149117	-0.909415	-0.384438	-0.158655
45188	9.364285	-2.084713	-0.797747	-0.329558	-0.377578	-0.006623	-0.206646	0.076487	0.975422	-0.359823	0.921134	-0.148459	-0.909849	-0.381657	-0.162827
45189	9.344965	-1.962273	-0.740722	-0.329675	-0.413121	-0.024881	-0.210309	0.074658	0.974780	-0.356890	0.922405	-0.147645	-0.910165	-0.378940	-0.167346
45190	9.410563	-1.964221	-0.961985	-0.338834	-0.447535	-0.039801	-0.214212	0.072554	0.974089	-0.353870	0.923730	-0.146622	-0.910434	-0.376109	-0.172200
45191	9.532272	-1.741552	-1.315636	-0.329573	-0.457945	-0.064665	-0.218148	0.070211	0.973387	-0.351024	0.925010	-0.145390	-0.910601	-0.373399	-0.177143
45192	9.602757	-1.446872	-1.730903	-0.350834	-0.452948	-0.075617	-0.221979	0.067782	0.972693	-0.347979	0.926382	-0.143968	-0.910843	-0.370435	-0.182051
45193	9.625554	-1.325253	-2.053061	-0.393664	-0.432948	-0.085304	-0.225622	0.065366	0.972020	-0.344599	0.927889	-0.142386	-0.911233	-0.367082	-0.186827
45194	9.533398	-1.394603	-2.117761	-0.417267	-0.409604	-0.086240	-0.229032	0.063025	0.971377	-0.340976	0.929483	-0.140702	-0.911746	-0.363441	-0.191391
45195	9.445159	-1.460952	-2.240402	-0.392845	-0.399652	-0.092823	-0.232355	0.060687	0.970736	-0.337623	0.930960	-0.139013	-0.912152	-0.360043	-0.195824
45196	9.376281	-1.510851	-2.240289	-0.347393	-0.402782	-0.095494	-0.235681	0.058309	0.970080	-0.334661	0.932276	-0.137343	-0.912391	-0.357017	-0.200206
45197	9.399273	-1.506158	-2.271400	-0.293455	-0.394894	-0.098576	-0.238949	0.055956	0.969418	-0.332233	0.933375	-0.135767	-0.912428	-0.354514	-0.204439
45198	9.449723	-1.371937	-2.293167	-0.235326	-0.388477	-0.096530	-0.242147	0.053638	0.968756	-0.330303	0.934273	-0.134290	-0.912286	-0.352501	-0.208515
45199	9.509105	-1.287364	-2.225564	-0.202465	-0.377995	-0.093542	-0.245281	0.051405	0.968088	-0.328700	0.935032	-0.132931	-0.912027	-0.350816	-0.212449
45200	9.447678	-1.193843	-2.131715	-0.198415	-0.371431	-0.089325	-0.248349	0.049226	0.967419	-0.327096	0.935785	-0.131586	-0.911774	-0.349118	-0.216299
45201	9.425863	-1.124953	-2.006517	-0.208845	-0.367602	-0.084629	-0.251418	0.047125	0.966731	-0.325419	0.936551	-0.130286	-0.911532	-0.347349	-0.220131
45202	9.477211	-0.979507	-1.893425	-0.241783	-0.359409	-0.080747	-0.254406	0.045080	0.966046	-0.323404	0.937439	-0.128913	-0.911421	-0.345220	-0.223911
45203	9.465348	-1.086892	-1.757724	-0.287234	-0.355785	-0.081968	-0.257379	0.043059	0.965351	-0.321012	0.938461	-0.127447	-0.911431	-0.342692	-0.227718
45204	9.432857	-1.313311	-1.811564	-0.315690	-0.365646	-0.083704	-0.260418	0.040982	0.964626	-0.318336	0.939586	-0.125858	-0.911507	-0.339851	-0.231639
45205	9.523064	-1.325770	-1.939636	-0.326130	-0.364262	-0.094058	-0.263435	0.038836	0.963895	-0.315626	0.940725	-0.124164	-0.911582	-0.336939	-0.235562
45206	9.398862	-1.456243	-2.080904	-0.327734	-0.351286	-0.094972	-0.266313	0.036721	0.963187	-0.312875	0.941872	-0.122416	-0.911694	-0.333958	-0.239344
45207	9.426895	-1.438634	-2.288019	-0.305076	-0.357598	-0.099743	-0.269257	0.034563	0.962448	-0.310378	0.942920	-0.120694	-0.911683	-0.331220	-0.243161
45208	9.440553	-1.265543	-2.512257	-0.288869	-0.333948	-0.094932	-0.271983	0.032524	0.961752	-0.307989	0.943916	-0.119020	-0.911684	-0.328580	-0.246711
45209	9.327043	-1.223140	-2.605559	-0.285739	-0.318001	-0.089500	-0.274602	0.030609	0.961071	-0.305645	0.944877	-0.117424	-0.911688	-0.325991	-0.250110
45210	9.387442	-1.086160	-2.777548	-0.265944	-0.309657	-0.088117	-0.277132	0.028730	0.960402	-0.303452	0.945777	-0.115856	-0.911655	-0.323543	-0.253387
45211	9.433079	-0.912581	-2.855120	-0.275955	-0.297416	-0.090586	-0.279564	0.026885	0.959750	-0.301205	0.946689	-0.114257	-0.911657	-0.321024	-0.256563
45212	9.430639	-1.032835	-2.947439	-0.287229	-0.285626	-0.091258	-0.281870	0.025066	0.959125	-0.298830	0.947642	-0.112587	-0.911729	-0.318350	-0.259621
45213	9.525127	-0.895025	-2.975893	-0.272037	-0.277321	-0.088948	-0.284129	0.023314	0.958503	-0.296619	0.948524	-0.110998	-0.911750	-0.315847	-0.262588
45214	9.625208	-0.948059	-3.070478	-0.277799	-0.246098	-0.090100	-0.286083	0.021643	0.957960	-0.294328	0.949428	-0.109348	-0.911881	-0.313238	-0.265245
45215	9.521723	-0.983581	-3.019300	-0.263966	-0.211618	-0.076761	-0.287783	0.020225	0.957482	-0.292159	0.950265	-0.107884	-0.912044	-0.310784	-0.267561
45216	9.493603	-0.915843	-3.025902	-0.233345	-0.203075	-0.071371	-0.289404	0.018875	0.957021	-0.290221	0.951013	-0.106520	-0.912150	-0.308575	-0.269749
45217	9.462369	-0.827575	-2.918154	-0.237152	-0.182470	-0.069412	-0.290863	0.017624	0.956602	-0.288277	0.951752	-0.105188	-0.912302	-0.306361	-0.271749
45218	9.522759	-0.855912	-2.742350	-0.244102	-0.185322	-0.070280	-0.292330	0.016347	0.956178	-0.286238	0.952520	-0.103795	-0.912475	-0.304037	-0.273771
45219	9.637905	-0.949122	-2.574904	-0.262874	-0.183757	-0.073680	-0.293792	0.015059	0.955751	-0.284072	0.953325	-0.102343	-0.912682	-0.301570	-0.275802
45220	9.615832	-0.962376	-2.347180	-0.269545	-0.184867	-0.080606	-0.295229	0.013692	0.955328	-0.281833	0.954157	-0.100772	-0.912913	-0.298994	-0.277836
45221	9.539280	-1.006911	-2.242779	-0.280087	-0.192360	-0.082002	-0.296751	0.012307	0.954876	-0.279536	0.954999	-0.099182	-0.913126	-0.296354	-0.279956
45222	9.447565	-0.890392	-1.919802	-0.312385	-0.205200	-0.084847	-0.298366	0.010850	0.954390	-0.276920	0.955940	-0.097439	-0.913396	-0.293362	-0.282215
45223	9.385927	-1.125294	-1.700541	-0.347656	-0.228238	-0.091646	-0.300195	0.009278	0.953833	-0.274036	0.956961	-0.095554	-0.913667	-0.290069	-0.284732
45224	9.328989	-1.386856	-1.539075	-0.352650	-0.261290	-0.106878	-0.302268	0.007460	0.953194	-0.271122	0.957996	-0.093473	-0.913853	-0.286686	-0.287549
45225	9.265818	-1.552506	-1.440219	-0.364312	-0.288429	-0.130254	-0.304549	0.005360	0.952482	-0.268205	0.959040	-0.091153	-0.913956	-0.283221	-0.290637
45226	9.279157	-1.725280	-1.359074	-0.368956	-0.328552	-0.149457	-0.307129	0.002963	0.951663	-0.265283	0.960091	-0.088604	-0.913946	-0.279672	-0.294086
45227	9.323404	-1.645627	-1.180356	-0.378231	-0.372003	-0.173547	-0.310067	0.000233	0.950715	-0.262379	0.961142	-0.085808	-0.913792	-0.276054	-0.297957
45228	9.345563	-1.649179	-0.956790	-0.403478	-0.430650	-0.200143	-0.313455	-0.002907	0.949599	-0.259316	0.962249	-0.082652	-0.913510	-0.272154	-0.302376
45229	9.408941	-1.685583	-0.886709	-0.412634	-0.485075	-0.221225	-0.317311	-0.006377	0.948300	-0.256263	0.963351	-0.079270	-0.913040	-0.268167	-0.307316
45230	9.443076	-1.460199	-0.944313	-0.432927	-0.529683	-0.241503	-0.321505	-0.010145	0.946854	-0.253090	0.964484	-0.075602	-0.912458	-0.263946	-0.312654
45231	9.309275	-1.170493	-0.995994	-0.484768	-0.563088	-0.263536	-0.325975	-0.014192	0.945272	-0.249539	0.965717	-0.071555	-0.911850	-0.259208	-0.318341
45232	9.276588	-0.956855	-1.239406	-0.554310	-0.630916	-0.285252	-0.330993	-0.018594	0.943450	-0.245437	0.967091	-0.067047	-0.911156	-0.253750	-0.324664
45233	9.257511	-0.687477	-1.388302	-0.623229	-0.681635	-0.304896	-0.336456	-0.023284	0.941411	-0.240797	0.968587	-0.062104	-0.910392	-0.247584	-0.331494
45234	9.334122	-0.464828	-1.677589	-0.714657	-0.743036	-0.331841	-0.342399	-0.028340	0.939127	-0.235437	0.970243	-0.056559	-0.909578	-0.240471	-0.338883
45235	9.480510	-0.300813	-1.897498	-0.805540	-0.791397	-0.349541	-0.348779	-0.033636	0.936601	-0.229340	0.972036	-0.050495	-0.908711	-0.232411	-0.346740
45236	9.570352	-0.340701	-2.369471	-0.916397	-0.824521	-0.348216	-0.355452	-0.038928	0.933883	-0.222260	0.973994	-0.043996	-0.907884	-0.223203	-0.354861
45237	9.813423	-0.629394	-2.524447	-1.050856	-0.803463	-0.320083	-0.362044	-0.043830	0.931130	-0.213890	0.976149	-0.037216	-0.907290	-0.212633	-0.362784
45238	10.026371	-0.147857	-1.339967	-1.031186	-0.791446	-0.334764	-0.368490	-0.048768	0.928352	-0.205780	0.978129	-0.030297	-0.906570	-0.202200	-0.370466
45239	10.157556	0.635502	-2.548860	-0.952983	-0.911428	-0.387078	-0.375961	-0.054385	0.925038	-0.198608	0.979806	-0.023114	-0.905101	-0.192410	-0.379171
45240	10.142326	0.447035	-2.836207	-1.018305	-0.873579	-0.428164	-0.382997	-0.060244	0.921783	-0.191041	0.981464	-0.015232	-0.903779	-0.181932	-0.387407
45241	9.652080	-0.192521	-2.422605	-0.948673	-0.885414	-0.453302	-0.390140	-0.066294	0.918366	-0.184247	0.982853	-0.007323	-0.902133	-0.172063	-0.395665
45242	9.831921	-0.767649	-3.054971	-0.893473	-0.959997	-0.495509	-0.397861	-0.072798	0.914553	-0.178166	0.984000	0.000818	-0.899980	-0.162617	-0.404465
45243	10.220805	-1.415304	-3.295920	-0.788949	-1.004701	-0.532892	-0.405952	-0.079665	0.910416	-0.173238	0.984839	0.008931	-0.897325	-0.154094	-0.413599
45244	10.343488	-1.692829	-3.529879	-0.697921	-1.030287	-0.529142	-0.414243	-0.086448	0.906052	-0.169181	0.985444	0.016674	-0.894304	-0.146380	-0.422839
45245	10.229969	-1.440805	-4.171350	-0.601422	-1.028913	-0.505804	-0.422579	-0.092935	0.901549	-0.165950	0.985846	0.023839	-0.891004	-0.139538	-0.432021
45246	10.129468	-0.531124	-4.031328	-0.569244	-1.002666	-0.487874	-0.430660	-0.099131	0.897053	-0.163004	0.986147	0.030721	-0.887672	-0.132993	-0.440853
45247	9.994834	0.221783	-3.712126	-0.596764	-0.979183	-0.479745	-0.438561	-0.105161	0.892528	-0.159823	0.986426	0.037693	-0.884376	-0.126116	-0.449415
45248	9.786485	0.526274	-3.394353	-0.653594	-0.956471	-0.500973	-0.446178	-0.111293	0.887997	-0.156308	0.986677	0.045124	-0.881188	-0.118668	-0.457630
45249	9.502560	0.546822	-3.248658	-0.659512	-0.958913	-0.537746	-0.453780	-0.117731	0.883302	-0.152948	0.986814	0.052953	-0.877890	-0.111071	-0.465803
45250	9.298233	0.394267	-3.233385	-0.623077	-0.974531	-0.576157	-0.461409	-0.124483	0.878411	-0.150165	0.986780	0.060962	-0.874387	-0.103778	-0.474002
