// General information: 
//  MT Manager version: 2022.2.0 
//  XDA version: 2022.2.0 build 7381 rev 124627 built on 2023-07-19
// Device information: 
//  DeviceId: 00B4CBA7
//  ProductCode: MTW2-3A7G6
//  Firmware Version: 4.6.0
//  Hardware Version: 2.0.0
// Device settings: 
//  Filter Profile: human(46.1)
//  Option Flags: Orientation Smoother Disabled, Position/Velocity Smoother Disabled, Continuous Zero Rotation Update Disabled, AHS Disabled, ICC Disabled
// Coordinate system: ENU
PacketCounter	Acc_X	Acc_Y	Acc_Z	Gyr_X	Gyr_Y	Gyr_Z	Mat[1][1]	Mat[2][1]	Mat[3][1]	Mat[1][2]	Mat[2][2]	Mat[3][2]	Mat[1][3]	Mat[2][3]	Mat[3][3]
60200	9.794886	-0.947959	-0.590569	0.097241	0.064313	0.135927	0.056737	-0.059686	0.996603	0.451036	-0.889010	-0.078920	0.890700	0.453982	-0.023519
60201	9.881248	-0.847461	-0.684006	0.109734	0.076737	0.137797	0.056648	-0.061218	0.996516	0.451937	-0.888431	-0.080268	0.890250	0.454909	-0.022661
60202	9.822105	-0.645819	-0.670031	0.094863	0.092670	0.136966	0.056444	-0.062787	0.996430	0.452703	-0.887920	-0.081593	0.889873	0.455693	-0.021694
60203	9.749235	-0.639155	-0.734571	0.056460	0.109891	0.136664	0.056057	-0.064459	0.996345	0.453130	-0.887580	-0.082917	0.889680	0.456122	-0.020547
60204	9.599093	-0.681366	-0.744347	0.036887	0.127669	0.131214	0.055519	-0.066136	0.996265	0.453385	-0.887332	-0.084170	0.889584	0.456365	-0.019279
60205	9.280213	-0.697028	-0.717876	0.026753	0.146026	0.134831	0.054803	-0.067957	0.996182	0.453550	-0.887123	-0.085468	0.889544	0.456502	-0.017796
60206	9.195429	-0.777111	-0.688202	0.029933	0.156130	0.144516	0.054073	-0.069881	0.996089	0.453737	-0.886893	-0.086851	0.889494	0.456659	-0.016250
60207	9.367193	-0.846443	-0.584171	0.059968	0.162140	0.151018	0.053289	-0.071919	0.995986	0.454191	-0.886516	-0.088315	0.889309	0.457074	-0.014577
60208	9.687114	-0.965027	-0.246543	0.074548	0.177896	0.170069	0.052484	-0.074169	0.995864	0.454763	-0.886058	-0.089958	0.889065	0.457603	-0.012775
60209	9.939370	-1.092118	-0.301128	0.159475	0.195767	0.196211	0.051610	-0.076762	0.995713	0.456079	-0.885183	-0.091880	0.888441	0.458866	-0.010675
60210	9.826640	-0.436585	-0.309547	0.192764	0.200931	0.206260	0.050772	-0.079440	0.995546	0.457685	-0.884143	-0.093891	0.887664	0.460413	-0.008531
60211	9.761822	-0.186876	-0.341899	0.107671	0.201994	0.198224	0.049859	-0.082081	0.995378	0.458542	-0.883492	-0.095823	0.887273	0.461200	-0.006412
60212	9.773957	-0.453402	-0.064927	0.039420	0.209430	0.201383	0.048928	-0.084754	0.995200	0.458791	-0.883149	-0.097767	0.887196	0.461372	-0.004326
60213	9.872240	-0.905230	0.063138	0.040648	0.203442	0.204547	0.048034	-0.087457	0.995010	0.459053	-0.882791	-0.099754	0.887109	0.461554	-0.002256
60214	9.969134	-1.180924	0.092498	0.088428	0.204582	0.207137	0.047173	-0.090158	0.994810	0.459737	-0.882206	-0.101754	0.886801	0.462151	-0.000168
60215	9.958345	-1.147986	0.058414	0.151789	0.193800	0.201534	0.046355	-0.092791	0.994606	0.460990	-0.881325	-0.103707	0.886194	0.463310	0.001922
60216	9.803524	-0.996755	0.103547	0.161868	0.187490	0.197443	0.045608	-0.095329	0.994401	0.462331	-0.880396	-0.105604	0.885534	0.464559	0.003921
60217	9.772810	-1.000936	0.183873	0.156884	0.172186	0.195450	0.044960	-0.097808	0.994189	0.463632	-0.879483	-0.107490	0.884886	0.465771	0.005806
60218	9.808494	-0.868016	0.201616	0.146252	0.160613	0.193785	0.044440	-0.100190	0.993975	0.464838	-0.878618	-0.109345	0.884280	0.466897	0.007526
60219	9.726609	-0.724825	0.296578	0.102971	0.150819	0.191472	0.043969	-0.102535	0.993757	0.465665	-0.877948	-0.111189	0.883868	0.467646	0.009144
60220	9.565273	-0.698217	0.459328	0.030846	0.134136	0.185659	0.043649	-0.104722	0.993543	0.465854	-0.877621	-0.112969	0.883784	0.467777	0.010478
60221	9.494530	-0.977041	0.798014	-0.040576	0.111598	0.177354	0.043460	-0.106759	0.993335	0.465419	-0.877629	-0.114686	0.884023	0.467301	0.011546
60222	9.463933	-1.246766	0.837692	-0.077605	0.088224	0.172461	0.043480	-0.108614	0.993133	0.464656	-0.877815	-0.116345	0.884423	0.466524	0.012301
60223	9.525498	-1.347724	0.777600	-0.117055	0.061940	0.175798	0.043719	-0.110404	0.992925	0.463545	-0.878174	-0.118055	0.884994	0.465427	0.012784
60224	9.610844	-1.246332	0.850872	-0.172811	0.034089	0.163151	0.044169	-0.111927	0.992734	0.461942	-0.878804	-0.119635	0.885810	0.463869	0.012888
60225	9.734996	-1.299637	0.704362	-0.242052	0.018757	0.148478	0.044659	-0.113278	0.992559	0.459731	-0.879764	-0.121090	0.886935	0.461718	0.012788
60226	9.807105	-1.564158	0.271011	-0.291601	0.018343	0.127898	0.045077	-0.114421	0.992409	0.457084	-0.880970	-0.122334	0.888280	0.459129	0.012588
60227	9.725504	-1.744745	-0.080146	-0.314486	0.023616	0.102338	0.045306	-0.115390	0.992287	0.454243	-0.882298	-0.123340	0.889725	0.456327	0.012442
60228	9.690751	-1.983024	-0.238738	-0.296607	0.022523	0.077429	0.045452	-0.116110	0.992196	0.451566	-0.883568	-0.124084	0.891080	0.453681	0.012271
60229	9.576546	-2.085770	-0.193693	-0.259723	0.030283	0.057952	0.045415	-0.116717	0.992126	0.449224	-0.884682	-0.124641	0.892264	0.451348	0.012254
60230	9.603529	-2.169446	0.070318	-0.214088	0.023469	0.035958	0.045365	-0.117076	0.992086	0.447295	-0.885613	-0.124965	0.893235	0.449424	0.012192
60231	10.027378	-2.406350	0.148601	-0.141600	0.022861	0.017377	0.045210	-0.117291	0.992068	0.446023	-0.886235	-0.125105	0.893879	0.448141	0.012248
60232	10.471137	-2.470415	-0.289548	-0.007137	0.032112	0.009377	0.044964	-0.117456	0.992060	0.445953	-0.886265	-0.125143	0.893926	0.448039	0.012530
60233	10.403930	-1.786139	-1.003663	0.104717	0.062146	0.000499	0.044383	-0.117697	0.992057	0.446889	-0.885801	-0.125084	0.893488	0.448891	0.013283
60234	9.784440	-0.767521	-1.333549	0.086283	0.094909	-0.014329	0.043473	-0.117936	0.992069	0.447664	-0.885439	-0.124876	0.893144	0.449543	0.014303
60235	9.650202	-0.504578	-1.137205	-0.024530	0.106561	-0.019416	0.042406	-0.118201	0.992084	0.447454	-0.885579	-0.124638	0.893301	0.449197	0.015335
60236	10.045230	-0.988453	-1.018847	-0.096641	0.131506	-0.030763	0.041097	-0.118455	0.992109	0.446601	-0.886058	-0.124293	0.893789	0.448185	0.016487
60237	10.237238	-1.298363	-0.878184	-0.136258	0.187744	-0.035434	0.039233	-0.118939	0.992126	0.445398	-0.886716	-0.123915	0.894473	0.446752	0.018187
60238	10.060571	-1.069266	-0.587022	-0.193975	0.208338	-0.062513	0.037096	-0.119248	0.992171	0.443683	-0.887665	-0.123276	0.895416	0.444782	0.019979
60239	9.560518	-0.753056	-0.000986	-0.302680	0.209671	-0.084249	0.034817	-0.119387	0.992237	0.441001	-0.889114	-0.122454	0.896831	0.441841	0.021693
60240	9.335728	-0.938532	0.557270	-0.403389	0.191598	-0.101999	0.032656	-0.119256	0.992326	0.437411	-0.891019	-0.121475	0.898669	0.438021	0.023067
60241	9.257197	-1.482459	1.318676	-0.436134	0.138485	-0.109040	0.030908	-0.118845	0.992432	0.433522	-0.893057	-0.120446	0.900613	0.433964	0.023919
60242	9.172651	-2.216324	1.794481	-0.364226	0.082130	-0.113618	0.029682	-0.118119	0.992556	0.430270	-0.894775	-0.119349	0.902212	0.430610	0.024265
60243	9.090072	-2.438415	1.625389	-0.162835	0.034877	-0.097755	0.028920	-0.117351	0.992669	0.428829	-0.895597	-0.118369	0.902922	0.429109	0.024423
60244	8.905581	-1.710129	1.653571	-0.012879	-0.008840	-0.074417	0.028683	-0.116586	0.992766	0.428732	-0.895748	-0.117579	0.902976	0.429003	0.024291
60245	9.139387	-1.132066	1.524950	0.004669	-0.064511	-0.058679	0.028987	-0.115741	0.992856	0.428791	-0.895802	-0.116946	0.902939	0.429118	0.023662
60246	9.443062	-0.921949	1.074816	-0.035576	-0.074881	-0.047698	0.029459	-0.114934	0.992936	0.428481	-0.896018	-0.116428	0.903070	0.428884	0.022852
60247	9.637693	-0.857961	0.639750	-0.078483	-0.092927	-0.055195	0.030035	-0.113999	0.993027	0.427789	-0.896424	-0.115848	0.903380	0.428285	0.021843
60248	9.672358	-1.028257	0.389656	-0.117166	-0.098688	-0.057890	0.030677	-0.112999	0.993121	0.426745	-0.896999	-0.115244	0.903851	0.427345	0.020705
60249	9.612641	-1.227548	0.196261	-0.119283	-0.108060	-0.058268	0.031379	-0.111973	0.993216	0.425685	-0.897580	-0.114640	0.904327	0.426394	0.019500
60250	9.692032	-1.300700	0.004496	-0.099531	-0.111355	-0.061419	0.032122	-0.110889	0.993314	0.424802	-0.898080	-0.113995	0.904716	0.425624	0.018258
60251	9.860276	-1.316694	-0.116628	-0.049603	-0.106650	-0.063543	0.032791	-0.109822	0.993410	0.424374	-0.898368	-0.113323	0.904893	0.425294	0.017147
60252	9.849154	-1.322106	-0.305539	-0.023729	-0.092527	-0.069585	0.033331	-0.108746	0.993511	0.424181	-0.898552	-0.112583	0.904964	0.425181	0.016179
60253	9.786525	-1.242483	-0.164573	-0.031410	-0.075587	-0.082349	0.033639	-0.107642	0.993620	0.423924	-0.898781	-0.111720	0.905073	0.424978	0.015398
60254	9.697766	-1.260091	-0.054410	-0.049415	-0.073846	-0.090990	0.033921	-0.106453	0.993739	0.423506	-0.899096	-0.110770	0.905258	0.424612	0.014586
60255	9.662078	-1.359543	0.097800	-0.050113	-0.072233	-0.098787	0.034130	-0.105215	0.993864	0.423086	-0.899419	-0.109746	0.905446	0.424235	0.013818
60256	9.677859	-1.325906	0.247232	-0.033819	-0.085341	-0.099151	0.034482	-0.103904	0.993989	0.422812	-0.899673	-0.108713	0.905561	0.424019	0.012909
60257	9.655786	-1.236899	0.425122	0.001300	-0.091580	-0.097866	0.034871	-0.102593	0.994112	0.422858	-0.899774	-0.107690	0.905525	0.424123	0.012006
60258	9.529678	-1.178061	0.461774	0.033019	-0.103556	-0.093855	0.035410	-0.101253	0.994230	0.423188	-0.899737	-0.106702	0.905350	0.424525	0.010989
60259	9.531710	-1.064459	0.314712	0.051206	-0.113641	-0.087460	0.036042	-0.099941	0.994340	0.423683	-0.899613	-0.105777	0.905093	0.425098	0.009919
60260	9.584434	-0.994541	0.316222	0.060467	-0.121818	-0.088562	0.036767	-0.098570	0.994451	0.424261	-0.899450	-0.104840	0.904793	0.425761	0.008750
60261	9.738933	-1.018998	0.015666	0.081973	-0.119901	-0.078699	0.037490	-0.097309	0.994548	0.425032	-0.899184	-0.104000	0.904401	0.426614	0.007649
60262	9.892214	-0.889111	-0.335452	0.104714	-0.115279	-0.065696	0.038250	-0.096171	0.994630	0.426003	-0.898807	-0.103288	0.903913	0.427666	0.006589
60263	10.005708	-0.737181	-0.534632	0.089849	-0.103820	-0.074852	0.038843	-0.095011	0.994718	0.426844	-0.898499	-0.102488	0.903491	0.428570	0.005655
60264	10.055953	-0.699180	-0.720104	0.050364	-0.087408	-0.083130	0.039275	-0.093833	0.994813	0.427331	-0.898368	-0.101607	0.903242	0.429105	0.004814
60265	9.922644	-0.897092	-0.632540	-0.008079	-0.069726	-0.101260	0.039445	-0.092582	0.994923	0.427298	-0.898502	-0.100550	0.903250	0.429095	0.004118
60266	9.741933	-1.163371	-0.474491	-0.034251	-0.051110	-0.109765	0.039437	-0.091319	0.995040	0.427031	-0.898756	-0.099407	0.903377	0.428833	0.003551
60267	9.653071	-1.359613	-0.266979	-0.017978	-0.039165	-0.108369	0.039302	-0.090134	0.995154	0.426911	-0.898937	-0.098280	0.903439	0.428705	0.003150
60268	9.544097	-1.347281	-0.051073	0.025705	-0.028685	-0.110147	0.039090	-0.088964	0.995267	0.427185	-0.898932	-0.097131	0.903319	0.428960	0.002865
60269	9.569100	-1.115804	0.049821	0.063247	-0.018858	-0.096549	0.038821	-0.087973	0.995366	0.427795	-0.898751	-0.096119	0.903042	0.429544	0.002744
60270	9.564808	-0.872687	0.212848	0.090553	-0.018268	-0.093441	0.038585	-0.086999	0.995461	0.428647	-0.898449	-0.095135	0.902648	0.430372	0.002625
60271	9.617858	-0.705986	0.165952	0.086536	-0.020137	-0.083949	0.038380	-0.086115	0.995546	0.429461	-0.898154	-0.094247	0.902269	0.431165	0.002512
60272	9.574684	-0.512031	0.183901	0.079056	-0.029957	-0.075730	0.038324	-0.085250	0.995622	0.430202	-0.897884	-0.093441	0.901919	0.431899	0.002264
60273	9.633989	-0.465741	0.123207	0.058490	-0.037738	-0.069545	0.038338	-0.084420	0.995692	0.430756	-0.897695	-0.092697	0.901654	0.432455	0.001949
60274	9.736524	-0.470807	0.092243	0.044264	-0.040305	-0.060158	0.038440	-0.083649	0.995754	0.431177	-0.897560	-0.092045	0.901448	0.432884	0.001566
60275	9.748397	-0.547405	0.013547	0.018285	-0.040246	-0.055982	0.038534	-0.082930	0.995810	0.431364	-0.897532	-0.091438	0.901355	0.433080	0.001187
60276	9.765314	-0.671726	-0.091979	-0.004247	-0.036402	-0.050448	0.038642	-0.082262	0.995861	0.431344	-0.897598	-0.090882	0.901359	0.433071	0.000798
60277	9.695703	-0.727530	-0.135906	-0.023135	-0.045477	-0.045542	0.038829	-0.081614	0.995907	0.431154	-0.897740	-0.090379	0.901442	0.432899	0.000330
60278	9.752538	-0.843825	-0.205656	-0.036329	-0.032952	-0.041392	0.038944	-0.081042	0.995950	0.430842	-0.897937	-0.089914	0.901587	0.432598	-0.000053
60279	9.826505	-0.890131	-0.261321	-0.030439	-0.028061	-0.044142	0.038980	-0.080482	0.995994	0.430585	-0.898109	-0.089424	0.901708	0.432345	-0.000354
60280	9.877811	-0.926929	-0.425176	-0.025540	-0.013082	-0.042061	0.038915	-0.079989	0.996036	0.430370	-0.898259	-0.088952	0.901813	0.432126	-0.000530
60281	9.831718	-0.896523	-0.413929	-0.020754	0.003879	-0.044114	0.038663	-0.079567	0.996079	0.430201	-0.898389	-0.088462	0.901905	0.431934	-0.000504
60282	9.780754	-0.870555	-0.460900	-0.019307	0.010878	-0.043306	0.038377	-0.079167	0.996122	0.430043	-0.898512	-0.087977	0.901993	0.431751	-0.000437
60283	9.784358	-0.893334	-0.587810	-0.023853	0.027521	-0.044109	0.037912	-0.078847	0.996166	0.429845	-0.898654	-0.087488	0.902107	0.431513	-0.000178
60284	9.685009	-0.750038	-0.426312	-0.047272	0.043266	-0.050634	0.037303	-0.078520	0.996214	0.429435	-0.898904	-0.086931	0.902327	0.431052	0.000188
60285	9.715012	-0.769906	-0.151903	-0.070360	0.052884	-0.055245	0.036562	-0.078209	0.996266	0.428821	-0.899255	-0.086331	0.902649	0.430376	0.000659
60286	9.634852	-0.827122	-0.076087	-0.096670	0.054725	-0.052952	0.035840	-0.077910	0.996316	0.427965	-0.899718	-0.085751	0.903084	0.429462	0.001096
60287	9.561253	-0.753124	0.189435	-0.125301	0.044876	-0.052812	0.035182	-0.077584	0.996365	0.426852	-0.900301	-0.085176	0.903637	0.428297	0.001442
60288	9.563808	-0.801650	0.416204	-0.124070	0.030775	-0.049430	0.034693	-0.077212	0.996411	0.425746	-0.900876	-0.084633	0.904177	0.427154	0.001619
60289	9.678536	-0.889830	0.315121	-0.095544	0.025909	-0.043006	0.034249	-0.076892	0.996451	0.424897	-0.901321	-0.084156	0.904593	0.426272	0.001802
60290	9.685002	-0.740563	0.175783	-0.063247	0.018792	-0.033266	0.033936	-0.076614	0.996483	0.424336	-0.901622	-0.083772	0.904869	0.425686	0.001913
60291	9.658489	-0.520867	0.104190	-0.050041	0.014865	-0.027067	0.033660	-0.076391	0.996510	0.423892	-0.901860	-0.083453	0.905087	0.425222	0.002025
60292	9.696237	-0.455613	-0.082354	-0.078676	0.013367	-0.027086	0.033421	-0.076145	0.996536	0.423188	-0.902220	-0.083131	0.905425	0.424500	0.002071
60293	9.726428	-0.548462	-0.106830	-0.131760	0.029144	-0.028700	0.033009	-0.075967	0.996564	0.422004	-0.902805	-0.082798	0.905993	0.423287	0.002257
60294	9.681216	-0.847949	-0.031277	-0.151076	0.032113	-0.030047	0.032589	-0.075772	0.996592	0.420644	-0.903472	-0.082448	0.906640	0.421897	0.002430
60295	9.622221	-1.159119	-0.134742	-0.149875	0.038939	-0.026977	0.032096	-0.075650	0.996618	0.419293	-0.904128	-0.082133	0.907283	0.420511	0.002700
60296	9.675676	-1.068863	-0.162218	-0.150206	0.040746	-0.028893	0.031603	-0.075501	0.996645	0.417938	-0.904786	-0.081795	0.907926	0.419121	0.002961
60297	9.805609	-0.985612	-0.074643	-0.167491	0.040329	-0.040252	0.031043	-0.075262	0.996680	0.416430	-0.905521	-0.081349	0.908638	0.417573	0.003232
60298	9.813321	-1.049037	0.001396	-0.185772	0.045600	-0.057201	0.030388	-0.074876	0.996730	0.414757	-0.906344	-0.080731	0.909425	0.415854	0.003513
60299	9.743377	-1.115790	-0.016337	-0.194298	0.051536	-0.069416	0.029606	-0.074418	0.996788	0.413010	-0.907206	-0.079997	0.910245	0.414052	0.003876
60300	9.846380	-1.180407	-0.107054	-0.165173	0.053102	-0.084442	0.028773	-0.073813	0.996857	0.411530	-0.907957	-0.079108	0.910942	0.412512	0.004252
60301	9.823945	-1.172857	-0.191335	-0.118238	0.061639	-0.088579	0.027821	-0.073219	0.996928	0.410477	-0.908513	-0.078181	0.911446	0.411391	0.004779
60302	9.864851	-1.057293	-0.205139	-0.102186	0.060979	-0.105641	0.026831	-0.072454	0.997011	0.409572	-0.909016	-0.077081	0.911883	0.410416	0.005285
60303	9.890978	-1.032767	-0.132865	-0.107928	0.057962	-0.109476	0.025828	-0.071653	0.997095	0.408616	-0.909541	-0.075946	0.912341	0.409391	0.005786
60304	9.803151	-1.189136	-0.123647	-0.115774	0.049466	-0.132545	0.024836	-0.070593	0.997196	0.407591	-0.910114	-0.074579	0.912827	0.408301	0.006169
60305	9.835835	-1.305406	-0.026012	-0.080128	0.041886	-0.150463	0.023815	-0.069351	0.997308	0.406896	-0.910550	-0.073034	0.913164	0.407540	0.006534
60306	9.815906	-1.349016	0.111905	-0.021352	0.039799	-0.159590	0.022803	-0.068004	0.997424	0.406738	-0.910751	-0.071393	0.913260	0.407318	0.006892
60307	9.715456	-1.523779	-0.036519	0.145824	0.040032	-0.162818	0.021748	-0.066642	0.997540	0.408105	-0.910270	-0.069709	0.912676	0.408617	0.007400
60308	9.695989	-1.124143	0.030928	0.117368	0.035883	-0.169572	0.020729	-0.065192	0.997657	0.409209	-0.909906	-0.067960	0.912205	0.409659	0.007816
60309	9.744971	-0.959552	0.014754	0.141503	0.037226	-0.180563	0.019623	-0.063659	0.997779	0.410536	-0.909446	-0.066097	0.911633	0.410921	0.008288
60310	9.792126	-0.806362	0.019048	0.134162	0.035177	-0.193704	0.018507	-0.061990	0.997905	0.411793	-0.909020	-0.064105	0.911089	0.412117	0.008704
60311	9.760582	-0.594643	-0.004908	0.109708	0.036973	-0.210060	0.017278	-0.060190	0.998037	0.412830	-0.908699	-0.061949	0.910644	0.413090	0.009147
60312	9.807910	-0.535783	0.053835	0.077257	0.034845	-0.217861	0.016062	-0.058302	0.998170	0.413567	-0.908513	-0.059720	0.910332	0.413769	0.009520
60313	9.805076	-0.627404	0.074518	0.052503	0.036689	-0.221380	0.014786	-0.056400	0.998299	0.414078	-0.908426	-0.057455	0.910121	0.414223	0.009922
60314	9.723110	-0.784948	0.164564	0.081526	0.032374	-0.219386	0.013582	-0.054489	0.998422	0.414851	-0.908213	-0.055209	0.909788	0.414946	0.010269
60315	9.683793	-0.949047	0.081681	0.126007	0.019133	-0.216927	0.012481	-0.052555	0.998540	0.416024	-0.907809	-0.052980	0.909268	0.416078	0.010534
60316	9.639046	-0.815447	0.120396	0.136603	0.005192	-0.223120	0.011504	-0.050501	0.998658	0.417291	-0.907358	-0.050691	0.908700	0.417314	0.010635
60317	9.792312	-0.647834	0.132084	0.123156	-0.006622	-0.239590	0.010537	-0.048257	0.998779	0.418435	-0.906965	-0.048235	0.908186	0.418432	0.010636
60318	9.812215	-0.461310	0.230003	0.126277	-0.020435	-0.252434	0.009665	-0.045831	0.998902	0.419606	-0.906557	-0.045654	0.907655	0.419587	0.010469
60319	9.746147	-0.457062	0.353970	0.126140	-0.033664	-0.258467	0.008858	-0.043304	0.999023	0.420774	-0.906146	-0.043009	0.907122	0.420743	0.010194
60320	9.579625	-0.421693	0.461642	0.152846	-0.043272	-0.252419	0.008186	-0.040785	0.999134	0.422179	-0.905611	-0.040426	0.906476	0.422144	0.009805
60321	9.446729	-0.305346	0.589811	0.173190	-0.070902	-0.244888	0.007767	-0.038225	0.999239	0.423767	-0.904978	-0.037913	0.905738	0.423739	0.009170
60322	9.410817	-0.169421	0.817080	0.172927	-0.102951	-0.239585	0.007680	-0.035571	0.999338	0.425348	-0.904335	-0.035458	0.904997	0.425339	0.008185
60323	9.382876	-0.080273	1.013528	0.154171	-0.140297	-0.231787	0.007935	-0.032835	0.999429	0.426760	-0.903760	-0.033080	0.904330	0.426779	0.006841
60324	9.307387	0.075072	1.384495	0.121292	-0.191498	-0.226782	0.008693	-0.029918	0.999515	0.427874	-0.903315	-0.030760	0.903796	0.427934	0.004948
60325	9.167601	0.107999	1.874421	0.082752	-0.253901	-0.212424	0.010051	-0.026869	0.999588	0.428641	-0.903023	-0.028584	0.903419	0.428752	0.002441
60326	9.013912	0.095171	2.473554	0.068333	-0.333668	-0.197874	0.012208	-0.023603	0.999647	0.429279	-0.902781	-0.026558	0.903089	0.429452	-0.000889
60327	9.083365	0.004791	3.083972	0.069401	-0.441774	-0.180048	0.015396	-0.020036	0.999681	0.429930	-0.902524	-0.024710	0.902731	0.430173	-0.005282
60328	9.252691	-0.488928	3.197753	0.105886	-0.518766	-0.156497	0.019390	-0.016343	0.999678	0.430912	-0.902098	-0.023106	0.902185	0.431222	-0.010449
60329	9.517899	-1.073702	2.632064	0.257976	-0.575509	-0.122784	0.024021	-0.012705	0.999631	0.433264	-0.901002	-0.021862	0.900947	0.433630	-0.016138
60330	9.905292	-1.170689	1.559215	0.506641	-0.606941	-0.068482	0.029163	-0.009401	0.999530	0.437842	-0.898802	-0.021228	0.898579	0.438255	-0.022096
60331	10.344986	-0.589350	0.735331	0.595404	-0.626990	-0.006380	0.034733	-0.006536	0.999375	0.443186	-0.896178	-0.021264	0.895757	0.443647	-0.028230
60332	10.662328	0.380074	-0.129659	0.593804	-0.664193	0.026899	0.040769	-0.003773	0.999161	0.448487	-0.893527	-0.021674	0.892859	0.448994	-0.034736
60333	10.935180	1.422155	-0.601869	0.400589	-0.663841	0.008465	0.046700	-0.000814	0.998909	0.452056	-0.891722	-0.021861	0.890766	0.452584	-0.041275
60334	10.901559	1.724513	-0.592559	0.049042	-0.632274	-0.042864	0.052112	0.002472	0.998638	0.452515	-0.891500	-0.021406	0.890233	0.453015	-0.047576
60335	10.676641	1.155090	-0.358357	-0.262424	-0.599816	-0.071151	0.057105	0.005859	0.998351	0.450218	-0.892683	-0.020513	0.891091	0.450647	-0.053614
60336	10.833478	0.331100	0.007800	-0.445592	-0.580404	-0.096799	0.061821	0.009373	0.998043	0.446303	-0.894675	-0.019243	0.892744	0.446619	-0.059493
60337	11.278144	0.552011	-0.286768	-0.395135	-0.567993	-0.134121	0.066272	0.013143	0.997715	0.442860	-0.896418	-0.017608	0.894138	0.443015	-0.065228
60338	10.959797	-0.481232	-0.933477	-0.385985	-0.549150	-0.177068	0.070377	0.017200	0.997372	0.439530	-0.898094	-0.015526	0.895467	0.439467	-0.070765
60339	10.445744	-1.293957	-1.563142	-0.230318	-0.560867	-0.172559	0.074617	0.021252	0.996986	0.437594	-0.899070	-0.013586	0.896071	0.437288	-0.076385
60340	10.280287	-1.355421	-2.027904	0.039184	-0.586206	-0.143271	0.079214	0.025149	0.996540	0.438057	-0.898865	-0.012137	0.895450	0.437503	-0.082219
60341	10.230207	-0.824344	-1.591029	0.168312	-0.616059	-0.126229	0.084146	0.029025	0.996031	0.439669	-0.898093	-0.010973	0.894209	0.438847	-0.088332
60342	10.528695	0.012397	-0.948132	0.080130	-0.619925	-0.125490	0.089111	0.032917	0.995478	0.440497	-0.897701	-0.009747	0.893321	0.439374	-0.094495
60343	10.958357	-0.194676	-0.072871	-0.175975	-0.602267	-0.168708	0.093722	0.037116	0.994906	0.439082	-0.898413	-0.007847	0.893545	0.437581	-0.100498
60344	11.149102	-1.258761	0.603746	-0.342766	-0.600613	-0.225629	0.098080	0.041806	0.994300	0.436238	-0.899816	-0.005198	0.894470	0.434261	-0.106491
60345	10.977629	-2.220214	1.361159	-0.342216	-0.630635	-0.260577	0.102563	0.046923	0.993619	0.433440	-0.901180	-0.002183	0.895327	0.430898	-0.112766
60346	10.713853	-2.821220	1.908602	-0.216546	-0.683744	-0.266819	0.107505	0.052305	0.992828	0.431785	-0.901976	0.000764	0.895547	0.428606	-0.119551
60347	10.006878	-3.060386	2.119596	0.016456	-0.752114	-0.262404	0.113076	0.057937	0.991896	0.432226	-0.901759	0.003398	0.894648	0.428339	-0.127009
60348	8.632350	-2.593546	1.667492	0.345432	-0.822309	-0.242626	0.119340	0.063685	0.990809	0.435599	-0.900125	0.005389	0.892195	0.430952	-0.135162
60349	8.524939	-2.758271	-0.529599	0.640675	-0.878819	-0.184459	0.126327	0.069195	0.989572	0.441534	-0.897222	0.006372	0.888307	0.436125	-0.143896
60350	9.423503	-1.661769	-1.923450	0.778586	-0.869201	-0.075471	0.133661	0.073711	0.988282	0.448535	-0.893745	0.005997	0.883714	0.442478	-0.152521
60351	10.168182	-0.294906	-2.174540	0.648423	-0.844407	0.028007	0.141205	0.077261	0.986961	0.454219	-0.890877	0.004754	0.879628	0.447625	-0.160890
60352	10.066751	0.779728	-2.287732	0.432537	-0.828804	0.102056	0.148917	0.080096	0.985600	0.457875	-0.889011	0.003065	0.876455	0.450825	-0.169063
60353	9.713446	1.608448	-2.416356	0.145629	-0.825618	0.141991	0.156768	0.082601	0.984175	0.458939	-0.888466	0.001464	0.874528	0.451447	-0.177192
60354	9.252021	1.585794	-2.396795	-0.163776	-0.773087	0.165483	0.164255	0.084636	0.982780	0.457248	-0.889339	0.000167	0.874039	0.449347	-0.184778
60355	8.748865	0.985087	-2.761730	-0.344447	-0.709633	0.212856	0.171401	0.085958	0.981444	0.453887	-0.891058	-0.001225	0.874419	0.445675	-0.191743
60356	8.461136	0.682822	-3.272372	-0.330025	-0.642402	0.275182	0.178234	0.086383	0.980189	0.450527	-0.892757	-0.003245	0.874790	0.442180	-0.198038
60357	8.198872	1.134521	-3.152710	-0.284605	-0.528804	0.320525	0.184273	0.085892	0.979115	0.447463	-0.894284	-0.005764	0.875111	0.439180	-0.203225
60358	8.364319	1.495979	-2.033265	-0.329127	-0.346459	0.312142	0.188670	0.084644	0.978386	0.444008	-0.895986	-0.008106	0.875934	0.435940	-0.206628
60359	8.658182	-0.927897	-1.118701	-0.309186	-0.075247	0.288748	0.190580	0.082424	0.978205	0.440758	-0.897567	-0.010242	0.877161	0.433104	-0.207387
60360	8.505771	-5.349490	-0.801877	0.062476	0.242425	0.351040	0.189972	0.078254	0.978666	0.440647	-0.897575	-0.013766	0.877349	0.433861	-0.204997
60361	8.059955	-7.633522	-0.471961	1.031278	0.459179	0.453813	0.187943	0.072218	0.979521	0.448826	-0.893390	-0.020250	0.873632	0.443440	-0.200320
60362	8.316249	-7.284063	-0.554712	2.266397	0.634986	0.555684	0.184946	0.064418	0.980635	0.467495	-0.883482	-0.030133	0.864433	0.464015	-0.193512
60363	7.979722	-4.547783	-0.192318	3.272573	0.804747	0.554428	0.180684	0.055751	0.981960	0.494547	-0.868149	-0.041710	0.850162	0.493162	-0.184432
60364	7.314168	-1.150624	0.874500	3.346308	0.831838	0.426853	0.175823	0.047861	0.983258	0.521986	-0.851374	-0.051899	0.834636	0.522372	-0.174673
60365	9.910643	0.681548	-0.733862	3.148715	0.972535	0.240512	0.169033	0.040660	0.984771	0.547623	-0.834604	-0.059538	0.819474	0.549347	-0.163342
60366	10.948117	1.507178	-0.578425	2.416313	1.187123	-0.004153	0.159321	0.034053	0.986639	0.567300	-0.821077	-0.063268	0.807953	0.569800	-0.150133
60367	11.103772	1.505970	-0.040483	1.611983	1.353933	-0.230847	0.147071	0.028168	0.988725	0.580626	-0.811710	-0.063242	0.800776	0.583381	-0.135734
60368	10.977489	0.578876	0.306044	0.825834	1.455989	-0.368171	0.133246	0.022605	0.990825	0.587750	-0.806767	-0.060635	0.797994	0.590437	-0.120784
60369	11.005338	-0.816437	-0.076166	0.331804	1.526943	-0.453344	0.118355	0.017256	0.992821	0.590973	-0.804712	-0.056464	0.797961	0.593414	-0.105439
60370	10.524766	-0.605383	-0.180883	0.137417	1.565736	-0.458865	0.103099	0.011646	0.994603	0.592583	-0.803828	-0.052014	0.798884	0.594748	-0.089775
60371	10.120413	0.860103	0.063409	0.025319	1.580020	-0.374991	0.088208	0.005297	0.996088	0.593148	-0.803646	-0.048252	0.800247	0.595084	-0.074030
60372	10.115407	2.438825	0.458121	-0.166378	1.590334	-0.246030	0.073964	-0.002176	0.997259	0.592017	-0.804630	-0.045664	0.802524	0.593772	-0.058225
60373	10.256311	3.425929	0.373808	-0.459815	1.606800	-0.103259	0.060394	-0.010817	0.998116	0.588390	-0.807360	-0.044352	0.806319	0.589960	-0.042395
60374	10.242078	3.635715	0.401230	-0.865848	1.568706	0.019511	0.047766	-0.020166	0.998655	0.581374	-0.812434	-0.044213	0.812233	0.582704	-0.027083
60375	10.295529	2.840564	0.643607	-1.255701	1.513637	0.091130	0.035903	-0.029612	0.998916	0.571088	-0.819664	-0.044824	0.820104	0.572078	-0.012518
60376	10.181496	1.623479	0.994077	-1.491173	1.450951	0.121071	0.024572	-0.038804	0.998945	0.558756	-0.828060	-0.045910	0.828968	0.559295	0.001335
60377	9.923584	0.677728	1.382940	-1.515023	1.361625	0.115719	0.013832	-0.047254	0.998787	0.546109	-0.836387	-0.047134	0.837600	0.546098	0.014237
60378	9.795829	-0.003894	1.611705	-1.353011	1.258044	0.114208	0.003810	-0.054992	0.998480	0.534715	-0.843639	-0.048505	0.845024	0.534087	0.026191
60379	9.717049	-0.225098	1.535301	-1.077911	1.155655	0.129081	-0.005336	-0.062161	0.998052	0.525575	-0.849272	-0.050085	0.850731	0.524284	0.037202
60380	9.532979	-0.110457	1.448798	-0.804893	1.047114	0.147785	-0.013550	-0.068853	0.997535	0.518724	-0.853368	-0.051857	0.854835	0.516742	0.047279
60381	9.518309	-0.135192	1.218734	-0.559381	0.940438	0.145667	-0.020881	-0.074893	0.996973	0.513957	-0.856143	-0.053549	0.857562	0.511283	0.056368
60382	9.568770	-0.297123	0.971457	-0.319398	0.833728	0.117168	-0.027493	-0.080129	0.996405	0.511242	-0.857683	-0.054867	0.858997	0.507896	0.064546
60383	9.422212	-0.660358	0.783585	-0.085756	0.724830	0.075206	-0.033367	-0.084410	0.995872	0.510526	-0.858061	-0.055624	0.859215	0.506562	0.071724
60384	9.198607	-0.975057	0.648723	0.145272	0.614571	0.043159	-0.038481	-0.087879	0.995388	0.511786	-0.857292	-0.055902	0.858250	0.507275	0.077965
60385	9.029249	-1.121692	0.507029	0.373133	0.527274	0.029055	-0.042882	-0.090770	0.994948	0.514993	-0.855374	-0.055840	0.856121	0.509997	0.083426
60386	8.931960	-0.851731	0.317131	0.584176	0.460341	0.034844	-0.046692	-0.093410	0.994532	0.519998	-0.852353	-0.055642	0.852890	0.514557	0.088371
60387	8.954626	-0.284309	0.054160	0.713716	0.391114	0.040430	-0.049840	-0.095737	0.994158	0.526087	-0.848628	-0.055348	0.848969	0.520255	0.092662
60388	9.102022	0.234338	-0.008784	0.699067	0.348850	0.034019	-0.052671	-0.097834	0.993808	0.532023	-0.844943	-0.054982	0.845090	0.525832	0.096554
60389	9.303723	0.463929	-0.227273	0.567035	0.300490	0.004565	-0.055213	-0.099420	0.993513	0.536804	-0.841950	-0.054421	0.841898	0.530317	0.099856
60390	9.274930	0.365889	-0.356808	0.423618	0.265089	-0.018999	-0.057599	-0.100651	0.993253	0.540351	-0.839721	-0.053758	0.839466	0.533609	0.102754
60391	9.116292	0.055580	-0.518378	0.325679	0.221318	-0.025215	-0.059624	-0.101585	0.993039	0.543063	-0.838010	-0.053119	0.837572	0.536115	0.105132
60392	8.915182	-0.095641	-0.595314	0.274863	0.158708	-0.020388	-0.061116	-0.102245	0.992880	0.545347	-0.836560	-0.052579	0.835979	0.538251	0.106886
60393	8.855626	-0.210390	-0.561144	0.232485	0.084505	-0.008290	-0.061900	-0.102592	0.992796	0.547279	-0.835321	-0.052197	0.834658	0.540106	0.107853
60394	8.853158	-0.414857	-0.615749	0.219988	-0.006642	0.009501	-0.061843	-0.102612	0.992797	0.549116	-0.834126	-0.052007	0.833455	0.541945	0.107931
60395	8.476074	-0.471397	-1.258035	0.247518	-0.108139	0.036612	-0.060774	-0.102291	0.992896	0.551196	-0.832751	-0.052055	0.832160	0.544117	0.106992
60396	8.101260	-0.593388	-1.905197	0.285535	-0.220825	0.071216	-0.058592	-0.101653	0.993093	0.553608	-0.831126	-0.052411	0.830713	0.546714	0.104974
60397	8.051072	-0.559349	-2.498684	0.309022	-0.339074	0.097143	-0.055272	-0.100563	0.993394	0.556224	-0.829340	-0.053007	0.829192	0.549620	0.101775
60398	8.191176	-0.424568	-2.765313	0.284962	-0.445361	0.105199	-0.051038	-0.098951	0.993783	0.558637	-0.827670	-0.053721	0.827840	0.552422	0.097521
60399	8.406771	-0.282589	-3.186424	0.255414	-0.524286	0.108123	-0.046129	-0.096904	0.994224	0.560799	-0.826156	-0.054503	0.826666	0.555046	0.092453
60400	8.244590	-0.392640	-3.578600	0.212935	-0.574452	0.125967	-0.040712	-0.094715	0.994672	0.562610	-0.824856	-0.055517	0.825720	0.557352	0.086869
60401	7.945600	-0.599937	-3.868128	0.206002	-0.630608	0.159697	-0.034641	-0.092471	0.995113	0.564367	-0.823562	-0.056884	0.824797	0.559638	0.080717
60402	8.352478	-0.402657	-2.913594	0.129890	-0.728719	0.195358	-0.027558	-0.089956	0.995564	0.565496	-0.822661	-0.058680	0.824291	0.561370	0.073541
60403	11.011809	-0.309999	-0.790941	0.056617	-0.818381	0.192656	-0.019755	-0.086904	0.996021	0.566005	-0.822178	-0.060510	0.824165	0.562558	0.065431
60404	13.772705	-0.481421	0.401389	0.195784	-0.808687	0.166940	-0.012173	-0.083675	0.996419	0.567642	-0.820937	-0.062004	0.823185	0.564854	0.057491
60405	13.459651	-0.023807	1.212514	0.415543	-0.702616	0.103719	-0.005840	-0.080505	0.996737	0.571066	-0.818502	-0.062763	0.820884	0.568836	0.050754
60406	11.793788	-0.467265	1.932022	0.583418	-0.659817	0.101402	0.000120	-0.077520	0.996991	0.575846	-0.815092	-0.063446	0.817558	0.574121	0.044542
60407	11.197847	-1.155802	0.847811	0.732241	-0.660793	0.179241	0.006512	-0.075125	0.997153	0.581810	-0.810733	-0.064880	0.813299	0.580576	0.038429
60408	10.857221	-0.233004	-0.856324	0.928856	-0.675909	0.265912	0.013520	-0.073281	0.997220	0.589311	-0.805110	-0.067154	0.807793	0.588581	0.032301
60409	10.661034	1.276563	-1.851346	0.888190	-0.676288	0.276357	0.020569	-0.071456	0.997232	0.596415	-0.799653	-0.069600	0.802413	0.596195	0.026170
60410	10.461476	1.380994	-2.849805	0.601135	-0.644318	0.250782	0.027201	-0.069554	0.997207	0.601167	-0.795882	-0.071910	0.798661	0.601444	0.020165
60411	10.538672	0.821773	-4.018254	0.377506	-0.592987	0.252963	0.033419	-0.067952	0.997129	0.604101	-0.793435	-0.074317	0.796207	0.604850	0.014534
60412	10.639973	0.529045	-3.849285	0.062129	-0.528474	0.221870	0.038942	-0.066462	0.997029	0.604515	-0.792915	-0.076467	0.795642	0.605696	0.009300
60413	10.971588	-0.586278	-3.089680	-0.177730	-0.452750	0.159197	0.043472	-0.064949	0.996941	0.603035	-0.793891	-0.078016	0.796529	0.604582	0.004654
60414	11.006602	-1.669262	-2.563632	-0.242740	-0.329963	0.137152	0.046909	-0.063990	0.996847	0.601038	-0.795273	-0.079334	0.797843	0.602865	0.001155
60415	10.541524	-2.374838	-2.260159	-0.238139	-0.196607	0.102611	0.049060	-0.063587	0.996770	0.599088	-0.796645	-0.080307	0.799179	0.601093	-0.000989
60416	10.074849	-2.701486	-2.102433	-0.182119	-0.121803	0.055719	0.050353	-0.063242	0.996727	0.597604	-0.797709	-0.080804	0.800209	0.599717	-0.002374
60417	9.769790	-2.341265	-1.592174	-0.055987	-0.083488	0.030561	0.051169	-0.062949	0.996704	0.597142	-0.798030	-0.081057	0.800502	0.599321	-0.003245
60418	9.452418	-1.795808	-1.218276	0.062479	-0.050453	0.023357	0.051703	-0.062776	0.996688	0.597630	-0.797646	-0.081241	0.800104	0.599850	-0.003724
60419	9.078451	-1.045482	-0.850044	0.215147	-0.039407	0.037558	0.052208	-0.062802	0.996660	0.599331	-0.796334	-0.081574	0.798797	0.601588	-0.003936
60420	8.973391	-0.339599	-0.176806	0.361360	-0.046459	0.069848	0.052991	-0.063020	0.996604	0.602177	-0.794116	-0.082235	0.796602	0.604490	-0.004132
60421	9.365839	0.222012	0.436310	0.456104	-0.087024	0.110291	0.054314	-0.063331	0.996514	0.605746	-0.791285	-0.083304	0.793802	0.608159	-0.004616
60422	9.846122	0.222608	0.809098	0.475145	-0.106510	0.142195	0.056013	-0.063747	0.996393	0.609432	-0.788302	-0.084694	0.790857	0.611978	-0.005306
60423	10.058858	0.002663	1.148528	0.474829	-0.126871	0.161378	0.057966	-0.064202	0.996252	0.613090	-0.785288	-0.086279	0.787884	0.615793	-0.006158
60424	9.952617	-0.321155	1.261523	0.344289	-0.156245	0.147405	0.060089	-0.064337	0.996118	0.615712	-0.783074	-0.087718	0.785677	0.618592	-0.007441
60425	9.670540	-0.858757	1.427203	0.191424	-0.194164	0.131121	0.062386	-0.064124	0.995990	0.617136	-0.781808	-0.088990	0.784379	0.620213	-0.009200
60426	9.524784	-1.454282	1.372921	0.091736	-0.236094	0.115437	0.064934	-0.063506	0.995867	0.617782	-0.781171	-0.090096	0.783664	0.621079	-0.011492
60427	9.433152	-1.597358	1.202336	0.043618	-0.276564	0.100867	0.067689	-0.062540	0.995744	0.618059	-0.780840	-0.091057	0.783212	0.621593	-0.014201
60428	9.378512	-1.318926	1.083098	0.032370	-0.326598	0.099481	0.070844	-0.061233	0.995606	0.618245	-0.780583	-0.092001	0.782787	0.622046	-0.017442
60429	9.338328	-0.917025	0.972181	0.012661	-0.377034	0.088479	0.074306	-0.059543	0.995456	0.618282	-0.780455	-0.092834	0.782436	0.622371	-0.021178
60430	9.406063	-0.868576	0.877799	0.002019	-0.413874	0.091265	0.078089	-0.057628	0.995279	0.618229	-0.780394	-0.093692	0.782109	0.622627	-0.025313
60431	9.482467	-1.010253	0.542603	0.065695	-0.439366	0.105208	0.082139	-0.055676	0.995064	0.618661	-0.779929	-0.094707	0.781352	0.623387	-0.029618
60432	9.499773	-1.067962	0.102490	0.129142	-0.470674	0.109034	0.086469	-0.053540	0.994815	0.619580	-0.779068	-0.095783	0.780157	0.624649	-0.034192
60433	9.560026	-1.041345	-0.235579	0.151537	-0.479746	0.112912	0.090873	-0.051384	0.994536	0.620664	-0.778065	-0.096911	0.778793	0.626079	-0.038813
60434	9.467232	-0.965933	-0.356565	0.117644	-0.484047	0.109279	0.095298	-0.049153	0.994235	0.621480	-0.777277	-0.097996	0.777612	0.627236	-0.043525
60435	9.546139	-1.079934	-0.382110	0.037839	-0.483884	0.095447	0.099616	-0.046823	0.993924	0.621685	-0.776997	-0.098912	0.776907	0.627760	-0.048293
60436	9.878601	-1.373592	-0.668360	-0.021606	-0.472387	0.089970	0.103824	-0.044509	0.993599	0.621428	-0.777096	-0.099745	0.776562	0.627806	-0.053022
60437	9.999780	-1.443420	-0.938930	-0.053481	-0.461549	0.076559	0.107848	-0.042171	0.993273	0.620936	-0.777402	-0.100426	0.776407	0.627589	-0.057655
60438	9.881937	-1.381031	-1.040238	-0.084060	-0.453814	0.049279	0.111657	-0.039660	0.992955	0.620232	-0.777913	-0.100816	0.776431	0.627119	-0.062261
60439	9.976714	-1.417641	-1.071672	-0.084645	-0.437194	0.032327	0.115216	-0.037136	0.992646	0.619542	-0.778434	-0.101032	0.776461	0.626627	-0.066681
60440	10.050498	-1.464258	-1.105471	-0.072567	-0.421762	0.016755	0.118576	-0.034577	0.992343	0.618963	-0.778886	-0.101100	0.776418	0.626211	-0.070955
60441	9.997300	-1.585467	-1.133186	-0.040725	-0.407783	-0.006351	0.121666	-0.031939	0.992057	0.618659	-0.779146	-0.100957	0.776182	0.626028	-0.075036
60442	9.687444	-1.541795	-0.947950	-0.007334	-0.395394	-0.030823	0.124526	-0.029177	0.991787	0.618644	-0.779205	-0.100598	0.775741	0.626090	-0.078981
60443	9.593790	-1.754210	-0.488023	0.022154	-0.403511	-0.047345	0.127326	-0.026246	0.991514	0.618880	-0.779082	-0.100097	0.775097	0.626373	-0.082955
60444	9.635549	-1.905403	-0.422926	0.083164	-0.420513	-0.060092	0.130194	-0.023097	0.991219	0.619605	-0.778578	-0.099525	0.774041	0.627122	-0.087055
60445	9.734065	-1.819402	-0.263038	0.129959	-0.443630	-0.074259	0.133129	-0.019699	0.990903	0.620713	-0.777780	-0.098856	0.772652	0.628227	-0.091318
60446	9.701123	-1.487165	-0.101713	0.151644	-0.465973	-0.086661	0.136170	-0.016052	0.990555	0.622005	-0.776845	-0.098094	0.771082	0.629488	-0.095798
60447	9.695583	-1.169529	0.151419	0.116209	-0.510951	-0.110335	0.139383	-0.011941	0.990167	0.623058	-0.776130	-0.097066	0.769657	0.630460	-0.100740
60448	9.401558	-0.688239	0.465192	0.038569	-0.538160	-0.114820	0.142788	-0.007614	0.989724	0.623521	-0.775899	-0.095925	0.768657	0.630811	-0.106042
60449	9.311856	-0.796855	0.865519	-0.001843	-0.625396	-0.131537	0.146737	-0.002613	0.989172	0.623703	-0.775919	-0.094572	0.767765	0.630827	-0.112226
60450	9.294501	-0.644972	1.128644	-0.052614	-0.703868	-0.143655	0.151221	0.002980	0.988496	0.623519	-0.776252	-0.093046	0.767044	0.630416	-0.119243
60451	9.358456	-0.192392	1.494795	-0.094607	-0.803455	-0.155784	0.156374	0.009287	0.987654	0.623039	-0.776839	-0.091341	0.766400	0.629631	-0.127264
60452	9.383347	-0.267666	1.514495	-0.170964	-0.910419	-0.151228	0.162383	0.016226	0.986594	0.621977	-0.777895	-0.089577	0.766014	0.628185	-0.136409
60453	9.366165	-0.361318	1.497259	-0.198950	-1.012784	-0.132774	0.169278	0.023648	0.985285	0.620680	-0.779117	-0.087937	0.765572	0.626433	-0.146565
60454	9.527372	-0.125827	1.091799	-0.210741	-1.116823	-0.108350	0.177123	0.031513	0.983684	0.619263	-0.780404	-0.086504	0.764945	0.624481	-0.157742
60455	9.818939	0.344133	0.885848	-0.301630	-1.221505	-0.085587	0.185900	0.039829	0.981761	0.617119	-0.782252	-0.085119	0.764595	0.621687	-0.170000
60456	10.367812	1.121632	1.012819	-0.415514	-1.339149	-0.068147	0.195685	0.048696	0.979457	0.614080	-0.784796	-0.083669	0.764600	0.617838	-0.183476
60457	10.460872	1.718388	1.133580	-0.574091	-1.430043	-0.048466	0.206292	0.057911	0.976775	0.609795	-0.788300	-0.082051	0.765241	0.612559	-0.197934
60458	10.305951	1.905092	1.444091	-0.700817	-1.541547	-0.033513	0.217852	0.067602	0.973638	0.604509	-0.792547	-0.080230	0.766230	0.606052	-0.213524
60459	10.032857	1.667348	1.711927	-0.770585	-1.673491	-0.013699	0.230565	0.077829	0.969939	0.598642	-0.797177	-0.078338	0.767116	0.598708	-0.230393
60460	10.080046	0.869901	2.033738	-0.791846	-1.822708	0.016567	0.244601	0.088572	0.965570	0.592538	-0.801897	-0.076545	0.767508	0.590860	-0.248627
60461	11.139434	0.022256	2.094030	-0.781331	-1.966777	0.061688	0.260023	0.099654	0.960446	0.586398	-0.806537	-0.075072	0.767154	0.582724	-0.268155
60462	13.708825	-0.705945	0.839702	-0.623883	-2.044723	0.148025	0.276499	0.110330	0.954660	0.581234	-0.810301	-0.074696	0.765321	0.575534	-0.288175
60463	15.524770	0.263556	-1.365788	-0.420923	-2.030356	0.232706	0.293319	0.120106	0.948440	0.577369	-0.812975	-0.075608	0.761977	0.569778	-0.307806
60464	14.939072	2.396406	-2.574975	-0.394764	-1.977569	0.280962	0.309906	0.129059	0.941967	0.573536	-0.815558	-0.076953	0.758297	0.564101	-0.326766
60465	13.497222	3.459829	-2.406034	-0.630576	-1.933461	0.316567	0.326317	0.137341	0.935230	0.567770	-0.819506	-0.077758	0.755747	0.556369	-0.345397
