// General information: 
//  MT Manager version: 2022.2.0 
//  XDA version: 2022.2.0 build 7381 rev 124627 built on 2023-07-19
// Device information: 
//  DeviceId: 00B4CBA7
//  ProductCode: MTW2-3A7G6
//  Firmware Version: 4.6.0
//  Hardware Version: 2.0.0
// Device settings: 
//  Filter Profile: human(46.1)
//  Option Flags: Orientation Smoother Disabled, Position/Velocity Smoother Disabled, Continuous Zero Rotation Update Disabled, AHS Disabled, ICC Disabled
// Coordinate system: ENU
PacketCounter	Acc_X	Acc_Y	Acc_Z	Gyr_X	Gyr_Y	Gyr_Z	Mat[1][1]	Mat[2][1]	Mat[3][1]	Mat[1][2]	Mat[2][2]	Mat[3][2]	Mat[1][3]	Mat[2][3]	Mat[3][3]
65529	9.727414	0.479741	-0.414686	0.001831	-0.024182	-0.003361	-0.009880	-0.051839	0.998607	-0.460873	0.886497	0.041459	-0.887411	-0.459821	-0.032649
65530	9.782118	0.458750	-0.406335	0.006339	-0.024605	-0.004108	-0.010053	-0.052014	0.998596	-0.460931	0.886463	0.041533	-0.887379	-0.459867	-0.032887
65531	9.807732	0.530850	-0.451817	0.016579	-0.015142	0.003020	-0.010184	-0.052106	0.998590	-0.461068	0.886392	0.041549	-0.887306	-0.459994	-0.033051
65532	9.735559	0.548496	-0.493719	0.020313	-0.013232	-0.000546	-0.010272	-0.052198	0.998584	-0.461250	0.886295	0.041583	-0.887211	-0.460169	-0.033181
65533	9.711287	0.460363	-0.490731	0.023216	-0.012594	0.001604	-0.010437	-0.052282	0.998578	-0.461525	0.886152	0.041572	-0.887066	-0.460435	-0.033379
65534	9.721626	0.379267	-0.427898	0.032991	-0.003553	-0.002034	-0.010433	-0.052343	0.998575	-0.461820	0.885997	0.041616	-0.886912	-0.460727	-0.033417
65535	9.747203	0.311771	-0.415039	0.040926	0.000695	0.001596	-0.010411	-0.052357	0.998574	-0.462089	0.885856	0.041629	-0.886773	-0.460996	-0.033416
00000	9.730222	0.310879	-0.385128	0.051062	-0.000700	0.000985	-0.010396	-0.052378	0.998573	-0.462543	0.885619	0.041638	-0.886536	-0.461450	-0.033433
00001	9.812829	0.351241	-0.337857	0.049140	0.000396	0.001560	-0.010386	-0.052436	0.998570	-0.463059	0.885347	0.041674	-0.886267	-0.461964	-0.033476
00002	9.802772	0.434887	-0.341921	0.033723	0.004554	0.000103	-0.010320	-0.052440	0.998571	-0.463359	0.885189	0.041697	-0.886111	-0.462266	-0.033433
00003	9.809999	0.522399	-0.316255	0.009362	0.000930	-0.003433	-0.010315	-0.052517	0.998567	-0.463511	0.885107	0.041762	-0.886031	-0.462415	-0.033473
00004	9.758720	0.518124	-0.285538	-0.002351	0.005188	-0.004196	-0.010224	-0.052557	0.998566	-0.463492	0.885113	0.041840	-0.886042	-0.462399	-0.033409
00005	9.726201	0.501500	-0.264414	-0.017268	-0.003385	-0.004463	-0.010261	-0.052641	0.998561	-0.463406	0.885155	0.041901	-0.886087	-0.462309	-0.033476
00006	9.744948	0.489429	-0.273974	-0.011116	-0.000328	-0.002105	-0.010228	-0.052687	0.998559	-0.463309	0.885203	0.041961	-0.886138	-0.462212	-0.033464
00007	9.758993	0.521741	-0.225806	0.005460	-0.000492	0.006240	-0.010198	-0.052692	0.998559	-0.463208	0.885255	0.041983	-0.886191	-0.462112	-0.033435
00008	9.755152	0.544010	-0.327079	0.014587	-0.005415	0.007182	-0.010253	-0.052680	0.998559	-0.463338	0.885188	0.041942	-0.886122	-0.462240	-0.033484
00009	9.809697	0.518753	-0.376721	0.035038	-0.005950	0.010125	-0.010334	-0.052658	0.998559	-0.463636	0.885036	0.041874	-0.885965	-0.462536	-0.033560
00010	9.793912	0.498014	-0.445952	0.031400	0.000282	0.011155	-0.010357	-0.052585	0.998563	-0.463915	0.884894	0.041787	-0.885819	-0.462815	-0.033560
00011	9.795747	0.483823	-0.425466	0.031401	0.000286	0.011158	-0.010491	-0.052503	0.998566	-0.464322	0.884687	0.041638	-0.885604	-0.463219	-0.033659
00012	9.719987	0.387004	-0.449977	0.023395	0.004656	0.011096	-0.010475	-0.052410	0.998571	-0.464529	0.884582	0.041554	-0.885496	-0.463430	-0.033612
00013	9.686086	0.384757	-0.389363	0.015042	0.007252	0.012973	-0.010444	-0.052350	0.998574	-0.464684	0.884503	0.041510	-0.885415	-0.463588	-0.033564
00014	9.737745	0.391138	-0.359293	0.006373	0.009868	0.012520	-0.010389	-0.052220	0.998582	-0.464740	0.884478	0.041418	-0.885386	-0.463651	-0.033458
00015	9.753343	0.406547	-0.349475	-0.002366	0.006145	0.010340	-0.010364	-0.052140	0.998586	-0.464656	0.884525	0.041362	-0.885431	-0.463570	-0.033395
00016	9.726403	0.489156	-0.323148	-0.018972	0.004506	0.006258	-0.010328	-0.052091	0.998589	-0.464489	0.884613	0.041341	-0.885519	-0.463406	-0.033332
00017	9.704181	0.526808	-0.354166	-0.027462	0.009389	0.009969	-0.010294	-0.052023	0.998593	-0.464287	0.884721	0.041305	-0.885625	-0.463208	-0.033261
00018	9.709258	0.483894	-0.351150	-0.035567	0.005630	0.012450	-0.010277	-0.051913	0.998599	-0.463972	0.884890	0.041227	-0.885790	-0.462898	-0.033180
00019	9.714317	0.440973	-0.348356	-0.027670	0.005341	0.010082	-0.010300	-0.051853	0.998602	-0.463793	0.884986	0.041170	-0.885884	-0.462721	-0.033164
00020	9.815515	0.464724	-0.369218	-0.009102	0.010429	0.019601	-0.010273	-0.051658	0.998612	-0.463712	0.885036	0.041013	-0.885926	-0.462647	-0.033046
00021	9.815629	0.463065	-0.368249	0.011199	0.009415	0.014114	-0.010264	-0.051524	0.998619	-0.463763	0.885015	0.040896	-0.885900	-0.462702	-0.032978
00022	9.795243	0.486753	-0.378619	0.014071	0.008263	0.020539	-0.010260	-0.051330	0.998629	-0.463887	0.884958	0.040721	-0.885835	-0.462833	-0.032891
00023	9.771414	0.535997	-0.430036	0.016066	0.013519	0.021706	-0.010289	-0.051092	0.998641	-0.464032	0.884893	0.040491	-0.885759	-0.462984	-0.032813
00024	9.778265	0.479034	-0.406000	0.010122	0.014524	0.019239	-0.010225	-0.050881	0.998652	-0.464121	0.884853	0.040331	-0.885713	-0.463083	-0.032662
00025	9.700970	0.397775	-0.389972	-0.000117	0.020012	0.017409	-0.010115	-0.050676	0.998664	-0.464088	0.884876	0.040202	-0.885731	-0.463062	-0.032469
00026	9.642633	0.307312	-0.323318	-0.002355	0.021125	0.015647	-0.009975	-0.050467	0.998676	-0.464067	0.884893	0.040082	-0.885744	-0.463053	-0.032247
00027	9.700934	0.258436	-0.269337	0.010820	0.018073	0.015363	-0.009911	-0.050268	0.998687	-0.464143	0.884860	0.039933	-0.885705	-0.463137	-0.032102
00028	9.661813	0.294716	-0.269557	0.009002	0.015087	0.018366	-0.009838	-0.050063	0.998698	-0.464222	0.884825	0.039782	-0.885664	-0.463226	-0.031945
00029	9.718961	0.398050	-0.293576	0.001626	0.016667	0.012682	-0.009693	-0.049957	0.998704	-0.464246	0.884814	0.039754	-0.885653	-0.463259	-0.031769
00030	9.724809	0.496988	-0.287084	-0.014169	0.017273	0.017415	-0.009596	-0.049749	0.998716	-0.464120	0.884886	0.039620	-0.885720	-0.463144	-0.031581
00031	9.724926	0.495480	-0.285737	-0.032002	0.008075	0.014975	-0.009574	-0.049625	0.998722	-0.463791	0.885062	0.039531	-0.885893	-0.462820	-0.031490
00032	9.725038	0.493867	-0.284713	-0.030706	0.009791	0.020031	-0.009555	-0.049429	0.998732	-0.463518	0.885212	0.039376	-0.886036	-0.462554	-0.031370
00033	9.760969	0.479889	-0.323125	-0.020256	0.008358	0.021765	-0.009601	-0.049203	0.998743	-0.463197	0.885390	0.039166	-0.886204	-0.462238	-0.031291
00034	9.770106	0.549153	-0.335816	-0.012846	0.008568	0.023180	-0.009607	-0.048985	0.998753	-0.463082	0.885458	0.038974	-0.886263	-0.462130	-0.031191
00035	9.781497	0.446854	-0.369850	-0.015921	0.008427	0.027139	-0.009674	-0.048726	0.998765	-0.462906	0.885561	0.038720	-0.886354	-0.461960	-0.031123
00036	9.819288	0.422354	-0.327959	-0.008474	0.010428	0.024282	-0.009669	-0.048490	0.998777	-0.462830	0.885610	0.038515	-0.886394	-0.461892	-0.031005
00037	9.853571	0.420951	-0.386723	0.002542	0.014816	0.023972	-0.009637	-0.048256	0.998789	-0.462843	0.885612	0.038322	-0.886388	-0.461913	-0.030870
00038	9.824558	0.378763	-0.263355	-0.018705	0.015942	0.022453	-0.009575	-0.048010	0.998801	-0.462676	0.885707	0.038138	-0.886476	-0.461756	-0.030693
00039	9.815711	0.308597	-0.188775	-0.022317	0.009002	0.013895	-0.009565	-0.047883	0.998807	-0.462492	0.885807	0.038037	-0.886572	-0.461577	-0.030618
00040	9.789579	0.235694	-0.144284	-0.019555	0.009166	0.007607	-0.009494	-0.047800	0.998812	-0.462319	0.885899	0.038002	-0.886663	-0.461409	-0.030509
00041	9.683544	0.251914	-0.124160	-0.002052	0.006144	0.012696	-0.009459	-0.047682	0.998818	-0.462214	0.885957	0.037916	-0.886718	-0.461309	-0.030419
00042	9.723572	0.349094	-0.238669	0.004608	-0.001755	0.011979	-0.009505	-0.047610	0.998821	-0.462255	0.885940	0.037831	-0.886696	-0.461350	-0.030429
00043	9.715509	0.416130	-0.282050	-0.001645	-0.000719	0.007173	-0.009566	-0.047588	0.998821	-0.462247	0.885946	0.037783	-0.886700	-0.461341	-0.030473
00044	9.693520	0.453824	-0.314070	-0.006056	-0.004361	0.010348	-0.009628	-0.047543	0.998823	-0.462193	0.885977	0.037717	-0.886727	-0.461286	-0.030504
00045	9.671977	0.336115	-0.328839	-0.005472	-0.008957	0.008998	-0.009741	-0.047532	0.998822	-0.462094	0.886031	0.037658	-0.886778	-0.461183	-0.030595
00046	9.685914	0.364716	-0.341042	0.004879	-0.006331	0.008297	-0.009810	-0.047514	0.998822	-0.462137	0.886011	0.037609	-0.886754	-0.461224	-0.030650
00047	9.770116	0.387941	-0.333245	0.006760	-0.009216	0.012005	-0.009924	-0.047510	0.998821	-0.462173	0.885995	0.037552	-0.886734	-0.461255	-0.030750
00048	9.801136	0.416946	-0.375528	0.001977	-0.006965	0.006141	-0.009989	-0.047515	0.998821	-0.462191	0.885986	0.037525	-0.886724	-0.461271	-0.030811
00049	9.813598	0.461614	-0.348403	-0.013465	-0.004554	0.008937	-0.010106	-0.047510	0.998820	-0.462154	0.886008	0.037468	-0.886742	-0.461230	-0.030911
00050	9.759109	0.485480	-0.300018	-0.032343	-0.006813	0.007346	-0.010176	-0.047503	0.998819	-0.461868	0.886158	0.037440	-0.886890	-0.460941	-0.030958
00051	9.787559	0.391290	-0.246063	-0.031674	-0.005059	0.007740	-0.010288	-0.047486	0.998819	-0.461574	0.886314	0.037383	-0.887042	-0.460644	-0.031037
00052	9.759685	0.331787	-0.223632	-0.014448	-0.006280	0.006215	-0.010348	-0.047487	0.998818	-0.461446	0.886381	0.037361	-0.887108	-0.460514	-0.031085
00053	9.742614	0.330946	-0.194356	-0.001910	-0.009330	0.001257	-0.010461	-0.047561	0.998814	-0.461434	0.886387	0.037375	-0.887113	-0.460496	-0.031219
00054	9.740958	0.343510	-0.216021	0.012203	-0.012486	0.007963	-0.010584	-0.047575	0.998812	-0.461543	0.886332	0.037326	-0.887055	-0.460599	-0.031339
00055	9.725363	0.326311	-0.226327	0.019967	-0.010520	0.007434	-0.010708	-0.047600	0.998809	-0.461737	0.886233	0.037285	-0.886952	-0.460788	-0.031468
00056	9.728263	0.293879	-0.305949	0.024740	-0.015533	0.003007	-0.010835	-0.047672	0.998804	-0.461957	0.886118	0.037282	-0.886836	-0.461001	-0.031623
00057	9.743610	0.307019	-0.358342	0.031616	-0.019372	0.002189	-0.010961	-0.047794	0.998797	-0.462186	0.885997	0.037324	-0.886715	-0.461221	-0.031801
00058	9.824452	0.356941	-0.392758	0.025094	-0.013755	0.001070	-0.011063	-0.047874	0.998792	-0.462410	0.885880	0.037340	-0.886597	-0.461438	-0.031938
00059	9.807361	0.356234	-0.364230	0.023624	-0.014965	0.002132	-0.011146	-0.047970	0.998787	-0.462537	0.885812	0.037382	-0.886530	-0.461559	-0.032061
00060	9.833525	0.428191	-0.409043	0.021330	-0.007983	-0.006344	-0.011163	-0.048090	0.998781	-0.462728	0.885708	0.037474	-0.886430	-0.461745	-0.032139
00061	9.808344	0.495875	-0.423268	0.014515	-0.010006	0.001189	-0.011244	-0.048176	0.998776	-0.462903	0.885615	0.037507	-0.886338	-0.461914	-0.032259
00062	9.705400	0.484348	-0.422718	0.010836	0.002104	-0.004493	-0.011180	-0.048233	0.998774	-0.463000	0.885561	0.037584	-0.886288	-0.462012	-0.032232
00063	9.690027	0.471160	-0.372003	-0.003705	-0.000099	-0.000706	-0.011171	-0.048308	0.998770	-0.463017	0.885549	0.037653	-0.886279	-0.462027	-0.032260
00064	9.682515	0.386868	-0.337983	-0.003925	-0.004156	-0.000602	-0.011180	-0.048359	0.998767	-0.462983	0.885565	0.037696	-0.886297	-0.461991	-0.032290
00065	9.763995	0.284682	-0.293430	0.009999	0.000855	0.001233	-0.011204	-0.048355	0.998767	-0.463070	0.885520	0.037677	-0.886251	-0.462078	-0.032313
00066	9.796645	0.301400	-0.314091	0.023607	0.005886	0.000736	-0.011130	-0.048348	0.998769	-0.463280	0.885410	0.037697	-0.886142	-0.462290	-0.032254
00067	9.813699	0.301708	-0.343642	0.028114	0.005450	-0.000006	-0.011031	-0.048372	0.998768	-0.463424	0.885332	0.037760	-0.886068	-0.462437	-0.032183
00068	9.800618	0.408728	-0.448204	0.010607	0.008470	-0.005090	-0.010908	-0.048405	0.998768	-0.463520	0.885278	0.037843	-0.886019	-0.462536	-0.032093
00069	9.744532	0.446894	-0.418883	-0.013810	0.013538	-0.005084	-0.010696	-0.048473	0.998767	-0.463404	0.885332	0.038005	-0.886082	-0.462427	-0.031932
00070	9.696325	0.414091	-0.405649	-0.028000	0.013103	-0.003243	-0.010540	-0.048468	0.998769	-0.463157	0.885458	0.038082	-0.886213	-0.462186	-0.031781
00071	9.687198	0.343315	-0.390486	-0.016494	0.016963	-0.007340	-0.010387	-0.048502	0.998769	-0.463042	0.885514	0.038186	-0.886276	-0.462075	-0.031656
00072	9.715317	0.405955	-0.351911	-0.000967	0.020903	-0.008398	-0.010138	-0.048506	0.998771	-0.463035	0.885512	0.038306	-0.886282	-0.462078	-0.031438
00073	9.751317	0.397484	-0.329746	0.009127	0.017684	-0.004723	-0.009976	-0.048549	0.998771	-0.463211	0.885415	0.038412	-0.886192	-0.462259	-0.031321
00074	9.771723	0.372532	-0.316707	0.010951	0.020669	-0.007723	-0.009732	-0.048549	0.998773	-0.463310	0.885359	0.038521	-0.886143	-0.462367	-0.031110
00075	9.776548	0.331292	-0.312393	0.024559	0.025709	-0.008208	-0.009482	-0.048543	0.998776	-0.463529	0.885240	0.038624	-0.886031	-0.462595	-0.030895
00076	9.855871	0.395179	-0.363069	0.024778	0.029774	-0.008308	-0.009155	-0.048506	0.998781	-0.463750	0.885119	0.038735	-0.885919	-0.462830	-0.030598
00077	9.855938	0.396107	-0.360226	0.017055	0.029594	-0.012055	-0.008795	-0.048527	0.998783	-0.463899	0.885033	0.038915	-0.885844	-0.462992	-0.030295
00078	9.821601	0.390270	-0.416467	0.014904	0.037062	-0.012084	-0.008386	-0.048490	0.998788	-0.464033	0.884956	0.039067	-0.885778	-0.463143	-0.029922
00079	9.835724	0.424043	-0.364644	0.013475	0.037643	-0.015296	-0.007958	-0.048501	0.998791	-0.464127	0.884898	0.039272	-0.885733	-0.463253	-0.029552
00080	9.817054	0.438166	-0.351465	-0.000008	0.040743	-0.017356	-0.007492	-0.048493	0.998795	-0.464129	0.884887	0.039481	-0.885736	-0.463274	-0.029136
00081	9.768884	0.406628	-0.335457	0.000566	0.046585	-0.019394	-0.006950	-0.048489	0.998800	-0.464093	0.884895	0.039729	-0.885759	-0.463260	-0.028654
00082	9.731443	0.433600	-0.312374	-0.005276	0.043521	-0.019436	-0.006450	-0.048486	0.998803	-0.464048	0.884908	0.039960	-0.885787	-0.463235	-0.028208
00083	9.676793	0.460337	-0.259629	-0.018838	0.040267	-0.023240	-0.006000	-0.048523	0.998804	-0.463843	0.885004	0.040209	-0.885897	-0.463047	-0.027817
00084	9.661320	0.442869	-0.324412	-0.014961	0.042653	-0.018346	-0.005512	-0.048516	0.998807	-0.463712	0.885063	0.040432	-0.885969	-0.462936	-0.027376
00085	9.617389	0.524652	-0.324543	-0.025977	0.038265	-0.018053	-0.005072	-0.048549	0.998808	-0.463480	0.885174	0.040672	-0.886093	-0.462721	-0.026992
00086	9.622156	0.487750	-0.258988	-0.039535	0.035012	-0.021864	-0.004636	-0.048608	0.998807	-0.463131	0.885344	0.040937	-0.886278	-0.462389	-0.026617
00087	9.729071	0.314612	-0.315976	-0.024458	0.041300	-0.023360	-0.004137	-0.048667	0.998806	-0.462917	0.885442	0.041226	-0.886392	-0.462194	-0.026192
00088	9.824536	0.244350	-0.277936	-0.007507	0.044697	-0.021146	-0.003619	-0.048675	0.998808	-0.462852	0.885465	0.041474	-0.886428	-0.462150	-0.025733
00089	9.886761	0.309576	-0.296225	0.005480	0.049811	-0.026247	-0.003066	-0.048740	0.998807	-0.462953	0.885398	0.041785	-0.886378	-0.462272	-0.025279
00090	9.849406	0.334388	-0.332350	0.004416	0.052179	-0.031391	-0.002434	-0.048804	0.998805	-0.462993	0.885360	0.042133	-0.886358	-0.462338	-0.024751
00091	9.790155	0.398041	-0.399952	0.000836	0.060250	-0.034619	-0.001711	-0.048867	0.998804	-0.462987	0.885344	0.042523	-0.886363	-0.462361	-0.024139
00092	9.719840	0.409731	-0.354736	-0.018431	0.062078	-0.041027	-0.000946	-0.048971	0.998800	-0.462825	0.885408	0.042973	-0.886449	-0.462229	-0.023503
00093	9.727890	0.346007	-0.305181	-0.032574	0.063436	-0.043496	-0.000133	-0.049089	0.998794	-0.462434	0.885588	0.043463	-0.886654	-0.461871	-0.022819
00094	9.724874	0.376439	-0.339869	-0.016690	0.069226	-0.046393	0.000719	-0.049207	0.998788	-0.462286	0.885640	0.043966	-0.886731	-0.461757	-0.022111
00095	9.626051	0.482164	-0.348580	-0.017949	0.072105	-0.045414	0.001580	-0.049348	0.998780	-0.462118	0.885702	0.044492	-0.886817	-0.461625	-0.021405
00096	9.537104	0.504198	-0.352996	-0.034168	0.072292	-0.051504	0.002483	-0.049498	0.998771	-0.461814	0.885832	0.045049	-0.886973	-0.461358	-0.020659
00097	9.483538	0.375429	-0.339592	-0.039073	0.076881	-0.055505	0.003481	-0.049659	0.998760	-0.461322	0.886057	0.045663	-0.887226	-0.460909	-0.019824
00098	9.596485	0.309284	-0.327473	-0.028061	0.081346	-0.055715	0.004484	-0.049805	0.998749	-0.461070	0.886157	0.046260	-0.887352	-0.460701	-0.018990
00099	9.714763	0.343838	-0.309739	-0.017199	0.083549	-0.060094	0.005500	-0.050014	0.998733	-0.460914	0.886204	0.046917	-0.887428	-0.460588	-0.018177
00100	9.888498	0.347384	-0.199700	-0.013136	0.085487	-0.061264	0.006566	-0.050190	0.998718	-0.460794	0.886232	0.047567	-0.887483	-0.460515	-0.017309
00101	10.013938	0.460237	-0.075165	-0.014985	0.083883	-0.070953	0.007640	-0.050467	0.998696	-0.460663	0.886259	0.048310	-0.887542	-0.460432	-0.016477
00102	10.039058	0.677108	0.093100	-0.027318	0.080522	-0.065487	0.008681	-0.050704	0.998676	-0.460415	0.886350	0.049004	-0.887661	-0.460231	-0.015651
00103	9.953607	0.796619	0.294227	-0.046668	0.074169	-0.069440	0.009685	-0.051035	0.998650	-0.460008	0.886519	0.049766	-0.887862	-0.459869	-0.014891
00104	9.769301	0.863999	0.555192	-0.073129	0.055248	-0.067648	0.010511	-0.051409	0.998622	-0.459351	0.886819	0.050488	-0.888192	-0.459249	-0.014294
00105	9.624262	0.892574	0.816338	-0.103091	0.027980	-0.061792	0.011042	-0.051887	0.998592	-0.458468	0.887237	0.051171	-0.888642	-0.458387	-0.013992
00106	9.425497	0.656292	1.055920	-0.108244	-0.002506	-0.057731	0.011309	-0.052439	0.998560	-0.457499	0.887700	0.051798	-0.889138	-0.457426	-0.013952
00107	9.336355	0.387180	1.234456	-0.070105	-0.048009	-0.046966	0.011135	-0.053122	0.998526	-0.456845	0.888005	0.052337	-0.889476	-0.456755	-0.014381
00108	9.413819	0.330933	1.271551	-0.001556	-0.093181	-0.031844	0.010475	-0.053858	0.998494	-0.456828	0.887993	0.052691	-0.889494	-0.456691	-0.015302
00109	9.545461	0.405925	1.238783	0.044269	-0.144836	-0.019102	0.009262	-0.054711	0.998459	-0.457258	0.887760	0.052887	-0.889286	-0.457043	-0.016795
00110	9.695422	0.473719	1.310356	0.084019	-0.203976	-0.014743	0.007540	-0.055803	0.998413	-0.458004	0.887366	0.053055	-0.888918	-0.457677	-0.018867
00111	9.848999	0.523159	1.277074	0.086052	-0.250824	-0.012533	0.005399	-0.057085	0.998355	-0.458799	0.886946	0.053196	-0.888524	-0.458331	-0.021402
00112	9.863746	0.573439	1.337007	0.075641	-0.303213	-0.008911	0.002771	-0.058582	0.998279	-0.459470	0.886592	0.053303	-0.888189	-0.458827	-0.024460
00113	9.851667	0.709305	1.477251	0.073620	-0.358003	-0.006985	-0.000359	-0.060311	0.998180	-0.460114	0.886253	0.053383	-0.887860	-0.459258	-0.028068
00114	9.876450	0.964835	1.337065	0.078598	-0.408215	-0.008207	-0.003920	-0.062287	0.998051	-0.460812	0.885885	0.053477	-0.887489	-0.459704	-0.032175
00115	9.786240	0.895191	1.257883	0.020756	-0.457062	-0.002496	-0.007917	-0.064454	0.997889	-0.461032	0.885766	0.053554	-0.887348	-0.459635	-0.036727
00116	9.675272	0.726058	1.259851	0.015455	-0.506798	0.007608	-0.012424	-0.066743	0.997693	-0.461169	0.885698	0.053508	-0.887226	-0.459440	-0.041784
00117	9.719135	0.554676	1.125698	0.047079	-0.562725	0.033412	-0.017526	-0.069092	0.997456	-0.461633	0.885473	0.053224	-0.886898	-0.459526	-0.047413
00118	9.828515	0.832653	1.032035	0.029780	-0.619288	0.052113	-0.023233	-0.071503	0.997170	-0.461887	0.885370	0.052725	-0.886634	-0.459355	-0.053597
00119	9.926249	0.955362	1.039177	-0.030038	-0.679711	0.066926	-0.029637	-0.074028	0.996816	-0.461608	0.885556	0.052041	-0.886589	-0.458595	-0.060418
00120	10.083424	0.898952	1.066397	-0.113845	-0.736573	0.089221	-0.036556	-0.076637	0.996389	-0.460570	0.886142	0.051260	-0.886870	-0.457033	-0.067691
00121	10.258234	0.649607	0.934777	-0.181774	-0.788470	0.119238	-0.044043	-0.079221	0.995884	-0.458978	0.887025	0.050263	-0.887355	-0.454875	-0.075428
00122	10.485408	0.451298	0.939033	-0.219893	-0.845149	0.153194	-0.052223	-0.081723	0.995286	-0.456954	0.888142	0.048948	-0.887956	-0.452244	-0.083725
00123	10.726162	0.404814	0.885872	-0.242472	-0.895553	0.181896	-0.061040	-0.084187	0.994579	-0.454860	0.889303	0.047360	-0.888469	-0.449503	-0.092577
00124	10.756963	0.126043	0.677839	-0.272288	-0.924412	0.194058	-0.070113	-0.086628	0.993770	-0.452315	0.890685	0.045730	-0.889098	-0.446291	-0.101632
00125	10.540390	-0.228123	0.366726	-0.250204	-0.953937	0.210305	-0.079546	-0.088977	0.992852	-0.449909	0.891995	0.043892	-0.889525	-0.443201	-0.110986
00126	10.504499	-0.546336	0.046114	-0.164557	-1.007882	0.242007	-0.089574	-0.091300	0.991787	-0.448244	0.892937	0.041717	-0.889412	-0.440825	-0.120908
00127	10.460923	-0.369968	-0.244803	-0.050262	-1.035446	0.284881	-0.100125	-0.093281	0.990593	-0.447578	0.893399	0.038889	-0.888622	-0.439473	-0.131202
00128	10.465279	-0.081791	-0.736100	-0.019970	-1.040976	0.317034	-0.110765	-0.095045	0.989291	-0.447070	0.893782	0.035813	-0.887614	-0.438316	-0.141491
00129	10.090564	0.045317	-0.695492	-0.144761	-1.040249	0.345412	-0.121590	-0.096545	0.987874	-0.445587	0.894645	0.032590	-0.886943	-0.436221	-0.151799
00130	10.283624	-0.607687	-0.960368	-0.338439	-1.050987	0.366264	-0.132515	-0.097856	0.986339	-0.442125	0.896467	0.029540	-0.887111	-0.432170	-0.162060
00131	10.424903	-1.152727	-1.208467	-0.475261	-0.994169	0.399453	-0.143170	-0.098492	0.984785	-0.437436	0.898865	0.026304	-0.887779	-0.427015	-0.171775
00132	10.217837	-1.593222	-1.550037	-0.507249	-0.923035	0.459715	-0.153345	-0.098298	0.983271	-0.432255	0.901465	0.022708	-0.888617	-0.421542	-0.180725
00133	9.997677	-1.228230	-1.985411	-0.514290	-0.847284	0.523339	-0.163205	-0.097056	0.981807	-0.426914	0.904105	0.018409	-0.889443	-0.416142	-0.188990
00134	9.930356	-0.423404	-2.404755	-0.548965	-0.775652	0.555688	-0.172443	-0.095258	0.980403	-0.421103	0.906904	0.014050	-0.890470	-0.410427	-0.196503
00135	9.677845	-0.234169	-3.086262	-0.623967	-0.680534	0.562537	-0.180994	-0.092865	0.979090	-0.414650	0.909930	0.009654	-0.891800	-0.404232	-0.203198
00136	9.183105	-0.106821	-3.840477	-0.628121	-0.568775	0.570039	-0.188394	-0.089980	0.977963	-0.407998	0.912967	0.005403	-0.893334	-0.397989	-0.208709
00137	8.909025	0.472251	-3.962843	-0.664228	-0.448648	0.566779	-0.194783	-0.086499	0.977025	-0.401034	0.916062	0.001150	-0.895115	-0.391597	-0.213123
00138	8.829073	1.055686	-2.826629	-0.772382	-0.254900	0.538386	-0.199185	-0.082575	0.976477	-0.393058	0.919510	-0.002420	-0.897681	-0.384294	-0.215609
00139	8.497135	0.066763	-1.230909	-0.830595	0.032133	0.486312	-0.200924	-0.077915	0.976503	-0.384663	0.923041	-0.005498	-0.900924	-0.376729	-0.215432
00140	8.289146	-3.177945	-0.815666	-0.583804	0.366934	0.483374	-0.199437	-0.072103	0.977254	-0.378435	0.925585	-0.008940	-0.903887	-0.371610	-0.211882
00141	7.746859	-6.325022	-0.271415	0.054672	0.677310	0.550970	-0.195548	-0.064411	0.978577	-0.377899	0.925732	-0.014583	-0.904960	-0.372655	-0.205366
00142	7.972848	-7.144013	-0.016867	1.098838	0.909761	0.616281	-0.189662	-0.055307	0.980290	-0.386651	0.921944	-0.022793	-0.902513	-0.383353	-0.196243
00143	8.816783	-6.007322	-0.058839	2.178279	1.130679	0.627404	-0.182083	-0.044956	0.982255	-0.405050	0.913689	-0.033268	-0.895980	-0.403920	-0.184577
00144	9.250747	-3.712966	-0.202263	2.904672	1.360479	0.550409	-0.172236	-0.034308	0.984458	-0.429969	0.901781	-0.043799	-0.886263	-0.430830	-0.170070
00145	8.480586	-0.670810	0.808175	3.029050	1.490022	0.383813	-0.160894	-0.024093	0.986678	-0.456079	0.888379	-0.052679	-0.875274	-0.458479	-0.153923
00146	10.290992	0.318454	0.111478	2.704860	1.568936	0.169943	-0.148013	-0.015236	0.988868	-0.479362	0.875682	-0.058259	-0.865046	-0.482649	-0.136916
00147	11.259021	1.511921	0.585109	2.044017	1.721059	-0.092814	-0.132837	-0.007365	0.991111	-0.497120	0.865591	-0.060196	-0.857453	-0.500697	-0.118644
00148	11.478997	1.329514	1.402506	1.278788	1.813777	-0.303565	-0.115772	-0.000825	0.993275	-0.508442	0.859104	-0.058548	-0.853278	-0.511801	-0.099880
00149	11.467486	-0.419871	1.684879	0.739865	1.880201	-0.413859	-0.097632	0.005476	0.995207	-0.515192	0.855292	-0.055248	-0.851496	-0.518117	-0.080683
00150	11.328824	-1.367130	1.441672	0.418642	1.897726	-0.433199	-0.079213	0.011617	0.996790	-0.519144	0.853152	-0.051199	-0.851008	-0.521533	-0.061550
00151	11.240441	-0.947383	1.055731	0.321720	1.865467	-0.394167	-0.061233	0.018108	0.997959	-0.522224	0.851485	-0.047493	-0.850607	-0.524066	-0.042683
00152	10.795375	0.443995	0.785011	0.281782	1.813488	-0.296520	-0.044236	0.025084	0.998706	-0.524780	0.850069	-0.044595	-0.850087	-0.526074	-0.024440
00153	10.448744	2.211382	0.558253	0.168053	1.764663	-0.127761	-0.028548	0.033461	0.999032	-0.526292	0.849191	-0.043482	-0.849824	-0.527024	-0.006632
00154	10.254371	3.733415	0.526351	-0.153128	1.697221	0.033972	-0.014269	0.042655	0.998988	-0.524986	0.849984	-0.043792	-0.850991	-0.525079	0.010265
00155	10.141311	4.577784	0.534075	-0.656009	1.618850	0.149440	-0.001111	0.052562	0.998617	-0.519320	0.853368	-0.045495	-0.854579	-0.518652	0.026349
00156	9.982796	4.480132	1.139790	-1.278296	1.547221	0.228701	0.011010	0.062431	0.997989	-0.508367	0.859792	-0.048178	-0.861070	-0.506814	0.041205
00157	10.173118	3.510602	2.616801	-1.979880	1.446939	0.263646	0.022257	0.072118	0.997148	-0.491196	0.869500	-0.051922	-0.870764	-0.488640	0.054776
00158	10.090066	2.098123	1.504420	-2.033540	1.266505	0.276264	0.032036	0.080580	0.996233	-0.473469	0.879037	-0.055875	-0.880228	-0.469895	0.066312
00159	9.080860	0.944654	0.454424	-2.005666	1.031189	0.259497	0.040042	0.087724	0.995340	-0.455772	0.888077	-0.059935	-0.889196	-0.451248	0.075542
00160	8.734781	0.515182	0.229619	-1.702592	0.730397	0.282789	0.045318	0.093459	0.994591	-0.440691	0.895370	-0.064056	-0.896514	-0.435405	0.081763
00161	8.581561	-0.008106	0.292413	-1.447197	0.445593	0.289879	0.048079	0.098063	0.994018	-0.427796	0.901297	-0.068224	-0.902596	-0.421957	0.085285
00162	8.476571	-0.685256	0.334965	-1.095327	0.232682	0.286066	0.048996	0.101593	0.993619	-0.418025	0.905580	-0.071978	-0.907113	-0.411830	0.086838
00163	7.984040	-1.233758	0.214432	-0.673063	0.042977	0.291328	0.048257	0.104613	0.993342	-0.411883	0.908093	-0.075625	-0.909958	-0.405491	0.086910
00164	7.680856	-1.522182	-0.380292	-0.214658	-0.103205	0.301761	0.046098	0.106911	0.993199	-0.410072	0.908645	-0.078776	-0.910887	-0.403652	0.085728
00165	7.503650	-1.007307	-0.841516	0.199312	-0.233528	0.328859	0.042655	0.109172	0.993107	-0.411862	0.907542	-0.082076	-0.910247	-0.405522	0.083675
00166	7.710955	-0.260371	-1.307494	0.394580	-0.341958	0.324095	0.038225	0.110692	0.993119	-0.415584	0.905580	-0.084940	-0.908751	-0.409477	0.080617
00167	7.733923	0.497790	-2.006572	0.448583	-0.406466	0.291645	0.033348	0.111895	0.993160	-0.419565	0.903479	-0.087703	-0.907113	-0.413770	0.077076
00168	7.401606	0.909843	-2.368736	0.342153	-0.462653	0.228019	0.028215	0.112007	0.993307	-0.422738	0.901804	-0.089681	-0.905813	-0.417378	0.072793
00169	7.387854	0.561658	-2.783773	0.231425	-0.488578	0.140745	0.023256	0.111440	0.993499	-0.424657	0.900760	-0.091097	-0.905056	-0.419778	0.068271
00170	7.790268	-0.301935	-2.589987	0.161598	-0.437086	0.049059	0.019113	0.110019	0.993746	-0.426131	0.900027	-0.091447	-0.904459	-0.421718	0.064085
00171	7.939559	-1.606887	-3.314943	0.396401	-0.329090	-0.004807	0.016152	0.108671	0.993946	-0.429648	0.898375	-0.091241	-0.902852	-0.425573	0.061201
00172	7.317808	-2.619766	-4.267725	0.727682	-0.199826	0.003750	0.014356	0.107824	0.994066	-0.436209	0.895252	-0.090807	-0.899731	-0.432317	0.059886
00173	7.132470	-4.611152	-4.638686	0.876578	-0.215591	0.097730	0.011956	0.107845	0.994096	-0.444031	0.891342	-0.091357	-0.895932	-0.440317	0.058544
00174	8.743555	-6.374637	-4.407044	1.035652	-0.335913	0.285255	0.007696	0.108862	0.994027	-0.453316	0.886425	-0.093568	-0.891317	-0.449888	0.056171
00175	10.851516	-5.552304	-3.253649	1.214091	-0.480363	0.476505	0.001267	0.110950	0.993825	-0.464083	0.880388	-0.097695	-0.885791	-0.461094	0.052605
00176	13.952842	0.862200	-1.402407	1.425590	-0.698394	0.464100	-0.007057	0.111730	0.993713	-0.476653	0.873205	-0.101566	-0.879063	-0.474373	0.047094
00177	16.531408	6.499886	1.834720	0.625249	-0.777625	0.092972	-0.014373	0.108869	0.993952	-0.482123	0.870113	-0.102277	-0.875985	-0.480678	0.039982
00178	15.680955	4.405897	2.458513	-0.360447	-0.700232	-0.254973	-0.019265	0.103269	0.994467	-0.479009	0.872113	-0.099843	-0.877598	-0.478282	0.032665
00179	12.745614	0.911092	0.705199	-0.518018	-0.623273	-0.331815	-0.023159	0.097451	0.994971	-0.474430	0.874962	-0.096740	-0.879989	-0.474284	0.025970
00180	9.781749	-2.121765	-1.006592	0.036998	-0.664503	-0.202998	-0.028020	0.092497	0.995319	-0.474810	0.874980	-0.094681	-0.879642	-0.475241	0.019402
00181	8.217787	-2.585642	-2.674202	1.030194	-0.757473	0.063166	-0.034947	0.089388	0.995384	-0.483808	0.869990	-0.095113	-0.874476	-0.484898	0.012844
00182	8.538731	0.198021	-3.040918	1.735260	-0.750650	0.285238	-0.042857	0.088137	0.995186	-0.498799	0.861188	-0.097750	-0.865657	-0.500587	0.007055
00183	9.941882	2.166530	-3.585334	1.877002	-0.657984	0.386536	-0.050469	0.088128	0.994830	-0.514677	0.851351	-0.101528	-0.855897	-0.517140	0.002390
00184	11.112741	3.540091	-3.904760	1.417432	-0.521466	0.385004	-0.056894	0.088641	0.994438	-0.526552	0.843594	-0.105320	-0.848237	-0.529616	-0.001321
00185	11.959098	4.422463	-3.545087	0.401393	-0.411719	0.289607	-0.061851	0.088883	0.994120	-0.529658	0.841285	-0.108172	-0.845953	-0.533234	-0.004957
00186	11.908617	3.172894	-2.652225	-0.837069	-0.267046	0.181354	-0.065047	0.088977	0.993907	-0.522448	0.845560	-0.109888	-0.850186	-0.526413	-0.008515
00187	10.592508	0.298200	-1.656464	-1.721452	-0.126867	0.096729	-0.066565	0.089101	0.993796	-0.507519	0.854512	-0.110608	-0.859065	-0.511733	-0.011660
00188	9.599619	-3.222314	-1.031136	-1.962755	-0.049326	0.017729	-0.067057	0.088984	0.993773	-0.490554	0.864377	-0.110499	-0.868827	-0.494909	-0.014311
00189	8.772974	-6.015659	-0.702773	-1.513126	-0.017190	-0.016689	-0.067092	0.088711	0.993795	-0.477229	0.871862	-0.110044	-0.876214	-0.481651	-0.016159
00190	8.315547	-6.685467	-0.193990	-0.653756	-0.051719	0.002306	-0.067535	0.088461	0.993788	-0.471493	0.874992	-0.109927	-0.879280	-0.475988	-0.017384
00191	8.579594	-5.001552	0.188755	0.182137	-0.103052	0.062792	-0.068728	0.088465	0.993705	-0.472976	0.874115	-0.110531	-0.878391	-0.477596	-0.018234
00192	9.160352	-2.693448	0.442604	0.736453	-0.133464	0.126470	-0.070478	0.088904	0.993544	-0.479348	0.870463	-0.111894	-0.874790	-0.484139	-0.018732
00193	9.690110	-0.496006	0.351434	1.013119	-0.164991	0.179413	-0.072764	0.089600	0.993316	-0.488019	0.865381	-0.113809	-0.869795	-0.493038	-0.019242
00194	10.280017	1.288227	0.291408	0.978578	-0.202760	0.206798	-0.075518	0.090354	0.993042	-0.496357	0.860330	-0.116025	-0.864827	-0.501666	-0.020122
00195	10.606498	1.968672	0.296973	0.697448	-0.220519	0.203268	-0.078446	0.090922	0.992763	-0.502170	0.856661	-0.118138	-0.861203	-0.507804	-0.021543
00196	10.425225	1.258258	0.347209	0.313371	-0.237892	0.163362	-0.081292	0.091087	0.992519	-0.504740	0.854918	-0.119800	-0.859435	-0.510703	-0.023523
00197	10.035423	-0.543546	0.295563	0.080598	-0.231425	0.126684	-0.083903	0.090949	0.992315	-0.505244	0.854447	-0.121033	-0.858888	-0.511516	-0.025739
00198	9.537338	-1.996345	0.384296	0.044612	-0.241981	0.108414	-0.086506	0.090615	0.992122	-0.505539	0.854122	-0.122091	-0.858456	-0.512118	-0.028077
00199	9.324481	-2.502863	0.529960	0.121648	-0.257538	0.096192	-0.089178	0.090054	0.991936	-0.506428	0.853463	-0.123012	-0.857659	-0.513314	-0.030505
00200	9.301396	-2.338175	0.770563	0.227071	-0.302160	0.083072	-0.092166	0.089186	0.991742	-0.508303	0.852222	-0.123878	-0.856232	-0.515522	-0.033212
00201	9.400019	-1.764367	0.758923	0.328986	-0.358545	0.075975	-0.095621	0.087895	0.991530	-0.511004	0.850489	-0.124673	-0.854243	-0.518597	-0.036410
00202	9.630754	-1.053228	0.869719	0.382665	-0.420373	0.086478	-0.099628	0.086420	0.991265	-0.514189	0.848424	-0.125646	-0.851871	-0.522215	-0.040090
00203	9.811860	-0.579250	0.757524	0.370433	-0.465022	0.105318	-0.104121	0.084847	0.990939	-0.517185	0.846426	-0.126816	-0.849517	-0.525703	-0.044249
00204	9.857895	-0.829018	0.278876	0.358044	-0.488869	0.116195	-0.108848	0.083230	0.990568	-0.520103	0.844442	-0.128103	-0.847139	-0.529141	-0.048627
00205	9.768452	-0.839429	-0.346541	0.319665	-0.499139	0.123765	-0.113677	0.081571	0.990163	-0.522626	0.842682	-0.129422	-0.844950	-0.532197	-0.053162
00206	9.583497	-0.797735	-0.692667	0.218243	-0.484838	0.122761	-0.118389	0.079998	0.989740	-0.524330	0.841420	-0.130728	-0.843245	-0.534427	-0.057669
00207	9.552076	-0.870447	-0.878626	0.076878	-0.465039	0.113180	-0.122886	0.078415	0.989318	-0.524795	0.840957	-0.131842	-0.842312	-0.535391	-0.062190
00208	9.527204	-0.960199	-0.880140	-0.044195	-0.443312	0.112770	-0.127187	0.076969	0.988888	-0.524287	0.841107	-0.132898	-0.841990	-0.535364	-0.066625
00209	9.568529	-1.170385	-0.808765	-0.167548	-0.430117	0.105924	-0.131338	0.075535	0.988456	-0.522681	0.841965	-0.133790	-0.842351	-0.534219	-0.071101
00210	9.721260	-1.581271	-0.709572	-0.219687	-0.418257	0.107285	-0.135399	0.074186	0.988010	-0.520692	0.843058	-0.134659	-0.842939	-0.532682	-0.075521
00211	9.689363	-1.695310	-0.808837	-0.206794	-0.417591	0.102661	-0.139462	0.072774	0.987550	-0.518777	0.844109	-0.135466	-0.843458	-0.531210	-0.079967
00212	9.553275	-1.721852	-0.720050	-0.176079	-0.427054	0.091984	-0.143518	0.071264	0.987079	-0.517167	0.844978	-0.136199	-0.843766	-0.530032	-0.084414
00213	9.530596	-1.987416	-0.790858	-0.119432	-0.432015	0.076406	-0.147552	0.069583	0.986604	-0.515994	0.845597	-0.136808	-0.843788	-0.529268	-0.088866
00214	9.606304	-1.967991	-0.934944	-0.077789	-0.440760	0.071585	-0.151617	0.067835	0.986109	-0.515237	0.845960	-0.137413	-0.843530	-0.528914	-0.093311
00215	9.813169	-1.681765	-0.941889	-0.044156	-0.441324	0.061163	-0.155638	0.065961	0.985609	-0.514732	0.846187	-0.137912	-0.843106	-0.528789	-0.097747
00216	9.946575	-1.217950	-0.934540	-0.050486	-0.444174	0.044643	-0.159589	0.063969	0.985109	-0.514242	0.846426	-0.138271	-0.842666	-0.528651	-0.102185
00217	9.849577	-1.119377	-1.113803	-0.071543	-0.443305	0.033581	-0.163488	0.061845	0.984605	-0.513546	0.846817	-0.138462	-0.842343	-0.528277	-0.106684
00218	9.648842	-1.016704	-1.090711	-0.106843	-0.447551	0.017259	-0.167324	0.059607	0.984099	-0.512624	0.847372	-0.138485	-0.842152	-0.527644	-0.111229
00219	9.650932	-1.449958	-0.953481	-0.123643	-0.447745	0.014037	-0.171139	0.057326	0.983578	-0.511516	0.848050	-0.138429	-0.842059	-0.526806	-0.115812
00220	9.761692	-1.686496	-0.912926	-0.110397	-0.452363	-0.004534	-0.174902	0.054884	0.983055	-0.510601	0.848635	-0.138224	-0.841841	-0.526124	-0.120404
00221	9.802619	-1.958952	-0.861978	-0.096741	-0.463728	-0.023582	-0.178694	0.052177	0.982520	-0.509797	0.849184	-0.137814	-0.841532	-0.525512	-0.125144
00222	9.809570	-2.109223	-0.882701	-0.085962	-0.464361	-0.029800	-0.182426	0.049463	0.981975	-0.509134	0.849652	-0.137382	-0.841132	-0.525019	-0.129815
00223	9.958795	-2.158795	-1.085017	-0.079222	-0.479518	-0.057328	-0.186166	0.046445	0.981420	-0.508558	0.850107	-0.136699	-0.840661	-0.524558	-0.134641
00224	9.974045	-2.136803	-1.128504	-0.070980	-0.483038	-0.086013	-0.189766	0.043158	0.980880	-0.508130	0.850519	-0.135728	-0.840115	-0.524171	-0.139469
00225	9.999992	-1.873106	-1.069813	-0.045156	-0.500470	-0.109770	-0.193403	0.039545	0.980322	-0.507933	0.850827	-0.134529	-0.839404	-0.523956	-0.144467
00226	9.977571	-1.286260	-0.607058	-0.035281	-0.526118	-0.138983	-0.197089	0.035584	0.979740	-0.507915	0.851064	-0.133085	-0.838557	-0.523854	-0.149662
00227	9.654899	-0.811112	0.101839	-0.084629	-0.576746	-0.156572	-0.201121	0.031190	0.979070	-0.507502	0.851576	-0.131380	-0.837850	-0.523303	-0.155441
00228	9.136990	-0.622273	0.729569	-0.106137	-0.650150	-0.164148	-0.205711	0.026370	0.978257	-0.506954	0.852178	-0.129575	-0.837067	-0.522587	-0.161934
00229	9.190684	-0.494940	1.283964	-0.119734	-0.755359	-0.152945	-0.211253	0.021094	0.977204	-0.506265	0.852848	-0.127855	-0.836103	-0.521734	-0.169487
00230	9.639988	-0.150302	1.647814	-0.157145	-0.866388	-0.120945	-0.217858	0.015525	0.975857	-0.505219	0.853689	-0.126370	-0.835040	-0.520552	-0.178139
00231	9.755085	0.644891	1.902693	-0.252159	-0.983051	-0.084903	-0.225615	0.009660	0.974169	-0.503293	0.855021	-0.125040	-0.834143	-0.518503	-0.188044
00232	9.309321	0.920210	1.972798	-0.479438	-1.102627	-0.066074	-0.234458	0.003377	0.972120	-0.499454	0.857501	-0.123438	-0.834011	-0.514471	-0.199362
00233	9.307924	0.383143	1.793577	-0.604211	-1.247242	-0.047109	-0.244625	-0.003470	0.969611	-0.494523	0.860604	-0.121685	-0.834029	-0.509263	-0.212242
00234	9.504995	-0.013279	1.244269	-0.641616	-1.364554	-0.006868	-0.255949	-0.010463	0.966634	-0.489199	0.863852	-0.120182	-0.833771	-0.503636	-0.226220
00235	9.899953	0.129108	0.866306	-0.636394	-1.480504	0.033211	-0.268447	-0.017660	0.963133	-0.483790	0.867064	-0.118945	-0.832997	-0.497884	-0.241305
00236	10.409027	0.324410	0.300602	-0.668917	-1.578333	0.066903	-0.281886	-0.024912	0.959124	-0.478047	0.870387	-0.117891	-0.831872	-0.491738	-0.257259
00237	11.041082	0.688710	0.221436	-0.739889	-1.671268	0.077111	-0.296164	-0.032460	0.954585	-0.471675	0.874027	-0.116619	-0.830548	-0.484792	-0.274166
00238	11.732605	0.869392	0.164511	-0.813757	-1.765941	0.081922	-0.311180	-0.040258	0.949498	-0.464683	0.877969	-0.115066	-0.828997	-0.477022	-0.291914
00239	12.232178	1.282132	0.547266	-0.912837	-1.851333	0.072178	-0.326858	-0.048430	0.943832	-0.456886	0.882325	-0.112950	-0.827296	-0.468142	-0.310522
00240	12.770338	1.476318	1.456667	-1.050864	-1.966408	0.060981	-0.343364	-0.057019	0.937470	-0.448008	0.887221	-0.110128	-0.825464	-0.457808	-0.330184
00241	13.803707	1.577521	2.606314	-1.196453	-2.073635	0.073675	-0.360818	-0.065807	0.930312	-0.437871	0.892686	-0.106681	-0.823456	-0.445849	-0.350913
00242	15.157479	1.518435	3.282048	-1.341666	-2.161432	0.141747	-0.379187	-0.074053	0.922352	-0.426325	0.898674	-0.103113	-0.821258	-0.432321	-0.372336
00243	15.704192	1.371551	0.534797	-1.195509	-2.122579	0.247681	-0.397629	-0.080900	0.913973	-0.415570	0.903960	-0.100782	-0.818042	-0.419894	-0.393061
00244	13.819829	2.348535	-1.058085	-1.118010	-2.117837	0.318156	-0.416199	-0.086809	0.905120	-0.405165	0.908852	-0.099139	-0.814015	-0.407985	-0.413435
00245	12.831132	3.258978	-0.899600	-1.138081	-2.169087	0.395119	-0.435339	-0.091944	0.895559	-0.394246	0.913783	-0.097831	-0.809352	-0.395660	-0.434053
00246	12.781215	2.844089	-0.589357	-1.245222	-2.135161	0.468361	-0.454370	-0.095982	0.885627	-0.382127	0.919063	-0.096444	-0.804690	-0.382243	-0.454273
00247	12.968850	1.160389	-0.185201	-1.385545	-2.067398	0.492791	-0.472766	-0.099211	0.875585	-0.368709	0.924749	-0.094301	-0.800341	-0.367419	-0.473770
00248	12.574794	-2.618475	0.575608	-1.583477	-1.978535	0.488372	-0.490311	-0.101811	0.865580	-0.353729	0.930923	-0.090875	-0.796536	-0.350738	-0.492455
00249	11.967186	-7.131273	0.165135	-1.472676	-1.956780	0.520794	-0.507596	-0.103672	0.855335	-0.339437	0.936510	-0.087927	-0.791915	-0.334964	-0.510559
00250	11.137851	-10.575083	-1.719416	-0.853168	-1.954113	0.584360	-0.524939	-0.104664	0.844680	-0.329711	0.939930	-0.088438	-0.784684	-0.324925	-0.527915
00251	10.431687	-10.707853	-3.296899	0.020173	-2.010938	0.656625	-0.542698	-0.105018	0.833337	-0.326430	0.940530	-0.094056	-0.773901	-0.323070	-0.544705
00252	10.097827	-8.014457	-3.769170	0.859426	-2.129781	0.715133	-0.561354	-0.105269	0.820853	-0.329089	0.938477	-0.104699	-0.759330	-0.328907	-0.561461
00253	10.329061	-5.249783	-5.166857	1.328348	-2.137039	0.669104	-0.579553	-0.106157	0.807991	-0.335375	0.934697	-0.117752	-0.742726	-0.339224	-0.577309
00254	9.835961	-3.091283	-5.987607	1.315578	-1.938476	0.563972	-0.595691	-0.107598	0.795974	-0.341748	0.930766	-0.129938	-0.726884	-0.349425	-0.591220
00255	8.716756	-1.587070	-6.129975	1.015525	-1.635210	0.442320	-0.608914	-0.109288	0.785672	-0.346546	0.927594	-0.139552	-0.713533	-0.357246	-0.602699
