// General information: 
//  MT Manager version: 2022.2.0 
//  XDA version: 2022.2.0 build 7381 rev 124627 built on 2023-07-19
// Device information: 
//  DeviceId: 00B4CAF0
//  ProductCode: MTW2-3A7G6
//  Firmware Version: 4.6.0
//  Hardware Version: 2.0.0
// Device settings: 
//  Filter Profile: human(46.1)
//  Option Flags: Orientation Smoother Disabled, Position/Velocity Smoother Disabled, Continuous Zero Rotation Update Disabled, AHS Disabled, ICC Disabled
// Coordinate system: ENU
PacketCounter	Acc_X	Acc_Y	Acc_Z	Gyr_X	Gyr_Y	Gyr_Z	Mat[1][1]	Mat[2][1]	Mat[3][1]	Mat[1][2]	Mat[2][2]	Mat[3][2]	Mat[1][3]	Mat[2][3]	Mat[3][3]
47875	5.855963	0.837943	8.380465	0.000429	0.006673	0.005014	0.579510	0.583213	0.569238	-0.744058	0.663594	0.077599	-0.332486	-0.468515	0.818503
47876	5.842452	0.807845	8.392273	0.000032	0.005943	0.003701	0.579805	0.582989	0.569166	-0.743787	0.663888	0.077679	-0.332576	-0.468377	0.818545
47877	5.857484	0.848112	8.359255	0.003916	0.005880	0.004821	0.579797	0.583031	0.569132	-0.743809	0.663864	0.077671	-0.332541	-0.468359	0.818570
47878	5.824582	0.839289	8.351687	0.004313	0.006609	0.006135	0.579816	0.583053	0.569090	-0.743795	0.663883	0.077642	-0.332539	-0.468304	0.818602
47879	5.864688	0.857053	8.392230	0.000584	0.003358	-0.000336	0.579837	0.583049	0.569072	-0.743777	0.663904	0.077636	-0.332544	-0.468278	0.818615
47880	5.810017	0.858592	8.387165	0.000733	0.006088	0.007153	0.580028	0.582921	0.569009	-0.743598	0.664102	0.077660	-0.332610	-0.468158	0.818656
47881	5.867271	0.817936	8.347332	0.003332	0.002521	0.005158	0.580006	0.582949	0.569002	-0.743620	0.664079	0.077645	-0.332599	-0.468156	0.818663
47882	5.853253	0.837429	8.382409	0.005169	0.003439	0.004236	0.580288	0.582705	0.568965	-0.743368	0.664346	0.077772	-0.332671	-0.468081	0.818676
47883	5.833498	0.858431	8.363315	0.000033	0.005943	0.003701	0.580288	0.582739	0.568929	-0.743370	0.664347	0.077739	-0.332665	-0.468036	0.818704
47884	5.822673	0.839040	8.353043	0.004679	0.001395	0.003748	0.580423	0.582612	0.568922	-0.743246	0.664479	0.077802	-0.332709	-0.468007	0.818703
47885	5.849972	0.827036	8.404864	0.003029	0.003106	0.003019	0.580419	0.582629	0.568909	-0.743255	0.664470	0.077797	-0.332696	-0.467999	0.818713
47886	5.822380	0.839111	8.353241	0.001098	0.000874	0.004766	0.580471	0.582557	0.568929	-0.743194	0.664535	0.077817	-0.332740	-0.467995	0.818697
47887	5.863370	0.807540	8.370227	0.003614	0.006464	0.002683	0.580481	0.582588	0.568888	-0.743203	0.664525	0.077819	-0.332704	-0.467972	0.818725
47888	5.829918	0.848165	8.385965	0.006726	0.000413	0.005791	0.580366	0.582672	0.568918	-0.743314	0.664402	0.077807	-0.332655	-0.468041	0.818705
47889	5.865576	0.818348	8.348484	0.002538	0.001062	0.002531	0.580359	0.582676	0.568921	-0.743318	0.664398	0.077801	-0.332658	-0.468042	0.818704
47890	5.841078	0.818551	8.373029	0.004773	0.002709	0.002923	0.580459	0.582595	0.568903	-0.743228	0.664495	0.077838	-0.332685	-0.468006	0.818713
47891	5.819075	0.829366	8.375646	0.006423	0.000998	0.003652	0.580443	0.582606	0.568907	-0.743252	0.664466	0.077857	-0.332660	-0.468033	0.818708
47892	5.862028	0.857916	8.394000	0.006025	0.000268	0.002339	0.580517	0.582510	0.568930	-0.743190	0.664526	0.077938	-0.332670	-0.468067	0.818684
47893	5.840960	0.819438	8.373025	0.004188	-0.000649	0.003260	0.580499	0.582511	0.568948	-0.743204	0.664510	0.077941	-0.332670	-0.468089	0.818672
47894	5.862839	0.809011	8.370457	0.002539	0.001062	0.002531	0.580590	0.582419	0.568949	-0.743107	0.664615	0.077962	-0.332726	-0.468054	0.818669
47895	5.843380	0.830143	8.351139	0.004680	0.001395	0.003748	0.580575	0.582433	0.568950	-0.743126	0.664594	0.077966	-0.332711	-0.468067	0.818668
47896	5.821422	0.840857	8.353733	0.004680	0.001395	0.003748	0.580793	0.582236	0.568930	-0.742916	0.664821	0.078038	-0.332800	-0.467991	0.818675
47897	5.843243	0.830455	8.351204	0.002141	0.000333	0.001217	0.580794	0.582227	0.568938	-0.742911	0.664826	0.078036	-0.332810	-0.467993	0.818670
47898	5.853691	0.849793	8.361741	0.001591	0.002919	0.005254	0.580883	0.582153	0.568923	-0.742810	0.664941	0.078022	-0.332879	-0.467923	0.818681
47899	5.875488	0.839165	8.359253	0.002445	-0.000252	0.003356	0.580866	0.582156	0.568938	-0.742818	0.664933	0.078011	-0.332891	-0.467931	0.818672
47900	5.840514	0.819807	8.373300	0.001193	0.002189	0.003941	0.580973	0.582044	0.568942	-0.742697	0.665067	0.078020	-0.332973	-0.467880	0.818668
47901	5.853399	0.849643	8.361960	0.002633	0.002376	0.001706	0.580977	0.582048	0.568934	-0.742697	0.665067	0.078020	-0.332968	-0.467873	0.818674
47902	5.840286	0.819796	8.373460	0.003146	-0.000107	0.006809	0.581144	0.581891	0.568924	-0.742527	0.665252	0.078061	-0.333055	-0.467806	0.818677
47903	5.861228	0.858586	8.394491	0.002821	0.005004	0.000055	0.581169	0.581897	0.568892	-0.742517	0.665262	0.078071	-0.333033	-0.467785	0.818698
47904	5.842488	0.830352	8.351742	0.000210	-0.001898	0.002965	0.581433	0.581630	0.568896	-0.742229	0.665578	0.078109	-0.333214	-0.467667	0.818692
47905	5.837643	0.809293	8.395479	0.002749	-0.000836	0.005496	0.581398	0.581644	0.568917	-0.742251	0.665557	0.078089	-0.333227	-0.467680	0.818679
47906	5.842786	0.830288	8.351541	0.006236	-0.001631	0.005304	0.581589	0.581427	0.568943	-0.742054	0.665766	0.078173	-0.333331	-0.467651	0.818653
47907	5.862329	0.809353	8.370781	0.002351	-0.001566	0.004182	0.581562	0.581429	0.568969	-0.742067	0.665754	0.078157	-0.333351	-0.467666	0.818637
47908	5.831852	0.860395	8.364262	0.005838	-0.002361	0.003990	0.581502	0.581434	0.569026	-0.742117	0.665696	0.078177	-0.333344	-0.467744	0.818595
47909	5.873172	0.828985	8.381012	0.002540	0.001062	0.002531	0.581495	0.581437	0.569029	-0.742121	0.665692	0.078171	-0.333347	-0.467745	0.818593
47910	5.862756	0.809693	8.370449	0.003603	-0.004007	0.003599	0.581689	0.581204	0.569069	-0.741913	0.665915	0.078251	-0.333472	-0.467717	0.818558
47911	5.853992	0.850141	8.361495	0.003430	0.003835	0.004332	0.581678	0.581232	0.569051	-0.741930	0.665897	0.078242	-0.333452	-0.467708	0.818571
47912	5.840842	0.820482	8.373004	0.005933	-0.001047	0.003165	0.581815	0.581070	0.569078	-0.741780	0.666059	0.078288	-0.333548	-0.467679	0.818548
47913	5.862690	0.810017	8.370464	0.001194	0.002189	0.003940	0.581802	0.581088	0.569072	-0.741787	0.666053	0.078264	-0.333554	-0.467665	0.818554
47914	5.843246	0.831151	8.351132	0.006027	0.000266	0.002339	0.581708	0.581171	0.569084	-0.741886	0.665943	0.078257	-0.333497	-0.467718	0.818547
47915	5.856271	0.861248	8.339665	0.004682	0.001394	0.003749	0.581694	0.581183	0.569085	-0.741904	0.665923	0.078262	-0.333482	-0.467731	0.818546
47916	5.851252	0.840424	8.383506	0.002446	-0.000252	0.003357	0.581760	0.581112	0.569091	-0.741825	0.666011	0.078261	-0.333542	-0.467695	0.818542
47917	5.853803	0.850889	8.361551	0.002446	-0.000252	0.003357	0.581744	0.581114	0.569105	-0.741833	0.666003	0.078251	-0.333553	-0.467703	0.818533
47918	5.873189	0.830060	8.380894	0.006028	0.000266	0.002340	0.581815	0.581037	0.569111	-0.741769	0.666069	0.078301	-0.333571	-0.467705	0.818524
47919	5.840678	0.821370	8.373032	0.001195	0.002190	0.003940	0.581803	0.581055	0.569105	-0.741776	0.666064	0.078276	-0.333578	-0.467690	0.818530
47920	5.861786	0.859924	8.393964	0.001006	-0.000438	0.005592	0.581832	0.580995	0.569137	-0.741719	0.666129	0.078256	-0.333653	-0.467672	0.818510
47921	5.832624	0.812075	8.340694	0.000702	0.000146	0.003453	0.581816	0.580999	0.569148	-0.741722	0.666130	0.078230	-0.333675	-0.467665	0.818505
47922	5.853843	0.850844	8.361528	0.003791	-0.001380	0.001948	0.581943	0.580861	0.569160	-0.741585	0.666277	0.078267	-0.333756	-0.467627	0.818494
47923	5.829493	0.851014	8.385972	0.000797	0.001460	0.002627	0.581938	0.580866	0.569159	-0.741583	0.666282	0.078247	-0.333770	-0.467614	0.818496
47924	5.853876	0.850758	8.361513	0.000608	-0.001168	0.004279	0.582013	0.580767	0.569185	-0.741479	0.666400	0.078231	-0.333870	-0.467570	0.818480
47925	5.827149	0.840167	8.407821	-0.001534	-0.001500	0.003061	0.581995	0.580761	0.569209	-0.741472	0.666413	0.078190	-0.333919	-0.467558	0.818467
47926	5.845941	0.841423	8.329097	0.003338	0.002521	0.005158	0.582264	0.580509	0.569190	-0.741193	0.666717	0.078242	-0.334068	-0.467437	0.818475
47927	5.853920	0.850181	8.361541	-0.001041	0.000544	0.003549	0.582249	0.580516	0.569198	-0.741190	0.666725	0.078202	-0.334101	-0.467416	0.818473
47928	5.808367	0.811393	8.365155	0.000399	0.000730	0.001313	0.582247	0.580506	0.569211	-0.741181	0.666736	0.078189	-0.334124	-0.467414	0.818465
47929	5.862076	0.858854	8.393871	0.002257	-0.002880	0.005009	0.582210	0.580507	0.569248	-0.741197	0.666720	0.078168	-0.334152	-0.467435	0.818442
47930	5.851666	0.839237	8.383336	-0.000737	-0.000040	0.005688	0.582060	0.580631	0.569276	-0.741333	0.666577	0.078108	-0.334114	-0.467486	0.818428
47931	5.819461	0.830111	8.375304	0.000021	-0.004525	0.004618	0.582020	0.580621	0.569326	-0.741339	0.666574	0.078070	-0.334168	-0.467502	0.818397
47932	5.852260	0.838665	8.382979	0.000115	-0.003212	0.003792	0.582018	0.580576	0.569374	-0.741314	0.666604	0.078057	-0.334229	-0.467515	0.818365
47933	5.842220	0.819122	8.372176	0.000778	-0.009011	0.003547	0.581971	0.580539	0.569460	-0.741317	0.666604	0.078032	-0.334304	-0.467562	0.818307
47934	5.853146	0.838189	8.382407	-0.005231	0.001195	0.000288	0.581971	0.580531	0.569469	-0.741290	0.666640	0.077974	-0.334364	-0.467520	0.818307
47935	5.869673	0.828584	8.325464	-0.003655	-0.006356	0.006461	0.581911	0.580525	0.569535	-0.741295	0.666644	0.077896	-0.334457	-0.467522	0.818268
47936	5.821584	0.828592	8.373979	0.001913	-0.008241	-0.000828	0.582179	0.580195	0.569597	-0.741004	0.666954	0.078008	-0.334635	-0.467489	0.818214
47937	5.857179	0.847873	8.359493	0.001272	-0.006968	0.004034	0.582135	0.580170	0.569667	-0.741011	0.666949	0.077984	-0.334694	-0.467527	0.818167
47938	5.842433	0.807436	8.392326	0.000192	-0.012369	0.003886	0.582199	0.580012	0.569763	-0.740897	0.667074	0.077995	-0.334836	-0.467544	0.818099
47939	5.836372	0.907510	8.384289	0.002617	-0.008096	0.002625	0.582162	0.579972	0.569841	-0.740901	0.667071	0.077990	-0.334892	-0.467599	0.818046
47940	5.857736	0.787841	8.356348	0.001273	-0.006968	0.004034	0.582291	0.579792	0.569893	-0.740746	0.667238	0.078032	-0.335012	-0.467583	0.818005
47941	5.863615	0.808614	8.311890	-0.000605	-0.013828	0.001260	0.582245	0.579716	0.570017	-0.740730	0.667258	0.078009	-0.335125	-0.467649	0.817921
47942	5.817946	0.868252	8.361554	-0.003481	-0.014199	0.005732	0.582393	0.579453	0.570134	-0.740499	0.667517	0.077994	-0.335380	-0.467606	0.817841
47943	5.857734	0.825648	8.399593	-0.003199	-0.010258	0.003253	0.582345	0.579407	0.570230	-0.740486	0.667537	0.077938	-0.335492	-0.467634	0.817780
47944	5.798370	0.878579	8.362560	0.013251	-0.018333	0.001313	0.582338	0.579256	0.570390	-0.740463	0.667550	0.078047	-0.335555	-0.467802	0.817658
47945	5.894168	0.736044	8.358706	-0.011745	-0.016108	0.003007	0.582272	0.579181	0.570534	-0.740420	0.667612	0.077922	-0.335764	-0.467807	0.817569
47946	5.827604	0.937989	8.337460	0.010523	-0.022022	0.000435	0.582535	0.578744	0.570709	-0.740095	0.667955	0.078072	-0.336023	-0.467859	0.817433
47947	5.813394	0.740514	8.321095	0.017500	-0.023618	0.000048	0.582466	0.578614	0.570911	-0.740134	0.667897	0.078204	-0.336060	-0.468102	0.817279
47948	5.948831	0.895539	8.354045	-0.005446	-0.022375	0.003791	0.582607	0.578279	0.571107	-0.739877	0.668182	0.078203	-0.336380	-0.468110	0.817142
47949	5.799909	0.848822	8.421982	0.015974	-0.025119	0.003110	0.582510	0.578162	0.571324	-0.739928	0.668113	0.078305	-0.336436	-0.468352	0.816981
47950	5.889169	0.779843	8.288652	-0.008294	-0.022853	-0.000873	0.582703	0.577790	0.571503	-0.739611	0.668466	0.078286	-0.336797	-0.468307	0.816857
47951	5.852777	0.849325	8.369909	0.022369	-0.030074	0.003058	0.582590	0.577649	0.571760	-0.739683	0.668368	0.078441	-0.336835	-0.468620	0.816662
47952	5.876922	0.839112	8.365663	-0.009819	-0.024353	0.002196	0.582674	0.577359	0.571969	-0.739470	0.668609	0.078400	-0.337159	-0.468636	0.816520
47953	5.900625	0.828521	8.361753	0.016026	-0.019175	0.006801	0.582569	0.577294	0.572140	-0.739542	0.668519	0.078482	-0.337180	-0.468843	0.816392
47954	5.896309	0.879697	8.329426	0.001265	-0.027916	0.005889	0.582836	0.576819	0.572348	-0.739163	0.668931	0.078551	-0.337552	-0.468841	0.816240
47955	5.819261	0.750247	8.420716	0.006600	-0.017326	0.003841	0.582760	0.576743	0.572502	-0.739186	0.668902	0.078572	-0.337632	-0.468974	0.816130
47956	5.934014	0.971238	8.237407	0.013653	-0.038558	0.004475	0.582725	0.576466	0.572817	-0.739116	0.668968	0.078670	-0.337845	-0.469221	0.815900
47957	5.889492	0.719133	8.409527	-0.005697	-0.015846	0.005361	0.582643	0.576407	0.572959	-0.739106	0.668989	0.078583	-0.338008	-0.469264	0.815808
47958	5.857022	0.831308	8.348961	0.013702	-0.032612	0.008168	0.583107	0.575699	0.573199	-0.738537	0.669593	0.078790	-0.338451	-0.469272	0.815619
47959	5.888271	0.901763	8.301937	0.006017	-0.031162	0.005114	0.582975	0.575566	0.573467	-0.738566	0.669560	0.078800	-0.338616	-0.469481	0.815430
47960	5.852957	0.740946	8.409751	0.005131	-0.023463	0.002389	0.583372	0.574984	0.573646	-0.738077	0.670082	0.078946	-0.338997	-0.469450	0.815290
47961	5.854493	0.945399	8.259550	0.030712	-0.043292	0.002169	0.583220	0.574775	0.574010	-0.738172	0.669950	0.079174	-0.339051	-0.469894	0.815011
47962	5.937108	0.740671	8.386157	-0.015666	-0.021879	0.007387	0.583708	0.574097	0.574193	-0.737493	0.670703	0.079123	-0.339689	-0.469648	0.814888
47963	5.806966	0.875286	8.325641	0.008534	-0.036054	0.003951	0.583568	0.573933	0.574499	-0.737523	0.670666	0.079160	-0.339865	-0.469902	0.814668
47964	5.929509	0.891918	8.343690	0.018514	-0.040500	0.002866	0.584041	0.573138	0.574813	-0.736914	0.671308	0.079394	-0.340372	-0.469957	0.814424
47965	5.864002	0.755126	8.323167	-0.008544	-0.037278	0.002584	0.583907	0.572958	0.575127	-0.736878	0.671358	0.079300	-0.340681	-0.470103	0.814211
47966	5.842623	0.855494	8.391729	0.047113	-0.052707	0.001010	0.584122	0.572324	0.575541	-0.736608	0.671602	0.079742	-0.340896	-0.470528	0.813876
47967	6.032732	0.873004	8.280745	-0.018371	-0.046524	0.008422	0.583913	0.572140	0.575935	-0.736572	0.671666	0.079535	-0.341331	-0.470660	0.813617
47968	5.781204	0.900099	8.318154	0.026992	-0.035974	0.003906	0.584341	0.571419	0.576217	-0.736058	0.672194	0.079839	-0.341708	-0.470782	0.813388
47969	5.928512	0.785092	8.384253	-0.000954	-0.056481	0.003728	0.584133	0.571156	0.576688	-0.736054	0.672203	0.079801	-0.342073	-0.471088	0.813057
47970	5.881834	1.011864	8.183659	0.039108	-0.056414	0.010409	0.584268	0.570552	0.577150	-0.735809	0.672431	0.080140	-0.342369	-0.471495	0.812696
47971	5.944244	0.687189	8.385370	-0.000093	-0.038591	0.009110	0.584081	0.570409	0.577480	-0.735839	0.672405	0.080078	-0.342623	-0.471704	0.812468
47972	5.873436	0.939882	8.331785	0.009054	-0.050344	0.010849	0.584270	0.569799	0.577891	-0.735436	0.672838	0.080137	-0.343165	-0.471824	0.812170
47973	5.911157	0.901248	8.312395	0.049653	-0.063473	0.005269	0.584026	0.569513	0.578419	-0.735615	0.672600	0.080501	-0.343199	-0.472508	0.811758
47974	5.996594	0.729619	8.317548	-0.019936	-0.038859	0.011449	0.584323	0.568908	0.578714	-0.735043	0.673244	0.080332	-0.343915	-0.472320	0.811564
47975	5.903774	0.911287	8.363430	0.032966	-0.053486	0.004292	0.584120	0.568662	0.579161	-0.735159	0.673090	0.080566	-0.344013	-0.472835	0.811222
47976	5.985243	0.883190	8.218663	0.009818	-0.050203	0.014318	0.584712	0.567631	0.579576	-0.734305	0.674005	0.080698	-0.344830	-0.472771	0.810913
47977	5.927437	0.771433	8.374295	-0.006054	-0.032902	0.010515	0.584534	0.567524	0.579860	-0.734323	0.674001	0.080580	-0.345095	-0.472906	0.810722
47978	5.939946	0.812348	8.283921	0.007764	-0.049225	0.012284	0.585078	0.566553	0.580260	-0.733533	0.674844	0.080720	-0.345853	-0.472867	0.810421
47979	5.974498	0.942523	8.236552	0.023807	-0.053424	0.013477	0.584807	0.566369	0.580713	-0.733670	0.674681	0.080827	-0.346018	-0.473320	0.810086
47980	5.993656	0.719917	8.347437	-0.008801	-0.031951	0.014189	0.585572	0.565319	0.580965	-0.732613	0.675834	0.080790	-0.346964	-0.472931	0.809909
47981	5.920576	0.863097	8.269763	0.012427	-0.043315	0.011374	0.585352	0.565168	0.581334	-0.732699	0.675738	0.080816	-0.347154	-0.473249	0.809642
47982	5.974355	0.840827	8.315528	0.016489	-0.046600	0.016273	0.585512	0.564609	0.581714	-0.732368	0.676081	0.080948	-0.347582	-0.473425	0.809355
47983	5.972182	0.792907	8.235178	0.003659	-0.047268	0.008235	0.585301	0.564418	0.582112	-0.732404	0.676044	0.080922	-0.347860	-0.473706	0.809072
47984	5.982564	0.791613	8.286487	0.011466	-0.047415	0.010425	0.585719	0.563596	0.582488	-0.731768	0.676716	0.081060	-0.348494	-0.473724	0.808788
47985	5.999078	0.791809	8.391967	0.066569	-0.039475	0.001625	0.585584	0.563397	0.582817	-0.731986	0.676418	0.081581	-0.348266	-0.474386	0.808498
47986	6.033912	0.807760	8.154505	-0.005514	-0.057792	0.009280	0.585914	0.562571	0.583283	-0.731335	0.677125	0.081553	-0.349076	-0.474358	0.808165
47987	5.941981	0.858939	8.274194	0.030840	-0.038735	0.006627	0.585744	0.562409	0.583610	-0.731457	0.676968	0.081756	-0.349105	-0.474774	0.807908
47988	6.056821	0.817699	8.234921	0.019007	-0.051634	0.005984	0.585947	0.561769	0.584022	-0.731084	0.677347	0.081956	-0.349545	-0.474991	0.807590
47989	5.991253	0.830597	8.284449	0.029713	-0.045464	0.007343	0.585749	0.561579	0.584403	-0.731207	0.677192	0.082146	-0.349622	-0.475436	0.807295
47990	6.000171	0.854122	8.236758	0.055123	-0.064656	0.014038	0.586307	0.560453	0.584924	-0.730462	0.677938	0.082613	-0.350242	-0.475701	0.806870
47991	5.918192	0.768423	8.318576	0.038678	-0.045918	0.024260	0.585983	0.560375	0.585323	-0.730715	0.677646	0.082776	-0.350257	-0.476210	0.806564
47992	5.841206	0.752968	8.379092	0.054651	-0.083176	0.010880	0.586033	0.559634	0.585982	-0.730502	0.677821	0.083222	-0.350616	-0.476832	0.806039
47993	6.009196	0.873149	8.334164	0.085739	-0.091194	0.007604	0.585672	0.559226	0.586731	-0.730822	0.677397	0.083862	-0.350552	-0.477912	0.805428
47994	5.929888	0.773599	8.270506	0.074727	-0.092146	0.008645	0.585610	0.558524	0.587462	-0.730768	0.677381	0.084451	-0.350768	-0.478754	0.804833
47995	6.029406	0.807088	8.231042	0.085748	-0.109003	0.005788	0.585200	0.558016	0.588352	-0.731078	0.676966	0.085100	-0.350807	-0.479932	0.804114
47996	6.029493	0.854320	8.214718	0.089874	-0.106471	0.005216	0.586020	0.556255	0.589204	-0.729996	0.678027	0.085940	-0.351691	-0.480479	0.803401
47997	6.025544	0.881469	8.242454	0.098025	-0.108530	0.010373	0.585577	0.555779	0.590092	-0.730376	0.677526	0.086660	-0.351639	-0.481735	0.802671
47998	6.073161	0.928511	8.175712	0.097999	-0.108704	0.001250	0.585933	0.554479	0.590961	-0.729844	0.677991	0.087498	-0.352150	-0.482577	0.801941
47999	6.134648	0.925281	8.194017	0.116240	-0.112780	-0.005560	0.585592	0.553872	0.591868	-0.730195	0.677489	0.088457	-0.351990	-0.483979	0.801166
48000	6.033065	0.994821	8.367798	0.079115	-0.073208	0.010785	0.586159	0.552641	0.592457	-0.729477	0.678174	0.089126	-0.352534	-0.484426	0.800657
48001	6.047956	0.916619	7.917993	0.116721	-0.133495	0.014814	0.585596	0.552068	0.593547	-0.729949	0.677555	0.089966	-0.352493	-0.485943	0.799755
48002	6.154119	0.867336	8.216203	0.075564	-0.086857	0.014586	0.586262	0.550588	0.594264	-0.729018	0.678473	0.090593	-0.353313	-0.486340	0.799152
48003	5.981525	1.009825	8.202237	0.103460	-0.109131	0.017159	0.585767	0.550147	0.595159	-0.729458	0.677904	0.091312	-0.353226	-0.487631	0.798403
48004	6.149670	0.891644	8.204846	0.100788	-0.108170	0.020854	0.586590	0.548312	0.596042	-0.728325	0.679009	0.092140	-0.354196	-0.488160	0.797649
48005	6.073397	0.901874	8.164842	0.100859	-0.108194	0.020875	0.586071	0.547899	0.596932	-0.728777	0.678431	0.092814	-0.354124	-0.489426	0.796905
48006	6.146557	0.967056	8.215048	0.119123	-0.112319	0.014028	0.587135	0.545755	0.597850	-0.727411	0.679753	0.093853	-0.355169	-0.489987	0.796095
48007	6.093798	0.927747	8.126981	0.106362	-0.115275	0.026101	0.586552	0.545340	0.598799	-0.727915	0.679119	0.094538	-0.355100	-0.491327	0.795300
48008	6.147618	1.012625	8.157519	0.098572	-0.115150	0.024001	0.586719	0.544119	0.599746	-0.727500	0.679462	0.095258	-0.355673	-0.492205	0.794500
48009	6.146318	1.000188	8.139665	0.113486	-0.118280	0.026517	0.586123	0.543689	0.600718	-0.728032	0.678789	0.095995	-0.355570	-0.493607	0.793677
48010	6.163820	1.007861	8.185293	0.120738	-0.117334	0.024372	0.586416	0.542304	0.601683	-0.727526	0.679204	0.096892	-0.356120	-0.494559	0.792836
48011	6.138999	0.947193	8.170326	0.116308	-0.124368	0.035436	0.585732	0.541901	0.602711	-0.728120	0.678466	0.097596	-0.356031	-0.496011	0.791969
48012	6.131272	0.984593	8.120158	0.106991	-0.127013	0.037321	0.586551	0.539810	0.603791	-0.726841	0.679721	0.098394	-0.357295	-0.496573	0.791047
48013	6.117759	1.033496	8.180861	0.138959	-0.130550	0.032622	0.585865	0.539354	0.604863	-0.727501	0.678884	0.099292	-0.357079	-0.498210	0.790115
48014	6.146322	0.911018	8.168642	0.109308	-0.141168	0.042237	0.585585	0.538361	0.606017	-0.727479	0.678816	0.099919	-0.357582	-0.499376	0.789151
48015	6.096560	1.059663	8.190019	0.109775	-0.146480	0.039976	0.584788	0.537872	0.607220	-0.728077	0.678083	0.100538	-0.357669	-0.500897	0.788147
48016	6.165402	1.023875	8.137666	0.112563	-0.175094	0.042849	0.584634	0.536427	0.608645	-0.727768	0.678311	0.101231	-0.358547	-0.502136	0.786958
48017	6.176256	1.051286	8.214642	0.112824	-0.172529	0.041182	0.583733	0.535811	0.610051	-0.728385	0.677554	0.101864	-0.358763	-0.503814	0.785787
48018	6.186306	1.076874	8.103572	0.111800	-0.190325	0.051064	0.583645	0.534113	0.611622	-0.727897	0.677975	0.102544	-0.359894	-0.505047	0.784477
48019	6.192774	1.072086	8.058836	0.090967	-0.199310	0.048493	0.582592	0.533405	0.613241	-0.728479	0.677288	0.102956	-0.360423	-0.506715	0.783157
48020	6.292768	1.053555	8.120781	0.085567	-0.204649	0.053215	0.582076	0.532051	0.614906	-0.728340	0.677377	0.103348	-0.361537	-0.508017	0.781799
48021	6.190045	1.041711	8.092840	0.083554	-0.214747	0.060266	0.580878	0.531338	0.616653	-0.728964	0.676663	0.103627	-0.362206	-0.509712	0.780385
48022	6.290212	1.150543	8.075085	0.073711	-0.241240	0.062891	0.580135	0.529868	0.618614	-0.728858	0.676741	0.103865	-0.363607	-0.511138	0.778799
48023	6.216785	1.056541	8.119429	0.049367	-0.245955	0.065983	0.578776	0.529026	0.620604	-0.729391	0.676171	0.103837	-0.364702	-0.512762	0.777218
48024	6.230015	1.095879	8.092690	0.037107	-0.280645	0.072690	0.577802	0.527413	0.622880	-0.729225	0.676362	0.103753	-0.366572	-0.514169	0.775407
48025	6.351101	1.069699	8.069392	0.026745	-0.282955	0.069179	0.576277	0.526395	0.625151	-0.729694	0.675892	0.103526	-0.368039	-0.515828	0.773608
48026	6.255854	1.021232	7.971690	0.022288	-0.309950	0.078517	0.575413	0.524364	0.627648	-0.729158	0.676505	0.103293	-0.370444	-0.517091	0.771614
48027	6.346870	1.056072	8.050564	0.012336	-0.331222	0.083577	0.573592	0.523185	0.630294	-0.729654	0.676036	0.102861	-0.372286	-0.518897	0.769512
48028	6.361459	1.013109	8.064881	0.013279	-0.347208	0.082625	0.572264	0.521288	0.633066	-0.729452	0.676309	0.102497	-0.374718	-0.520447	0.767282
48029	6.370055	1.019453	8.045560	0.003299	-0.377202	0.085952	0.570238	0.519872	0.636052	-0.729926	0.675877	0.101975	-0.376878	-0.522421	0.764879
48030	6.380570	0.994495	7.958090	0.010323	-0.405634	0.087941	0.568414	0.517943	0.639250	-0.730012	0.675852	0.101520	-0.379457	-0.524366	0.762268
48031	6.447020	0.987990	7.958486	0.000686	-0.428331	0.094041	0.566115	0.516298	0.642612	-0.730519	0.675394	0.100921	-0.381911	-0.526573	0.759516
48032	6.407433	1.017479	8.022508	0.012007	-0.450892	0.100560	0.563823	0.514397	0.646141	-0.730907	0.675055	0.100374	-0.384549	-0.528863	0.756589
48033	6.467302	1.000618	7.988071	0.009030	-0.486147	0.103920	0.561206	0.512492	0.649923	-0.731497	0.674506	0.099768	-0.387247	-0.531407	0.753423
48034	6.453262	0.988039	7.978079	0.020108	-0.513520	0.111793	0.558248	0.510670	0.653893	-0.732382	0.673634	0.099170	-0.389841	-0.534260	0.750060
48035	6.444868	1.015386	8.009836	0.005775	-0.562288	0.123302	0.555162	0.508458	0.658229	-0.733061	0.673007	0.098404	-0.392959	-0.537152	0.746359
48036	6.502478	0.986423	7.936310	0.011729	-0.613044	0.140420	0.551606	0.506214	0.662931	-0.734018	0.672088	0.097550	-0.396167	-0.540412	0.742298
48037	6.578830	1.035940	7.866320	0.018510	-0.659234	0.156268	0.547854	0.503660	0.667969	-0.734921	0.671231	0.096647	-0.399684	-0.543853	0.737886
48038	6.563704	0.940827	7.838160	0.015969	-0.698798	0.174086	0.543824	0.500943	0.673284	-0.735856	0.670355	0.095601	-0.403449	-0.547430	0.733177
48039	6.631197	0.909617	7.753980	0.031598	-0.768351	0.186087	0.539357	0.497938	0.679082	-0.736962	0.669285	0.094574	-0.407407	-0.551467	0.727945
48040	6.689455	0.868847	7.634713	0.050157	-0.815058	0.199255	0.534535	0.494770	0.685182	-0.738252	0.668003	0.093571	-0.411407	-0.555854	0.722337
48041	6.728016	0.863654	7.686153	0.068211	-0.866129	0.211703	0.529408	0.491319	0.691616	-0.739631	0.666611	0.092606	-0.415540	-0.560567	0.716304
48042	6.748352	0.918021	7.626319	0.088145	-0.936693	0.227166	0.523815	0.487551	0.698506	-0.741191	0.665008	0.091654	-0.419827	-0.565736	0.709710
48043	6.950445	1.067297	7.806812	0.096708	-1.000607	0.230154	0.517902	0.483362	0.705789	-0.742768	0.663374	0.090724	-0.424350	-0.571224	0.702589
48044	7.134576	1.070051	7.761642	0.031746	-1.052111	0.227843	0.511738	0.478810	0.713348	-0.744046	0.662130	0.089327	-0.429559	-0.576476	0.695093
48045	7.165342	1.005020	7.508399	0.038499	-1.044018	0.232776	0.505511	0.474274	0.720779	-0.745367	0.660831	0.087928	-0.434611	-0.581693	0.687565
48046	7.173661	0.951083	7.259045	0.039875	-1.127168	0.249287	0.498753	0.469296	0.728702	-0.746751	0.659468	0.086399	-0.440009	-0.587251	0.679359
48047	7.567195	1.048791	7.305160	0.086660	-1.136372	0.241643	0.491937	0.464151	0.736588	-0.748302	0.657861	0.085218	-0.445019	-0.593113	0.670951
48048	7.523562	1.058226	7.318586	0.075290	-1.144303	0.273084	0.484769	0.459125	0.744448	-0.749971	0.656155	0.083694	-0.450047	-0.598887	0.662414
48049	7.633328	1.178057	7.152232	0.079998	-1.162801	0.293008	0.477325	0.454017	0.752349	-0.751714	0.654368	0.082033	-0.455069	-0.604708	0.653637
48050	7.977425	1.124782	7.177102	0.103745	-1.175908	0.302766	0.469682	0.448835	0.760228	-0.753603	0.652392	0.080419	-0.459872	-0.610681	0.644660
48051	8.190224	1.204154	7.268115	0.115379	-1.136543	0.315442	0.462068	0.443886	0.767762	-0.755577	0.650309	0.078754	-0.464325	-0.616493	0.635876
48052	8.225887	0.988746	7.124165	0.122466	-1.113396	0.317439	0.454482	0.439044	0.775040	-0.757590	0.648164	0.077079	-0.468512	-0.622193	0.627194
48053	8.456745	0.915139	6.959308	0.148525	-1.117444	0.329342	0.446745	0.434159	0.782256	-0.759744	0.645830	0.075446	-0.472449	-0.628020	0.618371
48054	7.926614	0.999392	6.786709	0.134882	-1.054465	0.344400	0.439131	0.429720	0.788989	-0.761898	0.643505	0.073570	-0.476104	-0.633436	0.609986
48055	8.065822	0.733546	6.637391	0.193975	-1.130841	0.346904	0.431098	0.424721	0.796095	-0.764306	0.640821	0.072003	-0.479573	-0.639501	0.600874
48056	8.566920	0.728931	6.368525	0.241572	-1.138600	0.352680	0.422928	0.419654	0.803133	-0.766965	0.637791	0.070622	-0.482594	-0.645842	0.591600
48057	8.375945	1.069859	6.411229	0.289318	-1.120790	0.383523	0.414576	0.414789	0.809986	-0.769943	0.634346	0.069236	-0.485093	-0.652346	0.582348
48058	8.470916	1.102317	6.570114	0.393457	-1.079893	0.382816	0.406393	0.410115	0.816487	-0.773408	0.630207	0.068403	-0.486503	-0.659276	0.573298
48059	8.679111	1.386667	6.273437	0.370741	-1.065330	0.430623	0.397883	0.405731	0.822844	-0.776919	0.626027	0.066992	-0.487941	-0.665938	0.564305
48060	8.325419	1.220827	6.230285	0.362178	-1.061178	0.472281	0.389029	0.401570	0.829095	-0.780535	0.621711	0.065120	-0.489307	-0.672471	0.555303
48061	8.506416	0.857501	6.000886	0.362385	-1.054877	0.504826	0.379929	0.397540	0.835234	-0.784225	0.617278	0.062926	-0.490556	-0.678919	0.546282
48062	8.400140	0.894602	5.997920	0.410476	-1.025893	0.528203	0.370756	0.393775	0.841119	-0.788206	0.612407	0.060731	-0.491193	-0.685492	0.537430
48063	8.257061	0.775300	5.835205	0.497822	-1.024510	0.552034	0.361380	0.390052	0.846914	-0.792646	0.606846	0.058737	-0.491036	-0.692530	0.528475
48064	8.271276	0.878454	5.671288	0.497961	-1.035643	0.569506	0.351780	0.386282	0.852664	-0.797112	0.601182	0.056508	-0.490778	-0.699547	0.519394
48065	8.395259	0.865423	5.621378	0.547321	-1.047770	0.595648	0.341899	0.382448	0.858393	-0.801837	0.595076	0.054242	-0.490065	-0.706836	0.510117
48066	8.484448	0.747283	5.592345	0.565358	-1.016850	0.610340	0.332027	0.378830	0.863855	-0.806649	0.588751	0.051852	-0.488953	-0.714045	0.501064
48067	8.317981	0.678716	5.408870	0.588135	-1.010507	0.620583	0.322091	0.375182	0.869192	-0.811526	0.582224	0.049408	-0.487528	-0.721286	0.491999
48068	8.322175	0.612716	5.290541	0.618064	-1.018846	0.632191	0.312002	0.371447	0.874461	-0.816527	0.575398	0.046919	-0.485735	-0.728659	0.482822
48069	8.223751	0.620351	5.309570	0.633043	-1.034230	0.648316	0.301699	0.367551	0.879707	-0.821561	0.568399	0.044274	-0.483751	-0.736090	0.473451
48070	8.011525	0.536673	5.329626	0.654394	-1.015159	0.661776	0.291362	0.363775	0.884746	-0.826673	0.561150	0.041513	-0.481374	-0.743491	0.464220
48071	7.417161	0.650666	5.623687	0.661128	-0.965159	0.690182	0.281025	0.360383	0.889465	-0.831798	0.553745	0.038446	-0.478682	-0.750660	0.455383
48072	6.427285	0.491831	6.628332	0.659918	-0.788748	0.690854	0.271513	0.358241	0.893277	-0.836851	0.546292	0.035276	-0.475353	-0.757118	0.448120
48073	5.746661	0.499929	8.700759	0.633801	-0.495115	0.754045	0.262861	0.358542	0.895741	-0.841844	0.538809	0.031373	-0.471384	-0.762321	0.443468
48074	11.126122	0.274356	9.400547	0.756681	-0.202938	0.682911	0.256151	0.360666	0.896832	-0.847170	0.530552	0.028602	-0.465500	-0.767095	0.441446
48075	7.835533	2.181891	10.301333	0.665027	0.874803	0.634444	0.254820	0.370693	0.893115	-0.851839	0.523163	0.025901	-0.457643	-0.767390	0.449083
48076	5.617388	2.401744	9.494546	0.512895	0.877993	0.631204	0.253421	0.380757	0.889270	-0.855795	0.516821	0.022595	-0.450991	-0.766759	0.456823
48077	4.238268	2.112413	8.467422	0.311201	1.149483	0.606379	0.253396	0.392647	0.884092	-0.858706	0.512129	0.018671	-0.445438	-0.763906	0.466940
48078	3.703797	1.492756	7.943033	0.191552	1.117517	0.559373	0.253532	0.404090	0.878882	-0.861008	0.508381	0.014634	-0.440893	-0.760434	0.476815
48079	3.576130	0.934855	8.072055	0.200485	1.118978	0.488447	0.254251	0.415027	0.873561	-0.863107	0.504894	0.011334	-0.436352	-0.756858	0.486583
48080	4.096933	0.998512	8.303306	0.287452	1.122391	0.378529	0.255829	0.425502	0.868043	-0.865368	0.501048	0.009433	-0.430918	-0.753590	0.496399
48081	4.550539	1.411310	8.566929	0.360691	1.187327	0.248907	0.258774	0.435647	0.862118	-0.867531	0.497300	0.009102	-0.424766	-0.750270	0.506625
48082	4.850687	1.855858	8.670342	0.368671	1.296772	0.123264	0.263138	0.446081	0.855436	-0.869468	0.493890	0.009908	-0.418071	-0.746381	0.517814
48083	4.826960	2.132205	8.790223	0.320059	1.408756	-0.006453	0.269061	0.456504	0.848063	-0.870758	0.491573	0.011652	-0.411566	-0.741593	0.529768
48084	4.828633	2.138686	8.796998	0.258603	1.493600	-0.133355	0.276281	0.467024	0.839975	-0.871523	0.490151	0.014135	-0.405113	-0.735963	0.542441
48085	4.934657	2.041322	8.733949	0.205237	1.565329	-0.268559	0.284937	0.477153	0.831346	-0.871574	0.489951	0.017516	-0.398961	-0.729571	0.555479
48086	4.897739	1.923367	8.823410	0.161890	1.652707	-0.401536	0.294925	0.487342	0.821898	-0.871133	0.490568	0.021712	-0.392616	-0.722386	0.569220
48087	4.985347	1.886996	8.899163	0.133303	1.710382	-0.534535	0.306263	0.496980	0.811920	-0.870024	0.492277	0.026856	-0.386343	-0.714615	0.583151
48088	4.976164	1.810021	8.954963	0.102325	1.779793	-0.649668	0.318664	0.506597	0.801132	-0.868478	0.494650	0.032659	-0.379735	-0.706173	0.597596
48089	5.035813	1.719293	9.081165	0.074233	1.830911	-0.759554	0.332167	0.515649	0.789791	-0.866265	0.498048	0.039158	-0.373162	-0.697176	0.612124
48090	5.979655	-0.753520	9.470955	0.071001	1.553996	-1.017252	0.346640	0.521533	0.779644	-0.863177	0.502659	0.047532	-0.367105	-0.689447	0.624417
48091	6.781331	1.735306	7.997228	0.200013	1.866308	-1.145468	0.363304	0.528510	0.767260	-0.859815	0.507339	0.057661	-0.358786	-0.680650	0.638739
48092	9.136447	-1.458074	7.081798	0.008479	1.407840	-1.182061	0.378369	0.532224	0.757347	-0.855573	0.513371	0.066671	-0.353316	-0.673192	0.649600
48093	11.609566	2.752972	7.541363	-0.528081	2.029239	-1.499021	0.398294	0.537940	0.742955	-0.847872	0.524948	0.074449	-0.349963	-0.659583	0.665188
48094	8.049364	5.089420	6.971626	-1.116779	1.905585	-1.895122	0.420851	0.540454	0.728556	-0.836303	0.542277	0.080821	-0.351399	-0.643307	0.680201
48095	8.264107	2.149155	5.728510	-1.901131	1.372088	-2.388656	0.445534	0.535882	0.717168	-0.819157	0.567229	0.085049	-0.361222	-0.625366	0.691691
48096	8.230198	0.172655	4.987636	-2.332180	1.039532	-2.757622	0.471586	0.526444	0.707434	-0.798031	0.596099	0.088387	-0.375170	-0.606236	0.701231
48097	8.619467	-2.664257	6.420826	-2.230835	0.781375	-3.013346	0.498292	0.512685	0.699184	-0.774867	0.625118	0.093854	-0.388955	-0.588542	0.708754
48098	7.849925	-1.236360	7.063656	-1.718028	0.868361	-3.026826	0.524756	0.498632	0.689925	-0.752743	0.650277	0.102559	-0.397503	-0.573155	0.716578
48099	6.371061	-2.816939	7.824178	-1.321129	0.700702	-2.704183	0.547670	0.484711	0.681992	-0.732922	0.671097	0.111601	-0.403588	-0.560967	0.722795
48100	6.726936	-0.420026	8.942720	-0.978623	0.965761	-2.178096	0.567290	0.475510	0.672363	-0.716954	0.686863	0.119148	-0.405165	-0.549645	0.730570
48101	7.583004	0.562892	9.060891	-0.776598	0.925133	-1.618799	0.582561	0.469307	0.663606	-0.704471	0.698771	0.124259	-0.405393	-0.539879	0.737690
48102	6.172731	0.792586	9.393279	-0.886182	1.206389	-1.105687	0.595102	0.468206	0.653174	-0.694515	0.708562	0.124859	-0.404355	-0.527943	0.746842
48103	6.828996	0.065185	9.501725	-0.828732	1.289615	-0.690192	0.605087	0.469993	0.642632	-0.687001	0.716154	0.123100	-0.402367	-0.515975	0.756221
48104	6.226078	-0.482293	9.573711	-0.610531	1.415881	-0.365652	0.613171	0.474842	0.631305	-0.682484	0.720870	0.120671	-0.397790	-0.504848	0.766089
48105	6.701351	-0.314333	9.763084	-0.296478	1.562272	-0.074627	0.619851	0.482088	0.619174	-0.680827	0.722738	0.118847	-0.390206	-0.495218	0.776208
48106	6.896494	0.122356	9.849083	0.023884	1.683884	0.203390	0.624849	0.492089	0.606146	-0.682348	0.721496	0.117669	-0.379428	-0.487127	0.786601
48107	7.061898	0.639493	9.824837	0.295100	1.867670	0.464285	0.628646	0.504435	0.591904	-0.686328	0.717783	0.117219	-0.365729	-0.479930	0.797439
48108	6.991488	1.031294	9.526095	0.525509	2.006523	0.713064	0.630797	0.519358	0.576509	-0.692863	0.711489	0.117152	-0.349336	-0.473341	0.808649
48109	6.638085	1.433563	9.207101	0.719260	2.110022	0.924031	0.631551	0.535793	0.560419	-0.701115	0.703259	0.117749	-0.331031	-0.467282	0.819796
48110	6.352997	1.758573	8.924931	0.880165	2.141285	1.097195	0.630566	0.553655	0.543924	-0.711026	0.693052	0.118836	-0.311173	-0.461677	0.830678
48111	6.039127	2.146607	8.618370	1.012884	2.120073	1.205590	0.628326	0.571653	0.527655	-0.721636	0.681646	0.120833	-0.290599	-0.456697	0.840821
48112	5.689861	2.511005	8.348118	1.091614	2.054534	1.249346	0.624878	0.589668	0.511683	-0.732673	0.669290	0.123460	-0.269664	-0.452043	0.850258
48113	5.223133	2.856288	8.067810	1.122951	1.929143	1.245261	0.620712	0.606583	0.496763	-0.743318	0.656817	0.126765	-0.249388	-0.447938	0.858579
48114	4.718270	3.071600	7.796478	1.095323	1.746635	1.203288	0.615775	0.622426	0.483123	-0.753521	0.644399	0.130213	-0.230276	-0.444225	0.865816
48115	4.384318	3.096052	7.618585	1.040608	1.503823	1.143932	0.610455	0.636367	0.471574	-0.762819	0.632621	0.133781	-0.213194	-0.441393	0.871620
48116	4.384171	2.801127	7.680869	0.996080	1.226878	1.064949	0.604688	0.648653	0.462171	-0.771461	0.621259	0.137422	-0.197988	-0.439644	0.876079
48117	4.999209	2.416194	7.952630	1.025458	0.977510	0.956438	0.599160	0.658819	0.454933	-0.779156	0.610528	0.142024	-0.184182	-0.439559	0.879127
48118	6.230372	1.983843	8.285790	1.123146	0.814589	0.812676	0.594128	0.667514	0.448818	-0.786109	0.600069	0.148155	-0.170427	-0.440843	0.881256
48119	7.107741	1.848954	8.420272	1.245810	0.792621	0.631366	0.590459	0.674754	0.442793	-0.791861	0.590357	0.156316	-0.155931	-0.442928	0.882893
48120	7.602615	1.959256	8.315254	1.366640	0.842763	0.445014	0.588062	0.681274	0.435945	-0.796605	0.581158	0.166364	-0.140013	-0.445108	0.884463
48121	7.823921	2.185334	8.112095	1.440631	0.919880	0.272813	0.587115	0.686932	0.428276	-0.800084	0.572895	0.177925	-0.123135	-0.447118	0.885959
48122	7.955655	2.612474	7.912339	1.428447	0.991353	0.120477	0.587187	0.692206	0.419598	-0.802510	0.565572	0.190017	-0.105782	-0.448306	0.887599
48123	7.867340	2.892911	7.628809	1.317880	1.063350	-0.002463	0.588263	0.696940	0.410148	-0.803760	0.559712	0.201723	-0.088976	-0.448327	0.889430
48124	7.534564	2.811263	7.227404	1.153407	1.084733	-0.104706	0.589903	0.701337	0.400176	-0.804145	0.555204	0.212363	-0.073241	-0.447074	0.891494
48125	7.244843	2.381284	6.814007	0.982251	1.054117	-0.204204	0.592263	0.704889	0.390328	-0.803571	0.552290	0.221923	-0.059143	-0.445093	0.893529
48126	7.158740	1.925675	6.418549	0.850021	0.976141	-0.310320	0.595205	0.707611	0.380811	-0.802229	0.550651	0.230677	-0.046465	-0.442798	0.895417
48127	7.225072	1.565496	6.180381	0.754315	0.862133	-0.432152	0.599041	0.709022	0.372073	-0.799940	0.550411	0.239048	-0.035303	-0.440836	0.896893
48128	7.581309	1.349203	5.974239	0.657278	0.752030	-0.559741	0.603689	0.709324	0.363894	-0.796812	0.551450	0.246968	-0.025489	-0.439047	0.898103
48129	7.838388	1.307848	5.683711	0.561463	0.638942	-0.658415	0.609080	0.708468	0.356504	-0.792923	0.553687	0.254369	-0.017180	-0.437611	0.899000
48130	7.558203	3.510655	6.823138	0.368553	0.356627	-0.756166	0.615079	0.705881	0.351298	-0.788373	0.557403	0.260326	-0.012055	-0.437075	0.899344
48131	7.504942	0.576900	1.780322	-0.415128	-0.361198	-0.535375	0.619258	0.701283	0.353159	-0.784991	0.563015	0.258463	-0.017578	-0.437282	0.899153
48132	9.962521	0.894873	2.543429	-0.471424	-0.560369	-0.574224	0.623628	0.695604	0.356683	-0.781330	0.569091	0.256241	-0.024743	-0.438486	0.898397
48133	10.844831	-0.760958	2.513958	-0.629281	-0.984566	-0.537906	0.627543	0.688173	0.364153	-0.777757	0.575612	0.252517	-0.035836	-0.441687	0.896453
48134	12.140685	-1.193596	1.834068	-0.702615	-1.174435	-0.478519	0.630781	0.680179	0.373460	-0.774432	0.582031	0.247982	-0.048693	-0.445642	0.893886
48135	12.586888	-1.095512	1.562618	-0.682455	-1.421410	-0.383459	0.632971	0.671542	0.385200	-0.771610	0.587714	0.243334	-0.062979	-0.451247	0.890174
48136	9.552513	0.578403	3.611244	-0.738479	-1.362901	-0.232249	0.633855	0.663928	0.396771	-0.769575	0.592672	0.237686	-0.077349	-0.456003	0.886611
48137	4.579676	5.623514	11.068093	-1.195068	-1.319988	-0.085411	0.633394	0.657370	0.408261	-0.767985	0.598726	0.227435	-0.094928	-0.457594	0.884079
48138	9.708755	6.537873	11.637440	-1.510655	-1.551146	0.197817	0.630299	0.651371	0.422420	-0.767578	0.604424	0.213295	-0.116386	-0.458680	0.880947
48139	3.632703	4.152031	10.238891	-1.549759	-0.225768	0.323704	0.627556	0.652289	0.425080	-0.767687	0.609391	0.198239	-0.129731	-0.450735	0.883181
48140	-0.324847	1.481539	6.453740	-1.431874	-1.000255	0.424593	0.622985	0.650288	0.434758	-0.768288	0.613148	0.183802	-0.147047	-0.448526	0.881591
48141	0.558032	-0.197334	6.858639	-1.313757	-1.335041	0.358053	0.618167	0.646477	0.447143	-0.768437	0.616752	0.170651	-0.165455	-0.449092	0.878033
48142	2.902094	-1.047634	8.646808	-1.029987	-1.802330	0.086543	0.614410	0.638790	0.463085	-0.767105	0.620922	0.161264	-0.184526	-0.454317	0.871520
48143	5.852335	0.097961	9.079700	-0.724973	-1.797467	-0.091699	0.611665	0.629969	0.478544	-0.765123	0.624852	0.155392	-0.201127	-0.461193	0.864204
48144	11.771306	6.176544	12.826263	-0.797049	-2.400346	0.718737	0.601133	0.623194	0.500269	-0.767740	0.624130	0.145041	-0.221845	-0.471265	0.853636
48145	22.611082	-11.234581	14.191300	-2.574750	-1.433435	1.176360	0.588730	0.623839	0.514025	-0.768639	0.628867	0.117133	-0.250181	-0.464060	0.849740
