// General information: 
//  MT Manager version: 2022.2.0 
//  XDA version: 2022.2.0 build 7381 rev 124627 built on 2023-07-19
// Device information: 
//  DeviceId: 00B4CBA7
//  ProductCode: MTW2-3A7G6
//  Firmware Version: 4.6.0
//  Hardware Version: 2.0.0
// Device settings: 
//  Filter Profile: human(46.1)
//  Option Flags: Orientation Smoother Disabled, Position/Velocity Smoother Disabled, Continuous Zero Rotation Update Disabled, AHS Disabled, ICC Disabled
// Coordinate system: ENU
PacketCounter	Acc_X	Acc_Y	Acc_Z	Gyr_X	Gyr_Y	Gyr_Z	Mat[1][1]	Mat[2][1]	Mat[3][1]	Mat[1][2]	Mat[2][2]	Mat[3][2]	Mat[1][3]	Mat[2][3]	Mat[3][3]
46403	9.772399	-0.104647	-0.397868	0.037737	-0.013848	-0.003717	-0.039594	-0.008805	0.999177	-0.516550	0.856159	-0.012925	-0.855341	-0.516637	-0.038447
46404	9.782187	-0.105344	-0.458193	0.037336	-0.014538	-0.006658	-0.039658	-0.008960	0.999173	-0.516884	0.855959	-0.012840	-0.855137	-0.516965	-0.038577
46405	9.796708	-0.073535	-0.507900	0.041122	-0.007332	-0.002617	-0.039670	-0.009059	0.999172	-0.517278	0.855722	-0.012779	-0.854897	-0.517357	-0.038632
46406	9.784359	-0.095038	-0.550480	0.037854	-0.003528	-0.001189	-0.039667	-0.009110	0.999171	-0.517614	0.855519	-0.012749	-0.854694	-0.517691	-0.038652
46407	9.743346	-0.081342	-0.517386	0.032784	-0.002014	-0.002260	-0.039607	-0.009212	0.999173	-0.517962	0.855310	-0.012646	-0.854486	-0.518034	-0.038648
46408	9.782096	-0.104931	-0.460217	0.029865	-0.004230	-0.003308	-0.039600	-0.009285	0.999172	-0.518230	0.855149	-0.012592	-0.854324	-0.518300	-0.038676
46409	9.833994	-0.075230	-0.462156	0.041420	0.005618	-0.001049	-0.039601	-0.009260	0.999173	-0.518494	0.854988	-0.012627	-0.854164	-0.518565	-0.038660
46410	9.757571	0.016487	-0.486055	0.033194	0.009964	0.001249	-0.039496	-0.009220	0.999177	-0.518789	0.854809	-0.012619	-0.853990	-0.518860	-0.038545
46411	9.708567	-0.056890	-0.461791	0.011506	0.003129	-0.003159	-0.039404	-0.009271	0.999180	-0.518944	0.854717	-0.012535	-0.853900	-0.519012	-0.038490
46412	9.772348	-0.103607	-0.399382	0.008881	0.002570	-0.003218	-0.039339	-0.009308	0.999183	-0.519032	0.854664	-0.012473	-0.853849	-0.519098	-0.038453
46413	9.767647	-0.136024	-0.409030	0.012271	0.009078	-0.002133	-0.039327	-0.009298	0.999183	-0.519047	0.854655	-0.012476	-0.853841	-0.519113	-0.038437
46414	9.775710	-0.048715	-0.398471	0.019853	0.009097	-0.002946	-0.039207	-0.009299	0.999188	-0.519228	0.854545	-0.012421	-0.853736	-0.519294	-0.038333
46415	9.745610	0.008394	-0.333005	0.010439	0.009922	0.003699	-0.039295	-0.009218	0.999185	-0.519278	0.854513	-0.012539	-0.853701	-0.519348	-0.038365
46416	9.758349	-0.036880	-0.369488	0.010148	0.008260	0.002707	-0.039213	-0.009174	0.999189	-0.519375	0.854455	-0.012538	-0.853646	-0.519445	-0.038271
46417	9.742373	-0.046973	-0.330556	0.008501	0.011728	0.007578	-0.039089	-0.009089	0.999194	-0.519421	0.854427	-0.012548	-0.853624	-0.519493	-0.038119
46418	9.712684	-0.057437	-0.344011	0.015123	0.017579	0.015576	-0.038994	-0.008887	0.999200	-0.519555	0.854343	-0.012677	-0.853547	-0.519633	-0.037931
46419	9.766056	-0.051054	-0.333408	0.009951	0.020046	0.012544	-0.038964	-0.008662	0.999203	-0.519482	0.854385	-0.012850	-0.853593	-0.519568	-0.037791
46420	9.771273	-0.086271	-0.400713	0.012389	0.017985	0.013567	-0.038856	-0.008476	0.999209	-0.519593	0.854316	-0.012959	-0.853530	-0.519685	-0.037599
46421	9.731700	-0.095837	-0.354899	0.014003	0.017659	0.017026	-0.038817	-0.008313	0.999212	-0.519715	0.854239	-0.013083	-0.853457	-0.519813	-0.037480
46422	9.765241	-0.100166	-0.418432	0.011912	0.013703	0.013539	-0.038746	-0.008149	0.999216	-0.519822	0.854173	-0.013191	-0.853395	-0.519926	-0.037331
46423	9.741684	-0.100023	-0.411246	-0.001394	0.008279	0.014191	-0.038666	-0.008087	0.999219	-0.519865	0.854146	-0.013204	-0.853373	-0.519970	-0.037230
46424	9.737916	-0.089146	-0.330585	-0.009661	0.005895	0.011059	-0.038647	-0.007984	0.999221	-0.519789	0.854191	-0.013279	-0.853420	-0.519898	-0.037163
46425	9.756758	-0.124312	-0.346544	-0.016605	0.001521	0.010391	-0.038623	-0.007906	0.999223	-0.519546	0.854338	-0.013322	-0.853569	-0.519657	-0.037105
46426	9.740685	-0.134485	-0.308677	-0.016465	-0.002581	0.004017	-0.038640	-0.007908	0.999222	-0.519415	0.854418	-0.013324	-0.853648	-0.519526	-0.037122
46427	9.790624	-0.181236	-0.299669	-0.014921	-0.005091	-0.002807	-0.038648	-0.008006	0.999221	-0.519340	0.854465	-0.013241	-0.853693	-0.519447	-0.037181
46428	9.763276	-0.180531	-0.405804	-0.009278	-0.003269	0.000264	-0.038652	-0.008043	0.999220	-0.519272	0.854507	-0.013208	-0.853735	-0.519378	-0.037205
46429	9.775538	-0.158952	-0.364273	-0.007130	-0.006998	0.000292	-0.038658	-0.008033	0.999220	-0.519109	0.854606	-0.013213	-0.853833	-0.519215	-0.037208
46430	9.753898	-0.080946	-0.370304	-0.010149	-0.008259	-0.002716	-0.038689	-0.008122	0.999218	-0.519034	0.854652	-0.013150	-0.853877	-0.519137	-0.037281
46431	9.772698	-0.114699	-0.387619	-0.010731	-0.011585	-0.004702	-0.038807	-0.008315	0.999212	-0.519086	0.854622	-0.013048	-0.853841	-0.519183	-0.037482
46432	9.725485	-0.111010	-0.376592	-0.013751	-0.012845	-0.007709	-0.038852	-0.008471	0.999209	-0.518982	0.854687	-0.012934	-0.853902	-0.519074	-0.037602
46433	9.732986	-0.121331	-0.346164	-0.013938	-0.015467	-0.006748	-0.038919	-0.008680	0.999205	-0.518942	0.854714	-0.012788	-0.853923	-0.519027	-0.037769
46434	9.747579	-0.089310	-0.396228	-0.010733	-0.011581	-0.004699	-0.038968	-0.008803	0.999202	-0.518863	0.854763	-0.012704	-0.853969	-0.518943	-0.037876
46435	9.750338	-0.132456	-0.375928	-0.016274	-0.014359	-0.005812	-0.038994	-0.008982	0.999199	-0.518753	0.854832	-0.012560	-0.854035	-0.518827	-0.037993
46436	9.815418	-0.049003	-0.438897	-0.005960	-0.014748	-0.004612	-0.039071	-0.009121	0.999195	-0.518715	0.854856	-0.012479	-0.854054	-0.518784	-0.038132
46437	9.748327	-0.056047	-0.501551	-0.016332	-0.006674	-0.002345	-0.039152	-0.009299	0.999190	-0.518761	0.854830	-0.012371	-0.854022	-0.518825	-0.038292
46438	9.732273	-0.065181	-0.464435	-0.023385	-0.010080	-0.004959	-0.039187	-0.009417	0.999188	-0.518574	0.854944	-0.012280	-0.854134	-0.518634	-0.038386
46439	9.756709	-0.186165	-0.438695	-0.032192	-0.009056	-0.004649	-0.039142	-0.009507	0.999188	-0.518264	0.855134	-0.012166	-0.854324	-0.518320	-0.038398
46440	9.803854	-0.188512	-0.451657	-0.006336	-0.004176	-0.007004	-0.039116	-0.009612	0.999188	-0.518224	0.855160	-0.012061	-0.854350	-0.518275	-0.038431
46441	9.825122	-0.047442	-0.501352	0.007558	0.004560	-0.005680	-0.038985	-0.009598	0.999194	-0.518156	0.855202	-0.012002	-0.854397	-0.518206	-0.038314
46442	9.734144	0.013494	-0.476927	-0.009018	0.002946	-0.003596	-0.038916	-0.009637	0.999196	-0.518091	0.855242	-0.011930	-0.854440	-0.518139	-0.038275
46443	9.751092	-0.096467	-0.481674	-0.029362	0.005395	-0.004989	-0.038803	-0.009699	0.999200	-0.517827	0.855404	-0.011806	-0.854605	-0.517870	-0.038215
46444	9.758207	-0.205218	-0.427300	-0.021487	0.007070	-0.004810	-0.038692	-0.009727	0.999204	-0.517656	0.855509	-0.011717	-0.854714	-0.517697	-0.038137
46445	9.771049	-0.084997	-0.406391	0.005699	0.009951	-0.004707	-0.038523	-0.009703	0.999211	-0.517607	0.855539	-0.011648	-0.854751	-0.517647	-0.037981
46446	9.734809	-0.038233	-0.361902	0.004294	0.008361	-0.004257	-0.038404	-0.009719	0.999215	-0.517656	0.855511	-0.011575	-0.854727	-0.517694	-0.037886
46447	9.764576	-0.028601	-0.346131	-0.012100	0.009372	-0.003131	-0.038263	-0.009766	0.999220	-0.517561	0.855570	-0.011457	-0.854790	-0.517595	-0.037791
46448	9.758463	-0.039032	-0.366236	-0.017061	0.009919	-0.002254	-0.038140	-0.009757	0.999225	-0.517426	0.855652	-0.011395	-0.854877	-0.517460	-0.037683
46449	9.734903	-0.037341	-0.359458	-0.022682	0.003556	-0.000457	-0.038047	-0.009885	0.999227	-0.517404	0.855668	-0.011236	-0.854895	-0.517431	-0.037670
46450	9.764161	-0.126131	-0.322301	-0.024195	0.002931	-0.001958	-0.037986	-0.009910	0.999229	-0.517208	0.855787	-0.011174	-0.855016	-0.517234	-0.037633
46451	9.751892	-0.147402	-0.363950	-0.013401	0.006822	-0.000726	-0.037851	-0.009889	0.999234	-0.517030	0.855895	-0.011115	-0.855130	-0.517055	-0.037509
46452	9.734466	-0.135187	-0.336295	-0.005892	0.003243	0.001364	-0.037804	-0.009884	0.999236	-0.516990	0.855920	-0.011093	-0.855156	-0.517015	-0.037467
46453	9.756655	-0.114608	-0.352738	-0.008836	0.005579	-0.004548	-0.037844	-0.009902	0.999235	-0.516843	0.856008	-0.011092	-0.855243	-0.516867	-0.037513
46454	9.756685	-0.114204	-0.352037	-0.000668	0.008911	-0.003375	-0.037725	-0.009908	0.999239	-0.516849	0.856006	-0.011025	-0.855245	-0.516872	-0.037414
46455	9.752480	-0.048339	-0.383320	-0.004119	0.010086	-0.000995	-0.037639	-0.009888	0.999242	-0.516812	0.856028	-0.010996	-0.855271	-0.516834	-0.037330
46456	9.736474	-0.057839	-0.344565	-0.009662	0.007311	-0.002109	-0.037540	-0.009891	0.999246	-0.516740	0.856072	-0.010939	-0.855319	-0.516761	-0.037248
46457	9.771427	-0.082036	-0.397840	-0.007493	0.014852	-0.001520	-0.037423	-0.009878	0.999251	-0.516742	0.856072	-0.010890	-0.855323	-0.516762	-0.037141
46458	9.806432	-0.106434	-0.450200	0.001728	0.025795	0.001688	-0.037185	-0.009754	0.999261	-0.516767	0.856057	-0.010875	-0.855318	-0.516789	-0.036873
46459	9.762652	-0.049358	-0.436261	0.019083	0.017529	0.004934	-0.037043	-0.009676	0.999267	-0.517019	0.855905	-0.010878	-0.855172	-0.517042	-0.036708
46460	9.766053	0.004595	-0.434650	0.009525	0.023880	0.004776	-0.036838	-0.009536	0.999276	-0.517109	0.855850	-0.010896	-0.855127	-0.517136	-0.036459
46461	9.774560	-0.126891	-0.367882	-0.011510	0.023981	-0.000565	-0.036530	-0.009485	0.999288	-0.517018	0.855907	-0.010776	-0.855195	-0.517043	-0.036170
46462	9.765219	-0.191988	-0.386381	-0.001770	0.020261	-0.001356	-0.036324	-0.009416	0.999296	-0.517014	0.855910	-0.010729	-0.855206	-0.517039	-0.035958
46463	9.689222	-0.153746	-0.297118	0.006566	0.014947	-0.001701	-0.036179	-0.009383	0.999301	-0.517074	0.855874	-0.010684	-0.855176	-0.517099	-0.035816
46464	9.743379	-0.101400	-0.196655	0.011055	0.010111	-0.002616	-0.036054	-0.009377	0.999306	-0.517180	0.855811	-0.010629	-0.855117	-0.517204	-0.035704
46465	9.699518	-0.043893	-0.183698	0.015767	0.014622	0.000944	-0.035892	-0.009366	0.999312	-0.517396	0.855681	-0.010564	-0.854993	-0.517419	-0.035558
46466	9.752847	-0.036234	-0.173042	0.034328	0.021157	0.000429	-0.035688	-0.009276	0.999320	-0.517700	0.855497	-0.010547	-0.854818	-0.517724	-0.035333
46467	9.727888	-0.013463	-0.175832	0.040097	0.017457	0.010314	-0.035564	-0.009151	0.999326	-0.518028	0.855298	-0.010603	-0.854624	-0.518055	-0.035158
46468	9.691500	0.032026	-0.131442	0.032745	0.001112	0.006127	-0.035560	-0.009117	0.999326	-0.518316	0.855123	-0.010643	-0.854450	-0.518345	-0.035134
46469	9.742087	-0.081772	-0.201519	0.023752	-0.000490	0.007381	-0.035598	-0.009134	0.999324	-0.518535	0.854990	-0.010657	-0.854315	-0.518564	-0.035172
46470	9.729885	-0.103891	-0.244004	0.012387	-0.007714	0.004141	-0.035660	-0.009163	0.999322	-0.518650	0.854920	-0.010669	-0.854243	-0.518679	-0.035239
46471	9.729060	-0.148751	-0.335464	0.003463	-0.017008	0.001920	-0.035884	-0.009242	0.999313	-0.518578	0.854963	-0.010715	-0.854277	-0.518606	-0.035472
46472	9.795635	-0.087805	-0.387707	-0.005633	-0.017649	0.001222	-0.036016	-0.009346	0.999308	-0.518540	0.854987	-0.010692	-0.854295	-0.518566	-0.035639
46473	9.801406	-0.023268	-0.480571	-0.014648	-0.014700	-0.002383	-0.036151	-0.009521	0.999301	-0.518484	0.855021	-0.010610	-0.854323	-0.518505	-0.035847
46474	9.715813	-0.049791	-0.415697	-0.058347	-0.026884	-0.003927	-0.036335	-0.009718	0.999292	-0.517998	0.855317	-0.010517	-0.854610	-0.518013	-0.036112
46475	9.743494	-0.116240	-0.391923	-0.040081	-0.022002	-0.005435	-0.036385	-0.009981	0.999288	-0.517793	0.855444	-0.010309	-0.854732	-0.517799	-0.036294
46476	9.784487	-0.128898	-0.427391	-0.048568	-0.022434	-0.012460	-0.036487	-0.010228	0.999282	-0.517393	0.855688	-0.010134	-0.854970	-0.517391	-0.036514
46477	9.733907	-0.179302	-0.416979	-0.036349	-0.021498	-0.006803	-0.036636	-0.010453	0.999274	-0.517168	0.855825	-0.010008	-0.855099	-0.517160	-0.036760
46478	9.749387	-0.102497	-0.377448	-0.026427	-0.022588	-0.008549	-0.036760	-0.010667	0.999267	-0.516956	0.855955	-0.009880	-0.855222	-0.516941	-0.036979
46479	9.787991	-0.125500	-0.321909	-0.038219	-0.016093	-0.005813	-0.036973	-0.010848	0.999257	-0.516633	0.856151	-0.009821	-0.855409	-0.516612	-0.037258
46480	9.717189	-0.120362	-0.304858	-0.026126	-0.009646	-0.006974	-0.036994	-0.010982	0.999255	-0.516423	0.856279	-0.009708	-0.855534	-0.516397	-0.037349
46481	9.696858	-0.063721	-0.300617	-0.023412	-0.021322	-0.005536	-0.037186	-0.011182	0.999246	-0.516282	0.856364	-0.009630	-0.855611	-0.516251	-0.037617
46482	9.718043	-0.074581	-0.218440	-0.033678	-0.028588	-0.010198	-0.037353	-0.011441	0.999237	-0.516009	0.856531	-0.009483	-0.855768	-0.515969	-0.037898
46483	9.714693	-0.127839	-0.221317	-0.022183	-0.036729	-0.013929	-0.037661	-0.011792	0.999221	-0.515792	0.856663	-0.009331	-0.855886	-0.515742	-0.038345
46484	9.677908	-0.178367	-0.160134	-0.016417	-0.050261	-0.017819	-0.037975	-0.012228	0.999204	-0.515669	0.856739	-0.009114	-0.855946	-0.515605	-0.038841
46485	9.669478	-0.197920	-0.095601	0.023291	-0.056083	-0.011688	-0.038427	-0.012647	0.999181	-0.515800	0.856662	-0.008994	-0.855847	-0.515724	-0.039442
46486	9.670899	-0.218574	-0.090672	0.027186	-0.064214	-0.014588	-0.038877	-0.013127	0.999158	-0.516050	0.856513	-0.008826	-0.855676	-0.515958	-0.040073
46487	9.795239	-0.115261	-0.128838	0.038667	-0.072327	-0.018311	-0.039363	-0.013726	0.999131	-0.516522	0.856231	-0.008587	-0.855369	-0.516411	-0.040793
46488	9.758270	-0.079508	-0.284008	0.044833	-0.073876	-0.018667	-0.039874	-0.014292	0.999103	-0.516924	0.855990	-0.008386	-0.855102	-0.516795	-0.041519
46489	9.662776	-0.018070	-0.378909	0.037388	-0.082485	-0.019322	-0.040458	-0.014939	0.999070	-0.517279	0.855778	-0.008151	-0.854860	-0.517127	-0.042351
46490	9.742583	0.044527	-0.385120	0.023124	-0.085170	-0.018110	-0.041068	-0.015559	0.999035	-0.517495	0.855649	-0.007947	-0.854700	-0.517322	-0.043192
46491	9.794170	0.010043	-0.475371	-0.000869	-0.087265	-0.024395	-0.041659	-0.016239	0.999000	-0.517462	0.855672	-0.007669	-0.854692	-0.517264	-0.044049
46492	9.749769	-0.094596	-0.529358	-0.008403	-0.083666	-0.026440	-0.042213	-0.016923	0.998965	-0.517412	0.855704	-0.007368	-0.854694	-0.517188	-0.044878
46493	9.757152	-0.169506	-0.585597	-0.008490	-0.087217	-0.023501	-0.042927	-0.017550	0.998924	-0.517207	0.855830	-0.007190	-0.854783	-0.516960	-0.045815
46494	9.802210	-0.147897	-0.617263	-0.016140	-0.082658	-0.027491	-0.043468	-0.018237	0.998888	-0.517093	0.855902	-0.006875	-0.854825	-0.516817	-0.046634
46495	9.913146	-0.162691	-0.677510	-0.021612	-0.070590	-0.030925	-0.043957	-0.018946	0.998854	-0.517007	0.855957	-0.006517	-0.854852	-0.516700	-0.047421
46496	9.852907	-0.146022	-0.814641	-0.016457	-0.057264	-0.032234	-0.044257	-0.019542	0.998829	-0.516891	0.856029	-0.006154	-0.854906	-0.516559	-0.047986
46497	9.753798	-0.103366	-0.725639	-0.003413	-0.061132	-0.037400	-0.044718	-0.020151	0.998796	-0.516752	0.856115	-0.005864	-0.854966	-0.516393	-0.048697
46498	9.796052	-0.002667	-0.595726	-0.015817	-0.069199	-0.037115	-0.045095	-0.020850	0.998765	-0.516645	0.856182	-0.005453	-0.855011	-0.516253	-0.049382
46499	9.816303	0.011587	-0.528635	-0.026101	-0.065211	-0.041138	-0.045369	-0.021588	0.998737	-0.516483	0.856283	-0.004954	-0.855095	-0.516056	-0.049999
46500	9.819469	0.038261	-0.434227	-0.037224	-0.070718	-0.043248	-0.045728	-0.022347	0.998704	-0.516196	0.856459	-0.004471	-0.855249	-0.515731	-0.050700
46501	9.916223	0.091505	-0.467132	-0.023563	-0.068175	-0.038142	-0.046183	-0.022997	0.998668	-0.515891	0.856644	-0.004130	-0.855408	-0.515395	-0.051427
46502	9.863445	0.261995	-0.514677	-0.027311	-0.068644	-0.036708	-0.046558	-0.023690	0.998635	-0.515686	0.856770	-0.003718	-0.855512	-0.515155	-0.052106
46503	9.810316	0.225410	-0.428452	-0.056294	-0.078334	-0.034169	-0.047066	-0.024381	0.998594	-0.515110	0.857117	-0.003352	-0.855831	-0.514544	-0.052900
46504	9.833853	0.129303	-0.421060	-0.066711	-0.081489	-0.032323	-0.047574	-0.025101	0.998552	-0.514565	0.857446	-0.002961	-0.856130	-0.513961	-0.053709
46505	9.812298	-0.028863	-0.199239	-0.064294	-0.102302	-0.035247	-0.048166	-0.026033	0.998500	-0.514152	0.857696	-0.002440	-0.856345	-0.513498	-0.054697
46506	9.780644	-0.164674	0.069047	-0.041702	-0.120509	-0.032562	-0.049008	-0.026956	0.998435	-0.513822	0.857894	-0.002060	-0.856496	-0.513119	-0.055894
46507	9.838375	-0.240075	0.276836	-0.009662	-0.151617	-0.035183	-0.050113	-0.028027	0.998350	-0.513624	0.858013	-0.001694	-0.856550	-0.512862	-0.057393
46508	10.007429	-0.059105	0.373977	0.051405	-0.177503	-0.035537	-0.051427	-0.029268	0.998248	-0.514094	0.857733	-0.001337	-0.856191	-0.513262	-0.059157
46509	9.984958	0.120411	0.329296	0.063376	-0.201381	-0.029981	-0.053126	-0.030623	0.998118	-0.514814	0.857301	-0.001099	-0.855654	-0.513903	-0.061310
46510	9.893702	0.106072	0.345133	0.065631	-0.229642	-0.015686	-0.054988	-0.031963	0.997975	-0.515395	0.856952	-0.000952	-0.855187	-0.514404	-0.063595
46511	9.921315	0.083104	0.154740	0.099675	-0.241384	-0.007918	-0.057053	-0.033319	0.997815	-0.516334	0.856387	-0.000926	-0.854484	-0.515259	-0.066064
46512	9.954215	-0.016579	0.085417	0.118077	-0.261384	-0.004602	-0.059240	-0.034731	0.997639	-0.517357	0.855769	-0.000928	-0.853717	-0.516191	-0.068664
46513	9.964482	-0.213728	0.042265	0.160583	-0.295213	-0.000054	-0.061710	-0.036266	0.997435	-0.518734	0.854935	-0.001009	-0.852706	-0.517466	-0.071571
46514	10.045395	-0.250603	0.034008	0.239701	-0.308905	0.003242	-0.064337	-0.037864	0.997210	-0.520786	0.853686	-0.001185	-0.851260	-0.519409	-0.074642
46515	10.249518	-0.253915	0.683557	0.232328	-0.303194	0.043637	-0.067124	-0.039056	0.996980	-0.522674	0.852531	-0.001793	-0.849886	-0.521216	-0.077639
46516	10.539858	-0.373844	0.532585	0.471241	-0.287554	0.081053	-0.069967	-0.039895	0.996751	-0.526629	0.850090	-0.002942	-0.847211	-0.525124	-0.080488
46517	10.479346	0.366765	0.906486	0.563704	-0.285374	0.061520	-0.072692	-0.040877	0.996516	-0.531318	0.847163	-0.004007	-0.844048	-0.529758	-0.083300
46518	10.110128	0.202983	0.943425	0.545814	-0.339002	0.032924	-0.075701	-0.042426	0.996228	-0.535903	0.844266	-0.004767	-0.840879	-0.534243	-0.086648
46519	10.042586	0.307667	0.902751	0.567741	-0.395536	0.020468	-0.079173	-0.044277	0.995877	-0.540463	0.841350	-0.005560	-0.837635	-0.538675	-0.090542
46520	10.200024	0.747030	0.764726	0.603141	-0.451875	0.025615	-0.083066	-0.046531	0.995457	-0.545495	0.838090	-0.006344	-0.833988	-0.543544	-0.094999
46521	10.183081	1.226467	0.624922	0.457739	-0.496689	0.036885	-0.087478	-0.048890	0.994966	-0.549249	0.835628	-0.007230	-0.831068	-0.547116	-0.099952
46522	10.172385	1.249323	0.203664	0.282629	-0.535285	0.072775	-0.092299	-0.051240	0.994412	-0.551541	0.834107	-0.008213	-0.829025	-0.549217	-0.105248
46523	10.085786	1.068350	-0.315128	0.084332	-0.577483	0.098794	-0.097655	-0.053628	0.993774	-0.552259	0.833621	-0.009283	-0.827933	-0.549727	-0.111024
46524	10.039701	0.989642	-0.644264	-0.057520	-0.574768	0.141171	-0.103170	-0.055632	0.993107	-0.551653	0.834006	-0.010590	-0.827668	-0.548943	-0.116734
46525	9.892518	0.843183	-0.865446	-0.195803	-0.568582	0.170233	-0.108879	-0.057328	0.992401	-0.549928	0.835124	-0.012091	-0.828085	-0.547066	-0.122453
46526	9.678040	0.660938	-1.186436	-0.268174	-0.543816	0.216166	-0.114549	-0.058512	0.991693	-0.547478	0.836705	-0.013870	-0.828943	-0.544519	-0.127878
46527	9.537881	0.559517	-1.522481	-0.340097	-0.534840	0.263160	-0.120481	-0.059265	0.990945	-0.544516	0.838597	-0.016050	-0.830053	-0.541519	-0.133306
46528	9.465371	0.621043	-1.768927	-0.371471	-0.511307	0.303958	-0.126357	-0.059496	0.990199	-0.541068	0.840775	-0.018527	-0.831432	-0.538106	-0.138430
46529	9.304148	0.744522	-1.979151	-0.440800	-0.473135	0.325086	-0.131992	-0.059314	0.989475	-0.537002	0.843317	-0.021082	-0.833191	-0.534133	-0.143163
46530	9.199248	0.679960	-1.921031	-0.521504	-0.416952	0.314282	-0.137130	-0.058900	0.988800	-0.532242	0.846268	-0.023404	-0.835412	-0.529491	-0.147397
46531	9.156818	0.596830	-1.691294	-0.571370	-0.319562	0.289090	-0.141321	-0.058185	0.988252	-0.527147	0.849395	-0.025373	-0.837940	-0.524540	-0.150710
46532	9.093927	0.578605	-1.593776	-0.580568	-0.175790	0.247267	-0.144073	-0.057022	0.987923	-0.521935	0.852560	-0.026907	-0.840730	-0.519509	-0.152593
46533	9.021275	0.750373	-1.487189	-0.548355	-0.010450	0.199377	-0.145358	-0.055394	0.987827	-0.517087	0.855471	-0.028117	-0.843500	-0.514880	-0.152993
46534	9.032384	0.851957	-1.477232	-0.530086	0.175998	0.138718	-0.144566	-0.053327	0.988057	-0.512421	0.858256	-0.028653	-0.846478	-0.510444	-0.151400
46535	9.221018	0.581343	-1.594647	-0.521239	0.364478	0.090371	-0.141925	-0.050747	0.988576	-0.507916	0.860928	-0.028724	-0.849635	-0.506190	-0.147963
46536	9.452421	0.125764	-1.412929	-0.422651	0.551334	0.064815	-0.137542	-0.047431	0.989360	-0.504242	0.863084	-0.028723	-0.852539	-0.502828	-0.142627
46537	9.606643	0.224189	-1.052784	-0.269284	0.739900	0.018284	-0.131429	-0.043578	0.990367	-0.501905	0.864451	-0.028569	-0.854879	-0.500825	-0.135485
46538	9.606074	0.545718	-0.924173	-0.173324	0.917445	-0.039606	-0.123359	-0.039355	0.991581	-0.500486	0.865294	-0.027921	-0.856911	-0.499717	-0.126438
46539	9.558164	0.776220	-0.742734	-0.147780	1.069275	-0.084203	-0.113803	-0.034754	0.992895	-0.499251	0.866040	-0.026910	-0.858951	-0.498766	-0.115909
46540	9.565095	0.787251	-0.634087	-0.149750	1.178959	-0.125036	-0.103023	-0.029986	0.994227	-0.498112	0.866738	-0.025474	-0.860971	-0.497861	-0.104230
46541	9.608838	0.688940	-0.532187	-0.143299	1.266222	-0.149856	-0.091381	-0.025098	0.995500	-0.497146	0.867342	-0.023768	-0.862842	-0.497080	-0.091736
46542	9.569996	0.634907	-0.612881	-0.135735	1.327573	-0.181936	-0.078993	-0.020108	0.996672	-0.496141	0.867968	-0.021811	-0.864641	-0.496213	-0.078539
46543	9.355126	0.649121	-1.225122	-0.113376	1.402334	-0.207139	-0.065763	-0.015050	0.997722	-0.495314	0.868494	-0.019547	-0.866221	-0.495471	-0.064569
46544	8.994150	1.101669	-1.625631	-0.153421	1.489246	-0.228386	-0.051702	-0.009689	0.998616	-0.494130	0.869219	-0.017150	-0.867849	-0.494333	-0.049728
46545	8.611875	1.458589	-1.942779	-0.264307	1.570701	-0.230877	-0.036936	-0.004028	0.999310	-0.491875	0.870542	-0.014672	-0.869882	-0.492077	-0.034136
46546	8.241950	1.859241	-2.169617	-0.405661	1.654468	-0.216222	-0.021446	0.002175	0.999768	-0.488416	0.872523	-0.012375	-0.872347	-0.488568	-0.017650
46547	9.682413	1.447991	0.934731	-0.800142	1.705567	-0.129601	-0.005716	0.009222	0.999941	-0.481332	0.876471	-0.010835	-0.876520	-0.481366	-0.000571
46548	7.618546	0.242262	-0.915617	-0.751955	1.425154	0.099762	0.006342	0.016885	0.999837	-0.474738	0.880047	-0.011851	-0.880104	-0.474586	0.013597
46549	7.155159	1.395987	-2.613005	-1.135594	0.756298	0.366054	0.011342	0.023561	0.999658	-0.464641	0.885362	-0.015596	-0.885426	-0.464306	0.020989
46550	7.161922	1.600799	-2.916566	-1.903758	-0.040442	0.581787	0.008345	0.028527	0.999558	-0.447769	0.893884	-0.021773	-0.894110	-0.447390	0.020233
46551	8.660524	0.441108	-0.386335	-2.629995	-0.716363	0.773534	-0.001327	0.032198	0.999481	-0.424035	0.905158	-0.029723	-0.905645	-0.423854	0.012452
46552	11.170203	-2.567086	2.394600	-2.891830	-0.860595	0.766841	-0.012307	0.035622	0.999290	-0.397630	0.916776	-0.037577	-0.917463	-0.397810	0.002882
46553	12.234536	-6.029097	2.311738	-2.390776	-0.729189	0.610647	-0.021424	0.038346	0.999035	-0.375339	0.925862	-0.043587	-0.926640	-0.375911	-0.005443
46554	12.201021	-7.172791	0.202374	-0.986239	-0.427109	0.394723	-0.026838	0.040394	0.998823	-0.366099	0.929367	-0.047422	-0.930189	-0.366941	-0.010154
46555	9.365554	-3.138323	-0.243319	0.176221	-0.411824	0.372142	-0.032027	0.042256	0.998593	-0.367581	0.928588	-0.051083	-0.929440	-0.368700	-0.014207
46556	8.415116	-1.999893	-0.437211	0.327998	-0.511349	0.373616	-0.038141	0.043802	0.998312	-0.370508	0.927209	-0.054837	-0.928046	-0.371974	-0.019136
46557	9.276208	-3.298093	-1.464567	0.210364	-0.630248	0.310313	-0.045244	0.044132	0.998001	-0.372623	0.926178	-0.057849	-0.926879	-0.374495	-0.025460
46558	9.905692	-2.302227	-1.667800	0.282142	-0.655853	0.253687	-0.052253	0.043986	0.997665	-0.375125	0.925003	-0.060430	-0.925500	-0.377406	-0.031834
46559	10.290720	-1.965069	-1.370495	0.190284	-0.619248	0.225120	-0.058832	0.043660	0.997313	-0.376764	0.924186	-0.062684	-0.924439	-0.379439	-0.037923
46560	10.081622	-1.336801	-1.702903	0.311854	-0.519953	0.225562	-0.064474	0.043734	0.996961	-0.379518	0.922896	-0.065029	-0.922935	-0.382557	-0.042905
46561	9.623382	-0.080583	-1.567571	0.385765	-0.494876	0.269230	-0.070124	0.044221	0.996558	-0.382949	0.921276	-0.067827	-0.921104	-0.386387	-0.047670
46562	9.646327	1.705110	-0.738136	0.395455	-0.546467	0.295663	-0.076276	0.044792	0.996080	-0.386384	0.919606	-0.070941	-0.919179	-0.390281	-0.052837
46563	9.709093	2.206775	0.134836	0.155951	-0.620085	0.294268	-0.083110	0.044914	0.995528	-0.387781	0.918791	-0.073826	-0.917997	-0.392182	-0.058944
46564	10.037551	1.440323	-0.063219	-0.010368	-0.651698	0.289248	-0.090198	0.044987	0.994907	-0.387449	0.918698	-0.076667	-0.917468	-0.392391	-0.065435
46565	9.868194	0.618600	-0.434728	-0.109063	-0.648353	0.325713	-0.097523	0.045325	0.994201	-0.386129	0.918989	-0.079772	-0.917275	-0.391669	-0.072121
46566	9.797790	-0.364097	-0.898564	-0.181405	-0.644718	0.369228	-0.104845	0.046170	0.993416	-0.384105	0.919526	-0.083275	-0.917317	-0.390307	-0.078674
46567	9.765430	-0.934316	-1.592833	-0.218727	-0.619884	0.393401	-0.112116	0.047269	0.992570	-0.381634	0.920217	-0.086931	-0.917489	-0.388545	-0.085131
46568	9.807295	-1.402399	-2.213313	-0.277814	-0.584500	0.388625	-0.118944	0.048554	0.991713	-0.378650	0.921104	-0.090512	-0.917865	-0.386278	-0.091175
46569	9.799453	-1.721125	-2.376378	-0.292542	-0.542174	0.356744	-0.125385	0.049673	0.990864	-0.375324	0.922143	-0.093722	-0.918374	-0.383647	-0.096979
46570	9.833442	-1.862984	-2.389303	-0.250854	-0.502035	0.319257	-0.131177	0.050669	0.990063	-0.372626	0.922940	-0.096605	-0.918663	-0.381595	-0.102188
46571	9.967304	-1.852545	-2.237026	-0.178913	-0.463292	0.282396	-0.136572	0.051375	0.989297	-0.370585	0.923495	-0.099116	-0.918703	-0.380155	-0.107085
46572	9.916062	-1.639290	-2.096393	-0.129195	-0.410020	0.261538	-0.141293	0.052205	0.988590	-0.369050	0.923847	-0.101532	-0.918607	-0.379185	-0.111267
46573	9.766443	-1.536225	-1.903995	-0.121901	-0.370133	0.234495	-0.145671	0.052891	0.987918	-0.367434	0.924255	-0.103661	-0.918571	-0.378095	-0.115204
46574	9.676978	-1.408284	-1.627608	-0.124986	-0.348356	0.226657	-0.149691	0.053641	0.987277	-0.365966	0.924603	-0.105724	-0.918510	-0.377136	-0.118774
46575	9.736876	-1.281530	-1.596562	-0.123388	-0.336077	0.215259	-0.153700	0.054266	0.986626	-0.364365	0.925015	-0.107639	-0.918485	-0.376036	-0.122402
46576	9.615307	-0.903725	-1.509663	-0.134010	-0.314804	0.201142	-0.157312	0.054916	0.986021	-0.362837	0.925405	-0.109427	-0.918478	-0.374979	-0.125652
46577	9.728820	-0.936832	-1.421999	-0.281108	-0.323529	0.183438	-0.160949	0.055436	0.985405	-0.359628	0.926487	-0.110860	-0.919110	-0.372222	-0.129181
46578	9.804183	-1.707522	-1.598815	-0.290765	-0.308999	0.166967	-0.164377	0.055808	0.984818	-0.356699	0.927470	-0.112095	-0.919644	-0.369710	-0.132548
46579	9.815635	-1.923342	-1.718715	-0.224510	-0.284222	0.157894	-0.167642	0.056194	0.984245	-0.354172	0.928289	-0.113324	-0.920032	-0.367590	-0.135717
46580	9.716282	-2.005974	-1.827290	-0.143061	-0.259067	0.135998	-0.170495	0.056477	0.983739	-0.352642	0.928735	-0.114437	-0.920095	-0.366419	-0.138429
46581	9.637770	-1.714993	-1.527143	-0.145920	-0.260189	0.119120	-0.173348	0.056485	0.983239	-0.351222	0.929166	-0.115301	-0.920105	-0.365322	-0.141230
46582	9.793774	-1.948915	-1.533617	-0.216699	-0.267646	0.088628	-0.176111	0.056304	0.982759	-0.349089	0.929903	-0.115833	-0.920392	-0.363470	-0.144111
46583	9.781507	-2.379401	-1.633880	-0.184772	-0.247685	0.052653	-0.178607	0.055781	0.982338	-0.347377	0.930523	-0.115998	-0.920559	-0.361960	-0.146821
46584	9.717984	-2.209776	-1.600168	-0.084790	-0.230556	0.023102	-0.180800	0.055132	0.981973	-0.346572	0.930815	-0.116070	-0.920434	-0.361310	-0.149184
46585	9.731148	-2.043707	-1.840214	-0.026934	-0.214744	-0.000424	-0.182828	0.054319	0.981643	-0.346209	0.930959	-0.115995	-0.920170	-0.361060	-0.151399
46586	9.720573	-1.585156	-2.037111	0.004144	-0.187986	-0.014773	-0.184496	0.053473	0.981378	-0.346290	0.930950	-0.115827	-0.919807	-0.361211	-0.153239
46587	9.771998	-1.310340	-2.344707	-0.052511	-0.163548	-0.040772	-0.185853	0.052560	0.981171	-0.345671	0.931237	-0.115362	-0.919766	-0.360603	-0.154905
46588	9.686483	-1.477088	-2.442192	-0.111628	-0.144361	-0.056540	-0.186976	0.051483	0.981014	-0.344766	0.931666	-0.114604	-0.919879	-0.359648	-0.156450
46589	9.655891	-1.446296	-2.203792	-0.136459	-0.131756	-0.073812	-0.187954	0.050241	0.980892	-0.343690	0.932186	-0.113603	-0.920082	-0.358475	-0.157941
46590	9.715952	-1.449591	-1.993474	-0.156811	-0.110892	-0.090947	-0.188653	0.048967	0.980822	-0.342435	0.932790	-0.112433	-0.920407	-0.357078	-0.159206
46591	9.761068	-1.501626	-1.870866	-0.159239	-0.092079	-0.105283	-0.189190	0.047593	0.980787	-0.341140	0.933424	-0.111099	-0.920777	-0.355604	-0.160358
46592	9.660453	-1.455795	-1.681931	-0.166134	-0.091204	-0.114642	-0.189630	0.046169	0.980770	-0.339843	0.934065	-0.109678	-0.921166	-0.354106	-0.161436
46593	9.617075	-1.398535	-1.356298	-0.167581	-0.097623	-0.123437	-0.190154	0.044613	0.980740	-0.338503	0.934729	-0.108152	-0.921552	-0.352549	-0.162641
46594	9.579832	-1.441204	-1.116780	-0.148830	-0.106389	-0.132859	-0.190676	0.042966	0.980712	-0.337400	0.935309	-0.106577	-0.921848	-0.351214	-0.163845
46595	9.454378	-1.402496	-0.860533	-0.115880	-0.118305	-0.135748	-0.191308	0.041258	0.980663	-0.336579	0.935780	-0.105029	-0.922017	-0.350163	-0.165136
46596	9.404895	-1.484678	-0.579809	-0.089700	-0.156679	-0.146844	-0.192250	0.039305	0.980559	-0.336049	0.936150	-0.103412	-0.922015	-0.349397	-0.166766
46597	9.333222	-1.314396	-0.303831	-0.045925	-0.189796	-0.149679	-0.193486	0.037219	0.980397	-0.335929	0.936365	-0.101844	-0.921800	-0.349049	-0.168670
46598	9.241077	-1.367926	-0.017063	-0.081787	-0.235207	-0.156720	-0.195118	0.034901	0.980159	-0.335496	0.936704	-0.100140	-0.921613	-0.348378	-0.171059
46599	9.257534	-1.611269	-0.062126	-0.063000	-0.281643	-0.167391	-0.197180	0.032303	0.979835	-0.335226	0.936990	-0.098351	-0.921273	-0.347859	-0.173927
46600	9.339339	-1.172183	-0.019259	0.024638	-0.330101	-0.169625	-0.199642	0.029535	0.979424	-0.335806	0.936954	-0.096703	-0.920531	-0.348203	-0.177137
46601	9.159134	-0.611249	0.187153	-0.025003	-0.397604	-0.170224	-0.202691	0.026515	0.978884	-0.336019	0.937056	-0.094959	-0.919787	-0.348171	-0.181023
46602	9.166490	-0.797080	0.337073	-0.122116	-0.470272	-0.180736	-0.206399	0.023156	0.978194	-0.335282	0.937522	-0.092938	-0.919231	-0.347153	-0.185740
46603	9.315984	-1.422589	-0.130841	-0.131182	-0.509600	-0.195187	-0.210422	0.019533	0.977415	-0.334503	0.938014	-0.090759	-0.918602	-0.346047	-0.190845
46604	9.310238	-1.867839	-0.691548	-0.082016	-0.541416	-0.202536	-0.214707	0.015731	0.976552	-0.334198	0.938330	-0.088593	-0.917721	-0.345383	-0.196209
46605	9.361477	-1.677005	-1.149597	-0.006583	-0.576404	-0.214210	-0.219271	0.011705	0.975594	-0.334635	0.938372	-0.086470	-0.916482	-0.345428	-0.201840
46606	9.410965	-1.319418	-1.461643	-0.003266	-0.595743	-0.226425	-0.223959	0.007492	0.974570	-0.335124	0.938402	-0.084227	-0.915169	-0.345465	-0.207653
46607	9.509781	-1.336891	-1.866787	-0.005449	-0.603239	-0.243865	-0.228644	0.003063	0.973505	-0.335696	0.938412	-0.081796	-0.913800	-0.345504	-0.213534
46608	9.576635	-1.233487	-2.012472	0.023793	-0.621531	-0.258617	-0.233440	-0.001542	0.972370	-0.336528	0.938328	-0.079303	-0.912280	-0.345742	-0.219563
46609	9.676045	-0.822723	-2.150365	0.083293	-0.631221	-0.269780	-0.238296	-0.006260	0.971172	-0.337906	0.938036	-0.076866	-0.910513	-0.346482	-0.225645
46610	9.521740	-0.422922	-2.018321	0.061954	-0.648610	-0.271439	-0.243268	-0.011085	0.969896	-0.339141	0.937793	-0.074345	-0.908738	-0.347017	-0.231894
46611	9.429517	-0.261814	-1.936378	0.039488	-0.670356	-0.266301	-0.248439	-0.015951	0.968516	-0.340200	0.937606	-0.071824	-0.906941	-0.347333	-0.238365
46612	9.485568	-0.550639	-1.860980	-0.018760	-0.692955	-0.271178	-0.253786	-0.020930	0.967034	-0.340729	0.937617	-0.069127	-0.905261	-0.347040	-0.245085
46613	9.660998	-0.999233	-1.747899	-0.010120	-0.722991	-0.267270	-0.259422	-0.025962	0.965415	-0.341313	0.937594	-0.066502	-0.903441	-0.346761	-0.252094
46614	9.697268	-1.101564	-1.548533	0.031508	-0.752943	-0.271600	-0.265279	-0.031150	0.963668	-0.342328	0.937403	-0.063935	-0.901354	-0.346851	-0.259337
46615	9.516215	-0.911138	-1.345736	0.091304	-0.792774	-0.270685	-0.271476	-0.036493	0.961753	-0.343921	0.936981	-0.061526	-0.898899	-0.347469	-0.266918
46616	9.230284	-0.538626	-0.907418	0.093683	-0.849700	-0.270185	-0.278162	-0.042009	0.959615	-0.345522	0.936544	-0.059157	-0.896237	-0.348024	-0.275026
46617	9.153912	-0.869047	-0.404766	0.042540	-0.945721	-0.278533	-0.285673	-0.047968	0.957126	-0.346689	0.936274	-0.056553	-0.893419	-0.347980	-0.284098
46618	9.279973	-1.637151	0.289725	0.063035	-1.050636	-0.308106	-0.293962	-0.054539	0.954260	-0.348163	0.935891	-0.053764	-0.890151	-0.348042	-0.294105
46619	9.615005	-2.280751	0.793773	0.184568	-1.167465	-0.353546	-0.303106	-0.061940	0.950942	-0.350866	0.935040	-0.050932	-0.886014	-0.349090	-0.305149
46620	10.265161	-1.940474	1.322834	0.359054	-1.311486	-0.387666	-0.313313	-0.070187	0.947053	-0.355252	0.933520	-0.048344	-0.880699	-0.351589	-0.317418
46621	10.663247	-0.791247	1.757345	0.471673	-1.454625	-0.391651	-0.324667	-0.078996	0.942524	-0.360683	0.931545	-0.046168	-0.874356	-0.354942	-0.330935
46622	10.616812	0.067856	1.885382	0.462244	-1.634646	-0.379570	-0.337514	-0.088384	0.937162	-0.365985	0.929573	-0.044139	-0.867260	-0.357885	-0.346091
46623	10.787734	0.863674	2.140999	0.347037	-1.834144	-0.352988	-0.352013	-0.098244	0.930825	-0.370287	0.927963	-0.042090	-0.859636	-0.359488	-0.363033
46624	11.775153	1.384534	2.140989	0.263331	-2.023506	-0.322027	-0.368116	-0.108539	0.923423	-0.373720	0.926676	-0.040060	-0.851366	-0.359848	-0.381688
46625	12.872818	2.752286	2.222893	0.239206	-2.201481	-0.277671	-0.385655	-0.119007	0.914936	-0.376906	0.925451	-0.038495	-0.842147	-0.359690	-0.401760
46626	13.056133	3.403500	1.769254	0.101838	-2.365209	-0.219989	-0.404618	-0.129556	0.905262	-0.378649	0.924805	-0.036889	-0.832411	-0.357703	-0.423249
46627	13.014993	3.397890	0.534748	-0.053118	-2.477298	-0.195973	-0.424318	-0.140207	0.894593	-0.379096	0.924699	-0.034885	-0.822339	-0.353939	-0.445518
46628	12.514095	2.940605	-0.809608	-0.339137	-2.565293	-0.186687	-0.444571	-0.150956	0.882932	-0.377158	0.925608	-0.031654	-0.812470	-0.347077	-0.468433
46629	11.961801	2.284615	-2.331699	-0.521716	-2.630791	-0.161852	-0.465114	-0.161476	0.870399	-0.373789	0.927099	-0.027746	-0.802466	-0.338251	-0.491564
46630	11.357411	2.230415	-3.528306	-0.680173	-2.629772	-0.127954	-0.485601	-0.171449	0.857203	-0.368997	0.929141	-0.023198	-0.792485	-0.327570	-0.514456
46631	11.088710	2.017658	-4.107126	-0.936589	-2.622119	-0.080234	-0.505860	-0.180631	0.843492	-0.362114	0.931968	-0.017590	-0.782930	-0.314338	-0.536854
46632	10.849715	0.788765	-4.884516	-1.174004	-2.571274	-0.039477	-0.525725	-0.188910	0.829413	-0.353204	0.935484	-0.010809	-0.773861	-0.298635	-0.558531
46633	10.855942	-1.214602	-6.093508	-1.315266	-2.456668	-0.013357	-0.544479	-0.196179	0.815510	-0.343261	0.939234	-0.003238	-0.765319	-0.281696	-0.578735
46634	10.868529	-2.944941	-7.042718	-1.273906	-2.340918	-0.024165	-0.562204	-0.202836	0.801738	-0.333726	0.942659	0.004469	-0.756673	-0.265049	-0.597658
46635	10.580830	-4.185393	-7.423836	-1.066190	-2.245913	-0.040070	-0.578845	-0.209022	0.788193	-0.326067	0.945280	0.011218	-0.747408	-0.250510	-0.615326
46636	10.091307	-4.825156	-7.800598	-0.702500	-2.147350	-0.074112	-0.594535	-0.215012	0.774789	-0.321314	0.946834	0.016196	-0.737079	-0.239322	-0.632013
46637	9.677220	-4.708538	-7.735089	-0.307843	-2.036990	-0.111416	-0.608956	-0.220891	0.761827	-0.319901	0.947261	0.018949	-0.725835	-0.232170	-0.647504
46638	9.027373	-4.079179	-7.715858	0.017810	-1.843072	-0.182009	-0.621636	-0.226887	0.749727	-0.321177	0.946803	0.020224	-0.714432	-0.228223	-0.661438
46639	7.898246	-3.229743	-7.698642	0.264702	-1.611443	-0.252752	-0.632117	-0.232977	0.739020	-0.324838	0.945553	0.020238	-0.703497	-0.227269	-0.673380
46640	7.234229	-2.196627	-7.078862	0.408017	-1.392692	-0.277544	-0.640926	-0.238797	0.729513	-0.329482	0.943960	0.019521	-0.693293	-0.227850	-0.683688
46641	6.675352	-1.200738	-7.115721	0.553460	-1.145547	-0.250750	-0.647851	-0.243822	0.721693	-0.335129	0.942011	0.017416	-0.684089	-0.230577	-0.691995
46642	6.071260	-0.288600	-7.376368	0.561323	-0.880754	-0.215091	-0.653106	-0.247919	0.715533	-0.340375	0.940169	0.015072	-0.676459	-0.233706	-0.698416
46643	4.936750	-0.377953	-7.536524	0.470223	-0.623561	-0.242049	-0.656346	-0.251698	0.711237	-0.345349	0.938379	0.013384	-0.670778	-0.236840	-0.702825
46644	6.399984	-0.761707	-4.776280	0.354500	-0.433679	-0.283575	-0.658251	-0.255417	0.708144	-0.349612	0.936805	0.012912	-0.666691	-0.239077	-0.705950
46645	8.909666	-1.807947	-3.934298	0.604235	0.000933	-0.307131	-0.657031	-0.258327	0.708221	-0.355877	0.934472	0.010699	-0.664577	-0.245010	-0.705909
46646	9.334038	-1.377999	-4.014589	1.115301	0.552143	-0.332554	-0.652153	-0.260071	0.712081	-0.365492	0.930800	0.005221	-0.664163	-0.256855	-0.702078
46647	8.705310	-0.171421	-4.845555	1.498330	1.105867	-0.370249	-0.643279	-0.260609	0.719913	-0.378097	0.925762	-0.002723	-0.665759	-0.273949	-0.694059
46648	7.472769	0.895114	-5.400182	1.551177	1.515695	-0.361289	-0.631760	-0.259681	0.730374	-0.390785	0.920419	-0.010772	-0.669452	-0.292225	-0.682963
46649	7.172007	1.075620	-5.537453	1.430603	1.871392	-0.336471	-0.617691	-0.257154	0.743189	-0.402751	0.915131	-0.018093	-0.675462	-0.310496	-0.668837
46650	7.521332	1.094091	-5.474942	1.286650	2.199607	-0.329753	-0.601386	-0.253170	0.757787	-0.413533	0.910170	-0.024104	-0.683612	-0.327865	-0.652057
46651	7.966005	1.270453	-5.478183	1.155246	2.560123	-0.358869	-0.582099	-0.247825	0.774431	-0.423847	0.905273	-0.028889	-0.693912	-0.345057	-0.631999
46652	8.032766	1.445419	-5.506949	0.995824	2.902779	-0.389894	-0.560093	-0.241121	0.792563	-0.433073	0.900790	-0.032000	-0.706217	-0.361161	-0.608950
46653	8.000821	1.845870	-5.569657	0.767696	3.214630	-0.430079	-0.535131	-0.233134	0.811963	-0.441127	0.896829	-0.033227	-0.720446	-0.375960	-0.582763
46654	8.003369	1.940486	-5.644135	0.479697	3.474509	-0.469526	-0.507720	-0.224087	0.831868	-0.447096	0.893910	-0.032079	-0.736427	-0.388213	-0.554045
46655	8.036125	1.632465	-5.621678	0.186185	3.677998	-0.511360	-0.477871	-0.214171	0.851922	-0.451207	0.891952	-0.028862	-0.753692	-0.398185	-0.522873
46656	8.140001	1.122953	-5.401683	-0.028023	3.844849	-0.550283	-0.446042	-0.203641	0.871537	-0.453561	0.890903	-0.023961	-0.771576	-0.405983	-0.489744
46657	8.200532	0.681696	-5.044359	-0.135738	3.986887	-0.576525	-0.412160	-0.192416	0.890562	-0.455163	0.890220	-0.018311	-0.789273	-0.412898	-0.454493
46658	8.332839	0.247420	-5.017810	-0.120150	4.108885	-0.593912	-0.376659	-0.180623	0.908572	-0.456571	0.889600	-0.012425	-0.806022	-0.419508	-0.417544
46659	8.290225	0.349632	-4.837982	-0.011571	4.215076	-0.590419	-0.339520	-0.167983	0.925477	-0.458767	0.888529	-0.007026	-0.821133	-0.426964	-0.378738
46660	8.361875	0.513135	-4.677948	0.086704	4.279405	-0.579944	-0.301408	-0.154719	0.940859	-0.461366	0.887208	-0.001904	-0.834443	-0.434654	-0.338793
46661	8.493012	0.551744	-4.649176	0.170695	4.333985	-0.560154	-0.262264	-0.140608	0.954697	-0.464542	0.885546	0.002810	-0.845824	-0.442761	-0.297565
46662	8.622392	0.658406	-4.548339	0.300813	4.383155	-0.534981	-0.222472	-0.125769	0.966793	-0.468419	0.883478	0.007141	-0.855038	-0.451275	-0.255462
