// General information: 
//  MT Manager version: 2022.2.0 
//  XDA version: 2022.2.0 build 7381 rev 124627 built on 2023-07-19
// Device information: 
//  DeviceId: 00B4CB9F
//  ProductCode: MTW2-3A7G6
//  Firmware Version: 4.6.0
//  Hardware Version: 2.0.0
// Device settings: 
//  Filter Profile: human(46.1)
//  Option Flags: Orientation Smoother Disabled, Position/Velocity Smoother Disabled, Continuous Zero Rotation Update Disabled, AHS Disabled, ICC Disabled
// Coordinate system: ENU
PacketCounter	Acc_X	Acc_Y	Acc_Z	Gyr_X	Gyr_Y	Gyr_Z	Mat[1][1]	Mat[2][1]	Mat[3][1]	Mat[1][2]	Mat[2][2]	Mat[3][2]	Mat[1][3]	Mat[2][3]	Mat[3][3]
16165	9.457171	-1.985660	-2.344487	0.015143	-0.017757	-0.002897	-0.271908	-0.081644	0.958854	-0.812445	0.553487	-0.183262	-0.515750	-0.828847	-0.216829
16166	9.528996	-1.972548	-2.303348	0.018644	-0.011216	-0.003129	-0.271981	-0.081714	0.958827	-0.812518	0.553361	-0.183320	-0.515598	-0.828924	-0.216898
16167	9.455068	-1.920066	-2.221457	0.012499	0.004925	-0.011093	-0.271916	-0.081743	0.958843	-0.812610	0.553238	-0.183282	-0.515487	-0.829003	-0.216859
16168	9.445405	-1.850520	-2.054511	0.021099	0.021525	-0.012382	-0.271812	-0.081658	0.958880	-0.812778	0.552984	-0.183305	-0.515277	-0.829181	-0.216678
16169	9.485080	-1.758012	-1.893103	0.023635	0.022615	-0.015893	-0.271617	-0.081567	0.958943	-0.812941	0.552765	-0.183245	-0.515123	-0.829336	-0.216449
16170	9.468485	-1.738983	-1.866682	0.010905	0.024153	-0.014106	-0.271420	-0.081324	0.959019	-0.812963	0.552743	-0.183211	-0.515192	-0.829374	-0.216139
16171	9.398640	-1.708272	-1.837312	0.004684	0.029903	-0.020632	-0.271149	-0.081198	0.959106	-0.813041	0.552677	-0.183065	-0.515212	-0.829430	-0.215876
16172	9.310104	-1.701997	-1.852957	0.000710	0.026779	-0.015832	-0.270956	-0.081131	0.959167	-0.813155	0.552539	-0.182973	-0.515132	-0.829529	-0.215686
16173	9.274665	-1.707598	-1.872148	-0.011977	0.016908	-0.004730	-0.270881	-0.081025	0.959197	-0.813104	0.552624	-0.182943	-0.515252	-0.829483	-0.215578
16174	9.322041	-1.715607	-2.005553	-0.026069	0.004051	0.000732	-0.270897	-0.080892	0.959204	-0.812897	0.552928	-0.182947	-0.515572	-0.829293	-0.215543
16175	9.416962	-1.808083	-2.166987	-0.031327	-0.007494	0.001320	-0.270997	-0.080955	0.959170	-0.812729	0.553179	-0.182933	-0.515783	-0.829120	-0.215704
16176	9.491010	-1.859546	-2.249758	-0.028299	-0.001946	-0.000790	-0.271035	-0.080970	0.959158	-0.812591	0.553391	-0.182903	-0.515980	-0.828976	-0.215784
16177	9.432334	-1.920378	-2.271127	-0.021743	0.009194	-0.010056	-0.270956	-0.080957	0.959181	-0.812504	0.553553	-0.182801	-0.516159	-0.828870	-0.215767
16178	9.311448	-1.955211	-2.306802	-0.021158	0.004749	-0.006749	-0.270904	-0.080993	0.959193	-0.812423	0.553707	-0.182698	-0.516314	-0.828764	-0.215802
16179	9.385548	-2.006632	-2.389404	0.002263	-0.017699	-0.001577	-0.271033	-0.081156	0.959143	-0.812436	0.553676	-0.182729	-0.516225	-0.828768	-0.215999
16180	9.551294	-1.978819	-2.316591	0.021543	-0.022012	0.004098	-0.271170	-0.081249	0.959096	-0.812511	0.553533	-0.182833	-0.516036	-0.828855	-0.216117
16181	9.538677	-1.941634	-2.279195	0.018158	0.007087	-0.008348	-0.271116	-0.081244	0.959112	-0.812625	0.553365	-0.182834	-0.515885	-0.828967	-0.216048
16182	9.390970	-1.836438	-2.113907	0.013910	0.021836	-0.022168	-0.270917	-0.081187	0.959173	-0.812748	0.553217	-0.182733	-0.515795	-0.829072	-0.215860
16183	9.381280	-1.766123	-1.946282	0.030537	0.017457	-0.020857	-0.270707	-0.081166	0.959234	-0.812960	0.552936	-0.182641	-0.515571	-0.829261	-0.215668
16184	9.458795	-1.731731	-1.888258	0.018888	0.014585	-0.020817	-0.270493	-0.081186	0.959293	-0.813140	0.552717	-0.182505	-0.515400	-0.829405	-0.215521
16185	9.428341	-1.782133	-1.844968	0.002411	0.024858	-0.015220	-0.270291	-0.081072	0.959359	-0.813191	0.552674	-0.182405	-0.515425	-0.829445	-0.215310
16186	9.379874	-1.738634	-1.884973	0.002887	0.021438	-0.019786	-0.270109	-0.081055	0.959412	-0.813335	0.552496	-0.182305	-0.515294	-0.829565	-0.215159
16187	9.401421	-1.777834	-1.962400	-0.003003	0.011825	-0.015100	-0.269976	-0.081049	0.959450	-0.813358	0.552498	-0.182195	-0.515327	-0.829565	-0.215083
16188	9.391598	-1.804544	-2.047891	-0.014680	0.009904	-0.008137	-0.269917	-0.081116	0.959461	-0.813376	0.552499	-0.182110	-0.515329	-0.829557	-0.215107
16189	9.452475	-1.860326	-2.160264	-0.015614	0.007914	-0.011897	-0.269830	-0.081125	0.959485	-0.813326	0.552608	-0.182004	-0.515453	-0.829484	-0.215091
16190	9.465505	-1.896280	-2.197309	-0.014021	0.011431	-0.012717	-0.269663	-0.081098	0.959534	-0.813330	0.552647	-0.181866	-0.515535	-0.829460	-0.214988
16191	9.438985	-1.915925	-2.200490	-0.017655	0.006862	-0.013437	-0.269569	-0.081124	0.959558	-0.813273	0.552772	-0.181740	-0.515673	-0.829374	-0.214986
16192	9.452495	-1.898424	-2.227655	-0.005117	0.004806	-0.008749	-0.269538	-0.081205	0.959560	-0.813311	0.552737	-0.181680	-0.515631	-0.829390	-0.215028
16193	9.506759	-1.854783	-2.219716	0.001678	0.005076	-0.015156	-0.269439	-0.081255	0.959583	-0.813358	0.552700	-0.181579	-0.515607	-0.829410	-0.215008
16194	9.449047	-1.861495	-2.230369	-0.010558	0.006639	-0.018431	-0.269282	-0.081318	0.959622	-0.813362	0.552753	-0.181400	-0.515683	-0.829368	-0.214987
16195	9.432144	-1.841528	-2.206117	0.001244	0.003130	-0.023963	-0.269122	-0.081433	0.959657	-0.813432	0.552712	-0.181214	-0.515658	-0.829384	-0.214987
16196	9.376364	-1.816675	-2.088666	0.018253	0.012123	-0.023147	-0.268929	-0.081401	0.959714	-0.813578	0.552529	-0.181115	-0.515527	-0.829509	-0.214818
16197	9.387224	-1.787069	-2.000498	0.031629	0.016546	-0.023051	-0.268707	-0.081400	0.959776	-0.813801	0.552237	-0.181003	-0.515290	-0.829704	-0.214633
16198	9.456201	-1.749399	-1.900708	0.042608	0.017899	-0.018500	-0.268489	-0.081367	0.959840	-0.814095	0.551824	-0.180942	-0.514940	-0.829982	-0.214399
16199	9.422056	-1.712583	-1.850382	0.034304	0.023534	-0.019646	-0.268258	-0.081289	0.959911	-0.814323	0.551512	-0.180868	-0.514700	-0.830197	-0.214143
16200	9.427573	-1.691814	-1.833745	0.031313	0.024902	-0.018501	-0.268025	-0.081128	0.959990	-0.814534	0.551212	-0.180831	-0.514488	-0.830412	-0.213820
16201	9.378546	-1.702611	-1.883828	0.015544	0.017406	-0.014145	-0.267870	-0.081070	0.960038	-0.814650	0.551060	-0.180770	-0.514384	-0.830518	-0.213656
16202	9.427069	-1.721346	-1.957599	0.001960	0.008990	-0.007300	-0.267888	-0.080950	0.960043	-0.814651	0.551031	-0.180856	-0.514374	-0.830549	-0.213561
16203	9.537809	-1.765812	-2.017335	-0.007656	0.003699	-0.005250	-0.267877	-0.080957	0.960046	-0.814624	0.551079	-0.180830	-0.514422	-0.830516	-0.213571
16204	9.486778	-1.808284	-2.197242	-0.022876	0.006621	-0.007391	-0.267877	-0.081013	0.960041	-0.814569	0.551179	-0.180775	-0.514510	-0.830445	-0.213638
16205	9.481347	-1.868916	-2.279887	-0.025843	0.003573	-0.012692	-0.267806	-0.081061	0.960057	-0.814468	0.551372	-0.180639	-0.514706	-0.830312	-0.213682
16206	9.503690	-1.865792	-2.290443	-0.013495	-0.006873	-0.007495	-0.267835	-0.081236	0.960034	-0.814432	0.551454	-0.180552	-0.514747	-0.830241	-0.213860
16207	9.477938	-1.843598	-2.225397	-0.015802	0.010817	-0.005932	-0.267782	-0.081188	0.960053	-0.814365	0.551569	-0.180502	-0.514880	-0.830169	-0.213816
16208	9.443080	-1.860086	-2.186912	-0.018079	0.016216	-0.016778	-0.267634	-0.081160	0.960096	-0.814339	0.551651	-0.180370	-0.514999	-0.830117	-0.213732
16209	9.432089	-1.843211	-2.030293	0.006599	0.017108	-0.017148	-0.267457	-0.081121	0.960149	-0.814418	0.551570	-0.180261	-0.514967	-0.830174	-0.213588
16210	9.500223	-1.794370	-1.989659	0.022284	0.015187	-0.013124	-0.267382	-0.081120	0.960170	-0.814617	0.551271	-0.180275	-0.514690	-0.830373	-0.213482
16211	9.509820	-1.808022	-1.970150	0.025443	0.018763	-0.014282	-0.267220	-0.081052	0.960221	-0.814785	0.551037	-0.180234	-0.514509	-0.830535	-0.213288
16212	9.444883	-1.769537	-1.868609	0.029116	0.025837	-0.020969	-0.266962	-0.080927	0.960303	-0.814978	0.550780	-0.180147	-0.514337	-0.830718	-0.212992
16213	9.330483	-1.742701	-1.818936	0.026149	0.034121	-0.020792	-0.266668	-0.080767	0.960398	-0.815167	0.550534	-0.180044	-0.514190	-0.830897	-0.212649
16214	9.255620	-1.667377	-1.851793	0.010702	0.029586	-0.015517	-0.266483	-0.080607	0.960463	-0.815261	0.550408	-0.180003	-0.514137	-0.830996	-0.212390
16215	9.282459	-1.687164	-1.914294	-0.001555	0.024208	-0.017846	-0.266264	-0.080513	0.960532	-0.815299	0.550394	-0.179870	-0.514189	-0.831014	-0.212193
16216	9.371030	-1.721470	-2.021654	-0.009669	0.009552	-0.007767	-0.266240	-0.080469	0.960542	-0.815273	0.550435	-0.179862	-0.514243	-0.830991	-0.212152
16217	9.459039	-1.809726	-2.140072	-0.016280	0.006345	-0.007349	-0.266198	-0.080465	0.960554	-0.815208	0.550553	-0.179799	-0.514368	-0.830913	-0.212152
16218	9.520436	-1.865775	-2.252475	-0.009231	0.003631	-0.004920	-0.266150	-0.080412	0.960572	-0.815209	0.550556	-0.179785	-0.514391	-0.830916	-0.212083
16219	9.493001	-1.928922	-2.324893	0.004471	0.003166	-0.009835	-0.266105	-0.080449	0.960581	-0.815257	0.550499	-0.179742	-0.514339	-0.830951	-0.212077
16220	9.453076	-1.900748	-2.349511	0.011417	0.001467	-0.015280	-0.266037	-0.080487	0.960597	-0.815356	0.550366	-0.179699	-0.514216	-0.831035	-0.212044
16221	9.423385	-1.855517	-2.229009	0.016746	0.000668	-0.013463	-0.265975	-0.080564	0.960607	-0.815477	0.550204	-0.179647	-0.514057	-0.831135	-0.212039
16222	9.437723	-1.795755	-2.186811	0.012054	0.010866	-0.013901	-0.265872	-0.080521	0.960640	-0.815580	0.550061	-0.179618	-0.513947	-0.831234	-0.211917
16223	9.430224	-1.802185	-2.085177	0.009891	0.018699	-0.017359	-0.265685	-0.080470	0.960696	-0.815676	0.549952	-0.179514	-0.513891	-0.831310	-0.211751
16224	9.468301	-1.708564	-1.923886	0.016046	0.024367	-0.020139	-0.265471	-0.080374	0.960763	-0.815842	0.549731	-0.179439	-0.513739	-0.831466	-0.211510
16225	9.492225	-1.727375	-1.813445	0.016670	0.030308	-0.018277	-0.265217	-0.080231	0.960845	-0.815975	0.549565	-0.179340	-0.513658	-0.831589	-0.211221
16226	9.449051	-1.740927	-1.731244	0.017246	0.037211	-0.009489	-0.264955	-0.079936	0.960942	-0.816082	0.549416	-0.179310	-0.513624	-0.831716	-0.210805
16227	9.436448	-1.691877	-1.748852	0.015661	0.033691	-0.008669	-0.264762	-0.079712	0.961014	-0.816184	0.549267	-0.179302	-0.513560	-0.831837	-0.210484
16228	9.355995	-1.679804	-1.865264	0.001006	0.018323	-0.005588	-0.264616	-0.079626	0.961061	-0.816273	0.549152	-0.179252	-0.513495	-0.831921	-0.210311
16229	9.359327	-1.733998	-2.046874	-0.011762	0.005986	-0.001914	-0.264621	-0.079595	0.961062	-0.816216	0.549236	-0.179251	-0.513582	-0.831868	-0.210306
16230	9.501445	-1.791254	-2.099245	-0.008032	-0.005242	0.001697	-0.264681	-0.079697	0.961037	-0.816218	0.549233	-0.179250	-0.513548	-0.831860	-0.210422
16231	9.536612	-1.826902	-2.147019	-0.012582	0.002980	0.002201	-0.264735	-0.079669	0.961025	-0.816147	0.549327	-0.179286	-0.513634	-0.831801	-0.210448
16232	9.429785	-1.858266	-2.151509	-0.012494	0.019307	-0.007144	-0.264607	-0.079590	0.961066	-0.816143	0.549357	-0.179212	-0.513706	-0.831788	-0.210320
16233	9.386185	-1.807041	-2.119740	-0.005381	0.022552	-0.012600	-0.264439	-0.079480	0.961122	-0.816148	0.549380	-0.179121	-0.513784	-0.831784	-0.210145
16234	9.365079	-1.765170	-2.039331	-0.006060	0.014114	-0.007053	-0.264390	-0.079404	0.961141	-0.816142	0.549390	-0.179117	-0.513819	-0.831785	-0.210058
16235	9.409900	-1.760891	-2.058170	-0.021496	0.013026	-0.002286	-0.264356	-0.079317	0.961158	-0.816037	0.549554	-0.179091	-0.514004	-0.831684	-0.210003
16236	9.414554	-1.794208	-2.053864	-0.025110	0.008450	-0.003013	-0.264379	-0.079309	0.961152	-0.815949	0.549689	-0.179081	-0.514132	-0.831596	-0.210038
16237	9.450469	-1.839954	-2.041983	-0.020989	0.013062	-0.007331	-0.264302	-0.079249	0.961178	-0.815860	0.549845	-0.179008	-0.514313	-0.831499	-0.209981
16238	9.402222	-1.873127	-1.975877	-0.006507	0.020033	-0.009895	-0.264171	-0.079137	0.961224	-0.815898	0.549801	-0.178967	-0.514319	-0.831538	-0.209809
16239	9.380487	-1.874043	-1.964402	0.008252	0.012686	-0.009114	-0.264082	-0.079090	0.961252	-0.815964	0.549713	-0.178938	-0.514260	-0.831601	-0.209704
16240	9.381486	-1.830714	-1.893783	0.020702	0.018599	-0.013222	-0.263885	-0.079069	0.961308	-0.816153	0.549462	-0.178845	-0.514061	-0.831769	-0.209527
16241	9.435642	-1.787437	-1.883841	0.027091	0.017829	-0.006686	-0.263789	-0.078966	0.961343	-0.816310	0.549219	-0.178879	-0.513862	-0.831939	-0.209339
16242	9.409510	-1.754909	-1.875365	0.018620	0.021957	-0.008326	-0.263654	-0.078776	0.961395	-0.816405	0.549069	-0.178902	-0.513779	-0.832056	-0.209077
16243	9.351395	-1.741176	-2.002588	0.004288	0.013012	-0.004817	-0.263599	-0.078703	0.961416	-0.816440	0.549016	-0.178906	-0.513753	-0.832098	-0.208976
16244	9.426616	-1.728180	-2.132025	-0.011690	-0.005402	0.007402	-0.263721	-0.078728	0.961381	-0.816389	0.549067	-0.178984	-0.513771	-0.832062	-0.209073
16245	9.510491	-1.794773	-2.196688	-0.027288	-0.011437	0.012176	-0.263930	-0.078765	0.961321	-0.816216	0.549291	-0.179085	-0.513939	-0.831911	-0.209264
16246	9.549487	-1.853467	-2.301082	-0.046582	-0.014123	0.007380	-0.264110	-0.078849	0.961264	-0.815985	0.549626	-0.179110	-0.514213	-0.831682	-0.209501
16247	9.477883	-1.931140	-2.296622	-0.033092	0.002238	-0.008261	-0.264081	-0.078885	0.961269	-0.815836	0.549881	-0.179003	-0.514463	-0.831509	-0.209570
16248	9.438889	-1.935758	-2.145340	-0.016067	0.010309	-0.014316	-0.263970	-0.078801	0.961306	-0.815754	0.550031	-0.178915	-0.514650	-0.831418	-0.209474
16249	9.475908	-1.961149	-1.946694	0.019871	0.008682	-0.008137	-0.263910	-0.078782	0.961325	-0.815878	0.549847	-0.178920	-0.514485	-0.831542	-0.209386
16250	9.602198	-1.872867	-1.766361	0.037148	0.020682	-0.006331	-0.263817	-0.078730	0.961354	-0.816192	0.549356	-0.178991	-0.514034	-0.831871	-0.209188
16251	9.562866	-1.856635	-1.729744	0.036093	0.027572	-0.012006	-0.263628	-0.078575	0.961419	-0.816409	0.549034	-0.178993	-0.513787	-0.832099	-0.208890
16252	9.461833	-1.783212	-1.580501	0.038781	0.026693	-0.014554	-0.263461	-0.078291	0.961488	-0.816550	0.548803	-0.179059	-0.513649	-0.832278	-0.208517
16253	9.453674	-1.714210	-1.584984	0.025274	0.024207	-0.015647	-0.263260	-0.078184	0.961552	-0.816720	0.548567	-0.179003	-0.513480	-0.832443	-0.208270
16254	9.382633	-1.662204	-1.674703	0.006276	0.010658	-0.017586	-0.263225	-0.078172	0.961562	-0.816795	0.548454	-0.179008	-0.513379	-0.832519	-0.208218
16255	9.378125	-1.658144	-1.805134	-0.006772	0.009171	-0.016800	-0.263092	-0.078197	0.961597	-0.816804	0.548484	-0.178874	-0.513433	-0.832497	-0.208173
16256	9.404361	-1.709430	-1.997537	-0.014049	-0.002477	-0.010852	-0.263057	-0.078249	0.961602	-0.816765	0.548567	-0.178797	-0.513513	-0.832437	-0.208215
16257	9.501333	-1.789735	-2.217536	-0.016613	-0.024313	-0.004453	-0.263197	-0.078484	0.961544	-0.816691	0.548689	-0.178762	-0.513559	-0.832334	-0.208510
16258	9.625234	-1.817477	-2.307145	-0.014133	-0.025713	-0.000541	-0.263448	-0.078734	0.961455	-0.816646	0.548733	-0.178833	-0.513502	-0.832282	-0.208860
16259	9.521725	-1.913994	-2.438866	-0.031015	-0.011515	-0.011722	-0.263463	-0.078902	0.961437	-0.816518	0.548968	-0.178698	-0.513699	-0.832111	-0.209058
16260	9.437103	-2.006793	-2.407402	-0.027813	-0.012355	-0.019316	-0.263427	-0.079159	0.961426	-0.816475	0.549095	-0.178501	-0.513785	-0.832003	-0.209278
16261	9.370848	-1.967495	-2.310201	-0.012582	-0.008319	-0.018091	-0.263373	-0.079336	0.961426	-0.816458	0.549172	-0.178343	-0.513840	-0.831935	-0.209411
16262	9.331501	-1.907100	-2.208262	-0.005825	-0.000159	-0.018509	-0.263378	-0.079358	0.961423	-0.816404	0.549262	-0.178313	-0.513923	-0.831873	-0.209452
16263	9.408645	-1.786422	-2.013618	0.006313	0.002797	-0.023544	-0.263222	-0.079472	0.961456	-0.816498	0.549178	-0.178142	-0.513853	-0.831918	-0.209445
16264	9.476860	-1.705004	-1.845672	0.013983	0.016411	-0.020681	-0.262939	-0.079395	0.961540	-0.816619	0.549053	-0.177974	-0.513806	-0.832008	-0.209203
16265	9.504792	-1.757663	-1.732319	0.012561	0.021290	-0.020363	-0.262715	-0.079338	0.961606	-0.816736	0.548919	-0.177847	-0.513734	-0.832102	-0.209007
16266	9.501312	-1.732884	-1.674953	0.007383	0.023560	-0.021725	-0.262510	-0.079346	0.961662	-0.816926	0.548675	-0.177730	-0.513537	-0.832262	-0.208852
16267	9.493221	-1.781317	-1.641939	0.008953	0.013251	-0.020611	-0.262325	-0.079357	0.961711	-0.817026	0.548570	-0.177593	-0.513473	-0.832330	-0.208740
16268	9.524192	-1.758915	-1.809935	0.005652	-0.002187	-0.018481	-0.262206	-0.079436	0.961737	-0.817105	0.548492	-0.177470	-0.513408	-0.832374	-0.208726
16269	9.532372	-1.727437	-2.028215	-0.000796	-0.014295	-0.016166	-0.262199	-0.079652	0.961721	-0.817143	0.548473	-0.177356	-0.513351	-0.832366	-0.208896
16270	9.522845	-1.689207	-2.164782	-0.001404	-0.016780	-0.018513	-0.262171	-0.079926	0.961706	-0.817252	0.548355	-0.177218	-0.513192	-0.832417	-0.209082
16271	9.388775	-1.718162	-2.293309	-0.014798	-0.010841	-0.034905	-0.261992	-0.080216	0.961730	-0.817267	0.548436	-0.176894	-0.513258	-0.832336	-0.209244
16272	9.286616	-1.781352	-2.296536	-0.000536	-0.014737	-0.029551	-0.261871	-0.080523	0.961738	-0.817396	0.548321	-0.176660	-0.513116	-0.832382	-0.209408
16273	9.335946	-1.820435	-2.255501	0.004741	-0.021470	-0.019832	-0.261871	-0.080819	0.961713	-0.817472	0.548252	-0.176521	-0.512995	-0.832399	-0.209638
16274	9.452059	-1.812033	-2.175488	-0.000188	-0.018727	-0.012854	-0.261863	-0.081042	0.961696	-0.817525	0.548208	-0.176409	-0.512913	-0.832406	-0.209809
16275	9.510519	-1.770337	-2.037660	-0.010756	-0.007803	-0.010081	-0.261872	-0.081170	0.961683	-0.817497	0.548276	-0.176332	-0.512954	-0.832349	-0.209934
16276	9.560611	-1.778775	-1.867639	-0.016097	0.006805	-0.013837	-0.261831	-0.081175	0.961694	-0.817420	0.548414	-0.176260	-0.513098	-0.832258	-0.209946
16277	9.588262	-1.724343	-1.735391	-0.012041	0.012389	-0.011225	-0.261727	-0.081142	0.961725	-0.817387	0.548491	-0.176169	-0.513203	-0.832210	-0.209879
16278	9.602322	-1.717302	-1.702794	-0.011181	0.017890	-0.022744	-0.261438	-0.081099	0.961807	-0.817437	0.548488	-0.175947	-0.513271	-0.832216	-0.209689
16279	9.460299	-1.700670	-1.718214	-0.013822	0.017797	-0.027121	-0.261176	-0.081108	0.961878	-0.817437	0.548567	-0.175700	-0.513404	-0.832163	-0.209573
16280	9.318070	-1.726686	-1.802742	-0.001583	0.012848	-0.023317	-0.260944	-0.081147	0.961937	-0.817537	0.548482	-0.175504	-0.513363	-0.832216	-0.209463
16281	9.286748	-1.744006	-1.937532	0.005439	-0.002702	-0.012023	-0.260910	-0.081244	0.961938	-0.817596	0.548413	-0.175442	-0.513286	-0.832252	-0.209511
16282	9.357666	-1.802597	-2.091827	-0.006024	-0.011070	-0.010606	-0.261018	-0.081364	0.961899	-0.817547	0.548483	-0.175453	-0.513310	-0.832194	-0.209683
16283	9.464048	-1.812055	-2.157105	0.007151	-0.031302	-0.000633	-0.261225	-0.081636	0.961820	-0.817585	0.548409	-0.175505	-0.513143	-0.832216	-0.210003
16284	9.654742	-1.791204	-2.208087	-0.005234	-0.034758	-0.003939	-0.261459	-0.081951	0.961729	-0.817576	0.548412	-0.175538	-0.513038	-0.832183	-0.210388
16285	9.619207	-1.807587	-2.172867	-0.026200	-0.002949	-0.028013	-0.261296	-0.082138	0.961758	-0.817515	0.548593	-0.175256	-0.513218	-0.832045	-0.210494
16286	9.379877	-1.805419	-2.050046	-0.025671	0.013411	-0.042388	-0.260841	-0.082271	0.961870	-0.817548	0.548698	-0.174772	-0.513397	-0.831963	-0.210383
16287	9.238400	-1.702322	-1.928231	-0.012317	0.010991	-0.041284	-0.260498	-0.082414	0.961951	-0.817593	0.548752	-0.174392	-0.513500	-0.831913	-0.210330
16288	9.265614	-1.720147	-1.992657	-0.011034	0.005539	-0.020347	-0.260321	-0.082424	0.961998	-0.817585	0.548819	-0.174220	-0.513602	-0.831868	-0.210257
16289	9.359236	-1.690963	-2.018598	-0.003188	-0.006998	-0.013171	-0.260300	-0.082562	0.961991	-0.817604	0.548820	-0.174129	-0.513584	-0.831853	-0.210361
16290	9.506767	-1.737719	-1.998477	0.007771	-0.002114	-0.009063	-0.260287	-0.082596	0.961992	-0.817680	0.548706	-0.174129	-0.513469	-0.831925	-0.210358
16291	9.649651	-1.750992	-1.981576	0.012135	-0.000468	-0.004554	-0.260303	-0.082633	0.961984	-0.817755	0.548587	-0.174153	-0.513342	-0.832000	-0.210372
16292	9.788103	-1.784123	-1.978328	0.018430	-0.000202	-0.005890	-0.260286	-0.082628	0.961990	-0.817865	0.548413	-0.174185	-0.513175	-0.832115	-0.210322
16293	9.734738	-1.718938	-1.964881	0.016462	0.014092	-0.023692	-0.260071	-0.082648	0.962046	-0.818011	0.548242	-0.174035	-0.513051	-0.832226	-0.210189
16294	9.485686	-1.724060	-2.044195	0.006333	0.021621	-0.040278	-0.259708	-0.082706	0.962139	-0.818168	0.548105	-0.173731	-0.512984	-0.832311	-0.210015
16295	9.281533	-1.735729	-2.084936	0.012660	0.008058	-0.039689	-0.259393	-0.082864	0.962210	-0.818336	0.547952	-0.173419	-0.512875	-0.832395	-0.209946
16296	9.348678	-1.727462	-2.114506	0.025161	-0.012711	-0.018214	-0.259418	-0.083063	0.962186	-0.818491	0.547730	-0.173391	-0.512616	-0.832522	-0.210078
16297	9.526703	-1.722144	-2.135981	0.018783	-0.017964	-0.002064	-0.259544	-0.083233	0.962138	-0.818593	0.547558	-0.173454	-0.512389	-0.832618	-0.210249
16298	9.566704	-1.694712	-2.101648	0.001683	-0.005322	-0.013702	-0.259433	-0.083357	0.962157	-0.818672	0.547484	-0.173313	-0.512318	-0.832654	-0.210277
16299	9.442201	-1.654079	-2.073222	-0.022643	0.011960	-0.028730	-0.259188	-0.083423	0.962217	-0.818631	0.547634	-0.173032	-0.512508	-0.832549	-0.210233
16300	9.327928	-1.648830	-1.908661	-0.037919	0.025146	-0.032361	-0.258839	-0.083443	0.962310	-0.818581	0.547821	-0.172677	-0.512765	-0.832424	-0.210102
16301	9.257543	-1.532229	-1.742813	-0.053082	0.033863	-0.027637	-0.258490	-0.083321	0.962414	-0.818381	0.548226	-0.172342	-0.513260	-0.832170	-0.209899
16302	9.289074	-1.433864	-1.712864	-0.072112	0.028094	-0.023622	-0.258182	-0.083222	0.962505	-0.818123	0.548714	-0.172009	-0.513825	-0.831858	-0.209754
16303	9.374334	-1.442297	-1.765074	-0.078288	0.019887	-0.013459	-0.258020	-0.083139	0.962556	-0.817756	0.549339	-0.171758	-0.514490	-0.831453	-0.209728
16304	9.561776	-1.480560	-1.895251	-0.063370	0.008146	-0.004323	-0.257907	-0.083113	0.962588	-0.817523	0.549744	-0.171573	-0.514917	-0.831188	-0.209730
16305	9.665556	-1.626820	-1.933974	-0.040640	0.014039	0.000763	-0.257892	-0.083000	0.962602	-0.817313	0.550067	-0.171538	-0.515258	-0.830986	-0.209695
16306	9.738493	-1.729833	-1.851053	-0.005401	0.030924	-0.013036	-0.257631	-0.082910	0.962680	-0.817424	0.549948	-0.171394	-0.515213	-0.831074	-0.209456
16307	9.593502	-1.852762	-1.840030	0.016628	0.048227	-0.026997	-0.257212	-0.082666	0.962813	-0.817580	0.549772	-0.171211	-0.515174	-0.831214	-0.208994
16308	9.429611	-1.870566	-1.970854	0.042658	0.029111	-0.026160	-0.256976	-0.082544	0.962886	-0.817830	0.549414	-0.171165	-0.514895	-0.831463	-0.208693
16309	9.367904	-1.961265	-2.249629	0.076970	-0.004026	-0.008857	-0.256975	-0.082634	0.962879	-0.818250	0.548752	-0.171283	-0.514228	-0.831891	-0.208631
16310	9.379793	-1.870469	-2.384272	0.110861	-0.035665	-0.000828	-0.257264	-0.082956	0.962774	-0.818867	0.547727	-0.171616	-0.513101	-0.832534	-0.208840
16311	9.360450	-1.864207	-2.607145	0.110748	-0.038130	-0.008219	-0.257443	-0.083327	0.962694	-0.819457	0.546783	-0.171811	-0.512068	-0.833117	-0.209048
16312	9.323924	-1.873136	-2.630588	0.121889	-0.049968	-0.022951	-0.257551	-0.083896	0.962616	-0.820188	0.545662	-0.171888	-0.510842	-0.833795	-0.209346
16313	9.376881	-1.810206	-2.438010	0.122707	-0.034157	-0.021122	-0.257603	-0.084305	0.962566	-0.820869	0.544605	-0.171984	-0.509720	-0.834445	-0.209495
16314	9.372092	-1.701973	-2.245640	0.099851	-0.012437	-0.030074	-0.257505	-0.084577	0.962568	-0.821476	0.543688	-0.171989	-0.508790	-0.835015	-0.209480
16315	9.359131	-1.631921	-2.079600	0.083886	0.002660	-0.029640	-0.257299	-0.084724	0.962611	-0.821980	0.542947	-0.171922	-0.508080	-0.835482	-0.209341
16316	9.386374	-1.534283	-1.877440	0.056112	0.017741	-0.023251	-0.256986	-0.084767	0.962690	-0.822431	0.542305	-0.171793	-0.507509	-0.835895	-0.209080
16317	9.440464	-1.500457	-1.808508	0.012057	0.022739	-0.014898	-0.256799	-0.084667	0.962749	-0.822532	0.542176	-0.171718	-0.507441	-0.835989	-0.208871
16318	9.467882	-1.488285	-1.743952	-0.029270	0.019956	-0.008115	-0.256719	-0.084595	0.962777	-0.822459	0.542307	-0.171653	-0.507599	-0.835911	-0.208796
16319	9.517486	-1.548764	-1.886281	-0.056906	0.016777	-0.006212	-0.256633	-0.084497	0.962808	-0.822187	0.542762	-0.171518	-0.508082	-0.835626	-0.208763
16320	9.482458	-1.640815	-2.045018	-0.063707	0.007091	0.008552	-0.256758	-0.084355	0.962787	-0.821831	0.543284	-0.171567	-0.508595	-0.835300	-0.208818
16321	9.496236	-1.720096	-2.152134	-0.068635	-0.003985	0.002675	-0.256851	-0.084383	0.962760	-0.821477	0.543844	-0.171492	-0.509121	-0.834933	-0.209006
16322	9.532206	-1.797001	-2.269531	-0.061609	0.000265	0.004154	-0.256932	-0.084352	0.962741	-0.821193	0.544280	-0.171468	-0.509537	-0.834652	-0.209113
16323	9.457075	-1.884250	-2.337162	-0.051887	0.003650	0.003087	-0.256990	-0.084314	0.962729	-0.820922	0.544700	-0.171432	-0.509945	-0.834382	-0.209198
16324	9.421795	-1.901922	-2.300167	-0.038564	0.008180	0.003237	-0.257063	-0.084175	0.962722	-0.820668	0.545070	-0.171474	-0.510317	-0.834154	-0.209197
16325	9.422301	-1.912410	-2.240958	-0.030427	0.014954	0.002021	-0.257054	-0.084048	0.962735	-0.820509	0.545310	-0.171473	-0.510577	-0.834010	-0.209136
16326	9.418104	-1.888823	-2.185083	-0.028042	0.014572	-0.001940	-0.257062	-0.083864	0.962749	-0.820334	0.545560	-0.171513	-0.510853	-0.833865	-0.209039
16327	9.489839	-1.841840	-2.013219	-0.006993	0.017966	-0.003914	-0.256989	-0.083744	0.962779	-0.820310	0.545599	-0.171503	-0.510929	-0.833852	-0.208909
16328	9.504373	-1.858051	-1.861899	0.002521	0.033693	-0.007372	-0.256871	-0.083525	0.962830	-0.820368	0.545500	-0.171542	-0.510896	-0.833938	-0.208644
16329	9.526996	-1.769711	-1.730208	0.018111	0.042298	-0.019531	-0.256546	-0.083287	0.962937	-0.820512	0.545317	-0.171435	-0.510828	-0.834082	-0.208237
16330	9.483319	-1.729444	-1.637176	0.032775	0.042956	-0.027560	-0.256077	-0.083130	0.963075	-0.820862	0.544852	-0.171233	-0.510499	-0.834401	-0.207763
16331	9.444023	-1.700937	-1.657958	0.048989	0.037744	-0.028024	-0.255706	-0.082976	0.963187	-0.821186	0.544404	-0.171108	-0.510165	-0.834709	-0.207346
16332	9.391067	-1.666970	-1.769657	0.059621	0.023405	-0.030285	-0.255302	-0.082997	0.963292	-0.821675	0.543724	-0.170922	-0.509579	-0.835150	-0.207010
16333	9.373921	-1.668564	-1.929790	0.063288	0.010726	-0.027123	-0.255076	-0.083063	0.963347	-0.822068	0.543157	-0.170835	-0.509058	-0.835513	-0.206830
16334	9.414951	-1.714990	-2.089232	0.067713	-0.001427	-0.020662	-0.254975	-0.083093	0.963371	-0.822436	0.542588	-0.170874	-0.508515	-0.835879	-0.206685
16335	9.468447	-1.703001	-2.208093	0.057473	-0.004849	-0.014562	-0.254931	-0.083221	0.963371	-0.822767	0.542079	-0.170896	-0.508001	-0.836197	-0.206664
16336	9.446221	-1.693856	-2.256479	0.050094	-0.001725	-0.018438	-0.254840	-0.083307	0.963388	-0.823062	0.541634	-0.170884	-0.507568	-0.836476	-0.206597
16337	9.392695	-1.672321	-2.312624	0.011188	0.004444	-0.009265	-0.254793	-0.083329	0.963399	-0.823144	0.541517	-0.170861	-0.507459	-0.836550	-0.206566
16338	9.375106	-1.685957	-2.416476	-0.005248	-0.003690	-0.008273	-0.254787	-0.083448	0.963390	-0.823201	0.541445	-0.170812	-0.507369	-0.836584	-0.206647
16339	9.464491	-1.698726	-2.338540	-0.006881	-0.002774	-0.001019	-0.254843	-0.083485	0.963372	-0.823171	0.541486	-0.170831	-0.507391	-0.836554	-0.206717
16340	9.504807	-1.692772	-2.185280	-0.008398	0.012458	-0.002183	-0.254834	-0.083353	0.963386	-0.823112	0.541561	-0.170872	-0.507490	-0.836519	-0.206617
16341	9.514748	-1.728316	-2.048113	0.001540	0.029188	-0.003782	-0.254705	-0.083138	0.963438	-0.823131	0.541529	-0.170882	-0.507523	-0.836561	-0.206364
16342	9.502164	-1.723311	-1.830751	0.016970	0.043199	-0.002586	-0.254517	-0.082731	0.963523	-0.823188	0.541419	-0.170959	-0.507526	-0.836673	-0.205903
16343	9.480123	-1.682748	-1.748101	0.014457	0.038644	0.001397	-0.254383	-0.082408	0.963586	-0.823259	0.541283	-0.171045	-0.507477	-0.836792	-0.205537
16344	9.466760	-1.634980	-1.766025	0.000324	0.034560	0.004856	-0.254343	-0.082103	0.963623	-0.823275	0.541215	-0.171186	-0.507473	-0.836866	-0.205248
16345	9.444962	-1.626388	-1.811940	-0.010620	0.033084	0.000242	-0.254228	-0.081833	0.963676	-0.823222	0.541288	-0.171210	-0.507616	-0.836845	-0.204978
16346	9.459291	-1.641787	-1.964121	-0.028674	0.031786	0.000569	-0.254147	-0.081464	0.963729	-0.822992	0.541626	-0.171250	-0.508029	-0.836663	-0.204697
16347	9.460580	-1.694891	-1.971514	-0.033701	0.032053	0.000141	-0.254037	-0.081203	0.963780	-0.822822	0.541891	-0.171226	-0.508360	-0.836516	-0.204476
16348	9.417940	-1.794827	-2.028355	-0.030982	0.027731	-0.001909	-0.253876	-0.081021	0.963837	-0.822756	0.542015	-0.171152	-0.508547	-0.836454	-0.204265
16349	9.431830	-1.788540	-1.994651	-0.024716	0.031463	-0.003711	-0.253736	-0.080787	0.963894	-0.822641	0.542202	-0.171109	-0.508802	-0.836355	-0.204035
16350	9.392686	-1.793267	-2.145787	-0.026059	0.019066	-0.000968	-0.253686	-0.080633	0.963920	-0.822526	0.542379	-0.171103	-0.509013	-0.836255	-0.203917
16351	9.465271	-1.874375	-2.180566	-0.005988	-0.000762	0.002729	-0.253764	-0.080633	0.963900	-0.822490	0.542415	-0.171161	-0.509032	-0.836232	-0.203965
16352	9.585703	-1.889643	-2.152545	0.014814	0.005592	0.006779	-0.253781	-0.080544	0.963902	-0.822611	0.542196	-0.171275	-0.508829	-0.836383	-0.203856
16353	9.482843	-1.850127	-2.133858	0.023225	0.011893	-0.007802	-0.253708	-0.080495	0.963926	-0.822750	0.541979	-0.171291	-0.508640	-0.836528	-0.203732
16354	9.438026	-1.822113	-1.984836	0.048369	0.016468	-0.013540	-0.253555	-0.080391	0.963975	-0.823026	0.541551	-0.171319	-0.508269	-0.836815	-0.203477
16355	9.428748	-1.775923	-1.872422	0.062611	0.016114	-0.008616	-0.253453	-0.080311	0.964008	-0.823368	0.541004	-0.171406	-0.507766	-0.837177	-0.203244
16356	9.481322	-1.690143	-1.793044	0.068985	0.015409	-0.002052	-0.253403	-0.080162	0.964034	-0.823727	0.540400	-0.171586	-0.507209	-0.837581	-0.202971
16357	9.551947	-1.622250	-1.737166	0.065667	0.017229	-0.002350	-0.253347	-0.080039	0.964059	-0.824068	0.539831	-0.171740	-0.506683	-0.837959	-0.202722
16358	9.582969	-1.592057	-1.657438	0.053669	0.028528	-0.005783	-0.253195	-0.079837	0.964115	-0.824394	0.539301	-0.171842	-0.506229	-0.838320	-0.202365
16359	9.538350	-1.542454	-1.624246	0.041228	0.038817	-0.011100	-0.252957	-0.079580	0.964199	-0.824632	0.538930	-0.171862	-0.505959	-0.838583	-0.201950
16360	9.462613	-1.469499	-1.657667	0.023015	0.039484	-0.011754	-0.252724	-0.079330	0.964281	-0.824833	0.538621	-0.171865	-0.505748	-0.838805	-0.201556
16361	9.499703	-1.504245	-1.700736	0.002735	0.036614	-0.006549	-0.252535	-0.079066	0.964352	-0.824865	0.538576	-0.171851	-0.505789	-0.838859	-0.201229
16362	9.536844	-1.528082	-1.803561	-0.011569	0.025117	-0.010466	-0.252332	-0.078933	0.964416	-0.824886	0.538579	-0.171745	-0.505858	-0.838870	-0.201012
16363	9.556562	-1.587509	-1.893324	-0.027624	0.028348	-0.009114	-0.252164	-0.078753	0.964475	-0.824771	0.538787	-0.171644	-0.506128	-0.838753	-0.200816
16364	9.505392	-1.662175	-2.026873	-0.036734	0.023999	-0.005246	-0.252061	-0.078601	0.964514	-0.824659	0.538976	-0.171590	-0.506363	-0.838646	-0.200674
16365	9.506829	-1.704051	-2.094081	-0.034672	0.018174	-0.002706	-0.251998	-0.078471	0.964541	-0.824492	0.539247	-0.171537	-0.506666	-0.838483	-0.200588
16366	9.511282	-1.683439	-2.079522	-0.032747	0.010863	-0.000630	-0.252016	-0.078395	0.964542	-0.824351	0.539462	-0.171541	-0.506886	-0.838353	-0.200578
16367	9.476224	-1.689987	-2.100447	-0.037159	0.019536	-0.006631	-0.251913	-0.078276	0.964579	-0.824182	0.539751	-0.171446	-0.507212	-0.838178	-0.200484
16368	9.454873	-1.765819	-1.981359	-0.032797	0.027125	-0.010007	-0.251756	-0.078106	0.964634	-0.824072	0.539949	-0.171352	-0.507469	-0.838066	-0.200301
16369	9.508882	-1.785706	-1.922139	-0.015777	0.024937	0.000285	-0.251683	-0.077904	0.964669	-0.823993	0.540064	-0.171366	-0.507633	-0.838011	-0.200117
16370	9.584582	-1.642786	-2.147562	-0.028425	0.012533	0.003892	-0.251685	-0.077736	0.964682	-0.823830	0.540303	-0.171398	-0.507897	-0.837872	-0.200027
16371	9.727713	-1.727285	-2.761638	-0.027084	-0.025386	-0.000805	-0.251858	-0.077961	0.964619	-0.823696	0.540512	-0.171379	-0.508027	-0.837716	-0.200349
16372	10.034138	-1.854000	-3.193631	-0.002198	-0.055343	-0.011364	-0.252158	-0.078439	0.964502	-0.823655	0.540578	-0.171372	-0.507946	-0.837629	-0.200918
16373	9.562400	-1.704066	-2.715147	-0.448441	-0.138195	0.076555	-0.253543	-0.079187	0.964077	-0.821178	0.544372	-0.171248	-0.511256	-0.835098	-0.203049
16374	10.286020	-1.580052	-1.233123	-0.604851	-0.323843	-0.100591	-0.254484	-0.082458	0.963555	-0.818329	0.549305	-0.169120	-0.515340	-0.831544	-0.207267
16375	9.833984	-1.502572	-0.568066	-0.700158	-0.014642	-0.157191	-0.253327	-0.083455	0.963774	-0.815103	0.554966	-0.166193	-0.520992	-0.827676	-0.208613
16376	8.172061	-3.003085	-1.332995	-1.488688	0.155432	-0.097351	-0.251747	-0.082757	0.964248	-0.807567	0.567041	-0.162174	-0.533347	-0.819522	-0.209583
16377	8.526661	-3.904324	-2.319248	0.001765	0.139502	-0.143273	-0.249897	-0.082433	0.964757	-0.807939	0.566892	-0.160839	-0.533654	-0.819658	-0.208265
16378	8.455076	-1.359688	-0.398814	1.247434	-0.124209	0.064074	-0.251119	-0.083060	0.964386	-0.814381	0.556642	-0.164116	-0.523186	-0.826590	-0.207425
16379	9.264300	-1.307159	-0.981789	0.404541	-0.255372	0.128035	-0.253545	-0.084470	0.963629	-0.816169	0.553384	-0.166237	-0.519215	-0.828632	-0.209249
16380	9.652274	-1.558515	-1.501741	0.294763	-0.141989	0.077814	-0.255020	-0.085239	0.963171	-0.817534	0.550920	-0.167704	-0.516336	-0.830193	-0.210182
16381	9.517960	-1.713177	-1.901869	0.305769	-0.083739	-0.016970	-0.255364	-0.086036	0.963009	-0.819154	0.548348	-0.168228	-0.513591	-0.831813	-0.210505
16382	9.472329	-1.452876	-2.006411	0.344781	-0.103124	-0.045554	-0.255554	-0.087120	0.962861	-0.821065	0.545376	-0.168574	-0.510435	-0.833652	-0.210905
16383	9.563902	-1.127700	-2.030661	0.252256	-0.085385	-0.033363	-0.255766	-0.088022	0.962723	-0.822437	0.543225	-0.168829	-0.508115	-0.834960	-0.211331
16384	9.677785	-1.099829	-2.071313	0.158940	-0.067642	0.003719	-0.256182	-0.088562	0.962563	-0.823280	0.541812	-0.169263	-0.506538	-0.835821	-0.211714
16385	9.653997	-1.169407	-2.320699	0.043052	-0.040492	0.034277	-0.256721	-0.088723	0.962405	-0.823412	0.541465	-0.169728	-0.506050	-0.836029	-0.212061
16386	9.495499	-1.186286	-2.559759	-0.077377	-0.049046	0.034196	-0.257297	-0.088982	0.962227	-0.823026	0.541981	-0.169955	-0.506386	-0.835666	-0.212685
16387	9.411254	-1.378747	-2.613345	-0.160486	-0.089453	0.028132	-0.258033	-0.089584	0.961974	-0.822142	0.543330	-0.169928	-0.507446	-0.834726	-0.213848
16388	9.462168	-1.683778	-2.633290	-0.250166	-0.094110	0.004270	-0.258556	-0.090344	0.961762	-0.820904	0.545344	-0.169461	-0.509181	-0.833330	-0.215166
16389	9.433098	-2.028555	-2.783512	-0.251547	-0.064067	-0.011654	-0.258838	-0.090949	0.961629	-0.819653	0.547410	-0.168850	-0.511049	-0.831907	-0.216237
16390	9.506175	-2.221726	-2.791263	-0.111463	-0.043702	-0.013887	-0.259066	-0.091377	0.961527	-0.819090	0.548336	-0.168579	-0.511836	-0.831251	-0.216901
16391	9.466677	-2.100963	-2.436329	0.054163	-0.021592	-0.013193	-0.259119	-0.091637	0.961488	-0.819404	0.547856	-0.168613	-0.511306	-0.831539	-0.217048
16392	9.378167	-1.911102	-1.992673	0.122937	-0.027743	-0.014626	-0.259184	-0.091929	0.961443	-0.820097	0.546761	-0.168802	-0.510161	-0.832227	-0.217102
16393	9.357714	-1.821446	-1.599847	0.152722	-0.038199	-0.020075	-0.259265	-0.092364	0.961379	-0.820929	0.545453	-0.168984	-0.508780	-0.833036	-0.217242
16394	9.438996	-1.662868	-1.205684	0.200812	-0.040899	-0.025478	-0.259318	-0.092848	0.961319	-0.822045	0.543691	-0.169237	-0.506947	-0.834134	-0.217314
16395	9.516750	-1.404679	-1.037201	0.177362	-0.045002	-0.026384	-0.259380	-0.093375	0.961251	-0.823014	0.542169	-0.169413	-0.505342	-0.835065	-0.217476
16396	9.621577	-1.305744	-1.082755	0.124271	-0.036168	-0.014454	-0.259451	-0.093782	0.961192	-0.823754	0.540995	-0.169568	-0.504098	-0.835780	-0.217615
16397	9.717751	-1.204088	-1.087312	0.096402	-0.033045	-0.006966	-0.259611	-0.094104	0.961117	-0.824260	0.540166	-0.169755	-0.503188	-0.836281	-0.217799
16398	9.821443	-1.254128	-1.048653	0.013579	-0.006280	-0.011825	-0.259701	-0.094171	0.961087	-0.824305	0.540075	-0.169822	-0.503067	-0.836332	-0.217883
16399	9.707522	-1.379423	-1.089613	-0.049888	0.037696	-0.020360	-0.259394	-0.093973	0.961189	-0.824109	0.540456	-0.169562	-0.503546	-0.836108	-0.217636
16400	9.574614	-1.548300	-1.361498	-0.187167	0.036679	-0.036733	-0.258935	-0.093856	0.961324	-0.823316	0.541883	-0.168857	-0.505077	-0.835197	-0.217585
16401	9.485070	-1.729916	-1.841508	-0.182640	0.036873	-0.052539	-0.258367	-0.093841	0.961478	-0.822531	0.543341	-0.167999	-0.506645	-0.834251	-0.217569
16402	9.395337	-1.943273	-1.974064	-0.070755	-0.000788	-0.056430	-0.257882	-0.094180	0.961575	-0.822439	0.543691	-0.167317	-0.507041	-0.833985	-0.217666
16403	9.430155	-2.068077	-1.930153	0.060815	-0.036950	-0.061099	-0.257618	-0.094829	0.961582	-0.822907	0.543108	-0.166906	-0.506416	-0.834291	-0.217950
16404	9.440923	-2.089797	-1.854973	0.187967	-0.039713	-0.066739	-0.257264	-0.095511	0.961609	-0.824092	0.541372	-0.166702	-0.504666	-0.835341	-0.217985
16405	9.427993	-1.964460	-1.677975	0.268962	-0.022000	-0.081224	-0.256756	-0.096141	0.961682	-0.825657	0.539028	-0.166552	-0.502361	-0.836783	-0.217778
16406	9.361909	-1.828273	-1.495768	0.346998	-0.002514	-0.101053	-0.255999	-0.096706	0.961828	-0.827697	0.535932	-0.166414	-0.499381	-0.838704	-0.217241
16407	9.425235	-1.621135	-1.189882	0.416352	0.006597	-0.114101	-0.255071	-0.097268	0.962017	-0.830064	0.532307	-0.166264	-0.495917	-0.840945	-0.216515
16408	9.502836	-1.267364	-0.880754	0.417635	-0.009877	-0.119788	-0.254177	-0.097934	0.962187	-0.832440	0.528635	-0.166096	-0.492379	-0.843181	-0.215891
16409	9.711687	-0.930429	-0.764345	0.354154	-0.033976	-0.127703	-0.253330	-0.098903	0.962311	-0.834505	0.525502	-0.165676	-0.489311	-0.845024	-0.215660
16410	10.030051	-0.639751	-0.478626	0.389338	-0.010215	-0.133082	-0.252320	-0.099661	0.962498	-0.836766	0.522011	-0.165308	-0.485960	-0.847096	-0.215107
16411	10.342675	-0.236176	0.767416	0.417947	0.069484	-0.143622	-0.250831	-0.099828	0.962870	-0.839154	0.518305	-0.164866	-0.482602	-0.849349	-0.213778
16412	10.441556	0.193790	2.513075	0.266812	0.224305	-0.151035	-0.248596	-0.098723	0.963563	-0.840886	0.515732	-0.164106	-0.480740	-0.851043	-0.211224
16413	9.743656	0.125068	2.242902	-0.334960	0.297016	-0.128448	-0.246134	-0.096871	0.964383	-0.839590	0.518437	-0.162208	-0.484258	-0.849611	-0.208937
16414	9.226676	-1.374274	-1.264232	-0.907187	0.102264	-0.157581	-0.244326	-0.096759	0.964854	-0.835595	0.525875	-0.158858	-0.492021	-0.845040	-0.209337
16415	9.479546	-2.788380	-2.568679	-0.816816	-0.018752	-0.156702	-0.243164	-0.097755	0.965047	-0.831934	0.532589	-0.155674	-0.498756	-0.840710	-0.210832
16416	9.590175	-3.811302	-2.743528	-0.742056	0.031709	-0.131007	-0.241992	-0.098128	0.965303	-0.828530	0.538651	-0.152948	-0.504953	-0.836795	-0.211651
16417	9.349798	-4.251077	-3.140094	-0.529688	0.142918	-0.134815	-0.240203	-0.097671	0.965797	-0.826172	0.542926	-0.150571	-0.509650	-0.834081	-0.211105
16418	8.886047	-3.894028	-3.093380	-0.249499	0.192879	-0.192530	-0.237741	-0.097025	0.966471	-0.825339	0.544806	-0.148330	-0.512148	-0.832930	-0.209601
16419	8.393424	-3.100556	-3.348173	-0.108886	0.147867	-0.294341	-0.234604	-0.097405	0.967199	-0.825480	0.545409	-0.145302	-0.513365	-0.832491	-0.208361
16420	8.300198	-2.624195	-4.494839	-0.133555	0.046657	-0.360589	-0.231436	-0.098951	0.967805	-0.825713	0.546021	-0.141630	-0.514427	-0.831907	-0.208074
16421	8.584328	-2.683647	-5.920442	-0.136905	-0.022876	-0.350253	-0.228713	-0.101062	0.968234	-0.825818	0.546791	-0.137999	-0.515475	-0.831147	-0.208518
16422	8.815943	-2.958541	-6.611082	-0.107352	-0.066764	-0.284499	-0.226737	-0.103184	0.968475	-0.826041	0.547180	-0.135092	-0.515990	-0.830631	-0.209300
16423	9.139034	-3.255890	-6.792129	-0.109888	-0.097768	-0.251498	-0.225216	-0.105380	0.968593	-0.826047	0.547812	-0.132471	-0.516647	-0.829938	-0.210425
