// General information: 
//  MT Manager version: 2022.2.0 
//  XDA version: 2022.2.0 build 7381 rev 124627 built on 2023-07-19
// Device information: 
//  DeviceId: 00B4CAF0
//  ProductCode: MTW2-3A7G6
//  Firmware Version: 4.6.0
//  Hardware Version: 2.0.0
// Device settings: 
//  Filter Profile: human(46.1)
//  Option Flags: Orientation Smoother Disabled, Position/Velocity Smoother Disabled, Continuous Zero Rotation Update Disabled, AHS Disabled, ICC Disabled
// Coordinate system: ENU
PacketCounter	Acc_X	Acc_Y	Acc_Z	Gyr_X	Gyr_Y	Gyr_Z	Mat[1][1]	Mat[2][1]	Mat[3][1]	Mat[1][2]	Mat[2][2]	Mat[3][2]	Mat[1][3]	Mat[2][3]	Mat[3][3]
07720	5.112210	1.495825	8.851248	0.149081	-0.059319	-0.001479	-0.301639	-0.820172	0.486140	0.953320	-0.266925	0.141182	0.013969	0.506033	0.862401
07721	5.068739	1.387502	8.774842	0.196292	-0.062696	0.003842	-0.301615	-0.819853	0.486692	0.953351	-0.265914	0.142872	0.012284	0.507080	0.861811
07722	5.128796	1.622078	8.689590	0.220901	-0.058500	-0.006558	-0.301673	-0.819524	0.487211	0.953355	-0.264857	0.144792	0.010381	0.508165	0.861197
07723	5.002638	1.453904	8.858077	0.198270	-0.037027	-0.011832	-0.301803	-0.819284	0.487533	0.953331	-0.264002	0.146504	0.008681	0.508995	0.860726
07724	4.957093	1.521429	8.874714	0.169343	-0.036870	-0.016812	-0.301962	-0.819037	0.487850	0.953293	-0.263288	0.148028	0.007205	0.509763	0.860285
07725	4.785553	1.493482	8.965531	0.131228	-0.030423	-0.015931	-0.302149	-0.818812	0.488112	0.953242	-0.262767	0.149278	0.006029	0.510393	0.859920
07726	4.788896	1.604279	9.006869	0.102144	-0.040867	-0.016112	-0.302302	-0.818545	0.488464	0.953198	-0.262388	0.150220	0.005205	0.511015	0.859556
07727	4.698804	1.583971	8.855229	0.076012	-0.055819	-0.011569	-0.302442	-0.818188	0.488976	0.953156	-0.262204	0.150809	0.004821	0.511681	0.859162
07728	4.749367	1.595490	8.998817	0.051388	-0.070752	-0.005469	-0.302492	-0.817796	0.489600	0.953141	-0.261996	0.151262	0.004572	0.512414	0.858727
07729	5.002624	1.491393	8.834122	0.045246	-0.079922	-0.008403	-0.302606	-0.817335	0.490298	0.953106	-0.261832	0.151768	0.004330	0.513232	0.858239
07730	5.159852	1.535336	8.684972	0.030099	-0.070714	-0.011840	-0.302718	-0.816925	0.490912	0.953071	-0.261785	0.152069	0.004284	0.513908	0.857835
07731	5.086745	1.549354	8.899006	0.028749	-0.053988	-0.015273	-0.302910	-0.816565	0.491393	0.953010	-0.261777	0.152461	0.004141	0.514484	0.857490
07732	5.239750	1.470874	8.756194	0.031792	-0.050893	-0.012252	-0.303026	-0.816255	0.491835	0.952974	-0.261725	0.152779	0.004019	0.515002	0.857179
07733	5.147481	1.573862	8.746723	0.045592	-0.038725	-0.009310	-0.303110	-0.816054	0.492119	0.952949	-0.261552	0.153230	0.003670	0.515410	0.856936
07734	4.954589	1.557309	8.765177	0.033316	-0.038496	-0.003347	-0.303142	-0.815831	0.492468	0.952939	-0.261419	0.153518	0.003496	0.515830	0.856684
07735	4.913173	1.702537	8.657873	0.018183	-0.030890	-0.009791	-0.303281	-0.815597	0.492770	0.952895	-0.261492	0.153667	0.003525	0.516162	0.856484
07736	4.610887	1.458943	9.075732	0.004257	-0.056755	-0.010885	-0.303384	-0.815260	0.493264	0.952861	-0.261570	0.153742	0.003684	0.516655	0.856186
07737	4.891370	1.494762	8.856119	0.005500	-0.096499	-0.013027	-0.303560	-0.814665	0.494139	0.952804	-0.261748	0.153795	0.004049	0.517503	0.855672
07738	4.899932	1.445995	8.853156	-0.028114	-0.121005	-0.028076	-0.303824	-0.813948	0.495156	0.952717	-0.262134	0.153678	0.004711	0.518434	0.855105
07739	4.958088	1.448423	8.945662	-0.032803	-0.139345	-0.030761	-0.304134	-0.813127	0.496314	0.952613	-0.262617	0.153495	0.005530	0.519478	0.854466
07740	5.048979	1.709332	8.831118	-0.046534	-0.140806	-0.032375	-0.304436	-0.812293	0.497492	0.952511	-0.263133	0.153243	0.006429	0.520520	0.853826
07741	5.010376	1.659764	8.850894	-0.046455	-0.127008	-0.029625	-0.304742	-0.811520	0.498566	0.952406	-0.263714	0.152895	0.007401	0.521431	0.853261
07742	5.267453	1.699538	8.748853	-0.011463	-0.128472	-0.015594	-0.304882	-0.810792	0.499663	0.952357	-0.263912	0.152860	0.007929	0.522462	0.852626
07743	5.301071	1.577430	8.723480	0.028213	-0.117793	-0.003345	-0.304933	-0.810143	0.500683	0.952340	-0.263835	0.153103	0.008063	0.523506	0.851984
07744	5.211165	1.510356	8.768124	0.031379	-0.096322	0.002309	-0.304906	-0.809629	0.501532	0.952348	-0.263664	0.153343	0.008085	0.524388	0.851441
07745	5.268306	1.509685	8.714897	0.019285	-0.081018	0.000376	-0.304926	-0.809184	0.502236	0.952341	-0.263564	0.153558	0.008115	0.525124	0.850987
07746	5.225177	1.513968	8.759157	0.013327	-0.061180	-0.001623	-0.304939	-0.808842	0.502779	0.952337	-0.263519	0.153664	0.008201	0.525673	0.850647
07747	5.231773	1.584579	8.679697	0.002703	-0.050361	0.001135	-0.304965	-0.808543	0.503244	0.952327	-0.263541	0.153688	0.008362	0.526123	0.850368
07748	5.186900	1.609338	8.676012	-0.006341	-0.031926	0.003734	-0.304929	-0.808368	0.503546	0.952337	-0.263556	0.153600	0.008547	0.526383	0.850205
07749	5.213552	1.633542	8.698457	-0.009291	-0.015057	0.006397	-0.304831	-0.808376	0.503594	0.952366	-0.263560	0.153409	0.008715	0.526370	0.850211
07750	4.970301	1.636843	8.720118	-0.009231	-0.007464	0.004703	-0.304788	-0.808333	0.503689	0.952379	-0.263582	0.153292	0.008853	0.526424	0.850176
07751	4.944524	1.522186	8.895104	0.001275	-0.031910	0.006818	-0.304744	-0.808162	0.503990	0.952392	-0.263582	0.153214	0.009021	0.526687	0.850012
07752	5.046978	1.539796	8.771014	0.004255	-0.044202	0.004051	-0.304703	-0.807923	0.504396	0.952404	-0.263539	0.153215	0.009142	0.527074	0.849770
07753	5.124277	1.540117	8.793522	0.004214	-0.051898	0.001169	-0.304732	-0.807604	0.504891	0.952392	-0.263593	0.153193	0.009366	0.527537	0.849480
07754	5.129659	1.561359	8.716621	-0.000354	-0.050341	0.001117	-0.304719	-0.807325	0.505345	0.952394	-0.263598	0.153169	0.009550	0.527961	0.849215
07755	5.280960	1.557495	8.666201	0.011830	-0.051848	0.005774	-0.304633	-0.807137	0.505696	0.952422	-0.263445	0.153261	0.009520	0.528325	0.848989
07756	5.310594	1.603025	8.563978	0.028726	-0.036709	0.005494	-0.304580	-0.806941	0.506041	0.952441	-0.263261	0.153462	0.009386	0.528715	0.848747
07757	5.311997	1.608822	8.635532	0.035061	-0.004751	0.003271	-0.304564	-0.806912	0.506096	0.952448	-0.263101	0.153691	0.009139	0.528839	0.848673
07758	5.238565	1.635940	8.609443	0.036768	0.022801	0.007233	-0.304500	-0.807036	0.505938	0.952472	-0.262860	0.153952	0.008746	0.528770	0.848720
07759	5.162789	1.663790	8.609103	0.029307	0.047296	0.008177	-0.304434	-0.807292	0.505568	0.952496	-0.262706	0.154068	0.008438	0.528455	0.848919
07760	5.085169	1.695067	8.707144	0.018620	0.052192	0.018711	-0.304262	-0.807601	0.505178	0.952554	-0.262469	0.154116	0.008129	0.528101	0.849143
07761	5.105222	1.669720	8.686420	0.018599	0.052333	0.024813	-0.304072	-0.807909	0.504801	0.952617	-0.262193	0.154192	0.007782	0.527767	0.849353
07762	5.124906	1.643588	8.666100	0.007971	0.063229	0.030624	-0.303787	-0.808306	0.504335	0.952710	-0.261916	0.154090	0.007541	0.527296	0.849648
07763	4.897008	1.556849	8.866899	-0.004246	0.064951	0.035110	-0.303499	-0.808727	0.503834	0.952804	-0.261651	0.153961	0.007316	0.526782	0.849969
07764	5.013626	1.479726	8.874219	0.000145	0.045262	0.043218	-0.303093	-0.809062	0.503540	0.952934	-0.261313	0.153729	0.007205	0.526435	0.850185
07765	5.083629	1.423968	8.806247	-0.009039	0.039126	0.038736	-0.302749	-0.809369	0.503254	0.953043	-0.261063	0.153475	0.007163	0.526088	0.850400
07766	5.078402	1.304546	8.935449	-0.021386	0.017691	0.031537	-0.302453	-0.809528	0.503177	0.953136	-0.260933	0.153120	0.007340	0.525907	0.850510
07767	5.132160	1.487470	8.756869	-0.024625	-0.008358	0.026013	-0.302203	-0.809563	0.503270	0.953213	-0.260901	0.152698	0.007685	0.525869	0.850531
07768	5.106914	1.367097	8.858991	-0.026318	-0.034522	0.015918	-0.302051	-0.809407	0.503612	0.953258	-0.260922	0.152379	0.008067	0.526098	0.850385
07769	5.066598	1.605524	8.772653	-0.020286	-0.042165	0.017648	-0.301932	-0.809184	0.504043	0.953292	-0.260934	0.152141	0.008412	0.526436	0.850173
07770	5.024032	1.674499	8.717994	-0.020412	-0.054265	0.022500	-0.301715	-0.808941	0.504562	0.953358	-0.260872	0.151839	0.008798	0.526840	0.849919
07771	4.882251	1.657365	8.885335	-0.017651	-0.084662	0.029302	-0.301490	-0.808495	0.505411	0.953424	-0.260833	0.151492	0.009347	0.527544	0.849477
07772	4.965970	1.701645	8.879034	-0.013427	-0.117919	0.045329	-0.301049	-0.807974	0.506505	0.953558	-0.260550	0.151134	0.009858	0.528480	0.848888
07773	5.025604	1.597541	8.828699	-0.009084	-0.140636	0.055011	-0.300562	-0.807333	0.507815	0.953705	-0.260224	0.150764	0.010429	0.529620	0.848171
07774	5.086910	1.498663	8.898786	-0.006321	-0.169442	0.064822	-0.299928	-0.806586	0.509374	0.953898	-0.259747	0.150366	0.011025	0.530989	0.847307
07775	5.197989	1.318692	8.824732	-0.011015	-0.181568	0.066612	-0.299331	-0.805762	0.511027	0.954079	-0.259287	0.150015	0.011626	0.532464	0.846373
07776	5.140614	1.273425	8.890210	0.056148	-0.182433	0.057539	-0.298763	-0.804921	0.512681	0.954256	-0.258537	0.150181	0.011663	0.534098	0.845342
07777	5.109095	1.274057	8.831124	0.046885	-0.193224	0.048626	-0.298342	-0.803955	0.514440	0.954385	-0.257978	0.150320	0.011864	0.535821	0.844248
07778	5.176247	1.299915	8.843789	0.034636	-0.196392	0.038027	-0.297958	-0.802982	0.516179	0.954502	-0.257500	0.150402	0.012146	0.537507	0.843172
07779	4.923065	1.142015	8.988480	0.003969	-0.205783	0.013882	-0.297871	-0.801855	0.517978	0.954521	-0.257422	0.150411	0.012731	0.539224	0.842066
07780	5.290946	1.470137	8.837644	0.000598	-0.234874	0.008459	-0.297763	-0.800591	0.519992	0.954545	-0.257364	0.150358	0.013452	0.541127	0.840834
07781	5.240307	1.545583	8.822152	0.023430	-0.239801	0.003902	-0.297704	-0.799337	0.521951	0.954557	-0.257193	0.150572	0.013884	0.543058	0.839581
07782	5.358629	1.542701	8.759329	0.017341	-0.241157	0.008548	-0.297591	-0.798030	0.524011	0.954584	-0.257044	0.150659	0.014463	0.545047	0.838281
07783	5.210062	1.477928	8.848917	-0.004309	-0.266932	0.006240	-0.297502	-0.796608	0.526220	0.954598	-0.257054	0.150552	0.015336	0.547118	0.836915
07784	5.223615	2.136619	8.804224	0.021750	-0.274311	0.029107	-0.297184	-0.795162	0.528582	0.954687	-0.256716	0.150566	0.015971	0.549376	0.835423
07785	5.147844	1.851409	8.926712	0.014173	-0.287499	0.049333	-0.296782	-0.793613	0.531131	0.954799	-0.256333	0.150505	0.016704	0.551790	0.833816
07786	4.985570	1.792634	9.186939	0.001950	-0.318726	0.079204	-0.295974	-0.792035	0.533929	0.955033	-0.255708	0.150085	0.017657	0.554341	0.832103
07787	4.876764	1.705784	9.421855	0.007842	-0.368540	0.106260	-0.294938	-0.790233	0.537162	0.955332	-0.254906	0.149543	0.018752	0.557274	0.830117
07788	4.826499	1.383141	9.883839	-0.002080	-0.458055	0.125311	-0.293655	-0.787974	0.541169	0.955699	-0.253943	0.148836	0.020147	0.560902	0.827637
07789	4.814204	1.411914	10.055016	0.001362	-0.581280	0.146493	-0.292155	-0.785082	0.546161	0.956120	-0.252836	0.148012	0.021888	0.565438	0.824500
07790	4.732149	2.097850	10.658098	-0.008841	-0.720775	0.183598	-0.290237	-0.781431	0.552384	0.956651	-0.251463	0.146918	0.024098	0.571080	0.820541
07791	4.761586	3.019691	10.776148	-0.101271	-0.908699	0.257384	-0.287602	-0.776842	0.560180	0.957348	-0.250135	0.144630	0.027766	0.577883	0.815647
07792	4.763849	3.160158	10.757257	-0.276719	-1.100778	0.362951	-0.283791	-0.771325	0.569667	0.958298	-0.248950	0.140317	0.033589	0.585732	0.809809
07793	4.707334	2.358638	10.729275	-0.297148	-1.286049	0.479293	-0.278794	-0.764904	0.580686	0.959512	-0.247137	0.135133	0.040145	0.594849	0.802835
07794	4.374607	2.373016	10.883085	-0.394883	-1.490564	0.571564	-0.272651	-0.757348	0.593368	0.960911	-0.245171	0.128611	0.048073	0.605240	0.794590
07795	4.367036	2.236678	10.843258	-0.435636	-1.741015	0.657897	-0.265561	-0.748212	0.607994	0.962401	-0.243094	0.121203	0.057115	0.617320	0.784636
07796	4.495613	2.052243	11.077483	-0.404698	-2.037931	0.760887	-0.256976	-0.737305	0.624776	0.964136	-0.239986	0.113349	0.066365	0.631497	0.772533
07797	3.831559	3.003193	10.823075	-0.299693	-2.358092	0.858721	-0.247166	-0.724203	0.643769	0.966038	-0.235840	0.105590	0.075358	0.648004	0.757900
07798	2.794380	4.921838	10.705909	-0.492448	-2.948852	1.019020	-0.234915	-0.707160	0.666888	0.968092	-0.231804	0.095213	0.087256	0.667975	0.739050
07799	3.063787	5.094759	10.490866	-0.806973	-3.565056	1.238107	-0.219621	-0.685736	0.693926	0.970085	-0.228923	0.080802	0.103446	0.690913	0.715499
07800	6.219495	5.994691	10.753581	-1.003768	-4.124291	1.501078	-0.200396	-0.660102	0.723952	0.972104	-0.225902	0.063108	0.121884	0.716403	0.686958
07801	7.532196	6.113153	11.088601	-1.168618	-4.356858	1.854022	-0.176834	-0.632291	0.754280	0.973958	-0.222899	0.041485	0.141897	0.741973	0.655241
07802	10.447730	5.434234	11.377497	-1.296632	-4.565562	2.157330	-0.148863	-0.602577	0.784054	0.975498	-0.219382	0.016607	0.162001	0.767315	0.620470
07803	15.474471	5.901372	13.007392	-1.168259	-4.492097	2.351096	-0.118357	-0.572447	0.811355	0.976523	-0.215206	-0.009386	0.179982	0.791196	0.584479
07804	12.311167	8.026084	12.663989	-1.271087	-4.016831	2.707990	-0.084340	-0.545998	0.833531	0.976871	-0.210264	-0.038889	0.196495	0.810972	0.551103
07805	9.538549	7.350925	12.347122	-1.646911	-3.997086	3.000003	-0.046923	-0.519144	0.853398	0.975270	-0.208533	-0.073232	0.215979	0.828857	0.516091
07806	8.679078	5.119588	12.320890	-1.783212	-3.960689	3.182917	-0.007000	-0.492577	0.870241	0.972106	-0.207379	-0.109561	0.234437	0.845199	0.480289
07807	8.540186	5.780414	12.409101	-1.662746	-3.886851	3.350169	0.034815	-0.466261	0.883962	0.967489	-0.205983	-0.146754	0.250507	0.860332	0.443931
07808	7.537409	6.828558	12.002934	-1.558078	-3.657970	3.402274	0.077044	-0.441486	0.893954	0.961575	-0.204072	-0.183654	0.263512	0.873753	0.408799
07809	0.909997	5.994827	10.285432	-1.519878	-3.681897	3.374428	0.119083	-0.416077	0.901498	0.954123	-0.203264	-0.219849	0.274717	0.886320	0.372783
07810	-3.578949	4.731039	7.812673	-1.653659	-3.997000	3.253560	0.161172	-0.387001	0.907884	0.944929	-0.204985	-0.255127	0.284837	0.899006	0.332651
07811	6.169679	9.151016	7.615448	-2.409626	-4.347549	2.093918	0.193308	-0.352334	0.915693	0.934130	-0.219332	-0.281593	0.300055	0.909810	0.286727
07812	27.167840	5.294388	11.790165	-1.693797	-1.289988	-0.832697	0.189504	-0.338660	0.921628	0.930523	-0.237648	-0.278659	0.313394	0.910403	0.270096
07813	15.586992	15.291612	17.058605	-1.601809	1.184920	-2.687109	0.160401	-0.342919	0.925569	0.930020	-0.261623	-0.258103	0.330659	0.902197	0.276957
07814	3.600212	13.250214	10.210432	-2.042757	2.516791	-3.610735	0.118246	-0.355411	0.927201	0.928058	-0.292542	-0.230492	0.353165	0.887751	0.295250
07815	-2.728285	10.874053	7.388646	-2.392821	2.651972	-3.846176	0.072586	-0.367026	0.927374	0.922896	-0.327824	-0.201978	0.378146	0.870530	0.314932
07816	-2.591154	6.241584	6.463992	-2.619050	2.519704	-3.778761	0.028017	-0.375622	0.926350	0.914550	-0.364445	-0.175437	0.403502	0.852108	0.333314
07817	-0.533592	0.634848	6.243897	-2.276115	2.427964	-3.653672	-0.015691	-0.382376	0.923874	0.905214	-0.397867	-0.149296	0.424667	0.833961	0.352375
07818	0.778067	-2.086914	6.342822	-1.347902	2.516111	-3.431530	-0.057461	-0.389068	0.919415	0.898147	-0.422270	-0.122559	0.435925	0.818728	0.373704
07819	1.622493	-2.693559	6.431637	-0.277865	2.666986	-3.054970	-0.096910	-0.397810	0.912335	0.894387	-0.436973	-0.095532	0.436670	0.806723	0.398143
07820	1.597422	-1.007655	6.688486	0.536511	2.840074	-2.669807	-0.133066	-0.408812	0.902866	0.893626	-0.443462	-0.069092	0.428632	0.797631	0.424335
07821	2.146602	1.106031	6.773175	0.841031	2.979986	-2.227859	-0.166032	-0.422700	0.890931	0.893621	-0.446529	-0.045321	0.416984	0.788629	0.451872
07822	3.224257	2.058317	7.080119	0.837270	3.124187	-1.805960	-0.194995	-0.439084	0.877030	0.893785	-0.447773	-0.025457	0.403888	0.778912	0.479760
07823	4.776880	2.244309	7.448329	0.726594	3.296415	-1.458754	-0.221618	-0.458157	0.860800	0.893378	-0.449214	-0.009087	0.390847	0.767006	0.508861
07824	6.020026	1.831739	7.640374	0.596802	3.522765	-1.227871	-0.246116	-0.479384	0.842388	0.892786	-0.450459	0.004494	0.377307	0.753178	0.538853
07825	6.799466	0.940858	7.716443	0.587101	3.750207	-1.079551	-0.270145	-0.502556	0.821255	0.891898	-0.451923	0.016834	0.362684	0.737023	0.570313
07826	7.785550	-0.010400	7.783462	0.738726	3.961862	-0.985056	-0.292952	-0.526944	0.797815	0.891725	-0.451638	0.029135	0.344971	0.719968	0.602197
07827	8.323569	-1.009744	7.662803	1.007683	4.161906	-0.933268	-0.315733	-0.552380	0.771485	0.891967	-0.450070	0.042792	0.323585	0.701651	0.634806
07828	7.937057	-1.419684	7.589637	1.338816	4.280556	-0.894630	-0.337022	-0.577995	0.743195	0.893194	-0.445880	0.058274	0.297693	0.683456	0.666533
07829	7.240302	-1.354457	7.579343	1.634543	4.254137	-0.824906	-0.357003	-0.603044	0.713363	0.894665	-0.440307	0.075521	0.268556	0.665183	0.696713
07830	7.111473	-0.874695	7.651851	1.858882	4.137166	-0.696029	-0.373701	-0.627146	0.683400	0.896808	-0.432410	0.093581	0.236820	0.647849	0.724022
07831	7.797435	0.556096	7.934116	1.970352	3.987649	-0.504325	-0.387599	-0.650451	0.653208	0.898936	-0.423638	0.111558	0.204161	0.630432	0.748915
07832	7.716919	1.532167	8.203541	1.913683	3.874030	-0.389765	-0.398398	-0.672879	0.623308	0.900990	-0.414347	0.128583	0.171745	0.612821	0.771332
07833	7.221783	2.489111	8.863153	1.769431	3.681714	-0.476066	-0.409031	-0.693092	0.593564	0.901544	-0.407524	0.145405	0.141112	0.594599	0.791543
07834	7.252699	3.632536	9.550222	1.532012	3.450946	-0.721603	-0.419930	-0.710353	0.564852	0.900489	-0.403644	0.161835	0.113039	0.576602	0.809167
07835	8.451161	3.771878	10.382075	1.261374	3.251999	-1.054067	-0.433255	-0.724451	0.536153	0.896967	-0.404660	0.178045	0.087974	0.558051	0.825130
07836	11.167761	2.570397	10.408348	1.136013	3.212108	-1.406507	-0.448285	-0.736333	0.506808	0.891619	-0.408730	0.194823	0.063693	0.539216	0.839755
07837	13.667773	1.046252	9.764390	1.207751	3.342124	-1.741377	-0.466004	-0.746715	0.474612	0.883975	-0.415842	0.213691	0.037797	0.519126	0.853862
07838	14.218301	-0.756154	8.363032	1.387383	3.524852	-2.002788	-0.484457	-0.756221	0.439809	0.874770	-0.423863	0.234770	0.008881	0.498468	0.866863
07839	14.479205	-1.674540	6.971381	1.663149	3.500884	-2.111647	-0.503080	-0.764135	0.403743	0.863939	-0.432330	0.258265	-0.022799	0.478737	0.877662
07840	15.351731	-3.394539	5.873100	1.982036	3.293514	-2.078192	-0.519628	-0.770554	0.369097	0.852515	-0.438983	0.283748	-0.056616	0.462104	0.885016
07841	16.954887	-3.998061	5.523974	2.355832	3.014562	-1.978454	-0.534562	-0.775387	0.336182	0.840062	-0.444017	0.311680	-0.092402	0.449026	0.888728
07842	17.463322	-3.555586	5.636745	2.650463	2.764961	-1.804670	-0.546563	-0.779615	0.305729	0.827358	-0.446305	0.341014	-0.129411	0.439333	0.888954
07843	17.671303	-2.347710	5.828173	2.701089	2.537112	-1.570384	-0.556062	-0.783488	0.277385	0.814488	-0.447205	0.369617	-0.165543	0.431456	0.886815
07844	17.219521	-1.328099	5.114725	2.396814	2.381407	-1.233122	-0.561727	-0.788136	0.251604	0.803230	-0.446679	0.394080	-0.198202	0.423462	0.883966
07845	16.231913	-2.030206	3.927096	1.968540	2.187063	-0.933139	-0.564793	-0.793009	0.228354	0.793621	-0.446093	0.413724	-0.226219	0.414895	0.881298
07846	15.856721	-2.987790	2.851866	1.529840	1.866124	-0.718497	-0.566058	-0.797454	0.208918	0.785920	-0.445550	0.428737	-0.248814	0.406882	0.878942
07847	16.070526	-3.316578	2.073318	1.139278	1.428013	-0.548611	-0.566850	-0.800682	0.193882	0.779760	-0.445527	0.439864	-0.265811	0.400518	0.876886
07848	10.575269	7.281672	6.824871	0.725038	0.928726	-0.655896	-0.569450	-0.801432	0.182849	0.774064	-0.447921	0.447428	-0.276681	0.396325	0.875428
07849	18.385875	-5.094581	-5.644792	-2.095736	-1.379628	0.307832	-0.570803	-0.797287	0.196257	0.781292	-0.453887	0.428450	-0.252520	0.397894	0.881994
07850	17.785576	1.998908	-2.474177	-1.765695	-1.574766	-0.612324	-0.579409	-0.788150	0.207615	0.782023	-0.465835	0.414051	-0.229620	0.402265	0.886260
07851	4.305659	-5.240646	5.874249	-2.874668	-1.457871	-0.408141	-0.585718	-0.780376	0.218971	0.785803	-0.480541	0.389351	-0.198616	0.400118	0.894683
07852	11.614296	6.669322	15.588724	-1.374774	-1.433920	-1.265844	-0.598366	-0.768405	0.226963	0.780900	-0.495904	0.379835	-0.179316	0.404516	0.896779
07853	-0.258017	9.409640	10.654601	-2.298224	-0.671638	-1.613089	-0.612017	-0.757551	0.227049	0.775025	-0.517389	0.362828	-0.157388	0.398026	0.903772
07854	-4.034826	4.451363	7.890015	-2.425341	-1.638441	-1.447698	-0.625560	-0.743372	0.236796	0.769525	-0.537931	0.344183	-0.128476	0.397527	0.908552
07855	3.641560	-0.867084	8.547579	-1.969925	-2.492194	-1.220741	-0.637727	-0.726706	0.255349	0.764048	-0.554785	0.329310	-0.097647	0.405109	0.909039
07856	7.639738	-0.191277	11.418791	-1.912089	-2.306446	-1.179230	-0.648633	-0.710633	0.272537	0.758038	-0.571090	0.315015	-0.068217	0.410923	0.909114
07857	2.039379	-4.503221	12.559586	-1.697450	-2.106517	-0.943891	-0.656909	-0.696471	0.288788	0.752819	-0.584727	0.302255	-0.041650	0.415959	0.908429
07858	2.236160	-10.192325	12.810847	-1.216169	-2.468242	-0.238764	-0.659435	-0.684654	0.310473	0.751586	-0.591523	0.291923	-0.016214	0.425852	0.904648
07859	6.563237	-11.992034	14.448899	-0.854647	-2.406749	0.570436	-0.655285	-0.677614	0.333827	0.755357	-0.591360	0.282363	0.006078	0.437187	0.899350
07860	8.775940	-9.317971	14.041555	-0.238226	-2.053732	0.959406	-0.647742	-0.674131	0.354933	0.761561	-0.585960	0.276903	0.021307	0.449665	0.892943
07861	8.481883	0.820254	12.258761	-0.006007	-1.684029	1.016417	-0.639569	-0.672335	0.372717	0.768056	-0.579226	0.273105	0.032270	0.460937	0.886846
07862	7.688642	7.122073	10.191238	-0.138618	-1.507843	0.852622	-0.632445	-0.670207	0.388377	0.773413	-0.574177	0.268614	0.042970	0.470259	0.881482
07863	11.160427	11.765550	10.259446	-0.727104	-1.406987	0.873789	-0.624991	-0.668521	0.403071	0.778509	-0.571829	0.258718	0.057529	0.475491	0.877837
07864	9.167422	3.772705	9.210801	-0.996701	-0.781799	0.711249	-0.618956	-0.668848	0.411748	0.782281	-0.571839	0.247055	0.070211	0.475019	0.877170
07865	4.783105	0.637878	9.578825	-0.731078	-0.677638	0.637772	-0.613445	-0.669253	0.419268	0.785658	-0.571062	0.237970	0.080166	0.475382	0.876119
07866	5.685583	3.075935	9.386593	-0.307856	-0.898417	0.580470	-0.608133	-0.668246	0.428510	0.788929	-0.568679	0.232798	0.088119	0.479636	0.873032
07867	6.288969	3.672730	9.123918	-0.483844	-0.727888	0.485436	-0.603624	-0.667486	0.436005	0.791419	-0.567780	0.226453	0.096401	0.481756	0.870987
07868	5.752315	1.152120	9.447236	-0.500698	-0.626765	0.417646	-0.599700	-0.666808	0.442411	0.793415	-0.567438	0.220244	0.104180	0.483095	0.869348
07869	4.726597	0.790086	9.544778	-0.381498	-0.566432	0.356299	-0.596254	-0.666070	0.448142	0.795134	-0.566921	0.215318	0.110644	0.484717	0.867644
07870	5.596678	1.174467	9.495055	-0.311560	-0.598977	0.305728	-0.593154	-0.664868	0.454004	0.796582	-0.566429	0.211221	0.116727	0.486938	0.865602
07871	5.821562	0.807247	9.691258	-0.343065	-0.441015	0.241080	-0.590701	-0.664064	0.458357	0.797596	-0.566515	0.207126	0.122122	0.487933	0.864296
07872	5.620408	0.123760	10.044252	-0.318338	-0.379755	0.184314	-0.588770	-0.663230	0.462035	0.798270	-0.566876	0.203510	0.126942	0.488649	0.863196
07873	5.949475	0.722282	9.601928	-0.205369	-0.288898	0.142514	-0.587258	-0.662603	0.464850	0.798837	-0.566956	0.201047	0.130335	0.489406	0.862261
07874	5.558623	1.826055	9.240298	-0.193325	-0.204078	0.110125	-0.586122	-0.662204	0.466848	0.799213	-0.567202	0.198850	0.133118	0.489661	0.861691
07875	5.586282	1.937432	9.195764	-0.188335	-0.123476	0.080807	-0.585307	-0.662036	0.468106	0.799426	-0.567610	0.196818	0.135401	0.489415	0.861475
07876	4.958407	2.004815	8.920783	-0.172978	-0.049721	0.068243	-0.584707	-0.662156	0.468687	0.799573	-0.568033	0.194990	0.137116	0.488762	0.861575
07877	4.674375	2.536085	8.677252	-0.128045	-0.061577	0.065973	-0.584091	-0.662208	0.469381	0.799775	-0.568242	0.193547	0.138554	0.488448	0.861523
07878	4.807634	2.437235	8.595360	-0.165550	-0.047471	0.077533	-0.583417	-0.662392	0.469958	0.799981	-0.568566	0.191739	0.140196	0.487821	0.861612
07879	4.056232	2.482051	8.497558	-0.206014	-0.044024	0.111807	-0.582457	-0.662793	0.470585	0.800336	-0.568848	0.189408	0.142153	0.486948	0.861786
07880	4.469715	2.902184	8.846928	-0.244782	-0.137521	0.144886	-0.581112	-0.662923	0.472061	0.800811	-0.569107	0.186599	0.144953	0.486467	0.861591
07881	4.821065	2.069309	8.648279	-0.316311	-0.080207	0.150882	-0.579783	-0.663371	0.473065	0.801216	-0.569662	0.183133	0.148002	0.485204	0.861784
07882	4.550604	2.128229	8.690203	-0.290287	-0.100077	0.160514	-0.578359	-0.663776	0.474238	0.801695	-0.570033	0.179854	0.150948	0.484214	0.861830
07883	5.151597	2.261340	8.985634	-0.294697	-0.145276	0.156721	-0.576878	-0.663946	0.475801	0.802143	-0.570437	0.176543	0.154199	0.483505	0.861653
07884	5.220876	1.242839	8.814594	-0.237794	-0.069332	0.126124	-0.575771	-0.664306	0.476639	0.802484	-0.570777	0.173877	0.156547	0.482608	0.861732
07885	4.866798	1.415404	9.088656	-0.210090	-0.081091	0.100602	-0.574833	-0.664469	0.477544	0.802724	-0.571140	0.171560	0.158748	0.481955	0.861695
07886	4.992950	1.338511	9.176747	-0.214002	-0.097924	0.087361	-0.573987	-0.664472	0.478556	0.802867	-0.571619	0.169282	0.161069	0.481383	0.861584
07887	5.130188	1.583711	8.952621	-0.146687	-0.095032	0.065396	-0.573307	-0.664367	0.479517	0.802996	-0.571911	0.167679	0.162841	0.481181	0.861364
07888	5.081634	1.587531	8.856517	-0.152877	-0.062672	0.050203	-0.572813	-0.664328	0.480160	0.803016	-0.572341	0.166104	0.164468	0.480723	0.861311
07889	4.866348	2.176707	8.606959	-0.122096	-0.084443	0.047204	-0.572294	-0.664171	0.480996	0.803076	-0.572635	0.164799	0.165980	0.480590	0.861095
07890	4.675988	1.699105	8.783751	-0.212149	-0.090412	0.067627	-0.571611	-0.664099	0.481905	0.803091	-0.573233	0.162630	0.168241	0.479975	0.860999
07891	4.817589	2.195771	8.614621	-0.184424	-0.089898	0.072018	-0.570880	-0.664059	0.482826	0.803181	-0.573660	0.160670	0.170283	0.479520	0.860851
07892	4.691094	1.851202	8.852853	-0.229373	-0.110414	0.078893	-0.570069	-0.663959	0.483922	0.803220	-0.574264	0.158297	0.172796	0.478936	0.860675
07893	5.046549	1.780694	8.784369	-0.184539	-0.133525	0.078623	-0.569204	-0.663749	0.485225	0.803338	-0.574645	0.156304	0.175085	0.478769	0.860306
07894	4.919552	1.628328	8.917935	-0.165570	-0.126022	0.074227	-0.568398	-0.663548	0.486444	0.803451	-0.574974	0.154503	0.177173	0.478653	0.859943
07895	4.601696	1.804966	9.071145	-0.123957	-0.170156	0.081885	-0.567436	-0.663183	0.488062	0.803685	-0.575044	0.153015	0.179181	0.479075	0.859291
07896	5.344772	0.738094	8.934623	0.003770	-0.192547	0.052866	-0.566677	-0.662538	0.489817	0.803975	-0.574705	0.152772	0.180283	0.480373	0.858336
07897	5.148397	1.866324	8.796540	-0.014203	-0.207588	0.056745	-0.565846	-0.661844	0.491713	0.804259	-0.574419	0.152348	0.181618	0.481670	0.857326
07898	5.030147	1.531468	8.876913	-0.029733	-0.161772	0.055132	-0.565119	-0.661356	0.493203	0.804500	-0.574226	0.151805	0.182813	0.482569	0.856567
07899	5.143507	1.625639	8.704019	-0.022489	-0.179997	0.066219	-0.564257	-0.660844	0.494873	0.804821	-0.573918	0.151263	0.184056	0.483635	0.855699
07900	4.958190	1.717751	8.888500	-0.027724	-0.175906	0.063439	-0.563433	-0.660332	0.496493	0.805110	-0.573662	0.150694	0.185311	0.484638	0.854860
07901	4.917158	1.655280	8.998743	-0.016383	-0.191372	0.063812	-0.562565	-0.659747	0.498252	0.805428	-0.573342	0.150215	0.186565	0.485812	0.853921
07902	4.766384	1.811525	8.966885	0.006473	-0.232767	0.083943	-0.561464	-0.659070	0.500384	0.805894	-0.572786	0.149834	0.187861	0.487383	0.852740
07903	4.658422	1.838989	9.038191	0.058761	-0.285961	0.108940	-0.560050	-0.658274	0.503010	0.806604	-0.571804	0.149767	0.189036	0.489607	0.851205
07904	4.966407	1.292216	9.089555	0.050780	-0.351299	0.124943	-0.558386	-0.657239	0.506204	0.807382	-0.570762	0.149552	0.190631	0.492208	0.849348
07905	4.222474	1.511108	9.684651	0.085452	-0.344184	0.133844	-0.556651	-0.656279	0.509350	0.808278	-0.569486	0.149576	0.191904	0.494958	0.847461
07906	5.276045	1.088395	9.157319	0.128172	-0.505033	0.131895	-0.554622	-0.654495	0.513840	0.809240	-0.568014	0.149969	0.193714	0.498996	0.844676
07907	4.625150	1.363984	9.356232	0.144157	-0.466356	0.113692	-0.552802	-0.652778	0.517967	0.810134	-0.566578	0.150577	0.195176	0.502862	0.842043
07908	5.324704	1.167779	9.088165	0.127419	-0.530907	0.099154	-0.550968	-0.650634	0.522599	0.810913	-0.565317	0.151116	0.197113	0.507043	0.839079
07909	4.998297	1.231989	9.413249	0.131580	-0.578896	0.085047	-0.549141	-0.648139	0.527598	0.811623	-0.564127	0.151749	0.199278	0.511542	0.835831
07910	4.997219	1.673444	9.458836	0.169951	-0.648437	0.091577	-0.547109	-0.645296	0.533164	0.812448	-0.562691	0.152666	0.201492	0.516693	0.832123
07911	4.787940	2.100058	9.590691	0.194238	-0.734999	0.118994	-0.544665	-0.642118	0.539467	0.813471	-0.560952	0.153618	0.203974	0.522510	0.827875
07912	4.756876	1.823156	9.799180	0.212048	-0.829051	0.153782	-0.541721	-0.638595	0.546566	0.814724	-0.558882	0.154518	0.206791	0.529006	0.823037
07913	4.910082	1.830682	9.893781	0.187149	-0.956072	0.209909	-0.538032	-0.634645	0.554750	0.816224	-0.556590	0.154876	0.210477	0.536128	0.817475
07914	4.846227	2.190932	10.094652	0.167060	-1.106129	0.273660	-0.533453	-0.630165	0.564199	0.818028	-0.553987	0.154691	0.215078	0.544051	0.811018
07915	4.260344	2.735738	10.851955	0.022045	-1.322480	0.386382	-0.527420	-0.625019	0.575482	0.820098	-0.551488	0.152647	0.221964	0.552460	0.803442
07916	4.187435	3.319289	11.088323	-0.146370	-1.632057	0.487482	-0.519725	-0.618583	0.589272	0.822300	-0.549302	0.148625	0.231751	0.561802	0.794147
07917	4.150866	2.512271	11.521899	-0.243239	-1.943750	0.555896	-0.510554	-0.610575	0.605419	0.824552	-0.547321	0.143367	0.243822	0.572396	0.782888
07918	3.472693	3.184445	12.592138	-0.310279	-2.288127	0.693323	-0.499096	-0.601098	0.624166	0.827255	-0.544946	0.136685	0.257976	0.584564	0.769242
07919	2.833762	2.378754	13.027204	-0.314231	-2.787594	0.782266	-0.485233	-0.588813	0.646412	0.830226	-0.542222	0.129307	0.274361	0.599412	0.751952
07920	-0.542711	5.024129	12.810791	-0.446199	-3.694864	0.947203	-0.466830	-0.571407	0.674954	0.833444	-0.539475	0.119736	0.295703	0.618434	0.728079
07921	0.969815	6.072819	13.335619	-0.771823	-4.874205	1.270255	-0.441165	-0.547499	0.711068	0.836760	-0.537326	0.105423	0.324356	0.641502	0.695175
07922	3.481753	5.942302	13.750845	-1.103198	-5.675150	1.657757	-0.407909	-0.519259	0.750986	0.840016	-0.535726	0.085846	0.357746	0.665858	0.654714
07923	4.566009	4.554727	12.692703	-0.969605	-6.517252	2.047103	-0.366322	-0.485854	0.793570	0.844239	-0.532142	0.063913	0.391240	0.693376	0.605113
07924	9.991915	4.981220	12.426163	-0.602022	-7.191605	2.405830	-0.316720	-0.447567	0.836285	0.849993	-0.525209	0.040828	0.420951	0.723768	0.546773
07925	20.273821	3.608894	15.567302	0.178705	-7.505818	2.416606	-0.263780	-0.404525	0.875660	0.857705	-0.513712	0.021054	0.441320	0.756611	0.482469
07926	26.535165	10.751535	17.028775	0.401202	-6.126193	2.696919	-0.213146	-0.371011	0.903836	0.865913	-0.500194	-0.001120	0.452509	0.782404	0.427878
07927	14.554572	7.355269	15.302282	-0.279733	-5.738961	2.881811	-0.161846	-0.339852	0.926448	0.869963	-0.492287	-0.028609	0.465801	0.801345	0.375333
07928	11.822545	4.742575	16.121367	-0.214559	-5.453304	2.914785	-0.110779	-0.309893	0.944296	0.872910	-0.484585	-0.056624	0.475139	0.818012	0.324191
07929	4.658288	4.360350	14.293401	0.003190	-5.254232	2.904621	-0.060385	-0.280469	0.957962	0.875334	-0.476127	-0.084223	0.479734	0.833451	0.274255
07930	2.044756	6.698338	11.996218	-0.147250	-5.525106	2.827091	-0.009029	-0.247366	0.968880	0.875590	-0.469934	-0.111820	0.482970	0.847332	0.220834
07931	-1.300317	12.937823	8.368087	-1.271868	-5.848258	1.808894	0.035207	-0.206204	0.977875	0.869053	-0.476829	-0.131838	0.493465	0.854467	0.162414
07932	29.628303	15.157420	10.645134	-1.720340	-6.303560	0.348411	0.069698	-0.153881	0.985628	0.860263	-0.490964	-0.137485	0.505064	0.857482	0.098159
07933	19.916166	5.924941	9.711675	-4.112059	-2.039184	-0.807051	0.073369	-0.132527	0.988460	0.839285	-0.527179	-0.132978	0.538718	0.839356	0.072550
07934	12.726126	3.462386	12.226833	-2.938934	-0.350019	-2.134075	0.057539	-0.118041	0.991340	0.824475	-0.554326	-0.113859	0.562965	0.823887	0.065427
07935	6.419165	-0.092412	12.445118	-2.949917	1.315726	-2.355422	0.030611	-0.115452	0.992841	0.808419	-0.581291	-0.092520	0.587811	0.805464	0.075540
07936	-2.721701	-1.818750	9.364403	-2.325963	1.872268	-2.134647	0.002311	-0.117716	0.993045	0.794857	-0.602359	-0.073254	0.606793	0.789497	0.092176
07937	-6.286847	-2.997165	6.635638	-1.608573	1.779322	-1.471964	-0.020362	-0.122759	0.992228	0.784699	-0.616944	-0.060226	0.619542	0.777374	0.108892
07938	-5.868786	-2.445570	6.595569	-0.824443	1.720262	-0.839783	-0.037640	-0.130823	0.990691	0.779302	-0.624416	-0.052847	0.625517	0.770059	0.125454
07939	-3.062895	-0.955819	7.780683	-0.293116	1.907162	-0.281305	-0.051923	-0.143787	0.988246	0.777151	-0.627290	-0.050437	0.627169	0.765397	0.144315
07940	-0.287931	0.317077	8.160163	0.071095	2.393156	0.133962	-0.065870	-0.162872	0.984446	0.777653	-0.626570	-0.051630	0.625233	0.762157	0.167930
07941	0.893996	0.986230	7.898246	0.330032	3.015035	0.361400	-0.082009	-0.188145	0.978711	0.779768	-0.623687	-0.054558	0.620675	0.758693	0.197857
07942	1.207575	1.314357	7.483788	0.537573	3.606804	0.434043	-0.100872	-0.218104	0.970699	0.783459	-0.618767	-0.057614	0.613202	0.754691	0.233292
07943	1.301583	1.463870	6.821337	0.748277	4.077735	0.387954	-0.122822	-0.251243	0.960100	0.788224	-0.612510	-0.059449	0.603007	0.749472	0.273266
07944	1.472801	1.755617	6.012804	0.944426	4.423280	0.240650	-0.147302	-0.285695	0.946932	0.794159	-0.604845	-0.058949	0.589588	0.743331	0.315982
07945	1.841350	2.190027	5.577179	1.071419	4.683289	0.016292	-0.174648	-0.320486	0.931014	0.800194	-0.597172	-0.055459	0.573749	0.735306	0.360746
07946	2.127183	2.522282	5.260544	1.082606	4.885097	-0.305561	-0.204703	-0.354320	0.912444	0.805706	-0.590328	-0.048480	0.555819	0.725238	0.406320
07947	1.942947	3.009722	5.015429	0.981653	4.959081	-0.676772	-0.237532	-0.386029	0.891381	0.809349	-0.586089	-0.038144	0.537153	0.712378	0.451647
07948	1.782706	3.177833	4.918018	0.795164	4.882703	-1.039495	-0.271734	-0.414337	0.868611	0.810874	-0.584677	-0.025225	0.518308	0.697480	0.494852
07949	2.568259	2.845398	5.075089	0.609997	4.693733	-1.346155	-0.306825	-0.438809	0.844574	0.809854	-0.586536	-0.010531	0.499994	0.680751	0.535336
07950	4.390117	2.150176	5.595934	0.481590	4.506735	-1.509035	-0.341158	-0.460190	0.819656	0.807303	-0.590118	0.004699	0.481531	0.663314	0.572837
07951	6.206838	0.665572	6.386992	0.484810	4.439608	-1.504436	-0.374517	-0.480299	0.793127	0.803967	-0.594347	0.019713	0.461924	0.645031	0.608738
07952	7.461112	-1.625141	7.071739	0.684707	4.459973	-1.381133	-0.405711	-0.500417	0.764840	0.801638	-0.596798	0.034759	0.439061	0.627227	0.643282
07953	8.772885	-3.192001	7.371189	1.227528	4.548260	-1.168924	-0.434701	-0.521553	0.734178	0.801692	-0.595502	0.051636	0.410274	0.611031	0.676991
07954	10.725697	-2.038953	7.926937	1.919913	4.681330	-0.855857	-0.459950	-0.544747	0.701210	0.805367	-0.588498	0.071086	0.373937	0.597428	0.709402
07955	10.986569	0.037557	8.484235	2.322577	4.844815	-0.554933	-0.481857	-0.570040	0.665483	0.810713	-0.578213	0.091728	0.332502	0.583716	0.740755
07956	10.216766	2.361327	9.009065	2.459938	4.828847	-0.381741	-0.499983	-0.595680	0.628636	0.816459	-0.566285	0.112770	0.288812	0.569638	0.769480
07957	10.165867	4.577884	9.996806	2.287536	4.699481	-0.330805	-0.515575	-0.620115	0.591304	0.820667	-0.555786	0.132697	0.246351	0.553679	0.795457
07958	10.332197	5.234100	10.510858	1.954941	4.482512	-0.434753	-0.529325	-0.642118	0.554526	0.822804	-0.547911	0.150953	0.206901	0.536170	0.818361
07959	10.996061	5.121362	10.669621	1.687345	4.245067	-0.641244	-0.542910	-0.660863	0.518178	0.822328	-0.543528	0.168384	0.170366	0.517530	0.838533
07960	13.020277	4.903537	10.343630	1.540794	4.110172	-0.898989	-0.556591	-0.676838	0.481764	0.819719	-0.541751	0.185922	0.135156	0.498394	0.856351
07961	14.967719	4.521916	9.566745	1.471814	4.131781	-1.210536	-0.571621	-0.690312	0.443530	0.814414	-0.543146	0.204260	0.099899	0.477977	0.872673
07962	15.914546	3.427556	8.988941	1.488903	4.124730	-1.521698	-0.587358	-0.701285	0.403991	0.806795	-0.546808	0.223792	0.063964	0.457384	0.886966
07963	17.888045	1.300189	8.673434	1.628897	4.058318	-1.816082	-0.604002	-0.709333	0.363358	0.796533	-0.552590	0.245315	0.026778	0.437597	0.898772
07964	19.792778	-1.365772	8.151025	1.901409	4.011776	-2.008651	-0.620185	-0.715340	0.321961	0.784351	-0.558786	0.269354	-0.012772	0.419579	0.907629
07965	20.462921	-3.559169	6.597564	2.321625	3.959696	-1.968200	-0.634328	-0.720485	0.280232	0.771059	-0.563562	0.296421	-0.055639	0.404104	0.913019
07966	19.859449	-5.533001	4.859873	2.777594	3.718281	-1.660252	-0.644144	-0.725913	0.241101	0.758259	-0.564535	0.326104	-0.100613	0.392875	0.914071
07967	20.956023	-7.015633	3.634616	3.282086	3.263439	-1.092641	-0.648470	-0.732410	0.207515	0.747032	-0.559845	0.358492	-0.146387	0.387491	0.910177
07968	21.986355	-6.574503	2.885157	3.682618	2.778650	-0.440772	-0.647071	-0.740709	0.180692	0.737938	-0.548856	0.392689	-0.191695	0.387437	0.901746
07969	23.793933	-3.985920	2.443917	3.614162	2.280043	0.244063	-0.640511	-0.750836	0.161214	0.731777	-0.533072	0.424660	-0.232911	0.389973	0.890884
07970	24.925790	-1.143318	1.300868	2.893909	2.016117	0.827746	-0.629450	-0.763015	0.146972	0.729793	-0.515557	0.449003	-0.266823	0.389884	0.881360
07971	22.440199	-1.208174	-0.421355	1.720252	1.767472	1.225994	-0.615560	-0.776083	0.137042	0.732638	-0.499455	0.462370	-0.290391	0.385019	0.876033
07972	10.606351	8.916915	6.038019	0.808810	1.452519	1.066849	-0.603425	-0.786867	0.129301	0.736726	-0.488070	0.467999	-0.305145	0.377662	0.874219
07973	12.910633	7.683764	-3.402646	-4.307988	-1.589185	1.419390	-0.597276	-0.787933	0.149744	0.757547	-0.492906	0.427978	-0.263408	0.369059	0.891298
07974	-3.582766	-3.241487	11.718992	-4.570869	0.263106	0.915957	-0.589638	-0.793406	0.151109	0.774253	-0.502003	0.385390	-0.229913	0.344237	0.910297
07975	5.496653	-8.860655	13.599845	-3.724925	-1.383581	0.201451	-0.590918	-0.789763	0.164591	0.783372	-0.512998	0.350942	-0.192726	0.336314	0.921819
07976	-2.475673	-0.665673	13.171904	-1.856813	-0.210813	-0.948351	-0.598753	-0.784110	0.163299	0.781153	-0.526667	0.335295	-0.176904	0.328320	0.927853
07977	-5.604162	0.958806	5.566239	-1.701432	-1.292678	-0.990505	-0.608573	-0.774605	0.172121	0.778050	-0.539923	0.321127	-0.155814	0.329348	0.931264
07978	-1.850821	-4.472187	6.761099	-1.709064	-1.976105	-0.605531	-0.616134	-0.764714	0.188657	0.776775	-0.550297	0.306258	-0.130383	0.335240	0.933067
07979	2.948539	-9.040602	11.518223	-0.898293	-2.615524	-0.659087	-0.624323	-0.752108	0.211078	0.773781	-0.558346	0.299187	-0.107167	0.350118	0.930555
07980	4.919842	-4.851214	13.269989	-0.315452	-2.478727	-0.543551	-0.630978	-0.740149	0.232481	0.770664	-0.563567	0.297437	-0.089129	0.366841	0.926004
07981	2.089459	-6.657063	13.130290	-0.374672	-2.578100	0.182284	-0.631608	-0.731499	0.256867	0.772128	-0.563625	0.293503	-0.069921	0.383713	0.920801
07982	4.258796	-7.818309	13.019776	0.136762	-3.049066	0.755143	-0.627638	-0.723657	0.287040	0.776784	-0.557625	0.292678	-0.051738	0.406664	0.912112
07983	10.362539	1.837004	14.183684	0.321756	-2.927591	0.946421	-0.621546	-0.716637	0.316404	0.782555	-0.549485	0.292703	-0.035902	0.429532	0.902338
07984	11.247746	5.494658	11.972646	0.116546	-2.373903	0.870926	-0.615418	-0.710962	0.340284	0.787891	-0.542793	0.290867	-0.022092	0.447111	0.894205
07985	8.146284	11.826958	9.775359	-0.143141	-2.104262	0.775090	-0.609594	-0.705585	0.361309	0.792673	-0.537954	0.286837	-0.008020	0.461254	0.887232
07986	9.378924	12.325958	10.021828	-0.789883	-2.068556	0.876191	-0.602619	-0.700613	0.382088	0.797956	-0.535514	0.276572	0.010844	0.471557	0.881769
07987	12.570156	5.223211	10.194368	-1.500366	-1.591301	0.952842	-0.594605	-0.698194	0.398711	0.803364	-0.535916	0.259614	0.032415	0.474678	0.879562
