// General information: 
//  MT Manager version: 2022.2.0 
//  XDA version: 2022.2.0 build 7381 rev 124627 built on 2023-07-19
// Device information: 
//  DeviceId: 00B4CB9F
//  ProductCode: MTW2-3A7G6
//  Firmware Version: 4.6.0
//  Hardware Version: 2.0.0
// Device settings: 
//  Filter Profile: human(46.1)
//  Option Flags: Orientation Smoother Disabled, Position/Velocity Smoother Disabled, Continuous Zero Rotation Update Disabled, AHS Disabled, ICC Disabled
// Coordinate system: ENU
PacketCounter	Acc_X	Acc_Y	Acc_Z	Gyr_X	Gyr_Y	Gyr_Z	Mat[1][1]	Mat[2][1]	Mat[3][1]	Mat[1][2]	Mat[2][2]	Mat[3][2]	Mat[1][3]	Mat[2][3]	Mat[3][3]
08776	9.764906	-0.446015	0.357002	-0.023127	0.017202	-0.006812	-0.013862	-0.046674	0.998814	0.498746	-0.866098	-0.033550	0.866637	0.497690	0.035284
08777	9.744073	-0.463287	0.274410	0.001211	0.006334	-0.001504	-0.013866	-0.046708	0.998812	0.498816	-0.866057	-0.033576	0.866597	0.497758	0.035308
08778	9.799002	-0.400984	0.212395	0.021002	-0.001270	-0.006407	-0.013828	-0.046663	0.998815	0.499039	-0.865930	-0.033546	0.866469	0.497984	0.035261
08779	9.783698	-0.467506	0.237413	0.028763	-0.002374	-0.003863	-0.013766	-0.046635	0.998817	0.499368	-0.865740	-0.033539	0.866280	0.498316	0.035206
08780	9.746879	-0.486719	0.328683	0.047637	-0.008724	0.000534	-0.013629	-0.046613	0.998820	0.499823	-0.865477	-0.033570	0.866020	0.498776	0.035094
08781	9.785056	-0.314203	0.360475	0.053703	-0.007348	-0.001616	-0.013513	-0.046579	0.998823	0.500376	-0.865157	-0.033576	0.865702	0.499334	0.034998
08782	9.810093	-0.149326	0.411543	0.043944	-0.002067	0.002007	-0.013426	-0.046603	0.998823	0.500799	-0.864910	-0.033623	0.865459	0.499758	0.034951
08783	9.843669	-0.067845	0.435848	0.017511	0.003713	-0.000279	-0.013401	-0.046635	0.998822	0.501004	-0.864790	-0.033655	0.865341	0.499963	0.034954
08784	9.799130	-0.097180	0.425237	-0.005053	0.006623	-0.004016	-0.013420	-0.046650	0.998821	0.501002	-0.864791	-0.033659	0.865342	0.499960	0.034977
08785	9.807855	-0.208100	0.419019	-0.021352	0.009242	-0.005248	-0.013468	-0.046667	0.998820	0.500869	-0.864868	-0.033654	0.865418	0.499825	0.035022
08786	9.785015	-0.313060	0.362588	-0.021082	0.012197	-0.002906	-0.013529	-0.046719	0.998816	0.500728	-0.864949	-0.033675	0.865499	0.499680	0.035096
08787	9.737929	-0.345439	0.318369	-0.016367	0.013537	-0.010532	-0.013641	-0.046712	0.998815	0.500645	-0.865000	-0.033616	0.865545	0.499593	0.035185
08788	9.751242	-0.365350	0.320205	-0.003974	0.003706	-0.000882	-0.013618	-0.046739	0.998814	0.500652	-0.864994	-0.033651	0.865541	0.499600	0.035180
08789	9.753978	-0.389612	0.374848	0.010354	0.000615	-0.006693	-0.013597	-0.046701	0.998816	0.500813	-0.864902	-0.033622	0.865449	0.499763	0.035148
08790	9.801053	-0.356239	0.420090	0.020171	-0.005487	-0.000214	-0.013492	-0.046688	0.998818	0.501029	-0.864776	-0.033654	0.865325	0.499983	0.035059
08791	9.774436	-0.315188	0.417524	0.027210	-0.006191	-0.001567	-0.013391	-0.046657	0.998821	0.501263	-0.864640	-0.033669	0.865191	0.500221	0.034966
08792	9.834295	-0.218330	0.402597	0.029521	-0.012877	-0.000732	-0.013224	-0.046603	0.998826	0.501560	-0.864466	-0.033693	0.865022	0.500526	0.034806
08793	9.863345	-0.227432	0.417989	0.002627	-0.003746	-0.004587	-0.013165	-0.046557	0.998829	0.501551	-0.864472	-0.033684	0.865028	0.500520	0.034732
08794	9.834934	-0.301677	0.462017	-0.012073	-0.002775	-0.003450	-0.013100	-0.046530	0.998831	0.501488	-0.864508	-0.033695	0.865065	0.500460	0.034659
08795	9.811217	-0.266715	0.303178	-0.010639	-0.008211	-0.001087	-0.012975	-0.046495	0.998834	0.501458	-0.864524	-0.033729	0.865085	0.500435	0.034533
08796	9.765958	-0.183768	0.210647	-0.015086	-0.005794	-0.008971	-0.012911	-0.046405	0.998839	0.501368	-0.864578	-0.033687	0.865138	0.500351	0.034429
08797	9.772024	-0.269842	0.148702	-0.020877	-0.004217	-0.004474	-0.012837	-0.046362	0.998842	0.501258	-0.864642	-0.033691	0.865203	0.500245	0.034339
08798	9.741072	-0.347374	0.158366	-0.022476	-0.002572	-0.006843	-0.012791	-0.046306	0.998845	0.501104	-0.864732	-0.033672	0.865292	0.500095	0.034265
08799	9.781084	-0.408221	0.160944	-0.015755	-0.006216	-0.002779	-0.012693	-0.046266	0.998848	0.501002	-0.864790	-0.033691	0.865353	0.499997	0.034156
08800	9.828164	-0.375075	0.205924	-0.008804	-0.001443	-0.001024	-0.012626	-0.046267	0.998849	0.500967	-0.864809	-0.033725	0.865374	0.499965	0.034097
08801	9.795874	-0.303594	0.305533	-0.006161	-0.000546	-0.000173	-0.012567	-0.046276	0.998850	0.500912	-0.864839	-0.033765	0.865407	0.499912	0.034049
08802	9.787669	-0.276257	0.373302	-0.014734	0.006427	-0.003504	-0.012581	-0.046294	0.998849	0.500826	-0.864889	-0.033777	0.865456	0.499825	0.034067
08803	9.779662	-0.276768	0.461417	-0.026179	0.004087	-0.005378	-0.012593	-0.046279	0.998849	0.500516	-0.865069	-0.033771	0.865636	0.499514	0.034057
08804	9.832751	-0.330338	0.446039	-0.035673	0.012318	0.000585	-0.012638	-0.046362	0.998845	0.500249	-0.865221	-0.033830	0.865789	0.499243	0.034127
08805	9.777615	-0.364269	0.489662	-0.036582	0.019026	-0.002527	-0.012756	-0.046450	0.998839	0.499955	-0.865389	-0.033859	0.865957	0.498943	0.034262
08806	9.782432	-0.329526	0.539655	-0.028465	0.015405	-0.000754	-0.012835	-0.046537	0.998834	0.499750	-0.865506	-0.033903	0.866074	0.498732	0.034365
08807	9.777255	-0.336380	0.472670	-0.028194	0.018358	0.001593	-0.012924	-0.046660	0.998827	0.499613	-0.865582	-0.033971	0.866152	0.498588	0.034499
08808	9.793295	-0.334656	0.299144	-0.015875	0.019452	0.001940	-0.013024	-0.046791	0.998820	0.499518	-0.865635	-0.034038	0.866206	0.498485	0.034647
08809	9.795586	-0.303386	0.314845	-0.016308	0.012708	-0.000418	-0.013080	-0.046865	0.998816	0.499387	-0.865708	-0.034080	0.866280	0.498350	0.034727
08810	9.759540	-0.387950	0.257017	0.000588	0.005900	-0.003071	-0.013087	-0.046884	0.998815	0.499434	-0.865681	-0.034091	0.866253	0.498396	0.034745
08811	9.759360	-0.359457	0.237248	0.004814	0.000515	-0.005297	-0.013061	-0.046856	0.998816	0.499503	-0.865641	-0.034077	0.866213	0.498467	0.034711
08812	9.777773	-0.372871	0.306311	0.014711	-0.011059	-0.001950	-0.012916	-0.046800	0.998821	0.499673	-0.865543	-0.034094	0.866118	0.498643	0.034564
08813	9.798733	-0.383094	0.409286	0.014878	-0.007269	-0.001933	-0.012809	-0.046761	0.998824	0.499792	-0.865474	-0.034109	0.866051	0.498767	0.034457
08814	9.824381	-0.330457	0.540810	0.009242	-0.006545	-0.002864	-0.012708	-0.046720	0.998827	0.499913	-0.865403	-0.034119	0.865982	0.498893	0.034353
08815	9.798523	-0.401666	0.618839	0.006513	-0.001970	-0.000600	-0.012638	-0.046721	0.998828	0.500026	-0.865337	-0.034150	0.865918	0.499009	0.034298
08816	9.769522	-0.392140	0.602631	0.013816	0.000285	0.000386	-0.012580	-0.046742	0.998828	0.500188	-0.865242	-0.034191	0.865826	0.499171	0.034264
08817	9.850888	-0.343031	0.522186	0.026069	-0.003247	0.003049	-0.012475	-0.046771	0.998828	0.500546	-0.865032	-0.034255	0.865620	0.499532	0.034202
08818	9.843165	-0.400235	0.650690	0.010445	0.014523	0.001880	-0.012532	-0.046877	0.998822	0.500679	-0.864953	-0.034312	0.865542	0.499659	0.034310
08819	9.696114	-0.440709	0.596906	0.036184	0.003693	0.004908	-0.012479	-0.046954	0.998819	0.501048	-0.864736	-0.034391	0.865329	0.500027	0.034317
08820	9.700519	-0.275121	0.354051	0.057520	-0.010180	0.004709	-0.012309	-0.046960	0.998821	0.501588	-0.864420	-0.034460	0.865019	0.500573	0.034194
08821	9.797393	-0.187204	0.268042	0.040775	-0.004217	0.001925	-0.012201	-0.046972	0.998822	0.502002	-0.864178	-0.034508	0.864780	0.500989	0.034124
08822	9.753113	-0.244723	0.276503	0.033727	-0.008158	-0.002159	-0.012083	-0.046929	0.998825	0.502335	-0.863984	-0.034516	0.864589	0.501328	0.034013
08823	9.766486	-0.264958	0.276205	0.027167	-0.020910	-0.000033	-0.011841	-0.046841	0.998832	0.502676	-0.863784	-0.034549	0.864394	0.501680	0.033774
08824	9.800055	-0.183410	0.298376	0.013345	-0.021191	-0.000424	-0.011601	-0.046748	0.998839	0.502833	-0.863691	-0.034582	0.864305	0.501849	0.033526
08825	9.855798	-0.233487	0.314646	-0.017402	-0.019296	-0.003620	-0.011393	-0.046636	0.998847	0.502747	-0.863741	-0.034593	0.864359	0.501773	0.033287
08826	9.816481	-0.256323	0.370252	-0.035249	-0.015856	0.002869	-0.011183	-0.046597	0.998851	0.502484	-0.863891	-0.034676	0.864514	0.501519	0.033075
08827	9.867085	-0.313390	0.318613	-0.045166	-0.008925	-0.005932	-0.011083	-0.046514	0.998856	0.502060	-0.864137	-0.034670	0.864762	0.501102	0.032930
08828	9.833602	-0.394623	0.293488	-0.038631	-0.006260	-0.001084	-0.010975	-0.046490	0.998858	0.501768	-0.864305	-0.034714	0.864933	0.500814	0.032813
08829	9.760351	-0.442302	0.285296	-0.030832	-0.012013	-0.011740	-0.010874	-0.046343	0.998866	0.501533	-0.864444	-0.034647	0.865070	0.500588	0.032643
08830	9.727935	-0.341912	0.363352	-0.016719	-0.018876	-0.009809	-0.010701	-0.046180	0.998876	0.501430	-0.864506	-0.034596	0.865132	0.500496	0.032407
08831	9.693185	-0.272819	0.427091	-0.024580	-0.016942	-0.014675	-0.010568	-0.045986	0.998886	0.501297	-0.864587	-0.034500	0.865211	0.500374	0.032189
08832	9.756299	-0.255800	0.506062	-0.044805	-0.016096	-0.012116	-0.010430	-0.045817	0.998895	0.500950	-0.864791	-0.034435	0.865414	0.500037	0.031972
08833	9.806310	-0.246586	0.604481	-0.070703	-0.009068	-0.015120	-0.010368	-0.045657	0.998903	0.500395	-0.865116	-0.034348	0.865735	0.499490	0.031816
08834	9.790960	-0.284780	0.608247	-0.094070	-0.010407	-0.012628	-0.010283	-0.045512	0.998911	0.499621	-0.865565	-0.034294	0.866183	0.498724	0.031639
08835	9.912542	-0.323714	0.549614	-0.110639	-0.005304	-0.020783	-0.010290	-0.045318	0.998920	0.498598	-0.866160	-0.034159	0.866772	0.497708	0.031509
08836	9.894342	-0.336258	0.499563	-0.129463	0.001009	-0.025093	-0.010365	-0.045122	0.998928	0.497515	-0.866789	-0.033991	0.867394	0.496629	0.031433
08837	9.877875	-0.525659	0.379072	-0.131436	0.000522	-0.024323	-0.010435	-0.044928	0.998936	0.496373	-0.867450	-0.033829	0.868046	0.495492	0.031353
08838	9.812125	-0.513948	0.243540	-0.110678	0.000963	-0.027628	-0.010522	-0.044710	0.998945	0.495451	-0.867984	-0.033630	0.868572	0.494575	0.031284
08839	9.757733	-0.581631	0.114324	-0.089995	-0.003219	-0.028651	-0.010579	-0.044462	0.998955	0.494713	-0.868414	-0.033413	0.868992	0.493842	0.031182
08840	9.741940	-0.561473	0.078257	-0.063799	-0.007262	-0.031104	-0.010611	-0.044173	0.998968	0.494197	-0.868717	-0.033164	0.869285	0.493335	0.031048
08841	9.802246	-0.517749	0.103588	-0.048512	-0.012379	-0.036174	-0.010624	-0.043814	0.998983	0.493816	-0.868945	-0.032859	0.869501	0.492965	0.030868
08842	9.868075	-0.495720	0.217061	-0.043240	-0.015198	-0.039930	-0.010631	-0.043408	0.999001	0.493478	-0.869150	-0.032515	0.869693	0.492639	0.030661
08843	9.952929	-0.523305	0.229195	-0.053966	-0.012500	-0.042489	-0.010676	-0.042993	0.999018	0.493007	-0.869431	-0.032148	0.869960	0.492180	0.030477
08844	9.956168	-0.543948	0.281535	-0.057313	-0.017605	-0.052669	-0.010723	-0.042465	0.999040	0.492545	-0.869710	-0.031681	0.870221	0.491732	0.030242
08845	9.936357	-0.604958	0.426064	-0.069113	-0.011984	-0.058319	-0.010848	-0.041915	0.999062	0.491977	-0.870050	-0.031160	0.870540	0.491178	0.030060
08846	9.882333	-0.662155	0.486621	-0.076625	-0.002480	-0.063053	-0.011078	-0.041371	0.999082	0.491345	-0.870427	-0.030596	0.870894	0.490556	0.029970
08847	9.891803	-0.739065	0.457594	-0.072577	-0.001545	-0.064476	-0.011328	-0.040816	0.999102	0.490661	-0.870834	-0.030012	0.871277	0.489881	0.029892
08848	9.825772	-0.866964	0.386801	-0.054450	0.002714	-0.070971	-0.011641	-0.040228	0.999123	0.490220	-0.871104	-0.029362	0.871521	0.489449	0.029861
08849	9.763404	-0.875024	0.306105	-0.025187	0.006428	-0.077993	-0.012022	-0.039597	0.999143	0.490026	-0.871237	-0.028632	0.871625	0.489262	0.029877
08850	9.691116	-0.916175	0.298985	0.023258	0.005983	-0.076089	-0.012388	-0.038980	0.999163	0.490262	-0.871128	-0.027907	0.871487	0.489506	0.029902
08851	9.656985	-0.876711	0.196196	0.080570	0.016323	-0.077749	-0.012854	-0.038400	0.999180	0.491001	-0.870736	-0.027147	0.871064	0.490249	0.030047
08852	9.778394	-0.699505	0.226932	0.118171	0.014777	-0.078386	-0.013310	-0.037807	0.999196	0.492062	-0.870161	-0.026370	0.870459	0.491315	0.030185
08853	9.676401	-0.558024	0.121896	0.128053	0.033562	-0.088012	-0.013979	-0.037223	0.999209	0.493188	-0.869549	-0.025494	0.869811	0.492441	0.030513
08854	9.775132	-0.455925	0.075685	0.123314	0.038468	-0.094990	-0.014724	-0.036604	0.999221	0.494289	-0.868951	-0.024549	0.869173	0.493542	0.030887
08855	9.751798	-0.314419	0.087785	0.099001	0.049999	-0.110153	-0.015650	-0.035909	0.999233	0.495119	-0.868508	-0.023457	0.868684	0.494372	0.031371
08856	9.740451	-0.251301	0.106181	0.067457	0.044474	-0.124845	-0.016596	-0.035061	0.999247	0.495727	-0.868194	-0.022230	0.868320	0.494985	0.031789
08857	9.753741	-0.230605	0.091288	0.036627	0.038526	-0.135667	-0.017544	-0.034094	0.999265	0.496132	-0.867995	-0.020905	0.868070	0.495401	0.032143
08858	9.683346	-0.234942	0.101151	0.003611	0.023654	-0.143511	-0.018402	-0.032982	0.999287	0.496180	-0.868000	-0.019512	0.868025	0.495467	0.032338
08859	9.741563	-0.326612	0.161136	-0.030254	0.023881	-0.148970	-0.019292	-0.031822	0.999307	0.495869	-0.868209	-0.018074	0.868183	0.495177	0.032529
08860	9.825638	-0.285710	0.137124	-0.055223	0.015511	-0.154240	-0.020132	-0.030576	0.999330	0.495401	-0.868506	-0.016593	0.868431	0.494735	0.032632
08861	9.561716	-0.241245	0.189627	-0.085219	0.018318	-0.165729	-0.021057	-0.029242	0.999351	0.494639	-0.868969	-0.015004	0.868843	0.494002	0.032762
08862	9.674818	-0.207911	0.181466	-0.105658	0.016770	-0.167713	-0.021973	-0.027884	0.999370	0.493727	-0.869513	-0.013405	0.869339	0.493122	0.032873
08863	9.699357	-0.118817	0.104886	-0.123384	0.011499	-0.174267	-0.022873	-0.026438	0.999389	0.492582	-0.870187	-0.011746	0.869966	0.492012	0.032927
08864	9.692208	-0.346106	0.058500	-0.154006	0.013757	-0.179518	-0.023818	-0.024960	0.999405	0.491242	-0.870965	-0.010045	0.870697	0.490710	0.033006
08865	9.696159	-1.010524	0.048771	-0.165011	0.017915	-0.171130	-0.024754	-0.023574	0.999416	0.489808	-0.871790	-0.008431	0.871479	0.489313	0.033127
08866	9.666042	-1.365584	0.273918	-0.075562	0.010979	-0.150393	-0.025527	-0.022333	0.999425	0.489154	-0.872169	-0.006995	0.871824	0.488694	0.033189
08867	9.695583	-0.851737	0.386647	0.081462	0.011309	-0.143390	-0.026267	-0.021160	0.999431	0.489946	-0.871735	-0.005579	0.871357	0.489520	0.033265
08868	9.862655	0.409578	0.354901	0.169711	-0.003919	-0.141259	-0.026868	-0.019927	0.999440	0.491429	-0.870908	-0.004153	0.870503	0.491042	0.033192
08869	9.804964	1.423353	0.217579	0.090260	-0.003224	-0.155457	-0.027547	-0.018574	0.999448	0.492208	-0.870474	-0.002611	0.870042	0.491864	0.033122
08870	9.854128	1.412778	0.146902	-0.092148	0.003921	-0.166085	-0.028340	-0.017164	0.999451	0.491402	-0.870932	-0.001023	0.870472	0.491103	0.033117
08871	9.779569	0.453360	0.205669	-0.233583	0.023447	-0.169303	-0.029315	-0.015819	0.999445	0.489333	-0.872097	0.000549	0.871604	0.489077	0.033306
08872	9.711823	-0.532171	0.315530	-0.222652	0.016213	-0.164291	-0.030200	-0.014482	0.999439	0.487385	-0.873185	0.002075	0.872665	0.487174	0.033429
08873	9.667795	-0.423910	0.484705	-0.135858	0.008823	-0.144467	-0.030922	-0.013281	0.999434	0.486199	-0.873841	0.003431	0.873301	0.486030	0.033478
08874	9.712148	0.191138	0.502279	-0.084910	0.010976	-0.143910	-0.031659	-0.012093	0.999426	0.485456	-0.874248	0.004799	0.873688	0.485329	0.033549
08875	9.882089	0.873670	0.733380	-0.127760	0.022919	-0.133941	-0.032449	-0.011050	0.999412	0.484322	-0.874869	0.006052	0.874288	0.484234	0.033741
08876	9.801518	1.259246	1.043353	-0.211725	0.038469	-0.137100	-0.033390	-0.010053	0.999392	0.482468	-0.875883	0.007309	0.875277	0.482419	0.034096
08877	9.962464	1.384945	0.960567	-0.299333	0.025957	-0.142908	-0.034248	-0.008944	0.999373	0.479851	-0.877308	0.008593	0.876681	0.479844	0.034337
08878	9.936504	0.676878	0.554581	-0.384445	0.035370	-0.163462	-0.035281	-0.007695	0.999348	0.476463	-0.879137	0.010052	0.878486	0.476507	0.034684
08879	9.665134	-0.290724	0.421567	-0.363740	0.030314	-0.171108	-0.036305	-0.006350	0.999321	0.473226	-0.880865	0.011595	0.880193	0.473325	0.034985
08880	9.695583	-0.802284	0.162062	-0.243112	0.027620	-0.161451	-0.037253	-0.005075	0.999293	0.471069	-0.881999	0.013082	0.881309	0.471223	0.035248
08881	9.712798	-1.112776	-0.076796	-0.119191	0.023084	-0.140508	-0.038059	-0.003962	0.999268	0.470003	-0.882547	0.014402	0.881844	0.470207	0.035451
08882	9.810111	-0.605809	-0.027438	-0.016891	0.011293	-0.122580	-0.038677	-0.002952	0.999247	0.469851	-0.882608	0.015579	0.881898	0.470099	0.035523
08883	9.795340	0.454088	-0.041558	-0.047591	0.001729	-0.127956	-0.039236	-0.001852	0.999228	0.469463	-0.882792	0.016798	0.882080	0.469760	0.035507
08884	9.649144	1.388752	-0.107518	-0.206018	-0.007493	-0.130445	-0.039723	-0.000683	0.999210	0.467637	-0.883738	0.017987	0.883028	0.467982	0.035424
08885	9.603053	1.825664	-0.023479	-0.421439	-0.027478	-0.144685	-0.040094	0.000708	0.999196	0.463885	-0.885686	0.019241	0.884988	0.464284	0.035183
08886	9.622132	1.524564	0.223694	-0.637002	-0.050407	-0.164420	-0.040347	0.002380	0.999183	0.458216	-0.888601	0.020619	0.887924	0.458674	0.034762
08887	9.595591	0.822729	0.489243	-0.758607	-0.083327	-0.183586	-0.040380	0.004377	0.999175	0.451407	-0.892043	0.022151	0.891404	0.451929	0.034045
08888	9.661927	-0.455100	0.829182	-0.770799	-0.099860	-0.190349	-0.040283	0.006506	0.999167	0.444490	-0.895469	0.023752	0.894877	0.445077	0.033180
08889	9.564576	-1.253502	1.125981	-0.567148	-0.139013	-0.179767	-0.039775	0.008712	0.999171	0.439409	-0.897930	0.025321	0.897406	0.440052	0.031887
08890	9.756968	-0.498988	1.468882	-0.313437	-0.165781	-0.146499	-0.038870	0.010735	0.999187	0.436581	-0.899270	0.026645	0.898825	0.437261	0.030268
08891	9.883811	0.504875	2.004072	-0.227953	-0.168621	-0.112839	-0.037789	0.012457	0.999208	0.434638	-0.900180	0.027660	0.899812	0.435339	0.028602
08892	9.960616	0.739262	2.324841	-0.252472	-0.148293	-0.085990	-0.036769	0.013855	0.999228	0.432378	-0.901245	0.028406	0.900943	0.433088	0.027147
08893	10.032555	0.424902	2.348935	-0.231154	-0.139257	-0.063176	-0.035731	0.015003	0.999249	0.430337	-0.902204	0.028934	0.901961	0.431048	0.025780
08894	10.043400	0.561910	2.125107	-0.188911	-0.131001	-0.052601	-0.034718	0.016021	0.999269	0.428659	-0.902989	0.029370	0.902799	0.429365	0.024482
08895	9.873801	0.729553	1.603859	-0.119389	-0.120431	-0.057226	-0.033822	0.017032	0.999283	0.427620	-0.903465	0.029872	0.903326	0.428324	0.023274
08896	9.813684	0.862935	1.040977	-0.067442	-0.119443	-0.060859	-0.032945	0.018072	0.999294	0.427035	-0.903723	0.030422	0.903635	0.427736	0.022056
08897	9.580153	0.659976	0.306955	0.005711	-0.119269	-0.059995	-0.032076	0.019103	0.999303	0.427108	-0.903670	0.030984	0.903632	0.427804	0.020827
08898	9.545561	0.393787	-0.425454	0.039224	-0.140197	-0.049391	-0.030963	0.020128	0.999318	0.427491	-0.903473	0.031443	0.903489	0.428173	0.019369
08899	9.575396	0.283452	-0.803798	0.052824	-0.152786	-0.037662	-0.029691	0.021094	0.999337	0.428106	-0.903169	0.031783	0.903241	0.428766	0.017786
08900	9.656338	0.566435	-0.901610	0.036080	-0.185197	-0.011450	-0.028010	0.021971	0.999366	0.428473	-0.902993	0.031861	0.903120	0.429094	0.015879
08901	9.716553	0.994356	-0.518580	-0.023688	-0.216381	0.004287	-0.025984	0.022832	0.999402	0.428411	-0.903025	0.031768	0.903210	0.428980	0.013683
08902	9.706326	1.210553	-0.075930	-0.110783	-0.253129	0.003246	-0.023626	0.023866	0.999436	0.427455	-0.903481	0.031679	0.903728	0.427963	0.011144
08903	9.601549	0.954358	0.364829	-0.208142	-0.275717	-0.014490	-0.021139	0.025148	0.999460	0.425699	-0.904307	0.031757	0.904618	0.426141	0.008410
08904	9.662036	0.513778	0.809583	-0.256238	-0.275971	-0.020716	-0.018671	0.026487	0.999475	0.423420	-0.905372	0.031903	0.905741	0.423793	0.005689
08905	9.510982	0.102234	1.098342	-0.215703	-0.282953	-0.025596	-0.016159	0.027892	0.999480	0.421539	-0.906242	0.032105	0.906666	0.421839	0.002887
08906	9.579643	0.112419	0.734104	-0.105718	-0.309899	-0.013104	-0.013347	0.029295	0.999482	0.420622	-0.906665	0.032191	0.907138	0.420834	-0.000221
08907	10.017766	0.038993	0.783442	-0.046766	-0.285221	0.009528	-0.010667	0.030386	0.999481	0.420259	-0.906838	0.032055	0.907342	0.420383	-0.003096
08908	9.621854	0.133051	0.778119	0.050965	-0.288836	0.010511	-0.007946	0.031484	0.999473	0.420766	-0.906608	0.031903	0.907134	0.420797	-0.006044
08909	9.692579	0.082297	0.447106	0.164694	-0.310464	0.034098	-0.004934	0.032460	0.999461	0.422328	-0.905895	0.031507	0.906430	0.422256	-0.009239
08910	9.939289	0.129659	0.598363	0.254886	-0.291070	0.048951	-0.002033	0.033228	0.999446	0.424682	-0.904813	0.030946	0.905340	0.424510	-0.012272
08911	9.822120	0.633142	0.800838	0.314795	-0.284578	0.056958	0.000836	0.033903	0.999425	0.427582	-0.903469	0.030291	0.903976	0.427311	-0.015251
08912	9.732287	1.032725	0.582043	0.341691	-0.298945	0.062582	0.003862	0.034599	0.999394	0.430710	-0.902006	0.029563	0.902482	0.430335	-0.018385
08913	9.727731	0.975514	0.359548	0.291241	-0.316155	0.050502	0.006981	0.035485	0.999346	0.433438	-0.900718	0.028955	0.901156	0.432952	-0.021668
08914	9.466210	0.915955	0.480541	0.212036	-0.345134	0.044002	0.010338	0.036565	0.999278	0.435386	-0.899795	0.028421	0.900184	0.434778	-0.025222
08915	9.397932	0.875100	0.663301	0.109514	-0.385468	0.041605	0.014041	0.037847	0.999185	0.436444	-0.899298	0.027930	0.899622	0.435696	-0.029145
08916	9.328959	0.547887	0.973922	0.005313	-0.420320	0.037343	0.018042	0.039322	0.999064	0.436528	-0.899270	0.027511	0.899510	0.435623	-0.033390
08917	9.346609	-0.266232	1.267433	-0.062317	-0.433919	0.039879	0.022174	0.040832	0.998920	0.435965	-0.899556	0.027093	0.899691	0.434893	-0.037748
08918	9.287807	-0.872629	1.651300	0.013580	-0.460141	0.058352	0.026625	0.042288	0.998751	0.436115	-0.899502	0.026459	0.899497	0.434865	-0.042392
08919	9.373822	-0.440796	1.846670	0.151903	-0.486324	0.076503	0.031380	0.043696	0.998552	0.437516	-0.898847	0.025584	0.898663	0.436080	-0.047323
08920	9.608426	0.338716	1.744798	0.238009	-0.503149	0.093313	0.036365	0.045036	0.998323	0.439663	-0.897829	0.024487	0.897426	0.438036	-0.052450
08921	9.614885	1.032482	1.709374	0.254880	-0.501759	0.094356	0.041333	0.046371	0.998069	0.441906	-0.896757	0.023364	0.896109	0.440087	-0.057557
08922	9.740363	1.148647	1.601590	0.279063	-0.482910	0.111443	0.046208	0.047483	0.997803	0.444397	-0.895559	0.022038	0.894637	0.442402	-0.062483
08923	10.204751	1.549916	1.425943	0.379600	-0.474347	0.140130	0.051117	0.048314	0.997523	0.447729	-0.893937	0.020354	0.892707	0.445580	-0.067327
08924	10.581403	1.650650	1.114061	0.467927	-0.417570	0.169742	0.055661	0.048648	0.997264	0.451851	-0.891906	0.018289	0.890355	0.449597	-0.071625
08925	10.792725	1.195208	0.872376	0.541882	-0.385611	0.196544	0.060026	0.048619	0.997012	0.456676	-0.889491	0.015881	0.887606	0.454358	-0.075596
08926	10.812135	0.812370	1.351542	0.647450	-0.338327	0.239067	0.064180	0.048024	0.996782	0.462304	-0.886627	0.012950	0.884396	0.459985	-0.079105
08927	11.016613	0.776316	2.245581	0.694687	-0.253642	0.299215	0.067855	0.046530	0.996610	0.468281	-0.883530	0.009367	0.880970	0.466058	-0.081741
08928	11.153993	1.083673	3.177949	0.614576	-0.112064	0.365996	0.070622	0.043808	0.996541	0.473472	-0.880794	0.005166	0.877973	0.471469	-0.082945
08929	11.218798	0.874130	3.418907	0.421704	0.093103	0.408075	0.071792	0.039755	0.996627	0.476824	-0.878998	0.000715	0.876062	0.475165	-0.082062
08930	11.193299	0.612112	3.475647	0.202653	0.295854	0.398739	0.071164	0.034826	0.996856	0.478353	-0.878161	-0.003470	0.875280	0.477096	-0.079153
08931	11.412422	-0.173182	3.702026	-0.054783	0.415119	0.367978	0.069334	0.029593	0.997154	0.477599	-0.878549	-0.007135	0.875838	0.476735	-0.075047
08932	11.768826	-1.745549	4.335031	-0.139240	0.448113	0.349747	0.067133	0.024367	0.997446	0.476179	-0.879285	-0.010569	0.876782	0.475672	-0.070632
08933	12.665178	-2.953681	5.384034	-0.092338	0.569702	0.321519	0.063713	0.018811	0.997791	0.475108	-0.879820	-0.013751	0.877618	0.474935	-0.064993
08934	12.242659	-3.097114	5.863707	0.043709	0.675555	0.326178	0.059391	0.012713	0.998154	0.475330	-0.879642	-0.017079	0.877800	0.475467	-0.058286
08935	11.828053	-2.389601	6.404357	0.124076	0.853780	0.327008	0.053490	0.005751	0.998552	0.476174	-0.879113	-0.020444	0.877722	0.476578	-0.049762
08936	11.554771	-1.607067	6.268611	0.070006	1.073770	0.323594	0.045664	-0.002232	0.998954	0.476668	-0.878762	-0.023753	0.877896	0.477255	-0.039064
08937	11.134245	-1.412093	5.593191	-0.033622	1.204448	0.310423	0.036598	-0.010728	0.999272	0.476197	-0.878928	-0.026876	0.878577	0.476834	-0.027059
08938	11.380474	-1.924427	4.747973	-0.121434	1.329223	0.325590	0.026520	-0.019938	0.999449	0.475068	-0.879433	-0.030150	0.879550	0.475606	-0.013851
08939	11.837194	-2.338829	3.598527	-0.106129	1.438214	0.377638	0.015690	-0.030111	0.999423	0.474012	-0.879863	-0.033950	0.880378	0.474272	0.000468
08940	11.686106	-2.476271	2.241378	-0.010918	1.558251	0.443456	0.004130	-0.041416	0.999133	0.473914	-0.879732	-0.038426	0.880562	0.473662	0.015995
08941	12.084749	-1.527414	0.875404	0.190650	1.638598	0.501415	-0.007872	-0.053617	0.998531	0.475610	-0.878584	-0.043427	0.879621	0.474569	0.032416
08942	11.770134	-0.436083	0.040274	0.068842	1.775712	0.544587	-0.020836	-0.066841	0.997546	0.476336	-0.877904	-0.048875	0.879016	0.474149	0.050131
08943	10.781755	0.295177	-0.627264	0.032092	1.713522	0.463008	-0.033645	-0.079046	0.996303	0.476773	-0.877396	-0.053512	0.878383	0.473210	0.067207
08944	10.430049	2.161839	-1.068691	0.170610	1.504950	0.320220	-0.045266	-0.088996	0.995003	0.478440	-0.876293	-0.056612	0.876953	0.473487	0.082246
08945	11.220869	3.894585	-1.746769	0.265055	1.302100	0.196609	-0.055687	-0.096915	0.993734	0.480901	-0.874830	-0.058370	0.875005	0.474637	0.095323
08946	12.666906	4.400853	-2.174080	-0.098895	1.346856	0.151395	-0.066684	-0.104636	0.992272	0.480173	-0.875119	-0.060013	0.874636	0.472460	0.108600
08947	12.891381	3.449603	-2.307759	-0.695094	1.561592	0.105088	-0.079816	-0.112899	0.990396	0.474207	-0.878235	-0.061897	0.876788	0.464712	0.123635
08948	11.694349	2.631648	-2.203624	-1.035946	1.593693	0.023234	-0.093650	-0.120441	0.988293	0.465171	-0.882939	-0.063523	0.880253	0.453777	0.138713
08949	10.709949	1.977679	-2.302500	-1.147290	1.523488	-0.028041	-0.107176	-0.127039	0.986090	0.455068	-0.888084	-0.064952	0.883983	0.441777	0.152993
08950	10.385552	0.790372	-2.825474	-1.177004	1.517909	-0.028346	-0.120692	-0.133418	0.983683	0.444658	-0.893222	-0.066592	0.887532	0.429365	0.167130
08951	10.094354	-0.670719	-3.047833	-1.064816	1.574564	0.003875	-0.134628	-0.140146	0.980936	0.435246	-0.897701	-0.068519	0.890189	0.417723	0.181853
08952	9.314044	-1.499848	-2.976334	-0.823896	1.611259	0.026354	-0.148811	-0.147057	0.977870	0.427992	-0.901039	-0.070372	0.891447	0.408049	0.197024
08953	8.906467	-1.633337	-2.677693	-0.542308	1.573128	0.033404	-0.162648	-0.153745	0.974632	0.423260	-0.903156	-0.071836	0.891289	0.400839	0.211970
08954	8.549087	-1.668158	-2.577769	-0.339788	1.537817	0.027095	-0.176174	-0.160135	0.971246	0.420329	-0.904440	-0.072877	0.890104	0.395404	0.226649
08955	8.235683	-1.461860	-2.291915	-0.184122	1.483387	0.002358	-0.189309	-0.166017	0.967781	0.418747	-0.905135	-0.073359	0.888152	0.391368	0.240869
08956	7.975399	-1.170782	-2.095684	-0.067986	1.421085	-0.014957	-0.201919	-0.171445	0.964280	0.418166	-0.905399	-0.073413	0.885645	0.388405	0.254510
08957	7.966002	-0.531680	-1.673558	0.020731	1.364079	-0.020713	-0.214020	-0.176566	0.960739	0.418357	-0.905329	-0.073186	0.882707	0.386269	0.267626
08958	7.889146	0.188983	-1.230804	0.029751	1.319992	0.004542	-0.225577	-0.181715	0.957128	0.418681	-0.905180	-0.073177	0.879671	0.384225	0.280269
08959	8.383705	0.393071	-0.857700	-0.068767	1.281844	0.010336	-0.236746	-0.186739	0.953457	0.418154	-0.905398	-0.073498	0.876983	0.381291	0.292435
08960	8.402671	0.058389	-0.484367	-0.285616	1.296629	0.010524	-0.248005	-0.191769	0.949588	0.415729	-0.906434	-0.074478	0.875022	0.376301	0.304524
08961	8.031163	-0.919107	-0.220772	-0.539669	1.298696	0.006056	-0.259289	-0.196688	0.945560	0.411079	-0.908407	-0.076234	0.873947	0.368933	0.316394
08962	7.487584	-2.227712	0.009851	-0.736662	1.249275	0.029862	-0.270028	-0.201535	0.941524	0.404774	-0.911005	-0.078914	0.873638	0.359796	0.327574
08963	6.864241	-3.296351	0.454025	-0.816609	1.146694	0.073076	-0.279706	-0.206297	0.937660	0.397894	-0.913729	-0.082339	0.873753	0.350059	0.337660
08964	6.283602	-3.494408	1.024861	-0.706390	0.968654	0.109724	-0.287682	-0.210676	0.934267	0.392087	-0.915917	-0.085806	0.873789	0.341630	0.346096
08965	6.185838	-2.983963	1.806381	-0.454195	0.746748	0.162228	-0.293523	-0.214719	0.931525	0.388646	-0.917086	-0.088929	0.873383	0.335931	0.352636
08966	6.676834	-1.921638	2.665264	-0.172557	0.551361	0.184767	-0.297565	-0.218284	0.929412	0.387740	-0.917238	-0.091284	0.872418	0.333207	0.357575
08967	7.450987	-0.636315	3.311006	-0.033164	0.409906	0.186507	-0.300366	-0.221385	0.927776	0.388063	-0.916913	-0.093158	0.871313	0.332054	0.361321
08968	8.335553	0.321956	3.580617	-0.111236	0.344992	0.159490	-0.302699	-0.224016	0.926386	0.387630	-0.916900	-0.095063	0.870699	0.330319	0.364380
08969	8.888785	0.680813	3.808830	-0.306093	0.371071	0.116775	-0.305430	-0.226333	0.924925	0.385374	-0.917618	-0.097286	0.870746	0.326728	0.367491
08970	8.952645	0.473595	3.823655	-0.463168	0.390531	0.065108	-0.308528	-0.228224	0.923431	0.381595	-0.918946	-0.099620	0.871318	0.321641	0.370610
08971	8.962013	-0.527034	3.871269	-0.646441	0.363401	0.045043	-0.311478	-0.229822	0.922043	0.376153	-0.920875	-0.102461	0.872634	0.314915	0.373281
08972	9.193360	-1.976978	4.106176	-0.791433	0.321940	0.047840	-0.314059	-0.231291	0.920799	0.369444	-0.923200	-0.105887	0.874573	0.306929	0.375388
08973	9.618792	-2.763981	4.527699	-0.799935	0.276633	0.039911	-0.316288	-0.232526	0.919725	0.362621	-0.925507	-0.109285	0.876623	0.298947	0.377045
08974	10.221533	-3.031575	4.960828	-0.756207	0.293033	0.075117	-0.318536	-0.234115	0.918545	0.356280	-0.927539	-0.112855	0.878407	0.291311	0.378865
08975	10.295020	-2.984998	5.377485	-0.624511	0.444452	0.146453	-0.321877	-0.236783	0.916695	0.351316	-0.928968	-0.116597	0.879188	0.284520	0.382199
08976	9.719009	-2.890364	5.397197	-0.455539	0.558081	0.230199	-0.325925	-0.240524	0.914287	0.348114	-0.929679	-0.120477	0.878971	0.279009	0.386735
08977	8.764264	-3.024475	4.875974	-0.376354	0.516991	0.289635	-0.329417	-0.244678	0.911931	0.345811	-0.929993	-0.124607	0.878578	0.274308	0.390968
08978	7.936686	-2.841574	4.221311	-0.297537	0.319382	0.283481	-0.331192	-0.248214	0.910331	0.344190	-0.930082	-0.128378	0.878547	0.270809	0.393468
08979	7.933886	-2.286189	3.852046	-0.278607	0.122533	0.247323	-0.331373	-0.250876	0.909535	0.342617	-0.930192	-0.131747	0.879094	0.267965	0.394195
08980	8.051970	-1.974671	3.451752	-0.346790	0.053255	0.202931	-0.331096	-0.252935	0.909065	0.340295	-0.930580	-0.134980	0.880099	0.264659	0.394184
08981	7.925357	-1.930796	3.066831	-0.321088	0.023886	0.142283	-0.330778	-0.254354	0.908785	0.337994	-0.931041	-0.137560	0.881105	0.261662	0.393938
08982	8.056234	-1.821151	2.699350	-0.186350	-0.007749	0.087222	-0.330363	-0.255175	0.908706	0.336697	-0.931281	-0.139107	0.881757	0.260002	0.393578
08983	8.376719	-1.591469	2.443354	-0.008198	-0.036819	0.030363	-0.329890	-0.255394	0.908816	0.336780	-0.931201	-0.139438	0.881902	0.260072	0.393206
08984	8.616772	-1.249741	2.298673	0.154361	-0.063072	-0.016494	-0.329337	-0.255106	0.909097	0.338143	-0.930817	-0.138702	0.881587	0.261726	0.392815
08985	8.772996	-0.949487	2.117546	0.290090	-0.123816	-0.068080	-0.328430	-0.254178	0.909685	0.340532	-0.930203	-0.136967	0.881006	0.264793	0.392063
08986	8.944866	-0.602880	1.993409	0.338384	-0.188947	-0.107308	-0.327080	-0.252706	0.910581	0.343217	-0.929549	-0.134686	0.880466	0.268473	0.390770
08987	8.974107	-0.310614	1.772771	0.334477	-0.235545	-0.140166	-0.325442	-0.250798	0.911695	0.345759	-0.928974	-0.132127	0.880078	0.272227	0.389043
08988	8.682775	-0.229972	1.438778	0.264280	-0.326347	-0.165449	-0.323091	-0.248396	0.913188	0.347605	-0.928639	-0.129614	0.880218	0.275551	0.386379
08989	8.537288	-0.599446	1.122292	0.173351	-0.453440	-0.180451	-0.319678	-0.245495	0.915171	0.348607	-0.928581	-0.127321	0.881067	0.278334	0.382428
08990	8.859130	-0.901891	1.189058	0.115886	-0.526274	-0.190795	-0.315650	-0.242281	0.917423	0.349079	-0.928698	-0.125154	0.882331	0.280748	0.377719
08991	8.994217	-1.008995	1.461276	0.083440	-0.536379	-0.218446	-0.311628	-0.238770	0.919716	0.349186	-0.928965	-0.122857	0.883718	0.282866	0.372866
08992	8.750189	-1.189511	1.699090	0.107318	-0.544802	-0.243393	-0.307607	-0.234990	0.922040	0.349437	-0.929213	-0.120240	0.885026	0.285208	0.367946
08993	9.684700	-1.842644	2.138267	0.154235	-0.573213	-0.250705	-0.303357	-0.231047	0.924441	0.350092	-0.929331	-0.117386	0.886233	0.288030	0.362807
08994	10.076633	-1.442868	1.937564	0.232124	-0.578278	-0.286168	-0.299180	-0.226740	0.926866	0.351344	-0.929289	-0.113924	0.887158	0.291565	0.357689
08995	9.961195	-1.360474	1.306277	0.113337	-0.624075	-0.307765	-0.294670	-0.222081	0.929435	0.351491	-0.929625	-0.110689	0.888608	0.294071	0.351992
08996	10.118294	-2.201077	1.697373	-0.090935	-0.601939	-0.292205	-0.290287	-0.217620	0.931867	0.349883	-0.930511	-0.108311	0.890683	0.294603	0.346256
08997	9.894257	-2.385914	3.422516	-0.249386	-0.475539	-0.283778	-0.286983	-0.213609	0.933816	0.346894	-0.931833	-0.106547	0.892919	0.293358	0.341520
08998	9.646261	-2.083244	5.372238	-0.344442	-0.363597	-0.284363	-0.284660	-0.209923	0.935361	0.343057	-0.933418	-0.105084	0.895143	0.290969	0.337723
08999	9.246270	-1.485211	6.065072	-0.315231	-0.322053	-0.276902	-0.282668	-0.206433	0.936741	0.339501	-0.934886	-0.103577	0.897128	0.288746	0.334347
09000	9.292488	-1.249916	5.266902	-0.168064	-0.407978	-0.252487	-0.279806	-0.202923	0.938366	0.337337	-0.935864	-0.101793	0.898840	0.288063	0.330314
09001	10.004729	-0.789471	4.243478	-0.129690	-0.466311	-0.276719	-0.276491	-0.199020	0.940183	0.335454	-0.936772	-0.099647	0.900568	0.287837	0.325771
09002	10.712024	-0.262661	3.756628	-0.237193	-0.445189	-0.316777	-0.273483	-0.194800	0.941945	0.332500	-0.938054	-0.097458	0.902580	0.286543	0.321313
09003	10.592313	0.050419	3.709776	-0.393922	-0.367816	-0.352900	-0.271274	-0.190469	0.943468	0.328033	-0.939835	-0.095417	0.904878	0.283604	0.317433
09004	9.664399	0.020067	3.833578	-0.480495	-0.350922	-0.382736	-0.269287	-0.185908	0.944946	0.322699	-0.941887	-0.093345	0.907386	0.279797	0.313630
09005	9.474335	-0.540480	2.841690	-0.428046	-0.418807	-0.440394	-0.266842	-0.180622	0.946663	0.317684	-0.943864	-0.090540	0.909875	0.276579	0.309243
09006	9.633317	-1.496860	2.088874	-0.309012	-0.424326	-0.479557	-0.264438	-0.174952	0.948401	0.313650	-0.945547	-0.086972	0.911974	0.274467	0.304912
09007	9.548907	-2.326905	1.840038	0.038120	-0.503263	-0.509562	-0.261391	-0.168779	0.950362	0.312712	-0.946298	-0.082047	0.913173	0.275744	0.300133
09008	9.833575	-2.385272	0.783559	0.231475	-0.616233	-0.497117	-0.257266	-0.162394	0.952598	0.313593	-0.946458	-0.076656	0.914043	0.279007	0.294417
09009	10.157411	-2.314466	0.705952	0.189802	-0.636134	-0.429372	-0.252745	-0.156577	0.954779	0.314288	-0.946591	-0.072037	0.915065	0.281868	0.288457
09010	9.728446	-3.282731	1.018680	0.212288	-0.653875	-0.364535	-0.247854	-0.151303	0.956910	0.315373	-0.946530	-0.067975	0.916028	0.284936	0.282318
09011	10.177921	-3.951447	1.533900	0.346698	-0.632614	-0.286292	-0.242912	-0.146809	0.958875	0.317901	-0.945941	-0.064295	0.916478	0.289209	0.276452
09012	10.094444	-3.041361	2.333372	0.607585	-0.540920	-0.222765	-0.238618	-0.143150	0.960505	0.322985	-0.944467	-0.060521	0.915829	0.295787	0.271602
09013	9.265505	-0.897899	2.472729	0.841711	-0.581727	-0.211545	-0.233932	-0.139440	0.962202	0.330240	-0.942219	-0.056255	0.914449	0.304598	0.266464
09014	9.673314	1.074075	2.562188	0.783300	-0.592441	-0.210961	-0.229169	-0.135653	0.963888	0.336964	-0.940070	-0.052186	0.913202	0.312836	0.261145
09015	9.864512	1.798203	2.931411	0.495825	-0.489016	-0.223645	-0.225410	-0.132040	0.965275	0.341034	-0.938785	-0.048778	0.912626	0.318196	0.256641
09016	9.572874	1.311309	2.957864	0.342384	-0.427665	-0.261343	-0.222348	-0.128246	0.966496	0.343626	-0.938008	-0.045412	0.912405	0.322016	0.252633
09017	9.580480	0.928813	2.668108	0.325148	-0.381949	-0.288497	-0.219806	-0.124333	0.967588	0.346006	-0.937299	-0.041839	0.912121	0.325595	0.249044
09018	9.395251	1.057758	2.045912	0.326678	-0.351790	-0.315614	-0.217639	-0.120251	0.968593	0.348348	-0.936594	-0.038006	0.911749	0.329136	0.245729
09019	9.019319	1.207129	1.520971	0.276559	-0.375820	-0.337201	-0.215338	-0.115880	0.969640	0.350192	-0.936057	-0.034096	0.911590	0.332217	0.242149
09020	9.160982	1.000172	0.992225	0.211209	-0.455744	-0.359831	-0.212391	-0.111019	0.970858	0.351400	-0.935740	-0.030129	0.911816	0.334761	0.237755
09021	9.324882	0.820125	0.884115	0.156594	-0.488603	-0.370193	-0.209184	-0.105943	0.972121	0.352100	-0.935596	-0.026196	0.912287	0.336804	0.233014
09022	9.488740	0.235448	1.371936	0.038252	-0.497602	-0.370804	-0.205893	-0.100821	0.973367	0.351732	-0.935829	-0.022532	0.913177	0.337725	0.228143
09023	9.645855	-0.781547	1.752263	-0.130977	-0.510843	-0.370592	-0.202470	-0.095656	0.974605	0.349830	-0.936615	-0.019251	0.914672	0.337049	0.223100
09024	9.849007	-1.744296	2.414534	-0.248410	-0.522401	-0.348181	-0.198846	-0.090663	0.975828	0.346910	-0.937755	-0.016435	0.916577	0.335256	0.217921
09025	9.676565	-1.818515	3.218429	-0.225215	-0.497457	-0.323051	-0.195345	-0.085996	0.976957	0.344258	-0.938774	-0.013800	0.918328	0.333630	0.212990
09026	9.735356	-1.316728	4.032755	-0.194886	-0.468032	-0.290014	-0.191984	-0.081741	0.977988	0.341958	-0.939646	-0.011408	0.919895	0.332240	0.208349
09027	9.743742	-1.277312	4.476063	-0.114915	-0.415166	-0.268144	-0.189024	-0.077872	0.978880	0.340440	-0.940223	-0.009057	0.921070	0.331538	0.204236
09028	9.710281	-0.963484	4.648251	0.004607	-0.372067	-0.248444	-0.186387	-0.074328	0.979661	0.340068	-0.940377	-0.006647	0.921745	0.331913	0.200551
09029	9.744543	-0.558066	4.284987	0.144666	-0.300836	-0.233045	-0.184355	-0.071166	0.980280	0.341021	-0.940047	-0.004111	0.921801	0.333538	0.197572
09030	9.679868	-0.242697	3.597092	0.358330	-0.234799	-0.214549	-0.182873	-0.068389	0.980755	0.343980	-0.938976	-0.001337	0.920997	0.337116	0.195238
09031	9.362336	0.682282	2.726775	0.590538	-0.226037	-0.204986	-0.181451	-0.065727	0.981201	0.349091	-0.937087	0.001784	0.919353	0.342853	0.192980
09032	9.476403	1.651491	1.980449	0.657200	-0.234084	-0.187370	-0.179906	-0.063190	0.981652	0.354840	-0.934914	0.004850	0.917454	0.349202	0.190619
09033	9.284138	2.295087	0.873619	0.668950	-0.270642	-0.175395	-0.178001	-0.060626	0.982161	0.360707	-0.932646	0.007803	0.915536	0.355662	0.187880
09034	9.505577	2.931873	-0.362703	0.660830	-0.339293	-0.164748	-0.175442	-0.057899	0.982786	0.366512	-0.930353	0.010617	0.913723	0.362065	0.184444
09035	9.850056	3.441504	-1.484653	0.527465	-0.383207	-0.164564	-0.172497	-0.054999	0.983473	0.371092	-0.928503	0.013163	0.912434	0.367230	0.180574
09036	9.920851	3.357786	-1.987567	0.260633	-0.437297	-0.192060	-0.169167	-0.051630	0.984234	0.373193	-0.927625	0.015483	0.912200	0.369928	0.176192
09037	10.127095	2.046689	-1.824803	-0.093035	-0.465921	-0.227874	-0.165710	-0.047818	0.985014	0.372012	-0.928062	0.017530	0.913316	0.369343	0.171578
09038	9.814568	-0.603544	-0.853987	-0.347051	-0.500919	-0.247241	-0.161990	-0.043704	0.985824	0.368485	-0.929432	0.019345	0.915411	0.366395	0.166663
09039	9.850958	-1.443568	0.172590	-0.215472	-0.571598	-0.211616	-0.157476	-0.039672	0.986726	0.366223	-0.930289	0.021044	0.917105	0.364676	0.161027
09040	9.938331	-0.789869	1.524366	-0.082875	-0.573983	-0.167038	-0.152764	-0.036051	0.987605	0.365254	-0.930635	0.022527	0.918288	0.364168	0.155336
09041	9.757347	-0.047939	2.798127	-0.017260	-0.557764	-0.142629	-0.148106	-0.032717	0.988430	0.364931	-0.930728	0.023874	0.919179	0.364245	0.149786
09042	9.820346	0.047190	3.636593	0.005655	-0.503495	-0.126218	-0.143881	-0.029733	0.989148	0.364849	-0.930728	0.025094	0.919882	0.364500	0.144763
