// General information: 
//  MT Manager version: 2022.2.0 
//  XDA version: 2022.2.0 build 7381 rev 124627 built on 2023-07-19
// Device information: 
//  DeviceId: 00B4CAF0
//  ProductCode: MTW2-3A7G6
//  Firmware Version: 4.6.0
//  Hardware Version: 2.0.0
// Device settings: 
//  Filter Profile: human(46.1)
//  Option Flags: Orientation Smoother Disabled, Position/Velocity Smoother Disabled, Continuous Zero Rotation Update Disabled, AHS Disabled, ICC Disabled
// Coordinate system: ENU
PacketCounter	Acc_X	Acc_Y	Acc_Z	Gyr_X	Gyr_Y	Gyr_Z	Mat[1][1]	Mat[2][1]	Mat[3][1]	Mat[1][2]	Mat[2][2]	Mat[3][2]	Mat[1][3]	Mat[2][3]	Mat[3][3]
12241	5.167169	0.444977	8.855080	0.004414	0.006521	-0.000400	-0.605043	-0.615204	0.505418	0.733626	-0.677432	0.053651	0.309380	0.403249	0.861205
12242	5.169944	0.448274	8.831352	0.006301	0.005857	-0.000363	-0.605123	-0.615142	0.505397	0.733565	-0.677494	0.053706	0.309367	0.403241	0.861214
12243	5.162831	0.443134	8.879646	0.003620	0.004520	-0.000602	-0.605149	-0.615138	0.505371	0.733566	-0.677489	0.053758	0.309315	0.403254	0.861226
12244	5.162398	0.443404	8.879884	0.001733	0.005185	-0.000639	-0.605188	-0.615118	0.505349	0.733523	-0.677538	0.053733	0.309341	0.403203	0.861241
12245	5.183615	0.468225	8.836307	0.008550	0.003645	0.003009	-0.605185	-0.615135	0.505332	0.733560	-0.677491	0.053808	0.309259	0.403256	0.861246
12246	5.168356	0.450077	8.832190	0.011087	0.003798	0.004292	-0.605204	-0.615130	0.505315	0.733572	-0.677473	0.053880	0.309194	0.403293	0.861251
12247	5.160451	0.481978	8.859887	0.009912	0.008400	0.009204	-0.605170	-0.615208	0.505261	0.733651	-0.677383	0.053936	0.309073	0.403325	0.861279
12248	5.197842	0.451804	8.861955	0.008613	0.006763	0.006711	-0.605116	-0.615348	0.505155	0.733745	-0.677282	0.053918	0.308954	0.403282	0.861343
12249	5.181754	0.470636	8.837270	0.019712	0.003529	0.012727	-0.605041	-0.615430	0.505145	0.733876	-0.677131	0.054041	0.308791	0.403410	0.861341
12250	5.178078	0.468966	8.861435	0.020510	0.005529	0.012930	-0.605011	-0.615469	0.505133	0.733953	-0.677038	0.054152	0.308666	0.403507	0.861341
12251	5.163352	0.414426	8.878044	0.020657	0.006710	0.011887	-0.604952	-0.615558	0.505095	0.734082	-0.676888	0.054287	0.308476	0.403622	0.861355
12252	5.072562	0.421017	8.891190	0.018627	0.006193	0.012894	-0.604822	-0.615790	0.504969	0.734277	-0.676675	0.054294	0.308266	0.403626	0.861428
12253	5.106425	0.425731	8.896317	0.015900	-0.003323	0.000508	-0.604815	-0.615762	0.505011	0.734322	-0.676614	0.054445	0.308172	0.403770	0.861394
12254	5.141067	0.312119	8.862924	0.015964	-0.000202	0.004209	-0.604766	-0.615779	0.505049	0.734368	-0.676563	0.054465	0.308160	0.403830	0.861370
12255	5.137497	0.348123	8.865939	0.027169	-0.010438	-0.002961	-0.604763	-0.615699	0.505150	0.734426	-0.676478	0.054730	0.308026	0.404094	0.861294
12256	5.198344	0.344956	8.823063	0.039598	-0.017100	-0.002890	-0.604706	-0.615611	0.505326	0.734504	-0.676374	0.054965	0.307952	0.404402	0.861176
12257	5.202754	0.470133	8.836188	0.047814	-0.018946	-0.001486	-0.604665	-0.615506	0.505501	0.734635	-0.676197	0.055401	0.307719	0.404858	0.861045
12258	5.204241	0.474019	8.835105	0.039028	-0.014801	-0.000430	-0.604602	-0.615477	0.505614	0.734754	-0.676046	0.055661	0.307560	0.405155	0.860963
12259	5.253554	0.536522	8.822846	0.033655	-0.010444	-0.002636	-0.604596	-0.615399	0.505715	0.734834	-0.675932	0.055980	0.307379	0.405462	0.860882
12260	5.201182	0.550609	8.816355	0.018457	-0.003173	0.001797	-0.604614	-0.615353	0.505749	0.734861	-0.675890	0.056147	0.307280	0.405603	0.860851
12261	5.187193	0.496465	8.832665	0.014904	-0.002605	-0.004071	-0.604643	-0.615297	0.505783	0.734875	-0.675861	0.056312	0.307190	0.405736	0.860821
12262	5.165359	0.510534	8.855426	0.015566	-0.008815	-0.001091	-0.604647	-0.615204	0.505892	0.734867	-0.675861	0.056421	0.307202	0.405878	0.860750
12263	5.150702	0.492925	8.850993	0.011188	0.001852	-0.000452	-0.604663	-0.615190	0.505889	0.734891	-0.675825	0.056535	0.307113	0.405958	0.860744
12264	5.166710	0.476355	8.875669	0.027909	-0.008462	0.012170	-0.604623	-0.615204	0.505919	0.735027	-0.675652	0.056828	0.306865	0.406224	0.860707
12265	5.151985	0.496530	8.850045	0.034825	-0.011949	0.011085	-0.604513	-0.615212	0.506042	0.735193	-0.675450	0.057088	0.306684	0.406549	0.860618
12266	5.198685	0.518440	8.882573	0.029013	-0.011132	0.012016	-0.604389	-0.615229	0.506169	0.735325	-0.675295	0.057218	0.306611	0.406781	0.860534
12267	5.168773	0.519347	8.852921	0.021377	-0.004565	0.006424	-0.604336	-0.615235	0.506225	0.735422	-0.675175	0.057386	0.306485	0.406970	0.860490
12268	5.169544	0.401889	8.814737	0.011777	-0.002412	0.007273	-0.604285	-0.615267	0.506247	0.735474	-0.675118	0.057398	0.306461	0.407016	0.860477
12269	5.210566	0.492974	8.830338	0.005596	-0.000052	0.004861	-0.604257	-0.615282	0.506263	0.735512	-0.675072	0.057438	0.306423	0.407070	0.860464
12270	5.162386	0.433934	8.841883	-0.000652	-0.000821	-0.001245	-0.604296	-0.615205	0.506310	0.735436	-0.675160	0.057394	0.306531	0.407041	0.860439
12271	5.169291	0.520802	8.852533	-0.002114	0.001435	0.005749	-0.604265	-0.615231	0.506315	0.735456	-0.675140	0.057362	0.306542	0.407034	0.860439
12272	5.183976	0.539087	8.856889	-0.006117	0.005489	0.001282	-0.604230	-0.615302	0.506271	0.735454	-0.675156	0.057200	0.306617	0.406901	0.860476
12273	5.160520	0.587573	8.859527	-0.011571	0.004770	0.005550	-0.604211	-0.615340	0.506246	0.735444	-0.675176	0.057088	0.306677	0.406809	0.860497
12274	5.204429	0.560642	8.813807	-0.019432	0.012105	0.005746	-0.604153	-0.615533	0.506082	0.735466	-0.675177	0.056790	0.306738	0.406516	0.860614
12275	5.167297	0.478575	8.875208	-0.023653	0.016925	0.007070	-0.604160	-0.615631	0.505953	0.735429	-0.675237	0.056566	0.306814	0.406268	0.860704
12276	5.180733	0.413275	8.821467	-0.020302	0.012049	0.010293	-0.604171	-0.615653	0.505914	0.735347	-0.675346	0.056327	0.306989	0.406053	0.860743
12277	5.097086	0.467182	8.866579	-0.015498	0.011949	0.004782	-0.604180	-0.615716	0.505827	0.735320	-0.675387	0.056185	0.307035	0.405891	0.860803
12278	5.171219	0.559621	8.888019	-0.014838	0.005740	0.007764	-0.604146	-0.615749	0.505826	0.735272	-0.675460	0.055944	0.307218	0.405718	0.860819
12279	5.159260	0.422986	8.822274	-0.022107	0.010769	0.005512	-0.604146	-0.615812	0.505750	0.735229	-0.675523	0.055741	0.307320	0.405518	0.860877
12280	5.162754	0.468350	8.878396	-0.021012	0.008101	0.005354	-0.604138	-0.615822	0.505747	0.735137	-0.675647	0.055454	0.307557	0.405295	0.860898
12281	5.165483	0.468886	8.854830	-0.021807	0.006100	0.005156	-0.604126	-0.615863	0.505711	0.735093	-0.675711	0.055255	0.307685	0.405126	0.860931
12282	5.184683	0.414686	8.876846	-0.018026	0.004765	0.005236	-0.604070	-0.616030	0.505575	0.735130	-0.675689	0.055036	0.307707	0.404909	0.861026
12283	5.183033	0.486843	8.835642	-0.009815	0.002916	0.006640	-0.604038	-0.616069	0.505567	0.735132	-0.675695	0.054933	0.307766	0.404840	0.861037
12284	5.186924	0.451629	8.832462	-0.006182	0.000400	0.007765	-0.603962	-0.616250	0.505436	0.735231	-0.675594	0.054838	0.307676	0.404732	0.861120
12285	5.167760	0.466144	8.831705	-0.002044	0.004552	0.009450	-0.603914	-0.616314	0.505415	0.735274	-0.675552	0.054787	0.307668	0.404705	0.861135
12286	5.179161	0.481418	8.860134	-0.004876	0.002038	0.010257	-0.603838	-0.616454	0.505336	0.735345	-0.675485	0.054665	0.307649	0.404605	0.861189
12287	5.126506	0.455745	8.875082	0.000789	0.007065	0.008644	-0.603804	-0.616523	0.505293	0.735392	-0.675436	0.054643	0.307604	0.404582	0.861216
12288	5.178265	0.479939	8.860738	-0.007203	0.006191	0.011625	-0.603718	-0.616625	0.505270	0.735409	-0.675436	0.054405	0.307730	0.404426	0.861245
12289	5.065340	0.497119	8.897007	-0.004222	0.002856	0.011504	-0.603650	-0.616697	0.505265	0.735458	-0.675389	0.054325	0.307748	0.404394	0.861253
12290	5.095993	0.496612	8.926211	-0.009887	-0.002171	0.013117	-0.603554	-0.616786	0.505270	0.735497	-0.675361	0.054146	0.307843	0.404305	0.861261
12291	5.017633	0.435127	8.908188	-0.009377	-0.009564	0.017141	-0.603406	-0.616845	0.505375	0.735563	-0.675301	0.053993	0.307974	0.404315	0.861209
12292	4.991407	0.485443	9.058099	-0.008207	-0.028233	0.015697	-0.603252	-0.616851	0.505552	0.735623	-0.675245	0.053883	0.308133	0.404401	0.861112
12293	4.972414	0.532789	9.058481	-0.015527	-0.056411	0.026854	-0.602888	-0.616786	0.506064	0.735729	-0.675149	0.053628	0.308592	0.404658	0.860827
12294	5.071136	0.681961	9.035900	-0.022108	-0.071657	0.031058	-0.602468	-0.616678	0.506695	0.735811	-0.675088	0.053268	0.309215	0.404924	0.860478
12295	4.923127	0.610693	9.176930	-0.033467	-0.079780	0.039056	-0.601941	-0.616601	0.507415	0.735935	-0.674991	0.052796	0.309946	0.405205	0.860083
12296	4.542092	0.409334	9.467386	-0.028460	-0.159203	0.047867	-0.601007	-0.616461	0.508690	0.736237	-0.674708	0.052198	0.311040	0.405888	0.859366
12297	4.964838	0.387610	9.214354	-0.023662	-0.200803	0.058598	-0.599957	-0.616023	0.510458	0.736507	-0.674450	0.051710	0.312424	0.406980	0.858347
12298	4.792967	0.265113	9.287928	-0.015380	-0.259435	0.065873	-0.598585	-0.615441	0.512765	0.736862	-0.674110	0.051094	0.314215	0.408421	0.857007
12299	4.649948	0.445002	9.495133	-0.032733	-0.359556	0.073381	-0.596917	-0.614446	0.515893	0.737190	-0.673800	0.050450	0.316610	0.410426	0.855166
12300	4.564908	0.641517	9.731566	-0.060393	-0.468329	0.091471	-0.594757	-0.613107	0.519965	0.737496	-0.673544	0.049381	0.319943	0.412842	0.852759
12301	4.706634	0.616400	9.568588	-0.128366	-0.598607	0.127269	-0.591897	-0.611467	0.525135	0.737830	-0.673304	0.047637	0.324446	0.415656	0.849685
12302	4.858061	0.899221	9.731687	-0.143970	-0.725245	0.187738	-0.588003	-0.609911	0.531283	0.738558	-0.672674	0.045179	0.329825	0.418949	0.845989
12303	5.000838	1.527415	10.125608	-0.262762	-0.852923	0.248678	-0.583329	-0.607978	0.538599	0.739132	-0.672272	0.041645	0.336766	0.422389	0.841532
12304	4.879643	0.913439	9.993232	-0.327286	-0.998588	0.292561	-0.577730	-0.605740	0.547089	0.739689	-0.671922	0.037162	0.345091	0.426146	0.836249
12305	5.293579	1.418458	9.914940	-0.374898	-1.153193	0.359095	-0.571045	-0.603195	0.556834	0.740433	-0.671364	0.032069	0.354494	0.430611	0.830005
12306	5.624638	1.826539	9.857545	-0.493120	-1.278380	0.437088	-0.563180	-0.600593	0.567554	0.741083	-0.670933	0.025381	0.365547	0.434899	0.822945
12307	5.645053	1.515395	10.000436	-0.603680	-1.385569	0.561028	-0.553875	-0.598282	0.579034	0.741966	-0.670216	0.017233	0.377768	0.439169	0.815121
12308	5.851986	1.124909	9.665626	-0.647813	-1.539703	0.676650	-0.542949	-0.595975	0.591625	0.743104	-0.669129	0.007916	0.391156	0.443937	0.806174
12309	6.477451	2.164308	10.081125	-0.692858	-1.656748	0.777250	-0.530576	-0.593754	0.604934	0.744511	-0.667607	-0.002273	0.405208	0.449174	0.796272
12310	6.453474	2.184993	10.333597	-1.062481	-1.651208	0.885288	-0.517163	-0.592113	0.618017	0.744642	-0.667268	-0.016175	0.421961	0.451836	0.785998
12311	6.289074	0.595889	8.870842	-1.080956	-1.772936	0.978263	-0.502248	-0.590579	0.631636	0.744969	-0.666392	-0.030711	0.439055	0.455125	0.774656
12312	6.956000	1.700579	9.745801	-1.044849	-1.815325	1.025804	-0.486320	-0.589067	0.645362	0.745227	-0.665247	-0.045643	0.456212	0.458744	0.762512
12313	7.432174	2.166326	9.850448	-1.206049	-1.771523	1.100878	-0.469883	-0.588220	0.658185	0.744877	-0.664321	-0.061930	0.473675	0.461167	0.750305
12314	6.894556	0.799225	8.922130	-1.372934	-1.720445	1.151857	-0.452798	-0.587827	0.670398	0.743353	-0.664073	-0.080208	0.492342	0.462025	0.737654
12315	6.323327	0.735540	8.710230	-1.321682	-1.732454	1.194045	-0.435249	-0.587716	0.682018	0.742026	-0.663178	-0.097936	0.509859	0.463449	0.724748
12316	5.628742	0.519902	8.365663	-1.283463	-1.690068	1.222056	-0.417435	-0.587752	0.693033	0.740347	-0.662199	-0.115668	0.526910	0.464802	0.711566
12317	4.453075	0.690880	8.580524	-1.181471	-1.571781	1.184634	-0.400272	-0.588252	0.702668	0.738870	-0.660741	-0.132258	0.542083	0.466241	0.699118
12318	2.681554	2.042405	9.911744	-0.992599	-1.334235	0.927707	-0.385927	-0.588130	0.710749	0.736883	-0.660052	-0.146062	0.555035	0.467370	0.688115
12319	2.469762	5.409340	10.645820	-0.918935	-1.047692	0.109840	-0.379247	-0.583941	0.717764	0.732148	-0.663712	-0.153120	0.565801	0.467439	0.679242
12320	5.021037	5.126242	11.838294	-0.625170	-0.410708	-0.964051	-0.383833	-0.575507	0.722124	0.724708	-0.672384	-0.150660	0.572250	0.465501	0.675158
12321	1.380188	5.043863	10.962263	-0.500730	0.233973	-1.653894	-0.397081	-0.565354	0.722981	0.715372	-0.684146	-0.142084	0.574952	0.460782	0.676099
12322	-0.730000	4.030072	10.068494	-0.495939	0.507630	-2.004120	-0.414319	-0.553695	0.722331	0.704213	-0.697805	-0.130968	0.576563	0.454412	0.679033
12323	-0.450209	2.296433	9.933390	-0.479622	0.645938	-2.130428	-0.432919	-0.541574	0.720610	0.692413	-0.711644	-0.118856	0.577187	0.447505	0.683077
12324	0.447649	0.886553	10.441373	-0.373852	0.886247	-2.120971	-0.452820	-0.530187	0.716837	0.680771	-0.724782	-0.106027	0.575765	0.439991	0.689132
12325	0.904622	0.068061	10.709696	-0.239574	1.193537	-1.987823	-0.473093	-0.520849	0.710563	0.670185	-0.736282	-0.093492	0.571870	0.431978	0.697395
12326	1.180198	-0.609335	10.708188	-0.100835	1.502843	-1.749549	-0.493540	-0.514264	0.701392	0.661068	-0.745864	-0.081706	0.565162	0.423343	0.708077
12327	1.548439	-0.996210	10.581794	0.061749	1.780447	-1.448808	-0.513044	-0.510846	0.689799	0.654114	-0.753040	-0.071178	0.555807	0.414689	0.720494
12328	1.954379	-0.956438	10.357580	0.222322	2.022466	-1.145720	-0.531886	-0.510510	0.675630	0.649299	-0.758033	-0.061618	0.543607	0.405913	0.734661
12329	1.943482	-0.537211	9.879667	0.357034	2.184653	-0.861818	-0.549190	-0.512720	0.659931	0.646547	-0.761017	-0.053205	0.529497	0.397456	0.749440
12330	2.481971	0.130162	9.750754	0.444933	2.233318	-0.626909	-0.565159	-0.516758	0.643083	0.645313	-0.762554	-0.045643	0.513972	0.389194	0.764435
12331	3.800659	1.016044	10.136701	0.478105	2.254108	-0.476757	-0.579639	-0.521784	0.625907	0.644993	-0.763197	-0.038920	0.497998	0.381146	0.778926
12332	5.102533	1.483877	10.516367	0.450940	2.293773	-0.440277	-0.593971	-0.527100	0.607753	0.644556	-0.763864	-0.032553	0.481399	0.372395	0.793458
12333	6.066546	1.609962	10.609161	0.444442	2.336143	-0.512049	-0.608318	-0.531761	0.589219	0.643570	-0.764948	-0.025924	0.464507	0.363433	0.807558
12334	6.491564	1.822788	10.472381	0.456985	2.336718	-0.650097	-0.623403	-0.535194	0.570031	0.641583	-0.766835	-0.018316	0.446923	0.354304	0.821419
12335	6.747616	1.954826	10.171511	0.455626	2.268330	-0.807012	-0.638512	-0.536914	0.551385	0.638477	-0.769576	-0.010012	0.429708	0.345654	0.834191
12336	6.921047	1.850956	9.936271	0.473605	2.131347	-0.968874	-0.653897	-0.536739	0.533226	0.634144	-0.773215	-0.000654	0.412649	0.337714	0.845973
12337	7.711419	1.346757	9.963170	0.537532	1.969815	-1.131679	-0.669013	-0.534534	0.516425	0.628821	-0.777488	0.009867	0.396240	0.331340	0.856276
12338	8.887794	1.161935	10.204014	0.621735	1.855935	-1.280429	-0.684447	-0.530658	0.499935	0.622500	-0.782315	0.021856	0.379509	0.326169	0.865787
12339	9.760782	1.372047	10.201279	0.641470	1.833620	-1.380174	-0.699798	-0.525743	0.483609	0.615316	-0.787537	0.034232	0.362863	0.321527	0.874615
12340	9.983293	1.430580	10.073222	0.558271	1.859467	-1.381835	-0.715035	-0.520750	0.466416	0.607451	-0.793034	0.045831	0.346017	0.316096	0.883377
12341	9.624940	0.753731	9.649058	0.460938	1.857391	-1.334793	-0.729370	-0.515925	0.449268	0.599356	-0.798519	0.056039	0.329837	0.310144	0.891638
12342	10.045434	-0.310828	9.448321	0.437275	1.833292	-1.256740	-0.742919	-0.511481	0.431809	0.591445	-0.803671	0.065617	0.313470	0.304139	0.899575
12343	10.851656	-2.061216	9.242386	0.488964	1.878904	-1.180070	-0.755590	-0.507612	0.414021	0.584082	-0.808220	0.075030	0.296534	0.298514	0.907170
12344	10.899804	-4.474907	8.681085	0.679012	2.007494	-1.052753	-0.767604	-0.505019	0.394640	0.577946	-0.811575	0.085579	0.277061	0.293771	0.914842
12345	10.182158	-5.356862	8.425241	0.947808	2.061304	-0.747410	-0.777407	-0.504958	0.375042	0.574683	-0.812587	0.097164	0.255690	0.291066	0.921902
12346	8.872457	-2.121128	7.950108	0.432087	1.418537	-0.161701	-0.781979	-0.507727	0.361556	0.574426	-0.812199	0.101820	0.241958	0.287308	0.926774
12347	9.164541	-4.280210	3.780544	0.521198	1.399872	0.389574	-0.783027	-0.514867	0.348970	0.578686	-0.808726	0.105282	0.228015	0.284383	0.931201
12348	11.390610	-4.574573	2.570713	0.231256	1.277151	0.835072	-0.781097	-0.525178	0.337752	0.585663	-0.803775	0.104616	0.216534	0.279524	0.935403
12349	10.721283	-3.668326	2.346063	0.256113	0.990825	1.020710	-0.777181	-0.536086	0.329547	0.594145	-0.797657	0.103613	0.207320	0.276324	0.938437
12350	10.024660	-3.105136	1.075872	0.306041	0.539729	0.962803	-0.772591	-0.545203	0.325357	0.602174	-0.791646	0.103353	0.201219	0.275771	0.939926
12351	11.026525	-1.305724	0.169420	0.094824	0.046906	0.784437	-0.767944	-0.551506	0.325736	0.608393	-0.787093	0.101694	0.200300	0.276271	0.939976
12352	12.032648	0.410175	-0.481673	-0.513628	-0.400201	0.520877	-0.763994	-0.554478	0.329951	0.611300	-0.785656	0.095169	0.206459	0.274407	0.939189
12353	11.654413	-1.287797	-1.428261	-1.201717	-0.864479	0.191345	-0.760987	-0.553612	0.338249	0.610180	-0.787876	0.083257	0.220406	0.269750	0.937366
12354	1.974054	-5.419967	7.281671	-1.120450	-1.151258	-0.230021	-0.759766	-0.548686	0.348854	0.605862	-0.792161	0.073572	0.235981	0.267255	0.934285
12355	4.648912	0.763042	11.446281	-0.878128	-1.475961	-0.622831	-0.759919	-0.539763	0.362187	0.598971	-0.797912	0.067605	0.252502	0.268314	0.929651
12356	1.333506	3.484602	11.172183	-0.878819	-1.264091	-0.486543	-0.759542	-0.532458	0.373609	0.592969	-0.802894	0.061234	0.267364	0.268048	0.925563
12357	1.739154	1.306394	8.523474	-1.062735	-1.228345	-0.021181	-0.756293	-0.528989	0.384958	0.589870	-0.805854	0.051503	0.282975	0.266026	0.921496
12358	3.517519	-2.925187	8.885815	-0.914599	-1.484930	0.175455	-0.750948	-0.526431	0.398682	0.588507	-0.807379	0.042413	0.299559	0.266477	0.916108
12359	6.028745	-3.699651	10.822850	-0.640875	-1.500298	0.128170	-0.745592	-0.523429	0.412449	0.587484	-0.808432	0.036045	0.314570	0.269182	0.910267
12360	5.575568	-3.786931	10.686707	-0.281613	-1.441410	-0.003072	-0.741002	-0.519466	0.425525	0.586527	-0.809237	0.033480	0.326959	0.274391	0.904327
12361	5.088524	-3.482458	10.096932	0.127723	-1.521141	-0.175293	-0.736979	-0.513786	0.439187	0.585642	-0.809796	0.035394	0.337467	0.283291	0.897698
12362	8.296361	-3.079022	10.938884	0.552617	-1.615600	-0.400646	-0.733816	-0.505839	0.453476	0.584543	-0.810271	0.042074	0.346156	0.295951	0.890275
12363	11.868637	0.974622	12.562918	0.587555	-1.282285	-0.324392	-0.731238	-0.499325	0.464721	0.584204	-0.810139	0.048782	0.352131	0.307163	0.884113
12364	7.470395	0.934974	9.789650	0.140379	-0.699788	-0.185082	-0.729842	-0.495637	0.470823	0.583310	-0.810658	0.050830	0.356483	0.311734	0.880762
12365	4.728520	1.581716	8.770475	0.140321	-0.736924	-0.126416	-0.727938	-0.492278	0.477251	0.582878	-0.810851	0.052668	0.361052	0.316518	0.877187
12366	6.243555	1.437661	9.536794	0.106569	-0.753486	-0.096414	-0.725759	-0.489072	0.483820	0.582530	-0.811012	0.054014	0.365967	0.321041	0.873499
12367	6.061470	0.507059	9.238212	0.033845	-0.613025	-0.063521	-0.723876	-0.486559	0.489147	0.582181	-0.811222	0.054624	0.370229	0.324313	0.870489
12368	7.611810	0.677333	9.816346	0.046232	-0.547411	-0.022595	-0.721965	-0.484570	0.493922	0.582158	-0.811207	0.055091	0.373977	0.327314	0.867759
12369	6.948499	0.358528	9.161333	-0.071020	-0.044011	-0.020982	-0.721925	-0.484236	0.494307	0.581727	-0.811551	0.054584	0.374724	0.326957	0.867572
12370	5.555756	-0.266773	9.329667	0.065769	-0.180370	-0.040113	-0.721471	-0.483297	0.495887	0.581655	-0.811553	0.055307	0.375709	0.328338	0.866624
12371	4.991909	-0.018194	8.813749	0.012207	-0.062020	-0.048295	-0.721522	-0.482681	0.496413	0.581339	-0.811756	0.055658	0.376101	0.328743	0.866301
12372	5.289606	0.350867	9.079141	0.046850	-0.092657	-0.045884	-0.721429	-0.481981	0.497227	0.581154	-0.811848	0.056243	0.376565	0.329541	0.865795
12373	5.070743	0.411433	8.835318	0.058914	-0.098933	-0.047539	-0.721335	-0.481249	0.498072	0.581019	-0.811892	0.056995	0.376952	0.330501	0.865261
12374	5.054785	0.473138	8.890448	0.066895	-0.103869	-0.051355	-0.721231	-0.480465	0.498978	0.580870	-0.811943	0.057779	0.377381	0.331514	0.864686
12375	5.047967	0.505114	8.837733	0.076248	-0.119244	-0.055367	-0.721105	-0.479599	0.499992	0.580745	-0.811965	0.058721	0.377814	0.332711	0.864037
12376	5.180461	0.583316	8.859475	0.086301	-0.131340	-0.060055	-0.720947	-0.478651	0.501128	0.580607	-0.811991	0.059717	0.378328	0.334010	0.863311
12377	5.207647	0.625356	8.811103	0.077269	-0.122682	-0.056846	-0.720815	-0.477759	0.502167	0.580475	-0.812014	0.060674	0.378779	0.335230	0.862639
12378	5.250821	0.644133	8.809698	0.078493	-0.118578	-0.056267	-0.720682	-0.476881	0.503192	0.580336	-0.812045	0.061585	0.379246	0.336403	0.861977
12379	5.271427	0.876774	8.805996	0.066528	-0.108489	-0.049571	-0.720561	-0.476093	0.504111	0.580217	-0.812067	0.062413	0.379657	0.337466	0.861381
12380	5.259116	0.693187	8.804136	0.047713	-0.093197	-0.043473	-0.720448	-0.475402	0.504924	0.580055	-0.812138	0.062996	0.380119	0.338268	0.860862
12381	5.255866	0.623534	8.881523	0.025028	-0.082024	-0.041339	-0.720379	-0.474768	0.505618	0.579838	-0.812259	0.063425	0.380581	0.338867	0.860423
12382	5.273140	0.540163	8.959088	0.002509	-0.068410	-0.041135	-0.720346	-0.474179	0.506218	0.579521	-0.812471	0.063608	0.381126	0.339184	0.860057
12383	5.262671	0.516628	8.872774	-0.018613	-0.065239	-0.041097	-0.720338	-0.473603	0.506768	0.579140	-0.812738	0.063662	0.381719	0.339347	0.859729
12384	5.281432	0.591025	8.887671	-0.014274	-0.069389	-0.034804	-0.720264	-0.473061	0.507379	0.578805	-0.812977	0.063668	0.382368	0.339531	0.859368
12385	5.268761	0.561116	8.825016	-0.016409	-0.067324	-0.037938	-0.720228	-0.472504	0.507948	0.578454	-0.813222	0.063725	0.382964	0.339721	0.859027
12386	5.273997	0.716723	8.782118	-0.017788	-0.066008	-0.036665	-0.720177	-0.471958	0.508528	0.578091	-0.813481	0.063712	0.383609	0.339860	0.858685
12387	5.337908	0.724778	8.736037	-0.032741	-0.058350	-0.031442	-0.720137	-0.471483	0.509024	0.577725	-0.813750	0.063596	0.384234	0.339874	0.858400
12388	5.280128	0.656396	8.787560	-0.031990	-0.049984	-0.028124	-0.720097	-0.471061	0.509472	0.577369	-0.814016	0.063419	0.384845	0.339821	0.858147
12389	5.239234	0.672810	8.810392	-0.028320	-0.048299	-0.022239	-0.720042	-0.470696	0.509888	0.577086	-0.814227	0.063294	0.385372	0.339824	0.857909
12390	5.372419	0.710082	8.727513	-0.009851	-0.056713	-0.019654	-0.719926	-0.470319	0.510399	0.576876	-0.814378	0.063265	0.385903	0.339983	0.857608
12391	5.281700	0.634124	8.773962	-0.002010	-0.046005	-0.013694	-0.719830	-0.470031	0.510799	0.576756	-0.814459	0.063323	0.386261	0.340188	0.857365
12392	5.277615	0.672771	8.754601	0.002849	-0.042819	-0.013219	-0.719730	-0.469754	0.511195	0.576641	-0.814536	0.063370	0.386618	0.340386	0.857125
12393	5.238345	0.589095	8.829613	-0.001739	-0.038483	-0.011613	-0.719651	-0.469508	0.511533	0.576537	-0.814606	0.063420	0.386921	0.340558	0.856920
12394	5.238110	0.638761	8.763100	0.002863	-0.042822	-0.013215	-0.719550	-0.469230	0.511928	0.576423	-0.814683	0.063468	0.387278	0.340756	0.856680
12395	5.266765	0.686617	8.748859	0.001382	-0.042726	-0.010977	-0.719451	-0.468975	0.512302	0.576335	-0.814739	0.063542	0.387593	0.340973	0.856451
12396	5.287564	0.664466	8.793265	-0.000869	-0.038017	-0.008168	-0.719340	-0.468755	0.512659	0.576243	-0.814805	0.063533	0.387936	0.341118	0.856238
12397	5.281257	0.649732	8.761835	-0.000995	-0.033976	-0.013269	-0.719287	-0.468510	0.512956	0.576129	-0.814881	0.063597	0.388202	0.341274	0.856056
12398	5.293154	0.664963	8.789863	-0.014784	-0.024827	-0.013419	-0.719257	-0.468292	0.513197	0.575946	-0.815018	0.063497	0.388530	0.341244	0.855919
12399	5.186743	0.668764	8.780312	-0.022768	-0.030269	-0.007476	-0.719185	-0.468107	0.513466	0.575789	-0.815141	0.063345	0.388895	0.341205	0.855768
12400	5.310245	0.635060	8.756648	-0.034075	-0.032515	-0.011268	-0.719114	-0.467881	0.513774	0.575546	-0.815334	0.063070	0.389388	0.341054	0.855604
12401	5.295434	0.547518	8.784485	-0.038639	-0.017830	-0.011714	-0.719114	-0.467704	0.513934	0.575296	-0.815530	0.062804	0.389755	0.340828	0.855528
12402	5.335522	0.618029	8.753834	-0.042069	-0.022345	-0.013447	-0.719094	-0.467494	0.514153	0.575006	-0.815761	0.062472	0.390220	0.340564	0.855421
12403	5.267523	0.538104	8.754401	-0.043744	-0.009077	-0.017395	-0.719161	-0.467301	0.514234	0.574695	-0.816001	0.062192	0.390553	0.340254	0.855392
12404	5.274412	0.491923	8.794614	-0.039137	-0.013413	-0.019008	-0.719208	-0.467076	0.514373	0.574376	-0.816247	0.061913	0.390938	0.339972	0.855329
12405	5.242170	0.528272	8.825352	-0.027986	-0.017473	-0.018264	-0.719247	-0.466847	0.514526	0.574120	-0.816437	0.061773	0.391240	0.339830	0.855247
12406	5.256146	0.500767	8.793766	-0.016825	-0.029244	-0.027477	-0.719281	-0.466499	0.514795	0.573826	-0.816647	0.061728	0.391610	0.339803	0.855088
12407	5.262129	0.560083	8.781179	-0.001849	-0.033021	-0.027778	-0.719314	-0.466139	0.515075	0.573605	-0.816793	0.061860	0.391874	0.339947	0.854910
12408	5.273127	0.523700	8.796193	0.002759	-0.037355	-0.029394	-0.719326	-0.465747	0.515411	0.573373	-0.816946	0.061993	0.392190	0.340116	0.854698
12409	5.314248	0.646778	8.800558	0.011337	-0.045457	-0.026956	-0.719305	-0.465352	0.515798	0.573209	-0.817042	0.062234	0.392468	0.340425	0.854447
12410	5.267422	0.662714	8.746865	0.010102	-0.041694	-0.027611	-0.719291	-0.464960	0.516172	0.573019	-0.817161	0.062421	0.392773	0.340675	0.854207
12411	5.221765	0.718583	8.853777	0.004654	-0.048191	-0.027369	-0.719261	-0.464551	0.516581	0.572826	-0.817283	0.062607	0.393109	0.340942	0.853946
12412	5.233200	0.790041	8.792727	0.000141	-0.052996	-0.024657	-0.719185	-0.464145	0.517053	0.572618	-0.817422	0.062694	0.393551	0.341162	0.853654
12413	5.288017	0.629153	8.755891	-0.013107	-0.052154	-0.022441	-0.719110	-0.463762	0.517499	0.572390	-0.817580	0.062703	0.394017	0.341302	0.853383
12414	5.345511	0.574450	8.744337	0.000632	-0.052154	-0.023419	-0.719030	-0.463368	0.517963	0.572193	-0.817712	0.062789	0.394450	0.341522	0.853095
12415	5.341689	0.614074	8.724701	0.011480	-0.050742	-0.020886	-0.718952	-0.463004	0.518398	0.572074	-0.817779	0.063000	0.394765	0.341856	0.852816
12416	5.311129	0.601305	8.740851	0.012422	-0.049051	-0.018416	-0.718855	-0.462661	0.518838	0.571960	-0.817846	0.063162	0.395107	0.342158	0.852536
12417	5.340041	0.650982	8.726040	0.021874	-0.050179	-0.019588	-0.718771	-0.462308	0.519268	0.571891	-0.817872	0.063454	0.395359	0.342574	0.852252
12418	5.329252	0.622017	8.764752	0.023685	-0.051877	-0.018659	-0.718664	-0.461953	0.519732	0.571819	-0.817902	0.063714	0.395657	0.342981	0.851950
12419	5.326454	0.567754	8.672368	0.020342	-0.051317	-0.016371	-0.718557	-0.461622	0.520174	0.571767	-0.817918	0.063977	0.395926	0.343389	0.851661
12420	5.379300	0.646312	8.816559	0.017506	-0.064131	-0.015759	-0.718385	-0.461248	0.520743	0.571692	-0.817955	0.064168	0.396347	0.343802	0.851299
12421	5.264781	0.633233	8.799782	0.038605	-0.068453	-0.014998	-0.718202	-0.460869	0.521331	0.571723	-0.817901	0.064579	0.396634	0.344438	0.850908
12422	5.292980	0.578034	8.758424	0.028119	-0.075348	-0.019301	-0.718005	-0.460427	0.521992	0.571664	-0.817918	0.064880	0.397074	0.344989	0.850479
12423	5.330450	0.436747	8.697395	0.017708	-0.081021	-0.024567	-0.717826	-0.459925	0.522680	0.571544	-0.817980	0.065163	0.397571	0.345511	0.850035
12424	5.359450	0.624186	8.812867	0.028023	-0.093263	-0.019282	-0.717558	-0.459420	0.523492	0.571485	-0.817997	0.065463	0.398140	0.346141	0.849512
12425	5.280417	0.782133	8.736146	0.047749	-0.111722	-0.019189	-0.717225	-0.458855	0.524443	0.571523	-0.817930	0.065973	0.398686	0.347049	0.848886
12426	5.218302	0.846834	8.864436	0.040233	-0.111086	-0.018017	-0.716877	-0.458297	0.525406	0.571522	-0.817898	0.066370	0.399311	0.347860	0.848259
12427	5.402023	0.568501	8.703871	0.024821	-0.123658	-0.020766	-0.716504	-0.457675	0.526455	0.571458	-0.817917	0.066694	0.400072	0.348634	0.847583
12428	5.380050	0.657822	8.764393	0.037090	-0.144095	-0.007510	-0.715963	-0.457086	0.527702	0.571520	-0.817847	0.067010	0.400950	0.349569	0.846782
12429	5.239241	0.516875	8.862673	0.032454	-0.161574	-0.010774	-0.715378	-0.456411	0.529077	0.571559	-0.817793	0.067346	0.401938	0.350576	0.845897
12430	5.269781	0.600259	8.847133	0.045753	-0.204770	-0.005896	-0.714582	-0.455619	0.530834	0.571668	-0.817685	0.067725	0.403198	0.351856	0.844765
12431	5.150457	0.801694	8.921746	0.067022	-0.247591	0.006928	-0.713544	-0.454781	0.532943	0.571974	-0.817427	0.068259	0.404600	0.353535	0.843393
12432	5.235858	0.618780	8.842655	0.072109	-0.282918	0.019545	-0.712280	-0.453913	0.535369	0.572372	-0.817109	0.068724	0.406260	0.355381	0.841818
12433	5.274267	0.597699	8.795575	0.083045	-0.326235	0.021160	-0.710833	-0.452902	0.538142	0.572846	-0.816727	0.069313	0.408123	0.357542	0.840000
12434	5.248245	0.548460	8.785307	0.109846	-0.382902	0.025703	-0.709114	-0.451713	0.541398	0.573443	-0.816244	0.070057	0.410268	0.360140	0.837842
12435	5.113110	0.787287	8.906759	0.130900	-0.448037	0.038298	-0.707053	-0.450384	0.545188	0.574238	-0.815608	0.070949	0.412706	0.363232	0.835306
12436	5.095800	0.938010	8.909747	0.142047	-0.526695	0.053957	-0.704559	-0.448877	0.549642	0.575172	-0.814875	0.071799	0.415661	0.366726	0.832309
12437	4.981178	1.028029	9.041304	0.138850	-0.605521	0.083345	-0.701554	-0.447302	0.554746	0.576323	-0.814000	0.072497	0.419135	0.370574	0.828855
12438	4.941800	1.044035	9.080908	0.109829	-0.711249	0.102331	-0.697966	-0.445460	0.560722	0.577465	-0.813163	0.072798	0.423530	0.374608	0.824798
12439	5.125507	1.148258	9.067445	0.068848	-0.817932	0.127421	-0.693745	-0.443393	0.567556	0.578631	-0.812347	0.072650	0.428840	0.378806	0.820123
12440	5.089201	0.973766	9.056978	0.009404	-0.932275	0.153648	-0.688829	-0.441066	0.575304	0.579696	-0.811662	0.071814	0.435278	0.382969	0.814781
12441	5.226416	0.750343	9.208458	-0.010451	-1.067311	0.172956	-0.683142	-0.438336	0.584105	0.580822	-0.810952	0.070732	0.442676	0.387581	0.808591
12442	5.201649	0.525538	9.026029	-0.045362	-1.240777	0.189202	-0.676500	-0.435007	0.594236	0.581866	-0.810333	0.069218	0.451419	0.392592	0.801307
12443	5.318440	0.738888	9.633808	-0.116170	-1.400109	0.202476	-0.668932	-0.431093	0.605549	0.582684	-0.809926	0.067083	0.461531	0.397717	0.792976
12444	5.160258	0.911527	9.606856	-0.153745	-1.625706	0.226738	-0.660020	-0.426396	0.618515	0.583429	-0.809603	0.064450	0.473270	0.403397	0.783126
12445	5.259596	1.200196	9.867403	-0.191992	-1.890961	0.294685	-0.649223	-0.421070	0.633412	0.584422	-0.809145	0.061119	0.486787	0.409859	0.771398
12446	4.875305	1.710827	10.381250	-0.353117	-2.161090	0.408811	-0.636154	-0.415434	0.650171	0.585256	-0.808929	0.055763	0.502777	0.415990	0.757739
12447	4.664633	1.139170	9.536727	-0.330255	-2.527970	0.498846	-0.620295	-0.408832	0.669396	0.586685	-0.808270	0.050003	0.520610	0.423742	0.741221
12448	4.795492	1.973431	10.852001	-0.270196	-2.766210	0.593803	-0.602171	-0.401767	0.689908	0.588834	-0.807058	0.043962	0.539133	0.432714	0.722561
12449	5.746613	1.648564	10.179463	-0.269793	-3.022175	0.722071	-0.581320	-0.394339	0.711733	0.591612	-0.805374	0.036988	0.558626	0.442572	0.701475
12450	6.349220	1.846648	10.025202	-0.547021	-3.239178	0.900386	-0.557574	-0.387108	0.734343	0.593572	-0.804339	0.026683	0.580331	0.450763	0.678254
12451	7.192184	1.353555	9.643203	-0.663766	-3.541662	1.025728	-0.530508	-0.379219	0.758125	0.595210	-0.803437	0.014621	0.603561	0.459000	0.651945
12452	7.432556	2.427502	10.400997	-0.994636	-3.793776	1.228185	-0.499861	-0.371553	0.782360	0.595355	-0.803462	-0.001193	0.629040	0.465186	0.622825
12453	8.504022	2.272928	11.095658	-1.221283	-4.113652	1.405896	-0.465057	-0.363583	0.807174	0.594277	-0.804018	-0.019766	0.656169	0.470493	0.589983
12454	8.770104	2.590949	11.230366	-1.498313	-4.397160	1.599987	-0.426151	-0.355690	0.831793	0.591313	-0.805376	-0.041448	0.684649	0.474187	0.553537
12455	11.742817	1.358578	11.476960	-1.689342	-4.594356	1.645112	-0.384342	-0.347090	0.855459	0.586159	-0.807638	-0.064336	0.713231	0.476708	0.513859
12456	11.607875	0.576984	11.833384	-1.688972	-4.634536	1.580963	-0.341530	-0.337745	0.877089	0.579583	-0.810325	-0.086352	0.739893	0.478854	0.472502
12457	11.582641	-0.990803	11.435454	-1.483859	-4.751699	1.378441	-0.297853	-0.326064	0.897199	0.572822	-0.812893	-0.105260	0.763648	0.482583	0.428899
12458	10.824898	-0.854676	11.844461	-1.126385	-4.792258	1.169381	-0.254219	-0.312330	0.915327	0.567295	-0.814662	-0.120423	0.783294	0.488646	0.384286
12459	9.855556	-0.494041	11.841490	-0.961867	-4.797037	0.997504	-0.210601	-0.296835	0.931416	0.561989	-0.816366	-0.133099	0.799885	0.495415	0.338745
12460	8.373329	-0.385421	11.480395	-0.806901	-4.752931	0.898630	-0.167366	-0.280505	0.945148	0.557132	-0.817832	-0.144063	0.813383	0.502461	0.293156
12461	6.212867	-0.104537	11.416714	-0.714193	-4.645298	0.849997	-0.124604	-0.263936	0.956458	0.552516	-0.819140	-0.154063	0.824136	0.509262	0.247897
12462	0.443378	-0.021127	11.196855	-0.952989	-4.469691	0.988882	-0.082293	-0.249275	0.964930	0.545588	-0.821510	-0.165695	0.834003	0.512819	0.203606
12463	-9.281596	-3.968622	8.368552	-1.447014	-4.556102	1.650110	-0.035130	-0.239486	0.970264	0.534404	-0.824901	-0.184257	0.844499	0.512040	0.156961
12464	23.966828	-6.651732	10.305328	0.284940	-4.277278	2.311532	0.013136	-0.236430	0.971560	0.536996	-0.817967	-0.206313	0.843482	0.524434	0.116217
12465	18.228640	-4.765279	15.549844	0.496122	0.413383	2.380475	0.022487	-0.257951	0.965896	0.540745	-0.809481	-0.228768	0.840886	0.527448	0.121283
12466	9.686610	-1.097839	15.950297	0.967985	2.527922	2.088802	0.012391	-0.288253	0.957474	0.548427	-0.798714	-0.247555	0.836107	0.528172	0.148188
12467	-0.702524	2.419385	10.122370	0.844107	3.493046	1.952474	-0.005958	-0.322107	0.946685	0.555397	-0.788323	-0.264729	0.831564	0.524209	0.183594
12468	-7.530816	2.937528	6.857211	0.454100	3.298598	1.888849	-0.023150	-0.354260	0.934861	0.559379	-0.779620	-0.281580	0.828589	0.516422	0.216214
12469	-6.610377	2.349339	6.831708	0.159238	2.690050	1.641208	-0.036220	-0.380753	0.923967	0.561177	-0.772784	-0.296454	0.826903	0.507772	0.241660
12470	-2.120261	1.542508	8.089745	0.057927	2.395328	1.125631	-0.050068	-0.401667	0.914416	0.562084	-0.768138	-0.306636	0.825563	0.498627	0.264230
12471	2.469135	1.309456	9.481490	0.123597	2.664318	0.432980	-0.069596	-0.418117	0.905723	0.563355	-0.765765	-0.310219	0.823279	0.488654	0.288843
12472	4.330040	1.947745	9.851481	0.139722	3.252753	-0.218275	-0.097969	-0.432318	0.896384	0.564266	-0.766070	-0.307798	0.819759	0.475645	0.318994
12473	3.573572	2.249384	9.244067	-0.016548	3.761783	-0.661152	-0.132458	-0.444802	0.885780	0.563360	-0.769060	-0.301946	0.815524	0.459018	0.352452
12474	2.869843	1.084934	8.342834	-0.229367	4.043022	-0.860235	-0.170619	-0.456487	0.873218	0.560141	-0.774021	-0.295184	0.810636	0.438762	0.387760
12475	2.974088	-0.971182	7.952258	-0.285083	4.175556	-0.933153	-0.209548	-0.467089	0.859021	0.556054	-0.779564	-0.288242	0.804297	0.417262	0.423083
12476	3.859099	-2.669878	8.128234	-0.110634	4.242569	-0.958999	-0.249270	-0.476998	0.842815	0.552910	-0.784600	-0.280523	0.795082	0.396075	0.459314
12477	5.094754	-3.643975	8.470237	0.185419	4.347375	-0.908866	-0.288586	-0.486625	0.824569	0.551916	-0.788277	-0.272045	0.782372	0.376584	0.496062
12478	5.948188	-3.815108	8.709010	0.501507	4.471791	-0.778694	-0.327989	-0.497047	0.803347	0.553318	-0.790332	-0.263086	0.765678	0.358217	0.534246
12479	6.231119	-3.597879	8.711714	0.731046	4.532483	-0.606880	-0.365622	-0.508080	0.779856	0.556725	-0.790840	-0.254225	0.745907	0.341215	0.572010
12480	6.673783	-3.172733	8.634344	0.903358	4.499253	-0.452046	-0.401691	-0.519604	0.754093	0.561529	-0.790233	-0.245391	0.723415	0.324874	0.609203
12481	7.696896	-2.276963	8.828053	1.050836	4.399229	-0.374390	-0.435103	-0.530595	0.727430	0.567422	-0.788877	-0.236019	0.699083	0.310067	0.644314
12482	8.894324	-0.951872	9.064838	1.129199	4.316483	-0.447972	-0.467744	-0.540213	0.699561	0.573036	-0.787947	-0.225320	0.672938	0.295482	0.678119
12483	9.587600	0.207407	9.040097	1.138850	4.261049	-0.667023	-0.499686	-0.547224	0.671461	0.577302	-0.788304	-0.212833	0.645783	0.281286	0.709819
12484	9.350031	0.757892	8.947684	1.109878	4.152955	-0.995446	-0.532125	-0.550791	0.643018	0.579066	-0.790823	-0.198195	0.617678	0.266885	0.739761
12485	9.295530	0.673108	9.144399	1.118672	3.920804	-1.348917	-0.563613	-0.550286	0.616057	0.578410	-0.795351	-0.181268	0.589730	0.254169	0.766561
12486	11.707496	0.153552	10.331723	1.174946	3.661072	-1.671616	-0.594741	-0.546051	0.590009	0.575375	-0.801691	-0.161972	0.561450	0.243145	0.790983
12487	15.398792	-0.791539	11.344659	1.253561	3.717909	-1.907589	-0.626003	-0.539518	0.563064	0.570562	-0.809077	-0.140903	0.531582	0.233057	0.814313
12488	17.507834	-1.956295	11.319073	1.354525	4.065313	-1.945972	-0.658331	-0.532932	0.531586	0.564914	-0.816526	-0.118987	0.497466	0.221968	0.838605
12489	18.119440	-3.030846	10.241259	1.458898	4.469773	-1.755364	-0.689599	-0.528180	0.495458	0.560039	-0.822703	-0.097551	0.459139	0.210205	0.863137
12490	17.984698	-3.528446	8.688820	1.577563	4.725688	-1.339571	-0.718076	-0.526736	0.454880	0.557395	-0.826640	-0.077315	0.416746	0.198030	0.887190
12491	18.043641	-4.213162	7.108528	1.724387	4.781027	-0.849447	-0.741689	-0.528893	0.412515	0.557976	-0.827818	-0.058138	0.372237	0.187053	0.909093
12492	15.204566	-2.679506	8.233868	1.865047	4.510844	-0.517494	-0.760595	-0.532790	0.370985	0.560490	-0.827245	-0.038929	0.327636	0.178324	0.927823
12493	16.999630	3.683461	-4.443488	0.485295	1.365744	-1.624194	-0.774006	-0.521683	0.358834	0.549563	-0.834966	-0.028487	0.314476	0.175153	0.932967
12494	23.389173	-7.006417	-7.915164	-0.081914	1.222247	-0.733567	-0.781966	-0.517584	0.347326	0.543504	-0.838984	-0.026612	0.305175	0.167964	0.937367
12495	29.816658	-2.744324	-7.641327	-0.308898	0.503336	-1.276789	-0.790377	-0.507636	0.342943	0.532504	-0.846055	-0.025104	0.302892	0.162777	0.939021
12496	30.758322	-4.998109	-11.735956	-0.318907	0.059640	-1.431527	-0.798182	-0.495526	0.342578	0.520106	-0.853787	-0.023161	0.303965	0.159690	0.939204
12497	28.375734	-4.000443	-17.145690	-0.506316	-0.670843	-1.487427	-0.803762	-0.481675	0.349220	0.506609	-0.861875	-0.022766	0.311950	0.158620	0.936764
12498	15.503391	-3.739315	-12.281669	-0.208282	-1.530164	-1.401099	-0.805909	-0.467065	0.363814	0.494658	-0.868864	-0.019698	0.325305	0.164089	0.931263
12499	0.501134	-4.966049	14.641458	0.467501	-2.737596	-0.934513	-0.801338	-0.454184	0.389325	0.488691	-0.872376	-0.011849	0.345020	0.180765	0.921024
12500	10.174868	-9.820322	18.163551	0.216416	-1.860786	-0.100849	-0.795277	-0.449824	0.406439	0.488632	-0.872439	-0.009463	0.358850	0.191073	0.913629
12501	5.961511	-6.084796	11.377373	0.367607	-1.682999	-0.369918	-0.790954	-0.443265	0.421791	0.487015	-0.873382	-0.004585	0.370417	0.201792	0.906681
12502	6.709171	-3.723062	8.366175	1.167205	-1.906584	-0.761416	-0.787504	-0.432552	0.439017	0.485336	-0.874279	0.009186	0.379850	0.220305	0.898432
12503	9.204401	3.008236	11.912050	1.264033	-1.800900	-0.896413	-0.784941	-0.420550	0.454979	0.483117	-0.875213	0.024500	0.387900	0.239039	0.890165
12504	10.075819	-0.233804	11.877057	0.608249	-1.377774	-0.483209	-0.781864	-0.412916	0.467107	0.481672	-0.875764	0.032081	0.395829	0.250075	0.883619
12505	7.984481	-0.289042	10.101530	0.364865	-1.125128	-0.268148	-0.778670	-0.407685	0.476933	0.481013	-0.875951	0.036563	0.402863	0.257882	0.878179
12506	8.046432	-1.088098	11.176732	0.289536	-1.070532	-0.250750	-0.775507	-0.402658	0.486266	0.480203	-0.876233	0.040262	0.409871	0.264730	0.872883
12507	10.405833	3.921811	9.358237	0.405306	-0.535422	-0.243193	-0.774483	-0.399070	0.490835	0.479960	-0.876136	0.044986	0.412086	0.270422	0.870090
12508	4.449981	1.939336	8.434460	-0.055349	-0.251422	-0.112574	-0.773955	-0.397373	0.493040	0.478832	-0.876751	0.045021	0.414383	0.270928	0.868841
