// General information: 
//  MT Manager version: 2022.2.0 
//  XDA version: 2022.2.0 build 7381 rev 124627 built on 2023-07-19
// Device information: 
//  DeviceId: 00B4CBA7
//  ProductCode: MTW2-3A7G6
//  Firmware Version: 4.6.0
//  Hardware Version: 2.0.0
// Device settings: 
//  Filter Profile: human(46.1)
//  Option Flags: Orientation Smoother Disabled, Position/Velocity Smoother Disabled, Continuous Zero Rotation Update Disabled, AHS Disabled, ICC Disabled
// Coordinate system: ENU
PacketCounter	Acc_X	Acc_Y	Acc_Z	Gyr_X	Gyr_Y	Gyr_Z	Mat[1][1]	Mat[2][1]	Mat[3][1]	Mat[1][2]	Mat[2][2]	Mat[3][2]	Mat[1][3]	Mat[2][3]	Mat[3][3]
55643	9.107412	-1.185103	-2.793267	0.041722	0.113424	0.023089	0.199712	0.084066	0.976242	0.648249	-0.758449	-0.067302	0.734771	0.646288	-0.205967
55644	9.135910	-1.108612	-2.597233	0.119839	0.120306	0.013399	0.198884	0.083213	0.976484	0.649108	-0.757684	-0.067638	0.734237	0.647295	-0.204706
55645	9.401075	-0.614338	-2.276988	0.204022	0.106089	0.005081	0.198112	0.082554	0.976697	0.650612	-0.756356	-0.068039	0.733114	0.648930	-0.203554
55646	9.628192	-0.217471	-1.987370	0.116057	0.114877	0.015695	0.197341	0.081716	0.976923	0.651437	-0.755614	-0.068387	0.732589	0.649899	-0.202347
55647	9.650411	-0.375905	-1.807138	0.007898	0.113141	0.028645	0.196673	0.080833	0.977131	0.651452	-0.755581	-0.068617	0.732755	0.650049	-0.201261
55648	9.704955	-0.724947	-1.880543	-0.058330	0.114872	0.033445	0.196017	0.079860	0.977343	0.650964	-0.755986	-0.068786	0.733364	0.649699	-0.200173
55649	9.612360	-0.896075	-1.954601	-0.074592	0.111131	0.031870	0.195382	0.078967	0.977543	0.650363	-0.756494	-0.068878	0.734066	0.649216	-0.199163
55650	9.615503	-0.785536	-2.036069	-0.071149	0.105530	0.027439	0.194754	0.078101	0.977738	0.649793	-0.756977	-0.068965	0.734738	0.648758	-0.198174
55651	9.430937	-0.803161	-2.017211	-0.089392	0.109716	0.023771	0.194079	0.077277	0.977937	0.649106	-0.757566	-0.068957	0.735523	0.648168	-0.197189
55652	9.400613	-0.809715	-1.826690	-0.106607	0.101252	0.019523	0.193430	0.076500	0.978127	0.648289	-0.758271	-0.068897	0.736415	0.647436	-0.196266
55653	9.505131	-0.650258	-1.633670	-0.113134	0.080458	0.018621	0.192931	0.075905	0.978272	0.647435	-0.759010	-0.068792	0.737296	0.646640	-0.195580
55654	9.636017	-0.599799	-1.555854	-0.146421	0.075184	0.021465	0.192484	0.075283	0.978408	0.646319	-0.759971	-0.068676	0.738392	0.645582	-0.194939
55655	9.547033	-0.824878	-1.654061	-0.152822	0.065180	0.019649	0.192105	0.074780	0.978521	0.645162	-0.760969	-0.068505	0.739501	0.644465	-0.194431
55656	9.460675	-0.909591	-1.698580	-0.117033	0.049451	0.012159	0.191787	0.074396	0.978613	0.644278	-0.761731	-0.068356	0.740354	0.643608	-0.194022
55657	9.464649	-0.889279	-1.723854	-0.076817	0.030272	0.009278	0.191599	0.074194	0.978665	0.643713	-0.762218	-0.068239	0.740893	0.643054	-0.193800
55658	9.438627	-0.900755	-1.691355	-0.039278	0.014508	0.004753	0.191491	0.074092	0.978694	0.643418	-0.762473	-0.068169	0.741177	0.642763	-0.193679
55659	9.555963	-0.843904	-1.742767	0.000126	0.000101	0.001537	0.191481	0.074143	0.978692	0.643432	-0.762466	-0.068125	0.741168	0.642766	-0.193703
55660	9.554853	-0.811127	-1.846812	0.018449	-0.001405	0.000353	0.191462	0.074177	0.978693	0.643573	-0.762347	-0.068123	0.741050	0.642904	-0.193699
55661	9.510843	-0.683097	-1.931941	0.018911	-0.009083	0.002484	0.191516	0.074279	0.978675	0.643720	-0.762224	-0.068118	0.740909	0.643038	-0.193793
55662	9.521532	-0.597389	-1.871741	-0.007674	-0.020223	0.003705	0.191659	0.074408	0.978637	0.643661	-0.762275	-0.068099	0.740923	0.642962	-0.193990
55663	9.518028	-0.677035	-1.887693	-0.020814	-0.023036	0.000202	0.191808	0.074618	0.978592	0.643519	-0.762404	-0.067999	0.741008	0.642785	-0.194253
55664	9.522093	-0.690068	-1.814318	-0.024404	-0.026950	0.002324	0.191992	0.074800	0.978542	0.643339	-0.762562	-0.067934	0.741117	0.642577	-0.194527
55665	9.609090	-0.767871	-1.945940	-0.027437	-0.025145	-0.000709	0.192146	0.075030	0.978494	0.643146	-0.762735	-0.067809	0.741244	0.642344	-0.194812
55666	9.649311	-0.753149	-2.081937	-0.031598	-0.022786	0.000958	0.192290	0.075196	0.978453	0.642916	-0.762938	-0.067716	0.741407	0.642084	-0.195050
55667	9.568036	-0.738315	-2.147820	-0.045865	-0.025044	0.002163	0.192462	0.075402	0.978403	0.642583	-0.763230	-0.067583	0.741651	0.641712	-0.195345
55668	9.543986	-0.712847	-2.199532	-0.051445	-0.019725	-0.000960	0.192571	0.075563	0.978369	0.642208	-0.763558	-0.067432	0.741947	0.641302	-0.195566
55669	9.693739	-0.869229	-2.230818	-0.040104	-0.014253	-0.006868	0.192605	0.075768	0.978347	0.641941	-0.763802	-0.067225	0.742169	0.640988	-0.195751
55670	9.767897	-0.715640	-2.264634	0.035473	-0.013292	-0.017064	0.192563	0.076011	0.978336	0.642242	-0.763560	-0.067087	0.741920	0.641247	-0.195851
55671	9.550965	-0.746402	-2.249672	0.029340	-0.003003	-0.017427	0.192453	0.076225	0.978341	0.642508	-0.763352	-0.066915	0.741718	0.641470	-0.195885
55672	9.523729	-0.681154	-2.229028	0.072946	-0.011679	-0.018338	0.192391	0.076467	0.978335	0.643089	-0.762869	-0.066838	0.741230	0.642015	-0.195944
55673	9.553510	-0.442244	-2.016487	0.033757	-0.005165	-0.016019	0.192306	0.076687	0.978334	0.643373	-0.762643	-0.066685	0.741006	0.642258	-0.195999
55674	9.598584	-0.646487	-1.922303	0.001551	-0.005625	-0.008992	0.192259	0.076819	0.978333	0.643407	-0.762625	-0.066559	0.740988	0.642263	-0.196047
55675	9.522336	-0.645026	-1.910353	0.011636	-0.010390	-0.009344	0.192256	0.077021	0.978318	0.643514	-0.762546	-0.066428	0.740896	0.642332	-0.196168
55676	9.563434	-0.646855	-1.992524	0.009576	-0.005169	-0.006500	0.192221	0.077131	0.978316	0.643603	-0.762479	-0.066342	0.740828	0.642399	-0.196206
55677	9.512821	-0.617543	-2.063076	0.048300	-0.004000	-0.010946	0.192157	0.077303	0.978315	0.643988	-0.762161	-0.066267	0.740510	0.642756	-0.196237
55678	9.310899	-0.663861	-2.097927	0.051932	-0.002691	-0.006648	0.192103	0.077398	0.978318	0.644390	-0.761821	-0.066263	0.740174	0.643148	-0.196222
55679	9.346491	-0.678958	-1.977247	0.061531	-0.009166	-0.009930	0.192086	0.077594	0.978306	0.644880	-0.761409	-0.066228	0.739752	0.643612	-0.196295
55680	9.453832	-0.637913	-1.851773	0.071642	-0.015232	-0.007062	0.192122	0.077773	0.978285	0.645429	-0.760941	-0.066259	0.739263	0.644143	-0.196390
55681	9.541015	-0.613281	-1.846191	0.090778	-0.021500	-0.007935	0.192210	0.078034	0.978246	0.646136	-0.760337	-0.066305	0.738623	0.644825	-0.196565
55682	9.718696	-0.647816	-1.998227	0.091719	-0.026166	-0.006064	0.192333	0.078275	0.978203	0.646830	-0.759739	-0.066385	0.737983	0.645499	-0.196754
55683	9.682361	-0.738957	-2.256109	0.091739	-0.016781	-0.005268	0.192401	0.078486	0.978173	0.647525	-0.759141	-0.066453	0.737355	0.646177	-0.196882
55684	9.576738	-0.686520	-2.421412	0.077619	-0.009552	-0.001723	0.192429	0.078588	0.978159	0.648106	-0.758637	-0.066548	0.736838	0.646756	-0.196917
55685	9.561995	-0.734062	-2.412545	0.091081	-0.002526	-0.003270	0.192405	0.078692	0.978155	0.648787	-0.758047	-0.066633	0.736244	0.647435	-0.196906
55686	9.433177	-0.697887	-2.295453	0.086873	0.002420	-0.008033	0.192304	0.078764	0.978170	0.649447	-0.757477	-0.066685	0.735689	0.648093	-0.196819
55687	9.389210	-0.362260	-2.110155	0.080171	-0.002387	-0.004034	0.192275	0.078873	0.978166	0.650054	-0.756951	-0.066744	0.735160	0.648694	-0.196814
55688	9.563469	-0.026499	-1.837475	-0.012120	-0.001972	0.008814	0.192315	0.078846	0.978161	0.649953	-0.757036	-0.066765	0.735238	0.648599	-0.196836
55689	9.637857	-0.388007	-1.699145	-0.117604	-0.001808	0.011756	0.192382	0.078832	0.978149	0.649074	-0.757806	-0.066585	0.735997	0.647701	-0.196956
55690	9.714336	-0.653216	-1.601006	-0.118970	-0.012137	0.015833	0.192542	0.078818	0.978118	0.648173	-0.758587	-0.066465	0.736749	0.646787	-0.197148
55691	9.745792	-0.525774	-1.701022	-0.135501	-0.011974	0.023249	0.192758	0.078782	0.978079	0.647141	-0.759476	-0.066364	0.737599	0.645747	-0.197378
55692	9.563101	-0.927457	-2.066181	-0.183036	0.000557	0.025700	0.192889	0.078610	0.978067	0.645746	-0.760676	-0.066213	0.738787	0.644355	-0.197488
55693	9.500737	-0.942318	-2.529819	-0.120390	-0.005112	0.023172	0.193053	0.078529	0.978041	0.644832	-0.761457	-0.066143	0.739542	0.643441	-0.197640
55694	9.541240	-0.617450	-2.680833	-0.138418	0.012585	0.013755	0.193018	0.078370	0.978060	0.643787	-0.762357	-0.065964	0.740461	0.642394	-0.197602
55695	9.515430	-0.626853	-2.648910	-0.153100	0.026079	0.016880	0.192911	0.078137	0.978100	0.642641	-0.763340	-0.065768	0.741484	0.641254	-0.197471
55696	9.507224	-0.596769	-2.374546	-0.158698	0.032695	0.010571	0.192705	0.077874	0.978162	0.641448	-0.764364	-0.065517	0.742569	0.640066	-0.197249
55697	9.516408	-0.751045	-2.078754	-0.135532	0.034655	0.004085	0.192450	0.077686	0.978227	0.640446	-0.765228	-0.065227	0.743500	0.639055	-0.197022
55698	9.614882	-0.827779	-1.908023	-0.086238	0.032755	0.002206	0.192190	0.077487	0.978294	0.639806	-0.765780	-0.065038	0.744118	0.638418	-0.196751
55699	9.567585	-0.864425	-1.767946	-0.056880	0.031201	0.003302	0.191958	0.077326	0.978352	0.639399	-0.766131	-0.064901	0.744527	0.638016	-0.196507
55700	9.511738	-0.950989	-1.769968	0.019172	0.023197	-0.001610	0.191744	0.077218	0.978403	0.639550	-0.766006	-0.064882	0.744452	0.638179	-0.196262
55701	9.352063	-0.913282	-1.696607	0.077583	0.001130	-0.004156	0.191692	0.077306	0.978406	0.640146	-0.765504	-0.064936	0.743953	0.638771	-0.196228
55702	9.434721	-0.712802	-1.586523	0.110739	-0.015079	-0.003751	0.191750	0.077458	0.978383	0.640982	-0.764792	-0.065076	0.743218	0.639604	-0.196298
55703	9.465930	-0.466468	-1.600503	0.121972	-0.032400	-0.003213	0.191950	0.077752	0.978320	0.641902	-0.764007	-0.065224	0.742372	0.640506	-0.196560
55704	9.459469	-0.318141	-1.647373	0.083021	-0.045767	0.003773	0.192283	0.078044	0.978231	0.642516	-0.763477	-0.065384	0.741755	0.641102	-0.196948
55705	9.521456	-0.562593	-1.730109	0.025387	-0.048538	0.008183	0.192669	0.078352	0.978131	0.642697	-0.763320	-0.065451	0.741498	0.641252	-0.197424
55706	9.596329	-0.891335	-2.103648	0.049971	-0.049541	0.006473	0.193046	0.078648	0.978033	0.643060	-0.763003	-0.065572	0.741085	0.641592	-0.197870
55707	9.553196	-0.831759	-2.408158	0.078973	-0.042014	0.003764	0.193365	0.078949	0.977945	0.643654	-0.762490	-0.065711	0.740486	0.642165	-0.198255
55708	9.438776	-0.785323	-2.622920	0.092879	-0.030676	-0.001257	0.193553	0.079183	0.977889	0.644349	-0.761891	-0.065843	0.739832	0.642846	-0.198487
55709	9.391209	-0.635327	-2.587139	0.096155	-0.020288	-0.000764	0.193679	0.079380	0.977848	0.645088	-0.761255	-0.065973	0.739155	0.643576	-0.198646
55710	9.552883	-0.665280	-2.461542	0.081525	-0.002778	-0.005756	0.193631	0.079468	0.977851	0.645707	-0.760724	-0.066038	0.738627	0.644192	-0.198613
55711	9.536411	-0.704668	-2.278193	0.106193	-0.001089	-0.012357	0.193537	0.079631	0.977856	0.646523	-0.760029	-0.066067	0.737938	0.644992	-0.198577
55712	9.534446	-0.637960	-2.061910	0.114801	-0.006910	-0.009395	0.193496	0.079774	0.977852	0.647393	-0.759279	-0.066163	0.737185	0.645857	-0.198563
55713	9.564872	-0.460069	-1.892609	0.120477	-0.020216	-0.008709	0.193569	0.080032	0.977817	0.648314	-0.758485	-0.066260	0.736356	0.646758	-0.198705
55714	9.873213	-0.521291	-1.963358	0.078454	-0.019771	-0.010326	0.193616	0.080265	0.977788	0.648917	-0.757968	-0.066274	0.735812	0.647335	-0.198840
55715	10.269232	-0.495934	-1.984707	0.090011	0.008545	-0.021290	0.193402	0.080434	0.977817	0.649626	-0.757367	-0.066189	0.735243	0.648016	-0.198728
55716	9.954375	-0.614917	-2.311599	0.036168	0.032574	-0.024019	0.192975	0.080432	0.977902	0.649944	-0.757113	-0.065985	0.735074	0.648314	-0.198380
55717	9.566200	-0.863059	-2.881311	0.067355	0.039090	-0.015948	0.192565	0.080361	0.977988	0.650480	-0.756658	-0.065904	0.734707	0.648853	-0.197979
55718	9.318516	-0.552039	-3.027856	0.021874	0.066476	-0.018047	0.191928	0.080093	0.978135	0.650681	-0.756501	-0.065730	0.734696	0.649070	-0.197309
55719	9.329442	-0.664972	-3.056032	0.012166	0.082246	-0.015554	0.191210	0.079742	0.978305	0.650815	-0.756401	-0.065548	0.734764	0.649229	-0.196529
55720	9.331306	-0.068960	-2.807651	0.006305	0.091457	-0.009681	0.190444	0.079248	0.978494	0.650885	-0.756352	-0.065425	0.734901	0.649347	-0.195624
55721	9.387208	0.254267	-2.402680	-0.158361	0.113310	0.008031	0.189653	0.078520	0.978707	0.649714	-0.757383	-0.065138	0.736141	0.648233	-0.194655
55722	9.370194	-0.388946	-1.997090	-0.318983	0.133946	0.019329	0.188759	0.077533	0.978958	0.647331	-0.759461	-0.064667	0.738467	0.645916	-0.193545
55723	9.384771	-0.965784	-1.734189	-0.330779	0.128025	0.019187	0.187925	0.076631	0.979189	0.644849	-0.761613	-0.064155	0.740847	0.643486	-0.192541
55724	9.505191	-1.263840	-1.604897	-0.281605	0.119213	0.008757	0.187066	0.075826	0.979417	0.642749	-0.763428	-0.063659	0.742887	0.641427	-0.191548
55725	9.628666	-1.260496	-1.666741	-0.207105	0.108735	0.009098	0.186307	0.075127	0.979615	0.641193	-0.764765	-0.063295	0.744420	0.639914	-0.190652
55726	9.689109	-1.100870	-1.838235	-0.153668	0.097722	-0.001496	0.185539	0.074541	0.979806	0.640056	-0.765746	-0.062947	0.745590	0.638809	-0.189786
55727	9.537490	-1.020178	-1.816038	-0.120852	0.090613	-0.004751	0.184815	0.074063	0.979979	0.639173	-0.766510	-0.062612	0.746526	0.637948	-0.189001
55728	9.440334	-1.042937	-1.690527	-0.061740	0.075717	-0.013888	0.184129	0.073714	0.980134	0.638743	-0.766893	-0.062318	0.747064	0.637528	-0.188292
55729	9.387590	-0.979271	-1.434587	0.036675	0.055754	-0.026875	0.183530	0.073629	0.980253	0.639113	-0.766603	-0.062078	0.746894	0.637886	-0.187752
55730	9.357635	-0.949797	-1.328777	0.119335	0.031150	-0.032192	0.183061	0.073704	0.980335	0.640068	-0.765817	-0.061946	0.746192	0.638821	-0.187367
55731	9.431863	-0.736242	-1.314601	0.177540	0.007620	-0.034334	0.182774	0.073980	0.980368	0.641441	-0.764673	-0.061883	0.745082	0.640158	-0.187216
55732	9.483122	-0.541770	-1.446155	0.175689	-0.005745	-0.030052	0.182593	0.074274	0.980379	0.642808	-0.763524	-0.061876	0.743947	0.641494	-0.187158
55733	9.583104	-0.586661	-1.804255	0.159228	-0.001609	-0.030793	0.182393	0.074579	0.980393	0.644034	-0.762496	-0.061813	0.742935	0.642681	-0.187106
55734	9.444377	-0.750051	-2.084031	0.164924	-0.005524	-0.029295	0.182214	0.074865	0.980405	0.645317	-0.761412	-0.061794	0.741866	0.643931	-0.187052
55735	9.441919	-0.564969	-2.208210	0.204830	-0.015575	-0.035812	0.182079	0.075296	0.980397	0.646903	-0.760066	-0.061768	0.740516	0.645469	-0.187101
55736	9.539187	-0.437423	-2.191546	0.157624	-0.010884	-0.032994	0.181915	0.075644	0.980400	0.648135	-0.759022	-0.061699	0.739479	0.646656	-0.187105
55737	9.450176	-0.884312	-2.090602	0.116194	-0.006101	-0.036804	0.181706	0.076022	0.980410	0.649044	-0.758262	-0.061495	0.738732	0.647503	-0.187123
55738	9.446100	-0.858984	-1.968627	0.140805	-0.017753	-0.035932	0.181572	0.076437	0.980402	0.650153	-0.757321	-0.061365	0.737789	0.648554	-0.187204
55739	9.575135	-0.558254	-1.956819	0.106578	-0.009034	-0.034347	0.181398	0.076815	0.980405	0.651047	-0.756567	-0.061182	0.737043	0.649389	-0.187250
55740	9.504790	-0.440471	-2.012260	0.043900	-0.002193	-0.035381	0.181152	0.077123	0.980426	0.651440	-0.756254	-0.060877	0.736756	0.649717	-0.187238
55741	9.376427	-0.272071	-2.040862	-0.001594	-0.005646	-0.033608	0.180958	0.077473	0.980435	0.651494	-0.756238	-0.060489	0.736756	0.649693	-0.187321
55742	9.413350	0.279137	-1.976247	-0.063664	-0.018344	-0.025297	0.180898	0.077810	0.980419	0.651076	-0.756631	-0.060081	0.737141	0.649195	-0.187533
55743	9.738207	0.467079	-1.704996	-0.280176	-0.011516	-0.003570	0.180949	0.077976	0.980397	0.649065	-0.758405	-0.059476	0.738900	0.647103	-0.187844
55744	9.760782	-0.454360	-1.480490	-0.467421	0.000108	0.001971	0.180929	0.077987	0.980399	0.645605	-0.761422	-0.058576	0.741929	0.643549	-0.188112
55745	9.622127	-1.083167	-1.501853	-0.434034	-0.014672	0.001046	0.181042	0.078137	0.980366	0.642390	-0.764201	-0.057720	0.744687	0.640227	-0.188547
55746	9.397981	-0.909448	-1.692611	-0.316262	-0.011156	-0.011773	0.181019	0.078326	0.980356	0.640058	-0.766212	-0.056967	0.746698	0.637796	-0.188832
55747	9.253992	-1.439291	-2.053906	-0.177711	-0.014026	-0.045806	0.180820	0.078827	0.980352	0.638824	-0.767302	-0.056131	0.747802	0.636422	-0.189100
55748	9.405919	-1.407897	-2.383748	0.092964	-0.054858	-0.079905	0.180688	0.079817	0.980296	0.639668	-0.766646	-0.055483	0.747112	0.637090	-0.189580
55749	9.682960	-0.907113	-2.320338	0.177159	-0.066154	-0.094127	0.180565	0.081017	0.980221	0.641161	-0.765445	-0.054842	0.745861	0.638381	-0.190157
55750	9.740362	-1.114179	-2.107126	0.138391	-0.054174	-0.098551	0.180305	0.082144	0.980175	0.642375	-0.764479	-0.054099	0.744879	0.639394	-0.190607
55751	9.972257	-1.260638	-2.127279	0.129790	-0.040325	-0.097444	0.179970	0.083205	0.980147	0.643517	-0.763571	-0.053340	0.743974	0.640340	-0.190964
55752	9.844132	-0.931529	-2.150421	0.070430	-0.012476	-0.098595	0.179397	0.084065	0.980178	0.644222	-0.763037	-0.052467	0.743501	0.640865	-0.191043
55753	9.688105	-0.909064	-2.202230	0.007952	-0.001730	-0.105983	0.178721	0.084941	0.980226	0.644459	-0.762909	-0.051393	0.743459	0.640901	-0.191089
55754	9.641758	-0.311112	-2.048419	-0.028605	-0.004311	-0.112569	0.177997	0.085854	0.980279	0.644452	-0.762995	-0.050194	0.743639	0.640677	-0.191140
55755	9.594473	-0.353355	-1.859274	-0.082506	0.003211	-0.123398	0.177177	0.086833	0.980341	0.644064	-0.763414	-0.048783	0.744170	0.640046	-0.191185
55756	9.616504	-0.417171	-1.678570	-0.078756	-0.008908	-0.132013	0.176362	0.087925	0.980391	0.643716	-0.763801	-0.047297	0.744665	0.639435	-0.191305
55757	9.644136	-0.693645	-1.522306	-0.104404	-0.025030	-0.130536	0.175702	0.089139	0.980400	0.643185	-0.764342	-0.045773	0.745280	0.638620	-0.191629
55758	9.562797	-0.597188	-1.349404	-0.105688	-0.042160	-0.133767	0.175125	0.090458	0.980382	0.642636	-0.764895	-0.044218	0.745889	0.637772	-0.192084
55759	9.642114	-0.536128	-1.248802	-0.179706	-0.052159	-0.127846	0.174684	0.091822	0.980334	0.641524	-0.765920	-0.042573	0.746949	0.636345	-0.192700
55760	9.624193	-0.431528	-1.214461	-0.213049	-0.069994	-0.122586	0.174390	0.093234	0.980253	0.640150	-0.767159	-0.040919	0.748195	0.634645	-0.193469
55761	9.586575	-0.316855	-1.154948	-0.262119	-0.090045	-0.116048	0.174310	0.094747	0.980122	0.638387	-0.768715	-0.039223	0.749718	0.632534	-0.194480
55762	9.556274	-0.196861	-1.049385	-0.267733	-0.118514	-0.113499	0.174445	0.096397	0.979937	0.636580	-0.770296	-0.037548	0.751222	0.630359	-0.195739
55763	9.522499	-0.194849	-0.881935	-0.268494	-0.155561	-0.112255	0.174892	0.098293	0.979669	0.634782	-0.771858	-0.035879	0.752639	0.628151	-0.197387
55764	9.474275	-0.222566	-0.762141	-0.266890	-0.196279	-0.114058	0.175617	0.100433	0.979322	0.632976	-0.773416	-0.034192	0.753990	0.625892	-0.199397
55765	9.628746	-0.153555	-0.317723	-0.265398	-0.241181	-0.109398	0.176735	0.102836	0.978872	0.631149	-0.774979	-0.032538	0.755258	0.623565	-0.201870
55766	9.781732	0.427615	0.437482	-0.267767	-0.305250	-0.098521	0.178390	0.105528	0.978285	0.629305	-0.776540	-0.030988	0.756407	0.621167	-0.204936
55767	9.825890	1.139834	1.367962	-0.436828	-0.376072	-0.066678	0.180800	0.108422	0.977526	0.626124	-0.779170	-0.029384	0.758473	0.617364	-0.208759
55768	9.757613	0.885117	1.720331	-0.589059	-0.471250	-0.034188	0.184137	0.111614	0.976543	0.621715	-0.782752	-0.027766	0.761291	0.612244	-0.213526
55769	9.819524	1.022749	1.723655	-0.604011	-0.609333	0.007182	0.188801	0.115315	0.975221	0.617094	-0.786444	-0.026475	0.763904	0.606801	-0.219642
55770	10.059374	1.350901	1.464960	-0.662588	-0.731761	0.052710	0.194695	0.119346	0.973576	0.611927	-0.790504	-0.025469	0.766576	0.600716	-0.226938
55771	10.355980	0.965756	0.996107	-0.754787	-0.832461	0.100087	0.201650	0.123560	0.971633	0.605919	-0.795145	-0.024634	0.769545	0.593698	-0.235208
55772	10.668890	0.516955	0.456729	-0.719320	-0.939744	0.143872	0.209731	0.127989	0.969346	0.600084	-0.799569	-0.024264	0.771953	0.586778	-0.244499
55773	10.979041	0.512797	0.162168	-0.655036	-1.037869	0.180833	0.218782	0.132628	0.966718	0.594612	-0.803645	-0.024313	0.773674	0.580141	-0.254685
55774	11.228604	0.606956	0.309201	-0.647597	-1.121883	0.216371	0.228720	0.137385	0.963749	0.589119	-0.807669	-0.024676	0.775000	0.573407	-0.265667
55775	11.231852	0.725919	0.325948	-0.639882	-1.193004	0.235647	0.239289	0.142306	0.960463	0.583592	-0.811658	-0.025138	0.775990	0.566534	-0.277270
55776	11.318819	0.678604	0.449426	-0.643351	-1.273294	0.262790	0.250672	0.147366	0.956790	0.577961	-0.815657	-0.025793	0.776611	0.559453	-0.289634
55777	11.611571	0.996568	0.061298	-0.562358	-1.355730	0.245248	0.262553	0.152918	0.952723	0.572873	-0.819220	-0.026383	0.776455	0.552716	-0.302691
55778	11.464102	0.272330	-0.510253	-0.463661	-1.440720	0.235697	0.275048	0.158933	0.948203	0.568650	-0.822131	-0.027148	0.775233	0.546663	-0.316503
55779	11.799993	0.279238	-1.088843	-0.207987	-1.520077	0.217207	0.287976	0.165441	0.943238	0.566375	-0.823656	-0.028451	0.772197	0.542420	-0.330895
55780	11.912247	0.357450	-1.390115	-0.148633	-1.546640	0.209704	0.301049	0.172103	0.937950	0.564622	-0.824808	-0.029881	0.768487	0.538583	-0.345481
55781	11.538778	-0.276550	-1.953856	-0.083685	-1.547997	0.193663	0.313951	0.178819	0.932447	0.563272	-0.825678	-0.031308	0.764303	0.535051	-0.359947
55782	11.280585	-0.953486	-2.551883	0.075050	-1.549240	0.186747	0.326775	0.185580	0.926703	0.563256	-0.825612	-0.033280	0.758921	0.532846	-0.374318
55783	10.714170	-1.253329	-3.017705	0.285099	-1.540321	0.203862	0.339491	0.192101	0.920784	0.564641	-0.824544	-0.036159	0.752281	0.532188	-0.388393
55784	10.102444	-1.219064	-3.643532	0.390090	-1.520113	0.261379	0.352320	0.198070	0.914680	0.566668	-0.822972	-0.040061	0.744821	0.532434	-0.402190
55785	9.606248	-1.400845	-4.503595	0.395726	-1.465681	0.352487	0.365114	0.202976	0.908566	0.568278	-0.821615	-0.044815	0.737396	0.532681	-0.415330
55786	9.472440	-2.127012	-5.086044	0.270273	-1.367058	0.466821	0.377775	0.206450	0.902588	0.568541	-0.821126	-0.050143	0.730786	0.532101	-0.427576
55787	9.211759	-2.864561	-5.711420	0.268279	-1.252509	0.551376	0.389948	0.208589	0.896901	0.568351	-0.820865	-0.056198	0.724512	0.531668	-0.438646
55788	9.026861	-2.345379	-6.032065	0.281308	-1.140206	0.569507	0.401383	0.210007	0.891509	0.568140	-0.820555	-0.062500	0.718407	0.531589	-0.448670
55789	9.034786	-1.313236	-5.798255	0.124583	-0.945115	0.535098	0.411120	0.210637	0.886912	0.566848	-0.821031	-0.067766	0.713908	0.530604	-0.456941
55790	8.589561	-0.741408	-5.573384	-0.155030	-0.671032	0.472679	0.418548	0.210334	0.883503	0.563796	-0.822839	-0.071199	0.712005	0.527916	-0.462984
55791	8.080759	-0.832203	-5.662558	-0.366510	-0.407288	0.439315	0.423849	0.208862	0.881322	0.559335	-0.825693	-0.073319	0.712388	0.524031	-0.466792
55792	8.616886	-0.757848	-5.253192	-0.518140	-0.135748	0.404047	0.427039	0.206257	0.880395	0.553934	-0.829228	-0.074418	0.714699	0.519460	-0.468366
55793	8.216957	-0.825078	-5.009991	-0.624965	0.146169	0.374964	0.427988	0.202397	0.880830	0.547866	-0.833220	-0.074746	0.718798	0.514567	-0.467494
55794	7.686232	-0.710622	-4.896539	-0.642055	0.404800	0.386508	0.427146	0.197126	0.882433	0.541596	-0.837275	-0.075124	0.724031	0.510011	-0.464401
55795	7.501276	-0.240099	-4.789748	-0.643731	0.646481	0.407618	0.424573	0.190435	0.885140	0.535193	-0.841331	-0.075706	0.730278	0.505863	-0.459126
55796	7.413206	0.289297	-4.780436	-0.690778	0.876198	0.418403	0.420341	0.182523	0.888819	0.528370	-0.845585	-0.076232	0.737658	0.501669	-0.451873
55797	7.311962	0.491869	-4.768340	-0.812228	1.089910	0.426778	0.414425	0.173480	0.893396	0.520575	-0.850395	-0.076352	0.746494	0.496722	-0.442735
55798	7.048303	0.288580	-4.567795	-0.937505	1.302077	0.438824	0.406878	0.163338	0.898761	0.511741	-0.855759	-0.076147	0.756685	0.490915	-0.431776
55799	6.871793	-0.500429	-4.475915	-0.975423	1.481588	0.440917	0.397758	0.152347	0.904754	0.502547	-0.861210	-0.075921	0.767616	0.484880	-0.419115
55800	6.791078	-1.033789	-4.341012	-0.821610	1.617526	0.428382	0.387367	0.140875	0.911099	0.494529	-0.865798	-0.076386	0.778067	0.480154	-0.405048
55801	6.857263	-1.276484	-4.065045	-0.656377	1.727179	0.393827	0.375717	0.129218	0.917682	0.487900	-0.869468	-0.077327	0.787903	0.476790	-0.389719
55802	6.922031	-1.865813	-4.143692	-0.462024	1.815437	0.324409	0.362881	0.117785	0.924361	0.483053	-0.872064	-0.078513	0.796854	0.475007	-0.373352
55803	7.246362	-2.411913	-4.481605	-0.172533	1.868822	0.204043	0.348846	0.107146	0.931035	0.480957	-0.873111	-0.079728	0.804355	0.475601	-0.356114
55804	7.705601	-2.225535	-4.350053	0.141330	1.906812	0.082546	0.333825	0.097358	0.937594	0.481828	-0.872519	-0.080951	0.810187	0.478782	-0.338178
55805	8.047143	-1.947772	-4.254588	0.344913	1.938571	-0.018167	0.317934	0.088210	0.944001	0.484699	-0.870841	-0.081870	0.814852	0.483586	-0.319625
55806	8.260039	-1.997305	-4.331025	0.548196	1.935624	-0.071145	0.301757	0.079438	0.950070	0.489406	-0.868111	-0.082857	0.818184	0.489973	-0.300836
55807	8.396517	-1.574157	-4.299715	0.751923	1.909010	-0.090642	0.285626	0.070814	0.955721	0.495840	-0.864328	-0.084144	0.820098	0.497918	-0.281987
55808	7.733243	-1.253617	-4.510934	0.882492	1.896222	-0.176716	0.269158	0.062843	0.961044	0.503580	-0.859775	-0.084815	0.820952	0.506791	-0.263062
55809	7.682158	-0.421938	-4.417850	1.008212	1.862469	-0.210592	0.252759	0.055139	0.965957	0.512412	-0.854492	-0.085305	0.820699	0.516529	-0.244235
55810	7.785248	0.192907	-4.333856	0.934124	1.838024	-0.190766	0.236665	0.047220	0.970443	0.520551	-0.849528	-0.085612	0.820376	0.525426	-0.225634
55811	7.879609	0.643580	-4.510787	0.711361	1.804336	-0.126515	0.221160	0.038777	0.974466	0.526684	-0.845712	-0.085880	0.820788	0.532229	-0.207461
55812	7.474719	0.175521	-4.003656	0.399282	1.740448	-0.108338	0.206261	0.030425	0.978024	0.530202	-0.843542	-0.085576	0.822400	0.536201	-0.190121
55813	7.283176	-0.464947	-3.969121	0.101564	1.615038	-0.101787	0.192384	0.022646	0.981058	0.531248	-0.842970	-0.084718	0.825084	0.537483	-0.174205
55814	7.222209	-1.557872	-3.800425	-0.058919	1.441264	-0.121281	0.179800	0.015955	0.983574	0.530991	-0.843265	-0.083388	0.828083	0.537262	-0.160091
55815	7.194829	-1.621093	-3.695507	0.030138	1.220590	-0.168556	0.168760	0.010853	0.985597	0.531540	-0.843081	-0.081730	0.830052	0.537677	-0.148047
55816	6.990817	-1.153061	-3.610516	0.062711	0.993695	-0.184838	0.159495	0.007096	0.987173	0.532368	-0.842729	-0.079956	0.831352	0.538292	-0.138188
55817	6.707165	-1.317321	-3.715592	0.057585	0.750848	-0.157594	0.152393	0.004419	0.988310	0.533097	-0.842411	-0.078435	0.832216	0.538818	-0.130733
55818	6.891928	-1.557032	-3.786094	0.145492	0.490103	-0.097775	0.147765	0.002629	0.989019	0.534458	-0.841624	-0.077614	0.832178	0.540057	-0.125768
55819	7.513073	-2.112051	-4.349548	0.230870	0.267222	-0.036427	0.145339	0.001531	0.989381	0.536435	-0.840375	-0.077501	0.831332	0.542003	-0.122961
55820	7.790271	-1.886226	-4.352548	0.377510	0.084657	0.020790	0.144721	0.000927	0.989472	0.539543	-0.838325	-0.078128	0.829427	0.545170	-0.121823
55821	7.925410	-1.495609	-4.553666	0.335675	-0.057595	0.112298	0.145807	0.000345	0.989313	0.542165	-0.836492	-0.079614	0.827525	0.547979	-0.122154
55822	8.867994	-2.321721	-3.358180	0.152506	-0.115250	0.210576	0.147876	-0.000753	0.989006	0.543120	-0.835657	-0.081843	0.826531	0.549251	-0.123165
55823	10.139294	-2.014160	-2.691000	0.373980	-0.120322	0.147142	0.149681	-0.001273	0.988733	0.545992	-0.833596	-0.083729	0.824311	0.552373	-0.124079
55824	11.572296	-3.049897	-0.590971	0.855561	-0.046984	-0.013433	0.149966	-0.000870	0.988691	0.553048	-0.828842	-0.084616	0.819542	0.559483	-0.123817
55825	14.378134	0.413840	0.926275	1.462108	0.072154	-0.286262	0.147790	0.001124	0.989018	0.565401	-0.820573	-0.083556	0.811468	0.571540	-0.121908
55826	14.152877	2.080084	-0.395053	2.463864	-0.166976	-0.409691	0.146746	0.005457	0.989159	0.585824	-0.806232	-0.082462	0.797042	0.591574	-0.121508
55827	14.383668	11.840212	-1.871494	2.753898	-0.574382	-0.331010	0.149301	0.011601	0.988724	0.608031	-0.789610	-0.082550	0.779748	0.613500	-0.124944
55828	13.203961	11.816063	-2.050330	0.483158	-0.458067	-0.018257	0.152724	0.014592	0.988161	0.611821	-0.786636	-0.082943	0.776113	0.617245	-0.129066
55829	10.867272	1.814775	-2.178297	-0.666500	-0.266123	0.240693	0.156238	0.014403	0.987614	0.606274	-0.790767	-0.084379	0.779757	0.611948	-0.132280
55830	9.037503	-3.283935	-2.963967	0.009750	-0.295482	0.300636	0.160334	0.013862	0.986966	0.605878	-0.790751	-0.087319	0.779233	0.611981	-0.135183
55831	8.569600	-0.625932	-2.679600	0.558346	-0.370021	0.322470	0.165151	0.013666	0.986174	0.609704	-0.787366	-0.091194	0.775233	0.616334	-0.138366
55832	9.486494	-1.160085	-2.466571	-0.103021	-0.262044	0.353384	0.169305	0.012525	0.985484	0.608318	-0.788048	-0.094493	0.775426	0.615486	-0.141039
55833	9.282806	-3.432147	-2.916357	-0.319791	-0.214360	0.384598	0.173287	0.010884	0.984811	0.605188	-0.790058	-0.097757	0.776994	0.612936	-0.143494
55834	9.782183	-3.265509	-2.356027	-0.334577	-0.186574	0.388795	0.177055	0.008978	0.984160	0.601909	-0.792144	-0.101060	0.778689	0.610268	-0.145657
55835	10.416199	-3.543160	-1.944723	-0.175258	-0.169450	0.335024	0.180380	0.007429	0.983569	0.599955	-0.793240	-0.104036	0.779434	0.608863	-0.147542
55836	10.299295	-2.640125	-1.976169	0.179859	-0.185224	0.274191	0.183439	0.006414	0.983010	0.600862	-0.792165	-0.106958	0.778020	0.610274	-0.149168
55837	9.751691	-0.657175	-2.311730	0.403447	-0.203344	0.266798	0.186621	0.005617	0.982416	0.603511	-0.789713	-0.110128	0.775208	0.613451	-0.150767
55838	9.574919	-0.086829	-2.851811	0.298155	-0.163712	0.281362	0.189559	0.004432	0.981859	0.605295	-0.787896	-0.113302	0.773101	0.615792	-0.152036
55839	9.598325	-1.275769	-3.482377	0.209601	-0.102197	0.267264	0.191965	0.003031	0.981397	0.606414	-0.786615	-0.116187	0.771629	0.617437	-0.152840
55840	9.407438	-1.704742	-3.428441	0.309707	-0.071395	0.247811	0.193990	0.001554	0.981002	0.608327	-0.784707	-0.119052	0.769614	0.619865	-0.153171
55841	9.464031	-0.799193	-2.634863	0.245199	-0.053490	0.258197	0.195976	-0.000063	0.980609	0.609719	-0.783187	-0.121903	0.768008	0.621786	-0.153447
55842	9.742777	-0.587959	-1.484635	-0.028485	-0.020570	0.269590	0.197747	-0.002019	0.980251	0.608975	-0.783364	-0.124462	0.768144	0.621560	-0.153678
55843	9.674557	-1.537756	-0.528154	-0.212177	-0.007982	0.260187	0.199391	-0.003932	0.979912	0.606837	-0.784674	-0.126628	0.769410	0.619896	-0.154071
55844	9.597062	-2.346225	0.288262	-0.176086	-0.026936	0.246926	0.201065	-0.005676	0.979561	0.604993	-0.785755	-0.128734	0.770426	0.618512	-0.154554
55845	9.406107	-2.815991	0.344308	0.052705	-0.101077	0.221459	0.203183	-0.006719	0.979118	0.604961	-0.785417	-0.130929	0.769896	0.618930	-0.155519
55846	9.379115	-1.918406	0.156519	0.305969	-0.196855	0.209867	0.205939	-0.007116	0.978539	0.606889	-0.783508	-0.133421	0.767642	0.621341	-0.157036
55847	9.777562	-0.988759	-0.247212	0.267840	-0.232519	0.215855	0.209030	-0.007293	0.977882	0.608504	-0.781827	-0.135903	0.765526	0.623453	-0.158988
55848	9.774772	-1.303355	-0.611937	0.082708	-0.236690	0.217480	0.212135	-0.007488	0.977212	0.608684	-0.781298	-0.138121	0.764527	0.624114	-0.161182
55849	9.644602	-2.143906	-1.257948	0.035633	-0.252178	0.215039	0.215364	-0.007530	0.976505	0.608506	-0.781061	-0.140227	0.763766	0.624409	-0.163631
55850	9.353039	-2.575515	-1.771046	0.125580	-0.256676	0.191292	0.218458	-0.007392	0.975818	0.609056	-0.780265	-0.142261	0.762448	0.625406	-0.165953
55851	9.423753	-2.665258	-2.018504	0.224109	-0.262126	0.157600	0.221410	-0.006918	0.975156	0.610424	-0.778852	-0.144123	0.760500	0.627169	-0.168223
55852	9.451761	-2.395788	-2.144375	0.331973	-0.262867	0.132344	0.224185	-0.006268	0.974526	0.612656	-0.776760	-0.145935	0.757887	0.629766	-0.170298
55853	9.299757	-1.829860	-1.926990	0.359088	-0.271174	0.117305	0.226955	-0.005408	0.973890	0.615116	-0.774488	-0.147647	0.755065	0.632565	-0.172447
55854	9.447819	-1.578441	-1.873770	0.271125	-0.257505	0.115961	0.229580	-0.004646	0.973279	0.616903	-0.772767	-0.149206	0.752811	0.634673	-0.174546
55855	9.494373	-1.649079	-1.920433	0.198617	-0.233641	0.127011	0.232120	-0.004084	0.972679	0.618111	-0.771501	-0.150746	0.751039	0.636215	-0.176556
55856	9.333987	-1.251305	-2.109451	0.249793	-0.235343	0.123867	0.234622	-0.003512	0.972080	0.619702	-0.769907	-0.152353	0.748947	0.638146	-0.178461
55857	9.488280	-0.450076	-1.848749	0.222797	-0.246465	0.129756	0.237269	-0.002878	0.971440	0.621071	-0.768482	-0.153970	0.746977	0.639865	-0.180550
55858	9.485017	-0.500718	-1.469786	0.132660	-0.254540	0.142902	0.240026	-0.002318	0.970764	0.621727	-0.767631	-0.155558	0.745549	0.640888	-0.182811
55859	9.395024	-1.524762	-1.015763	0.086315	-0.282014	0.146709	0.243036	-0.001576	0.970016	0.622025	-0.767077	-0.157093	0.744324	0.641553	-0.185447
55860	9.363447	-2.109839	-0.399765	0.170489	-0.352915	0.154047	0.246588	-0.000463	0.969120	0.622923	-0.765983	-0.158865	0.742403	0.642861	-0.188594
55861	9.273614	-2.016617	-0.204840	0.203276	-0.406739	0.159123	0.250589	0.000993	0.968093	0.624043	-0.764677	-0.160748	0.740119	0.644413	-0.192240
55862	9.501345	-2.080232	-0.375758	0.169153	-0.436606	0.165810	0.254821	0.002570	0.966985	0.624882	-0.763591	-0.162640	0.737963	0.645695	-0.196185
55863	9.394767	-2.203141	-1.032455	0.136457	-0.438462	0.153019	0.259000	0.004287	0.965868	0.625503	-0.762716	-0.164345	0.735979	0.646719	-0.200225
55864	9.177382	-2.281471	-1.824291	0.238880	-0.463157	0.144074	0.263275	0.006216	0.964701	0.626890	-0.761179	-0.166179	0.733277	0.648512	-0.204296
55865	9.191725	-1.138846	-2.112533	0.237278	-0.486313	0.146426	0.267744	0.008309	0.963454	0.628247	-0.759651	-0.168038	0.730492	0.650278	-0.208612
55866	9.445611	-1.064578	-2.319634	0.056538	-0.474569	0.152925	0.272137	0.010262	0.962204	0.628255	-0.759299	-0.169590	0.728860	0.650661	-0.213080
55867	9.854766	-1.504628	-2.571931	-0.017818	-0.465562	0.160374	0.276525	0.012123	0.960930	0.627695	-0.759435	-0.171050	0.727690	0.650470	-0.217612
55868	9.945105	-1.741154	-3.038045	-0.008046	-0.442724	0.159414	0.280714	0.013818	0.959692	0.627201	-0.759510	-0.172523	0.726511	0.650349	-0.221872
55869	10.364357	-1.575938	-3.849524	0.020451	-0.406573	0.141401	0.284543	0.015440	0.958539	0.626960	-0.759399	-0.173881	0.725229	0.650442	-0.225762
55870	10.031880	-0.834193	-4.568963	-0.079505	-0.340191	0.143577	0.287878	0.016588	0.957523	0.625981	-0.759941	-0.175036	0.724757	0.649781	-0.229154
55871	9.456145	-1.246354	-4.981446	-0.279664	-0.271783	0.147339	0.290763	0.017286	0.956639	0.623537	-0.761782	-0.175755	0.725712	0.647603	-0.232276
55872	9.346193	-1.683616	-4.959499	-0.263203	-0.225181	0.127826	0.293164	0.017794	0.955897	0.621262	-0.763508	-0.176322	0.726697	0.645554	-0.234888
55873	9.302115	-1.912546	-4.343857	-0.138335	-0.194734	0.110078	0.295261	0.018271	0.955242	0.619944	-0.764422	-0.177001	0.726974	0.644457	-0.237031
55874	9.486966	-1.498018	-3.297704	-0.128187	-0.178057	0.110923	0.297213	0.018596	0.954630	0.618693	-0.765269	-0.177715	0.727244	0.643442	-0.238953
55875	9.566666	-2.304667	-1.808610	-0.379123	-0.138904	0.113979	0.298929	0.018679	0.954093	0.615603	-0.767727	-0.177845	0.729160	0.640505	-0.240994
55876	9.554879	-3.647266	-0.322373	-0.338809	-0.170921	0.084289	0.300664	0.019151	0.953538	0.612887	-0.769910	-0.177789	0.730733	0.637866	-0.243221
55877	9.647835	-1.543851	1.289743	-0.130401	-0.272978	0.064847	0.303056	0.020450	0.952753	0.611749	-0.770755	-0.178044	0.730699	0.636803	-0.246092
55878	9.380514	-0.567343	2.376544	-0.492184	-0.340511	0.096932	0.306109	0.021891	0.951745	0.607862	-0.773902	-0.177706	0.732667	0.632927	-0.250205
55879	9.035157	-2.237440	2.431425	-0.577115	-0.473440	0.111885	0.310250	0.024061	0.950350	0.603294	-0.777569	-0.177264	0.734698	0.628337	-0.255757
55880	9.395267	-2.007235	2.108670	-0.370089	-0.651702	0.106244	0.315649	0.027347	0.948482	0.600253	-0.779917	-0.177274	0.734889	0.625285	-0.262595
55881	9.705878	-1.753999	1.225400	-0.404896	-0.777553	0.116940	0.322044	0.031324	0.946206	0.596916	-0.782478	-0.177258	0.734833	0.621890	-0.270690
55882	10.001555	-1.769806	0.048571	-0.440241	-0.871829	0.128824	0.329187	0.035748	0.943588	0.593272	-0.785251	-0.177224	0.734618	0.618144	-0.279703
55883	10.133551	-1.208887	-0.945653	-0.521720	-0.941497	0.143327	0.336925	0.040455	0.940662	0.588974	-0.788520	-0.177046	0.734569	0.613677	-0.289499
55884	10.359698	-1.448242	-1.659833	-0.702975	-0.968578	0.154039	0.344918	0.045181	0.937545	0.583294	-0.792880	-0.176381	0.735391	0.607701	-0.299832
55885	10.512558	-1.607227	-1.889152	-0.710094	-1.007668	0.151369	0.353180	0.050104	0.934213	0.577554	-0.797246	-0.175586	0.736000	0.601572	-0.310509
55886	10.850412	-0.779722	-1.809852	-0.709533	-1.055583	0.138743	0.361720	0.055341	0.930643	0.571847	-0.801565	-0.174598	0.736309	0.595340	-0.321589
55887	10.560204	-0.912238	-1.558297	-0.849900	-1.094200	0.122433	0.370443	0.060864	0.926859	0.565150	-0.806665	-0.172906	0.737141	0.587866	-0.333220
55888	10.241601	-1.215959	-1.419573	-0.696484	-1.185121	0.106530	0.379747	0.066961	0.922664	0.559631	-0.810805	-0.171489	0.736617	0.581474	-0.345374
55889	10.023316	-0.880765	-1.109858	-0.649761	-1.271085	0.090289	0.389566	0.073611	0.918052	0.554516	-0.814627	-0.169985	0.735357	0.575296	-0.358169
55890	9.943518	-1.663128	-0.942122	-0.630909	-1.362042	0.075472	0.399958	0.080818	0.912963	0.549599	-0.818294	-0.168335	0.733468	0.569090	-0.371701
55891	9.983266	-1.746095	-0.823256	-0.422745	-1.466202	0.052047	0.410926	0.088729	0.907341	0.546310	-0.820733	-0.167159	0.729853	0.564379	-0.385735
55892	10.035291	-0.824011	-0.527587	-0.321053	-1.564304	0.055701	0.422583	0.097098	0.901108	0.543757	-0.822589	-0.166362	0.725088	0.560285	-0.400410
55893	10.219309	-0.778682	-0.561103	-0.270127	-1.659576	0.055601	0.434820	0.105931	0.894265	0.541584	-0.824153	-0.165710	0.719457	0.556373	-0.415728
55894	10.846196	-0.352592	-0.726494	-0.220321	-1.765699	0.037097	0.447639	0.115446	0.886731	0.539858	-0.825413	-0.165068	0.712862	0.552600	-0.431811
55895	11.570809	0.491943	-0.786177	-0.258329	-1.859794	0.036294	0.460967	0.125403	0.878512	0.537878	-0.826877	-0.164200	0.705830	0.548223	-0.448614
55896	12.137141	0.895411	-0.852010	-0.389757	-1.934508	0.049328	0.474793	0.135575	0.869593	0.534927	-0.829063	-0.162811	0.698874	0.542470	-0.466156
55897	12.062475	0.812771	-0.567092	-0.592384	-2.005736	0.056287	0.488974	0.145929	0.860005	0.530554	-0.832332	-0.160424	0.692399	0.534723	-0.484412
55898	11.735391	-0.016504	0.125012	-0.738252	-2.099476	0.053499	0.503699	0.156642	0.849559	0.525219	-0.836322	-0.157198	0.685881	0.525385	-0.503526
55899	11.437303	-0.100756	1.179037	-0.784904	-2.224534	0.056849	0.519090	0.167755	0.838095	0.519594	-0.840496	-0.153585	0.678651	0.515194	-0.523458
55900	11.418974	-0.235757	1.899486	-0.895594	-2.353574	0.083384	0.535377	0.179072	0.825412	0.513130	-0.845198	-0.149461	0.670872	0.503561	-0.544387
55901	12.039338	-1.510902	2.145611	-1.017223	-2.454306	0.116843	0.552243	0.190286	0.811676	0.505733	-0.850467	-0.144707	0.662768	0.490405	-0.565899
55902	12.696512	-1.967061	2.112007	-0.887458	-2.593431	0.142250	0.569992	0.201660	0.796519	0.499118	-0.855036	-0.140695	0.652680	0.477752	-0.588016
55903	13.289320	-1.659181	1.014642	-0.716790	-2.706032	0.193081	0.588343	0.212769	0.780117	0.493385	-0.858816	-0.137864	0.640643	0.466009	-0.610255
55904	13.430780	-1.902830	-0.673331	-0.693355	-2.740886	0.258206	0.606968	0.223189	0.762743	0.487467	-0.862561	-0.135514	0.627667	0.454064	-0.632344
55905	13.056936	-2.533797	-3.083317	-0.537062	-2.702356	0.314186	0.625149	0.232582	0.745046	0.482218	-0.865684	-0.134375	0.613721	0.443280	-0.653337
55906	11.641395	-2.916640	-5.832624	-0.206078	-2.633835	0.381961	0.642919	0.240875	0.727072	0.478572	-0.867485	-0.135788	0.598016	0.435257	-0.672999
55907	10.165974	-2.271540	-7.630073	0.244571	-2.592603	0.471874	0.660330	0.247988	0.708849	0.476960	-0.867575	-0.140795	0.580064	0.431063	-0.691166
55908	9.525327	-1.695682	-9.643631	0.281633	-2.485454	0.604010	0.677375	0.253447	0.690600	0.474553	-0.867872	-0.146961	0.562105	0.427274	-0.708149
