// General information: 
//  MT Manager version: 2022.2.0 
//  XDA version: 2022.2.0 build 7381 rev 124627 built on 2023-07-19
// Device information: 
//  DeviceId: 00B4CAF0
//  ProductCode: MTW2-3A7G6
//  Firmware Version: 4.6.0
//  Hardware Version: 2.0.0
// Device settings: 
//  Filter Profile: human(46.1)
//  Option Flags: Orientation Smoother Disabled, Position/Velocity Smoother Disabled, Continuous Zero Rotation Update Disabled, AHS Disabled, ICC Disabled
// Coordinate system: ENU
PacketCounter	Acc_X	Acc_Y	Acc_Z	Gyr_X	Gyr_Y	Gyr_Z	Mat[1][1]	Mat[2][1]	Mat[3][1]	Mat[1][2]	Mat[2][2]	Mat[3][2]	Mat[1][3]	Mat[2][3]	Mat[3][3]
06869	5.486523	-0.028024	8.704769	0.001835	0.002797	0.005049	0.815366	0.231140	0.530804	-0.269449	0.962999	-0.005440	-0.512421	-0.138589	0.847477
06870	5.421962	-0.015273	8.641354	-0.000377	0.003313	0.005148	0.815395	0.231113	0.530772	-0.269397	0.963014	-0.005464	-0.512403	-0.138533	0.847497
06871	5.479671	-0.061160	8.714251	-0.000279	0.000132	0.003829	0.815383	0.231120	0.530787	-0.269383	0.963017	-0.005504	-0.512429	-0.138497	0.847487
06872	5.454003	-0.051456	8.667123	-0.000195	0.006362	0.002637	0.815383	0.231154	0.530772	-0.269403	0.963012	-0.005536	-0.512419	-0.138478	0.847497
06873	5.452925	-0.040121	8.707962	-0.002491	0.000648	0.003928	0.815373	0.231163	0.530783	-0.269378	0.963018	-0.005596	-0.512447	-0.138419	0.847489
06874	5.466428	-0.033506	8.676949	0.003619	-0.000218	0.005781	0.815303	0.231286	0.530836	-0.269523	0.962978	-0.005614	-0.512482	-0.138496	0.847456
06875	5.452860	-0.040365	8.708001	0.004536	0.001180	0.008305	0.815285	0.231337	0.530843	-0.269571	0.962964	-0.005637	-0.512487	-0.138503	0.847452
06876	5.453440	-0.052202	8.667473	-0.002064	0.003147	0.003096	0.815311	0.231294	0.530821	-0.269494	0.962985	-0.005672	-0.512485	-0.138429	0.847465
06877	5.465935	-0.033974	8.677257	0.001834	0.002797	0.005048	0.815309	0.231316	0.530814	-0.269501	0.962983	-0.005702	-0.512484	-0.138406	0.847469
06878	5.465744	-0.034045	8.677377	0.002604	0.001564	0.004575	0.815306	0.231338	0.530809	-0.269526	0.962976	-0.005703	-0.512476	-0.138417	0.847472
06879	5.439514	-0.012481	8.670767	0.003373	0.000332	0.004103	0.815295	0.231348	0.530823	-0.269533	0.962974	-0.005714	-0.512490	-0.138415	0.847464
06880	5.458373	-0.055174	8.727341	-0.002736	0.001199	0.002250	0.815308	0.231292	0.530827	-0.269444	0.962999	-0.005753	-0.512516	-0.138337	0.847461
06881	5.465434	-0.034425	8.677571	0.003765	0.002413	0.008777	0.815294	0.231349	0.530823	-0.269491	0.962985	-0.005786	-0.512513	-0.138335	0.847463
06882	5.458854	-0.067241	8.686873	-0.002211	0.000517	0.000099	0.815301	0.231277	0.530844	-0.269391	0.963013	-0.005816	-0.512555	-0.138263	0.847449
06883	5.465075	-0.034617	8.677796	0.004473	0.004779	0.004116	0.815312	0.231292	0.530820	-0.269404	0.963010	-0.005818	-0.512531	-0.138261	0.847464
06884	5.471134	-0.048783	8.696796	0.001162	0.000848	0.004202	0.815339	0.231204	0.530818	-0.269291	0.963041	-0.005831	-0.512548	-0.138190	0.847466
06885	5.464701	-0.034775	8.678031	0.000392	0.002081	0.004674	0.815335	0.231221	0.530817	-0.269287	0.963042	-0.005871	-0.512556	-0.138156	0.847466
06886	5.464496	-0.035095	8.678159	-0.001819	0.002598	0.004773	0.815389	0.231076	0.530797	-0.269086	0.963098	-0.005913	-0.512576	-0.138008	0.847479
06887	5.457894	-0.068026	8.687470	-0.000525	0.000683	0.002150	0.815384	0.231067	0.530808	-0.269057	0.963106	-0.005947	-0.512598	-0.137968	0.847472
06888	5.483929	-0.042852	8.666235	0.002262	0.005296	0.004215	0.815389	0.231096	0.530788	-0.269081	0.963099	-0.005957	-0.512578	-0.137968	0.847483
06889	5.450295	-0.042534	8.709596	-0.002492	0.000649	0.003927	0.815379	0.231104	0.530799	-0.269057	0.963105	-0.006017	-0.512606	-0.137909	0.847476
06890	5.451049	-0.054254	8.668964	0.005584	-0.000186	0.004003	0.815332	0.231129	0.530860	-0.269098	0.963094	-0.006018	-0.512659	-0.137947	0.847438
06891	5.443883	-0.028390	8.690820	0.002078	0.002247	0.006725	0.815324	0.231166	0.530858	-0.269120	0.963088	-0.006054	-0.512662	-0.137928	0.847439
06892	5.437249	-0.060998	8.700151	0.004570	0.001597	0.002798	0.815302	0.231183	0.530884	-0.269149	0.963080	-0.006047	-0.512681	-0.137957	0.847423
06893	5.469686	-0.049770	8.697702	0.002359	0.002114	0.002896	0.815303	0.231184	0.530882	-0.269141	0.963082	-0.006060	-0.512684	-0.137941	0.847424
06894	5.456880	-0.021439	8.660140	0.001833	0.002797	0.005046	0.815303	0.231191	0.530878	-0.269138	0.963082	-0.006078	-0.512685	-0.137924	0.847426
06895	5.468555	-0.038183	8.738568	0.003372	0.000331	0.004102	0.815292	0.231200	0.530892	-0.269145	0.963080	-0.006089	-0.512699	-0.137922	0.847418
06896	5.450249	-0.054047	8.669468	0.001686	0.000166	0.002051	0.815299	0.231184	0.530888	-0.269131	0.963084	-0.006079	-0.512695	-0.137923	0.847420
06897	5.450303	-0.053985	8.669435	0.004385	-0.001452	0.005308	0.815275	0.231202	0.530917	-0.269153	0.963078	-0.006088	-0.512722	-0.137935	0.847402
06898	5.475571	-0.063873	8.716809	0.001589	0.003347	0.003368	0.815276	0.231214	0.530910	-0.269158	0.963077	-0.006102	-0.512718	-0.137924	0.847406
06899	5.442967	-0.028218	8.691395	0.001161	0.000849	0.004201	0.815267	0.231225	0.530919	-0.269154	0.963078	-0.006132	-0.512734	-0.137900	0.847400
06900	5.455425	-0.056353	8.729176	0.009909	0.001961	0.005122	0.815228	0.231282	0.530953	-0.269249	0.963051	-0.006096	-0.512745	-0.137989	0.847379
06901	5.429313	-0.034522	8.722487	0.001257	-0.002333	0.002884	0.815207	0.231275	0.530990	-0.269235	0.963055	-0.006118	-0.512787	-0.137973	0.847356
06902	5.437154	-0.071860	8.660059	0.006012	0.002312	0.003170	0.815210	0.231204	0.531015	-0.269164	0.963075	-0.006105	-0.512819	-0.137953	0.847341
06903	5.475330	-0.015992	8.688997	0.010677	0.000727	0.004649	0.815199	0.231219	0.531025	-0.269212	0.963062	-0.006057	-0.512811	-0.138021	0.847334
06904	5.449794	-0.052347	8.669765	0.006108	-0.000869	0.001853	0.815208	0.231159	0.531038	-0.269168	0.963074	-0.006016	-0.512820	-0.138034	0.847327
06905	5.468890	-0.047705	8.698214	0.007268	-0.000020	0.006053	0.815190	0.231186	0.531054	-0.269211	0.963063	-0.006005	-0.512827	-0.138071	0.847316
06906	5.455392	-0.007292	8.701233	0.005524	0.003412	-0.000187	0.815212	0.231106	0.531054	-0.269138	0.963083	-0.005969	-0.512829	-0.138061	0.847317
06907	5.448721	-0.039738	8.710594	0.001160	0.000849	0.004200	0.815203	0.231117	0.531064	-0.269134	0.963084	-0.005999	-0.512846	-0.138037	0.847311
06908	5.469192	-0.058822	8.657878	0.004044	0.002280	0.004945	0.815196	0.231097	0.531084	-0.269108	0.963091	-0.006009	-0.512871	-0.138021	0.847298
06909	5.441893	-0.072304	8.720054	0.004044	0.002280	0.004945	0.815192	0.231116	0.531081	-0.269125	0.963086	-0.006019	-0.512868	-0.138021	0.847299
06910	5.455326	-0.065448	8.689103	0.003371	0.000332	0.004101	0.815168	0.231138	0.531108	-0.269153	0.963079	-0.006023	-0.512891	-0.138039	0.847283
06911	5.454837	-0.006947	8.701581	0.002942	-0.002166	0.004934	0.815142	0.231152	0.531143	-0.269164	0.963075	-0.006043	-0.512928	-0.138039	0.847261
06912	5.455448	-0.065206	8.689029	0.006780	0.001079	0.002696	0.815180	0.231080	0.531115	-0.269107	0.963092	-0.005988	-0.512897	-0.138046	0.847278
06913	5.461135	-0.020700	8.720432	0.001929	-0.000383	0.003728	0.815166	0.231084	0.531135	-0.269103	0.963093	-0.006009	-0.512921	-0.138032	0.847266
06914	5.448383	-0.039170	8.710808	0.003614	-0.000218	0.005778	0.815120	0.231153	0.531176	-0.269183	0.963070	-0.006024	-0.512952	-0.138073	0.847240
06915	5.488033	-0.053935	8.686490	-0.000244	0.000549	-0.001678	0.815125	0.231106	0.531188	-0.269124	0.963087	-0.006035	-0.512975	-0.138036	0.847232
06916	5.461894	-0.032045	8.679809	0.009234	0.000011	0.004275	0.815128	0.231087	0.531191	-0.269137	0.963083	-0.005977	-0.512963	-0.138091	0.847231
06917	5.468135	-0.045860	8.698698	0.003127	0.000881	0.002422	0.815124	0.231081	0.531201	-0.269129	0.963086	-0.005981	-0.512974	-0.138086	0.847225
06918	5.474383	-0.059826	8.717584	0.005581	-0.000186	0.004001	0.815108	0.231051	0.531239	-0.269106	0.963092	-0.005972	-0.513012	-0.138092	0.847201
06919	5.455206	-0.063766	8.689191	0.005767	0.002861	0.001489	0.815116	0.231038	0.531231	-0.269104	0.963093	-0.005949	-0.513000	-0.138107	0.847206
06920	5.455173	-0.063429	8.689214	0.004908	-0.002135	0.003157	0.815106	0.230980	0.531272	-0.269052	0.963107	-0.005933	-0.513042	-0.138104	0.847181
06921	5.448167	-0.037355	8.710951	0.004812	0.001048	0.004472	0.815098	0.230994	0.531279	-0.269069	0.963103	-0.005934	-0.513047	-0.138114	0.847176
06922	5.455024	-0.063017	8.689311	0.003557	0.003379	0.001588	0.815100	0.230957	0.531291	-0.269032	0.963113	-0.005929	-0.513063	-0.138101	0.847169
06923	5.467726	-0.044290	8.698964	0.004664	-0.001586	0.001479	0.815086	0.230939	0.531321	-0.269024	0.963115	-0.005916	-0.513090	-0.138116	0.847150
06924	5.454989	-0.062395	8.689337	0.007022	0.000529	0.004373	0.815110	0.230867	0.531315	-0.268960	0.963133	-0.005878	-0.513084	-0.138111	0.847154
06925	5.455147	-0.015209	8.661245	0.006779	0.001078	0.002695	0.815106	0.230863	0.531322	-0.268973	0.963130	-0.005853	-0.513084	-0.138141	0.847149
06926	5.454745	-0.061691	8.689495	0.003800	0.002830	0.003265	0.815107	0.230893	0.531308	-0.269014	0.963118	-0.005838	-0.513061	-0.138171	0.847158
06927	5.487399	-0.003677	8.658914	0.004568	0.001597	0.002794	0.815106	0.230891	0.531311	-0.269016	0.963118	-0.005832	-0.513062	-0.138178	0.847156
06928	5.447310	-0.035560	8.711495	0.001833	0.002800	0.005042	0.815089	0.230926	0.531323	-0.269044	0.963110	-0.005858	-0.513075	-0.138175	0.847149
06929	5.447822	-0.047231	8.671033	0.001872	0.003213	-0.000463	0.815104	0.230895	0.531312	-0.269006	0.963121	-0.005857	-0.513070	-0.138152	0.847156
06930	5.453856	-0.061391	8.690056	0.002075	0.002251	0.006719	0.815087	0.230893	0.531340	-0.268983	0.963127	-0.005899	-0.513110	-0.138114	0.847138
06931	5.453717	-0.061415	8.690143	0.003126	0.000881	0.002422	0.815083	0.230886	0.531349	-0.268975	0.963129	-0.005903	-0.513121	-0.138108	0.847132
06932	5.440176	-0.021266	8.693162	0.004716	0.004230	0.005785	0.815105	0.230891	0.531312	-0.268982	0.963127	-0.005889	-0.513081	-0.138113	0.847156
06933	5.453267	-0.061181	8.690426	0.003126	0.000881	0.002421	0.815101	0.230885	0.531321	-0.268974	0.963130	-0.005894	-0.513092	-0.138107	0.847150
06934	5.433320	-0.053683	8.702653	0.004285	0.001733	0.006620	0.815114	0.230878	0.531304	-0.268965	0.963132	-0.005888	-0.513076	-0.138103	0.847161
06935	5.466567	-0.054242	8.659565	0.004568	0.001597	0.002793	0.815113	0.230876	0.531308	-0.268967	0.963131	-0.005882	-0.513077	-0.138110	0.847159
06936	5.466482	-0.054086	8.659620	0.003369	0.000333	0.004099	0.815081	0.230916	0.531339	-0.269017	0.963117	-0.005888	-0.513101	-0.138140	0.847139
06937	5.445811	-0.034553	8.712436	0.008745	0.001108	0.000917	0.815082	0.230896	0.531346	-0.269025	0.963115	-0.005837	-0.513095	-0.138188	0.847135
06938	5.420085	-0.070926	8.693347	0.006009	0.002312	0.003165	0.815061	0.230962	0.531350	-0.269121	0.963089	-0.005809	-0.513079	-0.138262	0.847132
06939	5.452654	-0.059395	8.690824	0.009999	-0.001224	0.003801	0.815042	0.230966	0.531377	-0.269159	0.963079	-0.005763	-0.513089	-0.138328	0.847116
06940	5.452546	-0.000332	8.703020	0.008465	-0.008167	0.004629	0.814989	0.230961	0.531460	-0.269195	0.963069	-0.005721	-0.513154	-0.138404	0.847064
06941	5.440380	-0.018295	8.693041	0.009137	-0.006218	0.005471	0.814940	0.230974	0.531530	-0.269242	0.963056	-0.005690	-0.513207	-0.138473	0.847021
06942	5.421449	-0.010540	8.704633	0.006404	-0.014425	0.007605	0.814850	0.230989	0.531661	-0.269294	0.963041	-0.005677	-0.513323	-0.138548	0.846938
06943	5.461711	-0.013723	8.720086	0.002321	-0.017118	0.008168	0.814738	0.231013	0.531822	-0.269328	0.963031	-0.005718	-0.513483	-0.138576	0.846837
06944	5.457073	-0.105324	8.716074	-0.004552	-0.015012	0.006789	0.814616	0.231105	0.531969	-0.269417	0.963006	-0.005799	-0.513630	-0.138598	0.846744
06945	5.405344	0.054152	8.726613	-0.001089	-0.017862	0.009571	0.814496	0.231142	0.532137	-0.269445	0.962998	-0.005876	-0.513805	-0.138595	0.846638
06946	5.473702	-0.099981	8.683081	-0.003206	-0.020526	0.008357	0.814354	0.231162	0.532346	-0.269456	0.962994	-0.005964	-0.514025	-0.138587	0.846506
06947	5.475685	-0.054024	8.653804	-0.005660	-0.019458	0.006778	0.814233	0.231169	0.532527	-0.269438	0.962999	-0.006066	-0.514225	-0.138544	0.846391
06948	5.424801	-0.104861	8.695615	0.001735	-0.022251	0.006003	0.814116	0.231116	0.532729	-0.269400	0.963009	-0.006089	-0.514430	-0.138560	0.846264
06949	5.486042	-0.127328	8.657943	0.002166	-0.019753	0.005167	0.813999	0.231107	0.532913	-0.269409	0.963006	-0.006116	-0.514612	-0.138593	0.846148
06950	5.434836	-0.119057	8.712148	0.005234	-0.024690	0.003278	0.813861	0.231059	0.533143	-0.269408	0.963007	-0.006098	-0.514829	-0.138670	0.846003
06951	5.462787	-0.035010	8.701800	0.006187	-0.022879	0.000293	0.813741	0.230999	0.533353	-0.269398	0.963010	-0.006065	-0.515025	-0.138749	0.845871
06952	5.451517	-0.041311	8.731462	0.005566	-0.028421	0.003637	0.813591	0.230960	0.533598	-0.269416	0.963005	-0.006037	-0.515252	-0.138848	0.845717
06953	5.493193	0.002216	8.717922	-0.003182	-0.029525	0.002728	0.813429	0.230914	0.533864	-0.269377	0.963015	-0.006096	-0.515527	-0.138852	0.845548
06954	5.442355	0.021341	8.812205	-0.013959	-0.036475	-0.000707	0.813237	0.230812	0.534202	-0.269243	0.963052	-0.006224	-0.515901	-0.138769	0.845334
06955	5.549594	-0.045722	8.917486	-0.084630	-0.056665	-0.008918	0.812966	0.230616	0.534699	-0.268690	0.963202	-0.006909	-0.516616	-0.138051	0.845015
06956	5.381399	0.169480	8.599571	-0.000839	-0.046233	0.005338	0.812701	0.230596	0.535109	-0.268719	0.963193	-0.006951	-0.517017	-0.138145	0.844754
06957	5.412183	-0.124803	8.811668	-0.074943	-0.099402	0.007833	0.812164	0.230503	0.535965	-0.268351	0.963291	-0.007644	-0.518052	-0.137619	0.844206
06958	5.308545	0.062538	8.895406	-0.065499	-0.109355	0.013578	0.811590	0.230444	0.536860	-0.268078	0.963362	-0.008255	-0.519092	-0.137221	0.843631
06959	5.407305	-0.305270	8.714380	-0.112377	-0.128326	0.005141	0.810906	0.230286	0.537958	-0.267491	0.963516	-0.009247	-0.520461	-0.136400	0.842921
06960	5.474312	0.191023	8.784168	-0.051977	-0.125192	0.007497	0.810232	0.230115	0.539046	-0.267189	0.963595	-0.009743	-0.521664	-0.136133	0.842220
06961	5.493519	0.017503	8.838497	-0.093977	-0.160146	0.017203	0.809347	0.230032	0.540409	-0.266793	0.963695	-0.010644	-0.523238	-0.135563	0.841335
06962	5.416761	-0.039307	8.856752	-0.099447	-0.170323	0.020124	0.808385	0.230008	0.541858	-0.266450	0.963779	-0.011595	-0.524899	-0.135005	0.840390
06963	5.425852	-0.059069	8.937458	-0.101989	-0.191661	0.022251	0.807315	0.229933	0.543482	-0.266049	0.963877	-0.012589	-0.526745	-0.134429	0.839326
06964	5.340292	-0.135524	8.944075	-0.114995	-0.226834	0.019874	0.806062	0.229776	0.545405	-0.265548	0.964001	-0.013672	-0.528912	-0.133811	0.838061
06965	5.225749	-0.049940	9.181050	-0.118806	-0.284006	0.019877	0.804501	0.229558	0.547797	-0.265033	0.964126	-0.014792	-0.531540	-0.133284	0.836481
06966	5.106650	-0.159441	9.366610	-0.140446	-0.371566	0.017298	0.802414	0.229286	0.550963	-0.264486	0.964255	-0.016085	-0.534957	-0.132815	0.834375
06967	4.863531	-0.360851	9.719412	-0.165043	-0.497495	-0.005962	0.799755	0.228537	0.555125	-0.263507	0.964500	-0.017444	-0.539404	-0.132329	0.831584
06968	4.796876	-0.596937	9.723926	-0.153161	-0.658097	-0.056496	0.796320	0.227132	0.560612	-0.262236	0.964828	-0.018408	-0.545075	-0.132354	0.827874
06969	4.960667	-0.606465	9.685350	-0.128962	-0.825227	-0.101020	0.792054	0.225031	0.567460	-0.260681	0.965240	-0.018918	-0.551992	-0.132942	0.823183
06970	4.974595	-0.524480	9.574086	-0.094102	-0.983399	-0.142694	0.786934	0.222327	0.575591	-0.259009	0.965690	-0.018895	-0.560043	-0.134214	0.817520
06971	5.217732	-0.705660	9.417888	-0.076820	-1.142400	-0.188843	0.780968	0.218929	0.584944	-0.257050	0.966222	-0.018440	-0.569223	-0.135959	0.810864
06972	5.685999	-0.636699	9.026922	-0.052106	-1.246025	-0.221398	0.774393	0.215011	0.595051	-0.254933	0.966799	-0.017568	-0.579072	-0.138093	0.803496
06973	6.109989	-0.581245	8.790731	-0.058353	-1.272948	-0.249801	0.767588	0.210792	0.605289	-0.252620	0.967424	-0.016549	-0.589060	-0.140205	0.795834
06974	6.132317	-0.420879	8.606538	-0.029691	-1.233722	-0.282217	0.760934	0.206325	0.615150	-0.250286	0.968054	-0.015089	-0.598612	-0.142482	0.788266
06975	6.318839	-0.116623	8.328121	-0.138813	-1.186489	-0.330525	0.754593	0.201396	0.624523	-0.246898	0.968938	-0.014142	-0.607973	-0.143522	0.780878
06976	6.174432	-0.776421	8.471005	-0.306696	-1.101348	-0.390734	0.748786	0.196031	0.633159	-0.242075	0.970155	-0.014085	-0.617024	-0.142725	0.773893
06977	6.033140	-0.448388	8.691793	-0.392626	-0.981134	-0.458434	0.743783	0.190158	0.640802	-0.236169	0.971608	-0.014203	-0.625309	-0.140774	0.767575
06978	5.987854	-0.826835	9.358671	-0.680444	-0.807787	-0.513035	0.739852	0.184093	0.647092	-0.228123	0.973499	-0.016128	-0.632912	-0.135685	0.762241
06979	4.199532	-1.225252	9.418886	-0.713543	-0.528406	-0.564605	0.737751	0.177858	0.651222	-0.219369	0.975478	-0.017900	-0.638436	-0.129653	0.758676
06980	3.570845	-1.260895	9.951539	-0.826783	-0.360359	-0.601863	0.736696	0.171525	0.654109	-0.209611	0.977575	-0.020271	-0.642918	-0.122175	0.756129
06981	2.520359	-1.154228	10.343025	-0.915415	-0.101493	-0.588311	0.737238	0.165617	0.655020	-0.199330	0.979654	-0.023348	-0.645560	-0.113352	0.755251
06982	1.694369	-1.734047	10.659896	-1.046833	0.134242	-0.524534	0.739052	0.160687	0.654203	-0.188758	0.981628	-0.027871	-0.646662	-0.102887	0.755806
06983	0.997552	-2.488045	10.850362	-1.073507	0.398018	-0.396778	0.742346	0.157145	0.651327	-0.178835	0.983311	-0.033418	-0.645709	-0.091672	0.758061
06984	0.947941	-3.351172	11.042484	-1.024242	0.629725	-0.171459	0.746668	0.156078	0.646627	-0.171027	0.984449	-0.040131	-0.642834	-0.080626	0.761750
06985	1.298755	-4.281803	11.265527	-0.876321	0.890027	0.189457	0.752039	0.158586	0.639756	-0.166789	0.984821	-0.048060	-0.637667	-0.070561	0.767074
06986	3.250782	-5.447031	11.341007	-0.699363	1.117076	0.524652	0.758160	0.164692	0.630928	-0.166542	0.984395	-0.056832	-0.630442	-0.061989	0.773757
06987	2.940778	-5.115682	11.265023	-0.224831	1.536120	0.738790	0.766504	0.172846	0.618543	-0.170723	0.983289	-0.063210	-0.619132	-0.057149	0.783205
06988	2.425750	-3.757935	10.973472	0.050508	1.755760	0.871235	0.775681	0.182484	0.604167	-0.177797	0.981698	-0.068243	-0.605563	-0.054484	0.793930
06989	2.591819	-2.233428	10.807086	0.137042	1.852461	0.973141	0.784986	0.192988	0.588687	-0.186165	0.979805	-0.072966	-0.590881	-0.052315	0.805061
06990	3.336245	-2.041976	10.572811	0.061888	1.876779	1.059701	0.793860	0.204366	0.572731	-0.194862	0.977663	-0.078759	-0.576034	-0.049080	0.815951
06991	4.196551	-2.336832	10.281188	0.059721	1.904824	1.101556	0.802485	0.215996	0.556205	-0.203949	0.975328	-0.084503	-0.560734	-0.045625	0.826738
06992	4.740719	-2.153939	10.093867	0.089599	1.926096	1.095005	0.810831	0.227553	0.539234	-0.213235	0.972856	-0.089903	-0.545055	-0.042087	0.837343
06993	5.060162	-1.782849	9.789315	0.074106	1.892532	1.039875	0.818731	0.238389	0.522350	-0.222061	0.970412	-0.094817	-0.529498	-0.038364	0.847443
06994	5.498988	-1.480004	9.482257	-0.006405	1.812062	0.950414	0.825992	0.248332	0.506032	-0.229843	0.968086	-0.099910	-0.514693	-0.033784	0.856708
06995	5.877196	-1.367942	9.087590	-0.120931	1.719376	0.837696	0.832766	0.256938	0.490391	-0.236133	0.966015	-0.105144	-0.500741	-0.028237	0.865137
06996	5.904761	-1.378317	8.567446	-0.208807	1.595721	0.730253	0.838872	0.264426	0.475787	-0.241164	0.964157	-0.110644	-0.487990	-0.021927	0.872574
06997	6.000387	-1.330267	8.019712	-0.302466	1.449232	0.630442	0.844326	0.270740	0.462400	-0.244968	0.962534	-0.116271	-0.476555	-0.015102	0.879015
06998	4.677344	-4.300277	8.525103	-0.464846	1.174868	0.550232	0.848471	0.276242	0.451428	-0.247444	0.961060	-0.123022	-0.467833	-0.007322	0.883787
06999	8.055193	-4.033395	1.799618	1.373783	0.339242	0.056271	0.849904	0.276801	0.448379	-0.254264	0.960728	-0.111135	-0.461533	-0.019553	0.886908
07000	9.275164	3.415925	5.133945	0.515378	0.091674	0.026791	0.850238	0.277136	0.447539	-0.256852	0.960528	-0.106833	-0.459481	-0.024118	0.887860
07001	12.446006	1.700956	3.573533	0.437102	0.075106	0.247317	0.849940	0.279502	0.446632	-0.260916	0.959735	-0.104078	-0.457739	-0.028073	0.888644
07002	11.620686	0.814070	1.249466	0.494239	-0.213091	0.202752	0.848391	0.281344	0.448418	-0.264784	0.959030	-0.100748	-0.458391	-0.033260	0.888128
07003	11.768950	2.036695	-0.085613	0.888176	-0.516403	0.079943	0.845803	0.281885	0.452944	-0.269499	0.958475	-0.093249	-0.460421	-0.043198	0.886649
07004	13.684401	3.404835	-1.261862	1.087573	-0.959585	-0.008923	0.841366	0.281230	0.461534	-0.274293	0.957996	-0.083713	-0.465690	-0.056162	0.883164
07005	14.678147	5.182727	-0.200923	1.396616	-1.346258	-0.082144	0.835272	0.279543	0.473473	-0.280118	0.957333	-0.071053	-0.473133	-0.073280	0.877938
07006	8.360333	11.025870	12.558224	0.984687	-1.151546	-0.369230	0.830804	0.274974	0.483894	-0.281560	0.957618	-0.060754	-0.480091	-0.085770	0.873015
07007	8.878318	4.363696	13.558530	-0.004713	-0.861917	-0.551249	0.828173	0.268913	0.491747	-0.276922	0.959133	-0.058127	-0.487282	-0.088036	0.868796
07008	2.658315	0.287925	8.775760	0.505996	-0.665528	-0.367290	0.825931	0.264628	0.497805	-0.276164	0.959704	-0.051973	-0.491499	-0.094550	0.865731
07009	5.613709	-4.488452	8.962867	-0.394794	-1.492841	-0.180534	0.818987	0.261453	0.510786	-0.272669	0.960564	-0.054485	-0.504888	-0.094653	0.857980
07010	8.522980	-1.287793	9.413673	0.677850	-1.012029	-0.199320	0.814375	0.258318	0.519678	-0.274202	0.960487	-0.047737	-0.511475	-0.103621	0.853028
07011	9.452518	3.341517	10.568417	0.443088	-1.013204	-0.196837	0.809695	0.255313	0.528403	-0.274842	0.960529	-0.042956	-0.518513	-0.110446	0.847907
07012	10.726412	2.257448	9.738079	0.446741	0.073204	0.038203	0.809938	0.255600	0.527891	-0.277257	0.959987	-0.039424	-0.516845	-0.114430	0.848397
07013	4.517991	1.198908	8.625063	0.179361	-0.309710	0.068277	0.808142	0.255868	0.530508	-0.278694	0.959616	-0.038284	-0.518880	-0.116910	0.846815
07014	5.786206	-1.820616	8.752315	0.196158	-0.015712	0.109644	0.807734	0.256706	0.530724	-0.280354	0.959173	-0.037258	-0.518621	-0.118695	0.846725
07015	5.677507	0.728268	8.950325	0.273317	-0.131669	0.080894	0.806821	0.257293	0.531828	-0.282381	0.958649	-0.035394	-0.518943	-0.121622	0.846113
07016	5.498067	-0.770074	8.873016	0.179366	-0.148631	0.084611	0.805757	0.257853	0.533168	-0.283920	0.958233	-0.034348	-0.519756	-0.123701	0.845312
07017	5.566795	-0.695297	8.674578	0.203541	-0.128511	0.079259	0.804860	0.258422	0.534246	-0.285572	0.957786	-0.033070	-0.520239	-0.125949	0.844682
07018	5.789378	-0.579101	8.555148	0.207461	-0.095091	0.063150	0.804148	0.258811	0.535129	-0.287051	0.957391	-0.031678	-0.520526	-0.128136	0.844176
07019	5.657553	-0.568487	8.624575	0.183672	-0.063512	0.057783	0.803649	0.259252	0.535665	-0.288428	0.957017	-0.030456	-0.520536	-0.130025	0.843881
07020	5.741302	-0.292911	8.577890	0.185070	-0.040253	0.057985	0.803264	0.259654	0.536047	-0.289739	0.956659	-0.029219	-0.520401	-0.131843	0.843682
07021	5.637071	-0.084992	8.666017	0.132457	-0.023470	0.052382	0.802988	0.260093	0.536248	-0.290805	0.956361	-0.028401	-0.520234	-0.133138	0.843582
07022	5.566829	-0.072166	8.692036	0.090145	-0.018588	0.053776	0.802700	0.260510	0.536477	-0.291624	0.956125	-0.027948	-0.520220	-0.134016	0.843452
07023	5.490020	-0.024499	8.780647	0.064947	-0.017450	0.056515	0.802441	0.260997	0.536627	-0.292372	0.955903	-0.027722	-0.520199	-0.134649	0.843364
07024	5.418748	-0.064318	8.834363	0.021431	-0.039530	0.058046	0.802064	0.261377	0.537006	-0.292805	0.955766	-0.027871	-0.520537	-0.134884	0.843118
07025	5.435030	-0.118184	8.788196	0.014180	-0.056531	0.061870	0.801586	0.261861	0.537484	-0.293331	0.955598	-0.028102	-0.520977	-0.135134	0.842806
07026	5.473622	-0.110831	8.781971	0.006694	-0.072978	0.064029	0.800987	0.262326	0.538149	-0.293827	0.955437	-0.028402	-0.521618	-0.135373	0.842371
07027	5.467253	-0.143776	8.727397	-0.002930	-0.088456	0.060841	0.800344	0.262757	0.538895	-0.294255	0.955294	-0.028772	-0.522364	-0.135545	0.841881
07028	5.549780	-0.286115	8.688688	-0.027223	-0.101264	0.057916	0.799637	0.263088	0.539783	-0.294478	0.955208	-0.029324	-0.523320	-0.135506	0.841293
07029	5.568824	-0.413973	8.585990	-0.026210	-0.109428	0.056444	0.798895	0.263449	0.540705	-0.294748	0.955108	-0.029867	-0.524300	-0.135511	0.840682
07030	5.515386	-0.487379	8.673560	-0.007931	-0.091643	0.047902	0.798267	0.263697	0.541511	-0.294991	0.955023	-0.030203	-0.525120	-0.135631	0.840151
07031	5.610324	-0.622075	8.603741	-0.004521	-0.084186	0.043649	0.797693	0.263969	0.542224	-0.295271	0.954927	-0.030495	-0.525834	-0.135777	0.839681
07032	5.535168	-0.506880	8.683234	0.008181	-0.069713	0.035324	0.797232	0.264148	0.542814	-0.295528	0.954844	-0.030611	-0.526388	-0.136013	0.839295
07033	5.566018	-0.541511	8.645381	0.026253	-0.064942	0.030779	0.796796	0.264323	0.543368	-0.295867	0.954740	-0.030576	-0.526857	-0.136402	0.838938
07034	5.605901	-0.495761	8.570322	0.035268	-0.060966	0.029151	0.796382	0.264464	0.543907	-0.296227	0.954632	-0.030439	-0.527281	-0.136879	0.838593
07035	5.613825	-0.388763	8.551964	0.038706	-0.039966	0.019277	0.796111	0.264563	0.544255	-0.296541	0.954541	-0.030237	-0.527513	-0.137321	0.838375
07036	5.636950	-0.169313	8.677953	0.046042	-0.036128	0.015633	0.795880	0.264591	0.544580	-0.296827	0.954462	-0.029938	-0.527702	-0.137819	0.838175
07037	5.641893	-0.322406	8.588516	0.012683	-0.042912	0.012918	0.795612	0.264624	0.544954	-0.296952	0.954424	-0.029920	-0.528034	-0.138021	0.837932
07038	5.586733	-0.308677	8.583090	0.020973	-0.030919	0.008946	0.795420	0.264598	0.545247	-0.297055	0.954395	-0.029798	-0.528266	-0.138267	0.837746
07039	5.611187	-0.245481	8.621868	0.016624	-0.036162	0.006553	0.795207	0.264580	0.545566	-0.297151	0.954368	-0.029712	-0.528532	-0.138488	0.837541
07040	5.606583	-0.276858	8.629301	0.011054	-0.035870	0.002637	0.795004	0.264503	0.545900	-0.297174	0.954363	-0.029635	-0.528826	-0.138667	0.837326
07041	5.592410	-0.221031	8.611287	0.013751	-0.043904	0.003204	0.794759	0.264442	0.546286	-0.297228	0.954349	-0.029555	-0.529163	-0.138882	0.837077
07042	5.582723	-0.226143	8.640164	0.012550	-0.041553	0.000366	0.794536	0.264327	0.546666	-0.297228	0.954352	-0.029455	-0.529497	-0.139081	0.836833
07043	5.530466	-0.153870	8.646660	0.010590	-0.051496	0.003638	0.794250	0.264259	0.547114	-0.297269	0.954341	-0.029404	-0.529903	-0.139286	0.836542
07044	5.540547	-0.191702	8.581195	-0.005448	-0.059044	-0.000311	0.793944	0.264103	0.547634	-0.297157	0.954374	-0.029449	-0.530425	-0.139352	0.836200
07045	5.540688	-0.344109	8.621746	-0.004986	-0.070099	0.004489	0.793556	0.264018	0.548237	-0.297122	0.954383	-0.029533	-0.531025	-0.139457	0.835801
07046	5.566237	-0.352423	8.605248	0.005546	-0.074998	-0.000743	0.793164	0.263845	0.548887	-0.297077	0.954398	-0.029482	-0.531636	-0.139678	0.835376
07047	5.556634	-0.439489	8.538757	0.018482	-0.077826	-0.003137	0.792757	0.263675	0.549557	-0.297106	0.954394	-0.029328	-0.532227	-0.140027	0.834942
07048	5.572563	-0.357516	8.496813	0.044832	-0.077810	-0.007430	0.792378	0.263403	0.550233	-0.297175	0.954385	-0.028920	-0.532751	-0.140600	0.834510
07049	5.593762	-0.323189	8.542291	0.048055	-0.086141	-0.014468	0.791959	0.263113	0.550974	-0.297272	0.954369	-0.028456	-0.533319	-0.141253	0.834037
07050	5.573747	-0.353759	8.519104	0.055614	-0.086042	-0.017821	0.791558	0.262755	0.551721	-0.297352	0.954360	-0.027896	-0.533870	-0.141974	0.833562
07051	5.558855	-0.443928	8.542841	0.070804	-0.098590	-0.029766	0.791117	0.262299	0.552569	-0.297450	0.954351	-0.027159	-0.534468	-0.142875	0.833025
07052	5.538655	-0.517771	8.547582	0.087893	-0.101593	-0.039576	0.790696	0.261711	0.553450	-0.297533	0.954352	-0.026210	-0.535045	-0.143945	0.832470
07053	5.479986	-0.597278	8.495853	0.092625	-0.124780	-0.058313	0.790199	0.260943	0.554522	-0.297523	0.954384	-0.025134	-0.535785	-0.145122	0.831790
07054	5.523975	-0.406542	8.613089	0.142098	-0.128341	-0.076280	0.789739	0.259972	0.555631	-0.297621	0.954394	-0.023527	-0.536408	-0.146787	0.831096
07055	5.337900	-0.516966	8.764958	0.149170	-0.156219	-0.089444	0.789164	0.258857	0.556968	-0.297671	0.954419	-0.021808	-0.537226	-0.148583	0.830248
07056	5.479613	-0.408690	8.654135	0.200765	-0.196534	-0.105861	0.788420	0.257507	0.558645	-0.297868	0.954407	-0.019551	-0.538209	-0.150988	0.829176
07057	5.481312	-0.340214	8.777668	0.205009	-0.216770	-0.114272	0.787589	0.256056	0.560480	-0.298027	0.954402	-0.017230	-0.539335	-0.153468	0.827988
07058	5.456998	-0.452348	8.646519	0.224062	-0.243017	-0.128346	0.786658	0.254407	0.562535	-0.298173	0.954399	-0.014657	-0.540612	-0.156203	0.826643
07059	5.584421	-0.016893	8.711844	0.241857	-0.283993	-0.135547	0.785522	0.252634	0.564917	-0.298372	0.954375	-0.011912	-0.542152	-0.159198	0.825062
07060	5.571817	0.107129	8.622447	0.220941	-0.300624	-0.128612	0.784274	0.250872	0.567430	-0.298502	0.954363	-0.009369	-0.543885	-0.162031	0.823368
07061	5.644607	0.020980	8.696124	0.179978	-0.347772	-0.116125	0.782723	0.249165	0.570318	-0.298528	0.954373	-0.007245	-0.546101	-0.164585	0.821392
07062	5.638871	-0.176534	8.716289	0.172334	-0.370409	-0.126120	0.781071	0.247300	0.573386	-0.298433	0.954417	-0.005110	-0.548512	-0.167126	0.819270
07063	5.431959	-0.228575	8.756876	0.199321	-0.417657	-0.141584	0.779194	0.245213	0.576825	-0.298380	0.954443	-0.002681	-0.551204	-0.170024	0.816863
07064	5.659697	-0.182878	9.089158	0.198306	-0.458817	-0.151733	0.777110	0.242926	0.580593	-0.298231	0.954494	-0.000194	-0.554219	-0.173000	0.814194
07065	5.392592	-0.329665	9.176018	0.211374	-0.534360	-0.172134	0.774649	0.240318	0.584950	-0.298026	0.954554	0.002512	-0.557763	-0.176276	0.811065
07066	5.405967	-0.039759	9.285616	0.239233	-0.642980	-0.191341	0.771619	0.237298	0.590164	-0.297827	0.954604	0.005564	-0.562052	-0.180060	0.807264
07067	5.448559	0.755427	9.460834	0.229239	-0.751544	-0.204197	0.767981	0.233948	0.596216	-0.297504	0.954682	0.008606	-0.567183	-0.183986	0.802778
07068	5.112902	1.001849	10.082390	0.164100	-0.935073	-0.183813	0.763190	0.230413	0.603698	-0.296982	0.954820	0.011017	-0.573885	-0.187695	0.797137
07069	4.614312	0.576598	10.873014	0.055902	-1.231591	-0.170546	0.756567	0.226420	0.613466	-0.295964	0.955118	0.012484	-0.583106	-0.191009	0.789622
07070	4.129344	0.123825	11.316087	0.028349	-1.575595	-0.202242	0.747885	0.221405	0.625818	-0.294554	0.955533	0.013955	-0.594900	-0.194774	0.779844
07071	3.826711	-0.238232	11.612908	0.001560	-1.975218	-0.305074	0.736880	0.214566	0.641069	-0.292252	0.956209	0.015887	-0.609587	-0.199061	0.767319
07072	3.758243	-0.352243	11.941298	0.073599	-2.413323	-0.450341	0.723266	0.205352	0.659331	-0.289367	0.957022	0.019357	-0.627019	-0.204789	0.751604
07073	3.484528	0.170099	12.274869	0.171550	-2.929971	-0.598489	0.706310	0.193479	0.680949	-0.286136	0.957872	0.024630	-0.647497	-0.212241	0.731916
07074	3.377155	0.671559	12.034696	0.309874	-3.469856	-0.787055	0.685666	0.178392	0.705718	-0.282667	0.958674	0.032301	-0.670792	-0.221631	0.707756
07075	3.650778	-1.227652	11.890143	0.260658	-4.197460	-0.956640	0.659603	0.159677	0.734457	-0.277969	0.959715	0.040989	-0.698324	-0.231193	0.677416
07076	5.038769	-2.853678	12.077183	0.435243	-5.002302	-1.108824	0.626933	0.137168	0.766903	-0.273928	0.960334	0.052167	-0.729328	-0.242781	0.639639
07077	8.478472	-2.923793	12.360732	0.597875	-5.607106	-1.272349	0.588574	0.110940	0.800796	-0.270604	0.960437	0.065834	-0.761810	-0.255446	0.595309
07078	14.483840	-2.854555	13.564190	0.596552	-5.790878	-1.317225	0.547018	0.083187	0.832977	-0.267787	0.960154	0.079968	-0.793134	-0.266804	0.547498
07079	15.433359	-2.233538	12.684491	0.845850	-5.373750	-1.316141	0.507200	0.055864	0.860016	-0.267621	0.958775	0.095552	-0.819224	-0.278622	0.501241
07080	14.033545	-0.292595	12.196219	0.697191	-5.157234	-1.236646	0.467586	0.029445	0.883457	-0.267446	0.957314	0.109644	-0.842518	-0.287545	0.455502
07081	11.435049	-1.327014	11.155778	0.282908	-4.959262	-1.199322	0.428441	0.003581	0.903563	-0.264439	0.956706	0.121597	-0.864008	-0.291034	0.410839
07082	7.655337	-1.464885	9.830348	0.118045	-4.733061	-1.267028	0.390407	-0.022259	0.920373	-0.260322	0.956241	0.133551	-0.883071	-0.291733	0.367528
07083	4.567598	-2.231306	7.812602	-0.054923	-4.491091	-1.384545	0.353915	-0.048589	0.934015	-0.254632	0.955921	0.146213	-0.899948	-0.289577	0.325943
07084	0.897077	-2.639732	5.074682	0.124114	-4.185538	-1.541779	0.319864	-0.075327	0.944464	-0.250630	0.954598	0.161017	-0.913713	-0.288215	0.286463
07085	2.783911	-2.202194	3.982782	0.192347	-3.719138	-1.236203	0.288750	-0.097847	0.952391	-0.248590	0.952984	0.173276	-0.924568	-0.286789	0.250850
07086	25.799958	-1.361156	11.499739	-0.298083	-1.843214	-0.306099	0.272438	-0.105905	0.956327	-0.245050	0.953512	0.175402	-0.930445	-0.282134	0.233821
07087	10.177516	-6.849510	10.572999	0.485496	1.070435	0.469831	0.281198	-0.098410	0.954591	-0.250812	0.952617	0.172089	-0.926294	-0.287814	0.243192
07088	-0.433902	-6.892322	5.417984	0.954953	1.939882	0.741077	0.297227	-0.085516	0.950969	-0.261890	0.950482	0.167327	-0.918188	-0.298783	0.260113
07089	-7.133065	-3.358145	2.488886	1.979035	1.575018	0.672572	0.309769	-0.074312	0.947903	-0.281958	0.944918	0.166220	-0.908043	-0.318759	0.271754
07090	-4.082724	1.498282	3.791967	1.470488	0.843901	0.735137	0.315312	-0.064445	0.946797	-0.297710	0.940608	0.163170	-0.901081	-0.333321	0.277399
07091	0.269028	2.603809	5.487319	0.900645	0.676293	0.874475	0.318728	-0.053980	0.946308	-0.308531	0.938096	0.157429	-0.896226	-0.342142	0.282343
07092	3.082983	1.395527	6.654875	0.241116	1.062999	1.012646	0.325119	-0.040648	0.944799	-0.314096	0.937717	0.148428	-0.891988	-0.345014	0.292102
07093	3.388092	-1.574595	6.645754	0.175178	1.671708	1.031769	0.336704	-0.025221	0.941273	-0.319022	0.937464	0.139237	-0.885921	-0.347168	0.307601
07094	2.419331	-1.861986	6.426156	0.465524	2.154831	0.967809	0.352609	-0.008422	0.935733	-0.326622	0.935962	0.131504	-0.876918	-0.352000	0.327278
07095	2.420448	-0.721956	6.620536	0.591803	2.437608	0.938433	0.370741	0.008966	0.928693	-0.335129	0.933874	0.124769	-0.866164	-0.357489	0.349230
07096	3.330624	0.189749	7.141748	0.480472	2.636635	0.994463	0.390082	0.027949	0.920356	-0.343222	0.931917	0.117170	-0.854421	-0.361592	0.373117
07097	4.606883	-0.188953	7.727643	0.294697	2.844026	1.098663	0.410391	0.048455	0.910621	-0.350074	0.930445	0.108259	-0.842038	-0.363213	0.398809
07098	5.840947	-1.086950	8.339917	0.203280	3.056476	1.213272	0.431654	0.071085	0.899234	-0.357068	0.928927	0.097969	-0.828359	-0.363376	0.426357
07099	6.998089	-1.650358	9.018129	0.281698	3.289721	1.325648	0.453856	0.095306	0.885963	-0.365204	0.926817	0.087384	-0.812798	-0.363217	0.455448
07100	7.805393	-1.652932	9.545058	0.394028	3.509155	1.417400	0.476831	0.121443	0.870565	-0.375173	0.923782	0.076625	-0.794907	-0.363150	0.486050
07101	19.447363	2.601766	10.991391	0.631730	3.183731	1.191390	0.497317	0.143982	0.855538	-0.385897	0.919920	0.069502	-0.777020	-0.364714	0.513054
07102	6.595510	-1.576382	8.066258	-0.019105	5.336871	1.196407	0.533401	0.174506	0.827666	-0.392128	0.918006	0.059160	-0.749479	-0.356107	0.558094
07103	5.716834	2.106387	7.423305	0.630866	3.582886	0.639200	0.557326	0.193077	0.807533	-0.400230	0.914606	0.057545	-0.727464	-0.355270	0.587009
07104	11.239810	0.576258	9.226165	-0.095762	3.425269	0.705834	0.579062	0.211866	0.787274	-0.403767	0.913430	0.051166	-0.708279	-0.347504	0.614477
07105	8.715701	0.083617	7.992384	-0.045647	3.318302	0.711559	0.599356	0.229733	0.766808	-0.407597	0.912035	0.045346	-0.688939	-0.339727	0.640272
07106	8.594609	-2.085191	8.480966	-0.155580	3.031999	0.791056	0.616706	0.247417	0.747301	-0.411564	0.910581	0.038166	-0.671035	-0.331099	0.663389
07107	8.384434	-1.881444	8.852769	-0.092942	2.855944	0.927819	0.631778	0.265165	0.728385	-0.416698	0.908527	0.030685	-0.653621	-0.322902	0.684481
07108	10.871241	-1.545918	9.836983	-0.228835	2.787869	1.055287	0.645295	0.283926	0.709211	-0.422185	0.906259	0.021324	-0.636674	-0.313179	0.704674
07109	9.988520	-1.556446	9.582266	-0.268758	2.998980	1.072435	0.659557	0.302828	0.687954	-0.427454	0.903959	0.011899	-0.618279	-0.301916	0.725657
07110	8.279127	-1.080403	9.089014	-0.378972	3.033544	0.983379	0.673747	0.320994	0.665603	-0.431931	0.901904	0.002264	-0.599583	-0.289020	0.746303
07111	7.730611	-0.101714	9.047970	-0.558510	2.926494	0.853181	0.687343	0.336899	0.643474	-0.434396	0.900690	-0.007557	-0.582116	-0.274328	0.765431
07112	7.965637	0.330737	9.195063	-0.825899	2.844039	0.723362	0.700456	0.351292	0.621253	-0.434906	0.900281	-0.018720	-0.565879	-0.257074	0.783386
07113	7.989052	0.381869	9.309693	-1.055100	2.840726	0.563071	0.713868	0.363360	0.598633	-0.432958	0.900897	-0.030528	-0.550400	-0.237390	0.800441
07114	7.609707	0.522791	9.126053	-1.238346	2.867237	0.347215	0.727857	0.373298	0.575215	-0.428966	0.902307	-0.042772	-0.534988	-0.215616	0.816883
07115	7.144091	1.056352	9.017777	-1.409441	2.868908	0.103694	0.742550	0.380056	0.551523	-0.422254	0.904808	-0.054999	-0.519925	-0.192044	0.832345
07116	6.809117	1.418328	8.755017	-1.656984	2.839642	-0.146139	0.757641	0.384116	0.527669	-0.412882	0.908219	-0.068310	-0.505478	-0.166110	0.846699
07117	6.600770	1.334305	8.475807	-1.881782	2.802954	-0.379432	0.773162	0.384900	0.504057	-0.400554	0.912557	-0.082432	-0.491709	-0.138169	0.859728
07118	6.563745	1.158849	8.429799	-2.042978	2.753486	-0.564980	0.788663	0.383413	0.480630	-0.386444	0.917143	-0.097519	-0.478196	-0.108827	0.871484
07119	6.787220	0.869435	8.440325	-2.162744	2.710321	-0.662252	0.803952	0.379839	0.457585	-0.370932	0.921710	-0.113399	-0.464834	-0.078566	0.881905
07120	7.292654	0.706032	8.622268	-2.204259	2.690759	-0.647396	0.818555	0.375825	0.434423	-0.355785	0.925449	-0.130233	-0.450981	-0.047958	0.891244
07121	7.606901	0.594496	8.250664	-2.181302	2.694514	-0.518790	0.832321	0.371877	0.411036	-0.341786	0.928115	-0.147600	-0.436377	-0.017635	0.899591
07122	2.073781	-11.490847	5.055880	-1.704022	1.517544	-0.563519	0.840717	0.366986	0.398142	-0.329881	0.930218	-0.160850	-0.429388	0.003890	0.903112
07123	13.966294	5.710940	-1.894356	2.706901	0.936159	-1.180944	0.848562	0.356019	0.391400	-0.331264	0.934307	-0.131663	-0.412562	-0.017932	0.910753
07124	15.337250	10.079962	2.021226	0.167537	0.103938	-0.716343	0.851282	0.349572	0.391304	-0.326047	0.936716	-0.127503	-0.411112	-0.019042	0.911386
07125	18.476459	6.909499	-2.649037	0.639705	0.131204	-0.365687	0.853010	0.346150	0.390582	-0.325513	0.937858	-0.120267	-0.407940	-0.024551	0.912678
07126	15.307552	3.408852	-7.633811	0.675367	-0.786910	-0.292215	0.850696	0.343328	0.398049	-0.325901	0.938617	-0.113078	-0.412438	-0.033530	0.910368
07127	18.789976	2.464822	-10.404598	1.212478	-1.816979	-0.294726	0.844061	0.339769	0.414871	-0.328437	0.939120	-0.100906	-0.423898	-0.051088	0.904268
07128	28.476189	5.899441	-13.518270	1.832642	-3.017359	-0.085914	0.831241	0.337095	0.442047	-0.335717	0.938196	-0.084152	-0.443094	-0.078452	0.893036
07129	19.753727	10.376583	-0.001038	1.305400	-3.261240	-0.247177	0.817256	0.331816	0.471159	-0.339573	0.937860	-0.071481	-0.465600	-0.101575	0.879147
07130	29.645078	6.953330	26.052446	-0.674064	-3.778116	-1.024295	0.802460	0.318219	0.504772	-0.327993	0.941904	-0.072370	-0.498477	-0.107487	0.860214
07131	15.257399	3.639319	13.194319	2.283606	0.292016	-0.658949	0.806080	0.312333	0.502676	-0.333925	0.941304	-0.049397	-0.488599	-0.128038	0.863063
07132	-5.881788	5.013213	6.412584	0.164307	-1.345907	-0.224140	0.800194	0.308378	0.514385	-0.332851	0.941816	-0.046833	-0.498898	-0.133738	0.856279
07133	19.075271	-1.801188	13.782824	-0.623628	-2.711534	-0.273401	0.787246	0.302117	0.537559	-0.327456	0.943505	-0.050712	-0.522510	-0.136104	0.841700
07134	11.562452	3.295870	8.432107	1.846061	1.117442	-0.036656	0.793138	0.303275	0.528164	-0.336579	0.941008	-0.034896	-0.507590	-0.150092	0.848425
07135	3.344954	4.457281	9.925669	-0.329397	-1.028655	0.058522	0.787670	0.302256	0.536859	-0.335315	0.941339	-0.038015	-0.516856	-0.150074	0.842815
