// General information: 
//  MT Manager version: 2022.2.0 
//  XDA version: 2022.2.0 build 7381 rev 124627 built on 2023-07-19
// Device information: 
//  DeviceId: 00B4CB9F
//  ProductCode: MTW2-3A7G6
//  Firmware Version: 4.6.0
//  Hardware Version: 2.0.0
// Device settings: 
//  Filter Profile: human(46.1)
//  Option Flags: Orientation Smoother Disabled, Position/Velocity Smoother Disabled, Continuous Zero Rotation Update Disabled, AHS Disabled, ICC Disabled
// Coordinate system: ENU
PacketCounter	Acc_X	Acc_Y	Acc_Z	Gyr_X	Gyr_Y	Gyr_Z	Mat[1][1]	Mat[2][1]	Mat[3][1]	Mat[1][2]	Mat[2][2]	Mat[3][2]	Mat[1][3]	Mat[2][3]	Mat[3][3]
61308	9.740911	-0.811855	1.330284	0.000750	0.018211	0.006601	0.032875	0.051798	0.998116	-0.316196	0.947901	-0.038778	-0.948124	-0.314325	0.047541
61309	9.660463	-0.482800	1.140510	0.056257	0.008828	0.003622	0.032894	0.051881	0.998111	-0.316767	0.947708	-0.038821	-0.947933	-0.314892	0.047608
61310	9.696412	-0.250666	0.666160	0.045937	0.013176	0.003656	0.032911	0.052013	0.998104	-0.317312	0.947522	-0.038914	-0.947750	-0.315430	0.047688
61311	9.772398	-0.372685	0.411410	0.019859	0.021503	0.005466	0.033043	0.052153	0.998092	-0.317539	0.947443	-0.038993	-0.947669	-0.315645	0.047867
61312	9.785482	-0.515441	0.219611	0.017885	0.011618	0.008628	0.033049	0.052325	0.998083	-0.317732	0.947372	-0.039146	-0.947605	-0.315829	0.047935
61313	9.819352	-0.379520	0.024058	0.028673	0.006867	0.003280	0.033050	0.052398	0.998079	-0.318042	0.947266	-0.039199	-0.947500	-0.316135	0.047972
61314	9.869101	-0.279727	-0.073534	0.010678	-0.002717	0.000945	0.032979	0.052446	0.998079	-0.318369	0.947154	-0.039251	-0.947393	-0.316463	0.047934
61315	9.811308	-0.275849	-0.111634	-0.005954	-0.007553	-0.001108	0.032858	0.052432	0.998084	-0.318349	0.947160	-0.039277	-0.947404	-0.316449	0.047813
61316	9.827242	-0.368930	0.043820	-0.035264	-0.004830	-0.008010	0.032755	0.052391	0.998089	-0.318003	0.947275	-0.039288	-0.947524	-0.316108	0.047689
61317	9.772292	-0.435197	0.183847	-0.043833	-0.012681	-0.009580	0.032611	0.052281	0.998100	-0.317622	0.947405	-0.039248	-0.947657	-0.315738	0.047502
61318	9.767206	-0.458580	0.282989	-0.043841	-0.012690	-0.009583	0.032442	0.052199	0.998110	-0.317272	0.947522	-0.039241	-0.947780	-0.315399	0.047301
61319	9.795493	-0.489798	0.489069	-0.057400	-0.002723	-0.011861	0.032400	0.052099	0.998116	-0.316761	0.947696	-0.039185	-0.947952	-0.314895	0.047208
61320	9.731780	-0.482525	0.682929	-0.057539	0.006659	-0.009098	0.032447	0.052081	0.998116	-0.316314	0.947845	-0.039175	-0.948100	-0.314447	0.047229
61321	9.823723	-0.520783	0.696793	-0.052590	0.014787	-0.009052	0.032562	0.052062	0.998113	-0.315850	0.948001	-0.039144	-0.948250	-0.313979	0.047313
61322	9.842183	-0.633220	0.689586	-0.039044	0.019723	-0.002136	0.032736	0.052151	0.998103	-0.315623	0.948075	-0.039185	-0.948320	-0.313741	0.047496
61323	9.764877	-0.551473	0.564847	-0.003753	0.017047	-0.002277	0.032851	0.052203	0.998096	-0.315624	0.948074	-0.039198	-0.948315	-0.313736	0.047621
61324	9.793395	-0.381423	0.413342	0.020866	0.009710	0.000161	0.032883	0.052289	0.998090	-0.315915	0.947975	-0.039255	-0.948217	-0.314021	0.047691
61325	9.747635	-0.258646	0.370824	0.026456	0.011938	0.002063	0.032936	0.052366	0.998085	-0.316205	0.947877	-0.039297	-0.948119	-0.314305	0.047778
61326	9.701254	-0.285194	0.345186	0.019734	0.008451	-0.004547	0.032986	0.052401	0.998081	-0.316467	0.947789	-0.039302	-0.948030	-0.314564	0.047847
61327	9.745050	-0.300983	0.308327	0.013404	-0.000755	-0.006649	0.032946	0.052356	0.998085	-0.316630	0.947736	-0.039263	-0.947977	-0.314730	0.047802
61328	9.774161	-0.416704	0.441379	-0.000632	-0.005319	-0.008257	0.032899	0.052308	0.998089	-0.316717	0.947709	-0.039228	-0.947949	-0.314821	0.047746
61329	9.784004	-0.512216	0.542644	0.003104	-0.003771	-0.003091	0.032819	0.052288	0.998093	-0.316783	0.947686	-0.039231	-0.947930	-0.314891	0.047666
61330	9.801581	-0.540788	0.607397	0.014677	-0.005028	0.005220	0.032650	0.052377	0.998094	-0.317008	0.947606	-0.039357	-0.947861	-0.315118	0.047543
61331	9.856515	-0.411650	0.694644	0.010689	-0.002704	0.000947	0.032567	0.052397	0.998095	-0.317147	0.947558	-0.039396	-0.947817	-0.315260	0.047477
61332	9.899335	-0.401359	0.788969	-0.000009	0.014911	0.004642	0.032615	0.052539	0.998086	-0.317187	0.947539	-0.039513	-0.947802	-0.315291	0.047569
61333	9.884319	-0.444642	0.904410	-0.015434	0.027875	0.003865	0.032813	0.052684	0.998072	-0.317080	0.947572	-0.039594	-0.947831	-0.315169	0.047798
61334	9.778069	-0.361405	0.761881	-0.007748	0.030593	-0.000155	0.033053	0.052829	0.998056	-0.317117	0.947557	-0.039654	-0.947810	-0.315190	0.048073
61335	9.753471	-0.312605	0.490758	-0.014720	0.030976	-0.005873	0.033312	0.052892	0.998044	-0.317014	0.947592	-0.039637	-0.947836	-0.315074	0.048333
61336	9.740499	-0.351543	0.287779	-0.029258	0.030470	-0.003938	0.033541	0.053003	0.998031	-0.316898	0.947629	-0.039676	-0.947866	-0.314943	0.048581
61337	9.733716	-0.445704	0.196220	-0.037965	0.031999	-0.002758	0.033799	0.053098	0.998017	-0.316575	0.947736	-0.039702	-0.947965	-0.314606	0.048842
61338	9.735453	-0.437544	0.165520	-0.029137	0.028608	0.001459	0.033977	0.053254	0.998003	-0.316419	0.947784	-0.039802	-0.948011	-0.314435	0.049053
61339	9.791316	-0.449656	0.239014	-0.028386	0.020674	-0.002990	0.034128	0.053311	0.997995	-0.316187	0.947861	-0.039820	-0.948083	-0.314194	0.049205
61340	9.794862	-0.490678	0.231095	-0.021422	0.020284	0.002731	0.034296	0.053446	0.997982	-0.315978	0.947927	-0.039906	-0.948146	-0.313972	0.049398
61341	9.866355	-0.424968	0.288108	-0.010348	0.011698	-0.003500	0.034364	0.053470	0.997978	-0.315917	0.947947	-0.039911	-0.948164	-0.313907	0.049468
61342	9.801394	-0.453286	0.385280	-0.004625	0.008228	-0.006125	0.034392	0.053488	0.997976	-0.315995	0.947921	-0.039916	-0.948137	-0.313982	0.049502
61343	9.828418	-0.462773	0.438426	0.005692	0.007571	-0.007907	0.034435	0.053458	0.997976	-0.316084	0.947893	-0.039869	-0.948106	-0.314072	0.049537
61344	9.768924	-0.466120	0.434937	0.002084	0.007857	-0.009441	0.034520	0.053440	0.997974	-0.316166	0.947868	-0.039821	-0.948076	-0.314151	0.049617
61345	9.797782	-0.467007	0.454545	-0.002891	0.007080	-0.013027	0.034575	0.053360	0.997977	-0.316172	0.947870	-0.039727	-0.948072	-0.314159	0.049643
61346	9.747880	-0.508971	0.495752	-0.000797	0.015109	-0.010771	0.034763	0.053351	0.997971	-0.316316	0.947825	-0.039651	-0.948017	-0.314296	0.049825
61347	9.748420	-0.415590	0.537391	-0.006758	0.011232	-0.013667	0.034859	0.053277	0.997971	-0.316286	0.947839	-0.039553	-0.948023	-0.314265	0.049891
61348	9.738758	-0.433004	0.551679	-0.017227	0.021262	-0.009114	0.035065	0.053303	0.997963	-0.316215	0.947864	-0.039517	-0.948039	-0.314185	0.050092
61349	9.792172	-0.487588	0.561031	-0.021960	0.024144	-0.005423	0.035258	0.053349	0.997953	-0.316043	0.947922	-0.039508	-0.948089	-0.314003	0.050282
61350	9.834139	-0.511785	0.559727	-0.022840	0.026551	-0.002855	0.035431	0.053458	0.997941	-0.315782	0.948006	-0.039571	-0.948170	-0.313730	0.050470
61351	9.802927	-0.552507	0.479165	-0.010280	0.024549	-0.005148	0.035627	0.053507	0.997932	-0.315721	0.948027	-0.039560	-0.948183	-0.313658	0.050668
61352	9.754930	-0.472059	0.373787	0.011359	0.022668	-0.007626	0.035808	0.053552	0.997923	-0.315970	0.947945	-0.039532	-0.948093	-0.313898	0.050865
61353	9.652231	-0.332069	0.547077	0.010961	0.028377	-0.012132	0.036062	0.053547	0.997914	-0.316108	0.947903	-0.039440	-0.948037	-0.314027	0.051110
61354	9.682906	-0.066852	1.097701	-0.036228	0.043627	-0.011355	0.036437	0.053632	0.997896	-0.315913	0.947969	-0.039413	-0.948088	-0.313812	0.051484
61355	9.753940	-0.418653	1.019159	-0.086480	0.040374	-0.008642	0.036793	0.053697	0.997879	-0.315129	0.948230	-0.039406	-0.948335	-0.313011	0.051810
61356	9.884277	-0.778357	0.691807	-0.108279	0.036688	-0.008078	0.037104	0.053789	0.997863	-0.314154	0.948552	-0.039450	-0.948647	-0.312019	0.052093
61357	9.867398	-0.622978	0.768013	-0.097511	0.039472	-0.005228	0.037441	0.053884	0.997845	-0.313266	0.948844	-0.039483	-0.948927	-0.311113	0.052406
61358	9.760613	-0.362869	0.740629	-0.090309	0.035036	-0.012101	0.037752	0.053931	0.997831	-0.312441	0.949116	-0.039477	-0.949187	-0.310273	0.052681
61359	9.810205	-0.387416	0.508062	-0.074968	0.023977	-0.016703	0.037978	0.053868	0.997826	-0.311762	0.949344	-0.039385	-0.949401	-0.309588	0.052848
61360	9.764402	-0.297094	0.369451	-0.055317	0.026969	-0.023044	0.038276	0.053779	0.997819	-0.311376	0.949477	-0.039229	-0.949516	-0.309195	0.053088
61361	9.745027	-0.366573	0.298795	-0.054029	0.015161	-0.019378	0.038427	0.053663	0.997819	-0.310894	0.949640	-0.039099	-0.949667	-0.308714	0.053176
61362	9.775199	-0.599496	0.259718	-0.031395	-0.000230	-0.030834	0.038465	0.053421	0.997831	-0.310741	0.949700	-0.038866	-0.949716	-0.308572	0.053130
61363	9.769488	-0.656312	0.261490	0.002819	-0.013017	-0.023978	0.038362	0.053174	0.997848	-0.310798	0.949690	-0.038660	-0.949702	-0.308646	0.052959
61364	9.775742	-0.502575	0.298572	0.015800	-0.017006	-0.023507	0.038212	0.052951	0.997866	-0.311018	0.949625	-0.038481	-0.949635	-0.308884	0.052755
61365	9.777980	-0.423391	0.458791	0.010219	-0.022934	-0.023692	0.038014	0.052676	0.997888	-0.311145	0.949591	-0.038274	-0.949602	-0.309033	0.052488
61366	9.776348	-0.395277	0.587608	-0.009961	-0.025761	-0.023748	0.037851	0.052419	0.997908	-0.311079	0.949621	-0.038083	-0.949630	-0.308986	0.052250
61367	9.720971	-0.404171	0.668519	-0.027453	-0.019110	-0.023185	0.037688	0.052161	0.997927	-0.310848	0.949704	-0.037901	-0.949712	-0.308775	0.052006
61368	9.788432	-0.353484	0.790040	-0.038101	-0.010974	-0.022274	0.037578	0.051969	0.997941	-0.310527	0.949814	-0.037770	-0.949821	-0.308469	0.051830
61369	9.821139	-0.394500	0.798103	-0.050756	-0.001689	-0.023504	0.037581	0.051762	0.997952	-0.310075	0.949968	-0.037596	-0.949969	-0.308027	0.051751
61370	9.832630	-0.457521	0.710802	-0.047419	0.001887	-0.021055	0.037576	0.051624	0.997959	-0.309699	0.950095	-0.037487	-0.950092	-0.307658	0.051689
61371	9.763578	-0.512471	0.621220	-0.035233	0.005665	-0.027818	0.037662	0.051399	0.997968	-0.309393	0.950204	-0.037263	-0.950188	-0.307360	0.051689
61372	9.717593	-0.479063	0.537674	-0.030865	0.004991	-0.022548	0.037712	0.051254	0.997973	-0.309165	0.950284	-0.037121	-0.950260	-0.307139	0.051683
61373	9.761790	-0.492601	0.500657	-0.021245	0.001114	-0.026286	0.037750	0.051029	0.997983	-0.308993	0.950348	-0.036905	-0.950315	-0.306976	0.051644
61374	9.782986	-0.444103	0.441960	-0.017863	-0.002801	-0.032042	0.037758	0.050764	0.997997	-0.308897	0.950389	-0.036655	-0.950346	-0.306894	0.051566
61375	9.827218	-0.364904	0.445489	-0.025087	-0.005951	-0.033387	0.037751	0.050450	0.998013	-0.308685	0.950469	-0.036370	-0.950415	-0.306698	0.051454
61376	9.850269	-0.307194	0.352979	-0.050952	-0.003737	-0.038883	0.037721	0.050130	0.998030	-0.308226	0.950628	-0.036100	-0.950565	-0.306258	0.051310
61377	9.798619	-0.264078	0.467086	-0.088112	0.005106	-0.041796	0.037844	0.049770	0.998043	-0.307412	0.950904	-0.035763	-0.950824	-0.305457	0.051286
61378	9.779619	-0.263739	0.590200	-0.113756	0.003401	-0.048225	0.037939	0.049375	0.998059	-0.306399	0.951244	-0.035412	-0.951147	-0.304461	0.051217
61379	9.758597	-0.247387	0.592285	-0.138096	0.006402	-0.054344	0.038112	0.048900	0.998076	-0.305103	0.951677	-0.034976	-0.951556	-0.303183	0.051190
61380	9.804657	-0.216249	0.620042	-0.177348	0.008871	-0.055952	0.038322	0.048445	0.998090	-0.303509	0.952202	-0.034565	-0.952058	-0.301604	0.051194
61381	9.820523	-0.341537	0.677177	-0.207616	0.018822	-0.061217	0.038633	0.047941	0.998103	-0.301547	0.952841	-0.034095	-0.952668	-0.299658	0.051267
61382	9.792802	-0.576253	0.631526	-0.219490	0.023582	-0.059680	0.038993	0.047494	0.998110	-0.299535	0.953491	-0.033669	-0.953288	-0.297656	0.051406
61383	9.816299	-0.633305	0.653418	-0.203052	0.026625	-0.061187	0.039376	0.047012	0.998118	-0.297614	0.954109	-0.033198	-0.953874	-0.295747	0.051561
61384	9.843602	-0.672351	0.608988	-0.182569	0.031108	-0.060120	0.039793	0.046583	0.998122	-0.295870	0.954666	-0.032759	-0.954399	-0.294011	0.051771
61385	9.838378	-0.700700	0.458334	-0.156243	0.032284	-0.061665	0.040230	0.046111	0.998126	-0.294393	0.955140	-0.032260	-0.954837	-0.292544	0.052000
61386	9.844995	-0.759274	0.317798	-0.118997	0.027310	-0.060472	0.040586	0.045673	0.998132	-0.293185	0.955527	-0.031802	-0.955194	-0.291346	0.052171
61387	9.839719	-0.754028	0.265200	-0.078323	0.022249	-0.066757	0.040941	0.045122	0.998142	-0.292449	0.955772	-0.031212	-0.955404	-0.290628	0.052326
61388	9.769021	-0.721571	0.251581	-0.041056	0.011904	-0.067480	0.041215	0.044566	0.998156	-0.292020	0.955922	-0.030623	-0.955524	-0.290219	0.052412
61389	9.840229	-0.708826	0.365476	-0.018503	0.004496	-0.068090	0.041403	0.043951	0.998175	-0.291854	0.955993	-0.029988	-0.955566	-0.290080	0.052409
61390	9.855330	-0.623747	0.352377	-0.005697	0.004518	-0.066674	0.041545	0.043386	0.998194	-0.291852	0.956011	-0.029405	-0.955561	-0.290103	0.052380
61391	9.917502	-0.662045	0.379985	-0.001096	0.007383	-0.065769	0.041754	0.042801	0.998211	-0.291853	0.956030	-0.028785	-0.955551	-0.290129	0.052410
61392	9.842405	-0.615527	0.531268	-0.009183	0.017403	-0.072385	0.042074	0.042217	0.998222	-0.291736	0.956085	-0.028138	-0.955573	-0.290034	0.052543
61393	9.826410	-0.695792	0.579687	-0.005482	0.018867	-0.078886	0.042431	0.041540	0.998235	-0.291690	0.956121	-0.027389	-0.955571	-0.290013	0.052686
61394	9.886807	-0.741673	0.642510	0.006490	0.032157	-0.082681	0.042918	0.040903	0.998241	-0.291743	0.956126	-0.026634	-0.955533	-0.290087	0.052968
61395	9.827220	-0.679258	0.585530	0.015692	0.034128	-0.090876	0.043456	0.040156	0.998248	-0.291893	0.956104	-0.025754	-0.955463	-0.290263	0.053270
61396	9.729368	-0.660072	0.676544	0.032906	0.048091	-0.093700	0.044136	0.039458	0.998246	-0.292296	0.956005	-0.024865	-0.955309	-0.290686	0.053727
61397	9.725004	-0.636433	0.847052	0.037513	0.061798	-0.100626	0.044967	0.038699	0.998239	-0.292649	0.955922	-0.023876	-0.955162	-0.291060	0.054310
61398	9.788053	-0.629166	0.946227	0.045819	0.071592	-0.104278	0.045918	0.037974	0.998223	-0.293090	0.955811	-0.022878	-0.954982	-0.291519	0.055019
61399	9.779161	-0.684392	0.647940	0.061990	0.067766	-0.108645	0.046831	0.037156	0.998212	-0.293671	0.955658	-0.021795	-0.954759	-0.292125	0.055666
61400	9.753799	-0.794815	0.494619	0.068989	0.063627	-0.112890	0.047722	0.036326	0.998200	-0.294396	0.955460	-0.020696	-0.954491	-0.292878	0.056291
61401	9.651644	-0.806744	0.435524	0.090604	0.069463	-0.118716	0.048682	0.035419	0.998186	-0.295243	0.955223	-0.019495	-0.954181	-0.293758	0.056959
61402	9.590814	-0.709022	0.480632	0.117174	0.070660	-0.122846	0.049675	0.034521	0.998169	-0.296364	0.954900	-0.018275	-0.953782	-0.294914	0.057665
61403	9.620835	-0.529980	0.427142	0.126877	0.064806	-0.132948	0.050634	0.033466	0.998156	-0.297547	0.954557	-0.016910	-0.953363	-0.296142	0.058291
61404	9.662614	-0.238897	0.457366	0.113153	0.064921	-0.138198	0.051548	0.032413	0.998144	-0.298665	0.954231	-0.015563	-0.952965	-0.297309	0.058870
61405	9.678830	-0.053449	0.546296	0.066896	0.061372	-0.150433	0.052529	0.031183	0.998132	-0.299265	0.954067	-0.014057	-0.952723	-0.297967	0.059448
61406	9.775929	0.027255	0.629087	0.007873	0.057680	-0.164136	0.053516	0.029858	0.998121	-0.299228	0.954100	-0.012497	-0.952680	-0.297997	0.059994
61407	9.794892	-0.186224	0.681584	-0.053679	0.055401	-0.174685	0.054512	0.028379	0.998110	-0.298663	0.954297	-0.010821	-0.952801	-0.297508	0.060496
61408	9.771673	-0.459447	0.607241	-0.062945	0.051045	-0.184648	0.055485	0.026837	0.998099	-0.297991	0.954525	-0.009100	-0.952955	-0.296920	0.060959
61409	9.732805	-0.593300	0.442922	-0.034064	0.041864	-0.189461	0.056395	0.025175	0.998091	-0.297601	0.954663	-0.007265	-0.953023	-0.296623	0.061330
61410	9.626335	-0.752064	0.285601	-0.017871	0.052456	-0.194347	0.057433	0.023544	0.998072	-0.297457	0.954720	-0.005404	-0.953006	-0.296573	0.061836
61411	9.322880	-0.977953	0.170017	-0.006129	0.042289	-0.186114	0.058336	0.021915	0.998056	-0.297331	0.954768	-0.003586	-0.952991	-0.296544	0.062214
61412	9.421402	-0.936608	0.185931	0.056859	0.027488	-0.173866	0.059079	0.020407	0.998045	-0.297876	0.954603	-0.001886	-0.952775	-0.297182	0.062476
61413	9.502732	-0.270816	0.385636	0.129032	0.000535	-0.157486	0.059501	0.018928	0.998049	-0.299052	0.954237	-0.000268	-0.952380	-0.298453	0.062439
61414	9.819007	0.732881	0.650489	0.111161	-0.020444	-0.152308	0.059671	0.017493	0.998065	-0.300079	0.953913	0.001221	-0.952046	-0.299572	0.062171
61415	9.745653	1.326790	0.815738	-0.003081	-0.032077	-0.162116	0.059799	0.015874	0.998084	-0.299993	0.953937	0.002802	-0.952065	-0.299586	0.061806
61416	9.479648	1.097737	0.822153	-0.152740	-0.032036	-0.185449	0.059941	0.014082	0.998103	-0.298478	0.954406	0.004459	-0.952532	-0.298179	0.061411
61417	9.237546	0.411009	0.958028	-0.233953	-0.027827	-0.188742	0.060183	0.012221	0.998113	-0.296176	0.955114	0.006164	-0.953235	-0.295988	0.061101
61418	9.231790	0.171086	1.136899	-0.171347	-0.038567	-0.175628	0.060266	0.010492	0.998127	-0.294392	0.955653	0.007730	-0.953783	-0.294307	0.060682
61419	9.578597	0.671493	1.322281	-0.098229	-0.034470	-0.150218	0.060326	0.008978	0.998138	-0.293405	0.955945	0.009134	-0.954083	-0.293410	0.060302
61420	10.059020	1.478280	1.261355	-0.105942	-0.006342	-0.129201	0.060540	0.007797	0.998135	-0.292443	0.956228	0.010268	-0.954365	-0.292520	0.060170
61421	10.302076	1.751397	0.974287	-0.214213	0.030392	-0.124796	0.061140	0.006715	0.998107	-0.290363	0.956849	0.011349	-0.954961	-0.290507	0.060452
61422	10.295062	1.601191	0.921869	-0.349875	0.082761	-0.130472	0.062260	0.005763	0.998043	-0.287060	0.957833	0.012376	-0.955887	-0.287269	0.061289
61423	10.138146	1.111129	1.111882	-0.468839	0.127023	-0.135148	0.063807	0.004854	0.997950	-0.282531	0.959165	0.013399	-0.957134	-0.282807	0.062573
61424	9.783762	0.549151	0.385431	-0.483049	0.102149	-0.143347	0.065163	0.003811	0.997867	-0.277889	0.960504	0.014478	-0.958401	-0.278239	0.063648
61425	9.927684	0.143312	-0.240676	-0.469430	0.082994	-0.129883	0.066264	0.002816	0.997798	-0.273342	0.961793	0.015438	-0.959632	-0.273763	0.064502
61426	9.827236	-0.008576	-0.431712	-0.460529	0.082417	-0.123855	0.067358	0.001896	0.997727	-0.268869	0.963039	0.016322	-0.960819	-0.269357	0.065378
61427	9.586819	-0.534301	-0.441183	-0.420830	0.049866	-0.118697	0.068101	0.000910	0.997678	-0.264784	0.964154	0.017194	-0.961900	-0.265340	0.065901
61428	9.544269	-0.941796	-0.156506	-0.303867	0.006928	-0.104704	0.068377	-0.000027	0.997660	-0.261868	0.964936	0.017974	-0.962678	-0.262484	0.065973
61429	9.602705	-0.298373	0.039995	-0.132245	-0.059503	-0.083136	0.067969	-0.000960	0.997687	-0.260579	0.965272	0.018681	-0.963057	-0.261246	0.065358
61430	9.571611	0.640682	0.629413	-0.140121	-0.112968	-0.078950	0.067045	-0.001965	0.997748	-0.259222	0.965624	0.019321	-0.963488	-0.259934	0.064231
61431	9.532607	1.086407	1.353664	-0.273234	-0.136813	-0.073714	0.065864	-0.003005	0.997824	-0.256581	0.966319	0.019847	-0.964276	-0.257330	0.062875
61432	9.779584	1.068975	1.967438	-0.395414	-0.152306	-0.054251	0.064507	-0.003873	0.997910	-0.252746	0.967324	0.020093	-0.965380	-0.253514	0.061420
61433	9.985463	0.830565	2.381581	-0.460313	-0.158446	-0.053387	0.063058	-0.004762	0.997998	-0.248306	0.968469	0.020311	-0.966627	-0.249090	0.059887
61434	10.123947	0.480880	2.390727	-0.451676	-0.151612	-0.050650	0.061615	-0.005570	0.998084	-0.243922	0.969579	0.020469	-0.967836	-0.244716	0.058382
61435	9.789986	0.019485	2.319479	-0.359324	-0.123355	-0.042719	0.060472	-0.006258	0.998150	-0.240458	0.970440	0.020652	-0.968774	-0.241262	0.057180
61436	9.911280	-0.202397	1.892348	-0.173669	-0.130063	-0.035486	0.059267	-0.006873	0.998218	-0.238679	0.970875	0.020856	-0.969288	-0.239490	0.055901
61437	10.064061	0.008615	1.137891	0.013475	-0.098879	-0.017695	0.058299	-0.007255	0.998273	-0.238840	0.970832	0.021004	-0.969307	-0.239652	0.054866
61438	9.942692	0.134768	0.509661	0.117895	-0.062564	-0.010601	0.057708	-0.007466	0.998306	-0.239918	0.970563	0.021127	-0.969076	-0.240730	0.054219
61439	9.779861	0.169867	-0.093865	0.194897	-0.059552	-0.000638	0.057081	-0.007590	0.998341	-0.241847	0.970083	0.021203	-0.968634	-0.242656	0.053538
61440	9.799797	0.321254	-0.558419	0.227867	-0.061614	0.018008	0.056415	-0.007516	0.998379	-0.244127	0.969514	0.021093	-0.968101	-0.244921	0.052860
61441	9.761901	0.114342	-0.743364	0.200868	-0.066252	0.027196	0.055655	-0.007389	0.998423	-0.246127	0.969012	0.020891	-0.967638	-0.246902	0.052112
61442	9.727731	-0.286873	-0.791571	0.201303	-0.082961	0.029957	0.054729	-0.007254	0.998475	-0.248078	0.968520	0.020635	-0.967193	-0.248829	0.051207
61443	9.679072	-0.259175	-0.409918	0.244572	-0.105150	0.033084	0.053578	-0.007171	0.998538	-0.250501	0.967902	0.020392	-0.966633	-0.251227	0.050062
61444	9.661223	0.315916	0.056457	0.246144	-0.122661	0.034219	0.052292	-0.007108	0.998607	-0.252854	0.967295	0.020126	-0.966090	-0.253555	0.048784
61445	9.590899	0.654732	0.584941	0.167984	-0.144969	0.024188	0.050778	-0.007217	0.998684	-0.254530	0.966860	0.019929	-0.965731	-0.255207	0.047258
61446	9.727011	0.919467	1.077112	0.074298	-0.149878	0.022253	0.049238	-0.007339	0.998760	-0.255332	0.966653	0.019690	-0.965599	-0.255985	0.045722
61447	9.626468	0.966054	1.381651	-0.007662	-0.157216	0.013364	0.047633	-0.007586	0.998836	-0.255305	0.966664	0.019517	-0.965687	-0.255937	0.044108
61448	9.542318	0.734571	1.579842	-0.049757	-0.170445	0.006906	0.045940	-0.007913	0.998913	-0.254825	0.966793	0.019378	-0.965895	-0.255438	0.042398
61449	9.620224	0.370380	1.613529	-0.049354	-0.176134	0.013901	0.044151	-0.008203	0.998991	-0.254395	0.966910	0.019182	-0.966092	-0.254985	0.040603
61450	9.826946	-0.053548	1.377514	-0.012993	-0.174905	0.017720	0.042338	-0.008424	0.999068	-0.254274	0.966947	0.018929	-0.966205	-0.254838	0.038796
61451	9.592956	-0.383534	1.193604	0.062008	-0.184407	0.023304	0.040444	-0.008644	0.999144	-0.254923	0.966781	0.018683	-0.966115	-0.255460	0.036897
61452	9.633422	-0.575498	1.134687	0.139810	-0.189733	0.039451	0.038468	-0.008701	0.999222	-0.256333	0.966416	0.018284	-0.965823	-0.256837	0.034946
61453	9.606498	-0.756983	1.150430	0.234442	-0.194883	0.055752	0.036390	-0.008639	0.999300	-0.258657	0.965806	0.017769	-0.965284	-0.259123	0.032911
61454	9.560558	-0.858194	1.137673	0.339843	-0.205973	0.077112	0.034196	-0.008389	0.999380	-0.261973	0.964924	0.017064	-0.964469	-0.262394	0.030799
61455	9.448196	-0.729001	1.213086	0.439561	-0.227707	0.096814	0.031693	-0.008033	0.999465	-0.266282	0.963759	0.016189	-0.963374	-0.266652	0.028406
61456	9.567828	-0.129811	1.271543	0.523270	-0.247160	0.124537	0.028959	-0.007448	0.999553	-0.271325	0.962370	0.015032	-0.962052	-0.271639	0.025849
61457	9.669950	0.718896	1.269245	0.546512	-0.270940	0.128134	0.025951	-0.006934	0.999639	-0.276654	0.960870	0.013847	-0.960619	-0.276913	0.023017
61458	9.682035	1.260063	1.091756	0.481456	-0.306485	0.128155	0.022619	-0.006505	0.999723	-0.281276	0.959544	0.012608	-0.959360	-0.281483	0.019874
61459	9.626215	1.561923	0.873745	0.408212	-0.335365	0.126395	0.018993	-0.006220	0.999800	-0.285255	0.958384	0.011381	-0.958264	-0.285414	0.016428
61460	9.647982	1.610833	0.743976	0.299145	-0.351841	0.117624	0.015225	-0.006042	0.999866	-0.288065	0.957557	0.010173	-0.957490	-0.288181	0.012838
61461	9.717757	1.061307	0.769399	0.195569	-0.363365	0.108387	0.011381	-0.006031	0.999917	-0.289990	0.956987	0.009073	-0.956962	-0.290069	0.009142
61462	9.610843	0.484738	1.020644	0.174150	-0.384620	0.102323	0.007323	-0.006117	0.999954	-0.291745	0.956463	0.007988	-0.956468	-0.291790	0.005220
61463	9.580823	0.370830	1.507521	0.192065	-0.410881	0.101471	0.003044	-0.006326	0.999975	-0.293625	0.955895	0.006941	-0.955916	-0.293639	0.001053
61464	9.644974	0.567207	2.094435	0.185394	-0.438933	0.093994	-0.001486	-0.006673	0.999977	-0.295517	0.955319	0.005936	-0.955336	-0.295501	-0.003392
61465	9.445963	0.659751	2.722828	0.128999	-0.465491	0.085248	-0.006238	-0.007213	0.999955	-0.296783	0.954932	0.005037	-0.954924	-0.296738	-0.008098
61466	9.569186	0.887703	3.329674	0.075674	-0.480562	0.078365	-0.011104	-0.007841	0.999908	-0.297481	0.954719	0.004183	-0.954663	-0.297407	-0.012934
61467	9.750632	0.965981	3.696112	0.034067	-0.488711	0.078959	-0.016057	-0.008517	0.999835	-0.297833	0.954612	0.003349	-0.954483	-0.297730	-0.017865
61468	9.705419	1.390460	3.926681	0.085850	-0.494405	0.096067	-0.021091	-0.009019	0.999737	-0.298553	0.954390	0.002311	-0.954160	-0.298426	-0.022822
61469	10.259816	2.564851	3.556183	0.139636	-0.465732	0.136805	-0.025996	-0.009083	0.999621	-0.299889	0.953974	0.000869	-0.953620	-0.299753	-0.027524
61470	10.497214	2.564230	2.972514	0.005264	-0.341161	0.143870	-0.029750	-0.008680	0.999520	-0.299972	0.953948	-0.000644	-0.953484	-0.299847	-0.030984
61471	10.151896	0.675439	2.543405	-0.113733	-0.182010	0.156202	-0.032007	-0.007711	0.999458	-0.298876	0.954290	-0.002209	-0.953755	-0.298784	-0.032849
61472	9.590571	-1.447683	1.983055	-0.032403	-0.041503	0.191455	-0.033006	-0.005969	0.999437	-0.298548	0.954385	-0.004160	-0.953824	-0.298518	-0.033282
61473	9.763258	-2.068936	1.619104	0.229031	0.025135	0.270855	-0.033631	-0.003286	0.999429	-0.300678	0.953700	-0.006983	-0.953132	-0.300741	-0.033062
61474	10.172420	-1.036713	1.415697	0.361522	0.078115	0.327372	-0.033995	0.000137	0.999422	-0.304180	0.952557	-0.010477	-0.952008	-0.304360	-0.032340
61475	10.096719	-0.383626	1.645376	0.238558	0.099547	0.332292	-0.034115	0.003629	0.999411	-0.306373	0.951810	-0.013914	-0.951300	-0.306668	-0.031360
61476	10.484066	-0.289787	2.892570	0.106206	0.129612	0.306523	-0.033890	0.007003	0.999401	-0.307385	0.951432	-0.017091	-0.950981	-0.307780	-0.030091
61477	10.701107	-0.426408	4.568629	0.074261	0.145192	0.291634	-0.033460	0.010248	0.999388	-0.308030	0.951165	-0.020067	-0.950788	-0.308512	-0.028669
61478	11.311730	-0.877726	5.320554	0.059094	0.234753	0.262047	-0.032046	0.013530	0.999395	-0.308467	0.950963	-0.022765	-0.950695	-0.309009	-0.026301
61479	12.630610	-1.436881	5.536079	-0.010170	0.488268	0.220494	-0.028137	0.017158	0.999457	-0.308340	0.950948	-0.025006	-0.950860	-0.308876	-0.021466
61480	13.496758	-2.170365	6.335136	-0.203494	0.855870	0.186554	-0.020626	0.021643	0.999553	-0.306464	0.951501	-0.026927	-0.951659	-0.306883	-0.012993
61481	11.877930	-2.797896	7.147688	-0.153415	1.072574	0.174336	-0.011002	0.026608	0.999585	-0.305013	0.951916	-0.028697	-0.952284	-0.305203	-0.002357
61482	10.720779	-2.879755	6.675818	0.201789	1.041466	0.151398	-0.001552	0.031322	0.999508	-0.306961	0.951240	-0.030286	-0.951721	-0.306857	0.008138
61483	10.859983	-2.400797	5.264805	0.347705	1.070272	0.102774	0.008257	0.035622	0.999331	-0.310309	0.950120	-0.031304	-0.950600	-0.309843	0.018899
61484	11.211036	-2.309564	3.895598	0.231007	1.192776	0.066335	0.019331	0.040078	0.999010	-0.312614	0.949340	-0.032036	-0.949683	-0.311685	0.030880
61485	11.643945	-2.583079	2.817009	0.041110	1.364204	0.068424	0.032015	0.045001	0.998474	-0.313061	0.949169	-0.032741	-0.949193	-0.311535	0.044476
61486	11.812407	-2.882119	1.764076	-0.102977	1.537380	0.132774	0.046144	0.051161	0.997624	-0.312342	0.949353	-0.034238	-0.948848	-0.310020	0.059786
61487	11.687262	-2.761033	0.689054	-0.096739	1.597707	0.196627	0.060632	0.057990	0.996474	-0.311569	0.949530	-0.036300	-0.948287	-0.308270	0.075640
61488	11.161320	-1.885898	-0.271469	-0.109052	1.506663	0.199575	0.074319	0.064626	0.995138	-0.310805	0.949695	-0.038463	-0.947564	-0.306435	0.090666
61489	10.777479	-0.602276	-1.484293	0.097072	1.328717	0.152342	0.086372	0.070168	0.993789	-0.311887	0.949280	-0.039919	-0.946185	-0.306502	0.103876
61490	11.161443	0.836708	-1.894165	0.412999	1.269325	0.148551	0.097844	0.075630	0.992324	-0.316088	0.947840	-0.041073	-0.943671	-0.309643	0.116646
61491	11.774715	1.934447	-1.530051	0.188480	1.377747	0.197412	0.110152	0.081795	0.990543	-0.318112	0.947085	-0.042831	-0.941632	-0.310386	0.130343
61492	11.412324	1.977633	-1.254823	-0.487608	1.506854	0.162462	0.123755	0.088104	0.988394	-0.313882	0.948384	-0.045237	-0.941362	-0.304641	0.145022
61493	10.348365	1.496847	-3.401774	-0.475162	1.424985	0.084999	0.136849	0.093235	0.986195	-0.309563	0.949725	-0.046831	-0.940980	-0.298881	0.158831
61494	9.714132	1.161920	-3.951076	-0.180114	1.390194	0.114529	0.149422	0.098601	0.983845	-0.308250	0.950073	-0.048401	-0.939497	-0.296038	0.172355
61495	9.328255	-0.082134	-2.955937	-0.353545	1.427461	0.153380	0.162301	0.104275	0.981216	-0.305213	0.950940	-0.050573	-0.938351	-0.291272	0.186165
61496	9.244047	-1.503798	-2.707855	-0.488639	1.392537	0.168718	0.174822	0.109987	0.978438	-0.300966	0.952147	-0.053256	-0.937474	-0.285167	0.199558
61497	9.441035	-2.083340	-2.855690	-0.244808	1.320334	0.221087	0.186473	0.115858	0.975605	-0.299118	0.952574	-0.055951	-0.935819	-0.281387	0.212284
61498	9.615654	-1.759194	-2.697031	0.095833	1.257633	0.268421	0.197345	0.122050	0.972707	-0.300554	0.951971	-0.058471	-0.933125	-0.280812	0.224549
61499	9.315848	-1.100182	-2.281424	0.297712	1.231073	0.293309	0.207872	0.128331	0.969701	-0.303967	0.950749	-0.060663	-0.929728	-0.282147	0.236643
61500	8.820994	-0.509378	-1.818165	0.401591	1.191173	0.286305	0.218053	0.134498	0.966625	-0.308322	0.949225	-0.062525	-0.925954	-0.284398	0.248450
61501	8.434007	-0.168548	-1.467548	0.469808	1.134969	0.263219	0.227669	0.140264	0.963583	-0.313295	0.947503	-0.063900	-0.921961	-0.287338	0.259661
61502	8.171121	0.104902	-0.929633	0.518882	1.087920	0.237893	0.236808	0.145769	0.960559	-0.318729	0.945620	-0.064925	-0.917788	-0.290783	0.270391
61503	8.261359	0.454331	-0.239396	0.510724	1.052190	0.211596	0.245710	0.150869	0.957531	-0.323962	0.943795	-0.065574	-0.913605	-0.294092	0.280776
61504	8.532525	0.544414	0.384469	0.392730	1.031263	0.192640	0.254412	0.155819	0.954460	-0.328164	0.942287	-0.066359	-0.909716	-0.296337	0.290864
61505	8.879304	0.276845	1.063235	0.229056	1.033979	0.174669	0.263173	0.160555	0.951295	-0.330743	0.941313	-0.067372	-0.906283	-0.296904	0.300831
61506	9.077043	-0.101288	1.791593	0.031315	1.071693	0.151365	0.272280	0.165251	0.947922	-0.331635	0.940898	-0.068768	-0.903262	-0.295640	0.310990
61507	9.124608	-0.771871	2.294451	-0.236331	1.084684	0.159488	0.281485	0.169962	0.944394	-0.329992	0.941306	-0.071049	-0.901039	-0.291643	0.321049
61508	9.013850	-1.948627	2.708062	-0.582078	1.071469	0.199358	0.290408	0.175003	0.940764	-0.325448	0.942590	-0.074879	-0.899859	-0.284425	0.330690
61509	8.318575	-3.363645	3.054296	-0.788151	1.063547	0.250177	0.299117	0.180364	0.937015	-0.319144	0.944333	-0.079894	-0.899264	-0.275145	0.340028
61510	6.968748	-4.176739	2.680047	-0.534972	0.865625	0.277171	0.305880	0.185427	0.933838	-0.315265	0.945241	-0.084426	-0.898357	-0.268582	0.347589
61511	5.899423	-4.241649	1.967160	-0.019212	0.550792	0.279985	0.309888	0.189575	0.931682	-0.316003	0.944749	-0.087127	-0.896723	-0.267415	0.352673
61512	5.415201	-3.750908	1.699652	0.458584	0.309597	0.260058	0.311795	0.192935	0.930355	-0.320937	0.943003	-0.088001	-0.894306	-0.271147	0.355944
61513	6.038464	-2.638241	2.111751	0.730352	0.123132	0.214165	0.312147	0.195316	0.929740	-0.328175	0.940564	-0.087409	-0.891552	-0.277833	0.357692
61514	6.985407	-0.769539	2.228580	0.862812	-0.024173	0.163064	0.311284	0.196915	0.929692	-0.336570	0.937730	-0.085926	-0.888720	-0.286160	0.358176
61515	7.550437	1.524939	1.752422	0.852159	-0.149792	0.113805	0.309514	0.197571	0.930143	-0.344535	0.935012	-0.083957	-0.886282	-0.294481	0.357469
61516	8.358296	3.619699	1.933622	0.412004	-0.259588	0.081290	0.306835	0.197653	0.931013	-0.348510	0.933593	-0.083342	-0.885660	-0.298895	0.355343
61517	9.666172	3.614889	3.295530	-0.611629	-0.218287	0.106858	0.304476	0.198029	0.931707	-0.343460	0.935173	-0.086526	-0.888442	-0.293659	0.352753
61518	11.249151	1.102589	5.677283	-1.673564	0.030733	0.131139	0.304245	0.199413	0.931488	-0.328996	0.939670	-0.093707	-0.893978	-0.277946	0.351496
61519	11.578104	-1.332832	7.073084	-2.282104	0.269897	0.070224	0.306390	0.200822	0.930481	-0.308784	0.945603	-0.102408	-0.900432	-0.255941	0.351734
61520	9.007463	-3.526080	6.806824	-2.348041	0.341857	0.006857	0.309349	0.201811	0.929288	-0.287716	0.951284	-0.110810	-0.906379	-0.233091	0.352343
61521	6.828242	-5.489385	6.229869	-1.996956	0.193531	-0.005828	0.311073	0.202216	0.928624	-0.269597	0.955740	-0.117810	-0.911346	-0.213707	0.351822
61522	6.225424	-6.313343	5.786090	-1.349690	-0.033470	-0.003938	0.310718	0.202206	0.928745	-0.257362	0.958508	-0.122584	-0.914997	-0.200934	0.349866
61523	6.699923	-5.395483	4.672393	-0.549344	-0.340580	-0.044741	0.307661	0.201130	0.929995	-0.252240	0.959674	-0.124102	-0.917453	-0.196401	0.345987
61524	7.322536	-3.220632	2.532198	0.064047	-0.639774	-0.127633	0.302019	0.198805	0.932342	-0.252705	0.959721	-0.122784	-0.919198	-0.198524	0.340093
61525	8.219609	-0.890773	0.393795	0.293837	-0.790068	-0.215710	0.295247	0.195179	0.935272	-0.254814	0.959540	-0.119804	-0.920814	-0.202949	0.333035
61526	8.653566	0.876419	-1.491116	0.289295	-0.800216	-0.271145	0.288486	0.191059	0.938228	-0.256806	0.959426	-0.116414	-0.922403	-0.207359	0.325846
61527	9.328488	1.254222	-2.553727	0.292077	-0.796597	-0.277845	0.281798	0.186754	0.941123	-0.258760	0.959323	-0.112886	-0.923923	-0.211714	0.318659
61528	11.095614	0.847321	-1.715729	0.245769	-0.705454	-0.288849	0.275961	0.182570	0.943670	-0.260282	0.959306	-0.109479	-0.925256	-0.215408	0.312251
61529	12.083925	0.934077	1.025424	0.124532	-0.530995	-0.397209	0.272028	0.177638	0.945751	-0.260396	0.959735	-0.105366	-0.926388	-0.217607	0.307331
61530	11.347789	1.403795	3.702639	0.054287	-0.488068	-0.560446	0.268914	0.171283	0.947812	-0.259484	0.960560	-0.099966	-0.927553	-0.219059	0.302753
61531	10.838793	0.166107	4.172308	-0.239644	-0.589704	-0.634401	0.265020	0.163926	0.950207	-0.255614	0.962131	-0.094690	-0.929745	-0.217791	0.296886
61532	12.062674	-2.599449	4.487479	-0.569789	-0.612231	-0.632174	0.260817	0.156584	0.952605	-0.248684	0.964354	-0.090427	-0.932808	-0.213313	0.290459
61533	12.057008	-4.418209	3.818621	-0.662526	-0.622481	-0.607839	0.256437	0.149434	0.954940	-0.240971	0.966665	-0.086559	-0.936041	-0.207916	0.283898
61534	10.630326	-5.959670	1.414836	-0.390884	-0.783564	-0.488819	0.250166	0.143164	0.957560	-0.236117	0.968168	-0.083064	-0.938971	-0.205316	0.276006
61535	10.756972	-6.167560	0.880353	0.108781	-0.758977	-0.322325	0.243744	0.138507	0.959898	-0.236392	0.968383	-0.079705	-0.940589	-0.207485	0.268780
61536	10.047944	-3.675350	0.927002	0.725649	-0.726531	-0.249432	0.237402	0.134666	0.962032	-0.242728	0.967153	-0.075485	-0.940598	-0.215592	0.262291
61537	9.346456	-1.071293	-0.123715	1.164477	-0.783794	-0.271569	0.230655	0.130334	0.964267	-0.253088	0.964916	-0.069882	-0.939545	-0.227926	0.255549
61538	9.284043	0.939818	-1.333796	1.345193	-0.829846	-0.310280	0.223544	0.125448	0.966587	-0.264882	0.962180	-0.063616	-0.938011	-0.241810	0.248319
61539	9.355032	2.782939	-1.211106	1.180325	-0.855070	-0.367927	0.216471	0.119820	0.968909	-0.275184	0.959688	-0.057199	-0.936704	-0.254247	0.240717
61540	9.118846	3.174757	-0.610190	0.784133	-0.867018	-0.425899	0.209492	0.113576	0.971192	-0.281639	0.958148	-0.051300	-0.936372	-0.262778	0.232711
61541	9.045154	1.382031	-0.013728	0.414041	-0.889095	-0.421108	0.202303	0.107211	0.973437	-0.284697	0.957499	-0.046289	-0.937028	-0.267770	0.224228
61542	9.379414	-0.504125	0.794081	0.330814	-0.904559	-0.378939	0.194795	0.101189	0.975610	-0.286984	0.957016	-0.041960	-0.937921	-0.271811	0.215461
61543	9.327435	-0.970852	2.097517	0.352016	-0.881225	-0.333716	0.187436	0.095609	0.977613	-0.289696	0.956365	-0.037988	-0.938586	-0.276090	0.206955
61544	9.638270	-0.522371	3.433143	0.211944	-0.860575	-0.313399	0.180130	0.090289	0.979490	-0.291154	0.956051	-0.034585	-0.939565	-0.278952	0.198501
61545	9.864493	-0.393877	3.840768	0.060951	-0.849982	-0.307439	0.172980	0.085000	0.981251	-0.291230	0.956135	-0.031484	-0.940884	-0.280324	0.190147
61546	9.792716	0.167273	3.870258	-0.016188	-0.866203	-0.338259	0.165722	0.079393	0.982971	-0.290478	0.956464	-0.028279	-0.942422	-0.280845	0.181569
61547	9.963516	0.097318	3.803901	-0.145267	-0.800735	-0.347914	0.159123	0.073845	0.984493	-0.288588	0.957123	-0.025148	-0.944138	-0.280111	0.173611
61548	10.016798	-0.455072	3.542254	-0.115392	-0.754349	-0.331507	0.152858	0.068609	0.985864	-0.286892	0.957706	-0.022167	-0.945689	-0.279448	0.166077
61549	9.748835	-0.423077	2.852198	0.064711	-0.729795	-0.319987	0.146818	0.063528	0.987121	-0.287070	0.957722	-0.018939	-0.946591	-0.280593	0.158848
61550	9.739080	-0.137328	2.542678	0.231942	-0.684526	-0.302527	0.141123	0.058761	0.988247	-0.288788	0.957265	-0.015680	-0.946935	-0.283181	0.152062
61551	9.900477	0.276343	2.138468	0.403429	-0.626035	-0.258787	0.135895	0.054526	0.989222	-0.292294	0.956246	-0.012554	-0.946624	-0.287437	0.145886
61552	9.794587	1.298670	1.321715	0.625115	-0.636779	-0.232286	0.130487	0.050497	0.990163	-0.297715	0.954608	-0.009450	-0.945695	-0.293553	0.139597
61553	9.959289	2.328412	0.718152	0.611778	-0.646656	-0.219720	0.124981	0.046509	0.991068	-0.303261	0.952886	-0.006474	-0.944676	-0.299743	0.133197
61554	10.139496	2.603000	0.229953	0.437393	-0.612705	-0.207966	0.119697	0.042749	0.991890	-0.307253	0.951620	-0.003935	-0.944070	-0.304290	0.127041
61555	10.064634	1.800320	-0.177702	0.271656	-0.594073	-0.203945	0.114664	0.039018	0.992638	-0.309622	0.950858	-0.001610	-0.943921	-0.307158	0.121110
61556	10.013672	1.145270	-0.461802	0.208527	-0.599112	-0.167262	0.109452	0.035645	0.993353	-0.311509	0.950243	0.000226	-0.943919	-0.309463	0.115109
61557	9.512228	1.424080	-0.550162	0.241301	-0.664410	-0.157112	0.103617	0.032113	0.994099	-0.313663	0.949532	0.002021	-0.943864	-0.312021	0.108460
61558	9.642414	2.178454	-0.374856	0.132678	-0.703752	-0.151267	0.097325	0.028516	0.994844	-0.314775	0.949159	0.003587	-0.944163	-0.313502	0.101353
61559	9.346227	2.446192	0.133769	-0.098908	-0.668384	-0.144906	0.091412	0.025073	0.995497	-0.313747	0.949494	0.004896	-0.945096	-0.312782	0.094661
61560	9.441122	1.852913	0.570494	-0.287690	-0.675768	-0.143355	0.085401	0.021633	0.996112	-0.310821	0.950449	0.006006	-0.946624	-0.310125	0.087893
61561	9.862298	1.154375	0.736223	-0.339362	-0.659930	-0.133004	0.079505	0.018357	0.996665	-0.307539	0.951510	0.007007	-0.948208	-0.307070	0.081296
61562	9.767076	0.653735	1.518569	-0.409569	-0.610111	-0.144414	0.074077	0.015157	0.997137	-0.303615	0.952760	0.008073	-0.949911	-0.303344	0.075179
61563	9.617428	-0.106577	1.995194	-0.422010	-0.571935	-0.168907	0.069094	0.011848	0.997540	-0.299524	0.954042	0.009415	-0.951583	-0.299438	0.069468
61564	9.663093	-0.817661	2.443957	-0.333448	-0.534188	-0.161010	0.064402	0.008756	0.997886	-0.296303	0.955034	0.010743	-0.952920	-0.296368	0.064101
61565	9.691851	-1.213891	2.692475	-0.206412	-0.493892	-0.140323	0.060054	0.005982	0.998177	-0.294289	0.955641	0.011978	-0.953828	-0.294472	0.059150
61566	9.701089	-1.722804	2.694690	-0.109076	-0.473106	-0.126942	0.055854	0.003420	0.998433	-0.293200	0.955961	0.013128	-0.954418	-0.293474	0.054397
61567	9.698287	-2.214210	2.470868	0.047205	-0.449717	-0.087307	0.051763	0.001291	0.998659	-0.293645	0.955812	0.013985	-0.954512	-0.293975	0.049855
61568	9.595737	-1.652502	1.809154	0.331663	-0.454191	-0.034466	0.047439	-0.000325	0.998874	-0.296936	0.954789	0.014413	-0.953718	-0.297286	0.045198
61569	9.583055	-0.528093	1.235972	0.461739	-0.484472	0.007772	0.042743	-0.001676	0.999085	-0.301382	0.953393	0.014493	-0.952545	-0.301726	0.040246
61570	9.646500	0.677013	1.036110	0.382717	-0.504088	0.015399	0.037825	-0.003003	0.999280	-0.305049	0.952228	0.014409	-0.951585	-0.305375	0.035102
61571	9.234722	1.680028	0.632320	0.264124	-0.533429	0.008869	0.032669	-0.004529	0.999456	-0.307606	0.951405	0.014366	-0.950953	-0.307908	0.029688
61572	9.285092	2.766763	0.332275	0.154166	-0.574076	0.048131	0.026965	-0.005786	0.999620	-0.309265	0.950875	0.013846	-0.950594	-0.309521	0.023851
61573	9.783601	2.539540	0.067959	-0.038160	-0.542165	0.045921	0.021614	-0.007001	0.999742	-0.308954	0.950984	0.013339	-0.950831	-0.309162	0.018392
