// General information: 
//  MT Manager version: 2022.2.0 
//  XDA version: 2022.2.0 build 7381 rev 124627 built on 2023-07-19
// Device information: 
//  DeviceId: 00B4CAF0
//  ProductCode: MTW2-3A7G6
//  Firmware Version: 4.6.0
//  Hardware Version: 2.0.0
// Device settings: 
//  Filter Profile: human(46.1)
//  Option Flags: Orientation Smoother Disabled, Position/Velocity Smoother Disabled, Continuous Zero Rotation Update Disabled, AHS Disabled, ICC Disabled
// Coordinate system: ENU
PacketCounter	Acc_X	Acc_Y	Acc_Z	Gyr_X	Gyr_Y	Gyr_Z	Mat[1][1]	Mat[2][1]	Mat[3][1]	Mat[1][2]	Mat[2][2]	Mat[3][2]	Mat[1][3]	Mat[2][3]	Mat[3][3]
35454	5.451447	-0.059405	8.721327	-0.004457	0.008588	0.006397	0.779491	0.327094	0.534231	-0.384996	0.922912	-0.003329	-0.494137	-0.203082	0.845332
35455	5.458101	-0.075005	8.703734	-0.006520	0.006296	0.005633	0.779500	0.327130	0.534196	-0.384967	0.922924	-0.003435	-0.494146	-0.202970	0.845354
35456	5.430269	-0.096478	8.709767	-0.010414	0.006484	0.006875	0.779509	0.327183	0.534151	-0.384938	0.922936	-0.003568	-0.494155	-0.202834	0.845381
35457	5.459727	-0.111491	8.700679	-0.010417	0.010046	0.004590	0.779540	0.327217	0.534085	-0.384881	0.922959	-0.003702	-0.494149	-0.202673	0.845423
35458	5.436019	-0.113495	8.692717	-0.006723	0.008983	0.005089	0.779580	0.327237	0.534015	-0.384835	0.922978	-0.003789	-0.494123	-0.202554	0.845467
35459	5.442421	-0.128958	8.675278	-0.002197	0.011754	0.005425	0.779616	0.327282	0.533933	-0.384825	0.922982	-0.003857	-0.494073	-0.202463	0.845518
35460	5.434233	-0.114758	8.693816	-0.005292	0.008316	0.004279	0.779636	0.327330	0.533875	-0.384817	0.922984	-0.003940	-0.494048	-0.202372	0.845554
35461	5.398931	-0.120990	8.717921	-0.003029	0.007919	0.005589	0.779653	0.327369	0.533826	-0.384805	0.922989	-0.004017	-0.494031	-0.202287	0.845585
35462	5.425762	-0.100814	8.712526	0.002064	0.002292	0.000765	0.779625	0.327441	0.533823	-0.384848	0.922971	-0.004086	-0.494041	-0.202255	0.845586
35463	5.417468	-0.131526	8.668078	-0.005759	-0.001228	-0.001264	0.779623	0.327398	0.533852	-0.384768	0.923004	-0.004149	-0.494106	-0.202175	0.845568
35464	5.410673	-0.117243	8.685747	-0.010119	-0.010584	-0.005565	0.779582	0.327330	0.533955	-0.384665	0.923047	-0.004239	-0.494252	-0.202089	0.845503
35465	5.469210	-0.111326	8.669872	-0.013216	-0.014023	-0.006711	0.779537	0.327211	0.534092	-0.384506	0.923112	-0.004336	-0.494446	-0.201982	0.845415
35466	5.463095	-0.097408	8.687112	-0.014648	-0.013356	-0.005897	0.779515	0.327070	0.534211	-0.384327	0.923186	-0.004414	-0.494620	-0.201871	0.845340
35467	5.475871	-0.093840	8.654277	-0.017313	-0.011148	-0.006010	0.779483	0.326963	0.534324	-0.384153	0.923258	-0.004549	-0.494806	-0.201717	0.845268
35468	5.464740	-0.099593	8.686052	-0.016885	-0.001937	-0.007261	0.779470	0.326944	0.534355	-0.384032	0.923308	-0.004731	-0.494921	-0.201521	0.845247
35469	5.442313	-0.101903	8.677285	-0.021411	-0.008274	-0.005309	0.779448	0.326850	0.534443	-0.383844	0.923385	-0.004905	-0.495100	-0.201319	0.845190
35470	5.461427	-0.122013	8.699471	-0.024077	-0.006066	-0.005420	0.779437	0.326781	0.534501	-0.383649	0.923465	-0.005127	-0.495269	-0.201065	0.845152
35471	5.349937	-0.180082	8.798116	-0.038935	-0.016738	-0.011851	0.779399	0.326609	0.534662	-0.383323	0.923599	-0.005414	-0.495581	-0.200728	0.845049
35472	5.434950	-0.113093	8.706647	-0.043413	-0.044912	-0.025109	0.779282	0.326253	0.535050	-0.382870	0.923785	-0.005650	-0.496114	-0.200452	0.844801
35473	5.516676	-0.065610	8.628549	-0.051021	-0.043673	-0.024335	0.779158	0.325912	0.535439	-0.382386	0.923983	-0.005972	-0.496683	-0.200092	0.844553
35474	5.511105	-0.107477	8.654721	-0.047068	-0.028943	-0.021107	0.779090	0.325656	0.535693	-0.381966	0.924155	-0.006293	-0.497113	-0.199714	0.844389
35475	5.517640	-0.090656	8.639200	-0.036739	-0.021046	-0.015006	0.779041	0.325447	0.535891	-0.381625	0.924294	-0.006544	-0.497450	-0.199411	0.844262
35476	5.496283	-0.093913	8.629765	-0.028229	-0.014239	-0.004620	0.778981	0.325371	0.536024	-0.381438	0.924370	-0.006773	-0.497688	-0.199184	0.844175
35477	5.501522	-0.076194	8.615089	-0.017100	-0.006392	-0.003203	0.778961	0.325300	0.536097	-0.381286	0.924431	-0.006921	-0.497836	-0.199015	0.844128
35478	5.485806	-0.101644	8.661152	-0.012527	0.000275	0.001635	0.778970	0.325268	0.536103	-0.381193	0.924469	-0.007018	-0.497893	-0.198892	0.844124
35479	5.458360	-0.123070	8.666926	-0.006124	0.004467	0.004461	0.778975	0.325289	0.536083	-0.381156	0.924483	-0.007114	-0.497914	-0.198789	0.844135
35480	5.499344	-0.141160	8.698145	-0.003463	0.005829	0.002288	0.778979	0.325341	0.536046	-0.381156	0.924483	-0.007199	-0.497907	-0.198710	0.844158
35481	5.480116	-0.123049	8.676059	0.001312	0.009806	0.007668	0.778998	0.325402	0.535981	-0.381182	0.924472	-0.007250	-0.497858	-0.198659	0.844199
35482	5.483551	-0.103717	8.662555	0.003973	0.011167	0.005495	0.779044	0.325439	0.535892	-0.381195	0.924466	-0.007259	-0.497776	-0.198624	0.844256
35483	5.502203	-0.068581	8.675803	0.004008	0.018625	0.007730	0.779106	0.325519	0.535752	-0.381234	0.924450	-0.007288	-0.497648	-0.198569	0.844344
35484	5.473244	-0.089174	8.682526	0.004445	0.020703	0.011048	0.779163	0.325652	0.535588	-0.381324	0.924412	-0.007325	-0.497490	-0.198526	0.844447
35485	5.508876	-0.117941	8.656004	0.003848	0.021634	0.013986	0.779217	0.325796	0.535423	-0.381411	0.924376	-0.007388	-0.497339	-0.198459	0.844552
35486	5.483814	-0.119167	8.648934	0.006105	0.028373	0.010735	0.779296	0.325980	0.535196	-0.381528	0.924327	-0.007453	-0.497126	-0.198384	0.844695
35487	5.469564	-0.124247	8.682698	0.002641	0.030633	0.015306	0.779389	0.326154	0.534955	-0.381620	0.924289	-0.007534	-0.496910	-0.198277	0.844847
35488	5.466748	-0.124730	8.684465	0.004901	0.033802	0.014338	0.779492	0.326362	0.534678	-0.381739	0.924239	-0.007620	-0.496657	-0.198168	0.845022
35489	5.453676	-0.076590	8.708274	-0.003532	0.031209	0.015259	0.779588	0.326536	0.534431	-0.381799	0.924213	-0.007752	-0.496460	-0.198002	0.845176
35490	5.492878	-0.087004	8.668249	-0.007633	0.030512	0.018250	0.779659	0.326775	0.534181	-0.381886	0.924175	-0.007968	-0.496281	-0.197784	0.845332
35491	5.439741	-0.118918	8.739593	-0.017533	0.024696	0.015465	0.779722	0.326938	0.533990	-0.381879	0.924176	-0.008220	-0.496188	-0.197510	0.845451
35492	5.433699	-0.132180	8.682274	-0.016504	0.025840	0.015853	0.779790	0.327124	0.533777	-0.381883	0.924172	-0.008487	-0.496078	-0.197223	0.845583
35493	5.438898	-0.149149	8.665512	-0.017972	0.022616	0.012153	0.779855	0.327252	0.533603	-0.381848	0.924184	-0.008725	-0.496003	-0.196951	0.845690
35494	5.445375	-0.121198	8.711182	-0.022306	0.017154	0.012358	0.779868	0.327437	0.533470	-0.381835	0.924186	-0.009057	-0.495991	-0.196635	0.845771
35495	5.401132	-0.159934	8.691002	-0.024375	0.014862	0.011593	0.779897	0.327545	0.533362	-0.381764	0.924213	-0.009346	-0.496001	-0.196329	0.845836
35496	5.444093	-0.214194	8.718776	-0.020076	0.012868	0.009149	0.779915	0.327662	0.533264	-0.381726	0.924225	-0.009600	-0.496002	-0.196074	0.845894
35497	5.420028	-0.217016	8.710966	-0.012676	0.014310	0.007857	0.779955	0.327734	0.533161	-0.381684	0.924241	-0.009770	-0.495972	-0.195879	0.845957
35498	5.427955	-0.179384	8.683441	-0.007141	0.007205	0.008605	0.779959	0.327805	0.533112	-0.381698	0.924234	-0.009865	-0.495954	-0.195794	0.845987
35499	5.419777	-0.165192	8.702024	0.001063	0.012166	0.000362	0.780017	0.327803	0.533028	-0.381665	0.924248	-0.009879	-0.495888	-0.195732	0.846040
35500	5.444529	-0.198333	8.707147	0.002296	0.010622	0.001284	0.780059	0.327836	0.532946	-0.381658	0.924251	-0.009921	-0.495828	-0.195664	0.846091
35501	5.395173	-0.166068	8.694587	-0.000172	0.006572	0.003989	0.780076	0.327857	0.532908	-0.381647	0.924255	-0.009965	-0.495810	-0.195610	0.846114
35502	5.356947	-0.278412	8.738515	0.015836	0.004030	-0.002199	0.780140	0.327760	0.532875	-0.381624	0.924266	-0.009791	-0.495727	-0.195720	0.846137
35503	5.395662	-0.250923	8.701193	0.033304	0.004705	-0.004675	0.780180	0.327697	0.532854	-0.381711	0.924233	-0.009505	-0.495596	-0.195981	0.846154
35504	5.462633	-0.156964	8.720977	0.037402	0.001830	-0.005378	0.780215	0.327625	0.532847	-0.381818	0.924192	-0.009173	-0.495458	-0.196293	0.846162
35505	5.445312	-0.222465	8.704705	0.040265	0.004066	-0.009278	0.780270	0.327519	0.532832	-0.381904	0.924160	-0.008805	-0.495305	-0.196621	0.846175
35506	5.473784	-0.144358	8.689405	0.044389	0.005077	-0.005454	0.780325	0.327444	0.532798	-0.382046	0.924105	-0.008396	-0.495110	-0.197002	0.846201
35507	5.443221	-0.126615	8.699203	0.037789	0.003580	-0.008834	0.780376	0.327341	0.532787	-0.382123	0.924076	-0.008050	-0.494971	-0.197308	0.846211
35508	5.436766	-0.195865	8.723778	0.038615	0.007411	-0.008982	0.780415	0.327321	0.532741	-0.382269	0.924019	-0.007738	-0.494796	-0.197612	0.846243
35509	5.413650	-0.192580	8.715505	0.047011	-0.001027	-0.009840	0.780447	0.327200	0.532769	-0.382384	0.923975	-0.007309	-0.494657	-0.198018	0.846229
35510	5.426220	-0.137741	8.746083	0.053995	0.002219	-0.009915	0.780492	0.327107	0.532760	-0.382548	0.923910	-0.006836	-0.494459	-0.198471	0.846239
35511	5.440971	-0.162241	8.710118	0.046567	-0.003115	-0.013139	0.780526	0.326951	0.532806	-0.382635	0.923878	-0.006393	-0.494338	-0.198880	0.846213
35512	5.366220	-0.241558	8.781461	0.048796	-0.007408	-0.016335	0.780543	0.326791	0.532879	-0.382723	0.923844	-0.005952	-0.494243	-0.199299	0.846170
35513	5.370308	-0.269873	8.777050	0.063745	-0.018245	-0.018294	0.780522	0.326557	0.533053	-0.382854	0.923793	-0.005337	-0.494174	-0.199916	0.846065
35514	5.327849	-0.219228	8.821204	0.076395	-0.036149	-0.023780	0.780437	0.326246	0.533368	-0.383016	0.923730	-0.004582	-0.494183	-0.200712	0.845871
35515	5.303496	-0.284084	8.834796	0.101347	-0.062354	-0.024518	0.780222	0.325866	0.533915	-0.383284	0.923623	-0.003616	-0.494314	-0.201820	0.845531
35516	5.319941	-0.320993	8.809745	0.135464	-0.075376	-0.037623	0.779967	0.325408	0.534566	-0.383667	0.923469	-0.002351	-0.494420	-0.203262	0.845123
35517	5.228455	-0.443800	8.879814	0.175288	-0.097876	-0.042519	0.779646	0.324787	0.535412	-0.384161	0.923266	-0.000663	-0.494543	-0.205167	0.844591
35518	4.995878	-0.523595	9.124043	0.222901	-0.145891	-0.055807	0.779124	0.323990	0.536653	-0.384821	0.922990	0.001460	-0.494852	-0.207653	0.843802
35519	4.737813	-0.107708	9.811358	0.232915	-0.190091	-0.095347	0.778549	0.322685	0.538272	-0.385191	0.922829	0.003916	-0.495469	-0.210386	0.842762
35520	4.483711	-0.230296	9.807162	0.185758	-0.374481	-0.094856	0.777069	0.320971	0.541425	-0.385345	0.922753	0.006025	-0.497668	-0.213317	0.840727
35521	4.947122	-0.262110	9.340782	0.215480	-0.433898	-0.128472	0.775398	0.318824	0.545077	-0.385382	0.922718	0.008511	-0.500239	-0.216662	0.838343
35522	4.920393	-0.262384	9.748034	0.290638	-0.541696	-0.187416	0.773397	0.315915	0.549596	-0.385382	0.922680	0.011944	-0.503328	-0.221042	0.835345
35523	5.069083	-0.956916	9.508853	0.373696	-0.659755	-0.255679	0.771048	0.312050	0.555076	-0.385254	0.922664	0.016451	-0.507015	-0.226530	0.831637
35524	5.184812	-0.272498	9.532310	0.551061	-0.762883	-0.315403	0.768368	0.307411	0.561346	-0.385620	0.922378	0.022710	-0.510792	-0.233916	0.827270
35525	5.343080	-0.276378	9.579754	0.480082	-0.904029	-0.338841	0.765032	0.302110	0.568731	-0.385445	0.922289	0.028564	-0.515905	-0.241067	0.822027
35526	5.479117	0.063710	9.247423	0.551716	-0.994129	-0.370278	0.761246	0.296380	0.576769	-0.385523	0.922033	0.035033	-0.521417	-0.249027	0.816156
35527	5.658738	-0.107813	9.060718	0.519527	-1.095961	-0.407896	0.757067	0.289817	0.585538	-0.385111	0.921932	0.041608	-0.527768	-0.256997	0.809576
35528	5.796977	0.181743	8.723601	0.573634	-1.143714	-0.445468	0.752713	0.282719	0.594553	-0.384761	0.921724	0.048819	-0.534212	-0.265507	0.802573
35529	6.098423	0.106230	8.621391	0.503617	-1.201137	-0.498597	0.748167	0.274856	0.603904	-0.383685	0.921776	0.055812	-0.541324	-0.273465	0.795101
35530	5.982087	-0.222266	8.754458	0.510762	-1.233618	-0.561707	0.743559	0.266334	0.613340	-0.382308	0.921874	0.063166	-0.548599	-0.281452	0.787289
35531	6.175666	-0.329862	9.036637	0.491488	-1.340795	-0.638030	0.738580	0.256594	0.623426	-0.380253	0.922158	0.070943	-0.556693	-0.289457	0.778658
35532	5.716048	-0.788787	9.230717	0.423061	-1.448906	-0.752235	0.733264	0.245479	0.634085	-0.377130	0.922796	0.078869	-0.565771	-0.296965	0.769231
35533	6.437745	-0.865917	9.603771	0.349120	-1.678298	-0.913434	0.727097	0.231969	0.646158	-0.372412	0.923946	0.087367	-0.576749	-0.304162	0.758187
35534	7.816343	-1.085650	9.943662	0.196616	-1.804565	-1.064897	0.720502	0.216609	0.658755	-0.365852	0.925735	0.095748	-0.589092	-0.309993	0.746240
35535	7.468886	-1.482143	9.689365	0.323012	-1.714276	-1.186988	0.714607	0.200210	0.670263	-0.359212	0.927215	0.106014	-0.600253	-0.316525	0.734512
35536	7.502929	-1.004367	9.378071	0.301057	-1.716953	-1.277967	0.708639	0.183103	0.681399	-0.352101	0.928667	0.116629	-0.611438	-0.322569	0.722560
35537	7.357008	-0.872499	9.192197	0.389723	-1.678582	-1.335016	0.702936	0.165197	0.691803	-0.345038	0.929740	0.128575	-0.621957	-0.329078	0.710547
35538	7.183402	-0.570052	8.763133	0.400202	-1.723389	-1.405179	0.696780	0.146698	0.702123	-0.337904	0.930573	0.140904	-0.632707	-0.335430	0.697975
35539	6.350176	-0.305934	8.552091	0.504372	-1.722131	-1.429116	0.690571	0.127528	0.711933	-0.331164	0.930841	0.154486	-0.642995	-0.342450	0.685044
35540	6.103798	0.018016	8.493894	0.431174	-1.738669	-1.367521	0.683685	0.109009	0.721590	-0.324677	0.930968	0.166983	-0.653575	-0.348447	0.671881
35541	5.819120	-1.044878	9.182452	0.299469	-1.652125	-1.105581	0.676354	0.092891	0.730696	-0.319087	0.931051	0.176995	-0.663874	-0.352867	0.659361
35542	6.846039	-5.465457	8.847897	0.320021	-1.545089	-0.196313	0.666540	0.085821	0.740513	-0.320041	0.930093	0.180279	-0.673274	-0.357158	0.647411
35543	9.642039	-5.052339	10.243375	0.638898	-1.128127	0.955750	0.655798	0.090597	0.749481	-0.330635	0.926963	0.177255	-0.678682	-0.364048	0.637855
35544	5.814369	-4.398348	10.052857	0.576976	-0.507758	1.657369	0.646559	0.104433	0.755682	-0.345573	0.923216	0.168085	-0.680104	-0.369820	0.633003
35545	2.319165	-2.691951	9.237029	0.522420	-0.187528	1.915952	0.638505	0.121355	0.759990	-0.361392	0.919126	0.156857	-0.679491	-0.374808	0.630723
35546	1.492175	-0.868297	9.206190	0.346663	-0.122755	1.871066	0.630693	0.138283	0.763612	-0.375755	0.915371	0.144584	-0.678995	-0.378120	0.629279
35547	2.437128	0.514664	9.667255	0.034294	0.004205	1.733321	0.624107	0.154113	0.765989	-0.386820	0.912726	0.131535	-0.678867	-0.378392	0.629253
35548	3.207900	0.624596	10.146461	-0.252141	0.294822	1.559199	0.619965	0.169637	0.766072	-0.394906	0.911134	0.117830	-0.678006	-0.375577	0.631862
35549	3.217093	0.680046	10.378931	-0.431200	0.660363	1.337090	0.619114	0.184249	0.763381	-0.400229	0.910396	0.104859	-0.675659	-0.370447	0.637380
35550	3.004128	0.922035	10.385629	-0.577545	0.992104	1.117237	0.621277	0.198244	0.758099	-0.403383	0.910341	0.092525	-0.671786	-0.363288	0.645543
35551	2.955764	1.274075	10.263258	-0.724296	1.288017	0.885413	0.626318	0.210899	0.750498	-0.404016	0.911147	0.081123	-0.666706	-0.354022	0.655874
35552	3.032547	1.224510	10.002460	-0.910523	1.552012	0.638125	0.634007	0.222320	0.740682	-0.402120	0.912892	0.070195	-0.660557	-0.342347	0.668179
35553	3.485293	1.006572	9.897585	-1.037139	1.793539	0.397461	0.644194	0.231944	0.728845	-0.397804	0.915489	0.060262	-0.653273	-0.328758	0.682021
35554	3.926777	0.866560	9.878107	-1.135550	2.025340	0.214396	0.656453	0.240617	0.714963	-0.391964	0.918580	0.050744	-0.644541	-0.313551	0.697318
35555	4.156294	0.596469	9.729020	-1.205176	2.219867	0.114272	0.670202	0.248418	0.699369	-0.384972	0.921998	0.041421	-0.634528	-0.296998	0.713559
35556	4.364030	0.057023	9.495452	-1.244636	2.370854	0.098919	0.684694	0.256375	0.682251	-0.377956	0.925284	0.031607	-0.623172	-0.279502	0.730435
35557	4.455579	-0.448390	9.218432	-1.214821	2.453832	0.156301	0.699244	0.264439	0.664176	-0.371500	0.928182	0.021563	-0.610775	-0.261819	0.747265
35558	4.659902	-0.671889	9.071989	-1.157982	2.477961	0.263980	0.713196	0.273380	0.645457	-0.366516	0.930347	0.010936	-0.597510	-0.244370	0.763718
35559	4.988035	-0.864445	9.075985	-1.093096	2.464790	0.422481	0.726209	0.283101	0.626477	-0.363059	0.931766	-0.000203	-0.583788	-0.227300	0.779440
35560	5.402687	-1.007667	9.146578	-1.022771	2.443830	0.587837	0.738123	0.294155	0.607164	-0.361619	0.932248	-0.012033	-0.569567	-0.210680	0.794486
35561	5.817011	-1.027851	9.299930	-0.944906	2.432927	0.756454	0.749062	0.306111	0.587540	-0.361891	0.931908	-0.024148	-0.554924	-0.194537	0.808835
35562	6.060349	-1.032270	9.433829	-0.866449	2.426930	0.908620	0.758991	0.319330	0.567416	-0.364160	0.930616	-0.036622	-0.539741	-0.178834	0.822617
35563	6.257284	-0.873758	9.473468	-0.782383	2.411999	1.039116	0.768016	0.333097	0.546990	-0.367892	0.928581	-0.048923	-0.524220	-0.163659	0.835709
35564	6.349409	-0.539171	9.543729	-0.714943	2.395829	1.155196	0.776042	0.347776	0.526127	-0.373280	0.925691	-0.061302	-0.508351	-0.148820	0.848193
35565	6.477732	-0.408543	9.563729	-0.670609	2.368738	1.238666	0.783231	0.362551	0.505081	-0.379544	0.922254	-0.073441	-0.492439	-0.134179	0.859942
35566	6.741713	-0.198571	9.552572	-0.616089	2.343212	1.295638	0.789549	0.377668	0.483715	-0.386906	0.918162	-0.085338	-0.476358	-0.119774	0.871055
35567	6.841238	0.174185	9.551535	-0.552075	2.318176	1.323222	0.795231	0.392380	0.462218	-0.394769	0.913703	-0.096462	-0.460179	-0.105760	0.881504
35568	6.855712	0.626297	9.391412	-0.507326	2.272087	1.309281	0.800210	0.406765	0.440689	-0.403071	0.908890	-0.107023	-0.444070	-0.091988	0.891257
35569	7.058655	1.250576	9.216117	-0.467096	2.208003	1.250017	0.804752	0.419959	0.419533	-0.411029	0.904133	-0.116612	-0.428287	-0.078596	0.900218
35570	7.154815	2.134835	8.889449	-0.433654	2.134119	1.157287	0.808856	0.432121	0.398777	-0.418680	0.899432	-0.125413	-0.412867	-0.065519	0.908432
35571	6.744170	3.643409	8.454674	-0.378584	2.022430	0.997805	0.812847	0.442256	0.379064	-0.425201	0.895307	-0.132778	-0.398100	-0.053250	0.915795
35572	6.869123	4.788845	8.288494	-0.510370	1.838184	0.750405	0.816776	0.449983	0.361098	-0.429434	0.892122	-0.140373	-0.385309	-0.040414	0.921902
35573	7.564115	4.340655	8.069152	-0.628339	1.677554	0.403489	0.821414	0.454127	0.345032	-0.430318	0.890522	-0.147638	-0.374305	-0.027202	0.926907
35574	8.247014	3.584851	7.679131	-0.530968	1.608952	0.008323	0.827261	0.454666	0.330028	-0.428519	0.890534	-0.152709	-0.363333	-0.015093	0.931537
35575	8.155275	3.559715	6.830339	-0.442684	1.552836	-0.316452	0.834169	0.451975	0.316040	-0.424273	0.892021	-0.155853	-0.352356	-0.004080	0.935857
35576	7.728091	3.586221	5.851558	-0.490368	1.420368	-0.545999	0.841365	0.447171	0.303551	-0.418060	0.894423	-0.158850	-0.342536	0.006748	0.939480
35577	7.204478	3.291378	4.762314	-0.607784	1.181465	-0.687049	0.848215	0.440854	0.293564	-0.410164	0.897409	-0.162550	-0.335108	0.017468	0.942018
35578	2.803884	-1.877345	3.961865	-0.524827	0.206452	-0.830210	0.852250	0.433410	0.292961	-0.401386	0.900900	-0.165133	-0.335499	0.023144	0.941756
35579	9.363140	3.126012	-0.558986	0.840853	-0.370101	-1.080066	0.855310	0.423703	0.298195	-0.394953	0.905693	-0.154054	-0.335346	0.013991	0.941991
35580	12.919962	3.681513	1.112626	0.097024	-1.172229	-0.904548	0.854842	0.415671	0.310583	-0.387575	0.909478	-0.150454	-0.345008	0.008240	0.938564
35581	11.628570	2.995054	-1.571054	0.421484	-1.339828	-0.813825	0.853286	0.408285	0.324356	-0.382066	0.912854	-0.143955	-0.354864	-0.001090	0.934917
35582	5.114390	4.307593	1.554253	0.212614	-1.736004	-0.951082	0.850596	0.399497	0.341889	-0.374725	0.916680	-0.138849	-0.368873	-0.010010	0.929426
35583	0.454898	0.145302	10.274516	-0.289413	-2.241228	-0.928102	0.845539	0.390658	0.363936	-0.365723	0.920394	-0.138283	-0.388986	-0.016176	0.921102
35584	4.262537	-6.956940	11.252831	0.199064	-2.161235	-1.332884	0.841746	0.377891	0.385566	-0.355249	0.925477	-0.131496	-0.406524	-0.026286	0.913262
35585	6.416300	-2.731426	11.311877	0.983928	-2.113077	-1.688597	0.838916	0.361458	0.406901	-0.345093	0.931387	-0.115884	-0.420869	-0.043202	0.906092
35586	8.861183	-1.193537	10.755274	0.211589	-2.370449	-0.963143	0.831996	0.351330	0.429360	-0.337945	0.934717	-0.109990	-0.439973	-0.053589	0.896411
35587	11.375897	-9.173586	9.603834	0.048446	-2.615706	-0.813512	0.822925	0.342168	0.453558	-0.331395	0.937519	-0.105996	-0.461488	-0.063081	0.884901
35588	11.158534	-3.048427	10.644750	1.248537	-1.841828	-0.918676	0.817350	0.332232	0.470703	-0.329684	0.939716	-0.090793	-0.472491	-0.080973	0.877608
35589	7.638083	2.980696	10.379627	1.060313	-1.773662	-0.846518	0.811651	0.322671	0.486935	-0.327819	0.941556	-0.077501	-0.483484	-0.096723	0.869993
35590	7.818239	1.463959	10.228391	0.372893	-1.807995	-0.589080	0.804703	0.315290	0.503037	-0.324868	0.943061	-0.071396	-0.496905	-0.105968	0.861311
35591	9.458729	-0.449725	11.435021	0.304531	-1.665501	-0.407379	0.797639	0.309592	0.517615	-0.323098	0.944010	-0.066732	-0.509293	-0.114012	0.853008
35592	22.399953	1.248809	10.870809	0.721646	-1.046169	-0.347930	0.793399	0.305053	0.526745	-0.324001	0.944227	-0.058810	-0.515307	-0.124006	0.847986
35593	-1.766272	2.673661	8.294559	0.450825	0.793809	-0.005821	0.797474	0.305967	0.520019	-0.326221	0.943694	-0.054971	-0.507558	-0.125803	0.852384
35594	8.984186	-1.531126	9.473684	-0.544668	-0.830356	-0.087008	0.793505	0.304084	0.527147	-0.322699	0.944650	-0.059167	-0.515961	-0.123161	0.847712
35595	5.134426	1.540096	9.169478	0.749314	0.032801	-0.042701	0.793808	0.303700	0.526912	-0.326178	0.943843	-0.052613	-0.513300	-0.130103	0.848290
35596	5.838536	0.078429	8.824015	-0.326718	-0.163833	0.037610	0.792841	0.303811	0.528301	-0.324749	0.944165	-0.055599	-0.515695	-0.127484	0.847235
35597	6.009707	-0.342304	8.858231	0.194822	-0.079776	0.032664	0.792319	0.303994	0.528978	-0.325974	0.943827	-0.054146	-0.515724	-0.129532	0.846906
35598	5.415175	-0.216528	8.769838	-0.045604	-0.084666	0.056715	0.791697	0.304384	0.529685	-0.326139	0.943729	-0.054849	-0.516574	-0.129327	0.846419
35599	5.316935	-0.752969	8.624695	0.053067	-0.066333	0.049592	0.791188	0.304743	0.530238	-0.326767	0.943521	-0.054688	-0.516957	-0.129996	0.846083
35600	5.304347	-0.895126	8.619104	0.024279	-0.089548	0.037629	0.790602	0.304946	0.530996	-0.327141	0.943391	-0.054699	-0.517617	-0.130466	0.845607
35601	5.350040	-1.027571	8.598714	0.049904	-0.088624	0.025460	0.790055	0.305047	0.531751	-0.327562	0.943260	-0.054437	-0.518185	-0.131174	0.845149
35602	5.407233	-0.892375	8.585822	0.074726	-0.091566	0.013332	0.789536	0.305019	0.532538	-0.328008	0.943136	-0.053894	-0.518695	-0.132125	0.844688
35603	5.296726	-0.707672	8.596622	0.094524	-0.091866	0.006748	0.789033	0.304938	0.533329	-0.328513	0.943002	-0.053156	-0.519140	-0.133264	0.844236
35604	5.255734	-0.776041	8.594318	0.099759	-0.108404	-0.005319	0.788486	0.304710	0.534268	-0.328943	0.942900	-0.052305	-0.519699	-0.134502	0.843696
35605	5.208895	-0.924561	8.551859	0.121507	-0.125890	-0.018883	0.787889	0.304339	0.535358	-0.329387	0.942805	-0.051203	-0.520322	-0.135998	0.843072
35606	5.403321	-0.632519	8.580259	0.143818	-0.140480	-0.030751	0.787257	0.303826	0.536578	-0.329849	0.942717	-0.049846	-0.520985	-0.137748	0.842377
35607	5.434811	-0.692525	8.601733	0.127560	-0.145154	-0.034881	0.786611	0.303274	0.537836	-0.330201	0.942658	-0.048609	-0.521738	-0.139358	0.841647
35608	5.470379	-0.732242	8.610262	0.133375	-0.143113	-0.042011	0.786001	0.302647	0.539080	-0.330523	0.942613	-0.047281	-0.522453	-0.141016	0.840926
35609	5.501744	-0.724100	8.552944	0.149959	-0.135025	-0.051100	0.785460	0.301951	0.540258	-0.330867	0.942567	-0.045768	-0.523049	-0.142804	0.840254
35610	5.668899	-0.557827	8.597635	0.161985	-0.114837	-0.048953	0.785018	0.301296	0.541264	-0.331287	0.942496	-0.044164	-0.523446	-0.144644	0.839692
35611	5.884223	-0.243167	8.841035	0.164230	-0.100282	-0.036057	0.784609	0.300787	0.542141	-0.331825	0.942378	-0.042614	-0.523719	-0.146460	0.839207
35612	5.777696	-0.244140	8.646291	0.137714	-0.003174	0.001832	0.784583	0.300771	0.542186	-0.332516	0.942184	-0.041488	-0.523318	-0.147735	0.839233
35613	5.740704	-0.261439	8.682620	0.116966	-0.018855	0.003397	0.784469	0.300752	0.542362	-0.333116	0.942013	-0.040549	-0.523107	-0.148860	0.839166
35614	5.626202	-0.053327	8.683221	0.122188	0.010106	0.010778	0.784484	0.300838	0.542293	-0.333795	0.941813	-0.039602	-0.522652	-0.149948	0.839256
35615	5.577132	-0.188468	8.767024	0.067627	-0.007688	0.008717	0.784411	0.300885	0.542373	-0.334178	0.941698	-0.039106	-0.522518	-0.150574	0.839227
35616	5.551661	-0.247189	8.706396	0.050345	-0.021818	0.003421	0.784283	0.300853	0.542574	-0.334423	0.941627	-0.038721	-0.522552	-0.151081	0.839115
35617	5.591716	-0.311816	8.611248	0.034945	-0.027117	0.002951	0.784128	0.300817	0.542819	-0.334590	0.941578	-0.038468	-0.522679	-0.151458	0.838968
35618	5.559907	-0.370938	8.641077	0.031337	-0.025214	0.000874	0.783991	0.300755	0.543051	-0.334715	0.941544	-0.038228	-0.522803	-0.151797	0.838829
35619	5.539100	-0.423712	8.639183	0.029227	-0.020120	0.002486	0.783874	0.300725	0.543237	-0.334849	0.941504	-0.038021	-0.522894	-0.152099	0.838718
35620	5.560012	-0.385962	8.652036	0.035724	-0.023266	0.002875	0.783741	0.300684	0.543451	-0.335013	0.941457	-0.037756	-0.522988	-0.152472	0.838591
35621	5.542425	-0.405768	8.564839	0.043687	-0.018891	-0.003649	0.783650	0.300598	0.543630	-0.335174	0.941414	-0.037393	-0.523021	-0.152907	0.838492
35622	5.570914	-0.392369	8.631450	0.043560	-0.015998	0.002603	0.783556	0.300567	0.543783	-0.335377	0.941355	-0.037061	-0.523032	-0.153333	0.838407
35623	5.560784	-0.383204	8.590337	0.049181	-0.019395	0.000918	0.783448	0.300522	0.543964	-0.335603	0.941289	-0.036678	-0.523050	-0.153820	0.838307
35624	5.558469	-0.398920	8.602871	0.056850	-0.013042	0.002343	0.783370	0.300493	0.544092	-0.335873	0.941210	-0.036233	-0.522992	-0.154362	0.838243
35625	5.502576	-0.402296	8.617709	0.073857	-0.014894	-0.002069	0.783295	0.300427	0.544236	-0.336204	0.941115	-0.035627	-0.522892	-0.155068	0.838175
35626	5.515203	-0.334888	8.577255	0.085378	-0.020577	-0.000406	0.783187	0.300360	0.544428	-0.336603	0.940999	-0.034928	-0.522797	-0.155901	0.838080
35627	5.482978	-0.443026	8.615892	0.089212	-0.017060	-0.003883	0.783107	0.300274	0.544591	-0.337000	0.940884	-0.034183	-0.522662	-0.156758	0.838005
35628	5.477430	-0.571400	8.585140	0.099629	-0.027734	-0.007103	0.782984	0.300132	0.544846	-0.337420	0.940764	-0.033329	-0.522574	-0.157746	0.837874
35629	5.555523	-0.408911	8.566677	0.125577	-0.024099	-0.017619	0.782913	0.299905	0.545072	-0.337900	0.940631	-0.032204	-0.522370	-0.158966	0.837770
35630	5.542951	-0.477644	8.619251	0.122340	-0.024009	-0.020876	0.782857	0.299640	0.545299	-0.338331	0.940514	-0.031085	-0.522176	-0.160156	0.837665
35631	5.499341	-0.359719	8.585493	0.137384	-0.034762	-0.029978	0.782773	0.299279	0.545618	-0.338775	0.940396	-0.029795	-0.522014	-0.161519	0.837504
35632	5.567259	-0.405046	8.558055	0.134874	-0.034657	-0.037853	0.782718	0.298837	0.545938	-0.339139	0.940305	-0.028479	-0.521859	-0.162858	0.837341
35633	5.551655	-0.329122	8.599001	0.142296	-0.039844	-0.049908	0.782675	0.298279	0.546304	-0.339452	0.940235	-0.027039	-0.521719	-0.164281	0.837150
35634	5.570147	-0.342176	8.560105	0.129542	-0.035611	-0.058603	0.782687	0.297640	0.546637	-0.339626	0.940211	-0.025655	-0.521590	-0.165573	0.836977
35635	5.543501	-0.271613	8.632821	0.140843	-0.041566	-0.063519	0.782682	0.296951	0.547019	-0.339825	0.940178	-0.024153	-0.521468	-0.166987	0.836772
35636	5.418781	-0.386445	8.579285	0.131578	-0.062489	-0.075259	0.782609	0.296109	0.547578	-0.339879	0.940196	-0.022660	-0.521541	-0.168376	0.836447
35637	5.664062	-0.187294	8.600586	0.153714	-0.068994	-0.086120	0.782538	0.295160	0.548193	-0.339968	0.940204	-0.020927	-0.521590	-0.169992	0.836090
35638	5.460085	-0.460223	8.729746	0.126192	-0.070999	-0.098194	0.782499	0.294086	0.548824	-0.339816	0.940293	-0.019354	-0.521747	-0.171355	0.835714
35639	5.398590	-0.586729	8.582601	0.176305	-0.090735	-0.112648	0.782404	0.292847	0.549621	-0.339816	0.940333	-0.017286	-0.521889	-0.173245	0.835235
35640	5.577150	-0.190269	8.686656	0.205985	-0.105838	-0.126493	0.782279	0.291447	0.550544	-0.339860	0.940358	-0.014892	-0.522048	-0.175458	0.834673
35641	5.423494	-0.152087	8.701184	0.220233	-0.123308	-0.134534	0.782088	0.289940	0.551609	-0.339919	0.940374	-0.012337	-0.522296	-0.177854	0.834012
35642	5.425049	-0.185969	8.735555	0.202939	-0.141254	-0.137126	0.781813	0.288371	0.552820	-0.339867	0.940421	-0.009909	-0.522741	-0.180138	0.833242
35643	5.569706	-0.179851	8.730178	0.199696	-0.189143	-0.159572	0.781362	0.286504	0.554427	-0.339626	0.940532	-0.007387	-0.523572	-0.182526	0.832200
35644	5.353628	-0.335509	8.832176	0.240497	-0.162515	-0.184987	0.781136	0.284439	0.555807	-0.339400	0.940632	-0.004381	-0.524056	-0.185218	0.831300
35645	5.323711	-0.341868	8.670545	0.258024	-0.236696	-0.194010	0.780548	0.282148	0.557796	-0.339200	0.940714	-0.001181	-0.525060	-0.188282	0.829977
35646	5.410001	-0.094835	9.101813	0.275961	-0.280510	-0.207022	0.779772	0.279644	0.560138	-0.338997	0.940785	0.002241	-0.526342	-0.191633	0.828396
35647	5.115513	0.012036	9.029036	0.282681	-0.350949	-0.196645	0.778584	0.277091	0.563051	-0.338916	0.940800	0.005661	-0.528150	-0.195235	0.826402
35648	5.349522	-0.149472	9.240682	0.261254	-0.441728	-0.203733	0.776932	0.274282	0.566697	-0.338677	0.940860	0.008945	-0.530730	-0.198877	0.823878
35649	5.191464	-0.316471	9.100808	0.324545	-0.486592	-0.220060	0.775084	0.271209	0.570693	-0.338658	0.940822	0.012843	-0.533437	-0.203223	0.821063
35650	5.209933	0.460796	9.914112	0.317645	-0.607325	-0.255997	0.772696	0.267532	0.575645	-0.338341	0.940872	0.016888	-0.537090	-0.207814	0.817525
35651	4.739565	0.037548	10.096963	0.315836	-0.768881	-0.250021	0.769389	0.263538	0.581884	-0.338079	0.940886	0.020888	-0.541982	-0.212793	0.813004
35652	4.765207	0.168484	10.739976	0.320757	-1.006449	-0.277671	0.764834	0.258739	0.589985	-0.337664	0.940932	0.025088	-0.548645	-0.218405	0.807024
35653	4.483587	-0.022566	11.368241	0.337602	-1.292368	-0.319186	0.758759	0.252846	0.600294	-0.337060	0.941015	0.029678	-0.557382	-0.224854	0.799229
35654	3.910164	0.035239	11.866116	0.296931	-1.683487	-0.379436	0.750549	0.245419	0.613551	-0.335840	0.941294	0.034313	-0.569111	-0.231808	0.788909
35655	3.694825	0.103148	11.722421	0.318605	-2.134756	-0.457779	0.739770	0.236049	0.630097	-0.334225	0.941660	0.039632	-0.583982	-0.239912	0.775505
35656	3.754697	0.968795	11.826848	0.359318	-2.617015	-0.574377	0.726159	0.224234	0.649932	-0.332123	0.942112	0.046036	-0.601986	-0.249287	0.758597
35657	3.267601	1.054070	11.901528	0.415104	-3.103831	-0.712730	0.709500	0.209589	0.672817	-0.329507	0.942617	0.053839	-0.622924	-0.259897	0.737848
35658	3.346909	0.890177	12.669896	0.375761	-3.675592	-0.926480	0.689183	0.191099	0.698934	-0.325395	0.943484	0.062893	-0.647414	-0.270774	0.712416
35659	3.778042	-2.144166	12.530738	0.523747	-4.445708	-1.103480	0.663325	0.168330	0.729153	-0.321355	0.944031	0.074407	-0.675818	-0.283673	0.680294
35660	5.984901	-2.149831	13.074577	0.886360	-5.222129	-1.287011	0.631337	0.140953	0.762591	-0.319143	0.943439	0.089833	-0.706796	-0.300090	0.640613
35661	12.254688	-3.593367	14.546192	0.514873	-5.920333	-1.314639	0.592613	0.110384	0.797888	-0.314781	0.943531	0.103263	-0.741433	-0.312355	0.593896
35662	16.750758	-5.866227	15.217943	0.819093	-5.540186	-1.452143	0.555272	0.079061	0.827902	-0.312649	0.942295	0.119708	-0.770664	-0.325314	0.547949
35663	13.540289	-2.365850	13.431999	1.345274	-5.148054	-1.549748	0.519836	0.047294	0.852956	-0.314800	0.938806	0.139802	-0.794148	-0.341185	0.502913
35664	11.814663	-0.991128	12.024811	0.634260	-5.086455	-1.563763	0.483740	0.015145	0.875081	-0.312100	0.937102	0.156309	-0.817673	-0.348726	0.458040
35665	8.107361	-1.663069	10.142974	0.300647	-4.737146	-1.593179	0.449417	-0.016395	0.893171	-0.307111	0.936055	0.171711	-0.838872	-0.351473	0.415644
35666	3.771603	-2.793538	7.615527	0.122323	-4.381385	-1.726296	0.417507	-0.047856	0.907413	-0.300716	0.935065	0.187676	-0.857472	-0.351230	0.376005
35667	-0.903981	-3.867640	3.511263	0.468013	-4.068599	-1.917583	0.388028	-0.080117	0.918159	-0.296995	0.932204	0.206858	-0.872484	-0.352955	0.337927
35668	12.248230	-1.384001	4.061547	0.732794	-4.363319	-1.456021	0.354001	-0.109022	0.928869	-0.298106	0.928224	0.222558	-0.886463	-0.355687	0.296092
35669	25.182301	-0.526710	13.754694	-0.292945	-1.117653	-0.217094	0.344697	-0.115018	0.931641	-0.294699	0.929030	0.223731	-0.891255	-0.351673	0.286338
35670	8.375387	-4.808854	9.544542	0.303151	0.570457	0.394839	0.348626	-0.109209	0.930878	-0.298854	0.928394	0.220843	-0.888339	-0.355188	0.291025
35671	-0.696821	-5.988585	4.902601	0.564285	1.428724	0.651872	0.359286	-0.098066	0.928061	-0.306110	0.927059	0.216466	-0.881595	-0.361862	0.303060
35672	-5.061700	-2.393856	3.124909	1.179516	0.979393	0.529598	0.366258	-0.089404	0.926208	-0.318503	0.923203	0.215062	-0.874306	-0.373769	0.309655
35673	-2.805477	0.734110	4.089730	0.770364	0.501885	0.527483	0.368920	-0.082673	0.925777	-0.327116	0.920763	0.212581	-0.869996	-0.381262	0.312644
35674	0.638479	2.070691	5.759155	0.287579	0.458091	0.603599	0.370939	-0.075197	0.925608	-0.331967	0.920120	0.207788	-0.867296	-0.384348	0.316346
35675	2.813681	0.920553	6.787714	-0.298758	0.851319	0.712946	0.375935	-0.065396	0.924336	-0.331998	0.921781	0.200241	-0.865130	-0.382155	0.324819
35676	2.864519	-1.078283	6.733451	-0.416339	1.402731	0.765258	0.385533	-0.052822	0.921181	-0.331441	0.923798	0.191687	-0.861110	-0.379219	0.338648
35677	1.642075	-1.635500	6.456220	-0.280512	1.832092	0.749788	0.398755	-0.038985	0.916229	-0.331930	0.925219	0.183828	-0.854878	-0.377426	0.355995
35678	1.519761	-0.634241	6.659055	-0.210417	2.086557	0.759709	0.414011	-0.023899	0.909958	-0.333364	0.926225	0.176000	-0.847032	-0.376213	0.375501
35679	2.324941	0.184237	7.116383	-0.338816	2.289304	0.821247	0.430555	-0.007732	0.902531	-0.333932	0.927640	0.167251	-0.838518	-0.373395	0.396818
35680	3.507090	0.188025	7.723196	-0.534057	2.523685	0.918673	0.448557	0.010367	0.893694	-0.333664	0.929579	0.156688	-0.829135	-0.368477	0.420428
35681	4.408382	-0.359269	8.134859	-0.644272	2.802598	1.017045	0.468245	0.030041	0.883088	-0.332974	0.931742	0.144859	-0.818459	-0.361875	0.446287
35682	4.730277	-0.421199	8.503976	-0.652868	3.073905	1.102064	0.489560	0.051556	0.870444	-0.333108	0.933596	0.132052	-0.805835	-0.354599	0.474225
35683	5.058186	0.039492	8.880646	-0.653315	3.274622	1.153026	0.511864	0.073784	0.855892	-0.333619	0.935180	0.118901	-0.791640	-0.346403	0.503300
35684	5.661969	0.586187	9.258398	-0.727239	3.430510	1.188420	0.534797	0.096866	0.839410	-0.334307	0.936607	0.104909	-0.776035	-0.336726	0.533278
35685	6.219108	0.943215	9.672955	-0.830042	3.557448	1.178758	0.558161	0.119664	0.821059	-0.334333	0.938094	0.090561	-0.759393	-0.325055	0.563615
35686	6.852522	1.054281	10.019010	-0.935602	3.665416	1.150220	0.581828	0.142383	0.800751	-0.334045	0.939515	0.075662	-0.741545	-0.311509	0.594199
35687	7.461353	0.960662	10.291226	-1.004185	3.761870	1.118548	0.605630	0.164309	0.778598	-0.333292	0.940868	0.060697	-0.722585	-0.296260	0.624581
35688	7.933222	0.803098	10.551624	-1.035587	3.853479	1.095778	0.629425	0.185986	0.754476	-0.332865	0.941876	0.045512	-0.702158	-0.279784	0.654748
35689	8.326867	0.586487	10.735481	-1.024722	3.921725	1.089245	0.652906	0.206859	0.728644	-0.332723	0.942529	0.030558	-0.680448	-0.262388	0.684210
35690	8.778503	0.483485	10.890564	-0.995865	3.984603	1.091168	0.675905	0.227508	0.700994	-0.333499	0.942621	0.015635	-0.657215	-0.244349	0.712995
35691	9.119203	0.427620	11.097341	-0.977377	4.039625	1.087741	0.698322	0.247230	0.671732	-0.334629	0.942349	0.001045	-0.632748	-0.225511	0.740794
35692	9.369383	0.364775	11.267732	-0.964174	4.083927	1.085500	0.719966	0.266532	0.640789	-0.336539	0.941572	-0.013518	-0.606952	-0.205918	0.767598
35693	9.453345	0.376343	11.403477	-0.962988	4.121456	1.063586	0.740835	0.284587	0.608419	-0.338553	0.940539	-0.027700	-0.580125	-0.185461	0.793133
35694	9.438532	0.400718	11.397167	-0.978109	4.122531	1.042716	0.760599	0.301855	0.574780	-0.341031	0.939117	-0.041911	-0.552437	-0.164140	0.817234
35695	9.656504	0.377635	11.398700	-1.007392	4.095451	0.999154	0.779229	0.317480	0.540378	-0.343262	0.937577	-0.055854	-0.524379	-0.141968	0.839566
35696	9.775694	0.468236	11.396608	-1.045433	4.048840	0.949477	0.796569	0.331908	0.505287	-0.345594	0.935780	-0.069868	-0.496027	-0.118970	0.860118
35697	9.917049	0.446818	11.434273	-1.111910	3.967919	0.892580	0.812601	0.344482	0.470119	-0.347380	0.933962	-0.083917	-0.467982	-0.095119	0.878604
35698	10.450830	0.442732	11.462467	-1.190207	3.853978	0.830098	0.827164	0.355651	0.435100	-0.348956	0.931960	-0.098389	-0.440487	-0.070447	0.894990
35699	10.960828	0.437415	11.115044	-1.255447	3.739495	0.764580	0.840463	0.364915	0.400573	-0.349936	0.929940	-0.112942	-0.413723	-0.045251	0.909278
35700	11.172566	0.768207	10.075133	-1.304564	3.585955	0.696704	0.852340	0.372766	0.366827	-0.350767	0.927714	-0.127708	-0.387916	-0.019820	0.921482
35701	10.766910	1.936282	8.712624	-1.306944	3.377537	0.605023	0.862908	0.378606	0.334736	-0.351014	0.925545	-0.141974	-0.363565	0.005014	0.931555
35702	5.884247	-2.416370	7.365976	-1.039296	2.047240	0.355896	0.868904	0.381799	0.315017	-0.350535	0.923972	-0.152976	-0.349473	0.022498	0.936676
35703	13.936252	5.659117	4.368712	-0.173559	2.188090	0.062101	0.876131	0.381755	0.294377	-0.350456	0.923692	-0.154832	-0.331022	0.032487	0.943064
35704	17.192738	3.392967	5.179540	-1.185151	1.475486	0.112028	0.880510	0.382344	0.280205	-0.347693	0.922712	-0.166469	-0.322197	0.049152	0.945396
35705	12.709156	3.071144	2.974229	-0.841760	1.779464	0.006514	0.886107	0.381384	0.263363	-0.345063	0.922216	-0.174495	-0.309427	0.063744	0.948784
35706	11.355455	2.361923	1.203878	-1.011048	1.286034	-0.213976	0.890732	0.378614	0.251493	-0.340164	0.922259	-0.183648	-0.301473	0.078032	0.950276
35707	10.992034	3.139138	0.637023	-0.857096	0.729573	-0.357662	0.894124	0.374692	0.245252	-0.334374	0.922895	-0.190941	-0.297886	0.088719	0.950470
35708	11.463958	1.778496	0.290486	-0.731651	0.195746	-0.326838	0.895764	0.371579	0.243999	-0.329331	0.923397	-0.197180	-0.298576	0.096271	0.949518
35709	11.147799	0.422506	-0.310389	-0.217875	-0.345880	-0.259930	0.895577	0.369497	0.247819	-0.326319	0.924152	-0.198645	-0.302421	0.097034	0.948223
35710	10.814365	0.685331	-0.604487	0.521535	-0.871521	-0.206427	0.893566	0.368461	0.256468	-0.326106	0.925368	-0.193258	-0.308536	0.089053	0.947035
35711	10.534350	2.034005	-0.800510	1.089397	-1.419000	-0.145393	0.889598	0.368255	0.270191	-0.328192	0.926794	-0.182603	-0.317656	0.073769	0.945332
35712	10.765721	3.237631	-1.723622	1.469189	-1.985902	-0.081992	0.883418	0.368791	0.289078	-0.332244	0.928007	-0.168571	-0.330434	0.052874	0.942347
35713	7.519782	5.527062	0.558697	1.553041	-2.364348	-0.065185	0.875637	0.369147	0.311433	-0.336894	0.928894	-0.153810	-0.346067	0.029761	0.937738
35714	0.406961	4.388724	9.891223	0.845887	-2.536973	0.083759	0.866322	0.370467	0.335022	-0.340622	0.928761	-0.146222	-0.365325	0.012560	0.930795
35715	3.534624	-3.070814	11.749808	0.796024	-2.592086	-0.409981	0.857991	0.366746	0.359651	-0.340042	0.930311	-0.137453	-0.384998	-0.004363	0.922907
35716	4.648967	0.849735	12.332494	1.895875	-2.588563	-1.367812	0.852439	0.353526	0.385186	-0.335775	0.934900	-0.114966	-0.400754	-0.031334	0.915650
35717	7.463581	5.299307	12.066520	0.912289	-2.845862	-0.795507	0.843389	0.344906	0.411989	-0.332749	0.937316	-0.103520	-0.421868	-0.049781	0.905289
35718	4.730809	-7.722292	9.132356	0.004579	-3.340966	-0.750284	0.831301	0.335988	0.442775	-0.326452	0.939878	-0.100295	-0.449852	-0.061169	0.891006
35719	13.937139	-3.486012	11.593962	1.471276	-3.667152	-1.444901	0.819011	0.319644	0.476497	-0.321300	0.943534	-0.080686	-0.475382	-0.087016	0.875466
35720	17.014321	5.947497	12.926445	1.286400	-2.768949	-0.873769	0.808391	0.308683	0.501216	-0.320396	0.945033	-0.065263	-0.493812	-0.107830	0.862857
