// General information: 
//  MT Manager version: 2022.2.0 
//  XDA version: 2022.2.0 build 7381 rev 124627 built on 2023-07-19
// Device information: 
//  DeviceId: 00B4CBA7
//  ProductCode: MTW2-3A7G6
//  Firmware Version: 4.6.0
//  Hardware Version: 2.0.0
// Device settings: 
//  Filter Profile: human(46.1)
//  Option Flags: Orientation Smoother Disabled, Position/Velocity Smoother Disabled, Continuous Zero Rotation Update Disabled, AHS Disabled, ICC Disabled
// Coordinate system: ENU
PacketCounter	Acc_X	Acc_Y	Acc_Z	Gyr_X	Gyr_Y	Gyr_Z	Mat[1][1]	Mat[2][1]	Mat[3][1]	Mat[1][2]	Mat[2][2]	Mat[3][2]	Mat[1][3]	Mat[2][3]	Mat[3][3]
35454	9.491250	0.930401	-2.221826	-0.018982	0.030840	0.004291	-0.127435	-0.195373	0.972414	-0.581115	0.809219	0.086430	-0.803782	-0.554070	-0.216657
35455	9.469515	0.938418	-2.133877	-0.027984	0.032369	0.005936	-0.127180	-0.195174	0.972488	-0.580889	0.809377	0.086471	-0.803986	-0.553910	-0.216311
35456	9.456992	0.849163	-2.069403	-0.032719	0.031593	0.003210	-0.126911	-0.195022	0.972553	-0.580629	0.809553	0.086569	-0.804216	-0.553707	-0.215976
35457	9.460774	0.803455	-1.976848	-0.028474	0.026409	0.006896	-0.126709	-0.194849	0.972614	-0.580399	0.809714	0.086601	-0.804414	-0.553531	-0.215688
35458	9.472560	0.835330	-1.925215	-0.018456	0.019596	0.004749	-0.126553	-0.194731	0.972658	-0.580190	0.809859	0.086649	-0.804589	-0.553361	-0.215471
35459	9.507826	0.867492	-1.868035	-0.009711	0.013540	0.012113	-0.126485	-0.194587	0.972696	-0.580104	0.809927	0.086591	-0.804662	-0.553312	-0.215324
35460	9.482061	1.007693	-1.879613	0.000233	0.018362	0.015682	-0.126397	-0.194412	0.972743	-0.580105	0.809936	0.086496	-0.804675	-0.553360	-0.215152
35461	9.469237	1.027713	-1.926339	-0.013016	0.004575	0.041087	-0.126569	-0.194082	0.972786	-0.579955	0.810079	0.086162	-0.804756	-0.553267	-0.215090
35462	9.548544	0.919966	-2.022589	-0.005715	-0.013786	0.044192	-0.126899	-0.193857	0.972788	-0.579833	0.810203	0.085819	-0.804792	-0.553164	-0.215219
35463	9.489660	0.857622	-1.984917	0.016667	-0.011424	0.048415	-0.127243	-0.193557	0.972803	-0.579913	0.810195	0.085350	-0.804680	-0.553281	-0.215338
35464	9.499475	0.891626	-2.220148	0.030884	-0.026088	0.048999	-0.127709	-0.193338	0.972785	-0.580113	0.810105	0.084847	-0.804462	-0.553490	-0.215615
35465	9.561132	0.714986	-2.245961	-0.006810	-0.016484	0.041864	-0.128056	-0.193118	0.972783	-0.580012	0.810214	0.084493	-0.804480	-0.553406	-0.215763
35466	9.529768	0.656946	-2.313439	0.021318	-0.001260	0.037911	-0.128261	-0.192840	0.972811	-0.580149	0.810156	0.084107	-0.804348	-0.553588	-0.215788
35467	9.569079	0.689150	-2.369649	0.010858	0.005384	0.024896	-0.128333	-0.192638	0.972842	-0.580212	0.810135	0.083880	-0.804292	-0.553690	-0.215738
35468	9.547037	0.694643	-2.283722	0.017522	0.021953	0.020979	-0.128237	-0.192405	0.972901	-0.580305	0.810085	0.083717	-0.804240	-0.553844	-0.215536
35469	9.562329	0.789990	-2.252219	0.051663	0.019766	0.020649	-0.128169	-0.192157	0.972959	-0.580701	0.809829	0.083443	-0.803965	-0.554303	-0.215380
35470	9.530703	0.795932	-2.224826	0.047648	0.023703	0.024082	-0.128082	-0.191879	0.973025	-0.581027	0.809623	0.083174	-0.803743	-0.554700	-0.215185
35471	9.507267	0.925812	-1.954175	0.111955	0.022766	0.044922	-0.128132	-0.191418	0.973109	-0.581876	0.809079	0.082535	-0.803121	-0.555653	-0.215050
35472	9.583147	0.851345	-2.228187	0.097000	0.041437	0.051971	-0.128067	-0.190842	0.973231	-0.582557	0.808652	0.081911	-0.802637	-0.556473	-0.214739
35473	9.535073	0.626255	-2.300052	0.087248	0.064598	0.041806	-0.127764	-0.190173	0.973402	-0.583211	0.808237	0.081356	-0.802210	-0.557304	-0.214174
35474	9.543020	0.728551	-2.232611	0.108130	0.078230	0.035240	-0.127320	-0.189488	0.973593	-0.584033	0.807696	0.080824	-0.801683	-0.558320	-0.213503
35475	9.553589	0.873964	-2.083811	0.078654	0.076103	0.027357	-0.126841	-0.188870	0.973776	-0.584635	0.807300	0.080428	-0.801320	-0.559102	-0.212819
35476	9.514202	0.890013	-2.019831	0.036436	0.072221	0.018747	-0.126351	-0.188327	0.973945	-0.584898	0.807133	0.080192	-0.801205	-0.559526	-0.212134
35477	9.476190	0.852940	-1.957716	0.007950	0.053043	0.013626	-0.125976	-0.187949	0.974066	-0.584951	0.807105	0.080082	-0.801225	-0.559693	-0.211617
35478	9.500692	0.765082	-1.938194	-0.003268	0.037634	0.004825	-0.125668	-0.187773	0.974140	-0.584903	0.807136	0.080127	-0.801309	-0.559708	-0.211260
35479	9.496111	0.753284	-1.913910	-0.004626	0.033309	0.003429	-0.125392	-0.187587	0.974211	-0.584868	0.807159	0.080142	-0.801378	-0.559736	-0.210925
35480	9.478447	0.763780	-1.938293	0.001070	0.026124	0.004743	-0.125179	-0.187458	0.974264	-0.584881	0.807149	0.080155	-0.801402	-0.559795	-0.210678
35481	9.509102	0.886710	-2.060237	-0.005876	0.022458	0.007249	-0.125012	-0.187302	0.974315	-0.584832	0.807187	0.080135	-0.801464	-0.559792	-0.210448
35482	9.476723	0.974028	-2.132289	-0.029131	0.021596	0.009592	-0.124874	-0.187139	0.974364	-0.584583	0.807365	0.080145	-0.801666	-0.559589	-0.210217
35483	9.498411	0.845405	-2.195391	-0.073621	0.024011	0.001902	-0.124663	-0.187018	0.974414	-0.583997	0.807772	0.080320	-0.802126	-0.559042	-0.209918
35484	9.532451	0.686389	-2.301276	-0.075801	0.021282	-0.001841	-0.124464	-0.186924	0.974458	-0.583432	0.808162	0.080505	-0.802568	-0.558510	-0.209644
35485	9.498310	0.655650	-2.353808	-0.069585	0.031837	-0.004772	-0.124151	-0.186813	0.974519	-0.582886	0.808533	0.080736	-0.803013	-0.558010	-0.209271
35486	9.584456	0.670271	-2.292679	-0.062139	0.038765	-0.009157	-0.123751	-0.186725	0.974587	-0.582383	0.808866	0.081025	-0.803440	-0.557556	-0.208843
35487	9.608506	0.664365	-2.372633	-0.061108	0.047949	-0.011983	-0.123266	-0.186584	0.974675	-0.581914	0.809176	0.081308	-0.803854	-0.557155	-0.208320
35488	9.652568	0.671861	-2.524809	-0.048103	0.065835	-0.014531	-0.122614	-0.186380	0.974796	-0.581488	0.809450	0.081624	-0.804262	-0.556824	-0.207628
35489	9.572939	0.737280	-2.503683	-0.051960	0.077918	-0.017240	-0.121858	-0.186115	0.974942	-0.581098	0.809699	0.081939	-0.804659	-0.556551	-0.206819
35490	9.562473	0.692877	-2.353296	-0.048612	0.083490	-0.020101	-0.121052	-0.185813	0.975100	-0.580713	0.809943	0.082249	-0.805058	-0.556297	-0.205949
35491	9.640479	0.718223	-2.255373	-0.034983	0.086529	-0.025057	-0.120181	-0.185563	0.975255	-0.580468	0.810082	0.082604	-0.805365	-0.556177	-0.205070
35492	9.617188	0.792924	-2.069472	-0.017937	0.100460	-0.030962	-0.119140	-0.185355	0.975423	-0.580334	0.810132	0.083062	-0.805617	-0.556175	-0.204087
35493	9.523199	0.769268	-1.984518	-0.012354	0.111359	-0.029067	-0.118045	-0.185000	0.975623	-0.580275	0.810138	0.083410	-0.805820	-0.556284	-0.202983
35494	9.463437	0.778096	-1.843411	-0.006730	0.110681	-0.032925	-0.116951	-0.184650	0.975821	-0.580316	0.810075	0.083737	-0.805950	-0.556491	-0.201894
35495	9.488200	0.711970	-1.636491	-0.018463	0.100926	-0.035125	-0.115905	-0.184402	0.975993	-0.580214	0.810104	0.084156	-0.806175	-0.556531	-0.200887
35496	9.572259	0.616366	-1.460181	-0.005023	0.090771	-0.044865	-0.114881	-0.184317	0.976130	-0.580228	0.810041	0.084668	-0.806311	-0.556651	-0.200004
35497	9.527339	0.582070	-1.284582	0.023658	0.082908	-0.044866	-0.113923	-0.184247	0.976255	-0.580476	0.809818	0.085098	-0.806268	-0.556998	-0.199208
35498	9.403938	0.676017	-1.116810	0.039828	0.060446	-0.044294	-0.113123	-0.184369	0.976325	-0.580834	0.809512	0.085569	-0.806124	-0.557403	-0.198662
35499	9.345440	0.751770	-1.001935	0.046514	0.033854	-0.050249	-0.112529	-0.184616	0.976347	-0.581272	0.809151	0.086007	-0.805891	-0.557845	-0.198365
35500	9.370354	0.623769	-0.895816	0.022357	0.000605	-0.056747	-0.112160	-0.185128	0.976293	-0.581504	0.808923	0.086586	-0.805775	-0.558006	-0.198381
35501	9.364832	0.442495	-0.860118	0.055738	-0.040141	-0.069334	-0.112051	-0.185942	0.976151	-0.582036	0.808475	0.087191	-0.805406	-0.558385	-0.198815
35502	9.550904	0.491144	-0.993184	0.091257	-0.066653	-0.072343	-0.112131	-0.186952	0.975949	-0.582839	0.807832	0.087783	-0.804814	-0.558978	-0.199546
35503	9.611162	0.519242	-1.402077	0.094496	-0.071695	-0.078997	-0.112218	-0.188020	0.975733	-0.583694	0.807147	0.088404	-0.804182	-0.559610	-0.200322
35504	9.460065	0.512854	-1.600134	0.091192	-0.096872	-0.084691	-0.112460	-0.189278	0.975462	-0.584554	0.806449	0.089091	-0.803523	-0.560191	-0.201337
35505	9.513750	0.589914	-1.729300	0.094838	-0.121053	-0.093761	-0.112855	-0.190741	0.975132	-0.585427	0.805731	0.089852	-0.802832	-0.560728	-0.202596
35506	9.559008	0.711088	-1.838607	0.066618	-0.134929	-0.106067	-0.113295	-0.192365	0.974761	-0.586091	0.805144	0.090772	-0.802285	-0.561015	-0.203962
35507	9.534280	0.674768	-1.769317	0.039660	-0.152466	-0.119786	-0.113786	-0.194214	0.974338	-0.586552	0.804681	0.091897	-0.801879	-0.561043	-0.205478
35508	9.515757	0.573375	-1.622467	0.030598	-0.169465	-0.133742	-0.114327	-0.196262	0.973864	-0.586944	0.804248	0.093175	-0.801515	-0.560952	-0.207142
35509	9.594425	0.533524	-1.562159	0.047613	-0.183376	-0.141939	-0.114933	-0.198460	0.973347	-0.587495	0.803692	0.094497	-0.801024	-0.560975	-0.208965
35510	9.541228	0.488456	-1.482915	0.055161	-0.204219	-0.157505	-0.115596	-0.200947	0.972758	-0.588086	0.803080	0.096012	-0.800495	-0.560966	-0.211007
35511	9.447766	0.482384	-1.167241	0.065188	-0.243210	-0.170673	-0.116508	-0.203710	0.972074	-0.588812	0.802359	0.097572	-0.799829	-0.561001	-0.213428
35512	9.443102	0.558113	-0.818684	0.072891	-0.294726	-0.189324	-0.117718	-0.206903	0.971253	-0.589631	0.801547	0.099287	-0.799048	-0.560994	-0.216353
35513	9.543004	0.606745	-0.381560	0.062840	-0.349901	-0.199394	-0.119307	-0.210492	0.970288	-0.590376	0.800769	0.101124	-0.798262	-0.560770	-0.219807
35514	9.516968	0.595184	0.070059	0.058501	-0.430281	-0.203583	-0.121497	-0.214561	0.969124	-0.591141	0.799965	0.102999	-0.797365	-0.560375	-0.224029
35515	9.537489	0.632590	0.435565	0.067837	-0.522870	-0.225118	-0.124303	-0.219318	0.967703	-0.591964	0.799087	0.105064	-0.796321	-0.559786	-0.229157
35516	9.506717	0.485187	0.649188	0.066222	-0.619100	-0.238315	-0.127778	-0.224674	0.966020	-0.592841	0.798151	0.107215	-0.795118	-0.558996	-0.235182
35517	9.462715	0.287148	0.623973	0.080198	-0.717632	-0.259370	-0.131911	-0.230779	0.964023	-0.593821	0.797102	0.109565	-0.793710	-0.558005	-0.242188
35518	9.679852	0.196639	0.417450	0.117512	-0.815548	-0.268779	-0.136752	-0.237433	0.961730	-0.595185	0.795770	0.111829	-0.791867	-0.557114	-0.250140
35519	10.029739	0.128540	0.150562	0.128835	-0.902132	-0.283376	-0.142168	-0.244735	0.959110	-0.596606	0.794358	0.114261	-0.789841	-0.555967	-0.258943
35520	10.476564	0.080825	-0.019701	0.140133	-0.977588	-0.318634	-0.147937	-0.252648	0.956182	-0.598256	0.792732	0.116900	-0.787530	-0.554748	-0.268422
35521	10.688442	0.138894	-0.693506	0.199481	-1.010352	-0.378910	-0.153579	-0.261276	0.952968	-0.600404	0.790641	0.120010	-0.784811	-0.553735	-0.278297
35522	10.462551	-0.057764	-1.660790	0.260859	-1.026114	-0.429168	-0.158983	-0.270338	0.949548	-0.603206	0.787990	0.123347	-0.781580	-0.553163	-0.288346
35523	10.477109	0.339538	-1.967497	0.243365	-1.072347	-0.468939	-0.164482	-0.279981	0.945810	-0.605871	0.785342	0.127114	-0.778374	-0.552131	-0.298807
35524	10.610801	0.650339	-2.117230	0.229001	-1.109140	-0.486118	-0.170109	-0.289864	0.941829	-0.608568	0.782622	0.130948	-0.775053	-0.550892	-0.309533
35525	10.549573	0.848619	-2.105805	0.183401	-1.107741	-0.514618	-0.175510	-0.300005	0.937653	-0.610885	0.780082	0.135244	-0.772020	-0.549061	-0.320181
35526	10.367637	0.811359	-2.644413	0.184210	-1.097764	-0.551065	-0.180534	-0.310297	0.933340	-0.613414	0.777296	0.139768	-0.768851	-0.547291	-0.330669
35527	10.251766	0.977793	-3.339994	0.260284	-1.066079	-0.569280	-0.185181	-0.320568	0.928948	-0.616461	0.774063	0.144231	-0.765300	-0.545951	-0.340959
35528	10.034999	1.382362	-3.939425	0.277010	-1.038397	-0.566944	-0.189568	-0.330542	0.924557	-0.619781	0.770611	0.148426	-0.761535	-0.544886	-0.350947
35529	9.638650	1.793442	-4.179406	0.275693	-1.024233	-0.521287	-0.194080	-0.340152	0.920125	-0.622885	0.767347	0.152289	-0.757857	-0.543576	-0.360803
35530	9.657307	1.966360	-4.647060	0.328054	-1.005575	-0.439381	-0.198885	-0.348957	0.915792	-0.626373	0.763945	0.155066	-0.753725	-0.542787	-0.370514
35531	10.189304	1.370343	-4.417823	0.273401	-1.038341	-0.365554	-0.204366	-0.357399	0.911318	-0.629176	0.761156	0.157414	-0.749915	-0.541209	-0.380421
35532	10.376554	1.134420	-3.721351	0.478509	-1.028023	-0.276799	-0.210265	-0.365005	0.906951	-0.633485	0.757457	0.157975	-0.744637	-0.541323	-0.390492
35533	10.706705	1.300469	-3.421046	0.656547	-0.942660	-0.229864	-0.215763	-0.371877	0.902859	-0.638854	0.753034	0.157494	-0.738452	-0.542814	-0.400052
35534	11.093557	1.528321	-3.632755	0.642397	-0.851960	-0.175563	-0.220849	-0.377809	0.899159	-0.644103	0.748776	0.156418	-0.732364	-0.544606	-0.408714
35535	11.096276	1.769001	-3.159916	0.606531	-0.874432	-0.105420	-0.226515	-0.383389	0.895379	-0.648774	0.745051	0.154892	-0.726487	-0.545813	-0.417498
35536	11.444266	2.243122	-2.614581	0.520403	-0.870065	-0.029562	-0.232583	-0.388297	0.891701	-0.652796	0.741959	0.152822	-0.720945	-0.546555	-0.426046
35537	11.183598	2.551088	-2.782720	0.370568	-0.851712	0.023825	-0.238830	-0.392799	0.888071	-0.655415	0.740010	0.151049	-0.716513	-0.545980	-0.434183
35538	10.664932	2.747552	-2.905266	0.200316	-0.876093	0.068110	-0.245507	-0.396988	0.884379	-0.656807	0.739102	0.149443	-0.712973	-0.544177	-0.442199
35539	10.049223	3.135984	-3.166214	0.049215	-0.883319	0.121210	-0.252559	-0.400910	0.880616	-0.656868	0.739301	0.148187	-0.710450	-0.541023	-0.450062
35540	9.587099	3.477945	-3.440607	-0.140554	-0.855296	0.191783	-0.259839	-0.404048	0.877057	-0.655493	0.740746	0.147054	-0.709093	-0.536694	-0.457325
35541	9.039801	3.725839	-3.977066	-0.312512	-0.785672	0.273376	-0.267167	-0.406240	0.873837	-0.652570	0.743504	0.146133	-0.709066	-0.531198	-0.463740
35542	8.609570	3.482606	-3.759479	-0.509797	-0.711972	0.322817	-0.274283	-0.407538	0.871023	-0.648179	0.747438	0.145604	-0.710375	-0.524643	-0.469167
35543	8.483867	1.534330	-3.983383	-0.614897	-0.613755	0.337725	-0.280799	-0.408230	0.868620	-0.642881	0.752001	0.145598	-0.712640	-0.517535	-0.473604
35544	8.495122	-0.886428	-4.562148	-0.274700	-0.427502	0.349108	-0.286039	-0.407775	0.867123	-0.640006	0.754789	0.143829	-0.713144	-0.513823	-0.476877
35545	8.540645	-2.042991	-4.183117	0.388436	-0.194038	0.427571	-0.290129	-0.405573	0.866796	-0.641552	0.754509	0.138297	-0.710096	-0.515971	-0.479101
35546	8.551154	-1.534235	-3.680558	1.153963	0.095337	0.531087	-0.292817	-0.401069	0.867987	-0.648232	0.750583	0.128138	-0.702889	-0.525137	-0.479769
35547	8.656612	-0.029531	-3.638113	1.574143	0.394822	0.605176	-0.293980	-0.394470	0.870614	-0.657464	0.744601	0.115369	-0.693770	-0.538482	-0.478248
35548	8.441489	1.454383	-3.969836	1.561555	0.683813	0.666881	-0.293605	-0.385789	0.874622	-0.666349	0.738615	0.102109	-0.685401	-0.552824	-0.473931
35549	8.412535	2.395979	-4.028716	1.147064	0.933818	0.686677	-0.291792	-0.375537	0.879676	-0.672188	0.734802	0.090722	-0.680457	-0.564835	-0.466840
35550	8.469434	2.602752	-4.102491	0.584437	1.150622	0.641214	-0.288214	-0.364271	0.885573	-0.674377	0.733780	0.082353	-0.679815	-0.573475	-0.457141
35551	8.524275	2.028077	-3.923859	0.055141	1.331339	0.555840	-0.282854	-0.352543	0.892024	-0.673180	0.735438	0.077197	-0.683244	-0.578657	-0.445346
35552	8.502457	1.175236	-3.896275	-0.323198	1.509811	0.463819	-0.275534	-0.340360	0.899019	-0.669736	0.738857	0.074462	-0.689590	-0.581589	-0.431532
35553	8.349425	0.541772	-3.984909	-0.499187	1.704500	0.413514	-0.266441	-0.327391	0.906545	-0.665167	0.743130	0.072877	-0.697540	-0.583586	-0.415769
35554	8.285013	0.397069	-3.864184	-0.538802	1.896499	0.402928	-0.255740	-0.313283	0.914577	-0.660402	0.747511	0.071390	-0.706021	-0.585731	-0.398061
35555	8.320634	0.520723	-3.587588	-0.561543	2.069822	0.398141	-0.243623	-0.298177	0.922897	-0.655431	0.752009	0.069947	-0.714883	-0.587855	-0.378641
35556	8.374868	0.690168	-3.274396	-0.568624	2.223653	0.368824	-0.229972	-0.282284	0.931359	-0.650535	0.756370	0.068616	-0.723821	-0.590102	-0.357579
35557	8.440412	0.864339	-3.077848	-0.571085	2.335234	0.335880	-0.215110	-0.265956	0.939678	-0.645640	0.760654	0.067488	-0.732718	-0.592177	-0.335336
35558	8.565326	0.858592	-3.051046	-0.565079	2.436922	0.295238	-0.198988	-0.249234	0.947780	-0.640931	0.764710	0.066528	-0.741358	-0.594223	-0.311910
35559	8.634337	0.730549	-3.050908	-0.505320	2.538144	0.274901	-0.181793	-0.232041	0.955567	-0.636652	0.768368	0.065462	-0.749417	-0.596463	-0.287413
35560	8.639494	0.512393	-3.043265	-0.385636	2.618410	0.262904	-0.163689	-0.214347	0.962944	-0.633359	0.771206	0.064004	-0.756348	-0.599413	-0.261997
35561	8.726732	0.395423	-2.940560	-0.220484	2.692128	0.261243	-0.144872	-0.196166	0.969810	-0.631292	0.773058	0.062065	-0.761894	-0.603242	-0.235833
35562	8.924976	0.361794	-2.872531	-0.032354	2.762281	0.254608	-0.125319	-0.177449	0.976118	-0.630764	0.773677	0.059666	-0.765789	-0.608223	-0.208885
35563	9.021482	0.596271	-2.717039	0.162229	2.812324	0.253166	-0.105318	-0.158326	0.981754	-0.631724	0.773102	0.056909	-0.768006	-0.614204	-0.181440
35564	9.053105	0.983071	-2.444905	0.291328	2.853773	0.247469	-0.084903	-0.138771	0.986678	-0.633785	0.771623	0.053988	-0.768835	-0.620759	-0.153464
35565	9.078465	1.210166	-2.305638	0.351175	2.886594	0.233821	-0.064163	-0.118981	0.990821	-0.636318	0.769725	0.051225	-0.768754	-0.627190	-0.125098
35566	9.048641	1.284752	-2.146956	0.391157	2.887130	0.224333	-0.043362	-0.099036	0.994139	-0.639253	0.767461	0.048571	-0.767773	-0.633400	-0.096588
35567	9.161494	1.453640	-2.092721	0.434277	2.866331	0.214598	-0.022725	-0.079176	0.996602	-0.642518	0.764882	0.046116	-0.765934	-0.639286	-0.068253
35568	9.175337	1.540728	-1.744820	0.433007	2.815138	0.201632	-0.002448	-0.059544	0.998223	-0.645847	0.762204	0.043881	-0.763463	-0.644592	-0.040322
35569	9.142892	1.733935	-1.341794	0.419100	2.744758	0.180008	0.017334	-0.040443	0.999032	-0.649058	0.759578	0.042011	-0.760542	-0.649157	-0.013083
35570	8.978647	2.140396	-0.791477	0.375981	2.645294	0.154338	0.036465	-0.022038	0.999092	-0.651991	0.757144	0.040497	-0.757349	-0.652876	0.013241
35571	8.714201	2.582513	0.129874	0.201611	2.494891	0.102360	0.054693	-0.004975	0.998491	-0.653564	0.755836	0.039565	-0.754893	-0.654742	0.038087
35572	8.575899	2.263433	0.536359	-0.078708	2.310980	0.038328	0.071934	0.010451	0.997355	-0.653021	0.756326	0.039173	-0.753916	-0.654111	0.061230
35573	8.971812	1.846991	-0.155253	-0.287597	2.113638	-0.035699	0.088135	0.023955	0.995820	-0.650824	0.758207	0.039362	-0.754096	-0.651573	0.082415
35574	8.858935	2.327924	-0.581251	-0.438073	1.924651	-0.054252	0.103064	0.036059	0.994021	-0.647480	0.761057	0.039525	-0.755081	-0.647682	0.101785
35575	8.383690	2.761140	-0.534940	-0.630852	1.714464	-0.051295	0.116390	0.046700	0.992105	-0.642652	0.765145	0.039377	-0.757266	-0.642162	0.119067
35576	7.963349	2.986817	-0.714397	-0.804339	1.503789	-0.034095	0.128076	0.056038	0.990180	-0.636517	0.770289	0.038738	-0.760554	-0.635228	0.134325
35577	7.349379	2.924926	-0.626503	-0.972935	1.288447	-0.009495	0.137995	0.064071	0.988358	-0.629082	0.776434	0.037500	-0.764992	-0.626933	0.147450
35578	7.594794	2.653285	0.201507	-1.076741	1.041521	0.033847	0.145820	0.070800	0.986775	-0.620861	0.783113	0.035559	-0.770239	-0.617835	0.158150
35579	7.712623	1.480335	0.547986	-1.176793	0.784696	0.081092	0.151418	0.076222	0.985527	-0.611880	0.790267	0.032890	-0.776322	-0.608004	0.166299
35580	6.596408	1.300287	-0.674193	-0.949945	0.399428	0.097104	0.153983	0.079378	0.984880	-0.604621	0.795933	0.030381	-0.781487	-0.600158	0.170554
35581	6.435021	1.019423	-1.494826	-0.910954	-0.048981	0.097424	0.153042	0.079837	0.984989	-0.597625	0.801290	0.027908	-0.787034	-0.592925	0.170344
35582	6.490307	0.491781	-2.820636	-0.875349	-0.477916	0.093252	0.148756	0.077734	0.985814	-0.590835	0.806387	0.025569	-0.792960	-0.586257	0.165882
35583	8.233375	1.201042	-2.040745	-0.842203	-0.732608	0.136007	0.142154	0.074535	0.987034	-0.584328	0.811195	0.022900	-0.798970	-0.580007	0.158867
35584	11.345806	2.953951	2.402299	-1.223913	-0.478706	0.085392	0.137858	0.072431	0.987800	-0.574598	0.818187	0.020197	-0.806742	-0.570372	0.154412
35585	12.793696	1.277332	5.303976	-1.990517	-0.131487	-0.026895	0.136971	0.071442	0.987995	-0.558386	0.829398	0.017438	-0.818195	-0.554072	0.153495
35586	12.969906	-1.613077	5.272141	-2.084128	-0.144567	0.047245	0.135565	0.071000	0.988221	-0.541251	0.840747	0.013844	-0.829861	-0.536752	0.152405
35587	12.681208	-4.157879	3.830451	-1.620210	-0.404740	0.191408	0.131191	0.070443	0.988851	-0.527985	0.849200	0.009553	-0.839060	-0.523351	0.148601
35588	12.492274	-6.230088	1.570154	-0.789053	-0.566961	0.294584	0.124915	0.069967	0.989697	-0.521712	0.853104	0.005537	-0.843927	-0.517028	0.143068
35589	11.507916	-3.743920	-0.708042	0.151603	-0.656620	0.268021	0.118000	0.068823	0.990626	-0.523316	0.852133	0.003134	-0.843929	-0.518780	0.136567
35590	10.631838	0.147261	-1.080482	0.529794	-0.718221	0.183728	0.111015	0.066621	0.991583	-0.527997	0.849244	0.002055	-0.841959	-0.523781	0.129454
35591	9.971991	1.970687	-0.201051	0.397470	-0.786499	0.134916	0.103710	0.063602	0.992572	-0.531486	0.847066	0.001255	-0.840694	-0.527668	0.121653
35592	9.677210	0.310105	-1.277478	-0.042613	-0.959472	0.136523	0.094951	0.059667	0.993692	-0.531263	0.847207	-0.000107	-0.841869	-0.527902	0.112142
35593	11.390436	0.324657	-3.077774	0.299226	-1.059158	0.212909	0.084930	0.055832	0.994821	-0.533973	0.845499	-0.001865	-0.841225	-0.531050	0.101621
35594	10.572288	3.361540	-1.994496	0.170191	-0.917486	0.256700	0.075876	0.053086	0.995703	-0.535603	0.844459	-0.004208	-0.841054	-0.532983	0.092507
35595	9.890361	2.843647	-1.968603	-0.196757	-0.842004	0.195411	0.067769	0.050225	0.996436	-0.534088	0.845405	-0.006289	-0.842708	-0.531759	0.084117
35596	10.037190	1.843887	-1.006699	-0.504682	-0.793980	0.244508	0.059801	0.048041	0.997054	-0.529960	0.847974	-0.009072	-0.845911	-0.527857	0.076169
35597	9.903535	0.101173	-0.166899	-0.574697	-0.743338	0.272567	0.052089	0.046420	0.997563	-0.525243	0.850865	-0.012167	-0.849356	-0.523330	0.068703
35598	9.875647	-0.625855	0.681962	-0.443225	-0.743418	0.255787	0.044461	0.044667	0.998012	-0.521569	0.853078	-0.014945	-0.852050	-0.519868	0.061226
35599	9.534540	-1.158417	1.144371	-0.341228	-0.750699	0.235216	0.036861	0.042754	0.998405	-0.518756	0.854744	-0.017450	-0.854127	-0.517286	0.053685
35600	9.460232	-1.640933	1.409057	-0.223020	-0.770993	0.203453	0.029252	0.040461	0.998753	-0.516893	0.855827	-0.019532	-0.855550	-0.515677	0.045949
35601	9.459418	-1.617786	1.656998	-0.136391	-0.802923	0.185743	0.021447	0.037885	0.999052	-0.515776	0.856456	-0.021405	-0.856455	-0.514828	0.037908
35602	9.295593	-1.293569	1.665696	-0.084376	-0.839355	0.186678	0.013327	0.035120	0.999294	-0.515070	0.856833	-0.023244	-0.857045	-0.514397	0.029509
35603	9.229034	-0.618498	1.735667	-0.097460	-0.902765	0.186885	0.004652	0.032051	0.999475	-0.514255	0.857270	-0.025097	-0.857625	-0.513868	0.020471
35604	9.233997	-0.595732	1.572005	-0.228194	-0.954353	0.165484	-0.004352	0.028536	0.999583	-0.512286	0.858398	-0.026736	-0.858804	-0.512189	0.010882
35605	9.301236	-1.142107	1.028340	-0.305768	-0.991302	0.137724	-0.013550	0.024623	0.999605	-0.509650	0.859923	-0.028091	-0.860275	-0.509829	0.000897
35606	9.421887	-1.766590	0.493060	-0.223762	-1.004860	0.099466	-0.022671	0.020329	0.999536	-0.507701	0.861044	-0.029028	-0.861235	-0.508124	-0.009200
35607	9.541855	-1.943366	-0.168451	-0.014629	-1.009006	0.074401	-0.031711	0.015813	0.999372	-0.507560	0.861103	-0.029731	-0.861033	-0.508184	-0.019281
35608	9.686445	-1.610002	-0.763287	0.131034	-0.983551	0.049921	-0.040395	0.011207	0.999121	-0.508671	0.860431	-0.030217	-0.860013	-0.509444	-0.029056
35609	9.720352	-1.288999	-1.260732	0.159006	-0.948145	0.024865	-0.048644	0.006554	0.998795	-0.510032	0.859615	-0.030481	-0.858779	-0.510900	-0.038472
35610	9.737733	-1.114761	-1.601475	0.151242	-0.920513	0.004979	-0.056536	0.001859	0.998399	-0.511332	0.858840	-0.030554	-0.857522	-0.512241	-0.047605
35611	9.888903	-0.884776	-2.053775	0.162070	-0.878154	-0.013590	-0.063964	-0.002792	0.997948	-0.512735	0.858006	-0.030464	-0.856161	-0.513632	-0.056313
35612	10.074077	-0.719808	-2.431347	0.151972	-0.825108	-0.034416	-0.070815	-0.007359	0.997462	-0.514064	0.857221	-0.030171	-0.854824	-0.514896	-0.064487
35613	10.072833	-0.405221	-2.709570	0.209000	-0.755539	-0.048180	-0.076993	-0.011698	0.996963	-0.515891	0.856136	-0.029795	-0.853187	-0.516618	-0.071951
35614	10.040194	0.190977	-2.445066	0.217188	-0.707973	-0.052963	-0.082723	-0.015846	0.996447	-0.517788	0.855004	-0.029389	-0.851500	-0.518379	-0.078934
35615	10.099097	0.358093	-1.999230	0.159120	-0.648459	-0.045163	-0.087979	-0.019627	0.995929	-0.519188	0.854167	-0.029031	-0.850120	-0.519628	-0.085339
35616	10.017503	0.013488	-2.061686	0.115035	-0.589869	-0.040912	-0.092749	-0.023079	0.995422	-0.520202	0.853562	-0.028680	-0.848992	-0.520480	-0.091172
35617	9.919411	-0.114573	-1.807050	0.088236	-0.555121	-0.036806	-0.097240	-0.026313	0.994913	-0.520993	0.853090	-0.028358	-0.848004	-0.521100	-0.096664
35618	9.843500	-0.282896	-1.472583	0.059423	-0.529866	-0.038987	-0.101499	-0.029444	0.994400	-0.521533	0.852772	-0.027983	-0.847173	-0.521452	-0.101912
35619	9.810663	-0.460701	-1.308162	0.051708	-0.510794	-0.045772	-0.105559	-0.032528	0.993881	-0.522026	0.852485	-0.027543	-0.846372	-0.521739	-0.106968
35620	9.758883	-0.575120	-1.206036	0.056389	-0.515416	-0.059925	-0.109577	-0.035765	0.993335	-0.522565	0.852173	-0.026963	-0.845529	-0.522037	-0.112068
35621	9.683266	-0.450219	-1.030797	0.062918	-0.513607	-0.071162	-0.113519	-0.039083	0.992767	-0.523185	0.851814	-0.026290	-0.844625	-0.522385	-0.117144
35622	9.598307	-0.411158	-0.852561	0.022636	-0.528697	-0.083345	-0.117518	-0.042590	0.992157	-0.523471	0.851664	-0.025444	-0.843900	-0.522355	-0.122380
35623	9.477448	-0.435423	-0.517879	-0.007525	-0.549180	-0.092132	-0.121642	-0.046272	0.991495	-0.523526	0.851658	-0.024483	-0.843282	-0.522051	-0.127821
35624	9.381674	-0.381118	-0.219341	-0.011865	-0.580940	-0.098301	-0.125996	-0.050175	0.990761	-0.523548	0.851673	-0.023449	-0.842628	-0.521666	-0.133576
35625	9.383793	-0.202153	0.069882	-0.032412	-0.625595	-0.100524	-0.130712	-0.054322	0.989931	-0.523413	0.851785	-0.022371	-0.841993	-0.521067	-0.139771
35626	9.351161	-0.278678	0.154849	-0.084665	-0.672376	-0.101910	-0.135809	-0.058723	0.988993	-0.522839	0.852168	-0.021198	-0.841543	-0.519964	-0.146435
35627	9.353861	-0.621534	-0.032323	-0.117503	-0.712181	-0.115876	-0.141169	-0.063438	0.987951	-0.522021	0.852702	-0.019838	-0.841169	-0.518531	-0.153491
35628	9.432606	-0.922545	-0.529363	-0.091217	-0.737200	-0.120482	-0.146710	-0.068314	0.986818	-0.521434	0.853092	-0.018465	-0.840585	-0.517269	-0.160778
35629	9.349016	-0.857174	-0.898444	-0.030426	-0.749660	-0.134328	-0.152280	-0.073364	0.985611	-0.521389	0.853149	-0.017052	-0.839622	-0.516483	-0.168169
35630	9.351081	-0.562127	-1.066175	-0.024101	-0.776373	-0.140533	-0.158031	-0.078597	0.984301	-0.521416	0.853160	-0.015589	-0.838541	-0.515694	-0.175808
35631	9.421026	-0.511984	-1.387657	-0.040936	-0.778683	-0.155864	-0.163718	-0.083968	0.982927	-0.521334	0.853239	-0.013945	-0.837501	-0.514716	-0.183466
35632	9.401213	-0.576775	-1.810919	-0.063438	-0.783096	-0.168060	-0.169366	-0.089455	0.981485	-0.521096	0.853412	-0.012139	-0.836525	-0.513504	-0.191153
35633	9.340643	-0.557937	-1.989465	-0.069389	-0.787533	-0.182091	-0.174974	-0.095077	0.979972	-0.520840	0.853594	-0.010180	-0.835530	-0.512190	-0.198877
35634	9.435004	-0.541568	-1.999454	-0.077170	-0.794480	-0.193602	-0.180570	-0.100819	0.978381	-0.520555	0.853790	-0.008093	-0.834516	-0.510763	-0.206651
35635	9.381206	-0.313897	-1.756166	-0.064154	-0.813108	-0.201274	-0.186276	-0.106715	0.976685	-0.520400	0.853902	-0.005953	-0.833357	-0.509376	-0.214596
35636	9.412380	-0.164338	-1.564675	-0.086624	-0.822421	-0.217837	-0.191962	-0.112783	0.974900	-0.520108	0.854093	-0.003604	-0.832249	-0.507745	-0.222612
35637	9.389521	-0.214127	-1.425228	-0.138264	-0.855320	-0.218671	-0.197913	-0.119014	0.972968	-0.519396	0.854533	-0.001124	-0.831299	-0.505578	-0.230938
35638	9.526822	-0.641671	-1.355322	-0.187594	-0.903009	-0.244441	-0.204116	-0.125681	0.970845	-0.518347	0.855169	0.001726	-0.830453	-0.502883	-0.239701
35639	9.675794	-0.306624	-1.474476	-0.060083	-0.914875	-0.244671	-0.210412	-0.132396	0.968606	-0.518368	0.855147	0.004282	-0.828868	-0.501193	-0.248563
35640	9.483810	0.171604	-1.719266	-0.092602	-0.955290	-0.247745	-0.217007	-0.139316	0.966178	-0.518153	0.855260	0.006943	-0.827300	-0.499121	-0.257784
35641	9.476803	0.096189	-1.782565	-0.173116	-0.990279	-0.262582	-0.223807	-0.146520	0.963557	-0.517313	0.855738	0.009968	-0.826013	-0.496230	-0.267317
35642	9.425582	-0.236300	-1.988411	-0.175715	-1.018691	-0.288561	-0.230690	-0.154052	0.960755	-0.516542	0.856159	0.013252	-0.824600	-0.493214	-0.277082
35643	9.431991	-0.196077	-1.958134	-0.135045	-1.057473	-0.303066	-0.237809	-0.161878	0.957728	-0.516153	0.856336	0.016576	-0.822820	-0.490392	-0.287198
35644	9.381584	-0.155230	-1.886703	-0.184268	-1.100788	-0.313745	-0.245206	-0.169966	0.954456	-0.515423	0.856699	0.020142	-0.821105	-0.487009	-0.297672
35645	9.466155	-0.145424	-2.041883	-0.170172	-1.120410	-0.324882	-0.252695	-0.178217	0.950991	-0.514849	0.856950	0.023789	-0.819192	-0.483606	-0.308302
35646	9.467453	-0.009277	-1.938752	-0.247106	-1.166622	-0.338803	-0.260465	-0.186759	0.947248	-0.513726	0.857503	0.027805	-0.817462	-0.479384	-0.319293
35647	9.815824	-0.193296	-1.630356	-0.315848	-1.224853	-0.369988	-0.268544	-0.195804	0.943157	-0.512140	0.858292	0.032365	-0.815841	-0.474337	-0.330768
35648	9.993860	-0.331151	-1.456361	-0.270591	-1.275673	-0.403308	-0.276839	-0.205306	0.938728	-0.511068	0.858739	0.037093	-0.813738	-0.469485	-0.342657
35649	9.897504	0.090760	-1.132930	-0.177786	-1.356342	-0.423249	-0.285667	-0.215308	0.933829	-0.510829	0.858670	0.041712	-0.810831	-0.465112	-0.355280
35650	9.976592	0.082700	-0.771334	-0.205529	-1.462246	-0.437778	-0.295226	-0.225850	0.928350	-0.510477	0.858631	0.046551	-0.807623	-0.460158	-0.368781
35651	10.787460	-0.732992	-0.417813	-0.264860	-1.583930	-0.482661	-0.305503	-0.237266	0.922156	-0.509807	0.858713	0.052047	-0.804217	-0.454222	-0.383300
35652	11.855590	-0.506514	0.361865	-0.068356	-1.706387	-0.528264	-0.316445	-0.249525	0.915205	-0.510949	0.857707	0.057181	-0.799245	-0.449529	-0.398912
35653	12.568721	0.916465	1.371357	0.089861	-1.874353	-0.554465	-0.328499	-0.262694	0.907238	-0.513469	0.855873	0.061901	-0.792741	-0.445504	-0.416039
35654	13.080756	2.333449	2.683613	0.078865	-2.058362	-0.538605	-0.341920	-0.276431	0.898152	-0.515955	0.854036	0.066433	-0.785418	-0.440691	-0.434638
35655	13.295585	2.592224	3.241558	0.015836	-2.261873	-0.517980	-0.356891	-0.290778	0.887737	-0.517906	0.852484	0.071021	-0.777433	-0.434417	-0.454840
35656	13.645029	2.099457	3.438877	-0.071251	-2.463440	-0.518643	-0.373188	-0.305811	0.875905	-0.519314	0.851204	0.075928	-0.768794	-0.426534	-0.476471
35657	13.913763	1.047152	3.530498	-0.094772	-2.689396	-0.541070	-0.390894	-0.321791	0.862353	-0.520675	0.849892	0.081125	-0.759012	-0.417295	-0.499766
35658	14.995209	0.494459	2.448762	-0.001745	-2.874996	-0.617052	-0.409259	-0.338899	0.847145	-0.523210	0.847813	0.086401	-0.747502	-0.407874	-0.524290
35659	15.332133	0.181637	0.884232	-0.070788	-2.954285	-0.704212	-0.427448	-0.356782	0.830659	-0.525651	0.845632	0.092719	-0.735513	-0.397004	-0.549006
35660	14.987021	0.155088	-0.453320	-0.289685	-2.958864	-0.794047	-0.444778	-0.375050	0.813332	-0.527095	0.843801	0.100853	-0.724115	-0.383846	-0.572991
35661	14.496695	0.516545	-3.004067	-0.518749	-2.914109	-0.809401	-0.461436	-0.392866	0.795445	-0.527054	0.842627	0.110425	-0.713646	-0.368289	-0.595880
35662	13.540555	0.462665	-6.106234	-0.639268	-2.788424	-0.720077	-0.477313	-0.408983	0.777757	-0.526012	0.841978	0.119937	-0.703906	-0.351862	-0.617017
35663	12.331282	-0.258338	-8.100999	-0.725341	-2.646433	-0.553617	-0.492892	-0.422761	0.760481	-0.523647	0.842148	0.128768	-0.694875	-0.334755	-0.636465
35664	10.885785	-0.317357	-8.955243	-0.570312	-2.499886	-0.416334	-0.507865	-0.434460	0.743853	-0.521912	0.842161	0.135544	-0.685333	-0.319388	-0.654454
35665	9.258908	0.056922	-9.234076	-0.370455	-2.311871	-0.324896	-0.521874	-0.444457	0.728083	-0.521088	0.841873	0.140416	-0.675362	-0.306116	-0.670954
35666	8.166621	0.587422	-8.658714	-0.143469	-2.076363	-0.285774	-0.534196	-0.453134	0.713656	-0.521759	0.840953	0.143406	-0.665133	-0.295749	-0.685660
35667	6.886120	1.019708	-7.893448	-0.041283	-1.737589	-0.244941	-0.544369	-0.460290	0.701281	-0.522831	0.839936	0.145449	-0.655980	-0.287474	-0.697889
35668	5.666341	1.156259	-8.634042	-0.009000	-1.371719	-0.188388	-0.552225	-0.465800	0.691432	-0.523929	0.839020	0.146780	-0.648495	-0.281206	-0.707374
35669	3.945202	0.845439	-11.158562	0.031832	-1.069624	-0.122139	-0.558463	-0.469837	0.683647	-0.524838	0.838340	0.147416	-0.642390	-0.276477	-0.714770
35670	2.875766	0.363027	-10.030803	-0.068871	-0.900500	-0.023203	-0.564003	-0.472531	0.677211	-0.524647	0.838352	0.148026	-0.637688	-0.271809	-0.720745
35671	3.532197	-0.849248	-6.519034	-0.084938	-0.756485	0.063727	-0.569122	-0.474067	0.671834	-0.523771	0.838863	0.148233	-0.633849	-0.267525	-0.725718
35672	4.921602	-1.774632	-5.566592	0.317028	-0.458496	0.091479	-0.572400	-0.474562	0.668692	-0.525370	0.838381	0.145271	-0.629559	-0.268158	-0.729210
35673	6.048043	-1.311244	-5.872117	0.865569	0.014299	0.115299	-0.572893	-0.473588	0.668961	-0.530165	0.836555	0.138205	-0.625075	-0.275483	-0.730336
35674	5.581367	-0.151531	-6.705702	1.245767	0.541884	0.139221	-0.570157	-0.470931	0.673160	-0.537261	0.833626	0.128138	-0.621508	-0.288604	-0.728310
35675	4.286144	0.881258	-6.739856	1.311323	0.950754	0.198138	-0.565302	-0.466495	0.680306	-0.544300	0.830649	0.117300	-0.619816	-0.303981	-0.723481
35676	3.671664	2.023303	-6.648587	1.154514	1.269478	0.268718	-0.558798	-0.460339	0.689806	-0.550076	0.828218	0.107103	-0.620614	-0.319597	-0.716029
35677	4.010534	1.849721	-6.521529	0.858948	1.509701	0.317867	-0.551129	-0.452807	0.700873	-0.553683	0.826845	0.098806	-0.624253	-0.333606	-0.706410
35678	4.977271	1.387840	-6.463331	0.689581	1.754630	0.296430	-0.541676	-0.444410	0.713503	-0.556505	0.825753	0.091839	-0.629991	-0.347321	-0.694607
35679	5.825871	1.002234	-6.444820	0.647293	2.044073	0.250765	-0.530095	-0.435124	0.727782	-0.559287	0.824542	0.085605	-0.637336	-0.361660	-0.680445
35680	6.137675	0.950759	-6.628213	0.694434	2.382652	0.217731	-0.515937	-0.424542	0.744025	-0.562717	0.822837	0.079301	-0.645878	-0.377761	-0.663429
35681	5.963155	1.245810	-6.531647	0.739950	2.664301	0.214155	-0.499786	-0.412515	0.761607	-0.566467	0.820856	0.072877	-0.655233	-0.395003	-0.643928
35682	6.316339	1.521512	-6.618442	0.741108	2.907316	0.222359	-0.481765	-0.398960	0.780214	-0.570377	0.818692	0.066440	-0.665262	-0.413007	-0.621974
35683	6.832334	1.755197	-6.217284	0.700546	3.127168	0.214718	-0.461992	-0.384034	0.799425	-0.574084	0.816558	0.060498	-0.676011	-0.430988	-0.597712
35684	7.302763	1.910961	-5.873924	0.629903	3.342089	0.218877	-0.440383	-0.367553	0.819126	-0.577492	0.814540	0.055021	-0.687434	-0.448809	-0.570969
35685	7.670650	1.903692	-5.682931	0.562907	3.524580	0.205363	-0.417103	-0.349786	0.838853	-0.580536	0.812685	0.050214	-0.699288	-0.466040	-0.542037
35686	7.993832	1.936183	-5.463981	0.453633	3.700319	0.181924	-0.391976	-0.330758	0.858460	-0.583093	0.811087	0.046263	-0.711588	-0.482428	-0.510789
35687	8.216566	1.882139	-5.286709	0.311245	3.859919	0.151390	-0.365114	-0.310647	0.877605	-0.584774	0.810032	0.043441	-0.724383	-0.497339	-0.477413
35688	8.440561	1.675238	-5.142286	0.175661	3.988264	0.111152	-0.336537	-0.289634	0.896022	-0.585754	0.809419	0.041636	-0.737316	-0.510836	-0.442054
35689	8.693906	1.466446	-4.952608	0.041136	4.095939	0.077973	-0.306496	-0.267862	0.913406	-0.585826	0.809410	0.040789	-0.750245	-0.522595	-0.405002
35690	8.753430	1.138324	-4.767262	-0.047641	4.189409	0.046558	-0.275001	-0.245358	0.929609	-0.585409	0.809724	0.040537	-0.762674	-0.533054	-0.366310
35691	8.880751	0.805363	-4.713140	-0.070896	4.256235	0.026020	-0.242416	-0.222282	0.944365	-0.584811	0.810154	0.040573	-0.774100	-0.542440	-0.326387
35692	9.056096	0.659677	-4.686506	-0.032878	4.327570	0.007551	-0.208673	-0.198534	0.957622	-0.584610	0.810298	0.040600	-0.784020	-0.551363	-0.285152
35693	9.259530	0.739293	-4.441429	-0.003453	4.372055	-0.001959	-0.174165	-0.174289	0.969170	-0.584599	0.810303	0.040664	-0.792408	-0.559493	-0.243016
35694	9.464524	0.906965	-4.191872	-0.013359	4.420407	-0.014673	-0.138829	-0.149496	0.978968	-0.584580	0.810307	0.040839	-0.799370	-0.566615	-0.199887
35695	9.636220	1.012129	-3.915896	-0.087473	4.446246	-0.025905	-0.102970	-0.124415	0.986873	-0.583919	0.810761	0.041286	-0.805255	-0.572003	-0.156132
35696	9.935367	1.209008	-3.709226	-0.178339	4.453657	-0.036416	-0.066724	-0.099131	0.992835	-0.582566	0.811703	0.041894	-0.810040	-0.575597	-0.111910
35697	10.174032	1.496767	-3.457342	-0.286384	4.436044	-0.018886	-0.030560	-0.073739	0.996809	-0.580257	0.813330	0.042377	-0.813860	-0.577110	-0.067643
35698	10.520435	1.732357	-3.261569	-0.424872	4.393591	0.015361	0.005234	-0.048252	0.998821	-0.576837	0.815756	0.042431	-0.816842	-0.576380	-0.023564
35699	10.483507	2.031803	-2.550622	-0.621280	4.309631	0.069932	0.040125	-0.022939	0.998931	-0.571774	0.819347	0.041782	-0.819430	-0.572839	0.019760
35700	10.136809	1.528672	-1.319316	-0.790528	4.173180	0.124920	0.073710	0.001883	0.997278	-0.565394	0.823839	0.040233	-0.821521	-0.566820	0.061790
35701	9.363665	1.022167	0.502373	-0.936952	3.925241	0.160496	0.105122	0.025273	0.994138	-0.557833	0.829087	0.037910	-0.823269	-0.558548	0.101253
35702	10.406828	0.606240	0.559121	-0.965717	3.638644	0.176219	0.134170	0.046904	0.989848	-0.550117	0.834353	0.035031	-0.824239	-0.549232	0.137748
35703	10.283288	0.678326	1.239356	-1.069818	3.313201	0.194359	0.160465	0.066524	0.984797	-0.541579	0.840060	0.031499	-0.825193	-0.538400	0.170828
35704	7.825172	0.288785	1.508342	-1.070871	2.811622	0.219791	0.182545	0.083367	0.979657	-0.533140	0.845584	0.027385	-0.826099	-0.527293	0.198803
35705	7.137049	0.172722	1.567422	-0.971856	2.191349	0.235373	0.199440	0.096778	0.975119	-0.525554	0.850447	0.023086	-0.827053	-0.517082	0.220475
35706	6.708278	0.080392	1.563631	-0.857959	1.629496	0.257819	0.211624	0.107337	0.971439	-0.519008	0.854566	0.018640	-0.828158	-0.508129	0.236555
35707	6.486481	0.334062	1.584763	-0.648758	1.143203	0.287770	0.219636	0.115543	0.968716	-0.514250	0.857521	0.014316	-0.829040	-0.501306	0.247761
35708	5.836282	0.372004	1.599313	-0.467946	0.647327	0.320810	0.223404	0.121534	0.967119	-0.511103	0.859461	0.010060	-0.829978	-0.496545	0.254123
35709	5.688464	0.623823	0.599223	-0.320071	0.118804	0.337103	0.222698	0.124992	0.966841	-0.509193	0.860631	0.006024	-0.831341	-0.493651	0.255306
35710	6.058664	0.485073	-1.101207	-0.236654	-0.323947	0.301764	0.218510	0.125999	0.967666	-0.507912	0.861406	0.002530	-0.833234	-0.492042	0.252222
35711	6.214606	0.333707	-2.641195	-0.056582	-0.674492	0.240705	0.211688	0.124723	0.969346	-0.507955	0.861384	0.000096	-0.834967	-0.492404	0.245699
35712	6.096866	0.214059	-4.253236	0.211154	-0.963096	0.182784	0.202754	0.121536	0.971658	-0.510114	0.860106	-0.001139	-0.835868	-0.495425	0.236387
35713	5.778963	0.409601	-5.565128	0.485954	-1.199182	0.136854	0.192057	0.116708	0.974419	-0.514444	0.857523	-0.001311	-0.835740	-0.501032	0.224733
35714	6.817300	0.999552	-5.162985	0.645277	-1.377800	0.122299	0.179954	0.110787	0.977416	-0.520068	0.854124	-0.001061	-0.834952	-0.508132	0.211320
35715	10.553887	2.575570	-0.744510	0.455798	-1.137360	0.082201	0.170058	0.105652	0.979754	-0.524016	0.851708	-0.000889	-0.834558	-0.513255	0.200203
35716	13.525215	2.472072	4.442975	-0.113354	-0.640860	0.005270	0.164717	0.102378	0.981013	-0.523072	0.852288	-0.001118	-0.836220	-0.512957	0.193937
