// General information: 
//  MT Manager version: 2022.2.0 
//  XDA version: 2022.2.0 build 7381 rev 124627 built on 2023-07-19
// Device information: 
//  DeviceId: 00B4CBA7
//  ProductCode: MTW2-3A7G6
//  Firmware Version: 4.6.0
//  Hardware Version: 2.0.0
// Device settings: 
//  Filter Profile: human(46.1)
//  Option Flags: Orientation Smoother Disabled, Position/Velocity Smoother Disabled, Continuous Zero Rotation Update Disabled, AHS Disabled, ICC Disabled
// Coordinate system: ENU
PacketCounter	Acc_X	Acc_Y	Acc_Z	Gyr_X	Gyr_Y	Gyr_Z	Mat[1][1]	Mat[2][1]	Mat[3][1]	Mat[1][2]	Mat[2][2]	Mat[3][2]	Mat[1][3]	Mat[2][3]	Mat[3][3]
64772	9.647829	-0.962824	-1.050194	0.034607	-0.035161	-0.001616	-0.152116	-0.008611	0.988325	-0.727451	0.677914	-0.106058	-0.669086	-0.735091	-0.109386
64773	9.679937	-1.009975	-1.124410	0.024081	-0.029990	0.000265	-0.152283	-0.008842	0.988297	-0.727617	0.677736	-0.106052	-0.668867	-0.735252	-0.109641
64774	9.712011	-1.057213	-1.198483	0.028666	-0.031684	0.000041	-0.152578	-0.009075	0.988250	-0.727775	0.677553	-0.106141	-0.668628	-0.735418	-0.109985
64775	9.701190	-1.094560	-1.240180	0.064558	-0.032192	0.002670	-0.152777	-0.009306	0.988217	-0.728208	0.677078	-0.106204	-0.668111	-0.735853	-0.110219
64776	9.663401	-1.055476	-1.194072	0.081916	-0.030691	0.005342	-0.153054	-0.009560	0.988172	-0.728790	0.676430	-0.106335	-0.667412	-0.736445	-0.110497
64777	9.728592	-0.900253	-1.177828	0.062178	-0.026684	0.008329	-0.153257	-0.009712	0.988139	-0.729198	0.675972	-0.106452	-0.666920	-0.736863	-0.110680
64778	9.647049	-0.885809	-1.218617	0.015754	-0.020997	0.007597	-0.153457	-0.009838	0.988106	-0.729284	0.675866	-0.106532	-0.666780	-0.736959	-0.110891
64779	9.710564	-1.039624	-1.215775	0.004025	-0.013819	0.012416	-0.153604	-0.009868	0.988083	-0.729298	0.675837	-0.106625	-0.666731	-0.736985	-0.111008
64780	9.613766	-1.080143	-1.184529	-0.009901	-0.010463	0.011807	-0.153709	-0.009870	0.988067	-0.729191	0.675943	-0.106684	-0.666824	-0.736888	-0.111096
64781	9.649864	-1.168377	-1.220097	0.000687	-0.009570	0.009048	-0.153803	-0.009892	0.988052	-0.729187	0.675938	-0.106740	-0.666806	-0.736892	-0.111174
64782	9.634327	-1.008806	-1.108097	0.027432	-0.005179	0.011885	-0.153807	-0.009923	0.988051	-0.729421	0.675683	-0.106761	-0.666550	-0.737126	-0.111163
64783	9.659685	-0.953173	-1.000778	-0.004056	-0.008085	0.007772	-0.153882	-0.009943	0.988039	-0.729388	0.675712	-0.106799	-0.666569	-0.737098	-0.111232
64784	9.675097	-0.910221	-0.939446	-0.051982	0.000713	0.006765	-0.153813	-0.009839	0.988051	-0.728944	0.676200	-0.106744	-0.667070	-0.736652	-0.111180
64785	9.600247	-1.033186	-1.018190	-0.083498	-0.005229	0.003090	-0.153834	-0.009869	0.988047	-0.728388	0.676814	-0.106647	-0.667672	-0.736088	-0.111306
64786	9.659365	-1.168828	-1.044950	-0.043144	-0.004623	0.003524	-0.153818	-0.009918	0.988049	-0.728113	0.677124	-0.106555	-0.667975	-0.735802	-0.111376
64787	9.652378	-1.053057	-1.000047	-0.031578	-0.012011	-0.002807	-0.153842	-0.010038	0.988044	-0.727912	0.677356	-0.106457	-0.668189	-0.735587	-0.111513
64788	9.653244	-1.005897	-1.015096	-0.024793	-0.009891	0.002396	-0.153823	-0.010075	0.988047	-0.727698	0.677598	-0.106382	-0.668427	-0.735364	-0.111562
64789	9.599607	-1.019968	-1.156372	-0.036016	-0.011625	-0.000857	-0.153858	-0.010178	0.988041	-0.727464	0.677862	-0.106298	-0.668673	-0.735119	-0.111699
64790	9.632927	-1.031524	-1.109842	-0.028526	-0.013648	-0.002887	-0.153893	-0.010323	0.988034	-0.727278	0.678078	-0.106194	-0.668868	-0.734918	-0.111859
64791	9.611731	-1.104370	-1.189509	-0.015769	-0.011975	0.000216	-0.153939	-0.010422	0.988025	-0.727178	0.678193	-0.106144	-0.668966	-0.734810	-0.111979
64792	9.593670	-1.048994	-1.176920	-0.004911	-0.015216	0.001110	-0.154030	-0.010501	0.988010	-0.727080	0.678298	-0.106142	-0.669051	-0.734712	-0.112113
64793	9.636194	-1.059464	-1.210874	0.012078	-0.018694	0.001406	-0.154129	-0.010641	0.987993	-0.727164	0.678209	-0.106135	-0.668937	-0.734792	-0.112269
64794	9.656582	-1.009959	-1.127518	0.015144	-0.018812	0.001108	-0.154259	-0.010792	0.987972	-0.727258	0.678107	-0.106144	-0.668805	-0.734884	-0.112453
64795	9.627425	-1.014983	-1.147491	0.019728	-0.020508	0.000877	-0.154366	-0.010949	0.987953	-0.727394	0.677961	-0.106140	-0.668632	-0.735016	-0.112619
64796	9.657959	-0.952241	-1.018173	0.007512	-0.015480	0.001422	-0.154443	-0.011098	0.987939	-0.727467	0.677888	-0.106109	-0.668535	-0.735081	-0.112769
64797	9.691329	-0.928754	-1.112143	-0.043944	-0.022168	-0.000072	-0.154555	-0.011274	0.987920	-0.727179	0.678211	-0.106024	-0.668822	-0.734781	-0.113019
64798	9.738460	-0.920076	-1.256705	-0.050844	-0.008890	0.004958	-0.154629	-0.011338	0.987908	-0.726840	0.678581	-0.105978	-0.669174	-0.734438	-0.113169
64799	9.675379	-0.971470	-1.177240	-0.061509	-0.002404	0.005143	-0.154646	-0.011334	0.987905	-0.726426	0.679033	-0.105924	-0.669619	-0.734020	-0.113243
64800	9.734904	-1.083718	-1.211067	-0.056924	-0.004102	0.004909	-0.154631	-0.011340	0.987907	-0.726019	0.679481	-0.105840	-0.670064	-0.733605	-0.113302
64801	9.692613	-1.049936	-1.186046	-0.035086	0.001563	0.004954	-0.154621	-0.011307	0.987909	-0.725781	0.679739	-0.105814	-0.670324	-0.733367	-0.113308
64802	9.689911	-0.975147	-1.102966	-0.036411	0.006385	0.005963	-0.154546	-0.011192	0.987922	-0.725459	0.680088	-0.105783	-0.670690	-0.733045	-0.113224
64803	9.632522	-0.961058	-1.146213	-0.062812	0.003933	0.005936	-0.154526	-0.011135	0.987926	-0.725034	0.680548	-0.105736	-0.671154	-0.732619	-0.113236
64804	9.578216	-1.034180	-1.139835	-0.058082	0.000923	0.007419	-0.154538	-0.011148	0.987924	-0.724692	0.680921	-0.105678	-0.671520	-0.732272	-0.113307
64805	9.582233	-1.074602	-1.103935	-0.047530	-0.001215	0.005079	-0.154547	-0.011135	0.987923	-0.724370	0.681269	-0.105639	-0.671865	-0.731948	-0.113354
64806	9.546680	-1.155934	-1.126022	-0.029717	-0.011653	0.000048	-0.154633	-0.011280	0.987908	-0.724210	0.681450	-0.105577	-0.672019	-0.731778	-0.113544
64807	9.586077	-1.114805	-1.069851	0.013651	-0.014200	0.000569	-0.154696	-0.011393	0.987896	-0.724306	0.681349	-0.105563	-0.671900	-0.731870	-0.113654
64808	9.622348	-0.986508	-1.063539	0.021136	-0.016219	-0.001473	-0.154802	-0.011531	0.987878	-0.724425	0.681222	-0.105567	-0.671747	-0.731986	-0.113808
64809	9.636897	-0.954503	-1.129092	0.013476	-0.015925	-0.000721	-0.154868	-0.011665	0.987866	-0.724522	0.681123	-0.105540	-0.671627	-0.732076	-0.113936
64810	9.673353	-1.018287	-1.172546	0.010557	-0.017121	0.001298	-0.154982	-0.011806	0.987847	-0.724586	0.681055	-0.105540	-0.671532	-0.732137	-0.114105
64811	9.710254	-1.058940	-1.222636	0.030974	-0.015748	0.003637	-0.155078	-0.011909	0.987831	-0.724794	0.680828	-0.105576	-0.671286	-0.732346	-0.114213
64812	9.704937	-1.066208	-1.246845	0.043218	-0.017739	0.002646	-0.155181	-0.012047	0.987813	-0.725079	0.680520	-0.105608	-0.670954	-0.732631	-0.114339
64813	9.721882	-0.953654	-1.206054	0.026571	-0.012328	0.005166	-0.155265	-0.012114	0.987799	-0.725255	0.680325	-0.105654	-0.670745	-0.732810	-0.114417
64814	9.709946	-0.845874	-1.182982	-0.011159	-0.001117	0.012162	-0.155365	-0.012160	0.987782	-0.725292	0.680278	-0.105704	-0.670682	-0.732853	-0.114511
64815	9.623091	-1.052855	-1.287184	-0.035820	0.001141	0.012859	-0.155414	-0.012077	0.987776	-0.725037	0.680542	-0.105755	-0.670945	-0.732610	-0.114522
64816	9.631190	-1.134771	-1.214202	-0.004499	0.003821	0.015426	-0.155444	-0.011947	0.987772	-0.724950	0.680620	-0.105852	-0.671033	-0.732540	-0.114459
64817	9.648263	-1.022841	-1.172221	0.009067	-0.002996	0.013421	-0.155526	-0.011890	0.987760	-0.724995	0.680554	-0.105960	-0.670964	-0.732601	-0.114464
64818	9.598360	-0.922025	-1.086277	-0.003451	0.003143	0.010764	-0.155527	-0.011731	0.987762	-0.724824	0.680724	-0.106042	-0.671149	-0.732446	-0.114374
64819	9.616124	-0.977848	-1.100294	-0.027386	0.004315	0.003792	-0.155490	-0.011687	0.987768	-0.724640	0.680924	-0.106013	-0.671357	-0.732260	-0.114346
64820	9.647138	-1.071580	-1.158199	-0.025660	0.007499	0.004717	-0.155486	-0.011645	0.987769	-0.724478	0.681097	-0.106011	-0.671532	-0.732101	-0.114337
64821	9.676110	-1.067324	-1.139523	0.011402	0.003446	0.004531	-0.155459	-0.011602	0.987774	-0.724553	0.681013	-0.106034	-0.671457	-0.732179	-0.114276
64822	9.668957	-0.976262	-1.085787	0.023773	-0.001381	0.005470	-0.155428	-0.011638	0.987779	-0.724764	0.680791	-0.106021	-0.671237	-0.732385	-0.114249
64823	9.626213	-0.966783	-1.053352	-0.000757	-0.001947	0.008098	-0.155464	-0.011610	0.987773	-0.724752	0.680797	-0.106065	-0.671242	-0.732380	-0.114254
64824	9.658090	-1.014118	-1.125404	-0.024078	-0.002984	0.007567	-0.155456	-0.011628	0.987774	-0.724614	0.680951	-0.106024	-0.671393	-0.732237	-0.114283
64825	9.622921	-1.072560	-1.153663	-0.001273	-0.005604	0.004014	-0.155486	-0.011654	0.987769	-0.724605	0.680960	-0.106027	-0.671396	-0.732228	-0.114325
64826	9.599404	-1.047864	-1.156310	0.022145	-0.010439	0.006903	-0.155531	-0.011742	0.987761	-0.724794	0.680757	-0.106032	-0.671181	-0.732415	-0.114389
64827	9.589585	-1.074408	-1.069995	0.033000	-0.013690	0.007779	-0.155643	-0.011802	0.987743	-0.725009	0.680516	-0.106112	-0.670923	-0.732638	-0.114474
64828	9.542084	-1.048397	-1.068410	0.049953	-0.020220	0.008478	-0.155735	-0.011907	0.987727	-0.725324	0.680172	-0.106162	-0.670561	-0.732956	-0.114563
64829	9.561156	-1.070596	-0.964567	0.086665	-0.027739	0.005709	-0.155925	-0.012085	0.987695	-0.725902	0.679537	-0.106282	-0.669891	-0.733542	-0.114730
64830	9.615707	-0.975187	-0.980313	0.067602	-0.030888	0.001943	-0.156143	-0.012336	0.987657	-0.726363	0.679033	-0.106352	-0.669340	-0.734004	-0.114987
64831	9.702646	-0.902837	-1.074917	0.036650	-0.028580	0.001752	-0.156310	-0.012547	0.987628	-0.726612	0.678763	-0.106377	-0.669031	-0.734250	-0.115215
64832	9.719311	-0.946525	-1.224591	-0.003158	-0.023972	0.005266	-0.156532	-0.012763	0.987590	-0.726647	0.678721	-0.106402	-0.668940	-0.734285	-0.115516
64833	9.766221	-0.974256	-1.229467	-0.021319	-0.016963	0.007728	-0.156666	-0.012848	0.987568	-0.726498	0.678878	-0.106418	-0.669071	-0.734139	-0.115691
64834	9.721348	-0.962986	-1.457858	-0.059985	-0.003926	0.005293	-0.156568	-0.012839	0.987584	-0.726070	0.679358	-0.106277	-0.669559	-0.733694	-0.115688
64835	9.666301	-1.059978	-1.444788	0.008884	-0.006236	0.012344	-0.156663	-0.012814	0.987569	-0.726116	0.679294	-0.106373	-0.669487	-0.733754	-0.115724
64836	9.669777	-0.992013	-1.205793	0.012030	0.001237	0.010962	-0.156617	-0.012745	0.987577	-0.726173	0.679230	-0.106396	-0.669436	-0.733815	-0.115634
64837	9.651204	-0.925560	-1.324481	-0.012453	0.005245	0.012965	-0.156639	-0.012631	0.987575	-0.726075	0.679322	-0.106474	-0.669537	-0.733732	-0.115580
64838	9.655830	-0.943497	-1.293960	0.022690	0.009716	0.007100	-0.156602	-0.012518	0.987582	-0.726177	0.679203	-0.106542	-0.669435	-0.733844	-0.115455
64839	9.635943	-0.814494	-1.195092	0.064976	0.018225	0.009216	-0.156510	-0.012334	0.987599	-0.726603	0.678726	-0.106672	-0.668994	-0.734288	-0.115190
64840	9.707920	-0.723462	-0.871816	-0.036414	0.019897	0.002553	-0.156346	-0.012162	0.987628	-0.726295	0.679065	-0.106613	-0.669367	-0.733977	-0.115002
64841	9.886291	-1.495024	-1.416800	-0.096702	0.024063	-0.011871	-0.156062	-0.012079	0.987673	-0.725671	0.679773	-0.106349	-0.670109	-0.733323	-0.114852
64842	9.831975	-1.853495	-1.170284	0.103418	0.012853	-0.021914	-0.155730	-0.012143	0.987725	-0.726372	0.679051	-0.106175	-0.669426	-0.733991	-0.114569
64843	9.518036	-1.462310	-0.898219	0.149592	-0.015691	-0.018057	-0.155667	-0.012394	0.987732	-0.727406	0.677950	-0.106133	-0.668317	-0.735004	-0.114549
64844	9.323028	-1.085012	-1.275448	0.282469	-0.051589	-0.028392	-0.155768	-0.012946	0.987709	-0.729264	0.675949	-0.106150	-0.666266	-0.736835	-0.114732
64845	8.993513	-0.380898	-0.212796	0.283526	-0.056883	-0.032383	-0.155873	-0.013597	0.987684	-0.731205	0.673853	-0.106120	-0.664110	-0.738741	-0.114978
64846	9.207201	-0.768573	-0.489639	-0.068794	-0.067244	-0.048162	-0.155910	-0.014482	0.987665	-0.730884	0.674300	-0.105488	-0.664455	-0.738315	-0.115715
64847	9.411010	-1.663654	-1.111187	0.142815	-0.095623	-0.078741	-0.155932	-0.015732	0.987643	-0.731960	0.673233	-0.104840	-0.663264	-0.739263	-0.116494
64848	9.439976	-1.321743	-0.000811	0.309361	-0.159105	-0.102617	-0.156247	-0.017574	0.987562	-0.734088	0.671012	-0.104202	-0.660834	-0.741238	-0.117744
64849	9.471452	-0.931392	0.230242	0.323947	-0.209500	-0.115359	-0.156743	-0.019914	0.987439	-0.736410	0.668585	-0.103412	-0.658127	-0.743369	-0.119461
64850	9.652262	-0.385353	0.637587	0.272547	-0.175498	-0.082294	-0.157256	-0.021756	0.987318	-0.738289	0.666589	-0.102903	-0.655896	-0.745108	-0.120887
64851	9.088303	-0.231123	0.734145	0.176793	-0.180328	-0.077407	-0.157828	-0.023628	0.987184	-0.739574	0.665253	-0.102318	-0.654309	-0.746244	-0.122470
64852	9.151322	-0.156333	1.095504	-0.090538	-0.315976	-0.080525	-0.159292	-0.026498	0.986876	-0.739064	0.665958	-0.101411	-0.654530	-0.745519	-0.125665
64853	9.350920	-1.067110	0.669168	-0.203939	-0.378613	-0.069390	-0.161222	-0.029792	0.986468	-0.737845	0.667456	-0.100431	-0.655433	-0.744053	-0.129591
64854	9.563226	-1.780188	0.453501	-0.256985	-0.495434	-0.078494	-0.163930	-0.033987	0.985886	-0.736279	0.669345	-0.099351	-0.656521	-0.742174	-0.134750
64855	9.511420	-2.466693	0.046459	-0.080305	-0.580989	-0.095353	-0.167004	-0.038948	0.985187	-0.735915	0.669905	-0.098265	-0.656154	-0.741424	-0.140539
64856	9.592204	-2.035127	-0.133795	0.068277	-0.644601	-0.104921	-0.170444	-0.044446	0.984364	-0.736605	0.669284	-0.097325	-0.654494	-0.741676	-0.146815
64857	9.546179	-1.666266	-0.608139	0.114357	-0.671073	-0.108062	-0.173997	-0.050160	0.983468	-0.737544	0.668383	-0.096398	-0.652498	-0.742124	-0.153291
64858	9.397714	-0.988184	-1.154421	0.112829	-0.693055	-0.107645	-0.177694	-0.055966	0.982493	-0.738440	0.667518	-0.095531	-0.650485	-0.742487	-0.159942
64859	9.474141	-0.461228	-1.533532	-0.032677	-0.686263	-0.118041	-0.181247	-0.061859	0.981490	-0.738445	0.667689	-0.094283	-0.649498	-0.741865	-0.166696
64860	9.473977	-0.539456	-2.314117	-0.159263	-0.679534	-0.125760	-0.184656	-0.067765	0.980464	-0.737742	0.668685	-0.092727	-0.649338	-0.740452	-0.173470
64861	9.445489	-0.579643	-2.224790	-0.089986	-0.662175	-0.136088	-0.187914	-0.073587	0.979425	-0.737417	0.669252	-0.091199	-0.648771	-0.739383	-0.180026
64862	9.610353	-0.639643	-2.634312	-0.230335	-0.633613	-0.142802	-0.190968	-0.079282	0.978389	-0.736329	0.670695	-0.089373	-0.649115	-0.737484	-0.186459
64863	9.466854	-0.803554	-3.289523	-0.073301	-0.571764	-0.152289	-0.193520	-0.084530	0.977448	-0.736153	0.671108	-0.087710	-0.648559	-0.736525	-0.192100
64864	9.334722	-0.769960	-2.859799	-0.163297	-0.535541	-0.164980	-0.195809	-0.089654	0.976535	-0.735560	0.672005	-0.085795	-0.648545	-0.735100	-0.197531
64865	9.414057	-1.309585	-3.433366	-0.215719	-0.510295	-0.175059	-0.197797	-0.094591	0.975668	-0.734512	0.673424	-0.083619	-0.649129	-0.733180	-0.202680
64866	9.523829	-1.383742	-2.959150	-0.115486	-0.486333	-0.174770	-0.199683	-0.099362	0.974810	-0.734180	0.674023	-0.081689	-0.648927	-0.731997	-0.207541
64867	9.790813	-1.591951	-3.477795	-0.310031	-0.423143	-0.176468	-0.201102	-0.103658	0.974070	-0.732527	0.676106	-0.079284	-0.650356	-0.729477	-0.211899
64868	9.881044	-1.768636	-4.238138	-0.307208	-0.335453	-0.172476	-0.202097	-0.107294	0.973470	-0.730932	0.678091	-0.077007	-0.651839	-0.727104	-0.215465
64869	9.730477	-2.069614	-4.260919	-0.346940	-0.247735	-0.180507	-0.202361	-0.110332	0.973076	-0.729040	0.680409	-0.074464	-0.653874	-0.724480	-0.218125
64870	9.836155	-2.067185	-4.502423	-0.322190	-0.176418	-0.203863	-0.202111	-0.113034	0.972818	-0.727411	0.682432	-0.071832	-0.655763	-0.722156	-0.220149
64871	9.820808	-1.839319	-4.999814	-0.204301	-0.077442	-0.219093	-0.200991	-0.115103	0.972807	-0.726519	0.683651	-0.069216	-0.657094	-0.720675	-0.221032
64872	9.398758	-1.312316	-4.957162	0.060566	0.045859	-0.240432	-0.199004	-0.116487	0.973051	-0.727505	0.682819	-0.067043	-0.656608	-0.721241	-0.220629
64873	9.306831	-0.558071	-3.481650	0.177274	0.080346	-0.261958	-0.196534	-0.117707	0.973406	-0.729193	0.681228	-0.064850	-0.655478	-0.722547	-0.219716
64874	9.708181	-0.146125	-3.234112	-0.004882	0.162841	-0.259303	-0.193692	-0.118295	0.973904	-0.729655	0.680962	-0.062402	-0.655810	-0.722701	-0.218212
64875	9.610538	-0.203040	-3.212143	0.073216	0.205218	-0.247769	-0.190503	-0.118511	0.974507	-0.730619	0.680134	-0.060114	-0.655671	-0.723445	-0.216154
64876	9.655654	0.270374	-1.873016	-0.025685	0.222743	-0.252232	-0.187317	-0.118716	0.975099	-0.731068	0.679864	-0.057666	-0.656089	-0.723665	-0.214140
64877	9.598962	-0.147934	-2.338033	-0.218718	0.224784	-0.251208	-0.183970	-0.118814	0.975724	-0.730104	0.681142	-0.054717	-0.658106	-0.722447	-0.212056
64878	9.505457	-0.404879	-1.776830	-0.245081	0.204092	-0.252104	-0.180864	-0.119068	0.976274	-0.728936	0.682620	-0.051788	-0.660257	-0.721008	-0.210254
64879	9.597098	-0.809334	-1.605562	-0.444004	0.194675	-0.250638	-0.177717	-0.119396	0.976812	-0.726453	0.685511	-0.048378	-0.663839	-0.718206	-0.208562
64880	9.548623	-1.370532	-1.986038	-0.320312	0.169593	-0.259303	-0.174658	-0.120044	0.977284	-0.724867	0.687410	-0.045109	-0.666380	-0.716280	-0.207077
64881	9.417555	-1.171963	-1.505398	-0.220472	0.139355	-0.271434	-0.171727	-0.120929	0.977694	-0.723873	0.688656	-0.041967	-0.668220	-0.714933	-0.205798
64882	9.405383	-1.021680	-1.130070	-0.111588	0.085432	-0.276935	-0.169120	-0.122282	0.977980	-0.723657	0.689058	-0.038984	-0.669118	-0.714315	-0.205024
64883	9.476902	-0.448656	-0.138991	-0.060184	0.038905	-0.292131	-0.166711	-0.124032	0.978174	-0.723752	0.689123	-0.035970	-0.669620	-0.713951	-0.204653
64884	9.670077	0.394521	-0.453196	-0.251996	0.022464	-0.276054	-0.164678	-0.125796	0.978293	-0.722583	0.690503	-0.032844	-0.671383	-0.712307	-0.204609
64885	9.506863	1.409279	-1.179195	-0.632517	0.039609	-0.260573	-0.162500	-0.127334	0.978458	-0.718755	0.694660	-0.028968	-0.676007	-0.707979	-0.204404
64886	9.873747	0.711903	-2.677717	-0.965153	0.043170	-0.241056	-0.160522	-0.128739	0.978601	-0.712651	0.701085	-0.024667	-0.682907	-0.701360	-0.204285
64887	10.150564	-0.277493	-3.913185	-0.839794	0.113462	-0.216795	-0.158171	-0.129487	0.978885	-0.707242	0.706665	-0.020801	-0.689050	-0.695598	-0.203352
64888	9.617338	-0.682530	-3.499465	-0.441517	0.122232	-0.201883	-0.155940	-0.130114	0.979159	-0.704597	0.709381	-0.017949	-0.692261	-0.692712	-0.202299
64889	9.768861	-0.369495	-3.498712	-0.049323	0.144694	-0.181181	-0.153628	-0.130412	0.979485	-0.704543	0.709480	-0.016042	-0.692833	-0.692553	-0.200877
64890	9.695036	0.392420	-2.841213	0.140326	0.174678	-0.163470	-0.151306	-0.130388	0.979850	-0.705800	0.708257	-0.014741	-0.692064	-0.693809	-0.199191
64891	9.602231	0.181250	-2.556868	0.188155	0.175316	-0.154747	-0.148967	-0.130280	0.980222	-0.707340	0.706743	-0.013565	-0.690998	-0.695372	-0.197434
64892	9.706382	0.201984	-2.100744	0.255359	0.180322	-0.139903	-0.146731	-0.130028	0.980593	-0.709285	0.704808	-0.012675	-0.689482	-0.697380	-0.195644
64893	9.497109	0.478049	-1.206562	0.205384	0.168719	-0.122249	-0.144668	-0.129725	0.980940	-0.710884	0.703209	-0.011843	-0.688269	-0.699048	-0.193951
64894	9.768916	0.504957	-0.592214	0.083477	0.140449	-0.111277	-0.142954	-0.129515	0.981219	-0.711573	0.702527	-0.010939	-0.687915	-0.699773	-0.192589
64895	9.462006	0.343517	-0.240897	-0.079784	0.102014	-0.098106	-0.141521	-0.129506	0.981428	-0.711170	0.702952	-0.009791	-0.688629	-0.699347	-0.191583
64896	9.264855	0.271386	0.232845	-0.091494	0.020875	-0.086385	-0.140790	-0.130000	0.981467	-0.710713	0.703428	-0.008778	-0.689250	-0.698777	-0.191428
64897	9.527729	0.486527	-0.259881	-0.207225	-0.028125	-0.080071	-0.140382	-0.130775	0.981423	-0.709402	0.704764	-0.007563	-0.690682	-0.697285	-0.191708
64898	9.310806	0.833918	-0.554454	-0.227812	-0.074068	-0.070054	-0.140380	-0.131787	0.981288	-0.707903	0.706281	-0.006416	-0.692219	-0.695557	-0.192440
64899	9.676791	0.695717	-1.432267	-0.323801	-0.096083	-0.062044	-0.140574	-0.132908	0.981109	-0.705751	0.708441	-0.005150	-0.694373	-0.693143	-0.193389
64900	9.816619	0.321641	-2.501355	-0.291689	-0.086494	-0.041229	-0.140963	-0.133716	0.980943	-0.703638	0.710546	-0.004257	-0.696436	-0.690829	-0.194248
64901	9.768559	0.159997	-2.687200	-0.197448	-0.076509	-0.019665	-0.141326	-0.134399	0.980798	-0.702295	0.711876	-0.003647	-0.697717	-0.689325	-0.194994
64902	9.899774	0.230700	-3.112647	0.030435	-0.057366	0.005705	-0.141887	-0.134767	0.980666	-0.702645	0.711530	-0.003881	-0.697251	-0.689610	-0.195650
64903	9.468092	0.580035	-2.721439	0.096759	-0.020637	0.010838	-0.142075	-0.134847	0.980628	-0.703310	0.710871	-0.004144	-0.696542	-0.690274	-0.195836
64904	9.308225	0.670423	-2.026221	0.086453	-0.035247	0.034166	-0.142645	-0.134856	0.980544	-0.703937	0.710246	-0.004723	-0.695791	-0.690915	-0.196243
64905	9.546950	0.987836	-1.161184	-0.001663	-0.044236	0.045852	-0.143243	-0.134851	0.980457	-0.703867	0.710313	-0.005138	-0.695739	-0.690847	-0.196665
64906	9.336550	0.578105	-1.315952	-0.196599	-0.046687	0.060693	-0.144114	-0.134691	0.980352	-0.702354	0.711807	-0.005452	-0.697086	-0.689340	-0.197182
64907	9.555583	0.653515	-0.280649	-0.137315	-0.080146	0.078152	-0.145190	-0.134701	0.980191	-0.701290	0.712852	-0.005916	-0.697934	-0.688257	-0.197964
64908	9.758144	0.900883	-0.799519	-0.316712	-0.103082	0.099562	-0.146664	-0.134684	0.979974	-0.698926	0.715166	-0.006312	-0.699995	-0.685855	-0.199024
64909	10.010038	0.939312	-0.811047	-0.387181	-0.111488	0.125857	-0.148293	-0.134560	0.979746	-0.696032	0.717980	-0.006741	-0.702531	-0.682934	-0.200129
64910	9.892227	0.184110	-1.204669	-0.526790	-0.116473	0.145940	-0.150159	-0.134340	0.979492	-0.692230	0.721641	-0.007146	-0.705882	-0.679107	-0.201355
64911	9.783786	-0.150122	-1.526334	-0.425788	-0.144507	0.162725	-0.152274	-0.134157	0.979191	-0.688980	0.724738	-0.007849	-0.708604	-0.675838	-0.202790
64912	9.610954	-0.140915	-1.861541	-0.366174	-0.155545	0.175627	-0.154596	-0.133919	0.978859	-0.686060	0.727491	-0.008824	-0.710930	-0.672920	-0.204344
64913	9.653381	-0.271983	-2.251765	-0.433875	-0.137894	0.170935	-0.156718	-0.133614	0.978564	-0.682710	0.730626	-0.009576	-0.713685	-0.669576	-0.205722
64914	9.530968	-0.869854	-2.802885	-0.318173	-0.141677	0.165628	-0.158939	-0.133321	0.978245	-0.680198	0.732951	-0.010623	-0.715590	-0.667089	-0.207179
64915	9.579864	-0.761081	-2.626568	-0.200162	-0.150672	0.154242	-0.161036	-0.133209	0.977918	-0.678525	0.734484	-0.011685	-0.716709	-0.665423	-0.208664
64916	9.575480	-0.483912	-2.704037	-0.125486	-0.140230	0.147042	-0.163058	-0.133063	0.977602	-0.677396	0.735506	-0.012875	-0.717319	-0.664323	-0.210067
64917	9.366521	-0.005618	-2.685725	-0.099527	-0.160410	0.140650	-0.165131	-0.133108	0.977248	-0.676458	0.736348	-0.014009	-0.717730	-0.663381	-0.211636
64918	9.372091	0.198985	-2.230931	-0.076444	-0.185238	0.135108	-0.167440	-0.133321	0.976826	-0.675696	0.737023	-0.015231	-0.717913	-0.662588	-0.213491
64919	9.152980	0.048275	-1.453120	-0.028126	-0.212305	0.132244	-0.169827	-0.133768	0.976353	-0.675279	0.737380	-0.016432	-0.717745	-0.662101	-0.215558
64920	9.188827	0.168103	-0.006474	0.110838	-0.290838	0.136505	-0.172898	-0.134667	0.975690	-0.675854	0.736814	-0.018069	-0.716469	-0.662548	-0.218409
64921	9.467235	0.627907	0.637112	0.070216	-0.361438	0.154270	-0.176499	-0.135940	0.974868	-0.676095	0.736551	-0.019698	-0.715363	-0.662580	-0.221909
64922	9.528130	0.680571	0.541421	-0.050342	-0.423410	0.167874	-0.180745	-0.137451	0.973878	-0.675420	0.737125	-0.021317	-0.714940	-0.661630	-0.226069
64923	9.508690	0.228737	-0.473447	0.003887	-0.491318	0.177131	-0.185423	-0.139410	0.972720	-0.675131	0.737338	-0.023020	-0.714014	-0.660982	-0.230839
64924	10.286559	0.788829	-1.184084	0.054117	-0.514951	0.196426	-0.190478	-0.141350	0.971462	-0.675244	0.737166	-0.025138	-0.712576	-0.660762	-0.235860
64925	10.630922	0.107432	-3.542468	-0.046892	-0.477491	0.190116	-0.195133	-0.143116	0.970279	-0.674551	0.737740	-0.026843	-0.711971	-0.659741	-0.240497
64926	10.199030	-0.986712	-3.698312	0.195230	-0.464891	0.208699	-0.199893	-0.144618	0.969086	-0.675555	0.736723	-0.029404	-0.709696	-0.660549	-0.244963
64927	9.978706	-1.093462	-2.895103	0.280485	-0.456188	0.235753	-0.204690	-0.145914	0.967890	-0.677073	0.735204	-0.032352	-0.706876	-0.661955	-0.249283
64928	9.829087	-1.030595	-3.174784	0.208599	-0.435716	0.253417	-0.209536	-0.146967	0.966693	-0.678226	0.734000	-0.035419	-0.704347	-0.663058	-0.253476
64929	9.793507	-0.452630	-2.390048	0.166856	-0.419297	0.255670	-0.214191	-0.147887	0.965532	-0.678867	0.733263	-0.038287	-0.702326	-0.663668	-0.257454
64930	9.437997	-0.391693	-2.380158	-0.031464	-0.418960	0.260062	-0.218999	-0.148732	0.964323	-0.678218	0.733724	-0.040859	-0.701469	-0.662969	-0.261557
64931	9.299668	-0.226016	-1.913331	-0.024655	-0.448101	0.296090	-0.224119	-0.149542	0.963020	-0.677399	0.734321	-0.043619	-0.700643	-0.662125	-0.265875
64932	9.300853	0.179673	-1.656290	-0.051923	-0.481986	0.305888	-0.229679	-0.150416	0.961573	-0.676388	0.735071	-0.046575	-0.699819	-0.661094	-0.270570
64933	9.561052	0.548119	-1.276945	-0.000995	-0.516371	0.317382	-0.235407	-0.151509	0.960015	-0.675654	0.735549	-0.049595	-0.698624	-0.660312	-0.275521
64934	9.724562	0.707125	-1.166356	-0.026951	-0.547980	0.334627	-0.241543	-0.152617	0.958314	-0.674676	0.736222	-0.052805	-0.697473	-0.659306	-0.280796
64935	9.813971	0.584214	-1.584631	-0.053993	-0.569262	0.346424	-0.247818	-0.153829	0.956516	-0.673463	0.737101	-0.055941	-0.696444	-0.658042	-0.286265
64936	10.071522	0.168985	-2.012813	-0.043129	-0.587728	0.352456	-0.254299	-0.155170	0.954597	-0.672547	0.737679	-0.059253	-0.694992	-0.657079	-0.291950
64937	10.124098	-0.524365	-2.658160	0.089190	-0.618958	0.364618	-0.261018	-0.156561	0.952554	-0.672237	0.737653	-0.062966	-0.692796	-0.656777	-0.297787
64938	10.149865	-0.579625	-2.414127	0.255789	-0.648883	0.375810	-0.268100	-0.158026	0.950342	-0.673105	0.736466	-0.067427	-0.689240	-0.657758	-0.303815
64939	10.081582	-0.577949	-2.092482	0.392272	-0.702320	0.407306	-0.275642	-0.159670	0.947906	-0.674705	0.734521	-0.072471	-0.684686	-0.659533	-0.310196
64940	9.963686	-0.676981	-1.514331	0.424194	-0.769583	0.431213	-0.283855	-0.161564	0.945158	-0.676467	0.732334	-0.077976	-0.679573	-0.661502	-0.317169
64941	9.850851	-0.968518	-0.923739	0.525673	-0.855783	0.442770	-0.292618	-0.164013	0.942059	-0.678759	0.729562	-0.083816	-0.673543	-0.663957	-0.324808
64942	9.602146	-0.824159	0.068264	0.620698	-0.970144	0.445906	-0.302234	-0.167202	0.938455	-0.681748	0.726004	-0.090211	-0.666238	-0.667055	-0.333413
64943	9.657458	-0.493833	0.879355	0.648926	-1.100166	0.452493	-0.312586	-0.171293	0.934317	-0.684668	0.722422	-0.096618	-0.658422	-0.669899	-0.343098
64944	9.913066	-0.330569	0.519633	0.539491	-1.202528	0.447513	-0.323625	-0.176044	0.929664	-0.686859	0.719475	-0.102860	-0.650762	-0.671836	-0.353757
64945	10.274218	-0.567816	-0.070076	0.582437	-1.316232	0.428780	-0.335060	-0.181834	0.924484	-0.689227	0.716314	-0.108906	-0.642419	-0.673669	-0.365333
64946	11.225800	-0.468060	-0.346226	0.678954	-1.419740	0.429337	-0.347119	-0.188414	0.918700	-0.692400	0.712201	-0.115550	-0.632528	-0.676217	-0.377676
64947	12.230938	-0.388311	-0.493173	0.908834	-1.530276	0.437407	-0.359721	-0.195698	0.912307	-0.696564	0.706869	-0.123024	-0.620806	-0.679734	-0.390592
64948	13.284432	-0.361587	0.247350	0.933604	-1.631661	0.452069	-0.373009	-0.203541	0.905227	-0.700784	0.701225	-0.131095	-0.608084	-0.683268	-0.404201
64949	13.493469	-0.948227	0.312733	0.948759	-1.728449	0.483304	-0.386776	-0.212013	0.897471	-0.704670	0.695721	-0.139333	-0.594849	-0.686311	-0.418487
64950	12.905825	-1.505347	1.676919	1.037152	-1.874788	0.498627	-0.401459	-0.221255	0.888750	-0.708874	0.689515	-0.148552	-0.579939	-0.689649	-0.433654
64951	12.934258	-2.370398	2.402049	1.115278	-2.060602	0.472804	-0.416579	-0.232264	0.878929	-0.713333	0.682866	-0.157640	-0.563577	-0.692638	-0.450149
64952	13.187624	-2.602761	2.404026	1.292910	-2.237941	0.455360	-0.432290	-0.244699	0.867898	-0.718844	0.674604	-0.167846	-0.544416	-0.696442	-0.467525
64953	13.602311	-1.819305	3.059623	1.535444	-2.437384	0.436830	-0.448424	-0.258810	0.855531	-0.725129	0.664965	-0.178913	-0.522593	-0.700599	-0.485857
64954	14.399246	-0.528009	3.126924	1.525907	-2.612422	0.443460	-0.465006	-0.274213	0.841770	-0.731181	0.655036	-0.190532	-0.499143	-0.704085	-0.505095
64955	14.512639	-0.001728	3.432633	1.535509	-2.759481	0.443951	-0.481680	-0.290796	0.826694	-0.736575	0.645446	-0.202130	-0.474808	-0.706284	-0.525091
64956	14.524464	0.882512	1.484288	1.232095	-2.868550	0.407594	-0.497905	-0.308636	0.810453	-0.740737	0.637348	-0.212360	-0.450999	-0.706068	-0.545956
64957	13.336379	1.855276	0.933836	1.118491	-2.976372	0.345776	-0.513525	-0.327434	0.793145	-0.743920	0.630546	-0.221346	-0.427638	-0.703703	-0.567386
64958	12.877644	3.139439	-2.862362	0.643659	-3.130227	0.217757	-0.528118	-0.348059	0.774562	-0.745795	0.626280	-0.227077	-0.406057	-0.697588	-0.590330
64959	13.502482	4.522203	-5.059615	0.444934	-3.097182	0.054252	-0.540770	-0.369206	0.755814	-0.747286	0.623371	-0.230158	-0.386176	-0.689272	-0.613003
64960	12.787558	4.192964	-4.804592	0.032572	-2.846210	-0.069534	-0.550877	-0.389196	0.738282	-0.748089	0.622440	-0.230067	-0.369995	-0.679040	-0.634042
64961	11.428115	3.034414	-5.942694	-0.227174	-2.580161	-0.121521	-0.559330	-0.407332	0.721963	-0.747956	0.623466	-0.227709	-0.357366	-0.667361	-0.653390
64962	11.166435	3.132136	-6.606630	-0.004099	-2.266303	-0.109751	-0.566248	-0.423115	0.707345	-0.748826	0.622688	-0.226978	-0.344417	-0.658204	-0.669435
64963	10.722120	3.917868	-5.783963	-0.159554	-1.838367	-0.036403	-0.572200	-0.435369	0.695011	-0.748510	0.623555	-0.225638	-0.335142	-0.649333	-0.682676
64964	9.538047	3.324027	-6.632939	-0.680176	-1.344131	0.051842	-0.576838	-0.443776	0.685799	-0.746187	0.627863	-0.221346	-0.332360	-0.639415	-0.693315
64965	8.876822	2.036262	-7.407156	-1.030650	-0.777685	0.144614	-0.580490	-0.447805	0.680075	-0.741927	0.635026	-0.215143	-0.335523	-0.629454	-0.700865
64966	7.133539	0.470409	-7.567204	-0.966288	-0.449770	0.186839	-0.583148	-0.449474	0.676691	-0.737806	0.641639	-0.209623	-0.339972	-0.621508	-0.705796
64967	5.558338	0.126349	-11.123609	-1.171370	-0.499267	0.194145	-0.586266	-0.451308	0.672766	-0.732674	0.649716	-0.202626	-0.345659	-0.611711	-0.711568
64968	4.942952	0.654009	-14.681895	-0.018294	-0.347803	0.313584	-0.589534	-0.451444	0.669812	-0.730980	0.651003	-0.204604	-0.343683	-0.610240	-0.713785
64969	5.599975	1.188196	-6.323239	0.810160	-0.742633	0.449987	-0.595316	-0.453068	0.663572	-0.731076	0.648066	-0.213396	-0.333355	-0.612160	-0.717032
64970	7.809009	1.030370	-1.697894	0.299347	-0.170566	0.470379	-0.599114	-0.451112	0.661483	-0.729438	0.648167	-0.218631	-0.330124	-0.613496	-0.717384
64971	5.998228	1.673437	-3.735345	-0.476490	0.692570	0.381480	-0.599556	-0.444390	0.665620	-0.725580	0.652778	-0.217749	-0.337737	-0.613514	-0.713817
64972	4.655540	1.684864	-4.578153	-0.777186	0.941667	0.162972	-0.597292	-0.437595	0.672126	-0.722126	0.658060	-0.213287	-0.348966	-0.612754	-0.709052
64973	4.327653	2.099746	-3.206480	-1.371053	1.476280	-0.133265	-0.591021	-0.429459	0.682831	-0.718025	0.665845	-0.202708	-0.367605	-0.610095	-0.701891
64974	4.448882	1.083516	-4.800579	-2.193077	2.012238	-0.389763	-0.580350	-0.419901	0.697766	-0.712132	0.677311	-0.184707	-0.395046	-0.604096	-0.692103
64975	4.753830	-0.313760	-6.168381	-2.449831	2.422512	-0.599321	-0.566130	-0.409451	0.715435	-0.705527	0.689525	-0.163667	-0.426296	-0.597415	-0.679240
64976	5.088391	-1.252147	-7.074125	-2.479727	2.795270	-0.770545	-0.548135	-0.398219	0.735506	-0.699015	0.700986	-0.141411	-0.459267	-0.591642	-0.662596
64977	4.731461	-1.849696	-7.942307	-2.233369	3.081656	-0.909094	-0.527134	-0.386467	0.756818	-0.693307	0.710574	-0.120045	-0.491381	-0.587987	-0.642507
64978	4.851943	-2.291974	-7.517214	-1.873372	3.210522	-1.030015	-0.503564	-0.374976	0.778342	-0.689292	0.717510	-0.100281	-0.520865	-0.587003	-0.619780
64979	5.326296	-2.675872	-7.044650	-1.486199	3.377125	-1.092796	-0.477976	-0.362997	0.799857	-0.686735	0.722196	-0.082625	-0.547662	-0.588783	-0.594476
64980	6.121029	-3.202235	-6.795523	-1.096086	3.516533	-1.088569	-0.450634	-0.350089	0.821198	-0.685799	0.724663	-0.067399	-0.571497	-0.593550	-0.566649
64981	6.922084	-3.559829	-6.699475	-0.710740	3.658820	-1.018800	-0.422328	-0.335631	0.842016	-0.686131	0.725396	-0.054995	-0.592337	-0.600960	-0.536641
64982	7.349168	-3.588354	-6.993484	-0.281124	3.782472	-0.906767	-0.393169	-0.319272	0.862255	-0.688267	0.724013	-0.045750	-0.609677	-0.611449	-0.504404
64983	7.076472	-3.411065	-6.411723	0.327972	3.913160	-0.832055	-0.363290	-0.301073	0.881689	-0.693455	0.719384	-0.040080	-0.622206	-0.625973	-0.470125
64984	6.681535	-3.324661	-6.032912	0.789438	4.015295	-0.807026	-0.332315	-0.281324	0.900235	-0.701355	0.711880	-0.036436	-0.630609	-0.643493	-0.433876
64985	6.469383	-2.956083	-5.728776	1.180935	4.108282	-0.841031	-0.300341	-0.260438	0.917588	-0.711511	0.701867	-0.033679	-0.635254	-0.662989	-0.396104
64986	6.007529	-2.431849	-6.135525	1.277926	4.253492	-0.914407	-0.266509	-0.238162	0.933944	-0.722360	0.690868	-0.029956	-0.638098	-0.682627	-0.356161
64987	5.666770	-1.566878	-6.904619	1.281585	4.319436	-1.038965	-0.231324	-0.215397	0.948732	-0.733153	0.679624	-0.024460	-0.639513	-0.701224	-0.315132
64988	5.721337	-0.768753	-7.575953	1.121055	4.360357	-1.197430	-0.194394	-0.192486	0.961852	-0.742987	0.669109	-0.016259	-0.640454	-0.717804	-0.273085
64989	6.360649	-1.246046	-7.861598	0.965450	4.300077	-1.347415	-0.156746	-0.170268	0.972851	-0.751555	0.659646	-0.005640	-0.640777	-0.732035	-0.231363
64990	7.417258	-2.139253	-6.757947	1.144397	4.234069	-1.477610	-0.118270	-0.148614	0.981797	-0.760963	0.648762	0.006535	-0.637924	-0.746339	-0.189819
64991	8.258484	-1.570916	-5.747421	1.177456	4.217657	-1.477467	-0.080125	-0.126360	0.988743	-0.769928	0.637845	0.019123	-0.633081	-0.759728	-0.148395
64992	8.351709	-0.214985	-5.468884	1.035578	4.145396	-1.382077	-0.043065	-0.103365	0.993711	-0.777339	0.628284	0.031665	-0.627606	-0.771087	-0.107407
64993	8.839575	1.280000	-4.635661	0.591982	4.012604	-1.271237	-0.008015	-0.080227	0.996744	-0.781382	0.622513	0.043822	-0.624002	-0.778487	-0.067678
64994	9.934277	0.931770	-5.274926	-0.059360	3.805671	-1.158220	0.025004	-0.057731	0.998019	-0.780918	0.622158	0.055554	-0.624133	-0.780760	-0.029527
64995	10.950442	-0.699499	-5.623855	-0.202440	3.513326	-1.062620	0.055254	-0.036912	0.997790	-0.779239	0.623220	0.066207	-0.624287	-0.781175	0.005672
64996	10.891865	-2.193091	-6.065547	0.224176	3.107507	-0.952314	0.082210	-0.018522	0.996443	-0.779961	0.621209	0.075897	-0.620405	-0.783426	0.036624
64997	9.985553	-1.896795	-5.486631	0.819369	2.622579	-0.853318	0.105066	-0.003182	0.994460	-0.784219	0.614659	0.084820	-0.611524	-0.788786	0.062084
64998	8.814832	-1.726740	-5.107199	0.768262	2.185186	-0.790512	0.124723	0.009231	0.992149	-0.787946	0.608621	0.093390	-0.602980	-0.793408	0.083182
64999	7.636791	-3.410950	-6.256234	0.785356	1.730264	-0.776306	0.141240	0.018293	0.989806	-0.791624	0.602464	0.101826	-0.594460	-0.797937	0.099573
65000	6.667647	-4.295178	-5.088153	1.328261	1.193485	-0.809248	0.154801	0.022975	0.987678	-0.798214	0.591995	0.111335	-0.582143	-0.805614	0.109981
65001	6.640254	-4.271308	-5.812228	1.702204	0.683237	-0.775875	0.164981	0.023969	0.986005	-0.806765	0.578365	0.120930	-0.567373	-0.815426	0.114757
65002	6.827050	-1.683631	-3.704805	2.340155	0.141931	-0.590360	0.170650	0.021712	0.985092	-0.818785	0.559301	0.129513	-0.548151	-0.828681	0.113223
65003	7.362243	0.554154	-2.887599	1.725744	-0.368113	-0.252226	0.170760	0.017249	0.985162	-0.827703	0.544950	0.133926	-0.534554	-0.838291	0.107333
65004	9.958346	1.186416	-0.900942	1.175585	-0.554820	0.090905	0.167131	0.012990	0.985849	-0.834045	0.535089	0.134345	-0.525772	-0.844696	0.100265
65005	8.466854	1.586622	1.422462	-0.473657	-0.746463	0.633519	0.157935	0.010094	0.987398	-0.832578	0.538996	0.127661	-0.530914	-0.842248	0.093530
65006	10.660800	2.923975	0.420823	-1.700850	-0.605887	0.872007	0.147514	0.009696	0.989012	-0.824702	0.553210	0.117583	-0.545992	-0.832985	0.089602
65007	12.480783	5.812391	4.942955	-2.554154	-0.181648	0.708702	0.140731	0.012188	0.989973	-0.811514	0.574211	0.108293	-0.567134	-0.818617	0.090700
65008	11.802997	6.795710	4.136414	-4.238064	0.125739	0.462525	0.137840	0.015850	0.990328	-0.787351	0.608366	0.099851	-0.600899	-0.793498	0.096337
65009	11.031045	5.407960	-0.061007	-5.608198	0.189569	0.177080	0.137682	0.018432	0.990305	-0.752690	0.651842	0.092514	-0.643817	-0.758131	0.103621
65010	12.016715	-1.686466	-0.780334	-5.890023	-0.072802	0.168685	0.136038	0.018929	0.990523	-0.713644	0.695367	0.084723	-0.687173	-0.718406	0.108105
65011	15.100156	-10.198201	2.146359	-3.967329	-0.364591	0.273566	0.131591	0.018293	0.991135	-0.686193	0.723252	0.077755	-0.715418	-0.690342	0.107726
65012	16.895504	-12.221977	6.136015	-1.460179	-0.581402	0.234831	0.125868	0.015947	0.991919	-0.675926	0.733247	0.073983	-0.726141	-0.679776	0.103071
65013	13.786860	-8.579458	2.290326	-0.154218	-0.924655	0.277672	0.117293	0.011694	0.993028	-0.675152	0.734244	0.071100	-0.728294	-0.678785	0.094017
65014	9.714150	-7.658885	-0.845373	-0.277031	-1.221654	0.502545	0.105045	0.007103	0.994442	-0.673706	0.736054	0.065907	-0.731495	-0.676885	0.082104
65015	8.587217	-7.287089	-1.607733	-0.264419	-1.301145	0.514617	0.092069	0.002091	0.995750	-0.672286	0.737806	0.060611	-0.734544	-0.675009	0.069335
65016	8.524525	-5.017279	-2.328655	0.124379	-1.298616	0.330479	0.080352	-0.004220	0.996758	-0.673529	0.736927	0.057415	-0.734780	-0.675959	0.056371
65017	9.343074	1.023802	-2.411023	0.606866	-1.337179	0.062525	0.070149	-0.012838	0.997454	-0.678037	0.732805	0.057117	-0.731672	-0.680318	0.042701
65018	9.966581	6.143340	-4.009512	0.181680	-1.312415	-0.111971	0.061352	-0.022576	0.997861	-0.679328	0.731514	0.058318	-0.731265	-0.681453	0.029544
65019	10.125601	7.555157	-3.667532	-1.132822	-1.174981	-0.052898	0.053094	-0.030930	0.998110	-0.670979	0.739157	0.058598	-0.739573	-0.672822	0.018491
65020	10.645883	4.992771	-4.162450	-2.385139	-0.998816	0.095757	0.045034	-0.036872	0.998305	-0.653186	0.755023	0.057351	-0.755857	-0.654661	0.009917
65021	11.913315	-0.408085	-5.951863	-2.757006	-0.866448	0.139251	0.037535	-0.041398	0.998437	-0.632167	0.772820	0.055809	-0.773923	-0.633274	0.002838
65022	12.165348	-6.735820	-7.227493	-1.236219	-0.741953	0.151698	0.030843	-0.044938	0.998514	-0.622567	0.780676	0.054365	-0.781958	-0.623319	-0.003898
65023	9.660677	-9.035504	-7.550398	1.468919	-0.653770	0.199093	0.024534	-0.047515	0.998569	-0.634056	0.771517	0.052289	-0.772898	-0.634431	-0.011199
65024	9.216644	-6.415640	-6.588968	3.852966	-0.668339	0.223000	0.018022	-0.050201	0.998577	-0.663400	0.746625	0.049507	-0.748048	-0.663348	-0.019847
65025	10.873328	-0.772670	-4.179299	4.885220	-0.634538	0.206399	0.011999	-0.053025	0.998521	-0.699184	0.713442	0.046288	-0.714841	-0.698705	-0.028514
65026	11.304447	6.059262	-1.383304	3.891868	-0.476548	0.064533	0.008206	-0.056014	0.998396	-0.726455	0.685776	0.044445	-0.687165	-0.725654	-0.035064
65027	10.427692	8.255159	-0.763833	1.587562	-0.280387	0.085062	0.005698	-0.057492	0.998330	-0.737290	0.674204	0.043035	-0.675552	-0.736304	-0.038546
65028	9.890190	6.254423	-0.604236	-0.537076	-0.126699	0.179841	0.003534	-0.057279	0.998352	-0.733604	0.678308	0.041514	-0.679568	-0.732542	-0.039623
65029	9.940689	2.854727	-1.541920	-1.605843	-0.032798	0.205115	0.001842	-0.056122	0.998422	-0.722615	0.690085	0.040123	-0.691248	-0.721549	-0.039283
65030	10.269302	0.333306	-1.912185	-1.583395	0.011492	0.223732	0.000337	-0.054574	0.998510	-0.711499	0.701627	0.038588	-0.702687	-0.710451	-0.038593
65031	10.092701	-0.793983	-1.382204	-1.045643	-0.002034	0.246547	-0.001397	-0.052858	0.998601	-0.704123	0.709136	0.036551	-0.710076	-0.703087	-0.038209
