// General information: 
//  MT Manager version: 2022.2.0 
//  XDA version: 2022.2.0 build 7381 rev 124627 built on 2023-07-19
// Device information: 
//  DeviceId: 00B4CBA7
//  ProductCode: MTW2-3A7G6
//  Firmware Version: 4.6.0
//  Hardware Version: 2.0.0
// Device settings: 
//  Filter Profile: human(46.1)
//  Option Flags: Orientation Smoother Disabled, Position/Velocity Smoother Disabled, Continuous Zero Rotation Update Disabled, AHS Disabled, ICC Disabled
// Coordinate system: ENU
PacketCounter	Acc_X	Acc_Y	Acc_Z	Gyr_X	Gyr_Y	Gyr_Z	Mat[1][1]	Mat[2][1]	Mat[3][1]	Mat[1][2]	Mat[2][2]	Mat[3][2]	Mat[1][3]	Mat[2][3]	Mat[3][3]
45261	9.739463	-0.091109	-1.481473	0.015987	0.002263	0.001289	-0.145882	-0.086672	0.985498	-0.536550	0.843853	-0.005210	-0.831163	-0.529529	-0.169607
45262	9.723804	-0.057314	-1.527771	0.021255	0.001334	0.001143	-0.145750	-0.086676	0.985517	-0.536715	0.843748	-0.005169	-0.831080	-0.529696	-0.169497
45263	9.682189	0.031711	-1.627459	0.028716	-0.002654	0.000854	-0.145746	-0.086704	0.985515	-0.536962	0.843591	-0.005193	-0.830921	-0.529941	-0.169506
45264	9.698705	0.044292	-1.790071	0.035660	-0.001727	0.003883	-0.145802	-0.086743	0.985504	-0.537324	0.843360	-0.005263	-0.830678	-0.530302	-0.169573
45265	9.678158	0.085545	-1.803835	0.019774	-0.007467	0.007211	-0.145872	-0.086743	0.985493	-0.537487	0.843255	-0.005335	-0.830560	-0.530468	-0.169630
45266	9.680700	0.038929	-1.774548	0.011371	0.002232	0.003284	-0.145854	-0.086691	0.985501	-0.537570	0.843202	-0.005387	-0.830509	-0.530561	-0.169587
45267	9.575674	0.054643	-1.739537	0.010997	0.004774	0.007784	-0.145826	-0.086621	0.985511	-0.537659	0.843145	-0.005450	-0.830456	-0.530664	-0.169524
45268	9.470346	-0.008433	-1.685330	0.011327	0.001131	0.006720	-0.145695	-0.086526	0.985538	-0.537711	0.843112	-0.005470	-0.830446	-0.530732	-0.169363
45269	9.476134	-0.105766	-1.553252	0.001919	-0.003991	0.008977	-0.145745	-0.086493	0.985534	-0.537722	0.843104	-0.005528	-0.830429	-0.530749	-0.169387
45270	9.519154	-0.153720	-1.589879	0.013107	-0.006813	0.010536	-0.146002	-0.086429	0.985502	-0.537793	0.843058	-0.005737	-0.830339	-0.530833	-0.169570
45271	9.596319	-0.075492	-1.634864	0.035010	-0.006438	0.013535	-0.146098	-0.086370	0.985493	-0.538072	0.842878	-0.005897	-0.830141	-0.531128	-0.169616
45272	9.650184	0.011822	-1.703427	0.023777	-0.004715	0.015413	-0.146159	-0.086335	0.985487	-0.538297	0.842734	-0.006006	-0.829984	-0.531363	-0.169647
45273	9.678531	0.071134	-1.732826	0.016832	-0.005640	0.012386	-0.146241	-0.086281	0.985479	-0.538428	0.842649	-0.006124	-0.829885	-0.531505	-0.169686
45274	9.716400	-0.047511	-1.717012	0.011938	-0.007255	0.008032	-0.146344	-0.086340	0.985459	-0.538583	0.842550	-0.006162	-0.829766	-0.531653	-0.169804
45275	9.626229	-0.061536	-1.709291	0.032856	-0.002274	0.010248	-0.146388	-0.086287	0.985457	-0.538849	0.842379	-0.006286	-0.829585	-0.531933	-0.169810
45276	9.655302	-0.007130	-1.665456	0.041290	-0.004540	0.014729	-0.146522	-0.086299	0.985436	-0.539218	0.842142	-0.006424	-0.829322	-0.532306	-0.169926
45277	9.649774	0.003978	-1.705783	0.033691	-0.004504	0.009855	-0.146582	-0.086262	0.985430	-0.539492	0.841965	-0.006546	-0.829133	-0.532591	-0.169954
45278	9.635039	-0.051337	-1.587291	0.023487	-0.006288	0.009080	-0.146656	-0.086302	0.985416	-0.539732	0.841811	-0.006601	-0.828964	-0.532829	-0.170037
45279	9.604309	0.010690	-1.608025	0.022090	-0.006558	0.012257	-0.146746	-0.086255	0.985406	-0.539907	0.841698	-0.006727	-0.828834	-0.533015	-0.170086
45280	9.611845	0.033920	-1.631812	0.004901	-0.010369	0.011888	-0.146955	-0.086237	0.985377	-0.539930	0.841682	-0.006861	-0.828782	-0.533043	-0.170251
45281	9.639748	0.015059	-1.642430	0.004388	-0.011778	0.011228	-0.147083	-0.086227	0.985359	-0.539959	0.841663	-0.006947	-0.828741	-0.533075	-0.170353
45282	9.607852	0.003305	-1.717181	0.005413	-0.008958	0.012550	-0.147061	-0.086243	0.985360	-0.540062	0.841597	-0.006942	-0.828677	-0.533177	-0.170343
45283	9.628453	0.038396	-1.724403	-0.003810	-0.015347	0.012565	-0.147226	-0.086241	0.985336	-0.540021	0.841622	-0.007026	-0.828675	-0.533137	-0.170480
45284	9.649342	-0.009577	-1.639292	-0.001903	-0.013666	0.010051	-0.147298	-0.086270	0.985323	-0.540028	0.841618	-0.007042	-0.828657	-0.533139	-0.170557
45285	9.620629	-0.071507	-1.611585	0.001312	-0.013907	0.011236	-0.147443	-0.086271	0.985301	-0.540032	0.841615	-0.007122	-0.828629	-0.533144	-0.170679
45286	9.648437	-0.090454	-1.622620	0.008580	-0.016623	0.013206	-0.147669	-0.086292	0.985265	-0.540075	0.841586	-0.007237	-0.828561	-0.533186	-0.170880
45287	9.681664	-0.122501	-1.594079	0.016030	-0.020614	0.012928	-0.147879	-0.086315	0.985232	-0.540198	0.841506	-0.007358	-0.828443	-0.533308	-0.171068
45288	9.624425	-0.083723	-1.650007	0.020169	-0.020899	0.006839	-0.148041	-0.086410	0.985199	-0.540364	0.841399	-0.007400	-0.828306	-0.533461	-0.171254
45289	9.631720	-0.060376	-1.675094	0.016865	-0.022845	0.012535	-0.148267	-0.086448	0.985162	-0.540494	0.841314	-0.007519	-0.828181	-0.533589	-0.171464
45290	9.584606	-0.042893	-1.724533	0.023520	-0.023506	0.009218	-0.148601	-0.086575	0.985100	-0.540694	0.841185	-0.007636	-0.827991	-0.533772	-0.171811
45291	9.567174	-0.052199	-1.637418	0.020957	-0.024222	0.009888	-0.148824	-0.086643	0.985061	-0.540862	0.841076	-0.007736	-0.827840	-0.533933	-0.172034
45292	9.646622	-0.019700	-1.655135	0.014290	-0.029887	0.009250	-0.149193	-0.086723	0.984998	-0.540995	0.840988	-0.007899	-0.827687	-0.534058	-0.172386
45293	9.644000	-0.058113	-1.595139	0.006647	-0.030947	0.007817	-0.149462	-0.086844	0.984946	-0.541048	0.840954	-0.007954	-0.827604	-0.534092	-0.172677
45294	9.615485	-0.041484	-1.588434	0.007633	-0.029218	0.012578	-0.149683	-0.086927	0.984905	-0.541083	0.840931	-0.008012	-0.827541	-0.534115	-0.172908
45295	9.614819	-0.074964	-1.780726	0.019880	-0.028127	0.012018	-0.149951	-0.086998	0.984858	-0.541239	0.840830	-0.008132	-0.827391	-0.534263	-0.173170
45296	9.593454	0.048706	-1.889526	0.020351	-0.027806	0.016121	-0.150219	-0.086943	0.984822	-0.541295	0.840792	-0.008338	-0.827305	-0.534332	-0.173365
45297	9.537859	0.078126	-1.799889	0.006973	-0.028252	0.010739	-0.150480	-0.087025	0.984775	-0.541345	0.840758	-0.008423	-0.827225	-0.534371	-0.173628
45298	9.549621	-0.068712	-1.746557	0.001629	-0.029498	0.017771	-0.150907	-0.087041	0.984709	-0.541282	0.840797	-0.008632	-0.827189	-0.534307	-0.173996
45299	9.529257	-0.111180	-1.669970	0.009309	-0.027345	0.015762	-0.151189	-0.087076	0.984662	-0.541344	0.840756	-0.008770	-0.827097	-0.534367	-0.174251
45300	9.668271	-0.165178	-1.604174	0.023242	-0.024396	0.018362	-0.151549	-0.087213	0.984595	-0.541593	0.840593	-0.008905	-0.826867	-0.534599	-0.174625
45301	9.686161	-0.085680	-1.642462	0.033402	-0.023704	0.022566	-0.151838	-0.087172	0.984554	-0.541845	0.840429	-0.009152	-0.826650	-0.534865	-0.174842
45302	9.713208	-0.022995	-1.747117	0.019148	-0.023003	0.021028	-0.152021	-0.087266	0.984517	-0.542062	0.840288	-0.009219	-0.826473	-0.535071	-0.175046
45303	9.719357	0.003835	-1.845562	0.004378	-0.023711	0.018833	-0.152290	-0.087257	0.984477	-0.542079	0.840275	-0.009379	-0.826413	-0.535093	-0.175265
45304	9.643545	-0.039545	-1.865669	-0.003048	-0.024959	0.011719	-0.152563	-0.087342	0.984427	-0.542021	0.840312	-0.009445	-0.826400	-0.535021	-0.175542
45305	9.620754	-0.035669	-1.818445	-0.002532	-0.023548	0.012377	-0.152795	-0.087386	0.984387	-0.541991	0.840330	-0.009529	-0.826377	-0.534985	-0.175761
45306	9.577151	-0.068110	-1.764672	0.003623	-0.019297	0.012345	-0.153065	-0.087427	0.984341	-0.542017	0.840312	-0.009649	-0.826310	-0.535007	-0.176009
45307	9.592639	-0.103612	-1.719793	0.006484	-0.016981	0.018020	-0.153273	-0.087389	0.984312	-0.542053	0.840287	-0.009804	-0.826248	-0.535052	-0.176163
45308	9.596859	-0.113879	-1.754515	0.021291	-0.015187	0.016769	-0.153608	-0.087291	0.984269	-0.542134	0.840231	-0.010090	-0.826133	-0.535156	-0.176389
45309	9.666338	-0.061127	-1.778149	0.016725	-0.014119	0.015330	-0.153778	-0.087260	0.984245	-0.542258	0.840149	-0.010238	-0.826019	-0.535289	-0.176514
45310	9.673698	-0.038228	-1.802615	0.003823	-0.014238	0.014059	-0.153940	-0.087331	0.984213	-0.542324	0.840106	-0.010280	-0.825946	-0.535345	-0.176688
45311	9.683634	-0.060475	-1.797091	-0.007310	-0.010323	0.009062	-0.154046	-0.087333	0.984197	-0.542260	0.840148	-0.010324	-0.825969	-0.535280	-0.176778
45312	9.621329	-0.091469	-1.798758	-0.000498	-0.007032	0.010878	-0.154235	-0.087262	0.984173	-0.542193	0.840188	-0.010475	-0.825977	-0.535228	-0.176900
45313	9.630005	-0.072466	-1.749370	0.000020	-0.005623	0.011534	-0.154316	-0.087217	0.984165	-0.542185	0.840193	-0.010556	-0.825967	-0.535229	-0.176943
45314	9.626762	-0.106606	-1.759988	0.009012	-0.005393	0.013218	-0.154295	-0.087160	0.984173	-0.542233	0.840161	-0.010603	-0.825940	-0.535287	-0.176894
45315	9.620971	-0.095243	-1.800479	0.016312	-0.007025	0.011738	-0.154388	-0.087121	0.984162	-0.542359	0.840079	-0.010715	-0.825840	-0.535423	-0.176949
45316	9.591586	-0.037572	-1.748072	0.011572	-0.004677	0.012545	-0.154444	-0.087077	0.984157	-0.542440	0.840025	-0.010801	-0.825776	-0.535514	-0.176970
45317	9.597137	-0.051836	-1.708791	0.006586	-0.008468	0.015094	-0.154566	-0.087017	0.984143	-0.542480	0.839997	-0.010928	-0.825726	-0.535567	-0.177040
45318	9.619254	-0.058347	-1.759106	0.004583	-0.006686	0.012979	-0.154626	-0.086994	0.984136	-0.542489	0.839991	-0.010983	-0.825709	-0.535581	-0.177078
45319	9.582235	-0.024959	-1.683839	-0.006835	-0.009991	0.013171	-0.154751	-0.086959	0.984119	-0.542422	0.840033	-0.011067	-0.825730	-0.535521	-0.177164
45320	9.583276	-0.030620	-1.611671	-0.009571	-0.009423	0.016095	-0.154870	-0.086903	0.984105	-0.542296	0.840114	-0.011154	-0.825791	-0.535403	-0.177235
45321	9.657951	-0.068848	-1.575200	-0.009052	-0.008013	0.016751	-0.154997	-0.086828	0.984092	-0.542204	0.840171	-0.011269	-0.825827	-0.535326	-0.177303
45322	9.700342	-0.154843	-1.728721	0.002771	-0.011803	0.020156	-0.155181	-0.086777	0.984067	-0.542211	0.840165	-0.011416	-0.825788	-0.535344	-0.177429
45323	9.656374	-0.104775	-1.766857	0.001770	-0.013535	0.015401	-0.155347	-0.086742	0.984044	-0.542212	0.840163	-0.011538	-0.825756	-0.535353	-0.177550
45324	9.646692	-0.043237	-1.911067	-0.007743	-0.015167	0.013066	-0.155519	-0.086828	0.984009	-0.542224	0.840154	-0.011562	-0.825716	-0.535352	-0.177741
45325	9.618559	-0.026343	-1.902513	-0.019220	-0.008685	0.012568	-0.155630	-0.086792	0.983995	-0.542055	0.840262	-0.011618	-0.825806	-0.535188	-0.177816
45326	9.575212	-0.058255	-1.847412	-0.027040	-0.008453	0.013401	-0.155635	-0.086779	0.983995	-0.541801	0.840427	-0.011577	-0.825972	-0.534932	-0.177817
45327	9.568669	-0.087979	-1.752004	-0.024480	-0.007740	0.012726	-0.155739	-0.086736	0.983983	-0.541589	0.840563	-0.011625	-0.826091	-0.534725	-0.177884
45328	9.500677	-0.069217	-1.676945	-0.016141	-0.006563	0.012551	-0.155819	-0.086757	0.983968	-0.541475	0.840637	-0.011627	-0.826151	-0.534606	-0.177964
45329	9.560823	-0.077863	-1.613807	-0.010576	-0.005904	0.018748	-0.155939	-0.086654	0.983958	-0.541368	0.840704	-0.011759	-0.826198	-0.534517	-0.178010
45330	9.630958	-0.144858	-1.660717	-0.000970	-0.012971	0.018326	-0.156097	-0.086596	0.983939	-0.541330	0.840726	-0.011887	-0.826194	-0.534491	-0.178111
45331	9.689665	-0.186118	-1.787449	0.003886	-0.006822	0.014574	-0.156202	-0.086533	0.983927	-0.541349	0.840712	-0.012004	-0.826161	-0.534523	-0.178165
45332	9.729100	-0.069663	-1.830319	0.007490	-0.003296	0.015207	-0.156265	-0.086392	0.983930	-0.541326	0.840725	-0.012154	-0.826164	-0.534526	-0.178142
45333	9.721362	-0.095691	-1.807593	-0.004760	-0.004350	0.015804	-0.156357	-0.086305	0.983923	-0.541272	0.840758	-0.012267	-0.826183	-0.534487	-0.178173
45334	9.644529	-0.097233	-1.782164	-0.007937	-0.003018	0.011180	-0.156417	-0.086223	0.983920	-0.541158	0.840830	-0.012345	-0.826246	-0.534387	-0.178180
45335	9.656992	-0.165128	-1.746099	-0.001333	-0.004791	0.011284	-0.156487	-0.086177	0.983913	-0.541139	0.840842	-0.012420	-0.826245	-0.534377	-0.178215
45336	9.643551	-0.178336	-1.763190	0.024823	-0.001912	0.016705	-0.156537	-0.086097	0.983912	-0.541319	0.840724	-0.012554	-0.826117	-0.534576	-0.178210
45337	9.634206	-0.080650	-1.789810	0.029557	-0.004264	0.015896	-0.156628	-0.086009	0.983906	-0.541548	0.840574	-0.012729	-0.825950	-0.534826	-0.178236
45338	9.639418	-0.012369	-1.842827	0.016217	0.001649	0.014488	-0.156630	-0.085970	0.983909	-0.541684	0.840485	-0.012793	-0.825860	-0.534971	-0.178214
45339	9.576073	-0.002539	-1.800023	0.003835	0.002963	0.013885	-0.156651	-0.085861	0.983915	-0.541703	0.840471	-0.012903	-0.825844	-0.535011	-0.178172
45340	9.582095	-0.136399	-1.783259	-0.009371	0.006513	0.013674	-0.156681	-0.085839	0.983912	-0.541719	0.840460	-0.012941	-0.825828	-0.535032	-0.178184
45341	9.565298	-0.062388	-1.785980	-0.004809	0.005439	0.015114	-0.156688	-0.085706	0.983922	-0.541666	0.840493	-0.013047	-0.825862	-0.535001	-0.178119
45342	9.575451	-0.084772	-1.778860	-0.010415	0.003699	0.012365	-0.156768	-0.085678	0.983912	-0.541590	0.840541	-0.013099	-0.825896	-0.534930	-0.178172
45343	9.604632	-0.108241	-1.715127	-0.004638	0.004159	0.012865	-0.156774	-0.085571	0.983921	-0.541541	0.840571	-0.013183	-0.825927	-0.534900	-0.178120
45344	9.612370	-0.085285	-1.737905	-0.010670	0.002815	0.021516	-0.156821	-0.085357	0.983931	-0.541376	0.840674	-0.013357	-0.826026	-0.534772	-0.178046
45345	9.654834	-0.097615	-1.657787	-0.009331	-0.003262	0.014373	-0.156897	-0.085277	0.983926	-0.541286	0.840731	-0.013447	-0.826070	-0.534696	-0.178067
45346	9.669295	-0.128387	-1.684272	-0.008548	0.004282	0.013285	-0.157021	-0.085200	0.983913	-0.541215	0.840775	-0.013566	-0.826094	-0.534638	-0.178131
45347	9.632494	-0.131717	-1.724364	-0.000469	-0.000689	0.014851	-0.157078	-0.085102	0.983913	-0.541197	0.840784	-0.013677	-0.826095	-0.534639	-0.178125
45348	9.645828	-0.121461	-1.707706	-0.004901	-0.001974	0.014613	-0.157226	-0.085063	0.983892	-0.541184	0.840791	-0.013790	-0.826075	-0.534635	-0.178229
45349	9.591187	-0.128103	-1.731750	0.002918	-0.002219	0.013779	-0.157290	-0.084983	0.983889	-0.541197	0.840781	-0.013897	-0.826054	-0.534663	-0.178238
45350	9.608883	-0.126440	-1.748475	0.012040	-0.004376	0.016657	-0.157369	-0.084811	0.983891	-0.541153	0.840806	-0.014078	-0.826068	-0.534651	-0.178213
45351	9.613208	-0.136635	-1.781911	0.020252	-0.000850	0.015280	-0.157430	-0.084710	0.983890	-0.541306	0.840705	-0.014230	-0.825956	-0.534826	-0.178206
45352	9.646370	-0.086461	-1.844731	0.027504	-0.003585	0.017243	-0.157676	-0.084617	0.983859	-0.541506	0.840572	-0.014490	-0.825778	-0.535050	-0.178359
45353	9.618494	-0.070335	-1.835214	0.015166	-0.001176	0.013188	-0.157729	-0.084536	0.983857	-0.541621	0.840496	-0.014613	-0.825693	-0.535182	-0.178357
45354	9.628492	-0.093122	-1.828690	0.010039	-0.002586	0.014546	-0.157892	-0.084419	0.983841	-0.541637	0.840482	-0.014807	-0.825651	-0.535222	-0.178430
45355	9.560689	-0.074727	-1.753147	0.002221	-0.002337	0.015380	-0.157966	-0.084325	0.983837	-0.541640	0.840478	-0.014929	-0.825635	-0.535244	-0.178441
45356	9.645362	-0.134682	-1.709348	0.005307	-0.000224	0.015357	-0.157996	-0.084227	0.983841	-0.541654	0.840467	-0.015032	-0.825620	-0.535276	-0.178413
45357	9.610856	-0.064254	-1.696269	0.008521	-0.000474	0.016537	-0.158061	-0.084114	0.983840	-0.541708	0.840430	-0.015177	-0.825572	-0.535353	-0.178404
45358	9.605426	-0.016089	-1.619982	-0.001518	-0.003492	0.013548	-0.158214	-0.084130	0.983814	-0.541755	0.840398	-0.015257	-0.825512	-0.535400	-0.178541
45359	9.598600	-0.083244	-1.640588	-0.010598	-0.005855	0.018775	-0.158336	-0.084027	0.983803	-0.541647	0.840465	-0.015390	-0.825559	-0.535311	-0.178589
45360	9.602705	-0.212843	-1.698140	-0.005526	-0.010782	0.013463	-0.158493	-0.084039	0.983777	-0.541617	0.840483	-0.015460	-0.825549	-0.535281	-0.178728
45361	9.611282	-0.231221	-1.765233	0.013902	-0.003793	0.017585	-0.158592	-0.083935	0.983770	-0.541714	0.840418	-0.015624	-0.825467	-0.535400	-0.178752
45362	9.598508	-0.203185	-1.918790	0.023489	-0.010881	0.017167	-0.158784	-0.083994	0.983734	-0.541923	0.840281	-0.015726	-0.825292	-0.535606	-0.178942
45363	9.622906	-0.136375	-1.915727	0.015770	-0.003212	0.018505	-0.158883	-0.083879	0.983728	-0.542034	0.840206	-0.015903	-0.825200	-0.535741	-0.178960
45364	9.625057	-0.183860	-1.886254	0.010856	-0.004821	0.014160	-0.159014	-0.083814	0.983712	-0.542107	0.840156	-0.016047	-0.825127	-0.535829	-0.179033
45365	9.639727	-0.178002	-1.796493	0.010477	0.002266	0.010552	-0.159025	-0.083737	0.983717	-0.542187	0.840103	-0.016137	-0.825072	-0.535925	-0.178998
45366	9.628794	-0.116693	-1.759750	0.007913	0.001564	0.011231	-0.159168	-0.083630	0.983703	-0.542219	0.840079	-0.016314	-0.825024	-0.535979	-0.179059
45367	9.646936	-0.077930	-1.659683	0.002615	0.001443	0.014840	-0.159209	-0.083521	0.983706	-0.542227	0.840071	-0.016432	-0.825010	-0.536008	-0.179034
45368	9.594549	-0.130135	-1.653556	0.006693	0.000032	0.012173	-0.159265	-0.083440	0.983703	-0.542249	0.840055	-0.016536	-0.824986	-0.536045	-0.179037
45369	9.593200	-0.127253	-1.726846	0.012722	-0.004241	0.015081	-0.159354	-0.083360	0.983696	-0.542339	0.839994	-0.016674	-0.824909	-0.536154	-0.179066
45370	9.642050	-0.110904	-1.743519	0.009108	-0.007758	0.014452	-0.159399	-0.083335	0.983691	-0.542389	0.839961	-0.016731	-0.824867	-0.536210	-0.179089
45371	9.630629	-0.086828	-1.823931	0.015454	-0.004822	0.012153	-0.159477	-0.083283	0.983682	-0.542507	0.839882	-0.016845	-0.824775	-0.536341	-0.179123
45372	9.613670	-0.132698	-1.851124	0.006293	-0.003735	0.012725	-0.159575	-0.083204	0.983673	-0.542519	0.839872	-0.016968	-0.824748	-0.536369	-0.179162
45373	9.600167	-0.145439	-1.868166	-0.005386	-0.002272	0.010520	-0.159623	-0.083152	0.983670	-0.542468	0.839904	-0.017029	-0.824772	-0.536327	-0.179175
45374	9.565861	-0.156957	-1.762481	-0.005911	-0.003679	0.009865	-0.159666	-0.083065	0.983670	-0.542307	0.840007	-0.017092	-0.824870	-0.536180	-0.179167
45375	9.571410	-0.170573	-1.723040	-0.005092	-0.005917	0.009474	-0.159739	-0.083040	0.983660	-0.542259	0.840036	-0.017143	-0.824887	-0.536137	-0.179216
45376	9.562654	-0.154746	-1.657039	-0.000998	-0.002069	0.014214	-0.159844	-0.082994	0.983647	-0.542248	0.840042	-0.017238	-0.824874	-0.536136	-0.179279
45377	9.601559	-0.116860	-1.680325	0.002678	-0.007252	0.012096	-0.159942	-0.082955	0.983635	-0.542261	0.840032	-0.017329	-0.824847	-0.536158	-0.179339
45378	9.639165	-0.157650	-1.683916	0.010155	-0.004942	0.015765	-0.160043	-0.082926	0.983621	-0.542361	0.839965	-0.017432	-0.824761	-0.536267	-0.179406
45379	9.700137	-0.125529	-1.757013	0.012317	-0.008009	0.015636	-0.160166	-0.082861	0.983606	-0.542447	0.839906	-0.017574	-0.824680	-0.536369	-0.179472
45380	9.675221	-0.113189	-1.854369	0.015049	-0.008593	0.012707	-0.160328	-0.082894	0.983577	-0.542598	0.839807	-0.017669	-0.824550	-0.536520	-0.179623
45381	9.636033	-0.071001	-1.925128	0.008979	-0.005394	0.013254	-0.160417	-0.082835	0.983567	-0.542661	0.839764	-0.017782	-0.824491	-0.536596	-0.179664
45382	9.610387	-0.099758	-1.885852	-0.003517	-0.001687	0.011442	-0.160434	-0.082753	0.983571	-0.542589	0.839809	-0.017846	-0.824535	-0.536538	-0.179635
45383	9.621632	-0.126437	-1.806272	-0.009340	-0.003209	0.014399	-0.160511	-0.082673	0.983566	-0.542499	0.839865	-0.017938	-0.824579	-0.536462	-0.179658
45384	9.586081	-0.133663	-1.773382	-0.015488	0.003428	0.010285	-0.160613	-0.082591	0.983556	-0.542308	0.839986	-0.018023	-0.824685	-0.536285	-0.179702
45385	9.609559	-0.144202	-1.749522	-0.013787	0.005291	0.013455	-0.160615	-0.082473	0.983566	-0.542183	0.840066	-0.018097	-0.824767	-0.536179	-0.179642
45386	9.666423	-0.185834	-1.695364	-0.011223	0.005991	0.012776	-0.160502	-0.082386	0.983591	-0.542056	0.840148	-0.018081	-0.824873	-0.536063	-0.179503
45387	9.653017	-0.198276	-1.711721	-0.009543	0.002590	0.008535	-0.160499	-0.082324	0.983597	-0.541973	0.840201	-0.018115	-0.824927	-0.535990	-0.179469
45388	9.626082	-0.222384	-1.745204	-0.000307	-0.001943	0.012623	-0.160609	-0.082259	0.983584	-0.541918	0.840234	-0.018219	-0.824942	-0.535949	-0.179527
45389	9.651633	-0.195986	-1.784909	0.005517	-0.000423	0.009666	-0.160638	-0.082204	0.983584	-0.541958	0.840206	-0.018291	-0.824910	-0.536000	-0.179520
45390	9.640322	-0.171523	-1.864799	0.010073	-0.001509	0.011108	-0.160722	-0.082163	0.983574	-0.541995	0.840181	-0.018381	-0.824870	-0.536046	-0.179568
45391	9.628764	-0.068716	-1.785118	0.006211	-0.000300	0.008069	-0.160741	-0.082121	0.983574	-0.542043	0.840149	-0.018438	-0.824835	-0.536103	-0.179559
45392	9.658610	-0.133365	-1.764852	0.000143	0.002903	0.008617	-0.160776	-0.082031	0.983576	-0.542001	0.840174	-0.018525	-0.824855	-0.536078	-0.179541
45393	9.596163	-0.163668	-1.765223	-0.007025	0.002217	0.011313	-0.160792	-0.081948	0.983580	-0.541935	0.840215	-0.018590	-0.824896	-0.536025	-0.179510
45394	9.601842	-0.177364	-1.724966	-0.004582	0.005276	0.009428	-0.160825	-0.081871	0.983581	-0.541894	0.840240	-0.018665	-0.824916	-0.535998	-0.179497
45395	9.616130	-0.207885	-1.751129	-0.000384	0.001496	0.007963	-0.160829	-0.081820	0.983585	-0.541887	0.840243	-0.018710	-0.824919	-0.536001	-0.179473
45396	9.668717	-0.158211	-1.756920	0.005752	0.004631	0.011371	-0.160741	-0.081818	0.983600	-0.541978	0.840185	-0.018682	-0.824877	-0.536093	-0.179396
45397	9.644597	-0.108359	-1.736761	0.001317	0.003358	0.011134	-0.160746	-0.081731	0.983606	-0.541981	0.840181	-0.018760	-0.824874	-0.536112	-0.179353
45398	9.623319	-0.145565	-1.730050	0.003834	0.002981	0.013912	-0.160801	-0.081625	0.983606	-0.541985	0.840176	-0.018882	-0.824861	-0.536135	-0.179341
45399	9.618517	-0.175578	-1.812800	0.006230	0.004964	0.015486	-0.160817	-0.081492	0.983614	-0.542021	0.840150	-0.019012	-0.824834	-0.536197	-0.179281
45400	9.634782	-0.091181	-1.742625	0.000383	-0.001816	0.011030	-0.160882	-0.081399	0.983611	-0.541941	0.840199	-0.019111	-0.824874	-0.536134	-0.179286
45401	9.599961	-0.139754	-1.753001	-0.001776	0.001255	0.011160	-0.160905	-0.081322	0.983614	-0.541919	0.840212	-0.019184	-0.824884	-0.536125	-0.179265
45402	9.595666	-0.132155	-1.719670	-0.008201	0.001769	0.008799	-0.160948	-0.081315	0.983608	-0.541892	0.840228	-0.019208	-0.824893	-0.536101	-0.179297
45403	9.579404	-0.218506	-1.789535	-0.007506	0.001890	0.007202	-0.160944	-0.081269	0.983612	-0.541829	0.840269	-0.019232	-0.824936	-0.536044	-0.179270
45404	9.597205	-0.216109	-1.805788	-0.002424	0.002209	0.009301	-0.160876	-0.081223	0.983627	-0.541814	0.840279	-0.019230	-0.824959	-0.536036	-0.179189
45405	9.605128	-0.192459	-1.828579	0.004625	0.005251	0.005400	-0.160835	-0.081174	0.983638	-0.541853	0.840253	-0.019257	-0.824941	-0.536084	-0.179126
45406	9.603196	-0.147477	-1.857830	-0.000794	0.007506	0.007809	-0.160772	-0.081119	0.983652	-0.541853	0.840252	-0.019270	-0.824953	-0.536093	-0.179044
45407	9.599016	-0.139643	-1.823903	-0.007915	0.007900	0.007045	-0.160718	-0.081041	0.983668	-0.541786	0.840295	-0.019291	-0.825008	-0.536038	-0.178958
45408	9.675618	-0.223336	-1.756127	-0.011655	0.006750	0.005209	-0.160581	-0.081073	0.983687	-0.541762	0.840313	-0.019183	-0.825050	-0.536005	-0.178861
45409	9.631023	-0.250012	-1.772394	0.005559	0.010426	0.005509	-0.160497	-0.080995	0.983707	-0.541809	0.840282	-0.019213	-0.825036	-0.536065	-0.178747
45410	9.683854	-0.199948	-1.777236	0.002754	0.014452	0.003779	-0.160334	-0.080914	0.983741	-0.541835	0.840266	-0.019198	-0.825050	-0.536103	-0.178566
45411	9.645761	-0.119696	-1.729537	0.002585	0.015739	0.006034	-0.160210	-0.080803	0.983770	-0.541856	0.840251	-0.019228	-0.825060	-0.536142	-0.178400
45412	9.699397	-0.110805	-1.777406	-0.004894	0.013441	0.002359	-0.160163	-0.080763	0.983781	-0.541855	0.840252	-0.019236	-0.825070	-0.536147	-0.178339
45413	9.668409	-0.125442	-1.776249	-0.019424	0.017879	0.001878	-0.159998	-0.080675	0.983815	-0.541701	0.840352	-0.019186	-0.825203	-0.536004	-0.178157
45414	9.679414	-0.187825	-1.810973	-0.011727	0.019968	-0.000157	-0.159792	-0.080556	0.983858	-0.541549	0.840451	-0.019141	-0.825343	-0.535866	-0.177922
45415	9.652889	-0.211145	-1.842414	0.005266	0.023853	0.005865	-0.159599	-0.080403	0.983902	-0.541593	0.840422	-0.019174	-0.825352	-0.535934	-0.177677
45416	9.701658	-0.152474	-1.812605	0.001169	0.029790	0.000415	-0.159252	-0.080291	0.983967	-0.541567	0.840441	-0.019071	-0.825436	-0.535921	-0.177325
45417	9.697825	-0.143871	-1.776572	-0.005782	0.028901	-0.002605	-0.158972	-0.080183	0.984022	-0.541533	0.840465	-0.019001	-0.825512	-0.535901	-0.177032
45418	9.751133	-0.254127	-1.845834	-0.005430	0.041378	-0.000389	-0.158601	-0.080019	0.984095	-0.541548	0.840457	-0.018938	-0.825574	-0.535938	-0.176632
45419	9.852932	-0.305442	-1.886816	0.003199	0.048647	-0.002302	-0.158159	-0.079802	0.984184	-0.541587	0.840432	-0.018887	-0.825632	-0.536009	-0.176142
45420	9.867946	-0.210832	-1.957546	0.016142	0.059551	-0.005167	-0.157578	-0.079685	0.984286	-0.541848	0.840268	-0.018720	-0.825573	-0.536283	-0.175585
45421	9.800237	-0.222341	-2.065101	0.006672	0.068831	-0.011663	-0.156919	-0.079439	0.984412	-0.541931	0.840218	-0.018583	-0.825644	-0.536399	-0.174896
45422	9.708051	-0.264835	-2.059099	0.006124	0.081732	-0.021116	-0.156168	-0.079306	0.984542	-0.542117	0.840103	-0.018320	-0.825664	-0.536598	-0.174190
45423	9.634892	-0.308140	-1.995376	0.010013	0.091397	-0.022193	-0.155265	-0.079026	0.984707	-0.542244	0.840026	-0.018084	-0.825750	-0.536760	-0.173279
45424	9.633605	-0.375589	-2.112504	0.012965	0.100403	-0.031493	-0.154263	-0.078774	0.984885	-0.542375	0.839948	-0.017771	-0.825852	-0.536919	-0.172298
45425	9.534342	-0.441063	-2.080154	0.025108	0.124454	-0.038038	-0.153002	-0.078450	0.985107	-0.542651	0.839778	-0.017405	-0.825906	-0.537232	-0.171058
45426	9.512865	-0.386927	-2.048034	0.026807	0.137225	-0.038944	-0.151572	-0.078072	0.985358	-0.542927	0.839608	-0.016991	-0.825988	-0.537553	-0.169649
45427	9.604692	-0.450633	-2.022295	0.020497	0.156084	-0.044890	-0.150012	-0.077635	0.985631	-0.543173	0.839458	-0.016549	-0.826111	-0.537851	-0.168097
45428	9.676955	-0.590910	-2.031299	0.036167	0.177364	-0.054650	-0.148285	-0.077100	0.985935	-0.543436	0.839296	-0.016100	-0.826250	-0.538180	-0.166354
45429	9.744718	-0.474131	-2.104891	0.069989	0.187974	-0.062458	-0.146365	-0.076637	0.986258	-0.544115	0.838866	-0.015565	-0.826145	-0.538916	-0.164480
45430	9.801648	-0.178622	-2.044808	0.075459	0.197773	-0.072277	-0.144283	-0.076196	0.986598	-0.544824	0.838418	-0.014925	-0.826044	-0.539676	-0.162483
45431	9.756546	-0.070631	-1.986417	0.056754	0.208230	-0.078194	-0.142109	-0.075752	0.986948	-0.545414	0.838046	-0.014210	-0.826032	-0.540314	-0.160410
45432	9.747503	0.044758	-1.959370	0.022990	0.221683	-0.085395	-0.139652	-0.075376	0.987328	-0.545824	0.837795	-0.013244	-0.826180	-0.540757	-0.158142
45433	9.685806	-0.017752	-1.802905	0.013947	0.232484	-0.091126	-0.137206	-0.074907	0.987706	-0.546074	0.837646	-0.012331	-0.826424	-0.541053	-0.155834
45434	9.673520	-0.057933	-1.733797	0.023456	0.242778	-0.091399	-0.134647	-0.074448	0.988093	-0.546449	0.837415	-0.011370	-0.826598	-0.541473	-0.153438
45435	9.665805	-0.110937	-1.623790	0.030508	0.250010	-0.089811	-0.132062	-0.073870	0.988485	-0.546830	0.837178	-0.010493	-0.826763	-0.541919	-0.150954
45436	9.638671	-0.047213	-1.474241	0.031864	0.257867	-0.092232	-0.129414	-0.073295	0.988878	-0.547179	0.836961	-0.009574	-0.826950	-0.542333	-0.148419
45437	9.583252	-0.035969	-1.441700	0.026057	0.261558	-0.087444	-0.126744	-0.072632	0.989273	-0.547515	0.836750	-0.008712	-0.827141	-0.542746	-0.145820
45438	9.533248	-0.033491	-1.442528	0.015383	0.256135	-0.087655	-0.124113	-0.072030	0.989650	-0.547749	0.836607	-0.007803	-0.827386	-0.543048	-0.143288
45439	9.566611	0.059982	-1.290695	0.002933	0.254119	-0.083667	-0.121524	-0.071374	0.990019	-0.547884	0.836526	-0.006944	-0.827681	-0.543259	-0.140763
45440	9.582454	0.079986	-1.249232	-0.001999	0.252618	-0.087923	-0.118919	-0.070815	0.990375	-0.547992	0.836462	-0.005990	-0.827987	-0.543431	-0.138278
45441	9.541426	0.135937	-1.191369	-0.018871	0.241790	-0.084892	-0.116424	-0.070237	0.990713	-0.547944	0.836499	-0.005088	-0.828374	-0.543448	-0.135874
45442	9.468328	0.127182	-1.033347	-0.031948	0.225730	-0.083985	-0.114094	-0.069767	0.991017	-0.547774	0.836616	-0.004167	-0.828810	-0.543329	-0.133670
45443	9.427465	0.013393	-0.898274	-0.034840	0.211449	-0.082123	-0.111863	-0.069331	0.991302	-0.547586	0.836743	-0.003271	-0.829239	-0.543189	-0.131565
45444	9.341780	-0.053335	-0.730978	-0.023269	0.195173	-0.080680	-0.109737	-0.068909	0.991569	-0.547357	0.836896	-0.002416	-0.829673	-0.543008	-0.129556
45445	9.324588	-0.173255	-0.647895	-0.004679	0.177450	-0.074890	-0.107826	-0.068597	0.991800	-0.547408	0.836865	-0.001632	-0.829891	-0.543095	-0.127787
45446	9.331983	-0.117219	-0.499198	0.009790	0.149596	-0.072332	-0.106161	-0.068452	0.991990	-0.547632	0.836719	-0.000869	-0.829957	-0.543338	-0.126314
45447	9.451484	-0.086672	-0.415501	0.007737	0.127860	-0.072760	-0.104674	-0.068391	0.992152	-0.547781	0.836622	-0.000122	-0.830048	-0.543494	-0.125035
45448	9.654924	0.060298	-0.438653	0.003057	0.096783	-0.069789	-0.103467	-0.068459	0.992274	-0.547831	0.836589	0.000595	-0.830166	-0.543537	-0.124063
45449	9.806102	0.279900	-0.511226	-0.023387	0.065241	-0.070406	-0.102511	-0.068719	0.992355	-0.547717	0.836663	0.001358	-0.830360	-0.543391	-0.123406
45450	9.794605	0.382614	-0.460241	-0.058537	0.039615	-0.074633	-0.101734	-0.069107	0.992408	-0.547248	0.836967	0.002183	-0.830764	-0.542872	-0.122966
45451	9.653090	0.309150	-0.337374	-0.087990	0.001880	-0.080565	-0.101249	-0.069796	0.992410	-0.546606	0.837384	0.003126	-0.831246	-0.542141	-0.122936
45452	9.535435	0.057026	-0.113273	-0.092000	-0.030710	-0.085577	-0.100920	-0.070673	0.992381	-0.545863	0.837864	0.004157	-0.831774	-0.541285	-0.123135
45453	9.549477	-0.187961	0.112128	-0.060914	-0.073829	-0.087114	-0.101031	-0.071827	0.992287	-0.545452	0.838127	0.005132	-0.832031	-0.540726	-0.123855
45454	9.665542	-0.295761	0.100573	0.002859	-0.110484	-0.080460	-0.101417	-0.073174	0.992149	-0.545622	0.838010	0.006032	-0.831872	-0.540727	-0.124914
45455	9.686654	-0.049003	0.012908	0.037767	-0.154740	-0.078889	-0.102245	-0.074697	0.991951	-0.546024	0.837742	0.006803	-0.831507	-0.540933	-0.126441
45456	9.881894	0.146307	-0.304495	0.048754	-0.190732	-0.069137	-0.103314	-0.076290	0.991719	-0.546452	0.837457	0.007495	-0.831093	-0.541153	-0.128210
45457	10.045895	0.115968	-0.827859	0.067092	-0.224189	-0.078421	-0.104719	-0.078185	0.991424	-0.547098	0.837028	0.008222	-0.830492	-0.541545	-0.130428
45458	10.143780	0.425939	-0.856388	0.069092	-0.256287	-0.088218	-0.106319	-0.080291	0.991085	-0.547715	0.836617	0.009020	-0.829882	-0.541873	-0.132925
45459	10.065218	0.437018	-0.933509	0.030427	-0.260265	-0.088100	-0.107967	-0.082463	0.990729	-0.548069	0.836375	0.009888	-0.829436	-0.541920	-0.135496
45460	10.183958	0.503548	-0.879640	-0.020298	-0.247789	-0.083568	-0.109521	-0.084499	0.990386	-0.547957	0.836437	0.010769	-0.829306	-0.541510	-0.137909
45461	10.511726	0.291591	-1.024021	-0.063816	-0.234548	-0.081510	-0.110991	-0.086475	0.990052	-0.547525	0.836708	0.011700	-0.829396	-0.540779	-0.140214
45462	10.685013	0.028740	-1.435057	-0.071458	-0.213821	-0.096630	-0.112235	-0.088445	0.989738	-0.547061	0.836995	0.012760	-0.829534	-0.540015	-0.142325
45463	10.720591	0.081238	-1.479357	-0.086330	-0.213925	-0.112078	-0.113368	-0.090562	0.989417	-0.546479	0.837355	0.014028	-0.829764	-0.539105	-0.144420
45464	10.645299	0.187761	-1.375565	-0.091892	-0.217362	-0.126731	-0.114393	-0.092836	0.989088	-0.545896	0.837710	0.015492	-0.830007	-0.538167	-0.146507
45465	10.455920	0.202796	-1.124127	-0.114364	-0.230613	-0.136180	-0.115536	-0.095242	0.988727	-0.545111	0.838191	0.017043	-0.830365	-0.536996	-0.148758
45466	10.227494	0.046176	-1.071195	-0.094550	-0.234448	-0.138814	-0.116714	-0.097699	0.988348	-0.544563	0.838514	0.018580	-0.830559	-0.536049	-0.151070
45467	10.033562	-0.053018	-1.152693	-0.078383	-0.238363	-0.146769	-0.117867	-0.100231	0.987958	-0.544092	0.838783	0.020185	-0.830706	-0.535160	-0.153400
45468	9.922193	-0.065288	-1.008523	-0.039857	-0.257376	-0.145185	-0.119040	-0.102882	0.987545	-0.544007	0.838797	0.021810	-0.830593	-0.534635	-0.155820
45469	9.759545	-0.057459	-0.807799	0.012442	-0.286860	-0.139782	-0.120633	-0.105613	0.987063	-0.544286	0.838579	0.023206	-0.830181	-0.534445	-0.158644
45470	9.454857	0.213881	-0.445938	0.034780	-0.333097	-0.109975	-0.122723	-0.108372	0.986506	-0.544791	0.838219	0.024309	-0.829543	-0.534457	-0.161908
45471	9.419815	0.425128	-0.246357	0.009389	-0.373604	-0.100687	-0.125243	-0.111237	0.985870	-0.545002	0.838053	0.025322	-0.829028	-0.534130	-0.165585
45472	9.487409	0.439508	-0.022712	-0.016900	-0.411822	-0.090846	-0.128161	-0.114213	0.985155	-0.545035	0.838003	0.026249	-0.828560	-0.533580	-0.169649
45473	9.617896	0.415020	0.071032	-0.030190	-0.455381	-0.068116	-0.131533	-0.117237	0.984355	-0.544881	0.838078	0.027007	-0.828133	-0.532804	-0.174115
45474	9.716098	0.566796	0.055545	-0.061893	-0.535031	-0.037568	-0.135746	-0.120441	0.983396	-0.544512	0.838302	0.027508	-0.827695	-0.531737	-0.179378
45475	9.719327	0.336079	0.164646	-0.118719	-0.613192	0.001307	-0.140799	-0.123711	0.982279	-0.543537	0.838927	0.027747	-0.827492	-0.529998	-0.185361
45476	9.821993	-0.159268	0.090395	-0.151017	-0.693165	0.047450	-0.146806	-0.126983	0.980981	-0.542264	0.839756	0.027551	-0.827283	-0.527906	-0.192139
45477	9.932207	-0.752637	-0.220157	-0.111317	-0.747997	0.108172	-0.153550	-0.130041	0.979547	-0.541190	0.840475	0.026743	-0.826762	-0.526015	-0.199431
45478	9.966559	-1.215812	-0.435331	-0.012019	-0.788045	0.176791	-0.160944	-0.132701	0.978002	-0.540876	0.840729	0.025066	-0.825561	-0.524943	-0.207085
45479	9.945392	-1.101949	-0.709243	0.035006	-0.813491	0.234669	-0.168894	-0.135020	0.976342	-0.540787	0.840852	0.022734	-0.824029	-0.524154	-0.215032
45480	10.181443	-1.059536	-1.195082	-0.050922	-0.854391	0.288826	-0.177517	-0.137082	0.974524	-0.540000	0.841428	0.019995	-0.822732	-0.522693	-0.223392
45481	10.702238	-0.826550	-1.531980	-0.181080	-0.863679	0.362242	-0.186544	-0.138559	0.972627	-0.537862	0.842863	0.016915	-0.822135	-0.519983	-0.231757
45482	10.922179	-0.868693	-1.569983	-0.380263	-0.826148	0.432422	-0.195682	-0.139151	0.970745	-0.533991	0.845382	0.013539	-0.822534	-0.515720	-0.239731
45483	10.595541	-1.017765	-1.568834	-0.554983	-0.766553	0.494691	-0.204592	-0.138916	0.968940	-0.528443	0.848908	0.010126	-0.823948	-0.509958	-0.247090
45484	10.329197	-1.052173	-1.883032	-0.581085	-0.712390	0.548923	-0.213360	-0.137856	0.967199	-0.522659	0.852519	0.006214	-0.825412	-0.504190	-0.253945
45485	9.924416	-0.624552	-2.312251	-0.584618	-0.631848	0.587084	-0.221604	-0.136033	0.965602	-0.516564	0.856246	0.002076	-0.827075	-0.498335	-0.260017
45486	9.462952	-0.000476	-2.500136	-0.599635	-0.528747	0.603790	-0.229129	-0.133430	0.964208	-0.510302	0.859992	-0.002257	-0.828910	-0.492554	-0.265139
45487	9.107869	0.650543	-2.168847	-0.656846	-0.354767	0.603909	-0.235109	-0.129986	0.963238	-0.503460	0.863996	-0.006291	-0.831416	-0.486431	-0.268576
45488	8.766283	0.627915	-1.353974	-0.740494	-0.083804	0.580481	-0.238763	-0.125267	0.962964	-0.495915	0.868313	-0.010005	-0.834901	-0.479938	-0.269443
45489	8.323956	-0.350699	-0.350917	-0.754865	0.248944	0.567994	-0.239448	-0.119162	0.963569	-0.488252	0.872600	-0.013419	-0.839211	-0.473677	-0.267123
45490	8.016540	-2.224476	0.131434	-0.535056	0.574238	0.563181	-0.237424	-0.111482	0.964988	-0.482492	0.875725	-0.017542	-0.843108	-0.469764	-0.261707
45491	8.108371	-4.176672	-0.042170	0.005821	0.891145	0.559557	-0.232572	-0.102416	0.967172	-0.481240	0.876289	-0.022930	-0.845174	-0.470774	-0.253087
45492	8.376530	-4.496766	0.069921	0.685742	1.170040	0.546162	-0.225280	-0.092020	0.969939	-0.485853	0.873526	-0.029972	-0.844509	-0.478000	-0.241496
45493	8.807304	-3.469949	0.095213	1.319298	1.428568	0.496841	-0.215652	-0.080800	0.973122	-0.495891	0.867559	-0.037858	-0.841182	-0.490726	-0.227159
45494	8.949446	-2.001433	0.028614	1.693309	1.681394	0.400255	-0.203619	-0.068833	0.976628	-0.509384	0.859328	-0.045637	-0.836102	-0.506772	-0.210037
45495	9.122292	-0.776493	0.020896	1.739794	1.894652	0.258199	-0.189133	-0.056895	0.980302	-0.523391	0.850528	-0.051617	-0.830837	-0.522843	-0.190642
45496	9.779617	0.184145	-0.111920	1.539183	2.092898	0.084687	-0.172335	-0.044919	0.984014	-0.536014	0.842388	-0.055421	-0.826432	-0.536996	-0.169250
45497	10.230636	0.500635	-0.012837	1.139632	2.247719	-0.101247	-0.153212	-0.033603	0.987622	-0.545594	0.836164	-0.056189	-0.823926	-0.547449	-0.146444
45498	10.756709	-0.043183	0.045017	0.696091	2.382073	-0.259286	-0.132075	-0.022418	0.990986	-0.551663	0.832272	-0.054696	-0.823544	-0.553915	-0.122289
45499	11.090121	-0.671835	0.629681	0.341866	2.451085	-0.360890	-0.109851	-0.011823	0.993878	-0.554927	0.830306	-0.051458	-0.824615	-0.557182	-0.097771
45500	11.515743	-1.118468	0.682053	0.103935	2.479793	-0.396402	-0.087077	-0.000997	0.996201	-0.556051	0.829774	-0.047774	-0.826574	-0.558099	-0.072809
45501	11.645044	-1.368974	0.993030	-0.143472	2.449717	-0.367278	-0.064727	0.009589	0.997857	-0.555150	0.830586	-0.043992	-0.829228	-0.556808	-0.048438
45502	11.576184	-0.126543	0.766084	-0.147538	2.368566	-0.274503	-0.043394	0.020734	0.998843	-0.553993	0.831495	-0.041328	-0.831390	-0.555145	-0.024596
45503	11.061589	2.341306	0.286418	-0.267221	2.269053	-0.209489	-0.023318	0.031534	0.999231	-0.551845	0.833027	-0.039167	-0.833621	-0.552333	-0.002022
45504	11.523770	3.822379	1.319916	-0.739857	2.196168	-0.140506	-0.004060	0.042656	0.999082	-0.545614	0.837176	-0.037961	-0.838027	-0.545267	0.019875
45505	11.317623	4.464399	2.275636	-1.323890	2.079290	-0.033199	0.013646	0.053568	0.998471	-0.534476	0.844329	-0.037994	-0.845074	-0.533140	0.040152
45506	9.859969	3.747224	0.254576	-1.590564	1.841247	0.087053	0.029074	0.064222	0.997512	-0.520810	0.852748	-0.039722	-0.853177	-0.518359	0.058241
45507	8.403370	2.630416	-0.738043	-1.773590	1.499850	0.199051	0.040941	0.073560	0.996450	-0.505675	0.861660	-0.042833	-0.861752	-0.502126	0.072474
45508	8.366226	1.956232	0.190496	-1.788865	1.067021	0.285275	0.048917	0.081496	0.995472	-0.490138	0.870367	-0.047169	-0.870271	-0.485612	0.082521
45509	8.815495	1.366308	0.841355	-1.720839	0.701856	0.318501	0.053542	0.087612	0.994715	-0.475260	0.878320	-0.051779	-0.878215	-0.469976	0.088666
45510	9.041250	1.039336	0.890155	-1.516098	0.440056	0.337607	0.056146	0.092800	0.994100	-0.461843	0.885158	-0.056546	-0.885183	-0.455943	0.092557
45511	8.647574	0.737311	0.327827	-1.212934	0.233219	0.352492	0.056633	0.096957	0.993676	-0.451275	0.890288	-0.061149	-0.890586	-0.444958	0.094174
45512	8.362593	0.590549	0.002709	-0.936566	0.029150	0.377178	0.055464	0.100654	0.993374	-0.442754	0.894219	-0.065886	-0.894926	-0.436166	0.094162
45513	8.450888	0.611873	-0.085823	-0.718907	-0.181108	0.403751	0.052091	0.103462	0.993268	-0.436528	0.896921	-0.070533	-0.898181	-0.429916	0.091886
45514	8.669847	0.381036	-0.568189	-0.588937	-0.334315	0.407859	0.047408	0.105826	0.993254	-0.431226	0.899104	-0.075212	-0.900998	-0.424751	0.088259
45515	8.375699	0.065122	-0.842239	-0.495876	-0.457991	0.392550	0.041617	0.107399	0.993345	-0.426930	0.900783	-0.079505	-0.903327	-0.420780	0.083340
45516	8.191707	-0.131394	-1.022626	-0.389097	-0.547641	0.371353	0.035146	0.108549	0.993470	-0.423371	0.902092	-0.083587	-0.905274	-0.417669	0.077662
45517	7.996194	-0.217295	-1.189582	-0.303415	-0.593885	0.353044	0.028301	0.109238	0.993613	-0.420737	0.902973	-0.087290	-0.906741	-0.415579	0.071515
45518	7.922787	-0.357294	-1.617920	-0.221979	-0.601389	0.325419	0.021618	0.109784	0.993720	-0.418564	0.903644	-0.090727	-0.907930	-0.413974	0.065486
45519	7.889128	-0.781371	-2.097830	-0.114882	-0.583781	0.276659	0.015184	0.109845	0.993833	-0.417574	0.903818	-0.093516	-0.908516	-0.413579	0.059592
45520	8.315039	-1.008365	-2.636487	0.080616	-0.496652	0.215071	0.009832	0.109818	0.993903	-0.418048	0.903372	-0.095680	-0.908372	-0.414559	0.054791
45521	8.215279	-1.028760	-2.885796	0.273166	-0.345168	0.150046	0.006094	0.109714	0.993945	-0.420543	0.902073	-0.096994	-0.907252	-0.417405	0.051637
