// General information: 
//  MT Manager version: 2022.2.0 
//  XDA version: 2022.2.0 build 7381 rev 124627 built on 2023-07-19
// Device information: 
//  DeviceId: 00B4CB9F
//  ProductCode: MTW2-3A7G6
//  Firmware Version: 4.6.0
//  Hardware Version: 2.0.0
// Device settings: 
//  Filter Profile: human(46.1)
//  Option Flags: Orientation Smoother Disabled, Position/Velocity Smoother Disabled, Continuous Zero Rotation Update Disabled, AHS Disabled, ICC Disabled
// Coordinate system: ENU
PacketCounter	Acc_X	Acc_Y	Acc_Z	Gyr_X	Gyr_Y	Gyr_Z	Mat[1][1]	Mat[2][1]	Mat[3][1]	Mat[1][2]	Mat[2][2]	Mat[3][2]	Mat[1][3]	Mat[2][3]	Mat[3][3]
15535	9.362760	1.747544	2.331791	-0.051054	0.082076	-0.005159	-0.290645	0.068038	0.954409	0.370307	-0.911741	0.177765	0.882269	0.405091	0.239798
15536	9.340970	1.723096	2.295352	-0.049573	0.082212	-0.004539	-0.291343	0.067716	0.954219	0.369886	-0.911935	0.177649	0.882216	0.404708	0.240638
15537	9.327354	1.749951	2.241481	-0.048183	0.079814	-0.006678	-0.291989	0.067401	0.954044	0.369505	-0.912113	0.177527	0.882161	0.404360	0.241423
15538	9.291996	1.742843	2.214484	-0.040288	0.071888	0.000535	-0.292577	0.067074	0.953887	0.369180	-0.912272	0.177383	0.882102	0.404054	0.242148
15539	9.290477	1.742093	2.221435	-0.035373	0.063540	-0.002452	-0.293121	0.066770	0.953741	0.368918	-0.912403	0.177259	0.882032	0.403810	0.242812
15540	9.303073	1.724148	2.217196	-0.029058	0.052954	0.001373	-0.293539	0.066513	0.953630	0.368695	-0.912517	0.177134	0.881986	0.403594	0.243337
15541	9.296262	1.737180	2.191081	-0.025440	0.044881	0.001533	-0.293825	0.066163	0.953567	0.368642	-0.912582	0.176910	0.881913	0.403505	0.243749
15542	9.295447	1.736541	2.195041	-0.015809	0.032605	0.002485	-0.294059	0.065977	0.953508	0.368540	-0.912643	0.176806	0.881877	0.403397	0.244056
15543	9.325519	1.722033	2.205161	-0.007883	0.024474	0.000777	-0.294396	0.065936	0.953406	0.368394	-0.912689	0.176874	0.881826	0.403300	0.244401
15544	9.319373	1.735704	2.175904	-0.001347	0.014094	-0.000550	-0.294478	0.065853	0.953387	0.368410	-0.912690	0.176835	0.881792	0.403311	0.244507
15545	9.335847	1.739128	2.194373	0.004980	0.007979	-0.003905	-0.294495	0.065845	0.953382	0.368427	-0.912682	0.176840	0.881779	0.403330	0.244522
15546	9.310782	1.739669	2.218546	0.009384	0.001310	0.002428	-0.294454	0.065786	0.953399	0.368546	-0.912642	0.176799	0.881743	0.403431	0.244486
15547	9.358249	1.728995	2.242914	0.020604	-0.003841	-0.000404	-0.294091	0.065673	0.953518	0.368970	-0.912500	0.176648	0.881687	0.403770	0.244127
15548	9.364092	1.715635	2.273228	0.017312	-0.006821	0.000724	-0.293983	0.065662	0.953553	0.369155	-0.912427	0.176642	0.881646	0.403938	0.243998
15549	9.336486	1.750690	2.292320	0.021740	-0.013669	-0.001880	-0.293669	0.065651	0.953650	0.369489	-0.912302	0.176586	0.881610	0.404221	0.243657
15550	9.328542	1.754806	2.332218	0.021718	-0.009003	-0.000134	-0.293544	0.065657	0.953688	0.369711	-0.912210	0.176597	0.881559	0.404428	0.243499
15551	9.342672	1.738077	2.320741	0.020726	-0.010634	-0.001140	-0.293472	0.065566	0.953717	0.370008	-0.912096	0.176562	0.881458	0.404699	0.243414
15552	9.331887	1.776329	2.357104	0.018931	-0.013498	0.000624	-0.293304	0.065582	0.953767	0.370208	-0.912016	0.176559	0.881430	0.404877	0.243219
15553	9.335039	1.742549	2.359214	0.013829	-0.010198	-0.001925	-0.293059	0.065592	0.953842	0.370449	-0.911924	0.176526	0.881410	0.405083	0.242950
15554	9.324247	1.780719	2.395722	0.013533	-0.012945	0.000475	-0.292897	0.065607	0.953891	0.370601	-0.911865	0.176511	0.881400	0.405212	0.242769
15555	9.352368	1.746457	2.373928	0.009041	-0.013294	-0.001429	-0.292400	0.065526	0.954048	0.370955	-0.911760	0.176313	0.881416	0.405463	0.242292
15556	9.341581	1.784859	2.410280	0.009756	-0.014595	-0.006961	-0.292249	0.065615	0.954089	0.371053	-0.911711	0.176358	0.881425	0.405558	0.242100
15557	9.330772	1.768494	2.422758	0.004530	-0.008978	-0.001587	-0.291973	0.065509	0.954180	0.371294	-0.911643	0.176203	0.881415	0.405728	0.241852
15558	9.330957	1.768845	2.421790	0.005436	-0.009878	-0.003343	-0.291848	0.065546	0.954216	0.371365	-0.911615	0.176202	0.881426	0.405787	0.241712
15559	9.353171	1.803043	2.393410	-0.001859	-0.010061	-0.002738	-0.291654	0.065467	0.954281	0.371513	-0.911577	0.176082	0.881428	0.405883	0.241543
15560	9.348132	1.772537	2.437348	-0.003757	-0.010793	-0.001987	-0.291516	0.065494	0.954321	0.371507	-0.911587	0.176046	0.881476	0.405857	0.241411
15561	9.334467	1.735217	2.422498	-0.006751	-0.011026	-0.003255	-0.291197	0.065713	0.954404	0.371486	-0.911583	0.176108	0.881591	0.405830	0.241038
15562	9.345621	1.752214	2.408185	-0.010270	-0.005080	-0.002407	-0.291110	0.065722	0.954430	0.371421	-0.911619	0.176061	0.881647	0.405748	0.240971
15563	9.345855	1.751949	2.407470	-0.011747	-0.014337	0.002405	-0.290789	0.065635	0.954533	0.371534	-0.911610	0.175868	0.881705	0.405783	0.240701
15564	9.293446	1.731911	2.426707	-0.013647	-0.010591	-0.004035	-0.290659	0.065681	0.954570	0.371435	-0.911658	0.175827	0.881790	0.405667	0.240585
15565	9.343488	1.785763	2.402206	-0.021238	-0.013520	-0.001028	-0.290591	0.065685	0.954590	0.371225	-0.911760	0.175744	0.881901	0.405437	0.240566
15566	9.335707	1.734348	2.418342	-0.023816	-0.017798	-0.005429	-0.290403	0.065772	0.954641	0.371032	-0.911848	0.175692	0.882044	0.405224	0.240400
15567	9.358032	1.768114	2.389755	-0.027719	-0.017129	-0.004941	-0.290237	0.065648	0.954700	0.370959	-0.911919	0.175481	0.882129	0.405086	0.240320
15568	9.344529	1.730330	2.374549	-0.031410	-0.020723	-0.002425	-0.290012	0.065718	0.954764	0.370709	-0.912040	0.175381	0.882308	0.404802	0.240140
15569	9.345009	1.729777	2.373063	-0.032806	-0.022968	-0.002047	-0.289884	0.065770	0.954799	0.370449	-0.912160	0.175304	0.882460	0.404522	0.240056
15570	9.339734	1.743080	2.340164	-0.035788	-0.027857	-0.005066	-0.289606	0.065893	0.954875	0.370152	-0.912297	0.175219	0.882675	0.404194	0.239817
15571	9.326567	1.759770	2.347955	-0.038261	-0.038742	-0.001273	-0.289242	0.066147	0.954968	0.369771	-0.912455	0.175199	0.882955	0.403794	0.239461
15572	9.290927	1.786827	2.306749	-0.040164	-0.039468	-0.000524	-0.288845	0.066275	0.955079	0.369448	-0.912613	0.175061	0.883219	0.403418	0.239118
15573	9.336480	1.809401	2.324664	-0.044147	-0.045980	-0.004554	-0.288520	0.066459	0.955165	0.369067	-0.912780	0.174991	0.883485	0.403009	0.238828
15574	9.312718	1.808943	2.344864	-0.046836	-0.052597	-0.002792	-0.288016	0.066660	0.955303	0.368679	-0.912962	0.174860	0.883811	0.402562	0.238371
15575	9.321939	1.804651	2.299266	-0.059029	-0.058384	-0.004453	-0.287411	0.067007	0.955461	0.368189	-0.913172	0.174796	0.884213	0.402028	0.237784
15576	9.318273	1.772481	2.339448	-0.074825	-0.065235	-0.000835	-0.286787	0.067241	0.955632	0.367558	-0.913468	0.174579	0.884678	0.401317	0.237256
15577	9.333668	1.753475	2.324327	-0.088041	-0.067979	-0.001749	-0.286090	0.067442	0.955826	0.366892	-0.913791	0.174291	0.885180	0.400547	0.236682
15578	9.321366	1.768546	2.330087	-0.101672	-0.066680	0.000482	-0.285447	0.067669	0.956002	0.366026	-0.914193	0.173999	0.885745	0.399589	0.236186
15579	9.319854	1.691627	2.272826	-0.096878	-0.077517	-0.005327	-0.284774	0.067932	0.956185	0.365193	-0.914576	0.173739	0.886306	0.398668	0.235639
15580	9.360272	1.672271	2.232282	-0.105183	-0.088434	-0.000331	-0.283941	0.068251	0.956409	0.364293	-0.914990	0.173447	0.886943	0.397662	0.234940
15581	9.309778	1.649730	2.246026	-0.120223	-0.094010	0.000507	-0.283148	0.068634	0.956617	0.363199	-0.915474	0.173185	0.887645	0.396479	0.234287
15582	9.411942	1.601591	2.218071	-0.124773	-0.098941	-0.003186	-0.282232	0.069019	0.956860	0.362115	-0.915962	0.172877	0.888379	0.395285	0.233521
15583	9.371250	1.641227	2.141878	-0.123895	-0.104292	0.002180	-0.281096	0.069217	0.957180	0.361271	-0.916392	0.172362	0.889083	0.394252	0.232588
15584	9.435098	1.610177	2.147278	-0.115525	-0.109228	0.001748	-0.280068	0.069594	0.957454	0.360283	-0.916844	0.172029	0.889808	0.393134	0.231705
15585	9.352901	1.647025	2.076809	-0.108838	-0.119164	0.004058	-0.279028	0.069939	0.957733	0.359385	-0.917260	0.171688	0.890497	0.392101	0.230806
15586	9.283558	1.709685	2.092001	-0.097816	-0.133667	0.011614	-0.277746	0.070318	0.958078	0.358580	-0.917647	0.171303	0.891222	0.391127	0.229658
15587	9.240236	1.729327	1.983936	-0.093055	-0.158235	0.009282	-0.276184	0.070771	0.958496	0.357873	-0.917998	0.170900	0.891992	0.390220	0.228209
15588	9.272423	1.703734	1.875955	-0.093403	-0.183980	0.011585	-0.274451	0.071344	0.958951	0.357106	-0.918366	0.170528	0.892834	0.389249	0.226569
15589	9.228372	1.712298	1.835685	-0.095513	-0.210170	0.009456	-0.272461	0.071975	0.959471	0.356408	-0.918711	0.170127	0.893722	0.388316	0.224660
15590	9.260858	1.687111	1.722609	-0.095546	-0.239861	0.008517	-0.270235	0.072789	0.960039	0.355611	-0.919084	0.169782	0.894714	0.387282	0.222484
15591	9.276781	1.713152	1.614779	-0.091117	-0.266970	0.017359	-0.267844	0.073536	0.960652	0.354864	-0.919457	0.169324	0.895730	0.386253	0.220175
15592	9.285098	1.687275	1.520414	-0.072994	-0.297469	0.024775	-0.265040	0.074417	0.961361	0.354310	-0.919753	0.168877	0.896782	0.385379	0.217405
15593	9.258598	1.644107	1.461185	-0.042635	-0.324445	0.025772	-0.262042	0.075475	0.962101	0.353967	-0.919940	0.168575	0.897798	0.384725	0.214348
15594	9.277516	1.624111	1.419041	-0.015031	-0.357973	0.028402	-0.258677	0.076551	0.962926	0.353940	-0.920015	0.168221	0.898784	0.384333	0.210893
15595	9.272669	1.604329	1.398106	-0.005675	-0.392663	0.023581	-0.254906	0.077672	0.963841	0.354160	-0.920007	0.167804	0.899774	0.384128	0.207007
15596	9.336542	1.553418	1.343659	0.013764	-0.422851	0.031328	-0.250938	0.078968	0.964777	0.354398	-0.919974	0.167480	0.900795	0.383942	0.202871
15597	9.342556	1.484311	1.349583	0.043823	-0.447654	0.045062	-0.246784	0.080241	0.965743	0.354938	-0.919830	0.167127	0.901730	0.384023	0.198519
15598	9.393145	1.460183	1.441432	0.080229	-0.480298	0.050921	-0.242221	0.081578	0.966785	0.355821	-0.919559	0.166741	0.902619	0.384390	0.193710
15599	9.389130	1.461980	1.477722	0.114386	-0.495903	0.057165	-0.237631	0.083031	0.967800	0.356878	-0.919195	0.166489	0.903421	0.384950	0.188798
15600	9.509947	1.406838	1.532885	0.130129	-0.510560	0.055169	-0.232772	0.084452	0.968858	0.358218	-0.918736	0.166146	0.904156	0.385736	0.183603
15601	9.563397	1.406552	1.687784	0.143134	-0.504651	0.053077	-0.228104	0.085900	0.969840	0.359615	-0.918233	0.165909	0.904790	0.386614	0.178561
15602	9.679534	1.467286	1.874795	0.151263	-0.492733	0.046262	-0.223430	0.087343	0.970799	0.361122	-0.917683	0.165677	0.905356	0.387594	0.173496
15603	9.704147	1.595255	2.117977	0.133054	-0.461276	0.037610	-0.219202	0.088645	0.971644	0.362503	-0.917178	0.165456	0.905838	0.388492	0.168913
15604	9.692370	1.686728	2.377018	0.105535	-0.420357	0.039920	-0.215202	0.089873	0.972425	0.363579	-0.916800	0.165193	0.906366	0.389103	0.164621
15605	9.793498	1.738598	2.669552	0.082121	-0.388291	0.026343	-0.211895	0.091096	0.973038	0.364309	-0.916519	0.165139	0.906851	0.389479	0.161019
15606	9.782944	1.711523	2.960309	0.040653	-0.324378	0.015317	-0.208852	0.092178	0.973593	0.364743	-0.916371	0.165004	0.907383	0.389573	0.157764
15607	9.860164	1.718237	3.150839	0.002306	-0.266821	-0.000439	-0.206639	0.093028	0.973985	0.364788	-0.916369	0.164917	0.907871	0.389376	0.155422
15608	9.915409	1.675644	3.193264	-0.020315	-0.192479	-0.005935	-0.204869	0.093790	0.974285	0.364624	-0.916439	0.164893	0.908338	0.389029	0.153552
15609	9.968576	1.633178	3.242541	-0.015553	-0.127362	-0.008963	-0.204049	0.094319	0.974406	0.364308	-0.916544	0.165007	0.908649	0.388654	0.152659
15610	9.911181	1.516378	3.136245	0.009336	-0.064907	-0.007808	-0.203447	0.094601	0.974505	0.364410	-0.916496	0.165047	0.908744	0.388698	0.151984
15611	9.800335	1.485592	2.853408	0.049286	-0.012213	-0.013969	-0.203592	0.094468	0.974488	0.365022	-0.916246	0.165083	0.908465	0.389319	0.152057
15612	9.734589	1.478615	2.591731	0.082236	0.027137	-0.011968	-0.203842	0.094429	0.974439	0.365778	-0.915910	0.165273	0.908105	0.390118	0.152161
15613	9.682018	1.486274	2.276381	0.108432	0.054692	-0.023828	-0.204518	0.094294	0.974310	0.366793	-0.915447	0.165591	0.907543	0.391237	0.152639
15614	9.665925	1.500014	1.994400	0.130966	0.071376	-0.018435	-0.205194	0.094139	0.974183	0.367978	-0.914911	0.165919	0.906911	0.392524	0.153093
15615	9.585303	1.487298	1.679614	0.156468	0.066391	-0.018591	-0.206276	0.093939	0.973974	0.369220	-0.914327	0.166382	0.906161	0.393931	0.153919
15616	9.503501	1.531729	1.429993	0.184412	0.058330	-0.013846	-0.206817	0.093791	0.973874	0.370896	-0.913581	0.166750	0.905352	0.395693	0.154158
15617	9.451569	1.618734	1.249269	0.201872	0.045127	-0.005937	-0.207518	0.093478	0.973755	0.372746	-0.912771	0.167060	0.904431	0.397632	0.154573
15618	9.433677	1.745137	1.095076	0.201913	0.027643	-0.005631	-0.207753	0.093375	0.973715	0.374595	-0.911956	0.167376	0.903614	0.399521	0.154484
15619	9.476945	1.811774	0.993049	0.186502	0.013031	-0.007778	-0.207944	0.093273	0.973683	0.376370	-0.911172	0.167664	0.902832	0.401330	0.154368
15620	9.482472	1.841022	0.902807	0.169661	-0.010692	-0.005114	-0.207831	0.093318	0.973703	0.377925	-0.910480	0.167924	0.902208	0.402887	0.153959
15621	9.464280	1.839617	0.882090	0.161313	-0.028069	-0.000608	-0.207713	0.093187	0.973741	0.379549	-0.909785	0.168030	0.901553	0.404484	0.153605
15622	9.444990	1.813751	0.791066	0.150850	-0.041589	-0.007557	-0.207331	0.093379	0.973804	0.380929	-0.909161	0.168283	0.901059	0.405840	0.152926
15623	9.431208	1.808429	0.726168	0.145699	-0.053956	-0.005272	-0.206915	0.093486	0.973882	0.382365	-0.908527	0.168451	0.900546	0.407233	0.152242
15624	9.454080	1.809564	0.691885	0.123416	-0.068005	-0.012935	-0.206317	0.093835	0.973976	0.383486	-0.908006	0.168713	0.900207	0.408314	0.151353
15625	9.452990	1.787085	0.613939	0.106326	-0.078619	-0.017521	-0.205703	0.094169	0.974073	0.384568	-0.907504	0.168946	0.899885	0.409350	0.150462
15626	9.509916	1.740380	0.585779	0.105581	-0.095056	-0.020447	-0.204891	0.094698	0.974193	0.385513	-0.907047	0.169251	0.899666	0.410242	0.149339
15627	9.490613	1.709551	0.604696	0.107414	-0.094308	-0.021308	-0.204234	0.095035	0.974298	0.386645	-0.906523	0.169474	0.899330	0.411320	0.148398
15628	9.549121	1.687705	0.644105	0.112942	-0.105846	-0.015057	-0.203306	0.095560	0.974441	0.387668	-0.906038	0.169734	0.899100	0.412267	0.147158
15629	9.502038	1.636501	0.660766	0.121719	-0.114280	-0.015253	-0.202423	0.095919	0.974589	0.388975	-0.905445	0.169904	0.898734	0.413483	0.145973
15630	9.469058	1.682077	0.753468	0.136797	-0.126396	-0.011224	-0.201297	0.096495	0.974766	0.390219	-0.904862	0.170158	0.898448	0.414625	0.144492
15631	9.433383	1.761908	0.840980	0.145764	-0.138971	-0.009433	-0.200154	0.097138	0.974937	0.391462	-0.904268	0.170464	0.898163	0.415770	0.142967
15632	9.473925	1.826228	0.879356	0.138246	-0.143513	-0.015407	-0.198892	0.097827	0.975127	0.392710	-0.903671	0.170757	0.897898	0.416905	0.141316
15633	9.489178	1.925990	0.939241	0.122065	-0.157277	-0.015516	-0.197537	0.098505	0.975334	0.393964	-0.903079	0.170999	0.897648	0.418025	0.139584
15634	9.535199	1.982000	1.048647	0.088902	-0.159632	-0.018787	-0.196145	0.099294	0.975535	0.394763	-0.902682	0.171252	0.897602	0.418695	0.137859
15635	9.605761	1.943447	1.227481	0.049256	-0.161159	-0.018664	-0.194806	0.100040	0.975727	0.395278	-0.902421	0.171442	0.897667	0.419081	0.136253
15636	9.621249	1.894052	1.360691	0.021774	-0.152960	-0.014369	-0.193456	0.100762	0.975921	0.395484	-0.902309	0.171558	0.897868	0.419150	0.134707
15637	9.680985	1.812213	1.488589	-0.009575	-0.135371	-0.009604	-0.192209	0.101338	0.976108	0.395518	-0.902293	0.171558	0.898121	0.419044	0.133348
15638	9.690342	1.799948	1.663542	-0.032449	-0.120003	-0.008035	-0.191130	0.101864	0.976265	0.395250	-0.902414	0.171539	0.898469	0.418655	0.132217
15639	9.666073	1.775596	1.768138	-0.052753	-0.094161	-0.005210	-0.190438	0.102335	0.976351	0.394649	-0.902668	0.171588	0.898880	0.417993	0.131516
15640	9.682353	1.753095	1.864250	-0.065262	-0.071713	-0.002790	-0.189772	0.102610	0.976452	0.394095	-0.902931	0.171476	0.899264	0.417356	0.130913
15641	9.707826	1.746861	1.947433	-0.074338	-0.050357	-0.004828	-0.189515	0.102762	0.976485	0.393468	-0.903216	0.171415	0.899593	0.416701	0.130740
15642	9.686451	1.746691	1.971539	-0.081139	-0.027860	-0.003956	-0.189249	0.102864	0.976526	0.392769	-0.903544	0.171294	0.899954	0.415966	0.130593
15643	9.724030	1.752577	2.001791	-0.092225	-0.013722	-0.011031	-0.189245	0.102943	0.976519	0.391990	-0.903890	0.171253	0.900294	0.415194	0.130704
15644	9.680606	1.723920	1.945442	-0.099552	0.003600	-0.010494	-0.189288	0.102973	0.976507	0.391113	-0.904285	0.171171	0.900667	0.414325	0.130896
15645	9.655725	1.728694	1.860483	-0.113297	0.017937	-0.014895	-0.189621	0.102901	0.976450	0.390162	-0.904707	0.171107	0.901009	0.413420	0.131403
15646	9.636668	1.754742	1.803314	-0.122608	0.019317	-0.019185	-0.189840	0.102944	0.976403	0.389060	-0.905187	0.171080	0.901439	0.412358	0.131789
15647	9.592763	1.756900	1.704898	-0.134845	0.033793	-0.023036	-0.190287	0.103036	0.976307	0.387736	-0.905740	0.171160	0.901916	0.411118	0.132400
15648	9.580019	1.745216	1.611362	-0.148687	0.034658	-0.023817	-0.190663	0.103059	0.976231	0.386388	-0.906319	0.171142	0.902414	0.409834	0.132981
15649	9.589417	1.733003	1.491497	-0.160561	0.034164	-0.024467	-0.191160	0.103093	0.976130	0.384899	-0.906949	0.171163	0.902946	0.408431	0.133692
15650	9.545411	1.705139	1.439322	-0.166539	0.024623	-0.016156	-0.191416	0.103088	0.976080	0.383403	-0.907605	0.171044	0.903528	0.406973	0.134205
15651	9.536625	1.689400	1.303022	-0.170621	0.020748	-0.017254	-0.191787	0.103083	0.976008	0.381848	-0.908275	0.170963	0.904107	0.405475	0.134834
15652	9.470868	1.661997	1.275991	-0.169768	0.010968	-0.013740	-0.191911	0.103112	0.975980	0.380326	-0.908941	0.170815	0.904722	0.403972	0.135220
15653	9.496134	1.657061	1.210914	-0.167118	0.002097	-0.016245	-0.191973	0.103149	0.975965	0.378962	-0.909538	0.170671	0.905281	0.402618	0.135517
15654	9.464676	1.670707	1.209073	-0.159702	-0.017265	-0.015939	-0.191849	0.103312	0.975972	0.377526	-0.910156	0.170556	0.905907	0.401175	0.135610
15655	9.486840	1.669817	1.182725	-0.153519	-0.034261	-0.013417	-0.191656	0.103488	0.975991	0.376161	-0.910744	0.170437	0.906516	0.399795	0.135621
15656	9.478417	1.594396	1.129902	-0.147701	-0.053531	-0.018852	-0.191214	0.103822	0.976042	0.374826	-0.911307	0.170367	0.907162	0.398423	0.135340
15657	9.506833	1.614729	1.127104	-0.132953	-0.066067	-0.018778	-0.190680	0.104191	0.976107	0.373670	-0.911791	0.170321	0.907751	0.397218	0.134927
15658	9.541336	1.655697	1.150290	-0.128304	-0.076310	-0.021180	-0.190039	0.104634	0.976185	0.372505	-0.912271	0.170301	0.908364	0.395997	0.134390
15659	9.538672	1.690423	1.141534	-0.131136	-0.089420	-0.020204	-0.189268	0.105053	0.976290	0.371492	-0.912697	0.170229	0.908940	0.394903	0.133718
15660	9.539286	1.660086	1.180020	-0.139047	-0.094495	-0.024794	-0.188475	0.105599	0.976384	0.370222	-0.913212	0.170232	0.909622	0.393563	0.133022
15661	9.562048	1.598405	1.236204	-0.140955	-0.102044	-0.019659	-0.187680	0.106056	0.976488	0.369043	-0.913702	0.170167	0.910266	0.392303	0.132344
15662	9.547532	1.592395	1.171225	-0.128806	-0.100883	-0.020459	-0.186811	0.106585	0.976597	0.367873	-0.914178	0.170142	0.910918	0.391048	0.131568
15663	9.573175	1.616265	1.206297	-0.118186	-0.099838	-0.021808	-0.186164	0.107092	0.976665	0.366748	-0.914620	0.170195	0.911504	0.389874	0.130993
15664	9.576783	1.671441	1.223405	-0.108907	-0.094352	-0.021879	-0.185359	0.107606	0.976762	0.365756	-0.915014	0.170212	0.912066	0.388807	0.130248
15665	9.576979	1.761288	1.237995	-0.104406	-0.095600	-0.029613	-0.184618	0.108076	0.976850	0.365033	-0.915295	0.170254	0.912506	0.388015	0.129529
15666	9.599683	1.731949	1.248659	-0.103767	-0.096190	-0.036620	-0.183849	0.108730	0.976922	0.364061	-0.915650	0.170424	0.913049	0.386991	0.128757
15667	9.563054	1.696693	1.255184	-0.110509	-0.099902	-0.035073	-0.183058	0.109389	0.976997	0.363070	-0.916013	0.170588	0.913603	0.385946	0.127968
15668	9.551270	1.658602	1.192933	-0.105843	-0.094744	-0.036782	-0.182302	0.110037	0.977066	0.362078	-0.916374	0.170758	0.914148	0.384903	0.127215
15669	9.548830	1.663685	1.227625	-0.094318	-0.094826	-0.034810	-0.181578	0.110675	0.977129	0.361220	-0.916676	0.170953	0.914631	0.383999	0.126470
15670	9.536953	1.625688	1.165349	-0.082141	-0.091847	-0.031430	-0.180827	0.111261	0.977201	0.360454	-0.916950	0.171102	0.915082	0.383176	0.125705
15671	9.543249	1.679283	1.140606	-0.074779	-0.093737	-0.031530	-0.180143	0.111794	0.977267	0.359864	-0.917153	0.171253	0.915449	0.382533	0.124988
15672	9.549989	1.701792	1.160404	-0.071187	-0.092008	-0.038407	-0.179415	0.112444	0.977326	0.359186	-0.917376	0.171485	0.915858	0.381809	0.124203
15673	9.537230	1.753142	1.120405	-0.077594	-0.095117	-0.038245	-0.178795	0.113068	0.977368	0.358453	-0.917617	0.171729	0.916266	0.381044	0.123535
15674	9.557174	1.727324	1.172360	-0.088636	-0.098543	-0.039712	-0.178011	0.113752	0.977432	0.357613	-0.917903	0.171953	0.916747	0.380151	0.122717
15675	9.623298	1.699234	1.127960	-0.090620	-0.104038	-0.035574	-0.177159	0.114452	0.977505	0.356790	-0.918182	0.172169	0.917232	0.379265	0.121829
15676	9.586957	1.663767	1.133323	-0.092927	-0.110151	-0.030046	-0.176233	0.115090	0.977597	0.355927	-0.918493	0.172296	0.917746	0.378318	0.120905
15677	9.590296	1.663153	1.082482	-0.091797	-0.103729	-0.032389	-0.175626	0.115660	0.977639	0.355037	-0.918803	0.172479	0.918207	0.377390	0.120302
15678	9.555948	1.713454	1.068737	-0.097648	-0.110398	-0.031715	-0.174703	0.116312	0.977727	0.354128	-0.919128	0.172617	0.918734	0.376397	0.119385
15679	9.522547	1.732209	1.098897	-0.103976	-0.119219	-0.039023	-0.173659	0.117075	0.977822	0.353276	-0.919417	0.172823	0.919260	0.375454	0.118306
15680	9.494280	1.746246	1.044094	-0.110818	-0.129548	-0.038391	-0.172582	0.117858	0.977919	0.352234	-0.919781	0.173014	0.919862	0.374315	0.117224
15681	9.537813	1.749999	0.979264	-0.114844	-0.137283	-0.042799	-0.171584	0.118601	0.978005	0.351345	-0.920083	0.173218	0.920389	0.373338	0.116201
15682	9.510567	1.732486	0.967340	-0.117501	-0.145814	-0.040123	-0.170361	0.119458	0.978114	0.350238	-0.920467	0.173419	0.921038	0.372117	0.114973
15683	9.520164	1.752768	0.940470	-0.103418	-0.152620	-0.041866	-0.169195	0.120340	0.978208	0.349267	-0.920785	0.173686	0.921621	0.371042	0.113761
15684	9.552403	1.741925	0.929622	-0.091070	-0.162245	-0.041823	-0.167825	0.121270	0.978329	0.348401	-0.921066	0.173938	0.922199	0.370042	0.112327
15685	9.563526	1.730325	0.944530	-0.069600	-0.173965	-0.036249	-0.166454	0.122100	0.978460	0.347929	-0.921205	0.174145	0.922626	0.369421	0.110856
15686	9.581571	1.738209	0.985451	-0.047054	-0.185904	-0.033935	-0.164837	0.123043	0.978616	0.347483	-0.921331	0.174370	0.923084	0.368795	0.109114
15687	9.660952	1.720415	1.071673	-0.022419	-0.192596	-0.030618	-0.163289	0.123919	0.978765	0.347368	-0.921331	0.174599	0.923403	0.368502	0.107398
15688	9.622013	1.689451	1.152050	-0.003100	-0.192144	-0.026128	-0.161587	0.124811	0.978934	0.347342	-0.921303	0.174796	0.923712	0.368269	0.105518
15689	9.674419	1.651007	1.236849	0.017958	-0.188870	-0.023457	-0.159925	0.125631	0.979102	0.347690	-0.921136	0.174985	0.923870	0.368408	0.103632
15690	9.676425	1.623634	1.304687	0.030808	-0.184645	-0.022992	-0.158280	0.126466	0.979262	0.347983	-0.920987	0.175186	0.924043	0.368495	0.101765
15691	9.685460	1.616301	1.400819	0.052200	-0.167250	-0.025010	-0.156958	0.127240	0.979374	0.348424	-0.920767	0.175465	0.924102	0.368778	0.100188
15692	9.613983	1.631950	1.436754	0.067053	-0.164393	-0.024493	-0.155505	0.128015	0.979505	0.349051	-0.920482	0.175716	0.924111	0.369222	0.098456
15693	9.622744	1.655184	1.448140	0.072963	-0.146258	-0.027569	-0.154354	0.128660	0.979603	0.349902	-0.920109	0.175979	0.923982	0.369928	0.097004
15694	9.599071	1.722377	1.372200	0.063746	-0.144137	-0.033067	-0.153120	0.129440	0.979694	0.350486	-0.919823	0.176308	0.923966	0.370365	0.095477
15695	9.569738	1.826394	1.337234	0.043010	-0.135325	-0.039410	-0.152113	0.130220	0.979747	0.350876	-0.919599	0.176702	0.923984	0.370649	0.094192
15696	9.549102	1.859661	1.264889	0.017843	-0.135818	-0.042143	-0.150989	0.131053	0.979810	0.351023	-0.919471	0.177075	0.924113	0.370672	0.092827
15697	9.556038	1.913358	1.192556	-0.004460	-0.140608	-0.045705	-0.149977	0.131859	0.979857	0.351085	-0.919374	0.177457	0.924255	0.370627	0.091591
15698	9.571729	1.896161	1.081797	-0.022263	-0.147787	-0.045365	-0.148753	0.132765	0.979921	0.350857	-0.919390	0.177825	0.924539	0.370265	0.090180
15699	9.524511	1.817996	0.943747	-0.034965	-0.156107	-0.043922	-0.147475	0.133596	0.980002	0.350887	-0.919320	0.178126	0.924732	0.370139	0.088699
15700	9.601904	1.775248	0.877052	-0.023226	-0.166916	-0.041265	-0.146059	0.134534	0.980085	0.350658	-0.919344	0.178454	0.925044	0.369740	0.087103
15701	9.485096	1.762680	0.815819	-0.005737	-0.185410	-0.029565	-0.144491	0.135350	0.980205	0.350924	-0.919203	0.178656	0.925189	0.369792	0.085319
15702	9.536796	1.694435	0.661685	0.006099	-0.194361	-0.040055	-0.142817	0.136378	0.980308	0.350971	-0.919119	0.178996	0.925431	0.369623	0.083401
15703	9.550554	1.679132	0.587252	0.027468	-0.203869	-0.035774	-0.141186	0.137373	0.980406	0.351240	-0.918949	0.179343	0.925579	0.369678	0.081492
15704	9.602343	1.672139	0.582256	0.049147	-0.216611	-0.036205	-0.139292	0.138448	0.980525	0.351691	-0.918710	0.179680	0.925695	0.369870	0.079278
15705	9.594794	1.658505	0.575199	0.069237	-0.220784	-0.037157	-0.137396	0.139540	0.980638	0.352447	-0.918347	0.180057	0.925691	0.370362	0.076997
15706	9.690459	1.621424	0.556653	0.087167	-0.217639	-0.035829	-0.135492	0.140616	0.980749	0.353252	-0.917967	0.180417	0.925665	0.370897	0.074704
15707	9.683533	1.605579	0.506725	0.104816	-0.218978	-0.036414	-0.133566	0.141653	0.980864	0.354558	-0.917394	0.180768	0.925445	0.371917	0.072308
15708	9.667913	1.574527	0.514201	0.137211	-0.207629	-0.031057	-0.131738	0.142652	0.980967	0.355834	-0.916832	0.181112	0.925217	0.372921	0.070021
15709	9.643520	1.703448	0.582824	0.165780	-0.210231	-0.044586	-0.129953	0.143758	0.981043	0.357562	-0.916063	0.181600	0.924804	0.374383	0.067643
15710	9.663806	1.795566	0.512709	0.182385	-0.196986	-0.051823	-0.128301	0.144912	0.981091	0.359229	-0.915297	0.182171	0.924388	0.375809	0.065377
15711	9.635735	1.869710	0.514434	0.186627	-0.191493	-0.058847	-0.126742	0.146059	0.981123	0.361237	-0.914383	0.182789	0.923820	0.377585	0.063128
15712	9.579874	1.923671	0.517580	0.194703	-0.187506	-0.060190	-0.125211	0.147259	0.981141	0.363008	-0.913550	0.183441	0.923335	0.379131	0.060930
15713	9.587954	1.859137	0.458162	0.201219	-0.188388	-0.058752	-0.123689	0.148417	0.981159	0.365116	-0.912583	0.184072	0.922709	0.381005	0.058687
15714	9.552278	1.827581	0.452802	0.227861	-0.189539	-0.055149	-0.122125	0.149584	0.981178	0.367199	-0.911623	0.184685	0.922090	0.382842	0.056405
15715	9.524238	1.804318	0.305093	0.259961	-0.192346	-0.057600	-0.120548	0.150754	0.981194	0.369894	-0.910403	0.185322	0.921220	0.385278	0.053984
15716	9.515459	1.878802	0.276573	0.290489	-0.196087	-0.054026	-0.118925	0.151944	0.981208	0.372553	-0.909191	0.185946	0.920359	0.387666	0.051519
15717	9.535189	1.890989	0.307522	0.310683	-0.209746	-0.043531	-0.117213	0.153071	0.981239	0.375509	-0.907864	0.186481	0.919377	0.390322	0.048934
15718	9.566525	1.878792	0.239923	0.326172	-0.215098	-0.034574	-0.115349	0.154168	0.981288	0.378515	-0.906526	0.186916	0.918379	0.392993	0.046212
15719	9.637647	1.872765	0.198412	0.347112	-0.226842	-0.028353	-0.113380	0.155278	0.981343	0.381719	-0.905098	0.187316	0.917298	0.395835	0.043348
15720	9.662379	1.848664	0.228604	0.354982	-0.226996	-0.014403	-0.111337	0.156251	0.981422	0.385006	-0.903657	0.187547	0.916174	0.398734	0.040453
15721	9.654937	1.834368	0.215893	0.374128	-0.223850	-0.025291	-0.109375	0.157310	0.981474	0.388652	-0.902024	0.187887	0.914870	0.402002	0.037520
15722	9.645493	1.902642	0.140148	0.381916	-0.198227	-0.042664	-0.107710	0.158435	0.981477	0.392146	-0.900407	0.188384	0.913575	0.405173	0.034853
15723	9.598556	1.980552	0.206835	0.390097	-0.190833	-0.048095	-0.106175	0.159590	0.981457	0.395727	-0.898721	0.188946	0.912210	0.408451	0.032268
15724	9.637188	1.989536	0.165945	0.388723	-0.180923	-0.051732	-0.104712	0.160737	0.981427	0.399264	-0.897035	0.189514	0.910837	0.411693	0.029754
15725	9.629369	1.888966	0.138828	0.387011	-0.165644	-0.051729	-0.103431	0.161841	0.981381	0.402724	-0.895363	0.190100	0.909459	0.414888	0.027432
15726	9.582163	1.873675	0.147246	0.417326	-0.159850	-0.036586	-0.102108	0.162775	0.981366	0.406527	-0.893556	0.190508	0.907915	0.418404	0.025067
15727	9.528776	1.881663	0.068142	0.435567	-0.156570	-0.025647	-0.100751	0.163633	0.981363	0.410533	-0.891656	0.190822	0.906263	0.422107	0.022658
15728	9.455978	2.198338	-0.032914	0.423165	-0.152305	-0.015597	-0.099416	0.164359	0.981378	0.414397	-0.889827	0.191006	0.904650	0.425669	0.020354
15729	9.358645	2.323490	-0.083738	0.363923	-0.172166	-0.002790	-0.097875	0.165075	0.981413	0.417774	-0.888234	0.191066	0.903264	0.428709	0.017972
15730	9.462357	2.159265	-0.260687	0.274865	-0.180774	0.018466	-0.096145	0.165629	0.981490	0.420321	-0.887073	0.190870	0.902268	0.430892	0.015671
15731	9.460048	1.837388	-0.315125	0.264244	-0.220891	0.011157	-0.094063	0.166458	0.981552	0.422825	-0.885907	0.190757	0.901316	0.432968	0.012948
15732	9.481868	1.575065	-0.337449	0.306928	-0.249466	0.025142	-0.091689	0.167260	0.981640	0.425661	-0.884607	0.190485	0.900226	0.435311	0.009913
15733	9.423906	1.389490	-0.356767	0.421398	-0.303162	0.036300	-0.088794	0.168232	0.981740	0.429545	-0.882804	0.190128	0.898669	0.438584	0.006125
15734	9.371728	1.444734	-0.287120	0.515018	-0.363123	0.039695	-0.085342	0.169423	0.981841	0.434250	-0.880592	0.189697	0.896741	0.442554	0.001580
15735	9.596798	1.575614	-0.317914	0.556611	-0.399677	0.048433	-0.081515	0.170745	0.981938	0.439338	-0.878177	0.189174	0.894616	0.446823	-0.003430
15736	9.684656	1.648869	-0.253977	0.591315	-0.411246	0.064232	-0.077535	0.171971	0.982046	0.444719	-0.875622	0.188446	0.892308	0.451345	-0.008587
15737	9.565678	2.164281	-0.110825	0.623714	-0.448221	0.088963	-0.073110	0.173197	0.982170	0.450427	-0.872912	0.187459	0.889815	0.456101	-0.014194
15738	9.957514	1.490158	-0.037290	0.671990	-0.451844	0.012817	-0.069016	0.175100	0.982129	0.456452	-0.869841	0.187156	0.887067	0.461212	-0.019892
15739	9.904480	1.635581	0.087827	0.717284	-0.418208	-0.012593	-0.065330	0.177120	0.982019	0.462868	-0.866463	0.187071	0.884017	0.466766	-0.025376
15740	9.843272	1.760097	0.188316	0.784067	-0.413732	0.015592	-0.061584	0.178871	0.981943	0.469840	-0.862796	0.186634	0.880601	0.472850	-0.030906
15741	9.718116	1.860338	0.309844	0.857457	-0.408812	0.071893	-0.057614	0.180165	0.981948	0.477476	-0.858821	0.185589	0.876754	0.479549	-0.036545
15742	9.914030	1.692293	0.185585	0.904307	-0.400469	0.057648	-0.053809	0.181549	0.981909	0.485462	-0.854545	0.184604	0.872600	0.486613	-0.042153
15743	9.922302	1.930438	0.269702	0.975908	-0.348795	0.027856	-0.050600	0.182988	0.981812	0.494045	-0.849777	0.183841	0.867962	0.494362	-0.047406
15744	9.792555	2.109458	0.218600	0.979121	-0.320744	0.003229	-0.047782	0.184502	0.981670	0.502566	-0.844893	0.183257	0.863218	0.502110	-0.052354
15745	9.621230	2.283215	0.242789	1.062700	-0.321565	-0.006498	-0.045014	0.186148	0.981490	0.511771	-0.839474	0.182685	0.857942	0.510522	-0.057477
15746	9.680315	2.468496	0.256629	0.974285	-0.302482	0.024060	-0.042276	0.187446	0.981365	0.520160	-0.834495	0.181801	0.853022	0.518152	-0.062223
15747	9.648795	2.474424	0.104753	0.881298	-0.278228	0.050512	-0.039613	0.188441	0.981285	0.527742	-0.829964	0.180687	0.848481	0.525023	-0.066571
15748	9.919177	2.395570	-0.035256	0.845917	-0.233351	0.029335	-0.037455	0.189376	0.981190	0.534954	-0.825538	0.179755	0.844051	0.531624	-0.070387
15749	9.897880	2.428933	-0.214289	0.814864	-0.176031	-0.031818	-0.036115	0.190542	0.981014	0.541853	-0.821097	0.179430	0.839697	0.538045	-0.073592
15750	9.548957	2.581199	-0.313799	0.716892	-0.134563	-0.040463	-0.035180	0.191547	0.980853	0.547885	-0.817129	0.179225	0.835813	0.543700	-0.076199
15751	9.475339	2.623864	-0.552572	0.581423	-0.107040	-0.027674	-0.034417	0.192325	0.980728	0.552781	-0.813874	0.179003	0.832616	0.548288	-0.078302
15752	9.608769	2.442247	-0.845990	0.479588	-0.074756	-0.037747	-0.033976	0.192988	0.980613	0.556796	-0.811149	0.178929	0.829954	0.552080	-0.079895
15753	9.615825	2.413209	-0.972179	0.397987	-0.032879	-0.050771	-0.033967	0.193554	0.980501	0.560135	-0.808816	0.179067	0.827705	0.555295	-0.080943
15754	9.590900	2.261923	-1.126345	0.316608	0.005871	-0.053084	-0.034284	0.193896	0.980423	0.562775	-0.806937	0.179266	0.825899	0.557904	-0.081455
15755	9.507673	2.104033	-1.266411	0.255096	0.042420	-0.045444	-0.034869	0.194003	0.980381	0.564926	-0.805388	0.179467	0.824405	0.560100	-0.081514
15756	9.493768	1.895144	-1.231289	0.225394	0.060172	-0.030108	-0.035505	0.193854	0.980388	0.566813	-0.804051	0.179514	0.823081	0.562070	-0.081331
15757	9.420777	1.724388	-1.154904	0.214343	0.071457	-0.019405	-0.036181	0.193588	0.980416	0.568631	-0.802770	0.179496	0.821797	0.563989	-0.081035
15758	9.361681	1.625407	-1.145704	0.239346	0.070877	-0.004768	-0.036760	0.193172	0.980476	0.570635	-0.801394	0.179284	0.820380	0.566085	-0.080772
15759	9.280328	1.609106	-1.087481	0.244322	0.043995	0.013408	-0.037021	0.192798	0.980540	0.572709	-0.799994	0.178922	0.818922	0.568188	-0.080801
15760	9.378412	1.576525	-0.985313	0.253440	0.025892	0.026634	-0.037050	0.192384	0.980620	0.574834	-0.798588	0.178391	0.817431	0.570303	-0.081002
15761	9.300410	1.604729	-1.021515	0.251346	-0.020935	0.034760	-0.036653	0.192209	0.980669	0.576964	-0.797180	0.177810	0.815947	0.572328	-0.081679
15762	9.331104	1.676442	-0.968122	0.275115	-0.058936	0.035734	-0.035936	0.192209	0.980696	0.579260	-0.795656	0.177169	0.814350	0.574444	-0.082747
15763	9.416382	1.741187	-0.967983	0.286361	-0.117910	0.038435	-0.034727	0.192566	0.980669	0.581672	-0.794040	0.176517	0.812682	0.576558	-0.084435
15764	9.409090	1.767113	-0.936606	0.287440	-0.163797	0.045941	-0.033099	0.193095	0.980622	0.584062	-0.792453	0.175756	0.811034	0.578561	-0.086550
15765	9.385776	1.831809	-1.068734	0.267707	-0.189127	0.046672	-0.031267	0.193806	0.980542	0.586313	-0.790950	0.175029	0.809481	0.580376	-0.088900
15766	9.301157	1.889873	-1.135892	0.235818	-0.234028	0.062798	-0.028974	0.194616	0.980451	0.588279	-0.789687	0.174135	0.808139	0.581824	-0.091608
15767	9.281082	1.965420	-1.234519	0.193553	-0.273825	0.076689	-0.026284	0.195593	0.980333	0.589931	-0.788666	0.173169	0.807026	0.582880	-0.094657
15768	9.290428	2.012649	-1.494355	0.131610	-0.309350	0.078189	-0.023296	0.196727	0.980181	0.591052	-0.788036	0.172210	0.806297	0.583350	-0.097918
15769	9.313865	2.006831	-1.752583	0.016569	-0.292160	0.106301	-0.020284	0.197585	0.980076	0.591281	-0.788102	0.171120	0.806210	0.582971	-0.100842
15770	9.592339	1.724459	-1.897681	-0.189622	-0.242243	0.133987	-0.017508	0.197885	0.980069	0.589816	-0.789455	0.169935	0.807348	0.581036	-0.102894
15771	9.533772	1.385570	-1.434511	0.096208	-0.346843	0.119581	-0.013974	0.198954	0.979909	0.590687	-0.789083	0.168633	0.806780	0.581176	-0.106493
15772	8.946294	1.926682	-1.635528	-0.072397	-0.266411	0.203576	-0.010590	0.198841	0.979975	0.590167	-0.789893	0.166650	0.807212	0.580114	-0.108984
15773	9.770050	1.248218	-1.819330	-0.206110	-0.390183	0.191705	-0.006278	0.199583	0.979861	0.588596	-0.791416	0.164971	0.808403	0.577778	-0.112506
15774	10.039462	1.655384	-1.377768	-0.389354	-0.224852	0.198002	-0.003264	0.199256	0.979942	0.585493	-0.794038	0.163406	0.810671	0.574282	-0.114071
15775	9.952037	1.528442	-1.244633	-0.532038	-0.047368	0.158326	-0.001924	0.198268	0.980146	0.581256	-0.797344	0.162430	0.813719	0.570028	-0.113710
15776	9.798007	1.124616	-0.800939	-0.203589	-0.125214	0.091876	-0.000340	0.198194	0.980163	0.579638	-0.798670	0.161696	0.814874	0.568195	-0.114609
15777	9.775479	1.540364	-0.427265	0.064845	-0.232078	0.071714	0.001999	0.198937	0.980010	0.580244	-0.798394	0.160886	0.814440	0.568324	-0.117028
15778	9.820541	1.422086	-0.360969	0.120111	-0.209944	0.040452	0.003973	0.199755	0.979838	0.581260	-0.797776	0.160282	0.813708	0.568903	-0.119279
15779	9.850474	1.528371	-0.093355	0.163829	-0.187631	0.018487	0.005637	0.200667	0.979643	0.582664	-0.796834	0.159868	0.812694	0.569902	-0.121414
15780	9.900300	1.552354	0.186881	0.185689	-0.135039	-0.004257	0.006740	0.201419	0.979482	0.584211	-0.795751	0.159617	0.811574	0.571148	-0.123034
15781	9.968191	1.663716	0.381092	0.223461	-0.093776	-0.022328	0.007396	0.202117	0.979333	0.586090	-0.794387	0.159521	0.810212	0.572798	-0.124334
15782	9.948141	1.707449	0.450324	0.255266	-0.035858	-0.033856	0.007519	0.202539	0.979245	0.588198	-0.792839	0.159468	0.808682	0.574791	-0.125094
15783	9.928243	1.798087	0.433783	0.320211	0.012842	-0.048517	0.007152	0.202824	0.979189	0.590845	-0.790862	0.159500	0.806754	0.577408	-0.125493
15784	9.716049	1.925653	0.272040	0.331917	0.061187	-0.056603	0.006355	0.202865	0.979186	0.593561	-0.788810	0.159571	0.804764	0.580193	-0.125425
15785	9.599607	2.056090	0.081973	0.337444	0.081512	-0.055306	0.005388	0.202794	0.979207	0.596326	-0.786707	0.159647	0.802724	0.583066	-0.125170
15786	9.608354	2.081073	-0.256046	0.317982	0.086128	-0.043053	0.004472	0.202577	0.979256	0.598916	-0.784746	0.159604	0.800799	0.585778	-0.124836
15787	9.550222	2.162177	-0.603540	0.285184	0.103687	-0.015215	0.003564	0.202053	0.979368	0.601243	-0.783015	0.159356	0.799059	0.588270	-0.124273
15788	9.544247	2.138801	-0.997763	0.273996	0.107470	0.006419	0.002776	0.201317	0.979522	0.603468	-0.781397	0.158887	0.797383	0.590669	-0.123658
15789	9.483336	1.980682	-1.427859	0.240925	0.104011	0.040169	0.002201	0.200355	0.979721	0.605431	-0.780026	0.158157	0.795895	0.592805	-0.123018
15790	9.292593	1.909790	-1.691595	0.256630	0.077504	0.080040	0.002102	0.199219	0.979953	0.607508	-0.778645	0.156991	0.794311	0.594999	-0.122664
15791	9.176815	1.830457	-1.941062	0.221318	-0.025144	0.177690	0.003393	0.197958	0.980205	0.609308	-0.777649	0.154941	0.792927	0.596720	-0.123256
15792	9.235689	1.536753	-2.333406	0.208667	-0.154269	0.276066	0.006332	0.196682	0.980447	0.610986	-0.776930	0.151910	0.791616	0.598077	-0.125090
15793	9.365448	1.232946	-2.772057	0.259360	-0.180443	0.263832	0.009387	0.195692	0.980620	0.613069	-0.775859	0.148962	0.789973	0.599790	-0.127256
15794	9.019596	0.980558	-2.874151	0.263199	-0.228184	0.263879	0.012841	0.194965	0.980726	0.615155	-0.774776	0.145969	0.788302	0.601424	-0.129882
15795	9.127401	1.491269	-3.135304	0.348152	-0.343700	0.232390	0.016998	0.195223	0.980612	0.617921	-0.773090	0.143198	0.786056	0.603507	-0.133773
15796	9.030899	0.765913	-2.963571	0.168151	-0.424847	0.291019	0.022168	0.195487	0.980456	0.619222	-0.772626	0.140049	0.784903	0.604015	-0.138177
15797	9.411711	0.427980	-3.340912	0.395073	-0.537495	0.234393	0.027859	0.196924	0.980023	0.622327	-0.770646	0.137162	0.782261	0.606074	-0.144021
15798	9.447491	0.964863	-3.052682	0.439981	-0.517037	0.191572	0.033125	0.198539	0.979533	0.625740	-0.768336	0.134571	0.779328	0.608476	-0.149685
15799	9.313460	1.003208	-2.870361	0.412748	-0.600398	0.218258	0.039196	0.200524	0.978904	0.628946	-0.766201	0.131769	0.776460	0.610514	-0.156151
15800	9.438480	1.110175	-2.905103	0.392871	-0.641479	0.222482	0.045604	0.202693	0.978180	0.631932	-0.764230	0.128897	0.773681	0.612265	-0.162940
15801	9.406760	1.202347	-2.678731	0.361804	-0.678306	0.221202	0.052280	0.205169	0.977329	0.634698	-0.762403	0.126098	0.770990	0.613716	-0.170079
15802	9.538932	1.439226	-2.482773	0.307214	-0.716010	0.206569	0.059139	0.207942	0.976352	0.636982	-0.760925	0.123478	0.768607	0.614616	-0.177456
15803	9.767173	1.548921	-2.226771	0.226804	-0.704669	0.190051	0.065798	0.210842	0.975303	0.638687	-0.759865	0.121180	0.766649	0.614940	-0.184660
15804	9.922414	1.651065	-1.826059	0.153413	-0.683084	0.169273	0.072147	0.213706	0.974230	0.639778	-0.759264	0.119173	0.765166	0.614693	-0.191503
