// General information: 
//  MT Manager version: 2022.2.0 
//  XDA version: 2022.2.0 build 7381 rev 124627 built on 2023-07-19
// Device information: 
//  DeviceId: 00B4CB9F
//  ProductCode: MTW2-3A7G6
//  Firmware Version: 4.6.0
//  Hardware Version: 2.0.0
// Device settings: 
//  Filter Profile: human(46.1)
//  Option Flags: Orientation Smoother Disabled, Position/Velocity Smoother Disabled, Continuous Zero Rotation Update Disabled, AHS Disabled, ICC Disabled
// Coordinate system: ENU
PacketCounter	Acc_X	Acc_Y	Acc_Z	Gyr_X	Gyr_Y	Gyr_Z	Mat[1][1]	Mat[2][1]	Mat[3][1]	Mat[1][2]	Mat[2][2]	Mat[3][2]	Mat[1][3]	Mat[2][3]	Mat[3][3]
47875	9.686301	1.423758	0.022302	-0.039625	0.026370	-0.009437	0.072269	-0.132584	0.988534	-0.460187	0.874889	0.150985	-0.884876	-0.465822	0.002214
47876	9.710509	1.425180	0.027443	-0.039782	0.027482	-0.006215	0.072479	-0.132465	0.988534	-0.459902	0.875041	0.150976	-0.885007	-0.465571	0.002501
47877	9.682110	1.426076	0.076979	-0.037227	0.019948	-0.007114	0.072633	-0.132420	0.988529	-0.459603	0.875193	0.151007	-0.885150	-0.465299	0.002707
47878	9.704316	1.427923	0.105997	-0.035360	0.025363	-0.008173	0.072809	-0.132334	0.988527	-0.459261	0.875371	0.151012	-0.885312	-0.464987	0.002959
47879	9.701549	1.453472	0.132419	-0.034995	0.017819	-0.007004	0.072944	-0.132298	0.988522	-0.458982	0.875512	0.151042	-0.885446	-0.464731	0.003141
47880	9.702699	1.405304	0.135950	-0.033214	0.024324	-0.006994	0.073212	-0.132234	0.988511	-0.458552	0.875726	0.151109	-0.885647	-0.464347	0.003478
47881	9.675590	1.430145	0.160477	-0.035155	0.021047	-0.008123	0.073381	-0.132193	0.988504	-0.458271	0.875866	0.151149	-0.885778	-0.464094	0.003692
47882	9.676077	1.406516	0.163493	-0.026646	0.022236	-0.008864	0.073530	-0.132140	0.988500	-0.457896	0.876059	0.151170	-0.885960	-0.463745	0.003910
47883	9.676562	1.382924	0.166466	-0.022379	0.022296	-0.008689	0.073712	-0.132098	0.988492	-0.457727	0.876139	0.151216	-0.886032	-0.463606	0.004117
47884	9.673707	1.408702	0.192960	-0.024607	0.025475	-0.012050	0.073900	-0.132053	0.988484	-0.457398	0.876303	0.151262	-0.886186	-0.463309	0.004358
47885	9.699853	1.409991	0.173544	-0.020518	0.027712	-0.009740	0.074135	-0.131995	0.988474	-0.457244	0.876373	0.151318	-0.886246	-0.463192	0.004616
47886	9.673277	1.410823	0.198924	-0.020521	0.029834	-0.014080	0.074420	-0.131913	0.988464	-0.457311	0.876328	0.151379	-0.886187	-0.463301	0.004891
47887	9.702122	1.387382	0.155900	-0.022759	0.028770	-0.008764	0.074660	-0.131842	0.988455	-0.457139	0.876410	0.151426	-0.886256	-0.463167	0.005163
47888	9.703320	1.412410	0.134205	-0.018369	0.028795	-0.012900	0.075012	-0.131770	0.988438	-0.457213	0.876354	0.151525	-0.886188	-0.463293	0.005490
47889	9.678766	1.413046	0.135118	-0.020332	0.026589	-0.015124	0.075261	-0.131764	0.988420	-0.457057	0.876416	0.151635	-0.886247	-0.463177	0.005736
47890	9.685459	1.461683	0.039368	-0.009261	0.019197	-0.013514	0.075443	-0.131741	0.988409	-0.457090	0.876388	0.151699	-0.886215	-0.463236	0.005899
47891	9.683855	1.438963	0.066005	-0.007006	0.017070	-0.013401	0.075600	-0.131765	0.988394	-0.457054	0.876391	0.151792	-0.886220	-0.463225	0.006032
47892	9.686420	1.415313	0.043597	-0.004661	0.011731	-0.010017	0.075626	-0.131729	0.988397	-0.457171	0.876333	0.151773	-0.886158	-0.463344	0.006051
47893	9.710596	1.416944	0.046839	-0.008909	0.010599	-0.009107	0.075706	-0.131744	0.988389	-0.457121	0.876350	0.151824	-0.886177	-0.463307	0.006122
47894	9.710450	1.417910	0.047925	0.001841	0.010737	-0.010812	0.075781	-0.131736	0.988384	-0.457238	0.876285	0.151852	-0.886110	-0.463434	0.006171
47895	9.683890	1.418671	0.071022	0.004191	0.007522	-0.011765	0.075846	-0.131789	0.988372	-0.457302	0.876238	0.151930	-0.886071	-0.463508	0.006192
47896	9.706704	1.469119	0.072679	0.004309	0.003240	-0.007404	0.075791	-0.131774	0.988378	-0.457475	0.876154	0.151892	-0.885987	-0.463670	0.006121
47897	9.703834	1.494569	0.096974	0.004096	0.006486	-0.006360	0.075822	-0.131784	0.988374	-0.457543	0.876114	0.151916	-0.885949	-0.463742	0.006132
47898	9.677298	1.495066	0.119923	-0.000179	0.008547	-0.010880	0.075829	-0.131796	0.988372	-0.457485	0.876142	0.151929	-0.885978	-0.463686	0.006142
47899	9.701462	1.496693	0.122926	-0.006746	0.009557	-0.007929	0.075894	-0.131806	0.988366	-0.457456	0.876151	0.151968	-0.885988	-0.463667	0.006199
47900	9.675615	1.472704	0.146726	-0.004731	0.011747	-0.007861	0.075925	-0.131764	0.988369	-0.457488	0.876138	0.151945	-0.885969	-0.463703	0.006240
47901	9.650475	1.497174	0.145110	0.002018	0.006438	-0.008608	0.075966	-0.131794	0.988362	-0.457535	0.876105	0.151991	-0.885941	-0.463757	0.006253
47902	9.675310	1.474552	0.148259	-0.004274	0.006309	-0.013197	0.076022	-0.131835	0.988352	-0.457541	0.876091	0.152054	-0.885933	-0.463771	0.006283
47903	9.653592	1.450260	0.122988	-0.000091	0.007460	-0.011947	0.076088	-0.131890	0.988340	-0.457568	0.876064	0.152133	-0.885913	-0.463808	0.006309
47904	9.681234	1.475694	0.076613	-0.000031	0.005319	-0.009766	0.076141	-0.131907	0.988333	-0.457621	0.876028	0.152173	-0.885881	-0.463869	0.006338
47905	9.709597	1.476616	0.030530	0.006383	0.005416	-0.009492	0.076176	-0.131950	0.988325	-0.457707	0.875974	0.152228	-0.885834	-0.463960	0.006334
47906	9.710907	1.428434	0.031868	0.001922	0.005402	-0.003203	0.076168	-0.131888	0.988334	-0.457931	0.875867	0.152171	-0.885719	-0.464179	0.006318
47907	9.710869	1.428687	0.032193	0.004214	0.002206	-0.001998	0.076141	-0.131880	0.988337	-0.458003	0.875833	0.152152	-0.885684	-0.464247	0.006286
47908	9.690714	1.427475	-0.018952	0.011304	-0.008505	-0.003763	0.076037	-0.131910	0.988341	-0.458143	0.875763	0.152131	-0.885620	-0.464369	0.006157
47909	9.715675	1.404189	-0.017687	0.005258	-0.015077	-0.003968	0.075866	-0.131999	0.988342	-0.458223	0.875721	0.152132	-0.885594	-0.464423	0.005952
47910	9.690583	1.428322	-0.021791	0.011730	-0.014997	-0.005851	0.075651	-0.132065	0.988350	-0.458392	0.875640	0.152091	-0.885525	-0.464557	0.005706
47911	9.683511	1.454512	0.048926	-0.000760	-0.020596	-0.007418	0.075447	-0.132210	0.988346	-0.458416	0.875621	0.152125	-0.885529	-0.464551	0.005456
47912	9.706290	1.504883	0.048138	-0.002840	-0.020646	-0.009667	0.075217	-0.132336	0.988347	-0.458477	0.875589	0.152130	-0.885517	-0.464577	0.005186
47913	9.704776	1.481879	0.070989	-0.017716	-0.021963	-0.011369	0.075018	-0.132522	0.988337	-0.458348	0.875643	0.152202	-0.885601	-0.464421	0.004948
47914	9.701898	1.434977	0.118811	-0.020012	-0.018767	-0.012574	0.074827	-0.132681	0.988330	-0.458125	0.875751	0.152253	-0.885732	-0.464172	0.004746
47915	9.675338	1.435898	0.139662	-0.022218	-0.016659	-0.014845	0.074692	-0.132873	0.988315	-0.457954	0.875822	0.152359	-0.885833	-0.463983	0.004567
47916	9.675896	1.412734	0.138783	-0.011680	-0.015389	-0.011169	0.074571	-0.133014	0.988305	-0.457788	0.875897	0.152427	-0.885928	-0.463801	0.004425
47917	9.647321	1.413752	0.184095	-0.001111	-0.013065	-0.010742	0.074449	-0.133153	0.988295	-0.457807	0.875876	0.152493	-0.885929	-0.463801	0.004250
47918	9.670764	1.440056	0.184498	-0.005331	-0.013148	-0.013079	0.074338	-0.133276	0.988287	-0.457872	0.875832	0.152551	-0.885905	-0.463849	0.004085
47919	9.642811	1.489441	0.204464	-0.003035	-0.018469	-0.007539	0.074153	-0.133412	0.988283	-0.457876	0.875824	0.152586	-0.885918	-0.463825	0.003859
47920	9.644755	1.490004	0.178463	0.003373	-0.016243	-0.011609	0.074050	-0.133549	0.988272	-0.457964	0.875765	0.152660	-0.885881	-0.463897	0.003690
47921	9.668952	1.491791	0.178461	0.003801	-0.024858	-0.009361	0.073817	-0.133731	0.988265	-0.458027	0.875723	0.152714	-0.885868	-0.463925	0.003391
47922	9.669590	1.468348	0.176331	0.010303	-0.025844	-0.010162	0.073508	-0.133880	0.988268	-0.458185	0.875642	0.152703	-0.885812	-0.464034	0.003025
47923	9.646487	1.492451	0.146749	0.010396	-0.029056	-0.006891	0.073227	-0.134059	0.988264	-0.458309	0.875572	0.152731	-0.885771	-0.464114	0.002675
47924	9.622124	1.492289	0.141354	0.019340	-0.036465	-0.005380	0.072794	-0.134252	0.988270	-0.458220	0.875624	0.152702	-0.885853	-0.463961	0.002223
47925	9.620826	1.468799	0.162174	0.025866	-0.038520	-0.005093	0.072421	-0.134460	0.988269	-0.458482	0.875485	0.152713	-0.885748	-0.464163	0.001756
47926	9.692304	1.520360	0.162883	0.024024	-0.045011	-0.002955	0.071886	-0.134636	0.988284	-0.458710	0.875381	0.152620	-0.885674	-0.464307	0.001168
47927	9.638966	1.544242	0.202245	0.024163	-0.048239	-0.001842	0.071411	-0.134860	0.988288	-0.458959	0.875254	0.152599	-0.885583	-0.464481	0.000607
47928	9.641038	1.543973	0.172608	0.020178	-0.054763	0.000212	0.070819	-0.135066	0.988302	-0.459117	0.875188	0.152506	-0.885548	-0.464547	-0.000031
47929	9.639146	1.544485	0.191528	0.024252	-0.050396	-0.001821	0.070325	-0.135300	0.988306	-0.459367	0.875060	0.152484	-0.885458	-0.464718	-0.000614
47930	9.641476	1.471404	0.187464	0.026556	-0.054659	0.000468	0.069768	-0.135532	0.988313	-0.459399	0.875053	0.152430	-0.885486	-0.464665	-0.001212
47931	9.613844	1.519676	0.203321	0.026400	-0.053552	0.003692	0.069221	-0.135732	0.988324	-0.459671	0.874923	0.152353	-0.885387	-0.464850	-0.001829
47932	9.615527	1.470416	0.198631	0.032772	-0.054500	0.007193	0.068631	-0.135888	0.988344	-0.459894	0.874830	0.152216	-0.885318	-0.464980	-0.002453
47933	9.615011	1.494076	0.192473	0.041128	-0.052185	0.009659	0.068069	-0.136030	0.988363	-0.460301	0.874640	0.152079	-0.885150	-0.465296	-0.003079
47934	9.614090	1.469311	0.211396	0.043556	-0.057555	0.008725	0.067337	-0.136172	0.988394	-0.460564	0.874539	0.151863	-0.885069	-0.465445	-0.003827
47935	9.614749	1.516953	0.179465	0.050362	-0.065015	0.007980	0.066669	-0.136389	0.988410	-0.461051	0.874304	0.151742	-0.884866	-0.465823	-0.004593
47936	9.634854	1.542260	0.222242	0.052641	-0.069275	0.010269	0.065957	-0.136606	0.988427	-0.461316	0.874188	0.151601	-0.884781	-0.465976	-0.005360
47937	9.591691	1.490044	0.163409	0.052636	-0.070342	0.011359	0.065226	-0.136819	0.988446	-0.461824	0.873947	0.151445	-0.884570	-0.466367	-0.006182
47938	9.640648	1.490568	0.159137	0.063601	-0.076646	0.011838	0.064347	-0.136993	0.988480	-0.462570	0.873597	0.151183	-0.884245	-0.466969	-0.007155
47939	9.643488	1.464667	0.126909	0.072162	-0.077599	0.011087	0.063553	-0.137243	0.988497	-0.463251	0.873264	0.151027	-0.883946	-0.467520	-0.008079
47940	9.613319	1.488667	0.188801	0.076496	-0.081800	0.015612	0.062654	-0.137433	0.988528	-0.463987	0.872918	0.150768	-0.883624	-0.468110	-0.009075
47941	9.636273	1.488563	0.205762	0.074443	-0.085057	0.016654	0.061769	-0.137670	0.988550	-0.464690	0.872580	0.150555	-0.883316	-0.468669	-0.010076
47942	9.633217	1.488015	0.244822	0.076741	-0.091445	0.021131	0.060779	-0.137877	0.988583	-0.465292	0.872309	0.150267	-0.883068	-0.469112	-0.011135
47943	9.611859	1.460381	0.209794	0.078403	-0.083846	0.022176	0.059879	-0.138062	0.988612	-0.466033	0.871960	0.149998	-0.882739	-0.469707	-0.012130
47944	9.589037	1.481340	0.173649	0.084890	-0.088034	0.024616	0.058929	-0.138227	0.988646	-0.466726	0.871643	0.149688	-0.882437	-0.470247	-0.013149
47945	9.612207	1.480485	0.189797	0.095558	-0.090026	0.025011	0.057962	-0.138417	0.988677	-0.467618	0.871216	0.149386	-0.882028	-0.470982	-0.014229
47946	9.591056	1.500509	0.128585	0.095531	-0.092153	0.027197	0.056908	-0.138556	0.988718	-0.468515	0.870801	0.148997	-0.881621	-0.471708	-0.015360
47947	9.637692	1.476338	0.170778	0.095603	-0.096437	0.029418	0.055863	-0.138739	0.988752	-0.469409	0.870378	0.148650	-0.881212	-0.472433	-0.016504
47948	9.573379	1.467829	0.033244	0.097823	-0.101751	0.032807	0.054666	-0.138880	0.988799	-0.470199	0.870030	0.148194	-0.880866	-0.473034	-0.017741
47949	9.646941	1.466935	0.026194	0.102532	-0.113568	0.032056	0.053458	-0.139124	0.988831	-0.471154	0.869577	0.147816	-0.880429	-0.473794	-0.019063
47950	9.630734	1.411093	-0.084371	0.111437	-0.127381	0.037954	0.052003	-0.139331	0.988879	-0.472157	0.869123	0.147288	-0.879979	-0.474566	-0.020589
47951	9.687353	1.356692	-0.191512	0.124391	-0.136849	0.041752	0.050545	-0.139603	0.988917	-0.473308	0.868578	0.146806	-0.879446	-0.475482	-0.022173
47952	9.641070	1.325753	-0.233711	0.135471	-0.151794	0.042340	0.048958	-0.139907	0.988954	-0.474619	0.867950	0.146285	-0.878829	-0.476538	-0.023909
47953	9.660740	1.396883	-0.203929	0.151158	-0.176405	0.042155	0.047151	-0.140367	0.988976	-0.476001	0.867276	0.145788	-0.878180	-0.477628	-0.025922
47954	9.682620	1.442820	-0.199599	0.153360	-0.185001	0.042371	0.045246	-0.140850	0.988997	-0.477233	0.866687	0.145264	-0.877611	-0.478555	-0.028004
47955	9.657832	1.462099	-0.222723	0.149442	-0.200157	0.042541	0.043229	-0.141424	0.989005	-0.478598	0.866019	0.144758	-0.876969	-0.479593	-0.030248
47956	9.655953	1.435212	-0.194983	0.147409	-0.209911	0.041592	0.041132	-0.142031	0.989007	-0.479894	0.865388	0.144237	-0.876362	-0.480552	-0.032565
47957	9.681113	1.455061	-0.242084	0.139144	-0.223009	0.039478	0.038931	-0.142747	0.988993	-0.481163	0.864763	0.143757	-0.875766	-0.481464	-0.035019
47958	9.655510	1.403691	-0.216029	0.128326	-0.224294	0.035990	0.036701	-0.143450	0.988977	-0.482499	0.864104	0.143243	-0.875127	-0.482438	-0.037501
47959	9.679911	1.400296	-0.238835	0.130384	-0.233853	0.041639	0.034397	-0.144204	0.988950	-0.483689	0.863522	0.142738	-0.874564	-0.483254	-0.040047
47960	9.678318	1.373627	-0.213642	0.128044	-0.238144	0.043836	0.031953	-0.144934	0.988925	-0.484513	0.863156	0.142157	-0.874201	-0.483689	-0.042642
47961	9.725073	1.372634	-0.187683	0.133987	-0.237005	0.042854	0.029616	-0.145697	0.988886	-0.485730	0.862558	0.141631	-0.873607	-0.484527	-0.045224
47962	9.773576	1.346114	-0.184909	0.133474	-0.232637	0.044895	0.027198	-0.146356	0.988858	-0.486964	0.861971	0.140969	-0.872999	-0.485372	-0.047826
47963	9.699054	1.365295	-0.188680	0.139266	-0.226136	0.042685	0.024958	-0.147071	0.988811	-0.488224	0.861345	0.140436	-0.872362	-0.486266	-0.050306
47964	9.696397	1.482686	-0.218729	0.149405	-0.224897	0.043912	0.022624	-0.147718	0.988771	-0.489500	0.860726	0.139789	-0.871710	-0.487166	-0.052835
47965	9.670207	1.527594	-0.221654	0.155313	-0.222716	0.041793	0.020421	-0.148429	0.988712	-0.490896	0.860018	0.139248	-0.870979	-0.488198	-0.055301
47966	9.695747	1.545303	-0.294312	0.156727	-0.210685	0.046891	0.018193	-0.148968	0.988675	-0.492422	0.859261	0.138531	-0.870166	-0.489366	-0.057722
47967	9.695152	1.541460	-0.292535	0.158346	-0.205179	0.050000	0.016104	-0.149529	0.988626	-0.493841	0.858548	0.137899	-0.869403	-0.490445	-0.060018
47968	9.672136	1.509663	-0.337563	0.149210	-0.187901	0.053707	0.014028	-0.149909	0.988600	-0.495151	0.857919	0.137119	-0.868694	-0.491430	-0.062192
47969	9.696809	1.527385	-0.383002	0.159286	-0.182358	0.054752	0.012115	-0.150321	0.988563	-0.496574	0.857205	0.136433	-0.867910	-0.492547	-0.064261
47970	9.698535	1.471115	-0.424297	0.160972	-0.176847	0.057845	0.010153	-0.150638	0.988537	-0.497796	0.856620	0.135649	-0.867234	-0.493467	-0.066289
47971	9.726186	1.410199	-0.537310	0.173024	-0.165667	0.066271	0.008328	-0.150874	0.988518	-0.499335	0.855853	0.134833	-0.866369	-0.494725	-0.068209
47972	9.776519	1.353087	-0.576314	0.189462	-0.165222	0.075055	0.006344	-0.150960	0.988520	-0.501086	0.854994	0.133784	-0.865374	-0.496182	-0.070220
47973	9.778392	1.360690	-0.718117	0.211973	-0.156154	0.081445	0.004526	-0.151025	0.988520	-0.502956	0.854051	0.132784	-0.864300	-0.497783	-0.072094
47974	9.802338	1.375924	-0.737529	0.219950	-0.154959	0.082548	0.002574	-0.151010	0.988529	-0.504665	0.853218	0.131654	-0.863312	-0.499215	-0.074013
47975	9.778758	1.339458	-0.778328	0.217382	-0.147247	0.087660	0.000802	-0.150984	0.988536	-0.506574	0.852251	0.130579	-0.862196	-0.500871	-0.075801
47976	9.755057	1.325166	-0.844303	0.216934	-0.140702	0.089581	-0.001001	-0.150858	0.988555	-0.508404	0.851340	0.129403	-0.861118	-0.502456	-0.077549
47977	9.779656	1.269932	-0.807973	0.210256	-0.134287	0.089304	-0.002671	-0.150759	0.988567	-0.510244	0.850404	0.128310	-0.860026	-0.504068	-0.079195
47978	9.805623	1.162236	-0.815762	0.214005	-0.126505	0.094429	-0.004426	-0.150505	0.988599	-0.512123	0.849467	0.127031	-0.858901	-0.505722	-0.080837
47979	9.881131	1.026589	-0.868890	0.230217	-0.118708	0.097442	-0.006004	-0.150265	0.988628	-0.514125	0.848434	0.125834	-0.857694	-0.507523	-0.082349
47980	9.857837	0.919134	-0.850234	0.248374	-0.102362	0.097946	-0.007527	-0.149878	0.988676	-0.516324	0.847293	0.124514	-0.856360	-0.509540	-0.083764
47981	9.810076	0.874106	-0.957846	0.270717	-0.093499	0.099820	-0.008904	-0.149496	0.988722	-0.518664	0.846047	0.123253	-0.854932	-0.511717	-0.085071
47982	9.811379	0.802323	-1.086706	0.303375	-0.088893	0.101882	-0.010446	-0.148976	0.988786	-0.521051	0.844794	0.121776	-0.853462	-0.513935	-0.086449
47983	9.885310	0.756046	-1.192344	0.335899	-0.080642	0.113482	-0.011787	-0.148419	0.988854	-0.523933	0.843219	0.120315	-0.851678	-0.516675	-0.087701
47984	9.836326	0.781366	-1.280203	0.366221	-0.073431	0.126178	-0.013275	-0.147636	0.988953	-0.526835	0.841656	0.118575	-0.849864	-0.519441	-0.088953
47985	9.908930	0.841551	-1.248376	0.384057	-0.069351	0.142215	-0.014675	-0.146788	0.989059	-0.530106	0.839851	0.116778	-0.847804	-0.522593	-0.090138
47986	9.884191	0.902198	-1.192971	0.393566	-0.068890	0.150844	-0.016251	-0.145781	0.989183	-0.533351	0.838075	0.114749	-0.845738	-0.525717	-0.091372
47987	9.859139	1.065125	-1.100201	0.396881	-0.078633	0.150263	-0.017779	-0.144924	0.989283	-0.536708	0.836187	0.112851	-0.843581	-0.528950	-0.092649
47988	9.810631	1.126834	-1.047419	0.383760	-0.083316	0.144020	-0.019466	-0.144065	0.989377	-0.539547	0.834618	0.110914	-0.841730	-0.531656	-0.093977
47989	9.811143	1.192682	-0.971215	0.368667	-0.089023	0.138929	-0.021027	-0.143368	0.989446	-0.542648	0.832839	0.109144	-0.839697	-0.534626	-0.095311
47990	9.787669	1.189862	-0.862350	0.341394	-0.078520	0.134018	-0.022587	-0.142584	0.989525	-0.545198	0.831405	0.107355	-0.838003	-0.537062	-0.096515
47991	9.788837	1.188776	-0.751931	0.314274	-0.062811	0.125554	-0.023860	-0.141866	0.989598	-0.547829	0.829878	0.105760	-0.836250	-0.539607	-0.097519
47992	9.814462	1.158965	-0.685429	0.291372	-0.050008	0.122648	-0.025160	-0.141012	0.989688	-0.549884	0.828729	0.104099	-0.834862	-0.541594	-0.098391
47993	9.961852	1.047913	-0.680587	0.276749	-0.023269	0.117777	-0.026064	-0.140150	0.989787	-0.552191	0.827379	0.102613	-0.833310	-0.543877	-0.098955
47994	9.865132	0.940867	-0.647139	0.254099	0.009344	0.120081	-0.026819	-0.139005	0.989929	-0.554279	0.826181	0.100995	-0.831899	-0.545988	-0.099204
47995	9.768623	0.906725	-0.621208	0.245610	0.003040	0.122664	-0.027536	-0.137963	0.990055	-0.556317	0.824993	0.099489	-0.830514	-0.548044	-0.099468
47996	9.769012	0.807682	-0.709504	0.229115	0.017296	0.125001	-0.028287	-0.136726	0.990205	-0.558053	0.824017	0.097837	-0.829323	-0.549819	-0.099610
47997	9.745855	0.814510	-0.736951	0.236911	0.019996	0.133460	-0.028930	-0.135505	0.990354	-0.560007	0.822880	0.096232	-0.827983	-0.551821	-0.099689
47998	9.698367	0.834945	-0.839985	0.250764	0.025686	0.138462	-0.029638	-0.134130	0.990520	-0.562193	0.821597	0.094433	-0.826475	-0.554065	-0.099758
47999	9.651789	0.899360	-0.801381	0.256471	0.024358	0.135303	-0.030261	-0.132872	0.990671	-0.564300	0.820339	0.092789	-0.825015	-0.556227	-0.099804
48000	9.630166	0.991372	-0.742553	0.252049	0.024685	0.139614	-0.031076	-0.131440	0.990837	-0.566102	0.819305	0.090931	-0.823749	-0.558089	-0.099869
48001	9.583883	1.066785	-0.805535	0.263770	0.014076	0.128464	-0.031751	-0.130298	0.990966	-0.568261	0.817983	0.089346	-0.822236	-0.560291	-0.100015
48002	9.781237	1.084583	-0.738299	0.247297	0.014032	0.126327	-0.032523	-0.129083	0.991100	-0.570074	0.816900	0.087688	-0.820949	-0.562149	-0.100155
48003	9.758128	1.050365	-0.709948	0.213020	0.047886	0.127101	-0.032918	-0.127764	0.991258	-0.571809	0.815849	0.086167	-0.819726	-0.563974	-0.099913
48004	9.709741	0.970653	-0.821164	0.188524	0.037327	0.127924	-0.033498	-0.126414	0.991412	-0.573293	0.814977	0.084546	-0.818665	-0.565538	-0.099772
48005	9.781747	0.808490	-0.970336	0.174056	0.021562	0.132389	-0.034144	-0.125202	0.991544	-0.574701	0.814143	0.083011	-0.817651	-0.567007	-0.099751
48006	9.830568	0.729348	-1.058977	0.173729	0.013291	0.137359	-0.034960	-0.123915	0.991677	-0.576105	0.813320	0.081319	-0.816627	-0.568468	-0.099821
48007	9.831683	0.713670	-1.059305	0.181416	0.006103	0.143328	-0.035799	-0.122704	0.991797	-0.577563	0.812449	0.079668	-0.815560	-0.569974	-0.099954
48008	9.833290	0.725642	-1.040593	0.183012	-0.011295	0.142539	-0.036925	-0.121473	0.991908	-0.579041	0.811575	0.077833	-0.814462	-0.571481	-0.100305
48009	9.883005	0.712794	-1.019618	0.166632	-0.026680	0.137292	-0.038001	-0.120501	0.991986	-0.580374	0.810772	0.076255	-0.813463	-0.572825	-0.100745
48010	9.930879	0.636535	-1.088658	0.162266	-0.043194	0.133220	-0.039291	-0.119557	0.992050	-0.581710	0.809970	0.074574	-0.812447	-0.574155	-0.101372
48011	9.930584	0.597323	-1.090303	0.161957	-0.049467	0.135900	-0.040548	-0.118730	0.992098	-0.582999	0.809186	0.073012	-0.811461	-0.575432	-0.102030
48012	9.954749	0.561081	-1.067999	0.167741	-0.047041	0.140025	-0.041881	-0.117769	0.992157	-0.584453	0.808291	0.071273	-0.810346	-0.576885	-0.102683
48013	9.906857	0.562907	-0.977200	0.175525	-0.045987	0.141009	-0.043142	-0.116884	0.992208	-0.585843	0.807427	0.069644	-0.809276	-0.578273	-0.103310
48014	9.934688	0.638983	-0.874564	0.173326	-0.042457	0.143970	-0.044485	-0.115848	0.992270	-0.587058	0.806695	0.067863	-0.808322	-0.579501	-0.103896
48015	9.911828	0.651807	-0.859576	0.167132	-0.036344	0.151050	-0.045730	-0.114830	0.992332	-0.588368	0.805884	0.066141	-0.807299	-0.580832	-0.104415
48016	9.962525	0.666442	-0.819903	0.157201	-0.025799	0.145843	-0.046924	-0.113711	0.992405	-0.589642	0.805096	0.064369	-0.806301	-0.582143	-0.104827
48017	9.940182	0.683857	-0.779125	0.145163	-0.017786	0.148437	-0.048007	-0.112609	0.992479	-0.590769	0.804401	0.062693	-0.805411	-0.583316	-0.105143
48018	9.892491	0.674386	-0.757170	0.141301	-0.007530	0.141057	-0.049054	-0.111404	0.992564	-0.592137	0.803531	0.060923	-0.804343	-0.584745	-0.105382
48019	9.843471	0.632948	-0.778147	0.141271	-0.001080	0.140493	-0.049959	-0.110270	0.992645	-0.593231	0.802843	0.059329	-0.803481	-0.585903	-0.105525
48020	9.818321	0.575477	-0.746127	0.135301	0.004124	0.136803	-0.050863	-0.109056	0.992733	-0.594328	0.802153	0.057669	-0.802613	-0.587076	-0.105615
48021	9.866202	0.515482	-0.714104	0.131105	-0.000284	0.135047	-0.051732	-0.107964	0.992808	-0.595338	0.801512	0.056140	-0.801809	-0.588152	-0.105739
48022	9.891287	0.500266	-0.714702	0.129062	0.002885	0.133688	-0.052614	-0.106808	0.992887	-0.596563	0.800712	0.054522	-0.800840	-0.589450	-0.105847
48023	9.914830	0.452541	-0.758391	0.133150	0.009833	0.127629	-0.053362	-0.105717	0.992963	-0.597588	0.800045	0.053064	-0.800026	-0.590552	-0.105867
48024	9.894797	0.521301	-0.722747	0.123487	0.020007	0.118064	-0.054015	-0.104576	0.993049	-0.598603	0.799381	0.051621	-0.799223	-0.591654	-0.105778
48025	9.896682	0.533169	-0.724982	0.104070	0.037049	0.110057	-0.054442	-0.103466	0.993142	-0.599402	0.798862	0.050368	-0.798594	-0.592549	-0.105510
48026	9.900282	0.578723	-0.682400	0.078445	0.044867	0.106162	-0.054813	-0.102287	0.993244	-0.599959	0.798521	0.049125	-0.798150	-0.593213	-0.105138
48027	9.949325	0.550663	-0.625395	0.052907	0.054845	0.102058	-0.055052	-0.101136	0.993348	-0.600353	0.798293	0.048005	-0.797838	-0.593717	-0.104665
48028	10.021075	0.488437	-0.610693	0.035116	0.064474	0.107713	-0.055287	-0.099813	0.993469	-0.600570	0.798203	0.046773	-0.797658	-0.594062	-0.104075
48029	10.046851	0.484979	-0.555929	0.029208	0.073820	0.113360	-0.055444	-0.098459	0.993595	-0.600768	0.798124	0.045566	-0.797499	-0.594394	-0.103402
48030	10.071409	0.457184	-0.495290	0.029497	0.090233	0.115079	-0.055525	-0.096890	0.993745	-0.600852	0.798135	0.044245	-0.797430	-0.594637	-0.102533
48031	10.074237	0.482909	-0.418180	0.027735	0.104551	0.116996	-0.055459	-0.095323	0.993900	-0.601035	0.798065	0.043004	-0.797296	-0.594984	-0.101552
48032	10.101440	0.507002	-0.339690	0.023823	0.116006	0.122434	-0.055363	-0.093551	0.994074	-0.601045	0.798130	0.041637	-0.797295	-0.595178	-0.100415
48033	10.129039	0.544549	-0.186928	0.000763	0.147897	0.120542	-0.054973	-0.091697	0.994268	-0.601012	0.798219	0.040387	-0.797347	-0.595347	-0.098992
48034	10.108760	0.599972	-0.083703	-0.038245	0.175745	0.116847	-0.054381	-0.089616	0.994491	-0.600694	0.798522	0.039109	-0.797627	-0.595258	-0.097256
48035	10.161345	0.647043	-0.000532	-0.087096	0.209370	0.113662	-0.053457	-0.087451	0.994733	-0.599965	0.799122	0.038012	-0.798238	-0.594774	-0.095186
48036	10.136273	0.631241	0.123817	-0.135774	0.251418	0.107496	-0.052189	-0.084993	0.995014	-0.598913	0.799963	0.036919	-0.799112	-0.594000	-0.092653
48037	10.133529	0.577021	0.185893	-0.188315	0.304362	0.100289	-0.050419	-0.082373	0.995325	-0.597383	0.801146	0.036042	-0.800369	-0.592773	-0.089601
48038	10.054247	0.475167	0.236818	-0.227410	0.354011	0.096679	-0.048233	-0.079420	0.995674	-0.595617	0.802499	0.035158	-0.801819	-0.591345	-0.086011
48039	9.925177	0.330682	0.174092	-0.227580	0.383345	0.097311	-0.045800	-0.076362	0.996028	-0.593773	0.803900	0.034329	-0.803328	-0.589842	-0.082160
48040	9.918227	0.178705	0.114848	-0.220515	0.399150	0.106832	-0.043310	-0.073058	0.996387	-0.592104	0.805173	0.033301	-0.804697	-0.588523	-0.078130
48041	9.888104	0.060022	0.099587	-0.197747	0.413656	0.119907	-0.040752	-0.069648	0.996739	-0.590490	0.806402	0.032206	-0.806016	-0.587252	-0.073989
48042	9.859202	-0.031544	0.105301	-0.168937	0.435567	0.133557	-0.038088	-0.065924	0.997097	-0.589161	0.807426	0.030879	-0.807118	-0.586274	-0.069593
48043	9.858572	-0.009106	0.216979	-0.144349	0.451135	0.147775	-0.035379	-0.062075	0.997444	-0.587969	0.808347	0.029452	-0.808109	-0.585425	-0.065097
48044	9.855367	-0.012051	0.334669	-0.131496	0.473161	0.156989	-0.032545	-0.057945	0.997789	-0.586974	0.809127	0.027844	-0.808952	-0.584770	-0.060346
48045	9.834854	0.045592	0.368908	-0.118537	0.490323	0.160162	-0.029580	-0.053771	0.998115	-0.585994	0.809890	0.026264	-0.809776	-0.584112	-0.055466
48046	9.797930	0.265059	0.475417	-0.123793	0.499513	0.163671	-0.026570	-0.049434	0.998424	-0.585046	0.810628	0.024566	-0.810565	-0.583471	-0.050460
48047	9.869476	0.335432	0.638789	-0.174419	0.532507	0.158731	-0.023243	-0.045029	0.998715	-0.583621	0.811700	0.023015	-0.811694	-0.582336	-0.045146
48048	9.731781	0.446373	0.641904	-0.252327	0.577264	0.137948	-0.019424	-0.040463	0.998992	-0.581634	0.813163	0.021628	-0.813218	-0.580628	-0.039330
48049	9.686795	0.384020	0.532529	-0.325135	0.598420	0.121245	-0.015319	-0.035995	0.999235	-0.578996	0.815073	0.020485	-0.815186	-0.578239	-0.033328
48050	9.687458	0.331368	0.499392	-0.350713	0.602123	0.112662	-0.011123	-0.031478	0.999443	-0.576173	0.817100	0.019323	-0.817252	-0.575637	-0.027225
48051	9.600448	0.383628	0.443729	-0.376617	0.591958	0.106161	-0.006953	-0.027197	0.999606	-0.573112	0.819273	0.018304	-0.819448	-0.572759	-0.021283
48052	9.622989	0.310485	0.438447	-0.378930	0.584688	0.107812	-0.002846	-0.022822	0.999735	-0.570141	0.821368	0.017127	-0.821542	-0.569942	-0.015349
48053	9.669038	0.293445	0.501160	-0.356339	0.605861	0.127866	0.001346	-0.018311	0.999831	-0.567241	0.823400	0.015844	-0.823551	-0.567166	-0.009278
48054	9.629070	0.375568	0.519200	-0.331137	0.614330	0.139294	0.005544	-0.013574	0.999892	-0.564681	0.825185	0.014333	-0.825290	-0.564700	-0.003090
48055	9.652297	0.597417	0.522329	-0.307589	0.595494	0.147213	0.009570	-0.008988	0.999914	-0.562183	0.826913	0.012813	-0.826957	-0.562257	0.002861
48056	9.755621	0.532122	0.472824	-0.315589	0.556968	0.147378	0.013293	-0.004538	0.999901	-0.559688	0.828627	0.011202	-0.828597	-0.559782	0.008475
48057	9.903053	0.386387	0.412199	-0.276147	0.547568	0.163133	0.016859	-0.000111	0.999858	-0.557455	0.830153	0.009491	-0.830036	-0.557536	0.013933
48058	9.986303	0.561000	0.105494	-0.324014	0.581305	0.194245	0.020548	0.004805	0.999777	-0.554993	0.831822	0.007409	-0.831601	-0.555022	0.019759
48059	9.992371	0.396814	0.208733	-0.286465	0.566283	0.207197	0.024050	0.009682	0.999664	-0.552688	0.833372	0.005225	-0.833041	-0.552628	0.025393
48060	10.021421	0.393764	0.242565	-0.280981	0.564400	0.214259	0.027529	0.014680	0.999513	-0.550452	0.834862	0.002899	-0.834413	-0.550264	0.031063
48061	9.859513	0.268523	0.318545	-0.305102	0.565591	0.210638	0.031032	0.019561	0.999327	-0.547999	0.836479	0.000643	-0.835903	-0.547650	0.036677
48062	9.774407	0.185875	0.396391	-0.306303	0.554620	0.186376	0.034595	0.024232	0.999108	-0.545632	0.838024	-0.001432	-0.837311	-0.545095	0.042213
48063	9.845238	0.193264	0.308239	-0.289204	0.542870	0.165533	0.038179	0.028590	0.998862	-0.543303	0.839531	-0.003263	-0.838668	-0.542560	0.047585
48064	9.942832	0.332022	0.307959	-0.289740	0.544611	0.154664	0.041871	0.032920	0.998581	-0.540998	0.841009	-0.005041	-0.839981	-0.540019	0.053024
48065	10.132537	0.348874	0.435655	-0.274451	0.536082	0.150921	0.045499	0.037096	0.998275	-0.538791	0.842412	-0.006748	-0.841210	-0.537555	0.058316
48066	10.214794	0.199367	0.494305	-0.288464	0.549076	0.131936	0.049371	0.041222	0.997930	-0.536502	0.843858	-0.008315	-0.842454	-0.534981	0.063777
48067	10.056808	0.078890	0.515188	-0.296728	0.570839	0.098830	0.053591	0.045121	0.997543	-0.534086	0.845376	-0.009545	-0.843730	-0.532263	0.069403
48068	9.783155	0.013299	0.660179	-0.283821	0.572173	0.049988	0.058112	0.048640	0.997124	-0.531808	0.846802	-0.010314	-0.844869	-0.529679	0.075076
48069	9.758096	-0.055549	0.793306	-0.254699	0.555944	-0.006415	0.062782	0.051542	0.996695	-0.529687	0.848129	-0.010494	-0.845867	-0.527277	0.080548
48070	9.736802	-0.030968	0.818107	-0.233786	0.575102	-0.037965	0.067807	0.054308	0.996219	-0.527769	0.849324	-0.010377	-0.846677	-0.525070	0.086252
48071	9.763082	-0.009102	0.853317	-0.218223	0.587472	-0.059829	0.073035	0.056896	0.995705	-0.525915	0.850478	-0.010021	-0.847396	-0.522924	0.092037
48072	9.891009	0.170044	0.845049	-0.204954	0.628223	-0.058085	0.078619	0.059749	0.995113	-0.524209	0.851534	-0.009713	-0.847953	-0.520883	0.098268
48073	9.962913	0.213567	0.919355	-0.184622	0.648409	-0.044918	0.084291	0.062756	0.994463	-0.522643	0.852499	-0.009498	-0.848374	-0.518949	0.104657
48074	10.046672	0.198804	0.903456	-0.208135	0.643724	-0.040373	0.089918	0.065806	0.993773	-0.520920	0.853554	-0.009387	-0.848856	-0.516832	0.111029
48075	10.153904	0.122132	0.748327	-0.231818	0.638007	-0.034795	0.095454	0.068818	0.993052	-0.518957	0.854749	-0.009350	-0.849454	-0.514459	0.117302
48076	10.289841	-0.292979	0.754875	-0.235040	0.635471	-0.027281	0.100949	0.071902	0.992290	-0.517007	0.855930	-0.009425	-0.850008	-0.512069	0.123579
48077	10.326581	-0.587430	0.930733	-0.190414	0.656450	-0.011148	0.106524	0.075181	0.991464	-0.515414	0.856887	-0.009600	-0.850294	-0.509992	0.130029
48078	10.371252	-0.633305	1.190365	-0.184480	0.694547	-0.008449	0.112426	0.078699	0.990539	-0.513914	0.857786	-0.009823	-0.850443	-0.507947	0.136882
48079	10.373545	-0.474966	1.505791	-0.128294	0.768822	-0.005533	0.118929	0.082571	0.989463	-0.512855	0.858417	-0.009992	-0.850197	-0.506263	0.144438
48080	10.468564	-0.016858	1.678686	-0.116794	0.872791	-0.014039	0.126371	0.086919	0.988168	-0.511925	0.858971	-0.010088	-0.849684	-0.504593	0.153045
48081	10.315024	0.395686	1.808739	-0.152838	0.988146	-0.003496	0.134720	0.091884	0.986614	-0.510661	0.859720	-0.010337	-0.849162	-0.502433	0.162743
48082	10.044467	0.359684	2.077050	-0.187890	1.006154	-0.006052	0.143244	0.096932	0.984929	-0.509136	0.860620	-0.010652	-0.848683	-0.499937	0.172630
48083	10.053856	0.228991	2.197189	-0.236494	1.008972	-0.000257	0.151744	0.101980	0.983145	-0.507169	0.861775	-0.011111	-0.848383	-0.496935	0.182490
48084	9.928372	0.110813	2.254786	-0.307696	1.038560	0.011250	0.160450	0.107276	0.981197	-0.504655	0.863240	-0.011856	-0.848280	-0.493263	0.192644
48085	9.685511	0.054147	2.299217	-0.363706	1.072864	0.025625	0.169360	0.112788	0.979079	-0.501653	0.864973	-0.012868	-0.848329	-0.488978	0.203072
48086	9.588225	-0.023408	2.360722	-0.402629	1.083120	0.035314	0.178324	0.118422	0.976820	-0.498377	0.866846	-0.014108	-0.848423	-0.484309	0.213598
48087	9.573900	0.058042	2.385316	-0.442390	1.092237	0.037089	0.187346	0.124028	0.974432	-0.494733	0.868907	-0.015478	-0.848611	-0.479184	0.224147
48088	9.633487	-0.069021	2.345055	-0.439108	1.093194	0.040233	0.196377	0.129647	0.971920	-0.491163	0.870903	-0.016932	-0.848643	-0.474046	0.234703
48089	9.666695	-0.165344	2.397945	-0.415157	1.103601	0.033484	0.205516	0.135165	0.969275	-0.487750	0.872791	-0.018292	-0.848447	-0.469005	0.245299
48090	9.509479	0.011888	2.499522	-0.420659	1.103822	0.018746	0.214741	0.140537	0.966507	-0.484301	0.874682	-0.019582	-0.848138	-0.463875	0.255892
48091	9.258248	0.030330	2.650001	-0.430610	1.074700	0.000278	0.223792	0.145520	0.963712	-0.480694	0.876643	-0.020746	-0.847850	-0.458608	0.266136
48092	9.039184	0.120322	2.593151	-0.435389	1.040752	-0.026154	0.232691	0.150095	0.960899	-0.477024	0.878622	-0.021727	-0.847527	-0.453316	0.276047
48093	8.883457	0.277321	2.734868	-0.438808	1.020952	-0.062500	0.241579	0.154170	0.958056	-0.473203	0.880669	-0.022396	-0.847183	-0.447944	0.285704
48094	8.722549	0.510503	2.842444	-0.475657	0.990347	-0.089880	0.250344	0.157844	0.955203	-0.469031	0.882883	-0.022968	-0.846958	-0.442270	0.295058
48095	8.734028	0.717456	3.098237	-0.528599	0.957599	-0.117401	0.258942	0.161036	0.952374	-0.464301	0.885367	-0.023467	-0.846979	-0.436112	0.304028
48096	8.820985	1.082678	3.411120	-0.616118	0.938352	-0.143409	0.267507	0.163880	0.949518	-0.458779	0.888225	-0.024050	-0.847326	-0.429186	0.312791
48097	8.877957	1.402648	3.587184	-0.768916	0.917182	-0.176679	0.276028	0.166231	0.946666	-0.451827	0.891760	-0.024847	-0.848328	-0.420871	0.321258
48098	8.768620	1.551345	3.536651	-1.007988	0.850301	-0.203747	0.284117	0.167994	0.943957	-0.442765	0.896254	-0.026239	-0.850433	-0.410496	0.329023
48099	8.674974	1.137510	3.272121	-1.338050	0.733469	-0.204620	0.291204	0.169144	0.941590	-0.430819	0.901979	-0.028789	-0.854163	-0.397272	0.335530
48100	8.661757	0.223734	2.902590	-1.686779	0.592441	-0.164101	0.296934	0.170007	0.939643	-0.415947	0.908791	-0.032983	-0.859546	-0.381048	0.340564
48101	8.793989	-0.824601	2.684914	-1.978338	0.475583	-0.072098	0.301273	0.171145	0.938053	-0.398709	0.916243	-0.039113	-0.866179	-0.362226	0.344277
48102	8.951468	-1.912477	2.480678	-2.182019	0.428892	0.033209	0.304834	0.173005	0.936561	-0.379894	0.923835	-0.047005	-0.873359	-0.341465	0.347340
48103	9.103506	-2.855267	2.592709	-2.244070	0.470626	0.135440	0.308402	0.175849	0.934861	-0.360682	0.930998	-0.056136	-0.880225	-0.319875	0.350547
48104	9.309229	-3.419920	2.824274	-2.174541	0.553181	0.209373	0.312510	0.179572	0.932787	-0.342201	0.937320	-0.065798	-0.886135	-0.298638	0.354372
48105	9.427879	-3.643738	3.080257	-1.984106	0.632273	0.254901	0.317222	0.183828	0.930364	-0.325426	0.942566	-0.075280	-0.890769	-0.278884	0.358825
48106	9.245316	-3.756552	3.322990	-1.702588	0.679062	0.252929	0.322431	0.188129	0.927710	-0.311133	0.946661	-0.083835	-0.893999	-0.261610	0.363766
48107	9.068134	-3.862881	3.440850	-1.352675	0.659780	0.252739	0.327510	0.192241	0.925084	-0.299899	0.949605	-0.091162	-0.895990	-0.247576	0.368658
48108	8.908477	-4.144892	3.377671	-0.943217	0.612662	0.277760	0.332130	0.196463	0.922546	-0.292472	0.951312	-0.097294	-0.896744	-0.237505	0.373419
48109	8.822829	-4.344735	3.320129	-0.438626	0.598577	0.311717	0.336535	0.200871	0.919997	-0.289635	0.951703	-0.101846	-0.896022	-0.232188	0.378461
48110	8.853724	-4.215306	3.487171	0.108295	0.615058	0.354917	0.340953	0.205792	0.917279	-0.291939	0.950681	-0.104773	-0.893601	-0.232067	0.384216
48111	8.872407	-3.732838	3.647354	0.621848	0.650941	0.399447	0.345522	0.211148	0.914347	-0.298906	0.948371	-0.106051	-0.889533	-0.236661	0.390797
48112	8.818834	-3.119073	3.801865	1.054216	0.699918	0.430471	0.350359	0.217045	0.911120	-0.309902	0.944851	-0.105911	-0.883860	-0.245251	0.398300
48113	8.707724	-2.383104	3.855188	1.393819	0.723058	0.449675	0.355246	0.223135	0.907751	-0.323812	0.940341	-0.104423	-0.876896	-0.256845	0.406306
48114	8.590196	-1.651835	3.857968	1.624150	0.732705	0.450034	0.360084	0.229432	0.904268	-0.339758	0.934973	-0.101929	-0.868852	-0.270530	0.414621
48115	8.600160	-1.062262	3.864608	1.720511	0.712637	0.431754	0.364688	0.235470	0.900864	-0.356251	0.929168	-0.098650	-0.860284	-0.284957	0.422743
48116	8.614352	-0.509096	3.787978	1.708241	0.675199	0.394856	0.368962	0.241244	0.897590	-0.372479	0.923165	-0.095007	-0.851543	-0.299280	0.430471
48117	8.661476	-0.157906	3.662531	1.634381	0.632059	0.354377	0.372915	0.246472	0.894531	-0.387694	0.917274	-0.091115	-0.842987	-0.312826	0.437621
48118	8.564809	0.087948	3.684072	1.534542	0.592500	0.298845	0.376638	0.251233	0.891642	-0.401838	0.911558	-0.087105	-0.834668	-0.325489	0.444283
48119	8.280510	0.282108	3.747050	1.414264	0.563848	0.245651	0.380263	0.255365	0.888926	-0.414569	0.906226	-0.082991	-0.826761	-0.336962	0.450470
48120	8.023889	0.471209	3.614306	1.289530	0.535276	0.203137	0.383747	0.259160	0.886326	-0.426100	0.901218	-0.079028	-0.819254	-0.347337	0.456268
48121	7.749748	0.607967	3.488612	1.173934	0.517181	0.166575	0.387191	0.262507	0.883840	-0.436370	0.896624	-0.075140	-0.812197	-0.356588	0.461715
48122	7.395452	0.770309	3.448489	1.080811	0.497544	0.125962	0.390594	0.265545	0.881432	-0.445734	0.892321	-0.071306	-0.805455	-0.365033	0.466897
48123	7.101544	0.823362	3.410472	1.009962	0.449419	0.078553	0.393789	0.267932	0.879286	-0.454197	0.888357	-0.067284	-0.799147	-0.372873	0.471519
48124	6.840301	0.886719	3.501860	0.945689	0.373204	0.016706	0.396620	0.269590	0.877504	-0.461914	0.884683	-0.063017	-0.793302	-0.380338	0.475410
48125	6.791776	1.121636	3.543337	0.863684	0.279841	-0.050625	0.399011	0.270245	0.876218	-0.468594	0.881476	-0.058479	-0.788169	-0.387257	0.478353
48126	6.928195	1.476556	3.604358	0.735300	0.187552	-0.125092	0.401013	0.269970	0.875388	-0.473984	0.878881	-0.053916	-0.783918	-0.393300	0.480404
48127	7.031129	1.740070	3.637708	0.590149	0.093576	-0.193313	0.402608	0.268670	0.875056	-0.477876	0.877036	-0.049410	-0.780731	-0.398276	0.481492
48128	7.195138	1.993326	3.704777	0.453012	-0.000599	-0.271469	0.403846	0.266368	0.875189	-0.480412	0.875893	-0.044901	-0.778532	-0.402319	0.481692
48129	7.299960	2.075982	3.941032	0.302471	-0.084056	-0.343400	0.404786	0.263048	0.875759	-0.481429	0.875551	-0.040463	-0.777416	-0.405237	0.481049
48130	7.319192	2.027388	4.093253	0.127890	-0.168302	-0.408947	0.405392	0.258846	0.876730	-0.480851	0.876050	-0.036304	-0.777457	-0.406859	0.479611
48131	7.360750	1.767096	4.471459	-0.023788	-0.242193	-0.459443	0.405655	0.253859	0.878066	-0.478855	0.877296	-0.032412	-0.778551	-0.407318	0.477441
48132	7.583191	1.625072	4.926111	-0.145035	-0.318523	-0.491515	0.405470	0.248297	0.879740	-0.475804	0.879079	-0.028814	-0.780516	-0.406901	0.474581
48133	7.821158	1.616242	5.083025	-0.217550	-0.382650	-0.506513	0.404821	0.242310	0.881706	-0.472103	0.881177	-0.025406	-0.783095	-0.405971	0.471115
48134	8.071052	1.554168	5.299927	-0.267449	-0.429112	-0.529298	0.403898	0.235943	0.883854	-0.467930	0.883491	-0.022015	-0.786071	-0.404690	0.467245
48135	8.318512	1.494350	5.478139	-0.345721	-0.469034	-0.551350	0.402712	0.229198	0.886167	-0.463035	0.886141	-0.018769	-0.789571	-0.402768	0.462986
48136	8.741601	1.220516	5.563355	-0.449137	-0.488169	-0.563555	0.401399	0.222272	0.888524	-0.457273	0.889185	-0.015860	-0.793587	-0.399932	0.458557
48137	8.916307	0.496791	4.881136	-0.650076	-0.515905	-0.555477	0.399754	0.215298	0.890979	-0.449925	0.892958	-0.013909	-0.798601	-0.395313	0.453832
48138	8.825964	-0.021026	3.359852	-0.745028	-0.522066	-0.553261	0.397998	0.208329	0.893418	-0.441804	0.897026	-0.012356	-0.803994	-0.389798	0.449056
48139	8.601486	-0.436597	2.900195	-0.763293	-0.566706	-0.543227	0.395747	0.201280	0.896030	-0.433542	0.901067	-0.010931	-0.809583	-0.384141	0.443858
48140	9.080409	-0.908350	2.966486	-0.724312	-0.709730	-0.499385	0.392086	0.194093	0.899220	-0.425743	0.904793	-0.009659	-0.815482	-0.379049	0.437390
