// General information: 
//  MT Manager version: 2022.2.0 
//  XDA version: 2022.2.0 build 7381 rev 124627 built on 2023-07-19
// Device information: 
//  DeviceId: 00B4CBA7
//  ProductCode: MTW2-3A7G6
//  Firmware Version: 4.6.0
//  Hardware Version: 2.0.0
// Device settings: 
//  Filter Profile: human(46.1)
//  Option Flags: Orientation Smoother Disabled, Position/Velocity Smoother Disabled, Continuous Zero Rotation Update Disabled, AHS Disabled, ICC Disabled
// Coordinate system: ENU
PacketCounter	Acc_X	Acc_Y	Acc_Z	Gyr_X	Gyr_Y	Gyr_Z	Mat[1][1]	Mat[2][1]	Mat[3][1]	Mat[1][2]	Mat[2][2]	Mat[3][2]	Mat[1][3]	Mat[2][3]	Mat[3][3]
53823	9.813424	-0.410626	-0.824339	-0.166204	-0.157883	0.142050	0.071353	-0.085975	0.993739	-0.192841	-0.978671	-0.070825	0.978632	-0.186580	-0.086411
53824	9.778847	-1.518721	-1.320579	-0.216897	-0.157858	0.123493	0.072673	-0.087453	0.993514	-0.195046	-0.978160	-0.071835	0.978098	-0.188561	-0.088143
53825	9.530908	-1.710599	-1.568510	-0.097354	-0.149192	0.111446	0.073914	-0.088789	0.993304	-0.196076	-0.977881	-0.072820	0.977799	-0.189381	-0.089688
53826	9.497571	-1.434092	-1.815141	0.117240	-0.164053	0.087391	0.075362	-0.089927	0.993093	-0.194989	-0.978028	-0.073766	0.977906	-0.188083	-0.091241
53827	9.632104	-0.276095	-1.581170	0.216999	-0.170484	0.070954	0.076892	-0.090904	0.992887	-0.192917	-0.978372	-0.074635	0.978198	-0.185806	-0.092766
53828	9.723957	-0.041584	-1.429134	0.078201	-0.153353	0.081933	0.078250	-0.091964	0.992683	-0.192210	-0.978446	-0.075494	0.978229	-0.184896	-0.094240
53829	9.604043	-1.249007	-1.435594	-0.013820	-0.125607	0.083328	0.079318	-0.092976	0.992504	-0.192407	-0.978347	-0.076273	0.978104	-0.184915	-0.095490
53830	9.353200	-1.882782	-1.340039	0.104474	-0.129733	0.074430	0.080461	-0.093918	0.992323	-0.191438	-0.978473	-0.077084	0.978201	-0.183766	-0.096708
53831	9.405329	-1.056391	-0.816734	0.218489	-0.141566	0.067812	0.081716	-0.094803	0.992136	-0.189352	-0.978812	-0.077934	0.978503	-0.181495	-0.097936
53832	9.501278	-0.187263	-0.436120	0.144364	-0.153991	0.074747	0.083098	-0.095789	0.991927	-0.187994	-0.979005	-0.078792	0.978648	-0.179929	-0.099361
53833	9.372338	0.033535	-0.232756	-0.004655	-0.173717	0.096705	0.084616	-0.097012	0.991680	-0.188117	-0.978907	-0.079711	0.978495	-0.179807	-0.101081
53834	9.469559	-0.347897	-0.147372	-0.091572	-0.207197	0.107837	0.086455	-0.098415	0.991383	-0.189099	-0.978640	-0.080659	0.978145	-0.180496	-0.103219
53835	9.575997	-0.625135	-0.041325	-0.095938	-0.254121	0.122578	0.088708	-0.100037	0.991021	-0.190141	-0.978348	-0.081738	0.977741	-0.181183	-0.105808
53836	9.684731	-0.902278	0.005122	-0.108663	-0.290056	0.131705	0.091307	-0.101826	0.990603	-0.191315	-0.978022	-0.082899	0.977273	-0.181948	-0.108781
53837	9.667946	-1.160099	-0.034457	-0.122188	-0.327199	0.139229	0.094236	-0.103748	0.990129	-0.192634	-0.977659	-0.084108	0.976735	-0.182806	-0.112116
53838	9.718143	-1.220800	-0.265114	-0.152146	-0.348850	0.138023	0.097389	-0.105711	0.989616	-0.194245	-0.977240	-0.085273	0.976107	-0.183923	-0.115706
53839	9.760967	-1.146995	-0.810676	-0.180295	-0.359578	0.141776	0.100621	-0.107724	0.989076	-0.196140	-0.976759	-0.086429	0.975400	-0.185301	-0.119411
53840	9.509592	-0.719869	-1.058429	-0.208951	-0.367889	0.142292	0.103940	-0.109772	0.988507	-0.198316	-0.976220	-0.087555	0.974611	-0.186936	-0.123238
53841	9.545462	-0.553762	-1.142180	-0.249235	-0.381243	0.138939	0.107377	-0.111808	0.987911	-0.200886	-0.975601	-0.088580	0.973712	-0.188946	-0.127218
53842	9.691210	-1.081513	-1.122258	-0.272278	-0.392270	0.130360	0.110944	-0.113799	0.987290	-0.203671	-0.974941	-0.089489	0.972733	-0.191154	-0.131342
53843	9.627994	-1.727241	-0.865636	-0.214332	-0.414687	0.122672	0.114725	-0.115754	0.986630	-0.205889	-0.974393	-0.090378	0.971827	-0.192768	-0.135620
53844	9.484113	-1.660080	-0.308201	-0.166047	-0.455177	0.107496	0.118938	-0.117656	0.985906	-0.207620	-0.973951	-0.091182	0.970952	-0.193848	-0.140267
53845	9.518904	-1.135426	0.369374	-0.221918	-0.497734	0.113693	0.123531	-0.119695	0.985096	-0.209906	-0.973388	-0.091950	0.969886	-0.195419	-0.145368
53846	9.579675	-1.146262	0.678019	-0.348881	-0.538242	0.115597	0.128514	-0.121853	0.984193	-0.213425	-0.972566	-0.092545	0.968470	-0.198158	-0.150995
53847	9.869659	-1.181741	0.487951	-0.340117	-0.585215	0.107330	0.133948	-0.124028	0.983196	-0.216852	-0.971761	-0.093042	0.966971	-0.200745	-0.157061
53848	10.016324	-0.653274	0.421646	-0.348103	-0.632243	0.099439	0.139849	-0.126245	0.982092	-0.220342	-0.970937	-0.093435	0.965345	-0.203329	-0.163601
53849	9.814791	-0.814073	0.116423	-0.353651	-0.692615	0.092417	0.146324	-0.128523	0.980852	-0.223879	-0.970101	-0.093716	0.963570	-0.205880	-0.170723
53850	9.717370	-0.926714	-0.115321	-0.331132	-0.750300	0.077076	0.153381	-0.130797	0.979472	-0.227173	-0.969320	-0.093867	0.961700	-0.208112	-0.178389
53851	9.820421	-1.172784	-0.661330	-0.272358	-0.797341	0.072518	0.160878	-0.133129	0.977954	-0.229897	-0.968660	-0.094045	0.959826	-0.209699	-0.186442
53852	9.849594	-0.944466	-1.275875	-0.246156	-0.816136	0.070741	0.168547	-0.135504	0.976335	-0.232364	-0.968052	-0.094241	0.957914	-0.210981	-0.194649
53853	9.848819	-0.794471	-1.710091	-0.330075	-0.824071	0.072357	0.176264	-0.137915	0.974633	-0.235640	-0.967259	-0.094256	0.955722	-0.213049	-0.202992
53854	9.979270	-1.412442	-2.112171	-0.408399	-0.812962	0.063366	0.183880	-0.140244	0.972892	-0.239642	-0.966300	-0.094001	0.953289	-0.215861	-0.211292
53855	9.988731	-1.378215	-2.000321	-0.385245	-0.811661	0.049153	0.191491	-0.142445	0.971103	-0.243395	-0.965399	-0.093614	0.950837	-0.218435	-0.219536
53856	10.297965	-1.271713	-1.813659	-0.458081	-0.791145	0.054322	0.198877	-0.144684	0.969286	-0.247839	-0.964318	-0.093091	0.948169	-0.221713	-0.227639
53857	10.206972	-1.419148	-1.974723	-0.502066	-0.782617	0.051852	0.206159	-0.146897	0.967430	-0.252690	-0.963126	-0.092396	0.945329	-0.225411	-0.235676
53858	10.559132	-0.284380	-2.216362	-0.504169	-0.808353	0.018377	0.213748	-0.148884	0.965477	-0.257475	-0.961958	-0.091339	0.942347	-0.229062	-0.243951
53859	10.402350	0.621421	-1.793691	-0.588838	-0.843377	-0.011182	0.221713	-0.150691	0.963398	-0.262981	-0.960619	-0.089735	0.938980	-0.233460	-0.252611
53860	10.191043	0.339258	-0.965925	-0.562701	-0.903482	-0.025906	0.230257	-0.152542	0.961100	-0.268184	-0.959339	-0.088012	0.935446	-0.237487	-0.261803
53861	9.871741	0.571592	0.136108	-0.455624	-1.010965	-0.059077	0.239858	-0.154354	0.958459	-0.272290	-0.958347	-0.086195	0.931840	-0.240305	-0.271897
53862	9.644156	0.370393	0.778189	-0.410734	-1.130048	-0.064105	0.250547	-0.156438	0.955381	-0.275940	-0.957461	-0.084414	0.927945	-0.242479	-0.283057
53863	9.829598	-0.996904	0.653594	-0.297753	-1.232443	-0.055268	0.262116	-0.158867	0.951870	-0.278546	-0.956830	-0.082992	0.923963	-0.243386	-0.295053
53864	10.227734	-2.186288	-0.132907	-0.036767	-1.316777	-0.044900	0.274386	-0.161600	0.947944	-0.278752	-0.956819	-0.082427	0.920331	-0.241624	-0.307584
53865	10.765914	-2.150163	-1.163777	0.258072	-1.375114	-0.026166	0.287097	-0.164604	0.943653	-0.276297	-0.957485	-0.082956	0.917189	-0.236912	-0.320370
53866	10.989350	-0.345002	-1.791773	0.364341	-1.402480	-0.011484	0.299969	-0.167745	0.939085	-0.272913	-0.958364	-0.084013	0.914077	-0.231087	-0.333259
53867	10.998279	0.805022	-2.264260	0.141689	-1.403566	-0.008394	0.312798	-0.170846	0.934328	-0.271583	-0.958709	-0.084382	0.910165	-0.227353	-0.346281
53868	11.006318	0.918492	-2.907800	-0.025122	-1.410382	-0.010235	0.325629	-0.173906	0.929367	-0.271764	-0.958676	-0.084171	0.905600	-0.225159	-0.359434
53869	10.477481	1.342651	-2.716064	-0.170970	-1.429389	-0.030343	0.338622	-0.176792	0.924164	-0.273194	-0.958351	-0.083231	0.900389	-0.224292	-0.372818
53870	9.971537	0.444905	-2.458262	-0.274386	-1.459711	-0.056635	0.351876	-0.179489	0.918677	-0.275447	-0.957844	-0.081639	0.894602	-0.224320	-0.386482
53871	9.390179	-0.403324	-2.302986	-0.117483	-1.509948	-0.098254	0.365616	-0.181887	0.912821	-0.276128	-0.957765	-0.080244	0.888863	-0.222717	-0.400398
53872	9.106216	0.013271	-1.797336	0.063385	-1.581225	-0.124857	0.379967	-0.184150	0.906485	-0.275086	-0.958141	-0.079337	0.883150	-0.219216	-0.414719
53873	9.083029	0.174981	-1.104702	0.069080	-1.648103	-0.118024	0.394799	-0.186565	0.899626	-0.274006	-0.958516	-0.078531	0.876957	-0.215499	-0.429541
53874	9.343435	0.063488	-0.427190	0.042816	-1.729193	-0.071130	0.410094	-0.189542	0.892131	-0.273330	-0.958749	-0.078051	0.870123	-0.211838	-0.444984
53875	9.761856	0.363204	0.761363	-0.046099	-1.809869	-0.016550	0.425822	-0.193154	0.883950	-0.273645	-0.958690	-0.077664	0.862435	-0.208817	-0.461087
53876	9.910625	0.508094	1.655732	-0.184035	-1.915267	0.071627	0.442050	-0.197783	0.874913	-0.275518	-0.958175	-0.077400	0.853628	-0.206839	-0.478054
53877	10.546271	0.336406	2.168357	-0.282411	-2.040315	0.161753	0.458922	-0.203503	0.864857	-0.278626	-0.957276	-0.077401	0.843658	-0.205451	-0.496016
53878	11.412455	0.328281	2.527406	-0.371228	-2.169595	0.254158	0.476378	-0.210342	0.853710	-0.282909	-0.955996	-0.077678	0.832482	-0.204518	-0.514923
53879	12.228312	0.334714	2.476494	-0.448724	-2.309760	0.330174	0.494524	-0.218177	0.841335	-0.288201	-0.954380	-0.078091	0.819991	-0.203856	-0.534843
53880	13.353343	0.327666	1.998799	-0.499240	-2.434575	0.378232	0.513201	-0.226697	0.827788	-0.294148	-0.952531	-0.078496	0.806289	-0.203208	-0.555522
53881	14.094527	-0.460455	0.435723	-0.553947	-2.503470	0.406071	0.532000	-0.235606	0.813305	-0.300677	-0.950476	-0.078664	0.791561	-0.202693	-0.576495
53882	14.381543	-1.427861	-1.695837	-0.497495	-2.506797	0.387264	0.550455	-0.244305	0.798320	-0.306654	-0.948550	-0.078836	0.776507	-0.201413	-0.597052
53883	13.843747	-2.243396	-4.323550	-0.320377	-2.441389	0.392374	0.568028	-0.252869	0.783199	-0.311293	-0.946944	-0.079967	0.761867	-0.198381	-0.616607
53884	12.183334	-2.284846	-6.148399	-0.067291	-2.370112	0.428364	0.584554	-0.261517	0.768053	-0.314248	-0.945720	-0.082841	0.748027	-0.192934	-0.635006
53885	10.946282	-2.787752	-8.133404	-0.025515	-2.231583	0.477883	0.599597	-0.270240	0.753295	-0.317245	-0.944410	-0.086286	0.734738	-0.187243	-0.651998
53886	9.953473	-3.437603	-9.544264	-0.067693	-2.013646	0.482532	0.612701	-0.278473	0.739629	-0.320640	-0.942971	-0.089417	0.722349	-0.182368	-0.667048
53887	9.215435	-4.297235	-10.527237	0.023142	-1.702557	0.427533	0.623541	-0.285529	0.727784	-0.323094	-0.941817	-0.092684	0.711904	-0.177350	-0.679514
53888	7.900314	-4.509339	-10.610327	0.302576	-1.345631	0.356774	0.631892	-0.291189	0.718277	-0.323165	-0.941326	-0.097314	0.704469	-0.170630	-0.688918
53889	6.079715	-4.628765	-10.194401	0.675437	-0.989801	0.316877	0.637831	-0.295780	0.711115	-0.320409	-0.941528	-0.104228	0.700364	-0.161368	-0.695307
53890	3.649440	-3.395296	-11.207967	1.026645	-0.705651	0.301507	0.641788	-0.299678	0.705905	-0.315126	-0.942238	-0.113506	0.699146	-0.149602	-0.699153
53891	4.668467	-0.292697	-10.733794	0.691182	-0.531882	0.234475	0.644774	-0.302628	0.701914	-0.311783	-0.942549	-0.119974	0.697895	-0.141488	-0.702085
53892	7.169763	2.385066	-7.577887	-0.153488	-0.023147	0.104906	0.644588	-0.303611	0.701660	-0.313501	-0.942024	-0.119617	0.697298	-0.142867	-0.702399
53893	6.582287	1.555445	-5.489468	-0.865814	0.541167	-0.043356	0.640956	-0.302369	0.705513	-0.319239	-0.940887	-0.113218	0.698042	-0.152660	-0.699595
53894	5.776123	-0.236111	-5.313427	-1.184622	1.053398	-0.170120	0.634117	-0.299047	0.713069	-0.326414	-0.939517	-0.103741	0.700964	-0.166972	-0.693376
53895	4.782460	-2.373460	-6.057666	-1.089140	1.485975	-0.216449	0.624377	-0.294390	0.723524	-0.332695	-0.938271	-0.094661	0.706730	-0.181609	-0.683777
53896	4.632445	-2.483060	-6.767628	-0.503009	1.806167	-0.220166	0.612242	-0.288915	0.735995	-0.334887	-0.937986	-0.089628	0.716248	-0.191601	-0.671028
53897	4.540286	-0.285316	-6.209021	-0.289545	2.131065	-0.253673	0.597707	-0.282323	0.750360	-0.335422	-0.938153	-0.085796	0.728175	-0.200406	-0.655438
53898	4.364579	0.827028	-6.097836	-0.457935	2.483361	-0.321692	0.580522	-0.274150	0.766705	-0.336866	-0.938115	-0.080378	0.741293	-0.211616	-0.636949
53899	4.274592	0.693300	-6.308610	-0.613123	2.819033	-0.389339	0.560749	-0.264309	0.784667	-0.339212	-0.937835	-0.073490	0.755312	-0.224959	-0.615546
53900	4.064941	0.359004	-6.415783	-0.600248	3.128554	-0.421189	0.538294	-0.253066	0.803864	-0.341454	-0.937543	-0.066501	0.770486	-0.238686	-0.591084
53901	3.964994	0.078151	-6.967793	-0.490360	3.379072	-0.423946	0.513442	-0.240771	0.823655	-0.343024	-0.937396	-0.060190	0.786583	-0.251629	-0.563889
53902	4.066333	0.260480	-6.941403	-0.358691	3.587520	-0.400444	0.486277	-0.227739	0.843605	-0.343853	-0.937420	-0.054858	0.803305	-0.263400	-0.534155
53903	4.031678	0.143351	-6.499328	-0.328689	3.797921	-0.364175	0.456707	-0.214066	0.863478	-0.344787	-0.937347	-0.050016	0.820086	-0.274873	-0.501900
53904	4.266726	-1.195613	-6.879867	-0.207256	4.001522	-0.354047	0.424753	-0.199503	0.883053	-0.344926	-0.937507	-0.045894	0.837025	-0.285095	-0.467023
53905	4.644504	-2.142866	-7.301661	0.194874	4.178510	-0.365641	0.390665	-0.183993	0.901958	-0.341772	-0.938777	-0.043472	0.854736	-0.291280	-0.429631
53906	5.166569	-2.010687	-7.392063	0.605143	4.343584	-0.381480	0.354414	-0.167673	0.919933	-0.335106	-0.941224	-0.042450	0.872980	-0.293230	-0.389771
53907	6.138956	-2.553729	-7.994703	0.924044	4.450029	-0.354429	0.316336	-0.151280	0.936507	-0.325753	-0.944497	-0.042536	0.890964	-0.291615	-0.348059
53908	6.729002	-1.860432	-7.895593	1.358146	4.483174	-0.396476	0.277244	-0.134560	0.951330	-0.312340	-0.948988	-0.043204	0.908614	-0.285160	-0.305129
53909	6.761637	-0.735733	-7.438519	1.372680	4.552251	-0.636521	0.237459	-0.115651	0.964488	-0.298107	-0.953653	-0.040958	0.924524	-0.277795	-0.260930
53910	7.350355	-0.840231	-7.045408	1.070814	4.535043	-0.766349	0.197461	-0.095819	0.975617	-0.286457	-0.957414	-0.036053	0.937524	-0.272354	-0.216500
53911	8.282511	-1.172256	-5.493339	0.799888	4.385796	-0.915980	0.158701	-0.075137	0.984464	-0.277278	-0.960364	-0.028598	0.947592	-0.268432	-0.173245
53912	9.498258	-2.186683	-4.721574	0.460116	4.173376	-1.098910	0.122010	-0.053373	0.991093	-0.271349	-0.962305	-0.018418	0.954716	-0.266685	-0.131894
53913	10.974239	-2.752901	-4.388353	0.392034	3.912879	-1.260032	0.087937	-0.030805	0.995650	-0.266268	-0.963878	-0.006305	0.959879	-0.264556	-0.092963
53914	11.654740	1.003287	-2.228451	-0.243020	3.661524	-1.163832	0.055856	-0.009818	0.998391	-0.267759	-0.963470	0.005506	0.961865	-0.267636	-0.056444
53915	10.501546	-0.453681	-2.130281	-1.211766	3.345597	-0.817596	0.025943	0.007234	0.999637	-0.279068	-0.960167	0.014191	0.959921	-0.279335	-0.022891
53916	8.443413	-3.561551	-2.260626	-0.734276	2.856372	-0.546481	0.000090	0.020576	0.999788	-0.286034	-0.958016	0.019742	0.958220	-0.285975	0.005799
53917	6.841249	0.242787	-0.921744	-0.088902	2.171480	-0.252700	-0.019986	0.029246	0.999372	-0.286910	-0.957698	0.022289	0.957749	-0.286285	0.027531
53918	7.488099	3.563475	1.474306	-0.512256	1.528571	0.072042	-0.034819	0.032990	0.998849	-0.291787	-0.956244	0.021411	0.955849	-0.290705	0.042922
53919	4.447460	-1.675818	-0.921040	-1.069813	0.821135	0.337584	-0.043652	0.032231	0.998527	-0.301862	-0.953190	0.017571	0.952352	-0.300651	0.051338
53920	3.119147	-4.617208	-3.040184	-0.030236	-0.073257	0.423852	-0.044232	0.027994	0.998629	-0.301960	-0.953227	0.013347	0.952294	-0.300956	0.050617
53921	6.120334	-0.566749	-4.159794	0.987786	-0.765684	0.323359	-0.037885	0.022674	0.999025	-0.292405	-0.956236	0.010614	0.955544	-0.291718	0.042857
53922	10.552902	2.907459	-3.040041	1.966008	-0.925466	-0.034292	-0.028914	0.020410	0.999374	-0.273566	-0.961782	0.011727	0.961418	-0.273056	0.033392
53923	14.450031	6.022846	-0.630040	2.779407	-0.633713	-0.399761	-0.021755	0.022660	0.999507	-0.246841	-0.968914	0.016593	0.968812	-0.246359	0.026672
53924	14.230131	9.816773	1.200771	3.151159	-0.550540	-0.390114	-0.015491	0.025206	0.999562	-0.216261	-0.976104	0.021262	0.976213	-0.215837	0.020572
53925	16.654776	10.877983	0.486906	1.554112	-0.961632	0.257620	-0.006624	0.020719	0.999763	-0.201035	-0.979401	0.018965	0.979562	-0.200861	0.010653
53926	15.613610	-1.870169	-1.539055	0.195372	-1.233604	0.708107	0.004052	0.011350	0.999927	-0.199110	-0.979904	0.011929	0.979969	-0.199144	-0.001710
53927	9.688943	-3.456855	-3.536873	0.966003	-1.295337	0.628450	0.015536	0.002703	0.999876	-0.189696	-0.981827	0.005602	0.981720	-0.189759	-0.014740
53928	9.890298	0.867697	-3.441758	0.032604	-1.104200	0.571438	0.025299	-0.004970	0.999668	-0.189490	-0.981883	-0.000086	0.981557	-0.189424	-0.025783
53929	9.349965	-5.263670	-5.695684	-0.364672	-0.841958	0.649279	0.032317	-0.012916	0.999394	-0.193253	-0.981128	-0.006430	0.980617	-0.192928	-0.034203
53930	9.256422	-1.954341	-6.097314	0.139314	-0.700584	0.578922	0.038084	-0.019914	0.999076	-0.192086	-0.981302	-0.012238	0.980639	-0.191442	-0.041197
53931	10.279051	0.522523	-7.182279	-0.212564	-0.552008	0.439362	0.042646	-0.025250	0.998771	-0.194345	-0.980794	-0.016497	0.980006	-0.193403	-0.046735
53932	11.354823	-0.459427	-7.218615	-0.285701	-0.429453	0.341138	0.046204	-0.029405	0.998499	-0.197291	-0.980146	-0.019735	0.979256	-0.196083	-0.051088
53933	10.879259	-0.138571	-5.663316	-0.195760	-0.311020	0.320876	0.048613	-0.033125	0.998268	-0.199357	-0.979662	-0.022800	0.978720	-0.197903	-0.054228
53934	10.032265	1.040566	-3.086331	-0.166480	-0.215706	0.348925	0.050050	-0.036946	0.998063	-0.201153	-0.979210	-0.026161	0.978280	-0.199454	-0.056441
53935	9.839561	1.244456	-0.869368	-0.202007	-0.166862	0.323579	0.051028	-0.040412	0.997879	-0.203290	-0.978682	-0.029239	0.977788	-0.201367	-0.058155
53936	10.214615	-0.254244	0.611799	-0.299180	-0.119910	0.275645	0.051662	-0.043326	0.997724	-0.206352	-0.977962	-0.031783	0.977113	-0.204240	-0.059464
53937	9.642370	-2.248069	1.634942	-0.390458	-0.035508	0.250344	0.051488	-0.045809	0.997622	-0.210292	-0.977047	-0.034011	0.976282	-0.208041	-0.059939
53938	9.359741	-4.485787	1.111376	-0.452586	-0.006893	0.284704	0.050975	-0.048578	0.997518	-0.214850	-0.975963	-0.036549	0.975316	-0.212454	-0.060187
53939	9.063999	-5.425942	-1.050808	-0.080549	-0.005129	0.242605	0.050503	-0.050920	0.997425	-0.215756	-0.975673	-0.038885	0.975140	-0.213237	-0.060261
53940	9.264804	-2.222216	-1.384337	0.412649	-0.019726	0.161600	0.050374	-0.052518	0.997349	-0.211806	-0.976463	-0.040720	0.976013	-0.209193	-0.060312
53941	9.917522	0.887790	-1.212288	0.348658	-0.000616	0.143425	0.050079	-0.053884	0.997291	-0.208471	-0.977112	-0.042325	0.976746	-0.205787	-0.060166
53942	9.689954	1.224769	-1.062882	0.238559	-0.002604	0.146165	0.049825	-0.055297	0.997226	-0.206207	-0.977523	-0.043902	0.977239	-0.203448	-0.060108
53943	9.879906	0.479567	-0.615956	0.257897	-0.027386	0.150185	0.049785	-0.056784	0.997144	-0.203759	-0.977962	-0.045519	0.977754	-0.200911	-0.060259
53944	9.923958	-1.058921	-0.341326	0.370525	-0.068657	0.144012	0.050190	-0.058308	0.997036	-0.200201	-0.978620	-0.047153	0.978468	-0.197241	-0.060790
53945	9.683076	-1.338570	-0.016506	0.571514	-0.114518	0.144570	0.051026	-0.059910	0.996899	-0.194676	-0.979647	-0.048908	0.979539	-0.191577	-0.061651
53946	9.753308	-0.361494	0.593097	0.464320	-0.145966	0.150558	0.052190	-0.061640	0.996733	-0.190198	-0.980437	-0.050673	0.980358	-0.186932	-0.062893
53947	9.633163	-0.246966	0.814795	0.133935	-0.155090	0.176295	0.053376	-0.063621	0.996546	-0.188976	-0.980578	-0.052480	0.980530	-0.185522	-0.064362
53948	9.657251	-0.437294	0.717534	-0.062605	-0.188104	0.192044	0.054878	-0.065831	0.996321	-0.189687	-0.980340	-0.054327	0.980310	-0.186008	-0.066287
53949	9.679973	-0.542870	0.585449	-0.110786	-0.243084	0.189872	0.056899	-0.068109	0.996054	-0.190877	-0.980009	-0.056108	0.979964	-0.186931	-0.068762
53950	9.767652	-0.339080	0.321891	-0.043080	-0.298125	0.187702	0.059482	-0.070484	0.995738	-0.191402	-0.979801	-0.057922	0.979708	-0.187141	-0.071771
53951	10.002865	-0.201973	-0.123203	-0.057121	-0.329245	0.182659	0.062357	-0.072854	0.995391	-0.192070	-0.979566	-0.059663	0.979398	-0.187465	-0.075076
53952	9.793311	-0.898973	-0.722932	-0.069080	-0.326571	0.183920	0.065220	-0.075245	0.995030	-0.192858	-0.979303	-0.061415	0.979057	-0.187894	-0.078382
53953	9.354889	-1.321344	-1.086336	-0.006814	-0.325048	0.173023	0.068068	-0.077514	0.994665	-0.193037	-0.979161	-0.063095	0.978828	-0.187712	-0.081613
53954	9.427598	-1.393597	-1.320981	0.089868	-0.325794	0.158333	0.070971	-0.079651	0.994293	-0.192261	-0.979207	-0.064720	0.978774	-0.186571	-0.084810
53955	9.501444	-1.074155	-1.179218	0.153384	-0.318955	0.140663	0.073824	-0.081585	0.993929	-0.190858	-0.979382	-0.066215	0.978838	-0.184811	-0.087873
53956	9.597706	-0.824954	-0.984597	0.107037	-0.314792	0.140547	0.076657	-0.083519	0.993553	-0.189910	-0.979466	-0.067683	0.978804	-0.183497	-0.090944
53957	9.543195	-0.986219	-0.901312	0.069068	-0.309555	0.127142	0.079446	-0.085295	0.993183	-0.189329	-0.979488	-0.068974	0.978694	-0.182559	-0.093965
53958	9.530395	-1.176268	-0.706748	0.097895	-0.315198	0.113602	0.082335	-0.086960	0.992804	-0.188456	-0.979571	-0.070172	0.978624	-0.181323	-0.097041
53959	9.743054	-0.801851	-0.308036	0.191458	-0.335742	0.095023	0.085443	-0.088459	0.992408	-0.186659	-0.979836	-0.071268	0.978702	-0.179152	-0.100232
53960	9.714064	0.150060	0.309306	0.220096	-0.359809	0.099993	0.088798	-0.090058	0.991970	-0.184584	-0.980142	-0.072461	0.978797	-0.176668	-0.103658
53961	9.682376	-0.216797	0.457823	0.088090	-0.400299	0.120503	0.092493	-0.091908	0.991463	-0.183828	-0.980191	-0.073714	0.978597	-0.175440	-0.107556
53962	9.541093	-0.987372	0.347448	0.094398	-0.449804	0.125462	0.096681	-0.093901	0.990876	-0.183015	-0.980242	-0.075037	0.978345	-0.174091	-0.111957
53963	9.442690	-1.416872	0.201647	0.157218	-0.507580	0.134831	0.101401	-0.096065	0.990197	-0.181607	-0.980390	-0.076517	0.978129	-0.172068	-0.116858
53964	9.494968	-1.649225	-0.034739	0.207560	-0.548740	0.132480	0.106544	-0.098279	0.989439	-0.179707	-0.980619	-0.078052	0.977934	-0.169493	-0.122140
53965	9.636847	-1.506748	-0.427394	0.216526	-0.578467	0.119391	0.111986	-0.100387	0.988626	-0.177715	-0.980868	-0.079468	0.977689	-0.166795	-0.127684
53966	9.770699	-1.220175	-0.865689	0.149416	-0.588975	0.110937	0.117561	-0.102430	0.987769	-0.176373	-0.981007	-0.080737	0.977278	-0.164725	-0.133394
53967	10.037932	-1.263054	-1.453746	0.060682	-0.588316	0.093990	0.123143	-0.104281	0.986895	-0.175889	-0.981013	-0.081712	0.976678	-0.163521	-0.139147
53968	10.233302	-0.961253	-1.788819	-0.004592	-0.580291	0.073645	0.128693	-0.105929	0.986011	-0.176017	-0.980931	-0.082410	0.975939	-0.162949	-0.144884
53969	10.161776	-0.875639	-1.824817	-0.090049	-0.570834	0.052623	0.134168	-0.107340	0.985128	-0.176959	-0.980732	-0.082760	0.975030	-0.163224	-0.150577
53970	9.998824	-1.271143	-1.814198	-0.156840	-0.565003	0.041308	0.139615	-0.108649	0.984227	-0.178535	-0.980435	-0.082905	0.973978	-0.164144	-0.156280
53971	9.697564	-1.388968	-1.610440	-0.148577	-0.566406	0.023477	0.145086	-0.109775	0.983311	-0.180009	-0.980169	-0.082864	0.972906	-0.164982	-0.161969
53972	9.506471	-0.838368	-1.074642	-0.187788	-0.582991	0.017186	0.150737	-0.110887	0.982335	-0.181850	-0.979842	-0.082702	0.971704	-0.166171	-0.167864
53973	9.512746	-1.021831	-0.580721	-0.324360	-0.599484	0.022958	0.156516	-0.112080	0.981296	-0.185028	-0.979278	-0.082337	0.970189	-0.168680	-0.174010
53974	9.359125	-1.167576	-0.085985	-0.353076	-0.639280	0.016594	0.162695	-0.113308	0.980149	-0.188467	-0.978663	-0.081853	0.968509	-0.171408	-0.180579
53975	9.501706	-1.032191	0.349935	-0.354368	-0.691854	0.007839	0.169375	-0.114544	0.978873	-0.191902	-0.978046	-0.081242	0.966688	-0.174087	-0.187638
53976	9.817694	-1.162013	0.424766	-0.357877	-0.744078	-0.004777	0.176582	-0.115781	0.977453	-0.195338	-0.977427	-0.080489	0.964708	-0.176721	-0.195212
53977	9.946532	-0.755905	0.376213	-0.268889	-0.812778	-0.003705	0.184422	-0.117152	0.975840	-0.197916	-0.976959	-0.079882	0.962714	-0.178402	-0.203359
53978	9.857950	-0.082375	0.399737	-0.349329	-0.878509	0.006226	0.192866	-0.118769	0.974011	-0.201274	-0.976328	-0.079196	0.960360	-0.180769	-0.212206
53979	9.990661	-0.724271	-0.011728	-0.438935	-0.918417	0.021742	0.201631	-0.120619	0.972006	-0.205519	-0.975506	-0.078421	0.957657	-0.183954	-0.221481
53980	10.377201	-0.667840	-0.497721	-0.390585	-0.982105	0.023977	0.210980	-0.122650	0.969765	-0.209290	-0.974758	-0.077749	0.954822	-0.186559	-0.231323
53981	10.221618	0.128534	-0.758028	-0.420984	-1.040955	0.005948	0.220891	-0.124628	0.967303	-0.213308	-0.973964	-0.076776	0.951686	-0.189374	-0.241724
53982	10.035364	-0.442830	-1.015141	-0.462486	-1.098444	-0.001389	0.231335	-0.126688	0.964590	-0.217685	-0.973087	-0.075597	0.948208	-0.192488	-0.252687
53983	10.151242	-0.795422	-1.265102	-0.323558	-1.155407	-0.020372	0.242316	-0.128687	0.961625	-0.220690	-0.972492	-0.074531	0.944764	-0.194161	-0.264051
53984	10.245375	-0.146446	-1.380558	-0.214238	-1.213599	-0.026528	0.253824	-0.130764	0.958370	-0.222630	-0.972115	-0.073676	0.941281	-0.194661	-0.275859
53985	10.331581	-0.061706	-1.692052	-0.234413	-1.250639	-0.025809	0.265632	-0.132916	0.954868	-0.224755	-0.971697	-0.072734	0.937510	-0.195291	-0.287987
53986	10.399536	-0.337174	-2.098999	-0.225862	-1.279842	-0.041356	0.277702	-0.134991	0.951136	-0.226741	-0.971316	-0.071653	0.933526	-0.195763	-0.300344
53987	10.512604	-0.210977	-2.192919	-0.222256	-1.313104	-0.052442	0.290054	-0.137018	0.947151	-0.228652	-0.970957	-0.070440	0.929294	-0.196136	-0.312959
53988	10.637745	-0.110877	-1.975226	-0.246742	-1.343202	-0.069089	0.302667	-0.138959	0.942912	-0.230719	-0.970573	-0.068977	0.924750	-0.196670	-0.325821
53989	10.734432	-0.613312	-1.836331	-0.227002	-1.352910	-0.080437	0.315335	-0.140805	0.938476	-0.232552	-0.970243	-0.067432	0.920045	-0.196981	-0.338696
53990	10.712614	-0.861662	-2.083375	-0.044946	-1.385934	-0.088600	0.328262	-0.142637	0.933755	-0.232663	-0.970286	-0.066425	0.915485	-0.195446	-0.351694
53991	10.620589	0.081107	-1.743592	0.063713	-1.424238	-0.097129	0.341495	-0.144423	0.928721	-0.231744	-0.970555	-0.065716	0.910866	-0.192784	-0.364909
53992	10.693092	0.222895	-1.538029	-0.025729	-1.456887	-0.097837	0.354954	-0.146240	0.923375	-0.231619	-0.970653	-0.064691	0.905737	-0.190909	-0.378409
53993	10.323812	0.173602	-1.322526	-0.092785	-1.502682	-0.100317	0.368757	-0.148089	0.917654	-0.232081	-0.970630	-0.063377	0.900087	-0.189599	-0.392295
53994	9.987217	0.146259	-0.981750	-0.149341	-1.561527	-0.092968	0.382977	-0.150110	0.911480	-0.233053	-0.970492	-0.061907	0.893877	-0.188714	-0.406659
53995	9.854134	-0.229764	-0.435169	-0.237766	-1.635958	-0.075719	0.397723	-0.152426	0.904756	-0.234860	-0.970163	-0.060202	0.886937	-0.188547	-0.421655
53996	10.099508	-0.360299	0.135273	-0.258846	-1.705646	-0.057393	0.412916	-0.155052	0.897474	-0.236894	-0.969770	-0.058550	0.879421	-0.188430	-0.437165
53997	10.151648	-0.212737	0.620791	-0.245123	-1.794314	-0.016465	0.428665	-0.158234	0.889499	-0.238955	-0.969340	-0.057280	0.871290	-0.187997	-0.453333
53998	10.290258	0.288535	1.152821	-0.194108	-1.887604	0.064481	0.444865	-0.162363	0.880757	-0.240900	-0.968879	-0.056931	0.862591	-0.186847	-0.470133
53999	10.446265	0.569812	1.270920	-0.218800	-1.984660	0.174775	0.461470	-0.167717	0.871158	-0.243552	-0.968189	-0.057383	0.853070	-0.185692	-0.487637
54000	10.896019	0.577448	1.229779	-0.298566	-2.071847	0.278612	0.478337	-0.174218	0.860722	-0.247372	-0.967166	-0.058290	0.842616	-0.185036	-0.505728
54001	11.386560	0.319074	0.895382	-0.339256	-2.161011	0.376907	0.495486	-0.181818	0.849374	-0.252028	-0.965874	-0.059735	0.831249	-0.184469	-0.524400
54002	11.909847	-0.149546	0.082396	-0.359964	-2.240351	0.455517	0.512793	-0.190302	0.837155	-0.257273	-0.964371	-0.061631	0.819057	-0.183774	-0.543482
54003	12.391511	-0.485892	-0.997505	-0.392518	-2.273714	0.510467	0.529945	-0.199356	0.824266	-0.263105	-0.962664	-0.063671	0.806185	-0.183127	-0.562611
54004	12.342529	-1.233692	-2.505162	-0.416468	-2.270308	0.541778	0.546631	-0.208678	0.810955	-0.269328	-0.960805	-0.065696	0.792879	-0.182501	-0.581409
54005	11.938266	-1.748215	-3.982846	-0.344001	-2.208522	0.573346	0.562440	-0.218162	0.797538	-0.275192	-0.958964	-0.068248	0.779699	-0.181091	-0.599396
54006	11.196723	-1.819105	-4.651401	-0.265126	-2.132826	0.627831	0.577161	-0.227976	0.784163	-0.280794	-0.957095	-0.071581	0.766837	-0.178875	-0.616412
54007	10.714778	-1.852112	-6.376659	-0.182633	-1.960067	0.689405	0.590126	-0.238011	0.771429	-0.286186	-0.955173	-0.075776	0.754884	-0.176055	-0.631787
54008	10.038789	-2.074477	-8.156880	-0.098820	-1.688023	0.708384	0.600709	-0.247677	0.760135	-0.291118	-0.953290	-0.080552	0.744580	-0.172900	-0.644753
54009	9.053123	-2.326056	-9.410725	0.121627	-1.372683	0.678892	0.608894	-0.256450	0.750654	-0.294301	-0.951795	-0.086444	0.736638	-0.168283	-0.655016
54010	8.033188	-2.031619	-10.418291	0.269561	-1.046192	0.662002	0.614590	-0.264441	0.743202	-0.296344	-0.950528	-0.093149	0.731067	-0.162995	-0.662551
54011	6.758029	-0.312169	-10.589518	0.231420	-0.718919	0.648921	0.617908	-0.271727	0.737804	-0.298633	-0.949171	-0.099468	0.727330	-0.158870	-0.667646
54012	6.543394	1.683528	-9.469594	-0.502786	-0.370577	0.564823	0.618867	-0.277639	0.734793	-0.305744	-0.946822	-0.100247	0.723550	-0.162619	-0.670843
54013	8.025655	-0.053917	-7.368868	-1.193048	0.176728	0.404710	0.616337	-0.281132	0.735591	-0.316837	-0.943691	-0.095194	0.720932	-0.174391	-0.670704
54014	6.942290	-1.580906	-5.474851	-1.086522	0.714617	0.282131	0.610254	-0.282463	0.740139	-0.326378	-0.940945	-0.089995	0.721850	-0.186645	-0.666405
54015	6.635976	-1.663137	-4.598793	-0.877932	1.180589	0.213365	0.601008	-0.282161	0.747779	-0.334004	-0.938664	-0.085740	0.726106	-0.198231	-0.658388
54016	5.727512	-3.243183	-5.870694	-0.612698	1.648743	0.136483	0.588492	-0.280049	0.758452	-0.339261	-0.937045	-0.082755	0.733880	-0.208613	-0.646453
54017	5.302985	-2.975587	-6.866518	-0.033734	1.989280	0.073840	0.573535	-0.276497	0.771108	-0.339919	-0.936778	-0.083078	0.745328	-0.214466	-0.631261
54018	5.368803	-0.542700	-6.437697	0.023465	2.313179	0.028018	0.556024	-0.271692	0.785507	-0.339873	-0.936764	-0.083428	0.758501	-0.220585	-0.613204
54019	5.181931	0.633316	-6.249898	-0.333150	2.653120	-0.049605	0.535898	-0.265203	0.801549	-0.342132	-0.936155	-0.080998	0.771855	-0.230829	-0.592418
54020	5.117101	0.163796	-6.239862	-0.612962	2.954363	-0.106050	0.513239	-0.257156	0.818814	-0.346323	-0.934986	-0.076564	0.785269	-0.244278	-0.568930
54021	5.157252	-0.669798	-6.618000	-0.594453	3.186168	-0.153981	0.488538	-0.247682	0.836650	-0.350243	-0.933891	-0.071955	0.799162	-0.257878	-0.542990
54022	5.334906	-0.893239	-6.973566	-0.384155	3.359641	-0.167372	0.462009	-0.237222	0.854560	-0.352522	-0.933294	-0.068490	0.813803	-0.269608	-0.514816
54023	5.539866	-0.074890	-6.450425	-0.300843	3.500403	-0.170021	0.433872	-0.225970	0.872177	-0.354215	-0.932868	-0.065488	0.828425	-0.280525	-0.484787
54024	5.559516	0.208054	-5.935411	-0.428482	3.664622	-0.195353	0.403933	-0.213612	0.889499	-0.356955	-0.932079	-0.061740	0.842272	-0.292573	-0.452747
54025	5.636991	-1.127453	-6.274807	-0.435010	3.821632	-0.224932	0.372299	-0.200070	0.906292	-0.359761	-0.931253	-0.057792	0.855550	-0.304532	-0.418682
54026	6.164811	-2.162524	-6.867871	-0.046497	3.931784	-0.200178	0.339088	-0.186039	0.922176	-0.359432	-0.931504	-0.055756	0.869384	-0.312553	-0.382731
54027	6.340199	-1.811367	-7.713516	0.461229	4.029298	-0.157824	0.304329	-0.171878	0.936932	-0.354868	-0.933242	-0.055934	0.883998	-0.315464	-0.345007
54028	6.017893	0.388126	-7.659192	0.865980	4.067905	-0.208949	0.268784	-0.157088	0.950304	-0.346532	-0.936319	-0.056763	0.898705	-0.314054	-0.306104
54029	6.376201	2.402362	-6.999200	0.591493	4.109195	-0.315552	0.232686	-0.141175	0.962251	-0.340378	-0.938655	-0.055405	0.911043	-0.314637	-0.266465
54030	6.509993	0.979530	-6.834982	0.018801	4.097191	-0.425157	0.196608	-0.124152	0.972590	-0.339280	-0.939285	-0.051315	0.919910	-0.319892	-0.226793
54031	6.583535	-2.045183	-6.246906	-0.218477	3.978872	-0.541949	0.161722	-0.106163	0.981109	-0.340319	-0.939207	-0.045532	0.926299	-0.326527	-0.188020
54032	7.104600	-4.622115	-5.487041	0.088747	3.764166	-0.690816	0.129083	-0.087299	0.987784	-0.338479	-0.940171	-0.038858	0.932078	-0.329328	-0.150908
54033	7.640005	-4.475820	-4.651886	0.855305	3.492323	-0.865079	0.099303	-0.067704	0.992751	-0.329484	-0.943639	-0.031397	0.938924	-0.323978	-0.116014
54034	8.543768	-1.860947	-4.008346	1.313111	3.224577	-0.970741	0.072043	-0.048221	0.996235	-0.316266	-0.948391	-0.023035	0.945931	-0.313416	-0.083576
54035	9.464854	-0.272435	-3.604323	1.268238	2.955578	-0.946036	0.046936	-0.030089	0.998445	-0.303666	-0.952669	-0.014434	0.951622	-0.302517	-0.053851
54036	9.232158	0.922455	-3.005802	1.159444	2.613638	-0.823610	0.024459	-0.014438	0.999597	-0.292304	-0.956302	-0.006661	0.956013	-0.292023	-0.027611
54037	8.695965	2.072643	-2.501474	0.965665	2.169868	-0.627768	0.005490	-0.002151	0.999983	-0.282961	-0.959131	-0.000510	0.959116	-0.282954	-0.005874
54038	8.132961	2.232137	-2.424879	0.716112	1.671251	-0.405416	-0.009420	0.006432	0.999935	-0.276087	-0.961126	0.003581	0.961087	-0.276035	0.010830
54039	9.131041	1.738991	-0.014170	0.315560	1.178104	-0.155157	-0.020318	0.011194	0.999731	-0.273076	-0.961978	0.005221	0.961778	-0.272896	0.022602
54040	4.949302	-3.496420	-2.638903	0.175801	0.521614	0.032420	-0.025420	0.012322	0.999601	-0.271372	-0.962462	0.004963	0.962139	-0.271138	0.027809
54041	4.082279	-2.143334	-3.465837	1.090181	-0.355338	0.167598	-0.022439	0.009798	0.999700	-0.260827	-0.965379	0.003607	0.965125	-0.260668	0.024217
54042	7.095915	1.944116	-2.920816	1.327944	-0.955338	0.160969	-0.013604	0.005829	0.999890	-0.247951	-0.968770	0.002274	0.968677	-0.247893	0.014625
54043	13.117587	3.924692	-0.528222	1.471105	-0.971792	-0.025815	-0.004109	0.003776	0.999984	-0.233675	-0.972311	0.002711	0.972306	-0.233661	0.004877
54044	16.167185	5.909446	0.481289	1.929994	-0.709410	-0.206025	0.003275	0.004212	0.999986	-0.214862	-0.976632	0.004818	0.976639	-0.214875	-0.002293
54045	15.845806	8.963054	1.447476	1.549060	-0.849210	0.023011	0.011535	0.002263	0.999931	-0.199710	-0.979845	0.004522	0.979787	-0.199748	-0.010851
54046	15.005896	1.094795	-0.847398	0.390639	-1.106870	0.462927	0.021476	-0.004435	0.999760	-0.195954	-0.980613	-0.000141	0.980378	-0.195904	-0.021929
54047	10.260614	-5.835226	-4.379929	1.073433	-1.263647	0.526815	0.032870	-0.011979	0.999388	-0.185562	-0.982616	-0.005674	0.982083	-0.185262	-0.034522
54048	8.347028	0.517190	-4.431102	1.599907	-1.299021	0.445116	0.044862	-0.018636	0.998819	-0.169999	-0.985386	-0.010750	0.984423	-0.169316	-0.047374
54049	10.354904	0.361786	-5.040309	0.411948	-1.083116	0.388565	0.054871	-0.024240	0.998199	-0.166134	-0.985992	-0.014812	0.984575	-0.165022	-0.058130
54050	9.488388	-3.467541	-6.072217	0.316907	-0.818799	0.443006	0.062218	-0.029921	0.997614	-0.163268	-0.986391	-0.019402	0.984618	-0.161672	-0.066256
54051	10.123318	-1.504563	-6.016863	0.293363	-0.648132	0.453759	0.067864	-0.035399	0.997066	-0.160672	-0.986714	-0.024096	0.984672	-0.158565	-0.072650
54052	10.735942	0.262172	-6.365451	0.061416	-0.494211	0.383629	0.072134	-0.039944	0.996595	-0.160330	-0.986668	-0.027942	0.984424	-0.157768	-0.077577
54053	10.835032	1.032451	-6.295895	-0.073878	-0.367475	0.339063	0.075204	-0.043834	0.996204	-0.161303	-0.986411	-0.031226	0.984035	-0.158343	-0.081253
54054	10.536811	1.974730	-5.142727	-0.168036	-0.246895	0.337374	0.077113	-0.047532	0.995889	-0.163208	-0.985991	-0.034422	0.983573	-0.159883	-0.083790
54055	9.883214	1.168306	-3.559160	-0.390826	-0.156283	0.349426	0.078071	-0.051192	0.995633	-0.167318	-0.985188	-0.037535	0.982807	-0.163657	-0.085480
54056	9.781505	-0.583747	-2.139352	-0.305920	-0.128908	0.335430	0.078803	-0.054685	0.995389	-0.170583	-0.984507	-0.040583	0.982187	-0.166599	-0.086910
54057	9.719709	-1.597144	-0.666162	-0.123820	-0.134124	0.293906	0.079615	-0.057766	0.995150	-0.172028	-0.984137	-0.043364	0.981869	-0.167742	-0.088290
54058	9.668859	-2.123491	0.334785	-0.032703	-0.144110	0.268829	0.080599	-0.060630	0.994901	-0.172561	-0.983925	-0.045982	0.981696	-0.167975	-0.089766
54059	9.630185	-2.455200	0.684090	-0.047466	-0.138296	0.261107	0.081505	-0.063395	0.994655	-0.173235	-0.983686	-0.048501	0.981502	-0.168356	-0.091157
54060	9.502037	-2.075168	1.085809	-0.070082	-0.147543	0.263678	0.082525	-0.066217	0.994387	-0.174134	-0.983399	-0.051034	0.981258	-0.168945	-0.092685
54061	9.484789	-1.207578	1.141139	-0.153851	-0.178577	0.258642	0.083824	-0.069026	0.994087	-0.175855	-0.982965	-0.053426	0.980841	-0.170336	-0.094534
54062	9.683704	-1.098067	0.194336	-0.211140	-0.199805	0.231078	0.085401	-0.071619	0.993769	-0.178115	-0.982443	-0.055497	0.980297	-0.172266	-0.096659
54063	9.528665	-1.246183	-0.582964	-0.080061	-0.232077	0.205499	0.087309	-0.074002	0.993429	-0.179073	-0.982158	-0.057425	0.979954	-0.172883	-0.099003
54064	9.529539	-1.150513	-0.713430	0.096801	-0.277107	0.188709	0.089713	-0.076314	0.993040	-0.178286	-0.982186	-0.059373	0.979880	-0.171718	-0.101721
54065	9.825125	-1.081596	-0.778127	0.259208	-0.312463	0.165047	0.092483	-0.078431	0.992621	-0.175892	-0.982503	-0.061244	0.980056	-0.168930	-0.104660
54066	9.818669	-0.927747	-0.869107	0.325317	-0.335742	0.151710	0.095535	-0.080464	0.992169	-0.172840	-0.982928	-0.063072	0.980306	-0.165460	-0.107811
54067	9.720067	-0.702781	-0.746092	0.284852	-0.337098	0.152688	0.098577	-0.082482	0.991705	-0.170191	-0.983274	-0.064863	0.980468	-0.162385	-0.110966
54068	9.667727	-0.890709	-0.693529	0.119008	-0.322106	0.151523	0.101504	-0.084473	0.991242	-0.169169	-0.983343	-0.066477	0.980346	-0.160940	-0.114103
54069	9.672780	-1.683659	-1.061716	-0.023456	-0.307397	0.139046	0.104280	-0.086299	0.990797	-0.169538	-0.983189	-0.067793	0.979991	-0.160908	-0.117158
54070	9.737234	-1.910660	-1.769029	0.032233	-0.298265	0.113780	0.107035	-0.087878	0.990364	-0.169335	-0.983145	-0.068937	0.979729	-0.160325	-0.120112
54071	9.721329	-0.841923	-2.109960	0.168361	-0.288660	0.087956	0.109714	-0.089167	0.989956	-0.167777	-0.983338	-0.069977	0.979701	-0.158414	-0.122846
54072	9.933790	0.474034	-1.777076	0.090870	-0.273672	0.072306	0.112299	-0.090293	0.989564	-0.166959	-0.983420	-0.070785	0.979548	-0.157268	-0.125513
54073	10.251008	0.111160	-1.592179	-0.098507	-0.246318	0.060615	0.114609	-0.091241	0.989212	-0.167988	-0.983213	-0.071224	0.979104	-0.158013	-0.128013
54074	10.154014	-0.689779	-1.322656	-0.087964	-0.236307	0.048647	0.116867	-0.092075	0.988870	-0.168898	-0.983032	-0.071570	0.978680	-0.158654	-0.130435
54075	9.744661	-1.114249	-1.097903	-0.042239	-0.242139	0.038838	0.119170	-0.092804	0.988527	-0.169353	-0.982932	-0.071863	0.978324	-0.158846	-0.132852
54076	9.647746	-1.149624	-1.091588	-0.036916	-0.253807	0.048033	0.121597	-0.093661	0.988151	-0.169764	-0.982831	-0.072267	0.977954	-0.158965	-0.135409
54077	9.666511	-1.358694	-1.315465	-0.086334	-0.244435	0.046049	0.123907	-0.094467	0.987787	-0.170660	-0.982654	-0.072569	0.977508	-0.159584	-0.137880
54078	9.566596	-1.244781	-1.623454	-0.080089	-0.245392	0.040975	0.126261	-0.095244	0.987414	-0.171486	-0.982490	-0.072841	0.977062	-0.160131	-0.140383
54079	9.384836	-0.501612	-1.485323	-0.105754	-0.253894	0.033020	0.128684	-0.095940	0.987034	-0.172556	-0.982292	-0.072982	0.976558	-0.160927	-0.142960
54080	9.563649	-0.469813	-1.334692	-0.198022	-0.275292	0.027909	0.131349	-0.096642	0.986614	-0.174518	-0.981948	-0.072951	0.975854	-0.162600	-0.145843
54081	9.750224	-0.866032	-1.086376	-0.203276	-0.300013	0.026038	0.134229	-0.097351	0.986157	-0.176530	-0.981594	-0.072873	0.975100	-0.164305	-0.148944
54082	9.611429	-0.821543	-0.910099	-0.138886	-0.331745	0.024821	0.137444	-0.098124	0.985637	-0.177910	-0.981344	-0.072887	0.974401	-0.165337	-0.152337
54083	9.698654	-0.229554	-0.821677	-0.129052	-0.344444	0.025122	0.140754	-0.098905	0.985092	-0.179196	-0.981109	-0.072901	0.973692	-0.166264	-0.155818
