// General information: 
//  MT Manager version: 2022.2.0 
//  XDA version: 2022.2.0 build 7381 rev 124627 built on 2023-07-19
// Device information: 
//  DeviceId: 00B4CB9F
//  ProductCode: MTW2-3A7G6
//  Firmware Version: 4.6.0
//  Hardware Version: 2.0.0
// Device settings: 
//  Filter Profile: human(46.1)
//  Option Flags: Orientation Smoother Disabled, Position/Velocity Smoother Disabled, Continuous Zero Rotation Update Disabled, AHS Disabled, ICC Disabled
// Coordinate system: ENU
PacketCounter	Acc_X	Acc_Y	Acc_Z	Gyr_X	Gyr_Y	Gyr_Z	Mat[1][1]	Mat[2][1]	Mat[3][1]	Mat[1][2]	Mat[2][2]	Mat[3][2]	Mat[1][3]	Mat[2][3]	Mat[3][3]
10320	10.024295	0.412792	1.040331	-0.201942	-0.071280	-0.032720	0.078114	0.045182	0.995920	-0.770005	0.637261	0.031484	-0.633239	-0.769322	0.084570
10321	9.814714	-0.007391	0.911310	-0.187743	-0.053514	-0.037653	0.078001	0.044526	0.995959	-0.768818	0.638683	0.031658	-0.634692	-0.768180	0.084050
10322	9.567408	-0.386040	0.635818	-0.151718	-0.051827	-0.039491	0.077924	0.043865	0.995994	-0.767859	0.639825	0.031896	-0.635863	-0.767268	0.083539
10323	9.544733	-0.414757	0.411226	-0.074377	-0.056018	-0.028200	0.077719	0.043250	0.996037	-0.767397	0.640370	0.032073	-0.636445	-0.766848	0.082959
10324	9.428488	-0.197960	0.390527	-0.006904	-0.048550	-0.005376	0.077400	0.042833	0.996080	-0.767383	0.640385	0.032092	-0.636500	-0.766859	0.082435
10325	9.379054	0.228840	0.264758	0.030560	-0.057872	0.003130	0.076943	0.042404	0.996133	-0.767613	0.640112	0.032043	-0.636278	-0.767111	0.081803
10326	9.609724	0.625034	0.346426	0.008810	-0.064707	0.008860	0.076411	0.041954	0.996193	-0.767711	0.640000	0.031933	-0.636224	-0.767229	0.081112
10327	9.717852	0.608817	0.508456	-0.039554	-0.051185	0.005708	0.075978	0.041594	0.996242	-0.767497	0.640263	0.031801	-0.636534	-0.767029	0.080569
10328	9.721025	0.422447	0.630867	-0.067412	-0.045652	-0.002768	0.075656	0.041215	0.996282	-0.767101	0.640741	0.031746	-0.637050	-0.766650	0.080092
10329	9.746596	0.260757	0.652304	-0.063695	-0.043989	-0.004617	0.075347	0.040844	0.996321	-0.766725	0.641193	0.031698	-0.637539	-0.766292	0.079627
10330	9.804422	0.249591	0.752758	-0.035531	-0.035576	-0.008060	0.075129	0.040508	0.996351	-0.766527	0.641428	0.031721	-0.637803	-0.766113	0.079241
10331	10.010385	0.250993	0.830973	-0.014549	-0.018413	-0.009973	0.075024	0.040299	0.996367	-0.766460	0.641506	0.031766	-0.637895	-0.766059	0.079016
10332	9.556472	0.330973	0.849371	-0.007009	-0.005692	-0.004752	0.074971	0.040214	0.996375	-0.766447	0.641521	0.031778	-0.637918	-0.766050	0.078918
10333	9.740312	0.387941	1.073355	-0.002556	-0.016239	-0.000697	0.074809	0.040081	0.996392	-0.766463	0.641503	0.031741	-0.637917	-0.766072	0.078710
10334	9.787490	0.227220	1.109187	0.007301	0.005359	0.011832	0.074700	0.040187	0.996396	-0.766554	0.641402	0.031599	-0.637821	-0.766151	0.078718
10335	9.697002	0.064057	1.039202	0.043241	0.011962	0.023492	0.074532	0.040425	0.996399	-0.766880	0.641024	0.031356	-0.637448	-0.766456	0.078778
10336	9.943033	0.032529	0.774783	0.096650	0.004330	0.040011	0.074200	0.040704	0.996412	-0.767560	0.640227	0.031004	-0.636668	-0.767107	0.078747
10337	10.317519	0.197319	0.608497	0.136245	-0.012101	0.052128	0.073658	0.040940	0.996443	-0.768499	0.639122	0.030549	-0.635598	-0.768015	0.078539
10338	10.396730	0.579452	0.616373	0.130424	-0.010560	0.044492	0.073196	0.041132	0.996469	-0.769394	0.638061	0.030178	-0.634566	-0.768887	0.078351
10339	9.927632	0.882923	0.471809	0.096973	-0.017959	0.022159	0.072847	0.041131	0.996495	-0.770059	0.637268	0.029991	-0.633800	-0.769544	0.078096
10340	9.554154	0.858940	0.180534	0.053022	-0.042475	-0.004846	0.072563	0.040762	0.996531	-0.770426	0.636821	0.030051	-0.633386	-0.769934	0.077614
10341	9.531699	0.638837	-0.076404	-0.003362	-0.071546	-0.020934	0.072207	0.040073	0.996584	-0.770423	0.636817	0.030214	-0.633431	-0.769973	0.076856
10342	9.529318	0.570003	0.093113	-0.022660	-0.083880	-0.030278	0.071856	0.039222	0.996644	-0.770292	0.636963	0.030469	-0.633630	-0.769896	0.075982
10343	9.430605	0.647235	0.434559	-0.045901	-0.080506	-0.033502	0.071540	0.038384	0.996699	-0.770010	0.637291	0.030726	-0.634008	-0.769666	0.075148
10344	9.553519	0.540245	0.633898	-0.080592	-0.077057	-0.033789	0.071258	0.037564	0.996750	-0.769510	0.637883	0.030973	-0.634647	-0.769216	0.074360
10345	9.777131	0.159350	0.943704	-0.132538	-0.058662	-0.024078	0.071006	0.036955	0.996791	-0.768684	0.638874	0.031072	-0.635675	-0.768424	0.073771
10346	9.767498	-0.191660	1.170604	-0.125577	-0.032957	-0.026144	0.070945	0.036523	0.996811	-0.767901	0.639807	0.031211	-0.636627	-0.767667	0.073437
10347	9.860249	-0.298936	1.161764	-0.067811	-0.017697	-0.013960	0.070875	0.036293	0.996825	-0.767493	0.640295	0.031257	-0.637128	-0.767271	0.073235
10348	9.890171	-0.119898	1.186719	0.010072	0.001427	-0.005995	0.070877	0.036254	0.996826	-0.767588	0.640180	0.031295	-0.637013	-0.767369	0.073203
10349	9.852906	0.005656	1.245148	0.082515	0.018846	0.003419	0.070907	0.036416	0.996818	-0.768148	0.639507	0.031278	-0.636333	-0.767922	0.073318
10350	9.892122	0.091308	1.211667	0.138658	0.028257	0.019153	0.070886	0.036745	0.996807	-0.769078	0.638395	0.031159	-0.635212	-0.768831	0.073513
10351	9.951455	0.151121	1.142120	0.178681	0.039920	0.032609	0.070824	0.037255	0.996793	-0.770268	0.636970	0.030922	-0.633776	-0.769987	0.073809
10352	9.669106	0.394980	1.020254	0.209842	0.059263	0.039415	0.070842	0.037952	0.996765	-0.771658	0.635298	0.030654	-0.632080	-0.771334	0.074292
10353	9.400684	0.759795	1.017051	0.209001	0.051520	0.040261	0.070792	0.038600	0.996744	-0.773039	0.633632	0.030366	-0.630396	-0.772671	0.074696
10354	9.534837	0.923361	1.111227	0.161474	0.048927	0.037374	0.070758	0.039204	0.996723	-0.774116	0.632328	0.030084	-0.629077	-0.773708	0.075091
10355	9.506015	0.948623	0.949661	0.115871	0.039517	0.031128	0.070702	0.039701	0.996707	-0.774899	0.631381	0.029818	-0.628118	-0.774456	0.075404
10356	9.748886	0.941739	0.632934	0.074365	0.013310	0.027241	0.070522	0.039965	0.996709	-0.775420	0.630753	0.029573	-0.627496	-0.774954	0.075472
10357	10.361922	0.960505	0.500453	0.018613	-0.013528	0.023486	0.070191	0.040003	0.996731	-0.775586	0.630561	0.029310	-0.627328	-0.775108	0.075285
10358	10.449190	0.785781	0.731653	-0.068679	-0.007879	0.016477	0.069962	0.040035	0.996746	-0.775201	0.631045	0.029065	-0.627828	-0.774712	0.075184
10359	9.771657	0.564568	0.638765	-0.088532	-0.019671	-0.006968	0.069828	0.039833	0.996763	-0.774673	0.631696	0.029025	-0.628495	-0.774193	0.074968
10360	9.546938	0.520123	0.218130	-0.069428	-0.050138	-0.030462	0.069697	0.039241	0.996796	-0.774248	0.632206	0.029248	-0.629033	-0.773806	0.074445
10361	9.601348	0.399772	0.067404	-0.059770	-0.059717	-0.026496	0.069462	0.038606	0.996837	-0.773886	0.632640	0.029425	-0.629504	-0.773483	0.073821
10362	9.565960	0.315983	0.198709	-0.052958	-0.062379	-0.022905	0.069194	0.037967	0.996880	-0.773571	0.633018	0.029585	-0.629920	-0.773205	0.073171
10363	9.701203	0.348038	0.246330	-0.046936	-0.067049	-0.022399	0.068881	0.037301	0.996927	-0.773293	0.633352	0.029731	-0.630296	-0.772965	0.072471
10364	9.790287	0.143851	0.364702	-0.061080	-0.053500	-0.008969	0.068560	0.036819	0.996967	-0.772936	0.633786	0.029747	-0.630769	-0.772632	0.071912
10365	9.754869	-0.023095	0.454375	-0.046323	-0.044789	-0.000912	0.068221	0.036463	0.997004	-0.772676	0.634106	0.029680	-0.631124	-0.772386	0.071433
10366	9.852417	-0.052163	0.588371	-0.020318	-0.026421	0.005997	0.067955	0.036284	0.997028	-0.772586	0.634220	0.029577	-0.631263	-0.772300	0.071131
10367	9.785103	0.006753	0.768188	0.031293	-0.011177	0.013138	0.067718	0.036276	0.997045	-0.772826	0.633936	0.029425	-0.630995	-0.772534	0.070964
10368	9.839525	0.055068	0.925866	0.084327	0.001533	0.015577	0.067555	0.036375	0.997052	-0.773401	0.633239	0.029300	-0.630307	-0.773101	0.070911
10369	9.821126	0.105996	1.010851	0.131739	0.011784	0.020798	0.067404	0.036592	0.997054	-0.774277	0.632175	0.029143	-0.629246	-0.773961	0.070944
10370	9.779188	0.344888	1.117376	0.166782	0.024083	0.031631	0.067258	0.036967	0.997051	-0.775381	0.630831	0.028916	-0.627901	-0.775039	0.071092
10371	9.679114	0.572446	1.232715	0.166308	0.035985	0.032724	0.067166	0.037446	0.997039	-0.776479	0.629491	0.028666	-0.626553	-0.776105	0.071357
10372	9.619132	0.771466	1.162367	0.147327	0.040407	0.025651	0.067167	0.037909	0.997021	-0.777453	0.628296	0.028486	-0.625345	-0.777050	0.071674
10373	9.595947	0.823268	1.149171	0.115328	0.049582	0.025546	0.067214	0.038450	0.996997	-0.778223	0.627351	0.028271	-0.624381	-0.777786	0.072089
10374	9.560927	0.839082	1.219982	0.073472	0.050507	0.027699	0.067262	0.039004	0.996973	-0.778733	0.626729	0.028018	-0.623739	-0.778260	0.072529
10375	9.667128	0.736535	1.190076	0.037641	0.057268	0.030788	0.067315	0.039637	0.996944	-0.779021	0.626386	0.027696	-0.623374	-0.778505	0.073043
10376	9.655816	0.626192	0.905015	0.017957	0.054958	0.032387	0.067353	0.040256	0.996917	-0.779190	0.626190	0.027357	-0.623159	-0.778630	0.073543
10377	10.090255	0.651059	0.475641	0.010791	0.025643	0.037963	0.067153	0.040688	0.996913	-0.779315	0.626053	0.026943	-0.623024	-0.778718	0.073750
10378	10.576439	0.478698	0.569861	-0.034210	0.024342	0.039952	0.066942	0.041116	0.996909	-0.779161	0.626264	0.026491	-0.623239	-0.778526	0.073959
10379	10.024413	0.401101	0.482616	-0.032156	0.020090	0.025520	0.066804	0.041426	0.996906	-0.779010	0.626465	0.026170	-0.623443	-0.778348	0.074122
10380	9.540858	0.598810	-0.053591	0.006027	-0.022826	-0.002296	0.066628	0.041222	0.996926	-0.779082	0.626376	0.026168	-0.623372	-0.778430	0.073849
10381	9.546236	0.526831	-0.329837	-0.002074	-0.042611	-0.007801	0.066359	0.040836	0.996960	-0.779096	0.626357	0.026202	-0.623383	-0.778466	0.073379
10382	9.431825	0.435660	-0.039246	-0.019121	-0.049705	-0.006480	0.066048	0.040395	0.996998	-0.779004	0.626470	0.026224	-0.623530	-0.778398	0.072845
10383	9.475469	0.613601	0.280421	-0.044410	-0.062087	-0.004497	0.065631	0.039878	0.997047	-0.778757	0.626779	0.026193	-0.623884	-0.778176	0.072191
10384	9.593050	0.734659	0.679431	-0.103742	-0.061088	-0.004352	0.065232	0.039362	0.997094	-0.778142	0.627545	0.026134	-0.624692	-0.777585	0.071565
10385	9.827855	0.470624	0.953949	-0.174120	-0.041390	-0.008831	0.064977	0.038979	0.997125	-0.777079	0.628863	0.026055	-0.626039	-0.776538	0.071152
10386	9.857686	0.015434	1.118717	-0.206314	-0.020603	-0.016925	0.064928	0.038700	0.997139	-0.775811	0.630428	0.026049	-0.627616	-0.775282	0.070956
10387	9.845711	-0.372281	1.084564	-0.168553	-0.004741	-0.021449	0.065001	0.038522	0.997141	-0.774770	0.631704	0.026101	-0.628893	-0.774252	0.070907
10388	9.805116	-0.537871	1.078639	-0.071655	0.014341	-0.011254	0.065127	0.038550	0.997132	-0.774347	0.632221	0.026134	-0.629400	-0.773829	0.071026
10389	9.720198	-0.435861	1.127120	0.030965	0.030078	0.000153	0.065251	0.038779	0.997115	-0.774575	0.631943	0.026111	-0.629107	-0.774044	0.071272
10390	9.645505	-0.130875	1.238436	0.102148	0.046808	0.023199	0.065313	0.039275	0.997092	-0.775268	0.631100	0.025924	-0.628247	-0.774706	0.071668
10391	9.709876	0.164043	1.237540	0.134963	0.054884	0.047399	0.065225	0.039994	0.997069	-0.776178	0.629997	0.025505	-0.627131	-0.775567	0.072134
10392	9.954298	0.299970	1.281655	0.131349	0.075083	0.064955	0.065139	0.040974	0.997035	-0.777077	0.628912	0.024923	-0.626026	-0.776396	0.072807
10393	9.912225	0.399779	1.358011	0.119272	0.107358	0.071175	0.065193	0.042249	0.996978	-0.777902	0.627918	0.024258	-0.624995	-0.777132	0.073802
10394	9.668586	0.520111	1.343473	0.108168	0.110832	0.061668	0.065354	0.043487	0.996914	-0.778651	0.627009	0.023695	-0.624044	-0.777797	0.074839
10395	9.497935	0.600422	1.134827	0.090786	0.093537	0.055449	0.065441	0.044556	0.996861	-0.779286	0.626240	0.023167	-0.623242	-0.778356	0.075704
10396	9.722227	0.641268	0.909233	0.068846	0.088877	0.044440	0.065597	0.045515	0.996808	-0.779779	0.625642	0.022747	-0.622609	-0.778781	0.076532
10397	9.694692	0.685401	0.639319	0.051074	0.071069	0.032490	0.065722	0.046266	0.996765	-0.780150	0.625191	0.022420	-0.622131	-0.779100	0.077183
10398	9.748346	0.688404	0.375542	0.013283	0.034188	0.019951	0.065728	0.046646	0.996747	-0.780279	0.625037	0.022203	-0.621968	-0.779200	0.077479
10399	9.882001	0.629612	0.230046	-0.014046	0.004922	0.003171	0.065669	0.046698	0.996748	-0.780226	0.625106	0.022118	-0.622041	-0.779141	0.077485
10400	9.832351	0.579033	0.171852	-0.038296	-0.021013	-0.005723	0.065532	0.046486	0.996767	-0.780019	0.625365	0.022116	-0.622315	-0.778946	0.077241
10401	9.754516	0.464925	0.337557	-0.045337	-0.039110	-0.017243	0.065358	0.046068	0.996798	-0.779757	0.625688	0.022211	-0.622661	-0.778712	0.076816
10402	9.634899	0.299693	0.645136	-0.049818	-0.056162	-0.016876	0.065089	0.045513	0.996841	-0.779472	0.626040	0.022313	-0.623046	-0.778462	0.076225
10403	9.740887	0.238864	0.872048	-0.060356	-0.065630	-0.019054	0.064764	0.044877	0.996891	-0.779116	0.626479	0.022414	-0.623526	-0.778145	0.075538
10404	9.806109	0.147052	1.129503	-0.075112	-0.063755	-0.010539	0.064398	0.044303	0.996940	-0.778676	0.627025	0.022435	-0.624113	-0.777738	0.074876
10405	9.921087	0.045121	1.290914	-0.074960	-0.044836	-0.009036	0.064124	0.043892	0.996976	-0.778234	0.627574	0.022426	-0.624692	-0.777319	0.074400
10406	9.909194	-0.126068	1.334379	-0.063333	-0.021300	-0.006025	0.063986	0.043677	0.996995	-0.777868	0.628028	0.022410	-0.625162	-0.776964	0.074160
10407	9.865768	-0.264638	1.274728	-0.037392	-0.000073	-0.001121	0.063930	0.043663	0.996999	-0.777666	0.628281	0.022350	-0.625419	-0.776761	0.074122
10408	9.777622	-0.140063	1.108010	0.016468	0.013449	-0.003273	0.063988	0.043736	0.996992	-0.777802	0.628112	0.022366	-0.625244	-0.776893	0.074210
10409	9.710949	0.197970	0.872053	0.062043	0.024586	-0.006780	0.064130	0.043879	0.996976	-0.778217	0.627594	0.022437	-0.624712	-0.777303	0.074395
10410	9.686995	0.457613	0.616101	0.069995	0.022563	-0.000767	0.064225	0.044039	0.996963	-0.778688	0.627009	0.022467	-0.624116	-0.777766	0.074562
10411	9.717547	0.516919	0.332298	0.052754	0.014731	0.001854	0.064239	0.044159	0.996957	-0.779050	0.626559	0.022445	-0.623662	-0.778122	0.074652
10412	9.820661	0.497929	0.239861	0.030025	0.003359	-0.000478	0.064212	0.044171	0.996958	-0.779272	0.626284	0.022443	-0.623388	-0.778343	0.074637
10413	9.837944	0.402992	0.380598	0.015232	-0.007149	0.001213	0.064094	0.044117	0.996968	-0.779400	0.626126	0.022400	-0.623240	-0.778472	0.074516
10414	9.699810	0.380004	0.384532	-0.004962	-0.022285	-0.009797	0.063980	0.043871	0.996986	-0.779396	0.626129	0.022465	-0.623257	-0.778484	0.074253
10415	9.689812	0.394244	0.399541	-0.012779	-0.045275	-0.022406	0.063808	0.043372	0.997019	-0.779334	0.626200	0.022636	-0.623352	-0.778455	0.073758
10416	9.562133	0.285015	0.499898	-0.026041	-0.059430	-0.033138	0.063644	0.042690	0.997059	-0.779184	0.626376	0.022918	-0.623556	-0.778351	0.073129
10417	9.587051	0.322233	0.711711	-0.033265	-0.081158	-0.041344	0.063396	0.041794	0.997113	-0.778982	0.626614	0.023263	-0.623833	-0.778208	0.072281
10418	9.743658	0.585290	1.067057	-0.079614	-0.071488	-0.049772	0.063285	0.040914	0.997156	-0.778488	0.627213	0.023673	-0.624461	-0.777772	0.071544
10419	9.725154	0.597985	1.370774	-0.129648	-0.051092	-0.049478	0.063287	0.040200	0.997185	-0.777679	0.628203	0.024031	-0.625468	-0.777011	0.071020
10420	9.861898	0.148225	1.429199	-0.177109	-0.024970	-0.049016	0.063460	0.039685	0.997195	-0.776573	0.629556	0.024366	-0.626823	-0.775941	0.070770
10421	9.920647	-0.266593	1.421413	-0.161267	0.002541	-0.035693	0.063689	0.039475	0.997189	-0.775571	0.630782	0.024565	-0.628039	-0.774955	0.070789
10422	9.838380	-0.363255	1.217448	-0.093017	0.026191	-0.029150	0.064029	0.039482	0.997167	-0.775002	0.631473	0.024761	-0.628707	-0.774392	0.071032
10423	9.755866	-0.144545	0.864401	-0.011146	0.024505	-0.024713	0.064310	0.039511	0.997147	-0.774949	0.631531	0.024956	-0.628744	-0.774343	0.071233
10424	9.711095	0.246080	0.576838	0.044760	0.019719	-0.022300	0.064555	0.039512	0.997132	-0.775247	0.631156	0.025180	-0.628350	-0.774649	0.071376
10425	9.607297	0.522283	0.366539	0.054760	0.011659	-0.021004	0.064727	0.039465	0.997122	-0.775610	0.630702	0.025386	-0.627885	-0.775021	0.071433
10426	9.686298	0.613618	0.251521	0.029585	-0.007579	-0.022861	0.064805	0.039251	0.997126	-0.775817	0.630438	0.025605	-0.627621	-0.775246	0.071308
10427	9.750934	0.539319	0.240505	0.011593	-0.020346	-0.021336	0.064779	0.038954	0.997139	-0.775908	0.630319	0.025783	-0.627511	-0.775359	0.071056
10428	9.821601	0.490381	0.376707	-0.008671	-0.029683	-0.020193	0.064698	0.038584	0.997159	-0.775870	0.630359	0.025949	-0.627566	-0.775345	0.070719
10429	9.908746	0.498427	0.417235	-0.014153	-0.036104	-0.023168	0.064587	0.038152	0.997183	-0.775799	0.630439	0.026127	-0.627666	-0.775301	0.070317
10430	10.048881	0.394235	0.530920	-0.036773	-0.036223	-0.026383	0.064513	0.037694	0.997205	-0.775585	0.630693	0.026335	-0.627938	-0.775116	0.069923
10431	10.005246	0.349703	0.731040	-0.056069	-0.022825	-0.030324	0.064540	0.037321	0.997217	-0.775246	0.631101	0.026555	-0.628354	-0.774802	0.069664
10432	9.842083	0.229457	0.853610	-0.054669	-0.014847	-0.034557	0.064663	0.036977	0.997222	-0.774916	0.631494	0.026832	-0.628748	-0.774498	0.069489
10433	9.731474	0.176610	0.862746	-0.029412	-0.007154	-0.040927	0.064871	0.036658	0.997220	-0.774737	0.631699	0.027177	-0.628947	-0.774346	0.069379
10434	9.663288	0.181269	0.888915	0.003035	-0.005334	-0.034638	0.065054	0.036386	0.997218	-0.774770	0.631645	0.027496	-0.628888	-0.774403	0.069282
10435	9.673322	0.171474	0.870378	0.032237	0.002920	-0.018289	0.065150	0.036288	0.997215	-0.774993	0.631364	0.027657	-0.628603	-0.774637	0.069256
10436	9.678869	0.139984	0.864308	0.051837	0.009204	-0.014112	0.065266	0.036259	0.997209	-0.775341	0.630930	0.027804	-0.628161	-0.774992	0.069291
10437	9.780905	0.259165	0.808327	0.076930	0.003793	-0.009872	0.065302	0.036221	0.997208	-0.775850	0.630299	0.027913	-0.627528	-0.775507	0.069262
10438	9.787351	0.410851	0.774387	0.087363	0.006734	-0.002381	0.065312	0.036247	0.997206	-0.776428	0.629586	0.027967	-0.626813	-0.776085	0.069263
10439	9.778833	0.494796	0.615775	0.082618	0.005213	-0.004264	0.065313	0.036255	0.997206	-0.776975	0.628908	0.028024	-0.626134	-0.776634	0.069246
10440	9.790509	0.531705	0.532234	0.065126	-0.005273	-0.006718	0.065280	0.036161	0.997212	-0.777411	0.628365	0.028105	-0.625597	-0.777077	0.069132
10441	9.752976	0.599440	0.432186	0.045055	-0.019664	-0.019068	0.065241	0.035883	0.997224	-0.777712	0.627984	0.028284	-0.625226	-0.777399	0.068877
10442	9.708578	0.734030	0.444106	0.038609	-0.036490	-0.026215	0.065166	0.035423	0.997246	-0.777968	0.627656	0.028542	-0.624916	-0.777685	0.068460
10443	9.687078	0.837901	0.358481	0.016083	-0.050053	-0.027859	0.065005	0.034853	0.997276	-0.778082	0.627502	0.028787	-0.624790	-0.777834	0.067910
10444	9.740305	0.750122	0.314166	-0.008467	-0.065208	-0.027229	0.064758	0.034164	0.997316	-0.778047	0.627535	0.029023	-0.624859	-0.777838	0.067219
10445	9.650220	0.649512	0.394022	-0.037781	-0.071388	-0.028025	0.064465	0.033427	0.997360	-0.777825	0.627801	0.029234	-0.625166	-0.777656	0.066472
10446	9.746625	0.575825	0.589332	-0.053791	-0.079699	-0.030714	0.064155	0.032603	0.997407	-0.777502	0.628189	0.029477	-0.625599	-0.777378	0.065650
10447	9.751266	0.496490	0.640657	-0.060966	-0.070949	-0.029200	0.063874	0.031862	0.997449	-0.777134	0.628634	0.029685	-0.626085	-0.777048	0.064914
10448	9.880341	0.400794	0.609093	-0.063220	-0.070406	-0.027597	0.063596	0.031129	0.997490	-0.776754	0.629095	0.029890	-0.626585	-0.776705	0.064188
10449	10.151516	0.360929	0.778857	-0.074850	-0.060598	-0.022849	0.063329	0.030509	0.997526	-0.776302	0.629645	0.030027	-0.627171	-0.776284	0.063560
10450	10.210722	0.249467	0.947847	-0.076159	-0.037332	-0.026332	0.063249	0.030041	0.997546	-0.775840	0.630206	0.030213	-0.627752	-0.775846	0.063167
10451	9.987716	0.144376	1.026491	-0.055003	-0.012824	-0.035072	0.063376	0.029715	0.997547	-0.775505	0.630606	0.030485	-0.628153	-0.775534	0.063010
10452	9.733785	0.089184	0.830537	-0.030971	0.002937	-0.033708	0.063606	0.029513	0.997539	-0.775320	0.630819	0.030773	-0.628358	-0.775369	0.063006
10453	9.622347	0.160499	0.659750	-0.006621	0.010784	-0.027713	0.063824	0.029417	0.997528	-0.775293	0.630840	0.031002	-0.628369	-0.775355	0.063069
10454	9.679503	0.196545	0.540319	0.007436	0.022224	-0.018323	0.064055	0.029462	0.997511	-0.775364	0.630746	0.031160	-0.628258	-0.775430	0.063246
10455	9.782887	0.229411	0.383368	0.011746	0.018555	-0.010473	0.064188	0.029535	0.997501	-0.775463	0.630620	0.031228	-0.628122	-0.775530	0.063382
10456	9.881720	0.159805	0.195844	0.027643	0.023217	-0.004470	0.064317	0.029674	0.997488	-0.775665	0.630371	0.031261	-0.627860	-0.775727	0.063560
10457	9.858084	0.131999	0.139671	0.053828	0.024293	-0.001857	0.064419	0.029845	0.997477	-0.776034	0.629916	0.031270	-0.627393	-0.776090	0.063740
10458	9.685730	0.307594	0.188405	0.073002	0.034872	0.000961	0.064578	0.030110	0.997458	-0.776523	0.629312	0.031277	-0.626771	-0.776569	0.064021
10459	9.527992	0.572426	0.249321	0.079781	0.035120	0.002545	0.064714	0.030394	0.997441	-0.777057	0.628654	0.031259	-0.626095	-0.777091	0.064300
10460	9.464670	0.756564	0.351631	0.048958	0.028553	-0.007717	0.064900	0.030554	0.997424	-0.777389	0.628239	0.031338	-0.625663	-0.777421	0.064526
10461	9.587948	0.774585	0.377876	0.022983	0.027178	-0.019434	0.065157	0.030638	0.997405	-0.777553	0.628028	0.031503	-0.625433	-0.777587	0.064743
10462	9.736319	0.664711	0.538539	-0.006695	0.031755	-0.026841	0.065512	0.030703	0.997379	-0.777530	0.628044	0.031738	-0.625424	-0.777572	0.065017
10463	9.810090	0.530291	0.578710	-0.030268	0.036396	-0.029319	0.065904	0.030796	0.997351	-0.777354	0.628250	0.031967	-0.625601	-0.777401	0.065344
10464	9.878094	0.429103	0.626010	-0.043013	0.042641	-0.024995	0.066312	0.030958	0.997319	-0.777099	0.628556	0.032159	-0.625875	-0.777148	0.065738
10465	9.858092	0.331337	0.850127	-0.055821	0.051779	-0.022664	0.066748	0.031212	0.997282	-0.776767	0.628959	0.032305	-0.626241	-0.776812	0.066226
10466	9.789604	0.230723	0.953078	-0.053986	0.067846	-0.018713	0.067267	0.031609	0.997234	-0.776450	0.629344	0.032427	-0.626579	-0.776484	0.066877
10467	9.738209	0.132516	0.966950	-0.031383	0.068058	-0.015524	0.067750	0.032034	0.997188	-0.776275	0.629555	0.032517	-0.626743	-0.776295	0.067519
10468	9.891094	0.157581	0.717441	0.002446	0.055128	-0.020822	0.068205	0.032318	0.997148	-0.776312	0.629500	0.032698	-0.626648	-0.776328	0.068025
10469	10.115391	0.316558	0.577488	0.030232	0.037396	-0.019317	0.068526	0.032482	0.997120	-0.776521	0.629234	0.032868	-0.626354	-0.776537	0.068341
10470	10.252702	0.586980	0.701834	0.015751	0.023621	-0.024740	0.068814	0.032498	0.997100	-0.776639	0.629076	0.033096	-0.626176	-0.776665	0.068529
10471	10.009752	0.739609	0.727820	-0.021400	0.014366	-0.045119	0.069190	0.032321	0.997080	-0.776507	0.629219	0.033488	-0.626299	-0.776556	0.068633
10472	9.669659	0.759636	0.529873	-0.070268	-0.011628	-0.064796	0.069570	0.031812	0.997070	-0.776063	0.629735	0.034057	-0.626806	-0.776159	0.068499
10473	9.578313	0.576551	0.411638	-0.109303	-0.031170	-0.076963	0.069907	0.031080	0.997069	-0.775357	0.630569	0.034707	-0.627642	-0.775511	0.068179
10474	9.516461	0.366728	0.455979	-0.120966	-0.044222	-0.079605	0.070195	0.030223	0.997075	-0.774579	0.631486	0.035390	-0.628570	-0.774798	0.067737
10475	9.662321	0.208285	0.514669	-0.116037	-0.040072	-0.072641	0.070441	0.029448	0.997081	-0.773831	0.632369	0.035992	-0.629463	-0.774108	0.067333
10476	9.793675	0.121450	0.646307	-0.112865	-0.033090	-0.068059	0.070708	0.028750	0.997083	-0.773112	0.633214	0.036567	-0.630316	-0.773442	0.067000
10477	9.854880	0.111401	0.688424	-0.114349	-0.016373	-0.066202	0.071052	0.028199	0.997074	-0.772377	0.634080	0.037107	-0.631178	-0.772753	0.066833
10478	9.890030	0.078713	0.732889	-0.119731	-0.000227	-0.070894	0.071546	0.027736	0.997052	-0.771607	0.634981	0.037705	-0.632063	-0.772029	0.066832
10479	9.829640	-0.002711	0.758598	-0.117137	0.016813	-0.071556	0.072140	0.027406	0.997018	-0.770847	0.635868	0.038296	-0.632922	-0.771311	0.066998
10480	9.745143	-0.161044	0.791845	-0.087025	0.045911	-0.075693	0.072961	0.027268	0.996962	-0.770280	0.636515	0.038963	-0.633518	-0.770782	0.067445
10481	9.629625	-0.259512	0.770280	-0.036589	0.060808	-0.070841	0.073828	0.027280	0.996898	-0.770029	0.636779	0.039601	-0.633723	-0.770564	0.068019
10482	9.894981	-0.268515	0.741420	0.017981	0.080743	-0.064041	0.074780	0.027483	0.996821	-0.770130	0.636618	0.040222	-0.633489	-0.770689	0.068772
10483	9.752941	-0.179407	0.745476	0.072880	0.082362	-0.069318	0.075771	0.027672	0.996741	-0.770572	0.636038	0.040920	-0.632833	-0.771161	0.069517
10484	9.837365	0.042176	0.659010	0.113276	0.075913	-0.067860	0.076723	0.027816	0.996664	-0.771274	0.635139	0.041646	-0.631862	-0.771897	0.070183
10485	9.898944	0.319899	0.715922	0.144671	0.073418	-0.069720	0.077660	0.027935	0.996588	-0.772167	0.634004	0.042400	-0.630656	-0.772825	0.070808
10486	9.740888	0.504380	0.678237	0.157084	0.065742	-0.071391	0.078574	0.027983	0.996515	-0.773150	0.632750	0.043193	-0.629337	-0.773850	0.071353
10487	9.626341	0.585256	0.570396	0.148471	0.054145	-0.072596	0.079412	0.027938	0.996450	-0.774060	0.631583	0.043980	-0.628113	-0.774804	0.071781
10488	9.479606	0.654144	0.580899	0.109576	0.042828	-0.083764	0.080276	0.027732	0.996387	-0.774716	0.630716	0.044862	-0.627193	-0.775518	0.072116
10489	9.523906	0.720389	0.701222	0.077575	0.030727	-0.101068	0.081188	0.027328	0.996324	-0.775154	0.630104	0.045882	-0.626534	-0.776030	0.072340
10490	9.636834	0.658794	0.816056	0.027926	0.011106	-0.113773	0.082086	0.026688	0.996268	-0.775280	0.629866	0.047006	-0.626260	-0.776245	0.072394
10491	9.723299	0.526611	0.994915	-0.008195	-0.005061	-0.125217	0.082961	0.025854	0.996217	-0.775159	0.629925	0.048204	-0.626296	-0.776226	0.072300
10492	9.806215	0.374120	1.184118	-0.033102	-0.020923	-0.130474	0.083790	0.024860	0.996173	-0.774885	0.630165	0.049451	-0.626525	-0.776063	0.072065
10493	9.771535	0.272830	1.271036	-0.047926	-0.022153	-0.136161	0.084642	0.023824	0.996127	-0.774503	0.630533	0.050730	-0.626882	-0.775797	0.071821
10494	9.868697	0.259548	1.407091	-0.052264	-0.021382	-0.142079	0.085555	0.022753	0.996074	-0.774095	0.630923	0.052077	-0.627261	-0.775511	0.071591
10495	9.670812	0.263956	1.526394	-0.059079	-0.003013	-0.151244	0.086643	0.021769	0.996002	-0.773628	0.631378	0.053498	-0.627689	-0.775170	0.071546
10496	9.543439	0.419991	1.586513	-0.060963	-0.004860	-0.158117	0.087782	0.020723	0.995924	-0.773152	0.631832	0.054999	-0.628117	-0.774828	0.071485
10497	9.552689	0.604428	1.642379	-0.087946	0.008554	-0.161737	0.089021	0.019762	0.995834	-0.772490	0.632509	0.056504	-0.628757	-0.774301	0.071572
10498	9.661826	0.499290	1.721149	-0.117625	0.020111	-0.159755	0.090331	0.018898	0.995732	-0.771648	0.633402	0.057981	-0.629603	-0.773592	0.071798
10499	9.736587	0.036775	1.399260	-0.126786	0.029710	-0.150897	0.091618	0.018166	0.995629	-0.770745	0.634373	0.059349	-0.630522	-0.772813	0.072121
10500	9.815881	-0.479795	1.082179	-0.064597	0.039142	-0.137787	0.092875	0.017585	0.995522	-0.770251	0.634851	0.060645	-0.630942	-0.772434	0.072507
10501	9.804107	-0.511013	0.848696	0.058203	0.040182	-0.121972	0.094004	0.017116	0.995425	-0.770538	0.634386	0.061859	-0.630424	-0.772827	0.072824
10502	9.800996	0.013356	0.808095	0.179398	0.037325	-0.112354	0.095054	0.016685	0.995332	-0.771597	0.632977	0.063076	-0.628970	-0.773991	0.073041
10503	9.618146	0.756607	0.745209	0.217696	0.022251	-0.127267	0.096113	0.016048	0.995241	-0.772876	0.631274	0.064459	-0.627236	-0.775393	0.073076
10504	9.468856	1.410425	0.627363	0.168465	-0.008507	-0.149676	0.097165	0.015031	0.995155	-0.773828	0.629944	0.066040	-0.625899	-0.776495	0.072840
10505	9.153802	1.532705	0.565734	0.049365	-0.037024	-0.167422	0.098165	0.013684	0.995076	-0.774007	0.629547	0.067699	-0.625521	-0.776842	0.072391
10506	8.827229	1.565217	0.489960	-0.064303	-0.088979	-0.189941	0.099025	0.011787	0.995015	-0.773452	0.630032	0.069512	-0.626072	-0.776480	0.071506
10507	9.193430	1.450661	0.815525	-0.190163	-0.130980	-0.189503	0.099605	0.009570	0.994981	-0.772106	0.631491	0.071220	-0.627640	-0.775324	0.070288
10508	9.478030	1.244210	1.052636	-0.281285	-0.131180	-0.177992	0.100103	0.007420	0.994949	-0.770202	0.633635	0.072765	-0.629895	-0.773596	0.069144
10509	9.943258	1.094605	1.193354	-0.315115	-0.125010	-0.161754	0.100494	0.005422	0.994923	-0.768085	0.636044	0.074115	-0.632413	-0.771634	0.068083
10510	10.180335	0.901628	1.034759	-0.286918	-0.095850	-0.143019	0.100935	0.003765	0.994886	-0.766164	0.638217	0.075315	-0.634669	-0.769848	0.067303
10511	9.969968	0.803080	0.816328	-0.232487	-0.067836	-0.135739	0.101479	0.002371	0.994835	-0.764583	0.639973	0.076467	-0.636486	-0.768394	0.066756
10512	9.698216	1.068427	0.528196	-0.146645	-0.049004	-0.139896	0.102185	0.001087	0.994765	-0.763534	0.641072	0.077732	-0.637632	-0.767480	0.066338
10513	9.620504	1.357330	0.340116	-0.081699	-0.038144	-0.140258	0.102948	-0.000110	0.994687	-0.762903	0.641664	0.079030	-0.638263	-0.766986	0.065974
10514	9.542632	1.544939	0.120061	-0.028745	-0.036133	-0.135510	0.103699	-0.001266	0.994608	-0.762612	0.641850	0.080328	-0.638490	-0.766830	0.065593
10515	9.747369	1.484902	-0.168117	-0.018615	-0.051975	-0.117213	0.104196	-0.002422	0.994554	-0.762406	0.641954	0.081438	-0.638655	-0.766739	0.065043
10516	9.451371	1.427677	-0.172905	-0.029007	-0.059666	-0.094776	0.104487	-0.003498	0.994520	-0.762156	0.642137	0.082333	-0.638906	-0.766582	0.064429
10517	9.560979	1.623582	-0.007703	-0.043673	-0.088005	-0.085132	0.104510	-0.004724	0.994513	-0.761822	0.642433	0.083109	-0.639300	-0.766328	0.063542
10518	9.565020	1.801366	0.041290	-0.099698	-0.120269	-0.082533	0.104317	-0.006185	0.994525	-0.761133	0.643155	0.083836	-0.640152	-0.765711	0.062385
10519	9.623898	1.845845	0.011001	-0.195858	-0.155023	-0.085870	0.103913	-0.007928	0.994555	-0.759823	0.644612	0.084526	-0.641772	-0.764469	0.060959
10520	9.656823	1.648413	0.145629	-0.308161	-0.177204	-0.094249	0.103438	-0.009900	0.994587	-0.757778	0.646919	0.085249	-0.644261	-0.762494	0.059414
10521	9.462123	1.221437	0.574452	-0.400101	-0.180751	-0.105859	0.103007	-0.011966	0.994609	-0.755120	0.649918	0.086024	-0.647444	-0.759910	0.057910
10522	9.370843	1.255221	0.906084	-0.459791	-0.200782	-0.118857	0.102550	-0.014273	0.994625	-0.752054	0.653346	0.086915	-0.651075	-0.756925	0.056267
10523	9.375432	1.509579	1.158625	-0.529085	-0.217735	-0.133861	0.102068	-0.016798	0.994636	-0.748496	0.657286	0.087910	-0.655237	-0.753454	0.054515
10524	9.541128	1.325267	1.412884	-0.604954	-0.207932	-0.134389	0.101654	-0.019257	0.994633	-0.744417	0.661771	0.088894	-0.659932	-0.749459	0.052936
10525	10.020020	0.944062	1.856297	-0.649200	-0.181547	-0.127835	0.101336	-0.021466	0.994621	-0.740023	0.666563	0.089782	-0.664904	-0.745140	0.051661
10526	10.207691	0.658271	2.203164	-0.649127	-0.135572	-0.124379	0.101300	-0.023313	0.994583	-0.735600	0.671322	0.090658	-0.669799	-0.740799	0.050856
10527	10.296764	0.174748	2.293639	-0.608044	-0.093109	-0.120228	0.101492	-0.024813	0.994527	-0.731428	0.675752	0.091502	-0.674324	-0.736711	0.050435
10528	10.193994	-0.135993	2.122383	-0.496306	-0.049578	-0.128755	0.102049	-0.026057	0.994438	-0.727987	0.679322	0.092506	-0.677954	-0.733378	0.050355
10529	9.957244	-0.136185	1.990805	-0.329144	-0.023564	-0.118448	0.102686	-0.027037	0.994346	-0.725667	0.681667	0.093474	-0.680341	-0.731163	0.050378
10530	9.611379	0.199350	1.562071	-0.152047	-0.014534	-0.092562	0.103210	-0.027780	0.994272	-0.724572	0.682718	0.094289	-0.681427	-0.730153	0.050335
10531	9.483969	0.680215	1.268347	-0.010599	-0.020240	-0.057011	0.103421	-0.028318	0.994234	-0.724478	0.682747	0.094807	-0.681495	-0.730106	0.050095
10532	9.711813	1.245506	0.783857	0.083742	-0.023709	-0.036799	0.103480	-0.028745	0.994216	-0.725048	0.682089	0.095185	-0.680880	-0.730704	0.049741
10533	9.702549	1.800619	0.449275	0.106861	-0.036781	-0.029264	0.103378	-0.029215	0.994213	-0.725781	0.681267	0.095485	-0.680114	-0.731452	0.049224
10534	9.581842	2.245745	0.140609	0.087628	-0.059849	-0.030731	0.103144	-0.029866	0.994218	-0.726379	0.680584	0.095802	-0.679510	-0.732061	0.048504
10535	9.473008	2.530137	-0.047298	0.015911	-0.104884	-0.033950	0.102614	-0.030866	0.994242	-0.726489	0.680425	0.096103	-0.679473	-0.732168	0.047397
10536	8.965901	2.551744	0.025191	-0.084997	-0.173099	-0.053475	0.101779	-0.032502	0.994276	-0.725894	0.680993	0.096567	-0.680234	-0.731568	0.045718
10537	9.503247	2.481289	0.093919	-0.192652	-0.282576	-0.064809	0.100260	-0.035010	0.994345	-0.724553	0.682347	0.097082	-0.681887	-0.730190	0.043046
10538	9.852095	2.062076	0.177973	-0.302186	-0.294050	-0.032474	0.098440	-0.037382	0.994441	-0.722493	0.684505	0.097251	-0.684335	-0.728049	0.040375
10539	9.309622	1.479776	0.689562	-0.344693	-0.323844	-0.015117	0.096265	-0.039840	0.994558	-0.720151	0.686972	0.097223	-0.687107	-0.725591	0.037441
10540	9.233497	1.188508	0.953385	-0.331449	-0.363385	-0.000572	0.093722	-0.042482	0.994692	-0.717903	0.689340	0.097083	-0.689805	-0.723191	0.034108
10541	9.885493	0.953500	0.745281	-0.299246	-0.350888	-0.001613	0.091245	-0.045027	0.994810	-0.715871	0.691468	0.096958	-0.692245	-0.721002	0.030859
10542	9.882522	0.687610	0.787130	-0.246707	-0.290382	0.009209	0.089116	-0.047061	0.994909	-0.714200	0.693221	0.096763	-0.694246	-0.719187	0.028166
10543	9.578507	0.379715	0.909217	-0.147688	-0.261328	0.021951	0.087079	-0.048787	0.995006	-0.713229	0.694262	0.096460	-0.695501	-0.718067	0.025659
10544	9.643938	0.019083	0.826861	-0.024686	-0.236764	0.060326	0.084956	-0.050072	0.995126	-0.713145	0.694436	0.095825	-0.695849	-0.717810	0.023288
10545	9.473456	0.258740	0.773711	0.109727	-0.223535	0.078761	0.082775	-0.051130	0.995256	-0.714011	0.693657	0.095020	-0.695224	-0.718489	0.020910
10546	9.643120	1.135046	0.778075	0.195438	-0.238372	0.098055	0.080371	-0.052171	0.995399	-0.715481	0.692272	0.094053	-0.693994	-0.719748	0.018311
10547	9.685005	1.920869	0.907797	0.181428	-0.239321	0.113253	0.077836	-0.053112	0.995550	-0.716865	0.690994	0.092911	-0.692854	-0.720907	0.015710
10548	9.564481	2.184742	0.919798	0.122048	-0.246549	0.110729	0.075289	-0.054128	0.995692	-0.717831	0.690140	0.091796	-0.692135	-0.721649	0.013106
10549	9.474617	2.021893	0.655179	0.085875	-0.277132	0.105197	0.072552	-0.055403	0.995825	-0.718538	0.689546	0.090713	-0.691693	-0.722120	0.010219
10550	9.387694	1.883848	0.617403	0.050964	-0.323984	0.087900	0.069633	-0.057140	0.995935	-0.718987	0.689196	0.089811	-0.691526	-0.722318	0.006908
10551	9.434545	1.858817	0.674040	0.032575	-0.354977	0.085358	0.066500	-0.059117	0.996034	-0.719306	0.688979	0.088917	-0.691503	-0.722366	0.003294
10552	9.704967	1.678359	0.615563	0.059166	-0.383177	0.085153	0.063192	-0.061305	0.996117	-0.719801	0.688575	0.088041	-0.691298	-0.722570	-0.000616
10553	9.714795	1.278094	0.841085	0.062510	-0.370971	0.093236	0.059892	-0.063345	0.996193	-0.720326	0.688150	0.087064	-0.691045	-0.722798	-0.004414
10554	9.446548	0.755890	1.444417	0.070537	-0.376393	0.113152	0.056430	-0.065295	0.996269	-0.720909	0.687685	0.085903	-0.690729	-0.723067	-0.008266
10555	9.382956	0.512493	1.821946	0.129825	-0.371218	0.144756	0.052758	-0.066986	0.996358	-0.721919	0.686811	0.084401	-0.689963	-0.723743	-0.012123
10556	9.238791	0.249173	2.084602	0.217874	-0.352378	0.176780	0.049006	-0.068330	0.996458	-0.723537	0.685329	0.082579	-0.688544	-0.725021	-0.015854
10557	9.410153	0.331631	2.343974	0.299815	-0.337769	0.204942	0.045134	-0.069381	0.996569	-0.725729	0.683263	0.080436	-0.686499	-0.726869	-0.019513
10558	9.368407	0.679763	2.486553	0.346176	-0.319168	0.211164	0.041366	-0.070270	0.996670	-0.728220	0.680865	0.078228	-0.684094	-0.729030	-0.023007
10559	9.714459	1.323869	2.586275	0.339004	-0.291923	0.201001	0.037842	-0.071036	0.996756	-0.730648	0.678501	0.076094	-0.681705	-0.731157	-0.026227
10560	9.384424	1.866934	2.556484	0.290924	-0.254704	0.175690	0.034781	-0.071713	0.996819	-0.732720	0.676469	0.074232	-0.679641	-0.732971	-0.029017
10561	9.321095	2.137869	2.583738	0.216039	-0.244731	0.164036	0.031852	-0.072401	0.996867	-0.734275	0.674972	0.072484	-0.678105	-0.734283	-0.031663
10562	9.538324	2.110714	2.568147	0.199118	-0.212697	0.178947	0.029057	-0.072758	0.996926	-0.735707	0.673610	0.070605	-0.676676	-0.735497	-0.033955
10563	10.562489	1.912353	2.609742	0.238998	-0.150457	0.230443	0.026279	-0.072317	0.997035	-0.737419	0.671986	0.068176	-0.674924	-0.737025	-0.035669
10564	10.417495	1.456220	2.677871	0.321010	-0.033173	0.294687	0.023842	-0.070584	0.997221	-0.739684	0.669798	0.065094	-0.672532	-0.739181	-0.036241
10565	10.564483	0.833190	2.500478	0.467576	0.078563	0.378302	0.021500	-0.067477	0.997489	-0.742939	0.666564	0.061104	-0.669014	-0.742387	-0.035800
10566	11.676602	0.009651	1.968859	0.637139	0.194100	0.467473	0.019276	-0.062925	0.997832	-0.747309	0.662097	0.056189	-0.664197	-0.746772	-0.034261
10567	11.725385	-0.889080	1.490969	0.741942	0.335967	0.544997	0.017347	-0.056816	0.998234	-0.752348	0.656831	0.050459	-0.658538	-0.751894	-0.031351
10568	11.226830	-1.200314	1.362147	0.844362	0.463724	0.609442	0.015749	-0.049329	0.998658	-0.758008	0.650753	0.044098	-0.652055	-0.757686	-0.027143
10569	10.832764	-0.810897	1.174246	0.987884	0.525094	0.650349	0.014138	-0.041128	0.999054	-0.764540	0.643495	0.037310	-0.644421	-0.764344	-0.022347
10570	11.652187	0.117403	0.966155	1.025092	0.571379	0.678540	0.012552	-0.032398	0.999396	-0.771221	0.635846	0.030299	-0.636443	-0.771136	-0.017005
10571	12.471170	1.344407	1.259844	0.890800	0.650831	0.677429	0.011363	-0.023081	0.999669	-0.776971	0.629103	0.023357	-0.629434	-0.776979	-0.010785
10572	12.188928	2.339220	1.910832	0.647175	0.692238	0.636290	0.010712	-0.013698	0.999849	-0.781123	0.624148	0.016920	-0.624285	-0.781186	-0.004014
10573	12.537173	2.423323	3.088810	0.282193	0.743122	0.559288	0.010905	-0.004408	0.999931	-0.782971	0.621955	0.011280	-0.621962	-0.783040	0.003331
10574	11.631519	1.377893	3.902195	-0.070705	0.819787	0.489915	0.012139	0.005061	0.999914	-0.782613	0.622477	0.006351	-0.622391	-0.782622	0.011517
10575	10.915598	-0.079690	4.271654	-0.306930	0.886148	0.469290	0.013932	0.014908	0.999792	-0.780790	0.624792	0.001564	-0.624638	-0.780649	0.020344
10576	10.490051	-1.245506	4.264177	-0.420144	0.998807	0.509915	0.016183	0.025890	0.999534	-0.778260	0.627931	-0.003664	-0.627733	-0.777838	0.030311
10577	11.318130	-1.909418	4.088717	-0.445847	1.150739	0.577199	0.018876	0.038451	0.999082	-0.775586	0.631169	-0.009638	-0.630960	-0.774692	0.041736
10578	9.894131	-2.363930	3.691081	-0.417412	1.312203	0.620053	0.022346	0.052527	0.998369	-0.773098	0.634084	-0.016057	-0.633893	-0.771478	0.054778
10579	9.431818	-2.491152	3.901132	-0.356986	1.357936	0.628878	0.026051	0.066973	0.997415	-0.771014	0.636418	-0.022596	-0.636286	-0.768432	0.068216
10580	9.711086	-2.584785	4.410348	-0.342155	1.339065	0.587736	0.030034	0.081001	0.996261	-0.769021	0.638577	-0.028736	-0.638517	-0.765283	0.081470
10581	9.700155	-2.671833	4.151419	-0.316233	1.241851	0.521652	0.033905	0.093817	0.995012	-0.767197	0.640497	-0.034249	-0.640515	-0.762209	0.093692
10582	10.412649	-2.396092	2.890780	-0.230844	1.110807	0.446386	0.037579	0.105147	0.993746	-0.765900	0.641780	-0.038943	-0.641861	-0.759647	0.104649
10583	12.045514	-1.444328	1.021225	-0.090245	1.071410	0.343766	0.041761	0.115479	0.992432	-0.765489	0.642044	-0.042497	-0.642093	-0.757920	0.115210
10584	13.059436	0.237655	-0.899531	0.133589	1.238437	0.253655	0.047733	0.126505	0.990817	-0.766482	0.640696	-0.044877	-0.640489	-0.757302	0.127546
10585	12.527881	1.417769	-2.135855	0.283591	1.438632	0.193652	0.055376	0.138634	0.988794	-0.768427	0.638250	-0.046452	-0.637537	-0.757244	0.141874
10586	11.729563	1.752501	-1.947845	0.238689	1.531823	0.157094	0.063884	0.151243	0.986430	-0.770064	0.636183	-0.047670	-0.634760	-0.756569	0.157109
10587	11.465331	1.858726	-1.436597	0.033084	1.581975	0.169215	0.072548	0.164266	0.983745	-0.770422	0.635623	-0.049321	-0.633393	-0.754321	0.172667
