// General information: 
//  MT Manager version: 2022.2.0 
//  XDA version: 2022.2.0 build 7381 rev 124627 built on 2023-07-19
// Device information: 
//  DeviceId: 00B4CBA7
//  ProductCode: MTW2-3A7G6
//  Firmware Version: 4.6.0
//  Hardware Version: 2.0.0
// Device settings: 
//  Filter Profile: human(46.1)
//  Option Flags: Orientation Smoother Disabled, Position/Velocity Smoother Disabled, Continuous Zero Rotation Update Disabled, AHS Disabled, ICC Disabled
// Coordinate system: ENU
PacketCounter	Acc_X	Acc_Y	Acc_Z	Gyr_X	Gyr_Y	Gyr_Z	Mat[1][1]	Mat[2][1]	Mat[3][1]	Mat[1][2]	Mat[2][2]	Mat[3][2]	Mat[1][3]	Mat[2][3]	Mat[3][3]
10320	9.624542	-0.993056	-1.584680	0.107630	0.063959	0.042504	0.016059	0.199539	0.979758	0.892396	0.439092	-0.104053	-0.450967	0.876003	-0.171017
10321	9.511007	-1.058762	-1.604074	0.146416	0.049295	0.034825	0.016563	0.199240	0.979811	0.891729	0.440313	-0.104610	-0.452266	0.875458	-0.170375
10322	9.409039	-0.948498	-1.506353	0.049237	0.031141	0.019797	0.016854	0.199033	0.979848	0.891504	0.440712	-0.104855	-0.452700	0.875305	-0.170011
10323	9.207194	-1.240042	-1.895771	-0.113861	0.026322	0.026755	0.017182	0.198899	0.979869	0.892014	0.439670	-0.104889	-0.451681	0.875859	-0.169866
10324	9.225156	-1.226465	-2.027156	-0.134837	0.016303	0.027806	0.017478	0.198857	0.979873	0.892618	0.438439	-0.104900	-0.450475	0.876486	-0.169840
10325	9.159846	-1.111428	-2.073767	-0.119849	0.014990	0.029436	0.017779	0.198834	0.979872	0.893152	0.437338	-0.104950	-0.449403	0.877041	-0.169814
10326	9.289071	-1.034801	-2.039002	-0.122823	0.012571	0.031551	0.018091	0.198840	0.979865	0.893698	0.436205	-0.105018	-0.448304	0.877603	-0.169812
10327	9.352236	-1.127502	-2.035671	-0.110110	0.016272	0.028751	0.018392	0.198802	0.979867	0.894186	0.435190	-0.105078	-0.447318	0.878116	-0.169762
10328	9.355216	-1.162861	-1.970745	-0.054344	0.011953	0.025233	0.018643	0.198786	0.979865	0.894424	0.434672	-0.105200	-0.446832	0.878376	-0.169695
10329	9.397909	-1.110323	-1.804520	-0.005050	0.008986	0.022729	0.018858	0.198786	0.979862	0.894442	0.434590	-0.105380	-0.446786	0.878416	-0.169607
10330	9.508180	-1.038393	-1.658312	0.037782	0.006637	0.012838	0.018975	0.198763	0.979864	0.894271	0.434904	-0.105537	-0.447124	0.878266	-0.169495
10331	9.554660	-1.000790	-1.610563	0.062155	0.000592	0.018162	0.019111	0.198816	0.979850	0.893989	0.435422	-0.105786	-0.447680	0.877998	-0.169418
10332	9.570993	-1.135920	-1.653386	0.086584	0.000283	0.016648	0.019235	0.198866	0.979838	0.893598	0.436157	-0.106063	-0.448455	0.877622	-0.169317
10333	9.433678	-1.171106	-1.552624	0.145345	-0.012071	0.012077	0.019259	0.199004	0.979810	0.892943	0.437416	-0.106393	-0.449757	0.876963	-0.169275
10334	9.492478	-1.236735	-1.532694	0.177753	-0.022967	0.009549	0.019214	0.199226	0.979765	0.892141	0.438962	-0.106755	-0.451348	0.876140	-0.169303
10335	9.749273	-1.232442	-1.375029	0.181700	-0.029797	0.002837	0.019076	0.199479	0.979716	0.891319	0.440556	-0.107056	-0.452975	0.875282	-0.169395
10336	10.188072	-1.271038	-1.387187	0.106858	-0.015523	0.004876	0.019023	0.199616	0.979690	0.890834	0.441488	-0.107253	-0.453931	0.874781	-0.169426
10337	10.260731	-1.123046	-1.614672	0.077328	0.006816	0.008675	0.019102	0.199574	0.979697	0.890481	0.442155	-0.107434	-0.454619	0.874454	-0.169270
10338	9.986847	-0.955810	-2.034902	0.034472	0.030161	0.016460	0.019360	0.199362	0.979735	0.890321	0.442431	-0.107621	-0.454921	0.874362	-0.168931
10339	9.759166	-1.202299	-2.257266	0.118657	0.047918	0.021177	0.019737	0.199016	0.979798	0.889777	0.443435	-0.107994	-0.455969	0.873933	-0.168327
10340	9.592025	-0.812758	-2.257043	0.184839	0.067887	0.015457	0.020158	0.198470	0.979900	0.888930	0.445026	-0.108423	-0.457600	0.873247	-0.167455
10341	9.529579	-0.742679	-2.069428	0.101976	0.085411	0.008384	0.020595	0.197741	0.980038	0.888461	0.445908	-0.108641	-0.458490	0.872963	-0.166502
10342	9.231174	-0.714336	-2.004419	-0.018674	0.094395	0.016074	0.021144	0.196968	0.980182	0.888543	0.445723	-0.108735	-0.458307	0.873232	-0.165590
10343	9.238179	-0.950483	-1.733044	-0.059976	0.093054	0.018891	0.021709	0.196219	0.980320	0.888813	0.445170	-0.108786	-0.457755	0.873683	-0.164738
10344	9.231073	-1.072663	-1.458196	-0.121673	0.087483	0.020460	0.022263	0.195525	0.980446	0.889365	0.444075	-0.108754	-0.456656	0.874396	-0.164006
10345	9.289721	-1.291306	-1.320817	-0.130767	0.070324	0.012651	0.022668	0.194945	0.980552	0.889959	0.442914	-0.108630	-0.455477	0.875113	-0.163453
10346	9.421867	-1.375410	-1.310462	-0.085981	0.057295	0.011997	0.023009	0.194476	0.980637	0.890348	0.442145	-0.108575	-0.454699	0.875606	-0.162978
10347	9.478358	-1.265050	-1.278835	-0.030789	0.035821	0.003529	0.023174	0.194157	0.980697	0.890487	0.441877	-0.108524	-0.454418	0.875813	-0.162654
10348	9.541930	-1.230407	-1.177756	0.022123	0.020164	-0.000965	0.023230	0.193956	0.980735	0.890387	0.442081	-0.108518	-0.454612	0.875755	-0.162426
10349	9.603652	-1.173380	-1.120811	0.083712	0.002141	-0.004555	0.023170	0.193896	0.980748	0.890007	0.442830	-0.108575	-0.455357	0.875389	-0.162308
10350	9.609300	-1.073616	-1.123210	0.134079	-0.018242	-0.006350	0.023004	0.194007	0.980730	0.889398	0.444023	-0.108698	-0.456555	0.874760	-0.162335
10351	9.620698	-0.986462	-1.326050	0.169315	-0.024238	-0.008998	0.022784	0.194158	0.980706	0.888626	0.445529	-0.108850	-0.458067	0.873960	-0.162382
10352	9.481262	-0.956375	-1.497404	0.222013	-0.032391	-0.005682	0.022559	0.194394	0.980664	0.887607	0.447488	-0.109122	-0.460048	0.872906	-0.162451
10353	9.351492	-0.883038	-1.564285	0.248811	-0.042274	-0.008304	0.022261	0.194705	0.980609	0.886462	0.449682	-0.109411	-0.462265	0.871709	-0.162588
10354	9.390750	-0.934588	-1.538223	0.257544	-0.055743	-0.014592	0.021847	0.195104	0.980539	0.885271	0.451964	-0.109654	-0.464563	0.870438	-0.162845
10355	9.723755	-0.838084	-1.422449	0.200871	-0.057433	-0.011479	0.021449	0.195530	0.980463	0.884338	0.453742	-0.109834	-0.466353	0.869417	-0.163182
10356	10.263971	-0.866508	-1.352031	0.059471	-0.031291	-0.001570	0.021264	0.195773	0.980419	0.884063	0.454268	-0.109883	-0.466885	0.869088	-0.163416
10357	10.347328	-0.956673	-1.538972	-0.078425	0.008828	0.018233	0.021437	0.195758	0.980418	0.884425	0.453558	-0.109899	-0.466190	0.869462	-0.163410
10358	10.005109	-1.085033	-1.945049	-0.087440	0.026519	0.019754	0.021710	0.195595	0.980444	0.884829	0.452765	-0.109917	-0.465411	0.869912	-0.163238
10359	9.739457	-1.012818	-2.113235	-0.008405	0.043169	0.024998	0.022103	0.195311	0.980492	0.884862	0.452652	-0.110114	-0.465328	0.870035	-0.162819
10360	9.568853	-1.035504	-2.111628	0.018314	0.059108	0.026009	0.022582	0.194893	0.980564	0.884771	0.452768	-0.110366	-0.465478	0.870067	-0.162212
10361	9.513544	-1.009879	-2.060864	0.066961	0.069235	0.019944	0.023052	0.194360	0.980659	0.884455	0.453320	-0.110635	-0.466056	0.869899	-0.161453
10362	9.445692	-1.035060	-1.951817	0.051400	0.082665	0.029349	0.023670	0.193753	0.980765	0.884208	0.453719	-0.110973	-0.466493	0.869827	-0.160579
10363	9.389287	-1.305102	-1.856527	0.068734	0.092639	0.027611	0.024317	0.193052	0.980887	0.883881	0.454272	-0.111319	-0.467079	0.869694	-0.159588
10364	9.420243	-1.287798	-1.727885	0.095874	0.088389	0.020431	0.024886	0.192354	0.981010	0.883430	0.455068	-0.111640	-0.467901	0.869432	-0.158607
10365	9.423019	-1.313569	-1.674589	0.105055	0.090368	0.023536	0.025489	0.191655	0.981131	0.882933	0.455944	-0.112002	-0.468807	0.869128	-0.157597
10366	9.335565	-1.325367	-1.556356	0.139784	0.084311	0.016418	0.026003	0.190976	0.981250	0.882273	0.457134	-0.112350	-0.470019	0.868652	-0.156606
10367	9.430522	-1.269147	-1.410726	0.185173	0.070896	0.012471	0.026418	0.190396	0.981352	0.881398	0.458726	-0.112727	-0.471634	0.867940	-0.155696
10368	9.513332	-1.120575	-1.219886	0.208883	0.056031	0.008000	0.026727	0.189926	0.981435	0.880409	0.460531	-0.113097	-0.473461	0.867087	-0.154904
10369	9.557473	-1.073902	-1.107594	0.236164	0.039896	0.008803	0.026965	0.189599	0.981491	0.879287	0.462568	-0.113514	-0.475529	0.866073	-0.154239
10370	9.530761	-1.002824	-1.063702	0.260299	0.034329	0.012372	0.027211	0.189338	0.981535	0.878043	0.464806	-0.114002	-0.477808	0.864932	-0.153599
10371	9.509763	-0.960988	-1.117432	0.297779	0.009826	0.003397	0.027259	0.189247	0.981551	0.876615	0.467381	-0.114458	-0.480419	0.863563	-0.153156
10372	9.475434	-0.806052	-1.171274	0.313376	0.005248	0.012773	0.027369	0.189239	0.981549	0.875102	0.470070	-0.115029	-0.483165	0.862104	-0.152738
10373	9.454838	-0.775919	-1.206149	0.282026	-0.012838	0.008297	0.027351	0.189367	0.981525	0.873734	0.472491	-0.115506	-0.485635	0.860751	-0.152533
10374	9.364858	-0.905463	-1.209016	0.247275	-0.024674	0.006681	0.027263	0.189589	0.981485	0.872528	0.474613	-0.115915	-0.487802	0.859534	-0.152482
10375	9.498322	-1.035162	-1.112201	0.210543	-0.046125	0.006610	0.027067	0.189994	0.981412	0.871498	0.476417	-0.116267	-0.489652	0.858446	-0.152684
10376	10.107869	-1.077345	-0.990666	0.088730	-0.040465	0.009816	0.026929	0.190366	0.981344	0.871061	0.477167	-0.116465	-0.490436	0.857947	-0.152971
10377	10.433481	-1.004814	-1.183889	-0.076193	-0.001978	0.031198	0.027163	0.190509	0.981310	0.871426	0.476462	-0.116620	-0.489773	0.858307	-0.153073
10378	10.089031	-1.049960	-1.869490	-0.125255	0.017509	0.035367	0.027532	0.190504	0.981300	0.872032	0.475323	-0.116743	-0.488674	0.858939	-0.153039
10379	9.883534	-0.989609	-2.291672	-0.086970	0.040479	0.034559	0.028003	0.190299	0.981327	0.872447	0.474518	-0.116914	-0.487906	0.859430	-0.152738
10380	9.622694	-1.267459	-2.383734	-0.033255	0.059975	0.036241	0.028586	0.189932	0.981381	0.872600	0.474169	-0.117185	-0.487598	0.859703	-0.152180
10381	9.413870	-1.153596	-2.153431	-0.015501	0.075778	0.029912	0.029188	0.189400	0.981466	0.872668	0.473987	-0.117421	-0.487441	0.859921	-0.151449
10382	9.372803	-0.857198	-1.814762	-0.150078	0.070299	0.025901	0.029728	0.188897	0.981547	0.873388	0.472660	-0.117414	-0.486117	0.860762	-0.150929
10383	9.312875	-0.958682	-1.694075	-0.248858	0.082674	0.038994	0.030441	0.188347	0.981631	0.874584	0.470451	-0.117388	-0.483918	0.862091	-0.150404
10384	9.360338	-1.134027	-1.394875	-0.262961	0.091114	0.045825	0.031255	0.187753	0.981719	0.875840	0.468102	-0.117409	-0.481589	0.863498	-0.149811
10385	9.404810	-1.268548	-1.184515	-0.248905	0.077682	0.046320	0.032006	0.187276	0.981786	0.877022	0.465872	-0.117456	-0.479383	0.864807	-0.149335
10386	9.421408	-1.273939	-1.128794	-0.214194	0.065242	0.038066	0.032625	0.186866	0.981843	0.878034	0.463956	-0.117476	-0.477484	0.865925	-0.148939
10387	9.431495	-1.379433	-1.068946	-0.193191	0.047029	0.029713	0.033081	0.186575	0.981884	0.878946	0.462234	-0.117446	-0.475773	0.866908	-0.148698
10388	9.339024	-1.292467	-0.643602	-0.246303	-0.006246	0.010748	0.033119	0.186656	0.981867	0.880113	0.460084	-0.117151	-0.473608	0.868034	-0.149041
10389	9.426277	-1.195609	-1.013199	-0.395838	-0.037321	0.021133	0.033101	0.187056	0.981791	0.881974	0.456613	-0.116732	-0.470134	0.869779	-0.149864
10390	9.380164	-1.385165	-1.116792	-0.336457	-0.048759	0.022550	0.033044	0.187562	0.981697	0.883543	0.453651	-0.116415	-0.467183	0.871218	-0.150728
10391	9.504566	-1.405714	-1.166987	-0.221646	-0.055827	0.021955	0.032949	0.188127	0.981592	0.884570	0.451685	-0.116260	-0.465242	0.872117	-0.151528
10392	9.471332	-1.267137	-1.186603	-0.129819	-0.073183	0.013910	0.032705	0.188807	0.981470	0.885167	0.450538	-0.116167	-0.464122	0.872564	-0.152391
10393	9.453209	-1.111508	-1.198471	-0.043124	-0.101135	0.002582	0.032230	0.189680	0.981317	0.885367	0.450165	-0.116091	-0.463774	0.872567	-0.153427
10394	9.491503	-0.984796	-1.255194	0.002779	-0.115602	-0.005226	0.031622	0.190643	0.981150	0.885357	0.450206	-0.116012	-0.463836	0.872336	-0.154551
10395	9.532144	-0.865880	-1.372063	0.007727	-0.125608	-0.015089	0.030876	0.191649	0.980978	0.885326	0.450310	-0.115841	-0.463945	0.872062	-0.155768
10396	9.715076	-0.898645	-1.653549	-0.000812	-0.124696	-0.009315	0.030189	0.192673	0.980799	0.885333	0.450328	-0.115716	-0.463976	0.871827	-0.156985
10397	9.893990	-0.937475	-1.772776	0.008089	-0.107394	-0.003740	0.029629	0.193571	0.980639	0.885297	0.450413	-0.115657	-0.464081	0.871584	-0.158023
10398	10.008415	-0.990213	-2.031702	-0.005544	-0.075433	0.007486	0.029318	0.194241	0.980516	0.885320	0.450360	-0.115689	-0.464057	0.871462	-0.158761
10399	9.893826	-1.011754	-2.290393	0.041185	-0.033499	0.011555	0.029236	0.194564	0.980454	0.885126	0.450705	-0.115833	-0.464432	0.871212	-0.159036
10400	9.798442	-1.098005	-2.303756	0.083927	-0.006510	0.016022	0.029321	0.194671	0.980430	0.884731	0.451413	-0.116091	-0.465179	0.870821	-0.158996
10401	9.637628	-1.262095	-2.103907	0.152529	0.018988	0.014068	0.029505	0.194549	0.980449	0.884017	0.452722	-0.116436	-0.466523	0.870169	-0.158627
10402	9.646813	-1.259825	-1.767239	0.180264	0.036898	0.017922	0.029809	0.194287	0.980492	0.883169	0.454263	-0.116864	-0.468106	0.869424	-0.158048
10403	9.591694	-1.306081	-1.424765	0.190295	0.038341	0.019688	0.030134	0.194023	0.980534	0.882271	0.455887	-0.117322	-0.469776	0.868633	-0.157443
10404	9.517300	-1.337488	-1.074895	0.188440	0.034630	0.014376	0.030396	0.193766	0.980577	0.881380	0.457504	-0.117726	-0.471429	0.867839	-0.156875
10405	9.635618	-1.370766	-0.787818	0.191149	0.026581	0.011145	0.030591	0.193565	0.980610	0.880474	0.459148	-0.118100	-0.473106	0.867015	-0.156383
10406	9.631761	-1.516870	-0.691017	0.203288	0.009073	0.006018	0.030661	0.193493	0.980623	0.879509	0.460906	-0.118444	-0.474893	0.866098	-0.156047
10407	9.624903	-1.259439	-0.858942	0.242216	-0.003910	-0.005295	0.030567	0.193481	0.980628	0.878359	0.463020	-0.118735	-0.477024	0.864972	-0.155792
10408	9.535137	-1.014732	-1.141466	0.224334	-0.013865	-0.008106	0.030404	0.193541	0.980621	0.877289	0.464983	-0.118972	-0.478998	0.863906	-0.155654
10409	9.535298	-1.111389	-1.459350	0.206875	-0.026171	-0.010322	0.030160	0.193697	0.980598	0.876300	0.466797	-0.119158	-0.480820	0.862892	-0.155658
10410	9.546805	-1.161353	-1.754446	0.236617	-0.028543	-0.008901	0.029919	0.193879	0.980569	0.875164	0.468861	-0.119407	-0.482901	0.861731	-0.155648
10411	9.774425	-1.175782	-1.793583	0.244014	-0.019695	-0.012206	0.029689	0.193969	0.980558	0.873987	0.470994	-0.119632	-0.485042	0.860547	-0.155543
10412	9.694847	-1.072379	-1.873288	0.204870	0.004976	0.004100	0.029723	0.193923	0.980566	0.872991	0.472754	-0.119957	-0.486829	0.859591	-0.155241
10413	9.659338	-1.058785	-1.915077	0.152665	0.017135	0.002378	0.029799	0.193765	0.980595	0.872247	0.474069	-0.120182	-0.488157	0.858902	-0.154884
10414	9.613861	-1.113806	-1.934736	0.116383	0.030007	0.005131	0.029965	0.193509	0.980641	0.871676	0.475067	-0.120380	-0.489165	0.858409	-0.154442
10415	9.585209	-1.171350	-1.902157	0.033109	0.036806	0.003855	0.030150	0.193190	0.980698	0.871514	0.475352	-0.120434	-0.489443	0.858323	-0.154036
10416	9.318940	-1.054641	-1.404420	-0.107944	0.016199	-0.012168	0.030098	0.192970	0.980743	0.872047	0.474454	-0.120115	-0.488496	0.858869	-0.153999
10417	9.435298	-0.870778	-1.269989	-0.371975	-0.006187	-0.007652	0.029973	0.192965	0.980748	0.873860	0.471279	-0.119432	-0.485252	0.860616	-0.154499
10418	9.278816	-1.040142	-1.192060	-0.472709	-0.020649	-0.001115	0.029837	0.193116	0.980722	0.876145	0.467215	-0.118656	-0.481123	0.862795	-0.155257
10419	9.465256	-1.346811	-1.030585	-0.381121	-0.026958	0.000839	0.029687	0.193331	0.980684	0.877973	0.463930	-0.118036	-0.477789	0.864518	-0.155967
10420	9.473112	-1.298349	-0.853575	-0.325761	-0.045185	-0.002503	0.029421	0.193689	0.980622	0.879523	0.461130	-0.117468	-0.474946	0.865935	-0.156787
10421	9.567109	-1.351630	-0.920915	-0.266426	-0.064160	-0.011230	0.028990	0.194172	0.980539	0.880789	0.458851	-0.116905	-0.472621	0.867037	-0.157722
10422	9.633484	-1.260221	-1.243499	-0.163249	-0.072164	-0.019485	0.028450	0.194686	0.980453	0.881565	0.457482	-0.116422	-0.471205	0.867645	-0.158612
10423	9.616662	-1.064005	-1.483173	-0.103974	-0.075993	-0.023781	0.027854	0.195215	0.980365	0.882061	0.456634	-0.115989	-0.470311	0.867973	-0.159472
10424	9.546602	-1.159599	-1.811826	-0.057977	-0.072305	-0.022739	0.027288	0.195717	0.980281	0.882340	0.456183	-0.115641	-0.469821	0.868096	-0.160241
10425	9.574059	-1.215958	-2.040888	-0.001008	-0.066326	-0.025808	0.026720	0.196154	0.980209	0.882352	0.456233	-0.115352	-0.469831	0.867972	-0.160886
10426	9.589801	-1.195037	-2.118906	0.042078	-0.047161	-0.013906	0.026351	0.196478	0.980154	0.882159	0.456631	-0.115251	-0.470213	0.867689	-0.161292
10427	9.605101	-1.188549	-2.092754	0.079718	-0.045975	-0.017368	0.025953	0.196776	0.980105	0.881789	0.457365	-0.115175	-0.470929	0.867235	-0.161645
10428	9.690403	-1.209762	-1.917555	0.097664	-0.025286	-0.015547	0.025668	0.196903	0.980087	0.881329	0.458257	-0.115147	-0.471805	0.866735	-0.161774
10429	9.803896	-1.176495	-1.687093	0.102879	-0.009179	-0.019391	0.025425	0.196872	0.980099	0.880849	0.459195	-0.115089	-0.472714	0.866246	-0.161740
10430	9.828445	-1.115025	-1.492855	0.069061	0.006994	-0.014653	0.025304	0.196722	0.980133	0.880527	0.459828	-0.115024	-0.473320	0.865944	-0.161584
10431	9.708783	-1.285100	-1.489745	0.053479	0.012990	-0.015247	0.025202	0.196518	0.980176	0.880278	0.460329	-0.114926	-0.473789	0.865724	-0.161389
10432	9.611695	-1.185170	-1.516162	0.115464	0.012497	-0.015624	0.025100	0.196316	0.980219	0.879737	0.461361	-0.114927	-0.474797	0.865220	-0.161126
10433	9.490549	-1.043336	-1.438869	0.131854	0.010014	-0.018957	0.024952	0.196120	0.980262	0.879116	0.462547	-0.114919	-0.475955	0.864631	-0.160871
10434	9.499918	-1.126551	-1.423572	0.143746	0.003847	-0.019151	0.024775	0.195976	0.980296	0.878434	0.463837	-0.114929	-0.477221	0.863973	-0.160660
10435	9.488077	-1.187569	-1.341956	0.179824	-0.001578	-0.014498	0.024612	0.195901	0.980315	0.877578	0.465426	-0.115041	-0.478801	0.863135	-0.160463
10436	9.584122	-1.102984	-1.411200	0.180659	-0.013513	-0.023079	0.024320	0.195888	0.980325	0.876719	0.467036	-0.115072	-0.480388	0.862268	-0.160380
10437	9.570170	-1.119528	-1.499393	0.164722	-0.013174	-0.019046	0.024061	0.195890	0.980331	0.875931	0.468501	-0.115115	-0.481835	0.861472	-0.160314
10438	9.611121	-1.167423	-1.550476	0.172755	-0.017153	-0.018325	0.023793	0.195930	0.980329	0.875103	0.470030	-0.115180	-0.483351	0.860630	-0.160275
10439	9.724674	-1.097932	-1.547486	0.146464	-0.013407	-0.012541	0.023590	0.195964	0.980327	0.874397	0.471322	-0.115257	-0.484637	0.859915	-0.160232
10440	9.782614	-1.116594	-1.774195	0.141963	-0.002512	-0.013165	0.023438	0.195902	0.980343	0.873712	0.472575	-0.115323	-0.485878	0.859241	-0.160086
10441	9.694185	-0.938883	-1.845723	0.136900	0.009093	-0.010073	0.023366	0.195754	0.980375	0.873049	0.473779	-0.115408	-0.487072	0.858612	-0.159833
10442	9.633860	-0.999022	-1.977101	0.135041	0.016761	-0.008170	0.023350	0.195549	0.980416	0.872392	0.474962	-0.115511	-0.488249	0.858004	-0.159505
10443	9.638158	-1.032208	-1.988216	0.154298	0.030812	-0.004558	0.023433	0.195241	0.980475	0.871639	0.476302	-0.115677	-0.489588	0.857331	-0.159019
10444	9.657461	-1.059079	-1.887303	0.147191	0.040927	-0.005132	0.023564	0.194843	0.980551	0.870921	0.477578	-0.115828	-0.490858	0.856712	-0.158439
10445	9.562590	-1.004428	-1.743050	0.124823	0.049023	0.001147	0.023787	0.194407	0.980633	0.870307	0.478653	-0.116002	-0.491934	0.856211	-0.157808
10446	9.550767	-1.076122	-1.553537	0.100339	0.049027	0.002329	0.024023	0.193976	0.980712	0.869814	0.479514	-0.116149	-0.492795	0.855827	-0.157203
10447	9.704253	-1.086306	-1.287462	0.046209	0.053906	0.006180	0.024314	0.193522	0.980795	0.869585	0.479905	-0.116248	-0.493185	0.855710	-0.156615
10448	9.829263	-1.140935	-1.095362	-0.011672	0.062413	0.006462	0.024654	0.192996	0.980890	0.869644	0.479796	-0.116260	-0.493064	0.855891	-0.156009
10449	9.861117	-1.117071	-1.051811	-0.057449	0.069918	0.014741	0.025098	0.192446	0.980987	0.869923	0.479283	-0.116280	-0.492548	0.856301	-0.155384
10450	9.742074	-1.267600	-1.166011	-0.026568	0.066127	0.008697	0.025473	0.191898	0.981084	0.870051	0.479048	-0.116291	-0.492303	0.856556	-0.154758
10451	9.515596	-1.105431	-1.157272	0.019283	0.050666	0.005737	0.025744	0.191470	0.981161	0.869955	0.479210	-0.116342	-0.492458	0.856561	-0.154233
10452	9.439804	-1.050762	-1.125967	-0.045040	0.021855	-0.012111	0.025721	0.191201	0.981214	0.870182	0.478853	-0.116121	-0.492059	0.856821	-0.154063
10453	9.354338	-1.021773	-1.325951	-0.114510	0.006639	-0.010128	0.025637	0.191074	0.981241	0.870747	0.477899	-0.115810	-0.491062	0.857382	-0.154125
10454	9.412050	-1.179565	-1.539999	-0.157769	0.000906	-0.013172	0.025502	0.190980	0.981263	0.871526	0.476575	-0.115405	-0.489685	0.858139	-0.154290
10455	9.505737	-1.332319	-1.835055	-0.117164	-0.000568	-0.011404	0.025372	0.190908	0.981280	0.872103	0.475599	-0.115077	-0.488665	0.858697	-0.154425
10456	9.545764	-1.355718	-1.931291	-0.069981	0.002140	-0.017553	0.025203	0.190784	0.981308	0.872448	0.475041	-0.114764	-0.488057	0.859033	-0.154477
10457	9.498354	-1.374252	-2.020270	0.007990	0.017474	-0.016798	0.025113	0.190533	0.981360	0.872413	0.475150	-0.114577	-0.488123	0.859028	-0.154291
10458	9.372918	-1.199746	-1.931120	0.085433	0.018012	-0.016907	0.025029	0.190276	0.981412	0.872001	0.475922	-0.114510	-0.488864	0.858658	-0.154009
10459	9.305862	-0.946289	-1.751452	0.107555	0.021433	-0.018205	0.024947	0.189983	0.981470	0.871479	0.476888	-0.114462	-0.489797	0.858187	-0.153669
10460	9.347458	-0.852950	-1.732288	0.097732	0.025167	-0.011768	0.024942	0.189689	0.981527	0.871004	0.477756	-0.114464	-0.490643	0.857769	-0.153303
10461	9.421558	-0.918404	-1.573085	0.080796	0.027370	-0.013207	0.024933	0.189369	0.981589	0.870610	0.478482	-0.114423	-0.491341	0.857435	-0.152936
10462	9.511908	-0.955126	-1.508990	0.060416	0.029360	-0.013213	0.024936	0.189032	0.981654	0.870316	0.479035	-0.114353	-0.491863	0.857200	-0.152572
10463	9.592352	-1.060692	-1.423128	0.046517	0.030025	-0.014117	0.024932	0.188685	0.981721	0.870090	0.479468	-0.114250	-0.492261	0.857035	-0.152219
10464	9.593597	-1.070314	-1.397888	0.031549	0.027141	-0.013362	0.024924	0.188366	0.981782	0.869938	0.479771	-0.114134	-0.492530	0.856935	-0.151909
10465	9.547356	-1.131976	-1.315765	0.009678	0.016288	-0.019563	0.024806	0.188111	0.981834	0.869896	0.479899	-0.113922	-0.492611	0.856920	-0.151733
10466	9.510750	-1.254877	-1.344950	0.015842	0.008283	-0.024214	0.024610	0.187901	0.981880	0.869824	0.480087	-0.113675	-0.492747	0.856860	-0.151626
10467	9.804051	-1.255138	-1.220055	0.020009	-0.005236	-0.029881	0.024296	0.187781	0.981910	0.869733	0.480322	-0.113378	-0.492924	0.856755	-0.151649
10468	10.099162	-1.385980	-1.264410	-0.001973	0.015014	-0.026956	0.024109	0.187500	0.981969	0.869749	0.480365	-0.113076	-0.492906	0.856792	-0.151497
10469	10.292223	-1.083099	-1.315657	-0.011627	0.041377	-0.027341	0.024047	0.186992	0.982067	0.869813	0.480325	-0.112755	-0.492795	0.856926	-0.151098
10470	10.095107	-0.972382	-1.551030	-0.090336	0.061640	-0.018034	0.024170	0.186354	0.982185	0.870265	0.479586	-0.112409	-0.491990	0.857479	-0.150586
10471	9.891386	-1.103460	-1.763853	-0.063783	0.073866	-0.016605	0.024360	0.185619	0.982320	0.870583	0.479077	-0.112116	-0.491418	0.857922	-0.149926
10472	9.662223	-1.049046	-1.806315	-0.035409	0.086470	-0.022267	0.024566	0.184746	0.982479	0.870765	0.478817	-0.111810	-0.491085	0.858256	-0.149108
10473	9.496434	-0.966011	-1.728349	-0.058631	0.098111	-0.025769	0.024795	0.183758	0.982659	0.871060	0.478369	-0.111435	-0.490551	0.858718	-0.148203
10474	9.394409	-1.116225	-1.708365	-0.078749	0.100258	-0.023448	0.025057	0.182762	0.982838	0.871453	0.477741	-0.111055	-0.489838	0.859280	-0.147298
10475	9.401758	-1.206544	-1.501363	-0.072767	0.098752	-0.028969	0.025259	0.181753	0.983020	0.871817	0.477176	-0.110628	-0.489180	0.859808	-0.146402
10476	9.418628	-1.227622	-1.315867	-0.059118	0.098034	-0.030329	0.025448	0.180743	0.983201	0.872115	0.476727	-0.110210	-0.488638	0.860269	-0.145496
10477	9.500896	-1.188059	-1.238881	-0.052999	0.087507	-0.039031	0.025507	0.179782	0.983376	0.872384	0.476349	-0.109715	-0.488155	0.860680	-0.144688
10478	9.437075	-1.091140	-1.159953	-0.109647	0.072488	-0.052478	0.025378	0.178885	0.983543	0.872935	0.475501	-0.109008	-0.487176	0.861335	-0.144088
10479	9.340852	-1.148195	-1.130040	-0.200061	0.049836	-0.061090	0.025059	0.178144	0.983685	0.873924	0.473893	-0.108084	-0.485417	0.862374	-0.143809
10480	9.256538	-1.285909	-1.170285	-0.247924	0.024755	-0.068168	0.024557	0.177586	0.983799	0.875142	0.471881	-0.107025	-0.483242	0.863592	-0.143825
10481	9.370733	-1.466939	-1.265744	-0.183973	0.017354	-0.069628	0.024003	0.177086	0.983903	0.876047	0.470422	-0.106040	-0.481628	0.864490	-0.143845
10482	9.491437	-1.307787	-1.224127	-0.092867	-0.000901	-0.079561	0.023275	0.176699	0.983990	0.876512	0.469769	-0.105091	-0.480818	0.864924	-0.143945
10483	9.643765	-1.199706	-1.424928	-0.061666	0.002023	-0.081695	0.022540	0.176276	0.984083	0.876827	0.469388	-0.104164	-0.480278	0.865218	-0.143984
10484	9.692203	-1.235600	-1.638011	0.012918	-0.002311	-0.081219	0.021791	0.175893	0.984168	0.876783	0.469650	-0.103350	-0.480393	0.865153	-0.143986
10485	9.686629	-1.154977	-1.710037	0.106281	0.002269	-0.087442	0.021007	0.175440	0.984266	0.876290	0.470730	-0.102608	-0.481325	0.864658	-0.143848
10486	9.598936	-0.980825	-1.760262	0.183798	0.002144	-0.095594	0.020156	0.174948	0.984371	0.875427	0.472487	-0.101898	-0.482930	0.863799	-0.143631
10487	9.497304	-0.845943	-1.774341	0.207582	0.008680	-0.102033	0.019277	0.174368	0.984492	0.874443	0.474465	-0.101157	-0.484745	0.862832	-0.143329
10488	9.468561	-0.874887	-1.787567	0.190884	0.015177	-0.103670	0.018420	0.173723	0.984622	0.873538	0.476294	-0.100377	-0.486408	0.861954	-0.142980
10489	9.492105	-0.934130	-1.681243	0.165565	0.015764	-0.101201	0.017585	0.173082	0.984750	0.872749	0.477904	-0.099582	-0.487852	0.861191	-0.142653
10490	9.571799	-1.043532	-1.492118	0.137650	0.022056	-0.097261	0.016821	0.172404	0.984883	0.872098	0.479256	-0.098789	-0.489043	0.860575	-0.142292
10491	9.657516	-1.072507	-1.265081	0.112472	0.024122	-0.099190	0.016046	0.171699	0.985019	0.871563	0.480402	-0.097937	-0.490021	0.860078	-0.141938
10492	9.733523	-1.027589	-1.031083	0.075688	0.018259	-0.110013	0.015151	0.170991	0.985156	0.871209	0.481247	-0.096928	-0.490678	0.859746	-0.141678
10493	9.691283	-1.002219	-0.831372	0.034297	0.016062	-0.107967	0.014261	0.170311	0.985287	0.871057	0.481734	-0.095878	-0.490975	0.859609	-0.141480
10494	9.554243	-1.030805	-0.710089	-0.018684	-0.000650	-0.116243	0.013222	0.169734	0.985401	0.871168	0.481771	-0.094674	-0.490807	0.859702	-0.141497
10495	9.436277	-0.819742	-0.560321	-0.076145	-0.027762	-0.122887	0.011987	0.169359	0.985482	0.871557	0.481332	-0.093320	-0.490148	0.860022	-0.141836
10496	9.385451	-0.588259	-0.434357	-0.311972	-0.073014	-0.126838	0.010497	0.169357	0.985499	0.873094	0.478871	-0.091593	-0.487439	0.861395	-0.142837
10497	9.253344	-0.460679	-0.602557	-0.539353	-0.099128	-0.118741	0.008950	0.169624	0.985468	0.875722	0.474427	-0.089614	-0.482734	0.863798	-0.144297
10498	9.284317	-1.220686	-0.966751	-0.557405	-0.144447	-0.121998	0.007161	0.170274	0.985371	0.878409	0.469818	-0.087569	-0.477856	0.866186	-0.146206
10499	9.597447	-1.466671	-0.909407	-0.406452	-0.157163	-0.131533	0.005227	0.170999	0.985257	0.880352	0.466526	-0.085640	-0.474292	0.867821	-0.148101
10500	9.743860	-1.457558	-1.103020	-0.310701	-0.163744	-0.143023	0.003167	0.171733	0.985138	0.881826	0.464082	-0.083736	-0.471565	0.868986	-0.149969
10501	9.854880	-1.187651	-1.355267	-0.183730	-0.150322	-0.154377	0.001069	0.172303	0.985043	0.882693	0.462757	-0.081903	-0.469948	0.869579	-0.151596
10502	9.874164	-0.796320	-1.485213	-0.107824	-0.138082	-0.158887	-0.001006	0.172748	0.984966	0.883200	0.462097	-0.080143	-0.468995	0.869842	-0.153035
10503	9.753475	-0.402501	-1.660182	-0.110177	-0.128777	-0.165762	-0.003102	0.173081	0.984903	0.883713	0.461433	-0.078306	-0.468020	0.870128	-0.154385
10504	9.584852	-0.404211	-1.838803	-0.130292	-0.114331	-0.168505	-0.005148	0.173277	0.984860	0.884318	0.460589	-0.076414	-0.466857	0.870536	-0.155603
10505	9.490711	-0.801702	-1.945839	-0.163248	-0.093230	-0.169552	-0.007111	0.173288	0.984846	0.885068	0.459469	-0.074454	-0.465408	0.871126	-0.156639
10506	9.300629	-0.943246	-1.779982	-0.173528	-0.070057	-0.160713	-0.008884	0.173140	0.984857	0.885860	0.458242	-0.072569	-0.463868	0.871801	-0.157449
10507	9.144816	-0.863856	-1.501638	-0.240860	-0.066204	-0.145784	-0.010512	0.173030	0.984860	0.886960	0.456401	-0.070718	-0.461727	0.872788	-0.158268
10508	9.452169	-0.731044	-1.220437	-0.276296	-0.079289	-0.141505	-0.012157	0.173056	0.984837	0.888217	0.454235	-0.068854	-0.459263	0.873912	-0.159233
10509	9.759376	-0.804633	-1.074367	-0.299781	-0.091890	-0.135981	-0.013815	0.173222	0.984786	0.889571	0.451856	-0.067001	-0.456587	0.875112	-0.160336
10510	10.008840	-0.494708	-1.002329	-0.220529	-0.099751	-0.134378	-0.015489	0.173467	0.984718	0.890558	0.450159	-0.065291	-0.454605	0.875937	-0.161455
10511	9.934487	0.010564	-1.138791	-0.227216	-0.095830	-0.131445	-0.017124	0.173695	0.984651	0.891566	0.448403	-0.063594	-0.452566	0.876792	-0.162539
10512	9.803232	0.120896	-1.476764	-0.227847	-0.088457	-0.126001	-0.018674	0.173888	0.984588	0.892567	0.446639	-0.061952	-0.450528	0.877654	-0.163547
10513	9.655705	-0.203254	-1.931384	-0.160693	-0.075727	-0.125502	-0.020165	0.173972	0.984544	0.893264	0.445454	-0.060418	-0.449080	0.878240	-0.164385
10514	9.703307	-0.355407	-2.167995	0.021518	-0.076750	-0.122289	-0.021625	0.174082	0.984494	0.893140	0.445862	-0.059221	-0.449258	0.878010	-0.165122
10515	9.688314	-0.342960	-2.366019	0.057303	-0.056044	-0.111915	-0.022906	0.174054	0.984470	0.892857	0.446567	-0.058179	-0.449758	0.877658	-0.165634
10516	9.682195	-0.609580	-2.487451	0.091879	-0.036572	-0.098222	-0.023972	0.173915	0.984469	0.892418	0.447552	-0.057333	-0.450572	0.877183	-0.165934
10517	9.783964	-0.606308	-2.304092	0.125025	-0.015975	-0.079452	-0.024783	0.173678	0.984491	0.891833	0.448794	-0.056724	-0.451685	0.876596	-0.166014
10518	9.820001	-0.510407	-2.202980	0.071621	0.013795	-0.067658	-0.025345	0.173234	0.984555	0.891495	0.449538	-0.056147	-0.452321	0.876302	-0.165831
10519	9.772614	-0.431621	-2.130238	-0.013018	0.052607	-0.058484	-0.025658	0.172489	0.984677	0.891537	0.449532	-0.055515	-0.452220	0.876452	-0.165314
10520	9.523954	-0.523727	-1.910846	-0.168946	0.080701	-0.050983	-0.025773	0.171533	0.984841	0.892286	0.448144	-0.054704	-0.450735	0.877350	-0.164606
10521	9.193256	-0.837852	-1.858362	-0.174673	0.079804	-0.047004	-0.025863	0.170601	0.985001	0.893058	0.446699	-0.053919	-0.449197	0.878269	-0.163909
10522	9.171206	-0.329203	-1.392313	-0.123865	0.058263	-0.053005	-0.026100	0.169832	0.985127	0.893601	0.445703	-0.053162	-0.448103	0.878923	-0.163395
10523	9.236063	-0.131461	-0.986043	-0.206245	0.047396	-0.048824	-0.026354	0.169177	0.985233	0.894509	0.443980	-0.052310	-0.446273	0.879921	-0.163031
10524	9.335544	-0.349643	-0.611556	-0.265372	0.011485	-0.057837	-0.026847	0.168800	0.985285	0.895672	0.441750	-0.051276	-0.443905	0.881115	-0.163049
10525	9.608721	-0.266052	-0.118011	-0.292139	-0.023380	-0.061994	-0.027536	0.168712	0.985281	0.896946	0.439286	-0.050153	-0.441281	0.882363	-0.163422
10526	9.799885	-0.685171	0.022009	-0.300970	-0.077891	-0.069423	-0.028527	0.169075	0.985190	0.898249	0.436752	-0.048944	-0.438559	0.883550	-0.164331
10527	9.830012	-0.598334	-0.337964	-0.242721	-0.117567	-0.072657	-0.029724	0.169777	0.985034	0.899288	0.434737	-0.047793	-0.436345	0.884409	-0.165601
10528	9.766598	-0.418618	-0.393792	-0.168741	-0.163140	-0.075749	-0.031144	0.170869	0.984801	0.899997	0.433383	-0.046733	-0.434782	0.884863	-0.167279
10529	9.720724	-0.412235	-0.745287	-0.173468	-0.210327	-0.068000	-0.032698	0.172416	0.984481	0.900727	0.431972	-0.045737	-0.433154	0.885253	-0.169425
10530	9.587056	-0.612606	-1.152207	-0.087711	-0.240816	-0.071310	-0.034409	0.174217	0.984106	0.901080	0.431327	-0.044852	-0.432286	0.885215	-0.171825
10531	9.576896	-0.238784	-1.365213	0.005367	-0.272498	-0.068883	-0.036237	0.176311	0.983667	0.901031	0.431503	-0.044149	-0.432239	0.884714	-0.174498
10532	9.810279	0.139587	-1.652574	-0.055429	-0.274198	-0.053768	-0.037932	0.178482	0.983212	0.901249	0.431114	-0.043490	-0.431638	0.884469	-0.177209
10533	9.794281	0.138751	-2.129690	-0.079098	-0.267647	-0.043336	-0.039506	0.180642	0.982755	0.901571	0.430499	-0.042888	-0.430823	0.884330	-0.179869
10534	9.816123	0.202823	-2.460626	-0.087103	-0.247662	-0.025637	-0.040829	0.182698	0.982321	0.901935	0.429781	-0.042446	-0.429938	0.884257	-0.182329
10535	9.789078	0.034765	-2.717388	-0.072549	-0.222451	-0.009439	-0.041899	0.184604	0.981919	0.902241	0.429165	-0.042185	-0.429193	0.884160	-0.184539
10536	9.788695	0.006998	-2.754477	-0.038201	-0.188730	0.002835	-0.042710	0.186262	0.981571	0.902404	0.428828	-0.042109	-0.428769	0.883976	-0.186399
10537	9.754726	-0.028610	-2.648290	-0.039370	-0.157921	0.018798	-0.043247	0.187718	0.981270	0.902579	0.428453	-0.042185	-0.428347	0.883850	-0.187960
10538	9.723563	-0.379169	-2.378478	-0.087310	-0.137199	0.032339	-0.043569	0.189047	0.981001	0.902965	0.427627	-0.042303	-0.427500	0.883966	-0.189334
10539	9.465408	-0.831900	-2.141525	-0.012382	-0.126153	0.041945	-0.043760	0.190321	0.980746	0.903034	0.427446	-0.042657	-0.427335	0.883780	-0.190571
10540	9.533756	-0.233455	-1.710599	0.081953	-0.131608	0.042620	-0.043966	0.191643	0.980479	0.902700	0.428097	-0.043197	-0.428019	0.883179	-0.191818
10541	9.519865	-0.167849	-1.430362	0.033083	-0.146383	0.045307	-0.044213	0.193110	0.980181	0.902576	0.428310	-0.043671	-0.428254	0.882757	-0.193233
10542	9.468391	-0.498269	-1.453617	0.037715	-0.165136	0.046011	-0.044533	0.194742	0.979843	0.902433	0.428562	-0.044161	-0.428523	0.882276	-0.194827
10543	9.422000	-0.556841	-1.495175	0.094192	-0.186831	0.047487	-0.044935	0.196573	0.979459	0.902048	0.429308	-0.044776	-0.429291	0.881507	-0.196609
10544	9.384269	-0.876948	-1.572407	0.119592	-0.215517	0.052485	-0.045416	0.198674	0.979013	0.901556	0.430265	-0.045493	-0.430273	0.880568	-0.198657
10545	9.679026	-0.677989	-1.481025	0.218374	-0.235434	0.051203	-0.045999	0.200946	0.978522	0.900635	0.432092	-0.046395	-0.432134	0.879157	-0.200855
10546	9.750186	-0.094359	-1.464166	0.147087	-0.244191	0.065684	-0.046492	0.203353	0.978001	0.900027	0.433260	-0.047301	-0.433347	0.878028	-0.203166
10547	9.633212	0.039387	-1.593283	0.028585	-0.246249	0.078731	-0.046880	0.205835	0.977463	0.899938	0.433358	-0.048095	-0.433491	0.877401	-0.205554
10548	9.640052	-0.172139	-1.926810	-0.008937	-0.255337	0.092240	-0.047184	0.208451	0.976894	0.900018	0.433096	-0.048944	-0.433291	0.876913	-0.208044
10549	9.719118	0.130067	-2.124730	0.056376	-0.251263	0.106769	-0.047341	0.211095	0.976318	0.899822	0.433375	-0.050070	-0.433681	0.876142	-0.210465
10550	9.701352	0.170547	-2.314510	0.025097	-0.240719	0.119546	-0.047337	0.213698	0.975752	0.899768	0.433349	-0.051256	-0.433794	0.875524	-0.212792
10551	9.624146	-0.169309	-2.452661	0.102526	-0.234050	0.138769	-0.047135	0.216327	0.975182	0.899386	0.433956	-0.052794	-0.434608	0.874577	-0.215016
10552	9.604727	-0.154531	-2.147734	0.209847	-0.240590	0.150685	-0.046856	0.219061	0.974585	0.898540	0.435471	-0.054682	-0.436383	0.873142	-0.217240
10553	9.613183	-0.282557	-1.727963	0.261215	-0.250040	0.163824	-0.046508	0.221937	0.973951	0.897472	0.437397	-0.056815	-0.438613	0.871451	-0.219525
10554	9.423092	-0.591936	-1.355271	0.320969	-0.271904	0.174095	-0.046171	0.225043	0.973254	0.896138	0.439811	-0.059183	-0.441367	0.869438	-0.221976
10555	9.179524	-0.542546	-0.923020	0.368417	-0.322610	0.181805	-0.046002	0.228626	0.972427	0.894588	0.442607	-0.061741	-0.444518	0.867081	-0.224887
10556	9.048366	-0.627849	-0.470800	0.352218	-0.386465	0.194450	-0.046015	0.232811	0.971433	0.893104	0.445217	-0.064395	-0.447490	0.864628	-0.228411
10557	9.125236	-0.491413	-0.157002	0.296835	-0.465855	0.183508	-0.046497	0.237631	0.970242	0.891855	0.447357	-0.066826	-0.449925	0.862208	-0.232733
10558	9.238011	-0.075655	-0.099453	0.185730	-0.543495	0.182462	-0.047346	0.243103	0.968844	0.891102	0.448528	-0.068998	-0.451327	0.860072	-0.237865
10559	9.227339	0.321741	-0.154904	0.063863	-0.612372	0.193636	-0.048415	0.249212	0.967238	0.890904	0.448609	-0.070992	-0.451604	0.858279	-0.243743
10560	9.126438	0.174528	-0.435318	-0.025771	-0.687295	0.215668	-0.049622	0.256044	0.965391	0.891124	0.447853	-0.072977	-0.451039	0.856661	-0.250391
10561	9.056369	-0.192561	-0.675017	-0.016772	-0.761726	0.229219	-0.051042	0.263567	0.963290	0.891312	0.447125	-0.075111	-0.450507	0.854758	-0.257743
10562	9.462825	0.131832	-0.656060	0.047865	-0.837003	0.255371	-0.052563	0.271825	0.960910	0.891227	0.446860	-0.077658	-0.450502	0.852307	-0.265746
10563	9.563071	-0.164168	-0.369786	0.046029	-0.921010	0.269161	-0.054342	0.280843	0.958214	0.891161	0.446519	-0.080331	-0.450421	0.849558	-0.274541
10564	9.941908	-0.362193	0.163548	0.113625	-1.017855	0.282163	-0.056441	0.290704	0.955147	0.890803	0.446686	-0.083312	-0.450870	0.846146	-0.284171
10565	10.852333	-0.308122	0.467909	0.188438	-1.113481	0.274415	-0.059053	0.301309	0.951696	0.890108	0.447476	-0.086441	-0.451907	0.842008	-0.294622
10566	11.155959	-0.984329	-0.056317	0.186693	-1.169940	0.259105	-0.062065	0.312263	0.947966	0.889419	0.448261	-0.089426	-0.452861	0.837588	-0.305554
10567	10.933961	-1.879117	-1.077852	0.350711	-1.223785	0.226817	-0.065635	0.323478	0.943957	0.887968	0.450480	-0.092630	-0.455197	0.832124	-0.316805
10568	10.915248	-2.132038	-1.996007	0.576640	-1.271189	0.204361	-0.069660	0.334905	0.939673	0.885467	0.454599	-0.096379	-0.459452	0.825336	-0.328215
10569	11.044273	-1.405292	-2.184457	0.702340	-1.294188	0.190171	-0.073989	0.346385	0.935170	0.882355	0.459734	-0.100475	-0.464732	0.817717	-0.339650
10570	11.598037	-1.307529	-1.605036	0.690363	-1.323661	0.183604	-0.078579	0.357973	0.930420	0.879266	0.464719	-0.104538	-0.469805	0.809872	-0.351270
10571	12.339457	-1.777153	-1.435546	0.628968	-1.367071	0.206044	-0.083252	0.369931	0.925322	0.876460	0.469052	-0.108665	-0.474222	0.801961	-0.363279
10572	12.712816	-2.239750	-1.012087	0.668050	-1.383133	0.285125	-0.087370	0.382274	0.919909	0.873516	0.473324	-0.113729	-0.478890	0.793619	-0.375277
10573	12.568071	-1.460562	-0.510708	0.458901	-1.419878	0.347661	-0.091184	0.395116	0.914094	0.871619	0.475611	-0.118636	-0.481629	0.785924	-0.387759
10574	12.553335	-1.938906	-0.279226	0.282139	-1.456330	0.383123	-0.094889	0.408296	0.907904	0.870611	0.476295	-0.123205	-0.482734	0.778741	-0.400662
10575	12.022530	-2.240213	0.077749	0.113109	-1.518780	0.376644	-0.098966	0.421843	0.901251	0.870426	0.475624	-0.127041	-0.482249	0.771900	-0.414254
10576	11.635467	-2.128160	0.341053	-0.218478	-1.624222	0.350911	-0.103731	0.435957	0.893969	0.871828	0.472456	-0.129238	-0.478703	0.765981	-0.429088
10577	11.449032	-1.910728	-0.096569	-0.509079	-1.707769	0.346792	-0.108853	0.450603	0.886063	0.874613	0.467049	-0.130069	-0.472444	0.760804	-0.444943
10578	11.566080	-1.814361	-0.860447	-0.704771	-1.782013	0.322832	-0.114386	0.465574	0.877586	0.878270	0.460242	-0.129690	-0.464283	0.755922	-0.461545
10579	11.746626	-1.382881	-1.556306	-0.709052	-1.849911	0.266706	-0.120579	0.480705	0.868552	0.881840	0.453658	-0.128655	-0.455871	0.750411	-0.478607
10580	11.891636	-0.857449	-2.444433	-0.773754	-1.865502	0.186623	-0.127364	0.495451	0.859248	0.885559	0.446980	-0.126469	-0.446726	0.744807	-0.495680
10581	11.570134	-0.161660	-3.689617	-0.604386	-1.875008	0.057934	-0.135183	0.509591	0.849731	0.888306	0.442227	-0.123888	-0.438906	0.738074	-0.512454
10582	11.387481	1.162350	-4.044776	-0.610426	-1.841382	-0.067378	-0.143806	0.522781	0.840250	0.890861	0.438109	-0.120111	-0.430913	0.731274	-0.528728
10583	10.727396	0.268731	-4.728443	-0.762618	-1.749424	-0.135396	-0.152500	0.534912	0.831031	0.893905	0.433290	-0.114859	-0.421517	0.725347	-0.544238
10584	10.264657	0.065719	-4.716501	-0.707247	-1.598428	-0.171535	-0.160719	0.545680	0.822437	0.896581	0.429126	-0.109513	-0.412689	0.719781	-0.558215
10585	9.279741	-0.386822	-5.265943	-0.494143	-1.341108	-0.171920	-0.167782	0.554543	0.815065	0.898315	0.426549	-0.105290	-0.406053	0.714520	-0.569721
