// General information: 
//  MT Manager version: 2022.2.0 
//  XDA version: 2022.2.0 build 7381 rev 124627 built on 2023-07-19
// Device information: 
//  DeviceId: 00B4CB9F
//  ProductCode: MTW2-3A7G6
//  Firmware Version: 4.6.0
//  Hardware Version: 2.0.0
// Device settings: 
//  Filter Profile: human(46.1)
//  Option Flags: Orientation Smoother Disabled, Position/Velocity Smoother Disabled, Continuous Zero Rotation Update Disabled, AHS Disabled, ICC Disabled
// Coordinate system: ENU
PacketCounter	Acc_X	Acc_Y	Acc_Z	Gyr_X	Gyr_Y	Gyr_Z	Mat[1][1]	Mat[2][1]	Mat[3][1]	Mat[1][2]	Mat[2][2]	Mat[3][2]	Mat[1][3]	Mat[2][3]	Mat[3][3]
24246	9.451933	-0.253348	2.332444	0.010761	0.000054	0.019311	-0.203005	-0.153060	0.967141	0.453490	-0.890090	-0.045677	0.867834	0.429316	0.250104
24247	9.468070	-0.249313	2.315022	0.005577	-0.001912	0.021763	-0.202818	-0.153262	0.967148	0.453634	-0.890005	-0.045907	0.867802	0.429421	0.250034
24248	9.455948	-0.235486	2.343188	-0.003080	-0.000738	0.017680	-0.202647	-0.153402	0.967162	0.453694	-0.889965	-0.046097	0.867811	0.429454	0.249946
24249	9.487494	-0.278863	2.358775	-0.001779	0.001691	0.016284	-0.202516	-0.153571	0.967163	0.453763	-0.889919	-0.046292	0.867806	0.429488	0.249907
24250	9.502838	-0.328089	2.391773	-0.004614	0.000533	0.018570	-0.202352	-0.153724	0.967172	0.453810	-0.889885	-0.046493	0.867819	0.429505	0.249832
24251	9.500341	-0.367507	2.411459	-0.001537	0.000228	0.023177	-0.202177	-0.153948	0.967174	0.453895	-0.889827	-0.046755	0.867815	0.429543	0.249779
24252	9.459898	-0.344390	2.485355	-0.000809	-0.000883	0.027951	-0.201958	-0.154178	0.967183	0.453996	-0.889761	-0.047037	0.867814	0.429597	0.249691
24253	9.458179	-0.331247	2.454641	0.000407	-0.001642	0.030606	-0.201733	-0.154460	0.967185	0.454113	-0.889684	-0.047366	0.867805	0.429656	0.249621
24254	9.470214	-0.349880	2.426130	-0.005988	-0.002843	0.030406	-0.201487	-0.154703	0.967197	0.454171	-0.889637	-0.047684	0.867832	0.429665	0.249512
24255	9.501685	-0.394351	2.441527	0.003735	-0.000133	0.026203	-0.201295	-0.154952	0.967197	0.454308	-0.889553	-0.047962	0.867804	0.429751	0.249458
24256	9.464223	-0.360738	2.384795	0.004166	0.007016	0.031387	-0.201131	-0.155246	0.967184	0.454455	-0.889461	-0.048264	0.867766	0.429834	0.249450
24257	9.450278	-0.332244	2.382999	-0.007415	0.003857	0.033639	-0.200939	-0.155578	0.967171	0.454510	-0.889413	-0.048642	0.867781	0.429814	0.249430
24258	9.444653	-0.260906	2.402839	-0.013006	0.002499	0.027776	-0.200752	-0.155822	0.967170	0.454505	-0.889398	-0.048952	0.867827	0.429756	0.249370
24259	9.460711	-0.258026	2.385684	-0.016566	0.002457	0.025290	-0.200586	-0.156074	0.967164	0.454464	-0.889402	-0.049272	0.867887	0.429658	0.249332
24260	9.425335	-0.160240	2.420476	-0.023856	0.001511	0.018893	-0.200431	-0.156234	0.967170	0.454345	-0.889448	-0.049523	0.867985	0.429503	0.249257
24261	9.447263	-0.151029	2.444551	-0.039741	-0.002806	0.007494	-0.200300	-0.156305	0.967186	0.454067	-0.889579	-0.049728	0.868161	0.429207	0.249156
24262	9.444800	-0.190068	2.463826	-0.054789	-0.002809	0.003213	-0.200179	-0.156305	0.967211	0.453646	-0.889784	-0.049904	0.868409	0.428782	0.249024
24263	9.465540	-0.313918	2.476528	-0.059311	-0.003550	0.004975	-0.200054	-0.156351	0.967229	0.453193	-0.890002	-0.050133	0.868674	0.428312	0.248905
24264	9.456036	-0.491860	2.442985	-0.065438	-0.000690	0.002160	-0.199957	-0.156350	0.967250	0.452674	-0.890255	-0.050324	0.868967	0.427786	0.248789
24265	9.492959	-0.610248	2.437888	-0.060026	-0.007952	0.009735	-0.199772	-0.156420	0.967277	0.452224	-0.890468	-0.050601	0.869244	0.427317	0.248627
24266	9.490969	-0.676573	2.345324	-0.039840	0.000791	0.018881	-0.199611	-0.156576	0.967285	0.451963	-0.890584	-0.050892	0.869416	0.427019	0.248537
24267	9.475571	-0.631722	2.312362	-0.027790	-0.001231	0.024024	-0.199420	-0.156801	0.967288	0.451822	-0.890636	-0.051227	0.869534	0.426826	0.248457
24268	9.505629	-0.580820	2.358601	-0.012805	0.003319	0.029227	-0.199235	-0.157063	0.967283	0.451823	-0.890617	-0.051550	0.869575	0.426770	0.248406
24269	9.472773	-0.446008	2.374519	-0.011017	0.006103	0.025714	-0.199099	-0.157335	0.967267	0.451830	-0.890595	-0.051860	0.869603	0.426715	0.248406
24270	9.469912	-0.486055	2.394677	-0.011408	0.008944	0.023793	-0.198988	-0.157570	0.967252	0.451828	-0.890581	-0.052128	0.869629	0.426659	0.248409
24271	9.487390	-0.499237	2.408492	-0.006722	0.005015	0.032977	-0.198810	-0.157903	0.967234	0.451887	-0.890529	-0.052497	0.869639	0.426644	0.248400
24272	9.525236	-0.485495	2.415964	-0.010673	0.007824	0.028570	-0.198667	-0.158176	0.967218	0.451901	-0.890504	-0.052809	0.869665	0.426595	0.248394
24273	9.501877	-0.403815	2.423420	-0.004761	0.008658	0.030893	-0.198531	-0.158505	0.967193	0.451972	-0.890447	-0.053154	0.869659	0.426592	0.248421
24274	9.483769	-0.396592	2.411030	-0.012194	0.009100	0.029469	-0.198395	-0.158791	0.967174	0.451972	-0.890428	-0.053478	0.869690	0.426525	0.248426
24275	9.439526	-0.421867	2.363327	-0.021974	0.008744	0.028211	-0.198272	-0.159097	0.967149	0.451888	-0.890448	-0.053839	0.869762	0.426369	0.248445
24276	9.454308	-0.472664	2.396786	-0.019139	0.009899	0.025926	-0.198160	-0.159355	0.967129	0.451821	-0.890464	-0.054147	0.869822	0.426240	0.248454
24277	9.441925	-0.460061	2.425989	-0.013879	0.009515	0.028947	-0.198039	-0.159670	0.967102	0.451810	-0.890448	-0.054495	0.869855	0.426154	0.248484
24278	9.432209	-0.410056	2.435758	-0.009832	0.009899	0.029314	-0.197911	-0.159960	0.967080	0.451834	-0.890416	-0.054813	0.869872	0.426112	0.248499
24279	9.459237	-0.327122	2.421761	-0.013819	0.004957	0.028022	-0.197755	-0.160248	0.967064	0.451821	-0.890402	-0.055152	0.869914	0.426034	0.248485
24280	9.468096	-0.313421	2.332419	-0.024537	-0.002881	0.023676	-0.197542	-0.160432	0.967077	0.451703	-0.890443	-0.055451	0.870024	0.425878	0.248368
24281	9.462999	-0.241780	2.352094	-0.037221	-0.002041	0.019234	-0.197365	-0.160612	0.967084	0.451469	-0.890543	-0.055763	0.870185	0.425603	0.248273
24282	9.494235	-0.286494	2.367237	-0.049079	0.000874	0.015526	-0.197222	-0.160740	0.967092	0.451124	-0.890700	-0.056044	0.870397	0.425225	0.248179
24283	9.480968	-0.327237	2.445434	-0.060542	0.000948	0.013744	-0.197096	-0.160883	0.967094	0.450676	-0.890907	-0.056360	0.870658	0.424737	0.248100
24284	9.515140	-0.404681	2.521616	-0.069795	0.003181	0.016778	-0.196967	-0.161031	0.967095	0.450150	-0.891151	-0.056704	0.870959	0.424169	0.248016
24285	9.575694	-0.406351	2.441298	-0.080032	0.002487	0.017656	-0.196837	-0.161216	0.967091	0.449539	-0.891433	-0.057107	0.871303	0.423505	0.247941
24286	9.581311	-0.405067	2.482723	-0.088568	0.001378	0.019069	-0.196684	-0.161378	0.967095	0.448855	-0.891751	-0.057519	0.871691	0.422773	0.247828
24287	9.519473	-0.420976	2.420802	-0.096897	0.003336	0.028323	-0.196514	-0.161662	0.967082	0.448118	-0.892087	-0.058066	0.872108	0.421956	0.247751
24288	9.463303	-0.432310	2.400612	-0.101770	0.005456	0.028192	-0.196355	-0.161921	0.967071	0.447335	-0.892445	-0.058599	0.872546	0.421099	0.247669
24289	9.488044	-0.459091	2.485672	-0.095309	0.002077	0.027467	-0.196178	-0.162193	0.967061	0.446609	-0.892773	-0.059134	0.872957	0.420298	0.247580
24290	9.419238	-0.429518	2.606091	-0.085176	0.016444	0.029454	-0.196111	-0.162511	0.967022	0.445974	-0.893057	-0.059638	0.873297	0.419571	0.247614
24291	9.286415	-0.369723	2.747221	-0.068378	0.025913	0.037583	-0.196097	-0.162973	0.966947	0.445502	-0.893254	-0.060204	0.873541	0.418971	0.247769
24292	9.237498	-0.313745	2.863696	-0.056442	0.032935	0.044615	-0.196108	-0.163494	0.966856	0.445146	-0.893393	-0.060783	0.873720	0.418472	0.247980
24293	9.194632	-0.348673	2.990634	-0.047404	0.041158	0.048475	-0.196180	-0.164117	0.966736	0.444879	-0.893483	-0.061403	0.873840	0.418035	0.248296
24294	9.204531	-0.345060	3.077720	-0.040323	0.045733	0.054413	-0.196260	-0.164781	0.966607	0.444684	-0.893537	-0.062036	0.873921	0.417659	0.248641
24295	9.211511	-0.309135	3.104310	-0.036025	0.044594	0.061687	-0.196304	-0.165536	0.966469	0.444542	-0.893557	-0.062755	0.873984	0.417317	0.248996
24296	9.189177	-0.343376	3.114659	-0.038552	0.054260	0.068771	-0.196398	-0.166363	0.966308	0.444388	-0.893579	-0.063522	0.874041	0.416940	0.249427
24297	9.227030	-0.280721	3.077702	-0.044236	0.061072	0.075284	-0.196525	-0.167308	0.966119	0.444201	-0.893610	-0.064393	0.874107	0.416496	0.249935
24298	9.210665	-0.170556	2.971548	-0.054940	0.064607	0.079263	-0.196666	-0.168272	0.965923	0.443926	-0.893681	-0.065302	0.874215	0.415956	0.250457
24299	9.246186	-0.076328	2.874597	-0.083754	0.060866	0.077424	-0.196783	-0.169235	0.965731	0.443398	-0.893870	-0.066293	0.874457	0.415158	0.250937
24300	9.550222	0.132059	2.828583	-0.115870	0.048883	0.072603	-0.196818	-0.170074	0.965576	0.442577	-0.894202	-0.067289	0.874865	0.414098	0.251266
24301	9.669776	0.141599	2.644140	-0.168629	0.066466	0.086763	-0.196944	-0.171142	0.965362	0.441324	-0.894723	-0.068584	0.875469	0.412530	0.251740
24302	8.878070	-0.268510	2.383571	-0.196831	0.055296	0.058551	-0.197102	-0.171880	0.965198	0.439768	-0.895407	-0.069648	0.876216	0.410736	0.252074
24303	9.483504	-0.101869	2.401359	-0.207410	0.013591	0.068298	-0.196849	-0.172566	0.965128	0.438136	-0.896111	-0.070863	0.877090	0.408908	0.252006
24304	9.496278	-0.152314	2.261213	-0.229824	0.001135	0.063343	-0.196514	-0.173124	0.965096	0.436296	-0.896914	-0.072054	0.878082	0.406908	0.251790
24305	9.575290	-0.260207	2.302255	-0.248409	-0.017425	0.066801	-0.195998	-0.173672	0.965103	0.434296	-0.897778	-0.073357	0.879188	0.404763	0.251388
24306	9.631337	-0.362511	2.286940	-0.247415	-0.020962	0.077180	-0.195412	-0.174264	0.965115	0.432321	-0.898618	-0.074723	0.880291	0.402638	0.250939
24307	9.545263	-0.338766	2.247800	-0.246062	-0.046687	0.095908	-0.194515	-0.174958	0.965170	0.430393	-0.899411	-0.076299	0.881434	0.400561	0.250249
24308	9.538638	-0.318070	2.282260	-0.246333	-0.061777	0.105648	-0.193448	-0.175646	0.965260	0.428476	-0.900186	-0.077933	0.882602	0.398515	0.249399
24309	9.569255	-0.360198	2.259102	-0.245579	-0.073985	0.117593	-0.192220	-0.176430	0.965362	0.426586	-0.900927	-0.079713	0.883785	0.396488	0.248439
24310	9.491425	-0.464641	2.283426	-0.250489	-0.081549	0.129688	-0.190879	-0.177260	0.965476	0.424671	-0.901664	-0.081585	0.884997	0.394437	0.247386
24311	9.455968	-0.538094	2.183422	-0.252195	-0.099928	0.139339	-0.189332	-0.178143	0.965618	0.422754	-0.902381	-0.083586	0.886246	0.392394	0.246160
24312	9.516099	-0.608733	2.139594	-0.236775	-0.115401	0.147547	-0.187618	-0.179006	0.965793	0.420984	-0.903021	-0.085590	0.887453	0.390525	0.244781
24313	9.442990	-0.491630	2.069016	-0.231011	-0.125377	0.145094	-0.185823	-0.179848	0.965984	0.419255	-0.903633	-0.087589	0.888648	0.388718	0.243318
24314	9.379791	-0.311791	2.134553	-0.239184	-0.141150	0.154144	-0.183854	-0.180677	0.966206	0.417464	-0.904260	-0.089656	0.889900	0.386873	0.241678
24315	9.189827	-0.296957	2.087318	-0.250392	-0.159785	0.147109	-0.181747	-0.181411	0.966467	0.415555	-0.904932	-0.091714	0.891225	0.384952	0.239855
24316	9.454967	-0.416692	2.041535	-0.268943	-0.158399	0.147971	-0.179652	-0.182124	0.966724	0.413475	-0.905673	-0.093784	0.892616	0.382868	0.238010
24317	9.334709	-0.558467	2.035986	-0.271341	-0.192470	0.138195	-0.177291	-0.182661	0.967059	0.411349	-0.906430	-0.095797	0.894069	0.380815	0.235839
24318	9.669241	-0.503550	1.905302	-0.289046	-0.196831	0.142878	-0.174875	-0.183191	0.967399	0.409065	-0.907243	-0.097853	0.895592	0.378617	0.233591
24319	9.519842	-0.527506	1.806929	-0.329683	-0.215750	0.138350	-0.172305	-0.183653	0.967772	0.406402	-0.908206	-0.099992	0.897301	0.376075	0.231125
24320	9.351474	-0.687818	1.604384	-0.369064	-0.223924	0.133256	-0.169685	-0.184005	0.968168	0.403365	-0.909322	-0.102126	0.899168	0.373196	0.228520
24321	9.916202	-0.562936	1.641806	-0.408764	-0.250617	0.141714	-0.166788	-0.184385	0.968599	0.399976	-0.910553	-0.104461	0.901222	0.369994	0.225619
24322	9.010153	-0.894434	1.301231	-0.469305	-0.261921	0.109393	-0.163919	-0.184397	0.969086	0.395972	-0.912058	-0.106567	0.903513	0.366263	0.222519
24323	9.711613	-1.068422	1.380212	-0.512836	-0.321241	0.108886	-0.160512	-0.184242	0.969686	0.391561	-0.913698	-0.108790	0.906044	0.362229	0.218802
24324	9.466436	-1.787135	1.152790	-0.525561	-0.373049	0.089991	-0.156705	-0.183701	0.970411	0.386985	-0.915405	-0.110797	0.908673	0.358172	0.214538
24325	9.744921	-2.082639	1.014616	-0.504210	-0.373054	0.118259	-0.152784	-0.183478	0.971078	0.382631	-0.916958	-0.113051	0.911181	0.354293	0.210301
24326	9.815217	-2.106075	0.853666	-0.475810	-0.425746	0.125304	-0.148347	-0.183108	0.971836	0.378528	-0.918386	-0.115257	0.913625	0.350769	0.205551
24327	9.607441	-1.883499	0.703341	-0.449931	-0.438019	0.130499	-0.143777	-0.182801	0.972580	0.374654	-0.919692	-0.117475	0.915949	0.347491	0.200718
24328	9.910319	-1.518609	0.904583	-0.403564	-0.464257	0.115248	-0.139010	-0.182238	0.973378	0.371165	-0.920859	-0.119398	0.918103	0.344686	0.195649
24329	9.421375	-1.404945	0.869808	-0.372382	-0.468943	0.098817	-0.134264	-0.181562	0.974171	0.367929	-0.921932	-0.121116	0.920110	0.342164	0.190584
24330	9.619268	-1.211985	1.109126	-0.344738	-0.504129	0.073483	-0.129269	-0.180504	0.975043	0.364898	-0.922956	-0.122484	0.922030	0.339958	0.185175
24331	9.539863	-1.139446	1.288037	-0.333394	-0.495166	0.067999	-0.124380	-0.179477	0.975868	0.361958	-0.923938	-0.123793	0.923859	0.337826	0.179883
24332	9.132239	-1.318774	1.450584	-0.301614	-0.496746	0.057047	-0.119498	-0.178315	0.976690	0.359286	-0.924833	-0.124889	0.925545	0.335987	0.174581
24333	8.771793	-1.588160	1.823631	-0.231864	-0.496128	0.059028	-0.114620	-0.177221	0.977474	0.357258	-0.925481	-0.125902	0.926946	0.334779	0.169392
24334	8.706342	-1.948565	2.384992	-0.120956	-0.471621	0.083817	-0.109863	-0.176403	0.978168	0.356277	-0.925719	-0.126930	0.927899	0.334554	0.164551
24335	8.850912	-2.180448	2.978349	0.012195	-0.441240	0.125310	-0.105250	-0.176109	0.978728	0.356575	-0.925433	-0.128174	0.928319	0.335500	0.160198
24336	8.936551	-2.112710	3.474738	0.156892	-0.394439	0.161188	-0.100931	-0.176261	0.979155	0.358245	-0.924601	-0.129513	0.928156	0.337705	0.156466
24337	8.780598	-1.486048	3.986649	0.271187	-0.351829	0.170494	-0.096982	-0.176667	0.979481	0.360980	-0.923355	-0.130801	0.927517	0.340887	0.153322
24338	8.784265	-0.719313	4.450430	0.287100	-0.315108	0.157520	-0.093413	-0.177033	0.979762	0.363839	-0.922073	-0.131920	0.926766	0.344152	0.150546
24339	8.970119	-0.305763	4.627975	0.172013	-0.297059	0.118531	-0.090157	-0.177123	0.980050	0.365591	-0.921244	-0.132864	0.926399	0.346319	0.147811
24340	9.657793	-0.179646	4.616062	-0.017447	-0.302568	0.087257	-0.086967	-0.176873	0.980384	0.365555	-0.921129	-0.133755	0.926718	0.346752	0.144764
24341	9.224014	-0.730725	4.017997	-0.212916	-0.243731	0.056954	-0.084428	-0.176577	0.980659	0.363679	-0.921740	-0.134658	0.927690	0.345276	0.142038
24342	9.625945	-1.194289	3.786576	-0.316505	-0.214145	0.033127	-0.082260	-0.176141	0.980922	0.360818	-0.922750	-0.135437	0.929001	0.342794	0.139461
24343	9.787815	-1.668115	3.319391	-0.371529	-0.199227	0.017476	-0.080274	-0.175646	0.981175	0.357428	-0.923962	-0.136161	0.930485	0.339769	0.136951
24344	9.277039	-2.203791	2.737689	-0.375664	-0.161071	0.027021	-0.078624	-0.175349	0.981362	0.354002	-0.925164	-0.136946	0.931934	0.336637	0.134814
24345	9.341695	-2.533420	2.013823	-0.367847	-0.191778	0.029138	-0.076661	-0.175000	0.981579	0.350643	-0.926321	-0.137764	0.933366	0.333623	0.132375
24346	9.474715	-2.596859	0.948615	-0.382720	-0.257067	0.029866	-0.074103	-0.174426	0.981878	0.347142	-0.927519	-0.138570	0.934880	0.330582	0.129283
24347	9.624652	-2.624749	-0.129089	-0.379801	-0.323967	0.005850	-0.070981	-0.173439	0.982283	0.343641	-0.928734	-0.139152	0.936415	0.327676	0.125523
24348	9.871240	-2.781047	-0.791454	-0.351491	-0.384744	-0.014921	-0.067370	-0.172050	0.982782	0.340388	-0.929886	-0.139456	0.937869	0.325132	0.121210
24349	10.081933	-3.057586	-0.944287	-0.258326	-0.412030	-0.014905	-0.063483	-0.170600	0.983293	0.338003	-0.930726	-0.139657	0.939002	0.323490	0.116749
24350	10.098566	-3.080388	-0.559902	-0.096396	-0.413590	0.008365	-0.059508	-0.169348	0.983758	0.337152	-0.931002	-0.139872	0.939568	0.323352	0.112498
24351	9.960701	-2.672090	0.042764	0.081556	-0.404391	0.029219	-0.055539	-0.168334	0.984164	0.337983	-0.930664	-0.140110	0.939512	0.324850	0.108582
24352	9.750224	-1.998265	0.662864	0.193083	-0.401311	0.035742	-0.051580	-0.167368	0.984544	0.339864	-0.929953	-0.140283	0.939059	0.327376	0.104850
24353	9.531884	-1.455132	1.123135	0.223741	-0.419821	0.033176	-0.047455	-0.166321	0.984929	0.342029	-0.929138	-0.140421	0.938490	0.330211	0.100979
24354	9.065234	-1.220511	1.587928	0.194483	-0.441717	0.023035	-0.043163	-0.165082	0.985335	0.343912	-0.928434	-0.140483	0.938009	0.332805	0.096848
24355	9.568562	-1.049836	2.215420	0.122486	-0.478618	0.020653	-0.038532	-0.163700	0.985757	0.345117	-0.927967	-0.140613	0.937768	0.334784	0.092252
24356	9.127849	-1.182759	2.578372	0.058430	-0.488638	0.012010	-0.033842	-0.162183	0.986180	0.345717	-0.927729	-0.140707	0.937728	0.336177	0.087466
24357	9.054507	-1.157886	3.147665	0.006955	-0.499627	0.013962	-0.029037	-0.160655	0.986583	0.345834	-0.927659	-0.140881	0.937846	0.337103	0.082497
24358	8.893549	-1.323111	3.638314	-0.029498	-0.516281	0.004699	-0.024118	-0.158969	0.986989	0.345607	-0.927729	-0.140980	0.938069	0.337710	0.077316
24359	8.961484	-1.431176	4.282576	-0.062083	-0.522541	0.021634	-0.019069	-0.157429	0.987346	0.345076	-0.927880	-0.141283	0.938381	0.338015	0.072019
24360	8.874431	-1.859108	4.941114	-0.093553	-0.521884	0.038294	-0.013986	-0.156036	0.987652	0.344253	-0.928114	-0.141755	0.938773	0.338020	0.066697
24361	8.680697	-2.665248	5.629005	-0.093675	-0.518631	0.065376	-0.008820	-0.154914	0.987889	0.343428	-0.928305	-0.142504	0.939138	0.338011	0.061390
24362	9.169596	-3.038049	5.617790	-0.085564	-0.495221	0.112537	-0.003741	-0.154308	0.988016	0.342682	-0.928396	-0.143699	0.939444	0.338038	0.056351
24363	9.266943	-2.059525	4.810292	-0.058749	-0.469520	0.101490	0.001090	-0.153686	0.988119	0.342177	-0.928415	-0.144778	0.939635	0.338270	0.051576
24364	9.417456	-0.228169	4.273252	-0.128019	-0.411086	0.031605	0.005093	-0.152621	0.988272	0.341026	-0.928774	-0.145190	0.940040	0.337766	0.047317
24365	9.101309	0.624117	3.461598	-0.366100	-0.366650	-0.089248	0.008310	-0.150582	0.988563	0.337634	-0.930117	-0.144517	0.941241	0.334973	0.043112
24366	9.019307	0.010680	2.729777	-0.607705	-0.377897	-0.231947	0.011116	-0.147195	0.989045	0.331985	-0.932458	-0.142505	0.943219	0.329932	0.038501
24367	9.305142	-1.632236	2.393195	-0.775358	-0.381907	-0.315126	0.013759	-0.143030	0.989623	0.324747	-0.935425	-0.139712	0.945701	0.323299	0.033578
24368	11.063328	-3.257248	2.276429	-0.785362	-0.361790	-0.319783	0.016174	-0.138908	0.990173	0.317412	-0.938365	-0.136825	0.948150	0.316506	0.028914
24369	11.396915	-3.666816	1.697415	-0.673298	-0.229085	-0.311243	0.017441	-0.135291	0.990652	0.311119	-0.940881	-0.133971	0.950211	0.310548	0.025682
24370	11.436223	-2.796106	1.872568	-0.526637	-0.090619	-0.332812	0.017289	-0.131916	0.991110	0.306224	-0.942924	-0.130844	0.951802	0.305764	0.024093
24371	11.619151	-2.214044	2.861845	-0.385831	0.065046	-0.427950	0.015437	-0.128101	0.991641	0.302665	-0.944633	-0.126740	0.952972	0.302092	0.024189
24372	11.389101	-2.208553	3.507048	-0.264890	0.199820	-0.499026	0.012037	-0.124028	0.992206	0.300264	-0.946035	-0.121899	0.953780	0.299391	0.025853
24373	11.129606	-1.767873	3.525001	-0.182623	0.274255	-0.539899	0.007874	-0.119763	0.992771	0.298622	-0.947218	-0.116636	0.954339	0.297382	0.028305
24374	11.031742	-1.274851	3.435914	-0.122462	0.339725	-0.569518	0.002936	-0.115420	0.993312	0.297541	-0.948227	-0.111061	0.954705	0.295877	0.031558
24375	11.040739	-0.589988	3.296180	-0.060203	0.400807	-0.605455	-0.002621	-0.110888	0.993829	0.297014	-0.949070	-0.105111	0.954870	0.294905	0.035422
24376	11.091681	-0.036417	3.201370	-0.036028	0.502040	-0.645563	-0.009336	-0.106286	0.994292	0.296689	-0.949855	-0.098751	0.954929	0.294073	0.040402
24377	10.717591	-0.050076	2.945069	-0.028876	0.573208	-0.658895	-0.016693	-0.101736	0.994671	0.296374	-0.950606	-0.092255	0.954926	0.293255	0.046021
24378	11.286335	-0.389368	3.035374	-0.063473	0.687397	-0.608272	-0.025070	-0.098012	0.994869	0.295699	-0.951377	-0.086276	0.954952	0.292019	0.052833
24379	10.807237	-1.085736	2.784804	-0.041037	0.792927	-0.531202	-0.034141	-0.095296	0.994863	0.295198	-0.951991	-0.081059	0.954826	0.290914	0.060633
24380	10.996747	-1.360562	2.546323	-0.004017	0.954139	-0.423882	-0.044518	-0.094081	0.994569	0.295052	-0.952383	-0.076884	0.954444	0.290027	0.070156
24381	10.217012	-1.406012	2.161358	0.030652	1.075064	-0.376125	-0.055815	-0.093641	0.994040	0.295205	-0.952629	-0.073164	0.953802	0.289362	0.080814
24382	9.720292	-1.417191	1.899685	0.062083	1.187495	-0.365245	-0.068235	-0.093647	0.993264	0.295629	-0.952770	-0.069520	0.952863	0.288894	0.092697
24383	9.484942	-1.534473	1.677320	0.114346	1.243631	-0.378279	-0.081127	-0.093664	0.992293	0.296486	-0.952775	-0.065694	0.951585	0.288871	0.105066
24384	9.373184	-1.682982	1.495122	0.189116	1.258539	-0.373853	-0.094224	-0.093797	0.991123	0.298016	-0.952557	-0.061815	0.949899	0.289546	0.117707
24385	9.736301	-1.779897	1.240271	0.251686	1.246726	-0.336255	-0.106990	-0.094240	0.989784	0.300117	-0.952124	-0.058214	0.947883	0.290823	0.130151
24386	9.418745	-2.006506	0.978743	0.314801	1.180769	-0.295952	-0.119080	-0.094926	0.988336	0.302823	-0.951464	-0.054899	0.945578	0.292754	0.142046
24387	9.116305	-1.934220	0.871251	0.421989	1.070868	-0.220535	-0.129794	-0.096008	0.986882	0.306586	-0.950414	-0.052138	0.942952	0.295796	0.152793
24388	9.486828	-1.408669	0.826915	0.532315	0.870559	-0.155389	-0.138486	-0.097186	0.985584	0.311450	-0.948956	-0.049812	0.940117	0.300062	0.161686
24389	9.741415	-0.888990	0.635367	0.592207	0.742972	-0.110563	-0.145737	-0.098413	0.984416	0.316904	-0.947253	-0.047782	0.937194	0.305002	0.169238
24390	10.398064	-0.451563	0.249937	0.598540	0.655599	-0.103974	-0.152216	-0.099505	0.983326	0.322410	-0.945493	-0.045768	0.934282	0.310068	0.176000
24391	10.625689	-0.087660	-0.166081	0.609652	0.676246	-0.129557	-0.158875	-0.100422	0.982178	0.327948	-0.943696	-0.043439	0.931240	0.315202	0.182863
24392	10.636978	0.131501	-0.394066	0.632455	0.734405	-0.156341	-0.166225	-0.101339	0.980867	0.333633	-0.941821	-0.040765	0.927932	0.320474	0.190364
24393	10.273136	-0.218315	-0.161338	0.609391	0.751840	-0.129543	-0.173555	-0.102574	0.979468	0.339111	-0.939964	-0.038349	0.924599	0.325493	0.197919
24394	10.317050	-1.286920	0.496849	0.619178	0.733114	-0.044948	-0.180474	-0.104609	0.978001	0.344805	-0.937957	-0.036698	0.921162	0.330597	0.205346
24395	10.990490	-2.562615	0.770673	0.792159	0.751586	0.098251	-0.186969	-0.108064	0.976404	0.352320	-0.935186	-0.036038	0.917013	0.337269	0.212924
24396	11.878010	-3.271759	0.907870	1.118696	0.852522	0.238041	-0.193904	-0.113255	0.974461	0.363059	-0.931071	-0.035968	0.911367	0.346813	0.221657
24397	12.175286	-3.141618	1.109469	1.477810	1.032477	0.321583	-0.202014	-0.119909	0.972014	0.377163	-0.925456	-0.035780	0.903846	0.359380	0.232181
24398	11.251278	-2.157891	1.260412	1.759790	1.233412	0.358533	-0.211708	-0.127795	0.968942	0.393788	-0.918531	-0.035106	0.894489	0.374125	0.244785
24399	10.055087	-0.720507	1.518697	1.872976	1.343840	0.361733	-0.222132	-0.136256	0.965449	0.411282	-0.910876	-0.033926	0.884027	0.389536	0.258374
24400	9.693275	0.345465	1.817181	1.849766	1.369840	0.296081	-0.232905	-0.144434	0.961714	0.428267	-0.903089	-0.031914	0.873123	0.404438	0.272190
24401	9.485200	0.957656	1.965809	1.683068	1.397839	0.201232	-0.244087	-0.152008	0.957766	0.443406	-0.895846	-0.029179	0.862446	0.417557	0.286065
24402	9.338355	1.251248	1.958270	1.428534	1.408801	0.107013	-0.255664	-0.158970	0.953606	0.455981	-0.889608	-0.026051	0.852477	0.428166	0.299928
24403	8.862168	1.265818	1.819580	1.149421	1.418922	0.021485	-0.267526	-0.165309	0.949264	0.465838	-0.884577	-0.022759	0.843460	0.436115	0.313654
24404	8.667578	1.256131	1.701920	0.910207	1.398623	-0.040718	-0.279434	-0.171131	0.944791	0.473425	-0.880619	-0.019486	0.835336	0.441843	0.327093
24405	8.606853	1.171857	1.472503	0.716421	1.378710	-0.055297	-0.291093	-0.176780	0.940220	0.479280	-0.877505	-0.016603	0.827983	0.445795	0.340162
24406	8.517812	0.892458	1.247403	0.586270	1.365750	-0.044661	-0.302544	-0.182532	0.935494	0.484038	-0.874932	-0.014175	0.821081	0.448526	0.353058
24407	8.444024	0.679742	1.096296	0.514826	1.343851	-0.017900	-0.313550	-0.188432	0.930688	0.488248	-0.872620	-0.012185	0.814433	0.450586	0.365611
24408	7.860847	0.366119	1.074849	0.502629	1.314161	0.009555	-0.324134	-0.194481	0.925805	0.492412	-0.870300	-0.010423	0.807755	0.452499	0.377858
24409	7.338804	0.118161	1.054316	0.522863	1.231989	0.027206	-0.333839	-0.200320	0.921099	0.496763	-0.867843	-0.008694	0.801111	0.454665	0.389232
24410	7.091822	-0.003395	1.042582	0.569065	1.118881	0.045560	-0.342506	-0.205845	0.916688	0.501513	-0.865123	-0.006884	0.794465	0.457374	0.399544
24411	7.101896	-0.041773	0.968498	0.653251	1.003460	0.065438	-0.350044	-0.211032	0.912653	0.506963	-0.861954	-0.004866	0.787692	0.460978	0.408707
24412	7.065043	-0.008962	0.971133	0.733517	0.897954	0.086198	-0.356610	-0.215957	0.908951	0.513076	-0.858339	-0.002637	0.780758	0.465421	0.416895
24413	7.013129	0.156477	0.907371	0.797435	0.788751	0.099271	-0.362158	-0.220512	0.905658	0.519686	-0.854357	-0.000207	0.773801	0.470583	0.424009
24414	6.967184	0.271506	0.944045	0.837910	0.666540	0.112771	-0.366662	-0.224649	0.902824	0.526608	-0.850105	0.002339	0.766970	0.476292	0.430003
24415	6.999140	0.421664	1.126152	0.852765	0.544735	0.114658	-0.370145	-0.228244	0.900498	0.533598	-0.845724	0.004971	0.760438	0.482344	0.434831
24416	7.023816	0.626280	1.429283	0.807792	0.399793	0.102178	-0.372580	-0.231063	0.898774	0.540152	-0.841534	0.007569	0.754600	0.488294	0.438347
24417	7.082892	0.831736	1.722626	0.728767	0.244501	0.092404	-0.373847	-0.233050	0.897734	0.546032	-0.837705	0.009920	0.749724	0.493900	0.440427
24418	7.113159	0.921773	2.176658	0.638088	0.091484	0.060549	-0.374152	-0.234022	0.897354	0.551085	-0.834360	0.012181	0.745866	0.499076	0.441144
24419	7.361605	1.110998	2.817264	0.573987	-0.033393	0.042008	-0.373601	-0.234215	0.897533	0.555568	-0.831348	0.014314	0.742810	0.503989	0.440715
24420	7.860244	1.174099	3.620690	0.544305	-0.089057	0.014547	-0.372811	-0.233892	0.897946	0.559712	-0.828521	0.016574	0.740091	0.508770	0.439794
24421	8.479231	1.200885	4.737265	0.551961	-0.044676	-0.032678	-0.372595	-0.233403	0.898163	0.563721	-0.825741	0.019272	0.737151	0.513494	0.439241
24422	8.822821	1.594089	6.299748	0.552017	0.069164	-0.067341	-0.373438	-0.233209	0.897863	0.567583	-0.823014	0.022300	0.733754	0.517939	0.439710
24423	9.288064	1.771056	9.855008	0.515585	0.180792	-0.122871	-0.375391	-0.233148	0.897064	0.570950	-0.820584	0.025653	0.730136	0.521808	0.441155
24424	10.025039	0.923318	13.535239	0.578836	0.353182	-0.179944	-0.378953	-0.233530	0.895466	0.574537	-0.817935	0.029828	0.725467	0.525781	0.444130
24425	9.829944	0.476999	14.083690	0.848204	0.592378	-0.143682	-0.383989	-0.235496	0.892801	0.580165	-0.813752	0.034881	0.718304	0.531366	0.449098
24426	9.072763	2.223828	12.644659	1.098382	0.767731	0.005474	-0.389411	-0.239663	0.889337	0.588077	-0.807825	0.039802	0.708890	0.538498	0.455516
24427	8.548522	4.321072	11.459660	0.994951	0.867408	0.120031	-0.394740	-0.245332	0.885434	0.595607	-0.802109	0.043286	0.699595	0.544457	0.462746
24428	7.177855	5.146977	9.609451	0.712735	0.993685	0.256193	-0.400107	-0.252826	0.880905	0.601634	-0.797539	0.044363	0.691340	0.547732	0.471209
24429	3.840549	4.809947	7.492097	0.388671	0.751032	0.407415	-0.402750	-0.260192	0.877549	0.605998	-0.794324	0.042606	0.685973	0.548953	0.477590
24430	3.134268	4.121435	5.879003	0.037921	0.135094	0.485831	-0.400730	-0.264805	0.877094	0.608261	-0.792801	0.038549	0.685153	0.548949	0.478770
24431	4.029013	3.728287	3.216585	-0.275570	-0.478141	0.535203	-0.394120	-0.266431	0.879593	0.608547	-0.792851	0.032516	0.688723	0.548089	0.474615
24432	5.189128	3.074548	-0.337349	-0.626009	-0.996371	0.538048	-0.383963	-0.265265	0.884424	0.606356	-0.794805	0.024858	0.696351	0.545821	0.466021
24433	6.665178	1.765060	-2.759957	-1.108402	-1.304159	0.456880	-0.371979	-0.261829	0.890548	0.600352	-0.799582	0.015681	0.707961	0.540476	0.454618
24434	9.303121	0.322549	-2.320860	-1.592000	-1.289339	0.309142	-0.360927	-0.257409	0.896366	0.590154	-0.807270	0.005806	0.722115	0.531089	0.443276
24435	11.672511	-1.574845	-1.081238	-1.862675	-0.943745	0.092691	-0.353433	-0.253216	0.900537	0.576953	-0.816771	-0.003226	0.736349	0.518428	0.434768
24436	13.513949	-1.676879	1.412934	-1.714316	-0.638058	0.016459	-0.348598	-0.250082	0.903293	0.564338	-0.825474	-0.010748	0.748333	0.506016	0.428889
24437	15.525217	-4.191511	7.497749	-0.905230	-0.272070	0.096726	-0.345940	-0.249525	0.904468	0.557926	-0.829746	-0.015515	0.754350	0.499259	0.426259
24438	12.400479	-7.234493	6.106220	0.387001	-0.417298	0.450330	-0.340258	-0.251164	0.906168	0.562443	-0.826642	-0.017929	0.753579	0.503568	0.422537
24439	12.159456	-2.202417	1.757694	0.895187	-1.065552	0.737707	-0.327982	-0.251828	0.910500	0.571700	-0.820196	-0.020913	0.752055	0.513674	0.412980
24440	11.185667	3.051155	-1.997107	0.490413	-1.208235	0.757332	-0.314513	-0.251780	0.915253	0.577877	-0.815715	-0.025819	0.753086	0.520784	0.402051
24441	9.478740	3.975961	-1.760466	-0.207794	-1.187017	0.634579	-0.301805	-0.250773	0.919797	0.578314	-0.815167	-0.032489	0.757935	0.522126	0.391047
24442	8.772788	0.945520	-1.428375	-0.620449	-1.123301	0.483255	-0.290437	-0.248856	0.923968	0.575074	-0.817156	-0.039321	0.764812	0.519929	0.380443
24443	10.339431	-1.845498	-0.542790	-0.519985	-1.034195	0.488176	-0.279623	-0.247488	0.927664	0.572524	-0.818607	-0.045819	0.770732	0.518297	0.370594
24444	11.005416	-3.326285	1.035377	-0.181117	-0.972402	0.581923	-0.268740	-0.247192	0.930954	0.572771	-0.818072	-0.051876	0.774410	0.519282	0.361433
24445	10.767560	-3.605679	1.979421	0.115487	-0.934788	0.703263	-0.257382	-0.248075	0.933923	0.575567	-0.815692	-0.058047	0.776194	0.522595	0.352729
24446	9.996823	-2.947477	2.418172	0.319969	-0.902617	0.756766	-0.245955	-0.249483	0.936624	0.580006	-0.812094	-0.064004	0.776594	0.527506	0.344440
24447	9.078310	-1.579302	2.804964	0.380115	-0.847137	0.756048	-0.234901	-0.251124	0.939020	0.584825	-0.808148	-0.069828	0.776403	0.532760	0.336698
24448	8.563288	-0.053053	2.832692	0.242198	-0.832474	0.696337	-0.224299	-0.252277	0.941300	0.588354	-0.805065	-0.075568	0.776871	0.536868	0.329004
24449	8.558633	0.957869	2.701309	-0.071268	-0.843169	0.600693	-0.214130	-0.252583	0.943584	0.589165	-0.803893	-0.081489	0.779123	0.538477	0.320950
24450	8.898697	0.987110	2.435430	-0.451445	-0.885218	0.478886	-0.204347	-0.251661	0.945996	0.586688	-0.805078	-0.087441	0.783607	0.537137	0.312162
24451	9.458939	0.185588	2.105618	-0.754348	-0.930047	0.376655	-0.194756	-0.249727	0.948529	0.581553	-0.808134	-0.093358	0.789852	0.533438	0.302619
24452	10.023378	-0.876316	1.449495	-0.940266	-0.959785	0.325274	-0.185209	-0.247251	0.951086	0.574759	-0.812283	-0.099242	0.797088	0.528265	0.292552
24453	9.874279	-2.032460	0.776859	-0.996564	-0.999812	0.308365	-0.175368	-0.244517	0.953655	0.567382	-0.816724	-0.105072	0.804565	0.522660	0.281961
24454	10.583070	-2.817473	0.514333	-0.973724	-1.068603	0.305045	-0.164957	-0.241441	0.956293	0.560079	-0.821013	-0.110675	0.811850	0.517343	0.270658
24455	10.169913	-3.470482	0.154729	-0.891720	-1.100960	0.296619	-0.154256	-0.238221	0.958883	0.553330	-0.824858	-0.115909	0.818554	0.512699	0.259054
24456	10.336311	-3.421014	0.158973	-0.759109	-1.119498	0.322154	-0.143224	-0.235148	0.961349	0.547620	-0.827942	-0.120930	0.824378	0.509134	0.247353
24457	9.970936	-3.343692	0.577728	-0.567885	-1.166070	0.297094	-0.131889	-0.231694	0.963806	0.543381	-0.830098	-0.125194	0.829061	0.507202	0.235379
24458	9.815437	-2.993542	1.068758	-0.396499	-1.139999	0.314471	-0.120644	-0.228515	0.966036	0.540529	-0.831353	-0.129152	0.832630	0.506590	0.223817
24459	9.359402	-2.795226	1.500543	-0.260074	-1.102490	0.306545	-0.109721	-0.225487	0.968048	0.538760	-0.831940	-0.132719	0.835284	0.506983	0.212764
24460	9.132827	-2.316482	1.984700	-0.169048	-1.114220	0.262245	-0.098918	-0.222002	0.970016	0.537664	-0.832179	-0.135628	0.837337	0.508126	0.201680
24461	9.317203	-1.516612	2.218489	-0.155574	-1.085471	0.223161	-0.088545	-0.218347	0.971846	0.536614	-0.832444	-0.138136	0.839169	0.509275	0.190877
24462	8.747960	-1.069320	2.306108	-0.209447	-1.072048	0.163012	-0.078591	-0.214232	0.973616	0.535034	-0.833128	-0.140131	0.841167	0.509905	0.180098
24463	8.981923	-0.663804	2.288955	-0.301591	-1.075865	0.109985	-0.068866	-0.209674	0.975343	0.532619	-0.834397	-0.141767	0.843548	0.509724	0.169138
24464	8.627759	-0.697022	2.139204	-0.406998	-1.048140	0.055418	-0.059644	-0.204791	0.976987	0.529259	-0.836323	-0.142995	0.846361	0.508551	0.158269
24465	8.591774	-1.035275	2.072347	-0.493739	-1.055486	0.013148	-0.050550	-0.199553	0.978582	0.525124	-0.838769	-0.143917	0.849523	0.506602	0.147190
24466	9.107663	-1.439948	2.102835	-0.555934	-1.057539	0.002497	-0.041464	-0.194221	0.980081	0.520436	-0.841543	-0.144749	0.852893	0.504067	0.135974
24467	8.835966	-2.032379	1.834424	-0.583961	-1.046436	0.001575	-0.032439	-0.188985	0.981444	0.515489	-0.844441	-0.145566	0.856282	0.501202	0.124813
24468	8.637894	-2.502378	1.613480	-0.524504	-1.052511	-0.002616	-0.023355	-0.183694	0.982706	0.511032	-0.847039	-0.146190	0.859244	0.498780	0.113656
24469	9.295004	-2.307187	1.733684	-0.440556	-1.040441	0.019317	-0.014229	-0.178689	0.983803	0.507288	-0.849164	-0.146897	0.861659	0.496981	0.102730
24470	8.915068	-2.233137	1.515461	-0.379329	-1.021437	0.027946	-0.005207	-0.173854	0.984758	0.504061	-0.850968	-0.147569	0.863653	0.495609	0.092064
24471	8.728148	-2.122778	1.448774	-0.321879	-1.030613	0.012127	0.003838	-0.168866	0.985632	0.501320	-0.852509	-0.148010	0.865253	0.494685	0.081384
24472	8.566036	-2.040813	1.307829	-0.266187	-1.057781	-0.013070	0.013000	-0.163524	0.986454	0.499058	-0.853817	-0.148114	0.866471	0.494224	0.070508
24473	9.717372	-1.908089	1.776656	-0.236276	-1.090936	-0.012995	0.022468	-0.158034	0.987178	0.497054	-0.854973	-0.148182	0.867429	0.494010	0.059342
24474	9.270263	-2.300766	1.675513	-0.268111	-1.090180	0.004191	0.032019	-0.152690	0.987755	0.494767	-0.856261	-0.148401	0.868436	0.493460	0.048129
24475	9.160453	-2.526203	1.796023	-0.252447	-1.118437	0.032203	0.041970	-0.147460	0.988177	0.492602	-0.857427	-0.148871	0.869242	0.493026	0.036654
24476	8.524070	-2.798612	1.988274	-0.181303	-1.165049	0.026826	0.052297	-0.141952	0.988491	0.491054	-0.858252	-0.149229	0.869558	0.493207	0.024822
24477	9.799127	-2.533373	2.970986	-0.131845	-1.163739	0.043635	0.062704	-0.136595	0.988640	0.489923	-0.858811	-0.149731	0.869508	0.493746	0.013070
24478	9.293769	-2.590758	3.218424	-0.140236	-1.162088	0.057266	0.073152	-0.131358	0.988632	0.488705	-0.859397	-0.150348	0.869377	0.494148	0.001329
24479	9.356807	-2.213097	3.366185	-0.164493	-1.165021	0.088279	0.083785	-0.126371	0.988438	0.487245	-0.860066	-0.151260	0.869237	0.494285	-0.010487
24480	9.588050	-0.912486	3.380632	-0.210335	-1.201338	0.070255	0.094627	-0.121056	0.988125	0.485395	-0.860987	-0.151964	0.869159	0.494011	-0.022712
24481	9.555554	0.297849	3.682623	-0.344270	-1.188354	-0.018925	0.104940	-0.115043	0.987802	0.482459	-0.862678	-0.151726	0.869610	0.492496	-0.035026
24482	9.717069	0.532867	4.018663	-0.579353	-1.123676	-0.111690	0.114234	-0.108584	0.987502	0.477580	-0.865615	-0.150428	0.871130	0.488795	-0.047025
24483	9.994302	-0.043031	4.059917	-0.765440	-1.066299	-0.202226	0.122649	-0.101659	0.987230	0.471180	-0.869519	-0.148076	0.873468	0.483324	-0.058746
24484	10.171047	-0.764569	4.210932	-0.847526	-0.917874	-0.265741	0.129475	-0.094958	0.987025	0.464143	-0.873819	-0.144952	0.876246	0.476888	-0.069064
24485	10.177733	-1.740874	4.665702	-0.816443	-0.761152	-0.310872	0.134796	-0.088643	0.986900	0.457425	-0.877945	-0.141334	0.878972	0.470484	-0.077796
24486	10.738182	-2.823693	5.331648	-0.708953	-0.603213	-0.324517	0.138658	-0.082995	0.986856	0.451673	-0.881509	-0.137598	0.881343	0.464815	-0.084742
24487	11.291370	-3.648167	5.695365	-0.523222	-0.400282	-0.319396	0.140826	-0.078338	0.986930	0.447540	-0.884161	-0.134041	0.883106	0.460567	-0.089454
24488	11.522864	-3.560708	5.071558	-0.329525	-0.194055	-0.237237	0.141500	-0.075386	0.987064	0.445009	-0.885827	-0.131448	0.884277	0.457852	-0.091797
24489	11.557058	-2.367585	3.941399	-0.157486	-0.039187	-0.180641	0.141116	-0.073621	0.987252	0.443907	-0.886655	-0.129571	0.884891	0.456533	-0.092441
24490	11.830751	-0.852178	2.532555	-0.107189	0.090648	-0.222345	0.139335	-0.072109	0.987616	0.443318	-0.887275	-0.127328	0.885468	0.455570	-0.091661
24491	11.640700	0.630914	1.110585	-0.186870	0.189499	-0.341852	0.136216	-0.069951	0.988206	0.442171	-0.888342	-0.123832	0.886527	0.453824	-0.090076
24492	11.785427	1.657229	0.241335	-0.373417	0.262920	-0.530301	0.131546	-0.066471	0.989079	0.439615	-0.890361	-0.118305	0.888501	0.450377	-0.087901
24493	12.426570	1.495975	0.201058	-0.615580	0.393295	-0.738322	0.124888	-0.061662	0.990253	0.435120	-0.893564	-0.110517	0.891669	0.444681	-0.084766
24494	12.602225	0.259081	-0.116277	-0.827251	0.589731	-0.852228	0.115932	-0.056672	0.991639	0.428801	-0.897686	-0.101434	0.895929	0.436975	-0.079770
24495	12.924067	-1.290143	-0.383694	-0.922002	0.730240	-0.879195	0.105707	-0.051936	0.993040	0.421532	-0.902129	-0.092053	0.900632	0.428328	-0.073469
24496	13.243087	-2.083242	-0.442526	-0.935819	0.938283	-0.831924	0.093753	-0.048434	0.994417	0.413959	-0.906487	-0.083179	0.905455	0.419446	-0.064936
24497	12.168699	-2.757327	0.036291	-0.840428	1.092245	-0.800706	0.080624	-0.045716	0.995696	0.407069	-0.910333	-0.074759	0.909832	0.411344	-0.054785
24498	12.795294	-3.210121	0.836992	-0.670827	1.283491	-0.707742	0.066056	-0.044548	0.996821	0.401522	-0.913364	-0.067426	0.913464	0.404699	-0.042446
24499	11.526887	-4.069693	1.146511	-0.419613	1.471675	-0.603340	0.050254	-0.044974	0.997723	0.398076	-0.915301	-0.061310	0.915975	0.400251	-0.028095
24500	10.883771	-4.501696	1.335849	-0.087977	1.583766	-0.474683	0.033846	-0.047012	0.998321	0.397520	-0.915846	-0.056605	0.916969	0.398769	-0.012309
24501	11.183900	-4.073142	1.477343	0.239170	1.681960	-0.297559	0.017313	-0.051027	0.998547	0.399833	-0.915014	-0.053691	0.916425	0.400181	0.004561
24502	10.762023	-3.154369	1.231371	0.494491	1.754441	-0.124262	0.000747	-0.057009	0.998373	0.404424	-0.913067	-0.052440	0.914571	0.403805	0.022374
24503	10.151072	-2.131393	0.749380	0.663068	1.781831	0.002831	-0.015440	-0.064294	0.997812	0.410524	-0.910349	-0.052306	0.911719	0.408818	0.040450
24504	10.256209	-1.175843	0.540949	0.780069	1.714697	0.073105	-0.030742	-0.072088	0.996924	0.417693	-0.907058	-0.052709	0.908068	0.414788	0.057996
24505	9.733928	-0.457153	0.331226	0.853405	1.638662	0.058468	-0.045269	-0.079486	0.995808	0.425492	-0.903422	-0.052769	0.903829	0.421320	0.074718
24506	9.865825	0.378502	0.070966	0.897036	1.523247	-0.006606	-0.059030	-0.085964	0.994548	0.433631	-0.899588	-0.052019	0.899155	0.428196	0.090380
24507	10.004344	1.078639	-0.166482	0.865143	1.406612	-0.055498	-0.071815	-0.091553	0.993207	0.441400	-0.895879	-0.050665	0.894432	0.434763	0.104749
24508	9.834050	1.044352	0.011688	0.735367	1.313708	-0.061681	-0.083810	-0.096811	0.991768	0.447969	-0.892690	-0.049283	0.890112	0.440151	0.118185
24509	10.329260	0.040973	0.165956	0.654564	1.218304	-0.001669	-0.094564	-0.102203	0.990259	0.453828	-0.889769	-0.048493	0.886057	0.444821	0.130523
24510	10.829072	-0.970867	0.057819	0.644423	1.144544	0.098503	-0.104229	-0.108253	0.988644	0.459678	-0.886753	-0.048634	0.881948	0.449389	0.142187
24511	11.476331	-1.764393	-0.225986	0.746222	1.118310	0.157597	-0.113263	-0.114719	0.986920	0.466461	-0.883176	-0.049127	0.877260	0.454796	0.153543
