// General information: 
//  MT Manager version: 2022.2.0 
//  XDA version: 2022.2.0 build 7381 rev 124627 built on 2023-07-19
// Device information: 
//  DeviceId: 00B4CBA7
//  ProductCode: MTW2-3A7G6
//  Firmware Version: 4.6.0
//  Hardware Version: 2.0.0
// Device settings: 
//  Filter Profile: human(46.1)
//  Option Flags: Orientation Smoother Disabled, Position/Velocity Smoother Disabled, Continuous Zero Rotation Update Disabled, AHS Disabled, ICC Disabled
// Coordinate system: ENU
PacketCounter	Acc_X	Acc_Y	Acc_Z	Gyr_X	Gyr_Y	Gyr_Z	Mat[1][1]	Mat[2][1]	Mat[3][1]	Mat[1][2]	Mat[2][2]	Mat[3][2]	Mat[1][3]	Mat[2][3]	Mat[3][3]
60780	9.161271	1.669646	-2.858394	0.000825	-0.001426	-0.000122	0.026920	0.345728	0.937949	0.827231	-0.534479	0.173266	0.561216	0.771236	-0.300385
60781	9.147530	1.698775	-2.871237	-0.005961	-0.003326	0.000274	0.026914	0.345774	0.937932	0.827203	-0.534507	0.173313	0.561258	0.771195	-0.300411
60782	9.157299	1.711615	-2.853278	-0.007292	-0.007841	0.000165	0.026926	0.345850	0.937903	0.827163	-0.534551	0.173368	0.561316	0.771131	-0.300468
60783	9.149649	1.694707	-2.838260	-0.003182	-0.010951	-0.001059	0.026943	0.345957	0.937864	0.827131	-0.534580	0.173433	0.561363	0.771063	-0.300555
60784	9.169166	1.720089	-2.802624	-0.002936	-0.013717	0.001970	0.027003	0.346069	0.937820	0.827115	-0.534596	0.173458	0.561383	0.771002	-0.300675
60785	9.186077	1.749747	-2.801411	-0.001286	-0.016567	0.001724	0.027080	0.346207	0.937767	0.827107	-0.534601	0.173480	0.561391	0.770936	-0.300827
60786	9.204084	1.741857	-2.840461	-0.002138	-0.022594	0.007059	0.027233	0.346360	0.937706	0.827095	-0.534629	0.173455	0.561402	0.770848	-0.301032
60787	9.224559	1.729468	-2.845713	-0.003718	-0.024341	0.003921	0.027367	0.346548	0.937633	0.827053	-0.534685	0.173480	0.561458	0.770724	-0.301247
60788	9.215185	1.679236	-2.905952	-0.009463	-0.022396	0.006002	0.027510	0.346706	0.937570	0.826999	-0.534766	0.173486	0.561529	0.770598	-0.301437
60789	9.208381	1.624566	-2.932019	-0.006180	-0.024080	0.004897	0.027649	0.346870	0.937505	0.826968	-0.534814	0.173488	0.561568	0.770490	-0.301638
60790	9.184169	1.640667	-2.964961	-0.006483	-0.020732	0.005861	0.027782	0.347016	0.937448	0.826931	-0.534871	0.173487	0.561616	0.770385	-0.301818
60791	9.203584	1.665611	-2.930048	-0.001043	-0.019328	0.004742	0.027898	0.347161	0.937390	0.826915	-0.534895	0.173487	0.561634	0.770303	-0.301996
60792	9.185662	1.736093	-2.938750	-0.007831	-0.021225	0.005141	0.028027	0.347314	0.937330	0.826871	-0.534960	0.173497	0.561692	0.770189	-0.302178
60793	9.186214	1.698574	-2.980456	-0.005373	-0.021484	0.004159	0.028151	0.347477	0.937266	0.826834	-0.535012	0.173514	0.561741	0.770079	-0.302367
60794	9.175769	1.685476	-3.000504	0.006265	-0.015507	0.005180	0.028248	0.347586	0.937222	0.826869	-0.534969	0.173481	0.561684	0.770060	-0.302520
60795	9.193825	1.677417	-3.039189	0.003557	-0.012482	0.003135	0.028317	0.347683	0.937185	0.826901	-0.534925	0.173465	0.561634	0.770047	-0.302647
60796	9.190931	1.681507	-3.074310	0.005179	-0.007300	0.001670	0.028340	0.347747	0.937160	0.826931	-0.534877	0.173468	0.561589	0.770051	-0.302721
60797	9.210757	1.706402	-3.038267	0.004590	-0.004624	0.004213	0.028366	0.347761	0.937154	0.826974	-0.534823	0.173433	0.561524	0.770082	-0.302760
60798	9.185990	1.659171	-3.025503	-0.001909	-0.005851	0.003040	0.028391	0.347807	0.937136	0.826964	-0.534835	0.173444	0.561538	0.770053	-0.302808
60799	9.167563	1.666376	-2.988454	-0.005780	-0.001489	0.006688	0.028419	0.347791	0.937141	0.826931	-0.534890	0.173431	0.561585	0.770022	-0.302800
60800	9.166571	1.703287	-2.948583	0.004041	0.001487	0.002154	0.028395	0.347785	0.937144	0.826954	-0.534853	0.173433	0.561552	0.770051	-0.302789
60801	9.218719	1.691787	-2.936426	-0.000300	0.003346	0.000967	0.028352	0.347765	0.937153	0.826960	-0.534838	0.173452	0.561545	0.770070	-0.302752
60802	9.190481	1.686438	-2.917125	0.006199	0.004573	0.002140	0.028312	0.347735	0.937165	0.826996	-0.534784	0.173448	0.561495	0.770121	-0.302716
60803	9.197982	1.703040	-2.932735	0.010541	0.002714	0.003327	0.028291	0.347706	0.937177	0.827061	-0.534695	0.173413	0.561400	0.770196	-0.302701
60804	9.195457	1.706966	-2.966827	0.007847	0.001723	0.001890	0.028264	0.347699	0.937180	0.827106	-0.534628	0.173406	0.561335	0.770246	-0.302695
60805	9.199276	1.664821	-2.972403	0.004564	0.003408	0.002996	0.028238	0.347664	0.937194	0.827149	-0.534568	0.173382	0.561273	0.770303	-0.302665
60806	9.149988	1.671320	-2.950056	0.001582	0.001748	0.003135	0.028221	0.347650	0.937199	0.827158	-0.534554	0.173383	0.561260	0.770319	-0.302648
60807	9.171084	1.659141	-2.953147	0.005440	0.001401	-0.001121	0.028172	0.347655	0.937199	0.827198	-0.534485	0.173403	0.561204	0.770364	-0.302637
60808	9.185904	1.693355	-2.984381	0.011967	0.010078	-0.005158	0.028040	0.347622	0.937215	0.827268	-0.534362	0.173449	0.561107	0.770465	-0.302560
60809	9.157754	1.687868	-2.964890	0.017850	0.006534	0.003765	0.028005	0.347579	0.937232	0.827354	-0.534244	0.173406	0.560983	0.770566	-0.302532
60810	9.175364	1.717083	-2.961819	0.004015	0.009520	0.000935	0.027927	0.347518	0.937257	0.827377	-0.534203	0.173420	0.560952	0.770622	-0.302447
60811	9.165626	1.704294	-2.979480	0.000511	0.005937	0.000232	0.027863	0.347493	0.937268	0.827363	-0.534210	0.173463	0.560975	0.770629	-0.302388
60812	9.164760	1.641042	-2.934697	-0.004930	0.004536	0.001353	0.027816	0.347468	0.937279	0.827337	-0.534239	0.173500	0.561017	0.770620	-0.302333
60813	9.172315	1.658188	-2.949858	-0.002484	0.008292	-0.000238	0.027730	0.347414	0.937302	0.827321	-0.534250	0.173545	0.561045	0.770637	-0.302237
60814	9.197247	1.705081	-2.962359	0.001321	0.008528	-0.000501	0.027646	0.347367	0.937322	0.827330	-0.534225	0.173580	0.561036	0.770675	-0.302156
60815	9.190170	1.687949	-2.945698	-0.010148	0.008404	0.004280	0.027598	0.347290	0.937352	0.827267	-0.534312	0.173607	0.561130	0.770649	-0.302047
60816	9.201590	1.663116	-2.966189	-0.005820	0.010562	0.004859	0.027546	0.347199	0.937387	0.827235	-0.534361	0.173613	0.561181	0.770657	-0.301935
60817	9.199359	1.667504	-2.999197	-0.010396	0.011169	0.001252	0.027454	0.347113	0.937421	0.827167	-0.534446	0.173672	0.561285	0.770636	-0.301793
60818	9.171280	1.662617	-2.979130	-0.015013	0.008343	0.002246	0.027393	0.347054	0.937445	0.827084	-0.534556	0.173731	0.561411	0.770587	-0.301686
60819	9.171604	1.663007	-2.977914	-0.016084	0.012535	-0.000657	0.027284	0.346971	0.937479	0.826999	-0.534659	0.173815	0.561540	0.770552	-0.301533
60820	9.179338	1.680599	-2.992310	-0.012279	0.012771	-0.000920	0.027172	0.346895	0.937510	0.826932	-0.534737	0.173895	0.561645	0.770532	-0.301388
60821	9.132916	1.683491	-2.934473	-0.014752	0.017049	-0.000550	0.027041	0.346780	0.937557	0.826857	-0.534829	0.173972	0.561762	0.770520	-0.301200
60822	9.174352	1.697400	-2.899061	-0.018270	0.017485	-0.001866	0.026895	0.346672	0.937601	0.826756	-0.534950	0.174079	0.561918	0.770485	-0.301001
60823	9.179560	1.719734	-2.947242	-0.023411	0.012738	-0.001718	0.026774	0.346590	0.937635	0.826630	-0.535107	0.174195	0.562109	0.770413	-0.300828
60824	9.222000	1.696715	-2.951861	-0.031849	0.013696	-0.001078	0.026655	0.346507	0.937669	0.826452	-0.535335	0.174335	0.562375	0.770291	-0.300641
60825	9.213602	1.647856	-3.008256	-0.036771	0.014220	0.000875	0.026555	0.346414	0.937706	0.826252	-0.535602	0.174467	0.562675	0.770148	-0.300448
60826	9.157101	1.638841	-2.968676	-0.044318	0.009157	-0.001999	0.026455	0.346371	0.937725	0.826004	-0.535923	0.174653	0.563043	0.769944	-0.300281
60827	9.152554	1.618849	-2.917023	-0.045392	0.013356	-0.004906	0.026304	0.346304	0.937754	0.825753	-0.536240	0.174866	0.563418	0.769754	-0.300067
60828	9.165278	1.628834	-2.862733	-0.039882	0.010164	-0.009409	0.026137	0.346293	0.937762	0.825532	-0.536501	0.175108	0.563749	0.769576	-0.299898
60829	9.211390	1.635127	-2.759349	-0.037656	0.008659	-0.012809	0.025948	0.346294	0.937767	0.825348	-0.536705	0.175354	0.564028	0.769434	-0.299739
60830	9.186595	1.690860	-2.749216	-0.027857	0.004179	-0.012122	0.025792	0.346343	0.937753	0.825195	-0.536864	0.175586	0.564259	0.769300	-0.299648
60831	9.208801	1.713547	-2.677725	-0.032407	-0.003240	-0.014532	0.025661	0.346462	0.937713	0.825027	-0.537037	0.175845	0.564510	0.769126	-0.299621
60832	9.179936	1.710707	-2.658832	-0.021970	-0.006950	-0.020985	0.025494	0.346645	0.937650	0.824910	-0.537120	0.176142	0.564689	0.768986	-0.299644
60833	9.239931	1.681547	-2.703176	-0.014672	-0.014617	-0.014724	0.025423	0.346849	0.937576	0.824833	-0.537168	0.176356	0.564805	0.768860	-0.299749
60834	9.223007	1.716952	-2.751080	0.000328	-0.014924	-0.018165	0.025325	0.347079	0.937494	0.824840	-0.537090	0.176560	0.564798	0.768811	-0.299886
60835	9.210900	1.673533	-2.845169	-0.004813	-0.019670	-0.018031	0.025255	0.347341	0.937399	0.824817	-0.537054	0.176777	0.564836	0.768718	-0.300056
60836	9.211133	1.638527	-2.887005	-0.010436	-0.022890	-0.023342	0.025159	0.347660	0.937283	0.824765	-0.537040	0.177062	0.564915	0.768584	-0.300249
60837	9.269186	1.577462	-3.006897	-0.006808	-0.024470	-0.030017	0.025020	0.348033	0.937148	0.824728	-0.536984	0.177403	0.564976	0.768454	-0.300468
60838	9.304042	1.502472	-3.039368	-0.007902	-0.016251	-0.033519	0.024803	0.348355	0.937034	0.824693	-0.536915	0.177776	0.565037	0.768356	-0.300603
60839	9.249483	1.485051	-3.126906	-0.004761	-0.016300	-0.045643	0.024482	0.348730	0.936904	0.824681	-0.536777	0.178247	0.565068	0.768282	-0.300732
60840	9.229859	1.496892	-3.090878	-0.005017	-0.013521	-0.048672	0.024125	0.349112	0.936771	0.824665	-0.536632	0.178752	0.565106	0.768210	-0.300847
60841	9.270548	1.578599	-3.102087	-0.010449	-0.007457	-0.052768	0.023701	0.349467	0.936649	0.824621	-0.536514	0.179310	0.565188	0.768131	-0.300894
60842	9.280440	1.729497	-3.013754	-0.011587	-0.002683	-0.051675	0.023257	0.349782	0.936542	0.824569	-0.536409	0.179863	0.565283	0.768061	-0.300895
60843	9.350947	1.918897	-2.854987	-0.030642	-0.011346	-0.045200	0.022914	0.350125	0.936423	0.824401	-0.536483	0.180416	0.565543	0.767853	-0.300936
60844	9.411156	2.001061	-2.553042	-0.064674	-0.023750	-0.034681	0.022730	0.350510	0.936283	0.824044	-0.536845	0.180969	0.566070	0.767425	-0.301038
60845	9.443916	1.901572	-2.501404	-0.085294	-0.038167	-0.030775	0.022656	0.350962	0.936116	0.823593	-0.537349	0.181526	0.566729	0.766865	-0.301223
60846	9.555637	1.763686	-2.532153	-0.079328	-0.046308	-0.025270	0.022678	0.351469	0.935925	0.823150	-0.537854	0.182036	0.567371	0.766278	-0.301509
60847	9.623436	1.855509	-2.406872	-0.097904	-0.063977	-0.008198	0.022943	0.352027	0.935708	0.822582	-0.538581	0.182453	0.568184	0.765511	-0.301928
60848	9.771425	2.134990	-2.453646	-0.119921	-0.051812	0.028847	0.023442	0.352285	0.935599	0.821894	-0.539587	0.182580	0.569157	0.764684	-0.302190
60849	10.063536	2.704160	-1.384053	-0.426097	-0.106806	0.103617	0.024872	0.352544	0.935464	0.819467	-0.543156	0.182909	0.572587	0.762033	-0.302408
60850	10.558747	1.773095	-1.420665	-0.574885	-0.183730	0.191527	0.027462	0.352913	0.935253	0.816113	-0.548188	0.182892	0.577240	0.758249	-0.303072
60851	10.239997	2.222285	-1.020382	-0.494001	-0.230795	0.240907	0.030730	0.353336	0.934992	0.813207	-0.552733	0.182153	0.581162	0.754745	-0.304321
60852	10.241488	2.717429	-0.760796	-0.593987	-0.291706	0.230950	0.034274	0.354267	0.934516	0.809668	-0.558007	0.181841	0.585887	0.750415	-0.305963
60853	10.448691	2.597704	-0.600140	-0.555065	-0.320969	0.251190	0.038156	0.355257	0.933990	0.806346	-0.563001	0.181205	0.590212	0.746205	-0.307942
60854	10.592913	2.885012	-0.387752	-0.587150	-0.380984	0.328576	0.043025	0.356250	0.933399	0.802736	-0.568524	0.179986	0.594781	0.741529	-0.310436
60855	10.423407	3.011999	-0.191679	-0.642817	-0.432791	0.363928	0.048489	0.357370	0.932703	0.798766	-0.574520	0.178604	0.599684	0.736352	-0.313313
60856	10.212841	2.922645	-0.030744	-0.742205	-0.496327	0.380036	0.054475	0.358831	0.931811	0.794101	-0.581310	0.177433	0.605340	0.730287	-0.316615
60857	10.023435	2.572030	-0.013048	-0.812885	-0.557734	0.396637	0.060976	0.360576	0.930734	0.788960	-0.588596	0.176341	0.611411	0.723560	-0.320371
60858	10.162812	2.265351	-0.189195	-0.817150	-0.602149	0.419739	0.067945	0.362445	0.929525	0.783672	-0.595984	0.175105	0.617448	0.716545	-0.324532
60859	10.421111	2.101617	-0.342361	-0.748573	-0.640160	0.442848	0.075341	0.364363	0.928205	0.778755	-0.602875	0.173445	0.622788	0.709776	-0.329170
60860	10.335496	2.144797	-0.739514	-0.589398	-0.656757	0.446815	0.082884	0.366317	0.926791	0.774722	-0.608659	0.171290	0.626846	0.703808	-0.334242
60861	9.991157	2.030803	-1.177672	-0.435362	-0.635064	0.440372	0.090243	0.368098	0.925397	0.771621	-0.613301	0.168708	0.629648	0.698831	-0.339379
60862	9.508613	2.152701	-1.757097	-0.386999	-0.641663	0.474920	0.097918	0.369664	0.923992	0.768737	-0.617734	0.165674	0.632025	0.694084	-0.344662
60863	9.442981	2.151508	-2.648466	-0.355960	-0.594775	0.520574	0.105644	0.370567	0.922778	0.765987	-0.622079	0.162119	0.634117	0.689709	-0.349568
60864	9.419074	2.099216	-3.249877	-0.361066	-0.546357	0.565353	0.113406	0.370814	0.921757	0.763078	-0.626643	0.158209	0.636279	0.685431	-0.354025
60865	9.232381	1.767403	-3.784105	-0.366908	-0.496860	0.615942	0.121229	0.370358	0.920944	0.760030	-0.631409	0.153875	0.638481	0.681291	-0.358028
60866	9.395882	1.773739	-3.958805	-0.381927	-0.431001	0.661490	0.128972	0.369113	0.920392	0.756764	-0.636435	0.149192	0.640839	0.677278	-0.361414
60867	9.271486	1.841940	-4.028726	-0.488194	-0.304716	0.649878	0.135800	0.367037	0.920240	0.752788	-0.642092	0.145009	0.644103	0.673054	-0.363497
60868	9.342423	1.338132	-3.811491	-0.562430	-0.129981	0.585408	0.141003	0.364154	0.920603	0.748350	-0.647992	0.141700	0.648144	0.668953	-0.363884
60869	9.558566	0.644286	-3.672322	-0.511537	0.108907	0.472954	0.143788	0.360376	0.921658	0.744347	-0.653114	0.139247	0.652129	0.666012	-0.362155
60870	9.767641	-0.151273	-3.237582	-0.334498	0.342085	0.356208	0.144169	0.355788	0.923380	0.741654	-0.656602	0.137200	0.655107	0.665048	-0.358533
60871	10.014120	-1.011253	-3.183547	-0.034470	0.625341	0.208588	0.141578	0.350267	0.925888	0.741138	-0.657551	0.135427	0.656254	0.667038	-0.352691
60872	10.330757	-1.779673	-3.368322	0.373911	0.899356	0.042092	0.135965	0.343988	0.929078	0.743536	-0.655180	0.133766	0.654727	0.672616	-0.344849
60873	10.526654	-1.871238	-3.255519	0.867729	1.136262	-0.092871	0.127822	0.336907	0.932821	0.749326	-0.648971	0.131710	0.649748	0.682151	-0.335406
60874	10.489864	-1.206030	-2.866622	1.319291	1.368510	-0.245025	0.117110	0.329081	0.937012	0.758148	-0.639057	0.129683	0.641480	0.695207	-0.324332
60875	10.110978	0.109325	-2.285024	1.571068	1.571202	-0.396072	0.104049	0.320551	0.941499	0.768591	-0.626715	0.128437	0.631222	0.710264	-0.311582
60876	9.629344	1.142273	-1.994591	1.559177	1.715291	-0.517752	0.089273	0.311470	0.946053	0.778857	-0.613874	0.128611	0.620816	0.725359	-0.297393
60877	9.447960	2.028506	-1.706077	1.363896	1.776310	-0.603024	0.073563	0.302131	0.950424	0.787759	-0.602022	0.130404	0.611576	0.739112	-0.282293
60878	9.366156	2.556086	-1.568912	1.054134	1.803596	-0.675361	0.057222	0.292746	0.954476	0.794612	-0.592149	0.133979	0.604414	0.750772	-0.266504
60879	9.322425	2.665257	-1.428781	0.745214	1.803589	-0.740237	0.040425	0.283474	0.958128	0.799464	-0.584372	0.139163	0.599352	0.760363	-0.250250
60880	9.270973	2.623620	-1.435810	0.526509	1.796309	-0.780944	0.023402	0.274300	0.961359	0.802861	-0.578159	0.145419	0.595707	0.768435	-0.233755
60881	9.240314	2.809217	-1.488924	0.420091	1.802659	-0.789235	0.006302	0.264924	0.964249	0.805477	-0.572776	0.152104	0.592594	0.775721	-0.217000
60882	9.094440	3.211626	-1.438246	0.331878	1.783390	-0.762697	-0.010425	0.255401	0.966779	0.807423	-0.568196	0.158811	0.589880	0.782256	-0.200293
60883	9.011911	3.478656	-1.343909	0.238531	1.750903	-0.731093	-0.026686	0.245794	0.968955	0.808692	-0.564481	0.165463	0.587626	0.788002	-0.183708
60884	8.929567	3.606425	-1.293669	0.134837	1.696372	-0.701505	-0.042347	0.236353	0.970744	0.809241	-0.561714	0.172066	0.585949	0.792852	-0.167479
60885	8.922271	3.469716	-1.267703	0.044144	1.642290	-0.666901	-0.057403	0.227039	0.972192	0.809165	-0.559809	0.178511	0.584771	0.796911	-0.151577
60886	8.876615	3.206035	-1.303034	-0.007846	1.587964	-0.633929	-0.071842	0.217918	0.973319	0.808707	-0.558453	0.184725	0.583808	0.800401	-0.136112
60887	8.726876	2.938278	-1.424992	0.002592	1.537728	-0.602283	-0.085726	0.208946	0.974163	0.808244	-0.557140	0.190625	0.582575	0.803702	-0.121118
60888	8.498383	2.760308	-1.497679	0.044648	1.496938	-0.567997	-0.099056	0.200068	0.974762	0.807976	-0.555610	0.196145	0.580830	0.807013	-0.106613
60889	8.250842	2.675868	-1.691992	0.088687	1.456603	-0.551748	-0.112005	0.191351	0.975110	0.807902	-0.553807	0.201475	0.578576	0.810359	-0.092564
60890	8.125981	2.494472	-1.843868	0.115247	1.415629	-0.542548	-0.124592	0.182873	0.975210	0.807921	-0.551849	0.206703	0.575969	0.813646	-0.078991
60891	7.967762	2.232696	-2.004036	0.129930	1.377207	-0.546828	-0.136970	0.174661	0.975055	0.807945	-0.549807	0.211982	0.573117	0.816827	-0.065809
60892	7.889211	2.060656	-2.126525	0.143853	1.341464	-0.562667	-0.149216	0.166787	0.974637	0.807958	-0.547662	0.217417	0.570034	0.819907	-0.053037
60893	7.836200	1.811025	-2.298408	0.153867	1.307475	-0.579973	-0.161380	0.159222	0.973964	0.807923	-0.545449	0.223037	0.566760	0.822881	-0.040614
60894	7.844291	1.717168	-2.491374	0.163427	1.276572	-0.602661	-0.173494	0.151996	0.973035	0.807832	-0.543158	0.228883	0.563301	0.825758	-0.028552
60895	7.987845	1.691260	-2.346117	0.131779	1.234534	-0.623846	-0.185512	0.145173	0.971859	0.807443	-0.541137	0.234961	0.560019	0.828308	-0.016832
60896	8.077399	1.712545	-2.275400	0.112290	1.201551	-0.643343	-0.197446	0.138699	0.970452	0.806831	-0.539287	0.241232	0.556811	0.830621	-0.005426
60897	8.091299	1.908049	-2.068808	0.066274	1.139741	-0.649405	-0.209057	0.132726	0.968854	0.805869	-0.537852	0.247570	0.553959	0.832526	0.005482
60898	8.132496	1.971947	-1.790600	0.011786	1.076055	-0.629009	-0.220102	0.127156	0.967154	0.804577	-0.536931	0.253696	0.551553	0.833989	0.015873
60899	8.158896	2.090761	-1.634947	-0.033420	1.006512	-0.599652	-0.230507	0.121983	0.965395	0.803031	-0.536460	0.259524	0.549553	0.835063	0.025702
60900	8.141095	2.147155	-1.414394	-0.077117	0.925072	-0.559241	-0.240101	0.117271	0.963638	0.801283	-0.536430	0.264930	0.547993	0.835757	0.034830
60901	8.204261	2.242456	-1.405474	-0.133639	0.838554	-0.499716	-0.248734	0.112953	0.961963	0.799318	-0.536970	0.269730	0.547012	0.836005	0.043277
60902	8.191464	2.355044	-1.236590	-0.196779	0.747265	-0.414704	-0.256162	0.108952	0.960474	0.797186	-0.538150	0.273659	0.546695	0.835778	0.050998
60903	8.117293	2.318172	-1.098584	-0.259039	0.637306	-0.327267	-0.262294	0.105403	0.959214	0.794909	-0.539961	0.276699	0.547103	0.835064	0.057843
60904	8.131331	2.211827	-1.138384	-0.305930	0.518521	-0.220565	-0.266916	0.102286	0.958276	0.792640	-0.542281	0.278663	0.548158	0.833948	0.063667
60905	8.201274	2.037927	-1.183106	-0.341931	0.406604	-0.128023	-0.270202	0.099606	0.957637	0.790407	-0.544998	0.279704	0.549771	0.832499	0.068531
60906	8.123400	1.915781	-1.178800	-0.357784	0.279286	-0.032698	-0.272030	0.097479	0.957339	0.788338	-0.547938	0.279800	0.551837	0.830820	0.072209
60907	8.083834	1.750304	-1.053166	-0.365313	0.164773	0.045950	-0.272619	0.095872	0.957334	0.786430	-0.551012	0.279131	0.554263	0.828972	0.074820
60908	8.091381	1.551278	-1.094680	-0.348084	0.046948	0.114075	-0.272015	0.094870	0.957605	0.784797	-0.553999	0.277812	0.556868	0.827094	0.076242
60909	8.151618	1.334279	-1.170721	-0.324550	-0.066539	0.167932	-0.270364	0.094501	0.958109	0.783428	-0.556837	0.275994	0.559592	0.825229	0.076514
60910	9.746517	2.104152	0.651702	-0.373452	-0.207833	0.198705	-0.267674	0.095121	0.958803	0.781857	-0.560099	0.273841	0.563072	0.822947	0.075553
60911	9.524402	2.151217	0.161619	-0.199853	-0.224349	0.232484	-0.264628	0.095675	0.959593	0.781337	-0.561961	0.271500	0.565230	0.821612	0.073956
60912	10.417380	4.221724	1.804471	-0.346192	-0.217094	0.255027	-0.261437	0.096037	0.960431	0.780036	-0.565042	0.268833	0.568502	0.819454	0.072811
60913	10.646884	4.519090	2.894838	-0.553712	-0.128180	0.201165	-0.259176	0.095958	0.961051	0.777387	-0.569761	0.266535	0.573146	0.816189	0.073072
60914	10.811473	4.170095	3.230770	-0.606308	-0.160324	0.259137	-0.256273	0.095799	0.961845	0.774556	-0.574943	0.263636	0.578263	0.812566	0.073141
60915	10.431055	4.370229	3.374725	-0.524455	-0.252957	0.359241	-0.252065	0.095791	0.962958	0.772412	-0.579538	0.259837	0.582961	0.809296	0.072092
60916	10.811329	3.928815	4.041906	-0.491394	-0.344894	0.416931	-0.246861	0.096169	0.964267	0.770567	-0.583904	0.255506	0.587611	0.806107	0.070038
60917	11.205088	3.316689	3.863012	-0.239739	-0.392081	0.406578	-0.241460	0.096961	0.965555	0.770135	-0.586225	0.251460	0.590414	0.804325	0.066877
60918	11.235335	3.629994	3.071166	0.196940	-0.479140	0.420525	-0.235420	0.098372	0.966902	0.772292	-0.585047	0.247559	0.590036	0.805011	0.061759
60919	10.481513	4.261724	2.105436	0.572622	-0.587943	0.495225	-0.228167	0.100239	0.968448	0.776798	-0.580920	0.243141	0.586963	0.807765	0.054681
60920	9.590475	4.795291	1.518179	0.700527	-0.715897	0.593657	-0.219382	0.102618	0.970227	0.782217	-0.575847	0.237775	0.583103	0.811092	0.046061
60921	9.087843	4.953378	0.804342	0.558651	-0.821192	0.652142	-0.209533	0.105558	0.972087	0.786853	-0.571987	0.231717	0.580481	0.813442	0.036791
60922	8.938782	4.034839	0.141273	0.197423	-0.884612	0.683378	-0.199042	0.108867	0.973925	0.789388	-0.571109	0.225167	0.580731	0.813623	0.027736
60923	9.393297	2.274994	-0.553081	-0.161842	-0.910038	0.711713	-0.188170	0.112204	0.975706	0.789812	-0.573210	0.218237	0.583772	0.811690	0.019241
60924	9.806846	0.711508	-1.250786	-0.341471	-0.894812	0.721747	-0.177261	0.115322	0.977384	0.789123	-0.576793	0.211173	0.588102	0.808709	0.011240
60925	10.022834	-0.134120	-1.566558	-0.383003	-0.868030	0.719953	-0.166504	0.118175	0.978934	0.788088	-0.580724	0.204148	0.592615	0.805478	0.003560
60926	10.159419	-0.648162	-1.943004	-0.299379	-0.818223	0.703702	-0.156128	0.120675	0.980337	0.787438	-0.583967	0.197291	0.596293	0.802758	-0.003851
60927	10.051804	-0.247991	-2.201790	-0.134205	-0.775024	0.674282	-0.146231	0.122960	0.981579	0.787647	-0.585862	0.190729	0.598522	0.801028	-0.011178
60928	9.841112	0.657309	-2.193370	-0.030979	-0.721115	0.649530	-0.136823	0.124942	0.982685	0.788376	-0.586910	0.184391	0.599786	0.799954	-0.018198
60929	9.674386	1.259096	-1.963192	-0.015538	-0.684104	0.615646	-0.127902	0.126809	0.983647	0.789090	-0.587806	0.178383	0.600814	0.799001	-0.024883
60930	9.573754	1.641397	-1.564480	-0.015725	-0.663732	0.590280	-0.119283	0.128656	0.984489	0.789721	-0.588681	0.172615	0.601758	0.798062	-0.031383
60931	9.582385	1.743357	-1.288849	-0.029564	-0.640234	0.574324	-0.110930	0.130393	0.985237	0.790198	-0.589657	0.167010	0.602729	0.797059	-0.037626
60932	9.540989	1.638601	-1.169939	-0.009990	-0.616114	0.560449	-0.102816	0.132013	0.985901	0.790733	-0.590466	0.161527	0.603465	0.796192	-0.043678
60933	9.392197	1.501763	-1.003533	0.017830	-0.592744	0.557541	-0.094867	0.133452	0.986504	0.791386	-0.591061	0.156061	0.603911	0.795511	-0.049540
60934	9.441361	1.221904	-0.808975	0.066701	-0.572069	0.556165	-0.087040	0.134733	0.987052	0.792292	-0.591271	0.150574	0.603902	0.795139	-0.055284
60935	9.404751	1.181248	-0.546137	0.117110	-0.545163	0.549401	-0.079433	0.135835	0.987542	0.793451	-0.591079	0.145123	0.603428	0.795094	-0.060828
60936	9.371201	1.141904	-0.282171	0.134218	-0.548867	0.546429	-0.071815	0.136989	0.987966	0.794672	-0.590752	0.139677	0.602777	0.795139	-0.066437
60937	9.409580	0.991578	0.078656	0.153107	-0.552712	0.540388	-0.064228	0.138209	0.988318	0.795957	-0.590274	0.134272	0.601936	0.795283	-0.072096
60938	9.593174	0.562152	0.373155	0.168038	-0.580518	0.533049	-0.056522	0.139700	0.988579	0.797288	-0.589672	0.128913	0.600947	0.795469	-0.078052
60939	9.687416	0.385685	0.412723	0.248058	-0.601355	0.530776	-0.048716	0.141373	0.988757	0.799053	-0.588440	0.123505	0.599284	0.796085	-0.084298
60940	9.566615	0.766765	0.304152	0.324166	-0.619293	0.524775	-0.040845	0.143242	0.988845	0.801225	-0.586599	0.118068	0.596967	0.797110	-0.090809
60941	9.394032	1.110378	0.230503	0.339412	-0.651070	0.547892	-0.032610	0.145240	0.988859	0.803446	-0.584677	0.112371	0.594484	0.798159	-0.097626
60942	9.549270	1.357129	-0.136008	0.331464	-0.678804	0.555070	-0.024150	0.147439	0.988776	0.805569	-0.582836	0.106583	0.592009	0.799102	-0.104697
60943	9.512765	1.052740	-0.693181	0.277102	-0.681730	0.539807	-0.015808	0.149759	0.988596	0.807313	-0.581418	0.100986	0.589911	0.799703	-0.111711
60944	9.631453	0.511997	-1.353732	0.259847	-0.689961	0.516098	-0.007607	0.152299	0.988305	0.808904	-0.580113	0.095622	0.587892	0.800171	-0.118783
60945	9.670575	0.047141	-1.885068	0.236957	-0.677018	0.511120	0.000465	0.154768	0.987951	0.810312	-0.578996	0.090322	0.585998	0.800507	-0.125679
60946	9.956595	-0.177426	-2.382762	0.175157	-0.674610	0.498277	0.008421	0.157302	0.987515	0.811316	-0.578365	0.085210	0.584548	0.800469	-0.132492
60947	9.970333	-0.481114	-2.852632	0.113772	-0.654530	0.471434	0.016030	0.159827	0.987015	0.811923	-0.578196	0.080440	0.583545	0.800091	-0.139036
60948	10.016091	-0.603346	-2.990862	0.093067	-0.632512	0.435870	0.023226	0.162384	0.986454	0.812381	-0.578147	0.076043	0.582664	0.799611	-0.145346
60949	10.051361	-0.698732	-2.809073	0.103621	-0.608515	0.394233	0.029934	0.164982	0.985842	0.812881	-0.577958	0.072039	0.581660	0.799216	-0.151411
60950	10.179543	-0.581538	-2.691384	0.127727	-0.587204	0.351381	0.036171	0.167662	0.985181	0.813508	-0.577515	0.068416	0.580427	0.798978	-0.157284
60951	10.158565	-0.419757	-2.649700	0.108251	-0.552932	0.320698	0.041951	0.170240	0.984509	0.814013	-0.577185	0.065120	0.579330	0.798672	-0.162791
60952	9.951876	-0.551835	-2.593571	0.103809	-0.525577	0.278794	0.047231	0.172846	0.983816	0.814492	-0.576827	0.062241	0.578250	0.798370	-0.168026
60953	9.883731	-0.289862	-2.484367	0.124064	-0.515561	0.246795	0.052184	0.175551	0.983086	0.815089	-0.576259	0.059637	0.576981	0.798190	-0.173162
60954	9.863784	-0.175964	-2.217499	0.126367	-0.498895	0.213410	0.056767	0.178322	0.982333	0.815703	-0.575621	0.057354	0.575679	0.798036	-0.178134
60955	9.754375	0.024068	-2.013805	0.123785	-0.487811	0.191480	0.061101	0.181125	0.981560	0.816306	-0.574968	0.055284	0.574379	0.797875	-0.182984
60956	9.734204	0.058781	-1.844924	0.097939	-0.491225	0.180903	0.065364	0.184022	0.980746	0.816756	-0.574510	0.053364	0.573269	0.797542	-0.187853
60957	9.672238	0.086036	-1.801922	0.109401	-0.487045	0.160365	0.069429	0.186997	0.979904	0.817279	-0.573926	0.051617	0.572045	0.797271	-0.192676
60958	9.586468	0.206895	-1.799251	0.106284	-0.487167	0.150562	0.073412	0.190035	0.979029	0.817781	-0.573356	0.049971	0.570828	0.796963	-0.197498
60959	9.532230	0.292660	-1.851636	0.119706	-0.482181	0.144485	0.077309	0.193061	0.978136	0.818360	-0.572669	0.048350	0.569483	0.796729	-0.202265
60960	9.461402	0.402896	-1.971126	0.091509	-0.491437	0.144824	0.081258	0.196164	0.977199	0.818769	-0.572214	0.046783	0.568344	0.796298	-0.207110
60961	9.344327	0.482939	-1.957450	0.065687	-0.503863	0.147389	0.085292	0.199343	0.976211	0.819024	-0.571973	0.045239	0.567385	0.795681	-0.212051
60962	9.259098	0.399495	-1.895201	0.030891	-0.521396	0.146246	0.089414	0.202671	0.975156	0.819075	-0.572014	0.043781	0.566676	0.794811	-0.217149
60963	9.299022	0.437280	-1.813711	0.020523	-0.528403	0.142544	0.093540	0.206064	0.974057	0.819066	-0.572132	0.042380	0.566022	0.793853	-0.222298
60964	9.354485	0.339336	-1.786378	-0.001075	-0.546272	0.145704	0.097792	0.209582	0.972889	0.818924	-0.572435	0.041000	0.565509	0.792713	-0.227611
60965	9.293075	0.293120	-1.790760	0.006086	-0.554492	0.149806	0.102118	0.213128	0.971673	0.818814	-0.572693	0.039562	0.564902	0.791580	-0.232995
60966	9.362626	0.266038	-1.878724	0.010580	-0.570383	0.143066	0.106477	0.216838	0.970383	0.818729	-0.572909	0.038183	0.564221	0.790415	-0.238534
60967	9.362436	0.258920	-1.879238	0.039801	-0.575945	0.141036	0.110845	0.220591	0.969047	0.818806	-0.572892	0.036752	0.563267	0.789388	-0.244123
60968	9.398857	0.377712	-1.881578	0.062853	-0.590547	0.141120	0.115291	0.224459	0.967639	0.819005	-0.572702	0.035266	0.562085	0.788435	-0.249861
60969	9.314471	0.446800	-1.787489	0.063702	-0.610352	0.150159	0.119914	0.228420	0.966150	0.819192	-0.572529	0.033685	0.560843	0.787423	-0.255774
60970	9.309361	0.437998	-1.566742	0.059115	-0.642018	0.146022	0.124674	0.232654	0.964535	0.819350	-0.572392	0.032158	0.559574	0.786282	-0.261987
60971	9.289818	0.550598	-1.506840	0.079734	-0.668892	0.146824	0.129580	0.237080	0.962809	0.819615	-0.572099	0.030564	0.558068	0.785173	-0.268447
60972	9.288564	0.546323	-1.326341	0.062781	-0.711433	0.156346	0.134795	0.241785	0.960922	0.819764	-0.571971	0.028925	0.556613	0.783830	-0.275305
60973	9.327246	0.465153	-1.352085	0.080663	-0.746321	0.162603	0.140240	0.246710	0.958888	0.819995	-0.571725	0.027171	0.554924	0.782473	-0.282480
60974	9.259386	0.549261	-1.512905	0.089892	-0.778091	0.163921	0.145863	0.251874	0.956705	0.820264	-0.571421	0.025379	0.553074	0.781049	-0.289952
60975	9.219986	0.316414	-1.665517	0.071931	-0.815896	0.170273	0.151728	0.257277	0.954352	0.820416	-0.571281	0.023573	0.551268	0.779388	-0.297753
60976	9.335447	0.031594	-1.957681	0.079154	-0.848360	0.172013	0.157776	0.262917	0.951831	0.820591	-0.571103	0.021730	0.549306	0.777635	-0.305853
60977	9.329006	-0.190076	-2.116811	0.066133	-0.874291	0.157818	0.163828	0.268815	0.949157	0.820708	-0.570996	0.020057	0.547356	0.775695	-0.314164
60978	9.647421	-0.732371	-2.534262	0.069390	-0.902813	0.133091	0.169820	0.275067	0.946308	0.820871	-0.570810	0.018609	0.545281	0.773637	-0.322730
60979	9.570674	-0.424267	-2.785402	0.133075	-0.901285	0.115438	0.175634	0.281382	0.943386	0.821405	-0.570089	0.017115	0.542630	0.771895	-0.331256
60980	9.523025	-0.391570	-3.021011	0.138141	-0.915546	0.115313	0.181505	0.287802	0.940333	0.821953	-0.569341	0.015600	0.539860	0.770078	-0.339898
60981	9.487761	-0.109458	-3.088611	0.155602	-0.928275	0.109490	0.187366	0.294327	0.937158	0.822598	-0.568449	0.014067	0.536867	0.768269	-0.348621
60982	9.441211	0.042071	-2.998177	0.143591	-0.953174	0.108682	0.193331	0.301041	0.933808	0.823167	-0.567659	0.012577	0.533871	0.766249	-0.357553
60983	9.397920	0.281270	-2.794498	0.154611	-0.974525	0.104928	0.199346	0.307911	0.930297	0.823794	-0.566781	0.011070	0.530683	0.764167	-0.366640
60984	9.306170	0.655331	-2.466075	0.135693	-1.013362	0.099342	0.205494	0.315098	0.926545	0.824319	-0.566043	0.009677	0.527514	0.761780	-0.376059
60985	9.510683	0.854798	-1.939436	0.105884	-1.078788	0.109209	0.212031	0.322690	0.922450	0.824658	-0.565571	0.008294	0.524387	0.758947	-0.386027
60986	9.724789	1.012425	-1.288748	0.129078	-1.153739	0.112049	0.218952	0.330813	0.917945	0.825099	-0.564947	0.006792	0.520837	0.755909	-0.396650
60987	9.829946	0.829054	-0.390182	0.159689	-1.254061	0.122293	0.226429	0.339589	0.912913	0.825666	-0.564136	0.005061	0.516726	0.752615	-0.408124
60988	10.179126	0.754016	0.484968	0.195819	-1.393201	0.135067	0.234677	0.349305	0.907145	0.826371	-0.563118	0.003053	0.511896	0.748922	-0.420807
60989	10.637788	1.411392	1.489621	0.266829	-1.552941	0.161419	0.243875	0.360002	0.900513	0.827354	-0.561681	0.000484	0.505975	0.744925	-0.434829
60990	11.095625	1.773584	2.626912	0.292364	-1.759603	0.217716	0.254488	0.371864	0.892722	0.828290	-0.560293	-0.002730	0.499171	0.740128	-0.450599
60991	11.801366	2.581643	2.905486	0.449956	-1.965062	0.275464	0.266450	0.384822	0.883695	0.829811	-0.557998	-0.007212	0.490324	0.735221	-0.468008
60992	12.372600	3.843442	1.850197	0.718110	-2.127785	0.329740	0.279466	0.398605	0.873506	0.832400	-0.554010	-0.013505	0.478548	0.730881	-0.486626
60993	12.625598	5.062461	0.730892	0.885332	-2.298184	0.406196	0.293642	0.413111	0.862040	0.835424	-0.549189	-0.021391	0.464586	0.726451	-0.506388
60994	12.626747	5.150537	-0.602220	0.849070	-2.456425	0.513421	0.309140	0.428095	0.849216	0.837772	-0.545188	-0.030141	0.450079	0.720767	-0.527185
60995	12.188816	4.646115	-1.928107	0.796356	-2.586631	0.596734	0.325540	0.443404	0.835115	0.839417	-0.542057	-0.039412	0.435205	0.713839	-0.548662
60996	12.189545	3.778990	-3.928803	0.466041	-2.687741	0.631469	0.342333	0.459058	0.819801	0.839319	-0.541585	-0.047216	0.422318	0.704238	-0.570698
60997	11.161317	3.000470	-5.349638	-0.032490	-2.691824	0.698405	0.359375	0.474049	0.803821	0.836747	-0.545052	-0.052654	0.413164	0.691517	-0.592537
60998	10.123030	1.860498	-6.724040	-0.555549	-2.667414	0.795960	0.376935	0.487932	0.787301	0.831549	-0.552661	-0.055606	0.407978	0.675639	-0.614057
60999	9.484153	0.829614	-7.772631	-0.977489	-2.563419	0.861510	0.394446	0.500213	0.770843	0.824262	-0.563415	-0.056172	0.406207	0.657533	-0.634544
61000	8.765312	-0.483516	-8.951674	-1.283300	-2.332407	0.894539	0.411237	0.510249	0.755335	0.815453	-0.576232	-0.054708	0.407333	0.638438	-0.653052
61001	7.610857	-1.811329	-10.087682	-1.462626	-2.087502	0.880668	0.426857	0.518243	0.741092	0.805797	-0.589940	-0.051583	0.410467	0.619189	-0.669419
61002	6.986829	-2.994569	-10.572953	-1.532858	-2.003464	0.838425	0.441801	0.525468	0.727114	0.795852	-0.603638	-0.047331	0.414043	0.599587	-0.684883
61003	7.229201	-4.159226	-10.105920	-1.394454	-1.984447	0.766086	0.456048	0.532512	0.713057	0.786641	-0.615900	-0.043155	0.416191	0.580601	-0.699777
61004	7.475128	-4.710284	-9.111541	-1.032723	-1.863820	0.699358	0.469246	0.538861	0.699598	0.779127	-0.625538	-0.040772	0.415655	0.564208	-0.713372
61005	7.773892	-4.824986	-8.559592	-0.525119	-1.672742	0.632530	0.481029	0.544225	0.687335	0.773968	-0.631873	-0.041349	0.411805	0.551866	-0.725162
61006	7.375148	-3.918929	-7.801300	0.013180	-1.398307	0.526207	0.490776	0.548578	0.676906	0.771483	-0.634655	-0.045010	0.404911	0.544312	-0.734692
61007	6.876962	-3.001608	-7.561277	0.271477	-1.212026	0.470035	0.499211	0.552166	0.667759	0.770266	-0.635748	-0.050148	0.396836	0.539386	-0.742687
61008	6.875787	-2.312438	-7.234321	0.454511	-1.115722	0.455214	0.507063	0.555293	0.659195	0.769778	-0.635803	-0.056536	0.387724	0.536101	-0.749844
61009	6.740709	-1.444211	-7.178804	0.596447	-0.981440	0.411399	0.513942	0.557939	0.651589	0.769984	-0.634876	-0.063699	0.378138	0.534450	-0.755893
61010	6.060375	-1.060752	-7.120584	0.598733	-0.812212	0.394883	0.519988	0.559793	0.645170	0.770200	-0.633864	-0.070776	0.369330	0.533712	-0.760754
61011	6.065082	-1.158530	-6.995884	0.484546	-0.647746	0.329887	0.524853	0.561165	0.640018	0.770272	-0.633102	-0.076568	0.362230	0.533175	-0.764535
61012	6.349635	-1.834396	-6.678641	0.327575	-0.362629	0.066886	0.526644	0.562697	0.637196	0.771120	-0.631710	-0.079479	0.357800	0.533212	-0.766593
61013	7.832495	-2.122873	-5.437730	0.474219	-0.150849	-0.249742	0.525205	0.565082	0.636272	0.774143	-0.627741	-0.081503	0.353358	0.535372	-0.767147
61014	9.604508	-2.263237	-4.514400	0.808317	0.300169	-0.520831	0.520075	0.566736	0.639009	0.779722	-0.620418	-0.084350	0.348649	0.542118	-0.764560
61015	8.956307	-1.991326	-5.550737	1.318571	0.766785	-0.680487	0.512045	0.566720	0.645476	0.787814	-0.609303	-0.089999	0.342286	0.554598	-0.758460
61016	8.188505	-0.734661	-6.016399	1.613647	1.001177	-0.725663	0.502875	0.565484	0.653716	0.796977	-0.596099	-0.097436	0.334582	0.569994	-0.750441
61017	7.588357	0.540093	-6.407382	1.597971	1.222883	-0.777006	0.492547	0.562993	0.663653	0.806162	-0.582447	-0.104209	0.327874	0.586340	-0.740746
61018	7.976039	1.958677	-6.253921	1.262330	1.352237	-0.819490	0.481467	0.559706	0.674477	0.814287	-0.570330	-0.107987	0.324233	0.601210	-0.730356
61019	8.109853	2.721837	-6.032590	0.632108	1.529369	-0.868924	0.469337	0.555336	0.686530	0.820497	-0.561618	-0.106628	0.326353	0.613341	-0.719240
61020	8.274343	2.467127	-6.015275	-0.012001	1.694804	-0.936177	0.456005	0.550114	0.699595	0.824806	-0.556497	-0.100029	0.334295	0.622644	-0.707503
61021	8.236304	1.499710	-6.229334	-0.425813	1.892510	-1.003528	0.441218	0.543823	0.713851	0.827881	-0.553650	-0.089918	0.346324	0.630657	-0.694501
61022	8.127130	0.790604	-6.467332	-0.573409	2.093999	-1.040792	0.425159	0.536301	0.729124	0.830380	-0.551648	-0.078442	0.360151	0.638800	-0.679872
61023	8.000784	0.515031	-6.418973	-0.572055	2.295793	-1.075081	0.407728	0.527447	0.745357	0.832775	-0.549586	-0.066637	0.374490	0.647885	-0.663327
61024	7.832389	0.247857	-6.430447	-0.488540	2.507610	-1.131057	0.388693	0.517288	0.762451	0.835431	-0.546848	-0.054887	0.388553	0.658309	-0.644714
61025	7.642403	-0.018279	-6.474293	-0.318774	2.730364	-1.218349	0.367648	0.505778	0.780399	0.838796	-0.542712	-0.043426	0.401568	0.670561	-0.623771
61026	7.378606	-0.125113	-6.479040	-0.106889	2.929418	-1.322327	0.344564	0.493082	0.798840	0.843083	-0.536812	-0.032301	0.412900	0.684618	-0.600675
61027	7.202134	-0.015402	-6.368362	0.061641	3.098867	-1.419855	0.319549	0.479191	0.817475	0.848070	-0.529462	-0.021146	0.422689	0.700033	-0.575576
61028	7.093659	0.177419	-6.241484	0.140380	3.241115	-1.499690	0.292914	0.464136	0.835930	0.853274	-0.521376	-0.009506	0.431422	0.716062	-0.548754
61029	6.991781	0.348247	-5.975695	0.124992	3.366642	-1.563706	0.264804	0.447841	0.854001	0.858191	-0.513321	0.003084	0.439758	0.732079	-0.520262
61030	6.983167	0.379060	-5.949523	0.050690	3.474653	-1.622576	0.235383	0.430415	0.871400	0.862484	-0.505803	0.016859	0.448013	0.747600	-0.490284
61031	7.088801	0.393551	-5.842897	-0.058333	3.558525	-1.685098	0.204664	0.412007	0.887898	0.865936	-0.499129	0.032007	0.456363	0.762313	-0.458925
61032	7.165484	0.411903	-5.846851	-0.206633	3.613453	-1.745829	0.172841	0.392896	0.903194	0.868287	-0.493676	0.048592	0.464976	0.775833	-0.426474
61033	7.266683	0.423231	-5.728144	-0.370733	3.655633	-1.777579	0.140169	0.373042	0.917166	0.869334	-0.489753	0.066340	0.473932	0.788024	-0.392946
61034	7.412468	0.333608	-5.617214	-0.513194	3.683594	-1.811318	0.106762	0.352674	0.929636	0.869120	-0.487238	0.085031	0.482942	0.798887	-0.358534
61035	7.656724	0.282079	-5.405198	-0.664735	3.714383	-1.849191	0.072530	0.331814	0.940552	0.867537	-0.486240	0.104640	0.492055	0.808375	-0.323128
61036	7.768465	0.246780	-5.069160	-0.782327	3.728156	-1.880550	0.037694	0.310683	0.949766	0.864692	-0.486543	0.124838	0.500887	0.816549	-0.286984
61037	7.969045	0.416254	-4.671959	-0.860459	3.715589	-1.894239	0.002523	0.289434	0.957195	0.860724	-0.487906	0.145263	0.509065	0.823514	-0.250353
61038	8.182279	0.649045	-4.261838	-0.948566	3.698792	-1.889552	-0.032701	0.268123	0.962829	0.855573	-0.490467	0.165641	0.516648	0.829188	-0.213360
61039	8.400491	0.838107	-3.757386	-1.012245	3.657476	-1.871223	-0.067738	0.246918	0.966666	0.849362	-0.494058	0.185716	0.523446	0.833630	-0.176256
61040	8.642639	1.059686	-3.567204	-1.038856	3.607529	-1.850286	-0.102413	0.225976	0.968734	0.842317	-0.498352	0.205299	0.529164	0.837006	-0.139306
61041	8.995355	1.540445	-3.151804	-1.041331	3.519016	-1.785181	-0.136145	0.205413	0.969159	0.834643	-0.503226	0.223907	0.533700	0.839386	-0.102935
61042	9.311306	2.034302	-2.277118	-1.024209	3.390587	-1.695108	-0.168414	0.185516	0.968101	0.826572	-0.508511	0.241238	0.537043	0.840833	-0.067702
61043	9.516413	2.415354	-1.377236	-0.992923	3.215118	-1.582172	-0.198789	0.166558	0.965785	0.818310	-0.514075	0.257091	0.539307	0.841418	-0.034103
61044	9.627826	2.786257	-0.948426	-0.972057	3.009862	-1.440825	-0.226810	0.148700	0.962521	0.809986	-0.519976	0.271197	0.540815	0.841138	-0.002509
61045	9.585101	3.251965	-0.238814	-0.977708	2.732839	-1.253378	-0.251765	0.132285	0.958705	0.801677	-0.526433	0.283166	0.542152	0.839863	0.026487
61046	9.257791	3.512355	0.948857	-1.000404	2.406809	-1.062033	-0.273337	0.117742	0.954685	0.793446	-0.533491	0.292968	0.543811	0.837570	0.052401
61047	8.900881	3.357634	1.772636	-0.992160	2.052751	-0.853645	-0.291316	0.105165	0.950829	0.785613	-0.540836	0.300515	0.545846	0.834528	0.074935
61048	8.350109	3.320056	2.319022	-0.940162	1.671196	-0.634426	-0.305451	0.094717	0.947485	0.778566	-0.548028	0.305780	0.548211	0.831080	0.093652
