// General information: 
//  MT Manager version: 2022.2.0 
//  XDA version: 2022.2.0 build 7381 rev 124627 built on 2023-07-19
// Device information: 
//  DeviceId: 00B4CAF0
//  ProductCode: MTW2-3A7G6
//  Firmware Version: 4.6.0
//  Hardware Version: 2.0.0
// Device settings: 
//  Filter Profile: human(46.1)
//  Option Flags: Orientation Smoother Disabled, Position/Velocity Smoother Disabled, Continuous Zero Rotation Update Disabled, AHS Disabled, ICC Disabled
// Coordinate system: ENU
PacketCounter	Acc_X	Acc_Y	Acc_Z	Gyr_X	Gyr_Y	Gyr_Z	Mat[1][1]	Mat[2][1]	Mat[3][1]	Mat[1][2]	Mat[2][2]	Mat[3][2]	Mat[1][3]	Mat[2][3]	Mat[3][3]
33281	4.213066	-1.659475	9.251395	0.008902	-0.006307	0.005989	-0.845432	-0.315055	0.431259	0.260054	-0.948124	-0.182845	0.466494	-0.042433	0.883506
33282	4.208224	-1.599736	9.340012	0.018602	-0.005655	0.002436	-0.845460	-0.315049	0.431210	0.260140	-0.948134	-0.182673	0.466396	-0.042267	0.883566
33283	4.240915	-1.789349	9.285785	-0.013963	0.001248	0.009627	-0.845438	-0.315112	0.431207	0.260110	-0.948105	-0.182863	0.466452	-0.042438	0.883528
33284	4.116581	-1.675745	9.471545	0.009575	-0.012523	0.001699	-0.845435	-0.315101	0.431221	0.260148	-0.948113	-0.182767	0.466436	-0.042336	0.883541
33285	4.129277	-1.791385	9.440018	-0.024380	-0.015391	-0.004854	-0.845373	-0.315034	0.431391	0.259947	-0.948126	-0.182987	0.466660	-0.042554	0.883413
33286	4.209211	-1.675142	9.338951	-0.006995	-0.028137	-0.011007	-0.845331	-0.314909	0.431565	0.259801	-0.948167	-0.182982	0.466818	-0.042559	0.883329
33287	4.248368	-1.587583	9.368540	-0.023795	-0.026892	-0.009123	-0.845226	-0.314806	0.431844	0.259567	-0.948193	-0.183179	0.467138	-0.042735	0.883151
33288	4.358197	-1.553528	9.349613	-0.026402	-0.024195	-0.009116	-0.845197	-0.314698	0.431980	0.259346	-0.948220	-0.183352	0.467313	-0.042937	0.883049
33289	4.299035	-1.643960	9.268622	-0.027977	-0.014463	-0.008287	-0.845149	-0.314598	0.432148	0.259098	-0.948242	-0.183590	0.467538	-0.043192	0.882917
33290	4.368502	-1.567215	9.233679	-0.008296	-0.010440	-0.005052	-0.845173	-0.314521	0.432155	0.258996	-0.948264	-0.183620	0.467550	-0.043264	0.882907
33291	4.334271	-1.606292	9.250793	0.003711	0.014871	-0.004418	-0.845252	-0.314445	0.432057	0.258930	-0.948287	-0.183594	0.467445	-0.043311	0.882961
33292	4.320923	-1.671981	9.147008	0.008579	0.026295	0.004978	-0.845422	-0.314448	0.431722	0.258992	-0.948285	-0.183518	0.467103	-0.043338	0.883140
33293	4.214785	-1.789074	9.126721	0.019489	0.047178	-0.000412	-0.845641	-0.314396	0.431332	0.259033	-0.948302	-0.183370	0.466684	-0.043336	0.883362
33294	4.114032	-1.757806	9.178070	0.027598	0.049673	0.002072	-0.845927	-0.314361	0.430796	0.259159	-0.948318	-0.183113	0.466095	-0.043256	0.883677
33295	4.110757	-1.730473	9.204565	0.028336	0.046100	-0.002248	-0.846145	-0.314291	0.430418	0.259225	-0.948345	-0.182879	0.465662	-0.043167	0.883909
33296	4.091227	-1.710692	9.214789	0.027300	0.041689	-0.005680	-0.846414	-0.314186	0.429966	0.259284	-0.948384	-0.182591	0.465141	-0.043065	0.884189
33297	4.082091	-1.650348	9.232223	0.028935	0.034599	-0.006527	-0.846589	-0.314082	0.429697	0.259317	-0.948425	-0.182333	0.464803	-0.042934	0.884373
33298	4.030690	-1.644946	9.282877	0.022634	0.027694	-0.004706	-0.846790	-0.313992	0.429367	0.259361	-0.948459	-0.182091	0.464412	-0.042831	0.884583
33299	4.055990	-1.571117	9.258449	0.016162	0.018107	-0.008042	-0.846892	-0.313880	0.429247	0.259322	-0.948499	-0.181939	0.464247	-0.042770	0.884672
33300	4.080562	-1.545041	9.331932	0.007913	0.007682	-0.010487	-0.847015	-0.313744	0.429104	0.259250	-0.948545	-0.181801	0.464063	-0.042743	0.884770
33301	4.102662	-1.593810	9.332978	0.006096	0.001580	-0.006976	-0.847038	-0.313649	0.429128	0.259173	-0.948577	-0.181743	0.464064	-0.042726	0.884770
33302	4.102746	-1.593733	9.332954	-0.008990	-0.001606	-0.003359	-0.847100	-0.313584	0.429054	0.259082	-0.948594	-0.181785	0.464002	-0.042830	0.884798
33303	4.124980	-1.668640	9.309233	-0.003137	-0.015860	-0.007637	-0.847044	-0.313490	0.429233	0.258957	-0.948624	-0.181806	0.464175	-0.042845	0.884707
33304	4.150926	-1.670234	9.283998	-0.007573	-0.016643	-0.006728	-0.847044	-0.313400	0.429298	0.258844	-0.948652	-0.181820	0.464237	-0.042888	0.884672
33305	4.188085	-1.606614	9.290060	-0.004173	-0.022895	-0.008449	-0.846957	-0.313301	0.429541	0.258707	-0.948685	-0.181847	0.464472	-0.042891	0.884549
33306	4.254684	-1.625562	9.305378	-0.008500	-0.021016	-0.004968	-0.846933	-0.313229	0.429641	0.258605	-0.948707	-0.181876	0.464572	-0.042929	0.884494
33307	4.256568	-1.625913	9.304455	-0.004012	-0.017590	-0.005898	-0.846864	-0.313153	0.429833	0.258490	-0.948731	-0.181912	0.464762	-0.042947	0.884394
33308	4.209203	-1.624422	9.279498	-0.003022	-0.013197	-0.005072	-0.846877	-0.313076	0.429864	0.258413	-0.948756	-0.181891	0.464782	-0.042957	0.884382
33309	4.258091	-1.650908	9.279208	-0.001026	-0.009658	0.001796	-0.846825	-0.313069	0.429972	0.258377	-0.948758	-0.181934	0.464897	-0.042972	0.884321
33310	4.251971	-1.617802	9.270305	0.007777	-0.005487	-0.005226	-0.846873	-0.312987	0.429936	0.258349	-0.948788	-0.181817	0.464824	-0.042903	0.884363
33311	4.264734	-1.707202	9.263645	0.007148	0.003373	-0.000955	-0.846889	-0.312949	0.429933	0.258328	-0.948801	-0.181776	0.464808	-0.042880	0.884373
33312	4.250350	-1.640860	9.246841	0.012679	0.011212	0.001533	-0.846997	-0.312924	0.429737	0.258379	-0.948813	-0.181644	0.464581	-0.042817	0.884495
33313	4.182917	-1.669255	9.256486	0.016168	0.012868	-0.002832	-0.847062	-0.312863	0.429654	0.258384	-0.948836	-0.181515	0.464460	-0.042739	0.884562
33314	4.214727	-1.652176	9.289621	0.017265	0.019923	0.000565	-0.847213	-0.312825	0.429383	0.258449	-0.948852	-0.181338	0.464148	-0.042659	0.884730
33315	4.171634	-1.657896	9.225963	0.021649	0.020686	-0.002942	-0.847315	-0.312761	0.429230	0.258478	-0.948878	-0.181160	0.463947	-0.042553	0.884840
33316	4.195447	-1.631505	9.299846	0.015499	0.019085	0.001445	-0.847460	-0.312731	0.428966	0.258542	-0.948891	-0.181002	0.463647	-0.042486	0.885001
33317	4.151660	-1.661025	9.285322	0.017104	0.019860	-0.007217	-0.847568	-0.312626	0.428828	0.258514	-0.948929	-0.180846	0.463464	-0.042421	0.885100
33318	4.175259	-1.635680	9.285980	0.018939	0.020719	-0.005518	-0.847738	-0.312530	0.428561	0.258535	-0.948965	-0.180627	0.463141	-0.042327	0.885273
33319	4.156905	-1.641702	9.270963	0.013562	0.018184	-0.005449	-0.847834	-0.312442	0.428435	0.258505	-0.948995	-0.180510	0.462982	-0.042290	0.885358
33320	4.115548	-1.621853	9.304196	0.011740	0.014704	-0.004544	-0.847974	-0.312357	0.428220	0.258500	-0.949025	-0.180359	0.462728	-0.042244	0.885493
33321	4.155360	-1.614172	9.296577	0.011636	0.012040	-0.007116	-0.848046	-0.312257	0.428151	0.258448	-0.949060	-0.180251	0.462626	-0.042207	0.885548
33322	4.137900	-1.620740	9.281058	0.007090	0.008592	-0.008774	-0.848169	-0.312134	0.427998	0.258386	-0.949101	-0.180123	0.462436	-0.042186	0.885649
33323	4.161799	-1.620076	9.330245	0.003596	0.006938	-0.004409	-0.848210	-0.312062	0.427970	0.258319	-0.949124	-0.180098	0.462398	-0.042208	0.885667
33324	4.144858	-1.627006	9.314431	0.007827	0.002393	-0.010462	-0.848308	-0.311925	0.427874	0.258246	-0.949171	-0.179955	0.462258	-0.042161	0.885743
33325	4.161449	-1.619341	9.257449	0.009558	-0.002031	-0.008718	-0.848319	-0.311816	0.427933	0.258170	-0.949210	-0.179860	0.462281	-0.042099	0.885734
33326	4.169671	-1.626235	9.290149	0.005172	-0.002794	-0.005213	-0.848380	-0.311731	0.427874	0.258129	-0.949239	-0.179763	0.462192	-0.042060	0.885782
33327	4.177748	-1.634676	9.249567	0.005118	-0.002816	-0.007805	-0.848384	-0.311630	0.427938	0.258041	-0.949273	-0.179710	0.462233	-0.042038	0.885762
33328	4.153747	-1.632416	9.274017	0.006949	-0.001956	-0.006102	-0.848451	-0.311537	0.427873	0.258001	-0.949306	-0.179593	0.462132	-0.041984	0.885817
33329	4.162007	-1.639403	9.306687	0.006009	-0.003707	-0.006943	-0.848450	-0.311445	0.427943	0.257923	-0.949338	-0.179536	0.462178	-0.041951	0.885794
33330	4.171088	-1.622707	9.290130	0.007725	-0.000272	-0.013037	-0.848542	-0.311285	0.427876	0.257828	-0.949393	-0.179382	0.462061	-0.041895	0.885858
33331	4.179170	-1.630674	9.249631	0.008623	-0.003782	-0.009563	-0.848547	-0.311168	0.427952	0.257741	-0.949434	-0.179291	0.462102	-0.041836	0.885840
33332	4.171867	-1.620747	9.290122	-0.001104	-0.001820	-0.008616	-0.848621	-0.311050	0.427891	0.257642	-0.949471	-0.179234	0.462021	-0.041859	0.885881
33333	4.172187	-1.619993	9.290110	0.009564	-0.002030	-0.008723	-0.848632	-0.310940	0.427949	0.257566	-0.949510	-0.179138	0.462043	-0.041797	0.885872
33334	4.213595	-1.612354	9.281761	0.009516	-0.004673	-0.008703	-0.848693	-0.310823	0.427914	0.257516	-0.949552	-0.178986	0.461959	-0.041709	0.885920
33335	4.220966	-1.643765	9.290494	0.010456	-0.002921	-0.007863	-0.848697	-0.310721	0.427979	0.257451	-0.949589	-0.178886	0.461987	-0.041636	0.885909
33336	4.181179	-1.625332	9.249663	0.012287	-0.002059	-0.006161	-0.848763	-0.310627	0.427916	0.257435	-0.949624	-0.178720	0.461874	-0.041530	0.885973
33337	4.223350	-1.592540	9.265418	0.015895	-0.000360	-0.005349	-0.848773	-0.310548	0.427953	0.257417	-0.949655	-0.178582	0.461867	-0.041413	0.885982
33338	4.197848	-1.614302	9.266294	0.015102	0.005815	-0.006257	-0.848876	-0.310449	0.427821	0.257414	-0.949692	-0.178391	0.461679	-0.041305	0.886085
33339	4.204192	-1.645347	9.275577	0.016097	0.007591	-0.002826	-0.848916	-0.310392	0.427784	0.257418	-0.949715	-0.178262	0.461604	-0.041210	0.886128
33340	4.170321	-1.657966	9.317283	0.015256	0.011124	-0.003713	-0.849037	-0.310315	0.427600	0.257436	-0.949744	-0.178079	0.461371	-0.041116	0.886254
33341	4.170225	-1.632601	9.268742	0.020487	0.010971	-0.008956	-0.849108	-0.310197	0.427544	0.257408	-0.949788	-0.177886	0.461256	-0.040991	0.886320
33342	4.217353	-1.656956	9.269815	0.013327	0.007594	-0.007989	-0.849223	-0.310081	0.427399	0.257382	-0.949830	-0.177702	0.461058	-0.040904	0.886427
33343	4.177537	-1.613113	9.253447	0.021383	0.010082	-0.008099	-0.849288	-0.309972	0.427349	0.257365	-0.949871	-0.177504	0.460948	-0.040767	0.886490
33344	4.235195	-1.572035	9.285845	0.014152	0.011910	-0.007094	-0.849421	-0.309862	0.427164	0.257350	-0.949911	-0.177316	0.460712	-0.040686	0.886617
33345	4.159979	-1.592321	9.262796	0.018669	0.012729	-0.005431	-0.849491	-0.309777	0.427086	0.257343	-0.949943	-0.177154	0.460586	-0.040583	0.886687
33346	4.175368	-1.582524	9.279767	0.018719	0.015370	-0.005457	-0.849636	-0.309682	0.426868	0.257363	-0.949979	-0.176932	0.460309	-0.040468	0.886836
33347	4.172163	-1.628979	9.306115	0.015263	0.016359	-0.006346	-0.849725	-0.309587	0.426760	0.257333	-0.950012	-0.176796	0.460161	-0.040409	0.886916
33348	4.114378	-1.618201	9.249809	0.014267	0.009340	-0.007154	-0.849846	-0.309477	0.426598	0.257317	-0.950052	-0.176606	0.459946	-0.040317	0.887031
33349	4.098941	-1.574691	9.282126	0.014216	0.009317	-0.004510	-0.849898	-0.309403	0.426549	0.257298	-0.950079	-0.176487	0.459861	-0.040246	0.887079
33350	4.137539	-1.615237	9.299692	0.008932	0.004204	-0.007098	-0.849995	-0.309296	0.426433	0.257258	-0.950116	-0.176345	0.459704	-0.040189	0.887163
33351	4.154946	-1.582960	9.266658	0.008779	-0.001104	-0.004398	-0.849999	-0.309227	0.426476	0.257215	-0.950141	-0.176274	0.459721	-0.040137	0.887156
33352	4.154340	-1.605466	9.316024	0.005275	-0.002757	-0.005260	-0.850059	-0.309140	0.426418	0.257174	-0.950171	-0.176172	0.459632	-0.040093	0.887204
33353	4.173283	-1.548717	9.306539	0.004285	-0.007151	-0.003451	-0.850032	-0.309082	0.426513	0.257118	-0.950191	-0.176146	0.459712	-0.040065	0.887164
33354	4.123519	-1.595089	9.307311	0.005071	-0.010709	-0.002532	-0.850049	-0.309024	0.426522	0.257099	-0.950213	-0.176056	0.459692	-0.039998	0.887177
33355	4.164765	-1.613461	9.274546	-0.006279	-0.014753	-0.006007	-0.849994	-0.308945	0.426688	0.256973	-0.950236	-0.176113	0.459864	-0.040047	0.887086
33356	4.183066	-1.605632	9.289860	0.001410	-0.020295	-0.003310	-0.849969	-0.308883	0.426784	0.256931	-0.950259	-0.176052	0.459935	-0.039985	0.887052
33357	4.168943	-1.588505	9.297001	-0.001936	-0.011393	-0.001640	-0.849918	-0.308844	0.426913	0.256862	-0.950271	-0.176089	0.460067	-0.040003	0.886983
33358	4.226910	-1.599292	9.280182	-0.003769	-0.017499	-0.003336	-0.849906	-0.308781	0.426983	0.256795	-0.950292	-0.176074	0.460127	-0.039999	0.886952
33359	4.228298	-1.599209	9.279564	0.003291	-0.011549	-0.001643	-0.849854	-0.308742	0.427114	0.256750	-0.950306	-0.176064	0.460247	-0.039967	0.886891
33360	4.229186	-1.598808	9.279228	0.004233	-0.007174	-0.000809	-0.849882	-0.308699	0.427089	0.256742	-0.950322	-0.175989	0.460199	-0.039918	0.886918
33361	4.228591	-1.623243	9.255249	0.006066	-0.001069	0.000887	-0.849873	-0.308680	0.427122	0.256732	-0.950329	-0.175965	0.460223	-0.039892	0.886907
33362	4.180712	-1.596584	9.254880	0.004343	0.000739	0.001750	-0.849931	-0.308658	0.427023	0.256746	-0.950337	-0.175899	0.460108	-0.039866	0.886967
33363	4.180635	-1.596198	9.254981	0.004390	0.000759	-0.000894	-0.849934	-0.308621	0.427043	0.256712	-0.950350	-0.175883	0.460121	-0.039862	0.886961
33364	4.204756	-1.596790	9.230781	0.014012	0.003988	0.000825	-0.850009	-0.308588	0.426917	0.256763	-0.950365	-0.175727	0.459954	-0.039753	0.887053
33365	4.156405	-1.569637	9.230701	0.007061	0.005951	0.001691	-0.850030	-0.308574	0.426886	0.256763	-0.950370	-0.175698	0.459915	-0.039740	0.887073
33366	4.124830	-1.533426	9.319839	0.006960	0.003286	0.004364	-0.850092	-0.308575	0.426760	0.256812	-0.950371	-0.175620	0.459773	-0.039696	0.887149
33367	4.155243	-1.592303	9.280319	-0.001042	-0.007040	0.001840	-0.850053	-0.308568	0.426845	0.256776	-0.950373	-0.175663	0.459865	-0.039719	0.887100
33368	4.189312	-1.576805	9.312039	-0.001195	-0.012349	0.004541	-0.850043	-0.308577	0.426857	0.256789	-0.950370	-0.175658	0.459877	-0.039704	0.887095
33369	4.166247	-1.576290	9.335758	-0.015208	-0.016337	0.003717	-0.849956	-0.308591	0.427021	0.256704	-0.950361	-0.175835	0.460085	-0.039834	0.886981
33370	4.136244	-1.569347	9.326130	-0.030330	-0.032641	0.002147	-0.849859	-0.308585	0.427218	0.256562	-0.950354	-0.176077	0.460343	-0.040033	0.886838
33371	4.075920	-1.551386	9.380811	-0.012323	-0.051672	-0.002960	-0.849626	-0.308549	0.427707	0.256434	-0.950366	-0.176200	0.460844	-0.040026	0.886578
33372	4.020657	-1.665105	9.347968	-0.022313	-0.076053	-0.009736	-0.849359	-0.308448	0.428309	0.256228	-0.950399	-0.176320	0.461450	-0.040014	0.886263
33373	3.940630	-1.848425	9.413709	-0.007427	-0.090019	-0.022480	-0.848998	-0.308242	0.429172	0.255956	-0.950473	-0.176315	0.462264	-0.039842	0.885847
33374	3.898914	-1.945178	9.362564	-0.015303	-0.133101	-0.031662	-0.848523	-0.307955	0.430317	0.255596	-0.950577	-0.176279	0.463336	-0.039589	0.885298
33375	3.787906	-1.807836	9.493349	-0.032797	-0.132225	-0.063547	-0.848069	-0.307375	0.431624	0.254859	-0.950767	-0.176321	0.464571	-0.039530	0.884653
33376	3.783314	-1.756458	9.705259	-0.090254	-0.176531	-0.104189	-0.847572	-0.306416	0.433279	0.253535	-0.951063	-0.176634	0.466199	-0.039859	0.883782
33377	3.439447	-1.111259	9.833480	-0.098594	-0.258152	-0.085793	-0.846580	-0.305675	0.435735	0.252301	-0.951294	-0.177158	0.468665	-0.040042	0.882468
33378	4.263460	-1.214343	9.780144	-0.167262	-0.326564	-0.084212	-0.845318	-0.304967	0.438672	0.250782	-0.951495	-0.178228	0.471748	-0.040649	0.880796
33379	3.812021	-1.344800	9.659312	-0.202168	-0.362051	-0.077467	-0.843794	-0.304350	0.442021	0.249124	-0.951656	-0.179692	0.475341	-0.041505	0.878822
33380	4.001290	-1.160208	9.797622	-0.197154	-0.466939	-0.069260	-0.841800	-0.303846	0.446150	0.247579	-0.951796	-0.181077	0.479664	-0.041973	0.876448
33381	4.009988	-1.439054	9.795408	-0.261271	-0.519623	-0.061160	-0.839442	-0.303457	0.450834	0.245758	-0.951878	-0.183114	0.484706	-0.042917	0.873624
33382	4.064933	-1.632011	9.892398	-0.265712	-0.613887	-0.064694	-0.836673	-0.303066	0.456212	0.243902	-0.951972	-0.185098	0.490398	-0.043596	0.870408
33383	4.280364	-2.156804	10.135194	-0.313097	-0.685532	-0.081874	-0.833484	-0.302561	0.462343	0.241626	-0.952089	-0.187466	0.496912	-0.044536	0.866658
33384	4.180290	-2.969657	9.872629	-0.316540	-0.683917	-0.135813	-0.830458	-0.301535	0.468418	0.238895	-0.952369	-0.189532	0.503257	-0.045496	0.862938
33385	4.071420	-2.717058	10.145681	-0.127296	-0.812209	-0.250602	-0.826933	-0.299484	0.475910	0.236125	-0.953072	-0.189468	0.510319	-0.044303	0.858843
33386	4.082827	-3.020471	10.277926	-0.065876	-0.790347	-0.408777	-0.823903	-0.295890	0.483357	0.232395	-0.954272	-0.188037	0.516892	-0.042594	0.854990
33387	4.552895	-3.657258	10.235124	0.067809	-0.849284	-0.616623	-0.820897	-0.290320	0.491774	0.227628	-0.956114	-0.184475	0.523749	-0.039493	0.850957
33388	4.684434	-3.940730	9.680836	0.306509	-0.800848	-0.825894	-0.818613	-0.282672	0.499970	0.222453	-0.958604	-0.177746	0.529517	-0.034286	0.847606
33389	4.557590	-2.736617	9.775238	0.612963	-0.968210	-0.994473	-0.815636	-0.273386	0.509899	0.217544	-0.961560	-0.167563	0.536108	-0.025745	0.843757
33390	4.464760	-2.394294	9.785167	0.426003	-1.025713	-1.114053	-0.812563	-0.262851	0.520242	0.210751	-0.964651	-0.158217	0.543439	-0.018920	0.839235
33391	4.404214	-2.409770	9.094514	0.308420	-1.239864	-1.236972	-0.808315	-0.251066	0.532534	0.202368	-0.967885	-0.149148	0.552878	-0.012790	0.833164
33392	5.142444	-2.090584	9.036374	0.180195	-1.515085	-1.338127	-0.802573	-0.238212	0.546929	0.192570	-0.971185	-0.140413	0.564617	-0.007369	0.825320
33393	5.875583	-2.929954	9.606314	-0.252347	-1.584919	-1.360930	-0.796050	-0.225051	0.561834	0.180201	-0.974327	-0.134958	0.577783	-0.006190	0.816167
33394	6.329313	-5.628056	10.446948	-0.505259	-1.520709	-1.367678	-0.789620	-0.211780	0.575890	0.166377	-0.977286	-0.131267	0.590609	-0.007836	0.806920
33395	5.304545	-6.096215	9.472594	-0.070054	-1.600007	-1.412874	-0.782329	-0.198026	0.590548	0.154803	-0.980182	-0.123606	0.603322	-0.005282	0.797480
33396	5.511444	-3.207011	9.424810	0.420361	-1.756125	-1.588319	-0.774089	-0.182439	0.606220	0.144972	-0.983215	-0.110777	0.616255	0.002134	0.787544
33397	5.164461	-0.812349	8.669892	0.206904	-1.680935	-1.680853	-0.765952	-0.165780	0.621156	0.133266	-0.986137	-0.098858	0.628934	0.007058	0.777426
33398	4.511907	-0.002417	8.576244	-0.116519	-1.531660	-1.589833	-0.758338	-0.149945	0.634382	0.120372	-0.988660	-0.089791	0.640651	0.008270	0.767787
33399	1.166933	-0.606097	10.158110	-0.650722	-1.078096	-1.291491	-0.752836	-0.137071	0.643777	0.106364	-0.990556	-0.086523	0.649557	0.003337	0.760306
33400	-2.161833	-4.517895	11.349938	-1.278472	-0.592517	-0.774658	-0.749843	-0.129390	0.648840	0.092166	-0.991556	-0.091221	0.655164	-0.008600	0.755438
33401	-4.983837	-10.511525	12.312417	-1.675031	-0.200210	0.476320	-0.748096	-0.134115	0.649897	0.084682	-0.990651	-0.106957	0.658166	-0.024979	0.752459
33402	0.277547	-15.033568	12.948796	-1.024442	-0.197965	1.532671	-0.745585	-0.149340	0.649462	0.089345	-0.988169	-0.124655	0.660395	-0.034914	0.750107
33403	-3.967526	-9.304009	12.442198	-0.603388	0.309571	2.198199	-0.745515	-0.170874	0.644212	0.101703	-0.984423	-0.143417	0.658684	-0.041401	0.751280
33404	-4.674031	-7.196794	11.240509	-0.578192	0.614530	2.815594	-0.746592	-0.198270	0.635051	0.118896	-0.978955	-0.165862	0.654572	-0.048327	0.754453
33405	-3.955042	-4.624997	11.630077	-0.293404	0.687722	3.126381	-0.747015	-0.228396	0.624342	0.140280	-0.972141	-0.187784	0.649838	-0.052695	0.758244
33406	-1.195223	-2.499661	12.626587	-0.184537	0.838195	3.245908	-0.747675	-0.259406	0.611302	0.163346	-0.964105	-0.209331	0.643661	-0.056658	0.763211
33407	0.848233	-1.447252	13.441145	-0.241711	1.221696	3.202193	-0.749888	-0.289384	0.594916	0.185730	-0.955179	-0.230514	0.634958	-0.062366	0.770025
33408	2.586848	-0.981694	13.680519	-0.120222	1.632733	3.040855	-0.754348	-0.317261	0.574721	0.207865	-0.945854	-0.249302	0.622696	-0.068596	0.779451
33409	3.415404	-0.319430	13.741903	0.047883	2.050956	2.765308	-0.760912	-0.341795	0.551534	0.229063	-0.936782	-0.264518	0.607078	-0.074939	0.791101
33410	4.001633	-0.357061	13.172593	0.166838	2.407252	2.428598	-0.769671	-0.362587	0.525487	0.248682	-0.928336	-0.276313	0.588016	-0.081991	0.804683
33411	4.354492	-0.125278	12.556818	0.438676	2.604844	1.973153	-0.779625	-0.378602	0.498844	0.266453	-0.921403	-0.282878	0.566735	-0.087621	0.819228
33412	5.295477	0.251163	12.388183	0.660517	2.738958	1.364478	-0.791258	-0.388702	0.472040	0.280881	-0.916741	-0.284064	0.543154	-0.092181	0.834557
33413	6.279216	1.011146	12.000280	0.752408	2.889169	0.705276	-0.804570	-0.392408	0.445739	0.290454	-0.914704	-0.280987	0.517980	-0.096607	0.849920
33414	6.737928	1.682644	11.335005	0.533890	3.089206	0.172928	-0.819803	-0.390901	0.418473	0.294599	-0.914546	-0.277159	0.491055	-0.103934	0.864906
33415	6.516496	1.347635	10.319387	0.099903	3.229359	-0.253831	-0.835970	-0.385008	0.391054	0.292928	-0.915647	-0.275287	0.464055	-0.115581	0.878234
33416	6.153104	-0.002190	9.295045	-0.268978	3.237216	-0.760134	-0.852890	-0.374052	0.364230	0.285343	-0.918190	-0.274783	0.437216	-0.130429	0.889849
33417	6.600190	-0.872947	8.607472	-0.541721	3.133256	-1.233779	-0.869632	-0.358329	0.339619	0.272371	-0.921962	-0.275316	0.411770	-0.146921	0.899366
33418	7.083548	-1.940382	7.650458	-0.911458	3.042103	-1.593300	-0.886097	-0.338834	0.316264	0.254787	-0.926080	-0.278315	0.387188	-0.166034	0.906928
33419	7.300796	-2.876416	6.553121	-1.170307	2.883252	-1.806087	-0.901348	-0.316966	0.295135	0.234203	-0.929943	-0.283471	0.364309	-0.186385	0.912436
33420	7.089042	-3.605199	5.598314	-1.398642	2.630381	-1.842415	-0.914862	-0.294610	0.276101	0.212566	-0.932809	-0.291002	0.343282	-0.207537	0.916016
33421	7.093984	-4.499706	5.011576	-1.540325	2.247288	-1.699061	-0.925814	-0.273826	0.260553	0.191732	-0.934280	-0.300597	0.325741	-0.228341	0.917471
33422	7.322045	-5.487667	4.952574	-1.535084	1.815821	-1.393074	-0.934221	-0.256475	0.247896	0.173929	-0.934304	-0.311167	0.311417	-0.247582	0.917454
33423	6.389896	-8.079645	3.776856	-1.577905	1.111850	-0.834982	-0.939038	-0.245808	0.240388	0.161213	-0.932352	-0.323620	0.303675	-0.265138	0.915141
33424	9.801418	-6.411845	3.318653	0.000381	0.351120	-0.917224	-0.941600	-0.236303	0.239895	0.152630	-0.934540	-0.321465	0.300155	-0.266076	0.916030
33425	11.402625	-3.710779	5.198942	0.050827	0.127769	-0.783683	-0.943148	-0.228609	0.241265	0.145356	-0.936492	-0.319147	0.298903	-0.265934	0.916480
33426	11.149570	-1.597999	5.308782	0.331289	-0.039225	-0.664630	-0.944034	-0.222471	0.243530	0.140101	-0.938841	-0.314562	0.298617	-0.262839	0.917466
33427	10.615915	-0.185548	4.619198	0.200173	-0.273118	-0.442932	-0.943825	-0.219001	0.247453	0.136478	-0.940338	-0.311671	0.300946	-0.260391	0.917403
33428	10.074649	0.090882	4.503930	0.058638	-0.461692	-0.155658	-0.942683	-0.218724	0.252008	0.135201	-0.940809	-0.310804	0.305072	-0.258918	0.916456
33429	9.190936	-0.586231	4.821353	0.031128	-0.657077	-0.064359	-0.940742	-0.219791	0.258255	0.134649	-0.941026	-0.310388	0.311245	-0.257221	0.914857
33430	8.402813	-0.741865	5.171827	0.185437	-0.873302	-0.055788	-0.938105	-0.221483	0.266280	0.134714	-0.941605	-0.308598	0.319080	-0.253626	0.913160
33431	7.395358	-0.995087	5.314815	0.274327	-0.993791	0.030118	-0.934845	-0.224240	0.275283	0.135841	-0.942222	-0.306209	0.328043	-0.248864	0.911293
33432	5.689342	-1.806210	5.050526	0.541999	-1.147165	0.133512	-0.930877	-0.228295	0.285219	0.138887	-0.943235	-0.301693	0.337903	-0.241226	0.909742
33433	4.357479	-1.755223	5.143517	1.030167	-1.371121	0.255823	-0.925800	-0.233906	0.296955	0.144758	-0.945059	-0.293102	0.349198	-0.228368	0.908795
33434	2.323078	-1.833532	5.425641	1.534931	-1.467698	0.472092	-0.919920	-0.241577	0.308849	0.154550	-0.947293	-0.280625	0.360363	-0.210420	0.908769
33435	-1.491857	1.649611	6.924327	2.313050	-1.664086	0.433570	-0.913126	-0.248953	0.322836	0.166950	-0.950795	-0.260992	0.371925	-0.184421	0.909759
33436	-2.150506	3.953894	6.609982	1.780112	-1.890801	0.337091	-0.905421	-0.255426	0.339074	0.176747	-0.953029	-0.245960	0.385972	-0.162767	0.908038
33437	-1.545456	1.751173	6.024494	0.933132	-2.196818	0.229555	-0.896326	-0.261006	0.358435	0.182457	-0.953888	-0.238341	0.404115	-0.148233	0.902617
33438	8.234752	-5.336973	12.107712	1.281055	-2.349468	-0.096573	-0.886842	-0.263329	0.379697	0.186878	-0.955922	-0.226471	0.422597	-0.129887	0.896962
33439	23.118904	-2.649034	29.231239	5.347073	-2.320640	-2.671957	-0.881889	-0.239940	0.405833	0.186082	-0.968067	-0.167986	0.433180	-0.072627	0.898376
33440	32.265407	27.608008	15.303253	4.995187	0.723027	-3.395821	-0.891180	-0.206502	0.403925	0.177193	-0.978110	-0.109105	0.417613	-0.025659	0.908263
33441	-15.843298	7.092667	14.340322	-7.184040	1.711137	0.728718	-0.897090	-0.212512	0.387387	0.153773	-0.972093	-0.177170	0.414227	-0.099368	0.904733
33442	11.970399	-22.365695	4.810092	-1.815568	-0.456403	3.046849	-0.890242	-0.242437	0.385608	0.173401	-0.963223	-0.205266	0.421190	-0.115871	0.899540
33443	-4.555089	0.476957	10.244527	4.397706	-1.347669	-0.593727	-0.885602	-0.237928	0.398872	0.186699	-0.968744	-0.163336	0.425267	-0.070182	0.902343
33444	10.181854	4.190490	13.113065	2.032151	-1.400538	-1.434637	-0.882279	-0.224776	0.413592	0.182719	-0.973266	-0.139166	0.433816	-0.047212	0.899763
33445	5.378954	3.462754	8.093207	-0.553969	0.310744	-0.055984	-0.883722	-0.224047	0.410899	0.179780	-0.973118	-0.143948	0.432104	-0.053338	0.900245
33446	4.885454	-1.035271	11.316195	-1.185544	0.100412	0.342902	-0.883584	-0.227271	0.409423	0.177654	-0.971655	-0.155969	0.433265	-0.065076	0.898914
33447	3.802208	-2.377362	8.870114	-0.044665	-0.065824	0.189068	-0.882957	-0.229123	0.409743	0.179084	-0.971198	-0.157172	0.433954	-0.065397	0.898559
33448	4.034093	-1.583817	9.307473	0.128467	-0.155068	0.046274	-0.882240	-0.229622	0.411006	0.180024	-0.971188	-0.156157	0.435021	-0.063777	0.898159
33449	4.261342	-1.808476	9.617564	-0.068792	-0.165937	0.062307	-0.881401	-0.230305	0.412423	0.180228	-0.971005	-0.157059	0.436636	-0.064102	0.897352
33450	4.264056	-1.802238	9.325119	-0.044983	-0.123513	0.040415	-0.880828	-0.230727	0.413409	0.180361	-0.970896	-0.157580	0.437735	-0.064238	0.896806
33451	4.487995	-1.749062	9.518938	-0.040995	-0.117812	0.023697	-0.880265	-0.231005	0.414453	0.180344	-0.970819	-0.158072	0.438874	-0.064402	0.896238
33452	4.451982	-1.617256	9.447240	-0.032790	-0.072475	0.020127	-0.879950	-0.231197	0.415014	0.180350	-0.970764	-0.158402	0.439503	-0.064538	0.895920
33453	4.450849	-1.637385	9.387206	-0.021473	-0.042849	0.011351	-0.879736	-0.231307	0.415405	0.180309	-0.970728	-0.158668	0.439946	-0.064685	0.895692
33454	4.312369	-1.553447	9.366271	0.027906	-0.021262	0.003863	-0.879675	-0.231309	0.415534	0.180439	-0.970750	-0.158387	0.440015	-0.064350	0.895682
33455	4.236195	-1.479810	9.437473	0.033527	-0.006556	-0.005814	-0.879652	-0.231228	0.415626	0.180489	-0.970789	-0.158089	0.440040	-0.064047	0.895691
33456	4.129515	-1.423675	9.402759	0.036079	-0.003903	-0.005797	-0.879684	-0.231125	0.415616	0.180570	-0.970838	-0.157695	0.439943	-0.063674	0.895766
33457	4.140308	-1.289043	9.467416	0.032835	-0.013579	-0.006680	-0.879632	-0.231041	0.415773	0.180610	-0.970879	-0.157400	0.440030	-0.063361	0.895745
33458	4.044069	-1.290195	9.489472	0.016470	-0.023350	-0.002404	-0.879573	-0.230983	0.415931	0.180634	-0.970907	-0.157195	0.440140	-0.063133	0.895707
33459	4.255864	-1.223179	9.508371	0.019605	-0.038892	0.002965	-0.879392	-0.231008	0.416299	0.180700	-0.970917	-0.157058	0.440474	-0.062891	0.895560
33460	4.183901	-1.316759	9.375779	-0.014693	-0.033978	0.013194	-0.879257	-0.231108	0.416528	0.180724	-0.970890	-0.157197	0.440733	-0.062940	0.895429
33461	4.102351	-1.428146	9.332569	-0.014700	-0.033985	0.013194	-0.879079	-0.231229	0.416837	0.180730	-0.970855	-0.157410	0.441086	-0.063041	0.895248
33462	4.107210	-1.455500	9.306371	-0.032824	-0.044708	0.015705	-0.878892	-0.231360	0.417158	0.180696	-0.970811	-0.157721	0.441472	-0.063241	0.895044
33463	4.143521	-1.442489	9.263863	-0.042565	-0.040381	0.021772	-0.878670	-0.231569	0.417510	0.180653	-0.970737	-0.158220	0.441931	-0.063599	0.894792
33464	4.027856	-1.501885	9.186532	-0.056793	-0.034483	0.023391	-0.878514	-0.231768	0.417727	0.180580	-0.970660	-0.158777	0.442271	-0.064055	0.894591
33465	3.988700	-1.494020	9.288615	-0.078091	-0.060197	0.032867	-0.878184	-0.232098	0.418238	0.180477	-0.970537	-0.159640	0.442968	-0.064711	0.894199
33466	3.941911	-1.406887	9.283564	-0.079951	-0.072393	0.030761	-0.877846	-0.232394	0.418782	0.180366	-0.970427	-0.160436	0.443682	-0.065304	0.893802
33467	4.087709	-1.427785	9.297471	-0.100789	-0.094277	0.043482	-0.877345	-0.232850	0.419580	0.180254	-0.970264	-0.161545	0.444719	-0.066100	0.893228
33468	4.031483	-1.449434	9.323411	-0.103941	-0.111875	0.037401	-0.876818	-0.233237	0.420464	0.180092	-0.970120	-0.162582	0.445821	-0.066833	0.892624
33469	3.996617	-1.561385	9.340692	-0.130968	-0.130109	0.044152	-0.876153	-0.233725	0.421578	0.179848	-0.969933	-0.163964	0.447225	-0.067837	0.891845
33470	3.959407	-1.552009	9.332542	-0.117342	-0.150861	0.039098	-0.875446	-0.234158	0.422805	0.179639	-0.969775	-0.165127	0.448691	-0.068608	0.891050
33471	4.094853	-1.535673	9.374293	-0.117672	-0.178848	0.030478	-0.874583	-0.234549	0.424372	0.179330	-0.969626	-0.166330	0.450495	-0.069367	0.890080
33472	4.224187	-1.512258	9.382131	-0.136868	-0.188588	0.027137	-0.873723	-0.234894	0.425950	0.178923	-0.969480	-0.167616	0.452322	-0.070237	0.889085
33473	4.335334	-1.636434	9.266554	-0.138737	-0.181142	0.020507	-0.872860	-0.235193	0.427550	0.178427	-0.969338	-0.168962	0.454179	-0.071194	0.888061
33474	4.316092	-1.569424	9.321953	-0.123755	-0.179559	0.009506	-0.872066	-0.235364	0.429074	0.177921	-0.969240	-0.170054	0.455901	-0.071957	0.887117
33475	4.414660	-1.610821	9.247463	-0.127533	-0.165300	0.011535	-0.871286	-0.235568	0.430545	0.177392	-0.969124	-0.171260	0.457595	-0.072841	0.886172
33476	4.462776	-1.653690	9.222051	-0.112808	-0.150771	0.010894	-0.870615	-0.235734	0.431810	0.176944	-0.969029	-0.172259	0.459043	-0.073565	0.885363
33477	4.415757	-1.560135	9.328686	-0.079398	-0.146464	0.002278	-0.869932	-0.235837	0.433127	0.176552	-0.968969	-0.172997	0.460485	-0.074026	0.884575
33478	4.498496	-1.703126	9.213921	-0.089302	-0.134204	0.005976	-0.869342	-0.235944	0.434251	0.176167	-0.968902	-0.173765	0.461746	-0.074561	0.883873
33479	4.428117	-1.681862	9.272305	-0.077136	-0.124942	-0.002605	-0.868764	-0.235985	0.435385	0.175740	-0.968854	-0.174461	0.462994	-0.075051	0.883178
33480	4.362499	-1.570264	9.315935	-0.082424	-0.124897	-0.002461	-0.868229	-0.236005	0.436441	0.175311	-0.968811	-0.175131	0.464160	-0.075541	0.882524
33481	4.389925	-1.568662	9.252174	-0.089470	-0.125644	-0.006626	-0.867651	-0.236009	0.437586	0.174791	-0.968763	-0.175917	0.465435	-0.076149	0.881800
33482	4.105603	-1.444629	9.468316	-0.114864	-0.134598	-0.005428	-0.867073	-0.236009	0.438731	0.174183	-0.968701	-0.176859	0.466739	-0.076930	0.881043
33483	4.110607	-1.353414	9.525970	-0.169985	-0.207783	-0.005734	-0.866105	-0.236087	0.440595	0.173291	-0.968586	-0.178356	0.468862	-0.078124	0.879810
33484	4.132365	-1.631963	9.501787	-0.219879	-0.228705	-0.012572	-0.865092	-0.236095	0.442577	0.172123	-0.968456	-0.180185	0.471158	-0.079699	0.878441
33485	3.976774	-1.560175	9.653708	-0.310513	-0.289832	-0.022916	-0.863756	-0.236080	0.445187	0.170410	-0.968263	-0.182833	0.474222	-0.082059	0.876573
33486	3.511180	-1.409259	9.932587	-0.287463	-0.389065	0.000712	-0.861943	-0.236360	0.448540	0.169023	-0.968036	-0.185305	0.478001	-0.083909	0.874342
33487	4.165346	-1.538568	9.676674	-0.413169	-0.510247	-0.004117	-0.859493	-0.236728	0.453026	0.166955	-0.967696	-0.188917	0.483114	-0.086738	0.871251
33488	3.809306	-1.530037	9.927649	-0.453790	-0.607267	-0.003526	-0.856590	-0.237178	0.458259	0.164695	-0.967318	-0.192797	0.489009	-0.089675	0.867657
33489	3.838390	-1.426622	9.892292	-0.554205	-0.750374	0.013122	-0.852865	-0.237964	0.464752	0.162029	-0.966783	-0.197678	0.496355	-0.093289	0.863093
33490	3.674436	-1.424520	10.075878	-0.674637	-0.914988	0.023457	-0.848291	-0.239012	0.472520	0.158828	-0.966098	-0.203541	0.505149	-0.097612	0.857494
33491	3.602088	-1.551304	9.935716	-0.825929	-1.117714	0.046651	-0.842505	-0.240557	0.481994	0.154957	-0.965160	-0.210840	0.515920	-0.102945	0.850428
33492	3.251604	-1.532250	9.953546	-0.991688	-1.356660	0.038812	-0.835409	-0.242317	0.493330	0.150083	-0.964030	-0.219367	0.528742	-0.109221	0.841726
33493	2.976573	-1.908075	9.795556	-1.164409	-1.617621	0.034377	-0.826674	-0.244448	0.506808	0.144074	-0.962634	-0.229300	0.543923	-0.116538	0.831004
33494	2.668594	-2.135582	9.781055	-1.098852	-1.915504	-0.055696	-0.816224	-0.246146	0.522676	0.137528	-0.961473	-0.238023	0.561128	-0.122397	0.818630
33495	3.061907	-2.126428	9.623694	-0.904650	-2.160583	-0.215340	-0.804178	-0.246731	0.540761	0.130572	-0.960883	-0.244242	0.579870	-0.125805	0.804937
33496	3.207536	-1.733150	10.011869	-0.757850	-2.383691	-0.351486	-0.790627	-0.246313	0.560570	0.123285	-0.960807	-0.248295	0.599758	-0.127199	0.790007
33497	3.316550	-2.029778	10.055752	-0.774337	-2.621804	-0.430132	-0.775123	-0.245503	0.582162	0.115139	-0.960878	-0.251907	0.621231	-0.128229	0.773065
33498	3.043034	-2.842736	9.851431	-0.746875	-3.000595	-0.541589	-0.756798	-0.244084	0.606366	0.106250	-0.961263	-0.254333	0.644955	-0.128052	0.753416
33499	2.694478	-3.868488	9.584672	-0.548383	-3.420939	-0.682778	-0.734970	-0.241820	0.633516	0.097497	-0.962229	-0.254183	0.671054	-0.125052	0.730786
33500	2.590546	-5.044209	9.623934	-0.157640	-3.999128	-0.934275	-0.708514	-0.237600	0.664495	0.089662	-0.964293	-0.249196	0.699977	-0.116979	0.704519
33501	3.390628	-5.107086	9.354668	0.401426	-4.563009	-1.196998	-0.676882	-0.231016	0.698901	0.084189	-0.967541	-0.238277	0.731262	-0.102445	0.674360
33502	4.286728	-4.764567	9.364115	0.850696	-5.114853	-1.397354	-0.639892	-0.222144	0.735657	0.081337	-0.971508	-0.222614	0.764148	-0.082612	0.639729
33503	4.480143	-3.549677	9.284760	1.445086	-5.676037	-1.596567	-0.596837	-0.210508	0.774256	0.082700	-0.975970	-0.201601	0.798089	-0.056292	0.599904
33504	7.285380	-2.680870	10.685318	1.770150	-6.368485	-1.688426	-0.546447	-0.196556	0.814101	0.087468	-0.980147	-0.177935	0.832913	-0.026024	0.552791
33505	12.249120	-2.741353	12.303007	1.492975	-6.639590	-1.627417	-0.491464	-0.181368	0.851803	0.091654	-0.983415	-0.156510	0.866062	0.001152	0.499936
33506	19.965290	-4.860898	15.258450	0.789544	-6.367130	-1.367312	-0.436794	-0.167171	0.883892	0.092237	-0.985725	-0.140851	0.894820	0.020004	0.445978
33507	19.900834	-6.755287	14.441910	0.463754	-5.374367	-1.291081	-0.389271	-0.152970	0.908333	0.091051	-0.987675	-0.127311	0.916612	0.033146	0.398402
33508	13.861072	-6.362773	12.060861	0.960661	-4.953475	-1.340976	-0.344850	-0.137607	0.928516	0.094992	-0.989234	-0.111326	0.933839	0.049811	0.354209
33509	9.904350	-5.330068	11.372874	1.345171	-4.927657	-1.414320	-0.299847	-0.120635	0.946329	0.103043	-0.990264	-0.093587	0.948406	0.069451	0.309358
33510	8.150271	-3.433761	12.234195	1.634577	-4.872425	-1.339464	-0.255000	-0.103420	0.961395	0.114896	-0.990460	-0.076072	0.960091	0.091062	0.264450
33511	6.561186	-3.187035	12.341349	1.374996	-4.700198	-1.152602	-0.211013	-0.087265	0.973580	0.125428	-0.990190	-0.061569	0.969403	0.109123	0.219888
33512	4.423594	-4.520693	11.751853	1.074583	-4.547800	-1.022234	-0.168316	-0.071833	0.983112	0.133911	-0.989762	-0.049393	0.976595	0.123336	0.176212
33513	0.764993	-5.280125	10.144189	1.218269	-4.183627	-1.142453	-0.128928	-0.055028	0.990126	0.144092	-0.988902	-0.036197	0.981129	0.138002	0.135426
33514	-4.411536	-4.486027	8.243409	0.841758	-3.451938	-0.911560	-0.096628	-0.041078	0.994472	0.151294	-0.988144	-0.026116	0.983755	0.147934	0.101698
33515	10.753682	-5.518409	15.604174	1.870492	-3.229817	-1.526831	-0.067280	-0.020882	0.997516	0.168397	-0.985676	-0.009276	0.983421	0.167354	0.069833
33516	21.148633	0.851528	32.638844	2.298802	0.508970	-0.568581	-0.073604	-0.016218	0.997156	0.190504	-0.981685	-0.001905	0.978923	0.189822	0.075345
33517	10.114565	-5.189199	22.195250	-2.097459	3.408026	0.562279	-0.105951	-0.027820	0.993982	0.170420	-0.985327	-0.009412	0.979659	0.168397	0.109138
33518	-3.591891	-9.713423	10.917547	-1.605875	4.228218	1.158043	-0.145826	-0.046041	0.988238	0.156118	-0.987471	-0.022968	0.976915	0.150933	0.151186
33519	-6.172339	-10.464020	8.288038	0.310245	3.811955	0.740860	-0.181752	-0.059095	0.981567	0.160305	-0.986620	-0.029716	0.970190	0.151949	0.188794
33520	-3.101832	-4.523056	9.032931	0.874253	3.778521	0.503229	-0.217828	-0.069995	0.973474	0.169709	-0.984947	-0.032845	0.961119	0.158053	0.226428
33521	-1.235005	-3.922703	8.265971	0.281404	3.989842	0.527968	-0.255060	-0.081462	0.963488	0.173599	-0.984112	-0.037249	0.951214	0.157760	0.265150
33522	0.850458	-3.043007	8.444693	0.256682	4.036557	0.517828	-0.292748	-0.092999	0.951656	0.177402	-0.983262	-0.041516	0.939589	0.156672	0.304347
33523	2.353311	-1.872583	8.591704	-0.109613	4.281212	0.539149	-0.331725	-0.104861	0.937530	0.178012	-0.982908	-0.046951	0.926429	0.151317	0.344721
33524	2.126130	-1.714241	8.045957	-0.634449	4.567116	0.612674	-0.373055	-0.117638	0.920321	0.174302	-0.983154	-0.055016	0.911290	0.139890	0.387275
33525	2.178903	-2.060909	7.534497	-0.937714	4.607145	0.619593	-0.413591	-0.129801	0.901163	0.168218	-0.983639	-0.064476	0.894788	0.124925	0.428659
33526	3.186231	-2.757182	7.865209	-1.175381	4.531011	0.579672	-0.453216	-0.140866	0.880200	0.160287	-0.984218	-0.074981	0.876871	0.107102	0.468643
33527	4.924252	-3.406777	8.592546	-1.250447	4.420032	0.539176	-0.490707	-0.150462	0.858235	0.151931	-0.984664	-0.085758	0.857976	0.088310	0.506041
33528	6.768953	-4.267049	9.218035	-1.297080	4.388827	0.544687	-0.527532	-0.159374	0.834452	0.143688	-0.984832	-0.097258	0.837296	0.068595	0.542431
33529	7.445553	-5.106206	9.189811	-1.110698	4.447468	0.587990	-0.563431	-0.167779	0.808947	0.137668	-0.984538	-0.108312	0.814612	0.050340	0.577817
33530	7.627311	-5.331260	8.914377	-0.861683	4.490481	0.619496	-0.599010	-0.175876	0.781188	0.134348	-0.983826	-0.118480	0.789390	0.033981	0.612950
33531	7.188974	-4.643488	8.682813	-0.554509	4.453964	0.613371	-0.632746	-0.183091	0.752403	0.133770	-0.982882	-0.126681	0.762718	0.020492	0.646407
33532	7.348778	-4.077032	8.744554	-0.470773	4.366063	0.585439	-0.665030	-0.189558	0.722359	0.134043	-0.981841	-0.134244	0.734688	0.007551	0.678363
33533	7.758801	-3.825056	9.157874	-0.466462	4.281327	0.580650	-0.695088	-0.195275	0.691896	0.134579	-0.980734	-0.141594	0.706216	-0.005306	0.707977
33534	7.969936	-4.245238	9.478116	-0.569912	4.253959	0.633835	-0.723990	-0.201054	0.659861	0.135144	-0.979386	-0.150132	0.676443	-0.019518	0.736236
33535	8.122898	-4.696887	9.843177	-0.588882	4.238160	0.755411	-0.750980	-0.207284	0.626947	0.136770	-0.977691	-0.159421	0.646005	-0.033975	0.762576
33536	8.154571	-4.904955	10.131621	-0.625658	4.222055	0.931079	-0.776608	-0.214706	0.592268	0.139956	-0.975438	-0.170095	0.614242	-0.049205	0.787582
33537	8.394410	-4.689900	10.632122	-0.614601	4.161909	1.133484	-0.799886	-0.223357	0.557040	0.145164	-0.972610	-0.181539	0.582331	-0.064348	0.810401
33538	8.844290	-3.959615	10.806178	-0.645148	4.116429	1.322581	-0.821488	-0.233296	0.520318	0.152265	-0.969090	-0.194114	0.549521	-0.080237	0.831618
33539	9.241790	-3.158215	10.947353	-0.692535	4.064133	1.442445	-0.840897	-0.243625	0.483259	0.160514	-0.965040	-0.207201	0.516843	-0.096665	0.850605
33540	10.025187	-2.313933	11.076317	-0.693994	3.967865	1.421841	-0.858637	-0.253206	0.445678	0.169166	-0.960739	-0.219918	0.483864	-0.113436	0.867760
33541	11.010247	-1.467222	11.407025	-0.762521	3.900347	1.294231	-0.874635	-0.260824	0.408637	0.176771	-0.956483	-0.232147	0.451404	-0.130809	0.882680
33542	11.985840	-1.020011	11.433266	-0.907654	3.886258	1.074311	-0.889795	-0.265661	0.371066	0.182353	-0.952337	-0.244545	0.418346	-0.149930	0.895828
33543	12.508361	-0.845434	11.300213	-1.039936	3.855367	0.798129	-0.903826	-0.267052	0.334339	0.185285	-0.948547	-0.256764	0.385705	-0.170122	0.906802
33544	13.303191	-0.518294	10.553059	-1.025835	3.763015	0.400452	-0.917127	-0.264088	0.298556	0.185201	-0.945590	-0.267508	0.352957	-0.190046	0.916135
