// General information: 
//  MT Manager version: 2022.2.0 
//  XDA version: 2022.2.0 build 7381 rev 124627 built on 2023-07-19
// Device information: 
//  DeviceId: 00B4CAF0
//  ProductCode: MTW2-3A7G6
//  Firmware Version: 4.6.0
//  Hardware Version: 2.0.0
// Device settings: 
//  Filter Profile: human(46.1)
//  Option Flags: Orientation Smoother Disabled, Position/Velocity Smoother Disabled, Continuous Zero Rotation Update Disabled, AHS Disabled, ICC Disabled
// Coordinate system: ENU
PacketCounter	Acc_X	Acc_Y	Acc_Z	Gyr_X	Gyr_Y	Gyr_Z	Mat[1][1]	Mat[2][1]	Mat[3][1]	Mat[1][2]	Mat[2][2]	Mat[3][2]	Mat[1][3]	Mat[2][3]	Mat[3][3]
26395	5.014754	-0.816905	8.918703	0.015123	0.000499	0.000686	-0.267414	-0.806821	0.526811	0.932800	-0.353842	-0.068418	0.241609	0.473113	0.847224
26396	4.976111	-0.825006	8.963548	0.013532	0.000439	-0.000343	-0.267441	-0.806801	0.526827	0.932813	-0.353825	-0.068321	0.241526	0.473160	0.847222
26397	5.013331	-0.805367	8.972618	0.012855	-0.006134	-0.001086	-0.267504	-0.806852	0.526717	0.932827	-0.353807	-0.068223	0.241402	0.473086	0.847298
26398	5.030919	-0.788281	8.937018	0.015445	-0.007497	-0.000491	-0.267514	-0.806795	0.526800	0.932845	-0.353782	-0.068109	0.241322	0.473203	0.847256
26399	5.015177	-0.757049	8.942362	0.013444	-0.004646	0.000372	-0.267567	-0.806858	0.526677	0.932864	-0.353749	-0.068015	0.241189	0.473119	0.847340
26400	5.031809	-0.785860	8.936730	0.012444	-0.003220	0.000803	-0.267575	-0.806825	0.526723	0.932878	-0.353728	-0.067932	0.241126	0.473191	0.847318
26401	5.041624	-0.783322	8.959172	0.015795	0.007076	0.001422	-0.267646	-0.806948	0.526499	0.932906	-0.353676	-0.067824	0.240940	0.473021	0.847466
26402	5.015003	-0.753431	8.942765	0.013527	0.000442	-0.000347	-0.267674	-0.806928	0.526515	0.932919	-0.353659	-0.067726	0.240857	0.473067	0.847464
26403	5.056415	-0.755829	8.978126	0.016201	0.004165	-0.000470	-0.267756	-0.807030	0.526316	0.932943	-0.353620	-0.067605	0.240675	0.472921	0.847597
26404	5.057567	-0.763428	8.924727	0.017038	0.006740	-0.000317	-0.267798	-0.807041	0.526279	0.932965	-0.353586	-0.067478	0.240542	0.472929	0.847630
26405	5.039797	-0.777798	8.960681	0.014038	0.011017	0.000976	-0.267883	-0.807180	0.526021	0.932987	-0.353546	-0.067382	0.240362	0.472721	0.847798
26406	5.050418	-0.784468	8.929788	0.012791	0.011356	0.002711	-0.267908	-0.807223	0.525943	0.933007	-0.353508	-0.067307	0.240257	0.472676	0.847853
26407	5.000581	-0.793990	8.953058	0.014121	0.016105	0.000253	-0.268011	-0.807385	0.525643	0.933027	-0.353473	-0.067207	0.240063	0.472426	0.848047
26408	5.014717	-0.768083	8.972223	0.010952	0.010209	0.002987	-0.268031	-0.807423	0.525574	0.933043	-0.353442	-0.067149	0.239978	0.472385	0.848094
26409	5.015230	-0.776186	8.919165	0.015460	0.015083	0.002584	-0.268110	-0.807588	0.525280	0.933073	-0.353382	-0.067051	0.239774	0.472148	0.848284
26410	4.990619	-0.759524	8.983093	0.010444	0.013810	0.000805	-0.268159	-0.807635	0.525182	0.933082	-0.353370	-0.066986	0.239684	0.472075	0.848349
26411	5.011006	-0.765063	8.974554	0.010443	0.013811	0.000804	-0.268252	-0.807788	0.524900	0.933095	-0.353349	-0.066921	0.239531	0.471830	0.848529
26412	5.011545	-0.773465	8.921472	0.008359	0.011576	0.002387	-0.268280	-0.807830	0.524820	0.933103	-0.353334	-0.066881	0.239466	0.471768	0.848582
26413	5.008819	-0.763569	8.975902	0.009605	0.011237	0.000651	-0.268368	-0.807970	0.524560	0.933114	-0.353318	-0.066823	0.239327	0.471541	0.848747
26414	5.009617	-0.771904	8.922691	0.010357	0.008726	0.001526	-0.268398	-0.807996	0.524505	0.933124	-0.353301	-0.066762	0.239252	0.471509	0.848786
26415	5.030355	-0.777511	8.913973	0.009604	0.011238	0.000650	-0.268485	-0.808136	0.524245	0.933135	-0.353285	-0.066704	0.239114	0.471282	0.848951
26416	4.990766	-0.785737	8.959261	0.013438	0.009537	-0.000487	-0.268536	-0.808158	0.524184	0.933147	-0.353269	-0.066607	0.239007	0.471254	0.848996
26417	5.012350	-0.745689	8.920546	0.007272	0.007917	0.003538	-0.268588	-0.808293	0.523950	0.933160	-0.353241	-0.066584	0.238900	0.471046	0.849142
26418	5.004509	-0.759293	8.978669	0.011942	0.008792	0.002553	-0.268609	-0.808323	0.523893	0.933177	-0.353208	-0.066515	0.238809	0.471019	0.849183
26419	5.025346	-0.764842	8.969907	0.010353	0.008729	0.001524	-0.268681	-0.808453	0.523654	0.933192	-0.353181	-0.066456	0.238671	0.470814	0.849335
26420	5.014488	-0.765382	8.948236	0.009600	0.011241	0.000646	-0.268725	-0.808488	0.523578	0.933198	-0.353175	-0.066397	0.238596	0.470759	0.849387
26421	4.991249	-0.803621	8.988028	0.012940	0.007368	0.002122	-0.268789	-0.808615	0.523349	0.933220	-0.353132	-0.066319	0.238437	0.470575	0.849534
26422	5.012860	-0.763403	8.949317	0.012186	0.009880	0.001244	-0.268825	-0.808645	0.523284	0.933235	-0.353108	-0.066241	0.238341	0.470540	0.849580
26423	4.996620	-0.787224	8.931541	0.012433	0.010967	-0.000063	-0.268917	-0.808781	0.523027	0.933249	-0.353085	-0.066156	0.238179	0.470324	0.849745
26424	4.995924	-0.786032	8.932036	0.014937	0.004518	0.001264	-0.268939	-0.808786	0.523007	0.933270	-0.353048	-0.066055	0.238071	0.470342	0.849765
26425	4.993481	-0.775647	8.986295	0.014111	0.010352	0.005033	-0.268983	-0.808937	0.522752	0.933303	-0.352976	-0.065983	0.237895	0.470137	0.849928
26426	4.993441	-0.729092	8.956837	0.009761	0.007242	0.000064	-0.269023	-0.808951	0.522710	0.933308	-0.352973	-0.065920	0.237829	0.470115	0.849958
26427	5.019015	-0.756739	8.974139	0.011347	0.007307	0.001091	-0.269095	-0.809073	0.522483	0.933324	-0.352946	-0.065851	0.237686	0.469925	0.850103
26428	5.008389	-0.757276	8.952340	0.010099	0.007649	0.002825	-0.269110	-0.809099	0.522435	0.933337	-0.352919	-0.065799	0.237616	0.469901	0.850136
26429	5.039340	-0.761562	8.965757	0.009512	0.006158	0.001369	-0.269178	-0.809217	0.522218	0.933349	-0.352898	-0.065748	0.237494	0.469714	0.850274
26430	4.991723	-0.780693	8.934852	0.007759	0.010097	0.000917	-0.269216	-0.809247	0.522151	0.933352	-0.352898	-0.065706	0.237439	0.469661	0.850318
26431	5.006304	-0.754972	8.953701	0.010758	0.005818	-0.000366	-0.269299	-0.809357	0.521938	0.933362	-0.352885	-0.065635	0.237307	0.469481	0.850455
26432	4.989404	-0.724134	8.959488	0.010097	0.007651	0.002824	-0.269314	-0.809383	0.521890	0.933375	-0.352859	-0.065583	0.237236	0.469457	0.850488
26433	4.978005	-0.770316	8.967695	0.009757	0.007245	0.000061	-0.269395	-0.809501	0.521665	0.933384	-0.352848	-0.065524	0.237110	0.469262	0.850631
26434	5.004511	-0.752399	8.954920	0.011848	0.003713	0.003276	-0.269397	-0.809510	0.521650	0.933403	-0.352810	-0.065459	0.237033	0.469275	0.850644
26435	5.004117	-0.751503	8.955215	0.010509	0.004734	0.000940	-0.269464	-0.809619	0.521446	0.933415	-0.352787	-0.065398	0.236907	0.469103	0.850775
26436	4.982152	-0.744173	8.964708	0.009674	0.002157	0.000792	-0.269485	-0.809612	0.521446	0.933422	-0.352780	-0.065339	0.236855	0.469122	0.850779
26437	4.992950	-0.796802	8.963386	0.009088	0.000665	-0.000664	-0.269558	-0.809697	0.521277	0.933427	-0.352777	-0.065282	0.236753	0.468977	0.850887
26438	5.019886	-0.779028	8.950359	0.007840	0.001007	0.001071	-0.269574	-0.809685	0.521288	0.933431	-0.352776	-0.065240	0.236721	0.468999	0.850884
26439	4.998116	-0.772006	8.959717	0.006592	0.001348	0.002805	-0.269615	-0.809785	0.521111	0.933439	-0.352757	-0.065222	0.236641	0.468840	0.850993
26440	5.007982	-0.769931	8.982066	0.010425	-0.000354	0.001671	-0.269622	-0.809769	0.521132	0.933450	-0.352738	-0.065162	0.236589	0.468882	0.850985
26441	5.015144	-0.755056	8.924468	0.007591	-0.000078	0.002377	-0.269664	-0.809861	0.520968	0.933460	-0.352718	-0.065133	0.236504	0.468738	0.851088
26442	4.986353	-0.762130	8.991408	0.007253	-0.000485	-0.000385	-0.269690	-0.809837	0.520992	0.933458	-0.352731	-0.065089	0.236482	0.468770	0.851077
26443	5.025129	-0.752302	8.946806	0.008838	-0.000419	0.000643	-0.269747	-0.809921	0.520831	0.933466	-0.352720	-0.065042	0.236386	0.468633	0.851178
26444	5.003374	-0.745131	8.956163	0.008424	0.002500	0.002524	-0.269752	-0.809921	0.520828	0.933475	-0.352704	-0.065003	0.236345	0.468645	0.851183
26445	4.987861	-0.769332	8.937994	0.009672	0.002159	0.000789	-0.269814	-0.810018	0.520646	0.933485	-0.352687	-0.064949	0.236235	0.468491	0.851299
26446	5.019398	-0.773629	8.951101	0.008590	-0.001503	0.001950	-0.269816	-0.809997	0.520677	0.933492	-0.352675	-0.064906	0.236203	0.468535	0.851283
26447	4.987853	-0.767826	8.938128	0.009085	0.000667	-0.000666	-0.269887	-0.810081	0.520509	0.933497	-0.352673	-0.064850	0.236103	0.468391	0.851390
26448	4.985806	-0.757786	8.992079	0.006086	0.004947	0.000614	-0.269916	-0.810086	0.520486	0.933495	-0.352683	-0.064821	0.236077	0.468375	0.851406
26449	5.002637	-0.741730	8.956856	0.007928	0.000332	0.005138	-0.269932	-0.810189	0.520317	0.933513	-0.352639	-0.064805	0.235989	0.468229	0.851511
26450	5.018931	-0.771048	8.951586	0.008498	-0.000826	-0.002120	-0.269974	-0.810158	0.520345	0.933509	-0.352661	-0.064741	0.235956	0.468268	0.851499
26451	4.997314	-0.763803	8.960867	0.009174	-0.000009	0.003404	-0.270005	-0.810253	0.520180	0.933525	-0.352625	-0.064707	0.235857	0.468130	0.851602
26452	4.997368	-0.763186	8.960889	0.007003	-0.001568	0.000922	-0.270016	-0.810228	0.520212	0.933526	-0.352629	-0.064671	0.235840	0.468169	0.851585
26453	4.980389	-0.778261	8.996281	0.005755	-0.001226	0.002656	-0.270052	-0.810315	0.520059	0.933532	-0.352615	-0.064662	0.235777	0.468029	0.851679
26454	5.002281	-0.784154	8.986964	0.009001	-0.004421	0.000069	-0.270064	-0.810274	0.520116	0.933535	-0.352617	-0.064605	0.235750	0.468099	0.851649
26455	5.003492	-0.737862	8.956698	0.007416	-0.004488	-0.000958	-0.270125	-0.810333	0.519993	0.933535	-0.352625	-0.064563	0.235680	0.467991	0.851727
26456	4.988425	-0.761880	8.938318	0.013252	-0.000624	0.000961	-0.270138	-0.810313	0.520017	0.933551	-0.352599	-0.064475	0.235602	0.468045	0.851719
26457	5.050671	-0.716071	8.988032	0.006911	-0.000892	-0.003149	-0.270228	-0.810381	0.519865	0.933543	-0.352627	-0.064426	0.235528	0.467906	0.851816
26458	5.020117	-0.765247	8.951418	0.009173	-0.000006	0.003402	-0.270220	-0.810373	0.519882	0.933556	-0.352601	-0.064385	0.235487	0.467941	0.851808
26459	5.010191	-0.766001	8.929220	0.008834	-0.000416	0.000640	-0.270275	-0.810456	0.519724	0.933564	-0.352589	-0.064340	0.235394	0.467806	0.851908
26460	5.008136	-0.755818	8.983178	0.009502	0.006167	0.001355	-0.270300	-0.810469	0.519690	0.933572	-0.352578	-0.064286	0.235333	0.467791	0.851933
26461	5.007754	-0.755010	8.983459	0.009667	0.002163	0.000784	-0.270360	-0.810565	0.519510	0.933581	-0.352562	-0.064235	0.235226	0.467638	0.852047
26462	5.024507	-0.738720	8.948287	0.009253	0.005084	0.002663	-0.270371	-0.810577	0.519484	0.933592	-0.352541	-0.064189	0.235170	0.467631	0.852066
26463	5.023981	-0.737936	8.948647	0.011085	0.006236	0.002381	-0.270425	-0.810697	0.519269	0.933610	-0.352505	-0.064135	0.235039	0.467450	0.852201
26464	5.013299	-0.738788	8.926865	0.004918	0.010381	0.001604	-0.270458	-0.810731	0.519199	0.933608	-0.352513	-0.064121	0.235009	0.467386	0.852245
26465	5.012260	-0.738252	8.927493	0.008582	0.012684	0.001040	-0.270540	-0.810876	0.518929	0.933615	-0.352500	-0.064081	0.234884	0.467144	0.852412
26466	4.999554	-0.729453	8.959586	0.011917	0.008816	0.002525	-0.270561	-0.810906	0.518872	0.933632	-0.352467	-0.064012	0.234793	0.467117	0.852452
26467	4.993132	-0.752120	8.964186	0.009166	0.014181	0.002491	-0.270632	-0.811063	0.518589	0.933645	-0.352440	-0.063975	0.234659	0.466865	0.852627
26468	4.965650	-0.722908	8.947962	0.009165	0.014181	0.002491	-0.270666	-0.811118	0.518486	0.933656	-0.352421	-0.063929	0.234579	0.466784	0.852693
26469	5.016997	-0.779207	8.982606	0.008746	0.008682	0.000469	-0.270743	-0.811242	0.518252	0.933662	-0.352411	-0.063885	0.234464	0.466576	0.852839
26470	4.958663	-0.745026	8.952919	0.007417	0.003936	0.002944	-0.270748	-0.811250	0.518236	0.933669	-0.352397	-0.063857	0.234428	0.466572	0.852850
26471	4.996020	-0.780887	8.938837	0.008745	0.008682	0.000468	-0.270825	-0.811374	0.518002	0.933676	-0.352388	-0.063813	0.234314	0.466364	0.852996
26472	4.992672	-0.715763	9.016470	0.008415	0.002509	0.002519	-0.270831	-0.811374	0.517999	0.933685	-0.352372	-0.063774	0.234273	0.466375	0.853001
26473	5.010650	-0.754780	8.957609	0.004751	0.000205	0.003082	-0.270864	-0.811467	0.517836	0.933689	-0.352360	-0.063778	0.234218	0.466222	0.853099
26474	5.017073	-0.785877	8.930104	0.005414	-0.001633	-0.000104	-0.270884	-0.811439	0.517869	0.933683	-0.352380	-0.063751	0.234217	0.466257	0.853081
26475	5.006096	-0.731889	8.931475	0.005495	0.003456	-0.000846	-0.270961	-0.811533	0.517681	0.933678	-0.352397	-0.063729	0.234147	0.466080	0.853197
26476	4.978803	-0.748371	8.944821	0.005247	0.002373	0.000463	-0.270986	-0.811526	0.517680	0.933674	-0.352412	-0.063706	0.234136	0.466081	0.853199
26477	4.983987	-0.724343	8.941012	0.006494	0.002030	-0.001270	-0.271063	-0.811612	0.517505	0.933670	-0.352428	-0.063673	0.234061	0.465920	0.853308
26478	4.993145	-0.767796	8.993454	0.004581	-0.004212	-0.000246	-0.271079	-0.811571	0.517561	0.933662	-0.352453	-0.063653	0.234074	0.465972	0.853275
26479	4.972575	-0.715404	8.972364	0.005750	-0.001221	0.002657	-0.271111	-0.811655	0.517411	0.933668	-0.352440	-0.063647	0.234016	0.465835	0.853367
26480	5.010792	-0.751835	8.957777	-0.003249	-0.005227	-0.001312	-0.271135	-0.811606	0.517476	0.933639	-0.352510	-0.063688	0.234105	0.465868	0.853324
26481	4.979824	-0.746836	8.944381	0.001917	-0.007943	-0.000107	-0.271177	-0.811649	0.517387	0.933627	-0.352537	-0.063701	0.234100	0.465772	0.853378
26482	4.961812	-0.752946	9.033007	-0.005747	-0.012964	-0.001739	-0.271187	-0.811562	0.517518	0.933591	-0.352622	-0.063760	0.234234	0.465859	0.853294
26483	4.976123	-0.816302	8.977096	-0.004080	-0.021989	-0.000538	-0.271200	-0.811538	0.517548	0.933565	-0.352681	-0.063823	0.234324	0.465856	0.853270
26484	4.991848	-0.782196	9.047844	-0.006085	-0.027556	-0.003586	-0.271192	-0.811377	0.517805	0.933523	-0.352782	-0.063875	0.234500	0.466060	0.853111
26485	4.973094	-0.776542	9.055395	-0.016082	-0.035891	-0.002319	-0.271189	-0.811282	0.517956	0.933463	-0.352912	-0.064031	0.234740	0.466128	0.853007
26486	4.906474	-0.782369	9.084868	-0.029591	-0.044769	-0.005870	-0.271163	-0.811032	0.518361	0.933360	-0.353141	-0.064273	0.235182	0.466389	0.852743
26487	4.896447	-0.810073	9.063484	-0.037949	-0.070533	-0.007318	-0.271124	-0.810757	0.518810	0.933235	-0.353413	-0.064590	0.235721	0.466660	0.852446
26488	4.769872	-0.802284	9.252322	-0.076351	-0.089817	-0.020308	-0.271125	-0.810246	0.519608	0.932981	-0.353978	-0.065154	0.236721	0.467120	0.851917
26489	4.462876	-0.995606	9.213468	-0.091834	-0.144942	-0.029660	-0.271117	-0.809544	0.520705	0.932667	-0.354683	-0.065814	0.237964	0.467801	0.851196
26490	4.118294	-0.478395	10.031729	-0.120003	-0.318883	-0.014597	-0.270515	-0.807977	0.523446	0.932323	-0.355408	-0.066777	0.239991	0.469956	0.849438
26491	4.428290	-0.764199	9.505281	-0.129109	-0.385951	-0.017940	-0.269811	-0.806178	0.526573	0.931948	-0.356196	-0.067810	0.242230	0.472442	0.847421
26492	4.399851	-0.763285	9.623927	-0.166373	-0.529704	-0.018660	-0.268717	-0.803578	0.531086	0.931474	-0.357179	-0.069138	0.245251	0.476114	0.844492
26493	4.204556	-0.960306	9.833999	-0.150896	-0.661652	-0.028660	-0.267412	-0.800397	0.536522	0.931009	-0.358165	-0.070288	0.248422	0.480710	0.840954
26494	4.198717	-1.260526	9.937646	-0.111100	-0.824922	-0.054634	-0.265881	-0.796189	0.543498	0.930567	-0.359183	-0.070943	0.251700	0.486899	0.836407
26495	4.303036	-1.647193	10.050583	-0.036301	-0.987412	-0.105071	-0.264421	-0.791058	0.551642	0.930181	-0.360229	-0.070703	0.254648	0.494431	0.831079
26496	4.430277	-1.946149	10.288520	0.121377	-1.162352	-0.202125	-0.263353	-0.784504	0.561425	0.929939	-0.361260	-0.068591	0.256631	0.504028	0.824680
26497	4.515190	-1.934559	10.043024	0.333927	-1.316508	-0.336585	-0.263164	-0.776675	0.572294	0.929894	-0.362221	-0.063977	0.256986	0.515336	0.817549
26498	4.417547	-1.941889	9.927301	0.369481	-1.507444	-0.471896	-0.263696	-0.767074	0.584861	0.929583	-0.363981	-0.058257	0.257566	0.528314	0.809039
26499	4.675690	-1.660146	9.907792	0.423905	-1.705432	-0.584090	-0.264790	-0.755916	0.598730	0.929115	-0.366197	-0.051431	0.258131	0.542670	0.799298
26500	5.538370	-1.951962	9.894644	0.475068	-1.850863	-0.696917	-0.266504	-0.743143	0.613771	0.928472	-0.368851	-0.043449	0.258679	0.558290	0.788288
26501	6.033436	-1.896260	9.623253	0.533277	-1.910257	-0.829655	-0.269324	-0.729370	0.628876	0.927611	-0.371983	-0.034165	0.258850	0.574150	0.776755
26502	7.080411	-2.001391	9.758640	0.569465	-1.938309	-0.934417	-0.272992	-0.714568	0.644102	0.926532	-0.375460	-0.023841	0.258870	0.590273	0.764568
26503	8.375895	-2.890310	10.713643	0.496319	-1.856900	-0.986606	-0.277377	-0.699870	0.658213	0.925083	-0.379519	-0.013700	0.259392	0.605101	0.752707
26504	6.598391	-2.901983	9.820043	0.632654	-1.678713	-1.068895	-0.282936	-0.685493	0.670855	0.923706	-0.383097	-0.001880	0.258291	0.619141	0.741586
26505	5.696847	-2.530304	10.162346	0.697266	-1.575439	-1.113875	-0.289221	-0.671483	0.682248	0.922292	-0.386346	0.010732	0.256377	0.632335	0.731042
26506	4.438277	-2.737610	11.099610	0.565986	-1.367125	-1.052657	-0.295447	-0.658650	0.692019	0.920642	-0.389783	0.022067	0.255203	0.643622	0.721542
26507	2.557475	-4.248244	11.455423	0.383603	-1.066634	-0.853309	-0.300632	-0.648548	0.699290	0.919054	-0.392936	0.030688	0.254873	0.651910	0.714180
26508	0.683530	-6.175817	11.428958	0.331562	-0.770504	-0.460534	-0.302925	-0.641664	0.704631	0.918488	-0.393782	0.036271	0.254197	0.658182	0.708647
26509	0.118611	-7.974549	10.880433	0.401875	-0.609804	0.192727	-0.299660	-0.638558	0.708835	0.920062	-0.389959	0.037660	0.252368	0.663458	0.704368
26510	5.021914	-6.113367	13.221598	0.366959	-0.389020	0.920434	-0.290220	-0.639495	0.711912	0.923679	-0.381682	0.033693	0.250177	0.667357	0.701460
26511	3.015753	-4.866714	13.522717	0.030795	0.467628	1.478177	-0.277743	-0.648371	0.708854	0.927930	-0.372026	0.023299	0.248605	0.664238	0.704971
26512	0.150755	-4.153108	11.926521	-0.150784	1.019242	1.735300	-0.264153	-0.661447	0.701934	0.932240	-0.361704	0.009981	0.247290	0.657007	0.712172
26513	-0.923778	-2.965871	10.837653	-0.164256	1.258296	1.711808	-0.251301	-0.675970	0.692757	0.936224	-0.351390	-0.003255	0.245628	0.647758	0.721163
26514	-0.024267	-1.444069	10.766982	-0.215449	1.413391	1.563332	-0.240124	-0.690449	0.682364	0.939520	-0.342140	-0.015577	0.244220	0.637354	0.730847
26515	1.291563	-0.770667	11.133581	-0.332701	1.658434	1.396307	-0.231075	-0.705859	0.669603	0.941976	-0.334544	-0.027590	0.243487	0.624375	0.742207
26516	2.113507	-0.634841	11.190323	-0.418484	1.974986	1.241828	-0.224193	-0.722131	0.654419	0.943768	-0.328305	-0.038956	0.242980	0.608887	0.755128
26517	2.462555	-0.553747	10.791916	-0.455934	2.272648	1.102848	-0.219338	-0.739576	0.636332	0.945087	-0.323024	-0.049671	0.242285	0.590494	0.769815
26518	2.768979	-0.405185	10.264740	-0.482528	2.491958	0.990186	-0.216026	-0.757195	0.616432	0.946058	-0.318460	-0.059638	0.241467	0.570298	0.785146
26519	3.063344	-0.453393	9.795625	-0.514724	2.631171	0.904193	-0.213863	-0.774989	0.594689	0.946741	-0.314447	-0.069315	0.240716	0.548192	0.800963
26520	3.759977	-0.710899	9.458062	-0.538220	2.724138	0.834770	-0.212530	-0.792200	0.572059	0.947210	-0.310841	-0.078554	0.240049	0.525165	0.816443
26521	4.522057	-1.181550	9.258251	-0.546966	2.800846	0.801073	-0.211706	-0.809247	0.547996	0.947580	-0.307259	-0.087665	0.239319	0.500711	0.831874
26522	5.344916	-1.732169	9.107600	-0.527190	2.846978	0.826694	-0.210694	-0.825653	0.523360	0.948050	-0.303120	-0.096537	0.238347	0.475832	0.846626
26523	6.121548	-2.191524	8.944424	-0.489005	2.865576	0.916729	-0.208861	-0.841861	0.497643	0.948793	-0.297759	-0.105509	0.237002	0.450123	0.860941
26524	6.596590	-2.539638	8.715526	-0.445858	2.822459	1.063452	-0.205455	-0.857320	0.472006	0.949926	-0.290718	-0.114555	0.235431	0.424835	0.874121
26525	7.157515	-2.707325	8.430651	-0.403419	2.703017	1.231001	-0.200142	-0.872155	0.446418	0.951458	-0.281747	-0.123877	0.233817	0.399955	0.886209
26526	7.636398	-2.709793	8.132287	-0.366937	2.541696	1.389774	-0.192854	-0.885850	0.421993	0.953318	-0.270998	-0.133207	0.232360	0.376604	0.896760
26527	8.038442	-2.691071	7.888477	-0.336969	2.346357	1.529561	-0.183738	-0.898617	0.398407	0.955400	-0.258586	-0.142634	0.231196	0.354431	0.906050
26528	8.114931	-2.500834	7.662308	-0.307224	2.119905	1.625384	-0.173108	-0.909998	0.376747	0.957576	-0.244987	-0.151756	0.230396	0.334494	0.913801
26529	8.197285	-2.100358	7.363668	-0.283042	1.859913	1.688065	-0.161247	-0.920183	0.356738	0.959729	-0.230459	-0.160653	0.230044	0.316467	0.920287
26530	8.337178	-1.520501	7.081211	-0.278769	1.601379	1.690895	-0.148712	-0.928887	0.339195	0.961693	-0.215727	-0.169138	0.230283	0.301049	0.925386
26531	8.414271	-0.837007	6.795431	-0.284919	1.354813	1.605645	-0.136422	-0.936325	0.323550	0.963308	-0.201586	-0.177202	0.231142	0.287504	0.929470
26532	8.351795	0.126520	6.427841	-0.343533	1.133803	1.427304	-0.125321	-0.942298	0.310435	0.964365	-0.189188	-0.184954	0.233012	0.276194	0.932428
26533	8.069750	0.826306	5.972517	-0.427438	0.917383	1.171515	-0.116210	-0.947030	0.299380	0.964761	-0.179274	-0.192606	0.236074	0.266448	0.934492
26534	7.831740	1.309193	5.589401	-0.515844	0.719584	0.853775	-0.109713	-0.950411	0.291001	0.964484	-0.172568	-0.199979	0.240280	0.258725	0.935589
26535	7.649421	1.782382	5.311143	-0.603698	0.555297	0.481788	-0.106455	-0.952727	0.284567	0.963523	-0.169517	-0.207091	0.245540	0.252141	0.936021
26536	5.484821	1.710697	5.617854	-0.709778	0.449067	0.079627	-0.106830	-0.953972	0.280222	0.961829	-0.170568	-0.213989	0.251936	0.246665	0.935780
26537	6.081293	-0.507927	1.472934	-0.208749	-0.769412	-0.419113	-0.108949	-0.951390	0.288074	0.960835	-0.175074	-0.214814	0.254806	0.253388	0.933203
26538	5.984306	-0.496305	3.521411	0.286862	-0.874047	-0.779687	-0.114244	-0.947735	0.297903	0.960680	-0.181778	-0.209885	0.253067	0.262212	0.931237
26539	9.471020	1.369071	3.729281	0.576696	-1.166382	-0.869174	-0.119706	-0.943063	0.310327	0.961097	-0.188447	-0.201943	0.248925	0.274080	0.928933
26540	8.284430	0.226127	2.387409	1.035009	-1.445836	-0.777772	-0.123672	-0.937493	0.325288	0.962671	-0.192883	-0.189898	0.240771	0.289660	0.926351
26541	7.985120	1.513834	0.785080	1.575152	-1.960888	-0.549782	-0.124414	-0.930605	0.344232	0.965668	-0.193299	-0.173553	0.228048	0.310822	0.922704
26542	0.676103	7.042875	9.025393	1.791495	-2.151882	-0.278230	-0.122380	-0.923118	0.364521	0.969267	-0.190141	-0.156105	0.213413	0.334214	0.918017
26543	5.564896	4.983604	13.975839	0.993230	-2.554535	-0.407450	-0.121007	-0.913548	0.388314	0.970849	-0.190456	-0.145529	0.206905	0.359384	0.909963
26544	5.848479	2.661025	13.349040	0.890135	-2.370095	-0.882020	-0.124763	-0.903039	0.411040	0.971569	-0.195208	-0.133965	0.201215	0.382640	0.901720
26545	5.842965	-2.699379	11.261281	0.649881	-2.394667	-0.917720	-0.128953	-0.891858	0.433544	0.971695	-0.200908	-0.124274	0.197937	0.405247	0.892522
26546	19.869790	-5.569010	16.546305	1.716306	-2.736777	-1.102603	-0.134464	-0.878142	0.459113	0.973517	-0.203517	-0.104144	0.184890	0.432951	0.882252
26547	17.038609	0.523961	11.991949	0.560881	-0.703647	-0.434336	-0.137458	-0.874252	0.465605	0.973942	-0.204906	-0.097215	0.180396	0.440110	0.879637
26548	3.115480	3.680999	10.093626	0.663832	-0.635089	-0.318627	-0.139460	-0.870767	0.471504	0.974668	-0.204787	-0.089913	0.174851	0.447020	0.877269
26549	6.275714	0.182719	11.169142	0.407444	-0.722263	-0.241249	-0.140612	-0.867081	0.477911	0.975029	-0.205082	-0.085207	0.171893	0.453996	0.874266
26550	5.224749	-0.517970	8.785068	0.336729	-0.630160	-0.187875	-0.141395	-0.863799	0.483589	0.975327	-0.205214	-0.081387	0.169541	0.460150	0.871503
26551	10.551338	1.132231	11.273641	0.383400	-0.608766	-0.123102	-0.141627	-0.860790	0.488858	0.975790	-0.204536	-0.077456	0.166663	0.466053	0.868918
26552	3.351194	-0.962359	8.382296	0.041400	0.003264	-0.044918	-0.142097	-0.860698	0.488884	0.975784	-0.204776	-0.076898	0.166297	0.466119	0.868953
26553	6.109344	0.113103	9.946724	0.182007	-0.215327	-0.031635	-0.142104	-0.859686	0.490658	0.976032	-0.204234	-0.075163	0.164826	0.468217	0.868104
26554	5.364087	0.020195	9.399114	0.071130	-0.133839	0.009168	-0.141821	-0.859062	0.491833	0.976151	-0.203868	-0.074611	0.164365	0.469522	0.867487
26555	4.933606	-0.604736	9.209505	0.009448	-0.101821	0.037493	-0.141344	-0.858718	0.492570	0.976212	-0.203538	-0.074711	0.164413	0.470293	0.867060
26556	5.105717	-0.666262	9.109614	0.013990	-0.097501	0.040774	-0.140812	-0.858326	0.493405	0.976282	-0.203168	-0.074812	0.164457	0.471168	0.866576
26557	4.886312	-0.714618	9.103266	-0.004661	-0.072955	0.046363	-0.140295	-0.858134	0.493886	0.976332	-0.202829	-0.075078	0.164601	0.471663	0.866279
26558	4.781244	-1.038788	8.933058	-0.003259	-0.073126	0.040716	-0.139804	-0.857856	0.494509	0.976372	-0.202541	-0.075328	0.164779	0.472293	0.865902
26559	4.769733	-1.070480	8.993615	0.020172	-0.077389	0.033358	-0.139407	-0.857615	0.495037	0.976445	-0.202197	-0.075316	0.164687	0.472877	0.865601
26560	4.780141	-1.316386	8.873301	0.022624	-0.074939	0.017186	-0.139142	-0.857279	0.495693	0.976495	-0.201988	-0.075226	0.164614	0.473575	0.865234
26561	4.811853	-1.220125	8.958947	0.047840	-0.078436	0.002868	-0.139040	-0.856971	0.496254	0.976570	-0.201774	-0.074825	0.164254	0.474223	0.864947
26562	4.831462	-1.082736	8.966581	0.055571	-0.085100	-0.004974	-0.138975	-0.856541	0.497014	0.976643	-0.201599	-0.074341	0.163873	0.475073	0.864552
26563	4.883725	-0.986672	8.962680	0.066477	-0.083503	-0.010100	-0.138992	-0.856182	0.497628	0.976730	-0.201407	-0.073716	0.163340	0.475802	0.864253
26564	4.869337	-0.756746	9.059088	0.075028	-0.087953	-0.013978	-0.139011	-0.855719	0.498418	0.976822	-0.201215	-0.073019	0.162773	0.476715	0.863856
26565	4.848717	-0.775230	9.016673	0.069358	-0.091030	-0.012969	-0.139045	-0.855317	0.499099	0.976909	-0.201033	-0.072356	0.162223	0.477514	0.863519
26566	4.876183	-0.744393	9.028976	0.072879	-0.100773	-0.008279	-0.138989	-0.854802	0.499995	0.977004	-0.200801	-0.071706	0.161694	0.478531	0.863054
26567	4.856676	-0.749026	9.038705	0.078166	-0.109747	-0.010543	-0.138969	-0.854313	0.500836	0.977108	-0.200555	-0.070980	0.161084	0.479506	0.862627
26568	4.880319	-0.808232	9.006205	0.072724	-0.112187	-0.006888	-0.138882	-0.853745	0.501828	0.977204	-0.200311	-0.070339	0.160573	0.480620	0.862103
26569	4.972734	-0.827931	9.019539	0.080009	-0.123527	-0.007265	-0.138810	-0.853194	0.502784	0.977314	-0.200026	-0.069614	0.159964	0.481715	0.861604
26570	5.086431	-0.693249	9.036669	0.064506	-0.121567	-0.000683	-0.138648	-0.852590	0.503852	0.977406	-0.199767	-0.069075	0.159546	0.482890	0.861024
26571	5.022932	-0.790555	9.047208	0.048419	-0.102283	0.011814	-0.138424	-0.852177	0.504611	0.977491	-0.199471	-0.068719	0.159216	0.483741	0.860607
26572	5.055465	-0.851547	9.037118	0.045212	-0.095284	0.011969	-0.138182	-0.851724	0.505443	0.977569	-0.199196	-0.068411	0.158949	0.484652	0.860144
26573	4.981929	-0.821502	9.014589	0.038265	-0.090370	0.012844	-0.137967	-0.851369	0.506099	0.977639	-0.198940	-0.068148	0.158703	0.485380	0.859779
26574	4.988141	-0.798752	8.982461	0.033091	-0.088462	0.012975	-0.137726	-0.850949	0.506871	0.977699	-0.198715	-0.067950	0.158545	0.486208	0.859340
26575	5.035165	-0.782956	8.985783	0.025285	-0.085766	0.009890	-0.137547	-0.850609	0.507489	0.977744	-0.198547	-0.067785	0.158419	0.486871	0.858988
26576	4.994706	-0.817063	8.980318	0.025623	-0.081078	0.012907	-0.137319	-0.850223	0.508197	0.977792	-0.198359	-0.067651	0.158323	0.487621	0.858580
26577	5.013898	-0.833449	9.026571	0.027083	-0.077237	0.007638	-0.137175	-0.849919	0.508744	0.977837	-0.198201	-0.067459	0.158169	0.488215	0.858271
26578	5.039141	-0.836116	8.933340	0.017943	-0.081777	0.012072	-0.136954	-0.849527	0.509457	0.977871	-0.198057	-0.067387	0.158149	0.488955	0.857853
26579	4.985023	-0.804382	8.955680	0.014263	-0.076063	0.006968	-0.136819	-0.849226	0.509995	0.977895	-0.197967	-0.067303	0.158118	0.489513	0.857540
26580	4.923687	-0.829465	8.959336	0.005495	-0.079648	0.010097	-0.136621	-0.848840	0.510691	0.977907	-0.197901	-0.067328	0.158217	0.490210	0.857124
26581	4.994352	-0.879812	8.956834	0.014377	-0.094281	0.002344	-0.136501	-0.848440	0.511388	0.977925	-0.197850	-0.067220	0.158210	0.490923	0.856717
26582	4.967299	-0.795851	8.907559	0.011609	-0.104932	0.000571	-0.136356	-0.847909	0.512306	0.977933	-0.197834	-0.067144	0.158283	0.491845	0.856174
26583	4.967061	-0.783205	8.933000	0.000324	-0.111113	0.002736	-0.136206	-0.847425	0.513146	0.977929	-0.197849	-0.067159	0.158438	0.492673	0.855670
26584	4.998762	-0.779089	8.970978	0.003902	-0.127868	-0.005269	-0.136081	-0.846768	0.514263	0.977917	-0.197921	-0.067118	0.158617	0.493773	0.855002
26585	4.992518	-0.837069	8.923894	-0.002650	-0.129429	-0.003823	-0.135966	-0.846178	0.515263	0.977900	-0.198006	-0.067126	0.158826	0.494749	0.854399
26586	5.025064	-0.847122	8.908172	0.000282	-0.144035	-0.008828	-0.135849	-0.845431	0.516519	0.977877	-0.198125	-0.067098	0.159062	0.495977	0.853643
26587	5.025453	-0.780134	8.928267	-0.003690	-0.153763	-0.012890	-0.135783	-0.844699	0.517731	0.977846	-0.198293	-0.067068	0.159314	0.497155	0.852910
26588	5.060250	-0.790243	8.911145	-0.008541	-0.169399	-0.014734	-0.135683	-0.843811	0.519205	0.977801	-0.198506	-0.067084	0.159671	0.498577	0.852013
26589	5.008907	-0.849792	8.885742	-0.004035	-0.179844	-0.018444	-0.135628	-0.842934	0.520642	0.977761	-0.198722	-0.067028	0.159963	0.499972	0.851140
26590	5.106720	-0.890104	8.840224	-0.004583	-0.195488	-0.024086	-0.135577	-0.841891	0.522340	0.977710	-0.198994	-0.066961	0.160316	0.501619	0.850104
26591	5.017124	-0.928535	8.831810	-0.005532	-0.204650	-0.030267	-0.135596	-0.840860	0.523992	0.977652	-0.199316	-0.066856	0.160656	0.503217	0.849095
26592	4.983696	-0.991398	8.907424	-0.007653	-0.220326	-0.036884	-0.135628	-0.839659	0.525906	0.977579	-0.199711	-0.066746	0.161073	0.505062	0.847920
26593	5.034015	-0.977585	8.880147	0.003196	-0.258292	-0.049418	-0.135746	-0.838312	0.528021	0.977508	-0.200150	-0.066466	0.161403	0.507122	0.846626
26594	5.173095	-0.961878	8.780463	-0.006909	-0.271554	-0.055101	-0.135872	-0.836805	0.530374	0.977411	-0.200693	-0.066252	0.161882	0.509392	0.845171
26595	5.098284	-0.811057	8.967817	0.002797	-0.264245	-0.070349	-0.136182	-0.835374	0.532546	0.977311	-0.201308	-0.065863	0.162226	0.511494	0.843835
26596	5.290644	-0.881567	8.820484	-0.016291	-0.278012	-0.071064	-0.136451	-0.833788	0.534956	0.977177	-0.202031	-0.065639	0.162807	0.513790	0.842326
26597	5.015865	-0.960800	8.883758	-0.031760	-0.293355	-0.076925	-0.136775	-0.832181	0.537370	0.977011	-0.202877	-0.065503	0.163530	0.516057	0.840799
26598	5.234520	-0.697041	8.994158	-0.000989	-0.313582	-0.090527	-0.137172	-0.830358	0.540082	0.976874	-0.203681	-0.065042	0.164013	0.518671	0.839095
26599	5.042752	-0.713579	9.093854	-0.041984	-0.337387	-0.093192	-0.137578	-0.828474	0.542866	0.976668	-0.204713	-0.064899	0.164899	0.521271	0.837308
26600	4.911508	-0.674398	9.185681	-0.048948	-0.400115	-0.093836	-0.137859	-0.826172	0.546292	0.976447	-0.205792	-0.064816	0.165972	0.524490	0.835083
26601	4.706716	-0.474899	9.552426	-0.087693	-0.493538	-0.089696	-0.137962	-0.823451	0.550359	0.976168	-0.207035	-0.065065	0.167521	0.528266	0.832389
26602	4.879679	-0.752705	9.013564	-0.150917	-0.612638	-0.090347	-0.137837	-0.819995	0.555526	0.975777	-0.208625	-0.065836	0.169882	0.532995	0.828888
26603	4.921144	-0.699337	9.179550	-0.178027	-0.695131	-0.094506	-0.137620	-0.816138	0.561231	0.975333	-0.210393	-0.066790	0.172589	0.538195	0.824960
26604	5.049611	-0.742441	9.110919	-0.211399	-0.794798	-0.094369	-0.137182	-0.811619	0.567852	0.974823	-0.212352	-0.068013	0.175786	0.544225	0.820316
26605	5.054062	-0.826653	9.113634	-0.232234	-0.847530	-0.100389	-0.136707	-0.806833	0.574745	0.974264	-0.214477	-0.069349	0.179222	0.550473	0.815389
26606	4.965136	-0.968009	9.260470	-0.236927	-0.943535	-0.112194	-0.136118	-0.801345	0.582510	0.973670	-0.216739	-0.070641	0.182860	0.557557	0.809748
26607	4.846050	-1.002519	9.448612	-0.252036	-1.045783	-0.136271	-0.135564	-0.795247	0.590935	0.973010	-0.219283	-0.071884	0.186748	0.565241	0.803510
26608	4.567388	-1.031197	9.911614	-0.253919	-1.201361	-0.170755	-0.134982	-0.788007	0.600686	0.972287	-0.222129	-0.072913	0.190886	0.574198	0.796153
26609	4.189191	-1.409844	10.398217	-0.231087	-1.420441	-0.243698	-0.134663	-0.779307	0.612002	0.971503	-0.225418	-0.073276	0.195061	0.584694	0.787454
26610	3.740915	-1.713068	10.633788	-0.152071	-1.733250	-0.373583	-0.134902	-0.768191	0.625847	0.970687	-0.229256	-0.072166	0.198917	0.597766	0.776600
26611	3.703986	-1.786154	10.732401	0.017231	-2.074385	-0.555553	-0.136193	-0.754428	0.642099	0.969958	-0.233423	-0.068524	0.201577	0.613476	0.763553
26612	3.675129	-1.527723	11.006142	0.180317	-2.509708	-0.776333	-0.138665	-0.736939	0.661583	0.969243	-0.238137	-0.062113	0.203321	0.632622	0.747295
26613	3.512283	-1.126786	11.223537	0.298844	-2.961786	-0.992992	-0.142300	-0.715582	0.683881	0.968446	-0.243470	-0.053243	0.204604	0.654725	0.727648
26614	3.518492	-1.058346	10.709851	0.368808	-3.442887	-1.223637	-0.147101	-0.689567	0.709125	0.967420	-0.249655	-0.042088	0.206060	0.679831	0.703825
26615	3.610297	-0.668801	10.744633	0.564797	-4.069029	-1.377931	-0.152087	-0.657956	0.737539	0.966511	-0.255068	-0.028242	0.206705	0.708544	0.674714
26616	4.833219	-1.946208	11.731600	0.795431	-4.691370	-1.472146	-0.156649	-0.620151	0.768683	0.965867	-0.258763	-0.011929	0.206304	0.740577	0.639519
26617	7.070438	-2.339223	12.445063	1.025322	-5.401189	-1.601486	-0.161070	-0.575182	0.802012	0.965417	-0.260619	0.006978	0.205006	0.775399	0.597268
26618	13.510355	-2.784350	15.392905	0.950840	-5.843022	-1.568037	-0.164240	-0.524728	0.835276	0.964803	-0.261755	0.025272	0.205377	0.810028	0.549250
26619	16.324688	-2.878408	15.466833	0.725283	-5.880845	-1.453606	-0.166160	-0.472514	0.865518	0.963884	-0.263081	0.041420	0.208130	0.841142	0.499162
26620	16.200131	-1.987700	14.784882	0.642289	-5.820581	-1.398292	-0.167439	-0.419024	0.892403	0.962886	-0.263872	0.056763	0.211695	0.868787	0.447655
26621	14.131390	-2.325110	15.024906	0.328902	-5.600319	-1.357497	-0.168524	-0.366313	0.915104	0.961293	-0.266382	0.070398	0.217979	0.891547	0.397026
26622	9.514162	-2.153435	13.911329	0.061908	-5.238201	-1.467776	-0.171005	-0.315157	0.933506	0.958924	-0.270875	0.084212	0.226323	0.909562	0.348533
26623	3.460185	-2.620501	11.202325	-0.123105	-4.961703	-1.690371	-0.175768	-0.265268	0.948018	0.955687	-0.276994	0.099683	0.236153	0.923530	0.302200
26624	-1.757532	-1.756603	9.166914	-0.101351	-4.696464	-2.209309	-0.185547	-0.215408	0.958734	0.951435	-0.283293	0.120484	0.245649	0.934529	0.257511
26625	2.964721	1.756472	7.637632	-0.366392	-4.791722	-3.029748	-0.202249	-0.161964	0.965848	0.944611	-0.292549	0.148744	0.258467	0.942434	0.212160
26626	28.656765	0.800510	16.806708	-0.476426	-2.857496	-2.789558	-0.220988	-0.126681	0.967014	0.937433	-0.301116	0.174781	0.269042	0.945135	0.185298
26627	13.551929	-5.658392	15.537126	-1.026381	0.705127	-1.934041	-0.241028	-0.127676	0.962083	0.930134	-0.313374	0.191436	0.277050	0.941008	0.194288
26628	5.583131	-7.867161	11.889581	-0.620849	2.340620	-1.346866	-0.260029	-0.145341	0.954600	0.925020	-0.321082	0.203086	0.276988	0.935832	0.217934
26629	-5.308380	-9.700387	4.488937	0.133565	2.703007	-0.985199	-0.276543	-0.167742	0.946249	0.922713	-0.321517	0.212670	0.268561	0.931928	0.243691
26630	-8.438606	-7.585799	2.088539	0.894076	1.884673	-0.569202	-0.286755	-0.183463	0.940273	0.923431	-0.314230	0.220307	0.255044	0.931451	0.259523
26631	-5.658079	-4.894731	3.300195	1.123909	1.138417	0.006007	-0.289549	-0.194428	0.937208	0.926213	-0.303896	0.223107	0.241435	0.932655	0.268074
26632	-0.790155	-2.783243	6.359410	0.896589	0.908205	0.708997	-0.285134	-0.204994	0.936310	0.930348	-0.294158	0.218916	0.230547	0.933514	0.274590
26633	1.693945	-3.366240	8.258313	0.448520	1.271222	1.454307	-0.274469	-0.221429	0.935754	0.935411	-0.287029	0.206448	0.222875	0.931978	0.285907
26634	2.020130	-4.883735	8.452431	0.350543	1.839078	1.957245	-0.260149	-0.244054	0.934216	0.941393	-0.279258	0.189194	0.214714	0.928683	0.302399
26635	1.685162	-4.536044	8.112044	0.561860	2.372199	2.197284	-0.244364	-0.272421	0.930630	0.948091	-0.268528	0.170343	0.203495	0.923948	0.323899
26636	1.720920	-2.633688	7.942331	0.750348	2.769908	2.249210	-0.228434	-0.303797	0.924946	0.954869	-0.255183	0.152010	0.189851	0.917927	0.348378
26637	2.465808	-0.831614	8.136585	0.747230	3.086634	2.183129	-0.213176	-0.337818	0.916752	0.961039	-0.241491	0.134487	0.175955	0.909704	0.376136
26638	3.630910	0.030056	8.668488	0.566752	3.395727	2.048576	-0.199224	-0.373326	0.906056	0.966212	-0.229128	0.118043	0.163534	0.898959	0.406360
26639	4.851722	-0.072763	9.116985	0.378229	3.730375	1.891497	-0.186823	-0.411236	0.892178	0.970446	-0.218463	0.102515	0.152750	0.884963	0.439896
26640	6.142730	-0.401494	9.410063	0.238415	4.079769	1.731264	-0.176051	-0.450674	0.875157	0.973928	-0.208960	0.088313	0.143073	0.867887	0.475712
26641	7.135999	-0.609152	9.717865	0.150903	4.407824	1.604051	-0.166535	-0.492158	0.854428	0.976870	-0.200223	0.075069	0.134130	0.847167	0.514118
26642	8.077728	-0.685775	9.719917	0.085245	4.656447	1.496698	-0.157972	-0.533973	0.830613	0.979400	-0.191881	0.062915	0.125783	0.823441	0.553284
26643	8.756115	-0.743676	9.821702	0.013817	4.823819	1.407396	-0.150083	-0.576080	0.803497	0.981570	-0.184066	0.051376	0.118300	0.796399	0.593088
26644	9.521249	-0.877458	10.119838	-0.051649	4.893997	1.310065	-0.142865	-0.616689	0.774134	0.983421	-0.176706	0.040722	0.111681	0.767118	0.631710
26645	10.440572	-1.186104	10.460811	-0.124762	4.932512	1.212166	-0.136333	-0.656208	0.742162	0.984964	-0.170027	0.030600	0.106108	0.735174	0.669522
26646	11.157282	-1.606591	10.700907	-0.212994	4.955908	1.136056	-0.130310	-0.693691	0.708387	0.986249	-0.163938	0.020887	0.101642	0.701369	0.705515
26647	11.490628	-2.232655	10.645204	-0.293227	4.947820	1.118419	-0.124248	-0.729635	0.672455	0.987367	-0.158072	0.010921	0.098327	0.665317	0.740058
26648	11.580047	-2.908531	10.442196	-0.359478	4.856167	1.186412	-0.117274	-0.762876	0.635820	0.988443	-0.151592	0.000429	0.096057	0.628522	0.771838
26649	11.658758	-3.494139	10.211150	-0.388250	4.688142	1.309132	-0.108825	-0.793690	0.598509	0.989540	-0.143849	-0.010834	0.094694	0.591070	0.801043
26650	11.927853	-3.845726	10.147297	-0.407446	4.471334	1.475770	-0.098461	-0.821340	0.561876	0.990678	-0.134312	-0.022732	0.094137	0.554401	0.826909
26651	11.924924	-3.748334	10.061678	-0.422943	4.235349	1.629930	-0.086325	-0.846399	0.525506	0.991773	-0.123055	-0.035277	0.094524	0.518137	0.850058
26652	11.913115	-3.139923	10.126002	-0.501087	4.010654	1.731037	-0.073003	-0.868492	0.490298	0.992667	-0.110765	-0.048401	0.096344	0.483169	0.870210
26653	11.804540	-2.314527	10.258458	-0.647921	3.811993	1.756182	-0.059341	-0.888295	0.455423	0.993179	-0.098411	-0.062539	0.100372	0.448606	0.888076
26654	11.494338	-1.252420	10.204615	-0.839255	3.610863	1.685514	-0.046368	-0.905448	0.421917	0.993194	-0.086964	-0.077476	0.106842	0.415453	0.903318
26655	11.156531	-0.107060	9.912634	-1.060162	3.408972	1.507032	-0.035234	-0.920466	0.389232	0.992613	-0.077478	-0.093368	0.116098	0.383066	0.916396
26656	11.027947	1.175990	9.441810	-1.282111	3.200689	1.197714	-0.027284	-0.933118	0.358533	0.991417	-0.071135	-0.109692	0.127860	0.352463	0.927050
26657	11.115720	2.985337	8.805955	-1.503091	3.002971	0.781370	-0.023632	-0.943939	0.329274	0.989570	-0.068902	-0.126502	0.142098	0.322850	0.935722
26658	10.975900	5.097091	7.774149	-1.740634	2.809723	0.241780	-0.025495	-0.952781	0.302586	0.987005	-0.072029	-0.143641	0.158653	0.294992	0.942236
26659	11.462482	5.563403	7.214727	-2.041982	2.609203	-0.457660	-0.034438	-0.959877	0.278297	0.983412	-0.082166	-0.161707	0.178086	0.268112	0.946785
26660	12.445469	4.628748	6.701350	-2.180986	2.451222	-1.190326	-0.050759	-0.965049	0.257107	0.978789	-0.099233	-0.179234	0.198483	0.242555	0.949616
26661	12.116032	3.735148	5.097170	-2.222567	2.312153	-1.677744	-0.072001	-0.968600	0.237972	0.973103	-0.120565	-0.196304	0.218831	0.217437	0.951228
