// General information: 
//  MT Manager version: 2022.2.0 
//  XDA version: 2022.2.0 build 7381 rev 124627 built on 2023-07-19
// Device information: 
//  DeviceId: 00B4CAF0
//  ProductCode: MTW2-3A7G6
//  Firmware Version: 4.6.0
//  Hardware Version: 2.0.0
// Device settings: 
//  Filter Profile: human(46.1)
//  Option Flags: Orientation Smoother Disabled, Position/Velocity Smoother Disabled, Continuous Zero Rotation Update Disabled, AHS Disabled, ICC Disabled
// Coordinate system: ENU
PacketCounter	Acc_X	Acc_Y	Acc_Z	Gyr_X	Gyr_Y	Gyr_Z	Mat[1][1]	Mat[2][1]	Mat[3][1]	Mat[1][2]	Mat[2][2]	Mat[3][2]	Mat[1][3]	Mat[2][3]	Mat[3][3]
53565	5.025619	0.270890	8.921124	0.002302	0.011208	-0.000639	0.203115	-0.824417	0.528281	0.964733	0.260757	0.036005	-0.167435	0.502337	0.848306
53566	5.103076	0.337009	8.907964	-0.002523	0.010588	0.006044	0.203159	-0.824452	0.528209	0.964738	0.260748	0.035930	-0.167352	0.502284	0.848354
53567	5.063637	0.211381	8.993445	0.000574	-0.000138	0.010316	0.203258	-0.824516	0.528072	0.964733	0.260779	0.035841	-0.167261	0.502164	0.848443
53568	5.099139	0.232232	8.949834	-0.002057	-0.007925	0.009429	0.203304	-0.824448	0.528160	0.964731	0.260800	0.035752	-0.167220	0.502263	0.848392
53569	5.143559	0.168923	8.940281	0.004363	-0.003902	0.012445	0.203416	-0.824487	0.528055	0.964715	0.260867	0.035684	-0.167173	0.502164	0.848460
53570	5.091369	0.228655	8.926648	0.005113	-0.010966	0.009731	0.203460	-0.824404	0.528169	0.964700	0.260927	0.035655	-0.167208	0.502270	0.848391
53571	5.129962	0.199654	8.914856	0.004274	-0.009315	0.008515	0.203526	-0.824426	0.528109	0.964692	0.260962	0.035606	-0.167171	0.502216	0.848430
53572	5.102133	0.231548	8.948145	0.006214	-0.008489	0.011544	0.203591	-0.824350	0.528202	0.964672	0.261042	0.035576	-0.167210	0.502298	0.848373
53573	5.112964	0.214148	8.919436	0.006124	-0.013903	0.007615	0.203641	-0.824351	0.528181	0.964663	0.261078	0.035548	-0.167200	0.502278	0.848387
53574	5.151817	0.185469	8.907471	0.008746	-0.012596	0.007000	0.203655	-0.824267	0.528307	0.964647	0.261134	0.035564	-0.167273	0.502387	0.848308
53575	5.149875	0.149223	8.886465	0.013739	-0.007629	0.006676	0.203706	-0.824302	0.528233	0.964628	0.261200	0.035604	-0.167323	0.502296	0.848352
53576	5.197542	0.211369	8.885556	0.010370	-0.007511	0.000309	0.203665	-0.824260	0.528314	0.964623	0.261209	0.035669	-0.167401	0.502359	0.848300
53577	5.157237	0.204084	8.876236	0.007853	0.003079	0.006351	0.203731	-0.824349	0.528150	0.964614	0.261243	0.035661	-0.167372	0.502195	0.848402
53578	5.134657	0.202802	8.912082	0.010303	0.000033	-0.000623	0.203693	-0.824348	0.528166	0.964611	0.261244	0.035730	-0.167434	0.502197	0.848389
53579	5.100358	0.161898	8.904888	0.011733	-0.000909	0.002715	0.203717	-0.824426	0.528035	0.964603	0.261267	0.035773	-0.167451	0.502056	0.848469
53580	5.100494	0.162934	8.904792	0.013254	-0.002079	0.000289	0.203685	-0.824412	0.528069	0.964594	0.261290	0.035863	-0.167545	0.502067	0.848444
53581	5.150242	0.175124	8.936314	0.015364	-0.002542	-0.000016	0.203680	-0.824489	0.527951	0.964585	0.261310	0.035951	-0.167600	0.501931	0.848514
53582	5.116542	0.222157	8.917188	0.018405	-0.004882	-0.004868	0.203593	-0.824475	0.528007	0.964578	0.261316	0.036112	-0.167750	0.501952	0.848472
53583	5.116833	0.223986	8.916975	0.018747	-0.001819	-0.001844	0.203572	-0.824560	0.527882	0.964567	0.261337	0.036238	-0.167835	0.501801	0.848544
53584	5.126413	0.228873	8.939095	0.020336	-0.010531	-0.003334	0.203490	-0.824513	0.527987	0.964553	0.261365	0.036406	-0.168015	0.501863	0.848472
53585	5.049288	0.251799	8.940535	0.020496	-0.012655	0.001529	0.203483	-0.824534	0.527956	0.964533	0.261423	0.036529	-0.168139	0.501798	0.848486
53586	5.072592	0.188941	8.966024	0.022323	-0.030199	-0.002354	0.203378	-0.824386	0.528228	0.964513	0.261469	0.036710	-0.168378	0.502017	0.848309
53587	5.059473	0.155660	9.002090	0.030839	-0.039586	-0.002636	0.203286	-0.824283	0.528424	0.964484	0.261544	0.036942	-0.168657	0.502147	0.848177
53588	5.104966	0.233514	8.946445	0.038007	-0.049089	-0.003823	0.203134	-0.824044	0.528855	0.964441	0.261658	0.037263	-0.169085	0.502481	0.847894
53589	5.116606	0.269777	8.883389	0.038938	-0.051782	-0.000170	0.203045	-0.823873	0.529156	0.964393	0.261794	0.037550	-0.169466	0.502690	0.847693
53590	5.190387	0.248948	8.855913	0.036407	-0.054134	0.002885	0.202949	-0.823591	0.529632	0.964339	0.261954	0.037822	-0.169889	0.503069	0.847384
53591	5.201180	0.305209	8.843404	0.033981	-0.043770	0.003150	0.202905	-0.823451	0.529866	0.964292	0.262093	0.038049	-0.170206	0.503225	0.847227
53592	5.176006	0.252442	8.886960	0.028423	-0.037309	0.012543	0.202930	-0.823228	0.530203	0.964232	0.262293	0.038202	-0.170518	0.503486	0.847009
53593	5.198213	0.239864	8.879273	0.027240	-0.038719	0.008307	0.202944	-0.823099	0.530397	0.964186	0.262440	0.038345	-0.170759	0.503619	0.846882
53594	5.192298	0.238727	8.854906	0.025308	-0.033072	0.006768	0.202921	-0.822912	0.530696	0.964143	0.262577	0.038502	-0.171032	0.503854	0.846687
53595	5.219901	0.192283	8.849802	0.025995	-0.026121	0.004606	0.202921	-0.822857	0.530782	0.964107	0.262687	0.038653	-0.171236	0.503887	0.846627
53596	5.247302	0.232997	8.832873	0.022197	-0.022371	0.002475	0.202875	-0.822735	0.530989	0.964077	0.262773	0.038807	-0.171457	0.504041	0.846490
53597	5.176997	0.221701	8.836354	0.015279	-0.015222	0.002763	0.202875	-0.822739	0.530982	0.964063	0.262814	0.038877	-0.171535	0.504013	0.846491
53598	5.205971	0.211568	8.852482	0.015963	-0.008278	0.000597	0.202835	-0.822693	0.531069	0.964048	0.262854	0.038987	-0.171668	0.504068	0.846431
53599	5.200254	0.246967	8.850010	0.016052	-0.002045	-0.003687	0.202796	-0.822780	0.530949	0.964046	0.262845	0.039098	-0.171726	0.503930	0.846501
53600	5.234433	0.202940	8.868878	0.006922	0.000143	-0.007005	0.202697	-0.822796	0.530962	0.964061	0.262776	0.039172	-0.171755	0.503939	0.846490
53601	5.240885	0.236727	8.808647	0.012685	0.010996	-0.007090	0.202648	-0.822957	0.530731	0.964072	0.262723	0.039271	-0.171754	0.503704	0.846630
53602	5.230056	0.255595	8.837380	0.005418	0.015076	-0.009819	0.202547	-0.823056	0.530616	0.964096	0.262623	0.039348	-0.171738	0.503594	0.846699
53603	5.206535	0.234150	8.823795	0.005853	0.024374	-0.011090	0.202482	-0.823295	0.530270	0.964126	0.262502	0.039411	-0.171643	0.503268	0.846912
53604	5.232107	0.310776	8.829910	0.002744	0.034251	-0.007193	0.202440	-0.823483	0.529994	0.964150	0.262411	0.039451	-0.171563	0.503007	0.847083
53605	5.212658	0.275196	8.869943	-0.008908	0.040553	-0.005979	0.202451	-0.823789	0.529514	0.964195	0.262257	0.039360	-0.171294	0.502586	0.847388
53606	5.212058	0.203767	8.854167	-0.010842	0.046198	-0.007523	0.202426	-0.824038	0.529136	0.964242	0.262095	0.039287	-0.171058	0.502262	0.847627
53607	5.238860	0.208390	8.843486	-0.005156	0.058125	-0.010032	0.202429	-0.824442	0.528506	0.964289	0.261927	0.039250	-0.170789	0.501687	0.848022
53608	5.205630	0.219748	8.829797	-0.008947	0.061885	-0.012166	0.202385	-0.824781	0.527992	0.964342	0.261736	0.039217	-0.170540	0.501229	0.848343
53609	5.130037	0.264492	8.908275	-0.009603	0.068726	-0.015233	0.202355	-0.825250	0.527270	0.964408	0.261503	0.039168	-0.170206	0.500578	0.848794
53610	5.055333	0.288635	8.936004	-0.004886	0.055810	-0.010919	0.202313	-0.825555	0.526809	0.964451	0.261342	0.039163	-0.170008	0.500158	0.849081
53611	5.110028	0.282029	8.942190	-0.008193	0.047557	-0.008135	0.202315	-0.825899	0.526269	0.964500	0.261175	0.039088	-0.169731	0.499678	0.849419
53612	5.093449	0.262333	8.952209	-0.006768	0.040148	-0.006275	0.202291	-0.826113	0.525942	0.964537	0.261043	0.039042	-0.169547	0.499393	0.849624
53613	5.033567	0.218574	8.982808	-0.002219	0.029333	-0.006828	0.202275	-0.826362	0.525558	0.964573	0.260916	0.039011	-0.169364	0.499048	0.849863
53614	5.040788	0.309354	8.994265	0.008061	0.015601	-0.002214	0.202248	-0.826443	0.525441	0.964577	0.260892	0.039070	-0.169372	0.498927	0.849933
53615	4.952259	0.349252	9.024471	0.017663	-0.004268	-0.003633	0.202205	-0.826515	0.525343	0.964573	0.260891	0.039190	-0.169449	0.498807	0.849987
53616	5.007123	0.270006	8.986865	0.011701	-0.021149	0.006476	0.202200	-0.826390	0.525542	0.964553	0.260957	0.039234	-0.169567	0.498980	0.849862
53617	5.126142	0.200424	8.921947	0.019634	-0.031241	0.004097	0.202186	-0.826308	0.525677	0.964529	0.261029	0.039331	-0.169717	0.499079	0.849775
53618	5.106511	0.200525	8.956086	0.024544	-0.031684	-0.000152	0.202099	-0.826147	0.525963	0.964501	0.261104	0.039519	-0.169980	0.499305	0.849589
53619	5.044188	0.243514	8.948407	0.035013	-0.040217	0.002616	0.202056	-0.826024	0.526173	0.964455	0.261241	0.039754	-0.170296	0.499438	0.849448
53620	5.005588	0.309872	8.954241	0.053718	-0.076835	0.017984	0.202066	-0.825590	0.526850	0.964340	0.261612	0.040094	-0.170931	0.499960	0.849012
53621	5.229932	0.225310	8.848355	0.096423	-0.084777	0.025556	0.202167	-0.825183	0.527448	0.964141	0.262245	0.040729	-0.171929	0.500300	0.848611
53622	5.299570	0.134491	8.779533	0.100637	-0.057858	0.020217	0.202231	-0.824838	0.527963	0.963940	0.262870	0.041455	-0.172979	0.500542	0.848255
53623	5.312964	0.145658	8.799242	0.095525	-0.039641	0.003719	0.202198	-0.824713	0.528170	0.963786	0.263318	0.042196	-0.173876	0.500511	0.848089
53624	5.261666	0.234560	8.834510	0.089237	-0.010720	-0.005893	0.202090	-0.824673	0.528275	0.963656	0.263670	0.042963	-0.174720	0.500393	0.847986
53625	5.328512	0.268091	8.776772	0.074537	-0.000474	-0.016255	0.201933	-0.824796	0.528142	0.963577	0.263848	0.043631	-0.175336	0.500095	0.848034
53626	5.362066	0.295970	8.733603	0.061725	0.031097	-0.021655	0.201747	-0.825006	0.527885	0.963526	0.263933	0.044247	-0.175830	0.499704	0.848162
53627	5.305103	0.274785	8.734686	0.051102	0.054681	-0.026391	0.201589	-0.825431	0.527281	0.963508	0.263909	0.044770	-0.176109	0.499014	0.848511
53628	5.210993	0.252934	8.830809	0.036316	0.065166	-0.031007	0.201373	-0.825835	0.526730	0.963520	0.263788	0.045220	-0.176290	0.498409	0.848829
53629	5.169784	0.150298	8.890816	0.043533	0.069463	-0.037424	0.201135	-0.826362	0.525995	0.963538	0.263635	0.045736	-0.176465	0.497617	0.849257
53630	5.176632	0.262955	8.873335	0.049217	0.061970	-0.044330	0.200785	-0.826784	0.525465	0.963553	0.263468	0.046366	-0.176777	0.497004	0.849551
53631	5.223962	0.014878	8.866339	0.045879	0.075827	-0.055983	0.200379	-0.827389	0.524667	0.963604	0.263171	0.046998	-0.176963	0.496154	0.850009
53632	5.234261	-0.048865	8.794611	0.084122	0.074741	-0.073872	0.199768	-0.827951	0.524013	0.963616	0.262931	0.048079	-0.177586	0.495342	0.850352
53633	5.321226	0.413649	8.693859	0.116365	0.096832	-0.075287	0.199215	-0.828708	0.523026	0.963579	0.262821	0.049410	-0.178409	0.494133	0.850884
53634	5.139709	0.599604	8.847669	0.092607	0.113098	-0.068783	0.198722	-0.829445	0.522045	0.963564	0.262662	0.050536	-0.179038	0.492981	0.851420
53635	4.964613	0.467456	8.993326	0.082287	0.112286	-0.059971	0.198345	-0.830234	0.520932	0.963555	0.262508	0.051497	-0.179503	0.491732	0.852043
53636	4.872254	0.416702	9.093263	0.079674	0.090751	-0.055467	0.197942	-0.830823	0.520146	0.963535	0.262393	0.052443	-0.180053	0.490798	0.852466
53637	5.019605	0.414220	9.011057	0.092398	0.074345	-0.051891	0.197575	-0.831403	0.519358	0.963491	0.262352	0.053448	-0.180691	0.489837	0.852884
53638	4.981358	0.592675	9.000476	0.060522	0.061840	-0.046061	0.197211	-0.831824	0.518822	0.963486	0.262220	0.054181	-0.181115	0.489193	0.853164
53639	4.859794	0.647965	9.014604	0.026203	0.051329	-0.030876	0.197006	-0.832235	0.518241	0.963519	0.262028	0.054512	-0.181161	0.488596	0.853496
53640	4.863469	0.356191	9.059474	0.010657	0.020680	-0.024178	0.196778	-0.832397	0.518067	0.963561	0.261834	0.054706	-0.181185	0.488425	0.853588
53641	5.009824	0.401246	9.021843	0.022005	0.004081	-0.021501	0.196578	-0.832552	0.517894	0.963584	0.261700	0.054952	-0.181284	0.488232	0.853678
53642	5.061343	0.460284	8.939650	0.023698	-0.005693	-0.020461	0.196338	-0.832575	0.517948	0.963595	0.261599	0.055239	-0.181485	0.488246	0.853627
53643	5.118574	0.419908	8.923739	0.019967	-0.003024	-0.020205	0.196137	-0.832692	0.517836	0.963618	0.261466	0.055461	-0.181578	0.488119	0.853680
53644	5.150245	0.427502	8.910356	0.018427	-0.001848	-0.017799	0.195930	-0.832727	0.517858	0.963633	0.261362	0.055688	-0.181722	0.488114	0.853652
53645	5.131599	0.357493	8.928995	0.016236	-0.000355	-0.019949	0.195736	-0.832856	0.517725	0.963663	0.261212	0.055877	-0.181774	0.487975	0.853720
53646	5.152179	0.469972	8.930055	0.019365	0.009268	-0.019455	0.195533	-0.832949	0.517651	0.963679	0.261099	0.056121	-0.181904	0.487876	0.853749
53647	5.096330	0.320397	8.923065	0.013964	0.008694	-0.023107	0.195325	-0.833130	0.517439	0.963719	0.260912	0.056306	-0.181916	0.487668	0.853865
53648	5.078519	0.461610	8.934673	0.013386	0.007966	-0.025221	0.195064	-0.833232	0.517373	0.963758	0.260721	0.056529	-0.181992	0.487595	0.853891
53649	5.098012	0.428167	8.879704	0.016089	0.008259	-0.023394	0.194853	-0.833410	0.517165	0.963794	0.260542	0.056733	-0.182025	0.487386	0.854003
53650	5.124358	0.593810	8.869971	0.019773	0.004823	-0.015449	0.194680	-0.833471	0.517131	0.963802	0.260464	0.056960	-0.182169	0.487323	0.854009
53651	5.090587	0.379698	8.891095	0.012950	0.009830	-0.010389	0.194597	-0.833623	0.516918	0.963819	0.260377	0.057070	-0.182169	0.487110	0.854130
53652	5.024794	0.480050	8.954349	0.014879	0.010709	-0.007360	0.194513	-0.833692	0.516839	0.963820	0.260343	0.057214	-0.182254	0.487010	0.854169
53653	4.926877	0.516301	8.960745	0.012404	0.000768	-0.003294	0.194481	-0.833781	0.516707	0.963824	0.260313	0.057282	-0.182266	0.486875	0.854244
53654	4.942381	0.574118	8.971963	0.010525	-0.014949	0.001460	0.194436	-0.833702	0.516852	0.963815	0.260331	0.057343	-0.182359	0.487000	0.854152
53655	5.020360	0.429998	8.964134	0.005332	-0.018671	0.005129	0.194450	-0.833674	0.516892	0.963816	0.260336	0.057307	-0.182341	0.487045	0.854130
53656	5.024734	0.468029	8.982599	0.011070	-0.026185	-0.001719	0.194353	-0.833548	0.517131	0.963813	0.260330	0.057389	-0.182461	0.487263	0.853980
53657	5.078053	0.459032	8.962645	0.002300	-0.035845	0.005658	0.194341	-0.833435	0.517318	0.963818	0.260325	0.057325	-0.182448	0.487459	0.853871
53658	5.002907	0.479446	8.961907	0.007707	-0.035257	0.009310	0.194334	-0.833236	0.517640	0.963799	0.260395	0.057321	-0.182553	0.487762	0.853676
53659	5.046910	0.487693	8.969143	-0.001709	-0.044597	0.012136	0.194368	-0.833063	0.517906	0.963799	0.260425	0.057189	-0.182517	0.488042	0.853524
53660	5.133174	0.482764	8.935110	0.010405	-0.048736	0.016482	0.194406	-0.832780	0.518347	0.963762	0.260567	0.057171	-0.182675	0.488449	0.853257
53661	5.197898	0.454711	8.886658	-0.000730	-0.041798	0.019687	0.194517	-0.832600	0.518594	0.963745	0.260664	0.057008	-0.182644	0.488703	0.853118
53662	5.122401	0.408713	8.949645	-0.001061	-0.038382	0.018124	0.194590	-0.832363	0.518948	0.963725	0.260764	0.056883	-0.182670	0.489054	0.852911
53663	5.113918	0.453471	8.892048	-0.003123	-0.032477	0.022282	0.194743	-0.832221	0.519117	0.963708	0.260871	0.056686	-0.182598	0.489238	0.852821
53664	5.106594	0.469450	8.918247	-0.014182	-0.026585	0.027934	0.194932	-0.832016	0.519376	0.963693	0.260989	0.056398	-0.182476	0.489525	0.852683
53665	5.114914	0.519972	8.906224	-0.012072	-0.020519	0.029069	0.195173	-0.831915	0.519447	0.963679	0.261108	0.056090	-0.182294	0.489633	0.852660
53666	5.117627	0.430667	8.918692	-0.008319	-0.029674	0.027387	0.195351	-0.831695	0.519732	0.963654	0.261250	0.055855	-0.182234	0.489930	0.852502
53667	5.120383	0.429000	8.917190	0.002034	-0.029517	0.026802	0.195553	-0.831555	0.519879	0.963618	0.261419	0.055678	-0.182206	0.490077	0.852423
53668	5.032622	0.429583	8.924877	0.015950	-0.037200	0.027848	0.195722	-0.831298	0.520228	0.963548	0.261684	0.055648	-0.182395	0.490373	0.852212
53669	5.063994	0.505808	8.926211	0.022810	-0.044008	0.033418	0.195962	-0.831069	0.520503	0.963461	0.262010	0.055614	-0.182596	0.490587	0.852047
53670	5.097403	0.473702	8.890690	0.027811	-0.052729	0.038407	0.196203	-0.830707	0.520990	0.963349	0.262420	0.055629	-0.182930	0.490980	0.851748
53671	5.043166	0.393392	8.897812	0.030607	-0.053461	0.042672	0.196514	-0.830407	0.521351	0.963229	0.262862	0.055613	-0.183224	0.491252	0.851528
53672	4.978757	0.527626	8.954556	0.054449	-0.077542	0.051247	0.196833	-0.829888	0.522056	0.963042	0.263509	0.055787	-0.183864	0.491781	0.851085
53673	4.998762	0.549294	8.942132	0.061745	-0.082247	0.062254	0.197279	-0.829394	0.522673	0.962826	0.264266	0.055933	-0.184516	0.492208	0.850697
53674	5.057811	0.541693	8.918393	0.061939	-0.104496	0.071103	0.197739	-0.828688	0.523617	0.962585	0.265115	0.056067	-0.185281	0.492940	0.850107
53675	5.042362	0.263860	9.020838	0.011491	-0.116940	0.069802	0.198192	-0.828001	0.524532	0.962446	0.265687	0.055745	-0.185518	0.493786	0.849564
53676	5.030218	0.829104	9.066372	0.103865	-0.135676	0.083411	0.198710	-0.827106	0.525747	0.962101	0.266845	0.056168	-0.186749	0.494661	0.848784
53677	5.127257	0.305419	8.896382	0.065823	-0.141562	0.088439	0.199294	-0.826244	0.526881	0.961823	0.267839	0.056208	-0.187560	0.495564	0.848079
53678	5.077731	0.318682	8.965692	0.053414	-0.161318	0.093379	0.199856	-0.825190	0.528317	0.961550	0.268829	0.056146	-0.188358	0.496782	0.847189
53679	4.881408	0.292987	9.288967	0.100712	-0.183608	0.100050	0.200470	-0.824083	0.529811	0.961180	0.270091	0.056417	-0.189590	0.497934	0.846237
53680	4.919059	0.440746	9.060450	0.115677	-0.252720	0.100393	0.200921	-0.822548	0.532020	0.960773	0.271449	0.056841	-0.191171	0.499730	0.844821
53681	4.928086	0.281597	9.214034	0.112745	-0.302194	0.108101	0.201378	-0.820817	0.534515	0.960360	0.272838	0.057163	-0.192757	0.501816	0.843223
53682	4.865353	0.252630	9.189023	0.139386	-0.368618	0.103898	0.201629	-0.818675	0.537695	0.959895	0.274346	0.057759	-0.194801	0.504485	0.841158
53683	4.960443	0.455981	9.272797	0.130227	-0.441790	0.093199	0.201658	-0.816261	0.541343	0.959474	0.275702	0.058298	-0.196836	0.507648	0.838778
53684	4.876645	0.543846	9.451844	0.071711	-0.524186	0.089409	0.201448	-0.813340	0.545800	0.959166	0.276750	0.058392	-0.198543	0.511750	0.835879
53685	4.778277	0.740772	9.565839	0.037809	-0.620085	0.104428	0.201214	-0.809942	0.550915	0.958902	0.277728	0.058083	-0.200048	0.516587	0.832538
53686	4.695375	0.767976	9.594522	-0.015583	-0.736089	0.124153	0.200895	-0.805769	0.557116	0.958699	0.278603	0.057246	-0.201341	0.522606	0.828459
53687	4.697198	0.901773	9.757759	-0.067476	-0.890125	0.154615	0.200582	-0.800736	0.564436	0.958546	0.279425	0.055771	-0.202376	0.529852	0.823590
53688	4.622340	1.058251	9.845948	-0.130003	-1.056321	0.191056	0.200239	-0.794555	0.573225	0.958442	0.280208	0.053599	-0.203209	0.538670	0.817643
53689	4.551683	0.733257	9.768767	-0.213837	-1.262038	0.217999	0.199764	-0.787167	0.583491	0.958462	0.280705	0.050550	-0.203580	0.549156	0.810545
53690	4.586903	0.649053	9.986533	-0.277464	-1.511966	0.245796	0.199007	-0.778075	0.595815	0.958552	0.281040	0.046846	-0.203898	0.561797	0.801754
53691	5.077166	0.950571	10.271049	-0.341884	-1.737194	0.277837	0.198134	-0.767504	0.609656	0.958718	0.281178	0.042403	-0.203966	0.576087	0.791531
53692	4.912074	0.767366	9.663897	-0.439236	-1.940269	0.325450	0.197268	-0.755252	0.625044	0.958985	0.281043	0.036927	-0.203553	0.592123	0.779715
53693	4.666161	0.913473	9.987992	-0.531236	-2.141705	0.378988	0.196563	-0.741421	0.641606	0.959337	0.280624	0.030378	-0.202573	0.609545	0.766432
53694	4.600757	0.779965	9.956405	-0.493185	-2.397591	0.438810	0.195884	-0.725341	0.659931	0.959489	0.280741	0.023767	-0.202509	0.628541	0.750950
53695	5.087451	0.919695	10.333495	-0.506569	-2.650140	0.538512	0.195693	-0.707013	0.679585	0.959480	0.281301	0.016363	-0.202737	0.648846	0.733414
53696	5.023197	1.373503	10.274617	-0.569045	-2.938011	0.672964	0.196157	-0.685722	0.700933	0.959330	0.282184	0.007590	-0.202996	0.670937	0.713187
53697	5.805727	1.966467	10.221162	-0.703472	-3.298648	0.851021	0.197646	-0.660912	0.723970	0.959099	0.283051	-0.003439	-0.202648	0.695038	0.689823
53698	5.421957	2.466455	10.735091	-1.010801	-3.571729	1.108010	0.201048	-0.632477	0.748033	0.958940	0.283010	-0.018443	-0.200036	0.721026	0.663406
53699	6.671806	2.406340	11.832189	-1.040221	-4.050490	1.355825	0.205998	-0.599005	0.773795	0.958266	0.283663	-0.035520	-0.198220	0.748818	0.632440
53700	7.197970	2.439484	11.983668	-1.407163	-4.445413	1.672774	0.213272	-0.560304	0.800359	0.957534	0.282562	-0.057343	-0.194022	0.778600	0.596772
53701	9.557793	2.747467	13.014436	-1.460327	-4.762714	1.908689	0.222403	-0.517289	0.826407	0.956193	0.281219	-0.081302	-0.190345	0.808287	0.557172
53702	11.224743	1.713339	12.713179	-1.674939	-5.098712	2.043482	0.232307	-0.469585	0.851777	0.954713	0.277463	-0.107415	-0.185896	0.838155	0.512775
53703	13.959994	0.763493	12.286100	-1.554279	-5.129771	2.022801	0.242153	-0.420502	0.874380	0.952790	0.273203	-0.132481	-0.183175	0.865181	0.466807
53704	13.926938	0.142217	12.324591	-1.450566	-4.998377	1.913455	0.251217	-0.371463	0.893815	0.950731	0.268007	-0.155832	-0.181663	0.888925	0.420489
53705	12.613225	-0.394679	11.742447	-1.049706	-4.837127	1.776159	0.259254	-0.323458	0.910034	0.948122	0.264736	-0.176008	-0.183987	0.908454	0.375312
53706	11.146171	0.279774	11.457500	-0.581656	-4.575016	1.697081	0.266719	-0.277036	0.923099	0.944764	0.264454	-0.193613	-0.190480	0.923751	0.332268
53707	6.994601	1.210957	10.653762	-0.181020	-4.270485	1.716123	0.274567	-0.233009	0.932909	0.940478	0.267157	-0.210068	-0.200286	0.935058	0.292492
53708	2.864498	2.204983	10.296924	-0.097537	-4.177451	1.846549	0.283267	-0.188778	0.940278	0.935544	0.270088	-0.227616	-0.210989	0.944148	0.253117
53709	-2.499895	3.002998	7.583199	-0.181075	-3.651507	2.140124	0.295374	-0.148636	0.943749	0.929747	0.272012	-0.248152	-0.219827	0.950745	0.218539
53710	6.089834	2.844902	4.264753	0.427636	-3.264380	1.751074	0.304170	-0.112715	0.945926	0.923547	0.278328	-0.263808	-0.233543	0.953849	0.188757
53711	20.622127	2.625753	20.106011	0.419823	1.225946	0.291908	0.309731	-0.123852	0.942723	0.921677	0.282718	-0.265674	-0.233620	0.951174	0.201718
53712	5.909939	4.497136	13.793495	0.775142	2.919204	-0.324169	0.313504	-0.152446	0.937270	0.920903	0.289574	-0.260930	-0.231631	0.944938	0.231171
53713	-7.092361	6.022224	8.973034	0.317565	3.689881	-0.390055	0.318291	-0.188636	0.929036	0.921422	0.291959	-0.256402	-0.222874	0.937644	0.266742
53714	-8.388335	2.100336	6.274729	0.199769	3.159486	-0.435855	0.321152	-0.219417	0.921259	0.922397	0.292889	-0.251791	-0.214580	0.930630	0.296451
53715	-6.512462	-0.159551	6.928705	0.645310	2.788080	-0.348106	0.323878	-0.246616	0.913391	0.922152	0.298122	-0.246492	-0.211513	0.922119	0.323972
53716	-2.691171	-0.987077	8.229995	1.234890	2.677287	-0.410859	0.325759	-0.272398	0.905362	0.920877	0.308330	-0.238574	-0.214163	0.911445	0.351287
53717	0.525620	0.167498	9.677225	1.755724	2.995915	-0.527722	0.327424	-0.301515	0.895479	0.918790	0.322756	-0.227273	-0.220495	0.897172	0.382707
53718	2.059545	1.479072	10.506921	1.928338	3.487877	-0.604433	0.329645	-0.334495	0.882863	0.916483	0.337920	-0.214168	-0.226699	0.879729	0.417953
53719	2.572016	1.100611	10.514054	1.879021	3.950944	-0.604332	0.333161	-0.371306	0.866681	0.914193	0.352184	-0.200542	-0.230768	0.859127	0.456779
53720	2.746879	-0.429498	10.274961	1.919116	4.307021	-0.569054	0.337940	-0.409843	0.847246	0.911665	0.366176	-0.186502	-0.233804	0.835431	0.497384
53721	3.231353	-1.794423	10.032043	2.152199	4.556529	-0.546783	0.343723	-0.449700	0.824393	0.908458	0.381558	-0.170636	-0.237819	0.807579	0.539684
53722	4.003299	-2.062625	10.108706	2.484994	4.738846	-0.518813	0.350404	-0.489242	0.798661	0.904294	0.398750	-0.152483	-0.243865	0.775655	0.582142
53723	4.619549	-1.798041	10.329192	2.746992	4.866460	-0.518260	0.357800	-0.528594	0.769784	0.899333	0.416960	-0.131698	-0.251354	0.739414	0.624571
53724	4.969076	-1.281401	10.490346	2.893018	4.904785	-0.592559	0.364986	-0.566432	0.738878	0.894105	0.434498	-0.108574	-0.259541	0.700262	0.665035
53725	5.032883	-0.660567	10.910294	2.898924	4.827844	-0.798812	0.370609	-0.603126	0.706320	0.889411	0.449543	-0.082814	-0.267574	0.658901	0.703032
53726	5.319626	-0.017630	11.725744	2.754607	4.639652	-1.140240	0.373036	-0.637933	0.673710	0.886204	0.460006	-0.055117	-0.274750	0.617605	0.736937
53727	6.570980	0.459913	12.758247	2.522704	4.424800	-1.556869	0.371554	-0.671882	0.640720	0.885009	0.464861	-0.025747	-0.280546	0.576610	0.767343
53728	8.550152	0.436683	13.900784	2.234068	4.315672	-1.985143	0.366132	-0.705127	0.607242	0.886044	0.463583	0.004077	-0.284382	0.536551	0.794506
53729	9.843906	0.484970	14.458953	1.914697	4.275333	-2.383179	0.357182	-0.738470	0.571911	0.889223	0.456228	0.033740	-0.285837	0.496505	0.819621
53730	11.132836	-0.080483	14.921713	1.570790	4.175148	-2.686950	0.345107	-0.770493	0.535950	0.894198	0.443406	0.061660	-0.285152	0.457965	0.841995
53731	14.748261	-1.116383	15.539778	1.336740	4.107641	-2.885788	0.330898	-0.801327	0.498379	0.900176	0.426519	0.088115	-0.283177	0.419472	0.862470
53732	19.484134	-1.069013	16.240794	1.163737	4.391271	-2.870103	0.317293	-0.830836	0.457205	0.906228	0.407696	0.111962	-0.279423	0.378807	0.882286
53733	21.213308	-2.556734	14.902731	0.717052	4.926640	-2.651021	0.306733	-0.859146	0.409613	0.912554	0.387760	0.129955	-0.270482	0.333933	0.902955
53734	18.561359	-6.167188	11.891862	0.345986	5.265449	-2.215470	0.300321	-0.883886	0.358542	0.918387	0.369481	0.141597	-0.257630	0.286755	0.922712
53735	14.211090	0.495727	8.741482	-0.837686	2.844952	-0.659933	0.301342	-0.894279	0.330844	0.922489	0.361217	0.136150	-0.241263	0.264172	0.933812
53736	18.500018	-10.871845	-3.380063	-0.683209	3.132787	0.220003	0.310650	-0.901365	0.301725	0.923429	0.361438	0.129006	-0.225336	0.238546	0.944627
53737	28.699993	-9.867926	-1.932312	0.373404	2.129666	1.063965	0.325208	-0.902431	0.282593	0.919238	0.371807	0.129467	-0.221905	0.217667	0.950463
53738	23.928490	-7.934553	-5.803582	1.189269	1.979375	0.933927	0.338170	-0.903002	0.265007	0.913495	0.382658	0.138203	-0.226205	0.195346	0.954291
53739	19.056155	-4.248733	-11.446124	1.232329	0.984767	0.519578	0.345155	-0.902926	0.256110	0.908914	0.389599	0.148620	-0.233973	0.181485	0.955154
53740	15.223800	-2.649632	-11.992877	0.122468	-0.512550	-0.314105	0.341060	-0.903212	0.260548	0.909724	0.386953	0.150567	-0.236813	0.185674	0.953648
53741	19.754093	-5.534942	-13.405356	-1.236329	-2.215591	-0.916086	0.327476	-0.902381	0.280121	0.915717	0.376170	0.141274	-0.232856	0.210248	0.949512
53742	6.258385	-4.989531	0.042337	-2.606567	-2.567758	-0.905255	0.313337	-0.899909	0.303289	0.924501	0.362067	0.119183	-0.217065	0.243047	0.945416
53743	2.322782	-5.400179	12.890678	-1.400514	-3.366062	-0.623843	0.300271	-0.893417	0.334131	0.929461	0.352766	0.107971	-0.214334	0.278141	0.936322
53744	1.145243	-0.459394	19.425173	-1.626103	-2.658149	0.353501	0.297928	-0.884392	0.359290	0.931849	0.351108	0.091550	-0.207116	0.307528	0.928725
53745	4.532336	-13.281562	10.163383	-1.742994	-2.739041	0.865562	0.300421	-0.872569	0.385190	0.932824	0.353030	0.072179	-0.198965	0.337630	0.920010
53746	5.404995	-14.317215	9.335399	0.246143	-3.247450	0.263350	0.296189	-0.860229	0.415064	0.931551	0.356136	0.073346	-0.210913	0.364929	0.906831
53747	17.292723	-1.128150	16.986756	1.000035	-3.453211	0.050555	0.289038	-0.847062	0.446031	0.929232	0.360275	0.082039	-0.230186	0.390754	0.891250
53748	22.411846	6.312762	14.810358	0.701412	-1.906576	0.185049	0.286220	-0.838814	0.463108	0.927062	0.364581	0.087392	-0.242146	0.404317	0.881983
53749	8.146013	6.015017	8.831863	-0.550322	-0.956605	0.288841	0.286588	-0.833896	0.471684	0.927594	0.364676	0.081124	-0.239661	0.414281	0.878028
53750	5.423123	3.440126	9.095518	-0.236230	-1.219442	0.153200	0.285047	-0.828219	0.482494	0.927742	0.364915	0.078302	-0.240921	0.425311	0.872392
53751	12.445662	2.092132	11.290150	-0.458245	-0.918308	0.269618	0.285336	-0.823337	0.490611	0.928103	0.365108	0.072941	-0.239181	0.434525	0.868320
53752	2.672455	-0.457604	7.463380	-0.263942	-0.268012	0.258371	0.287063	-0.821225	0.493137	0.928012	0.366038	0.069357	-0.237464	0.437727	0.867183
53753	7.100008	1.503758	10.652989	-0.379672	-0.547100	0.234559	0.287937	-0.818003	0.497959	0.928264	0.366225	0.064847	-0.235410	0.443566	0.864773
53754	6.613042	-2.868446	9.836762	-0.287408	-0.333858	0.139497	0.288417	-0.816006	0.500948	0.928555	0.366041	0.061644	-0.233669	0.447379	0.863279
53755	5.449865	-1.912615	9.094056	-0.023136	-0.024217	0.008678	0.288433	-0.815911	0.501094	0.928613	0.365945	0.061336	-0.233417	0.447631	0.863217
53756	5.525617	0.172654	9.421395	-0.057377	-0.115978	-0.018378	0.287960	-0.815460	0.502099	0.928819	0.365494	0.060911	-0.233185	0.448819	0.862662
53757	5.197098	0.190164	9.040372	0.014375	-0.098947	-0.022909	0.287509	-0.815143	0.502871	0.928881	0.365307	0.061081	-0.233492	0.449546	0.862200
53758	5.114741	0.625136	8.938188	0.007793	-0.080107	-0.020170	0.287103	-0.814858	0.503566	0.928939	0.365135	0.061227	-0.233760	0.450203	0.861785
53759	5.118479	0.659461	8.929176	-0.020336	-0.076019	-0.014023	0.286788	-0.814611	0.504145	0.929057	0.364864	0.061053	-0.233679	0.450870	0.861458
53760	5.112837	0.688081	8.898187	-0.022707	-0.070610	-0.012150	0.286478	-0.814338	0.504762	0.929163	0.364619	0.060896	-0.233636	0.451561	0.861108
53761	5.116451	0.638380	8.931369	-0.037038	-0.063029	-0.001658	0.286308	-0.814102	0.505238	0.929284	0.364374	0.060517	-0.233362	0.452183	0.860856
53762	5.032428	0.563192	8.977705	-0.054606	-0.060634	0.000758	0.286142	-0.813826	0.505776	0.929428	0.364089	0.060021	-0.232994	0.452908	0.860574
53763	5.038067	0.557940	8.974870	-0.060634	-0.064817	0.002405	0.286006	-0.813567	0.506269	0.929592	0.363769	0.059419	-0.232506	0.453630	0.860326
53764	5.105906	0.400545	8.974723	-0.066981	-0.063240	0.003181	0.285857	-0.813270	0.506831	0.929757	0.363447	0.058804	-0.232030	0.454421	0.860037
53765	4.928154	0.474093	9.031507	-0.057877	-0.063530	0.001784	0.285719	-0.813018	0.507313	0.929916	0.363134	0.058229	-0.231564	0.455122	0.859792
53766	5.076173	0.465673	8.917901	-0.061718	-0.081470	0.005292	0.285547	-0.812629	0.508033	0.930062	0.362852	0.057649	-0.231188	0.456040	0.859406
53767	5.156570	0.360352	8.902506	-0.053538	-0.077749	0.003397	0.285392	-0.812305	0.508638	0.930205	0.362571	0.057104	-0.230803	0.456841	0.859085
53768	5.125085	0.422533	8.902219	-0.048876	-0.073040	0.006622	0.285253	-0.811948	0.509285	0.930317	0.362358	0.056628	-0.230522	0.457643	0.858733
53769	5.080627	0.280502	8.944460	-0.029176	-0.075924	0.003904	0.285107	-0.811629	0.509875	0.930403	0.362191	0.056289	-0.230358	0.458340	0.858405
53770	5.179341	0.527757	8.911396	-0.014908	-0.080618	0.008243	0.284966	-0.811231	0.510587	0.930432	0.362146	0.056097	-0.230415	0.459081	0.857994
53771	5.186566	0.289135	8.843057	-0.014822	-0.081485	0.010739	0.284871	-0.810860	0.511228	0.930465	0.362100	0.055847	-0.230400	0.459771	0.857629
53772	5.151003	0.365363	8.922709	-0.009497	-0.075940	0.016069	0.284813	-0.810454	0.511905	0.930459	0.362143	0.055661	-0.230493	0.460453	0.857237
53773	5.151226	0.302218	8.852454	0.013841	-0.081608	0.013165	0.284740	-0.810073	0.512548	0.930419	0.362248	0.055643	-0.230745	0.461040	0.856854
53774	5.106467	0.483551	8.917467	0.031166	-0.078483	0.018088	0.284695	-0.809646	0.513246	0.930314	0.362495	0.055795	-0.231224	0.461596	0.856426
53775	5.099759	0.467950	8.922103	0.033980	-0.090448	0.019563	0.284661	-0.809200	0.513968	0.930209	0.362745	0.055917	-0.231688	0.462181	0.855985
53776	5.137835	0.423678	8.940130	0.041780	-0.091148	0.025486	0.284654	-0.808687	0.514779	0.930058	0.363101	0.056121	-0.232301	0.462799	0.855484
53777	5.107658	0.468490	8.889807	0.044167	-0.106605	0.032330	0.284699	-0.808119	0.515646	0.929893	0.363502	0.056264	-0.232906	0.463477	0.854952
53778	5.114386	0.505091	8.879101	0.050101	-0.112263	0.031109	0.284695	-0.807486	0.516639	0.929706	0.363942	0.056510	-0.233657	0.464234	0.854336
53779	5.145373	0.351119	8.866128	0.051104	-0.115543	0.037408	0.284765	-0.806855	0.517584	0.929510	0.364416	0.056685	-0.234352	0.464958	0.853753
53780	5.098707	0.390660	8.904159	0.067522	-0.121345	0.035645	0.284779	-0.806162	0.518656	0.929268	0.364974	0.057054	-0.235291	0.465723	0.853077
53781	5.189614	0.462215	8.824663	0.082804	-0.129945	0.040436	0.284841	-0.805451	0.519725	0.928988	0.365620	0.057482	-0.236321	0.466445	0.852398
53782	5.161767	0.486993	8.857501	0.083252	-0.134913	0.047132	0.284927	-0.804650	0.520918	0.928675	0.366344	0.057925	-0.237444	0.467259	0.851639
53783	5.145643	0.563400	8.875825	0.089178	-0.138971	0.049217	0.285046	-0.803862	0.522067	0.928352	0.367092	0.058359	-0.238559	0.468027	0.850905
53784	5.171037	0.326095	8.880848	0.086655	-0.151029	0.061154	0.285221	-0.802931	0.523404	0.927989	0.367945	0.058755	-0.239760	0.468955	0.850057
53785	5.139758	0.419779	8.902361	0.115806	-0.169027	0.063991	0.285401	-0.801945	0.524815	0.927559	0.368936	0.059336	-0.241208	0.469862	0.849145
53786	5.163701	0.277563	8.944393	0.113764	-0.193553	0.057887	0.285437	-0.800821	0.526508	0.927137	0.369892	0.059976	-0.242781	0.471026	0.848052
53787	5.035163	0.355163	8.903083	0.129327	-0.216648	0.061576	0.285473	-0.799615	0.528320	0.926677	0.370928	0.060680	-0.244489	0.472259	0.846875
53788	5.142155	0.552134	8.925527	0.139384	-0.239682	0.067426	0.285477	-0.798232	0.530405	0.926161	0.372082	0.061481	-0.246430	0.473689	0.845512
53789	5.220558	0.583536	8.910057	0.149009	-0.265225	0.076194	0.285520	-0.796733	0.532630	0.925606	0.373331	0.062268	-0.248458	0.475227	0.844054
53790	5.142962	0.633098	8.878192	0.141239	-0.290710	0.086863	0.285566	-0.795025	0.535152	0.925025	0.374651	0.062974	-0.250561	0.477045	0.842405
53791	5.307952	0.507308	8.826069	0.139180	-0.307854	0.091598	0.285633	-0.793254	0.537738	0.924445	0.375977	0.063588	-0.252618	0.478946	0.840711
53792	5.316721	0.378118	8.844203	0.136795	-0.320828	0.092150	0.285638	-0.791368	0.540507	0.923854	0.377320	0.064219	-0.254765	0.481006	0.838885
53793	5.321893	0.482991	8.899770	0.149813	-0.343842	0.094121	0.285622	-0.789399	0.543387	0.923233	0.378719	0.064898	-0.257022	0.483136	0.836970
53794	5.281884	0.603606	8.972704	0.120906	-0.379882	0.095339	0.285489	-0.787198	0.546640	0.922669	0.380012	0.065369	-0.259188	0.485705	0.834813
53795	5.195151	0.525457	9.052220	0.090337	-0.417813	0.104467	0.285360	-0.784811	0.550129	0.922168	0.381207	0.065484	-0.261105	0.488625	0.832508
53796	5.162420	0.488379	9.153449	0.072299	-0.481948	0.100712	0.284993	-0.782064	0.554216	0.921711	0.382306	0.065509	-0.263112	0.492157	0.829791
53797	5.141099	0.496718	9.102839	0.056302	-0.548101	0.105501	0.284514	-0.778998	0.558762	0.921294	0.383340	0.065324	-0.265083	0.496199	0.826752
53798	5.115916	0.464345	9.144478	0.020921	-0.638262	0.106739	0.283766	-0.775406	0.564112	0.920955	0.384230	0.064878	-0.267055	0.501112	0.823146
53799	5.108318	0.608069	9.086542	0.007038	-0.723509	0.116463	0.282896	-0.771360	0.570064	0.920639	0.385098	0.064211	-0.269061	0.506658	0.819087
53800	5.018399	0.620843	9.262946	-0.032966	-0.836678	0.132203	0.281821	-0.766585	0.576996	0.920375	0.385902	0.063165	-0.271085	0.513252	0.814300
53801	5.001082	0.898005	9.323532	-0.055274	-0.976313	0.154850	0.280587	-0.760988	0.584951	0.920123	0.386731	0.061754	-0.273213	0.520899	0.808714
53802	5.080622	0.932402	9.271429	-0.116176	-1.124690	0.184483	0.279168	-0.754365	0.594137	0.919945	0.387473	0.059713	-0.275257	0.529903	0.802145
53803	5.065498	0.776678	9.335676	-0.172260	-1.282736	0.212661	0.277581	-0.746731	0.604435	0.919861	0.388080	0.057003	-0.277135	0.540173	0.794613
53804	5.328193	0.737959	9.363995	-0.219634	-1.447148	0.234447	0.275681	-0.737919	0.616016	0.919844	0.388575	0.053820	-0.279084	0.551801	0.785893
53805	5.442328	0.782574	9.371171	-0.260165	-1.584217	0.258126	0.273622	-0.728131	0.628456	0.919895	0.388947	0.050124	-0.280933	0.564399	0.776229
53806	5.494931	0.981044	9.675187	-0.287706	-1.732228	0.295628	0.271424	-0.717084	0.641965	0.919921	0.389394	0.046014	-0.282973	0.578068	0.765352
53807	5.469099	1.072271	9.708366	-0.360499	-1.880945	0.357079	0.269377	-0.704743	0.656334	0.920010	0.389754	0.040904	-0.284635	0.592815	0.753361
53808	5.470741	1.265107	9.653666	-0.410155	-2.061964	0.457811	0.267669	-0.690566	0.671916	0.919972	0.390437	0.034788	-0.286364	0.608833	0.739810
53809	5.257625	1.560679	10.249141	-0.503129	-2.305283	0.578781	0.266385	-0.674133	0.688901	0.919901	0.391211	0.027117	-0.287786	0.626497	0.724348
53810	5.203619	1.574239	10.336818	-0.612823	-2.620107	0.711897	0.265343	-0.654667	0.707817	0.919797	0.391994	0.017751	-0.289080	0.646337	0.706173
53811	5.375082	1.756731	10.279809	-0.756580	-2.995021	0.886842	0.264841	-0.631573	0.728680	0.919665	0.392658	0.006075	-0.289959	0.668532	0.684827
53812	5.778349	2.204797	10.967117	-0.941523	-3.377198	1.125482	0.265361	-0.604152	0.751388	0.919433	0.393154	-0.008593	-0.290220	0.693131	0.659805
53813	5.692412	1.688653	11.893707	-1.063769	-3.917845	1.372910	0.266617	-0.571149	0.776340	0.918897	0.393643	-0.025974	-0.290766	0.720301	0.629779
53814	7.015584	2.906007	13.684444	-1.226838	-4.356208	1.687658	0.269410	-0.532485	0.802420	0.917963	0.393893	-0.046816	-0.291139	0.749205	0.594920
53815	9.225717	1.972547	13.230309	-1.416107	-4.899215	1.916389	0.272747	-0.487595	0.829374	0.916914	0.392788	-0.070613	-0.291337	0.779724	0.554214
53816	11.394579	2.089033	14.029063	-1.547930	-5.254341	2.044309	0.276135	-0.437807	0.855613	0.915835	0.389893	-0.096067	-0.291539	0.810129	0.508622
53817	14.675607	0.771899	14.374853	-1.684274	-5.351763	1.961650	0.278539	-0.386214	0.879349	0.915317	0.384046	-0.121257	-0.290879	0.838658	0.460480
53818	15.010613	1.393919	14.971048	-1.484535	-5.360656	1.822076	0.279548	-0.333624	0.900304	0.914581	0.377919	-0.143937	-0.292222	0.863639	0.410773
53819	14.362785	0.050111	14.881116	-1.493751	-5.175677	1.674604	0.279747	-0.282248	0.917648	0.914282	0.369984	-0.164922	-0.292966	0.885126	0.361557
53820	10.469803	1.210138	13.840481	-0.947451	-4.938114	1.565354	0.279420	-0.232363	0.931628	0.912727	0.365502	-0.182589	-0.298085	0.901341	0.314213
53821	4.913792	3.051847	12.948476	-0.703735	-4.732661	1.666584	0.280375	-0.183521	0.942184	0.910193	0.362567	-0.200234	-0.304858	0.913710	0.268694
53822	-1.276500	5.319262	11.895725	-0.826725	-4.584092	2.003936	0.284453	-0.134160	0.949256	0.907097	0.358108	-0.221208	-0.310259	0.923991	0.223561
53823	-2.913941	4.802046	5.570801	-1.197380	-4.768913	2.343091	0.290843	-0.081790	0.953269	0.904096	0.349526	-0.245851	-0.313084	0.933350	0.175603
53824	25.747012	1.602540	16.557308	-0.234514	-3.588634	1.159111	0.289890	-0.044184	0.956040	0.901496	0.348021	-0.257267	-0.321355	0.936445	0.140719
53825	9.995799	7.200502	15.881676	-0.025655	0.110226	0.264379	0.292650	-0.044546	0.955181	0.900814	0.347929	-0.259767	-0.320764	0.936462	0.141949
53826	4.385142	7.427891	14.543483	-0.475345	1.836153	-0.362070	0.295152	-0.062990	0.953372	0.903402	0.343239	-0.257004	-0.311046	0.937134	0.158213
53827	-3.214574	6.327323	10.855410	-0.838093	2.391171	-0.559086	0.297364	-0.087600	0.950737	0.907610	0.335008	-0.253008	-0.296341	0.938134	0.179126
53828	-5.545950	2.788586	8.482719	-0.919493	2.341482	-0.660931	0.298076	-0.111750	0.947978	0.912254	0.325676	-0.248452	-0.280969	0.938854	0.199020
53829	-3.921337	0.366564	8.727033	-0.457268	2.332031	-0.695261	0.298157	-0.136194	0.944750	0.915591	0.320579	-0.242740	-0.269808	0.937379	0.220281
53830	-1.780492	-0.770176	9.188477	0.135456	2.567122	-0.765645	0.297951	-0.162649	0.940622	0.917532	0.320657	-0.235190	-0.263364	0.933126	0.244776
53831	-0.083171	-0.290412	9.922716	0.715221	3.023146	-0.838192	0.298205	-0.193793	0.934622	0.918159	0.325863	-0.225385	-0.260880	0.925342	0.275106
53832	0.733203	0.566823	10.579353	1.033171	3.542705	-0.868594	0.299420	-0.229240	0.926173	0.918085	0.333484	-0.214264	-0.259746	0.914460	0.310314
53833	1.172453	0.663607	10.671737	1.139482	4.021471	-0.827497	0.302267	-0.268891	0.914512	0.917626	0.341814	-0.202794	-0.258063	0.900478	0.350061
53834	1.386351	0.222788	10.434802	1.220915	4.391165	-0.712102	0.306988	-0.310525	0.899629	0.916678	0.350596	-0.191791	-0.255850	0.883548	0.392281
53835	2.034104	-0.667843	10.233781	1.373107	4.674359	-0.598075	0.313459	-0.353849	0.881212	0.915036	0.360646	-0.180674	-0.253874	0.862975	0.436832
