// General information: 
//  MT Manager version: 2022.2.0 
//  XDA version: 2022.2.0 build 7381 rev 124627 built on 2023-07-19
// Device information: 
//  DeviceId: 00B4CAF0
//  ProductCode: MTW2-3A7G6
//  Firmware Version: 4.6.0
//  Hardware Version: 2.0.0
// Device settings: 
//  Filter Profile: human(46.1)
//  Option Flags: Orientation Smoother Disabled, Position/Velocity Smoother Disabled, Continuous Zero Rotation Update Disabled, AHS Disabled, ICC Disabled
// Coordinate system: ENU
PacketCounter	Acc_X	Acc_Y	Acc_Z	Gyr_X	Gyr_Y	Gyr_Z	Mat[1][1]	Mat[2][1]	Mat[3][1]	Mat[1][2]	Mat[2][2]	Mat[3][2]	Mat[1][3]	Mat[2][3]	Mat[3][3]
10320	6.151706	0.335617	8.245207	-0.030467	-0.242294	0.008947	-0.101955	0.798476	0.593331	-0.988252	-0.149563	0.031459	0.113860	-0.583153	0.804343
10321	6.338758	0.293447	8.220472	-0.026231	-0.224571	0.010420	-0.101770	0.797141	0.595155	-0.988279	-0.149444	0.031168	0.113788	-0.585007	0.803006
10322	6.659494	0.172494	8.271833	-0.014714	-0.200625	0.005020	-0.101661	0.795934	0.596787	-0.988282	-0.149462	0.030987	0.113861	-0.586643	0.801801
10323	6.831690	0.159572	7.978383	-0.013127	-0.096799	0.012046	-0.101638	0.795340	0.597582	-0.988292	-0.149432	0.030792	0.113788	-0.587456	0.801216
10324	6.441506	0.027072	8.144426	-0.002139	-0.048280	0.008663	-0.101741	0.795018	0.597992	-0.988277	-0.149558	0.030690	0.113833	-0.587859	0.800914
10325	6.337753	0.091286	8.077727	0.003743	-0.018689	0.003579	-0.101724	0.794895	0.598158	-0.988277	-0.149558	0.030680	0.113847	-0.588025	0.800790
10326	6.329573	0.114231	8.077614	0.004972	0.001984	0.001268	-0.101806	0.794881	0.598164	-0.988261	-0.149660	0.030680	0.113908	-0.588019	0.800787
10327	6.258885	0.112926	8.099810	0.002734	0.016075	0.004404	-0.101836	0.794961	0.598052	-0.988262	-0.149662	0.030657	0.113877	-0.587910	0.800871
10328	6.259754	0.165972	8.113116	0.000607	0.026945	0.004857	-0.101989	0.795087	0.597858	-0.988246	-0.149775	0.030599	0.113873	-0.587711	0.801017
10329	6.207277	0.172040	8.148017	-0.001333	0.042609	0.000816	-0.102014	0.795328	0.597533	-0.988255	-0.149724	0.030565	0.113775	-0.587397	0.801262
10330	6.184687	0.189975	8.172806	-0.003832	0.042985	0.006236	-0.102194	0.795547	0.597211	-0.988244	-0.149816	0.030463	0.113707	-0.587077	0.801505
10331	6.071516	0.198337	8.208160	-0.005751	0.049235	0.009395	-0.102312	0.795814	0.596835	-0.988249	-0.149808	0.030343	0.113558	-0.586717	0.801790
10332	6.168027	0.210817	8.179158	-0.006652	0.050296	0.007621	-0.102521	0.796072	0.596455	-0.988239	-0.149903	0.030210	0.113460	-0.586343	0.802078
10333	6.232305	0.183888	8.182276	-0.009366	0.055295	0.010349	-0.102654	0.796373	0.596030	-0.988247	-0.149881	0.030055	0.113268	-0.585940	0.802399
10334	6.093856	0.104757	8.161942	-0.011098	0.066342	0.009024	-0.102888	0.796723	0.595521	-0.988242	-0.149953	0.029878	0.113105	-0.585445	0.802784
10335	5.690181	0.129061	8.338270	-0.002978	0.052263	0.004914	-0.102965	0.797014	0.595119	-0.988248	-0.149925	0.029806	0.112979	-0.585056	0.803085
10336	5.382862	0.033821	8.532349	0.014770	-0.002488	-0.007804	-0.102958	0.796986	0.595158	-0.988230	-0.150020	0.029938	0.113146	-0.585070	0.803051
10337	5.734989	0.226423	8.405516	0.024729	-0.060418	-0.009204	-0.102768	0.796639	0.595656	-0.988219	-0.150042	0.030173	0.113411	-0.585538	0.802673
10338	6.196170	0.146825	8.271500	0.027773	-0.074168	-0.015931	-0.102606	0.796202	0.596267	-0.988193	-0.150156	0.030456	0.113782	-0.586102	0.802208
10339	6.126236	0.225288	8.246125	0.021877	-0.073265	-0.010903	-0.102383	0.795781	0.596867	-0.988187	-0.150148	0.030678	0.114032	-0.586676	0.801753
10340	6.184560	0.274527	8.220826	0.017691	-0.073992	-0.011722	-0.102251	0.795340	0.597477	-0.988171	-0.150222	0.030857	0.114296	-0.587254	0.801292
10341	6.585078	0.195108	8.194752	0.016530	-0.056161	-0.011286	-0.102044	0.795020	0.597939	-0.988171	-0.150180	0.031038	0.114474	-0.587699	0.800940
10342	6.538616	0.208388	7.952642	0.015545	-0.001232	-0.007383	-0.102043	0.794998	0.597967	-0.988152	-0.150282	0.031173	0.114646	-0.587701	0.800914
10343	6.180738	0.067401	8.168095	0.016440	0.028197	-0.005684	-0.101988	0.795165	0.597755	-0.988147	-0.150284	0.031320	0.114738	-0.587476	0.801067
10344	6.251962	0.151214	8.139133	0.020592	0.038341	-0.012039	-0.101991	0.795382	0.597465	-0.988125	-0.150385	0.031523	0.114922	-0.587155	0.801275
10345	6.216236	0.114283	8.173909	0.020826	0.053887	-0.006249	-0.101959	0.795700	0.597047	-0.988115	-0.150408	0.031709	0.115031	-0.586719	0.801579
10346	6.071699	0.113418	8.220304	0.017329	0.056720	-0.007993	-0.102017	0.796020	0.596611	-0.988094	-0.150513	0.031861	0.115160	-0.586257	0.801898
10347	6.189165	0.163470	8.181653	0.013822	0.060467	-0.005705	-0.101999	0.796375	0.596140	-0.988092	-0.150499	0.031988	0.115193	-0.585778	0.802243
10348	6.105280	0.186474	8.207139	0.015021	0.060979	-0.011086	-0.102038	0.796723	0.595668	-0.988076	-0.150575	0.032141	0.115300	-0.585286	0.802587
10349	6.012087	0.231011	8.287483	0.008724	0.061710	-0.004276	-0.102035	0.797083	0.595187	-0.988078	-0.150542	0.032218	0.115281	-0.584804	0.802941
10350	5.988628	0.251218	8.258266	0.007964	0.050134	-0.001542	-0.102143	0.797355	0.594804	-0.988063	-0.150637	0.032257	0.115320	-0.584409	0.803223
10351	6.077781	0.314141	8.262686	0.002133	0.038878	-0.001446	-0.102143	0.797576	0.594507	-0.988070	-0.150588	0.032264	0.115259	-0.584119	0.803443
10352	6.242547	0.275701	8.200388	-0.003989	0.045314	0.004890	-0.102316	0.797809	0.594165	-0.988060	-0.150673	0.032169	0.115189	-0.583780	0.803699
10353	6.278130	0.265061	8.138379	-0.007165	0.061387	0.010285	-0.102457	0.798144	0.593691	-0.988066	-0.150663	0.032032	0.115013	-0.583324	0.804056
10354	6.057022	0.152867	8.182695	-0.010555	0.082084	0.012998	-0.102757	0.798577	0.593056	-0.988055	-0.150779	0.031835	0.114843	-0.582700	0.804532
10355	5.669382	0.131303	8.357705	-0.006387	0.062648	0.010756	-0.102903	0.798918	0.592571	-0.988059	-0.150779	0.031701	0.114674	-0.582233	0.804894
10356	5.253259	0.073050	8.507221	0.015423	0.002907	-0.000603	-0.102972	0.798912	0.592568	-0.988033	-0.150931	0.031795	0.114838	-0.582203	0.804893
10357	5.606116	0.290725	8.469036	0.025019	-0.065968	-0.010481	-0.102761	0.798536	0.593111	-0.988023	-0.150943	0.032040	0.115111	-0.582715	0.804483
10358	6.162465	0.275108	8.229130	0.023795	-0.086644	-0.008177	-0.102660	0.798017	0.593826	-0.987993	-0.151094	0.032245	0.115456	-0.583386	0.803947
10359	6.154684	0.191505	8.309615	0.013610	-0.084163	-0.005360	-0.102479	0.797526	0.594517	-0.987991	-0.151081	0.032368	0.115634	-0.584060	0.803432
10360	6.144301	0.239433	8.250463	0.017374	-0.083591	-0.002687	-0.102431	0.797017	0.595208	-0.987964	-0.151233	0.032488	0.115909	-0.584716	0.802915
10361	6.321050	0.255579	8.192689	0.009814	-0.063631	-0.000840	-0.102318	0.796638	0.595734	-0.987962	-0.151235	0.032554	0.116029	-0.585231	0.802522
10362	6.267017	0.076915	8.153190	0.011522	-0.044177	0.000442	-0.102349	0.796353	0.596109	-0.987938	-0.151381	0.032608	0.116207	-0.585581	0.802241
10363	6.224293	0.164410	8.173815	0.009280	-0.030994	-0.000462	-0.102277	0.796165	0.596373	-0.987935	-0.151382	0.032667	0.116289	-0.585837	0.802042
10364	6.182991	0.095727	8.192669	0.009647	-0.020503	-0.005427	-0.102268	0.796029	0.596556	-0.987921	-0.151459	0.032742	0.116417	-0.586002	0.801903
10365	6.256905	0.152418	8.127615	0.010286	-0.005700	-0.005481	-0.102176	0.795996	0.596616	-0.987923	-0.151426	0.032839	0.116483	-0.586055	0.801855
10366	6.275639	0.133985	8.160256	0.004649	0.008916	-0.002773	-0.102225	0.796029	0.596563	-0.987912	-0.151492	0.032859	0.116531	-0.585993	0.801893
10367	6.195419	0.155817	8.183007	0.003200	0.023351	-0.003251	-0.102189	0.796163	0.596391	-0.987920	-0.151435	0.032886	0.116497	-0.585826	0.802020
10368	6.124703	0.181993	8.184603	0.002987	0.027970	-0.005950	-0.102227	0.796313	0.596184	-0.987915	-0.151462	0.032909	0.116505	-0.585615	0.802173
10369	6.095087	0.249745	8.242082	0.002241	0.036565	-0.000139	-0.102237	0.796519	0.595906	-0.987921	-0.151425	0.032910	0.116448	-0.585344	0.802379
10370	6.123834	0.287898	8.266896	-0.003530	0.034239	0.002179	-0.102369	0.796692	0.595653	-0.987914	-0.151488	0.032834	0.116393	-0.585093	0.802571
10371	6.090892	0.276227	8.224867	-0.003426	0.031931	0.003533	-0.102410	0.796866	0.595413	-0.987922	-0.151447	0.032767	0.116284	-0.584866	0.802751
10372	6.149399	0.299369	8.205865	-0.011018	0.033550	0.010338	-0.102624	0.797021	0.595168	-0.987915	-0.151534	0.032583	0.116158	-0.584632	0.802940
10373	6.213778	0.245898	8.175212	-0.011472	0.044624	0.013010	-0.102773	0.797255	0.594830	-0.987923	-0.151522	0.032395	0.115956	-0.584317	0.803199
10374	6.227257	0.198367	8.177912	-0.016330	0.060501	0.016172	-0.103073	0.797559	0.594369	-0.987917	-0.151619	0.032132	0.115745	-0.583875	0.803550
10375	5.929070	0.133767	8.222198	-0.017279	0.072802	0.015277	-0.103276	0.797954	0.593805	-0.987929	-0.151591	0.031884	0.115458	-0.583344	0.803977
10376	5.076656	-0.018618	8.531569	0.003039	0.028419	0.007541	-0.103466	0.798081	0.593600	-0.987906	-0.151750	0.031829	0.115481	-0.583128	0.804131
10377	5.509198	0.228215	8.592975	0.022734	-0.072041	-0.010405	-0.103249	0.797669	0.594192	-0.987899	-0.151750	0.032055	0.115738	-0.583692	0.803685
10378	6.153323	0.351431	8.311316	0.022344	-0.102701	-0.008516	-0.103123	0.797057	0.595034	-0.987872	-0.151886	0.032249	0.116082	-0.584492	0.803053
10379	6.249584	0.310336	8.228740	0.017705	-0.092355	-0.006665	-0.102919	0.796519	0.595789	-0.987866	-0.151887	0.032413	0.116310	-0.585224	0.802487
10380	6.378695	0.150426	8.167018	0.011641	-0.076980	0.001899	-0.102922	0.796041	0.596428	-0.987841	-0.152041	0.032460	0.116521	-0.585835	0.802010
10381	6.416906	0.216624	8.164242	0.011230	-0.047570	-0.000418	-0.102831	0.795755	0.596825	-0.987837	-0.152054	0.032534	0.116639	-0.586220	0.801712
10382	6.525083	0.128922	8.085083	0.013481	-0.011007	-0.000566	-0.102887	0.795666	0.596933	-0.987812	-0.152198	0.032610	0.116799	-0.586302	0.801628
10383	6.285145	0.140969	8.139099	0.014330	0.028751	-0.002060	-0.102869	0.795830	0.596718	-0.987805	-0.152217	0.032719	0.116869	-0.586075	0.801784
10384	6.160183	0.094682	8.129004	0.011182	0.043906	-0.000728	-0.102978	0.796065	0.596385	-0.987785	-0.152336	0.032779	0.116945	-0.585725	0.802029
10385	6.142266	0.220681	8.177369	0.011759	0.049779	-0.002988	-0.102976	0.796354	0.596001	-0.987783	-0.152331	0.032873	0.116968	-0.585334	0.802311
10386	6.107046	0.208601	8.245655	0.006551	0.054247	0.001098	-0.103120	0.796645	0.595586	-0.987765	-0.152444	0.032883	0.116990	-0.584908	0.802618
10387	6.150990	0.175752	8.237825	0.007458	0.052276	-0.001137	-0.103139	0.796945	0.595182	-0.987766	-0.152429	0.032932	0.116967	-0.584503	0.802916
10388	6.382160	0.111163	8.285953	0.014490	0.064039	-0.006612	-0.103227	0.797303	0.594686	-0.987745	-0.152537	0.033052	0.117064	-0.583986	0.803278
10389	6.477338	0.154826	8.184010	0.028612	0.116677	-0.012251	-0.103212	0.797995	0.593760	-0.987732	-0.152557	0.033337	0.117185	-0.583035	0.803951
10390	6.168597	0.198727	8.223003	0.028730	0.152899	-0.012730	-0.103337	0.798881	0.592546	-0.987703	-0.152689	0.033607	0.117324	-0.581787	0.804835
10391	6.055178	0.188297	8.263775	0.025316	0.153437	-0.013067	-0.103357	0.799785	0.591322	-0.987695	-0.152683	0.033870	0.117373	-0.580545	0.805724
10392	6.173747	0.216229	8.231594	0.018360	0.158646	-0.007113	-0.103541	0.800692	0.590061	-0.987672	-0.152794	0.034025	0.117402	-0.579264	0.806641
10393	6.065139	0.311642	8.241421	0.010915	0.165077	-0.004741	-0.103656	0.801647	0.588743	-0.987672	-0.152770	0.034123	0.117297	-0.577948	0.807600
10394	6.011025	0.321945	8.316420	-0.000054	0.165855	0.007067	-0.103984	0.802570	0.587425	-0.987657	-0.152884	0.034046	0.117132	-0.576635	0.808562
10395	5.957161	0.305322	8.303475	-0.008297	0.161628	0.016165	-0.104302	0.803469	0.586139	-0.987659	-0.152917	0.033865	0.116840	-0.575373	0.809503
10396	5.861598	0.219214	8.255228	-0.009725	0.145573	0.015801	-0.104719	0.804254	0.584987	-0.987641	-0.153078	0.033658	0.116618	-0.574233	0.810344
10397	5.613352	0.098121	8.343944	-0.008536	0.127273	0.024812	-0.105081	0.804939	0.583979	-0.987633	-0.153180	0.033424	0.116358	-0.573245	0.811080
10398	5.629642	0.420459	8.398459	0.000370	0.077269	0.017590	-0.105416	0.805330	0.583379	-0.987605	-0.153388	0.033288	0.116291	-0.572639	0.811518
10399	5.806103	0.411361	8.296821	-0.016837	0.047782	0.022534	-0.105662	0.805562	0.583014	-0.987609	-0.153424	0.033000	0.116032	-0.572303	0.811791
10400	5.921343	0.166506	8.255084	-0.022845	0.040670	0.029271	-0.106058	0.805727	0.582714	-0.987598	-0.153582	0.032610	0.115769	-0.572028	0.812023
10401	5.988846	0.190403	8.270624	-0.024246	0.043872	0.027946	-0.106354	0.805928	0.582382	-0.987604	-0.153619	0.032231	0.115441	-0.571735	0.812276
10402	5.910855	0.105065	8.302896	-0.023174	0.038196	0.032425	-0.106791	0.806072	0.582103	-0.987587	-0.153815	0.031817	0.115183	-0.571479	0.812492
10403	5.839547	0.126987	8.303622	-0.023621	0.029086	0.031964	-0.107109	0.806182	0.581892	-0.987588	-0.153889	0.031420	0.114877	-0.571305	0.812659
10404	5.778576	0.152926	8.336692	-0.015020	0.015142	0.026084	-0.107454	0.806204	0.581798	-0.987569	-0.154078	0.031110	0.114723	-0.571223	0.812738
10405	5.590857	0.207926	8.366004	-0.022485	-0.006660	0.026936	-0.107681	0.806117	0.581876	-0.987574	-0.154117	0.030752	0.114467	-0.571334	0.812696
10406	5.569238	0.194607	8.516609	-0.019298	-0.050988	0.020077	-0.107895	0.805770	0.582317	-0.987565	-0.154238	0.030442	0.114344	-0.571791	0.812392
10407	5.766060	0.187906	8.440942	-0.017538	-0.082243	0.018205	-0.107950	0.805264	0.583007	-0.987573	-0.154235	0.030174	0.114218	-0.572504	0.811907
10408	5.985948	0.189938	8.320650	-0.016188	-0.094382	0.017300	-0.108079	0.804673	0.583798	-0.987565	-0.154341	0.029906	0.114169	-0.573306	0.811348
10409	6.094919	0.200551	8.284734	-0.020881	-0.092959	0.016903	-0.108109	0.804107	0.584573	-0.987579	-0.154308	0.029619	0.114021	-0.574109	0.810801
10410	5.989548	0.154403	8.298350	-0.015672	-0.077235	0.016048	-0.108245	0.803615	0.585223	-0.987571	-0.154406	0.029362	0.113957	-0.574771	0.810341
10411	5.863789	0.126505	8.388366	-0.007328	-0.095965	0.014655	-0.108249	0.803033	0.586021	-0.987572	-0.154432	0.029198	0.113947	-0.575577	0.809770
10412	6.051543	0.090920	8.298053	-0.002438	-0.102440	0.004333	-0.108243	0.802413	0.586871	-0.987561	-0.154515	0.029116	0.114043	-0.576419	0.809157
10413	6.112225	0.137433	8.272111	0.004170	-0.089921	0.004797	-0.108157	0.801879	0.587616	-0.987560	-0.154528	0.029103	0.114140	-0.577158	0.808617
10414	6.167683	0.129530	8.343890	0.008176	-0.085482	-0.001028	-0.108112	0.801364	0.588326	-0.987544	-0.154622	0.029140	0.114320	-0.577847	0.808099
10415	6.436973	0.155442	8.169659	0.011861	-0.053005	-0.003700	-0.107984	0.801056	0.588769	-0.987542	-0.154612	0.029238	0.114452	-0.578277	0.807772
10416	6.413473	0.092432	8.362505	0.019180	-0.016741	-0.001028	-0.108019	0.800937	0.588924	-0.987514	-0.154773	0.029363	0.114668	-0.578398	0.807655
10417	6.469046	0.169886	8.212179	0.020957	0.031404	-0.007747	-0.107948	0.801124	0.588684	-0.987506	-0.154783	0.029559	0.114799	-0.578138	0.807823
10418	6.131338	0.095686	8.230347	0.025334	0.067443	-0.011338	-0.107985	0.801506	0.588156	-0.987480	-0.154905	0.029796	0.114989	-0.577575	0.808199
10419	5.948044	0.160244	8.297960	0.026806	0.072266	-0.011773	-0.107920	0.801934	0.587584	-0.987470	-0.154916	0.030063	0.115134	-0.576977	0.808605
10420	5.834453	0.199378	8.311375	0.019731	0.060512	-0.006341	-0.107998	0.802268	0.587113	-0.987445	-0.155044	0.030224	0.115276	-0.576478	0.808941
10421	5.809143	0.192727	8.357389	0.017706	0.038567	-0.004543	-0.107967	0.802490	0.586815	-0.987438	-0.155061	0.030375	0.115367	-0.576164	0.809151
10422	5.802452	0.297075	8.349419	0.009901	0.014301	-0.000483	-0.108049	0.802549	0.586720	-0.987418	-0.155178	0.030422	0.115461	-0.576051	0.809218
10423	5.989952	0.239965	8.265288	0.001534	0.003432	0.004931	-0.108070	0.802554	0.586709	-0.987419	-0.155178	0.030386	0.115431	-0.576044	0.809227
10424	6.046755	0.183420	8.254900	0.002694	0.005775	0.007620	-0.108231	0.802550	0.586686	-0.987397	-0.155329	0.030327	0.115468	-0.576009	0.809247
10425	6.095181	0.175775	8.278086	0.000790	0.011119	0.006736	-0.108279	0.802596	0.586614	-0.987397	-0.155338	0.030275	0.115422	-0.575942	0.809301
10426	6.110909	0.103612	8.245431	-0.001114	0.016464	0.005852	-0.108416	0.802659	0.586502	-0.987385	-0.155431	0.030196	0.115398	-0.575829	0.809385
10427	6.080795	0.144386	8.268747	-0.001678	0.029861	0.007214	-0.108491	0.802813	0.586278	-0.987387	-0.155431	0.030121	0.115307	-0.575616	0.809550
10428	5.878857	0.145579	8.255845	-0.001456	0.034650	0.002735	-0.108628	0.802983	0.586019	-0.987377	-0.155509	0.030058	0.115267	-0.575356	0.809740
10429	5.735980	0.168453	8.385720	0.000414	0.010031	0.004497	-0.108653	0.803027	0.585955	-0.987380	-0.155499	0.030016	0.115219	-0.575298	0.809788
10430	5.803167	0.090084	8.320296	0.003903	-0.013000	0.003111	-0.108745	0.802922	0.586081	-0.987362	-0.155617	0.029992	0.115286	-0.575413	0.809697
10431	5.773092	0.260858	8.364578	0.005071	-0.030853	0.002640	-0.108704	0.802733	0.586348	-0.987362	-0.155618	0.029999	0.115328	-0.575676	0.809504
10432	6.033696	0.203653	8.312016	0.000123	-0.043167	0.004449	-0.108763	0.802454	0.586718	-0.987349	-0.155713	0.029938	0.115384	-0.576039	0.809238
10433	6.047229	0.181314	8.254599	0.001472	-0.045443	0.009833	-0.108777	0.802169	0.587105	-0.987344	-0.155752	0.029874	0.115406	-0.576425	0.808960
10434	5.998829	0.160481	8.305354	-0.001276	-0.039964	0.003124	-0.108828	0.801911	0.587448	-0.987334	-0.155829	0.029808	0.115445	-0.576764	0.808712
10435	6.043450	0.176533	8.271209	0.004563	-0.039034	0.006244	-0.108814	0.801668	0.587782	-0.987330	-0.155856	0.029790	0.115491	-0.577093	0.808471
10436	6.005469	0.160370	8.300556	0.001727	-0.041574	0.001326	-0.108847	0.801402	0.588138	-0.987318	-0.155939	0.029760	0.115564	-0.577440	0.808213
10437	6.109867	0.173659	8.267298	0.005011	-0.039788	0.000418	-0.108774	0.801164	0.588476	-0.987320	-0.155923	0.029780	0.115615	-0.577775	0.807966
10438	5.910113	0.121704	8.293536	0.006077	-0.035134	0.001763	-0.108813	0.800936	0.588779	-0.987304	-0.156025	0.029782	0.115718	-0.578064	0.807745
10439	5.900553	0.090451	8.388526	0.011852	-0.053008	-0.003645	-0.108684	0.800628	0.589222	-0.987303	-0.156016	0.029880	0.115851	-0.578493	0.807418
10440	5.983575	0.227303	8.311781	0.014012	-0.064813	-0.008128	-0.108603	0.800241	0.589763	-0.987285	-0.156100	0.030005	0.116073	-0.579006	0.807019
10441	6.076861	0.184484	8.286681	0.014103	-0.067119	-0.006765	-0.108427	0.799855	0.590318	-0.987285	-0.156078	0.030140	0.116243	-0.579544	0.806608
10442	6.204784	0.233620	8.241736	0.010263	-0.055508	-0.004494	-0.108377	0.799518	0.590784	-0.987271	-0.156152	0.030213	0.116409	-0.579989	0.806264
10443	6.157997	0.214841	8.237596	0.007311	-0.044953	-0.000440	-0.108289	0.799250	0.591162	-0.987271	-0.156142	0.030256	0.116488	-0.580361	0.805985
10444	6.169804	0.192616	8.235135	0.007043	-0.028162	0.001788	-0.108336	0.799061	0.591409	-0.987253	-0.156252	0.030266	0.116593	-0.580591	0.805804
10445	6.182292	0.197306	8.211983	0.005042	-0.020511	-0.000452	-0.108277	0.798935	0.591590	-0.987256	-0.156229	0.030291	0.116624	-0.580771	0.805670
10446	6.009697	0.130256	8.251526	0.006172	-0.006920	0.003110	-0.108364	0.798867	0.591666	-0.987238	-0.156346	0.030286	0.116699	-0.580833	0.805614
10447	5.748988	0.107103	8.366711	0.010043	-0.029774	-0.000019	-0.108298	0.798687	0.591922	-0.987234	-0.156355	0.030348	0.116789	-0.581079	0.805424
10448	5.543312	0.106145	8.372015	0.022165	-0.069967	-0.009894	-0.108176	0.798273	0.592501	-0.987213	-0.156454	0.030549	0.117086	-0.581620	0.804990
10449	5.756010	0.214073	8.403243	0.031408	-0.122094	-0.017440	-0.107830	0.797583	0.593494	-0.987203	-0.156449	0.030887	0.117486	-0.582568	0.804246
10450	6.121640	0.303252	8.280579	0.025140	-0.133497	-0.015505	-0.107587	0.796805	0.594581	-0.987182	-0.156532	0.031144	0.117887	-0.583609	0.803432
10451	6.241680	0.296374	8.240859	0.020404	-0.120827	-0.015000	-0.107265	0.796115	0.595563	-0.987182	-0.156482	0.031379	0.118176	-0.584563	0.802696
10452	6.345912	0.204389	8.233335	0.013063	-0.105459	-0.010461	-0.107103	0.795491	0.596425	-0.987170	-0.156534	0.031510	0.118426	-0.585398	0.802050
10453	6.253289	0.193485	8.204659	0.009990	-0.081354	-0.006914	-0.106907	0.795018	0.597090	-0.987174	-0.156488	0.031613	0.118570	-0.586052	0.801551
10454	6.247968	0.164754	8.134246	0.007041	-0.060486	-0.006066	-0.106840	0.794650	0.597592	-0.987164	-0.156539	0.031669	0.118713	-0.586538	0.801174
10455	6.252414	0.165677	8.130811	0.008691	-0.049040	-0.002987	-0.106721	0.794359	0.598000	-0.987165	-0.156517	0.031738	0.118809	-0.586938	0.800867
10456	6.255512	0.165788	8.182764	0.006858	-0.034767	-0.001688	-0.106733	0.794134	0.598297	-0.987150	-0.156608	0.031767	0.118926	-0.587219	0.800644
10457	6.287228	0.152038	8.137290	0.002951	-0.021787	-0.004852	-0.106628	0.794006	0.598486	-0.987160	-0.156538	0.031802	0.118936	-0.587410	0.800502
10458	6.298514	0.156675	8.114782	0.003887	-0.002664	-0.000027	-0.106691	0.793967	0.598527	-0.987147	-0.156619	0.031796	0.118986	-0.587442	0.800472
10459	6.259900	0.194725	8.104645	0.000455	0.019413	-0.002799	-0.106655	0.794077	0.598386	-0.987158	-0.156550	0.031798	0.118928	-0.587310	0.800577
10460	6.218253	0.205724	8.117192	0.003189	0.035508	0.001577	-0.106783	0.794259	0.598122	-0.987143	-0.156646	0.031778	0.118934	-0.587039	0.800775
10461	6.216130	0.231953	8.152803	-0.001421	0.045854	0.003371	-0.106840	0.794515	0.597771	-0.987150	-0.156616	0.031728	0.118829	-0.586700	0.801039
10462	6.162277	0.238245	8.188455	-0.000951	0.054956	0.003778	-0.106995	0.794811	0.597351	-0.987141	-0.156682	0.031662	0.118760	-0.586282	0.801355
10463	6.174895	0.191650	8.246100	-0.001071	0.058191	0.006467	-0.107096	0.795134	0.596902	-0.987144	-0.156678	0.031597	0.118645	-0.585845	0.801692
10464	6.271975	0.230948	8.196651	-0.006478	0.067286	0.007836	-0.107313	0.795493	0.596384	-0.987137	-0.156753	0.031462	0.118513	-0.585337	0.802082
10465	6.255226	0.225101	8.223277	-0.014044	0.089113	0.017704	-0.107562	0.795979	0.595691	-0.987143	-0.156763	0.031226	0.118237	-0.584673	0.802607
10466	6.183874	0.146454	8.184119	-0.014677	0.103889	0.013647	-0.107881	0.796542	0.594880	-0.987138	-0.156839	0.030990	0.117986	-0.583886	0.803217
10467	5.623593	0.112880	8.358814	-0.010887	0.093220	0.015483	-0.108113	0.797054	0.594152	-0.987142	-0.156850	0.030792	0.117736	-0.583183	0.803763
10468	5.396917	0.104099	8.501750	0.008358	0.031967	0.001630	-0.108233	0.797214	0.593915	-0.987122	-0.156971	0.030813	0.117792	-0.582932	0.803938
10469	5.620136	0.349413	8.408962	0.019318	-0.031208	-0.004538	-0.108121	0.797032	0.594180	-0.987113	-0.156999	0.030977	0.117975	-0.583174	0.803735
10470	5.983708	0.150343	8.374474	0.022743	-0.074405	-0.008897	-0.108003	0.796590	0.594794	-0.987089	-0.157110	0.031176	0.118283	-0.583747	0.803273
10471	6.091155	0.349450	8.263972	0.020036	-0.079707	-0.003001	-0.107848	0.796122	0.595449	-0.987077	-0.157154	0.031336	0.118525	-0.584374	0.802782
10472	6.120438	0.203077	8.213790	0.011681	-0.081166	-0.004696	-0.107774	0.795630	0.596118	-0.987059	-0.157248	0.031423	0.118739	-0.585017	0.802282
10473	6.329378	0.257146	8.124266	0.011404	-0.063450	0.001530	-0.107683	0.795249	0.596643	-0.987052	-0.157278	0.031487	0.118879	-0.585528	0.801889
10474	6.288416	0.161284	8.163145	0.003780	-0.041171	0.001954	-0.107716	0.794982	0.596993	-0.987038	-0.157370	0.031469	0.118966	-0.585865	0.801629
10475	6.221642	0.161054	8.127640	0.005834	-0.029560	0.003230	-0.107682	0.794796	0.597247	-0.987036	-0.157381	0.031478	0.119014	-0.586114	0.801440
10476	6.163153	0.163121	8.234890	0.005011	-0.019571	0.003640	-0.107762	0.794652	0.597424	-0.987018	-0.157500	0.031461	0.119095	-0.586278	0.801308
10477	6.136992	0.205245	8.201376	0.003110	-0.014234	0.002735	-0.107741	0.794557	0.597555	-0.987019	-0.157491	0.031451	0.119099	-0.586410	0.801211
10478	6.247113	0.194803	8.223077	0.000015	-0.010315	0.003194	-0.107827	0.794468	0.597658	-0.987008	-0.157576	0.031395	0.119119	-0.586507	0.801137
10479	6.435568	0.163993	8.115003	0.003540	0.016423	0.000780	-0.107823	0.794555	0.597542	-0.987011	-0.157554	0.031400	0.119094	-0.586395	0.801223
10480	6.298831	0.085997	8.148064	0.007221	0.050722	0.005961	-0.108001	0.794821	0.597156	-0.986989	-0.157693	0.031386	0.119114	-0.585997	0.801511
10481	6.143666	0.079895	8.215951	0.003720	0.063867	0.001003	-0.108056	0.795186	0.596660	-0.986992	-0.157674	0.031392	0.119040	-0.585507	0.801880
10482	6.053612	0.178756	8.198628	0.006796	0.070267	-0.002629	-0.108174	0.795578	0.596115	-0.986980	-0.157746	0.031426	0.119037	-0.584954	0.802284
10483	6.075798	0.137448	8.235058	0.006419	0.058863	-0.001662	-0.108197	0.795918	0.595658	-0.986982	-0.157721	0.031469	0.118995	-0.584499	0.802622
10484	6.225959	0.250055	8.252615	0.001396	0.069053	0.001939	-0.108366	0.796294	0.595124	-0.986970	-0.157806	0.031433	0.118944	-0.583963	0.803019
10485	6.271065	0.269976	8.203605	-0.004741	0.085838	0.005080	-0.108487	0.796780	0.594452	-0.986978	-0.157770	0.031346	0.118763	-0.583310	0.803520
10486	6.254536	0.291492	8.209709	-0.012993	0.103189	0.011837	-0.108785	0.797340	0.593645	-0.986974	-0.157839	0.031135	0.118525	-0.582525	0.804124
10487	6.232804	0.232149	8.172395	-0.022677	0.124671	0.021303	-0.109112	0.798025	0.592664	-0.986986	-0.157828	0.030808	0.118124	-0.581590	0.804860
10488	6.245735	0.107251	8.168689	-0.022074	0.140425	0.025357	-0.109595	0.798777	0.591561	-0.986976	-0.157962	0.030443	0.117761	-0.580520	0.805685
10489	6.248290	0.030795	8.254023	-0.022250	0.164324	0.021797	-0.109972	0.799688	0.590259	-0.986986	-0.157958	0.030116	0.117320	-0.579265	0.806652
10490	6.059520	0.117788	8.251829	-0.015215	0.176094	0.016459	-0.110403	0.800658	0.588862	-0.986979	-0.158055	0.029859	0.116979	-0.577898	0.807682
10491	5.935153	0.125262	8.293318	-0.012738	0.176197	0.024636	-0.110821	0.801629	0.587461	-0.986975	-0.158130	0.029592	0.116617	-0.576530	0.808711
10492	5.852175	0.174708	8.390034	-0.008104	0.164933	0.018890	-0.111266	0.802525	0.586152	-0.986955	-0.158295	0.029380	0.116363	-0.575236	0.809668
10493	5.829195	0.143082	8.332871	-0.007575	0.141223	0.020758	-0.111604	0.803296	0.585030	-0.986949	-0.158369	0.029178	0.116090	-0.574138	0.810487
10494	6.040489	-0.008463	8.311116	-0.000511	0.122000	0.024830	-0.112060	0.803932	0.584068	-0.986913	-0.158629	0.028992	0.115958	-0.573175	0.811187
10495	6.112213	0.074240	8.430615	0.018136	0.117724	0.021260	-0.112375	0.804566	0.583135	-0.986876	-0.158855	0.028996	0.115963	-0.572223	0.811858
10496	6.558311	-0.061336	8.559332	0.045322	0.183062	-0.009100	-0.112564	0.805603	0.581665	-0.986825	-0.159099	0.029380	0.116211	-0.570694	0.812898
10497	6.435529	-0.095337	8.318329	0.078919	0.232736	-0.017351	-0.112633	0.806949	0.579782	-0.986761	-0.159360	0.030104	0.116686	-0.568716	0.814215
10498	5.767025	0.212241	8.175427	0.079498	0.256579	-0.014818	-0.112854	0.808405	0.577706	-0.986677	-0.159751	0.030800	0.117188	-0.566534	0.815663
10499	5.382019	0.236406	8.395677	0.072434	0.223723	-0.016515	-0.112923	0.809690	0.575891	-0.986619	-0.159979	0.031467	0.117609	-0.564632	0.816921
10500	5.299773	0.218216	8.534661	0.060450	0.169557	-0.018845	-0.113000	0.810653	0.574519	-0.986561	-0.160222	0.032032	0.118017	-0.563178	0.817864
10501	5.455915	0.314347	8.450352	0.052316	0.104664	-0.019495	-0.112900	0.811267	0.573672	-0.986530	-0.160310	0.032552	0.118374	-0.562270	0.818438
10502	5.744360	0.406455	8.401451	0.035253	0.079532	-0.009787	-0.112965	0.811706	0.573038	-0.986491	-0.160488	0.032860	0.118639	-0.561584	0.818870
10503	5.910075	0.395956	8.324797	0.015184	0.073945	0.006233	-0.113084	0.812104	0.572450	-0.986474	-0.160576	0.032929	0.118664	-0.560984	0.819278
10504	5.784225	0.321765	8.225595	-0.011622	0.074257	0.039724	-0.113628	0.812434	0.571874	-0.986435	-0.160889	0.032569	0.118468	-0.560416	0.819695
10505	5.614203	0.045189	8.231813	-0.016384	0.062165	0.062558	-0.114287	0.812674	0.571401	-0.986392	-0.161257	0.032057	0.118194	-0.559961	0.820045
10506	5.636344	-0.000873	8.268208	-0.004463	0.040992	0.053597	-0.114928	0.812795	0.571101	-0.986328	-0.161722	0.031676	0.118105	-0.559652	0.820269
10507	5.755219	0.226777	8.266687	0.001341	0.050164	0.024508	-0.115198	0.813029	0.570713	-0.986307	-0.161880	0.031527	0.118019	-0.559266	0.820544
10508	5.708312	0.053353	8.353783	0.009041	0.048494	0.017838	-0.115502	0.813247	0.570341	-0.986266	-0.162139	0.031461	0.118060	-0.558874	0.820806
10509	5.650246	0.112585	8.561612	0.018623	0.022162	0.012855	-0.115624	0.813343	0.570179	-0.986238	-0.162299	0.031521	0.118177	-0.558687	0.820916
10510	5.538908	0.463124	8.570918	0.013052	-0.012607	0.006793	-0.115721	0.813243	0.570303	-0.986211	-0.162460	0.031552	0.118310	-0.558787	0.820829
10511	5.517788	0.558235	8.547094	-0.005169	-0.049060	0.011398	-0.115744	0.812943	0.570725	-0.986212	-0.162475	0.031425	0.118275	-0.559219	0.820540
10512	5.707058	0.547184	8.441493	-0.020891	-0.086352	0.020087	-0.115908	0.812404	0.571459	-0.986205	-0.162580	0.031100	0.118174	-0.559971	0.820041
10513	5.930767	0.442806	8.389592	-0.029568	-0.093014	0.032149	-0.116084	0.811824	0.572247	-0.986211	-0.162628	0.030654	0.117949	-0.560798	0.819508
10514	6.045588	0.244037	8.430697	-0.035883	-0.084195	0.037117	-0.116412	0.811269	0.572967	-0.986203	-0.162780	0.030110	0.117694	-0.561557	0.819025
10515	6.144147	0.091578	8.417296	-0.022891	-0.072446	0.030996	-0.116602	0.810804	0.573586	-0.986202	-0.162854	0.029725	0.117512	-0.562206	0.818606
10516	6.042860	0.099223	8.333337	-0.019808	-0.045804	0.030695	-0.116909	0.810475	0.573988	-0.986183	-0.163039	0.029348	0.117369	-0.562626	0.818337
10517	5.796610	0.106291	8.343627	-0.004568	-0.035576	0.016909	-0.117003	0.810240	0.574300	-0.986177	-0.163102	0.029194	0.117324	-0.562946	0.818124
10518	5.648734	0.256652	8.347947	0.000236	-0.049208	0.012396	-0.117123	0.809922	0.574725	-0.986156	-0.163248	0.029087	0.117381	-0.563362	0.817829
10519	5.744848	-0.125886	8.541018	0.005867	-0.071482	0.002018	-0.117028	0.809509	0.575326	-0.986155	-0.163249	0.029104	0.117481	-0.563955	0.817406
10520	5.874123	-0.181719	8.365417	0.047919	-0.088705	-0.021606	-0.116776	0.809020	0.576064	-0.986116	-0.163403	0.029582	0.118063	-0.564611	0.816869
10521	6.274504	-0.000057	8.233844	0.059708	-0.066675	-0.034929	-0.116322	0.808694	0.576614	-0.986094	-0.163409	0.030251	0.118688	-0.565077	0.816456
10522	6.008347	0.191571	8.266542	0.063510	-0.037845	-0.030766	-0.116029	0.808509	0.576932	-0.986048	-0.163564	0.030909	0.119356	-0.565297	0.816207
10523	5.958360	0.205275	8.350314	0.064503	-0.021906	-0.028461	-0.115691	0.808425	0.577118	-0.986013	-0.163650	0.031581	0.119976	-0.565392	0.816050
10524	5.927487	0.200488	8.413174	0.067159	-0.024627	-0.032476	-0.115404	0.808316	0.577328	-0.985962	-0.163822	0.032279	0.120670	-0.565498	0.815874
10525	5.656777	0.338732	8.435788	0.064204	-0.035630	-0.026194	-0.115072	0.808150	0.577626	-0.985923	-0.163925	0.032934	0.121303	-0.565705	0.815637
10526	5.672992	0.272831	8.563605	0.064522	-0.072683	-0.031583	-0.114735	0.807768	0.578227	-0.985873	-0.164088	0.033605	0.122025	-0.566203	0.815184
10527	5.909076	0.236368	8.500266	0.053986	-0.091488	-0.034298	-0.114254	0.807299	0.578977	-0.985855	-0.164069	0.034224	0.122621	-0.566877	0.814625
10528	6.029382	0.259030	8.443401	0.046275	-0.098759	-0.029799	-0.113902	0.806765	0.579790	-0.985824	-0.164146	0.034737	0.123195	-0.567614	0.814025
10529	6.058445	0.245651	8.361715	0.035382	-0.089473	-0.029371	-0.113472	0.806298	0.580523	-0.985823	-0.164062	0.035176	0.123604	-0.568302	0.813484
10530	6.138572	0.303976	8.347824	0.028256	-0.080970	-0.020851	-0.113229	0.805850	0.581193	-0.985804	-0.164109	0.035489	0.123978	-0.568924	0.812992
10531	6.013537	0.126824	8.383066	0.023795	-0.054559	-0.022695	-0.112907	0.805569	0.581644	-0.985808	-0.164013	0.035795	0.124232	-0.569348	0.812655
10532	6.009811	0.335945	8.358171	0.023459	-0.057015	-0.019534	-0.112709	0.805254	0.582119	-0.985793	-0.164046	0.036061	0.124532	-0.569785	0.812303
10533	6.053797	0.327529	8.345043	0.013031	-0.048945	-0.015539	-0.112463	0.804993	0.582527	-0.985803	-0.163947	0.036238	0.124675	-0.570181	0.812003
10534	6.055122	0.275959	8.331043	0.012822	-0.044744	-0.008809	-0.112371	0.804733	0.582905	-0.985792	-0.163988	0.036356	0.124847	-0.570538	0.811727
10535	6.102042	0.319678	8.275205	0.008218	-0.035725	-0.001661	-0.112279	0.804524	0.583210	-0.985792	-0.163973	0.036413	0.124926	-0.570836	0.811505
10536	6.082534	0.285690	8.283567	0.004876	-0.026242	0.000098	-0.112308	0.804352	0.583442	-0.985779	-0.164053	0.036415	0.125006	-0.571055	0.811338
10537	6.100406	0.240154	8.337212	0.005221	-0.015229	0.008595	-0.112342	0.804244	0.583584	-0.985772	-0.164104	0.036388	0.125033	-0.571193	0.811237
10538	6.058081	0.144101	8.269638	-0.000108	-0.008419	0.011251	-0.112500	0.804156	0.583675	-0.985753	-0.164241	0.036284	0.125041	-0.571277	0.811176
10539	6.060159	0.014064	8.302306	0.002390	0.012737	0.003557	-0.112520	0.804216	0.583589	-0.985755	-0.164235	0.036264	0.125009	-0.571195	0.811239
10540	6.000732	0.253974	8.345899	0.011038	0.016670	0.002224	-0.112623	0.804285	0.583473	-0.985731	-0.164367	0.036303	0.125102	-0.571059	0.811321
10541	5.990420	0.277134	8.346821	0.002061	0.020595	0.003531	-0.112652	0.804390	0.583323	-0.985733	-0.164358	0.036280	0.125058	-0.570914	0.811430
10542	5.966208	0.215831	8.325384	0.001367	0.017034	0.004440	-0.112790	0.804456	0.583206	-0.985717	-0.164468	0.036228	0.125063	-0.570790	0.811516
10543	6.006307	0.231460	8.294822	0.001276	0.019337	0.003086	-0.112814	0.804554	0.583066	-0.985721	-0.164452	0.036201	0.125012	-0.570656	0.811618
10544	5.948825	0.131722	8.305512	0.002151	0.028609	0.001716	-0.112924	0.804693	0.582853	-0.985710	-0.164525	0.036170	0.125000	-0.570439	0.811772
10545	5.649760	0.045305	8.418889	0.014013	0.016400	-0.004938	-0.112865	0.804788	0.582733	-0.985706	-0.164517	0.036294	0.125078	-0.570308	0.811852
10546	5.770183	0.250618	8.433278	0.018092	-0.019661	-0.016932	-0.112735	0.804681	0.582906	-0.985695	-0.164536	0.036502	0.125281	-0.570452	0.811720
10547	5.936516	0.289375	8.327088	0.019204	-0.026260	-0.016454	-0.112509	0.804551	0.583129	-0.985699	-0.164465	0.036734	0.125459	-0.570656	0.811549
10548	5.840025	0.150176	8.387927	0.026758	-0.035952	-0.021326	-0.112315	0.804359	0.583431	-0.985682	-0.164498	0.037037	0.125765	-0.570917	0.811318
10549	5.999121	0.449198	8.378762	0.027379	-0.050313	-0.026647	-0.111958	0.804109	0.583845	-0.985686	-0.164392	0.037396	0.126049	-0.571301	0.811004
10550	6.037688	0.334381	8.343728	0.013804	-0.047684	-0.015021	-0.111801	0.803841	0.584244	-0.985680	-0.164389	0.037557	0.126233	-0.571679	0.810709
10551	6.122040	0.314437	8.266429	0.015316	-0.044213	-0.010086	-0.111615	0.803597	0.584614	-0.985681	-0.164347	0.037721	0.126392	-0.572033	0.810434
10552	6.086344	0.353630	8.306681	0.008691	-0.036514	-0.007440	-0.111547	0.803380	0.584925	-0.985673	-0.164378	0.037798	0.126515	-0.572329	0.810206
10553	6.018017	0.326864	8.292035	0.004973	-0.028537	0.001493	-0.111495	0.803207	0.585172	-0.985674	-0.164370	0.037810	0.126554	-0.572574	0.810027
10554	6.007329	0.269634	8.300760	0.001783	-0.032621	0.003750	-0.111558	0.802991	0.585457	-0.985659	-0.164470	0.037764	0.126614	-0.572848	0.809823
10555	6.068393	0.213089	8.234674	0.001689	-0.030319	0.002396	-0.111513	0.802806	0.585719	-0.985663	-0.164450	0.037745	0.126623	-0.573112	0.809635
10556	6.030796	0.224321	8.243209	0.006626	-0.018007	0.000554	-0.111553	0.802681	0.585883	-0.985647	-0.164540	0.037757	0.126708	-0.573262	0.809515
10557	5.931279	0.265869	8.392582	0.008898	-0.021841	-0.005703	-0.111438	0.802558	0.586074	-0.985651	-0.164497	0.037843	0.126779	-0.573447	0.809374
10558	5.887720	0.353949	8.411776	0.005160	-0.032738	-0.005203	-0.111407	0.802357	0.586355	-0.985643	-0.164538	0.037878	0.126870	-0.573717	0.809168
10559	5.970817	0.488663	8.280201	0.000266	-0.046397	0.002045	-0.111338	0.802080	0.586747	-0.985649	-0.164507	0.037850	0.126883	-0.574113	0.808885
10560	5.922322	0.441824	8.297811	-0.007266	-0.056927	0.003892	-0.111363	0.801725	0.587227	-0.985647	-0.164547	0.037730	0.126876	-0.574597	0.808542
10561	6.046720	0.434114	8.296852	-0.016281	-0.062364	0.012449	-0.111376	0.801339	0.587752	-0.985663	-0.164504	0.037507	0.126743	-0.575148	0.808172
10562	5.924655	0.513511	8.410352	-0.025844	-0.075009	0.028687	-0.111615	0.800839	0.588386	-0.985658	-0.164626	0.037091	0.126568	-0.575808	0.807729
10563	5.995672	0.585376	8.396246	-0.047298	-0.084008	0.039976	-0.111872	0.800282	0.589095	-0.985682	-0.164625	0.036455	0.126154	-0.576582	0.807241
10564	5.528387	0.553338	8.676582	-0.064174	-0.112724	0.056806	-0.112349	0.799516	0.590043	-0.985692	-0.164759	0.035566	0.125650	-0.577605	0.806588
10565	5.148225	0.576738	9.087193	-0.082368	-0.212827	0.073265	-0.112774	0.798157	0.591800	-0.985722	-0.164819	0.034450	0.125037	-0.579465	0.805348
10566	5.379952	1.034372	9.012638	-0.121195	-0.334693	0.088813	-0.113291	0.796045	0.594540	-0.985766	-0.164872	0.032911	0.124222	-0.582348	0.803392
10567	5.480883	0.571515	8.861546	-0.146878	-0.409764	0.125957	-0.113995	0.793437	0.597883	-0.985813	-0.164966	0.030964	0.123198	-0.585871	0.800985
10568	5.804752	0.241385	8.640668	-0.158403	-0.499783	0.129815	-0.114714	0.790263	0.601934	-0.985853	-0.165106	0.028884	0.122208	-0.590105	0.798023
10569	5.511441	1.236832	9.075881	-0.177496	-0.580030	0.091361	-0.114878	0.786668	0.606594	-0.985973	-0.164725	0.026900	0.121083	-0.594995	0.794556
10570	4.450682	0.777253	9.536627	-0.393498	-0.721044	0.040253	-0.114470	0.782268	0.612334	-0.986390	-0.162735	0.023501	0.118032	-0.601310	0.790249
10571	2.985328	-1.925669	9.684009	-0.093744	-0.974913	0.274722	-0.115997	0.775911	0.620086	-0.986193	-0.164259	0.021053	0.118190	-0.609082	0.784251
10572	4.655452	0.846116	10.018316	-0.127703	-1.307292	0.243734	-0.116905	0.767460	0.630348	-0.986054	-0.165395	0.018498	0.118453	-0.619395	0.776092
10573	4.572135	-0.346740	10.519813	-0.071852	-1.653360	0.249975	-0.117370	0.756690	0.643152	-0.985855	-0.166801	0.016336	0.119640	-0.632137	0.765564
10574	4.540341	1.166200	10.364210	-0.112646	-1.947323	0.294585	-0.117913	0.743738	0.657989	-0.985654	-0.168237	0.013530	0.120761	-0.646954	0.752906
10575	5.217261	0.290893	10.205296	-0.177120	-2.270195	0.334749	-0.118429	0.728283	0.674965	-0.985482	-0.169489	0.009965	0.121657	-0.663986	0.737782
10576	5.376573	0.521050	9.805062	-0.202283	-2.600188	0.417062	-0.119344	0.710055	0.693959	-0.985242	-0.171077	0.005607	0.122702	-0.683048	0.719993
10577	6.440327	-0.031598	9.429398	-0.177649	-2.844592	0.480990	-0.120538	0.689498	0.714187	-0.984893	-0.173161	0.000948	0.124323	-0.703283	0.699955
10578	6.983454	-0.142905	9.532511	-0.113790	-3.087920	0.592249	-0.122474	0.666415	0.735453	-0.984325	-0.176316	-0.004154	0.126903	-0.724434	0.677563
10579	7.417842	0.859763	9.296764	0.029265	-3.263993	0.701829	-0.125137	0.641155	0.757140	-0.983427	-0.181068	-0.009206	0.131192	-0.745745	0.653187
10580	9.585586	4.471212	9.705602	0.101683	-3.481987	0.877127	-0.129080	0.613189	0.779319	-0.982185	-0.187291	-0.015315	0.136568	-0.767412	0.626441
10581	11.396422	9.074209	10.718154	-0.593207	-3.365258	1.180135	-0.136064	0.584767	0.799709	-0.981436	-0.189692	-0.028276	0.135164	-0.788710	0.599722
10582	9.366394	7.062993	10.126084	-1.482510	-3.159570	1.450664	-0.146173	0.556787	0.817693	-0.981326	-0.186077	-0.048720	0.125027	-0.809545	0.573589
10583	8.391973	4.001258	11.247680	-1.913901	-2.872769	1.565143	-0.158118	0.530385	0.832881	-0.981209	-0.178855	-0.072381	0.110575	-0.828675	0.548699
10584	7.279206	2.457939	14.618558	-1.798637	-2.404890	1.210634	-0.167484	0.508154	0.844825	-0.981111	-0.170050	-0.092219	0.096801	-0.844312	0.527036
10585	15.035688	-1.188854	18.003603	-0.696509	-1.412164	0.266571	-0.168734	0.495712	0.851938	-0.981330	-0.165426	-0.098106	0.092300	-0.852586	0.514370
10586	8.145866	1.788408	16.501582	0.174791	-0.298254	-0.271911	-0.165768	0.493620	0.853733	-0.981629	-0.165529	-0.094894	0.094476	-0.853779	0.511991
10587	1.864301	4.721345	13.698183	0.370642	0.452442	-0.425599	-0.161993	0.498170	0.851812	-0.981980	-0.166526	-0.089358	0.097333	-0.850938	0.516169
