// General information: 
//  MT Manager version: 2022.2.0 
//  XDA version: 2022.2.0 build 7381 rev 124627 built on 2023-07-19
// Device information: 
//  DeviceId: 00B4CAF0
//  ProductCode: MTW2-3A7G6
//  Firmware Version: 4.6.0
//  Hardware Version: 2.0.0
// Device settings: 
//  Filter Profile: human(46.1)
//  Option Flags: Orientation Smoother Disabled, Position/Velocity Smoother Disabled, Continuous Zero Rotation Update Disabled, AHS Disabled, ICC Disabled
// Coordinate system: ENU
PacketCounter	Acc_X	Acc_Y	Acc_Z	Gyr_X	Gyr_Y	Gyr_Z	Mat[1][1]	Mat[2][1]	Mat[3][1]	Mat[1][2]	Mat[2][2]	Mat[3][2]	Mat[1][3]	Mat[2][3]	Mat[3][3]
52288	4.165682	-1.439273	9.323399	0.007557	0.001925	0.001290	0.916537	-0.024140	0.399222	0.087660	0.986031	-0.141628	-0.390226	0.164803	0.905850
52289	4.165485	-1.419456	9.294900	0.005668	0.001443	0.000967	0.916530	-0.024164	0.399234	0.087681	0.986032	-0.141612	-0.390236	0.164797	0.905847
52290	4.195303	-1.429052	9.308993	0.006076	0.000315	0.000023	0.916521	-0.024188	0.399255	0.087701	0.986033	-0.141590	-0.390254	0.164785	0.905841
52291	4.174819	-1.439883	9.301580	0.006328	0.005091	0.001875	0.916529	-0.024202	0.399235	0.087705	0.986035	-0.141570	-0.390233	0.164768	0.905853
52292	4.184928	-1.425975	9.331747	0.002961	0.003438	0.004779	0.916536	-0.024184	0.399220	0.087693	0.986033	-0.141596	-0.390220	0.164786	0.905855
52293	4.184425	-1.425592	9.332032	0.007807	0.006481	0.000895	0.916549	-0.024231	0.399187	0.087722	0.986036	-0.141558	-0.390182	0.164763	0.905876
52294	4.173388	-1.457936	9.331083	0.004848	0.003700	0.002855	0.916556	-0.024233	0.399173	0.087721	0.986036	-0.141559	-0.390168	0.164762	0.905882
52295	4.162302	-1.471035	9.301482	0.007396	0.007390	-0.000408	0.916571	-0.024293	0.399133	0.087761	0.986038	-0.141520	-0.390122	0.164742	0.905906
52296	4.112283	-1.436427	9.303891	0.008876	0.009000	0.000858	0.916596	-0.024322	0.399073	0.087762	0.986044	-0.141476	-0.390063	0.164700	0.905939
52297	4.161866	-1.415224	9.297166	0.007555	0.001924	0.001289	0.916591	-0.024350	0.399083	0.087779	0.986047	-0.141443	-0.390071	0.164676	0.905940
52298	4.142342	-1.390785	9.313278	0.007554	0.001705	-0.000957	0.916586	-0.024385	0.399092	0.087802	0.986051	-0.141403	-0.390077	0.164650	0.905942
52299	4.140809	-1.460622	9.266158	0.000159	-0.005685	-0.000548	0.916551	-0.024395	0.399174	0.087841	0.986043	-0.141431	-0.390152	0.164692	0.905902
52300	4.054184	-1.305555	9.265954	0.004346	-0.005413	0.003646	0.916522	-0.024374	0.399241	0.087834	0.986043	-0.141439	-0.390221	0.164699	0.905871
52301	4.084629	-1.409024	9.341744	-0.012587	-0.025231	0.004538	0.916414	-0.024319	0.399492	0.087894	0.986014	-0.141601	-0.390461	0.164878	0.905735
52302	4.136451	-1.444031	9.338479	-0.008246	-0.031083	0.003688	0.916285	-0.024254	0.399791	0.087936	0.985993	-0.141724	-0.390754	0.165015	0.905584
52303	4.070129	-1.403516	9.302593	-0.016061	-0.037783	0.000546	0.916126	-0.024204	0.400160	0.088032	0.985958	-0.141903	-0.391106	0.165227	0.905393
52304	4.153276	-1.468718	9.341171	-0.024539	-0.047474	0.003234	0.915932	-0.024117	0.400608	0.088142	0.985910	-0.142171	-0.391535	0.165529	0.905152
52305	4.208022	-1.469880	9.360271	-0.025218	-0.051340	0.000073	0.915718	-0.024050	0.401101	0.088280	0.985860	-0.142430	-0.392004	0.165835	0.904893
52306	4.162795	-1.435219	9.278762	-0.031158	-0.057341	-0.000505	0.915482	-0.023984	0.401644	0.088451	0.985800	-0.142743	-0.392517	0.166204	0.904603
52307	4.149269	-1.452876	9.349127	-0.031025	-0.063027	-0.001068	0.915220	-0.023929	0.402243	0.088643	0.985738	-0.143049	-0.393083	0.166578	0.904288
52308	4.145347	-1.507529	9.373231	-0.026569	-0.075000	-0.006990	0.914908	-0.023896	0.402954	0.088856	0.985683	-0.143294	-0.393761	0.166906	0.903933
52309	4.182594	-1.461588	9.297457	-0.017926	-0.086704	-0.008731	0.914545	-0.023862	0.403780	0.089052	0.985643	-0.143451	-0.394559	0.167150	0.903540
52310	4.281164	-1.419456	9.301461	-0.013509	-0.082314	-0.009442	0.914201	-0.023841	0.404560	0.089236	0.985609	-0.143568	-0.395315	0.167351	0.903172
52311	4.238063	-1.476147	9.281338	-0.017981	-0.086491	-0.006513	0.913840	-0.023782	0.405378	0.089409	0.985569	-0.143734	-0.396110	0.167595	0.902778
52312	4.267303	-1.430426	9.308711	-0.002879	-0.082861	-0.006230	0.913495	-0.023728	0.406158	0.089522	0.985554	-0.143768	-0.396880	0.167691	0.902422
52313	4.205174	-1.481652	9.333613	-0.003574	-0.086292	-0.004911	0.913134	-0.023679	0.406972	0.089650	0.985536	-0.143809	-0.397680	0.167802	0.902049
52314	4.281818	-1.539485	9.311285	-0.007392	-0.087256	-0.005559	0.912770	-0.023610	0.407790	0.089775	0.985514	-0.143886	-0.398486	0.167944	0.901667
52315	4.261637	-1.513815	9.345908	-0.003102	-0.093109	-0.006458	0.912380	-0.023551	0.408666	0.089901	0.985498	-0.143917	-0.399350	0.168046	0.901266
52316	4.259254	-1.527749	9.312140	-0.012485	-0.085490	-0.010113	0.912018	-0.023531	0.409475	0.090087	0.985466	-0.144021	-0.400134	0.168238	0.900882
52317	4.316646	-1.542500	9.277006	-0.003625	-0.092851	-0.014535	0.911620	-0.023556	0.410359	0.090294	0.985446	-0.144023	-0.400994	0.168348	0.900479
52318	4.287335	-1.514422	9.334049	-0.011798	-0.088399	-0.018783	0.911237	-0.023615	0.411205	0.090557	0.985413	-0.144085	-0.401804	0.168533	0.900083
52319	4.317275	-1.448814	9.332323	-0.009017	-0.095860	-0.020959	0.910820	-0.023679	0.412125	0.090824	0.985385	-0.144111	-0.402689	0.168690	0.899658
52320	4.256534	-1.481105	9.328202	-0.019224	-0.101920	-0.023459	0.910376	-0.023762	0.413099	0.091160	0.985338	-0.144219	-0.403615	0.168952	0.899194
52321	4.297860	-1.457288	9.360584	-0.028792	-0.104766	-0.029537	0.909913	-0.023912	0.414110	0.091603	0.985272	-0.144386	-0.404558	0.169312	0.898702
52322	4.276449	-1.538630	9.323232	-0.047901	-0.110457	-0.041667	0.909416	-0.024158	0.415186	0.092221	0.985172	-0.144675	-0.405534	0.169859	0.898159
52323	4.086544	-1.411680	9.513215	-0.052501	-0.131007	-0.044029	0.908830	-0.024397	0.416452	0.092884	0.985063	-0.144994	-0.406694	0.170457	0.897521
52324	4.233504	-1.349116	9.527097	-0.056535	-0.188518	-0.031549	0.908021	-0.024409	0.418212	0.093446	0.984950	-0.145402	-0.408369	0.171108	0.896636
52325	4.208535	-1.501969	9.460847	-0.095540	-0.196372	-0.040390	0.907166	-0.024511	0.420057	0.094266	0.984766	-0.146118	-0.410077	0.172151	0.895657
52326	4.252565	-1.501435	9.538451	-0.087319	-0.233616	-0.036656	0.906160	-0.024492	0.422225	0.095003	0.984597	-0.146777	-0.412127	0.173116	0.894529
52327	4.257325	-1.540094	9.547689	-0.113873	-0.263368	-0.045713	0.905015	-0.024490	0.424675	0.095913	0.984381	-0.147632	-0.414426	0.174341	0.893228
52328	4.304241	-1.517758	9.512656	-0.107998	-0.296268	-0.050843	0.903723	-0.024495	0.427417	0.096867	0.984170	-0.148411	-0.417016	0.175525	0.891790
52329	4.364959	-1.665058	9.548191	-0.130339	-0.321634	-0.060689	0.902305	-0.024555	0.430399	0.098012	0.983916	-0.149342	-0.419809	0.176936	0.890199
52330	4.471872	-1.802696	9.440310	-0.120221	-0.340925	-0.077682	0.900780	-0.024737	0.433571	0.099264	0.983674	-0.150107	-0.422779	0.178251	0.888529
52331	4.549223	-1.824625	9.493821	-0.084576	-0.346715	-0.101507	0.899194	-0.025139	0.436827	0.100581	0.983488	-0.150445	-0.425832	0.179216	0.886876
52332	4.591207	-2.045537	9.472286	-0.058772	-0.328632	-0.135952	0.897640	-0.025908	0.439967	0.102099	0.983339	-0.150401	-0.428740	0.179926	0.885330
52333	4.854142	-2.482792	9.686067	-0.004727	-0.306997	-0.196275	0.896105	-0.027308	0.443001	0.103924	0.983269	-0.149607	-0.431503	0.180102	0.883950
52334	4.895344	-3.092066	9.389712	0.112513	-0.215271	-0.278722	0.894869	-0.029685	0.445340	0.105979	0.983382	-0.147406	-0.433563	0.179105	0.883144
52335	4.852926	-2.563974	9.474431	0.362336	-0.231131	-0.390498	0.893433	-0.033137	0.447973	0.107938	0.983893	-0.142492	-0.436036	0.175660	0.882619
52336	4.932792	-2.500523	9.308464	0.361744	-0.176240	-0.490724	0.892114	-0.037683	0.450237	0.110784	0.984339	-0.137126	-0.438018	0.172211	0.882317
52337	4.937615	-2.641939	9.214383	0.454870	-0.164928	-0.607706	0.890691	-0.043409	0.452532	0.114250	0.984857	-0.130399	-0.440019	0.167847	0.882163
52338	4.912004	-2.562783	9.222686	0.553049	-0.191314	-0.747080	0.888965	-0.050476	0.455185	0.118503	0.985410	-0.122161	-0.442378	0.162537	0.881977
52339	5.036005	-2.415117	8.860947	0.622252	-0.235636	-0.918719	0.886791	-0.059178	0.458367	0.123944	0.985891	-0.112506	-0.445242	0.156581	0.881613
52340	5.477063	-2.358771	8.462670	0.634202	-0.321190	-1.093476	0.883948	-0.069490	0.462392	0.130836	0.986152	-0.101914	-0.448907	0.150584	0.880799
52341	5.461797	-1.831753	8.129869	0.604035	-0.392578	-1.273867	0.880441	-0.081495	0.467100	0.139394	0.986074	-0.090706	-0.453203	0.144972	0.879540
52342	5.945006	-1.713920	8.294573	0.329308	-0.454851	-1.429663	0.876283	-0.094957	0.472346	0.150498	0.985276	-0.081127	-0.457688	0.142177	0.877672
52343	5.935294	-3.342010	8.982095	-0.046397	-0.337184	-1.550730	0.872277	-0.109765	0.476533	0.164315	0.983613	-0.074205	-0.460579	0.143029	0.876019
52344	6.424362	-6.139302	8.844022	0.022073	-0.186026	-1.650456	0.868574	-0.125742	0.479341	0.178625	0.981691	-0.066153	-0.462246	0.143081	0.875132
52345	5.324597	-5.259962	8.695634	0.905912	-0.260459	-1.908827	0.863820	-0.144128	0.482745	0.190999	0.980363	-0.049076	-0.466192	0.134596	0.874385
52346	5.239107	-2.799389	8.721338	1.200130	-0.253520	-2.128241	0.858416	-0.164672	0.485804	0.203750	0.978614	-0.028308	-0.470753	0.123283	0.873609
52347	5.608034	-1.325938	8.548959	1.050395	-0.122029	-2.273274	0.853024	-0.186764	0.487308	0.218286	0.975851	-0.008103	-0.474027	0.113285	0.873193
52348	4.398521	-0.657693	8.095321	0.772987	0.024066	-2.285784	0.847951	-0.209080	0.487098	0.234103	0.972163	0.009755	-0.475578	0.105759	0.873293
52349	5.258960	-2.244483	8.458059	0.266457	0.029629	-1.823233	0.843676	-0.226823	0.486583	0.248300	0.968457	0.020927	-0.475981	0.103163	0.873384
52350	7.518298	-5.679774	8.540305	-0.528997	-0.064795	-0.785754	0.841363	-0.234379	0.487006	0.257483	0.966074	0.020104	-0.475195	0.108481	0.873167
52351	6.606652	-8.188094	9.129370	-1.157281	0.233887	0.168307	0.842886	-0.233038	0.485011	0.261579	0.965139	0.009140	-0.470233	0.119164	0.874460
52352	3.827805	-10.899301	7.910690	-1.305746	0.301346	1.035085	0.846972	-0.223445	0.482402	0.258980	0.965855	-0.007324	-0.464294	0.131136	0.875920
52353	1.243093	-11.709176	6.692947	-0.682156	0.007283	1.297131	0.850296	-0.210930	0.482188	0.251175	0.967743	-0.019592	-0.462502	0.137772	0.875848
52354	1.690368	-8.469858	7.989643	-0.234022	-0.362549	1.745916	0.852863	-0.193524	0.484946	0.237438	0.970936	-0.030111	-0.465024	0.140825	0.874025
52355	0.565851	-8.072574	8.195705	-0.420745	-0.501028	2.231106	0.855615	-0.171117	0.488509	0.220383	0.974389	-0.044683	-0.468352	0.145891	0.871414
52356	0.666577	-6.690374	9.601221	-0.373163	-0.686117	2.653771	0.857940	-0.144215	0.493094	0.199448	0.978009	-0.060983	-0.473456	0.150666	0.867836
52357	0.498305	-6.579057	10.468401	-0.561032	-0.705950	3.052875	0.860294	-0.113234	0.497063	0.175930	0.981065	-0.080999	-0.478479	0.157131	0.863926
52358	0.317486	-5.327098	11.419330	-0.540768	-0.727519	3.393734	0.862299	-0.078754	0.500239	0.149346	0.983446	-0.102613	-0.483877	0.163192	0.859786
52359	-0.041415	-3.291149	11.108648	-0.456995	-0.670667	3.692498	0.863991	-0.041309	0.501810	0.119737	0.984895	-0.125080	-0.489063	0.168153	0.855887
52360	-0.575045	-0.554920	11.460942	-0.431629	-0.649986	3.912937	0.864848	-0.001679	0.502031	0.088078	0.984992	-0.148436	-0.494247	0.172593	0.852016
52361	-0.897214	-0.993668	11.695804	-0.879069	-0.526857	3.965161	0.865122	0.038258	0.500100	0.058180	0.982701	-0.175823	-0.498175	0.181205	0.847931
52362	-0.525855	-0.255701	12.197391	-0.541081	-0.632891	3.863217	0.863596	0.077304	0.498222	0.027542	0.979467	-0.199714	-0.503431	0.186195	0.843735
52363	0.281936	0.398421	12.864801	-0.507181	-0.553634	3.702203	0.861264	0.114518	0.495085	-0.001782	0.974950	-0.222416	-0.508154	0.190677	0.839894
52364	1.139023	0.428918	13.137727	-0.358692	-0.440880	3.466475	0.858459	0.149051	0.490747	-0.029714	0.969687	-0.242539	-0.512021	0.193628	0.836865
52365	5.418680	-2.722935	15.007500	-0.563122	-0.285729	3.176207	0.855656	0.180300	0.485124	-0.054003	0.963342	-0.262783	-0.514720	0.198654	0.834026
52366	2.432933	2.916852	14.035687	1.915361	0.230323	1.563144	0.855803	0.194905	0.479179	-0.077160	0.964039	-0.254315	-0.511515	0.180670	0.840066
52367	3.616959	6.567977	13.199596	1.285850	0.357628	1.355968	0.856452	0.207334	0.472761	-0.095276	0.963554	-0.249974	-0.507359	0.169048	0.844991
52368	5.131264	2.815113	13.902058	-0.540629	1.063464	1.523048	0.860264	0.220118	0.459884	-0.105582	0.959361	-0.261683	-0.498796	0.176561	0.848545
52369	3.304011	0.297702	12.217703	-0.194972	1.242515	1.044265	0.865250	0.227881	0.446557	-0.113585	0.956668	-0.268112	-0.488304	0.181262	0.853641
52370	4.756932	2.226221	12.844093	0.187220	1.342673	0.669974	0.870936	0.231822	0.433277	-0.120257	0.955466	-0.269485	-0.476454	0.182599	0.860029
52371	4.546444	1.193694	12.270044	-0.547558	1.728742	0.340302	0.878637	0.231814	0.417444	-0.120621	0.953647	-0.275694	-0.462004	0.191882	0.865871
52372	4.696158	-0.173206	11.455662	-0.510791	1.834338	0.044335	0.886909	0.228611	0.401408	-0.118646	0.952539	-0.280345	-0.446447	0.201015	0.871939
52373	4.917484	-0.495114	11.001393	-0.591302	1.961633	-0.213052	0.895750	0.222520	0.384860	-0.114114	0.951795	-0.284718	-0.429663	0.211118	0.877963
52374	5.018541	-0.868087	10.366021	-0.584619	2.032569	-0.418214	0.904762	0.214126	0.368179	-0.107843	0.951440	-0.288326	-0.412038	0.221161	0.883919
52375	5.008800	-0.618161	9.838566	-0.585280	2.047826	-0.568130	0.913606	0.204069	0.351680	-0.100277	0.951298	-0.291508	-0.394041	0.231058	0.889575
52376	4.764763	-0.791602	9.162242	-0.649028	2.009314	-0.678953	0.921991	0.192845	0.335773	-0.091501	0.951107	-0.294998	-0.376245	0.241262	0.894557
52377	4.270545	-1.971042	7.924806	-0.906108	1.692052	-0.678898	0.928819	0.182187	0.322651	-0.081835	0.950132	-0.300919	-0.361384	0.253095	0.897410
52378	4.856620	-0.970256	4.452913	0.062817	1.067755	-1.073127	0.933444	0.169250	0.316285	-0.072024	0.952169	-0.296961	-0.351417	0.254416	0.900987
52379	7.593010	-0.232982	6.497064	0.237065	0.879222	-1.274571	0.937343	0.154843	0.312110	-0.060884	0.954828	-0.290855	-0.343048	0.253628	0.904429
52380	9.194566	0.397356	8.412367	0.194535	0.885762	-1.313749	0.941061	0.140017	0.307894	-0.049162	0.957250	-0.285055	-0.334644	0.253117	0.907714
52381	8.969120	-0.542318	7.606479	-0.029620	0.951622	-1.301059	0.944759	0.125115	0.302946	-0.036756	0.958890	-0.281388	-0.325698	0.254709	0.910519
52382	8.833987	-0.626901	6.961759	0.013510	0.930098	-1.289101	0.948137	0.110349	0.298093	-0.024557	0.960433	-0.277427	-0.316912	0.255718	0.913332
52383	8.436444	-0.865490	5.709670	-0.009703	0.828128	-1.280472	0.950961	0.095899	0.294069	-0.012328	0.961718	-0.273762	-0.309065	0.256712	0.915739
52384	8.245216	-1.087418	4.830376	0.012021	0.640607	-1.236603	0.952995	0.082332	0.291586	-0.000551	0.962841	-0.270068	-0.302986	0.257212	0.917628
52385	8.465644	-1.453313	4.479928	0.040593	0.417523	-1.117146	0.954193	0.070476	0.290771	0.010020	0.963788	-0.266480	-0.299022	0.257187	0.918934
52386	7.932496	-2.271817	3.812356	0.092329	0.172139	-0.913200	0.954570	0.061208	0.291633	0.018501	0.964616	-0.263008	-0.297412	0.256455	0.919661
52387	7.514960	-2.520290	3.439460	0.328385	-0.157929	-0.662667	0.953952	0.055194	0.294838	0.023885	0.965828	-0.258083	-0.299007	0.253241	0.920035
52388	7.605158	-2.488783	2.907404	0.525564	-0.502226	-0.372938	0.952338	0.052826	0.300436	0.025896	0.967335	-0.252174	-0.303944	0.247935	0.919862
52389	7.048797	-1.857389	1.826816	0.725005	-0.905567	-0.097612	0.949514	0.054073	0.309031	0.024629	0.969147	-0.245250	-0.312758	0.240479	0.918887
52390	6.795182	-1.338967	1.274736	0.824276	-1.408916	0.146257	0.945037	0.058797	0.321633	0.020651	0.971001	-0.238183	-0.326310	0.231733	0.916418
52391	6.259438	-0.302887	1.298747	1.075545	-1.865610	0.316337	0.938830	0.066068	0.337985	0.014107	0.973224	-0.229426	-0.344093	0.220160	0.912759
52392	3.572162	-0.979186	8.024948	0.829462	-1.932934	0.692693	0.932060	0.076957	0.354036	0.004740	0.974507	-0.224307	-0.362273	0.210745	0.907934
52393	17.352357	-16.378809	18.766591	0.146536	-1.521767	1.909771	0.926346	0.098722	0.363506	-0.013505	0.973128	-0.229868	-0.376431	0.208028	0.902787
52394	6.995390	-7.905191	7.783560	6.064272	-0.615402	-2.477471	0.924341	0.075517	0.374021	-0.013513	0.986083	-0.165701	-0.381329	0.148110	0.912497
52395	9.078156	35.399484	21.984513	8.264865	-0.804951	-4.066069	0.921664	0.036009	0.386314	-0.007726	0.997190	-0.074518	-0.387912	0.065696	0.919352
52396	3.970293	13.934461	13.907097	-5.104106	0.248817	1.007471	0.922594	0.045780	0.383047	0.002775	0.992120	-0.125257	-0.385763	0.116625	0.915197
52397	11.186265	-9.869275	9.059573	-3.783721	0.808366	2.346814	0.925653	0.067869	0.372237	-0.004413	0.985651	-0.168737	-0.378348	0.154549	0.912670
52398	-4.097375	-12.337826	5.504370	0.150186	0.265702	1.037176	0.926549	0.077657	0.368072	-0.014541	0.985122	-0.171239	-0.375893	0.153309	0.913893
52399	3.544663	-3.593936	9.096287	2.477547	-1.069626	-0.863460	0.922598	0.070614	0.379244	-0.015945	0.989244	-0.145403	-0.385432	0.128101	0.913801
52400	5.154472	2.729670	12.233602	2.349193	-0.774317	-0.970954	0.919735	0.061867	0.387634	-0.016091	0.992614	-0.120244	-0.392210	0.104355	0.913937
52401	5.687637	3.256045	10.197232	0.173651	-0.336708	-0.302720	0.918444	0.059185	0.391097	-0.013949	0.992974	-0.117511	-0.395304	0.102472	0.912817
52402	5.413350	-0.441489	10.096736	-0.892132	0.040720	0.137601	0.918580	0.060482	0.390581	-0.011643	0.991934	-0.126222	-0.395065	0.111397	0.911874
52403	3.453893	-1.952200	8.959462	-0.290970	-0.025228	0.048321	0.918464	0.060965	0.390779	-0.010892	0.991573	-0.129094	-0.395355	0.114311	0.911387
52404	5.150697	-0.224022	10.371809	0.489147	-0.316275	-0.006276	0.917201	0.061232	0.393691	-0.012731	0.992120	-0.124646	-0.398221	0.109313	0.910753
52405	4.518156	-0.025430	9.677070	-0.148326	-0.033272	0.088129	0.917047	0.062117	0.393912	-0.012904	0.991899	-0.126374	-0.398571	0.110808	0.910419
52406	4.255683	-1.895578	9.341235	-0.259799	0.010232	0.122949	0.917063	0.063300	0.393685	-0.012951	0.991527	-0.129257	-0.398531	0.113438	0.910112
52407	4.202980	-1.335866	9.550800	0.082508	-0.102159	0.057767	0.916637	0.063963	0.394570	-0.013766	0.991580	-0.128764	-0.399483	0.112598	0.909799
52408	4.467023	-1.369467	9.581199	-0.029637	-0.051539	0.062352	0.916414	0.064615	0.394981	-0.014174	0.991502	-0.129313	-0.399980	0.112906	0.909543
52409	4.328913	-1.557989	9.503093	0.014709	-0.042083	0.051032	0.916228	0.065143	0.395327	-0.014656	0.991483	-0.129411	-0.400390	0.112776	0.909378
52410	4.328349	-1.577200	9.450769	0.015162	-0.020087	0.038042	0.916133	0.065518	0.395484	-0.015021	0.991471	-0.129457	-0.400592	0.112660	0.909304
52411	4.154057	-1.599111	9.328655	0.018487	-0.000644	0.027034	0.916116	0.065762	0.395484	-0.015298	0.991471	-0.129427	-0.400622	0.112520	0.909308
52412	4.178180	-1.646181	9.322056	0.026949	0.003467	0.020119	0.916118	0.065932	0.395449	-0.015546	0.991484	-0.129294	-0.400607	0.112302	0.909342
52413	4.087036	-1.549988	9.293356	0.028273	0.010824	0.005863	0.916150	0.065953	0.395373	-0.015668	0.991509	-0.129091	-0.400530	0.112072	0.909404
52414	4.089720	-1.434719	9.380698	0.023930	0.011802	0.002702	0.916189	0.065942	0.395285	-0.015744	0.991530	-0.128917	-0.400438	0.111889	0.909467
52415	4.051808	-1.322263	9.424249	0.015165	0.002318	0.003530	0.916186	0.065949	0.395289	-0.015792	0.991542	-0.128824	-0.400441	0.111784	0.909478
52416	4.100620	-1.247917	9.429559	0.008213	-0.012749	0.002057	0.916127	0.065959	0.395425	-0.015800	0.991546	-0.128791	-0.400577	0.111741	0.909424
52417	4.076399	-1.293451	9.400758	0.005813	-0.017393	0.004502	0.916045	0.065998	0.395607	-0.015820	0.991546	-0.128786	-0.400762	0.111716	0.909345
52418	4.130501	-1.277941	9.391274	0.003571	-0.034611	0.005286	0.915898	0.066065	0.395938	-0.015838	0.991543	-0.128808	-0.401099	0.111704	0.909198
52419	4.157569	-1.249187	9.448018	0.006097	-0.030005	0.010746	0.915765	0.066179	0.396226	-0.015916	0.991540	-0.128826	-0.401400	0.111668	0.909070
52420	4.114062	-1.382313	9.346599	-0.004047	-0.035362	0.010778	0.915613	0.066301	0.396557	-0.015954	0.991524	-0.128939	-0.401745	0.111731	0.908910
52421	4.207245	-1.383779	9.328799	0.004361	-0.037242	0.001274	0.915452	0.066330	0.396923	-0.015938	0.991525	-0.128935	-0.402111	0.111707	0.908751
52422	4.114096	-1.343164	9.306450	0.001373	-0.027854	0.008485	0.915330	0.066421	0.397188	-0.015977	0.991517	-0.128989	-0.402387	0.111722	0.908627
52423	4.144029	-1.373170	9.349471	-0.007370	-0.025614	0.004376	0.915216	0.066467	0.397445	-0.015943	0.991503	-0.129104	-0.402649	0.111821	0.908499
52424	4.059493	-1.338465	9.305038	-0.018574	-0.027733	0.004917	0.915095	0.066523	0.397713	-0.015868	0.991475	-0.129325	-0.402926	0.112034	0.908350
52425	3.996921	-1.311426	9.377713	-0.036700	-0.038934	0.006570	0.914926	0.066606	0.398088	-0.015736	0.991426	-0.129715	-0.403315	0.112416	0.908130
52426	4.031974	-1.310255	9.359740	-0.046953	-0.061996	0.008956	0.914666	0.066740	0.398662	-0.015584	0.991364	-0.130210	-0.403910	0.112886	0.907807
52427	4.062573	-1.363813	9.349264	-0.055934	-0.070630	0.016385	0.914367	0.066957	0.399312	-0.015462	0.991286	-0.130814	-0.404591	0.113438	0.907435
52428	4.046813	-1.397953	9.368219	-0.078341	-0.081412	0.010470	0.914027	0.067129	0.400059	-0.015196	0.991186	-0.131600	-0.405368	0.114206	0.906992
52429	4.102098	-1.427187	9.333275	-0.089910	-0.094649	0.012418	0.913630	0.067336	0.400931	-0.014900	0.991072	-0.132495	-0.406273	0.115077	0.906477
52430	4.109909	-1.454182	9.357508	-0.104883	-0.104107	0.005387	0.913198	0.067485	0.401890	-0.014478	0.990943	-0.133500	-0.407259	0.116093	0.905904
52431	4.116817	-1.406998	9.365503	-0.124035	-0.112910	0.000905	0.912726	0.067600	0.402941	-0.013935	0.990794	-0.134657	-0.408334	0.117290	0.905266
52432	4.128219	-1.419250	9.358634	-0.140711	-0.129631	-0.007734	0.912189	0.067652	0.404147	-0.013245	0.990630	-0.135932	-0.409556	0.118643	0.904537
52433	4.190958	-1.434955	9.371940	-0.154807	-0.130022	-0.015804	0.911646	0.067626	0.405374	-0.012420	0.990452	-0.137298	-0.410788	0.120132	0.903782
52434	4.129104	-1.398639	9.350867	-0.161809	-0.145431	-0.011709	0.911041	0.067661	0.406727	-0.011603	0.990260	-0.138745	-0.412153	0.121683	0.902952
52435	4.277558	-1.528391	9.258558	-0.153730	-0.134429	-0.017376	0.910476	0.067629	0.407994	-0.010765	0.990080	-0.140091	-0.413421	0.123158	0.902172
52436	4.363236	-1.516004	9.248227	-0.140304	-0.133622	-0.023058	0.909917	0.067541	0.409255	-0.009929	0.989918	-0.141295	-0.414672	0.124503	0.901413
52437	4.309741	-1.574987	9.250338	-0.137951	-0.110703	-0.023330	0.909448	0.067424	0.410315	-0.009099	0.989757	-0.142472	-0.415718	0.125838	0.900746
52438	4.404125	-1.717665	9.166904	-0.149694	-0.118436	-0.031154	0.908949	0.067241	0.411449	-0.008148	0.989584	-0.143725	-0.416828	0.127286	0.900029
52439	4.150774	-1.557377	9.396925	-0.145167	-0.096981	-0.046553	0.908536	0.066880	0.412419	-0.007073	0.989426	-0.144869	-0.417746	0.128701	0.899402
52440	4.234555	-1.657272	9.460981	-0.190075	-0.108162	-0.066378	0.908079	0.066339	0.413511	-0.005630	0.989219	-0.146336	-0.418761	0.130556	0.898663
52441	3.477902	-1.152764	9.909650	-0.182604	-0.137497	-0.061565	0.907494	0.065887	0.414866	-0.004260	0.989015	-0.147751	-0.420044	0.132315	0.897806
52442	4.002912	-1.085835	9.946970	-0.271814	-0.294298	-0.054501	0.906247	0.065717	0.417610	-0.002575	0.988684	-0.149994	-0.422742	0.134856	0.896160
52443	3.909853	-1.305915	9.891036	-0.333249	-0.292130	-0.049625	0.904997	0.065600	0.420330	-0.000667	0.988257	-0.152799	-0.425418	0.138002	0.894413
52444	3.685002	-1.285350	10.186709	-0.418719	-0.415076	-0.048694	0.903214	0.065676	0.424136	0.001608	0.987698	-0.156365	-0.429188	0.141913	0.891997
52445	3.759025	-1.153723	10.091192	-0.498632	-0.533501	-0.048816	0.900898	0.065938	0.428994	0.004246	0.987006	-0.160626	-0.434011	0.146529	0.888912
52446	3.727411	-1.168526	9.942455	-0.605682	-0.677366	-0.040892	0.897925	0.066523	0.435092	0.007307	0.986124	-0.165852	-0.440087	0.152102	0.884979
52447	3.604978	-1.226882	10.095832	-0.748676	-0.827832	-0.021852	0.894237	0.067570	0.442463	0.010872	0.984969	-0.172391	-0.447461	0.158969	0.880061
52448	3.167692	-1.407182	10.322395	-0.928162	-1.046867	-0.017912	0.889492	0.069079	0.451699	0.015274	0.983460	-0.180481	-0.456695	0.167436	0.873725
52449	2.858861	-1.820721	10.320569	-1.153201	-1.293095	-0.016275	0.883498	0.071127	0.463003	0.020798	0.981474	-0.190462	-0.467973	0.177902	0.865651
52450	2.105961	-2.504276	10.548584	-1.226671	-1.607766	-0.062382	0.875837	0.073441	0.476987	0.027220	0.979263	-0.200756	-0.481840	0.188812	0.855675
52451	1.242386	-3.037530	10.641869	-0.990763	-2.076996	-0.234535	0.865558	0.075129	0.495141	0.034173	0.977519	-0.208058	-0.499641	0.197006	0.843533
52452	1.251762	-3.496584	10.861463	-0.447984	-2.568311	-0.533898	0.852231	0.074980	0.517765	0.041094	0.977024	-0.209128	-0.521550	0.199503	0.829569
52453	1.516618	-2.784542	11.797343	0.076031	-2.901575	-0.920623	0.836314	0.071705	0.543541	0.048511	0.977843	-0.203640	-0.546100	0.196675	0.814306
52454	1.124548	-3.183502	10.764068	-0.057896	-3.145251	-1.283927	0.818020	0.065284	0.571473	0.059506	0.978602	-0.196972	-0.572103	0.195133	0.796631
52455	1.243636	-5.769405	9.351595	0.635134	-4.195726	-1.649489	0.792219	0.057101	0.607559	0.069097	0.980816	-0.182279	-0.606312	0.186386	0.773076
52456	2.773539	-4.956887	11.254773	2.059009	-5.144087	-1.961145	0.758563	0.046794	0.649917	0.071446	0.985431	-0.154340	-0.647671	0.163511	0.744168
52457	5.210567	-3.887215	11.204605	2.164837	-5.874646	-2.177877	0.717591	0.034166	0.695626	0.073067	0.989591	-0.123978	-0.692621	0.139793	0.707625
52458	8.264487	-4.048388	11.783059	1.766045	-6.429535	-2.247234	0.669869	0.020235	0.742204	0.076074	0.992497	-0.095719	-0.738572	0.120581	0.663303
52459	13.322259	-5.099124	14.345777	1.043097	-6.462802	-2.283296	0.618912	0.004958	0.785445	0.082919	0.993980	-0.071613	-0.781072	0.109451	0.614775
52460	17.801382	-7.456274	18.151589	0.528756	-6.020245	-2.170636	0.568867	-0.010216	0.822366	0.091643	0.994483	-0.051039	-0.817308	0.104399	0.566665
52461	17.908626	-7.006888	17.201290	0.491968	-5.172645	-2.139281	0.523777	-0.026221	0.851452	0.099297	0.994592	-0.030454	-0.846048	0.100497	0.523548
52462	14.655130	-4.454813	15.283390	0.746780	-4.656185	-2.180484	0.481575	-0.043392	0.875330	0.103905	0.994556	-0.007863	-0.870224	0.094738	0.483462
52463	10.749232	-2.723226	14.039721	0.339341	-4.332088	-1.982491	0.441291	-0.059047	0.895419	0.110123	0.993854	0.011266	-0.890581	0.093635	0.445081
52464	4.179507	-1.648793	12.321359	-0.160756	-4.036251	-1.879850	0.402817	-0.073878	0.912294	0.119559	0.992444	0.027578	-0.907438	0.097964	0.408606
52465	-1.110649	-0.696331	10.287143	-0.584411	-3.748734	-1.960057	0.366055	-0.089493	0.926280	0.132496	0.990237	0.043312	-0.921113	0.106874	0.374338
52466	-3.643766	-1.830327	12.548397	-1.891286	-2.996478	-1.714017	0.335836	-0.102933	0.936279	0.156063	0.986353	0.052459	-0.928902	0.128501	0.347317
52467	17.746224	-14.274367	10.642672	-1.680598	-3.002238	-0.615236	0.306819	-0.104860	0.945974	0.173768	0.983378	0.052645	-0.935771	0.148228	0.319940
52468	15.123479	-13.147295	19.943318	0.338175	-0.161050	0.102328	0.305462	-0.103640	0.946547	0.170342	0.983971	0.052767	-0.936844	0.145119	0.318220
52469	9.240366	-11.581731	16.326394	0.203637	1.882405	1.097715	0.324881	-0.095543	0.940916	0.165037	0.985346	0.043070	-0.931244	0.141294	0.335889
52470	3.264058	-9.155555	9.677220	0.553112	3.020946	1.724795	0.355603	-0.082697	0.930971	0.154097	0.987634	0.028869	-0.921846	0.133194	0.363949
52471	-1.624931	-6.121761	4.421518	0.862365	3.149945	1.989529	0.387395	-0.067058	0.919472	0.138857	0.990218	0.013714	-0.911397	0.122362	0.392917
52472	-3.796410	-3.068992	1.868646	0.944249	2.796753	1.994480	0.415330	-0.050577	0.908264	0.122346	0.992487	-0.000679	-0.901406	0.111405	0.418397
52473	-3.888389	-0.704145	1.456276	0.667579	2.347423	1.847452	0.438519	-0.034765	0.898049	0.108528	0.993987	-0.014516	-0.892145	0.103829	0.439655
52474	-2.278570	0.627404	2.475806	0.093493	1.977345	1.686906	0.457813	-0.020056	0.888822	0.100193	0.994540	-0.029166	-0.883385	0.102406	0.457323
52475	0.587282	0.433967	4.167037	-0.589444	1.881064	1.629419	0.475961	-0.005846	0.879447	0.097821	0.994125	-0.046333	-0.874009	0.108082	0.473736
52476	2.210879	-1.267326	5.162933	-1.116091	2.011400	1.541336	0.494937	0.007157	0.868900	0.100089	0.992841	-0.065190	-0.863145	0.119232	0.490677
52477	3.653201	-3.076402	5.859283	-1.144656	2.164019	1.391380	0.514904	0.018241	0.857054	0.102930	0.991225	-0.082936	-0.851046	0.130920	0.508509
52478	5.129755	-3.719919	6.386671	-0.962314	2.345737	1.284932	0.536024	0.027754	0.843747	0.104359	0.989615	-0.098851	-0.837728	0.141039	0.527561
52479	5.887727	-4.010673	6.336116	-0.789419	2.549684	1.213093	0.558470	0.036032	0.828742	0.104330	0.988072	-0.113264	-0.822938	0.149717	0.548049
52480	6.123274	-3.845786	6.093828	-0.589358	2.710342	1.175185	0.581753	0.043460	0.812204	0.102487	0.986696	-0.126205	-0.806883	0.156661	0.569559
52481	6.004012	-3.854649	5.775020	-0.433617	2.801377	1.144651	0.605282	0.050269	0.794422	0.099208	0.985459	-0.137945	-0.789805	0.162309	0.591493
52482	6.107538	-3.532589	5.737950	-0.302075	2.837569	1.112058	0.628502	0.056529	0.775751	0.094761	0.984361	-0.148504	-0.772014	0.166846	0.613316
52483	6.218010	-3.475876	5.917150	-0.257952	2.872777	1.105787	0.651442	0.062543	0.756116	0.089703	0.983257	-0.158615	-0.753377	0.171154	0.634925
52484	6.731319	-3.615539	6.264343	-0.231227	2.924590	1.141118	0.674163	0.068666	0.735383	0.083913	0.982101	-0.168630	-0.733800	0.175392	0.656335
52485	6.945942	-3.943640	6.545122	-0.197052	2.996758	1.212052	0.696829	0.075234	0.713280	0.077079	0.980869	-0.178759	-0.713083	0.179543	0.677699
52486	6.895782	-4.075262	6.532598	-0.155965	3.068577	1.327113	0.719329	0.082649	0.689735	0.068829	0.979531	-0.189158	-0.691251	0.183541	0.698917
52487	6.377859	-4.298369	6.192091	-0.083181	3.098021	1.434557	0.741320	0.090940	0.664962	0.058965	0.978121	-0.199504	-0.668557	0.187105	0.719738
52488	6.209259	-3.982891	6.355654	0.026932	3.036861	1.525409	0.762074	0.100105	0.639705	0.047373	0.976708	-0.209277	-0.645754	0.189789	0.739582
52489	6.542446	-3.359494	6.694939	0.070498	2.989317	1.582013	0.781693	0.109825	0.613918	0.034759	0.975171	-0.218708	-0.622694	0.192301	0.758467
52490	6.698174	-2.672552	7.001424	0.060621	2.976439	1.585394	0.800314	0.119484	0.587555	0.021898	0.973464	-0.227788	-0.599181	0.195168	0.776461
52491	6.750577	-2.131850	7.390283	-0.003294	2.975214	1.531895	0.818033	0.128508	0.560631	0.009564	0.971547	-0.236654	-0.575092	0.198953	0.793528
52492	6.806322	-1.828857	7.660090	-0.130011	2.975128	1.446326	0.834824	0.136526	0.533319	-0.001608	0.969362	-0.245632	-0.550515	0.204202	0.809466
52493	6.825584	-1.901178	7.992364	-0.228644	2.988435	1.351521	0.850818	0.143401	0.505514	-0.011729	0.966984	-0.254567	-0.525330	0.210661	0.824409
52494	6.800171	-2.017704	8.302231	-0.278509	2.980068	1.225383	0.865885	0.148831	0.477591	-0.020772	0.964590	-0.262934	-0.499812	0.217750	0.838315
52495	7.178055	-1.992109	8.878649	-0.308794	2.991138	1.102407	0.880179	0.152813	0.449369	-0.028854	0.962231	-0.270701	-0.473763	0.225299	0.851345
52496	7.525970	-1.903608	9.324801	-0.350649	3.039979	0.980402	0.893849	0.155242	0.420636	-0.035890	0.959910	-0.278003	-0.446930	0.233396	0.863586
52497	7.660270	-1.738895	9.570667	-0.436046	3.100868	0.880905	0.906941	0.156296	0.391189	-0.041897	0.957486	-0.285420	-0.419168	0.242469	0.874932
52498	7.560618	-1.666307	9.415172	-0.523702	3.134142	0.796068	0.919274	0.156132	0.361328	-0.047001	0.954939	-0.293057	-0.390802	0.252417	0.885189
52499	7.352079	-1.522401	9.121914	-0.606393	3.114722	0.707024	0.930661	0.154831	0.331509	-0.051223	0.952262	-0.300954	-0.362280	0.263105	0.894164
52500	7.231962	-1.351647	8.873845	-0.672713	3.035275	0.609183	0.940904	0.152449	0.302421	-0.054539	0.949510	-0.308961	-0.334252	0.274209	0.901712
52501	7.380258	-1.264829	8.831878	-0.733051	2.933962	0.487868	0.950043	0.148846	0.274341	-0.056769	0.946707	-0.317054	-0.306913	0.285641	0.907862
52502	7.541712	-1.255126	8.915106	-0.774690	2.824033	0.370849	0.958120	0.144103	0.247470	-0.057992	0.943896	-0.325111	-0.280435	0.297144	0.912722
52503	7.562972	-1.179729	8.941497	-0.798957	2.693408	0.237796	0.965195	0.138171	0.222051	-0.058109	0.941124	-0.333031	-0.254992	0.308536	0.916397
52504	7.845498	-0.944082	8.730122	-0.778214	2.534429	0.086796	0.971300	0.131012	0.198526	-0.057020	0.938552	-0.340394	-0.230923	0.319305	0.919086
52505	8.388369	-0.666197	8.296567	-0.733916	2.335872	-0.121552	0.976503	0.122281	0.177454	-0.054195	0.936308	-0.346972	-0.208580	0.329202	0.920934
52506	9.233225	-0.323776	8.111367	-0.697070	2.100122	-0.347919	0.980849	0.112000	0.159348	-0.049370	0.934376	-0.352850	-0.188410	0.338226	0.922011
52507	10.688247	-0.230069	8.103820	-0.712647	1.862197	-0.516882	0.984430	0.100779	0.144019	-0.042984	0.932466	-0.358692	-0.170441	0.346917	0.922279
52508	11.516214	-0.431106	7.615410	-0.744337	1.665850	-0.589597	0.987365	0.089419	0.130820	-0.035927	0.930398	-0.364787	-0.154334	0.355478	0.921855
52509	11.726966	-0.736128	6.884489	-0.732688	1.419380	-0.619970	0.989658	0.078538	0.120033	-0.028691	0.928264	-0.370814	-0.140545	0.363535	0.920918
52510	11.810729	-1.078095	5.959769	-0.669667	1.088969	-0.622447	0.991286	0.068752	0.112366	-0.021587	0.926248	-0.376295	-0.129950	0.370590	0.919661
52511	11.675987	-1.472260	5.030177	-0.598932	0.674726	-0.550968	0.992241	0.061118	0.108269	-0.015336	0.924347	-0.381244	-0.123379	0.376626	0.918113
52512	11.812711	-1.784815	4.447056	-0.469954	0.202669	-0.410249	0.992540	0.056544	0.108012	-0.010656	0.922791	-0.385153	-0.121450	0.381129	0.916510
52513	11.676004	-2.087635	4.135725	-0.311617	-0.248622	-0.208073	0.992253	0.055562	0.111115	-0.008180	0.921694	-0.387832	-0.123962	0.383918	0.915008
52514	11.287784	-2.007508	4.283489	-0.069207	-0.692510	0.020725	0.991367	0.058396	0.117397	-0.008265	0.921399	-0.388529	-0.130858	0.384205	0.913927
52515	10.549835	-1.410065	4.578371	0.165694	-1.078145	0.261395	0.989870	0.064923	0.126260	-0.011049	0.921851	-0.387387	-0.141543	0.382067	0.913230
52516	6.294274	-5.885587	6.376866	0.006839	-1.454076	0.987862	0.987547	0.079557	0.135723	-0.020793	0.921147	-0.388659	-0.155941	0.380997	0.911331
52517	7.911745	-7.323934	-0.331923	2.543049	-2.584023	0.664252	0.983019	0.095207	0.156872	-0.031587	0.929909	-0.366431	-0.180763	0.355254	0.917126
52518	4.551977	1.583419	9.359562	4.192688	-2.867636	0.444558	0.977282	0.108938	0.181801	-0.044046	0.943455	-0.328561	-0.207314	0.313089	0.926821
52519	6.092454	7.373817	12.817983	3.918978	-2.509412	-0.230712	0.971899	0.114091	0.205901	-0.050332	0.955186	-0.291695	-0.229954	0.273135	0.934087
52520	-0.995991	8.866463	8.335567	2.205186	-2.177633	0.888744	0.966162	0.128271	0.223778	-0.064197	0.959862	-0.273027	-0.249818	0.249423	0.935617
52521	-1.598288	5.028810	6.264874	1.367425	-2.630775	0.656478	0.958810	0.140908	0.246636	-0.074062	0.962265	-0.261840	-0.274224	0.232789	0.933065
52522	0.736366	3.861183	8.281296	1.759775	-2.815949	-0.148495	0.950835	0.145715	0.273275	-0.077655	0.966384	-0.245097	-0.299803	0.211825	0.930187
52523	4.382397	2.304430	10.088572	2.040850	-2.660868	-1.069920	0.943347	0.140648	0.300525	-0.073842	0.971992	-0.223112	-0.323488	0.188281	0.927311
52524	3.989521	0.227969	12.878499	2.891696	-2.130539	-2.219411	0.937769	0.122644	0.324880	-0.062539	0.979907	-0.189399	-0.341581	0.157295	0.926596
52525	18.011245	-1.737679	27.425439	3.975365	-3.178700	-2.315314	0.927828	0.104157	0.358171	-0.055020	0.987935	-0.144766	-0.368928	0.114611	0.922364
52526	42.299250	-6.241690	20.329618	2.535817	-1.369586	-0.278865	0.922855	0.102762	0.371186	-0.061895	0.990792	-0.120414	-0.380143	0.088150	0.920718
52527	-7.203973	13.424965	5.836071	3.011222	1.576923	-2.019354	0.929883	0.081521	0.358708	-0.054346	0.994879	-0.085219	-0.363818	0.059749	0.929552
52528	-1.918420	12.426004	19.422165	0.589700	-2.157777	0.228986	0.921685	0.084981	0.378518	-0.058626	0.995018	-0.080638	-0.383485	0.052132	0.922075
52529	14.578683	-0.752420	8.612456	-2.535131	-0.688107	1.684090	0.917974	0.102128	0.383268	-0.064250	0.991809	-0.110395	-0.391403	0.076715	0.917016
52530	0.931098	-4.416600	8.503180	-1.649084	0.741443	1.271282	0.919998	0.114061	0.374958	-0.069482	0.989027	-0.130379	-0.385715	0.093896	0.917828
52531	3.165869	-3.358041	9.637197	0.886711	-1.112343	-0.408721	0.915927	0.110979	0.385697	-0.069148	0.990274	-0.120729	-0.395344	0.083909	0.914692
52532	8.037046	1.471617	12.222225	2.005341	-0.801908	-0.699212	0.913215	0.104611	0.393822	-0.070697	0.992502	-0.099703	-0.401299	0.063209	0.913763
52533	4.593444	3.086213	9.883045	-0.112835	0.025202	-0.106679	0.913379	0.103509	0.393732	-0.069225	0.992542	-0.100343	-0.401182	0.064395	0.913732
52534	4.505535	-0.865959	10.120078	-1.314793	0.099758	0.330303	0.913548	0.106689	0.392490	-0.066923	0.991261	-0.113682	-0.401188	0.077588	0.912704
52535	3.858379	-3.090154	8.797691	-0.596673	-0.022725	0.288741	0.913251	0.109540	0.392393	-0.067119	0.990468	-0.120286	-0.401829	0.083515	0.911898
52536	4.162408	-1.921368	9.413003	0.077210	-0.192220	0.049765	0.912437	0.110168	0.394109	-0.067840	0.990476	-0.119812	-0.403555	0.082584	0.911221
52537	4.559270	-1.026909	9.817553	-0.076340	-0.153994	0.049029	0.911770	0.110754	0.395487	-0.067933	0.990358	-0.120729	-0.405045	0.083210	0.910503
52538	4.107381	-1.673761	9.299125	-0.173332	-0.076955	0.061025	0.911409	0.111397	0.396136	-0.067742	0.990144	-0.122581	-0.405887	0.084887	0.909973
52539	4.234448	-1.228264	9.548786	-0.039388	-0.128769	0.032187	0.910852	0.111798	0.397302	-0.067829	0.990074	-0.123095	-0.407120	0.085173	0.909395
52540	4.318671	-1.349880	9.545895	-0.125574	-0.120543	0.044399	0.910324	0.112316	0.398366	-0.067677	0.989916	-0.124447	-0.408326	0.086326	0.908745
52541	4.143711	-1.314048	9.453604	-0.077993	-0.117463	0.024987	0.909815	0.112638	0.399436	-0.067540	0.989820	-0.125282	-0.409481	0.087006	0.908160
52542	4.324212	-1.152960	9.472292	-0.063664	-0.126556	0.029880	0.909269	0.113019	0.400570	-0.067506	0.989729	-0.126013	-0.410698	0.087539	0.907559
52543	4.225910	-1.205709	9.434662	-0.075586	-0.106262	0.029277	0.908800	0.113375	0.401532	-0.067415	0.989629	-0.126844	-0.411749	0.088206	0.907018
52544	4.234430	-1.229628	9.459248	-0.054590	-0.124769	0.031074	0.908258	0.113768	0.402647	-0.067428	0.989544	-0.127497	-0.412942	0.088650	0.906433
52545	4.225812	-1.287196	9.404655	-0.057461	-0.115279	0.030271	0.907749	0.114142	0.403688	-0.067419	0.989458	-0.128167	-0.414061	0.089127	0.905875
52546	4.211915	-1.363998	9.299786	-0.043133	-0.111292	0.025301	0.907263	0.114467	0.404686	-0.067425	0.989390	-0.128693	-0.415123	0.089472	0.905355
52547	4.257746	-1.403995	9.316692	-0.039632	-0.123488	0.022091	0.906723	0.114769	0.405810	-0.067415	0.989329	-0.129168	-0.416304	0.089762	0.904784
52548	4.151114	-1.448148	9.301743	-0.049734	-0.122631	0.016924	0.906193	0.115022	0.406920	-0.067316	0.989263	-0.129719	-0.417472	0.090159	0.904206
52549	4.184551	-1.385925	9.314270	-0.046142	-0.135080	0.019357	0.905603	0.115308	0.408151	-0.067252	0.989199	-0.130242	-0.418760	0.090499	0.903576
52550	4.251745	-1.362547	9.267494	-0.058987	-0.151676	0.012994	0.904951	0.115549	0.409527	-0.067077	0.989129	-0.130861	-0.420196	0.090953	0.902864
52551	4.069861	-1.404420	9.328106	-0.077825	-0.147775	0.008212	0.904311	0.115738	0.410885	-0.066778	0.989048	-0.131624	-0.421618	0.091591	0.902136
52552	4.150491	-1.385817	9.338773	-0.089352	-0.175668	0.007093	0.903557	0.115944	0.412482	-0.066419	0.988956	-0.132491	-0.423288	0.092317	0.901279
52553	3.972660	-1.138645	9.460600	-0.122128	-0.204828	-0.000634	0.902676	0.116101	0.414363	-0.065849	0.988843	-0.133616	-0.425253	0.093326	0.900250
52554	4.291042	-1.343148	9.340843	-0.172793	-0.226054	0.005521	0.901701	0.116343	0.416412	-0.065117	0.988673	-0.135226	-0.427428	0.094818	0.899063
52555	4.068934	-1.432848	9.334731	-0.188219	-0.248384	0.000650	0.900624	0.116560	0.418677	-0.064269	0.988491	-0.136946	-0.429821	0.096429	0.897750
