// General information: 
//  MT Manager version: 2022.2.0 
//  XDA version: 2022.2.0 build 7381 rev 124627 built on 2023-07-19
// Device information: 
//  DeviceId: 00B4CB9F
//  ProductCode: MTW2-3A7G6
//  Firmware Version: 4.6.0
//  Hardware Version: 2.0.0
// Device settings: 
//  Filter Profile: human(46.1)
//  Option Flags: Orientation Smoother Disabled, Position/Velocity Smoother Disabled, Continuous Zero Rotation Update Disabled, AHS Disabled, ICC Disabled
// Coordinate system: ENU
PacketCounter	Acc_X	Acc_Y	Acc_Z	Gyr_X	Gyr_Y	Gyr_Z	Mat[1][1]	Mat[2][1]	Mat[3][1]	Mat[1][2]	Mat[2][2]	Mat[3][2]	Mat[1][3]	Mat[2][3]	Mat[3][3]
51415	9.236906	2.742761	0.183092	0.770444	-0.071957	0.332027	-0.162292	0.094857	0.982173	0.601478	-0.779559	0.174676	0.782231	0.619104	0.069462
51416	9.706974	3.142694	0.657507	0.681664	-0.131387	0.306533	-0.159351	0.093297	0.982804	0.607327	-0.775588	0.172098	0.778307	0.624307	0.066929
51417	9.531888	3.107470	0.989594	0.582633	-0.166274	0.292816	-0.156199	0.092074	0.983425	0.612359	-0.772183	0.169558	0.774996	0.628694	0.064232
51418	9.457358	2.849228	1.219518	0.468990	-0.176874	0.288569	-0.152995	0.090973	0.984031	0.616470	-0.769468	0.166984	0.772371	0.632173	0.061643
51419	10.030902	2.432393	1.392074	0.373745	-0.158173	0.288821	-0.149915	0.089758	0.984616	0.619834	-0.767335	0.164325	0.770280	0.634934	0.059400
51420	9.870852	2.060379	1.307755	0.319147	-0.117452	0.275592	-0.147236	0.088404	0.985143	0.622732	-0.765530	0.161768	0.768458	0.637298	0.057662
51421	10.075967	1.540433	1.206484	0.274914	-0.074876	0.252811	-0.145009	0.086951	0.985602	0.625255	-0.763970	0.159390	0.766830	0.639366	0.056416
51422	9.881424	1.160553	0.968101	0.260581	-0.048346	0.241577	-0.143064	0.085427	0.986020	0.627633	-0.762488	0.157125	0.765251	0.641337	0.055468
51423	9.739825	0.786382	0.532581	0.303453	-0.036987	0.235595	-0.141224	0.083873	0.986418	0.630331	-0.760711	0.154925	0.763373	0.643649	0.054563
51424	9.709932	0.562744	0.099276	0.392416	-0.018310	0.258028	-0.139392	0.082040	0.986833	0.633720	-0.758370	0.152561	0.760900	0.646641	0.053720
51425	9.673257	0.671202	-0.282256	0.532981	0.015124	0.261746	-0.137767	0.079965	0.987231	0.638172	-0.755097	0.150219	0.757467	0.650719	0.052996
51426	9.629968	1.025921	-0.517680	0.626367	0.037852	0.264536	-0.136298	0.077738	0.987613	0.643292	-0.751198	0.147908	0.753391	0.655483	0.052379
51427	9.569431	1.100454	-0.491749	0.643855	0.069974	0.269812	-0.135006	0.075260	0.987982	0.648537	-0.747140	0.145536	0.749115	0.660392	0.052059
51428	9.448599	1.018595	-0.557855	0.662577	0.089223	0.268290	-0.133863	0.072682	0.988331	0.653879	-0.742924	0.143198	0.744663	0.665418	0.051925
51429	9.398133	1.149939	-0.429817	0.670441	0.107368	0.252739	-0.132925	0.070098	0.988644	0.659235	-0.738598	0.141005	0.740094	0.670492	0.051967
51430	9.417444	1.268893	-0.348365	0.670926	0.113454	0.236033	-0.132136	0.067609	0.988923	0.664532	-0.734220	0.138988	0.735484	0.675536	0.052089
51431	9.455383	1.237271	-0.368872	0.667055	0.111890	0.212980	-0.131461	0.065298	0.989168	0.669745	-0.729810	0.137186	0.730863	0.680525	0.052209
51432	9.815047	1.267914	-0.285112	0.679361	0.128727	0.188167	-0.131068	0.063063	0.989366	0.674975	-0.725264	0.135648	0.726106	0.685576	0.052493
51433	9.508893	1.400311	-0.367241	0.676898	0.096660	0.181336	-0.130464	0.061095	0.989569	0.680152	-0.720689	0.134165	0.721368	0.690561	0.052471
51434	10.294423	1.055393	-0.301501	0.649904	0.103976	0.157039	-0.130073	0.059261	0.989732	0.685066	-0.716252	0.132919	0.716775	0.695321	0.052568
51435	9.952108	0.491640	-0.292464	0.642771	0.124417	0.161812	-0.129775	0.057246	0.989890	0.689909	-0.711831	0.131613	0.712169	0.700014	0.052884
51436	9.770311	0.359016	-0.065681	0.686438	0.138201	0.169691	-0.129512	0.055084	0.990047	0.695042	-0.707071	0.130261	0.707208	0.704994	0.053288
51437	10.086659	0.509509	0.156257	0.719351	0.154484	0.157823	-0.129424	0.052889	0.990178	0.700355	-0.702034	0.129040	0.701963	0.710177	0.053820
51438	9.672231	0.706022	0.125605	0.737407	0.185841	0.132024	-0.129727	0.050658	0.990255	0.705717	-0.696817	0.128098	0.696516	0.715457	0.054646
51439	9.519605	0.801193	0.008650	0.733708	0.159645	0.113909	-0.129953	0.048731	0.990322	0.710995	-0.691573	0.127330	0.691085	0.720661	0.055225
51440	9.814253	0.864974	0.015088	0.697499	0.127788	0.100996	-0.130042	0.047128	0.990388	0.715966	-0.686546	0.126679	0.685917	0.725557	0.055537
51441	9.905164	0.979741	-0.057273	0.637704	0.120841	0.097808	-0.130091	0.045591	0.990453	0.720491	-0.681918	0.126022	0.681153	0.730007	0.055863
51442	9.910228	1.051564	-0.056541	0.547811	0.100381	0.075770	-0.130156	0.044361	0.990501	0.724344	-0.677912	0.125543	0.677041	0.733803	0.056102
51443	9.945818	1.086962	0.068014	0.424269	0.103948	0.057346	-0.130367	0.043221	0.990523	0.727323	-0.674784	0.125170	0.673799	0.736748	0.056534
51444	9.800323	1.181336	0.121199	0.283967	0.099302	0.047150	-0.130622	0.042191	0.990534	0.729329	-0.672678	0.124829	0.671578	0.738731	0.057096
51445	9.884862	1.389289	0.271635	0.139766	0.079991	0.036585	-0.130818	0.041366	0.990543	0.730354	-0.671627	0.124504	0.670426	0.739734	0.057649
51446	9.963640	1.526679	0.224160	-0.007505	0.054525	0.020360	-0.130965	0.040846	0.990545	0.730365	-0.671659	0.124262	0.670384	0.739734	0.058132
51447	10.138456	1.472658	0.122915	-0.153885	0.022743	-0.008942	-0.131109	0.040751	0.990530	0.729359	-0.672759	0.124217	0.671450	0.738738	0.058483
51448	10.316535	1.147171	0.108421	-0.253226	0.010606	-0.052789	-0.131496	0.041046	0.990467	0.727625	-0.674573	0.124555	0.673254	0.737066	0.058837
51449	10.360562	0.908913	0.112689	-0.269742	0.024513	-0.104809	-0.132348	0.041586	0.990331	0.725706	-0.676482	0.125391	0.675155	0.735284	0.059352
51450	10.036439	0.899269	0.074049	-0.230112	0.028267	-0.156160	-0.133601	0.042455	0.990125	0.723980	-0.678074	0.126764	0.676760	0.733767	0.059855
51451	9.813431	0.964657	-0.029676	-0.205502	0.019348	-0.168411	-0.134876	0.043469	0.989909	0.722401	-0.679474	0.128264	0.678193	0.732410	0.060243
51452	9.761430	0.874976	-0.114556	-0.214059	0.004159	-0.155472	-0.135954	0.044515	0.989715	0.720773	-0.680940	0.129638	0.679708	0.730985	0.060491
51453	9.594926	0.900149	-0.194091	-0.209412	-0.013301	-0.131895	-0.136739	0.045523	0.989561	0.719208	-0.682377	0.130773	0.681207	0.729581	0.060567
51454	9.281189	1.228623	-0.353581	-0.199747	-0.036950	-0.116253	-0.137251	0.046605	0.989439	0.717724	-0.683747	0.131766	0.682668	0.728229	0.060395
51455	8.949667	1.700829	-0.608393	-0.242808	-0.081087	-0.130902	-0.137561	0.048103	0.989325	0.715923	-0.685419	0.132872	0.684493	0.726559	0.059849
51456	9.012614	2.080400	-0.477860	-0.343174	-0.135182	-0.164306	-0.137736	0.050232	0.989194	0.713380	-0.687796	0.134258	0.687108	0.724164	0.058900
51457	9.327381	2.542886	-0.302596	-0.479963	-0.185295	-0.200002	-0.137808	0.052960	0.989042	0.709837	-0.691128	0.135913	0.690753	0.720789	0.057650
51458	9.713146	2.669644	-0.023880	-0.631523	-0.222067	-0.221906	-0.137766	0.056116	0.988874	0.705190	-0.695515	0.137713	0.695505	0.716317	0.056246
51459	10.036378	2.152241	0.319810	-0.821754	-0.233565	-0.243762	-0.137772	0.059495	0.988675	0.699154	-0.701205	0.139623	0.701571	0.710473	0.055010
51460	10.107662	1.241116	0.571841	-0.939330	-0.230318	-0.252592	-0.137833	0.062924	0.988455	0.692221	-0.707663	0.141574	0.708401	0.703743	0.053982
51461	10.146219	0.820807	0.796523	-0.934819	-0.218766	-0.259204	-0.137986	0.066307	0.988212	0.685251	-0.714012	0.143592	0.715116	0.696987	0.053087
51462	10.153202	0.552915	0.875180	-0.866742	-0.203462	-0.264386	-0.138256	0.069633	0.987946	0.678698	-0.719817	0.145714	0.721287	0.690662	0.052259
51463	9.972191	-0.210749	0.834465	-0.786665	-0.181384	-0.259290	-0.138620	0.072761	0.987669	0.672684	-0.725013	0.147823	0.726829	0.684881	0.051556
51464	9.781905	-0.886832	0.734336	-0.624584	-0.158049	-0.214863	-0.138839	0.075419	0.987439	0.667868	-0.729091	0.149592	0.731215	0.680248	0.050856
51465	9.836995	-0.920984	0.865857	-0.339916	-0.122027	-0.143754	-0.138828	0.077304	0.987295	0.665221	-0.731260	0.150797	0.733627	0.677704	0.050095
51466	9.717930	-0.105820	1.185603	-0.048235	-0.089199	-0.086360	-0.138674	0.078554	0.987218	0.664786	-0.731492	0.151588	0.734050	0.677310	0.049217
51467	9.500297	1.287940	1.323594	0.179605	-0.085317	-0.062420	-0.138389	0.079595	0.987174	0.666059	-0.730196	0.152248	0.732949	0.678585	0.048036
51468	9.337345	2.600447	1.436884	0.263966	-0.109355	-0.050613	-0.137851	0.080720	0.987158	0.667962	-0.728333	0.152832	0.731317	0.680452	0.046484
51469	9.326915	3.326459	1.632144	0.206634	-0.131376	-0.039717	-0.137081	0.081910	0.987167	0.669459	-0.726864	0.153275	0.730092	0.681879	0.044804
51470	9.428682	3.458825	1.882914	0.061032	-0.129607	-0.033094	-0.136283	0.083047	0.987183	0.669900	-0.726392	0.153589	0.729836	0.682245	0.043362
51471	9.495857	3.165304	2.358241	-0.107305	-0.099817	-0.018340	-0.135602	0.083868	0.987207	0.669133	-0.727079	0.153680	0.730666	0.681412	0.042475
51472	9.444350	2.547051	2.662723	-0.254097	-0.054752	-0.008388	-0.135189	0.084317	0.987226	0.667296	-0.728778	0.153622	0.732421	0.679539	0.042258
51473	9.288806	1.871383	2.727332	-0.291777	-0.017685	0.007257	-0.134936	0.084391	0.987254	0.665207	-0.730735	0.153382	0.734365	0.677425	0.042465
51474	9.228151	1.699346	2.849280	-0.238064	0.018887	0.021581	-0.134864	0.084117	0.987287	0.663524	-0.732337	0.153032	0.735900	0.675727	0.042952
51475	8.997408	1.656185	2.674085	-0.139849	0.031459	0.024490	-0.134858	0.083731	0.987321	0.662569	-0.733273	0.152686	0.736761	0.674759	0.043410
51476	8.954658	1.415734	2.118225	-0.011720	0.002581	0.032163	-0.134599	0.083486	0.987377	0.662564	-0.733352	0.152328	0.736812	0.674704	0.043394
51477	9.166442	1.377788	1.563812	0.129688	-0.035382	0.061879	-0.133853	0.083278	0.987496	0.663644	-0.732499	0.151729	0.735976	0.675655	0.042781
51478	9.237397	1.594765	1.147454	0.236726	-0.066697	0.093621	-0.132675	0.083053	0.987674	0.665546	-0.730950	0.150869	0.734470	0.677359	0.041703
51479	9.278940	1.981343	0.543239	0.295967	-0.132366	0.124460	-0.130799	0.083049	0.987924	0.667922	-0.729016	0.149716	0.732647	0.679439	0.039884
51480	9.526303	2.192059	0.141220	0.293634	-0.191000	0.146737	-0.128356	0.083291	0.988224	0.670296	-0.727116	0.148345	0.730910	0.681443	0.037500
51481	9.689919	2.190754	-0.011164	0.237273	-0.235524	0.152990	-0.125534	0.083793	0.988544	0.672264	-0.725596	0.146874	0.729591	0.683000	0.034755
51482	9.759877	2.458332	0.194272	0.183341	-0.246715	0.159822	-0.122595	0.084330	0.988868	0.673839	-0.724447	0.145319	0.728637	0.684152	0.031989
51483	9.654472	2.833514	0.458432	0.094365	-0.257119	0.155456	-0.119598	0.084971	0.989180	0.674755	-0.723904	0.143766	0.728287	0.684648	0.029243
51484	9.597420	3.031172	0.853961	-0.015549	-0.280245	0.130006	-0.116615	0.085961	0.989450	0.674828	-0.724098	0.142442	0.728703	0.684320	0.026432
51485	9.469488	2.976030	1.105296	-0.132440	-0.301866	0.108926	-0.113604	0.087243	0.989688	0.674028	-0.725068	0.141286	0.729918	0.683129	0.023567
51486	9.603548	2.585251	1.650417	-0.236205	-0.322437	0.095663	-0.110542	0.088762	0.989900	0.672437	-0.726744	0.140256	0.731853	0.681149	0.020648
51487	9.603854	1.969027	2.050995	-0.314268	-0.284102	0.093705	-0.107755	0.090019	0.990094	0.670276	-0.728936	0.139223	0.734247	0.678638	0.018209
51488	9.491457	1.544543	2.475535	-0.308638	-0.240902	0.094323	-0.105292	0.090975	0.990271	0.668134	-0.731092	0.138205	0.736553	0.676186	0.016195
51489	9.510036	1.527504	2.850079	-0.255408	-0.201462	0.095814	-0.103092	0.091641	0.990441	0.666391	-0.732876	0.137172	0.738441	0.674163	0.014485
51490	9.474240	1.483128	3.160023	-0.197819	-0.138864	0.113858	-0.101252	0.091754	0.990621	0.665066	-0.734299	0.135989	0.739889	0.672597	0.013327
51491	9.372548	1.254740	3.194868	-0.098894	-0.085010	0.157985	-0.099497	0.091171	0.990852	0.664532	-0.735080	0.134366	0.740606	0.671823	0.012552
51492	9.364069	1.238748	2.797648	0.061682	-0.049248	0.226986	-0.097569	0.089840	0.991165	0.665242	-0.734850	0.132093	0.740225	0.672253	0.011933
51493	9.532089	1.570630	2.231634	0.217887	-0.047296	0.296547	-0.095169	0.087988	0.991565	0.667179	-0.733619	0.129133	0.738793	0.673841	0.011114
51494	10.116033	1.862089	1.707012	0.330203	-0.081852	0.356333	-0.092130	0.085938	0.992032	0.669971	-0.731685	0.125605	0.736649	0.676204	0.009834
51495	10.468927	1.953491	1.286830	0.395297	-0.107954	0.386352	-0.088666	0.083854	0.992525	0.673266	-0.729305	0.121761	0.734064	0.679030	0.008209
51496	10.522289	1.949322	0.920068	0.411110	-0.136181	0.392736	-0.084965	0.081932	0.993010	0.676638	-0.726821	0.117864	0.731397	0.681923	0.006316
51497	10.656023	1.954841	0.981244	0.344105	-0.145524	0.402262	-0.081099	0.080014	0.993489	0.679524	-0.724767	0.113841	0.729157	0.684332	0.004407
51498	10.734804	2.010872	1.465512	0.224952	-0.145368	0.403885	-0.077241	0.078096	0.993949	0.681499	-0.723534	0.109809	0.727731	0.685857	0.002664
51499	10.686675	1.992711	2.273261	0.114676	-0.116788	0.402687	-0.073569	0.075993	0.994391	0.682675	-0.723028	0.105762	0.727009	0.686627	0.001314
51500	10.508514	2.059349	3.119966	0.061093	-0.073201	0.374373	-0.070430	0.073800	0.994783	0.683404	-0.722878	0.102013	0.726635	0.687024	0.000477
51501	10.320514	2.338975	3.779570	0.016579	0.001905	0.320164	-0.068180	0.071480	0.995109	0.683785	-0.722967	0.098781	0.726492	0.687175	0.000415
51502	10.521348	2.608037	4.553719	-0.100043	0.119795	0.259397	-0.067234	0.068791	0.995363	0.683242	-0.723831	0.096177	0.727090	0.686540	0.001665
51503	10.574587	2.493639	5.340657	-0.282679	0.342853	0.188870	-0.068366	0.065079	0.995535	0.681350	-0.725865	0.094241	0.728758	0.684751	0.005283
51504	10.623164	1.990284	6.605873	-0.457291	0.570757	0.127288	-0.071629	0.060260	0.995609	0.678111	-0.729063	0.092914	0.731461	0.681789	0.011359
51505	9.651022	1.401703	7.458766	-0.576003	0.855740	0.071074	-0.077346	0.053929	0.995545	0.673980	-0.732990	0.092069	0.734689	0.678098	0.020347
51506	9.621863	0.803083	8.429057	-0.648721	1.093366	0.052776	-0.085008	0.046152	0.995311	0.669257	-0.737394	0.091353	0.738152	0.673885	0.031797
51507	7.960834	0.523252	8.665465	-0.638087	1.382888	0.079017	-0.094635	0.036283	0.994851	0.664648	-0.741683	0.090274	0.741139	0.669769	0.046073
51508	8.067845	0.734773	9.480186	-0.596110	1.602225	0.125014	-0.105673	0.024646	0.994095	0.660368	-0.745687	0.088685	0.743470	0.665841	0.062523
51509	8.101746	1.041532	9.373419	-0.531482	1.846479	0.156039	-0.118312	0.011223	0.992913	0.656629	-0.749213	0.086710	0.744876	0.662234	0.081271
51510	8.510052	1.220999	9.072957	-0.461973	2.088064	0.205001	-0.132505	-0.004124	0.991174	0.653468	-0.752253	0.084229	0.745266	0.658861	0.102372
51511	8.095969	1.640897	8.359129	-0.346774	2.247022	0.235397	-0.147631	-0.020667	0.988827	0.651258	-0.754472	0.081464	0.744358	0.656007	0.124843
51512	7.994343	2.064083	6.682266	-0.156916	2.128000	0.167055	-0.162344	-0.035890	0.986081	0.650378	-0.755431	0.079580	0.742060	0.654245	0.145982
51513	9.756306	1.638556	4.512506	-0.090913	1.943230	0.005541	-0.176627	-0.048628	0.983076	0.649757	-0.755989	0.079345	0.739336	0.652775	0.165124
51514	11.115900	0.674745	2.265513	0.138632	1.757530	-0.072502	-0.190045	-0.059577	0.979966	0.650674	-0.755101	0.080279	0.735191	0.652896	0.182268
51515	12.616707	0.471657	0.895630	0.491578	1.494036	-0.072192	-0.201380	-0.068804	0.977094	0.654177	-0.751897	0.081880	0.729040	0.655681	0.196427
51516	15.323842	0.028270	-1.022754	0.618739	1.361862	-0.018735	-0.211372	-0.077639	0.974317	0.658656	-0.747819	0.083300	0.722145	0.659348	0.209205
51517	16.677266	-0.234630	-2.127941	0.525193	1.499657	0.048022	-0.221760	-0.087901	0.971131	0.662580	-0.744273	0.083934	0.715409	0.662065	0.223292
51518	16.669153	-0.256386	-1.541539	0.406118	1.741165	0.037214	-0.233894	-0.099736	0.967133	0.665587	-0.741521	0.084498	0.708722	0.663475	0.239820
51519	15.615572	-0.299637	-0.641179	0.311998	1.886159	0.009495	-0.247063	-0.112319	0.962468	0.667856	-0.739404	0.085149	0.702088	0.663827	0.257692
51520	14.720612	-0.867140	-2.263314	0.306881	1.954609	-0.010482	-0.260765	-0.125232	0.957245	0.670006	-0.737351	0.086053	0.695050	0.663799	0.276182
51521	13.853246	-1.190194	-1.877500	0.489964	2.070625	-0.060348	-0.275399	-0.138537	0.951295	0.673274	-0.734138	0.087999	0.686191	0.664717	0.295454
51522	13.075293	0.249326	-0.975339	0.629890	2.158901	-0.085276	-0.290649	-0.152292	0.944632	0.677357	-0.730040	0.090716	0.675804	0.666219	0.315341
51523	12.149243	1.164507	-0.796718	0.542730	2.208476	-0.138964	-0.306332	-0.165993	0.937340	0.680628	-0.726605	0.093762	0.665512	0.666702	0.335562
51524	11.101055	1.138256	-0.946367	0.304622	2.257717	-0.240898	-0.322864	-0.179287	0.929309	0.681919	-0.724960	0.097051	0.656312	0.665048	0.356323
51525	9.942724	0.759135	-1.158044	0.040343	2.308395	-0.353209	-0.340259	-0.192027	0.920516	0.681058	-0.725308	0.100441	0.648370	0.661101	0.377574
51526	8.894252	-0.026404	-1.246144	-0.149076	2.300123	-0.426917	-0.357960	-0.204074	0.911163	0.678643	-0.727102	0.103763	0.641334	0.655497	0.398767
51527	8.200008	-0.788946	-1.135840	-0.241497	2.236503	-0.488393	-0.375467	-0.215100	0.901530	0.675359	-0.729660	0.107179	0.634756	0.649098	0.419233
51528	8.126144	-0.881097	-1.018686	-0.329049	2.122891	-0.607760	-0.392933	-0.224364	0.891776	0.670983	-0.733086	0.111209	0.628797	0.642064	0.438598
51529	7.353364	0.156036	-0.943311	-0.335730	1.978682	-0.702298	-0.409945	-0.231834	0.882155	0.666111	-0.736790	0.115916	0.623090	0.635132	0.456471
51530	6.738766	1.981985	-0.956152	-0.354635	1.707420	-0.559773	-0.424218	-0.238491	0.873591	0.661615	-0.740312	0.119176	0.618308	0.628538	0.471843
51531	6.691592	2.244433	-1.132431	-0.533551	1.527542	-0.457582	-0.436587	-0.244634	0.865763	0.656405	-0.744710	0.120584	0.615243	0.620936	0.485709
51532	6.701316	1.590956	-1.326399	-0.741362	1.378741	-0.409311	-0.447692	-0.250073	0.858508	0.650079	-0.750258	0.120460	0.613978	0.612027	0.498452
51533	6.468442	0.939482	-1.340193	-0.880581	1.229889	-0.395799	-0.457736	-0.254558	0.851867	0.642931	-0.756562	0.119389	0.614099	0.602340	0.509969
51534	6.710452	0.354229	-0.805050	-0.912757	1.057272	-0.393394	-0.466703	-0.257884	0.845981	0.635544	-0.762990	0.118026	0.615038	0.592742	0.519986
51535	6.404445	-0.059537	-0.269195	-0.826477	0.838555	-0.347685	-0.473998	-0.260157	0.841216	0.628872	-0.768714	0.116614	0.616317	0.584292	0.527974
51536	5.979865	-0.203177	0.360995	-0.732071	0.586523	-0.269848	-0.479258	-0.261479	0.837819	0.623111	-0.773634	0.114991	0.618097	0.577165	0.533701
51537	5.764101	-0.291033	0.980175	-0.668700	0.306476	-0.157832	-0.482070	-0.262016	0.836036	0.618262	-0.777847	0.112719	0.620773	0.571228	0.536972
51538	5.468922	-0.553471	1.289079	-0.511202	0.005653	-0.039131	-0.482296	-0.261742	0.835992	0.614937	-0.780824	0.110297	0.623893	0.567278	0.537543
51539	5.584492	-0.795058	1.593696	-0.214641	-0.295910	0.081697	-0.479878	-0.260705	0.837705	0.614041	-0.781788	0.108449	0.626635	0.566428	0.535246
51540	5.864029	-0.237375	2.314329	0.093814	-0.502550	0.200983	-0.475435	-0.259422	0.840632	0.615636	-0.780697	0.107258	0.628454	0.568517	0.530880
51541	6.292177	0.974171	3.278639	0.187107	-0.611096	0.166398	-0.470496	-0.257238	0.844074	0.617653	-0.779161	0.106831	0.630189	0.571608	0.525477
51542	6.245463	2.822592	3.951541	0.051196	-0.731452	-0.100022	-0.466439	-0.252268	0.847818	0.617554	-0.779087	0.107938	0.633295	0.573920	0.519185
51543	6.053517	4.839215	6.551316	-0.222884	-0.904440	-0.507478	-0.463743	-0.243116	0.851960	0.613828	-0.781585	0.111088	0.638872	0.574473	0.511686
51544	7.455312	5.503141	12.184605	-0.717102	-1.144285	-0.693270	-0.460554	-0.231117	0.857015	0.606052	-0.787304	0.113371	0.648530	0.571610	0.502665
51545	9.795431	3.777261	14.601108	-1.473952	-1.047787	-0.479511	-0.456498	-0.221381	0.861743	0.594247	-0.796708	0.110121	0.662179	0.562358	0.495250
51546	9.037919	-0.939281	14.786455	-2.043971	-0.689265	-0.170774	-0.452838	-0.216184	0.864987	0.579823	-0.808394	0.101509	0.677306	0.547506	0.491420
51547	8.341845	-4.271367	14.204087	-1.755112	-0.377914	-0.048442	-0.450467	-0.213751	0.866828	0.567667	-0.817954	0.093301	0.689082	0.534098	0.489801
51548	8.753535	-5.067560	13.386162	-0.955217	-0.083709	-0.146651	-0.450672	-0.212113	0.867123	0.560441	-0.823302	0.089885	0.694839	0.526480	0.489916
51549	7.280960	-4.300290	11.682372	-0.225027	0.193273	-0.272378	-0.453471	-0.210891	0.865962	0.557700	-0.825026	0.091125	0.695223	0.524269	0.491739
51550	2.445115	-3.921880	6.491133	0.302415	0.060320	-0.392303	-0.456037	-0.207991	0.865315	0.558062	-0.824228	0.095994	0.693251	0.526676	0.491951
51551	2.075540	-3.544597	1.861825	0.818333	-0.739176	-0.394812	-0.453061	-0.200827	0.868565	0.561990	-0.820656	0.103396	0.692028	0.534970	0.484670
51552	8.601387	-0.622080	3.381961	0.997745	-1.165825	-0.162326	-0.445871	-0.193224	0.873993	0.568212	-0.815555	0.109571	0.691617	0.545468	0.473424
51553	11.713215	3.174602	6.163800	0.523930	-0.837381	0.003932	-0.439986	-0.188669	0.877962	0.571909	-0.812639	0.111978	0.692339	0.551383	0.465451
51554	10.029432	3.671842	6.064166	-0.063169	-0.606271	-0.050716	-0.436026	-0.184934	0.880727	0.571296	-0.813051	0.112112	0.695343	0.552040	0.460163
51555	10.283691	1.418550	5.398955	-0.184224	-0.653181	-0.133560	-0.432165	-0.180247	0.883597	0.569486	-0.814276	0.112428	0.699228	0.551784	0.454550
51556	11.358137	1.064425	6.200724	-0.131759	-0.594818	-0.189754	-0.429033	-0.175439	0.886088	0.567792	-0.815311	0.113492	0.702526	0.551806	0.449409
51557	10.521186	2.004993	5.960190	-0.334337	-0.589620	-0.362665	-0.426862	-0.169235	0.888340	0.563938	-0.817743	0.115196	0.706939	0.550141	0.444501
51558	9.579709	1.286008	3.729947	-0.483557	-0.758655	-0.556626	-0.424557	-0.160531	0.891056	0.558182	-0.821286	0.117993	0.712870	0.547467	0.438288
51559	9.629410	0.157283	1.242559	-0.211896	-0.882814	-0.609061	-0.421561	-0.150696	0.894191	0.554144	-0.823359	0.122489	0.717782	0.547147	0.430604
51560	9.479562	0.297075	-0.186846	0.301137	-0.854455	-0.480111	-0.418037	-0.142075	0.897251	0.554341	-0.822380	0.128052	0.719689	0.550913	0.422543
51561	9.493403	1.337716	0.019268	0.650644	-0.767280	-0.281499	-0.414013	-0.135518	0.900127	0.557905	-0.819132	0.133284	0.719261	0.557366	0.414737
51562	9.096632	2.006090	-0.179182	0.608288	-0.783293	-0.161561	-0.409236	-0.129827	0.903145	0.561662	-0.815909	0.137216	0.719070	0.563416	0.406818
51563	9.615189	1.963367	0.107653	0.353438	-0.886897	-0.156363	-0.403662	-0.123541	0.906529	0.563625	-0.814075	0.140031	0.720683	0.567467	0.398242
51564	9.885949	1.715247	0.051305	0.105875	-0.993946	-0.192933	-0.397519	-0.116336	0.910189	0.563665	-0.813675	0.142177	0.724058	0.569560	0.389026
51565	10.367456	1.486451	0.327939	-0.033120	-1.092249	-0.261800	-0.390990	-0.107982	0.914039	0.562446	-0.814125	0.144414	0.728548	0.570561	0.379049
51566	10.321533	1.672871	0.682445	-0.116208	-1.111642	-0.329259	-0.384658	-0.098969	0.917738	0.560368	-0.815100	0.146970	0.733503	0.570804	0.368994
51567	9.945804	1.681419	1.158582	-0.183912	-1.119371	-0.356592	-0.378341	-0.089677	0.921312	0.557707	-0.816454	0.149555	0.738797	0.570405	0.358912
51568	10.080494	1.050518	1.785801	-0.209798	-1.097601	-0.390438	-0.372319	-0.080241	0.924630	0.554735	-0.817953	0.152390	0.744076	0.569662	0.349052
51569	9.514410	0.954266	2.417816	-0.119020	-1.039041	-0.338247	-0.366366	-0.071559	0.927715	0.552650	-0.818857	0.155087	0.748568	0.569520	0.339548
51570	9.330236	0.656404	3.104172	-0.048914	-0.996784	-0.269023	-0.360312	-0.063689	0.930655	0.551355	-0.819289	0.157395	0.752451	0.569833	0.330315
51571	9.478393	0.060863	3.266530	0.066153	-0.926751	-0.228225	-0.354512	-0.056537	0.933341	0.551091	-0.819019	0.159710	0.755394	0.570975	0.321509
51572	9.309649	-0.100580	3.347822	0.249746	-0.874204	-0.172173	-0.348792	-0.050138	0.935858	0.552424	-0.817653	0.162081	0.757081	0.573523	0.312888
51573	9.111299	0.031242	3.195822	0.472962	-0.838282	-0.123616	-0.343058	-0.044307	0.938269	0.555631	-0.814959	0.164670	0.757355	0.577822	0.304196
51574	9.144111	0.564469	2.892649	0.679476	-0.825512	-0.088641	-0.337244	-0.038806	0.940617	0.560522	-0.811022	0.167507	0.756361	0.583728	0.295263
51575	9.345124	1.299908	2.675721	0.839204	-0.814133	-0.082961	-0.331490	-0.033356	0.942869	0.566636	-0.806093	0.170698	0.754346	0.590848	0.286113
51576	9.381879	2.016528	2.425814	0.932658	-0.806151	-0.085003	-0.325843	-0.027892	0.945012	0.573430	-0.800544	0.174092	0.751668	0.598625	0.276846
51577	9.587948	2.304380	2.362966	0.986300	-0.794822	-0.094634	-0.320355	-0.022348	0.947034	0.580574	-0.794593	0.177641	0.748537	0.606731	0.267527
51578	9.370619	2.529354	2.356791	1.012286	-0.770509	-0.066209	-0.314926	-0.017129	0.948962	0.587972	-0.788394	0.180896	0.745057	0.614932	0.258357
51579	9.275428	2.933923	2.226310	1.054499	-0.761426	-0.016343	-0.309292	-0.012285	0.950888	0.595808	-0.781837	0.183695	0.741182	0.623362	0.249136
51580	9.156649	3.413168	1.862268	1.052249	-0.768501	0.038331	-0.303320	-0.007770	0.952857	0.603751	-0.775201	0.185869	0.737212	0.631666	0.239825
51581	9.216251	3.909021	1.510134	1.002862	-0.805248	0.071243	-0.296893	-0.003200	0.954905	0.611389	-0.768793	0.187513	0.733524	0.639490	0.230205
51582	9.112825	4.453227	1.368213	0.912169	-0.849056	0.078738	-0.290133	0.001652	0.956985	0.618343	-0.762898	0.188782	0.730394	0.646517	0.220320
51583	9.256235	4.622213	1.394595	0.742746	-0.872027	0.058739	-0.283335	0.006871	0.958996	0.623977	-0.758047	0.189785	0.728268	0.652164	0.210494
51584	9.128981	4.293645	1.651449	0.518412	-0.883662	0.047203	-0.276547	0.012294	0.960922	0.627925	-0.754632	0.190368	0.727483	0.656033	0.200972
51585	9.150151	3.786848	1.811853	0.322744	-0.863398	0.022106	-0.270053	0.017806	0.962681	0.630382	-0.752484	0.190754	0.727798	0.658370	0.191986
51586	8.848180	3.408763	1.854678	0.176146	-0.849288	0.025350	-0.263647	0.023214	0.964340	0.631774	-0.751301	0.190810	0.728939	0.659551	0.183412
51587	8.920675	3.123884	2.004202	0.048077	-0.851702	0.025124	-0.257199	0.028648	0.965934	0.632237	-0.750960	0.190618	0.730838	0.659726	0.175034
51588	8.826863	2.824082	1.911491	-0.053587	-0.852653	0.019154	-0.250777	0.034130	0.967443	0.631933	-0.751293	0.190312	0.733329	0.659085	0.166839
51589	8.879245	2.427883	2.014872	-0.112378	-0.859244	0.012039	-0.244314	0.039702	0.968883	0.631185	-0.752008	0.189975	0.736150	0.657958	0.158667
51590	8.881009	2.229941	2.212038	-0.161451	-0.851281	0.006021	-0.237938	0.045255	0.970226	0.630047	-0.753046	0.189637	0.739207	0.656409	0.150665
51591	8.937430	2.254013	2.296809	-0.176067	-0.855524	-0.001007	-0.231533	0.050875	0.971496	0.628787	-0.754171	0.189351	0.742307	0.654705	0.142626
51592	9.070961	2.165381	2.218502	-0.158652	-0.846056	0.004235	-0.225156	0.056379	0.972690	0.627655	-0.755186	0.189060	0.745221	0.653081	0.134648
51593	8.921819	1.877288	1.905774	-0.107363	-0.855957	0.020907	-0.218561	0.061809	0.973864	0.626946	-0.755870	0.188677	0.747777	0.651797	0.126453
51594	9.215812	1.441585	1.555515	-0.019796	-0.882055	0.060688	-0.211518	0.067100	0.975068	0.626965	-0.756015	0.188031	0.749783	0.651106	0.117842
51595	9.341751	1.115811	1.315020	0.081127	-0.879299	0.113350	-0.204135	0.071972	0.976294	0.627856	-0.755537	0.186977	0.751083	0.651140	0.109043
51596	9.332607	1.492607	1.384265	0.169481	-0.875200	0.152840	-0.196539	0.076522	0.977505	0.629472	-0.754524	0.185629	0.751756	0.651796	0.100125
51597	9.559974	2.275139	1.638037	0.205846	-0.853782	0.154427	-0.189072	0.080930	0.978623	0.631363	-0.753275	0.184275	0.752085	0.652708	0.091327
51598	9.588429	2.606363	1.986820	0.182459	-0.810685	0.121579	-0.182147	0.085311	0.979563	0.632998	-0.752162	0.183210	0.752420	0.653433	0.083002
51599	9.356846	2.389117	2.229732	0.137401	-0.763018	0.102803	-0.175678	0.089530	0.980368	0.634261	-0.751326	0.182270	0.752895	0.653830	0.075206
51600	9.436176	2.097952	2.348671	0.128862	-0.730644	0.119470	-0.169360	0.093413	0.981117	0.635472	-0.750571	0.181157	0.753321	0.654154	0.067756
51601	9.663759	1.962955	2.345114	0.172069	-0.699678	0.143775	-0.163100	0.096918	0.981838	0.637052	-0.749555	0.179814	0.753368	0.654809	0.060510
51602	9.397792	2.035961	2.153353	0.230169	-0.663941	0.183149	-0.156875	0.099898	0.982553	0.639113	-0.748205	0.178112	0.752944	0.655903	0.053528
51603	9.315841	1.931326	1.982181	0.273314	-0.645685	0.216004	-0.150558	0.102528	0.983270	0.641545	-0.746602	0.176083	0.752165	0.657323	0.046630
51604	9.176337	1.784261	1.868379	0.315576	-0.633954	0.239554	-0.144198	0.104915	0.983971	0.644303	-0.744753	0.173829	0.751053	0.659042	0.039795
51605	9.447897	1.895742	2.076227	0.363537	-0.625443	0.259822	-0.137752	0.107116	0.984658	0.647440	-0.742602	0.171360	0.749564	0.661112	0.032944
51606	8.845174	2.068485	1.829638	0.430078	-0.661406	0.282217	-0.130915	0.109404	0.985339	0.651071	-0.740038	0.168671	0.747642	0.663607	0.025652
51607	9.480373	2.260406	1.871196	0.473375	-0.692952	0.291715	-0.123762	0.111863	0.985987	0.655018	-0.737186	0.165854	0.745409	0.666366	0.017963
51608	9.696789	2.080048	1.945452	0.475292	-0.714621	0.303415	-0.116397	0.114402	0.986592	0.658951	-0.734336	0.162894	0.743125	0.669076	0.010089
51609	9.749302	1.867189	2.090103	0.466912	-0.707879	0.323483	-0.108932	0.116783	0.987165	0.662821	-0.731553	0.159685	0.740812	0.671709	0.002283
51610	9.636762	1.696792	2.336020	0.476673	-0.689455	0.348602	-0.101464	0.118877	0.987711	0.666743	-0.728735	0.156200	0.738349	0.674398	-0.005320
51611	9.975151	1.517172	2.816911	0.491036	-0.663821	0.362602	-0.094072	0.120733	0.988218	0.670757	-0.725824	0.152527	0.735688	0.677202	-0.012703
51612	10.238516	1.270717	3.526952	0.504415	-0.590754	0.372817	-0.087176	0.122040	0.988689	0.674827	-0.722834	0.148726	0.732809	0.680159	-0.019342
51613	10.468118	1.034154	4.551836	0.537026	-0.501204	0.386903	-0.080817	0.122674	0.989151	0.679118	-0.719619	0.144733	0.729567	0.683447	-0.025153
51614	10.575212	0.863693	5.619617	0.609306	-0.347041	0.386798	-0.075609	0.122272	0.989612	0.683881	-0.715897	0.140704	0.725665	0.687416	-0.029491
51615	10.294814	1.024156	7.021541	0.692624	-0.177690	0.378219	-0.071652	0.120807	0.990087	0.689208	-0.711551	0.136699	0.721012	0.692171	-0.032277
51616	9.835018	2.087436	8.432919	0.749500	0.007651	0.358388	-0.069185	0.118204	0.990576	0.694872	-0.706752	0.132867	0.715798	0.697516	-0.033240
51617	9.541824	4.156392	9.897974	0.796350	0.214789	0.326051	-0.068366	0.114412	0.991078	0.700811	-0.701525	0.129328	0.710063	0.703401	-0.032221
51618	9.677996	5.616806	10.906628	0.799562	0.449562	0.280878	-0.069533	0.109261	0.991578	0.706683	-0.696172	0.126266	0.704105	0.709511	-0.028806
51619	9.818489	5.007989	11.189206	0.691816	0.695842	0.280869	-0.072347	0.102366	0.992112	0.711772	-0.691512	0.123254	0.698675	0.715075	-0.022833
51620	10.587728	2.951196	10.465618	0.555025	0.967642	0.366080	-0.076448	0.092883	0.992738	0.715930	-0.687870	0.119490	0.693974	0.719866	-0.013912
51621	11.654694	1.277241	8.803194	0.578016	1.373418	0.460027	-0.082564	0.079816	0.993384	0.720329	-0.684061	0.114832	0.688701	0.725045	-0.001015
51622	12.546172	1.027335	6.905520	0.660816	1.833791	0.465098	-0.091757	0.063274	0.993769	0.725286	-0.679565	0.110236	0.682306	0.730881	0.016463
51623	12.356879	1.369026	5.695048	0.712694	2.178834	0.396880	-0.103581	0.044608	0.993620	0.730547	-0.674516	0.106439	0.674961	0.736912	0.037278
51624	11.173107	2.728680	5.094250	0.741266	2.445618	0.220245	-0.118362	0.025010	0.992655	0.735786	-0.669088	0.104591	0.666790	0.742762	0.060792
51625	10.941955	4.021955	3.779322	0.749836	2.530765	-0.009063	-0.135120	0.006217	0.990810	0.740780	-0.663461	0.105186	0.658018	0.748185	0.085041
51626	10.926349	4.740506	1.797992	0.757001	2.428254	-0.279438	-0.153057	-0.010189	0.988165	0.745345	-0.657763	0.108665	0.648872	0.753156	0.108270
51627	10.955181	5.246120	-0.290328	0.765164	2.287917	-0.544889	-0.171795	-0.023891	0.984843	0.749428	-0.652038	0.114912	0.639410	0.757810	0.129921
51628	12.539509	5.457046	-0.939307	0.618823	1.972180	-0.734270	-0.189833	-0.034117	0.981223	0.752050	-0.647531	0.122981	0.631177	0.761275	0.148580
51629	14.581438	5.182587	-1.133036	0.340038	1.743900	-0.755498	-0.206399	-0.042508	0.977544	0.752729	-0.645190	0.130876	0.625139	0.762838	0.165164
51630	16.039051	4.756524	-1.462365	-0.062076	1.727038	-0.598016	-0.221661	-0.051823	0.973746	0.751079	-0.645927	0.136598	0.621889	0.761639	0.182100
51631	15.451229	3.357064	-1.374349	-0.499493	1.710205	-0.396283	-0.235192	-0.062230	0.969955	0.747109	-0.649907	0.139461	0.621702	0.757462	0.199346
51632	14.244453	1.365612	-0.961811	-0.842173	1.668512	-0.243714	-0.247394	-0.073227	0.966144	0.741292	-0.656405	0.140066	0.623925	0.750847	0.216673
51633	13.761601	-0.038818	0.159810	-1.053352	1.635465	-0.078211	-0.258133	-0.084910	0.962371	0.734545	-0.664293	0.138414	0.627543	0.742634	0.233846
51634	13.638275	-0.601563	0.029189	-1.101649	1.694937	0.078639	-0.268217	-0.097953	0.958366	0.727838	-0.672333	0.134982	0.631119	0.733740	0.251625
51635	12.940799	-1.695987	-0.258270	-0.987079	1.744155	0.103314	-0.278426	-0.111363	0.953980	0.721922	-0.679386	0.131390	0.633488	0.725281	0.269554
51636	13.126781	-2.180621	-0.511675	-0.810629	1.862404	-0.026798	-0.290409	-0.124623	0.948753	0.716731	-0.685243	0.129379	0.634002	0.717574	0.288322
51637	13.104647	-1.906421	-1.017061	-0.634155	2.122369	-0.200626	-0.305209	-0.138387	0.942176	0.712163	-0.689994	0.129352	0.632195	0.710463	0.309147
51638	11.742624	-1.360727	-1.224117	-0.566313	2.307671	-0.355486	-0.322267	-0.152245	0.934326	0.707503	-0.694488	0.130867	0.628954	0.703213	0.331524
51639	10.681796	-1.237640	-1.316914	-0.622410	2.342243	-0.415582	-0.339819	-0.165717	0.925776	0.702269	-0.699459	0.132572	0.625573	0.695194	0.354067
51640	9.854590	-1.266619	-1.441488	-0.654367	2.308331	-0.376934	-0.356833	-0.179026	0.916853	0.696903	-0.704602	0.133648	0.622090	0.686648	0.376189
51641	9.269793	-0.859350	-1.316420	-0.656601	2.294525	-0.399125	-0.373765	-0.191850	0.907465	0.691419	-0.709781	0.134724	0.618255	0.677794	0.397940
51642	8.954891	-0.328014	-1.301931	-0.722319	2.230550	-0.443007	-0.390538	-0.203711	0.897765	0.685306	-0.715488	0.135765	0.614683	0.668265	0.419030
51643	8.609966	-0.079715	-1.215963	-0.880075	2.159223	-0.521315	-0.407268	-0.214271	0.887818	0.677876	-0.722370	0.136621	0.612059	0.657472	0.439447
51644	7.929354	-0.005686	-1.107556	-1.097232	2.048820	-0.590083	-0.423739	-0.223332	0.877820	0.668749	-0.730776	0.136895	0.610917	0.645050	0.459011
51645	7.510716	-0.470502	-1.458988	-1.320108	1.914589	-0.624065	-0.439513	-0.230953	0.868037	0.658037	-0.740576	0.136143	0.611405	0.631037	0.477468
51646	6.960402	-1.131228	-1.862634	-1.393379	1.795635	-0.612841	-0.454465	-0.237590	0.858495	0.646808	-0.750671	0.134654	0.612455	0.616477	0.494829
51647	6.120695	-1.460295	-1.967214	-1.271905	1.659466	-0.536699	-0.468011	-0.243653	0.849470	0.636590	-0.759677	0.132828	0.612959	0.602929	0.510644
51648	5.021739	-1.339314	-2.059034	-1.041865	1.468840	-0.361754	-0.479260	-0.249670	0.841412	0.628534	-0.766758	0.130488	0.612581	0.591394	0.524403
51649	4.430709	-1.696860	-2.418240	-0.830871	1.234187	-0.212757	-0.488081	-0.255275	0.834633	0.622470	-0.772130	0.127853	0.611807	0.581937	0.535763
51650	4.584766	-2.473495	-2.499653	-0.546263	0.985161	-0.100316	-0.494680	-0.260206	0.829207	0.618683	-0.775515	0.125730	0.610347	0.575212	0.544617
51651	4.824556	-4.033389	-2.651083	-0.084505	0.792881	0.056927	-0.499088	-0.265199	0.824973	0.618504	-0.775811	0.124784	0.606930	0.572527	0.551225
51652	4.724791	-4.840557	-2.614009	0.566868	0.545516	0.277069	-0.500613	-0.270484	0.822329	0.623359	-0.771778	0.125628	0.600676	0.575497	0.554970
51653	4.806434	-4.482771	-2.293159	1.177471	0.292285	0.515570	-0.499052	-0.276137	0.821399	0.633008	-0.763503	0.127919	0.591817	0.583791	0.555824
51654	4.491983	-3.120171	-0.839866	1.681065	0.092250	0.608300	-0.495647	-0.281300	0.821708	0.645939	-0.751848	0.132239	0.580601	0.596317	0.554354
51655	4.421044	0.261210	1.041085	2.102332	-0.094031	0.469536	-0.491975	-0.284228	0.822906	0.660375	-0.737773	0.139983	0.567331	0.612295	0.550663
51656	3.651674	4.300523	2.331676	2.191773	-0.270490	0.063073	-0.489979	-0.283018	0.824513	0.673025	-0.723947	0.151457	0.554038	0.629128	0.545197
51657	2.310898	9.362599	4.122927	1.898936	-0.674950	-0.499962	-0.489593	-0.275121	0.827410	0.681055	-0.713203	0.165846	0.544484	0.644709	0.536552
51658	2.877153	15.138701	13.457493	1.028358	-1.297656	-0.962991	-0.489042	-0.259836	0.832661	0.681984	-0.709053	0.179282	0.543816	0.655538	0.523960
51659	7.831178	14.938677	17.040088	-0.758295	-1.645541	-0.920872	-0.486161	-0.242489	0.839551	0.673369	-0.716289	0.183042	0.556975	0.654316	0.511516
51660	11.687192	7.708285	17.998817	-2.423979	-1.189841	-0.389999	-0.481961	-0.231959	0.844931	0.657750	-0.732864	0.173997	0.578860	0.639613	0.505783
51661	11.278929	0.228453	17.040067	-3.070707	-0.641707	-0.132281	-0.478965	-0.226937	0.847993	0.639036	-0.752442	0.159575	0.601853	0.618329	0.505414
51662	11.409708	-3.953769	15.825495	-2.690534	-0.192623	-0.299405	-0.479642	-0.223489	0.848526	0.621202	-0.769455	0.148481	0.619719	0.598324	0.507895
51663	7.785354	-4.659900	13.414929	-1.834313	0.179687	-0.412935	-0.483237	-0.221350	0.847046	0.607803	-0.781177	0.142613	0.630125	0.583753	0.512030
51664	1.704626	-4.622596	8.736319	-1.070724	-0.021344	-0.400259	-0.485485	-0.218100	0.846603	0.599123	-0.788233	0.140504	0.636676	0.575432	0.513344
51665	1.944304	-3.663933	3.509567	-0.258310	-0.900214	-0.236465	-0.481074	-0.211057	0.850895	0.596381	-0.790189	0.141179	0.642571	0.575375	0.506009
51666	12.626655	0.729953	6.914073	0.141479	-1.386952	0.104456	-0.471465	-0.203896	0.857990	0.597835	-0.789125	0.140979	0.648317	0.579403	0.493941
51667	16.780821	4.250507	9.607403	-0.477816	-0.875361	0.342285	-0.463649	-0.201539	0.862793	0.596374	-0.791158	0.135674	0.655262	0.577452	0.487012
51668	14.347824	1.097578	5.124875	-0.908285	-0.704247	0.217112	-0.457681	-0.199239	0.866506	0.591426	-0.795912	0.129379	0.663885	0.571689	0.482109
51669	13.587632	-2.963754	2.006415	-0.515256	-0.526104	-0.057731	-0.454447	-0.195782	0.868992	0.587782	-0.798927	0.127389	0.669321	0.568669	0.478147
51670	9.968721	-3.734887	-1.034434	0.037464	-0.579021	-0.403381	-0.452894	-0.189286	0.871239	0.586249	-0.799460	0.131057	0.671714	0.570118	0.473039
51671	9.170219	-2.085536	-3.926371	0.730375	-1.037421	-0.578946	-0.449256	-0.178715	0.875346	0.588599	-0.796296	0.139513	0.672102	0.577904	0.462932
51672	11.095357	1.149982	-2.727371	1.329268	-1.070536	-0.487648	-0.444918	-0.168620	0.879554	0.595382	-0.789346	0.149845	0.669006	0.590339	0.451588
51673	10.090803	3.503290	-1.693767	1.270418	-0.911884	-0.313398	-0.440643	-0.160722	0.883177	0.602523	-0.782253	0.158261	0.665432	0.601871	0.441533
51674	8.793054	3.321896	-0.781512	0.913202	-1.026606	-0.194808	-0.434946	-0.152998	0.887363	0.607792	-0.776989	0.163945	0.664388	0.610639	0.430939
51675	9.604225	2.423358	0.472463	0.585566	-1.132568	-0.115378	-0.428049	-0.145152	0.892023	0.611240	-0.773530	0.167441	0.665702	0.616914	0.419831
51676	10.196895	0.919329	0.075092	0.380344	-1.227426	-0.002817	-0.419824	-0.137543	0.897123	0.613814	-0.771145	0.169016	0.668565	0.621624	0.408171
51677	10.443989	0.683250	0.405330	0.329873	-1.267960	0.002803	-0.411240	-0.129654	0.902259	0.616089	-0.769048	0.170295	0.671801	0.625904	0.396142
51678	10.334028	1.604003	0.432461	0.412012	-1.283869	-0.119933	-0.403282	-0.120679	0.907084	0.618423	-0.766575	0.172960	0.674475	0.630713	0.383776
51679	10.117068	2.178034	0.435181	0.574037	-1.276241	-0.189373	-0.395769	-0.111141	0.911600	0.621594	-0.763121	0.176825	0.676009	0.636627	0.371104
51680	9.884070	2.362362	0.843303	0.697979	-1.253342	-0.147219	-0.388151	-0.102008	0.915933	0.625787	-0.758777	0.180688	0.676557	0.643313	0.358356
51681	9.556540	2.817208	1.441699	0.721058	-1.224308	-0.041876	-0.380060	-0.093771	0.920196	0.630555	-0.754120	0.183585	0.676723	0.650008	0.345739
51682	9.464098	3.226343	1.838322	0.646106	-1.228951	0.039266	-0.371430	-0.086047	0.924465	0.635126	-0.749831	0.185387	0.677241	0.656010	0.333161
51683	9.553629	3.493938	1.963935	0.533099	-1.238568	0.056224	-0.362607	-0.078306	0.928647	0.638995	-0.746239	0.186582	0.678382	0.661057	0.320629
