// General information: 
//  MT Manager version: 2022.2.0 
//  XDA version: 2022.2.0 build 7381 rev 124627 built on 2023-07-19
// Device information: 
//  DeviceId: 00B4CBA7
//  ProductCode: MTW2-3A7G6
//  Firmware Version: 4.6.0
//  Hardware Version: 2.0.0
// Device settings: 
//  Filter Profile: human(46.1)
//  Option Flags: Orientation Smoother Disabled, Position/Velocity Smoother Disabled, Continuous Zero Rotation Update Disabled, AHS Disabled, ICC Disabled
// Coordinate system: ENU
PacketCounter	Acc_X	Acc_Y	Acc_Z	Gyr_X	Gyr_Y	Gyr_Z	Mat[1][1]	Mat[2][1]	Mat[3][1]	Mat[1][2]	Mat[2][2]	Mat[3][2]	Mat[1][3]	Mat[2][3]	Mat[3][3]
61759	9.514695	0.575043	-0.965845	-0.246212	0.036926	-0.105838	0.000981	-0.106426	0.994320	-0.985777	0.166999	0.018847	-0.168056	-0.980196	-0.104748
61760	9.426794	0.482688	-0.999588	-0.389081	0.015708	-0.108361	0.002118	-0.106457	0.994315	-0.985114	0.170691	0.020374	-0.171890	-0.979557	-0.104511
61761	9.749880	-0.110395	-0.950924	-0.310727	-0.008706	-0.107954	0.003207	-0.106784	0.994277	-0.984572	0.173611	0.021822	-0.174948	-0.979008	-0.104580
61762	9.943795	0.085332	-0.825862	-0.176048	-0.014609	-0.108891	0.004296	-0.107120	0.994237	-0.984259	0.175213	0.023130	-0.176681	-0.978686	-0.104681
61763	9.916488	0.436122	-1.118860	-0.177076	-0.006861	-0.102056	0.005328	-0.107422	0.994199	-0.983940	0.176828	0.024379	-0.178421	-0.978362	-0.104754
61764	9.724115	0.638639	-1.236723	-0.207287	-0.009691	-0.095368	0.006292	-0.107689	0.994165	-0.983562	0.178748	0.025587	-0.180461	-0.977984	-0.104794
61765	9.728765	1.326775	-0.515147	-0.604093	-0.067344	-0.096413	0.007157	-0.108577	0.994062	-0.982448	0.184540	0.027230	-0.186401	-0.976809	-0.105351
61766	9.853950	1.165305	-1.497743	-1.243980	-0.050806	-0.024388	0.007341	-0.109123	0.994001	-0.980051	0.196645	0.028826	-0.198611	-0.974383	-0.105502
61767	9.488386	-0.889964	-1.922346	-1.006117	-0.033756	-0.016970	0.007482	-0.109541	0.993954	-0.978002	0.206411	0.030110	-0.208462	-0.972314	-0.105587
61768	9.959136	-1.031217	-1.538886	-0.476275	-0.038226	-0.031097	0.007748	-0.109982	0.993903	-0.976995	0.211001	0.030965	-0.213120	-0.971279	-0.105817
61769	9.957172	-0.134329	-1.185923	-0.175210	-0.036686	-0.042737	0.008127	-0.110485	0.993845	-0.976617	0.212646	0.031626	-0.214831	-0.970863	-0.106174
61770	9.974679	0.656739	-1.275334	-0.036759	-0.034673	-0.044088	0.008525	-0.110920	0.993793	-0.976534	0.212949	0.032145	-0.215193	-0.970747	-0.106502
61771	9.744125	1.132143	-1.235586	-0.071142	-0.023290	-0.029082	0.008799	-0.111265	0.993752	-0.976379	0.213599	0.032560	-0.215887	-0.970565	-0.106758
61772	9.427758	0.864761	-1.341237	-0.214823	-0.035761	-0.014045	0.008900	-0.111647	0.993708	-0.975911	0.215662	0.032971	-0.217987	-0.970064	-0.107038
61773	9.534218	-0.068734	-1.383437	-0.115511	-0.060825	-0.001009	0.008819	-0.112296	0.993636	-0.975659	0.216773	0.033158	-0.219117	-0.969742	-0.107651
61774	9.615973	0.112184	-0.996233	0.114693	-0.070008	-0.001746	0.008725	-0.112983	0.993559	-0.975909	0.215653	0.033093	-0.218003	-0.969912	-0.108380
61775	9.682619	0.683738	-0.655580	0.161528	-0.074474	-0.000676	0.008610	-0.113764	0.993470	-0.976260	0.214077	0.032976	-0.216430	-0.970169	-0.109220
61776	9.584883	0.780319	-0.537222	0.128986	-0.084545	0.006707	0.008405	-0.114575	0.993379	-0.976539	0.212828	0.032809	-0.215178	-0.970349	-0.110098
61777	9.717099	0.815546	-0.628768	0.128457	-0.098467	0.009704	0.008141	-0.115565	0.993267	-0.976815	0.211583	0.032623	-0.213929	-0.970504	-0.111163
61778	9.757217	0.772723	-0.919228	0.140947	-0.097294	0.008521	0.007892	-0.116496	0.993160	-0.977116	0.210220	0.032423	-0.212559	-0.970689	-0.112171
61779	9.640784	0.177852	-1.103126	0.182805	-0.086050	0.009786	0.007658	-0.117365	0.993059	-0.977504	0.208448	0.032173	-0.210777	-0.970966	-0.113128
61780	9.659322	-0.206765	-1.096638	0.332144	-0.094970	-0.000543	0.007507	-0.118292	0.992950	-0.978199	0.205216	0.031843	-0.207536	-0.971542	-0.114173
61781	9.763727	0.312526	-1.011739	0.452446	-0.103442	0.007955	0.007259	-0.119335	0.992828	-0.979128	0.200819	0.031297	-0.203114	-0.972333	-0.115386
61782	9.796428	0.764025	-1.103977	0.415661	-0.099223	0.023615	0.006871	-0.120257	0.992719	-0.979966	0.196799	0.030622	-0.199049	-0.973041	-0.116495
61783	9.624691	0.949948	-1.026801	0.336460	-0.094048	0.037776	0.006358	-0.121151	0.992614	-0.980632	0.193561	0.029906	-0.195754	-0.973579	-0.117574
61784	9.727949	0.945625	-1.080574	0.271075	-0.101702	0.047656	0.005735	-0.122053	0.992507	-0.981162	0.190974	0.029154	-0.193101	-0.973977	-0.118658
61785	9.781578	0.788036	-1.253466	0.248454	-0.080971	0.068612	0.004952	-0.122763	0.992424	-0.981643	0.188629	0.028231	-0.190665	-0.974345	-0.119575
61786	9.706274	0.849185	-1.287967	0.252640	-0.078443	0.077752	0.004082	-0.123385	0.992350	-0.982125	0.186257	0.027198	-0.188188	-0.974723	-0.120419
61787	9.784590	0.775311	-1.305297	0.230921	-0.066472	0.093619	0.003085	-0.123911	0.992289	-0.982560	0.184112	0.026045	-0.185920	-0.975063	-0.121182
61788	9.768861	0.370374	-1.600531	0.251910	-0.054305	0.104090	0.002004	-0.124253	0.992249	-0.983028	0.181779	0.024748	-0.183445	-0.975458	-0.121780
61789	9.804290	0.222465	-1.637840	0.373907	-0.047691	0.119805	0.000786	-0.124555	0.992212	-0.983709	0.178271	0.023158	-0.179767	-0.976066	-0.122385
61790	9.901748	0.090832	-1.590414	0.458856	-0.052960	0.136899	-0.000613	-0.124833	0.992178	-0.984524	0.173956	0.021279	-0.175251	-0.976809	-0.123008
61791	9.994322	-0.094168	-1.484350	0.572234	-0.059292	0.150942	-0.002155	-0.125206	0.992128	-0.985509	0.168544	0.019130	-0.169612	-0.977710	-0.123755
61792	9.937842	0.205994	-1.378897	0.651282	-0.060843	0.164802	-0.003839	-0.125531	0.992082	-0.986588	0.162374	0.016728	-0.163188	-0.978712	-0.124470
61793	9.601363	0.301483	-1.108862	0.590077	-0.085696	0.181367	-0.005720	-0.126132	0.991997	-0.987525	0.156816	0.014245	-0.157358	-0.979540	-0.125455
61794	9.455723	-0.004301	-1.024169	0.565872	-0.114662	0.183805	-0.007671	-0.126974	0.991876	-0.988388	0.151498	0.011750	-0.151759	-0.980268	-0.126661
61795	9.377758	0.042984	-0.423025	0.601373	-0.151623	0.187116	-0.009700	-0.128232	0.991697	-0.989267	0.145831	0.009181	-0.145798	-0.980964	-0.128270
61796	9.393800	0.199968	-0.024829	0.590394	-0.199976	0.192010	-0.011844	-0.129921	0.991454	-0.990090	0.140280	0.006555	-0.139933	-0.981551	-0.130295
61797	9.314439	0.451868	0.323425	0.479722	-0.244722	0.193335	-0.014048	-0.132103	0.991136	-0.990726	0.135816	0.004060	-0.135148	-0.981887	-0.132786
61798	9.237372	0.504352	0.533225	0.345675	-0.307496	0.196377	-0.016362	-0.134859	0.990730	-0.991158	0.132678	0.001691	-0.131676	-0.981942	-0.135838
61799	9.287511	0.449261	0.532051	0.266487	-0.377920	0.192981	-0.018719	-0.138357	0.990205	-0.991472	0.130317	-0.000534	-0.128967	-0.981771	-0.139617
61800	9.342388	0.340151	0.266625	0.174183	-0.436123	0.193376	-0.021152	-0.142388	0.989585	-0.991658	0.128873	-0.002653	-0.127153	-0.981385	-0.143926
61801	9.238028	0.236968	0.089392	0.168762	-0.491995	0.192522	-0.023632	-0.147005	0.988853	-0.991829	0.127488	-0.004751	-0.125368	-0.980886	-0.148817
61802	9.273217	0.186587	-0.051406	0.165768	-0.554599	0.193098	-0.026196	-0.152199	0.988003	-0.991988	0.126145	-0.006869	-0.123586	-0.980267	-0.154284
61803	9.315926	0.196186	-0.326076	0.169038	-0.606328	0.202206	-0.028894	-0.157919	0.987029	-0.992141	0.124794	-0.009078	-0.121742	-0.979535	-0.160283
61804	9.617979	0.654226	-0.409296	0.195640	-0.665874	0.209142	-0.031730	-0.164180	0.985920	-0.992315	0.123208	-0.011419	-0.119598	-0.978706	-0.166827
61805	10.039557	0.692509	-0.594581	0.115466	-0.709215	0.236176	-0.034865	-0.170855	0.984679	-0.992376	0.122466	-0.013888	-0.118217	-0.977656	-0.173822
61806	10.136359	0.350558	-0.917693	0.036238	-0.739584	0.252036	-0.038195	-0.177773	0.983330	-0.992328	0.122544	-0.016390	-0.117587	-0.976412	-0.181090
61807	9.901969	-0.283401	-1.810465	0.062471	-0.735871	0.258208	-0.041565	-0.184663	0.981923	-0.992300	0.122394	-0.018986	-0.116675	-0.975151	-0.188329
61808	10.302400	-0.624197	-2.644481	0.129770	-0.705107	0.255091	-0.044871	-0.191224	0.980520	-0.992342	0.121600	-0.021697	-0.115082	-0.973985	-0.195216
61809	10.350904	-0.973789	-3.528049	0.283470	-0.662839	0.260651	-0.048156	-0.197389	0.979142	-0.992545	0.119338	-0.024757	-0.111962	-0.973034	-0.201664
61810	9.741041	-0.711016	-3.799600	0.490485	-0.612816	0.273099	-0.051495	-0.203030	0.977817	-0.992947	0.115105	-0.028392	-0.106787	-0.972383	-0.207526
61811	9.553720	-0.295720	-3.616532	0.546449	-0.580482	0.280995	-0.054837	-0.208385	0.976508	-0.993369	0.110362	-0.032233	-0.101052	-0.971800	-0.213055
61812	9.638274	-0.146335	-3.175385	0.519674	-0.542653	0.285799	-0.058168	-0.213348	0.975243	-0.993721	0.105907	-0.036101	-0.095583	-0.971219	-0.218169
61813	9.780961	-0.300947	-2.663452	0.480077	-0.518854	0.286824	-0.061450	-0.218120	0.973985	-0.993999	0.101855	-0.039902	-0.090502	-0.970592	-0.223070
61814	9.830669	-0.536033	-2.060929	0.468858	-0.507419	0.275621	-0.064594	-0.222767	0.972729	-0.994240	0.097904	-0.043601	-0.085521	-0.969943	-0.227808
61815	9.663427	-0.631983	-1.315571	0.537872	-0.525578	0.261771	-0.067580	-0.227645	0.971396	-0.994515	0.093268	-0.047331	-0.079826	-0.969267	-0.232699
61816	9.672110	-0.515648	-0.294009	0.601815	-0.581144	0.243319	-0.070403	-0.233054	0.969912	-0.994812	0.087988	-0.051069	-0.073439	-0.968475	-0.238039
61817	9.668980	-0.311223	0.573228	0.579457	-0.662915	0.220086	-0.073008	-0.239309	0.968195	-0.995065	0.082889	-0.054547	-0.067199	-0.967399	-0.244180
61818	9.800446	-0.338935	1.305644	0.471011	-0.765523	0.195375	-0.075404	-0.246550	0.966192	-0.995227	0.078800	-0.057562	-0.061944	-0.965921	-0.251315
61819	10.110478	-0.433540	1.680169	0.371688	-0.895424	0.169697	-0.077576	-0.255077	0.963804	-0.995323	0.075629	-0.060098	-0.057562	-0.963959	-0.259751
61820	10.444619	-0.615506	1.675386	0.289718	-1.019405	0.146276	-0.079558	-0.264781	0.961021	-0.995373	0.073208	-0.062231	-0.053877	-0.961526	-0.269380
61821	10.970169	-0.916339	1.489589	0.257355	-1.142749	0.123077	-0.081326	-0.275669	0.957806	-0.995412	0.071059	-0.064068	-0.050399	-0.958622	-0.280184
61822	11.386148	-0.900704	1.535116	0.234505	-1.272722	0.098015	-0.082880	-0.287778	0.954104	-0.995450	0.069079	-0.065636	-0.047020	-0.955203	-0.292194
61823	12.106700	-2.320580	1.036931	0.140167	-1.404225	0.106887	-0.084533	-0.301084	0.949843	-0.995429	0.068045	-0.067021	-0.044453	-0.951167	-0.305460
61824	12.028944	-1.856519	1.245888	0.222812	-1.516011	0.110884	-0.086242	-0.315394	0.945034	-0.995433	0.066259	-0.068728	-0.040941	-0.946645	-0.319668
61825	11.993299	-1.246504	1.229338	-0.030745	-1.633980	0.133268	-0.088179	-0.330712	0.939603	-0.995308	0.066966	-0.069837	-0.039825	-0.941353	-0.335065
61826	12.171584	-1.227508	0.697963	-0.299956	-1.725635	0.142535	-0.090255	-0.346805	0.933585	-0.995063	0.070249	-0.070103	-0.041271	-0.935303	-0.351433
61827	12.072419	-1.244009	0.212627	-0.476388	-1.783541	0.138971	-0.092352	-0.363297	0.927085	-0.994737	0.075166	-0.069636	-0.044387	-0.928636	-0.368326
61828	11.843555	-1.092926	-0.414620	-0.602310	-1.842303	0.100686	-0.094169	-0.380258	0.920074	-0.994366	0.081096	-0.068256	-0.048659	-0.921318	-0.385753
61829	11.771551	-1.506555	-1.434586	-0.626483	-1.892700	0.016564	-0.095248	-0.397570	0.912615	-0.994036	0.086890	-0.065893	-0.053100	-0.913449	-0.403475
61830	11.451172	-1.742754	-2.287661	-0.403894	-1.887384	-0.078451	-0.095449	-0.414804	0.904891	-0.993896	0.090227	-0.063477	-0.055315	-0.905426	-0.420884
61831	10.880823	-0.846412	-3.423660	-0.231326	-1.870408	-0.221054	-0.094245	-0.431819	0.897023	-0.993981	0.091358	-0.060453	-0.055845	-0.897321	-0.437831
61832	10.763628	0.631887	-4.353730	-0.230569	-1.830470	-0.371350	-0.091539	-0.448509	0.889078	-0.994201	0.091764	-0.056071	-0.056437	-0.889055	-0.454308
61833	10.683963	0.136907	-5.153573	-0.396760	-1.732501	-0.468501	-0.087831	-0.464228	0.881350	-0.994396	0.093117	-0.050050	-0.058834	-0.880807	-0.469805
61834	10.578516	-1.559541	-5.337031	-0.106315	-1.522359	-0.530892	-0.083402	-0.478072	0.874352	-0.994792	0.091528	-0.044846	-0.058588	-0.873539	-0.483216
61835	9.684375	-2.532179	-5.488232	0.470136	-1.259747	-0.573448	-0.078350	-0.489500	0.868476	-0.995522	0.084640	-0.042106	-0.052897	-0.867886	-0.493939
61836	9.600463	-2.501273	-4.819884	1.030936	-0.974773	-0.623563	-0.072559	-0.498430	0.863888	-0.996484	0.072612	-0.041802	-0.041893	-0.863884	-0.501946
61837	8.962754	-1.641504	-3.711863	1.360981	-0.616928	-0.686312	-0.065889	-0.504152	0.861098	-0.997437	0.057407	-0.042711	-0.027900	-0.861705	-0.506642
61838	8.294334	-1.139976	-3.359597	1.377215	-0.263018	-0.747687	-0.058442	-0.506786	0.860088	-0.998193	0.041743	-0.043230	-0.013994	-0.861060	-0.508310
61839	7.877049	-0.952109	-3.640080	1.364773	0.083412	-0.752747	-0.050879	-0.506273	0.860871	-0.998705	0.026150	-0.043646	-0.000415	-0.861977	-0.506947
61840	7.641527	-1.291156	-3.797266	1.351910	0.428474	-0.699442	-0.043877	-0.502700	0.863346	-0.998954	0.010931	-0.044405	0.012885	-0.864392	-0.502654
61841	7.506298	-1.329671	-3.957068	1.464673	0.776823	-0.630275	-0.037698	-0.495936	0.867541	-0.998919	-0.004928	-0.046224	0.027199	-0.868345	-0.495214
61842	7.305844	-0.918756	-3.790195	1.543812	1.110513	-0.573623	-0.032312	-0.486183	0.873259	-0.998585	-0.021212	-0.048760	0.042230	-0.873599	-0.484810
61843	7.146986	-0.473935	-3.661641	1.491799	1.421769	-0.520101	-0.027786	-0.473510	0.880350	-0.998005	-0.036810	-0.051298	0.056696	-0.880019	-0.471543
61844	7.151529	-0.126693	-3.609467	1.331994	1.704783	-0.448070	-0.024350	-0.458242	0.888494	-0.997282	-0.050688	-0.053474	0.069541	-0.887381	-0.455762
61845	7.342433	-0.217603	-3.807751	1.080232	1.968579	-0.354666	-0.022248	-0.440434	0.897509	-0.996559	-0.061933	-0.055095	0.079851	-0.895646	-0.437540
61846	7.650543	-1.048872	-4.229465	0.860585	2.218995	-0.257131	-0.021506	-0.420281	0.907139	-0.995894	-0.070805	-0.056414	0.087940	-0.904627	-0.417033
61847	7.625966	-2.073879	-4.219616	0.849944	2.433297	-0.186586	-0.021848	-0.397956	0.917144	-0.995154	-0.079315	-0.058122	0.095873	-0.913970	-0.394294
61848	7.788469	-2.302520	-4.014015	0.904109	2.585435	-0.146529	-0.022937	-0.374074	0.927115	-0.994283	-0.088203	-0.060187	0.104289	-0.923195	-0.369912
61849	8.157753	-2.492214	-3.887039	0.888625	2.703224	-0.119499	-0.024646	-0.348827	0.936863	-0.993348	-0.096896	-0.062210	0.112478	-0.932165	-0.344119
61850	8.432779	-2.976725	-3.587499	0.982670	2.789380	-0.107712	-0.026799	-0.322589	0.946160	-0.992227	-0.106474	-0.064406	0.121518	-0.940532	-0.317228
61851	8.619549	-2.464060	-2.934349	1.117291	2.821399	-0.125671	-0.029099	-0.295747	0.954823	-0.990848	-0.117428	-0.066569	0.131810	-0.948021	-0.289623
61852	9.110682	-1.368642	-2.524330	0.952753	2.827009	-0.129752	-0.031621	-0.268680	0.962710	-0.989592	-0.126872	-0.067912	0.140387	-0.954837	-0.261872
61853	9.554586	-1.196687	-2.638711	0.604433	2.834525	-0.108822	-0.034571	-0.241323	0.969829	-0.988764	-0.132953	-0.068329	0.145431	-0.961294	-0.234015
61854	9.859796	-1.548165	-2.733542	0.425928	2.826308	-0.064193	-0.038051	-0.213972	0.976098	-0.988163	-0.137216	-0.068601	0.148615	-0.967154	-0.206218
61855	9.991307	-1.652504	-2.630506	0.327324	2.801576	-0.011054	-0.042112	-0.186730	0.981508	-0.987678	-0.140423	-0.069092	0.150728	-0.972324	-0.178515
61856	9.984608	-1.873829	-2.595558	0.224536	2.758871	0.045350	-0.046692	-0.159895	0.986029	-0.987320	-0.142540	-0.069867	0.151720	-0.976789	-0.151212
61857	9.805239	-2.373602	-2.683320	0.182160	2.706699	0.093910	-0.051711	-0.133484	0.989701	-0.986998	-0.144194	-0.071018	0.152188	-0.980505	-0.124292
61858	9.739145	-2.337832	-2.574182	0.257437	2.636182	0.129790	-0.056978	-0.107775	0.992541	-0.986536	-0.146570	-0.072549	0.153296	-0.983312	-0.097973
61859	9.443403	-2.021238	-2.322971	0.287047	2.563085	0.170130	-0.062585	-0.082746	0.994604	-0.985994	-0.149240	-0.074459	0.154596	-0.985333	-0.072247
61860	9.342057	-1.685091	-2.277160	0.232927	2.474646	0.223782	-0.068584	-0.058669	0.995919	-0.985489	-0.151382	-0.076784	0.155269	-0.986733	-0.047435
61861	9.363292	-1.251268	-2.111194	0.178300	2.383233	0.276961	-0.074999	-0.035517	0.996551	-0.985014	-0.153015	-0.079584	0.155314	-0.987585	-0.023509
61862	9.413475	-0.929586	-2.205842	0.058650	2.283405	0.307821	-0.081523	-0.013421	0.996581	-0.984686	-0.153521	-0.082617	0.154105	-0.988054	-0.000700
61863	9.600188	-0.975321	-2.174434	-0.078358	2.159995	0.314427	-0.087904	0.007484	0.996101	-0.984540	-0.152739	-0.085736	0.151502	-0.988238	0.020794
61864	9.132653	-1.072061	-1.957508	0.018783	1.996337	0.323540	-0.094057	0.026726	0.995208	-0.984222	-0.152980	-0.088910	0.149871	-0.987868	0.040693
61865	8.710431	-0.204830	-1.854962	0.059091	1.789882	0.339066	-0.100049	0.043917	0.994013	-0.983806	-0.153684	-0.092232	0.148713	-0.987144	0.058581
61866	8.421736	0.456735	-1.962296	-0.180621	1.561708	0.357500	-0.105822	0.058794	0.992645	-0.983708	-0.152083	-0.095861	0.145328	-0.986617	0.073930
61867	8.114083	0.433072	-2.073429	-0.312095	1.302161	0.353216	-0.111140	0.071136	0.991256	-0.983774	-0.149233	-0.099592	0.140843	-0.986240	0.086567
61868	8.169936	0.275707	-1.753444	-0.480367	1.027893	0.343889	-0.115900	0.080778	0.989971	-0.984051	-0.144754	-0.103396	0.134950	-0.986165	0.096267
61869	8.599710	-0.547855	-1.448094	-0.629864	0.771957	0.314946	-0.119991	0.087968	0.988870	-0.984510	-0.138805	-0.107114	0.127837	-0.986405	0.103261
61870	8.503991	-1.463441	-1.626592	-0.403724	0.546417	0.260200	-0.123198	0.093012	0.988014	-0.984705	-0.135054	-0.110071	0.123198	-0.986463	0.108228
61871	8.570182	-0.465691	-1.236696	-0.246873	0.311560	0.183773	-0.125363	0.095855	0.987469	-0.984781	-0.132790	-0.112131	0.120377	-0.986498	0.111043
61872	8.843217	-0.283853	-1.323511	-0.294869	0.127848	0.116948	-0.126625	0.096973	0.987199	-0.984989	-0.129990	-0.113573	0.117312	-0.986762	0.111978
61873	8.998911	0.202776	-1.157666	-0.444647	-0.028061	0.075272	-0.127308	0.096611	0.987147	-0.985409	-0.125670	-0.114785	0.112965	-0.987357	0.111200
61874	9.613689	-0.104003	-1.605176	-0.507080	-0.149130	0.014528	-0.127245	0.095130	0.987299	-0.985957	-0.120672	-0.115445	0.108157	-0.988124	0.109149
61875	8.404248	0.563326	-2.070867	-0.631906	-0.287510	-0.047459	-0.126444	0.092347	0.987666	-0.986686	-0.114376	-0.115624	0.102288	-0.989136	0.105580
61876	8.287110	0.619697	-2.902347	-0.955323	-0.400544	-0.099080	-0.125033	0.088500	0.988198	-0.987750	-0.104827	-0.115588	0.093360	-0.990545	0.100523
61877	8.053376	0.097951	-3.379980	-1.241927	-0.479472	-0.120961	-0.123382	0.083862	0.988809	-0.988992	-0.092406	-0.115568	0.081680	-0.992184	0.094340
61878	8.463276	-0.147517	-3.175615	-1.419127	-0.523254	-0.131933	-0.121643	0.078787	0.989442	-0.990223	-0.078204	-0.115512	0.068277	-0.993819	0.087530
61879	8.782006	-0.161141	-3.783105	-1.295954	-0.531860	-0.123853	-0.120047	0.073572	0.990038	-0.991183	-0.065217	-0.115339	0.056081	-0.995155	0.080752
61880	9.262155	-0.864555	-4.264670	-0.877809	-0.589519	-0.149334	-0.118217	0.067800	0.990670	-0.991823	-0.056369	-0.114497	0.048080	-0.996105	0.073910
61881	10.268812	-0.956622	-3.135028	-0.742874	-0.588664	-0.134724	-0.116577	0.061978	0.991246	-0.992318	-0.048874	-0.113647	0.041402	-0.996880	0.067199
61882	10.857657	-1.804719	-1.593099	-0.877679	-0.501662	-0.115016	-0.115206	0.057033	0.991703	-0.992784	-0.040051	-0.113028	0.033272	-0.997569	0.061236
61883	11.514342	-3.360044	0.211510	-1.083826	-0.329883	-0.107620	-0.114004	0.053743	0.992026	-0.993217	-0.029171	-0.112561	0.022889	-0.998129	0.056704
61884	11.330804	-6.429272	0.851214	-1.016782	-0.153708	-0.096606	-0.112975	0.052238	0.992224	-0.993513	-0.018968	-0.112123	0.012963	-0.998455	0.054042
61885	11.001235	-7.300248	1.647823	-0.461019	-0.108432	-0.104884	-0.111889	0.051137	0.992404	-0.993684	-0.014306	-0.111296	0.008506	-0.998589	0.052414
61886	10.912104	-5.587023	2.490640	-0.260546	-0.201018	-0.120926	-0.110631	0.049150	0.992645	-0.993843	-0.011641	-0.110188	0.006140	-0.998724	0.050136
61887	10.601358	-3.373169	2.428270	-0.186065	-0.363043	-0.179901	-0.108803	0.045511	0.993021	-0.994052	-0.009695	-0.108472	0.004690	-0.998917	0.046295
61888	10.407111	-0.711204	2.794029	-0.109245	-0.520619	-0.202383	-0.106726	0.040333	0.993470	-0.994280	-0.008515	-0.106468	0.004165	-0.999150	0.041011
61889	10.138446	0.790672	2.832228	-0.366183	-0.598734	-0.219866	-0.104506	0.034338	0.993931	-0.994524	-0.004771	-0.104404	0.001157	-0.999399	0.034648
61890	9.788627	0.666108	1.319838	-0.443748	-0.637677	-0.257969	-0.101903	0.027975	0.994401	-0.994791	-0.000254	-0.101936	-0.002599	-0.999609	0.027856
61891	9.946405	2.745665	0.712784	-0.063636	-0.704900	-0.337794	-0.098538	0.020905	0.994914	-0.995130	0.000466	-0.098569	-0.002524	-0.999781	0.020758
61892	10.035860	3.126568	0.319814	-0.573456	-0.740838	-0.360991	-0.094940	0.013491	0.995392	-0.995455	0.006262	-0.095031	-0.007515	-0.999889	0.012835
61893	9.779388	0.365426	-1.107156	-0.616913	-0.713795	-0.347518	-0.091521	0.006299	0.995783	-0.995718	0.012466	-0.091594	-0.012990	-0.999902	0.005131
61894	9.338045	-1.311100	-2.329862	-0.162381	-0.711170	-0.367729	-0.087913	-0.000857	0.996128	-0.996030	0.014099	-0.087892	-0.013970	-0.999900	-0.002093
61895	9.453160	-1.246535	-2.825905	0.243508	-0.714087	-0.376871	-0.084214	-0.008072	0.996415	-0.996388	0.011648	-0.084118	-0.010927	-0.999900	-0.009024
61896	9.837637	-1.194492	-2.226842	0.344418	-0.688661	-0.365483	-0.080592	-0.014990	0.996634	-0.996723	0.008161	-0.080476	-0.006928	-0.999854	-0.015598
61897	9.695467	-2.824127	-2.092101	0.315563	-0.654802	-0.348763	-0.077116	-0.021591	0.996788	-0.997017	0.004942	-0.077027	-0.003263	-0.999755	-0.021908
61898	9.701760	-2.360131	-1.372223	0.424071	-0.657558	-0.374067	-0.073350	-0.028170	0.996908	-0.997305	0.000608	-0.073362	0.001460	-0.999603	-0.028139
61899	9.997809	-1.436431	-0.940924	0.304143	-0.663561	-0.377602	-0.069534	-0.034834	0.996971	-0.997567	-0.002552	-0.069665	0.004971	-0.999390	-0.034572
61900	10.083232	-0.436738	-0.594631	-0.008805	-0.660110	-0.366025	-0.065806	-0.041416	0.996973	-0.997818	-0.002605	-0.065970	0.005329	-0.999139	-0.041154
61901	10.196282	0.511993	-0.529324	-0.352828	-0.651627	-0.353894	-0.062223	-0.047958	0.996909	-0.998060	0.000759	-0.062258	0.002229	-0.998849	-0.047912
61902	10.069587	0.460530	-0.867538	-0.574701	-0.634721	-0.334836	-0.058841	-0.054304	0.996789	-0.998262	0.006325	-0.058583	-0.003124	-0.998504	-0.054581
61903	9.916224	0.298631	-1.337932	-0.621868	-0.610547	-0.321082	-0.055642	-0.060465	0.996618	-0.998410	0.012346	-0.054993	-0.008979	-0.998094	-0.061056
61904	9.961695	-0.004464	-1.676825	-0.392581	-0.582703	-0.305643	-0.052611	-0.066319	0.996411	-0.998536	0.016067	-0.051654	-0.012584	-0.997669	-0.067067
61905	9.929111	0.513697	-1.503769	-0.127838	-0.550510	-0.294331	-0.049711	-0.071897	0.996173	-0.998671	0.017135	-0.048599	-0.013576	-0.997265	-0.072653
61906	9.956576	0.538495	-1.480573	-0.065191	-0.520439	-0.270842	-0.047036	-0.077129	0.995911	-0.998795	0.017580	-0.045811	-0.013975	-0.996866	-0.077863
61907	10.070115	0.010682	-1.908859	-0.021126	-0.481854	-0.256905	-0.044502	-0.082016	0.995637	-0.998912	0.017582	-0.043200	-0.013962	-0.996476	-0.082709
61908	10.075240	-0.206921	-2.166705	0.005891	-0.442362	-0.236731	-0.042157	-0.086460	0.995363	-0.999017	0.017320	-0.040807	-0.013712	-0.996105	-0.087105
61909	9.971386	-0.792265	-2.450887	-0.033520	-0.407704	-0.216303	-0.040016	-0.090600	0.995083	-0.999103	0.017458	-0.038588	-0.013876	-0.995734	-0.091217
61910	10.003774	-1.134308	-2.689848	0.024445	-0.361595	-0.213761	-0.037888	-0.094233	0.994829	-0.999191	0.017013	-0.036442	-0.013491	-0.995405	-0.094801
61911	9.704978	-0.909341	-2.623573	0.042600	-0.305535	-0.210486	-0.035790	-0.097354	0.994606	-0.999275	0.016382	-0.034355	-0.012949	-0.995115	-0.097870
61912	9.609743	-0.561776	-2.267729	0.117743	-0.272539	-0.203651	-0.033747	-0.100094	0.994406	-0.999362	0.015005	-0.032404	-0.011677	-0.994865	-0.100536
61913	9.782150	0.098422	-1.776686	0.170281	-0.241789	-0.195803	-0.031782	-0.102574	0.994217	-0.999446	0.013106	-0.030597	-0.009892	-0.994639	-0.102934
61914	9.811522	0.698480	-1.484068	0.108075	-0.213510	-0.179273	-0.029968	-0.104716	0.994051	-0.999513	0.011841	-0.028886	-0.008746	-0.994432	-0.105020
61915	9.869540	0.441436	-1.518968	0.008425	-0.192910	-0.165966	-0.028291	-0.106702	0.993888	-0.999563	0.011576	-0.027210	-0.008602	-0.994224	-0.106983
61916	9.809329	0.019029	-1.528009	0.042599	-0.171417	-0.138666	-0.026877	-0.108418	0.993742	-0.999606	0.010998	-0.025836	-0.008128	-0.994045	-0.108671
61917	9.575840	-0.109405	-1.236088	0.180872	-0.172434	-0.120865	-0.025645	-0.110193	0.993579	-0.999651	0.009062	-0.024796	-0.006271	-0.993869	-0.110387
61918	9.579410	0.378119	-0.690930	0.258216	-0.190355	-0.107142	-0.024541	-0.112089	0.993395	-0.999692	0.006372	-0.023977	-0.003642	-0.993678	-0.112211
61919	9.434128	0.010676	-0.408538	0.130075	-0.207975	-0.100527	-0.023505	-0.114209	0.993179	-0.999721	0.004959	-0.023089	-0.002288	-0.993444	-0.114294
61920	9.527912	-0.731874	-0.510946	0.170162	-0.245574	-0.106216	-0.022404	-0.116648	0.992921	-0.999749	0.003141	-0.022189	-0.000530	-0.993168	-0.116690
61921	9.715149	-0.610693	-0.503974	0.283968	-0.275448	-0.098832	-0.021376	-0.119432	0.992612	-0.999769	0.000197	-0.021507	0.002373	-0.992842	-0.119408
61922	9.772697	-0.073634	-0.625405	0.318030	-0.305552	-0.091959	-0.020403	-0.122458	0.992264	-0.999776	-0.003076	-0.020937	0.005616	-0.992469	-0.122368
61923	9.639541	0.098688	-0.659931	0.316640	-0.342530	-0.082736	-0.019514	-0.125897	0.991851	-0.999770	-0.006328	-0.020473	0.008854	-0.992023	-0.125745
61924	9.583732	0.312218	-0.756202	0.347683	-0.367205	-0.071234	-0.018720	-0.129528	0.991399	-0.999748	-0.009873	-0.020168	0.012400	-0.991527	-0.129311
61925	9.658316	0.696480	-1.022294	0.334841	-0.375210	-0.051731	-0.018112	-0.133284	0.990912	-0.999711	-0.013267	-0.020058	0.015820	-0.990989	-0.133005
61926	9.695844	0.815829	-1.293015	0.277920	-0.377610	-0.030249	-0.017703	-0.137015	0.990411	-0.999669	-0.016068	-0.020091	0.018666	-0.990439	-0.136685
61927	9.576177	0.722178	-1.364965	0.260864	-0.374603	-0.002382	-0.017564	-0.140765	0.989887	-0.999618	-0.018662	-0.020390	0.021343	-0.989867	-0.140383
61928	9.620829	0.863716	-1.494474	0.239476	-0.373632	0.019711	-0.017635	-0.144460	0.989353	-0.999561	-0.021010	-0.020884	0.023803	-0.989288	-0.144026
61929	9.600776	0.666182	-1.525594	0.158908	-0.368542	0.041671	-0.017918	-0.148155	0.988802	-0.999515	-0.022528	-0.021488	0.025459	-0.988708	-0.147679
61930	9.492597	0.022303	-1.394143	0.151081	-0.373382	0.060508	-0.018383	-0.151853	0.988232	-0.999465	-0.023937	-0.022270	0.027037	-0.988113	-0.151332
61931	9.537112	-0.552499	-1.072656	0.165944	-0.401887	0.067221	-0.018899	-0.155880	0.987595	-0.999407	-0.025481	-0.023147	0.028773	-0.987447	-0.155306
61932	9.524912	-1.099839	-0.652022	0.239493	-0.449147	0.068482	-0.019407	-0.160325	0.986873	-0.999323	-0.027744	-0.024159	0.031253	-0.986674	-0.159678
61933	9.520935	-1.299516	-0.217824	0.306411	-0.508564	0.061749	-0.019814	-0.165397	0.986028	-0.999211	-0.030673	-0.025225	0.034417	-0.985750	-0.164658
61934	9.312215	-1.176722	0.159500	0.385100	-0.577410	0.055787	-0.020120	-0.171097	0.985049	-0.999061	-0.034381	-0.026378	0.038380	-0.984654	-0.170245
61935	9.254355	-0.651193	0.208305	0.369745	-0.659709	0.046627	-0.020280	-0.177639	0.983887	-0.998903	-0.037947	-0.027441	0.042210	-0.983364	-0.176675
61936	9.202685	-0.392820	-0.038520	0.310086	-0.734067	0.046213	-0.020378	-0.184864	0.982553	-0.998758	-0.040918	-0.028413	0.045457	-0.981912	-0.183801
61937	9.292659	-0.129487	-0.251960	0.292317	-0.805242	0.050410	-0.020464	-0.192815	0.981022	-0.998611	-0.043700	-0.029420	0.048543	-0.980262	-0.191653
61938	9.105647	0.275041	-0.532292	0.287841	-0.863097	0.058265	-0.020572	-0.201287	0.979316	-0.998456	-0.046413	-0.030513	0.051595	-0.978432	-0.200022
61939	9.327062	0.303011	-0.900729	0.235955	-0.915221	0.066049	-0.020708	-0.210289	0.977420	-0.998319	-0.048593	-0.031605	0.054142	-0.976431	-0.208929
61940	10.039072	0.180946	-1.305316	0.202770	-0.930282	0.079402	-0.020945	-0.219396	0.975411	-0.998191	-0.050409	-0.032772	0.056360	-0.974333	-0.217943
61941	9.800941	-0.126732	-1.872726	0.216108	-0.929415	0.097196	-0.021339	-0.228513	0.973307	-0.998047	-0.052305	-0.034162	0.058716	-0.972135	-0.226951
61942	9.354210	-0.385371	-2.089266	0.374360	-0.962858	0.105056	-0.021762	-0.237912	0.971043	-0.997798	-0.055705	-0.036009	0.062659	-0.969688	-0.236175
61943	9.382795	-0.306279	-1.626535	0.549953	-1.010598	0.116509	-0.022221	-0.247786	0.968560	-0.997413	-0.060758	-0.038427	0.068370	-0.966908	-0.245795
61944	9.766262	-0.124658	-0.813974	0.598209	-1.060047	0.112336	-0.022542	-0.258084	0.965860	-0.996961	-0.066260	-0.040973	0.074573	-0.963848	-0.255806
61945	10.265911	-0.067613	-0.193682	0.558725	-1.126847	0.113349	-0.022758	-0.269022	0.962865	-0.996503	-0.071349	-0.043487	0.080399	-0.960488	-0.266457
61946	11.090132	0.216804	0.426388	0.574915	-1.209620	0.108949	-0.022793	-0.280690	0.959528	-0.996000	-0.076573	-0.046059	0.086402	-0.956739	-0.277822
61947	11.823976	0.605867	0.915231	0.536690	-1.291636	0.102186	-0.022616	-0.293112	0.955811	-0.995498	-0.081416	-0.048523	0.092041	-0.952605	-0.289951
61948	12.374618	0.266342	1.257914	0.386740	-1.388633	0.052317	-0.021788	-0.306345	0.951671	-0.995124	-0.084948	-0.050128	0.096199	-0.948123	-0.303000
61949	12.389579	-0.563557	0.957057	0.478126	-1.483033	0.002774	-0.020309	-0.320370	0.947075	-0.994652	-0.089474	-0.051596	0.101268	-0.943057	-0.316840
61950	12.530790	-0.082950	1.003986	0.283541	-1.605121	-0.014840	-0.018470	-0.335442	0.941880	-0.994364	-0.092203	-0.052336	0.104399	-0.937538	-0.331848
61951	13.231274	-1.138051	0.830836	0.153956	-1.708230	-0.020122	-0.016429	-0.351376	0.936090	-0.994206	-0.093725	-0.052630	0.106228	-0.931531	-0.347801
61952	13.502148	-2.727501	0.766588	0.157122	-1.798920	-0.012290	-0.014337	-0.368055	0.929694	-0.994040	-0.095243	-0.053036	0.108067	-0.924913	-0.364495
61953	12.216595	-1.604840	1.368203	0.035928	-1.894860	-0.003483	-0.012211	-0.385487	0.922632	-0.994002	-0.095604	-0.053100	0.108677	-0.917747	-0.382008
61954	11.951707	-2.227956	1.038169	-0.199095	-2.004075	0.051121	-0.010518	-0.403843	0.914768	-0.994211	-0.093599	-0.052752	0.106925	-0.910028	-0.400521
61955	11.770250	-1.341177	1.224775	-0.155063	-2.125096	0.108347	-0.009303	-0.423158	0.906008	-0.994366	-0.091765	-0.053070	0.105597	-0.901397	-0.419920
61956	11.970440	-0.437300	1.027808	-0.503544	-2.229215	0.175547	-0.008707	-0.443298	0.896332	-0.994870	-0.086507	-0.052448	0.100789	-0.892190	-0.440271
61957	12.262707	-0.716095	0.282378	-0.681372	-2.318709	0.194398	-0.008349	-0.463989	0.885802	-0.995517	-0.079599	-0.051078	0.094209	-0.882258	-0.461244
61958	12.249432	-0.169221	-0.459608	-0.855717	-2.393997	0.172447	-0.007869	-0.485106	0.874420	-0.996274	-0.071297	-0.048519	0.085881	-0.871544	-0.482737
61959	12.229384	-0.323097	-1.924755	-1.019756	-2.434334	0.124171	-0.007106	-0.506214	0.862378	-0.997090	-0.061873	-0.044535	0.075902	-0.860185	-0.504302
61960	11.974771	0.313666	-3.584766	-0.780269	-2.435825	0.029160	-0.005599	-0.527031	0.849828	-0.997651	-0.055079	-0.040731	0.068274	-0.848059	-0.525485
61961	12.039469	1.869970	-3.894894	-0.676112	-2.370026	-0.066031	-0.003368	-0.546893	0.837196	-0.998093	-0.049764	-0.036524	0.061637	-0.835722	-0.545682
61962	11.615308	0.548899	-4.524799	-0.872238	-2.167207	-0.110554	-0.000981	-0.564822	0.825212	-0.998595	-0.043163	-0.030730	0.052976	-0.824083	-0.563986
61963	10.923367	-0.735751	-5.252386	-0.497832	-1.931502	-0.120416	0.001232	-0.580524	0.814242	-0.998846	-0.039800	-0.026864	0.048002	-0.813270	-0.579904
61964	10.534836	-1.529301	-4.417787	-0.127083	-1.603001	-0.116513	0.003197	-0.593435	0.804876	-0.998904	-0.039481	-0.025142	0.046698	-0.803913	-0.592910
61965	9.639470	-1.668215	-3.494729	0.154771	-1.214380	-0.177533	0.005580	-0.603018	0.797708	-0.998822	-0.041806	-0.024616	0.048193	-0.796631	-0.602541
61966	8.705842	-1.412116	-3.236301	0.292192	-0.806427	-0.271770	0.008736	-0.609297	0.792894	-0.998658	-0.045799	-0.024191	0.051054	-0.791618	-0.608880
61967	8.017128	-1.491067	-3.719971	0.384153	-0.373203	-0.334275	0.012302	-0.612019	0.790748	-0.998419	-0.050901	-0.023863	0.054855	-0.789204	-0.611677
61968	7.497358	-1.938279	-4.105674	0.552605	0.072163	-0.350091	0.015797	-0.611253	0.791277	-0.998050	-0.057430	-0.024439	0.060381	-0.789349	-0.610969
61969	7.068026	-2.258242	-4.515471	0.831851	0.528722	-0.345622	0.018932	-0.606789	0.794637	-0.997452	-0.066137	-0.026738	0.068780	-0.792106	-0.606495
61970	6.906775	-2.159553	-4.821587	1.178193	0.976136	-0.338512	0.021619	-0.598782	0.800620	-0.996502	-0.077566	-0.031103	0.080724	-0.797147	-0.598365
61971	6.761862	-1.934221	-4.850138	1.499027	1.395883	-0.316526	0.023562	-0.587266	0.809051	-0.995105	-0.091470	-0.037415	0.095977	-0.804209	-0.586547
61972	6.672797	-1.498715	-4.674927	1.718317	1.778471	-0.289914	0.024623	-0.572590	0.819472	-0.993234	-0.107070	-0.044969	0.113489	-0.812820	-0.571353
61973	6.635939	-0.737695	-4.544856	1.716924	2.121296	-0.252057	0.024552	-0.554877	0.831570	-0.991071	-0.122558	-0.052518	0.131057	-0.822855	-0.552931
61974	6.739378	-0.158847	-4.514082	1.468137	2.432135	-0.203454	0.023236	-0.534452	0.844879	-0.988986	-0.135854	-0.058740	0.146174	-0.834209	-0.531722
61975	6.774701	-0.331443	-4.665603	1.087882	2.710496	-0.148034	0.020603	-0.511382	0.859106	-0.987300	-0.145797	-0.063109	0.157528	-0.846895	-0.507892
61976	6.796706	-1.881704	-5.280825	0.675233	2.959370	-0.105125	0.016912	-0.485947	0.873825	-0.986191	-0.152108	-0.065503	0.164747	-0.860650	-0.481809
61977	7.007257	-3.691947	-6.160293	0.672723	3.175149	-0.085431	0.012429	-0.458186	0.888769	-0.985044	-0.158371	-0.067869	0.171852	-0.874634	-0.453302
61978	7.003248	-3.978010	-5.950261	0.991051	3.346803	-0.093779	0.007472	-0.428525	0.903499	-0.983281	-0.167541	-0.071332	0.181940	-0.887860	-0.422613
61979	7.184689	-2.763758	-5.288721	1.192349	3.471122	-0.110435	0.002048	-0.397224	0.917719	-0.981034	-0.178678	-0.075149	0.193827	-0.900159	-0.390056
61980	7.586519	-1.679776	-5.087846	1.038037	3.553513	-0.118424	-0.003820	-0.364797	0.931079	-0.978970	-0.188551	-0.077890	0.203970	-0.911796	-0.356405
61981	7.963462	-1.406867	-4.897132	0.857732	3.619147	-0.108457	-0.010278	-0.331314	0.943464	-0.977191	-0.196815	-0.079761	0.212114	-0.922765	-0.321734
61982	8.277816	-1.109339	-4.545584	0.694666	3.667085	-0.077564	-0.017375	-0.297118	0.954683	-0.975707	-0.203518	-0.081097	0.218391	-0.932899	-0.286364
61983	8.828645	-1.360290	-4.864078	0.396506	3.705208	-0.004510	-0.025471	-0.262292	0.964652	-0.974834	-0.207265	-0.082096	0.221471	-0.942467	-0.250412
61984	9.479572	-2.203379	-5.372032	0.306943	3.745388	0.092116	-0.034660	-0.227008	0.973276	-0.974125	-0.209956	-0.083661	0.223337	-0.950992	-0.213857
61985	9.924296	-3.001460	-5.388207	0.428748	3.772096	0.155853	-0.044645	-0.191265	0.980523	-0.973099	-0.213735	-0.085999	0.226021	-0.957985	-0.176578
61986	10.193259	-3.410477	-5.317832	0.659617	3.751780	0.175685	-0.054879	-0.155591	0.986296	-0.971507	-0.219775	-0.088727	0.230568	-0.963063	-0.139097
61987	10.264164	-2.823425	-4.691205	1.012587	3.689743	0.165069	-0.065125	-0.120314	0.990597	-0.969034	-0.229323	-0.091560	0.238183	-0.965886	-0.101654
61988	9.862791	-1.290569	-3.760856	1.197200	3.576055	0.148518	-0.075203	-0.086089	0.993445	-0.966027	-0.240745	-0.093989	0.247258	-0.966763	-0.065059
61989	9.828962	-0.406725	-3.374483	0.899178	3.406041	0.156584	-0.085233	-0.053487	0.994924	-0.963651	-0.249337	-0.095958	0.253204	-0.966939	-0.030292
61990	9.670430	-0.539603	-3.331978	0.730708	3.201425	0.180324	-0.095103	-0.022979	0.995202	-0.961627	-0.256333	-0.097813	0.257351	-0.966315	0.002280
61991	9.646108	-0.239961	-2.766801	0.586124	2.948957	0.179135	-0.104446	0.005080	0.994518	-0.959932	-0.261981	-0.099475	0.260040	-0.965060	0.032240
61992	9.720374	-0.522780	-2.274170	0.328792	2.668386	0.167942	-0.112961	0.030388	0.993135	-0.958899	-0.265182	-0.100953	0.260293	-0.963719	0.059095
61993	9.445700	-1.213504	-2.233655	0.260494	2.353308	0.149491	-0.120506	0.052689	0.991313	-0.958049	-0.267753	-0.102231	0.260041	-0.962046	0.082745
61994	8.971693	-1.709876	-2.283869	0.345970	2.009239	0.100315	-0.126661	0.071743	0.989348	-0.957029	-0.271138	-0.102861	0.260870	-0.959863	0.103003
61995	8.046248	-2.452468	-2.475119	0.445981	1.645780	0.031497	-0.131261	0.087466	0.987482	-0.955822	-0.275437	-0.102656	0.263010	-0.957332	0.119756
61996	7.258923	-2.187293	-2.458877	0.648316	1.254223	-0.055331	-0.134021	0.099625	0.985958	-0.954181	-0.281579	-0.101250	0.267538	-0.954352	0.132798
61997	6.865244	-0.860017	-2.267105	0.669675	0.855355	-0.109018	-0.135282	0.108111	0.984891	-0.952521	-0.287845	-0.099239	0.272767	-0.951555	0.141918
61998	6.969844	0.523722	-3.101301	0.303951	0.489090	-0.141702	-0.135234	0.113188	0.984327	-0.951886	-0.290574	-0.097364	0.274999	-0.950134	0.147038
61999	6.035188	1.094734	-3.126801	-0.116946	0.114694	-0.087199	-0.134704	0.114548	0.984243	-0.952327	-0.289360	-0.096660	0.273728	-0.950342	0.148065
62000	6.319306	0.680806	-3.858582	-0.739204	-0.261856	-0.014094	-0.133823	0.112113	0.984643	-0.954351	-0.282306	-0.097562	0.267032	-0.952751	0.144774
62001	6.430202	0.388271	-4.697860	-1.114226	-0.614185	0.018760	-0.132373	0.106206	0.985494	-0.957250	-0.271685	-0.099299	0.257198	-0.956508	0.137630
62002	6.774947	-0.356691	-5.381741	-1.402673	-0.954589	0.031954	-0.130243	0.096984	0.986727	-0.960735	-0.258264	-0.101428	0.244999	-0.961194	0.126813
62003	7.957235	-1.346527	-5.156915	-1.477786	-1.186599	0.008617	-0.127469	0.085524	0.988148	-0.964254	-0.244028	-0.103266	0.232304	-0.965990	0.113573
62004	11.142757	-4.792342	-2.870309	-0.836584	-0.988991	0.045782	-0.125608	0.075861	0.989175	-0.966117	-0.235968	-0.104583	0.225480	-0.968795	0.102930
62005	11.631151	-3.501683	-0.126358	-0.197114	-0.656461	-0.023397	-0.123881	0.069537	0.989858	-0.966592	-0.234037	-0.104529	0.224395	-0.969738	0.096207
62006	11.518956	-1.024132	0.976888	-0.526911	-0.460362	-0.078046	-0.122064	0.065264	0.990374	-0.967864	-0.228868	-0.104208	0.219864	-0.971267	0.091103
62007	10.585653	0.649813	1.540579	-1.426989	-0.380942	-0.058796	-0.120660	0.061669	0.990777	-0.970980	-0.214943	-0.104870	0.206493	-0.974678	0.085815
62008	10.431578	0.517328	-0.370410	-1.708550	-0.432382	-0.064391	-0.119135	0.057593	0.991206	-0.974453	-0.198217	-0.105605	0.190392	-0.978465	0.079737
62009	12.192015	-0.204985	0.776210	-1.401094	-0.521165	-0.088163	-0.117291	0.052635	0.991702	-0.977136	-0.184435	-0.105779	0.177337	-0.981434	0.073064
62010	13.590257	-1.597722	1.009507	-1.227453	-0.599894	-0.152349	-0.114730	0.047024	0.992283	-0.979425	-0.172295	-0.105078	0.166024	-0.983922	0.065824
62011	12.659584	-1.895635	0.990740	-1.172273	-0.688808	-0.221983	-0.111419	0.040588	0.992944	-0.981562	-0.160648	-0.103575	0.155310	-0.986177	0.057739
62012	11.057138	-4.490601	-0.034512	-1.131743	-0.791501	-0.258955	-0.107645	0.033187	0.993635	-0.983550	-0.149378	-0.101563	0.145057	-0.988223	0.048721
62013	9.759927	-4.955623	-1.013597	-0.482360	-0.859044	-0.321420	-0.103228	0.025144	0.994340	-0.984582	-0.144514	-0.098561	0.141217	-0.989183	0.039674
62014	9.543149	-3.028149	-1.732184	0.043735	-0.851996	-0.374972	-0.098286	0.017269	0.995008	-0.984902	-0.144866	-0.094774	0.142506	-0.989301	0.031246
62015	9.759053	-0.584552	-2.752720	0.274667	-0.748437	-0.386993	-0.093377	0.010405	0.995576	-0.984878	-0.147529	-0.090832	0.145931	-0.989003	0.024023
62016	9.741778	2.790698	-3.021570	0.360027	-0.662510	-0.423113	-0.088189	0.004497	0.996094	-0.984733	-0.151057	-0.086501	0.150078	-0.988515	0.017750
62017	9.996255	3.108852	-3.041996	-0.164703	-0.599939	-0.410427	-0.083225	-0.000850	0.996530	-0.985333	-0.149421	-0.082417	0.148972	-0.988773	0.011598
62018	10.024800	1.589206	-2.759553	-0.263473	-0.510574	-0.364032	-0.078841	-0.005349	0.996873	-0.986021	-0.146827	-0.078771	0.146789	-0.989148	0.006302
62019	9.840328	1.196437	-2.039220	-0.308938	-0.444983	-0.368440	-0.074528	-0.009253	0.997176	-0.986755	-0.143797	-0.075083	0.144086	-0.989564	0.001586
