// General information: 
//  MT Manager version: 2022.2.0 
//  XDA version: 2022.2.0 build 7381 rev 124627 built on 2023-07-19
// Device information: 
//  DeviceId: 00B4CBA7
//  ProductCode: MTW2-3A7G6
//  Firmware Version: 4.6.0
//  Hardware Version: 2.0.0
// Device settings: 
//  Filter Profile: human(46.1)
//  Option Flags: Orientation Smoother Disabled, Position/Velocity Smoother Disabled, Continuous Zero Rotation Update Disabled, AHS Disabled, ICC Disabled
// Coordinate system: ENU
PacketCounter	Acc_X	Acc_Y	Acc_Z	Gyr_X	Gyr_Y	Gyr_Z	Mat[1][1]	Mat[2][1]	Mat[3][1]	Mat[1][2]	Mat[2][2]	Mat[3][2]	Mat[1][3]	Mat[2][3]	Mat[3][3]
33000	9.631771	0.207054	-1.458346	0.014166	-0.006577	0.012951	-0.127648	0.076132	0.988893	0.634642	0.772480	0.022450	-0.762191	0.630459	-0.146922
33001	9.648548	0.229448	-1.477619	0.006520	-0.007099	0.011343	-0.127640	0.076241	0.988886	0.634645	0.772481	0.022360	-0.762190	0.630445	-0.146986
33002	9.632639	0.245334	-1.470941	-0.003344	-0.007871	0.012360	-0.127640	0.076355	0.988877	0.634680	0.772454	0.022278	-0.762161	0.630464	-0.147057
33003	9.702363	0.281523	-1.488517	-0.007113	0.005028	0.012470	-0.127542	0.076387	0.988887	0.634736	0.772410	0.022200	-0.762131	0.630513	-0.147000
33004	9.682241	0.273494	-1.515477	-0.013758	-0.001875	0.013328	-0.127490	0.076470	0.988888	0.634852	0.772317	0.022124	-0.762043	0.630618	-0.147010
33005	9.672481	0.305210	-1.450593	-0.018248	0.002121	0.010882	-0.127421	0.076512	0.988893	0.635009	0.772189	0.022077	-0.761924	0.630769	-0.146979
33006	9.739117	0.219358	-1.434357	-0.017914	-0.000005	0.011705	-0.127365	0.076571	0.988896	0.635155	0.772071	0.022023	-0.761811	0.630907	-0.146969
33007	9.695628	0.203484	-1.332293	-0.013637	0.000639	0.014927	-0.127285	0.076649	0.988900	0.635267	0.771981	0.021931	-0.761731	0.631008	-0.146954
33008	9.667324	0.219451	-1.271908	-0.011117	-0.004740	0.016174	-0.127236	0.076773	0.988897	0.635367	0.771902	0.021823	-0.761656	0.631089	-0.146993
33009	9.652057	0.185819	-1.231112	-0.003257	-0.008859	0.017007	-0.127219	0.076927	0.988887	0.635377	0.771897	0.021693	-0.761650	0.631076	-0.147078
33010	9.662767	0.192539	-1.308264	-0.001646	-0.015004	0.013418	-0.127266	0.077094	0.988868	0.635402	0.771880	0.021599	-0.761622	0.631077	-0.147220
33011	9.666310	0.142820	-1.431837	0.009945	-0.011718	0.017425	-0.127257	0.077275	0.988855	0.635375	0.771906	0.021446	-0.761646	0.631022	-0.147329
33012	9.661172	0.166322	-1.501614	0.014013	-0.012595	0.014404	-0.127280	0.077434	0.988840	0.635281	0.771987	0.021318	-0.761721	0.630904	-0.147451
33013	9.620599	0.151027	-1.557084	0.018901	-0.011717	0.011572	-0.127310	0.077569	0.988825	0.635165	0.772085	0.021210	-0.761812	0.630767	-0.147564
33014	9.633488	0.100374	-1.577242	0.024154	-0.009467	0.006510	-0.127359	0.077648	0.988813	0.634984	0.772236	0.021145	-0.761955	0.630573	-0.147656
33015	9.656357	0.138515	-1.539109	0.037632	-0.003805	0.007069	-0.127364	0.077693	0.988809	0.634687	0.772482	0.021056	-0.762201	0.630266	-0.147697
33016	9.717449	0.247903	-1.503526	0.044007	-0.005420	0.006074	-0.127385	0.077742	0.988802	0.634354	0.772759	0.020966	-0.762475	0.629921	-0.147754
33017	9.739318	0.244880	-1.453866	0.036817	0.000615	0.013904	-0.127308	0.077818	0.988806	0.634095	0.772975	0.020807	-0.762703	0.629646	-0.147750
33018	9.752613	0.315453	-1.350549	0.036484	-0.003417	0.006071	-0.127314	0.077855	0.988802	0.633819	0.773204	0.020729	-0.762932	0.629361	-0.147785
33019	9.644119	0.254565	-1.364357	0.036611	0.005266	0.014682	-0.127199	0.077903	0.988813	0.633553	0.773426	0.020565	-0.763172	0.629081	-0.147734
33020	9.634253	0.024841	-1.342067	0.072589	0.005959	0.010646	-0.127104	0.077916	0.988824	0.633007	0.773878	0.020388	-0.763641	0.628524	-0.147685
33021	9.459820	-0.139633	-1.257981	0.144373	-0.002116	0.007128	-0.127094	0.077951	0.988823	0.631904	0.774785	0.020141	-0.764555	0.627401	-0.147728
33022	9.486084	0.019280	-1.253772	0.200314	-0.007877	0.003462	-0.127150	0.077995	0.988812	0.630370	0.776041	0.019846	-0.765811	0.625841	-0.147840
33023	9.564644	0.240223	-1.284042	0.206016	-0.012054	0.007058	-0.127213	0.078097	0.988796	0.628810	0.777314	0.019506	-0.767082	0.624246	-0.147993
33024	9.695138	0.262076	-1.390352	0.183246	-0.018958	0.014676	-0.127285	0.078298	0.988771	0.627417	0.778449	0.019124	-0.768210	0.622806	-0.148210
33025	9.773824	0.310709	-1.509388	0.179161	-0.013500	0.010051	-0.127359	0.078404	0.988753	0.625897	0.779679	0.018795	-0.769436	0.621252	-0.148372
33026	9.800012	0.468725	-1.508273	0.147916	-0.019302	0.012754	-0.127446	0.078591	0.988727	0.624770	0.780590	0.018485	-0.770338	0.620082	-0.148584
33027	9.775654	0.246745	-1.455670	0.123688	-0.010666	0.019280	-0.127423	0.078776	0.988715	0.623849	0.781334	0.018147	-0.771088	0.619121	-0.148704
33028	9.740533	0.018032	-1.326164	0.138575	-0.016076	0.013197	-0.127482	0.078947	0.988694	0.622791	0.782185	0.017846	-0.771932	0.618025	-0.148882
33029	9.657445	-0.075742	-1.042569	0.177503	-0.022610	0.011481	-0.127603	0.079143	0.988663	0.621429	0.783275	0.017504	-0.773009	0.616617	-0.149130
33030	9.622227	-0.131594	-0.827673	0.210373	-0.033060	0.014709	-0.127785	0.079430	0.988616	0.619815	0.784562	0.017080	-0.774274	0.614942	-0.149488
33031	9.652931	0.051056	-0.795267	0.225103	-0.045018	0.023396	-0.128019	0.079836	0.988553	0.617963	0.786033	0.016547	-0.775715	0.613007	-0.149963
33032	9.577681	0.170874	-0.933281	0.207182	-0.054506	0.031307	-0.128267	0.080384	0.988477	0.616389	0.787280	0.015962	-0.776925	0.611334	-0.150529
33033	9.597209	0.274672	-1.162561	0.187474	-0.070074	0.037302	-0.128615	0.081046	0.988377	0.614827	0.788513	0.015348	-0.778104	0.609655	-0.151244
33034	9.744360	0.540507	-1.425021	0.146276	-0.074006	0.051012	-0.128895	0.081867	0.988273	0.613748	0.789366	0.014658	-0.778909	0.608440	-0.151991
33035	9.605289	0.690403	-1.705159	0.072064	-0.070051	0.059903	-0.129099	0.082713	0.988176	0.613150	0.789843	0.013992	-0.779347	0.607706	-0.152683
33036	9.642768	0.585651	-1.979956	0.031841	-0.062886	0.069072	-0.129183	0.083608	0.988090	0.612985	0.789982	0.013296	-0.779462	0.607402	-0.153303
33037	9.645227	0.478599	-2.071258	0.026314	-0.056069	0.067096	-0.129227	0.084441	0.988013	0.612856	0.790094	0.012632	-0.779557	0.607142	-0.153852
33038	9.434751	0.225921	-1.936235	0.056881	-0.048336	0.061215	-0.129246	0.085186	0.987947	0.612486	0.790391	0.011975	-0.779844	0.606651	-0.154330
33039	9.369158	0.022366	-1.769453	0.131722	-0.052671	0.059465	-0.129300	0.085949	0.987874	0.611583	0.791101	0.011220	-0.780543	0.605617	-0.154854
33040	9.419431	0.163652	-1.522130	0.199760	-0.052933	0.066343	-0.129326	0.086762	0.987799	0.610103	0.792255	0.010290	-0.781696	0.603990	-0.155393
33041	9.406914	0.289109	-1.379158	0.215027	-0.060883	0.074448	-0.129379	0.087666	0.987712	0.608380	0.793592	0.009254	-0.783029	0.602102	-0.156009
33042	9.509672	0.223750	-1.359797	0.227126	-0.059836	0.092650	-0.129302	0.088730	0.987627	0.606715	0.794879	0.008019	-0.784333	0.600245	-0.156614
33043	9.455583	0.062257	-1.281848	0.254339	-0.065397	0.101045	-0.129235	0.089869	0.987533	0.604714	0.796415	0.006660	-0.785888	0.598036	-0.157269
33044	9.430823	0.054366	-1.182710	0.288449	-0.085454	0.101889	-0.129309	0.091159	0.987405	0.602571	0.798048	0.005234	-0.787520	0.595659	-0.158124
33045	9.503430	0.061529	-1.164719	0.316079	-0.092884	0.111310	-0.129397	0.092549	0.987264	0.600118	0.799903	0.003670	-0.789377	0.592950	-0.159046
33046	9.637699	0.321409	-1.226828	0.312639	-0.108400	0.124304	-0.129526	0.094154	0.987096	0.597802	0.801641	0.001979	-0.791110	0.590345	-0.160119
33047	9.684711	0.616850	-1.324467	0.253362	-0.113945	0.135144	-0.129645	0.095857	0.986916	0.595876	0.803076	0.000276	-0.792542	0.588116	-0.161234
33048	9.817782	0.644919	-1.590221	0.159500	-0.117107	0.150032	-0.129697	0.097718	0.986727	0.594801	0.803872	-0.001428	-0.793342	0.586721	-0.162382
33049	9.818802	0.518169	-1.841338	0.082251	-0.112567	0.162870	-0.129656	0.099627	0.986541	0.594217	0.804299	-0.003128	-0.793785	0.585814	-0.163482
33050	9.746740	0.411167	-2.130700	0.019887	-0.106773	0.163378	-0.129550	0.101534	0.986361	0.594265	0.804255	-0.004737	-0.793767	0.585547	-0.164529
33051	9.609954	0.201287	-2.291080	-0.015437	-0.080920	0.170787	-0.129207	0.103322	0.986220	0.594489	0.804079	-0.006354	-0.793655	0.585476	-0.165317
33052	9.536802	0.103004	-2.420253	-0.016380	-0.067371	0.170348	-0.128746	0.105053	0.986098	0.594833	0.803810	-0.007972	-0.793472	0.585537	-0.165976
33053	9.455716	0.095770	-2.365094	0.004051	-0.047413	0.171993	-0.128129	0.106657	0.986006	0.594911	0.803734	-0.009633	-0.793514	0.585351	-0.166432
33054	9.356256	-0.068573	-2.201491	0.027184	-0.034014	0.171257	-0.127396	0.108200	0.985933	0.594908	0.803714	-0.011332	-0.793634	0.585096	-0.166759
33055	9.429672	-0.058284	-2.022612	0.091531	-0.030337	0.169476	-0.126647	0.109704	0.985863	0.594394	0.804067	-0.013116	-0.794139	0.584330	-0.167040
33056	9.506528	0.439126	-1.719069	0.123543	-0.030492	0.175658	-0.125863	0.111262	0.985789	0.593629	0.804599	-0.015019	-0.794836	0.583302	-0.167317
33057	9.527604	0.789102	-1.508505	0.045925	-0.037288	0.191969	-0.125059	0.112967	0.985697	0.593351	0.804765	-0.016950	-0.795170	0.582745	-0.167672
33058	9.300188	0.999584	-1.397739	-0.039117	-0.046709	0.207557	-0.124215	0.114876	0.985583	0.593915	0.804306	-0.018895	-0.794881	0.583006	-0.168134
33059	9.267979	0.827594	-1.420288	-0.143092	-0.049063	0.218981	-0.123345	0.116863	0.985459	0.595167	0.803334	-0.020772	-0.794080	0.583950	-0.168640
33060	9.215390	0.633673	-1.602151	-0.149230	-0.051779	0.219483	-0.122464	0.118896	0.985326	0.596616	0.802207	-0.022647	-0.793128	0.585087	-0.169177
33061	9.632858	-0.343789	-1.734035	-0.220855	-0.042090	0.220555	-0.121517	0.120851	0.985205	0.598505	0.800747	-0.024404	-0.791849	0.586685	-0.169634
33062	9.953082	-1.417708	-1.993666	-0.054013	-0.038212	0.199932	-0.120639	0.122644	0.985091	0.599170	0.800192	-0.026247	-0.791481	0.587070	-0.170019
33063	10.131332	-1.178212	-1.852931	0.110931	-0.033012	0.188093	-0.119815	0.124285	0.984986	0.598370	0.800722	-0.028248	-0.792210	0.586002	-0.170307
33064	9.945799	-0.952562	-1.685159	0.107689	-0.014158	0.186246	-0.118830	0.125827	0.984910	0.597734	0.801124	-0.030230	-0.792839	0.585122	-0.170409
33065	9.683694	-1.228294	-1.743567	0.109860	0.005907	0.183935	-0.117729	0.127207	0.984865	0.596923	0.801653	-0.032188	-0.793614	0.584099	-0.170311
33066	9.549878	-1.262969	-1.811820	0.157063	0.019439	0.178115	-0.116529	0.128490	0.984841	0.595879	0.802347	-0.034174	-0.794575	0.582864	-0.170061
33067	9.502683	-0.628606	-1.908861	0.247148	0.026360	0.171547	-0.115340	0.129659	0.984828	0.593967	0.803672	-0.036245	-0.796178	0.580775	-0.169708
33068	9.584138	0.446529	-1.780427	0.223168	0.023809	0.175306	-0.114127	0.130898	0.984805	0.592385	0.804743	-0.038315	-0.797531	0.579011	-0.169385
33069	9.809312	0.200781	-1.736607	0.047676	0.029464	0.179775	-0.112867	0.132121	0.984787	0.592068	0.804889	-0.040128	-0.797945	0.578531	-0.169070
33070	10.063584	-0.945003	-1.916984	0.044615	0.035102	0.171201	-0.111590	0.133264	0.984778	0.591899	0.804925	-0.041855	-0.798250	0.578219	-0.168700
33071	10.038917	-0.885074	-1.733613	0.125019	0.035105	0.161249	-0.110399	0.134305	0.984771	0.590928	0.805544	-0.043615	-0.799134	0.577114	-0.168296
33072	9.801613	-0.297876	-1.503149	0.106631	0.030958	0.156731	-0.109242	0.135357	0.984756	0.590243	0.805953	-0.045303	-0.799799	0.576297	-0.167938
33073	9.654765	-0.113754	-1.300920	-0.015004	0.030451	0.160234	-0.108095	0.136420	0.984736	0.590388	0.805761	-0.046818	-0.799848	0.576315	-0.167640
33074	9.559665	-0.448017	-1.337438	-0.085176	0.016983	0.158868	-0.107037	0.137569	0.984692	0.591235	0.805057	-0.048205	-0.799365	0.577025	-0.167507
33075	9.534016	-0.322640	-1.241463	-0.079339	0.003673	0.161449	-0.106070	0.138813	0.984622	0.592038	0.804381	-0.049624	-0.798899	0.577670	-0.167504
33076	9.608471	-0.800828	-1.311619	-0.071488	-0.000925	0.153972	-0.105182	0.140024	0.984546	0.592767	0.803759	-0.050985	-0.798476	0.578243	-0.167543
33077	9.754730	-1.254380	-1.380636	0.047005	-0.020271	0.132481	-0.104577	0.141172	0.984446	0.592522	0.803853	-0.052331	-0.798737	0.577833	-0.167712
33078	9.830791	-1.087271	-1.357831	0.140392	-0.026285	0.121593	-0.104084	0.142269	0.984340	0.591522	0.804497	-0.053728	-0.799542	0.576667	-0.167891
33079	9.767266	-1.174223	-1.198281	0.133798	-0.035573	0.115077	-0.103705	0.143366	0.984221	0.590567	0.805109	-0.055049	-0.800297	0.575540	-0.168162
33080	9.781114	-1.443612	-1.074686	0.139169	-0.043504	0.100116	-0.103479	0.144391	0.984095	0.589552	0.805771	-0.056234	-0.801074	0.574356	-0.168506
33081	9.722121	-1.326149	-1.111526	0.188009	-0.059236	0.083126	-0.103506	0.145349	0.983951	0.587987	0.806836	-0.057333	-0.802221	0.572616	-0.168976
33082	9.548934	-0.509437	-1.112210	0.219377	-0.068168	0.076280	-0.103622	0.146322	0.983795	0.586300	0.807985	-0.058419	-0.803439	0.570745	-0.169514
33083	9.516075	-0.413705	-1.212775	0.108466	-0.079023	0.072298	-0.103875	0.147306	0.983621	0.585357	0.808606	-0.059279	-0.804094	0.569612	-0.170221
33084	9.581596	-1.174159	-1.294281	0.114531	-0.097154	0.054756	-0.104352	0.148269	0.983426	0.584488	0.809183	-0.059978	-0.804664	0.568542	-0.171102
33085	9.642249	-1.152002	-1.247686	0.191922	-0.112634	0.040883	-0.105035	0.149207	0.983212	0.582983	0.810216	-0.060674	-0.805666	0.566823	-0.172086
33086	9.578247	-0.850561	-1.086453	0.196152	-0.127418	0.036276	-0.105867	0.150189	0.982973	0.581435	0.811277	-0.061334	-0.806675	0.565042	-0.173213
33087	9.589360	-0.725897	-0.985290	0.120685	-0.148548	0.035845	-0.106899	0.151267	0.982696	0.580352	0.812013	-0.061862	-0.807319	0.563697	-0.174592
33088	9.554919	-0.856283	-0.982591	0.092990	-0.168063	0.029230	-0.108103	0.152418	0.982386	0.579628	0.812498	-0.062277	-0.807679	0.562686	-0.176179
33089	9.551595	-0.729225	-1.011747	0.130971	-0.183955	0.025707	-0.109481	0.153608	0.982048	0.578452	0.813301	-0.062726	-0.808336	0.561200	-0.177896
33090	9.547274	-0.567462	-1.236168	0.157529	-0.198050	0.021241	-0.110976	0.154858	0.981684	0.577196	0.814157	-0.063181	-0.809029	0.559613	-0.179736
33091	9.549429	-0.706130	-1.497322	0.181445	-0.217278	0.016493	-0.112681	0.156153	0.981284	0.575599	0.815252	-0.063636	-0.809931	0.557656	-0.181745
33092	9.652805	-0.735649	-1.761987	0.219146	-0.221637	0.013242	-0.114417	0.157462	0.980874	0.573833	0.816457	-0.064132	-0.810940	0.555521	-0.183773
33093	9.700384	-0.345844	-1.803349	0.233010	-0.227490	0.011274	-0.116239	0.158762	0.980450	0.571808	0.817837	-0.064638	-0.812111	0.553116	-0.185846
33094	9.619586	-0.061354	-1.636179	0.155789	-0.231062	0.014866	-0.118047	0.160127	0.980012	0.570555	0.818680	-0.065040	-0.812731	0.551473	-0.188004
33095	9.607241	-0.189612	-1.590780	0.077674	-0.241094	0.017839	-0.119946	0.161546	0.979549	0.569798	0.819184	-0.065327	-0.812984	0.550309	-0.190307
33096	9.687518	-0.403212	-1.553219	0.032297	-0.250015	0.013614	-0.121917	0.163000	0.979064	0.569547	0.819346	-0.065487	-0.812867	0.549639	-0.192728
33097	9.665844	-0.706277	-1.659281	-0.002879	-0.262087	0.016485	-0.123995	0.164519	0.978549	0.569442	0.819409	-0.065608	-0.812626	0.549092	-0.195287
33098	9.576257	-0.796465	-1.701623	-0.021463	-0.276153	0.002605	-0.126239	0.166024	0.978008	0.569614	0.819294	-0.065556	-0.812160	0.548811	-0.197997
33099	9.627794	-0.812416	-1.561234	-0.113674	-0.283240	-0.001769	-0.128591	0.167508	0.977449	0.570387	0.818778	-0.065277	-0.811248	0.549130	-0.200831
33100	9.831563	-1.159555	-1.149636	-0.194737	-0.302946	-0.012308	-0.131132	0.169040	0.976847	0.571944	0.817735	-0.064728	-0.809743	0.550214	-0.203912
33101	10.040364	-0.824041	-0.170308	-0.209648	-0.338381	-0.026265	-0.134062	0.170631	0.976172	0.573458	0.816731	-0.064006	-0.808192	0.551213	-0.207342
33102	9.865242	-0.092740	0.654138	-0.274523	-0.401455	-0.043041	-0.137566	0.172463	0.975363	0.575609	0.815296	-0.062976	-0.806071	0.552764	-0.211428
33103	9.402906	-0.046439	0.754666	-0.391145	-0.469338	-0.032561	-0.141572	0.174738	0.974384	0.578564	0.813293	-0.061787	-0.803256	0.554996	-0.216237
33104	9.420458	-1.002210	0.068378	-0.450032	-0.538596	-0.024174	-0.146046	0.177506	0.973223	0.582131	0.810839	-0.060532	-0.799872	0.557702	-0.221751
33105	9.474874	-1.434788	-0.894789	-0.374944	-0.602043	-0.025396	-0.151042	0.180602	0.971890	0.584940	0.808898	-0.059408	-0.796888	0.559524	-0.227819
33106	9.826966	-1.021353	-1.552584	-0.344243	-0.636953	-0.027359	-0.156285	0.183917	0.970438	0.587630	0.807026	-0.058312	-0.793893	0.561145	-0.234201
33107	9.840363	-1.064992	-2.230704	-0.380518	-0.643154	-0.033787	-0.161622	0.187196	0.968935	0.590446	0.805059	-0.057047	-0.790729	0.562884	-0.240644
33108	9.921425	-1.057655	-2.727283	-0.398610	-0.647845	-0.063354	-0.167125	0.190308	0.967395	0.593480	0.802938	-0.055427	-0.787306	0.564866	-0.247135
33109	10.194048	-0.989136	-3.160541	-0.407204	-0.632578	-0.088323	-0.172663	0.193114	0.965865	0.596384	0.800913	-0.053521	-0.783909	0.566785	-0.253458
33110	10.346147	-0.688489	-3.349230	-0.454771	-0.611393	-0.113899	-0.178143	0.195644	0.964359	0.599734	0.798559	-0.051220	-0.780118	0.569234	-0.259591
33111	10.515190	-0.484921	-3.130518	-0.558244	-0.593417	-0.131814	-0.183598	0.197914	0.962872	0.603692	0.795744	-0.048451	-0.775788	0.572382	-0.265576
33112	11.250037	0.082677	-2.575914	-0.627211	-0.560182	-0.150515	-0.188859	0.199904	0.961442	0.608255	0.792449	-0.045285	-0.770946	0.576249	-0.271254
33113	10.421204	0.290229	-1.673244	-0.726200	-0.572085	-0.151637	-0.194227	0.201947	0.959944	0.613399	0.788666	-0.041805	-0.765518	0.580709	-0.277055
33114	10.218257	0.123294	-0.689050	-0.759038	-0.635668	-0.165932	-0.200115	0.204316	0.958232	0.618852	0.784586	-0.038052	-0.759590	0.585389	-0.283448
33115	10.075909	-0.186650	0.548340	-0.712292	-0.722091	-0.179736	-0.206740	0.207081	0.956230	0.623734	0.780886	-0.034255	-0.753800	0.589352	-0.290604
33116	10.407637	-0.501941	1.578156	-0.597043	-0.831554	-0.160043	-0.214005	0.210715	0.953835	0.627873	0.777701	-0.030933	-0.748316	0.592268	-0.298735
33117	10.649039	-0.296929	1.930809	-0.410712	-0.958386	-0.136983	-0.222062	0.215259	0.950974	0.630498	0.775673	-0.028351	-0.743748	0.593292	-0.307968
33118	11.025194	0.541521	1.943300	-0.304710	-1.090129	-0.103202	-0.230816	0.220895	0.947591	0.632515	0.774099	-0.026383	-0.739357	0.593276	-0.318394
33119	11.250704	0.909942	1.317940	-0.266386	-1.204129	-0.064559	-0.240147	0.227456	0.943712	0.634185	0.772781	-0.024876	-0.734941	0.592515	-0.329830
33120	11.029272	1.836870	0.596962	-0.197475	-1.321923	-0.030938	-0.250048	0.235008	0.939280	0.635547	0.771693	-0.023888	-0.730450	0.590983	-0.342319
33121	10.937801	2.350472	0.134136	-0.229701	-1.422431	0.003719	-0.260425	0.243346	0.934324	0.637088	0.770445	-0.023087	-0.725464	0.589234	-0.355676
33122	10.405209	1.753872	-0.399191	-0.233270	-1.520077	-0.006174	-0.271469	0.252209	0.928814	0.638747	0.769098	-0.022151	-0.719935	0.587264	-0.369884
33123	9.836930	1.361774	-0.680639	-0.124164	-1.620515	-0.026830	-0.283314	0.261402	0.922715	0.639423	0.768558	-0.021399	-0.714753	0.583942	-0.384889
33124	9.607978	1.167681	-0.771047	-0.012832	-1.728504	-0.047413	-0.295947	0.271061	0.915938	0.639366	0.768619	-0.020880	-0.709667	0.579440	-0.400777
33125	9.631697	0.977722	-0.592038	0.048435	-1.828615	-0.064134	-0.309339	0.281016	0.908482	0.638687	0.769194	-0.020457	-0.704548	0.573908	-0.417423
33126	9.839835	0.824769	-0.139837	0.074401	-1.919611	-0.056094	-0.323187	0.291512	0.900317	0.637976	0.769791	-0.020235	-0.698954	0.567841	-0.434764
33127	10.187191	0.574878	0.155126	0.095203	-2.004164	-0.028568	-0.337372	0.302502	0.891444	0.637076	0.770532	-0.020366	-0.693047	0.561047	-0.452673
33128	10.580646	0.225067	0.601409	0.131943	-2.088351	0.018389	-0.351681	0.314252	0.881797	0.636216	0.771222	-0.021107	-0.686694	0.553591	-0.471156
33129	11.118119	0.005861	0.401552	0.211538	-2.155649	0.089458	-0.365904	0.326673	0.871435	0.634948	0.772216	-0.022873	-0.680408	0.544947	-0.489978
33130	11.660092	-0.024596	-0.008592	0.287233	-2.215752	0.165565	-0.379878	0.339890	0.860330	0.633607	0.773228	-0.025711	-0.673970	0.535344	-0.509089
33131	11.874248	-0.108975	-0.659270	0.339389	-2.251876	0.236300	-0.393545	0.353541	0.848605	0.632100	0.774327	-0.029455	-0.667511	0.524812	-0.528206
33132	11.997364	-0.318814	-1.451012	0.371706	-2.268700	0.289832	-0.406802	0.367537	0.836319	0.630776	0.775225	-0.033866	-0.660782	0.513753	-0.547197
33133	11.761609	-0.665424	-2.975532	0.408376	-2.227986	0.337646	-0.419385	0.381353	0.823824	0.629342	0.776154	-0.038907	-0.654252	0.502150	-0.565508
33134	11.054024	-1.134106	-4.916489	0.506559	-2.139856	0.392432	-0.430874	0.394985	0.811378	0.627695	0.777158	-0.044996	-0.648342	0.489910	-0.582787
33135	10.083306	-1.485110	-6.461360	0.583357	-2.013626	0.454476	-0.441094	0.408133	0.799290	0.625763	0.778273	-0.052069	-0.643317	0.477199	-0.598686
33136	9.162328	-1.508987	-7.324174	0.616501	-1.884713	0.530543	-0.449879	0.421108	0.787576	0.624158	0.778992	-0.059987	-0.638777	0.464585	-0.613290
33137	8.659209	-1.015426	-7.590221	0.468600	-1.732725	0.580057	-0.457354	0.433454	0.776495	0.623661	0.778784	-0.067397	-0.633935	0.453445	-0.626509
33138	7.968364	-1.548026	-8.201627	0.203684	-1.500923	0.571559	-0.463277	0.444615	0.766610	0.624989	0.777206	-0.073067	-0.628301	0.445273	-0.637942
33139	6.980920	-2.510718	-9.081962	0.121210	-1.251161	0.525891	-0.467889	0.454101	0.758203	0.626532	0.775500	-0.077826	-0.623328	0.438625	-0.647357
33140	6.335240	-2.577659	-9.267995	0.254269	-0.965645	0.470052	-0.470966	0.461918	0.751547	0.627140	0.774471	-0.083003	-0.620392	0.432234	-0.654437
33141	6.128789	-0.154760	-7.966315	0.194192	-0.612208	0.342307	-0.472689	0.467075	0.747266	0.627405	0.773839	-0.086814	-0.618812	0.427802	-0.658830
33142	6.522366	1.065932	-7.213289	-0.469693	-0.216340	0.241347	-0.472523	0.469837	0.745638	0.631425	0.770710	-0.085491	-0.614837	0.430418	-0.660845
33143	7.238429	0.904353	-6.364738	-0.971343	0.226764	0.205524	-0.469909	0.470304	0.746994	0.638195	0.765646	-0.080581	-0.609831	0.438862	-0.659929
33144	7.219359	0.240639	-5.635559	-1.349238	0.692385	0.139215	-0.464830	0.468250	0.751449	0.647020	0.758998	-0.072722	-0.604400	0.452399	-0.655771
33145	6.407389	-1.161791	-5.297343	-1.505967	1.128689	0.049880	-0.457706	0.463382	0.758803	0.656306	0.751839	-0.063249	-0.599807	0.469057	-0.648242
33146	6.075689	-2.752693	-5.460245	-1.314091	1.484821	-0.019101	-0.448961	0.456121	0.768367	0.664072	0.745671	-0.054628	-0.597866	0.485725	-0.637674
33147	6.108444	-2.738957	-5.693344	-0.918094	1.798061	-0.081637	-0.438813	0.446525	0.779781	0.669067	0.741639	-0.048174	-0.599827	0.500586	-0.624196
33148	6.050928	-1.805152	-5.547502	-0.728028	2.095369	-0.154806	-0.427259	0.434707	0.792767	0.672762	0.738640	-0.042444	-0.604020	0.515209	-0.608045
33149	6.178167	-1.320526	-5.546656	-0.698686	2.376463	-0.207869	-0.414314	0.420632	0.807102	0.675988	0.736004	-0.036570	-0.609413	0.530440	-0.589279
33150	6.174038	-1.502789	-5.833608	-0.685677	2.630597	-0.226458	-0.399757	0.404775	0.822406	0.679251	0.733263	-0.030728	-0.615477	0.546336	-0.568070
33151	6.333385	-1.915594	-6.115223	-0.548240	2.843014	-0.225130	-0.383749	0.387265	0.838310	0.681628	0.731245	-0.025780	-0.622993	0.561522	-0.544585
33152	6.603355	-1.757498	-6.191667	-0.355601	3.007592	-0.217296	-0.366380	0.368548	0.854364	0.683030	0.730059	-0.022020	-0.631851	0.575488	-0.519208
33153	6.782658	-1.363102	-5.981527	-0.189158	3.165889	-0.234754	-0.347878	0.348308	0.870438	0.683261	0.729926	-0.019011	-0.641977	0.588123	-0.491910
33154	6.758281	-1.768119	-5.875012	-0.016791	3.325054	-0.264195	-0.328169	0.326602	0.886361	0.682464	0.730731	-0.016579	-0.653106	0.599469	-0.462698
33155	6.655847	-2.359877	-6.354333	0.338449	3.454233	-0.310536	-0.307542	0.303377	0.901876	0.679110	0.733878	-0.015287	-0.666504	0.607771	-0.431724
33156	6.729570	-1.701815	-6.474406	0.754061	3.554831	-0.339694	-0.285885	0.279151	0.916703	0.673005	0.739480	-0.015299	-0.682154	0.612572	-0.399276
33157	6.691984	-0.672916	-6.350711	0.954307	3.644984	-0.366089	-0.263209	0.253964	0.930711	0.665276	0.746436	-0.015538	-0.698662	0.615090	-0.365425
33158	6.861838	0.016298	-6.231953	0.973386	3.718784	-0.423077	-0.239748	0.227853	0.943718	0.657324	0.753461	-0.014926	-0.714455	0.616750	-0.330414
33159	7.323819	0.009634	-6.044128	0.881227	3.773961	-0.481107	-0.215687	0.200826	0.955588	0.649732	0.760051	-0.013080	-0.728922	0.618055	-0.294416
33160	7.765069	-0.633589	-6.029350	0.834149	3.804186	-0.540275	-0.191214	0.173142	0.966157	0.642489	0.766228	-0.010157	-0.742055	0.618803	-0.257756
33161	8.536299	-1.504253	-6.540551	0.821451	3.801190	-0.602346	-0.166647	0.144918	0.975309	0.635128	0.772382	-0.006244	-0.754215	0.618406	-0.220756
33162	9.198842	-1.186319	-5.844806	0.810080	3.740107	-0.663183	-0.142438	0.116638	0.982907	0.627942	0.778259	-0.001355	-0.765114	0.617016	-0.184095
33163	9.564194	0.336541	-4.727890	0.610637	3.607428	-0.727005	-0.119240	0.088660	0.988899	0.622155	0.782879	0.004829	-0.773760	0.615824	-0.148511
33164	9.650427	0.068793	-4.346616	0.222500	3.404713	-0.779814	-0.097666	0.061532	0.993315	0.619577	0.784840	0.012301	-0.778836	0.616637	-0.114776
33165	9.386244	-0.380683	-3.349933	-0.031080	3.139102	-0.786070	-0.078052	0.035922	0.996302	0.618992	0.785138	0.020185	-0.781509	0.618279	-0.083517
33166	8.439441	-0.483251	-2.928388	-0.050943	2.812736	-0.657992	-0.060136	0.013317	0.998101	0.618933	0.784986	0.026818	-0.783138	0.619371	-0.055448
33167	8.075696	0.387320	-1.623146	0.048693	2.392731	-0.427172	-0.044023	-0.004900	0.999019	0.618194	0.785411	0.031094	-0.784792	0.618956	-0.031546
33168	8.009652	1.216706	-0.518559	-0.031366	1.884658	-0.125175	-0.030018	-0.017581	0.999395	0.618391	0.785203	0.032387	-0.785297	0.618989	-0.012698
33169	8.377877	0.934684	0.105704	-0.272670	1.298924	0.182648	-0.018694	-0.024242	0.999531	0.620441	0.783656	0.030611	-0.784030	0.620722	0.000391
33170	3.203306	-2.491773	-2.395421	0.090096	0.538257	0.353545	-0.012297	-0.024842	0.999616	0.619788	0.784301	0.027115	-0.784673	0.619883	0.005752
33171	5.248678	0.947690	-2.653913	0.685596	-0.270856	0.491637	-0.011394	-0.019342	0.999748	0.614317	0.788745	0.022262	-0.788977	0.614416	0.002895
33172	6.553755	2.004556	-3.738686	0.837156	-0.833895	0.457711	-0.015215	-0.010656	0.999827	0.607751	0.793930	0.017710	-0.793982	0.607915	-0.005603
33173	10.260628	3.018261	-3.835167	1.502231	-1.001626	0.166157	-0.022217	-0.003340	0.999748	0.595649	0.803087	0.015920	-0.802937	0.595852	-0.015852
33174	12.603687	4.900655	-2.495202	2.313280	-0.757432	-0.155669	-0.029278	-0.000191	0.999571	0.576877	0.816653	0.017054	-0.816306	0.577129	-0.023800
33175	11.860898	7.449185	-1.824289	2.661615	-0.591119	-0.273840	-0.035705	0.000854	0.999362	0.554718	0.831819	0.019108	-0.831272	0.555046	-0.030173
33176	11.170559	8.556301	-1.930183	1.789127	-0.795637	0.056994	-0.042059	0.005654	0.999099	0.539780	0.841615	0.017961	-0.840755	0.540049	-0.038450
33177	13.866894	1.336364	-3.110543	0.668587	-1.010999	0.493165	-0.047939	0.015193	0.998735	0.534222	0.845248	0.012784	-0.843984	0.534159	-0.048637
33178	12.202410	-4.695600	-4.216370	0.935642	-1.092305	0.550757	-0.054275	0.025618	0.998197	0.526583	0.850096	0.006815	-0.848389	0.526004	-0.059629
33179	10.934110	2.882006	-3.469139	0.754151	-1.100796	0.552984	-0.060754	0.036031	0.997502	0.520340	0.853959	0.000845	-0.851796	0.519091	-0.070630
33180	10.934094	4.564879	-2.630679	-0.571226	-0.902441	0.664646	-0.064962	0.046367	0.996810	0.525610	0.850709	-0.005317	-0.848242	0.523588	-0.079635
33181	10.186070	-0.241678	-3.305865	-1.227899	-0.739179	0.731640	-0.067345	0.056420	0.996133	0.536317	0.843938	-0.011542	-0.841326	0.533466	-0.087094
33182	9.441316	-1.427555	-3.818872	-1.494390	-0.640262	0.621565	-0.069345	0.065061	0.995469	0.549247	0.835500	-0.016345	-0.832778	0.545625	-0.093672
33183	10.109845	-5.497000	-5.890089	-0.995322	-0.590555	0.490501	-0.071558	0.072338	0.994810	0.557704	0.829793	-0.020222	-0.826949	0.553363	-0.099722
33184	10.367527	-3.943767	-5.376962	0.087663	-0.551748	0.326240	-0.074318	0.078062	0.994175	0.557214	0.830036	-0.023521	-0.827037	0.552220	-0.105183
33185	10.074245	-0.024178	-3.267567	0.539852	-0.488587	0.266859	-0.076915	0.082918	0.993584	0.552794	0.832889	-0.026715	-0.829761	0.547193	-0.109898
33186	9.890355	1.146324	-1.550927	0.338773	-0.403744	0.298081	-0.078639	0.087572	0.993049	0.550209	0.834487	-0.030019	-0.831316	0.544024	-0.113806
33187	9.533468	-0.404572	-0.689055	0.024220	-0.353250	0.321009	-0.079843	0.092122	0.992542	0.550112	0.834431	-0.033195	-0.831265	0.543359	-0.117301
33188	9.087667	-2.234223	-0.773470	-0.099182	-0.309564	0.328928	-0.080618	0.096515	0.992061	0.551196	0.833585	-0.036305	-0.830472	0.543894	-0.120401
33189	9.054610	-2.415287	-0.336000	0.016990	-0.291957	0.299586	-0.081426	0.100550	0.991594	0.551148	0.833483	-0.039259	-0.830425	0.543319	-0.123285
33190	9.546506	-1.738023	-0.068217	0.140548	-0.305343	0.277814	-0.082447	0.104489	0.991103	0.550205	0.833965	-0.042153	-0.830950	0.541834	-0.126248
33191	9.916355	-1.020482	0.033025	0.248156	-0.334168	0.256635	-0.083851	0.108388	0.990566	0.548205	0.835134	-0.044976	-0.832130	0.539262	-0.129445
33192	10.203722	-0.693617	-0.197622	0.363435	-0.368723	0.230636	-0.085675	0.112265	0.989978	0.545369	0.836838	-0.047701	-0.833806	0.535816	-0.132922
33193	10.029028	-0.108968	-0.274885	0.349385	-0.393264	0.223693	-0.087775	0.116189	0.989341	0.542497	0.838548	-0.050349	-0.835460	0.532295	-0.136636
33194	10.048010	-0.701433	-1.161887	0.155519	-0.390873	0.243076	-0.089739	0.120272	0.988677	0.541409	0.839092	-0.052933	-0.835957	0.530528	-0.140416
33195	9.702119	-1.655389	-2.420687	0.089708	-0.368524	0.224914	-0.091639	0.124061	0.988034	0.540712	0.839391	-0.055247	-0.836201	0.529179	-0.144002
33196	9.589054	-1.032769	-2.993122	0.135141	-0.341793	0.218358	-0.093332	0.127667	0.987416	0.539780	0.839836	-0.057565	-0.836616	0.527614	-0.147296
33197	9.582276	-0.710475	-2.888081	0.009633	-0.297904	0.187000	-0.094852	0.130758	0.986867	0.539724	0.839744	-0.059389	-0.836481	0.527003	-0.150224
33198	9.735146	-1.811382	-2.990055	0.052972	-0.268800	0.141592	-0.096351	0.133329	0.986377	0.539412	0.839842	-0.060831	-0.836511	0.526203	-0.152839
33199	9.908659	-1.891468	-2.636553	0.215930	-0.250788	0.108534	-0.097904	0.135507	0.985927	0.537559	0.840929	-0.062198	-0.837523	0.523905	-0.155174
33200	9.983946	-1.532779	-2.317475	0.268567	-0.213682	0.081234	-0.099273	0.137274	0.985546	0.535384	0.842227	-0.063383	-0.838754	0.521353	-0.157105
33201	9.799933	-1.276809	-2.207249	0.204772	-0.176828	0.059428	-0.100479	0.138645	0.985232	0.533573	0.843309	-0.064257	-0.839764	0.519237	-0.158712
33202	9.663524	-1.209469	-2.068579	0.143837	-0.149466	0.041128	-0.101529	0.139734	0.984970	0.532402	0.844004	-0.064857	-0.840381	0.517815	-0.160086
33203	9.419624	-0.674392	-2.087496	0.204580	-0.147397	0.028630	-0.102656	0.140688	0.984718	0.530559	0.845119	-0.065433	-0.841409	0.515733	-0.161399
33204	9.257552	0.745864	-1.478647	0.220586	-0.157297	0.019052	-0.103893	0.141625	0.984453	0.528717	0.846233	-0.065943	-0.842416	0.513646	-0.162797
33205	9.489959	0.557308	-1.001423	0.043992	-0.179041	0.045413	-0.105202	0.142877	0.984133	0.528240	0.846493	-0.066427	-0.842553	0.512870	-0.164526
33206	9.510337	-0.675344	-0.830005	0.051928	-0.210838	0.055084	-0.106701	0.144391	0.983751	0.527856	0.846685	-0.067020	-0.842605	0.512128	-0.166560
33207	9.492139	-0.886637	-0.395385	0.148832	-0.255841	0.058918	-0.108588	0.146146	0.983285	0.526513	0.847458	-0.067813	-0.843204	0.510349	-0.168971
33208	9.553147	-0.557309	-0.121499	0.152604	-0.296645	0.073208	-0.110718	0.148245	0.982733	0.525301	0.848134	-0.068758	-0.843683	0.508618	-0.171777
33209	9.587412	-0.550775	-0.326270	0.043704	-0.330536	0.083139	-0.113110	0.150576	0.982106	0.524874	0.848329	-0.069615	-0.843631	0.507608	-0.174988
33210	9.505187	-0.746756	-0.672087	-0.011842	-0.360141	0.093406	-0.115671	0.153162	0.981408	0.525075	0.848133	-0.070476	-0.843158	0.507161	-0.178526
33211	9.611310	-0.704246	-1.032570	0.001986	-0.398574	0.086450	-0.118617	0.155861	0.980631	0.525006	0.848107	-0.071293	-0.842792	0.506381	-0.182428
33212	9.789140	-0.543722	-1.501566	0.040581	-0.409399	0.064933	-0.121740	0.158449	0.979833	0.524737	0.848217	-0.071969	-0.842514	0.505393	-0.186406
33213	9.780804	-0.642452	-1.864281	0.053603	-0.412852	0.055191	-0.124969	0.160947	0.979019	0.524201	0.848496	-0.072576	-0.842375	0.504133	-0.190404
33214	10.023050	-0.719600	-2.196316	0.049838	-0.407291	0.039430	-0.128207	0.163299	0.978211	0.523826	0.848690	-0.073023	-0.842122	0.503050	-0.194348
33215	10.005405	-0.737762	-2.414335	-0.009968	-0.382406	0.023959	-0.131340	0.165368	0.977447	0.523791	0.848696	-0.073203	-0.841661	0.502363	-0.198086
33216	9.856694	-1.114302	-2.674645	-0.101243	-0.362821	0.013937	-0.134333	0.167276	0.976716	0.524655	0.848170	-0.073102	-0.840649	0.502619	-0.201699
33217	9.870903	-1.639402	-2.860486	-0.133890	-0.348096	-0.006482	-0.137334	0.168914	0.976016	0.525618	0.847606	-0.072732	-0.839563	0.503023	-0.205190
33218	9.891298	-1.722303	-2.843892	-0.103887	-0.327783	-0.027336	-0.140242	0.170299	0.975362	0.526445	0.847136	-0.072216	-0.838563	0.503347	-0.208457
33219	9.776519	-1.292746	-2.589753	-0.072680	-0.317095	-0.037039	-0.143138	0.171524	0.974726	0.526849	0.846932	-0.071669	-0.837820	0.503275	-0.211596
33220	9.783063	-0.802969	-1.955340	-0.143140	-0.313700	-0.047815	-0.146030	0.172666	0.974095	0.527972	0.846300	-0.070863	-0.836612	0.503947	-0.214748
33221	9.711509	-0.715994	-1.128196	-0.209890	-0.333366	-0.051013	-0.149130	0.173858	0.973413	0.529499	0.845428	-0.069879	-0.835099	0.505000	-0.218136
33222	9.602819	-0.341463	0.048419	-0.267465	-0.387825	-0.053116	-0.152660	0.175338	0.972600	0.531643	0.844174	-0.068738	-0.833097	0.506583	-0.222089
33223	9.397809	-0.443834	0.994532	-0.364141	-0.471119	-0.043919	-0.156856	0.177299	0.971577	0.534452	0.842502	-0.067460	-0.830516	0.508680	-0.226910
33224	9.588788	-0.908184	1.590449	-0.409610	-0.571697	-0.033512	-0.161789	0.179899	0.970289	0.537788	0.840481	-0.066159	-0.827411	0.511106	-0.232728
33225	9.767525	-0.869850	1.843708	-0.379841	-0.676224	-0.021816	-0.167533	0.183116	0.968711	0.540738	0.838675	-0.065017	-0.824339	0.512926	-0.239524
33226	9.784302	-0.303578	2.015999	-0.429450	-0.788790	0.003829	-0.174015	0.187169	0.966792	0.544270	0.836468	-0.063974	-0.820664	0.515063	-0.247428
33227	9.910375	-0.505964	1.814115	-0.525904	-0.887855	0.030716	-0.181156	0.191944	0.964541	0.548477	0.833795	-0.062913	-0.816306	0.517632	-0.256324
33228	10.308873	-0.658856	1.079754	-0.535382	-0.976264	0.061658	-0.188777	0.197490	0.961957	0.552941	0.830905	-0.062074	-0.811554	0.520187	-0.266056
33229	10.826923	0.109592	0.014299	-0.506143	-1.060499	0.058077	-0.197077	0.203429	0.959050	0.556999	0.828254	-0.061226	-0.806792	0.522123	-0.276539
33230	10.849898	1.176832	-0.969382	-0.530244	-1.143005	0.038816	-0.206067	0.209696	0.955805	0.561333	0.825407	-0.060067	-0.801525	0.524147	-0.287799
33231	10.964118	1.127510	-1.648697	-0.535126	-1.214668	0.021656	-0.215691	0.216177	0.952232	0.565503	0.822657	-0.058668	-0.796043	0.525835	-0.299688
33232	10.841547	1.106721	-1.948352	-0.435212	-1.285921	-0.009648	-0.225964	0.222832	0.948307	0.568926	0.820397	-0.057211	-0.790736	0.526589	-0.312155
33233	10.819615	1.246504	-1.736701	-0.374536	-1.357641	-0.030574	-0.236884	0.229650	0.944006	0.571657	0.818600	-0.055694	-0.785554	0.526454	-0.325194
33234	10.617963	0.808974	-1.398215	-0.294569	-1.427492	-0.038951	-0.248300	0.236808	0.939292	0.573859	0.817151	-0.054316	-0.780405	0.525535	-0.338793
33235	10.683321	0.495252	-0.699601	-0.207582	-1.512329	-0.047517	-0.260386	0.244267	0.934095	0.575203	0.816284	-0.053117	-0.775461	0.523463	-0.353052
33236	10.975228	0.223331	-0.083063	-0.095679	-1.590663	-0.035848	-0.272905	0.252243	0.928384	0.575837	0.815883	-0.052405	-0.770672	0.520296	-0.367910
33237	11.243946	0.076468	0.328418	0.022746	-1.670896	-0.013318	-0.285871	0.260699	0.922125	0.575474	0.816144	-0.052332	-0.766229	0.515699	-0.383338
33238	11.446218	0.494374	0.629818	0.139890	-1.763294	0.024989	-0.299216	0.269913	0.915214	0.574467	0.816805	-0.053076	-0.761877	0.509879	-0.399457
33239	11.366066	1.171257	1.012888	0.119852	-1.858815	0.068084	-0.312992	0.279792	0.907608	0.573614	0.817334	-0.054150	-0.756969	0.503669	-0.416312
33240	11.445042	1.315301	1.172782	-0.035064	-1.961394	0.105225	-0.327188	0.290447	0.899216	0.574203	0.816869	-0.054919	-0.750492	0.498364	-0.434045
33241	11.445756	0.772408	0.893166	-0.091401	-2.061203	0.130834	-0.341881	0.301627	0.890022	0.575172	0.816137	-0.055648	-0.743165	0.492891	-0.452509
33242	11.325174	0.916481	1.225709	-0.075632	-2.169362	0.165699	-0.356979	0.313573	0.879908	0.576297	0.815269	-0.056734	-0.735151	0.486835	-0.471745
33243	11.289909	1.045826	1.688383	-0.193074	-2.275630	0.206499	-0.372463	0.326157	0.868846	0.578309	0.813784	-0.057573	-0.725830	0.481018	-0.491724
33244	11.643394	0.525831	1.543021	-0.281776	-2.357050	0.270031	-0.387898	0.339592	0.856862	0.581352	0.811549	-0.058458	-0.715238	0.475463	-0.512221
33245	12.003110	0.054020	1.076164	-0.272045	-2.405519	0.367550	-0.402883	0.353815	0.844097	0.584585	0.809101	-0.060126	-0.704234	0.469223	-0.532808
33246	11.867581	-0.112323	0.222067	-0.246955	-2.454057	0.469299	-0.417290	0.369005	0.830485	0.588219	0.806268	-0.062685	-0.692724	0.462349	-0.553503
33247	11.830762	-0.419038	-1.245487	-0.258851	-2.463214	0.563777	-0.430937	0.384716	0.816264	0.592238	0.803069	-0.065832	-0.680843	0.455053	-0.573916
33248	11.700791	-1.156881	-3.473597	-0.237256	-2.393640	0.646695	-0.443265	0.400670	0.801860	0.596650	0.799473	-0.069651	-0.668973	0.447556	-0.593438
33249	10.986549	-1.559601	-5.300494	-0.190632	-2.271397	0.705005	-0.454172	0.416242	0.787699	0.600928	0.795863	-0.074072	-0.657733	0.439709	-0.611590
33250	9.881426	-1.968563	-6.768518	-0.144179	-2.157473	0.788797	-0.463506	0.431874	0.773723	0.605471	0.791906	-0.079309	-0.646967	0.431707	-0.628541
33251	9.886993	-1.385906	-7.901843	-0.197285	-2.036898	0.838847	-0.471542	0.447085	0.760107	0.610510	0.787493	-0.084456	-0.636338	0.424229	-0.644286
33252	9.477720	-1.337512	-8.696615	-0.465770	-1.775301	0.820613	-0.477719	0.460986	0.747847	0.617325	0.781818	-0.087583	-0.625055	0.419825	-0.658068
33253	8.519786	-2.061820	-9.165631	-0.554152	-1.481296	0.771615	-0.482100	0.473149	0.737367	0.624451	0.775907	-0.089605	-0.614525	0.417251	-0.669523
33254	7.220060	-2.674874	-9.679252	-0.419518	-1.147265	0.724564	-0.484575	0.483496	0.728985	0.630496	0.770713	-0.092065	-0.606351	0.415009	-0.678311
33255	6.121084	-1.996957	-9.867565	-0.106672	-0.775644	0.660721	-0.485074	0.491738	0.723116	0.634331	0.767064	-0.096108	-0.601936	0.412075	-0.684008
33256	5.673463	1.542813	-9.044476	-0.445229	-0.364242	0.557804	-0.483724	0.497478	0.720088	0.639684	0.762485	-0.097056	-0.597340	0.413681	-0.687062
33257	6.548683	1.982350	-7.371248	-1.399312	0.167620	0.510326	-0.479432	0.500600	0.720795	0.650430	0.754084	-0.091090	-0.589140	0.425155	-0.687137
33258	5.901112	0.243440	-6.421353	-1.826120	0.701144	0.461426	-0.472320	0.500985	0.725209	0.663288	0.743871	-0.081885	-0.580484	0.442347	-0.683643
33259	5.573337	-0.907069	-5.423762	-1.863189	1.187444	0.358012	-0.463067	0.498215	0.733043	0.675702	0.733670	-0.071797	-0.573582	0.462072	-0.676383
33260	4.742036	-1.987202	-4.997186	-1.785812	1.624497	0.248318	-0.452116	0.492318	0.743784	0.687023	0.724018	-0.061622	-0.568851	0.483136	-0.665574
33261	4.659154	-3.375376	-5.820678	-1.337501	1.990768	0.140125	-0.439822	0.483471	0.756844	0.695243	0.716756	-0.053839	-0.568502	0.502511	-0.651374
33262	4.822696	-2.513076	-5.969287	-0.799563	2.305504	0.023624	-0.426520	0.471832	0.771658	0.699892	0.712576	-0.048853	-0.572915	0.519240	-0.634159
33263	4.922031	-1.293281	-5.961604	-0.641007	2.612143	-0.069006	-0.411949	0.457514	0.788022	0.703286	0.709526	-0.044288	-0.579385	0.535961	-0.614052
33264	5.105319	-1.033552	-6.036621	-0.622731	2.877004	-0.131229	-0.396121	0.440886	0.805424	0.706372	0.706740	-0.039461	-0.586623	0.553297	-0.591384
33265	5.675401	-1.122101	-6.150764	-0.555927	3.106262	-0.182589	-0.379059	0.422095	0.823499	0.708939	0.704414	-0.034730	-0.594744	0.570646	-0.566254
