// General information: 
//  MT Manager version: 2022.2.0 
//  XDA version: 2022.2.0 build 7381 rev 124627 built on 2023-07-19
// Device information: 
//  DeviceId: 00B4CB9F
//  ProductCode: MTW2-3A7G6
//  Firmware Version: 4.6.0
//  Hardware Version: 2.0.0
// Device settings: 
//  Filter Profile: human(46.1)
//  Option Flags: Orientation Smoother Disabled, Position/Velocity Smoother Disabled, Continuous Zero Rotation Update Disabled, AHS Disabled, ICC Disabled
// Coordinate system: ENU
PacketCounter	Acc_X	Acc_Y	Acc_Z	Gyr_X	Gyr_Y	Gyr_Z	Mat[1][1]	Mat[2][1]	Mat[3][1]	Mat[1][2]	Mat[2][2]	Mat[3][2]	Mat[1][3]	Mat[2][3]	Mat[3][3]
17879	10.353984	-0.245807	0.128084	-0.271609	0.094658	0.025064	0.087312	-0.052230	0.994811	-0.168847	-0.984952	-0.036894	0.981767	-0.164750	-0.094817
17880	10.085776	-0.946485	-0.107588	-0.352640	0.166824	0.079419	0.085570	-0.052788	0.994933	-0.172336	-0.984328	-0.037403	0.981314	-0.168262	-0.093326
17881	9.837721	-1.610853	-0.220308	-0.303593	0.179613	0.099776	0.083723	-0.053517	0.995051	-0.175358	-0.983765	-0.038155	0.980938	-0.171296	-0.091748
17882	9.511941	-1.883513	-0.508525	-0.135150	0.168777	0.039917	0.082028	-0.053672	0.995184	-0.176676	-0.983517	-0.038481	0.980845	-0.172668	-0.090158
17883	9.487810	-1.671926	-1.060027	0.060289	0.108942	-0.030730	0.081099	-0.053239	0.995283	-0.176016	-0.983643	-0.038274	0.981041	-0.172082	-0.089143
17884	9.456237	-1.169534	-1.531221	0.181123	0.091383	-0.074701	0.080364	-0.052400	0.995387	-0.174138	-0.983998	-0.037742	0.981437	-0.170301	-0.088203
17885	9.549922	-0.602816	-1.738451	0.257861	0.049621	-0.113378	0.080156	-0.051261	0.995463	-0.171476	-0.984497	-0.036889	0.981922	-0.167741	-0.087704
17886	9.569788	-0.018636	-1.866720	0.281603	0.041433	-0.149649	0.080035	-0.049772	0.995549	-0.168549	-0.985047	-0.035696	0.982439	-0.164942	-0.087227
17887	9.670374	0.441575	-1.761342	0.207343	0.032550	-0.129466	0.080020	-0.048503	0.995613	-0.166367	-0.985455	-0.034637	0.982812	-0.162866	-0.086925
17888	9.797789	0.567743	-1.499735	0.061569	0.028550	-0.052212	0.079857	-0.047995	0.995650	-0.165679	-0.985586	-0.034222	0.982941	-0.162226	-0.086658
17889	9.886844	0.272650	-1.307131	-0.087863	0.019391	0.015250	0.079734	-0.048171	0.995652	-0.166508	-0.985442	-0.034342	0.982811	-0.163046	-0.086594
17890	9.990529	-0.079078	-1.025684	-0.189022	0.068654	0.018640	0.079059	-0.048295	0.995699	-0.168339	-0.985128	-0.034416	0.982554	-0.164895	-0.086013
17891	9.995266	-0.295587	-0.680564	-0.280648	0.116178	0.006248	0.077999	-0.048219	0.995787	-0.171057	-0.984664	-0.034282	0.982169	-0.167663	-0.085051
17892	9.996983	-0.604780	-0.596238	-0.365010	0.162556	0.016756	0.076404	-0.048161	0.995913	-0.174613	-0.984043	-0.034191	0.981668	-0.171287	-0.083595
17893	9.801458	-0.926276	-0.423732	-0.394829	0.197539	0.017375	0.074524	-0.048048	0.996061	-0.178461	-0.983356	-0.034083	0.981121	-0.175219	-0.081859
17894	9.877872	-1.076991	-0.624240	-0.351606	0.157026	-0.032022	0.073072	-0.047509	0.996194	-0.181845	-0.982755	-0.033529	0.980608	-0.178703	-0.080451
17895	10.048351	-1.073431	-0.827708	-0.292331	0.160598	-0.056155	0.071688	-0.046726	0.996332	-0.184628	-0.982262	-0.032782	0.980190	-0.181601	-0.079043
17896	9.740766	-1.049202	-0.982861	-0.225879	0.166469	-0.054152	0.070187	-0.045944	0.996475	-0.186762	-0.981880	-0.032116	0.979895	-0.183850	-0.077496
17897	9.519499	-1.078593	-1.544009	-0.068728	0.080045	-0.071197	0.069624	-0.045159	0.996551	-0.187342	-0.981793	-0.031402	0.979824	-0.184510	-0.076816
17898	9.646686	-1.198000	-1.972528	0.048515	0.054488	-0.051554	0.069216	-0.044606	0.996604	-0.186789	-0.981911	-0.030976	0.979959	-0.184011	-0.076296
17899	9.282122	-1.237330	-2.293318	0.182109	-0.001137	-0.102278	0.069507	-0.043669	0.996625	-0.184889	-0.982297	-0.030146	0.980298	-0.182169	-0.076350
17900	9.406478	-0.974134	-2.477887	0.268101	-0.055319	-0.134148	0.070326	-0.042504	0.996618	-0.182124	-0.982846	-0.029065	0.980757	-0.179465	-0.076861
17901	9.245043	-0.408887	-2.468632	0.373632	-0.105604	-0.144611	0.071717	-0.041339	0.996568	-0.178316	-0.983576	-0.027968	0.981356	-0.175698	-0.077910
17902	9.377323	0.116969	-2.499912	0.348583	-0.171477	-0.162135	0.073717	-0.040096	0.996473	-0.174735	-0.984254	-0.026678	0.981852	-0.172152	-0.079562
17903	9.782274	0.528347	-2.160431	0.260939	-0.166598	-0.114872	0.075653	-0.039319	0.996359	-0.172044	-0.984751	-0.025798	0.982180	-0.169465	-0.081264
17904	10.139322	0.752736	-1.602209	0.093604	-0.123430	-0.081427	0.077036	-0.038779	0.996274	-0.171021	-0.984947	-0.025114	0.982251	-0.168449	-0.082508
17905	10.224245	0.569934	-1.188064	-0.105432	-0.065975	-0.015192	0.077813	-0.038806	0.996212	-0.172000	-0.984781	-0.024926	0.982019	-0.169409	-0.083304
17906	10.033296	0.005134	-0.797374	-0.234993	-0.033523	0.008278	0.078159	-0.038998	0.996178	-0.174273	-0.984383	-0.024863	0.981591	-0.171663	-0.083735
17907	9.905839	-0.425575	-0.537458	-0.238255	-0.001681	-0.035144	0.078341	-0.038721	0.996174	-0.176541	-0.983992	-0.024363	0.981171	-0.173957	-0.083923
17908	9.853119	-0.575047	-0.401450	-0.191888	0.007426	-0.078761	0.078439	-0.037986	0.996195	-0.178321	-0.983692	-0.023469	0.980841	-0.175801	-0.083934
17909	9.836063	-0.482838	-0.364947	-0.149244	0.037109	-0.106726	0.078368	-0.036936	0.996240	-0.179657	-0.983476	-0.022330	0.980603	-0.177231	-0.083709
17910	9.605479	-0.355753	-0.476738	-0.080292	0.031077	-0.127977	0.078325	-0.035676	0.996289	-0.180302	-0.983386	-0.021039	0.980488	-0.177986	-0.083456
17911	9.803216	-0.267166	-0.771705	-0.044694	-0.004707	-0.124968	0.078697	-0.034521	0.996301	-0.180597	-0.983358	-0.019808	0.980404	-0.178370	-0.083622
17912	9.627489	-0.055070	-0.985788	0.001487	0.023476	-0.139025	0.078749	-0.033166	0.996343	-0.180432	-0.983414	-0.018474	0.980430	-0.178317	-0.083427
17913	9.474092	0.102925	-1.366012	0.025578	-0.052153	-0.155751	0.079641	-0.031793	0.996316	-0.180015	-0.983517	-0.016995	0.980435	-0.177998	-0.084052
17914	9.771571	0.029374	-1.623978	-0.019104	-0.055979	-0.107010	0.080413	-0.030894	0.996283	-0.180076	-0.983523	-0.015964	0.980360	-0.178123	-0.084651
17915	9.515781	0.163769	-1.421515	0.002812	-0.033077	-0.136123	0.081082	-0.029679	0.996265	-0.179894	-0.983577	-0.014660	0.980339	-0.178034	-0.085089
17916	9.650235	0.492446	-1.162924	-0.045996	-0.057212	-0.127149	0.081902	-0.028584	0.996230	-0.180201	-0.983539	-0.013405	0.980214	-0.178423	-0.085705
17917	9.875874	0.275613	-0.812859	-0.183971	-0.035556	-0.034248	0.082412	-0.028373	0.996194	-0.181931	-0.983226	-0.012953	0.979852	-0.180171	-0.086192
17918	9.894162	-0.130871	-0.478811	-0.241954	0.027873	-0.008222	0.082185	-0.028295	0.996215	-0.184254	-0.982797	-0.012714	0.979437	-0.182511	-0.085984
17919	9.850664	-0.464198	-0.165228	-0.251339	0.048043	-0.004191	0.081820	-0.028227	0.996247	-0.186668	-0.982343	-0.012503	0.979010	-0.184945	-0.085644
17920	10.106815	-0.694656	-0.002490	-0.227733	0.070047	0.012674	0.081141	-0.028275	0.996302	-0.188867	-0.981923	-0.012485	0.978645	-0.187155	-0.085014
17921	9.794908	-0.752217	-0.102832	-0.114249	0.120936	-0.039462	0.080129	-0.027727	0.996399	-0.189913	-0.981727	-0.012046	0.978526	-0.188264	-0.083930
17922	9.811910	-0.637933	-0.380578	-0.034853	0.066573	-0.065614	0.079632	-0.027011	0.996458	-0.190161	-0.981687	-0.011414	0.978518	-0.188578	-0.083310
17923	9.802593	-0.498155	-0.743729	0.054306	0.079888	-0.074252	0.079086	-0.026197	0.996524	-0.189526	-0.981817	-0.010769	0.978686	-0.188015	-0.082613
17924	9.654905	-0.023741	-0.926961	0.156253	0.044099	-0.124387	0.078919	-0.024947	0.996569	-0.187857	-0.982148	-0.009709	0.979021	-0.186446	-0.082196
17925	9.779094	0.313476	-1.189916	0.126056	0.016790	-0.091402	0.079017	-0.024081	0.996582	-0.186503	-0.982414	-0.008951	0.979272	-0.185158	-0.082119
17926	9.672349	0.318818	-1.211226	0.046910	0.020880	-0.041007	0.078919	-0.023693	0.996599	-0.185970	-0.982518	-0.008632	0.979381	-0.184656	-0.081946
17927	9.695174	0.214477	-1.367847	0.025786	0.003546	-0.034756	0.079043	-0.023409	0.996596	-0.185643	-0.982582	-0.008356	0.979433	-0.184350	-0.082012
17928	9.629111	0.130078	-1.370159	-0.001128	0.017028	-0.018304	0.078940	-0.023252	0.996608	-0.185598	-0.982591	-0.008224	0.979450	-0.184319	-0.081881
17929	9.540013	-0.019938	-1.370406	-0.017916	-0.021775	-0.017609	0.079285	-0.023180	0.996582	-0.185702	-0.982573	-0.008080	0.979402	-0.184426	-0.082208
17930	9.646390	0.014656	-1.454819	-0.028641	-0.035105	-0.037522	0.079729	-0.022930	0.996553	-0.185911	-0.982536	-0.007733	0.979326	-0.184654	-0.082599
17931	9.527669	0.158885	-1.325125	-0.027794	-0.039825	-0.047082	0.080305	-0.022607	0.996514	-0.186107	-0.982502	-0.007292	0.979242	-0.184873	-0.083107
17932	9.756899	0.193501	-1.310198	-0.059309	-0.072884	-0.033743	0.081112	-0.022464	0.996452	-0.186620	-0.982408	-0.006957	0.979078	-0.185393	-0.083877
17933	9.889979	0.142964	-1.103762	-0.084743	-0.029728	-0.035290	0.081568	-0.022236	0.996420	-0.187374	-0.982267	-0.006582	0.978896	-0.186166	-0.084288
17934	9.916738	0.265352	-0.763067	-0.103475	-0.027774	-0.055019	0.081973	-0.021802	0.996396	-0.188300	-0.982093	-0.005997	0.978684	-0.187130	-0.084610
17935	9.933239	0.252945	-0.633897	-0.143617	-0.024500	-0.038886	0.082383	-0.021528	0.996368	-0.189632	-0.981840	-0.005535	0.978393	-0.188487	-0.084970
17936	9.957819	0.109941	-0.487031	-0.140608	-0.018968	-0.049140	0.082692	-0.021135	0.996351	-0.190926	-0.981592	-0.004976	0.978115	-0.189817	-0.085206
17937	10.026742	0.059897	-0.390872	-0.141558	0.005285	-0.063532	0.082858	-0.020563	0.996349	-0.192214	-0.981344	-0.004269	0.977849	-0.191158	-0.085265
17938	10.014730	-0.052483	-0.276880	-0.145907	0.036633	-0.058723	0.082643	-0.019971	0.996379	-0.193551	-0.981084	-0.003610	0.977603	-0.192552	-0.084945
17939	9.836277	-0.185665	-0.268192	-0.116947	0.077317	-0.051601	0.082083	-0.019376	0.996437	-0.194607	-0.980877	-0.003043	0.977441	-0.193664	-0.084284
17940	9.720152	-0.330316	-0.445209	-0.061990	0.060900	-0.049688	0.081614	-0.018825	0.996486	-0.195131	-0.980774	-0.002547	0.977376	-0.194238	-0.083718
17941	9.485372	-0.303939	-0.592309	0.036626	0.068056	-0.072385	0.081182	-0.018045	0.996536	-0.194670	-0.980867	-0.001902	0.977503	-0.193841	-0.083141
17942	9.033460	-0.101857	-0.985319	0.152966	-0.010272	-0.095435	0.081497	-0.017182	0.996525	-0.193056	-0.981187	-0.001129	0.977797	-0.192293	-0.083281
17943	9.762965	0.055388	-1.376313	0.127144	-0.044545	-0.031456	0.082082	-0.017021	0.996480	-0.191750	-0.981443	-0.000969	0.978005	-0.190995	-0.083822
17944	9.558302	0.279988	-0.791459	0.141519	0.078899	-0.028019	0.081394	-0.016650	0.996543	-0.190301	-0.981725	-0.000859	0.978346	-0.189574	-0.083075
17945	9.623364	0.590462	0.096811	0.149165	0.051986	-0.018412	0.081012	-0.016432	0.996578	-0.188781	-0.982019	-0.000846	0.978672	-0.188067	-0.082658
17946	10.374642	0.667758	0.707328	0.031171	0.057811	0.071718	0.080341	-0.017082	0.996621	-0.188493	-0.982073	-0.001637	0.978783	-0.187725	-0.082121
17947	10.639240	0.043289	0.496673	-0.135120	0.143706	0.143884	0.078752	-0.018284	0.996727	-0.189890	-0.981801	-0.003007	0.978642	-0.189032	-0.080791
17948	10.338099	-0.756140	-0.134262	-0.154353	0.261496	0.152226	0.075933	-0.019336	0.996925	-0.191477	-0.981487	-0.004453	0.978555	-0.190551	-0.078229
17949	9.936971	-1.534492	-0.205415	-0.157552	0.328007	0.188633	0.072442	-0.020620	0.997159	-0.193121	-0.981155	-0.006259	0.978497	-0.192119	-0.075059
17950	9.348827	-2.235798	-0.403940	-0.014179	0.303333	0.207743	0.069102	-0.022129	0.997364	-0.193365	-0.981091	-0.008371	0.978690	-0.192277	-0.072075
17951	9.079351	-2.398412	-0.976820	0.310048	0.155510	0.081076	0.067504	-0.022695	0.997461	-0.190349	-0.981671	-0.009454	0.979393	-0.189227	-0.070586
17952	9.309790	-1.500408	-1.568651	0.707617	0.067456	-0.134772	0.067125	-0.021299	0.997517	-0.183281	-0.983022	-0.008657	0.980766	-0.182245	-0.069889
17953	9.534264	0.198840	-1.723766	0.917544	0.029599	-0.327074	0.067499	-0.018100	0.997555	-0.174013	-0.984725	-0.006093	0.982427	-0.173176	-0.069618
17954	9.647094	1.608677	-2.042027	0.931948	0.045575	-0.484766	0.067902	-0.013299	0.997603	-0.164479	-0.986379	-0.001954	0.984041	-0.163952	-0.069165
17955	9.748925	2.608190	-2.064398	0.760570	0.108469	-0.548998	0.067804	-0.007772	0.997668	-0.156563	-0.987664	0.002946	0.985338	-0.156398	-0.068184
17956	10.026073	3.015914	-1.601652	0.393253	0.128589	-0.341119	0.067096	-0.004256	0.997737	-0.152415	-0.988298	0.006034	0.986036	-0.152475	-0.066959
17957	10.023540	2.606294	-0.872332	-0.130464	0.056711	0.083339	0.066498	-0.005058	0.997774	-0.153738	-0.988098	0.005237	0.985872	-0.153744	-0.066484
17958	9.886288	1.245691	-1.127398	-0.524770	-0.071754	0.388119	0.066630	-0.009056	0.997737	-0.159125	-0.987257	0.001665	0.985007	-0.158876	-0.067222
17959	9.925561	-0.100085	-1.078317	-0.648747	-0.021986	0.541563	0.066059	-0.014492	0.997710	-0.165839	-0.986147	-0.003344	0.983938	-0.165238	-0.067548
17960	9.792057	-1.199894	-0.504209	-0.596903	0.064416	0.505048	0.064604	-0.019415	0.997722	-0.171997	-0.985065	-0.008032	0.982977	-0.171086	-0.066978
17961	9.736339	-1.713542	-0.221206	-0.374248	0.095210	0.239891	0.063339	-0.021669	0.997757	-0.175794	-0.984374	-0.010218	0.982387	-0.174752	-0.066158
17962	9.708418	-1.251980	-0.156987	-0.070873	0.133898	-0.046310	0.062136	-0.021032	0.997846	-0.176419	-0.984267	-0.009760	0.982352	-0.175432	-0.064869
17963	9.564415	-0.406214	-0.166521	0.060873	0.091510	-0.115184	0.061529	-0.019796	0.997909	-0.175700	-0.984405	-0.008695	0.982519	-0.174798	-0.064047
17964	9.486758	0.001922	-0.409571	0.125309	0.037690	-0.076891	0.061324	-0.019027	0.997937	-0.174380	-0.984646	-0.008058	0.982767	-0.173526	-0.063700
17965	9.570967	0.336839	-0.585242	0.178106	-0.018133	-0.095421	0.061753	-0.018180	0.997926	-0.172534	-0.984977	-0.007267	0.983066	-0.171727	-0.063962
17966	9.700713	0.661902	-0.677443	0.192986	-0.042254	-0.120756	0.062406	-0.017116	0.997904	-0.170519	-0.985335	-0.006236	0.983376	-0.169773	-0.064410
17967	9.543707	0.831320	-0.743219	0.197838	-0.062630	-0.088206	0.063258	-0.016412	0.997862	-0.168483	-0.985689	-0.005531	0.983673	-0.167772	-0.065118
17968	9.681910	0.785867	-0.432822	0.063831	-0.075734	0.019250	0.064002	-0.016782	0.997809	-0.167825	-0.985800	-0.005815	0.983737	-0.167085	-0.065910
17969	9.395148	0.242835	-0.052474	-0.027994	-0.080708	0.122373	0.064677	-0.018180	0.997741	-0.168141	-0.985738	-0.007061	0.983639	-0.167305	-0.066811
17970	9.462260	0.076228	-0.151566	0.019952	-0.141012	0.084833	0.065953	-0.019305	0.997636	-0.167958	-0.985762	-0.007971	0.983585	-0.167036	-0.068256
17971	9.830563	0.427108	0.024360	0.010761	-0.084777	0.079614	0.066740	-0.020285	0.997564	-0.167857	-0.985772	-0.008815	0.983550	-0.166860	-0.069195
17972	9.776543	0.710792	0.292384	-0.016187	-0.052661	0.096224	0.067127	-0.021374	0.997515	-0.168039	-0.985732	-0.009814	0.983492	-0.166962	-0.069761
17973	9.787619	0.785741	-0.053037	-0.072602	-0.091624	0.125727	0.067896	-0.022817	0.997431	-0.168794	-0.985589	-0.011056	0.983310	-0.167610	-0.070769
17974	9.654628	0.431949	-0.397806	-0.115895	-0.085266	0.165555	0.068485	-0.024645	0.997348	-0.170005	-0.985362	-0.012675	0.983061	-0.168686	-0.071672
17975	9.432142	0.334095	-1.003879	-0.058157	-0.153373	0.111669	0.069880	-0.026053	0.997215	-0.170613	-0.985242	-0.013784	0.982857	-0.169175	-0.073294
17976	9.547568	0.407030	-1.688751	-0.039725	-0.220322	0.126406	0.071861	-0.027724	0.997029	-0.171052	-0.985147	-0.015066	0.982638	-0.169461	-0.075536
17977	9.473971	0.175945	-1.796778	-0.048418	-0.244255	0.146726	0.074091	-0.029635	0.996811	-0.171606	-0.985027	-0.016530	0.982376	-0.169834	-0.078067
17978	9.377502	0.300093	-1.660036	-0.028524	-0.307951	0.089728	0.076992	-0.031095	0.996547	-0.171912	-0.984958	-0.017452	0.982099	-0.169975	-0.081180
17979	9.760335	0.696315	-1.208188	-0.105754	-0.329994	0.111325	0.080127	-0.032800	0.996245	-0.172986	-0.984750	-0.018508	0.981660	-0.170853	-0.084579
17980	9.982800	0.845046	-0.304483	-0.222000	-0.292423	0.144037	0.082777	-0.034774	0.995961	-0.175241	-0.984326	-0.019803	0.981040	-0.172894	-0.087573
17981	10.012074	0.921609	0.116055	-0.321195	-0.282431	0.131875	0.085394	-0.036605	0.995675	-0.178457	-0.983727	-0.020860	0.980235	-0.175904	-0.090537
17982	10.071184	0.740747	0.453688	-0.472245	-0.247476	0.151985	0.087575	-0.038594	0.995410	-0.183174	-0.982834	-0.021991	0.979172	-0.180408	-0.093141
17983	9.921519	0.389491	0.721960	-0.536467	-0.208015	0.137051	0.089436	-0.040359	0.995175	-0.188498	-0.981807	-0.022877	0.977993	-0.185542	-0.095416
17984	9.438961	0.248194	0.116702	-0.460487	-0.260066	0.089723	0.091836	-0.041782	0.994897	-0.193040	-0.980912	-0.023375	0.976884	-0.189908	-0.098149
17985	9.472710	0.109916	-0.866673	-0.376270	-0.354198	0.106458	0.095161	-0.043541	0.994509	-0.196768	-0.980154	-0.024084	0.975821	-0.193396	-0.101840
17986	9.240146	0.062577	-1.265353	-0.295420	-0.360977	0.076811	0.098559	-0.045050	0.994111	-0.199684	-0.979552	-0.024593	0.974891	-0.196084	-0.105539
17987	8.928923	0.484696	-1.760126	-0.203050	-0.493205	0.055395	0.103328	-0.046597	0.993555	-0.201663	-0.979137	-0.024948	0.973989	-0.197785	-0.110569
17988	9.203658	0.791055	-1.988694	-0.214412	-0.580984	0.136285	0.108736	-0.049139	0.992855	-0.203855	-0.978653	-0.026110	0.972944	-0.199559	-0.116432
17989	9.047662	0.989332	-1.890743	-0.238841	-0.620009	0.163441	0.114506	-0.052020	0.992060	-0.206332	-0.978096	-0.027472	0.971759	-0.201548	-0.122731
17990	9.480727	1.175902	-1.666967	-0.376081	-0.674363	0.186468	0.120694	-0.055267	0.991150	-0.210164	-0.977239	-0.028900	0.970188	-0.204816	-0.129562
17991	10.012807	1.024956	-1.398630	-0.568849	-0.650012	0.327765	0.126373	-0.059847	0.990176	-0.216041	-0.975879	-0.031410	0.968171	-0.209949	-0.136254
17992	9.799263	0.393541	-0.959189	-0.650177	-0.606672	0.361612	0.131475	-0.064719	0.989205	-0.222757	-0.974276	-0.034136	0.965968	-0.215864	-0.142509
17993	9.923222	0.214514	-0.811788	-0.591721	-0.646052	0.280538	0.137149	-0.068888	0.988152	-0.228805	-0.972804	-0.036061	0.963763	-0.221148	-0.149181
17994	10.285926	0.184644	-0.746144	-0.574306	-0.624991	0.252974	0.142607	-0.072800	0.987098	-0.234650	-0.971347	-0.037738	0.961563	-0.226241	-0.155604
17995	10.450696	-0.422089	-0.690551	-0.689394	-0.595730	0.336397	0.147598	-0.077459	0.986010	-0.241728	-0.969520	-0.039979	0.959053	-0.232445	-0.161824
17996	10.324160	-1.468591	-0.696530	-0.784842	-0.508669	0.486765	0.151300	-0.083429	0.984961	-0.249935	-0.967283	-0.043539	0.956369	-0.239589	-0.167202
17997	10.402055	-2.700420	-0.225946	-0.794316	-0.398685	0.605916	0.153634	-0.090278	0.983995	-0.258408	-0.964834	-0.048174	0.953741	-0.246871	-0.171560
17998	10.572259	-3.859702	0.939987	-0.708705	-0.198031	0.694934	0.153723	-0.097525	0.983289	-0.266192	-0.962415	-0.053840	0.951583	-0.253467	-0.173906
17999	10.551097	-4.433356	2.216072	-0.232032	-0.038597	0.571978	0.152616	-0.103158	0.982887	-0.269236	-0.961260	-0.059083	0.950905	-0.255612	-0.174478
18000	10.071327	-4.075518	3.053650	0.432276	0.016694	0.298452	0.151684	-0.106041	0.982724	-0.265541	-0.962051	-0.062824	0.952092	-0.251424	-0.174086
18001	9.692219	-2.665154	3.342450	0.870730	-0.058357	0.168251	0.151842	-0.107847	0.982503	-0.257455	-0.964032	-0.066030	0.954286	-0.242924	-0.174146
18002	10.153485	-1.295878	2.670627	1.082479	-0.278895	0.069190	0.154359	-0.109232	0.981958	-0.247182	-0.966533	-0.068660	0.956595	-0.232124	-0.176193
18003	11.081055	0.112611	1.615193	1.269033	-0.272400	-0.085119	0.157201	-0.109067	0.981526	-0.234856	-0.969498	-0.070116	0.959234	-0.219495	-0.178021
18004	11.007648	1.112911	1.496362	1.259212	-0.037324	-0.190597	0.158023	-0.107350	0.981583	-0.222422	-0.972395	-0.070538	0.962059	-0.207179	-0.177537
18005	10.584081	1.627353	1.227056	0.976182	-0.132499	-0.095591	0.159524	-0.106723	0.981408	-0.212833	-0.974478	-0.071375	0.963978	-0.197490	-0.178167
18006	11.288658	1.491254	1.065553	0.462091	-0.257896	0.287160	0.161434	-0.110079	0.980725	-0.208802	-0.975072	-0.075075	0.964542	-0.192658	-0.180394
18007	11.833597	0.116478	1.596147	0.024660	-0.156443	0.757267	0.161369	-0.117790	0.979840	-0.209751	-0.974262	-0.082575	0.964347	-0.192197	-0.181923
18008	12.723984	-1.390413	2.269516	0.034298	0.045072	1.073777	0.158704	-0.128212	0.978966	-0.211102	-0.973010	-0.093209	0.964494	-0.191869	-0.181486
18009	13.035266	-2.481804	2.948368	0.284694	0.435655	1.082662	0.152220	-0.137934	0.978674	-0.210000	-0.972117	-0.104347	0.965779	-0.189637	-0.176942
18010	12.513792	-2.478085	3.672686	0.433905	0.956536	0.768067	0.141398	-0.143653	0.979474	-0.206894	-0.971854	-0.112668	0.968092	-0.186716	-0.167140
18011	11.620513	-1.391258	4.640616	0.433742	1.377263	0.644881	0.126704	-0.147388	0.980930	-0.203512	-0.971725	-0.119718	0.970839	-0.184463	-0.153117
18012	10.755155	-1.172002	4.863511	0.180570	1.520793	0.773945	0.110381	-0.152150	0.982174	-0.202636	-0.970901	-0.127630	0.973013	-0.184936	-0.138000
18013	10.765271	-1.897183	4.544876	-0.033304	1.332282	1.002288	0.095334	-0.159414	0.982598	-0.203946	-0.969283	-0.137466	0.974329	-0.187292	-0.124917
18014	12.109456	-2.603220	3.993595	-0.160085	1.183871	1.142053	0.081480	-0.168287	0.982365	-0.206476	-0.967110	-0.148548	0.975053	-0.190731	-0.113547
18015	12.991294	-3.003390	3.893250	-0.369045	1.726104	1.193970	0.062099	-0.176489	0.982342	-0.210882	-0.964341	-0.159924	0.975537	-0.197228	-0.097103
18016	12.201614	-3.193388	5.186985	-0.560520	2.264415	1.184037	0.037504	-0.183369	0.982329	-0.216898	-0.961079	-0.171121	0.975474	-0.206647	-0.075817
18017	11.398252	-3.072166	5.625159	-0.752994	2.460917	1.150499	0.010898	-0.189194	0.981879	-0.224462	-0.957341	-0.181974	0.974422	-0.218411	-0.052900
18018	10.568746	-2.767010	5.351728	-0.886810	2.420920	1.073839	-0.015097	-0.194061	0.980873	-0.233027	-0.953290	-0.192190	0.972353	-0.231472	-0.030830
18019	10.541104	-2.551556	4.556966	-1.137497	2.120342	1.031056	-0.038230	-0.198818	0.979290	-0.243731	-0.948553	-0.202093	0.969089	-0.246410	-0.012195
18020	11.366257	-2.848579	3.814942	-1.470752	1.859610	1.056084	-0.058829	-0.204114	0.977178	-0.257392	-0.942674	-0.212402	0.964515	-0.264014	0.002919
18021	11.841754	-3.658971	1.996018	-1.602815	1.568201	1.113242	-0.076965	-0.210306	0.974601	-0.271984	-0.935998	-0.223454	0.959219	-0.282275	0.014840
18022	12.109876	-4.568774	-0.651897	-1.188850	1.148330	1.125475	-0.091051	-0.217544	0.971794	-0.282370	-0.930157	-0.234679	0.954975	-0.295773	0.023264
18023	13.337024	-4.742536	-2.812790	-0.757396	1.243428	0.759910	-0.105182	-0.220881	0.969612	-0.288771	-0.926224	-0.242323	0.951603	-0.305483	0.033638
18024	15.433110	-4.474722	-4.001590	-0.229668	1.976660	0.554601	-0.125545	-0.219967	0.967395	-0.290264	-0.924296	-0.247836	0.948676	-0.311915	0.052192
18025	15.016524	-4.063797	-3.163692	0.346873	2.154465	0.522201	-0.147563	-0.218087	0.964709	-0.286189	-0.924246	-0.252716	0.946742	-0.313380	0.073971
18026	14.563543	-3.126728	-4.180654	1.030941	2.160401	0.181385	-0.168498	-0.213105	0.962390	-0.276093	-0.927065	-0.253622	0.946246	-0.308444	0.097372
18027	13.325616	-0.979910	-4.250176	1.631630	2.418405	-0.189490	-0.190953	-0.204039	0.960159	-0.260920	-0.932418	-0.250035	0.946286	-0.298269	0.124810
18028	12.030524	1.107237	-3.689585	1.789907	2.510809	-0.439020	-0.213571	-0.192647	0.957745	-0.244821	-0.938526	-0.243374	0.945754	-0.286453	0.153279
18029	11.444639	2.543408	-2.890653	1.556301	2.548204	-0.385682	-0.236786	-0.181872	0.954387	-0.230915	-0.943639	-0.237114	0.943722	-0.276527	0.181443
18030	10.815697	3.342564	-2.194899	1.045583	2.612065	-0.114797	-0.261098	-0.173688	0.949558	-0.221299	-0.946711	-0.234017	0.939603	-0.271238	0.208747
18031	9.736180	3.532740	-2.092888	0.481706	2.507715	0.116677	-0.284881	-0.168013	0.943724	-0.216400	-0.947831	-0.234068	0.933817	-0.270904	0.233661
18032	9.128033	2.912184	-1.551718	0.070867	2.321151	0.283729	-0.307064	-0.164432	0.937376	-0.214845	-0.947557	-0.236597	0.927121	-0.274041	0.255633
18033	9.753678	2.302461	-0.838506	-0.254041	1.934170	0.350854	-0.325709	-0.162407	0.931417	-0.216015	-0.946297	-0.240540	0.920463	-0.279546	0.273135
18034	10.870161	1.787612	-1.297574	-0.657493	1.813936	0.285178	-0.342935	-0.160005	0.925632	-0.221032	-0.943975	-0.245065	0.912984	-0.288635	0.288356
18035	10.537267	0.930841	-1.461158	-0.859117	2.133308	0.128500	-0.362607	-0.154936	0.918973	-0.228317	-0.941264	-0.248783	0.903541	-0.300028	0.305935
18036	9.064468	0.514018	-0.661843	-0.962240	2.299579	-0.212394	-0.382742	-0.145953	0.912253	-0.237693	-0.938644	-0.249901	0.892754	-0.312484	0.324567
18037	8.222235	0.687483	-0.457598	-1.116883	2.108156	-0.479079	-0.400276	-0.134729	0.906437	-0.249417	-0.935775	-0.249230	0.881800	-0.325841	0.340964
18038	7.787294	0.822335	-0.690926	-1.326025	1.879729	-0.458369	-0.415551	-0.124241	0.901045	-0.262848	-0.931959	-0.249726	0.870763	-0.340612	0.354620
18039	7.371112	0.182570	-0.944459	-1.533042	1.724506	-0.305833	-0.429629	-0.115378	0.895604	-0.277342	-0.927007	-0.252467	0.859360	-0.356856	0.366270
18040	6.991133	-0.670836	-0.919121	-1.664424	1.604055	-0.145258	-0.442886	-0.108232	0.890021	-0.292123	-0.921098	-0.257375	0.847653	-0.373984	0.376325
18041	6.912756	-1.661553	-0.840825	-1.720160	1.516380	0.050805	-0.455778	-0.102890	0.884127	-0.306316	-0.914493	-0.264334	0.835725	-0.391300	0.385289
18042	6.468457	-2.530385	-0.831816	-1.635127	1.529011	0.180353	-0.469010	-0.098484	0.877685	-0.318989	-0.907793	-0.272321	0.823575	-0.407693	0.394348
18043	6.214024	-3.096827	-0.248783	-1.470016	1.660842	0.105386	-0.482896	-0.092545	0.870774	-0.330446	-0.901622	-0.279075	0.810936	-0.422508	0.404809
18044	6.176499	-3.142086	0.605598	-1.254108	1.682446	-0.120788	-0.496014	-0.084302	0.864212	-0.341070	-0.896366	-0.283196	0.798524	-0.435226	0.415857
18045	6.432178	-2.896043	1.241104	-1.007559	1.491202	-0.286589	-0.506818	-0.075183	0.858769	-0.350443	-0.892191	-0.284929	0.787607	-0.445357	0.425831
18046	6.922597	-2.786477	1.581962	-0.726476	1.229721	-0.290301	-0.515407	-0.067136	0.854312	-0.357557	-0.889153	-0.285588	0.778787	-0.452659	0.434271
18047	7.541999	-3.017496	1.832514	-0.393344	1.159621	-0.280796	-0.523351	-0.059382	0.850046	-0.362011	-0.887575	-0.284884	0.771396	-0.456820	0.443016
18048	7.784505	-2.974875	2.355999	-0.009489	1.337995	-0.367957	-0.532276	-0.050059	0.845090	-0.363966	-0.887751	-0.281828	0.764337	-0.457594	0.454309
18049	7.488606	-2.556991	3.031178	0.294433	1.542046	-0.511161	-0.542110	-0.038494	0.839425	-0.364419	-0.889355	-0.276130	0.757176	-0.455595	0.468100
18050	6.963620	-2.242486	3.490098	0.468544	1.620499	-0.634132	-0.551999	-0.025554	0.833453	-0.364296	-0.891703	-0.268615	0.750057	-0.451899	0.482910
18051	6.223359	-2.173830	3.668660	0.488867	1.484903	-0.662855	-0.560638	-0.012977	0.827959	-0.364280	-0.894062	-0.260678	0.743630	-0.447755	0.496518
18052	5.387135	-2.328781	3.586293	0.425735	1.195474	-0.600626	-0.567296	-0.002330	0.823510	-0.364452	-0.896026	-0.253597	0.738478	-0.443995	0.507463
18053	4.627907	-2.698167	3.427799	0.375870	0.849667	-0.467602	-0.571818	0.005599	0.820361	-0.364291	-0.897713	-0.247796	0.735062	-0.440545	0.515368
18054	4.100665	-3.151898	3.272427	0.356710	0.519509	-0.377492	-0.574246	0.011211	0.818606	-0.363775	-0.899268	-0.242870	0.733423	-0.437255	0.520479
18055	3.889098	-3.437548	3.197060	0.380618	0.237692	-0.410983	-0.574464	0.015920	0.818375	-0.363288	-0.900900	-0.237488	0.733494	-0.433734	0.523318
18056	4.053980	-3.592667	3.168239	0.467259	-0.045613	-0.502074	-0.572294	0.020191	0.819800	-0.362675	-0.902847	-0.230943	0.735491	-0.429488	0.524017
18057	4.465116	-3.455863	2.993808	0.626248	-0.374388	-0.561907	-0.567470	0.023644	0.823055	-0.361200	-0.905425	-0.223026	0.739941	-0.423848	0.522341
18058	5.022611	-3.170152	2.781324	0.737726	-0.652753	-0.610298	-0.560408	0.026374	0.827796	-0.359099	-0.908395	-0.214164	0.746318	-0.417280	0.518543
18059	5.845444	-2.959254	3.010104	0.830706	-0.732274	-0.706637	-0.552360	0.029741	0.833075	-0.356745	-0.911659	-0.203988	0.753413	-0.409870	0.514174
18060	6.546037	-2.694829	3.794110	0.874689	-0.546996	-0.868652	-0.545118	0.035395	0.837612	-0.354834	-0.914947	-0.192263	0.759565	-0.402019	0.511314
18061	7.011655	-2.209011	5.395340	0.831184	-0.189521	-1.060752	-0.539887	0.044323	0.840570	-0.354201	-0.917859	-0.179099	0.763587	-0.394424	0.511239
18062	7.517121	-1.517581	6.974841	0.817281	0.244739	-1.322026	-0.537056	0.057372	0.841594	-0.355012	-0.920399	-0.163804	0.765205	-0.386747	0.514673
18063	7.663322	-0.637554	8.363110	0.878238	0.541171	-1.687007	-0.535165	0.074952	0.841416	-0.357276	-0.922667	-0.145048	0.765475	-0.378243	0.520558
18064	7.506597	0.197887	9.700225	0.747930	0.383707	-1.891025	-0.531293	0.093791	0.841980	-0.361572	-0.923895	-0.125238	0.766155	-0.370974	0.524771
18065	7.237666	1.190207	10.490624	0.342451	-0.300757	-1.718829	-0.522698	0.108527	0.845582	-0.367942	-0.923447	-0.108924	0.769028	-0.368060	0.522616
18066	7.669850	1.207524	9.515048	-0.482405	-0.856262	-1.172146	-0.511719	0.116100	0.851272	-0.377662	-0.920364	-0.101497	0.771696	-0.373431	0.514814
18067	7.155329	-0.089850	7.945827	-1.124252	-0.913832	-0.610358	-0.502317	0.118220	0.856564	-0.389375	-0.915414	-0.102000	0.772052	-0.384761	0.505860
18068	5.552174	-1.381509	6.627479	-1.412086	-0.877612	-0.406131	-0.493927	0.118429	0.861400	-0.402234	-0.909426	-0.105609	0.770872	-0.398647	0.496826
18069	4.711709	-2.094658	5.778307	-1.491167	-0.991287	-0.388188	-0.484705	0.117907	0.866694	-0.415561	-0.902942	-0.109567	0.769656	-0.413272	0.486659
18070	5.561340	-2.342718	5.452365	-1.415982	-1.362072	-0.307001	-0.472912	0.114884	0.873588	-0.427876	-0.896656	-0.113711	0.770244	-0.427562	0.473196
18071	6.973029	-2.331326	4.678191	-1.304544	-2.127856	-0.005268	-0.456463	0.105668	0.883445	-0.437919	-0.891011	-0.119693	0.774512	-0.441512	0.452988
18072	8.001220	-2.349923	2.803558	-0.958669	-3.376078	0.044415	-0.430316	0.090107	0.898170	-0.445142	-0.886790	-0.124304	0.785287	-0.453303	0.421711
18073	10.815721	-2.820757	-0.242992	-0.170175	-4.878306	-0.187032	-0.390706	0.069498	0.917888	-0.447206	-0.885894	-0.123282	0.804584	-0.458652	0.377204
18074	19.261353	-3.241806	-5.247293	-0.377489	-3.413929	-0.827585	-0.359307	0.061006	0.931223	-0.453314	-0.883636	-0.117020	0.815723	-0.464182	0.345152
18075	18.700409	-3.477619	0.825384	-0.702066	0.186676	-0.941035	-0.356511	0.070142	0.931654	-0.462342	-0.879766	-0.110686	0.811874	-0.470203	0.346076
18076	11.460119	-2.865717	6.186180	-1.609492	1.016001	-0.895411	-0.360481	0.082768	0.929087	-0.478475	-0.871432	-0.108015	0.800696	-0.483483	0.353737
18077	8.451464	-3.720496	6.535908	-2.261366	1.486347	-0.615214	-0.369247	0.095375	0.924424	-0.498589	-0.859773	-0.110449	0.784261	-0.501691	0.365022
18078	8.207463	-6.384481	8.997689	-2.641414	1.219561	0.190996	-0.379667	0.099934	0.919710	-0.518301	-0.846454	-0.121987	0.766301	-0.523000	0.373167
18079	9.220936	-11.275702	10.496302	-2.468985	-1.728799	1.158130	-0.372571	0.080921	0.924469	-0.532732	-0.834343	-0.141665	0.759860	-0.545274	0.353961
18080	12.366075	-15.101487	3.553032	-1.896040	-4.157175	1.841033	-0.350750	0.042530	0.935503	-0.540477	-0.824994	-0.165136	0.764761	-0.563540	0.312353
18081	12.004505	-19.834842	-6.058809	-0.738541	-2.435235	0.206102	-0.333226	0.026959	0.942461	-0.545380	-0.820903	-0.169348	0.769104	-0.570431	0.288249
18082	8.738478	-12.002355	-1.867556	2.804200	0.258652	-1.730128	-0.325931	0.042678	0.944430	-0.529263	-0.835998	-0.144875	0.783358	-0.547071	0.295066
18083	4.171936	-3.579943	0.194247	3.222913	-0.799416	-2.913809	-0.304444	0.062892	0.950452	-0.512829	-0.851682	-0.107911	0.802695	-0.520272	0.291542
18084	4.354624	2.607796	-2.438195	4.095703	-1.697927	-3.518378	-0.272948	0.084575	0.958304	-0.489532	-0.869730	-0.062672	0.828165	-0.486227	0.278794
18085	9.927640	9.499340	-4.381825	3.521586	-0.034328	-3.456956	-0.256116	0.114600	0.959829	-0.469157	-0.882893	-0.019774	0.845160	-0.455375	0.279889
18086	8.804982	9.884391	0.922616	4.606048	0.764717	-1.890333	-0.254097	0.134723	0.957750	-0.434557	-0.900572	0.011389	0.864057	-0.413303	0.287377
18087	11.308257	13.502581	5.110181	1.843093	-1.242878	-1.379506	-0.237383	0.142049	0.960974	-0.421869	-0.906169	0.029736	0.875029	-0.398346	0.275035
18088	12.951438	11.618877	2.107444	0.420690	-3.073238	0.778423	-0.213602	0.122678	0.969187	-0.416363	-0.908900	0.023284	0.883751	-0.398560	0.245222
18089	11.920622	8.034854	0.789948	-1.484674	-3.822907	1.782954	-0.187280	0.090872	0.978094	-0.425872	-0.904780	0.002517	0.885189	-0.416072	0.208147
18090	10.450858	2.416935	-3.850387	-2.408860	-3.155657	2.037940	-0.168263	0.058949	0.983978	-0.443468	-0.896016	-0.022155	0.880354	-0.440091	0.176908
18091	10.652737	-2.955817	-4.518814	-1.766741	-1.624416	1.944612	-0.162718	0.034255	0.986078	-0.455711	-0.889024	-0.044316	0.875129	-0.456577	0.160271
18092	9.479310	-7.079788	-3.943087	-1.313991	-0.548548	0.742960	-0.161342	0.025074	0.986580	-0.465925	-0.883190	-0.053749	0.869990	-0.468344	0.154179
18093	8.383715	-6.684412	-1.333305	-0.305741	-0.612756	-0.281524	-0.154660	0.024607	0.987661	-0.468982	-0.881707	-0.051472	0.869561	-0.471156	0.147905
18094	8.228244	-4.657938	-0.663486	0.460327	-1.284979	-0.710845	-0.140124	0.024791	0.989824	-0.465970	-0.883714	-0.043832	0.873634	-0.467370	0.135382
18095	8.273597	-2.723216	-1.125629	0.991498	-1.805123	-0.900384	-0.120094	0.024317	0.992465	-0.458398	-0.888107	-0.033709	0.880596	-0.458992	0.117803
18096	9.434079	-0.564464	-1.730612	1.232831	-1.761558	-1.146277	-0.099301	0.026475	0.994705	-0.448707	-0.893432	-0.021014	0.888145	-0.448418	0.100598
18097	10.020820	1.494982	-1.483556	1.357847	-1.284947	-1.199365	-0.082485	0.031443	0.996096	-0.437641	-0.899115	-0.007859	0.895358	-0.436581	0.087924
18098	9.980851	2.964115	-0.351207	1.258072	-1.039196	-1.127209	-0.068258	0.037067	0.996979	-0.427142	-0.904174	0.004372	0.901604	-0.425553	0.077550
18099	10.021651	3.687699	0.292031	0.945879	-1.042238	-0.896612	-0.054993	0.040706	0.997657	-0.419098	-0.907834	0.013940	0.906274	-0.417349	0.066984
18100	9.421161	3.483642	0.770218	0.438988	-1.130129	-0.450369	-0.042842	0.040043	0.998279	-0.415291	-0.909497	0.018659	0.908679	-0.413777	0.055594
18101	9.502057	1.903798	0.977439	-0.070597	-1.446035	0.096493	-0.030046	0.033091	0.999001	-0.415851	-0.909262	0.017612	0.908936	-0.414906	0.041080
18102	10.020477	-0.008886	0.464055	-0.281688	-1.657146	0.584988	-0.017412	0.020815	0.999632	-0.418229	-0.908267	0.011628	0.908175	-0.417873	0.024521
18103	9.855827	-1.775128	-0.242057	-0.247593	-1.562757	0.765414	-0.006381	0.007237	0.999953	-0.420341	-0.907358	0.003885	0.907344	-0.420297	0.008832
18104	10.100176	-3.215681	-0.381662	-0.032441	-1.203620	0.415553	0.002809	-0.001653	0.999995	-0.420587	-0.907252	-0.000318	0.907248	-0.420583	-0.003244
18105	9.605421	-3.039937	0.088646	0.553710	-0.957735	-0.251232	0.012612	-0.003461	0.999914	-0.415494	-0.909593	0.002092	0.909508	-0.415485	-0.012910
18106	8.784776	-1.196834	0.450853	1.055774	-1.182052	-0.719780	0.026360	-0.001812	0.999651	-0.405689	-0.913967	0.009041	0.913631	-0.405786	-0.024827
18107	9.502198	0.628313	0.152984	1.188020	-1.490038	-0.839800	0.043415	-0.000172	0.999057	-0.394473	-0.918750	0.016984	0.917881	-0.394839	-0.039955
18108	9.914828	2.324399	-0.504390	1.178490	-1.442017	-0.710650	0.059461	0.000699	0.998230	-0.383228	-0.923355	0.023474	0.921738	-0.383946	-0.054635
18109	10.363716	3.342741	-0.328003	0.898886	-1.190745	-0.453971	0.072224	0.000290	0.997388	-0.374590	-0.926786	0.027395	0.924373	-0.375590	-0.066827
18110	10.592227	3.390489	0.036514	0.534794	-1.155037	-0.103246	0.083311	-0.003120	0.996519	-0.369524	-0.928799	0.027985	0.925479	-0.370570	-0.078532
18111	10.439541	2.532655	0.072825	0.173413	-1.158470	0.098148	0.093721	-0.008392	0.995563	-0.367966	-0.929453	0.026805	0.925104	-0.368845	-0.090198
18112	10.031292	1.571599	0.246197	0.023189	-0.970312	0.026027	0.102618	-0.012269	0.994645	-0.367739	-0.929552	0.026473	0.924250	-0.368487	-0.099900
18113	9.824348	0.991710	0.713469	-0.049457	-0.883082	-0.086027	0.111143	-0.014796	0.993694	-0.368064	-0.929399	0.027329	0.923134	-0.368781	-0.108742
18114	10.145726	0.335118	0.777934	-0.166242	-0.949702	0.006411	0.119898	-0.018423	0.992615	-0.369568	-0.928799	0.027402	0.921436	-0.370125	-0.118170
18115	10.344877	-0.645080	0.562234	-0.280883	-0.892354	0.252157	0.127222	-0.024145	0.991580	-0.372427	-0.927720	0.025193	0.919300	-0.372496	-0.127019
18116	9.964731	-1.704601	0.573726	-0.161760	-0.686755	0.396389	0.132069	-0.030442	0.990773	-0.374391	-0.927024	0.021423	0.917818	-0.373765	-0.133829
18117	9.000692	-2.139528	0.515100	0.172502	-0.620551	0.174884	0.137151	-0.034447	0.989951	-0.373006	-0.927626	0.019399	0.917636	-0.371918	-0.140074
18118	8.483225	-1.271672	0.323997	0.637332	-0.829333	-0.288438	0.145852	-0.034885	0.988691	-0.366710	-0.930092	0.021280	0.918831	-0.365667	-0.148449
18119	8.563223	0.678835	-0.387913	0.870753	-1.141688	-0.623193	0.158642	-0.033277	0.986775	-0.357718	-0.933467	0.026031	0.920256	-0.357117	-0.159991
18120	9.317239	2.470124	-1.631108	0.789255	-1.166850	-0.675013	0.171792	-0.031145	0.984641	-0.349302	-0.936487	0.031321	0.921128	-0.349317	-0.171759
18121	9.715811	3.594908	-1.798749	0.546220	-0.933574	-0.370384	0.181710	-0.030976	0.982864	-0.343580	-0.938510	0.033942	0.921376	-0.343860	-0.181180
18122	9.305123	3.139119	-1.211104	0.178761	-0.956840	-0.019357	0.190608	-0.034133	0.981073	-0.341864	-0.939143	0.033745	0.920216	-0.341826	-0.190677
18123	9.553368	1.952326	-1.527554	-0.087856	-1.226714	0.173252	0.201323	-0.040015	0.978707	-0.342977	-0.938793	0.032169	0.917516	-0.342150	-0.202725
18124	10.127352	0.593020	-2.184455	-0.266448	-1.252632	0.383210	0.211494	-0.047966	0.976202	-0.346176	-0.937724	0.028924	0.914020	-0.344055	-0.214928
18125	10.216696	-1.405893	-2.339723	-0.345103	-1.101800	0.591243	0.219522	-0.057368	0.973919	-0.350566	-0.936234	0.023870	0.910447	-0.346663	-0.225636
18126	10.185180	-3.354107	-1.804547	-0.237116	-0.859765	0.674074	0.224983	-0.066720	0.972076	-0.354188	-0.935005	0.017800	0.907708	-0.348302	-0.233991
18127	9.985907	-4.442379	-0.952093	0.135819	-0.607593	0.464725	0.228882	-0.073240	0.970695	-0.353979	-0.935164	0.012906	0.906814	-0.346560	-0.239968
18128	9.642358	-3.776530	0.360316	0.780272	-0.464813	-0.037203	0.233251	-0.074542	0.969555	-0.346780	-0.937878	0.011320	0.908481	-0.338863	-0.244611
18129	9.134770	-1.644981	1.607256	1.444080	-0.464300	-0.483186	0.239143	-0.071611	0.968340	-0.332461	-0.943036	0.012365	0.912294	-0.324892	-0.249328
18130	8.890590	-0.012207	1.640671	1.817893	-0.750097	-0.693174	0.248264	-0.067480	0.966339	-0.314119	-0.949274	0.014413	0.916348	-0.307124	-0.256867
18131	8.887605	1.174299	0.120095	1.850502	-1.348592	-0.553873	0.262341	-0.066292	0.962696	-0.295697	-0.955167	0.014805	0.918554	-0.288550	-0.270182
18132	9.753575	1.405390	-2.656793	1.559359	-1.683219	0.018824	0.277771	-0.071250	0.958001	-0.281395	-0.959538	0.010225	0.918510	-0.272417	-0.286581
18133	9.928313	0.222492	-3.856461	1.471211	-1.389771	0.576000	0.288965	-0.080532	0.953947	-0.269484	-0.963005	0.000334	0.918628	-0.257170	-0.299976
18134	9.931808	-0.671789	-3.034123	1.482943	-1.212935	0.387417	0.299114	-0.087351	0.950211	-0.256969	-0.966387	-0.007948	0.918966	-0.241798	-0.311506
18135	11.435922	0.098727	-2.069844	1.400206	-1.225195	0.076777	0.310195	-0.091032	0.946304	-0.244309	-0.969608	-0.013190	0.918745	-0.227100	-0.323008
18136	13.599772	0.551087	-0.708566	1.065662	-0.974753	0.192921	0.318711	-0.095118	0.943067	-0.235101	-0.971794	-0.018562	0.918232	-0.215800	-0.332084
18137	14.160133	-0.291886	0.582083	0.889589	-0.608445	0.355892	0.323484	-0.099925	0.940943	-0.228048	-0.973330	-0.024964	0.918342	-0.206504	-0.337645
18138	13.422024	-1.026409	1.774669	0.949547	-0.096021	0.401758	0.323492	-0.104086	0.940489	-0.220592	-0.974841	-0.032012	0.920159	-0.197108	-0.338314
18139	13.049408	-1.575818	3.359087	0.886905	0.370959	0.584717	0.318797	-0.109131	0.941519	-0.214268	-0.975932	-0.040569	0.923286	-0.188804	-0.334507
18140	12.283425	-2.385260	3.734067	0.823082	0.604068	0.807815	0.311525	-0.115953	0.943137	-0.209172	-0.976550	-0.050969	0.926930	-0.181399	-0.328474
