// General information: 
//  MT Manager version: 2022.2.0 
//  XDA version: 2022.2.0 build 7381 rev 124627 built on 2023-07-19
// Device information: 
//  DeviceId: 00B4CB9F
//  ProductCode: MTW2-3A7G6
//  Firmware Version: 4.6.0
//  Hardware Version: 2.0.0
// Device settings: 
//  Filter Profile: human(46.1)
//  Option Flags: Orientation Smoother Disabled, Position/Velocity Smoother Disabled, Continuous Zero Rotation Update Disabled, AHS Disabled, ICC Disabled
// Coordinate system: ENU
PacketCounter	Acc_X	Acc_Y	Acc_Z	Gyr_X	Gyr_Y	Gyr_Z	Mat[1][1]	Mat[2][1]	Mat[3][1]	Mat[1][2]	Mat[2][2]	Mat[3][2]	Mat[1][3]	Mat[2][3]	Mat[3][3]
00578	9.855224	0.131219	0.256820	-0.230998	0.020968	-0.023397	-0.079085	0.048537	0.995686	-0.441332	-0.897302	0.008687	0.893852	-0.438741	0.092384
00579	9.817922	-0.012442	0.244724	-0.242765	0.018199	-0.018513	-0.079149	0.048723	0.995671	-0.443471	-0.896247	0.008605	0.892787	-0.440870	0.092544
00580	9.769648	-0.177852	0.227803	-0.231373	0.016382	-0.015808	-0.079141	0.048836	0.995666	-0.445502	-0.895241	0.008499	0.891776	-0.442898	0.092607
00581	9.726267	-0.241435	0.249320	-0.216156	0.000424	-0.024158	-0.079021	0.048994	0.995668	-0.447403	-0.894292	0.008497	0.890835	-0.444794	0.092588
00582	9.764735	-0.264367	0.278268	-0.194106	-0.000669	-0.034356	-0.078781	0.049196	0.995677	-0.449118	-0.893431	0.008609	0.889992	-0.446499	0.092480
00583	9.774720	-0.238587	0.425912	-0.164250	-0.006361	-0.040310	-0.078527	0.049467	0.995684	-0.450567	-0.892699	0.008816	0.889282	-0.447930	0.092389
00584	9.805331	-0.210912	0.507234	-0.140444	-0.012574	-0.041408	-0.078152	0.049679	0.995703	-0.451811	-0.892068	0.009046	0.888684	-0.449163	0.092163
00585	9.834297	-0.213791	0.605527	-0.111836	-0.002649	-0.034431	-0.077957	0.049914	0.995706	-0.452788	-0.891570	0.009244	0.888204	-0.450123	0.092105
00586	9.784502	-0.186164	0.753558	-0.070197	0.005949	-0.029771	-0.077793	0.050103	0.995710	-0.453389	-0.891263	0.009425	0.887911	-0.450711	0.092050
00587	9.698045	-0.113538	0.765122	-0.022225	-0.000979	-0.030178	-0.077631	0.050307	0.995712	-0.453566	-0.891170	0.009662	0.887835	-0.450871	0.092000
00588	9.719156	0.123219	0.796586	0.023875	-0.013630	-0.035571	-0.077268	0.050458	0.995733	-0.453338	-0.891283	0.009986	0.887983	-0.450632	0.091742
00589	9.714132	0.247058	0.906444	0.017695	-0.006146	-0.030606	-0.077059	0.050643	0.995740	-0.453160	-0.891370	0.010265	0.888092	-0.450439	0.091637
00590	9.673877	0.255037	0.983907	-0.002482	-0.006195	-0.016378	-0.076850	0.050657	0.995755	-0.453153	-0.891372	0.010373	0.888114	-0.450433	0.091458
00591	9.647270	0.122604	1.024962	-0.006363	-0.006859	-0.006321	-0.076745	0.050622	0.995765	-0.453171	-0.891363	0.010388	0.888114	-0.450454	0.091348
00592	9.651100	0.013877	1.149132	0.018229	0.003539	-0.004035	-0.076677	0.050572	0.995773	-0.452962	-0.891469	0.010396	0.888226	-0.450250	0.091262
00593	9.625074	-0.098891	1.228500	0.045647	0.008896	0.004827	-0.076762	0.050509	0.995769	-0.452509	-0.891700	0.010347	0.888450	-0.449801	0.091304
00594	9.657281	-0.255941	1.235177	0.076744	0.019668	0.018173	-0.076942	0.050330	0.995764	-0.451777	-0.892073	0.010180	0.888807	-0.449080	0.091376
00595	9.672703	-0.345579	1.222418	0.127083	0.037938	0.030131	-0.077399	0.050171	0.995737	-0.450580	-0.892681	0.009954	0.889374	-0.447889	0.091699
00596	9.773125	-0.303685	1.314609	0.168757	0.055216	0.030353	-0.077952	0.050045	0.995700	-0.449011	-0.893473	0.009754	0.890120	-0.446320	0.092119
00597	9.823378	-0.288954	1.248673	0.215323	0.097250	0.034186	-0.078955	0.050112	0.995618	-0.447022	-0.894472	0.009571	0.891032	-0.444307	0.093024
00598	9.842804	-0.087222	1.163005	0.259457	0.123636	0.030614	-0.080120	0.050283	0.995516	-0.444640	-0.895660	0.009454	0.892119	-0.441888	0.094118
00599	9.917749	0.210383	1.008142	0.289269	0.152513	0.030987	-0.081602	0.050617	0.995379	-0.441988	-0.896972	0.009378	0.893302	-0.439180	0.095567
00600	9.675757	0.539783	0.810266	0.287436	0.215933	0.014343	-0.083523	0.051332	0.995183	-0.439360	-0.898261	0.009459	0.894420	-0.436454	0.097578
00601	9.815881	0.833589	0.968351	0.248140	0.174090	-0.026598	-0.084947	0.052269	0.995014	-0.437117	-0.899350	0.009926	0.895384	-0.434094	0.099245
00602	9.486382	1.002488	0.226902	0.149556	0.167679	-0.048107	-0.086165	0.053328	0.994853	-0.435775	-0.899995	0.010500	0.895922	-0.432627	0.100786
00603	10.007098	0.986581	0.572354	-0.002101	0.126997	-0.028507	-0.087161	0.054074	0.994726	-0.435773	-0.899992	0.010740	0.895826	-0.432539	0.102008
00604	10.139503	0.703692	0.241041	-0.143425	0.070046	0.001065	-0.087715	0.054271	0.994666	-0.437008	-0.899396	0.010535	0.895170	-0.433753	0.102607
00605	10.078534	0.304433	-0.139921	-0.204602	0.069467	0.018086	-0.088399	0.054350	0.994601	-0.438778	-0.898539	0.010103	0.894237	-0.435516	0.103277
00606	9.914992	0.022945	-0.120173	-0.243454	0.027003	0.013429	-0.088618	0.054249	0.994587	-0.440896	-0.897506	0.009669	0.893173	-0.437653	0.103453
00607	9.906104	-0.244332	-0.310283	-0.266686	-0.031774	0.026656	-0.088436	0.053810	0.994627	-0.443208	-0.896373	0.009087	0.892046	-0.440024	0.103120
00608	9.887353	-0.409444	-0.287959	-0.237101	-0.042022	0.044419	-0.088179	0.053128	0.994687	-0.445242	-0.895371	0.008353	0.891058	-0.442139	0.102608
00609	9.767513	-0.566205	-0.191113	-0.154724	-0.058091	0.039312	-0.087821	0.052459	0.994754	-0.446541	-0.894730	0.007762	0.890443	-0.443516	0.102001
00610	9.748059	-0.519108	-0.111848	-0.046794	-0.063798	0.004236	-0.087186	0.052035	0.994832	-0.446907	-0.894548	0.007623	0.890322	-0.443933	0.101247
00611	9.661064	-0.302273	0.294620	0.035599	-0.069430	-0.024670	-0.086441	0.051888	0.994905	-0.446567	-0.894716	0.007863	0.890565	-0.443612	0.100512
00612	9.676222	-0.124588	0.495631	0.055896	-0.095523	-0.025438	-0.085389	0.051586	0.995011	-0.446043	-0.894975	0.008121	0.890929	-0.443124	0.099431
00613	9.716391	-0.065132	0.663740	0.067145	-0.099855	-0.012760	-0.084426	0.051198	0.995114	-0.445411	-0.895288	0.008273	0.891337	-0.442536	0.098390
00614	9.718255	-0.000868	0.765236	0.129675	-0.090510	-0.020931	-0.083440	0.050878	0.995213	-0.444229	-0.895872	0.008555	0.892019	-0.441389	0.097353
00615	9.772087	0.132300	0.957401	0.173895	-0.095584	-0.021007	-0.082477	0.050585	0.995308	-0.442650	-0.896650	0.008890	0.892893	-0.439840	0.096344
00616	9.795849	0.219366	1.029558	0.189784	-0.091162	0.003295	-0.081590	0.050049	0.995409	-0.440904	-0.897509	0.008987	0.893838	-0.438147	0.095294
00617	9.866294	0.229012	1.079008	0.197477	-0.085579	0.032064	-0.080949	0.049327	0.995497	-0.439068	-0.898411	0.008813	0.894800	-0.436377	0.094383
00618	9.797028	0.229932	1.103136	0.217938	-0.066544	0.043569	-0.080458	0.048541	0.995575	-0.437034	-0.899404	0.008533	0.895839	-0.434414	0.093578
00619	9.793085	0.338691	1.114649	0.234001	-0.057969	0.038608	-0.080090	0.047882	0.995637	-0.434861	-0.900459	0.008325	0.896929	-0.432297	0.092940
00620	9.780367	0.443829	1.014904	0.213993	-0.052496	0.038624	-0.079700	0.047204	0.995701	-0.432863	-0.901423	0.008086	0.897929	-0.430358	0.092277
00621	9.763698	0.500865	1.040465	0.158861	-0.047670	0.041429	-0.079434	0.046566	0.995752	-0.431359	-0.902147	0.007778	0.898677	-0.428909	0.091747
00622	9.731269	0.433617	1.024623	0.091040	-0.039844	0.043160	-0.079178	0.045904	0.995803	-0.430464	-0.902577	0.007379	0.899128	-0.428073	0.091224
00623	9.767091	0.333048	0.994661	0.030210	-0.040008	0.042055	-0.078982	0.045293	0.995847	-0.430115	-0.902748	0.006946	0.899313	-0.427780	0.090782
00624	9.863523	0.237916	0.911866	-0.005739	-0.035416	0.033197	-0.078722	0.044742	0.995892	-0.430096	-0.902759	0.006560	0.899344	-0.427813	0.090310
00625	9.940040	0.151692	0.842242	-0.023780	-0.015801	0.019719	-0.078647	0.044436	0.995912	-0.430250	-0.902688	0.006300	0.899277	-0.427995	0.090113
00626	10.022963	0.198923	0.795630	-0.028503	0.002960	-0.000595	-0.078589	0.044355	0.995920	-0.430468	-0.902584	0.006230	0.899178	-0.428222	0.090026
00627	10.057431	0.305516	0.881496	-0.060163	0.030897	-0.002679	-0.078837	0.044452	0.995896	-0.430966	-0.902347	0.006160	0.898918	-0.428712	0.090296
00628	9.816877	0.408108	0.521761	-0.092255	0.054061	-0.011041	-0.079192	0.044686	0.995857	-0.431758	-0.901969	0.006139	0.898507	-0.429483	0.090722
00629	9.712519	0.552147	0.659169	-0.110383	0.057571	-0.040467	-0.079516	0.045238	0.995807	-0.432737	-0.901498	0.006399	0.898007	-0.430413	0.091260
00630	9.491103	0.809901	0.180452	-0.144219	0.021858	-0.076097	-0.079296	0.045919	0.995793	-0.434049	-0.900862	0.006977	0.897393	-0.431670	0.091366
00631	9.825626	0.994070	0.419324	-0.180863	0.032557	-0.111392	-0.079087	0.047003	0.995759	-0.435715	-0.900050	0.007879	0.896603	-0.433244	0.091662
00632	9.964144	1.246382	0.545677	-0.230238	0.045829	-0.153464	-0.078739	0.048486	0.995715	-0.437857	-0.898998	0.009151	0.895590	-0.435260	0.092016
00633	9.968265	1.244677	0.775854	-0.340758	0.104363	-0.146446	-0.079012	0.050197	0.995609	-0.440977	-0.897460	0.010252	0.894034	-0.438231	0.093046
00634	9.897759	0.746337	1.156374	-0.509343	0.099376	-0.050416	-0.079589	0.050995	0.995523	-0.445524	-0.895211	0.010238	0.891725	-0.442715	0.093968
00635	10.368049	0.007986	1.422904	-0.539494	0.031226	0.026424	-0.079969	0.050837	0.995500	-0.450264	-0.892846	0.009425	0.889307	-0.447484	0.094290
00636	10.974405	-0.516297	1.915705	-0.334304	0.108967	0.014003	-0.080911	0.051111	0.995410	-0.453173	-0.891378	0.008934	0.887743	-0.450370	0.095285
00637	10.853529	-0.535963	2.898412	0.005759	0.324834	-0.078379	-0.083423	0.053212	0.995092	-0.453142	-0.891386	0.009677	0.887526	-0.450111	0.098475
00638	10.564820	-0.289989	3.874668	0.195509	0.432941	-0.116324	-0.086656	0.056102	0.994657	-0.451456	-0.892226	0.010993	0.888076	-0.448091	0.102644
00639	9.984010	-0.314092	4.409687	0.096656	0.497341	0.012697	-0.091114	0.058154	0.994141	-0.450542	-0.892689	0.010927	0.888094	-0.446906	0.107537
00640	9.703717	-0.617511	4.929157	-0.044089	0.522863	0.108958	-0.096172	0.059431	0.993589	-0.450774	-0.892585	0.009758	0.887442	-0.446945	0.112632
00641	9.532113	-0.765257	5.184775	-0.034972	0.589462	0.092057	-0.101800	0.061184	0.992922	-0.450948	-0.892507	0.008762	0.886726	-0.446864	0.118448
00642	9.029564	-0.774397	5.210842	0.127364	0.714234	0.010673	-0.108123	0.064191	0.992063	-0.449761	-0.893106	0.008770	0.886580	-0.445243	0.125436
00643	8.656537	-0.469309	5.225259	0.320001	0.810666	-0.078799	-0.114943	0.068431	0.991012	-0.446965	-0.894496	0.009925	0.887136	-0.441807	0.133403
00644	9.059889	-0.015155	5.661014	0.417734	0.892603	-0.198171	-0.121937	0.074051	0.989772	-0.443437	-0.896220	0.012422	0.887973	-0.437386	0.142119
00645	9.736506	0.426969	6.240767	0.451600	1.074290	-0.311583	-0.130087	0.081459	0.988151	-0.439771	-0.897965	0.016129	0.888639	-0.432462	0.152637
00646	9.714801	0.908391	6.107164	0.594138	1.336548	-0.445780	-0.139986	0.091129	0.985951	-0.435042	-0.900155	0.021432	0.889462	-0.425930	0.165654
00647	7.934888	1.566480	4.377084	0.920351	1.482282	-0.703463	-0.150133	0.103654	0.983217	-0.427820	-0.903369	0.029910	0.891308	-0.416149	0.179971
00648	6.148408	2.424373	2.018009	1.344126	1.277050	-1.139359	-0.156706	0.119140	0.980433	-0.417514	-0.907626	0.043560	0.895056	-0.402518	0.191974
00649	6.548013	4.399103	0.500931	1.279803	0.884222	-1.827707	-0.157068	0.139199	0.977729	-0.408853	-0.910359	0.063927	0.898982	-0.389706	0.199900
00650	9.102859	7.279890	0.512353	0.162503	0.858950	-2.277753	-0.155429	0.163191	0.974274	-0.410903	-0.907570	0.086465	0.898332	-0.386893	0.208118
00651	10.549542	7.758877	1.139212	-1.182772	1.015126	-1.204497	-0.159473	0.177997	0.971023	-0.423338	-0.900912	0.095619	0.891826	-0.395822	0.219024
00652	9.244417	5.516318	1.878473	-1.785725	0.273569	0.261743	-0.162997	0.176723	0.970670	-0.438720	-0.894193	0.089129	0.883718	-0.411325	0.223282
00653	10.018072	3.926245	2.002147	-3.041695	-0.459598	0.649631	-0.161882	0.168938	0.972242	-0.464302	-0.882408	0.076021	0.870757	-0.439108	0.221285
00654	10.062841	1.843018	-0.087689	-4.247171	-0.713483	0.870805	-0.159897	0.158043	0.974400	-0.499431	-0.864394	0.058245	0.851470	-0.477332	0.217146
00655	10.547035	-0.672624	-4.497524	-4.032620	-0.470458	1.336142	-0.162813	0.144222	0.976059	-0.531167	-0.846482	0.036474	0.831477	-0.512512	0.214424
00656	10.260680	-2.894133	-4.282459	-3.362831	0.597411	1.463061	-0.175633	0.135067	0.975146	-0.556285	-0.830858	0.014889	0.812219	-0.539844	0.221062
00657	8.663666	-4.106045	-2.689137	-2.648543	0.679229	0.719961	-0.185165	0.132810	0.973692	-0.576240	-0.817278	0.001893	0.796029	-0.560729	0.227862
00658	8.146802	-4.451737	-2.395855	-1.747316	-0.114902	-0.067781	-0.183809	0.132658	0.973969	-0.590143	-0.807298	-0.001416	0.786095	-0.575041	0.226676
00659	8.811151	-3.688635	-2.754171	-1.083025	-0.534233	-0.403046	-0.177222	0.132739	0.975178	-0.599311	-0.800517	0.000050	0.780653	-0.584426	0.221421
00660	9.147895	-3.197509	-2.933648	-0.942343	-0.658276	-0.253069	-0.170518	0.130812	0.976633	-0.607042	-0.794669	0.000451	0.776159	-0.592781	0.214914
00661	9.826072	-3.549606	-2.520063	-0.887365	-0.656595	0.079861	-0.165919	0.126200	0.978031	-0.613733	-0.789510	-0.002243	0.771882	-0.600622	0.208448
00662	9.846892	-4.177875	-2.179423	-0.589392	-0.589622	0.224126	-0.162697	0.120786	0.979255	-0.617865	-0.786264	-0.005673	0.769268	-0.605970	0.202552
00663	9.986961	-4.319271	-1.085001	-0.176982	-0.594057	0.236729	-0.159588	0.115258	0.980432	-0.618802	-0.785502	-0.008382	0.769166	-0.608031	0.196679
00664	9.905830	-4.154109	-0.293565	0.175047	-0.640125	0.327753	-0.156624	0.108681	0.981661	-0.616894	-0.786965	-0.011299	0.771305	-0.607350	0.190302
00665	9.566996	-4.077089	0.002109	0.465254	-0.754497	0.466099	-0.153650	0.100371	0.983014	-0.612531	-0.790304	-0.015047	0.775369	-0.604438	0.182911
00666	9.876375	-3.928746	0.191496	0.801056	-0.922838	0.497212	-0.149438	0.090751	0.984598	-0.605500	-0.795629	-0.018567	0.781690	-0.598948	0.173847
00667	10.827363	-3.372306	0.383507	1.285715	-1.029531	0.402046	-0.143750	0.081356	0.986264	-0.594758	-0.803646	-0.020395	0.790948	-0.589520	0.163911
00668	11.345348	-2.217416	0.853169	1.878784	-0.945199	0.203395	-0.137355	0.074068	0.987749	-0.579453	-0.814773	-0.019481	0.803348	-0.575030	0.154832
00669	11.286022	-0.645287	1.693723	2.591933	-0.723290	-0.125887	-0.130764	0.070957	0.988871	-0.558551	-0.829346	-0.014350	0.819098	-0.554212	0.148081
00670	10.651005	1.555072	1.998501	3.531557	-0.485837	-0.639322	-0.123199	0.073557	0.989652	-0.530040	-0.847968	-0.002957	0.838976	-0.524919	0.143457
00671	10.315706	4.587549	1.787424	4.549823	-0.094517	-1.423791	-0.115099	0.085249	0.989689	-0.492980	-0.869863	0.017595	0.862394	-0.485872	0.142146
00672	10.638451	10.174124	1.178936	4.843779	0.916417	-2.265776	-0.112319	0.109319	0.987641	-0.453199	-0.890170	0.046990	0.884305	-0.442320	0.149526
00673	10.881804	16.586443	4.458306	2.909598	2.482955	-1.385006	-0.128275	0.132287	0.982876	-0.428942	-0.900970	0.065282	0.894178	-0.413223	0.172315
00674	4.159900	14.531106	7.823959	-0.047630	0.195970	0.308050	-0.131266	0.130235	0.982755	-0.428919	-0.901203	0.062137	0.893755	-0.413366	0.174158
00675	8.576553	11.416058	3.553512	-0.955727	-2.345043	0.966254	-0.114483	0.111653	0.987131	-0.436222	-0.898391	0.051024	0.892527	-0.424767	0.151556
00676	10.193554	8.684349	1.819177	-2.858931	-1.872757	1.288847	-0.103557	0.091894	0.990369	-0.460134	-0.887190	0.034207	0.881790	-0.452160	0.134159
00677	9.555423	4.218124	0.768132	-3.924172	-1.642101	1.115503	-0.094519	0.074313	0.992746	-0.493258	-0.869694	0.018139	0.864733	-0.487966	0.118858
00678	9.760173	2.110881	0.081799	-4.577719	-1.866629	1.226786	-0.084770	0.054273	0.994921	-0.531209	-0.847240	0.000956	0.842989	-0.528430	0.100651
00679	10.818617	-0.778636	-2.293140	-4.993648	-1.698930	1.764528	-0.080386	0.030153	0.996308	-0.571165	-0.820560	-0.021249	0.816890	-0.570764	0.083184
00680	11.294842	-4.980846	-3.955508	-4.373338	-0.690239	2.767465	-0.091002	0.003709	0.995844	-0.603938	-0.795318	-0.052227	0.791819	-0.606181	0.074616
00681	8.608465	-9.188515	-3.917882	-3.458828	0.528886	2.365562	-0.109709	-0.011637	0.993896	-0.628538	-0.773813	-0.078440	0.770003	-0.633307	0.077580
00682	4.790833	-11.097791	-2.368696	-1.530852	0.297755	0.759719	-0.116683	-0.015625	0.993046	-0.639347	-0.763964	-0.087144	0.760013	-0.645070	0.079152
00683	5.258080	-7.759088	-1.325000	-0.568745	-1.200788	-0.384171	-0.105104	-0.020529	0.994249	-0.644050	-0.760382	-0.083784	0.757729	-0.649152	0.066697
00684	8.271518	-7.274194	-3.222396	0.029480	-1.526432	-0.355914	-0.091149	-0.027810	0.995449	-0.644138	-0.760690	-0.080232	0.759459	-0.648520	0.051423
00685	8.632862	-5.586801	-2.856977	0.645830	-0.658956	-0.092951	-0.085530	-0.031420	0.995840	-0.639261	-0.764917	-0.079038	0.764218	-0.643362	0.045338
00686	8.137095	-4.415485	-1.547673	0.838981	-0.535286	0.213776	-0.082713	-0.036588	0.995902	-0.632610	-0.770240	-0.080838	0.770041	-0.636704	0.040563
00687	8.588239	-3.972645	-1.936496	1.212886	-0.789176	0.121479	-0.077363	-0.042578	0.996093	-0.623084	-0.777883	-0.081643	0.778320	-0.626966	0.033650
00688	9.312612	-2.799030	-1.369344	1.759110	-0.792431	-0.284253	-0.069333	-0.045377	0.996561	-0.609462	-0.788937	-0.078325	0.789778	-0.612797	0.027043
00689	10.015781	-1.416225	-0.387402	2.144210	-0.871309	-0.647724	-0.058493	-0.045549	0.997248	-0.592757	-0.802209	-0.071409	0.803254	-0.595303	0.019924
00690	10.786973	0.121651	0.613790	2.247408	-0.787010	-0.819369	-0.047269	-0.043657	0.997928	-0.574951	-0.815765	-0.062921	0.816821	-0.576734	0.013460
00691	11.301910	1.370957	1.821701	1.962407	-0.485362	-0.671577	-0.039461	-0.040961	0.998381	-0.559062	-0.827230	-0.056036	0.828187	-0.560368	0.009743
00692	12.399274	1.845674	4.041986	1.388917	-0.373581	-0.122690	-0.035603	-0.042130	0.998478	-0.547514	-0.835003	-0.054755	0.836039	-0.548630	0.006661
00693	12.142231	1.352336	5.067192	0.528833	-0.552018	0.361853	-0.032942	-0.048234	0.998293	-0.542921	-0.837751	-0.058393	0.839137	-0.543918	0.001410
00694	11.247959	0.454269	4.112403	0.106531	-0.658808	0.463451	-0.029862	-0.055799	0.997995	-0.541845	-0.838108	-0.063073	0.839948	-0.542643	-0.005207
00695	10.604078	0.105744	3.714936	0.348086	-0.487713	0.259878	-0.027155	-0.060680	0.997788	-0.538804	-0.839862	-0.065739	0.841993	-0.539398	-0.009888
00696	9.964318	0.394388	4.181820	0.408081	-0.361214	-0.076336	-0.023646	-0.062071	0.997792	-0.535347	-0.842122	-0.065074	0.844301	-0.535703	-0.013317
00697	9.919050	0.486963	4.220718	-0.096764	-0.537875	-0.081258	-0.018660	-0.064331	0.997754	-0.536141	-0.841676	-0.064295	0.843922	-0.536137	-0.018785
00698	10.240628	-0.313115	2.990214	-0.890886	-0.722244	0.105098	-0.013107	-0.069190	0.997517	-0.543585	-0.836819	-0.065186	0.839252	-0.543090	-0.026642
00699	10.894994	-1.509564	1.194271	-1.084294	-0.555410	0.295273	-0.010071	-0.074754	0.997151	-0.552581	-0.830692	-0.067856	0.833398	-0.551690	-0.032942
00700	9.613127	-1.983562	-0.241932	-0.871403	-0.133472	0.248118	-0.010309	-0.077626	0.996929	-0.559761	-0.825686	-0.070080	0.828590	-0.558764	-0.034940
00701	9.197773	-1.983872	-0.945727	-0.675121	-0.297920	-0.058758	-0.007507	-0.078876	0.996856	-0.565309	-0.821963	-0.069295	0.824845	-0.564052	-0.038419
00702	9.928724	-1.615354	-2.325334	-0.354531	-0.465084	-0.312200	-0.001876	-0.079022	0.996871	-0.568209	-0.820226	-0.066089	0.822882	-0.566555	-0.043362
00703	10.045888	-1.133299	-2.738312	-0.179620	-0.326984	-0.333176	0.002716	-0.078207	0.996933	-0.569647	-0.819492	-0.062735	0.821885	-0.567730	-0.046776
00704	9.665035	-1.329116	-2.292267	-0.176243	-0.345820	-0.073143	0.006008	-0.079659	0.996804	-0.571056	-0.818568	-0.061974	0.820889	-0.568859	-0.050408
00705	9.253508	-2.146293	-2.644600	-0.182116	-0.449406	0.137693	0.008915	-0.083406	0.996476	-0.572523	-0.817441	-0.063299	0.819840	-0.569941	-0.055039
00706	8.718854	-2.838037	-2.693906	-0.012739	-0.435080	0.234278	0.011177	-0.087893	0.996067	-0.572617	-0.817188	-0.065683	0.819747	-0.569631	-0.059463
00707	8.396536	-3.311583	-2.109943	0.206363	-0.462404	0.240747	0.013602	-0.092552	0.995615	-0.570917	-0.818165	-0.068257	0.820895	-0.567485	-0.063968
00708	8.245718	-3.543090	-1.594321	0.462587	-0.556612	0.147306	0.017377	-0.097010	0.995132	-0.567102	-0.820659	-0.070098	0.823464	-0.563123	-0.069275
00709	8.486004	-3.207935	-1.178079	0.716195	-0.683459	-0.078301	0.023469	-0.100253	0.994685	-0.561138	-0.824767	-0.069888	0.827390	-0.556515	-0.075612
00710	9.010905	-2.098153	-0.676463	0.891245	-0.773600	-0.301557	0.031603	-0.102144	0.994267	-0.553625	-0.830012	-0.067672	0.832166	-0.548313	-0.082781
00711	9.709775	-0.921066	-0.193097	0.933029	-0.793758	-0.538032	0.041194	-0.102043	0.993927	-0.545606	-0.835657	-0.063180	0.837029	-0.539690	-0.090099
00712	10.116736	0.300871	0.290852	0.950028	-0.741356	-0.809148	0.051832	-0.099339	0.993703	-0.537220	-0.841574	-0.056109	0.841848	-0.530929	-0.096987
00713	10.057491	1.295365	1.037621	0.848235	-0.563434	-0.982959	0.061840	-0.094071	0.993643	-0.529467	-0.847014	-0.047237	0.846074	-0.523180	-0.102187
00714	10.478974	1.800484	2.369603	0.601641	-0.429862	-0.848299	0.069982	-0.089212	0.993551	-0.523774	-0.850940	-0.039514	0.848978	-0.517631	-0.106277
00715	10.458673	1.613388	3.512893	0.087074	-0.406855	-0.397533	0.075527	-0.087992	0.993254	-0.522711	-0.851762	-0.035710	0.849158	-0.516487	-0.110326
00716	10.683381	0.644894	4.323901	-0.569144	-0.598686	0.070063	0.080256	-0.091785	0.992539	-0.527554	-0.848766	-0.035831	0.845722	-0.520742	-0.116540
00717	11.100553	-0.812192	4.244997	-0.949329	-0.629293	0.400632	0.083441	-0.098536	0.991629	-0.535850	-0.843425	-0.038720	0.840180	-0.528133	-0.123177
00718	11.275335	-2.171664	4.197397	-0.878111	-0.332321	0.532124	0.083359	-0.104858	0.990987	-0.543615	-0.838234	-0.042967	0.835185	-0.535134	-0.126877
00719	11.032208	-3.022285	4.999762	-0.587868	0.034050	0.283455	0.081537	-0.107107	0.990898	-0.548715	-0.834793	-0.045082	0.832024	-0.540045	-0.126838
00720	10.600676	-2.505066	5.988362	-0.231995	0.097736	-0.242061	0.082039	-0.104635	0.991121	-0.550411	-0.833813	-0.042467	0.830853	-0.542040	-0.125997
00721	10.491957	-0.833926	6.101336	0.010142	0.023564	-0.653238	0.085446	-0.099119	0.991400	-0.549746	-0.834553	-0.036057	0.830950	-0.541937	-0.125799
00722	10.192311	0.859986	5.004276	0.066811	-0.232114	-1.024637	0.092962	-0.091883	0.991421	-0.548242	-0.835914	-0.026065	0.831137	-0.541115	-0.128082
00723	10.673520	2.731896	3.627208	-0.008743	-0.493383	-1.546729	0.105539	-0.081674	0.991055	-0.546746	-0.837229	-0.010773	0.830621	-0.540718	-0.133015
00724	11.900054	4.601981	2.755659	-0.415471	-0.279052	-1.923267	0.118331	-0.067142	0.990702	-0.548006	-0.836429	0.008769	0.828062	-0.543948	-0.135770
00725	12.600091	5.053546	3.108309	-1.084028	0.269731	-1.516683	0.124480	-0.053075	0.990802	-0.555079	-0.831416	0.025200	0.822431	-0.553110	-0.132955
00726	11.922178	3.836157	5.021405	-1.761016	0.352040	-0.472651	0.124203	-0.047223	0.991133	-0.568862	-0.821805	0.032131	0.813001	-0.567808	-0.128934
00727	11.485171	2.057761	6.356969	-2.687993	0.034440	0.152278	0.123049	-0.048325	0.991223	-0.590665	-0.806199	0.034019	0.797480	-0.589667	-0.127746
00728	12.194690	0.276499	6.400409	-3.220498	0.001476	0.424818	0.120401	-0.051707	0.991378	-0.616527	-0.786606	0.033849	0.778073	-0.615287	-0.126587
00729	12.707977	-1.895024	6.015138	-2.615436	0.775956	0.396845	0.111938	-0.050004	0.992456	-0.637107	-0.770066	0.033060	0.762603	-0.636002	-0.118058
00730	10.779356	-2.435444	5.600740	-0.860468	1.902212	-0.066242	0.097792	-0.037321	0.994507	-0.643558	-0.764615	0.034588	0.759124	-0.643406	-0.098791
00731	8.059215	0.459447	4.035736	1.065570	1.807162	-1.116347	0.091131	-0.017250	0.995690	-0.634339	-0.771763	0.044688	0.767665	-0.635677	-0.081273
00732	9.113629	4.435693	2.138885	2.044439	0.691487	-2.507510	0.101341	0.006622	0.994830	-0.616067	-0.784755	0.067980	0.781148	-0.619771	-0.075448
00733	13.994315	12.833067	-0.388556	-0.358635	0.519950	-4.076938	0.122370	0.041723	0.991607	-0.614274	-0.781571	0.108690	0.779546	-0.622419	-0.070012
00734	17.849163	10.986593	-1.350988	-2.132379	2.071973	-1.634534	0.116389	0.067475	0.990909	-0.628815	-0.767261	0.126105	0.768795	-0.637775	-0.046871
00735	11.829828	6.336767	1.141837	-2.291490	1.429198	0.825850	0.100227	0.070368	0.992473	-0.647148	-0.753059	0.118746	0.755747	-0.654179	-0.029938
00736	11.849567	2.963179	0.711976	-5.301062	0.469209	0.651166	0.092328	0.068793	0.993349	-0.686903	-0.717822	0.113557	0.720860	-0.692820	-0.019020
00737	13.534940	-3.299332	-6.444756	-5.896645	0.843525	1.207705	0.077861	0.066325	0.994756	-0.729214	-0.676613	0.102189	0.679842	-0.733346	-0.004316
00738	12.471167	-9.578939	-6.215882	-3.868455	2.796233	2.557806	0.040126	0.070248	0.996722	-0.756485	-0.649553	0.076234	0.652779	-0.757064	0.027077
00739	7.548735	-14.400460	-3.703688	-2.245643	3.401942	1.454249	0.007074	0.086813	0.996200	-0.771278	-0.633598	0.060691	0.636459	-0.768776	0.062475
00740	6.250555	-12.978826	-1.832145	-0.031503	1.205044	-0.343280	0.001938	0.098248	0.995160	-0.771440	-0.633075	0.064003	0.636299	-0.767831	0.074566
00741	12.428965	-10.348893	-3.998308	0.961122	-0.040683	-0.898831	0.009095	0.103595	0.994578	-0.765211	-0.639557	0.073613	0.643716	-0.761731	0.073455
00742	14.273832	-7.027418	-5.311675	2.313956	0.925166	-0.554453	0.007121	0.114127	0.993441	-0.750046	-0.656433	0.080788	0.661348	-0.745701	0.080926
00743	12.648086	-3.778030	-3.425119	2.647625	1.680086	-0.098886	-0.003430	0.127088	0.991885	-0.732241	-0.675837	0.084062	0.681037	-0.726011	0.095377
00744	11.062902	-2.063456	-2.227246	2.748572	1.523896	0.388543	-0.016904	0.135266	0.990665	-0.713189	-0.696056	0.082870	0.700768	-0.705130	0.108237
00745	10.242883	-0.886345	-2.011921	2.901369	1.378967	0.302392	-0.028836	0.142638	0.989355	-0.692461	-0.716649	0.083139	0.720879	-0.682692	0.119436
00746	10.368002	0.732733	-1.569647	3.404595	1.291159	-0.264806	-0.036620	0.153133	0.987527	-0.667590	-0.739087	0.089853	0.743628	-0.655973	0.129295
00747	10.191205	3.358759	-2.567307	3.791011	1.394090	-1.104608	-0.039937	0.170293	0.984584	-0.639321	-0.761626	0.105798	0.767902	-0.625240	0.139289
00748	10.229396	7.037351	-3.212350	3.401763	2.295232	-1.500268	-0.048511	0.195781	0.979447	-0.613488	-0.779674	0.125463	0.788212	-0.594793	0.157932
00749	9.721288	8.311519	-0.769080	3.023005	2.878733	-0.901909	-0.066011	0.219520	0.973372	-0.589884	-0.795369	0.139372	0.804785	-0.564977	0.181994
00750	8.331479	7.536762	2.249166	2.022318	2.363441	-0.371889	-0.083071	0.235527	0.968311	-0.573756	-0.805769	0.146769	0.814803	-0.543382	0.202071
00751	8.402801	7.928565	2.471464	0.025222	1.024649	-0.542356	-0.088297	0.245388	0.965395	-0.573974	-0.804637	0.152029	0.814099	-0.540688	0.211893
00752	9.227426	5.628960	1.108090	-1.135262	0.264490	0.145988	-0.091358	0.245608	0.965055	-0.583017	-0.798844	0.148116	0.807307	-0.549112	0.216175
00753	9.391388	4.108547	0.309451	-1.819360	0.051995	0.762341	-0.096266	0.239779	0.966043	-0.596852	-0.790610	0.136759	0.796556	-0.563419	0.219221
00754	9.591916	2.344644	-0.330874	-2.485760	0.207564	1.080177	-0.104515	0.232446	0.966978	-0.615347	-0.778954	0.120739	0.781297	-0.582408	0.224447
00755	9.892048	0.299566	-1.432486	-2.163400	0.635724	1.524340	-0.118928	0.224332	0.967228	-0.630354	-0.769707	0.101014	0.767144	-0.597683	0.232949
00756	9.278743	-1.032650	-0.794039	-1.617360	1.307594	1.689141	-0.139673	0.219208	0.965629	-0.640446	-0.763747	0.080742	0.755195	-0.607156	0.247065
00757	8.118750	-1.933054	-0.201568	-1.276358	1.510661	1.272363	-0.159199	0.218681	0.962722	-0.648077	-0.758780	0.065188	0.744750	-0.613540	0.262519
00758	8.141614	-2.468338	0.128054	-0.710349	1.271962	0.728013	-0.173418	0.220926	0.959749	-0.652094	-0.756052	0.056209	0.738038	-0.616099	0.275177
00759	8.798348	-1.890729	0.337288	-0.188128	1.150113	0.309653	-0.183908	0.225603	0.956703	-0.652884	-0.755623	0.052682	0.734792	-0.614928	0.286258
00760	9.526411	-1.099017	0.859404	-0.094803	1.228261	0.253491	-0.194626	0.231156	0.953251	-0.653060	-0.755660	0.049906	0.731870	-0.612817	0.298030
00761	9.664108	-0.773033	1.174310	-0.273482	1.394799	0.525584	-0.208237	0.235664	0.949263	-0.653954	-0.755251	0.044042	0.727311	-0.611603	0.311385
00762	9.438862	-1.058434	1.767738	-0.541562	1.499899	0.888514	-0.224969	0.238056	0.944838	-0.655909	-0.754082	0.033821	0.720536	-0.612119	0.325788
00763	9.084536	-1.804375	1.886791	-0.599323	1.520381	1.077951	-0.242948	0.239186	0.940089	-0.657640	-0.753022	0.021637	0.713082	-0.612983	0.340243
00764	8.482320	-2.243056	2.163955	-0.414203	1.550633	1.108371	-0.261298	0.240254	0.934881	-0.657741	-0.753181	0.009721	0.706470	-0.612369	0.354829
00765	7.828173	-2.347260	2.617489	-0.159231	1.507292	1.025973	-0.278649	0.241670	0.929489	-0.656048	-0.754719	-0.000446	0.701396	-0.609914	0.368849
00766	7.264600	-2.187687	2.894602	0.102328	1.350939	0.917136	-0.294161	0.242855	0.924387	-0.652659	-0.757602	-0.008654	0.698216	-0.605855	0.381358
00767	6.910460	-1.760772	3.069430	0.309574	1.139835	0.809597	-0.307378	0.243522	0.919900	-0.648019	-0.761478	-0.014948	0.696843	-0.600707	0.391868
00768	6.812623	-1.261782	3.131936	0.437416	0.926248	0.716274	-0.318514	0.243494	0.916111	-0.642681	-0.765876	-0.019884	0.696786	-0.595101	0.400431
00769	6.882528	-0.809511	3.028319	0.514342	0.753154	0.621763	-0.327744	0.243118	0.912950	-0.637039	-0.770473	-0.023517	0.697686	-0.589292	0.407393
00770	6.947965	-0.372981	2.958267	0.556565	0.623914	0.522505	-0.335474	0.242642	0.910265	-0.631370	-0.775043	-0.026092	0.699163	-0.583467	0.413204
00771	7.155920	-0.049062	2.988486	0.540693	0.520517	0.425456	-0.341793	0.242298	0.908003	-0.626096	-0.779252	-0.027736	0.700843	-0.577977	0.418045
00772	7.323274	0.220115	3.185747	0.473438	0.490265	0.393033	-0.347741	0.241953	0.905834	-0.621370	-0.782966	-0.029404	0.702122	-0.573083	0.422611
00773	7.452183	0.325270	3.573926	0.350014	0.475739	0.466700	-0.353972	0.240948	0.903686	-0.617225	-0.786129	-0.032162	0.702664	-0.569162	0.426987
00774	7.584687	0.256023	4.031005	0.199639	0.426993	0.596322	-0.360697	0.238582	0.901652	-0.613641	-0.788728	-0.036779	0.702384	-0.566556	0.430895
00775	7.778255	-0.144486	4.424150	0.070272	0.353038	0.684770	-0.367366	0.235111	0.899869	-0.610606	-0.790785	-0.042665	0.701572	-0.565139	0.434068
00776	8.160576	-0.605604	4.826606	0.133485	0.375562	0.722737	-0.374453	0.231413	0.897905	-0.606936	-0.793259	-0.048667	0.701009	-0.563194	0.437492
00777	8.474064	-1.003282	5.370717	0.307236	0.487033	0.742016	-0.382352	0.228188	0.895398	-0.601925	-0.796725	-0.053992	0.701066	-0.559606	0.441981
00778	8.370567	-1.322591	5.682774	0.541290	0.590552	0.737013	-0.390962	0.225495	0.892357	-0.595224	-0.801445	-0.058259	0.702038	-0.553929	0.447555
00779	8.023165	-1.354466	5.925238	0.839645	0.710481	0.649005	-0.399791	0.224119	0.888784	-0.586703	-0.807556	-0.060273	0.704235	-0.545549	0.454345
00780	7.480901	-1.047823	6.253804	1.227284	0.905171	0.511579	-0.409214	0.224762	0.884322	-0.575913	-0.815360	-0.059266	0.707720	-0.533545	0.463100
00781	6.965734	-0.422344	6.655870	1.634483	1.130853	0.353374	-0.419253	0.227747	0.878839	-0.562792	-0.824784	-0.054742	0.712385	-0.517554	0.473967
00782	6.495902	0.490453	7.004007	2.025802	1.319815	0.134096	-0.429499	0.233249	0.872425	-0.547676	-0.835410	-0.046271	0.718040	-0.497680	0.486552
00783	6.384393	1.630183	7.540438	2.294689	1.313112	-0.177668	-0.438008	0.241071	0.866045	-0.531839	-0.846185	-0.033438	0.724773	-0.475242	0.498847
00784	6.561455	2.926398	7.935588	2.322084	1.098540	-0.532921	-0.443278	0.250628	0.860633	-0.517215	-0.855683	-0.017210	0.732116	-0.452761	0.508934
00785	7.040168	4.158628	8.120621	2.056530	0.810658	-0.875539	-0.444756	0.261683	0.856571	-0.505920	-0.862580	0.000831	0.739079	-0.432987	0.516028
00786	7.716215	5.226673	7.813702	1.693513	0.547245	-1.083773	-0.443439	0.273320	0.853615	-0.498110	-0.866910	0.018817	0.745150	-0.416850	0.520565
00787	8.156312	6.177006	7.238761	1.178863	0.524934	-0.984591	-0.442470	0.283966	0.850637	-0.493611	-0.869043	0.033352	0.748711	-0.405127	0.524694
00788	8.263306	6.639510	6.737489	0.325895	0.844483	-0.429097	-0.446725	0.291051	0.846006	-0.493030	-0.869152	0.038674	0.746564	-0.399829	0.531769
00789	7.418850	5.421297	7.116644	-0.348325	0.884391	0.336583	-0.454956	0.291607	0.841416	-0.494048	-0.868771	0.033954	0.740899	-0.400252	0.539321
00790	7.213948	3.992031	7.006655	-0.735334	0.503398	0.564238	-0.461521	0.288708	0.838836	-0.496836	-0.867478	0.025211	0.734951	-0.405128	0.543800
00791	7.360651	2.989314	6.681798	-0.863237	0.370366	0.658363	-0.467506	0.284457	0.836972	-0.500041	-0.865872	0.014972	0.728970	-0.411521	0.547041
00792	6.348336	1.909736	5.414540	-0.813304	0.429707	0.763230	-0.474505	0.279615	0.834662	-0.502296	-0.864686	0.004119	0.722872	-0.417293	0.550747
00793	4.503719	1.105699	3.233495	-0.720104	0.173773	0.853884	-0.480044	0.272907	0.833715	-0.503355	-0.864052	-0.006989	0.718465	-0.423009	0.552152
00794	2.462889	0.557960	0.931611	-0.928494	-0.652542	0.892012	-0.479914	0.262399	0.837155	-0.505681	-0.862499	-0.019548	0.716917	-0.432714	0.546616
00795	2.970691	0.704355	-0.198425	-1.807713	-1.829583	0.784926	-0.470801	0.247492	0.846814	-0.514851	-0.856527	-0.035910	0.716432	-0.452889	0.530675
00796	4.976496	0.601741	-1.531242	-3.215574	-2.590339	0.680019	-0.455923	0.229530	0.859913	-0.534604	-0.843082	-0.058408	0.711570	-0.486343	0.507088
00797	7.189446	-1.091358	-7.012892	-3.739358	-2.445103	1.076133	-0.444501	0.208144	0.871260	-0.556144	-0.826598	-0.086261	0.702227	-0.522889	0.483182
00798	7.169656	-3.096678	-6.253325	-2.782115	-0.989789	1.874643	-0.448174	0.187425	0.874078	-0.567101	-0.815450	-0.115921	0.691040	-0.547643	0.471752
00799	5.843785	-3.155124	-2.324629	-2.572015	-1.261608	1.703092	-0.449253	0.166517	0.877749	-0.577066	-0.804115	-0.142809	0.682031	-0.570676	0.457342
00800	8.633116	-6.230245	-1.470408	-2.434415	-2.289448	0.936799	-0.439176	0.145668	0.886513	-0.589403	-0.791441	-0.161943	0.678033	-0.593635	0.433439
00801	12.944923	-8.425747	1.336078	-0.811961	-1.842804	0.112733	-0.427317	0.133694	0.894162	-0.594382	-0.786775	-0.166416	0.681256	-0.602587	0.415668
00802	22.951176	-8.707758	13.503840	0.384752	-1.343843	-0.452907	-0.415446	0.129105	0.900409	-0.593598	-0.788529	-0.160821	0.689236	-0.601293	0.404228
00803	29.533346	-7.787130	15.706147	1.534741	-1.346417	-0.226480	-0.404732	0.122814	0.906150	-0.583786	-0.797425	-0.152670	0.703837	-0.590788	0.394441
00804	19.541903	-4.938949	10.266708	2.862076	-0.096314	0.280011	-0.405689	0.119929	0.906109	-0.562206	-0.814377	-0.143926	0.720653	-0.567809	0.397808
00805	8.880362	-1.606302	5.519756	3.543798	0.235994	0.344495	-0.409296	0.118333	0.904695	-0.534880	-0.834419	-0.132846	0.739175	-0.538277	0.404818
00806	1.943993	2.400803	-3.531894	4.121170	-1.723828	-0.416719	-0.394178	0.112788	0.912087	-0.505442	-0.855475	-0.112650	0.767563	-0.505411	0.394217
00807	2.483152	10.708816	-10.202037	4.019675	-2.921022	-2.815040	-0.357352	0.122738	0.925870	-0.484486	-0.871879	-0.071414	0.798481	-0.474091	0.371033
00808	11.844113	20.368214	-4.185807	3.841032	1.490542	-4.157121	-0.349553	0.165972	0.922099	-0.468200	-0.883429	-0.018476	0.811542	-0.438185	0.386514
00809	4.937000	17.597378	4.684983	0.032641	3.744882	-1.713862	-0.371612	0.197309	0.907179	-0.474065	-0.880486	-0.002690	0.798227	-0.431061	0.420736
00810	0.551273	10.797707	6.016334	-2.596190	-2.790537	0.061700	-0.349640	0.184332	0.918571	-0.494484	-0.869077	-0.013818	0.795762	-0.459050	0.395013
00811	13.172621	5.275556	1.869833	-3.886310	-5.839156	2.146162	-0.314024	0.137706	0.939375	-0.518242	-0.853882	-0.048070	0.795496	-0.501919	0.339504
00812	17.357030	1.826104	-4.832483	-7.392517	-5.567547	3.774737	-0.290766	0.076270	0.953749	-0.564771	-0.818316	-0.106740	0.772327	-0.569686	0.281013
00813	22.172657	-12.156960	-9.880159	-7.112121	0.462136	4.544698	-0.320814	0.042666	0.946181	-0.604249	-0.778499	-0.169773	0.729357	-0.626195	0.275534
00814	5.370038	-21.733467	-2.102873	-2.340996	2.565473	3.129088	-0.358189	0.034776	0.933001	-0.610396	-0.764886	-0.205828	0.706482	-0.643226	0.295201
00815	-1.045155	-13.443853	0.622143	0.428982	-1.402094	-0.552818	-0.344857	0.029950	0.938177	-0.609244	-0.767491	-0.199446	0.714069	-0.640359	0.282922
00816	8.881774	-10.378937	0.820781	-0.648495	-3.666422	-0.976156	-0.312514	0.013767	0.949813	-0.617068	-0.763135	-0.191970	0.722193	-0.646093	0.246986
00817	12.339851	-9.089822	-3.483268	1.852037	-2.084335	-0.930344	-0.291582	0.007539	0.956516	-0.606291	-0.774902	-0.178713	0.739859	-0.632037	0.230518
00818	10.004952	-3.194963	1.492828	2.370985	-1.444140	-0.565376	-0.277361	0.002873	0.960762	-0.590095	-0.789663	-0.167992	0.758195	-0.613535	0.220717
00819	10.385656	-2.372004	0.356265	1.802485	-2.045700	-0.548336	-0.258479	-0.005233	0.966003	-0.577705	-0.800626	-0.158917	0.774239	-0.599141	0.203921
00820	8.671580	-1.961766	-1.646231	1.835471	-1.352340	-0.478253	-0.245156	-0.009479	0.969437	-0.564526	-0.811543	-0.150695	0.788168	-0.584216	0.193604
00821	8.279216	-1.214337	0.181725	1.595383	-1.491360	-0.073076	-0.232893	-0.017558	0.972344	-0.551979	-0.820793	-0.147030	0.800675	-0.570955	0.181465
00822	10.242019	-1.801937	-1.258928	1.276782	-1.819440	-0.157640	-0.217328	-0.026651	0.975735	-0.541996	-0.828067	-0.143338	0.811794	-0.559995	0.165517
00823	11.180479	-1.181626	-1.065049	1.654682	-1.665044	-0.410787	-0.201498	-0.032498	0.978950	-0.529273	-0.837360	-0.136738	0.824177	-0.545684	0.151526
00824	10.399761	0.369885	-0.036177	1.682410	-1.642419	-0.513762	-0.185134	-0.037121	0.982012	-0.516257	-0.846613	-0.129330	0.836185	-0.530914	0.137572
00825	9.859608	1.567702	0.416720	1.393590	-1.462651	-0.369198	-0.170934	-0.041717	0.984399	-0.505146	-0.854092	-0.123910	0.845937	-0.518446	0.124920
00826	9.548488	2.049552	1.840256	1.042193	-1.319652	0.003838	-0.159690	-0.048632	0.985969	-0.496243	-0.859460	-0.122765	0.853371	-0.508885	0.113113
00827	9.111438	2.487852	2.606852	0.517232	-1.392771	0.030156	-0.147907	-0.056004	0.987414	-0.491725	-0.862083	-0.122552	0.858097	-0.503662	0.099970
00828	9.485035	2.951887	3.037843	0.177987	-1.319945	-0.034942	-0.136337	-0.062427	0.988694	-0.490204	-0.863015	-0.122089	0.860879	-0.501307	0.087058
00829	9.731695	3.264156	3.569899	-0.262004	-1.217795	-0.066422	-0.125511	-0.068029	0.989757	-0.492502	-0.861762	-0.121686	0.861214	-0.502730	0.074656
00830	9.365007	2.581155	3.898550	-1.148698	-1.203043	0.010119	-0.115172	-0.074295	0.990563	-0.502319	-0.855946	-0.122602	0.856978	-0.511700	0.061262
00831	9.170742	1.037573	3.686979	-2.168061	-1.422588	0.203403	-0.104077	-0.083488	0.991059	-0.520530	-0.844524	-0.125808	0.847476	-0.528970	0.044437
00832	9.914828	-1.030664	1.641692	-2.878527	-1.457359	0.389876	-0.093855	-0.094689	0.991073	-0.544305	-0.828641	-0.130716	0.833621	-0.551714	0.026233
00833	10.604662	-3.624435	-0.642420	-2.032827	-0.512300	0.431272	-0.091986	-0.101167	0.990608	-0.560699	-0.816859	-0.135488	0.822894	-0.567896	0.018415
00834	8.401561	-3.365556	1.494318	-1.289897	-0.255941	0.298075	-0.091533	-0.105123	0.990238	-0.570959	-0.809181	-0.138679	0.815860	-0.578079	0.014046
00835	8.482618	-4.432362	0.513836	-1.350098	-0.819735	0.030908	-0.085045	-0.110213	0.990263	-0.581858	-0.801297	-0.139153	0.808831	-0.588027	0.004018
00836	9.441730	-5.587487	-0.987759	-0.781154	-0.780240	-0.122971	-0.077997	-0.113910	0.990425	-0.588225	-0.796841	-0.137969	0.804927	-0.593354	-0.004853
00837	9.079295	-4.883270	-0.911489	-0.258503	-0.755694	-0.221577	-0.070606	-0.116696	0.990655	-0.590429	-0.795583	-0.135798	0.803995	-0.594500	-0.012728
00838	8.976586	-4.057129	-1.592893	0.095577	-0.940926	-0.285949	-0.061320	-0.120087	0.990868	-0.589812	-0.796507	-0.133033	0.805209	-0.592584	-0.021987
00839	9.006235	-2.913854	-1.682205	0.379417	-1.089481	-0.416759	-0.050074	-0.123256	0.991111	-0.586945	-0.799276	-0.129053	0.808077	-0.588189	-0.032322
00840	9.434302	-1.749437	-1.879723	0.486514	-1.286514	-0.570102	-0.036293	-0.126311	0.991327	-0.583215	-0.802852	-0.123648	0.811507	-0.582644	-0.044529
00841	10.127850	-0.485150	-1.844652	0.468598	-1.377288	-0.709991	-0.020959	-0.128646	0.991469	-0.579570	-0.806495	-0.116897	0.814653	-0.577075	-0.057656
00842	10.396186	1.042818	-1.564607	0.188103	-1.187818	-0.623558	-0.007634	-0.130539	0.991414	-0.578090	-0.808402	-0.110894	0.815937	-0.573973	-0.069292
