// General information: 
//  MT Manager version: 2022.2.0 
//  XDA version: 2022.2.0 build 7381 rev 124627 built on 2023-07-19
// Device information: 
//  DeviceId: 00B4CBA7
//  ProductCode: MTW2-3A7G6
//  Firmware Version: 4.6.0
//  Hardware Version: 2.0.0
// Device settings: 
//  Filter Profile: human(46.1)
//  Option Flags: Orientation Smoother Disabled, Position/Velocity Smoother Disabled, Continuous Zero Rotation Update Disabled, AHS Disabled, ICC Disabled
// Coordinate system: ENU
PacketCounter	Acc_X	Acc_Y	Acc_Z	Gyr_X	Gyr_Y	Gyr_Z	Mat[1][1]	Mat[2][1]	Mat[3][1]	Mat[1][2]	Mat[2][2]	Mat[3][2]	Mat[1][3]	Mat[2][3]	Mat[3][3]
24246	9.360739	1.548776	-2.308245	0.008907	0.017272	0.025068	0.046015	0.261678	0.964058	0.725421	-0.672240	0.147844	0.686765	0.692545	-0.220760
24247	9.360523	1.586440	-2.293960	0.008599	0.020956	0.027833	0.046047	0.261397	0.964132	0.725468	-0.672240	0.147611	0.686714	0.692650	-0.220590
24248	9.372504	1.533689	-2.273153	0.006400	0.020579	0.027807	0.046080	0.261088	0.964214	0.725499	-0.672261	0.147362	0.686679	0.692746	-0.220397
24249	9.388366	1.513748	-2.262071	0.003869	0.027359	0.028687	0.046073	0.260758	0.964304	0.725513	-0.672297	0.147132	0.686665	0.692836	-0.220158
24250	9.418086	1.516820	-2.229383	0.010328	0.022369	0.029964	0.046109	0.260421	0.964393	0.725569	-0.672297	0.146854	0.686603	0.692963	-0.219953
24251	9.409108	1.523247	-2.258972	0.010706	0.024140	0.033138	0.046158	0.260083	0.964482	0.725629	-0.672296	0.146565	0.686537	0.693091	-0.219755
24252	9.405270	1.527408	-2.234144	0.009367	0.024478	0.034177	0.046210	0.259704	0.964582	0.725677	-0.672313	0.146248	0.686482	0.693217	-0.219529
24253	9.382685	1.515881	-2.208215	0.008709	0.022909	0.035626	0.046285	0.259357	0.964672	0.725720	-0.672333	0.145940	0.686431	0.693327	-0.219339
24254	9.432147	1.493528	-2.189583	0.012943	0.021014	0.035020	0.046367	0.258996	0.964765	0.725793	-0.672327	0.145608	0.686349	0.693468	-0.219151
24255	9.394633	1.499097	-2.172908	0.015152	0.021374	0.035045	0.046448	0.258664	0.964850	0.725880	-0.672301	0.145292	0.686251	0.693617	-0.218986
24256	9.409375	1.513089	-2.226590	0.017361	0.021732	0.035071	0.046525	0.258298	0.964944	0.725983	-0.672264	0.144949	0.686138	0.693789	-0.218797
24257	9.371913	1.518479	-2.209932	0.010466	0.020837	0.039611	0.046643	0.257938	0.965035	0.726038	-0.672280	0.144598	0.686071	0.693908	-0.218630
24258	9.371989	1.549256	-2.272454	0.002891	0.021850	0.043741	0.046782	0.257513	0.965142	0.726037	-0.672366	0.144204	0.686062	0.693983	-0.218419
24259	9.410714	1.576237	-2.272744	0.004241	0.021492	0.042700	0.046918	0.257128	0.965238	0.726048	-0.672433	0.143837	0.686042	0.694060	-0.218236
24260	9.362643	1.631108	-2.274950	0.001272	0.022388	0.049399	0.047095	0.256661	0.965353	0.726033	-0.672544	0.143391	0.686045	0.694125	-0.218018
24261	9.402483	1.622616	-2.210779	-0.011558	0.018490	0.054263	0.047334	0.256220	0.965459	0.725929	-0.672750	0.142948	0.686139	0.694088	-0.217841
24262	9.410476	1.535040	-2.179648	-0.025259	0.017348	0.056197	0.047596	0.255741	0.965573	0.725729	-0.673063	0.142494	0.686333	0.693962	-0.217634
24263	9.403594	1.464720	-2.157539	-0.028120	0.015405	0.057615	0.047881	0.255299	0.965676	0.725506	-0.673395	0.142055	0.686548	0.693802	-0.217464
24264	9.458891	1.392927	-2.173950	-0.022845	0.020291	0.056876	0.048127	0.254796	0.965797	0.725322	-0.673692	0.141589	0.686726	0.693699	-0.217232
24265	9.451830	1.322580	-2.151978	-0.017644	0.012798	0.053922	0.048404	0.254397	0.965888	0.725174	-0.673941	0.141162	0.686863	0.693604	-0.217103
24266	9.410211	1.294462	-2.125711	-0.008336	0.013177	0.051931	0.048662	0.253975	0.965986	0.725091	-0.674124	0.140713	0.686932	0.693580	-0.216960
24267	9.424353	1.347527	-2.167214	0.002027	0.013410	0.053524	0.048930	0.253573	0.966078	0.725082	-0.674231	0.140246	0.686922	0.693624	-0.216851
24268	9.410631	1.359833	-2.175000	0.002515	0.012342	0.051416	0.049190	0.253161	0.966173	0.725074	-0.674337	0.139778	0.686912	0.693671	-0.216731
24269	9.430430	1.370612	-2.174970	0.002806	0.012130	0.046793	0.049419	0.252813	0.966252	0.725071	-0.674424	0.139374	0.686899	0.693714	-0.216637
24270	9.421515	1.375904	-2.205664	0.006168	0.009516	0.045126	0.049653	0.252463	0.966332	0.725091	-0.674488	0.138959	0.686861	0.693778	-0.216549
24271	9.470555	1.352324	-2.188105	0.008187	0.007249	0.044497	0.049899	0.252164	0.966397	0.725126	-0.674531	0.138566	0.686806	0.693845	-0.216509
24272	9.422406	1.407429	-2.191783	0.014809	0.008316	0.044585	0.050137	0.251826	0.966473	0.725205	-0.674534	0.138137	0.686705	0.693965	-0.216444
24273	9.451992	1.403158	-2.237309	0.007914	0.014372	0.045396	0.050342	0.251472	0.966555	0.725234	-0.674585	0.137736	0.686660	0.694044	-0.216336
24274	9.423472	1.438800	-2.177528	0.008203	0.003749	0.046352	0.050625	0.251153	0.966623	0.725267	-0.674638	0.137304	0.686604	0.694108	-0.216307
24275	9.458395	1.392128	-2.181953	0.003603	0.003883	0.043774	0.050889	0.250882	0.966679	0.725269	-0.674711	0.136928	0.686582	0.694134	-0.216293
24276	9.425539	1.389835	-2.189539	0.005814	0.004230	0.043803	0.051150	0.250578	0.966744	0.725287	-0.674774	0.136525	0.686544	0.694183	-0.216255
24277	9.396978	1.425573	-2.130087	0.007075	0.006681	0.048040	0.051426	0.250258	0.966812	0.725312	-0.674832	0.136100	0.686496	0.694242	-0.216219
24278	9.417337	1.390376	-2.220461	0.011966	0.002855	0.047854	0.051725	0.249936	0.966880	0.725370	-0.674862	0.135645	0.686413	0.694329	-0.216204
24279	9.426778	1.451108	-2.240234	0.014380	0.009286	0.046678	0.051974	0.249608	0.966951	0.725444	-0.674868	0.135217	0.686316	0.694441	-0.216152
24280	9.446187	1.496239	-2.305054	0.007208	0.008596	0.055823	0.052292	0.249192	0.967041	0.725465	-0.674951	0.134696	0.686270	0.694511	-0.216074
24281	9.375754	1.462280	-2.310049	-0.013117	0.006454	0.057653	0.052639	0.248809	0.967121	0.725346	-0.675172	0.134221	0.686369	0.694432	-0.216013
24282	9.376647	1.462645	-2.232384	-0.021073	0.002254	0.060455	0.053034	0.248406	0.967203	0.725169	-0.675462	0.133716	0.686525	0.694295	-0.215959
24283	9.416447	1.412852	-2.182067	-0.026614	0.004492	0.062083	0.053426	0.248007	0.967284	0.724954	-0.675790	0.133228	0.686722	0.694118	-0.215899
24284	9.522937	1.393577	-2.180157	-0.023527	0.005523	0.063177	0.053819	0.247562	0.967376	0.724759	-0.676103	0.132701	0.686898	0.693972	-0.215810
24285	9.537616	1.451164	-2.145258	-0.029080	0.000807	0.068521	0.054283	0.247145	0.967457	0.724522	-0.676463	0.132156	0.687111	0.693770	-0.215783
24286	9.447633	1.442014	-2.136985	-0.038095	-0.003235	0.067737	0.054768	0.246730	0.967535	0.724223	-0.676888	0.131617	0.687387	0.693503	-0.215759
24287	9.395544	1.464250	-2.130880	-0.049227	-0.003461	0.057933	0.055184	0.246414	0.967592	0.723854	-0.677360	0.131218	0.687743	0.693155	-0.215747
24288	9.462921	1.496494	-2.102025	-0.032676	-0.001741	0.039676	0.055456	0.246177	0.967637	0.723607	-0.677678	0.130938	0.687981	0.692928	-0.215717
24289	9.472606	1.529976	-1.980451	-0.011254	-0.000348	0.019382	0.055570	0.246100	0.967650	0.723521	-0.677791	0.130831	0.688062	0.692844	-0.215724
24290	9.363167	1.475011	-1.907089	0.004931	0.000880	0.012878	0.055630	0.246028	0.967665	0.723547	-0.677782	0.130729	0.688029	0.692879	-0.215718
24291	9.296405	1.448098	-1.782536	0.036298	-0.015458	0.015209	0.055818	0.246084	0.967640	0.723789	-0.677557	0.130560	0.687760	0.693080	-0.215933
24292	9.367917	1.478974	-1.702334	0.055848	-0.026072	0.027525	0.056169	0.246098	0.967616	0.724158	-0.677231	0.130207	0.687343	0.693393	-0.216253
24293	9.329447	1.489777	-1.615003	0.063668	-0.050457	0.046701	0.056825	0.246183	0.967556	0.724569	-0.676893	0.129674	0.686856	0.693692	-0.216841
24294	9.386478	1.534760	-1.547914	0.074400	-0.069479	0.062602	0.057728	0.246262	0.967482	0.725044	-0.676525	0.128940	0.686279	0.694024	-0.217605
24295	9.314740	1.498438	-1.562031	0.068503	-0.088687	0.087123	0.058937	0.246339	0.967390	0.725462	-0.676254	0.128005	0.685734	0.694261	-0.218566
24296	9.357489	1.557075	-1.508104	0.075315	-0.116503	0.104575	0.060467	0.246462	0.967264	0.725916	-0.675982	0.126862	0.685120	0.694482	-0.219785
24297	9.361760	1.531987	-1.620672	0.071757	-0.134767	0.121993	0.062243	0.246623	0.967111	0.726332	-0.675774	0.125582	0.684520	0.694627	-0.221192
24298	9.360496	1.547666	-1.776763	0.070904	-0.153791	0.137332	0.064265	0.246783	0.966937	0.726731	-0.675614	0.124131	0.683910	0.694726	-0.222764
24299	9.315394	1.573757	-1.973755	0.064092	-0.169531	0.156418	0.066527	0.246953	0.966741	0.727066	-0.675545	0.122534	0.683337	0.694733	-0.224494
24300	9.336941	1.593371	-2.156530	0.041401	-0.183141	0.175602	0.069027	0.247060	0.966539	0.727230	-0.675684	0.120777	0.682914	0.694559	-0.226310
24301	9.378103	1.632322	-2.264229	-0.000063	-0.190200	0.199751	0.071743	0.247079	0.966336	0.727091	-0.676166	0.118906	0.682782	0.694083	-0.228159
24302	9.401126	1.359001	-2.557369	-0.030159	-0.194362	0.205142	0.074534	0.247060	0.966129	0.726735	-0.676875	0.117026	0.682862	0.693398	-0.229997
24303	9.335892	1.413023	-2.664486	-0.042990	-0.187805	0.209054	0.077299	0.246996	0.965929	0.726284	-0.677678	0.115166	0.683034	0.692637	-0.231773
24304	9.332357	1.273282	-2.718248	-0.069502	-0.179393	0.220275	0.080096	0.246764	0.965760	0.725637	-0.678696	0.113234	0.683400	0.691722	-0.233422
24305	9.350292	1.309422	-2.722984	-0.079401	-0.178724	0.233603	0.082977	0.246464	0.965593	0.724904	-0.679811	0.111225	0.683834	0.690733	-0.235072
24306	9.435264	1.298608	-2.724982	-0.089926	-0.165569	0.240969	0.085828	0.245988	0.965466	0.724087	-0.681019	0.109144	0.684348	0.689713	-0.236567
24307	9.387014	1.264358	-2.690082	-0.096705	-0.149043	0.240845	0.088557	0.245425	0.965362	0.723215	-0.682266	0.107109	0.684921	0.688680	-0.237915
24308	9.539206	1.112175	-2.813463	-0.095528	-0.149567	0.248951	0.091354	0.244775	0.965267	0.722338	-0.683527	0.104968	0.685480	0.687660	-0.239253
24309	9.397243	1.124315	-2.731841	-0.079527	-0.135273	0.251150	0.094060	0.244039	0.965193	0.721561	-0.684677	0.102796	0.685931	0.686777	-0.240490
24310	9.414696	1.077216	-2.757373	-0.078576	-0.124244	0.251218	0.096697	0.243192	0.965146	0.720784	-0.685822	0.100594	0.686382	0.685935	-0.241606
24311	9.455671	1.037032	-2.806365	-0.067309	-0.112380	0.245643	0.099205	0.242330	0.965109	0.720083	-0.686869	0.098448	0.686760	0.685192	-0.242638
24312	9.311481	1.003719	-2.810293	-0.040338	-0.090070	0.255888	0.101638	0.241209	0.965136	0.719550	-0.687757	0.096110	0.686962	0.684696	-0.243464
24313	9.403134	1.109502	-2.767683	-0.038834	-0.087218	0.252942	0.104025	0.240119	0.965154	0.719025	-0.688621	0.093824	0.687154	0.684210	-0.244286
24314	9.353793	1.156210	-2.754966	-0.048831	-0.082089	0.261981	0.106444	0.238896	0.965193	0.718416	-0.689577	0.091449	0.687421	0.683676	-0.245028
24315	9.272420	1.082984	-2.732039	-0.052148	-0.065338	0.265508	0.108768	0.237566	0.965263	0.717774	-0.690555	0.089076	0.687728	0.683152	-0.245629
24316	9.387661	1.065568	-2.772646	-0.044918	-0.062224	0.261507	0.111045	0.236205	0.965337	0.717179	-0.691475	0.086696	0.687985	0.682693	-0.246186
24317	9.374943	1.060445	-2.785901	-0.031824	-0.048989	0.258048	0.113201	0.234810	0.965427	0.716673	-0.692290	0.084345	0.688160	0.682348	-0.246650
24318	9.374224	0.997039	-2.802589	-0.059040	-0.043710	0.263181	0.115359	0.233306	0.965536	0.715968	-0.693302	0.081983	0.688536	0.681836	-0.247018
24319	9.457153	0.811825	-2.868388	-0.093675	-0.047221	0.266333	0.117559	0.231836	0.965625	0.715015	-0.694550	0.079705	0.689154	0.681067	-0.247417
24320	9.384505	0.800636	-2.938976	-0.117126	-0.032173	0.272019	0.119697	0.230185	0.965757	0.713887	-0.695970	0.077402	0.689955	0.680177	-0.247632
24321	9.572843	0.843841	-3.036498	-0.180741	-0.026918	0.260132	0.121708	0.228613	0.965880	0.712328	-0.697785	0.075400	0.691213	0.678846	-0.247773
24322	9.267419	0.393611	-3.200934	-0.219359	-0.006882	0.257598	0.123561	0.226881	0.966053	0.710496	-0.699853	0.073489	0.692768	0.677297	-0.247672
24323	9.402823	0.140291	-3.230366	-0.235773	0.008860	0.254093	0.125274	0.225099	0.966249	0.708548	-0.702013	0.071679	0.694454	0.675654	-0.247437
24324	9.544731	-0.090916	-3.368659	-0.240861	0.034247	0.226081	0.126608	0.223299	0.966493	0.706591	-0.704139	0.070123	0.696204	0.674037	-0.246931
24325	9.738166	-0.131449	-3.454959	-0.233341	0.063495	0.197730	0.127536	0.221536	0.966776	0.704716	-0.706141	0.068847	0.697932	0.672523	-0.246178
24326	9.729766	0.036149	-3.533188	-0.225042	0.096048	0.189554	0.128172	0.219572	0.967140	0.702904	-0.708065	0.067600	0.699641	0.671142	-0.245092
24327	9.695123	0.301573	-3.486625	-0.208493	0.141083	0.154095	0.128244	0.217593	0.967578	0.701250	-0.709791	0.066676	0.701286	0.669963	-0.243613
24328	9.549062	0.351930	-3.382817	-0.203526	0.179473	0.117302	0.127778	0.215579	0.968090	0.699673	-0.711402	0.066069	0.702944	0.668904	-0.241737
24329	9.617952	0.525003	-3.280490	-0.173544	0.204852	0.074398	0.126838	0.213740	0.968621	0.698361	-0.712713	0.065822	0.704418	0.668098	-0.239666
24330	9.525607	0.767281	-3.118378	-0.126079	0.242300	0.051721	0.125464	0.211775	0.969232	0.697409	-0.713660	0.065656	0.705606	0.667713	-0.237232
24331	9.397169	0.904895	-2.770982	-0.131130	0.252576	0.038129	0.123928	0.209877	0.969842	0.696439	-0.714607	0.065651	0.706834	0.667299	-0.234727
24332	9.116585	0.886873	-2.243767	-0.172876	0.246455	0.042358	0.122452	0.207953	0.970444	0.695166	-0.715843	0.065678	0.708343	0.666577	-0.232218
24333	9.007591	0.744355	-1.702473	-0.187472	0.234809	0.041508	0.121058	0.206153	0.971003	0.693789	-0.717169	0.065765	0.709931	0.665710	-0.229846
24334	8.965025	0.545617	-1.108707	-0.107703	0.226461	0.035283	0.119667	0.204414	0.971542	0.692984	-0.717953	0.065702	0.710952	0.665401	-0.227571
24335	8.955064	0.461015	-0.599351	-0.008639	0.202975	0.038301	0.118470	0.202849	0.972017	0.692880	-0.718080	0.065406	0.711254	0.665742	-0.225621
24336	9.190664	0.784587	-0.204194	0.143204	0.169174	0.065844	0.117697	0.201271	0.972439	0.693822	-0.717254	0.064478	0.710463	0.667111	-0.224065
24337	9.180769	1.377659	0.186697	0.219562	0.103465	0.107837	0.117690	0.199863	0.972730	0.695257	-0.715996	0.062995	0.709061	0.668883	-0.223222
24338	9.359087	1.463441	0.345342	0.194038	0.015466	0.144384	0.118558	0.198749	0.972853	0.696463	-0.714979	0.061191	0.707731	0.670301	-0.223187
24339	9.431085	1.428001	0.255250	0.131018	-0.070252	0.181537	0.120291	0.197976	0.972798	0.697175	-0.714453	0.059191	0.706737	0.671090	-0.223966
24340	9.529373	1.219905	0.164189	0.053922	-0.165358	0.211928	0.122910	0.197593	0.972548	0.697301	-0.714505	0.057042	0.706162	0.671148	-0.225602
24341	9.645853	1.099426	-0.116681	0.007241	-0.251072	0.240568	0.126325	0.197608	0.972107	0.697055	-0.714925	0.054747	0.705802	0.670696	-0.228057
24342	9.494143	0.938705	-0.359756	-0.021087	-0.327437	0.252047	0.130365	0.198022	0.971490	0.696585	-0.715560	0.052380	0.705531	0.669896	-0.231223
24343	9.492666	0.497644	-0.700862	-0.042991	-0.389326	0.246161	0.134786	0.198913	0.970704	0.695958	-0.716329	0.050151	0.705319	0.668809	-0.234986
24344	9.629906	0.140842	-1.155580	-0.020421	-0.439801	0.244068	0.139558	0.200125	0.969780	0.695482	-0.716948	0.047866	0.704861	0.667784	-0.239239
24345	9.784830	-0.291377	-2.053831	-0.027367	-0.467376	0.227796	0.144394	0.201654	0.968755	0.694968	-0.717581	0.045784	0.704393	0.666643	-0.243757
24346	9.782305	-0.610284	-3.193345	-0.024199	-0.460915	0.214883	0.149105	0.203203	0.967717	0.694486	-0.718172	0.043797	0.703887	0.665535	-0.248205
24347	9.731865	-0.743660	-3.981652	-0.050984	-0.438367	0.196207	0.153513	0.204750	0.966701	0.693833	-0.718905	0.042085	0.703583	0.664269	-0.252424
24348	9.642535	-0.898426	-4.246930	-0.100987	-0.414141	0.167753	0.157563	0.206313	0.965717	0.692865	-0.719914	0.040755	0.703642	0.662690	-0.256379
24349	9.525908	-0.870338	-4.104179	-0.099249	-0.371687	0.130381	0.161048	0.207877	0.964806	0.691963	-0.720835	0.039807	0.703741	0.661199	-0.259932
24350	9.550275	-0.530170	-3.727956	-0.052969	-0.334113	0.108396	0.164122	0.209325	0.963975	0.691417	-0.721406	0.038934	0.703567	0.660119	-0.263129
24351	9.587135	-0.121309	-3.420389	0.013883	-0.296935	0.089068	0.166797	0.210684	0.963219	0.691372	-0.721495	0.038090	0.702982	0.659589	-0.266004
24352	9.528913	0.085675	-3.058524	0.053596	-0.283955	0.078066	0.169305	0.212016	0.962489	0.691621	-0.721301	0.037228	0.702137	0.659374	-0.268755
24353	9.414162	0.300367	-2.653197	0.081941	-0.271473	0.073822	0.171694	0.213316	0.961778	0.692074	-0.720911	0.036346	0.701110	0.659382	-0.271406
24354	9.369837	0.412495	-2.232653	0.040485	-0.285469	0.080263	0.174223	0.214641	0.961028	0.692223	-0.720810	0.035498	0.700338	0.659061	-0.274161
24355	9.436384	0.448278	-1.803288	-0.000889	-0.322462	0.086131	0.177049	0.216187	0.960165	0.692070	-0.720995	0.034722	0.699781	0.658354	-0.277268
24356	9.318298	0.731151	-1.373407	-0.021413	-0.356479	0.088215	0.180126	0.217918	0.959201	0.691767	-0.721322	0.033969	0.699295	0.657425	-0.280677
24357	9.314959	0.838450	-0.955722	-0.030036	-0.399531	0.082738	0.183461	0.219986	0.958096	0.691411	-0.721693	0.033311	0.698779	0.656327	-0.284503
24358	9.229229	0.726119	-0.481271	-0.031899	-0.465015	0.071880	0.187180	0.222538	0.956787	0.691059	-0.722056	0.032748	0.698141	0.655067	-0.288941
24359	9.264525	0.623162	0.046393	-0.019536	-0.547403	0.077421	0.191499	0.225599	0.955214	0.690781	-0.722350	0.032115	0.697244	0.653694	-0.294169
24360	9.223366	0.407604	0.747013	-0.015599	-0.658296	0.095482	0.196718	0.229229	0.953287	0.690492	-0.722663	0.031284	0.696077	0.652083	-0.300442
24361	9.378089	-0.179984	1.261581	0.026875	-0.783291	0.094766	0.202777	0.233677	0.950934	0.690494	-0.722701	0.030351	0.694333	0.650460	-0.307900
24362	9.890233	0.421198	0.640474	0.255033	-0.869296	0.081733	0.209336	0.238763	0.948246	0.692097	-0.721229	0.028813	0.690782	0.650247	-0.316227
24363	9.411291	1.748663	0.037075	0.328547	-0.961013	0.129821	0.216807	0.244102	0.945203	0.694088	-0.719399	0.026580	0.686467	0.650292	-0.325399
24364	9.604189	2.050453	-0.928114	0.242281	-1.083059	0.153517	0.225259	0.250059	0.941663	0.695413	-0.718197	0.024365	0.682392	0.649356	-0.335675
24365	8.863089	1.270110	-1.847073	0.226063	-1.153050	0.170377	0.234234	0.256339	0.937776	0.696565	-0.717155	0.022047	0.678182	0.648058	-0.346539
24366	9.148730	0.980999	-2.012996	0.071363	-1.263394	0.179880	0.244007	0.263241	0.933362	0.696624	-0.717153	0.020146	0.674667	0.645287	-0.358370
24367	9.450214	-0.556113	-1.910552	-0.014126	-1.346004	0.211198	0.254478	0.270409	0.928504	0.696009	-0.717800	0.018288	0.671426	0.641593	-0.370871
24368	10.113185	-0.393412	-2.383690	0.084693	-1.381001	0.211739	0.265169	0.277750	0.923331	0.696033	-0.717831	0.016041	0.667251	0.638415	-0.383669
24369	10.319995	1.023179	-2.774916	0.183008	-1.407608	0.248834	0.276199	0.284950	0.917888	0.696583	-0.717357	0.013090	0.662183	0.635770	-0.396625
24370	10.482057	1.708071	-2.550379	0.115483	-1.439136	0.287820	0.287672	0.292033	0.912119	0.696541	-0.717447	0.010023	0.657324	0.632445	-0.409803
24371	11.146840	1.707969	-2.081194	0.030008	-1.529451	0.300912	0.299721	0.299531	0.905786	0.695863	-0.718139	0.007220	0.652643	0.628138	-0.423674
24372	11.902696	2.069002	-2.489115	0.114265	-1.592814	0.202342	0.311453	0.308074	0.898937	0.695996	-0.718029	0.004934	0.646983	0.624119	-0.438051
24373	11.557947	2.181073	-2.731224	0.141822	-1.637152	0.184512	0.323209	0.316950	0.891672	0.696333	-0.717714	0.002712	0.640825	0.620024	-0.452674
24374	11.510043	2.271231	-2.708101	0.110467	-1.724302	0.217952	0.335695	0.326058	0.883739	0.696329	-0.717723	0.000301	0.634378	0.615272	-0.467980
24375	11.289223	2.363659	-2.311905	0.075632	-1.821286	0.250544	0.348854	0.335432	0.875092	0.695959	-0.718078	-0.002196	0.627648	0.609794	-0.483951
24376	11.212043	2.148257	-1.674951	0.074816	-1.908423	0.251182	0.362484	0.345231	0.865691	0.695543	-0.718469	-0.004720	0.620343	0.603836	-0.500556
24377	11.150444	1.609345	-1.376494	0.165863	-1.998029	0.208232	0.376157	0.355756	0.855537	0.695808	-0.718191	-0.007285	0.611847	0.598030	-0.517690
24378	11.427828	1.271428	-1.943881	0.336815	-2.034015	0.147810	0.389503	0.366832	0.844821	0.697297	-0.716708	-0.010284	0.601718	0.593097	-0.534951
24379	10.917320	1.328976	-2.380436	0.279502	-2.099153	0.141268	0.402920	0.378220	0.833430	0.698419	-0.715573	-0.012914	0.591496	0.587287	-0.552474
24380	10.630220	0.848135	-3.165162	0.145637	-2.123597	0.166436	0.416514	0.389448	0.821491	0.698604	-0.715350	-0.015079	0.581781	0.580177	-0.570023
24381	10.103439	0.265540	-3.661123	0.054388	-2.092987	0.195823	0.429864	0.400114	0.809398	0.698104	-0.715797	-0.016913	0.572597	0.572314	-0.587017
24382	9.772360	-0.369130	-4.277514	-0.026347	-2.059974	0.230110	0.443148	0.410190	0.797097	0.696963	-0.716866	-0.018576	0.563792	0.563779	-0.603566
24383	9.449516	-0.895118	-5.113154	-0.137713	-1.989731	0.285038	0.456172	0.419274	0.784931	0.694927	-0.718804	-0.019913	0.555863	0.554553	-0.619264
24384	9.342466	-1.517392	-5.949807	-0.220224	-1.949893	0.373363	0.469501	0.427325	0.772633	0.691997	-0.721582	-0.021411	0.548369	0.544713	-0.634492
24385	9.195841	-1.973953	-6.322231	-0.173634	-1.885987	0.435661	0.482683	0.434362	0.760491	0.688995	-0.724383	-0.023566	0.540650	0.535350	-0.648920
24386	8.722928	-2.331759	-6.934197	0.082595	-1.761550	0.430786	0.495065	0.440629	0.748837	0.687347	-0.725814	-0.027331	0.531474	0.528241	-0.662191
24387	8.308336	-2.152351	-7.301544	0.315559	-1.694986	0.387584	0.506555	0.446725	0.737455	0.687086	-0.725860	-0.032256	0.520879	0.523034	-0.674626
24388	7.785616	-2.058349	-7.631025	0.499184	-1.567623	0.367104	0.517129	0.452257	0.726665	0.687795	-0.724894	-0.038312	0.509428	0.519608	-0.685923
24389	7.482083	-1.541435	-7.738807	0.664176	-1.440734	0.345364	0.526673	0.457228	0.716630	0.689356	-0.723003	-0.045334	0.497397	0.517890	-0.695979
24390	7.246540	-1.059638	-7.536769	0.756946	-1.289371	0.311198	0.535131	0.461679	0.707451	0.691440	-0.720500	-0.052826	0.485330	0.517429	-0.704786
24391	6.886250	-0.907103	-7.641556	0.742938	-1.125978	0.293822	0.542484	0.465391	0.699373	0.693444	-0.718000	-0.060100	0.474180	0.517579	-0.712226
24392	6.949462	-1.143959	-7.275453	0.655759	-0.904402	0.239535	0.548367	0.468379	0.692758	0.695233	-0.715708	-0.066431	0.464698	0.518057	-0.718104
24393	7.114024	-2.120884	-7.020034	0.525337	-0.559279	0.087303	0.551474	0.470654	0.688739	0.697200	-0.713375	-0.070760	0.458026	0.519211	-0.721548
24394	8.036905	-2.517131	-5.874062	0.714052	-0.234610	-0.063228	0.552074	0.472349	0.687096	0.700815	-0.709341	-0.075456	0.451744	0.523185	-0.722638
24395	9.405939	-2.447236	-5.174324	1.083537	0.149149	-0.272990	0.549404	0.473484	0.688454	0.707201	-0.702317	-0.081346	0.444997	0.531568	-0.720704
24396	9.251388	-1.679338	-5.378110	1.478243	0.524613	-0.439047	0.543938	0.473745	0.692602	0.716141	-0.692270	-0.088907	0.437349	0.544360	-0.715820
24397	8.723653	-0.625549	-5.578858	1.585789	0.820274	-0.520088	0.536547	0.472778	0.698998	0.725856	-0.681039	-0.096531	0.430407	0.559166	-0.708578
24398	8.401549	0.096926	-5.881930	1.465029	1.046822	-0.580855	0.527797	0.470791	0.706955	0.735233	-0.669983	-0.102739	0.425280	0.574002	-0.699757
24399	8.022728	0.890665	-5.873130	1.129465	1.249564	-0.631490	0.517738	0.467721	0.716369	0.743354	-0.660441	-0.106036	0.423524	0.587414	-0.689617
24400	7.636022	1.259017	-5.786848	0.633180	1.444444	-0.701349	0.506338	0.463785	0.726998	0.749652	-0.653406	-0.105279	0.426198	0.598302	-0.678521
24401	7.369805	1.043068	-5.663547	0.112250	1.636358	-0.780619	0.493340	0.458995	0.738877	0.754062	-0.649108	-0.100249	0.433597	0.606616	-0.666341
24402	7.185967	0.324769	-5.925059	-0.276478	1.858738	-0.859522	0.478655	0.453246	0.751969	0.757040	-0.646860	-0.091991	0.444724	0.613303	-0.652748
24403	7.124098	-0.349546	-6.081525	-0.428573	2.060209	-0.925884	0.462239	0.446510	0.766136	0.759486	-0.645318	-0.082130	0.457730	0.619833	-0.637409
24404	6.972404	-0.802266	-6.127122	-0.440306	2.273649	-0.983981	0.444162	0.438696	0.781195	0.761914	-0.643695	-0.071719	0.471388	0.627059	-0.620154
24405	6.853687	-1.117022	-6.129328	-0.315995	2.477618	-1.049048	0.424208	0.429774	0.797083	0.764979	-0.641118	-0.061442	0.484618	0.635816	-0.600736
24406	6.900098	-0.995985	-6.187475	-0.163344	2.670485	-1.164193	0.402143	0.420117	0.813500	0.769001	-0.637205	-0.051073	0.496910	0.646121	-0.579318
24407	6.730442	-0.778256	-6.142839	-0.044356	2.848621	-1.258927	0.378009	0.409520	0.830302	0.773705	-0.632256	-0.040403	0.508418	0.657682	-0.555847
24408	6.667546	-0.504628	-5.956842	0.027897	2.997354	-1.366472	0.351971	0.398241	0.847066	0.778848	-0.626539	-0.029062	0.519146	0.669964	-0.530693
24409	6.565482	-0.317098	-5.832318	0.053572	3.142215	-1.453576	0.324033	0.386036	0.863701	0.784055	-0.620463	-0.016833	0.529396	0.682643	-0.503724
24410	6.560271	-0.261339	-5.904129	0.061340	3.273076	-1.535422	0.294438	0.372979	0.879883	0.789140	-0.614202	-0.003715	0.539040	0.695445	-0.475177
24411	6.625634	-0.091802	-5.815187	0.054037	3.379573	-1.606985	0.263243	0.359063	0.895420	0.793924	-0.607929	0.010375	0.548077	0.708164	-0.445102
24412	6.680098	0.110531	-5.708242	0.027236	3.469207	-1.673078	0.230732	0.344417	0.910022	0.798214	-0.601839	0.025396	0.556433	0.720532	-0.413782
24413	6.742335	0.196190	-5.646949	-0.030478	3.561099	-1.735314	0.196789	0.328929	0.923623	0.801757	-0.596208	0.041503	0.564323	0.732354	-0.381048
24414	6.989591	0.194293	-5.526402	-0.113592	3.632934	-1.787619	0.161763	0.312752	0.935959	0.804321	-0.591301	0.058573	0.571752	0.743336	-0.347204
24415	7.353391	0.213521	-5.301035	-0.190619	3.697057	-1.833928	0.125630	0.295878	0.946928	0.805859	-0.587139	0.076544	0.578626	0.753475	-0.312198
24416	7.698405	0.302513	-4.943003	-0.283646	3.745925	-1.865434	0.088765	0.278420	0.956349	0.806211	-0.583924	0.095167	0.584932	0.762571	-0.276298
24417	8.149540	0.432955	-4.801205	-0.349802	3.763130	-1.878138	0.051416	0.260508	0.964102	0.805465	-0.581540	0.114181	0.590408	0.770680	-0.239731
24418	8.671327	0.738409	-4.550866	-0.373634	3.768535	-1.863055	0.014060	0.242159	0.970135	0.803861	-0.579744	0.133062	0.594651	0.777982	-0.202813
24419	9.348698	1.070662	-4.056239	-0.382335	3.727183	-1.826916	-0.022918	0.223617	0.974408	0.801490	-0.578472	0.151604	0.597569	0.784452	-0.165970
24420	9.694816	1.351224	-3.449370	-0.299699	3.671514	-1.750350	-0.058916	0.204831	0.977023	0.798978	-0.577077	0.169162	0.598467	0.790586	-0.129656
24421	10.099678	1.850235	-2.670278	-0.142758	3.542304	-1.634331	-0.093218	0.186132	0.978093	0.796868	-0.575012	0.185372	0.596919	0.796690	-0.094721
24422	10.307603	2.635215	-1.444170	0.147655	3.397313	-1.530208	-0.125635	0.167733	0.977794	0.796065	-0.571119	0.200256	0.592027	0.803547	-0.061774
24423	11.553603	5.004092	4.436306	0.201185	3.014664	-1.359874	-0.154302	0.151163	0.976392	0.795330	-0.567327	0.213521	0.586210	0.809500	-0.032685
24424	9.781979	2.969198	2.321305	0.215502	2.472643	-1.109611	-0.177578	0.137380	0.974471	0.794738	-0.563973	0.224334	0.580394	0.814285	-0.009032
24425	9.128921	4.269679	3.319694	0.276411	1.718913	-0.740799	-0.193488	0.127515	0.972781	0.794938	-0.560737	0.231618	0.575009	0.818116	0.007129
24426	8.239058	3.340053	3.532600	0.071056	1.050558	-0.428335	-0.202949	0.121327	0.971644	0.794488	-0.559620	0.235825	0.572363	0.819820	0.017182
24427	7.202602	1.660146	2.327205	0.243140	0.519042	-0.209375	-0.207675	0.118231	0.971026	0.795421	-0.557376	0.237984	0.569364	0.821799	0.021710
24428	7.367800	1.508862	0.127214	0.492450	0.070895	0.022631	-0.207927	0.117538	0.971057	0.798254	-0.553347	0.237903	0.565294	0.824616	0.021231
24429	7.290859	1.985180	-1.441152	0.577894	-0.313844	0.329654	-0.203620	0.118306	0.971876	0.802162	-0.548966	0.234889	0.561315	0.827430	0.016880
24430	6.673608	1.678643	-3.439391	0.487438	-0.595727	0.571856	-0.195716	0.120127	0.973275	0.806025	-0.545608	0.229426	0.558587	0.829386	0.009959
24431	6.362380	0.915642	-4.995195	0.283570	-0.794492	0.702911	-0.185701	0.122887	0.974892	0.808925	-0.544111	0.222674	0.557813	0.829965	0.001636
24432	6.059319	0.148718	-6.153555	0.090312	-0.935702	0.744933	-0.174475	0.126611	0.976488	0.810763	-0.544289	0.215436	0.558768	0.829288	-0.007687
24433	5.210872	-0.414110	-6.253099	-0.122584	-1.029890	0.781385	-0.162454	0.130889	0.977996	0.811374	-0.546309	0.207892	0.561499	0.827293	-0.017450
24434	4.962280	-0.561938	-5.859077	-0.269306	-1.258703	0.813738	-0.148789	0.136839	0.979355	0.811116	-0.549620	0.200024	0.565644	0.824132	-0.029215
24435	8.882056	0.698394	-4.214868	-0.457121	-1.483582	0.876843	-0.133322	0.144209	0.980525	0.809738	-0.554605	0.191668	0.571445	0.819522	-0.042830
24436	13.890407	2.504278	1.182543	-1.121215	-1.097152	0.729576	-0.121138	0.149090	0.981375	0.804195	-0.564817	0.185074	0.581890	0.811637	-0.051477
24437	15.376179	-0.364922	-2.478924	-0.980636	-1.081092	0.538881	-0.110549	0.154779	0.981745	0.799055	-0.573556	0.180402	0.591008	0.804411	-0.060271
24438	16.624573	-2.143319	-7.246434	0.313809	-1.443007	0.839654	-0.095337	0.161589	0.982242	0.801767	-0.572357	0.171979	0.589983	0.803926	-0.074990
24439	12.105154	1.129884	-7.254068	1.092658	-1.545489	1.148619	-0.077082	0.167530	0.982849	0.809154	-0.565438	0.159840	0.582518	0.807597	-0.091972
24440	8.606808	2.178530	-5.777287	0.983961	-1.525827	0.981394	-0.060304	0.174372	0.982831	0.815522	-0.559151	0.149242	0.575575	0.810521	-0.108485
24441	7.146446	1.077191	-5.207279	0.379947	-1.306712	0.675224	-0.047333	0.181226	0.982302	0.818062	-0.557266	0.142229	0.573179	0.810316	-0.121877
24442	8.227554	-0.553535	-5.429145	0.255998	-1.134949	0.611116	-0.035863	0.187032	0.981699	0.819778	-0.556314	0.135936	0.571557	0.809651	-0.133374
24443	9.739815	0.413452	-4.530664	0.227074	-1.060691	0.680664	-0.024265	0.191871	0.981120	0.821275	-0.555758	0.128997	0.570016	0.808900	-0.144093
24444	10.179619	0.783329	-3.353235	0.111827	-1.001655	0.701460	-0.012826	0.196083	0.980504	0.822040	-0.556210	0.121985	0.569285	0.807578	-0.154054
24445	9.984089	-0.323670	-2.473481	0.189032	-0.938048	0.635778	-0.002300	0.200162	0.979760	0.823160	-0.555936	0.115508	0.567804	0.806765	-0.163487
24446	9.903606	-0.673586	-2.000786	0.422971	-0.889990	0.567655	0.007387	0.204211	0.978899	0.825539	-0.553665	0.109272	0.564297	0.807312	-0.172674
24447	9.738783	0.229244	-1.902546	0.618844	-0.861669	0.537793	0.016643	0.208249	0.977934	0.828949	-0.549766	0.102964	0.559077	0.808944	-0.181778
24448	9.685596	1.025139	-2.152903	0.537449	-0.857821	0.561683	0.026052	0.212130	0.976894	0.831820	-0.546591	0.096507	0.554433	0.810086	-0.190694
24449	9.502837	1.098730	-2.449629	0.276801	-0.875182	0.614615	0.035978	0.215903	0.975752	0.833160	-0.545656	0.090016	0.551860	0.809719	-0.199514
24450	9.529389	1.001757	-2.819616	0.048257	-0.883383	0.612683	0.045924	0.219718	0.974482	0.833175	-0.546595	0.083977	0.551099	0.808058	-0.208165
24451	9.513640	0.576644	-3.240002	-0.137599	-0.876193	0.594306	0.055673	0.223573	0.973096	0.832115	-0.549015	0.078532	0.551802	0.805356	-0.216604
24452	9.753095	0.002751	-3.680753	-0.235393	-0.847766	0.553516	0.064927	0.227355	0.971645	0.830481	-0.552149	0.073703	0.553250	0.802147	-0.224664
24453	9.837927	-0.535864	-4.116039	-0.264941	-0.804896	0.517426	0.073651	0.230977	0.970168	0.828656	-0.555448	0.069333	0.554892	0.798828	-0.232310
24454	9.967609	-0.840643	-4.353278	-0.266427	-0.761193	0.467685	0.081721	0.234456	0.968686	0.826813	-0.558655	0.065462	0.556509	0.795572	-0.239505
24455	10.106624	-0.925239	-4.506089	-0.203108	-0.700412	0.399794	0.088902	0.237826	0.967231	0.825342	-0.561204	0.062130	0.557590	0.792773	-0.246180
24456	10.012576	-0.645697	-4.219606	-0.140419	-0.652907	0.333529	0.095265	0.241135	0.965804	0.824253	-0.563108	0.059290	0.558150	0.790419	-0.252401
24457	9.787629	-0.498213	-3.738814	-0.066698	-0.611217	0.285545	0.101011	0.244398	0.964399	0.823603	-0.564320	0.056746	0.558099	0.788551	-0.258290
24458	9.847376	-0.367072	-3.304883	0.046974	-0.570057	0.225770	0.106018	0.247632	0.963036	0.823634	-0.564499	0.054482	0.557125	0.787413	-0.263805
24459	9.745683	0.212440	-2.744334	0.122285	-0.531031	0.186683	0.110495	0.250805	0.961711	0.824115	-0.563994	0.052398	0.555541	0.786770	-0.269011
24460	9.535021	0.473894	-2.504182	0.130936	-0.524010	0.185265	0.114899	0.253899	0.960382	0.824635	-0.563425	0.050296	0.553874	0.786185	-0.274110
24461	9.443763	0.563537	-2.291103	0.127779	-0.533935	0.189849	0.119402	0.257072	0.958988	0.825122	-0.562898	0.048159	0.552192	0.785532	-0.279327
24462	9.273893	0.753851	-2.256603	0.105103	-0.545780	0.184658	0.123905	0.260334	0.957535	0.825480	-0.562544	0.046126	0.550664	0.784711	-0.284602
24463	9.067252	0.810165	-2.266076	0.068526	-0.563407	0.212028	0.128738	0.263604	0.956002	0.825592	-0.562554	0.043939	0.549385	0.783611	-0.290052
24464	8.991832	0.705851	-2.197903	-0.016586	-0.593902	0.238184	0.133935	0.266928	0.954364	0.825191	-0.563309	0.041747	0.548745	0.781942	-0.295713
24465	8.919466	0.429673	-2.232983	-0.073494	-0.624618	0.252053	0.139422	0.270429	0.952591	0.824447	-0.564552	0.039602	0.548496	0.779840	-0.301666
24466	9.044776	0.159818	-2.304862	-0.110072	-0.646579	0.253588	0.145028	0.274046	0.950718	0.823486	-0.566092	0.037558	0.548486	0.777457	-0.307772
24467	9.089516	0.061227	-2.342875	-0.115738	-0.665867	0.254609	0.150757	0.277814	0.948732	0.822479	-0.567684	0.035539	0.548453	0.774954	-0.314079
24468	9.002049	-0.048825	-2.335124	-0.087743	-0.680773	0.250845	0.156521	0.281673	0.946658	0.821616	-0.569058	0.033473	0.548132	0.772550	-0.320496
24469	9.002027	-0.098072	-2.408079	-0.025679	-0.695922	0.244486	0.162322	0.285690	0.944475	0.821090	-0.569941	0.031283	0.547232	0.770421	-0.327091
24470	9.098721	-0.026768	-2.594723	0.034585	-0.702855	0.234577	0.168058	0.289778	0.942223	0.820896	-0.570342	0.028989	0.545790	0.768595	-0.333728
24471	9.161182	0.164906	-2.713210	0.071087	-0.721822	0.233408	0.173888	0.294028	0.939846	0.820889	-0.570469	0.026590	0.543971	0.766885	-0.340562
24472	8.971847	0.040047	-2.764450	0.069792	-0.729099	0.236755	0.179761	0.298278	0.937399	0.820853	-0.570628	0.024161	0.542112	0.765124	-0.347419
24473	9.117642	-0.192571	-2.652186	0.083969	-0.762475	0.231964	0.185771	0.302819	0.934767	0.820889	-0.570674	0.021732	0.540028	0.763303	-0.354596
24474	9.281779	-0.311941	-2.438295	0.070797	-0.788571	0.223198	0.191823	0.307573	0.931988	0.820854	-0.570807	0.019428	0.537961	0.761300	-0.361967
24475	9.268453	-0.258790	-2.331409	0.084972	-0.822407	0.233465	0.198134	0.312529	0.929015	0.820860	-0.570877	0.016980	0.535660	0.759227	-0.369652
24476	9.064578	-0.273359	-2.114174	0.136264	-0.850620	0.245407	0.204663	0.317595	0.925876	0.821100	-0.570608	0.014228	0.532831	0.757325	-0.377559
24477	9.258218	-0.282453	-1.807966	0.181609	-0.909125	0.242889	0.211466	0.323118	0.922430	0.821564	-0.570003	0.011324	0.529447	0.755441	-0.385998
24478	9.556195	0.016884	-1.428770	0.228734	-0.984031	0.220464	0.218438	0.329303	0.918610	0.822303	-0.568987	0.008434	0.525455	0.753533	-0.395075
24479	9.742936	0.335499	-1.855052	0.350343	-1.040309	0.220484	0.225668	0.335910	0.914461	0.823651	-0.567074	0.005046	0.520262	0.752058	-0.404643
24480	9.639630	1.818923	-1.881506	0.393239	-1.104376	0.254421	0.233449	0.342784	0.909946	0.825108	-0.564973	0.001146	0.514488	0.750536	-0.414726
24481	9.499115	1.905337	-1.643822	0.276508	-1.227135	0.301836	0.242194	0.350298	0.904784	0.825813	-0.563938	-0.002719	0.509289	0.747840	-0.425863
24482	9.465817	1.957057	-1.452602	0.267702	-1.336219	0.281869	0.251261	0.358698	0.899002	0.826480	-0.562929	-0.006385	0.503784	0.744612	-0.437899
24483	9.460318	2.363775	-0.968550	0.245770	-1.474201	0.297268	0.261068	0.367996	0.892425	0.826957	-0.562174	-0.010101	0.497981	0.740635	-0.451082
24484	9.586873	2.312740	-0.499608	0.214346	-1.625663	0.347149	0.271954	0.378062	0.884935	0.827101	-0.561876	-0.014136	0.491879	0.735775	-0.465500
24485	9.670497	2.061126	0.012683	0.215901	-1.796685	0.400379	0.284000	0.389000	0.876369	0.827051	-0.561818	-0.018639	0.485109	0.730096	-0.481279
24486	10.238291	1.604475	0.088227	0.274323	-1.972399	0.433612	0.297045	0.400920	0.866618	0.827120	-0.561525	-0.023731	0.477113	0.723846	-0.498407
24487	10.761054	1.660974	-0.228785	0.422026	-2.108724	0.465117	0.310800	0.413523	0.855805	0.827709	-0.560365	-0.029829	0.467228	0.717628	-0.516437
24488	11.580877	2.055216	-0.958398	0.536916	-2.264818	0.528411	0.325596	0.426762	0.843719	0.828514	-0.558737	-0.037113	0.455578	0.711117	-0.535501
24489	11.494806	2.131540	-2.033309	0.527148	-2.374162	0.556444	0.340819	0.440460	0.830564	0.829041	-0.557407	-0.044593	0.443321	0.703770	-0.555134
24490	11.624987	1.951230	-3.693530	0.532122	-2.450555	0.591799	0.356402	0.454330	0.816433	0.829313	-0.556317	-0.052444	0.430369	0.695770	-0.575054
24491	11.600772	2.861351	-4.889170	0.491820	-2.479007	0.633539	0.372096	0.467952	0.801602	0.829104	-0.555823	-0.060389	0.417290	0.687082	-0.594800
24492	11.028299	3.116397	-4.949597	0.280104	-2.484817	0.688467	0.387992	0.481083	0.786143	0.827652	-0.557165	-0.067519	0.405529	0.676850	-0.614345
24493	10.695588	2.154717	-4.632773	-0.025522	-2.535927	0.739353	0.404188	0.493960	0.769828	0.824638	-0.560925	-0.073047	0.395734	0.664354	-0.634057
24494	11.292552	0.933814	-4.775546	-0.321581	-2.546888	0.733045	0.420167	0.506580	0.752885	0.820369	-0.566690	-0.076530	0.387884	0.649799	-0.653687
24495	11.387086	0.374814	-4.670364	-0.570305	-2.523810	0.711550	0.435622	0.518720	0.735638	0.815148	-0.573981	-0.077974	0.381795	0.633621	-0.672873
24496	11.710823	-0.124789	-5.124680	-0.739391	-2.482142	0.678378	0.450518	0.530330	0.718181	0.809352	-0.582144	-0.077835	0.376807	0.616327	-0.691490
24497	11.500633	-1.084385	-5.261885	-0.829610	-2.381882	0.625193	0.464406	0.541135	0.701071	0.803403	-0.590515	-0.076394	0.372654	0.598720	-0.708988
24498	11.356532	-2.190137	-5.521589	-0.885431	-2.316431	0.571303	0.477539	0.551417	0.684029	0.797444	-0.598841	-0.073973	0.368835	0.580800	-0.725694
24499	11.217771	-2.786780	-5.790162	-0.849608	-2.230666	0.580013	0.490251	0.560676	0.667305	0.791542	-0.606906	-0.071596	0.364850	0.563300	-0.741335
24500	10.698390	-3.105265	-6.153136	-0.704131	-2.195055	0.622279	0.503081	0.569077	0.650431	0.785917	-0.614312	-0.070398	0.359505	0.546601	-0.756296
24501	10.560166	-3.325827	-6.709595	-0.241780	-2.146478	0.647572	0.515701	0.576659	0.633654	0.781782	-0.619305	-0.072655	0.350528	0.532847	-0.770197
24502	10.364537	-2.601889	-6.742623	0.249011	-2.038455	0.600817	0.527380	0.583708	0.617378	0.779522	-0.621458	-0.078323	0.337957	0.522566	-0.782758
24503	10.316532	-1.317020	-6.720280	0.669126	-1.819874	0.450264	0.536830	0.590349	0.602745	0.779362	-0.620603	-0.086293	0.323122	0.516081	-0.793254
24504	9.168981	-0.496335	-7.102244	0.788417	-1.505296	0.296818	0.543873	0.596268	0.590480	0.780267	-0.618292	-0.094328	0.308844	0.512035	-0.801521
24505	7.629826	-0.184666	-7.732165	0.770493	-1.250439	0.248565	0.549520	0.601104	0.580260	0.781265	-0.615820	-0.101935	0.296062	0.509352	-0.808027
24506	6.367445	-0.542740	-8.895925	0.539791	-0.932026	0.254886	0.554199	0.604292	0.572446	0.781450	-0.614593	-0.107757	0.286705	0.507057	-0.812831
24507	5.186399	-1.911538	-9.838807	0.235597	-0.631011	0.289252	0.558175	0.605691	0.567080	0.780538	-0.615125	-0.111274	0.281427	0.504737	-0.816112
24508	5.540209	-1.785237	-7.449408	0.431526	-0.665651	0.249100	0.561941	0.607534	0.561360	0.780361	-0.614441	-0.116186	0.274336	0.503353	-0.819375
24509	7.496303	-1.559753	-6.011255	0.595874	-0.206406	0.019859	0.562583	0.608439	0.559734	0.781895	-0.611528	-0.121133	0.268591	0.505801	-0.819771
24510	7.293761	-1.609696	-6.798093	0.845758	0.351342	-0.245512	0.559695	0.608163	0.562921	0.785543	-0.605707	-0.126654	0.263939	0.513086	-0.816749
24511	6.192721	-0.958437	-6.940886	1.035760	0.739480	-0.409869	0.554453	0.606778	0.569564	0.790569	-0.597818	-0.132716	0.259967	0.523865	-0.811162
24512	5.239545	-0.655814	-7.354267	0.942281	1.077132	-0.486403	0.547774	0.603976	0.578927	0.795711	-0.589861	-0.137509	0.258434	0.535982	-0.803701
24513	5.074201	-0.489310	-7.526717	0.740981	1.313259	-0.519046	0.540152	0.599880	0.590237	0.800484	-0.582691	-0.140346	0.259735	0.548283	-0.794936
24514	5.779127	-0.571341	-7.150423	0.482238	1.596265	-0.652146	0.530703	0.594826	0.603768	0.805257	-0.576102	-0.140239	0.264414	0.560614	-0.784727
