// General information: 
//  MT Manager version: 2022.2.0 
//  XDA version: 2022.2.0 build 7381 rev 124627 built on 2023-07-19
// Device information: 
//  DeviceId: 00B4CBA7
//  ProductCode: MTW2-3A7G6
//  Firmware Version: 4.6.0
//  Hardware Version: 2.0.0
// Device settings: 
//  Filter Profile: human(46.1)
//  Option Flags: Orientation Smoother Disabled, Position/Velocity Smoother Disabled, Continuous Zero Rotation Update Disabled, AHS Disabled, ICC Disabled
// Coordinate system: ENU
PacketCounter	Acc_X	Acc_Y	Acc_Z	Gyr_X	Gyr_Y	Gyr_Z	Mat[1][1]	Mat[2][1]	Mat[3][1]	Mat[1][2]	Mat[2][2]	Mat[3][2]	Mat[1][3]	Mat[2][3]	Mat[3][3]
35906	9.345583	0.088092	-2.816404	0.000916	0.008678	0.006455	0.211077	0.202847	0.956190	0.668362	-0.743766	0.010244	0.713260	0.636918	-0.292567
35907	9.363445	0.112118	-2.845068	0.005245	0.010182	0.004286	0.211007	0.202773	0.956221	0.668395	-0.743737	0.010222	0.713250	0.636976	-0.292466
35908	9.315766	0.104064	-2.878923	0.009575	0.011684	0.002117	0.210916	0.202722	0.956252	0.668463	-0.743675	0.010216	0.713212	0.637065	-0.292365
35909	9.331241	0.187436	-2.899975	0.006919	0.007952	0.003674	0.210858	0.202666	0.956277	0.668510	-0.743634	0.010195	0.713186	0.637131	-0.292286
35910	9.313918	0.162424	-2.869557	0.006440	0.011062	0.000854	0.210764	0.202628	0.956306	0.668560	-0.743589	0.010210	0.713167	0.637195	-0.292191
35911	9.309871	0.175968	-2.900212	0.004597	0.003468	0.003138	0.210734	0.202606	0.956317	0.668590	-0.743561	0.010200	0.713147	0.637235	-0.292154
35912	9.314242	0.161640	-2.868550	-0.000139	0.003897	0.004943	0.210718	0.202582	0.956325	0.668583	-0.743568	0.010196	0.713158	0.637234	-0.292126
35913	9.335183	0.164838	-2.812421	-0.001861	0.000625	0.007619	0.210739	0.202544	0.956329	0.668558	-0.743591	0.010163	0.713176	0.637220	-0.292116
35914	9.297564	0.174179	-2.745792	0.004215	-0.001280	0.007296	0.210777	0.202536	0.956322	0.668572	-0.743578	0.010124	0.713151	0.637237	-0.292139
35915	9.303526	0.204772	-2.676150	0.006246	-0.010941	0.009114	0.210890	0.202561	0.956292	0.668602	-0.743552	0.010053	0.713089	0.637259	-0.292240
35916	9.273694	0.259235	-2.648769	0.008325	-0.015103	0.008866	0.211035	0.202629	0.956246	0.668647	-0.743513	0.009986	0.713004	0.637283	-0.292395
35917	9.303594	0.240968	-2.586192	0.007822	-0.024175	0.012634	0.211266	0.202712	0.956177	0.668681	-0.743484	0.009877	0.712904	0.637291	-0.292623
35918	9.360367	0.226250	-2.545634	-0.001079	-0.035828	0.016189	0.211607	0.202858	0.956071	0.668645	-0.743518	0.009768	0.712837	0.637205	-0.292973
35919	9.364613	0.217808	-2.572177	-0.003854	-0.043890	0.017356	0.212010	0.203031	0.955945	0.668585	-0.743573	0.009647	0.712773	0.637085	-0.293388
35920	9.346671	0.198377	-2.601536	-0.000930	-0.058616	0.022356	0.212554	0.203276	0.955772	0.668537	-0.743618	0.009479	0.712656	0.636954	-0.293957
35921	9.395897	0.224440	-2.734746	-0.007707	-0.060723	0.028935	0.213154	0.203471	0.955597	0.668425	-0.743722	0.009259	0.712582	0.636771	-0.294532
35922	9.385783	0.145054	-2.850000	-0.012270	-0.070900	0.030324	0.213839	0.203734	0.955388	0.668279	-0.743856	0.009048	0.712514	0.636530	-0.295216
35923	9.370973	0.079754	-2.997068	-0.021065	-0.071568	0.029759	0.214522	0.203991	0.955180	0.668070	-0.744046	0.008860	0.712505	0.636226	-0.295894
35924	9.383003	0.018519	-3.165136	-0.027535	-0.067747	0.029729	0.215180	0.204237	0.954979	0.667810	-0.744281	0.008702	0.712550	0.635873	-0.296546
35925	9.386831	0.016833	-3.248183	-0.041342	-0.061715	0.031017	0.215801	0.204421	0.954799	0.667454	-0.744602	0.008562	0.712696	0.635437	-0.297127
35926	9.401763	-0.071605	-3.275699	-0.043895	-0.054448	0.028453	0.216357	0.204592	0.954637	0.667082	-0.744936	0.008464	0.712875	0.634990	-0.297652
35927	9.438003	-0.075509	-3.401439	-0.039683	-0.045073	0.019301	0.216781	0.204757	0.954505	0.666762	-0.745223	0.008432	0.713046	0.634600	-0.298074
35928	9.436765	-0.075724	-3.404866	-0.029561	-0.026995	0.010240	0.217020	0.204889	0.954423	0.666533	-0.745427	0.008465	0.713187	0.634318	-0.298338
35929	9.373166	-0.055327	-3.427160	-0.022382	-0.018604	0.009350	0.217189	0.204961	0.954369	0.666358	-0.745584	0.008476	0.713299	0.634111	-0.298510
35930	9.357511	-0.034572	-3.359719	-0.019238	-0.005761	0.004033	0.217236	0.205005	0.954349	0.666216	-0.745710	0.008538	0.713417	0.633948	-0.298573
35931	9.375910	0.021389	-3.242164	-0.006478	0.003851	-0.000015	0.217183	0.205003	0.954361	0.666175	-0.745746	0.008591	0.713472	0.633906	-0.298531
35932	9.329567	0.052557	-3.182744	0.004937	0.014947	-0.005537	0.217018	0.204988	0.954402	0.666227	-0.745699	0.008671	0.713474	0.633967	-0.298399
35933	9.314201	0.066282	-3.058392	0.012603	0.020216	-0.003611	0.216824	0.204909	0.954463	0.666330	-0.745607	0.008702	0.713437	0.634100	-0.298203
35934	9.309820	0.073060	-3.033372	0.021452	0.026375	-0.005117	0.216581	0.204818	0.954538	0.666500	-0.745454	0.008728	0.713352	0.634308	-0.297963
35935	9.266880	0.155970	-2.987479	0.035518	0.028974	-0.005628	0.216311	0.204699	0.954624	0.666770	-0.745213	0.008710	0.713181	0.634631	-0.297685
35936	9.315177	0.155424	-2.896266	0.033562	0.025246	0.001599	0.216121	0.204565	0.954696	0.667010	-0.744999	0.008637	0.713014	0.634925	-0.297457
35937	9.291144	0.196019	-2.833676	0.028350	0.028794	0.000600	0.215894	0.204400	0.954783	0.667215	-0.744815	0.008581	0.712891	0.635193	-0.297180
35938	9.306512	0.167306	-2.845640	0.031367	0.025072	0.001461	0.215704	0.204268	0.954854	0.667443	-0.744612	0.008515	0.712735	0.635474	-0.296953
35939	9.309379	0.211314	-2.804549	0.039398	0.022875	0.005812	0.215553	0.204102	0.954924	0.667716	-0.744369	0.008377	0.712525	0.635812	-0.296734
35940	9.293196	0.296494	-2.780699	0.033034	0.018836	0.012762	0.215483	0.203924	0.954977	0.667926	-0.744182	0.008199	0.712349	0.636087	-0.296565
35941	9.276844	0.276867	-2.804001	0.015860	0.008928	0.016530	0.215504	0.203767	0.955006	0.668008	-0.744111	0.008028	0.712266	0.636222	-0.296477
35942	9.270591	0.243749	-2.873448	-0.003956	0.007502	0.015274	0.215531	0.203644	0.955026	0.667951	-0.744163	0.007936	0.712311	0.636201	-0.296414
35943	9.319670	0.151812	-2.939004	-0.018974	0.000471	0.026579	0.215680	0.203466	0.955031	0.667764	-0.744333	0.007773	0.712442	0.636059	-0.296404
35944	9.341575	0.056269	-2.983743	-0.034463	0.000545	0.023145	0.215809	0.203328	0.955031	0.667474	-0.744593	0.007696	0.712674	0.635798	-0.296406
35945	9.361364	0.020208	-3.020735	-0.033315	0.004135	0.027111	0.215934	0.203123	0.955046	0.667183	-0.744855	0.007569	0.712909	0.635556	-0.296360
35946	9.359402	-0.026452	-3.058887	-0.026814	0.012490	0.020556	0.215961	0.202928	0.955082	0.666951	-0.745064	0.007495	0.713118	0.635374	-0.296248
35947	9.313883	0.010563	-3.053331	-0.018163	0.015490	0.016204	0.215933	0.202731	0.955130	0.666792	-0.745207	0.007428	0.713276	0.635269	-0.296094
35948	9.318805	0.100208	-2.973970	-0.015960	0.015645	0.016344	0.215908	0.202547	0.955174	0.666648	-0.745336	0.007361	0.713417	0.635176	-0.295952
35949	9.360968	0.075049	-3.007852	-0.011100	0.019535	0.014925	0.215842	0.202335	0.955234	0.666541	-0.745432	0.007285	0.713537	0.635131	-0.295760
35950	9.329424	0.077288	-2.961879	-0.010642	0.023110	0.013226	0.215744	0.202127	0.955301	0.666441	-0.745523	0.007232	0.713660	0.635091	-0.295548
35951	9.379071	0.090447	-2.979234	-0.009223	0.020435	0.017160	0.215687	0.201892	0.955363	0.666343	-0.745611	0.007130	0.713769	0.635062	-0.295348
35952	9.335934	0.068161	-2.980471	-0.007979	0.026838	0.011668	0.215553	0.201671	0.955440	0.666262	-0.745684	0.007084	0.713885	0.635046	-0.295100
35953	9.346155	0.046506	-2.969532	-0.012380	0.026519	0.011385	0.215413	0.201441	0.955520	0.666154	-0.745781	0.007046	0.714028	0.635005	-0.294842
35954	9.338732	0.000289	-2.928943	-0.013107	0.029199	0.013119	0.215271	0.201195	0.955604	0.666040	-0.745883	0.007000	0.714178	0.634963	-0.294571
35955	9.369801	0.055631	-2.962392	-0.011917	0.030087	0.009687	0.215094	0.200955	0.955694	0.665938	-0.745974	0.006977	0.714325	0.634933	-0.294278
35956	9.327855	0.041055	-3.016940	-0.013120	0.035889	0.008604	0.214874	0.200700	0.955797	0.665831	-0.746070	0.006975	0.714492	0.634901	-0.293943
35957	9.321651	0.106667	-2.983251	-0.015705	0.030961	0.012614	0.214711	0.200432	0.955890	0.665697	-0.746190	0.006934	0.714666	0.634844	-0.293642
35958	9.298697	0.154832	-2.974139	-0.023509	0.036288	0.011102	0.214505	0.200156	0.955994	0.665507	-0.746359	0.006939	0.714904	0.634732	-0.293303
35959	9.323928	0.210550	-2.929774	-0.028381	0.039088	0.007999	0.214253	0.199871	0.956111	0.665292	-0.746551	0.006980	0.715180	0.634597	-0.292923
35960	9.336446	0.130322	-2.925596	-0.039161	0.034723	0.014643	0.214080	0.199579	0.956210	0.664986	-0.746823	0.006996	0.715516	0.634368	-0.292597
35961	9.332252	0.137162	-2.899534	-0.038500	0.033220	0.010453	0.213886	0.199313	0.956309	0.664692	-0.747084	0.007043	0.715847	0.634145	-0.292273
35962	9.373973	0.105804	-2.877499	-0.043344	0.037510	0.017207	0.213711	0.198985	0.956417	0.664352	-0.747386	0.007046	0.716215	0.633892	-0.291921
35963	9.358386	0.088198	-2.898509	-0.037816	0.039900	0.011613	0.213476	0.198668	0.956535	0.664061	-0.747644	0.007079	0.716554	0.633687	-0.291532
35964	9.364788	0.081199	-2.917558	-0.029010	0.040520	0.012196	0.213246	0.198358	0.956650	0.663834	-0.747847	0.007089	0.716834	0.633545	-0.291152
35965	9.387895	0.091381	-2.911940	-0.031135	0.039159	0.014503	0.213036	0.198024	0.956766	0.663584	-0.748068	0.007074	0.717127	0.633388	-0.290771
35966	9.372414	0.073878	-2.932756	-0.039531	0.043279	0.009770	0.212770	0.197714	0.956890	0.663282	-0.748335	0.007138	0.717486	0.633169	-0.290363
35967	9.373289	0.104446	-2.781865	-0.049987	0.031455	0.018801	0.212643	0.197397	0.956983	0.662888	-0.748685	0.007137	0.717888	0.632855	-0.290055
35968	9.426573	0.066870	-2.859645	-0.043725	0.037878	0.006977	0.212397	0.197143	0.957090	0.662560	-0.748974	0.007239	0.718263	0.632593	-0.289699
35969	9.372468	0.126476	-2.860283	-0.039320	0.038182	0.007273	0.212145	0.196870	0.957203	0.662267	-0.749232	0.007317	0.718608	0.632371	-0.289326
35970	9.340160	0.092453	-2.906464	-0.042258	0.032508	0.003500	0.211913	0.196675	0.957294	0.661961	-0.749501	0.007448	0.718958	0.632113	-0.289021
35971	9.382952	0.069788	-2.938685	-0.053381	0.034084	-0.002151	0.211628	0.196499	0.957393	0.661586	-0.749830	0.007656	0.719386	0.631778	-0.288686
35972	9.392692	-0.023294	-2.827191	-0.064837	0.029691	-0.001213	0.211386	0.196358	0.957476	0.661126	-0.750233	0.007897	0.719881	0.631343	-0.288406
35973	9.404854	0.002959	-2.776810	-0.073290	0.028288	-0.003910	0.211131	0.196232	0.957558	0.660611	-0.750684	0.008180	0.720428	0.630846	-0.288125
35974	9.459600	0.006430	-2.475428	-0.093069	0.020105	-0.000774	0.210961	0.196148	0.957612	0.659943	-0.751268	0.008497	0.721090	0.630177	-0.287934
35975	9.537849	-0.002078	-2.374287	-0.079617	0.013345	-0.009793	0.210774	0.196160	0.957651	0.659394	-0.751745	0.008854	0.721647	0.629603	-0.287795
35976	9.537384	0.067478	-2.419081	-0.046395	0.008072	-0.017455	0.210580	0.196277	0.957670	0.659101	-0.751998	0.009196	0.721971	0.629264	-0.287722
35977	9.449634	0.132009	-2.379294	-0.020649	-0.006019	-0.019760	0.210467	0.196487	0.957651	0.658998	-0.752085	0.009479	0.722098	0.629095	-0.287774
35978	9.460553	0.054840	-2.380893	-0.029201	-0.029233	-0.031190	0.210451	0.196942	0.957562	0.658858	-0.752202	0.009902	0.722230	0.628813	-0.288059
35979	9.518894	-0.014218	-2.349391	-0.029420	-0.048677	-0.044822	0.210482	0.197608	0.957418	0.658745	-0.752294	0.010450	0.722325	0.628494	-0.288518
35980	9.535718	-0.021434	-2.191038	-0.041012	-0.072288	-0.045217	0.210685	0.198438	0.957201	0.658546	-0.752459	0.011043	0.722446	0.628035	-0.289213
35981	9.631480	-0.031679	-1.989681	-0.036886	-0.096953	-0.056530	0.210988	0.199495	0.956915	0.658404	-0.752574	0.011725	0.722488	0.627562	-0.290132
35982	9.720368	0.091417	-1.519086	-0.028147	-0.133083	-0.065595	0.211494	0.200859	0.956518	0.658347	-0.752611	0.012474	0.722391	0.627083	-0.291408
35983	9.808616	0.311535	-0.950707	-0.018372	-0.178200	-0.076493	0.212252	0.202575	0.955988	0.658381	-0.752567	0.013293	0.722138	0.626583	-0.293105
35984	9.834164	0.516241	-0.501647	0.023618	-0.240108	-0.092238	0.213353	0.204806	0.955267	0.658754	-0.752225	0.014146	0.721473	0.626268	-0.295406
35985	9.848422	0.492211	-0.853128	0.111864	-0.302798	-0.122332	0.214703	0.207645	0.954351	0.659827	-0.751267	0.015016	0.720091	0.626483	-0.298309
35986	9.727764	0.464904	-1.575563	0.213032	-0.334200	-0.147804	0.216102	0.210880	0.953326	0.661679	-0.749621	0.015828	0.717970	0.627375	-0.301529
35987	9.592328	0.455389	-1.945403	0.239767	-0.376822	-0.134499	0.217886	0.214276	0.952162	0.663694	-0.747824	0.016416	0.715567	0.628367	-0.305154
35988	9.552460	0.479967	-2.048823	0.203325	-0.427835	-0.105326	0.220213	0.217782	0.950830	0.665384	-0.746311	0.016835	0.713281	0.628960	-0.309256
35989	9.635523	0.597152	-1.846751	0.133100	-0.476437	-0.081076	0.223041	0.221406	0.949332	0.666517	-0.745291	0.017224	0.711342	0.628905	-0.313801
35990	9.890586	0.577724	-1.548226	0.077159	-0.520828	-0.081131	0.226168	0.225313	0.947672	0.667256	-0.744616	0.017791	0.709660	0.628316	-0.318750
35991	10.204675	0.605709	-1.208140	0.050235	-0.585156	-0.075902	0.229783	0.229575	0.945778	0.667790	-0.744123	0.018382	0.707994	0.627357	-0.324295
35992	10.516068	0.543677	-0.956659	0.031360	-0.659750	-0.069636	0.233949	0.234255	0.943606	0.668178	-0.743759	0.018980	0.706262	0.626057	-0.330526
35993	10.743052	0.595401	-0.611806	0.048788	-0.733338	-0.070489	0.238624	0.239388	0.941144	0.668694	-0.743281	0.019515	0.704206	0.624681	-0.337442
35994	10.981914	0.589417	-0.441481	0.087327	-0.822493	-0.080226	0.243831	0.245141	0.938324	0.669508	-0.742535	0.020013	0.701645	0.623335	-0.345177
35995	11.198956	0.484241	-0.593955	0.106658	-0.899295	-0.096717	0.249454	0.251481	0.935163	0.670499	-0.741625	0.020580	0.698716	0.621892	-0.353619
35996	11.385074	0.220508	-0.765441	0.163014	-0.949013	-0.125189	0.255187	0.258325	0.931744	0.671955	-0.740289	0.021209	0.695239	0.620678	-0.362495
35997	11.647376	0.242229	-1.146037	0.314581	-0.989184	-0.200032	0.260668	0.265965	0.928070	0.674657	-0.737805	0.021947	0.690573	0.620408	-0.371757
35998	11.776934	0.028863	-1.380895	0.423052	-1.042585	-0.180905	0.266569	0.273784	0.924112	0.678047	-0.734687	0.022074	0.684977	0.620707	-0.381483
35999	12.032505	0.134732	-1.935718	0.735241	-1.059172	-0.184944	0.272498	0.281748	0.919980	0.683559	-0.729594	0.020971	0.677120	0.623146	-0.391404
36000	11.129276	1.386991	-2.179857	0.895098	-1.079938	-0.287742	0.277736	0.290599	0.915650	0.690367	-0.723179	0.020112	0.668024	0.626549	-0.401474
36001	10.930250	1.773341	-2.919672	0.823987	-1.098703	-0.243268	0.283314	0.299272	0.911136	0.696525	-0.717280	0.019017	0.659231	0.629242	-0.411666
36002	10.528993	1.997694	-3.474732	0.789389	-1.063869	-0.195690	0.288855	0.307387	0.906684	0.702255	-0.711708	0.017559	0.650692	0.631652	-0.421445
36003	10.163733	2.056545	-4.093229	0.698868	-1.022636	-0.110845	0.294661	0.314664	0.902309	0.707106	-0.706935	0.015616	0.642787	0.633427	-0.430807
36004	9.808443	1.859853	-4.665485	0.560650	-0.997626	-0.006523	0.300934	0.321044	0.897981	0.710714	-0.703355	0.013286	0.635865	0.634210	-0.439834
36005	9.429042	1.347540	-5.299960	0.469609	-0.992754	0.092014	0.307843	0.326716	0.893582	0.713413	-0.700666	0.010407	0.629503	0.634290	-0.448779
36006	8.981145	1.121674	-5.612749	0.423319	-0.937019	0.146500	0.314708	0.331651	0.889363	0.715616	-0.698457	0.007234	0.623581	0.634166	-0.457144
36007	8.337538	0.836169	-5.925696	0.389733	-0.873648	0.187332	0.321446	0.335905	0.885348	0.717448	-0.696602	0.003807	0.618013	0.633967	-0.464914
36008	7.900825	0.796033	-6.198607	0.355005	-0.837483	0.218730	0.328119	0.339709	0.881439	0.718930	-0.695082	0.000262	0.612762	0.633607	-0.472297
36009	7.442791	0.811890	-6.062723	0.279510	-0.740630	0.224532	0.334229	0.342861	0.877916	0.719902	-0.694069	-0.003010	0.608303	0.633020	-0.478804
36010	7.055877	0.515915	-5.684066	0.172132	-0.582728	0.174279	0.338969	0.345359	0.875115	0.720368	-0.693572	-0.005315	0.605120	0.632207	-0.483885
36011	6.837861	-0.255897	-5.018567	0.067759	-0.314797	0.036489	0.341107	0.347116	0.873588	0.720663	-0.693260	-0.005931	0.603565	0.631586	-0.486630
36012	6.873079	-1.391255	-4.730307	0.087808	0.020569	-0.152783	0.339832	0.348067	0.873707	0.721721	-0.692166	-0.004972	0.603019	0.632263	-0.486427
36013	7.096109	-2.513092	-4.568245	0.272061	0.377612	-0.338650	0.335080	0.348033	0.875554	0.724513	-0.689253	-0.003297	0.602331	0.635455	-0.483110
36014	7.651587	-3.692891	-4.882886	0.631895	0.702676	-0.506339	0.327126	0.347040	0.878949	0.729997	-0.683448	-0.001840	0.600077	0.642232	-0.476912
36015	8.369910	-3.845666	-4.484592	1.188065	1.020290	-0.666994	0.316103	0.344974	0.883782	0.739248	-0.673431	-0.001542	0.594635	0.653822	-0.467895
36016	8.623619	-2.724199	-3.750932	1.653010	1.318755	-0.848198	0.301949	0.341920	0.889898	0.751639	-0.659573	-0.001613	0.586401	0.669369	-0.456157
36017	8.372558	-1.128316	-3.538361	1.807141	1.538028	-1.053130	0.284983	0.338376	0.896820	0.765252	-0.643731	-0.000292	0.577212	0.686377	-0.442395
36018	8.079165	0.247766	-3.567071	1.617687	1.679340	-1.184308	0.266174	0.334262	0.904113	0.777797	-0.628506	0.003381	0.569370	0.702317	-0.427280
36019	8.191457	1.563774	-3.446729	1.091813	1.734832	-1.240992	0.246591	0.329714	0.911308	0.787180	-0.616640	0.010099	0.565279	0.714873	-0.411602
36020	8.211575	2.230795	-3.270670	0.379646	1.773886	-1.228975	0.226801	0.324510	0.918289	0.792243	-0.609883	0.019854	0.566491	0.723005	-0.395413
36021	8.299496	2.504736	-3.223000	-0.339473	1.822043	-1.228289	0.206653	0.318802	0.925019	0.792976	-0.608384	0.032521	0.573135	0.726797	-0.378527
36022	8.537792	2.168744	-3.125532	-0.959054	1.883835	-1.233073	0.185942	0.312644	0.931493	0.789849	-0.611455	0.047560	0.584435	0.726895	-0.360637
36023	8.844875	1.284939	-3.095986	-1.265905	1.973647	-1.222076	0.164624	0.305837	0.937743	0.784511	-0.616859	0.063460	0.597864	0.725223	-0.341483
36024	8.980316	0.828604	-2.915014	-1.271881	2.073929	-1.190044	0.142737	0.298203	0.943770	0.778652	-0.622473	0.078919	0.611005	0.723604	-0.321046
36025	8.980313	0.818111	-2.801040	-1.104255	2.152249	-1.144276	0.120553	0.289803	0.949464	0.773351	-0.627089	0.093213	0.622411	0.723031	-0.299717
36026	9.000882	1.122896	-2.648790	-0.891255	2.227349	-1.086916	0.098154	0.280539	0.954811	0.768949	-0.630431	0.106184	0.631731	0.723778	-0.277600
36027	8.920423	1.429392	-2.525707	-0.681218	2.282239	-1.029826	0.075722	0.270520	0.959732	0.765516	-0.632524	0.117891	0.638945	0.725764	-0.254983
36028	8.819091	1.721795	-2.546340	-0.502929	2.313127	-0.972980	0.053394	0.259873	0.964165	0.762914	-0.633596	0.128525	0.644292	0.728713	-0.232091
36029	8.621702	1.893195	-2.593393	-0.382996	2.330205	-0.913531	0.031345	0.248660	0.968084	0.760825	-0.634065	0.138230	0.648200	0.732209	-0.209062
36030	8.465888	1.847327	-2.696534	-0.285035	2.355628	-0.844272	0.009577	0.236736	0.971527	0.759140	-0.634104	0.147031	0.650857	0.736117	-0.185789
36031	8.228867	1.638080	-2.848515	-0.194186	2.376078	-0.768670	-0.011765	0.224086	0.974498	0.757864	-0.633761	0.154883	0.652306	0.740360	-0.162370
36032	8.117800	1.441417	-3.028718	-0.109044	2.387138	-0.687895	-0.032601	0.210734	0.977000	0.756993	-0.633072	0.161810	0.652610	0.744857	-0.138886
36033	8.084815	1.392950	-3.043243	-0.057804	2.388589	-0.616184	-0.052874	0.196805	0.979016	0.756348	-0.632244	0.167944	0.652029	0.749357	-0.115424
36034	8.106340	1.279549	-2.809358	-0.060518	2.355603	-0.562435	-0.072522	0.182680	0.980494	0.755593	-0.631628	0.173568	0.651015	0.753442	-0.092225
36035	8.235392	1.102320	-2.342882	-0.105937	2.294674	-0.557957	-0.091690	0.168894	0.981360	0.754440	-0.631444	0.179161	0.649933	0.756805	-0.069523
36036	7.978715	0.835078	-1.795949	-0.171880	2.219049	-0.549197	-0.110287	0.155563	0.981650	0.752759	-0.631853	0.184702	0.648991	0.759317	-0.047416
36037	8.273545	0.663132	-1.978370	-0.172255	2.132705	-0.528987	-0.128122	0.142709	0.981437	0.751006	-0.632372	0.189992	0.647746	0.761407	-0.026154
36038	8.465521	0.742552	-2.052465	-0.136094	2.034986	-0.479548	-0.144927	0.130251	0.980832	0.749460	-0.632753	0.194767	0.645992	0.763321	-0.005915
36039	8.776804	0.548499	-1.820087	-0.086391	1.909940	-0.425153	-0.160456	0.118363	0.979920	0.748246	-0.632883	0.198966	0.643725	0.765147	0.012985
36040	8.113607	0.876732	-0.032082	0.069055	1.691272	-0.423301	-0.174522	0.108104	0.978701	0.747969	-0.631873	0.203172	0.640378	0.767496	0.029417
36041	8.781403	-0.055928	-0.048627	0.091178	1.419218	-0.482957	-0.187227	0.100264	0.977186	0.747669	-0.630668	0.207962	0.637131	0.769549	0.043114
36042	10.317334	1.026578	1.533695	0.044165	1.166234	-0.547164	-0.198770	0.094753	0.975455	0.746883	-0.629793	0.213370	0.634552	0.770962	0.054415
36043	8.487625	0.510543	0.222201	0.226658	0.830497	-0.379504	-0.206890	0.090745	0.974147	0.747538	-0.627691	0.217235	0.631176	0.773155	0.062027
36044	7.971529	1.601554	0.316838	0.469839	0.234409	-0.086278	-0.209048	0.089491	0.973802	0.750303	-0.623973	0.218412	0.627172	0.776305	0.063295
36045	7.731986	1.452560	0.367869	0.849972	-0.255211	0.170175	-0.206202	0.090440	0.974321	0.755953	-0.617506	0.217307	0.621302	0.781350	0.058962
36046	8.257680	2.282835	0.287984	0.641496	-0.732453	0.406565	-0.198618	0.093696	0.975588	0.760739	-0.612857	0.213736	0.617922	0.784620	0.050446
36047	10.925338	4.446446	2.305540	0.277321	-0.762277	0.535767	-0.189855	0.096419	0.977066	0.763483	-0.611188	0.208667	0.617291	0.785590	0.042423
36048	12.293680	6.073136	4.456883	-0.223489	-0.475501	0.398804	-0.183909	0.097730	0.978073	0.762835	-0.613328	0.204722	0.619887	0.783758	0.038245
36049	12.252760	4.449685	4.003071	-0.292038	-0.417953	0.326644	-0.178851	0.099011	0.978881	0.761604	-0.615935	0.201453	0.622873	0.781550	0.034753
36050	11.128506	3.170481	2.314936	0.261788	-0.652543	0.451477	-0.171391	0.101357	0.979975	0.764012	-0.614340	0.197160	0.622021	0.782505	0.027854
36051	10.337423	3.010880	0.302629	0.768017	-0.835458	0.517884	-0.162270	0.104761	0.981169	0.769628	-0.608848	0.192292	0.617528	0.786339	0.018171
36052	9.521423	4.061776	-0.674934	0.844722	-0.908467	0.455957	-0.153208	0.109181	0.982144	0.775530	-0.602676	0.187974	0.612438	0.790482	0.007662
36053	9.472643	3.358241	-1.399302	0.320478	-0.906899	0.436530	-0.144297	0.113745	0.982975	0.778133	-0.600627	0.183728	0.611299	0.791397	-0.001840
36054	9.939568	1.384498	-2.687440	0.114097	-0.868993	0.498170	-0.135152	0.117651	0.983815	0.779516	-0.600300	0.178874	0.611628	0.791074	-0.010579
36055	10.072161	0.666062	-3.164813	0.158792	-0.819724	0.603637	-0.125457	0.120531	0.984750	0.781267	-0.599761	0.172942	0.611460	0.791049	-0.018922
36056	10.175330	1.022968	-3.105999	0.277714	-0.784796	0.701377	-0.115220	0.122564	0.985750	0.783797	-0.598414	0.166019	0.610235	0.791757	-0.027116
36057	10.326228	1.837326	-3.142138	0.112563	-0.810550	0.721817	-0.104640	0.124678	0.986664	0.785272	-0.598414	0.158899	0.610245	0.791426	-0.035288
36058	10.052319	1.727384	-3.094819	-0.193971	-0.805569	0.681019	-0.094411	0.126988	0.987401	0.784755	-0.600802	0.152303	0.612573	0.789247	-0.042932
36059	9.655774	1.102662	-2.933707	-0.385242	-0.781306	0.623274	-0.084754	0.129402	0.987963	0.782941	-0.604634	0.146360	0.616295	0.785922	-0.050069
36060	9.562767	0.575475	-2.401104	-0.405118	-0.744669	0.577150	-0.075678	0.131771	0.988387	0.780892	-0.608562	0.140923	0.620064	0.782489	-0.056844
36061	9.620823	0.344234	-1.850774	-0.287874	-0.691229	0.531787	-0.067262	0.133944	0.988704	0.779479	-0.611516	0.135873	0.622807	0.779813	-0.063274
36062	9.654102	0.316284	-1.531588	-0.155995	-0.652481	0.503036	-0.059311	0.135976	0.988935	0.778818	-0.613407	0.131051	0.624439	0.777974	-0.069518
36063	9.753500	0.644930	-1.397822	-0.028114	-0.639522	0.506427	-0.051401	0.137857	0.989118	0.778919	-0.614317	0.126097	0.625015	0.776924	-0.075803
36064	9.613072	1.247616	-1.076773	0.007938	-0.633256	0.510835	-0.043499	0.139665	0.989243	0.779205	-0.614961	0.121085	0.625257	0.776091	-0.082078
36065	9.402614	1.727548	-0.683102	-0.025871	-0.641582	0.519796	-0.035464	0.141460	0.989309	0.779245	-0.615890	0.115999	0.625715	0.775028	-0.088390
36066	9.371387	1.839222	-0.146901	-0.081304	-0.653989	0.537659	-0.027217	0.143240	0.989314	0.778900	-0.617282	0.110803	0.626557	0.773592	-0.094769
36067	9.192997	1.666949	0.343300	-0.128591	-0.696617	0.546561	-0.018622	0.145262	0.989218	0.778216	-0.619062	0.105556	0.627721	0.771791	-0.101517
36068	9.226610	1.449065	0.574709	-0.105514	-0.735188	0.550641	-0.009758	0.147547	0.989007	0.777627	-0.620679	0.100270	0.628650	0.770057	-0.108680
36069	9.326749	1.251280	0.557946	-0.069377	-0.777403	0.573028	-0.000443	0.149985	0.988688	0.777217	-0.622063	0.094715	0.629232	0.768467	-0.116295
36070	9.317110	1.029221	0.402997	0.005082	-0.806357	0.589866	0.009176	0.152534	0.988256	0.777220	-0.622914	0.088928	0.629162	0.767276	-0.124269
36071	9.269063	1.109619	0.147147	0.011218	-0.862425	0.619663	0.019388	0.155301	0.987677	0.777200	-0.623779	0.082826	0.628955	0.766016	-0.132794
36072	9.267507	0.765425	-0.333457	-0.012129	-0.890507	0.633507	0.029871	0.158189	0.986957	0.776964	-0.624862	0.076638	0.628835	0.764541	-0.141573
36073	9.620203	0.170590	-1.171970	-0.030996	-0.884372	0.604030	0.040094	0.161184	0.986110	0.776557	-0.626061	0.070758	0.628770	0.762933	-0.150270
36074	9.636498	-0.405524	-2.309137	0.004630	-0.853694	0.569479	0.049842	0.164151	0.985175	0.776328	-0.626949	0.065187	0.628356	0.761570	-0.158683
36075	9.616038	-0.666144	-3.304391	0.020401	-0.821514	0.554934	0.059279	0.166939	0.984184	0.776153	-0.627710	0.059724	0.627752	0.760336	-0.166780
36076	9.708043	-0.608399	-3.927527	-0.010032	-0.786868	0.549622	0.068444	0.169491	0.983152	0.775738	-0.628708	0.054382	0.627333	0.758946	-0.174512
36077	9.871784	-0.578089	-4.130890	-0.086801	-0.758437	0.521407	0.077215	0.171976	0.982070	0.774814	-0.630253	0.049448	0.627457	0.757103	-0.181915
36078	10.040626	-0.896852	-4.055278	-0.155580	-0.726504	0.477603	0.085438	0.174483	0.980946	0.773448	-0.632254	0.045094	0.628075	0.754858	-0.188972
36079	10.260693	-1.218729	-4.127100	-0.130731	-0.677459	0.406967	0.092811	0.177032	0.979819	0.772265	-0.633951	0.041390	0.628485	0.752838	-0.195553
36080	10.059016	-1.111955	-4.181736	-0.052860	-0.609798	0.370600	0.099472	0.179297	0.978753	0.771577	-0.635006	0.037910	0.628311	0.751412	-0.201506
36081	10.127653	-0.812009	-4.047193	-0.046263	-0.579215	0.351387	0.105792	0.181431	0.977697	0.770927	-0.635983	0.034601	0.628076	0.750072	-0.207151
36082	10.090018	-0.739958	-3.731977	0.014855	-0.523517	0.322918	0.111539	0.183331	0.976703	0.770670	-0.636457	0.031456	0.627397	0.749207	-0.212278
36083	10.059244	-0.575517	-3.367801	0.061668	-0.477006	0.287066	0.116712	0.185095	0.975765	0.770731	-0.636521	0.028555	0.626380	0.748720	-0.216948
36084	9.930671	-0.228126	-2.976929	0.123178	-0.424401	0.259303	0.121340	0.186654	0.974903	0.771195	-0.636077	0.025797	0.624928	0.748710	-0.221128
36085	9.890078	-0.162296	-2.648232	0.160994	-0.398771	0.235760	0.125619	0.188160	0.974072	0.771910	-0.635309	0.023174	0.623197	0.748985	-0.225049
36086	9.799386	-0.148971	-2.309401	0.214226	-0.364023	0.218333	0.129544	0.189533	0.973291	0.772966	-0.634112	0.020602	0.621081	0.749652	-0.228649
36087	9.645634	0.107468	-2.130270	0.248460	-0.352020	0.205792	0.133289	0.190889	0.972520	0.774238	-0.632636	0.018062	0.618699	0.750555	-0.232117
36088	9.504422	0.488990	-1.864238	0.246920	-0.342718	0.200677	0.136935	0.192225	0.971750	0.775494	-0.631162	0.015573	0.616326	0.751454	-0.235498
36089	9.416258	0.586816	-1.645153	0.132718	-0.378541	0.191663	0.140723	0.193879	0.970880	0.776048	-0.630531	0.013430	0.614774	0.751559	-0.239190
36090	9.285418	0.287037	-1.673666	0.136642	-0.385416	0.183196	0.144485	0.195652	0.969971	0.776628	-0.629857	0.011363	0.613166	0.751665	-0.242954
36091	9.171497	0.294295	-1.532479	0.114118	-0.406758	0.188656	0.148413	0.197540	0.968995	0.777053	-0.629366	0.009288	0.611688	0.751582	-0.246905
36092	9.265698	-0.008542	-1.601766	0.087630	-0.429659	0.204548	0.152601	0.199511	0.967940	0.777284	-0.629110	0.007129	0.610363	0.751276	-0.251079
36093	9.234671	0.067795	-1.668025	0.103446	-0.445797	0.217821	0.156982	0.201508	0.966825	0.777580	-0.628766	0.004794	0.608872	0.751032	-0.255394
36094	9.266947	0.034255	-1.861058	0.081916	-0.470246	0.221962	0.161541	0.203672	0.965620	0.777728	-0.628596	0.002478	0.607490	0.750590	-0.259945
36095	9.260781	-0.147603	-1.911942	0.072220	-0.489294	0.219970	0.166192	0.205979	0.964341	0.777809	-0.628501	0.000199	0.606130	0.750040	-0.264663
36096	9.303321	-0.114263	-1.913304	0.097416	-0.503325	0.211406	0.170855	0.208452	0.962993	0.778046	-0.628204	-0.002059	0.604527	0.749605	-0.269517
36097	9.306458	-0.010842	-1.822158	0.115004	-0.527200	0.213880	0.175672	0.211078	0.961554	0.778373	-0.627786	-0.004396	0.602722	0.749220	-0.274582
36098	9.357661	0.004820	-1.762273	0.135102	-0.553649	0.206776	0.180585	0.213955	0.960006	0.778822	-0.627210	-0.006718	0.600688	0.748887	-0.279897
36099	9.335191	0.056455	-1.687005	0.173008	-0.583356	0.202788	0.185633	0.217070	0.958343	0.779491	-0.626347	-0.009118	0.598275	0.748713	-0.285475
36100	9.262920	0.046850	-1.570207	0.187819	-0.622478	0.201805	0.190893	0.220493	0.956526	0.780237	-0.625378	-0.011553	0.595643	0.748522	-0.291417
36101	9.357648	0.035795	-1.497601	0.210729	-0.663302	0.207386	0.196424	0.224180	0.954548	0.781092	-0.624257	-0.014121	0.592717	0.748363	-0.297724
36102	9.310871	-0.071686	-1.362056	0.229472	-0.706587	0.217783	0.202272	0.228134	0.952387	0.782018	-0.623027	-0.016849	0.589519	0.748192	-0.304426
36103	9.492399	-0.082934	-1.168849	0.213640	-0.770258	0.199283	0.208331	0.232673	0.949980	0.782870	-0.621883	-0.019369	0.586270	0.747746	-0.311710
36104	9.577447	-0.288239	-1.215410	0.265043	-0.826547	0.199417	0.214691	0.237636	0.947331	0.784002	-0.620366	-0.022058	0.582450	0.747446	-0.319494
36105	9.512693	0.722802	-1.102252	0.327795	-0.876761	0.223343	0.221501	0.242824	0.944444	0.785422	-0.618447	-0.025198	0.577970	0.747369	-0.327706
36106	9.291846	0.754792	-1.013891	0.248535	-0.959586	0.250667	0.228963	0.248464	0.941191	0.786294	-0.617201	-0.028348	0.573861	0.746544	-0.336682
36107	9.109307	0.767215	-0.940318	0.218006	-1.045081	0.289806	0.237189	0.254490	0.937537	0.786871	-0.616298	-0.031781	0.569714	0.745259	-0.346430
36108	9.379530	0.591111	-0.860751	0.197669	-1.141372	0.282693	0.245856	0.261265	0.933432	0.787317	-0.615550	-0.035080	0.565409	0.743531	-0.357035
36109	9.495805	0.980032	-0.915786	0.197628	-1.228193	0.298640	0.255094	0.268565	0.928870	0.787688	-0.614867	-0.038545	0.560780	0.741492	-0.368395
36110	9.483067	0.959657	-1.017301	0.145356	-1.330002	0.327579	0.265063	0.276413	0.923763	0.787655	-0.614678	-0.042082	0.556185	0.738760	-0.380646
36111	9.410707	0.568401	-1.057822	0.103478	-1.434885	0.368778	0.275885	0.284739	0.918047	0.787237	-0.614943	-0.045845	0.551493	0.735369	-0.393811
36112	9.570807	-0.100814	-1.377042	0.081713	-1.539395	0.381090	0.287293	0.293701	0.911703	0.786621	-0.615440	-0.049616	0.546526	0.731419	-0.407843
36113	10.098014	-0.225492	-1.786015	0.161532	-1.618091	0.378912	0.299039	0.303191	0.904793	0.786396	-0.615385	-0.053696	0.540516	0.727583	-0.422453
36114	10.312160	0.441241	-1.885604	0.226451	-1.697937	0.408143	0.311324	0.313016	0.897273	0.786375	-0.614992	-0.058304	0.533565	0.723744	-0.437610
36115	10.459979	0.706233	-1.914959	0.188638	-1.807401	0.447446	0.324391	0.323322	0.888951	0.785961	-0.615046	-0.063109	0.526341	0.719153	-0.453634
36116	10.640379	0.627165	-2.334687	0.179850	-1.915885	0.448613	0.337880	0.334303	0.879817	0.785426	-0.615225	-0.067864	0.518598	0.713961	-0.470442
36117	10.769299	1.321320	-2.790967	0.247645	-1.957524	0.448686	0.351441	0.345488	0.870131	0.785163	-0.614979	-0.072944	0.509911	0.708829	-0.487393
36118	10.970981	1.904057	-2.904661	0.176979	-2.051375	0.499209	0.365681	0.356906	0.859591	0.784279	-0.615474	-0.078094	0.501184	0.702716	-0.504981
36119	11.001882	2.379937	-2.729342	0.076055	-2.105528	0.537681	0.380328	0.368332	0.848341	0.782662	-0.616882	-0.083046	0.492738	0.695549	-0.522897
36120	11.264081	2.486210	-2.875926	-0.021354	-2.177599	0.570598	0.395375	0.379873	0.836287	0.780357	-0.619155	-0.087690	0.484480	0.687273	-0.541235
36121	11.774721	3.095364	-2.937755	-0.017424	-2.196538	0.570824	0.410341	0.391353	0.823689	0.777986	-0.621465	-0.092301	0.475771	0.678693	-0.559479
36122	11.542549	3.598671	-2.066426	-0.109609	-2.246808	0.618867	0.425684	0.402648	0.810350	0.774896	-0.624650	-0.096682	0.467257	0.669094	-0.577914
36123	11.601429	2.914784	-1.902416	-0.236279	-2.348838	0.667295	0.441691	0.414071	0.795899	0.770921	-0.628932	-0.100624	0.458901	0.658020	-0.597009
36124	11.667344	2.575651	-1.933997	-0.373698	-2.421351	0.689025	0.457939	0.425510	0.780533	0.766138	-0.634249	-0.103731	0.450914	0.645499	-0.616447
36125	11.576642	2.168581	-2.496515	-0.570000	-2.465287	0.729339	0.474507	0.436617	0.764336	0.760202	-0.641020	-0.105766	0.443775	0.631236	-0.636085
36126	11.523107	1.533660	-3.148607	-0.825964	-2.513957	0.764003	0.491305	0.447358	0.747322	0.752889	-0.649532	-0.106146	0.437924	0.614800	-0.655929
36127	11.078870	0.542943	-3.984390	-1.008704	-2.486388	0.837144	0.508373	0.456964	0.729891	0.744327	-0.659416	-0.105587	0.433052	0.596955	-0.675360
36128	10.951051	-0.786583	-5.045076	-1.255056	-2.444405	0.921678	0.525666	0.465192	0.712230	0.734166	-0.671023	-0.103578	0.429739	0.577343	-0.694262
36129	10.965517	-1.885317	-6.230957	-1.294370	-2.355923	0.991549	0.542953	0.471869	0.694652	0.723342	-0.683000	-0.101424	0.426588	0.557540	-0.712160
36130	11.364800	-2.942918	-7.570753	-1.112402	-2.339035	0.968174	0.559764	0.478033	0.676867	0.713306	-0.693683	-0.099989	0.421733	0.538784	-0.729283
36131	11.183240	-3.738808	-8.197087	-0.688319	-2.216305	0.897100	0.575364	0.483566	0.659637	0.705355	-0.701638	-0.100886	0.414041	0.523324	-0.744783
36132	10.045616	-3.547658	-8.569286	-0.081804	-2.050215	0.734086	0.588834	0.489026	0.643527	0.700770	-0.705617	-0.105003	0.402735	0.512794	-0.758187
36133	8.852491	-2.542539	-7.886864	0.327362	-1.832006	0.568064	0.600041	0.494370	0.628927	0.698709	-0.706728	-0.111093	0.389559	0.506097	-0.769487
36134	7.282932	-2.025876	-8.335845	0.465963	-1.502060	0.411049	0.608610	0.499040	0.616890	0.698035	-0.706405	-0.117212	0.377281	0.501948	-0.778272
36135	5.935337	-1.480802	-8.207501	0.524798	-1.181646	0.309912	0.615141	0.502792	0.607290	0.698110	-0.705314	-0.123187	0.366392	0.499733	-0.784872
36136	4.664940	-2.159066	-9.231311	0.320133	-0.857767	0.241741	0.619880	0.505369	0.600293	0.697803	-0.704919	-0.127121	0.358915	0.497686	-0.789613
36137	3.969306	-3.050362	-9.705097	0.118713	-0.574248	0.206339	0.623342	0.506788	0.595492	0.696964	-0.705358	-0.129270	0.354523	0.495616	-0.792892
36138	5.282241	-2.823306	-7.317915	0.220350	-0.423790	0.117465	0.625597	0.508063	0.592031	0.697032	-0.704846	-0.131673	0.350392	0.495039	-0.795086
36139	6.444562	-3.233281	-6.699038	0.405796	0.138760	-0.142331	0.624093	0.508397	0.593330	0.699360	-0.702091	-0.134030	0.348431	0.498598	-0.793723
36140	6.454196	-3.099668	-7.193013	0.821457	0.565766	-0.426165	0.619079	0.508534	0.598444	0.704887	-0.695776	-0.137950	0.346230	0.507237	-0.789199
36141	5.579729	-1.745570	-6.849942	1.036016	0.969015	-0.673615	0.610930	0.508239	0.607007	0.712630	-0.687018	-0.142005	0.344852	0.519326	-0.781906
36142	5.443092	-1.447726	-7.150368	0.880102	1.367087	-0.833157	0.600173	0.506739	0.618877	0.720744	-0.678144	-0.143695	0.346872	0.532293	-0.772233
36143	5.298763	-1.775313	-7.571480	0.725464	1.647730	-0.927451	0.587672	0.504129	0.632847	0.728805	-0.669531	-0.143427	0.351405	0.545510	-0.760876
36144	6.053340	-1.753918	-7.221365	0.574204	1.903484	-1.088109	0.572882	0.500856	0.648806	0.737181	-0.660875	-0.140742	0.358289	0.558916	-0.747825
36145	6.266373	-1.820565	-6.931710	0.446216	2.219745	-1.275627	0.555338	0.496687	0.667009	0.746014	-0.651972	-0.135627	0.367507	0.572917	-0.732601
36146	6.313974	-2.074790	-6.934604	0.314153	2.491903	-1.449469	0.535098	0.491615	0.687012	0.755112	-0.642970	-0.128041	0.378781	0.587286	-0.715277
36147	6.466952	-2.283150	-6.875386	0.286265	2.743723	-1.613235	0.512250	0.485606	0.708369	0.764680	-0.633369	-0.118778	0.390980	0.602520	-0.695776
36148	6.385792	-2.168260	-6.980998	0.255397	2.965699	-1.741957	0.486992	0.478443	0.730706	0.774419	-0.623397	-0.107945	0.403874	0.618441	-0.674104
36149	6.374613	-1.773379	-6.851622	0.177670	3.128875	-1.826636	0.459883	0.470158	0.753299	0.783812	-0.613605	-0.095539	0.417310	0.634381	-0.650702
36150	6.333663	-1.414661	-6.637466	0.002085	3.296461	-1.874180	0.431047	0.460404	0.776033	0.792187	-0.604856	-0.081171	0.432017	0.649751	-0.625448
36151	6.336647	-1.259981	-6.485799	-0.179022	3.441818	-1.917296	0.400616	0.449331	0.798504	0.799386	-0.597297	-0.064950	0.447760	0.664332	-0.598476
36152	6.564019	-1.152747	-6.437408	-0.311192	3.569031	-1.964977	0.368506	0.437034	0.820490	0.805537	-0.590665	-0.047173	0.464019	0.678319	-0.569711
36153	6.743501	-0.986430	-6.395119	-0.401019	3.702731	-2.007863	0.334763	0.423482	0.841782	0.810715	-0.584760	-0.028228	0.480286	0.691895	-0.539079
36154	6.971493	-0.877536	-6.332745	-0.436106	3.804305	-2.023947	0.299669	0.408678	0.862079	0.815016	-0.579374	-0.008651	0.495931	0.705200	-0.506700
36155	7.124238	-0.683951	-6.301145	-0.432500	3.906576	-2.029233	0.263401	0.392592	0.881188	0.818561	-0.574311	0.011190	0.510469	0.718358	-0.472634
36156	7.300210	-0.533433	-6.179932	-0.363215	3.998010	-2.032650	0.225993	0.375217	0.898966	0.821662	-0.569132	0.030989	0.523257	0.731643	-0.436922
36157	7.486127	-0.230680	-6.127867	-0.237280	4.090724	-2.023566	0.187681	0.356482	0.915258	0.824599	-0.563470	0.050374	0.533677	0.745267	-0.399707
36158	7.595721	0.197437	-6.035452	-0.119744	4.183635	-2.004238	0.148558	0.336236	0.929987	0.827326	-0.557422	0.069376	0.541722	0.759096	-0.360986
36159	7.612734	0.731808	-6.076873	-0.041345	4.252980	-1.966972	0.109061	0.314578	0.942945	0.829637	-0.551328	0.087974	0.547547	0.772708	-0.321114
36160	7.754953	1.473807	-5.997262	-0.026260	4.299072	-1.901360	0.069572	0.291503	0.954036	0.831188	-0.545766	0.106144	0.551622	0.785598	-0.280264
36161	8.025153	2.017181	-5.610948	-0.149032	4.328985	-1.799910	0.030620	0.267050	0.963196	0.831264	-0.541911	0.123822	0.555034	0.796879	-0.238582
36162	8.489141	2.031412	-5.389257	-0.321770	4.358138	-1.707673	-0.007892	0.241351	0.970406	0.829660	-0.540147	0.141088	0.558214	0.806220	-0.195976
36163	8.902662	1.657533	-5.218416	-0.495839	4.362351	-1.636022	-0.045892	0.214872	0.975563	0.826441	-0.540426	0.157908	0.561150	0.813492	-0.152778
36164	9.068693	1.587602	-4.616972	-0.579053	4.310441	-1.547078	-0.082945	0.188059	0.978649	0.822177	-0.542036	0.173842	0.563156	0.819043	-0.109658
36165	9.582563	1.386942	-3.783003	-0.642332	4.196262	-1.440986	-0.118446	0.161450	0.979747	0.817099	-0.544789	0.188557	0.564198	0.822885	-0.067393
36166	9.578727	0.981024	-2.315771	-0.646106	4.025542	-1.343928	-0.152164	0.135622	0.979006	0.811622	-0.548119	0.202079	0.564018	0.825332	-0.026670
36167	8.665825	1.052520	0.125878	-0.520296	3.779215	-1.272103	-0.183766	0.111399	0.976637	0.806547	-0.550846	0.214593	0.561882	0.827139	0.011378
36168	8.954386	0.455453	1.349239	-0.263901	3.355761	-1.227973	-0.212486	0.090385	0.972975	0.802621	-0.551795	0.226542	0.557359	0.829067	0.044704
36169	10.121883	0.803304	-0.606168	0.039939	3.115269	-1.183248	-0.239249	0.071050	0.968355	0.800160	-0.550509	0.238085	0.550004	0.831800	0.074858
36170	9.592258	2.110222	1.281454	-0.164630	2.588298	-1.010510	-0.261544	0.055083	0.963619	0.796710	-0.551246	0.247752	0.544838	0.832522	0.100290
36171	8.261701	1.428585	1.772122	-0.251026	1.977697	-0.840011	-0.278993	0.043275	0.959318	0.793065	-0.552924	0.255585	0.541490	0.832107	0.119942
36172	7.002800	2.224752	2.450307	-0.003691	1.462454	-0.648212	-0.292072	0.034691	0.955767	0.791174	-0.552708	0.261835	0.537343	0.832653	0.133984
36173	6.214025	3.065024	2.770101	0.144929	0.987229	-0.416451	-0.300680	0.028779	0.953291	0.790704	-0.551370	0.266043	0.533272	0.833764	0.143030
36174	6.432419	3.409907	2.458086	0.125882	0.524401	-0.152876	-0.304735	0.025252	0.952102	0.790890	-0.550285	0.267731	0.530688	0.834595	0.147720
