// General information: 
//  MT Manager version: 2022.2.0 
//  XDA version: 2022.2.0 build 7381 rev 124627 built on 2023-07-19
// Device information: 
//  DeviceId: 00B4CB9F
//  ProductCode: MTW2-3A7G6
//  Firmware Version: 4.6.0
//  Hardware Version: 2.0.0
// Device settings: 
//  Filter Profile: human(46.1)
//  Option Flags: Orientation Smoother Disabled, Position/Velocity Smoother Disabled, Continuous Zero Rotation Update Disabled, AHS Disabled, ICC Disabled
// Coordinate system: ENU
PacketCounter	Acc_X	Acc_Y	Acc_Z	Gyr_X	Gyr_Y	Gyr_Z	Mat[1][1]	Mat[2][1]	Mat[3][1]	Mat[1][2]	Mat[2][2]	Mat[3][2]	Mat[1][3]	Mat[2][3]	Mat[3][3]
58706	9.795675	0.313704	0.393439	-0.007312	0.016513	-0.010673	0.019810	-0.009886	0.999755	-0.853905	0.519961	0.022062	-0.520051	-0.854133	0.001858
58707	9.812021	0.230681	0.304756	-0.030480	0.013037	-0.015245	0.019940	-0.009875	0.999752	-0.853769	0.520180	0.022167	-0.520270	-0.854000	0.001941
58708	9.781237	0.174935	0.221985	-0.025892	0.014835	-0.019749	0.020133	-0.009853	0.999749	-0.853653	0.520364	0.022319	-0.520453	-0.853888	0.002065
58709	9.731646	0.114314	0.312231	0.004568	0.009526	-0.022202	0.020304	-0.009908	0.999745	-0.853698	0.520283	0.022494	-0.520373	-0.853937	0.002105
58710	9.732970	0.177403	0.249522	0.016726	0.004201	-0.018258	0.020428	-0.009971	0.999742	-0.853801	0.520107	0.022633	-0.520198	-0.854043	0.002112
58711	9.806979	0.203493	0.227137	0.017854	-0.007859	-0.020893	0.020498	-0.010167	0.999738	-0.853915	0.519913	0.022795	-0.520008	-0.854159	0.001975
58712	9.859862	0.241961	0.281462	0.001059	-0.005856	-0.020469	0.020587	-0.010325	0.999735	-0.853942	0.519862	0.022954	-0.519961	-0.854188	0.001885
58713	9.864395	0.315901	0.293693	-0.015928	-0.009932	-0.020589	0.020643	-0.010538	0.999731	-0.853880	0.519956	0.023112	-0.520060	-0.854128	0.001735
58714	9.791279	0.322162	0.295142	-0.040606	-0.013516	-0.023617	0.020720	-0.010780	0.999727	-0.853687	0.520265	0.023303	-0.520374	-0.853937	0.001577
58715	9.762123	0.290942	0.213827	-0.059173	-0.019072	-0.023845	0.020757	-0.011088	0.999723	-0.853400	0.520728	0.023494	-0.520844	-0.853651	0.001346
58716	9.833007	0.199499	0.292586	-0.080632	-0.018328	-0.024993	0.020820	-0.011378	0.999718	-0.852996	0.521379	0.023698	-0.521502	-0.853249	0.001150
58717	9.830271	0.116466	0.350333	-0.086430	-0.007522	-0.023923	0.020917	-0.011587	0.999714	-0.852566	0.522074	0.023890	-0.522201	-0.852822	0.001041
58718	9.780331	0.060129	0.414804	-0.072547	-0.003073	-0.026790	0.021072	-0.011756	0.999709	-0.852207	0.522649	0.024109	-0.522780	-0.852467	0.000995
58719	9.777338	0.014369	0.406047	-0.061558	0.003944	-0.023244	0.021223	-0.011865	0.999704	-0.851906	0.523131	0.024294	-0.523265	-0.852170	0.000995
58720	9.797210	-0.056626	0.392879	-0.044396	0.016049	-0.026987	0.021482	-0.011875	0.999699	-0.851690	0.523472	0.024520	-0.523606	-0.851960	0.001131
58721	9.797440	-0.021471	0.351264	-0.008819	0.023629	-0.020687	0.021714	-0.011803	0.999695	-0.851665	0.523505	0.024679	-0.523636	-0.851941	0.001315
58722	9.852842	0.102271	0.350215	0.017291	0.026093	-0.022380	0.021988	-0.011700	0.999690	-0.851774	0.523318	0.024859	-0.523447	-0.852057	0.001541
58723	9.907005	0.235564	0.301610	0.026554	0.032761	-0.031100	0.022356	-0.011604	0.999683	-0.851932	0.523049	0.025124	-0.523174	-0.852224	0.001808
58724	9.899608	0.189463	0.171442	0.012605	0.030659	-0.037223	0.022779	-0.011538	0.999674	-0.852017	0.522895	0.025450	-0.523018	-0.852319	0.002081
58725	9.818393	0.189636	-0.048238	0.007728	0.023609	-0.042400	0.023196	-0.011579	0.999664	-0.852073	0.522785	0.025827	-0.522908	-0.852386	0.002261
58726	9.748089	0.245430	-0.034858	-0.000012	0.018836	-0.038128	0.023568	-0.011619	0.999655	-0.852083	0.522752	0.026165	-0.522875	-0.852406	0.002420
58727	9.662430	0.371468	0.140498	-0.027840	0.012255	-0.041403	0.023917	-0.011752	0.999645	-0.851954	0.522944	0.026531	-0.523070	-0.852286	0.002495
58728	9.738748	0.414999	0.171877	-0.078696	0.002957	-0.041536	0.024231	-0.011945	0.999635	-0.851556	0.523574	0.026898	-0.523704	-0.851897	0.002515
58729	9.833266	0.295546	0.271116	-0.127971	-0.003074	-0.044457	0.024526	-0.012224	0.999624	-0.850900	0.524618	0.027292	-0.524755	-0.851250	0.002465
58730	9.881929	0.226743	0.380588	-0.160238	-0.001531	-0.051516	0.024900	-0.012509	0.999612	-0.850072	0.525935	0.027756	-0.526078	-0.850433	0.002462
58731	9.827579	0.138674	0.363921	-0.172946	-0.008900	-0.067354	0.025357	-0.012960	0.999594	-0.849170	0.527357	0.028379	-0.527511	-0.849545	0.002367
58732	9.873534	0.094742	0.352490	-0.159264	-0.008528	-0.075179	0.025897	-0.013432	0.999574	-0.848331	0.528667	0.029082	-0.528833	-0.848723	0.002296
58733	9.917444	-0.001029	0.355918	-0.139227	-0.002660	-0.077973	0.026476	-0.013887	0.999553	-0.847600	0.529798	0.029812	-0.529975	-0.848010	0.002256
58734	9.938005	-0.033587	0.297741	-0.122263	-0.000331	-0.074926	0.027055	-0.014288	0.999532	-0.846954	0.530790	0.030513	-0.530977	-0.847383	0.002259
58735	9.837925	-0.069754	0.291907	-0.102168	0.005114	-0.073157	0.027634	-0.014653	0.999511	-0.846418	0.531605	0.031195	-0.531802	-0.846866	0.002287
58736	9.809027	-0.162189	0.298521	-0.083645	0.009084	-0.071507	0.028231	-0.014959	0.999489	-0.845978	0.532264	0.031861	-0.532469	-0.846446	0.002372
58737	9.809602	-0.193588	0.366896	-0.057316	0.019104	-0.070912	0.028864	-0.015194	0.999468	-0.845679	0.532699	0.032521	-0.532910	-0.846168	0.002526
58738	9.785293	-0.185321	0.369664	-0.037410	0.022429	-0.078545	0.029592	-0.015421	0.999443	-0.845486	0.532961	0.033257	-0.533177	-0.845999	0.002733
58739	9.762248	-0.119122	0.334600	-0.038808	0.030504	-0.082332	0.030382	-0.015622	0.999416	-0.845281	0.533237	0.034032	-0.533457	-0.845822	0.002996
58740	9.742723	0.019362	0.314499	-0.064865	0.036535	-0.090563	0.031286	-0.015794	0.999386	-0.844938	0.533726	0.034886	-0.533949	-0.845510	0.003353
58741	9.577261	0.160637	0.323440	-0.102065	0.033365	-0.111816	0.032340	-0.016129	0.999347	-0.844384	0.534531	0.035953	-0.534762	-0.844995	0.003668
58742	9.675059	0.263336	0.217783	-0.134763	0.019919	-0.123420	0.033433	-0.016623	0.999303	-0.843645	0.535615	0.037135	-0.535859	-0.844299	0.003883
58743	9.812510	0.140477	0.114261	-0.148810	0.013064	-0.128504	0.034518	-0.017221	0.999256	-0.842830	0.536810	0.038366	-0.537071	-0.843527	0.004015
58744	9.829651	-0.020360	0.104850	-0.131893	0.013939	-0.125584	0.035595	-0.017778	0.999208	-0.842105	0.537861	0.039568	-0.538138	-0.842846	0.004174
58745	9.771726	-0.158327	0.001672	-0.116755	0.011533	-0.135245	0.036727	-0.018428	0.999155	-0.841454	0.538781	0.040868	-0.539079	-0.842244	0.004281
58746	9.723755	-0.148190	0.027277	-0.089530	-0.005675	-0.137384	0.037796	-0.019217	0.999101	-0.840946	0.539472	0.042189	-0.539797	-0.841784	0.004230
58747	9.636761	0.040350	0.163878	-0.068633	-0.026372	-0.149007	0.038838	-0.020262	0.999040	-0.840546	0.539981	0.043628	-0.540347	-0.841433	0.003941
58748	9.671282	0.225039	0.294572	-0.087570	-0.051864	-0.151346	0.039772	-0.021514	0.998977	-0.840042	0.540644	0.045088	-0.541061	-0.840976	0.003430
58749	9.771780	0.274182	0.343673	-0.103181	-0.063603	-0.153856	0.040652	-0.022900	0.998911	-0.839449	0.541438	0.046575	-0.541915	-0.840428	0.002787
58750	9.798612	0.267936	0.432502	-0.101618	-0.062270	-0.152204	0.041534	-0.024247	0.998843	-0.838861	0.542221	0.048044	-0.542758	-0.839886	0.002181
58751	9.773550	0.195858	0.484531	-0.092113	-0.052734	-0.142150	0.042372	-0.025480	0.998777	-0.838329	0.542920	0.049416	-0.543515	-0.839398	0.001643
58752	9.647607	-0.027897	0.558633	-0.070249	-0.035461	-0.134554	0.043249	-0.026507	0.998713	-0.837916	0.543439	0.050710	-0.544083	-0.839030	0.001293
58753	9.573449	-0.182240	0.647111	-0.014801	-0.029404	-0.127149	0.044086	-0.027464	0.998650	-0.837808	0.543490	0.051932	-0.544183	-0.838966	0.000951
58754	9.576022	-0.156397	0.698077	0.073034	-0.009741	-0.121931	0.044998	-0.028208	0.998589	-0.838174	0.542811	0.053103	-0.543543	-0.839381	0.000782
58755	9.528907	-0.037098	0.672379	0.146930	0.010937	-0.124065	0.046030	-0.028808	0.998525	-0.838943	0.541503	0.054296	-0.542269	-0.840205	0.000757
58756	9.531387	0.389444	0.485245	0.215854	0.007267	-0.127124	0.047079	-0.029432	0.998457	-0.840083	0.539610	0.055517	-0.540411	-0.841401	0.000679
58757	9.569164	1.019875	0.512025	0.249548	0.015267	-0.134530	0.048224	-0.030047	0.998385	-0.841392	0.537430	0.056815	-0.538269	-0.842773	0.000636
58758	9.674324	1.563821	0.465711	0.218565	0.000855	-0.140075	0.049350	-0.030790	0.998307	-0.842524	0.535508	0.058165	-0.536393	-0.843968	0.000486
58759	9.847196	1.714245	0.510221	0.131014	0.007460	-0.150219	0.050588	-0.031550	0.998221	-0.843179	0.534317	0.059618	-0.535247	-0.844695	0.000427
58760	9.811934	1.423938	0.423741	0.038816	0.002952	-0.156795	0.051871	-0.032362	0.998129	-0.843333	0.533903	0.061137	-0.534883	-0.844926	0.000402
58761	9.793939	0.965044	0.178419	-0.007176	-0.017935	-0.142764	0.052911	-0.033295	0.998044	-0.843247	0.533878	0.062515	-0.534916	-0.844905	0.000172
58762	9.733511	0.528779	0.062195	-0.026980	-0.041320	-0.121749	0.053659	-0.034292	0.997970	-0.843066	0.534027	0.063680	-0.535127	-0.844771	-0.000255
58763	9.788791	0.711247	0.189594	0.009970	-0.061911	-0.102964	0.054128	-0.035385	0.997907	-0.843091	0.533869	0.064661	-0.535039	-0.844827	-0.000935
58764	9.726445	1.267685	0.319395	0.026721	-0.083882	-0.099310	0.054460	-0.036622	0.997844	-0.843207	0.533571	0.065603	-0.534824	-0.844962	-0.001821
58765	9.790313	1.535336	0.010902	-0.025575	-0.106668	-0.097565	0.054644	-0.038064	0.997780	-0.843045	0.533713	0.066530	-0.535061	-0.844809	-0.002925
58766	9.972673	1.394740	-0.260554	-0.106885	-0.120369	-0.092813	0.054726	-0.039574	0.997717	-0.842448	0.534543	0.067412	-0.535991	-0.844214	-0.004085
58767	10.043066	0.575316	-0.115500	-0.195693	-0.073028	-0.100168	0.055110	-0.040746	0.997649	-0.841371	0.536116	0.068373	-0.537641	-0.843160	-0.004737
58768	9.773838	-0.241095	0.043990	-0.126693	-0.056004	-0.105941	0.055643	-0.041784	0.997576	-0.840658	0.537103	0.069387	-0.538700	-0.842481	-0.005241
58769	9.742720	-0.219622	-0.133213	0.027981	-0.065060	-0.116095	0.056200	-0.042975	0.997494	-0.840772	0.536780	0.070497	-0.538465	-0.842627	-0.005965
58770	9.736654	0.309137	-0.357661	0.181511	-0.071320	-0.107591	0.056666	-0.044153	0.997416	-0.841714	0.535167	0.071511	-0.536942	-0.843592	-0.006839
58771	9.722200	1.031402	-0.195389	0.244651	-0.068307	-0.094795	0.057030	-0.045256	0.997346	-0.842999	0.533021	0.072391	-0.534883	-0.844891	-0.007753
58772	9.554340	1.604644	-0.159334	0.189888	-0.078205	-0.070076	0.057145	-0.046287	0.997292	-0.844006	0.531339	0.073022	-0.533280	-0.845894	-0.008703
58773	9.664440	1.850838	0.122698	0.040981	-0.089491	-0.074102	0.057225	-0.047457	0.997233	-0.844210	0.530920	0.073710	-0.532948	-0.846092	-0.009682
58774	9.684854	1.819687	0.056719	-0.124706	-0.082430	-0.077415	0.057382	-0.048565	0.997170	-0.843528	0.531900	0.074445	-0.534011	-0.845413	-0.010444
58775	9.788982	1.716635	0.223435	-0.245957	-0.105093	-0.076918	0.057400	-0.049882	0.997104	-0.842196	0.533903	0.075192	-0.536107	-0.844073	-0.011364
58776	9.783511	1.411289	0.654093	-0.319826	-0.088505	-0.087354	0.057604	-0.051095	0.997031	-0.840453	0.536521	0.076053	-0.538814	-0.842339	-0.012038
58777	9.903464	1.150259	0.612130	-0.315542	-0.118426	-0.095097	0.057694	-0.052623	0.996946	-0.838722	0.539089	0.076993	-0.541495	-0.840603	-0.013033
58778	10.004244	1.018816	0.669488	-0.242038	-0.113537	-0.099444	0.057858	-0.054112	0.996857	-0.837376	0.541038	0.077971	-0.543557	-0.839255	-0.014009
58779	9.832163	0.883486	0.638392	-0.179085	-0.115475	-0.096609	0.057970	-0.055623	0.996768	-0.836374	0.542450	0.078912	-0.545086	-0.838245	-0.015076
58780	9.874168	0.672279	0.479826	-0.080008	-0.106860	-0.062930	0.057857	-0.056859	0.996704	-0.835928	0.543050	0.079503	-0.545781	-0.837773	-0.016111
58781	9.997748	0.522734	0.481502	0.051903	-0.078996	-0.008170	0.057426	-0.057584	0.996688	-0.836235	0.542573	0.079528	-0.545356	-0.838032	-0.016996
58782	9.861740	0.604978	0.674360	0.172967	-0.052173	0.042102	0.056735	-0.057791	0.996715	-0.837228	0.541113	0.079031	-0.543903	-0.838962	-0.017684
58783	9.917532	1.217350	0.820801	0.268824	-0.025876	0.068381	0.055953	-0.057658	0.996767	-0.838754	0.538858	0.078254	-0.541628	-0.840421	-0.018210
58784	9.774994	1.696167	0.900366	0.279286	0.025956	0.056572	0.055565	-0.057132	0.996819	-0.840320	0.536509	0.077591	-0.539235	-0.841959	-0.018198
58785	9.559667	1.872767	0.522754	0.218701	0.030350	0.029483	0.055413	-0.056738	0.996850	-0.841542	0.534646	0.077210	-0.537342	-0.843169	-0.018121
58786	9.493289	1.915351	0.183760	0.153892	-0.003711	0.018563	0.055182	-0.056669	0.996867	-0.842405	0.533322	0.076949	-0.536012	-0.844012	-0.018308
58787	9.471778	1.971813	-0.232723	0.075541	-0.063446	0.019270	0.054611	-0.057121	0.996872	-0.842848	0.532658	0.076695	-0.535373	-0.844401	-0.019056
58788	9.577405	1.807709	-0.553873	-0.016663	-0.101308	0.016437	0.053877	-0.057889	0.996868	-0.842793	0.532776	0.076489	-0.535535	-0.844274	-0.020084
58789	9.558537	1.476096	-0.904441	-0.097739	-0.140675	0.028532	0.052815	-0.058944	0.996863	-0.842312	0.533580	0.076177	-0.536397	-0.843693	-0.021468
58790	9.511246	1.191587	-0.873399	-0.151414	-0.188691	0.034431	0.051459	-0.060352	0.996850	-0.841540	0.534846	0.075822	-0.537738	-0.842791	-0.023266
58791	9.588623	1.045185	-0.800367	-0.189576	-0.223499	0.045831	0.049801	-0.062008	0.996832	-0.840571	0.536434	0.075364	-0.539408	-0.841661	-0.025407
58792	9.621576	0.276933	-0.255816	-0.247666	-0.218054	0.054268	0.048115	-0.063550	0.996818	-0.839282	0.538521	0.074843	-0.541563	-0.840212	-0.027426
58793	9.649784	-0.273817	0.182135	-0.184270	-0.223160	0.071724	0.046235	-0.065056	0.996810	-0.838344	0.540077	0.074133	-0.543177	-0.839097	-0.029569
58794	9.797871	0.034529	0.542464	-0.045431	-0.224577	0.094740	0.044166	-0.066428	0.996813	-0.838165	0.540488	0.073155	-0.543626	-0.838725	-0.031806
58795	10.004895	0.617178	1.007971	0.018108	-0.206654	0.111384	0.042041	-0.067578	0.996828	-0.838339	0.540375	0.071991	-0.543526	-0.838706	-0.033936
58796	9.981744	0.914340	1.306162	0.063033	-0.163013	0.117468	0.040116	-0.068312	0.996857	-0.838754	0.539894	0.070751	-0.543030	-0.838957	-0.035638
58797	9.898911	1.046546	1.452210	0.087589	-0.124161	0.111439	0.038439	-0.068771	0.996892	-0.839301	0.539199	0.069559	-0.542307	-0.839366	-0.036994
58798	9.848768	0.969105	1.055563	0.098224	-0.078580	0.100431	0.037117	-0.068890	0.996934	-0.839895	0.538412	0.068475	-0.541479	-0.839861	-0.037876
58799	9.668145	0.965795	0.562251	0.176442	-0.042973	0.092086	0.036042	-0.068775	0.996981	-0.840910	0.536957	0.067441	-0.539974	-0.840802	-0.038481
58800	9.571750	1.156691	0.204512	0.247221	-0.036281	0.096361	0.034983	-0.068563	0.997033	-0.842300	0.534911	0.066338	-0.537872	-0.842122	-0.039038
58801	9.406318	1.327447	-0.428366	0.292052	-0.047144	0.108994	0.033743	-0.068398	0.997087	-0.843932	0.532487	0.065087	-0.535388	-0.843670	-0.039756
58802	9.507004	1.452574	-0.768714	0.312012	-0.107271	0.125309	0.032059	-0.068637	0.997126	-0.845663	0.529906	0.063665	-0.532753	-0.845274	-0.041056
58803	9.504975	1.471784	-0.828236	0.239498	-0.154428	0.127965	0.030086	-0.069287	0.997143	-0.847003	0.527932	0.062240	-0.530736	-0.846456	-0.042803
58804	9.565869	1.399730	-0.690409	0.174940	-0.224480	0.145089	0.027616	-0.070423	0.997135	-0.847995	0.526520	0.060671	-0.529285	-0.847241	-0.045178
58805	9.680000	1.341410	-0.509640	0.089944	-0.291492	0.149613	0.024737	-0.072126	0.997089	-0.848536	0.525828	0.059088	-0.528559	-0.847527	-0.048194
58806	9.756074	1.208058	-0.196106	0.015835	-0.348039	0.156384	0.021519	-0.074254	0.997007	-0.848678	0.525777	0.057476	-0.528472	-0.847375	-0.051704
58807	9.636375	0.747941	0.167159	-0.099610	-0.366374	0.154839	0.018199	-0.076563	0.996899	-0.848208	0.526701	0.055936	-0.529350	-0.846595	-0.055356
58808	9.658908	-0.694676	0.950080	-0.226952	-0.355336	0.153756	0.014959	-0.078758	0.996782	-0.847053	0.528708	0.054486	-0.531298	-0.845142	-0.058803
58809	9.843512	-1.863771	1.296253	-0.017995	-0.334146	0.187850	0.011524	-0.080608	0.996679	-0.847008	0.528974	0.052575	-0.531455	-0.844801	-0.062180
58810	9.970645	-0.952334	1.837224	0.321380	-0.329347	0.224692	0.007821	-0.082206	0.996585	-0.848756	0.526407	0.050083	-0.528727	-0.846249	-0.065656
58811	9.816072	0.729032	2.476455	0.539439	-0.294150	0.249820	0.004081	-0.083410	0.996507	-0.851636	0.522006	0.047181	-0.524118	-0.848854	-0.068905
58812	9.651610	2.166059	2.731858	0.637788	-0.258715	0.243692	0.000600	-0.084343	0.996437	-0.854989	0.516755	0.044255	-0.518646	-0.851969	-0.071802
58813	9.731763	2.480300	2.546998	0.580574	-0.223802	0.225218	-0.002552	-0.085115	0.996368	-0.858008	0.511955	0.041536	-0.513631	-0.854785	-0.074336
58814	9.434505	2.159430	2.265238	0.562923	-0.180586	0.225325	-0.005463	-0.085510	0.996322	-0.860898	0.507294	0.038818	-0.508748	-0.857520	-0.076387
58815	9.410577	2.284500	2.336358	0.625437	-0.174896	0.248662	-0.008560	-0.085779	0.996277	-0.864069	0.502098	0.035806	-0.503300	-0.860546	-0.078417
58816	9.664191	2.472735	2.214479	0.666041	-0.138582	0.278652	-0.011716	-0.085584	0.996262	-0.867392	0.496565	0.032457	-0.497487	-0.863770	-0.080053
58817	9.782703	2.296721	1.901350	0.657830	-0.105988	0.313890	-0.015035	-0.084974	0.996270	-0.870627	0.491103	0.028748	-0.491714	-0.866947	-0.081365
58818	9.804219	2.055122	1.868764	0.646703	-0.055746	0.341297	-0.018331	-0.083789	0.996315	-0.873749	0.485745	0.024775	-0.486031	-0.870075	-0.082115
58819	9.842345	1.957867	2.385357	0.618795	0.014319	0.357067	-0.021454	-0.081963	0.996404	-0.876691	0.480611	0.020658	-0.480576	-0.873095	-0.082167
58820	10.013920	2.023355	2.944196	0.536814	0.093468	0.356204	-0.024178	-0.079442	0.996546	-0.879193	0.476175	0.016628	-0.475851	-0.875755	-0.081357
58821	9.726936	1.993947	3.000049	0.428773	0.163182	0.328247	-0.026360	-0.076478	0.996723	-0.881164	0.472633	0.012961	-0.472076	-0.877934	-0.079848
58822	9.795749	1.947718	2.977401	0.294185	0.234553	0.315300	-0.028081	-0.072928	0.996942	-0.882481	0.470252	0.009543	-0.469509	-0.879514	-0.077563
58823	10.147803	1.598548	2.603366	0.169050	0.324896	0.290524	-0.029189	-0.068729	0.997208	-0.883211	0.468931	0.006467	-0.468067	-0.880556	-0.074390
58824	10.440635	0.888269	2.179623	0.129561	0.437680	0.273404	-0.029599	-0.063591	0.997537	-0.883753	0.467940	0.003608	-0.467017	-0.881470	-0.070049
58825	10.369187	0.125817	1.621695	0.134949	0.503485	0.269578	-0.029700	-0.057915	0.997880	-0.884323	0.466874	0.000777	-0.465930	-0.882425	-0.065082
58826	10.962336	-0.280350	1.308424	0.156565	0.535502	0.281366	-0.029737	-0.051875	0.998211	-0.884985	0.465615	-0.002166	-0.464670	-0.883466	-0.059755
58827	11.892437	-0.373870	1.195822	0.176956	0.611960	0.292863	-0.029557	-0.045129	0.998544	-0.885739	0.464153	-0.005240	-0.463241	-0.884604	-0.053691
58828	12.310453	-0.240977	1.214235	0.116999	0.663144	0.272244	-0.028932	-0.037996	0.998859	-0.886216	0.463202	-0.008049	-0.462368	-0.885438	-0.047074
58829	12.616293	-0.047100	1.647535	0.040249	0.634888	0.262614	-0.028390	-0.031182	0.999110	-0.886347	0.462897	-0.010739	-0.462150	-0.885864	-0.040780
58830	12.381901	-0.070637	2.060885	-0.034170	0.638504	0.231569	-0.027527	-0.024452	0.999322	-0.886141	0.463231	-0.013075	-0.462597	-0.885900	-0.034419
58831	11.837338	-0.268649	2.561747	-0.105086	0.624487	0.186896	-0.026356	-0.018079	0.999489	-0.885625	0.464161	-0.014958	-0.463653	-0.885566	-0.028245
58832	11.556953	-0.436244	3.023880	-0.162665	0.654901	0.158101	-0.024749	-0.011546	0.999627	-0.884843	0.465595	-0.016529	-0.465231	-0.884923	-0.021739
58833	11.099455	-0.524995	3.380788	-0.247650	0.742156	0.148527	-0.022667	-0.004314	0.999734	-0.883674	0.467756	-0.018017	-0.467553	-0.883847	-0.014415
58834	10.662121	-0.421347	3.346569	-0.330012	0.846888	0.152099	-0.020073	0.003877	0.999791	-0.882110	0.470638	-0.019535	-0.470616	-0.882318	-0.006027
58835	10.369178	-0.009358	3.110004	-0.405405	0.971544	0.150643	-0.016876	0.013127	0.999771	-0.880188	0.474157	-0.021083	-0.474325	-0.880343	0.003552
58836	10.069429	0.631890	2.496714	-0.497901	1.097591	0.118805	-0.012724	0.023342	0.999647	-0.877815	0.478478	-0.022346	-0.478831	-0.877789	0.014402
58837	9.475264	1.118717	2.212584	-0.636775	1.122704	0.054009	-0.007856	0.033415	0.999411	-0.874765	0.483999	-0.023059	-0.484484	-0.874430	0.025428
58838	9.123367	1.255579	2.166552	-0.905246	0.998888	-0.040925	-0.002657	0.041932	0.999117	-0.870366	0.491869	-0.022958	-0.492398	-0.869659	0.035190
58839	9.257558	1.129852	2.821919	-1.500833	0.858643	-0.128884	0.002676	0.048701	0.998810	-0.862902	0.504878	-0.022305	-0.505364	-0.861816	0.043376
58840	10.616344	0.100850	0.949475	-2.371870	0.801180	-0.131357	0.007891	0.054881	0.998462	-0.850690	0.525202	-0.022145	-0.525609	-0.849206	0.050831
58841	11.332806	-0.772395	-2.093606	-2.250850	0.994347	-0.009589	0.013224	0.063192	0.997914	-0.838671	0.544138	-0.023343	-0.544478	-0.836612	0.060193
58842	10.948201	-0.458196	-3.023624	-1.571075	1.146710	0.039308	0.019178	0.072956	0.997151	-0.830047	0.557142	-0.024799	-0.557364	-0.827206	0.071242
58843	10.136018	-0.509531	-2.249562	-1.158241	1.168769	0.044899	0.025307	0.082817	0.996243	-0.823575	0.566603	-0.026180	-0.566643	-0.819818	0.082545
58844	9.980211	-1.229803	-1.960028	-1.062589	1.149223	0.058242	0.031357	0.092520	0.995217	-0.817556	0.575182	-0.027713	-0.574995	-0.812776	0.093676
58845	10.103961	-1.966816	-1.564721	-0.988817	1.150439	0.109323	0.037056	0.102449	0.994048	-0.811899	0.583036	-0.029823	-0.582621	-0.805961	0.104784
58846	9.844416	-2.065403	-1.213660	-0.847750	1.206068	0.155482	0.042815	0.113055	0.992666	-0.807024	0.589633	-0.032345	-0.588965	-0.799720	0.116484
58847	9.646437	-2.046582	-1.227805	-0.641517	1.232790	0.164714	0.048709	0.123843	0.991106	-0.803336	0.594508	-0.034806	-0.593531	-0.794495	0.128446
58848	9.527660	-1.910563	-1.145702	-0.346460	1.214780	0.155037	0.054638	0.134403	0.989419	-0.801386	0.597011	-0.036843	-0.595646	-0.790894	0.140328
58849	9.454484	-1.629336	-0.885940	-0.080562	1.162151	0.148050	0.060305	0.144453	0.987672	-0.801022	0.597397	-0.038464	-0.595589	-0.788828	0.151736
58850	9.434824	-1.306108	-0.451955	0.131957	1.120817	0.165472	0.065604	0.154284	0.985846	-0.801944	0.596065	-0.039917	-0.593787	-0.787974	0.162831
58851	9.533206	-0.967100	-0.021079	0.212914	1.086422	0.166521	0.070636	0.163819	0.983958	-0.803350	0.594078	-0.041238	-0.591303	-0.787550	0.173568
58852	9.646839	-0.631638	0.077066	0.192834	1.086667	0.174596	0.075591	0.173417	0.981943	-0.804647	0.592221	-0.042647	-0.588923	-0.786894	0.184306
58853	9.482770	-0.290790	0.049540	0.113445	1.111372	0.182747	0.080586	0.183222	0.979763	-0.805488	0.590957	-0.044261	-0.587108	-0.785620	0.195206
58854	9.385039	-0.425115	0.051373	-0.007653	1.116277	0.213374	0.085365	0.193243	0.977430	-0.805652	0.590570	-0.046396	-0.586207	-0.783508	0.206100
58855	9.304033	-0.666865	0.309247	-0.101109	1.110602	0.255251	0.089750	0.203423	0.974969	-0.805314	0.590808	-0.049138	-0.586015	-0.780746	0.216844
58856	9.029614	-0.994989	0.707321	-0.215921	1.137403	0.305396	0.093916	0.214087	0.972289	-0.804362	0.591805	-0.052613	-0.586669	-0.777132	0.227783
58857	8.930050	-1.272337	1.211740	-0.263139	1.158080	0.355000	0.097794	0.225153	0.969403	-0.803190	0.593018	-0.056708	-0.587641	-0.773069	0.238834
58858	9.090733	-1.436181	1.686864	-0.218177	1.171772	0.379494	0.101588	0.236448	0.966319	-0.802318	0.593778	-0.060944	-0.588189	-0.769103	0.250027
58859	9.184560	-1.274160	2.277344	-0.152000	1.216195	0.367837	0.105722	0.247951	0.962987	-0.801838	0.594006	-0.064915	-0.588115	-0.765296	0.261616
58860	9.083067	-0.999760	2.645813	-0.067350	1.250030	0.316894	0.110482	0.259395	0.959431	-0.801815	0.593671	-0.068174	-0.587271	-0.761754	0.273577
58861	9.095019	-0.782266	3.110314	-0.014542	1.247524	0.259980	0.115647	0.270407	0.955775	-0.802056	0.593045	-0.070737	-0.585945	-0.758405	0.285466
58862	9.163550	-0.720276	3.336916	-0.096137	1.271653	0.218537	0.121297	0.281329	0.951914	-0.801786	0.593121	-0.073124	-0.585172	-0.754362	0.297510
58863	8.897910	-0.880712	2.884135	-0.125046	1.245282	0.173369	0.127122	0.291714	0.948021	-0.801303	0.593516	-0.075181	-0.584596	-0.750095	0.309200
58864	8.492069	-1.159131	2.355154	-0.030219	1.107125	0.131071	0.132492	0.300790	0.944442	-0.801329	0.593306	-0.076543	-0.583367	-0.746668	0.319640
58865	8.199620	-1.533331	1.943162	0.106598	0.922834	0.138690	0.136685	0.308481	0.941359	-0.802171	0.592039	-0.077535	-0.581240	-0.744533	0.328377
58866	8.144453	-1.639059	1.999062	0.242050	0.738528	0.185860	0.139426	0.315087	0.938765	-0.803863	0.589611	-0.078507	-0.578243	-0.743693	0.335494
58867	8.309397	-1.992124	2.049509	0.264081	0.590256	0.229869	0.140912	0.320816	0.936601	-0.805742	0.586867	-0.079797	-0.575260	-0.743414	0.341192
58868	8.331265	-1.886978	2.121905	0.303724	0.485599	0.247604	0.141652	0.325889	0.934736	-0.807866	0.583760	-0.081098	-0.572090	-0.743653	0.345965
58869	8.270510	-1.784041	2.126547	0.312517	0.394466	0.248229	0.141827	0.330257	0.933175	-0.810034	0.580570	-0.082356	-0.568972	-0.744224	0.349859
58870	8.228259	-1.666541	2.160150	0.351285	0.310398	0.231735	0.141659	0.333922	0.931895	-0.812387	0.577136	-0.083310	-0.565650	-0.745258	0.353031
58871	8.222961	-1.582732	2.298128	0.381186	0.236123	0.215324	0.141171	0.336910	0.930893	-0.814875	0.573520	-0.083992	-0.562184	-0.746704	0.355503
58872	8.175028	-1.489795	2.333867	0.390929	0.182226	0.195317	0.140549	0.339400	0.930083	-0.817372	0.569888	-0.084443	-0.558703	-0.748355	0.357513
58873	8.081771	-1.410177	2.342262	0.395115	0.142286	0.167002	0.139907	0.341402	0.929446	-0.819840	0.566308	-0.084607	-0.555238	-0.750160	0.359125
58874	8.028691	-1.317506	2.391092	0.386193	0.098864	0.123413	0.139391	0.342852	0.928990	-0.822181	0.562936	-0.084392	-0.551896	-0.752034	0.360355
58875	8.227960	-1.093586	2.378080	0.343122	0.052532	0.068684	0.139047	0.343620	0.928758	-0.824197	0.560065	-0.083819	-0.548967	-0.753825	0.361086
58876	8.606196	-0.773288	2.347261	0.217256	0.050504	0.009805	0.139194	0.344066	0.928571	-0.825432	0.558343	-0.083151	-0.547071	-0.754898	0.361721
58877	8.686201	-0.677162	2.462974	0.059873	0.070142	-0.058163	0.139990	0.344257	0.928380	-0.825711	0.558040	-0.082421	-0.546447	-0.755036	0.362377
58878	8.548842	-0.391428	3.133907	-0.061472	0.047147	-0.139477	0.141349	0.343844	0.928327	-0.825209	0.558934	-0.081376	-0.546855	-0.754562	0.362748
58879	8.652717	0.043536	3.854225	-0.274387	-0.002282	-0.242423	0.143267	0.342455	0.928547	-0.823393	0.561783	-0.080147	-0.549089	-0.753077	0.362460
58880	8.420554	0.462733	4.330843	-0.534575	-0.023637	-0.335972	0.145848	0.340391	0.928904	-0.819991	0.566899	-0.078989	-0.553482	-0.750173	0.361799
58881	8.182031	0.679938	4.512259	-0.704290	-0.054686	-0.370627	0.148507	0.337856	0.929408	-0.815561	0.573375	-0.078116	-0.559291	-0.746388	0.360692
58882	8.158837	0.426337	4.241504	-0.839140	-0.089590	-0.357225	0.150857	0.335139	0.930013	-0.810335	0.580773	-0.077843	-0.566214	-0.741879	0.359189
58883	8.448310	-0.369585	4.333293	-0.880529	-0.121818	-0.331476	0.152772	0.332289	0.930723	-0.804848	0.588340	-0.077940	-0.573480	-0.737184	0.357324
58884	8.486117	-1.285766	4.652451	-0.821499	-0.158927	-0.298190	0.154198	0.329368	0.931525	-0.799684	0.595317	-0.078118	-0.580283	-0.732880	0.355187
58885	8.569846	-1.885000	4.605477	-0.687251	-0.218194	-0.269505	0.155007	0.326150	0.932523	-0.795294	0.601176	-0.078065	-0.586071	-0.729530	0.352572
58886	8.973569	-2.063514	4.500931	-0.509165	-0.299595	-0.245002	0.155140	0.322503	0.933769	-0.791952	0.605633	-0.077594	-0.590545	-0.727462	0.349364
58887	9.660073	-1.982894	4.604609	-0.372648	-0.359345	-0.245152	0.154881	0.318392	0.935221	-0.789400	0.609078	-0.076626	-0.594020	-0.726396	0.345673
58888	10.443181	-2.181611	4.996483	-0.362314	-0.382608	-0.286374	0.154810	0.313880	0.936757	-0.786831	0.612567	-0.075221	-0.597436	-0.725425	0.341802
58889	10.675973	-1.835538	4.213113	-0.323011	-0.303043	-0.359056	0.155747	0.309468	0.938068	-0.784375	0.615979	-0.072982	-0.600416	-0.724431	0.338676
58890	9.542999	-1.187122	3.202783	-0.162426	-0.262732	-0.380406	0.157098	0.305234	0.939230	-0.782836	0.618279	-0.069991	-0.602069	-0.724268	0.336079
58891	8.897482	-1.179342	2.132388	0.083367	-0.401280	-0.339724	0.157273	0.300213	0.940817	-0.782840	0.618654	-0.066547	-0.602019	-0.726043	0.332317
58892	8.888512	-2.031626	1.512118	0.157494	-0.515085	-0.277803	0.156299	0.294765	0.942701	-0.783385	0.618290	-0.063443	-0.601563	-0.728582	0.327552
58893	8.856540	-2.937603	1.021603	0.151569	-0.676561	-0.236814	0.154017	0.288353	0.945056	-0.783965	0.617826	-0.060746	-0.601396	-0.731536	0.321214
58894	9.638591	-2.667074	1.952580	0.083094	-0.818697	-0.200638	0.150613	0.281127	0.947778	-0.784193	0.617743	-0.058616	-0.601962	-0.734412	0.313498
58895	10.252430	-1.819617	3.679780	-0.087216	-0.657494	-0.193203	0.148095	0.275090	0.949944	-0.783414	0.618873	-0.057083	-0.603598	-0.735745	0.307161
58896	9.547465	-1.061505	4.014369	-0.138437	-0.443115	-0.244698	0.147279	0.270328	0.951437	-0.782248	0.620516	-0.055215	-0.605307	-0.736127	0.302852
58897	8.368043	-0.549284	3.271678	-0.013819	-0.463067	-0.312751	0.146852	0.264964	0.953010	-0.781740	0.621407	-0.052309	-0.606067	-0.737324	0.298388
58898	8.020854	-0.865322	2.536551	0.164260	-0.684828	-0.297866	0.144979	0.258071	0.955186	-0.782333	0.620929	-0.049018	-0.605753	-0.740167	0.291919
58899	8.675463	-1.548330	2.155980	0.310292	-0.923590	-0.226645	0.141096	0.249799	0.957963	-0.783922	0.619154	-0.045989	-0.604615	-0.744479	0.283183
58900	9.695808	-1.725698	2.352069	0.370636	-0.975991	-0.173927	0.136515	0.241451	0.960763	-0.785950	0.616771	-0.043326	-0.603031	-0.749196	0.273967
58901	9.911604	-1.254356	2.839728	0.382070	-0.882414	-0.181934	0.132565	0.233690	0.963232	-0.788040	0.614285	-0.040578	-0.601182	-0.753686	0.265589
58902	9.567986	-0.288159	3.388763	0.346054	-0.809324	-0.227461	0.129449	0.226194	0.965443	-0.789851	0.612150	-0.037515	-0.599482	-0.757699	0.257901
58903	9.122233	0.609876	3.705730	0.244112	-0.795685	-0.287239	0.126884	0.218384	0.967579	-0.790979	0.610889	-0.034152	-0.598541	-0.761002	0.250249
58904	9.490469	0.944715	3.941129	0.135455	-0.835878	-0.360521	0.124680	0.209825	0.969757	-0.791367	0.610586	-0.030367	-0.598492	-0.763648	0.242177
58905	9.907839	0.992638	3.800532	-0.000166	-0.793514	-0.420167	0.123183	0.201180	0.971778	-0.790880	0.611405	-0.026323	-0.599446	-0.765317	0.234424
58906	9.708591	0.299934	2.993237	-0.183591	-0.761461	-0.416024	0.121844	0.192818	0.973640	-0.789298	0.613589	-0.022739	-0.601800	-0.765721	0.226953
58907	9.880093	-1.146571	2.473386	-0.310690	-0.797711	-0.375698	0.119922	0.184389	0.975510	-0.787003	0.616631	-0.019806	-0.605182	-0.765354	0.219062
58908	10.491162	-1.958808	2.867123	-0.102147	-0.830933	-0.349426	0.117582	0.175884	0.977363	-0.785999	0.618004	-0.016655	-0.606944	-0.766248	0.210911
58909	11.104670	-1.354488	3.133335	0.272615	-0.823238	-0.393497	0.115616	0.167123	0.979134	-0.787227	0.616541	-0.012278	-0.605728	-0.769381	0.202846
58910	11.225741	-0.818709	2.121673	0.485085	-0.849627	-0.426581	0.113792	0.157960	0.980867	-0.789699	0.613453	-0.007177	-0.602849	-0.773773	0.194547
58911	10.590944	-1.440239	0.194131	0.535338	-0.817595	-0.398542	0.111961	0.149165	0.982453	-0.792501	0.609866	-0.002281	-0.599505	-0.778340	0.186495
58912	9.559948	-1.749940	-1.228897	0.611538	-0.813097	-0.315653	0.109557	0.140913	0.983941	-0.795835	0.605511	0.001895	-0.595520	-0.783263	0.178481
58913	9.096994	-0.578571	-1.019782	0.768619	-0.815694	-0.277579	0.106867	0.132815	0.985363	-0.800125	0.599804	0.005931	-0.590237	-0.789047	0.170367
58914	9.271001	1.281747	0.070020	0.843282	-0.809464	-0.295869	0.104433	0.124652	0.986689	-0.804793	0.593468	0.010206	-0.584296	-0.795146	0.162296
58915	9.618277	2.878922	1.045572	0.689054	-0.801948	-0.334503	0.102396	0.116264	0.987926	-0.808489	0.588331	0.014560	-0.579535	-0.800218	0.154241
58916	9.533723	3.515715	1.088216	0.228921	-0.770991	-0.359444	0.100786	0.107987	0.989030	-0.809477	0.586863	0.018412	-0.578437	-0.802453	0.146560
58917	9.533085	3.019180	0.739592	-0.315878	-0.776830	-0.369519	0.099198	0.099568	0.990074	-0.807307	0.589737	0.021578	-0.581734	-0.801434	0.138883
58918	9.923478	1.186431	0.780792	-0.621342	-0.730009	-0.369065	0.097850	0.091553	0.990981	-0.803340	0.595023	0.024350	-0.587427	-0.798477	0.131771
58919	9.626883	-0.136717	1.184118	-0.598646	-0.687905	-0.361824	0.096621	0.083894	0.991779	-0.799487	0.600070	0.027128	-0.592861	-0.795536	0.125052
58920	9.389770	-0.481343	1.518600	-0.450793	-0.702216	-0.339796	0.095101	0.076281	0.992541	-0.796508	0.603888	0.029907	-0.597102	-0.793411	0.118189
58921	9.565929	0.008311	1.759570	-0.286710	-0.718303	-0.296304	0.093090	0.068780	0.993279	-0.794546	0.606335	0.032479	-0.600026	-0.792230	0.111093
58922	10.086956	0.295386	1.892010	-0.250877	-0.687225	-0.268570	0.091035	0.061720	0.993933	-0.792819	0.608461	0.034831	-0.602620	-0.791180	0.104324
58923	10.081650	0.025897	1.941252	-0.243646	-0.609267	-0.242645	0.089209	0.055411	0.994470	-0.791162	0.610490	0.036955	-0.605066	-0.790083	0.098300
58924	10.186636	-0.416783	1.719938	-0.111878	-0.553202	-0.203477	0.087413	0.049812	0.994926	-0.790332	0.611447	0.038825	-0.606411	-0.789716	0.092817
58925	10.410190	-0.519541	1.719141	0.115489	-0.495029	-0.153725	0.085559	0.044948	0.995319	-0.790932	0.610568	0.040416	-0.605893	-0.790688	0.087790
58926	10.026376	0.021736	1.477839	0.367426	-0.443939	-0.098821	0.083604	0.040844	0.995662	-0.793098	0.607668	0.041667	-0.603329	-0.793141	0.083197
58927	9.779627	1.078676	1.121760	0.536256	-0.460612	-0.080018	0.081401	0.036685	0.996006	-0.796289	0.603397	0.042854	-0.599415	-0.796597	0.078329
58928	10.291523	1.805159	0.441344	0.528055	-0.458814	-0.007411	0.078665	0.032991	0.996355	-0.799466	0.599151	0.043281	-0.595539	-0.799956	0.073507
58929	9.731592	2.191532	-0.032979	0.512254	-0.392360	0.025002	0.076066	0.029981	0.996652	-0.802558	0.594997	0.043354	-0.591705	-0.803168	0.069321
58930	9.031061	1.981715	-0.472416	0.432092	-0.368259	0.023835	0.073649	0.027171	0.996914	-0.805152	0.591481	0.043361	-0.588477	-0.805861	0.065438
58931	8.799442	2.113060	-0.891678	0.372902	-0.410680	0.023086	0.070983	0.023978	0.997189	-0.807389	0.588426	0.043323	-0.585734	-0.808195	0.061127
58932	9.338127	2.400505	-0.838738	0.301324	-0.462018	0.021124	0.068058	0.020373	0.997473	-0.809193	0.585950	0.043244	-0.583589	-0.810091	0.056365
58933	9.581211	2.399428	-1.008133	0.190028	-0.485031	0.018125	0.065015	0.016532	0.997747	-0.810343	0.584367	0.043121	-0.582338	-0.811321	0.051389
58934	9.599478	2.222377	-1.259206	0.078372	-0.533662	0.022736	0.061672	0.012342	0.998020	-0.810840	0.583694	0.042887	-0.582009	-0.811880	0.046005
58935	9.731179	1.918262	-1.241673	-0.010154	-0.577830	0.026905	0.058020	0.007792	0.998285	-0.810828	0.583735	0.042569	-0.582402	-0.811907	0.040187
58936	9.697348	0.896694	-0.995286	-0.126133	-0.595932	0.034703	0.054212	0.003166	0.998524	-0.810138	0.584723	0.042130	-0.583727	-0.811227	0.034264
58937	9.496994	-0.097445	-0.288861	-0.135942	-0.617018	0.054958	0.050092	-0.001531	0.998743	-0.809403	0.585786	0.041494	-0.585114	-0.810464	0.028104
58938	9.838280	-0.252205	0.242014	0.020284	-0.661801	0.085688	0.045473	-0.006386	0.998945	-0.809589	0.585592	0.040596	-0.585234	-0.810581	0.021459
58939	9.759687	-0.033452	0.924903	0.175759	-0.648718	0.097593	0.040821	-0.011092	0.999105	-0.810688	0.584137	0.039607	-0.584054	-0.811579	0.014853
58940	9.618455	0.488744	1.260572	0.292133	-0.664479	0.086929	0.036188	-0.015976	0.999217	-0.812451	0.581742	0.038726	-0.581906	-0.813216	0.008073
58941	9.689389	0.757608	1.395656	0.344672	-0.627757	0.082058	0.031807	-0.020627	0.999281	-0.814509	0.578914	0.037876	-0.579279	-0.815128	0.001613
58942	9.671708	0.612155	1.398321	0.372886	-0.580910	0.084786	0.027706	-0.024871	0.999307	-0.816714	0.575857	0.036976	-0.576377	-0.817172	-0.004358
58943	9.614088	0.549686	1.581743	0.419956	-0.517713	0.089146	0.023933	-0.028612	0.999304	-0.819179	0.572407	0.036008	-0.573039	-0.819470	-0.009739
58944	9.509860	0.763778	1.591188	0.445282	-0.480145	0.104256	0.020283	-0.031950	0.999284	-0.821770	0.568752	0.034865	-0.569458	-0.821889	-0.014720
58945	9.766840	0.965142	1.482792	0.415851	-0.485198	0.111989	0.016538	-0.035325	0.999239	-0.824180	0.565329	0.033626	-0.566087	-0.824108	-0.019765
58946	9.715330	1.019788	1.199614	0.322771	-0.447460	0.120412	0.012966	-0.038330	0.999181	-0.826044	0.562679	0.032304	-0.563456	-0.825787	-0.024367
58947	9.409284	0.737464	0.999911	0.254623	-0.461436	0.120514	0.009306	-0.041484	0.999096	-0.827517	0.560585	0.030984	-0.561364	-0.827057	-0.029112
58948	9.440775	0.446902	0.757585	0.266409	-0.490808	0.132074	0.005411	-0.044800	0.998981	-0.829043	0.558405	0.029533	-0.559159	-0.828358	-0.034120
58949	9.365246	0.245273	0.364685	0.326972	-0.540050	0.145968	0.001119	-0.048483	0.998823	-0.830898	0.555725	0.027905	-0.556424	-0.829951	-0.039662
58950	9.286119	0.379611	0.449821	0.459130	-0.626120	0.170055	-0.003819	-0.052737	0.998601	-0.833464	0.551963	0.025963	-0.552560	-0.832199	-0.046062
58951	9.246048	0.614349	0.622481	0.514455	-0.714240	0.201118	-0.009497	-0.057602	0.998294	-0.836308	0.547750	0.023649	-0.548178	-0.834657	-0.053375
58952	9.092527	0.674341	0.930268	0.515452	-0.802859	0.222033	-0.015790	-0.063094	0.997883	-0.839116	0.543543	0.021089	-0.543723	-0.837006	-0.061526
58953	9.178807	0.969117	1.238761	0.521450	-0.879793	0.247339	-0.022701	-0.069148	0.997348	-0.841916	0.539300	0.018228	-0.539130	-0.839270	-0.070459
58954	9.543308	1.525245	1.869445	0.527301	-0.915703	0.277227	-0.030003	-0.075348	0.996706	-0.844695	0.535037	0.015020	-0.534407	-0.841462	-0.079698
58955	9.988461	1.595731	2.654529	0.475972	-0.871419	0.278512	-0.037065	-0.081223	0.996007	-0.847158	0.531210	0.011794	-0.530046	-0.843338	-0.088498
58956	9.694216	1.216737	3.152494	0.425850	-0.755193	0.253287	-0.043249	-0.086250	0.995334	-0.849326	0.527795	0.008831	-0.526095	-0.844981	-0.096081
58957	9.914528	0.876979	3.789695	0.374616	-0.702471	0.218655	-0.048859	-0.091060	0.994646	-0.851212	0.524786	0.006231	-0.522543	-0.846350	-0.103152
58958	9.974883	0.484474	4.169469	0.346648	-0.548147	0.174031	-0.053243	-0.094784	0.994073	-0.852948	0.521980	0.004086	-0.519274	-0.847675	-0.108638
58959	10.290451	0.411833	3.967577	0.570446	-0.405095	0.176225	-0.056909	-0.097328	0.993624	-0.855820	0.517271	0.001651	-0.514133	-0.850269	-0.112733
58960	10.670171	1.140787	3.894022	0.873519	-0.242582	0.178730	-0.059725	-0.098468	0.993346	-0.860192	0.509969	-0.001167	-0.506461	-0.854538	-0.115160
58961	11.765555	1.347707	3.580700	1.030193	-0.123942	0.201773	-0.062155	-0.098532	0.993191	-0.865261	0.501302	-0.004416	-0.497454	-0.859644	-0.116414
58962	12.156309	0.553811	3.081567	1.113227	0.139009	0.224328	-0.063460	-0.096209	0.993336	-0.870622	0.491888	-0.007979	-0.487842	-0.865327	-0.114977
58963	11.717802	-0.643711	2.471906	1.297584	0.321414	0.274005	-0.064370	-0.092107	0.993666	-0.876724	0.480838	-0.012224	-0.476666	-0.871958	-0.111705
58964	11.828693	-0.737553	2.569680	1.563290	0.397908	0.353171	-0.065650	-0.086938	0.994048	-0.883857	0.467429	-0.017492	-0.463127	-0.879745	-0.107528
58965	12.546092	0.537693	3.543607	1.754478	0.375426	0.401828	-0.067573	-0.081797	0.994356	-0.891599	0.452222	-0.023390	-0.447756	-0.888147	-0.103488
58966	14.392969	2.478097	4.497598	1.644361	0.425787	0.378324	-0.069123	-0.076306	0.994686	-0.898600	0.437819	-0.028859	-0.433291	-0.895819	-0.098832
58967	14.684117	4.227882	4.603361	1.103889	0.721714	0.283029	-0.068645	-0.068623	0.995278	-0.903152	0.428067	-0.032776	-0.423797	-0.901138	-0.091362
58968	12.615530	4.726425	4.769501	0.273445	0.971487	0.143851	-0.065872	-0.059236	0.996068	-0.904227	0.425658	-0.034484	-0.421942	-0.902943	-0.081602
58969	10.949437	3.658029	5.889069	-0.575677	1.089655	-0.001077	-0.061297	-0.049439	0.996894	-0.901799	0.430810	-0.034085	-0.427787	-0.901087	-0.070992
58970	9.946147	2.678218	6.369710	-1.048456	1.238829	-0.065340	-0.055380	-0.038573	0.997720	-0.897314	0.440172	-0.032789	-0.437904	-0.897084	-0.058989
58971	9.394049	1.843779	6.305454	-1.323620	1.408013	-0.071855	-0.048548	-0.026327	0.998474	-0.891491	0.451947	-0.031430	-0.450430	-0.891656	-0.045411
