// General information: 
//  MT Manager version: 2022.2.0 
//  XDA version: 2022.2.0 build 7381 rev 124627 built on 2023-07-19
// Device information: 
//  DeviceId: 00B4CBA7
//  ProductCode: MTW2-3A7G6
//  Firmware Version: 4.6.0
//  Hardware Version: 2.0.0
// Device settings: 
//  Filter Profile: human(46.1)
//  Option Flags: Orientation Smoother Disabled, Position/Velocity Smoother Disabled, Continuous Zero Rotation Update Disabled, AHS Disabled, ICC Disabled
// Coordinate system: ENU
PacketCounter	Acc_X	Acc_Y	Acc_Z	Gyr_X	Gyr_Y	Gyr_Z	Mat[1][1]	Mat[2][1]	Mat[3][1]	Mat[1][2]	Mat[2][2]	Mat[3][2]	Mat[1][3]	Mat[2][3]	Mat[3][3]
33281	9.438627	-1.917837	-0.647261	-0.059097	-0.131168	-0.024442	-0.138357	-0.015541	0.990260	-0.945474	0.299747	-0.127395	-0.294848	-0.953892	-0.056166
33282	9.442736	-1.884727	-0.564667	-0.046498	-0.133630	-0.041888	-0.138324	-0.017004	0.990241	-0.945401	0.300187	-0.126906	-0.295100	-0.953729	-0.057599
33283	9.664862	-1.857477	-0.540034	-0.059878	-0.142816	-0.058647	-0.138147	-0.018551	0.990238	-0.945312	0.300745	-0.126245	-0.295467	-0.953524	-0.059083
33284	10.084620	-2.051238	-0.953514	-0.092441	-0.135192	-0.071139	-0.137845	-0.020116	0.990249	-0.945142	0.301616	-0.125439	-0.296151	-0.953217	-0.060589
33285	10.461965	-2.023767	-1.890561	-0.101392	-0.110743	-0.097503	-0.137207	-0.021475	0.990310	-0.944982	0.302559	-0.124366	-0.296956	-0.952889	-0.061806
33286	10.597859	-1.530089	-2.935433	-0.079225	-0.065640	-0.090511	-0.136522	-0.022437	0.990383	-0.944875	0.303297	-0.123377	-0.297612	-0.952632	-0.062607
33287	10.412822	-0.885427	-3.527527	-0.096825	-0.018849	-0.075121	-0.135823	-0.022854	0.990470	-0.944696	0.304199	-0.122527	-0.298500	-0.952334	-0.062907
33288	10.207941	-1.025352	-3.706446	-0.168587	0.045634	-0.074065	-0.134964	-0.022717	0.990590	-0.944296	0.305791	-0.121643	-0.300150	-0.951828	-0.062723
33289	10.129413	-1.306801	-3.803923	-0.181546	0.131285	-0.106076	-0.133522	-0.021802	0.990806	-0.943898	0.307492	-0.120434	-0.302039	-0.951301	-0.061636
33290	9.780112	-1.753827	-3.386304	-0.146027	0.198941	-0.135388	-0.131621	-0.020410	0.991090	-0.943640	0.308857	-0.118959	-0.303678	-0.950889	-0.059912
33291	9.419333	-2.093373	-2.724230	-0.080267	0.252612	-0.158432	-0.129313	-0.018507	0.991431	-0.943609	0.309587	-0.117296	-0.304763	-0.950691	-0.057497
33292	9.215707	-2.278821	-1.802850	-0.006962	0.281389	-0.173406	-0.126803	-0.016459	0.991791	-0.943813	0.309629	-0.115531	-0.305186	-0.950715	-0.054796
33293	9.183372	-2.364753	-0.792131	0.059667	0.284674	-0.191912	-0.124078	-0.014355	0.992169	-0.944242	0.309029	-0.113613	-0.304978	-0.950944	-0.051898
33294	9.190632	-2.237661	0.013219	0.115280	0.276984	-0.222852	-0.121119	-0.012498	0.992559	-0.944869	0.307909	-0.111422	-0.304225	-0.951334	-0.049103
33295	9.190048	-1.846385	0.634429	0.158151	0.246201	-0.237880	-0.118078	-0.010895	0.992945	-0.945640	0.306373	-0.109091	-0.303023	-0.951849	-0.046479
33296	9.159822	-1.308298	1.196218	0.169913	0.200183	-0.240179	-0.115193	-0.009809	0.993295	-0.946436	0.304736	-0.106749	-0.301646	-0.952386	-0.044387
33297	9.119590	-0.853992	1.511820	0.159132	0.153669	-0.236739	-0.112443	-0.009074	0.993617	-0.947190	0.303196	-0.104421	-0.300313	-0.952885	-0.042687
33298	9.193888	-0.558713	1.582328	0.125826	0.102333	-0.225333	-0.109992	-0.008860	0.993893	-0.947820	0.301981	-0.102201	-0.299231	-0.953273	-0.041613
33299	9.290412	-0.391165	1.555480	0.102233	0.044526	-0.219246	-0.107735	-0.009105	0.994138	-0.948370	0.300984	-0.100019	-0.298309	-0.953586	-0.041061
33300	9.411707	-0.323014	1.503014	0.063602	-0.018102	-0.212845	-0.105756	-0.009990	0.994342	-0.948789	0.300361	-0.097894	-0.297683	-0.953773	-0.041243
33301	9.603883	-0.361794	1.278312	0.009833	-0.062107	-0.208919	-0.103913	-0.011218	0.994523	-0.949043	0.300242	-0.095775	-0.297524	-0.953797	-0.041846
33302	9.672339	-0.456980	0.932194	-0.046110	-0.112798	-0.213406	-0.102206	-0.013002	0.994678	-0.949128	0.300659	-0.093596	-0.297842	-0.953643	-0.043069
33303	9.738584	-0.557021	0.484232	-0.099918	-0.141948	-0.214159	-0.100551	-0.015009	0.994819	-0.949052	0.301579	-0.091376	-0.298645	-0.953323	-0.044568
33304	9.866620	-0.526823	-0.317328	-0.156954	-0.158239	-0.209792	-0.099014	-0.017214	0.994937	-0.948795	0.303043	-0.089179	-0.299974	-0.952821	-0.046338
33305	9.849769	-0.538964	-0.991595	-0.199024	-0.150517	-0.204046	-0.097485	-0.019276	0.995050	-0.948402	0.304899	-0.087009	-0.301712	-0.952190	-0.048005
33306	9.837756	-0.713729	-1.535202	-0.234585	-0.140361	-0.194095	-0.096048	-0.021270	0.995149	-0.947883	0.307093	-0.084923	-0.303798	-0.951442	-0.049657
33307	9.879890	-0.926609	-1.907182	-0.250773	-0.125320	-0.184504	-0.094637	-0.023040	0.995245	-0.947299	0.309434	-0.082914	-0.306053	-0.950642	-0.051109
33308	9.950684	-1.106388	-2.133395	-0.233981	-0.090315	-0.192014	-0.093075	-0.024562	0.995356	-0.946764	0.311613	-0.080842	-0.308181	-0.949891	-0.052258
33309	9.952138	-1.206783	-2.211296	-0.200076	-0.057027	-0.208354	-0.091234	-0.025764	0.995496	-0.946342	0.313458	-0.078617	-0.310021	-0.949253	-0.052979
33310	9.834639	-1.231923	-2.162883	-0.159537	-0.023478	-0.211825	-0.089285	-0.026725	0.995648	-0.946041	0.314917	-0.076383	-0.311505	-0.948743	-0.053400
33311	9.795144	-1.200705	-1.944188	-0.114788	0.010140	-0.219659	-0.087130	-0.027331	0.995822	-0.945881	0.315944	-0.074089	-0.312599	-0.948384	-0.053380
33312	9.682242	-1.122696	-1.697090	-0.081860	0.037000	-0.228238	-0.084841	-0.027779	0.996007	-0.945823	0.316658	-0.071734	-0.313401	-0.948133	-0.053140
33313	9.643264	-1.042273	-1.425023	-0.052078	0.061680	-0.231315	-0.082414	-0.027937	0.996207	-0.945858	0.317084	-0.069357	-0.313944	-0.947986	-0.052557
33314	9.606472	-1.010069	-1.124644	-0.023297	0.075736	-0.239566	-0.079898	-0.028059	0.996408	-0.945981	0.317239	-0.066921	-0.314222	-0.947930	-0.051890
33315	9.591355	-0.954361	-0.873652	0.004680	0.077058	-0.244327	-0.077299	-0.028113	0.996612	-0.946192	0.317123	-0.064443	-0.314237	-0.947968	-0.051113
33316	9.645142	-0.823539	-0.651388	0.037032	0.078586	-0.244826	-0.074724	-0.028225	0.996805	-0.946497	0.316704	-0.061986	-0.313942	-0.948104	-0.050380
33317	9.626323	-0.745215	-0.449809	0.045839	0.070736	-0.244813	-0.072140	-0.028338	0.996992	-0.946825	0.316197	-0.059522	-0.313559	-0.948270	-0.049641
33318	9.631230	-0.665908	-0.249794	0.053669	0.060708	-0.241504	-0.069652	-0.028606	0.997161	-0.947166	0.315619	-0.057106	-0.313090	-0.948455	-0.049078
33319	9.631943	-0.539442	-0.101810	0.050813	0.041751	-0.246516	-0.067141	-0.028996	0.997322	-0.947497	0.315063	-0.054626	-0.312635	-0.948628	-0.048628
33320	9.677647	-0.388603	-0.030924	0.034940	0.028596	-0.247146	-0.064699	-0.029582	0.997466	-0.947771	0.314659	-0.052143	-0.312319	-0.948744	-0.048395
33321	9.698249	-0.238831	0.038836	0.002029	0.008235	-0.245259	-0.062303	-0.030285	0.997598	-0.947937	0.314563	-0.049652	-0.312304	-0.948753	-0.048306
33322	9.719848	-0.166196	0.011927	-0.036323	-0.008191	-0.240141	-0.060040	-0.031195	0.997708	-0.947972	0.314833	-0.047203	-0.312639	-0.948634	-0.048475
33323	9.721261	-0.194214	-0.060889	-0.070576	-0.020117	-0.243802	-0.057746	-0.032163	0.997813	-0.947899	0.315422	-0.044690	-0.313295	-0.948406	-0.048702
33324	9.745709	-0.196259	-0.136800	-0.091605	-0.037879	-0.241048	-0.055566	-0.033359	0.997898	-0.947750	0.316211	-0.042203	-0.314138	-0.948102	-0.049187
33325	9.695230	-0.205627	-0.285260	-0.108535	-0.046946	-0.236353	-0.053429	-0.034562	0.997973	-0.947540	0.317156	-0.039745	-0.315139	-0.947743	-0.049694
33326	9.673464	-0.260417	-0.385225	-0.110178	-0.063704	-0.238205	-0.051358	-0.035996	0.998031	-0.947319	0.318114	-0.037275	-0.316146	-0.947369	-0.050438
33327	9.603775	-0.317841	-0.460740	-0.109779	-0.071997	-0.229441	-0.049367	-0.037419	0.998080	-0.947090	0.319066	-0.034883	-0.317148	-0.946993	-0.051190
33328	9.630566	-0.344022	-0.516483	-0.097474	-0.083842	-0.228346	-0.047455	-0.039015	0.998111	-0.946893	0.319900	-0.032516	-0.318027	-0.946648	-0.052124
33329	9.673332	-0.272638	-0.625472	-0.089844	-0.085272	-0.227363	-0.045529	-0.040560	0.998139	-0.946716	0.320656	-0.030153	-0.318836	-0.946327	-0.052998
33330	9.692678	-0.201366	-0.685099	-0.077791	-0.088653	-0.224259	-0.043673	-0.042192	0.998155	-0.946569	0.321297	-0.027835	-0.319529	-0.946038	-0.053970
33331	9.740405	-0.176671	-0.720134	-0.063313	-0.096320	-0.214651	-0.041904	-0.043803	0.998161	-0.946461	0.321799	-0.025612	-0.320086	-0.945794	-0.054943
33332	9.752066	-0.008940	-0.759171	-0.058596	-0.100405	-0.199553	-0.040321	-0.045469	0.998152	-0.946358	0.322261	-0.023548	-0.320595	-0.945558	-0.056024
33333	9.773361	0.010721	-0.842646	-0.065322	-0.094130	-0.199549	-0.038689	-0.047012	0.998145	-0.946230	0.322782	-0.021474	-0.321174	-0.945305	-0.056973
33334	9.702056	-0.025534	-0.896768	-0.065254	-0.093986	-0.195242	-0.037127	-0.048606	0.998128	-0.946096	0.323303	-0.019448	-0.321752	-0.945047	-0.057989
33335	9.699318	-0.034280	-1.026977	-0.057762	-0.089290	-0.187883	-0.035592	-0.050067	0.998111	-0.945980	0.323751	-0.017493	-0.322264	-0.944817	-0.058885
33336	9.706128	-0.113498	-1.057190	-0.050480	-0.082319	-0.187035	-0.034071	-0.051526	0.998090	-0.945885	0.324129	-0.015556	-0.322709	-0.944608	-0.059781
33337	9.612098	-0.126359	-1.012080	-0.035499	-0.079134	-0.187352	-0.032509	-0.052891	0.998071	-0.945835	0.324363	-0.013618	-0.323017	-0.944453	-0.060570
33338	9.600335	-0.203973	-0.894580	-0.021333	-0.082325	-0.188655	-0.030973	-0.054357	0.998041	-0.945828	0.324459	-0.011682	-0.323188	-0.944337	-0.061462
33339	9.578689	-0.159800	-0.755694	-0.005173	-0.079231	-0.183602	-0.029447	-0.055710	0.998013	-0.945869	0.324402	-0.009800	-0.323211	-0.944277	-0.062247
33340	9.623216	-0.088367	-0.742281	0.003734	-0.084873	-0.183704	-0.027967	-0.057184	0.997972	-0.945935	0.324258	-0.007929	-0.323147	-0.944239	-0.063161
33341	9.752144	0.060906	-0.881032	0.005814	-0.080533	-0.177328	-0.026505	-0.058529	0.997934	-0.946004	0.324096	-0.006117	-0.323069	-0.944212	-0.063959
33342	9.769888	0.127957	-0.915398	-0.003780	-0.079160	-0.167442	-0.025159	-0.059896	0.997887	-0.946037	0.324028	-0.004403	-0.323080	-0.944150	-0.064817
33343	9.759336	0.188892	-1.046161	-0.006863	-0.077495	-0.155524	-0.023893	-0.061142	0.997843	-0.946055	0.323994	-0.002801	-0.323124	-0.944081	-0.065585
33344	9.690776	0.174214	-0.976981	-0.010878	-0.080038	-0.146771	-0.022746	-0.062451	0.997789	-0.946056	0.324000	-0.001287	-0.323204	-0.943993	-0.066451
33345	9.691170	0.215492	-0.887875	-0.015034	-0.082364	-0.144500	-0.021599	-0.063706	0.997735	-0.946041	0.324046	0.000210	-0.323326	-0.943894	-0.067268
33346	9.700697	0.210807	-0.700382	-0.018026	-0.086697	-0.143306	-0.020506	-0.065068	0.997670	-0.946015	0.324118	0.001695	-0.323473	-0.943776	-0.068201
33347	9.654850	0.248069	-0.561036	-0.016708	-0.090750	-0.142209	-0.019409	-0.066395	0.997605	-0.945991	0.324177	0.003171	-0.323611	-0.943663	-0.069101
33348	9.722548	0.318748	-0.550277	-0.024826	-0.099687	-0.139761	-0.018390	-0.067867	0.997525	-0.945939	0.324312	0.004625	-0.323823	-0.943513	-0.070162
33349	9.691429	0.351692	-0.632674	-0.033004	-0.104660	-0.130874	-0.017446	-0.069288	0.997444	-0.945857	0.324528	0.006000	-0.324115	-0.943335	-0.071199
33350	9.737037	0.342587	-0.742337	-0.042163	-0.111779	-0.123015	-0.016625	-0.070820	0.997351	-0.945743	0.324833	0.007301	-0.324490	-0.943116	-0.072378
33351	9.780205	0.331428	-0.901218	-0.040786	-0.112048	-0.111162	-0.015892	-0.072248	0.997260	-0.945630	0.325133	0.008486	-0.324855	-0.942904	-0.073486
33352	9.748393	0.361640	-0.984698	-0.040215	-0.116660	-0.098155	-0.015321	-0.073745	0.997159	-0.945517	0.325434	0.009539	-0.325213	-0.942685	-0.074713
33353	9.790619	0.374214	-1.095927	-0.038998	-0.116695	-0.092786	-0.014779	-0.075156	0.997062	-0.945405	0.325727	0.010540	-0.325562	-0.942472	-0.075867
33354	9.841824	0.339754	-1.132755	-0.048958	-0.109151	-0.085061	-0.014308	-0.076541	0.996964	-0.945260	0.326117	0.011472	-0.326005	-0.942226	-0.077017
33355	9.854033	0.397542	-1.242678	-0.064510	-0.101666	-0.084752	-0.013793	-0.077785	0.996875	-0.945063	0.326653	0.012412	-0.326598	-0.941938	-0.078018
33356	9.831688	0.328478	-1.346748	-0.071391	-0.091788	-0.078199	-0.013331	-0.078985	0.996787	-0.944842	0.327257	0.013295	-0.327256	-0.941628	-0.078992
33357	9.759723	0.252831	-1.471568	-0.069725	-0.081250	-0.074037	-0.012853	-0.080003	0.996712	-0.944624	0.327849	0.014134	-0.327902	-0.941337	-0.079786
33358	9.758692	0.235365	-1.527034	-0.065966	-0.068585	-0.067787	-0.012415	-0.080953	0.996641	-0.944418	0.328407	0.014911	-0.328511	-0.941061	-0.080530
33359	9.729424	0.238342	-1.604795	-0.060063	-0.057697	-0.065898	-0.011937	-0.081722	0.996584	-0.944230	0.328913	0.015662	-0.329070	-0.940817	-0.081091
33360	9.693750	0.194326	-1.459789	-0.052060	-0.042784	-0.057617	-0.011511	-0.082398	0.996533	-0.944068	0.329348	0.016327	-0.329551	-0.940606	-0.081581
33361	9.678401	0.175985	-1.339981	-0.036070	-0.037610	-0.054869	-0.011072	-0.082943	0.996493	-0.943956	0.329636	0.016949	-0.329886	-0.940458	-0.081944
33362	9.679820	0.258666	-1.149554	-0.027587	-0.034902	-0.055134	-0.010645	-0.083539	0.996448	-0.943873	0.329841	0.017570	-0.330137	-0.940333	-0.082361
33363	9.657383	0.312780	-1.005455	-0.031277	-0.024877	-0.049716	-0.010212	-0.083947	0.996418	-0.943776	0.330088	0.018137	-0.330428	-0.940210	-0.082598
33364	9.607224	0.311494	-1.029338	-0.039819	-0.025549	-0.047306	-0.009828	-0.084429	0.996381	-0.943651	0.330414	0.018690	-0.330796	-0.940052	-0.082919
33365	9.517071	0.281747	-0.952395	-0.042022	-0.021797	-0.040789	-0.009470	-0.084779	0.996355	-0.943517	0.330768	0.019177	-0.331189	-0.939896	-0.083123
33366	9.509492	0.333526	-0.979389	-0.038489	-0.022030	-0.031156	-0.009227	-0.085176	0.996323	-0.943394	0.331095	0.019569	-0.331545	-0.939745	-0.083409
33367	9.677390	0.483240	-0.749885	-0.048223	-0.037623	-0.026423	-0.009057	-0.085627	0.996286	-0.943238	0.331520	0.019918	-0.331994	-0.939554	-0.083769
33368	9.855789	0.534945	-0.544697	-0.066877	-0.047616	-0.019318	-0.009009	-0.086225	0.996235	-0.943019	0.332123	0.020217	-0.332616	-0.939287	-0.084304
33369	9.903660	0.497050	-0.234701	-0.088291	-0.081123	-0.007626	-0.009162	-0.087022	0.996164	-0.942727	0.332939	0.020414	-0.333439	-0.938924	-0.085089
33370	10.117605	0.380197	0.209965	-0.079681	-0.121687	0.017284	-0.009706	-0.088191	0.996056	-0.942462	0.333694	0.020361	-0.334174	-0.938547	-0.086356
33371	10.361024	0.463604	1.109346	-0.073614	-0.163437	0.062800	-0.010800	-0.089525	0.995926	-0.942210	0.334434	0.019846	-0.334849	-0.938157	-0.087963
33372	10.143205	0.289671	1.963560	-0.108677	-0.196478	0.053263	-0.011932	-0.091268	0.995755	-0.941842	0.335493	0.019465	-0.335845	-0.937611	-0.089964
33373	9.429875	-0.195629	2.141436	-0.150419	-0.239022	0.020207	-0.012881	-0.093451	0.995541	-0.941334	0.336915	0.019446	-0.337230	-0.936886	-0.092309
33374	9.143162	-0.479457	2.381379	-0.152363	-0.348078	-0.008421	-0.013947	-0.096807	0.995205	-0.940822	0.338326	0.019725	-0.338613	-0.936036	-0.095797
33375	9.669500	0.019675	1.471121	-0.104193	-0.416615	0.013940	-0.015446	-0.100668	0.994800	-0.940468	0.339308	0.019734	-0.339530	-0.935273	-0.099916
33376	9.986849	0.396243	0.936584	-0.087953	-0.449951	0.048013	-0.017393	-0.104769	0.994344	-0.940164	0.340171	0.019397	-0.340279	-0.934509	-0.104417
33377	10.260946	0.420879	0.303864	-0.094780	-0.509647	0.086237	-0.019895	-0.109246	0.993816	-0.939826	0.341142	0.018687	-0.341073	-0.933642	-0.109459
33378	10.689926	0.879686	-0.158980	-0.044089	-0.560756	0.113372	-0.022837	-0.114144	0.993202	-0.939654	0.341671	0.017661	-0.341364	-0.932862	-0.115058
33379	10.802365	1.028413	0.135940	-0.048276	-0.591810	0.099447	-0.025747	-0.119333	0.992520	-0.939466	0.342230	0.016776	-0.341672	-0.932008	-0.120921
33380	10.610303	0.725813	0.262256	-0.068126	-0.651176	0.063560	-0.028530	-0.125228	0.991718	-0.939219	0.342933	0.016284	-0.342132	-0.930975	-0.127400
33381	10.459244	0.529775	0.405010	-0.050019	-0.693644	0.030085	-0.031141	-0.131590	0.990815	-0.939041	0.343429	0.016097	-0.342393	-0.929914	-0.134263
33382	10.476089	0.453663	0.599134	-0.066405	-0.746580	0.010270	-0.033751	-0.138534	0.989782	-0.938812	0.344051	0.016142	-0.342772	-0.928675	-0.141670
33383	10.876305	0.496062	0.766138	-0.132584	-0.800680	0.009562	-0.036544	-0.145942	0.988618	-0.938356	0.345286	0.016286	-0.343733	-0.927081	-0.149563
33384	11.411393	0.429225	0.881760	-0.194804	-0.830449	0.026152	-0.039628	-0.153570	0.987343	-0.937617	0.347283	0.016384	-0.345404	-0.925100	-0.157752
33385	11.480332	0.013962	0.705321	-0.265441	-0.847881	0.040276	-0.042898	-0.161275	0.985977	-0.936684	0.349790	0.016461	-0.347540	-0.922842	-0.166069
33386	11.373546	-0.167317	0.029858	-0.281554	-0.885708	0.042098	-0.046358	-0.169308	0.984472	-0.935624	0.352607	0.016583	-0.349940	-0.920328	-0.174755
33387	11.077777	-0.542785	-0.497325	-0.248960	-0.898591	0.077287	-0.050189	-0.177304	0.982875	-0.934717	0.355019	0.016313	-0.351832	-0.917891	-0.183548
33388	11.095265	-0.811361	-0.950359	-0.137015	-0.913794	0.111488	-0.054430	-0.185296	0.981174	-0.934117	0.356630	0.015530	-0.352794	-0.915686	-0.192499
33389	11.119276	-0.815498	-1.281953	0.010294	-0.929823	0.150907	-0.059072	-0.193275	0.979365	-0.934071	0.356811	0.014076	-0.352168	-0.913964	-0.201610
33390	10.848012	-0.592468	-1.412748	0.121950	-0.967077	0.188254	-0.064214	-0.201439	0.977394	-0.934325	0.356220	0.012032	-0.350591	-0.912431	-0.211083
33391	10.712647	-0.195383	-1.243667	0.239391	-0.985782	0.226844	-0.069731	-0.209633	0.975291	-0.935012	0.354492	0.009345	-0.347692	-0.911257	-0.220728
33392	10.111689	0.243140	-0.906187	0.252770	-1.024238	0.265120	-0.075745	-0.218019	0.973001	-0.935637	0.352909	0.006240	-0.344741	-0.909903	-0.230718
33393	10.537172	0.843019	-1.952186	0.137711	-1.049982	0.305819	-0.082170	-0.226497	0.970540	-0.935873	0.352325	0.002988	-0.342622	-0.908057	-0.240923
33394	10.660309	1.267621	-2.341590	-0.024642	-1.000970	0.385353	-0.089191	-0.234206	0.968087	-0.935402	0.353586	-0.000638	-0.342153	-0.905607	-0.250614
33395	10.611111	1.333338	-2.961332	-0.234020	-0.925115	0.479993	-0.096804	-0.240877	0.965716	-0.934158	0.356829	-0.004638	-0.343479	-0.902580	-0.259559
33396	10.171102	1.162832	-3.375424	-0.441276	-0.825033	0.570278	-0.104960	-0.246249	0.963506	-0.932002	0.362343	-0.008922	-0.346922	-0.898927	-0.267536
33397	9.679118	1.001061	-3.962890	-0.604131	-0.770371	0.647059	-0.113627	-0.250803	0.961346	-0.929191	0.369356	-0.013466	-0.351701	-0.894804	-0.275013
33398	9.145148	0.845914	-4.478040	-0.706266	-0.705863	0.696482	-0.122576	-0.254496	0.959274	-0.925805	0.377567	-0.018130	-0.357576	-0.890323	-0.281895
33399	8.699239	0.679580	-4.828379	-0.773747	-0.611288	0.708881	-0.131287	-0.257231	0.957390	-0.922120	0.386239	-0.022676	-0.363948	-0.885806	-0.287905
33400	8.321697	0.312365	-4.785047	-0.803822	-0.411057	0.692233	-0.139153	-0.258157	0.956029	-0.918170	0.395272	-0.026906	-0.370945	-0.881541	-0.292036
33401	7.881934	-0.186853	-4.177246	-0.757548	-0.063712	0.642163	-0.145231	-0.256167	0.955660	-0.914428	0.403576	-0.030786	-0.377795	-0.878354	-0.292858
33402	7.262050	-0.792769	-3.245151	-0.623650	0.395765	0.556046	-0.148786	-0.250435	0.956632	-0.911172	0.410603	-0.034225	-0.384225	-0.876748	-0.289281
33403	6.381818	-1.543009	-1.876767	-0.485016	0.850812	0.454693	-0.149586	-0.241110	0.958900	-0.908624	0.415960	-0.037152	-0.389906	-0.876837	-0.281300
33404	6.855693	-2.908320	-2.210022	-0.355454	1.217242	0.367070	-0.148128	-0.228899	0.962114	-0.906618	0.420087	-0.039640	-0.395098	-0.878141	-0.269751
33405	7.134649	-3.874746	-2.104227	-0.077877	1.553273	0.303136	-0.144671	-0.213974	0.966067	-0.905873	0.421431	-0.042314	-0.398077	-0.881255	-0.254802
33406	7.521717	-4.628405	-2.446338	0.206951	1.739338	0.240065	-0.139875	-0.197624	0.970247	-0.906363	0.420086	-0.045100	-0.398674	-0.885705	-0.237878
33407	8.433132	-4.797946	-2.551845	0.576773	1.954599	0.172627	-0.133629	-0.179545	0.974632	-0.908426	0.415275	-0.048051	-0.396112	-0.891802	-0.218596
33408	8.466492	-4.471048	-2.171106	0.815968	2.140188	0.079247	-0.125923	-0.160056	0.979043	-0.911471	0.408254	-0.050490	-0.391617	-0.898727	-0.197295
33409	8.462459	-4.399268	-1.904510	1.010010	2.292385	-0.000995	-0.116966	-0.139385	0.983306	-0.915402	0.399128	-0.052312	-0.385173	-0.906239	-0.174277
33410	8.663088	-3.714266	-1.355053	1.077674	2.358031	-0.082738	-0.107216	-0.118251	0.987179	-0.919543	0.389369	-0.053229	-0.378082	-0.913460	-0.150484
33411	9.366488	-3.403929	-0.926428	1.062141	2.395072	-0.154186	-0.096782	-0.096898	0.990578	-0.923682	0.379458	-0.053128	-0.370734	-0.920121	-0.126227
33412	10.041926	-2.640685	-0.410089	1.008652	2.409529	-0.214778	-0.085942	-0.075470	0.993438	-0.927585	0.369957	-0.052140	-0.363594	-0.925978	-0.101800
33413	9.798562	-1.220009	0.331444	0.835209	2.401257	-0.287012	-0.074569	-0.054240	0.995740	-0.930832	0.362012	-0.049989	-0.357759	-0.930594	-0.077484
33414	9.701845	0.346268	0.856419	0.537688	2.378557	-0.326939	-0.063051	-0.033248	0.997456	-0.932973	0.356855	-0.047080	-0.354382	-0.933568	-0.053520
33415	9.877549	1.782850	1.404300	0.117319	2.360868	-0.309332	-0.051749	-0.012309	0.998584	-0.933570	0.355685	-0.043996	-0.354640	-0.934525	-0.029898
33416	10.315731	2.808915	2.086575	-0.381527	2.329939	-0.211339	-0.041451	0.008695	0.999103	-0.932307	0.359244	-0.041806	-0.359285	-0.933203	-0.006784
33417	10.301973	3.275341	2.518695	-0.843849	2.286332	-0.074668	-0.032397	0.029709	0.999033	-0.929268	0.367117	-0.041052	-0.367982	-0.929700	0.015715
33418	9.870770	3.083480	2.587920	-1.239928	2.197625	0.070566	-0.024806	0.050347	0.998424	-0.924611	0.378583	-0.042063	-0.380104	-0.924197	0.037160
33419	9.523199	2.534378	2.554459	-1.505237	2.056812	0.229681	-0.018913	0.070157	0.997357	-0.918733	0.392305	-0.045018	-0.394426	-0.917156	0.057036
33420	9.397595	1.738913	2.466569	-1.695254	1.876370	0.370315	-0.014714	0.088775	0.995943	-0.911851	0.407491	-0.049794	-0.410258	-0.908884	0.074953
33421	9.294556	0.980670	2.413135	-1.813953	1.687126	0.476774	-0.011937	0.105999	0.994295	-0.904195	0.423434	-0.055996	-0.426953	-0.899705	0.090789
33422	9.010560	0.238143	2.587366	-1.851816	1.479923	0.532085	-0.010237	0.121544	0.992533	-0.896075	0.439403	-0.063050	-0.443785	-0.890029	0.104414
33423	9.032145	-0.611924	3.138241	-1.839066	1.218708	0.573512	-0.009799	0.134881	0.990813	-0.887705	0.454950	-0.070712	-0.460309	-0.880243	0.115276
33424	9.497262	-0.622417	2.541192	-1.623171	0.892684	0.594538	-0.010830	0.145453	0.989306	-0.880056	0.468337	-0.078492	-0.474746	-0.871495	0.122935
33425	8.564212	-1.952087	2.205270	-1.419723	0.536906	0.576624	-0.013260	0.152829	0.988164	-0.873159	0.479802	-0.085922	-0.487254	-0.863964	0.127082
33426	8.394821	-2.545047	0.779868	-1.074078	0.106406	0.584384	-0.017773	0.156587	0.987504	-0.867787	0.488152	-0.093024	-0.496618	-0.858597	0.127208
33427	7.928040	-3.093733	0.197677	-0.593176	-0.251797	0.568100	-0.023908	0.157195	0.987278	-0.864710	0.492352	-0.099333	-0.501703	-0.856084	0.124157
33428	7.584481	-2.936904	-0.695995	-0.089028	-0.586791	0.521540	-0.031320	0.154752	0.987457	-0.864121	0.492303	-0.104561	-0.502309	-0.856557	0.118305
33429	7.537724	-1.765839	-1.714518	0.360481	-0.871298	0.490397	-0.039881	0.149662	0.987933	-0.865753	0.488469	-0.108947	-0.498879	-0.859651	0.110090
33430	7.335185	-0.822190	-2.457397	0.603909	-1.082342	0.485631	-0.049427	0.142701	0.988531	-0.868534	0.482556	-0.113087	-0.493160	-0.864162	0.100089
33431	7.094357	-0.279063	-3.078541	0.736804	-1.224569	0.487111	-0.059619	0.134403	0.989132	-0.871879	0.475499	-0.117162	-0.486078	-0.869388	0.088834
33432	6.917190	0.210506	-3.928986	0.766433	-1.283515	0.478620	-0.069962	0.125468	0.989628	-0.875268	0.468197	-0.121237	-0.478552	-0.874671	0.077062
33433	6.427976	-0.173286	-4.133901	0.711815	-1.269593	0.439556	-0.079803	0.116359	0.989996	-0.878324	0.461426	-0.125035	-0.471358	-0.879515	0.065377
33434	5.950058	-0.466622	-4.208890	0.762757	-1.201965	0.360994	-0.088576	0.107395	0.990263	-0.881588	0.454298	-0.128124	-0.463635	-0.884353	0.054438
33435	6.082527	-0.757212	-5.045775	0.848219	-1.074939	0.229565	-0.095499	0.098880	0.990506	-0.885279	0.446542	-0.129931	-0.455150	-0.889282	0.044892
33436	6.602410	-1.829560	-5.641828	0.974984	-0.834117	0.074583	-0.099901	0.091740	0.990759	-0.889599	0.437781	-0.130237	-0.445683	-0.894389	0.037877
33437	7.396160	-2.426666	-6.264647	1.234047	-0.537559	-0.080852	-0.101501	0.086551	0.991063	-0.895115	0.426782	-0.128946	-0.434128	-0.900203	0.034155
33438	8.418715	-2.782776	-5.174307	1.338034	-0.162390	-0.142692	-0.100912	0.084436	0.991306	-0.900987	0.414827	-0.127051	-0.421948	-0.905974	0.034215
33439	9.795035	-5.461306	2.725499	1.428483	0.155434	0.086492	-0.101003	0.086188	0.991146	-0.906841	0.401772	-0.127350	-0.409191	-0.911675	0.037579
33440	21.378405	0.736383	6.421154	2.227365	-0.543455	0.544648	-0.108141	0.083293	0.990640	-0.915152	0.380908	-0.131927	-0.388332	-0.920853	0.035034
33441	27.356775	3.897881	3.724001	1.791376	-0.763459	0.473096	-0.115340	0.077984	0.990260	-0.921432	0.363967	-0.135986	-0.371027	-0.928141	0.029878
33442	12.789028	3.877676	4.367912	0.175798	-1.256965	-0.210472	-0.118026	0.065505	0.990848	-0.922329	0.362490	-0.133829	-0.367939	-0.929683	0.017633
33443	11.251556	2.267452	-4.909224	0.274964	-1.457022	-0.320313	-0.120355	0.050776	0.991431	-0.923723	0.360118	-0.130579	-0.363663	-0.931524	0.003561
33444	9.313947	5.322089	-5.537736	0.451648	-1.206467	-0.171609	-0.123090	0.038864	0.991634	-0.925566	0.355987	-0.128840	-0.358016	-0.933682	-0.007847
33445	8.112016	4.249841	-6.671721	0.152312	-0.856444	0.108899	-0.127109	0.031239	0.991397	-0.925980	0.354526	-0.129893	-0.355533	-0.934524	-0.016136
33446	6.411353	1.688188	-5.334591	0.095210	-0.494410	0.392828	-0.132456	0.027935	0.990795	-0.925815	0.353526	-0.133736	-0.354008	-0.935008	-0.020964
33447	7.255553	-0.357728	-3.365632	-0.043239	-0.552042	0.488424	-0.138884	0.024489	0.990006	-0.925007	0.353801	-0.138518	-0.353658	-0.935000	-0.026485
33448	9.953652	-1.952073	-2.169426	-0.209491	-0.556288	0.423632	-0.144726	0.020703	0.989255	-0.923672	0.355672	-0.142575	-0.354802	-0.934382	-0.032352
33449	12.198740	-2.266481	-1.608920	-0.372029	-0.482118	0.329207	-0.149437	0.017367	0.988619	-0.921870	0.359082	-0.145655	-0.357525	-0.933144	-0.037650
33450	12.442739	-2.061327	-1.619601	-0.634572	-0.300260	0.228608	-0.152583	0.015303	0.988172	-0.919247	0.364968	-0.147592	-0.362910	-0.930894	-0.041621
33451	10.763815	-3.076981	-1.981104	-0.897511	-0.215241	0.119740	-0.154427	0.013733	0.987909	-0.915778	0.373290	-0.148340	-0.370813	-0.927613	-0.045070
33452	9.734925	-4.143804	-2.705297	-0.934710	-0.208596	0.036013	-0.155502	0.011841	0.987765	-0.912225	0.381949	-0.148189	-0.379030	-0.924108	-0.048592
33453	9.664305	-5.076106	-3.427698	-0.665826	-0.233919	0.005322	-0.156400	0.009690	0.987646	-0.909682	0.388091	-0.147861	-0.384730	-0.921570	-0.051883
33454	8.963853	-4.970052	-2.963264	-0.135337	-0.207676	-0.022053	-0.156977	0.007591	0.987573	-0.909201	0.389350	-0.147512	-0.385631	-0.921059	-0.054218
33455	8.889598	-3.820222	-2.249981	0.316602	-0.266257	-0.015182	-0.157817	0.005065	0.987455	-0.910449	0.386431	-0.147492	-0.382331	-0.922304	-0.056374
33456	9.479184	-2.201218	-1.485116	0.582681	-0.314426	0.044429	-0.159406	0.002230	0.987211	-0.912593	0.381060	-0.148218	-0.376517	-0.924548	-0.058708
33457	10.077965	-0.872528	-0.871567	0.637656	-0.341455	0.094071	-0.161496	-0.000588	0.986873	-0.914830	0.375154	-0.149483	-0.370141	-0.926962	-0.061123
33458	10.326847	0.048951	-0.740767	0.502180	-0.325371	0.102880	-0.163625	-0.003325	0.986517	-0.916512	0.370507	-0.150765	-0.365010	-0.928824	-0.063672
33459	10.241099	-0.004657	-0.990342	0.264467	-0.287911	0.093247	-0.165482	-0.005668	0.986196	-0.917329	0.368051	-0.151811	-0.362110	-0.929788	-0.066106
33460	9.937865	-0.825798	-1.263703	0.097262	-0.235015	0.077313	-0.167027	-0.007673	0.985922	-0.917556	0.367162	-0.152587	-0.360822	-0.930125	-0.068367
33461	9.620100	-1.646564	-1.236834	0.024109	-0.205231	0.046578	-0.168150	-0.009423	0.985716	-0.917573	0.366939	-0.153018	-0.360256	-0.930197	-0.070347
33462	9.640631	-1.925788	-0.895217	0.041807	-0.214507	0.027799	-0.169162	-0.011422	0.985522	-0.917682	0.366564	-0.153269	-0.359506	-0.930323	-0.072490
33463	9.651289	-1.865242	-0.157592	0.077681	-0.232741	0.013949	-0.170081	-0.013548	0.985337	-0.917945	0.365840	-0.153418	-0.358398	-0.930579	-0.074659
33464	9.452315	-1.692357	0.589386	0.078820	-0.262168	0.007257	-0.171072	-0.016064	0.985128	-0.918219	0.365118	-0.153499	-0.357222	-0.930823	-0.077212
33465	9.414897	-1.524528	1.056613	0.067708	-0.311900	0.010464	-0.172236	-0.018941	0.984874	-0.918452	0.364487	-0.153610	-0.356064	-0.931016	-0.080175
33466	9.146287	-1.196210	1.533310	0.052400	-0.363227	0.020288	-0.173698	-0.022346	0.984545	-0.918607	0.364012	-0.153803	-0.354950	-0.931126	-0.083755
33467	9.034184	-0.731680	1.949816	-0.040825	-0.434347	0.045142	-0.175609	-0.026237	0.984110	-0.918393	0.364400	-0.154167	-0.354565	-0.930873	-0.088088
33468	8.992086	-0.640314	2.180639	-0.189208	-0.492929	0.053542	-0.177830	-0.030716	0.983582	-0.917632	0.366184	-0.154470	-0.355427	-0.930036	-0.093304
33469	9.163685	-1.000385	1.919867	-0.329031	-0.546973	0.055554	-0.180244	-0.035607	0.982977	-0.916369	0.369256	-0.154655	-0.357464	-0.928645	-0.099185
33470	9.300364	-1.382431	1.553458	-0.386387	-0.594709	0.063710	-0.182934	-0.040967	0.982271	-0.914874	0.372871	-0.154831	-0.359918	-0.926978	-0.105691
33471	9.356614	-1.509009	0.944012	-0.409039	-0.662030	0.062898	-0.185856	-0.046874	0.981458	-0.913290	0.376683	-0.154957	-0.362435	-0.925155	-0.112819
33472	9.392727	-1.601469	0.157712	-0.420555	-0.708530	0.055351	-0.188909	-0.053284	0.980548	-0.911664	0.380602	-0.154955	-0.364941	-0.923203	-0.120476
33473	9.410493	-1.901573	-0.836022	-0.407662	-0.741088	0.053347	-0.192064	-0.059927	0.979551	-0.910080	0.384387	-0.154926	-0.367242	-0.921225	-0.128365
33474	9.457284	-2.119997	-1.933771	-0.360094	-0.754630	0.041202	-0.195187	-0.066780	0.978490	-0.908682	0.387730	-0.154800	-0.369052	-0.919351	-0.136362
33475	9.495894	-2.415798	-2.692980	-0.291681	-0.746835	0.022723	-0.198110	-0.073565	0.977415	-0.907569	0.390420	-0.154568	-0.370231	-0.917693	-0.144111
33476	9.532508	-2.692745	-3.181850	-0.223646	-0.737406	-0.002454	-0.200793	-0.080406	0.976328	-0.906753	0.392471	-0.154162	-0.370785	-0.916243	-0.151714
33477	9.628782	-2.717241	-3.272047	-0.133857	-0.719171	-0.029017	-0.203152	-0.087118	0.975264	-0.906325	0.393667	-0.153627	-0.370545	-0.915116	-0.158932
33478	9.707280	-2.624509	-3.179894	-0.073354	-0.701820	-0.055147	-0.205230	-0.093827	0.974206	-0.906173	0.394290	-0.152923	-0.369772	-0.914184	-0.165944
33479	9.650881	-2.356986	-2.910512	-0.022796	-0.678149	-0.086109	-0.206909	-0.100377	0.973197	-0.906277	0.394409	-0.152001	-0.368580	-0.913437	-0.172576
33480	9.736662	-2.001366	-2.579151	-0.005200	-0.659004	-0.105283	-0.208364	-0.106885	0.972194	-0.906482	0.394349	-0.150925	-0.367252	-0.912724	-0.179057
33481	9.597902	-1.856874	-2.049413	-0.012616	-0.642823	-0.123822	-0.209554	-0.113251	0.971216	-0.906705	0.394321	-0.149654	-0.366022	-0.911968	-0.185317
33482	9.587029	-1.822621	-1.343885	-0.020859	-0.650786	-0.142776	-0.210623	-0.119822	0.970196	-0.906935	0.394346	-0.148187	-0.364837	-0.911117	-0.191729
33483	9.700036	-1.628991	-0.453222	-0.012631	-0.675445	-0.165538	-0.211538	-0.126639	0.969131	-0.907249	0.394250	-0.146513	-0.363525	-0.910236	-0.198292
33484	9.833173	-1.123544	0.667647	-0.036406	-0.736316	-0.195048	-0.212425	-0.134177	0.967922	-0.907537	0.394327	-0.144509	-0.362287	-0.909122	-0.205536
33485	9.917783	-0.896927	1.505683	-0.113161	-0.800081	-0.209048	-0.213380	-0.142283	0.966553	-0.907583	0.395057	-0.142206	-0.361610	-0.907571	-0.213431
33486	9.933202	-0.981937	2.235763	-0.204269	-0.894153	-0.216644	-0.214626	-0.151308	0.964905	-0.907316	0.396589	-0.139627	-0.361544	-0.905441	-0.222402
33487	10.106097	-0.676551	2.697573	-0.282490	-0.987650	-0.237042	-0.216005	-0.161193	0.962995	-0.906815	0.398763	-0.136656	-0.361979	-0.902776	-0.232307
33488	10.008469	-0.594637	2.918410	-0.415929	-1.120493	-0.256784	-0.217712	-0.172364	0.960673	-0.905872	0.402077	-0.133152	-0.363314	-0.899235	-0.243677
33489	10.237953	-0.526437	2.982230	-0.504827	-1.253009	-0.265541	-0.219828	-0.184692	0.957896	-0.904625	0.406122	-0.129299	-0.365142	-0.894960	-0.256354
33490	10.413388	-0.237930	3.055505	-0.566484	-1.384380	-0.273803	-0.222385	-0.198197	0.954601	-0.903167	0.410645	-0.125143	-0.367199	-0.889994	-0.270326
33491	10.589796	0.320685	3.057349	-0.652423	-1.527694	-0.273927	-0.225498	-0.212895	0.950698	-0.901387	0.415858	-0.120676	-0.369664	-0.884159	-0.285676
33492	10.421546	0.705144	2.899938	-0.731200	-1.664601	-0.270135	-0.229193	-0.228704	0.946132	-0.899300	0.421690	-0.115915	-0.372464	-0.877423	-0.302322
33493	10.262553	1.101794	2.509702	-0.821417	-1.805794	-0.253790	-0.233625	-0.245573	0.940805	-0.896826	0.428251	-0.110920	-0.375662	-0.869652	-0.320286
33494	10.519601	1.860020	1.329268	-0.897105	-1.916383	-0.223839	-0.238790	-0.263124	0.934743	-0.893983	0.435429	-0.105807	-0.379174	-0.860911	-0.339205
33495	10.481388	1.950202	0.806268	-1.045355	-2.013067	-0.191443	-0.244717	-0.281211	0.927919	-0.890471	0.443841	-0.100332	-0.383634	-0.850838	-0.359026
33496	10.671666	1.534672	0.396799	-1.122996	-2.092468	-0.202832	-0.250916	-0.299803	0.920413	-0.886654	0.452727	-0.094247	-0.388440	-0.839736	-0.379418
33497	11.028868	0.953209	0.846329	-1.129731	-2.163997	-0.227131	-0.257318	-0.318902	0.912189	-0.882830	0.461429	-0.087720	-0.392936	-0.827880	-0.400270
33498	12.265068	0.521527	2.126908	-1.082685	-2.270815	-0.242097	-0.264060	-0.338673	0.903090	-0.879204	0.469509	-0.081003	-0.396575	-0.815391	-0.421742
33499	13.216773	0.984528	4.203231	-1.000520	-2.382649	-0.278839	-0.271049	-0.359284	0.892999	-0.875983	0.476611	-0.074127	-0.398981	-0.802345	-0.443911
33500	13.931978	2.492838	4.188749	-1.084404	-2.532609	-0.313156	-0.278345	-0.380892	0.881729	-0.872521	0.484052	-0.066336	-0.401535	-0.787791	-0.467070
33501	13.570883	3.548685	2.498248	-1.205120	-2.606810	-0.302189	-0.286180	-0.402714	0.869438	-0.868530	0.492245	-0.057879	-0.404668	-0.771697	-0.490640
33502	13.257882	3.991659	-0.311761	-1.370310	-2.632200	-0.215275	-0.294900	-0.423816	0.856396	-0.863600	0.501785	-0.049056	-0.408936	-0.754050	-0.513984
33503	13.357841	2.302260	-1.891785	-1.571447	-2.585211	-0.094883	-0.304689	-0.443564	0.842861	-0.857427	0.513051	-0.039956	-0.414708	-0.734867	-0.536645
33504	13.845328	-0.348817	-2.707217	-1.695008	-2.540407	-0.024737	-0.314960	-0.462051	0.829041	-0.850437	0.525199	-0.030378	-0.421375	-0.714615	-0.558362
33505	13.332874	-4.500455	-2.631618	-1.638150	-2.474803	-0.057693	-0.324932	-0.479813	0.814984	-0.843685	0.536445	-0.020550	-0.427334	-0.694267	-0.579119
33506	12.022805	-8.058121	-3.329754	-1.319782	-2.499527	-0.163102	-0.334142	-0.497742	0.800376	-0.838581	0.544658	-0.011378	-0.430268	-0.674982	-0.599390
33507	10.696439	-10.922904	-5.271213	-0.676307	-2.545544	-0.292722	-0.342565	-0.516334	0.784888	-0.836688	0.547658	-0.004900	-0.427320	-0.658385	-0.619619
33508	10.072671	-10.599637	-9.595100	0.222574	-2.634703	-0.411305	-0.350119	-0.535678	0.768418	-0.839069	0.544017	-0.003065	-0.416391	-0.645828	-0.639941
33509	10.046667	-9.846228	-11.056017	0.891088	-2.684591	-0.449986	-0.357241	-0.555336	0.750986	-0.844312	0.535824	-0.005406	-0.399394	-0.635998	-0.660296
33510	9.618047	-8.351493	-9.838381	1.548728	-2.562476	-0.528894	-0.362616	-0.574267	0.733980	-0.852246	0.523007	-0.011843	-0.377076	-0.629826	-0.679067
33511	9.338277	-6.406515	-9.876035	1.939151	-2.362920	-0.639953	-0.365703	-0.592422	0.717842	-0.861662	0.507068	-0.020498	-0.351851	-0.626034	-0.695904
33512	8.919896	-5.108615	-8.660722	2.217968	-2.079535	-0.704832	-0.366563	-0.608846	0.703519	-0.871768	0.488931	-0.031093	-0.325042	-0.624702	-0.709996
33513	8.256427	-3.239991	-7.808603	2.404346	-1.773052	-0.738974	-0.365560	-0.623488	0.691107	-0.881975	0.469320	-0.043119	-0.297466	-0.625302	-0.721465
33514	8.030339	-1.421493	-6.513932	2.375632	-1.399116	-0.706657	-0.363213	-0.635406	0.681422	-0.891324	0.449953	-0.055527	-0.271325	-0.627536	-0.729782
33515	8.000195	0.752728	-6.480145	2.223968	-1.044217	-0.628173	-0.360255	-0.644762	0.674164	-0.899385	0.431910	-0.067534	-0.247634	-0.630663	-0.735487
33516	6.366269	1.526001	-8.213545	1.534201	-0.569978	-0.702422	-0.355220	-0.651254	0.670587	-0.905593	0.417619	-0.074128	-0.231774	-0.633611	-0.738118
33517	4.532881	1.165572	-8.162403	0.761638	-0.273679	-0.647909	-0.349920	-0.655681	0.669057	-0.909630	0.408522	-0.075385	-0.223896	-0.634974	-0.739378
33518	6.334681	0.569178	-7.142670	0.401530	0.105202	-0.428336	-0.345720	-0.656661	0.670280	-0.912030	0.403116	-0.075485	-0.220632	-0.637412	-0.738260
33519	7.511446	0.481999	-4.872956	0.130469	0.693719	-0.325781	-0.341168	-0.653544	0.675636	-0.913454	0.400116	-0.074224	-0.221824	-0.642485	-0.733490
33520	7.497308	0.106634	-4.525220	-0.257321	1.262484	-0.342897	-0.335123	-0.646666	0.685212	-0.914052	0.399509	-0.070010	-0.228475	-0.649781	-0.724971
33521	6.661771	-0.279468	-4.722354	-0.578245	1.754551	-0.358100	-0.327701	-0.636635	0.698075	-0.913902	0.400963	-0.063344	-0.239575	-0.658730	-0.713217
33522	6.026179	-1.070252	-4.980605	-0.802891	2.120273	-0.356174	-0.319143	-0.623894	0.713375	-0.913090	0.404011	-0.055156	-0.253800	-0.668978	-0.698608
33523	5.811144	-1.827251	-5.342887	-0.901443	2.412336	-0.306534	-0.309989	-0.608879	0.730187	-0.911710	0.408173	-0.046690	-0.269614	-0.680192	-0.681651
33524	5.839742	-1.962243	-5.165887	-0.952028	2.646116	-0.209616	-0.300651	-0.591476	0.748174	-0.909718	0.413415	-0.038738	-0.286393	-0.692275	-0.662370
33525	6.627151	-2.208759	-4.911234	-0.978773	2.835193	-0.086822	-0.291453	-0.572048	0.766691	-0.907102	0.419718	-0.031667	-0.303679	-0.704696	-0.641235
33526	7.591592	-2.362703	-4.886190	-0.928647	3.102228	-0.011246	-0.281592	-0.549911	0.786323	-0.904247	0.426233	-0.025738	-0.321004	-0.718278	-0.617279
33527	7.865816	-2.333834	-4.745920	-0.849426	3.365028	-0.008955	-0.270379	-0.525549	0.806656	-0.901486	0.432322	-0.020500	-0.337961	-0.732732	-0.590666
33528	8.017977	-2.125623	-4.883004	-0.825585	3.475689	-0.022915	-0.258069	-0.499808	0.826796	-0.898700	0.438288	-0.015562	-0.354597	-0.747058	-0.562286
33529	8.070740	-1.995302	-5.168878	-0.801490	3.542612	0.024225	-0.245395	-0.473007	0.846195	-0.895744	0.444425	-0.011339	-0.370707	-0.760757	-0.532752
33530	8.187678	-1.890350	-5.444369	-0.748852	3.559232	0.106738	-0.232820	-0.445087	0.864692	-0.892666	0.450640	-0.008392	-0.385930	-0.773836	-0.502232
33531	8.329761	-1.914884	-5.364503	-0.627692	3.612576	0.238419	-0.220709	-0.415834	0.882253	-0.889671	0.456543	-0.007382	-0.399716	-0.786544	-0.470718
33532	8.269829	-1.556586	-5.176567	-0.471118	3.690770	0.367444	-0.208937	-0.384745	0.899064	-0.886979	0.461731	-0.008536	-0.411841	-0.799235	-0.437733
33533	7.868898	-1.129789	-5.282601	-0.336179	3.797496	0.445821	-0.196999	-0.352103	0.914995	-0.884682	0.466063	-0.011126	-0.422528	-0.811671	-0.403313
33534	7.615538	-1.228977	-5.556628	-0.178131	3.891304	0.505783	-0.184798	-0.317773	0.929984	-0.882964	0.469197	-0.015131	-0.431538	-0.823938	-0.367289
33535	7.541126	-1.449204	-6.068319	0.012005	3.976382	0.558119	-0.172380	-0.282161	0.943753	-0.882028	0.470757	-0.020360	-0.438533	-0.835927	-0.330023
33536	7.729033	-1.658898	-6.206305	0.214732	4.033955	0.606961	-0.159898	-0.245209	0.956193	-0.881974	0.470535	-0.026821	-0.443345	-0.847626	-0.291505
33537	7.916553	-1.486621	-6.017007	0.397679	4.067431	0.637818	-0.147392	-0.207524	0.967062	-0.882771	0.468573	-0.033993	-0.446085	-0.858704	-0.252260
33538	8.035757	-1.219829	-5.515597	0.481316	4.070893	0.649863	-0.134904	-0.169196	0.976306	-0.884010	0.465626	-0.041457	-0.447579	-0.868657	-0.212385
33539	8.364975	-0.935428	-5.102206	0.501490	4.072253	0.622669	-0.122125	-0.130773	0.983862	-0.885463	0.462173	-0.048480	-0.448375	-0.877094	-0.172237
33540	8.944654	-0.260785	-4.164581	0.383845	4.070668	0.596863	-0.109103	-0.092065	0.989758	-0.886501	0.459448	-0.054984	-0.449680	-0.883421	-0.131742
