// General information: 
//  MT Manager version: 2022.2.0 
//  XDA version: 2022.2.0 build 7381 rev 124627 built on 2023-07-19
// Device information: 
//  DeviceId: 00B4CB9F
//  ProductCode: MTW2-3A7G6
//  Firmware Version: 4.6.0
//  Hardware Version: 2.0.0
// Device settings: 
//  Filter Profile: human(46.1)
//  Option Flags: Orientation Smoother Disabled, Position/Velocity Smoother Disabled, Continuous Zero Rotation Update Disabled, AHS Disabled, ICC Disabled
// Coordinate system: ENU
PacketCounter	Acc_X	Acc_Y	Acc_Z	Gyr_X	Gyr_Y	Gyr_Z	Mat[1][1]	Mat[2][1]	Mat[3][1]	Mat[1][2]	Mat[2][2]	Mat[3][2]	Mat[1][3]	Mat[2][3]	Mat[3][3]
01426	9.606983	1.322535	-0.408277	0.118071	0.083684	-0.026094	0.025457	-0.140019	0.989822	-0.519899	0.843851	0.132741	-0.853848	-0.517987	-0.051314
01427	9.626521	1.300298	-0.597044	0.135657	0.069209	-0.013961	0.026047	-0.139771	0.989841	-0.521094	0.843110	0.132764	-0.853102	-0.519259	-0.050873
01428	9.614456	1.277598	-0.701106	0.150289	0.068182	-0.007640	0.026556	-0.139537	0.989861	-0.522475	0.842257	0.132747	-0.852241	-0.520703	-0.050538
01429	9.703289	1.363371	-0.741558	0.150631	0.060448	-0.001257	0.027005	-0.139226	0.989892	-0.523799	0.841452	0.132638	-0.851414	-0.522086	-0.050203
01430	9.756827	1.470106	-0.838028	0.143828	0.057207	-0.003100	0.027406	-0.139010	0.989912	-0.525122	0.840635	0.132586	-0.850585	-0.523458	-0.049958
01431	9.742137	1.435638	-0.903275	0.113644	0.034517	-0.002577	0.027640	-0.138844	0.989929	-0.526128	0.840018	0.132508	-0.849956	-0.524492	-0.049831
01432	9.720796	1.259574	-0.975903	0.082621	0.038899	-0.009538	0.027924	-0.138769	0.989931	-0.526915	0.839519	0.132547	-0.849459	-0.525311	-0.049677
01433	9.602825	1.160420	-1.065016	0.063197	0.029217	-0.006082	0.028131	-0.138659	0.989941	-0.527491	0.839160	0.132529	-0.849095	-0.525913	-0.049536
01434	9.664910	1.213789	-1.104163	0.059406	0.012586	-0.002065	0.028136	-0.138668	0.989939	-0.528094	0.838784	0.132504	-0.848720	-0.526509	-0.049629
01435	9.653669	1.353173	-1.216184	0.077285	-0.005315	0.000512	0.028015	-0.138685	0.989940	-0.528791	0.838360	0.132414	-0.848290	-0.527181	-0.049848
01436	9.666025	1.485362	-1.111982	0.068642	-0.025407	-0.003600	0.027703	-0.138892	0.989920	-0.529449	0.837949	0.132386	-0.847889	-0.527780	-0.050323
01437	9.648687	1.533891	-0.871583	0.032447	-0.026414	-0.012357	0.027471	-0.139129	0.989893	-0.529761	0.837742	0.132446	-0.847702	-0.528045	-0.050691
01438	9.645617	1.495798	-0.651229	-0.013331	-0.023803	-0.018012	0.027248	-0.139457	0.989853	-0.529731	0.837735	0.132607	-0.847728	-0.527970	-0.051048
01439	9.609938	1.435043	-0.525255	-0.043612	-0.015873	-0.024912	0.027172	-0.139743	0.989815	-0.529395	0.837912	0.132829	-0.847940	-0.527613	-0.051212
01440	9.544743	1.415781	-0.536065	-0.057771	-0.017135	-0.021581	0.027023	-0.140069	0.989773	-0.528992	0.838131	0.133052	-0.848196	-0.527178	-0.051447
01441	9.632564	1.407883	-0.490089	-0.062435	-0.027452	-0.024625	0.026847	-0.140413	0.989729	-0.528497	0.838408	0.133281	-0.848511	-0.526647	-0.051699
01442	9.685253	1.475415	-0.500722	-0.046181	-0.019166	-0.018719	0.026670	-0.140717	0.989691	-0.528180	0.838578	0.133465	-0.848713	-0.526295	-0.051959
01443	9.779502	1.512471	-0.355525	-0.047086	-0.018873	-0.021997	0.026553	-0.140995	0.989654	-0.527815	0.838776	0.133661	-0.848944	-0.525904	-0.052147
01444	9.790803	1.471377	-0.337153	-0.058622	-0.011426	-0.021566	0.026477	-0.141288	0.989614	-0.527402	0.838999	0.133895	-0.849203	-0.525469	-0.052301
01445	9.666050	1.383855	-0.528894	-0.050067	-0.011482	-0.024081	0.026433	-0.141544	0.989579	-0.527011	0.839210	0.134113	-0.849448	-0.525064	-0.052412
01446	9.612456	1.362972	-0.611812	-0.032552	-0.013588	-0.013696	0.026287	-0.141788	0.989548	-0.526830	0.839301	0.134255	-0.849564	-0.524853	-0.052635
01447	9.612368	1.418682	-0.613683	-0.002807	-0.013573	-0.007441	0.026138	-0.141915	0.989534	-0.526845	0.839287	0.134283	-0.849560	-0.524840	-0.052830
01448	9.706261	1.484084	-0.650597	-0.002813	-0.016586	-0.005549	0.025923	-0.142090	0.989514	-0.526891	0.839253	0.134316	-0.849537	-0.524848	-0.053110
01449	9.694193	1.473506	-0.670572	-0.005660	-0.021474	-0.005832	0.025698	-0.142245	0.989498	-0.526882	0.839256	0.134330	-0.849550	-0.524801	-0.053379
01450	9.664227	1.419001	-0.717689	-0.011931	-0.023332	-0.006998	0.025429	-0.142476	0.989472	-0.526864	0.839258	0.134387	-0.849569	-0.524735	-0.053724
01451	9.639703	1.385169	-0.847688	-0.019225	-0.045391	-0.005260	0.024998	-0.142752	0.989443	-0.526740	0.839333	0.134403	-0.849659	-0.524539	-0.054212
01452	9.721416	1.439060	-0.905949	-0.023711	-0.053879	0.003921	0.024417	-0.143061	0.989413	-0.526643	0.839400	0.134367	-0.849736	-0.524348	-0.054847
01453	9.721028	1.438814	-0.910497	-0.033091	-0.048104	0.006453	0.023901	-0.143253	0.989398	-0.526404	0.839565	0.134275	-0.849899	-0.524032	-0.055342
01454	9.659185	1.439278	-0.874963	-0.056383	-0.053130	0.006477	0.023314	-0.143531	0.989371	-0.526018	0.839814	0.134229	-0.850154	-0.523556	-0.055921
01455	9.644074	1.363129	-0.855810	-0.069757	-0.054135	0.006058	0.022748	-0.143756	0.989352	-0.525466	0.840170	0.134162	-0.850510	-0.522923	-0.056427
01456	9.637731	1.330017	-0.868534	-0.085557	-0.049996	0.013221	0.022148	-0.143963	0.989335	-0.524837	0.840579	0.134066	-0.850915	-0.522209	-0.056940
01457	9.674976	1.306868	-0.948768	-0.083981	-0.055451	0.009437	0.021553	-0.144166	0.989319	-0.524165	0.841013	0.133974	-0.851344	-0.521453	-0.057440
01458	9.789628	1.328432	-0.911133	-0.068487	-0.059155	0.013821	0.020867	-0.144416	0.989297	-0.523681	0.841332	0.133862	-0.851659	-0.520870	-0.058072
01459	9.883017	1.338037	-0.951359	-0.071373	-0.064060	0.013544	0.020177	-0.144628	0.989280	-0.523117	0.841705	0.133723	-0.852022	-0.520207	-0.058675
01460	9.788588	1.273010	-0.921233	-0.075274	-0.068049	0.002929	0.019467	-0.145011	0.989239	-0.522567	0.842047	0.133718	-0.852376	-0.519546	-0.059385
01461	9.757494	1.285928	-0.750926	-0.074971	-0.075160	0.002227	0.018742	-0.145375	0.989199	-0.521968	0.842422	0.133694	-0.852759	-0.518836	-0.060093
01462	9.826215	1.287439	-0.606729	-0.090780	-0.073673	-0.001513	0.018009	-0.145826	0.989146	-0.521289	0.842834	0.133747	-0.853190	-0.518040	-0.060839
01463	9.822968	1.290311	-0.348889	-0.108629	-0.056018	-0.009664	0.017508	-0.146190	0.989102	-0.520400	0.843365	0.133862	-0.853743	-0.517073	-0.061312
01464	9.709408	1.183956	-0.211508	-0.130248	-0.028234	-0.017934	0.017256	-0.146536	0.989055	-0.519372	0.843961	0.134101	-0.854374	-0.516001	-0.061543
01465	9.535043	1.120758	-0.253884	-0.124193	-0.004800	-0.018387	0.017238	-0.146709	0.989030	-0.518348	0.844557	0.134313	-0.854996	-0.514976	-0.061488
01466	9.463233	1.220158	-0.363429	-0.059324	-0.010817	-0.003976	0.017045	-0.146848	0.989012	-0.517929	0.844806	0.134363	-0.855254	-0.514528	-0.061657
01467	9.617286	1.383369	-0.530513	-0.021655	-0.008092	0.001459	0.016895	-0.146870	0.989012	-0.517784	0.844902	0.134315	-0.855344	-0.514364	-0.061772
01468	9.682287	1.459335	-0.521460	0.001138	-0.004182	0.006437	0.016720	-0.146889	0.989012	-0.517889	0.844851	0.134234	-0.855284	-0.514443	-0.061946
01469	9.735306	1.524259	-0.530408	0.008246	0.001023	0.001917	0.016646	-0.146860	0.989017	-0.518000	0.844794	0.134163	-0.855219	-0.514544	-0.062011
01470	9.761665	1.502443	-0.534075	-0.010517	0.009939	-0.003836	0.016644	-0.146891	0.989013	-0.517999	0.844790	0.134188	-0.855219	-0.514541	-0.062028
01471	9.739893	1.382435	-0.609239	-0.029279	0.021451	0.001367	0.016747	-0.146761	0.989030	-0.517789	0.844925	0.134146	-0.855344	-0.514356	-0.061841
01472	9.767695	1.305113	-0.741914	-0.024232	0.030293	0.012806	0.016833	-0.146548	0.989060	-0.517678	0.845015	0.134015	-0.855410	-0.514271	-0.061640
01473	9.740617	1.259251	-0.825044	-0.005115	0.031579	0.032241	0.016863	-0.146105	0.989125	-0.517680	0.845071	0.133652	-0.855408	-0.514304	-0.061385
01474	9.723187	1.212329	-0.849521	0.026369	0.029206	0.032646	0.016832	-0.145726	0.989182	-0.517997	0.844934	0.133290	-0.855217	-0.514636	-0.061264
01475	9.649442	1.187200	-0.916355	0.044553	0.019560	0.030651	0.016768	-0.145359	0.989237	-0.518423	0.844732	0.132913	-0.854960	-0.515072	-0.061193
01476	9.668579	1.391299	-0.889565	0.072893	-0.004619	0.027909	0.016470	-0.145191	0.989267	-0.519131	0.844352	0.132565	-0.854536	-0.515742	-0.061466
01477	9.789020	1.497353	-0.708389	0.066707	0.001962	0.028194	0.016267	-0.144935	0.989307	-0.519745	0.844031	0.132198	-0.854166	-0.516339	-0.061599
01478	9.709016	1.561137	-0.564548	0.038002	0.012904	0.019132	0.016173	-0.144760	0.989335	-0.520170	0.843805	0.131970	-0.853909	-0.516757	-0.061653
01479	9.698379	1.559915	-0.491009	0.002768	0.016781	0.011385	0.016184	-0.144570	0.989362	-0.520236	0.843789	0.131809	-0.853869	-0.516835	-0.061554
01480	9.653784	1.427692	-0.511009	-0.024328	0.033562	0.016651	0.016272	-0.144301	0.989400	-0.520113	0.843893	0.131633	-0.853942	-0.516742	-0.061321
01481	9.584719	1.371264	-0.658407	-0.023225	0.017700	0.017776	0.016257	-0.144052	0.989437	-0.519958	0.844021	0.131424	-0.854037	-0.516602	-0.061180
01482	9.658465	1.379623	-0.678279	-0.018100	0.017256	0.029078	0.016143	-0.143762	0.989481	-0.519889	0.844110	0.131123	-0.854081	-0.516537	-0.061113
01483	9.703165	1.343864	-0.652922	-0.020397	0.019136	0.032788	0.016063	-0.143379	0.989537	-0.519760	0.844245	0.130764	-0.854161	-0.516423	-0.060961
01484	9.704020	1.395479	-0.651072	-0.017426	0.017768	0.031068	0.015945	-0.143073	0.989584	-0.519703	0.844329	0.130446	-0.854198	-0.516370	-0.060892
01485	9.693145	1.338557	-0.576799	-0.018234	0.011830	0.025775	0.015839	-0.142787	0.989627	-0.519592	0.844443	0.130155	-0.854268	-0.516264	-0.060816
01486	9.746101	1.292214	-0.583717	-0.024536	0.009978	0.024623	0.015695	-0.142577	0.989659	-0.519479	0.844551	0.129910	-0.854339	-0.516146	-0.060811
01487	9.719842	1.257392	-0.578338	-0.015959	0.006917	0.023945	0.015556	-0.142331	0.989697	-0.519386	0.844649	0.129635	-0.854398	-0.516052	-0.060785
01488	9.817524	1.287191	-0.563175	-0.020807	-0.003184	0.026624	0.015290	-0.142171	0.989724	-0.519304	0.844741	0.129367	-0.854453	-0.515945	-0.060914
01489	9.846356	1.219113	-0.607512	-0.020308	0.007249	0.021695	0.015166	-0.141943	0.989759	-0.519174	0.844859	0.129118	-0.854534	-0.515815	-0.060880
01490	9.791633	1.031881	-0.688477	-0.034855	0.004397	0.018611	0.015009	-0.141805	0.989781	-0.518961	0.845018	0.128934	-0.854666	-0.515592	-0.060908
01491	9.738029	1.008552	-0.769896	-0.000257	0.009038	0.018762	0.014916	-0.141592	0.989813	-0.519001	0.845029	0.128702	-0.854643	-0.515634	-0.060882
01492	9.652881	1.083285	-0.855974	0.035160	0.022633	0.022339	0.014888	-0.141327	0.989851	-0.519386	0.844833	0.128434	-0.854410	-0.516027	-0.060825
01493	9.612314	1.178660	-0.919510	0.055094	0.003223	0.032544	0.014674	-0.141028	0.989897	-0.519902	0.844577	0.128032	-0.854100	-0.516528	-0.060928
01494	9.657121	1.294395	-0.988324	0.070262	-0.008125	0.034172	0.014322	-0.140828	0.989930	-0.520598	0.844209	0.127630	-0.853682	-0.517184	-0.061224
01495	9.673427	1.378364	-0.922711	0.044693	-0.023110	0.026839	0.013912	-0.140714	0.989953	-0.521024	0.843997	0.127290	-0.853429	-0.517560	-0.061573
01496	9.715326	1.386944	-0.861669	0.009910	-0.029480	0.014438	0.013474	-0.140789	0.989948	-0.521194	0.843919	0.127115	-0.853332	-0.517667	-0.062007
01497	9.629923	1.364386	-0.860616	0.000554	-0.020670	0.015144	0.013146	-0.140761	0.989956	-0.521240	0.843920	0.126918	-0.853309	-0.517674	-0.062276
01498	9.676608	1.340274	-0.880560	-0.012455	-0.032393	0.022966	0.012640	-0.140775	0.989961	-0.521214	0.843973	0.126670	-0.853332	-0.517583	-0.062706
01499	9.754238	1.326991	-0.764122	-0.034523	-0.024033	0.025270	0.012230	-0.140679	0.989980	-0.520963	0.844169	0.126395	-0.853492	-0.517289	-0.062964
01500	9.772333	1.215707	-0.646641	-0.045229	-0.007604	0.029213	0.011913	-0.140516	0.990007	-0.520668	0.844394	0.126114	-0.853676	-0.516967	-0.063103
01501	9.763263	1.279422	-0.483424	-0.042313	0.003333	0.025755	0.011734	-0.140274	0.990043	-0.520349	0.844631	0.125839	-0.853873	-0.516645	-0.063080
01502	9.670357	1.322106	-0.446802	-0.041314	0.018146	0.019644	0.011681	-0.140056	0.990075	-0.520082	0.844824	0.125645	-0.854036	-0.516388	-0.062972
01503	9.367851	1.311690	-0.729664	-0.030605	0.010354	0.022905	0.011577	-0.139802	0.990112	-0.519864	0.844996	0.125390	-0.854171	-0.516175	-0.062895
01504	9.483210	1.470831	-0.868974	-0.014430	-0.011708	0.047555	0.011118	-0.139507	0.990159	-0.519837	0.845085	0.124904	-0.854193	-0.516110	-0.063125
01505	9.696499	1.353833	-0.944315	-0.035394	-0.017269	0.069013	0.010539	-0.139006	0.990236	-0.519582	0.845346	0.124196	-0.854355	-0.515818	-0.063316
01506	9.749965	1.260290	-0.862814	-0.028786	-0.009771	0.054862	0.010068	-0.138636	0.990292	-0.519426	0.845522	0.123649	-0.854456	-0.515628	-0.063498
01507	9.794866	1.179046	-0.749358	-0.015775	-0.006689	0.039833	0.009731	-0.138326	0.990339	-0.519335	0.845641	0.123218	-0.854515	-0.515517	-0.063609
01508	9.700825	1.110921	-0.714193	-0.004615	0.002200	0.040186	0.009434	-0.138014	0.990385	-0.519376	0.845677	0.122795	-0.854494	-0.515540	-0.063703
01509	9.618997	1.052747	-0.659748	0.008808	0.017380	0.056888	0.009214	-0.137435	0.990468	-0.519496	0.845693	0.122179	-0.854423	-0.515670	-0.063605
01510	9.501777	1.265917	-0.710259	0.048294	0.012518	0.079740	0.008802	-0.136733	0.990569	-0.519988	0.845512	0.121331	-0.854128	-0.516152	-0.063657
01511	9.613624	1.605033	-0.728332	0.071205	-0.005977	0.093407	0.008192	-0.135967	0.990680	-0.520644	0.845254	0.120313	-0.853735	-0.516777	-0.063866
01512	9.711624	1.725757	-0.675248	0.045590	-0.017850	0.084209	0.007486	-0.135390	0.990764	-0.521120	0.845087	0.119420	-0.853450	-0.517201	-0.064228
01513	9.705672	1.587525	-0.595657	0.002565	-0.022019	0.068019	0.006870	-0.134921	0.990832	-0.521187	0.845148	0.118697	-0.853415	-0.517225	-0.064513
01514	9.680742	1.406809	-0.543165	-0.033572	-0.027329	0.069700	0.006170	-0.134518	0.990892	-0.520986	0.845369	0.118007	-0.853543	-0.516969	-0.064867
01515	9.758292	1.332846	-0.426210	-0.027682	-0.021920	0.086321	0.005460	-0.133894	0.990981	-0.520795	0.845609	0.117122	-0.853665	-0.516737	-0.065115
01516	9.753440	1.400956	-0.305147	-0.005263	-0.004867	0.094088	0.004819	-0.133166	0.991082	-0.520832	0.845718	0.116167	-0.853645	-0.516747	-0.065282
01517	9.691899	1.436711	-0.224692	0.019013	-0.000348	0.097294	0.004236	-0.132338	0.991196	-0.521039	0.845731	0.115143	-0.853523	-0.516939	-0.065371
01518	9.718597	1.251647	-0.269626	0.020087	-0.001539	0.101873	0.003588	-0.131533	0.991305	-0.521304	0.845708	0.114101	-0.853363	-0.517181	-0.065535
01519	9.698656	1.088700	-0.297387	0.059343	-0.005278	0.110595	0.002893	-0.130618	0.991429	-0.521854	0.845528	0.112919	-0.853030	-0.517708	-0.065717
01520	9.661602	1.187030	-0.272437	0.117334	-0.003474	0.128560	0.002097	-0.129595	0.991565	-0.522946	0.845035	0.111549	-0.852363	-0.518769	-0.065999
01521	9.601719	1.415717	-0.245664	0.179888	-0.021067	0.136966	0.001127	-0.128540	0.991704	-0.524521	0.844259	0.110025	-0.851397	-0.520293	-0.066471
01522	9.663629	1.641242	-0.170095	0.185455	-0.026764	0.141241	0.000059	-0.127533	0.991834	-0.526185	0.843422	0.108481	-0.850370	-0.521895	-0.067056
01523	9.645767	1.782780	0.008192	0.152379	-0.039789	0.133466	-0.001056	-0.126609	0.991952	-0.527519	0.842777	0.107007	-0.849542	-0.523161	-0.067678
01524	9.686116	1.758550	0.015988	0.111406	-0.042209	0.123277	-0.002158	-0.125843	0.992048	-0.528561	0.842289	0.105696	-0.848893	-0.524130	-0.068333
01525	9.641662	1.671256	-0.011891	0.074334	-0.040693	0.123724	-0.003231	-0.125007	0.992151	-0.529228	0.842036	0.104370	-0.848474	-0.524737	-0.068878
01526	9.663605	1.558934	-0.070010	0.046776	-0.043913	0.140947	-0.004439	-0.124091	0.992261	-0.529692	0.841923	0.102920	-0.848178	-0.525136	-0.069467
01527	9.743847	1.432277	-0.127242	0.046852	-0.042186	0.153243	-0.005682	-0.123015	0.992389	-0.530121	0.841847	0.101319	-0.847903	-0.525510	-0.069997
01528	9.767107	1.329306	-0.094066	0.044663	-0.034885	0.160273	-0.006923	-0.121893	0.992519	-0.530569	0.841761	0.099677	-0.847614	-0.525910	-0.070500
01529	9.877049	1.300538	0.066321	0.059874	-0.029394	0.170540	-0.008150	-0.120605	0.992667	-0.531102	0.841633	0.097895	-0.847268	-0.526410	-0.070913
01530	10.006438	1.272251	0.345419	0.062669	-0.017702	0.165744	-0.009268	-0.119344	0.992810	-0.531691	0.841459	0.096187	-0.846888	-0.526977	-0.071252
01531	9.910550	1.328051	0.502049	0.037982	0.024553	0.153970	-0.009952	-0.117912	0.992974	-0.532037	0.841422	0.094584	-0.846663	-0.527357	-0.071107
01532	9.817415	1.308209	0.673585	0.018339	0.072556	0.155509	-0.010234	-0.116269	0.993165	-0.532269	0.841449	0.093023	-0.846513	-0.527679	-0.070498
01533	9.780336	1.175936	0.810700	0.009332	0.108721	0.163561	-0.010258	-0.114312	0.993392	-0.532370	0.841569	0.091344	-0.846449	-0.527915	-0.069489
01534	9.867165	1.090656	0.869641	0.015024	0.133447	0.179106	-0.010156	-0.112149	0.993639	-0.532577	0.841631	0.089549	-0.846320	-0.528280	-0.068276
01535	10.196959	1.122971	0.890791	0.048636	0.151279	0.199366	-0.010012	-0.109665	0.993918	-0.533007	0.841575	0.087487	-0.846051	-0.528890	-0.066878
01536	10.341515	1.151026	0.945617	0.073871	0.204636	0.210292	-0.009475	-0.106854	0.994230	-0.533697	0.841359	0.085338	-0.845623	-0.529809	-0.065000
01537	10.204332	1.379706	1.048957	0.108919	0.271336	0.193110	-0.008286	-0.103784	0.994565	-0.534639	0.840965	0.083301	-0.845040	-0.531043	-0.062456
01538	9.947483	1.702987	1.053461	0.123204	0.329858	0.174896	-0.006504	-0.100596	0.994906	-0.535749	0.840437	0.081475	-0.844352	-0.532490	-0.059361
01539	9.937183	1.836860	0.873286	0.069330	0.337794	0.164871	-0.004610	-0.097404	0.995234	-0.536364	0.840211	0.079748	-0.843974	-0.533440	-0.056117
01540	10.301267	1.593699	0.956746	-0.022342	0.346923	0.165771	-0.002638	-0.094196	0.995550	-0.536247	0.840440	0.078099	-0.844057	-0.533655	-0.052729
01541	10.617181	1.235356	1.306675	-0.145202	0.394851	0.159655	-0.000232	-0.090742	0.995874	-0.535058	0.841341	0.076536	-0.844815	-0.532833	-0.048747
01542	10.710138	0.833225	1.737723	-0.262606	0.488002	0.153761	0.003005	-0.086891	0.996213	-0.532929	0.842819	0.075119	-0.846154	-0.531137	-0.043774
01543	10.484058	0.608622	2.119622	-0.352728	0.600364	0.167519	0.007127	-0.082289	0.996583	-0.529990	0.844809	0.073547	-0.847974	-0.528703	-0.037591
01544	10.255781	0.467542	2.649878	-0.390588	0.718866	0.186536	0.012191	-0.076957	0.996960	-0.526791	0.846955	0.071819	-0.849907	-0.526065	-0.030215
01545	10.217391	0.320441	3.474793	-0.358860	0.820582	0.209183	0.018000	-0.070869	0.997323	-0.523810	0.848972	0.069781	-0.851645	-0.523664	-0.021840
01546	10.399869	0.536320	4.628220	-0.256160	0.962709	0.209880	0.025061	-0.064075	0.997630	-0.521761	0.850399	0.067726	-0.852724	-0.522222	-0.012120
01547	10.294913	0.933208	5.768166	-0.183136	1.105086	0.178099	0.033487	-0.056786	0.997825	-0.520292	0.851441	0.065917	-0.853332	-0.521367	-0.001033
01548	10.359346	1.430456	6.564608	-0.229943	1.217071	0.089935	0.043369	-0.049697	0.997822	-0.518455	0.852631	0.065000	-0.854005	-0.520145	0.011211
01549	10.534738	1.740925	6.625912	-0.302338	1.335023	0.002591	0.054689	-0.042736	0.997588	-0.515915	0.854180	0.064876	-0.854893	-0.518218	0.024666
01550	10.740157	1.763173	6.131985	-0.386734	1.455344	-0.044792	0.067330	-0.035610	0.997095	-0.512682	0.856100	0.065194	-0.855935	-0.515582	0.039385
01551	11.070095	1.481197	5.328254	-0.440990	1.571815	-0.063922	0.081046	-0.028071	0.996315	-0.508900	0.858324	0.065580	-0.857002	-0.512340	0.055279
01552	11.307797	1.295705	4.412019	-0.423649	1.664426	-0.078217	0.095697	-0.020251	0.995205	-0.505318	0.860398	0.066098	-0.857611	-0.509220	0.072104
01553	11.756182	1.259400	3.653745	-0.413784	1.718094	-0.108147	0.110906	-0.012453	0.993753	-0.501701	0.862458	0.066799	-0.857902	-0.505975	0.089405
01554	12.048140	1.111509	3.064565	-0.365243	1.808782	-0.147450	0.127144	-0.004597	0.991874	-0.498506	0.864223	0.067907	-0.857512	-0.503088	0.107589
01555	12.034301	1.207135	2.444549	-0.270440	1.854668	-0.194362	0.143931	0.003041	0.989583	-0.495970	0.865555	0.069478	-0.856328	-0.500804	0.126089
01556	11.973581	1.057622	2.008485	-0.211532	1.929141	-0.213114	0.161472	0.010843	0.986818	-0.493957	0.866558	0.071304	-0.854361	-0.498959	0.145281
01557	11.542694	0.630877	1.257039	-0.173095	1.908195	-0.203033	0.178682	0.018597	0.983731	-0.492182	0.867426	0.073000	-0.851956	-0.497219	0.164147
01558	11.091417	0.080180	0.187458	-0.088374	1.737813	-0.202577	0.194446	0.025489	0.980582	-0.491164	0.867846	0.074837	-0.849087	-0.496178	0.181269
01559	11.141301	-0.464428	-0.633844	0.223462	1.517246	-0.198730	0.208204	0.031316	0.977584	-0.492705	0.866768	0.077170	-0.844922	-0.497728	0.195894
01560	11.429747	-0.622023	-1.018815	0.586963	1.372623	-0.147094	0.220469	0.036923	0.974695	-0.497382	0.863856	0.079780	-0.839050	-0.502384	0.208818
01561	11.558326	-0.689769	-1.306923	0.751655	1.393705	-0.092757	0.232508	0.043175	0.971636	-0.503501	0.860069	0.082268	-0.832122	-0.508348	0.221712
01562	11.411715	-0.554674	-1.454890	0.763380	1.517490	-0.016349	0.245139	0.050808	0.968156	-0.509835	0.856145	0.084162	-0.824606	-0.514231	0.235778
01563	10.972627	-0.652292	-1.741026	0.616144	1.580911	0.026278	0.257913	0.059205	0.964352	-0.515010	0.852922	0.085374	-0.817463	-0.518670	0.250471
01564	10.036944	-1.285676	-2.170235	0.547758	1.623561	-0.000847	0.271099	0.067660	0.960170	-0.519514	0.850044	0.086782	-0.810315	-0.522348	0.265597
01565	9.489324	-1.250524	-1.813240	0.872752	1.629586	-0.105691	0.284713	0.075335	0.955648	-0.526302	0.845506	0.090147	-0.801215	-0.528626	0.280375
01566	9.563439	0.359512	-0.950898	1.169486	1.619318	-0.221990	0.298731	0.082103	0.950799	-0.535010	0.839419	0.095609	-0.790269	-0.537248	0.294686
01567	9.181068	1.286536	-0.841847	1.073311	1.579682	-0.313700	0.312751	0.088032	0.945747	-0.542526	0.833849	0.101793	-0.779649	-0.544928	0.308547
01568	8.736054	1.488614	-0.909469	0.900324	1.455896	-0.396982	0.326144	0.092711	0.940763	-0.548282	0.829244	0.108358	-0.770076	-0.551144	0.321285
01569	8.445232	1.924042	-0.730187	0.635387	1.382759	-0.468079	0.339242	0.096490	0.935738	-0.551642	0.826142	0.114803	-0.761975	-0.555139	0.333490
01570	8.037237	2.132660	-0.419961	0.297824	1.326416	-0.537703	0.352215	0.099415	0.930624	-0.552090	0.824984	0.120821	-0.755738	-0.556344	0.345458
01571	7.670968	1.813637	-0.345888	-0.007348	1.269895	-0.607735	0.365064	0.101460	0.925437	-0.549906	0.825605	0.126410	-0.751220	-0.555052	0.357192
01572	7.465049	1.668954	-0.229160	-0.226193	1.197439	-0.644212	0.377506	0.102750	0.920289	-0.545865	0.827485	0.131528	-0.748011	-0.552006	0.368468
01573	7.294929	1.753197	-0.054087	-0.436255	1.071329	-0.627111	0.388849	0.103445	0.915476	-0.540254	0.830500	0.135631	-0.746272	-0.547330	0.378825
01574	7.243150	1.772907	-0.119774	-0.654356	0.944034	-0.577413	0.398924	0.103754	0.911095	-0.533144	0.834629	0.138391	-0.746068	-0.540952	0.388270
01575	7.159075	1.679680	-0.296426	-0.822820	0.839211	-0.523015	0.407889	0.103889	0.907102	-0.524943	0.839562	0.139893	-0.747035	-0.533238	0.396985
01576	7.041290	1.552677	-0.378306	-0.906216	0.758744	-0.467643	0.415927	0.103941	0.903439	-0.516286	0.844814	0.140493	-0.748634	-0.524868	0.405044
01577	6.780691	1.475793	-0.457197	-0.948427	0.647827	-0.406618	0.422798	0.103874	0.900251	-0.507524	0.850144	0.140263	-0.750774	-0.516202	0.412158
01578	6.658503	1.373047	-0.386461	-0.934418	0.480858	-0.371167	0.428206	0.103142	0.897776	-0.498963	0.855285	0.139727	-0.753442	-0.507789	0.417702
01579	6.680972	1.489092	0.013465	-0.981439	0.266638	-0.334656	0.431809	0.101622	0.896222	-0.490165	0.860541	0.138590	-0.757152	-0.499142	0.421401
01580	6.903521	1.369819	0.411527	-1.100780	0.041162	-0.297613	0.433485	0.099223	0.895682	-0.480561	0.866255	0.136614	-0.762334	-0.489650	0.423191
01581	7.189999	1.476021	1.380901	-1.156477	-0.152906	-0.258714	0.433479	0.096244	0.896010	-0.470642	0.872087	0.134017	-0.768500	-0.479793	0.423327
01582	7.524211	1.553243	2.260680	-1.158115	-0.262106	-0.209632	0.432347	0.093130	0.896885	-0.460842	0.877759	0.131007	-0.775049	-0.469963	0.422415
01583	7.389191	1.156991	2.505550	-1.225485	-0.313833	-0.161704	0.430575	0.090259	0.898030	-0.450659	0.883577	0.127269	-0.781992	-0.459504	0.421122
01584	7.302925	0.440872	3.409830	-1.294862	-0.457933	-0.116864	0.427410	0.087109	0.899852	-0.440027	0.889535	0.122893	-0.789745	-0.448485	0.418526
01585	7.982806	0.094509	4.916743	-1.343847	-0.596415	-0.049494	0.422824	0.084040	0.902307	-0.429203	0.895504	0.117719	-0.798126	-0.437048	0.414710
01586	8.718386	-0.086102	6.344809	-1.460492	-0.589085	0.029468	0.417885	0.081737	0.904816	-0.417654	0.901748	0.111431	-0.806807	-0.424465	0.410965
01587	8.994914	0.135787	7.381915	-1.421662	-0.527469	0.115366	0.413067	0.080591	0.907128	-0.406662	0.907577	0.104546	-0.814863	-0.412078	0.407663
01588	9.132300	0.228430	9.327116	-1.320069	-0.520429	0.149654	0.408123	0.079816	0.909431	-0.396518	0.912799	0.097832	-0.822319	-0.400533	0.404183
01589	9.849387	-0.401491	11.185052	-1.247099	-0.524881	0.077540	0.403419	0.078470	0.911644	-0.386590	0.917643	0.092086	-0.829338	-0.389582	0.400531
01590	11.141267	-1.715180	11.226572	-1.084934	-0.396962	-0.050244	0.400236	0.076471	0.913216	-0.377408	0.921836	0.088215	-0.835089	-0.379962	0.397813
01591	11.135301	-2.841007	10.906738	-0.830512	-0.099162	-0.117933	0.399782	0.075028	0.913535	-0.370043	0.925029	0.085967	-0.838596	-0.372415	0.397573
01592	9.881214	-3.599739	9.746011	-0.298923	0.162217	-0.106639	0.401473	0.074649	0.912823	-0.367161	0.926197	0.085740	-0.839054	-0.369576	0.399252
01593	8.344418	-2.865282	8.609351	0.478726	0.351691	-0.096126	0.404708	0.075086	0.911358	-0.370840	0.924469	0.088513	-0.835876	-0.373790	0.401985
01594	7.113332	-1.274914	7.545636	1.105124	0.459382	-0.119851	0.408928	0.075743	0.909418	-0.379613	0.920353	0.094043	-0.829862	-0.383684	0.405111
01595	6.605843	0.311058	6.804098	1.307424	0.555573	-0.144506	0.414009	0.076598	0.907044	-0.389878	0.915349	0.100655	-0.822552	-0.395308	0.408827
01596	5.625533	1.014952	5.523658	1.272816	0.520029	-0.207632	0.419039	0.076816	0.904713	-0.399495	0.910383	0.107738	-0.815359	-0.406574	0.412173
01597	4.769703	1.311469	3.317670	1.246150	0.148981	-0.286046	0.421339	0.074849	0.903809	-0.408475	0.905440	0.115439	-0.809705	-0.417822	0.412072
01598	5.102825	1.452642	1.699763	1.150418	-0.500306	-0.312889	0.418541	0.069933	0.905502	-0.416517	0.900775	0.122955	-0.807054	-0.428619	0.406139
01599	7.432380	1.887323	1.242609	0.929641	-1.022155	-0.239612	0.411230	0.063366	0.909327	-0.423084	0.896885	0.128834	-0.807397	-0.437702	0.395635
01600	8.767810	2.597311	1.019581	0.657893	-1.140381	-0.210273	0.402859	0.056476	0.913518	-0.427601	0.894086	0.133296	-0.809235	-0.444321	0.384340
01601	9.617656	2.815380	0.844930	0.263093	-1.162445	-0.197481	0.394211	0.049543	0.917684	-0.429003	0.892995	0.136078	-0.812745	-0.447332	0.373282
01602	11.110143	2.504627	1.723385	-0.194084	-0.970409	-0.217149	0.387179	0.043282	0.920988	-0.426626	0.893939	0.137341	-0.817363	-0.446093	0.364580
01603	11.882307	2.478036	4.468964	-0.706911	-0.561700	-0.232236	0.383489	0.038727	0.922733	-0.419990	0.897144	0.136895	-0.822523	-0.440037	0.360311
01604	11.564743	1.595318	6.274161	-1.196477	-0.389063	-0.201354	0.381058	0.035236	0.923879	-0.409393	0.902399	0.134439	-0.828970	-0.429459	0.358292
01605	11.554301	-0.277116	6.511215	-1.411229	-0.450728	-0.135210	0.377783	0.032120	0.925337	-0.397185	0.908395	0.130625	-0.836375	-0.416878	0.355934
01606	11.298246	-1.610873	6.590320	-1.339010	-0.439770	-0.112020	0.374478	0.029311	0.926773	-0.385572	0.913910	0.126893	-0.843268	-0.404856	0.353540
01607	10.611176	-2.104633	6.033799	-1.170401	-0.425422	-0.104191	0.371207	0.026673	0.928167	-0.375335	0.918596	0.123711	-0.849311	-0.394296	0.351001
01608	9.369631	-2.044865	3.882010	-0.781693	-0.555826	-0.127993	0.366899	0.023354	0.929968	-0.368261	0.921664	0.122144	-0.854265	-0.387285	0.346758
01609	8.679452	-1.198476	1.631051	-0.148494	-0.750204	-0.207551	0.361174	0.018558	0.932314	-0.366291	0.922263	0.123541	-0.857546	-0.386118	0.339895
01610	8.879043	0.133571	0.704065	0.319690	-0.801718	-0.262380	0.355202	0.013069	0.934698	-0.368154	0.921046	0.127027	-0.859240	-0.389233	0.331969
01611	9.019113	1.425798	0.332915	0.489220	-0.736441	-0.267263	0.349793	0.007745	0.936795	-0.371473	0.919140	0.131107	-0.860031	-0.393855	0.324385
01612	9.100353	3.043761	0.109185	0.599360	-0.732822	-0.303162	0.344561	0.002090	0.938762	-0.375636	0.916759	0.135832	-0.860335	-0.399435	0.316665
01613	9.439602	4.645247	0.081306	0.574058	-0.808966	-0.362779	0.338901	-0.004467	0.940811	-0.379392	0.914428	0.141007	-0.860934	-0.404723	0.308206
01614	9.764241	4.931926	0.276556	0.297184	-0.897866	-0.383619	0.332556	-0.011595	0.943012	-0.380722	0.913172	0.145490	-0.862820	-0.407409	0.299267
01615	9.775325	3.881421	-0.159920	0.028056	-0.979587	-0.351195	0.325357	-0.018776	0.945405	-0.379864	0.912986	0.148861	-0.865937	-0.407558	0.289914
01616	10.166634	1.986957	-0.087519	-0.228357	-1.032134	-0.288364	0.317420	-0.025592	0.947940	-0.377008	0.913833	0.150913	-0.870120	-0.405284	0.280421
01617	10.424169	0.058932	0.383640	-0.412371	-0.977392	-0.235258	0.309707	-0.031668	0.950304	-0.372727	0.915411	0.151978	-0.874732	-0.401273	0.271706
01618	10.412580	-1.287252	0.649124	-0.354258	-0.958593	-0.207873	0.301997	-0.037390	0.952575	-0.369039	0.916737	0.152980	-0.878981	-0.397737	0.263054
01619	10.204642	-1.660838	1.101476	-0.111532	-0.923177	-0.203222	0.294549	-0.042901	0.954673	-0.367505	0.917082	0.154599	-0.882146	-0.396384	0.254359
01620	9.718995	-0.591966	1.376433	0.214615	-0.915217	-0.177037	0.287035	-0.048141	0.956710	-0.368942	0.916132	0.156790	-0.884021	-0.397975	0.245201
01621	9.365376	0.944795	1.224656	0.427391	-0.924664	-0.160371	0.279382	-0.053287	0.958700	-0.372322	0.914326	0.159322	-0.885055	-0.401457	0.235607
01622	9.180561	2.692151	1.479597	0.432761	-0.919907	-0.163360	0.271760	-0.058469	0.960587	-0.375761	0.912474	0.161847	-0.885974	-0.404935	0.226004
01623	9.044604	3.420996	1.679196	0.196842	-0.921693	-0.171655	0.264164	-0.063756	0.962368	-0.377100	0.911555	0.163901	-0.887701	-0.406205	0.216758
01624	9.046433	3.246119	1.905252	-0.010143	-0.928761	-0.197657	0.256566	-0.069312	0.964038	-0.376550	0.911449	0.165745	-0.890160	-0.405533	0.207747
01625	9.241686	2.970194	2.362601	-0.147974	-0.889542	-0.223826	0.249407	-0.074934	0.965495	-0.374717	0.911870	0.167569	-0.892963	-0.403581	0.199347
01626	9.288411	2.536875	2.765118	-0.219952	-0.813058	-0.237662	0.242937	-0.080361	0.966708	-0.372219	0.912555	0.169400	-0.895787	-0.400980	0.191781
01627	9.226546	1.890656	2.985965	-0.247224	-0.770767	-0.239342	0.236840	-0.085609	0.967769	-0.369479	0.913330	0.171215	-0.898550	-0.398121	0.184683
01628	9.431843	1.408396	3.122639	-0.212870	-0.729329	-0.231692	0.231049	-0.090608	0.968714	-0.367074	0.913955	0.173038	-0.901040	-0.395570	0.177908
01629	9.587860	0.912838	3.253178	-0.143507	-0.665143	-0.213357	0.225761	-0.095166	0.969523	-0.365344	0.914309	0.174819	-0.903081	-0.393677	0.171647
01630	9.557896	0.536953	3.133883	-0.020398	-0.578235	-0.196498	0.221173	-0.099222	0.970174	-0.364774	0.914185	0.176654	-0.904446	-0.392965	0.165999
01631	9.384173	0.632703	2.953310	0.200441	-0.514171	-0.194011	0.217161	-0.103001	0.970686	-0.366214	0.913186	0.178828	-0.904836	-0.394313	0.160588
01632	9.109632	1.164382	2.816037	0.459801	-0.468775	-0.193629	0.213556	-0.106605	0.971097	-0.370009	0.911147	0.181393	-0.904150	-0.398052	0.155137
01633	8.755655	1.775759	2.099538	0.689390	-0.465374	-0.181072	0.209958	-0.110101	0.971491	-0.375905	0.908173	0.184165	-0.902559	-0.403855	0.149291
01634	8.810292	1.855513	1.376198	0.808931	-0.518385	-0.141636	0.205746	-0.113476	0.972004	-0.382956	0.904707	0.186681	-0.900563	-0.410644	0.142684
01635	9.010984	1.608099	0.523434	0.895549	-0.543931	-0.092104	0.201141	-0.116546	0.972604	-0.390874	0.900876	0.188786	-0.898198	-0.418139	0.135648
01636	9.343444	1.812471	-0.294331	1.040743	-0.577044	-0.054472	0.196105	-0.119455	0.973280	-0.400151	0.896400	0.190645	-0.895222	-0.426845	0.127989
01637	9.740725	2.641865	-0.752671	1.210198	-0.604377	-0.053057	0.190851	-0.122525	0.973942	-0.410910	0.891094	0.192623	-0.891476	-0.436965	0.119719
01638	9.786695	3.501572	-0.848503	1.219371	-0.655736	-0.065388	0.185209	-0.125991	0.974589	-0.421686	0.885609	0.194624	-0.887625	-0.447016	0.110894
01639	9.899090	3.646073	-0.698232	1.011963	-0.700698	-0.063274	0.179199	-0.129698	0.975226	-0.430587	0.880948	0.196280	-0.884581	-0.455093	0.102019
01640	9.808327	3.445258	-0.618487	0.767589	-0.715236	-0.038208	0.172961	-0.133303	0.975866	-0.437351	0.877366	0.197364	-0.882501	-0.460932	0.093450
01641	9.690919	3.227507	-0.478531	0.537174	-0.724976	-0.003327	0.166511	-0.136676	0.976521	-0.442132	0.874860	0.197837	-0.881359	-0.464693	0.085245
01642	9.599780	2.972147	-0.522359	0.353265	-0.735248	0.033215	0.159798	-0.139809	0.977199	-0.445347	0.873245	0.197762	-0.880983	-0.466795	0.077279
01643	9.659682	2.710850	-0.242204	0.170473	-0.729131	0.065907	0.153008	-0.142628	0.977878	-0.447000	0.872526	0.197203	-0.881351	-0.467285	0.069749
01644	9.519704	2.490652	0.024614	0.038426	-0.693668	0.079066	0.146450	-0.145180	0.978507	-0.447504	0.872444	0.196420	-0.882209	-0.466651	0.062801
01645	9.615817	2.331737	0.283762	-0.048614	-0.681402	0.078499	0.140012	-0.147658	0.979078	-0.447235	0.872771	0.195582	-0.883390	-0.465261	0.056160
01646	9.818364	2.095734	0.625297	-0.101930	-0.630736	0.083342	0.133975	-0.149864	0.979587	-0.446494	0.873352	0.194677	-0.884700	-0.463462	0.050094
01647	9.731389	2.064032	1.031715	-0.132141	-0.586617	0.077716	0.128363	-0.151886	0.980027	-0.445473	0.874066	0.193811	-0.886046	-0.461454	0.044537
01648	9.424723	2.025318	0.843694	-0.091823	-0.569271	0.050075	0.123005	-0.154074	0.980373	-0.444767	0.874550	0.193247	-0.887159	-0.459808	0.039047
01649	9.545098	2.109259	0.871724	-0.049302	-0.561796	0.033991	0.117796	-0.156344	0.980653	-0.444417	0.874815	0.192854	-0.888041	-0.458537	0.033568
01650	9.439249	2.069238	0.654084	-0.033257	-0.546944	0.028230	0.112725	-0.158605	0.980886	-0.444199	0.874996	0.192531	-0.888808	-0.457412	0.028182
01651	9.420771	1.898426	0.369058	-0.000707	-0.566620	0.034437	0.107463	-0.160881	0.981106	-0.444277	0.875040	0.192151	-0.889421	-0.456532	0.022558
01652	9.504293	1.822457	0.192045	0.036443	-0.573447	0.051641	0.102046	-0.163048	0.981327	-0.444700	0.874943	0.191616	-0.889847	-0.455950	0.016777
01653	9.502009	1.824001	-0.074474	0.113796	-0.590072	0.067666	0.096422	-0.165134	0.981546	-0.445826	0.874521	0.190924	-0.889911	-0.456008	0.010702
01654	9.477058	1.890387	-0.367975	0.191737	-0.630848	0.076725	0.090380	-0.167345	0.981747	-0.447647	0.873759	0.190149	-0.889631	-0.456662	0.004059
01655	9.554166	2.069738	-0.658612	0.252386	-0.682759	0.090945	0.083828	-0.169660	0.981931	-0.450016	0.872745	0.189213	-0.889077	-0.457746	-0.003189
01656	9.686365	2.395444	-0.729751	0.260049	-0.717312	0.105891	0.076888	-0.172028	0.982087	-0.452456	0.871720	0.188118	-0.888466	-0.458815	-0.010810
01657	9.617590	2.520184	-0.505711	0.187239	-0.727332	0.108249	0.069864	-0.174411	0.982191	-0.454243	0.871034	0.186983	-0.888134	-0.459217	-0.018371
01658	9.646221	2.495745	-0.101890	0.075509	-0.756793	0.085109	0.062668	-0.177148	0.982187	-0.455013	0.870823	0.186094	-0.888277	-0.458570	-0.026032
01659	9.646831	2.466478	0.385496	0.023428	-0.778193	0.049336	0.055457	-0.180271	0.982052	-0.455294	0.870790	0.185558	-0.888612	-0.457413	-0.033784
01660	9.816639	2.485631	1.098407	-0.062017	-0.740848	0.021226	0.048693	-0.183477	0.981817	-0.454816	0.871086	0.185341	-0.889253	-0.455571	-0.041032
01661	9.606517	2.115970	1.501413	-0.170082	-0.659039	-0.002387	0.042768	-0.186479	0.981528	-0.453345	0.871842	0.185394	-0.890309	-0.452899	-0.047252
01662	9.362980	1.684049	1.843910	-0.151530	-0.606748	-0.011411	0.037337	-0.189327	0.981204	-0.452048	0.872481	0.185550	-0.891212	-0.450480	-0.053009
01663	9.334196	1.543849	1.978650	-0.018823	-0.557233	0.013304	0.032238	-0.191705	0.980923	-0.451928	0.872579	0.185383	-0.891472	-0.449283	-0.058507
01664	9.263996	1.613119	1.815012	0.175089	-0.500727	0.062480	0.027417	-0.193412	0.980734	-0.453547	0.871899	0.184628	-0.890811	-0.449871	-0.063817
01665	9.110395	1.759328	1.317386	0.377132	-0.474873	0.109180	0.022621	-0.194591	0.980624	-0.456973	0.870397	0.183259	-0.889193	-0.452264	-0.069234
01666	9.303712	1.950441	0.952479	0.546808	-0.502623	0.153669	0.017384	-0.195540	0.980542	-0.461918	0.868190	0.181324	-0.886752	-0.456082	-0.075231
01667	9.322125	2.242841	0.819837	0.668911	-0.501219	0.164276	0.012111	-0.196402	0.980449	-0.467905	0.865432	0.179142	-0.883696	-0.460927	-0.081417
01668	9.240138	2.584816	0.844730	0.657419	-0.515690	0.161101	0.006739	-0.197401	0.980300	-0.473774	0.862681	0.176973	-0.880621	-0.465633	-0.087710
01669	9.085307	2.543844	0.453469	0.635702	-0.528334	0.160706	0.001256	-0.198478	0.980105	-0.479410	0.860012	0.174772	-0.877590	-0.470091	-0.094072
01670	9.002048	2.564819	-0.121597	0.656916	-0.554050	0.187103	-0.004559	-0.199493	0.979889	-0.485222	0.857253	0.172268	-0.874379	-0.474678	-0.100706
01671	9.341149	2.434014	-0.872193	0.692092	-0.608077	0.253536	-0.011176	-0.200214	0.979689	-0.491282	0.854445	0.169014	-0.870929	-0.479414	-0.107910
01672	9.812567	2.318961	-1.514483	0.698928	-0.631031	0.305855	-0.018231	-0.200650	0.979493	-0.497365	0.851666	0.165207	-0.867350	-0.484154	-0.115323
01673	9.953490	2.157513	-1.818867	0.658624	-0.625729	0.333272	-0.025387	-0.200850	0.979293	-0.503033	0.849118	0.161111	-0.863894	-0.488526	-0.122590
01674	9.842860	2.327885	-1.449001	0.560141	-0.642124	0.334486	-0.032673	-0.201170	0.979011	-0.507820	0.847018	0.157099	-0.860843	-0.492028	-0.129833
01675	9.823930	2.482976	-0.923295	0.382813	-0.639811	0.315679	-0.039855	-0.201643	0.978648	-0.511035	0.845752	0.153449	-0.858635	-0.494007	-0.136754
01676	9.783612	2.471046	-0.399307	0.187376	-0.625885	0.291571	-0.046776	-0.202280	0.978210	-0.512565	0.845391	0.150305	-0.857373	-0.494366	-0.143226
01677	9.723104	2.200319	0.246993	0.034984	-0.594086	0.260208	-0.053275	-0.203006	0.977727	-0.512773	0.845731	0.147659	-0.856870	-0.493485	-0.149152
01678	9.769729	1.834269	0.986357	-0.020779	-0.564683	0.245221	-0.059424	-0.203724	0.977223	-0.512506	0.846307	0.145267	-0.856625	-0.492200	-0.154701
01679	10.142848	1.634292	1.826960	-0.028541	-0.512334	0.239247	-0.065111	-0.204208	0.976760	-0.512150	0.846921	0.142923	-0.856425	-0.490941	-0.159729
01680	10.272208	1.780028	2.719865	0.063899	-0.405715	0.235684	-0.069839	-0.204210	0.976433	-0.512587	0.847064	0.140491	-0.855790	-0.490695	-0.163834
01681	10.281990	2.118238	3.428055	0.201132	-0.320219	0.229447	-0.073828	-0.203831	0.976218	-0.514179	0.846530	0.137867	-0.854500	-0.491772	-0.167303
01682	10.643929	2.234109	4.180783	0.281351	-0.241151	0.243103	-0.077176	-0.202966	0.976140	-0.516451	0.845609	0.134994	-0.852832	-0.493710	-0.170083
01683	11.017349	2.273163	5.224935	0.328876	-0.126363	0.271576	-0.079731	-0.201288	0.976282	-0.519076	0.844516	0.131729	-0.851001	-0.496261	-0.171818
01684	11.000181	2.741500	6.430201	0.371479	0.061924	0.299906	-0.080788	-0.198447	0.976776	-0.522047	0.843237	0.128139	-0.849082	-0.499571	-0.171722
01685	10.505757	3.730833	7.739181	0.333426	0.305814	0.318798	-0.079935	-0.194219	0.977696	-0.524655	0.842176	0.124403	-0.847554	-0.503009	-0.169218
01686	10.452375	4.195909	8.473560	0.208486	0.545116	0.353632	-0.077177	-0.188484	0.979039	-0.526197	0.841770	0.120578	-0.846853	-0.505862	-0.164145
01687	10.506787	2.689391	7.167110	0.315197	0.728922	0.446809	-0.073437	-0.181015	0.980735	-0.528564	0.840980	0.115641	-0.845711	-0.509889	-0.157437
01688	10.501210	0.283663	4.024661	0.721355	0.704956	0.589509	-0.070597	-0.172435	0.982488	-0.534301	0.838272	0.108732	-0.842341	-0.517268	-0.151312
01689	11.545374	-1.434508	1.790481	1.112066	0.689695	0.721027	-0.068764	-0.162797	0.984260	-0.543171	0.833653	0.099939	-0.836801	-0.527750	-0.145752
01690	12.743460	-1.760497	1.150599	1.368416	0.954020	0.721212	-0.064743	-0.151691	0.986305	-0.554163	0.827432	0.090880	-0.829887	-0.540690	-0.137632
01691	13.226200	-0.439292	1.314585	1.458163	1.411173	0.644522	-0.056766	-0.138646	0.988714	-0.565855	0.820362	0.082550	-0.822548	-0.554782	-0.125022
