// General information: 
//  MT Manager version: 2022.2.0 
//  XDA version: 2022.2.0 build 7381 rev 124627 built on 2023-07-19
// Device information: 
//  DeviceId: 00B4CB9F
//  ProductCode: MTW2-3A7G6
//  Firmware Version: 4.6.0
//  Hardware Version: 2.0.0
// Device settings: 
//  Filter Profile: human(46.1)
//  Option Flags: Orientation Smoother Disabled, Position/Velocity Smoother Disabled, Continuous Zero Rotation Update Disabled, AHS Disabled, ICC Disabled
// Coordinate system: ENU
PacketCounter	Acc_X	Acc_Y	Acc_Z	Gyr_X	Gyr_Y	Gyr_Z	Mat[1][1]	Mat[2][1]	Mat[3][1]	Mat[1][2]	Mat[2][2]	Mat[3][2]	Mat[1][3]	Mat[2][3]	Mat[3][3]
61759	9.607433	1.593400	0.611838	-0.094524	-0.074821	-0.063623	-0.111251	0.071947	0.991185	0.563193	-0.817190	0.122530	0.818802	0.571860	0.050394
61760	9.674471	1.464827	0.545421	-0.117372	-0.078014	-0.063530	-0.110866	0.072927	0.991156	0.562211	-0.817787	0.123058	0.819529	0.570882	0.049665
61761	9.929699	1.260071	0.735918	-0.101252	-0.076531	-0.047959	-0.110440	0.073746	0.991143	0.561372	-0.818306	0.123438	0.820161	0.570032	0.048975
61762	10.106799	0.988012	0.733397	-0.056255	-0.035524	-0.052565	-0.110342	0.074393	0.991106	0.560902	-0.818560	0.123888	0.820496	0.569584	0.048594
61763	9.753575	0.982761	0.499296	0.021691	-0.020545	-0.052330	-0.110399	0.074929	0.991059	0.561067	-0.818374	0.124373	0.820376	0.569781	0.048307
61764	9.582852	1.520347	0.331237	0.077996	-0.050725	-0.053826	-0.110183	0.075671	0.991027	0.561697	-0.817861	0.124899	0.819973	0.570418	0.047610
61765	9.641350	1.847181	0.388205	0.054017	-0.085255	-0.057906	-0.109741	0.076622	0.991003	0.562120	-0.817486	0.125454	0.819743	0.570830	0.046641
61766	9.476127	1.975755	0.430906	0.043536	-0.151103	-0.051216	-0.108690	0.077917	0.991017	0.562470	-0.817170	0.125938	0.819642	0.571106	0.044992
61767	9.637155	1.659764	1.176257	-0.002887	-0.220078	-0.051013	-0.107105	0.079581	0.991058	0.562436	-0.817123	0.126397	0.819875	0.570944	0.042759
61768	9.872491	0.859736	0.794131	-0.054317	-0.217437	-0.029013	-0.105386	0.081074	0.991121	0.562008	-0.817382	0.126620	0.820390	0.570362	0.040576
61769	9.950749	0.660380	0.246283	0.073724	-0.218772	0.004203	-0.103499	0.082278	0.991221	0.562661	-0.816942	0.126563	0.820183	0.570820	0.038258
61770	9.789190	1.393707	0.349660	0.205530	-0.200661	0.013748	-0.101678	0.083327	0.991321	0.564409	-0.815751	0.126459	0.819209	0.572369	0.035914
61771	9.596312	1.919063	0.092352	0.229915	-0.199564	0.019196	-0.099868	0.084305	0.991423	0.566354	-0.814427	0.126304	0.818089	0.574110	0.033588
61772	9.582953	2.183486	0.249198	0.212233	-0.208460	0.022172	-0.097939	0.085338	0.991527	0.568160	-0.813198	0.126110	0.817069	0.575697	0.031159
61773	9.681603	1.854937	0.485077	0.123788	-0.189145	0.029508	-0.096158	0.086178	0.991628	0.569243	-0.812487	0.125809	0.816527	0.576575	0.029071
61774	9.605832	1.412126	0.529147	0.075644	-0.182388	0.033707	-0.094381	0.086973	0.991730	0.569940	-0.812052	0.125456	0.816248	0.577067	0.027073
61775	9.667664	1.489514	0.614085	0.093659	-0.183065	0.038366	-0.092600	0.087709	0.991833	0.570783	-0.811522	0.125054	0.815862	0.577702	0.025084
61776	9.601141	1.816713	0.770582	0.111777	-0.159356	0.039416	-0.090980	0.088326	0.991928	0.571779	-0.810883	0.124649	0.815347	0.578504	0.023271
61777	9.619393	1.870118	0.804302	0.102784	-0.147965	0.034016	-0.089511	0.088898	0.992011	0.572690	-0.810295	0.124289	0.814870	0.579240	0.021619
61778	9.626461	1.713996	0.449442	0.077393	-0.136286	0.033679	-0.088114	0.089431	0.992088	0.573398	-0.809850	0.123931	0.814525	0.579781	0.020079
61779	9.717013	1.189548	0.218326	0.062090	-0.128330	0.031884	-0.086818	0.089908	0.992159	0.573974	-0.809495	0.123580	0.814258	0.580202	0.018673
61780	9.609144	0.765900	0.391648	0.129786	-0.109234	0.044036	-0.085583	0.090202	0.992239	0.575115	-0.808754	0.123127	0.813584	0.581189	0.017339
61781	9.594862	1.095414	0.484921	0.235670	-0.125830	0.056895	-0.084164	0.090466	0.992337	0.577121	-0.807410	0.122555	0.812310	0.583013	0.015745
61782	9.538416	1.669007	0.336687	0.272625	-0.143057	0.064804	-0.082536	0.090796	0.992443	0.579434	-0.805850	0.121913	0.810829	0.585118	0.013902
61783	9.483635	2.210168	0.254308	0.242872	-0.168347	0.074815	-0.080670	0.091171	0.992562	0.581505	-0.804471	0.121156	0.809534	0.586953	0.011880
61784	9.600283	2.453228	0.449545	0.140502	-0.183978	0.074247	-0.078659	0.091673	0.992678	0.582746	-0.803686	0.120396	0.808838	0.587949	0.009795
61785	9.566330	2.180855	0.095989	0.045721	-0.187759	0.078277	-0.076616	0.092140	0.992794	0.583219	-0.803466	0.119577	0.808694	0.588178	0.007820
61786	9.600130	2.148604	-0.111470	0.023662	-0.203274	0.085563	-0.074385	0.092667	0.992915	0.583520	-0.803378	0.118693	0.808685	0.588214	0.005686
61787	9.629802	2.322118	-0.035424	-0.050202	-0.200517	0.088821	-0.072176	0.093124	0.993035	0.583220	-0.803733	0.117762	0.809101	0.587658	0.003698
61788	9.739205	1.991983	-0.086091	-0.132787	-0.216488	0.101394	-0.069747	0.093601	0.993164	0.582262	-0.804580	0.116718	0.810004	0.586422	0.001617
61789	9.728356	1.617369	-0.070097	-0.135406	-0.229231	0.112869	-0.067164	0.094026	0.993302	0.581283	-0.805455	0.115549	0.810925	0.585150	-0.000558
61790	9.808736	1.520115	0.120900	-0.064842	-0.262650	0.128709	-0.064202	0.094547	0.993448	0.580885	-0.805929	0.114241	0.811450	0.584414	-0.003179
61791	9.748424	1.370653	0.273356	-0.006945	-0.274369	0.141514	-0.061085	0.095001	0.993601	0.580959	-0.806080	0.112788	0.811638	0.584131	-0.005953
61792	9.635064	1.045987	0.171280	0.062016	-0.309942	0.158010	-0.057567	0.095562	0.993758	0.581599	-0.805842	0.111183	0.811436	0.584369	-0.009189
61793	9.566435	0.993180	0.243860	0.164733	-0.330678	0.191129	-0.053703	0.095948	0.993937	0.583083	-0.805038	0.109218	0.810636	0.585412	-0.012712
61794	9.509956	1.323294	0.692457	0.243922	-0.339767	0.228940	-0.049530	0.096121	0.994137	0.585219	-0.803801	0.106875	0.809361	0.587082	-0.016439
61795	9.588229	1.575456	1.092422	0.253266	-0.329873	0.255427	-0.045296	0.096001	0.994350	0.587429	-0.802534	0.104241	0.808007	0.588832	-0.020042
61796	9.597746	1.547739	1.576370	0.211999	-0.325551	0.269200	-0.041005	0.095781	0.994558	0.589299	-0.801516	0.101486	0.806874	0.590253	-0.023577
61797	9.505508	1.586993	1.867925	0.150641	-0.313743	0.269903	-0.036814	0.095464	0.994752	0.590659	-0.800860	0.098715	0.806081	0.591193	-0.026904
61798	9.558186	1.671645	2.123765	0.095925	-0.309198	0.256343	-0.032732	0.095260	0.994914	0.591561	-0.800511	0.096108	0.805595	0.591699	-0.030149
61799	9.647978	1.593210	2.200306	0.079789	-0.288882	0.239860	-0.028917	0.095042	0.995053	0.592317	-0.800244	0.093648	0.805186	0.592095	-0.033154
61800	9.501226	1.338065	1.945920	0.070430	-0.271337	0.227094	-0.025319	0.094848	0.995170	0.592984	-0.800017	0.091335	0.804816	0.592433	-0.035988
61801	9.563613	1.160904	1.547968	0.097558	-0.261535	0.225265	-0.021809	0.094589	0.995278	0.593861	-0.799629	0.089008	0.804272	0.592998	-0.038733
61802	9.563798	1.228534	1.534803	0.156603	-0.231622	0.220463	-0.018574	0.094216	0.995379	0.595202	-0.798883	0.086723	0.803361	0.594062	-0.041239
61803	9.409130	1.341454	1.315528	0.196768	-0.210364	0.232379	-0.015431	0.093604	0.995490	0.596860	-0.797907	0.084278	0.802197	0.595469	-0.043556
61804	9.687505	1.938988	1.158599	0.262509	-0.218106	0.253889	-0.012105	0.092893	0.995602	0.599036	-0.796553	0.081605	0.800631	0.597389	-0.046004
61805	10.051669	2.445250	1.139720	0.279706	-0.204493	0.253632	-0.008878	0.092091	0.995711	0.601338	-0.795090	0.078898	0.798946	0.599459	-0.048319
61806	10.177089	1.853671	0.548318	0.212082	-0.149724	0.228587	-0.006254	0.091185	0.995814	0.603085	-0.794001	0.076493	0.797653	0.601039	-0.050026
61807	9.637673	0.469647	-0.788955	0.166075	-0.083814	0.223390	-0.004168	0.089909	0.995941	0.604458	-0.793180	0.074135	0.796626	0.602314	-0.051040
61808	10.217015	-0.019949	-1.922289	0.307067	-0.101824	0.250373	-0.001791	0.088552	0.996070	0.606944	-0.791525	0.071459	0.794743	0.604687	-0.052329
61809	10.363250	-0.062512	-1.915447	0.489969	-0.036900	0.284094	0.000301	0.086524	0.996250	0.610870	-0.788777	0.068321	0.791731	0.608559	-0.053093
61810	9.320033	0.538380	-2.066990	0.539321	-0.078012	0.296933	0.002793	0.084677	0.996405	0.615162	-0.785713	0.065047	0.788396	0.612769	-0.054284
61811	9.458594	1.191329	-1.993569	0.500801	-0.197338	0.314591	0.006356	0.083416	0.996495	0.619125	-0.782874	0.061585	0.785267	0.616563	-0.056621
61812	9.744292	1.421269	-1.880931	0.425157	-0.229786	0.342199	0.010341	0.082179	0.996564	0.622465	-0.780503	0.057903	0.782580	0.619727	-0.059225
61813	10.106272	1.373910	-1.435748	0.306839	-0.250541	0.354183	0.014577	0.080968	0.996610	0.624855	-0.778862	0.054137	0.780605	0.621948	-0.061947
61814	10.401628	0.883233	-0.716506	0.190938	-0.218640	0.355838	0.018570	0.079580	0.996656	0.626320	-0.777932	0.050446	0.779344	0.623289	-0.064289
61815	10.121862	0.360655	0.244013	0.150826	-0.165098	0.345252	0.022089	0.077920	0.996715	0.627461	-0.777237	0.046856	0.778335	0.624364	-0.066060
61816	10.249473	0.234175	1.310118	0.190401	-0.125649	0.335449	0.025234	0.076120	0.996779	0.628896	-0.776279	0.043361	0.777080	0.625777	-0.067460
61817	10.561594	0.203214	2.193136	0.206426	-0.003803	0.311765	0.027295	0.073720	0.996905	0.630453	-0.775193	0.040063	0.775748	0.627408	-0.067636
61818	10.660420	0.004756	2.684456	0.147740	0.159659	0.278881	0.027872	0.070573	0.997117	0.631555	-0.774440	0.037159	0.774830	0.628699	-0.066156
61819	10.732555	-0.160268	3.312601	0.119883	0.309658	0.238626	0.027051	0.066772	0.997402	0.632453	-0.773823	0.034651	0.774126	0.629872	-0.063163
61820	10.917267	-0.205680	4.009880	0.190758	0.453957	0.197012	0.024835	0.062393	0.997743	0.633911	-0.772721	0.032543	0.773007	0.631672	-0.058742
61821	11.096508	-0.024909	4.335793	0.274537	0.610204	0.162600	0.021224	0.057272	0.998133	0.636029	-0.771053	0.030718	0.771373	0.634190	-0.052792
61822	11.444900	0.225217	4.129839	0.293153	0.769248	0.119162	0.016096	0.051465	0.998545	0.638298	-0.769229	0.029357	0.769621	0.636897	-0.045231
61823	11.843449	0.444953	4.105429	0.222559	0.922694	0.071734	0.009529	0.045023	0.998941	0.640036	-0.767816	0.028501	0.768286	0.639087	-0.036132
61824	11.991468	0.555300	3.809437	0.098314	1.094374	0.035509	0.001382	0.037743	0.999287	0.640822	-0.767176	0.028090	0.767689	0.640326	-0.025247
61825	11.655171	0.445415	3.528898	-0.078424	1.288691	0.011399	-0.008372	0.029400	0.999533	0.640256	-0.767653	0.027942	0.768116	0.640191	-0.012397
61826	11.298515	0.227807	3.273126	-0.270480	1.443095	0.012701	-0.019365	0.020063	0.999611	0.638211	-0.769359	0.027805	0.769618	0.638501	0.002094
61827	11.260798	0.071802	3.111866	-0.442377	1.553783	0.018753	-0.031153	0.010017	0.999464	0.634843	-0.772151	0.027527	0.772013	0.635361	0.017696
61828	11.146912	-0.089470	3.112927	-0.602385	1.641961	0.028897	-0.043656	-0.000622	0.999046	0.630228	-0.775938	0.027056	0.775182	0.630809	0.034266
61829	10.816447	-0.511557	3.523895	-0.820039	1.607969	0.051590	-0.055763	-0.011121	0.998382	0.623918	-0.781052	0.026148	0.779498	0.624367	0.050492
61830	10.997439	-1.313283	3.898593	-1.072263	1.507527	0.102549	-0.066908	-0.021299	0.997532	0.615628	-0.787657	0.024475	0.785192	0.615746	0.065813
61831	11.045171	-2.371036	3.525992	-1.450378	1.460249	0.140770	-0.077504	-0.031326	0.996500	0.604325	-0.796435	0.021965	0.792959	0.603912	0.080658
61832	11.530330	-3.674206	1.253415	-1.419565	1.472203	0.209814	-0.087963	-0.041844	0.995244	0.593226	-0.804821	0.018594	0.800216	0.592040	0.095618
61833	11.544369	-3.265939	-0.150572	-0.774222	1.520579	0.277877	-0.098447	-0.053045	0.993728	0.587320	-0.809216	0.014989	0.803346	0.585111	0.110819
61834	11.045447	-2.273958	-1.053890	-0.172804	1.539547	0.237537	-0.109398	-0.064003	0.991935	0.586218	-0.810058	0.012384	0.802733	0.582846	0.126138
61835	10.709943	-1.131219	-1.508607	0.310468	1.469660	0.141128	-0.120272	-0.073731	0.989999	0.588910	-0.808118	0.011359	0.799199	0.584387	0.140615
61836	11.301869	-0.244173	-2.649040	0.511304	1.507425	0.120797	-0.131537	-0.083578	0.987782	0.593177	-0.804999	0.010877	0.794254	0.587360	0.155464
61837	11.244083	-0.532333	-2.757182	0.461516	1.568351	0.196455	-0.142718	-0.094395	0.985252	0.597144	-0.802076	0.009653	0.789335	0.589715	0.170838
61838	10.662580	-1.156648	-2.469553	0.315741	1.598625	0.266958	-0.153663	-0.106002	0.982421	0.600067	-0.799914	0.007548	0.785053	0.590678	0.186526
61839	9.786445	-1.360557	-2.023881	0.166848	1.592719	0.250135	-0.164568	-0.117414	0.979353	0.601816	-0.798617	0.005382	0.781495	0.590276	0.202088
61840	9.100772	-0.890787	-1.697975	0.331375	1.547860	0.189329	-0.175439	-0.128097	0.976121	0.604762	-0.796395	0.004183	0.776843	0.591055	0.217186
61841	9.028329	-0.009313	-1.543545	0.566091	1.491718	0.140842	-0.186058	-0.138060	0.972791	0.609442	-0.792821	0.004045	0.770690	0.593612	0.231650
61842	9.034646	0.668859	-1.331630	0.693466	1.436831	0.126731	-0.196248	-0.147640	0.969376	0.615047	-0.788478	0.004427	0.763677	0.597081	0.245543
61843	8.690930	1.079536	-1.171250	0.713437	1.388074	0.119289	-0.205994	-0.156898	0.965893	0.620756	-0.783988	0.005038	0.756458	0.600621	0.258892
61844	8.401736	1.731936	-0.875493	0.579104	1.304961	0.095604	-0.215160	-0.165516	0.962450	0.625365	-0.780312	0.005609	0.750083	0.603090	0.271400
61845	8.253872	1.884893	-0.754250	0.432481	1.225377	0.072433	-0.223796	-0.173485	0.959071	0.628802	-0.777542	0.006080	0.744663	0.604427	0.283099
61846	8.109300	2.063871	-0.422523	0.266268	1.161514	0.028191	-0.232173	-0.180723	0.955738	0.630884	-0.775850	0.006550	0.740325	0.604480	0.294147
61847	8.043970	1.647859	0.017515	0.023584	1.064933	0.016506	-0.239871	-0.187286	0.952568	0.631143	-0.775640	0.006432	0.737645	0.602750	0.304258
61848	8.040643	0.837688	0.540251	-0.239438	0.983539	0.044934	-0.246772	-0.193534	0.949552	0.629526	-0.776962	0.005246	0.736750	0.599062	0.313567
61849	7.766406	0.068425	1.638050	-0.575618	0.908655	0.092825	-0.252823	-0.199678	0.946683	0.625560	-0.780172	0.002506	0.738075	0.592841	0.322156
61850	7.540106	-0.660085	2.255076	-0.870206	0.847479	0.154529	-0.258063	-0.205873	0.943939	0.619562	-0.784945	-0.001815	0.741314	0.584360	0.330116
61851	7.378873	-1.194590	2.728291	-1.008710	0.757207	0.221230	-0.262262	-0.212012	0.941419	0.612686	-0.790293	-0.007294	0.745543	0.574881	0.337161
61852	7.725638	-1.510474	2.880264	-0.945166	0.711708	0.268927	-0.265867	-0.218207	0.938989	0.606380	-0.795068	-0.013071	0.749412	0.565909	0.343698
61853	8.070356	-1.513125	3.119789	-0.759609	0.713939	0.290368	-0.269406	-0.224543	0.936483	0.601502	-0.798658	-0.018457	0.752074	0.558324	0.350227
61854	8.344700	-1.278783	3.490753	-0.467873	0.685430	0.275695	-0.272837	-0.230561	0.934024	0.598776	-0.800594	-0.022717	0.753012	0.553073	0.356486
61855	8.745210	-1.119301	3.742192	-0.153650	0.682943	0.238412	-0.276482	-0.236248	0.931528	0.598323	-0.800849	-0.025521	0.752042	0.550299	0.362773
61856	8.519325	-1.103164	3.960630	0.074338	0.692873	0.199253	-0.280420	-0.241666	0.928958	0.599486	-0.799925	-0.027135	0.749654	0.549288	0.369190
61857	8.193739	-1.356399	4.004653	0.174282	0.639676	0.193270	-0.283980	-0.246734	0.926541	0.601384	-0.798459	-0.028305	0.746789	0.549169	0.375128
61858	8.030829	-1.596324	3.732302	0.262061	0.538839	0.218714	-0.286606	-0.251453	0.924461	0.604009	-0.796436	-0.029372	0.743660	0.549965	0.380143
61859	7.919116	-1.671502	3.669831	0.370256	0.488755	0.236530	-0.288732	-0.256036	0.922540	0.607485	-0.793758	-0.030167	0.739997	0.551719	0.384722
61860	7.905863	-1.391165	3.845294	0.450115	0.471769	0.237599	-0.290694	-0.260544	0.920659	0.611544	-0.790616	-0.030650	0.735874	0.554114	0.389162
61861	7.779638	-1.164256	4.085019	0.476967	0.434939	0.234723	-0.292379	-0.264821	0.918904	0.615777	-0.787312	-0.030968	0.731665	0.556785	0.393264
61862	7.741592	-0.958826	4.301738	0.480127	0.353982	0.230376	-0.293465	-0.268626	0.917452	0.620003	-0.783978	-0.031225	0.727649	0.559660	0.396619
61863	7.531591	-0.808279	4.475140	0.486208	0.289185	0.209566	-0.294194	-0.271897	0.916254	0.624196	-0.780643	-0.031236	0.723761	0.562733	0.399378
61864	7.689391	-0.476836	5.092037	0.429328	0.174493	0.164780	-0.294352	-0.274186	0.915521	0.627829	-0.777731	-0.031065	0.720547	0.565647	0.401068
61865	8.224160	-0.177354	5.185130	0.248023	0.064023	0.083295	-0.294222	-0.275204	0.915257	0.629907	-0.776057	-0.030856	0.718784	0.567449	0.401686
61866	8.444123	0.109201	5.029596	0.112960	0.027572	0.029201	-0.294168	-0.275610	0.915153	0.630853	-0.775295	-0.030707	0.717976	0.568294	0.401936
61867	8.288296	0.551196	5.348172	0.118806	0.016133	0.006508	-0.294176	-0.275760	0.915105	0.631772	-0.774561	-0.030314	0.717164	0.569220	0.402075
61868	8.066908	1.166373	5.824114	-0.029288	-0.006084	-0.015550	-0.294165	-0.275628	0.915148	0.631565	-0.774730	-0.030326	0.717351	0.569054	0.401975
61869	7.971789	1.070413	5.733123	-0.371955	-0.034554	-0.028102	-0.294028	-0.275221	0.915315	0.628857	-0.776879	-0.031587	0.719782	0.566314	0.401499
61870	8.138116	0.259939	5.417452	-0.646561	-0.095974	-0.020355	-0.293403	-0.274545	0.915718	0.624177	-0.780541	-0.034026	0.724097	0.561587	0.400378
61871	8.566839	-0.809480	5.022698	-0.793978	-0.148097	-0.021770	-0.292396	-0.273556	0.916336	0.618391	-0.784998	-0.037023	0.729450	0.555829	0.398695
61872	9.045270	-1.725713	4.520942	-0.714126	-0.162593	-0.058925	-0.291512	-0.272219	0.917015	0.613041	-0.789070	-0.039357	0.734303	0.550695	0.396905
61873	9.035322	-2.311010	4.232907	-0.454379	-0.175765	-0.122864	-0.290903	-0.270293	0.917778	0.609388	-0.791860	-0.040054	0.737578	0.547631	0.395068
61874	9.043981	-2.558529	3.713891	-0.065885	-0.258857	-0.168925	-0.289963	-0.267567	0.918874	0.608460	-0.792636	-0.038800	0.738714	0.547847	0.392638
61875	9.301615	-2.127100	2.908324	0.308965	-0.354578	-0.218483	-0.288610	-0.263897	0.920360	0.610157	-0.791480	-0.035608	0.737843	0.551288	0.389448
61876	9.182834	-0.902357	1.940163	0.496990	-0.384666	-0.309411	-0.287606	-0.259354	0.921965	0.612977	-0.789498	-0.030873	0.735896	0.556263	0.386042
61877	8.412570	0.443349	1.085255	0.437330	-0.406878	-0.369291	-0.286816	-0.254178	0.923651	0.615179	-0.787965	-0.025810	0.734364	0.560808	0.382366
61878	7.969888	0.932015	0.336246	0.264720	-0.521679	-0.412928	-0.285461	-0.248020	0.925742	0.615990	-0.787473	-0.021029	0.734213	0.564245	0.377571
61879	8.077989	0.390096	0.050973	-0.016938	-0.620648	-0.463437	-0.283684	-0.240870	0.928173	0.614595	-0.788664	-0.016823	0.736068	0.565678	0.371768
61880	8.304098	-0.164311	0.669544	-0.220348	-0.781232	-0.482706	-0.280809	-0.232661	0.931137	0.611655	-0.791015	-0.013188	0.739611	0.565831	0.364432
61881	8.961084	-0.041846	1.905792	-0.175946	-0.950317	-0.455274	-0.276475	-0.223682	0.934627	0.609130	-0.793012	-0.009601	0.743318	0.566655	0.355500
61882	9.761822	0.258459	2.699226	-0.079795	-1.131371	-0.444156	-0.270673	-0.213756	0.938640	0.607369	-0.794399	-0.005763	0.746886	0.568541	0.344851
61883	10.353702	0.093329	2.408440	-0.153861	-1.236802	-0.471804	-0.264203	-0.202972	0.942868	0.605003	-0.796221	-0.001875	0.751111	0.569943	0.333163
61884	10.698308	-0.974307	2.161301	-0.411278	-1.302953	-0.439053	-0.256949	-0.192067	0.947147	0.600806	-0.799394	0.000887	0.756973	0.569280	0.320799
61885	11.028601	-2.940239	2.712046	-0.704218	-1.323317	-0.317612	-0.248714	-0.182017	0.951321	0.594694	-0.803951	0.001657	0.764513	0.566157	0.308198
61886	11.909223	-4.860920	4.701318	-0.801993	-1.218182	-0.147517	-0.240145	-0.173978	0.955019	0.588220	-0.808701	0.000588	0.772223	0.561903	0.296543
61887	12.390975	-5.541212	7.189524	-0.521219	-0.940101	-0.066924	-0.233186	-0.168176	0.957779	0.584071	-0.811703	-0.000325	0.777487	0.559335	0.287504
61888	10.997029	-3.702830	8.011887	0.214269	-0.691120	-0.148445	-0.228595	-0.163131	0.959756	0.585443	-0.810712	0.001644	0.777818	0.562259	0.280829
61889	9.210122	-1.086389	6.497377	0.814811	-0.703793	-0.297721	-0.224817	-0.156748	0.961711	0.591140	-0.806541	0.006732	0.774603	0.570020	0.273984
61890	8.443124	1.155114	4.122251	0.880917	-0.819845	-0.370595	-0.220602	-0.149104	0.963900	0.597172	-0.802014	0.012609	0.771181	0.578396	0.265967
61891	9.026047	2.180422	2.680894	0.599498	-0.879215	-0.370605	-0.215982	-0.141033	0.966158	0.601028	-0.799031	0.017721	0.769491	0.584516	0.257342
61892	9.698577	2.866461	1.870506	0.509354	-0.863487	-0.384398	-0.211584	-0.132938	0.968277	0.604170	-0.796533	0.022662	0.768252	0.589799	0.248851
61893	9.914969	2.779179	1.107542	0.584520	-0.785148	-0.417578	-0.208022	-0.124972	0.970108	0.607825	-0.793573	0.028107	0.766339	0.595503	0.241042
61894	9.276614	1.301061	0.765768	0.543168	-0.749271	-0.421525	-0.204782	-0.117185	0.971767	0.611160	-0.790801	0.033428	0.764557	0.600751	0.233561
61895	9.152045	-0.380745	0.563609	0.537373	-0.801011	-0.444886	-0.201323	-0.108847	0.973458	0.614406	-0.788028	0.038954	0.762872	0.605941	0.225525
61896	9.100348	-0.730147	0.168897	0.632832	-0.872961	-0.445217	-0.197341	-0.100061	0.975215	0.618386	-0.784606	0.044631	0.760694	0.611867	0.216711
61897	9.648388	-0.249529	-0.460988	0.687425	-0.992431	-0.410654	-0.192284	-0.090749	0.977134	0.622853	-0.780736	0.050058	0.758341	0.618236	0.206646
61898	10.555337	-0.160521	-0.164985	0.574592	-0.938458	-0.314358	-0.187058	-0.082501	0.978879	0.626655	-0.777407	0.054229	0.756513	0.623563	0.197119
61899	10.744649	0.291752	0.261311	0.459497	-0.775185	-0.232773	-0.182593	-0.075849	0.980258	0.629742	-0.774683	0.057360	0.755039	0.627784	0.189217
61900	10.568040	0.887729	0.526979	0.343365	-0.673684	-0.189174	-0.178617	-0.070170	0.981413	0.632038	-0.772627	0.059788	0.754071	0.630970	0.182354
61901	10.181389	1.605090	0.706988	0.225597	-0.608441	-0.200443	-0.175230	-0.064782	0.982394	0.633428	-0.771304	0.062123	0.753700	0.633162	0.176190
61902	10.005792	2.437301	0.926972	0.096697	-0.578974	-0.223251	-0.172192	-0.059413	0.983270	0.633816	-0.770796	0.064420	0.754074	0.634305	0.170381
61903	10.031699	2.563727	0.706236	-0.069199	-0.522862	-0.231441	-0.169643	-0.054316	0.984008	0.632942	-0.771334	0.066542	0.755384	0.634108	0.165231
61904	9.573824	2.245331	0.410206	-0.135540	-0.486912	-0.229497	-0.167325	-0.049476	0.984660	0.631577	-0.772280	0.068521	0.757042	0.633353	0.160470
61905	9.586472	1.741282	0.318362	-0.105058	-0.493794	-0.245738	-0.165066	-0.044456	0.985280	0.630416	-0.773028	0.070736	0.758505	0.632812	0.155626
61906	9.568414	1.160111	0.155152	-0.011934	-0.501675	-0.252536	-0.162763	-0.039341	0.985881	0.629958	-0.773177	0.073149	0.759382	0.632969	0.150627
61907	9.666295	0.839277	0.088054	0.128160	-0.543373	-0.251674	-0.160154	-0.033957	0.986508	0.630568	-0.772426	0.075781	0.759430	0.634197	0.145120
61908	9.915176	0.691115	-0.204513	0.299022	-0.564346	-0.225451	-0.157207	-0.028641	0.987150	0.632526	-0.770564	0.078374	0.758417	0.636719	0.139254
61909	10.302447	0.566183	-0.464324	0.434441	-0.599237	-0.147129	-0.153532	-0.023688	0.987860	0.635631	-0.767797	0.080378	0.756572	0.640255	0.132938
61910	10.306346	0.585121	-0.582541	0.490990	-0.618163	-0.044692	-0.149055	-0.019382	0.988639	0.639319	-0.764621	0.081399	0.754356	0.644189	0.126362
61911	9.681090	0.719997	-0.538221	0.470676	-0.680127	0.037700	-0.143621	-0.015279	0.989515	0.642963	-0.761542	0.081563	0.752311	0.647935	0.119197
61912	9.425811	1.311155	-0.193588	0.433861	-0.731333	0.063012	-0.137624	-0.011010	0.990423	0.646357	-0.758683	0.081380	0.750521	0.651367	0.111530
61913	9.649368	1.789678	0.002252	0.353953	-0.728643	0.051131	-0.131761	-0.006644	0.991259	0.649122	-0.756336	0.081213	0.749186	0.654149	0.103968
61914	9.721488	1.848468	0.101840	0.295531	-0.760030	0.038830	-0.125722	-0.001957	0.992064	0.651430	-0.754365	0.081066	0.748220	0.656452	0.096115
61915	10.133725	1.975638	0.423887	0.187568	-0.831587	0.060866	-0.119035	0.003047	0.992885	0.652949	-0.753102	0.080592	0.747989	0.657897	0.087656
61916	9.781873	2.013021	0.413225	0.030594	-0.805145	0.048041	-0.112600	0.007987	0.993608	0.653278	-0.752871	0.080084	0.748698	0.658120	0.079556
61917	9.311647	1.754137	0.578565	-0.034344	-0.800967	0.025656	-0.106362	0.013061	0.994242	0.653090	-0.753069	0.079760	0.749774	0.657812	0.071568
61918	9.195180	1.491858	0.946241	-0.077741	-0.816830	0.013702	-0.100049	0.018334	0.994814	0.652564	-0.753550	0.079517	0.751099	0.657135	0.063428
61919	9.378533	0.894845	1.037871	-0.124183	-0.807675	0.003811	-0.093882	0.023606	0.995303	0.651674	-0.754336	0.079361	0.752666	0.656064	0.055435
61920	9.662785	0.068921	1.323979	-0.061553	-0.757462	0.003095	-0.088064	0.028556	0.995705	0.651257	-0.754709	0.079244	0.753730	0.655438	0.047866
61921	9.766245	-0.103513	1.488764	0.134864	-0.784774	0.030858	-0.081880	0.033467	0.996080	0.652339	-0.753804	0.078951	0.753492	0.656246	0.039889
61922	9.740933	0.372625	1.464272	0.313120	-0.872589	0.048262	-0.074904	0.038843	0.996434	0.654776	-0.751733	0.078525	0.752102	0.658323	0.030875
61923	9.753918	1.087751	0.879044	0.497233	-0.856390	0.082371	-0.067864	0.043875	0.996729	0.658607	-0.748456	0.077789	0.749421	0.661732	0.021897
61924	9.746956	1.713998	0.685515	0.531254	-0.786505	0.085013	-0.061330	0.048461	0.996940	0.662676	-0.744939	0.076978	0.746390	0.665370	0.013573
61925	9.715267	2.022080	0.382004	0.441036	-0.702116	0.100786	-0.055360	0.052393	0.997091	0.666059	-0.742020	0.075970	0.743841	0.668327	0.006181
61926	9.636252	2.331834	-0.092696	0.383119	-0.646104	0.099509	-0.049809	0.055986	0.997188	0.668997	-0.739478	0.074933	0.741594	0.670849	-0.000622
61927	9.273072	2.504758	0.254610	0.219853	-0.597166	0.073340	-0.044823	0.059453	0.997224	0.670698	-0.738015	0.074146	0.740375	0.672160	-0.006795
61928	9.189666	2.332268	0.163925	0.131035	-0.647171	0.039385	-0.039685	0.063522	0.997191	0.671724	-0.737128	0.073688	0.739738	0.672761	-0.013417
61929	9.352234	2.132362	0.013330	0.095231	-0.653142	0.043937	-0.034490	0.067592	0.997117	0.672481	-0.736487	0.073186	0.739310	0.673066	-0.020053
61930	9.499346	1.728172	0.679401	-0.002590	-0.678113	0.041284	-0.029116	0.071860	0.996990	0.672513	-0.736504	0.072725	0.739512	0.672606	-0.026883
61931	9.484446	0.931898	1.037130	-0.058008	-0.681022	0.024803	-0.023842	0.076254	0.996803	0.672126	-0.736884	0.072447	0.740052	0.671705	-0.033684
61932	9.690502	0.220055	1.501341	-0.015559	-0.727411	0.028291	-0.018189	0.080938	0.996553	0.672054	-0.736981	0.072122	0.740278	0.671050	-0.040990
61933	9.935688	-0.219570	2.004293	0.047949	-0.732112	0.028769	-0.012507	0.085637	0.996248	0.672449	-0.736656	0.071765	0.740037	0.670824	-0.048373
61934	9.789158	-0.418990	1.863167	0.203623	-0.679046	0.061928	-0.006993	0.089744	0.995940	0.673997	-0.735315	0.070992	0.738701	0.671757	-0.055345
61935	9.577122	-0.285348	1.977253	0.374312	-0.595217	0.080057	-0.001994	0.093161	0.995649	0.676796	-0.732842	0.069926	0.736168	0.673991	-0.061590
61936	9.489551	0.470250	1.871133	0.544700	-0.541685	0.116642	0.002849	0.095968	0.995380	0.680831	-0.729244	0.068359	0.732435	0.677491	-0.067416
61937	9.596935	1.190425	1.691950	0.569030	-0.496252	0.141587	0.007511	0.098309	0.995128	0.685014	-0.725488	0.066501	0.728491	0.681177	-0.072792
61938	9.253287	1.420230	1.209458	0.555182	-0.417031	0.143039	0.011593	0.100118	0.994908	0.689068	-0.721811	0.064607	0.724604	0.684810	-0.077356
61939	9.160756	1.623865	0.900612	0.625697	-0.398718	0.135111	0.015477	0.101885	0.994676	0.693603	-0.717622	0.062714	0.720191	0.688940	-0.081774
61940	9.590360	1.302113	0.244456	0.651614	-0.373818	0.138650	0.019190	0.103473	0.994447	0.698290	-0.713234	0.060737	0.715558	0.693247	-0.085941
61941	9.808573	0.807615	0.090057	0.738580	-0.380157	0.138155	0.022938	0.105137	0.994193	0.703559	-0.708212	0.058662	0.710267	0.698128	-0.090215
61942	9.487154	0.725270	0.678168	0.869412	-0.382772	0.127344	0.026608	0.106918	0.993912	0.709707	-0.702225	0.056541	0.703995	0.703881	-0.094565
61943	9.208792	1.092048	0.730226	0.989330	-0.386274	0.134027	0.030338	0.108716	0.993610	0.716629	-0.695345	0.054200	0.696794	0.710406	-0.099005
61944	9.832017	1.090912	0.765009	1.088428	-0.434256	0.171325	0.034641	0.110627	0.993258	0.724145	-0.687734	0.051343	0.688778	0.717484	-0.103934
61945	10.423629	1.122693	1.339182	1.172821	-0.373019	0.204103	0.038749	0.111927	0.992961	0.732127	-0.679473	0.048020	0.680065	0.725113	-0.108274
61946	10.855833	1.299326	1.784559	1.281280	-0.299407	0.249804	0.042666	0.112419	0.992744	0.740707	-0.670381	0.044080	0.670472	0.733452	-0.111872
61947	11.701158	1.669532	1.953307	1.399140	-0.206087	0.269695	0.046116	0.112151	0.992620	0.749923	-0.660328	0.039767	0.659915	0.742555	-0.114557
61948	13.087099	1.748191	1.729404	1.442103	-0.061211	0.288804	0.048745	0.110710	0.992657	0.759251	-0.649845	0.035193	0.648970	0.751960	-0.115733
61949	13.294787	1.865431	1.570925	1.313393	0.220489	0.287452	0.049588	0.107196	0.993001	0.767596	-0.640194	0.030778	0.639013	0.760697	-0.114029
61950	13.684441	1.759324	1.536274	0.977419	0.436606	0.267772	0.048920	0.102146	0.993566	0.773700	-0.632977	0.026980	0.631661	0.767402	-0.109996
61951	13.353944	1.488378	2.350705	0.630370	0.628189	0.213932	0.046695	0.095971	0.994288	0.777592	-0.628306	0.024128	0.627032	0.772024	-0.103965
61952	13.620547	1.213626	3.515068	0.367331	0.710818	0.188144	0.043747	0.089281	0.995045	0.779831	-0.625609	0.021848	0.624460	0.775011	-0.096993
61953	12.244989	0.894208	4.254518	0.137059	0.929878	0.156870	0.039237	0.081096	0.995934	0.780649	-0.624646	0.020108	0.623737	0.776685	-0.087816
61954	10.519065	0.765012	4.837382	-0.121905	1.043536	0.157963	0.033980	0.071984	0.996827	0.779855	-0.625684	0.018598	0.625037	0.776748	-0.077398
61955	10.168367	0.928209	4.903272	-0.336507	1.139479	0.186811	0.028365	0.061979	0.997674	0.777716	-0.628387	0.016926	0.627975	0.775428	-0.066026
61956	10.239004	1.085867	4.547201	-0.404829	1.272072	0.189040	0.021841	0.050907	0.998465	0.775145	-0.631599	0.015246	0.631405	0.773622	-0.053255
61957	10.507866	1.228461	4.085765	-0.400167	1.418125	0.176072	0.014295	0.038844	0.999143	0.772609	-0.634736	0.013623	0.634721	0.771752	-0.039084
61958	10.645338	0.987118	4.165464	-0.580060	1.555003	0.159219	0.005626	0.025818	0.999651	0.768924	-0.639224	0.012181	0.639315	0.768587	-0.023448
61959	10.900505	0.155173	4.615409	-1.069019	1.618802	0.131996	-0.003710	0.012587	0.999914	0.762075	-0.647395	0.010977	0.647478	0.762050	-0.007191
61960	11.071761	-0.849170	4.112733	-1.635433	1.631910	0.096665	-0.013641	-0.000438	0.999907	0.751422	-0.659747	0.009962	0.659681	0.751488	0.009329
61961	11.636375	-1.840388	1.260828	-1.690283	1.645808	0.103859	-0.023756	-0.013399	0.999628	0.740219	-0.672311	0.008579	0.671946	0.740147	0.025889
61962	12.118687	-1.708623	-1.182614	-1.241421	1.705464	0.084354	-0.034665	-0.026570	0.999046	0.731878	-0.681397	0.007273	0.680553	0.731432	0.043067
61963	12.052245	-0.782601	-2.408929	-0.483046	1.771223	-0.013408	-0.046773	-0.039396	0.998128	0.728612	-0.684889	0.007111	0.683327	0.727581	0.060739
61964	12.018210	-0.110444	-2.948026	-0.107432	1.803419	-0.116524	-0.059934	-0.051755	0.996860	0.727848	-0.685690	0.008161	0.683115	0.726051	0.078766
61965	12.304503	-0.438902	-3.867196	-0.157066	1.881126	-0.076762	-0.073273	-0.064862	0.995200	0.726759	-0.686837	0.008744	0.682973	0.723912	0.097465
61966	11.557467	-1.083877	-3.192581	-0.428139	2.030923	0.051866	-0.086765	-0.079920	0.993018	0.723907	-0.689855	0.007730	0.684420	0.719523	0.117710
61967	10.269956	-1.928448	-2.229126	-0.730518	2.027451	0.095193	-0.099920	-0.095096	0.990441	0.719020	-0.694965	0.005812	0.687769	0.712728	0.137817
61968	10.076588	-2.189407	-2.254538	-0.731992	1.942947	0.079500	-0.112718	-0.109470	0.987578	0.714094	-0.700039	0.003907	0.690916	0.705664	0.157079
61969	9.929296	-2.657250	-2.510767	-0.475777	1.927239	0.098231	-0.125276	-0.123703	0.984380	0.710959	-0.703230	0.002107	0.691985	0.700118	0.176046
61970	9.685985	-2.473754	-2.503852	0.033360	1.854552	0.125523	-0.137155	-0.137588	0.980948	0.711392	-0.702795	0.000892	0.689282	0.697960	0.194271
61971	9.524790	-2.025497	-2.417980	0.374914	1.784185	0.168293	-0.148139	-0.151220	0.977337	0.714245	-0.699895	-0.000031	0.684038	0.698054	0.211690
61972	9.314347	-1.333762	-2.249063	0.735080	1.670985	0.149485	-0.158385	-0.163981	0.973665	0.719513	-0.694479	0.000081	0.676177	0.700577	0.227982
61973	9.104516	-0.006021	-2.015312	1.021789	1.578810	0.113020	-0.168097	-0.175855	0.969958	0.726595	-0.687065	0.001355	0.666186	0.704994	0.243269
61974	8.767738	1.082431	-1.834250	1.038499	1.502651	0.070526	-0.177462	-0.186990	0.966200	0.733621	-0.679551	0.003229	0.655978	0.709398	0.257774
61975	8.602901	1.764679	-1.510941	0.849015	1.429092	0.021731	-0.186545	-0.197293	0.962432	0.739232	-0.673431	0.005233	0.647099	0.712437	0.271471
61976	8.349246	1.557426	-1.342655	0.422665	1.388434	0.004158	-0.195402	-0.207231	0.958579	0.742002	-0.670368	0.006330	0.641289	0.712504	0.284757
61977	8.233718	0.748422	-1.208766	-0.011546	1.334096	0.054134	-0.203471	-0.217076	0.954713	0.742075	-0.670292	0.005747	0.638689	0.709639	0.297471
61978	7.980319	-0.296391	-1.063222	-0.347653	1.278704	0.157412	-0.210410	-0.227184	0.950850	0.740221	-0.672357	0.003156	0.638593	0.704503	0.309637
61979	7.762175	-1.308507	-0.835999	-0.479653	1.221886	0.253393	-0.216279	-0.237459	0.947015	0.737736	-0.675089	-0.000791	0.639507	0.698476	0.321189
61980	7.563902	-1.556463	-0.212532	-0.492663	1.199562	0.291093	-0.221746	-0.247777	0.943099	0.735261	-0.677764	-0.005188	0.640484	0.692274	0.332472
61981	7.266295	-1.478005	0.891994	-0.464598	1.165997	0.283346	-0.227071	-0.257734	0.939155	0.732961	-0.680205	-0.009454	0.641255	0.686217	0.343364
61982	7.175801	-1.190102	1.946591	-0.408083	1.092054	0.256992	-0.232124	-0.266955	0.935336	0.730974	-0.682275	-0.013322	0.641713	0.680614	0.353509
61983	6.925717	-0.932981	2.635532	-0.313798	0.938788	0.241844	-0.236315	-0.274973	0.931958	0.729568	-0.683703	-0.016730	0.641783	0.675973	0.362181
61984	6.835706	-0.763704	2.978942	-0.215775	0.723670	0.226430	-0.239235	-0.281409	0.929288	0.728764	-0.684482	-0.019664	0.641615	0.672527	0.368832
61985	6.772299	-0.939014	2.926413	-0.099282	0.521184	0.184785	-0.241164	-0.286172	0.927333	0.728613	-0.684580	-0.021774	0.641064	0.670415	0.373604
61986	7.031745	-1.388467	2.972712	0.002723	0.311769	0.146518	-0.242019	-0.289272	0.926147	0.729026	-0.684094	-0.023161	0.640271	0.669580	0.376451
61987	7.752116	-1.474186	3.207431	0.150232	0.071883	0.153347	-0.241293	-0.290800	0.925858	0.730400	-0.682597	-0.024041	0.638979	0.670445	0.377106
61988	8.650926	-1.576076	3.279520	0.210835	-0.038165	0.151224	-0.239868	-0.291586	0.925981	0.732151	-0.680695	-0.024688	0.637509	0.672036	0.376762
61989	9.002170	-1.532606	3.634027	0.128995	0.009694	0.106668	-0.239082	-0.292374	0.925936	0.733270	-0.679470	-0.025216	0.636518	0.672932	0.376838
61990	9.418114	-1.735080	3.946845	0.068612	-0.013520	0.053073	-0.238529	-0.292656	0.925990	0.733875	-0.678806	-0.025493	0.636028	0.673480	0.376687
61991	9.442957	-1.311686	4.585817	0.380794	0.016241	0.026496	-0.238370	-0.292943	0.925940	0.736396	-0.676113	-0.024330	0.633168	0.676059	0.376887
61992	8.800085	-0.386377	5.678587	0.556368	0.052271	0.037032	-0.238348	-0.293560	0.925750	0.740037	-0.672186	-0.022621	0.628917	0.679697	0.377459
61993	8.185595	0.424826	6.691471	0.434505	-0.016186	0.037112	-0.237904	-0.293696	0.925821	0.742892	-0.669071	-0.021351	0.625711	0.682705	0.377359
61994	8.591008	0.483332	6.867262	0.009100	-0.100604	-0.020850	-0.237354	-0.292886	0.926218	0.742940	-0.669023	-0.021169	0.625861	0.683101	0.376393
61995	9.101647	-0.359908	6.515688	-0.395149	-0.103298	-0.119514	-0.237526	-0.291378	0.926650	0.740218	-0.672020	-0.021573	0.629014	0.680799	0.375305
61996	9.249721	-1.534387	5.933911	-0.529903	-0.089143	-0.197844	-0.238353	-0.289459	0.927039	0.736445	-0.676147	-0.021771	0.633116	0.677524	0.374333
61997	8.940312	-2.313537	5.138288	-0.459286	-0.038696	-0.261019	-0.239958	-0.287425	0.927258	0.732946	-0.679959	-0.021095	0.636561	0.674568	0.373829
61998	7.999396	-2.428974	4.672899	-0.013856	-0.098359	-0.278704	-0.241303	-0.284891	0.927691	0.732230	-0.680804	-0.018611	0.636877	0.674791	0.372886
61999	7.267237	-1.089019	5.396087	0.537656	-0.107591	-0.196839	-0.241997	-0.282824	0.928142	0.735210	-0.677678	-0.014809	0.633170	0.678795	0.371931
62000	5.711025	-0.159527	4.556112	0.806218	-0.190716	-0.179848	-0.242051	-0.280339	0.928882	0.739899	-0.672641	-0.010199	0.627663	0.684810	0.370236
62001	5.569217	0.959204	2.769289	0.858267	-0.661765	-0.234783	-0.239589	-0.274205	0.931348	0.744741	-0.667336	-0.004891	0.622863	0.692441	0.364098
62002	6.712266	1.587730	2.070376	0.438650	-0.923424	-0.167972	-0.235028	-0.266697	0.934684	0.747113	-0.664695	-0.001797	0.621759	0.697893	0.355474
62003	7.288231	1.271466	1.472335	0.037691	-1.071292	-0.057813	-0.228720	-0.258815	0.938457	0.747254	-0.664537	-0.001151	0.623938	0.701003	0.345394
62004	8.751932	0.444534	0.047045	-0.174639	-1.208610	-0.031771	-0.221325	-0.250146	0.942572	0.746130	-0.665798	-0.001495	0.627937	0.702951	0.333999
62005	10.232771	-1.555998	-2.659022	-0.294502	-1.268103	-0.065967	-0.213755	-0.240780	0.946749	0.744170	-0.667988	-0.001867	0.632866	0.704143	0.321967
62006	11.165182	-3.539095	-3.756145	-0.215384	-1.388296	-0.059081	-0.205303	-0.230616	0.951140	0.742719	-0.669600	-0.002038	0.637353	0.706011	0.308754
62007	12.682757	-2.878456	-0.627869	0.036269	-1.266707	0.007989	-0.197088	-0.221702	0.954989	0.743006	-0.669281	-0.002035	0.639607	0.709162	0.296634
62008	12.636319	-0.820975	4.160952	0.118886	-0.868540	-0.005889	-0.191486	-0.215507	0.957544	0.743797	-0.668404	-0.001691	0.640390	0.711894	0.288284
62009	11.884580	0.813128	6.835688	0.091917	-0.703632	-0.154539	-0.188060	-0.209453	0.959564	0.744132	-0.668033	0.000021	0.641016	0.714046	0.281491
62010	12.483229	1.205505	6.315964	-0.168397	-0.827252	-0.292285	-0.184834	-0.201607	0.961869	0.742545	-0.669792	0.002301	0.643788	0.714656	0.273502
62011	13.091577	0.514389	4.840183	-0.402184	-0.899778	-0.342109	-0.181487	-0.192878	0.964293	0.739359	-0.673296	0.004480	0.648390	0.713772	0.264801
62012	12.058533	-1.137259	3.746589	-0.565829	-0.734975	-0.364598	-0.179309	-0.185198	0.966204	0.735058	-0.677974	0.006462	0.653864	0.711374	0.257698
62013	10.639197	-4.451298	1.831231	-0.458571	-0.547695	-0.351257	-0.178223	-0.178915	0.967588	0.731461	-0.681828	0.008655	0.658180	0.709295	0.252387
62014	9.449936	-6.262975	-0.285949	0.256517	-0.444449	-0.337060	-0.177682	-0.173485	0.968675	0.732589	-0.680556	0.012494	0.657071	0.711861	0.248016
62015	8.133321	-4.396644	-2.106138	1.228682	-0.522618	-0.292053	-0.176352	-0.167760	0.969926	0.740135	-0.672209	0.018305	0.648922	0.721104	0.242711
62016	8.334152	-0.774024	-2.557431	1.869833	-0.783945	-0.189214	-0.172628	-0.160818	0.971770	0.751863	-0.658864	0.024527	0.636319	0.734872	0.234652
62017	9.470632	3.706934	-1.468676	1.912142	-0.950621	-0.142817	-0.167654	-0.152828	0.973928	0.763702	-0.644859	0.030275	0.623419	0.748866	0.224829
62018	9.521422	6.905154	-0.757204	1.266301	-0.981929	-0.196235	-0.162977	-0.144185	0.976037	0.771261	-0.635562	0.034896	0.615301	0.758467	0.214787
62019	9.923825	5.997274	-0.460618	0.123874	-1.021534	-0.371957	-0.159490	-0.134054	0.978055	0.771460	-0.635096	0.038753	0.615964	0.760712	0.204709
62020	10.319295	2.631469	0.281157	-0.641022	-0.937957	-0.449979	-0.157049	-0.124064	0.979767	0.766819	-0.640500	0.041811	0.622354	0.757870	0.195724
62021	9.876798	-0.645883	0.560397	-0.933663	-0.848987	-0.499540	-0.155475	-0.114424	0.981190	0.760225	-0.648108	0.044881	0.630782	0.752903	0.187753
62022	9.953851	-1.995731	0.686259	-0.641773	-0.852569	-0.473521	-0.153564	-0.104936	0.982551	0.755466	-0.653406	0.048289	0.636938	0.749699	0.179615
62023	10.290240	-1.634573	1.238484	-0.296862	-0.787681	-0.401805	-0.151496	-0.096398	0.983746	0.752994	-0.655995	0.051679	0.640350	0.748584	0.171967
62024	10.445135	-0.160560	1.557900	0.047874	-0.728612	-0.350380	-0.149365	-0.088642	0.984801	0.752815	-0.655919	0.055140	0.641061	0.749609	0.164703
62025	10.230578	0.903730	1.187625	0.144738	-0.669234	-0.326089	-0.147462	-0.081476	0.985706	0.753296	-0.655070	0.058547	0.640937	0.751162	0.157974
62026	9.946628	1.330251	0.674328	0.161686	-0.670699	-0.291852	-0.145263	-0.074523	0.986582	0.753946	-0.654041	0.061606	0.640674	0.752779	0.151194
62027	10.100886	1.583195	0.501617	0.155636	-0.652203	-0.278161	-0.143115	-0.067783	0.987382	0.754579	-0.653027	0.064542	0.640413	0.754295	0.144606
