// General information: 
//  MT Manager version: 2022.2.0 
//  XDA version: 2022.2.0 build 7381 rev 124627 built on 2023-07-19
// Device information: 
//  DeviceId: 00B4CBA7
//  ProductCode: MTW2-3A7G6
//  Firmware Version: 4.6.0
//  Hardware Version: 2.0.0
// Device settings: 
//  Filter Profile: human(46.1)
//  Option Flags: Orientation Smoother Disabled, Position/Velocity Smoother Disabled, Continuous Zero Rotation Update Disabled, AHS Disabled, ICC Disabled
// Coordinate system: ENU
PacketCounter	Acc_X	Acc_Y	Acc_Z	Gyr_X	Gyr_Y	Gyr_Z	Mat[1][1]	Mat[2][1]	Mat[3][1]	Mat[1][2]	Mat[2][2]	Mat[3][2]	Mat[1][3]	Mat[2][3]	Mat[3][3]
53565	9.342850	0.001204	-2.051743	-0.101226	-0.021047	0.074900	-0.195823	-0.135923	0.971174	-0.608027	0.793833	-0.011496	-0.769387	-0.592751	-0.238096
53566	9.570949	-0.358323	-2.144292	-0.106671	-0.025808	0.063969	-0.196434	-0.135638	0.971090	-0.607083	0.794550	-0.011822	-0.769977	-0.591855	-0.238420
53567	9.596759	-0.546963	-2.462994	-0.006009	-0.018470	0.055331	-0.196887	-0.135333	0.971041	-0.606932	0.794659	-0.012310	-0.769980	-0.591779	-0.238596
53568	9.675729	-0.363282	-2.646053	0.080938	-0.027447	0.048693	-0.197418	-0.135177	0.970955	-0.607461	0.794244	-0.012936	-0.769426	-0.592371	-0.238913
53569	9.574421	-0.266743	-2.751073	0.136188	-0.020170	0.050323	-0.197854	-0.134922	0.970902	-0.608413	0.793502	-0.013716	-0.768562	-0.593423	-0.239086
53570	9.543579	-0.185799	-2.679366	0.166353	-0.023263	0.041860	-0.198312	-0.134796	0.970826	-0.609610	0.792569	-0.014481	-0.767494	-0.594697	-0.239349
53571	9.526178	-0.128186	-2.655240	0.192752	-0.014341	0.044346	-0.198669	-0.134555	0.970786	-0.611004	0.791479	-0.015338	-0.766293	-0.596202	-0.239456
53572	9.491216	0.054517	-2.597147	0.203244	-0.016980	0.048698	-0.199121	-0.134340	0.970723	-0.612466	0.790329	-0.016259	-0.765007	-0.597773	-0.239650
53573	9.555290	0.052752	-2.646689	0.174219	-0.000335	0.049466	-0.199403	-0.133975	0.970716	-0.613703	0.789351	-0.017122	-0.763942	-0.599146	-0.239620
53574	9.542236	0.061274	-2.771398	0.117709	0.007918	0.050595	-0.199677	-0.133598	0.970711	-0.614504	0.788712	-0.017855	-0.763226	-0.600071	-0.239584
53575	9.408836	-0.000247	-2.906370	0.077704	0.020138	0.060106	-0.199869	-0.133028	0.970750	-0.614980	0.788323	-0.018590	-0.762792	-0.600708	-0.239370
53576	9.329413	0.089315	-2.811349	0.039931	0.021595	0.057856	-0.200085	-0.132512	0.970776	-0.615172	0.788159	-0.019207	-0.762581	-0.601037	-0.239216
53577	9.360589	-0.059217	-2.717329	-0.030842	0.026177	0.058037	-0.200217	-0.131922	0.970829	-0.614824	0.788419	-0.019662	-0.762826	-0.600826	-0.238964
53578	9.322699	-0.304705	-2.643817	-0.034823	0.023711	0.042136	-0.200321	-0.131519	0.970863	-0.614477	0.788683	-0.019947	-0.763079	-0.600569	-0.238805
53579	9.420400	0.025374	-2.278019	-0.010829	0.009651	0.040644	-0.200472	-0.131165	0.970879	-0.614317	0.788799	-0.020282	-0.763168	-0.600493	-0.238709
53580	9.460098	-0.041292	-2.246631	-0.122674	0.018905	0.046650	-0.200640	-0.130755	0.970900	-0.613289	0.789595	-0.020400	-0.763951	-0.599535	-0.238614
53581	9.290015	-0.268322	-2.444516	-0.140476	0.018131	0.045410	-0.200755	-0.130312	0.970936	-0.612128	0.790494	-0.020472	-0.764851	-0.598447	-0.238463
53582	9.372698	-0.097573	-2.442925	-0.118262	-0.002259	0.046371	-0.201081	-0.130030	0.970906	-0.611132	0.791260	-0.020598	-0.765561	-0.597494	-0.238573
53583	9.474622	-0.134128	-2.472979	-0.126875	-0.000512	0.051205	-0.201373	-0.129652	0.970896	-0.610061	0.792082	-0.020758	-0.766338	-0.596486	-0.238600
53584	9.550892	-0.081074	-2.216307	-0.111168	-0.012878	0.039635	-0.201738	-0.129487	0.970842	-0.609132	0.792795	-0.020836	-0.766981	-0.595574	-0.238811
53585	9.662016	-0.397956	-2.046177	-0.137431	-0.024779	0.037867	-0.202134	-0.129359	0.970777	-0.608004	0.793660	-0.020841	-0.767771	-0.594449	-0.239076
53586	9.490671	-0.521713	-2.049212	-0.068621	-0.029075	0.033574	-0.202585	-0.129335	0.970686	-0.607412	0.794110	-0.020960	-0.768121	-0.593853	-0.239435
53587	9.553560	-0.296067	-1.883437	-0.059977	-0.046295	0.033892	-0.203122	-0.129366	0.970570	-0.606886	0.794508	-0.021111	-0.768395	-0.593314	-0.239892
53588	9.406786	-0.508683	-2.176044	-0.064592	-0.052644	0.030323	-0.203733	-0.129506	0.970423	-0.606331	0.794929	-0.021209	-0.768671	-0.592719	-0.240477
53589	9.432029	-0.464922	-2.421173	-0.001568	-0.061283	0.024888	-0.204331	-0.129696	0.970272	-0.606272	0.794969	-0.021412	-0.768559	-0.592624	-0.241068
53590	9.396427	-0.161790	-2.521667	0.046151	-0.061193	0.021982	-0.204957	-0.129952	0.970106	-0.606584	0.794723	-0.021697	-0.768146	-0.592898	-0.241711
53591	9.366717	-0.257428	-2.652301	0.042128	-0.057550	0.018050	-0.205484	-0.130174	0.969964	-0.606875	0.794495	-0.021939	-0.767775	-0.593155	-0.242256
53592	9.373590	-0.277548	-2.747002	0.087120	-0.060640	0.009847	-0.206033	-0.130524	0.969801	-0.607526	0.793989	-0.022206	-0.767113	-0.593754	-0.242884
53593	9.410377	-0.227006	-2.705514	0.098855	-0.054690	0.007695	-0.206474	-0.130812	0.969668	-0.608272	0.793410	-0.022487	-0.766403	-0.594465	-0.243388
53594	9.389544	-0.120313	-2.706642	0.088674	-0.050072	0.011340	-0.206951	-0.131088	0.969529	-0.608931	0.792897	-0.022773	-0.765751	-0.595089	-0.243914
53595	9.316697	-0.140550	-2.734398	0.058750	-0.045717	0.009665	-0.207335	-0.131308	0.969417	-0.609364	0.792557	-0.022976	-0.765302	-0.595492	-0.244340
53596	9.307193	-0.249391	-2.838545	0.043168	-0.040921	0.009682	-0.207731	-0.131544	0.969301	-0.609677	0.792312	-0.023135	-0.764945	-0.595766	-0.244787
53597	9.299502	-0.164711	-2.886326	0.044529	-0.037484	0.009385	-0.208051	-0.131718	0.969209	-0.610002	0.792057	-0.023301	-0.764599	-0.596067	-0.245136
53598	9.378006	0.016694	-2.758028	0.011286	-0.038175	0.009363	-0.208425	-0.131940	0.969098	-0.610072	0.792001	-0.023379	-0.764442	-0.596092	-0.245566
53599	9.376233	-0.080896	-2.788790	-0.036691	-0.022244	0.016992	-0.208674	-0.131963	0.969041	-0.609760	0.792240	-0.023420	-0.764623	-0.595769	-0.245785
53600	9.316471	-0.062688	-2.853192	-0.054760	-0.018792	0.019774	-0.208963	-0.131988	0.968975	-0.609302	0.792592	-0.023436	-0.764909	-0.595296	-0.246043
53601	9.304927	-0.060906	-2.795900	-0.090815	-0.011361	0.020253	-0.209149	-0.131920	0.968945	-0.608569	0.793156	-0.023374	-0.765441	-0.594559	-0.246170
53602	9.309945	-0.093116	-2.916413	-0.115698	0.000167	0.025447	-0.209328	-0.131789	0.968924	-0.607633	0.793877	-0.023295	-0.766136	-0.593626	-0.246260
53603	9.275132	0.025672	-2.895177	-0.139924	0.008306	0.029974	-0.209422	-0.131526	0.968939	-0.606501	0.794744	-0.023206	-0.767006	-0.592523	-0.246207
53604	9.358120	-0.048848	-2.785401	-0.160473	0.014147	0.029662	-0.209519	-0.131279	0.968952	-0.605210	0.795732	-0.023056	-0.767999	-0.591250	-0.246173
53605	9.411112	-0.252546	-2.819885	-0.181739	0.028673	0.023814	-0.209419	-0.130945	0.969019	-0.603768	0.796834	-0.022805	-0.769161	-0.589838	-0.245932
53606	9.362943	-0.268794	-2.957211	-0.180764	0.056581	0.021233	-0.209138	-0.130515	0.969137	-0.602334	0.797926	-0.022525	-0.770360	-0.588456	-0.245491
53607	9.356083	-0.189730	-2.853846	-0.187717	0.057624	0.021831	-0.208801	-0.130027	0.969276	-0.600846	0.799056	-0.022241	-0.771613	-0.587029	-0.244970
53608	9.350080	-0.347436	-2.786879	-0.195629	0.056024	0.025998	-0.208552	-0.129565	0.969391	-0.599283	0.800235	-0.021972	-0.772894	-0.585522	-0.244537
53609	9.373952	-0.166141	-2.699344	-0.156868	0.055407	0.024970	-0.208249	-0.129066	0.969523	-0.598022	0.801183	-0.021796	-0.773952	-0.584335	-0.244030
53610	9.544563	-0.113973	-2.560798	-0.156514	0.061519	0.022071	-0.207933	-0.128604	0.969652	-0.596767	0.802124	-0.021586	-0.775005	-0.583144	-0.243535
53611	9.728911	-0.320650	-2.507089	-0.160609	0.068396	0.017416	-0.207482	-0.128091	0.969816	-0.595489	0.803080	-0.021330	-0.776108	-0.581940	-0.242902
53612	9.626762	-0.534815	-2.539538	-0.122456	0.059869	0.011293	-0.207113	-0.127727	0.969943	-0.594517	0.803806	-0.021099	-0.776951	-0.581018	-0.242415
53613	9.565124	-0.502459	-2.294015	-0.013252	0.034029	0.002807	-0.206842	-0.127531	0.970027	-0.594412	0.803885	-0.021060	-0.777104	-0.580952	-0.242083
53614	9.707678	-0.049558	-1.659268	0.045714	0.010095	-0.000787	-0.206787	-0.127552	0.970036	-0.594772	0.803617	-0.021121	-0.776843	-0.581317	-0.242042
53615	9.786551	0.039329	-1.207934	-0.014068	-0.004536	-0.005719	-0.206765	-0.127649	0.970028	-0.594678	0.803690	-0.020997	-0.776921	-0.581196	-0.242085
53616	9.527993	-0.213236	-1.581402	-0.069412	-0.010256	-0.002684	-0.206854	-0.127802	0.969989	-0.594147	0.804089	-0.020761	-0.777304	-0.580610	-0.242262
53617	9.343886	-0.220889	-2.025525	-0.069066	-0.039062	-0.012930	-0.207056	-0.128157	0.969899	-0.593641	0.804471	-0.020433	-0.777636	-0.580002	-0.242650
53618	9.397916	-0.138049	-2.153325	-0.055136	-0.083935	-0.004844	-0.207704	-0.128752	0.969681	-0.593225	0.804783	-0.020210	-0.777781	-0.579437	-0.243536
53619	9.710688	-0.102659	-1.297038	-0.241157	-0.035976	-0.030281	-0.207781	-0.129230	0.969601	-0.591414	0.806137	-0.019294	-0.779138	-0.577445	-0.243928
53620	10.064931	0.208097	-1.677040	-0.605755	0.231696	-0.077241	-0.205537	-0.128589	0.970165	-0.586845	0.809520	-0.017031	-0.783178	-0.572837	-0.241848
53621	9.311306	0.585084	-2.383689	-0.717776	0.328048	-0.076756	-0.202487	-0.127367	0.970967	-0.581366	0.813512	-0.014526	-0.788043	-0.567429	-0.238773
53622	8.779886	0.466556	-2.929632	-0.717899	0.235162	-0.041100	-0.200410	-0.126443	0.971518	-0.575778	0.817512	-0.012375	-0.792663	-0.561859	-0.236641
53623	8.969113	-0.024727	-3.301207	-0.612786	0.101435	-0.008991	-0.199529	-0.125975	0.971760	-0.570931	0.820927	-0.010806	-0.796383	-0.556964	-0.235722
53624	9.262075	0.205988	-3.281741	-0.514398	0.043663	0.026662	-0.199353	-0.125585	0.971847	-0.566777	0.823813	-0.009806	-0.799389	-0.552775	-0.235408
53625	9.449428	0.388027	-3.652236	-0.521535	0.017308	0.045786	-0.199450	-0.125138	0.971885	-0.562512	0.826740	-0.008989	-0.802372	-0.548490	-0.235285
53626	9.370167	-0.142878	-3.725507	-0.516854	-0.007985	0.063945	-0.199895	-0.124727	0.971846	-0.558233	0.829642	-0.008344	-0.805244	-0.544185	-0.235468
53627	9.261247	-0.946819	-3.628315	-0.455484	-0.003678	0.058780	-0.200229	-0.124285	0.971834	-0.554445	0.832183	-0.007808	-0.807774	-0.540392	-0.235536
53628	9.111083	-1.577769	-3.364345	-0.267144	-0.007337	0.030149	-0.200483	-0.124149	0.971799	-0.552228	0.833660	-0.007424	-0.809228	-0.538143	-0.235693
53629	9.355858	-0.943573	-2.791416	-0.060859	-0.015612	0.012319	-0.200655	-0.124157	0.971763	-0.551714	0.834001	-0.007365	-0.809536	-0.537613	-0.235845
53630	9.416340	-0.413254	-2.552895	-0.056280	-0.000066	0.004391	-0.200711	-0.124194	0.971746	-0.551253	0.834307	-0.007231	-0.809837	-0.537129	-0.235917
53631	9.341530	-0.294200	-2.766319	-0.089524	0.003816	0.008124	-0.200702	-0.124132	0.971756	-0.550515	0.834795	-0.007064	-0.810341	-0.536384	-0.235882
53632	9.330656	0.425639	-2.315696	-0.189716	0.039320	0.022906	-0.200543	-0.123803	0.971831	-0.548934	0.835838	-0.006797	-0.811452	-0.534834	-0.235581
53633	9.183874	0.489774	-2.396759	-0.427134	0.085836	0.038610	-0.200034	-0.123049	0.972032	-0.545388	0.838161	-0.006133	-0.813964	-0.531362	-0.234770
53634	9.050398	-0.004167	-2.300669	-0.443702	0.051525	0.030598	-0.199812	-0.122594	0.972135	-0.541713	0.840547	-0.005344	-0.816469	-0.527686	-0.234362
53635	9.469251	0.363704	-1.600061	-0.352196	0.014808	0.030956	-0.199836	-0.122282	0.972169	-0.538776	0.842436	-0.004785	-0.818405	-0.524737	-0.234232
53636	9.614142	0.583545	-1.471946	-0.446756	0.027484	0.042035	-0.199867	-0.121858	0.972216	-0.535033	0.844821	-0.004101	-0.820849	-0.520987	-0.234050
53637	9.403340	0.263119	-1.787736	-0.558410	-0.001100	0.052618	-0.200134	-0.121445	0.972213	-0.530339	0.847779	-0.003271	-0.823824	-0.516257	-0.234077
53638	9.460959	-0.524237	-1.947088	-0.523525	-0.057927	0.045558	-0.200881	-0.121430	0.972061	-0.525931	0.850524	-0.002438	-0.826464	-0.511727	-0.234718
53639	9.677748	-1.007222	-2.173482	-0.344496	-0.079487	0.000543	-0.201519	-0.121858	0.971875	-0.523084	0.852280	-0.001599	-0.828114	-0.508694	-0.235493
53640	9.908691	-0.973473	-2.287483	-0.099447	-0.089026	-0.039001	-0.202081	-0.122715	0.971650	-0.522342	0.852736	-0.000939	-0.828446	-0.507723	-0.236420
53641	9.873107	-0.364854	-2.489795	0.076281	-0.089696	-0.036009	-0.202613	-0.123505	0.971439	-0.523050	0.852302	-0.000735	-0.827869	-0.508260	-0.237287
53642	9.791428	0.002291	-2.688916	0.164582	-0.079563	-0.027129	-0.203158	-0.124209	0.971236	-0.524470	0.851429	-0.000818	-0.826836	-0.509550	-0.238119
53643	9.695704	0.037371	-3.129633	0.162268	-0.058959	-0.021656	-0.203510	-0.124722	0.971096	-0.525858	0.850572	-0.000961	-0.825867	-0.510855	-0.238686
53644	9.574366	-0.067260	-3.512505	0.190482	-0.039020	-0.018217	-0.203765	-0.125145	0.970988	-0.527471	0.849572	-0.001195	-0.824775	-0.512412	-0.239124
53645	9.639882	0.125542	-3.487827	0.217442	-0.029623	-0.008457	-0.203943	-0.125396	0.970919	-0.529284	0.848443	-0.001598	-0.823569	-0.514218	-0.239404
53646	9.652835	0.240968	-3.314847	0.165005	0.007026	-0.005867	-0.203886	-0.125481	0.970920	-0.530657	0.847585	-0.001893	-0.822699	-0.515611	-0.239397
53647	9.430608	0.225556	-3.104445	0.121668	0.018876	0.001096	-0.203714	-0.125401	0.970966	-0.531659	0.846956	-0.002160	-0.822094	-0.516663	-0.239207
53648	9.480196	0.335401	-2.555504	0.053543	0.020467	0.010812	-0.203636	-0.125277	0.970998	-0.532081	0.846690	-0.002349	-0.821841	-0.517128	-0.239074
53649	9.537925	0.502298	-1.538862	-0.191521	0.094523	-0.040054	-0.202624	-0.125155	0.971226	-0.530591	0.847627	-0.001468	-0.823053	-0.515621	-0.238156
53650	9.243377	0.171304	-2.015939	-0.463325	0.194079	-0.073893	-0.200664	-0.124858	0.971671	-0.526923	0.849913	0.000395	-0.825885	-0.511917	-0.236338
53651	8.813614	-0.472568	-2.007649	-0.328223	0.103417	-0.074980	-0.199393	-0.124995	0.971915	-0.524363	0.851493	0.001932	-0.827820	-0.509251	-0.235325
53652	9.285848	-0.105253	-1.285988	-0.182229	0.046883	-0.074698	-0.198645	-0.125465	0.972008	-0.523004	0.852324	0.003132	-0.828859	-0.507742	-0.234929
53653	9.289035	0.182062	-0.965887	-0.096014	-0.024633	-0.078795	-0.198416	-0.126288	0.971948	-0.522368	0.852710	0.004158	-0.829315	-0.506890	-0.235160
53654	9.604779	0.294238	-0.887998	0.001060	-0.091745	-0.073108	-0.198822	-0.127447	0.971713	-0.522526	0.852609	0.004912	-0.829118	-0.506769	-0.236112
53655	9.326824	0.479068	-1.205864	0.057290	-0.141778	-0.050618	-0.199711	-0.128624	0.971376	-0.523106	0.852251	0.005302	-0.828539	-0.507073	-0.237488
53656	9.459263	0.473739	-1.268111	0.080172	-0.220735	-0.023805	-0.201436	-0.130016	0.970834	-0.523822	0.851811	0.005389	-0.827668	-0.507459	-0.239691
53657	9.373399	0.027667	-1.760380	0.092363	-0.238742	-0.011363	-0.203330	-0.131352	0.970260	-0.524612	0.851325	0.005312	-0.826704	-0.507930	-0.242008
53658	9.401176	0.283825	-2.074532	0.235337	-0.295402	-0.002771	-0.205773	-0.132944	0.969527	-0.526564	0.850122	0.004813	-0.824856	-0.509528	-0.244936
53659	9.879270	0.890333	-2.441241	0.204683	-0.289128	0.021345	-0.208247	-0.134265	0.968817	-0.528210	0.849103	0.004136	-0.823181	-0.510878	-0.247743
53660	9.621692	0.421576	-3.345849	0.146422	-0.275498	0.037632	-0.210728	-0.135421	0.968119	-0.529339	0.848403	0.003456	-0.821824	-0.511735	-0.250466
53661	9.622437	0.263325	-3.484153	0.239935	-0.287238	0.056491	-0.213363	-0.136441	0.967399	-0.531193	0.847248	0.002339	-0.819945	-0.513376	-0.253248
53662	9.588005	0.402031	-3.382674	0.238313	-0.251082	0.074231	-0.215833	-0.137173	0.966747	-0.532990	0.846121	0.001064	-0.818131	-0.515036	-0.255732
53663	9.578708	0.827339	-3.153767	0.212035	-0.229133	0.100560	-0.218220	-0.137532	0.966160	-0.534508	0.845163	-0.000418	-0.816505	-0.516512	-0.257943
53664	9.533434	0.704747	-3.240620	0.129457	-0.202392	0.102938	-0.220441	-0.137781	0.965620	-0.535344	0.844632	-0.001696	-0.815361	-0.517313	-0.259951
53665	9.659270	0.773618	-3.009083	0.110709	-0.203738	0.114685	-0.222693	-0.137894	0.965087	-0.535996	0.844215	-0.003057	-0.814319	-0.517964	-0.261911
53666	9.694825	0.705288	-2.843804	0.017267	-0.219067	0.127547	-0.225178	-0.138026	0.964491	-0.535855	0.844299	-0.004280	-0.813728	-0.517791	-0.264080
53667	9.694496	0.415237	-2.305171	-0.008921	-0.244172	0.139347	-0.227889	-0.138140	0.963838	-0.535471	0.844535	-0.005565	-0.813226	-0.517376	-0.266430
53668	9.424385	0.270020	-1.684426	-0.021264	-0.272102	0.154830	-0.230946	-0.138315	0.963085	-0.534948	0.844856	-0.006944	-0.812708	-0.516804	-0.269108
53669	9.134786	0.048174	-1.387292	-0.012208	-0.301186	0.151596	-0.234182	-0.138616	0.962260	-0.534501	0.845127	-0.008336	-0.812076	-0.516281	-0.272004
53670	8.997641	-0.037484	-1.110127	0.073967	-0.369028	0.145579	-0.237967	-0.139366	0.961223	-0.534762	0.844945	-0.009883	-0.810803	-0.516377	-0.275597
53671	8.987091	0.256781	-0.633716	0.146343	-0.450956	0.150347	-0.242402	-0.140452	0.959955	-0.535591	0.844397	-0.011699	-0.808940	-0.516979	-0.279909
53672	9.146199	0.483040	-0.364992	0.125857	-0.505750	0.164625	-0.247378	-0.141748	0.958494	-0.536209	0.843976	-0.013578	-0.807022	-0.517312	-0.284788
53673	9.077681	0.478968	-0.636214	0.136340	-0.572181	0.178313	-0.252924	-0.143231	0.956825	-0.536867	0.843522	-0.015643	-0.804863	-0.517644	-0.290243
53674	9.198867	0.332986	-1.033533	0.153370	-0.626038	0.193501	-0.258995	-0.144909	0.954947	-0.537609	0.843004	-0.017884	-0.802433	-0.518020	-0.296238
53675	9.395534	0.189758	-1.697016	0.195259	-0.668729	0.219657	-0.265511	-0.146552	0.952904	-0.538603	0.842309	-0.020530	-0.799631	-0.518688	-0.302576
53676	9.420842	0.054358	-2.497193	0.239909	-0.701363	0.244702	-0.272423	-0.148199	0.950696	-0.539865	0.841422	-0.023534	-0.796449	-0.519659	-0.309230
53677	9.462222	-0.000628	-2.830068	0.292485	-0.732244	0.265232	-0.279653	-0.149805	0.948342	-0.541463	0.840293	-0.026933	-0.792850	-0.521024	-0.316105
53678	9.326338	-0.051728	-2.854283	0.325593	-0.762318	0.290666	-0.287252	-0.151408	0.945813	-0.543221	0.839029	-0.030667	-0.788922	-0.522595	-0.323261
53679	9.320237	-0.027724	-2.652322	0.359071	-0.815686	0.312241	-0.295346	-0.153087	0.943046	-0.545143	0.837622	-0.034756	-0.784595	-0.524360	-0.330843
53680	9.808239	0.249003	-1.935771	0.311301	-0.849247	0.332789	-0.303799	-0.154825	0.940072	-0.546589	0.836498	-0.038872	-0.780350	-0.525642	-0.338753
53681	9.584899	-0.134065	-1.981049	0.226988	-0.872239	0.358470	-0.312526	-0.156441	0.936938	-0.547259	0.835859	-0.042981	-0.776425	-0.526180	-0.346842
53682	9.431503	-0.034074	-1.963720	0.188627	-0.933776	0.379472	-0.321821	-0.158247	0.933482	-0.547524	0.835462	-0.047131	-0.772431	-0.526271	-0.355513
53683	9.461793	-0.070364	-1.990655	0.110867	-0.991545	0.412827	-0.331698	-0.160039	0.929712	-0.547037	0.835533	-0.051342	-0.768588	-0.525617	-0.364692
53684	9.571385	-0.345969	-2.035533	0.074326	-1.047173	0.427088	-0.342042	-0.162029	0.925610	-0.546177	0.835828	-0.055517	-0.764656	-0.524536	-0.374385
53685	9.654744	-0.337219	-1.782377	0.109322	-1.118740	0.440215	-0.352952	-0.164239	0.921114	-0.545489	0.835970	-0.059963	-0.760175	-0.523622	-0.384648
53686	10.000261	-0.173076	-1.464677	0.152670	-1.200637	0.444415	-0.364448	-0.166863	0.916152	-0.545061	0.835905	-0.064580	-0.755040	-0.522895	-0.395595
53687	10.407041	-0.313774	-1.258785	0.118165	-1.260168	0.449178	-0.376354	-0.169717	0.910799	-0.544296	0.836040	-0.069124	-0.749733	-0.521759	-0.407023
53688	10.470257	-0.866360	-1.094946	0.136637	-1.343019	0.432060	-0.388702	-0.173157	0.904946	-0.543675	0.836067	-0.073548	-0.743860	-0.520585	-0.419122
53689	10.562553	-0.950682	-1.160115	0.169689	-1.440118	0.432429	-0.401695	-0.177058	0.898494	-0.543233	0.835938	-0.078137	-0.737251	-0.519479	-0.431976
53690	10.803681	-0.867557	-1.306692	0.181939	-1.537514	0.446756	-0.415361	-0.181347	0.891397	-0.542756	0.835792	-0.082872	-0.729994	-0.518233	-0.445582
53691	11.044121	-0.810419	-1.461573	0.114822	-1.616109	0.459561	-0.429568	-0.185891	0.883694	-0.541660	0.836038	-0.087438	-0.722548	-0.516223	-0.459825
53692	10.967035	-0.828762	-1.679513	0.015482	-1.672471	0.459734	-0.443936	-0.190977	0.875471	-0.540220	0.836540	-0.091451	-0.714901	-0.513546	-0.474540
53693	10.967466	-1.138725	-1.924067	-0.025179	-1.755465	0.451358	-0.458829	-0.196210	0.866590	-0.538017	0.837538	-0.095229	-0.707117	-0.509934	-0.489851
53694	11.181814	-1.343718	-1.915032	0.052289	-1.852580	0.447925	-0.474196	-0.201907	0.856955	-0.536312	0.838159	-0.099290	-0.698217	-0.506678	-0.505737
53695	11.440590	-1.125247	-1.361090	0.197401	-1.972630	0.442134	-0.490214	-0.208199	0.846371	-0.535562	0.838063	-0.104039	-0.687651	-0.504285	-0.522334
53696	11.893333	-0.520129	-0.015061	0.403455	-2.137535	0.437098	-0.506944	-0.215655	0.834567	-0.536605	0.836665	-0.109755	-0.674584	-0.503472	-0.539863
53697	12.398896	0.076583	0.564321	0.422717	-2.287925	0.437279	-0.524544	-0.223527	0.821517	-0.537187	0.835495	-0.115667	-0.660518	-0.501980	-0.558329
53698	12.468744	-0.185462	0.514136	0.416152	-2.403049	0.416705	-0.542262	-0.232485	0.807405	-0.538213	0.834032	-0.121317	-0.645197	-0.500341	-0.577390
53699	12.688429	-0.919593	0.595748	0.726035	-2.618749	0.355231	-0.560814	-0.242655	0.791585	-0.540888	0.831238	-0.128392	-0.626840	-0.500163	-0.597419
53700	13.491572	-0.190053	-0.539095	0.984023	-2.741046	0.330255	-0.579253	-0.254074	0.774540	-0.545628	0.826778	-0.136848	-0.605604	-0.501881	-0.617543
53701	14.258483	0.128736	-2.308283	1.165237	-2.696296	0.315434	-0.596990	-0.265068	0.757193	-0.550719	0.821727	-0.146542	-0.583362	-0.504484	-0.636541
53702	14.155074	0.397178	-2.757906	1.134985	-2.613901	0.302450	-0.613301	-0.276361	0.739923	-0.556077	0.816358	-0.156007	-0.560928	-0.507133	-0.654351
53703	13.337176	0.776071	-5.118206	0.910949	-2.310862	0.247737	-0.627400	-0.286099	0.724235	-0.559580	0.812423	-0.163824	-0.541515	-0.508051	-0.669810
53704	11.584196	0.960874	-6.268896	0.622708	-1.883924	0.162345	-0.638015	-0.294924	0.711306	-0.562576	0.809274	-0.169066	-0.525780	-0.508031	-0.682246
53705	9.054551	0.347119	-9.124818	0.361607	-1.813797	0.150979	-0.648256	-0.302921	0.698572	-0.563502	0.807884	-0.172593	-0.512084	-0.505531	-0.694413
53706	8.252969	-0.717586	-9.805301	0.393758	-1.900826	0.265985	-0.658996	-0.310915	0.684877	-0.564413	0.806281	-0.177055	-0.497154	-0.503232	-0.706821
53707	7.404330	-1.448499	-9.225657	0.157744	-1.742225	0.265001	-0.669022	-0.317535	0.671998	-0.563449	0.806314	-0.179951	-0.484701	-0.499028	-0.718357
53708	6.239633	-2.696143	-9.777944	0.112013	-1.486351	0.196339	-0.676889	-0.323925	0.660979	-0.563340	0.805946	-0.181931	-0.473782	-0.495503	-0.728016
53709	5.598769	-3.805803	-9.743658	0.208530	-1.200910	0.057550	-0.682825	-0.329425	0.652096	-0.563949	0.805094	-0.183809	-0.464447	-0.493258	-0.735517
53710	5.369729	-4.554647	-8.637724	0.456156	-0.763416	-0.142410	-0.685212	-0.334836	0.646815	-0.567596	0.801993	-0.186124	-0.456420	-0.494664	-0.739587
53711	4.194735	-4.111759	-11.479090	0.624962	-0.572584	-0.286517	-0.686149	-0.339995	0.643120	-0.572412	0.797915	-0.188880	-0.448937	-0.497729	-0.742106
53712	3.830242	-4.137400	-11.164740	0.927574	-0.263525	-0.441603	-0.684459	-0.345318	0.642084	-0.580131	0.791374	-0.192810	-0.441548	-0.504463	-0.741992
53713	5.053053	-2.036823	-4.483106	1.267454	0.251248	-0.625010	-0.679678	-0.348981	0.645175	-0.589976	0.782732	-0.198140	-0.435851	-0.515309	-0.737896
53714	7.929962	1.133617	-2.549638	0.859853	0.804499	-0.780532	-0.671235	-0.351307	0.652707	-0.599489	0.775177	-0.199283	-0.435955	-0.525056	-0.730931
53715	9.014421	1.158608	-4.377532	-0.159877	1.521776	-0.905427	-0.659041	-0.350318	0.665539	-0.604827	0.772833	-0.192128	-0.447045	-0.529156	-0.721211
53716	6.957869	-1.520333	-6.396948	-0.774800	2.098080	-0.999420	-0.643105	-0.347337	0.682476	-0.608285	0.773101	-0.179735	-0.465195	-0.530728	-0.708464
53717	5.692737	-3.834933	-7.391137	-0.753566	2.551049	-1.085276	-0.624328	-0.342175	0.702232	-0.611599	0.773360	-0.166916	-0.485964	-0.533695	-0.692105
53718	4.876518	-4.309648	-7.271366	-0.384026	2.950082	-1.186529	-0.602099	-0.335876	0.724337	-0.617451	0.771043	-0.155717	-0.506193	-0.540999	-0.671631
53719	4.879148	-3.707997	-7.078489	-0.036517	3.358987	-1.274493	-0.576817	-0.327346	0.748416	-0.624794	0.767006	-0.146062	-0.526227	-0.551857	-0.646946
53720	5.207016	-2.543447	-6.856233	0.120664	3.723104	-1.354931	-0.548041	-0.317262	0.773948	-0.633522	0.761607	-0.136401	-0.546170	-0.565066	-0.618384
53721	5.452399	-1.697199	-6.808532	-0.003526	4.106907	-1.402422	-0.516195	-0.304465	0.800527	-0.640982	0.757258	-0.125308	-0.568054	-0.577807	-0.586049
53722	5.433083	-1.623781	-6.835709	-0.218958	4.431847	-1.447533	-0.480921	-0.289817	0.827479	-0.647333	0.753908	-0.112173	-0.591333	-0.589601	-0.550178
53723	5.501982	-2.059481	-6.794410	-0.359915	4.749795	-1.480178	-0.442608	-0.272723	0.854237	-0.652011	0.751878	-0.097783	-0.615614	-0.600251	-0.510605
53724	5.638452	-2.192566	-6.580987	-0.369086	5.044912	-1.476961	-0.401063	-0.253493	0.880279	-0.656298	0.749915	-0.083063	-0.639078	-0.611039	-0.467130
53725	6.061617	-1.813704	-6.628072	-0.416333	5.290312	-1.418411	-0.357285	-0.231558	0.904836	-0.658980	0.749033	-0.068520	-0.661886	-0.620749	-0.420211
53726	6.873490	-1.749405	-7.183087	-0.493742	5.528472	-1.328955	-0.311116	-0.207159	0.927519	-0.660488	0.748871	-0.054288	-0.683346	-0.629505	-0.369812
53727	7.494338	-1.767033	-7.816630	-0.488595	5.745047	-1.225466	-0.263155	-0.179976	0.947817	-0.660627	0.749589	-0.041083	-0.703080	-0.636965	-0.316156
53728	7.787109	-1.209776	-7.871859	-0.441924	5.858541	-1.090930	-0.214096	-0.150800	0.965102	-0.660447	0.750302	-0.029275	-0.719703	-0.643667	-0.260232
53729	8.363070	-0.419304	-7.525612	-0.528855	5.956645	-0.919156	-0.164683	-0.119258	0.979110	-0.658346	0.752474	-0.019079	-0.734480	-0.647735	-0.202433
53730	8.501168	0.170136	-6.359138	-0.776236	6.131086	-0.736302	-0.114308	-0.085093	0.989794	-0.653622	0.756750	-0.010427	-0.748139	-0.648143	-0.142121
53731	8.216095	0.192277	-5.069089	-1.131162	6.177075	-0.582765	-0.063869	-0.049635	0.996723	-0.645603	0.763666	-0.003340	-0.760998	-0.643701	-0.080820
53732	8.850240	0.101548	-5.914379	-1.309282	6.063145	-0.434771	-0.014533	-0.014206	0.999793	-0.635735	0.771905	0.001727	-0.771770	-0.635579	-0.020249
53733	9.371177	-0.452288	-4.455463	-1.094467	5.855766	-0.252365	0.032480	0.020788	0.999256	-0.627225	0.778827	0.004185	-0.778161	-0.626894	0.038335
53734	9.164031	-0.929419	-2.547438	-0.473695	5.439062	-0.065289	0.075279	0.054191	0.995689	-0.623497	0.781812	0.004588	-0.778193	-0.621155	0.092642
53735	11.671882	-1.343822	-1.487546	0.741257	4.994377	-0.062710	0.114337	0.084765	0.989819	-0.629166	0.777247	0.006116	-0.768815	-0.623460	0.142199
53736	13.970357	-0.581134	-0.364300	1.049118	4.692414	-0.397872	0.152680	0.110989	0.982024	-0.636626	0.771082	0.011831	-0.755908	-0.626988	0.188387
53737	7.460017	-0.747645	0.475719	0.886644	4.072516	-0.568187	0.186872	0.132173	0.973452	-0.642300	0.766212	0.019266	-0.743324	-0.628848	0.228078
53738	1.606170	-1.568328	3.208345	0.429928	2.808627	-0.641201	0.211795	0.144880	0.966516	-0.644188	0.764405	0.026579	-0.734959	-0.628247	0.255228
53739	2.443023	-0.278578	2.689203	0.338805	1.405047	-0.462045	0.225091	0.150159	0.962697	-0.645649	0.762965	0.031956	-0.729706	-0.628758	0.268686
53740	3.157678	1.848967	2.706552	-0.198361	0.362395	-0.225739	0.229232	0.150677	0.961639	-0.643677	0.764558	0.033641	-0.730159	-0.626696	0.272249
53741	2.461949	-0.632385	2.042215	-0.794007	-0.649097	-0.130515	0.225333	0.145601	0.963341	-0.637546	0.769714	0.032791	-0.736723	-0.621563	0.266269
53742	3.216991	-2.406644	-0.655416	-0.896458	-1.572451	-0.052044	0.214051	0.135431	0.967388	-0.630775	0.775346	0.031024	-0.745859	-0.616845	0.251390
53743	7.297317	-1.749582	1.122277	-0.494592	-2.099485	-0.036792	0.198570	0.122182	0.972441	-0.626981	0.778448	0.030220	-0.753303	-0.615703	0.231182
53744	15.322470	-1.487388	7.095646	-0.380693	-1.394927	-0.011431	0.188136	0.113485	0.975564	-0.624071	0.780809	0.029521	-0.758380	-0.614376	0.217721
53745	15.743261	-2.157861	5.971417	-0.768270	-0.687651	0.015923	0.182826	0.109379	0.977042	-0.618242	0.785498	0.027751	-0.764429	-0.609122	0.211232
53746	10.725826	-5.739018	2.466462	-0.946009	-0.827310	-0.196178	0.177717	0.102804	0.978697	-0.610613	0.791443	0.027744	-0.771731	-0.602536	0.203426
53747	11.394748	-6.176805	1.979192	0.118712	-1.437708	-0.234498	0.168066	0.092244	0.981450	-0.611116	0.790960	0.030308	-0.773493	-0.604874	0.189305
53748	13.392321	2.065066	-0.405414	0.877400	-1.749559	0.038911	0.154343	0.081894	0.984617	-0.617948	0.785587	0.031527	-0.770920	-0.613308	0.171856
53749	12.558357	5.543530	-2.576981	0.370608	-2.070769	0.263504	0.136763	0.071189	0.988042	-0.621182	0.783109	0.029560	-0.771640	-0.617797	0.151322
53750	11.918932	3.299613	-3.664399	-0.392343	-2.026857	0.267544	0.119439	0.060766	0.990980	-0.618481	0.785357	0.026386	-0.776670	-0.616054	0.131385
53751	9.635669	-1.009989	-5.243001	-0.514521	-1.727404	0.096713	0.105407	0.050887	0.993126	-0.614573	0.788469	0.024828	-0.781786	-0.612966	0.114384
53752	8.593057	-2.113296	-6.427540	0.366601	-1.630658	-0.150402	0.093602	0.039647	0.994820	-0.617281	0.786288	0.026743	-0.781155	-0.616587	0.098071
53753	10.025329	-0.886500	-5.102530	1.142885	-1.450391	-0.228324	0.083758	0.028824	0.996069	-0.625967	0.779269	0.030087	-0.775338	-0.626027	0.083313
53754	10.452048	1.558374	-3.405412	1.164954	-1.325539	-0.083922	0.074044	0.019773	0.997059	-0.634890	0.771946	0.031840	-0.769046	-0.635380	0.069712
53755	10.667622	1.661483	-2.731542	0.248856	-1.297881	0.063961	0.063686	0.011982	0.997898	-0.636841	0.770355	0.031394	-0.768360	-0.637502	0.056691
53756	10.445157	-0.847161	-2.067417	-0.451590	-1.254797	0.082487	0.053484	0.004590	0.998558	-0.633404	0.773225	0.030372	-0.771971	-0.634115	0.044263
53757	9.965971	-1.560280	-1.852833	-0.373871	-1.191469	0.017689	0.044182	-0.002835	0.999019	-0.630516	0.775593	0.030086	-0.774917	-0.631227	0.032480
53758	9.754624	-0.526378	-1.288928	0.011961	-1.163959	-0.030790	0.035332	-0.010473	0.999321	-0.630590	0.775520	0.030422	-0.775312	-0.631237	0.020796
53759	9.692808	0.428884	-0.647916	0.288126	-1.130917	-0.033661	0.026810	-0.017908	0.999480	-0.632807	0.773695	0.030837	-0.773845	-0.633305	0.009410
53760	9.800306	1.095584	-0.083304	0.430392	-1.128696	-0.018185	0.018179	-0.025266	0.999515	-0.636122	0.770963	0.031058	-0.771374	-0.636378	-0.002057
53761	9.740558	0.974287	0.294591	0.462304	-1.119762	0.007269	0.009536	-0.032378	0.999430	-0.639679	0.768017	0.030985	-0.768583	-0.639610	-0.013388
53762	9.383007	0.720956	0.280125	0.515607	-1.129698	0.023309	0.000699	-0.039499	0.999219	-0.643629	0.764722	0.030679	-0.765337	-0.643148	-0.024888
53763	9.468327	0.985375	0.194333	0.521898	-1.140453	0.031681	-0.008189	-0.046635	0.998878	-0.647610	0.761371	0.030237	-0.761928	-0.646637	-0.036436
53764	9.560826	0.870277	-0.220459	0.335532	-1.132970	0.034193	-0.017051	-0.053766	0.998408	-0.650154	0.759219	0.029782	-0.759611	-0.648611	-0.047901
53765	9.530827	0.356384	-0.985059	0.289282	-1.137930	0.026260	-0.025828	-0.060979	0.997805	-0.652340	0.757356	0.029399	-0.757486	-0.650149	-0.059340
53766	9.994197	0.557258	-1.592028	0.274049	-1.093625	0.038129	-0.034369	-0.067862	0.997103	-0.654397	0.755600	0.028870	-0.755370	-0.651509	-0.070378
53767	9.791367	0.379114	-2.379681	0.182019	-1.021576	0.045362	-0.042349	-0.074202	0.996344	-0.655751	0.754446	0.028315	-0.753788	-0.652155	-0.080608
53768	9.650504	-0.215800	-2.756021	0.307983	-1.019930	0.027527	-0.050226	-0.080710	0.995471	-0.658052	0.752459	0.027805	-0.751295	-0.653675	-0.090905
53769	10.041737	0.380395	-2.368575	0.477713	-1.007056	0.027750	-0.057931	-0.087122	0.994512	-0.661616	0.749353	0.027106	-0.747602	-0.656415	-0.101052
53770	10.311640	0.555047	-2.313354	0.385606	-0.906401	0.049551	-0.065047	-0.092768	0.993561	-0.664458	0.746865	0.026233	-0.744489	-0.658473	-0.110222
53771	9.885534	0.264613	-2.692009	0.372743	-0.841526	0.052227	-0.071621	-0.097951	0.992611	-0.667191	0.744456	0.025323	-0.741435	-0.660448	-0.118671
53772	9.802768	0.037170	-2.453739	0.429625	-0.824473	0.065167	-0.078183	-0.102983	0.991606	-0.670317	0.741681	0.024177	-0.737945	-0.662800	-0.127018
53773	9.708262	0.505691	-1.902430	0.511060	-0.798130	0.085975	-0.084607	-0.107671	0.990580	-0.674007	0.738376	0.022690	-0.733863	-0.665738	-0.135043
53774	9.823732	1.098964	-1.174675	0.435769	-0.780054	0.105169	-0.091057	-0.112161	0.989509	-0.677101	0.735588	0.021070	-0.730234	-0.668079	-0.142925
53775	9.704358	0.978101	-0.850687	0.299626	-0.764439	0.118530	-0.097406	-0.116424	0.988412	-0.679174	0.733718	0.019493	-0.727485	-0.669405	-0.150541
53776	9.515214	0.892431	-0.787285	0.196197	-0.766955	0.130400	-0.103890	-0.120667	0.987242	-0.680464	0.732562	0.017932	-0.725379	-0.669920	-0.158215
53777	9.432205	0.725968	-0.912717	0.126379	-0.787830	0.151219	-0.110601	-0.124860	0.985991	-0.681219	0.731899	0.016270	-0.723677	-0.669876	-0.166005
53778	9.445977	0.591266	-1.138107	0.081959	-0.804774	0.159349	-0.117526	-0.129145	0.984637	-0.681626	0.731555	0.014592	-0.722200	-0.669439	-0.174006
53779	9.389087	0.412617	-1.378643	0.056241	-0.816350	0.170345	-0.124551	-0.133384	0.983207	-0.681827	0.731400	0.012850	-0.720832	-0.668777	-0.182041
53780	9.374104	0.418278	-1.511425	0.085211	-0.837272	0.185230	-0.131863	-0.137688	0.981659	-0.682201	0.731084	0.010905	-0.719176	-0.668250	-0.190333
53781	9.383609	0.564274	-1.651841	0.066128	-0.833113	0.199917	-0.139185	-0.141813	0.980059	-0.682407	0.730919	0.008850	-0.717599	-0.667567	-0.198507
53782	9.370939	0.430170	-1.823103	0.055932	-0.852140	0.205544	-0.146714	-0.146057	0.978337	-0.682511	0.730844	0.006758	-0.715998	-0.666734	-0.206911
53783	9.471247	0.081030	-1.988928	0.043913	-0.862012	0.208058	-0.154272	-0.150302	0.976529	-0.682515	0.730857	0.004666	-0.714404	-0.665776	-0.215334
53784	9.450029	-0.129504	-2.237621	0.096419	-0.864489	0.207612	-0.161874	-0.154599	0.974626	-0.682872	0.730533	0.002463	-0.712378	-0.665147	-0.223825
53785	9.488342	0.010260	-2.159776	0.127440	-0.882927	0.216664	-0.169606	-0.158909	0.972616	-0.683423	0.730023	0.000097	-0.710047	-0.664691	-0.232419
53786	9.372422	0.151663	-1.912040	0.127126	-0.888673	0.227568	-0.177478	-0.163213	0.970496	-0.683927	0.729546	-0.002381	-0.707633	-0.664171	-0.241105
53787	9.383422	0.385769	-1.629608	0.060392	-0.912195	0.247788	-0.185592	-0.167482	0.968249	-0.683908	0.729552	-0.004896	-0.705568	-0.663101	-0.249941
53788	9.347165	0.255160	-1.791112	0.020227	-0.938321	0.261576	-0.194006	-0.171847	0.965831	-0.683553	0.729863	-0.007443	-0.703646	-0.661641	-0.259064
53789	9.416343	0.594280	-1.912786	0.025422	-0.963616	0.271007	-0.202601	-0.176259	0.963268	-0.683198	0.730164	-0.010089	-0.701565	-0.660147	-0.268352
53790	9.571919	0.486906	-2.545041	-0.040033	-0.956141	0.285998	-0.211265	-0.180530	0.960612	-0.682325	0.730939	-0.012695	-0.699857	-0.658132	-0.277602
53791	9.426845	0.124567	-3.066362	-0.058659	-0.958284	0.301269	-0.219991	-0.184645	0.957867	-0.681270	0.731871	-0.015385	-0.698194	-0.655951	-0.286798
53792	9.339094	0.084578	-3.306352	-0.008750	-0.980604	0.321287	-0.229025	-0.188774	0.954941	-0.680488	0.732529	-0.018395	-0.696049	-0.654038	-0.296226
53793	9.416016	0.255033	-3.232377	-0.011873	-0.985493	0.342437	-0.238176	-0.192723	0.951909	-0.679610	0.733255	-0.021590	-0.693831	-0.652069	-0.305620
53794	9.542435	0.292415	-2.819059	-0.014715	-1.004133	0.348866	-0.247510	-0.196760	0.948696	-0.678662	0.734032	-0.024821	-0.691489	-0.649987	-0.315213
53795	9.589499	0.281807	-2.324934	-0.037174	-1.027234	0.361869	-0.257028	-0.200790	0.945315	-0.677498	0.734988	-0.028095	-0.689154	-0.647670	-0.324947
53796	9.603608	0.379671	-1.689827	-0.087247	-1.070397	0.383158	-0.266993	-0.204947	0.941654	-0.675895	0.736330	-0.031381	-0.686936	-0.644837	-0.335117
53797	9.564171	-0.013752	-1.668866	-0.194784	-1.110881	0.408020	-0.277341	-0.209104	0.937741	-0.673454	0.738422	-0.034519	-0.685231	-0.641099	-0.345616
53798	9.489135	0.011964	-1.227171	-0.181080	-1.198934	0.428455	-0.288425	-0.213654	0.933361	-0.671005	0.740486	-0.037849	-0.683054	-0.637207	-0.356938
53799	9.614930	-0.244421	-0.972910	-0.242154	-1.279414	0.448037	-0.300125	-0.218477	0.928543	-0.668043	0.742987	-0.041108	-0.680914	-0.632644	-0.368941
53800	9.588964	-0.218829	-0.787282	-0.182028	-1.376447	0.468167	-0.312594	-0.223723	0.923165	-0.665375	0.745169	-0.044716	-0.677909	-0.628229	-0.381795
53801	10.037650	-0.262394	-0.797113	-0.180413	-1.464748	0.482446	-0.325676	-0.229313	0.917252	-0.662624	0.747385	-0.048422	-0.674437	-0.623563	-0.395354
53802	10.065283	-0.624698	-1.557553	-0.156607	-1.514478	0.486222	-0.339064	-0.235128	0.910906	-0.659960	0.749486	-0.052193	-0.670439	-0.618858	-0.409299
53803	10.129648	-0.583568	-2.132878	-0.018119	-1.601648	0.484139	-0.352924	-0.241400	0.903975	-0.658173	0.750745	-0.056478	-0.665021	-0.614904	-0.423839
53804	10.539401	-0.336476	-2.899868	0.036682	-1.632673	0.504927	-0.367034	-0.247657	0.896634	-0.656605	0.751752	-0.061140	-0.658905	-0.611175	-0.438532
53805	10.331336	-0.146044	-3.342246	0.132115	-1.674206	0.525932	-0.381431	-0.253931	0.888836	-0.655513	0.752260	-0.066392	-0.651777	-0.607968	-0.453390
53806	10.678149	0.442279	-2.988323	0.253503	-1.758942	0.567146	-0.396516	-0.260373	0.880330	-0.654957	0.752177	-0.072535	-0.643277	-0.605340	-0.468784
53807	11.147704	0.808823	-2.411987	0.239316	-1.789636	0.619270	-0.411978	-0.266545	0.871337	-0.653994	0.752356	-0.079067	-0.634481	-0.602423	-0.484273
53808	11.468659	0.244534	-1.783562	0.189309	-1.841290	0.651213	-0.427803	-0.272740	0.861741	-0.652463	0.752971	-0.085595	-0.625521	-0.598872	-0.500076
53809	11.578082	-0.491110	-0.942865	0.338727	-1.955167	0.666975	-0.444253	-0.279423	0.851212	-0.651668	0.752781	-0.092998	-0.614791	-0.596023	-0.516516
53810	12.073125	-0.510128	0.733131	0.470816	-2.089044	0.680861	-0.461276	-0.286927	0.839582	-0.651700	0.751701	-0.101158	-0.602089	-0.593818	-0.533731
53811	12.242395	-1.018767	1.626345	0.399059	-2.169325	0.655665	-0.478445	-0.294869	0.827129	-0.651010	0.751237	-0.108757	-0.589301	-0.590504	-0.551388
53812	12.103744	-1.188525	1.742980	0.314533	-2.278378	0.565725	-0.495242	-0.304250	0.813737	-0.650381	0.750838	-0.115091	-0.575969	-0.586237	-0.569725
53813	12.917324	-0.577370	1.805750	0.487356	-2.409590	0.474244	-0.511997	-0.314796	0.799226	-0.650778	0.749450	-0.121708	-0.560667	-0.582433	-0.588579
53814	14.114237	0.778723	3.030905	0.547850	-2.461067	0.396635	-0.528005	-0.326319	0.784045	-0.652012	0.747317	-0.128056	-0.544143	-0.578821	-0.607350
53815	14.411209	2.604805	2.908759	0.396689	-2.443479	0.359790	-0.543432	-0.337736	0.768516	-0.652228	0.746216	-0.133266	-0.528470	-0.573669	-0.625798
53816	14.292414	3.072325	-0.631764	0.149983	-2.472815	0.375514	-0.558532	-0.349289	0.752356	-0.651287	0.746363	-0.136994	-0.513680	-0.566515	-0.644355
53817	13.723038	2.466045	-3.984022	0.183793	-2.642672	0.500487	-0.575124	-0.360441	0.734380	-0.649397	0.747095	-0.141888	-0.497510	-0.558508	-0.663742
53818	13.482518	1.458426	-5.556941	0.313759	-2.886338	0.607001	-0.592899	-0.372161	0.714120	-0.647715	0.747308	-0.148309	-0.478473	-0.550479	-0.684132
53819	13.314522	1.390635	-6.498735	0.415878	-2.917919	0.686933	-0.610983	-0.382998	0.692829	-0.645547	0.747618	-0.156002	-0.458223	-0.542568	-0.704025
53820	12.045127	1.318194	-7.714334	0.239680	-2.772197	0.782036	-0.628174	-0.392370	0.671895	-0.642160	0.749052	-0.162946	-0.439349	-0.533822	-0.722500
53821	10.519763	0.069992	-7.607874	0.017405	-2.531253	0.790512	-0.644124	-0.399848	0.652093	-0.637226	0.752080	-0.168281	-0.423140	-0.523925	-0.739227
53822	9.000238	-1.514502	-7.894828	-0.243727	-2.163882	0.711648	-0.657415	-0.405935	0.634840	-0.631872	0.755987	-0.170942	-0.410540	-0.513518	-0.753496
53823	7.850618	-2.818119	-7.660019	-0.199264	-1.670629	0.557643	-0.667679	-0.410243	0.621212	-0.627390	0.759266	-0.172907	-0.400731	-0.505189	-0.764329
53824	6.308615	-3.161242	-9.868556	-0.130362	-1.299615	0.415691	-0.675209	-0.413812	0.610616	-0.624348	0.761435	-0.174372	-0.392787	-0.498975	-0.772491
53825	5.606733	-3.708393	-11.999976	0.032433	-1.078893	0.233741	-0.680841	-0.417416	0.601847	-0.622911	0.762233	-0.176017	-0.385275	-0.494737	-0.778973
