// General information: 
//  MT Manager version: 2022.2.0 
//  XDA version: 2022.2.0 build 7381 rev 124627 built on 2023-07-19
// Device information: 
//  DeviceId: 00B4CB9F
//  ProductCode: MTW2-3A7G6
//  Firmware Version: 4.6.0
//  Hardware Version: 2.0.0
// Device settings: 
//  Filter Profile: human(46.1)
//  Option Flags: Orientation Smoother Disabled, Position/Velocity Smoother Disabled, Continuous Zero Rotation Update Disabled, AHS Disabled, ICC Disabled
// Coordinate system: ENU
PacketCounter	Acc_X	Acc_Y	Acc_Z	Gyr_X	Gyr_Y	Gyr_Z	Mat[1][1]	Mat[2][1]	Mat[3][1]	Mat[1][2]	Mat[2][2]	Mat[3][2]	Mat[1][3]	Mat[2][3]	Mat[3][3]
64283	9.401089	0.844313	1.982082	0.047038	0.061021	0.022607	0.098266	-0.202660	0.974306	0.557440	0.822241	0.114808	-0.824381	0.531836	0.193770
64284	9.448232	0.960172	2.022480	0.072694	0.037710	0.025605	0.098711	-0.202589	0.974276	0.556774	0.822712	0.114663	-0.824778	0.531133	0.194007
64285	9.534739	1.107828	1.974554	0.107154	0.047574	0.026041	0.099239	-0.202567	0.974227	0.555823	0.823367	0.114581	-0.825356	0.530127	0.194301
64286	9.592482	1.237079	1.926966	0.097498	0.036637	0.015792	0.099620	-0.202570	0.974187	0.554960	0.823949	0.114580	-0.825891	0.529220	0.194500
64287	9.619787	1.317860	1.861139	0.075086	0.029526	0.020466	0.099967	-0.202497	0.974167	0.554278	0.824420	0.114490	-0.826306	0.528514	0.194654
64288	9.554296	1.314666	1.675207	0.041745	0.013837	0.020822	0.100188	-0.202338	0.974178	0.553870	0.824716	0.114332	-0.826553	0.528113	0.194695
64289	9.537755	1.305190	1.623618	0.002024	-0.013127	0.019468	0.100177	-0.202047	0.974239	0.553792	0.824799	0.114110	-0.826607	0.528095	0.194518
64290	9.576367	1.182518	1.616033	-0.012400	-0.033666	0.015670	0.099977	-0.201679	0.974336	0.553837	0.824798	0.113897	-0.826601	0.528236	0.194158
64291	9.704440	1.084411	1.691231	-0.007698	-0.018706	0.013630	0.099888	-0.201407	0.974401	0.553844	0.824819	0.113713	-0.826607	0.528308	0.193937
64292	9.631325	0.975570	1.707541	-0.001841	-0.005516	0.009368	0.099885	-0.201240	0.974436	0.553808	0.824861	0.113581	-0.826632	0.528305	0.193839
64293	9.574139	0.966879	1.691928	0.014120	-0.009365	0.017494	0.099895	-0.200985	0.974488	0.553631	0.825005	0.113402	-0.826749	0.528179	0.193685
64294	9.572881	0.966470	1.656275	0.033011	-0.010509	0.021109	0.099915	-0.200695	0.974545	0.553295	0.825255	0.113223	-0.826971	0.527898	0.193499
64295	9.618920	0.992250	1.705544	0.049148	-0.007519	0.015769	0.099931	-0.200464	0.974591	0.552831	0.825579	0.113128	-0.827280	0.527479	0.193323
64296	9.680052	1.027867	1.772038	0.056740	0.000652	0.007823	0.099970	-0.200342	0.974612	0.552311	0.825927	0.113125	-0.827622	0.526980	0.193219
64297	9.685650	1.116680	1.826136	0.058616	0.010914	-0.000856	0.100046	-0.200345	0.974604	0.551784	0.826268	0.113210	-0.827965	0.526444	0.193212
64298	9.762116	1.223539	1.878033	0.058104	0.015887	-0.002767	0.100153	-0.200391	0.974583	0.551263	0.826601	0.113313	-0.828299	0.525903	0.193255
64299	9.589999	1.262980	1.801519	0.057539	0.016782	-0.001655	0.100273	-0.200432	0.974563	0.550746	0.826933	0.113403	-0.828628	0.525366	0.193306
64300	9.876309	1.393923	1.791520	0.040226	-0.007801	-0.008332	0.100153	-0.200399	0.974582	0.550379	0.827161	0.113526	-0.828886	0.525019	0.193138
64301	9.892452	1.495698	1.756948	0.037906	-0.019839	-0.013382	0.099905	-0.200344	0.974618	0.550034	0.827367	0.113693	-0.829145	0.524715	0.192854
64302	9.663412	1.527659	1.662206	0.013136	-0.024109	-0.007971	0.099652	-0.200223	0.974669	0.549891	0.827453	0.113759	-0.829270	0.524625	0.192558
64303	9.320297	1.420543	1.638336	-0.012946	-0.031047	0.013481	0.099458	-0.199888	0.974758	0.549943	0.827445	0.113566	-0.829259	0.524766	0.192223
64304	9.202999	1.222302	1.670447	-0.024560	-0.036050	0.025150	0.099288	-0.199430	0.974869	0.550079	0.827400	0.113238	-0.829189	0.525012	0.191853
64305	9.221401	1.105567	1.819065	-0.013052	-0.036142	0.023589	0.099108	-0.198983	0.974979	0.550120	0.827412	0.112946	-0.829184	0.525161	0.191468
64306	9.351620	1.036434	1.912003	0.010009	-0.024475	0.022180	0.099018	-0.198610	0.975064	0.549972	0.827542	0.112712	-0.829292	0.525098	0.191172
64307	9.559753	1.012207	2.123459	0.023851	-0.028782	0.012464	0.098838	-0.198294	0.975146	0.549717	0.827727	0.112599	-0.829483	0.524925	0.190817
64308	9.589365	0.877873	2.238069	0.048713	0.005293	0.018574	0.098975	-0.198108	0.975170	0.549252	0.828053	0.112474	-0.829775	0.524482	0.190767
64309	9.520477	0.963537	2.504267	0.086243	0.035140	0.020551	0.099369	-0.198061	0.975140	0.548474	0.828578	0.112402	-0.830242	0.523670	0.190966
64310	9.454465	1.110194	2.808660	0.144071	0.068931	0.010437	0.099989	-0.198274	0.975033	0.547224	0.829386	0.112539	-0.830992	0.522309	0.191430
64311	9.758293	1.294860	3.186218	0.186131	0.127966	-0.004745	0.101016	-0.198920	0.974796	0.545640	0.830379	0.112907	-0.831909	0.520482	0.192420
64312	9.240816	1.489796	3.278512	0.203217	0.199318	-0.029276	0.102505	-0.200138	0.974391	0.543936	0.831409	0.113548	-0.832842	0.518367	0.194086
64313	9.204727	1.646447	3.489488	0.157794	0.223616	-0.045035	0.104113	-0.201609	0.973917	0.542625	0.832168	0.114258	-0.833498	0.516576	0.196038
64314	9.042258	1.867523	3.708462	0.096089	0.232278	-0.060939	0.105709	-0.203254	0.973403	0.541845	0.832573	0.115005	-0.833804	0.515276	0.198143
64315	8.877355	2.056287	3.946193	-0.027843	0.253444	-0.070677	0.107430	-0.205089	0.972830	0.542109	0.832318	0.115601	-0.833412	0.514961	0.200596
64316	8.613199	2.202531	4.295059	-0.150764	0.298607	-0.085404	0.109443	-0.207277	0.972141	0.543415	0.831398	0.116091	-0.832300	0.515570	0.203628
64317	8.309222	2.175940	4.631117	-0.237800	0.384163	-0.096352	0.112104	-0.210002	0.971253	0.545456	0.830003	0.116504	-0.830609	0.516715	0.207593
64318	8.335558	2.167577	4.912576	-0.228249	0.485053	-0.126235	0.115429	-0.213497	0.970101	0.547450	0.828588	0.117214	-0.828839	0.517552	0.212522
64319	8.287818	2.355433	5.191837	-0.123285	0.621955	-0.158865	0.119701	-0.217973	0.968586	0.548614	0.827642	0.118454	-0.827463	0.517201	0.218653
64320	8.036937	2.841465	5.211183	-0.010410	0.694443	-0.171593	0.124493	-0.222919	0.966855	0.548866	0.827244	0.120057	-0.826588	0.515728	0.225339
64321	7.683820	3.487508	4.678296	0.016331	0.630959	-0.194528	0.128631	-0.227722	0.965193	0.548936	0.826921	0.121942	-0.825907	0.514144	0.231373
64322	7.974415	4.182245	3.958961	-0.093008	0.429393	-0.256244	0.130758	-0.231986	0.963890	0.549993	0.825888	0.124162	-0.824870	0.513898	0.235582
64323	8.750414	4.724844	3.299859	-0.387149	0.199249	-0.295491	0.130762	-0.235396	0.963063	0.553526	0.823236	0.126063	-0.822503	0.516596	0.237945
64324	9.859484	4.652212	2.905159	-0.822010	0.047922	-0.256623	0.129716	-0.237691	0.962640	0.560559	0.818390	0.126538	-0.817892	0.523202	0.239399
64325	10.425974	3.819575	2.468941	-1.114369	0.022525	-0.201248	0.128755	-0.239399	0.962346	0.569856	0.812063	0.125770	-0.811595	0.532205	0.240980
64326	10.715239	2.921682	2.384349	-1.325921	0.057835	-0.144195	0.128386	-0.240815	0.962042	0.580709	0.804625	0.123915	-0.803924	0.542758	0.243146
64327	10.370676	1.803817	2.028994	-1.453349	0.122531	-0.076828	0.128910	-0.242051	0.961662	0.592388	0.796504	0.121072	-0.795273	0.554069	0.246065
64328	9.245800	0.995431	0.730346	-1.417202	0.047429	-0.008045	0.129231	-0.242320	0.961551	0.603566	0.788590	0.117614	-0.786770	0.565161	0.248166
64329	8.483090	0.763147	-0.898477	-1.522626	-0.201820	0.069623	0.128073	-0.240569	0.962145	0.615347	0.780094	0.113140	-0.777782	0.577563	0.247942
64330	8.231520	0.569633	-2.729909	-1.643285	-0.536132	0.119998	0.124670	-0.236444	0.963614	0.627858	0.770812	0.107905	-0.768279	0.591560	0.244551
64331	9.217639	0.144866	-3.089947	-1.623196	-0.849096	0.139499	0.119068	-0.230238	0.965822	0.640043	0.761456	0.102615	-0.759057	0.605950	0.238028
64332	10.239498	-0.811788	-2.738125	-1.383533	-0.902938	0.142885	0.113169	-0.223567	0.968096	0.650285	0.753348	0.097957	-0.751213	0.618453	0.230638
64333	10.481511	-2.135958	-2.482884	-1.121880	-0.864367	0.139200	0.107613	-0.217077	0.970205	0.658484	0.746697	0.094031	-0.744861	0.628745	0.223296
64334	10.054741	-3.281763	-2.531184	-0.762591	-0.895053	0.180030	0.102154	-0.210014	0.972347	0.663921	0.742297	0.090575	-0.740792	0.636309	0.215261
64335	10.180544	-3.878897	-1.731696	-0.126270	-0.982759	0.258349	0.096587	-0.201771	0.974659	0.664562	0.742062	0.087763	-0.740965	0.639244	0.205763
64336	9.906899	-3.936541	-0.638883	0.516786	-0.969240	0.384381	0.091929	-0.192663	0.976949	0.660321	0.746156	0.085014	-0.745336	0.637285	0.195813
64337	9.657630	-3.956051	0.154673	0.937931	-0.962943	0.535628	0.088232	-0.182474	0.979244	0.652776	0.753152	0.081527	-0.752396	0.632033	0.185567
64338	10.004253	-3.467927	0.795163	1.291609	-0.951168	0.660523	0.085307	-0.171434	0.981495	0.642386	0.762468	0.077344	-0.761618	0.623901	0.175171
64339	11.388475	-2.546351	2.737707	1.604379	-0.928662	0.756665	0.082991	-0.159814	0.983652	0.629403	0.773681	0.072597	-0.772635	0.613089	0.164796
64340	12.938008	-1.459192	4.196112	1.927684	-0.733509	0.833743	0.082456	-0.148801	0.985424	0.613657	0.786687	0.067443	-0.785255	0.599151	0.156179
64341	11.950074	0.703373	4.215873	2.455414	-0.501222	0.784163	0.083210	-0.139549	0.986713	0.593498	0.802332	0.063422	-0.800522	0.580335	0.149584
64342	9.731072	3.865948	3.664131	3.094320	-0.399208	0.619728	0.083569	-0.132189	0.987695	0.567884	0.820785	0.061802	-0.818855	0.555732	0.143660
64343	8.982816	8.260975	3.662812	3.274981	-0.281359	0.304563	0.082919	-0.128072	0.988292	0.540468	0.838974	0.063376	-0.837268	0.528886	0.138786
64344	8.008109	13.381255	4.518208	2.317857	-0.280108	0.235750	0.081796	-0.124564	0.988834	0.520679	0.851337	0.064173	-0.849825	0.509616	0.134493
64345	7.500197	13.875078	3.892356	0.421923	-0.552433	0.407770	0.079196	-0.118222	0.989824	0.516716	0.854005	0.060657	-0.852486	0.506654	0.128721
64346	7.530327	10.671033	2.514711	-0.815982	-0.576874	0.321855	0.075952	-0.112473	0.990748	0.523365	0.850240	0.056401	-0.848717	0.514239	0.123442
64347	8.099120	7.954402	1.998041	-1.799347	-0.617142	0.241822	0.072012	-0.107152	0.991631	0.538333	0.841139	0.051797	-0.839650	0.530098	0.118256
64348	9.132693	4.079341	1.081920	-2.795766	-0.751656	0.433620	0.068131	-0.099400	0.992712	0.561257	0.826458	0.044233	-0.824832	0.554154	0.112096
64349	9.676954	0.214733	0.236062	-3.486473	-0.808009	0.688384	0.065493	-0.089129	0.993865	0.589176	0.807307	0.033573	-0.805346	0.583363	0.105385
64350	9.510309	-4.250062	-1.139429	-3.762751	-0.806703	0.656952	0.063047	-0.079004	0.994879	0.618605	0.785361	0.023164	-0.783169	0.613976	0.098387
64351	9.337541	-8.416510	-3.098204	-2.414361	-0.745945	0.195089	0.058477	-0.072781	0.995632	0.637179	0.770484	0.018899	-0.768494	0.633291	0.091430
64352	9.378064	-6.860302	-2.033769	-1.005254	-0.701793	0.277561	0.054881	-0.066115	0.996302	0.644679	0.764302	0.015207	-0.762481	0.641460	0.084569
64353	9.160241	-6.842461	-1.884680	-0.514670	-0.663483	0.423405	0.052565	-0.058558	0.996899	0.648331	0.761286	0.010533	-0.759542	0.645766	0.077982
64354	9.638105	-5.731688	-0.505631	0.298161	-0.541675	0.452297	0.051369	-0.051555	0.997348	0.645790	0.763490	0.006204	-0.761785	0.643759	0.072513
64355	9.697457	-4.764265	0.553987	0.748783	-0.442751	0.438450	0.050800	-0.045298	0.997681	0.639806	0.768533	0.002316	-0.766856	0.638204	0.068023
64356	9.926098	-3.583220	1.379221	1.154363	-0.451251	0.397629	0.049845	-0.039304	0.997983	0.630672	0.776049	-0.000936	-0.774447	0.629447	0.063470
64357	10.908478	-2.127136	2.235261	1.440245	-0.437634	0.360197	0.048683	-0.033700	0.998246	0.619236	0.785196	-0.003692	-0.783694	0.618329	0.059094
64358	11.154446	-0.606841	2.803515	1.495108	-0.354009	0.312788	0.047806	-0.028999	0.998436	0.607259	0.794481	-0.006001	-0.793064	0.606596	0.055590
64359	10.394185	0.659483	3.295633	1.282191	-0.264550	0.235437	0.047111	-0.025466	0.998565	0.596890	0.802286	-0.007700	-0.800939	0.596396	0.052997
64360	9.376797	1.297724	3.553087	0.847269	-0.287735	0.189154	0.045915	-0.022175	0.998699	0.589955	0.807384	-0.009196	-0.806130	0.589610	0.050153
64361	9.277379	1.187718	3.542430	0.407335	-0.346823	0.168657	0.044102	-0.018712	0.998852	0.586551	0.809841	-0.010727	-0.808710	0.586351	0.046691
64362	9.167909	0.641334	3.159679	0.183819	-0.329079	0.118304	0.042125	-0.015764	0.998988	0.584974	0.810965	-0.011870	-0.809957	0.584882	0.043383
64363	9.118551	0.166823	2.545432	-0.038147	-0.368144	0.081867	0.039618	-0.012887	0.999132	0.585211	0.810781	-0.012747	-0.809913	0.585208	0.039663
64364	9.857341	-0.305105	1.609226	-0.211472	-0.447109	0.022076	0.036122	-0.010025	0.999297	0.586875	0.809572	-0.013092	-0.808871	0.586936	0.035127
64365	10.019274	-0.430337	0.759612	-0.273980	-0.431042	-0.034790	0.032431	-0.007714	0.999444	0.589063	0.807985	-0.012878	-0.807436	0.589153	0.030747
64366	9.830338	-0.487539	0.288795	-0.342428	-0.415450	-0.059689	0.028721	-0.005680	0.999571	0.591805	0.805986	-0.012425	-0.805570	0.591908	0.026510
64367	9.605882	-0.507967	-0.276190	-0.349619	-0.411614	-0.067385	0.025007	-0.003721	0.999680	0.594598	0.803935	-0.011881	-0.803634	0.594705	0.022317
64368	9.552316	-0.618192	-0.782196	-0.356809	-0.428310	-0.070418	0.021143	-0.001671	0.999775	0.597440	0.801834	-0.011294	-0.801634	0.597545	0.017952
64369	9.819686	-1.027052	-1.096538	-0.346144	-0.479100	-0.057625	0.016960	0.000796	0.999856	0.600186	0.799788	-0.010817	-0.799681	0.600283	0.013087
64370	9.917601	-1.569477	-1.184803	-0.274853	-0.530127	-0.042840	0.012461	0.003704	0.999915	0.602351	0.798163	-0.010463	-0.798134	0.602430	0.007715
64371	9.715462	-2.097804	-1.136424	-0.149453	-0.568289	-0.022496	0.007790	0.007011	0.999945	0.603508	0.797290	-0.010292	-0.797319	0.603556	0.001980
64372	9.546787	-2.486120	-0.810962	-0.001365	-0.618347	-0.002539	0.002839	0.010785	0.999938	0.603483	0.797309	-0.010313	-0.797371	0.603475	-0.004245
64373	9.511641	-2.720720	-0.298754	0.172257	-0.634808	0.006050	-0.002192	0.014721	0.999889	0.602072	0.798373	-0.010435	-0.798439	0.601983	-0.010613
64374	9.367807	-2.731679	0.328668	0.309389	-0.613240	0.015909	-0.007004	0.018594	0.999803	0.599564	0.800256	-0.010683	-0.800296	0.599371	-0.016753
64375	9.184621	-2.634800	0.896453	0.397786	-0.615564	0.010424	-0.011876	0.022419	0.999678	0.596341	0.802657	-0.010916	-0.802643	0.596019	-0.022902
64376	9.598061	-2.526559	1.454279	0.455835	-0.628357	-0.013978	-0.017018	0.026102	0.999514	0.592638	0.805394	-0.010942	-0.805289	0.592164	-0.029175
64377	10.398013	-2.147198	2.003792	0.532311	-0.623039	-0.055692	-0.022374	0.029391	0.999318	0.588297	0.808575	-0.010609	-0.808335	0.587658	-0.035381
64378	10.913029	-1.356369	2.611969	0.520175	-0.559060	-0.121361	-0.027620	0.031743	0.999114	0.584019	0.811683	-0.009643	-0.811270	0.583235	-0.040957
64379	11.014336	-0.632624	3.198555	0.448198	-0.485146	-0.220036	-0.032842	0.032837	0.998921	0.580276	0.814384	-0.007692	-0.813758	0.579397	-0.045800
64380	10.983639	-0.000130	4.086764	0.301395	-0.382907	-0.301619	-0.037715	0.032653	0.998755	0.577679	0.816250	-0.004872	-0.815392	0.576776	-0.049648
64381	10.757531	0.140380	5.067958	0.112197	-0.284583	-0.363676	-0.042133	0.031384	0.998619	0.576584	0.817037	-0.001351	-0.815951	0.575731	-0.052520
64382	10.284547	0.035081	6.006671	-0.029409	-0.137801	-0.380440	-0.045459	0.029132	0.998541	0.576622	0.817007	0.002415	-0.815745	0.575891	-0.053938
64383	9.795346	-0.053360	7.057731	-0.133007	0.005933	-0.370129	-0.047542	0.026134	0.998527	0.577501	0.816367	0.006129	-0.815005	0.576942	-0.053904
64384	8.936592	0.251600	7.161878	-0.207229	0.123882	-0.343562	-0.048527	0.022678	0.998564	0.578989	0.815279	0.009622	-0.813890	0.578625	-0.052694
64385	7.972357	1.280294	5.230172	-0.199932	0.035638	-0.342980	-0.050218	0.019734	0.998543	0.580412	0.814217	0.013098	-0.812773	0.580225	-0.052343
64386	8.590574	2.795861	3.168025	-0.175166	-0.206757	-0.450804	-0.054524	0.017329	0.998362	0.581564	0.813309	0.017644	-0.811671	0.581574	-0.054423
64387	10.644749	4.823547	2.098445	-0.358433	-0.295146	-0.565652	-0.060204	0.014510	0.998081	0.584113	0.811334	0.023438	-0.809437	0.584402	-0.057321
64388	11.276043	5.968228	2.194784	-1.087216	-0.202417	-0.581488	-0.065264	0.011065	0.997807	0.592479	0.805034	0.029825	-0.802938	0.593126	-0.059095
64389	11.232977	4.287721	3.134520	-1.891115	-0.135284	-0.566030	-0.069727	0.007405	0.997539	0.607142	0.793752	0.036547	-0.791528	0.608196	-0.059842
64390	11.744135	1.984194	4.360838	-2.210610	0.102819	-0.607871	-0.072667	0.002049	0.997354	0.624026	0.780171	0.043864	-0.778017	0.625562	-0.057972
64391	14.650127	0.266841	5.391705	-2.446039	0.324761	-0.618367	-0.074067	-0.004740	0.997242	0.642388	0.764658	0.051346	-0.762792	0.644419	-0.053591
64392	16.356578	-0.995629	4.347005	-2.223212	0.955197	-0.716382	-0.071509	-0.016339	0.997306	0.658642	0.750099	0.059514	-0.749051	0.661123	-0.042877
64393	13.529907	0.399016	3.137673	-1.335396	1.634093	-0.837254	-0.064866	-0.033414	0.997334	0.667994	0.741028	0.068273	-0.741334	0.670642	-0.025748
64394	9.018266	1.812240	2.965457	-0.350794	1.861079	-0.777618	-0.056283	-0.051601	0.997080	0.670090	0.738375	0.076038	-0.740143	0.672414	-0.006980
64395	7.189244	3.541864	2.882531	0.725826	1.463606	-0.724414	-0.050222	-0.066715	0.996507	0.664283	0.742835	0.083211	-0.745792	0.666142	0.007011
64396	9.762821	6.366478	2.686349	0.507476	1.093116	-0.800238	-0.047348	-0.079865	0.995681	0.660066	0.745651	0.091198	-0.749714	0.661533	0.017411
64397	11.755122	5.949704	1.381750	-1.015336	1.042655	-0.829012	-0.045046	-0.092903	0.994656	0.667234	0.738217	0.099169	-0.743485	0.668135	0.028734
64398	11.226866	2.476844	0.354055	-1.881365	1.165987	-0.969064	-0.042979	-0.107793	0.993244	0.680650	0.724591	0.108089	-0.731347	0.680697	0.042227
64399	10.575760	-0.526293	-0.065982	-2.284762	1.262414	-0.991008	-0.040647	-0.123535	0.991507	0.696744	0.707756	0.116744	-0.716167	0.695573	0.057304
64400	11.306498	-3.750117	-1.303551	-2.489153	1.249607	-0.862381	-0.037884	-0.138287	0.989667	0.713991	0.689154	0.123627	-0.699129	0.711297	0.072628
64401	12.147588	-6.758844	-2.780282	-1.839592	1.404894	-0.629188	-0.032659	-0.152601	0.987748	0.726487	0.675093	0.128319	-0.686404	0.721777	0.088815
64402	12.802766	-7.265437	-1.709727	-0.829865	1.477012	-0.337387	-0.025017	-0.165491	0.985894	0.732033	0.668594	0.130805	-0.680810	0.724979	0.104418
64403	12.973141	-7.181812	-1.034403	-0.137061	1.522818	0.037269	-0.014356	-0.176220	0.984246	0.732947	0.667703	0.130237	-0.680135	0.723270	0.119575
64404	12.464089	-6.118681	-1.157113	0.563818	1.516616	0.300751	-0.001804	-0.185064	0.982725	0.729093	0.672347	0.127953	-0.684412	0.716729	0.133716
64405	11.940784	-4.163478	-1.302045	1.036295	1.463560	0.447319	0.011541	-0.192404	0.981248	0.721913	0.680607	0.124963	-0.691887	0.706934	0.146753
64406	11.532083	-2.151137	-1.126739	1.477327	1.379996	0.474680	0.024567	-0.198752	0.979742	0.711496	0.691925	0.122524	-0.702260	0.694073	0.158409
64407	11.279038	0.218873	-1.952735	2.025441	1.304782	0.420036	0.036805	-0.204706	0.978131	0.696974	0.706699	0.121674	-0.716152	0.677253	0.168685
64408	11.116466	3.428879	-2.409036	2.502241	1.372178	0.181001	0.047993	-0.212501	0.975981	0.678732	0.723804	0.124218	-0.732816	0.656468	0.178969
64409	10.576366	6.670694	-0.423154	2.013672	1.458455	-0.168279	0.057667	-0.223118	0.973084	0.663904	0.736514	0.129531	-0.745591	0.638565	0.190601
64410	9.682037	6.860088	0.535386	0.873131	1.259671	0.091121	0.067692	-0.230369	0.970746	0.657278	0.742295	0.130322	-0.750602	0.629228	0.201663
64411	8.654371	5.372027	-1.187743	0.366184	1.098758	0.076124	0.076465	-0.236633	0.968586	0.654438	0.744804	0.130297	-0.752239	0.623916	0.211813
64412	8.575342	5.413185	-0.888222	-0.077974	0.903614	-0.037134	0.083012	-0.242479	0.966599	0.655016	0.744269	0.130452	-0.751042	0.622308	0.220611
64413	9.216095	3.717780	-0.520204	-0.470131	0.699929	-0.044047	0.087983	-0.247114	0.964984	0.658541	0.741269	0.129783	-0.747384	0.624063	0.227954
64414	9.675031	2.205285	-0.389277	-0.488294	0.602191	0.009743	0.092536	-0.250746	0.963620	0.662134	0.738281	0.128526	-0.743650	0.626153	0.234345
64415	9.937434	0.986929	-0.688849	-0.449227	0.625869	0.060915	0.097598	-0.254167	0.962223	0.665374	0.735657	0.126832	-0.740103	0.627860	0.240915
64416	9.338679	-0.010270	-1.028815	-0.329367	0.714110	0.091405	0.103481	-0.257921	0.960608	0.667677	0.733862	0.125115	-0.737224	0.628429	0.248149
64417	8.719048	-0.385816	-0.827752	-0.159688	0.793772	0.098930	0.110001	-0.262125	0.958744	0.668711	0.733156	0.123724	-0.735340	0.627513	0.255934
64418	8.311726	-0.324264	-0.289155	-0.085258	0.860205	0.141290	0.117265	-0.266419	0.956697	0.669138	0.733036	0.122116	-0.733827	0.625843	0.264231
64419	8.179011	-0.295814	0.211116	-0.108977	0.914781	0.209194	0.125383	-0.270547	0.954507	0.669647	0.732956	0.119786	-0.732019	0.624164	0.273072
64420	8.306098	-0.218761	0.659904	-0.110613	0.984474	0.291618	0.134534	-0.274485	0.952134	0.670037	0.733102	0.116667	-0.730035	0.622270	0.282542
64421	8.452749	-0.162999	1.132877	-0.191667	1.043919	0.368447	0.144624	-0.278215	0.949568	0.670883	0.732969	0.112574	-0.727324	0.620768	0.292655
64422	8.712080	-0.260054	1.735561	-0.350648	1.138036	0.450616	0.155907	-0.281915	0.946687	0.672709	0.732096	0.107225	-0.723295	0.620128	0.303785
64423	8.930236	-0.391526	2.556519	-0.528218	1.210454	0.516263	0.168123	-0.285591	0.943490	0.675641	0.730325	0.100672	-0.717805	0.620535	0.315741
64424	9.373761	-0.591476	3.483958	-0.708929	1.277306	0.593807	0.181272	-0.289138	0.939968	0.679627	0.727668	0.092768	-0.710807	0.622012	0.328412
64425	9.060664	-0.913515	4.168153	-0.768192	1.358206	0.655866	0.195360	-0.292776	0.936011	0.683784	0.724832	0.084004	-0.703046	0.623619	0.341799
64426	8.768610	-1.085549	5.006626	-0.692187	1.371680	0.697296	0.209735	-0.296230	0.931804	0.687171	0.722608	0.075053	-0.695562	0.624568	0.355117
64427	8.249729	-0.945449	5.578297	-0.439434	1.346136	0.673420	0.223708	-0.299710	0.927431	0.688716	0.721913	0.067167	-0.689655	0.623711	0.367912
64428	7.722731	-0.208721	6.066109	-0.166215	1.262259	0.612789	0.236610	-0.303080	0.923124	0.688407	0.722768	0.060850	-0.685647	0.621087	0.379656
64429	7.340769	0.586685	6.046760	0.005246	1.119916	0.508996	0.247793	-0.306275	0.919127	0.687098	0.724392	0.056146	-0.683004	0.617618	0.389940
64430	7.252467	1.369530	5.580259	0.096746	0.972614	0.398448	0.257165	-0.309315	0.915527	0.685390	0.726256	0.052848	-0.681254	0.613903	0.398769
64431	7.354715	2.062719	5.179485	0.129814	0.869465	0.287071	0.265066	-0.312493	0.912189	0.683716	0.727984	0.050713	-0.679906	0.610236	0.406620
64432	7.601615	2.600586	4.888473	0.068244	0.820478	0.228199	0.272200	-0.315765	0.908955	0.682596	0.729159	0.048892	-0.678211	0.607141	0.414017
64433	7.867317	2.944756	4.815163	-0.071398	0.830711	0.236304	0.279453	-0.319021	0.905611	0.682386	0.729517	0.046417	-0.675466	0.605005	0.421561
64434	7.769073	2.570374	4.979449	-0.255805	0.875041	0.289066	0.287323	-0.322144	0.902036	0.683246	0.728939	0.042694	-0.671283	0.604045	0.429544
64435	7.848900	1.883558	5.298793	-0.335236	0.911791	0.330516	0.295700	-0.325187	0.898229	0.684482	0.728026	0.038235	-0.666367	0.603516	0.437862
64436	7.952212	1.166652	5.802070	-0.375723	0.931920	0.363191	0.304377	-0.328109	0.894259	0.685842	0.726988	0.033297	-0.661041	0.603186	0.446309
64437	8.173462	0.217173	6.155374	-0.369565	0.922355	0.407647	0.313267	-0.330656	0.890242	0.686974	0.726144	0.027967	-0.655691	0.602812	0.454629
64438	8.449504	-0.704318	6.275175	-0.220797	0.918041	0.477996	0.322554	-0.332652	0.886172	0.686853	0.726443	0.022688	-0.651301	0.601351	0.462800
64439	8.734753	-1.373082	6.333436	0.012149	0.931932	0.559162	0.332465	-0.334122	0.881947	0.684899	0.728421	0.017774	-0.648367	0.598135	0.471014
64440	8.770457	-1.721794	6.358469	0.282116	0.981826	0.631986	0.343145	-0.335293	0.877400	0.680892	0.732259	0.013537	-0.647023	0.592769	0.479569
64441	8.494568	-1.764294	6.489023	0.530107	1.051381	0.668462	0.354500	-0.336521	0.872401	0.675086	0.737668	0.010228	-0.646984	0.585320	0.488684
64442	7.911958	-1.428445	6.560943	0.703020	1.111296	0.670031	0.366198	-0.337953	0.866999	0.668074	0.744053	0.007852	-0.647747	0.576344	0.498248
64443	7.176353	-0.881109	6.560017	0.823029	1.138743	0.632292	0.377802	-0.339680	0.861326	0.660340	0.750938	0.006503	-0.649012	0.566312	0.508010
64444	6.430530	-0.153151	6.452043	0.924984	1.148178	0.537469	0.388794	-0.342006	0.855495	0.652221	0.758000	0.006617	-0.650728	0.555399	0.517769
64445	5.812746	0.573800	6.219601	0.973508	1.115008	0.423730	0.398828	-0.344858	0.849711	0.644162	0.764847	0.008066	-0.652681	0.544135	0.527186
64446	5.564805	1.263772	5.994951	0.956632	1.036609	0.303187	0.407548	-0.348055	0.844253	0.636638	0.771091	0.010568	-0.654674	0.533176	0.535841
64447	5.736907	1.883991	5.804261	0.877622	0.932622	0.177421	0.414805	-0.351558	0.839252	0.630108	0.776385	0.013789	-0.656431	0.523099	0.543568
64448	6.244549	2.294185	5.593675	0.758160	0.816650	0.072065	0.420625	-0.355175	0.834821	0.624775	0.780613	0.017318	-0.657823	0.514291	0.550249
64449	6.785072	2.451834	5.280288	0.628546	0.715319	-0.014433	0.425263	-0.358890	0.830873	0.620651	0.783809	0.020896	-0.658744	0.506796	0.556070
64450	7.098077	2.319257	4.916685	0.520181	0.640086	-0.047718	0.429187	-0.362431	0.827311	0.617377	0.786296	0.024184	-0.659276	0.500383	0.561224
64451	7.194509	1.935311	4.567783	0.444945	0.575442	-0.047702	0.432705	-0.365622	0.824067	0.614600	0.788374	0.027068	-0.659570	0.494759	0.565845
64452	7.051847	1.572213	4.241552	0.397484	0.520916	-0.027382	0.435974	-0.368344	0.821127	0.612047	0.790270	0.029538	-0.659792	0.489690	0.569981
64453	6.883092	1.232560	4.128794	0.349574	0.459461	0.009446	0.439081	-0.370462	0.818515	0.609650	0.792047	0.031444	-0.659951	0.485201	0.573625
64454	6.717400	0.813413	4.115742	0.370757	0.410231	0.058472	0.442145	-0.371922	0.816199	0.606894	0.794094	0.033087	-0.660445	0.480717	0.576822
64455	6.420628	0.633064	4.151938	0.431780	0.353919	0.100023	0.445106	-0.372772	0.814200	0.603548	0.796569	0.034753	-0.661522	0.475939	0.579544
64456	6.032113	0.730364	4.102788	0.496338	0.274814	0.129049	0.447703	-0.372987	0.812677	0.599633	0.799439	0.036574	-0.663327	0.470933	0.581566
64457	5.610074	0.840946	3.411923	0.500295	0.135854	0.163568	0.449599	-0.372266	0.811960	0.595525	0.802431	0.038143	-0.665741	0.466393	0.582465
64458	4.986516	0.947966	2.586995	0.464688	-0.092524	0.209180	0.450222	-0.370098	0.812606	0.591431	0.805405	0.039137	-0.668961	0.462980	0.581498
64459	4.662880	1.288678	1.872919	0.341413	-0.442504	0.235016	0.448653	-0.366109	0.815276	0.588035	0.807886	0.039189	-0.672997	0.461828	0.577745
64460	5.429405	1.795010	1.593282	0.058596	-0.764388	0.237894	0.444890	-0.360589	0.819785	0.586525	0.809059	0.037569	-0.676802	0.464110	0.571437
64461	6.217733	1.835432	1.403662	-0.269784	-0.987630	0.256130	0.439708	-0.353858	0.825494	0.587172	0.808751	0.033918	-0.679622	0.469793	0.563390
64462	7.576570	1.672500	2.345988	-0.533881	-1.204650	0.268238	0.433085	-0.345923	0.832331	0.589584	0.807197	0.028700	-0.681783	0.478300	0.553536
64463	9.512688	1.434269	3.844830	-0.736516	-1.306378	0.293229	0.425917	-0.337196	0.839580	0.593301	0.804674	0.022197	-0.683073	0.488670	0.542783
64464	9.914337	0.764554	4.812076	-0.699438	-1.278241	0.329550	0.419136	-0.328180	0.846536	0.596640	0.802356	0.015644	-0.684357	0.498520	0.532102
64465	9.648676	0.550393	4.780065	-0.527954	-1.321684	0.368267	0.412289	-0.318534	0.853554	0.598679	0.800930	0.009718	-0.686732	0.506998	0.520914
64466	9.677632	0.559671	4.806100	-0.517791	-1.500990	0.395970	0.404331	-0.307630	0.861325	0.600576	0.799560	0.003643	-0.689801	0.515818	0.508042
64467	11.774655	0.474298	6.317136	-0.649922	-1.584931	0.457061	0.396141	-0.295677	0.869280	0.603188	0.797591	-0.003587	-0.692269	0.525761	0.494307
64468	13.774075	-0.615822	8.644816	-0.803276	-1.344308	0.611178	0.390526	-0.283613	0.875816	0.606297	0.795134	-0.012862	-0.692743	0.536027	0.482475
64469	12.847812	-2.400441	9.140372	-0.360227	-0.942950	0.687113	0.388164	-0.273020	0.880221	0.606071	0.795143	-0.020637	-0.694267	0.541487	0.474115
64470	10.986567	-2.209830	9.684965	0.571940	-0.832330	0.527416	0.385537	-0.264257	0.884042	0.599991	0.799687	-0.022618	-0.700980	0.539137	0.466860
64471	9.773823	-0.042196	8.908283	1.275331	-0.837855	0.376567	0.381870	-0.256698	0.887852	0.589487	0.807528	-0.020067	-0.711814	0.531041	0.459691
64472	8.804737	2.755453	5.980013	1.925423	-0.844131	0.175038	0.376816	-0.250790	0.891692	0.574928	0.818103	-0.012864	-0.726270	0.517506	0.452460
64473	8.413679	5.763071	2.239125	2.007377	-0.905754	-0.127139	0.369460	-0.247165	0.895773	0.560624	0.828066	-0.002745	-0.741081	0.503206	0.444504
64474	8.088462	9.267302	-1.713840	0.971948	-1.037161	-0.179214	0.360721	-0.243403	0.900353	0.553979	0.832525	0.003118	-0.750325	0.497652	0.435150
64475	8.562072	10.912394	-2.673690	-0.733216	-1.442261	0.272873	0.351416	-0.233843	0.906545	0.558463	0.829526	-0.002508	-0.751416	0.507153	0.422101
64476	9.862239	7.548504	-1.789414	-1.883389	-1.437816	0.351834	0.342634	-0.223453	0.912508	0.571291	0.820635	-0.013556	-0.745807	0.525953	0.408834
64477	9.735037	3.855482	0.109767	-2.399579	-1.281785	0.373409	0.335302	-0.213481	0.917605	0.587758	0.808598	-0.026652	-0.736283	0.548266	0.396599
64478	10.753374	0.280078	0.887916	-3.160017	-1.534824	0.634020	0.327896	-0.199711	0.923363	0.608658	0.792166	-0.044806	-0.722509	0.576705	0.381304
64479	11.710690	-4.583958	-0.192861	-3.624637	-1.558724	0.708234	0.321167	-0.184891	0.928799	0.632187	0.772092	-0.064907	-0.705118	0.608021	0.364856
64480	10.991810	-8.184632	-1.797995	-1.888979	-1.279321	0.101612	0.312846	-0.176164	0.933324	0.645063	0.760668	-0.072647	-0.697152	0.624780	0.351609
64481	11.069139	-5.750127	0.757800	-0.778831	-1.260207	0.143539	0.305003	-0.167101	0.937577	0.649998	0.756055	-0.076701	-0.696043	0.632818	0.339214
64482	10.114312	-6.597288	-0.178192	-0.455512	-1.240599	0.281328	0.298195	-0.157032	0.941499	0.652277	0.753652	-0.080891	-0.696861	0.638239	0.327163
64483	10.548075	-5.010110	0.580374	0.134064	-1.273109	0.294250	0.291217	-0.146628	0.945353	0.650426	0.754992	-0.083262	-0.701526	0.639130	0.315237
64484	10.531052	-4.011199	1.004695	0.395577	-1.252935	0.349557	0.284655	-0.135921	0.948945	0.646586	0.758048	-0.085379	-0.707741	0.637879	0.303667
64485	9.418854	-3.579530	1.034302	0.554130	-1.172044	0.364500	0.278673	-0.125635	0.952133	0.641573	0.762087	-0.087220	-0.714651	0.635168	0.292977
64486	9.328063	-3.376166	1.120021	0.632067	-1.237696	0.308648	0.271753	-0.115373	0.955426	0.636137	0.766498	-0.088379	-0.722136	0.631799	0.281691
64487	9.778484	-3.016873	1.142490	0.751665	-1.226602	0.224774	0.264273	-0.105864	0.958620	0.630030	0.771513	-0.088486	-0.730220	0.627344	0.270588
64488	9.842495	-2.517059	1.246341	0.851656	-1.173305	0.164164	0.256683	-0.097202	0.961595	0.623302	0.777033	-0.087835	-0.738653	0.621910	0.260037
64489	9.650986	-2.029636	1.051917	0.893450	-1.156529	0.131979	0.248913	-0.088956	0.964432	0.616285	0.782718	-0.086863	-0.747151	0.615986	0.249651
64490	9.664790	-1.664448	1.224498	0.835977	-1.169691	0.104248	0.240762	-0.080902	0.967206	0.609704	0.787965	-0.085861	-0.755178	0.610382	0.239039
64491	9.974995	-1.557790	1.301544	0.776204	-1.184167	0.095209	0.232355	-0.072894	0.969896	0.603542	0.792787	-0.085006	-0.762724	0.605125	0.228202
64492	9.907304	-1.485610	1.378405	0.724980	-1.203036	0.115039	0.223822	-0.064667	0.972482	0.597679	0.797265	-0.084544	-0.769859	0.600155	0.217096
64493	10.045197	-1.392843	1.731170	0.636571	-1.260475	0.162525	0.215045	-0.055770	0.975010	0.592355	0.801200	-0.084819	-0.776448	0.595792	0.205330
64494	9.601983	-1.394515	1.864239	0.503723	-1.311421	0.203627	0.206021	-0.046282	0.977453	0.587955	0.804326	-0.085840	-0.782217	0.592383	0.192920
64495	9.197358	-1.032271	1.977322	0.399759	-1.350693	0.227036	0.196752	-0.036410	0.979777	0.584316	0.806811	-0.087356	-0.787314	0.589687	0.180016
64496	8.845953	-0.554503	2.192125	0.333821	-1.394971	0.170564	0.186724	-0.026759	0.982048	0.581308	0.808858	-0.088488	-0.791969	0.587395	0.166589
64497	9.116253	0.168966	2.546478	0.237807	-1.267998	0.081886	0.177133	-0.018599	0.984011	0.579226	0.810299	-0.088952	-0.795689	0.585721	0.154304
64498	8.554415	0.895677	2.910123	0.086722	-1.170283	-0.032512	0.167611	-0.011949	0.985781	0.578547	0.810829	-0.088542	-0.798242	0.585161	0.142817
64499	8.771363	1.273277	3.486334	-0.295595	-1.117056	-0.092829	0.158155	-0.006091	0.987396	0.581014	0.809115	-0.088072	-0.798380	0.587619	0.131504
64500	9.122310	0.068975	3.324303	-0.766712	-1.113988	-0.102315	0.148672	-0.000274	0.988886	0.587238	0.804609	-0.088065	-0.795643	0.593805	0.119784
64501	9.444694	-1.336267	2.822599	-0.812475	-1.040697	-0.133062	0.139624	0.004930	0.990192	0.593838	0.799789	-0.087717	-0.792377	0.600261	0.108742
64502	9.689363	-2.050991	2.523943	-0.720062	-0.983466	-0.140956	0.130999	0.009799	0.991334	0.599682	0.795484	-0.087108	-0.789444	0.605896	0.098331
64503	9.801160	-2.546646	2.230568	-0.655364	-0.907717	-0.128742	0.123073	0.014358	0.992294	0.604968	0.791539	-0.086487	-0.786681	0.610950	0.088731
64504	9.760615	-2.755275	1.844815	-0.447044	-0.817844	-0.121371	0.115904	0.018472	0.993089	0.608584	0.788847	-0.085702	-0.784978	0.614311	0.080189
64505	9.240792	-2.358645	1.402887	-0.258716	-0.743925	-0.106432	0.109423	0.022268	0.993746	0.610693	0.787304	-0.084887	-0.784271	0.616162	0.072550
64506	8.729304	-1.833370	0.926042	-0.162116	-0.711114	-0.105117	0.103199	0.025889	0.994324	0.612035	0.786357	-0.083996	-0.784068	0.617230	0.065306
64507	8.288337	-1.443303	0.247861	-0.137671	-0.767619	-0.108138	0.096524	0.029839	0.994883	0.613182	0.785563	-0.083052	-0.784022	0.618061	0.057529
64508	9.068806	-1.269742	-0.426292	-0.211847	-0.918596	-0.140461	0.088456	0.034482	0.995483	0.614933	0.784324	-0.081810	-0.783603	0.619392	0.048174
64509	9.811569	-1.182608	-1.224625	-0.266758	-0.998599	-0.190096	0.079470	0.039246	0.996064	0.617142	0.782766	-0.080079	-0.782828	0.621077	0.037986
64510	10.482211	-1.129388	-1.400441	-0.338341	-1.055211	-0.213090	0.069893	0.044207	0.996574	0.619908	0.780777	-0.078111	-0.781555	0.623244	0.027167
64511	10.183031	-1.289767	-1.133939	-0.340019	-1.099610	-0.227389	0.059899	0.049359	0.996983	0.622673	0.778786	-0.075967	-0.780186	0.625345	0.015914
64512	10.020724	-1.326388	-0.622545	-0.317830	-1.153193	-0.239459	0.049412	0.054781	0.997275	0.625243	0.776946	-0.073657	-0.778864	0.627179	0.004139
64513	10.019966	-1.278971	-0.004570	-0.284630	-1.184032	-0.251143	0.038629	0.060327	0.997431	0.627531	0.775329	-0.071197	-0.777633	0.628669	-0.007907
64514	10.332674	-1.106693	0.796378	-0.242978	-1.208225	-0.272042	0.027527	0.065884	0.997448	0.629472	0.773998	-0.068496	-0.776535	0.629751	-0.020167
64515	11.060587	-0.587955	1.913814	-0.198939	-1.192051	-0.302149	0.016377	0.071119	0.997333	0.631046	0.772976	-0.065483	-0.775572	0.630436	-0.032220
64516	10.956667	-0.257993	2.926084	-0.190763	-1.093456	-0.322261	0.005863	0.075589	0.997122	0.632525	0.772035	-0.062245	-0.774518	0.631069	-0.043285
64517	10.349954	-0.441637	3.912773	-0.242497	-1.024443	-0.317655	-0.004069	0.079668	0.996813	0.634369	0.770775	-0.059013	-0.773020	0.632107	-0.053675
64518	10.117031	-0.548144	4.759522	-0.317338	-0.932389	-0.350209	-0.013496	0.082935	0.996464	0.636753	0.769076	-0.055386	-0.770949	0.633754	-0.063188
64519	10.655426	-0.388269	5.591202	-0.445144	-0.797937	-0.412369	-0.022258	0.084894	0.996141	0.640071	0.766619	-0.051032	-0.767994	0.636465	-0.071402
64520	11.468577	-0.111125	6.337945	-0.561386	-0.555850	-0.490988	-0.029672	0.084749	0.995960	0.644211	0.763477	-0.045774	-0.764272	0.640250	-0.077250
64521	12.473099	0.243168	7.134971	-0.714444	-0.267662	-0.558261	-0.035309	0.082273	0.995984	0.649440	0.759376	-0.039705	-0.759593	0.645430	-0.080244
64522	12.213140	0.402087	7.904448	-0.896838	0.089400	-0.551663	-0.038235	0.077581	0.996253	0.655991	0.754023	-0.033542	-0.753800	0.652250	-0.079722
64523	10.373613	1.040955	8.018850	-0.936623	0.313997	-0.544400	-0.039449	0.071484	0.996661	0.662779	0.748312	-0.027438	-0.747775	0.659484	-0.076898
64524	8.762699	2.019018	7.150516	-0.963502	0.297048	-0.599393	-0.041231	0.065109	0.997026	0.669680	0.742359	-0.020784	-0.741505	0.666831	-0.074210
64525	8.606602	3.157288	5.103370	-1.108984	0.115942	-0.765554	-0.045510	0.058721	0.997237	0.677499	0.735420	-0.012386	-0.734115	0.675063	-0.073252
64526	10.079531	4.495523	3.969177	-1.512949	0.002809	-0.975098	-0.052146	0.051641	0.997303	0.688021	0.725689	-0.001602	-0.723815	0.686082	-0.073372
64527	11.827097	4.179765	3.677115	-2.305247	0.134316	-1.077797	-0.058661	0.043013	0.997351	0.703897	0.710220	0.010771	-0.707875	0.702664	-0.071939
64528	12.436648	1.843107	4.418212	-2.628401	0.459147	-1.196258	-0.063976	0.031419	0.997457	0.721500	0.691982	0.024480	-0.689453	0.721231	-0.066939
64529	12.550578	-0.099202	5.427460	-2.369309	0.946599	-1.259632	-0.066684	0.015943	0.997647	0.736789	0.675028	0.038460	-0.672826	0.737620	-0.056760
64530	11.707212	-0.705217	5.743251	-1.701336	1.423431	-1.266135	-0.066578	-0.003044	0.997777	0.747267	0.662496	0.051884	-0.661181	0.749059	-0.041833
64531	10.724213	0.541468	5.576643	-1.100488	1.697883	-1.152010	-0.064025	-0.023369	0.997675	0.753726	0.654095	0.063691	-0.654062	0.756052	-0.024265
64532	9.676397	1.620384	3.504447	-0.610214	1.699746	-1.052393	-0.060879	-0.043045	0.997217	0.757023	0.649157	0.074236	-0.650546	0.759435	-0.006934
64533	10.513940	2.910089	1.491262	-0.340593	1.593787	-1.021297	-0.058227	-0.061739	0.996392	0.758603	0.646068	0.084363	-0.648946	0.760779	0.009217
64534	13.327893	3.233806	1.135512	-1.099897	1.535343	-0.963217	-0.055651	-0.079584	0.995274	0.765125	0.637024	0.093720	-0.641472	0.766724	0.025440
64535	14.203667	0.094027	0.143360	-2.217087	1.687100	-0.793841	-0.051056	-0.097578	0.993917	0.778721	0.619220	0.100794	-0.625289	0.779131	0.044371
64536	13.313414	-4.321318	0.072985	-2.763513	1.873534	-0.644079	-0.044594	-0.116171	0.992228	0.795381	0.596835	0.105625	-0.604466	0.793910	0.065785
64537	12.575807	-9.750788	-1.155761	-2.457735	1.802606	-0.611882	-0.038738	-0.134148	0.990204	0.809729	0.576445	0.109771	-0.585524	0.806049	0.086293
64538	13.435564	-13.122607	-1.744108	-1.163990	1.737529	-0.415380	-0.032004	-0.150503	0.988091	0.816322	0.566490	0.112727	-0.576710	0.810208	0.104729
64539	15.314702	-11.800299	-2.085904	0.258934	1.742430	0.083862	-0.021201	-0.164069	0.986221	0.814827	0.568755	0.112136	-0.579316	0.805977	0.121630
64540	15.753709	-8.655881	-3.028569	1.510504	1.965909	0.513315	-0.005515	-0.176783	0.984234	0.806024	0.581758	0.109009	-0.591857	0.793918	0.139283
64541	14.283330	-4.794741	-3.230486	2.647684	2.086642	0.766361	0.013222	-0.188557	0.981973	0.790022	0.603962	0.105335	-0.612936	0.774387	0.156950
64542	13.263575	-1.258177	-2.528629	3.305474	2.034705	0.819189	0.032350	-0.198949	0.979476	0.769123	0.630791	0.102723	-0.638281	0.750015	0.173422
64543	12.867159	1.768728	-0.035856	3.458687	2.051319	0.608926	0.050365	-0.210091	0.976384	0.746328	0.657562	0.102991	-0.663670	0.723515	0.189915
64544	12.301361	3.593488	0.268759	2.859867	2.095081	0.357308	0.067117	-0.222555	0.972607	0.726818	0.678733	0.105153	-0.683543	0.699851	0.207312
64545	10.464192	4.517509	-0.483876	2.105663	1.966032	0.238660	0.082449	-0.234440	0.968628	0.712073	0.693855	0.107324	-0.697248	0.680885	0.224146
64546	9.714205	5.504311	-0.111015	1.430907	1.609014	0.055594	0.094135	-0.244835	0.964984	0.701948	0.703673	0.110060	-0.705980	0.667008	0.238102
64547	10.555152	5.009263	0.455545	0.597935	1.339736	0.189444	0.104974	-0.252333	0.961929	0.697498	0.708149	0.109645	-0.708856	0.659434	0.250339
64548	10.401924	2.997984	0.059069	0.152885	1.332684	0.222712	0.115973	-0.259452	0.958767	0.696131	0.709765	0.107865	-0.708486	0.654918	0.262926
64549	9.555210	1.437349	-0.408355	0.090674	1.334294	0.211911	0.126927	-0.266608	0.955411	0.695199	0.710954	0.106034	-0.707522	0.650742	0.275585
64550	9.157121	0.378717	-0.808132	-0.006864	1.300013	0.263494	0.137948	-0.273111	0.952040	0.694860	0.711662	0.103470	-0.705790	0.647261	0.287946
64551	8.484483	-0.577493	-0.941477	-0.054897	1.302841	0.341067	0.149530	-0.279044	0.948565	0.694723	0.712289	0.100022	-0.703563	0.644033	0.300367
