// General information: 
//  MT Manager version: 2022.2.0 
//  XDA version: 2022.2.0 build 7381 rev 124627 built on 2023-07-19
// Device information: 
//  DeviceId: 00B4CAF0
//  ProductCode: MTW2-3A7G6
//  Firmware Version: 4.6.0
//  Hardware Version: 2.0.0
// Device settings: 
//  Filter Profile: human(46.1)
//  Option Flags: Orientation Smoother Disabled, Position/Velocity Smoother Disabled, Continuous Zero Rotation Update Disabled, AHS Disabled, ICC Disabled
// Coordinate system: ENU
PacketCounter	Acc_X	Acc_Y	Acc_Z	Gyr_X	Gyr_Y	Gyr_Z	Mat[1][1]	Mat[2][1]	Mat[3][1]	Mat[1][2]	Mat[2][2]	Mat[3][2]	Mat[1][3]	Mat[2][3]	Mat[3][3]
09244	3.304086	-2.964097	5.396207	-3.049118	-2.022779	-0.945280	0.662665	0.745862	0.067558	-0.717586	0.606537	0.342319	0.214346	-0.275322	0.937152
09245	11.319850	1.397672	19.578423	-2.832433	-2.006319	-1.477099	0.677220	0.731243	0.081586	-0.713275	0.625242	0.316719	0.180588	-0.272682	0.945004
09246	-4.446300	-0.374548	13.122479	-2.127672	-1.050837	-1.748793	0.691429	0.717287	0.086164	-0.704889	0.643680	0.298008	0.158295	-0.266787	0.950667
09247	-10.260652	-13.141216	8.592254	-0.971256	-2.379307	-1.640387	0.706420	0.700114	0.103980	-0.694835	0.657980	0.290287	0.134818	-0.277313	0.951274
09248	3.268614	-11.686258	10.894999	0.198079	-3.532561	-0.884122	0.716910	0.683988	0.134908	-0.688268	0.663565	0.293206	0.111029	-0.303055	0.946483
09249	13.772417	-13.742716	20.850221	-0.320836	-3.278373	0.168933	0.718984	0.674818	0.166381	-0.689781	0.663454	0.289879	0.085230	-0.323185	0.942490
09250	13.160787	-10.041266	20.612646	0.070833	-1.870096	0.662695	0.715902	0.673002	0.185884	-0.694450	0.658799	0.289349	0.072272	-0.336232	0.939002
09251	6.661450	-0.625319	13.903999	0.243981	-1.358766	0.733800	0.711735	0.673149	0.200760	-0.699506	0.653061	0.290177	0.064224	-0.346962	0.935678
09252	2.648257	6.324220	10.158853	0.254472	-1.370683	0.603549	0.708356	0.672215	0.215312	-0.703612	0.648150	0.291261	0.056236	-0.357812	0.932099
09253	3.624232	7.471466	9.862375	-0.219612	-1.531973	0.433784	0.706083	0.669447	0.230840	-0.706773	0.646070	0.288211	0.043803	-0.366652	0.929326
09254	4.338411	4.611880	10.031550	-0.332922	-1.455449	0.382312	0.703950	0.666493	0.245439	-0.709566	0.644794	0.284177	0.031144	-0.374202	0.926824
09255	5.152804	3.586950	10.366228	-0.483842	-1.325668	0.488425	0.700824	0.664615	0.259100	-0.713099	0.643403	0.278428	0.018342	-0.379893	0.924849
09256	5.693911	6.506655	11.590495	-0.459988	-1.150528	0.539523	0.697140	0.663655	0.271216	-0.716901	0.641622	0.272715	0.006971	-0.384556	0.923075
09257	9.812273	9.326698	12.167341	-1.171411	-0.926528	0.487633	0.693650	0.663205	0.281085	-0.720268	0.642919	0.260515	-0.007940	-0.383163	0.923647
09258	4.806371	2.971649	9.399087	-0.860361	-0.340506	0.311607	0.691386	0.663883	0.285033	-0.722296	0.644173	0.251654	-0.016542	-0.379868	0.924893
09259	3.674786	-1.252641	10.871542	-0.896161	-0.536181	0.327157	0.688923	0.663936	0.290816	-0.724340	0.645431	0.242384	-0.026775	-0.377633	0.925568
09260	5.716996	0.284171	11.166156	-0.386307	-0.292346	0.244906	0.687086	0.664386	0.294115	-0.725887	0.645301	0.238063	-0.031627	-0.377064	0.925647
09261	3.268133	2.225605	9.697385	-0.299656	-0.172680	0.175735	0.685771	0.664844	0.296143	-0.726974	0.645298	0.234733	-0.035039	-0.376262	0.925851
09262	3.826516	1.467962	10.077077	-0.297135	-0.296393	0.117538	0.684830	0.664460	0.299167	-0.727644	0.645673	0.231603	-0.039273	-0.376296	0.925667
09263	3.746193	1.127963	10.410973	-0.102983	-0.255244	0.050220	0.684379	0.663797	0.301659	-0.727926	0.645764	0.230463	-0.041820	-0.377309	0.925143
09264	3.829983	0.623986	10.467535	-0.103358	-0.227610	0.009334	0.684237	0.662971	0.303792	-0.727921	0.646131	0.229447	-0.044173	-0.378133	0.924697
09265	3.737932	0.894614	10.321720	-0.075151	-0.169135	-0.017158	0.684304	0.662194	0.305331	-0.727749	0.646565	0.228769	-0.045927	-0.378752	0.924358
09266	3.289690	1.842034	9.869865	-0.050369	-0.130102	-0.046250	0.684603	0.661375	0.306434	-0.727384	0.647101	0.228412	-0.047228	-0.379267	0.924081
09267	3.582214	1.948790	9.748535	-0.060432	-0.168379	-0.062226	0.684993	0.660307	0.307862	-0.726909	0.647777	0.228009	-0.048870	-0.379972	0.923706
09268	3.643724	2.087213	9.612274	-0.033633	-0.080994	-0.074409	0.685517	0.659490	0.308448	-0.726357	0.648436	0.227895	-0.049714	-0.380269	0.923539
09269	3.047362	2.569165	9.385389	-0.038557	-0.071899	-0.056037	0.685906	0.658827	0.308998	-0.725933	0.648988	0.227676	-0.050537	-0.380476	0.923409
09270	3.753222	2.584911	9.325416	-0.057259	-0.038053	-0.034307	0.686159	0.658432	0.309279	-0.725644	0.649471	0.227220	-0.051258	-0.380335	0.923427
09271	3.076121	2.481754	9.226135	-0.145913	0.011109	-0.008724	0.686246	0.658392	0.309171	-0.725488	0.650118	0.225864	-0.052291	-0.379297	0.923796
09272	3.292936	2.309383	9.419942	-0.256115	-0.015650	0.025308	0.686077	0.658470	0.309380	-0.725500	0.650960	0.223386	-0.054301	-0.377715	0.924328
09273	3.338817	2.386737	9.370365	-0.287142	0.033491	0.044423	0.685791	0.658860	0.309183	-0.725625	0.651784	0.220557	-0.056204	-0.375607	0.925073
09274	2.860479	2.549247	9.273699	-0.359101	0.006356	0.064785	0.685347	0.659279	0.309274	-0.725838	0.652740	0.217001	-0.058811	-0.373203	0.925884
09275	3.529226	1.986756	9.612546	-0.418669	-0.028766	0.081792	0.684754	0.659681	0.309731	-0.726124	0.653793	0.212833	-0.062097	-0.370641	0.926698
09276	3.008135	2.465137	9.221067	-0.425901	0.028944	0.093495	0.684115	0.660373	0.309667	-0.726468	0.654787	0.208562	-0.065037	-0.367644	0.927690
09277	2.796602	2.860473	9.063349	-0.471736	-0.060874	0.113287	0.683269	0.660867	0.310481	-0.726906	0.655801	0.203797	-0.068931	-0.364938	0.928477
09278	3.272111	2.340115	9.445089	-0.471291	-0.094595	0.115735	0.682383	0.661255	0.311601	-0.727336	0.656788	0.199027	-0.073048	-0.362451	0.929136
09279	3.094913	1.985636	9.375714	-0.459536	-0.109974	0.115124	0.681480	0.661589	0.312864	-0.727754	0.657722	0.194360	-0.077191	-0.360141	0.929699
09280	2.525093	2.545747	9.219891	-0.473184	-0.203794	0.121172	0.680458	0.661628	0.315001	-0.728177	0.658658	0.189548	-0.082067	-0.358356	0.929971
09281	3.653294	1.476304	9.797954	-0.468691	-0.280242	0.116377	0.679391	0.661367	0.317840	-0.728549	0.659599	0.184785	-0.087436	-0.357103	0.929964
09282	3.489307	1.357090	9.759452	-0.375907	-0.258615	0.099566	0.678455	0.661075	0.320436	-0.728862	0.660319	0.180940	-0.091975	-0.356313	0.929829
09283	3.649929	1.565113	9.656341	-0.355166	-0.257687	0.090593	0.677569	0.660730	0.323009	-0.729119	0.661019	0.177310	-0.096361	-0.355652	0.929638
09284	3.719689	1.281848	9.809334	-0.351825	-0.246390	0.081893	0.676751	0.660370	0.325453	-0.729301	0.661766	0.173742	-0.100639	-0.354933	0.929459
09285	4.773864	0.998266	10.009242	-0.296557	-0.204066	0.062974	0.676100	0.660038	0.327473	-0.729400	0.662436	0.170745	-0.104232	-0.354300	0.929305
09286	3.257744	1.705265	9.500079	-0.214365	-0.057212	0.053956	0.675668	0.660166	0.328107	-0.729513	0.662876	0.168543	-0.106227	-0.353237	0.929483
09287	3.867459	1.430888	9.697177	-0.225132	-0.083248	0.048378	0.675242	0.660168	0.328977	-0.729575	0.663385	0.166256	-0.108482	-0.352276	0.929588
09288	3.384503	1.796826	9.324968	-0.193763	-0.087469	0.055706	0.674761	0.660203	0.329893	-0.729713	0.663736	0.164238	-0.110531	-0.351548	0.929622
09289	3.342743	1.950639	9.372444	-0.191466	-0.107438	0.067337	0.674167	0.660248	0.331017	-0.729930	0.663998	0.162200	-0.112703	-0.350969	0.929580
09290	3.598687	1.353074	9.671392	-0.165025	-0.115133	0.065656	0.673577	0.660253	0.332204	-0.730158	0.664181	0.160416	-0.114728	-0.350614	0.929466
09291	3.443357	1.463795	9.391577	-0.098592	-0.137008	0.073150	0.672902	0.660233	0.333610	-0.730513	0.664078	0.159220	-0.116421	-0.350846	0.929168
09292	3.607708	1.315757	9.544621	-0.096668	-0.143027	0.079416	0.672174	0.660232	0.335076	-0.730908	0.663929	0.158024	-0.118134	-0.351129	0.928845
09293	3.501334	1.625478	9.409569	-0.053491	-0.133151	0.090936	0.671368	0.660342	0.336472	-0.731431	0.663551	0.157187	-0.119469	-0.351636	0.928482
09294	3.127508	2.000388	9.638834	-0.034534	-0.204486	0.087957	0.670499	0.660179	0.338518	-0.731954	0.663129	0.156536	-0.121139	-0.352737	0.927848
09295	3.961504	0.330913	10.062386	-0.038746	-0.228644	0.070784	0.669719	0.659815	0.340766	-0.732357	0.662833	0.155901	-0.123005	-0.353972	0.927132
09296	3.642765	1.513022	9.726559	0.073601	-0.193211	0.050838	0.669128	0.659440	0.342646	-0.732762	0.662274	0.156377	-0.123805	-0.355714	0.926358
09297	3.686249	1.550636	9.656972	0.040564	-0.228480	0.047393	0.668513	0.658913	0.344852	-0.733105	0.661851	0.156554	-0.125085	-0.357472	0.925509
09298	3.641161	1.242744	9.743985	0.047350	-0.232151	0.043200	0.667925	0.658341	0.347078	-0.733427	0.661435	0.156810	-0.126335	-0.359294	0.924634
09299	3.658869	1.659199	9.676942	0.082871	-0.246372	0.044539	0.667303	0.657722	0.349441	-0.733806	0.660877	0.157386	-0.127422	-0.361446	0.923645
09300	3.749473	1.592505	9.611453	0.061646	-0.253502	0.051651	0.666620	0.657117	0.351874	-0.734202	0.660352	0.157741	-0.128706	-0.363500	0.922661
09301	3.689029	1.494864	9.718914	0.070707	-0.247802	0.059691	0.665877	0.656583	0.354269	-0.734668	0.659737	0.158147	-0.129888	-0.365577	0.921674
09302	3.548235	1.532918	9.705021	0.104131	-0.289347	0.070850	0.665000	0.655962	0.357057	-0.735248	0.658928	0.158822	-0.131094	-0.368142	0.920481
09303	3.317770	1.342010	9.831441	0.164844	-0.302454	0.096074	0.663912	0.655450	0.360008	-0.736079	0.657724	0.159959	-0.131941	-0.371193	0.919134
09304	2.756874	0.951835	10.266663	0.345061	-0.437819	0.111837	0.662530	0.654522	0.364219	-0.737250	0.655740	0.162689	-0.132349	-0.376307	0.916993
09305	2.497023	1.498356	10.611507	0.341183	-0.547933	0.061031	0.661368	0.652818	0.369352	-0.738084	0.654082	0.165556	-0.133509	-0.382106	0.914424
09306	3.299450	1.057489	10.395397	0.471720	-0.720933	0.060927	0.659973	0.650406	0.376043	-0.739091	0.651905	0.169601	-0.134834	-0.389862	0.910949
09307	3.256799	1.575943	10.282628	0.523384	-0.807485	0.051820	0.658511	0.647534	0.383487	-0.740119	0.649541	0.174129	-0.136336	-0.398491	0.906982
09308	3.910599	1.602230	10.177445	0.627737	-0.909717	0.025556	0.657098	0.644002	0.391770	-0.741118	0.646885	0.179676	-0.137718	-0.408413	0.902349
09309	3.875893	1.713966	10.027529	0.671427	-1.004124	-0.017325	0.655852	0.639709	0.400788	-0.741911	0.644255	0.185754	-0.139381	-0.419176	0.897143
09310	3.518338	1.689489	10.205548	0.724862	-1.115174	-0.061168	0.654763	0.634548	0.410651	-0.742499	0.641606	0.192452	-0.141356	-0.430918	0.891251
09311	3.201415	1.974410	10.287953	0.753152	-1.281938	-0.095567	0.653659	0.628303	0.421860	-0.742925	0.638953	0.199505	-0.144199	-0.443818	0.884439
09312	2.819148	2.456160	10.503940	0.741277	-1.489535	-0.101186	0.652255	0.620914	0.434775	-0.743319	0.636288	0.206435	-0.148463	-0.457825	0.876559
09313	2.441202	2.644648	10.340536	0.734233	-1.732813	-0.052309	0.650036	0.612489	0.449789	-0.744065	0.633231	0.213039	-0.154336	-0.473155	0.867355
09314	2.179387	2.319369	10.905192	0.702855	-1.997844	0.080154	0.646303	0.603348	0.467187	-0.745665	0.629407	0.218702	-0.162097	-0.489713	0.856683
09315	1.206116	2.001415	10.602211	0.901776	-2.452932	0.322241	0.639823	0.593076	0.488761	-0.749215	0.623011	0.224798	-0.171181	-0.510018	0.842958
09316	-0.291292	4.415097	10.151141	0.551766	-3.219299	0.669415	0.629043	0.580417	0.517128	-0.754418	0.616258	0.226008	-0.187505	-0.532300	0.825529
09317	0.050177	4.164940	11.397973	-0.087794	-4.148964	1.058631	0.612707	0.564314	0.553298	-0.760789	0.610716	0.219602	-0.213984	-0.555495	0.803515
09318	-0.953108	4.472903	12.023739	-0.518313	-5.280096	1.471326	0.589241	0.543210	0.598095	-0.768393	0.605570	0.207020	-0.249733	-0.581557	0.774225
09319	0.103956	4.137960	12.160832	-0.576058	-6.474219	1.693683	0.558644	0.514733	0.650359	-0.776530	0.600090	0.192075	-0.291407	-0.612325	0.734942
09320	2.045150	4.531227	12.061355	-0.421756	-7.395131	1.879602	0.520836	0.479358	0.706361	-0.785314	0.593461	0.176312	-0.334681	-0.646545	0.685543
09321	4.513512	4.351122	11.445443	0.017639	-8.642646	2.168084	0.472896	0.434467	0.766556	-0.796127	0.583474	0.160438	-0.377561	-0.686146	0.621813
09322	14.629028	3.991508	14.262018	0.757329	-9.745965	2.185892	0.416734	0.377983	0.826717	-0.808813	0.569286	0.147426	-0.414914	-0.730098	0.542959
09323	32.757491	6.344785	22.913302	0.859236	-9.338656	2.087760	0.359577	0.319721	0.876632	-0.820586	0.555603	0.133952	-0.444232	-0.767518	0.462141
09324	17.238602	7.482530	17.879758	1.004065	-6.227013	2.351524	0.312107	0.284031	0.906595	-0.832965	0.540739	0.117349	-0.456901	-0.791788	0.405357
09325	13.146810	5.428701	17.730996	0.642242	-5.891696	2.538859	0.263563	0.250351	0.931589	-0.843218	0.528850	0.096440	-0.468527	-0.810951	0.350486
09326	8.395702	5.962715	17.893080	0.508124	-5.330819	2.633789	0.216079	0.220491	0.951154	-0.851891	0.518561	0.073319	-0.477066	-0.826122	0.299884
09327	4.047751	6.731595	16.315024	0.392472	-4.796967	2.594298	0.170862	0.193879	0.966032	-0.858768	0.509964	0.049542	-0.483036	-0.838062	0.253630
09328	-3.623150	6.882343	12.735721	-0.188221	-4.509588	2.959887	0.123481	0.170958	0.977510	-0.862159	0.506228	0.020374	-0.491360	-0.845285	0.209903
09329	-8.703298	10.972481	8.218726	-0.917888	-5.455034	2.933647	0.071043	0.139601	0.987656	-0.860414	0.509495	-0.010125	-0.504619	-0.849074	0.156311
09330	22.596697	10.248501	17.989414	-1.507198	-6.142504	1.267201	0.028763	0.093990	0.995158	-0.853269	0.520894	-0.024536	-0.520678	-0.848431	0.095181
09331	20.069748	9.999338	24.176043	-1.810511	-2.419939	0.396778	0.012613	0.075613	0.997057	-0.843753	0.535894	-0.029966	-0.536583	-0.840893	0.070558
09332	12.350824	4.652846	20.953486	-1.533891	0.728233	-0.605744	0.021752	0.078440	0.996681	-0.835265	0.549280	-0.025000	-0.549418	-0.831949	0.077467
09333	5.958313	5.965903	17.137860	-1.581998	2.720385	-1.057416	0.045661	0.095007	0.994429	-0.826091	0.563313	-0.015887	-0.561684	-0.820763	0.104206
09334	-2.017608	3.885413	10.337490	-1.591208	3.355746	-1.030386	0.073278	0.116494	0.990484	-0.816383	0.577461	-0.007519	-0.572842	-0.808064	0.137419
09335	-2.693664	2.505875	7.482435	-1.532711	3.407319	-0.837703	0.099770	0.138876	0.985271	-0.806774	0.590857	-0.001587	-0.582375	-0.794733	0.170992
09336	-1.890401	1.199045	6.179369	-1.328517	3.542560	-0.609206	0.125539	0.163195	0.978574	-0.798229	0.602350	0.001950	-0.589126	-0.781372	0.205885
09337	-1.157334	0.622409	5.796701	-0.996005	3.743622	-0.412192	0.150934	0.189679	0.970176	-0.791745	0.610840	0.003750	-0.591911	-0.768698	0.242374
09338	-0.173731	1.159129	5.769775	-0.661994	3.949692	-0.250697	0.176406	0.218296	0.959806	-0.787338	0.616505	0.004491	-0.590745	-0.756484	0.280628
09339	0.366894	1.981575	5.545603	-0.418629	4.168099	-0.148982	0.202116	0.248620	0.947279	-0.784559	0.620036	0.004664	-0.586188	-0.744139	0.320377
09340	1.066994	2.854399	5.345224	-0.297362	4.372781	-0.122820	0.228703	0.280135	0.932319	-0.782476	0.622661	0.004854	-0.579160	-0.730628	0.361603
09341	1.737172	3.490141	5.290380	-0.271717	4.574509	-0.172297	0.256352	0.312107	0.914808	-0.780463	0.625179	0.005411	-0.570230	-0.715361	0.403853
09342	2.161052	3.623370	5.381618	-0.296262	4.712477	-0.293278	0.285417	0.343598	0.894694	-0.777906	0.628343	0.006852	-0.559821	-0.697944	0.446627
09343	2.872425	3.397038	5.670237	-0.311113	4.793820	-0.481120	0.315717	0.373538	0.872234	-0.774702	0.632253	0.009648	-0.547869	-0.678768	0.488993
09344	3.756822	2.845574	6.215114	-0.277229	4.820110	-0.713905	0.347468	0.401250	0.847505	-0.770744	0.636982	0.014418	-0.534061	-0.658219	0.530591
09345	5.007287	2.241891	7.013869	-0.206236	4.873085	-0.931434	0.380274	0.426817	0.820499	-0.766234	0.642217	0.021047	-0.517955	-0.636698	0.571260
09346	6.063957	1.671947	7.636062	-0.089781	4.968885	-1.082191	0.413966	0.450926	0.790758	-0.761384	0.647639	0.029275	-0.498925	-0.614190	0.611429
09347	6.759318	1.115547	8.202626	0.030167	5.098089	-1.163317	0.447683	0.474052	0.758192	-0.756484	0.652880	0.038468	-0.476773	-0.590781	0.650896
09348	7.205891	0.405393	8.606486	0.136399	5.219348	-1.128202	0.480578	0.496853	0.722621	-0.751782	0.657680	0.047770	-0.451519	-0.566210	0.689592
09349	7.773661	-0.021456	9.160272	0.285465	5.330308	-0.985293	0.511292	0.519840	0.684359	-0.748108	0.661149	0.056710	-0.422983	-0.540970	0.726937
09350	8.764340	-0.001763	9.669393	0.451994	5.441363	-0.742832	0.539144	0.543640	0.643257	-0.745946	0.662824	0.065035	-0.391011	-0.514898	0.762883
09351	9.888672	0.823835	10.249391	0.650684	5.605367	-0.492612	0.563752	0.568463	0.599194	-0.745625	0.662339	0.073152	-0.355285	-0.488014	0.797255
09352	10.411305	1.831367	10.618413	0.823447	5.739227	-0.306216	0.585452	0.593622	0.552140	-0.746530	0.660325	0.081635	-0.316132	-0.459982	0.829745
09353	10.798592	2.835401	10.874514	0.983001	5.852297	-0.263151	0.604705	0.617939	0.502477	-0.747835	0.657577	0.091303	-0.273997	-0.430981	0.859756
09354	10.170967	3.821555	10.668493	1.093261	5.927612	-0.359349	0.622451	0.640200	0.450220	-0.748284	0.655399	0.102581	-0.229401	-0.400744	0.887006
09355	9.223074	3.959827	10.461643	1.186050	5.881244	-0.565509	0.638841	0.659149	0.396742	-0.747139	0.654536	0.115609	-0.183479	-0.370277	0.910621
09356	8.952947	3.738499	10.686410	1.343871	5.734045	-0.817254	0.654228	0.674139	0.342815	-0.743909	0.655312	0.131017	-0.136327	-0.340738	0.930222
09357	10.132713	2.949106	11.399522	1.559066	5.556020	-1.079670	0.668486	0.685196	0.289194	-0.738493	0.657587	0.149020	-0.088062	-0.313186	0.945600
09358	12.263378	1.971000	11.770428	1.850577	5.425332	-1.339549	0.681848	0.692614	0.235305	-0.730518	0.661356	0.170151	-0.037771	-0.287912	0.956912
09359	14.960013	1.288653	12.030597	2.175880	5.357692	-1.529434	0.693579	0.697256	0.181058	-0.720228	0.666001	0.194202	0.014823	-0.265097	0.964108
09360	17.592081	1.057977	12.423315	2.452437	5.317148	-1.633441	0.703090	0.699815	0.126189	-0.707693	0.671262	0.220402	0.069535	-0.244265	0.967212
09361	20.296465	1.001220	12.343646	2.571643	5.303212	-1.587985	0.709084	0.701520	0.071204	-0.693961	0.676394	0.246797	0.124971	-0.224413	0.966448
09362	21.765744	-0.303936	11.024976	2.563663	5.234066	-1.393307	0.710748	0.703241	0.016998	-0.680080	0.680761	0.272132	0.179803	-0.204977	0.962110
09363	21.328452	-3.194944	8.370905	2.564703	4.964932	-1.097624	0.707933	0.705475	-0.033701	-0.666997	0.683489	0.296577	0.232262	-0.187479	0.954414
09364	21.620174	-3.896193	5.731460	2.705123	4.307105	-0.665656	0.701340	0.708686	-0.076726	-0.655303	0.683357	0.321870	0.280536	-0.175462	0.943670
09365	24.199290	-2.328135	3.805705	2.604486	3.475593	-0.063318	0.691309	0.714210	-0.109522	-0.647015	0.679356	0.346190	0.321657	-0.168462	0.931750
09366	26.126425	0.105008	1.456711	2.129206	2.659897	0.514792	0.679044	0.722062	-0.132384	-0.643306	0.672178	0.366515	0.353632	-0.163716	0.920946
09367	26.674466	-0.509276	-1.940511	1.380647	1.899599	0.957454	0.665980	0.731499	-0.146219	-0.644713	0.663018	0.380463	0.375254	-0.159111	0.913164
09368	14.986973	5.755960	1.074387	0.770057	1.039860	0.915628	0.656126	0.739145	-0.152195	-0.647806	0.655107	0.388822	0.387099	-0.156524	0.908655
09369	21.516665	4.957873	-9.956022	-2.172803	-2.173639	0.343667	0.662012	0.737955	-0.131006	-0.658173	0.656017	0.369393	0.358537	-0.158318	0.919993
09370	-3.296437	6.048971	11.158495	-3.325547	-1.673670	-0.102210	0.668433	0.734694	-0.115856	-0.668852	0.661896	0.338425	0.325323	-0.148724	0.933834
09371	4.768855	-7.223922	16.357954	-3.734589	-2.910182	-1.053100	0.684342	0.723358	-0.091817	-0.673039	0.675086	0.302121	0.280526	-0.144957	0.948837
09372	-5.370394	-6.532908	11.799387	-1.766482	-1.745788	-1.861294	0.701502	0.708090	-0.080645	-0.664872	0.690995	0.283675	0.256592	-0.145380	0.955523
09373	-10.117524	-7.113405	3.279367	0.147144	-2.850065	-1.934893	0.721292	0.690125	-0.058862	-0.650735	0.704320	0.283685	0.237236	-0.166316	0.957109
09374	-0.374496	-9.665590	3.684120	0.425477	-3.882542	-1.546085	0.739999	0.672101	-0.026110	-0.638461	0.714112	0.287073	0.211587	-0.195763	0.957553
09375	8.111879	-9.101816	12.066637	0.365757	-4.056978	-0.823555	0.753267	0.657633	0.010364	-0.631578	0.718846	0.290463	0.183568	-0.225342	0.956830
09376	8.215818	-14.166616	17.243056	0.152666	-3.388700	0.096553	0.758486	0.650266	0.043045	-0.632024	0.717889	0.291857	0.158883	-0.248575	0.955493
09377	5.277460	-15.139296	16.099253	0.869800	-2.999896	0.905899	0.757263	0.648865	0.074339	-0.637570	0.709760	0.299574	0.141621	-0.274253	0.951172
09378	7.470223	-0.101682	15.219125	1.193681	-3.032269	1.636365	0.750832	0.651592	0.108072	-0.648290	0.695721	0.309340	0.126376	-0.302325	0.944790
09379	8.467563	13.078648	14.587329	1.006525	-2.660880	1.733058	0.742700	0.655131	0.138566	-0.660014	0.681264	0.316639	0.113040	-0.326623	0.938370
09380	6.591072	22.491533	11.154301	0.531203	-2.553016	1.031150	0.738570	0.653486	0.165744	-0.667075	0.672770	0.319986	0.097599	-0.346896	0.932812
09381	5.478272	16.829118	10.991223	-0.710766	-2.675983	0.430936	0.737990	0.646907	0.192049	-0.670848	0.672513	0.312554	0.073038	-0.359497	0.930283
09382	6.739204	4.497161	11.098676	-1.169744	-2.431217	0.382181	0.736899	0.640620	0.215836	-0.674353	0.674336	0.300863	0.047193	-0.367255	0.928922
09383	5.379924	-0.861139	11.602302	-0.980754	-2.121728	0.615191	0.733519	0.636876	0.237357	-0.679212	0.674077	0.290329	0.024907	-0.374178	0.927022
09384	6.762395	-0.092028	12.022618	-0.916083	-1.866122	0.764466	0.728600	0.634963	0.256835	-0.684922	0.672702	0.279919	0.004965	-0.379861	0.925030
09385	9.954547	10.151839	15.660327	-1.285974	-1.619379	0.778046	0.723180	0.634006	0.273945	-0.690481	0.672695	0.265926	-0.015683	-0.381467	0.924250
09386	10.400424	2.103429	9.321342	-1.742537	-0.812427	0.526680	0.719347	0.634461	0.282840	-0.693835	0.675974	0.248299	-0.033656	-0.374857	0.926472
09387	5.178588	-3.379336	12.653005	-1.120106	-0.657523	0.312428	0.716932	0.634097	0.289706	-0.695610	0.678207	0.236985	-0.046209	-0.371425	0.927312
09388	5.828738	-3.259859	12.823176	-0.459442	-0.325418	0.219031	0.715257	0.634352	0.293265	-0.696939	0.678550	0.232046	-0.051796	-0.370360	0.927443
09389	3.177611	3.917598	9.716705	-0.344369	-0.162427	0.139493	0.714215	0.634673	0.295107	-0.697730	0.678973	0.228405	-0.055407	-0.369035	0.927762
09390	3.727889	2.082345	9.781934	-0.841467	-0.309305	0.185876	0.712742	0.634777	0.298423	-0.698541	0.680911	0.220000	-0.063549	-0.365264	0.928732
09391	4.530360	-0.292363	11.154255	-0.676452	-0.147316	0.149310	0.711618	0.635234	0.300130	-0.699133	0.682456	0.213231	-0.069374	-0.361569	0.929761
09392	3.438183	0.938982	10.359787	-0.558035	-0.094970	0.096854	0.710881	0.635530	0.301246	-0.699407	0.683878	0.207705	-0.074013	-0.358347	0.930650
09393	3.683353	1.647903	9.913419	-0.472658	-0.109355	0.067893	0.710340	0.635578	0.302419	-0.699507	0.685168	0.203063	-0.078145	-0.355788	0.931294
09394	3.174753	1.744311	9.668702	-0.466350	-0.045027	0.068478	0.709834	0.635865	0.303005	-0.699604	0.686415	0.198466	-0.081789	-0.352861	0.932094
09395	2.747107	2.586807	9.062640	-0.516959	-0.096294	0.102828	0.709050	0.636207	0.304119	-0.699877	0.687611	0.193297	-0.086139	-0.349903	0.932817
09396	3.431765	2.793923	9.081919	-0.519301	-0.146279	0.122695	0.708070	0.636518	0.305747	-0.700270	0.688669	0.188033	-0.090873	-0.347246	0.933361
09397	3.073907	2.633808	9.176262	-0.505368	-0.114824	0.154944	0.706895	0.637162	0.307122	-0.700873	0.689464	0.182803	-0.095274	-0.344476	0.933948
09398	3.358116	1.911094	9.568274	-0.598245	-0.184408	0.181742	0.705448	0.637760	0.309201	-0.701552	0.690386	0.176611	-0.100832	-0.341511	0.934454
09399	3.746844	1.311279	9.866164	-0.496978	-0.133748	0.165474	0.704165	0.638422	0.310755	-0.702183	0.691054	0.171416	-0.105312	-0.338912	0.934905
09400	3.310113	1.739789	9.618507	-0.425422	-0.135237	0.152898	0.702954	0.638999	0.312307	-0.702784	0.691543	0.166919	-0.109313	-0.336821	0.935202
09401	4.027624	1.322303	9.922483	-0.365959	-0.149111	0.127171	0.701911	0.639352	0.313928	-0.703247	0.691993	0.163062	-0.112982	-0.335224	0.935340
09402	3.404973	1.516371	9.570721	-0.196306	-0.030912	0.095761	0.701210	0.639887	0.314402	-0.703677	0.692066	0.160881	-0.114641	-0.334049	0.935558
09403	3.157186	1.597208	9.602950	-0.185348	-0.154646	0.085664	0.700444	0.639938	0.316002	-0.704039	0.692170	0.158841	-0.117078	-0.333737	0.935368
09404	3.671927	1.230300	9.612656	-0.114356	-0.118243	0.067535	0.699838	0.639987	0.317244	-0.704358	0.692148	0.157515	-0.118772	-0.333688	0.935171
09405	3.177759	1.642744	9.509822	-0.047769	-0.115660	0.057412	0.699311	0.639973	0.318432	-0.704678	0.691973	0.156849	-0.119967	-0.334078	0.934879
09406	3.317280	1.876751	9.504647	-0.035358	-0.159083	0.067982	0.698648	0.639887	0.320054	-0.705092	0.691685	0.156259	-0.121389	-0.334838	0.934424
09407	3.649952	1.648034	9.397082	-0.029091	-0.163111	0.071824	0.697959	0.639811	0.321706	-0.705534	0.691356	0.155720	-0.122782	-0.335661	0.933947
09408	3.118741	1.581729	9.777769	-0.044413	-0.176301	0.082499	0.697167	0.639765	0.323510	-0.706036	0.691006	0.154997	-0.124385	-0.336468	0.933444
09409	3.789132	1.041381	9.953686	0.023429	-0.204757	0.073279	0.696410	0.639555	0.325550	-0.706551	0.690492	0.154942	-0.125696	-0.337921	0.932743
09410	3.810214	0.741287	9.948825	0.062422	-0.168548	0.052895	0.695832	0.639326	0.327232	-0.706979	0.689971	0.155309	-0.126488	-0.339415	0.932093
09411	3.481702	1.509400	9.708725	0.065854	-0.142195	0.048766	0.695323	0.639153	0.328649	-0.707377	0.689469	0.155727	-0.127060	-0.340759	0.931525
09412	3.623565	1.382970	9.756997	0.140214	-0.190419	0.035599	0.694837	0.638723	0.330507	-0.707783	0.688792	0.156872	-0.127452	-0.342928	0.930675
09413	3.830534	1.382159	9.730277	0.139423	-0.160673	0.038012	0.694379	0.638406	0.332077	-0.708201	0.688103	0.158008	-0.127630	-0.344894	0.929924
09414	3.714477	1.601716	9.577590	0.151604	-0.159423	0.029704	0.693974	0.638035	0.333635	-0.708581	0.687419	0.159275	-0.127723	-0.346940	0.929150
09415	3.523370	1.410967	9.722732	0.145791	-0.158347	0.028107	0.693588	0.637651	0.335166	-0.708938	0.686766	0.160500	-0.127838	-0.348933	0.928388
09416	3.602778	1.817810	9.617416	0.149992	-0.191494	0.028848	0.693147	0.637154	0.337018	-0.709310	0.686087	0.161752	-0.128162	-0.351168	0.927499
09417	3.298133	1.987761	9.592284	0.161959	-0.203398	0.054685	0.692514	0.636787	0.339008	-0.709873	0.685202	0.163033	-0.128471	-0.353555	0.926549
09418	2.829762	1.919637	9.783501	0.186440	-0.256745	0.092665	0.691535	0.636485	0.341565	-0.710734	0.683980	0.164403	-0.128984	-0.356452	0.925368
09419	2.771952	1.869011	10.069805	0.254510	-0.396734	0.155474	0.689931	0.636099	0.345505	-0.712113	0.682112	0.166186	-0.129962	-0.360696	0.923585
09420	2.236223	1.412426	10.693995	0.341216	-0.461876	0.188486	0.687995	0.635679	0.350108	-0.713836	0.679705	0.168637	-0.130771	-0.365941	0.921404
09421	2.867964	0.367981	10.492122	0.548675	-0.666399	0.147124	0.686085	0.634186	0.356504	-0.715542	0.676776	0.173129	-0.131477	-0.373875	0.918113
09422	3.819240	1.747744	10.143601	0.575793	-0.664507	0.159261	0.684079	0.632725	0.362897	-0.717371	0.673624	0.177792	-0.131963	-0.381956	0.914711
09423	3.347327	1.228255	10.307572	0.622908	-0.746934	0.143587	0.682076	0.630777	0.369989	-0.719151	0.670345	0.182918	-0.132640	-0.390842	0.910851
09424	3.417124	1.608867	10.445048	0.642377	-0.811130	0.144669	0.679965	0.628511	0.377652	-0.720971	0.666927	0.188173	-0.133597	-0.400227	0.906625
09425	3.945186	2.565299	10.114466	0.789586	-0.929398	0.154472	0.677622	0.625740	0.386365	-0.723052	0.662791	0.194689	-0.134255	-0.411288	0.901564
09426	3.599563	2.600075	10.144874	0.721253	-0.990833	0.175934	0.675021	0.622748	0.395641	-0.725195	0.658722	0.200445	-0.135791	-0.422221	0.896264
09427	3.120588	2.681730	10.526341	0.716110	-1.175792	0.193000	0.672022	0.618953	0.406550	-0.727453	0.654494	0.206035	-0.138559	-0.434206	0.890094
09428	2.678664	3.250972	10.636462	0.636016	-1.409635	0.264525	0.668119	0.614441	0.419618	-0.730100	0.650097	0.210542	-0.143426	-0.447030	0.882945
09429	1.120906	3.652849	11.023817	0.545339	-1.736894	0.436756	0.662381	0.609355	0.435819	-0.733784	0.644986	0.213435	-0.151039	-0.461173	0.874361
09430	-0.159277	2.955647	10.405673	0.494818	-2.840454	0.657766	0.653045	0.600161	0.461886	-0.738872	0.638714	0.214740	-0.166134	-0.481509	0.860551
09431	5.440734	4.137917	12.975287	0.390460	-2.738235	1.196194	0.639419	0.594277	0.487829	-0.747255	0.629692	0.212365	-0.180979	-0.500323	0.846713
09432	-6.437865	3.467437	9.683686	-0.694537	-3.478263	1.914222	0.618258	0.588545	0.520934	-0.757916	0.621942	0.196852	-0.208135	-0.516530	0.830588
09433	0.795250	4.231271	12.309081	-0.865516	-4.882128	2.117731	0.591057	0.575822	0.564872	-0.768739	0.614223	0.178244	-0.244321	-0.539592	0.805697
09434	-1.287026	4.186668	12.026052	-1.162005	-6.077781	2.290358	0.557157	0.556158	0.616656	-0.778766	0.607732	0.155516	-0.288270	-0.566877	0.771719
09435	0.879349	3.780482	13.160279	-1.154677	-7.369284	2.439546	0.515001	0.527873	0.675370	-0.788210	0.601284	0.131080	-0.336896	-0.599840	0.725736
09436	3.610114	4.997169	13.859388	-0.922316	-8.525244	2.576724	0.463747	0.490469	0.737821	-0.797456	0.593917	0.106422	-0.386008	-0.637732	0.666555
09437	9.483155	4.458425	15.276734	-0.141483	-9.436641	2.665708	0.403892	0.443858	0.799913	-0.808422	0.582432	0.085007	-0.428164	-0.681002	0.594065
09438	26.280135	9.025530	24.232714	0.824919	-9.439999	2.788892	0.339368	0.393420	0.854430	-0.822409	0.564996	0.066499	-0.456588	-0.725258	0.515294
09439	20.938771	7.703703	23.285842	0.170918	-7.798886	3.196149	0.276395	0.353478	0.893677	-0.833025	0.551832	0.039369	-0.479244	-0.755337	0.446980
09440	15.175321	8.460862	22.887100	-0.627628	-7.037492	3.432073	0.213201	0.318400	0.923670	-0.838314	0.545160	0.005576	-0.501773	-0.775514	0.383148
09441	9.817675	9.373724	22.245442	-0.997683	-6.253581	3.517510	0.151676	0.288561	0.945371	-0.839597	0.542334	-0.030834	-0.521604	-0.789054	0.324534
09442	2.087153	10.022627	19.076472	-1.070439	-5.553661	3.345749	0.094236	0.262592	0.960294	-0.838005	0.541670	-0.065884	-0.537463	-0.798523	0.271098
09443	-11.635411	10.204320	13.592609	-1.418309	-5.693999	3.688066	0.032371	0.236915	0.970991	-0.832577	0.543876	-0.104945	-0.552962	-0.805028	0.214855
09444	-10.553926	18.883877	12.828345	-2.481487	-6.676520	3.009438	-0.030044	0.199690	0.979398	-0.818594	0.557361	-0.138752	-0.573586	-0.805899	0.146720
09445	28.946442	14.129344	25.548453	-2.186580	-6.360765	0.247011	-0.069006	0.149816	0.986303	-0.805738	0.574587	-0.143651	-0.588238	-0.804615	0.081062
09446	14.197127	12.516702	26.539168	-2.188450	-1.054663	-1.192458	-0.065674	0.134429	0.988745	-0.793450	0.593827	-0.133439	-0.605081	-0.793283	0.067663
09447	9.874417	8.433479	24.109961	-1.228838	2.467459	-2.639278	-0.029739	0.137988	0.989987	-0.787178	0.607147	-0.108273	-0.616008	-0.782516	0.090566
09448	0.642405	8.978151	16.466997	-1.422221	4.236380	-3.066066	0.020724	0.151987	0.988165	-0.778429	0.622685	-0.079448	-0.627390	-0.767570	0.131216
09449	-5.176216	6.101711	9.362579	-1.355185	4.576825	-2.957778	0.072528	0.168084	0.983101	-0.768457	0.637757	-0.052347	-0.635778	-0.751674	0.175420
09450	-4.194442	2.856273	6.959832	-1.261025	4.603548	-2.606980	0.121946	0.185521	0.975044	-0.757815	0.651814	-0.029243	-0.640973	-0.735337	0.220077
09451	-2.670074	-0.106539	6.742238	-0.841329	4.785009	-2.168085	0.168957	0.206077	0.963839	-0.749234	0.662226	-0.010252	-0.640392	-0.720409	0.266287
09452	-1.619347	-1.580002	6.897920	-0.163435	4.934441	-1.700086	0.213192	0.230049	0.949540	-0.744881	0.667173	0.005603	-0.632219	-0.708489	0.313595
09453	-0.815982	-1.397532	6.687973	0.544937	5.205269	-1.215179	0.254750	0.258562	0.931798	-0.745403	0.666346	0.018888	-0.616017	-0.699377	0.362485
09454	-0.060839	-0.214827	6.781074	1.052730	5.397411	-0.772621	0.293300	0.290988	0.910659	-0.749584	0.661222	0.030138	-0.593379	-0.691456	0.412057
09455	0.982014	0.251283	7.010868	1.280358	5.523819	-0.418127	0.328502	0.326172	0.886396	-0.755676	0.653754	0.039491	-0.566604	-0.682801	0.461240
09456	2.552107	0.140215	7.624661	1.439441	5.637771	-0.178915	0.361086	0.363238	0.858880	-0.762928	0.644692	0.048092	-0.536244	-0.672629	0.509914
09457	4.165110	-0.350305	8.418526	1.595372	5.768430	-0.066527	0.391569	0.401250	0.828053	-0.770930	0.634349	0.057170	-0.502336	-0.660756	0.557727
09458	6.495324	-1.113080	9.345565	1.848330	5.961438	-0.084190	0.421157	0.439726	0.793264	-0.779447	0.622695	0.068646	-0.463777	-0.647218	0.604996
09459	8.151718	-1.946499	9.883570	2.116978	6.217982	-0.219785	0.450381	0.478116	0.754030	-0.787816	0.610205	0.083642	-0.420122	-0.631708	0.651493
09460	8.442782	-3.317116	10.054938	2.462619	6.409945	-0.399321	0.479027	0.515666	0.710367	-0.795631	0.596926	0.103206	-0.370816	-0.614628	0.696224
09461	9.038039	-1.725406	10.881621	2.794516	6.483111	-0.598443	0.506116	0.551381	0.663194	-0.802261	0.583233	0.127344	-0.316582	-0.596505	0.737535
09462	9.596070	0.630423	12.028399	2.815221	6.469207	-0.728815	0.530768	0.585106	0.613137	-0.806534	0.570959	0.153327	-0.260364	-0.575897	0.774954
09463	10.413967	3.050191	13.326906	2.583376	6.425001	-0.824178	0.552388	0.616655	0.560896	-0.808053	0.561383	0.178605	-0.204740	-0.551893	0.808391
09464	11.075987	4.830014	14.220118	2.128794	6.433083	-0.953510	0.571655	0.645902	0.505985	-0.806412	0.556053	0.201258	-0.151362	-0.523083	0.838734
09465	11.290691	4.069568	14.608806	1.719450	6.423136	-1.130624	0.588855	0.672151	0.448846	-0.801992	0.554833	0.221289	-0.100295	-0.490278	0.865776
09466	13.537222	2.589975	15.297748	1.607869	6.455794	-1.343872	0.604505	0.695182	0.388967	-0.795099	0.556516	0.241054	-0.048889	-0.454986	0.889156
09467	16.968673	1.627018	15.336517	1.713212	6.620879	-1.664866	0.619136	0.714760	0.325252	-0.785267	0.560817	0.262374	0.005127	-0.417855	0.908499
09468	18.270545	0.031819	13.508995	1.935168	6.776177	-2.086085	0.633165	0.729982	0.257348	-0.771475	0.568261	0.286191	0.062673	-0.379744	0.922966
09469	18.412786	-2.460139	11.171912	2.186203	6.666698	-2.473459	0.645900	0.739881	0.188122	-0.753618	0.578578	0.311942	0.121957	-0.343256	0.931290
09470	20.487293	-4.062714	10.405731	2.442265	6.318103	-2.686483	0.656349	0.744795	0.120364	-0.732353	0.590622	0.338858	0.181290	-0.310558	0.933106
09471	21.380934	-3.852050	10.167612	2.474434	5.873300	-2.600466	0.662820	0.746643	0.056507	-0.709998	0.602728	0.364172	0.237848	-0.281500	0.929616
09472	22.280395	-3.851976	10.067921	2.332344	5.206267	-2.213209	0.664643	0.747161	-0.000097	-0.689112	0.613055	0.386378	0.288746	-0.256736	0.922341
09473	25.731616	-0.232585	9.675713	1.879988	4.558494	-1.640763	0.661694	0.748208	-0.048427	-0.672392	0.620741	0.403199	0.331737	-0.234233	0.913830
09474	28.361181	1.558369	6.506726	1.012884	3.885277	-1.106960	0.655596	0.749924	-0.088363	-0.661542	0.626834	0.411633	0.364083	-0.211409	0.907056
09475	29.366236	0.877751	0.996496	0.264996	3.106011	-0.908102	0.649947	0.750412	-0.120208	-0.654620	0.633144	0.413038	0.386058	-0.189762	0.902746
09476	30.654242	-1.590571	-4.466903	0.044817	2.171485	-0.975269	0.647788	0.748122	-0.143821	-0.648100	0.640408	0.412121	0.400421	-0.173757	0.899706
09477	30.622472	-4.278241	-8.097083	0.437939	1.002073	-1.090006	0.650771	0.742798	-0.157316	-0.639251	0.647811	0.414366	0.409701	-0.169093	0.896411
09478	20.363909	2.526200	-3.643811	1.116626	-0.144159	-1.448625	0.660545	0.733084	-0.162073	-0.625145	0.656586	0.422006	0.415781	-0.177435	0.891988
09479	19.187981	12.223967	-11.994796	-1.432887	-3.674351	-2.178439	0.688753	0.711723	-0.138092	-0.616164	0.675018	0.405823	0.382048	-0.194425	0.903459
09480	-2.861306	6.659548	16.196256	-2.521815	-2.654754	-2.188016	0.711875	0.691541	-0.122493	-0.610051	0.695299	0.379996	0.347952	-0.195782	0.916842
09481	2.891255	-0.140740	13.594841	-1.733512	-4.051055	-3.270017	0.744845	0.660117	-0.097219	-0.591911	0.720957	0.360363	0.307973	-0.210870	0.927732
09482	-8.885872	-0.826907	2.932637	-0.557952	-2.615051	-3.273099	0.771608	0.630457	-0.084529	-0.568748	0.743301	0.352178	0.284863	-0.223668	0.932108
09483	-9.270100	-8.993067	-5.803751	-0.200873	-4.942446	-2.703699	0.799823	0.598328	-0.047812	-0.548023	0.760423	0.348465	0.244854	-0.252508	0.936102
09484	2.609240	-7.179403	3.540565	-0.660625	-5.307399	-1.245624	0.818374	0.574682	-0.002301	-0.539401	0.769500	0.341931	0.198272	-0.278586	0.939722
09485	3.430552	-18.767035	13.279694	-1.141245	-5.534834	-0.206738	0.829050	0.557013	0.049112	-0.539651	0.774008	0.331193	0.146466	-0.301079	0.942284
09486	4.264008	-28.050205	17.408416	0.087959	-5.611940	0.756344	0.831883	0.545041	0.104407	-0.545816	0.769583	0.331403	0.100278	-0.332676	0.937695
09487	12.235382	-2.677390	21.699259	0.683394	-6.081225	2.470021	0.822851	0.542431	0.169366	-0.565715	0.753773	0.334354	0.053700	-0.370936	0.927104
09488	19.205815	10.970773	19.598833	-0.954057	-4.936606	2.911229	0.807558	0.545375	0.224537	-0.589736	0.741601	0.319748	0.007865	-0.390633	0.920513
09489	26.341819	49.090564	31.908568	-1.976102	-4.836065	2.403657	0.792324	0.543934	0.276329	-0.608603	0.736377	0.295554	-0.042721	-0.402349	0.914489
09490	41.921764	16.383118	-0.768046	-5.323515	-2.178184	1.007847	0.784695	0.542945	0.299106	-0.612944	0.751603	0.243708	-0.092489	-0.374571	0.922574
09491	-5.519798	-42.802587	26.659659	-5.526700	0.830845	0.350255	0.783449	0.548501	0.292155	-0.609796	0.769141	0.191234	-0.119817	-0.327977	0.937057
09492	6.482623	-10.145777	10.358663	3.693179	-2.154138	-0.225236	0.782298	0.539261	0.311782	-0.612347	0.757534	0.226213	-0.114198	-0.367885	0.922832
09493	10.608973	27.548626	6.684764	1.122222	0.152446	0.226797	0.781087	0.541511	0.310915	-0.615331	0.752170	0.235816	-0.106164	-0.375508	0.920719
09494	-0.470057	-1.880683	11.431342	-3.340921	-0.389439	0.261587	0.779011	0.542051	0.315155	-0.613425	0.762928	0.204087	-0.129815	-0.352310	0.926837
09495	7.142240	-9.990167	11.056864	0.359801	-0.391976	0.160179	0.777530	0.541853	0.319128	-0.615113	0.760815	0.206874	-0.130701	-0.357151	0.924857
09496	3.988133	8.124429	10.272214	0.706108	-0.072455	-0.006338	0.777466	0.541519	0.319850	-0.615968	0.758326	0.213366	-0.127009	-0.362902	0.923131
09497	5.269161	-1.694244	10.654751	-0.470415	0.007870	0.019478	0.777369	0.541667	0.319833	-0.615488	0.759951	0.208923	-0.129891	-0.359264	0.924152
09498	3.896053	1.036813	10.793175	0.328496	0.134418	-0.085030	0.778055	0.541481	0.318479	-0.615243	0.759248	0.212178	-0.126914	-0.361028	0.923878
09499	4.123909	1.523527	9.990529	0.113627	0.210476	-0.110325	0.779011	0.541375	0.316314	-0.614500	0.759466	0.213543	-0.124623	-0.360727	0.924308
09500	3.678645	1.629357	10.006772	0.059885	0.261867	-0.133948	0.780147	0.541276	0.313673	-0.613524	0.759995	0.214465	-0.122305	-0.359761	0.924994
09501	3.876450	1.560246	9.991830	0.089879	0.310507	-0.148063	0.781444	0.541238	0.310496	-0.612450	0.760505	0.215723	-0.119376	-0.358739	0.925773
09502	3.368855	2.107247	9.596421	0.035788	0.377569	-0.149793	0.782795	0.541425	0.306743	-0.611316	0.761208	0.216463	-0.116296	-0.356963	0.926851
09503	3.005630	2.186662	9.263810	-0.100969	0.389033	-0.112204	0.783942	0.541925	0.302906	-0.610294	0.762206	0.215832	-0.113912	-0.354062	0.928259
09504	3.195268	2.522909	9.280179	-0.083774	0.326073	-0.083638	0.784811	0.542413	0.299765	-0.609538	0.762974	0.215252	-0.111957	-0.351650	0.929412
09505	3.052508	2.957028	8.879825	-0.053580	0.410409	-0.043919	0.785546	0.543488	0.295868	-0.609108	0.763432	0.214848	-0.109108	-0.348989	0.930754
09506	1.591440	3.421185	8.349470	-0.174709	0.302948	0.026218	0.785707	0.544717	0.293170	-0.609119	0.763915	0.213090	-0.107884	-0.346002	0.932011
09507	2.687153	3.265347	8.878328	-0.207269	0.143025	0.073687	0.785426	0.545745	0.292008	-0.609448	0.764259	0.210905	-0.108069	-0.343614	0.932872
09508	3.256192	2.065156	9.294750	-0.259590	0.180737	0.096630	0.785024	0.547078	0.290591	-0.609920	0.764638	0.208148	-0.108323	-0.340638	0.933933
09509	2.180993	2.111235	9.330217	-0.362518	0.166940	0.124647	0.784459	0.548569	0.289302	-0.610478	0.765214	0.204362	-0.109272	-0.336926	0.935169
09510	3.589290	1.380767	9.866953	-0.366443	0.038535	0.106535	0.783843	0.549489	0.289225	-0.610903	0.765877	0.200573	-0.111298	-0.333906	0.936013
09511	3.669966	1.264735	9.516691	-0.245787	0.196930	0.097585	0.783480	0.550864	0.287590	-0.611368	0.766188	0.197953	-0.111303	-0.330915	0.937074
