// General information: 
//  MT Manager version: 2022.2.0 
//  XDA version: 2022.2.0 build 7381 rev 124627 built on 2023-07-19
// Device information: 
//  DeviceId: 00B4CB9F
//  ProductCode: MTW2-3A7G6
//  Firmware Version: 4.6.0
//  Hardware Version: 2.0.0
// Device settings: 
//  Filter Profile: human(46.1)
//  Option Flags: Orientation Smoother Disabled, Position/Velocity Smoother Disabled, Continuous Zero Rotation Update Disabled, AHS Disabled, ICC Disabled
// Coordinate system: ENU
PacketCounter	Acc_X	Acc_Y	Acc_Z	Gyr_X	Gyr_Y	Gyr_Z	Mat[1][1]	Mat[2][1]	Mat[3][1]	Mat[1][2]	Mat[2][2]	Mat[3][2]	Mat[1][3]	Mat[2][3]	Mat[3][3]
63481	9.589239	-0.436930	1.958205	-0.085988	0.006165	-0.006991	0.183280	0.108067	0.977103	-0.351016	0.935613	-0.037636	-0.918257	-0.336081	0.209413
63482	9.621901	-0.464943	1.899158	-0.065777	0.012579	-0.004563	0.183317	0.108074	0.977095	-0.350456	0.935818	-0.037757	-0.918464	-0.335508	0.209426
63483	9.550108	-0.512277	1.922034	-0.045845	0.017248	-0.000161	0.183411	0.108155	0.977068	-0.350088	0.935950	-0.037887	-0.918585	-0.335112	0.209528
63484	9.558749	-0.488963	1.977385	-0.014177	0.015142	0.006025	0.183435	0.108270	0.977051	-0.350022	0.935970	-0.038004	-0.918606	-0.335018	0.209586
63485	9.580007	-0.455007	2.014447	-0.004490	0.007842	0.010548	0.183405	0.108421	0.977040	-0.350053	0.935953	-0.038151	-0.918600	-0.335019	0.209611
63486	9.575201	-0.484177	1.995194	-0.009198	0.006549	0.014585	0.183319	0.108587	0.977038	-0.350048	0.935947	-0.038341	-0.918619	-0.334981	0.209588
63487	9.579632	-0.457776	2.015601	-0.004325	0.004464	0.012375	0.183252	0.108743	0.977033	-0.350084	0.935926	-0.038506	-0.918618	-0.334988	0.209580
63488	9.558308	-0.462239	1.965413	-0.009583	-0.004463	0.006481	0.183094	0.108797	0.977057	-0.350060	0.935931	-0.038619	-0.918659	-0.334958	0.209449
63489	9.609303	-0.410489	1.999521	-0.006262	0.003821	0.011564	0.183024	0.108944	0.977053	-0.350078	0.935918	-0.038780	-0.918666	-0.334947	0.209434
63490	9.580435	-0.335215	1.959409	-0.005487	0.005952	0.014613	0.182933	0.109109	0.977052	-0.350106	0.935899	-0.038963	-0.918674	-0.334945	0.209407
63491	9.576926	-0.291776	2.017780	-0.008476	0.006678	0.012482	0.182886	0.109274	0.977042	-0.350105	0.935893	-0.039138	-0.918683	-0.334910	0.209419
63492	9.546969	-0.342231	2.034469	-0.016111	0.009245	0.005445	0.182858	0.109364	0.977038	-0.350019	0.935920	-0.039254	-0.918722	-0.334804	0.209420
63493	9.546921	-0.396433	2.169637	-0.018933	0.011848	0.004907	0.182885	0.109475	0.977020	-0.349908	0.935956	-0.039376	-0.918759	-0.334666	0.209478
63494	9.529715	-0.404221	2.154642	-0.029226	0.013640	-0.000842	0.182919	0.109522	0.977008	-0.349690	0.936034	-0.039458	-0.918835	-0.334432	0.209517
63495	9.520771	-0.397609	2.087588	-0.047167	0.011606	0.000693	0.182959	0.109593	0.976993	-0.349311	0.936170	-0.039599	-0.918971	-0.334030	0.209562
63496	9.482673	-0.377697	2.007914	-0.049662	0.007446	0.003803	0.182920	0.109662	0.976992	-0.348914	0.936310	-0.039769	-0.919129	-0.333612	0.209533
63497	9.539749	-0.478564	1.955058	-0.039637	0.005036	-0.002579	0.182911	0.109681	0.976992	-0.348599	0.936424	-0.039862	-0.919251	-0.333287	0.209517
63498	9.556699	-0.472189	1.970863	-0.027578	-0.008505	0.002846	0.182730	0.109688	0.977025	-0.348403	0.936492	-0.039977	-0.919361	-0.333093	0.209341
63499	9.644600	-0.428753	1.858961	-0.010357	-0.001349	0.003188	0.182642	0.109739	0.977036	-0.348367	0.936502	-0.040065	-0.919392	-0.333050	0.209274
63500	9.653653	-0.373728	1.899710	0.014342	0.017125	0.008290	0.182677	0.109883	0.977013	-0.348567	0.936424	-0.040145	-0.919310	-0.333221	0.209365
63501	9.586819	-0.330063	1.915019	0.029841	0.022252	0.014794	0.182765	0.110122	0.976970	-0.348921	0.936287	-0.040262	-0.919158	-0.333527	0.209545
63502	9.570056	-0.328289	2.007220	0.027134	0.024733	0.010698	0.182862	0.110314	0.976930	-0.349243	0.936164	-0.040339	-0.919016	-0.333809	0.209715
63503	9.532283	-0.298449	2.035374	0.028400	0.027229	0.018761	0.182982	0.110606	0.976875	-0.349592	0.936027	-0.040498	-0.918860	-0.334097	0.209943
63504	9.535855	-0.334695	2.085308	0.020753	0.008785	0.012641	0.182926	0.110763	0.976867	-0.349858	0.935922	-0.040607	-0.918770	-0.334336	0.209955
63505	9.569763	-0.290159	2.104345	0.016648	0.007741	0.018128	0.182869	0.110984	0.976853	-0.350097	0.935825	-0.040784	-0.918690	-0.334535	0.209988
63506	9.478991	-0.173943	2.111474	0.002033	-0.000624	0.011347	0.182731	0.111097	0.976866	-0.350189	0.935785	-0.040920	-0.918682	-0.334611	0.209902
63507	9.491895	-0.185858	2.213472	-0.004271	-0.002916	0.003894	0.182626	0.111150	0.976880	-0.350211	0.935773	-0.041002	-0.918695	-0.334626	0.209822
63508	9.490890	-0.280914	2.255825	-0.018378	0.004852	0.001431	0.182573	0.111188	0.976885	-0.350096	0.935812	-0.041083	-0.918749	-0.334503	0.209781
63509	9.485389	-0.372468	2.264892	-0.021749	0.014450	0.004354	0.182626	0.111303	0.976862	-0.349958	0.935859	-0.041206	-0.918791	-0.334335	0.209864
63510	9.454890	-0.454449	2.295918	-0.027958	0.010891	0.007431	0.182609	0.111418	0.976852	-0.349767	0.935923	-0.041366	-0.918867	-0.334117	0.209879
63511	9.512042	-0.524500	2.229712	-0.028350	0.014503	0.012718	0.182634	0.111612	0.976825	-0.349584	0.935982	-0.041584	-0.918932	-0.333887	0.209959
63512	9.510736	-0.567912	2.138998	-0.025712	0.014121	0.025520	0.182584	0.111907	0.976801	-0.349446	0.936018	-0.041916	-0.918994	-0.333686	0.210007
63513	9.513680	-0.615518	2.082309	-0.007003	0.013016	0.027283	0.182544	0.112232	0.976771	-0.349485	0.935989	-0.042233	-0.918987	-0.333658	0.210082
63514	9.480552	-0.537663	2.008927	0.011423	0.010151	0.031009	0.182438	0.112566	0.976752	-0.349699	0.935896	-0.042541	-0.918927	-0.333809	0.210108
63515	9.493919	-0.434804	1.950106	0.025219	0.014384	0.029596	0.182402	0.112917	0.976719	-0.350039	0.935756	-0.042812	-0.918805	-0.334080	0.210210
63516	9.566875	-0.286738	1.994259	0.025229	0.019632	0.029363	0.182390	0.113268	0.976680	-0.350376	0.935618	-0.043075	-0.918679	-0.334349	0.210334
63517	9.554085	-0.268435	2.000280	0.025122	0.024996	0.032684	0.182440	0.113683	0.976623	-0.350720	0.935475	-0.043376	-0.918537	-0.334608	0.210540
63518	9.546360	-0.191050	2.012195	0.015758	0.020300	0.032028	0.182425	0.114061	0.976581	-0.350976	0.935365	-0.043685	-0.918443	-0.334787	0.210666
63519	9.552722	-0.305426	2.018092	0.002065	0.010704	0.030113	0.182353	0.114404	0.976555	-0.351103	0.935302	-0.044010	-0.918408	-0.334846	0.210723
63520	9.630612	-0.405252	2.015747	-0.004938	-0.000223	0.030368	0.182155	0.114698	0.976557	-0.351166	0.935263	-0.044346	-0.918424	-0.334856	0.210640
63521	9.633429	-0.484904	1.971653	-0.003417	-0.006481	0.036931	0.181901	0.115047	0.976564	-0.351255	0.935210	-0.044748	-0.918440	-0.334883	0.210526
63522	9.595370	-0.499137	1.904346	-0.004999	-0.011890	0.044912	0.181545	0.115437	0.976584	-0.351343	0.935154	-0.045226	-0.918477	-0.334905	0.210330
63523	9.538520	-0.381386	1.836293	0.014484	-0.010910	0.049729	0.181205	0.115891	0.976593	-0.351620	0.935026	-0.045716	-0.918438	-0.335105	0.210181
63524	9.511467	-0.267839	1.886140	0.038803	-0.022534	0.052807	0.180723	0.116320	0.976631	-0.352124	0.934814	-0.046180	-0.918340	-0.335549	0.209901
63525	9.526095	-0.188440	1.943350	0.043145	-0.035508	0.046056	0.180170	0.116657	0.976693	-0.352656	0.934593	-0.046574	-0.918244	-0.336046	0.209525
63526	9.498693	-0.115109	1.898977	0.028831	-0.045342	0.042690	0.179513	0.116913	0.976784	-0.353050	0.934425	-0.046959	-0.918221	-0.336424	0.209018
63527	9.460698	-0.213767	1.975459	-0.009465	-0.071421	0.037293	0.178661	0.117047	0.976924	-0.353083	0.934391	-0.047378	-0.918375	-0.336471	0.208266
63528	9.578155	-0.516560	1.936942	-0.052297	-0.109535	0.029286	0.177462	0.116961	0.977153	-0.352707	0.934512	-0.047801	-0.918752	-0.336166	0.207094
63529	9.670657	-0.787973	1.797064	-0.060546	-0.122159	0.040692	0.176132	0.116956	0.977394	-0.352276	0.934646	-0.048359	-0.919173	-0.335795	0.205822
63530	9.721570	-0.845317	1.754848	-0.036386	-0.131652	0.055938	0.174635	0.117047	0.977652	-0.352092	0.934682	-0.049009	-0.919529	-0.335664	0.204439
63531	9.737857	-0.949226	1.693211	-0.019068	-0.150219	0.073017	0.172931	0.117250	0.977930	-0.352096	0.934638	-0.049797	-0.919849	-0.335714	0.202912
63532	9.718172	-0.960281	1.627908	0.005545	-0.161389	0.088066	0.171046	0.117542	0.978227	-0.352351	0.934495	-0.050677	-0.920104	-0.336010	0.201258
63533	9.698388	-0.971949	1.561692	0.024541	-0.174706	0.093558	0.169044	0.117854	0.978537	-0.352789	0.934280	-0.051579	-0.920307	-0.336497	0.199512
63534	9.770646	-1.029205	1.564852	0.046421	-0.182241	0.090399	0.166956	0.118096	0.978866	-0.353419	0.933996	-0.052403	-0.920446	-0.337201	0.197674
63535	9.807909	-0.960575	1.551293	0.077062	-0.183290	0.095061	0.164868	0.118390	0.979185	-0.354339	0.933602	-0.053218	-0.920469	-0.338189	0.195871
63536	9.741955	-0.707551	1.608327	0.109172	-0.162905	0.098144	0.162928	0.118766	0.979464	-0.355556	0.933094	-0.053999	-0.920345	-0.339456	0.194255
63537	9.642406	-0.435512	1.621648	0.138257	-0.135325	0.084800	0.161315	0.119122	0.979687	-0.357018	0.932500	-0.054598	-0.920063	-0.340959	0.192955
63538	9.517161	-0.221718	1.879194	0.176866	-0.122448	0.070939	0.159842	0.119376	0.979898	-0.358810	0.931790	-0.054986	-0.919623	-0.342808	0.191772
63539	9.539859	-0.151821	2.153803	0.183498	-0.108967	0.053071	0.158584	0.119521	0.980085	-0.360634	0.931073	-0.055191	-0.919127	-0.344700	0.190757
63540	9.472048	-0.079145	2.302549	0.164573	-0.087300	0.038402	0.157551	0.119588	0.980243	-0.362258	0.930437	-0.055287	-0.918666	-0.346391	0.189913
63541	9.371764	-0.173218	2.334635	0.094532	-0.084359	0.029888	0.156602	0.119598	0.980394	-0.363226	0.930050	-0.055437	-0.918446	-0.347423	0.189089
63542	9.353745	-0.331200	2.189637	0.003014	-0.112735	0.015546	0.155420	0.119361	0.980611	-0.363329	0.930000	-0.055616	-0.918606	-0.347640	0.187908
63543	9.440915	-0.664406	2.079014	-0.065573	-0.134125	0.002153	0.154114	0.118940	0.980868	-0.362782	0.930202	-0.055796	-0.919042	-0.347242	0.186507
63544	9.588059	-0.932091	1.946710	-0.097120	-0.138281	0.007037	0.152728	0.118536	0.981134	-0.361950	0.930509	-0.056077	-0.919601	-0.346557	0.185019
63545	9.577580	-1.115835	1.951239	-0.083067	-0.127048	0.006755	0.151470	0.118184	0.981371	-0.361249	0.930766	-0.056333	-0.920085	-0.345986	0.183677
63546	9.582870	-1.247252	2.031007	-0.036768	-0.098615	0.014757	0.150420	0.117992	0.981556	-0.360983	0.930854	-0.056578	-0.920361	-0.345815	0.182612
63547	9.470164	-1.213996	2.096714	0.025493	-0.063511	0.023530	0.149685	0.118017	0.981665	-0.361305	0.930716	-0.056799	-0.920355	-0.346179	0.181954
63548	9.551870	-1.131481	2.194655	0.067843	-0.029970	0.012121	0.149276	0.118039	0.981725	-0.361998	0.930445	-0.056830	-0.920149	-0.346899	0.181623
63549	9.509284	-1.081546	2.258799	0.086416	0.010520	0.003209	0.149296	0.118131	0.981711	-0.362850	0.930118	-0.056741	-0.919810	-0.347743	0.181727
63550	9.481578	-1.047775	2.163978	0.071875	0.037109	-0.013664	0.149599	0.118148	0.981662	-0.363542	0.929862	-0.056513	-0.919488	-0.348421	0.182058
63551	9.474791	-0.894351	1.956050	0.037164	0.032661	-0.037060	0.149968	0.117942	0.981631	-0.363880	0.929754	-0.056118	-0.919294	-0.348780	0.182350
63552	9.562057	-0.861977	1.773249	0.003513	0.026818	-0.059155	0.150342	0.117503	0.981626	-0.363875	0.929789	-0.055568	-0.919235	-0.348835	0.182543
63553	9.608436	-0.793226	1.582155	-0.023874	0.026608	-0.075737	0.150797	0.116916	0.981627	-0.363593	0.929938	-0.054904	-0.919272	-0.348633	0.182742
63554	9.545405	-0.722830	1.512536	-0.027770	0.023074	-0.089554	0.151247	0.116181	0.981645	-0.363254	0.930117	-0.054114	-0.919332	-0.348401	0.182880
63555	9.592540	-0.721053	1.541402	-0.021904	0.011974	-0.102535	0.151664	0.115293	0.981685	-0.362949	0.930290	-0.053184	-0.919384	-0.348236	0.182937
63556	9.643466	-0.676255	1.661522	-0.014747	0.017353	-0.109785	0.152133	0.114350	0.981723	-0.362698	0.930445	-0.052172	-0.919405	-0.348132	0.183026
63557	9.578872	-0.690150	1.898642	0.002760	0.020849	-0.111431	0.152664	0.113411	0.981749	-0.362606	0.930540	-0.051109	-0.919354	-0.348185	0.183183
63558	9.527175	-0.833143	2.103100	-0.012092	0.018038	-0.111147	0.153144	0.112457	0.981784	-0.362375	0.930686	-0.050079	-0.919365	-0.348105	0.183281
63559	9.520789	-1.070406	2.184882	-0.016690	0.000639	-0.113479	0.153496	0.111428	0.981847	-0.362100	0.930849	-0.049032	-0.919414	-0.348001	0.183229
63560	9.562465	-1.251743	2.263695	-0.014176	-0.014355	-0.110563	0.153676	0.110368	0.981938	-0.361852	0.930998	-0.048012	-0.919482	-0.347938	0.183009
63561	9.634961	-1.289418	2.282238	0.002352	-0.004287	-0.117301	0.153996	0.109286	0.982009	-0.361745	0.931097	-0.046892	-0.919470	-0.348016	0.182919
63562	9.617460	-1.207857	2.310403	0.037376	0.013394	-0.121042	0.154470	0.108227	0.982052	-0.361954	0.931076	-0.045677	-0.919309	-0.348402	0.182996
63563	9.568089	-1.065312	2.387018	0.076860	0.044146	-0.139885	0.155317	0.107104	0.982041	-0.362496	0.930937	-0.044199	-0.918952	-0.349122	0.183415
63564	9.472233	-0.888740	2.616563	0.115949	0.065802	-0.161703	0.156422	0.105852	0.982002	-0.363361	0.930681	-0.042441	-0.918423	-0.350183	0.184041
63565	9.451134	-0.791412	2.916798	0.168305	0.098663	-0.181724	0.157924	0.104532	0.981903	-0.364673	0.930259	-0.040382	-0.917646	-0.351696	0.185030
63566	9.416326	-0.737640	3.446570	0.231451	0.159667	-0.197823	0.160027	0.103281	0.981695	-0.366533	0.929627	-0.038054	-0.916540	-0.353734	0.186621
63567	9.382007	-0.837676	4.091342	0.321620	0.261460	-0.197493	0.163082	0.102399	0.981284	-0.369211	0.928665	-0.035548	-0.914925	-0.356504	0.189256
63568	9.330901	-0.880040	4.774382	0.467000	0.454356	-0.192028	0.167866	0.102273	0.980490	-0.373212	0.927166	-0.032815	-0.912433	-0.360422	0.193809
63569	9.292465	-0.868908	5.164105	0.670055	0.698774	-0.165426	0.174786	0.103303	0.979172	-0.379082	0.924880	-0.029907	-0.908706	-0.365960	0.200816
63570	9.141023	-0.355182	4.613449	0.886693	0.921815	-0.124584	0.183542	0.105589	0.977325	-0.386948	0.921709	-0.026912	-0.903650	-0.373234	0.210030
63571	8.563824	1.188400	3.854519	0.922186	1.030963	-0.168952	0.193425	0.107944	0.975159	-0.394990	0.918389	-0.023313	-0.898092	-0.380669	0.220276
63572	8.113159	2.063196	3.603300	0.637914	0.947776	-0.283993	0.202975	0.109000	0.973098	-0.400196	0.916230	-0.019154	-0.893669	-0.385542	0.229593
63573	8.407861	1.918994	3.569550	0.195544	0.784294	-0.420213	0.211593	0.108200	0.971350	-0.401123	0.915907	-0.014646	-0.891251	-0.386532	0.237201
63574	9.348098	1.584063	3.066865	-0.211259	0.608640	-0.516426	0.219016	0.105837	0.969964	-0.398183	0.917249	-0.010177	-0.890776	-0.383995	0.243035
63575	10.311608	1.605316	2.305705	-0.576091	0.444579	-0.508176	0.224921	0.102886	0.968930	-0.391974	0.919952	-0.006695	-0.892058	-0.378289	0.247245
63576	11.067113	1.380212	1.263499	-0.860133	0.220559	-0.430462	0.228500	0.099768	0.968418	-0.383367	0.923584	-0.004693	-0.894884	-0.370187	0.249286
63577	11.488227	1.046876	-0.124464	-1.057959	0.054277	-0.363084	0.230295	0.096629	0.968311	-0.373100	0.927783	-0.003849	-0.898755	-0.360391	0.249716
63578	11.358225	0.754155	-1.256927	-1.253601	-0.018518	-0.338401	0.231306	0.093436	0.968384	-0.361078	0.932528	-0.003731	-0.903394	-0.348799	0.249437
63579	10.919011	0.397697	-2.352674	-1.403387	-0.110326	-0.346754	0.231471	0.089841	0.968685	-0.347616	0.937629	-0.003897	-0.908617	-0.335828	0.248264
63580	10.511522	0.431108	-3.204117	-1.412201	-0.201850	-0.318028	0.230641	0.086207	0.969213	-0.334065	0.942540	-0.004338	-0.913896	-0.322779	0.246187
63581	9.805419	1.023067	-3.391632	-1.318309	-0.242852	-0.280563	0.229272	0.082815	0.969833	-0.321395	0.946933	-0.004880	-0.918771	-0.310581	0.243721
63582	9.347693	1.324387	-2.916807	-1.267488	-0.404267	-0.270618	0.226314	0.079028	0.970843	-0.309159	0.950995	-0.005344	-0.923690	-0.298935	0.239655
63583	9.504752	1.125611	-2.298953	-1.203142	-0.545845	-0.275530	0.222031	0.074830	0.972164	-0.297454	0.954720	-0.005552	-0.928560	-0.287942	0.234236
63584	9.781232	0.803437	-1.551554	-1.060723	-0.587479	-0.268640	0.217254	0.070608	0.973558	-0.287047	0.957901	-0.005417	-0.932955	-0.278280	0.228375
63585	9.992927	0.509069	-0.483855	-0.836174	-0.569683	-0.224493	0.212501	0.066921	0.974867	-0.278804	0.960334	-0.005150	-0.936542	-0.270702	0.222730
63586	9.908392	0.034282	0.478492	-0.545850	-0.572413	-0.168348	0.207499	0.063774	0.976154	-0.273387	0.961893	-0.004729	-0.939257	-0.265887	0.217027
63587	9.989018	-0.342803	1.172501	-0.237084	-0.577523	-0.093933	0.202263	0.061370	0.977406	-0.271021	0.962564	-0.004353	-0.941083	-0.264017	0.211323
63588	10.020441	-0.554757	1.640895	0.037833	-0.521495	-0.000301	0.197254	0.059996	0.978515	-0.271431	0.962448	-0.004295	-0.942028	-0.264752	0.206131
63589	9.841633	-0.399965	2.001437	0.303363	-0.424795	0.080501	0.192970	0.059670	0.979389	-0.274501	0.961576	-0.004499	-0.942025	-0.267975	0.201935
63590	9.638473	-0.058725	2.178163	0.470158	-0.353992	0.125292	0.189187	0.059925	0.980111	-0.279222	0.960215	-0.004812	-0.941405	-0.272758	0.198393
63591	9.585039	0.342673	2.401388	0.536532	-0.303849	0.158184	0.185820	0.060636	0.980711	-0.284622	0.958625	-0.005342	-0.940458	-0.278139	0.195390
63592	9.431707	0.716862	2.813206	0.468401	-0.239833	0.186202	0.182930	0.061753	0.981185	-0.289423	0.957181	-0.006283	-0.939559	-0.282828	0.192970
63593	9.054066	0.687349	3.264498	0.279094	-0.244976	0.212856	0.179946	0.063123	0.981649	-0.292486	0.956237	-0.007873	-0.939187	-0.285702	0.190534
63594	9.002202	0.561487	3.971492	0.058852	-0.312535	0.213599	0.176285	0.064279	0.982238	-0.293470	0.955917	-0.009886	-0.939574	-0.286515	0.187378
63595	9.801176	0.266163	4.344082	-0.099052	-0.351421	0.188015	0.172367	0.065100	0.982879	-0.292921	0.956062	-0.011954	-0.940472	-0.285846	0.183863
63596	10.196747	0.961390	4.129130	-0.220161	-0.199504	0.179923	0.169872	0.066258	0.983236	-0.291212	0.956554	-0.014148	-0.941456	-0.283927	0.181787
63597	9.438764	2.190322	3.919625	-0.434401	-0.013417	0.146649	0.169259	0.067653	0.983247	-0.287422	0.957663	-0.016415	-0.942730	-0.279829	0.181538
63598	8.429453	2.672008	3.788768	-0.759325	0.011925	0.074805	0.169074	0.068408	0.983226	-0.280436	0.959694	-0.018547	-0.944865	-0.272596	0.181443
63599	8.127277	2.426977	3.624663	-1.233473	-0.117206	-0.053333	0.168048	0.067613	0.983457	-0.268723	0.963004	-0.020289	-0.948445	-0.260868	0.180000
63600	8.444173	1.544206	2.910518	-1.708483	-0.280319	-0.168657	0.165746	0.065279	0.984006	-0.252248	0.967420	-0.021690	-0.953362	-0.244618	0.176812
63601	8.673636	0.415119	2.239957	-1.978257	-0.430615	-0.227451	0.162119	0.062092	0.984816	-0.233015	0.972203	-0.022939	-0.958865	-0.225758	0.172081
63602	8.917600	-0.979238	1.924637	-2.074727	-0.618709	-0.231471	0.156613	0.058504	0.985926	-0.212746	0.976809	-0.024169	-0.964475	-0.205967	0.165428
63603	9.485173	-2.338591	1.230788	-1.961234	-0.780093	-0.200960	0.149417	0.055038	0.987241	-0.193526	0.980767	-0.025387	-0.969651	-0.187263	0.157195
63604	10.369577	-3.131630	0.218018	-1.686375	-0.807000	-0.123185	0.141734	0.052394	0.988517	-0.177007	0.983846	-0.026767	-0.973951	-0.171181	0.148719
63605	10.960082	-3.093615	-0.509733	-1.303780	-0.741482	-0.031664	0.134495	0.050896	0.989606	-0.164298	0.986002	-0.028381	-0.977199	-0.158773	0.140975
63606	11.093986	-2.396887	-0.891124	-0.914116	-0.584090	0.031370	0.128650	0.050328	0.990412	-0.155444	0.987390	-0.029983	-0.979432	-0.150096	0.134851
63607	10.643629	-1.555375	-0.970381	-0.556642	-0.364055	0.051008	0.124946	0.050333	0.990886	-0.150107	0.988175	-0.031268	-0.980743	-0.144832	0.131024
63608	9.642007	-1.320781	-0.460279	-0.208961	-0.226838	0.037787	0.122584	0.050407	0.991177	-0.148149	0.988449	-0.031946	-0.981338	-0.142926	0.128636
63609	9.092694	-1.845917	0.782100	0.134949	-0.201162	0.010799	0.120535	0.050263	0.991436	-0.149540	0.988240	-0.031920	-0.981381	-0.144412	0.126634
63610	8.876519	-2.387071	2.086961	0.471013	-0.196115	0.028895	0.118478	0.050285	0.991683	-0.154247	0.987525	-0.031646	-0.980903	-0.149215	0.124757
63611	8.714463	-2.559527	2.988673	0.803361	-0.181960	0.091288	0.116491	0.050945	0.991884	-0.162284	0.986238	-0.031595	-0.979844	-0.157286	0.123155
63612	8.563713	-2.267132	3.833433	1.137030	-0.175270	0.165099	0.114414	0.052316	0.992055	-0.173657	0.984290	-0.031878	-0.978137	-0.168629	0.121701
63613	8.582238	-1.677805	4.518327	1.334922	-0.198719	0.213382	0.112028	0.054101	0.992231	-0.186994	0.981826	-0.032421	-0.975952	-0.181910	0.120108
63614	8.859665	-0.757098	4.760247	1.264780	-0.239549	0.226444	0.109175	0.055901	0.992449	-0.199626	0.979309	-0.033201	-0.973771	-0.194494	0.118076
63615	9.209675	0.227939	4.686030	0.968428	-0.266259	0.211406	0.106092	0.057473	0.992694	-0.209329	0.977247	-0.034208	-0.972073	-0.204170	0.115709
63616	9.258760	0.912181	4.658363	0.505933	-0.292834	0.137657	0.102887	0.058242	0.992986	-0.214441	0.976109	-0.035033	-0.971303	-0.209332	0.112918
63617	9.290259	0.744642	4.399242	0.020247	-0.276453	0.035881	0.100063	0.058047	0.993286	-0.214726	0.976032	-0.035407	-0.971535	-0.209742	0.110129
63618	9.020262	-0.219558	3.955470	-0.316291	-0.265783	-0.052122	0.097531	0.057015	0.993598	-0.211651	0.976709	-0.035270	-0.972467	-0.206856	0.107326
63619	8.727474	-1.581628	3.242044	-0.426343	-0.333249	-0.087900	0.094411	0.055507	0.993985	-0.207470	0.977619	-0.034888	-0.973675	-0.202928	0.103814
63620	9.025125	-2.532706	2.294048	-0.395381	-0.491759	-0.097966	0.089765	0.053589	0.994520	-0.203582	0.978455	-0.034348	-0.974934	-0.199383	0.098741
63621	9.621104	-2.803724	1.359730	-0.320870	-0.590143	-0.081249	0.084112	0.051660	0.995116	-0.200433	0.979121	-0.033888	-0.976090	-0.196604	0.092710
63622	10.102361	-2.564691	0.449352	-0.243877	-0.593282	-0.070931	0.078400	0.049843	0.995675	-0.198047	0.979622	-0.033445	-0.977052	-0.194568	0.086673
63623	10.128531	-2.227059	-0.267135	-0.170383	-0.573808	-0.065081	0.072859	0.048128	0.996180	-0.196383	0.979972	-0.032982	-0.977817	-0.193230	0.080851
63624	9.923227	-2.095071	-0.554299	-0.057824	-0.591027	-0.077768	0.067172	0.046269	0.996668	-0.195813	0.980109	-0.032303	-0.978338	-0.192991	0.074895
63625	9.807296	-2.254521	-0.333388	0.109066	-0.624099	-0.085477	0.061172	0.044257	0.997146	-0.196876	0.979925	-0.031415	-0.978518	-0.194393	0.068658
63626	9.544815	-2.364839	-0.018249	0.309525	-0.670731	-0.081344	0.054710	0.042190	0.997611	-0.199908	0.979341	-0.030454	-0.978286	-0.197764	0.062014
63627	9.516849	-2.352417	0.696641	0.567624	-0.707209	-0.071974	0.047880	0.040101	0.998048	-0.205473	0.978220	-0.029447	-0.977491	-0.203662	0.055076
63628	9.453185	-1.842750	1.708215	0.848493	-0.676381	-0.051270	0.041317	0.038241	0.998414	-0.213788	0.976463	-0.028554	-0.976006	-0.212269	0.048520
63629	9.304417	-1.055764	2.834493	1.064683	-0.605971	-0.025023	0.035402	0.036712	0.998699	-0.224208	0.974143	-0.027862	-0.973898	-0.222930	0.042718
63630	9.133810	-0.536110	3.947990	1.155105	-0.565903	-0.002546	0.029841	0.035444	0.998926	-0.235492	0.971489	-0.027436	-0.971418	-0.234420	0.037338
63631	8.921986	-0.241619	4.846860	1.100576	-0.556974	0.025053	0.024315	0.034384	0.999113	-0.246225	0.968827	-0.027349	-0.968908	-0.245342	0.032023
63632	8.771156	-0.115712	5.446241	0.906846	-0.556519	0.044646	0.018763	0.033477	0.999263	-0.255060	0.966531	-0.027591	-0.966743	-0.254355	0.026673
63633	8.711209	0.498078	5.400054	0.624785	-0.606914	0.044262	0.012723	0.032372	0.999395	-0.261151	0.964894	-0.027930	-0.965214	-0.260637	0.020730
63634	9.075002	1.890477	4.817673	0.284661	-0.654133	0.003284	0.006359	0.030740	0.999507	-0.263947	0.964131	-0.027973	-0.964516	-0.263639	0.014245
63635	9.105184	3.124525	4.548821	-0.118516	-0.650769	-0.077988	0.000224	0.028306	0.999599	-0.262849	0.964452	-0.027252	-0.964837	-0.262737	0.007656
63636	9.008070	3.600227	4.549215	-0.572966	-0.686228	-0.200342	-0.005913	0.024635	0.999679	-0.257370	0.965981	-0.025327	-0.966295	-0.257437	0.000629
63637	9.145082	3.238305	4.641083	-1.043622	-0.709921	-0.324519	-0.012025	0.019735	0.999733	-0.247348	0.968675	-0.022097	-0.968852	-0.247548	-0.006767
63638	9.238302	1.529877	5.006223	-1.371624	-0.680504	-0.425518	-0.017627	0.014011	0.999746	-0.234147	0.972039	-0.017751	-0.972041	-0.234401	-0.013853
63639	10.093256	-0.881105	5.472440	-1.485884	-0.617546	-0.491269	-0.022586	0.007857	0.999714	-0.219825	0.975458	-0.012633	-0.975278	-0.220047	-0.020305
63640	11.963323	-2.303173	5.431185	-1.285835	-0.423207	-0.538575	-0.025579	0.001740	0.999671	-0.207443	0.978222	-0.007010	-0.977913	-0.207554	-0.024661
63641	13.530672	-2.176727	5.125392	-0.825465	-0.025795	-0.477228	-0.024922	-0.002951	0.999685	-0.199531	0.979889	-0.002082	-0.979574	-0.199521	-0.025009
63642	13.706054	-1.614938	5.548835	-0.474648	0.538818	-0.388161	-0.018874	-0.005637	0.999806	-0.195011	0.980799	0.001848	-0.980620	-0.194938	-0.019611
63643	12.915198	-0.665793	5.192853	-0.382999	0.972012	-0.379547	-0.008665	-0.007448	0.999935	-0.191353	0.981505	0.005653	-0.981483	-0.191291	-0.009930
63644	12.059060	1.288632	3.355936	-0.315814	1.042089	-0.426466	0.002388	-0.009597	0.999951	-0.188312	0.982060	0.009875	-0.982106	-0.188326	0.000538
63645	11.871732	2.984085	1.592298	-0.448045	1.035710	-0.529980	0.013490	-0.012840	0.999827	-0.183916	0.982826	0.015103	-0.982849	-0.184088	0.010897
63646	11.920410	3.140741	1.112975	-0.633285	1.176090	-0.678833	0.026296	-0.017326	0.999504	-0.177601	0.983863	0.021728	-0.983751	-0.178084	0.022795
63647	12.174159	2.368421	0.998276	-0.792533	1.277175	-0.751835	0.040112	-0.022465	0.998943	-0.169601	0.985087	0.028964	-0.984696	-0.170583	0.035704
63648	12.774938	1.199806	-0.071710	-0.968157	1.266612	-0.691730	0.053750	-0.027128	0.998186	-0.159784	0.986516	0.035415	-0.985688	-0.161398	0.048691
63649	12.696885	0.515936	-1.234611	-1.013543	1.250315	-0.598243	0.066946	-0.031039	0.997274	-0.149480	0.987923	0.040782	-0.986496	-0.151803	0.061498
63650	11.918403	0.087538	-1.932648	-1.040764	1.195063	-0.526279	0.079513	-0.034435	0.996239	-0.138872	0.989275	0.045279	-0.987113	-0.141950	0.073879
63651	11.210525	-0.480061	-1.971521	-0.941306	1.136190	-0.459534	0.091289	-0.037383	0.995123	-0.129239	0.990399	0.049061	-0.987402	-0.133087	0.085581
63652	10.798987	-1.027886	-1.623638	-0.740911	1.103806	-0.352859	0.102637	-0.039391	0.993939	-0.121630	0.991221	0.051843	-0.987255	-0.126214	0.096945
63653	10.669624	-1.595242	-1.313613	-0.538133	1.096026	-0.203168	0.113639	-0.040009	0.992716	-0.116153	0.991802	0.053269	-0.986709	-0.121360	0.108060
63654	10.444879	-1.988804	-1.315156	-0.313997	1.095867	-0.056499	0.124517	-0.039197	0.991443	-0.113039	0.992153	0.053422	-0.985757	-0.118724	0.119109
63655	10.236235	-1.772397	-1.116594	-0.066150	1.070863	0.054632	0.134947	-0.037345	0.990149	-0.112512	0.992249	0.052759	-0.984444	-0.118524	0.129699
63656	9.833483	-1.136655	-1.124034	0.179693	1.052201	0.109659	0.145170	-0.034936	0.988790	-0.114485	0.992070	0.051860	-0.982761	-0.120730	0.140020
63657	9.281496	-0.636340	-0.873004	0.314277	0.999028	0.142363	0.154757	-0.032261	0.987426	-0.117839	0.991729	0.050870	-0.980900	-0.124230	0.149675
63658	8.887060	-0.412095	-0.709657	0.518234	0.914052	0.161499	0.163512	-0.029435	0.986102	-0.123227	0.991117	0.050018	-0.978815	-0.129692	0.158432
63659	9.250331	-0.132246	-0.624050	0.758083	0.886888	0.174290	0.171903	-0.026485	0.984758	-0.130986	0.990148	0.049495	-0.976367	-0.137497	0.166740
63660	9.146134	0.364203	-0.539456	0.933660	0.987006	0.207144	0.181231	-0.022967	0.983172	-0.140507	0.988866	0.049000	-0.973351	-0.147023	0.175987
63661	8.359862	0.345438	-0.293105	0.813863	0.864712	0.227685	0.189249	-0.019372	0.981738	-0.148896	0.987678	0.048192	-0.970575	-0.155297	0.184033
63662	9.342338	-0.488019	-0.108575	0.774306	0.654826	0.237631	0.195216	-0.015922	0.980631	-0.156913	0.986481	0.047254	-0.968127	-0.163098	0.190078
63663	11.129722	-1.237442	0.133130	0.995372	0.713357	0.308466	0.201553	-0.011646	0.979408	-0.167203	0.984843	0.046120	-0.965101	-0.173056	0.196551
63664	11.645909	-1.131519	0.287594	1.278877	0.948065	0.434460	0.209905	-0.005609	0.977706	-0.180468	0.982579	0.044382	-0.960922	-0.185761	0.205236
63665	10.798571	-0.607668	0.563939	1.532995	1.118248	0.562045	0.219503	0.002103	0.975610	-0.196423	0.979616	0.042082	-0.955634	-0.200869	0.215442
63666	9.959626	0.124327	1.008106	1.702330	1.175167	0.606427	0.229425	0.010553	0.973269	-0.214056	0.976007	0.039876	-0.949497	-0.217483	0.226179
63667	9.752130	0.650724	1.483883	1.790484	1.199978	0.582519	0.239418	0.018973	0.970731	-0.232420	0.971860	0.038328	-0.942688	-0.234793	0.237090
63668	9.904434	1.126959	1.852096	1.737656	1.250061	0.509744	0.249895	0.027014	0.967896	-0.250042	0.967506	0.037553	-0.935431	-0.251399	0.248530
63669	9.724589	1.483520	2.113345	1.568727	1.320783	0.446179	0.260990	0.034771	0.964715	-0.265856	0.963295	0.037203	-0.928011	-0.266185	0.260654
63670	9.570070	1.811830	2.357301	1.319408	1.332228	0.377307	0.272245	0.042082	0.961307	-0.279116	0.959543	0.037042	-0.920857	-0.278401	0.272976
63671	9.506099	2.060565	2.452404	1.061382	1.335715	0.311258	0.283553	0.048876	0.957710	-0.289777	0.956379	0.036988	-0.914126	-0.288011	0.285347
63672	9.262357	2.038458	2.445613	0.799764	1.353536	0.242511	0.295138	0.055188	0.953860	-0.297822	0.953906	0.036960	-0.907852	-0.294989	0.297969
63673	9.075122	1.922251	2.336369	0.597974	1.354423	0.174234	0.306808	0.060906	0.949821	-0.303816	0.952008	0.037092	-0.901978	-0.299951	0.310588
63674	8.909417	1.709175	2.353407	0.441015	1.353981	0.118827	0.318586	0.066166	0.945582	-0.308211	0.950586	0.037327	-0.896387	-0.303330	0.323236
63675	8.759629	1.427385	2.291316	0.326435	1.342605	0.079893	0.330276	0.071040	0.941207	-0.311446	0.949519	0.037621	-0.891021	-0.305561	0.335728
63676	8.611429	1.173202	2.248387	0.273216	1.325347	0.058721	0.341831	0.075701	0.936707	-0.314129	0.948621	0.037971	-0.885706	-0.307226	0.348048
63677	8.375326	1.022686	2.317590	0.246603	1.308209	0.048024	0.353171	0.080212	0.932114	-0.316533	0.947805	0.038369	-0.880385	-0.308596	0.360127
63678	8.229429	0.828311	2.272512	0.255867	1.259767	0.043731	0.364053	0.084563	0.927531	-0.318994	0.946959	0.038870	-0.875047	-0.310028	0.371719
63679	8.248937	0.685855	2.339391	0.308440	1.213782	0.047772	0.374428	0.088817	0.922993	-0.321921	0.945939	0.039567	-0.869581	-0.311946	0.382778
63680	8.332485	0.617483	2.486040	0.368964	1.176092	0.053926	0.384410	0.093049	0.918461	-0.325382	0.944716	0.040476	-0.863919	-0.314410	0.393434
63681	8.302946	0.496091	2.634465	0.432382	1.118106	0.068300	0.393753	0.097253	0.914057	-0.329431	0.943265	0.041550	-0.858157	-0.317480	0.403452
63682	8.223843	0.373878	2.687060	0.469553	1.057359	0.074021	0.402512	0.101362	0.909786	-0.333801	0.941673	0.042767	-0.852385	-0.320902	0.412869
63683	8.191487	0.257905	2.703520	0.502977	0.981188	0.054213	0.410605	0.105066	0.905740	-0.338355	0.939973	0.044352	-0.846711	-0.324673	0.421507
63684	8.167693	0.208406	2.774212	0.535711	0.916709	0.049407	0.418132	0.108561	0.901876	-0.343140	0.938149	0.046161	-0.841083	-0.328772	0.429522
63685	8.164763	0.175708	2.913103	0.618944	0.850419	0.041917	0.425055	0.111796	0.898237	-0.348566	0.936031	0.048445	-0.835362	-0.333687	0.436833
63686	8.179788	0.252748	3.110850	0.707753	0.793382	0.040605	0.431474	0.114880	0.894781	-0.354691	0.933582	0.051174	-0.829473	-0.339451	0.443563
63687	8.015222	0.411163	3.129840	0.795692	0.752688	0.038144	0.437497	0.117841	0.891465	-0.361493	0.930788	0.054368	-0.823358	-0.346044	0.449816
63688	7.876013	0.621071	3.164861	0.860615	0.716871	0.042940	0.443176	0.120779	0.888261	-0.368801	0.927706	0.057861	-0.817056	-0.353234	0.455680
63689	7.609479	0.806178	3.398466	0.892743	0.672527	0.052969	0.448392	0.123695	0.885237	-0.376364	0.924431	0.061465	-0.810737	-0.360731	0.461062
63690	7.478938	0.917976	3.673573	0.913011	0.634706	0.064592	0.453227	0.126636	0.882354	-0.384087	0.920998	0.065107	-0.804402	-0.368409	0.466060
63691	7.493552	1.057706	4.001735	0.919550	0.614168	0.061622	0.457848	0.129512	0.879546	-0.391796	0.917472	0.068854	-0.798042	-0.376128	0.470805
63692	7.515451	1.296229	4.244216	0.958306	0.618830	0.068537	0.462449	0.132520	0.876686	-0.399787	0.913715	0.072769	-0.791398	-0.384139	0.475527
63693	7.422622	1.486555	4.479920	1.006442	0.618271	0.078222	0.466945	0.135656	0.873819	-0.408140	0.909677	0.076876	-0.784464	-0.392538	0.480135
63694	7.314083	1.472991	4.827586	1.078972	0.605970	0.083611	0.471286	0.138847	0.870983	-0.417016	0.905253	0.081336	-0.777166	-0.401546	0.484535
63695	7.509481	1.520417	5.684900	1.121702	0.606611	0.124962	0.475390	0.142460	0.868164	-0.426342	0.900494	0.085692	-0.769569	-0.410872	0.488823
63696	7.956537	1.586038	7.667591	1.201830	0.701267	0.125250	0.480174	0.146525	0.864849	-0.436196	0.895289	0.090499	-0.761030	-0.420699	0.493808
63697	8.459052	1.915736	8.849555	1.332680	0.845989	0.086452	0.486128	0.150920	0.860757	-0.446749	0.889455	0.096358	-0.751062	-0.431385	0.499812
63698	8.301449	2.884954	8.848740	1.434878	0.949536	0.091022	0.492757	0.155900	0.856088	-0.457948	0.883017	0.102787	-0.739915	-0.442693	0.506507
63699	7.307064	4.521678	8.361141	1.312869	0.892792	0.096226	0.498810	0.160762	0.851671	-0.468130	0.876956	0.108641	-0.729413	-0.452884	0.512692
63700	5.865428	5.715432	7.529996	0.938597	0.709718	0.054335	0.503671	0.164498	0.848090	-0.475265	0.872554	0.113012	-0.721414	-0.459988	0.517660
63701	5.061191	6.714221	6.891959	0.343908	0.357969	0.003859	0.506169	0.166198	0.846269	-0.477819	0.870932	0.114750	-0.717971	-0.462446	0.520251
63702	5.228968	6.556324	6.190790	-0.322667	0.028233	-0.048766	0.506581	0.165919	0.846077	-0.475305	0.872470	0.113490	-0.719347	-0.459637	0.520839
63703	5.268166	5.303506	5.391373	-0.942340	-0.214933	-0.087314	0.505381	0.164192	0.847131	-0.468118	0.876879	0.109312	-0.724883	-0.451801	0.520019
63704	5.280673	3.844422	4.531322	-1.350959	-0.503759	-0.073416	0.502031	0.161308	0.849673	-0.457948	0.882999	0.102945	-0.733654	-0.440787	0.517164
63705	5.470575	2.644125	3.338159	-1.546036	-0.846079	-0.007486	0.495750	0.157582	0.854049	-0.446540	0.889702	0.095043	-0.744872	-0.428484	0.511437
63706	5.632513	2.202069	1.792197	-1.738375	-1.136669	0.011826	0.487143	0.152904	0.859832	-0.433587	0.896985	0.086140	-0.758086	-0.414775	0.503257
63707	5.612142	2.225376	0.047718	-2.041057	-1.398841	-0.077875	0.476702	0.146534	0.866766	-0.417640	0.905375	0.076632	-0.773519	-0.398527	0.492792
63708	6.119674	2.418970	-0.630066	-2.368027	-1.636678	-0.272018	0.464993	0.137699	0.874540	-0.397890	0.914947	0.067497	-0.790863	-0.379356	0.480233
63709	7.803439	1.404087	0.443192	-2.557473	-1.826676	-0.509901	0.452290	0.126293	0.882884	-0.375150	0.925029	0.059863	-0.809133	-0.358289	0.465760
63710	11.682673	-0.472557	3.561367	-2.385906	-1.900691	-0.608074	0.438942	0.114024	0.891251	-0.352985	0.934049	0.054346	-0.826276	-0.338453	0.450242
63711	17.791235	-3.412718	9.495622	-1.862502	-1.464239	-0.379467	0.427996	0.105652	0.897584	-0.335892	0.940602	0.049448	-0.839044	-0.322655	0.438062
63712	21.999549	-8.350765	14.154583	-1.002331	-0.492389	0.221082	0.423096	0.106180	0.899842	-0.328453	0.943537	0.043099	-0.844457	-0.313791	0.434082
63713	18.436521	-9.936601	7.598273	0.637560	-0.256955	0.843928	0.418058	0.113343	0.901322	-0.337444	0.940569	0.038238	-0.843421	-0.320131	0.431459
63714	12.438000	-1.530348	1.125432	1.954401	-0.363831	1.159364	0.410936	0.123032	0.903324	-0.358740	0.932737	0.036159	-0.838115	-0.338918	0.427432
63715	7.877373	3.280477	-0.405258	1.314812	-0.230228	1.169282	0.404663	0.133133	0.904723	-0.374563	0.926677	0.031170	-0.834236	-0.351489	0.424859
63716	4.249903	5.037757	-0.788836	-0.047038	-0.201701	0.754339	0.400110	0.139435	0.905798	-0.377264	0.925791	0.024132	-0.835215	-0.351380	0.423022
63717	2.972308	4.587450	-1.392249	-1.086164	-0.466188	0.285158	0.395077	0.140488	0.907842	-0.369353	0.929135	0.016953	-0.841126	-0.342012	0.418969
63718	4.108538	1.952641	-0.400535	-1.082683	-0.984738	-0.032105	0.386838	0.136879	0.911932	-0.360136	0.932812	0.012755	-0.848916	-0.333354	0.410142
63719	7.216365	0.169189	1.373501	-0.613083	-1.621884	-0.155935	0.373497	0.130070	0.918467	-0.354373	0.935031	0.011690	-0.857275	-0.329846	0.395324
63720	10.438672	-0.922288	2.289183	-0.519573	-1.786864	-0.146960	0.358583	0.122836	0.925381	-0.349416	0.936903	0.011032	-0.865636	-0.327299	0.378878
63721	12.095289	-2.091807	2.568677	-0.471862	-1.581410	-0.013469	0.344821	0.117580	0.931275	-0.345326	0.938436	0.009379	-0.872839	-0.324828	0.364196
63722	12.264253	-2.416796	2.898926	-0.302249	-1.254298	0.159397	0.333249	0.115025	0.935796	-0.343278	0.939209	0.006801	-0.878126	-0.323504	0.352476
63723	11.340893	-1.655402	2.768296	-0.256245	-1.001365	0.345684	0.323188	0.115066	0.939313	-0.342215	0.939618	0.002643	-0.882291	-0.322301	0.343050
63724	10.392124	-0.711984	2.392773	-0.339157	-0.853240	0.474220	0.313978	0.116800	0.942219	-0.340784	0.940137	-0.002981	-0.886163	-0.320157	0.334985
63725	9.368250	-0.595146	2.096364	-0.472488	-0.709664	0.507223	0.305891	0.119338	0.944558	-0.338218	0.941021	-0.009361	-0.889966	-0.316603	0.328212
63726	8.452466	-0.994549	1.427543	-0.592372	-0.710023	0.449538	0.297997	0.121358	0.946821	-0.334349	0.942321	-0.015551	-0.894097	-0.311934	0.321384
63727	8.166180	-1.276425	1.032654	-0.603151	-0.801828	0.332373	0.289643	0.122038	0.949323	-0.329977	0.943763	-0.020645	-0.898455	-0.307275	0.313624
63728	8.577991	-1.352480	0.905729	-0.573317	-0.954661	0.203529	0.280325	0.121067	0.952240	-0.325450	0.945245	-0.024370	-0.903051	-0.303075	0.304377
63729	9.137646	-1.302534	0.824363	-0.493134	-1.074175	0.099610	0.270215	0.118799	0.955443	-0.321317	0.946592	-0.026825	-0.907601	-0.299751	0.293956
63730	9.785698	-0.566120	0.886302	-0.472555	-1.200444	0.013703	0.259192	0.115370	0.958910	-0.317109	0.947965	-0.028339	-0.912284	-0.296734	0.282290
63731	10.236469	-0.834565	0.717429	-0.549395	-1.291289	-0.015787	0.247366	0.111441	0.962492	-0.312100	0.949584	-0.029735	-0.917280	-0.293039	0.269676
63732	10.248409	-1.238853	0.831170	-0.502493	-1.324683	-0.009797	0.235154	0.107510	0.965994	-0.307511	0.951040	-0.030987	-0.922030	-0.289767	0.256701
63733	10.428566	-1.666959	0.694633	-0.435786	-1.353697	0.037481	0.222465	0.103990	0.969379	-0.303625	0.952238	-0.032472	-0.926456	-0.287104	0.243413
63734	10.480056	-1.847451	0.780827	-0.327630	-1.305636	0.102546	0.209969	0.101253	0.972451	-0.300861	0.953052	-0.034272	-0.930266	-0.285376	0.230575
63735	10.534003	-1.748539	1.044219	-0.192805	-1.236420	0.151891	0.197929	0.099205	0.975183	-0.299429	0.953431	-0.036218	-0.933363	-0.284829	0.218417
63736	10.382095	-1.448687	1.378439	-0.086472	-1.103472	0.168888	0.187044	0.097695	0.977482	-0.299000	0.953493	-0.038083	-0.935742	-0.285144	0.207556
63737	9.853832	-1.221023	1.747397	-0.067494	-1.006351	0.186238	0.176997	0.096629	0.979457	-0.298762	0.953486	-0.040078	-0.937771	-0.285530	0.197633
63738	9.377986	-0.873018	2.007548	-0.056854	-0.971841	0.177271	0.167275	0.095568	0.981267	-0.298587	0.953460	-0.041960	-0.939609	-0.285975	0.188025
63739	9.103421	-0.567296	2.350055	-0.086615	-0.965122	0.155942	0.157669	0.094323	0.982977	-0.298079	0.953541	-0.043687	-0.941429	-0.286117	0.178460
63740	8.749765	-0.523952	2.487714	-0.186585	-0.985750	0.131102	0.147920	0.092784	0.984637	-0.296574	0.953933	-0.045337	-0.943485	-0.285312	0.168623
63741	8.604901	-0.825363	2.321335	-0.262403	-1.022073	0.027897	0.138120	0.090171	0.986302	-0.294189	0.954636	-0.046079	-0.945715	-0.283794	0.158381
63742	9.152072	-0.711657	2.320502	-0.318609	-1.046426	-0.072616	0.128356	0.086547	0.987944	-0.291127	0.955583	-0.045888	-0.948035	-0.281728	0.147851
63743	9.293114	-0.655872	2.373982	-0.415091	-0.991775	-0.086258	0.119128	0.082973	0.989406	-0.287133	0.956802	-0.045667	-0.950454	-0.278651	0.137806
63744	9.161695	-0.685868	2.162216	-0.461397	-0.953560	-0.099166	0.110270	0.079413	0.990724	-0.282680	0.958142	-0.045339	-0.952855	-0.275058	0.128102
63745	9.181726	-0.652839	2.059110	-0.492452	-0.976088	-0.130430	0.101259	0.075527	0.991989	-0.277896	0.959571	-0.044692	-0.955259	-0.271144	0.118154
63746	9.189203	-0.716219	2.044304	-0.468205	-1.017513	-0.103985	0.091750	0.071819	0.993189	-0.273369	0.960892	-0.044230	-0.957524	-0.267449	0.107795
63747	9.180792	-1.119901	1.944889	-0.459003	-0.981517	-0.099644	0.082549	0.068285	0.994245	-0.268933	0.962165	-0.043753	-0.959615	-0.263774	0.097789
