// General information: 
//  MT Manager version: 2022.2.0 
//  XDA version: 2022.2.0 build 7381 rev 124627 built on 2023-07-19
// Device information: 
//  DeviceId: 00B4CAF0
//  ProductCode: MTW2-3A7G6
//  Firmware Version: 4.6.0
//  Hardware Version: 2.0.0
// Device settings: 
//  Filter Profile: human(46.1)
//  Option Flags: Orientation Smoother Disabled, Position/Velocity Smoother Disabled, Continuous Zero Rotation Update Disabled, AHS Disabled, ICC Disabled
// Coordinate system: ENU
PacketCounter	Acc_X	Acc_Y	Acc_Z	Gyr_X	Gyr_Y	Gyr_Z	Mat[1][1]	Mat[2][1]	Mat[3][1]	Mat[1][2]	Mat[2][2]	Mat[3][2]	Mat[1][3]	Mat[2][3]	Mat[3][3]
00578	4.326504	-1.444999	9.224711	-0.002467	-0.004193	0.000415	-0.867495	-0.228078	0.442077	0.173805	-0.971656	-0.160240	0.466094	-0.062172	0.882548
00579	4.328314	-1.470739	9.247550	0.002014	-0.004818	0.001455	-0.867465	-0.228071	0.442140	0.173781	-0.971657	-0.160260	0.466159	-0.062184	0.882513
00580	4.338596	-1.466388	9.225510	0.004184	-0.002768	-0.000246	-0.867523	-0.228043	0.442041	0.173787	-0.971665	-0.160205	0.466049	-0.062160	0.882572
00581	4.317130	-1.448238	9.246500	0.010571	0.006422	0.001580	-0.867545	-0.228030	0.442004	0.173805	-0.971671	-0.160150	0.466002	-0.062115	0.882601
00582	4.337940	-1.464898	9.226056	0.008248	0.003722	-0.000205	-0.867633	-0.227999	0.441849	0.173830	-0.971681	-0.160058	0.465829	-0.062065	0.882695
00583	4.325425	-1.440074	9.279808	0.009271	0.006267	0.002409	-0.867653	-0.227994	0.441812	0.173848	-0.971685	-0.160018	0.465785	-0.062032	0.882721
00584	4.267175	-1.471282	9.248162	0.008116	0.007604	0.001038	-0.867756	-0.227972	0.441620	0.173884	-0.971692	-0.159933	0.465579	-0.061992	0.882832
00585	4.297049	-1.481570	9.260393	0.007971	0.006112	0.003238	-0.867774	-0.227975	0.441584	0.173903	-0.971693	-0.159909	0.465539	-0.061972	0.882855
00586	4.325741	-1.466318	9.249456	0.004923	0.003009	0.000126	-0.867857	-0.227947	0.441434	0.173916	-0.971701	-0.159847	0.465379	-0.061952	0.882941
00587	4.294784	-1.454782	9.237922	0.008545	0.005863	0.001080	-0.867877	-0.227929	0.441403	0.173919	-0.971706	-0.159808	0.465339	-0.061925	0.882963
00588	4.332744	-1.432776	9.259613	0.008830	0.002631	0.003323	-0.867953	-0.227933	0.441253	0.173978	-0.971709	-0.159726	0.465176	-0.061867	0.883054
00589	4.291645	-1.425313	9.270082	0.007113	0.009591	0.003151	-0.867987	-0.227933	0.441185	0.173993	-0.971710	-0.159709	0.465107	-0.061862	0.883090
00590	4.323432	-1.463953	9.250910	0.006243	0.007697	0.004023	-0.868085	-0.227939	0.440990	0.174045	-0.971710	-0.159652	0.464905	-0.061840	0.883198
00591	4.280753	-1.430782	9.238408	0.010869	0.008561	0.002864	-0.868115	-0.227938	0.440932	0.174075	-0.971713	-0.159601	0.464838	-0.061797	0.883237
00592	4.290434	-1.449065	9.294640	0.009866	0.010549	0.004977	-0.868224	-0.227952	0.440709	0.174152	-0.971713	-0.159516	0.464605	-0.061745	0.883363
00593	4.280418	-1.454818	9.262521	0.011727	0.005079	0.002950	-0.868238	-0.227953	0.440682	0.174187	-0.971716	-0.159457	0.464567	-0.061686	0.883387
00594	4.289652	-1.449858	9.241080	0.009714	0.009896	0.001491	-0.868350	-0.227933	0.440472	0.174233	-0.971724	-0.159358	0.464340	-0.061634	0.883510
00595	4.278997	-1.453183	9.263434	0.008401	0.004369	0.003280	-0.868359	-0.227938	0.440450	0.174255	-0.971725	-0.159330	0.464314	-0.061605	0.883526
00596	4.311046	-1.491521	9.244230	0.012024	0.007221	0.004234	-0.868454	-0.227947	0.440259	0.174336	-0.971728	-0.159223	0.464107	-0.061525	0.883640
00597	4.279802	-1.479877	9.232823	0.004212	0.007976	-0.002163	-0.868490	-0.227896	0.440215	0.174291	-0.971738	-0.159208	0.464056	-0.061545	0.883665
00598	4.327133	-1.453815	9.232881	0.010884	0.013930	0.001901	-0.868619	-0.227878	0.439969	0.174347	-0.971746	-0.159100	0.463793	-0.061490	0.883807
00599	4.264073	-1.428400	9.264422	0.010733	0.013277	-0.001584	-0.868679	-0.227830	0.439876	0.174337	-0.971759	-0.159030	0.463686	-0.061459	0.883866
00600	4.242399	-1.412570	9.231286	0.007261	0.011077	0.000947	-0.868796	-0.227805	0.439657	0.174367	-0.971767	-0.158950	0.463454	-0.061433	0.883989
00601	4.201055	-1.405021	9.241816	0.007393	0.007194	-0.000293	-0.868825	-0.227773	0.439616	0.174353	-0.971775	-0.158915	0.463405	-0.061420	0.884016
00602	4.281243	-1.415802	9.276347	0.002441	-0.006556	0.001506	-0.868860	-0.227763	0.439553	0.174366	-0.971779	-0.158879	0.463335	-0.061401	0.884054
00603	4.252433	-1.430555	9.287393	-0.001447	-0.001643	0.003030	-0.868842	-0.227769	0.439585	0.174340	-0.971774	-0.158937	0.463378	-0.061454	0.884027
00604	4.285868	-1.469997	9.267416	-0.003948	-0.015740	-0.000314	-0.868837	-0.227747	0.439606	0.174307	-0.971778	-0.158950	0.463399	-0.061475	0.884015
00605	4.326289	-1.451527	9.233636	-0.000900	-0.012639	0.002797	-0.868769	-0.227758	0.439735	0.174282	-0.971774	-0.159002	0.463537	-0.061498	0.883941
00606	4.339318	-1.476181	9.179756	-0.007539	-0.008684	0.002495	-0.868792	-0.227759	0.439690	0.174257	-0.971769	-0.159058	0.463504	-0.061570	0.883953
00607	4.376175	-1.427096	9.232237	0.000712	-0.004970	0.002289	-0.868760	-0.227760	0.439752	0.174234	-0.971767	-0.159094	0.463572	-0.061594	0.883916
00608	4.349208	-1.469942	9.211992	0.002323	0.002699	0.001783	-0.868836	-0.227747	0.439608	0.174249	-0.971770	-0.159060	0.463423	-0.061596	0.883994
00609	4.346574	-1.441475	9.243721	0.006244	0.007694	0.004020	-0.868860	-0.227757	0.439556	0.174267	-0.971768	-0.159054	0.463372	-0.061596	0.884020
00610	4.337651	-1.473208	9.234781	0.009010	0.014025	0.004885	-0.868983	-0.227767	0.439307	0.174339	-0.971768	-0.158975	0.463114	-0.061558	0.884158
00611	4.294400	-1.439895	9.222515	0.012337	0.014733	0.004554	-0.869038	-0.227778	0.439192	0.174390	-0.971768	-0.158917	0.462991	-0.061514	0.884226
00612	4.342438	-1.439139	9.246029	0.013653	0.020257	0.002763	-0.869194	-0.227763	0.438892	0.174466	-0.971776	-0.158787	0.462671	-0.061445	0.884398
00613	4.292122	-1.463486	9.247619	0.012503	0.020755	0.007075	-0.869272	-0.227795	0.438720	0.174539	-0.971770	-0.158740	0.462495	-0.061414	0.884492
00614	4.290473	-1.462335	9.248566	0.016669	0.013446	0.002112	-0.869397	-0.227778	0.438482	0.174623	-0.971782	-0.158580	0.462229	-0.061300	0.884639
00615	4.267694	-1.443428	9.270171	0.015237	0.017175	0.004178	-0.869464	-0.227784	0.438345	0.174684	-0.971784	-0.158495	0.462080	-0.061234	0.884722
00616	4.256242	-1.446418	9.292913	0.011466	0.012834	0.005426	-0.869580	-0.227800	0.438108	0.174772	-0.971785	-0.158396	0.461829	-0.061169	0.884857
00617	4.265047	-1.441622	9.271670	0.010594	0.010942	0.006299	-0.869614	-0.227830	0.438023	0.174830	-0.971780	-0.158361	0.461742	-0.061133	0.884905
00618	4.274106	-1.437043	9.250281	0.006244	0.007689	0.004018	-0.869708	-0.227835	0.437834	0.174882	-0.971780	-0.158302	0.461545	-0.061107	0.885010
00619	4.284822	-1.458273	9.251827	0.005800	0.004058	0.004937	-0.869713	-0.227857	0.437813	0.174906	-0.971776	-0.158304	0.461526	-0.061103	0.885020
00620	4.263082	-1.440450	9.272756	0.003774	0.003503	0.004437	-0.869787	-0.227868	0.437660	0.174950	-0.971774	-0.158268	0.461371	-0.061091	0.885102
00621	4.261532	-1.414642	9.249773	0.004630	0.000024	0.004529	-0.869774	-0.227888	0.437675	0.174965	-0.971769	-0.158278	0.461389	-0.061089	0.885092
00622	4.303209	-1.447120	9.262980	0.001600	0.001460	0.006140	-0.869835	-0.227918	0.437538	0.175014	-0.971762	-0.158269	0.461255	-0.061093	0.885162
00623	4.266158	-1.494047	9.264688	0.002306	-0.002674	0.002747	-0.869813	-0.227921	0.437580	0.175003	-0.971760	-0.158292	0.461301	-0.061107	0.885137
00624	4.264310	-1.465848	9.295951	0.000132	-0.004717	0.004450	-0.869849	-0.227938	0.437501	0.175030	-0.971756	-0.158288	0.461224	-0.061111	0.885177
00625	4.253641	-1.444489	9.294404	-0.003214	-0.009959	0.000058	-0.869798	-0.227921	0.437612	0.174970	-0.971757	-0.158348	0.461343	-0.061162	0.885111
00626	4.314381	-1.441107	9.294572	-0.002934	-0.013187	0.002306	-0.869798	-0.227922	0.437611	0.174964	-0.971756	-0.158362	0.461346	-0.061177	0.885109
00627	4.298520	-1.480480	9.251835	-0.006839	-0.012808	-0.000895	-0.869735	-0.227896	0.437749	0.174879	-0.971757	-0.158450	0.461495	-0.061257	0.885025
00628	4.306228	-1.423130	9.237589	-0.004812	-0.012254	-0.000396	-0.869744	-0.227871	0.437745	0.174841	-0.971760	-0.158469	0.461494	-0.061291	0.885024
00629	4.318736	-1.445054	9.238187	-0.002358	-0.013440	0.000149	-0.869677	-0.227856	0.437886	0.174786	-0.971762	-0.158522	0.461641	-0.061327	0.884944
00630	4.297284	-1.402227	9.235175	-0.003508	-0.012939	0.004461	-0.869673	-0.227878	0.437882	0.174796	-0.971755	-0.158550	0.461644	-0.061346	0.884942
00631	4.304106	-1.484969	9.194774	-0.007133	-0.015789	0.003508	-0.869589	-0.227897	0.438038	0.174748	-0.971746	-0.158660	0.461820	-0.061423	0.884844
00632	4.291432	-1.433319	9.278683	-0.007430	-0.017933	0.002225	-0.869566	-0.227900	0.438082	0.174721	-0.971742	-0.158713	0.461873	-0.061469	0.884813
00633	4.270654	-1.391345	9.275258	-0.015829	-0.023132	0.004633	-0.869447	-0.227935	0.438302	0.174642	-0.971725	-0.158905	0.462128	-0.061613	0.884670
00634	4.270165	-1.505621	9.278940	-0.034804	-0.034741	0.005466	-0.869340	-0.227980	0.438489	0.174516	-0.971697	-0.159213	0.462376	-0.061887	0.884521
00635	4.151236	-1.483055	9.415861	-0.037615	-0.050154	-0.004847	-0.869112	-0.227940	0.438963	0.174255	-0.971688	-0.159556	0.462904	-0.062181	0.884225
00636	4.153570	-1.431110	9.475224	-0.060852	-0.085049	-0.004656	-0.868789	-0.227918	0.439612	0.173920	-0.971666	-0.160051	0.463634	-0.062593	0.883813
00637	4.225439	-1.485809	9.516652	-0.099253	-0.109451	-0.019137	-0.868310	-0.227776	0.440632	0.173247	-0.971650	-0.160875	0.464783	-0.063351	0.883155
00638	3.940123	-1.540049	9.530714	-0.136202	-0.126039	-0.043301	-0.867862	-0.227406	0.441704	0.172225	-0.971668	-0.161863	0.465998	-0.064402	0.882439
00639	3.456462	-1.104879	9.924670	-0.148983	-0.198903	-0.061483	-0.867034	-0.226914	0.443580	0.170951	-0.971714	-0.162936	0.468005	-0.065441	0.881299
00640	4.165254	-1.159163	9.668079	-0.206592	-0.320808	-0.045270	-0.865670	-0.226656	0.446366	0.169577	-0.971686	-0.164530	0.471019	-0.066735	0.879595
00641	4.275564	-1.476276	9.467348	-0.238745	-0.317514	-0.033433	-0.864221	-0.226521	0.449234	0.168114	-0.971603	-0.166509	0.474195	-0.068378	0.877761
00642	4.161821	-1.541971	9.538615	-0.201848	-0.365569	-0.037240	-0.862610	-0.226381	0.452389	0.166821	-0.971554	-0.168086	0.477572	-0.069525	0.875837
00643	4.078911	-1.537276	9.660735	-0.237015	-0.409267	-0.045080	-0.860717	-0.226206	0.456068	0.165249	-0.971492	-0.169985	0.481518	-0.070944	0.873560
00644	4.294332	-1.609779	9.485970	-0.244473	-0.481595	-0.072980	-0.858575	-0.225812	0.460281	0.163429	-0.971489	-0.171759	0.485942	-0.072244	0.871000
00645	4.029070	-1.988372	9.660609	-0.346660	-0.491741	-0.124313	-0.856369	-0.224941	0.464794	0.160624	-0.971517	-0.174228	0.490746	-0.074547	0.868108
00646	4.099096	-2.005369	9.479844	-0.269427	-0.553375	-0.196994	-0.854023	-0.223412	0.469821	0.157600	-0.971761	-0.175619	0.495789	-0.075938	0.865116
00647	4.246062	-1.669087	9.560221	-0.285625	-0.593946	-0.273777	-0.851482	-0.221183	0.475454	0.153795	-0.972153	-0.176821	0.501324	-0.077437	0.861787
00648	4.244677	-1.803587	9.424248	-0.329354	-0.621140	-0.350365	-0.848953	-0.218232	0.481304	0.149146	-0.972670	-0.177954	0.506985	-0.079290	0.858300
00649	4.557578	-1.572296	9.246437	-0.309512	-0.665051	-0.407374	-0.846152	-0.214777	0.487748	0.144067	-0.973306	-0.178660	0.513100	-0.080905	0.854507
00650	4.726688	-1.444144	9.040027	-0.366212	-0.672385	-0.405986	-0.843329	-0.211345	0.494094	0.138738	-0.973877	-0.179767	0.519179	-0.083053	0.850620
00651	4.728562	-1.468935	9.082099	-0.395361	-0.685161	-0.399054	-0.840286	-0.208011	0.500650	0.133266	-0.974381	-0.181166	0.525509	-0.085511	0.846480
00652	4.713298	-1.701848	9.016952	-0.456539	-0.666889	-0.402465	-0.837362	-0.204638	0.506901	0.127468	-0.974820	-0.182971	0.531580	-0.088600	0.842361
00653	4.606041	-2.044588	8.946430	-0.465869	-0.621252	-0.416000	-0.834551	-0.201118	0.512909	0.121452	-0.975244	-0.184793	0.537377	-0.091925	0.838317
00654	4.578881	-2.310549	8.871837	-0.452518	-0.545740	-0.485247	-0.832256	-0.196864	0.518260	0.114956	-0.975791	-0.186056	0.542342	-0.095269	0.834739
00655	4.425890	-2.052292	8.833374	-0.458422	-0.465091	-0.586203	-0.830368	-0.191570	0.523250	0.107538	-0.976485	-0.186850	0.546741	-0.098885	0.831442
00656	4.890220	-2.041636	8.104135	-0.594972	-0.342359	-0.701585	-0.829292	-0.185033	0.527293	0.098444	-0.977206	-0.188086	0.550076	-0.104070	0.828605
00657	4.803437	-2.460993	7.480352	-0.719407	-0.092639	-0.776522	-0.829497	-0.177518	0.529549	0.087992	-0.977840	-0.189964	0.551536	-0.110978	0.826735
00658	4.915588	-2.305905	7.143708	-0.628789	0.157264	-0.841418	-0.831139	-0.169078	0.529737	0.077531	-0.978583	-0.190694	0.550633	-0.117422	0.826447
00659	5.721208	-1.957044	7.221479	-0.581434	0.384377	-0.896681	-0.833888	-0.159812	0.528291	0.066824	-0.979355	-0.190784	0.547874	-0.123790	0.827351
00660	6.832656	-2.109059	6.984589	-0.578976	0.569926	-0.954128	-0.837658	-0.149711	0.525277	0.055680	-0.980097	-0.190548	0.543350	-0.130367	0.829322
00661	7.640091	-2.276696	6.383384	-0.511992	0.702705	-1.010319	-0.841952	-0.138844	0.521382	0.044379	-0.980869	-0.189541	0.537724	-0.136446	0.832007
00662	8.455601	-2.490295	5.994635	-0.432160	0.765778	-0.955350	-0.846489	-0.128377	0.516697	0.033991	-0.981545	-0.188184	0.531320	-0.141733	0.835231
00663	7.316862	-2.425317	6.882608	-0.146530	0.893289	-0.760268	-0.851422	-0.119611	0.510660	0.026716	-0.982275	-0.185533	0.523800	-0.144325	0.839526
00664	6.564712	-0.709093	7.665590	0.394005	0.891086	-0.598466	-0.856266	-0.112428	0.504151	0.023638	-0.983532	-0.179183	0.515994	-0.141511	0.844822
00665	5.105133	0.884543	9.606016	0.371037	0.872701	-0.425378	-0.860823	-0.106995	0.497530	0.021839	-0.984515	-0.173937	0.508436	-0.138864	0.849829
00666	4.334313	-1.138722	9.950596	-0.192292	0.860904	-0.228097	-0.865271	-0.103512	0.490501	0.018883	-0.984485	-0.174448	0.500948	-0.141682	0.853802
00667	3.578311	-1.830710	9.543423	0.123576	0.667075	-0.119409	-0.868606	-0.101370	0.485023	0.018416	-0.984778	-0.172837	0.495161	-0.141195	0.857251
00668	3.738411	-0.285658	10.286328	0.293846	0.490942	0.002858	-0.871083	-0.100680	0.480705	0.019874	-0.985187	-0.170327	0.490733	-0.138815	0.860181
00669	3.955083	-0.406502	10.087585	0.056517	0.342845	0.100081	-0.872731	-0.101168	0.477605	0.020976	-0.985160	-0.170349	0.487751	-0.138651	0.861902
00670	4.355319	-1.160835	9.535276	-0.038190	0.238168	0.131663	-0.873920	-0.102102	0.475225	0.021926	-0.984975	-0.171300	0.485574	-0.139283	0.863028
00671	4.246407	-1.234774	9.595890	-0.042430	0.143668	0.126462	-0.874579	-0.103124	0.473789	0.022779	-0.984782	-0.172297	0.484347	-0.139894	0.863619
00672	4.179567	-1.435825	9.625660	-0.111103	0.065927	0.110892	-0.874932	-0.104091	0.472926	0.023199	-0.984512	-0.173774	0.483689	-0.141069	0.863796
00673	4.145137	-1.504321	9.677782	-0.119596	-0.017586	0.089429	-0.874817	-0.104974	0.472944	0.023356	-0.984245	-0.175259	0.483890	-0.142274	0.863486
00674	4.320886	-1.459702	9.653165	-0.136979	-0.102331	0.077298	-0.874363	-0.105849	0.473587	0.023357	-0.983970	-0.176799	0.484709	-0.143525	0.862819
00675	4.352067	-1.634695	9.464251	-0.172702	-0.153116	0.068522	-0.873595	-0.106721	0.474808	0.023070	-0.983644	-0.178643	0.486107	-0.145107	0.861768
00676	4.576224	-1.737989	9.263225	-0.169556	-0.194933	0.060553	-0.872693	-0.107568	0.476273	0.022762	-0.983333	-0.180382	0.487739	-0.146577	0.860596
00677	4.759779	-1.777402	9.008468	-0.158580	-0.202232	0.053067	-0.871683	-0.108365	0.477939	0.022403	-0.983038	-0.182028	0.489557	-0.147963	0.859326
00678	4.856934	-1.790564	8.864456	-0.145286	-0.193170	0.048878	-0.870786	-0.109100	0.479404	0.022106	-0.982771	-0.183500	0.491165	-0.149192	0.858195
00679	4.952790	-1.861312	8.729518	-0.131272	-0.162583	0.048149	-0.869966	-0.109794	0.480733	0.021832	-0.982517	-0.184887	0.492627	-0.150350	0.857154
00680	5.028166	-2.003576	8.647998	-0.105230	-0.110106	0.042021	-0.869475	-0.110340	0.481496	0.021668	-0.982314	-0.185981	0.493501	-0.151273	0.856489
00681	5.289455	-2.087300	8.362043	-0.062852	-0.038124	0.030134	-0.869271	-0.110671	0.481789	0.021573	-0.982181	-0.186694	0.493865	-0.151894	0.856169
00682	5.380356	-2.162210	8.128025	-0.004529	0.075176	0.020367	-0.869697	-0.110725	0.481007	0.021716	-0.982154	-0.186822	0.493109	-0.152033	0.856580
00683	5.381522	-2.178796	8.080521	0.051460	0.209492	0.017929	-0.870714	-0.110560	0.479200	0.022078	-0.982207	-0.186497	0.491293	-0.151805	0.857663
00684	5.302201	-2.188844	8.205624	0.113478	0.318046	0.008452	-0.872327	-0.110130	0.476357	0.022695	-0.982372	-0.185556	0.488395	-0.151055	0.859449
00685	5.162665	-2.080733	8.353506	0.178177	0.414620	0.002941	-0.874335	-0.109513	0.472806	0.023541	-0.982632	-0.184066	0.484752	-0.149805	0.861727
00686	5.133780	-2.058622	8.414102	0.240603	0.490500	0.004009	-0.876755	-0.108791	0.468471	0.024724	-0.982987	-0.182003	0.480301	-0.147990	0.864529
00687	4.968552	-1.831470	8.683720	0.305171	0.552035	-0.014539	-0.879388	-0.107814	0.463738	0.026008	-0.983446	-0.179323	0.475395	-0.145633	0.867635
00688	4.784169	-1.694775	8.917340	0.322960	0.595883	-0.024235	-0.882263	-0.106685	0.458508	0.027306	-0.983940	-0.176399	0.469964	-0.143110	0.871007
00689	4.526885	-1.572613	9.170057	0.343123	0.604084	-0.027371	-0.885085	-0.105537	0.453307	0.028622	-0.984451	-0.173311	0.464549	-0.140420	0.874343
00690	4.250698	-1.372078	9.519432	0.344674	0.580594	-0.028596	-0.887825	-0.104417	0.448178	0.029945	-0.984962	-0.170158	0.459205	-0.137650	0.877601
00691	0.474073	0.225328	12.223155	0.457213	0.561292	0.005696	-0.890378	-0.103689	0.443255	0.032038	-0.985572	-0.166195	0.454093	-0.133775	0.880854
00692	5.753324	-1.432935	8.785648	-0.008016	-0.073841	0.016412	-0.890091	-0.103918	0.443778	0.032134	-0.985546	-0.166330	0.454648	-0.133788	0.880566
00693	3.360250	-1.573373	9.982433	0.068788	0.180448	0.035803	-0.890890	-0.104007	0.442151	0.032720	-0.985597	-0.165914	0.453039	-0.133344	0.881462
00694	4.268824	-1.286028	9.738286	0.090679	0.046433	0.017659	-0.891148	-0.104088	0.441612	0.033274	-0.985701	-0.165184	0.452492	-0.132509	0.881869
00695	4.217530	-1.523177	9.503533	-0.001362	0.008425	0.017831	-0.891171	-0.104229	0.441531	0.033381	-0.985677	-0.165306	0.452437	-0.132577	0.881887
00696	4.054839	-1.490193	9.662224	-0.020878	-0.044956	0.013190	-0.891017	-0.104387	0.441806	0.033391	-0.985638	-0.165539	0.452740	-0.132746	0.881706
00697	4.222856	-1.559280	9.433054	-0.043220	-0.083070	0.005547	-0.890630	-0.104529	0.442551	0.033199	-0.985571	-0.165976	0.453515	-0.133131	0.881249
00698	4.210495	-1.608639	9.404627	-0.060329	-0.109878	0.000145	-0.890185	-0.104645	0.443418	0.032913	-0.985492	-0.166498	0.454409	-0.133620	0.880715
00699	4.110348	-1.662111	9.361292	-0.074170	-0.135745	-0.005529	-0.889561	-0.104749	0.444645	0.032481	-0.985395	-0.167158	0.455661	-0.134254	0.879971
00700	3.783213	-1.167326	9.859751	-0.087902	-0.179474	-0.017332	-0.888801	-0.104789	0.446152	0.031913	-0.985297	-0.167844	0.457180	-0.134942	0.879077
00701	4.210930	-1.693949	9.256431	-0.173637	-0.240450	-0.009269	-0.887694	-0.105000	0.448302	0.030989	-0.985067	-0.169359	0.459391	-0.136446	0.877692
00702	4.356275	-1.537240	9.238721	-0.173386	-0.296569	-0.019914	-0.886388	-0.105179	0.450836	0.030001	-0.984852	-0.170779	0.461969	-0.137851	0.876117
00703	4.596845	-1.371373	9.069192	-0.147865	-0.280006	-0.012248	-0.885086	-0.105423	0.453330	0.029162	-0.984657	-0.172049	0.464513	-0.139058	0.874580
00704	4.719460	-1.463084	8.933658	-0.158263	-0.256366	0.004525	-0.883946	-0.105794	0.455463	0.028453	-0.984433	-0.173442	0.466722	-0.140354	0.873196
00705	4.862100	-1.568015	8.776568	-0.141021	-0.229885	0.019173	-0.882857	-0.106283	0.457458	0.027916	-0.984210	-0.174790	0.468812	-0.141544	0.871884
00706	4.855301	-1.713309	8.683266	-0.102067	-0.182457	0.028305	-0.882047	-0.106788	0.458900	0.027675	-0.984037	-0.175798	0.470348	-0.142362	0.870922
00707	4.896984	-1.881160	8.690873	-0.082746	-0.120429	0.028107	-0.881463	-0.107214	0.459922	0.027486	-0.983885	-0.176678	0.471452	-0.143093	0.870205
00708	4.710785	-1.993647	8.733977	-0.048471	-0.072156	0.017613	-0.881172	-0.107458	0.460423	0.027400	-0.983799	-0.177169	0.472002	-0.143501	0.869840
00709	4.750888	-2.034588	8.817238	-0.027920	-0.027402	0.001112	-0.881033	-0.107485	0.460682	0.027232	-0.983753	-0.177448	0.472270	-0.143792	0.869646
00710	4.603215	-1.909366	9.070845	-0.017294	0.002538	-0.018002	-0.881103	-0.107273	0.460597	0.026979	-0.983750	-0.177505	0.472154	-0.143974	0.869679
00711	4.486915	-1.727062	9.163610	-0.039112	0.002948	-0.029168	-0.881116	-0.106958	0.460646	0.026491	-0.983721	-0.177741	0.472158	-0.144408	0.869605
00712	4.466585	-1.506649	9.170931	-0.037897	-0.007997	-0.029867	-0.881139	-0.106644	0.460675	0.026035	-0.983700	-0.177924	0.472141	-0.144782	0.869552
00713	4.424431	-1.337693	9.317459	-0.061014	-0.032223	-0.019157	-0.880982	-0.106480	0.461012	0.025532	-0.983627	-0.178397	0.472460	-0.145394	0.869277
00714	4.196706	-1.301162	9.423227	-0.097799	-0.071481	-0.005061	-0.880699	-0.106502	0.461549	0.025012	-0.983492	-0.179213	0.473016	-0.146288	0.868824
00715	4.257654	-1.365119	9.393561	-0.130378	-0.145337	0.006842	-0.879999	-0.106760	0.462821	0.024409	-0.983289	-0.180407	0.474347	-0.147461	0.867900
00716	4.134067	-1.450325	9.467716	-0.179586	-0.209028	0.012015	-0.879057	-0.107155	0.464518	0.023649	-0.983013	-0.182008	0.476131	-0.149010	0.866658
00717	4.076925	-1.530081	9.538761	-0.237572	-0.300930	0.012256	-0.877608	-0.107704	0.467124	0.022575	-0.982638	-0.184152	0.478848	-0.151068	0.864802
00718	4.048441	-1.723176	9.632980	-0.315140	-0.390818	0.008859	-0.875782	-0.108354	0.470388	0.021127	-0.982151	-0.186903	0.482244	-0.153748	0.862440
00719	3.897086	-1.753561	9.806757	-0.396925	-0.497410	-0.004449	-0.873364	-0.109061	0.474701	0.019119	-0.981534	-0.190328	0.486693	-0.157150	0.859322
00720	3.863478	-1.861300	9.828842	-0.489374	-0.635192	-0.021563	-0.870316	-0.109827	0.480093	0.016525	-0.980781	-0.194408	0.492217	-0.161263	0.855404
00721	3.525041	-1.666289	9.878500	-0.570382	-0.807694	-0.048378	-0.866309	-0.110652	0.487099	0.013230	-0.979896	-0.199068	0.499334	-0.166010	0.850357
00722	3.454671	-1.649964	10.018727	-0.748389	-1.070565	-0.071779	-0.860982	-0.111725	0.496214	0.008831	-0.978714	-0.205041	0.508560	-0.172154	0.843641
00723	3.149236	-1.565453	9.915896	-0.756968	-1.320347	-0.090045	-0.854187	-0.113135	0.507509	0.004118	-0.977483	-0.210972	0.519950	-0.178120	0.835419
00724	3.007269	-1.448216	10.095788	-0.753866	-1.638902	-0.129205	-0.845620	-0.114802	0.521294	-0.000958	-0.976270	-0.216553	0.533785	-0.183621	0.825443
00725	3.130068	-1.569953	9.908772	-0.714153	-1.898408	-0.200382	-0.835316	-0.116357	0.537316	-0.006560	-0.975167	-0.221372	0.549731	-0.188441	0.813809
00726	3.227115	-1.613978	10.075976	-0.505360	-2.125188	-0.304600	-0.823493	-0.117381	0.555051	-0.011912	-0.974569	-0.223773	0.567202	-0.190887	0.801152
00727	3.484421	-1.604367	10.292780	-0.629011	-2.332788	-0.362201	-0.809972	-0.118324	0.574409	-0.018548	-0.973778	-0.226745	0.586176	-0.194311	0.786537
00728	3.025601	-2.990865	9.698244	-0.652242	-2.600001	-0.501577	-0.794433	-0.118497	0.595680	-0.026463	-0.973098	-0.228868	0.606775	-0.197584	0.769925
00729	2.985243	-4.158515	9.713889	-0.348160	-2.988876	-0.692008	-0.775723	-0.117645	0.620010	-0.034101	-0.973221	-0.227330	0.630151	-0.197488	0.750938
00730	2.688411	-4.823208	9.293547	0.099374	-3.445114	-0.968787	-0.753293	-0.114888	0.647572	-0.040870	-0.974544	-0.220439	0.656414	-0.192521	0.729422
00731	3.861633	-4.572211	9.315965	0.661958	-3.984241	-1.219241	-0.726002	-0.110421	0.678770	-0.045497	-0.977150	-0.207623	0.686186	-0.181617	0.704389
00732	4.618774	-3.878702	9.191986	1.061938	-4.420218	-1.422066	-0.694411	-0.104155	0.712001	-0.048147	-0.980526	-0.190395	0.717966	-0.166493	0.675874
00733	5.653780	-3.315764	9.465680	1.439836	-4.906065	-1.537595	-0.657592	-0.096727	0.747139	-0.048014	-0.984327	-0.169693	0.751843	-0.147461	0.642641
00734	7.017745	-2.449513	10.044229	1.733328	-5.402470	-1.607854	-0.615400	-0.088198	0.783265	-0.044924	-0.988180	-0.146569	0.786933	-0.125386	0.604164
00735	11.444912	-2.665160	11.677713	1.497782	-5.737332	-1.610094	-0.568522	-0.078869	0.818879	-0.042464	-0.991254	-0.124952	0.821572	-0.105810	0.560200
00736	15.059918	-4.122687	12.768764	0.888648	-5.421532	-1.541369	-0.522649	-0.068920	0.849758	-0.043462	-0.993277	-0.107292	0.851440	-0.093008	0.516140
00737	15.866067	-5.730805	13.025722	0.665677	-4.840801	-1.475160	-0.480156	-0.058498	0.875231	-0.045165	-0.994802	-0.091268	0.876020	-0.083352	0.475017
00738	14.015527	-5.730086	11.639914	0.894454	-4.391148	-1.484796	-0.440737	-0.047093	0.896400	-0.044103	-0.996281	-0.074024	0.896552	-0.072159	0.437021
00739	11.878174	-3.589820	9.852405	1.189033	-4.110663	-1.552218	-0.402838	-0.034279	0.914629	-0.039939	-0.997688	-0.054983	0.914400	-0.058678	0.400538
00740	10.632724	-3.159559	9.712385	1.219361	-3.913616	-1.482509	-0.366381	-0.021488	0.930217	-0.034434	-0.998735	-0.036633	0.929827	-0.045453	0.365178
00741	9.012058	-2.678217	9.406267	1.154378	-3.677739	-1.423700	-0.331468	-0.008687	0.943427	-0.028646	-0.999404	-0.019267	0.943032	-0.033412	0.331021
00742	6.838630	-2.657153	9.692115	0.878654	-3.486935	-1.376568	-0.298228	0.004085	0.954486	-0.024691	-0.999689	-0.003436	0.954175	-0.024592	0.298236
00743	5.356220	-3.515598	9.209157	0.702720	-3.260040	-1.440053	-0.266608	0.017815	0.963640	-0.022074	-0.999680	0.012374	0.963552	-0.017972	0.266916
00744	3.120236	-5.181118	8.613108	0.526875	-2.710264	-1.396618	-0.240334	0.031365	0.970183	-0.020573	-0.999418	0.027214	0.970472	-0.013419	0.240839
00745	-3.373267	-4.406945	7.125749	0.323363	-1.332539	-1.146997	-0.227126	0.042691	0.972929	-0.020165	-0.999031	0.039129	0.973657	-0.010731	0.227767
00746	14.076371	-6.863566	16.871919	1.378062	-1.139935	-0.855381	-0.216146	0.051188	0.975018	-0.008688	-0.998686	0.050505	0.976322	0.002446	0.216307
00747	12.733350	-2.105232	24.777831	0.009811	2.043042	0.305890	-0.236052	0.048099	0.970549	-0.007954	-0.998836	0.047566	0.971708	0.003508	0.236160
00748	5.760965	-9.918270	14.428270	-1.581835	3.429834	1.188895	-0.269707	0.036331	0.962257	-0.020316	-0.999280	0.032034	0.962728	-0.010909	0.270251
00749	-2.990854	-10.211514	8.174315	-0.440219	3.619010	1.172590	-0.304586	0.025091	0.952154	-0.021218	-0.999584	0.019554	0.952248	-0.014247	0.304992
00750	-2.857717	-6.214744	6.690124	0.187620	3.659510	1.057913	-0.339751	0.014944	0.940397	-0.016098	-0.999820	0.010073	0.940378	-0.011716	0.339930
00751	-3.064757	-3.844810	5.937450	-0.125514	3.736941	1.037643	-0.374782	0.005049	0.927099	-0.013617	-0.999907	-0.000059	0.927013	-0.012647	0.374816
00752	-2.572412	-2.244080	5.445490	-0.314995	3.578527	0.950822	-0.408172	-0.004004	0.912896	-0.012852	-0.999866	-0.010132	0.912814	-0.015868	0.408066
00753	-1.552031	-0.737830	5.563478	-0.775182	3.406516	0.832191	-0.439126	-0.011621	0.898350	-0.016402	-0.999646	-0.020949	0.898276	-0.023934	0.438780
00754	-1.192402	-0.519599	5.708758	-1.398167	3.304701	0.790898	-0.469068	-0.018551	0.882967	-0.025313	-0.999086	-0.034438	0.882799	-0.038504	0.468170
00755	-0.104947	-1.784626	6.468511	-1.808426	3.101384	0.730717	-0.496421	-0.024337	0.867741	-0.037667	-0.998062	-0.049541	0.867265	-0.057278	0.494542
00756	2.567706	-2.846280	8.412680	-1.945672	2.982423	0.675246	-0.522690	-0.029117	0.852026	-0.050981	-0.996560	-0.065331	0.850997	-0.077585	0.519408
00757	5.097778	-4.038040	9.861809	-1.950388	3.060800	0.700402	-0.548855	-0.033378	0.835251	-0.063713	-0.994626	-0.081614	0.833486	-0.098010	0.543779
00758	6.419620	-4.595938	10.382155	-1.768942	3.243913	0.807031	-0.576474	-0.037970	0.816233	-0.073766	-0.992423	-0.098264	0.813779	-0.116857	0.569305
00759	6.760540	-5.012986	10.077416	-1.517005	3.436274	0.895761	-0.604746	-0.042528	0.795282	-0.080713	-0.990159	-0.114325	0.792318	-0.133328	0.595362
00760	6.852353	-4.108707	9.927053	-1.175468	3.522566	0.930475	-0.633354	-0.046862	0.772442	-0.084141	-0.988077	-0.128935	0.769274	-0.146655	0.621860
00761	6.689042	-3.202234	9.804113	-1.043669	3.532972	0.923151	-0.660884	-0.050557	0.748783	-0.086126	-0.986027	-0.142592	0.745529	-0.158726	0.647296
00762	7.115903	-2.373273	10.132514	-0.954470	3.469968	0.874754	-0.687409	-0.053528	0.724295	-0.087223	-0.983977	-0.155501	0.721014	-0.170069	0.671726
00763	7.872818	-2.166538	10.621451	-0.999521	3.465625	0.845042	-0.712689	-0.055714	0.699264	-0.088442	-0.981750	-0.168361	0.695882	-0.181834	0.694755
00764	8.608482	-2.325670	11.048646	-1.001113	3.536856	0.850367	-0.737884	-0.057462	0.672477	-0.089089	-0.979359	-0.181438	0.669022	-0.193791	0.717534
00765	8.772320	-2.256519	11.091811	-0.939820	3.666161	0.881786	-0.762663	-0.058753	0.644122	-0.088679	-0.976963	-0.194112	0.640688	-0.205162	0.739884
00766	8.208513	-2.129276	10.819841	-0.895694	3.745220	0.907922	-0.787170	-0.059764	0.613834	-0.087215	-0.974504	-0.206724	0.610539	-0.216262	0.761888
00767	7.848073	-1.937765	10.509665	-0.834822	3.735491	0.922426	-0.810188	-0.060448	0.583045	-0.084867	-0.972092	-0.218714	0.579994	-0.226681	0.782447
00768	7.547536	-2.086975	10.287672	-0.802806	3.676089	0.929851	-0.831958	-0.060991	0.551476	-0.081719	-0.969630	-0.230520	0.548788	-0.236849	0.801707
00769	7.420824	-2.003476	10.282734	-0.719928	3.557693	0.945095	-0.851682	-0.061534	0.520434	-0.077652	-0.967302	-0.241446	0.518275	-0.246048	0.819056
00770	7.388857	-1.734943	10.444975	-0.689291	3.432429	0.980248	-0.869903	-0.062432	0.489256	-0.072626	-0.964930	-0.252261	0.487847	-0.254976	0.834861
00771	7.427465	-1.633588	10.732407	-0.664589	3.306302	1.030521	-0.886253	-0.063773	0.458790	-0.066767	-0.962545	-0.262771	0.458364	-0.263514	0.848801
00772	7.743907	-1.733239	11.237645	-0.659860	3.200087	1.085595	-0.901326	-0.065657	0.428137	-0.059926	-0.960036	-0.273385	0.428976	-0.272065	0.861371
00773	8.522967	-1.847891	11.653743	-0.630882	3.133975	1.157737	-0.914958	-0.068083	0.397764	-0.052071	-0.957508	-0.283668	0.400175	-0.280256	0.872534
00774	8.754863	-1.798136	11.810542	-0.589379	3.124415	1.240086	-0.927747	-0.071071	0.366381	-0.042842	-0.954930	-0.293724	0.370743	-0.288198	0.882888
00775	8.696138	-1.488108	11.335507	-0.503692	3.106499	1.301075	-0.939294	-0.074398	0.334951	-0.032532	-0.952501	-0.302792	0.341568	-0.295307	0.892258
00776	8.807345	-1.042201	10.631722	-0.442653	3.020092	1.294835	-0.949648	-0.077700	0.303531	-0.021669	-0.950155	-0.311023	0.312568	-0.301940	0.900630
00777	8.840527	-0.335272	9.901844	-0.380913	2.871293	1.224223	-0.958424	-0.080546	0.273743	-0.011167	-0.948012	-0.318038	0.285128	-0.307872	0.907698
00778	9.104345	-0.131725	9.011526	-0.425726	2.701507	1.149879	-0.965939	-0.083027	0.245089	-0.001177	-0.945710	-0.325009	0.258768	-0.314228	0.913400
00779	8.801735	-0.454716	8.034704	-0.428606	2.492014	1.029282	-0.972049	-0.084823	0.218920	0.007702	-0.943473	-0.331361	0.234653	-0.320413	0.917755
00780	8.560848	-0.613003	7.270464	-0.349145	2.226135	0.864872	-0.977000	-0.085775	0.195226	0.015433	-0.941572	-0.336458	0.212679	-0.325707	0.921240
00781	8.550764	-0.578702	6.759999	-0.294016	1.949914	0.689985	-0.980831	-0.085854	0.174929	0.021554	-0.940002	-0.340488	0.193666	-0.330191	0.923833
00782	8.699661	-0.653206	6.698701	-0.291850	1.680037	0.533445	-0.983870	-0.085270	0.157254	0.026334	-0.938542	-0.344158	0.176936	-0.334466	0.925649
00783	9.212736	-0.765123	6.778998	-0.325419	1.444502	0.410896	-0.986206	-0.084243	0.142482	0.029794	-0.937084	-0.347829	0.162820	-0.338786	0.926668
00784	9.373335	-1.043607	6.652349	-0.380185	1.254342	0.332881	-0.988106	-0.083067	0.129406	0.032559	-0.935478	-0.351882	0.150286	-0.343483	0.927056
00785	9.151054	-1.165600	6.153184	-0.386839	1.053547	0.267548	-0.989544	-0.081908	0.118721	0.034610	-0.933905	-0.355842	0.140020	-0.348012	0.926975
00786	8.656507	-1.257765	5.481582	-0.370532	0.813059	0.198897	-0.990609	-0.080903	0.110218	0.036144	-0.932416	-0.359574	0.131860	-0.352214	0.926584
00787	8.565648	-1.184046	5.273684	-0.288682	0.528087	0.115760	-0.991248	-0.080096	0.104936	0.036885	-0.931286	-0.362415	0.126754	-0.355373	0.926090
00788	8.835754	-1.141587	5.423167	-0.224739	0.257076	0.026252	-0.991586	-0.079410	0.102233	0.036923	-0.930436	-0.364590	0.124073	-0.357747	0.925539
00789	9.212418	-0.886415	5.780402	-0.148889	0.049145	-0.057143	-0.991666	-0.078685	0.102016	0.036140	-0.929932	-0.365952	0.123662	-0.359215	0.925026
00790	9.041384	-0.705838	5.662804	-0.103479	-0.091096	-0.137057	-0.991623	-0.077724	0.103161	0.034703	-0.929640	-0.366830	0.124414	-0.360177	0.924550
00791	7.134644	-2.265110	4.112590	-0.002275	-0.375622	-0.218194	-0.991221	-0.077030	0.107462	0.032504	-0.929786	-0.366664	0.128161	-0.359952	0.924126
00792	6.832355	-1.388988	3.594757	0.511834	-0.757059	-0.309191	-0.990341	-0.076843	0.115416	0.030155	-0.931827	-0.361647	0.135338	-0.354673	0.925144
00793	6.747818	-1.414469	3.752607	0.816356	-1.105371	-0.301703	-0.988871	-0.077883	0.126759	0.028285	-0.934907	-0.353765	0.146060	-0.346242	0.926705
00794	6.263646	-0.014497	4.317714	1.075295	-1.350925	-0.262655	-0.986906	-0.080010	0.140057	0.027359	-0.938755	-0.343499	0.158962	-0.335169	0.928651
00795	5.445565	0.970879	4.114828	1.311995	-1.651132	-0.279484	-0.984222	-0.082784	0.156377	0.026760	-0.943276	-0.330929	0.174902	-0.321523	0.930609
00796	5.519570	1.943838	3.171249	1.508080	-1.976456	-0.301305	-0.980682	-0.086117	0.175631	0.026598	-0.948242	-0.316434	0.193791	-0.305650	0.932214
00797	5.952105	2.692834	2.549180	1.743678	-2.306702	-0.374163	-0.976052	-0.089376	0.198327	0.026473	-0.953726	-0.299510	0.215919	-0.287087	0.933252
00798	8.265097	4.686017	2.362106	2.248189	-2.726555	-0.977899	-0.970075	-0.087500	0.226489	0.022109	-0.960765	-0.276482	0.241795	-0.263202	0.933949
00799	12.581266	8.169686	1.154898	2.554062	-3.003379	-1.692128	-0.962669	-0.078654	0.259003	0.012258	-0.968538	-0.248564	0.270405	-0.236110	0.933345
00800	2.017515	10.122242	8.361822	2.630437	-1.987607	-1.807471	-0.957262	-0.065486	0.281712	0.002259	-0.975693	-0.219131	0.289214	-0.209130	0.934141
00801	1.928339	12.292634	18.602488	1.648290	-2.820956	-1.732084	-0.948655	-0.054175	0.311640	-0.009299	-0.980022	-0.198672	0.316177	-0.191369	0.929199
00802	9.581507	-1.955310	18.549457	-0.469402	-3.310922	-0.450868	-0.937646	-0.056111	0.343033	-0.015112	-0.979371	-0.201506	0.347263	-0.194125	0.917455
00803	44.255656	-38.232464	27.369280	-0.025731	-2.544501	0.462245	-0.928559	-0.065539	0.365352	-0.010934	-0.979032	-0.203414	0.371023	-0.192876	0.908373
00804	18.026826	3.295390	13.901901	7.179611	-0.185516	-2.986066	-0.927541	-0.036366	0.371947	-0.011946	-0.991861	-0.126765	0.373529	-0.122023	0.919558
00805	-6.406157	33.604083	17.839943	2.470418	-0.298554	-1.262371	-0.926247	-0.024128	0.376144	-0.014423	-0.994949	-0.099339	0.376641	-0.097437	0.921221
00806	8.500091	2.819678	10.253122	-3.871155	-0.851538	1.416282	-0.923239	-0.039139	0.382227	-0.016065	-0.989996	-0.140177	0.383890	-0.135557	0.913375
00807	5.391129	-12.067706	2.733875	-2.836019	-0.192694	2.787608	-0.922732	-0.066925	0.379588	-0.001286	-0.984271	-0.176663	0.385441	-0.163501	0.908131
00808	-1.330181	-7.447517	9.784065	2.328319	-0.666045	-0.538511	-0.920158	-0.062589	0.386513	0.002778	-0.988160	-0.153402	0.391537	-0.140081	0.909437
00809	7.070256	3.128378	12.413845	3.142330	-1.356242	-1.306626	-0.914795	-0.051306	0.400648	0.003244	-0.992801	-0.119729	0.403906	-0.108228	0.908376
00810	7.464587	4.120195	10.678029	-0.273308	-0.168797	-0.174150	-0.914128	-0.049724	0.402366	0.000523	-0.992594	-0.121474	0.405426	-0.110833	0.907384
00811	4.309138	-0.832292	10.656161	-1.174954	-0.113358	0.384998	-0.913660	-0.053651	0.402924	-0.000772	-0.991020	-0.133708	0.406480	-0.122475	0.905414
00812	3.894525	-3.522577	8.510884	-0.604641	-0.076050	0.306328	-0.913363	-0.056740	0.403173	-0.000453	-0.990099	-0.140368	0.407146	-0.128390	0.904294
00813	4.368552	-1.467689	9.701606	0.221650	-0.260039	0.007321	-0.912293	-0.057120	0.405535	0.000474	-0.990372	-0.138428	0.409538	-0.126094	0.903537
00814	4.585742	-0.914824	9.908536	-0.195950	-0.164548	0.066398	-0.911628	-0.057947	0.406910	0.000255	-0.990091	-0.140425	0.411015	-0.127912	0.902610
00815	4.098053	-1.824772	9.232774	-0.197511	-0.120938	0.065584	-0.911122	-0.058729	0.407931	-0.000004	-0.989794	-0.142508	0.412136	-0.129844	0.901823
00816	4.160162	-1.061063	9.501712	-0.093820	-0.144786	0.038895	-0.910535	-0.059263	0.409162	-0.000058	-0.989655	-0.143471	0.413432	-0.130659	0.901112
00817	4.284402	-1.422421	9.462431	-0.211806	-0.148071	0.047750	-0.909914	-0.059907	0.410449	-0.000545	-0.989342	-0.145608	0.414797	-0.132714	0.900183
00818	4.052322	-1.350980	9.451257	-0.160356	-0.149282	0.033236	-0.909304	-0.060396	0.411726	-0.000929	-0.989114	-0.147145	0.416131	-0.134183	0.899350
00819	4.173228	-1.348539	9.471088	-0.169921	-0.164940	0.026971	-0.908608	-0.060862	0.413191	-0.001437	-0.988864	-0.148817	0.417647	-0.135810	0.898402
00820	4.215773	-1.285391	9.388703	-0.161305	-0.160863	0.024821	-0.907947	-0.061288	0.414580	-0.001907	-0.988635	-0.150327	0.419082	-0.137279	0.897510
00821	4.447332	-1.475676	9.311473	-0.156972	-0.152287	0.024242	-0.907299	-0.061714	0.415932	-0.002390	-0.988398	-0.151869	0.420479	-0.138784	0.896625
00822	4.311289	-1.446747	9.416276	-0.119127	-0.138969	0.020139	-0.906725	-0.062068	0.417130	-0.002730	-0.988226	-0.152979	0.421714	-0.139848	0.895880
00823	4.445782	-1.428989	9.306690	-0.098658	-0.127371	0.017125	-0.906179	-0.062392	0.418267	-0.003036	-0.988071	-0.153966	0.422884	-0.140791	0.895180
00824	4.480521	-1.358095	9.281911	-0.056394	-0.100909	0.015320	-0.905762	-0.062647	0.419130	-0.003156	-0.987989	-0.154494	0.423774	-0.141258	0.894685
00825	4.341335	-1.474065	9.255577	-0.047641	-0.093070	0.012413	-0.905359	-0.062878	0.419965	-0.003291	-0.987908	-0.155005	0.424634	-0.141717	0.894205
00826	4.290742	-1.369301	9.316729	-0.037590	-0.084950	0.008704	-0.905009	-0.063045	0.420696	-0.003392	-0.987856	-0.155336	0.425380	-0.142008	0.893804
00827	4.216394	-1.313045	9.266350	-0.034060	-0.091400	0.007910	-0.904611	-0.063230	0.421522	-0.003511	-0.987797	-0.155706	0.426224	-0.142334	0.893350
00828	4.135499	-1.352818	9.376577	-0.042147	-0.112063	0.011047	-0.904143	-0.063459	0.422490	-0.003611	-0.987737	-0.156088	0.427214	-0.142652	0.892826
00829	4.176262	-1.366589	9.240790	-0.043158	-0.133765	0.006554	-0.903562	-0.063692	0.423696	-0.003781	-0.987665	-0.156533	0.428440	-0.143040	0.892176
00830	4.201684	-1.361287	9.355216	-0.047313	-0.155058	0.000069	-0.902907	-0.063875	0.425063	-0.004004	-0.987604	-0.156914	0.429817	-0.143381	0.891459
00831	4.217035	-1.549797	9.342162	-0.078175	-0.172615	0.000931	-0.902155	-0.064109	0.426622	-0.004377	-0.987486	-0.157647	0.431390	-0.144090	0.890584
00832	4.495397	-1.543847	9.148007	-0.058019	-0.181395	-0.011031	-0.901381	-0.064222	0.428239	-0.004748	-0.987416	-0.158075	0.433002	-0.144519	0.889732
00833	4.290505	-1.530994	9.185735	-0.069203	-0.163367	-0.013632	-0.900662	-0.064301	0.429736	-0.005216	-0.987319	-0.158664	0.434488	-0.145144	0.888906
00834	4.285155	-1.553021	9.274399	-0.076132	-0.176342	-0.020168	-0.899904	-0.064319	0.431319	-0.005750	-0.987228	-0.159213	0.436050	-0.145756	0.888040
00835	4.227912	-1.281363	9.325845	-0.097605	-0.199555	-0.025551	-0.899021	-0.064335	0.433153	-0.006451	-0.987096	-0.160000	0.437857	-0.146638	0.887005
00836	4.339052	-1.557860	9.266296	-0.149444	-0.203020	-0.020654	-0.898139	-0.064390	0.434971	-0.007313	-0.986896	-0.161194	0.439650	-0.147956	0.885899
00837	4.389005	-1.487154	9.324288	-0.126020	-0.222022	-0.023446	-0.897150	-0.064466	0.436996	-0.008124	-0.986718	-0.162240	0.441651	-0.149103	0.884710
00838	4.573809	-1.528235	9.206831	-0.161154	-0.224235	-0.021106	-0.896166	-0.064554	0.438998	-0.009047	-0.986497	-0.163531	0.443626	-0.150522	0.883481
00839	4.346873	-1.515551	9.374570	-0.138747	-0.210440	-0.016522	-0.895220	-0.064686	0.440905	-0.009857	-0.986292	-0.164715	0.445516	-0.151802	0.882310
00840	4.266923	-1.455565	9.482528	-0.164029	-0.261436	-0.012655	-0.894061	-0.064920	0.443216	-0.010724	-0.986057	-0.166064	0.447817	-0.153224	0.880899
