// General information: 
//  MT Manager version: 2022.2.0 
//  XDA version: 2022.2.0 build 7381 rev 124627 built on 2023-07-19
// Device information: 
//  DeviceId: 00B4CBA7
//  ProductCode: MTW2-3A7G6
//  Firmware Version: 4.6.0
//  Hardware Version: 2.0.0
// Device settings: 
//  Filter Profile: human(46.1)
//  Option Flags: Orientation Smoother Disabled, Position/Velocity Smoother Disabled, Continuous Zero Rotation Update Disabled, AHS Disabled, ICC Disabled
// Coordinate system: ENU
PacketCounter	Acc_X	Acc_Y	Acc_Z	Gyr_X	Gyr_Y	Gyr_Z	Mat[1][1]	Mat[2][1]	Mat[3][1]	Mat[1][2]	Mat[2][2]	Mat[3][2]	Mat[1][3]	Mat[2][3]	Mat[3][3]
17879	9.329036	-0.231948	-0.922293	-0.585825	-0.056319	0.028050	0.087673	-0.204623	0.974907	-0.897643	-0.440567	-0.011746	0.431915	-0.874088	-0.222304
17880	9.671253	-0.743277	-1.035973	-0.555072	-0.093251	0.005602	0.088041	-0.205531	0.974682	-0.900102	-0.435552	-0.010540	0.426691	-0.876386	-0.223345
17881	9.719344	-0.956074	-1.476474	-0.337799	-0.100719	0.007086	0.088436	-0.206424	0.974458	-0.901540	-0.432585	-0.009818	0.423562	-0.877644	-0.224356
17882	9.503410	-0.756756	-2.122777	-0.022092	-0.104196	0.002702	0.088869	-0.207414	0.974208	-0.901705	-0.432242	-0.009772	0.423120	-0.877580	-0.225439
17883	9.474547	-0.427107	-2.605205	0.148413	-0.091749	-0.008659	0.089366	-0.208161	0.974003	-0.901064	-0.433572	-0.009988	0.424379	-0.876747	-0.226313
17884	9.436869	-0.219534	-2.914646	0.128773	-0.087915	-0.005039	0.089834	-0.208959	0.973790	-0.900506	-0.434723	-0.010210	0.425462	-0.875987	-0.227221
17885	9.383748	-0.220283	-3.228412	0.027878	-0.088325	-0.009487	0.090326	-0.209670	0.973591	-0.900375	-0.434997	-0.010147	0.425637	-0.875680	-0.228073
17886	9.496778	-0.339880	-3.368922	0.012892	-0.079448	-0.004406	0.090754	-0.210398	0.973394	-0.900310	-0.435132	-0.010113	0.425683	-0.875439	-0.228913
17887	9.409114	-0.299942	-3.298699	0.099812	-0.062131	0.001027	0.091040	-0.210925	0.973254	-0.899881	-0.436013	-0.010317	0.426528	-0.874873	-0.229502
17888	9.449341	-0.119863	-2.929898	0.149472	-0.046405	0.000147	0.091288	-0.211386	0.973130	-0.899237	-0.437333	-0.010643	0.427832	-0.874103	-0.230009
17889	9.281922	0.089277	-2.433713	0.048582	-0.037586	-0.007878	0.091550	-0.211659	0.973046	-0.899017	-0.437785	-0.010643	0.428238	-0.873810	-0.230364
17890	9.243339	0.080889	-1.985155	-0.162708	-0.061987	-0.005832	0.091919	-0.212230	0.972887	-0.899701	-0.436388	-0.010191	0.426719	-0.874370	-0.231056
17891	9.270885	-0.273046	-1.742301	-0.303066	-0.091934	-0.015863	0.092484	-0.212945	0.972677	-0.900970	-0.433781	-0.009301	0.423909	-0.875493	-0.231974
17892	9.525261	-0.405089	-1.664823	-0.324632	-0.082709	-0.026994	0.093090	-0.213622	0.972471	-0.902386	-0.430849	-0.008263	0.420754	-0.876775	-0.232877
17893	9.661023	-0.185188	-1.974028	-0.288364	-0.069718	-0.047924	0.093846	-0.214007	0.972314	-0.903546	-0.428432	-0.007090	0.418088	-0.877865	-0.233572
17894	9.662967	-0.120675	-2.052351	-0.306295	-0.086282	-0.070137	0.094852	-0.214533	0.972100	-0.904824	-0.425747	-0.005671	0.415086	-0.879042	-0.234498
17895	9.601077	-0.326968	-2.266063	-0.404403	-0.109359	-0.063557	0.095910	-0.215206	0.971848	-0.906430	-0.422337	-0.004068	0.411322	-0.880522	-0.235575
17896	9.524679	-0.546519	-3.124319	-0.264140	-0.104591	-0.066754	0.096955	-0.215914	0.971587	-0.907516	-0.420008	-0.002776	0.408673	-0.881462	-0.236667
17897	9.774221	-0.587924	-3.259468	-0.175244	-0.077122	-0.079597	0.098023	-0.216240	0.971407	-0.908149	-0.418645	-0.001553	0.407010	-0.882030	-0.237415
17898	9.671196	-0.738741	-4.001950	-0.056253	-0.042476	-0.070463	0.098845	-0.216390	0.971290	-0.908376	-0.418153	-0.000717	0.406303	-0.882226	-0.237896
17899	9.762089	-0.502668	-4.272734	0.192820	0.036498	-0.076791	0.099424	-0.215726	0.971379	-0.907510	-0.420030	-0.000395	0.408094	-0.881497	-0.237535
17900	9.329295	-0.488648	-4.411564	0.148620	0.057766	-0.078290	0.099946	-0.214946	0.971498	-0.906818	-0.421522	0.000029	0.409501	-0.880975	-0.237047
17901	9.389461	-0.485466	-4.596226	0.150429	0.074200	-0.071740	0.100323	-0.213970	0.971675	-0.906124	-0.423011	0.000405	0.410943	-0.880499	-0.236321
17902	9.246061	-0.483312	-4.046647	0.208894	0.084098	-0.075115	0.100669	-0.212995	0.971853	-0.905257	-0.424865	0.000656	0.412767	-0.879842	-0.235586
17903	9.149825	-0.238898	-3.454017	0.267854	0.102277	-0.056545	0.100788	-0.211835	0.972095	-0.904086	-0.427351	0.000610	0.415296	-0.878918	-0.234588
17904	9.312847	0.027103	-2.776393	0.141599	0.126410	-0.067018	0.100882	-0.210525	0.972369	-0.903497	-0.428594	0.000943	0.416553	-0.878628	-0.233446
17905	9.464389	-0.063147	-2.313802	-0.014290	0.101314	-0.082001	0.101231	-0.209263	0.972605	-0.903469	-0.428651	0.001808	0.416530	-0.878901	-0.232455
17906	9.542837	-0.107267	-1.907390	-0.009312	0.109149	-0.088237	0.101625	-0.207996	0.972836	-0.903411	-0.428768	0.002701	0.416559	-0.879145	-0.231479
17907	9.456059	-0.066820	-1.842189	0.034348	0.119045	-0.087002	0.101945	-0.206555	0.973109	-0.903174	-0.429260	0.003503	0.416994	-0.879244	-0.230316
17908	9.289222	0.147041	-1.616266	0.071231	0.103925	-0.096181	0.102430	-0.205297	0.973325	-0.902772	-0.430099	0.004287	0.417746	-0.879129	-0.229391
17909	9.504356	0.428592	-1.704895	0.074922	0.093079	-0.081532	0.102807	-0.204107	0.973535	-0.902370	-0.430934	0.004944	0.418521	-0.878997	-0.228483
17910	9.703806	0.568285	-1.976708	-0.047224	0.107539	-0.076248	0.103096	-0.202899	0.973757	-0.902481	-0.430690	0.005808	0.418209	-0.879397	-0.227515
17911	9.420836	0.347676	-2.213190	-0.176331	0.072829	-0.077490	0.103521	-0.201904	0.973919	-0.903132	-0.429305	0.006997	0.416696	-0.880302	-0.226789
17912	9.640072	0.065674	-2.865348	-0.105438	0.090647	-0.065388	0.103785	-0.200890	0.974101	-0.903497	-0.428522	0.007888	0.415839	-0.880915	-0.225978
17913	9.561191	0.064583	-2.918864	-0.133540	0.102352	-0.062352	0.103954	-0.199700	0.974327	-0.903982	-0.427480	0.008831	0.414742	-0.881692	-0.224964
17914	9.287081	-0.201870	-2.986746	-0.067576	0.097659	-0.062571	0.104166	-0.198637	0.974522	-0.904190	-0.427023	0.009608	0.414235	-0.882154	-0.224087
17915	9.407067	-0.010847	-2.846974	0.065092	0.119776	-0.047452	0.104129	-0.197357	0.974786	-0.903865	-0.427701	0.009960	0.414951	-0.882112	-0.222920
17916	9.300129	0.285570	-2.347564	-0.019543	0.112335	-0.055384	0.104215	-0.196196	0.975011	-0.903882	-0.427652	0.010559	0.414894	-0.882395	-0.221906
17917	9.190249	0.167500	-1.918710	-0.089410	0.086147	-0.041332	0.104262	-0.195238	0.975198	-0.904204	-0.426953	0.011194	0.414179	-0.882945	-0.221051
17918	9.401559	0.110881	-1.632959	-0.111191	0.081048	-0.049431	0.104426	-0.194378	0.975353	-0.904606	-0.426082	0.011938	0.413260	-0.883556	-0.220329
17919	9.389720	0.045832	-1.315888	-0.170299	0.051851	-0.059046	0.104777	-0.193648	0.975460	-0.905241	-0.424701	0.012923	0.411776	-0.884381	-0.219797
17920	9.462086	0.026126	-1.286702	-0.135679	0.027916	-0.060753	0.105263	-0.193206	0.975495	-0.905729	-0.423632	0.013830	0.410579	-0.884990	-0.219585
17921	9.713636	0.199769	-1.604303	-0.046702	0.036846	-0.060837	0.105693	-0.192602	0.975568	-0.905851	-0.423346	0.014561	0.410198	-0.885259	-0.219214
17922	9.551804	0.201198	-1.759826	-0.106945	0.010305	-0.064824	0.106288	-0.192297	0.975564	-0.906214	-0.422538	0.015444	0.409242	-0.885711	-0.219173
17923	9.617504	0.054056	-2.183242	-0.044309	-0.003369	-0.070190	0.106968	-0.192010	0.975546	-0.906315	-0.422290	0.016260	0.408841	-0.885891	-0.219193
17924	9.825954	0.126474	-2.515382	-0.018971	0.021784	-0.066326	0.107529	-0.191596	0.975566	-0.906315	-0.422263	0.016966	0.408694	-0.885994	-0.219052
17925	9.390081	-0.008209	-2.721606	-0.034381	0.003914	-0.061425	0.108100	-0.191282	0.975564	-0.906384	-0.422085	0.017675	0.408391	-0.886146	-0.219002
17926	9.446923	-0.113825	-2.717877	0.069500	0.014404	-0.060124	0.108635	-0.190959	0.975568	-0.906027	-0.422831	0.018126	0.409039	-0.885860	-0.218949
17927	9.559942	0.144379	-2.761691	0.084605	0.033267	-0.047804	0.108963	-0.190442	0.975633	-0.905623	-0.423682	0.018442	0.409845	-0.885565	-0.218634
17928	9.601312	0.333373	-2.953642	0.102673	0.053879	-0.042064	0.109172	-0.189847	0.975725	-0.905149	-0.424686	0.018644	0.410838	-0.885212	-0.218204
17929	9.494835	0.431804	-2.940289	0.012192	0.054384	-0.051539	0.109445	-0.189126	0.975834	-0.905037	-0.424902	0.019155	0.411011	-0.885263	-0.217670
17930	9.386451	0.144817	-2.773590	-0.155057	0.037895	-0.048279	0.109778	-0.188649	0.975890	-0.905613	-0.423635	0.019980	0.409651	-0.885971	-0.217348
17931	9.486591	-0.136977	-2.815810	-0.128160	0.067726	-0.038081	0.109876	-0.187867	0.976029	-0.906090	-0.422580	0.020664	0.408568	-0.886641	-0.216656
17932	9.328356	-0.017705	-2.541073	-0.005198	0.080136	-0.049324	0.110047	-0.187012	0.976174	-0.906050	-0.422641	0.021174	0.408612	-0.886792	-0.215952
17933	9.423013	0.324081	-2.344712	0.107888	0.089122	-0.052423	0.110188	-0.185979	0.976356	-0.905545	-0.423705	0.021487	0.409691	-0.886502	-0.215100
17934	9.534526	0.585263	-2.072662	0.031105	0.083860	-0.046895	0.110320	-0.185101	0.976508	-0.905359	-0.424082	0.021895	0.410067	-0.886505	-0.214368
17935	9.516471	0.547793	-1.894048	-0.100616	0.062076	-0.047576	0.110527	-0.184329	0.976630	-0.905713	-0.423288	0.022609	0.409228	-0.887046	-0.213734
17936	9.495297	0.362972	-1.771909	-0.120188	0.041911	-0.044546	0.110811	-0.183831	0.976692	-0.906148	-0.422318	0.023319	0.408188	-0.887611	-0.213376
17937	9.424707	0.279960	-1.523822	-0.113556	0.028909	-0.045982	0.111140	-0.183360	0.976743	-0.906554	-0.421404	0.024045	0.407194	-0.888143	-0.213061
17938	9.445163	0.212485	-1.423121	-0.068896	0.009196	-0.045420	0.111566	-0.183147	0.976734	-0.906777	-0.420890	0.024654	0.406582	-0.888430	-0.213031
17939	9.682207	0.288157	-1.731758	0.051046	0.020073	-0.042458	0.111900	-0.182770	0.976767	-0.906516	-0.421431	0.024995	0.407071	-0.888252	-0.212842
17940	9.598632	0.429171	-1.816715	0.059074	0.006772	-0.045528	0.112335	-0.182576	0.976753	-0.906218	-0.422052	0.025333	0.407616	-0.887997	-0.212865
17941	9.633488	0.251966	-2.330878	0.093183	0.003312	-0.034477	0.112665	-0.182381	0.976752	-0.905793	-0.422952	0.025506	0.408467	-0.887609	-0.212851
17942	9.626044	0.104628	-2.462523	-0.003582	0.004190	0.000252	0.112696	-0.182401	0.976744	-0.905801	-0.422934	0.025530	0.408442	-0.887613	-0.212882
17943	9.045198	0.164371	-2.050907	0.165844	-0.012050	-0.012365	0.112888	-0.182435	0.976716	-0.905103	-0.424438	0.025333	0.409934	-0.886888	-0.213036
17944	9.308386	0.395771	-1.643966	0.180034	-0.007318	0.029096	0.112705	-0.182680	0.976691	-0.904389	-0.425995	0.024683	0.411557	-0.886090	-0.213226
17945	9.267569	0.897180	-0.875055	0.052312	-0.007140	0.013627	0.112641	-0.182781	0.976680	-0.904183	-0.426443	0.024473	0.412025	-0.885854	-0.213303
17946	9.208832	1.080303	-0.362854	-0.098143	-0.064613	0.040853	0.112589	-0.183581	0.976536	-0.904625	-0.425515	0.024305	0.411068	-0.886135	-0.213980
17947	9.435274	0.644116	-0.410562	-0.438796	-0.134128	0.026756	0.112925	-0.184863	0.976255	-0.906445	-0.421583	0.025019	0.406947	-0.887746	-0.215176
17948	9.559074	-0.390977	-0.907696	-0.756222	-0.206857	0.019568	0.113599	-0.186850	0.975798	-0.909583	-0.414677	0.026486	0.399693	-0.890578	-0.217063
17949	9.554831	-1.442053	-1.710570	-0.703774	-0.253324	-0.008723	0.114713	-0.189054	0.975243	-0.912357	-0.408427	0.028141	0.392996	-0.892998	-0.219336
17950	9.645764	-1.990543	-2.867488	-0.175672	-0.228170	-0.024165	0.115839	-0.191058	0.974719	-0.913082	-0.406758	0.028784	0.390976	-0.893333	-0.221570
17951	9.698836	-1.453221	-3.495054	0.727606	-0.176871	-0.033329	0.116871	-0.192479	0.974317	-0.910170	-0.413320	0.027524	0.397406	-0.890011	-0.223493
17952	9.691361	-0.003300	-3.632658	1.423528	-0.077271	-0.027498	0.117438	-0.193119	0.974122	-0.904456	-0.425855	0.024614	0.410081	-0.883941	-0.224679
17953	9.603554	1.335679	-3.420066	1.602455	0.007354	0.002890	0.117412	-0.193046	0.974139	-0.897767	-0.439969	0.021018	0.424534	-0.877018	-0.224968
17954	9.470787	2.193063	-3.164861	1.105559	0.012299	0.021722	0.117173	-0.193106	0.974156	-0.893115	-0.449455	0.018330	0.434299	-0.872181	-0.225130
17955	9.341269	2.249874	-3.087358	0.080499	-0.082017	0.037302	0.117227	-0.193968	0.973979	-0.892803	-0.450094	0.017820	0.434926	-0.871660	-0.225938
17956	9.179268	1.188837	-3.264993	-0.767757	-0.191063	0.040304	0.117707	-0.195887	0.973537	-0.896231	-0.443172	0.019189	0.427685	-0.874773	-0.227724
17957	9.295653	0.055171	-3.173595	-0.946780	-0.180394	0.044925	0.118097	-0.197645	0.973134	-0.900287	-0.434793	0.020949	0.418971	-0.878574	-0.229285
17958	9.513084	-0.695387	-2.929896	-0.649620	-0.101665	0.029062	0.118274	-0.198738	0.972890	-0.903093	-0.428872	0.022180	0.412837	-0.881233	-0.230203
17959	9.463617	-0.757648	-2.493476	-0.166908	-0.038507	0.019768	0.118284	-0.199142	0.972806	-0.903799	-0.427371	0.022407	0.411287	-0.881871	-0.230535
17960	9.423629	-0.139924	-1.789313	0.062244	-0.037639	0.017035	0.118300	-0.199622	0.972706	-0.903630	-0.427743	0.022117	0.411653	-0.881582	-0.230986
17961	9.553968	0.411032	-1.580887	-0.045074	-0.056017	0.023800	0.118346	-0.200197	0.972582	-0.903838	-0.427308	0.022024	0.411183	-0.881663	-0.231516
17962	9.698036	0.672973	-1.823924	-0.112828	-0.065986	0.025806	0.118434	-0.200941	0.972418	-0.904323	-0.426279	0.022054	0.410089	-0.881992	-0.232201
17963	9.586894	0.707608	-2.292454	-0.140953	-0.066275	0.028684	0.118476	-0.201628	0.972270	-0.904928	-0.424987	0.022137	0.408739	-0.882458	-0.232809
17964	9.390647	0.522825	-2.754658	-0.141873	-0.086161	0.024957	0.118651	-0.202544	0.972059	-0.905530	-0.423699	0.022247	0.407354	-0.882868	-0.233682
17965	9.381925	0.154787	-3.003812	-0.057528	-0.095783	0.014143	0.118944	-0.203429	0.971838	-0.905775	-0.423172	0.022278	0.406723	-0.882917	-0.234595
17966	9.598991	0.124089	-3.008170	0.178133	-0.061994	0.027029	0.119002	-0.204142	0.971681	-0.905074	-0.424704	0.021618	0.408264	-0.882016	-0.235305
17967	9.611878	0.297562	-2.634774	0.214341	-0.045588	0.039403	0.118863	-0.204691	0.971583	-0.904238	-0.426523	0.020765	0.410152	-0.881010	-0.235788
17968	9.447024	0.491087	-2.345660	0.089455	-0.050877	0.064531	0.118503	-0.205487	0.971459	-0.904016	-0.427033	0.019948	0.410745	-0.880578	-0.236369
17969	9.322464	0.365444	-2.138840	0.007591	-0.078053	0.080063	0.118130	-0.206496	0.971290	-0.904074	-0.426945	0.019187	0.410725	-0.880385	-0.237123
17970	9.435450	0.376410	-1.753838	-0.009085	-0.082492	0.092648	0.117684	-0.207668	0.971095	-0.904212	-0.426690	0.018331	0.410550	-0.880233	-0.237990
17971	9.375709	0.467320	-1.501877	-0.041517	-0.120177	0.100242	0.117301	-0.209133	0.970826	-0.904495	-0.426126	0.017491	0.410037	-0.880159	-0.239144
17972	9.505983	0.658909	-1.781637	-0.013970	-0.121702	0.114711	0.116814	-0.210739	0.970538	-0.904679	-0.425777	0.016435	0.409770	-0.879945	-0.240388
17973	9.593418	0.731549	-2.042818	-0.064099	-0.138461	0.123934	0.116289	-0.212464	0.970225	-0.905080	-0.424962	0.015421	0.409032	-0.879924	-0.241716
17974	9.557461	0.554066	-2.619076	-0.125325	-0.146629	0.136077	0.115671	-0.214396	0.969873	-0.905816	-0.423425	0.014431	0.407575	-0.880196	-0.243182
17975	9.584739	0.360979	-3.511878	-0.045732	-0.125111	0.148712	0.114864	-0.216106	0.969590	-0.906168	-0.422713	0.013135	0.407020	-0.880120	-0.244383
17976	9.647389	0.198482	-3.847741	0.012239	-0.096551	0.149422	0.113919	-0.217652	0.969355	-0.906357	-0.422352	0.011683	0.406867	-0.879913	-0.245384
17977	9.487213	-0.159797	-4.082053	-0.086321	-0.081873	0.166043	0.112777	-0.219053	0.969173	-0.906890	-0.421241	0.010320	0.405995	-0.880098	-0.246163
17978	9.262195	-0.399862	-3.927628	-0.000610	-0.067270	0.166446	0.111557	-0.220415	0.969006	-0.907146	-0.420725	0.008735	0.405759	-0.880005	-0.246883
17979	9.390684	-0.082744	-2.997245	0.154635	-0.030126	0.164291	0.110220	-0.221352	0.968945	-0.906695	-0.421733	0.006795	0.407132	-0.879287	-0.247182
17980	9.304274	0.568345	-2.089877	0.194115	-0.042068	0.179722	0.108781	-0.222551	0.968833	-0.906165	-0.422900	0.004600	0.408696	-0.878423	-0.247672
17981	9.413133	1.019668	-1.384452	0.044289	-0.064056	0.199386	0.107266	-0.223937	0.968683	-0.906194	-0.422855	0.002592	0.409031	-0.878092	-0.248288
17982	9.326675	1.022585	-1.073374	-0.201221	-0.136839	0.208424	0.105953	-0.226084	0.968328	-0.907303	-0.420477	0.001104	0.406910	-0.878684	-0.249677
17983	9.428420	0.695222	-1.703381	-0.240877	-0.172016	0.212469	0.104753	-0.228466	0.967900	-0.908499	-0.417887	-0.000316	0.404545	-0.879303	-0.251336
17984	9.932396	0.294837	-2.380693	-0.164498	-0.157355	0.204303	0.103550	-0.230763	0.967484	-0.909441	-0.415829	-0.001846	0.402734	-0.879679	-0.252924
17985	9.791383	-0.146329	-3.145153	-0.177734	-0.150009	0.244843	0.101955	-0.233079	0.967098	-0.910402	-0.413709	-0.003729	0.400966	-0.880068	-0.254375
17986	9.265684	-0.193006	-3.970602	0.183948	-0.120727	0.267279	0.100025	-0.235307	0.966760	-0.909998	-0.414558	-0.006750	0.402366	-0.879075	-0.255595
17987	9.778495	0.112989	-3.972133	0.343770	-0.061326	0.269962	0.097849	-0.236948	0.966582	-0.908872	-0.416951	-0.010205	0.405435	-0.877501	-0.256154
17988	9.697132	0.010576	-3.681707	0.091919	-0.050811	0.297637	0.095368	-0.238698	0.966400	-0.908854	-0.416903	-0.013285	0.406066	-0.877049	-0.256701
17989	9.503471	-0.132910	-3.640435	0.018160	-0.017499	0.336215	0.092413	-0.240232	0.966306	-0.909091	-0.416269	-0.016547	0.406219	-0.876931	-0.256862
17990	9.311232	0.363840	-2.971527	0.044316	0.013382	0.364476	0.089062	-0.241696	0.966256	-0.909311	-0.415628	-0.020150	0.406473	-0.876833	-0.256794
17991	9.320094	0.788868	-2.417635	-0.188027	-0.009165	0.376630	0.085703	-0.243317	0.966153	-0.910399	-0.413077	-0.023272	0.404758	-0.877590	-0.256918
17992	9.459289	0.814090	-2.199540	-0.426398	-0.041512	0.387472	0.082362	-0.245337	0.965933	-0.912505	-0.408245	-0.025883	0.400687	-0.879287	-0.257495
17993	9.573883	0.750022	-2.027346	-0.503489	-0.057085	0.378283	0.079164	-0.247354	0.965686	-0.914812	-0.402893	-0.028204	0.396045	-0.881189	-0.258177
17994	9.660386	0.478825	-1.710089	-0.544539	-0.071375	0.369422	0.076082	-0.249518	0.965377	-0.917310	-0.397017	-0.030322	0.390837	-0.883243	-0.259091
17995	9.523992	-0.045237	-1.100683	-0.717280	-0.136619	0.343445	0.073486	-0.252058	0.964918	-0.920342	-0.389824	-0.031739	0.384148	-0.885722	-0.260626
17996	9.312174	-0.906354	-0.290625	-0.948312	-0.209812	0.317054	0.071379	-0.255195	0.964251	-0.924237	-0.380453	-0.032272	0.375088	-0.888893	-0.263017
17997	9.188144	-1.789262	0.432355	-0.994368	-0.256396	0.291147	0.069664	-0.258554	0.963482	-0.928122	-0.370863	-0.032415	0.365701	-0.891970	-0.265805
17998	9.472107	-2.412641	0.910896	-0.311665	-0.340308	0.286636	0.068251	-0.262695	0.962462	-0.929518	-0.367178	-0.034303	0.362406	-0.892284	-0.269240
17999	9.794213	-1.630122	1.163649	1.100732	-0.414484	0.295063	0.067069	-0.267461	0.961232	-0.925670	-0.376202	-0.040090	0.372340	-0.887095	-0.272812
18000	9.516817	0.469277	1.752042	1.992506	-0.466392	0.305845	0.066026	-0.272790	0.959805	-0.918342	-0.392809	-0.048468	0.390241	-0.878229	-0.276451
18001	9.563775	1.828736	1.239588	1.786482	-0.459998	0.328162	0.064887	-0.278105	0.958357	-0.911438	-0.407532	-0.056551	0.406288	-0.869813	-0.279919
18002	9.695744	1.736064	0.167349	0.612502	-0.606106	0.336923	0.064302	-0.284759	0.956440	-0.909216	-0.411762	-0.061466	0.411328	-0.865658	-0.285385
18003	10.082752	0.206610	-1.656751	-0.381670	-0.793036	0.337789	0.064504	-0.292985	0.953939	-0.910993	-0.407496	-0.063555	0.407347	-0.864931	-0.293193
18004	10.798150	-1.206291	-2.308746	-0.426970	-0.857177	0.320866	0.065046	-0.301702	0.951181	-0.912998	-0.402704	-0.065298	0.402745	-0.864179	-0.301648
18005	11.161986	-1.707704	-1.954298	0.282763	-0.867260	0.360299	0.065290	-0.310615	0.948291	-0.912088	-0.404053	-0.069551	0.404763	-0.860384	-0.309688
18006	10.879039	-0.719813	-0.409973	1.085577	-0.896104	0.408208	0.065234	-0.319960	0.945183	-0.907979	-0.411922	-0.076776	0.413907	-0.853197	-0.317388
18007	10.553623	0.559976	1.554445	1.130817	-0.971682	0.463706	0.065133	-0.330121	0.941689	-0.903542	-0.420033	-0.084754	0.423520	-0.845335	-0.325636
18008	11.314361	0.467816	2.987744	0.548791	-1.108338	0.488369	0.065426	-0.341508	0.937599	-0.901596	-0.422875	-0.091113	0.427604	-0.839374	-0.335569
18009	11.881335	-0.266553	2.613662	0.238855	-1.244379	0.487871	0.066388	-0.353964	0.932900	-0.900890	-0.423193	-0.096459	0.428939	-0.834037	-0.346977
18010	11.352063	-0.320075	1.663757	0.462087	-1.404487	0.453781	0.068321	-0.367528	0.927500	-0.899278	-0.425254	-0.102267	0.432009	-0.827093	-0.359564
18011	11.526279	-1.390668	1.891098	0.033629	-1.635281	0.494253	0.070964	-0.383080	0.920985	-0.899473	-0.423692	-0.106927	0.431176	-0.820813	-0.374637
18012	11.867742	-2.781749	1.756810	-0.204487	-1.802679	0.500551	0.074160	-0.399894	0.913556	-0.900784	-0.419923	-0.110691	0.427888	-0.814709	-0.391359
18013	12.354868	-3.158961	1.695579	0.343784	-1.911661	0.468227	0.078171	-0.417329	0.905387	-0.899663	-0.420812	-0.116292	0.429530	-0.805453	-0.408350
18014	13.003656	-1.822769	2.403775	0.970775	-2.015254	0.452963	0.082769	-0.435301	0.896472	-0.895892	-0.426504	-0.124383	0.436493	-0.792848	-0.425284
18015	13.702229	-0.690001	2.767275	0.850733	-2.158467	0.490739	0.087894	-0.454356	0.886473	-0.892569	-0.431029	-0.132422	0.442262	-0.779599	-0.443429
18016	14.423083	-0.453294	2.870103	0.480564	-2.313851	0.547391	0.093192	-0.474540	0.875287	-0.891002	-0.432073	-0.139385	0.444331	-0.766893	-0.463082
18017	14.705108	-1.084807	2.928407	0.168893	-2.460555	0.582519	0.098955	-0.495748	0.862810	-0.890807	-0.430551	-0.145218	0.443475	-0.754228	-0.484221
18018	14.586137	-1.726382	1.971060	0.098757	-2.575695	0.560558	0.105264	-0.517320	0.849293	-0.891009	-0.428326	-0.150467	0.441614	-0.740889	-0.506024
18019	13.875401	-1.385221	0.306329	0.377785	-2.576015	0.502129	0.112206	-0.538342	0.835223	-0.889880	-0.428467	-0.156619	0.442180	-0.725675	-0.527137
18020	12.779491	-0.400247	-1.303627	0.717987	-2.580351	0.439761	0.119640	-0.558633	0.820741	-0.887267	-0.431086	-0.164079	0.445469	-0.708586	-0.547231
18021	12.556599	-0.300972	-4.999444	1.121765	-2.401545	0.378148	0.127105	-0.577050	0.806758	-0.882691	-0.436806	-0.173366	0.452438	-0.690082	-0.564877
18022	11.191642	-0.097117	-7.103655	1.213160	-2.333273	0.291402	0.135067	-0.594104	0.792967	-0.877603	-0.443247	-0.182605	0.459967	-0.671247	-0.581256
18023	10.125729	0.242983	-8.604998	1.355007	-2.331723	0.148844	0.144620	-0.610168	0.778961	-0.871514	-0.451334	-0.191732	0.468560	-0.651147	-0.597042
18024	10.455717	0.915418	-8.518910	1.510647	-2.240123	0.042984	0.154844	-0.624589	0.765449	-0.864413	-0.460797	-0.201136	0.478344	-0.630519	-0.611255
18025	9.970159	1.081014	-9.206892	1.534271	-1.999392	0.018566	0.164378	-0.637065	0.753079	-0.857019	-0.470228	-0.210723	0.488363	-0.610765	-0.623272
18026	9.324289	0.888952	-10.647981	1.588728	-1.733311	0.007178	0.172875	-0.647395	0.742290	-0.849176	-0.479789	-0.220685	0.499013	-0.592184	-0.632696
18027	7.592084	0.307894	-11.741618	1.450615	-1.415414	-0.035284	0.180333	-0.655470	0.733375	-0.841796	-0.488517	-0.229630	0.508782	-0.575942	-0.639868
18028	5.805677	-0.265388	-10.913495	1.240376	-1.361708	-0.101401	0.188178	-0.662587	0.724960	-0.835240	-0.496291	-0.236789	0.516685	-0.560957	-0.646811
18029	4.888949	-1.063278	-9.931457	1.164281	-1.124242	-0.195961	0.195687	-0.667818	0.718141	-0.828796	-0.504075	-0.242912	0.524218	-0.547657	-0.652125
18030	4.653066	-1.626322	-10.418461	0.986875	-0.727964	-0.188598	0.201107	-0.670696	0.713949	-0.823208	-0.510748	-0.247922	0.530928	-0.537869	-0.654837
18031	3.643784	-1.063044	-12.454875	0.999579	-0.080758	-0.115436	0.202513	-0.670513	0.713723	-0.817619	-0.516896	-0.253610	0.538970	-0.532194	-0.652902
18032	4.295023	0.592647	-10.483602	1.204124	0.306928	-0.183124	0.202366	-0.667827	0.716279	-0.810691	-0.524559	-0.260036	0.549389	-0.528058	-0.647554
18033	5.985567	2.915009	-7.347757	1.160210	0.977572	-0.327543	0.199610	-0.660909	0.723433	-0.803583	-0.532889	-0.265109	0.560723	-0.528421	-0.637465
18034	5.092134	4.340746	-6.246206	0.726792	1.520088	-0.387925	0.194172	-0.650643	0.734139	-0.798712	-0.539351	-0.266758	0.569523	-0.534569	-0.624404
18035	4.925526	5.398542	-5.606596	-0.201850	1.737460	-0.503179	0.188307	-0.638506	0.746224	-0.798892	-0.541528	-0.261761	0.571237	-0.546861	-0.612071
18036	4.816548	5.260889	-5.573204	-2.143433	1.954746	-0.669748	0.182722	-0.623865	0.759872	-0.809753	-0.533831	-0.243566	0.557595	-0.570804	-0.602720
18037	4.446855	2.838382	-7.171537	-4.366020	2.016893	-0.768135	0.178132	-0.607951	0.773734	-0.832005	-0.512890	-0.211450	0.525392	-0.606085	-0.597181
18038	4.029974	0.021153	-7.675694	-5.665641	1.909979	-0.771783	0.175128	-0.592031	0.786657	-0.859160	-0.482094	-0.171552	0.480807	-0.645820	-0.593078
18039	4.490629	-2.116747	-8.097875	-5.911163	2.061289	-0.721972	0.172035	-0.574932	0.799911	-0.884910	-0.446976	-0.130945	0.432825	-0.685322	-0.585659
18040	4.640601	-3.738622	-8.201573	-5.335123	2.517154	-0.691176	0.167965	-0.554121	0.815314	-0.905673	-0.413347	-0.094347	0.389287	-0.722561	-0.571280
18041	3.797297	-4.984145	-8.391919	-3.959257	2.693839	-0.687118	0.164205	-0.531470	0.831009	-0.919313	-0.387882	-0.066416	0.357631	-0.753052	-0.552279
18042	4.304164	-5.181210	-8.110679	-2.121866	2.966514	-0.667984	0.160065	-0.506131	0.847473	-0.925659	-0.375144	-0.049212	0.342832	-0.776594	-0.528553
18043	5.229872	-3.971695	-7.073794	-0.633113	3.375372	-0.698991	0.155008	-0.476960	0.865148	-0.926720	-0.373623	-0.039941	0.342290	-0.795559	-0.499923
18044	5.497681	-2.749353	-6.687153	0.206102	3.723343	-0.756780	0.149212	-0.444096	0.883467	-0.924851	-0.378788	-0.034205	0.349837	-0.811972	-0.467242
18045	5.737910	-1.727315	-6.077771	0.522987	3.744553	-0.810741	0.143436	-0.410304	0.900598	-0.921802	-0.386554	-0.029297	0.360150	-0.825970	-0.433664
18046	6.834714	-0.623992	-5.720458	0.660247	3.758377	-0.823702	0.137348	-0.375728	0.916495	-0.918224	-0.395305	-0.024453	0.371483	-0.838190	-0.399297
18047	7.630246	0.292108	-5.365833	0.855388	3.818301	-0.861910	0.130842	-0.340052	0.931260	-0.913829	-0.405620	-0.019721	0.384444	-0.848432	-0.363822
18048	8.210605	0.951724	-4.488394	0.825035	3.762771	-0.889657	0.124341	-0.304231	0.944448	-0.909466	-0.415539	-0.014120	0.396751	-0.857188	-0.328356
18049	8.546948	1.194424	-4.082866	0.469356	3.719224	-0.912699	0.117739	-0.268341	0.956102	-0.906472	-0.422210	-0.006871	0.405519	-0.865871	-0.292954
18050	8.471082	0.747973	-3.474314	-0.125163	3.620885	-0.926052	0.111485	-0.232821	0.966108	-0.905914	-0.423454	0.002491	0.408522	-0.875489	-0.258125
18051	8.088952	-0.210829	-3.236069	-0.752591	3.485140	-0.901240	0.105504	-0.198303	0.974446	-0.907995	-0.418777	0.013086	0.405481	-0.886172	-0.224241
18052	7.642306	-1.226698	-4.028742	-1.012889	3.427401	-0.857195	0.099596	-0.164119	0.981400	-0.911187	-0.411311	0.023687	0.399773	-0.896598	-0.190508
18053	7.180027	-1.714060	-4.337950	-0.677238	3.418744	-0.817770	0.093467	-0.129966	0.987103	-0.913091	-0.406422	0.032948	0.396899	-0.904395	-0.156658
18054	6.887202	-1.512566	-4.421787	-0.318933	3.415804	-0.802307	0.087328	-0.095669	0.991575	-0.913625	-0.404441	0.041442	0.397069	-0.909546	-0.122724
18055	6.807193	-1.055417	-4.306641	-0.307789	3.329675	-0.798191	0.081432	-0.062077	0.994744	-0.914169	-0.402271	0.049732	0.397069	-0.913414	-0.089506
18056	6.791801	-0.875436	-4.072970	-0.593444	3.152761	-0.800039	0.076374	-0.029969	0.996629	-0.915877	-0.397212	0.058241	0.394127	-0.917238	-0.057785
18057	6.976219	-1.129984	-4.123747	-0.809148	2.990367	-0.785600	0.071901	0.000628	0.997412	-0.918459	-0.389893	0.066455	0.388926	-0.920860	-0.027457
18058	7.198506	-1.468566	-4.510263	-0.792446	2.873989	-0.792638	0.068183	0.030229	0.997215	-0.920956	-0.382466	0.074563	0.383655	-0.923475	0.001762
18059	7.158916	-1.504278	-4.889343	-0.391196	2.732044	-0.822771	0.065338	0.058614	0.996140	-0.921901	-0.378488	0.082739	0.381877	-0.923748	0.029307
18060	7.823700	-1.289303	-3.793380	0.140354	2.521609	-0.850033	0.063596	0.085118	0.994339	-0.920805	-0.379175	0.091351	0.384805	-0.921402	0.054263
18061	8.595895	-0.795470	-3.369299	0.521493	2.338028	-0.808116	0.061988	0.109711	0.992029	-0.918270	-0.383182	0.099756	0.391072	-0.917134	0.076992
18062	9.066075	0.072976	-1.597057	1.017662	2.055343	-0.707286	0.060411	0.131241	0.989508	-0.913793	-0.391634	0.107732	0.401663	-0.910713	0.096268
18063	9.482346	0.525945	-0.417680	1.282602	1.770917	-0.539919	0.058134	0.149466	0.987056	-0.908235	-0.402506	0.114442	0.414402	-0.903133	0.112351
18064	8.463448	1.236278	0.604103	1.297127	1.361440	-0.347227	0.055641	0.163128	0.985035	-0.902569	-0.413633	0.119483	0.426934	-0.895710	0.124219
18065	7.345300	1.902071	1.617381	1.046838	0.819512	-0.191285	0.053854	0.171265	0.983752	-0.897940	-0.422657	0.122738	0.436810	-0.889960	0.131024
18066	6.301134	2.212038	1.672319	0.247081	0.211236	-0.106711	0.053976	0.173597	0.983337	-0.896788	-0.424672	0.124197	0.439156	-0.888548	0.132757
18067	5.924239	1.660112	0.905277	-0.972561	-0.506153	-0.070911	0.056844	0.169405	0.983906	-0.900973	-0.415881	0.123657	0.430136	-0.893501	0.128989
18068	6.321630	0.183307	-0.721979	-2.202476	-1.144602	0.016621	0.061592	0.159052	0.985347	-0.910217	-0.396111	0.120835	0.409526	-0.904322	0.120374
18069	7.311605	-0.924519	-0.696036	-2.614812	-1.680879	0.008144	0.068222	0.143732	0.987262	-0.920601	-0.372308	0.117818	0.384500	-0.916912	0.106920
18070	11.291025	-2.395194	-1.937654	-2.676997	-1.522807	0.140925	0.072668	0.129168	0.988957	-0.930636	-0.347800	0.113809	0.358659	-0.928629	0.094934
18071	12.764401	-2.556688	-1.087512	-1.870094	-1.233836	0.249404	0.074682	0.116832	0.990340	-0.937351	-0.330665	0.109696	0.340286	-0.936489	0.084818
18072	15.276949	-1.570991	1.472673	-0.639367	-0.529451	0.283891	0.073887	0.110920	0.991079	-0.939707	-0.324997	0.106430	0.333903	-0.939188	0.080219
18073	16.079622	0.983851	3.957028	-0.136398	0.193515	0.415393	0.069369	0.111406	0.991351	-0.940456	-0.324177	0.102238	0.332763	-0.939414	0.082285
18074	12.489217	2.400444	4.248265	-0.737042	0.243642	0.412340	0.064759	0.112360	0.991555	-0.943151	-0.317712	0.097600	0.325995	-0.941507	0.085398
18075	9.240552	1.034964	3.859365	-2.448171	-0.322916	0.330338	0.062678	0.108312	0.992139	-0.951053	-0.294928	0.092279	0.302605	-0.949361	0.084525
18076	9.651415	-2.190759	4.352285	-4.969268	-0.907327	0.397440	0.061472	0.098546	0.993232	-0.965135	-0.247798	0.084319	0.254430	-0.963787	0.079877
18077	12.724779	-6.857801	2.432567	-6.923866	-1.023386	0.375114	0.060112	0.087807	0.994322	-0.980629	-0.180842	0.075254	0.186423	-0.979585	0.075235
18078	15.112188	-13.853698	-1.388120	-4.629129	-1.121205	0.354538	0.058511	0.076208	0.995374	-0.988396	-0.135590	0.068481	0.140181	-0.987830	0.067390
18079	14.467159	-10.421544	-0.555743	-0.150119	-1.022287	0.246596	0.057530	0.065783	0.996174	-0.988745	-0.134282	0.065968	0.138108	-0.988757	0.057317
18080	11.621321	-4.733325	0.763317	0.575175	-1.168453	0.176829	0.057444	0.053968	0.996889	-0.988036	-0.140078	0.064517	0.143124	-0.988669	0.045276
18081	10.279142	-1.866753	0.084190	0.888193	-1.232257	0.119890	0.058109	0.041627	0.997442	-0.986796	-0.148915	0.063703	0.151186	-0.987973	0.032424
18082	9.515362	0.594246	-2.131142	2.510392	-1.149254	0.067622	0.059325	0.030164	0.997783	-0.982737	-0.173701	0.063681	0.175237	-0.984336	0.019339
18083	9.117206	3.012825	-3.698717	4.508412	-0.771253	-0.000619	0.060885	0.022618	0.997888	-0.973848	-0.217894	0.064357	0.218890	-0.975710	0.008760
18084	8.147396	5.382445	-4.062212	4.957024	-0.184713	-0.162650	0.062919	0.021195	0.997794	-0.961706	-0.265944	0.066293	0.266762	-0.963755	0.003650
18085	7.619483	7.526840	-2.736466	1.541668	-0.727887	-0.144199	0.066330	0.014604	0.997691	-0.957387	-0.280747	0.067760	0.281089	-0.959671	-0.004640
18086	9.435650	3.361548	-3.577837	-2.704268	-1.325854	0.031021	0.069612	0.001718	0.997573	-0.964643	-0.254704	0.067753	0.254202	-0.967018	-0.016073
18087	11.318768	-0.151709	-3.902676	-4.027672	-1.376143	0.055837	0.072328	-0.011774	0.997311	-0.974113	-0.215561	0.068101	0.214179	-0.976419	-0.027060
18088	11.927004	-1.498950	-3.757667	-3.197974	-0.906690	-0.042030	0.074574	-0.020613	0.997002	-0.980418	-0.184249	0.069524	0.182263	-0.982663	-0.033950
18089	10.612642	-2.468902	-5.680753	0.326074	-0.688852	0.060598	0.075279	-0.027480	0.996784	-0.979861	-0.187441	0.068834	0.184947	-0.981891	-0.041037
18090	10.056850	0.008612	-3.681297	3.059998	-0.560683	0.113547	0.075322	-0.033253	0.996605	-0.973832	-0.217369	0.066348	0.214425	-0.975523	-0.048755
18091	9.689901	1.630149	-2.972076	3.170892	-0.243673	0.114800	0.074801	-0.035875	0.996553	-0.966630	-0.248151	0.063622	0.245013	-0.968057	-0.053239
18092	8.749531	2.833917	-1.982195	0.800591	-0.462094	0.111950	0.074903	-0.040686	0.996360	-0.964718	-0.255861	0.062077	0.252405	-0.965857	-0.058416
18093	9.133845	1.617077	-2.772071	-2.335970	-1.013192	0.137303	0.076048	-0.050821	0.995808	-0.970442	-0.233179	0.062210	0.229040	-0.971105	-0.067051
18094	10.243926	-0.417494	-3.634407	-3.738300	-1.164827	0.074302	0.077815	-0.062403	0.995013	-0.978360	-0.196705	0.064176	0.191719	-0.978475	-0.076359
18095	11.009892	-1.655225	-3.515635	-3.621581	-0.759788	-0.011137	0.079278	-0.069829	0.994404	-0.984637	-0.161169	0.067182	0.155576	-0.984453	-0.081533
18096	9.918012	-3.769027	-4.967634	-1.316948	-0.508237	-0.040691	0.080474	-0.074850	0.993942	-0.986562	-0.148238	0.068713	0.142197	-0.986115	-0.085773
18097	9.917689	-2.517727	-4.062022	2.270739	-0.329589	-0.093032	0.081930	-0.077934	0.993586	-0.983003	-0.170664	0.067671	0.164296	-0.982242	-0.090592
18098	9.705749	0.486423	-1.898185	4.154120	-0.207142	-0.066780	0.082994	-0.079920	0.993340	-0.975276	-0.211374	0.064478	0.204813	-0.974132	-0.095487
18099	9.993253	3.075374	-0.599149	4.234314	0.168837	-0.006434	0.082710	-0.078255	0.993497	-0.965720	-0.252434	0.060514	0.246057	-0.964445	-0.096451
18100	8.684688	4.839146	0.586462	2.527089	0.069012	-0.031104	0.082861	-0.077593	0.993536	-0.959163	-0.276764	0.058380	0.270445	-0.957800	-0.097357
18101	8.661192	4.539346	0.968631	-0.864789	-0.528287	0.098701	0.083352	-0.082912	0.993065	-0.961542	-0.268399	0.058297	0.261704	-0.959733	-0.102095
18102	8.991035	1.664084	-0.326086	-3.034002	-0.917960	0.127973	0.084423	-0.092153	0.992160	-0.969129	-0.239077	0.060257	0.231650	-0.966618	-0.109492
18103	10.351297	-0.076649	-0.817931	-3.693608	-0.778625	0.069592	0.085441	-0.099850	0.991327	-0.977066	-0.203173	0.063747	0.195045	-0.974038	-0.114919
18104	10.615470	-2.064720	-1.785300	-2.993399	-0.464554	0.036414	0.085964	-0.104530	0.990800	-0.982486	-0.173915	0.066894	0.165323	-0.979197	-0.117650
18105	10.165937	-4.123142	-2.800452	-0.411677	-0.473183	-0.000422	0.086774	-0.109152	0.990230	-0.983153	-0.169891	0.067427	0.160872	-0.979399	-0.122055
18106	9.943886	-1.939996	-2.047505	2.332867	-0.385960	-0.026969	0.087735	-0.112953	0.989719	-0.979109	-0.192733	0.064799	0.183432	-0.974729	-0.127503
18107	9.951692	0.889519	-1.354128	3.633517	-0.350554	0.012240	0.088354	-0.116369	0.989268	-0.971812	-0.228001	0.059975	0.218574	-0.966682	-0.133233
18108	10.255358	2.965364	-0.392616	3.910662	-0.128091	0.111955	0.087603	-0.117955	0.989147	-0.962620	-0.265502	0.053593	0.256299	-0.956867	-0.136804
18109	9.352708	4.775102	0.235780	2.700791	-0.069600	0.193903	0.085964	-0.119142	0.989149	-0.955512	-0.291021	0.047988	0.282146	-0.949269	-0.138859
18110	8.963096	5.085300	0.898304	0.094678	-0.533324	0.217894	0.085424	-0.124906	0.988484	-0.955426	-0.291669	0.045712	0.282600	-0.948329	-0.144254
18111	9.140635	2.873280	0.591909	-2.071592	-0.911663	0.257585	0.085471	-0.134283	0.987250	-0.961284	-0.271648	0.046274	0.261971	-0.952982	-0.152302
18112	9.587222	1.140885	0.393904	-2.597577	-0.845155	0.262817	0.085086	-0.143101	0.986044	-0.967973	-0.246471	0.047757	0.236197	-0.958527	-0.159489
18113	9.235136	-0.314640	-0.096010	-1.793886	-0.632162	0.251323	0.084118	-0.149755	0.985138	-0.972258	-0.228886	0.048224	0.218262	-0.961865	-0.164854
18114	8.752969	-1.169681	-0.079045	-0.348480	-0.684155	0.205298	0.083644	-0.156856	0.984073	-0.973179	-0.225235	0.046817	0.214304	-0.961595	-0.171489
18115	9.015472	-0.624107	0.512723	0.488757	-0.766907	0.159565	0.083786	-0.164571	0.982800	-0.972251	-0.229681	0.044426	0.218420	-0.959251	-0.179248
18116	9.637775	-0.023405	0.362880	0.454232	-0.815445	0.168374	0.083984	-0.172823	0.981366	-0.971387	-0.233764	0.041964	0.222155	-0.956811	-0.187511
18117	9.994678	0.375006	-0.471208	0.466850	-0.837182	0.194706	0.084004	-0.181268	0.979839	-0.970501	-0.237889	0.039194	0.225989	-0.954228	-0.195904
18118	9.741733	1.022333	-1.552304	0.859384	-0.811930	0.218540	0.083787	-0.189573	0.978285	-0.968705	-0.245684	0.035358	0.233646	-0.950632	-0.204226
18119	9.575877	1.851278	-2.010258	1.257857	-0.742631	0.246768	0.083212	-0.197222	0.976821	-0.965896	-0.257145	0.030363	0.245197	-0.946034	-0.211894
18120	9.398751	2.531919	-2.108684	0.957816	-0.676738	0.273398	0.082302	-0.204367	0.975428	-0.963727	-0.265654	0.025657	0.253883	-0.942158	-0.218818
18121	9.256349	2.659004	-2.096155	-0.079352	-0.813922	0.318475	0.081326	-0.212858	0.973693	-0.964185	-0.264253	0.022764	0.252455	-0.940671	-0.226725
18122	9.264286	1.479820	-2.470889	-1.055730	-0.947947	0.355838	0.080277	-0.222738	0.971567	-0.967075	-0.253558	0.021776	0.241498	-0.941327	-0.235760
18123	9.195084	0.134894	-2.679879	-1.349190	-0.962448	0.353668	0.079143	-0.232662	0.969332	-0.970518	-0.240056	0.021620	0.227663	-0.942466	-0.244802
18124	8.953742	-0.911864	-2.504588	-1.172929	-0.954223	0.308004	0.078312	-0.242418	0.967006	-0.973355	-0.228282	0.021598	0.215514	-0.942932	-0.253836
18125	8.921777	-1.492170	-1.912486	-0.738170	-0.988297	0.286573	0.077644	-0.252363	0.964512	-0.975137	-0.220627	0.020773	0.207555	-0.942145	-0.263219
18126	9.146265	-1.677796	-0.940262	-0.212794	-1.042703	0.238361	0.077513	-0.262738	0.961749	-0.975756	-0.218027	0.019079	0.204674	-0.939911	-0.273268
18127	9.487913	-1.399556	-0.237712	0.372860	-1.080266	0.209882	0.077726	-0.273319	0.958778	-0.975147	-0.220975	0.016059	0.207476	-0.936198	-0.283701
18128	9.532199	-0.635649	-0.379837	1.050722	-1.109454	0.206762	0.078103	-0.284176	0.955586	-0.973075	-0.230223	0.011068	0.216852	-0.930721	-0.294505
18129	9.891868	0.574777	-0.963747	1.483784	-1.069544	0.223182	0.078361	-0.294610	0.952399	-0.969928	-0.243351	0.004526	0.230434	-0.924113	-0.304819
18130	9.982388	1.285844	-1.988787	1.363883	-1.047103	0.251790	0.078436	-0.304906	0.949147	-0.966894	-0.255172	-0.002069	0.242827	-0.917562	-0.314826
18131	10.105352	1.114519	-2.866540	0.819942	-1.145875	0.297366	0.078420	-0.316142	0.945465	-0.965103	-0.261763	-0.007479	0.249852	-0.911885	-0.325637
18132	10.306340	0.093697	-3.593141	0.240669	-1.249325	0.349839	0.078212	-0.328445	0.941279	-0.964770	-0.262840	-0.011550	0.251200	-0.907215	-0.337431
18133	10.271955	-1.080631	-3.549894	0.144611	-1.279248	0.354697	0.078040	-0.340938	0.936841	-0.964680	-0.262977	-0.015345	0.251599	-0.902554	-0.349419
18134	10.053220	-1.468489	-2.803053	0.550372	-1.303531	0.315140	0.078346	-0.353520	0.932140	-0.963526	-0.266850	-0.020221	0.255890	-0.896557	-0.361533
18135	10.198831	-0.938416	-1.191284	0.911936	-1.340559	0.273269	0.079231	-0.366215	0.927151	-0.961369	-0.274025	-0.026082	0.263614	-0.889267	-0.373779
18136	10.854053	-0.352240	1.003306	0.832026	-1.390004	0.287758	0.080213	-0.379337	0.921775	-0.959372	-0.280337	-0.031883	0.270502	-0.881768	-0.386412
18137	10.985021	-1.477664	2.728732	0.280148	-1.579640	0.380329	0.080882	-0.394265	0.915431	-0.958915	-0.281344	-0.036447	0.271921	-0.874872	-0.400822
18138	10.775121	-1.622732	2.114660	0.678327	-1.670824	0.357283	0.082071	-0.409824	0.908465	-0.957339	-0.285830	-0.042456	0.277066	-0.866225	-0.415799
18139	10.787314	-0.094443	1.757312	1.216571	-1.737924	0.275109	0.084379	-0.425569	0.900983	-0.954132	-0.295171	-0.050065	0.287251	-0.855433	-0.430955
18140	10.708559	-0.512186	0.025342	0.428310	-1.941786	0.204175	0.088053	-0.442675	0.892348	-0.953068	-0.297946	-0.053761	0.289670	-0.845734	-0.448134
18141	10.995534	-2.425956	-1.245215	0.115657	-2.142200	0.145563	0.092895	-0.461104	0.882470	-0.952861	-0.298280	-0.055551	0.288838	-0.835710	-0.467077
