// General information: 
//  MT Manager version: 2022.2.0 
//  XDA version: 2022.2.0 build 7381 rev 124627 built on 2023-07-19
// Device information: 
//  DeviceId: 00B4CBA7
//  ProductCode: MTW2-3A7G6
//  Firmware Version: 4.6.0
//  Hardware Version: 2.0.0
// Device settings: 
//  Filter Profile: human(46.1)
//  Option Flags: Orientation Smoother Disabled, Position/Velocity Smoother Disabled, Continuous Zero Rotation Update Disabled, AHS Disabled, ICC Disabled
// Coordinate system: ENU
PacketCounter	Acc_X	Acc_Y	Acc_Z	Gyr_X	Gyr_Y	Gyr_Z	Mat[1][1]	Mat[2][1]	Mat[3][1]	Mat[1][2]	Mat[2][2]	Mat[3][2]	Mat[1][3]	Mat[2][3]	Mat[3][3]
64283	9.566159	0.316042	-1.935926	0.014382	0.009159	0.004423	0.031664	0.209907	0.977208	0.949865	-0.310589	0.035937	0.311054	0.927078	-0.209218
64284	9.592596	0.360155	-2.005965	0.017199	0.015172	0.001884	0.031596	0.209768	0.977241	0.949919	-0.310423	0.035921	0.310893	0.927165	-0.209070
64285	9.590935	0.357570	-2.082442	0.017756	0.000427	0.008218	0.031634	0.209744	0.977244	0.949972	-0.310271	0.035842	0.310729	0.927221	-0.209066
64286	9.662785	0.422023	-2.131490	0.019261	0.011481	0.011217	0.031665	0.209610	0.977272	0.950030	-0.310106	0.035730	0.310547	0.927307	-0.208955
64287	9.636072	0.411262	-2.230153	0.008980	0.008453	0.011495	0.031709	0.209503	0.977294	0.950056	-0.310037	0.035637	0.310463	0.927354	-0.208870
64288	9.619067	0.388691	-2.282147	-0.005762	0.016235	0.016996	0.031781	0.209306	0.977334	0.950035	-0.310116	0.035521	0.310521	0.927372	-0.208704
64289	9.578842	0.406766	-2.240964	-0.017631	0.025626	0.019644	0.031849	0.209014	0.977394	0.949975	-0.310312	0.035404	0.310697	0.927372	-0.208441
64290	9.584428	0.352984	-2.252631	-0.028348	0.028919	0.019193	0.031902	0.208693	0.977461	0.949883	-0.310605	0.035314	0.310974	0.927347	-0.208143
64291	9.565012	0.338063	-2.248139	-0.026546	0.046891	0.023878	0.031944	0.208191	0.977566	0.949795	-0.310890	0.035174	0.311238	0.927364	-0.207669
64292	9.525429	0.263190	-2.280167	-0.023358	0.036341	0.017644	0.031959	0.207806	0.977648	0.949719	-0.311132	0.035088	0.311469	0.927369	-0.207300
64293	9.495292	0.223169	-2.228126	-0.013551	0.050099	0.016975	0.031924	0.207295	0.977757	0.949675	-0.311277	0.034987	0.311606	0.927435	-0.206800
64294	9.538839	0.250587	-2.147425	0.001599	0.054688	0.011046	0.031819	0.206761	0.977874	0.949679	-0.311274	0.034914	0.311606	0.927555	-0.206261
64295	9.572747	0.336457	-2.075179	0.005201	0.056894	0.010609	0.031703	0.206207	0.977995	0.949693	-0.311238	0.034838	0.311572	0.927691	-0.205700
64296	9.634998	0.375790	-2.072009	0.002162	0.053861	0.009668	0.031588	0.205684	0.978109	0.949699	-0.311227	0.034777	0.311567	0.927810	-0.205169
64297	9.604723	0.382468	-1.981241	0.000684	0.057483	0.011422	0.031477	0.205122	0.978230	0.949701	-0.311230	0.034701	0.311572	0.927934	-0.204601
64298	9.665453	0.420067	-2.055219	-0.007392	0.051452	0.012343	0.031395	0.204613	0.978339	0.949676	-0.311313	0.034634	0.311657	0.928018	-0.204089
64299	9.859628	0.517447	-2.217875	-0.021188	0.056134	0.011249	0.031288	0.204063	0.978458	0.949607	-0.311528	0.034605	0.311879	0.928067	-0.203527
64300	9.955173	0.550728	-2.221783	-0.028170	0.067888	0.020712	0.031234	0.203375	0.978603	0.949514	-0.311821	0.034498	0.312165	0.928120	-0.202847
64301	9.759329	0.491776	-2.241115	-0.034858	0.068228	0.039247	0.031353	0.202627	0.978754	0.949398	-0.312206	0.034222	0.312507	0.928154	-0.202162
64302	9.478696	0.385429	-2.204270	-0.031594	0.068707	0.049942	0.031573	0.201840	0.978909	0.949285	-0.312590	0.033835	0.312827	0.928196	-0.201473
64303	9.321707	0.314616	-2.131955	-0.023615	0.068915	0.044936	0.031744	0.201067	0.979063	0.949200	-0.312889	0.033481	0.313069	0.928263	-0.200785
64304	9.256576	0.287445	-1.938138	-0.007581	0.079577	0.039370	0.031829	0.200212	0.979235	0.949165	-0.313028	0.033149	0.313165	0.928401	-0.199998
64305	9.379023	0.422071	-1.688377	-0.010771	0.074733	0.028377	0.031824	0.199437	0.979394	0.949128	-0.313163	0.032930	0.313277	0.928522	-0.199257
64306	9.514323	0.444717	-1.521314	-0.026162	0.077598	0.031130	0.031837	0.198626	0.979558	0.949039	-0.313458	0.032715	0.313548	0.928597	-0.198483
64307	9.620518	0.513659	-1.285830	-0.048799	0.057330	0.035837	0.031956	0.197989	0.979683	0.948881	-0.313958	0.032498	0.314013	0.928564	-0.197900
64308	9.615300	0.667393	-0.905519	-0.074896	0.036704	0.051013	0.032285	0.197494	0.979772	0.948631	-0.314744	0.032184	0.314733	0.928403	-0.197511
64309	9.621172	0.845173	-0.574638	-0.136267	-0.005960	0.060373	0.032837	0.197366	0.979780	0.948184	-0.316117	0.031900	0.316021	0.927964	-0.197519
64310	9.705003	0.755482	-0.613152	-0.166121	-0.025699	0.072546	0.033567	0.197381	0.979752	0.947635	-0.317791	0.031556	0.317585	0.927388	-0.197713
64311	9.740898	0.606520	-0.582908	-0.170623	-0.047792	0.080395	0.034441	0.197576	0.979682	0.947068	-0.319520	0.031145	0.319182	0.926753	-0.198122
64312	9.885649	0.682176	-0.799409	-0.146941	-0.073273	0.111927	0.035695	0.197903	0.979571	0.946560	-0.321093	0.030378	0.320545	0.926139	-0.198789
64313	10.303210	0.748305	-0.712265	-0.153550	-0.075735	0.155259	0.037367	0.198112	0.979467	0.946015	-0.322804	0.029201	0.321961	0.925499	-0.199479
64314	10.056607	0.195240	0.008802	-0.133983	-0.066850	0.176493	0.039212	0.198167	0.979384	0.945518	-0.324384	0.027779	0.323201	0.924935	-0.200090
64315	9.339821	0.724727	0.622172	-0.081679	-0.155181	0.174575	0.041324	0.199040	0.979120	0.945186	-0.325475	0.026272	0.323908	0.924364	-0.201579
64316	8.774212	0.553350	0.623383	-0.084960	-0.245712	0.183101	0.043812	0.200720	0.978668	0.944835	-0.326616	0.024690	0.324605	0.923598	-0.203957
64317	8.469799	0.942549	1.001914	0.006138	-0.360222	0.193791	0.046771	0.203418	0.977974	0.944769	-0.326940	0.022821	0.324381	0.922893	-0.207474
64318	8.613143	1.343633	0.895575	0.007332	-0.529073	0.197183	0.050310	0.207661	0.976906	0.944700	-0.327268	0.020916	0.324053	0.921831	-0.212642
64319	9.231960	1.609523	0.329039	-0.017446	-0.648000	0.224619	0.054489	0.212897	0.975554	0.944530	-0.327887	0.018800	0.323874	0.920416	-0.218954
64320	9.575891	1.685563	-0.503840	-0.050088	-0.706224	0.258716	0.059180	0.218550	0.974030	0.944224	-0.328895	0.016427	0.323943	0.918730	-0.225824
64321	9.766642	1.674609	-1.206116	-0.109167	-0.731122	0.286803	0.064217	0.224316	0.972398	0.943691	-0.330534	0.013928	0.324535	0.916749	-0.232911
64322	10.040104	1.387863	-1.776155	-0.184324	-0.742141	0.321886	0.069627	0.230051	0.970685	0.942880	-0.332942	0.011274	0.325775	0.914454	-0.240092
64323	10.203644	1.081245	-2.304709	-0.258185	-0.717996	0.345945	0.075191	0.235452	0.968973	0.941785	-0.336106	0.008590	0.327700	0.911918	-0.247018
64324	10.248243	0.627850	-2.849683	-0.359188	-0.694139	0.354289	0.080770	0.240582	0.967262	0.940331	-0.340208	0.006097	0.330537	0.909054	-0.253706
64325	10.265637	-0.003127	-3.207908	-0.431038	-0.645025	0.349060	0.086151	0.245243	0.965626	0.938604	-0.344974	0.003874	0.334067	0.906007	-0.259906
64326	9.799932	-0.446812	-3.099577	-0.432573	-0.578596	0.324606	0.091099	0.249358	0.964117	0.936868	-0.349678	0.001916	0.337608	0.903076	-0.265471
64327	9.104819	-0.662348	-3.830765	-0.396337	-0.569290	0.297934	0.095776	0.253443	0.962597	0.935243	-0.354007	0.000152	0.340805	0.900248	-0.270937
64328	8.391883	-0.867224	-5.024571	-0.303889	-0.515323	0.266010	0.099986	0.257139	0.961188	0.933948	-0.357406	-0.001538	0.343139	0.897853	-0.275890
64329	7.851691	-0.837731	-6.476265	-0.148486	-0.476010	0.246558	0.103881	0.260529	0.959861	0.933188	-0.359373	-0.003452	0.344049	0.896089	-0.280454
64330	7.555176	-0.845469	-7.865898	-0.000354	-0.403226	0.249550	0.107557	0.263251	0.958713	0.932928	-0.360017	-0.005807	0.343624	0.895034	-0.284317
64331	7.477605	-1.159349	-8.738569	0.115133	-0.281992	0.252660	0.110840	0.264872	0.957892	0.933051	-0.359643	-0.008519	0.342243	0.894707	-0.287002
64332	7.672186	-1.436134	-8.304018	0.213771	-0.083093	0.255944	0.113473	0.264706	0.957630	0.933499	-0.358395	-0.011547	0.340153	0.895256	-0.287771
64333	7.585233	-1.328019	-7.360196	0.267963	0.014429	0.243689	0.115660	0.263714	0.957642	0.934133	-0.356625	-0.014613	0.337666	0.896255	-0.287592
64334	8.089809	-1.364655	-6.831720	0.211671	0.090719	0.242891	0.117585	0.262045	0.957865	0.934568	-0.355353	-0.017510	0.335792	0.897249	-0.286683
64335	8.479641	-1.527767	-5.692921	0.138936	0.242877	0.237001	0.118947	0.259034	0.958516	0.934759	-0.354711	-0.020140	0.334779	0.898377	-0.284326
64336	8.820812	-1.654748	-4.599267	0.048911	0.340097	0.211805	0.119749	0.255234	0.959435	0.934676	-0.354803	-0.022272	0.334726	0.899428	-0.281049
64337	9.132344	-1.967312	-3.760594	-0.037177	0.420847	0.166700	0.119859	0.250867	0.960573	0.934357	-0.355547	-0.023732	0.335576	0.900362	-0.277014
64338	9.992161	-2.367870	-2.984650	-0.032431	0.425705	0.128321	0.119588	0.246584	0.961715	0.934100	-0.356147	-0.024838	0.336387	0.901308	-0.272925
64339	11.955197	-1.951427	-1.514549	0.317404	0.471676	0.102664	0.118930	0.241974	0.962966	0.935047	-0.353521	-0.026649	0.333980	0.903588	-0.268302
64340	13.046863	-0.665337	-0.119790	0.539856	0.471491	-0.004077	0.117289	0.237730	0.964224	0.936848	-0.348613	-0.028008	0.329483	0.906616	-0.263605
64341	11.628099	0.030255	-0.266817	0.752146	0.327203	-0.056746	0.115652	0.234964	0.965099	0.939373	-0.341636	-0.029395	0.322806	0.909987	-0.260229
64342	9.987726	1.279066	-1.021808	1.060309	0.117635	0.045964	0.115672	0.233744	0.965393	0.942695	-0.332063	-0.032552	0.312962	0.913837	-0.258760
64343	9.845417	3.623573	0.013541	1.225798	-0.144257	0.252136	0.118458	0.234249	0.964933	0.946170	-0.321417	-0.038127	0.301214	0.917507	-0.259714
64344	10.329529	5.606418	0.789435	1.039791	-0.172918	0.421035	0.122920	0.234511	0.964311	0.948747	-0.312837	-0.044858	0.291152	0.920401	-0.260945
64345	9.631189	5.736449	1.133069	0.500865	-0.103306	0.495810	0.127884	0.233927	0.963807	0.949577	-0.309373	-0.050908	0.286267	0.921719	-0.261695
64346	8.876717	3.996000	0.270263	-0.072627	-0.141358	0.511864	0.133108	0.233648	0.963167	0.948707	-0.311228	-0.055612	0.286771	0.921166	-0.263090
64347	8.733909	1.651660	-1.404793	-0.418249	-0.163647	0.529975	0.138561	0.233498	0.962434	0.946786	-0.316303	-0.059569	0.290512	0.919473	-0.264899
64348	9.094355	-0.590442	-2.861919	-0.552240	-0.150914	0.540606	0.144076	0.233164	0.961705	0.944410	-0.322625	-0.063265	0.295519	0.917359	-0.266685
64349	9.403629	-2.278113	-3.692839	-0.579138	-0.094069	0.515155	0.149172	0.232354	0.961124	0.941935	-0.329119	-0.066628	0.300843	0.915255	-0.267958
64350	9.176544	-3.239123	-4.077546	-0.504210	-0.021187	0.472807	0.153645	0.230986	0.960749	0.939697	-0.334813	-0.069781	0.305553	0.913535	-0.268500
64351	8.742746	-3.481482	-4.184235	-0.376717	0.010757	0.412868	0.157446	0.229505	0.960489	0.937904	-0.339191	-0.072695	0.309106	0.912292	-0.268658
64352	8.258747	-3.156313	-4.108162	-0.172730	0.025492	0.361393	0.160715	0.228050	0.960294	0.936801	-0.341582	-0.075665	0.310764	0.911765	-0.268535
64353	7.935934	-2.726023	-3.822053	0.014595	0.026421	0.326185	0.163647	0.226702	0.960117	0.936325	-0.342179	-0.078797	0.310669	0.911877	-0.268264
64354	8.040026	-2.374180	-3.211721	0.186135	0.006950	0.307005	0.166462	0.225598	0.959894	0.936402	-0.341164	-0.082206	0.308936	0.912531	-0.268041
64355	8.567523	-2.153087	-2.580595	0.344213	0.003315	0.286735	0.169098	0.224602	0.959667	0.936986	-0.338656	-0.085842	0.305716	0.913710	-0.267715
64356	9.374144	-1.785588	-1.713854	0.440186	-0.045368	0.272544	0.171751	0.224106	0.959311	0.937866	-0.335231	-0.089598	0.301511	0.915094	-0.267758
64357	10.379632	-1.357447	-1.066808	0.446121	-0.088887	0.258998	0.174408	0.224065	0.958841	0.938761	-0.331715	-0.093240	0.297170	0.916384	-0.268197
64358	10.743499	-0.970007	-0.548770	0.380456	-0.112587	0.227298	0.176836	0.224354	0.958329	0.939493	-0.328725	-0.096403	0.293398	0.917390	-0.268910
64359	10.411393	-0.695144	-0.244390	0.256081	-0.168497	0.193443	0.179107	0.225273	0.957691	0.939904	-0.326799	-0.098909	0.290691	0.917853	-0.270267
64360	9.910303	-0.792143	-0.191328	0.135568	-0.220392	0.173242	0.181335	0.226738	0.956926	0.939993	-0.325935	-0.100898	0.289018	0.917800	-0.272235
64361	9.416726	-0.946973	-0.342753	0.055323	-0.281288	0.156223	0.183575	0.228816	0.956004	0.939875	-0.325771	-0.102506	0.287984	0.917342	-0.274862
64362	9.257846	-1.107268	-0.686439	-0.012591	-0.355899	0.147876	0.185950	0.231604	0.954873	0.939574	-0.326216	-0.103847	0.287443	0.916484	-0.278269
64363	9.699847	-1.279218	-1.501816	-0.068509	-0.425699	0.145516	0.188500	0.235033	0.953534	0.939113	-0.327171	-0.105006	0.287289	0.915270	-0.282394
64364	9.835603	-1.422943	-2.215639	-0.083889	-0.419142	0.139281	0.190972	0.238418	0.952201	0.938616	-0.328256	-0.106057	0.287280	0.914005	-0.286470
64365	9.490383	-1.459225	-2.415005	-0.084875	-0.430245	0.131711	0.193404	0.241919	0.950826	0.938127	-0.329336	-0.107028	0.287249	0.912696	-0.290645
64366	9.271688	-1.439935	-2.684740	-0.082815	-0.472179	0.121908	0.195865	0.245831	0.949318	0.937661	-0.330377	-0.107907	0.287106	0.911273	-0.295215
64367	9.217263	-1.445191	-3.426814	-0.081927	-0.509266	0.098356	0.198208	0.250146	0.947703	0.937240	-0.331354	-0.108559	0.286870	0.909742	-0.300124
64368	9.153418	-1.559055	-4.173332	-0.082327	-0.477886	0.081269	0.200302	0.254229	0.946175	0.936851	-0.332295	-0.109043	0.286688	0.908266	-0.304734
64369	9.224345	-1.552543	-4.500236	-0.087696	-0.416461	0.071856	0.202129	0.257774	0.944826	0.936464	-0.333263	-0.109417	0.286670	0.906912	-0.308758
64370	9.310303	-1.725954	-4.562464	-0.111746	-0.344543	0.053796	0.203582	0.260725	0.943704	0.936043	-0.334402	-0.109541	0.287017	0.905648	-0.312128
64371	9.119580	-2.088700	-4.358108	-0.093467	-0.273002	0.032586	0.204632	0.263092	0.942819	0.935717	-0.335321	-0.109519	0.287333	0.904623	-0.314797
64372	8.915018	-2.377910	-3.858139	-0.048251	-0.232944	0.000895	0.205271	0.265204	0.942089	0.935585	-0.335747	-0.109339	0.287306	0.903848	-0.317040
64373	8.822659	-2.518675	-3.262852	0.009362	-0.212694	-0.034742	0.205518	0.267248	0.941457	0.935692	-0.335557	-0.109006	0.286781	0.903316	-0.319025
64374	8.776327	-2.585633	-2.524106	0.042964	-0.203021	-0.058908	0.205509	0.269287	0.940878	0.935945	-0.334998	-0.108552	0.285960	0.902918	-0.320883
64375	8.878890	-2.430874	-1.764494	0.068173	-0.230965	-0.086858	0.205317	0.271668	0.940235	0.936327	-0.334134	-0.107920	0.284846	0.902525	-0.322974
64376	9.240484	-2.232358	-1.337538	0.045483	-0.292622	-0.113058	0.205052	0.274693	0.939413	0.936697	-0.333402	-0.106969	0.283819	0.901879	-0.325669
64377	9.669792	-1.828137	-0.933475	0.021946	-0.346239	-0.137158	0.204710	0.278276	0.938433	0.937048	-0.332812	-0.105718	0.282903	0.900999	-0.328888
64378	10.014818	-1.431875	-0.595909	-0.016465	-0.419663	-0.158347	0.204373	0.282589	0.937217	0.937335	-0.332503	-0.104143	0.282198	0.899770	-0.332835
64379	10.183407	-1.138014	0.154197	-0.057426	-0.474388	-0.175143	0.204031	0.287440	0.935815	0.937539	-0.332506	-0.102276	0.281766	0.898230	-0.337328
64380	10.195614	-0.834895	0.921943	-0.079794	-0.569789	-0.206741	0.203658	0.293248	0.934093	0.937744	-0.332608	-0.100036	0.281352	0.896313	-0.342730
64381	9.858689	-0.617843	1.743551	-0.138851	-0.670717	-0.244760	0.203211	0.300068	0.932022	0.937860	-0.333111	-0.097238	0.281288	0.893866	-0.349114
64382	9.542506	-0.585362	2.127781	-0.200201	-0.837092	-0.274300	0.202955	0.308460	0.929334	0.937863	-0.334048	-0.093942	0.281465	0.890654	-0.357090
64383	9.608049	-0.554008	1.731556	-0.252053	-0.996285	-0.289907	0.203003	0.318284	0.926005	0.937750	-0.335365	-0.090307	0.281806	0.886694	-0.366551
64384	9.816380	-0.242173	0.434689	-0.301217	-1.136057	-0.282851	0.203517	0.329290	0.922035	0.937484	-0.337098	-0.086538	0.282320	0.882005	-0.377310
64385	10.194798	0.083077	-0.839921	-0.395778	-1.230719	-0.239816	0.204712	0.340922	0.917532	0.936862	-0.339758	-0.082782	0.283517	0.876548	-0.388950
64386	10.510941	0.205583	-1.634864	-0.440568	-1.253256	-0.200222	0.206361	0.352563	0.912751	0.936030	-0.342897	-0.079175	0.285066	0.870701	-0.400770
64387	10.299392	0.839749	-1.146118	-0.448011	-1.280262	-0.163944	0.208446	0.364234	0.907681	0.935099	-0.346180	-0.075827	0.286602	0.864577	-0.412755
64388	10.426639	1.347242	-0.497606	-0.517392	-1.403268	-0.148153	0.211058	0.376842	0.901912	0.933931	-0.350070	-0.072283	0.288493	0.857579	-0.425829
64389	10.840014	1.284933	0.148754	-0.612102	-1.485690	-0.145709	0.213962	0.390036	0.895596	0.932476	-0.354719	-0.068291	0.291049	0.849733	-0.439595
64390	12.290641	0.369673	0.868197	-0.767822	-1.593841	-0.137144	0.217314	0.404007	0.888568	0.930532	-0.360646	-0.063601	0.294763	0.840662	-0.454315
64391	14.843657	0.220584	1.324365	-0.676199	-1.674775	-0.148131	0.220853	0.418543	0.880935	0.928864	-0.365671	-0.059134	0.297383	0.831328	-0.469528
64392	15.470949	1.910072	2.617712	-0.633815	-1.740552	-0.193532	0.224212	0.433650	0.872741	0.927413	-0.370066	-0.054378	0.299391	0.821583	-0.485145
64393	14.170438	3.006906	2.458663	-0.804024	-1.999456	-0.201841	0.228313	0.450706	0.862982	0.925460	-0.375712	-0.048621	0.302319	0.809756	-0.502890
64394	12.990014	3.050263	-0.439496	-0.822927	-2.167985	-0.108584	0.233853	0.468542	0.851928	0.923222	-0.381803	-0.043440	0.304915	0.796677	-0.521854
64395	11.671885	2.838486	-3.638684	-0.741405	-2.272504	0.017860	0.240917	0.486416	0.839856	0.920924	-0.387723	-0.039616	0.306362	0.782988	-0.541361
64396	10.996336	2.033577	-5.481643	-0.787259	-2.186926	0.134541	0.248837	0.502873	0.827768	0.918186	-0.394477	-0.036371	0.308245	0.769095	-0.559891
64397	10.819096	0.788107	-4.943022	-0.845194	-1.889935	0.249563	0.256931	0.516285	0.816967	0.914948	-0.402172	-0.033591	0.311219	0.756113	-0.575705
64398	9.865793	-1.673171	-3.119308	-0.855139	-1.732029	0.284501	0.264910	0.528130	0.806785	0.911541	-0.410048	-0.030886	0.314509	0.743599	-0.590038
64399	9.699778	-4.049119	-3.007513	-0.706438	-1.856939	0.233781	0.272845	0.540847	0.795638	0.908697	-0.416482	-0.028505	0.315952	0.730771	-0.605101
64400	10.003617	-5.958992	-5.156654	-0.496567	-1.874048	0.152610	0.280107	0.553800	0.784121	0.906719	-0.420892	-0.026639	0.315278	0.718439	-0.620036
64401	8.947682	-7.136131	-7.499315	-0.189473	-1.750095	0.048487	0.285990	0.566070	0.773158	0.906000	-0.422491	-0.025800	0.312048	0.707860	-0.633688
64402	8.086689	-7.155586	-9.958375	0.115647	-1.746818	-0.039065	0.290997	0.578530	0.761987	0.906482	-0.421430	-0.026212	0.305960	0.698355	-0.647062
64403	7.905499	-6.389221	-10.690045	0.385195	-1.644003	-0.100865	0.295001	0.590362	0.751297	0.907952	-0.418142	-0.027940	0.297654	0.690384	-0.659373
64404	7.503664	-5.501616	-9.714582	0.572939	-1.507134	-0.177763	0.297760	0.601469	0.741332	0.910169	-0.413120	-0.030395	0.287978	0.683788	-0.670449
64405	7.407566	-4.506714	-9.492431	0.672543	-1.504147	-0.287800	0.299348	0.612880	0.731279	0.912942	-0.406770	-0.032800	0.277360	0.677434	-0.681289
64406	7.257539	-3.277235	-9.025671	0.874041	-1.335525	-0.358170	0.299658	0.623350	0.722246	0.916399	-0.398629	-0.036166	0.265365	0.672703	-0.690690
64407	6.550146	-1.775058	-8.219389	0.933922	-1.173621	-0.388333	0.299097	0.632748	0.714262	0.919995	-0.389899	-0.039845	0.253278	0.669035	-0.698743
64408	6.105641	-0.554068	-7.840635	0.872605	-0.952865	-0.354151	0.298156	0.640489	0.707727	0.923228	-0.381791	-0.043426	0.242390	0.666341	-0.705150
64409	6.330365	0.684887	-7.363818	0.793211	-0.689217	-0.225792	0.297669	0.645924	0.702976	0.925798	-0.375032	-0.047425	0.233005	0.664931	-0.709630
64410	6.624385	1.909470	-7.438956	0.652575	-0.353471	-0.071216	0.297782	0.648551	0.700505	0.927520	-0.370204	-0.051538	0.225905	0.665080	-0.711784
64411	3.939112	1.842801	-7.611516	0.211200	0.117971	0.000065	0.297477	0.647759	0.701367	0.928007	-0.368771	-0.053020	0.224299	0.666646	-0.710826
64412	3.638518	1.189546	-6.811439	-0.301008	0.305936	0.123828	0.297896	0.645270	0.703480	0.926970	-0.371552	-0.051727	0.228001	0.667514	-0.708830
64413	6.168661	-0.025424	-6.488804	-0.245348	1.009097	0.179898	0.297196	0.637830	0.710526	0.925881	-0.374324	-0.051248	0.233280	0.673093	-0.701802
64414	6.471073	0.037113	-4.474636	-0.222114	2.009045	0.179573	0.294052	0.623524	0.724397	0.924835	-0.376938	-0.050966	0.241274	0.684935	-0.687496
64415	5.634391	-0.345643	-3.548587	-0.441078	2.452931	0.182345	0.289641	0.605861	0.740973	0.923226	-0.381084	-0.049287	0.252512	0.698361	-0.669724
64416	5.845772	-1.418371	-4.678085	-0.613799	2.660156	0.191168	0.284471	0.586380	0.758443	0.921098	-0.386526	-0.046641	0.265808	0.711868	-0.650069
64417	6.139995	-2.113355	-5.061670	-0.550839	2.870118	0.238092	0.278803	0.564807	0.776700	0.918939	-0.391833	-0.044925	0.278963	0.726264	-0.628267
64418	6.650189	-2.217244	-5.020662	-0.519958	2.972048	0.344616	0.273444	0.541657	0.794881	0.916514	-0.397530	-0.044397	0.291942	0.740660	-0.605139
64419	7.706163	-2.125930	-4.410825	-0.532516	3.129598	0.467570	0.268337	0.516368	0.813240	0.913668	-0.403964	-0.044977	0.305296	0.755101	-0.580188
64420	8.643002	-2.168029	-3.594648	-0.595603	3.271819	0.551003	0.263104	0.489196	0.831543	0.910355	-0.411253	-0.046101	0.319422	0.769128	-0.553544
64421	9.308402	-1.905433	-3.015792	-0.686602	3.331425	0.574629	0.257395	0.460959	0.849273	0.906625	-0.419289	-0.047200	0.334333	0.782121	-0.525840
64422	9.552730	-1.584666	-2.710994	-0.917418	3.377176	0.542120	0.250683	0.432066	0.866301	0.902114	-0.428917	-0.047125	0.351210	0.793315	-0.497295
64423	9.639533	-2.099466	-3.008997	-1.076133	3.384678	0.515645	0.243089	0.402802	0.882416	0.896974	-0.439641	-0.046414	0.369250	0.802787	-0.468175
64424	10.101828	-2.353945	-3.309021	-1.051746	3.345229	0.512195	0.234988	0.373539	0.897357	0.891784	-0.450100	-0.046168	0.386654	0.811097	-0.438885
64425	10.590552	-2.358835	-3.643932	-0.853499	3.322492	0.530962	0.226571	0.344029	0.911213	0.887203	-0.458947	-0.047326	0.401917	0.819153	-0.409208
64426	10.540808	-2.045090	-3.715252	-0.576605	3.326559	0.518344	0.217545	0.314257	0.924076	0.883708	-0.465385	-0.049775	0.414409	0.827441	-0.378953
64427	10.284231	-1.297553	-3.614439	-0.275916	3.287276	0.500511	0.208146	0.284562	0.935788	0.881494	-0.469165	-0.053401	0.423843	0.836007	-0.348495
64428	10.180157	-0.252482	-3.322843	-0.059254	3.213219	0.492309	0.198711	0.255261	0.946232	0.880249	-0.470979	-0.057800	0.430902	0.844405	-0.318283
64429	10.333774	0.554275	-2.863880	0.038979	3.151916	0.516836	0.189547	0.226072	0.955491	0.879422	-0.471881	-0.062808	0.436679	0.852185	-0.288256
64430	10.581604	0.849340	-2.386630	0.053211	3.129109	0.548797	0.180585	0.196718	0.963686	0.878649	-0.472575	-0.068183	0.442001	0.859054	-0.258187
64431	10.512049	0.805478	-1.990785	0.071580	3.129039	0.575142	0.171690	0.167009	0.970892	0.877961	-0.472995	-0.073894	0.446886	0.865092	-0.227836
64432	10.190226	0.329006	-1.463050	0.084344	3.082610	0.588618	0.162974	0.137490	0.977004	0.877363	-0.473151	-0.079769	0.451303	0.870187	-0.197740
64433	9.922770	-0.171640	-1.177616	0.170267	2.972870	0.562594	0.154405	0.108878	0.981990	0.877248	-0.472351	-0.085564	0.454528	0.874660	-0.168447
64434	10.017781	-0.457365	-1.322083	0.272891	2.808964	0.526747	0.146196	0.081782	0.985869	0.877706	-0.470454	-0.091130	0.456354	0.878626	-0.140559
64435	10.458924	-0.464266	-1.266423	0.350504	2.701321	0.476286	0.138000	0.055751	0.988862	0.878637	-0.467690	-0.096249	0.457115	0.882133	-0.113526
64436	10.412387	-0.285473	-0.987609	0.381994	2.635941	0.422078	0.129621	0.030504	0.991094	0.879825	-0.464493	-0.100772	0.457282	0.885051	-0.087047
64437	10.302045	-0.427445	-0.651501	0.347545	2.524290	0.377061	0.121355	0.006376	0.992589	0.880947	-0.461478	-0.104741	0.457390	0.887129	-0.061619
64438	10.210066	-0.784628	-0.535445	0.315011	2.393607	0.329774	0.113275	-0.016380	0.993429	0.882007	-0.458663	-0.108133	0.457420	0.888459	-0.037508
64439	9.970427	-1.261450	-0.388647	0.329500	2.253581	0.267675	0.105293	-0.037651	0.993728	0.883226	-0.455659	-0.110848	0.456974	0.889358	-0.014723
64440	9.567289	-1.405816	-0.189570	0.405800	2.085604	0.191531	0.097433	-0.057066	0.993605	0.884888	-0.451957	-0.112729	0.455499	0.890213	0.006461
64441	9.355177	-1.177022	-0.013751	0.490162	1.889061	0.124388	0.089913	-0.074466	0.993162	0.887003	-0.447508	-0.113855	0.452926	0.891174	0.025815
64442	9.182595	-0.720273	0.229813	0.556383	1.696868	0.068266	0.082825	-0.089889	0.992502	0.889459	-0.442491	-0.114301	0.449448	0.892256	0.043303
64443	8.834856	-0.223800	0.413231	0.599040	1.513884	0.036381	0.076334	-0.103581	0.991688	0.892114	-0.437107	-0.114325	0.445316	0.893425	0.059039
64444	8.425298	0.262329	0.417957	0.593600	1.318676	0.022483	0.070653	-0.115455	0.990797	0.894732	-0.431778	-0.114117	0.440980	0.894560	0.072795
64445	8.291027	0.526491	0.287423	0.557777	1.122359	0.015776	0.065827	-0.125584	0.989897	0.897173	-0.426767	-0.113803	0.436747	0.895599	0.084578
64446	8.390582	0.601142	0.124011	0.532270	0.950636	0.026713	0.061897	-0.134205	0.989019	0.899473	-0.421966	-0.113551	0.432571	0.896624	0.094595
64447	8.449402	0.639961	-0.124283	0.526959	0.798220	0.040091	0.058779	-0.141549	0.988185	0.901720	-0.417184	-0.113394	0.428306	0.897731	0.103116
64448	8.272572	0.457934	-0.294922	0.519903	0.661587	0.049974	0.056372	-0.147689	0.987426	0.903910	-0.412445	-0.113294	0.423991	0.898931	0.110247
64449	8.071314	0.222492	-0.659694	0.547978	0.512716	0.054231	0.054658	-0.152538	0.986785	0.906194	-0.407436	-0.113176	0.419315	0.900405	0.115960
64450	7.908087	0.076202	-1.100075	0.610018	0.380874	0.066720	0.053638	-0.156231	0.986263	0.908703	-0.401838	-0.113074	0.413984	0.902285	0.120413
64451	7.788211	-0.067489	-1.276825	0.667058	0.238931	0.076119	0.053305	-0.158706	0.985886	0.911407	-0.395694	-0.112976	0.408039	0.904565	0.123554
64452	7.542100	-0.148293	-1.435842	0.720825	0.112784	0.087124	0.053605	-0.160060	0.985651	0.914281	-0.389030	-0.112898	0.401518	0.907214	0.125486
64453	7.419666	-0.195882	-1.936066	0.700429	-0.028725	0.078319	0.054393	-0.160114	0.985599	0.917032	-0.382543	-0.112754	0.395087	0.909959	0.126022
64454	7.383914	-0.118497	-2.306767	0.645931	-0.137710	0.069601	0.055533	-0.159114	0.985697	0.919529	-0.376549	-0.112589	0.389078	0.912630	0.125399
64455	7.209984	-0.118485	-2.682447	0.553024	-0.225646	0.068493	0.056993	-0.157320	0.985902	0.921631	-0.371390	-0.112540	0.383859	0.915052	0.123824
64456	6.901375	-0.141969	-3.406454	0.487415	-0.321326	0.054002	0.058678	-0.154566	0.986238	0.923463	-0.366844	-0.112436	0.379174	0.917352	0.121210
64457	6.687012	-0.195662	-4.151234	0.438923	-0.406113	0.057344	0.060696	-0.151056	0.986660	0.925087	-0.362727	-0.112441	0.374873	0.919571	0.117724
64458	6.656970	-0.188848	-4.716577	0.368034	-0.456107	0.058047	0.062896	-0.147058	0.987126	0.926427	-0.359256	-0.112549	0.371183	0.921580	0.113643
64459	6.823519	-0.168653	-4.598802	0.301079	-0.433338	0.083649	0.065230	-0.143368	0.987517	0.927490	-0.356360	-0.113002	0.368113	0.923284	0.109727
64460	6.726093	-0.259892	-4.353462	0.223967	-0.458023	0.085794	0.067668	-0.139432	0.987917	0.928259	-0.354173	-0.113569	0.365728	0.924727	0.105463
64461	7.286737	-0.930903	-4.082275	0.072684	-0.503316	0.103167	0.070422	-0.135147	0.988320	0.928456	-0.353361	-0.114477	0.364704	0.925674	0.100593
64462	8.792417	-1.965927	-3.215633	0.165541	-0.436376	0.122980	0.073113	-0.131530	0.988612	0.928974	-0.351666	-0.115490	0.362852	0.926839	0.096476
64463	8.938415	-1.537165	-3.593127	0.154247	-0.664911	0.088447	0.076300	-0.125677	0.989133	0.929470	-0.350124	-0.116184	0.360921	0.928234	0.090099
64464	8.589616	-0.982658	-3.560195	0.210264	-0.888840	0.090969	0.080303	-0.117728	0.989794	0.930159	-0.348062	-0.116864	0.358268	0.930050	0.081555
64465	10.022741	-1.902718	-2.482716	0.208448	-0.931407	0.183704	0.085297	-0.109697	0.990298	0.930755	-0.345914	-0.118486	0.355556	0.931832	0.072596
64466	11.946179	-2.894915	0.409500	0.360065	-0.803220	0.287596	0.090776	-0.103185	0.990511	0.931779	-0.342251	-0.121047	0.351494	0.933926	0.065078
64467	14.599911	-2.720371	2.582063	0.826664	-0.723503	0.300622	0.096055	-0.097435	0.990596	0.934373	-0.334215	-0.123476	0.343103	0.937447	0.058938
64468	15.345371	0.235352	4.674593	1.226276	-0.816907	0.099591	0.099701	-0.090077	0.990932	0.938413	-0.322598	-0.123741	0.330819	0.942240	0.052366
64469	14.473123	0.450805	4.492254	1.083215	-0.929532	-0.087487	0.101862	-0.081025	0.991493	0.942029	-0.312444	-0.122313	0.319696	0.946475	0.044502
64470	12.691708	1.464135	3.214265	1.052864	-1.032986	-0.037716	0.104712	-0.071105	0.991957	0.945381	-0.302486	-0.121478	0.308691	0.950498	0.035547
64471	11.519642	3.548813	1.510022	0.937226	-1.351349	0.159668	0.110284	-0.058717	0.992164	0.948059	-0.293456	-0.122748	0.298364	0.954168	0.023304
64472	10.921782	2.797264	-0.454242	0.509587	-1.772341	0.420081	0.119456	-0.043001	0.991908	0.949085	-0.288374	-0.126801	0.291493	0.956552	0.006363
64473	10.207172	1.452671	-3.714448	0.317012	-1.923447	0.558454	0.130268	-0.026194	0.991133	0.949309	-0.285143	-0.132307	0.286081	0.958127	-0.012279
64474	8.926011	0.125613	-5.440489	0.287546	-1.808044	0.476577	0.139879	-0.010206	0.990116	0.949487	-0.282298	-0.137050	0.280907	0.959272	-0.029797
64475	8.542704	-0.052032	-5.895084	0.306605	-1.587621	0.391614	0.147973	0.003927	0.988984	0.949783	-0.279340	-0.140998	0.275709	0.960184	-0.045065
64476	9.975005	0.016843	-6.304361	0.165110	-1.357628	0.431158	0.155747	0.015769	0.987671	0.949588	-0.277794	-0.145306	0.272078	0.960511	-0.058240
64477	10.847708	1.231786	-5.182034	-0.236515	-0.798073	0.507647	0.162695	0.022015	0.986431	0.948142	-0.280157	-0.150127	0.273050	0.959702	-0.066453
64478	9.532591	1.074902	-2.392676	-0.774537	-0.439309	0.531708	0.168903	0.024721	0.985323	0.945128	-0.287702	-0.154794	0.279653	0.957401	-0.071959
64479	9.491642	-0.774439	-1.824123	-1.170125	-0.607500	0.554375	0.175815	0.028902	0.983999	0.940850	-0.299028	-0.159322	0.289639	0.953806	-0.079766
64480	10.369462	-3.382613	-3.206080	-1.287186	-0.686326	0.505241	0.182543	0.033898	0.982613	0.936154	-0.311434	-0.163168	0.300488	0.949663	-0.088584
64481	10.063087	-4.816640	-3.796070	-1.029455	-0.641316	0.381371	0.188016	0.038774	0.981400	0.932320	-0.321327	-0.165918	0.308917	0.946174	-0.096564
64482	9.582025	-5.351953	-4.000525	-0.689137	-0.645215	0.280908	0.192602	0.043966	0.980291	0.929647	-0.327951	-0.167943	0.314104	0.943671	-0.104037
64483	9.317896	-5.536111	-3.971927	-0.239326	-0.623014	0.210751	0.196479	0.049153	0.979275	0.928493	-0.330301	-0.169711	0.315114	0.942595	-0.110535
64484	9.249454	-4.812061	-3.906886	0.159979	-0.662583	0.187949	0.200264	0.054787	0.978209	0.928631	-0.328887	-0.171694	0.312313	0.942779	-0.116741
64485	9.397030	-3.552580	-3.367248	0.432807	-0.711626	0.218036	0.204453	0.060792	0.976987	0.929538	-0.324925	-0.174305	0.306851	0.943784	-0.122941
64486	9.697944	-2.101155	-2.288406	0.468992	-0.719056	0.224704	0.208689	0.066864	0.975694	0.930508	-0.320635	-0.177052	0.301003	0.944840	-0.129131
64487	9.953165	-1.331195	-1.553379	0.280595	-0.684165	0.207609	0.212628	0.072672	0.974427	0.930919	-0.318123	-0.179409	0.296949	0.945260	-0.135294
64488	9.840948	-1.223577	-1.727916	0.023102	-0.646266	0.182004	0.216198	0.078208	0.973212	0.930607	-0.318036	-0.181175	0.295347	0.944847	-0.141540
64489	9.878560	-1.910698	-2.297201	-0.171332	-0.580687	0.160667	0.219369	0.083185	0.972089	0.929760	-0.319778	-0.182452	0.295676	0.943834	-0.147492
64490	9.826761	-2.789519	-2.757482	-0.200473	-0.525292	0.122222	0.222021	0.087755	0.971085	0.928906	-0.321768	-0.183300	0.296378	0.942743	-0.152956
64491	9.843869	-3.165039	-2.889205	-0.145564	-0.513569	0.077275	0.224223	0.092352	0.970152	0.928312	-0.323203	-0.183786	0.296583	0.941813	-0.158201
64492	9.894087	-3.347049	-2.716572	-0.056347	-0.486396	0.049938	0.226089	0.096777	0.969287	0.928042	-0.323775	-0.184142	0.296010	0.941172	-0.163015
64493	9.792396	-3.318715	-2.264682	0.001026	-0.469649	0.036301	0.227776	0.101085	0.968452	0.927972	-0.323795	-0.184458	0.294934	0.940712	-0.167557
64494	9.757473	-3.113226	-2.049118	0.048104	-0.484264	0.028981	0.229431	0.105553	0.967585	0.928057	-0.323366	-0.184782	0.293379	0.940369	-0.172149
64495	9.574465	-2.631455	-1.588866	0.092494	-0.465284	0.015777	0.230901	0.109884	0.966753	0.928301	-0.322507	-0.185060	0.291449	0.940168	-0.176472
64496	9.154472	-2.107469	-0.755407	0.138069	-0.460144	0.012964	0.232318	0.114175	0.965915	0.928681	-0.321216	-0.185394	0.289100	0.940098	-0.180657
64497	8.912075	-1.537174	0.222165	0.124329	-0.512082	0.021976	0.233960	0.118924	0.964945	0.928998	-0.320066	-0.185798	0.286751	0.939901	-0.185363
64498	8.900627	-1.171660	0.806834	0.057302	-0.587791	0.034745	0.235924	0.124343	0.963783	0.929090	-0.319563	-0.186203	0.284836	0.939371	-0.190919
64499	9.081760	-1.221312	0.843697	-0.037758	-0.637032	0.047991	0.238143	0.130176	0.962467	0.928879	-0.319971	-0.186556	0.283676	0.938442	-0.197117
64500	9.184156	-1.497061	0.722519	-0.139383	-0.690062	0.045344	0.240482	0.136509	0.961006	0.928385	-0.321331	-0.186675	0.283318	0.937076	-0.204008
64501	9.201468	-1.721155	0.338316	-0.235065	-0.743315	0.031895	0.242848	0.143369	0.959411	0.927652	-0.323568	-0.186457	0.283703	0.935280	-0.211574
64502	9.378808	-1.853205	-0.234390	-0.316490	-0.797456	0.020919	0.245270	0.150758	0.957661	0.926712	-0.326547	-0.185937	0.284690	0.933080	-0.219802
64503	9.368416	-1.878364	-0.578582	-0.368757	-0.826463	0.015718	0.247736	0.158411	0.955789	0.925631	-0.329999	-0.185225	0.286067	0.930595	-0.228383
64504	9.254470	-1.828854	-0.837846	-0.388121	-0.858758	0.006341	0.250219	0.166378	0.953787	0.924512	-0.333607	-0.184345	0.287519	0.927914	-0.237293
64505	9.011805	-1.971988	-1.285098	-0.393622	-0.894244	-0.009453	0.252671	0.174698	0.951650	0.923412	-0.337228	-0.183267	0.288907	0.925072	-0.246526
64506	8.797002	-2.261381	-2.273180	-0.348298	-0.936701	-0.027099	0.255093	0.183449	0.949355	0.922484	-0.340387	-0.182097	0.289743	0.922216	-0.256059
64507	8.649547	-2.707430	-3.558692	-0.288163	-0.951716	-0.047142	0.257378	0.192377	0.946968	0.921780	-0.342942	-0.180864	0.289961	0.919447	-0.265595
64508	8.908050	-2.835346	-4.632884	-0.191518	-0.922740	-0.053191	0.259523	0.201041	0.944580	0.921374	-0.344586	-0.179807	0.289340	0.916975	-0.274661
64509	9.421617	-2.515108	-4.827773	-0.128412	-0.872034	-0.062509	0.261428	0.209247	0.942269	0.921177	-0.345623	-0.178825	0.288251	0.914746	-0.283109
64510	9.757477	-2.193139	-4.749050	-0.108678	-0.827138	-0.079908	0.263033	0.217089	0.940046	0.921085	-0.346435	-0.177724	0.287082	0.912609	-0.291081
64511	9.854627	-2.272782	-4.681077	-0.120045	-0.780554	-0.109743	0.264223	0.224589	0.937948	0.921041	-0.347275	-0.176306	0.286129	0.910472	-0.298614
64512	9.670741	-2.250961	-4.113398	-0.090057	-0.688766	-0.132938	0.264928	0.231324	0.936110	0.921147	-0.347780	-0.174752	0.285136	0.908591	-0.305220
64513	9.494526	-2.153163	-3.171633	-0.062559	-0.665498	-0.154854	0.265358	0.237909	0.934336	0.921390	-0.347973	-0.173078	0.283947	0.906816	-0.311544
64514	9.910466	-1.705386	-2.221273	-0.032762	-0.684988	-0.163753	0.265751	0.244692	0.932471	0.921743	-0.347862	-0.171410	0.282429	0.905051	-0.317988
64515	10.541096	-0.896461	-1.119327	-0.037598	-0.711486	-0.173011	0.266123	0.251732	0.930489	0.922108	-0.347761	-0.169644	0.280883	0.903158	-0.324671
64516	10.492864	-0.622008	0.136503	-0.129638	-0.708108	-0.173428	0.266472	0.258731	0.928467	0.922217	-0.348475	-0.167571	0.280192	0.900901	-0.331465
64517	9.909281	-0.724454	1.328159	-0.189357	-0.802103	-0.201929	0.266819	0.266655	0.926123	0.922237	-0.349635	-0.165030	0.279799	0.898137	-0.339208
64518	9.365206	-1.036735	2.154948	-0.211695	-0.964759	-0.237506	0.267286	0.276144	0.923202	0.922291	-0.350875	-0.162070	0.279174	0.894780	-0.348469
64519	9.292878	-1.026813	2.935582	-0.233472	-1.140783	-0.259940	0.268030	0.287244	0.919593	0.922347	-0.352213	-0.158816	0.278274	0.890751	-0.359342
64520	9.778010	-0.490159	3.828226	-0.319346	-1.303375	-0.259131	0.269225	0.299746	0.915243	0.922166	-0.354275	-0.155235	0.277717	0.885800	-0.371795
64521	10.734486	0.216581	4.601246	-0.544388	-1.461026	-0.237059	0.271066	0.313484	0.910083	0.921304	-0.358338	-0.150976	0.278788	0.879387	-0.385947
64522	11.531874	0.868893	4.089356	-0.816723	-1.635034	-0.193369	0.273831	0.328504	0.903937	0.919552	-0.364851	-0.145970	0.281850	0.871188	-0.401985
64523	12.165846	1.343468	2.725196	-1.105022	-1.770121	-0.154657	0.277405	0.344404	0.896901	0.916847	-0.373885	-0.140005	0.287120	0.861159	-0.419484
64524	11.980949	1.844586	0.769673	-1.277166	-1.887372	-0.109231	0.281847	0.360974	0.888966	0.913456	-0.384409	-0.133519	0.293530	0.849663	-0.438079
64525	11.813161	1.756978	-1.053757	-1.423664	-1.999779	-0.071749	0.287092	0.378111	0.880119	0.909442	-0.396130	-0.126474	0.300821	0.836727	-0.457596
64526	11.523320	0.933746	-1.475698	-1.369470	-1.983602	-0.087531	0.292293	0.394942	0.870968	0.905542	-0.407144	-0.119277	0.307502	0.823562	-0.476642
64527	11.553791	0.521108	0.144096	-1.201092	-2.069013	-0.161331	0.297201	0.412503	0.861111	0.902309	-0.416285	-0.112004	0.312266	0.810276	-0.495926
64528	12.657639	0.780951	2.195396	-1.021474	-2.244254	-0.223568	0.302185	0.431485	0.850003	0.899789	-0.423530	-0.104889	0.314743	0.796519	-0.516230
64529	14.339367	1.850734	3.508241	-0.927316	-2.440205	-0.262787	0.307467	0.451858	0.837430	0.897682	-0.429666	-0.097751	0.315646	0.781801	-0.537732
64530	15.513921	4.042151	3.254967	-1.032622	-2.558078	-0.266441	0.313132	0.472816	0.823646	0.895255	-0.436403	-0.089838	0.316965	0.765505	-0.559943
64531	15.183483	4.615306	1.934541	-1.307443	-2.599404	-0.190762	0.319661	0.493310	0.808988	0.891706	-0.445348	-0.080779	0.320432	0.747202	-0.582248
64532	13.733001	2.617336	-0.538259	-1.606144	-2.573460	-0.088722	0.327159	0.512694	0.793796	0.886812	-0.456720	-0.070510	0.326392	0.727016	-0.604083
64533	12.424551	-1.109696	-3.371526	-1.739335	-2.517697	-0.014608	0.335282	0.530790	0.778362	0.881137	-0.469081	-0.059671	0.333442	0.705850	-0.624974
64534	11.827771	-4.798418	-5.241680	-1.616366	-2.495850	0.035322	0.343950	0.547992	0.762498	0.875595	-0.480488	-0.049649	0.339164	0.684716	-0.645083
64535	11.362138	-7.966178	-6.001668	-1.364200	-2.424912	0.041118	0.352523	0.564144	0.746639	0.870816	-0.489896	-0.040999	0.342646	0.664638	-0.663965
64536	11.580893	-9.946809	-8.189962	-0.936232	-2.505272	-0.000625	0.361056	0.580577	0.729773	0.867629	-0.496002	-0.034662	0.341845	0.645688	-0.682810
64537	11.549386	-11.615894	-9.008372	-0.402488	-2.335244	-0.043641	0.368553	0.595678	0.713678	0.866438	-0.498287	-0.031540	0.336829	0.629982	-0.699764
64538	9.716128	-10.746967	-8.253273	0.293500	-2.288515	-0.191270	0.374440	0.610921	0.697546	0.868137	-0.495277	-0.032241	0.325781	0.617638	-0.715814
64539	9.374801	-9.545196	-9.920542	0.842215	-2.261530	-0.355211	0.378493	0.626512	0.681341	0.872167	-0.487892	-0.035868	0.309949	0.607819	-0.731087
64540	8.665673	-7.465038	-10.233207	1.410449	-2.050523	-0.515797	0.380091	0.641414	0.666422	0.878369	-0.476065	-0.042773	0.289825	0.601622	-0.744347
64541	8.036581	-5.573580	-9.996265	1.728906	-1.774325	-0.609112	0.379625	0.654902	0.653443	0.885519	-0.461716	-0.051705	0.267844	0.598265	-0.755207
64542	7.433687	-3.443913	-8.985719	1.863901	-1.380911	-0.661892	0.377251	0.666179	0.643341	0.892829	-0.446171	-0.061540	0.246044	0.597610	-0.763102
64543	7.563877	-0.929688	-8.009416	1.833160	-0.936980	-0.661082	0.373497	0.674670	0.636647	0.899654	-0.430737	-0.071331	0.226103	0.599404	-0.767849
64544	6.382265	0.675661	-9.374435	1.295565	-0.412987	-0.695095	0.368094	0.680115	0.633995	0.905090	-0.418217	-0.076850	0.212881	0.602111	-0.769509
64545	2.634993	-0.344773	-8.378043	0.551023	-0.056877	-0.550200	0.363185	0.682724	0.634023	0.908276	-0.411115	-0.077590	0.207683	0.604047	-0.769412
64546	5.202885	-1.245108	-8.449245	0.132618	0.028720	-0.317777	0.360199	0.683865	0.634496	0.909715	-0.408113	-0.076572	0.206582	0.604791	-0.769124
64547	7.043072	-2.094888	-6.804007	0.290090	0.873147	-0.219529	0.356354	0.679430	0.641395	0.911116	-0.404822	-0.077381	0.207075	0.611960	-0.763299
64548	5.741952	-1.482612	-5.280310	0.298038	1.481764	-0.233525	0.351100	0.671232	0.652821	0.912577	-0.401376	-0.078107	0.209599	0.623173	-0.753474
64549	4.808733	-1.436739	-5.852919	0.115664	1.821557	-0.228681	0.345105	0.660663	0.666653	0.913633	-0.399095	-0.077450	0.214890	0.635804	-0.741334
