// General information: 
//  MT Manager version: 2022.2.0 
//  XDA version: 2022.2.0 build 7381 rev 124627 built on 2023-07-19
// Device information: 
//  DeviceId: 00B4CBA7
//  ProductCode: MTW2-3A7G6
//  Firmware Version: 4.6.0
//  Hardware Version: 2.0.0
// Device settings: 
//  Filter Profile: human(46.1)
//  Option Flags: Orientation Smoother Disabled, Position/Velocity Smoother Disabled, Continuous Zero Rotation Update Disabled, AHS Disabled, ICC Disabled
// Coordinate system: ENU
PacketCounter	Acc_X	Acc_Y	Acc_Z	Gyr_X	Gyr_Y	Gyr_Z	Mat[1][1]	Mat[2][1]	Mat[3][1]	Mat[1][2]	Mat[2][2]	Mat[3][2]	Mat[1][3]	Mat[2][3]	Mat[3][3]
31599	9.768166	0.103457	-1.000613	0.016042	-0.004007	0.013766	0.046847	0.084557	0.995317	0.866699	-0.498829	0.001585	0.496627	0.862566	-0.096654
31600	9.703808	0.019712	-0.904161	0.002134	-0.002772	0.015929	0.046956	0.084520	0.995315	0.866705	-0.498819	0.001470	0.496606	0.862575	-0.096676
31601	9.761194	0.055573	-1.031755	-0.003469	-0.006261	0.015004	0.047076	0.084547	0.995307	0.866685	-0.498854	0.001383	0.496630	0.862552	-0.096759
31602	9.685693	0.113066	-1.063078	0.002210	-0.004871	0.017949	0.047213	0.084518	0.995303	0.866691	-0.498844	0.001248	0.496607	0.862561	-0.096802
31603	9.683648	0.035527	-1.048901	0.013114	0.002286	0.015492	0.047294	0.084468	0.995303	0.866753	-0.498737	0.001140	0.496491	0.862628	-0.096801
31604	9.653127	0.093540	-1.110614	0.028475	0.000734	0.018628	0.047409	0.084387	0.995305	0.866888	-0.498501	0.000973	0.496243	0.862772	-0.096788
31605	9.672084	0.069075	-1.141591	0.033005	-0.005955	0.024354	0.047609	0.084365	0.995297	0.867044	-0.498230	0.000758	0.495951	0.862931	-0.096868
31606	9.730615	0.104986	-1.094735	0.029079	0.000401	0.027239	0.047800	0.084244	0.995298	0.867179	-0.497997	0.000505	0.495697	0.863077	-0.096859
31607	9.828665	0.068946	-1.087906	0.029456	0.006362	0.029790	0.047987	0.084089	0.995302	0.867311	-0.497767	0.000238	0.495448	0.863225	-0.096817
31608	9.759762	0.066429	-1.052542	0.019775	0.009314	0.029597	0.048155	0.083879	0.995312	0.867398	-0.497615	-0.000030	0.495280	0.863333	-0.096719
31609	9.737277	0.036948	-1.027210	0.015850	0.011560	0.034369	0.048354	0.083656	0.995321	0.867464	-0.497499	-0.000328	0.495144	0.863421	-0.096625
31610	9.711450	0.010520	-1.025711	0.015000	0.011539	0.037683	0.048581	0.083387	0.995332	0.867523	-0.497396	-0.000672	0.495018	0.863507	-0.096505
31611	9.675542	0.075214	-0.960170	0.008320	0.010211	0.035899	0.048801	0.083169	0.995340	0.867551	-0.497347	-0.000978	0.494948	0.863556	-0.096424
31612	9.656706	0.093709	-0.928838	0.010390	0.003893	0.037493	0.049064	0.082967	0.995344	0.867588	-0.497283	-0.001315	0.494858	0.863612	-0.096379
31613	9.656769	0.090320	-0.928514	0.001258	0.002929	0.031568	0.049282	0.082832	0.995344	0.867582	-0.497292	-0.001572	0.494847	0.863620	-0.096371
31614	9.725423	0.034483	-0.945124	0.007088	0.004244	0.036667	0.049536	0.082631	0.995348	0.867602	-0.497256	-0.001898	0.494786	0.863660	-0.096323
31615	9.715063	-0.010803	-0.998989	0.019143	0.003030	0.038983	0.049817	0.082459	0.995349	0.867684	-0.497112	-0.002244	0.494615	0.863759	-0.096313
31616	9.713655	0.012797	-1.019607	0.024367	0.000565	0.037361	0.050096	0.082286	0.995349	0.867789	-0.496927	-0.002594	0.494402	0.863882	-0.096301
31617	9.733042	0.038289	-1.067939	0.022287	-0.001321	0.039551	0.050403	0.082149	0.995345	0.867883	-0.496759	-0.002950	0.494204	0.863992	-0.096334
31618	9.733070	0.034311	-1.067825	0.011541	0.003798	0.038490	0.050676	0.081943	0.995348	0.867924	-0.496685	-0.003299	0.494104	0.864054	-0.096290
31619	9.821076	0.007268	-1.132227	0.004256	0.012604	0.038517	0.050907	0.081690	0.995357	0.867929	-0.496675	-0.003627	0.494073	0.864084	-0.096185
31620	9.805072	-0.029363	-1.058947	0.006247	0.008381	0.038091	0.051153	0.081447	0.995364	0.867944	-0.496647	-0.003966	0.494021	0.864123	-0.096096
31621	9.696276	-0.092785	-1.101318	0.008248	0.008266	0.035772	0.051381	0.081245	0.995369	0.867970	-0.496599	-0.004271	0.493952	0.864169	-0.096034
31622	9.676155	-0.046846	-1.090365	0.019623	0.015165	0.039772	0.051609	0.080935	0.995382	0.868050	-0.496456	-0.004640	0.493788	0.864281	-0.095877
31623	9.657429	-0.028599	-1.058384	0.022692	0.012896	0.038318	0.051837	0.080680	0.995391	0.868145	-0.496285	-0.004985	0.493596	0.864403	-0.095768
31624	9.668763	-0.070179	-0.964269	0.029307	0.016328	0.038083	0.052044	0.080368	0.995406	0.868274	-0.496057	-0.005346	0.493348	0.864563	-0.095598
31625	9.703499	-0.033995	-0.912297	0.022460	0.010978	0.036037	0.052261	0.080141	0.995413	0.868370	-0.495885	-0.005668	0.493156	0.864682	-0.095508
31626	9.658636	-0.038099	-0.880324	0.020376	0.009097	0.038227	0.052506	0.079891	0.995420	0.868454	-0.495734	-0.006022	0.492982	0.864792	-0.095410
31627	9.617018	-0.045442	-0.824684	0.021063	0.005087	0.034656	0.052741	0.079722	0.995421	0.868542	-0.495575	-0.006328	0.492801	0.864899	-0.095379
31628	9.665494	0.029305	-0.696054	0.018415	-0.006795	0.034048	0.053027	0.079630	0.995413	0.868618	-0.495437	-0.006639	0.492636	0.864986	-0.095440
31629	9.676008	0.067260	-0.642929	0.005477	-0.013777	0.038830	0.053390	0.079603	0.995396	0.868629	-0.495413	-0.006972	0.492577	0.865002	-0.095596
31630	9.748253	0.058998	-0.655059	-0.005824	-0.018647	0.034961	0.053743	0.079609	0.995376	0.868586	-0.495486	-0.007269	0.492616	0.864960	-0.095776
31631	9.680699	-0.000338	-0.755159	-0.006844	-0.022679	0.038018	0.054143	0.079663	0.995350	0.868535	-0.495571	-0.007582	0.492662	0.864907	-0.096021
31632	9.706929	-0.011077	-0.911654	-0.007181	-0.030728	0.037504	0.054577	0.079761	0.995319	0.868482	-0.495657	-0.007903	0.492707	0.864848	-0.096322
31633	9.720859	-0.006155	-0.990044	-0.007182	-0.030718	0.037505	0.055012	0.079885	0.995285	0.868430	-0.495745	-0.008210	0.492751	0.864787	-0.096646
31634	9.683653	-0.074102	-1.046846	-0.000367	-0.033558	0.043342	0.055511	0.079978	0.995250	0.868407	-0.495777	-0.008596	0.492734	0.864759	-0.096975
31635	9.685330	-0.054104	-1.047072	-0.003754	-0.035213	0.042387	0.056010	0.080117	0.995211	0.868370	-0.495836	-0.008955	0.492744	0.864712	-0.097343
31636	9.693674	-0.040684	-0.999257	-0.008032	-0.030687	0.040826	0.056473	0.080198	0.995178	0.868311	-0.495933	-0.009308	0.492795	0.864650	-0.097644
31637	9.787256	0.003825	-1.058398	-0.010205	-0.034567	0.042891	0.056973	0.080329	0.995139	0.868241	-0.496049	-0.009666	0.492861	0.864571	-0.098007
31638	9.833912	0.023184	-1.089279	-0.015162	-0.024366	0.059120	0.057564	0.080265	0.995110	0.868136	-0.496222	-0.010194	0.492977	0.864478	-0.098245
31639	9.895009	-0.029101	-1.156735	-0.019335	-0.028098	0.063508	0.058211	0.080237	0.995075	0.868009	-0.496432	-0.010748	0.493125	0.864359	-0.098544
31640	9.881332	0.086866	-1.139746	-0.000217	-0.015876	0.066217	0.058821	0.080064	0.995053	0.867973	-0.496482	-0.011361	0.493116	0.864347	-0.098697
31641	9.950406	0.107530	-1.022314	-0.008727	-0.011341	0.081239	0.059539	0.079803	0.995031	0.867886	-0.496616	-0.012102	0.493183	0.864294	-0.098828
31642	9.896763	-0.147749	-0.601202	0.024071	0.023899	0.080177	0.060075	0.079217	0.995046	0.867960	-0.496467	-0.012878	0.492987	0.864434	-0.098582
31643	9.247888	-0.185019	-0.288923	0.073263	0.025721	0.053992	0.060373	0.078771	0.995063	0.868294	-0.495869	-0.013428	0.492363	0.864817	-0.098334
31644	8.752005	-0.401485	-0.026182	0.134312	-0.039344	0.064803	0.061087	0.078809	0.995016	0.868919	-0.494753	-0.014159	0.491171	0.865453	-0.098701
31645	9.058547	0.039592	0.310877	0.217285	-0.106563	0.080451	0.062265	0.079377	0.994898	0.869939	-0.492927	-0.015117	0.489212	0.866442	-0.099745
31646	9.250768	0.221888	0.819800	0.227706	-0.166272	0.094264	0.063854	0.080373	0.994717	0.870995	-0.491023	-0.016238	0.487124	0.867431	-0.101358
31647	9.427188	0.586301	1.273771	0.233229	-0.228950	0.087694	0.065685	0.081970	0.994468	0.872079	-0.489060	-0.017290	0.484937	0.868390	-0.103608
31648	9.335564	0.762858	1.658667	0.179642	-0.304134	0.096713	0.067958	0.084157	0.994132	0.872888	-0.487574	-0.018395	0.483165	0.869016	-0.106594
31649	9.286237	0.852968	2.317616	0.083455	-0.405128	0.103158	0.070764	0.087211	0.993673	0.873226	-0.486928	-0.019450	0.482151	0.869077	-0.110612
31650	9.228249	0.608187	2.877448	-0.011920	-0.501622	0.104643	0.074052	0.091078	0.993087	0.873097	-0.487119	-0.020430	0.481890	0.868574	-0.115592
31651	9.344610	0.561492	2.407848	-0.130830	-0.594968	0.096521	0.077707	0.095801	0.992363	0.872401	-0.488333	-0.021171	0.482575	0.867383	-0.121524
31652	9.868372	0.652563	0.809562	-0.234019	-0.625131	0.101118	0.081567	0.100741	0.991563	0.871194	-0.490453	-0.021836	0.484116	0.865625	-0.127770
31653	9.987686	0.694024	-0.836935	-0.308646	-0.623890	0.118588	0.085565	0.105577	0.990723	0.869606	-0.493231	-0.022543	0.486276	0.863468	-0.134014
31654	9.741306	0.893252	-2.401247	-0.362097	-0.618803	0.152059	0.089860	0.110178	0.989841	0.867712	-0.496511	-0.023507	0.488877	0.861010	-0.140220
31655	9.567533	0.479769	-3.614398	-0.410358	-0.584313	0.190466	0.094314	0.114280	0.988962	0.865532	-0.500242	-0.024737	0.491893	0.858311	-0.146093
31656	9.530384	-0.106746	-4.126979	-0.404573	-0.537395	0.206306	0.098706	0.117868	0.988111	0.863343	-0.503941	-0.026129	0.494870	0.855658	-0.151502
31657	9.511039	-0.829571	-3.986028	-0.358447	-0.486923	0.197834	0.102770	0.121060	0.987311	0.861371	-0.507234	-0.027466	0.497472	0.853263	-0.156406
31658	9.547281	-1.424346	-3.759240	-0.249402	-0.439917	0.177286	0.106445	0.123927	0.986565	0.859948	-0.509569	-0.028775	0.499157	0.851458	-0.160812
31659	9.659773	-1.644465	-3.459229	-0.125716	-0.405133	0.156296	0.109758	0.126612	0.985861	0.859158	-0.510828	-0.030047	0.499801	0.850308	-0.164848
31660	9.630691	-1.592230	-3.584531	-0.027435	-0.344181	0.128769	0.112542	0.128899	0.985251	0.858884	-0.511218	-0.031226	0.499653	0.849730	-0.168243
31661	9.503693	-1.458767	-3.845259	0.033887	-0.285303	0.102669	0.114799	0.130836	0.984735	0.858943	-0.511056	-0.032233	0.499038	0.849531	-0.171049
31662	9.484674	-1.369698	-4.053863	0.057679	-0.240447	0.099089	0.116807	0.132391	0.984291	0.859122	-0.510689	-0.033263	0.498263	0.849511	-0.173392
31663	9.656626	-1.283577	-3.868581	0.070536	-0.182899	0.108492	0.118605	0.133431	0.983935	0.859352	-0.510227	-0.034396	0.497441	0.849626	-0.175180
31664	9.832152	-1.124632	-3.489135	0.103910	-0.119729	0.102937	0.120042	0.133943	0.983692	0.859752	-0.509473	-0.035546	0.496404	0.849998	-0.176316
31665	9.967026	-0.947713	-3.193264	0.130895	-0.067471	0.084159	0.121059	0.134130	0.983541	0.860306	-0.508466	-0.036549	0.495195	0.850571	-0.176948
31666	9.906677	-0.771503	-2.875895	0.190056	-0.028798	0.067331	0.121739	0.134052	0.983468	0.861170	-0.506931	-0.037502	0.493523	0.851499	-0.177155
31667	9.895254	-0.480151	-2.725352	0.264818	-0.015595	0.066541	0.122350	0.133892	0.983414	0.862400	-0.504757	-0.038571	0.491221	0.852815	-0.177226
31668	9.926802	-0.048738	-2.562896	0.320864	-0.017907	0.081990	0.123102	0.133651	0.983353	0.863877	-0.502119	-0.039901	0.488428	0.854408	-0.177270
31669	9.966216	0.361733	-2.255763	0.367084	-0.009110	0.101486	0.123986	0.133266	0.983294	0.865545	-0.499108	-0.041494	0.485241	0.856231	-0.177230
31670	9.880795	0.671666	-2.015016	0.360469	-0.021712	0.127573	0.125153	0.132835	0.983205	0.867137	-0.496181	-0.043343	0.482090	0.857997	-0.177285
31671	9.819376	0.835420	-1.827794	0.331019	-0.014062	0.153166	0.126510	0.132244	0.983111	0.868542	-0.493534	-0.045379	0.479198	0.859614	-0.177296
31672	9.753328	0.793270	-1.567834	0.282304	-0.012133	0.175057	0.128047	0.131504	0.983011	0.869675	-0.491329	-0.047555	0.476728	0.860989	-0.177279
31673	9.564059	0.754250	-1.405957	0.229687	-0.007857	0.199692	0.129779	0.130639	0.982899	0.870517	-0.489605	-0.049866	0.474718	0.862102	-0.177264
31674	9.491135	0.701440	-1.497179	0.161453	-0.011668	0.225543	0.131755	0.129654	0.982767	0.870995	-0.488498	-0.052324	0.473296	0.862878	-0.177290
31675	9.376143	0.663226	-1.450769	0.089552	-0.013053	0.256300	0.134004	0.128562	0.982606	0.871084	-0.488051	-0.054940	0.472498	0.863295	-0.177390
31676	9.298039	0.546370	-1.422590	0.009308	-0.017327	0.282356	0.136503	0.127351	0.982420	0.870754	-0.488324	-0.057686	0.472393	0.863320	-0.177549
31677	9.298488	0.362615	-1.344670	-0.084559	-0.017932	0.301425	0.139164	0.126080	0.982210	0.869946	-0.489430	-0.060433	0.473104	0.862880	-0.177793
31678	9.435426	0.109351	-1.507175	-0.177847	-0.010525	0.311121	0.141875	0.124662	0.982003	0.868674	-0.491346	-0.063127	0.474634	0.861996	-0.178001
31679	9.517467	-0.226038	-1.745507	-0.251703	0.000717	0.306939	0.144487	0.123192	0.981808	0.867044	-0.493890	-0.065627	0.476820	0.860754	-0.178173
31680	9.393599	-0.643787	-2.054132	-0.301825	0.009385	0.302180	0.147017	0.121632	0.981627	0.865168	-0.496848	-0.068011	0.479447	0.859272	-0.178277
31681	9.472734	-1.014701	-2.376479	-0.311252	0.021087	0.298596	0.149447	0.120011	0.981460	0.863237	-0.499876	-0.070321	0.482169	0.857742	-0.178303
31682	9.714898	-1.353328	-2.553603	-0.275699	0.029028	0.289813	0.151764	0.118328	0.981308	0.861476	-0.502577	-0.072629	0.484589	0.856396	-0.178210
31683	9.964696	-1.391469	-2.760954	-0.204897	0.045945	0.277764	0.153884	0.116584	0.981187	0.860065	-0.504653	-0.074926	0.486423	0.855414	-0.177928
31684	10.087713	-1.208313	-2.777560	-0.135588	0.052958	0.268487	0.155892	0.114793	0.981081	0.858997	-0.506116	-0.077274	0.487670	0.854792	-0.177506
31685	9.900695	-1.276161	-2.564313	-0.059942	0.060849	0.256412	0.157752	0.113024	0.980989	0.858311	-0.506916	-0.079620	0.488280	0.854554	-0.176976
31686	9.671301	-1.340928	-2.315258	0.026760	0.063099	0.239480	0.159456	0.111289	0.980912	0.858070	-0.506949	-0.081972	0.488149	0.854762	-0.176330
31687	9.465738	-1.194431	-1.985413	0.113662	0.073126	0.228569	0.161018	0.109556	0.980852	0.858266	-0.506225	-0.084351	0.487291	0.855414	-0.175539
31688	9.379219	-0.850558	-1.597883	0.149656	0.068547	0.232013	0.162634	0.107814	0.980778	0.858628	-0.505190	-0.086844	0.486116	0.856247	-0.174733
31689	9.385568	-0.666954	-1.256115	0.108157	0.068754	0.241997	0.164335	0.106053	0.980687	0.858766	-0.504519	-0.089345	0.485299	0.856863	-0.173985
31690	9.459939	-1.261480	-0.977237	0.023282	0.062834	0.228906	0.165953	0.104378	0.980594	0.858509	-0.504553	-0.091585	0.485202	0.857048	-0.173342
31691	9.678991	-2.067116	-1.015584	0.001614	0.049741	0.189948	0.167299	0.103042	0.980507	0.858209	-0.504733	-0.093390	0.485271	0.857104	-0.172872
31692	9.773058	-2.400192	-1.031237	0.041861	0.022105	0.159724	0.168520	0.102065	0.980400	0.858153	-0.504531	-0.094983	0.484948	0.857339	-0.172611
31693	9.758680	-2.204084	-0.892428	0.081859	-0.005616	0.127344	0.169599	0.101516	0.980271	0.858343	-0.503955	-0.096315	0.484235	0.857743	-0.172605
31694	9.541027	-1.704836	-0.642591	0.075874	-0.042593	0.101413	0.170633	0.101389	0.980104	0.858546	-0.503401	-0.097395	0.483511	0.858084	-0.172944
31695	9.397247	-1.487331	-0.431219	0.031886	-0.070212	0.080193	0.171620	0.101630	0.979907	0.858572	-0.503205	-0.098180	0.483116	0.858170	-0.173617
31696	9.316040	-1.462305	-0.367327	0.000939	-0.101604	0.061700	0.172598	0.102210	0.979675	0.858479	-0.503253	-0.098741	0.482932	0.858073	-0.174606
31697	9.591089	-1.319057	-0.386824	-0.030347	-0.138796	0.045045	0.173614	0.103213	0.979390	0.858263	-0.503555	-0.099075	0.482951	0.857776	-0.176008
31698	9.854270	-1.312830	-0.908760	-0.060088	-0.154527	0.025351	0.174536	0.104429	0.979097	0.857938	-0.504090	-0.099172	0.483197	0.857314	-0.177576
31699	9.849593	-1.145574	-1.705669	-0.064689	-0.167737	0.014032	0.175425	0.105833	0.978788	0.857610	-0.504655	-0.099140	0.483458	0.856810	-0.179293
31700	9.735318	-0.992624	-2.407299	-0.064448	-0.167603	0.016214	0.176332	0.107205	0.978475	0.857279	-0.505217	-0.099138	0.483715	0.856307	-0.180991
31701	9.470671	-1.043093	-2.628873	-0.055911	-0.150922	0.020812	0.177200	0.108429	0.978184	0.856981	-0.505714	-0.099186	0.483926	0.855860	-0.182534
31702	9.346037	-1.321171	-2.636749	-0.047631	-0.134449	0.013403	0.177923	0.109531	0.977930	0.856735	-0.506129	-0.099185	0.484095	0.855474	-0.183891
31703	9.600037	-1.350550	-2.405355	-0.006201	-0.114885	0.006853	0.178498	0.110517	0.977714	0.856702	-0.506185	-0.099188	0.483942	0.855314	-0.185033
31704	9.390236	-1.523234	-1.893409	0.011666	-0.105842	-0.006543	0.178912	0.111474	0.977530	0.856780	-0.506071	-0.099101	0.483652	0.855258	-0.186051
31705	9.178414	-1.501356	-1.525934	0.026990	-0.118124	-0.025525	0.179225	0.112652	0.977337	0.856965	-0.505807	-0.098850	0.483208	0.855260	-0.187192
31706	9.195620	-1.417048	-0.996183	0.039202	-0.125720	-0.027439	0.179555	0.113884	0.977134	0.857212	-0.505433	-0.098611	0.482646	0.855317	-0.188376
31707	9.138671	-1.316576	-0.474328	0.033735	-0.152446	-0.035217	0.179950	0.115403	0.976883	0.857447	-0.505099	-0.098279	0.482081	0.855311	-0.189844
31708	9.138335	-1.024683	0.037483	-0.003252	-0.190312	-0.042301	0.180462	0.117262	0.976567	0.857517	-0.505071	-0.097815	0.481765	0.855075	-0.191700
31709	9.229105	-0.677373	0.356341	-0.074065	-0.240895	-0.048469	0.181167	0.119600	0.976153	0.857257	-0.505640	-0.097149	0.481963	0.854414	-0.194134
31710	9.435640	-0.362331	0.537175	-0.164974	-0.301875	-0.040876	0.182231	0.122403	0.975607	0.856545	-0.506992	-0.096383	0.482828	0.853215	-0.197233
31711	9.595321	-0.192562	0.319084	-0.287368	-0.350314	-0.040541	0.183536	0.125625	0.974953	0.855238	-0.509385	-0.095364	0.484646	0.851320	-0.200930
31712	9.633870	-0.370818	-0.340697	-0.377489	-0.389198	-0.042130	0.185025	0.129168	0.974208	0.853491	-0.512533	-0.094143	0.487153	0.848897	-0.205075
31713	9.558146	-0.844518	-1.235065	-0.422781	-0.422405	-0.047580	0.186638	0.133020	0.973382	0.851524	-0.516047	-0.092751	0.489973	0.846169	-0.209584
31714	9.420994	-1.296219	-1.966671	-0.413191	-0.441975	-0.061039	0.188249	0.137089	0.972507	0.849618	-0.519447	-0.091237	0.492658	0.843434	-0.214259
31715	9.327595	-1.627462	-2.310731	-0.376850	-0.457623	-0.073310	0.189841	0.141352	0.971586	0.847906	-0.522511	-0.089657	0.494991	0.840834	-0.219047
31716	9.392927	-1.843486	-2.421092	-0.348032	-0.458659	-0.085770	0.191348	0.145672	0.970652	0.846353	-0.525302	-0.088009	0.497065	0.838354	-0.223805
31717	9.610426	-2.101417	-2.427430	-0.336748	-0.461115	-0.113624	0.192640	0.150157	0.969713	0.844903	-0.527945	-0.086095	0.499027	0.835899	-0.228572
31718	9.783029	-2.240891	-2.479416	-0.295802	-0.452556	-0.155620	0.193546	0.154778	0.968805	0.843735	-0.530168	-0.083860	0.500650	0.833646	-0.233204
31719	9.914659	-2.074273	-2.308009	-0.244299	-0.451361	-0.195413	0.194120	0.159600	0.967908	0.842900	-0.531887	-0.081345	0.501834	0.831640	-0.237777
31720	9.886204	-1.745820	-1.983469	-0.220518	-0.459493	-0.231127	0.194439	0.164668	0.966994	0.842251	-0.533334	-0.078535	0.502799	0.829722	-0.242393
31721	10.008974	-1.350217	-1.790477	-0.203804	-0.479898	-0.254862	0.194668	0.170031	0.966020	0.841731	-0.534588	-0.075528	0.503580	0.827832	-0.247187
31722	10.071625	-1.001736	-1.358187	-0.202180	-0.490286	-0.274504	0.194788	0.175574	0.965003	0.841257	-0.535776	-0.072329	0.504326	0.825905	-0.252065
31723	9.839965	-0.720317	-0.776195	-0.195711	-0.524122	-0.300175	0.194868	0.181530	0.963884	0.840864	-0.536844	-0.068892	0.504950	0.823921	-0.257256
31724	9.601428	-0.633660	-0.230485	-0.205165	-0.574449	-0.320488	0.195035	0.187999	0.962610	0.840462	-0.537930	-0.065228	0.505554	0.821759	-0.262921
31725	9.489539	-0.620642	0.312971	-0.227038	-0.639665	-0.342347	0.195352	0.195111	0.961129	0.839992	-0.539126	-0.061287	0.506212	0.819313	-0.269212
31726	9.435083	-0.540105	0.666518	-0.278911	-0.720870	-0.365190	0.195897	0.202999	0.959383	0.839303	-0.540670	-0.056976	0.507143	0.816375	-0.276293
31727	9.539519	-0.545268	0.735875	-0.338226	-0.813432	-0.387651	0.196731	0.211740	0.957321	0.838357	-0.542610	-0.052269	0.508384	0.812860	-0.284262
31728	9.793469	-0.395252	0.934946	-0.409272	-0.907133	-0.406945	0.197899	0.221329	0.954908	0.837086	-0.545035	-0.047153	0.510022	0.808672	-0.293133
31729	9.911093	-0.389782	0.927589	-0.466209	-0.997715	-0.434711	0.199314	0.231758	0.952136	0.835578	-0.547797	-0.041576	0.511941	0.803870	-0.302835
31730	10.125806	-0.319023	0.729231	-0.487611	-1.086654	-0.448569	0.201101	0.242950	0.948965	0.833985	-0.550626	-0.035766	0.513835	0.798615	-0.313348
31731	10.418912	-0.139524	0.563558	-0.517386	-1.182741	-0.457129	0.203330	0.254890	0.945351	0.832257	-0.553592	-0.029743	0.515757	0.792822	-0.324695
31732	11.018531	0.043549	0.234287	-0.526190	-1.286363	-0.451530	0.206180	0.267576	0.941219	0.830473	-0.556554	-0.023700	0.517497	0.786544	-0.336965
31733	11.528582	0.274578	-0.130025	-0.526136	-1.365704	-0.454208	0.209435	0.280806	0.936635	0.828701	-0.559415	-0.017586	0.519029	0.779874	-0.349865
31734	11.961877	0.808200	-0.416689	-0.520815	-1.448191	-0.462811	0.213088	0.294666	0.931539	0.826983	-0.562112	-0.011363	0.520281	0.772789	-0.363463
31735	12.455061	1.281057	0.026842	-0.569672	-1.517743	-0.447645	0.217238	0.308855	0.925968	0.824989	-0.565126	-0.005051	0.521728	0.765011	-0.377569
31736	13.027536	1.123207	0.679174	-0.643415	-1.571877	-0.438406	0.221801	0.323320	0.919929	0.822600	-0.568618	0.001513	0.523578	0.756398	-0.392083
31737	13.594658	0.751734	1.375739	-0.687233	-1.644194	-0.454136	0.226630	0.338261	0.913356	0.820024	-0.572267	0.008467	0.525547	0.747055	-0.407075
31738	13.605095	0.304938	2.769471	-0.694925	-1.705488	-0.511692	0.231379	0.353877	0.906220	0.817549	-0.575635	0.016046	0.527331	0.737167	-0.422501
31739	12.960323	-0.127848	3.649129	-0.677150	-1.838790	-0.598338	0.236128	0.370769	0.898206	0.815383	-0.578407	0.024405	0.528577	0.726619	-0.438897
31740	12.806889	0.150711	2.953272	-0.645593	-1.958876	-0.652857	0.241131	0.388700	0.889251	0.813539	-0.580564	0.033170	0.529161	0.715442	-0.456214
31741	12.484306	-0.013916	1.601173	-0.599463	-2.024677	-0.635885	0.246597	0.406738	0.879633	0.811927	-0.582273	0.041624	0.529117	0.703933	-0.473828
31742	12.009304	-0.914139	-0.221280	-0.544984	-2.075733	-0.608804	0.252593	0.424799	0.869334	0.810577	-0.583526	0.049619	0.528357	0.692130	-0.491727
31743	11.337610	-2.425730	-1.620180	-0.398577	-2.135903	-0.585430	0.259028	0.442840	0.858369	0.809983	-0.583705	0.056712	0.526149	0.680574	-0.509889
31744	10.884928	-4.318358	-2.072966	-0.192763	-2.200253	-0.548212	0.266077	0.460913	0.846618	0.810425	-0.582507	0.062425	0.521933	0.669511	-0.528527
31745	10.607877	-6.082887	-2.317480	0.013484	-2.311132	-0.550912	0.273517	0.479421	0.833873	0.811991	-0.579810	0.067012	0.515615	0.658768	-0.547874
31746	11.394921	-7.635623	-3.373823	0.235579	-2.337415	-0.509723	0.281286	0.497671	0.820489	0.814624	-0.575756	0.069952	0.507214	0.648713	-0.567366
31747	10.701363	-8.264953	-3.571047	0.706849	-2.327481	-0.499389	0.288794	0.515486	0.806766	0.819600	-0.568650	0.069953	0.494828	0.641023	-0.586715
31748	10.080450	-6.974783	-5.406214	1.138455	-2.340449	-0.499150	0.296036	0.533258	0.792463	0.826615	-0.558742	0.067190	0.478612	0.635172	-0.606207
31749	9.445838	-4.406842	-7.408258	1.469023	-2.297876	-0.518259	0.302446	0.550610	0.778046	0.835071	-0.546613	0.062217	0.459547	0.630906	-0.625119
31750	9.040065	-2.097682	-9.322393	1.528431	-2.179507	-0.516211	0.307876	0.567130	0.763921	0.843536	-0.534088	0.056541	0.440067	0.626988	-0.642827
31751	8.775397	-1.042680	-10.279890	1.463331	-1.956356	-0.479461	0.312183	0.581836	0.751005	0.851342	-0.522160	0.050649	0.421614	0.623550	-0.658351
31752	7.462147	-0.475801	-9.425823	1.451263	-1.611753	-0.401844	0.315360	0.593967	0.740102	0.858611	-0.510734	0.044031	0.404148	0.621574	-0.671051
31753	6.319315	0.106208	-7.556958	1.305181	-1.332821	-0.323234	0.317803	0.603822	0.731027	0.864823	-0.500668	0.037579	0.388693	0.620266	-0.681313
31754	5.980226	1.034469	-6.252252	1.323311	-1.053158	-0.242204	0.319675	0.611576	0.723729	0.870656	-0.490958	0.030303	0.373853	0.620432	-0.689419
31755	5.268875	1.810809	-7.444616	1.099717	-0.823911	-0.275848	0.320241	0.617979	0.718017	0.875598	-0.482410	0.024674	0.361626	0.620793	-0.695588
31756	4.264932	0.056843	-8.083415	0.614613	-0.578399	-0.295346	0.319678	0.623003	0.713914	0.878759	-0.476733	0.022532	0.354384	0.620156	-0.699871
31757	5.932117	-2.110056	-8.401331	0.720302	-0.160580	-0.167199	0.318716	0.624744	0.712822	0.881836	-0.471186	0.018680	0.347542	0.622639	-0.701096
31758	6.545904	-2.609611	-7.353536	1.271609	0.445025	-0.095621	0.316303	0.622418	0.715925	0.886512	-0.462586	0.010498	0.337711	0.631356	-0.698098
31759	6.188380	-2.362531	-6.508754	1.642787	0.889355	-0.079395	0.312594	0.617058	0.722167	0.892228	-0.451584	-0.000349	0.325904	0.644447	-0.691719
31760	5.595956	-2.090231	-4.901028	1.930669	1.254323	-0.029026	0.308287	0.609018	0.730792	0.898497	-0.438777	-0.013372	0.312511	0.660736	-0.682470
31761	5.725950	-0.979550	-6.074604	1.971250	1.488101	0.029692	0.303953	0.598872	0.740921	0.904452	-0.425725	-0.026934	0.299299	0.678314	-0.671052
31762	6.020680	-0.758399	-6.088599	1.959673	1.785925	0.084366	0.299440	0.586251	0.752758	0.909956	-0.412719	-0.040545	0.286908	0.697117	-0.657047
31763	6.393080	-0.443808	-5.537668	1.746215	2.048355	0.137683	0.294872	0.571160	0.766046	0.914486	-0.401142	-0.052921	0.277067	0.716144	-0.640603
31764	7.214875	-0.114214	-4.755207	1.387145	2.289256	0.131748	0.289761	0.554046	0.780431	0.917917	-0.391793	-0.062664	0.271049	0.734528	-0.622094
31765	8.217492	0.154546	-3.978262	0.860047	2.500759	0.088595	0.283756	0.535059	0.795735	0.920005	-0.385851	-0.068621	0.270319	0.751552	-0.601745
31766	9.433803	0.782478	-3.386388	0.218970	2.716381	0.063080	0.276873	0.514208	0.811746	0.920440	-0.384494	-0.070386	0.275919	0.766651	-0.579754
31767	10.325726	1.392486	-3.182078	-0.532614	2.941961	0.069434	0.269151	0.491131	0.828461	0.918761	-0.388928	-0.067922	0.288854	0.779439	-0.555912
31768	10.741435	0.504346	-3.806906	-1.241245	3.088348	0.127093	0.261049	0.466417	0.845168	0.914729	-0.399250	-0.062203	0.308421	0.789338	-0.530869
31769	10.605798	-0.898878	-4.656096	-1.647314	3.216985	0.211921	0.252627	0.439963	0.861750	0.908926	-0.413251	-0.055473	0.331713	0.797280	-0.504292
31770	10.316566	-2.257631	-5.160836	-1.698738	3.256876	0.293909	0.244059	0.412662	0.877579	0.902373	-0.428086	-0.049656	0.355188	0.804023	-0.476853
31771	9.856927	-2.936851	-5.551997	-1.384096	3.267229	0.321422	0.234957	0.384805	0.892592	0.896559	-0.440520	-0.046088	0.375470	0.811090	-0.448504
31772	9.265667	-2.424811	-5.535622	-0.896097	3.223648	0.307078	0.225307	0.357178	0.906455	0.892429	-0.448945	-0.044919	0.390905	0.819068	-0.419906
31773	8.827592	-1.226811	-5.161904	-0.407239	3.174062	0.332863	0.215644	0.329456	0.919215	0.890094	-0.453420	-0.046302	0.401536	0.828172	-0.391024
31774	8.579718	0.122401	-4.369646	-0.019686	3.139291	0.387130	0.206332	0.301560	0.930854	0.889208	-0.454789	-0.049767	0.408334	0.837991	-0.361987
31775	8.595165	1.272324	-3.793196	0.216491	3.127296	0.434525	0.197305	0.273144	0.941521	0.889231	-0.454191	-0.054582	0.412722	0.847999	-0.332503
31776	8.350749	2.108581	-3.270126	0.282664	3.159635	0.444074	0.188114	0.244201	0.951304	0.889556	-0.452916	-0.059640	0.416296	0.857457	-0.302430
31777	8.095959	2.149605	-3.109219	0.207068	3.190926	0.424901	0.178491	0.214709	0.960230	0.889654	-0.452088	-0.064285	0.420305	0.865746	-0.271710
31778	8.195824	1.324169	-3.414814	0.135785	3.227329	0.399837	0.168368	0.184861	0.968235	0.889543	-0.451695	-0.068444	0.424694	0.872810	-0.240493
31779	8.245072	0.189624	-3.722356	0.171015	3.249820	0.380979	0.157836	0.154600	0.975288	0.889661	-0.450827	-0.072515	0.428475	0.879121	-0.208699
31780	8.175071	-0.698800	-4.119707	0.358253	3.239114	0.365195	0.147135	0.124397	0.981263	0.890650	-0.448167	-0.076733	0.430225	0.885252	-0.176735
31781	8.244860	-1.036602	-4.265735	0.601038	3.201965	0.358528	0.136513	0.094283	0.986141	0.892734	-0.443205	-0.081208	0.429407	0.891448	-0.144673
31782	8.047899	-0.908955	-4.146629	0.816501	3.187652	0.334381	0.125820	0.064312	0.989966	0.895796	-0.436161	-0.085517	0.426285	0.897568	-0.112488
31783	8.081619	-0.669894	-3.624931	0.885575	3.148577	0.294013	0.115048	0.034628	0.992756	0.899207	-0.428321	-0.089266	0.422127	0.902963	-0.080415
31784	8.291653	-0.336420	-3.004156	0.887936	3.124019	0.249692	0.104137	0.005303	0.994549	0.902667	-0.420330	-0.092274	0.417549	0.907356	-0.048559
31785	8.457513	0.060705	-2.355726	0.767790	3.061033	0.206664	0.093231	-0.023440	0.995369	0.905661	-0.413324	-0.094562	0.413626	0.910282	-0.017306
31786	8.751276	0.484803	-2.038004	0.540218	2.942234	0.172117	0.082611	-0.050934	0.995279	0.907743	-0.408339	-0.096242	0.411313	0.911408	0.012502
31787	9.036933	0.643059	-1.684102	0.251973	2.800359	0.144050	0.072349	-0.077091	0.994396	0.908673	-0.405944	-0.097583	0.411192	0.910641	0.040680
31788	8.983920	0.793302	-1.433345	-0.030510	2.617649	0.132222	0.062715	-0.101420	0.992865	0.908462	-0.406106	-0.098867	0.413236	0.908180	0.066667
31789	8.706363	0.915680	-0.845749	-0.285260	2.402556	0.122111	0.053794	-0.123743	0.990855	0.907211	-0.408550	-0.100275	0.417222	0.904309	0.090283
31790	8.771228	-0.047859	1.392403	-0.570310	2.152751	0.169229	0.046234	-0.143836	0.988521	0.904732	-0.413471	-0.102478	0.423464	0.899085	0.111017
31791	9.199293	0.821270	1.181343	-0.523676	1.645059	0.193935	0.040920	-0.159443	0.986359	0.902420	-0.417871	-0.104985	0.428910	0.894406	0.126785
31792	8.230811	0.171371	1.845450	-0.523313	1.145819	0.193259	0.037673	-0.170465	0.984643	0.900089	-0.422228	-0.107536	0.434075	0.890318	0.137527
31793	8.163133	0.585754	0.928304	-0.439734	0.480508	0.234016	0.037624	-0.175775	0.983711	0.898087	-0.425731	-0.110422	0.438206	0.887613	0.141844
31794	7.616415	0.512623	0.048475	-0.284645	-0.048421	0.284262	0.040344	-0.176544	0.983466	0.896728	-0.427761	-0.113574	0.440740	0.886483	0.141054
31795	7.144201	0.034442	-1.165777	-0.027323	-0.607745	0.305146	0.045700	-0.172502	0.983948	0.896481	-0.427471	-0.116580	0.440719	0.887419	0.135109
31796	7.026693	-0.081535	-2.814545	0.362371	-1.025517	0.348517	0.053283	-0.164853	0.984878	0.897902	-0.423667	-0.119493	0.436959	0.890691	0.125447
31797	6.575613	-0.814868	-4.475671	0.700591	-1.373639	0.357156	0.062391	-0.154122	0.986080	0.900737	-0.416838	-0.122142	0.429861	0.895819	0.112816
31798	5.952479	-1.699180	-6.315861	1.072065	-1.589840	0.337698	0.072145	-0.141202	0.987349	0.905065	-0.406704	-0.124296	0.419109	0.902582	0.098455
31799	5.403590	-1.999168	-8.551995	1.477641	-1.710877	0.294000	0.081807	-0.126894	0.988537	0.910928	-0.392911	-0.125820	0.404373	0.910779	0.083449
31800	5.148034	-2.074594	-11.202683	1.800132	-1.760074	0.227844	0.090805	-0.111647	0.989590	0.917854	-0.376165	-0.126662	0.386391	0.919801	0.068318
31801	5.267466	-2.553502	-13.907412	1.914587	-1.726609	0.163493	0.098773	-0.096305	0.990439	0.924918	-0.358298	-0.127078	0.367110	0.928627	0.053684
31802	6.952342	-2.778586	-13.045933	1.943547	-1.262922	0.137994	0.104524	-0.084997	0.990884	0.931731	-0.340049	-0.127453	0.347782	0.936559	0.043651
31803	10.579014	-4.313896	0.993445	2.435334	-0.275542	0.249010	0.107749	-0.083219	0.990689	0.939660	-0.316930	-0.128821	0.324699	0.944791	0.044048
31804	26.634416	5.274230	9.300916	2.903318	-1.319061	0.401544	0.115587	-0.071898	0.990692	0.948226	-0.289045	-0.131609	0.295817	0.954612	0.034766
31805	28.648813	3.913834	-2.731479	1.170738	-1.178322	0.289061	0.121704	-0.061448	0.990662	0.951278	-0.277651	-0.134088	0.283298	0.958715	0.024663
31806	7.281967	3.308362	2.328708	-0.462164	-1.708847	-0.338136	0.123305	-0.044114	0.991388	0.950384	-0.282260	-0.130765	0.285597	0.958323	0.007121
31807	9.475002	0.959126	-8.790325	-0.326482	-2.030309	-0.364848	0.125593	-0.023622	0.991801	0.949912	-0.285510	-0.127089	0.286172	0.958084	-0.013419
31808	11.627632	4.249251	-10.562715	-0.308282	-1.548612	-0.120702	0.128841	-0.008436	0.991629	0.949188	-0.288481	-0.125780	0.287128	0.957448	-0.029161
31809	10.757946	4.259503	-9.662901	-0.525126	-0.509474	0.143572	0.131625	-0.003961	0.991292	0.947489	-0.293496	-0.126981	0.291443	0.955952	-0.034879
31810	7.286464	0.795667	-4.638699	-0.718568	-0.346486	0.273258	0.135186	-0.001455	0.990819	0.945014	-0.300349	-0.129377	0.297779	0.953828	-0.039228
31811	8.374474	-1.353068	-3.639057	-0.791476	-0.724901	0.244046	0.139617	0.004741	0.990194	0.942304	-0.307895	-0.131391	0.304252	0.951409	-0.047455
31812	10.392622	-2.876516	-3.290464	-0.608544	-0.609239	0.136628	0.142727	0.010116	0.989710	0.940252	-0.313686	-0.132388	0.309119	0.949473	-0.054283
31813	11.157579	-2.568095	-2.114158	-0.486457	-0.559211	0.083734	0.145202	0.015194	0.989285	0.938627	-0.318314	-0.132878	0.312884	0.947864	-0.060481
31814	11.264108	-1.973548	-1.512603	-0.510188	-0.513814	0.100285	0.147716	0.019748	0.988833	0.936881	-0.323160	-0.133501	0.316915	0.946138	-0.066237
31815	10.315825	-1.848085	-1.006499	-0.627981	-0.491601	0.089190	0.150072	0.024142	0.988380	0.934749	-0.329116	-0.133890	0.322059	0.943981	-0.071958
31816	9.755685	-2.500654	-1.402701	-0.786032	-0.529830	0.035596	0.152083	0.029028	0.987941	0.932146	-0.336531	-0.133606	0.328595	0.941225	-0.078239
31817	9.896057	-3.120803	-2.044713	-0.792901	-0.511256	-0.037788	0.153382	0.034001	0.987582	0.929580	-0.343972	-0.132531	0.335195	0.938364	-0.084366
31818	9.901722	-3.448017	-2.604986	-0.661580	-0.462732	-0.068367	0.154266	0.038586	0.987276	0.927457	-0.350144	-0.131235	0.340625	0.935901	-0.089802
31819	9.797862	-3.378563	-3.248249	-0.479158	-0.441364	-0.071923	0.155069	0.043007	0.986967	0.925935	-0.354595	-0.130028	0.344381	0.934030	-0.094808
31820	9.700395	-3.299817	-3.462349	-0.252305	-0.396273	-0.033673	0.156081	0.046837	0.986633	0.925124	-0.356931	-0.129406	0.346099	0.932956	-0.099040
31821	9.771685	-3.015697	-3.666150	-0.050550	-0.373911	-0.011305	0.157232	0.050409	0.986274	0.924974	-0.357397	-0.129193	0.345979	0.932591	-0.102822
31822	9.954465	-2.522757	-3.410189	0.085986	-0.323437	0.016288	0.158455	0.053379	0.985922	0.925253	-0.356599	-0.129398	0.344672	0.932731	-0.105894
31823	10.089585	-2.168309	-2.968252	0.155918	-0.294164	0.039067	0.159794	0.056031	0.985559	0.925733	-0.355166	-0.129902	0.342759	0.933122	-0.108624
31824	10.079041	-1.982011	-2.449639	0.232824	-0.262149	0.035059	0.160969	0.058366	0.985232	0.926480	-0.353008	-0.130458	0.340181	0.933798	-0.110898
31825	9.947329	-1.484214	-1.688768	0.317160	-0.248870	0.010998	0.161881	0.060701	0.984942	0.927543	-0.350052	-0.130874	0.336836	0.934762	-0.112969
31826	9.736981	-0.952936	-0.693453	0.357406	-0.255477	-0.008317	0.162615	0.063130	0.984668	0.928762	-0.346699	-0.131155	0.333103	0.935850	-0.115011
31827	9.474961	-0.451293	0.307966	0.356490	-0.277849	-0.018671	0.163330	0.065844	0.984372	0.929980	-0.343349	-0.131338	0.329335	0.936897	-0.117313
31828	9.320103	0.014707	1.363392	0.303356	-0.297570	-0.005199	0.164212	0.068662	0.984033	0.930990	-0.340497	-0.131602	0.326024	0.937735	-0.119837
31829	9.198872	0.145001	2.243220	0.180944	-0.356366	0.008318	0.165412	0.072021	0.983591	0.931572	-0.338805	-0.131856	0.323749	0.938096	-0.123135
31830	9.264977	-0.157565	2.328605	0.016195	-0.417059	0.012653	0.166833	0.075900	0.983059	0.931611	-0.338657	-0.131955	0.322904	0.937844	-0.127209
31831	9.299561	-0.647423	2.144225	-0.154231	-0.495789	0.010619	0.168496	0.080551	0.982406	0.931103	-0.340109	-0.131810	0.323508	0.936930	-0.132308
31832	9.435205	-1.173957	1.709207	-0.246943	-0.561477	0.010564	0.170369	0.085783	0.981639	0.930293	-0.342424	-0.131534	0.324854	0.935621	-0.138142
31833	9.229673	-1.374379	1.395805	-0.327906	-0.633453	-0.008699	0.172311	0.091769	0.980759	0.929247	-0.345479	-0.130935	0.326816	0.933929	-0.144806
31834	9.120922	-1.332727	0.804206	-0.405066	-0.702509	-0.024866	0.174340	0.098420	0.979755	0.927970	-0.349228	-0.130044	0.329359	0.931855	-0.152215
31835	9.288694	-1.333851	-0.098653	-0.452433	-0.751404	-0.024464	0.176557	0.105530	0.978617	0.926525	-0.353410	-0.129048	0.332234	0.929497	-0.160173
31836	9.457793	-1.255310	-1.010801	-0.437521	-0.771699	-0.029675	0.178812	0.112810	0.977395	0.925127	-0.357432	-0.127995	0.334913	0.927101	-0.168277
31837	9.535318	-1.455717	-2.008701	-0.403946	-0.792298	-0.043522	0.181029	0.120332	0.976088	0.923856	-0.361117	-0.126823	0.337221	0.924724	-0.176542
31838	9.550482	-1.968964	-3.149413	-0.314984	-0.791998	-0.058509	0.183121	0.127871	0.974739	0.922908	-0.363946	-0.125639	0.338686	0.922601	-0.184659
31839	9.529160	-2.310640	-3.983851	-0.193985	-0.771568	-0.077811	0.184976	0.135298	0.973385	0.922402	-0.365626	-0.124466	0.339055	0.920876	-0.192431
31840	9.666929	-2.291356	-4.325427	-0.058840	-0.732882	-0.094038	0.186546	0.142398	0.972072	0.922387	-0.366028	-0.123392	0.338235	0.919644	-0.199627
31841	9.726857	-2.009172	-4.062867	0.011409	-0.685627	-0.111634	0.187792	0.149142	0.970820	0.922643	-0.365755	-0.122284	0.336844	0.918684	-0.206290
31842	9.669508	-2.023540	-3.740128	0.019863	-0.640714	-0.140251	0.188607	0.155550	0.969656	0.922983	-0.365350	-0.120920	0.335454	0.917782	-0.212477
31843	9.786673	-2.111999	-3.305607	0.026389	-0.592074	-0.168742	0.188994	0.161633	0.968585	0.923399	-0.364834	-0.119296	0.334090	0.916936	-0.218203
31844	9.933742	-2.040430	-2.620421	0.039956	-0.551731	-0.194874	0.188989	0.167412	0.967603	0.923909	-0.364137	-0.117453	0.332677	0.916175	-0.223491
31845	10.125750	-1.646877	-1.386450	0.067358	-0.552695	-0.218103	0.188773	0.173302	0.966608	0.924553	-0.363142	-0.115452	0.331008	0.915475	-0.228779
31846	10.246705	-0.896616	0.120869	0.065782	-0.594764	-0.232499	0.188541	0.179600	0.965503	0.925219	-0.362119	-0.113315	0.329276	0.914666	-0.234443
31847	10.067166	-0.060202	1.636141	0.025188	-0.658525	-0.245405	0.188398	0.186540	0.964214	0.925772	-0.361432	-0.110963	0.327799	0.913548	-0.240786
31848	9.867341	0.731365	3.130732	-0.084779	-0.773023	-0.244061	0.188625	0.194489	0.962598	0.925964	-0.361730	-0.108360	0.327125	0.911771	-0.248321
31849	9.707619	0.664848	4.102344	-0.257851	-0.910712	-0.241231	0.189333	0.203681	0.960556	0.925585	-0.363588	-0.105343	0.327790	0.909020	-0.257363
31850	9.808641	0.225537	4.627473	-0.401873	-1.079727	-0.245962	0.190561	0.214386	0.957980	0.924741	-0.366707	-0.101884	0.329456	0.905298	-0.268132
31851	10.097582	-0.075645	5.153496	-0.485131	-1.257974	-0.250713	0.192355	0.226687	0.954784	0.923627	-0.370524	-0.098107	0.331531	0.900736	-0.280646
31852	10.222213	0.266138	5.672835	-0.585485	-1.441912	-0.257599	0.194732	0.240608	0.950888	0.922186	-0.375167	-0.093924	0.334143	0.895186	-0.294942
31853	10.072958	0.502800	5.761960	-0.713732	-1.648574	-0.263225	0.197791	0.256310	0.946142	0.920317	-0.380865	-0.089215	0.337485	0.888396	-0.311218
31854	10.194949	0.795019	5.377430	-0.840839	-1.848652	-0.260528	0.201628	0.273673	0.940452	0.917992	-0.387596	-0.084022	0.341521	0.880268	-0.329380
31855	10.624375	1.511704	5.100982	-0.907884	-2.026730	-0.236572	0.206364	0.292341	0.933783	0.915366	-0.394861	-0.078674	0.345715	0.870989	-0.349084
31856	11.390103	2.755351	4.333259	-1.009588	-2.215517	-0.190811	0.212287	0.312295	0.925962	0.912262	-0.403008	-0.073226	0.350302	0.860265	-0.370448
31857	12.335847	3.369089	4.249462	-1.146525	-2.398591	-0.133262	0.219472	0.333310	0.916917	0.908515	-0.412353	-0.067565	0.355573	0.847862	-0.393317
31858	12.342460	2.818811	5.166393	-1.198387	-2.555097	-0.122369	0.227470	0.355324	0.906643	0.904508	-0.421992	-0.061550	0.360726	0.834067	-0.417384
31859	13.440870	2.808935	6.712351	-1.205774	-2.781768	-0.136354	0.236259	0.378873	0.894783	0.900460	-0.431438	-0.055077	0.365176	0.818729	-0.443091
31860	15.498461	3.702291	8.136092	-1.164233	-2.996204	-0.145503	0.245899	0.403804	0.881179	0.896552	-0.440284	-0.048427	0.368413	0.801930	-0.470297
31861	17.225715	5.493393	9.214547	-1.198032	-3.225707	-0.131211	0.256564	0.429920	0.865646	0.892465	-0.449212	-0.041413	0.371054	0.783184	-0.498940
31862	17.134339	6.476798	8.055137	-1.328691	-3.428277	-0.057491	0.268780	0.456687	0.848054	0.887680	-0.459201	-0.034054	0.373875	0.761953	-0.528815
31863	15.996786	4.791400	3.526739	-1.558521	-3.464554	0.038887	0.282049	0.482451	0.829270	0.881725	-0.471055	-0.025840	0.378166	0.738477	-0.558250
31864	14.861861	1.314448	-1.376640	-1.584153	-3.486029	0.119650	0.296309	0.507213	0.809281	0.875372	-0.483126	-0.017710	0.382002	0.713670	-0.587154
31865	14.335877	-1.701446	-5.865623	-1.384275	-3.487217	0.238875	0.311633	0.530449	0.788358	0.869360	-0.494052	-0.011228	0.383534	0.688866	-0.615114
