// General information: 
//  MT Manager version: 2022.2.0 
//  XDA version: 2022.2.0 build 7381 rev 124627 built on 2023-07-19
// Device information: 
//  DeviceId: 00B4CB9F
//  ProductCode: MTW2-3A7G6
//  Firmware Version: 4.6.0
//  Hardware Version: 2.0.0
// Device settings: 
//  Filter Profile: human(46.1)
//  Option Flags: Orientation Smoother Disabled, Position/Velocity Smoother Disabled, Continuous Zero Rotation Update Disabled, AHS Disabled, ICC Disabled
// Coordinate system: ENU
PacketCounter	Acc_X	Acc_Y	Acc_Z	Gyr_X	Gyr_Y	Gyr_Z	Mat[1][1]	Mat[2][1]	Mat[3][1]	Mat[1][2]	Mat[2][2]	Mat[3][2]	Mat[1][3]	Mat[2][3]	Mat[3][3]
52288	9.100762	1.691387	2.869145	-0.014527	0.040192	-0.008925	0.108550	-0.284914	0.952387	0.579517	0.796550	0.172243	-0.807699	0.533227	0.251578
52289	9.096119	1.709105	2.722759	-0.015425	0.020723	-0.001324	0.108701	-0.284972	0.952352	0.579600	0.796503	0.172182	-0.807618	0.533267	0.251751
52290	9.178655	1.708925	2.598252	-0.022666	-0.002240	-0.000327	0.108675	-0.284902	0.952376	0.579742	0.796419	0.172094	-0.807520	0.533430	0.251720
52291	9.343994	1.692042	2.436081	-0.038944	-0.021347	-0.006643	0.108455	-0.284778	0.952439	0.580021	0.796231	0.172024	-0.807350	0.533777	0.251532
52292	9.404284	1.627939	2.370190	-0.045599	-0.013423	-0.012934	0.108265	-0.284749	0.952469	0.580361	0.795988	0.171999	-0.807131	0.534154	0.251435
52293	9.438384	1.595426	2.397546	-0.045403	0.002185	-0.015480	0.108184	-0.284821	0.952456	0.580702	0.795740	0.171998	-0.806896	0.534486	0.251483
52294	9.380446	1.547083	2.522701	-0.026831	0.025896	-0.011667	0.108319	-0.284992	0.952390	0.580890	0.795601	0.172007	-0.806743	0.534602	0.251727
52295	9.321559	1.573463	2.630796	-0.006372	0.049481	-0.003962	0.108687	-0.285225	0.952278	0.580903	0.795594	0.171994	-0.806684	0.534488	0.252158
52296	9.194264	1.590457	2.704651	0.028162	0.061296	0.005546	0.109207	-0.285448	0.952152	0.580628	0.795798	0.171979	-0.806811	0.534065	0.252646
52297	9.084746	1.730516	2.728484	0.052824	0.052325	0.011634	0.109688	-0.285571	0.952060	0.580147	0.796151	0.171967	-0.807092	0.533472	0.253001
52298	9.053362	1.837851	2.744760	0.060324	0.032007	0.011042	0.110004	-0.285593	0.952017	0.579606	0.796542	0.171981	-0.807438	0.532876	0.253154
52299	9.149527	1.870184	2.619654	0.035809	0.008038	0.012733	0.110135	-0.285471	0.952038	0.579259	0.796809	0.171915	-0.807669	0.532543	0.253118
52300	9.557439	1.939544	2.542678	-0.007319	-0.007239	0.006352	0.110107	-0.285322	0.952086	0.579269	0.796826	0.171802	-0.807665	0.532598	0.253014
52301	9.186111	1.734316	2.215602	-0.057904	-0.007366	-0.003151	0.110020	-0.285245	0.952119	0.579699	0.796546	0.171651	-0.807369	0.533057	0.252992
52302	9.002898	1.395895	2.084217	-0.081157	-0.008626	0.003050	0.109962	-0.285115	0.952165	0.580308	0.796159	0.171383	-0.806939	0.533704	0.253001
52303	9.434928	1.136520	2.130710	-0.077144	-0.025675	0.012519	0.109819	-0.284815	0.952271	0.580874	0.795822	0.171034	-0.806551	0.534367	0.252838
52304	9.695392	0.853225	2.056838	-0.053337	-0.033572	0.033081	0.109734	-0.284312	0.952431	0.581226	0.795669	0.170550	-0.806309	0.534863	0.252562
52305	9.845709	0.745846	1.962376	-0.011018	-0.028543	0.061528	0.109854	-0.283605	0.952628	0.581204	0.795824	0.169901	-0.806309	0.535007	0.252257
52306	9.893639	0.734817	1.786545	0.037237	-0.024027	0.093713	0.110198	-0.282671	0.952866	0.580759	0.796326	0.169068	-0.806583	0.534755	0.251917
52307	9.882358	0.803206	1.585348	0.085539	-0.034488	0.111236	0.110557	-0.281535	0.953161	0.579904	0.797135	0.168187	-0.807149	0.534147	0.251392
52308	9.948257	0.969732	1.428355	0.150265	-0.047316	0.129515	0.110919	-0.280189	0.953515	0.578505	0.798338	0.167296	-0.808102	0.533057	0.250641
52309	9.990412	1.187882	1.471955	0.212917	-0.041546	0.117913	0.111255	-0.278959	0.953837	0.576609	0.799840	0.166666	-0.809410	0.531448	0.249836
52310	9.945604	1.335383	1.601185	0.245765	-0.011674	0.087324	0.111656	-0.278138	0.954030	0.574478	0.801425	0.166413	-0.810868	0.529488	0.249268
52311	9.588571	1.451487	1.683766	0.261488	0.012214	0.048024	0.112021	-0.277749	0.954100	0.572258	0.802979	0.166568	-0.812386	0.527333	0.248895
52312	9.325973	1.494981	1.840237	0.265109	0.025395	0.020275	0.112336	-0.277660	0.954089	0.570038	0.804468	0.167000	-0.813903	0.525107	0.248647
52313	9.246253	1.494801	1.823629	0.256658	0.011451	0.008093	0.112464	-0.277587	0.954095	0.567895	0.805873	0.167522	-0.815382	0.522985	0.248272
52314	9.229508	1.339496	1.912111	0.254369	0.011908	0.006280	0.112590	-0.277538	0.954094	0.565769	0.807255	0.168059	-0.816841	0.520876	0.247911
52315	9.485540	1.163378	2.071820	0.256641	-0.000290	0.005443	0.112607	-0.277424	0.954126	0.563621	0.808643	0.168604	-0.818322	0.518779	0.247421
52316	9.850845	1.092235	2.263651	0.246463	-0.000087	0.011003	0.112660	-0.277274	0.954163	0.561547	0.809987	0.169074	-0.819739	0.516760	0.246956
52317	9.606875	1.070075	2.250410	0.221177	0.043324	-0.000281	0.113003	-0.277431	0.954077	0.559689	0.811166	0.169584	-0.820962	0.514822	0.246939
52318	9.568633	1.115249	2.364160	0.179638	0.036384	-0.025794	0.113149	-0.277767	0.953962	0.558200	0.812054	0.170240	-0.821955	0.513238	0.246933
52319	9.643617	1.209107	2.499584	0.131778	0.038052	-0.072595	0.113047	-0.278482	0.953765	0.557152	0.812568	0.171217	-0.822680	0.512037	0.247015
52320	9.626387	1.308849	2.642585	0.089276	0.057324	-0.122492	0.112828	-0.279710	0.953432	0.556513	0.812719	0.172572	-0.823142	0.511126	0.247360
52321	9.487129	1.461901	2.735805	0.037758	0.085549	-0.176128	0.112542	-0.281508	0.952936	0.556355	0.812457	0.174304	-0.823288	0.510555	0.248054
52322	9.376913	1.607945	2.909903	-0.021673	0.108270	-0.226085	0.112166	-0.283837	0.952289	0.556745	0.811744	0.176370	-0.823076	0.510400	0.249075
52323	9.344147	1.685929	3.122556	-0.082971	0.129407	-0.263677	0.111752	-0.286567	0.951520	0.557678	0.810609	0.178632	-0.822501	0.510679	0.250399
52324	9.338179	1.791546	3.375881	-0.138203	0.148714	-0.292743	0.111332	-0.289637	0.950640	0.559098	0.809096	0.181035	-0.821593	0.511345	0.252013
52325	9.771951	1.868905	3.804353	-0.161918	0.165041	-0.303658	0.110977	-0.292867	0.949691	0.560720	0.807423	0.183471	-0.820535	0.512149	0.253822
52326	9.700887	1.868285	4.059746	-0.177054	0.220039	-0.306874	0.111050	-0.296410	0.948583	0.562470	0.805649	0.185898	-0.819326	0.512905	0.256189
52327	9.599928	1.877177	4.300394	-0.184566	0.244317	-0.317737	0.111253	-0.300152	0.947381	0.564288	0.803795	0.188395	-0.818048	0.513636	0.258797
52328	9.570198	1.927989	4.458933	-0.160463	0.277153	-0.323703	0.111682	-0.304115	0.946066	0.565918	0.802030	0.191009	-0.816862	0.514064	0.261676
52329	9.494547	1.957868	4.542956	-0.127724	0.317392	-0.324238	0.112430	-0.308277	0.944629	0.567280	0.800422	0.193698	-0.815815	0.514092	0.264871
52330	9.371905	2.041162	4.532392	-0.087950	0.369141	-0.320408	0.113613	-0.312677	0.943040	0.568317	0.799013	0.196455	-0.814928	0.513626	0.268478
52331	9.143395	2.129621	4.549482	-0.060488	0.412369	-0.324930	0.115120	-0.317322	0.941305	0.569137	0.797720	0.199314	-0.814144	0.512786	0.272433
52332	9.040062	2.226398	4.673449	-0.043680	0.468622	-0.348153	0.116943	-0.322437	0.939339	0.569854	0.796421	0.202435	-0.813382	0.511613	0.276878
52333	8.939542	2.340771	4.830913	-0.039622	0.520641	-0.361209	0.119114	-0.327908	0.937170	0.570559	0.795085	0.205675	-0.812572	0.510212	0.281797
52334	8.796071	2.433275	5.034359	-0.059548	0.592563	-0.377009	0.121766	-0.333862	0.934724	0.571454	0.793573	0.209003	-0.811550	0.508703	0.287417
52335	8.645475	2.487139	5.162849	-0.098715	0.642768	-0.395309	0.124716	-0.340199	0.932047	0.572699	0.791780	0.212369	-0.810223	0.507296	0.293579
52336	8.563058	2.492719	5.263969	-0.147719	0.690653	-0.402163	0.127993	-0.346819	0.929158	0.574360	0.789689	0.215642	-0.808535	0.506071	0.300274
52337	8.526814	2.550199	5.269005	-0.190719	0.730878	-0.394779	0.131625	-0.353567	0.926102	0.576370	0.787383	0.218689	-0.806519	0.504993	0.307425
52338	8.430079	2.607778	5.208347	-0.244786	0.753867	-0.386454	0.135457	-0.360350	0.922930	0.578815	0.784808	0.221470	-0.804130	0.504206	0.314884
52339	8.528441	2.701053	5.150503	-0.312691	0.751889	-0.370917	0.139344	-0.366988	0.919730	0.581793	0.781924	0.223857	-0.801312	0.503899	0.322467
52340	8.665495	2.850960	5.076901	-0.401067	0.723217	-0.355675	0.143045	-0.373351	0.916596	0.585459	0.778626	0.225785	-0.797982	0.504332	0.329960
52341	8.769908	2.936849	4.964937	-0.492515	0.682125	-0.333813	0.146518	-0.379332	0.913586	0.589822	0.774924	0.227164	-0.794130	0.505569	0.337279
52342	8.821208	2.892983	4.810299	-0.610860	0.620003	-0.310865	0.149581	-0.384818	0.910791	0.595076	0.770682	0.227890	-0.789626	0.507902	0.344276
52343	8.776904	2.806148	4.649067	-0.727641	0.542830	-0.275169	0.152214	-0.389645	0.908299	0.601178	0.765949	0.227832	-0.784484	0.511370	0.350834
52344	8.710485	2.620171	4.358754	-0.809116	0.474477	-0.233452	0.154507	-0.393806	0.906115	0.607818	0.760921	0.227060	-0.778900	0.515671	0.356930
52345	8.412469	2.322668	3.874825	-0.855465	0.362582	-0.154965	0.156382	-0.396806	0.904483	0.614658	0.755917	0.225357	-0.773137	0.520706	0.362112
52346	8.383137	2.100306	3.667734	-0.866828	0.196174	-0.047436	0.157597	-0.398133	0.903689	0.621367	0.751233	0.222604	-0.767507	0.526441	0.365779
52347	8.696643	1.727172	3.620256	-0.853263	0.055707	0.082964	0.158550	-0.397754	0.903689	0.627722	0.747086	0.218693	-0.762120	0.532592	0.368129
52348	8.835407	1.344958	3.638276	-0.796053	-0.037321	0.205298	0.159559	-0.395965	0.904297	0.633401	0.743681	0.213875	-0.757195	0.538656	0.369466
52349	8.815339	0.789897	3.644042	-0.703245	-0.078552	0.322727	0.161028	-0.393090	0.905290	0.638154	0.741189	0.208324	-0.752881	0.544168	0.370205
52350	8.484609	0.151563	3.488313	-0.561196	-0.107202	0.392999	0.162737	-0.389536	0.906520	0.641691	0.739704	0.202659	-0.749499	0.548726	0.370339
52351	8.286965	-0.307137	3.304530	-0.373118	-0.140456	0.431565	0.164472	-0.385517	0.907924	0.643738	0.739366	0.197331	-0.747362	0.552010	0.369776
52352	8.658560	-0.627818	2.903947	-0.144815	-0.109199	0.427280	0.166406	-0.381693	0.909186	0.644071	0.740248	0.192887	-0.746647	0.553483	0.369020
52353	9.021119	-0.785913	2.630826	0.116941	-0.051526	0.375120	0.168448	-0.378570	0.910115	0.642529	0.742365	0.189871	-0.747517	0.552792	0.368292
52354	9.093370	-0.986265	2.258976	0.443295	0.009483	0.355793	0.170797	-0.375916	0.910778	0.638564	0.746193	0.188236	-0.750377	0.549439	0.367494
52355	9.527189	-0.489194	1.917596	0.759583	0.064503	0.391489	0.173784	-0.373275	0.911298	0.632130	0.751855	0.187419	-0.755123	0.543488	0.366619
52356	9.550557	0.063960	1.575613	0.968818	0.189512	0.432529	0.177935	-0.370972	0.911438	0.623982	0.758733	0.187002	-0.760911	0.535447	0.366486
52357	9.160209	0.691849	1.739136	1.150684	0.299267	0.488363	0.183259	-0.368771	0.911276	0.614263	0.766689	0.186731	-0.767526	0.525543	0.367026
52358	9.024242	1.372671	2.219182	1.262191	0.402472	0.549446	0.189704	-0.366569	0.910845	0.603463	0.775313	0.186339	-0.774496	0.514312	0.368291
52359	8.725939	1.481455	2.609100	1.247275	0.467751	0.606484	0.196980	-0.364155	0.910269	0.592544	0.783916	0.185382	-0.781083	0.502858	0.370194
52360	8.979392	1.399193	2.836539	1.102056	0.468046	0.704396	0.204782	-0.360875	0.909853	0.582445	0.791994	0.183037	-0.786652	0.492457	0.372376
52361	9.011814	1.089821	3.215189	0.899565	0.504774	0.798344	0.213387	-0.356921	0.909436	0.573634	0.799292	0.179098	-0.790829	0.483466	0.375301
52362	8.818570	0.545391	3.597985	0.679791	0.518313	0.862068	0.222401	-0.352431	0.909027	0.566324	0.805650	0.173796	-0.793609	0.476151	0.378767
52363	9.167944	-0.011389	3.910077	0.549181	0.528077	0.903729	0.231694	-0.347555	0.908583	0.559860	0.811453	0.167633	-0.795534	0.469840	0.382591
52364	9.082610	-0.577286	4.099622	0.505349	0.554877	0.910475	0.241174	-0.342674	0.907970	0.553636	0.816992	0.161282	-0.797071	0.463788	0.386754
52365	8.899051	-1.000031	4.056573	0.606886	0.573449	0.899673	0.250709	-0.337868	0.907188	0.546530	0.822888	0.155434	-0.799031	0.456837	0.390960
52366	8.869975	-0.825433	4.171997	0.802976	0.621318	0.881952	0.260455	-0.333335	0.906119	0.537800	0.829518	0.150570	-0.801832	0.448094	0.395320
52367	8.494871	-0.227193	4.352417	1.044928	0.675002	0.832700	0.270324	-0.329313	0.904698	0.527140	0.836943	0.147141	-0.805636	0.437126	0.399840
52368	8.366593	0.872863	4.433080	1.260172	0.729356	0.776764	0.280254	-0.325864	0.902923	0.514770	0.844949	0.145164	-0.810228	0.424115	0.404545
52369	7.919947	2.264233	4.331750	1.377130	0.752385	0.734848	0.290111	-0.322692	0.900947	0.501429	0.853115	0.144096	-0.815110	0.409957	0.409305
52370	7.538807	3.744212	4.558170	1.329767	0.739199	0.658057	0.299400	-0.319975	0.898875	0.488569	0.860623	0.143624	-0.819549	0.396162	0.414000
52371	7.261516	4.768409	4.897491	1.161401	0.732487	0.559587	0.308124	-0.317929	0.896650	0.477277	0.866974	0.143396	-0.822962	0.383767	0.418876
52372	7.004890	5.421944	5.208385	0.921869	0.726952	0.461201	0.316283	-0.316614	0.894271	0.468188	0.871960	0.143128	-0.825085	0.373419	0.424021
52373	6.795515	5.659756	5.489004	0.613597	0.709839	0.370173	0.323868	-0.315940	0.891791	0.461885	0.875433	0.142404	-0.825695	0.365785	0.429452
52374	6.846191	5.578549	5.823804	0.298222	0.671466	0.299692	0.330775	-0.315697	0.889339	0.458390	0.877495	0.141002	-0.824904	0.361024	0.434966
52375	7.084523	5.245307	6.120106	0.015245	0.638322	0.247554	0.337171	-0.315763	0.886910	0.457384	0.878364	0.138839	-0.822870	0.358846	0.440584
52376	7.231984	4.664533	6.261933	-0.224869	0.617481	0.205882	0.343172	-0.316114	0.884480	0.458477	0.878239	0.135997	-0.819775	0.358843	0.446318
52377	7.326459	4.118187	6.449082	-0.422302	0.586140	0.168957	0.348746	-0.316686	0.882092	0.461294	0.877286	0.132582	-0.815833	0.360666	0.452035
52378	7.535207	3.580593	6.880291	-0.587284	0.559130	0.127089	0.353872	-0.317541	0.879740	0.465571	0.875592	0.128770	-0.811183	0.364014	0.457685
52379	7.781220	3.087511	7.251808	-0.657606	0.544079	0.096546	0.358728	-0.318638	0.877373	0.470493	0.873523	0.124871	-0.806195	0.368003	0.463275
52380	7.585792	2.686478	7.338222	-0.659261	0.541635	0.087738	0.363485	-0.319820	0.874982	0.475421	0.871396	0.121010	-0.801158	0.372000	0.468788
52381	6.973841	2.434496	7.162329	-0.625219	0.520716	0.102321	0.368139	-0.320829	0.872664	0.479990	0.869417	0.117148	-0.796294	0.375743	0.474061
52382	6.316688	2.374700	6.724810	-0.702670	0.430081	0.079560	0.371927	-0.321707	0.870732	0.485220	0.867049	0.113088	-0.791348	0.380436	0.478577
52383	6.050035	2.347668	6.268062	-0.868889	0.295159	0.023671	0.374380	-0.322590	0.869354	0.491933	0.863822	0.108690	-0.786029	0.386973	0.482090
52384	6.172551	2.155393	5.891255	-0.945046	0.172188	-0.023762	0.375601	-0.323410	0.868522	0.499373	0.860085	0.104310	-0.780737	0.394537	0.484551
52385	6.700124	1.899372	5.812500	-0.845249	0.076074	-0.027567	0.376066	-0.323906	0.868135	0.506006	0.856663	0.100430	-0.776229	0.401514	0.486061
52386	7.285838	1.681867	5.764833	-0.568809	0.082502	0.006980	0.376732	-0.324122	0.867766	0.510333	0.854422	0.097582	-0.773067	0.406088	0.487299
52387	6.998761	1.320186	5.054817	-0.340947	0.093793	0.103703	0.377999	-0.323577	0.867418	0.512525	0.853401	0.095002	-0.770996	0.408662	0.488426
52388	6.141239	0.842415	4.093670	-0.185690	-0.000577	0.193090	0.378977	-0.321869	0.867627	0.513172	0.853298	0.092401	-0.770085	0.410224	0.488554
52389	5.745031	0.664629	3.281319	-0.053430	-0.218439	0.249669	0.378588	-0.318799	0.868929	0.512588	0.853909	0.089957	-0.770665	0.411346	0.486692
52390	5.888511	0.616473	2.660380	0.029820	-0.404594	0.291429	0.376950	-0.314585	0.871175	0.511204	0.854989	0.087547	-0.772385	0.412347	0.483105
52391	6.187777	0.481992	1.999855	0.037137	-0.585074	0.321993	0.374080	-0.309372	0.874273	0.509658	0.856178	0.084899	-0.774799	0.413822	0.477953
52392	6.284559	0.668621	1.030784	-0.019945	-0.763535	0.358531	0.369970	-0.303073	0.878219	0.508426	0.857226	0.081642	-0.777576	0.416305	0.471238
52393	6.245926	0.982259	0.050671	-0.142503	-1.011961	0.369548	0.363975	-0.295627	0.883248	0.508131	0.857768	0.077705	-0.780593	0.420523	0.462423
52394	7.883888	1.479223	0.430798	-0.300198	-1.235695	0.327515	0.355968	-0.287525	0.889166	0.509247	0.857484	0.073409	-0.783553	0.426674	0.451658
52395	11.093551	1.665433	2.940508	-0.390979	-1.256108	0.280481	0.347549	-0.279675	0.894981	0.511279	0.856629	0.069144	-0.786005	0.433554	0.440713
52396	14.571400	0.356475	7.837904	-0.550637	-0.970431	0.310220	0.341501	-0.272717	0.899446	0.514488	0.855111	0.063934	-0.786562	0.440920	0.432331
52397	15.444921	-2.041939	9.289764	-0.741679	-0.651444	0.504965	0.338998	-0.265461	0.902558	0.518548	0.853201	0.056179	-0.784977	0.448975	0.426888
52398	14.950257	-3.216674	7.068698	-0.511481	-0.696165	0.539131	0.336327	-0.257657	0.905813	0.520690	0.852332	0.049113	-0.784707	0.455130	0.420822
52399	12.162285	-2.620607	4.318626	0.182324	-0.825340	0.560823	0.332756	-0.249064	0.909528	0.517330	0.854615	0.044758	-0.788443	0.455632	0.413227
52400	9.009866	0.008919	1.382748	0.694925	-0.989570	0.661535	0.328308	-0.238843	0.913875	0.509588	0.859415	0.041541	-0.795320	0.452062	0.403864
52401	7.833456	3.029739	-0.464306	0.707285	-1.112174	0.663646	0.322787	-0.228065	0.918583	0.501726	0.864181	0.038253	-0.802546	0.448529	0.393372
52402	7.812007	5.614270	-1.058323	0.474640	-1.077578	0.499728	0.316591	-0.218854	0.922970	0.496253	0.867453	0.035469	-0.808395	0.446798	0.383235
52403	8.339976	7.190678	-0.520871	0.144798	-1.036896	0.303343	0.309692	-0.211534	0.927008	0.494080	0.868783	0.033187	-0.812389	0.447738	0.373570
52404	9.974832	6.921048	0.225395	-0.206347	-1.098066	0.173788	0.301607	-0.205026	0.931127	0.495176	0.868247	0.030784	-0.814760	0.451787	0.363393
52405	11.266118	4.762995	0.662348	-0.603278	-1.148460	0.177398	0.293125	-0.198211	0.935302	0.499517	0.865885	0.026951	-0.815206	0.459300	0.352823
52406	12.068643	2.039678	0.654147	-0.877727	-1.203026	0.257382	0.284607	-0.190342	0.939558	0.505875	0.862340	0.021461	-0.814303	0.469190	0.341717
52407	11.731789	-0.320858	0.875906	-0.964835	-1.126668	0.342473	0.277178	-0.182007	0.943423	0.512715	0.858428	0.014974	-0.812586	0.479556	0.331255
52408	9.916036	-2.086566	1.527846	-0.888235	-1.009066	0.370599	0.270889	-0.173884	0.946775	0.518859	0.854817	0.008541	-0.810805	0.488930	0.321782
52409	8.718179	-3.552432	2.119752	-0.688483	-0.997036	0.360948	0.264681	-0.165845	0.949968	0.523426	0.852066	0.002916	-0.809919	0.496466	0.312333
52410	8.833435	-4.304648	2.199291	-0.521966	-1.024973	0.309374	0.257995	-0.158031	0.953134	0.526796	0.849990	-0.001664	-0.809892	0.502537	0.302543
52411	9.509089	-4.532775	2.039880	-0.345111	-1.040416	0.270706	0.250986	-0.150428	0.956231	0.528857	0.848694	-0.005300	-0.810751	0.507040	0.292565
52412	9.677537	-4.481949	2.075822	-0.149206	-1.043533	0.268460	0.243927	-0.142783	0.959225	0.529355	0.848359	-0.008333	-0.812578	0.509803	0.282521
52413	10.112111	-4.460379	2.039010	0.085173	-1.043366	0.270060	0.236856	-0.135112	0.962104	0.527965	0.849199	-0.010721	-0.815569	0.510497	0.272472
52414	10.384936	-4.140375	1.924913	0.343668	-1.006570	0.250503	0.229934	-0.127790	0.964780	0.524522	0.851309	-0.012249	-0.819760	0.508865	0.262774
52415	9.774257	-3.411974	1.557996	0.643146	-0.946917	0.205697	0.223214	-0.121176	0.967208	0.518717	0.854853	-0.012611	-0.825293	0.504522	0.253672
52416	9.765943	-2.112222	1.464467	0.928805	-0.921857	0.146052	0.216316	-0.115243	0.969498	0.510651	0.859708	-0.011745	-0.832132	0.497616	0.244817
52417	9.881331	-0.781423	1.376426	1.090533	-0.882489	0.105425	0.209468	-0.109916	0.971618	0.501261	0.865236	-0.010184	-0.839559	0.489168	0.236336
52418	9.582469	0.487447	1.345868	1.080390	-0.902381	0.076005	0.202225	-0.104818	0.973714	0.491947	0.870584	-0.008453	-0.846814	0.480725	0.227619
52419	10.157962	1.333062	1.541529	0.927552	-0.902056	0.074989	0.194916	-0.099796	0.975730	0.483865	0.875114	-0.007154	-0.853160	0.473515	0.218861
52420	10.029540	1.707072	1.613695	0.732512	-0.951965	0.104828	0.187259	-0.094334	0.977771	0.477347	0.878690	-0.006645	-0.858530	0.467980	0.209573
52421	9.856711	1.973012	1.763576	0.470083	-0.992779	0.133618	0.179341	-0.088466	0.979801	0.473008	0.881030	-0.007031	-0.862612	0.464715	0.199850
52422	9.019298	2.009830	2.148937	0.170430	-1.059883	0.165275	0.170950	-0.082025	0.981859	0.471199	0.881988	-0.008358	-0.865302	0.464080	0.189426
52423	8.552603	1.646113	2.536249	-0.165322	-1.151718	0.154812	0.161697	-0.075241	0.983968	0.472325	0.881365	-0.010222	-0.866466	0.466406	0.178052
52424	8.557292	0.863704	2.846846	-0.423674	-1.215285	0.101213	0.151633	-0.068592	0.986054	0.475791	0.879477	-0.011987	-0.866390	0.470973	0.165993
52425	8.923108	0.100182	3.083984	-0.523117	-1.218187	0.033793	0.141234	-0.062467	0.988004	0.480226	0.877046	-0.013196	-0.865700	0.476328	0.153866
52426	9.371920	-0.378436	3.302991	-0.512364	-1.154179	-0.029845	0.131089	-0.057139	0.989723	0.484654	0.874599	-0.013700	-0.864827	0.481469	0.142343
52427	9.473731	-0.603693	3.588957	-0.484124	-1.053468	-0.066856	0.121650	-0.052567	0.991180	0.488878	0.872244	-0.013742	-0.863829	0.486237	0.131807
52428	9.222229	-1.005300	3.628631	-0.464532	-0.978900	-0.094862	0.112720	-0.048550	0.992440	0.492954	0.869952	-0.013432	-0.862723	0.490742	0.121994
52429	9.282584	-1.466096	3.422588	-0.409837	-0.925925	-0.132133	0.104077	-0.045078	0.993547	0.496587	0.867895	-0.012642	-0.861725	0.494698	0.112713
52430	9.600606	-1.701991	3.056819	-0.298775	-0.856662	-0.159223	0.095892	-0.042146	0.994499	0.499276	0.866368	-0.011426	-0.861120	0.497625	0.104120
52431	10.004409	-1.496043	2.776750	-0.175540	-0.744932	-0.171032	0.088620	-0.039855	0.995268	0.500901	0.865447	-0.009945	-0.860956	0.499412	0.096659
52432	10.241452	-0.854020	2.560604	-0.094682	-0.639060	-0.198586	0.082110	-0.038316	0.995886	0.501843	0.864921	-0.008099	-0.861053	0.500443	0.090247
52433	10.041982	-0.102259	2.532734	-0.078012	-0.535621	-0.222831	0.076378	-0.037501	0.996373	0.502647	0.864471	-0.005994	-0.861111	0.501282	0.084877
52434	9.426513	0.294121	2.878716	-0.106426	-0.456553	-0.230001	0.071277	-0.037136	0.996765	0.503691	0.863876	-0.003833	-0.860939	0.502335	0.080280
52435	8.224084	0.056193	2.940580	-0.171140	-0.427354	-0.212747	0.066527	-0.036765	0.997107	0.505267	0.862961	-0.001893	-0.860395	0.503931	0.075986
52436	7.880664	-0.347519	2.431260	-0.250296	-0.574598	-0.181587	0.060654	-0.035366	0.997532	0.507493	0.861656	-0.000308	-0.859518	0.506259	0.070211
52437	8.419136	-0.690322	2.067441	-0.341688	-0.739417	-0.158723	0.053499	-0.032921	0.998025	0.510476	0.859892	0.001001	-0.858226	0.509414	0.062809
52438	9.315794	-0.947540	1.697853	-0.502959	-0.880542	-0.153298	0.045153	-0.029669	0.998539	0.514821	0.857295	0.002193	-0.856108	0.513970	0.053984
52439	9.876310	-1.303709	1.161547	-0.649793	-0.982806	-0.170305	0.035878	-0.025990	0.999018	0.520402	0.853914	0.003526	-0.853167	0.519765	0.044162
52440	10.161360	-1.548112	1.267606	-0.701991	-1.023043	-0.206196	0.026076	-0.022335	0.999410	0.526403	0.850219	0.005266	-0.849835	0.525956	0.033928
52441	10.155836	-1.493264	1.874813	-0.719877	-1.043618	-0.263159	0.015840	-0.018988	0.999694	0.532523	0.846381	0.007638	-0.846268	0.532239	0.023518
52442	10.358756	-1.314390	2.830630	-0.748791	-1.034486	-0.346410	0.005239	-0.016311	0.999853	0.538843	0.842336	0.010917	-0.842390	0.538706	0.013202
52443	11.014994	-1.152013	3.471830	-0.767744	-1.004773	-0.442012	-0.005589	-0.014521	0.999879	0.545254	0.838133	0.015219	-0.838253	0.545273	0.003233
52444	11.357201	-0.746007	3.887863	-0.705032	-0.870059	-0.547261	-0.015874	-0.014264	0.999772	0.551054	0.834214	0.020651	-0.834319	0.551256	-0.005383
52445	11.226020	0.176086	4.588211	-0.620275	-0.708022	-0.648879	-0.025345	-0.015687	0.999556	0.556045	0.830709	0.027136	-0.830765	0.556486	-0.012332
52446	10.727008	0.987729	5.588881	-0.607090	-0.515988	-0.730810	-0.033713	-0.018797	0.999255	0.560826	0.827215	0.034482	-0.827247	0.561571	-0.017345
52447	10.009845	1.717421	6.598037	-0.682950	-0.373184	-0.784188	-0.041191	-0.023108	0.998884	0.566132	0.823224	0.042390	-0.823285	0.567246	-0.020827
52448	10.002558	2.172332	7.468743	-0.790261	-0.242238	-0.803524	-0.047760	-0.028259	0.998459	0.572228	0.818536	0.050539	-0.818703	0.573760	-0.022923
52449	10.407378	2.295942	7.840462	-0.917307	-0.040007	-0.788973	-0.052603	-0.034416	0.998022	0.579284	0.813019	0.058569	-0.813427	0.581219	-0.022831
52450	11.024158	2.374786	7.734439	-0.936315	0.254878	-0.727854	-0.054786	-0.041741	0.997625	0.586450	0.807293	0.065983	-0.808131	0.588672	-0.019749
52451	10.789231	2.829869	7.628006	-0.831111	0.571959	-0.638945	-0.053911	-0.050225	0.997282	0.592768	0.802109	0.072439	-0.803567	0.595062	-0.013471
52452	10.808389	3.487560	7.671059	-0.735864	0.780157	-0.600271	-0.051237	-0.059626	0.996905	0.598318	0.797410	0.078445	-0.799619	0.600485	-0.005182
52453	11.345741	4.630272	7.356777	-0.873142	0.931311	-0.684959	-0.047895	-0.070654	0.996350	0.604909	0.791721	0.085221	-0.794853	0.606783	0.004820
52454	12.452505	5.630511	6.259643	-1.231252	1.120740	-0.891793	-0.044466	-0.084465	0.995434	0.614208	0.783535	0.093922	-0.787891	0.615579	0.017038
52455	13.361589	5.793667	5.203835	-1.481187	1.391142	-1.179489	-0.040832	-0.102252	0.993920	0.625285	0.773268	0.105240	-0.779328	0.625780	0.032363
52456	13.653300	5.528409	5.174943	-1.410318	1.793835	-1.402523	-0.035771	-0.124267	0.991604	0.635648	0.762826	0.118527	-0.771150	0.634551	0.051703
52457	12.125625	5.077874	4.666088	-1.046139	1.982393	-1.492384	-0.030041	-0.148196	0.988502	0.643169	0.754154	0.132609	-0.765135	0.639757	0.072660
52458	11.893132	5.499305	2.865510	-0.699903	1.982869	-1.436012	-0.024181	-0.171622	0.984866	0.648088	0.747409	0.146155	-0.761181	0.641814	0.093153
52459	11.101354	5.893556	0.924556	-0.815408	1.991194	-1.402578	-0.018160	-0.194837	0.980668	0.653956	0.739623	0.159056	-0.756315	0.644202	0.113983
52460	11.310800	5.016438	0.734176	-1.119459	1.998862	-1.440804	-0.012594	-0.218277	0.975806	0.662129	0.729451	0.171715	-0.749284	0.648272	0.135341
52461	11.816911	3.000429	0.827877	-1.630126	2.067772	-1.390126	-0.006457	-0.241784	0.970309	0.674104	0.715656	0.182814	-0.738608	0.655269	0.158367
52462	12.923952	-0.410631	0.378898	-2.056292	2.040450	-1.200138	0.000294	-0.263680	0.964610	0.689080	0.699092	0.190889	-0.724685	0.664637	0.181902
52463	14.221856	-4.100678	-0.082178	-1.986548	1.988054	-0.884194	0.008450	-0.283071	0.959062	0.703358	0.683419	0.195517	-0.710786	0.672911	0.204875
52464	16.062098	-7.011175	-0.373410	-1.519986	2.019975	-0.526602	0.018969	-0.300216	0.953683	0.714118	0.671665	0.197234	-0.699769	0.677300	0.227131
52465	16.383540	-7.807249	-1.000600	-0.755105	2.036114	-0.142579	0.032183	-0.314923	0.948571	0.719394	0.666153	0.196753	-0.693856	0.676065	0.247993
52466	15.526647	-6.980879	-1.585856	0.024279	1.939509	0.150125	0.046721	-0.326913	0.943899	0.719133	0.666844	0.195362	-0.693300	0.669662	0.266249
52467	14.281990	-4.741463	-1.913093	0.750298	1.893297	0.312246	0.062178	-0.337357	0.939321	0.713720	0.672905	0.194429	-0.697666	0.658323	0.282618
52468	12.262844	-2.311113	-1.603888	1.221378	1.918663	0.334569	0.078012	-0.347520	0.934422	0.704884	0.682047	0.194810	-0.705020	0.643461	0.298169
52469	10.739993	0.133696	-1.186636	1.437750	1.926411	0.301127	0.093834	-0.357642	0.929133	0.694398	0.692286	0.196346	-0.713447	0.626764	0.313306
52470	9.366160	2.000411	-0.535359	1.328252	1.936967	0.271924	0.109601	-0.367670	0.923475	0.684559	0.701534	0.198061	-0.720671	0.610466	0.328581
52471	8.342064	2.883630	0.182062	1.068830	1.823193	0.250761	0.124542	-0.376854	0.917862	0.676503	0.708962	0.199291	-0.725833	0.596116	0.343239
52472	8.173162	2.910172	0.535011	0.814783	1.662457	0.226755	0.138165	-0.384991	0.912520	0.670238	0.714678	0.200040	-0.729172	0.583967	0.356779
52473	8.242262	2.483769	0.799361	0.611102	1.587533	0.234978	0.151368	-0.392445	0.907234	0.665402	0.719173	0.200075	-0.730977	0.573390	0.369994
52474	8.269281	1.774656	0.926459	0.439154	1.566686	0.284376	0.164712	-0.399246	0.901927	0.661701	0.722841	0.199131	-0.731452	0.564006	0.383242
52475	8.120204	1.206969	0.949369	0.320109	1.600191	0.340766	0.178702	-0.405684	0.896374	0.658739	0.726049	0.197271	-0.730841	0.555223	0.396986
52476	7.888356	0.978622	1.088132	0.257371	1.651503	0.363372	0.193151	-0.412081	0.890439	0.656142	0.728997	0.195040	-0.729500	0.546582	0.411190
52477	7.830562	1.131324	1.221452	0.187205	1.650427	0.376740	0.207680	-0.418232	0.884280	0.653985	0.731623	0.192437	-0.727443	0.538340	0.425461
52478	7.918316	1.386991	1.299283	0.132470	1.625279	0.412206	0.222175	-0.423840	0.878065	0.652094	0.734110	0.189356	-0.724853	0.530511	0.439484
52479	8.528286	1.432756	1.303428	0.057604	1.604756	0.458597	0.236804	-0.428871	0.871776	0.650585	0.736415	0.185559	-0.721570	0.523223	0.453404
52480	8.793838	1.074669	1.539968	-0.076020	1.617185	0.510665	0.251759	-0.433459	0.865292	0.649840	0.738266	0.180754	-0.717165	0.516795	0.467544
52481	8.666073	0.386622	1.852622	-0.179886	1.633112	0.580446	0.267234	-0.437508	0.858588	0.649577	0.739916	0.174857	-0.711784	0.510991	0.481925
52482	8.288395	-0.269190	2.202732	-0.231227	1.624588	0.649162	0.282966	-0.440900	0.851785	0.649385	0.741635	0.168156	-0.705854	0.505553	0.496171
52483	7.786427	-0.624266	2.415068	-0.227547	1.591908	0.704526	0.298762	-0.443617	0.844953	0.648890	0.743654	0.160995	-0.699773	0.500182	0.510035
52484	7.386002	-0.562432	2.573690	-0.185039	1.528851	0.755112	0.314314	-0.445541	0.838272	0.647819	0.746135	0.153668	-0.693929	0.494749	0.523150
52485	7.012883	-0.369897	2.684586	-0.131576	1.439513	0.787457	0.329393	-0.446678	0.831853	0.646148	0.749048	0.146357	-0.688472	0.489291	0.535351
52486	6.891834	-0.272626	2.809080	-0.090983	1.327776	0.810507	0.343731	-0.447000	0.825857	0.643997	0.752270	0.139132	-0.683460	0.484025	0.546445
52487	6.817618	-0.028911	2.867780	-0.081513	1.211586	0.829293	0.357348	-0.446522	0.820317	0.641597	0.755631	0.131818	-0.678717	0.479208	0.556510
52488	6.864415	-0.045062	2.951522	-0.051704	1.074795	0.845018	0.370032	-0.445193	0.815402	0.638825	0.759195	0.124604	-0.674521	0.474792	0.565327
52489	6.985128	-0.067438	2.921863	0.001737	0.934810	0.867358	0.381881	-0.442948	0.811150	0.635502	0.763102	0.117522	-0.671047	0.470608	0.572909
52490	6.979832	-0.026188	2.831770	0.061769	0.796777	0.885860	0.392832	-0.439846	0.807600	0.631608	0.767344	0.110696	-0.668397	0.466603	0.579248
52491	6.953710	0.079940	2.835022	0.124359	0.666687	0.903736	0.403002	-0.435925	0.804711	0.627130	0.771927	0.104096	-0.666556	0.462708	0.584470
52492	6.790742	0.188915	3.004719	0.193333	0.554216	0.910105	0.412379	-0.431375	0.802408	0.622083	0.776806	0.097906	-0.665550	0.458790	0.588689
52493	6.540152	0.372442	3.035859	0.253268	0.434140	0.918008	0.420984	-0.426138	0.800736	0.616519	0.781946	0.092005	-0.665340	0.454936	0.591909
52494	6.296890	0.542679	3.137968	0.289673	0.304948	0.922486	0.428675	-0.420226	0.799780	0.610621	0.787203	0.086330	-0.665867	0.451355	0.594053
52495	6.105942	0.637776	3.153592	0.305408	0.176900	0.916934	0.435455	-0.413713	0.799513	0.604569	0.792446	0.080777	-0.666990	0.448186	0.595192
52496	6.010789	0.675300	3.248244	0.315608	0.049515	0.906915	0.441241	-0.406667	0.799955	0.598435	0.797616	0.075392	-0.668717	0.445455	0.595305
52497	5.987073	0.785055	3.235694	0.337533	-0.056328	0.888906	0.446183	-0.399237	0.800956	0.592174	0.802742	0.070249	-0.671008	0.442961	0.594587
52498	6.083808	0.930649	3.340371	0.352811	-0.149657	0.871974	0.450312	-0.391497	0.802465	0.585841	0.807788	0.065342	-0.673802	0.440692	0.593111
52499	6.183879	1.121445	3.419248	0.335842	-0.220164	0.843991	0.453769	-0.383623	0.804318	0.579701	0.812579	0.060515	-0.676787	0.438804	0.591110
52500	6.364882	1.181860	3.553024	0.311411	-0.274546	0.823114	0.456653	-0.375656	0.806443	0.573789	0.817106	0.055711	-0.679878	0.437288	0.588681
52501	6.497057	1.244815	3.697347	0.285427	-0.313904	0.812042	0.459174	-0.367564	0.808737	0.568068	0.821413	0.050795	-0.682977	0.436094	0.585973
52502	6.662385	1.364020	3.965559	0.284840	-0.332697	0.805551	0.461447	-0.359424	0.811098	0.562357	0.825618	0.045924	-0.686164	0.434935	0.583104
52503	6.981999	1.527891	4.499597	0.331839	-0.331754	0.789052	0.463601	-0.351385	0.813390	0.556367	0.829904	0.041411	-0.689587	0.433345	0.580243
52504	7.546989	1.721552	5.137581	0.420541	-0.304233	0.765442	0.465728	-0.343642	0.815480	0.549848	0.834418	0.037600	-0.693372	0.430879	0.577563
52505	8.012308	1.937151	5.874859	0.501860	-0.267279	0.745982	0.467964	-0.336186	0.817306	0.542817	0.839147	0.034369	-0.697394	0.427564	0.575178
52506	8.206577	2.198728	6.586711	0.524766	-0.241473	0.741200	0.470268	-0.328862	0.818961	0.535616	0.843881	0.031305	-0.701401	0.423927	0.572994
52507	8.114772	2.242048	7.227662	0.454412	-0.232668	0.738198	0.472579	-0.321569	0.820526	0.528882	0.848239	0.027822	-0.704949	0.420813	0.570932
52508	7.887528	2.281349	8.027228	0.367400	-0.219071	0.726173	0.474845	-0.314417	0.821988	0.522791	0.852124	0.023939	-0.707963	0.418361	0.569002
52509	7.370846	2.466754	8.668885	0.255873	-0.205495	0.676694	0.476925	-0.307719	0.823318	0.517698	0.855335	0.019798	-0.710304	0.416788	0.567236
52510	6.998676	2.807973	9.240513	0.141287	-0.209270	0.631407	0.478687	-0.301380	0.824638	0.513621	0.857879	0.015382	-0.712076	0.416189	0.565451
52511	6.996183	3.237275	9.787093	0.036769	-0.210122	0.538440	0.479964	-0.295822	0.825908	0.510719	0.859676	0.011119	-0.713302	0.416470	0.563696
52512	7.158195	3.384442	10.047890	-0.053872	-0.160696	0.451650	0.481114	-0.291208	0.826878	0.508878	0.860810	0.007070	-0.713843	0.417379	0.562337
52513	6.988829	3.150871	9.966703	-0.121905	-0.091829	0.435356	0.482690	-0.287019	0.827424	0.507592	0.861593	0.002761	-0.713695	0.418661	0.561571
52514	6.633731	2.307036	9.629092	-0.156021	-0.092117	0.474056	0.484430	-0.282488	0.827966	0.506358	0.862321	-0.002052	-0.713393	0.420241	0.560774
52515	6.595441	1.355892	9.081943	-0.100728	-0.153102	0.504537	0.485907	-0.277439	0.828807	0.504571	0.863343	-0.006816	-0.713654	0.421504	0.559492
52516	6.043331	0.411529	7.799389	0.028582	-0.248152	0.529728	0.486794	-0.271756	0.830169	0.501735	0.864951	-0.011065	-0.715048	0.421911	0.557402
52517	5.012942	-0.139584	5.733313	0.062496	-0.547734	0.549111	0.485636	-0.264639	0.833141	0.498559	0.866721	-0.015304	-0.718050	0.422802	0.552849
52518	5.174419	-0.357825	3.902247	-0.171103	-0.951519	0.616957	0.481849	-0.255188	0.838272	0.496751	0.867629	-0.021414	-0.721845	0.426731	0.544831
52519	5.622804	-1.292520	1.329517	-0.464346	-1.264188	0.671880	0.476060	-0.243870	0.844923	0.496835	0.867340	-0.029594	-0.725618	0.433876	0.534069
52520	7.044226	-1.750287	-1.848567	-0.627947	-1.479076	0.665851	0.468604	-0.231555	0.852521	0.498203	0.866202	-0.038576	-0.729523	0.442806	0.521267
52521	8.826707	-1.861657	-3.184237	-0.691025	-1.656122	0.537055	0.459189	-0.219442	0.860808	0.500709	0.864352	-0.046753	-0.733782	0.452483	0.506777
52522	11.041229	-1.800266	-1.939735	-0.445958	-1.728326	0.377948	0.448345	-0.208231	0.869268	0.502224	0.863157	-0.052267	-0.739430	0.460001	0.491571
52523	12.603534	-1.964227	-0.095788	-0.063991	-1.598995	0.250821	0.437741	-0.198623	0.876887	0.501529	0.863404	-0.054794	-0.746224	0.463770	0.477563
52524	12.586754	-1.972541	2.652176	0.236343	-1.406809	0.218087	0.428275	-0.190148	0.883416	0.498758	0.864955	-0.055620	-0.753539	0.464432	0.465276
52525	13.822168	-1.093841	9.721729	0.464469	-1.340339	0.223042	0.419239	-0.181941	0.889458	0.494235	0.867555	-0.055494	-0.761557	0.462867	0.453635
52526	19.953490	-1.460664	20.160504	0.385672	-0.851283	0.370572	0.414547	-0.174728	0.893096	0.489688	0.870027	-0.057083	-0.767044	0.461002	0.446230
52527	15.915069	-3.820407	13.370301	0.841834	-0.359979	0.651614	0.414951	-0.167337	0.894323	0.480445	0.875025	-0.059193	-0.772650	0.454236	0.443489
52528	7.937345	-1.123102	-0.020807	1.337446	-1.431595	0.708958	0.407150	-0.154612	0.900180	0.467060	0.882206	-0.059726	-0.784910	0.444756	0.431404
52529	9.455885	5.490434	-3.541604	1.237365	-2.004054	0.494306	0.393575	-0.141343	0.908362	0.455223	0.888421	-0.059000	-0.798668	0.436728	0.414003
52530	9.561628	10.031736	-3.282509	1.055016	-1.341264	0.261071	0.383959	-0.133149	0.913699	0.445674	0.893373	-0.057096	-0.808672	0.429135	0.402360
52531	6.931497	11.522999	-1.057934	0.702151	-0.944882	0.089807	0.376687	-0.128260	0.917418	0.439574	0.896512	-0.055149	-0.815403	0.424047	0.394084
52532	7.042601	9.509013	1.036008	-0.173057	-1.121810	-0.142536	0.366879	-0.124703	0.921873	0.441463	0.895620	-0.054537	-0.818847	0.426981	0.383636
52533	10.104337	3.940886	0.523438	-0.721364	-1.474504	-0.150209	0.354116	-0.119645	0.927517	0.447867	0.892352	-0.055882	-0.820985	0.435193	0.369581
52534	12.854818	-1.690173	-0.606678	-1.005182	-1.550406	-0.031253	0.341226	-0.113032	0.933161	0.456179	0.887913	-0.059259	-0.821867	0.445909	0.354541
52535	12.212587	-4.650382	-0.318428	-0.885403	-1.377427	0.204586	0.330832	-0.104967	0.937834	0.462721	0.884171	-0.064270	-0.822459	0.455218	0.341083
52536	10.519687	-6.232176	0.130365	-0.427127	-1.365448	0.359650	0.321240	-0.095478	0.942172	0.465014	0.882602	-0.069109	-0.824965	0.460323	0.327926
52537	11.061570	-6.096619	0.031328	-0.075035	-1.370645	0.362097	0.311579	-0.085907	0.946329	0.464437	0.882609	-0.072793	-0.828985	0.462191	0.314901
52538	11.104136	-4.641240	0.538008	0.150358	-1.284089	0.329669	0.302418	-0.077002	0.950060	0.462123	0.883597	-0.075486	-0.833658	0.461873	0.302800
52539	10.289631	-3.016852	1.369629	0.305851	-1.242661	0.349021	0.293622	-0.068128	0.953491	0.458473	0.885285	-0.077929	-0.838802	0.460032	0.291175
52540	9.447975	-2.302656	1.248644	0.326238	-1.291223	0.335970	0.284278	-0.059163	0.956915	0.454705	0.887020	-0.080241	-0.844055	0.457925	0.279062
52541	9.480397	-2.161272	0.911296	0.340000	-1.390737	0.227719	0.273521	-0.050728	0.960527	0.451139	0.888722	-0.081531	-0.849506	0.455632	0.265969
52542	10.232982	-2.191642	0.596639	0.410263	-1.424592	0.108149	0.261849	-0.043235	0.964140	0.447301	0.890658	-0.081542	-0.855194	0.452613	0.252557
52543	10.561712	-1.746014	0.249330	0.571423	-1.331525	0.031085	0.250547	-0.036899	0.967401	0.442266	0.893267	-0.080471	-0.861178	0.448010	0.240124
52544	10.305226	-0.637065	0.219591	0.750560	-1.192840	0.035942	0.240379	-0.031210	0.970177	0.435640	0.896639	-0.079094	-0.867431	0.441660	0.229129
52545	10.310672	0.626945	0.882252	0.810142	-1.058338	0.085326	0.231519	-0.025742	0.972490	0.428335	0.900235	-0.078143	-0.873458	0.434643	0.219447
52546	9.319354	1.378756	1.708733	0.681546	-1.024307	0.148713	0.223160	-0.019919	0.974578	0.421975	0.903231	-0.078164	-0.878713	0.428691	0.209970
52547	8.917257	1.517708	2.521875	0.371048	-1.152762	0.153833	0.213634	-0.013542	0.976820	0.418321	0.904862	-0.078944	-0.882818	0.425490	0.198974
52548	8.861082	1.199065	2.771416	0.020337	-1.253736	0.141495	0.203123	-0.006867	0.979129	0.417796	0.904983	-0.080326	-0.885543	0.425393	0.186692
52549	9.139286	0.885343	2.590734	-0.290872	-1.288639	0.097675	0.192092	-0.000425	0.981377	0.420132	0.903764	-0.081844	-0.886899	0.428030	0.173784
52550	9.244742	0.656034	2.382713	-0.578156	-1.254137	0.026606	0.181065	0.005277	0.983457	0.425161	0.901294	-0.083112	-0.886822	0.433177	0.160949
52551	9.329586	0.368118	2.688285	-0.798241	-1.218726	-0.070727	0.169942	0.010021	0.985403	0.432312	0.897832	-0.083687	-0.885565	0.440224	0.148247
52552	9.517260	-0.072847	2.843681	-0.930844	-1.157631	-0.155262	0.159008	0.013835	0.987180	0.440753	0.893735	-0.083519	-0.883433	0.448383	0.136013
52553	9.780341	-0.519551	3.023136	-0.990147	-1.039138	-0.215822	0.148864	0.016672	0.988717	0.449773	0.889304	-0.082715	-0.880650	0.457012	0.124887
52554	9.578175	-1.212112	3.020048	-0.971882	-0.909468	-0.253730	0.139701	0.018677	0.990018	0.458636	0.884887	-0.081412	-0.877574	0.465431	0.115053
52555	9.574512	-1.802518	2.954950	-0.842085	-0.810227	-0.266947	0.131352	0.020177	0.991130	0.466332	0.881009	-0.079738	-0.874804	0.472669	0.106313
52556	9.312840	-2.274831	2.791965	-0.662464	-0.704890	-0.270351	0.123910	0.021213	0.992067	0.472419	0.877936	-0.077778	-0.872621	0.478309	0.098763
52557	9.207800	-2.405124	2.626134	-0.460885	-0.638364	-0.239254	0.117197	0.022238	0.992860	0.476681	0.875795	-0.075884	-0.871229	0.482171	0.092040
