// General information: 
//  MT Manager version: 2022.2.0 
//  XDA version: 2022.2.0 build 7381 rev 124627 built on 2023-07-19
// Device information: 
//  DeviceId: 00B4CAF0
//  ProductCode: MTW2-3A7G6
//  Firmware Version: 4.6.0
//  Hardware Version: 2.0.0
// Device settings: 
//  Filter Profile: human(46.1)
//  Option Flags: Orientation Smoother Disabled, Position/Velocity Smoother Disabled, Continuous Zero Rotation Update Disabled, AHS Disabled, ICC Disabled
// Coordinate system: ENU
PacketCounter	Acc_X	Acc_Y	Acc_Z	Gyr_X	Gyr_Y	Gyr_Z	Mat[1][1]	Mat[2][1]	Mat[3][1]	Mat[1][2]	Mat[2][2]	Mat[3][2]	Mat[1][3]	Mat[2][3]	Mat[3][3]
50033	6.108401	-0.404154	8.165505	-0.034799	-0.099780	0.094952	0.582967	0.561751	0.587014	-0.719612	0.692425	0.052026	-0.377237	-0.452752	0.807903
50034	6.284640	-0.591225	8.036607	-0.000425	-0.068594	0.052595	0.582342	0.561777	0.587609	-0.719883	0.692168	0.051691	-0.377686	-0.453112	0.807492
50035	6.288340	-0.544227	8.121982	0.022469	-0.026875	0.017396	0.582127	0.561750	0.587848	-0.720035	0.692006	0.051744	-0.377727	-0.453393	0.807315
50036	6.442357	-0.091487	7.909059	0.055708	0.006305	-0.021533	0.582318	0.561602	0.587800	-0.720086	0.691911	0.052298	-0.377334	-0.453721	0.807314
50037	6.366635	0.867227	8.090762	0.069427	0.046470	-0.013368	0.582601	0.561695	0.587430	-0.720236	0.691709	0.052910	-0.376611	-0.453914	0.807543
50038	6.193679	1.190705	8.242565	0.038017	0.057530	0.016945	0.582708	0.562046	0.586989	-0.720444	0.691478	0.053096	-0.376047	-0.453832	0.807852
50039	6.160941	0.988500	8.262205	-0.000756	0.061325	0.050506	0.582587	0.562647	0.586533	-0.720701	0.691235	0.052767	-0.375743	-0.453456	0.808205
50040	6.051664	0.600861	8.327547	-0.038381	0.064330	0.067453	0.582355	0.563378	0.586062	-0.720916	0.691066	0.052039	-0.375690	-0.452806	0.808593
50041	5.976446	-0.157047	8.324298	-0.054076	0.058176	0.055383	0.582186	0.563998	0.585633	-0.721001	0.691036	0.051250	-0.375788	-0.452079	0.808954
50042	5.981003	-0.320750	8.292637	-0.026557	0.057136	0.028968	0.582204	0.564429	0.585200	-0.721036	0.691029	0.050843	-0.375693	-0.451551	0.809294
50043	5.882465	-0.005535	8.405500	-0.002359	0.058632	0.009084	0.582370	0.564731	0.584743	-0.721046	0.691026	0.050744	-0.375416	-0.451178	0.809630
50044	5.868469	0.057083	8.326935	0.001813	0.049444	0.000106	0.582568	0.564927	0.584356	-0.721020	0.691054	0.050736	-0.375160	-0.450890	0.809910
50045	5.971867	0.181875	8.376642	0.004459	0.045666	-0.004119	0.582780	0.565079	0.583997	-0.720978	0.691095	0.050769	-0.374909	-0.450636	0.810166
50046	5.942334	0.301446	8.415346	0.007972	0.042680	-0.002687	0.582972	0.565225	0.583664	-0.720959	0.691111	0.050826	-0.374649	-0.450428	0.810403
50047	5.879797	0.298250	8.487058	0.005913	0.035276	0.000189	0.583115	0.565360	0.583391	-0.720948	0.691121	0.050846	-0.374448	-0.450244	0.810598
50048	5.796571	0.195229	8.491084	0.005803	0.019126	-0.002923	0.583220	0.565398	0.583249	-0.720919	0.691149	0.050887	-0.374340	-0.450154	0.810698
50049	5.558957	-0.055385	8.507097	0.012100	-0.002981	-0.013989	0.583321	0.565263	0.583279	-0.720849	0.691211	0.051039	-0.374318	-0.450228	0.810667
50050	5.576084	-0.104399	8.507795	0.038683	-0.035136	-0.027158	0.583398	0.564890	0.583564	-0.720801	0.691227	0.051489	-0.374289	-0.450672	0.810433
50051	5.854002	0.105978	8.441363	0.054324	-0.054957	-0.043343	0.583516	0.564317	0.583999	-0.720717	0.691264	0.052154	-0.374266	-0.451331	0.810077
50052	6.016717	0.442358	8.358839	0.058271	-0.061234	-0.043099	0.583610	0.563715	0.584486	-0.720650	0.691281	0.052855	-0.374249	-0.452057	0.809680
50053	6.177064	0.550995	8.312991	0.047117	-0.056171	-0.036527	0.583675	0.563184	0.584934	-0.720579	0.691311	0.053422	-0.374285	-0.452673	0.809319
50054	6.214893	0.723555	8.244468	0.034732	-0.047589	-0.021856	0.583666	0.562790	0.585322	-0.720548	0.691314	0.053809	-0.374358	-0.453159	0.809014
50055	6.310475	0.994109	8.283407	0.006735	-0.033079	0.005341	0.583516	0.562652	0.585605	-0.720570	0.691291	0.053804	-0.374551	-0.453365	0.808809
50056	6.173140	0.789276	8.237741	-0.024287	-0.021613	0.038397	0.583170	0.562791	0.585814	-0.720669	0.691222	0.053360	-0.374897	-0.453296	0.808687
50057	6.097715	0.465739	8.256713	-0.033779	-0.015996	0.043699	0.582807	0.562996	0.585979	-0.720763	0.691167	0.052803	-0.375282	-0.453126	0.808604
50058	6.081057	0.238656	8.263125	-0.035057	-0.009742	0.043322	0.582471	0.563224	0.586095	-0.720850	0.691119	0.052243	-0.375636	-0.452917	0.808556
50059	6.011208	0.110169	8.256495	-0.023240	0.000327	0.038105	0.582209	0.563463	0.586125	-0.720951	0.691047	0.051804	-0.375850	-0.452728	0.808563
50060	6.100986	0.052925	8.219243	-0.003523	0.012888	0.023818	0.582098	0.563659	0.586047	-0.721042	0.690966	0.051614	-0.375846	-0.452609	0.808632
50061	5.977352	0.119693	8.257408	0.007115	0.024019	0.009562	0.582130	0.563808	0.585870	-0.721090	0.690918	0.051587	-0.375703	-0.452496	0.808761
50062	5.996464	0.175444	8.357014	0.014032	0.027169	-0.000560	0.582249	0.563900	0.585664	-0.721106	0.690894	0.051682	-0.375489	-0.452418	0.808904
50063	6.012046	0.351955	8.323206	0.021011	0.027619	-0.002167	0.582380	0.563985	0.585453	-0.721138	0.690849	0.051836	-0.375225	-0.452380	0.809048
50064	5.985145	0.563638	8.357556	0.012658	0.021002	0.000020	0.582471	0.564053	0.585297	-0.721152	0.690829	0.051916	-0.375057	-0.452327	0.809155
50065	5.913441	0.486639	8.380634	-0.002473	0.017231	0.015828	0.582433	0.564215	0.585178	-0.721201	0.690789	0.051775	-0.375023	-0.452186	0.809250
50066	5.921072	0.236333	8.349499	-0.003006	0.004412	0.013963	0.582361	0.564304	0.585164	-0.721237	0.690761	0.051646	-0.375064	-0.452119	0.809269
50067	5.953097	0.266645	8.319155	-0.000772	0.007668	0.015002	0.582293	0.564417	0.585122	-0.721287	0.690717	0.051524	-0.375073	-0.452043	0.809307
50068	5.990063	0.264726	8.299860	-0.000351	0.004346	0.013784	0.582222	0.564504	0.585108	-0.721332	0.690678	0.051418	-0.375096	-0.451994	0.809323
50069	5.968327	0.257555	8.290281	0.003669	0.006732	0.008983	0.582194	0.564572	0.585071	-0.721364	0.690649	0.051366	-0.375079	-0.451954	0.809354
50070	6.000418	0.335255	8.288495	0.001827	0.010302	0.006309	0.582200	0.564635	0.585005	-0.721374	0.690642	0.051322	-0.375051	-0.451887	0.809404
50071	5.977836	0.330036	8.338990	-0.003048	0.010840	0.009502	0.582183	0.564725	0.584935	-0.721383	0.690640	0.051213	-0.375058	-0.451777	0.809462
50072	6.078128	0.299607	8.261816	-0.001537	0.019294	0.008388	0.582208	0.564842	0.584797	-0.721393	0.690636	0.051129	-0.375003	-0.451636	0.809567
50073	6.088633	0.461357	8.248171	-0.005887	0.028936	0.009405	0.582259	0.565013	0.584580	-0.721391	0.690648	0.050997	-0.374925	-0.451405	0.809731
50074	5.956772	0.473974	8.458029	-0.022485	0.031852	0.016856	0.582270	0.565246	0.584345	-0.721371	0.690691	0.050694	-0.374947	-0.451047	0.809920
50075	5.993358	0.023779	8.374405	-0.027480	0.016246	0.016955	0.582220	0.565411	0.584235	-0.721332	0.690757	0.050343	-0.375100	-0.450738	0.810022
50076	6.007783	-0.031846	8.317478	0.007235	0.018870	0.000956	0.582296	0.565475	0.584097	-0.721331	0.690756	0.050374	-0.374983	-0.450660	0.810119
50077	6.018942	0.132074	8.303430	0.015556	0.014312	-0.013375	0.582457	0.565423	0.583987	-0.721277	0.690799	0.050549	-0.374836	-0.450659	0.810188
50078	5.995834	0.130015	8.354159	0.024892	0.016563	-0.018529	0.582666	0.565342	0.583857	-0.721229	0.690829	0.050836	-0.374606	-0.450715	0.810263
50079	5.941489	0.186909	8.372908	0.026383	0.017572	-0.027737	0.582942	0.565205	0.583714	-0.721132	0.690905	0.051182	-0.374362	-0.450771	0.810345
50080	6.079342	0.252938	8.333345	0.016582	0.021356	-0.029866	0.583250	0.565067	0.583539	-0.720986	0.691036	0.051468	-0.374163	-0.450742	0.810452
50081	6.019779	0.386013	8.310332	0.007617	0.036098	-0.026742	0.583589	0.565021	0.583246	-0.720824	0.691191	0.051656	-0.373947	-0.450563	0.810652
50082	5.903999	0.298126	8.314277	0.005641	0.033675	-0.032915	0.583965	0.564917	0.582970	-0.720619	0.691388	0.051871	-0.373755	-0.450390	0.810836
50083	5.949318	0.325721	8.315886	0.000508	0.033391	-0.024584	0.584278	0.564873	0.582699	-0.720443	0.691563	0.051989	-0.373606	-0.450177	0.811023
50084	5.951290	0.248404	8.300537	-0.000349	0.032596	-0.030235	0.584630	0.564783	0.582433	-0.720231	0.691772	0.052139	-0.373463	-0.449969	0.811205
50085	5.978018	0.056490	8.369019	0.001583	0.034017	-0.036600	0.585031	0.564658	0.582151	-0.719989	0.692010	0.052335	-0.373302	-0.449760	0.811395
50086	6.136333	0.125333	8.221732	0.014893	0.055298	-0.051352	0.585620	0.564524	0.581689	-0.719710	0.692269	0.052732	-0.372917	-0.449528	0.811700
50087	6.073921	0.493453	8.342508	0.021001	0.068879	-0.054908	0.586282	0.564429	0.581114	-0.719432	0.692523	0.053191	-0.372412	-0.449257	0.812082
50088	5.955208	0.546869	8.433413	0.004126	0.070957	-0.042346	0.586864	0.564427	0.580529	-0.719165	0.692780	0.053448	-0.372011	-0.448863	0.812484
50089	5.965001	0.496966	8.439297	-0.002949	0.061798	-0.035753	0.587361	0.564432	0.580020	-0.718910	0.693034	0.053601	-0.371719	-0.448466	0.812837
50090	5.939075	0.537466	8.460863	-0.018496	0.044697	-0.013966	0.587640	0.564508	0.579663	-0.718725	0.693232	0.053509	-0.371635	-0.448063	0.813097
50091	5.995423	0.586192	8.422485	-0.036595	0.028917	-0.005105	0.587795	0.564577	0.579439	-0.718525	0.693463	0.053210	-0.371778	-0.447618	0.813277
50092	5.971036	0.624148	8.502446	-0.046322	0.024535	0.018230	0.587768	0.564786	0.579263	-0.718426	0.693604	0.052705	-0.372012	-0.447136	0.813435
50093	6.002379	0.602936	8.444980	-0.060788	0.011779	0.032039	0.587593	0.565036	0.579197	-0.718353	0.693733	0.051995	-0.372429	-0.446619	0.813528
50094	5.996329	0.489721	8.409202	-0.066892	0.005691	0.043736	0.587312	0.565338	0.579187	-0.718327	0.693821	0.051174	-0.372921	-0.446101	0.813587
50095	5.954224	0.420962	8.360874	-0.075777	-0.006334	0.052091	0.586925	0.565646	0.579278	-0.718316	0.693902	0.050226	-0.373552	-0.445583	0.813581
50096	5.809406	0.198513	8.394573	-0.073639	-0.019226	0.050028	0.586507	0.565881	0.579473	-0.718300	0.693983	0.049314	-0.374239	-0.445159	0.813498
50097	5.863631	0.046104	8.378391	-0.051275	-0.025570	0.041056	0.586127	0.566027	0.579714	-0.718314	0.694017	0.048628	-0.374807	-0.444919	0.813367
50098	5.701781	0.188087	8.449573	-0.025259	-0.046562	0.029244	0.585754	0.565996	0.580121	-0.718357	0.694001	0.048230	-0.375307	-0.444985	0.813101
50099	5.995281	0.153647	8.390890	-0.029933	-0.077975	0.028951	0.585264	0.565825	0.580782	-0.718379	0.694008	0.047788	-0.376028	-0.445190	0.812655
50100	5.983164	0.305047	8.740418	0.000774	-0.085150	0.009680	0.584887	0.565486	0.581493	-0.718405	0.693987	0.047715	-0.376566	-0.445655	0.812151
50101	5.977890	-0.180231	8.608609	0.014973	-0.109449	-0.027062	0.584679	0.564785	0.582381	-0.718269	0.694111	0.047963	-0.377148	-0.446349	0.811500
50102	6.522564	-1.128884	7.924434	0.129647	-0.203690	-0.074638	0.584459	0.563329	0.584010	-0.718287	0.693988	0.049427	-0.377453	-0.448376	0.810240
50103	6.945513	5.896593	8.964388	0.138052	-0.629388	-0.329671	0.584451	0.558178	0.588943	-0.716849	0.695253	0.052446	-0.380191	-0.452835	0.806471
50104	9.529522	3.640948	6.456791	-0.468206	-0.945705	-0.656137	0.585510	0.549278	0.596214	-0.711175	0.701048	0.052548	-0.389111	-0.454780	0.801104
50105	11.414089	0.940978	5.719751	-0.438153	-0.968502	-1.026706	0.588971	0.537600	0.603407	-0.703386	0.708663	0.055181	-0.397947	-0.456928	0.795522
50106	11.490922	2.813320	6.044797	-0.063298	-0.899977	-1.312602	0.594555	0.524090	0.609782	-0.695329	0.715958	0.062620	-0.403760	-0.461231	0.790091
50107	10.195637	5.697441	6.654271	-0.153111	-0.868834	-1.414517	0.600799	0.509854	0.615702	-0.686214	0.724018	0.070056	-0.410061	-0.464593	0.784859
50108	8.580131	4.574645	6.126407	-0.512814	-0.925700	-1.422573	0.606658	0.495152	0.621925	-0.675463	0.733587	0.074828	-0.419185	-0.465482	0.779493
50109	8.010861	2.564990	5.735929	-0.587391	-0.972361	-1.403664	0.611945	0.480227	0.628415	-0.664380	0.743206	0.079019	-0.429095	-0.465861	0.773855
50110	7.466895	1.465037	5.694552	-0.377190	-0.943003	-1.294011	0.616404	0.466128	0.634642	-0.654761	0.751124	0.084263	-0.437417	-0.467479	0.768199
50111	6.643744	2.005202	5.841847	-0.045012	-0.876675	-1.085364	0.619620	0.453799	0.640420	-0.647815	0.756365	0.090818	-0.443178	-0.471146	0.762637
50112	5.305975	2.026933	5.815649	0.203983	-0.805794	-0.832907	0.621421	0.443640	0.645770	-0.643516	0.759171	0.097706	-0.446904	-0.476280	0.757255
50113	3.412291	0.615899	6.084314	0.511461	-0.719250	-0.650633	0.622390	0.435213	0.650554	-0.641718	0.759613	0.105764	-0.448139	-0.483299	0.752060
50114	1.230965	-0.573666	6.949372	0.855565	-0.525783	-0.552327	0.623594	0.428428	0.653896	-0.642064	0.757861	0.115765	-0.445965	-0.492033	0.747676
50115	0.001726	-0.228236	8.678328	1.087210	-0.185473	-0.475627	0.625837	0.423877	0.654718	-0.643870	0.754526	0.126973	-0.440181	-0.501018	0.745132
50116	0.366213	2.349053	10.677177	0.886522	0.292348	-0.321620	0.629196	0.422897	0.652127	-0.645682	0.751458	0.135666	-0.432673	-0.506428	0.745872
50117	4.998392	6.024814	14.416995	-0.187083	0.936263	0.263830	0.631530	0.429565	0.645480	-0.646502	0.751312	0.132534	-0.428025	-0.501004	0.752190
50118	0.712321	-6.141645	8.367417	-0.923256	1.290055	0.912571	0.631139	0.442776	0.636877	-0.648284	0.751934	0.119676	-0.425900	-0.488410	0.761620
50119	7.364218	-5.615765	8.059888	-0.482247	1.322126	1.436551	0.627383	0.459915	0.628386	-0.655245	0.747818	0.106872	-0.420767	-0.478797	0.770525
50120	11.053886	-1.859557	7.813748	-0.325833	1.468489	1.639442	0.622705	0.479058	0.618661	-0.664096	0.741701	0.094103	-0.413781	-0.469449	0.780002
50121	9.902818	0.490041	6.178764	-0.290897	1.458207	1.454891	0.618978	0.496559	0.608520	-0.671899	0.735993	0.082868	-0.406717	-0.460157	0.789200
50122	9.648827	2.087928	6.571237	-0.508029	1.174067	1.178100	0.615795	0.510526	0.600133	-0.677080	0.732409	0.071698	-0.402939	-0.450489	0.796680
50123	8.237580	-1.763129	9.704384	-1.215761	1.102303	0.769261	0.615046	0.521022	0.591823	-0.676868	0.733866	0.057356	-0.404435	-0.435863	0.804025
50124	5.215430	-11.837011	11.496436	-0.466402	1.170597	0.202598	0.618397	0.527528	0.582494	-0.676205	0.734849	0.052378	-0.400415	-0.426276	0.811146
50125	-0.382185	-2.757769	13.456952	-0.075148	0.427975	-0.004046	0.620142	0.529290	0.579031	-0.675842	0.735227	0.051758	-0.398324	-0.423431	0.813661
50126	2.226026	1.829995	10.810584	0.031571	0.233716	-0.066762	0.621533	0.529759	0.577107	-0.675517	0.735482	0.052378	-0.396704	-0.422401	0.814987
50127	6.568041	1.220317	8.905616	0.089841	0.053289	-0.020345	0.621890	0.529811	0.576675	-0.675710	0.735246	0.053194	-0.395815	-0.422746	0.815240
50128	6.178208	2.820351	8.492751	0.005899	-0.026330	0.068858	0.621331	0.530178	0.576940	-0.676126	0.734890	0.052822	-0.395982	-0.422904	0.815077
50129	5.449309	2.505609	8.638657	-0.103579	-0.083192	0.163160	0.619906	0.531001	0.577715	-0.676691	0.734499	0.051004	-0.397248	-0.422552	0.814643
50130	5.588789	1.014395	8.553945	-0.128456	-0.128713	0.218006	0.617929	0.532029	0.578886	-0.677493	0.733917	0.048674	-0.398958	-0.422268	0.813954
50131	5.994912	0.399321	8.221813	-0.116977	-0.127927	0.223062	0.615914	0.533102	0.580045	-0.678365	0.733259	0.046398	-0.400588	-0.422060	0.813262
50132	6.418838	-0.704188	7.717374	-0.120544	-0.072646	0.209320	0.614213	0.534301	0.580745	-0.679133	0.732685	0.044181	-0.401897	-0.421539	0.812886
50133	6.634023	-1.688391	7.482082	-0.081381	0.009908	0.155373	0.613206	0.535457	0.580745	-0.679723	0.732232	0.042585	-0.402438	-0.420859	0.812971
50134	6.315856	-1.391606	7.851793	-0.022760	0.096729	0.071843	0.613117	0.536362	0.580003	-0.680036	0.731977	0.041960	-0.402043	-0.420149	0.813533
50135	6.016522	-0.927884	8.127738	0.015310	0.145786	-0.000071	0.613712	0.536949	0.578830	-0.680060	0.731950	0.042052	-0.401094	-0.419446	0.814364
50136	6.208399	0.217412	8.207530	0.044509	0.173200	-0.041680	0.614700	0.537342	0.577415	-0.679946	0.732022	0.042633	-0.399772	-0.418817	0.815337
50137	5.958037	1.134684	8.529068	0.032674	0.188024	-0.037783	0.615715	0.537828	0.575878	-0.679807	0.732124	0.043083	-0.398443	-0.418013	0.816400
50138	5.380269	1.418705	8.849037	0.005465	0.144614	0.007145	0.616253	0.538456	0.574714	-0.679837	0.732098	0.043064	-0.397559	-0.417250	0.817220
50139	5.398558	1.389212	8.875307	-0.044325	0.066800	0.081008	0.615976	0.539304	0.574216	-0.680123	0.731882	0.042202	-0.397499	-0.416534	0.817615
50140	5.749674	1.322139	8.606396	-0.125963	0.022329	0.146907	0.615077	0.540444	0.574109	-0.680491	0.731647	0.040306	-0.398262	-0.415467	0.817786
50141	5.903134	0.083809	8.492823	-0.183844	0.010391	0.180419	0.613899	0.541783	0.574107	-0.680830	0.731469	0.037733	-0.399498	-0.414034	0.817910
50142	5.800028	-0.309447	8.487788	-0.160466	0.007515	0.176474	0.612738	0.543077	0.574125	-0.681234	0.731210	0.035385	-0.400589	-0.412795	0.818003
50143	5.862812	-0.654861	8.345753	-0.135079	0.005621	0.153810	0.611721	0.544201	0.574145	-0.681597	0.730966	0.033363	-0.401524	-0.411745	0.818074
50144	5.835518	-0.737732	8.383912	-0.073525	0.005092	0.114084	0.610975	0.545028	0.574155	-0.681964	0.730682	0.032084	-0.402039	-0.411155	0.818118
50145	5.784073	-0.396700	8.426671	-0.033784	-0.011732	0.066910	0.610480	0.545445	0.574286	-0.682200	0.730492	0.031389	-0.402390	-0.410940	0.818053
50146	5.765144	-0.305324	8.516392	-0.010931	-0.015118	0.039612	0.610160	0.545644	0.574437	-0.682362	0.730355	0.031049	-0.402601	-0.410918	0.817960
50147	5.923213	-0.335035	8.448244	0.025428	-0.023905	0.022763	0.609917	0.545689	0.574652	-0.682566	0.730162	0.031092	-0.402623	-0.411202	0.817807
50148	6.095629	0.057543	8.305873	0.041156	-0.017579	-0.002998	0.609877	0.545567	0.574810	-0.682678	0.730044	0.031422	-0.402493	-0.411574	0.817683
50149	5.986019	0.162349	8.403864	0.037439	-0.007177	-0.016307	0.609968	0.545395	0.574877	-0.682692	0.730015	0.031788	-0.402331	-0.411853	0.817622
50150	5.961938	0.055313	8.411654	0.042136	-0.003302	-0.023269	0.610125	0.545184	0.574911	-0.682684	0.730002	0.032243	-0.402108	-0.412154	0.817580
50151	6.078330	0.409594	8.348156	0.049214	0.005399	-0.021793	0.610303	0.545024	0.574873	-0.682712	0.729954	0.032736	-0.401789	-0.412451	0.817588
50152	6.000126	0.502714	8.387980	0.014984	0.014513	-0.015805	0.610481	0.544940	0.574764	-0.682640	0.730013	0.032926	-0.401642	-0.412457	0.817657
50153	5.892629	0.228427	8.383869	0.017465	0.021647	-0.007844	0.610629	0.544949	0.574597	-0.682625	0.730020	0.033079	-0.401441	-0.412434	0.817767
50154	5.917742	0.399648	8.447399	0.008661	0.024851	-0.008679	0.610799	0.544960	0.574406	-0.682571	0.730066	0.033177	-0.401274	-0.412337	0.817898
50155	5.836209	0.144448	8.434469	-0.000747	0.023141	-0.011353	0.610978	0.544950	0.574226	-0.682462	0.730167	0.033201	-0.401188	-0.412173	0.818023
50156	5.764271	-0.038226	8.412343	0.012156	0.018901	-0.019313	0.611197	0.544859	0.574080	-0.682357	0.730256	0.033388	-0.401034	-0.412134	0.818118
50157	5.678098	-0.063438	8.431027	0.026417	0.008370	-0.027074	0.611423	0.544672	0.574016	-0.682260	0.730331	0.033725	-0.400852	-0.412248	0.818150
50158	5.597769	-0.120289	8.518454	0.041354	-0.009761	-0.032383	0.611616	0.544368	0.574099	-0.682192	0.730371	0.034226	-0.400674	-0.412579	0.818070
50159	5.630902	-0.229495	8.417190	0.062938	-0.031287	-0.046209	0.611814	0.543878	0.574352	-0.682125	0.730399	0.034971	-0.400486	-0.413176	0.817861
50160	5.831078	0.098231	8.322432	0.083189	-0.040583	-0.056591	0.612048	0.543269	0.574679	-0.682076	0.730397	0.035953	-0.400211	-0.413980	0.817589
50161	5.898700	0.278563	8.362594	0.073630	-0.038079	-0.042764	0.612196	0.542776	0.574987	-0.682072	0.730360	0.036766	-0.399992	-0.414691	0.817336
50162	5.970162	0.320631	8.371595	0.061410	-0.041433	-0.032338	0.612262	0.542340	0.575329	-0.682084	0.730315	0.037430	-0.399871	-0.415339	0.817065
50163	6.121588	0.422141	8.292892	0.042733	-0.033785	-0.022669	0.612289	0.542011	0.575609	-0.682079	0.730297	0.037875	-0.399837	-0.415801	0.816847
50164	6.032747	0.430776	8.299474	0.035024	-0.017176	-0.015796	0.612340	0.541796	0.575758	-0.682087	0.730271	0.038228	-0.399748	-0.416126	0.816726
50165	5.956680	0.477228	8.367292	0.022808	-0.005751	-0.006527	0.612369	0.541702	0.575815	-0.682101	0.730248	0.038417	-0.399678	-0.416290	0.816677
50166	5.731629	0.277136	8.441173	0.012530	-0.007511	-0.002404	0.612367	0.541625	0.575890	-0.682101	0.730244	0.038510	-0.399682	-0.416398	0.816619
50167	5.583387	0.033497	8.505716	0.026418	-0.027207	-0.008176	0.612322	0.541429	0.576122	-0.682119	0.730214	0.038738	-0.399719	-0.416704	0.816445
50168	5.687894	-0.043969	8.295893	0.046972	-0.038480	-0.015273	0.612283	0.541129	0.576445	-0.682178	0.730135	0.039186	-0.399678	-0.417231	0.816196
50169	4.918181	-0.216054	8.656985	0.059163	-0.082380	-0.034099	0.612194	0.540513	0.577117	-0.682169	0.730109	0.039830	-0.399829	-0.418075	0.815690
50170	5.232988	-0.472888	8.675339	0.115386	-0.144270	-0.048009	0.611956	0.539530	0.578288	-0.682301	0.729920	0.041025	-0.399969	-0.419672	0.814801
50171	6.013761	-0.051300	8.331398	0.168372	-0.163461	-0.075127	0.611823	0.538272	0.579600	-0.682478	0.729652	0.042795	-0.399871	-0.421747	0.813777
50172	6.503421	0.345436	8.129938	0.151413	-0.131985	-0.084803	0.611885	0.537067	0.580651	-0.682529	0.729503	0.044496	-0.399689	-0.423537	0.812936
50173	6.302523	0.546040	8.308810	0.133478	-0.097014	-0.083745	0.612077	0.536022	0.581414	-0.682513	0.729423	0.046031	-0.399422	-0.424997	0.812305
50174	6.326547	0.705347	8.282818	0.113218	-0.072934	-0.074531	0.612305	0.535140	0.581985	-0.682473	0.729375	0.047362	-0.399140	-0.426189	0.811819
50175	6.312805	0.814623	8.247796	0.077014	-0.053931	-0.055316	0.612476	0.534484	0.582409	-0.682405	0.729379	0.048273	-0.398996	-0.427005	0.811461
50176	6.123126	0.654176	8.352456	0.051114	-0.042044	-0.035511	0.612561	0.534017	0.582747	-0.682355	0.729385	0.048872	-0.398949	-0.427578	0.811183
50177	6.127027	0.463726	8.310677	0.040595	-0.033045	-0.019281	0.612569	0.533713	0.583018	-0.682363	0.729351	0.049278	-0.398925	-0.428016	0.810963
50178	6.015113	0.360349	8.328042	0.038710	-0.023501	-0.018289	0.612611	0.533450	0.583214	-0.682369	0.729318	0.049676	-0.398849	-0.428399	0.810798
50179	5.937197	0.198637	8.256849	0.039705	-0.018272	-0.013734	0.612640	0.533249	0.583368	-0.682407	0.729258	0.050043	-0.398740	-0.428752	0.810665
50180	5.973557	0.445737	8.304618	0.041860	-0.020912	-0.016206	0.612678	0.533013	0.583543	-0.682439	0.729200	0.050454	-0.398627	-0.429145	0.810513
50181	5.958853	0.455448	8.332909	0.027115	-0.022014	-0.006104	0.612640	0.532851	0.583731	-0.682473	0.729152	0.050674	-0.398628	-0.429425	0.810364
50182	5.934949	0.437078	8.341076	0.017986	-0.031065	0.003335	0.612504	0.532714	0.583999	-0.682529	0.729092	0.050777	-0.398739	-0.429698	0.810165
50183	5.979685	0.301933	8.290233	0.011852	-0.036872	0.007031	0.612317	0.532584	0.584314	-0.682583	0.729041	0.050797	-0.398935	-0.429946	0.809937
50184	5.903160	0.287536	8.347012	0.014412	-0.045085	0.003820	0.612122	0.532390	0.584695	-0.682628	0.728993	0.050869	-0.399157	-0.430267	0.809657
50185	5.789511	0.122236	8.413765	0.014734	-0.058825	0.000088	0.611894	0.532115	0.585184	-0.682651	0.728966	0.050952	-0.399467	-0.430653	0.809299
50186	5.783491	-0.006911	8.350795	0.022600	-0.073625	-0.019371	0.611743	0.531628	0.585783	-0.682587	0.729007	0.051226	-0.399807	-0.431185	0.808847
50187	5.846295	-0.099421	8.297560	0.033374	-0.075688	-0.037044	0.611701	0.531009	0.586389	-0.682457	0.729097	0.051677	-0.400093	-0.431796	0.808380
50188	5.815261	-0.094020	8.372502	0.047205	-0.083338	-0.055646	0.611758	0.530215	0.587047	-0.682270	0.729223	0.052362	-0.400325	-0.432558	0.807857
50189	5.917837	0.269935	8.385213	0.062362	-0.093598	-0.069913	0.611868	0.529277	0.587779	-0.682055	0.729360	0.053240	-0.400523	-0.433473	0.807268
50190	6.077840	0.838980	8.485066	0.044265	-0.104093	-0.060231	0.611872	0.528358	0.588600	-0.681828	0.729522	0.053930	-0.400903	-0.434322	0.806623
50191	6.172524	0.676461	8.360026	0.009800	-0.116372	-0.039194	0.611680	0.527544	0.589530	-0.681591	0.729723	0.054204	-0.401599	-0.434973	0.805926
50192	6.106949	0.376016	8.315254	0.005117	-0.116594	-0.028125	0.611414	0.526803	0.590467	-0.681404	0.729884	0.054389	-0.402321	-0.435601	0.805227
50193	6.056481	0.265765	8.338862	0.011586	-0.118560	-0.031983	0.611162	0.526030	0.591416	-0.681218	0.730039	0.054635	-0.403018	-0.436274	0.804513
50194	6.067722	0.223737	8.362020	0.015796	-0.114940	-0.041687	0.610993	0.525196	0.592332	-0.680991	0.730224	0.054987	-0.403656	-0.436969	0.803816
50195	6.048137	0.148288	8.355644	0.016315	-0.118138	-0.042840	0.610815	0.524344	0.593270	-0.680758	0.730415	0.055336	-0.404318	-0.437673	0.803100
50196	5.914759	0.161910	8.468126	0.022363	-0.132118	-0.056387	0.610675	0.523325	0.594313	-0.680469	0.730647	0.055828	-0.405017	-0.438504	0.802294
50197	6.041713	0.530631	8.485843	0.019524	-0.150545	-0.061413	0.610490	0.522193	0.595497	-0.680136	0.730920	0.056314	-0.405854	-0.439398	0.801381
50198	5.813615	0.667575	8.835143	-0.148892	-0.195073	-0.098551	0.610376	0.520587	0.597018	-0.678892	0.732123	0.055687	-0.408101	-0.439301	0.800293
50199	5.655430	-0.263706	8.502943	-0.032615	-0.222625	-0.116594	0.610264	0.518732	0.598745	-0.678010	0.732909	0.056088	-0.409731	-0.440184	0.798974
50200	5.709387	1.126732	8.836352	-0.026991	-0.320976	-0.066441	0.609406	0.516801	0.601283	-0.677458	0.733407	0.056249	-0.411916	-0.441623	0.797054
50201	5.899754	0.914774	8.626309	-0.067102	-0.380909	-0.022449	0.607991	0.514930	0.604313	-0.677007	0.733857	0.055815	-0.414739	-0.443059	0.794789
50202	5.627515	0.859345	8.827760	-0.067713	-0.456406	0.004735	0.606069	0.512909	0.607951	-0.676718	0.734168	0.055228	-0.418011	-0.444883	0.792052
50203	5.597669	0.594634	8.853142	-0.067656	-0.540905	0.045074	0.603500	0.510807	0.612262	-0.676669	0.734276	0.054383	-0.421790	-0.447119	0.788782
50204	5.627933	0.461812	8.970875	-0.057408	-0.648937	0.056400	0.600377	0.508281	0.617412	-0.676729	0.734282	0.053564	-0.426129	-0.449979	0.784814
50205	5.544024	0.239175	9.057326	-0.061289	-0.759404	0.052734	0.596772	0.505218	0.623392	-0.676744	0.734328	0.052723	-0.431138	-0.453341	0.780130
50206	5.649825	0.160478	9.060357	-0.062203	-0.881615	0.038718	0.592694	0.501459	0.630280	-0.676668	0.734452	0.051977	-0.436846	-0.457296	0.774626
50207	5.732311	0.303092	8.956487	-0.054120	-1.009707	0.037508	0.588004	0.497074	0.638098	-0.676614	0.734550	0.051288	-0.443221	-0.461903	0.768245
50208	5.760905	0.293034	8.998686	-0.060034	-1.147546	0.046452	0.582573	0.492056	0.646908	-0.676580	0.734634	0.050511	-0.450387	-0.467112	0.760893
50209	5.759545	0.119233	9.006865	-0.029911	-1.289577	0.036488	0.576474	0.486241	0.656694	-0.676618	0.734633	0.050014	-0.458110	-0.473163	0.752497
50210	5.761669	0.045492	9.098454	-0.015172	-1.452809	0.022863	0.569612	0.479456	0.667581	-0.676642	0.734631	0.049732	-0.466581	-0.480041	0.742875
50211	5.762599	-0.064383	9.123657	0.027012	-1.640165	-0.000131	0.561892	0.471498	0.679682	-0.676731	0.734538	0.049901	-0.475724	-0.488001	0.731807
50212	5.705319	-0.382376	9.430741	0.040203	-1.864153	-0.044503	0.553239	0.461960	0.693195	-0.676638	0.734584	0.050482	-0.485889	-0.496971	0.718980
50213	5.665633	-0.419851	9.671091	0.091218	-2.115207	-0.124703	0.543694	0.450406	0.708189	-0.676364	0.734731	0.051975	-0.496919	-0.507252	0.704107
50214	6.004337	-1.125289	9.867545	0.155124	-2.395237	-0.228538	0.533203	0.436405	0.724738	-0.675875	0.734985	0.054678	-0.508810	-0.518987	0.686852
50215	6.090872	-0.983650	10.122112	0.245445	-2.652453	-0.372285	0.522063	0.419712	0.742490	-0.675137	0.735326	0.059043	-0.521191	-0.532107	0.667250
50216	6.837809	-1.319938	10.229261	0.249385	-2.914607	-0.560056	0.510461	0.399850	0.761281	-0.673523	0.736314	0.064880	-0.534600	-0.545859	0.645168
50217	8.465041	-1.810450	10.303873	0.309244	-3.029394	-0.734918	0.499012	0.377672	0.779969	-0.671449	0.737498	0.072476	-0.547853	-0.559875	0.621608
50218	8.818390	-1.624212	9.373262	0.419668	-3.074795	-0.910448	0.488086	0.353484	0.798011	-0.669241	0.738484	0.082210	-0.560258	-0.574186	0.597010
50219	8.921391	-1.367151	8.628686	0.335975	-3.075163	-1.048248	0.477665	0.327866	0.815071	-0.666044	0.740142	0.092603	-0.572907	-0.587106	0.571913
50220	9.497448	-2.896716	7.809694	0.372886	-3.057852	-1.190098	0.467874	0.300873	0.831005	-0.662535	0.741708	0.104480	-0.584928	-0.599454	0.546365
50221	9.485077	-4.696640	6.527567	0.827666	-2.954131	-1.382044	0.459621	0.272694	0.845214	-0.660963	0.740688	0.120456	-0.593192	-0.614019	0.520677
50222	10.144036	-3.823856	6.641237	1.366039	-2.763790	-1.548639	0.453427	0.244015	0.857240	-0.661980	0.736220	0.140579	-0.596814	-0.631218	0.495355
50223	8.077093	-2.364433	6.893491	1.905359	-2.522061	-1.653850	0.449371	0.215732	0.866905	-0.665836	0.727847	0.164018	-0.595590	-0.650922	0.470715
50224	6.012421	0.755879	10.010898	2.077512	-2.152211	-1.653776	0.447657	0.189528	0.873889	-0.670708	0.717510	0.187963	-0.591400	-0.670268	0.448316
50225	10.246235	5.590746	13.045553	1.735010	-1.670868	-1.555495	0.448270	0.167106	0.878140	-0.673928	0.708563	0.209189	-0.587261	-0.685576	0.430245
50226	11.424486	7.330089	16.103067	0.275845	-0.687077	-1.103505	0.451656	0.154534	0.878707	-0.670544	0.708480	0.220063	-0.588539	-0.688604	0.423611
50227	4.826463	1.110773	12.317571	-0.702560	-0.032578	-0.866240	0.457244	0.148147	0.876915	-0.662418	0.714652	0.224666	-0.593406	-0.683611	0.424906
50228	2.369716	-2.993769	9.977537	-0.747912	0.349909	-0.847644	0.464913	0.144412	0.873500	-0.654018	0.721019	0.228892	-0.596755	-0.677699	0.429659
50229	1.852279	-3.895068	8.746688	-0.493842	0.543294	-0.879703	0.473888	0.141725	0.869105	-0.646902	0.725655	0.234397	-0.597451	-0.673304	0.435562
50230	3.199703	-2.944853	8.791780	-0.336188	0.775427	-0.801319	0.483682	0.141071	0.863800	-0.641018	0.729082	0.239866	-0.595943	-0.669730	0.443072
50231	4.182444	-2.576619	8.782028	-0.343342	1.078327	-0.597981	0.493919	0.143914	0.857515	-0.636017	0.732268	0.243445	-0.592896	-0.665637	0.453213
50232	4.438446	-2.664198	8.303470	-0.365219	1.401932	-0.309365	0.504167	0.150909	0.850319	-0.632275	0.735182	0.244409	-0.588256	-0.660858	0.466071
50233	4.312462	-2.499474	7.748092	-0.363218	1.673782	0.009149	0.513914	0.162010	0.842405	-0.630159	0.737601	0.242578	-0.582059	-0.655513	0.481155
50234	4.427773	-1.978986	7.238521	-0.369906	1.870755	0.311124	0.522781	0.176483	0.833999	-0.629591	0.739524	0.238159	-0.574731	-0.649583	0.497721
50235	4.762990	-1.616202	6.756799	-0.405906	2.035466	0.569655	0.530819	0.193873	0.825012	-0.630239	0.741135	0.231338	-0.566595	-0.642753	0.515595
50236	5.074674	-1.563742	6.236364	-0.417616	2.167322	0.749228	0.538281	0.213248	0.815340	-0.631855	0.742315	0.222998	-0.557685	-0.635212	0.534315
50237	5.289139	-1.222709	5.977460	-0.385649	2.270873	0.869025	0.545342	0.234057	0.804872	-0.634397	0.742848	0.213816	-0.547853	-0.627211	0.553592
50238	5.741843	-0.587361	6.115673	-0.382103	2.341903	0.981976	0.551812	0.255909	0.793734	-0.637670	0.742859	0.203808	-0.537476	-0.618604	0.573104
50239	6.424808	0.176357	6.307124	-0.428434	2.417093	1.091498	0.557705	0.278875	0.781789	-0.641411	0.742612	0.192663	-0.526837	-0.608897	0.593032
50240	7.088833	0.534416	6.259691	-0.520665	2.512501	1.183932	0.563198	0.302793	0.768846	-0.645291	0.742347	0.180335	-0.516146	-0.597694	0.613478
50241	7.190852	0.258575	5.996665	-0.575630	2.584724	1.231692	0.568436	0.327245	0.754845	-0.649287	0.741912	0.167308	-0.505278	-0.585215	0.634206
50242	7.179693	-0.068922	5.919754	-0.560254	2.607310	1.252829	0.573312	0.351593	0.740065	-0.653601	0.740939	0.154322	-0.494085	-0.572182	0.654590
50243	7.687375	-0.221773	6.103948	-0.500337	2.608179	1.279735	0.577660	0.375837	0.724607	-0.658491	0.739154	0.141569	-0.482389	-0.558926	0.674465
50244	8.504532	-0.234029	6.414504	-0.424782	2.623982	1.358043	0.581182	0.400318	0.708500	-0.664299	0.736266	0.128918	-0.470037	-0.545580	0.693835
50245	9.205673	-0.131882	6.740926	-0.367681	2.644272	1.507733	0.583381	0.425655	0.691726	-0.671342	0.732058	0.115716	-0.457129	-0.531892	0.712829
50246	9.732561	-0.071636	6.952354	-0.289705	2.672253	1.681458	0.584065	0.451916	0.674270	-0.679816	0.726238	0.102123	-0.443529	-0.518026	0.731389
50247	9.858073	0.238542	6.944400	-0.191395	2.685486	1.835228	0.583225	0.478919	0.656114	-0.689662	0.718711	0.088435	-0.429202	-0.504075	0.749463
50248	9.825016	0.717846	7.114382	-0.111717	2.665766	1.944607	0.580965	0.506033	0.637503	-0.700475	0.709726	0.074991	-0.414505	-0.490123	0.766789
50249	10.208627	1.333132	7.421509	-0.048896	2.630871	2.004754	0.577525	0.532887	0.618463	-0.711860	0.699583	0.061958	-0.399650	-0.476041	0.783368
50250	10.985320	2.057109	7.628079	-0.045938	2.600795	2.017086	0.573267	0.559056	0.599017	-0.723253	0.688822	0.049293	-0.385058	-0.461499	0.799218
50251	11.578029	3.012591	7.506530	-0.093056	2.560939	1.952548	0.568732	0.584037	0.579176	-0.734022	0.678118	0.036975	-0.371155	-0.446157	0.814363
50252	11.934553	4.430782	7.051368	-0.225596	2.481867	1.813042	0.564409	0.607089	0.559362	-0.743439	0.668345	0.024776	-0.358805	-0.429835	0.828553
50253	11.981616	5.825034	6.081715	-0.502811	2.320614	1.590119	0.560759	0.627433	0.540256	-0.750576	0.660679	0.011772	-0.349550	-0.412104	0.841418
50254	11.816404	5.962902	4.594578	-0.862946	2.072874	1.252532	0.558540	0.644003	0.522775	-0.754559	0.656228	-0.002221	-0.344490	-0.393224	0.852468
50255	11.674877	5.249618	3.029171	-1.121283	1.771733	0.791306	0.558668	0.655995	0.507505	-0.755097	0.655419	-0.015967	-0.343103	-0.374295	0.861501
50256	11.857378	4.384347	2.046034	-1.227911	1.460223	0.247039	0.561838	0.662929	0.494836	-0.752229	0.658313	-0.027855	-0.344223	-0.356581	0.868540
50257	12.290977	4.591707	1.086549	-1.194367	1.172285	-0.255987	0.567816	0.665321	0.484698	-0.746628	0.664209	-0.037064	-0.346600	-0.340844	0.873896
50258	11.929269	5.059300	0.061795	-1.150673	0.872498	-0.603445	0.575352	0.664180	0.477320	-0.739137	0.672098	-0.044267	-0.350208	-0.327336	0.877614
50259	10.985641	5.207479	-0.840473	-1.087085	0.499357	-0.717784	0.582400	0.660926	0.473273	-0.731115	0.680385	-0.050461	-0.355359	-0.316628	0.879469
50260	9.862183	3.366251	-1.355596	-0.872559	0.075402	-0.644756	0.587375	0.656728	0.472968	-0.724185	0.687400	-0.055113	-0.361313	-0.310144	0.879354
50261	9.063058	0.844188	-0.924646	-0.290151	-0.326144	-0.507260	0.589862	0.652205	0.476120	-0.720111	0.691652	-0.055307	-0.365381	-0.310236	0.877639
50262	7.997995	-2.583698	1.406387	0.399007	-0.630624	-0.305300	0.589766	0.648090	0.481826	-0.719736	0.692418	-0.050377	-0.366273	-0.317077	0.874818
50263	3.870093	2.249487	4.139012	1.848534	-1.220093	-0.523369	0.589119	0.640462	0.492694	-0.723330	0.689772	-0.031754	-0.360184	-0.337674	0.869623
50264	3.533155	-1.968589	11.128645	0.867145	-1.213302	-0.259798	0.586637	0.634466	0.503299	-0.724897	0.688474	-0.022972	-0.361083	-0.351363	0.863807
50265	3.648988	-4.944865	11.815424	1.427960	-1.006158	-0.318155	0.585346	0.628648	0.512027	-0.728123	0.685386	-0.009107	-0.356661	-0.367488	0.858921
50266	0.436323	-2.427250	8.343601	1.622519	-1.157111	-0.529246	0.585122	0.620644	0.521952	-0.730739	0.682616	0.007491	-0.351644	-0.385794	0.852942
50267	0.149687	5.465790	10.031761	1.873264	-1.704465	-0.772549	0.584821	0.608592	0.536284	-0.732739	0.679957	0.027418	-0.347963	-0.408991	0.843592
50268	12.365218	8.681203	10.727591	0.441545	-2.235143	-0.319097	0.579284	0.597070	0.554921	-0.732407	0.680075	0.032832	-0.357785	-0.425447	0.831255
50269	27.198732	-7.487013	9.317396	0.605664	-1.989891	-1.085779	0.580032	0.581026	0.570939	-0.728269	0.683884	0.043901	-0.364949	-0.441261	0.819818
50270	19.645935	22.220763	23.812485	0.730646	0.564723	-0.082902	0.582686	0.582930	0.566277	-0.730389	0.681173	0.050349	-0.356383	-0.442940	0.822676
50271	1.057737	-5.743450	0.582724	0.553184	-0.675392	-0.166624	0.581506	0.578758	0.571743	-0.731357	0.679709	0.055797	-0.356326	-0.450595	0.818533
50272	7.198827	4.289021	10.800403	-1.048962	0.214142	0.142058	0.581252	0.580655	0.570075	-0.728378	0.683605	0.046368	-0.362783	-0.442181	0.820283
50273	6.745103	1.053275	9.464285	0.562157	-0.211327	-0.078765	0.581072	0.579157	0.571781	-0.729918	0.681601	0.051385	-0.359967	-0.447211	0.818796
50274	5.536945	0.134644	7.450267	-0.109624	-0.122270	0.029940	0.580425	0.578787	0.572811	-0.729663	0.681955	0.050293	-0.361523	-0.447150	0.818143
50275	6.437508	-0.179605	8.060803	-0.031961	-0.070555	0.015431	0.580066	0.578555	0.573409	-0.729603	0.682048	0.049903	-0.362221	-0.447308	0.817748
50276	6.083535	-0.508577	8.194859	0.053101	-0.038673	-0.022872	0.580105	0.578199	0.573728	-0.729629	0.681980	0.050445	-0.362103	-0.447872	0.817491
50277	6.388689	0.322129	8.209485	0.095783	-0.012632	-0.038403	0.580348	0.577860	0.573824	-0.729719	0.681812	0.051408	-0.361533	-0.448565	0.817363
50278	6.299612	1.968776	8.522762	0.061978	0.003425	-0.001362	0.580383	0.577839	0.573810	-0.729902	0.681579	0.051899	-0.361107	-0.448946	0.817343
50279	5.807329	1.687100	8.794399	-0.038151	-0.017051	0.076955	0.579768	0.578265	0.574002	-0.730176	0.681345	0.051106	-0.361540	-0.448752	0.817258
50280	5.894785	1.197808	8.570436	-0.086765	-0.032675	0.141352	0.578631	0.579054	0.574354	-0.730648	0.680953	0.049562	-0.362409	-0.448329	0.817105
50281	5.903540	0.664527	8.475323	-0.143948	-0.040044	0.161622	0.577312	0.579954	0.574773	-0.731025	0.680701	0.047419	-0.363748	-0.447549	0.816938
50282	5.844118	0.017917	8.352825	-0.142983	-0.035096	0.171684	0.575942	0.580938	0.575153	-0.731461	0.680381	0.045240	-0.365041	-0.446758	0.816794
50283	5.790518	-0.423876	8.379198	-0.116743	-0.034824	0.146311	0.574753	0.581757	0.575516	-0.731842	0.680091	0.043406	-0.366151	-0.446134	0.816638
50284	5.992201	-0.594461	8.288425	-0.082778	-0.029259	0.121078	0.573772	0.582422	0.575821	-0.732201	0.679792	0.042010	-0.366971	-0.445721	0.816496
50285	5.774888	-0.922982	8.296360	-0.023114	-0.021674	0.058594	0.573272	0.582703	0.576035	-0.732418	0.679593	0.041444	-0.367320	-0.445657	0.816373
50286	5.863224	-0.900446	8.275935	0.059593	-0.027604	-0.015272	0.573295	0.582449	0.576269	-0.732516	0.679454	0.041995	-0.367088	-0.446202	0.816181
50287	5.945432	-0.075660	8.309108	0.104127	-0.021208	-0.062560	0.573684	0.581909	0.576428	-0.732504	0.679392	0.043165	-0.366503	-0.446999	0.816007
50288	5.930101	0.119103	8.408449	0.102443	-0.032113	-0.086788	0.574215	0.581148	0.576667	-0.732348	0.679476	0.044478	-0.365983	-0.447861	0.815768
50289	6.115799	0.495222	8.323397	0.110429	-0.011355	-0.070086	0.574694	0.580600	0.576741	-0.732315	0.679428	0.045742	-0.365296	-0.448644	0.815646
50290	6.012794	0.883741	8.481309	0.073068	-0.011189	-0.054768	0.575067	0.580151	0.576821	-0.732234	0.679455	0.046631	-0.364871	-0.449184	0.815538
50291	5.919832	0.809782	8.492378	0.043873	-0.007777	-0.027787	0.575250	0.579906	0.576885	-0.732200	0.679459	0.047108	-0.364651	-0.449494	0.815466
50292	5.861202	0.591816	8.461418	0.015789	-0.015750	-0.017187	0.575332	0.579692	0.577019	-0.732126	0.679524	0.047313	-0.364672	-0.449671	0.815359
50293	5.585895	0.270592	8.480945	0.017968	-0.022659	-0.015665	0.575372	0.579462	0.577210	-0.732067	0.679574	0.047509	-0.364727	-0.449891	0.815213
50294	5.309969	-0.044359	8.619134	0.024688	-0.052850	-0.015846	0.575308	0.579090	0.577647	-0.732033	0.679592	0.047779	-0.364896	-0.450344	0.814887
50295	5.714424	-0.225561	8.422472	0.045732	-0.093206	-0.028405	0.575183	0.578456	0.578405	-0.732002	0.679590	0.048275	-0.365154	-0.451161	0.814320
50296	5.964026	0.147884	8.323062	0.067094	-0.087379	-0.034015	0.575126	0.577803	0.579114	-0.732018	0.679521	0.048995	-0.365211	-0.452101	0.813773
50297	5.938709	0.122178	8.289056	0.056027	-0.084922	-0.044850	0.575152	0.577094	0.579796	-0.731931	0.679566	0.049669	-0.365346	-0.452938	0.813246
50298	5.930805	0.232366	8.368416	0.062601	-0.075738	-0.036404	0.575155	0.576476	0.580408	-0.731917	0.679530	0.050366	-0.365369	-0.453779	0.812767
50299	5.971987	0.146480	8.349278	0.059085	-0.076527	-0.041926	0.575189	0.575823	0.581021	-0.731858	0.679543	0.051049	-0.365433	-0.454587	0.812286
50300	5.928490	0.032268	8.230849	0.068370	-0.070219	-0.050939	0.575319	0.575130	0.581579	-0.731781	0.679562	0.051877	-0.365383	-0.455434	0.811834
50301	5.990201	0.223165	8.347668	0.076109	-0.059640	-0.067881	0.575605	0.574377	0.582040	-0.731634	0.679646	0.052848	-0.365226	-0.456260	0.811441
