// General information: 
//  MT Manager version: 2022.2.0 
//  XDA version: 2022.2.0 build 7381 rev 124627 built on 2023-07-19
// Device information: 
//  DeviceId: 00B4CBA7
//  ProductCode: MTW2-3A7G6
//  Firmware Version: 4.6.0
//  Hardware Version: 2.0.0
// Device settings: 
//  Filter Profile: human(46.1)
//  Option Flags: Orientation Smoother Disabled, Position/Velocity Smoother Disabled, Continuous Zero Rotation Update Disabled, AHS Disabled, ICC Disabled
// Coordinate system: ENU
PacketCounter	Acc_X	Acc_Y	Acc_Z	Gyr_X	Gyr_Y	Gyr_Z	Mat[1][1]	Mat[2][1]	Mat[3][1]	Mat[1][2]	Mat[2][2]	Mat[3][2]	Mat[1][3]	Mat[2][3]	Mat[3][3]
50033	9.006340	-1.354639	0.183789	-0.125767	0.468695	0.322113	-0.163606	0.060611	0.984662	0.360784	0.932646	0.002537	-0.918187	0.355665	-0.174454
50034	9.201143	-2.008856	-0.451668	0.025576	0.425881	0.314512	-0.158565	0.061993	0.985400	0.361049	0.932547	-0.000570	-0.918967	0.355687	-0.170252
50035	9.394072	-2.253090	-1.885742	0.182666	0.416187	0.297292	-0.153689	0.063224	0.986094	0.359663	0.933075	-0.003769	-0.920338	0.354082	-0.166143
50036	9.130600	-0.906460	-2.724531	0.332175	0.444918	0.273591	-0.148616	0.064174	0.986810	0.357010	0.934074	-0.006977	-0.922202	0.351264	-0.161729
50037	8.614978	0.392150	-2.952334	0.219037	0.468474	0.264343	-0.143374	0.064940	0.987536	0.355204	0.934736	-0.009898	-0.923728	0.349357	-0.157084
50038	8.880863	0.241519	-3.067157	0.107954	0.491741	0.241434	-0.137979	0.065445	0.988271	0.354540	0.934958	-0.012415	-0.924804	0.348669	-0.152207
50039	9.332232	-0.156479	-2.659634	0.131858	0.496021	0.207333	-0.132678	0.065597	0.988986	0.353430	0.935347	-0.014624	-0.926004	0.347597	-0.147284
50040	9.753704	-0.766410	-1.823445	0.206820	0.493875	0.184073	-0.127459	0.065570	0.989674	0.351748	0.935946	-0.016709	-0.927377	0.345986	-0.142359
50041	10.028588	-1.345828	-1.018945	0.280637	0.485701	0.167868	-0.122386	0.065409	0.990325	0.349182	0.936868	-0.018726	-0.929028	0.343512	-0.137500
50042	10.045244	-0.813917	0.085393	0.344248	0.467352	0.177750	-0.117429	0.065441	0.990923	0.346189	0.937932	-0.020917	-0.930787	0.340590	-0.132795
50043	9.701537	-0.416710	1.089404	0.213580	0.448160	0.192500	-0.112613	0.065669	0.991467	0.344250	0.938594	-0.023066	-0.932100	0.338715	-0.128304
50044	9.489486	-0.471750	1.546674	0.202395	0.378394	0.181743	-0.108466	0.066061	0.991903	0.342559	0.939161	-0.025089	-0.933214	0.337064	-0.124496
50045	9.492717	-0.669157	1.711181	0.278009	0.297168	0.176010	-0.105112	0.066661	0.992224	0.339981	0.940041	-0.027139	-0.934540	0.334485	-0.121473
50046	9.593093	-0.654587	1.710689	0.422558	0.197401	0.172121	-0.102689	0.067588	0.992415	0.336203	0.941333	-0.029321	-0.936174	0.330642	-0.119388
50047	9.844362	-0.255338	1.597245	0.507754	0.101149	0.176161	-0.101173	0.068861	0.992483	0.331455	0.942940	-0.031635	-0.938031	0.325763	-0.118225
50048	9.916907	0.087106	1.324156	0.434259	0.022676	0.188805	-0.100344	0.070533	0.992450	0.327565	0.944217	-0.033986	-0.939485	0.321681	-0.117850
50049	10.228317	-0.745697	0.764852	0.273447	-0.015703	0.183196	-0.099913	0.072259	0.992369	0.325009	0.945022	-0.036089	-0.940418	0.318923	-0.117904
50050	10.344965	-1.667636	-0.255313	0.314779	-0.028487	0.155236	-0.099683	0.073781	0.992280	0.322198	0.945911	-0.037966	-0.941410	0.315926	-0.118064
50051	10.126525	-1.159375	-1.208047	0.407603	-0.034945	0.123614	-0.099635	0.075006	0.992193	0.318312	0.947157	-0.039637	-0.942736	0.311877	-0.118245
50052	9.983503	-0.155862	-2.056328	0.281604	-0.005545	0.108693	-0.099348	0.076017	0.992145	0.315760	0.947952	-0.041013	-0.943624	0.309205	-0.118180
50053	9.885186	-0.384146	-2.987775	0.072844	0.045209	0.099023	-0.098627	0.076762	0.992159	0.315001	0.948160	-0.042045	-0.943953	0.308384	-0.117695
50054	9.737546	-0.775981	-3.682524	0.046074	0.100885	0.073090	-0.097450	0.077108	0.992249	0.314633	0.948248	-0.042788	-0.944198	0.308025	-0.116667
50055	9.593642	-0.590574	-3.599713	0.089315	0.145411	0.047168	-0.095935	0.077071	0.992399	0.313831	0.948490	-0.043323	-0.944620	0.307289	-0.115181
50056	9.696637	-0.184746	-3.036327	0.062059	0.182749	0.024615	-0.094136	0.076708	0.992600	0.313264	0.948665	-0.043603	-0.944989	0.306841	-0.113333
50057	9.726701	-0.497454	-2.168296	-0.034202	0.224979	0.008718	-0.092003	0.076047	0.992851	0.313425	0.948611	-0.043615	-0.945146	0.307171	-0.111110
50058	9.592472	-0.945203	-1.207383	-0.091740	0.233173	0.004386	-0.089791	0.075335	0.993107	0.314292	0.948328	-0.043522	-0.945070	0.308218	-0.108828
50059	9.551010	-1.028528	-0.423906	-0.102224	0.229162	-0.006757	-0.087667	0.074512	0.993359	0.315082	0.948076	-0.043308	-0.945007	0.309193	-0.106593
50060	9.376169	-1.058211	0.168351	-0.089685	0.220388	-0.013196	-0.085631	0.073668	0.993600	0.315914	0.947811	-0.043047	-0.944916	0.310206	-0.104435
50061	9.425349	-0.953483	0.348413	-0.067935	0.186233	-0.016201	-0.083943	0.072886	0.993801	0.316373	0.947670	-0.042780	-0.944914	0.310820	-0.102609
50062	9.674069	-0.861044	0.127361	-0.031220	0.154782	-0.018560	-0.082544	0.072193	0.993969	0.316649	0.947589	-0.042528	-0.944945	0.311228	-0.101078
50063	9.640179	-0.211383	-0.145004	-0.003389	0.119923	-0.017775	-0.081486	0.071601	0.994099	0.316496	0.947650	-0.042312	-0.945087	0.311181	-0.099882
50064	9.686176	0.341188	-0.096152	-0.079645	0.080899	-0.007673	-0.080751	0.071240	0.994185	0.317239	0.947410	-0.042121	-0.944901	0.311993	-0.099105
50065	9.714137	0.008078	-0.113448	-0.167686	0.049718	-0.000293	-0.080289	0.071045	0.994237	0.318819	0.946888	-0.041916	-0.944409	0.313616	-0.098675
50066	9.667973	-0.509231	-0.193500	-0.149089	0.030377	-0.003432	-0.080018	0.070881	0.994270	0.320221	0.946425	-0.041699	-0.943958	0.315049	-0.098429
50067	9.626432	-0.686239	-0.372252	-0.100499	0.000901	-0.005379	-0.080033	0.070791	0.994275	0.321161	0.946114	-0.041511	-0.943637	0.316001	-0.098456
50068	9.695155	-0.686515	-0.513920	-0.092683	-0.013062	-0.011738	-0.080199	0.070686	0.994269	0.322023	0.945832	-0.041267	-0.943329	0.316868	-0.098617
50069	9.617817	-0.720703	-0.668293	-0.070335	-0.022939	-0.015822	-0.080472	0.070572	0.994255	0.322670	0.945623	-0.041004	-0.943084	0.317517	-0.098868
50070	9.508728	-0.493957	-0.688338	-0.020776	-0.031543	-0.024541	-0.080854	0.070404	0.994236	0.322843	0.945577	-0.040704	-0.942993	0.317691	-0.099183
50071	9.654252	-0.590145	-0.687662	-0.003006	-0.038469	-0.029494	-0.081317	0.070211	0.994212	0.322844	0.945591	-0.040372	-0.942953	0.317692	-0.099560
50072	9.629391	-0.807443	-1.057492	0.089429	-0.036157	-0.044782	-0.081808	0.069867	0.994196	0.321960	0.945909	-0.039981	-0.943212	0.316821	-0.099877
50073	9.355418	-0.524137	-0.866076	0.139416	-0.049834	-0.047824	-0.082437	0.069536	0.994167	0.320602	0.946386	-0.039609	-0.943620	0.315467	-0.100311
50074	9.740646	-1.098313	-0.579110	0.113815	-0.057101	-0.067846	-0.083198	0.069037	0.994139	0.319468	0.946794	-0.039013	-0.943938	0.314350	-0.100827
50075	10.320057	-1.811254	-0.391902	0.189760	-0.081511	-0.094685	-0.084275	0.068360	0.994095	0.317593	0.947456	-0.038229	-0.944475	0.312496	-0.101557
50076	9.778571	-0.787565	0.202669	0.200132	-0.099516	-0.104164	-0.085549	0.067647	0.994035	0.315611	0.948153	-0.037362	-0.945024	0.310532	-0.102464
50077	9.657783	-0.636806	0.331117	0.033834	-0.118694	-0.103405	-0.087013	0.066984	0.993953	0.315033	0.948385	-0.036334	-0.945084	0.309966	-0.103624
50078	9.792546	-0.989038	0.256700	-0.010972	-0.142767	-0.110886	-0.088717	0.066339	0.993845	0.315035	0.948428	-0.035185	-0.944924	0.309975	-0.105040
50079	9.746551	-0.995110	0.049574	0.047661	-0.175005	-0.124886	-0.090767	0.065660	0.993705	0.314469	0.948660	-0.033960	-0.944918	0.309407	-0.106755
50080	9.704595	-0.755579	-0.329222	0.164535	-0.194441	-0.138419	-0.093043	0.064911	0.993544	0.312783	0.949261	-0.032726	-0.945256	0.307719	-0.108625
50081	9.433475	-0.414373	-0.625219	0.221708	-0.218860	-0.152156	-0.095601	0.064085	0.993355	0.310374	0.950095	-0.031423	-0.945795	0.305307	-0.110720
50082	9.507653	-0.173171	-0.858793	0.198450	-0.237915	-0.147503	-0.098312	0.063371	0.993136	0.308350	0.950795	-0.030145	-0.946179	0.303270	-0.113015
50083	9.701154	-0.378294	-1.177609	0.146212	-0.241737	-0.153601	-0.101086	0.062588	0.992907	0.306643	0.951390	-0.028752	-0.946442	0.301562	-0.115364
50084	9.769463	-0.811790	-1.596775	0.125417	-0.231714	-0.163530	-0.103784	0.061693	0.992685	0.305284	0.951872	-0.027239	-0.946589	0.300224	-0.117623
50085	9.874151	-1.095356	-2.175483	0.145169	-0.199917	-0.179852	-0.106237	0.060525	0.992497	0.303551	0.952471	-0.025592	-0.946874	0.298555	-0.119560
50086	9.720266	-0.907011	-2.709489	0.222326	-0.146387	-0.206405	-0.108252	0.058958	0.992374	0.301220	0.953258	-0.023776	-0.947390	0.296349	-0.120951
50087	9.590488	-0.194397	-2.709091	0.215744	-0.102871	-0.218435	-0.109895	0.057125	0.992300	0.298766	0.954076	-0.021836	-0.947978	0.294066	-0.121915
50088	10.015208	-0.026194	-2.611856	0.147599	-0.057907	-0.233457	-0.111144	0.055030	0.992280	0.297104	0.954643	-0.019665	-0.948354	0.292625	-0.122452
50089	10.113124	-0.030781	-2.326910	0.120937	-0.031073	-0.244660	-0.112176	0.052731	0.992288	0.295512	0.955181	-0.017352	-0.948730	0.291287	-0.122731
50090	10.117991	0.104022	-1.796764	0.130661	-0.023991	-0.240581	-0.113117	0.050466	0.992299	0.293997	0.955687	-0.015089	-0.949089	0.290026	-0.122942
50091	10.108843	0.921602	-0.965482	0.129366	-0.037728	-0.229585	-0.114161	0.048326	0.992286	0.292336	0.956228	-0.012937	-0.949477	0.288604	-0.123291
50092	9.810551	1.541936	-0.075869	0.001427	-0.076323	-0.191279	-0.115449	0.046681	0.992216	0.292098	0.956325	-0.011005	-0.949395	0.288554	-0.124042
50093	9.675229	1.336893	0.805620	-0.117658	-0.143470	-0.148372	-0.117256	0.045621	0.992053	0.292871	0.956106	-0.009352	-0.948935	0.289447	-0.125470
50094	9.895273	1.489391	1.614453	-0.156889	-0.251590	-0.093133	-0.119920	0.045424	0.991744	0.294244	0.955695	-0.008194	-0.948177	0.290832	-0.127973
50095	9.604299	1.849634	2.254581	-0.240321	-0.382050	-0.032320	-0.123647	0.046172	0.991252	0.296311	0.955062	-0.007525	-0.947054	0.292788	-0.131772
50096	9.644814	1.895083	2.662736	-0.328565	-0.531999	0.033849	-0.128584	0.048025	0.990535	0.299457	0.954081	-0.007384	-0.945405	0.295673	-0.137061
50097	9.741062	1.952211	2.716054	-0.409252	-0.674238	0.115272	-0.134614	0.051067	0.989581	0.303304	0.952861	-0.007914	-0.943338	0.299078	-0.143757
50098	9.837438	1.923491	2.231424	-0.469834	-0.811419	0.197392	-0.141659	0.055354	0.988367	0.307997	0.951343	-0.009136	-0.940782	0.303120	-0.151815
50099	10.226633	2.389052	1.537822	-0.543688	-0.944670	0.266180	-0.149715	0.060703	0.986864	0.313322	0.949585	-0.010877	-0.937771	0.307578	-0.161186
50100	10.449497	2.339750	0.563128	-0.767123	-1.018150	0.347861	-0.158144	0.067131	0.985131	0.321030	0.946980	-0.012996	-0.933772	0.314202	-0.171310
50101	10.491412	1.319725	-1.066178	-0.915638	-1.053711	0.409571	-0.166637	0.074285	0.983216	0.330056	0.943836	-0.015372	-0.929137	0.321955	-0.181796
50102	10.293962	0.335811	-2.552713	-0.897287	-1.040543	0.436332	-0.174826	0.081750	0.981200	0.339110	0.940576	-0.017945	-0.924359	0.329597	-0.192159
50103	10.569712	-0.235309	-3.362850	-0.806287	-1.018441	0.451997	-0.182681	0.089312	0.979107	0.347185	0.937567	-0.020746	-0.919832	0.336142	-0.202283
50104	10.184583	-0.332323	-4.007468	-0.678516	-1.064630	0.482465	-0.190764	0.097400	0.976792	0.354305	0.934821	-0.024021	-0.915465	0.341500	-0.212840
50105	9.246881	0.225187	-4.351502	-0.784104	-1.163071	0.590931	-0.199284	0.106846	0.974099	0.362449	0.931582	-0.028032	-0.910449	0.347475	-0.224376
50106	9.103393	-0.075986	-5.162750	-1.023912	-1.237309	0.679651	-0.208018	0.117477	0.971045	0.373115	0.927224	-0.032247	-0.904165	0.355603	-0.236712
50107	8.612236	0.030148	-5.982814	-1.076508	-1.312078	0.700547	-0.217209	0.128598	0.967617	0.384134	0.922560	-0.036380	-0.897363	0.363793	-0.249788
50108	8.253994	0.584974	-6.189425	-1.167728	-1.344794	0.680216	-0.226581	0.139773	0.963911	0.396070	0.917352	-0.039920	-0.889826	0.372731	-0.263215
50109	7.679936	-0.396527	-6.307037	-1.218794	-1.339922	0.645320	-0.235888	0.150650	0.960032	0.408192	0.911892	-0.042800	-0.881893	0.381782	-0.276599
50110	6.997185	-1.284293	-6.713755	-0.983183	-1.332776	0.584272	-0.245188	0.161064	0.956003	0.418224	0.907200	-0.045579	-0.874627	0.388648	-0.289795
50111	6.703006	-1.049540	-6.380430	-0.758722	-1.318325	0.467460	-0.254743	0.170367	0.951883	0.425837	0.903539	-0.047752	-0.868199	0.393182	-0.302718
50112	6.268075	-1.843272	-6.610549	-0.601620	-1.250583	0.302018	-0.264278	0.177994	0.947879	0.431817	0.900644	-0.048729	-0.862375	0.396432	-0.314881
50113	5.796478	-3.225537	-7.718303	-0.197239	-1.093342	0.107167	-0.273267	0.183207	0.944331	0.433635	0.899751	-0.049075	-0.858654	0.396084	-0.325317
50114	5.094476	-3.130121	-9.124268	0.310098	-0.813889	-0.093232	-0.280664	0.185539	0.941702	0.430705	0.901152	-0.049182	-0.857742	0.391792	-0.332834
50115	4.519304	-1.230914	-10.423029	0.751445	-0.425027	-0.285817	-0.285582	0.184523	0.940422	0.423272	0.904678	-0.048972	-0.859816	0.384069	-0.336463
50116	4.666475	1.996091	-9.709057	0.786319	0.043235	-0.407107	-0.286926	0.180632	0.940769	0.415322	0.908420	-0.047752	-0.863239	0.377020	-0.335670
50117	5.931363	2.177407	-8.769543	0.229874	0.497239	-0.472509	-0.284632	0.174380	0.942643	0.411812	0.910205	-0.044033	-0.865676	0.375658	-0.330885
50118	7.772110	-0.315860	-7.374074	-0.138231	0.903701	-0.556712	-0.279101	0.165869	0.945828	0.411430	0.910637	-0.038291	-0.867657	0.378455	-0.322403
50119	8.867558	-3.066751	-5.979210	0.057340	1.215537	-0.657361	-0.271279	0.155189	0.949908	0.408949	0.911989	-0.032205	-0.871303	0.379727	-0.310867
50120	9.800273	-3.212865	-3.433092	0.268753	1.274613	-0.646974	-0.262785	0.144410	0.953986	0.404863	0.913984	-0.026831	-0.875802	0.379183	-0.298648
50121	11.100743	-3.949566	-1.580368	0.476984	1.172658	-0.605142	-0.254965	0.134364	0.957569	0.398933	0.916706	-0.022409	-0.880821	0.376292	-0.287330
50122	11.623054	-2.513260	-0.124586	0.624491	0.964114	-0.500915	-0.248438	0.126123	0.960402	0.392146	0.919700	-0.019336	-0.885720	0.371814	-0.277947
50123	11.822194	0.197366	0.915225	0.539833	0.733656	-0.263329	-0.242993	0.120911	0.962463	0.386533	0.922095	-0.018252	-0.889689	0.367588	-0.270798
50124	12.817070	3.043106	3.278428	-0.064623	0.733080	-0.001626	-0.236479	0.118161	0.964425	0.387095	0.921864	-0.018030	-0.891199	0.369060	-0.263741
50125	16.063084	2.220741	3.822977	-0.368272	0.841233	0.252979	-0.228033	0.117295	0.966562	0.390793	0.920273	-0.019481	-0.891786	0.373283	-0.255691
50126	13.462406	5.247243	4.723104	-0.342445	0.878118	0.180608	-0.219498	0.115624	0.968737	0.394243	0.918781	-0.020333	-0.892408	0.377455	-0.247255
50127	10.933653	3.653729	2.293788	-0.326687	0.706518	0.213756	-0.212380	0.114833	0.970416	0.397451	0.917370	-0.021572	-0.892708	0.381111	-0.240471
50128	9.158435	2.282987	-0.072671	-0.039688	0.449948	0.251544	-0.207369	0.115388	0.971434	0.398325	0.916933	-0.023885	-0.893496	0.381994	-0.236105
50129	8.715210	1.860331	-2.008156	0.254142	0.290690	0.283581	-0.203675	0.116807	0.972046	0.396466	0.917646	-0.027198	-0.895171	0.379844	-0.233211
50130	8.923640	2.029570	-2.733959	0.216969	0.267347	0.288355	-0.200146	0.118405	0.972585	0.395097	0.918134	-0.030470	-0.896571	0.378167	-0.230543
50131	8.766624	0.059341	-2.668203	-0.010155	0.339078	0.288181	-0.196000	0.119693	0.973272	0.395590	0.917826	-0.033209	-0.897269	0.378508	-0.227243
50132	8.580824	-2.276390	-2.929256	-0.194034	0.392963	0.286487	-0.191345	0.120794	0.974062	0.397879	0.916750	-0.035527	-0.897262	0.380761	-0.223477
50133	8.536487	-4.471045	-3.266639	-0.132188	0.436374	0.268312	-0.186394	0.121515	0.974931	0.399404	0.915995	-0.037809	-0.897627	0.382344	-0.219269
50134	8.847814	-5.713283	-3.478171	0.187315	0.483829	0.214955	-0.181198	0.121602	0.975900	0.398109	0.916454	-0.040277	-0.899265	0.381216	-0.214470
50135	9.329868	-5.164800	-3.998037	0.739997	0.545519	0.130051	-0.175802	0.120666	0.977002	0.391504	0.919168	-0.043075	-0.903227	0.374927	-0.208832
50136	9.637079	-2.026117	-3.420708	1.197935	0.579990	0.055587	-0.170340	0.118998	0.978174	0.380739	0.923535	-0.046049	-0.908858	0.364585	-0.202622
50137	10.113020	1.846489	-2.126151	1.234678	0.559959	0.040080	-0.165118	0.117294	0.979274	0.369380	0.927992	-0.048870	-0.914491	0.353655	-0.196554
50138	10.208909	4.759110	-0.782375	0.824365	0.537568	0.098794	-0.159837	0.116294	0.980269	0.361979	0.930768	-0.051400	-0.918381	0.346622	-0.190867
50139	10.070456	5.173280	-0.007552	0.200131	0.492121	0.179249	-0.154699	0.116196	0.981105	0.360251	0.931320	-0.053496	-0.919939	0.345168	-0.185934
50140	9.918259	2.879958	0.491667	-0.339538	0.408818	0.246236	-0.150055	0.117034	0.981726	0.363743	0.929859	-0.055253	-0.919334	0.348805	-0.182100
50141	9.949316	-0.338560	0.427160	-0.447046	0.307460	0.267886	-0.146282	0.118378	0.982135	0.368079	0.928044	-0.057035	-0.918215	0.353160	-0.179328
50142	9.832993	-2.327597	0.369958	-0.272046	0.228428	0.267124	-0.143205	0.120009	0.982390	0.370957	0.926765	-0.059139	-0.917542	0.355955	-0.177236
50143	9.672975	-2.961136	0.211257	-0.005883	0.167615	0.250926	-0.140768	0.121673	0.982538	0.371199	0.926511	-0.061553	-0.917821	0.356053	-0.175588
50144	9.708178	-2.205362	0.181397	0.102130	0.122380	0.242487	-0.138752	0.123449	0.982603	0.370595	0.926581	-0.064080	-0.918372	0.355257	-0.174315
50145	9.723533	-1.215935	0.033411	0.021344	0.087718	0.239200	-0.137091	0.125291	0.982603	0.370562	0.926429	-0.066428	-0.918635	0.355008	-0.173433
50146	9.805839	-1.212900	-0.478718	-0.214554	0.098824	0.234242	-0.135320	0.127072	0.982620	0.372846	0.925375	-0.068324	-0.917973	0.357120	-0.172600
50147	9.866431	-2.562479	-1.502282	-0.236114	0.111604	0.205739	-0.133557	0.128513	0.982673	0.375122	0.924336	-0.069900	-0.917304	0.359287	-0.171659
50148	9.614820	-2.845669	-2.200188	-0.021777	0.115646	0.162676	-0.131892	0.129565	0.982760	0.375533	0.924053	-0.071427	-0.917376	0.359638	-0.170531
50149	9.740693	-2.000428	-2.554071	0.164888	0.121126	0.137022	-0.130298	0.130337	0.982871	0.374033	0.924537	-0.073016	-0.918217	0.358112	-0.169215
50150	9.984542	-1.476180	-2.957960	0.249882	0.161102	0.105863	-0.128430	0.130705	0.983068	0.371869	0.925296	-0.074442	-0.919358	0.356011	-0.167441
50151	9.724611	-0.813241	-2.953664	0.269098	0.202095	0.090735	-0.126265	0.130769	0.983340	0.369342	0.926202	-0.075745	-0.920676	0.353624	-0.165245
50152	9.687226	-0.598988	-2.613766	0.195842	0.224453	0.073559	-0.123933	0.130623	0.983656	0.367625	0.926801	-0.076755	-0.921679	0.352103	-0.162882
50153	9.666630	-1.054919	-2.439756	0.197965	0.251237	0.046804	-0.121476	0.130116	0.984029	0.365689	0.927505	-0.077499	-0.922776	0.350435	-0.160252
50154	9.543395	-1.116191	-1.702880	0.269596	0.254552	0.032506	-0.119014	0.129493	0.984412	0.363234	0.928409	-0.078212	-0.924065	0.348264	-0.157530
50155	9.607580	-0.934143	-0.766994	0.268454	0.234714	0.021150	-0.116798	0.128818	0.984766	0.360609	0.929382	-0.078803	-0.925375	0.345912	-0.155003
50156	9.674669	-0.973696	0.000401	0.212766	0.205356	0.030598	-0.114793	0.128358	0.985062	0.358670	0.930082	-0.079397	-0.926379	0.344198	-0.152805
50157	9.629594	-0.807613	0.623482	0.171093	0.144972	0.034934	-0.113355	0.128129	0.985258	0.356957	0.930692	-0.079965	-0.927218	0.342630	-0.151235
50158	9.546338	-0.413309	0.990002	0.081390	0.099849	0.042963	-0.112282	0.128151	0.985378	0.356246	0.930920	-0.080475	-0.927621	0.342001	-0.150179
50159	9.535733	-0.776930	0.435190	-0.012340	0.062169	0.053678	-0.111543	0.128382	0.985432	0.356254	0.930876	-0.080949	-0.927708	0.342034	-0.149569
50160	9.375514	-0.946618	-0.298476	0.019241	0.021657	0.060129	-0.111134	0.128832	0.985419	0.356138	0.930870	-0.081535	-0.927801	0.341883	-0.149334
50161	9.437799	-0.659923	-0.924917	0.016690	-0.021488	0.064022	-0.111111	0.129464	0.985339	0.356050	0.930849	-0.082155	-0.927838	0.341701	-0.149523
50162	9.735339	-0.567868	-1.723548	-0.022227	-0.019426	0.057091	-0.111094	0.130026	0.985267	0.356315	0.930703	-0.082649	-0.927738	0.341883	-0.149726
50163	9.575264	-0.950832	-2.086819	-0.065492	-0.015931	0.050521	-0.111067	0.130513	0.985206	0.356974	0.930418	-0.083012	-0.927488	0.342473	-0.149929
50164	9.489122	-0.895340	-2.137486	-0.028023	-0.017703	0.040102	-0.111095	0.130912	0.985150	0.357274	0.930275	-0.083330	-0.927369	0.342711	-0.150120
50165	9.508337	-0.445481	-1.626023	-0.052874	-0.022251	0.034340	-0.111184	0.131270	0.985092	0.357799	0.930053	-0.083552	-0.927156	0.343175	-0.150375
50166	9.538325	-0.395465	-0.968626	-0.119823	-0.035022	0.031863	-0.111401	0.131651	0.985017	0.358940	0.929605	-0.083651	-0.926689	0.344243	-0.150814
50167	9.939802	-0.776906	-0.630074	-0.139500	-0.037974	0.027721	-0.111659	0.132002	0.984940	0.360259	0.929092	-0.083676	-0.926146	0.345491	-0.151297
50168	9.513767	-1.158422	-0.348752	-0.150449	-0.053150	0.025103	-0.112067	0.132384	0.984843	0.361676	0.928543	-0.083660	-0.925544	0.346818	-0.151939
50169	10.042893	-1.290849	-0.207094	-0.075797	-0.085113	-0.000060	-0.112860	0.132641	0.984718	0.362373	0.928285	-0.083507	-0.925175	0.347410	-0.152832
50170	10.403531	-1.072739	-0.352725	-0.124546	-0.039917	-0.022452	-0.113318	0.132536	0.984679	0.363495	0.927886	-0.083061	-0.924679	0.348514	-0.153322
50171	10.015374	-1.766478	-1.311414	-0.166267	-0.022963	-0.026206	-0.113630	0.132336	0.984670	0.364998	0.927345	-0.082511	-0.924048	0.350027	-0.153676
50172	9.653739	-1.743766	-2.319956	-0.184654	-0.031440	-0.034035	-0.114052	0.132095	0.984654	0.366660	0.926747	-0.081857	-0.923338	0.351698	-0.154131
50173	9.723147	-1.310461	-3.245210	-0.170094	-0.014211	-0.052402	-0.114403	0.131603	0.984679	0.368005	0.926285	-0.081043	-0.922759	0.353095	-0.154400
50174	9.669452	-0.708154	-3.237562	-0.196061	0.029020	-0.070017	-0.114400	0.130816	0.984784	0.369729	0.925688	-0.080015	-0.922070	0.354949	-0.154265
50175	9.616741	-0.797663	-2.991495	-0.245018	0.049675	-0.090028	-0.114305	0.129750	0.984936	0.371718	0.925002	-0.078715	-0.921282	0.357121	-0.153962
50176	9.584174	-0.799429	-2.406535	-0.228473	0.060217	-0.102905	-0.114141	0.128547	0.985113	0.373700	0.924322	-0.077315	-0.920500	0.359312	-0.153541
50177	9.549355	-0.407406	-1.471104	-0.243806	0.052110	-0.105212	-0.114084	0.127331	0.985277	0.375658	0.923648	-0.075869	-0.919710	0.361471	-0.153207
50178	9.528988	-0.502494	-0.833504	-0.333880	0.038800	-0.099695	-0.114111	0.126234	0.985415	0.378608	0.922567	-0.074341	-0.918496	0.364603	-0.153068
50179	9.353884	-0.528167	-0.407422	-0.342402	0.007770	-0.089193	-0.114407	0.125327	0.985497	0.381483	0.921496	-0.072901	-0.917268	0.367610	-0.153236
50180	9.231546	-0.530231	-0.123263	-0.324165	-0.038606	-0.077323	-0.115065	0.124722	0.985497	0.384361	0.920401	-0.071607	-0.915984	0.370548	-0.153844
50181	9.356855	-0.619544	0.013387	-0.269498	-0.099459	-0.076461	-0.116298	0.124331	0.985402	0.386575	0.919567	-0.070401	-0.914896	0.372744	-0.155007
50182	9.490992	-0.731886	0.138068	-0.211645	-0.163646	-0.071228	-0.118078	0.124253	0.985200	0.388422	0.918869	-0.069334	-0.913885	0.374487	-0.156761
50183	9.613026	-0.595295	0.514924	-0.176480	-0.233796	-0.055827	-0.120458	0.124559	0.984873	0.389803	0.918349	-0.068470	-0.912986	0.375659	-0.159176
50184	9.815174	-0.382900	1.206813	-0.232308	-0.311444	-0.030552	-0.123426	0.125416	0.984397	0.391880	0.917517	-0.067760	-0.911699	0.377402	-0.162394
50185	9.522830	0.020138	1.854588	-0.306134	-0.389606	-0.008304	-0.127034	0.126755	0.983766	0.394495	0.916442	-0.067139	-0.910075	0.379562	-0.166423
50186	9.126638	-0.432854	2.101353	-0.360291	-0.480745	0.000256	-0.131411	0.128553	0.982957	0.397765	0.915074	-0.066498	-0.908028	0.382248	-0.171385
50187	9.220338	-1.120283	1.604285	-0.291489	-0.584178	0.009248	-0.136698	0.130814	0.981938	0.400258	0.914019	-0.066045	-0.906149	0.384001	-0.177304
50188	9.358214	-1.238404	0.590046	-0.117686	-0.665437	0.025703	-0.142628	0.133569	0.980722	0.401354	0.913538	-0.066050	-0.904750	0.384197	-0.183905
50189	9.459584	-0.456387	-0.393982	0.035064	-0.726580	0.033656	-0.149087	0.136599	0.979343	0.400924	0.913701	-0.066410	-0.903899	0.382741	-0.190987
50190	9.564987	-0.098770	-1.108458	0.033032	-0.770072	0.035014	-0.155912	0.139826	0.977824	0.400673	0.913784	-0.066782	-0.902858	0.381375	-0.198494
50191	9.576652	-0.631903	-1.744926	0.022845	-0.800978	0.020869	-0.163080	0.142999	0.976195	0.400336	0.913916	-0.066997	-0.901740	0.379881	-0.206289
50192	9.601739	-0.728224	-2.004087	0.061694	-0.816738	0.014917	-0.170389	0.146195	0.974471	0.399799	0.914134	-0.067237	-0.900627	0.378136	-0.214207
50193	9.544322	-0.493488	-2.111191	-0.016886	-0.816108	0.012023	-0.177710	0.149317	0.972689	0.399808	0.914126	-0.067282	-0.899207	0.376932	-0.222148
50194	9.590331	-0.771488	-2.352993	-0.156678	-0.804050	0.018773	-0.184865	0.152485	0.970862	0.401242	0.913513	-0.067076	-0.897123	0.377151	-0.230060
50195	9.786280	-1.149926	-2.695616	-0.213062	-0.782668	0.005286	-0.191883	0.155415	0.969034	0.402997	0.912775	-0.066593	-0.894860	0.377740	-0.237778
50196	10.117313	-1.268129	-3.100134	-0.212393	-0.758559	-0.010868	-0.198714	0.158149	0.967213	0.404866	0.911995	-0.065941	-0.892522	0.378489	-0.245256
50197	10.172457	-1.050537	-3.412173	-0.169685	-0.733910	-0.029411	-0.205405	0.160586	0.965412	0.406154	0.911476	-0.065199	-0.890420	0.378714	-0.252444
50198	10.006620	-0.509065	-3.443738	-0.186653	-0.699583	-0.053320	-0.211852	0.162716	0.963661	0.407694	0.910861	-0.064173	-0.888203	0.379284	-0.259306
50199	10.136273	-0.591151	-2.969751	-0.298400	-0.654747	-0.044765	-0.217870	0.164722	0.961977	0.410082	0.909875	-0.062925	-0.885644	0.380780	-0.265784
50200	10.146129	-0.705905	-2.615774	-0.358818	-0.647688	-0.046349	-0.223796	0.166739	0.960267	0.413144	0.908588	-0.061480	-0.882738	0.382970	-0.272226
50201	9.836652	0.317375	-2.033381	-0.306413	-0.676081	-0.080652	-0.230118	0.168524	0.958460	0.415499	0.907624	-0.059827	-0.880004	0.384472	-0.278882
50202	9.736317	0.448464	-1.337255	-0.323859	-0.716268	-0.092000	-0.236803	0.170414	0.956495	0.418120	0.906538	-0.057998	-0.876983	0.386196	-0.285924
50203	10.077501	-0.269815	-1.221199	-0.272459	-0.772131	-0.110924	-0.244058	0.172315	0.954329	0.420075	0.905753	-0.056115	-0.874055	0.387195	-0.293441
50204	10.488705	0.194103	-1.240273	-0.119742	-0.827570	-0.110651	-0.251755	0.174480	0.951933	0.420837	0.905487	-0.054670	-0.871502	0.386845	-0.301389
50205	10.844216	1.420139	-0.789051	-0.180520	-0.883226	-0.093930	-0.259866	0.176964	0.949291	0.422003	0.905033	-0.053191	-0.868553	0.386781	-0.309866
50206	10.883087	1.158615	-0.540505	-0.426932	-0.926527	-0.062372	-0.268167	0.179958	0.946415	0.425527	0.903495	-0.051224	-0.864299	0.388988	-0.318865
50207	10.851117	0.445264	-0.488721	-0.474165	-0.997888	-0.039799	-0.276968	0.183406	0.943213	0.429343	0.901796	-0.049279	-0.859624	0.391313	-0.328512
50208	10.743046	0.960995	-0.016261	-0.427714	-1.094335	-0.031027	-0.286491	0.187384	0.939580	0.432911	0.900183	-0.047526	-0.854699	0.393139	-0.339015
50209	10.579057	1.376009	0.706649	-0.494430	-1.198401	-0.014161	-0.296792	0.191887	0.935465	0.436919	0.898342	-0.045653	-0.849127	0.395173	-0.350460
50210	10.635257	0.707060	0.976859	-0.489842	-1.311131	0.013640	-0.307835	0.197168	0.930786	0.441093	0.896382	-0.043999	-0.843015	0.397019	-0.362908
50211	10.940522	0.625390	1.047333	-0.338961	-1.436011	0.024594	-0.319820	0.202992	0.925478	0.443855	0.895070	-0.042938	-0.837083	0.397045	-0.376360
50212	11.335966	1.187702	1.130331	-0.248984	-1.570787	0.048889	-0.332713	0.209623	0.919435	0.446078	0.893989	-0.042401	-0.830853	0.396032	-0.390950
50213	11.894520	1.235145	1.077167	-0.232199	-1.682780	0.081829	-0.346303	0.216901	0.912704	0.448114	0.892980	-0.042188	-0.824177	0.394386	-0.406438
50214	12.409150	1.097009	0.741082	-0.179956	-1.775866	0.119429	-0.360351	0.224916	0.905296	0.450000	0.892017	-0.042495	-0.817097	0.392070	-0.422651
50215	12.471826	0.988475	0.315995	-0.097901	-1.845121	0.168054	-0.374635	0.233506	0.897287	0.451251	0.891334	-0.043550	-0.809951	0.388586	-0.439294
50216	12.420002	0.680447	-0.368372	0.011669	-1.890386	0.220367	-0.388894	0.242737	0.888729	0.451984	0.890863	-0.045539	-0.802790	0.383982	-0.456165
50217	12.168405	-0.016387	-1.232334	0.104733	-1.896089	0.284457	-0.402795	0.252381	0.879807	0.452110	0.890642	-0.048503	-0.795834	0.378233	-0.472850
50218	11.798535	-0.842559	-2.356604	0.234272	-1.871248	0.365785	-0.415984	0.262618	0.870626	0.451736	0.890588	-0.052800	-0.789235	0.371329	-0.489104
50219	11.086826	-1.597361	-3.683942	0.375422	-1.816076	0.416369	-0.428418	0.272873	0.861393	0.450378	0.890937	-0.058235	-0.783338	0.363004	-0.504589
50220	10.362202	-2.232903	-5.005326	0.544769	-1.738976	0.456665	-0.439955	0.283138	0.852216	0.448091	0.891628	-0.064906	-0.778238	0.353315	-0.519148
50221	9.643755	-2.265718	-5.941381	0.684716	-1.644105	0.503075	-0.450504	0.293220	0.843248	0.444852	0.892646	-0.072736	-0.774049	0.342353	-0.532581
50222	9.166793	-1.887083	-6.878780	0.650173	-1.526995	0.546034	-0.459882	0.303211	0.834609	0.442301	0.893220	-0.080790	-0.769986	0.331995	-0.544886
50223	8.932409	-1.795604	-7.465856	0.436911	-1.400812	0.576129	-0.468129	0.312822	0.826437	0.441454	0.892964	-0.087946	-0.765489	0.323664	-0.556119
50224	8.698739	-1.754815	-7.391663	0.144565	-1.233319	0.542885	-0.475148	0.321592	0.819031	0.442894	0.891717	-0.093194	-0.760315	0.318463	-0.566129
50225	8.335416	-1.754043	-6.959143	-0.098617	-0.999176	0.449274	-0.480766	0.328637	0.812934	0.445622	0.890030	-0.096265	-0.755172	0.315981	-0.574344
50226	7.418113	-1.278799	-6.565199	-0.396788	-0.717051	0.323274	-0.484725	0.333746	0.808489	0.450151	0.887716	-0.096566	-0.749937	0.317134	-0.580534
50227	7.833580	-1.555072	-6.349864	-0.627112	-0.460309	0.209742	-0.487261	0.336946	0.805633	0.455691	0.885100	-0.094572	-0.744931	0.321038	-0.584818
50228	8.357027	-1.405514	-5.566514	-0.761981	-0.105324	0.101895	-0.487587	0.338154	0.804929	0.461831	0.882298	-0.090902	-0.740926	0.327418	-0.586367
50229	7.495857	-2.171307	-5.127298	-0.818812	0.252926	-0.010274	-0.485810	0.337098	0.806445	0.467672	0.879709	-0.085992	-0.738425	0.335376	-0.585022
50230	6.673792	-2.819297	-5.210117	-0.611369	0.572841	-0.105074	-0.482085	0.334198	0.809880	0.471660	0.878001	-0.081551	-0.738330	0.342673	-0.580900
50231	6.226759	-2.911312	-5.364060	-0.350647	0.846014	-0.193795	-0.476789	0.329448	0.814946	0.473159	0.877524	-0.077921	-0.740806	0.348447	-0.574275
50232	6.144342	-2.370151	-5.515500	-0.122728	1.079334	-0.285970	-0.470133	0.323118	0.821322	0.472700	0.878039	-0.074853	-0.745339	0.353048	-0.565532
50233	6.250103	-1.409430	-5.322200	-0.052439	1.302308	-0.363993	-0.462148	0.315170	0.828907	0.471231	0.879105	-0.071527	-0.751240	0.357551	-0.554794
50234	6.121229	-1.050480	-5.202467	-0.135446	1.529619	-0.421518	-0.452604	0.305914	0.837596	0.470308	0.879937	-0.067242	-0.757602	0.363494	-0.542136
50235	5.965054	-1.354005	-5.134597	-0.159367	1.740072	-0.451121	-0.441517	0.295441	0.847217	0.469340	0.880798	-0.062560	-0.764711	0.370012	-0.527550
50236	5.812414	-1.846010	-5.139424	-0.045093	1.924331	-0.463556	-0.428906	0.284143	0.857498	0.467654	0.881984	-0.058344	-0.772878	0.375988	-0.511169
50237	5.803738	-2.162924	-5.410030	0.209519	2.086917	-0.475125	-0.414921	0.271945	0.868266	0.463856	0.884185	-0.055267	-0.782738	0.379819	-0.493010
50238	5.917757	-1.724023	-5.551610	0.454758	2.228273	-0.494354	-0.399644	0.259047	0.879306	0.458242	0.887239	-0.053113	-0.793914	0.381708	-0.473286
50239	6.032962	-0.833404	-5.306711	0.518353	2.351189	-0.519561	-0.383235	0.245330	0.890474	0.451899	0.890617	-0.050885	-0.805555	0.382903	-0.452180
50240	6.018728	-0.306872	-4.926424	0.438900	2.476997	-0.533898	-0.365549	0.231023	0.901666	0.446325	0.893582	-0.048004	-0.816803	0.384888	-0.429760
50241	6.115612	-0.890982	-5.003594	0.397082	2.584752	-0.544494	-0.346734	0.216070	0.912737	0.440957	0.896415	-0.044693	-0.827848	0.386981	-0.406095
50242	6.424005	-1.600698	-5.158129	0.545475	2.683503	-0.538384	-0.326731	0.200805	0.923539	0.434584	0.899658	-0.041865	-0.839276	0.387677	-0.381213
50243	6.760747	-1.545803	-5.016168	0.758585	2.751313	-0.535172	-0.305797	0.185239	0.933903	0.426315	0.903705	-0.039657	-0.851319	0.386010	-0.355321
50244	7.065819	-1.590296	-5.068256	0.948958	2.814404	-0.546144	-0.283974	0.169442	0.943742	0.416555	0.908327	-0.037741	-0.863621	0.382403	-0.328523
50245	7.389123	-1.244595	-4.906322	1.126162	2.848688	-0.577271	-0.261579	0.153283	0.952933	0.405020	0.913608	-0.035780	-0.876091	0.376597	-0.301063
50246	7.823255	-0.726008	-4.468142	1.181103	2.855083	-0.613746	-0.238852	0.136966	0.961348	0.393056	0.918913	-0.033263	-0.887951	0.369919	-0.273319
50247	8.241305	-0.888693	-4.405532	1.168762	2.848072	-0.641670	-0.215896	0.120539	0.968948	0.380989	0.924091	-0.030069	-0.899020	0.362666	-0.245431
50248	8.537269	-1.138643	-4.460013	1.227295	2.825959	-0.671944	-0.192866	0.104142	0.975683	0.368509	0.929251	-0.026342	-0.909397	0.354468	-0.217599
50249	9.008776	-0.912803	-4.592941	1.254031	2.794643	-0.710177	-0.169890	0.087674	0.981555	0.355590	0.934385	-0.021914	-0.919072	0.345309	-0.189919
50250	9.477472	-0.058137	-4.171490	1.194219	2.740122	-0.729118	-0.147142	0.071469	0.986530	0.343401	0.939039	-0.016809	-0.927591	0.336302	-0.162715
50251	10.019833	0.800103	-3.719071	0.938933	2.649141	-0.718212	-0.124907	0.055834	0.990596	0.333516	0.942679	-0.011080	-0.934433	0.328996	-0.136369
50252	10.487772	1.422773	-3.035775	0.551865	2.516815	-0.663912	-0.103529	0.041302	0.993769	0.327583	0.944808	-0.005140	-0.939133	0.325010	-0.111344
50253	10.432459	1.486729	-1.954619	0.044838	2.345440	-0.583053	-0.083375	0.028109	0.996122	0.326452	0.945214	0.000651	-0.941529	0.325240	-0.087983
50254	10.035250	1.148213	-1.583946	-0.346969	2.130212	-0.480296	-0.064893	0.016567	0.997755	0.329360	0.944187	0.005744	-0.941972	0.328994	-0.066727
50255	9.510763	1.069774	-1.565828	-0.577966	1.880613	-0.348659	-0.048335	0.006988	0.998807	0.334442	0.942367	0.009592	-0.941176	0.334507	-0.047886
50256	9.193745	0.864090	-1.783822	-0.781155	1.602641	-0.151064	-0.033783	0.000110	0.999429	0.341723	0.939731	0.011448	-0.939193	0.341914	-0.031784
50257	8.491633	0.585946	-1.557165	-0.965187	1.298050	0.061476	-0.021389	-0.003856	0.999764	0.350630	0.936448	0.011113	-0.936270	0.350784	-0.018678
50258	7.380967	-0.307456	-2.399432	-0.954801	0.969053	0.195502	-0.011644	-0.005507	0.999917	0.359585	0.933066	0.009326	-0.933040	0.359664	-0.008884
50259	6.749797	-0.484978	-2.376709	-0.758903	0.620938	0.227505	-0.005025	-0.005684	0.999971	0.366515	0.930385	0.007130	-0.930399	0.366540	-0.002592
50260	6.447816	-1.846500	-3.005467	-0.490477	0.287675	0.176641	-0.001707	-0.005139	0.999985	0.371079	0.928586	0.005405	-0.928600	0.371083	0.000322
50261	6.226227	-2.282360	-3.640815	0.096134	-0.004713	0.081070	-0.001446	-0.004408	0.999989	0.370190	0.928945	0.004630	-0.928955	0.370193	0.000289
50262	6.195332	-1.316349	-4.069132	0.588241	-0.252116	-0.011568	-0.003840	-0.003625	0.999986	0.364718	0.931106	0.004776	-0.931110	0.364731	-0.002253
50263	8.021140	-0.307879	-3.209759	0.934772	-0.420035	-0.060994	-0.007975	-0.002719	0.999965	0.355833	0.934534	0.005379	-0.934515	0.355864	-0.006485
50264	9.348484	0.726210	-2.633844	1.147871	-0.445101	-0.108149	-0.012529	-0.002208	0.999919	0.345071	0.938555	0.006396	-0.938493	0.345124	-0.010997
50265	10.662235	2.773641	0.032582	1.043936	-0.270616	-0.116900	-0.015469	-0.002426	0.999877	0.335075	0.942162	0.007470	-0.942064	0.335150	-0.013762
50266	11.775197	2.239343	1.407554	0.563861	-0.000954	-0.070977	-0.015719	-0.003128	0.999872	0.329746	0.944035	0.008137	-0.943939	0.329832	-0.013808
50267	11.355250	0.645580	2.638699	0.435910	0.109735	-0.009300	-0.014711	-0.003617	0.999885	0.325463	0.945519	0.008209	-0.945440	0.325546	-0.012733
50268	12.606873	2.195271	3.002237	0.585805	0.009041	0.003402	-0.014620	-0.003650	0.999886	0.319918	0.947410	0.008136	-0.947332	0.320001	-0.012683
50269	14.523559	3.292580	3.465234	0.467923	-0.169174	-0.039038	-0.016343	-0.003526	0.999860	0.315312	0.948950	0.008500	-0.948847	0.315406	-0.014397
50270	14.087173	-1.655333	0.813827	0.505222	-0.475332	0.220156	-0.020173	0.000017	0.999797	0.310553	0.950536	0.006250	-0.950342	0.310616	-0.019180
50271	12.030360	1.591569	-1.092354	1.255549	-0.881647	0.351404	-0.027492	0.006004	0.999604	0.298517	0.954401	0.002478	-0.954008	0.298467	-0.028031
50272	10.089246	2.539371	-2.141902	1.037119	-0.994818	0.344951	-0.035988	0.012184	0.999278	0.288716	0.957414	-0.001276	-0.956738	0.288462	-0.037973
50273	9.700306	1.833667	-2.457389	1.107856	-0.920668	0.329359	-0.043873	0.017899	0.998877	0.278066	0.960549	-0.004998	-0.959560	0.277534	-0.047119
50274	9.213381	0.524679	-3.102021	1.007423	-0.810043	0.346502	-0.050712	0.023404	0.998439	0.268548	0.963225	-0.008938	-0.961930	0.267676	-0.055132
50275	9.274673	-0.395320	-4.182746	0.729972	-0.729616	0.418109	-0.056629	0.029308	0.997965	0.261577	0.965088	-0.013500	-0.963520	0.260280	-0.062318
50276	9.849501	-0.893273	-5.239382	0.600395	-0.584157	0.431737	-0.061146	0.034945	0.997517	0.256040	0.966496	-0.018163	-0.964730	0.254293	-0.068044
50277	9.997725	1.630346	-5.348507	0.419673	-0.465067	0.433127	-0.064539	0.040252	0.997103	0.252091	0.967436	-0.022738	-0.965549	0.249893	-0.072585
50278	10.384805	4.805643	-4.093355	-0.307831	-0.369075	0.485558	-0.066871	0.045839	0.996708	0.255378	0.966455	-0.027313	-0.964526	0.252711	-0.076334
50279	10.458692	3.768601	-2.884192	-1.167120	-0.287321	0.532783	-0.068258	0.051665	0.996329	0.266806	0.963230	-0.031670	-0.961330	0.263665	-0.079533
50280	10.154700	0.939535	-1.390109	-1.397960	-0.266984	0.516270	-0.069409	0.057313	0.995941	0.280570	0.959172	-0.035644	-0.957321	0.276957	-0.082656
50281	9.937961	-1.599183	-0.026343	-1.181725	-0.318714	0.491657	-0.071063	0.062863	0.995489	0.292038	0.955591	-0.039496	-0.953763	0.287914	-0.086265
50282	9.488294	-3.253212	0.657990	-0.640939	-0.394562	0.443333	-0.073517	0.068206	0.994959	0.298461	0.953439	-0.043307	-0.951586	0.293773	-0.090450
50283	9.393280	-3.570469	0.600446	-0.105310	-0.445013	0.392353	-0.076593	0.073197	0.994372	0.299589	0.952907	-0.047068	-0.950989	0.294298	-0.094915
50284	9.529091	-3.111709	0.346434	0.171255	-0.473277	0.362234	-0.080016	0.078001	0.993737	0.298241	0.953138	-0.050800	-0.951131	0.292308	-0.099529
50285	9.797649	-2.532919	-0.337073	0.172513	-0.447691	0.362858	-0.083211	0.082707	0.993094	0.296727	0.953404	-0.054539	-0.951330	0.290139	-0.103875
50286	9.689498	-2.317111	-1.228123	-0.002518	-0.375171	0.344784	-0.085760	0.087046	0.992506	0.297039	0.953107	-0.057924	-0.951006	0.289845	-0.107595
50287	9.570601	-2.477543	-2.077031	-0.122422	-0.307450	0.313372	-0.087767	0.090868	0.991988	0.298305	0.952528	-0.060860	-0.950427	0.290574	-0.110707
50288	9.926145	-2.713799	-2.697741	-0.089958	-0.246266	0.243045	-0.089385	0.093863	0.991564	0.299372	0.952046	-0.063135	-0.949940	0.291203	-0.113199
50289	9.877369	-2.317605	-2.936395	0.112648	-0.218946	0.181783	-0.090941	0.096175	0.991201	0.298296	0.952256	-0.065028	-0.950131	0.289758	-0.115288
50290	9.849549	-0.919145	-2.758996	0.320446	-0.214518	0.140353	-0.092568	0.098094	0.990863	0.295375	0.953046	-0.066756	-0.950886	0.286497	-0.117196
50291	9.852832	0.352665	-2.204723	0.315803	-0.198532	0.114418	-0.094140	0.099696	0.990555	0.292308	0.953888	-0.068225	-0.951679	0.283124	-0.118941
50292	9.893845	0.539626	-1.536234	0.160970	-0.178496	0.122975	-0.095485	0.101337	0.990259	0.290888	0.954222	-0.069601	-0.951980	0.281409	-0.120591
50293	9.744689	0.015397	-1.007196	-0.033965	-0.164460	0.139159	-0.096667	0.103072	0.989966	0.291175	0.954039	-0.070899	-0.951773	0.281400	-0.122236
50294	10.070943	-0.952277	-0.693810	-0.168151	-0.143400	0.144079	-0.097614	0.104815	0.989690	0.292911	0.953419	-0.072083	-0.951144	0.282854	-0.123769
50295	9.994831	-1.689911	-0.477830	-0.166489	-0.131655	0.129032	-0.098509	0.106361	0.989436	0.294450	0.952866	-0.073115	-0.950576	0.284137	-0.125184
50296	9.538559	-1.684937	-0.189059	-0.075244	-0.159192	0.108059	-0.099708	0.107808	0.989159	0.295268	0.952540	-0.074053	-0.950197	0.284684	-0.126808
50297	9.408365	-1.171167	0.015537	-0.034112	-0.189783	0.096699	-0.101247	0.109213	0.988849	0.295520	0.952394	-0.074929	-0.949956	0.284638	-0.128702
