// General information: 
//  MT Manager version: 2022.2.0 
//  XDA version: 2022.2.0 build 7381 rev 124627 built on 2023-07-19
// Device information: 
//  DeviceId: 00B4CBA7
//  ProductCode: MTW2-3A7G6
//  Firmware Version: 4.6.0
//  Hardware Version: 2.0.0
// Device settings: 
//  Filter Profile: human(46.1)
//  Option Flags: Orientation Smoother Disabled, Position/Velocity Smoother Disabled, Continuous Zero Rotation Update Disabled, AHS Disabled, ICC Disabled
// Coordinate system: ENU
PacketCounter	Acc_X	Acc_Y	Acc_Z	Gyr_X	Gyr_Y	Gyr_Z	Mat[1][1]	Mat[2][1]	Mat[3][1]	Mat[1][2]	Mat[2][2]	Mat[3][2]	Mat[1][3]	Mat[2][3]	Mat[3][3]
55360	9.532012	0.201461	-1.630151	0.002836	-0.000340	0.006830	-0.037941	-0.183196	0.982344	-0.950330	0.310521	0.021204	-0.308923	-0.932747	-0.185878
55361	9.511463	0.223637	-1.548338	0.003592	-0.013840	0.007592	-0.038017	-0.183308	0.982320	-0.950341	0.310492	0.021161	-0.308881	-0.932734	-0.186009
55362	9.531528	0.306009	-1.640262	0.009221	-0.019110	0.007863	-0.038117	-0.183475	0.982285	-0.950368	0.310413	0.021102	-0.308786	-0.932728	-0.186201
55363	9.578734	0.323532	-1.773144	0.005641	-0.027509	0.009434	-0.038252	-0.183710	0.982236	-0.950384	0.310368	0.021037	-0.308719	-0.932696	-0.186467
55364	9.615060	0.282118	-1.863666	0.001550	-0.022399	0.014911	-0.038429	-0.183885	0.982196	-0.950384	0.310376	0.020923	-0.308697	-0.932659	-0.186688
55365	9.633700	0.223431	-1.953730	0.014033	-0.024172	0.016383	-0.038620	-0.184066	0.982155	-0.950423	0.310265	0.020774	-0.308552	-0.932660	-0.186923
55366	9.638747	0.251750	-1.926889	0.005992	-0.021196	0.019488	-0.038834	-0.184217	0.982118	-0.950439	0.310227	0.020608	-0.308476	-0.932643	-0.187134
55367	9.666945	0.219234	-1.963862	0.000552	-0.019538	0.017627	-0.039023	-0.184351	0.982085	-0.950436	0.310245	0.020472	-0.308461	-0.932611	-0.187321
55368	9.627309	0.189565	-1.887942	-0.003778	-0.014440	0.018438	-0.039207	-0.184442	0.982061	-0.950421	0.310301	0.020334	-0.308485	-0.932574	-0.187464
55369	9.625701	0.153707	-1.894653	-0.010333	-0.015253	0.021034	-0.039415	-0.184526	0.982037	-0.950383	0.310426	0.020185	-0.308575	-0.932516	-0.187606
55370	9.621362	0.155854	-1.919655	-0.014413	-0.011109	0.019386	-0.039600	-0.184582	0.982019	-0.950332	0.310592	0.020057	-0.308710	-0.932449	-0.187714
55371	9.607628	0.133658	-1.896515	-0.010704	-0.008987	0.017089	-0.039751	-0.184620	0.982006	-0.950294	0.310714	0.019948	-0.308806	-0.932401	-0.187794
55372	9.573313	0.130854	-1.991942	-0.011447	-0.007090	0.017345	-0.039904	-0.184645	0.981995	-0.950254	0.310844	0.019834	-0.308910	-0.932353	-0.187864
55373	9.551611	0.118258	-1.915143	0.002772	-0.002027	0.014822	-0.040012	-0.184625	0.981994	-0.950259	0.310836	0.019722	-0.308880	-0.932360	-0.187879
55374	9.570640	0.167463	-1.910616	0.007341	-0.007107	0.018673	-0.040178	-0.184646	0.981984	-0.950273	0.310802	0.019560	-0.308814	-0.932367	-0.187951
55375	9.577515	0.230137	-1.876671	0.009325	-0.001214	0.012223	-0.040259	-0.184626	0.981984	-0.950300	0.310728	0.019461	-0.308723	-0.932396	-0.187959
55376	9.576296	0.196392	-1.781571	0.006910	-0.003505	0.015598	-0.040384	-0.184623	0.981979	-0.950316	0.310685	0.019330	-0.308655	-0.932410	-0.187997
55377	9.641537	0.231837	-1.812421	0.006353	-0.005223	0.014262	-0.040497	-0.184635	0.981973	-0.950333	0.310642	0.019216	-0.308590	-0.932422	-0.188044
55378	9.611630	0.226828	-1.783061	-0.000386	-0.002416	0.018452	-0.040643	-0.184613	0.981971	-0.950328	0.310665	0.019072	-0.308585	-0.932419	-0.188069
55379	9.648029	0.185001	-1.871899	-0.000576	-0.011364	0.013932	-0.040772	-0.184683	0.981952	-0.950323	0.310687	0.018975	-0.308584	-0.932398	-0.188175
55380	9.619228	0.212327	-1.938351	-0.004655	-0.006247	0.019412	-0.040938	-0.184695	0.981943	-0.950309	0.310740	0.018829	-0.308606	-0.932378	-0.188238
55381	9.597361	0.197253	-1.962090	-0.004039	-0.000892	0.027004	-0.041158	-0.184627	0.981947	-0.950287	0.310817	0.018609	-0.308642	-0.932366	-0.188241
55382	9.570515	0.259416	-1.921373	0.008456	0.008909	0.027452	-0.041359	-0.184470	0.981967	-0.950301	0.310791	0.018359	-0.308574	-0.932405	-0.188156
55383	9.545053	0.246690	-1.966503	0.004263	0.033854	0.046890	-0.041661	-0.184016	0.982040	-0.950297	0.310828	0.017929	-0.308545	-0.932483	-0.187819
55384	9.577297	0.177305	-1.778188	0.001055	0.041434	0.043245	-0.041903	-0.183509	0.982124	-0.950293	0.310864	0.017540	-0.308526	-0.932571	-0.187414
55385	9.653043	0.237112	-1.752465	-0.011500	0.027034	0.029409	-0.042060	-0.183173	0.982181	-0.950247	0.311015	0.017311	-0.308644	-0.932586	-0.187141
55386	9.797617	0.118454	-1.717063	-0.014307	0.051548	0.027676	-0.042127	-0.182619	0.982281	-0.950196	0.311182	0.017102	-0.308792	-0.932639	-0.186633
55387	9.506904	0.249566	-1.588036	0.001505	0.091253	0.027853	-0.042070	-0.181688	0.982456	-0.950192	0.311209	0.016864	-0.308813	-0.932812	-0.185732
55388	9.241515	0.283253	-1.404303	-0.003906	0.052841	0.035433	-0.042210	-0.181098	0.982559	-0.950165	0.311307	0.016559	-0.308876	-0.932894	-0.185213
55389	9.373453	0.176163	-1.340686	0.052453	0.000979	0.049956	-0.042642	-0.180940	0.982569	-0.950308	0.310898	0.016009	-0.308376	-0.933061	-0.185206
55390	9.551669	0.447845	-1.150731	0.100324	-0.005131	0.047918	-0.043078	-0.180852	0.982567	-0.950600	0.310037	0.015389	-0.307416	-0.933365	-0.185273
55391	9.408051	0.564150	-0.882462	0.127862	-0.017965	0.053172	-0.043600	-0.180862	0.982542	-0.950972	0.308930	0.014668	-0.306190	-0.933730	-0.185464
55392	9.273239	0.776450	-0.679356	0.137113	-0.080671	0.068943	-0.044464	-0.181415	0.982401	-0.951366	0.307755	0.013773	-0.304837	-0.934010	-0.186276
55393	9.217387	0.941294	-0.427711	0.124110	-0.134729	0.082199	-0.045616	-0.182428	0.982161	-0.951709	0.306736	0.012771	-0.303593	-0.934149	-0.187610
55394	9.161075	1.073547	-0.085237	0.086912	-0.182333	0.105660	-0.047168	-0.183809	0.981830	-0.951874	0.306270	0.011608	-0.302838	-0.934031	-0.189409
55395	9.069680	0.887609	0.285153	0.055885	-0.223815	0.115467	-0.048905	-0.185553	0.981417	-0.951990	0.305951	0.010406	-0.302196	-0.933790	-0.191607
55396	9.327399	0.861656	0.515635	0.038532	-0.269163	0.113563	-0.050796	-0.187717	0.980909	-0.951994	0.305976	0.009256	-0.301872	-0.933349	-0.194248
55397	9.793606	1.058912	0.211083	-0.031883	-0.331150	0.131467	-0.053009	-0.190411	0.980272	-0.951833	0.306512	0.008067	-0.302001	-0.932628	-0.197487
55398	10.045757	1.034869	-0.547764	-0.142142	-0.361353	0.140118	-0.055428	-0.193344	0.979564	-0.951274	0.308266	0.007017	-0.303323	-0.931445	-0.201010
55399	9.955050	0.940993	-1.408700	-0.225910	-0.372915	0.148162	-0.057933	-0.196363	0.978818	-0.950506	0.310647	0.006063	-0.305257	-0.930021	-0.204641
55400	9.792268	0.911144	-2.523772	-0.293295	-0.373970	0.166921	-0.060659	-0.199313	0.978057	-0.949456	0.313859	0.005075	-0.307983	-0.928314	-0.208277
55401	9.595901	0.466023	-3.172512	-0.321248	-0.351253	0.198865	-0.063593	-0.201950	0.977329	-0.948342	0.317227	0.003843	-0.310811	-0.926598	-0.211692
55402	9.546847	-0.024740	-3.581617	-0.292813	-0.337374	0.219215	-0.066716	-0.204372	0.976617	-0.947236	0.320529	0.002367	-0.313518	-0.924929	-0.214973
55403	9.551075	-0.454337	-3.638351	-0.224645	-0.313277	0.228970	-0.069830	-0.206538	0.975944	-0.946376	0.323066	0.000656	-0.315429	-0.923564	-0.218022
55404	9.577839	-0.763632	-3.601472	-0.150228	-0.287942	0.233862	-0.072947	-0.208434	0.975312	-0.945681	0.325094	-0.001255	-0.316806	-0.922426	-0.220826
55405	9.485738	-0.755031	-3.430208	-0.085578	-0.259136	0.216571	-0.075777	-0.210125	0.974733	-0.945252	0.326325	-0.003139	-0.317421	-0.921607	-0.223349
55406	9.324208	-0.672562	-3.354575	-0.043061	-0.248130	0.202043	-0.078475	-0.211747	0.974169	-0.944903	0.327312	-0.004972	-0.317805	-0.920885	-0.225766
55407	9.262022	-0.526758	-3.488235	-0.035695	-0.223603	0.191670	-0.080958	-0.213185	0.973652	-0.944641	0.328037	-0.006720	-0.317961	-0.920295	-0.227941
55408	9.283128	-0.545398	-3.615170	-0.020069	-0.182792	0.187515	-0.083310	-0.214246	0.973220	-0.944367	0.328784	-0.008461	-0.318167	-0.919782	-0.229718
55409	9.444322	-0.564510	-3.590336	-0.009341	-0.136151	0.177517	-0.085380	-0.214922	0.972892	-0.944192	0.329240	-0.010129	-0.318138	-0.919461	-0.231038
55410	9.678022	-0.649025	-3.309797	0.016646	-0.095583	0.169185	-0.087283	-0.215238	0.972653	-0.944041	0.329617	-0.011775	-0.318069	-0.919252	-0.231964
55411	9.776889	-0.612611	-2.949468	0.058531	-0.072657	0.159773	-0.088983	-0.215387	0.972466	-0.944091	0.329412	-0.013427	-0.317450	-0.919291	-0.232657
55412	9.791532	-0.594684	-2.648413	0.108452	-0.063163	0.159665	-0.090692	-0.215438	0.972297	-0.944236	0.328919	-0.015194	-0.316533	-0.919456	-0.233255
55413	9.798680	-0.434786	-2.573098	0.148563	-0.070399	0.162721	-0.092412	-0.215559	0.972108	-0.944561	0.327892	-0.017085	-0.315064	-0.919794	-0.233910
55414	9.719815	-0.183355	-2.590105	0.186450	-0.074537	0.167455	-0.094225	-0.215692	0.971905	-0.944940	0.326686	-0.019110	-0.313386	-0.920192	-0.234598
55415	9.619016	-0.050419	-2.522796	0.206880	-0.078807	0.187348	-0.096203	-0.215815	0.971684	-0.945412	0.325175	-0.021379	-0.311354	-0.920698	-0.235317
55416	9.543469	0.159405	-2.523907	0.219097	-0.083473	0.204270	-0.098390	-0.215916	0.971442	-0.945844	0.323746	-0.023840	-0.309353	-0.921178	-0.236077
55417	9.516442	0.281430	-2.449485	0.207251	-0.070030	0.221757	-0.100665	-0.215853	0.971223	-0.946267	0.322304	-0.026447	-0.307320	-0.921698	-0.236699
55418	9.451772	0.299041	-2.359106	0.187857	-0.068663	0.233653	-0.103088	-0.215728	0.970997	-0.946551	0.321237	-0.029123	-0.305637	-0.922100	-0.237313
55419	9.434027	0.218435	-2.346213	0.170928	-0.065173	0.242156	-0.105540	-0.215560	0.970771	-0.946824	0.320171	-0.031842	-0.303949	-0.922510	-0.237888
55420	9.360371	0.090836	-2.328835	0.149522	-0.064976	0.236697	-0.107971	-0.215398	0.970539	-0.946980	0.319441	-0.034454	-0.302609	-0.922801	-0.238468
55421	9.438557	-0.036106	-2.420418	0.134797	-0.068127	0.241924	-0.110428	-0.215262	0.970293	-0.947127	0.318707	-0.037086	-0.301256	-0.923086	-0.239075
55422	9.545046	-0.213382	-2.677883	0.131916	-0.054522	0.254078	-0.112997	-0.214947	0.970067	-0.947188	0.318196	-0.039826	-0.300110	-0.923336	-0.239551
55423	9.620681	-0.305643	-2.786166	0.150936	-0.048340	0.260143	-0.115567	-0.214574	0.969846	-0.947348	0.317349	-0.042674	-0.298623	-0.923714	-0.239952
55424	9.630357	-0.335945	-3.045655	0.172006	-0.039408	0.275602	-0.118293	-0.214053	0.969633	-0.947485	0.316514	-0.045719	-0.297116	-0.924121	-0.240254
55425	9.621439	-0.333494	-3.167378	0.189972	-0.025613	0.288374	-0.121063	-0.213386	0.969438	-0.947709	0.315363	-0.048934	-0.295283	-0.924669	-0.240407
55426	9.548357	-0.447385	-3.292696	0.194723	-0.013970	0.299570	-0.123941	-0.212563	0.969255	-0.947865	0.314357	-0.052265	-0.293583	-0.925201	-0.240443
55427	9.487179	-0.467415	-3.478613	0.215748	0.014587	0.299915	-0.126702	-0.211495	0.969132	-0.948126	0.312985	-0.055653	-0.291554	-0.925910	-0.240180
55428	9.308891	-0.435257	-3.425425	0.216529	0.040001	0.307205	-0.129491	-0.210156	0.969054	-0.948316	0.311773	-0.059106	-0.289704	-0.926624	-0.239666
55429	9.360042	-0.509231	-3.183794	0.231209	0.063484	0.306220	-0.132173	-0.208622	0.969024	-0.948589	0.310260	-0.062589	-0.287592	-0.927478	-0.238905
55430	9.311661	-0.474710	-2.724423	0.228589	0.085057	0.310942	-0.134872	-0.206866	0.969028	-0.948786	0.308926	-0.066106	-0.285683	-0.928316	-0.237937
55431	9.306542	-0.494200	-2.282167	0.216415	0.090587	0.313404	-0.137549	-0.205066	0.969035	-0.948981	0.307551	-0.069619	-0.283751	-0.929172	-0.236907
55432	9.352762	-0.590517	-1.963753	0.193322	0.095660	0.306311	-0.140181	-0.203228	0.969045	-0.949057	0.306531	-0.073004	-0.282205	-0.929913	-0.235845
55433	9.429598	-0.637711	-1.921646	0.190252	0.094024	0.304977	-0.142772	-0.201427	0.969042	-0.949167	0.305367	-0.076369	-0.280531	-0.930687	-0.234786
55434	9.592070	-0.528044	-1.974655	0.185321	0.082602	0.310756	-0.145483	-0.199704	0.968996	-0.949195	0.304411	-0.079773	-0.279042	-0.931371	-0.233844
55435	9.735036	-0.451506	-2.180919	0.156072	0.069772	0.322847	-0.148314	-0.198079	0.968900	-0.949161	0.303588	-0.083228	-0.277661	-0.931987	-0.233035
55436	9.686666	-0.546628	-2.196961	0.158248	0.084306	0.326324	-0.151172	-0.196292	0.968822	-0.949066	0.302910	-0.086717	-0.276444	-0.932585	-0.232086
55437	9.493314	-0.672027	-2.363901	0.168460	0.074195	0.326520	-0.154027	-0.194619	0.968710	-0.949039	0.301966	-0.090233	-0.274957	-0.933241	-0.231212
55438	9.454740	-0.690973	-2.295841	0.204622	0.058563	0.327604	-0.156937	-0.193101	0.968547	-0.949097	0.300682	-0.093838	-0.273105	-0.933971	-0.230459
55439	9.449971	-0.696703	-2.082505	0.205956	0.056849	0.323635	-0.159815	-0.191605	0.968373	-0.949152	0.299370	-0.097409	-0.271238	-0.934700	-0.229706
55440	9.307738	-0.859737	-1.664166	0.177815	0.049356	0.313291	-0.162649	-0.190194	0.968179	-0.949083	0.298462	-0.100810	-0.269792	-0.935279	-0.229054
55441	9.344829	-1.260706	-1.242521	0.126344	0.032768	0.302657	-0.165394	-0.188991	0.967950	-0.948933	0.297844	-0.103991	-0.268645	-0.935720	-0.228602
55442	9.477509	-1.737790	-1.054124	0.078880	0.015265	0.280247	-0.167973	-0.188029	0.967693	-0.948685	0.297625	-0.106843	-0.267920	-0.935983	-0.228373
55443	9.516105	-2.071061	-1.054525	0.080901	-0.002299	0.262165	-0.170427	-0.187277	0.967410	-0.948466	0.297349	-0.109527	-0.267147	-0.936222	-0.228302
55444	9.372538	-2.072291	-1.048873	0.106660	-0.038207	0.238174	-0.172750	-0.186940	0.967063	-0.948349	0.296788	-0.112035	-0.266068	-0.936467	-0.228554
55445	9.124817	-1.909607	-0.901718	0.121035	-0.072020	0.224405	-0.175030	-0.186956	0.966650	-0.948287	0.296064	-0.114445	-0.264794	-0.936693	-0.229108
55446	8.909391	-1.938482	-0.640261	0.134806	-0.101782	0.205400	-0.177241	-0.187282	0.966184	-0.948237	0.295341	-0.116701	-0.263498	-0.936856	-0.229935
55447	8.863984	-1.792226	-0.466520	0.155924	-0.150387	0.189638	-0.179396	-0.188139	0.965620	-0.948317	0.294226	-0.118855	-0.261750	-0.937035	-0.231198
55448	9.093429	-1.537427	-0.111697	0.163187	-0.210326	0.185188	-0.181663	-0.189575	0.964914	-0.948415	0.293037	-0.120984	-0.259820	-0.937118	-0.233030
55449	9.402053	-1.033415	0.077888	0.108670	-0.280548	0.181099	-0.184069	-0.191680	0.964042	-0.948374	0.292354	-0.122948	-0.258275	-0.936903	-0.235598
55450	9.568280	-0.816692	-0.480531	0.019092	-0.321946	0.166788	-0.186443	-0.194215	0.963078	-0.948122	0.292487	-0.124564	-0.257496	-0.936339	-0.238672
55451	9.364167	-0.889348	-1.334264	-0.059462	-0.344635	0.164960	-0.188855	-0.196964	0.962049	-0.947667	0.293356	-0.125972	-0.257411	-0.935493	-0.242058
55452	9.074847	-1.162766	-2.301757	-0.093620	-0.367932	0.160613	-0.191285	-0.199938	0.960955	-0.947129	0.294540	-0.127251	-0.257597	-0.934490	-0.245708
55453	9.240148	-1.581174	-3.037398	-0.113791	-0.368312	0.164282	-0.193752	-0.202899	0.959840	-0.946528	0.295923	-0.128510	-0.257964	-0.933414	-0.249385
55454	9.575807	-1.712809	-3.621421	-0.083218	-0.362875	0.156261	-0.196128	-0.205828	0.958733	-0.946017	0.297008	-0.129763	-0.258043	-0.932428	-0.252968
55455	9.650199	-1.981326	-3.914478	-0.087154	-0.312103	0.149163	-0.198306	-0.208299	0.957751	-0.945506	0.298119	-0.130934	-0.258250	-0.931524	-0.256067
55456	9.327175	-2.251729	-3.557105	-0.060764	-0.256573	0.127460	-0.200136	-0.210315	0.956929	-0.945104	0.298940	-0.131961	-0.258311	-0.930807	-0.258599
55457	9.326496	-2.108987	-3.359906	-0.009656	-0.262057	0.107344	-0.201788	-0.212439	0.956112	-0.944872	0.299246	-0.132926	-0.257874	-0.930226	-0.261112
55458	9.379805	-1.770882	-3.093707	0.009418	-0.235067	0.095850	-0.203263	-0.214347	0.955374	-0.944710	0.299352	-0.133832	-0.257307	-0.929755	-0.263343
55459	9.348596	-1.471528	-2.786478	-0.009691	-0.233117	0.093167	-0.204704	-0.216241	0.954639	-0.944504	0.299632	-0.134659	-0.256921	-0.929226	-0.265576
55460	9.323935	-1.399183	-2.513888	-0.025688	-0.233343	0.092260	-0.206176	-0.218105	0.953898	-0.944205	0.300224	-0.135436	-0.256844	-0.928599	-0.267835
55461	9.282921	-1.318111	-2.109453	-0.044287	-0.240090	0.090907	-0.207612	-0.220067	0.953136	-0.943912	0.300823	-0.136147	-0.256764	-0.927942	-0.270178
55462	9.394710	-1.196639	-1.712300	-0.082140	-0.277128	0.089227	-0.209169	-0.222340	0.952267	-0.943471	0.301936	-0.136739	-0.257121	-0.927038	-0.272927
55463	9.644831	-0.997735	-1.670662	-0.130998	-0.297062	0.087052	-0.210716	-0.224836	0.951340	-0.942960	0.303333	-0.137172	-0.257731	-0.925980	-0.275928
55464	9.524288	-0.837977	-1.699098	-0.197750	-0.316143	0.091276	-0.212357	-0.227491	0.950343	-0.942265	0.305357	-0.137456	-0.258924	-0.924665	-0.279201
55465	9.453366	-0.843627	-1.767390	-0.288343	-0.344216	0.103668	-0.214189	-0.230360	0.949240	-0.941303	0.308247	-0.137594	-0.260904	-0.922994	-0.282861
55466	9.379934	-1.096072	-2.004689	-0.380431	-0.360737	0.102671	-0.216105	-0.233337	0.948078	-0.940039	0.312144	-0.137449	-0.263865	-0.920934	-0.286801
55467	9.367585	-1.616409	-2.485313	-0.443417	-0.374796	0.093270	-0.217938	-0.236498	0.946875	-0.938669	0.316430	-0.137015	-0.267216	-0.918662	-0.290955
55468	9.460753	-1.976681	-3.128728	-0.466874	-0.386933	0.075438	-0.219691	-0.239776	0.945644	-0.937201	0.321044	-0.136326	-0.270906	-0.916208	-0.295249
55469	9.371251	-2.331516	-3.574489	-0.468269	-0.352696	0.054152	-0.221121	-0.242836	0.944530	-0.935814	0.325448	-0.135409	-0.274513	-0.913846	-0.299213
55470	9.240735	-2.624421	-3.820567	-0.451735	-0.344115	0.021037	-0.222275	-0.245876	0.943472	-0.934471	0.329773	-0.134213	-0.278131	-0.911480	-0.303065
55471	9.304699	-2.941983	-3.893364	-0.400496	-0.320987	-0.009268	-0.223048	-0.248837	0.942512	-0.933382	0.333384	-0.132869	-0.281156	-0.909360	-0.306621
55472	9.241298	-2.932088	-3.507608	-0.323045	-0.299846	-0.045983	-0.223474	-0.251684	0.941655	-0.932523	0.336353	-0.131407	-0.283655	-0.907481	-0.309867
55473	9.264595	-2.733388	-3.080031	-0.257439	-0.307486	-0.082949	-0.223537	-0.254760	0.940813	-0.931986	0.338464	-0.129788	-0.285367	-0.905836	-0.313092
55474	9.466192	-2.298555	-2.578617	-0.219564	-0.332406	-0.107869	-0.223494	-0.258104	0.939911	-0.931549	0.340323	-0.128052	-0.286823	-0.904192	-0.316496
55475	9.516361	-2.066026	-2.046792	-0.191705	-0.348699	-0.137472	-0.223177	-0.261731	0.938983	-0.931314	0.341685	-0.126114	-0.287829	-0.902634	-0.320010
55476	9.605998	-1.666076	-1.494484	-0.180045	-0.388397	-0.160588	-0.222814	-0.265752	0.937939	-0.931103	0.343033	-0.123997	-0.288791	-0.900946	-0.323875
55477	9.702853	-1.262869	-0.712597	-0.188627	-0.432007	-0.170630	-0.222437	-0.270235	0.936747	-0.930947	0.344260	-0.121747	-0.289585	-0.899143	-0.328151
55478	9.672334	-0.699641	0.137064	-0.235809	-0.496563	-0.193039	-0.222095	-0.275327	0.935344	-0.930641	0.345999	-0.119131	-0.290828	-0.896928	-0.333076
55479	9.698089	-0.698286	0.697326	-0.341613	-0.573600	-0.209332	-0.221783	-0.281200	0.933670	-0.930118	0.348462	-0.115991	-0.292732	-0.894148	-0.338832
55480	9.740166	-0.935427	1.013655	-0.388459	-0.675563	-0.236616	-0.221583	-0.288021	0.931636	-0.929450	0.351402	-0.112425	-0.294997	-0.890820	-0.345566
55481	9.818412	-0.675354	1.280834	-0.437857	-0.787733	-0.262142	-0.221442	-0.295957	0.929179	-0.928744	0.354514	-0.108420	-0.297319	-0.886977	-0.353373
55482	10.065989	-0.742977	1.464141	-0.543115	-0.905998	-0.278627	-0.221579	-0.304926	0.926241	-0.927685	0.358626	-0.103862	-0.300504	-0.882274	-0.362340
55483	10.471393	-0.474283	1.307040	-0.621002	-1.038108	-0.292290	-0.221969	-0.315121	0.922729	-0.926466	0.363168	-0.098842	-0.303958	-0.876817	-0.372561
55484	10.696926	-0.033710	0.383274	-0.704563	-1.178548	-0.287796	-0.222928	-0.326427	0.918558	-0.924897	0.368543	-0.093498	-0.308008	-0.870415	-0.384070
55485	11.100672	0.265383	-0.745629	-0.806722	-1.298891	-0.269048	-0.224434	-0.338695	0.913737	-0.923005	0.374625	-0.087848	-0.312555	-0.863100	-0.396696
55486	11.468867	0.352189	-1.565245	-0.880525	-1.332047	-0.252793	-0.226322	-0.351048	0.908594	-0.920744	0.381460	-0.081966	-0.317819	-0.855134	-0.409558
55487	11.576079	0.451371	-1.780482	-0.884321	-1.324034	-0.245636	-0.228267	-0.363272	0.903287	-0.918479	0.388093	-0.076028	-0.322940	-0.847005	-0.422246
55488	11.683207	0.821628	-1.191131	-0.872142	-1.349053	-0.255279	-0.230338	-0.375593	0.897705	-0.916168	0.394641	-0.069961	-0.327994	-0.838564	-0.435007
55489	11.880629	1.097043	-0.025180	-0.886614	-1.386398	-0.265630	-0.232451	-0.388225	0.891767	-0.913863	0.401005	-0.063635	-0.332898	-0.829745	-0.447999
55490	12.465565	0.713250	1.287049	-0.957658	-1.449851	-0.277896	-0.234804	-0.401259	0.885358	-0.911238	0.407947	-0.056780	-0.338395	-0.820104	-0.461430
55491	12.674457	0.833215	1.797102	-0.899326	-1.584733	-0.315719	-0.237291	-0.415484	0.878104	-0.908931	0.413969	-0.049747	-0.342838	-0.809940	-0.475877
55492	13.017755	0.733791	0.199400	-0.989015	-1.748313	-0.342788	-0.240242	-0.430918	0.869824	-0.906272	0.420609	-0.041935	-0.347785	-0.798372	-0.491577
55493	12.434919	-0.310134	-1.549934	-0.982492	-1.710716	-0.380131	-0.242754	-0.446099	0.861432	-0.903760	0.426710	-0.033707	-0.352545	-0.786711	-0.506753
55494	11.268799	-1.691214	-2.824368	-0.876974	-1.672882	-0.435788	-0.244779	-0.460976	0.852985	-0.901650	0.431718	-0.025432	-0.356526	-0.775319	-0.521315
55495	11.056488	-2.657670	-2.721183	-0.731997	-1.709388	-0.483493	-0.246501	-0.476242	0.844056	-0.900230	0.435067	-0.017428	-0.358921	-0.764140	-0.535972
55496	11.328792	-3.913582	-1.277864	-0.576818	-1.705451	-0.537968	-0.247824	-0.491466	0.834892	-0.899421	0.436974	-0.009750	-0.360034	-0.753336	-0.550328
55497	10.507458	-4.770598	0.670042	-0.250017	-1.792687	-0.646335	-0.248406	-0.507714	0.824937	-0.900138	0.435594	-0.002960	-0.357835	-0.743292	-0.565217
55498	10.223292	-5.112470	-0.872618	-0.015296	-2.027395	-0.759753	-0.248806	-0.525906	0.813338	-0.901909	0.431913	0.003375	-0.353066	-0.732717	-0.581782
55499	9.499105	-6.236158	-3.081782	0.296070	-2.008173	-0.827360	-0.248307	-0.544085	0.801446	-0.905010	0.425308	0.008339	-0.345398	-0.723246	-0.598009
55500	7.987530	-6.661811	-4.448436	0.716172	-2.060356	-0.872989	-0.247433	-0.562500	0.788905	-0.909546	0.415458	0.010957	-0.333920	-0.714834	-0.614418
55501	8.216273	-5.489786	-7.159830	1.028974	-2.261909	-0.816359	-0.247331	-0.581926	0.774719	-0.914936	0.403451	0.010955	-0.318936	-0.706108	-0.632211
55502	8.972354	-5.694886	-6.909807	1.239845	-2.164782	-0.740123	-0.247321	-0.599994	0.760815	-0.920562	0.390500	0.008707	-0.302322	-0.698224	-0.648911
55503	6.282718	-7.323192	-6.830165	1.839584	-2.146155	-0.972585	-0.244540	-0.618634	0.746654	-0.928321	0.371758	0.003978	-0.280036	-0.692162	-0.665201
55504	11.795747	-3.219587	-6.386293	2.109052	-2.359868	-0.708623	-0.244201	-0.637424	0.730792	-0.935705	0.352748	-0.004995	-0.254602	-0.685025	-0.682582
55505	10.085672	-1.790002	-5.115080	2.390576	-2.088844	-0.621112	-0.243359	-0.653816	0.716450	-0.942987	0.332396	-0.016970	-0.227050	-0.679733	-0.697432
55506	9.147830	-1.058353	-7.591013	2.166885	-2.229360	-0.646440	-0.241972	-0.670942	0.700918	-0.949209	0.313429	-0.027663	-0.201128	-0.672011	-0.712705
55507	9.441755	-0.025619	-8.207451	2.184579	-1.971807	-0.582419	-0.240103	-0.685907	0.686937	-0.954738	0.294841	-0.039308	-0.175575	-0.665282	-0.725654
55508	9.723621	1.601307	-7.297035	2.124349	-1.585617	-0.473510	-0.238120	-0.697743	0.675614	-0.959356	0.277441	-0.051596	-0.151442	-0.660441	-0.735448
55509	9.928975	3.828643	-7.215205	2.081572	-1.248245	-0.354499	-0.236420	-0.706929	0.666601	-0.963121	0.261206	-0.064577	-0.128469	-0.657285	-0.742612
55510	7.775970	4.210209	-7.587648	1.495840	-0.790972	-0.226854	-0.235138	-0.712669	0.660918	-0.965467	0.249734	-0.074201	-0.112173	-0.655543	-0.746780
55511	5.425903	3.914852	-5.746448	0.898796	-0.430101	-0.156530	-0.234049	-0.715878	0.657830	-0.966809	0.242698	-0.079866	-0.102479	-0.654688	-0.748920
55512	8.487680	1.616339	-5.628309	0.321224	-0.055160	-0.136964	-0.232732	-0.716538	0.657579	-0.967464	0.239571	-0.081356	-0.099242	-0.655118	-0.748980
55513	10.438543	0.830145	-5.658533	0.519304	1.040255	-0.117352	-0.230538	-0.709962	0.665437	-0.968254	0.235280	-0.084426	-0.096625	-0.663775	-0.741664
55514	8.769334	1.542544	-4.296732	0.303888	1.743745	-0.124533	-0.227588	-0.698530	0.678424	-0.968846	0.232324	-0.085806	-0.097676	-0.676817	-0.729642
55515	8.198128	1.455755	-4.779534	-0.178782	1.915003	-0.059885	-0.225041	-0.685590	0.692331	-0.968811	0.233102	-0.084078	-0.103741	-0.689659	-0.716665
55516	8.714243	1.343514	-5.124917	-0.467993	2.177058	0.088422	-0.223485	-0.670180	0.707752	-0.968117	0.236921	-0.081355	-0.113159	-0.703368	-0.701761
55517	8.982657	0.611951	-5.464777	-0.813165	2.438721	0.275725	-0.223191	-0.652195	0.724450	-0.966536	0.244494	-0.077665	-0.126470	-0.717541	-0.684938
55518	9.859711	-0.456584	-5.571146	-0.995427	2.751199	0.410891	-0.223409	-0.631177	0.742768	-0.964292	0.254311	-0.073934	-0.142229	-0.732763	-0.665455
55519	10.381497	-0.727248	-4.668262	-1.167299	3.109813	0.481637	-0.223301	-0.606889	0.762773	-0.961459	0.265915	-0.069895	-0.160415	-0.748983	-0.642878
55520	10.611544	-0.175878	-3.624691	-1.445339	3.231004	0.523784	-0.222750	-0.580965	0.782855	-0.957832	0.279928	-0.064800	-0.181496	-0.764278	-0.618821
55521	10.889943	-0.464596	-4.084442	-1.831642	3.282495	0.568297	-0.221776	-0.554022	0.802418	-0.953026	0.297251	-0.058168	-0.206294	-0.777625	-0.593921
55522	10.470820	-1.429546	-5.025364	-2.055667	3.365559	0.598444	-0.220010	-0.525762	0.821687	-0.947197	0.316559	-0.051063	-0.233266	-0.789535	-0.567646
55523	10.199995	-2.659176	-5.791332	-2.004540	3.442554	0.612607	-0.217269	-0.496398	0.840466	-0.940925	0.335608	-0.045021	-0.259719	-0.800598	-0.539990
55524	9.895415	-3.441016	-6.156990	-1.668576	3.507868	0.585227	-0.213186	-0.466051	0.858690	-0.935150	0.351848	-0.041204	-0.282925	-0.811788	-0.510837
55525	9.313943	-3.035988	-6.201851	-1.176382	3.511082	0.527375	-0.207810	-0.435463	0.875892	-0.930612	0.363824	-0.039912	-0.301290	-0.823410	-0.480854
55526	8.605674	-2.073492	-6.009693	-0.787250	3.451814	0.475128	-0.201522	-0.405035	0.891816	-0.927223	0.372321	-0.040427	-0.315668	-0.835059	-0.450589
55527	8.048775	-1.312828	-5.913565	-0.490962	3.406756	0.431674	-0.194534	-0.374779	0.906475	-0.924799	0.378115	-0.042136	-0.326960	-0.846504	-0.420152
55528	7.739107	-1.037254	-5.988160	-0.230692	3.384468	0.397811	-0.186948	-0.344371	0.920032	-0.923288	0.381485	-0.044818	-0.335544	-0.857833	-0.389271
55529	7.174690	-1.183654	-6.113771	0.062183	3.420271	0.361819	-0.178675	-0.313460	0.932641	-0.922845	0.382123	-0.048367	-0.341222	-0.869325	-0.357550
55530	6.725514	-1.362293	-6.157131	0.371569	3.433186	0.321988	-0.169839	-0.282131	0.944223	-0.923568	0.379804	-0.052639	-0.343769	-0.880994	-0.325073
55531	6.478440	-1.206187	-6.257479	0.658669	3.428257	0.277119	-0.160583	-0.250691	0.954656	-0.925381	0.374688	-0.057267	-0.343342	-0.892616	-0.292153
55532	6.445748	-0.830779	-6.274225	0.873183	3.435736	0.253307	-0.151134	-0.218833	0.963987	-0.927983	0.367415	-0.062083	-0.340597	-0.903946	-0.258602
55533	6.168276	0.037564	-6.114579	0.930131	3.487786	0.206961	-0.141200	-0.186377	0.972279	-0.930839	0.359366	-0.066295	-0.337049	-0.914396	-0.224230
55534	6.164388	1.138122	-5.389288	0.731940	3.511780	0.181694	-0.131047	-0.153415	0.979434	-0.933061	0.352929	-0.069561	-0.334999	-0.922987	-0.189396
55535	6.155965	1.622857	-4.690236	0.364710	3.539307	0.174969	-0.120765	-0.120029	0.985398	-0.934070	0.349783	-0.071869	-0.336049	-0.929110	-0.154357
55536	6.295193	1.685704	-4.604306	-0.096303	3.501175	0.197124	-0.110708	-0.086702	0.990064	-0.933524	0.350866	-0.073660	-0.340993	-0.932403	-0.119782
55537	6.245941	0.986722	-4.651215	-0.527005	3.506151	0.228468	-0.100692	-0.053198	0.993494	-0.931468	0.355936	-0.075346	-0.349612	-0.932995	-0.085392
55538	6.061492	0.075348	-4.628331	-0.792429	3.499683	0.252629	-0.090573	-0.019619	0.995697	-0.928421	0.363402	-0.077292	-0.360322	-0.931426	-0.051129
55539	6.205949	-0.599129	-4.318181	-0.928790	3.345591	0.304723	-0.081110	0.012602	0.996626	-0.924763	0.372047	-0.079966	-0.371799	-0.928128	-0.018523
55540	6.752699	-1.176898	-3.764469	-0.913925	3.141543	0.381050	-0.072732	0.043166	0.996417	-0.921029	0.380393	-0.083708	-0.382643	-0.923817	0.012090
55541	7.139449	-1.717884	-3.153327	-0.851602	2.844583	0.424031	-0.065567	0.070996	0.995319	-0.917439	0.387997	-0.088113	-0.392437	-0.918922	0.039695
55542	7.366876	-1.585889	-2.319444	-0.658499	2.538581	0.410996	-0.059232	0.095906	0.993627	-0.914579	0.393681	-0.092519	-0.400045	-0.914230	0.064395
55543	7.130670	-1.256649	-1.570606	-0.457211	2.146446	0.356166	-0.053803	0.116885	0.991687	-0.912540	0.397475	-0.096357	-0.405433	-0.910138	0.085277
55544	6.825145	-0.634439	-0.940166	-0.223393	1.693829	0.291242	-0.049529	0.133467	0.989815	-0.911486	0.399133	-0.099429	-0.408338	-0.907127	0.101885
55545	6.641326	0.028124	-0.750494	-0.041978	1.179106	0.256900	-0.047011	0.145167	0.988290	-0.911194	0.399158	-0.101975	-0.409287	-0.905317	0.113511
55546	6.611787	0.057081	-1.039265	0.132865	0.708202	0.242918	-0.046292	0.152574	0.987207	-0.911629	0.397587	-0.104196	-0.408399	-0.904790	0.120686
55547	6.301663	-0.208510	-1.556428	0.353781	0.283719	0.222127	-0.047126	0.156011	0.986630	-0.912968	0.394046	-0.105916	-0.405302	-0.905753	0.123863
55548	6.205994	-0.789492	-2.241047	0.566637	-0.146778	0.205762	-0.049560	0.155513	0.986590	-0.915155	0.388580	-0.107222	-0.400043	-0.908197	0.123060
55549	6.512990	-1.410452	-1.985854	0.988118	-0.494665	0.225033	-0.053541	0.151863	0.986950	-0.918949	0.379241	-0.108206	-0.390725	-0.912751	0.119249
55550	6.539071	-1.373169	-3.945809	1.227446	-0.999957	0.183816	-0.059046	0.143417	0.987899	-0.923574	0.367722	-0.108585	-0.378846	-0.918810	0.110744
55551	5.936591	-0.518192	-4.849296	1.579562	-1.358253	0.156214	-0.065496	0.131440	0.989158	-0.929343	0.352937	-0.108433	-0.363363	-0.926369	0.099037
55552	5.994192	-1.180864	-6.024826	1.769046	-1.702141	0.198208	-0.073344	0.116306	0.990502	-0.935482	0.336224	-0.108750	-0.345679	-0.934573	0.084142
55553	7.323693	-1.702748	-6.263024	1.946693	-1.960616	0.276486	-0.082484	0.098795	0.991683	-0.941808	0.317651	-0.109981	-0.325875	-0.943047	0.066845
55554	11.185206	-1.710843	-3.552633	2.463363	-1.794570	0.320051	-0.091103	0.082784	0.992395	-0.949257	0.294008	-0.111669	-0.301016	-0.952211	0.051799
55555	17.628767	1.071951	2.758090	3.219528	-1.397635	0.199291	-0.096949	0.069954	0.992828	-0.958251	0.263035	-0.112106	-0.268990	-0.962247	0.041533
55556	24.225541	4.376620	6.378085	3.237431	-1.183514	0.029309	-0.100190	0.058604	0.993241	-0.966413	0.231711	-0.111155	-0.236659	-0.971018	0.033420
55557	19.651191	6.791152	2.803017	2.214570	-1.543238	0.098359	-0.104578	0.043788	0.993552	-0.971303	0.210092	-0.111495	-0.213619	-0.976701	0.020561
55558	13.586861	8.113490	-3.983220	1.041870	-2.501256	0.434870	-0.113946	0.020234	0.993281	-0.972993	0.199753	-0.115687	-0.200752	-0.979637	-0.003074
55559	8.834615	6.906173	-6.108294	0.000613	-2.640212	0.543616	-0.124453	-0.004552	0.992215	-0.972351	0.199702	-0.121046	-0.197597	-0.979846	-0.029279
55560	7.921721	4.822424	-7.648956	-0.710493	-2.477615	0.490246	-0.134107	-0.027795	0.990577	-0.970307	0.206732	-0.125562	-0.201294	-0.978003	-0.054694
55561	8.070572	1.716681	-9.804959	-0.832460	-1.850772	0.692987	-0.144559	-0.044414	0.988499	-0.967649	0.215110	-0.131845	-0.206780	-0.975579	-0.074074
55562	8.697401	-1.482458	-12.700707	-1.327631	-1.358450	0.776635	-0.154890	-0.055914	0.986348	-0.963677	0.228424	-0.138381	-0.217568	-0.971955	-0.089263
55563	9.981241	-3.042938	-10.658392	-1.283352	-0.493867	0.697034	-0.162657	-0.059073	0.984913	-0.959711	0.241273	-0.144024	-0.229124	-0.968658	-0.095937
55564	9.685515	-4.193226	-5.235330	-1.238687	-0.003057	0.590915	-0.168275	-0.057644	0.984053	-0.955829	0.253595	-0.148594	-0.240986	-0.965591	-0.097772
55565	9.441911	-4.384757	-1.619774	-0.981305	-0.433367	0.452946	-0.173622	-0.060657	0.982943	-0.952655	0.263320	-0.152023	-0.249607	-0.962800	-0.103503
55566	11.262204	-4.760435	-4.583312	-1.117599	-0.772695	0.317863	-0.178564	-0.067235	0.981628	-0.949262	0.274261	-0.153891	-0.258876	-0.959302	-0.112797
55567	10.484465	-5.184496	-3.940794	-0.931944	-0.651018	0.230537	-0.182421	-0.072833	0.980519	-0.946405	0.283344	-0.155027	-0.266533	-0.956249	-0.120618
55568	9.454983	-5.310472	-4.432992	-0.734978	-0.757812	0.150578	-0.185844	-0.079647	0.979346	-0.944157	0.290473	-0.155543	-0.272085	-0.953563	-0.129182
55569	9.210106	-5.298657	-5.055619	-0.386086	-0.681256	0.079640	-0.188418	-0.085911	0.978324	-0.942961	0.294211	-0.155771	-0.274452	-0.951871	-0.136445
55570	9.547443	-4.875992	-4.663719	-0.059527	-0.647918	0.039457	-0.190529	-0.091972	0.977364	-0.942731	0.294808	-0.156036	-0.273784	-0.951120	-0.142874
55571	9.952495	-3.885492	-4.160067	0.217492	-0.608441	0.028788	-0.192418	-0.097681	0.976439	-0.943276	0.292761	-0.156596	-0.270567	-0.951183	-0.148472
55572	9.911841	-2.558480	-3.457615	0.341893	-0.591953	0.047727	-0.194423	-0.103188	0.975475	-0.944109	0.289550	-0.157543	-0.266193	-0.951584	-0.153716
55573	9.658253	-1.538953	-3.245418	0.294548	-0.584552	0.054020	-0.196439	-0.108601	0.974483	-0.944790	0.286797	-0.158492	-0.262267	-0.951816	-0.158943
55574	9.649035	-0.877233	-2.963264	0.181965	-0.552688	0.050625	-0.198327	-0.113732	0.973515	-0.945172	0.285116	-0.159244	-0.259454	-0.951722	-0.164042
55575	10.117383	-1.274160	-3.052900	0.058820	-0.530654	0.073327	-0.200354	-0.118578	0.972521	-0.945187	0.284634	-0.160017	-0.257839	-0.951274	-0.169106
55576	10.667789	-1.894164	-3.233218	0.034739	-0.478249	0.085195	-0.202356	-0.122900	0.971570	-0.945112	0.284401	-0.160870	-0.256545	-0.950795	-0.173705
55577	10.499758	-2.417294	-3.125149	0.043806	-0.416850	0.065814	-0.204006	-0.126682	0.970739	-0.945099	0.284060	-0.161548	-0.255282	-0.950401	-0.177677
55578	10.057799	-2.727389	-2.895214	0.080114	-0.419223	0.035205	-0.205374	-0.130583	0.969933	-0.945239	0.283338	-0.161999	-0.253664	-0.950088	-0.181622
55579	9.666931	-2.719481	-2.351381	0.183710	-0.380515	0.011075	-0.206400	-0.134172	0.969225	-0.945688	0.281599	-0.162405	-0.251143	-0.950105	-0.185007
55580	9.418183	-2.196151	-1.334711	0.284487	-0.378829	0.005214	-0.207363	-0.137775	0.968514	-0.946395	0.278897	-0.162953	-0.247664	-0.950386	-0.188223
55581	9.292843	-1.234296	-0.085500	0.317827	-0.399814	0.007939	-0.208382	-0.141559	0.967749	-0.947168	0.275879	-0.163596	-0.243823	-0.950711	-0.191569
55582	9.350570	-0.366749	1.041275	0.244009	-0.449223	0.025003	-0.209675	-0.145778	0.966843	-0.947715	0.273588	-0.164276	-0.240569	-0.950736	-0.195521
55583	9.314878	0.114259	1.756567	0.073796	-0.517023	0.040174	-0.211257	-0.150588	0.965761	-0.947816	0.272938	-0.164773	-0.238780	-0.950173	-0.200389
55584	9.134967	-0.187988	1.977580	-0.120956	-0.582402	0.054149	-0.213127	-0.155983	0.964493	-0.947420	0.274162	-0.165015	-0.238687	-0.948949	-0.206213
55585	8.864332	-1.079419	1.541851	-0.256683	-0.659960	0.054245	-0.215180	-0.162096	0.963028	-0.946699	0.276673	-0.164963	-0.239704	-0.947194	-0.212991
55586	8.968807	-1.710835	0.758419	-0.315202	-0.743706	0.051623	-0.217422	-0.169000	0.961336	-0.945839	0.279732	-0.164741	-0.241075	-0.945087	-0.220666
55587	9.118854	-1.964784	0.022829	-0.327612	-0.815509	0.048597	-0.219814	-0.176567	0.959430	-0.944950	0.282899	-0.164433	-0.242388	-0.942758	-0.229032
55588	9.155916	-1.682276	-0.635385	-0.355746	-0.898911	0.048793	-0.222424	-0.184899	0.957256	-0.943986	0.286327	-0.164035	-0.243758	-0.940122	-0.238228
55589	9.362485	-1.630760	-1.319053	-0.443083	-0.960254	0.042007	-0.225132	-0.193797	0.954860	-0.942817	0.290555	-0.163322	-0.245788	-0.937027	-0.248128
55590	9.308912	-1.957219	-2.235751	-0.465609	-0.971850	0.024200	-0.227724	-0.202825	0.952368	-0.941622	0.294947	-0.162340	-0.247972	-0.933739	-0.258151
55591	9.034832	-2.265736	-3.105233	-0.408043	-0.955960	-0.008281	-0.229986	-0.211767	0.949874	-0.940635	0.298723	-0.161151	-0.249623	-0.930548	-0.267897
55592	8.843969	-2.715193	-3.964523	-0.310275	-0.960123	-0.047958	-0.231900	-0.220839	0.947340	-0.939980	0.301491	-0.159816	-0.250320	-0.927542	-0.277500
55593	8.832081	-3.213113	-4.747741	-0.168716	-0.927212	-0.086089	-0.233371	-0.229694	0.944870	-0.939768	0.302848	-0.158490	-0.249748	-0.924945	-0.286535
55594	9.055065	-3.066815	-5.030663	0.000025	-0.852237	-0.105781	-0.234463	-0.237898	0.942567	-0.940025	0.302588	-0.157459	-0.247750	-0.922954	-0.294576
55595	9.214936	-2.841986	-4.843364	0.058033	-0.775401	-0.126126	-0.235150	-0.245436	0.940460	-0.940474	0.301736	-0.156408	-0.245383	-0.921258	-0.301779
55596	9.394869	-2.764330	-4.627592	0.077575	-0.741106	-0.143550	-0.235577	-0.252701	0.938427	-0.941011	0.300651	-0.155266	-0.242904	-0.919647	-0.308621
55597	9.782241	-2.536722	-4.396209	0.072598	-0.705141	-0.171561	-0.235628	-0.259701	0.936501	-0.941600	0.299532	-0.153848	-0.240558	-0.918061	-0.315113
55598	10.098152	-2.052851	-3.540431	0.080361	-0.644144	-0.174260	-0.235498	-0.266143	0.934724	-0.942212	0.298323	-0.152444	-0.238278	-0.916608	-0.321018
55599	10.396599	-1.063994	-2.191373	0.061979	-0.623265	-0.179341	-0.235248	-0.272392	0.932985	-0.942791	0.297260	-0.150934	-0.236226	-0.915117	-0.326739
55600	10.474872	-0.304223	-0.575578	-0.037713	-0.617728	-0.177962	-0.234995	-0.278579	0.931220	-0.943130	0.297100	-0.149121	-0.235123	-0.913305	-0.332553
55601	10.154694	0.165428	0.970086	-0.096199	-0.689117	-0.190640	-0.234776	-0.285439	0.929196	-0.943362	0.297426	-0.146989	-0.234411	-0.911078	-0.339100
55602	9.958748	0.375574	2.048835	-0.210067	-0.865317	-0.207215	-0.234816	-0.293935	0.926533	-0.943366	0.298721	-0.144315	-0.234356	-0.907947	-0.347432
55603	10.095968	0.380941	2.694339	-0.319588	-1.029409	-0.222250	-0.235096	-0.303934	0.923230	-0.943148	0.300938	-0.141097	-0.234951	-0.903914	-0.357404
55604	10.376783	0.162605	3.715500	-0.435448	-1.164764	-0.219669	-0.235733	-0.315102	0.919315	-0.942649	0.304167	-0.137461	-0.236311	-0.898996	-0.368733
55605	11.072276	0.276649	4.653579	-0.549133	-1.347149	-0.217092	-0.236846	-0.327845	0.914561	-0.941869	0.308374	-0.133374	-0.238301	-0.892986	-0.381824
55606	11.566734	0.887150	5.809179	-0.686532	-1.509744	-0.215010	-0.238402	-0.341939	0.908979	-0.940744	0.313742	-0.128709	-0.241174	-0.885801	-0.396474
55607	11.829218	1.457447	6.568649	-0.901323	-1.712116	-0.198938	-0.240660	-0.357669	0.902306	-0.939037	0.320974	-0.123225	-0.245544	-0.876954	-0.413110
55608	11.862699	1.836740	6.398050	-1.139671	-1.950735	-0.168349	-0.243885	-0.375210	0.894281	-0.936624	0.330270	-0.116862	-0.251506	-0.866106	-0.431978
55609	12.121929	2.559927	4.800110	-1.251230	-2.184491	-0.116607	-0.248319	-0.394392	0.884755	-0.933735	0.340563	-0.110255	-0.257831	-0.853506	-0.452826
55610	12.423383	3.751693	2.659735	-1.369112	-2.386036	-0.040425	-0.254126	-0.414712	0.873747	-0.930272	0.351965	-0.103511	-0.264601	-0.839128	-0.475238
55611	12.456384	3.949954	1.528183	-1.426278	-2.441324	0.030940	-0.260920	-0.434908	0.861844	-0.926380	0.363936	-0.096807	-0.271554	-0.823654	-0.497848
55612	12.440928	3.962883	1.936129	-1.445906	-2.553663	0.022561	-0.268093	-0.455628	0.848840	-0.922358	0.375803	-0.089595	-0.278175	-0.806954	-0.521002
55613	13.628176	3.657080	2.144062	-1.418082	-2.749711	0.024741	-0.276009	-0.477484	0.834163	-0.918318	0.387213	-0.082210	-0.283745	-0.788717	-0.545356
55614	15.799150	3.166873	3.034204	-1.374840	-2.780932	0.000485	-0.283913	-0.499132	0.818695	-0.914395	0.397907	-0.074509	-0.288574	-0.769765	-0.569375
55615	16.260714	3.674381	5.021836	-1.214092	-2.858095	-0.023744	-0.291947	-0.520963	0.802100	-0.910955	0.406992	-0.067228	-0.291425	-0.750303	-0.593394
55616	15.625252	1.989679	2.711600	-1.471275	-3.090191	-0.020027	-0.300773	-0.543859	0.783424	-0.906708	0.417736	-0.058109	-0.295662	-0.727815	-0.618765
55617	14.827668	-2.665636	-1.794655	-1.518755	-2.991158	-0.031105	-0.309367	-0.565431	0.764578	-0.902290	0.428420	-0.048259	-0.300273	-0.704801	-0.642722
55618	12.241327	-7.547931	-6.325428	-1.085898	-2.961733	-0.129138	-0.317039	-0.586512	0.745312	-0.899445	0.435187	-0.040140	-0.300807	-0.683093	-0.665507
55619	13.851538	-8.993911	-11.260997	-0.774718	-3.142779	0.103483	-0.327337	-0.607194	0.723993	-0.896807	0.440986	-0.035627	-0.297638	-0.660944	-0.688886
