// General information: 
//  MT Manager version: 2022.2.0 
//  XDA version: 2022.2.0 build 7381 rev 124627 built on 2023-07-19
// Device information: 
//  DeviceId: 00B4CB9F
//  ProductCode: MTW2-3A7G6
//  Firmware Version: 4.6.0
//  Hardware Version: 2.0.0
// Device settings: 
//  Filter Profile: human(46.1)
//  Option Flags: Orientation Smoother Disabled, Position/Velocity Smoother Disabled, Continuous Zero Rotation Update Disabled, AHS Disabled, ICC Disabled
// Coordinate system: ENU
PacketCounter	Acc_X	Acc_Y	Acc_Z	Gyr_X	Gyr_Y	Gyr_Z	Mat[1][1]	Mat[2][1]	Mat[3][1]	Mat[1][2]	Mat[2][2]	Mat[3][2]	Mat[1][3]	Mat[2][3]	Mat[3][3]
35906	9.599539	-1.630516	1.396021	-0.008569	0.026175	-0.002787	-0.053514	-0.208952	0.976461	0.436256	-0.884497	-0.165364	0.898230	0.417138	0.138490
35907	9.601890	-1.640033	1.376468	-0.009812	0.032738	-0.004192	-0.053755	-0.209052	0.976426	0.436208	-0.884522	-0.165361	0.898239	0.417036	0.138738
35908	9.560592	-1.617368	1.365068	-0.004574	0.038955	-0.006397	-0.054060	-0.209175	0.976383	0.436210	-0.884524	-0.165344	0.898220	0.416969	0.139061
35909	9.563143	-1.557028	1.369755	-0.001504	0.037895	-0.007454	-0.054360	-0.209269	0.976346	0.436236	-0.884520	-0.165298	0.898189	0.416931	0.139373
35910	9.536843	-1.525592	1.410563	-0.003432	0.040901	-0.011496	-0.054705	-0.209354	0.976308	0.436245	-0.884528	-0.165230	0.898164	0.416870	0.139718
35911	9.544896	-1.484097	1.371075	-0.004303	0.042082	-0.015064	-0.055076	-0.209398	0.976278	0.436241	-0.884552	-0.165113	0.898143	0.416799	0.140066
35912	9.533394	-1.513087	1.440478	-0.012341	0.040049	-0.020477	-0.055452	-0.209401	0.976256	0.436165	-0.884616	-0.164970	0.898157	0.416661	0.140387
35913	9.534896	-1.522629	1.503117	-0.015779	0.046494	-0.017249	-0.055874	-0.209443	0.976223	0.436054	-0.884693	-0.164848	0.898184	0.416475	0.140760
35914	9.524193	-1.550410	1.491775	-0.010689	0.042107	-0.015807	-0.056248	-0.209495	0.976190	0.435995	-0.884741	-0.164748	0.898189	0.416348	0.141104
35915	9.502334	-1.539326	1.569508	-0.005540	0.048651	-0.016450	-0.056688	-0.209552	0.976153	0.435967	-0.884779	-0.164619	0.898175	0.416239	0.141514
35916	9.472895	-1.497690	1.633768	-0.004609	0.058405	-0.014960	-0.057204	-0.209680	0.976095	0.435964	-0.884799	-0.164518	0.898144	0.416131	0.142027
35917	9.443295	-1.455779	1.698704	-0.003985	0.063313	-0.022303	-0.057799	-0.209748	0.976046	0.435959	-0.884836	-0.164331	0.898108	0.416018	0.142584
35918	9.438554	-1.445310	1.808019	-0.009935	0.068884	-0.027309	-0.058463	-0.209810	0.975993	0.435901	-0.884905	-0.164117	0.898094	0.415841	0.143191
35919	9.445010	-1.473620	1.828806	-0.020105	0.073568	-0.026164	-0.059167	-0.209887	0.975934	0.435751	-0.885016	-0.163916	0.898120	0.415566	0.143822
35920	9.461523	-1.473121	1.865378	-0.026959	0.079293	-0.023201	-0.059907	-0.210028	0.975858	0.435542	-0.885146	-0.163767	0.898173	0.415216	0.144502
35921	9.457341	-1.448894	1.754652	-0.033299	0.072152	-0.027454	-0.060605	-0.210086	0.975803	0.435270	-0.885316	-0.163571	0.898258	0.414825	0.145099
35922	9.511806	-1.448234	1.687794	-0.054718	0.065238	-0.027081	-0.061236	-0.210134	0.975753	0.434809	-0.885570	-0.163425	0.898438	0.414259	0.145597
35923	9.567910	-1.446276	1.539023	-0.076568	0.056866	-0.026489	-0.061792	-0.210138	0.975717	0.434150	-0.885916	-0.163303	0.898719	0.413516	0.145974
35924	9.624527	-1.513606	1.365535	-0.092604	0.044602	-0.029328	-0.062247	-0.210079	0.975701	0.433346	-0.886330	-0.163190	0.899076	0.412658	0.146209
35925	9.645041	-1.579684	1.212202	-0.105281	0.036115	-0.024378	-0.062611	-0.210014	0.975692	0.432421	-0.886792	-0.163130	0.899495	0.411696	0.146337
35926	9.718133	-1.650365	1.146896	-0.107248	0.024092	-0.022336	-0.062851	-0.209932	0.975694	0.431489	-0.887251	-0.163108	0.899926	0.410749	0.146348
35927	9.775572	-1.800366	1.085766	-0.107580	0.018217	-0.019636	-0.063029	-0.209836	0.975703	0.430555	-0.887706	-0.163098	0.900361	0.409814	0.146297
35928	9.781664	-1.818868	1.040859	-0.086224	0.010100	-0.013908	-0.063107	-0.209771	0.975712	0.429816	-0.888058	-0.163127	0.900708	0.409082	0.146206
35929	9.773011	-1.776429	0.967205	-0.067326	-0.000253	-0.006450	-0.063061	-0.209716	0.975727	0.429251	-0.888321	-0.163187	0.900981	0.408541	0.146040
35930	9.715946	-1.695318	1.003890	-0.046365	-0.003003	0.001452	-0.062955	-0.209735	0.975730	0.428881	-0.888477	-0.163308	0.901165	0.408191	0.145885
35931	9.677961	-1.696972	1.105212	-0.020117	-0.006666	0.003676	-0.062808	-0.209743	0.975737	0.428747	-0.888525	-0.163398	0.901239	0.408082	0.145733
35932	9.642927	-1.708140	1.184559	0.011790	-0.006747	0.007532	-0.062642	-0.209800	0.975736	0.428905	-0.888432	-0.163493	0.901175	0.408256	0.145637
35933	9.603154	-1.629235	1.251849	0.039031	-0.009203	0.017747	-0.062410	-0.209924	0.975724	0.429314	-0.888208	-0.163635	0.900996	0.408680	0.145556
35934	9.531224	-1.571184	1.376962	0.052784	-0.012136	0.031290	-0.062093	-0.210170	0.975691	0.429856	-0.887896	-0.163902	0.900760	0.409230	0.145475
35935	9.533429	-1.444432	1.402221	0.060037	-0.009235	0.031628	-0.061802	-0.210416	0.975657	0.430463	-0.887557	-0.164149	0.900490	0.409839	0.145429
35936	9.499485	-1.385804	1.424837	0.051924	-0.015046	0.031743	-0.061456	-0.210653	0.975627	0.430997	-0.887247	-0.164421	0.900258	0.410387	0.145318
35937	9.522554	-1.422227	1.548948	0.048953	-0.014306	0.031252	-0.061121	-0.210875	0.975600	0.431501	-0.886954	-0.164680	0.900039	0.410907	0.145204
35938	9.532544	-1.464863	1.540287	0.046123	-0.011155	0.035187	-0.060796	-0.211158	0.975559	0.431984	-0.886660	-0.164996	0.899830	0.411395	0.145122
35939	9.508823	-1.446927	1.554809	0.040416	-0.007583	0.037076	-0.060496	-0.211459	0.975513	0.432416	-0.886388	-0.165324	0.899643	0.411826	0.145061
35940	9.477658	-1.329113	1.579238	0.028335	0.000116	0.034180	-0.060276	-0.211780	0.975457	0.432738	-0.886169	-0.165655	0.899502	0.412132	0.145059
35941	9.455350	-1.239648	1.537188	0.002049	0.005178	0.021963	-0.060159	-0.211997	0.975417	0.432802	-0.886094	-0.165890	0.899480	0.412182	0.145059
35942	9.478362	-1.261980	1.523026	-0.030089	0.011403	0.007202	-0.060158	-0.212125	0.975389	0.432582	-0.886173	-0.166043	0.899585	0.411947	0.145071
35943	9.524833	-1.373698	1.470339	-0.054896	0.011996	-0.000753	-0.060197	-0.212170	0.975377	0.432135	-0.886373	-0.166139	0.899797	0.411494	0.145043
35944	9.565569	-1.535245	1.438139	-0.077971	0.014317	-0.005579	-0.060277	-0.212197	0.975366	0.431477	-0.886675	-0.166237	0.900108	0.410828	0.145004
35945	9.607880	-1.694792	1.324517	-0.080854	0.010636	-0.003607	-0.060317	-0.212211	0.975361	0.430795	-0.886987	-0.166343	0.900432	0.410147	0.144920
35946	9.634049	-1.795169	1.263596	-0.070046	0.016655	0.001438	-0.060387	-0.212310	0.975335	0.430211	-0.887241	-0.166498	0.900706	0.409546	0.144916
35947	9.616340	-1.794523	1.234440	-0.051948	0.018413	0.003291	-0.060468	-0.212417	0.975306	0.429790	-0.887420	-0.166630	0.900902	0.409101	0.144956
35948	9.611607	-1.705028	1.223321	-0.031061	0.024170	0.004733	-0.060593	-0.212576	0.975264	0.429560	-0.887508	-0.166759	0.901003	0.408830	0.145090
35949	9.568810	-1.616280	1.315286	-0.018718	0.026776	0.002494	-0.060753	-0.212710	0.975225	0.429435	-0.887553	-0.166836	0.901052	0.408660	0.145267
35950	9.552263	-1.557455	1.370555	-0.011367	0.029351	0.001281	-0.060939	-0.212859	0.975181	0.429380	-0.887567	-0.166903	0.901065	0.408553	0.145485
35951	9.576499	-1.590166	1.417055	-0.003597	0.029271	0.003854	-0.061116	-0.213015	0.975136	0.429391	-0.887549	-0.166971	0.901048	0.408510	0.145710
35952	9.577361	-1.602309	1.478250	-0.013821	0.027123	0.003021	-0.061274	-0.213171	0.975092	0.429315	-0.887569	-0.167059	0.901074	0.408385	0.145902
35953	9.545084	-1.609120	1.398652	-0.011915	0.024097	0.007054	-0.061391	-0.213334	0.975049	0.429250	-0.887580	-0.167170	0.901097	0.408277	0.146063
35954	9.541695	-1.600334	1.422914	-0.021505	0.022777	0.002901	-0.061511	-0.213470	0.975011	0.429104	-0.887632	-0.167268	0.901158	0.408093	0.146200
35955	9.561814	-1.681340	1.408005	-0.021325	0.018033	0.003803	-0.061586	-0.213581	0.974982	0.428961	-0.887684	-0.167361	0.901221	0.407922	0.146286
35956	9.560139	-1.601180	1.374628	-0.022294	0.015432	0.005789	-0.061627	-0.213713	0.974951	0.428810	-0.887733	-0.167489	0.901290	0.407747	0.146350
35957	9.568751	-1.561250	1.332680	-0.030931	0.012601	0.003648	-0.061655	-0.213799	0.974930	0.428572	-0.887828	-0.167594	0.901401	0.407495	0.146367
35958	9.561285	-1.531090	1.319669	-0.033447	0.018919	-0.001063	-0.061757	-0.213884	0.974905	0.428317	-0.887936	-0.167672	0.901516	0.407213	0.146447
35959	9.521521	-1.451280	1.388640	-0.038892	0.018834	-0.009806	-0.061900	-0.213876	0.974898	0.427997	-0.888093	-0.167658	0.901658	0.406876	0.146511
35960	9.538880	-1.521499	1.395849	-0.047249	0.026326	-0.017057	-0.062137	-0.213849	0.974888	0.427607	-0.888292	-0.167599	0.901826	0.406455	0.146639
35961	9.516764	-1.580915	1.446757	-0.042174	0.021926	-0.015628	-0.062330	-0.213803	0.974886	0.427262	-0.888470	-0.167534	0.901977	0.406090	0.146728
35962	9.583672	-1.563448	1.450063	-0.046114	0.020067	-0.014140	-0.062499	-0.213777	0.974881	0.426884	-0.888658	-0.167502	0.902144	0.405693	0.146798
35963	9.604095	-1.643124	1.434760	-0.038963	0.023271	-0.012237	-0.062689	-0.213766	0.974871	0.426573	-0.888814	-0.167465	0.902278	0.405355	0.146905
35964	9.593675	-1.602330	1.444843	-0.030663	0.024332	-0.011422	-0.062884	-0.213781	0.974856	0.426336	-0.888933	-0.167437	0.902377	0.405087	0.147042
35965	9.589270	-1.580583	1.410377	-0.028428	0.023068	-0.006057	-0.063045	-0.213824	0.974836	0.426126	-0.889032	-0.167446	0.902464	0.404846	0.147165
35966	9.569869	-1.581112	1.463031	-0.037059	0.020239	-0.008206	-0.063189	-0.213851	0.974820	0.425833	-0.889170	-0.167459	0.902593	0.404529	0.147251
35967	9.638004	-1.645185	1.500937	-0.039157	0.023900	-0.009127	-0.063374	-0.213870	0.974804	0.425514	-0.889324	-0.167452	0.902730	0.404181	0.147364
35968	9.585020	-1.654157	1.552875	-0.041022	0.029643	-0.007160	-0.063599	-0.213944	0.974773	0.425186	-0.889476	-0.167481	0.902869	0.403808	0.147535
35969	9.530868	-1.651213	1.546349	-0.033928	0.026017	-0.007251	-0.063796	-0.213986	0.974751	0.424906	-0.889609	-0.167485	0.902987	0.403492	0.147678
35970	9.519227	-1.598653	1.498114	-0.038076	0.026201	-0.012646	-0.064014	-0.213997	0.974735	0.424601	-0.889760	-0.167457	0.903115	0.403153	0.147820
35971	9.434938	-1.612646	1.467354	-0.052927	0.015951	-0.020688	-0.064175	-0.213881	0.974749	0.424153	-0.889992	-0.167358	0.903314	0.402703	0.147833
35972	9.499640	-1.723009	1.443191	-0.065214	0.007629	-0.032006	-0.064307	-0.213645	0.974793	0.423591	-0.890293	-0.167181	0.903568	0.402162	0.147750
35973	9.542260	-1.824254	1.491702	-0.065337	0.005244	-0.036439	-0.064438	-0.213345	0.974850	0.423019	-0.890609	-0.166948	0.903827	0.401622	0.147638
35974	9.600581	-1.998919	1.626575	-0.052228	0.011095	-0.037512	-0.064624	-0.213074	0.974897	0.422570	-0.890869	-0.166698	0.904024	0.401189	0.147610
35975	9.646419	-2.136188	1.852152	-0.023973	0.026271	-0.035183	-0.064940	-0.212870	0.974920	0.422370	-0.891016	-0.166416	0.904094	0.400970	0.147772
35976	9.557800	-2.084661	2.009750	0.025855	0.043619	-0.032228	-0.065397	-0.212776	0.974910	0.422629	-0.890951	-0.166102	0.903940	0.401163	0.148191
35977	9.433828	-1.959493	2.134216	0.061180	0.052491	-0.035976	-0.065952	-0.212672	0.974895	0.423205	-0.890755	-0.165687	0.903630	0.401654	0.148752
35978	9.349495	-1.843357	2.215417	0.064120	0.046365	-0.047450	-0.066499	-0.212454	0.974906	0.423800	-0.890569	-0.165167	0.903311	0.402182	0.149260
35979	9.394891	-1.949850	2.247561	0.060916	0.042334	-0.056818	-0.067053	-0.212125	0.974939	0.424355	-0.890419	-0.164549	0.903010	0.402687	0.149722
35980	9.438015	-2.115236	2.277528	0.070255	0.038886	-0.061505	-0.067593	-0.211752	0.974983	0.424995	-0.890237	-0.163883	0.902668	0.403286	0.150167
35981	9.537634	-2.375506	2.410222	0.104223	0.050560	-0.061018	-0.068240	-0.211420	0.975010	0.425934	-0.889921	-0.163159	0.902177	0.404156	0.150779
35982	9.964345	-2.474203	2.687837	0.147613	0.116775	-0.040094	-0.069391	-0.211554	0.974900	0.427284	-0.889379	-0.162583	0.901450	0.405278	0.152109
35983	9.152731	-2.923961	3.183430	0.243741	0.133647	-0.058598	-0.070778	-0.211586	0.974793	0.429485	-0.888485	-0.161668	0.900296	0.407217	0.153758
35984	9.764223	-2.946553	3.692412	0.387627	0.244155	-0.068596	-0.073196	-0.211992	0.974526	0.432969	-0.887016	-0.160436	0.898432	0.410197	0.156712
35985	9.361867	-2.753599	4.004970	0.524973	0.351687	-0.070469	-0.076590	-0.212830	0.974083	0.437677	-0.884972	-0.158946	0.895865	0.414160	0.160930
35986	8.943075	-1.956769	3.897525	0.595284	0.397761	-0.085477	-0.080451	-0.213748	0.973571	0.442981	-0.882645	-0.157180	0.892914	0.418628	0.165695
35987	9.175642	-0.834812	3.684559	0.575354	0.365926	-0.096019	-0.084078	-0.214453	0.973109	0.448066	-0.880407	-0.155310	0.890038	0.422959	0.170112
35988	8.462171	-0.685439	3.145738	0.439300	0.368086	-0.138778	-0.087902	-0.214811	0.972692	0.451899	-0.878809	-0.153240	0.887728	0.426088	0.174322
35989	9.406298	-0.893008	3.201702	0.323997	0.319322	-0.187193	-0.091519	-0.214545	0.972417	0.454649	-0.877798	-0.150879	0.885956	0.428300	0.177878
35990	9.797224	-1.496797	3.242796	0.271257	0.348770	-0.203302	-0.095460	-0.214274	0.972098	0.456908	-0.877039	-0.148452	0.884377	0.429988	0.181625
35991	10.123995	-2.165346	3.504975	0.299113	0.409714	-0.210850	-0.099988	-0.214202	0.971658	0.459377	-0.876180	-0.145881	0.882596	0.431771	0.186007
35992	10.301063	-2.764414	3.862936	0.395825	0.512709	-0.198518	-0.105349	-0.214699	0.970982	0.462710	-0.874861	-0.143242	0.880228	0.434193	0.191509
35993	10.133260	-3.236365	4.283343	0.530091	0.605130	-0.205651	-0.111570	-0.215547	0.970099	0.467159	-0.872980	-0.140241	0.877106	0.437544	0.198093
35994	10.157390	-3.336746	4.559506	0.707221	0.693722	-0.199791	-0.118506	-0.216873	0.968980	0.473166	-0.870270	-0.136911	0.872966	0.442264	0.205749
35995	9.773676	-3.363446	4.956567	0.899719	0.724980	-0.201644	-0.125723	-0.218366	0.967735	0.480787	-0.866676	-0.133101	0.867778	0.448540	0.213948
35996	9.498084	-3.157280	5.411612	1.112752	0.727699	-0.183084	-0.132830	-0.220091	0.966393	0.490219	-0.862009	-0.128938	0.861418	0.456618	0.222393
35997	9.404328	-2.966752	5.445483	1.284044	0.678648	-0.180278	-0.139490	-0.221696	0.965087	0.501039	-0.856449	-0.124322	0.854109	0.466204	0.230544
35998	9.989667	-2.582544	5.139516	1.378544	0.652203	-0.186074	-0.145904	-0.223195	0.963793	0.512541	-0.850331	-0.119328	0.846176	0.476573	0.238463
35999	10.594068	-2.061159	4.818318	1.427140	0.684337	-0.228676	-0.152799	-0.224580	0.962401	0.524268	-0.843929	-0.113697	0.837733	0.487183	0.246692
36000	10.504656	-1.129353	4.254351	1.442044	0.752983	-0.316901	-0.160680	-0.225635	0.960870	0.535836	-0.837507	-0.107062	0.828892	0.497666	0.255473
36001	10.744835	0.606258	3.540391	1.403211	0.850937	-0.389800	-0.169754	-0.226684	0.959061	0.546812	-0.831298	-0.099700	0.819866	0.507501	0.265069
36002	10.163155	1.977712	3.162039	1.258679	0.991326	-0.511491	-0.180586	-0.227526	0.956881	0.556229	-0.825985	-0.091429	0.811171	0.515734	0.275718
36003	10.846151	3.224201	3.072575	1.040704	1.136825	-0.661567	-0.193417	-0.227993	0.954258	0.563443	-0.822055	-0.082203	0.803194	0.521771	0.287461
36004	10.993183	3.603512	2.974053	0.747894	1.270923	-0.752977	-0.207769	-0.228471	0.951122	0.567963	-0.819823	-0.072862	0.796398	0.525063	0.300097
36005	11.371472	3.583022	2.937141	0.442230	1.397994	-0.743926	-0.223051	-0.229733	0.947349	0.569920	-0.819167	-0.064462	0.790847	0.525535	0.313646
36006	10.878723	3.049150	2.913951	0.140759	1.441176	-0.698914	-0.238328	-0.231571	0.943173	0.569468	-0.820005	-0.057433	0.786706	0.523418	0.327302
36007	10.395855	2.456844	2.635067	-0.102896	1.407665	-0.613441	-0.252826	-0.233883	0.938817	0.567203	-0.821934	-0.052015	0.783811	0.519349	0.340465
36008	9.876086	2.000741	2.247324	-0.257576	1.351430	-0.505677	-0.266193	-0.236712	0.934403	0.563924	-0.824419	-0.048199	0.781748	0.514103	0.352942
36009	9.150257	1.356938	1.794091	-0.374509	1.263335	-0.425235	-0.278409	-0.239661	0.930081	0.559891	-0.827312	-0.045583	0.780391	0.508053	0.364515
36010	8.776445	0.687519	1.280160	-0.456012	1.148439	-0.382004	-0.289425	-0.242301	0.926025	0.555300	-0.830498	-0.043749	0.779663	0.501560	0.374917
36011	8.694566	0.365539	0.704260	-0.510091	1.128975	-0.241693	-0.299519	-0.245916	0.921853	0.550663	-0.833596	-0.043457	0.779140	0.494614	0.385095
36012	7.273631	-1.626843	0.704714	-0.580935	0.949435	-0.282850	-0.308397	-0.248226	0.918300	0.545328	-0.837112	-0.043140	0.779428	0.487471	0.393527
36013	7.317064	-3.076316	0.431635	-0.482187	0.820996	-0.253108	-0.316126	-0.250083	0.915163	0.540830	-0.840046	-0.042736	0.779466	0.481437	0.400813
36014	7.933635	-3.988277	0.643556	-0.183410	0.749794	-0.161738	-0.322767	-0.252332	0.912223	0.538937	-0.841297	-0.042023	0.778054	0.478067	0.407534
36015	8.342514	-5.065256	1.091956	0.231618	0.731239	-0.057893	-0.328705	-0.255346	0.909259	0.540598	-0.840303	-0.040550	0.774407	0.478214	0.414252
36016	8.676281	-5.505999	1.542808	0.718671	0.735842	0.043828	-0.334072	-0.259259	0.906190	0.546339	-0.836703	-0.037968	0.768056	0.482403	0.421162
36017	8.465105	-4.969693	1.975868	1.178962	0.767856	0.156541	-0.339014	-0.264307	0.902890	0.555919	-0.830525	-0.034388	0.758962	0.490276	0.428493
36018	7.869720	-3.814764	2.575398	1.530842	0.778649	0.221640	-0.343564	-0.270007	0.899478	0.568261	-0.822309	-0.029790	0.747692	0.500903	0.435950
36019	7.535313	-2.498632	3.090652	1.730956	0.757611	0.228698	-0.347803	-0.275729	0.896106	0.581938	-0.812872	-0.024252	0.735106	0.513043	0.443176
36020	7.378443	-1.295226	3.523937	1.776120	0.722933	0.173411	-0.351980	-0.280891	0.892866	0.595538	-0.803128	-0.017891	0.722112	0.525438	0.449966
36021	7.447318	-0.197821	3.830643	1.705595	0.660469	0.088078	-0.356113	-0.285114	0.889884	0.608110	-0.793777	-0.010969	0.709496	0.537242	0.456055
36022	7.782249	0.841848	4.000798	1.570040	0.620228	0.010456	-0.360343	-0.288567	0.887064	0.619245	-0.785188	-0.003877	0.697630	0.547913	0.461631
36023	7.690961	1.707884	4.202785	1.355156	0.588897	-0.039556	-0.364603	-0.291518	0.884354	0.628535	-0.777776	0.002748	0.687028	0.556849	0.466809
36024	7.590032	2.356853	4.383329	1.112208	0.546721	-0.073959	-0.368733	-0.294013	0.881812	0.635905	-0.771719	0.008600	0.677983	0.563920	0.471522
36025	7.614013	2.881578	4.483991	0.874523	0.501164	-0.079790	-0.372560	-0.296242	0.879454	0.641556	-0.766959	0.013432	0.670526	0.569223	0.475794
36026	7.676251	3.157331	4.527677	0.676653	0.480681	-0.061279	-0.376094	-0.298521	0.877177	0.645893	-0.763235	0.017185	0.664361	0.573025	0.479860
36027	7.591578	3.161938	4.527940	0.496836	0.465026	-0.043881	-0.379398	-0.300857	0.874953	0.649064	-0.760472	0.019956	0.659373	0.575471	0.483797
36028	7.459945	3.034903	4.611725	0.340076	0.452318	-0.042252	-0.382577	-0.303144	0.872776	0.651189	-0.758598	0.021959	0.655430	0.576743	0.487626
36029	7.188076	2.969911	4.613727	0.195922	0.413942	-0.051516	-0.385565	-0.305138	0.870764	0.652320	-0.757584	0.023364	0.652548	0.577025	0.491146
36030	6.716057	2.907520	4.429646	0.056402	0.337645	-0.067347	-0.388136	-0.306577	0.869115	0.652476	-0.757422	0.024211	0.650864	0.576474	0.494017
36031	6.404624	2.756896	4.163279	-0.093619	0.221845	-0.096460	-0.390158	-0.307117	0.868018	0.651539	-0.758217	0.024586	0.650595	0.575140	0.495923
36032	6.268150	2.629561	3.872464	-0.253584	0.090024	-0.147287	-0.391633	-0.306518	0.867566	0.649362	-0.760082	0.024589	0.651884	0.572994	0.496714
36033	6.320507	2.258005	3.702337	-0.401667	-0.050050	-0.193226	-0.392509	-0.304753	0.867792	0.646026	-0.762929	0.024276	0.654665	0.570145	0.496335
36034	6.450095	1.781299	3.629910	-0.500457	-0.190683	-0.217542	-0.392589	-0.302008	0.868715	0.641936	-0.766392	0.023668	0.658628	0.566951	0.494747
36035	6.639715	1.351774	3.686170	-0.608400	-0.316142	-0.228869	-0.391915	-0.298453	0.870246	0.637062	-0.770479	0.022663	0.663743	0.563283	0.492096
36036	7.043253	1.030427	3.591465	-0.721475	-0.402389	-0.211758	-0.390506	-0.294562	0.872203	0.631474	-0.775114	0.020953	0.669885	0.558955	0.488695
36037	7.296713	0.818773	3.575485	-0.796655	-0.452735	-0.187501	-0.388589	-0.290575	0.874394	0.625426	-0.780059	0.018720	0.676639	0.554143	0.484856
36038	7.434616	0.427860	3.941309	-0.832361	-0.502139	-0.137354	-0.385960	-0.286734	0.876823	0.619283	-0.785007	0.015887	0.683757	0.549134	0.480551
36039	7.668840	-0.207562	4.334547	-0.782972	-0.545104	-0.060971	-0.382542	-0.283264	0.879445	0.613715	-0.789426	0.012686	0.690663	0.544581	0.475832
36040	7.689262	-1.192779	4.635387	-0.644131	-0.610148	0.061976	-0.377861	-0.280447	0.882367	0.609533	-0.792708	0.009074	0.696915	0.541260	0.470475
36041	7.925942	-2.596748	5.651726	-0.570956	-0.688517	0.292957	-0.371212	-0.279047	0.885626	0.606682	-0.794936	0.003820	0.702950	0.538711	0.464383
36042	9.181756	-4.151301	7.813707	-0.446731	-0.677584	0.537377	-0.363105	-0.279682	0.888782	0.605554	-0.795798	-0.003028	0.708138	0.537106	0.458321
36043	9.784037	-4.708433	8.954605	0.051031	-0.551419	0.622863	-0.355366	-0.281664	0.891280	0.608202	-0.793738	-0.008340	0.709793	0.539115	0.453376
36044	8.559194	-3.036659	8.943309	0.645080	-0.453496	0.524300	-0.348876	-0.283358	0.893305	0.614670	-0.788719	-0.010127	0.707436	0.545555	0.449337
36045	7.213236	0.425179	8.675464	0.962268	-0.499759	0.381272	-0.342942	-0.283610	0.895520	0.622826	-0.782306	-0.009242	0.703192	0.554584	0.444925
36046	6.603125	3.324193	8.304075	0.901731	-0.672425	0.327386	-0.336103	-0.282405	0.898489	0.630313	-0.776298	-0.008214	0.699814	0.563568	0.438920
36047	7.108083	4.125108	6.690548	0.591745	-0.966089	0.412461	-0.326690	-0.280123	0.902665	0.635868	-0.771741	-0.009362	0.699246	0.570918	0.430242
36048	10.132769	3.562983	5.594884	0.051768	-1.199271	0.478373	-0.315166	-0.276944	0.907729	0.637815	-0.770071	-0.013494	0.702753	0.574711	0.419339
36049	13.564080	1.547762	5.978402	-0.273713	-0.962172	0.373636	-0.305961	-0.274292	0.911675	0.637093	-0.770576	-0.018029	0.707461	0.575306	0.410515
36050	13.082723	-0.286731	7.144529	-0.124842	-0.467704	0.241568	-0.301037	-0.273464	0.913561	0.636990	-0.770592	-0.020767	0.709662	0.575678	0.406170
36051	10.075306	0.343997	7.149700	0.138906	-0.270172	0.228694	-0.297623	-0.273668	0.914618	0.638707	-0.769127	-0.022295	0.709559	0.577538	0.403704
36052	8.021992	2.596179	5.422996	0.147910	-0.419765	0.252954	-0.292954	-0.273184	0.916269	0.640552	-0.767538	-0.024040	0.709838	0.579875	0.399842
36053	8.050177	4.197334	2.992365	-0.076053	-0.663362	0.220417	-0.286791	-0.271026	0.918856	0.640697	-0.767341	-0.026362	0.712221	0.581147	0.393712
36054	9.332518	3.726385	1.589403	-0.335394	-0.779605	0.212952	-0.279787	-0.268134	0.921858	0.638952	-0.768675	-0.029655	0.716561	0.580726	0.386390
36055	10.519608	1.672965	1.377191	-0.503694	-0.783335	0.280126	-0.272335	-0.265743	0.924778	0.636148	-0.770811	-0.034162	0.721907	0.578992	0.378971
36056	11.039496	-0.266341	1.425175	-0.647268	-0.751725	0.390743	-0.264335	-0.264421	0.927474	0.632552	-0.773472	-0.040236	0.728015	0.576040	0.371716
36057	11.004440	-1.119134	1.158861	-0.778821	-0.727709	0.467222	-0.256033	-0.263858	0.929960	0.628115	-0.776673	-0.047435	0.734791	0.571977	0.364587
36058	10.379444	-1.028606	0.751517	-0.825222	-0.709383	0.476496	-0.247741	-0.263528	0.932297	0.623271	-0.780078	-0.054878	0.741726	0.567478	0.357507
36059	9.552064	-0.841105	0.854729	-0.835042	-0.726934	0.440247	-0.239553	-0.262853	0.934624	0.618166	-0.783604	-0.061938	0.748656	0.562915	0.350201
36060	9.202600	-1.050926	1.269438	-0.832526	-0.763461	0.407559	-0.231229	-0.261777	0.937020	0.612911	-0.787163	-0.068662	0.755561	0.558433	0.342461
36061	9.052802	-1.782059	1.631847	-0.797462	-0.792402	0.372613	-0.222900	-0.260298	0.939447	0.607750	-0.790593	-0.074855	0.762205	0.554263	0.334420
36062	9.516221	-2.043616	2.027955	-0.680128	-0.793693	0.378762	-0.214461	-0.258917	0.941790	0.603422	-0.793329	-0.080693	0.768042	0.550991	0.326374
36063	9.255940	-2.102610	2.196269	-0.527448	-0.772695	0.386577	-0.206136	-0.257729	0.943972	0.600216	-0.795197	-0.086040	0.772819	0.548851	0.318612
36064	9.417224	-1.458094	2.394450	-0.407076	-0.769871	0.395658	-0.197728	-0.256662	0.946059	0.597908	-0.796373	-0.091089	0.776795	0.547645	0.310925
36065	9.039253	-0.705643	2.804025	-0.361231	-0.737276	0.385370	-0.189641	-0.255691	0.947976	0.595886	-0.797328	-0.095852	0.780356	0.546708	0.303569
36066	9.116979	-0.151636	3.507846	-0.366714	-0.709948	0.366195	-0.181836	-0.254741	0.949759	0.593745	-0.798358	-0.100457	0.783838	0.545648	0.296421
36067	8.939347	-0.034187	4.186567	-0.408696	-0.656994	0.362067	-0.174483	-0.254046	0.951323	0.591224	-0.799630	-0.105100	0.787407	0.544107	0.289720
36068	8.619093	-0.396847	4.511175	-0.451675	-0.627683	0.355878	-0.167356	-0.253491	0.952751	0.588313	-0.801142	-0.109813	0.791125	0.542138	0.283208
36069	8.570436	-0.703310	4.484776	-0.483280	-0.606949	0.347949	-0.160457	-0.252991	0.954070	0.585096	-0.802842	-0.114488	0.794932	0.539852	0.276846
36070	8.471183	-0.994015	4.344348	-0.512641	-0.579342	0.330510	-0.153839	-0.252534	0.955280	0.581576	-0.804730	-0.119078	0.798814	0.537249	0.270666
36071	8.999238	-0.773293	4.219619	-0.520910	-0.553269	0.329602	-0.147455	-0.252220	0.956369	0.577946	-0.806656	-0.123627	0.802642	0.534500	0.264715
36072	8.740285	-0.707902	3.689395	-0.580666	-0.514269	0.354946	-0.141199	-0.252353	0.957278	0.573832	-0.808817	-0.128576	0.806709	0.531162	0.259012
36073	8.445751	-0.961753	2.829799	-0.698944	-0.518741	0.347175	-0.134978	-0.252418	0.958157	0.568702	-0.811606	-0.133696	0.811393	0.526860	0.253100
36074	8.861982	-1.316995	1.829013	-0.842229	-0.580359	0.326736	-0.128331	-0.252041	0.959170	0.562321	-0.815159	-0.138964	0.816901	0.521527	0.246338
36075	9.180620	-1.779203	0.690227	-0.949125	-0.623972	0.317751	-0.121399	-0.251400	0.960240	0.554981	-0.819248	-0.144323	0.822957	0.515394	0.238979
36076	9.617774	-2.273214	0.087061	-0.991333	-0.692926	0.306076	-0.113914	-0.250374	0.961424	0.547197	-0.823521	-0.149627	0.829216	0.509044	0.230814
36077	9.769612	-2.908786	-0.391078	-0.976948	-0.738690	0.292318	-0.106134	-0.249048	0.962658	0.539433	-0.827703	-0.154661	0.835313	0.502875	0.222192
36078	10.277607	-3.532594	-0.472060	-0.887235	-0.802659	0.279151	-0.097837	-0.247358	0.963972	0.532327	-0.831412	-0.159315	0.840866	0.497562	0.213018
36079	10.317144	-4.110896	-0.431122	-0.722247	-0.809928	0.305364	-0.089343	-0.245887	0.965172	0.526568	-0.834208	-0.163779	0.845425	0.493596	0.204007
36080	10.357863	-4.321065	-0.489078	-0.521933	-0.867883	0.336418	-0.080152	-0.244432	0.966348	0.522477	-0.835918	-0.168104	0.848878	0.491421	0.194710
36081	9.983517	-4.002099	-0.457658	-0.309406	-0.885551	0.373405	-0.070625	-0.243205	0.967400	0.520173	-0.836496	-0.172321	0.851136	0.491045	0.185586
36082	10.259162	-3.365891	-0.204897	-0.130542	-0.916750	0.389188	-0.060719	-0.241963	0.968384	0.519361	-0.836159	-0.176360	0.852395	0.492232	0.176437
36083	9.945845	-3.066223	0.114562	-0.005085	-0.929007	0.391918	-0.050704	-0.240657	0.969285	0.519579	-0.835206	-0.180188	0.852916	0.494484	0.167389
36084	10.039711	-2.728572	0.531148	0.085871	-0.944273	0.388323	-0.040557	-0.239224	0.970117	0.520532	-0.833813	-0.183851	0.852878	0.497521	0.158340
36085	9.687463	-2.397345	0.895009	0.138092	-0.939747	0.385931	-0.030472	-0.237748	0.970849	0.521889	-0.832172	-0.187408	0.852469	0.500965	0.149436
36086	9.417749	-2.153811	1.183165	0.146208	-0.956990	0.382830	-0.020241	-0.236129	0.971511	0.523275	-0.830494	-0.190952	0.851923	0.504502	0.140371
36087	9.161141	-1.923594	1.513064	0.119627	-0.952277	0.353644	-0.010217	-0.234245	0.972124	0.524389	-0.829025	-0.194252	0.851417	0.507787	0.131306
36088	9.240197	-1.672281	1.642187	0.057989	-0.953139	0.313491	-0.000384	-0.231998	0.972716	0.524941	-0.827963	-0.197267	0.851138	0.510543	0.122103
36089	9.315779	-1.530495	1.859047	-0.013499	-0.933305	0.252538	0.008946	-0.229315	0.973311	0.524856	-0.827417	-0.199766	0.851144	0.512636	0.112955
36090	8.618656	-1.665839	1.927794	-0.105908	-0.917940	0.202176	0.017896	-0.226285	0.973897	0.523968	-0.827465	-0.201890	0.851550	0.513904	0.103758
36091	8.640959	-1.761072	2.027951	-0.158958	-0.939631	0.155739	0.026775	-0.222743	0.974509	0.522620	-0.827901	-0.203592	0.852145	0.514749	0.094243
36092	8.806238	-1.809909	1.966708	-0.223049	-0.960782	0.138029	0.035761	-0.218947	0.975081	0.520715	-0.828709	-0.205178	0.852981	0.515076	0.084374
36093	8.584727	-2.002108	1.769506	-0.281098	-0.983388	0.121696	0.044845	-0.214895	0.975607	0.518306	-0.829861	-0.206616	0.854018	0.514929	0.074166
36094	8.820226	-2.171804	1.627219	-0.300316	-1.031291	0.102428	0.054262	-0.210445	0.976099	0.515728	-0.831154	-0.207865	0.855032	0.514681	0.063433
36095	9.043531	-2.133088	1.420115	-0.325922	-1.039286	0.104051	0.063746	-0.205968	0.976480	0.512918	-0.832582	-0.209099	0.856068	0.514184	0.052571
36096	8.741333	-2.438576	1.141323	-0.347100	-1.061886	0.078725	0.073319	-0.201176	0.976807	0.509929	-0.834171	-0.210075	0.857086	0.513505	0.041425
36097	9.406425	-2.518868	1.235481	-0.309823	-1.088366	0.066870	0.083048	-0.196153	0.977050	0.507259	-0.835596	-0.210871	0.857783	0.513130	0.030106
36098	9.331610	-2.473878	1.237577	-0.270752	-1.063766	0.078166	0.092645	-0.191358	0.977138	0.504905	-0.836800	-0.211746	0.858189	0.512979	0.019092
36099	9.248335	-2.514147	1.316855	-0.227782	-1.044514	0.079229	0.102065	-0.186668	0.977107	0.502912	-0.837787	-0.212585	0.858291	0.513096	0.008369
36100	9.540437	-2.437774	1.434235	-0.183860	-1.027531	0.078936	0.111353	-0.182065	0.976961	0.501286	-0.838552	-0.213407	0.858087	0.513501	-0.002109
36101	9.384771	-2.372313	1.495619	-0.175202	-0.994953	0.087442	0.120382	-0.177695	0.976695	0.499720	-0.839263	-0.214284	0.857781	0.513870	-0.012234
36102	9.223584	-2.503693	1.609885	-0.168771	-0.979176	0.072138	0.129213	-0.173277	0.976360	0.498218	-0.839971	-0.215006	0.857369	0.514222	-0.022205
36103	9.569759	-2.682669	1.908527	-0.161393	-0.970228	0.063400	0.137898	-0.168828	0.975951	0.496788	-0.840660	-0.215618	0.856846	0.514575	-0.032053
36104	9.541673	-2.859326	1.984603	-0.170817	-0.925044	0.082464	0.146304	-0.164770	0.975421	0.495243	-0.841369	-0.216408	0.856347	0.514732	-0.041495
36105	9.841960	-2.481020	1.997332	-0.176874	-0.904638	0.078405	0.154488	-0.160785	0.974824	0.493649	-0.842120	-0.217130	0.855830	0.514765	-0.050726
36106	9.469534	-1.649364	2.123486	-0.243716	-0.841199	0.047414	0.161993	-0.156867	0.974244	0.491522	-0.843266	-0.217506	0.855666	0.514097	-0.059500
36107	9.501283	-1.305874	2.440263	-0.349323	-0.784253	-0.032954	0.168592	-0.152577	0.973805	0.488625	-0.845077	-0.217002	0.856050	0.512411	-0.067921
36108	9.757303	-1.383879	2.563992	-0.473778	-0.721546	-0.072084	0.174495	-0.148290	0.973428	0.484724	-0.847575	-0.216008	0.857085	0.509536	-0.076018
36109	9.857630	-1.623001	2.568403	-0.541653	-0.647935	-0.101426	0.179608	-0.144154	0.973119	0.480296	-0.850441	-0.214629	0.858520	0.505934	-0.083509
36110	9.911445	-1.671401	2.461695	-0.593419	-0.568214	-0.120435	0.183989	-0.140276	0.972867	0.475448	-0.853571	-0.212991	0.860289	0.501736	-0.090354
36111	9.964923	-1.958123	2.394009	-0.670045	-0.477839	-0.136857	0.187498	-0.136737	0.972701	0.469969	-0.857074	-0.211074	0.862539	0.496716	-0.096437
36112	10.000617	-2.650398	2.441808	-0.704549	-0.393530	-0.143282	0.190301	-0.133574	0.972596	0.464187	-0.860718	-0.209033	0.865053	0.491246	-0.101792
36113	10.203262	-3.531816	2.334733	-0.651907	-0.328612	-0.130622	0.192581	-0.130863	0.972516	0.458830	-0.864045	-0.207126	0.867403	0.486108	-0.106354
36114	10.968309	-3.679177	2.350715	-0.553816	-0.275003	-0.099544	0.194587	-0.128683	0.972408	0.454247	-0.866825	-0.205609	0.869365	0.481722	-0.110219
36115	11.278839	-3.144321	2.536277	-0.436862	-0.168339	-0.082964	0.195709	-0.127180	0.972380	0.450648	-0.868996	-0.204360	0.870984	0.478196	-0.112757
36116	11.100562	-2.658127	2.562995	-0.377702	-0.051624	-0.097381	0.195794	-0.126100	0.972504	0.447579	-0.870890	-0.203035	0.872546	0.475026	-0.114076
36117	10.985831	-2.054466	2.303082	-0.384178	0.021937	-0.151205	0.194958	-0.124914	0.972825	0.444562	-0.872866	-0.201171	0.874275	0.471700	-0.114640
36118	11.071404	-1.248347	1.942437	-0.449619	0.100527	-0.245692	0.193062	-0.123252	0.973415	0.441136	-0.875254	-0.198316	0.876428	0.467696	-0.114607
36119	11.241148	-0.555984	1.695848	-0.546467	0.219282	-0.364566	0.189562	-0.121107	0.974371	0.437080	-0.878210	-0.194188	0.879220	0.462689	-0.113541
36120	11.664687	-0.508322	1.693752	-0.603745	0.389721	-0.509092	0.183987	-0.118434	0.975768	0.432746	-0.881568	-0.188597	0.882541	0.456959	-0.110945
36121	12.072074	-0.383583	1.881745	-0.598945	0.604215	-0.628778	0.175956	-0.115655	0.977580	0.428625	-0.884992	-0.181850	0.886183	0.451013	-0.106147
36122	12.211489	-0.079141	2.243006	-0.556006	0.692369	-0.736433	0.166737	-0.112244	0.979592	0.424985	-0.888296	-0.174120	0.889712	0.445344	-0.100410
36123	11.837364	-0.050112	2.321240	-0.563683	0.963126	-0.765455	0.154926	-0.109724	0.981814	0.421234	-0.891610	-0.166112	0.893622	0.439309	-0.091914
36124	12.455495	-0.110088	2.945813	-0.527922	1.152827	-0.782488	0.141392	-0.107782	0.984069	0.417702	-0.894738	-0.158013	0.897515	0.433390	-0.081488
36125	10.370182	-0.313626	2.708238	-0.537404	1.406038	-0.770975	0.125548	-0.106954	0.986305	0.413942	-0.897851	-0.150054	0.901604	0.427112	-0.068451
36126	10.382435	-0.716897	2.798653	-0.569924	1.475930	-0.775106	0.109091	-0.106255	0.988337	0.409740	-0.901067	-0.142099	0.905656	0.420463	-0.054761
36127	11.008077	-1.356322	2.625066	-0.560502	1.629950	-0.795433	0.091061	-0.105908	0.990198	0.405495	-0.904222	-0.134003	0.909550	0.413723	-0.039394
36128	10.548533	-2.411791	2.246182	-0.488677	1.792171	-0.802742	0.071561	-0.106015	0.991786	0.401735	-0.907054	-0.125944	0.912955	0.407448	-0.022320
36129	10.950619	-3.094786	1.877268	-0.369183	1.866427	-0.741043	0.051534	-0.106878	0.992936	0.398864	-0.909311	-0.118578	0.915561	0.402157	-0.004230
36130	10.553899	-3.506561	1.199983	-0.232135	1.892323	-0.641500	0.031711	-0.108630	0.993576	0.397047	-0.910907	-0.112264	0.917250	0.398056	0.014245
36131	10.845063	-3.562310	0.667108	-0.074082	1.840287	-0.530933	0.012721	-0.111134	0.993724	0.396535	-0.911757	-0.107044	0.917931	0.395408	0.032470
36132	11.272320	-3.336109	0.330631	0.088666	1.732824	-0.420910	-0.004781	-0.114159	0.993451	0.397410	-0.911857	-0.102870	0.917629	0.394316	0.049728
36133	11.920436	-2.938750	-0.072381	0.259859	1.623543	-0.318674	-0.020935	-0.117704	0.992828	0.399804	-0.911174	-0.099594	0.916361	0.394852	0.066134
36134	12.109357	-2.351533	-0.637967	0.425505	1.521958	-0.253774	-0.035812	-0.121439	0.991953	0.403673	-0.909768	-0.096804	0.914202	0.396957	0.081603
36135	11.445360	-1.733933	-1.014543	0.536290	1.424645	-0.211181	-0.049667	-0.125243	0.990882	0.408531	-0.907863	-0.094272	0.911392	0.400124	0.096256
36136	11.001312	-1.051032	-1.454890	0.616323	1.320926	-0.182685	-0.062363	-0.128917	0.989693	0.414083	-0.905591	-0.091869	0.908100	0.404085	0.109857
36137	10.198020	-0.481191	-1.701381	0.575780	1.223192	-0.180903	-0.074193	-0.132289	0.988431	0.419232	-0.903462	-0.089449	0.904842	0.407745	0.122490
36138	10.667627	-0.823091	-1.633510	0.480385	1.116783	-0.154250	-0.084859	-0.135485	0.987139	0.423497	-0.901677	-0.087349	0.901914	0.410638	0.133893
36139	11.850792	-1.665430	-1.980411	0.458776	1.122823	-0.061798	-0.095216	-0.139594	0.985620	0.427626	-0.899843	-0.086134	0.898927	0.413275	0.145374
36140	12.963882	-2.251092	-2.196062	0.585459	1.251885	0.070418	-0.106071	-0.145441	0.983665	0.432997	-0.897286	-0.085978	0.895133	0.416804	0.158151
36141	11.998627	-2.875858	-2.249595	0.787455	1.441905	0.226360	-0.117931	-0.153552	0.981078	0.440333	-0.893616	-0.086932	0.890056	0.421749	0.172999
36142	10.329375	-3.385002	-1.964161	0.984324	1.522528	0.262009	-0.130197	-0.162374	0.978102	0.449437	-0.888991	-0.087756	0.883773	0.428170	0.188721
36143	9.350484	-3.453897	-1.740807	1.213293	1.553798	0.217210	-0.142853	-0.171054	0.974851	0.460465	-0.883352	-0.087523	0.876108	0.436382	0.204954
36144	9.258444	-3.314615	-1.381865	1.485780	1.581443	0.139299	-0.155911	-0.179278	0.971366	0.473671	-0.876518	-0.085745	0.866791	0.446739	0.221578
36145	9.730925	-2.880385	-1.090682	1.728040	1.626933	0.088362	-0.169465	-0.187453	0.967545	0.488754	-0.868497	-0.082658	0.855804	0.458884	0.238798
36146	9.986330	-2.474200	-0.747068	1.897600	1.687803	0.085714	-0.183306	-0.196064	0.963306	0.505078	-0.859467	-0.078819	0.843383	0.472096	0.256573
36147	9.675520	-2.113911	-0.343694	2.008912	1.752361	0.135132	-0.197231	-0.205646	0.958546	0.522196	-0.849538	-0.074812	0.829705	0.485794	0.274943
36148	9.124769	-1.679655	0.072400	2.072531	1.788300	0.202129	-0.210792	-0.216174	0.953329	0.539703	-0.838866	-0.070884	0.815038	0.499573	0.293496
36149	8.484501	-1.158337	0.437075	2.065533	1.778805	0.231927	-0.223839	-0.227143	0.947788	0.556941	-0.827856	-0.066868	0.799821	0.512894	0.311812
36150	7.937158	-0.620796	0.697687	1.958501	1.726269	0.223546	-0.236181	-0.237949	0.942125	0.573022	-0.817136	-0.062731	0.784770	0.525042	0.329342
36151	7.623598	-0.302964	0.974899	1.773779	1.652482	0.166346	-0.248019	-0.248090	0.936450	0.587272	-0.807285	-0.058332	0.770453	0.535483	0.345918
36152	7.329024	-0.262663	1.245862	1.559477	1.541717	0.077961	-0.259261	-0.257045	0.930973	0.599432	-0.798631	-0.053573	0.757275	0.544166	0.361135
36153	7.378040	-0.014975	1.348690	1.384605	1.429757	0.005793	-0.269917	-0.264948	0.925715	0.609901	-0.790989	-0.048555	0.745094	0.551489	0.375093
36154	7.434179	0.260140	1.357817	1.274756	1.323609	-0.013397	-0.279713	-0.272190	0.920692	0.619338	-0.783913	-0.043593	0.733608	0.558026	0.387848
36155	7.372106	0.503247	1.450821	1.187450	1.194282	-0.017640	-0.288470	-0.278773	0.916008	0.627987	-0.777257	-0.038779	0.722784	0.564055	0.399281
36156	7.264971	0.731681	1.414691	1.127742	1.037828	-0.010356	-0.295913	-0.284580	0.911839	0.636100	-0.770851	-0.034149	0.712610	0.569915	0.409126
36157	7.189464	1.052328	1.330464	1.093383	0.872399	-0.001637	-0.302047	-0.289581	0.908246	0.643884	-0.764549	-0.029635	0.702980	0.575854	0.417387
36158	7.181152	1.335287	1.255256	1.055779	0.715578	-0.009978	-0.307039	-0.293649	0.905261	0.651277	-0.758424	-0.025124	0.693950	0.581861	0.424113
36159	7.348532	1.532332	1.122854	1.028340	0.607227	-0.027524	-0.311356	-0.297005	0.902688	0.658333	-0.752448	-0.020500	0.685314	0.587886	0.429807
36160	7.292834	1.622969	0.735902	1.012873	0.512413	-0.050343	-0.315108	-0.299656	0.900507	0.665122	-0.746570	-0.015690	0.676993	0.594003	0.434558
36161	7.326912	1.863181	0.534172	0.942349	0.420119	-0.076321	-0.318395	-0.301603	0.898699	0.671272	-0.741131	-0.010902	0.669342	0.599800	0.438430
36162	7.286865	2.100814	0.821499	0.894843	0.327797	-0.131011	-0.321390	-0.302610	0.897294	0.676858	-0.736091	-0.005810	0.662248	0.605473	0.441396
36163	7.321754	2.327754	1.455667	0.880552	0.262420	-0.196875	-0.324405	-0.302763	0.896156	0.682070	-0.731287	-0.000156	0.655395	0.611190	0.443739
36164	7.659879	2.400200	2.355637	0.818824	0.206696	-0.242050	-0.327340	-0.302265	0.895257	0.686669	-0.726949	0.005633	0.649103	0.616588	0.445515
36165	7.891323	2.527399	3.640625	0.686688	0.217705	-0.284327	-0.330654	-0.301547	0.894280	0.690216	-0.723516	0.011237	0.643638	0.620962	0.447366
36166	7.760747	2.546450	4.867868	0.457133	0.214623	-0.326592	-0.334219	-0.300520	0.893300	0.692111	-0.721610	0.016185	0.639750	0.623672	0.449168
36167	7.273100	2.066464	5.617400	0.234313	0.135601	-0.349524	-0.337457	-0.298839	0.892647	0.692477	-0.721153	0.020358	0.637651	0.625007	0.450297
36168	7.390237	0.864789	6.194274	-0.003815	-0.023279	-0.185962	-0.338526	-0.297349	0.892740	0.691871	-0.721687	0.021981	0.637742	0.625102	0.450036
36169	9.222890	-0.711334	8.787241	-0.143844	-0.033357	0.106562	-0.337531	-0.297904	0.892931	0.691356	-0.722226	0.020383	0.638827	0.624213	0.449731
36170	10.357331	-2.286766	10.664517	0.075530	0.146711	0.343780	-0.336018	-0.301297	0.892363	0.693043	-0.720681	0.017634	0.637796	0.624371	0.450973
36171	9.674854	-2.014204	10.198581	0.506307	0.363871	0.405103	-0.335470	-0.306484	0.890802	0.697665	-0.716239	0.016311	0.633028	0.626953	0.454099
