// General information: 
//  MT Manager version: 2022.2.0 
//  XDA version: 2022.2.0 build 7381 rev 124627 built on 2023-07-19
// Device information: 
//  DeviceId: 00B4CB9F
//  ProductCode: MTW2-3A7G6
//  Firmware Version: 4.6.0
//  Hardware Version: 2.0.0
// Device settings: 
//  Filter Profile: human(46.1)
//  Option Flags: Orientation Smoother Disabled, Position/Velocity Smoother Disabled, Continuous Zero Rotation Update Disabled, AHS Disabled, ICC Disabled
// Coordinate system: ENU
PacketCounter	Acc_X	Acc_Y	Acc_Z	Gyr_X	Gyr_Y	Gyr_Z	Mat[1][1]	Mat[2][1]	Mat[3][1]	Mat[1][2]	Mat[2][2]	Mat[3][2]	Mat[1][3]	Mat[2][3]	Mat[3][3]
31599	9.799455	1.067598	0.364031	0.027020	-0.025462	0.002592	-0.030977	-0.111071	0.993330	0.559420	0.821644	0.109319	-0.828305	0.559075	0.036683
31600	9.800665	0.979544	0.386777	0.041933	-0.022375	0.006710	-0.031170	-0.110834	0.993350	0.559038	0.821914	0.109247	-0.828556	0.558725	0.036342
31601	9.784602	1.015802	0.370579	0.078180	-0.020835	0.006059	-0.031327	-0.110598	0.993371	0.558355	0.822388	0.109170	-0.829011	0.558074	0.035990
31602	9.761540	0.991415	0.286567	0.114347	-0.011801	0.007987	-0.031422	-0.110409	0.993389	0.557363	0.823068	0.109109	-0.829674	0.557107	0.035675
31603	9.693911	1.062878	0.208559	0.143815	-0.016547	0.016358	-0.031487	-0.110113	0.993420	0.556138	0.823918	0.108952	-0.830494	0.555909	0.035295
31604	9.747674	1.187360	0.263370	0.185104	0.009075	0.027982	-0.031300	-0.109874	0.993453	0.554571	0.825004	0.108717	-0.831548	0.554343	0.035110
31605	9.656327	1.336085	0.338714	0.204684	0.022964	0.026976	-0.030978	-0.109709	0.993481	0.552839	0.826198	0.108475	-0.832712	0.552595	0.035057
31606	9.636828	1.416628	0.362678	0.183706	0.013563	0.019345	-0.030804	-0.109566	0.993502	0.551281	0.827257	0.108325	-0.833751	0.551036	0.034919
31607	9.701795	1.437690	0.386775	0.153502	-0.005887	0.017275	-0.030777	-0.109321	0.993530	0.549969	0.828152	0.108161	-0.834618	0.549740	0.034635
31608	9.737467	1.437845	0.431818	0.100623	-0.021577	0.017189	-0.030907	-0.109003	0.993561	0.549095	0.828752	0.108003	-0.835188	0.548897	0.034239
31609	9.735308	1.394491	0.492763	0.048009	-0.038092	0.023240	-0.031117	-0.108532	0.993606	0.548664	0.829071	0.107742	-0.835464	0.548508	0.033750
31610	9.693333	1.313918	0.546304	0.008534	-0.050419	0.027402	-0.031432	-0.107973	0.993657	0.548560	0.829178	0.107452	-0.835520	0.548458	0.033167
31611	9.649328	1.254984	0.402469	-0.017106	-0.053666	0.027124	-0.031751	-0.107384	0.993711	0.548675	0.829143	0.107131	-0.835433	0.548625	0.032593
31612	9.648183	1.138251	0.315057	-0.020571	-0.058897	0.036080	-0.032088	-0.106706	0.993773	0.548817	0.829099	0.106745	-0.835326	0.548825	0.031957
31613	9.701708	1.060661	0.309917	0.001991	-0.052621	0.029118	-0.032387	-0.106106	0.993827	0.548773	0.829172	0.106410	-0.835344	0.548831	0.031373
31614	9.766976	1.080139	0.331469	0.043197	-0.031563	0.027491	-0.032544	-0.105649	0.993871	0.548378	0.829469	0.106130	-0.835597	0.548470	0.030942
31615	9.789217	1.157109	0.297713	0.074078	-0.016886	0.028864	-0.032546	-0.105248	0.993913	0.547731	0.829936	0.105819	-0.836021	0.547841	0.030637
31616	9.731346	1.160904	0.251618	0.097867	-0.007390	0.031615	-0.032479	-0.104889	0.993953	0.546882	0.830534	0.105514	-0.836579	0.547003	0.030388
31617	9.723073	1.135809	0.244070	0.106226	-0.013806	0.033379	-0.032431	-0.104467	0.993999	0.545967	0.831180	0.105168	-0.837179	0.546102	0.030080
31618	9.714808	1.110612	0.236003	0.094248	-0.019509	0.033471	-0.032456	-0.104027	0.994045	0.545149	0.831757	0.104843	-0.837710	0.545306	0.029715
31619	9.814780	1.098429	0.221064	0.088235	-0.033330	0.027443	-0.032605	-0.103547	0.994090	0.544382	0.832297	0.104550	-0.838204	0.544573	0.029232
31620	9.825920	1.111898	0.245308	0.080659	-0.039379	0.024069	-0.032849	-0.103077	0.994131	0.543675	0.832788	0.104312	-0.838653	0.543910	0.028684
31621	9.765548	1.074586	0.262048	0.065679	-0.037251	0.028481	-0.033026	-0.102568	0.994178	0.543096	0.833205	0.104002	-0.839021	0.543369	0.028187
31622	9.671741	1.028730	0.253840	0.062119	-0.051875	0.037857	-0.033299	-0.101915	0.994236	0.542544	0.833612	0.103621	-0.839367	0.542867	0.027535
31623	9.672274	1.025134	0.248024	0.072822	-0.054067	0.039999	-0.033556	-0.101219	0.994298	0.541908	0.834078	0.103197	-0.839767	0.542281	0.026863
31624	9.737765	1.043950	0.267665	0.088769	-0.049831	0.033193	-0.033838	-0.100616	0.994350	0.541131	0.834623	0.102868	-0.840257	0.541554	0.026205
31625	9.703709	1.072946	0.299037	0.092207	-0.046953	0.030195	-0.034089	-0.100040	0.994399	0.540329	0.835182	0.102545	-0.840763	0.540798	0.025584
31626	9.680593	1.117991	0.358994	0.080576	-0.051346	0.032020	-0.034392	-0.099439	0.994449	0.539624	0.835677	0.102225	-0.841203	0.540145	0.024919
31627	9.702964	1.147073	0.410123	0.060416	-0.058536	0.030956	-0.034737	-0.098795	0.994501	0.539090	0.836063	0.101886	-0.841532	0.539665	0.024217
31628	9.730503	1.123992	0.447012	0.045883	-0.050690	0.026656	-0.035063	-0.098244	0.994544	0.538671	0.836366	0.101610	-0.841786	0.539295	0.023595
31629	9.773376	1.152056	0.471628	0.028475	-0.040433	0.019716	-0.035318	-0.097791	0.994580	0.538401	0.836569	0.101374	-0.841948	0.539064	0.023105
31630	9.791328	1.194788	0.478207	0.008471	-0.028566	0.016281	-0.035514	-0.097446	0.994607	0.538298	0.836657	0.101192	-0.842006	0.538988	0.022742
31631	9.812119	1.191474	0.448274	-0.001771	-0.015650	0.015433	-0.035583	-0.097163	0.994632	0.538281	0.836692	0.100991	-0.842014	0.538985	0.022529
31632	9.803617	1.214888	0.354144	-0.002872	0.012678	0.015833	-0.035432	-0.097045	0.994649	0.538267	0.836723	0.100811	-0.842029	0.538958	0.022589
31633	9.718157	1.192761	0.358626	0.014590	0.029190	0.021342	-0.035092	-0.096954	0.994670	0.538114	0.836852	0.100556	-0.842141	0.538775	0.022806
31634	9.669427	1.179088	0.260946	0.002255	0.019930	0.025758	-0.034828	-0.096792	0.994695	0.538066	0.836917	0.100279	-0.842183	0.538704	0.022932
31635	9.620582	1.118230	0.250886	-0.020798	-0.001983	0.021537	-0.034749	-0.096532	0.994723	0.538211	0.836855	0.100013	-0.842094	0.538846	0.022875
31636	9.689546	1.052140	0.176068	-0.048031	-0.021827	0.019420	-0.034870	-0.096198	0.994751	0.538581	0.836644	0.099788	-0.841852	0.539234	0.022637
31637	9.811893	1.032447	0.158092	-0.065668	-0.030403	0.013326	-0.035074	-0.095853	0.994777	0.539102	0.836332	0.099594	-0.841510	0.539779	0.022341
31638	9.857377	1.015149	0.147327	-0.054677	-0.028819	0.009635	-0.035306	-0.095563	0.994797	0.539523	0.836075	0.099464	-0.841230	0.540228	0.022040
31639	9.823979	1.053605	0.032132	-0.042415	-0.021659	0.009669	-0.035456	-0.095296	0.994817	0.539846	0.835885	0.099312	-0.841017	0.540570	0.021808
31640	9.787597	1.091003	0.044014	-0.009301	-0.019603	0.007627	-0.035621	-0.095072	0.994833	0.539883	0.835872	0.099212	-0.840986	0.540628	0.021553
31641	9.758293	1.022415	0.153199	0.027419	-0.024903	0.009123	-0.035801	-0.094792	0.994853	0.539619	0.836059	0.099081	-0.841148	0.540389	0.021220
31642	9.742313	1.011088	0.224899	0.064069	-0.027703	0.003100	-0.036060	-0.094562	0.994866	0.539043	0.836435	0.099041	-0.841506	0.539847	0.020811
31643	9.601947	0.929816	0.467043	0.105267	-0.018728	0.009169	-0.036188	-0.094315	0.994885	0.538123	0.837041	0.098925	-0.842089	0.538950	0.020462
31644	9.533380	0.851937	0.806412	0.172544	0.011629	0.019171	-0.036029	-0.094163	0.994905	0.536637	0.838016	0.098748	-0.843044	0.537460	0.020338
31645	9.676068	0.852625	1.148884	0.256052	0.044706	0.008039	-0.035629	-0.094266	0.994909	0.534442	0.839426	0.098673	-0.844454	0.535237	0.020472
31646	9.855536	0.985788	1.449479	0.334485	0.105273	0.009988	-0.034726	-0.094690	0.994901	0.531574	0.841251	0.098621	-0.846300	0.532288	0.021122
31647	9.861705	1.168346	1.732376	0.394747	0.178731	0.010029	-0.033179	-0.095485	0.994878	0.528195	0.843384	0.098560	-0.848475	0.528759	0.022452
31648	9.675933	1.310151	2.076170	0.461211	0.242993	0.011725	-0.031090	-0.096614	0.994836	0.524235	0.845855	0.098529	-0.851006	0.524591	0.024351
31649	9.402402	1.339610	2.627554	0.527539	0.282700	0.009109	-0.028654	-0.097944	0.994779	0.519702	0.848647	0.098526	-0.853867	0.519812	0.026585
31650	9.251265	1.355750	3.038353	0.575088	0.312903	0.009846	-0.025963	-0.099430	0.994706	0.514748	0.851656	0.098567	-0.856948	0.514582	0.029070
31651	9.661595	1.617866	3.012883	0.667804	0.431476	0.027013	-0.022141	-0.101338	0.994606	0.508982	0.855128	0.098458	-0.860492	0.508416	0.032646
31652	9.948518	1.984905	3.513622	0.755072	0.681585	0.078978	-0.015895	-0.104059	0.994444	0.502441	0.859049	0.097922	-0.864465	0.501206	0.038629
31653	9.376335	2.481363	2.738466	0.665220	0.821594	0.149242	-0.008056	-0.106796	0.994248	0.496657	0.862546	0.096674	-0.867909	0.494579	0.046093
31654	8.927900	3.043352	1.569472	0.333353	0.758644	0.181961	-0.000593	-0.108925	0.994050	0.493729	0.864410	0.095014	-0.869616	0.490848	0.053267
31655	8.725150	3.462117	0.479595	-0.130364	0.614967	0.143816	0.005440	-0.110634	0.993846	0.494819	0.863955	0.093466	-0.868979	0.491265	0.059444
31656	8.441859	3.709242	-0.196390	-0.538442	0.407491	0.035890	0.009124	-0.112301	0.993632	0.499444	0.861365	0.092766	-0.866298	0.495417	0.063948
31657	8.760235	3.546809	-0.471247	-0.903393	0.152118	-0.061138	0.010108	-0.113518	0.993485	0.507215	0.856815	0.092741	-0.861760	0.502973	0.066239
31658	9.546791	3.026743	-0.509613	-1.327248	-0.055832	-0.121535	0.008972	-0.114240	0.993413	0.518580	0.849950	0.093059	-0.854982	0.514329	0.066868
31659	10.210100	1.995965	-0.664717	-1.698991	-0.158519	-0.123351	0.006954	-0.114387	0.993412	0.533000	0.840977	0.093104	-0.846086	0.528842	0.066816
31660	10.347061	0.442415	-1.027154	-1.866953	-0.183902	-0.094161	0.004863	-0.114158	0.993451	0.548670	0.830874	0.092791	-0.836025	0.544625	0.066675
31661	10.108822	-0.972200	-1.470553	-1.776843	-0.210319	-0.059751	0.002764	-0.113421	0.993543	0.563401	0.821027	0.092160	-0.826179	0.559509	0.066171
31662	9.910666	-2.064071	-1.408152	-1.383896	-0.252098	-0.039148	0.000433	-0.112281	0.993676	0.574744	0.813187	0.091636	-0.818333	0.571070	0.064885
31663	9.911815	-2.657954	-1.241647	-0.843187	-0.272429	0.007448	-0.001763	-0.110585	0.993865	0.581586	0.808382	0.090978	-0.813483	0.578178	0.062889
31664	9.947988	-2.789937	-1.073879	-0.316308	-0.287956	0.080229	-0.003668	-0.108223	0.994120	0.584121	0.806664	0.089972	-0.811658	0.581017	0.060256
31665	10.143360	-2.344971	-0.710751	0.209339	-0.302449	0.145802	-0.005291	-0.105221	0.994435	0.582390	0.808067	0.088600	-0.812892	0.579618	0.057004
31666	10.322003	-1.450239	-0.474555	0.631747	-0.305181	0.182549	-0.006750	-0.101928	0.994769	0.577217	0.811931	0.087110	-0.816563	0.574785	0.053354
31667	10.273382	-0.360247	-0.321788	0.936805	-0.294672	0.218784	-0.007927	-0.098392	0.995116	0.569521	0.817532	0.085370	-0.821939	0.567416	0.049556
31668	10.147516	0.695193	-0.140211	1.149485	-0.279603	0.251950	-0.008843	-0.094694	0.995467	0.560018	0.824273	0.083384	-0.828433	0.558217	0.045741
31669	9.992214	1.696457	0.080984	1.259049	-0.266390	0.277043	-0.009541	-0.090857	0.995818	0.549531	0.831524	0.081132	-0.835419	0.548007	0.041995
31670	9.717572	2.775406	0.305951	1.245106	-0.277358	0.281180	-0.010372	-0.086946	0.996159	0.539077	0.838562	0.078804	-0.842193	0.537824	0.038173
31671	9.644041	3.576004	0.570271	1.057379	-0.303106	0.281058	-0.011451	-0.082895	0.996493	0.530134	0.844470	0.076340	-0.847837	0.529149	0.034275
31672	9.432570	4.162372	0.627672	0.779118	-0.317647	0.271756	-0.012757	-0.078871	0.996803	0.523507	0.848814	0.073862	-0.851926	0.522775	0.030461
31673	9.146444	4.503958	0.481462	0.418583	-0.358046	0.250103	-0.014528	-0.074810	0.997092	0.519931	0.851215	0.071441	-0.854084	0.519457	0.026530
31674	9.046973	4.629318	0.230328	0.001589	-0.389383	0.223795	-0.016733	-0.070837	0.997348	0.519915	0.851411	0.069194	-0.854054	0.519693	0.022583
31675	9.019947	4.521088	0.185251	-0.393220	-0.391962	0.214212	-0.018980	-0.066902	0.997579	0.523268	0.849536	0.066929	-0.851956	0.523272	0.018883
31676	8.995901	4.128319	0.208532	-0.684910	-0.396403	0.209756	-0.021292	-0.062998	0.997786	0.529096	0.846091	0.064711	-0.848295	0.529303	0.015317
31677	9.031404	3.407882	0.119899	-0.950901	-0.425788	0.201718	-0.023838	-0.058956	0.997976	0.537146	0.841169	0.062523	-0.843153	0.537549	0.011616
31678	9.308627	2.554152	-0.213707	-1.165889	-0.432002	0.190872	-0.026481	-0.054979	0.998136	0.546950	0.834976	0.060502	-0.836746	0.547533	0.007960
31679	9.439200	1.547044	-0.547687	-1.250639	-0.448292	0.188924	-0.029192	-0.050859	0.998279	0.557387	0.828190	0.058493	-0.829740	0.558135	0.004172
31680	9.619061	0.634569	-0.811263	-1.286684	-0.478546	0.205305	-0.032038	-0.046437	0.998407	0.568043	0.821063	0.056416	-0.822375	0.568946	0.000073
31681	9.740922	-0.189954	-1.121530	-1.271914	-0.503735	0.234069	-0.034837	-0.041560	0.998528	0.578498	0.813891	0.054058	-0.814940	0.579530	-0.004311
31682	10.124132	-0.807464	-1.236349	-1.135732	-0.509350	0.248723	-0.037568	-0.036533	0.998626	0.587771	0.807377	0.051648	-0.808155	0.588903	-0.008858
31683	10.493609	-1.266350	-1.231495	-0.926879	-0.472216	0.246723	-0.039927	-0.031678	0.998700	0.595295	0.801997	0.049238	-0.802514	0.596488	-0.013163
31684	10.678952	-1.549540	-1.172592	-0.692531	-0.442197	0.256149	-0.041980	-0.026939	0.998755	0.600909	0.797947	0.046780	-0.798214	0.602125	-0.017310
31685	10.624524	-1.847504	-0.980477	-0.415444	-0.403473	0.273085	-0.043564	-0.022256	0.998803	0.604302	0.795535	0.044084	-0.795564	0.605499	-0.021207
31686	10.254342	-2.096877	-0.825242	-0.085066	-0.361661	0.287704	-0.044744	-0.017732	0.998841	0.605072	0.795103	0.041220	-0.794913	0.606215	-0.024847
31687	9.957993	-2.005530	-0.699364	0.235622	-0.324354	0.290824	-0.045582	-0.013383	0.998871	0.603294	0.796603	0.038203	-0.796215	0.604354	-0.028237
31688	9.876837	-1.649166	-0.286018	0.509659	-0.274822	0.276460	-0.046153	-0.009471	0.998889	0.599321	0.799731	0.035274	-0.799177	0.600284	-0.031234
31689	9.826883	-1.258606	0.087524	0.730907	-0.220114	0.247516	-0.046455	-0.006100	0.998902	0.593544	0.804144	0.032514	-0.803459	0.594403	-0.033736
31690	9.704530	-0.899278	0.640367	0.851455	-0.194793	0.228955	-0.046714	-0.003050	0.998904	0.586755	0.809212	0.029910	-0.808416	0.587508	-0.036012
31691	9.587138	-0.928389	1.313654	0.813715	-0.226524	0.228872	-0.047231	0.000202	0.998884	0.580230	0.813996	0.027271	-0.813082	0.580870	-0.038563
31692	9.739656	-0.841054	1.487886	0.675325	-0.308631	0.206232	-0.048592	0.003722	0.998812	0.574790	0.817921	0.024916	-0.816857	0.575318	-0.041884
31693	9.782251	-0.664887	1.307512	0.447691	-0.361789	0.177880	-0.050549	0.007324	0.998695	0.571181	0.820505	0.022893	-0.819266	0.571592	-0.045660
31694	9.554630	-0.500933	1.153525	0.253571	-0.412039	0.145127	-0.053133	0.010919	0.998528	0.569143	0.821963	0.021297	-0.820520	0.569436	-0.049888
31695	9.491041	-0.422037	1.124513	0.073014	-0.459978	0.086220	-0.056435	0.014316	0.998304	0.568556	0.822393	0.020347	-0.820707	0.568739	-0.054551
31696	9.647719	-0.338293	1.085678	-0.099847	-0.470829	0.022452	-0.060199	0.017232	0.998038	0.569354	0.821846	0.020152	-0.819886	0.569450	-0.059285
31697	9.932397	-0.472772	0.877834	-0.208706	-0.440011	-0.034231	-0.064016	0.019531	0.997758	0.571007	0.820687	0.020571	-0.818445	0.571044	-0.063689
31698	10.195873	-0.765480	0.570064	-0.245266	-0.385539	-0.058934	-0.067531	0.021304	0.997490	0.572941	0.819320	0.021290	-0.816810	0.572940	-0.067535
31699	10.183715	-0.685610	0.013559	-0.187043	-0.326281	-0.055564	-0.070529	0.022791	0.997249	0.574395	0.818285	0.021922	-0.815534	0.574361	-0.070804
31700	9.663265	-0.300765	-0.720499	-0.090367	-0.334519	-0.040719	-0.073513	0.024432	0.996995	0.575069	0.817799	0.022362	-0.814795	0.574985	-0.074169
31701	9.307690	-0.127192	-1.057404	0.022815	-0.411866	-0.035985	-0.077092	0.026576	0.996670	0.574822	0.817965	0.022651	-0.814639	0.574654	-0.078335
31702	9.305668	-0.235317	-1.110864	0.071071	-0.509318	-0.043863	-0.081516	0.029195	0.996244	0.574176	0.818409	0.022997	-0.814664	0.573894	-0.083476
31703	9.686870	-0.516876	-1.037660	0.096968	-0.581585	-0.059785	-0.086614	0.032111	0.995724	0.573302	0.819008	0.023457	-0.814753	0.572882	-0.089347
31704	9.692820	-0.813183	-0.907879	0.136258	-0.615846	-0.062572	-0.092013	0.035177	0.995136	0.572103	0.819833	0.023918	-0.815004	0.571522	-0.095560
31705	9.564296	-0.997309	-0.585898	0.165026	-0.619126	-0.053503	-0.097383	0.038342	0.994508	0.570674	0.820819	0.024235	-0.815382	0.569900	-0.101814
31706	9.626896	-0.991137	-0.289812	0.236109	-0.607216	-0.063917	-0.102721	0.041327	0.993851	0.568652	0.822210	0.024585	-0.816139	0.567681	-0.107959
31707	9.719563	-0.615951	-0.063016	0.286186	-0.555755	-0.096787	-0.107826	0.043748	0.993207	0.566181	0.823897	0.025176	-0.817198	0.565049	-0.113607
31708	9.762436	-0.118529	0.266600	0.287464	-0.498707	-0.111434	-0.112552	0.045697	0.992594	0.563676	0.825590	0.025908	-0.818292	0.562417	-0.118680
31709	9.946509	0.415956	0.631440	0.222575	-0.433295	-0.135159	-0.116877	0.047083	0.992030	0.561666	0.826926	0.026927	-0.819067	0.560336	-0.123094
31710	10.167906	1.107873	0.830648	0.097545	-0.356543	-0.152283	-0.120669	0.047875	0.991538	0.560655	0.827567	0.028273	-0.819210	0.559322	-0.126703
31711	10.225537	1.622375	0.808605	-0.048858	-0.278721	-0.164584	-0.123892	0.048142	0.991127	0.560822	0.827396	0.029914	-0.818614	0.559552	-0.129507
31712	9.977648	1.833112	0.719876	-0.189473	-0.205509	-0.151057	-0.126434	0.048096	0.990808	0.562153	0.826429	0.031618	-0.817312	0.560983	-0.131526
31713	9.355978	1.663553	0.843208	-0.317452	-0.204009	-0.135331	-0.128879	0.048196	0.990488	0.564540	0.824733	0.033326	-0.815282	0.563465	-0.133500
31714	9.050240	1.252954	0.502920	-0.540134	-0.294262	-0.145605	-0.132110	0.048709	0.990038	0.568715	0.821770	0.035458	-0.811856	0.567733	-0.136266
31715	8.857298	0.705250	-0.130466	-0.775621	-0.427089	-0.165179	-0.136528	0.049863	0.989381	0.574739	0.817449	0.038112	-0.806867	0.573839	-0.140263
31716	9.065035	-0.102882	-0.603090	-0.957353	-0.597244	-0.203432	-0.142513	0.051701	0.988442	0.582122	0.812044	0.041456	-0.800515	0.581301	-0.145823
31717	9.650877	-1.050370	-0.912212	-1.093758	-0.731178	-0.235280	-0.149734	0.054149	0.987242	0.590463	0.805789	0.045358	-0.793053	0.589722	-0.152627
31718	10.267422	-1.935691	-1.304534	-1.142763	-0.793913	-0.256441	-0.157529	0.056855	0.985876	0.599059	0.799165	0.049634	-0.785056	0.598417	-0.159951
31719	10.534143	-2.286331	-1.520795	-1.092462	-0.794942	-0.270845	-0.165386	0.059560	0.984429	0.607127	0.792765	0.054035	-0.777203	0.606610	-0.167272
31720	10.634908	-2.185031	-1.500278	-0.962668	-0.767981	-0.287312	-0.173082	0.062027	0.982952	0.614063	0.787089	0.058459	-0.770045	0.613713	-0.174319
31721	10.583612	-1.675966	-1.101735	-0.811922	-0.694610	-0.298122	-0.180260	0.064042	0.981532	0.619736	0.782296	0.062773	-0.763828	0.619606	-0.180706
31722	10.454414	-0.848832	-0.585414	-0.702082	-0.657568	-0.323996	-0.187276	0.065660	0.980110	0.624460	0.778162	0.067188	-0.758273	0.624623	-0.186733
31723	10.185630	0.025728	-0.094355	-0.639581	-0.626105	-0.339264	-0.194144	0.067023	0.978681	0.628620	0.774403	0.071668	-0.753090	0.629133	-0.192477
31724	9.929629	0.742197	0.319423	-0.674988	-0.616763	-0.346037	-0.200946	0.068300	0.977219	0.632979	0.770398	0.076315	-0.747635	0.633894	-0.198040
31725	9.995986	1.026406	0.792799	-0.760605	-0.594468	-0.367946	-0.207720	0.069329	0.975728	0.637866	0.765836	0.081378	-0.741606	0.639288	-0.203302
31726	10.105940	0.897998	1.251264	-0.870454	-0.543828	-0.386186	-0.214196	0.069927	0.974285	0.643457	0.760536	0.086878	-0.734903	0.645519	-0.207899
31727	10.413358	0.387906	1.394629	-1.007781	-0.480929	-0.407237	-0.220354	0.070036	0.972902	0.649917	0.754306	0.092901	-0.727359	0.652777	-0.211732
31728	10.697973	-0.052320	1.433425	-1.090659	-0.390676	-0.438745	-0.226027	0.069356	0.971649	0.656809	0.747472	0.099434	-0.719384	0.660663	-0.214503
31729	10.851514	-0.415554	1.439999	-1.153808	-0.308057	-0.450846	-0.231215	0.068123	0.970515	0.664009	0.740139	0.106241	-0.711078	0.668995	-0.216365
31730	11.084614	-0.611048	1.326571	-1.192120	-0.206567	-0.452851	-0.235671	0.066225	0.969574	0.671362	0.732440	0.113158	-0.702660	0.677603	-0.217076
31731	11.158167	-0.453861	1.252603	-1.158612	-0.070998	-0.435967	-0.239115	0.063605	0.968906	0.678402	0.724852	0.119838	-0.694691	0.685962	-0.216473
31732	11.358455	-0.158126	1.621786	-1.102907	0.042341	-0.400330	-0.241515	0.060470	0.968511	0.685047	0.717514	0.126030	-0.687300	0.693914	-0.214716
31733	11.611307	0.525248	1.841399	-0.969295	0.103080	-0.384131	-0.243457	0.057080	0.968231	0.690727	0.711010	0.131764	-0.680901	0.700862	-0.212527
31734	12.079220	1.830894	1.685291	-0.930987	0.200269	-0.353824	-0.244508	0.053206	0.968186	0.696164	0.704673	0.137086	-0.674961	0.707535	-0.209338
31735	12.242591	2.758604	1.275353	-1.025845	0.335173	-0.317848	-0.244482	0.048666	0.968432	0.702259	0.697569	0.142232	-0.668626	0.714863	-0.204719
31736	12.364649	2.698487	1.486336	-1.071600	0.421184	-0.317093	-0.243867	0.043475	0.968834	0.708606	0.690037	0.147400	-0.662123	0.722467	-0.199084
31737	13.152316	1.982329	1.792663	-1.044567	0.575554	-0.347632	-0.242549	0.036982	0.969434	0.714626	0.682623	0.152756	-0.656109	0.729834	-0.191998
31738	13.256514	0.935442	1.953813	-0.996235	0.849902	-0.372500	-0.239612	0.028249	0.970458	0.720232	0.675462	0.158167	-0.651039	0.736854	-0.182195
31739	12.455457	-0.232352	1.959866	-0.984423	1.147319	-0.344864	-0.234661	0.017511	0.971920	0.725784	0.668286	0.163193	-0.646663	0.743698	-0.169530
31740	11.646436	-1.124203	2.251244	-0.855442	1.411757	-0.310617	-0.227751	0.004931	0.973707	0.730579	0.661957	0.167531	-0.643726	0.749526	-0.154364
31741	11.406536	-1.690016	2.769999	-0.484342	1.613173	-0.230800	-0.219055	-0.008637	0.975674	0.733163	0.658350	0.170435	-0.643807	0.752663	-0.137882
31742	10.625203	-1.588387	2.578124	0.043066	1.799580	-0.180629	-0.208682	-0.023341	0.977705	0.732494	0.658669	0.172069	-0.648000	0.752071	-0.120355
31743	9.686725	-1.477317	1.754387	0.304323	1.756346	-0.134916	-0.198237	-0.037346	0.979442	0.730218	0.660949	0.172996	-0.653822	0.749501	-0.103754
31744	9.715534	-1.561210	1.092379	0.417950	1.680721	-0.045886	-0.187449	-0.050193	0.980991	0.727380	0.664079	0.172967	-0.660138	0.745975	-0.087971
31745	10.274509	-2.095634	0.390257	0.435696	1.773992	0.017978	-0.175551	-0.063200	0.982440	0.724500	0.667368	0.172392	-0.666544	0.742041	-0.071369
31746	10.688335	-2.601531	0.021863	0.449276	1.879575	0.092122	-0.162211	-0.076464	0.983789	0.721641	0.670784	0.171123	-0.672994	0.737701	-0.053629
31747	11.346631	-2.684747	-0.525941	0.706303	1.915084	0.189569	-0.147883	-0.089182	0.984976	0.717129	0.676167	0.168891	-0.681070	0.731331	-0.036039
31748	11.895135	-2.439835	-0.163094	1.087950	1.959476	0.362360	-0.131758	-0.100925	0.986131	0.710161	0.684447	0.164935	-0.691600	0.722043	-0.018508
31749	11.824624	-2.172925	-0.759225	1.178111	1.887383	0.607086	-0.114319	-0.110203	0.987313	0.702671	0.693573	0.158777	-0.702271	0.711907	-0.001852
31750	11.297860	-2.029151	-1.803025	1.348132	1.799006	0.766409	-0.096138	-0.117514	0.988407	0.693922	0.703997	0.151195	-0.713603	0.700413	0.013865
31751	11.032631	-0.917069	-2.794779	1.718260	1.737501	0.796859	-0.078145	-0.123826	0.989222	0.682211	0.716909	0.143632	-0.726968	0.686082	0.028453
31752	10.686534	0.397689	-2.843293	2.026006	1.647562	0.705440	-0.061193	-0.129838	0.989645	0.667807	0.731567	0.137272	-0.741815	0.669292	0.041940
31753	10.465172	1.358921	-2.176549	2.126054	1.488754	0.544464	-0.046453	-0.135576	0.989677	0.652137	0.746369	0.132855	-0.756676	0.651577	0.053743
31754	10.279908	1.998135	-0.962049	2.046771	1.353354	0.400976	-0.033452	-0.141208	0.989415	0.636648	0.760116	0.130008	-0.770428	0.634258	0.064473
31755	9.875706	2.810810	-0.733820	1.852668	1.224407	0.324722	-0.021913	-0.146318	0.988995	0.622318	0.772222	0.128036	-0.782458	0.618275	0.074135
31756	9.021728	3.722462	-2.815284	1.728049	1.212972	0.340021	-0.010187	-0.151032	0.988476	0.608734	0.783312	0.125958	-0.793309	0.603002	0.083959
31757	9.168943	4.807755	-3.574720	1.587953	1.265182	0.367452	0.002111	-0.155603	0.987817	0.596038	0.793371	0.123700	-0.802954	0.588515	0.094419
31758	9.904388	5.129225	-2.242392	1.053644	1.282031	0.334934	0.014490	-0.160364	0.986952	0.587490	0.800077	0.121375	-0.809102	0.578066	0.105805
31759	10.298820	4.427750	-0.934644	0.429121	1.263133	0.296451	0.026445	-0.165185	0.985908	0.583914	0.803063	0.118888	-0.811385	0.572542	0.117691
31760	10.090833	2.890100	-0.514944	0.046172	1.220183	0.269045	0.037969	-0.169949	0.984721	0.583423	0.803808	0.116230	-0.811280	0.570096	0.129672
31761	9.725904	1.310809	-0.624938	-0.028520	1.191020	0.270378	0.049189	-0.174485	0.983431	0.583497	0.804146	0.113490	-0.810624	0.568246	0.141367
31762	9.299700	0.167331	-0.937672	0.167772	1.189069	0.310372	0.060688	-0.178676	0.982035	0.581935	0.805676	0.110626	-0.810968	0.564767	0.152873
31763	9.097531	-0.386500	-1.158204	0.532580	1.186172	0.353081	0.072352	-0.182417	0.980556	0.577334	0.809339	0.107965	-0.813296	0.558297	0.163873
31764	9.173379	-0.693614	-1.126582	0.995487	1.204753	0.376731	0.084384	-0.185969	0.978925	0.568885	0.815571	0.105898	-0.818077	0.547960	0.174616
31765	9.307955	-0.533785	-0.859651	1.414193	1.216659	0.367145	0.096428	-0.189473	0.977139	0.556892	0.823945	0.104811	-0.824968	0.534055	0.184968
31766	9.539237	-0.160093	-0.346540	1.635656	1.203480	0.372497	0.108493	-0.192663	0.975249	0.542917	0.833294	0.104222	-0.832749	0.518171	0.195006
31767	9.812425	0.066851	0.270993	1.644778	1.155125	0.386428	0.120207	-0.195250	0.973359	0.528671	0.842468	0.103705	-0.840272	0.502121	0.204493
31768	9.929477	0.346099	1.104729	1.453155	1.110434	0.411257	0.131756	-0.197207	0.971468	0.515858	0.850497	0.102686	-0.846481	0.487610	0.213789
31769	9.910673	0.433502	1.866368	1.136289	1.078047	0.431777	0.143089	-0.198646	0.969570	0.505576	0.856857	0.100941	-0.850834	0.475747	0.223037
31770	9.785475	0.542198	2.490630	0.780811	1.077165	0.467677	0.154647	-0.199646	0.967588	0.498186	0.861499	0.098133	-0.853168	0.466863	0.232689
31771	9.530402	0.729560	2.964249	0.482772	1.121549	0.505977	0.166705	-0.200412	0.965425	0.493206	0.864781	0.094355	-0.853790	0.460423	0.243007
31772	9.085212	1.086632	3.219035	0.284562	1.163390	0.533164	0.179288	-0.201064	0.963031	0.489812	0.867184	0.089865	-0.853194	0.455593	0.253959
31773	8.451781	1.457059	3.261340	0.207593	1.190719	0.523957	0.191976	-0.201849	0.960418	0.487021	0.869212	0.085330	-0.852030	0.451362	0.265173
31774	8.073642	2.063648	3.202939	0.194827	1.152880	0.484159	0.204176	-0.202759	0.957706	0.484360	0.871096	0.081161	-0.850710	0.447303	0.276065
31775	7.667662	2.452204	2.925933	0.187016	1.132497	0.421569	0.215816	-0.204060	0.954873	0.481835	0.872817	0.077622	-0.849269	0.443339	0.286691
31776	7.063058	2.885118	2.956972	0.120537	1.045922	0.344767	0.226379	-0.205615	0.952090	0.480005	0.874085	0.074638	-0.847554	0.440112	0.296571
31777	6.862665	2.907577	2.715227	0.030356	0.937879	0.286260	0.235669	-0.207163	0.949496	0.479037	0.874839	0.071975	-0.845567	0.437881	0.305411
31778	6.850139	2.697086	2.406893	-0.046535	0.848626	0.260205	0.244111	-0.208547	0.947058	0.478760	0.875205	0.069320	-0.843326	0.436491	0.313491
31779	6.640372	2.313181	2.291661	-0.136982	0.722712	0.259256	0.251416	-0.209365	0.944963	0.479220	0.875179	0.066403	-0.840915	0.436151	0.320366
31780	6.684520	1.710482	1.873439	-0.140989	0.609781	0.280169	0.257909	-0.209526	0.943177	0.479645	0.875179	0.063263	-0.838704	0.436073	0.326214
31781	6.581507	1.282173	1.497947	0.002747	0.560707	0.288914	0.263969	-0.209373	0.941532	0.478816	0.875827	0.060520	-0.837290	0.434846	0.331442
31782	6.686015	0.981011	1.628936	0.153049	0.482665	0.304560	0.269490	-0.208750	0.940106	0.476676	0.877155	0.058129	-0.836753	0.432461	0.335891
31783	7.070048	0.654785	1.771993	0.235589	0.425196	0.342711	0.274654	-0.207508	0.938885	0.473720	0.878914	0.055675	-0.836752	0.429478	0.339698
31784	7.332322	0.406946	1.875930	0.308215	0.404628	0.389304	0.279901	-0.205767	0.937718	0.470014	0.881064	0.053041	-0.837104	0.425894	0.343324
31785	7.335946	0.188417	2.281144	0.374300	0.423324	0.446496	0.285511	-0.203556	0.936509	0.465565	0.883594	0.050119	-0.837695	0.421696	0.347044
31786	7.389936	0.116375	2.860115	0.455406	0.430013	0.488523	0.291398	-0.200989	0.935249	0.460290	0.886518	0.047103	-0.838582	0.416760	0.350843
31787	7.582628	0.418576	3.651890	0.476826	0.442550	0.524598	0.297488	-0.198098	0.933948	0.454691	0.889569	0.043853	-0.839498	0.411612	0.354709
31788	7.841018	0.662430	4.761187	0.494134	0.461599	0.538996	0.303821	-0.195137	0.932531	0.448870	0.892676	0.040553	-0.840362	0.406265	0.358805
31789	8.120670	0.927190	6.268338	0.513665	0.472802	0.535519	0.310160	-0.192191	0.931055	0.442854	0.895814	0.037389	-0.841238	0.400725	0.362958
31790	8.639672	1.400532	8.164659	0.370960	0.426618	0.528913	0.316102	-0.189103	0.929688	0.438026	0.898327	0.033791	-0.841554	0.396546	0.366795
31791	9.582258	1.783805	9.559664	0.137407	0.410688	0.514961	0.321780	-0.186033	0.928358	0.435173	0.899864	0.029486	-0.840881	0.394509	0.370515
31792	10.410112	2.420016	9.945453	0.029067	0.476407	0.478245	0.327888	-0.183565	0.926711	0.433325	0.900887	0.025131	-0.839475	0.393327	0.374934
31793	10.988544	2.936758	10.107399	-0.062878	0.649478	0.413960	0.335100	-0.182322	0.924374	0.432425	0.901424	0.021035	-0.837088	0.392674	0.380908
31794	9.844915	2.568800	8.914022	-0.139485	0.852722	0.309158	0.343594	-0.182851	0.921145	0.432490	0.901466	0.017623	-0.833604	0.392331	0.388820
31795	9.819176	1.728973	9.865897	0.105841	1.150006	0.140420	0.353743	-0.186014	0.916660	0.431065	0.902166	0.016724	-0.830090	0.389224	0.399319
31796	6.720254	1.883133	9.760254	0.561803	1.494186	-0.010137	0.366119	-0.191838	0.910580	0.426395	0.904336	0.019080	-0.827130	0.381281	0.412893
31797	2.292531	2.114164	6.091885	0.708286	0.715740	-0.000684	0.372013	-0.194481	0.907625	0.420482	0.907034	0.022009	-0.827527	0.373452	0.419204
31798	2.153955	1.745019	0.818292	0.269449	-0.566822	-0.039043	0.367193	-0.192704	0.909964	0.418342	0.907986	0.023474	-0.830758	0.372056	0.414023
31799	3.483154	1.937354	-6.045244	-0.422832	-1.245351	-0.039271	0.356640	-0.188325	0.915064	0.421947	0.906352	0.022081	-0.833528	0.378233	0.402704
31800	4.936580	1.965966	-8.946212	-0.972371	-1.378161	0.200105	0.346037	-0.181205	0.920556	0.429302	0.903012	0.016377	-0.834241	0.389530	0.390267
31801	5.630388	2.843789	-7.924715	-1.606005	-1.327921	0.504847	0.337146	-0.171311	0.925735	0.440902	0.897538	0.005520	-0.831828	0.406297	0.378133
31802	6.224410	3.018992	-5.262929	-1.938441	-1.385605	0.693361	0.328775	-0.159323	0.930872	0.454629	0.890644	-0.008133	-0.827780	0.425875	0.365255
31803	8.421279	1.670532	0.636520	-1.589043	-1.546014	0.732356	0.319341	-0.146043	0.936319	0.465338	0.884891	-0.020686	-0.825519	0.442311	0.350541
31804	19.037910	0.352581	13.690033	-0.784506	-1.708201	0.491141	0.307537	-0.134044	0.942047	0.470231	0.882099	-0.027995	-0.827226	0.451590	0.334310
31805	35.679981	-5.571580	11.415314	-0.328532	-1.969641	-0.190224	0.290280	-0.126705	0.948516	0.473472	0.880386	-0.027295	-0.831602	0.457019	0.315550
31806	25.956380	-6.290698	-0.108258	-0.041163	-0.690747	-0.296231	0.283146	-0.126126	0.950747	0.474614	0.879849	-0.024626	-0.833408	0.458211	0.308987
31807	9.156432	-1.030518	-5.394951	-0.568662	-0.222626	0.095029	0.281723	-0.124198	0.951424	0.479028	0.877375	-0.027312	-0.831363	0.463452	0.306671
31808	2.932960	2.873039	-8.196782	-0.033679	-0.498841	0.405274	0.279524	-0.118290	0.952824	0.478120	0.877737	-0.031295	-0.832627	0.464312	0.301906
31809	2.174503	5.161335	-3.921529	1.165138	-0.627804	0.308330	0.275709	-0.112623	0.954621	0.467468	0.883474	-0.030783	-0.839915	0.454742	0.296229
31810	4.594251	5.731750	-0.728912	1.556138	-1.443242	-0.087226	0.263101	-0.106885	0.958829	0.454496	0.890385	-0.025458	-0.851006	0.442482	0.282840
31811	10.792633	7.224233	0.690738	0.849340	-2.204993	-0.678381	0.241143	-0.103171	0.964990	0.448887	0.893433	-0.016653	-0.860436	0.437187	0.261757
31812	15.073514	6.857371	-0.290124	-0.652707	-2.006210	-0.835900	0.220066	-0.101746	0.970164	0.456389	0.889722	-0.010215	-0.862137	0.445020	0.242233
31813	13.865238	3.182980	-0.084434	-1.228715	-1.514931	-0.516248	0.204613	-0.099421	0.973781	0.468014	0.883684	-0.008118	-0.859707	0.457404	0.227343
31814	9.801794	0.519300	1.089752	-1.297121	-1.340102	-0.093877	0.192648	-0.094010	0.976754	0.479285	0.877602	-0.010064	-0.856255	0.470083	0.214126
31815	7.424751	-2.523864	0.284823	-1.591943	-1.621991	0.154570	0.179525	-0.084842	0.980088	0.492543	0.870160	-0.014895	-0.851570	0.485410	0.198004
31816	9.357833	-5.434238	-1.050125	-1.348264	-1.960759	0.079521	0.163236	-0.074478	0.983772	0.503823	0.863615	-0.018218	-0.848243	0.498621	0.178496
31817	11.724736	-6.158478	-1.062295	-0.697181	-1.837427	-0.014983	0.147558	-0.065309	0.986895	0.509712	0.860129	-0.019290	-0.847597	0.505878	0.160208
31818	11.580810	-5.290115	-0.650616	-0.128682	-1.511292	0.048213	0.134963	-0.057196	0.989198	0.510692	0.859532	-0.019979	-0.849105	0.507872	0.145214
31819	9.884173	-3.971011	-0.644304	0.106040	-1.376394	0.157900	0.124043	-0.048780	0.991077	0.509540	0.860180	-0.021437	-0.851459	0.507653	0.131555
31820	9.508971	-3.027202	-0.934204	0.299710	-1.406847	0.102440	0.112544	-0.040723	0.992812	0.506819	0.861769	-0.022105	-0.854674	0.505664	0.117626
31821	9.407633	-1.565649	-0.583673	0.398212	-1.461205	-0.028857	0.099860	-0.033535	0.994436	0.503395	0.863791	-0.021421	-0.858267	0.502733	0.103140
31822	9.130808	-0.535792	-0.781866	0.292839	-1.520600	-0.129595	0.086116	-0.026975	0.995920	0.500955	0.865245	-0.019882	-0.861178	0.500623	0.088025
31823	9.033048	-0.112490	-1.276156	0.126551	-1.541140	-0.226511	0.071673	-0.021157	0.997204	0.499999	0.865848	-0.017567	-0.863055	0.499860	0.072636
31824	9.558689	-0.531317	-1.449205	-0.018249	-1.518949	-0.289416	0.057085	-0.016013	0.998241	0.500301	0.865726	-0.014723	-0.863968	0.500262	0.057431
31825	9.843523	-0.441752	-1.183216	0.068180	-1.437391	-0.315454	0.043058	-0.011488	0.999007	0.499827	0.866048	-0.011584	-0.865054	0.499830	0.043032
31826	9.759215	0.090680	-0.500312	0.147440	-1.414595	-0.295012	0.029313	-0.006925	0.999546	0.498617	0.866779	-0.008618	-0.866327	0.498644	0.028861
31827	9.518421	0.749880	0.399071	0.264911	-1.430688	-0.216700	0.015805	-0.001618	0.999874	0.496328	0.868111	-0.006441	-0.867991	0.496367	0.014524
31828	9.385216	2.136170	1.187853	0.222095	-1.387653	-0.131466	0.003073	0.004170	0.999987	0.494372	0.869235	-0.005144	-0.869245	0.494381	0.000610
31829	8.952681	3.051741	1.628252	-0.050189	-1.347923	-0.102577	-0.009173	0.010013	0.999908	0.494765	0.869017	-0.004164	-0.868979	0.494681	-0.012925
31830	9.121061	3.203709	2.287011	-0.451759	-1.388773	-0.116377	-0.021829	0.015950	0.999634	0.498629	0.866810	-0.002942	-0.866540	0.498383	-0.026875
31831	9.483165	2.430074	2.718878	-0.914362	-1.369321	-0.134580	-0.034360	0.021732	0.999173	0.506454	0.862266	-0.001338	-0.861582	0.505989	-0.040634
31832	9.549962	1.065190	2.428212	-1.318104	-1.339430	-0.147563	-0.046632	0.027361	0.998537	0.517667	0.855582	0.000732	-0.854310	0.516944	-0.054061
31833	9.618864	-0.407959	1.491307	-1.433760	-1.321162	-0.155404	-0.058700	0.033014	0.997730	0.529739	0.848155	0.003102	-0.846127	0.528719	-0.067276
31834	9.865657	-1.601143	0.402843	-1.399502	-1.251220	-0.160851	-0.070116	0.038386	0.996800	0.541386	0.840755	0.005705	-0.837845	0.540054	-0.079732
31835	10.249813	-2.432160	-0.692866	-1.209456	-1.122864	-0.159902	-0.080375	0.043234	0.995827	0.551320	0.834253	0.008278	-0.830413	0.549684	-0.090889
31836	10.534650	-2.532630	-1.484911	-0.885669	-0.932050	-0.164253	-0.089014	0.047070	0.994918	0.558478	0.829450	0.010725	-0.824729	0.556595	-0.100121
31837	10.051179	-2.067482	-1.675334	-0.556384	-0.749939	-0.177540	-0.096198	0.049860	0.994113	0.562859	0.826451	0.013016	-0.820936	0.560797	-0.107567
31838	9.365807	-1.357182	-1.846542	-0.338037	-0.699371	-0.200156	-0.103072	0.052189	0.993304	0.565399	0.824675	0.015340	-0.818352	0.563194	-0.114508
31839	8.973291	-0.830102	-1.885845	-0.170894	-0.761108	-0.233305	-0.110631	0.054627	0.992359	0.566514	0.823860	0.017805	-0.816592	0.564155	-0.122091
31840	9.082008	-0.419252	-2.097454	-0.102681	-0.857376	-0.278557	-0.119216	0.057224	0.991218	0.567001	0.823458	0.020655	-0.815045	0.564484	-0.130616
31841	9.110355	-0.172320	-2.541175	-0.155104	-0.968192	-0.306829	-0.128855	0.060237	0.989832	0.567851	0.822786	0.023851	-0.812983	0.565150	-0.140226
31842	8.948092	-0.304041	-2.579499	-0.217284	-1.140307	-0.315496	-0.139916	0.064149	0.988083	0.569161	0.821775	0.027244	-0.810234	0.566190	-0.151491
31843	9.436182	-0.742793	-2.080065	-0.220655	-1.326650	-0.334215	-0.152565	0.068992	0.985882	0.570426	0.820770	0.030836	-0.807055	0.567078	-0.164576
31844	10.084045	-1.119853	-1.869596	-0.230717	-1.441894	-0.364358	-0.166270	0.074243	0.983281	0.571675	0.819743	0.034773	-0.803456	0.567899	-0.178742
31845	10.919504	-1.186029	-1.583344	-0.202063	-1.487502	-0.361330	-0.180277	0.079804	0.980373	0.572640	0.818896	0.038641	-0.799740	0.568367	-0.193327
31846	11.366099	-0.681401	-0.709248	-0.129152	-1.395185	-0.339162	-0.193365	0.085016	0.977436	0.573010	0.818463	0.042169	-0.796410	0.568235	-0.206977
31847	11.361127	0.239903	0.436793	-0.028433	-1.228188	-0.320122	-0.204980	0.089440	0.974671	0.572572	0.818602	0.045298	-0.793817	0.567354	-0.219008
31848	11.363915	1.328043	1.964619	-0.005358	-1.025375	-0.315082	-0.214918	0.092732	0.972220	0.571927	0.818880	0.048324	-0.791650	0.566425	-0.229028
31849	11.296726	1.894782	3.426922	-0.145728	-0.814493	-0.335277	-0.223289	0.094672	0.970144	0.572319	0.818390	0.051863	-0.789046	0.566812	-0.236920
31850	11.465964	1.860546	4.635256	-0.408653	-0.653681	-0.365489	-0.230531	0.095451	0.968372	0.574683	0.816435	0.056335	-0.785236	0.569494	-0.243068
31851	11.622289	1.605464	5.637453	-0.746983	-0.530640	-0.375560	-0.236866	0.095499	0.966837	0.579625	0.812541	0.061744	-0.779698	0.575028	-0.247817
31852	11.396078	0.988605	6.156317	-1.151479	-0.477789	-0.386622	-0.242819	0.095183	0.965391	0.587610	0.806256	0.068305	-0.771850	0.583860	-0.251704
31853	11.385826	0.117234	6.234909	-1.508183	-0.436280	-0.368188	-0.248361	0.094873	0.964010	0.598248	0.797735	0.075619	-0.761850	0.595499	-0.254883
31854	11.637842	-0.698136	6.506559	-1.758329	-0.304836	-0.364360	-0.252844	0.093858	0.962944	0.610614	0.787506	0.083574	-0.750480	0.609118	-0.256427
31855	11.942577	-0.807974	6.598014	-1.887545	-0.033786	-0.319181	-0.255077	0.091642	0.962568	0.623837	0.776190	0.091417	-0.738758	0.623804	-0.255158
31856	12.260661	-0.454197	6.385624	-1.835273	0.458683	-0.180358	-0.252810	0.087388	0.963561	0.636829	0.764787	0.097724	-0.728379	0.638329	-0.248997
31857	10.919344	0.024455	6.487557	-1.610701	0.853377	-0.113103	-0.247364	0.081098	0.965523	0.648191	0.754522	0.102689	-0.720180	0.651245	-0.239208
31858	9.764686	0.765546	6.137996	-1.473271	0.929138	-0.196651	-0.241937	0.073541	0.967501	0.658256	0.745011	0.107977	-0.712858	0.662986	-0.228654
31859	10.423976	1.211796	5.243364	-1.511482	1.047783	-0.337670	-0.236753	0.064105	0.969453	0.668144	0.735160	0.114557	-0.705359	0.674856	-0.216883
31860	12.572948	1.097311	4.696814	-1.489038	1.328244	-0.420674	-0.230195	0.052007	0.971754	0.677606	0.725286	0.121699	-0.698470	0.686481	-0.202198
31861	13.938501	1.093073	4.629737	-1.337821	1.842442	-0.388859	-0.220028	0.036532	0.974809	0.686021	0.716234	0.128003	-0.693515	0.696904	-0.182653
31862	13.731582	2.041993	6.272053	-0.528942	2.548872	-0.254306	-0.204001	0.016903	0.978825	0.689148	0.712621	0.131323	-0.695311	0.701346	-0.157024
31863	12.545699	4.692806	9.022901	1.053876	3.082872	-0.097865	-0.183036	-0.005236	0.983092	0.681538	0.720012	0.130726	-0.708522	0.693942	-0.128220
31864	10.736799	7.261474	5.047240	1.271995	2.808303	-0.049795	-0.163203	-0.024955	0.986277	0.672346	0.728787	0.129695	-0.722022	0.684286	-0.102161
31865	13.320198	6.222103	-2.736089	0.341085	2.652810	0.031621	-0.143758	-0.042761	0.988689	0.669894	0.731159	0.129027	-0.728406	0.680866	-0.076465
31866	14.821437	4.727775	-6.335361	-0.274814	3.022836	0.085097	-0.121056	-0.062742	0.990661	0.672003	0.729349	0.128309	-0.730587	0.681259	-0.046129
