// General information: 
//  MT Manager version: 2022.2.0 
//  XDA version: 2022.2.0 build 7381 rev 124627 built on 2023-07-19
// Device information: 
//  DeviceId: 00B4CAF0
//  ProductCode: MTW2-3A7G6
//  Firmware Version: 4.6.0
//  Hardware Version: 2.0.0
// Device settings: 
//  Filter Profile: human(46.1)
//  Option Flags: Orientation Smoother Disabled, Position/Velocity Smoother Disabled, Continuous Zero Rotation Update Disabled, AHS Disabled, ICC Disabled
// Coordinate system: ENU
PacketCounter	Acc_X	Acc_Y	Acc_Z	Gyr_X	Gyr_Y	Gyr_Z	Mat[1][1]	Mat[2][1]	Mat[3][1]	Mat[1][2]	Mat[2][2]	Mat[3][2]	Mat[1][3]	Mat[2][3]	Mat[3][3]
22697	6.056356	0.195779	8.213683	-0.002896	0.018552	0.006358	-0.101973	-0.781767	0.615177	0.992870	-0.118356	0.014174	0.061729	0.612236	0.788262
22698	5.912870	0.205782	8.335120	0.009584	-0.004546	-0.003052	-0.102045	-0.781784	0.615143	0.992867	-0.118371	0.014266	0.061662	0.612210	0.788287
22699	6.160300	0.245391	8.164145	0.007606	-0.020220	-0.000245	-0.102065	-0.781644	0.615317	0.992865	-0.118379	0.014312	0.061654	0.612388	0.788149
22700	6.190819	0.236067	8.178775	0.002162	-0.011029	0.001909	-0.102084	-0.781627	0.615335	0.992862	-0.118402	0.014316	0.061667	0.612405	0.788135
22701	6.229303	0.173783	8.183361	0.005445	-0.009190	-0.002156	-0.102130	-0.781552	0.615423	0.992858	-0.118438	0.014357	0.061669	0.612494	0.788066
22702	6.222965	0.231353	8.116380	0.006179	0.000385	0.000881	-0.102167	-0.781604	0.615351	0.992856	-0.118445	0.014398	0.061631	0.612426	0.788122
22703	6.176317	0.240046	8.208735	0.004894	0.004725	0.001783	-0.102183	-0.781619	0.615330	0.992855	-0.118453	0.014411	0.061624	0.612406	0.788138
22704	6.146469	0.249986	8.193578	0.005098	0.010174	0.002751	-0.102207	-0.781732	0.615181	0.992855	-0.118452	0.014432	0.061587	0.612261	0.788253
22705	6.145711	0.223476	8.215833	0.004568	0.006047	0.000684	-0.102234	-0.781754	0.615150	0.992852	-0.118471	0.014449	0.061582	0.612230	0.788278
22706	6.109066	0.237122	8.177433	0.006363	0.006778	-0.003449	-0.102318	-0.781839	0.615028	0.992847	-0.118512	0.014519	0.061537	0.612114	0.788372
22707	6.115691	0.234212	8.200777	0.004690	-0.000722	0.000814	-0.102340	-0.781819	0.615049	0.992844	-0.118529	0.014535	0.061537	0.612136	0.788355
22708	6.145024	0.251607	8.194612	0.003304	0.000894	0.001232	-0.102371	-0.781873	0.614975	0.992842	-0.118548	0.014552	0.061526	0.612063	0.788412
22709	6.153424	0.225773	8.162559	0.004038	0.001920	-0.001384	-0.102417	-0.781867	0.614976	0.992837	-0.118586	0.014577	0.061530	0.612063	0.788411
22710	5.989751	0.246450	8.214172	0.005853	0.001707	-0.000219	-0.102466	-0.781923	0.614896	0.992834	-0.118606	0.014623	0.061496	0.611988	0.788473
22711	5.796206	0.219570	8.369872	0.012300	-0.029490	-0.005078	-0.102529	-0.781720	0.615143	0.992830	-0.118622	0.014736	0.061451	0.612243	0.788278
22712	5.983059	0.373669	8.309729	0.010476	-0.061418	-0.002495	-0.102563	-0.781388	0.615559	0.992828	-0.118632	0.014832	0.061435	0.612666	0.787951
22713	6.124160	0.287762	8.226726	0.006884	-0.070471	-0.005193	-0.102602	-0.780934	0.616129	0.992820	-0.118682	0.014903	0.061485	0.613235	0.787504
22714	6.160883	0.229604	8.204293	0.010006	-0.075008	-0.004953	-0.102650	-0.780514	0.616653	0.992815	-0.118711	0.015012	0.061487	0.613763	0.787092
22715	6.270437	0.252377	8.171852	0.007807	-0.077124	-0.002423	-0.102657	-0.780022	0.617275	0.992812	-0.118735	0.015073	0.061535	0.614385	0.786603
22716	6.492560	0.087044	8.155091	0.000624	-0.064051	-0.006243	-0.102723	-0.779667	0.617711	0.992800	-0.118829	0.015115	0.061617	0.614816	0.786260
22717	6.658384	0.277079	8.002636	-0.007997	-0.031348	-0.003606	-0.102770	-0.779454	0.617972	0.992785	-0.118958	0.015059	0.061775	0.615061	0.786056
22718	6.238686	0.138964	8.134158	-0.007937	0.020572	0.004482	-0.102785	-0.779631	0.617747	0.992778	-0.119025	0.014969	0.061857	0.614824	0.786235
22719	6.198093	0.411259	8.033017	0.002840	0.017518	0.005666	-0.102770	-0.779729	0.617625	0.992780	-0.119016	0.014941	0.061858	0.614702	0.786330
22720	6.123584	0.169360	8.174964	0.001421	0.028619	0.006449	-0.102767	-0.779957	0.617337	0.992782	-0.119006	0.014911	0.061837	0.614414	0.786557
22721	6.185951	0.356647	8.133362	0.002843	0.017521	0.005663	-0.102752	-0.780055	0.617216	0.992783	-0.118997	0.014883	0.061837	0.614291	0.786653
22722	6.104936	0.198406	8.186427	-0.003337	0.017135	0.004792	-0.102760	-0.780211	0.617018	0.992780	-0.119032	0.014827	0.061877	0.614087	0.786809
22723	6.095634	0.277508	8.175726	-0.002219	0.006412	0.008209	-0.102713	-0.780243	0.616985	0.992781	-0.119033	0.014743	0.061939	0.614045	0.786837
22724	6.146848	0.260816	8.183967	-0.005195	0.004199	0.008079	-0.102681	-0.780323	0.616890	0.992780	-0.119054	0.014652	0.062010	0.613940	0.786913
22725	6.198465	0.270787	8.170154	-0.005065	-0.002565	0.008204	-0.102628	-0.780301	0.616926	0.992779	-0.119074	0.014546	0.062109	0.613964	0.786886
22726	6.213936	0.213328	8.182856	-0.007512	-0.000654	0.010143	-0.102574	-0.780352	0.616870	0.992778	-0.119094	0.014424	0.062210	0.613895	0.786933
22727	6.317186	0.207101	8.176942	-0.008169	0.001986	0.007948	-0.102527	-0.780357	0.616872	0.992775	-0.119135	0.014295	0.062336	0.613880	0.786934
22728	6.618883	0.220879	8.115163	-0.010796	0.029636	0.010483	-0.102486	-0.780595	0.616578	0.992773	-0.119170	0.014145	0.062436	0.613571	0.787167
22729	6.444037	0.242923	8.147627	-0.009953	0.082610	0.015927	-0.102410	-0.781104	0.615945	0.992777	-0.119159	0.013953	0.062497	0.612925	0.787665
22730	6.282970	0.185713	8.139697	-0.013927	0.103362	0.013187	-0.102388	-0.781795	0.615072	0.992776	-0.119193	0.013762	0.062553	0.612037	0.788351
22731	6.282310	0.157666	8.114655	-0.010288	0.121954	0.016181	-0.102334	-0.782544	0.614128	0.992780	-0.119181	0.013565	0.062577	0.611082	0.789090
22732	6.189414	0.176890	8.175976	-0.020359	0.131921	0.017458	-0.102290	-0.783412	0.613028	0.992779	-0.119222	0.013297	0.062669	0.609961	0.789950
22733	6.209998	0.195278	8.100991	-0.021034	0.130946	0.020008	-0.102204	-0.784217	0.612011	0.992780	-0.119245	0.012992	0.062790	0.608920	0.790743
22734	6.102716	0.193603	8.137779	-0.029486	0.135260	0.021459	-0.102123	-0.785107	0.610883	0.992777	-0.119311	0.012627	0.062971	0.607760	0.791620
22735	6.069116	0.169409	8.175263	-0.025794	0.134883	0.023729	-0.102003	-0.785938	0.609834	0.992779	-0.119333	0.012262	0.063136	0.606680	0.792435
22736	6.086424	0.259134	8.189195	-0.026690	0.128452	0.025316	-0.101877	-0.786787	0.608759	0.992781	-0.119347	0.011895	0.063295	0.605576	0.793266
22737	6.120956	0.242918	8.182148	-0.024611	0.124230	0.027049	-0.101718	-0.787555	0.607792	0.992787	-0.119335	0.011519	0.063459	0.604580	0.794013
22738	6.228926	0.177301	8.198128	-0.025281	0.131822	0.035226	-0.101497	-0.788432	0.606690	0.992801	-0.119262	0.011103	0.063601	0.603449	0.794861
22739	6.278123	0.001275	8.214993	-0.020788	0.152464	0.030249	-0.101324	-0.789372	0.605496	0.992812	-0.119201	0.010739	0.063699	0.602232	0.795776
22740	6.267110	0.002360	8.148400	-0.010490	0.180677	0.030201	-0.101184	-0.790534	0.604002	0.992830	-0.119077	0.010471	0.063645	0.600731	0.796914
22741	6.034104	0.086120	8.234530	-0.005906	0.201381	0.025158	-0.101093	-0.791756	0.602415	0.992845	-0.118965	0.010256	0.063546	0.599141	0.798117
22742	5.942184	0.026239	8.310050	-0.000138	0.197725	0.023893	-0.101026	-0.793005	0.600780	0.992863	-0.118828	0.010109	0.063373	0.597514	0.799351
22743	6.029801	-0.109810	8.349087	0.013565	0.185620	0.019162	-0.100983	-0.794120	0.599313	0.992885	-0.118647	0.010086	0.063097	0.596068	0.800451
22744	5.800458	-0.304329	8.440178	0.058804	0.158130	0.027024	-0.100856	-0.795131	0.597992	0.992944	-0.118131	0.010393	0.062378	0.594821	0.801435
22745	5.782081	0.535979	8.192899	0.056160	0.153816	0.016825	-0.100815	-0.796049	0.596776	0.992989	-0.117715	0.010726	0.061711	0.593674	0.802336
22746	5.711556	0.622713	8.356995	0.033024	0.113004	0.018313	-0.100747	-0.796778	0.595814	0.993022	-0.117426	0.010879	0.061296	0.592753	0.803049
22747	5.600854	0.408610	8.230382	0.028714	0.097022	0.013118	-0.100706	-0.797352	0.595052	0.993047	-0.117203	0.011014	0.060960	0.592024	0.803611
22748	5.760484	0.353938	8.309598	0.009122	0.072088	0.017134	-0.100625	-0.797836	0.594417	0.993064	-0.117064	0.010984	0.060822	0.591400	0.804082
22749	5.697707	0.373321	8.280538	0.009401	0.054392	0.018151	-0.100508	-0.798163	0.593998	0.993082	-0.116915	0.010935	0.060720	0.590988	0.804392
22750	5.556599	0.433294	8.379895	0.002457	0.022035	0.025403	-0.100314	-0.798361	0.593766	0.993103	-0.116749	0.010802	0.060698	0.590754	0.804566
22751	5.256455	0.449381	8.335399	0.001560	-0.020374	0.022296	-0.100110	-0.798250	0.593948	0.993120	-0.116614	0.010665	0.060749	0.590929	0.804433
22752	5.444204	0.534378	8.500419	-0.008985	-0.098683	0.027392	-0.099824	-0.797737	0.594686	0.993136	-0.116500	0.010429	0.060961	0.591645	0.803890
22753	6.335667	-0.379073	8.579453	0.010581	-0.130500	0.012189	-0.099654	-0.796962	0.595752	0.993149	-0.116392	0.010425	0.061033	0.592709	0.803101
22754	6.387818	-0.126144	8.061972	0.035163	-0.077515	-0.006548	-0.099715	-0.796533	0.596315	0.993158	-0.116286	0.010745	0.060784	0.593307	0.802678
22755	6.322637	0.049377	8.102812	0.045529	-0.041533	-0.012088	-0.099841	-0.796257	0.596663	0.993167	-0.116164	0.011166	0.060420	0.593701	0.802414
22756	6.139995	-0.331233	8.196569	0.040022	-0.011824	-0.010640	-0.099984	-0.796211	0.596700	0.993175	-0.116062	0.011549	0.060059	0.593782	0.802381
22757	6.132147	-0.143400	8.174656	0.057807	0.004721	-0.021477	-0.100230	-0.796198	0.596676	0.993182	-0.115942	0.012124	0.059526	0.593823	0.802391
22758	5.954249	-0.082196	8.155257	0.061907	0.030769	-0.028253	-0.100573	-0.796385	0.596369	0.993184	-0.115850	0.012787	0.058906	0.593591	0.802608
22759	5.612259	0.292881	8.430390	0.095175	0.004898	-0.042166	-0.101025	-0.796349	0.596340	0.993192	-0.115673	0.013786	0.058002	0.593673	0.802613
22760	5.791843	0.474119	8.507870	0.087958	-0.026948	-0.047072	-0.101520	-0.796171	0.596494	0.993189	-0.115576	0.014770	0.057181	0.593930	0.802482
22761	5.934172	0.637940	8.642795	0.083479	-0.046622	-0.047381	-0.101995	-0.795824	0.596876	0.993182	-0.115509	0.015706	0.056445	0.594409	0.802179
22762	6.166474	0.716643	8.459300	0.059607	-0.053987	-0.037198	-0.102378	-0.795496	0.597247	0.993172	-0.115502	0.016404	0.055934	0.594849	0.801889
22763	6.266147	0.418925	8.361006	0.049133	-0.029099	-0.021223	-0.102603	-0.795283	0.597493	0.993172	-0.115430	0.016908	0.055522	0.595148	0.801696
22764	6.153718	0.385586	8.283213	0.035396	-0.011936	-0.006282	-0.102704	-0.795240	0.597532	0.993179	-0.115322	0.017229	0.055207	0.595226	0.801660
22765	6.161066	0.006895	8.226805	0.033066	0.009099	-0.003888	-0.102778	-0.795274	0.597474	0.993187	-0.115208	0.017500	0.054916	0.595202	0.801697
22766	6.092743	0.056053	8.227110	0.039639	0.026388	-0.012412	-0.102960	-0.795452	0.597206	0.993190	-0.115122	0.017891	0.054520	0.594981	0.801889
22767	6.071749	0.112696	8.292649	0.034838	0.040734	-0.013692	-0.103149	-0.795663	0.596892	0.993189	-0.115076	0.018236	0.054178	0.594708	0.802114
22768	5.917083	0.287433	8.334791	0.040186	0.038302	-0.015916	-0.103372	-0.795907	0.596528	0.993189	-0.115015	0.018652	0.053765	0.594393	0.802375
22769	5.820764	0.443072	8.408838	0.035203	0.023988	-0.017933	-0.103593	-0.796014	0.596348	0.993183	-0.115001	0.019024	0.053437	0.594254	0.802501
22770	5.937438	0.515066	8.386929	0.036243	0.006400	-0.014167	-0.103781	-0.796070	0.596240	0.993182	-0.114948	0.019399	0.053094	0.594188	0.802572
22771	5.955599	0.465098	8.323430	0.021989	-0.003775	-0.001073	-0.103820	-0.796031	0.596285	0.993187	-0.114878	0.019565	0.052926	0.594254	0.802534
22772	5.994393	0.301152	8.340528	0.020325	-0.008558	0.003715	-0.103822	-0.796019	0.596301	0.993196	-0.114778	0.019705	0.052757	0.594290	0.802519
22773	5.957160	0.338316	8.355297	0.013361	-0.009978	0.005410	-0.103794	-0.795950	0.596398	0.993203	-0.114708	0.019763	0.052681	0.594395	0.802446
22774	6.008254	0.269711	8.407896	0.007777	-0.013025	0.006721	-0.103765	-0.795914	0.596451	0.993208	-0.114660	0.019785	0.052642	0.594452	0.802406
22775	5.900863	0.331630	8.343143	0.005971	-0.012818	0.005539	-0.103734	-0.795829	0.596570	0.993211	-0.114633	0.019783	0.052643	0.594572	0.802317
22776	5.810721	0.406960	8.402863	0.006463	-0.034568	0.007297	-0.103688	-0.795665	0.596796	0.993216	-0.114587	0.019791	0.052638	0.594800	0.802149
22777	5.906938	0.358335	8.317268	0.003710	-0.047672	0.008043	-0.103613	-0.795375	0.597196	0.993221	-0.114553	0.019756	0.052697	0.595194	0.801852
22778	6.029934	0.322851	8.302468	-0.001132	-0.050613	0.012031	-0.103511	-0.795122	0.597551	0.993227	-0.114515	0.019675	0.052785	0.595540	0.801590
22779	6.027297	0.298821	8.297995	0.001641	-0.053857	0.011243	-0.103402	-0.794798	0.598000	0.993233	-0.114468	0.019604	0.052871	0.595981	0.801256
22780	6.042069	0.195047	8.252179	-0.007186	-0.048256	0.011549	-0.103305	-0.794557	0.598337	0.993236	-0.114469	0.019477	0.053015	0.596302	0.801008
22781	6.089434	0.257769	8.246266	-0.000095	-0.044090	0.010288	-0.103210	-0.794290	0.598708	0.993241	-0.114440	0.019398	0.053108	0.596663	0.800733
22782	6.040093	0.219971	8.278778	0.001466	-0.033424	0.010591	-0.103130	-0.794136	0.598926	0.993247	-0.114397	0.019347	0.053151	0.596876	0.800571
22783	5.991318	0.235489	8.267744	0.000547	-0.029456	0.007244	-0.103073	-0.793953	0.599179	0.993249	-0.114388	0.019291	0.053223	0.597122	0.800383
22784	5.843426	0.276961	8.338625	0.009060	-0.042348	0.000249	-0.103092	-0.793733	0.599466	0.993248	-0.114383	0.019362	0.053200	0.597415	0.800166
22785	5.951993	0.325758	8.287869	0.012855	-0.055438	-0.002298	-0.103116	-0.793383	0.599925	0.993247	-0.114376	0.019462	0.053176	0.597880	0.799820
22786	5.966469	0.197660	8.263742	0.015323	-0.057357	-0.004208	-0.103172	-0.793069	0.600331	0.993245	-0.114370	0.019610	0.053108	0.598299	0.799511
22787	5.928766	-0.096099	8.307713	0.029926	-0.055318	-0.016029	-0.103333	-0.792703	0.600786	0.993238	-0.114370	0.019929	0.052914	0.598783	0.799162
22788	5.909442	0.094172	8.310920	0.040302	-0.075178	-0.038041	-0.103714	-0.792242	0.601328	0.993214	-0.114480	0.020479	0.052616	0.599372	0.798740
22789	6.010219	0.121135	8.333980	0.040550	-0.078293	-0.042718	-0.104128	-0.791708	0.601960	0.993186	-0.114627	0.021043	0.052341	0.600049	0.798249
22790	6.075322	0.290640	8.283939	0.038114	-0.084956	-0.046407	-0.104588	-0.791177	0.602578	0.993151	-0.114817	0.021626	0.052076	0.600713	0.797767
22791	6.118293	0.336844	8.274194	0.035606	-0.076209	-0.044738	-0.105023	-0.790652	0.603191	0.993117	-0.115008	0.022163	0.051849	0.601367	0.797289
22792	6.161190	0.408974	8.242617	0.028460	-0.074469	-0.038387	-0.105411	-0.790192	0.603726	0.993085	-0.115193	0.022621	0.051670	0.601936	0.796871
22793	6.113064	0.425517	8.306184	0.018721	-0.074464	-0.025268	-0.105654	-0.789698	0.604329	0.993063	-0.115332	0.022907	0.051609	0.602557	0.796405
22794	6.060038	0.549883	8.258089	0.009517	-0.078919	-0.015680	-0.105813	-0.789237	0.604904	0.993045	-0.115451	0.023077	0.051623	0.603139	0.795964
22795	6.050631	0.527681	8.305707	0.003523	-0.085193	-0.005320	-0.105852	-0.788700	0.605596	0.993036	-0.115523	0.023121	0.051725	0.603826	0.795436
22796	5.942495	0.383155	8.313478	-0.005249	-0.106351	0.000003	-0.105840	-0.788090	0.606393	0.993027	-0.115605	0.023079	0.051913	0.604607	0.794830
22797	6.108863	0.364629	8.233745	-0.009069	-0.113211	0.007318	-0.105739	-0.787397	0.607309	0.993024	-0.115654	0.022947	0.052170	0.605499	0.794134
22798	6.024906	0.239297	8.211168	-0.005494	-0.115395	0.003838	-0.105685	-0.786734	0.608177	0.993020	-0.115709	0.022880	0.052371	0.606350	0.793471
22799	6.072196	0.176048	8.210272	-0.007478	-0.120619	0.001700	-0.105636	-0.785988	0.609150	0.993012	-0.115793	0.022795	0.052619	0.607301	0.792728
22800	5.962124	0.313713	8.205380	0.002299	-0.121474	-0.006229	-0.105678	-0.785274	0.610063	0.993000	-0.115881	0.022851	0.052750	0.608207	0.792024
22801	5.897833	0.150422	8.351054	-0.006183	-0.144791	-0.010922	-0.105741	-0.784364	0.611222	0.992980	-0.116056	0.022853	0.053011	0.609347	0.791130
22802	6.021961	0.249005	8.270968	0.000995	-0.177659	-0.018776	-0.105878	-0.783290	0.612573	0.992954	-0.116250	0.022976	0.053214	0.610690	0.790080
22803	5.953108	0.321901	8.345954	-0.008919	-0.192525	-0.023303	-0.106037	-0.782070	0.614103	0.992919	-0.116539	0.023033	0.053553	0.612197	0.788890
22804	5.867157	0.599991	8.505034	-0.012355	-0.234516	-0.016857	-0.106122	-0.780645	0.615899	0.992888	-0.116797	0.023040	0.053950	0.613964	0.787488
22805	5.895126	0.671399	8.523754	-0.037106	-0.293009	0.007734	-0.105917	-0.778835	0.618221	0.992871	-0.117018	0.022685	0.054675	0.616216	0.785677
22806	5.945431	0.610074	8.464936	-0.068159	-0.332808	0.015608	-0.105622	-0.776831	0.620787	0.992844	-0.117368	0.022055	0.055728	0.618674	0.783669
22807	5.996671	0.615240	8.568300	-0.099919	-0.392012	0.029476	-0.105139	-0.774419	0.623876	0.992812	-0.117811	0.021074	0.057179	0.621608	0.781239
22808	6.135242	0.701142	8.525058	-0.131824	-0.464564	0.040648	-0.104509	-0.771604	0.627459	0.992772	-0.118368	0.019795	0.058998	0.624992	0.778398
22809	5.763325	1.212212	9.168580	-0.225679	-0.530558	-0.028591	-0.104503	-0.768228	0.631590	0.992600	-0.120056	0.018207	0.061839	0.628819	0.775089
22810	2.021137	-0.776156	10.063822	-0.237348	-0.634371	0.120002	-0.102958	-0.764403	0.636465	0.992568	-0.120687	0.015616	0.064877	0.633343	0.771147
22811	5.581656	1.711399	9.898077	-0.101830	-1.211982	0.090275	-0.101292	-0.756764	0.645793	0.992587	-0.120703	0.014242	0.067172	0.642448	0.763380
22812	4.028239	-1.105752	9.657262	-0.099031	-1.424332	0.159465	-0.098783	-0.747770	0.656569	0.992672	-0.120197	0.012458	0.069602	0.652988	0.754163
22813	5.286759	0.259237	9.523929	0.013519	-1.708174	0.115101	-0.096468	-0.736627	0.669383	0.992788	-0.119306	0.011784	0.071181	0.665692	0.742824
22814	4.791157	0.278054	10.271885	-0.027286	-2.005837	0.117938	-0.093895	-0.723313	0.684106	0.992874	-0.118681	0.010791	0.073385	0.680245	0.729302
22815	4.826798	0.659640	9.984223	-0.125712	-2.367291	0.142319	-0.090733	-0.707161	0.701206	0.992904	-0.118582	0.008889	0.076865	0.697037	0.712903
22816	5.806874	0.436408	9.855020	-0.151678	-2.719955	0.174115	-0.086910	-0.688204	0.720293	0.992933	-0.118491	0.006594	0.080810	0.715776	0.693639
22817	5.647879	0.749308	9.788237	-0.208259	-3.032632	0.232284	-0.082111	-0.666445	0.741019	0.992950	-0.118483	0.003468	0.085487	0.736080	0.671475
22818	6.692959	0.853647	10.195709	-0.330915	-3.332588	0.324355	-0.075994	-0.642000	0.762929	0.992908	-0.118884	-0.001138	0.091431	0.757432	0.646481
22819	7.072548	0.786079	9.915216	-0.351206	-3.582533	0.374978	-0.068915	-0.614893	0.785594	0.992841	-0.119280	-0.006267	0.097560	0.779538	0.618711
22820	8.252452	1.176114	10.224458	-0.420961	-3.791966	0.454721	-0.060628	-0.585520	0.808388	0.992705	-0.119930	-0.012414	0.104218	0.801738	0.588519
22821	9.768565	1.240424	11.445853	-0.331206	-3.909957	0.552889	-0.050985	-0.554382	0.830699	0.992652	-0.119525	-0.018841	0.109734	0.823635	0.556402
22822	9.727429	1.888712	10.686893	-0.331258	-3.859800	0.665035	-0.040109	-0.523063	0.851350	0.992578	-0.118752	-0.026198	0.114803	0.843981	0.523944
22823	9.885293	1.858922	9.867904	-0.280024	-3.808952	0.729143	-0.028448	-0.491390	0.870475	0.992495	-0.117498	-0.033893	0.118934	0.862977	0.491045
22824	9.530779	4.531631	9.460532	-0.178814	-3.833840	0.773566	-0.016224	-0.458943	0.888318	0.992448	-0.115427	-0.041509	0.121586	0.880936	0.457350
22825	9.039166	6.020248	13.966864	-0.608982	-3.374388	0.917184	-0.002941	-0.430016	0.902817	0.991770	-0.116812	-0.052408	0.127996	0.895233	0.426820
22826	20.819094	0.512091	18.599897	-0.641114	-2.258228	0.601912	0.005911	-0.410510	0.911837	0.990918	-0.120091	-0.060489	0.134335	0.903913	0.406073
22827	7.944326	0.224080	16.552060	-0.202101	-1.052587	0.275631	0.010037	-0.401284	0.915899	0.990617	-0.120857	-0.063807	0.136297	0.907945	0.396306
22828	1.837512	1.307492	12.933757	0.095947	-0.478607	0.223951	0.012822	-0.397319	0.917591	0.990721	-0.119129	-0.065427	0.135307	0.909915	0.392105
22829	-0.998741	0.996420	10.709044	0.186343	-0.413258	0.391049	0.017223	-0.393992	0.918952	0.990907	-0.115937	-0.068279	0.133442	0.911772	0.388413
22830	-0.206357	-0.068017	10.747987	0.261828	-0.325174	0.622443	0.023733	-0.391867	0.919716	0.991126	-0.111138	-0.072929	0.130793	0.913284	0.385752
22831	1.139672	-0.611756	11.887601	0.465908	-0.010098	0.794490	0.031593	-0.392607	0.919164	0.991500	-0.103818	-0.078424	0.126216	0.913828	0.385990
22832	1.531441	-0.042295	12.445533	0.697426	0.471149	0.892276	0.039774	-0.397946	0.916546	0.992040	-0.093954	-0.083843	0.119478	0.912585	0.391042
22833	1.484489	0.881069	12.291538	0.844460	0.997044	0.900444	0.047528	-0.407803	0.911832	0.992619	-0.082687	-0.088720	0.111576	0.909318	0.400863
22834	1.635271	1.409875	11.737162	0.887741	1.485983	0.850246	0.054280	-0.422100	0.904923	0.993145	-0.071138	-0.092754	0.103526	0.903754	0.415345
22835	2.197704	1.290947	10.993313	0.886413	1.939820	0.769817	0.059964	-0.440041	0.895974	0.993586	-0.059897	-0.095914	0.095872	0.895978	0.433626
22836	2.696593	0.928099	10.290838	0.888547	2.339993	0.690563	0.064574	-0.461449	0.884814	0.993981	-0.048892	-0.098039	0.088501	0.885818	0.455514
22837	3.083972	0.399595	9.577131	0.915595	2.677150	0.616871	0.068405	-0.485250	0.871696	0.994346	-0.037971	-0.099168	0.081221	0.873551	0.479909
22838	3.640637	-0.191950	8.925243	0.970849	2.940979	0.560826	0.071610	-0.511103	0.856531	0.994712	-0.026789	-0.099148	0.073621	0.859102	0.506482
22839	4.424884	-0.411154	8.339663	1.052659	3.146882	0.531511	0.074679	-0.537978	0.839644	0.995055	-0.015097	-0.098175	0.065492	0.842824	0.534190
22840	5.266069	-0.005597	7.899963	1.096871	3.318824	0.507409	0.077602	-0.565886	0.820823	0.995348	-0.003174	-0.096290	0.057094	0.824477	0.563008
22841	5.832836	0.372934	7.622648	1.068448	3.446019	0.465000	0.080369	-0.593928	0.800494	0.995549	0.008172	-0.093889	0.049222	0.804476	0.591942
22842	6.438395	-0.001168	7.534098	1.013601	3.519045	0.393956	0.082595	-0.621994	0.778654	0.995698	0.018589	-0.090770	0.041984	0.782801	0.620854
22843	7.274757	-0.936926	7.442579	1.071103	3.558573	0.291111	0.084106	-0.649363	0.755813	0.995865	0.028648	-0.086205	0.034326	0.759939	0.649088
22844	7.996013	-1.212995	7.216418	1.221186	3.578437	0.195074	0.084897	-0.676237	0.731776	0.996072	0.039049	-0.079474	0.025169	0.735649	0.676895
22845	8.548888	-0.993014	7.178830	1.358432	3.568867	0.124288	0.085392	-0.701976	0.707063	0.996239	0.049674	-0.070999	0.014717	0.710466	0.703578
22846	8.873146	-0.802573	7.222278	1.442043	3.543231	0.062695	0.085614	-0.726817	0.681475	0.996323	0.060150	-0.061017	0.003357	0.684193	0.729294
22847	9.094437	-0.928027	7.363138	1.497799	3.486496	-0.010317	0.085570	-0.750203	0.655647	0.996296	0.070069	-0.049854	-0.008540	0.657484	0.753420
22848	9.469894	-1.144246	7.597436	1.550842	3.401184	-0.105274	0.084947	-0.772332	0.629513	0.996162	0.079220	-0.037231	-0.021115	0.630259	0.776097
22849	9.878291	-1.303164	7.887350	1.575076	3.288852	-0.222569	0.083604	-0.792794	0.603729	0.995919	0.087141	-0.023485	-0.033990	0.603229	0.796844
22850	10.250943	-1.157021	7.940132	1.551383	3.144765	-0.342070	0.081396	-0.811786	0.578255	0.995579	0.093507	-0.008870	-0.046870	0.576420	0.815808
22851	10.345506	-0.826132	7.907167	1.437665	2.978174	-0.446790	0.078489	-0.828989	0.553729	0.995182	0.097892	0.005491	-0.058758	0.550630	0.832679
22852	10.226617	-0.685926	7.718422	1.248741	2.780198	-0.522562	0.074998	-0.844590	0.530134	0.994788	0.100195	0.018894	-0.069075	0.525954	0.847703
22853	9.933002	-1.029002	7.515457	1.068480	2.548512	-0.595819	0.070910	-0.858296	0.508231	0.994444	0.100570	0.031094	-0.077800	0.503203	0.860659
22854	9.953490	-1.464564	7.346749	0.947212	2.291260	-0.689979	0.065858	-0.870378	0.487960	0.994144	0.099223	0.042809	-0.085677	0.482283	0.871816
22855	10.877577	-1.784462	7.026673	0.870733	2.037480	-0.807295	0.059620	-0.880797	0.469725	0.993878	0.096223	0.054284	-0.093011	0.463613	0.881142
22856	12.068934	-1.688012	6.494917	0.783995	1.839328	-0.924896	0.052141	-0.890123	0.452727	0.993641	0.091546	0.065554	-0.099797	0.446430	0.889236
22857	13.134672	-1.531065	5.729440	0.654447	1.690158	-0.998112	0.043925	-0.898414	0.436948	0.993455	0.085443	0.075812	-0.105444	0.430758	0.896286
22858	13.828957	-1.313575	4.954907	0.483501	1.569470	-1.017544	0.035447	-0.905965	0.421865	0.993339	0.078253	0.084585	-0.109643	0.416057	0.902704
22859	14.017486	-1.583392	4.206938	0.281503	1.471372	-0.963788	0.027470	-0.912699	0.407709	0.993336	0.070594	0.091105	-0.111933	0.402489	0.908556
22860	13.654936	-2.175234	3.416779	0.131755	1.346984	-0.876440	0.020224	-0.918680	0.394484	0.993396	0.063034	0.095867	-0.112937	0.389940	0.913888
22861	12.570351	-3.080300	2.510346	0.039031	1.171738	-0.762214	0.013942	-0.923634	0.383021	0.993488	0.056116	0.099159	-0.113081	0.379145	0.918402
22862	10.942682	-4.273419	1.896653	0.053903	0.907074	-0.671828	0.008244	-0.927437	0.373888	0.993501	0.050046	0.102233	-0.113526	0.370615	0.921822
22863	9.927616	-4.204042	1.657800	0.100477	0.554349	-0.593487	0.002946	-0.929753	0.368172	0.993425	0.044858	0.105332	-0.114449	0.365440	0.923772
22864	9.415934	-3.437133	1.687122	0.023686	0.165467	-0.452474	-0.001407	-0.930587	0.366068	0.993401	0.040682	0.107235	-0.114684	0.363803	0.924389
22865	9.216993	-3.003902	2.045386	-0.154281	-0.200910	-0.250608	-0.004159	-0.929946	0.367672	0.993575	0.037742	0.106699	-0.113101	0.365753	0.923814
22866	9.136523	-3.088062	2.467994	-0.343490	-0.530201	-0.066456	-0.005455	-0.928049	0.372419	0.993955	0.035807	0.103789	-0.109656	0.370733	0.922243
22867	9.013583	-3.120782	2.980959	-0.448583	-0.804626	0.064738	-0.005710	-0.925006	0.379910	0.994445	0.034680	0.099385	-0.105107	0.378367	0.919669
22868	8.882252	-2.766757	3.595100	-0.501533	-1.031049	0.135941	-0.005459	-0.921034	0.389445	0.994968	0.033962	0.094265	-0.100047	0.388000	0.916213
22869	8.167985	-0.791407	4.223755	-0.627915	-1.290580	0.210438	-0.004648	-0.915870	0.401447	0.995591	0.033373	0.087666	-0.093688	0.400085	0.911677
22870	6.977981	-3.154937	2.414518	-0.790359	-1.703744	0.439954	-0.001837	-0.908792	0.417245	0.996316	0.034112	0.078686	-0.085743	0.415852	0.905381
22871	7.205515	-0.716384	7.484742	-0.650805	-1.745909	0.503443	0.001707	-0.901208	0.433384	0.996856	0.035862	0.070649	-0.079211	0.431901	0.898436
22872	9.923277	0.378921	10.299440	-0.672429	-1.524866	0.516116	0.005655	-0.894345	0.447342	0.997350	0.037495	0.062354	-0.072539	0.445804	0.892187
22873	7.434699	-0.071055	12.759126	-0.577108	-1.043423	0.612354	0.011003	-0.889397	0.457002	0.997704	0.040308	0.054424	-0.066825	0.455354	0.887799
22874	6.469434	0.214936	14.827905	-0.399856	-0.511681	0.623088	0.016847	-0.886810	0.461828	0.997879	0.043962	0.048014	-0.062882	0.460039	0.885669
22875	7.316074	-0.533804	10.613835	-0.401532	-0.450326	0.422710	0.020758	-0.884531	0.466019	0.998047	0.045801	0.042476	-0.058916	0.464228	0.883754
22876	1.946611	1.093604	8.315293	-0.361787	-0.469186	0.258758	0.023033	-0.882240	0.470236	0.998200	0.046350	0.038069	-0.055381	0.468512	0.881719
22877	0.964419	1.373922	6.911304	-0.394756	-0.887420	0.186887	0.024391	-0.877953	0.478126	0.998370	0.046081	0.033686	-0.051607	0.476525	0.877645
22878	2.396359	0.968635	8.126476	-0.387191	-1.195173	0.115718	0.024910	-0.872160	0.488586	0.998536	0.045179	0.029739	-0.048011	0.487130	0.872009
22879	4.886533	0.210992	9.143921	-0.358039	-1.409333	-0.000982	0.024213	-0.865199	0.500843	0.998705	0.043354	0.026611	-0.044737	0.499551	0.865129
22880	7.506815	-0.399267	9.932282	-0.306305	-1.420242	-0.082064	0.022736	-0.858072	0.513026	0.998859	0.041049	0.024389	-0.041987	0.511886	0.858027
22881	9.602869	-1.612901	10.247886	-0.222449	-1.274359	-0.132020	0.020862	-0.851522	0.523904	0.998982	0.038719	0.023151	-0.039998	0.522887	0.851463
22882	9.803891	-2.768265	10.260180	-0.039626	-1.014947	-0.192486	0.018494	-0.846263	0.532444	0.999038	0.036826	0.023831	-0.039775	0.531491	0.846130
22883	9.686848	-3.283655	10.545750	0.175983	-0.797620	-0.217394	0.015964	-0.842066	0.539138	0.999006	0.035881	0.026460	-0.041626	0.538179	0.841802
22884	9.455123	-2.966451	10.265656	0.364711	-0.584156	-0.231551	0.013359	-0.839008	0.543956	0.998883	0.035855	0.030772	-0.045321	0.542937	0.838550
22885	6.877385	-1.592446	9.131661	0.428238	-0.372508	-0.211067	0.011042	-0.837046	0.547021	0.998708	0.036367	0.035490	-0.049600	0.545923	0.836366
22886	3.921340	0.233763	7.939698	0.432111	-0.406101	-0.172979	0.009068	-0.834900	0.550327	0.998504	0.037235	0.040036	-0.053917	0.549140	0.833989
22887	2.631293	1.849436	7.652162	0.403770	-0.607613	-0.159915	0.007099	-0.831599	0.555332	0.998294	0.038079	0.044261	-0.057953	0.554070	0.830450
22888	3.978740	3.181725	8.169881	0.342457	-0.829529	-0.176401	0.004806	-0.827058	0.562096	0.998103	0.038472	0.048072	-0.061384	0.560798	0.825674
22889	8.863540	5.742557	10.164284	0.268153	-0.974245	-0.224135	0.001925	-0.821631	0.570016	0.997945	0.038087	0.051529	-0.064048	0.568745	0.820016
22890	15.426631	4.203529	9.263889	-0.400423	-0.327760	0.194907	0.003627	-0.819705	0.572774	0.998190	0.037352	0.047134	-0.060030	0.571567	0.818357
22891	4.300103	-0.943676	7.996656	-0.181640	0.074101	0.080617	0.004442	-0.820088	0.572220	0.998297	0.036923	0.045167	-0.058170	0.571045	0.818855
22892	4.947245	0.355180	7.492049	-0.256956	-0.109595	0.201682	0.006352	-0.819399	0.573188	0.998434	0.037056	0.041910	-0.055581	0.572024	0.818352
22893	5.901893	-0.824999	9.410073	-0.235254	-0.215824	0.223455	0.008433	-0.818069	0.575058	0.998548	0.037486	0.038685	-0.053204	0.573897	0.817197
22894	5.772770	-1.046979	8.414895	-0.215654	-0.172326	0.164680	0.009946	-0.817030	0.576510	0.998647	0.037542	0.035975	-0.051036	0.575372	0.816298
22895	5.949701	-2.423632	8.907006	-0.110125	-0.249470	0.096946	0.010756	-0.815545	0.578594	0.998695	0.037647	0.034499	-0.049918	0.577468	0.814886
22896	6.026377	-1.741604	8.770395	-0.001561	-0.242294	0.011848	0.010715	-0.814151	0.580554	0.998697	0.037682	0.034413	-0.049894	0.579429	0.813494
22897	6.874364	1.380343	8.476520	0.039634	-0.300577	-0.005135	0.010480	-0.812397	0.583010	0.998680	0.037819	0.034747	-0.050277	0.581876	0.811722
22898	6.165755	1.219109	7.974337	-0.097522	-0.093088	0.044920	0.010844	-0.811851	0.583764	0.998726	0.037564	0.033688	-0.049278	0.582655	0.811224
22899	5.957122	0.631033	8.410890	-0.075580	-0.196372	0.052147	0.011236	-0.810675	0.585389	0.998760	0.037494	0.032753	-0.048501	0.584295	0.810091
22900	6.275729	0.131104	8.798366	-0.095734	-0.159131	0.065893	0.011779	-0.809731	0.586683	0.998800	0.037416	0.031588	-0.047529	0.585607	0.809200
22901	6.295232	-0.007396	8.224022	0.009126	-0.159783	-0.003130	0.011639	-0.808785	0.587990	0.998799	0.037392	0.031663	-0.047594	0.586915	0.808249
22902	6.321727	0.498742	8.345462	-0.000344	-0.124969	0.001639	0.011558	-0.808062	0.588984	0.998801	0.037351	0.031645	-0.047571	0.587913	0.807525
22903	6.204525	0.502700	8.369690	0.005369	-0.120949	-0.001134	0.011456	-0.807340	0.589976	0.998801	0.037322	0.031678	-0.047594	0.588906	0.806799
22904	6.203852	0.318955	8.328150	0.000805	-0.091754	0.001276	0.011386	-0.806810	0.590701	0.998803	0.037285	0.031673	-0.047578	0.589634	0.806268
22905	6.260258	0.402060	8.265179	0.006450	-0.091764	-0.000628	0.011304	-0.806258	0.591456	0.998802	0.037266	0.031711	-0.047609	0.590389	0.805713
22906	6.104399	0.398440	8.376605	-0.000104	-0.066434	0.001587	0.011249	-0.805876	0.591978	0.998804	0.037226	0.031696	-0.047580	0.590913	0.805331
22907	6.264313	0.486999	8.288946	0.002005	-0.063072	0.006927	0.011256	-0.805490	0.592503	0.998805	0.037242	0.031655	-0.047563	0.591439	0.804946
22908	6.307483	0.413998	8.246042	-0.006602	-0.032823	0.011237	0.011314	-0.805302	0.592757	0.998809	0.037241	0.031531	-0.047467	0.591694	0.804764
22909	6.160793	0.322350	8.352183	-0.009214	-0.008614	0.011657	0.011393	-0.805236	0.592845	0.998814	0.037229	0.031370	-0.047331	0.591785	0.804705
22910	6.053346	0.473147	8.313469	-0.009213	-0.008614	0.011656	0.011467	-0.805191	0.592905	0.998819	0.037216	0.031223	-0.047206	0.591847	0.804667
22911	6.018999	0.273152	8.308810	-0.013930	-0.008290	0.016073	0.011591	-0.805125	0.592992	0.998827	0.037211	0.030998	-0.047023	0.591937	0.804612
22912	6.039644	0.316036	8.306082	-0.010162	-0.016920	0.010807	0.011653	-0.805031	0.593118	0.998832	0.037186	0.030848	-0.046889	0.592066	0.804524
22913	6.097325	0.341583	8.267539	-0.004027	-0.006652	0.012636	0.011743	-0.804976	0.593191	0.998835	0.037212	0.030724	-0.046806	0.592139	0.804475
22914	6.097430	0.178743	8.231485	-0.011923	0.003301	0.005504	0.011761	-0.805004	0.593153	0.998842	0.037133	0.030591	-0.046652	0.592106	0.804509
22915	6.038363	0.205351	8.273791	-0.001559	0.007218	0.007472	0.011806	-0.805033	0.593112	0.998844	0.037132	0.030517	-0.046591	0.592067	0.804541
22916	5.951342	0.376418	8.282412	-0.003021	0.009409	0.002682	0.011799	-0.805098	0.593025	0.998847	0.037084	0.030472	-0.046525	0.591982	0.804608
22917	6.001761	0.433257	8.273689	-0.002480	0.002920	0.005779	0.011825	-0.805102	0.593018	0.998850	0.037064	0.030401	-0.046455	0.591977	0.804615
22918	5.956507	0.344616	8.254164	-0.008404	0.000185	0.007378	0.011861	-0.805110	0.593006	0.998855	0.037021	0.030285	-0.046337	0.591968	0.804628
22919	6.025533	0.234680	8.279769	-0.002544	-0.005099	0.007467	0.011900	-0.805067	0.593065	0.998858	0.037014	0.030203	-0.046268	0.592028	0.804588
22920	6.082363	0.128362	8.258264	-0.000106	0.004762	0.003149	0.011895	-0.805104	0.593015	0.998860	0.036987	0.030179	-0.046231	0.591980	0.804626
22921	6.124921	0.109127	8.246421	0.003752	0.008158	-0.004648	0.011820	-0.805143	0.592963	0.998861	0.036920	0.030220	-0.046223	0.591931	0.804662
22922	6.068833	0.161560	8.264674	0.010060	0.021681	-0.007653	0.011716	-0.805284	0.592774	0.998860	0.036866	0.030341	-0.046286	0.591743	0.804797
22923	6.049349	0.358059	8.283469	0.005338	0.021741	-0.012351	0.011570	-0.805406	0.592611	0.998861	0.036746	0.030440	-0.046293	0.591584	0.804914
22924	6.104117	0.414741	8.299528	0.000086	0.028557	-0.011036	0.011435	-0.805588	0.592365	0.998864	0.036606	0.030501	-0.046255	0.591344	0.805092
22925	5.923427	0.494472	8.326326	0.000804	0.025592	-0.003664	0.011377	-0.805730	0.592174	0.998867	0.036529	0.030512	-0.046216	0.591155	0.805233
22926	5.853502	0.499741	8.370229	-0.002878	0.008658	-0.001316	0.011330	-0.805791	0.592091	0.998870	0.036449	0.030491	-0.046151	0.591077	0.805294
22927	5.961357	0.450973	8.339727	-0.001415	-0.010328	0.002866	0.011321	-0.805718	0.592191	0.998873	0.036412	0.030446	-0.046093	0.591179	0.805222
22928	6.054053	0.352326	8.233681	-0.004360	-0.009690	0.003241	0.011311	-0.805669	0.592258	0.998877	0.036360	0.030386	-0.046016	0.591249	0.805175
22929	6.050904	0.195703	8.274264	0.008094	-0.002689	0.001456	0.011291	-0.805642	0.592295	0.998875	0.036368	0.030426	-0.046053	0.591285	0.805146
22930	5.990204	0.277830	8.320311	0.000178	0.003523	0.004274	0.011298	-0.805670	0.592256	0.998877	0.036351	0.030396	-0.046019	0.591248	0.805176
22931	5.974611	0.257320	8.297549	0.005395	-0.007568	-0.005308	0.011208	-0.805617	0.592331	0.998877	0.036289	0.030454	-0.046029	0.591325	0.805119
22932	6.162771	0.305412	8.202437	0.012098	-0.000044	-0.010335	0.011067	-0.805629	0.592316	0.998875	0.036225	0.030607	-0.046115	0.591311	0.805124
22933	6.103344	0.334211	8.244839	0.008262	0.017364	-0.002775	0.011015	-0.805722	0.592191	0.998874	0.036199	0.030673	-0.046151	0.591186	0.805214
22934	6.019381	0.398138	8.245676	0.013302	0.019812	-0.006911	0.010917	-0.805851	0.592018	0.998870	0.036170	0.030816	-0.046246	0.591013	0.805335
22935	5.916040	0.313834	8.317291	0.012275	0.020277	-0.005457	0.010839	-0.805962	0.591868	0.998868	0.036147	0.030930	-0.046322	0.590863	0.805441
22936	6.018590	0.375668	8.295912	0.014694	0.009336	-0.009540	0.010710	-0.806029	0.591779	0.998864	0.036105	0.031099	-0.046433	0.590773	0.805500
22937	6.080837	0.003998	8.331800	0.005286	0.013994	-0.001558	0.010668	-0.806102	0.591681	0.998864	0.036071	0.031134	-0.046440	0.590677	0.805571
22938	6.143466	-0.081608	8.210278	0.012812	0.030051	-0.019985	0.010445	-0.806295	0.591421	0.998862	0.035934	0.031349	-0.046529	0.590421	0.805753
22939	5.944349	0.252847	8.359276	0.012034	0.042066	-0.015961	0.010272	-0.806538	0.591093	0.998861	0.035824	0.031523	-0.046600	0.590096	0.805987
22940	5.878337	0.495153	8.342334	0.015738	0.025411	-0.019520	0.010052	-0.806704	0.590871	0.998858	0.035708	0.031759	-0.046719	0.589876	0.806141
22941	5.808022	0.577294	8.264803	0.012616	0.005990	-0.014897	0.009873	-0.806734	0.590833	0.998855	0.035610	0.031932	-0.046800	0.589841	0.806162
22942	5.760030	0.554525	8.426133	0.016496	-0.023944	-0.014766	0.009677	-0.806606	0.591010	0.998851	0.035536	0.032145	-0.046931	0.590020	0.806023
22943	5.674677	0.592149	8.347460	0.022906	-0.052511	-0.012152	0.009498	-0.806290	0.591445	0.998844	0.035521	0.032385	-0.047120	0.590453	0.805695
22944	5.603675	0.399551	8.576940	0.026095	-0.100268	-0.019168	0.009221	-0.805713	0.592234	0.998836	0.035469	0.032702	-0.047355	0.591243	0.805102
22945	5.918244	0.440643	8.217682	0.029830	-0.141694	-0.021676	0.008905	-0.804871	0.593383	0.998826	0.035419	0.033054	-0.047621	0.592392	0.804241
22946	5.737800	0.221242	8.471025	0.039652	-0.143518	-0.029472	0.008504	-0.804040	0.594515	0.998811	0.035365	0.033542	-0.047994	0.593523	0.803385
22947	5.659221	0.246794	8.587188	0.038503	-0.204649	-0.046766	0.007905	-0.802829	0.596157	0.998799	0.035166	0.034113	-0.048351	0.595171	0.802143
22948	5.831172	0.605875	8.455848	0.021810	-0.249249	-0.035946	0.007388	-0.801365	0.598130	0.998793	0.034955	0.034496	-0.048552	0.597153	0.800656
22949	5.714305	0.595017	8.551512	-0.002440	-0.297103	-0.028654	0.006924	-0.799586	0.600511	0.998799	0.034659	0.034632	-0.048505	0.599550	0.798866
22950	5.652552	0.751363	8.743731	-0.031687	-0.354815	-0.020764	0.006508	-0.797471	0.603322	0.998818	0.034251	0.034499	-0.048176	0.602384	0.796751
22951	5.219522	1.124939	8.998307	-0.076654	-0.463434	0.000894	0.006262	-0.794659	0.607023	0.998857	0.033742	0.033868	-0.047396	0.606117	0.793962
22952	5.708374	1.262285	8.834211	-0.135580	-0.592454	0.029015	0.006237	-0.791056	0.611712	0.998920	0.033095	0.032613	-0.046043	0.610848	0.790408
22953	5.807485	1.176462	8.859794	-0.198376	-0.661345	0.053867	0.006444	-0.786969	0.616959	0.999008	0.032250	0.030703	-0.044059	0.616149	0.786396
22954	5.566237	1.516723	9.190382	-0.307714	-0.723728	0.032562	0.006422	-0.782491	0.622629	0.999139	0.030549	0.028086	-0.040998	0.621912	0.782013
22955	2.772436	1.402512	10.309611	-0.423918	-0.891666	0.118781	0.007230	-0.776867	0.629624	0.999297	0.028771	0.024024	-0.036778	0.629007	0.776529
22956	3.185722	-0.049582	10.875029	0.026872	-1.467161	0.424496	0.010889	-0.767441	0.641027	0.999250	0.032167	0.021536	-0.037148	0.640312	0.767216
22957	4.304984	-0.384265	10.254408	-0.056734	-1.700266	0.332098	0.013547	-0.756321	0.654060	0.999233	0.034277	0.018940	-0.036744	0.653302	0.756205
22958	4.305233	0.018539	11.724234	0.047660	-2.233183	0.384954	0.016524	-0.741427	0.670830	0.999159	0.037422	0.016750	-0.037523	0.669989	0.741422
22959	3.827809	0.189282	11.422713	-0.093560	-2.763228	0.459947	0.020057	-0.722442	0.691141	0.999112	0.040099	0.012921	-0.037049	0.690268	0.722605
22960	4.755587	-0.231275	11.583584	-0.032554	-3.318246	0.513610	0.023912	-0.698957	0.714764	0.999014	0.043468	0.009085	-0.037419	0.713841	0.699307
22961	5.132734	1.172854	11.444690	-0.170289	-3.739324	0.619480	0.028684	-0.671488	0.740460	0.998916	0.046422	0.003402	-0.036658	0.739560	0.672092
22962	6.744909	0.869063	11.067769	-0.127717	-4.136311	0.710371	0.034222	-0.640025	0.767591	0.998742	0.050065	-0.002783	-0.036649	0.766721	0.640934
22963	7.535952	1.914546	9.923850	-0.068436	-4.472538	0.871519	0.041233	-0.604632	0.795437	0.998441	0.054901	-0.010025	-0.037609	0.794611	0.605954
22964	10.062142	2.273375	10.536924	-0.025953	-4.673499	1.034426	0.049717	-0.566296	0.822701	0.997984	0.060697	-0.018529	-0.039442	0.821964	0.568172
22965	10.652461	4.152451	9.980862	-0.044310	-4.714756	1.235596	0.060104	-0.526122	0.848282	0.997327	0.067022	-0.029096	-0.041546	0.847764	0.528744
22966	11.899312	9.599000	11.253583	-0.711869	-4.462872	1.559717	0.073845	-0.486758	0.870410	0.996568	0.068755	-0.046098	-0.037407	0.870827	0.490164
