// General information: 
//  MT Manager version: 2022.2.0 
//  XDA version: 2022.2.0 build 7381 rev 124627 built on 2023-07-19
// Device information: 
//  DeviceId: 00B4CB9F
//  ProductCode: MTW2-3A7G6
//  Firmware Version: 4.6.0
//  Hardware Version: 2.0.0
// Device settings: 
//  Filter Profile: human(46.1)
//  Option Flags: Orientation Smoother Disabled, Position/Velocity Smoother Disabled, Continuous Zero Rotation Update Disabled, AHS Disabled, ICC Disabled
// Coordinate system: ENU
PacketCounter	Acc_X	Acc_Y	Acc_Z	Gyr_X	Gyr_Y	Gyr_Z	Mat[1][1]	Mat[2][1]	Mat[3][1]	Mat[1][2]	Mat[2][2]	Mat[3][2]	Mat[1][3]	Mat[2][3]	Mat[3][3]
33281	9.849387	-1.569256	0.491953	-0.196407	-0.006111	-0.074861	-0.070038	0.031468	0.997048	-0.464967	-0.885316	-0.004720	0.882553	-0.463925	0.076637
33282	9.826904	-1.525067	0.521698	-0.131336	0.010137	-0.082488	-0.069666	0.032111	0.997053	-0.466148	-0.884697	-0.004078	0.881960	-0.465058	0.076602
33283	9.894279	-1.530053	0.603402	-0.073213	0.007734	-0.091349	-0.069282	0.032887	0.997055	-0.466813	-0.884350	-0.003268	0.881638	-0.465664	0.076622
33284	10.211034	-1.543136	0.361204	-0.052998	0.008823	-0.090852	-0.068865	0.033589	0.997060	-0.467312	-0.884089	-0.002493	0.881406	-0.466110	0.076580
33285	10.561148	-1.144086	-0.478748	-0.094435	0.024671	-0.072524	-0.068718	0.034278	0.997047	-0.468150	-0.883647	-0.001886	0.880973	-0.466897	0.076770
33286	10.690818	-0.190637	-1.578668	-0.127633	0.069327	-0.056318	-0.068984	0.034952	0.997005	-0.469276	-0.883050	-0.001512	0.880353	-0.467975	0.077319
33287	10.281105	0.790750	-2.307088	-0.133628	0.110161	-0.052103	-0.069683	0.035861	0.996924	-0.470444	-0.882429	-0.001141	0.879674	-0.469077	0.078361
33288	9.671126	1.245060	-2.134215	-0.089330	0.072621	-0.068018	-0.069919	0.036662	0.996879	-0.471239	-0.882006	-0.000614	0.879230	-0.469811	0.078945
33289	9.471471	1.361837	-1.645764	-0.117636	-0.064919	-0.090407	-0.068897	0.037086	0.996934	-0.472291	-0.881443	0.000150	0.878746	-0.470833	0.078244
33290	9.441119	1.188149	-1.354351	-0.326875	-0.231248	-0.104267	-0.066284	0.036779	0.997123	-0.475192	-0.879882	0.000867	0.877382	-0.473767	0.075799
33291	9.104033	0.465814	-0.993160	-0.574779	-0.388850	-0.114919	-0.062303	0.035869	0.997413	-0.480258	-0.877126	0.001544	0.874912	-0.478919	0.071874
33292	9.138456	-0.578034	-0.283679	-0.686562	-0.525669	-0.145102	-0.056911	0.034469	0.997784	-0.486301	-0.873788	0.002449	0.871936	-0.485084	0.066490
33293	9.498183	-1.783865	0.061924	-0.713887	-0.589154	-0.185233	-0.050853	0.033140	0.998156	-0.492571	-0.870264	0.003799	0.868785	-0.491470	0.060579
33294	9.991134	-2.761488	0.265205	-0.621384	-0.553937	-0.213968	-0.044887	0.032113	0.998476	-0.498026	-0.867145	0.005500	0.865999	-0.497020	0.054917
33295	10.237988	-3.380134	0.546609	-0.326103	-0.435882	-0.216016	-0.040014	0.031743	0.998695	-0.500898	-0.865475	0.007440	0.864581	-0.499946	0.050531
33296	10.335657	-3.374176	0.948465	0.038397	-0.261779	-0.205701	-0.036626	0.032061	0.998815	-0.500605	-0.865624	0.009429	0.864900	-0.499667	0.047754
33297	10.298764	-2.684430	1.294956	0.420855	-0.068600	-0.177368	-0.035124	0.033188	0.998832	-0.496983	-0.867686	0.011354	0.867049	-0.496003	0.046970
33298	10.099656	-1.518093	1.585024	0.748099	0.100326	-0.148618	-0.035179	0.034816	0.998774	-0.490497	-0.871344	0.013098	0.870732	-0.489435	0.047731
33299	10.013460	-0.122302	1.879088	0.904650	0.216610	-0.120484	-0.036460	0.036852	0.998655	-0.482602	-0.875717	0.014696	0.875081	-0.481417	0.049713
33300	9.886769	0.980972	2.044440	0.888388	0.282887	-0.107930	-0.038336	0.038995	0.998504	-0.474803	-0.879944	0.016135	0.879257	-0.473474	0.052248
33301	9.760322	1.692986	2.214986	0.733623	0.292380	-0.101844	-0.040406	0.041199	0.998334	-0.468338	-0.883376	0.017500	0.882625	-0.466850	0.054989
33302	9.668647	2.088154	2.118907	0.507492	0.275169	-0.112853	-0.042229	0.043328	0.998168	-0.463853	-0.885712	0.018822	0.884905	-0.462208	0.057500
33303	9.588757	2.251016	1.937509	0.231772	0.249809	-0.111590	-0.043898	0.045401	0.998004	-0.461806	-0.886755	0.020027	0.885894	-0.460005	0.059893
33304	9.503963	2.217653	1.453682	-0.068483	0.224215	-0.117308	-0.045276	0.047331	0.997853	-0.462430	-0.886405	0.021063	0.885499	-0.460484	0.062020
33305	9.447615	1.999602	0.977708	-0.376676	0.172475	-0.146127	-0.046097	0.049354	0.997717	-0.465786	-0.884618	0.022239	0.883696	-0.463698	0.063767
33306	9.380030	1.636773	0.380692	-0.678108	0.087062	-0.185375	-0.045915	0.051265	0.997629	-0.471807	-0.881386	0.023577	0.880505	-0.469606	0.064656
33307	9.477038	1.016346	-0.281311	-0.907305	-0.012274	-0.222347	-0.044724	0.053094	0.997588	-0.479835	-0.876998	0.025163	0.876218	-0.477552	0.064699
33308	9.694121	0.447322	-0.731162	-1.023397	-0.089299	-0.256609	-0.042617	0.054767	0.997589	-0.488849	-0.871951	0.026986	0.871327	-0.486520	0.063933
33309	9.906763	-0.119327	-1.048132	-1.014520	-0.125276	-0.288768	-0.040080	0.056595	0.997592	-0.497741	-0.866835	0.029179	0.866399	-0.495373	0.062913
33310	9.993337	-0.620594	-1.196155	-0.915083	-0.126725	-0.304685	-0.037375	0.058446	0.997591	-0.505735	-0.862111	0.031561	0.861879	-0.503337	0.061780
33311	10.040794	-1.026245	-1.146044	-0.739210	-0.114517	-0.303303	-0.034824	0.060406	0.997566	-0.512160	-0.858213	0.034089	0.858184	-0.509727	0.060824
33312	9.996393	-1.230813	-0.989134	-0.516092	-0.081092	-0.295575	-0.032526	0.062376	0.997523	-0.516646	-0.855415	0.036643	0.855581	-0.514174	0.060049
33313	9.923137	-1.207138	-0.597229	-0.281971	-0.038293	-0.289806	-0.030676	0.064586	0.997441	-0.519107	-0.853804	0.039320	0.854158	-0.516572	0.059718
33314	9.945146	-1.176726	-0.365694	-0.061219	-0.009383	-0.274451	-0.029081	0.066726	0.997347	-0.519672	-0.853336	0.041938	0.853871	-0.517074	0.059492
33315	9.911555	-0.822239	0.027420	0.140078	0.015574	-0.261492	-0.027835	0.068970	0.997230	-0.518509	-0.853909	0.044584	0.854619	-0.515832	0.059530
33316	9.927719	-0.477293	0.348966	0.278564	0.044276	-0.233231	-0.026923	0.071036	0.997110	-0.516149	-0.855209	0.046990	0.856075	-0.513393	0.059690
33317	9.737367	0.019276	0.647354	0.357440	0.049599	-0.206185	-0.026265	0.072987	0.996987	-0.513100	-0.856917	0.049215	0.857927	-0.510261	0.059957
33318	9.682650	0.436193	0.879320	0.365515	0.036957	-0.193193	-0.025513	0.074671	0.996882	-0.509974	-0.858661	0.051266	0.859811	-0.507076	0.059987
33319	9.666318	0.694702	1.033764	0.318128	0.020203	-0.189060	-0.024703	0.076329	0.996777	-0.507243	-0.860154	0.053296	0.861449	-0.504291	0.059966
33320	9.773370	0.887224	1.152265	0.252995	0.009623	-0.180795	-0.023787	0.077783	0.996687	-0.505061	-0.861319	0.055165	0.862756	-0.502075	0.059773
33321	9.780622	1.049839	1.171912	0.172104	0.000750	-0.178415	-0.022871	0.079255	0.996592	-0.503576	-0.862068	0.057001	0.863648	-0.500556	0.059627
33322	9.750626	1.095415	1.227280	0.089301	-0.007319	-0.174433	-0.021848	0.080569	0.996510	-0.502804	-0.862405	0.058702	0.864124	-0.499766	0.059352
33323	9.803081	1.113038	1.231851	0.006666	-0.008749	-0.172628	-0.020882	0.081945	0.996418	-0.502742	-0.862325	0.060381	0.864184	-0.499681	0.059204
33324	9.746725	1.068825	1.128119	-0.055956	-0.016597	-0.181058	-0.019747	0.083279	0.996331	-0.503217	-0.861928	0.062072	0.863934	-0.500145	0.058928
33325	9.652956	1.079157	1.064416	-0.125914	-0.009453	-0.184828	-0.018711	0.084756	0.996226	-0.504299	-0.861169	0.063794	0.863326	-0.501202	0.058856
33326	9.606212	1.065988	0.973390	-0.212981	-0.012975	-0.199674	-0.017512	0.086264	0.996118	-0.506131	-0.859960	0.065575	0.862279	-0.503018	0.058721
33327	9.599481	1.007194	0.820325	-0.293955	-0.011971	-0.224540	-0.016247	0.088065	0.995982	-0.508661	-0.858309	0.067594	0.860814	-0.505519	0.058740
33328	9.592760	0.950963	0.667786	-0.350358	-0.008390	-0.246881	-0.014841	0.089992	0.995832	-0.511676	-0.856342	0.069761	0.859051	-0.508508	0.058756
33329	9.715611	0.909875	0.637489	-0.404729	0.011294	-0.266720	-0.013547	0.092262	0.995643	-0.515146	-0.854062	0.072133	0.856996	-0.511924	0.059098
33330	9.732614	0.817413	0.580304	-0.431230	0.036334	-0.275258	-0.012359	0.094652	0.995434	-0.518833	-0.851620	0.074536	0.854786	-0.515543	0.059634
33331	9.771947	0.677821	0.431972	-0.404659	0.051737	-0.278761	-0.011328	0.097222	0.995198	-0.522281	-0.849288	0.077023	0.852698	-0.518900	0.060398
33332	9.796251	0.670120	0.405282	-0.331431	0.060842	-0.267633	-0.010367	0.099668	0.994967	-0.525089	-0.847334	0.079409	0.850984	-0.521623	0.061119
33333	9.786801	0.730863	0.373688	-0.250138	0.068025	-0.251122	-0.009603	0.102081	0.994730	-0.527202	-0.845803	0.081708	0.849686	-0.523639	0.061940
33334	9.760918	0.795477	0.290550	-0.162823	0.073874	-0.226132	-0.008962	0.104239	0.994512	-0.528564	-0.844749	0.083778	0.848846	-0.524912	0.062668
33335	9.743929	0.889322	0.218767	-0.074864	0.065864	-0.203192	-0.008426	0.106232	0.994306	-0.529178	-0.844171	0.085707	0.848469	-0.525442	0.063328
33336	9.683727	0.891962	0.161261	-0.003767	0.057996	-0.188176	-0.007843	0.107979	0.994122	-0.529184	-0.843984	0.087496	0.848471	-0.525387	0.063760
33337	9.648770	0.918779	0.165543	0.040817	0.035242	-0.173221	-0.007205	0.109557	0.993954	-0.528811	-0.844039	0.089200	0.848709	-0.524971	0.064016
33338	9.657855	0.845677	0.293064	0.055607	0.018579	-0.164910	-0.006415	0.110905	0.993810	-0.528309	-0.844184	0.090797	0.849028	-0.524456	0.064007
33339	9.709120	0.794032	0.431547	0.066163	0.012092	-0.156971	-0.005668	0.112225	0.993667	-0.527717	-0.844385	0.092355	0.849401	-0.523851	0.064009
33340	9.854186	0.819896	0.398994	0.076227	0.017255	-0.142404	-0.004983	0.113376	0.993540	-0.527033	-0.844659	0.093743	0.849830	-0.523161	0.063962
33341	9.837260	0.972913	0.397451	0.098343	0.049834	-0.128749	-0.004708	0.114655	0.993394	-0.526163	-0.845056	0.095041	0.850370	-0.522240	0.064306
33342	9.695722	1.260096	0.380932	0.115473	0.061378	-0.122131	-0.004510	0.115865	0.993255	-0.525145	-0.845552	0.096251	0.851001	-0.521169	0.064659
33343	9.580007	1.512934	0.432813	0.103502	0.055403	-0.114622	-0.004359	0.117054	0.993116	-0.524229	-0.845987	0.097412	0.851566	-0.520196	0.065051
33344	9.588254	1.630711	0.500289	0.069246	0.036259	-0.122515	-0.003946	0.118139	0.992989	-0.523602	-0.846239	0.098599	0.851954	-0.519542	0.065197
33345	9.549456	1.643157	0.628283	0.012367	0.013299	-0.134740	-0.003333	0.119280	0.992855	-0.523462	-0.846173	0.099900	0.852043	-0.519389	0.065258
33346	9.686244	1.576532	0.692991	-0.053404	-0.001194	-0.144868	-0.002482	0.120362	0.992727	-0.523877	-0.845757	0.101233	0.851791	-0.519815	0.065154
33347	9.773547	1.524317	0.705935	-0.114462	0.000862	-0.150351	-0.001680	0.121569	0.992582	-0.524815	-0.845010	0.102606	0.851215	-0.520749	0.065221
33348	9.798633	1.437939	0.702355	-0.146595	0.021144	-0.140593	-0.001039	0.122730	0.992440	-0.526021	-0.844109	0.103836	0.850471	-0.521936	0.065435
33349	9.722822	1.511088	0.747975	-0.135751	0.043996	-0.134373	-0.000684	0.124024	0.992279	-0.527137	-0.843264	0.105036	0.849780	-0.522995	0.065955
33350	9.719075	1.584096	0.646744	-0.136246	0.062948	-0.133048	-0.000434	0.125341	0.992114	-0.528251	-0.842421	0.106198	0.849088	-0.524038	0.066577
33351	9.751106	1.588576	0.552198	-0.140068	0.073038	-0.122203	-0.000387	0.126684	0.991943	-0.529401	-0.841563	0.107272	0.848372	-0.525094	0.067393
33352	9.749896	1.601438	0.458273	-0.161588	0.075236	-0.122365	-0.000297	0.127979	0.991777	-0.530728	-0.840593	0.108311	0.847542	-0.526331	0.068171
33353	9.851720	1.528993	0.370440	-0.176754	0.081401	-0.116463	-0.000347	0.129318	0.991603	-0.532186	-0.839542	0.109301	0.846627	-0.527680	0.069112
33354	9.905418	1.476381	0.312261	-0.183290	0.095747	-0.106785	-0.000507	0.130588	0.991437	-0.533696	-0.838470	0.110167	0.845676	-0.529070	0.070119
33355	9.845753	1.394136	0.206866	-0.176149	0.104678	-0.090210	-0.000889	0.131830	0.991272	-0.535146	-0.837449	0.110893	0.844759	-0.530377	0.071293
33356	9.748259	1.512339	0.145102	-0.147532	0.089505	-0.077073	-0.001146	0.132821	0.991139	-0.536347	-0.836601	0.111492	0.843997	-0.531466	0.072197
33357	9.684769	1.553023	0.109426	-0.136567	0.081344	-0.067721	-0.001449	0.133751	0.991014	-0.537460	-0.835816	0.112020	0.843288	-0.532469	0.073097
33358	9.588998	1.539252	0.180002	-0.129956	0.068411	-0.066029	-0.001589	0.134532	0.990908	-0.538522	-0.835066	0.112510	0.842610	-0.533447	0.073775
33359	9.516050	1.471018	0.178016	-0.113030	0.039800	-0.059471	-0.001584	0.135172	0.990821	-0.539436	-0.834414	0.112972	0.842025	-0.534306	0.074238
33360	9.543874	1.451028	0.228300	-0.124435	0.017586	-0.061139	-0.001314	0.135646	0.990756	-0.540440	-0.833702	0.113427	0.841381	-0.535296	0.074404
33361	9.561588	1.317905	0.232976	-0.135743	0.002718	-0.068030	-0.000949	0.136159	0.990687	-0.541544	-0.832913	0.113956	0.840672	-0.536392	0.074526
33362	9.577712	1.255511	0.393435	-0.138072	-0.016665	-0.071570	-0.000332	0.136535	0.990635	-0.542662	-0.832110	0.114505	0.839951	-0.537542	0.074368
33363	9.670444	1.210484	0.462179	-0.136849	-0.024202	-0.063084	0.000234	0.136861	0.990590	-0.543772	-0.831319	0.114984	0.839233	-0.538682	0.074226
33364	9.649240	1.203904	0.456290	-0.094054	0.007834	-0.048489	0.000522	0.137178	0.990546	-0.544515	-0.830783	0.115340	0.838751	-0.539428	0.074262
33365	9.529877	1.229717	0.428956	-0.045289	0.030415	-0.034870	0.000477	0.137563	0.990493	-0.544856	-0.830522	0.115608	0.838529	-0.539731	0.074556
33366	9.647518	1.205613	0.382270	-0.019558	0.046640	-0.031105	0.000346	0.137944	0.990440	-0.544976	-0.830410	0.115846	0.838452	-0.539806	0.074889
33367	9.845004	1.218556	0.386128	0.021457	0.072270	-0.029012	-0.000083	0.138506	0.990362	-0.544757	-0.830518	0.116105	0.838594	-0.539497	0.075521
33368	9.994630	1.187949	0.527800	0.061518	0.092471	-0.034396	-0.000583	0.139163	0.990269	-0.544197	-0.830838	0.116438	0.838957	-0.538834	0.076216
33369	10.100134	1.199623	0.735142	0.087223	0.108719	-0.030634	-0.001309	0.139934	0.990160	-0.543427	-0.831296	0.116765	0.839456	-0.537927	0.077132
33370	10.276183	1.072414	1.056380	0.125063	0.133055	-0.025878	-0.002197	0.140735	0.990045	-0.542335	-0.831967	0.117061	0.840159	-0.536679	0.078153
33371	10.331669	0.827867	1.506267	0.193418	0.155025	-0.013566	-0.003407	0.141609	0.989917	-0.540670	-0.833016	0.117304	0.841228	-0.534819	0.079402
33372	10.157968	0.746840	2.020726	0.292239	0.160525	0.013607	-0.004743	0.142224	0.989823	-0.538165	-0.834631	0.117347	0.842826	-0.532131	0.080499
33373	10.058094	0.887896	2.365172	0.358535	0.184206	0.071021	-0.006658	0.142539	0.989767	-0.535096	-0.836665	0.116891	0.844765	-0.528842	0.081843
33374	9.855091	0.522900	2.463804	0.501451	0.289538	0.146406	-0.009805	0.142714	0.989715	-0.530795	-0.839551	0.115802	0.847444	-0.524200	0.083983
33375	9.868304	0.160194	2.971402	0.763926	0.478788	0.221390	-0.015019	0.143274	0.989569	-0.524238	-0.843876	0.114224	0.851439	-0.517055	0.087784
33376	9.901759	0.037237	3.719960	0.915189	0.693932	0.253488	-0.022184	0.144566	0.989246	-0.516330	-0.848970	0.112487	0.856102	-0.508282	0.093478
33377	10.004690	0.534551	3.617080	0.799239	0.856291	0.226317	-0.030671	0.146889	0.988677	-0.509371	-0.853360	0.110983	0.860000	-0.500200	0.100994
33378	10.088105	1.185072	3.311458	0.575785	0.931701	0.157237	-0.039425	0.150055	0.987891	-0.504313	-0.856490	0.109970	0.862620	-0.493871	0.109442
33379	10.031873	1.901743	3.059179	0.356434	0.919311	0.088239	-0.047783	0.153750	0.986954	-0.501155	-0.858406	0.109462	0.864037	-0.489387	0.118070
33380	9.857976	2.285568	2.855656	0.109029	0.855270	0.041982	-0.055324	0.157455	0.985975	-0.500146	-0.859038	0.109120	0.864172	-0.487095	0.126276
33381	9.818807	2.272689	2.668724	-0.062109	0.776210	0.000902	-0.062011	0.161157	0.984979	-0.500640	-0.858767	0.108989	0.863432	-0.486361	0.133934
33382	9.985785	1.870336	2.698103	-0.118806	0.732364	-0.016362	-0.068189	0.164750	0.983975	-0.501631	-0.858196	0.108928	0.862390	-0.486165	0.141163
33383	10.238758	1.325331	3.114764	-0.106273	0.755851	-0.030056	-0.074529	0.168614	0.982860	-0.502525	-0.857660	0.109029	0.861344	-0.485786	0.148654
33384	10.315043	0.824090	4.224545	-0.115319	0.785729	-0.052316	-0.080972	0.172773	0.981628	-0.503512	-0.857045	0.109312	0.860186	-0.485410	0.156390
33385	10.650908	0.662568	5.718631	-0.188631	0.824525	-0.059995	-0.087732	0.177222	0.980253	-0.505139	-0.856056	0.109559	0.858567	-0.485552	0.164626
33386	10.452156	0.869538	7.346284	-0.254930	0.815800	-0.023372	-0.094568	0.181291	0.978872	-0.507301	-0.854809	0.109304	0.856564	-0.486246	0.172807
33387	9.986390	1.441927	6.646149	-0.355416	0.689597	0.032570	-0.100610	0.184304	0.977706	-0.510265	-0.853168	0.108319	0.854112	-0.487991	0.179882
33388	10.222550	1.973578	4.020141	-0.629646	0.614415	0.132890	-0.106499	0.186093	0.976743	-0.515448	-0.850363	0.105813	0.850277	-0.492192	0.186484
33389	10.503183	2.191802	2.164522	-0.678848	0.629780	0.218280	-0.112950	0.187287	0.975790	-0.520922	-0.847445	0.102355	0.846098	-0.496749	0.193281
33390	10.507568	2.631024	0.530903	-0.635460	0.637234	0.223492	-0.119475	0.188489	0.974781	-0.525982	-0.844729	0.098874	0.842062	-0.500904	0.200066
33391	10.717520	2.393534	-1.275143	-0.885557	0.760187	0.178239	-0.126778	0.190750	0.973417	-0.533150	-0.840637	0.095293	0.836468	-0.506897	0.208273
33392	10.383298	1.802159	-0.889274	-1.042765	0.843061	0.138273	-0.134510	0.193806	0.971775	-0.541613	-0.835613	0.091682	0.829797	-0.513994	0.217367
33393	10.213469	1.368663	0.379167	-0.965073	0.850789	0.102073	-0.142081	0.197288	0.969995	-0.549404	-0.830855	0.088514	0.823388	-0.520343	0.226440
33394	10.355869	0.960304	1.228866	-0.706329	0.854721	0.071783	-0.149452	0.201069	0.968109	-0.555051	-0.827343	0.086147	0.818280	-0.524475	0.235252
33395	10.488963	0.988581	1.712404	-0.381267	0.907558	0.043974	-0.157089	0.205404	0.965988	-0.558052	-0.825464	0.084773	0.814801	-0.525754	0.244298
33396	10.392501	1.101866	1.838323	-0.077893	0.961055	0.004136	-0.164893	0.210327	0.963625	-0.558634	-0.825099	0.084499	0.812858	-0.524380	0.253549
33397	10.009220	1.327684	1.697838	0.214254	0.991983	-0.035209	-0.172741	0.215732	0.961052	-0.556906	-0.826178	0.085357	0.812414	-0.520471	0.262857
33398	9.570267	1.468218	1.353833	0.332296	0.997726	-0.049249	-0.180528	0.221220	0.958369	-0.554245	-0.827828	0.086684	0.812541	-0.515522	0.272056
33399	8.905399	1.602236	1.139211	0.327768	0.959550	-0.057470	-0.187990	0.226552	0.955685	-0.551641	-0.829415	0.088108	0.812621	-0.510632	0.280897
33400	8.590763	1.653943	0.825539	0.266894	0.875339	-0.053178	-0.194759	0.231357	0.953175	-0.549526	-0.830686	0.089343	0.812459	-0.506394	0.288920
33401	8.535910	1.605534	0.327647	0.131198	0.786551	-0.044318	-0.200886	0.235629	0.950854	-0.548501	-0.831280	0.090117	0.811660	-0.503441	0.296235
33402	8.232196	1.733850	0.027236	-0.057261	0.693492	-0.057703	-0.206134	0.239507	0.948760	-0.549033	-0.830890	0.090464	0.809982	-0.502253	0.302772
33403	7.963016	1.428323	-0.227647	-0.363815	0.579691	-0.088076	-0.210318	0.243087	0.946929	-0.552110	-0.828882	0.090156	0.806809	-0.503848	0.308540
33404	7.626963	0.753763	0.024509	-0.680700	0.468161	-0.098833	-0.213471	0.246183	0.945423	-0.557745	-0.825232	0.088950	0.802091	-0.508317	0.313470
33405	7.394722	-0.146226	0.398321	-0.874581	0.337186	-0.078908	-0.215707	0.248489	0.944311	-0.564858	-0.820599	0.086906	0.796496	-0.514655	0.317370
33406	7.458648	-1.087772	0.562474	-0.937653	0.218131	-0.016022	-0.217278	0.249655	0.943643	-0.572284	-0.815737	0.084044	0.790747	-0.521771	0.320115
33407	7.600512	-1.964738	0.765228	-0.907227	0.129706	0.065134	-0.218660	0.249739	0.943302	-0.579245	-0.811170	0.080486	0.785279	-0.528803	0.322030
33408	7.828109	-2.670242	0.952467	-0.807331	0.062456	0.146562	-0.219935	0.248780	0.943259	-0.585194	-0.807279	0.076469	0.780497	-0.535172	0.323133
33409	8.199175	-3.302740	1.225851	-0.635603	0.029545	0.251280	-0.221626	0.246846	0.943371	-0.589542	-0.804521	0.072013	0.776738	-0.540197	0.323829
33410	8.270814	-3.888128	1.552424	-0.399368	0.032295	0.326977	-0.223745	0.244274	0.943540	-0.591863	-0.803200	0.067591	0.774362	-0.543323	0.324288
33411	8.482258	-4.327658	2.073890	-0.103274	0.039847	0.402089	-0.226419	0.241193	0.943695	-0.591711	-0.803651	0.063432	0.773701	-0.544032	0.324678
33412	8.682737	-4.570477	2.645816	0.229764	0.058126	0.481635	-0.229655	0.237500	0.943850	-0.588785	-0.806091	0.059574	0.774978	-0.542043	0.324959
33413	8.773090	-4.371500	3.230021	0.571214	0.102468	0.555753	-0.233693	0.233492	0.943859	-0.583015	-0.810519	0.056156	0.778127	-0.537160	0.325542
33414	8.558891	-3.659157	3.881902	0.912374	0.148473	0.599612	-0.238275	0.229260	0.943750	-0.574430	-0.816811	0.053393	0.783106	-0.529396	0.326319
33415	8.366203	-2.443820	4.556429	1.186523	0.207666	0.590189	-0.243251	0.225438	0.943402	-0.563632	-0.824408	0.051673	0.789397	-0.519162	0.327602
33416	8.183185	-0.929517	5.186306	1.380769	0.290583	0.529152	-0.248467	0.222393	0.942765	-0.551334	-0.832717	0.051128	0.796427	-0.507074	0.329515
33417	7.981910	0.738197	5.820696	1.458594	0.362651	0.445312	-0.253777	0.220414	0.941815	-0.538498	-0.841038	0.051728	0.803503	-0.494038	0.332128
33418	7.695382	2.369989	6.459599	1.440276	0.403040	0.347972	-0.258849	0.219292	0.940696	-0.525935	-0.848862	0.053164	0.810179	-0.480983	0.335060
33419	7.543245	3.796887	7.246993	1.368058	0.402375	0.256877	-0.263438	0.218945	0.939502	-0.514088	-0.855951	0.055323	0.816281	-0.468412	0.338047
33420	7.504479	4.900336	8.121301	1.201970	0.399409	0.166003	-0.267526	0.219236	0.938278	-0.503755	-0.861914	0.057761	0.821378	-0.457209	0.341026
33421	7.680758	5.489373	8.281734	0.892481	0.399294	0.065630	-0.271120	0.220412	0.936970	-0.496181	-0.866131	0.060174	0.824802	-0.448592	0.344190
33422	7.823880	5.299376	8.014798	0.490784	0.392748	-0.042745	-0.274130	0.222426	0.935617	-0.492195	-0.868260	0.062203	0.826194	-0.443454	0.347493
33423	7.970052	4.585410	7.911315	0.099896	0.364410	-0.096713	-0.276643	0.224813	0.934306	-0.491585	-0.868517	0.063427	0.825720	-0.441744	0.350783
33424	8.274718	3.488703	8.106000	-0.214464	0.314055	-0.052602	-0.278960	0.226570	0.933192	-0.493449	-0.867482	0.063110	0.823826	-0.442877	0.353793
33425	8.519646	2.595940	8.046836	-0.481669	0.251674	0.076666	-0.281388	0.226960	0.932368	-0.497143	-0.865546	0.060656	0.820774	-0.446453	0.356385
33426	8.667119	1.704866	7.469136	-0.659897	0.219052	0.220837	-0.284280	0.225961	0.931733	-0.501871	-0.863115	0.056194	0.816890	-0.451635	0.358770
33427	8.690434	0.927340	6.869185	-0.675263	0.226577	0.316834	-0.287704	0.224193	0.931109	-0.506416	-0.860792	0.050784	0.812877	-0.456918	0.361188
33428	9.058569	0.159904	6.708184	-0.510808	0.314319	0.379444	-0.292186	0.222305	0.930165	-0.509408	-0.859329	0.045359	0.809401	-0.460581	0.364328
33429	9.043572	-0.547426	6.341809	-0.225970	0.463335	0.413646	-0.298019	0.220821	0.928667	-0.509962	-0.859235	0.040659	0.806922	-0.461468	0.368679
33430	8.794913	-0.900067	5.856873	0.201621	0.526299	0.411030	-0.304369	0.219642	0.926886	-0.507047	-0.861100	0.037550	0.806389	-0.458545	0.373461
33431	9.153903	-0.824821	6.829618	0.596758	0.821655	0.420700	-0.313097	0.219685	0.923964	-0.500882	-0.864772	0.035881	0.806900	-0.451563	0.380793
33432	6.676101	0.062406	6.266240	0.653873	0.995937	0.563743	-0.323960	0.219192	0.920328	-0.493757	-0.868967	0.033155	0.807003	-0.443678	0.389739
33433	3.195725	0.802182	2.318881	0.091297	0.342265	0.630648	-0.329806	0.215157	0.919204	-0.490907	-0.870772	0.027686	0.806374	-0.442112	0.392808
33434	2.460867	1.168650	-1.702453	-0.539903	-0.643294	0.470014	-0.326961	0.208145	0.921831	-0.493662	-0.869395	0.021210	0.805850	-0.448138	0.387011
33435	3.758834	1.398319	-4.387064	-1.135505	-1.270341	0.373429	-0.318572	0.199068	0.926760	-0.501546	-0.865027	0.013403	0.804341	-0.460543	0.375415
33436	4.792915	1.682125	-5.290348	-1.490952	-1.558091	0.469880	-0.308455	0.187655	0.932545	-0.511993	-0.858983	0.003502	0.801698	-0.476376	0.361036
33437	5.760663	2.531055	-4.785330	-1.556336	-1.717870	0.672442	-0.298165	0.173508	0.938612	-0.522357	-0.852686	-0.008311	0.798899	-0.492769	0.344875
33438	6.707975	2.439360	-3.757132	-1.771664	-1.845885	0.683631	-0.287060	0.158373	0.944730	-0.534425	-0.844961	-0.020740	0.794975	-0.510841	0.327193
33439	9.361786	0.225773	-1.034628	-1.738509	-1.826849	0.480135	-0.275154	0.144776	0.950437	-0.546810	-0.836688	-0.030854	0.790752	-0.528198	0.309383
33440	18.039183	-2.784844	9.670210	-0.904544	-1.592029	0.228201	-0.263803	0.134310	0.955180	-0.553296	-0.832215	-0.035791	0.790108	-0.537939	0.293854
33441	35.174062	-8.227577	17.139275	0.406801	-1.089306	-0.127602	-0.254448	0.129455	0.958383	-0.550353	-0.834262	-0.033428	0.795216	-0.535955	0.283522
33442	30.327970	-9.693826	8.604990	1.661900	0.338976	0.106538	-0.257736	0.130276	0.957392	-0.536746	-0.843219	-0.029756	0.803415	-0.521546	0.287253
33443	8.763495	-2.040973	3.831118	1.396060	0.740475	0.574449	-0.266734	0.129155	0.955077	-0.523935	-0.851186	-0.031219	0.808916	-0.508725	0.294709
33444	-0.526932	2.014243	-5.455803	1.727288	-0.262466	0.479365	-0.267082	0.123645	0.955709	-0.508547	-0.860483	-0.030793	0.818564	-0.494247	0.292699
33445	1.040715	6.978722	-8.286475	1.543626	-0.564622	0.139908	-0.263115	0.119613	0.957321	-0.495418	-0.868214	-0.027684	0.827848	-0.481558	0.287698
33446	3.092022	10.006430	-2.495901	1.740588	-0.561239	0.059644	-0.258711	0.116342	0.958923	-0.480714	-0.876566	-0.023343	0.837844	-0.467007	0.282705
33447	6.731242	11.675798	3.570651	1.803823	-1.101789	-0.226431	-0.248322	0.113204	0.962040	-0.466021	-0.884625	-0.016194	0.849212	-0.452352	0.272427
33448	11.617380	11.391110	4.329375	-0.359724	-1.619693	-0.524804	-0.232048	0.110417	0.966417	-0.470291	-0.882429	-0.012101	0.851458	-0.457305	0.256694
33449	13.186167	5.446166	-0.350511	-2.676015	-1.502469	-0.521217	-0.216789	0.107856	0.970242	-0.494070	-0.869313	-0.013758	0.841960	-0.482351	0.241746
33450	10.513666	0.276977	-1.366522	-2.892824	-1.440103	-0.094572	-0.204209	0.101500	0.973651	-0.518414	-0.854905	-0.019609	0.830389	-0.508759	0.227198
33451	9.552508	-4.060855	-0.945616	-2.673850	-1.855711	0.249750	-0.190198	0.089644	0.977645	-0.539939	-0.841241	-0.027907	0.819933	-0.533177	0.208404
33452	10.705344	-7.810303	-1.894953	-2.197719	-2.057722	0.362098	-0.175334	0.075394	0.981618	-0.557164	-0.829630	-0.035799	0.811681	-0.553199	0.187469
33453	11.884057	-8.043501	-1.482347	-1.441709	-1.968001	0.348195	-0.161348	0.061431	0.984984	-0.568201	-0.821826	-0.041821	0.806916	-0.566417	0.167505
33454	11.184060	-6.906637	-0.867874	-0.784984	-1.683712	0.303997	-0.149457	0.049264	0.987540	-0.574014	-0.817547	-0.046089	0.805090	-0.573751	0.150466
33455	10.290629	-5.487581	-0.996386	-0.215444	-1.385998	0.258260	-0.139760	0.039115	0.989412	-0.575332	-0.816451	-0.048992	0.805891	-0.576088	0.136611
33456	9.841997	-3.646405	-0.545362	0.194793	-1.189711	0.201480	-0.131261	0.030524	0.990878	-0.573446	-0.817669	-0.050776	0.808660	-0.574880	0.124832
33457	9.922171	-2.654008	-0.226191	0.612220	-1.054345	0.057812	-0.123023	0.023944	0.992115	-0.568363	-0.821217	-0.050658	0.813529	-0.570113	0.114637
33458	9.688359	-2.055540	0.135216	0.932506	-0.866059	-0.147071	-0.115067	0.020142	0.993154	-0.560882	-0.826491	-0.048221	0.819861	-0.562590	0.106399
33459	9.307639	-1.571622	0.076805	1.108192	-0.745521	-0.267953	-0.107419	0.018135	0.994048	-0.552012	-0.832650	-0.044461	0.826888	-0.553502	0.099453
33460	9.163695	-1.228629	0.036039	1.252207	-0.809425	-0.276148	-0.099131	0.015892	0.994947	-0.541853	-0.839493	-0.040578	0.834607	-0.543138	0.091831
33461	9.832494	-0.764268	0.098494	1.343323	-0.884862	-0.227037	-0.090472	0.012980	0.995814	-0.530759	-0.846707	-0.037184	0.842680	-0.531902	0.083493
33462	10.045209	0.111089	0.489488	1.360954	-0.901516	-0.138272	-0.082057	0.009297	0.996584	-0.519315	-0.853875	-0.034794	0.850634	-0.520396	0.074895
33463	9.771997	1.021345	0.913689	1.207720	-0.950833	-0.027864	-0.073771	0.004568	0.997265	-0.508977	-0.860119	-0.033711	0.857613	-0.510072	0.065777
33464	9.375957	1.835284	1.344926	0.930321	-1.029123	0.068018	-0.065201	-0.001339	0.997871	-0.500886	-0.864850	-0.033888	0.863054	-0.502029	0.055718
33465	8.795253	2.351871	1.931976	0.496613	-1.114915	0.097239	-0.056022	-0.007822	0.998399	-0.496490	-0.867351	-0.034655	0.866233	-0.497636	0.044707
33466	8.740564	2.337453	2.378136	-0.020176	-1.189637	0.055263	-0.045928	-0.014324	0.998842	-0.496596	-0.867265	-0.035271	0.866766	-0.497641	0.032718
33467	8.977717	2.187660	2.645828	-0.499482	-1.184681	-0.002362	-0.035636	-0.020292	0.999159	-0.500880	-0.864791	-0.035428	0.864783	-0.501721	0.020654
33468	9.286554	1.655614	2.779533	-0.922347	-1.138512	-0.065961	-0.025424	-0.025570	0.999350	-0.508818	-0.860164	-0.034953	0.860499	-0.509376	0.008858
33469	9.496382	0.628237	2.630635	-1.234515	-1.103035	-0.138048	-0.015234	-0.030131	0.999430	-0.519391	-0.853874	-0.033659	0.854401	-0.519607	-0.002642
33470	9.718246	-0.348977	2.061092	-1.374722	-1.057141	-0.186672	-0.005208	-0.034178	0.999402	-0.531069	-0.846734	-0.031725	0.847312	-0.530917	-0.013741
33471	9.803313	-1.292697	1.412211	-1.298142	-0.994576	-0.181633	0.004179	-0.038049	0.999267	-0.541986	-0.839862	-0.029713	0.840377	-0.541464	-0.024132
33472	9.900044	-2.162375	0.927124	-1.053804	-0.925470	-0.144639	0.012762	-0.041969	0.999037	-0.550762	-0.834192	-0.028008	0.834565	-0.549874	-0.033761
33473	9.759396	-2.688241	0.160591	-0.748999	-0.855884	-0.100357	0.020462	-0.045935	0.998735	-0.556943	-0.830119	-0.026770	0.830299	-0.555690	-0.042569
33474	9.622820	-2.708638	-0.401503	-0.475817	-0.822952	-0.082354	0.027777	-0.049925	0.998367	-0.560830	-0.827529	-0.025778	0.827465	-0.559198	-0.050986
33475	9.430357	-2.217703	-0.858720	-0.328825	-0.832894	-0.086402	0.035164	-0.053948	0.997924	-0.563484	-0.825755	-0.024785	0.825378	-0.561443	-0.059436
33476	9.271180	-1.638362	-1.117603	-0.308273	-0.888829	-0.136401	0.043291	-0.057913	0.997383	-0.565936	-0.824120	-0.023289	0.823312	-0.563447	-0.068452
33477	9.241973	-1.231641	-1.632153	-0.347582	-0.976392	-0.205214	0.052500	-0.061807	0.996706	-0.568660	-0.822304	-0.021039	0.820896	-0.565682	-0.078318
33478	9.277632	-1.071703	-1.861846	-0.397990	-1.078140	-0.260158	0.062847	-0.065879	0.995846	-0.571737	-0.820236	-0.018180	0.818027	-0.568219	-0.089215
33479	9.458045	-0.992260	-2.006760	-0.459932	-1.174132	-0.306815	0.074208	-0.070125	0.994774	-0.575246	-0.817847	-0.014741	0.814607	-0.571146	-0.101030
33480	9.774816	-1.052901	-2.015344	-0.445943	-1.227348	-0.326773	0.086099	-0.074584	0.993491	-0.578576	-0.815553	-0.011084	0.811071	-0.573856	-0.113371
33481	9.697029	-1.024117	-1.452918	-0.353333	-1.246694	-0.336493	0.098158	-0.079079	0.992024	-0.581093	-0.813804	-0.007374	0.807896	-0.575735	-0.125833
33482	9.837226	-1.001701	-0.821511	-0.276548	-1.283532	-0.338135	0.110505	-0.083830	0.990334	-0.582939	-0.812508	-0.003731	0.804966	-0.576892	-0.138654
33483	10.280074	-0.968637	-0.208834	-0.229753	-1.305110	-0.342336	0.123006	-0.088655	0.988438	-0.584354	-0.811499	-0.000065	0.802122	-0.577590	-0.151625
33484	10.796718	-0.721090	0.295935	-0.228934	-1.262973	-0.330312	0.135074	-0.093379	0.986425	-0.585730	-0.810499	0.003480	0.799172	-0.578249	-0.164173
33485	10.842419	-0.469343	0.897740	-0.257113	-1.153062	-0.312832	0.146122	-0.097589	0.984441	-0.587311	-0.809332	0.006945	0.796062	-0.579188	-0.175576
33486	10.874580	-0.317644	1.686207	-0.314401	-1.040506	-0.333703	0.156365	-0.101026	0.982519	-0.589274	-0.807862	0.010714	0.792658	-0.580648	-0.185853
33487	11.441045	-0.220816	2.510903	-0.432731	-0.918798	-0.378183	0.165878	-0.103391	0.980711	-0.592057	-0.805753	0.015195	0.788640	-0.583157	-0.194870
33488	11.416429	-0.175722	3.154035	-0.656841	-0.770276	-0.401259	0.174320	-0.104768	0.979100	-0.596509	-0.802348	0.020349	0.783447	-0.587589	-0.202360
33489	11.402935	-0.054419	3.526211	-0.921344	-0.702296	-0.421696	0.182341	-0.105615	0.977547	-0.602917	-0.797370	0.026313	0.776687	-0.594177	-0.209070
33490	11.589034	0.308499	3.648285	-1.174879	-0.612671	-0.423750	0.189633	-0.106000	0.976117	-0.611179	-0.790810	0.032858	0.768440	-0.602813	-0.214748
33491	11.542254	0.694994	3.816237	-1.450573	-0.468659	-0.432225	0.195887	-0.105521	0.974933	-0.621395	-0.782467	0.040163	0.758615	-0.613686	-0.218845
33492	11.358696	1.103740	3.640366	-1.641818	-0.308494	-0.397851	0.200674	-0.104410	0.974078	-0.632948	-0.772732	0.047568	0.747735	-0.626086	-0.221153
33493	11.027933	1.385266	3.542899	-1.698937	-0.128866	-0.325419	0.203719	-0.102798	0.973617	-0.644874	-0.762347	0.054442	0.736638	-0.638952	-0.221597
33494	10.869428	1.475978	4.786722	-1.637950	0.139449	-0.244999	0.204246	-0.100100	0.973788	-0.656334	-0.752053	0.060355	0.726299	-0.651457	-0.219302
33495	9.531650	1.813288	4.288366	-1.569621	0.294460	-0.245296	0.203752	-0.096403	0.974265	-0.667133	-0.742000	0.066100	0.716532	-0.663433	-0.215498
33496	9.339809	2.191648	2.984192	-1.645098	0.190013	-0.323475	0.204514	-0.092787	0.974456	-0.678153	-0.731317	0.072692	0.705891	-0.675697	-0.212488
33497	10.505118	1.813802	1.770270	-2.021669	0.140924	-0.409305	0.206336	-0.088930	0.974431	-0.691424	-0.717906	0.080891	0.692356	-0.690437	-0.209618
33498	12.212092	0.800614	0.890964	-2.382920	0.237016	-0.469135	0.207921	-0.083970	0.974535	-0.706743	-0.701681	0.090327	0.676228	-0.707526	-0.205239
33499	12.780450	-0.057344	0.995184	-2.298119	0.596845	-0.470482	0.207291	-0.076506	0.975283	-0.721112	-0.685639	0.099484	0.661081	-0.723911	-0.197296
33500	12.222318	-0.371836	2.941641	-1.621092	1.051908	-0.466810	0.203691	-0.065676	0.976830	-0.730779	-0.674167	0.107058	0.651515	-0.735653	-0.185316
33501	11.285658	0.230039	4.270117	-0.791761	1.383528	-0.418626	0.197767	-0.052717	0.978831	-0.735065	-0.668597	0.112506	0.648512	-0.741754	-0.170977
33502	11.127851	1.258961	3.266355	-0.322514	1.503021	-0.342577	0.190434	-0.039270	0.980914	-0.736481	-0.666386	0.116302	0.649100	-0.744572	-0.155824
33503	11.991431	1.975237	0.646836	-0.291143	1.604558	-0.287533	0.182131	-0.025462	0.982945	-0.737815	-0.664340	0.119502	0.649967	-0.746996	-0.139783
33504	13.175795	1.628199	-0.920963	-0.595027	1.789281	-0.335382	0.172883	-0.009837	0.984893	-0.741073	-0.659970	0.123492	0.648785	-0.751228	-0.121388
33505	13.009026	0.517297	-2.177752	-0.981511	2.067530	-0.409441	0.162553	0.008376	0.986664	-0.746714	-0.652603	0.128562	0.644976	-0.757654	-0.099828
33506	12.237197	-1.434910	-2.679718	-1.176886	2.180473	-0.335738	0.150956	0.027151	0.988168	-0.753737	-0.643613	0.132827	0.639604	-0.764869	-0.076693
33507	11.603522	-3.480956	-2.509551	-1.169906	1.932998	-0.134252	0.139665	0.042787	0.989274	-0.760967	-0.634615	0.134881	0.633579	-0.771643	-0.056074
33508	11.992247	-4.753929	-1.921998	-0.887381	1.686989	0.084840	0.128248	0.055295	0.990199	-0.766673	-0.627822	0.134356	0.629098	-0.776391	-0.038124
33509	12.416058	-5.781897	-1.279858	-0.594096	1.615179	0.297247	0.115820	0.065925	0.991080	-0.770743	-0.623420	0.131540	0.626531	-0.779103	-0.021393
33510	12.592768	-6.517934	-2.049839	-0.284923	1.647359	0.447561	0.101914	0.075946	0.991890	-0.773005	-0.621555	0.127014	0.626161	-0.779680	-0.004639
33511	13.008947	-6.397979	-3.335782	0.154935	1.684538	0.535585	0.087200	0.085655	0.992502	-0.772514	-0.623234	0.121658	0.628981	-0.777330	0.011823
33512	13.030950	-5.217222	-3.719180	0.935964	1.684872	0.587630	0.071859	0.094947	0.992885	-0.767042	-0.631049	0.115859	0.637560	-0.769911	0.027482
33513	12.791578	-3.243540	-3.401973	1.928612	1.665561	0.642813	0.056214	0.103476	0.993042	-0.754978	-0.646441	0.110098	0.653336	-0.755914	0.041783
33514	12.129963	-1.063244	-2.748869	2.752657	1.679076	0.671515	0.039905	0.111510	0.992962	-0.737005	-0.667744	0.104606	0.674709	-0.735992	0.055538
33515	11.435695	0.944220	-1.829313	3.312810	1.698467	0.621281	0.023728	0.119506	0.992550	-0.714410	-0.692479	0.100455	0.699325	-0.711471	0.068945
33516	10.767877	2.555556	-1.514616	3.286512	1.605755	0.513555	0.008560	0.127023	0.991863	-0.691100	-0.716128	0.097676	0.722708	-0.686313	0.081656
33517	10.218712	3.698430	-1.771489	2.949318	1.546056	0.360919	-0.005218	0.134760	0.990864	-0.669459	-0.736535	0.096645	0.742831	-0.662839	0.094060
33518	10.279029	4.867420	-1.256052	2.530497	1.494972	0.145662	-0.017533	0.143339	0.989518	-0.650408	-0.753290	0.097595	0.759383	-0.641879	0.106436
33519	10.836514	5.685389	-0.197262	2.001704	1.459403	-0.033593	-0.028481	0.152765	0.987852	-0.635052	-0.765951	0.100140	0.771944	-0.624485	0.118828
33520	10.650935	5.752945	0.622784	1.302967	1.466862	-0.104097	-0.039310	0.162554	0.985916	-0.624949	-0.773884	0.102677	0.779675	-0.612111	0.132010
33521	9.786921	4.918233	0.782352	0.551323	1.460568	-0.057245	-0.050350	0.171819	0.983841	-0.620630	-0.777181	0.103966	0.782486	-0.605366	0.145767
33522	8.854827	3.717946	0.681078	-0.127891	1.396000	0.035383	-0.061574	0.179912	0.981754	-0.621578	-0.776509	0.103315	0.780928	-0.603875	0.159643
33523	8.436332	2.200449	0.426673	-0.663206	1.306208	0.137758	-0.072590	0.186681	0.979735	-0.626609	-0.772784	0.100822	0.775945	-0.606593	0.173073
33524	8.208682	0.663867	0.036787	-0.890628	1.243080	0.217482	-0.083650	0.192506	0.977724	-0.633288	-0.767814	0.096994	0.769382	-0.611068	0.186139
33525	8.293923	-0.609051	-0.486403	-0.723110	1.196866	0.291128	-0.094666	0.197539	0.975714	-0.638532	-0.763989	0.092722	0.763751	-0.614247	0.198458
33526	8.424324	-1.528515	-0.878893	-0.280780	1.171381	0.352272	-0.105929	0.201969	0.973647	-0.640285	-0.763009	0.088614	0.760799	-0.614024	0.210143
33527	8.554334	-1.950347	-1.190772	0.296327	1.148805	0.395171	-0.117187	0.205906	0.971530	-0.637548	-0.765666	0.085373	0.761446	-0.609392	0.221001
33528	8.514568	-1.829402	-1.377390	0.831598	1.127906	0.436543	-0.128645	0.209289	0.969355	-0.630626	-0.771645	0.082911	0.765350	-0.600635	0.231251
33529	8.319594	-1.429537	-1.281896	1.192603	1.095478	0.470424	-0.139994	0.212086	0.967172	-0.620789	-0.779768	0.081135	0.771377	-0.589051	0.240824
33530	8.038420	-0.806332	-0.826062	1.313313	1.063255	0.490904	-0.151324	0.214336	0.964967	-0.609861	-0.788511	0.079505	0.777927	-0.576464	0.250036
33531	7.898726	-0.207581	-0.340164	1.249950	1.033355	0.490687	-0.162347	0.216272	0.962741	-0.599286	-0.796733	0.077922	0.783900	-0.564307	0.258956
33532	7.778380	0.254787	0.173635	1.063796	1.020279	0.482874	-0.173306	0.218006	0.960437	-0.590071	-0.803769	0.075969	0.788531	-0.553560	0.267937
33533	7.747487	0.650720	0.640672	0.837574	1.004518	0.469261	-0.183979	0.219668	0.958070	-0.582570	-0.809431	0.073716	0.791684	-0.544580	0.276890
33534	7.589761	0.911029	0.964614	0.629331	1.020637	0.431905	-0.194631	0.221576	0.955522	-0.576721	-0.813829	0.071246	0.793418	-0.537203	0.286184
33535	7.205326	1.206570	1.412938	0.417808	0.951981	0.402198	-0.204483	0.223316	0.953057	-0.572556	-0.816992	0.068589	0.793956	-0.531653	0.294921
33536	7.125278	1.339183	1.346854	0.282115	0.822079	0.384677	-0.213260	0.224415	0.950872	-0.569468	-0.819387	0.065664	0.793868	-0.527488	0.302539
33537	7.321970	1.581136	1.198133	0.216159	0.730345	0.353557	-0.221050	0.225287	0.948885	-0.566938	-0.821353	0.062936	0.793548	-0.524047	0.309283
33538	7.347705	1.599807	0.963447	0.145195	0.647223	0.340921	-0.228162	0.225762	0.947087	-0.564974	-0.822920	0.060056	0.792935	-0.521377	0.315308
33539	7.508217	1.628625	0.808820	0.057365	0.537651	0.361386	-0.234446	0.225517	0.945610	-0.563636	-0.824069	0.056788	0.792054	-0.519666	0.320309
33540	7.687499	1.632599	0.989953	-0.111112	0.456519	0.402831	-0.240370	0.224464	0.944372	-0.563512	-0.824437	0.052527	0.790365	-0.519538	0.324658
33541	7.720375	1.343580	1.239000	-0.243433	0.395447	0.467317	-0.246110	0.222601	0.943334	-0.564248	-0.824250	0.047292	0.788070	-0.520635	0.328458
33542	7.674243	1.082955	1.666432	-0.252894	0.300495	0.537014	-0.251542	0.219638	0.942595	-0.564854	-0.824157	0.041302	0.785918	-0.522039	0.331373
33543	7.969917	1.063104	2.429316	-0.254060	0.203511	0.646194	-0.256775	0.215308	0.942183	-0.565157	-0.824268	0.034339	0.784005	-0.523664	0.333334
33544	8.585446	0.857209	3.798209	-0.312007	0.176115	0.792515	-0.262666	0.209596	0.941847	-0.565492	-0.824352	0.025742	0.781809	-0.525846	0.335055
33545	9.293889	-0.096238	5.467688	-0.298494	0.228458	0.921079	-0.269642	0.203137	0.941291	-0.565322	-0.824714	0.016037	0.779553	-0.527809	0.337216
33546	10.291008	-1.395300	7.285821	-0.044187	0.341226	1.002125	-0.277988	0.196564	0.940258	-0.562872	-0.826520	0.006373	0.778394	-0.527473	0.340403
