// General information: 
//  MT Manager version: 2022.2.0 
//  XDA version: 2022.2.0 build 7381 rev 124627 built on 2023-07-19
// Device information: 
//  DeviceId: 00B4CBA7
//  ProductCode: MTW2-3A7G6
//  Firmware Version: 4.6.0
//  Hardware Version: 2.0.0
// Device settings: 
//  Filter Profile: human(46.1)
//  Option Flags: Orientation Smoother Disabled, Position/Velocity Smoother Disabled, Continuous Zero Rotation Update Disabled, AHS Disabled, ICC Disabled
// Coordinate system: ENU
PacketCounter	Acc_X	Acc_Y	Acc_Z	Gyr_X	Gyr_Y	Gyr_Z	Mat[1][1]	Mat[2][1]	Mat[3][1]	Mat[1][2]	Mat[2][2]	Mat[3][2]	Mat[1][3]	Mat[2][3]	Mat[3][3]
58706	9.666163	-0.701164	-1.110436	-0.007769	0.002848	-0.001608	0.030043	0.145306	0.988931	0.948370	0.308384	-0.074123	-0.315741	0.940098	-0.128539
58707	9.618329	-0.734687	-1.235176	-0.025781	0.005218	-0.003076	0.029991	0.145230	0.988943	0.948453	0.308153	-0.074016	-0.315495	0.940186	-0.128502
58708	9.665997	-0.854429	-1.258484	-0.005297	0.006178	-0.003353	0.029947	0.145145	0.988957	0.948471	0.308117	-0.073943	-0.315447	0.940211	-0.128439
58709	9.616387	-0.899637	-1.302902	0.033271	0.001226	-0.006480	0.029851	0.145096	0.988967	0.948369	0.308445	-0.073879	-0.315762	0.940111	-0.128397
58710	9.702075	-0.828561	-1.163669	0.049528	0.003548	-0.005829	0.029776	0.145029	0.988979	0.948214	0.308927	-0.073851	-0.316233	0.939963	-0.128320
58711	9.735398	-0.779203	-1.169913	0.014005	0.007639	-0.004473	0.029718	0.144926	0.988996	0.948172	0.309072	-0.073782	-0.316364	0.939931	-0.128230
58712	9.740806	-0.800782	-1.298173	0.007831	0.016155	-0.008241	0.029662	0.144734	0.989026	0.948151	0.309163	-0.073679	-0.316434	0.939931	-0.128059
58713	9.706316	-0.804068	-1.320358	-0.013834	0.015686	-0.008814	0.029589	0.144541	0.989056	0.948198	0.309052	-0.073532	-0.316299	0.939997	-0.127909
58714	9.655101	-0.860156	-1.283505	-0.015338	0.020050	-0.007488	0.029549	0.144316	0.989090	0.948247	0.308934	-0.073404	-0.316157	0.940071	-0.127719
58715	9.617249	-0.829600	-1.256168	-0.027315	0.018544	-0.010779	0.029466	0.144091	0.989126	0.948337	0.308699	-0.073220	-0.315892	0.940182	-0.127551
58716	9.665310	-0.793924	-1.129855	-0.047725	0.014041	-0.014829	0.029338	0.143898	0.989157	0.948492	0.308282	-0.072979	-0.315441	0.940349	-0.127442
58717	9.598688	-0.823922	-1.075745	-0.057341	0.011550	-0.016429	0.029179	0.143722	0.989188	0.948678	0.307773	-0.072701	-0.314894	0.940542	-0.127365
58718	9.582153	-0.874641	-1.016657	-0.054331	0.002840	-0.019081	0.028978	0.143623	0.989208	0.948855	0.307297	-0.072412	-0.314381	0.940713	-0.127373
58719	9.574866	-0.892924	-1.028025	-0.058019	-0.007849	-0.019070	0.028733	0.143621	0.989216	0.949044	0.306785	-0.072107	-0.313833	0.940880	-0.127487
58720	9.581892	-0.957250	-1.128236	-0.039572	-0.009740	-0.023198	0.028449	0.143630	0.989223	0.949171	0.306465	-0.071794	-0.313474	0.940983	-0.127611
58721	9.631561	-0.909103	-1.084785	-0.022717	-0.017310	-0.025181	0.028116	0.143698	0.989222	0.949250	0.306294	-0.071473	-0.313263	0.941029	-0.127793
58722	9.667598	-0.824172	-1.103885	-0.006164	-0.026722	-0.027602	0.027738	0.143850	0.989211	0.949276	0.306288	-0.071158	-0.313220	0.941007	-0.128057
58723	9.778337	-0.752404	-1.205573	-0.006718	-0.028232	-0.030183	0.027324	0.144005	0.989200	0.949306	0.306275	-0.070809	-0.313164	0.940988	-0.128337
58724	9.781281	-0.659047	-1.328914	-0.043935	-0.022983	-0.033940	0.026901	0.144103	0.989197	0.949453	0.305917	-0.070385	-0.312755	0.941089	-0.128589
58725	9.663207	-0.686356	-1.354286	-0.152911	-0.025626	-0.049177	0.026314	0.144176	0.989202	0.949944	0.304555	-0.069659	-0.311310	0.941520	-0.128945
58726	9.598830	-0.708376	-1.535373	-0.262651	-0.028023	-0.044927	0.025769	0.144287	0.989200	0.950770	0.302155	-0.068841	-0.308825	0.942276	-0.129398
58727	9.563533	-0.848963	-1.562964	-0.247134	-0.019942	-0.038104	0.025306	0.144343	0.989204	0.951541	0.299887	-0.068101	-0.306479	0.942991	-0.129760
58728	9.639476	-0.891463	-1.468432	-0.228186	-0.014441	-0.036967	0.024880	0.144354	0.989213	0.952247	0.297795	-0.067406	-0.304313	0.943653	-0.130052
58729	9.672034	-0.827567	-1.327617	-0.193567	-0.010407	-0.036118	0.024464	0.144328	0.989227	0.952844	0.296026	-0.066755	-0.302472	0.944213	-0.130280
58730	9.718284	-0.743498	-1.234560	-0.195608	-0.005226	-0.038979	0.024049	0.144249	0.989249	0.953444	0.294241	-0.066083	-0.300610	0.944783	-0.130457
58731	9.670120	-0.762164	-1.211545	-0.177499	-0.003176	-0.040921	0.023609	0.144142	0.989275	0.953987	0.292629	-0.065404	-0.298918	0.945300	-0.130601
58732	9.677784	-0.735434	-1.202010	-0.155103	-0.000337	-0.045526	0.023141	0.143999	0.989307	0.954458	0.291242	-0.064718	-0.297447	0.945750	-0.130702
58733	9.728375	-0.749613	-1.198167	-0.138390	-0.003156	-0.053129	0.022585	0.143858	0.989341	0.954882	0.290015	-0.063969	-0.296126	0.946148	-0.130817
58734	9.700479	-0.804563	-1.173288	-0.143365	-0.006331	-0.061222	0.021950	0.143727	0.989374	0.955318	0.288757	-0.063143	-0.294764	0.946553	-0.130966
58735	9.597658	-0.788056	-1.176118	-0.179359	-0.010415	-0.070909	0.021203	0.143604	0.989408	0.955861	0.287167	-0.062164	-0.293052	0.947055	-0.131177
58736	9.497644	-0.881674	-1.191437	-0.239614	-0.022457	-0.075924	0.020381	0.143588	0.989428	0.956576	0.285016	-0.061067	-0.290771	0.947707	-0.131544
58737	9.479679	-0.965085	-1.279844	-0.225464	-0.032844	-0.078407	0.019496	0.143660	0.989435	0.957245	0.282997	-0.059952	-0.288620	0.948301	-0.132001
58738	9.505991	-0.984847	-1.193138	-0.214701	-0.040767	-0.091131	0.018479	0.143777	0.989438	0.957881	0.281095	-0.058736	-0.286571	0.948849	-0.132526
58739	9.493328	-0.915654	-1.190202	-0.243019	-0.059768	-0.096827	0.017341	0.144056	0.989418	0.958593	0.278934	-0.057413	-0.284253	0.949444	-0.133254
58740	9.509416	-0.848218	-1.255432	-0.245401	-0.064089	-0.101039	0.016164	0.144372	0.989391	0.959304	0.276754	-0.056056	-0.281911	0.950034	-0.134024
58741	9.524225	-0.715144	-1.278750	-0.226925	-0.063570	-0.106896	0.014919	0.144665	0.989368	0.959959	0.274758	-0.054651	-0.279743	0.950568	-0.134774
58742	9.619322	-0.585466	-1.292819	-0.227201	-0.052915	-0.109561	0.013690	0.144857	0.989358	0.960606	0.272768	-0.053229	-0.277576	0.951112	-0.135417
58743	9.704622	-0.591836	-1.421494	-0.239481	-0.051398	-0.116439	0.012389	0.145014	0.989352	0.961284	0.270665	-0.051710	-0.275282	0.951689	-0.136046
58744	9.761273	-0.758111	-1.557986	-0.222001	-0.037277	-0.117261	0.011129	0.145042	0.989363	0.961905	0.268732	-0.050217	-0.273157	0.952232	-0.136526
58745	9.687607	-0.979784	-1.669063	-0.162126	-0.031190	-0.125334	0.009799	0.144987	0.989385	0.962360	0.267376	-0.048713	-0.271600	0.952622	-0.136910
58746	9.679018	-1.019031	-1.675556	-0.063900	-0.018724	-0.133807	0.008430	0.144797	0.989425	0.962544	0.266972	-0.047271	-0.270994	0.952764	-0.137123
58747	9.660370	-0.870614	-1.643697	0.001319	-0.003383	-0.136705	0.007065	0.144448	0.989487	0.962551	0.267189	-0.045877	-0.271007	0.952756	-0.137152
58748	9.695978	-0.771027	-1.506706	0.022531	-0.000036	-0.142263	0.005669	0.144057	0.989553	0.962500	0.267613	-0.044472	-0.271223	0.952697	-0.137138
58749	9.710252	-0.732062	-1.403592	0.013163	0.009512	-0.143903	0.004270	0.143565	0.989632	0.962471	0.267951	-0.043024	-0.271350	0.952676	-0.137033
58750	9.652790	-0.733837	-1.338678	0.015318	0.013344	-0.147687	0.002855	0.143031	0.989714	0.962434	0.268317	-0.041553	-0.271501	0.952653	-0.136891
58751	9.553637	-0.756828	-1.158339	0.006632	0.013106	-0.152164	0.001386	0.142481	0.989797	0.962419	0.268604	-0.040013	-0.271564	0.952655	-0.136754
58752	9.424636	-0.992439	-1.049530	0.033333	0.006867	-0.158939	-0.000154	0.141976	0.989870	0.962329	0.269155	-0.038455	-0.271888	0.952575	-0.136669
58753	9.386469	-0.966341	-0.941868	0.111850	-0.002273	-0.159312	-0.001733	0.141552	0.989929	0.962023	0.270452	-0.036989	-0.272965	0.952270	-0.136645
58754	9.390515	-0.802452	-0.845805	0.191025	-0.025187	-0.174995	-0.003515	0.141305	0.989960	0.961493	0.272529	-0.035486	-0.274807	0.951715	-0.136822
58755	9.430530	-0.603715	-0.886853	0.239387	-0.035117	-0.177976	-0.005363	0.141135	0.989976	0.960824	0.275064	-0.034009	-0.277106	0.951010	-0.137081
58756	9.472079	-0.142540	-0.880699	0.259797	-0.042619	-0.171620	-0.007159	0.141053	0.989976	0.960089	0.277784	-0.032637	-0.279603	0.950232	-0.137412
58757	9.513274	0.117886	-1.093986	0.218790	-0.054382	-0.169895	-0.008982	0.141079	0.989958	0.959461	0.280108	-0.031213	-0.281698	0.949545	-0.137876
58758	9.636841	0.549135	-0.985759	0.166953	-0.062887	-0.152028	-0.010647	0.141236	0.989919	0.958973	0.281915	-0.029908	-0.283297	0.948987	-0.138443
58759	9.770085	0.491120	-1.101668	0.032713	-0.067514	-0.149305	-0.012310	0.141438	0.989871	0.958863	0.282442	-0.028433	-0.283603	0.948800	-0.139097
58760	9.830496	-0.017998	-1.246725	-0.028381	-0.065925	-0.140924	-0.013879	0.141652	0.989819	0.958923	0.282383	-0.026966	-0.283328	0.948786	-0.139752
58761	9.932355	-0.534616	-1.347749	-0.033583	-0.055580	-0.145276	-0.015469	0.141752	0.989781	0.958996	0.282276	-0.025439	-0.282998	0.948803	-0.140306
58762	9.816097	-0.542108	-1.453990	-0.037278	-0.028709	-0.144226	-0.016963	0.141603	0.989778	0.959076	0.282135	-0.023927	-0.282639	0.948867	-0.140594
58763	9.689822	-0.232903	-1.711129	-0.014377	-0.032929	-0.139704	-0.018436	0.141505	0.989766	0.959091	0.282202	-0.022482	-0.282495	0.948861	-0.140919
58764	9.727381	-0.133896	-1.788346	-0.013121	-0.031432	-0.124708	-0.019751	0.141437	0.989750	0.959103	0.282263	-0.021197	-0.282367	0.948854	-0.141228
58765	9.789112	0.130512	-1.708095	0.001271	-0.030894	-0.119904	-0.021028	0.141375	0.989733	0.959074	0.282450	-0.019969	-0.282374	0.948807	-0.141529
58766	9.836443	0.310695	-1.410761	-0.135313	-0.024390	-0.111150	-0.022193	0.141279	0.989721	0.959429	0.281332	-0.018645	-0.281074	0.949154	-0.141791
58767	9.662252	-0.604546	-1.568262	-0.226553	-0.020069	-0.108647	-0.023332	0.141149	0.989713	0.960038	0.279340	-0.017206	-0.278896	0.949761	-0.142026
58768	9.590271	-0.833316	-1.616021	-0.046659	-0.023870	-0.110808	-0.024493	0.141052	0.989699	0.960140	0.279062	-0.016011	-0.278446	0.949857	-0.142265
58769	9.627161	-0.439895	-1.651948	0.070364	-0.018515	-0.114616	-0.025684	0.140891	0.989692	0.959914	0.279898	-0.014934	-0.279117	0.949635	-0.142433
58770	9.606528	-0.196148	-1.647774	0.138276	-0.021119	-0.114282	-0.026871	0.140758	0.989679	0.959494	0.281382	-0.013968	-0.280444	0.949216	-0.142617
58771	9.673898	-0.064655	-1.648731	0.142746	-0.005247	-0.110628	-0.027987	0.140479	0.989688	0.959061	0.282898	-0.013034	-0.281812	0.948807	-0.142645
58772	9.486191	-0.002178	-1.534692	0.105491	-0.004008	-0.102330	-0.029009	0.140213	0.989696	0.958732	0.284051	-0.012140	-0.282826	0.948502	-0.142667
58773	9.604881	0.295155	-1.445336	0.001255	-0.000468	-0.095695	-0.029968	0.139929	0.989708	0.958699	0.284203	-0.011153	-0.282839	0.948498	-0.142667
58774	9.650619	0.483639	-1.374993	-0.203521	0.006049	-0.087659	-0.030822	0.139609	0.989727	0.959244	0.282403	-0.009962	-0.280893	0.949083	-0.142624
58775	9.550354	0.220904	-1.341532	-0.365038	0.002558	-0.078645	-0.031610	0.139348	0.989739	0.960237	0.279053	-0.008621	-0.277391	0.950111	-0.142628
58776	9.765574	0.101254	-1.275504	-0.330709	-0.001077	-0.073468	-0.032350	0.139140	0.989744	0.961123	0.276020	-0.007389	-0.274218	0.951027	-0.142660
58777	9.900034	0.163745	-1.130826	-0.294480	-0.007280	-0.069314	-0.033076	0.139003	0.989739	0.961903	0.273321	-0.006241	-0.271384	0.951827	-0.142748
58778	9.932061	0.078137	-1.082375	-0.255550	-0.012822	-0.063148	-0.033750	0.138939	0.989726	0.962570	0.270984	-0.005218	-0.268925	0.952504	-0.142885
58779	9.838967	-0.152824	-1.123451	-0.162421	-0.024711	-0.055758	-0.034393	0.139008	0.989694	0.962985	0.269521	-0.004391	-0.267353	0.952909	-0.143132
58780	9.791218	-0.208447	-1.094116	-0.062512	-0.043511	-0.044564	-0.034969	0.139290	0.989634	0.963134	0.268996	-0.003828	-0.266741	0.953016	-0.143561
58781	9.644922	-0.356547	-0.799535	-0.029384	-0.068603	-0.041896	-0.035596	0.139815	0.989538	0.963196	0.268780	-0.003329	-0.266434	0.953000	-0.144236
58782	9.584172	-0.072336	-0.550186	-0.054309	-0.112429	-0.049114	-0.036399	0.140740	0.989377	0.963320	0.268341	-0.002731	-0.265874	0.952988	-0.145345
58783	9.609780	0.495272	-0.443159	-0.133393	-0.149391	-0.035713	-0.037180	0.142053	0.989161	0.963659	0.267126	-0.002141	-0.264535	0.953134	-0.146822
58784	9.753823	0.636473	-0.678737	-0.147923	-0.170486	-0.019963	-0.037853	0.143610	0.988910	0.964040	0.265753	-0.001692	-0.263049	0.953284	-0.148506
58785	9.685260	0.646673	-1.030612	-0.177518	-0.178230	-0.007189	-0.038430	0.145275	0.988645	0.964501	0.264078	-0.001313	-0.261270	0.953498	-0.150266
58786	9.715048	0.370761	-1.599341	-0.174523	-0.171516	0.007928	-0.038831	0.146917	0.988386	0.964956	0.262411	-0.001095	-0.259524	0.953706	-0.151958
58787	9.697449	0.281353	-2.061713	-0.109669	-0.159553	0.021478	-0.039077	0.148479	0.988143	0.965246	0.261340	-0.001097	-0.258404	0.953759	-0.153531
58788	9.762767	0.224908	-2.373923	-0.071263	-0.138903	0.034845	-0.039131	0.149881	0.987929	0.965441	0.260617	-0.001298	-0.257666	0.953737	-0.154899
58789	9.837248	0.188076	-2.521411	-0.058306	-0.100074	0.048330	-0.038962	0.150945	0.987774	0.965608	0.259995	-0.001643	-0.257065	0.953739	-0.155884
58790	9.786479	0.104778	-2.567717	-0.050110	-0.063646	0.061907	-0.038560	0.151699	0.987674	0.965759	0.259433	-0.002142	-0.256560	0.953772	-0.156509
58791	9.688901	-0.060695	-2.288687	-0.093423	-0.032904	0.070829	-0.038001	0.152181	0.987622	0.966023	0.258441	-0.002653	-0.255646	0.953965	-0.156831
58792	9.455602	-1.101125	-2.188758	-0.082392	-0.010660	0.068531	-0.037398	0.152446	0.987604	0.966257	0.257560	-0.003167	-0.254850	0.954161	-0.156934
58793	9.521329	-1.188115	-1.628558	0.118762	-0.017830	0.061213	-0.036892	0.152759	0.987575	0.965975	0.258606	-0.003916	-0.255991	0.953828	-0.157102
58794	9.535624	-0.663483	-1.037632	0.190816	-0.038873	0.054955	-0.036493	0.153259	0.987512	0.965503	0.260351	-0.004726	-0.257823	0.953273	-0.157473
58795	9.606735	-0.151967	-0.507098	0.179195	-0.064519	0.056434	-0.036156	0.154006	0.987408	0.965058	0.261978	-0.005523	-0.259530	0.952706	-0.158096
58796	9.585828	-0.073334	-0.242127	0.142598	-0.111331	0.058291	-0.035915	0.155206	0.987229	0.964706	0.263256	-0.006292	-0.260871	0.952159	-0.159183
58797	9.621031	0.123370	-0.221738	0.136422	-0.154950	0.062989	-0.035752	0.156831	0.986978	0.964370	0.264463	-0.007090	-0.262131	0.951558	-0.160698
58798	9.695233	0.344966	-0.531915	0.120428	-0.191026	0.065750	-0.035652	0.158808	0.986666	0.964074	0.265515	-0.007900	-0.263229	0.950937	-0.162569
58799	9.572604	0.430458	-0.906155	0.113782	-0.211340	0.073719	-0.035539	0.160998	0.986315	0.963799	0.266486	-0.008771	-0.264251	0.950297	-0.164640
58800	9.656088	0.294669	-1.427875	0.139960	-0.227241	0.084371	-0.035359	0.163367	0.985932	0.963456	0.267688	-0.009802	-0.265523	0.949555	-0.166862
58801	9.727424	0.364388	-2.111169	0.194687	-0.218007	0.099576	-0.035021	0.165687	0.985556	0.962971	0.269379	-0.011069	-0.267322	0.948674	-0.168986
58802	9.808729	0.369885	-2.535304	0.199944	-0.192335	0.115014	-0.034461	0.167807	0.985217	0.962472	0.271093	-0.012508	-0.269185	0.947813	-0.170852
58803	9.809625	0.077145	-2.794217	0.194554	-0.159135	0.129726	-0.033683	0.169652	0.984928	0.961989	0.272725	-0.014078	-0.271003	0.947016	-0.172389
58804	9.779425	-0.204112	-2.790333	0.205228	-0.127565	0.145816	-0.032660	0.171243	0.984687	0.961477	0.274429	-0.015835	-0.272938	0.946237	-0.173609
58805	9.877634	-0.361333	-2.559948	0.232548	-0.098416	0.153844	-0.031491	0.172582	0.984492	0.960888	0.276372	-0.017712	-0.275142	0.945428	-0.174535
58806	9.786797	-0.204894	-2.037385	0.224687	-0.076988	0.161088	-0.030188	0.173741	0.984329	0.960314	0.278226	-0.019658	-0.277281	0.944671	-0.175245
58807	9.477514	-0.568142	-1.424634	0.071336	-0.072836	0.161883	-0.028876	0.174864	0.984169	0.960163	0.278625	-0.021334	-0.277945	0.944347	-0.175943
58808	9.093491	-2.297488	-1.341404	-0.010668	-0.109842	0.147402	-0.027797	0.176297	0.983944	0.960232	0.278276	-0.022732	-0.277816	0.944183	-0.177022
58809	9.223954	-2.886377	-1.070291	0.366994	-0.171666	0.138591	-0.026987	0.178289	0.983608	0.959243	0.281501	-0.024706	-0.281291	0.942852	-0.178619
58810	9.307688	-1.342852	-0.261305	0.676670	-0.252479	0.128266	-0.026507	0.181016	0.983123	0.957350	0.287653	-0.027152	-0.287713	0.940473	-0.180921
58811	9.329346	0.332021	0.501464	0.686783	-0.340080	0.133082	-0.026263	0.184581	0.982466	0.955385	0.293868	-0.029671	-0.294192	0.937855	-0.184064
58812	9.551211	1.451589	0.857271	0.570883	-0.423940	0.144794	-0.026170	0.188964	0.981635	0.953726	0.298955	-0.032123	-0.299535	0.935371	-0.188044
58813	9.727081	1.734566	0.786627	0.352844	-0.489270	0.164536	-0.026115	0.194013	0.980651	0.952706	0.301945	-0.034367	-0.302771	0.933374	-0.192723
58814	9.481942	1.144728	0.399446	0.287218	-0.546230	0.184271	-0.026051	0.199647	0.979521	0.951878	0.304272	-0.036701	-0.305368	0.931429	-0.197966
58815	9.500414	0.871936	0.151477	0.327619	-0.617907	0.203389	-0.026051	0.206000	0.978205	0.950925	0.306916	-0.039308	-0.308324	0.929175	-0.203886
58816	9.667154	0.780580	-0.068862	0.418326	-0.688784	0.230886	-0.026026	0.213084	0.976687	0.949684	0.310326	-0.042397	-0.312125	0.926441	-0.210439
58817	9.642558	0.694664	-0.051988	0.442093	-0.748856	0.259682	-0.025953	0.220803	0.974973	0.948362	0.313861	-0.045836	-0.316127	0.923438	-0.217547
58818	9.376276	0.262709	0.160108	0.358624	-0.824179	0.275098	-0.025996	0.229248	0.973021	0.947292	0.316561	-0.049275	-0.319316	0.920454	-0.225394
58819	9.324570	-0.192682	0.432570	0.335099	-0.918927	0.297679	-0.026164	0.238620	0.970761	0.946293	0.318954	-0.052896	-0.322250	0.917240	-0.234149
58820	9.550967	-0.071045	0.886202	0.340425	-1.032380	0.308231	-0.026623	0.249036	0.968128	0.945270	0.321333	-0.056664	-0.325202	0.913634	-0.243961
58821	9.574499	0.221014	1.264449	0.210318	-1.137072	0.317327	-0.027370	0.260408	0.965111	0.944668	0.322453	-0.060214	-0.326883	0.910061	-0.254824
58822	9.866877	0.442450	1.165713	0.094505	-1.249589	0.310041	-0.028560	0.272734	0.961666	0.944443	0.322500	-0.063414	-0.327432	0.906427	-0.266792
58823	10.370708	0.390848	0.747699	-0.083812	-1.338686	0.303068	-0.030112	0.285802	0.957815	0.944804	0.320907	-0.066052	-0.326248	0.902959	-0.279690
58824	10.646516	-0.355957	-0.053428	-0.186127	-1.401596	0.288499	-0.031974	0.299331	0.953613	0.945496	0.318403	-0.068242	-0.324060	0.899456	-0.293197
58825	10.655844	-0.812553	-0.958255	-0.165459	-1.449168	0.271652	-0.034125	0.313182	0.949080	0.946119	0.316099	-0.070289	-0.322016	0.895544	-0.307094
58826	11.229328	-1.003473	-1.624546	-0.112083	-1.492156	0.255212	-0.036535	0.327291	0.944217	0.946566	0.314299	-0.072319	-0.320436	0.891121	-0.321285
58827	11.863037	-1.797288	-2.198867	0.043011	-1.516136	0.237268	-0.039185	0.341490	0.939068	0.946516	0.313902	-0.074654	-0.320269	0.885918	-0.335526
58828	12.265683	-2.178945	-2.094017	0.073419	-1.550723	0.212931	-0.042168	0.355827	0.933600	0.946363	0.313828	-0.076866	-0.320341	0.880283	-0.349976
58829	12.581070	-2.533508	-1.973721	0.078100	-1.580714	0.258708	-0.044824	0.370489	0.927755	0.946224	0.313589	-0.079513	-0.320393	0.874299	-0.364622
58830	12.394824	-1.085998	-1.874809	-0.019467	-1.607862	0.270740	-0.047436	0.385320	0.921563	0.946407	0.312418	-0.081912	-0.319475	0.868288	-0.379489
58831	12.147776	-0.572748	-1.644736	-0.225446	-1.614253	0.261072	-0.050137	0.400086	0.915105	0.947249	0.309459	-0.083398	-0.316553	0.862651	-0.394496
58832	11.669810	-0.748151	-1.608510	-0.521211	-1.638902	0.203895	-0.053376	0.414781	0.908354	0.948984	0.304168	-0.083129	-0.310773	0.857577	-0.409856
58833	11.282357	-0.906729	-1.998884	-0.535168	-1.700527	0.134832	-0.057368	0.429707	0.901144	0.950704	0.299042	-0.082074	-0.304748	0.852013	-0.425680
58834	11.079254	-0.337474	-1.938486	-0.507817	-1.763021	0.074368	-0.062013	0.444867	0.893447	0.952276	0.294431	-0.080508	-0.298874	0.845815	-0.441895
58835	10.790653	-0.365647	-2.007535	-0.605490	-1.824963	0.061854	-0.066854	0.460408	0.885186	0.954101	0.289069	-0.078294	-0.291927	0.839323	-0.458601
58836	10.716359	-0.024175	-2.113864	-0.752833	-1.873799	0.074419	-0.071565	0.476258	0.876388	0.956313	0.282453	-0.075402	-0.283449	0.832705	-0.475666
58837	10.418313	-0.434261	-2.385639	-0.832346	-1.861015	0.097280	-0.075862	0.491949	0.867313	0.958702	0.275099	-0.072184	-0.274108	0.826019	-0.492502
58838	10.085686	-0.566955	-3.506238	-0.685569	-1.787871	0.150753	-0.079277	0.507036	0.858271	0.960665	0.268735	-0.070024	-0.266152	0.818960	-0.508396
58839	10.384525	0.170045	-3.585004	-0.621215	-1.692153	0.200698	-0.081829	0.521353	0.849409	0.962454	0.262660	-0.068496	-0.258816	0.811912	-0.523271
58840	10.219632	-0.566950	-3.029975	-0.633498	-1.495592	0.194992	-0.083800	0.533927	0.841368	0.964226	0.256537	-0.066760	-0.251487	0.805674	-0.536324
58841	9.683977	-1.002246	-2.972362	-0.682375	-1.270042	0.130890	-0.085722	0.544444	0.834405	0.966023	0.250374	-0.064123	-0.243825	0.800558	-0.547408
58842	9.156223	-1.474564	-3.333001	-0.620306	-1.041585	0.088314	-0.087406	0.552951	0.828617	0.967585	0.244967	-0.061406	-0.236938	0.796390	-0.556438
58843	8.768381	-2.091818	-3.980764	-0.373534	-0.790187	0.093854	-0.088393	0.559444	0.824141	0.968541	0.241501	-0.060055	-0.232628	0.792906	-0.563191
58844	8.402788	-1.989127	-4.012649	0.050941	-0.503568	0.117001	-0.088465	0.563683	0.821240	0.968519	0.241278	-0.061279	-0.232689	0.789966	-0.567282
58845	8.105092	-1.801222	-4.046564	0.318398	-0.212997	0.110554	-0.087933	0.565617	0.819966	0.967868	0.243190	-0.063960	-0.235585	0.787995	-0.568827
58846	7.858177	-1.913438	-4.223332	0.533432	0.086786	0.107299	-0.086722	0.565167	0.820406	0.966684	0.246817	-0.067845	-0.240834	0.787190	-0.567743
58847	7.916493	-2.011461	-4.438883	0.734526	0.396935	0.115836	-0.084673	0.562316	0.822576	0.964983	0.251972	-0.072918	-0.248269	0.787598	-0.563961
58848	7.858533	-2.262926	-4.335865	0.954760	0.711055	0.123045	-0.081719	0.556994	0.826486	0.962662	0.258843	-0.079259	-0.258077	0.789150	-0.557350
58849	7.962920	-2.267297	-4.257202	1.203434	0.996206	0.110045	-0.078068	0.549396	0.831907	0.959566	0.267769	-0.086788	-0.270440	0.791495	-0.548086
58850	8.149539	-1.991950	-4.158387	1.361152	1.267098	0.089273	-0.073729	0.539559	0.838714	0.955851	0.278111	-0.094888	-0.284453	0.794689	-0.536242
58851	8.261735	-1.722951	-3.874592	1.462469	1.515120	0.062884	-0.068745	0.527651	0.846675	0.951622	0.289450	-0.103120	-0.299481	0.798626	-0.522022
58852	8.294243	-1.353781	-3.624229	1.436000	1.735289	0.040027	-0.063069	0.513835	0.855567	0.947235	0.300776	-0.110813	-0.314274	0.803435	-0.505692
58853	8.173188	-1.292461	-3.285487	1.346335	1.917022	0.010083	-0.056855	0.498393	0.865085	0.942914	0.311602	-0.117550	-0.328148	0.809017	-0.487658
58854	8.293964	-0.982025	-3.205432	1.097730	2.062401	-0.030231	-0.050282	0.481509	0.874998	0.939226	0.320698	-0.122507	-0.339598	0.815660	-0.468371
58855	8.597584	-1.645485	-3.804715	0.697218	2.197250	-0.048822	-0.043233	0.463321	0.885135	0.936807	0.326665	-0.125235	-0.347166	0.823786	-0.448165
58856	8.840395	-2.871057	-4.356850	0.642349	2.307647	-0.056647	-0.035699	0.443991	0.895320	0.934525	0.332270	-0.127511	-0.354101	0.832147	-0.426783
58857	8.880128	-2.859093	-4.229016	0.836444	2.372052	-0.068442	-0.027875	0.423914	0.905273	0.931504	0.339578	-0.130333	-0.362660	0.839633	-0.404344
58858	9.054062	-1.962127	-4.032683	0.867040	2.396466	-0.076736	-0.019819	0.403409	0.914805	0.928298	0.347233	-0.133011	-0.371308	0.846576	-0.381365
58859	9.315813	-1.297571	-4.055252	0.676145	2.409969	-0.053783	-0.011327	0.382713	0.923798	0.925756	0.353210	-0.134978	-0.377952	0.853682	-0.358299
58860	9.448417	-1.082708	-3.975647	0.481649	2.412820	-0.021137	-0.002372	0.361914	0.932208	0.923917	0.357444	-0.136421	-0.382585	0.860960	-0.335226
58861	9.488778	-0.752699	-3.915039	0.300456	2.410727	0.011401	0.006952	0.341090	0.940005	0.922763	0.360017	-0.137460	-0.385304	0.868358	-0.312242
58862	9.418641	-0.789693	-4.019084	0.014900	2.418739	0.045325	0.016664	0.320116	0.947232	0.922696	0.360022	-0.137901	-0.385168	0.876305	-0.289370
58863	9.130707	-1.592277	-4.294329	-0.185055	2.438183	0.077120	0.026702	0.298906	0.953909	0.923391	0.358167	-0.138079	-0.382931	0.884518	-0.266443
58864	8.852605	-2.154671	-4.226106	-0.157589	2.442815	0.088543	0.036823	0.277485	0.960024	0.923961	0.356534	-0.138492	-0.380711	0.892124	-0.243256
58865	8.914432	-2.349512	-4.275807	-0.095339	2.449877	0.083969	0.046865	0.255823	0.965587	0.924289	0.355468	-0.139039	-0.378804	0.898998	-0.219795
58866	9.128713	-2.447321	-4.307945	0.002653	2.460870	0.072483	0.056818	0.233847	0.970612	0.924239	0.355334	-0.139714	-0.377563	0.905016	-0.195941
58867	9.168610	-2.239496	-4.118782	0.142036	2.475807	0.060960	0.066689	0.211575	0.975084	0.923668	0.356497	-0.140526	-0.377346	0.910025	-0.171650
58868	9.220222	-1.987674	-3.850546	0.190753	2.474481	0.040655	0.076379	0.189113	0.978980	0.922917	0.358173	-0.141195	-0.377346	0.914302	-0.147179
58869	9.189362	-1.810497	-3.663819	0.226116	2.464195	0.024092	0.085864	0.166605	0.982278	0.922048	0.360210	-0.141694	-0.377433	0.917874	-0.122688
58870	9.001804	-1.874510	-3.499989	0.222338	2.444473	-0.005271	0.095017	0.144077	0.984994	0.921212	0.362278	-0.141855	-0.377279	0.920867	-0.098303
58871	8.887784	-1.880957	-3.413972	0.294940	2.409778	-0.039992	0.103707	0.121694	0.987135	0.920143	0.365056	-0.141673	-0.377600	0.922998	-0.074117
58872	8.866032	-1.737683	-3.244647	0.365632	2.371160	-0.070183	0.112002	0.099502	0.988714	0.918836	0.368524	-0.141174	-0.378412	0.924278	-0.050151
58873	8.834159	-1.625946	-3.070375	0.435788	2.312962	-0.089520	0.119911	0.077766	0.989734	0.917293	0.372636	-0.140413	-0.379730	0.924713	-0.026651
58874	8.807528	-1.296183	-2.771131	0.493060	2.239423	-0.106303	0.127438	0.056630	0.990229	0.915548	0.377277	-0.139403	-0.381485	0.924367	-0.003768
58875	8.783736	-1.167722	-2.665957	0.451481	2.154613	-0.110043	0.134628	0.036283	0.990232	0.913973	0.381502	-0.138238	-0.382791	0.923656	0.018199
58876	8.801441	-1.008148	-2.668151	0.400976	2.057816	-0.115709	0.141434	0.016811	0.989805	0.912597	0.385243	-0.136944	-0.383618	0.922662	0.039145
58877	9.056628	-0.739664	-2.659121	0.323024	1.950782	-0.121193	0.147776	-0.001668	0.989019	0.911539	0.388232	-0.135545	-0.383742	0.921560	0.058892
58878	9.096903	-0.666960	-2.506739	0.257323	1.826458	-0.114240	0.153717	-0.018964	0.987933	0.910727	0.390596	-0.134207	-0.383337	0.920367	0.077313
58879	8.831524	-0.179030	-2.154830	0.168357	1.654874	-0.087193	0.159222	-0.034549	0.986638	0.910225	0.392120	-0.133159	-0.382280	0.919265	0.093881
58880	8.452794	0.083050	-1.995530	-0.054416	1.454812	-0.064842	0.164148	-0.048202	0.985257	0.910541	0.391598	-0.132542	-0.379436	0.918873	0.108170
58881	8.060030	0.064495	-1.972684	-0.328002	1.220445	-0.047728	0.168276	-0.059628	0.983935	0.911863	0.388555	-0.132403	-0.374418	0.919494	0.119757
58882	8.069602	-0.247854	-1.904169	-0.679634	0.982824	-0.022520	0.171687	-0.068789	0.982747	0.914423	0.382287	-0.132992	-0.366543	0.921480	0.128536
58883	8.465676	-1.552606	-1.907230	-0.876937	0.761586	-0.013479	0.174281	-0.075889	0.981767	0.917627	0.374181	-0.133972	-0.357192	0.924245	0.134851
58884	8.103394	-2.170243	-1.966594	-0.746393	0.537157	-0.028512	0.175891	-0.080991	0.981072	0.920318	0.367254	-0.134681	-0.349394	0.926588	0.139134
58885	8.611042	-1.769377	-1.545142	-0.722683	0.295275	-0.049604	0.176417	-0.083931	0.980731	0.922912	0.360504	-0.135165	-0.342213	0.928974	0.141060
58886	8.934102	-1.945907	-1.197926	-0.664749	0.088648	-0.062721	0.176112	-0.085003	0.980693	0.925281	0.354269	-0.135454	-0.335916	0.931272	0.141043
58887	10.747773	-2.315515	-0.833810	-0.558772	-0.088767	-0.083464	0.175004	-0.084489	0.980936	0.927298	0.348986	-0.135377	-0.330895	0.933312	0.139420
58888	8.155067	-1.179338	-0.972506	-0.616999	-0.384981	-0.089127	0.172886	-0.081221	0.981587	0.929484	0.343147	-0.135315	-0.325838	0.935764	0.134819
58889	8.815553	-2.146348	-0.862324	-1.082529	-0.636075	-0.055629	0.170285	-0.075463	0.982501	0.933065	0.332947	-0.136145	-0.316847	0.939921	0.127108
58890	10.448361	-3.471329	-0.015292	-0.679941	-0.608436	-0.055749	0.167826	-0.069940	0.983333	0.935300	0.326508	-0.136405	-0.311526	0.942603	0.120211
58891	10.645141	-3.012163	0.290438	-0.374643	-0.443061	-0.102059	0.165458	-0.066110	0.983999	0.936639	0.322901	-0.135800	-0.308757	0.944121	0.115348
58892	10.189940	-2.553961	0.006991	-0.603537	-0.357230	-0.126369	0.163152	-0.063157	0.984577	0.938699	0.317116	-0.135208	-0.303686	0.946281	0.111024
58893	9.377980	-2.428709	-0.461652	-0.989327	-0.399637	-0.157270	0.160438	-0.059878	0.985228	0.941922	0.307639	-0.134689	-0.295029	0.949617	0.105757
58894	8.669074	-1.515739	-0.523932	-1.271487	-0.502873	-0.127767	0.157749	-0.055495	0.985919	0.945810	0.295466	-0.134701	-0.283830	0.953740	0.099097
58895	8.635223	-2.903207	-1.709797	-1.275962	-0.624465	-0.118728	0.154847	-0.049887	0.986678	0.949552	0.283206	-0.134702	-0.272713	0.957761	0.091224
58896	9.198883	-4.041874	-2.033666	-0.561498	-0.674862	-0.134318	0.151717	-0.043810	0.987453	0.951281	0.277762	-0.133837	-0.268413	0.959651	0.083816
58897	9.647875	-3.224193	-0.956271	-0.019063	-0.684408	-0.156036	0.148353	-0.037690	0.988216	0.951573	0.277513	-0.132268	-0.269258	0.959982	0.077035
58898	10.303647	-2.416776	0.274944	0.013159	-0.630369	-0.134068	0.145350	-0.032025	0.988862	0.951738	0.277595	-0.130904	-0.270311	0.960164	0.070828
58899	10.358440	-1.939189	1.487758	-0.054415	-0.529015	-0.111682	0.142817	-0.027270	0.989373	0.952052	0.277038	-0.129794	-0.270555	0.960472	0.065529
58900	10.291767	-1.283076	2.158437	-0.153601	-0.432223	-0.108786	0.140587	-0.023433	0.989791	0.952624	0.275538	-0.128785	-0.269707	0.961005	0.061060
58901	10.091897	-0.937642	2.211504	-0.239775	-0.346786	-0.112765	0.138541	-0.020424	0.990146	0.953432	0.273207	-0.127768	-0.267905	0.961738	0.057324
58902	9.743303	-0.030370	2.079957	-0.278789	-0.308413	-0.138653	0.136369	-0.017849	0.990497	0.954370	0.270501	-0.126521	-0.265673	0.962554	0.053922
58903	9.809503	1.017373	1.992336	-0.472005	-0.303258	-0.156963	0.134031	-0.015365	0.990858	0.955832	0.265928	-0.125169	-0.261574	0.963870	0.050329
58904	9.927146	0.968812	1.292773	-0.736823	-0.328121	-0.175035	0.131482	-0.012674	0.991238	0.957970	0.258798	-0.123760	-0.254962	0.965848	0.046168
58905	10.085812	-1.077719	0.435906	-0.794105	-0.353939	-0.184367	0.128784	-0.009737	0.991625	0.960212	0.251099	-0.122238	-0.247806	0.967913	0.041687
58906	10.120549	-3.122795	0.042423	-0.460149	-0.352587	-0.180254	0.126157	-0.006786	0.991987	0.961576	0.246631	-0.120602	-0.243836	0.969086	0.037639
58907	10.114933	-2.137674	-0.617550	0.103684	-0.385125	-0.239204	0.122875	-0.003660	0.992415	0.961626	0.247623	-0.118149	-0.245312	0.968850	0.033947
58908	10.276120	-0.024006	-0.674536	0.171874	-0.474664	-0.310495	0.118692	0.000151	0.992931	0.961580	0.249286	-0.114982	-0.247541	0.968430	0.029443
58909	10.574110	-0.504641	-1.257835	0.085438	-0.612405	-0.335937	0.113901	0.005227	0.993478	0.961763	0.250123	-0.111581	-0.249075	0.968200	0.023462
58910	10.826807	-2.579137	-1.571024	-0.086552	-0.691617	-0.339646	0.108883	0.011061	0.993993	0.962359	0.249316	-0.108192	-0.249016	0.968359	0.016501
58911	10.523543	-4.130344	-1.978719	0.342083	-0.663363	-0.333442	0.103970	0.016630	0.994441	0.961860	0.252674	-0.104789	-0.253012	0.967408	0.010275
58912	9.717796	-1.995703	-1.413231	0.552614	-0.623473	-0.360454	0.098881	0.021723	0.994862	0.960813	0.258090	-0.101132	-0.258961	0.965877	0.004649
58913	9.586207	-0.795803	-1.302019	0.438335	-0.591099	-0.349668	0.093938	0.026502	0.995225	0.960009	0.262406	-0.097602	-0.263740	0.964593	-0.000793
58914	9.606618	0.799203	-0.574067	0.298296	-0.564485	-0.311369	0.089425	0.031110	0.995508	0.959504	0.265376	-0.094484	-0.267124	0.963643	-0.006119
58915	9.614709	1.600300	-0.100364	-0.145233	-0.547626	-0.283156	0.085207	0.035622	0.995726	0.960142	0.264073	-0.091609	-0.266208	0.963845	-0.011702
58916	9.613589	0.317232	-0.445345	-0.566335	-0.530494	-0.272082	0.081165	0.040014	0.995897	0.961864	0.258718	-0.088786	-0.261210	0.965124	-0.017490
58917	9.695057	-0.821891	-0.684122	-0.536379	-0.498643	-0.263577	0.077297	0.044139	0.996031	0.963464	0.253651	-0.086010	-0.256441	0.966288	-0.022920
58918	9.723527	-0.565362	-0.350976	-0.445224	-0.473190	-0.263221	0.073526	0.048039	0.996136	0.964797	0.249473	-0.083244	-0.252508	0.967189	-0.028005
58919	9.665172	-0.495327	-0.245977	-0.474575	-0.463272	-0.266545	0.069752	0.051848	0.996216	0.966179	0.245017	-0.080401	-0.248258	0.968132	-0.033003
58920	9.467238	-1.170429	-0.362356	-0.435667	-0.458171	-0.276123	0.065925	0.055602	0.996274	0.967441	0.240951	-0.077465	-0.244360	0.968943	-0.037907
58921	9.528627	-1.560422	-0.169264	-0.286124	-0.482590	-0.282107	0.061981	0.059588	0.996297	0.968320	0.238343	-0.074496	-0.241899	0.969351	-0.042927
58922	9.859099	-1.260685	0.074981	-0.202218	-0.501680	-0.279634	0.058034	0.063775	0.996275	0.968976	0.236561	-0.071587	-0.240245	0.969521	-0.048068
58923	9.809550	-1.157952	0.259975	-0.226880	-0.535107	-0.273436	0.054063	0.068305	0.996199	0.969674	0.234544	-0.068705	-0.238346	0.969703	-0.053553
58924	9.696262	-1.109847	0.324665	-0.212349	-0.580934	-0.270322	0.050033	0.073295	0.996055	0.970320	0.232683	-0.065862	-0.236592	0.969787	-0.059478
58925	9.813650	-0.835786	0.240609	-0.189475	-0.626022	-0.264482	0.045949	0.078738	0.995836	0.970896	0.231050	-0.063066	-0.235053	0.969751	-0.065830
58926	9.951494	-0.315228	-0.099048	-0.124379	-0.649484	-0.262402	0.041848	0.084418	0.995551	0.971303	0.230065	-0.060337	-0.234135	0.969507	-0.072368
58927	9.983043	0.201625	-0.426960	-0.103341	-0.659587	-0.250402	0.037833	0.090222	0.995203	0.971646	0.229286	-0.057724	-0.233394	0.969169	-0.078989
58928	9.790122	-0.149193	-0.935290	-0.113565	-0.663254	-0.229460	0.034029	0.096111	0.994789	0.971993	0.228406	-0.055317	-0.232533	0.968810	-0.085647
58929	9.704723	-0.155164	-1.337359	0.042184	-0.654455	-0.210802	0.030416	0.101953	0.994324	0.971964	0.229028	-0.053215	-0.233153	0.968066	-0.092128
58930	9.646413	0.250834	-1.932646	0.092468	-0.623904	-0.179954	0.027180	0.107564	0.993827	0.971800	0.230119	-0.051484	-0.234236	0.967200	-0.098276
58931	9.585876	0.623167	-2.243144	0.074125	-0.578058	-0.147430	0.024350	0.112798	0.993320	0.971665	0.231003	-0.050052	-0.235105	0.966392	-0.103977
58932	9.863556	0.472093	-2.441700	0.009420	-0.534719	-0.118822	0.021908	0.117677	0.992810	0.971670	0.231239	-0.048850	-0.235325	0.965754	-0.109277
58933	10.003266	0.343255	-2.834966	-0.058734	-0.474269	-0.090155	0.019877	0.122033	0.992327	0.971828	0.230785	-0.047848	-0.234853	0.965322	-0.114008
58934	10.072773	0.094319	-3.140263	-0.034614	-0.415371	-0.055972	0.018328	0.125901	0.991873	0.971919	0.230528	-0.047220	-0.234600	0.964886	-0.118141
58935	10.086973	0.189947	-2.906964	0.018148	-0.347192	-0.022994	0.017249	0.129183	0.991471	0.971881	0.230739	-0.046972	-0.234838	0.964402	-0.121571
58936	9.818061	-0.958717	-2.874775	-0.115323	-0.285216	-0.007341	0.016478	0.131906	0.991125	0.972152	0.229644	-0.046725	-0.233769	0.964295	-0.124448
58937	9.709027	-2.205228	-2.633379	0.259140	-0.258546	-0.006042	0.015771	0.134369	0.990806	0.971545	0.232156	-0.046949	-0.236330	0.963353	-0.126884
58938	9.863438	-1.258281	-1.619003	0.522299	-0.253520	0.006406	0.015197	0.136814	0.990480	0.970296	0.237183	-0.047649	-0.241444	0.961783	-0.129146
58939	9.689672	-0.516639	-0.802849	0.554411	-0.261836	0.017876	0.014691	0.139359	0.990133	0.968940	0.242491	-0.048507	-0.246859	0.960092	-0.131468
58940	9.580440	0.041709	-0.111312	0.488006	-0.290744	0.022505	0.014154	0.142192	0.989738	0.967720	0.247150	-0.049346	-0.251630	0.958488	-0.134104
58941	9.519070	0.213526	0.053377	0.320545	-0.324023	0.034838	0.013630	0.145367	0.989284	0.966904	0.250176	-0.050083	-0.254776	0.957225	-0.137146
58942	9.320644	0.038694	-0.018484	0.201675	-0.362243	0.038882	0.013049	0.148919	0.988763	0.966382	0.252057	-0.050717	-0.256778	0.956185	-0.140623
58943	9.181958	-0.600607	-0.150569	0.181854	-0.412710	0.043293	0.012364	0.152957	0.988156	0.965909	0.253736	-0.051362	-0.258587	0.955103	-0.144605
58944	9.413062	-0.511787	-0.244222	0.269886	-0.463834	0.044111	0.011554	0.157484	0.987454	0.965201	0.256253	-0.052162	-0.261253	0.953695	-0.149043
58945	9.526062	-0.006701	-0.424947	0.251880	-0.498484	0.048512	0.010674	0.162344	0.986677	0.964535	0.258583	-0.052980	-0.263738	0.952250	-0.153826
58946	9.443726	-0.215359	-0.739582	0.109681	-0.530865	0.061322	0.009832	0.167541	0.985816	0.964238	0.259535	-0.053725	-0.264855	0.951090	-0.158998
58947	9.382283	-0.843562	-1.222004	0.109819	-0.554750	0.070709	0.009001	0.172982	0.984884	0.963940	0.260466	-0.054557	-0.265966	0.949860	-0.164400
58948	9.515885	-0.614320	-1.634125	0.149568	-0.574203	0.073963	0.008153	0.178612	0.983886	0.963534	0.261766	-0.055504	-0.267461	0.948460	-0.169965
58949	9.681741	-0.734885	-2.140975	0.145393	-0.572884	0.085551	0.007400	0.184251	0.982851	0.963138	0.262996	-0.056555	-0.268907	0.947040	-0.175512
58950	9.685654	-1.040718	-2.425125	0.237825	-0.573358	0.101389	0.006798	0.189930	0.981774	0.962487	0.265068	-0.057943	-0.271242	0.945339	-0.181003
58951	9.670574	-1.362942	-2.408020	0.392458	-0.570337	0.116801	0.006324	0.195611	0.980661	0.961408	0.268557	-0.059768	-0.275055	0.943193	-0.186364
58952	9.570543	-0.955874	-1.938593	0.549328	-0.577595	0.134410	0.005981	0.201402	0.979490	0.959873	0.273475	-0.062093	-0.280372	0.940558	-0.191685
58953	9.423026	-0.512729	-1.165184	0.619179	-0.606986	0.144592	0.005608	0.207486	0.978222	0.958110	0.279003	-0.064671	-0.286345	0.937607	-0.197229
58954	9.441428	0.211636	-0.089383	0.570919	-0.651208	0.159828	0.005226	0.214018	0.976816	0.956450	0.284022	-0.067346	-0.291851	0.934627	-0.203213
58955	9.359282	0.582961	0.864754	0.408377	-0.727836	0.163906	0.004615	0.221262	0.975203	0.955242	0.287486	-0.069747	-0.295790	0.931877	-0.210032
58956	9.184601	0.395706	1.631873	0.224692	-0.835535	0.147038	0.003508	0.229446	0.973315	0.954567	0.289259	-0.071630	-0.297975	0.929346	-0.218007
58957	9.228132	-0.205272	2.002451	0.096007	-0.956178	0.131336	0.001869	0.238684	0.971096	0.954277	0.289852	-0.073079	-0.298917	0.926831	-0.227229
58958	9.095786	-0.597581	2.043924	0.079186	-1.106427	0.128898	-0.000242	0.249279	0.968432	0.954037	0.290284	-0.074482	-0.299687	0.923902	-0.237892
58959	9.686226	-0.235329	2.101520	0.194567	-1.268324	0.123552	-0.002916	0.261316	0.965249	0.953454	0.291774	-0.076110	-0.301523	0.920099	-0.250004
58960	10.551288	0.595076	2.302453	0.144490	-1.431666	0.117573	-0.006151	0.274782	0.961487	0.953021	0.292800	-0.077582	-0.302842	0.915840	-0.263674
58961	11.747329	1.155732	2.595829	0.031937	-1.589150	0.099461	-0.010057	0.289575	0.957103	0.952932	0.292824	-0.078582	-0.303018	0.911263	-0.278890
58962	11.674148	-0.712022	1.672767	-0.054196	-1.691301	0.082203	-0.014422	0.305164	0.952191	0.953103	0.292104	-0.079180	-0.302301	0.906394	-0.295066
58963	12.000717	-2.033635	0.584295	0.227917	-1.774201	0.060028	-0.019269	0.321350	0.946764	0.952421	0.293988	-0.080401	-0.304174	0.900170	-0.311725
58964	12.445854	-1.519186	0.184150	0.704311	-1.860603	0.013011	-0.024893	0.338037	0.940804	0.950256	0.300276	-0.082748	-0.310472	0.891945	-0.328696
58965	13.650380	0.038174	0.731988	0.841618	-1.957321	-0.027062	-0.031339	0.355305	0.934225	0.947603	0.307852	-0.085295	-0.317909	0.882602	-0.346335
58966	14.712958	-0.760209	1.225273	0.584065	-2.066318	0.011461	-0.037878	0.373454	0.926875	0.945732	0.312960	-0.087448	-0.322733	0.873263	-0.365042
58967	14.179145	-2.377193	2.139335	0.595842	-2.162011	0.104584	-0.043958	0.392538	0.918685	0.943836	0.317749	-0.090607	-0.327478	0.863105	-0.384459
58968	13.191122	-0.312299	2.427743	0.648473	-2.300532	0.128625	-0.050365	0.412646	0.909498	0.941751	0.322816	-0.094312	-0.332518	0.851771	-0.404868
58969	12.856373	-0.049686	2.249416	0.247546	-2.393483	0.155124	-0.056915	0.433387	0.899409	0.941007	0.324273	-0.096706	-0.333565	0.840846	-0.426277
58970	12.013437	-0.044426	1.817461	-0.167358	-2.540473	0.140164	-0.064059	0.455033	0.888168	0.941642	0.322279	-0.097196	-0.330466	0.830109	-0.449123
