// General information: 
//  MT Manager version: 2022.2.0 
//  XDA version: 2022.2.0 build 7381 rev 124627 built on 2023-07-19
// Device information: 
//  DeviceId: 00B4CB9F
//  ProductCode: MTW2-3A7G6
//  Firmware Version: 4.6.0
//  Hardware Version: 2.0.0
// Device settings: 
//  Filter Profile: human(46.1)
//  Option Flags: Orientation Smoother Disabled, Position/Velocity Smoother Disabled, Continuous Zero Rotation Update Disabled, AHS Disabled, ICC Disabled
// Coordinate system: ENU
PacketCounter	Acc_X	Acc_Y	Acc_Z	Gyr_X	Gyr_Y	Gyr_Z	Mat[1][1]	Mat[2][1]	Mat[3][1]	Mat[1][2]	Mat[2][2]	Mat[3][2]	Mat[1][3]	Mat[2][3]	Mat[3][3]
13597	9.412037	2.217425	0.392402	-0.286788	-0.085468	-0.115719	-0.159585	0.059343	0.985399	0.682821	-0.714257	0.153596	0.712943	0.697363	0.073464
13598	9.433373	1.782805	0.469971	-0.319909	-0.094252	-0.105920	-0.159571	0.060755	0.985315	0.680409	-0.716391	0.154364	0.715249	0.695049	0.072977
13599	9.569192	1.406890	0.646488	-0.303625	-0.092841	-0.093612	-0.159448	0.062112	0.985250	0.678143	-0.718391	0.155036	0.717425	0.692861	0.072425
13600	10.054746	1.245005	0.587122	-0.270491	-0.078040	-0.072070	-0.159313	0.063168	0.985205	0.676126	-0.720187	0.155509	0.719356	0.690898	0.072025
13601	9.886974	1.133768	0.523252	-0.235118	-0.030690	-0.058315	-0.159386	0.063842	0.985150	0.674390	-0.721734	0.155880	0.720968	0.689220	0.071980
13602	10.290136	1.099624	0.642516	-0.199587	0.018879	-0.044876	-0.159762	0.064033	0.985077	0.672919	-0.723050	0.156136	0.722258	0.687821	0.072427
13603	9.978429	0.894245	0.782109	-0.150641	0.067593	-0.039338	-0.160414	0.063890	0.984980	0.671815	-0.724025	0.156375	0.723141	0.686809	0.073221
13604	8.632713	0.978188	0.743169	-0.078131	0.057643	-0.040175	-0.161038	0.063783	0.984885	0.671226	-0.724506	0.156672	0.723548	0.686311	0.073860
13605	9.591921	1.378257	1.028971	-0.051340	0.043310	-0.015028	-0.161350	0.063631	0.984844	0.670876	-0.724815	0.156742	0.723803	0.685999	0.074261
13606	9.350024	1.949519	1.265354	-0.061333	0.043175	-0.008683	-0.161658	0.063394	0.984808	0.670460	-0.725201	0.156740	0.724120	0.685613	0.074731
13607	9.650803	2.453757	0.979285	-0.131314	0.037563	-0.016029	-0.161937	0.063289	0.984769	0.669529	-0.726056	0.156761	0.724919	0.684717	0.075202
13608	9.720322	2.716921	0.618930	-0.213009	0.015529	-0.034334	-0.162217	0.063429	0.984714	0.667969	-0.727462	0.156897	0.726294	0.683210	0.075638
13609	9.906218	2.444067	0.771695	-0.315855	0.026868	-0.059473	-0.162711	0.063716	0.984614	0.665623	-0.729542	0.157206	0.728334	0.680961	0.076293
13610	9.502728	1.996377	0.784703	-0.366251	0.010672	-0.091294	-0.163333	0.064307	0.984473	0.662844	-0.731944	0.157783	0.730726	0.678323	0.076925
13611	9.564179	1.931323	0.848887	-0.376803	-0.033897	-0.111764	-0.163726	0.065392	0.984336	0.659947	-0.734391	0.158558	0.733256	0.675570	0.077084
13612	9.683529	1.837048	1.036357	-0.401865	-0.054671	-0.118667	-0.164044	0.066630	0.984200	0.656842	-0.736992	0.159375	0.735967	0.672609	0.077134
13613	9.604683	1.151044	1.387413	-0.403992	-0.058099	-0.101146	-0.164183	0.067804	0.984097	0.653746	-0.739600	0.160026	0.738688	0.669623	0.077103
13614	9.651401	0.416849	1.623026	-0.332230	-0.055634	-0.071318	-0.164175	0.068699	0.984036	0.651214	-0.741743	0.160431	0.740924	0.667156	0.077037
13615	9.883510	0.287153	1.990533	-0.183961	-0.044432	-0.043413	-0.164029	0.069354	0.984014	0.649823	-0.742908	0.160682	0.742176	0.665791	0.076791
13616	9.831340	0.670156	1.902875	-0.011714	-0.033488	-0.022091	-0.163862	0.069736	0.984015	0.649742	-0.742942	0.160849	0.742284	0.665713	0.076430
13617	9.796039	1.141671	1.507970	0.110348	-0.023553	-0.005880	-0.163629	0.069967	0.984038	0.650599	-0.742169	0.160953	0.741584	0.666551	0.075920
13618	9.545310	1.554388	1.343502	0.172322	-0.009308	0.004057	-0.163471	0.069995	0.984062	0.651925	-0.740994	0.161003	0.740453	0.667854	0.075500
13619	9.176052	1.968097	0.891519	0.221488	-0.027140	-0.004738	-0.163208	0.070238	0.984088	0.653603	-0.739476	0.161177	0.739031	0.669508	0.074781
13620	9.189352	2.595892	0.225861	0.229055	-0.060869	-0.004660	-0.162727	0.070676	0.984137	0.655328	-0.737909	0.161352	0.737607	0.671189	0.073762
13621	9.375186	3.076180	0.035324	0.141044	-0.099006	-0.004012	-0.161929	0.071400	0.984216	0.656407	-0.736927	0.161457	0.736824	0.672191	0.072462
13622	9.299474	3.209071	0.220934	-0.020526	-0.140856	-0.015819	-0.160932	0.072459	0.984302	0.656272	-0.737025	0.161556	0.737162	0.671970	0.071058
13623	9.416083	3.003554	0.075427	-0.168087	-0.198086	-0.036843	-0.159621	0.074095	0.984394	0.655019	-0.738093	0.161768	0.738560	0.670618	0.069282
13624	9.475496	2.591679	0.211210	-0.278409	-0.245531	-0.050614	-0.158074	0.076108	0.984490	0.652922	-0.739891	0.162035	0.740747	0.668408	0.067265
13625	9.571414	2.126945	0.402530	-0.365347	-0.294452	-0.069711	-0.156253	0.078626	0.984583	0.650146	-0.742240	0.162451	0.743569	0.665506	0.064859
13626	9.752503	1.556872	0.484143	-0.399895	-0.314092	-0.059398	-0.154236	0.081148	0.984696	0.647116	-0.744820	0.162740	0.746627	0.662313	0.062366
13627	9.507061	0.853547	0.760863	-0.374800	-0.300536	-0.046142	-0.152196	0.083516	0.984816	0.644287	-0.747226	0.162937	0.749487	0.659302	0.059916
13628	9.407182	0.205232	1.453679	-0.310271	-0.280188	-0.034694	-0.150253	0.085614	0.984934	0.641947	-0.749211	0.163054	0.751883	0.656775	0.057612
13629	9.480833	0.131394	2.299608	-0.201641	-0.257577	-0.022057	-0.148367	0.087502	0.985054	0.640444	-0.750481	0.163127	0.753538	0.655074	0.055306
13630	9.671518	0.538591	2.945538	-0.070300	-0.225694	0.004943	-0.146571	0.088937	0.985194	0.639963	-0.750919	0.162998	0.754297	0.654379	0.053146
13631	9.819579	0.903983	3.106365	0.029430	-0.178186	0.027016	-0.144966	0.089927	0.985342	0.640270	-0.750719	0.162712	0.754347	0.654473	0.051252
13632	9.667079	0.998289	3.146471	0.084718	-0.118997	0.034981	-0.143783	0.090438	0.985468	0.641002	-0.750169	0.162368	0.753952	0.655032	0.049891
13633	9.386445	1.055050	2.705697	0.147972	-0.075473	0.018844	-0.143009	0.090810	0.985547	0.642187	-0.749187	0.162217	0.753090	0.656104	0.048824
13634	9.117202	1.568659	2.191127	0.204130	-0.091970	0.019967	-0.142126	0.091259	0.985633	0.643794	-0.747838	0.162076	0.751884	0.657579	0.047535
13635	8.933365	2.358322	1.984534	0.219677	-0.127893	0.021723	-0.140947	0.091953	0.985738	0.645519	-0.746381	0.161926	0.750625	0.659136	0.045843
13636	8.520884	2.706165	1.732853	0.171270	-0.227585	0.014825	-0.139082	0.093339	0.985872	0.646867	-0.745238	0.161813	0.749813	0.660233	0.043271
13637	9.346630	2.469959	1.196270	0.070252	-0.262632	0.028738	-0.136853	0.094873	0.986038	0.647476	-0.744772	0.161523	0.749698	0.660540	0.040496
13638	9.254307	1.936689	0.671557	0.007224	-0.322689	0.030718	-0.134172	0.096771	0.986222	0.647613	-0.744727	0.161180	0.750063	0.660316	0.037252
13639	9.681206	1.506479	0.729520	-0.010579	-0.334476	0.034793	-0.131368	0.098733	0.986405	0.647621	-0.744802	0.160799	0.750552	0.659941	0.033901
13640	9.571668	1.220307	0.864980	-0.019630	-0.360857	0.039092	-0.128343	0.100817	0.986592	0.647566	-0.744944	0.160364	0.751123	0.659465	0.030322
13641	9.485943	1.398400	0.830358	-0.006896	-0.398467	0.040398	-0.125016	0.103156	0.986777	0.647606	-0.745003	0.159927	0.751650	0.659037	0.026333
13642	9.576231	1.624615	1.008687	0.016758	-0.437330	0.039527	-0.121409	0.105738	0.986955	0.647822	-0.744907	0.159498	0.752055	0.658735	0.021939
13643	9.535373	1.722344	1.255675	0.027955	-0.433117	0.045421	-0.117788	0.108265	0.987119	0.648129	-0.744743	0.159020	0.752366	0.658511	0.017552
13644	9.361397	1.754364	1.025736	0.081333	-0.456492	0.041521	-0.114022	0.110957	0.987263	0.648829	-0.744227	0.158578	0.752343	0.658646	0.012866
13645	9.469363	1.635215	1.145851	0.087630	-0.435132	0.046077	-0.110381	0.113493	0.987388	0.649579	-0.743675	0.158097	0.752238	0.658838	0.008365
13646	9.840723	1.630840	1.671227	0.132848	-0.431058	0.053428	-0.106730	0.115932	0.987506	0.650677	-0.742834	0.157533	0.751817	0.659361	0.003848
13647	9.734064	1.899287	1.834752	0.239483	-0.386632	0.062837	-0.103350	0.118027	0.987618	0.652579	-0.741302	0.156880	0.750639	0.660712	-0.000409
13648	10.483718	2.320792	1.989914	0.321894	-0.358266	0.075135	-0.100109	0.119837	0.987733	0.655109	-0.739236	0.156085	0.748872	0.662699	-0.004502
13649	10.162330	1.968444	1.882443	0.385622	-0.277233	0.126807	-0.097142	0.120750	0.987918	0.658154	-0.736803	0.154774	0.746590	0.665237	-0.007897
13650	10.063098	1.940586	1.903672	0.495647	-0.221847	0.196051	-0.094133	0.120784	0.988206	0.662074	-0.733708	0.152744	0.743504	0.668643	-0.010902
13651	10.551422	2.055143	2.147623	0.569280	-0.132810	0.271893	-0.091288	0.119687	0.988606	0.666584	-0.730192	0.149954	0.739819	0.672678	-0.013124
13652	10.498419	1.785411	2.248208	0.595441	-0.027331	0.328970	-0.088823	0.117472	0.989096	0.671312	-0.726537	0.146574	0.735833	0.677011	-0.014327
13653	9.922550	0.997942	2.482419	0.585194	0.066629	0.366635	-0.086795	0.114361	0.989640	0.675964	-0.722961	0.142828	0.731806	0.681358	-0.014554
13654	10.187308	0.697797	2.642832	0.630615	0.158637	0.401551	-0.085165	0.110378	0.990234	0.680948	-0.719074	0.138718	0.727363	0.686112	-0.013922
13655	10.691409	0.784382	2.440306	0.668920	0.275395	0.464403	-0.083946	0.105144	0.990908	0.686225	-0.714941	0.133995	0.722529	0.691234	-0.012136
13656	10.944932	0.809101	2.130932	0.655511	0.425028	0.499880	-0.083500	0.098629	0.991615	0.691401	-0.710875	0.128926	0.717630	0.696369	-0.008834
13657	10.648842	0.510514	1.813791	0.632792	0.546654	0.521202	-0.083755	0.091101	0.992313	0.696396	-0.706920	0.123678	0.712753	0.701402	-0.004234
13658	11.322448	0.288494	2.090369	0.654989	0.600884	0.550702	-0.084110	0.082988	0.992995	0.701548	-0.702759	0.118155	0.707641	0.706571	0.000890
13659	12.188750	0.407050	2.867642	0.633620	0.666580	0.573350	-0.084738	0.074225	0.993635	0.706534	-0.698689	0.112446	0.702588	0.711565	0.006763
13660	11.524899	0.622381	3.869681	0.587452	0.752468	0.582115	-0.085817	0.064796	0.994202	0.711180	-0.694869	0.106675	0.697752	0.716211	0.013550
13661	11.261477	0.947685	4.677423	0.514024	0.838159	0.589786	-0.087410	0.054661	0.994672	0.715300	-0.691501	0.100860	0.693330	0.720304	0.021345
13662	11.159508	1.022070	5.123238	0.407869	0.978298	0.595750	-0.089840	0.043486	0.995006	0.718684	-0.688817	0.094995	0.689508	0.723630	0.030630
13663	11.392226	0.958293	5.324171	0.277320	1.152156	0.605834	-0.093383	0.030930	0.995150	0.721182	-0.687002	0.089027	0.686423	0.725997	0.041848
13664	10.622334	0.655630	5.094710	0.112591	1.409352	0.607309	-0.098594	0.016521	0.994991	0.722573	-0.686295	0.082995	0.684228	0.727136	0.055727
13665	11.348607	0.533966	5.383611	-0.097221	1.613428	0.605634	-0.105238	0.000587	0.994447	0.722559	-0.687022	0.076871	0.683252	0.726636	0.071877
13666	10.628427	0.375572	5.373442	-0.309188	1.800685	0.553199	-0.113488	-0.016284	0.993406	0.721088	-0.689187	0.071080	0.683485	0.724400	0.089957
13667	9.078322	0.109991	5.218634	-0.495783	1.796612	0.459805	-0.122467	-0.032500	0.991940	0.718274	-0.692624	0.065986	0.684897	0.720566	0.108167
13668	10.181004	0.159273	4.382752	-0.669871	1.714406	0.367304	-0.131538	-0.047361	0.990179	0.714182	-0.697251	0.061523	0.687489	0.715261	0.125539
13669	10.313418	-0.123099	2.694834	-0.774176	1.661938	0.330139	-0.140642	-0.061574	0.988144	0.709333	-0.702550	0.057181	0.690700	0.708965	0.142485
13670	11.212372	-0.309923	1.141479	-0.692720	1.597535	0.373571	-0.148992	-0.075487	0.985953	0.705120	-0.707149	0.052412	0.693259	0.703024	0.158587
13671	12.328474	-0.095945	-0.116902	-0.568038	1.546312	0.423338	-0.156745	-0.089388	0.983586	0.701862	-0.710744	0.047257	0.694853	0.697748	0.174144
13672	13.102576	-0.069036	-1.119855	-0.437204	1.534878	0.416074	-0.164437	-0.103027	0.980992	0.699531	-0.713347	0.042339	0.695426	0.693196	0.189372
13673	13.125586	0.276601	-1.580344	-0.215590	1.525810	0.371013	-0.172437	-0.116293	0.978132	0.698697	-0.714395	0.038239	0.694326	0.690011	0.204442
13674	13.501249	1.402702	-1.893225	-0.059639	1.585911	0.294514	-0.181309	-0.129324	0.974886	0.698845	-0.714406	0.035202	0.691912	0.687676	0.219906
13675	12.480366	2.080584	-1.986933	-0.147949	1.609594	0.294158	-0.190357	-0.142523	0.971314	0.698410	-0.714984	0.031963	0.689919	0.684460	0.235642
13676	11.274574	1.904525	-1.999541	-0.354222	1.642745	0.389132	-0.198909	-0.156515	0.967439	0.696766	-0.716779	0.027295	0.689168	0.679508	0.251628
13677	10.412081	1.451652	-1.893513	-0.470897	1.668059	0.439426	-0.207322	-0.170994	0.963213	0.694455	-0.719206	0.021797	0.689021	0.673427	0.267855
13678	9.791231	1.114748	-1.685012	-0.452279	1.718189	0.414520	-0.216220	-0.185501	0.958561	0.692259	-0.721459	0.016534	0.688495	0.667148	0.284409
13679	9.228226	1.082443	-1.366344	-0.364083	1.721495	0.363506	-0.225516	-0.199590	0.953576	0.690600	-0.723138	0.011966	0.687178	0.661238	0.300916
13680	8.935225	1.064977	-1.188132	-0.322715	1.702669	0.325530	-0.234894	-0.213160	0.948360	0.689177	-0.724550	0.007844	0.685463	0.655431	0.317098
13681	8.516626	0.941859	-1.027907	-0.326497	1.652377	0.302006	-0.244089	-0.226151	0.943014	0.687708	-0.725977	0.003904	0.683724	0.649472	0.332729
13682	8.101169	0.938314	-1.023436	-0.331202	1.578861	0.258821	-0.253032	-0.238244	0.937665	0.686133	-0.727476	0.000317	0.682053	0.643443	0.347541
13683	7.979903	0.845380	-1.064400	-0.328163	1.499092	0.190939	-0.261891	-0.249246	0.932357	0.684432	-0.729071	-0.002651	0.680415	0.637441	0.361530
13684	7.620414	0.953200	-1.023053	-0.311355	1.441106	0.119460	-0.270807	-0.259268	0.927062	0.682679	-0.730702	-0.004933	0.678685	0.631550	0.374876
13685	6.544986	1.649362	-0.629487	-0.308641	1.309734	0.117313	-0.278836	-0.268363	0.922080	0.680953	-0.732292	-0.007207	0.677166	0.625883	0.386932
13686	6.476257	1.735558	-0.185134	-0.411939	1.125035	0.187426	-0.285117	-0.276751	0.917669	0.678737	-0.734305	-0.010570	0.676775	0.619843	0.397204
13687	7.021529	0.832632	0.305824	-0.587335	1.009361	0.230846	-0.290338	-0.284664	0.913603	0.675467	-0.737236	-0.015051	0.677826	0.612739	0.406329
13688	7.420200	-0.517587	1.060242	-0.769497	0.938085	0.228342	-0.295110	-0.292068	0.909729	0.670956	-0.741219	-0.020314	0.680241	0.604393	0.414706
13689	7.144355	-1.647592	1.955758	-0.848093	0.838176	0.215818	-0.299326	-0.298693	0.906193	0.665859	-0.745630	-0.025828	0.683400	0.595666	0.422074
13690	6.674887	-2.350626	2.566008	-0.805665	0.663926	0.239432	-0.302226	-0.304419	0.903321	0.661106	-0.749634	-0.031440	0.686731	0.587689	0.427812
13691	6.074735	-2.925828	2.968613	-0.652808	0.422665	0.255199	-0.303391	-0.308802	0.901441	0.657431	-0.752628	-0.036557	0.689738	0.581544	0.431356
13692	6.083937	-3.131618	3.084686	-0.400326	0.153011	0.261102	-0.302673	-0.311665	0.900696	0.655503	-0.754097	-0.040660	0.691885	0.578102	0.432542
13693	6.513180	-3.059839	2.951652	-0.138475	-0.080041	0.257103	-0.300368	-0.313142	0.900956	0.655365	-0.754053	-0.043593	0.693019	0.577361	0.431716
13694	7.192901	-2.856183	2.706099	0.082709	-0.251298	0.224573	-0.297092	-0.313391	0.901955	0.656655	-0.752830	-0.045282	0.693210	0.578821	0.429450
13695	8.054157	-2.512358	2.719899	0.260640	-0.356337	0.143602	-0.293607	-0.312408	0.903436	0.658931	-0.750826	-0.045490	0.692535	0.581946	0.426303
13696	8.836085	-1.915376	3.245390	0.313270	-0.402146	0.026614	-0.290587	-0.310268	0.905148	0.661223	-0.748873	-0.044422	0.691623	0.585596	0.422770
13697	9.665147	-1.760343	4.615862	0.290418	-0.382673	-0.070877	-0.288334	-0.307498	0.906812	0.663071	-0.747344	-0.042589	0.690796	0.589001	0.419378
13698	10.113158	-1.723463	6.027971	0.326469	-0.305590	-0.202898	-0.287512	-0.304186	0.908189	0.664786	-0.745994	-0.039405	0.689490	0.592422	0.416701
13699	9.755031	-0.777331	7.140303	0.434886	-0.159917	-0.349581	-0.288661	-0.300641	0.909005	0.666818	-0.744424	-0.034456	0.687044	0.596195	0.415359
13700	8.441669	0.320679	8.611481	0.428858	0.016966	-0.443213	-0.291676	-0.297454	0.909091	0.668517	-0.743144	-0.028667	0.684112	0.599382	0.415610
13701	7.400116	1.491558	9.176892	0.156836	0.072730	-0.436083	-0.295017	-0.294665	0.908921	0.668357	-0.743451	-0.024086	0.682836	0.600378	0.416271
13702	7.883006	1.507205	8.593966	-0.211337	0.079341	-0.378348	-0.298022	-0.292331	0.908694	0.665836	-0.745787	-0.021550	0.683992	0.598619	0.416905
13703	6.323378	0.804583	8.009157	-0.537018	0.057772	-0.288698	-0.300276	-0.290538	0.908527	0.661337	-0.749789	-0.021197	0.687363	0.594478	0.417287
13704	5.292672	-0.331942	6.388717	-0.677879	-0.199197	-0.164284	-0.299924	-0.288131	0.909410	0.656213	-0.754238	-0.022548	0.692408	0.590004	0.415290
13705	6.337517	-0.884047	4.554310	-0.623196	-0.436259	-0.084799	-0.297397	-0.284951	0.911240	0.651676	-0.758106	-0.024381	0.697763	0.586582	0.411155
13706	6.908876	-1.172462	2.681224	-0.437114	-0.605642	-0.089669	-0.293680	-0.280731	0.913752	0.648397	-0.760880	-0.025370	0.702377	0.585023	0.405480
13707	6.723602	-0.948197	0.811782	-0.142745	-0.820614	-0.195713	-0.289121	-0.274466	0.917103	0.646869	-0.762217	-0.024184	0.705669	0.586253	0.397917
13708	7.162960	-0.287088	-1.514458	0.141016	-1.002371	-0.339024	-0.284170	-0.265995	0.921137	0.646940	-0.762264	-0.020537	0.707613	0.590085	0.388696
13709	8.356391	0.439151	-3.493591	0.234186	-1.080483	-0.458096	-0.279424	-0.256129	0.925376	0.647355	-0.762032	-0.015445	0.709121	0.594731	0.378737
13710	9.693385	1.574902	-3.422791	-0.004721	-1.079550	-0.550325	-0.275250	-0.245505	0.929497	0.645842	-0.763401	-0.010383	0.712128	0.597450	0.368684
13711	11.331323	2.002513	-1.453260	-0.420163	-1.072784	-0.589650	-0.271307	-0.234599	0.933464	0.641273	-0.767286	-0.006452	0.717747	0.596855	0.358612
13712	12.702951	1.185917	1.142980	-0.693858	-1.044057	-0.593068	-0.267498	-0.223825	0.937202	0.634716	-0.772738	-0.003385	0.724969	0.593952	0.348771
13713	13.820791	-0.193326	3.249970	-0.855416	-0.974495	-0.556972	-0.263834	-0.213739	0.940589	0.627048	-0.778980	-0.001129	0.732941	0.589496	0.339546
13714	14.269949	-2.553151	4.585973	-0.920226	-0.891126	-0.469865	-0.260133	-0.204844	0.943594	0.619081	-0.785327	0.000184	0.740992	0.584209	0.331105
13715	14.038068	-5.073451	4.965379	-0.748838	-0.815761	-0.350169	-0.256139	-0.197341	0.946282	0.612651	-0.790353	0.001009	0.747698	0.579999	0.323341
13716	13.657368	-6.413701	4.834886	-0.379793	-0.718537	-0.247960	-0.252205	-0.191227	0.948591	0.609220	-0.792998	0.002115	0.751827	0.578434	0.316498
13717	12.288018	-5.227812	4.672897	0.133695	-0.592268	-0.263922	-0.249270	-0.185720	0.950459	0.609613	-0.792683	0.004989	0.752487	0.580656	0.310810
13718	9.635228	-2.377242	2.983099	0.669375	-0.598429	-0.380723	-0.247043	-0.179224	0.952286	0.613743	-0.789434	0.010643	0.749859	0.587088	0.305022
13719	8.124419	-0.089886	0.164013	1.061284	-0.732892	-0.462034	-0.244321	-0.171277	0.954448	0.620591	-0.783923	0.018184	0.745100	0.596765	0.297822
13720	8.261199	1.398061	-1.489000	1.244524	-0.811552	-0.460533	-0.241114	-0.162803	0.956744	0.628756	-0.777160	0.026211	0.739276	0.607879	0.289748
13721	8.622195	2.603950	-1.143603	1.223112	-0.831632	-0.436603	-0.237652	-0.154343	0.959010	0.636768	-0.770313	0.033823	0.733517	0.618705	0.281347
13722	9.071967	3.670036	-0.098101	1.040799	-0.851057	-0.456014	-0.234287	-0.145546	0.961211	0.643348	-0.764473	0.041055	0.728844	0.628011	0.272742
13723	9.520726	4.148944	0.877771	0.735327	-0.879372	-0.522877	-0.231162	-0.136011	0.963361	0.647529	-0.760527	0.048003	0.726133	0.634901	0.263876
13724	9.027854	3.522686	1.464341	0.359972	-0.940995	-0.591088	-0.228100	-0.125533	0.965511	0.648830	-0.758971	0.054605	0.725941	0.638908	0.254571
13725	9.094568	2.061054	1.652851	0.012224	-0.994496	-0.603229	-0.224682	-0.114587	0.967671	0.647602	-0.759580	0.060419	0.728100	0.640241	0.244871
13726	8.048314	0.315597	2.033864	-0.156605	-1.009481	-0.530227	-0.220682	-0.104099	0.969775	0.645323	-0.761127	0.065147	0.731340	0.640194	0.235145
13727	8.273627	-0.315127	2.548407	-0.118038	-1.040557	-0.413712	-0.215625	-0.094278	0.971914	0.643603	-0.762257	0.068846	0.734357	0.640372	0.225039
13728	9.987881	0.100991	2.519813	-0.136366	-0.964967	-0.308423	-0.210445	-0.085754	0.973837	0.641987	-0.763373	0.071512	0.737269	0.640240	0.215701
13729	10.670747	0.880258	2.471588	-0.246200	-0.868164	-0.275019	-0.205694	-0.078094	0.975495	0.639644	-0.765137	0.073623	0.740638	0.639114	0.207337
13730	10.940156	0.977279	2.412819	-0.446324	-0.783837	-0.300122	-0.201724	-0.070801	0.976880	0.635761	-0.768174	0.075609	0.745060	0.636315	0.199972
13731	10.640228	0.431420	2.426740	-0.508853	-0.697226	-0.322712	-0.198460	-0.063888	0.978024	0.631361	-0.771585	0.077713	0.749664	0.632910	0.193466
13732	10.301534	0.191528	2.251874	-0.358449	-0.616111	-0.322557	-0.195801	-0.057511	0.978956	0.628076	-0.774013	0.080150	0.753115	0.630553	0.187673
13733	10.048082	0.618525	2.157889	-0.156416	-0.542885	-0.325012	-0.193648	-0.051571	0.979715	0.626313	-0.775141	0.082993	0.755137	0.629680	0.182404
13734	9.416528	1.445737	1.756708	0.047719	-0.477981	-0.339284	-0.192100	-0.045937	0.980300	0.626063	-0.774974	0.086368	0.755740	0.630321	0.177632
13735	9.765955	2.254803	1.946081	0.161777	-0.435497	-0.345044	-0.190874	-0.040515	0.980778	0.626674	-0.774069	0.089984	0.755544	0.631804	0.173139
13736	9.285021	2.479493	1.925138	0.206058	-0.403034	-0.331741	-0.189849	-0.035406	0.981175	0.627643	-0.772859	0.093554	0.754998	0.633589	0.168949
13737	9.221812	2.656273	1.652290	0.252005	-0.419771	-0.298852	-0.188466	-0.030430	0.981608	0.629028	-0.771325	0.096861	0.754191	0.635714	0.164510
13738	9.476101	2.765323	1.125531	0.261204	-0.444448	-0.241291	-0.186574	-0.025747	0.982103	0.630588	-0.769698	0.099616	0.753358	0.637889	0.159842
13739	9.425220	2.471994	0.600095	0.239091	-0.434136	-0.153625	-0.184185	-0.021783	0.982650	0.632151	-0.768174	0.101460	0.752636	0.639871	0.155256
13740	9.775805	2.738716	0.309531	0.204339	-0.443814	-0.114563	-0.181509	-0.018067	0.983223	0.633523	-0.766856	0.102861	0.752132	0.641565	0.150637
13741	9.374452	2.477207	0.341911	0.120401	-0.471814	-0.109024	-0.178562	-0.014187	0.983826	0.634279	-0.766067	0.104073	0.752200	0.642604	0.145789
13742	9.488880	2.279333	0.634233	0.025070	-0.495290	-0.120876	-0.175540	-0.010084	0.984421	0.634297	-0.765890	0.105261	0.752896	0.642893	0.140840
13743	9.471960	2.121319	1.006246	-0.070763	-0.525503	-0.141561	-0.172388	-0.005603	0.985013	0.633564	-0.766322	0.106522	0.754240	0.642432	0.135655
13744	9.267884	1.906660	1.554583	-0.149425	-0.559810	-0.153159	-0.169068	-0.000842	0.985604	0.632218	-0.767256	0.107793	0.756120	0.641341	0.130251
13745	9.140136	1.452872	2.120040	-0.239043	-0.604228	-0.156193	-0.165391	0.004248	0.986219	0.630192	-0.768751	0.108996	0.758620	0.639534	0.124468
13746	9.071429	1.174557	2.378196	-0.269676	-0.693688	-0.146607	-0.160979	0.009798	0.986909	0.627946	-0.770433	0.110076	0.761426	0.637446	0.117871
13747	9.914455	1.134328	2.413030	-0.271368	-0.702096	-0.099225	-0.156162	0.015051	0.987617	0.625764	-0.772116	0.110713	0.764221	0.635304	0.111157
13748	8.903667	0.950787	2.621645	-0.247343	-0.688522	-0.084018	-0.151354	0.020060	0.988276	0.623784	-0.773641	0.111236	0.766802	0.633307	0.104581
13749	9.050355	0.803610	2.557170	-0.217632	-0.743735	-0.085307	-0.146093	0.025440	0.988944	0.622030	-0.774966	0.111826	0.769243	0.631490	0.097393
13750	9.624813	0.810760	1.665307	-0.171647	-0.731123	-0.078338	-0.140886	0.030652	0.989551	0.620639	-0.775999	0.112399	0.771336	0.629989	0.090304
13751	10.009441	1.078961	1.719483	-0.145911	-0.675347	-0.053853	-0.135926	0.035333	0.990089	0.619481	-0.776869	0.112771	0.773154	0.628670	0.083709
13752	9.483579	1.409416	1.651227	-0.136001	-0.626599	-0.029057	-0.131194	0.039486	0.990570	0.618433	-0.777684	0.112907	0.774809	0.627414	0.077608
13753	9.349020	1.595686	1.250064	-0.156536	-0.615943	-0.051059	-0.126656	0.043755	0.990981	0.617196	-0.778615	0.113262	0.776548	0.625975	0.071611
13754	9.640746	1.641034	1.320900	-0.186785	-0.623280	-0.096999	-0.122346	0.048399	0.991307	0.615665	-0.779710	0.114053	0.778452	0.624267	0.065596
13755	9.775910	1.516784	1.199370	-0.182687	-0.568143	-0.121599	-0.118592	0.052901	0.991533	0.614138	-0.780759	0.115109	0.780237	0.622589	0.060103
13756	9.395962	1.206658	0.864360	-0.101264	-0.571178	-0.133737	-0.114890	0.057490	0.991713	0.613233	-0.781288	0.116335	0.781502	0.621517	0.054507
13757	9.111540	0.641024	1.152209	0.000368	-0.589505	-0.111775	-0.110894	0.062037	0.991894	0.613153	-0.781191	0.117410	0.782142	0.621202	0.048591
13758	9.272887	0.459271	1.247353	0.121667	-0.637523	-0.075333	-0.106308	0.066579	0.992102	0.614064	-0.780360	0.118169	0.782064	0.621776	0.042075
13759	9.343660	0.409728	1.366339	0.226470	-0.645262	-0.030171	-0.101378	0.070839	0.992323	0.615845	-0.778902	0.118520	0.781318	0.623132	0.035337
13760	9.215035	0.492572	1.992340	0.342055	-0.619586	0.014490	-0.096390	0.074586	0.992545	0.618571	-0.776751	0.118442	0.779794	0.625376	0.028734
13761	9.846670	0.934264	2.674710	0.433065	-0.624331	0.039255	-0.091215	0.078200	0.992756	0.622021	-0.774039	0.118123	0.777669	0.628290	0.021961
13762	9.301388	1.020295	3.019998	0.472612	-0.516334	0.044470	-0.086866	0.081102	0.992913	0.625771	-0.771071	0.117728	0.775155	0.631563	0.016229
13763	9.809111	1.104125	3.395928	0.538981	-0.473900	0.065430	-0.082724	0.083601	0.993060	0.630036	-0.767684	0.117111	0.772147	0.635352	0.010834
13764	9.804096	0.987563	3.091531	0.612934	-0.361462	0.095500	-0.079273	0.085167	0.993208	0.634876	-0.763831	0.116171	0.768537	0.639773	0.006481
13765	9.306623	0.920480	2.665467	0.647178	-0.234243	0.134357	-0.076562	0.085643	0.993380	0.639980	-0.759763	0.114827	0.764568	0.644535	0.003359
13766	9.683178	1.018382	2.643188	0.695472	-0.141233	0.191678	-0.074191	0.085099	0.993607	0.645466	-0.755400	0.112893	0.760177	0.649715	0.001115
13767	9.663716	1.156229	2.454927	0.781059	-0.045418	0.239987	-0.072237	0.083580	0.993879	0.651597	-0.750479	0.110470	0.755118	0.655589	-0.000248
13768	10.022691	1.483109	2.372601	0.879368	-0.008927	0.288016	-0.070220	0.081480	0.994198	0.658455	-0.744895	0.107555	0.749337	0.662188	-0.001344
13769	10.133118	1.679822	2.356969	0.953203	0.040269	0.325043	-0.068320	0.078790	0.994547	0.665829	-0.738783	0.104266	0.742970	0.669322	-0.001987
13770	9.993006	1.930480	2.070315	1.062599	0.079119	0.369715	-0.066365	0.075534	0.994932	0.673973	-0.731886	0.100520	0.735769	0.677228	-0.002336
13771	10.752970	2.222972	1.720565	1.194759	0.101883	0.423510	-0.064194	0.071745	0.995355	0.683025	-0.724027	0.096238	0.727568	0.686031	-0.002525
13772	11.314299	2.325488	1.803413	1.243723	0.148970	0.483328	-0.061885	0.067234	0.995816	0.692362	-0.715744	0.091351	0.718892	0.695119	-0.002256
13773	11.611154	2.271674	2.150618	1.244390	0.182367	0.524453	-0.059495	0.062215	0.996288	0.701604	-0.707349	0.086069	0.710079	0.704121	-0.001566
13774	12.517570	2.879580	2.427230	1.184130	0.248628	0.576299	-0.057118	0.056399	0.996773	0.710334	-0.699272	0.080270	0.701543	0.712627	-0.000121
13775	13.944625	3.304600	2.629817	0.940768	0.432515	0.605200	-0.055787	0.049078	0.997236	0.717274	-0.692826	0.074222	0.694554	0.719432	0.003448
13776	14.461461	3.071853	3.827209	0.547170	0.640471	0.558457	-0.056141	0.040599	0.997597	0.721411	-0.689097	0.068642	0.690228	0.723531	0.009398
13777	12.885440	2.208887	5.087179	0.077068	0.824896	0.453867	-0.058534	0.031487	0.997789	0.722233	-0.688673	0.064101	0.689169	0.724388	0.017569
13778	11.417316	1.138819	6.231386	-0.313364	0.946525	0.344230	-0.062519	0.022265	0.997795	0.720314	-0.691000	0.060552	0.690825	0.722512	0.027162
13779	10.198737	0.478418	6.740808	-0.521866	1.088918	0.265860	-0.068138	0.012552	0.997597	0.716905	-0.694779	0.057708	0.693833	0.719114	0.038342
13780	10.319766	0.132930	6.494658	-0.674729	1.302389	0.232789	-0.075473	0.001593	0.997147	0.712413	-0.699598	0.055039	0.697690	0.714534	0.051666
13781	10.010968	-0.414555	5.678257	-0.825435	1.514180	0.234807	-0.084407	-0.010867	0.996372	0.706854	-0.705432	0.052187	0.702306	0.708694	0.067224
13782	9.693676	-1.358823	5.534089	-0.989430	1.635374	0.216314	-0.094353	-0.023932	0.995251	0.700108	-0.712337	0.049243	0.707775	0.701430	0.083966
13783	9.721583	-2.332774	4.678191	-1.116783	1.551365	0.186969	-0.104086	-0.036135	0.993912	0.692387	-0.720037	0.046331	0.713979	0.692994	0.099966
13784	10.309627	-2.789242	2.484259	-1.232445	1.569603	0.212375	-0.113822	-0.048479	0.992318	0.683816	-0.728395	0.042851	0.720722	0.683440	0.116058
13785	10.725288	-3.170258	0.663842	-1.210332	1.590752	0.284238	-0.123411	-0.061414	0.990453	0.675427	-0.736421	0.038496	0.727027	0.673730	0.132364
13786	11.244587	-3.206425	-0.934086	-0.854603	1.530978	0.386045	-0.131912	-0.074531	0.988456	0.669731	-0.741851	0.033441	0.730794	0.666410	0.147775
13787	12.230563	-2.986137	-1.928710	-0.442763	1.606273	0.450076	-0.140644	-0.088607	0.986087	0.667145	-0.744391	0.028265	0.731530	0.661839	0.163808
13788	11.951505	-2.252832	-2.425301	0.046032	1.579187	0.441462	-0.149165	-0.102340	0.983502	0.668162	-0.743630	0.023959	0.728910	0.660712	0.179303
13789	12.621907	-0.870278	-2.663132	0.516761	1.589882	0.376052	-0.158168	-0.115712	0.980609	0.672532	-0.739765	0.021184	0.722969	0.662841	0.194827
13790	13.473174	0.844310	-2.502089	0.702006	1.607668	0.359460	-0.167242	-0.129049	0.977434	0.678208	-0.734623	0.019052	0.715587	0.666089	0.210382
13791	12.759644	2.077017	-1.968639	0.558065	1.626051	0.404297	-0.176043	-0.142909	0.973954	0.682918	-0.730314	0.016279	0.708965	0.667996	0.226161
13792	12.153182	2.252632	-1.595612	0.261744	1.651141	0.458603	-0.184509	-0.157282	0.970164	0.685636	-0.727839	0.012400	0.704173	0.667467	0.242131
13793	11.282414	1.765262	-1.379229	0.077502	1.685918	0.461480	-0.193148	-0.171911	0.965992	0.687093	-0.726524	0.008088	0.700426	0.665289	0.258445
13794	10.376507	1.472268	-1.439760	0.024774	1.715814	0.421483	-0.202175	-0.186366	0.961454	0.688141	-0.725565	0.004060	0.696841	0.662437	0.274938
13795	9.719377	1.311162	-1.524850	-0.041641	1.744223	0.379236	-0.211650	-0.200668	0.956523	0.688679	-0.725067	0.000273	0.693488	0.658795	0.291656
13796	9.144295	0.612433	-1.514364	-0.175612	1.713801	0.385938	-0.220794	-0.214721	0.951391	0.688340	-0.725378	-0.003965	0.690969	0.654005	0.307960
13797	9.209254	-0.537170	-1.741828	-0.287160	1.654416	0.421220	-0.229268	-0.228571	0.946146	0.687349	-0.726273	-0.008897	0.689194	0.648292	0.323619
13798	8.679254	-1.348663	-1.570736	-0.278493	1.594711	0.437239	-0.237179	-0.242046	0.940829	0.686495	-0.727001	-0.013972	0.687365	0.642560	0.338593
13799	8.263666	-1.503195	-1.361902	-0.184231	1.529029	0.424369	-0.244702	-0.254931	0.935484	0.686297	-0.727084	-0.018619	0.684922	0.637464	0.352877
13800	7.789458	-1.234081	-1.202500	-0.060955	1.473512	0.380070	-0.252100	-0.267060	0.930121	0.686868	-0.726437	-0.022409	0.681659	0.633220	0.366570
13801	7.398643	-0.767057	-0.915487	0.024649	1.402738	0.330391	-0.259300	-0.278325	0.924824	0.687924	-0.725338	-0.025412	0.677882	0.629619	0.379547
13802	7.288746	-0.296747	-0.383144	0.076902	1.310878	0.287400	-0.266120	-0.288647	0.919708	0.689243	-0.723997	-0.027790	0.673888	0.626507	0.391618
13803	7.361978	-0.320769	0.162246	0.063554	1.208454	0.255560	-0.272407	-0.298053	0.914854	0.690402	-0.722807	-0.029911	0.670178	0.623470	0.402674
13804	7.319392	-0.787676	0.649486	-0.022164	1.144628	0.250554	-0.278270	-0.306985	0.910124	0.690988	-0.722144	-0.032310	0.667159	0.619894	0.413074
13805	6.828732	-1.130181	1.208184	-0.103588	1.045423	0.256220	-0.283387	-0.315296	0.905693	0.691062	-0.721943	-0.035098	0.664925	0.615944	0.422478
13806	5.779010	-0.862108	2.021017	-0.087249	0.810113	0.296871	-0.286654	-0.322422	0.902150	0.691373	-0.721489	-0.038175	0.663199	0.612779	0.429731
13807	5.817753	-0.778165	2.637364	-0.065869	0.530255	0.305190	-0.287978	-0.327868	0.899762	0.691858	-0.720855	-0.041239	0.662119	0.610631	0.434428
13808	6.124206	-0.679241	2.652340	-0.115398	0.313370	0.257596	-0.288210	-0.331641	0.898304	0.691880	-0.720665	-0.044078	0.661995	0.608815	0.437159
13809	6.191840	-0.591736	2.308340	-0.204264	0.140923	0.212809	-0.287592	-0.334034	0.897615	0.691184	-0.721154	-0.046914	0.662989	0.606925	0.438277
13810	6.285002	-0.684770	2.127703	-0.245004	-0.026125	0.187688	-0.286062	-0.335236	0.897656	0.690140	-0.721967	-0.049692	0.664737	0.605293	0.437887
13811	6.666373	-1.111584	2.222242	-0.229751	-0.202110	0.123156	-0.283786	-0.334905	0.898501	0.689006	-0.722900	-0.051834	0.666885	0.604363	0.435900
13812	7.569589	-1.528733	3.151502	-0.208549	-0.388974	-0.027236	-0.281314	-0.332364	0.900221	0.687580	-0.724207	-0.052514	0.669400	0.604201	0.432256
13813	9.333251	-2.176027	3.885796	-0.143250	-0.444214	-0.226155	-0.279804	-0.328041	0.902274	0.686030	-0.725775	-0.051127	0.671620	0.604681	0.428121
13814	9.036168	-1.644525	4.708765	0.059110	-0.345810	-0.429120	-0.280362	-0.322837	0.903976	0.685269	-0.726770	-0.047020	0.672163	0.606284	0.424990
13815	7.411668	0.126406	5.107194	0.266891	-0.314252	-0.543604	-0.281891	-0.316981	0.905572	0.685579	-0.726842	-0.041009	0.671207	0.609281	0.422206
13816	5.988179	1.727908	5.368435	0.291136	-0.383867	-0.516509	-0.282798	-0.310888	0.907399	0.686118	-0.726642	-0.035124	0.670274	0.612650	0.418799
13817	5.857962	2.152937	6.147724	0.042574	-0.579703	-0.396055	-0.281544	-0.304456	0.909967	0.685331	-0.727555	-0.031383	0.671606	0.614793	0.413492
13818	7.620501	1.562082	7.574157	-0.427579	-0.765716	-0.264332	-0.278128	-0.297830	0.913204	0.681753	-0.730936	-0.030749	0.676651	0.614028	0.406340
13819	9.649789	0.550649	7.468464	-0.812475	-0.766696	-0.166015	-0.273967	-0.291925	0.916363	0.675812	-0.736356	-0.032532	0.684267	0.610376	0.399024
13820	10.209799	-0.974413	6.786479	-0.907801	-0.625838	-0.158383	-0.270664	-0.286957	0.918911	0.669178	-0.742292	-0.034696	0.692056	0.605524	0.392937
13821	8.734886	-2.691386	5.206442	-0.739272	-0.573754	-0.208867	-0.268001	-0.281949	0.921238	0.663521	-0.747306	-0.035689	0.698510	0.601696	0.387358
13822	7.249931	-3.202707	3.279601	-0.459945	-0.696066	-0.263371	-0.264803	-0.275801	0.924020	0.659640	-0.750764	-0.035050	0.703388	0.600239	0.380734
13823	6.883992	-2.221067	1.336582	-0.285789	-0.884276	-0.323718	-0.260626	-0.268076	0.927475	0.656820	-0.753318	-0.033167	0.707574	0.600540	0.372412
13824	7.556252	-0.493168	-1.173237	-0.148886	-1.118877	-0.411265	-0.255324	-0.258252	0.931727	0.654748	-0.755255	-0.029916	0.711418	0.602408	0.361924
13825	10.510139	0.082716	-3.371856	0.045594	-1.338911	-0.463487	-0.248735	-0.246675	0.936634	0.653951	-0.756108	-0.025466	0.714478	0.606178	0.349384
13826	14.302631	-0.921518	-2.669001	0.152244	-1.328640	-0.449078	-0.242103	-0.235203	0.941311	0.653983	-0.756224	-0.020753	0.716723	0.610577	0.336903
13827	16.618703	-1.266370	1.255565	0.051564	-1.026416	-0.390362	-0.237198	-0.225974	0.944814	0.653464	-0.756768	-0.016945	0.718834	0.613383	0.327169
13828	15.217173	-0.914593	5.265340	-0.145426	-0.729942	-0.385856	-0.234397	-0.218579	0.947249	0.651552	-0.758479	-0.013793	0.721483	0.613949	0.320201
13829	12.927708	-1.050987	6.315432	-0.226933	-0.702474	-0.453585	-0.232173	-0.210824	0.949552	0.648899	-0.760805	-0.010257	0.724586	0.613782	0.313442
13830	11.176615	-1.784465	4.909888	-0.221845	-0.782147	-0.484477	-0.229569	-0.202340	0.952028	0.646214	-0.763129	-0.006366	0.727808	0.613753	0.305946
13831	10.937837	-2.116770	2.924766	-0.028542	-0.769887	-0.418586	-0.226567	-0.194422	0.954394	0.645099	-0.764095	-0.002513	0.729736	0.615109	0.298540
13832	9.985482	-1.331836	0.696377	0.332767	-0.725903	-0.383034	-0.223685	-0.187026	0.956549	0.646709	-0.762734	0.002099	0.729200	0.619078	0.291563
13833	8.555666	-0.254506	-1.070846	0.610702	-0.818561	-0.413569	-0.220308	-0.178794	0.958904	0.650285	-0.759651	0.007761	0.727045	0.625271	0.283624
13834	9.336619	0.333409	-1.428086	0.660017	-0.912718	-0.379821	-0.216098	-0.170185	0.961425	0.654291	-0.756127	0.013220	0.724710	0.631909	0.274748
13835	10.179701	0.934272	-0.575049	0.604769	-0.847996	-0.326244	-0.211997	-0.162342	0.963692	0.658017	-0.752789	0.017940	0.722544	0.637929	0.266413
13836	9.570446	1.577921	0.689552	0.512254	-0.812351	-0.377150	-0.208560	-0.154311	0.965759	0.660965	-0.750068	0.022891	0.720853	0.643107	0.258428
13837	9.271167	2.246671	0.929725	0.370328	-0.847374	-0.441938	-0.205271	-0.145528	0.967825	0.662766	-0.748301	0.028050	0.720142	0.647199	0.250056
13838	8.477744	2.933828	0.851298	0.143853	-0.844327	-0.465550	-0.202212	-0.136577	0.969772	0.662897	-0.747988	0.032882	0.720887	0.649508	0.241788
13839	9.488103	3.008858	1.676549	-0.156974	-0.816010	-0.429281	-0.199053	-0.128052	0.971587	0.660949	-0.749536	0.036626	0.723549	0.649460	0.233833
13840	9.835180	1.784625	2.518317	-0.450626	-0.690447	-0.390447	-0.196554	-0.120649	0.973042	0.656950	-0.752906	0.039350	0.727862	0.646974	0.227247
13841	9.106039	0.757858	3.249305	-0.586366	-0.658554	-0.425988	-0.194428	-0.113169	0.974367	0.651881	-0.757149	0.042138	0.732972	0.643364	0.220983
13842	9.703015	-0.135651	3.715017	-0.636829	-0.617742	-0.450743	-0.192747	-0.105790	0.975529	0.646368	-0.761692	0.045110	0.738280	0.639245	0.215194
13843	9.798400	-1.041977	4.335906	-0.609705	-0.527757	-0.457954	-0.191685	-0.098918	0.976459	0.641018	-0.766008	0.048237	0.743204	0.635174	0.210241
13844	9.756172	-1.327314	4.192923	-0.418690	-0.444080	-0.427201	-0.191045	-0.092832	0.977182	0.637126	-0.769037	0.051504	0.746708	0.632427	0.206066
13845	9.989032	-0.897669	3.748101	-0.184749	-0.338431	-0.366778	-0.190749	-0.087865	0.977699	0.635092	-0.770500	0.054662	0.748513	0.631356	0.202775
13846	9.820936	-0.197203	3.186892	0.004521	-0.225143	-0.334948	-0.191128	-0.083870	0.977975	0.634531	-0.770725	0.057912	0.748893	0.631624	0.200525
13847	9.261010	0.767208	2.246851	0.148295	-0.174981	-0.334698	-0.191845	-0.080185	0.978144	0.635048	-0.770026	0.061429	0.748271	0.632954	0.198647
13848	8.827644	1.912204	1.229289	0.232566	-0.213280	-0.346090	-0.192388	-0.076177	0.978358	0.636166	-0.768789	0.065239	0.747181	0.634950	0.196367
13849	8.922801	2.831163	0.519299	0.238592	-0.292747	-0.353283	-0.192355	-0.071600	0.978710	0.637317	-0.767496	0.069110	0.746208	0.637042	0.193264
13850	9.080786	3.344730	-0.012933	0.163383	-0.371679	-0.351607	-0.191763	-0.066539	0.979183	0.637904	-0.766664	0.072829	0.745859	0.638591	0.189463
13851	9.888288	3.476664	-0.274975	0.026257	-0.454424	-0.331734	-0.190392	-0.061084	0.979806	0.637515	-0.766672	0.076083	0.746543	0.639126	0.184910
13852	10.447568	3.035344	-0.775862	-0.089488	-0.441663	-0.304424	-0.188969	-0.055934	0.980389	0.636312	-0.767390	0.078867	0.747929	0.638737	0.180604
13853	10.010433	1.682848	-0.513689	-0.225793	-0.440216	-0.321253	-0.187617	-0.050640	0.980936	0.634064	-0.768966	0.081576	0.750175	0.637281	0.176380
13854	10.047574	0.411304	0.336778	-0.244126	-0.441398	-0.316673	-0.186243	-0.045400	0.981454	0.631682	-0.770640	0.084221	0.752524	0.635652	0.172204
13855	9.555333	0.297003	1.180503	-0.129774	-0.456394	-0.307182	-0.184644	-0.040112	0.981987	0.630182	-0.771560	0.086977	0.754173	0.634891	0.167742
13856	9.472386	0.740580	1.649862	-0.007542	-0.487782	-0.285057	-0.182697	-0.034823	0.982552	0.629646	-0.771683	0.089728	0.755095	0.635053	0.162910
13857	9.478238	1.478385	1.604852	0.075934	-0.469340	-0.261290	-0.180699	-0.029805	0.983087	0.629793	-0.771250	0.092378	0.755452	0.635834	0.158135
13858	9.520546	2.188069	1.764582	0.117313	-0.439751	-0.234194	-0.178791	-0.025208	0.983564	0.630302	-0.770537	0.094827	0.755482	0.636897	0.153654
13859	9.236187	2.405471	1.723547	0.107819	-0.399277	-0.217730	-0.177050	-0.020966	0.983978	0.630777	-0.769865	0.097094	0.755495	0.637862	0.149529
13860	9.284473	2.190379	1.472344	0.072914	-0.397392	-0.210838	-0.175316	-0.016814	0.984369	0.631001	-0.769409	0.099239	0.755713	0.638535	0.145499
13861	9.314325	1.844639	1.103500	0.077675	-0.400556	-0.202449	-0.173472	-0.012675	0.984757	0.631282	-0.768908	0.101308	0.755904	0.639234	0.141385
13862	9.449871	1.681459	1.152950	0.079869	-0.406512	-0.177938	-0.171461	-0.008714	0.985152	0.631622	-0.768386	0.103134	0.756078	0.639928	0.137252
13863	9.602684	1.693952	1.176893	0.079251	-0.386335	-0.163717	-0.169481	-0.004958	0.985521	0.631990	-0.767855	0.104821	0.756218	0.640604	0.133270
13864	9.511105	1.457079	1.128008	0.067606	-0.391432	-0.149321	-0.167402	-0.001310	0.985888	0.632293	-0.767396	0.106343	0.756427	0.641172	0.129292
