// General information: 
//  MT Manager version: 2022.2.0 
//  XDA version: 2022.2.0 build 7381 rev 124627 built on 2023-07-19
// Device information: 
//  DeviceId: 00B4CBA7
//  ProductCode: MTW2-3A7G6
//  Firmware Version: 4.6.0
//  Hardware Version: 2.0.0
// Device settings: 
//  Filter Profile: human(46.1)
//  Option Flags: Orientation Smoother Disabled, Position/Velocity Smoother Disabled, Continuous Zero Rotation Update Disabled, AHS Disabled, ICC Disabled
// Coordinate system: ENU
PacketCounter	Acc_X	Acc_Y	Acc_Z	Gyr_X	Gyr_Y	Gyr_Z	Mat[1][1]	Mat[2][1]	Mat[3][1]	Mat[1][2]	Mat[2][2]	Mat[3][2]	Mat[1][3]	Mat[2][3]	Mat[3][3]
52288	9.707845	0.733331	-0.696762	-0.010954	-0.048671	0.005837	-0.028463	0.104156	0.994154	0.894507	-0.441244	0.071838	0.446147	0.891322	-0.080609
52289	9.705426	0.712622	-0.757827	-0.012735	-0.051372	0.009180	-0.028189	0.104586	0.994116	0.894453	-0.441361	0.071797	0.446273	0.891214	-0.081106
52290	9.708498	0.651979	-0.805033	-0.006746	-0.048791	0.013506	-0.027888	0.104973	0.994084	0.894428	-0.441426	0.071706	0.446342	0.891136	-0.081580
52291	9.689586	0.665418	-0.803842	-0.002695	-0.053068	0.011440	-0.027587	0.105408	0.994046	0.894419	-0.441456	0.071634	0.446378	0.891070	-0.082101
52292	9.665343	0.634526	-0.712907	0.009741	-0.056661	0.009753	-0.027284	0.105882	0.994004	0.894461	-0.441381	0.071568	0.446312	0.891051	-0.082665
52293	9.637877	0.663450	-0.579905	0.015263	-0.059719	0.006520	-0.026997	0.106398	0.993957	0.894531	-0.441245	0.071530	0.446189	0.891057	-0.083264
52294	9.603015	0.685620	-0.550469	0.012216	-0.067422	0.003629	-0.026702	0.106995	0.993901	0.894584	-0.441139	0.071523	0.446101	0.891038	-0.083937
52295	9.620930	0.697049	-0.530453	0.004017	-0.071699	0.006302	-0.026363	0.107618	0.993843	0.894604	-0.441103	0.071496	0.446081	0.890981	-0.084647
52296	9.672544	0.796269	-0.618013	-0.001172	-0.082446	0.004444	-0.025993	0.108347	0.993773	0.894598	-0.441116	0.071492	0.446116	0.890886	-0.085461
52297	9.711778	0.790839	-0.784419	-0.011090	-0.075416	0.007461	-0.025628	0.108999	0.993711	0.894550	-0.441217	0.071467	0.446232	0.890757	-0.086197
52298	9.727515	0.728926	-0.887325	-0.019159	-0.082150	0.008692	-0.025221	0.109704	0.993644	0.894464	-0.441396	0.071437	0.446427	0.890581	-0.086994
52299	9.696113	0.611632	-1.000395	-0.012052	-0.078696	0.009517	-0.024823	0.110376	0.993580	0.894413	-0.441507	0.071392	0.446552	0.890443	-0.087762
52300	9.751154	0.540495	-1.059335	-0.008439	-0.074409	0.007328	-0.024462	0.111018	0.993517	0.894380	-0.441578	0.071364	0.446638	0.890328	-0.088490
52301	9.888583	0.365411	-1.105542	-0.016102	-0.066988	-0.002575	-0.024224	0.111639	0.993454	0.894308	-0.441712	0.071443	0.446796	0.890184	-0.089139
52302	9.880514	0.328374	-1.044184	-0.019561	-0.044591	-0.012350	-0.024173	0.112101	0.993403	0.894216	-0.441868	0.071622	0.446982	0.890048	-0.089562
52303	9.850574	0.344318	-1.168409	-0.024411	-0.039856	-0.019390	-0.024206	0.112555	0.993351	0.894103	-0.442057	0.071876	0.447207	0.889897	-0.089935
52304	9.944584	0.324663	-1.316392	-0.030919	-0.024987	-0.021603	-0.024324	0.112884	0.993310	0.893963	-0.442293	0.072156	0.447480	0.889738	-0.090156
52305	10.004415	0.328612	-1.427019	-0.050052	-0.010647	-0.031793	-0.024599	0.113133	0.993275	0.893731	-0.442696	0.072556	0.447927	0.889506	-0.090220
52306	10.069804	0.373308	-1.423074	-0.061223	0.013083	-0.031310	-0.024974	0.113167	0.993262	0.893449	-0.443200	0.072960	0.448471	0.889251	-0.090040
52307	10.092584	0.513533	-1.385036	-0.076735	0.031875	-0.033243	-0.025452	0.113044	0.993264	0.893096	-0.443838	0.073399	0.449146	0.888948	-0.089662
52308	10.143733	0.776822	-1.261026	-0.085316	0.079433	-0.033697	-0.026147	0.112499	0.993308	0.892699	-0.444561	0.073848	0.449893	0.888656	-0.088804
52309	9.904268	0.597518	-1.248641	-0.081652	0.119324	-0.045585	-0.027129	0.111655	0.993377	0.892320	-0.445228	0.074412	0.450588	0.888428	-0.087553
52310	9.582350	0.523278	-1.247710	-0.042327	0.106379	-0.057048	-0.028154	0.110977	0.993424	0.892115	-0.445531	0.075054	0.450931	0.888362	-0.086461
52311	9.581514	0.692958	-1.242356	-0.022218	0.095245	-0.059310	-0.029150	0.110408	0.993459	0.891998	-0.445656	0.075701	0.451099	0.888370	-0.085493
52312	9.597611	0.743713	-1.195832	-0.003581	0.112222	-0.060394	-0.030232	0.109692	0.993506	0.891964	-0.445614	0.076342	0.451094	0.888479	-0.084370
52313	9.596079	0.514730	-1.122245	0.005549	0.142862	-0.065780	-0.031501	0.108729	0.993572	0.891969	-0.445486	0.077030	0.450998	0.888662	-0.082950
52314	9.582931	0.392068	-1.041159	-0.004700	0.149492	-0.075450	-0.032885	0.107750	0.993634	0.891919	-0.445448	0.077823	0.450998	0.888800	-0.081456
52315	9.775768	0.425704	-0.990038	-0.017392	0.144998	-0.093132	-0.034407	0.106889	0.993675	0.891809	-0.445496	0.078802	0.451102	0.888880	-0.079997
52316	9.862693	0.481723	-0.920058	-0.038996	0.163878	-0.097851	-0.036055	0.105882	0.993725	0.891597	-0.445736	0.079843	0.451393	0.888880	-0.078333
52317	9.785357	0.524775	-0.732344	-0.059376	0.174776	-0.108268	-0.037848	0.104824	0.993770	0.891288	-0.446143	0.081004	0.451855	0.888802	-0.076543
52318	9.804085	0.620281	-0.565650	-0.090236	0.166690	-0.110654	-0.039624	0.103850	0.993803	0.890837	-0.446824	0.082211	0.452593	0.888574	-0.074809
52319	9.813256	0.631873	-0.422598	-0.103774	0.157756	-0.121844	-0.041461	0.103007	0.993816	0.890317	-0.447613	0.083537	0.453450	0.888275	-0.073150
52320	9.756383	0.556993	-0.375255	-0.100226	0.144094	-0.130710	-0.043315	0.102326	0.993807	0.889810	-0.448355	0.084946	0.454271	0.887979	-0.071630
52321	9.728495	0.618132	-0.166250	-0.086993	0.128363	-0.139650	-0.045178	0.101826	0.993776	0.889352	-0.448979	0.086435	0.454986	0.887722	-0.070275
52322	9.780017	0.740084	0.049893	-0.099220	0.103738	-0.152937	-0.047047	0.101604	0.993712	0.888832	-0.449693	0.088061	0.455812	0.887386	-0.069152
52323	9.908588	0.752988	0.174182	-0.117712	0.093286	-0.151165	-0.048853	0.101470	0.993638	0.888221	-0.450577	0.089683	0.456811	0.886952	-0.068116
52324	10.107082	0.945062	0.393017	-0.125626	0.074867	-0.166441	-0.050709	0.101570	0.993535	0.887566	-0.451510	0.091459	0.457881	0.886466	-0.067255
52325	10.272053	1.062477	0.489629	-0.158406	0.049466	-0.175514	-0.052531	0.101939	0.993403	0.886748	-0.452729	0.093348	0.459258	0.885802	-0.066612
52326	10.365262	0.923395	0.567003	-0.170444	0.014797	-0.176266	-0.054197	0.102620	0.993243	0.885879	-0.454033	0.095248	0.460739	0.885056	-0.066301
52327	10.356761	0.770425	0.646210	-0.143729	-0.029295	-0.172849	-0.055630	0.103678	0.993054	0.885120	-0.455119	0.097100	0.462025	0.884374	-0.066449
52328	10.348559	0.916696	0.808442	-0.112361	-0.081049	-0.166305	-0.056763	0.105162	0.992834	0.884516	-0.455914	0.098861	0.463043	0.883789	-0.067138
52329	10.204050	1.147838	0.928954	-0.080466	-0.123270	-0.152881	-0.057581	0.106962	0.992594	0.884055	-0.456456	0.100472	0.463822	0.883293	-0.068277
52330	10.044189	1.342459	1.267489	-0.082406	-0.168667	-0.133009	-0.058010	0.109071	0.992340	0.883602	-0.457019	0.101886	0.464631	0.882744	-0.069863
52331	9.967699	1.375243	1.442696	-0.106665	-0.233282	-0.121345	-0.058034	0.111698	0.992046	0.883035	-0.457820	0.103205	0.465706	0.882000	-0.072064
52332	9.900562	1.171718	1.490372	-0.121829	-0.289977	-0.103773	-0.057635	0.114738	0.991722	0.882411	-0.458760	0.104359	0.466936	0.881121	-0.074806
52333	9.809616	1.019623	1.525479	-0.126013	-0.355237	-0.086061	-0.056771	0.118275	0.991357	0.881771	-0.459762	0.105348	0.468248	0.880130	-0.078191
52334	9.867446	0.812949	1.546508	-0.124681	-0.420775	-0.070044	-0.055452	0.122308	0.990942	0.881153	-0.460755	0.106178	0.469568	0.879059	-0.082222
52335	9.983587	0.642203	1.461490	-0.119091	-0.491557	-0.041221	-0.053541	0.126830	0.990478	0.880570	-0.461743	0.106726	0.470882	0.877900	-0.086960
52336	10.040401	0.571236	1.253336	-0.118736	-0.549924	-0.004350	-0.051024	0.131683	0.989978	0.880013	-0.462760	0.106911	0.472201	0.876648	-0.092271
52337	10.053833	0.611359	0.950306	-0.145703	-0.618601	0.035682	-0.047822	0.136950	0.989423	0.879341	-0.464077	0.106736	0.473786	0.875144	-0.098233
52338	10.258812	0.698963	0.552505	-0.193908	-0.662767	0.079305	-0.044016	0.142383	0.988832	0.878458	-0.465872	0.106184	0.475788	0.873321	-0.104572
52339	10.141319	0.562896	0.153552	-0.259291	-0.702158	0.129459	-0.039567	0.147917	0.988208	0.877275	-0.468313	0.105223	0.478355	0.871093	-0.111234
52340	10.086229	0.358694	-0.357090	-0.322013	-0.739837	0.159131	-0.034659	0.153611	0.987523	0.875791	-0.471342	0.104056	0.481445	0.868470	-0.118194
52341	9.811715	-0.004257	-0.627186	-0.360010	-0.755264	0.195764	-0.029335	0.159247	0.986803	0.874114	-0.474761	0.102600	0.484834	0.865588	-0.125273
52342	9.429445	-0.517921	-0.486543	-0.412174	-0.774452	0.222560	-0.023660	0.164885	0.986029	0.872169	-0.478672	0.100972	0.488633	0.862372	-0.132482
52343	9.207516	-0.339920	-1.190691	-0.504872	-0.827979	0.244106	-0.017506	0.170850	0.985142	0.869741	-0.483417	0.099293	0.493198	0.858556	-0.140132
52344	9.506328	-0.181620	-1.894792	-0.668837	-0.810979	0.303364	-0.010886	0.176324	0.984272	0.866467	-0.489661	0.097302	0.499116	0.853898	-0.147449
52345	9.411535	-0.435809	-2.247506	-0.834133	-0.743958	0.361460	-0.004058	0.180888	0.983495	0.862301	-0.497397	0.095041	0.506379	0.848455	-0.153961
52346	9.509988	-0.651238	-2.651071	-0.949331	-0.679349	0.417549	0.002963	0.184547	0.982819	0.857457	-0.506179	0.092461	0.514546	0.842452	-0.159741
52347	9.581451	-1.047614	-3.011010	-0.991005	-0.589136	0.452486	0.009851	0.187197	0.982273	0.852289	-0.515329	0.089661	0.522978	0.836297	-0.164622
52348	9.627125	-1.194021	-2.872249	-0.982135	-0.508365	0.479453	0.016568	0.188948	0.981847	0.847047	-0.524412	0.086625	0.531260	0.830235	-0.168737
52349	9.342718	-1.180391	-2.270598	-0.881062	-0.462357	0.485703	0.023108	0.190223	0.981469	0.842240	-0.532613	0.083399	0.538608	0.824705	-0.172521
52350	9.103383	-0.721902	-1.942059	-0.697725	-0.461225	0.474854	0.029561	0.191483	0.981051	0.838338	-0.539251	0.079991	0.544349	0.820087	-0.176468
52351	9.012177	-0.871157	-1.100747	-0.546209	-0.429911	0.485095	0.035934	0.192389	0.980661	0.835196	-0.544641	0.076246	0.548777	0.816304	-0.180253
52352	9.154528	-1.977804	-0.573454	-0.357048	-0.431972	0.488455	0.042352	0.193250	0.980235	0.833044	-0.548482	0.072139	0.551583	0.813524	-0.184215
52353	9.427285	-2.427533	-0.745954	-0.012904	-0.422826	0.494123	0.048763	0.193993	0.979790	0.832751	-0.549534	0.067359	0.551495	0.812637	-0.188345
52354	9.597614	-2.687268	-0.937345	0.431363	-0.374069	0.542763	0.055313	0.194073	0.979426	0.834846	-0.547066	0.061253	0.547698	0.814282	-0.192281
52355	9.781125	-2.708317	-1.443427	0.932640	-0.357487	0.624818	0.062452	0.193611	0.979089	0.839552	-0.540652	0.053361	0.539678	0.818663	-0.196311
52356	9.792850	-2.318630	-1.958851	1.463988	-0.296476	0.715211	0.070034	0.192231	0.978848	0.846895	-0.529979	0.043486	0.527128	0.825936	-0.199916
52357	9.774525	-1.383286	-2.235571	1.827452	-0.192139	0.770093	0.077552	0.189814	0.978752	0.855821	-0.516262	0.032310	0.511425	0.835131	-0.202484
52358	9.973945	-0.723679	-2.138058	2.008231	-0.020613	0.775769	0.084299	0.186056	0.978916	0.865294	-0.500839	0.020677	0.494126	0.845307	-0.203213
52359	9.714945	-1.156731	0.662067	2.059118	0.262109	0.769117	0.089681	0.180051	0.979561	0.874622	-0.484721	0.009022	0.476438	0.855936	-0.200947
52360	8.799709	-0.330970	0.062750	1.987697	0.195403	0.678335	0.094695	0.175140	0.979979	0.883298	-0.468809	-0.001568	0.459148	0.865762	-0.199095
52361	10.130724	-0.655339	-1.040841	1.873040	0.457446	0.566698	0.097622	0.168558	0.980846	0.891207	-0.453469	-0.010772	0.442967	0.875188	-0.194489
52362	10.061776	-0.646824	-0.599451	1.700868	0.660336	0.419938	0.098469	0.160879	0.982050	0.898210	-0.439193	-0.018114	0.428395	0.883871	-0.187750
52363	10.299108	-0.335488	-0.535997	1.588001	0.874836	0.290641	0.097362	0.151866	0.983594	0.904627	-0.425537	-0.023843	0.414935	0.892107	-0.178813
52364	10.235573	0.037880	-0.186859	1.435544	1.086567	0.170416	0.094432	0.141417	0.985436	0.910338	-0.412919	-0.027978	0.402949	0.899722	-0.167730
52365	10.164420	0.303347	0.035632	1.271440	1.228457	0.064640	0.090098	0.130070	0.987403	0.915340	-0.401516	-0.030631	0.392473	0.906569	-0.155234
52366	10.059875	0.266667	0.170723	1.081212	1.347411	0.005381	0.084884	0.117793	0.989404	0.919535	-0.391682	-0.032258	0.383732	0.912530	-0.141562
52367	10.185994	0.410573	-0.540196	0.986888	1.350416	-0.015123	0.079578	0.105502	0.991230	0.923299	-0.382626	-0.033399	0.375747	0.917860	-0.127859
52368	10.223362	1.172095	-0.274074	1.021540	1.434160	0.012677	0.074331	0.092251	0.992958	0.927089	-0.373230	-0.034725	0.367398	0.923141	-0.113267
52369	9.835098	1.979283	0.437441	0.859064	1.449084	0.020586	0.069210	0.078775	0.994487	0.930204	-0.365292	-0.035801	0.360458	0.927554	-0.098559
52370	10.210200	2.446993	0.769896	0.665171	1.518157	0.013396	0.063866	0.064616	0.995864	0.932579	-0.359116	-0.036506	0.355272	0.931053	-0.083194
52371	9.877858	2.566662	1.257430	0.417724	1.550554	0.039840	0.058713	0.050027	0.997021	0.934035	-0.355240	-0.037179	0.352322	0.933435	-0.067584
52372	9.924263	2.750572	1.332435	0.122394	1.528253	0.094787	0.054179	0.035414	0.997903	0.934415	-0.354135	-0.038164	0.352041	0.934524	-0.052278
52373	9.963064	2.522329	1.617523	-0.147714	1.542384	0.127231	0.049882	0.020558	0.998544	0.933830	-0.355547	-0.039329	0.354221	0.934432	-0.036933
52374	10.021731	2.159444	1.637576	-0.382157	1.521499	0.161251	0.045925	0.005770	0.998928	0.932393	-0.359136	-0.040792	0.358516	0.933267	-0.021873
52375	9.961322	1.850448	1.620909	-0.568376	1.462435	0.193882	0.042406	-0.008556	0.999064	0.930256	-0.364430	-0.042606	0.364453	0.931192	-0.007495
52376	9.956502	1.608389	1.311425	-0.708077	1.388227	0.234571	0.039436	-0.022330	0.998973	0.927555	-0.370977	-0.044909	0.371599	0.928373	0.006082
52377	10.163517	1.519891	1.625678	-0.853595	1.321529	0.266804	0.036901	-0.035565	0.998686	0.924248	-0.378808	-0.047641	0.380005	0.924792	0.018893
52378	10.295931	0.923505	2.381133	-0.900202	1.245031	0.296004	0.034805	-0.048191	0.998232	0.920683	-0.386993	-0.050784	0.388756	0.920823	0.030899
52379	10.029468	1.139077	1.205193	-1.030151	1.022005	0.314526	0.033633	-0.058800	0.997703	0.916523	-0.396287	-0.054251	0.398566	0.916242	0.040563
52380	8.896127	0.850817	0.868987	-0.952770	0.798669	0.343997	0.033518	-0.067481	0.997157	0.912568	-0.404781	-0.058068	0.407549	0.911920	0.048013
52381	8.432517	0.009639	-0.211368	-0.859385	0.580565	0.354963	0.034323	-0.074202	0.996652	0.908913	-0.412350	-0.062002	0.415570	0.907999	0.053290
52382	8.125301	-0.288101	-0.357091	-0.686464	0.405633	0.349080	0.035751	-0.079330	0.996207	0.905918	-0.418307	-0.065822	0.421942	0.904835	0.056912
52383	8.270164	-0.166667	-0.361086	-0.519996	0.240103	0.342007	0.037788	-0.082927	0.995839	0.903588	-0.422729	-0.069490	0.426732	0.902454	0.058957
52384	8.227600	0.043906	-0.367170	-0.386242	0.055721	0.342589	0.040601	-0.084883	0.995563	0.901800	-0.425927	-0.073092	0.430241	0.900767	0.059255
52385	7.938389	0.196833	-0.622163	-0.226035	-0.135801	0.342103	0.044232	-0.085109	0.995389	0.900684	-0.427672	-0.076590	0.432218	0.899919	0.057739
52386	7.582473	0.317463	-1.562947	-0.096657	-0.334855	0.337270	0.048676	-0.083539	0.995315	0.900111	-0.428260	-0.079964	0.432933	0.899786	0.054348
52387	7.295522	0.103267	-1.992443	0.035799	-0.514677	0.323288	0.053774	-0.080278	0.995321	0.900103	-0.427674	-0.083124	0.432345	0.900362	0.049261
52388	7.275748	0.016767	-2.278664	0.208706	-0.645409	0.322720	0.059422	-0.075838	0.995348	0.900823	-0.425543	-0.086202	0.430101	0.901755	0.043030
52389	7.064246	-0.028376	-2.648105	0.354233	-0.770844	0.290713	0.065306	-0.070099	0.995400	0.902162	-0.422134	-0.088917	0.426425	0.903819	0.035673
52390	6.881197	-0.468294	-3.725149	0.474606	-0.875862	0.243777	0.071180	-0.063194	0.995460	0.904011	-0.417677	-0.091156	0.421541	0.906395	0.027398
52391	6.686100	-1.031918	-4.854154	0.662985	-0.991641	0.182014	0.076937	-0.054932	0.995522	0.906653	-0.411549	-0.092778	0.414802	0.909731	0.018141
52392	6.666505	-1.596411	-5.665119	0.918430	-1.098683	0.140264	0.082678	-0.045482	0.995538	0.910312	-0.403104	-0.094016	0.405581	0.914023	0.008075
52393	7.484023	-2.803311	-4.606918	1.191360	-0.969002	0.128441	0.087685	-0.037100	0.995457	0.914970	-0.392130	-0.095210	0.393881	0.919161	-0.000439
52394	8.522034	-4.262316	-2.176271	1.295757	-0.750255	0.162123	0.092042	-0.030806	0.995279	0.919850	-0.380130	-0.096832	0.381318	0.924420	-0.006651
52395	11.544824	-5.563555	-2.458966	1.141994	-0.790623	0.300260	0.097741	-0.024595	0.994908	0.923861	-0.369463	-0.099895	0.370038	0.928920	-0.013389
52396	16.135807	0.242554	-1.434624	1.782914	-1.023143	0.470915	0.105765	-0.016754	0.994250	0.929827	-0.352742	-0.104856	0.352471	0.935571	-0.021729
52397	17.335675	3.742642	3.195963	1.303759	-0.814216	0.385040	0.112131	-0.010444	0.993639	0.933923	-0.340460	-0.108971	0.339432	0.940201	-0.028423
52398	13.541922	3.014858	2.990119	0.130810	-0.890852	0.115412	0.116184	-0.002456	0.993225	0.934239	-0.339220	-0.110123	0.337193	0.940704	-0.037118
52399	11.944754	1.274101	-0.841084	-0.434936	-0.697281	-0.127169	0.117321	0.004541	0.993084	0.932919	-0.343305	-0.108643	0.340437	0.939213	-0.044513
52400	10.006339	-1.057635	-3.551765	-0.510011	-0.721974	-0.197072	0.117915	0.011998	0.992951	0.931410	-0.348072	-0.106401	0.344342	0.937391	-0.052218
52401	8.427746	-1.637841	-5.153394	0.030079	-0.841475	-0.068583	0.120129	0.020134	0.992554	0.931601	-0.347776	-0.105698	0.343058	0.937362	-0.060535
52402	8.288999	-0.056939	-5.716749	0.544665	-0.941988	0.131718	0.124520	0.028520	0.991807	0.933297	-0.342695	-0.107320	0.336826	0.939014	-0.069290
52403	8.982375	1.323904	-5.378823	0.689443	-0.816348	0.259847	0.129628	0.035321	0.990933	0.935269	-0.336293	-0.110360	0.329346	0.941095	-0.076627
52404	10.084242	1.183732	-4.207279	0.604385	-0.657274	0.316577	0.134695	0.040461	0.990061	0.936827	-0.330716	-0.113937	0.322818	0.942863	-0.082451
52405	11.387099	1.737851	-2.819343	0.428116	-0.542046	0.378427	0.139940	0.044339	0.989167	0.937686	-0.326833	-0.118007	0.318060	0.944042	-0.087313
52406	11.177880	1.755557	-1.736132	0.018597	-0.397852	0.396131	0.144877	0.046806	0.988342	0.937187	-0.326834	-0.121900	0.317318	0.943922	-0.091217
52407	10.191779	0.314664	-1.312760	-0.406929	-0.361424	0.350831	0.149275	0.049070	0.987577	0.935380	-0.330835	-0.124948	0.320594	0.942412	-0.095284
52408	9.706589	-1.425501	-1.625823	-0.640390	-0.334665	0.284305	0.152972	0.051277	0.986899	0.932887	-0.337002	-0.127090	0.326070	0.940107	-0.099388
52409	9.722939	-3.269447	-2.120439	-0.682676	-0.324206	0.221460	0.156063	0.053576	0.986293	0.930306	-0.343522	-0.128544	0.331927	0.937615	-0.103453
52410	9.582503	-4.499952	-2.441467	-0.494264	-0.272702	0.131907	0.158159	0.055682	0.985842	0.928455	-0.348220	-0.129285	0.336091	0.935758	-0.106772
52411	9.214050	-4.693572	-2.236553	-0.263081	-0.282683	0.056521	0.159598	0.058137	0.985469	0.927485	-0.350708	-0.129518	0.338081	0.934679	-0.109894
52412	9.381443	-4.305715	-1.971629	-0.080858	-0.318033	0.026317	0.160879	0.061025	0.985086	0.927177	-0.351474	-0.129648	0.338320	0.934207	-0.113125
52413	9.605544	-3.397004	-1.815099	0.055832	-0.342943	0.022191	0.162204	0.064159	0.984669	0.927337	-0.350961	-0.129892	0.337247	0.934189	-0.116425
52414	9.804779	-2.491992	-1.730797	0.131456	-0.340615	0.009651	0.163402	0.067316	0.984260	0.927771	-0.349734	-0.130104	0.335471	0.934427	-0.119601
52415	9.846598	-1.658397	-1.743956	0.167771	-0.343437	0.001598	0.164526	0.070529	0.983848	0.928337	-0.348162	-0.130285	0.333350	0.934777	-0.122756
52416	9.827203	-1.254529	-1.777459	0.166968	-0.336927	-0.001195	0.165597	0.073691	0.983436	0.928901	-0.346595	-0.130443	0.331241	0.935116	-0.125847
52417	9.921517	-1.028963	-1.879848	0.170603	-0.326124	-0.004185	0.166596	0.076764	0.983032	0.929479	-0.344990	-0.130580	0.329113	0.935462	-0.128825
52418	9.998055	-1.013112	-2.091106	0.153261	-0.317084	-0.004071	0.167561	0.079753	0.982630	0.929996	-0.343547	-0.130703	0.327156	0.935743	-0.131735
52419	9.970845	-1.339111	-2.170830	0.121518	-0.264833	-0.006195	0.168329	0.082261	0.982292	0.930410	-0.342399	-0.130765	0.325579	0.935946	-0.134173
52420	10.053887	-1.491701	-2.081749	0.106561	-0.254802	-0.011178	0.169016	0.084693	0.981968	0.930783	-0.341387	-0.130762	0.324156	0.936099	-0.136530
52421	10.039137	-1.520965	-1.907418	0.077781	-0.204061	-0.012640	0.169520	0.086655	0.981710	0.931063	-0.340642	-0.130706	0.323085	0.936191	-0.138427
52422	9.671177	-1.499646	-1.426678	0.049823	-0.173192	-0.018907	0.169865	0.088349	0.981499	0.931264	-0.340153	-0.130552	0.322325	0.936211	-0.140056
52423	9.489981	-1.434923	-0.785597	0.010858	-0.168530	-0.021815	0.170166	0.090010	0.981296	0.931344	-0.340025	-0.130315	0.321936	0.936099	-0.141691
52424	9.324617	-1.231580	-0.023822	-0.009541	-0.182328	-0.015528	0.170571	0.091777	0.981062	0.931347	-0.340094	-0.130112	0.321712	0.935902	-0.143487
52425	9.353175	-0.838117	0.716511	-0.047905	-0.235872	-0.010531	0.171193	0.094029	0.980740	0.931218	-0.340527	-0.129901	0.321754	0.935521	-0.145857
52426	9.431524	-0.737352	1.247151	-0.133156	-0.285879	-0.009883	0.171984	0.096744	0.980338	0.930814	-0.341756	-0.129570	0.322501	0.934796	-0.148827
52427	9.240140	-1.155943	1.347032	-0.195165	-0.357615	-0.031795	0.172805	0.100202	0.979846	0.930246	-0.343542	-0.128926	0.323699	0.933777	-0.152578
52428	9.133092	-1.677504	1.134852	-0.210201	-0.434905	-0.050422	0.173708	0.104441	0.979243	0.929659	-0.345445	-0.128069	0.324899	0.932609	-0.157101
52429	9.090016	-1.731406	1.036230	-0.188720	-0.500455	-0.050708	0.174827	0.109290	0.978515	0.929141	-0.347143	-0.127233	0.325779	0.931422	-0.162236
52430	9.160276	-1.380311	0.960010	-0.189750	-0.573271	-0.059486	0.176105	0.114839	0.977650	0.928634	-0.348836	-0.126301	0.326535	0.930121	-0.168075
52431	9.275475	-1.008444	0.824142	-0.249604	-0.633986	-0.054411	0.177636	0.120930	0.976638	0.927922	-0.351084	-0.125303	0.327729	0.928502	-0.174579
52432	9.500261	-0.775729	0.588665	-0.306433	-0.693188	-0.059975	0.179318	0.127576	0.975484	0.927030	-0.353844	-0.124135	0.329333	0.926563	-0.181718
52433	9.434467	-0.926877	0.224828	-0.361582	-0.736769	-0.063278	0.181128	0.134628	0.974201	0.925958	-0.357100	-0.122809	0.331354	0.924313	-0.189341
52434	9.235156	-1.313595	-0.417330	-0.365808	-0.786606	-0.077936	0.182982	0.142174	0.972782	0.924892	-0.360361	-0.121306	0.333306	0.921914	-0.197435
52435	9.095460	-1.792098	-1.373329	-0.344730	-0.831583	-0.100439	0.184793	0.150203	0.971231	0.923933	-0.363380	-0.119596	0.334962	0.919453	-0.205928
52436	8.992081	-2.471881	-2.179480	-0.299673	-0.827986	-0.116773	0.186455	0.158237	0.969637	0.923152	-0.365944	-0.117797	0.336193	0.917086	-0.214308
52437	9.085462	-2.907728	-2.473481	-0.221295	-0.812982	-0.140181	0.187858	0.166208	0.968031	0.922678	-0.367735	-0.115918	0.336712	0.914957	-0.222438
52438	9.301992	-2.972513	-2.441724	-0.156129	-0.810624	-0.162680	0.189048	0.174220	0.966389	0.922467	-0.368876	-0.113955	0.336624	0.913005	-0.230448
52439	9.664151	-2.616503	-2.182850	-0.126578	-0.826739	-0.194077	0.190001	0.182487	0.964675	0.922417	-0.369674	-0.111747	0.336223	0.911065	-0.238568
52440	9.825285	-2.044636	-1.889753	-0.147410	-0.832114	-0.224232	0.190692	0.190894	0.962910	0.922357	-0.370588	-0.109193	0.335998	0.908969	-0.246740
52441	10.073263	-1.749383	-1.472223	-0.221899	-0.847997	-0.240983	0.191282	0.199496	0.961047	0.922079	-0.372121	-0.106281	0.336424	0.906492	-0.255132
52442	10.513613	-1.231818	-0.830386	-0.247078	-0.850457	-0.274703	0.191576	0.208223	0.959136	0.921781	-0.373788	-0.102968	0.337073	0.903839	-0.263545
52443	10.651090	-0.750220	0.239055	-0.276703	-0.888431	-0.326958	0.191523	0.217475	0.957091	0.921482	-0.375578	-0.099057	0.337920	0.900914	-0.272331
52444	10.675634	-0.268421	1.285707	-0.282224	-0.982563	-0.365914	0.191438	0.227692	0.954729	0.921236	-0.377291	-0.094743	0.338638	0.897668	-0.281986
52445	10.791590	0.106270	2.461405	-0.316313	-1.108063	-0.387997	0.191583	0.239096	0.951908	0.920915	-0.379207	-0.090098	0.339428	0.893888	-0.292837
52446	10.219172	0.423946	3.490016	-0.338972	-1.221700	-0.430079	0.191736	0.251628	0.948642	0.920595	-0.381163	-0.084964	0.340208	0.889605	-0.304730
52447	9.790179	0.814575	4.187584	-0.412350	-1.421848	-0.451760	0.192385	0.265977	0.944587	0.920066	-0.383639	-0.079365	0.341271	0.884351	-0.318523
52448	10.348704	1.141812	4.391084	-0.532568	-1.602136	-0.429279	0.193880	0.281749	0.939696	0.919081	-0.387144	-0.073549	0.343076	0.877916	-0.334010
52449	11.068623	1.941600	4.464541	-0.681536	-1.758515	-0.379966	0.196410	0.298611	0.933946	0.917483	-0.391985	-0.067619	0.345901	0.870161	-0.350960
52450	11.719490	2.579546	4.424109	-0.921756	-1.905533	-0.337638	0.199912	0.316435	0.927310	0.914950	-0.398911	-0.061123	0.350573	0.860662	-0.369270
52451	12.565509	2.937799	3.837448	-1.174545	-2.073050	-0.299901	0.204471	0.335380	0.919626	0.911409	-0.407961	-0.053864	0.357106	0.849169	-0.389085
52452	13.729071	3.209849	3.293776	-1.319311	-2.171929	-0.267208	0.209836	0.354784	0.911097	0.907210	-0.418144	-0.046114	0.364609	0.836232	-0.409605
52453	14.689432	3.958358	2.775511	-1.354090	-2.289954	-0.229417	0.216156	0.374757	0.901573	0.902720	-0.428519	-0.038308	0.371985	0.822149	-0.430928
52454	15.774851	4.357893	2.749368	-1.422649	-2.374519	-0.210989	0.223135	0.395010	0.891167	0.897845	-0.439282	-0.030096	0.379585	0.806845	-0.452677
52455	16.111422	3.391377	3.406784	-1.354210	-2.436792	-0.207670	0.230569	0.415414	0.879926	0.893141	-0.449241	-0.021944	0.386183	0.790957	-0.474605
52456	16.639029	3.114727	2.809983	-1.155321	-2.681102	-0.192300	0.239217	0.437264	0.866934	0.889115	-0.457450	-0.014609	0.390191	0.774299	-0.498208
52457	15.888030	2.298729	1.346532	-0.891640	-2.711991	-0.126292	0.248659	0.458640	0.853122	0.885949	-0.463696	-0.008943	0.391488	0.758047	-0.521634
52458	13.444147	0.870613	-1.142345	-0.604040	-2.837135	-0.033820	0.259394	0.480069	0.838003	0.883684	-0.468053	-0.005398	0.389638	0.741930	-0.545640
52459	13.088049	-0.225530	-3.552647	-0.403682	-2.989161	0.148403	0.272249	0.501318	0.821316	0.881737	-0.471722	-0.004345	0.385255	0.725368	-0.570456
52460	12.976647	-2.001919	-6.557486	-0.493656	-2.880471	0.377174	0.286567	0.520170	0.804551	0.878798	-0.477172	-0.004504	0.381566	0.708329	-0.593866
52461	12.224574	-3.838095	-8.951560	-0.534562	-2.598209	0.565897	0.301369	0.535659	0.788825	0.875116	-0.483880	-0.005753	0.378615	0.692047	-0.614590
52462	12.006117	-6.061538	-10.469330	-0.631096	-2.264493	0.681930	0.315834	0.547823	0.774686	0.870636	-0.491877	-0.007119	0.377151	0.676718	-0.632305
52463	11.134883	-7.482369	-10.371294	-0.396039	-2.035278	0.691015	0.329446	0.558057	0.761602	0.866932	-0.498328	-0.009863	0.374024	0.663507	-0.647969
52464	9.830045	-7.717260	-10.188311	0.015407	-1.958681	0.557161	0.341489	0.568153	0.748724	0.865131	-0.501346	-0.014145	0.367333	0.652575	-0.662731
52465	9.081959	-7.537052	-10.154577	0.391303	-1.828093	0.315028	0.350805	0.578444	0.736436	0.865474	-0.500591	-0.019077	0.357618	0.644059	-0.676238
52466	7.706632	-6.504781	-9.471831	0.737466	-1.503975	0.050254	0.356492	0.587834	0.726199	0.867902	-0.496134	-0.024450	0.345920	0.638986	-0.687050
52467	6.218914	-4.880331	-9.084958	1.004575	-1.128840	-0.154398	0.358945	0.595814	0.718446	0.871880	-0.488784	-0.030249	0.333142	0.637256	-0.694925
52468	5.325799	-2.863041	-9.265110	1.150854	-0.791535	-0.254735	0.359266	0.602087	0.713035	0.876567	-0.479900	-0.036434	0.320249	0.638113	-0.700181
52469	3.650381	-2.358092	-8.882389	1.050845	-0.445248	-0.229367	0.358616	0.606040	0.710007	0.880713	-0.471771	-0.042148	0.309417	0.640428	-0.702932
52470	2.262737	-2.123460	-7.012470	0.750123	-0.266125	-0.098541	0.358522	0.608201	0.708204	0.883372	-0.466340	-0.046709	0.301855	0.642354	-0.704461
52471	3.680762	-2.191239	-5.732299	0.447356	-0.053512	-0.063119	0.358088	0.608854	0.707863	0.884954	-0.463053	-0.049388	0.297708	0.644111	-0.704621
52472	4.694994	-2.350417	-5.359753	0.504401	0.419593	-0.122708	0.355721	0.606699	0.710900	0.886898	-0.459024	-0.052045	0.294744	0.649010	-0.701365
52473	5.071302	-2.313698	-5.267658	0.558758	0.815002	-0.157524	0.351892	0.602113	0.716681	0.889111	-0.454399	-0.054797	0.292666	0.656492	-0.695245
52474	4.962856	-2.743597	-5.985755	0.603819	1.076168	-0.118775	0.347657	0.595527	0.724212	0.891301	-0.449674	-0.058096	0.291062	0.665688	-0.687126
52475	4.733807	-2.886181	-6.328317	0.727085	1.280993	-0.028457	0.343651	0.587071	0.732975	0.893523	-0.444601	-0.062822	0.289000	0.676519	-0.677349
52476	4.599658	-2.194288	-6.108153	0.772415	1.444502	0.045981	0.339865	0.577000	0.742673	0.895602	-0.439576	-0.068332	0.287034	0.688363	-0.666159
52477	4.833224	-1.350639	-5.754073	0.634749	1.628551	0.078019	0.335854	0.565363	0.753370	0.897174	-0.435590	-0.073076	0.286846	0.700447	-0.653524
52478	5.151133	-0.905560	-5.381018	0.360047	1.845181	0.050772	0.330954	0.552097	0.765283	0.898054	-0.433309	-0.075770	0.289772	0.712342	-0.639219
52479	5.243956	-1.591174	-5.600080	0.034041	2.017918	0.017162	0.325160	0.537549	0.778018	0.898112	-0.433135	-0.076089	0.296085	0.723488	-0.623617
52480	5.575446	-2.733913	-5.919303	-0.147192	2.115720	0.013013	0.318890	0.522062	0.791050	0.897639	-0.434257	-0.075266	0.304226	0.734079	-0.607103
52481	5.748978	-3.688048	-6.160124	-0.154332	2.201755	0.054394	0.312550	0.505558	0.804191	0.897005	-0.435655	-0.074746	0.312562	0.744725	-0.589652
52482	5.965059	-4.127650	-6.421163	-0.009285	2.286248	0.087819	0.306074	0.488007	0.817415	0.896714	-0.436143	-0.075385	0.319722	0.756061	-0.571095
52483	6.002586	-4.028051	-6.471616	0.240075	2.380484	0.125919	0.299495	0.469325	0.830685	0.897120	-0.434894	-0.077738	0.324775	0.768506	-0.551289
52484	5.985998	-3.758040	-6.497707	0.481743	2.466075	0.155132	0.292807	0.449522	0.843916	0.898242	-0.431855	-0.081623	0.327758	0.781941	-0.530229
52485	5.649830	-3.457591	-6.365983	0.720350	2.542836	0.162749	0.285887	0.428769	0.856986	0.900148	-0.426866	-0.086715	0.328637	0.796205	-0.507991
52486	5.522156	-3.196037	-6.200197	0.854070	2.568390	0.155406	0.278818	0.407462	0.869618	0.902524	-0.420637	-0.092278	0.328194	0.810579	-0.485026
52487	5.674103	-2.937558	-6.217206	0.974830	2.610381	0.134202	0.271448	0.385566	0.881848	0.905358	-0.413179	-0.098032	0.326563	0.824998	-0.461232
52488	6.157692	-2.557251	-6.072642	1.052506	2.654259	0.120163	0.263869	0.362972	0.893658	0.908470	-0.404855	-0.103804	0.324124	0.839252	-0.436578
52489	6.281939	-2.257684	-5.931894	1.112259	2.729510	0.098048	0.255917	0.339490	0.905126	0.911815	-0.395770	-0.109365	0.321093	0.853295	-0.410836
52490	6.306791	-1.819263	-5.878896	1.112661	2.765526	0.063299	0.247626	0.315443	0.916066	0.915219	-0.386393	-0.114345	0.317893	0.866716	-0.384380
52491	6.537274	-1.218195	-5.610221	1.080559	2.797682	0.041948	0.239122	0.290867	0.926400	0.918546	-0.377072	-0.118704	0.314793	0.879325	-0.357341
52492	6.646405	-0.463927	-5.142541	0.967361	2.833131	0.021628	0.230402	0.265694	0.936121	0.921537	-0.368557	-0.122207	0.312545	0.890827	-0.329763
52493	7.020958	0.286183	-4.598366	0.734393	2.865538	0.017039	0.221568	0.239970	0.945157	0.923803	-0.362009	-0.124650	0.312243	0.900757	-0.301895
52494	7.377842	0.670806	-4.199412	0.436164	2.893793	0.047663	0.212907	0.213598	0.953439	0.925074	-0.358160	-0.126335	0.314499	0.908899	-0.273849
52495	7.579730	0.657932	-4.080642	0.155176	2.959350	0.065745	0.204099	0.186377	0.961045	0.925437	-0.356865	-0.127330	0.319232	0.915375	-0.245316
52496	7.665268	0.326803	-4.007675	-0.078090	3.025338	0.092388	0.195160	0.158262	0.967918	0.925008	-0.357733	-0.128016	0.325996	0.920315	-0.216209
52497	7.742223	-0.182413	-3.986677	-0.220582	3.057360	0.134679	0.186279	0.129594	0.973913	0.924031	-0.359953	-0.128841	0.333865	0.923926	-0.186800
52498	7.747043	-0.593841	-3.859175	-0.255224	3.052711	0.191926	0.177704	0.100640	0.978924	0.922826	-0.362529	-0.130250	0.341780	0.926523	-0.157297
52499	7.954318	-0.645646	-3.543972	-0.227764	3.020383	0.244250	0.169484	0.071748	0.982918	0.921623	-0.364846	-0.132283	0.349123	0.928299	-0.127960
52500	8.137817	-0.436281	-2.944638	-0.164908	2.976058	0.297714	0.161706	0.043002	0.985902	0.920554	-0.366544	-0.135000	0.355571	0.929406	-0.098858
52501	8.247136	0.181010	-2.358072	-0.163118	2.874271	0.339525	0.154484	0.015045	0.987881	0.919440	-0.368156	-0.138174	0.361615	0.929642	-0.070707
52502	8.634468	0.636176	-2.240620	-0.284794	2.759725	0.367817	0.147755	-0.011968	0.988952	0.917849	-0.370805	-0.141620	0.368403	0.928633	-0.043803
52503	9.133737	0.580682	-2.287413	-0.496184	2.669270	0.402521	0.141460	-0.038216	0.989206	0.915425	-0.375305	-0.145408	0.376810	0.926113	-0.018107
52504	9.729022	0.243881	-2.296637	-0.683193	2.623900	0.433342	0.135369	-0.064116	0.988719	0.912222	-0.381397	-0.149628	0.386687	0.922185	0.006858
52505	9.628045	-0.157464	-1.552733	-0.772026	2.607724	0.445780	0.129168	-0.089805	0.987548	0.908612	-0.388155	-0.154142	0.397164	0.917208	0.031461
52506	9.577923	-0.646449	-1.069164	-0.821627	2.422339	0.454893	0.123510	-0.113745	0.985803	0.904735	-0.395206	-0.158953	0.407676	0.911523	0.054097
52507	9.577998	-0.857614	-0.643263	-0.776191	2.205885	0.476881	0.118678	-0.135678	0.983619	0.900962	-0.401667	-0.164110	0.417353	0.905679	0.074572
52508	9.441672	-1.020817	-0.195846	-0.684674	1.894953	0.492792	0.115086	-0.154788	0.981222	0.897503	-0.407137	-0.169493	0.425727	0.900156	0.092067
52509	9.521112	-0.986383	0.296818	-0.557413	1.562017	0.519938	0.113004	-0.170928	0.978782	0.894524	-0.411298	-0.175103	0.432501	0.895331	0.106420
52510	9.411147	-0.884697	1.031378	-0.411350	1.182073	0.523422	0.112503	-0.183654	0.976532	0.892148	-0.414049	-0.180651	0.437510	0.891535	0.117265
52511	9.193888	-0.716044	1.321769	-0.259159	0.761785	0.515521	0.113716	-0.192563	0.974673	0.890433	-0.415392	-0.185955	0.440679	0.889027	0.124228
52512	8.785448	-0.553492	1.434420	-0.126450	0.341586	0.509550	0.116707	-0.197720	0.973286	0.889291	-0.415526	-0.191048	0.442199	0.887832	0.127336
52513	8.392977	-0.679621	1.204275	0.016357	-0.077325	0.495497	0.121416	-0.199078	0.972433	0.888780	-0.414403	-0.195809	0.441960	0.888053	0.126621
52514	8.134989	-0.968159	0.384820	0.187368	-0.463517	0.463335	0.127543	-0.196877	0.972097	0.889033	-0.411825	-0.200051	0.439719	0.889742	0.122505
52515	7.724337	-1.146358	-0.711374	0.425714	-0.818677	0.420881	0.134830	-0.191291	0.972229	0.890349	-0.407218	-0.203597	0.434855	0.893074	0.115411
52516	7.682790	-1.332395	-1.685413	0.633395	-1.110860	0.388180	0.143046	-0.182918	0.972666	0.892546	-0.400824	-0.206641	0.427667	0.897709	0.105927
52517	8.139082	-1.410578	-2.059828	1.018968	-1.311190	0.358541	0.151750	-0.172514	0.973248	0.896327	-0.391012	-0.209066	0.416618	0.904073	0.095293
52518	7.696237	-1.592229	-3.929612	1.250140	-1.485231	0.222672	0.159804	-0.159894	0.974113	0.901109	-0.379297	-0.210087	0.403070	0.911355	0.083469
52519	7.186730	-1.389240	-4.899037	1.577082	-1.606460	0.057992	0.166630	-0.145392	0.975241	0.907246	-0.364773	-0.209394	0.386186	0.919675	0.071125
52520	8.445174	-2.867148	-5.285070	1.924381	-1.426541	-0.100356	0.171049	-0.131856	0.976400	0.914662	-0.347130	-0.207111	0.366247	0.928501	0.061227
52521	10.174552	-3.122371	-5.337850	2.202567	-1.326372	-0.224506	0.173656	-0.118715	0.977625	0.922876	-0.326862	-0.203622	0.343721	0.937586	0.052797
52522	11.506701	-2.153057	-4.833246	2.366219	-0.996708	-0.296148	0.174186	-0.108394	0.978729	0.931250	-0.304911	-0.199504	0.320050	0.946192	0.047831
52523	11.467377	-0.439610	-3.039231	2.045994	-0.668862	-0.269106	0.173704	-0.101241	0.979580	0.938067	-0.285766	-0.195877	0.299761	0.952937	0.045332
52524	11.652541	-0.069058	-0.386348	1.302351	-0.433754	-0.106979	0.173938	-0.096802	0.979987	0.942079	-0.273435	-0.194219	0.286764	0.957007	0.043634
52525	15.784963	1.281381	4.449121	0.904648	-0.197405	0.252709	0.176840	-0.095585	0.979587	0.944197	-0.264524	-0.196262	0.277884	0.959631	0.043472
52526	20.219955	8.080808	10.298834	0.570244	-0.464200	0.543044	0.183209	-0.092549	0.978708	0.944793	-0.258536	-0.201308	0.271662	0.961558	0.040074
52527	17.425286	1.718983	0.137302	-1.271779	-1.433789	0.212596	0.189137	-0.079334	0.978741	0.940891	-0.270569	-0.203754	0.280982	0.959426	0.023470
52528	13.084801	-1.091658	-3.626616	-1.024818	-1.240148	-0.356639	0.189276	-0.066469	0.979672	0.938657	-0.280652	-0.200393	0.288267	0.957505	0.009271
52529	9.039211	-3.101569	-4.926323	-0.065952	-1.492006	-0.527924	0.188564	-0.050687	0.980752	0.939473	-0.281593	-0.195181	0.286066	0.958194	-0.005479
52530	7.579571	-3.370201	-7.138059	1.182649	-1.643496	-0.358529	0.189734	-0.033918	0.981249	0.943458	-0.270387	-0.191774	0.271822	0.962154	-0.019301
52531	6.916632	-0.330994	-7.203125	1.851481	-1.551695	-0.149350	0.192342	-0.018552	0.981153	0.948595	-0.252561	-0.190735	0.251340	0.967403	-0.030980
52532	8.193970	3.099524	-5.367385	1.796287	-1.377426	0.141334	0.196974	-0.005539	0.980393	0.952666	-0.235123	-0.192731	0.231581	0.971950	-0.041036
52533	10.802705	4.338243	-2.348965	0.991285	-1.025222	0.356908	0.202653	0.003619	0.979244	0.954200	-0.225471	-0.196637	0.220079	0.974243	-0.049146
52534	12.375816	4.537874	0.303134	-0.166117	-0.796884	0.376263	0.207955	0.010532	0.978082	0.953070	-0.227112	-0.200192	0.220026	0.973812	-0.057267
52535	11.688821	1.092062	-0.832619	-1.315851	-0.662625	0.220464	0.211508	0.016463	0.977238	0.949648	-0.239932	-0.201495	0.231154	0.970650	-0.066382
52536	10.230624	-2.913095	-2.475553	-1.905339	-0.526943	0.094155	0.213621	0.021334	0.976684	0.944892	-0.258396	-0.201023	0.248082	0.965804	-0.075357
52537	9.717582	-5.917608	-4.075979	-1.881975	-0.445668	0.001147	0.214736	0.025629	0.976336	0.940072	-0.276521	-0.199501	0.264864	0.960666	-0.083472
52538	9.821918	-7.718059	-4.961906	-1.358404	-0.355227	-0.071229	0.214989	0.029241	0.976179	0.936555	-0.289521	-0.197590	0.276846	0.956725	-0.089630
52539	9.331808	-7.445951	-4.591869	-0.613957	-0.378433	-0.129000	0.214800	0.033242	0.976092	0.935127	-0.295345	-0.195727	0.281777	0.954812	-0.094526
52540	9.376521	-5.255662	-3.712915	-0.030867	-0.572325	-0.111168	0.215333	0.039041	0.975760	0.935288	-0.295595	-0.194575	0.280833	0.954515	-0.100166
52541	10.003837	-2.859209	-3.140418	0.298228	-0.646393	-0.051965	0.216610	0.045372	0.975203	0.936241	-0.292721	-0.194337	0.276645	0.955121	-0.105886
52542	10.209297	-1.264393	-2.511193	0.392273	-0.616384	-0.028750	0.217994	0.051354	0.974598	0.937388	-0.288954	-0.194446	0.271629	0.955965	-0.111129
52543	10.002853	-0.469569	-1.913600	0.318553	-0.553996	-0.028320	0.219183	0.056739	0.974033	0.938318	-0.285888	-0.194493	0.267429	0.956582	-0.115901
52544	9.782249	-0.487624	-1.374613	0.175352	-0.470000	-0.015994	0.220247	0.061289	0.973517	0.938829	-0.284196	-0.194508	0.264748	0.956805	-0.120133
52545	9.672433	-0.959048	-1.062576	0.035695	-0.433949	0.000706	0.221361	0.065445	0.972993	0.938931	-0.283850	-0.194520	0.263454	0.956633	-0.124282
52546	9.835465	-1.489117	-1.031536	-0.062861	-0.393402	0.014161	0.222493	0.069175	0.972477	0.938743	-0.284455	-0.194541	0.263169	0.956190	-0.128227
52547	9.623888	-2.110249	-0.790631	-0.112303	-0.337240	0.007969	0.223417	0.072382	0.972032	0.938439	-0.285529	-0.194434	0.263470	0.955633	-0.131719
52548	9.492780	-2.375004	-0.543984	-0.122534	-0.371588	-0.015968	0.224210	0.075986	0.971574	0.938162	-0.286682	-0.194078	0.263786	0.955008	-0.135564
52549	9.509613	-2.043976	-0.350406	-0.117263	-0.391625	-0.031136	0.224913	0.079821	0.971104	0.937932	-0.287772	-0.193576	0.264005	0.954367	-0.139590
52550	9.413167	-1.691535	0.231243	-0.139462	-0.405651	-0.033806	0.225630	0.083796	0.970603	0.937649	-0.289069	-0.193013	0.264397	0.953634	-0.143794
52551	9.274123	-1.315825	0.820233	-0.222422	-0.455584	-0.030070	0.226517	0.088232	0.970003	0.937137	-0.291157	-0.192358	0.265451	0.952598	-0.148637
52552	9.185936	-1.211243	0.970578	-0.341744	-0.515876	-0.031023	0.227563	0.093240	0.969289	0.936307	-0.294375	-0.191502	0.267479	0.951131	-0.154290
52553	9.130177	-1.542331	0.984901	-0.408322	-0.552983	-0.027618	0.228752	0.098583	0.968480	0.935282	-0.298222	-0.190554	0.270037	0.949392	-0.160422
52554	9.085365	-1.679011	0.965613	-0.407617	-0.615367	-0.037591	0.230032	0.104539	0.967552	0.934272	-0.302044	-0.189486	0.272434	0.947545	-0.167148
