// General information: 
//  MT Manager version: 2022.2.0 
//  XDA version: 2022.2.0 build 7381 rev 124627 built on 2023-07-19
// Device information: 
//  DeviceId: 00B4CBA7
//  ProductCode: MTW2-3A7G6
//  Firmware Version: 4.6.0
//  Hardware Version: 2.0.0
// Device settings: 
//  Filter Profile: human(46.1)
//  Option Flags: Orientation Smoother Disabled, Position/Velocity Smoother Disabled, Continuous Zero Rotation Update Disabled, AHS Disabled, ICC Disabled
// Coordinate system: ENU
PacketCounter	Acc_X	Acc_Y	Acc_Z	Gyr_X	Gyr_Y	Gyr_Z	Mat[1][1]	Mat[2][1]	Mat[3][1]	Mat[1][2]	Mat[2][2]	Mat[3][2]	Mat[1][3]	Mat[2][3]	Mat[3][3]
22697	9.608898	-0.655051	-1.906098	0.074275	-0.030839	0.018578	0.048352	-0.181991	0.982111	-0.867254	-0.495438	-0.049111	0.495513	-0.849365	-0.181788
22698	9.839078	-0.655697	-1.927586	0.073968	-0.022042	0.012059	0.048404	-0.182254	0.982059	-0.866891	-0.496050	-0.049331	0.496142	-0.848951	-0.182005
22699	9.829055	-0.496231	-2.086315	0.039859	-0.002452	0.016538	0.048300	-0.182334	0.982050	-0.866699	-0.496366	-0.049532	0.496487	-0.848749	-0.182004
22700	9.713251	-0.702483	-2.378670	0.043900	0.003655	0.010267	0.048241	-0.182369	0.982046	-0.866484	-0.496727	-0.049680	0.496869	-0.848530	-0.181983
22701	9.609401	-0.710896	-2.417401	0.111009	0.024464	0.014213	0.048024	-0.182210	0.982086	-0.865936	-0.497650	-0.049987	0.497844	-0.848023	-0.181681
22702	9.504179	-0.536472	-2.240053	0.139418	0.032061	0.011731	0.047811	-0.182013	0.982133	-0.865244	-0.498820	-0.050323	0.499067	-0.847378	-0.181335
22703	9.543036	-0.473947	-2.020152	0.125565	0.038816	0.009349	0.047563	-0.181708	0.982202	-0.864618	-0.499874	-0.050608	0.500173	-0.846822	-0.180884
22704	9.566991	-0.512463	-1.865091	0.105973	0.045079	0.008039	0.047316	-0.181384	0.982273	-0.864089	-0.500764	-0.050847	0.501110	-0.846366	-0.180426
22705	9.569748	-0.617642	-1.690773	0.083312	0.041801	0.007145	0.047072	-0.181043	0.982348	-0.863673	-0.501463	-0.051033	0.501850	-0.846025	-0.179967
22706	9.554971	-0.668932	-1.596378	0.090412	0.041676	0.007026	0.046849	-0.180742	0.982414	-0.863220	-0.502222	-0.051233	0.502649	-0.845639	-0.179549
22707	9.585242	-0.630075	-1.571849	0.102650	0.023953	0.001066	0.046746	-0.180522	0.982459	-0.862702	-0.503095	-0.051393	0.503548	-0.845167	-0.179255
22708	9.541364	-0.500710	-1.591525	0.104514	0.017653	0.003681	0.046672	-0.180407	0.982484	-0.862174	-0.503978	-0.051586	0.504457	-0.844665	-0.179064
22709	9.532599	-0.531211	-1.607118	0.099362	0.003003	0.001264	0.046673	-0.180365	0.982492	-0.861671	-0.504823	-0.051742	0.505316	-0.844170	-0.178977
22710	9.593298	-0.638666	-1.600501	0.118225	-0.005134	-0.001591	0.046759	-0.180416	0.982478	-0.861070	-0.505830	-0.051907	0.506332	-0.843555	-0.179002
22711	9.871387	-0.595778	-1.541396	0.143272	-0.006195	-0.001018	0.046826	-0.180440	0.982471	-0.860341	-0.507048	-0.052119	0.507564	-0.842819	-0.178983
22712	9.979203	-0.471850	-1.599708	0.149655	0.003970	-0.002510	0.046873	-0.180408	0.982474	-0.859576	-0.508321	-0.052331	0.508853	-0.842059	-0.178901
22713	9.843316	-0.310006	-1.699167	0.135989	0.006154	-0.005232	0.046914	-0.180306	0.982491	-0.858879	-0.509482	-0.052488	0.510026	-0.841378	-0.178763
22714	9.687300	-0.457916	-1.789814	0.099263	0.010831	-0.003370	0.046933	-0.180210	0.982508	-0.858368	-0.510331	-0.052602	0.510883	-0.840884	-0.178638
22715	9.471796	-0.467249	-1.837240	0.087228	-0.004748	-0.015377	0.047116	-0.180148	0.982510	-0.857912	-0.511099	-0.052572	0.511631	-0.840431	-0.178633
22716	9.407036	-0.314759	-1.636527	-0.102472	-0.004765	-0.021703	0.047372	-0.180090	0.982509	-0.858423	-0.510285	-0.052144	0.510750	-0.840938	-0.178767
22717	9.301222	0.201040	-1.428363	-0.398047	-0.012902	-0.001446	0.047477	-0.180168	0.982489	-0.860446	-0.506944	-0.051383	0.507325	-0.842940	-0.179094
22718	9.247033	-0.433033	-1.931864	-0.529974	-0.026202	0.005767	0.047606	-0.180430	0.982435	-0.863123	-0.502467	-0.050457	0.502746	-0.845560	-0.179654
22719	9.316992	-0.581797	-1.817210	-0.324668	-0.027134	0.012773	0.047659	-0.180701	0.982383	-0.864754	-0.499704	-0.049964	0.499929	-0.847138	-0.180077
22720	9.522064	-0.355134	-1.777354	-0.320612	-0.041531	0.010177	0.047824	-0.181115	0.982298	-0.866354	-0.496975	-0.049452	0.497135	-0.848653	-0.180678
22721	9.614102	-0.790438	-1.830954	-0.231029	-0.045346	0.011586	0.047976	-0.181535	0.982213	-0.867504	-0.495000	-0.049114	0.495112	-0.849718	-0.181231
22722	9.608847	-0.611603	-1.745990	-0.128139	-0.050165	0.001990	0.048253	-0.181984	0.982117	-0.868137	-0.493914	-0.048868	0.493974	-0.850253	-0.181820
22723	9.545704	-0.535272	-1.807552	-0.091778	-0.061313	0.002658	0.048560	-0.182496	0.982007	-0.868588	-0.493136	-0.048692	0.493149	-0.850595	-0.182460
22724	9.576391	-0.457778	-1.918977	-0.072832	-0.053759	-0.006800	0.048929	-0.182931	0.981907	-0.868942	-0.492536	-0.048460	0.492489	-0.850849	-0.183056
22725	9.641046	-0.515221	-2.100291	-0.074671	-0.055601	-0.007416	0.049295	-0.183345	0.981812	-0.869303	-0.491922	-0.048216	0.491815	-0.851116	-0.183632
22726	9.726482	-0.560415	-2.277604	-0.073351	-0.043987	-0.003529	0.049586	-0.183715	0.981728	-0.869661	-0.491309	-0.048015	0.491153	-0.851390	-0.184132
22727	9.722622	-0.568955	-2.228235	-0.079951	-0.029897	-0.010556	0.049852	-0.183895	0.981681	-0.870046	-0.490655	-0.047730	0.490444	-0.851728	-0.184457
22728	9.763824	-0.489786	-2.068514	-0.200271	-0.023019	-0.009559	0.050093	-0.184058	0.981638	-0.871020	-0.488971	-0.047235	0.488687	-0.852660	-0.184812
22729	9.459580	-0.530824	-1.976273	-0.287663	-0.024079	-0.016340	0.050380	-0.184161	0.981604	-0.872412	-0.486554	-0.046508	0.486169	-0.854020	-0.185177
22730	9.428631	-0.842466	-1.893680	-0.279144	-0.037486	-0.021097	0.050791	-0.184392	0.981539	-0.873752	-0.484215	-0.045751	0.483712	-0.855298	-0.185707
22731	9.286590	-0.884168	-1.750418	-0.202741	-0.048323	-0.035005	0.051359	-0.184614	0.981468	-0.874711	-0.482552	-0.044996	0.481916	-0.856190	-0.186267
22732	9.223588	-0.808651	-1.634005	-0.124149	-0.070217	-0.046778	0.052150	-0.185004	0.981353	-0.875282	-0.481582	-0.044275	0.480793	-0.856652	-0.187045
22733	9.223034	-0.641079	-1.528794	-0.087967	-0.088871	-0.060648	0.053135	-0.185451	0.981216	-0.875670	-0.480949	-0.043480	0.479978	-0.856911	-0.187950
22734	9.151874	-0.500467	-1.580178	-0.073563	-0.109851	-0.069225	0.054313	-0.186073	0.981034	-0.875983	-0.480455	-0.042631	0.479275	-0.857053	-0.189092
22735	9.204715	-0.335408	-1.766495	-0.080618	-0.122351	-0.074697	0.055581	-0.186741	0.980836	-0.876325	-0.479911	-0.041711	0.478503	-0.857213	-0.190320
22736	9.323768	-0.362890	-2.014911	-0.100692	-0.119181	-0.085298	0.056943	-0.187367	0.980638	-0.876755	-0.479216	-0.040651	0.477555	-0.857464	-0.191563
22737	9.525758	-0.340385	-2.248361	-0.101499	-0.112620	-0.084246	0.058247	-0.187907	0.980458	-0.877188	-0.478512	-0.039596	0.476601	-0.857740	-0.192702
22738	9.635777	-0.505241	-2.471896	-0.119096	-0.101824	-0.092208	0.059584	-0.188353	0.980292	-0.877698	-0.477670	-0.038431	0.475495	-0.858111	-0.193779
22739	9.642640	-0.625216	-2.577833	-0.131971	-0.082825	-0.094981	0.060839	-0.188588	0.980170	-0.878265	-0.476724	-0.037209	0.474288	-0.858585	-0.194634
22740	9.596966	-0.808983	-2.654845	-0.142923	-0.070211	-0.095241	0.062052	-0.188752	0.980062	-0.878881	-0.475683	-0.035967	0.472988	-0.859126	-0.195408
22741	9.629897	-0.752040	-2.516044	-0.110498	-0.059802	-0.099174	0.063235	-0.188773	0.979983	-0.879338	-0.474929	-0.034745	0.471981	-0.859539	-0.196027
22742	9.687562	-0.623674	-2.268826	-0.105226	-0.049673	-0.096911	0.064365	-0.188755	0.979913	-0.879770	-0.474213	-0.033558	0.471022	-0.859938	-0.196584
22743	9.694958	-0.548208	-2.046133	-0.112888	-0.044261	-0.100886	0.065489	-0.188636	0.979861	-0.880233	-0.473440	-0.032313	0.470001	-0.860390	-0.197048
22744	9.624540	-0.393800	-1.808213	-0.128629	-0.043623	-0.104059	0.066653	-0.188536	0.979802	-0.880766	-0.472536	-0.031011	0.468838	-0.860909	-0.197552
22745	9.499949	-0.493519	-1.709619	-0.130208	-0.042869	-0.112145	0.067870	-0.188354	0.979753	-0.881297	-0.471634	-0.029620	0.467664	-0.861443	-0.198005
22746	9.519562	-0.434106	-1.500872	-0.077669	-0.051559	-0.113607	0.069153	-0.188278	0.979678	-0.881580	-0.471185	-0.028325	0.466943	-0.861705	-0.198566
22747	9.410602	-0.326983	-1.533349	-0.097163	-0.050876	-0.127412	0.070542	-0.188095	0.979614	-0.881941	-0.470595	-0.026850	0.466052	-0.862068	-0.199085
22748	9.486055	-0.137911	-1.584269	-0.078858	-0.060243	-0.125092	0.071968	-0.188041	0.979521	-0.882215	-0.470159	-0.025439	0.465314	-0.862317	-0.199729
22749	9.546553	-0.047702	-1.704663	-0.147714	-0.065375	-0.129521	0.073443	-0.187975	0.979424	-0.882804	-0.469136	-0.023840	0.463964	-0.862889	-0.200400
22750	9.721228	-0.308185	-1.926887	-0.164396	-0.058287	-0.138726	0.074979	-0.187842	0.979333	-0.883459	-0.467986	-0.022123	0.462470	-0.863542	-0.201040
22751	9.983659	-0.287378	-1.966233	-0.140083	-0.040522	-0.138772	0.076421	-0.187522	0.979283	-0.883998	-0.467044	-0.020448	0.461203	-0.864121	-0.201461
22752	10.143042	-0.234954	-2.325142	-0.219501	0.004263	-0.139420	0.077676	-0.186848	0.979313	-0.884897	-0.465415	-0.018612	0.459264	-0.865146	-0.201493
22753	9.715848	-0.244105	-2.727831	-0.236134	0.050797	-0.129664	0.078619	-0.185784	0.979440	-0.885874	-0.463620	-0.016833	0.457215	-0.866338	-0.201031
22754	9.158658	-0.395096	-3.044541	-0.271662	0.064500	-0.136242	0.079573	-0.184609	0.979586	-0.887002	-0.461524	-0.014924	0.454857	-0.867707	-0.200473
22755	9.019353	-1.373621	-3.372053	-0.148435	0.067449	-0.139496	0.080533	-0.183358	0.979742	-0.887562	-0.460499	-0.013226	0.453596	-0.868516	-0.199827
22756	8.973022	-1.234465	-2.886686	0.036917	0.078241	-0.152666	0.081574	-0.181992	0.979911	-0.887266	-0.461108	-0.011777	0.453988	-0.868481	-0.199090
22757	9.080216	-1.407809	-2.516452	0.042552	0.078316	-0.170714	0.082761	-0.180502	0.980086	-0.886929	-0.461794	-0.010154	0.454431	-0.868427	-0.198311
22758	9.322633	-1.166398	-2.059374	0.238624	0.062584	-0.179362	0.084105	-0.179148	0.980221	-0.885688	-0.464196	-0.008844	0.456599	-0.867426	-0.197711
22759	9.685917	-0.132867	-1.145548	0.306219	0.043947	-0.194465	0.085653	-0.177840	0.980325	-0.884117	-0.467205	-0.007508	0.459347	-0.866079	-0.197249
22760	9.791724	1.285712	-0.605602	0.189197	0.035715	-0.183829	0.087151	-0.176689	0.980401	-0.883083	-0.469177	-0.006055	0.461052	-0.865248	-0.196920
22761	9.920282	1.821124	-0.382892	-0.141800	0.012564	-0.169052	0.088615	-0.175766	0.980436	-0.883584	-0.468255	-0.004084	0.459812	-0.865935	-0.196798
22762	9.767220	1.635996	-0.455700	-0.455495	-0.017649	-0.165601	0.090200	-0.175160	0.980399	-0.885517	-0.464605	-0.001537	0.455768	-0.868021	-0.197014
22763	9.310827	0.813759	-1.263619	-0.723951	-0.041837	-0.161237	0.091848	-0.174758	0.980318	-0.888642	-0.458599	0.001506	0.449310	-0.871290	-0.197418
22764	9.284419	-0.423142	-2.019499	-0.563757	-0.065558	-0.165861	0.093659	-0.174584	0.980178	-0.891002	-0.453980	0.004277	0.444234	-0.873741	-0.198073
22765	9.297970	-0.753140	-2.302137	-0.320021	-0.085677	-0.170084	0.095583	-0.174541	0.980000	-0.892254	-0.451486	0.006614	0.441301	-0.875041	-0.198890
22766	9.565174	-0.819860	-2.643077	-0.111913	-0.097915	-0.170695	0.097578	-0.174640	0.979785	-0.892577	-0.450813	0.008538	0.440209	-0.875367	-0.199869
22767	9.750219	-0.080379	-2.499150	0.044944	-0.095517	-0.161491	0.099468	-0.174726	0.979580	-0.892216	-0.451496	0.010065	0.440518	-0.874998	-0.200803
22768	9.981295	0.583720	-2.361649	-0.015397	-0.086807	-0.145269	0.101186	-0.174842	0.979383	-0.892133	-0.451625	0.011547	0.440295	-0.874909	-0.201680
22769	10.061050	0.903882	-2.284563	-0.075873	-0.058681	-0.122934	0.102570	-0.174779	0.979251	-0.892338	-0.451183	0.012938	0.439560	-0.875149	-0.202240
22770	9.976930	1.374097	-2.010466	-0.177673	-0.048214	-0.102841	0.103741	-0.174750	0.979132	-0.893006	-0.449817	0.014335	0.437925	-0.875858	-0.202717
22771	9.774688	1.075286	-2.067580	-0.320251	-0.031203	-0.082012	0.104638	-0.174634	0.979057	-0.894314	-0.447160	0.015821	0.435033	-0.877240	-0.202968
22772	9.667514	0.501737	-2.016407	-0.298558	-0.034905	-0.070698	0.105466	-0.174636	0.978968	-0.895529	-0.444672	0.017153	0.432324	-0.878504	-0.203290
22773	9.677585	0.271372	-1.892737	-0.218855	-0.038817	-0.060417	0.106204	-0.174688	0.978879	-0.896405	-0.442861	0.018224	0.430324	-0.879408	-0.203625
22774	9.674659	0.278016	-1.738585	-0.098028	-0.053866	-0.051395	0.106940	-0.174945	0.978753	-0.896766	-0.442098	0.018960	0.429388	-0.879740	-0.204163
22775	9.678569	0.661446	-1.514250	-0.032788	-0.079311	-0.036910	0.107640	-0.175459	0.978585	-0.896863	-0.441882	0.019422	0.429011	-0.879747	-0.204926
22776	9.645053	0.833165	-1.317208	-0.059748	-0.095470	-0.014844	0.108226	-0.176242	0.978379	-0.897098	-0.441392	0.019724	0.428372	-0.879836	-0.205876
22777	9.496055	0.759090	-1.374499	-0.100025	-0.119613	-0.004042	0.108803	-0.177255	0.978132	-0.897517	-0.440526	0.020004	0.427347	-0.880067	-0.207020
22778	9.395117	0.598532	-1.547646	-0.089215	-0.144899	0.007768	0.109396	-0.178572	0.977827	-0.897901	-0.439736	0.020149	0.426388	-0.880196	-0.208445
22779	9.321505	0.363841	-1.629709	-0.094496	-0.165612	0.014366	0.110001	-0.180072	0.977483	-0.898315	-0.438886	0.020241	0.425359	-0.880314	-0.210039
22780	9.411404	0.135307	-1.822398	-0.056828	-0.188461	0.020472	0.110663	-0.181826	0.977084	-0.898573	-0.438358	0.020197	0.424641	-0.880217	-0.211894
22781	9.491269	0.342181	-1.893692	-0.048190	-0.203871	0.025165	0.111331	-0.183709	0.976656	-0.898801	-0.437896	0.020087	0.423983	-0.880056	-0.213869
22782	9.462145	0.357870	-1.988376	-0.107487	-0.214801	0.029403	0.112020	-0.185733	0.976194	-0.899284	-0.436905	0.020068	0.422777	-0.880124	-0.215969
22783	9.516693	0.242497	-2.086001	-0.150664	-0.219415	0.036947	0.112642	-0.187805	0.975726	-0.899957	-0.435517	0.020068	0.421177	-0.880372	-0.218074
22784	9.592953	0.278384	-2.038414	-0.148503	-0.222465	0.041640	0.113247	-0.189949	0.975241	-0.900623	-0.434140	0.020024	0.419588	-0.880592	-0.220237
22785	9.626856	0.260942	-2.052338	-0.167969	-0.222153	0.046945	0.113783	-0.192088	0.974759	-0.901375	-0.432579	0.019972	0.417824	-0.880896	-0.222364
22786	9.608317	-0.428949	-2.172376	-0.175224	-0.230235	0.046256	0.114370	-0.194320	0.974248	-0.902153	-0.430956	0.019949	0.415981	-0.881202	-0.224595
22787	9.668303	-1.225687	-2.211566	-0.018834	-0.242769	0.049309	0.114963	-0.196651	0.973710	-0.902283	-0.430701	0.019546	0.415535	-0.880809	-0.226949
22788	9.713373	-0.793527	-1.799412	0.187346	-0.259413	0.056484	0.115575	-0.199182	0.973123	-0.901563	-0.432248	0.018602	0.416926	-0.879482	-0.229532
22789	9.504065	-0.230883	-1.556712	0.214158	-0.291645	0.050172	0.116371	-0.201941	0.972460	-0.900722	-0.434038	0.017654	0.418519	-0.877970	-0.232402
22790	9.323049	0.306977	-1.541520	0.266909	-0.321748	0.048671	0.117322	-0.204979	0.971709	-0.899653	-0.436290	0.016588	0.420547	-0.876148	-0.235596
22791	9.285773	0.920346	-1.453729	0.168749	-0.363338	0.052234	0.118411	-0.208367	0.970856	-0.899000	-0.437667	0.015714	0.421638	-0.874660	-0.239146
22792	9.347823	0.419056	-1.778251	0.093099	-0.392099	0.055413	0.119607	-0.212038	0.969914	-0.898667	-0.438375	0.014986	0.422008	-0.873423	-0.242984
22793	9.356044	0.339463	-1.814805	0.228793	-0.425632	0.054082	0.120950	-0.215968	0.968880	-0.897760	-0.440264	0.013935	0.423553	-0.871508	-0.247137
22794	9.381283	0.806260	-1.747440	0.311913	-0.460619	0.061013	0.122398	-0.220246	0.967735	-0.896504	-0.442856	0.012600	0.425792	-0.869121	-0.251656
22795	9.424606	0.749281	-1.751333	0.301783	-0.484185	0.061438	0.123943	-0.224700	0.966513	-0.895287	-0.445347	0.011273	0.427901	-0.866704	-0.256369
22796	9.458521	0.382685	-1.965993	0.285138	-0.505675	0.066591	0.125556	-0.229371	0.965207	-0.894142	-0.447674	0.009927	0.429821	-0.864278	-0.261298
22797	9.375835	0.050327	-2.145089	0.288864	-0.527652	0.067029	0.127259	-0.234205	0.963822	-0.892977	-0.450021	0.008551	0.431737	-0.861760	-0.266408
22798	9.480863	-0.139648	-2.247252	0.289027	-0.549425	0.071300	0.129039	-0.239250	0.962345	-0.891812	-0.452349	0.007122	0.433612	-0.859151	-0.271737
22799	9.404592	-0.332357	-2.287867	0.271648	-0.569240	0.074819	0.130874	-0.244451	0.960789	-0.890724	-0.454508	0.005691	0.435296	-0.856543	-0.277222
22800	9.488129	-0.166469	-2.141180	0.259981	-0.587937	0.079696	0.132766	-0.249837	0.959143	-0.889690	-0.456545	0.004232	0.436835	-0.853901	-0.282892
22801	9.716109	0.359838	-1.902219	0.174481	-0.613374	0.082750	0.134741	-0.255425	0.957394	-0.889033	-0.457834	0.002973	0.437568	-0.851555	-0.288770
22802	9.724955	-0.048728	-2.022022	0.033957	-0.641462	0.096870	0.136722	-0.261318	0.955521	-0.889010	-0.457884	0.001982	0.437000	-0.849738	-0.294917
22803	9.727390	-0.055606	-1.667838	0.198904	-0.678760	0.109624	0.138745	-0.267558	0.953500	-0.888285	-0.459292	0.000376	0.437834	-0.847032	-0.301392
22804	9.905398	0.791562	-1.045747	0.241918	-0.737608	0.112104	0.141019	-0.274301	0.951248	-0.887376	-0.461045	-0.001396	0.438951	-0.843917	-0.308424
22805	9.971901	0.549089	-1.006162	0.174590	-0.793187	0.117513	0.143489	-0.281504	0.948771	-0.886771	-0.462200	-0.003024	0.439373	-0.840908	-0.315950
22806	10.081038	0.138265	-1.380132	0.271012	-0.857845	0.113088	0.146296	-0.289212	0.946020	-0.885736	-0.464162	-0.004928	0.440532	-0.837203	-0.324071
22807	10.629191	0.519667	-1.494634	0.348844	-0.925836	0.110636	0.149431	-0.297437	0.942975	-0.884354	-0.466762	-0.007086	0.442253	-0.832865	-0.332788
22808	11.037349	0.001564	-1.708553	0.320323	-0.982806	0.113756	0.152813	-0.306114	0.939650	-0.883102	-0.469092	-0.009202	0.443599	-0.828400	-0.342013
22809	11.186581	-0.639879	-1.492370	0.434966	-1.046493	0.104894	0.156569	-0.315228	0.936011	-0.881323	-0.472369	-0.011662	0.445819	-0.823103	-0.351776
22810	12.445374	-0.915855	-0.387226	0.606514	-1.142021	0.116954	0.160682	-0.325124	0.931920	-0.878788	-0.476980	-0.014885	0.449347	-0.816569	-0.362357
22811	13.263984	-1.403065	0.661672	0.613715	-1.225212	0.110838	0.165264	-0.335595	0.927396	-0.876194	-0.481616	-0.018142	0.452738	-0.809581	-0.373641
22812	12.384565	-1.296760	1.168757	0.392695	-1.334601	0.113621	0.170343	-0.346876	0.922312	-0.874598	-0.484408	-0.020652	0.453939	-0.803135	-0.385893
22813	12.040905	-1.491310	1.492323	0.325822	-1.496156	0.121927	0.176099	-0.359411	0.916413	-0.873323	-0.486597	-0.023021	0.454197	-0.796271	-0.399571
22814	11.911125	-1.409946	1.684470	0.263188	-1.639195	0.128273	0.182436	-0.372990	0.909723	-0.872352	-0.488227	-0.025234	0.453563	-0.788995	-0.414449
22815	11.936424	-0.727264	1.715461	0.083215	-1.768417	0.136124	0.189275	-0.387523	0.902220	-0.872221	-0.488377	-0.026787	0.451004	-0.781865	-0.430443
22816	11.765285	-0.602801	1.479040	-0.155973	-1.902083	0.143024	0.196566	-0.402980	0.893851	-0.873190	-0.486612	-0.027360	0.445984	-0.775123	-0.447529
22817	11.845641	-1.013767	1.179161	-0.321347	-2.043467	0.138119	0.204430	-0.419398	0.884485	-0.874881	-0.483580	-0.027090	0.439081	-0.768281	-0.465782
22818	11.868562	-1.113209	0.791854	-0.395832	-2.160594	0.129668	0.212697	-0.436486	0.874208	-0.876866	-0.480014	-0.026324	0.431122	-0.760964	-0.484837
22819	12.011602	-0.827653	0.092241	-0.436028	-2.282068	0.115634	0.221449	-0.454292	0.862890	-0.878969	-0.476215	-0.025141	0.422342	-0.752887	-0.504766
22820	12.094724	-0.774773	-0.659996	-0.534701	-2.379061	0.083825	0.230636	-0.472436	0.850654	-0.881382	-0.471840	-0.023083	0.412277	-0.744427	-0.525220
22821	11.879361	0.028661	-1.731529	-0.672435	-2.468521	0.054061	0.240220	-0.490938	0.837421	-0.884233	-0.466621	-0.019908	0.400532	-0.735694	-0.546195
22822	11.538595	0.829257	-2.825358	-0.941438	-2.504509	0.005778	0.250013	-0.509218	0.823523	-0.887942	-0.459721	-0.014695	0.386074	-0.727567	-0.567092
22823	11.346132	0.742714	-4.204816	-1.254616	-2.486920	-0.031178	0.259703	-0.527062	0.809172	-0.892587	-0.450818	-0.007169	0.368568	-0.720395	-0.587528
22824	10.581141	0.011084	-5.689042	-1.326907	-2.402806	-0.086063	0.269105	-0.543831	0.794878	-0.897121	-0.441782	0.001465	0.350366	-0.713496	-0.606768
22825	10.008599	-0.318903	-7.443447	-0.936519	-2.273815	-0.163600	0.278405	-0.559222	0.780872	-0.899876	-0.436062	0.008548	0.335729	-0.705068	-0.624632
22826	10.262834	-0.771304	-7.888840	-0.481019	-2.037399	-0.236076	0.287262	-0.572392	0.768016	-0.900791	-0.434046	0.013436	0.325663	-0.695681	-0.640290
22827	9.836363	-2.235793	-8.205258	0.360225	-1.773629	-0.280547	0.295575	-0.583383	0.756505	-0.898793	-0.438173	0.013269	0.323739	-0.683863	-0.653854
22828	10.622339	-1.974438	-5.427802	1.061708	-1.391947	-0.286549	0.302681	-0.591475	0.747357	-0.894461	-0.447067	0.008439	0.329127	-0.671035	-0.664370
22829	9.439628	-0.618295	-3.641686	1.292250	-0.957325	-0.317712	0.308736	-0.596387	0.740949	-0.889169	-0.457573	0.002197	0.337728	-0.659507	-0.671558
22830	8.305269	0.080676	-3.727481	0.965675	-0.567548	-0.343969	0.313712	-0.598446	0.737188	-0.884794	-0.465978	-0.001754	0.344563	-0.651710	-0.675685
22831	7.708111	-0.191505	-4.807260	0.729723	-0.165569	-0.343261	0.317347	-0.597890	0.736083	-0.881164	-0.472793	-0.004135	0.350487	-0.647298	-0.676878
22832	7.483149	-1.122227	-5.613328	0.847639	0.253874	-0.291194	0.318994	-0.594787	0.737883	-0.877221	-0.480026	-0.007704	0.358785	-0.644829	-0.674885
22833	7.182809	-1.294515	-5.701633	1.162940	0.682190	-0.253197	0.318747	-0.589145	0.742501	-0.872157	-0.489036	-0.013623	0.371136	-0.643235	-0.669706
22834	6.998218	-1.036958	-5.709387	1.450812	1.091905	-0.227791	0.316571	-0.580923	0.749874	-0.865921	-0.499716	-0.021565	0.387252	-0.642505	-0.661229
22835	6.672518	-0.519847	-5.416816	1.636951	1.473626	-0.216250	0.312619	-0.570338	0.759595	-0.858736	-0.511502	-0.030637	0.406007	-0.642714	-0.649675
22836	6.490451	0.112995	-5.306671	1.632422	1.821994	-0.203201	0.306762	-0.557480	0.771436	-0.851306	-0.523176	-0.039552	0.425646	-0.644595	-0.635077
22837	6.461801	0.322284	-5.480880	1.494250	2.152684	-0.178770	0.298934	-0.542593	0.785004	-0.844250	-0.533841	-0.047495	0.444838	-0.648541	-0.617668
22838	6.371865	0.106821	-5.529709	1.426561	2.456039	-0.150563	0.289019	-0.525704	0.800064	-0.837311	-0.543958	-0.054948	0.464088	-0.654022	-0.597392
22839	6.144359	0.135189	-5.401281	1.434114	2.722935	-0.131471	0.277236	-0.507065	0.816104	-0.830131	-0.554081	-0.062262	0.483759	-0.660212	-0.574541
22840	6.076195	0.514011	-5.451082	1.355822	2.940528	-0.123522	0.263729	-0.486771	0.832767	-0.823096	-0.563715	-0.068838	0.502952	-0.667292	-0.549328
22841	6.320412	0.429732	-5.776467	1.094817	3.141589	-0.104878	0.248546	-0.465049	0.849679	-0.817217	-0.571586	-0.073793	0.519982	-0.676031	-0.522111
22842	6.589394	-0.661111	-6.315062	0.949567	3.322475	-0.086074	0.231689	-0.441846	0.866656	-0.811986	-0.578462	-0.077843	0.535722	-0.685678	-0.492796
22843	6.590833	-1.501428	-6.243695	1.113931	3.467256	-0.090085	0.213576	-0.417373	0.883281	-0.805716	-0.586551	-0.082340	0.552456	-0.694087	-0.461557
22844	6.632966	-1.476491	-6.032124	1.260405	3.571120	-0.122042	0.194494	-0.391653	0.899322	-0.798383	-0.595857	-0.086830	0.569875	-0.701115	-0.428579
22845	6.796359	-1.279685	-6.054886	1.221607	3.652623	-0.182612	0.174851	-0.364800	0.914521	-0.790975	-0.605167	-0.090170	0.586332	-0.707597	-0.394362
22846	7.093885	-1.494359	-6.137310	1.132029	3.715482	-0.254001	0.154766	-0.336761	0.928784	-0.783824	-0.614121	-0.092059	0.601388	-0.713755	-0.359007
22847	7.464975	-1.735297	-6.117278	1.156824	3.756585	-0.320705	0.134426	-0.307841	0.941894	-0.776313	-0.623454	-0.092971	0.615848	-0.718706	-0.322789
22848	7.997158	-1.469250	-5.793639	1.219599	3.762397	-0.377356	0.113885	-0.278284	0.953723	-0.768239	-0.633362	-0.093071	0.629952	-0.722088	-0.285919
22849	8.573463	-1.099158	-5.392199	1.234699	3.744181	-0.409885	0.093201	-0.248563	0.964121	-0.759948	-0.643381	-0.092408	0.643267	-0.724070	-0.248859
22850	9.022976	-0.588035	-4.859163	1.193772	3.684689	-0.426023	0.072480	-0.219028	0.973023	-0.751837	-0.653040	-0.090996	0.655353	-0.724959	-0.212005
22851	9.457691	-0.138821	-4.384541	1.022502	3.604006	-0.416008	0.051815	-0.190124	0.980392	-0.744823	-0.661316	-0.088881	0.665247	-0.725613	-0.175875
22852	9.697599	-0.188064	-4.081109	0.717378	3.510216	-0.382400	0.031171	-0.162013	0.986296	-0.739863	-0.667210	-0.086216	0.672035	-0.727037	-0.140665
22853	9.848164	-0.767354	-4.057214	0.454321	3.409470	-0.339362	0.010714	-0.134889	0.990803	-0.736728	-0.671028	-0.083388	0.676105	-0.729058	-0.106566
22854	10.096272	-1.136441	-4.148575	0.314457	3.291536	-0.296562	-0.009406	-0.108796	0.994020	-0.734594	-0.673692	-0.080687	0.678442	-0.730960	-0.073584
22855	9.984213	-1.449234	-3.739630	0.336671	3.133215	-0.256507	-0.028791	-0.084120	0.996040	-0.732355	-0.676407	-0.078294	0.680314	-0.731709	-0.042131
22856	9.505484	-1.198939	-3.411577	0.399901	2.924238	-0.228313	-0.047046	-0.061119	0.997021	-0.729717	-0.679503	-0.076087	0.682129	-0.731123	-0.012631
22857	8.978051	-0.343804	-3.301098	0.329381	2.679973	-0.174113	-0.064050	-0.040322	0.997132	-0.727566	-0.682001	-0.074313	0.683041	-0.730239	0.014346
22858	8.761977	-0.358057	-3.259402	0.130545	2.410672	-0.118791	-0.079642	-0.021850	0.996584	-0.726761	-0.682994	-0.073054	0.682257	-0.730097	0.038515
22859	8.515186	-0.749118	-3.134504	0.057086	2.118202	-0.098163	-0.093344	-0.005686	0.995618	-0.726459	-0.683426	-0.072013	0.680840	-0.729998	0.059663
22860	8.365801	-0.811368	-2.479909	-0.032519	1.800185	-0.086598	-0.104946	0.008101	0.994445	-0.726769	-0.683189	-0.071132	0.678818	-0.730197	0.077586
22861	7.957955	-1.761712	-2.464181	-0.213674	1.458348	-0.097176	-0.114095	0.019451	0.993279	-0.728325	-0.681615	-0.070312	0.675666	-0.731453	0.091935
22862	7.916588	-1.881249	-2.625486	-0.060759	1.134164	-0.082125	-0.121139	0.028354	0.992231	-0.728835	-0.681151	-0.069517	0.673888	-0.731594	0.103179
22863	8.231816	-1.195328	-2.298484	-0.041162	0.835800	-0.047182	-0.126400	0.034819	0.991368	-0.729174	-0.680835	-0.069058	0.672554	-0.731609	0.111446
22864	8.325298	-1.026570	-2.069643	-0.207166	0.566077	-0.004619	-0.130153	0.039035	0.990725	-0.730574	-0.679317	-0.069211	0.670314	-0.732806	0.116933
22865	8.482366	-1.192311	-2.140663	-0.413034	0.302933	0.036029	-0.132421	0.041043	0.990344	-0.733292	-0.676298	-0.070022	0.666894	-0.735484	0.119652
22866	8.325930	-1.432173	-2.344546	-0.521201	0.064195	0.057747	-0.133254	0.041161	0.990227	-0.736685	-0.672479	-0.071182	0.662977	-0.738970	0.119934
22867	8.234927	-1.477610	-2.700820	-0.623094	-0.152840	0.083022	-0.132836	0.039500	0.990351	-0.740696	-0.667895	-0.072710	0.658578	-0.743207	0.117978
22868	8.414031	-1.551506	-3.195900	-0.732269	-0.326279	0.107248	-0.131470	0.036381	0.990652	-0.745362	-0.662474	-0.074588	0.653568	-0.748200	0.114213
22869	8.790465	-1.644972	-3.727310	-0.759430	-0.469312	0.122526	-0.129309	0.032078	0.991085	-0.750150	-0.656814	-0.076615	0.648502	-0.753370	0.108995
22870	9.322996	-1.279810	-3.938315	-0.595766	-0.565489	0.122650	-0.126548	0.027022	0.991592	-0.753849	-0.652350	-0.078430	0.644746	-0.757436	0.102924
22871	8.907082	-0.009769	-3.794838	-0.629432	-0.656254	0.114807	-0.123175	0.021319	0.992156	-0.757755	-0.647597	-0.080159	0.640808	-0.761685	0.095922
22872	9.360099	0.033380	-3.888292	-0.870672	-0.633091	0.112408	-0.119958	0.015766	0.992654	-0.763176	-0.640961	-0.082047	0.634958	-0.767412	0.088921
22873	9.819948	-0.513355	-3.520403	-0.792323	-0.534151	0.106756	-0.117375	0.010999	0.993027	-0.768062	-0.634875	-0.083753	0.629526	-0.772537	0.082967
22874	10.364610	-1.112939	-2.418692	-0.640770	-0.394333	0.065225	-0.115364	0.007537	0.993295	-0.772010	-0.629917	-0.084883	0.625053	-0.776626	0.078488
22875	11.222230	-2.144559	-0.997221	-0.385198	-0.199187	0.043609	-0.114435	0.005741	0.993414	-0.774365	-0.626925	-0.085579	0.622304	-0.779059	0.076188
22876	10.941120	-1.795106	-0.041124	-0.336210	-0.059343	0.032112	-0.114274	0.005077	0.993436	-0.776421	-0.624303	-0.086120	0.619768	-0.781166	0.075283
22877	10.900077	-1.323172	0.433847	-0.713448	-0.004091	0.021461	-0.114392	0.004938	0.993423	-0.780801	-0.618716	-0.086833	0.614218	-0.785599	0.074632
22878	11.178424	-2.086444	0.869079	-0.839884	0.070139	0.043999	-0.115123	0.005218	0.993338	-0.785886	-0.612098	-0.087864	0.607561	-0.790765	0.074567
22879	10.795646	-2.399167	1.698559	-0.848168	0.112938	0.032901	-0.116040	0.005941	0.993227	-0.790975	-0.605371	-0.088790	0.600744	-0.795921	0.074946
22880	10.192219	-2.416447	2.114400	-1.023542	0.084199	-0.013214	-0.116398	0.006690	0.993180	-0.797101	-0.597192	-0.089395	0.592521	-0.802070	0.074844
22881	9.795052	-2.755371	1.904162	-1.178365	-0.027507	-0.037759	-0.115909	0.006718	0.993237	-0.804075	-0.587698	-0.089859	0.583120	-0.809053	0.073521
22882	9.500251	-3.015640	1.602947	-1.406206	-0.182260	-0.067691	-0.114273	0.005626	0.993433	-0.812278	-0.576259	-0.090171	0.571967	-0.817248	0.070421
22883	9.596694	-3.413846	1.105404	-1.541656	-0.378418	-0.090984	-0.111363	0.003061	0.993775	-0.821108	-0.563588	-0.090278	0.559804	-0.826050	0.065276
22884	9.835840	-3.633628	0.034454	-1.394449	-0.509858	-0.091123	-0.107753	-0.000668	0.994177	-0.828940	-0.552014	-0.090215	0.548860	-0.833834	0.058927
22885	9.979993	-3.642228	-0.316598	-0.801433	-0.556136	-0.125090	-0.103652	-0.004606	0.994603	-0.833450	-0.545319	-0.089383	0.542787	-0.838216	0.052684
22886	9.980151	-2.462847	0.262204	-0.260163	-0.550988	-0.157701	-0.099321	-0.008380	0.995020	-0.835021	-0.543147	-0.087925	0.541179	-0.839596	0.046948
22887	9.874139	-0.616643	0.909862	-0.085488	-0.504204	-0.169080	-0.095154	-0.011673	0.995394	-0.835651	-0.542448	-0.086245	0.540956	-0.840008	0.041862
22888	9.753264	0.906138	1.635283	-0.272650	-0.441917	-0.178251	-0.091249	-0.014433	0.995724	-0.837290	-0.540180	-0.084560	0.539090	-0.841426	0.037206
22889	9.637244	2.151874	1.426374	-0.819952	-0.391095	-0.172442	-0.087679	-0.016783	0.996007	-0.841841	-0.533292	-0.083094	0.532557	-0.845765	0.032630
22890	9.457250	2.801805	0.254933	-1.189505	-0.431127	-0.192539	-0.083746	-0.019431	0.996298	-0.848284	-0.523230	-0.081509	0.522877	-0.851970	0.027335
22891	10.410560	2.402256	-0.638671	-1.491091	-0.514266	-0.264374	-0.078809	-0.022442	0.996637	-0.856206	-0.510527	-0.079200	0.510588	-0.859569	0.021019
22892	11.087272	-1.631139	-1.237258	-1.654785	-0.512721	-0.274352	-0.073828	-0.025493	0.996945	-0.864753	-0.496302	-0.076729	0.496742	-0.867776	0.014596
22893	10.478361	-4.360553	-1.855868	-1.080772	-0.455952	-0.290300	-0.069037	-0.028011	0.997221	-0.870282	-0.486975	-0.073928	0.487692	-0.872967	0.009242
22894	9.546197	-4.575433	-1.957506	-0.395694	-0.422377	-0.335528	-0.064024	-0.030083	0.997495	-0.872429	-0.483617	-0.070582	0.484528	-0.874763	0.004718
22895	9.410459	-3.695826	-1.574012	0.021855	-0.413133	-0.358856	-0.058863	-0.031938	0.997755	-0.872545	-0.483921	-0.066966	0.484974	-0.874528	0.000618
22896	9.556282	-2.430002	-1.032547	0.300267	-0.409039	-0.368844	-0.053625	-0.033737	0.997991	-0.871292	-0.486669	-0.063269	0.487826	-0.872935	-0.003297
22897	9.586100	-1.272378	-0.418459	0.436201	-0.417582	-0.371182	-0.048322	-0.035541	0.998199	-0.869346	-0.490603	-0.059552	0.491836	-0.870658	-0.007191
22898	9.787635	0.742210	-0.044174	0.453834	-0.455666	-0.391849	-0.042639	-0.037589	0.998383	-0.867282	-0.494695	-0.055665	0.495988	-0.868253	-0.011508
22899	9.967594	1.703006	0.106898	0.046713	-0.450342	-0.389950	-0.036994	-0.039546	0.998533	-0.867206	-0.495254	-0.051743	0.496573	-0.867848	-0.015973
22900	9.823056	0.388822	-0.451082	-0.248583	-0.421845	-0.384058	-0.031537	-0.041325	0.998648	-0.868569	-0.493254	-0.047841	0.494564	-0.868903	-0.020338
22901	9.578912	-0.134048	-0.708005	-0.153045	-0.411331	-0.383787	-0.026143	-0.042987	0.998734	-0.869436	-0.492088	-0.043939	0.493354	-0.869483	-0.024510
22902	9.762890	-0.517161	-0.807637	-0.066970	-0.423830	-0.395143	-0.020582	-0.044743	0.998786	-0.869857	-0.491683	-0.039951	0.492874	-0.869624	-0.028800
22903	10.087976	-0.800082	-0.881054	0.230322	-0.425680	-0.406692	-0.014917	-0.046415	0.998811	-0.868792	-0.493873	-0.035925	0.494953	-0.868295	-0.032958
22904	10.078126	-0.373467	-0.808451	0.477428	-0.428837	-0.408849	-0.009203	-0.048120	0.998799	-0.866466	-0.498210	-0.031987	0.499150	-0.865720	-0.037109
22905	10.033296	0.004139	-0.914522	0.654372	-0.439137	-0.395069	-0.003555	-0.049911	0.998747	-0.863206	-0.504060	-0.028262	0.504839	-0.862225	-0.041292
22906	10.121776	0.720522	-0.726842	0.681164	-0.435046	-0.369816	0.001875	-0.051794	0.998656	-0.859748	-0.510113	-0.024842	0.510714	-0.858546	-0.045487
22907	10.065849	0.906372	-0.641882	0.560581	-0.422649	-0.338162	0.006973	-0.053660	0.998535	-0.856856	-0.515099	-0.021697	0.515508	-0.855450	-0.049571
22908	9.901376	0.758873	-0.582374	0.421774	-0.431732	-0.313339	0.011925	-0.055741	0.998374	-0.854642	-0.518878	-0.018762	0.519080	-0.853029	-0.053826
22909	10.012747	0.820789	-0.792596	0.347809	-0.436916	-0.278876	0.016607	-0.057989	0.998179	-0.852791	-0.522003	-0.016138	0.521988	-0.850970	-0.058121
22910	10.116814	0.911859	-0.953302	0.263838	-0.425168	-0.246467	0.020969	-0.060326	0.997958	-0.851362	-0.524397	-0.013811	0.524159	-0.849334	-0.062356
22911	10.057396	0.485998	-1.153276	0.191637	-0.408316	-0.219963	0.025010	-0.062613	0.997724	-0.850304	-0.526162	-0.011705	0.525697	-0.848076	-0.066399
22912	10.000090	0.173285	-1.305799	0.233076	-0.387877	-0.191292	0.028718	-0.064902	0.997478	-0.849022	-0.528264	-0.009928	0.527576	-0.846596	-0.070274
22913	9.882065	0.193758	-1.383869	0.232092	-0.370606	-0.168749	0.032135	-0.067120	0.997227	-0.847742	-0.530342	-0.008378	0.529434	-0.845123	-0.073943
22914	9.626399	-0.350681	-1.352834	0.261026	-0.353409	-0.153499	0.035351	-0.069300	0.996969	-0.846303	-0.532656	-0.007017	0.531528	-0.843490	-0.077479
22915	9.616782	-0.463723	-1.172003	0.446377	-0.357693	-0.147139	0.038528	-0.071502	0.996696	-0.843866	-0.536522	-0.005869	0.535169	-0.840851	-0.081009
22916	9.607443	0.381913	-0.901282	0.523326	-0.353328	-0.138388	0.041633	-0.073735	0.996409	-0.840995	-0.541021	-0.004896	0.539439	-0.837771	-0.084535
22917	9.648026	0.887171	-0.762715	0.402641	-0.348123	-0.128690	0.044624	-0.075924	0.996115	-0.838759	-0.544489	-0.003927	0.542672	-0.835324	-0.087979
22918	9.617797	0.573155	-0.785585	0.220707	-0.342785	-0.117487	0.047512	-0.078155	0.995808	-0.837501	-0.546428	-0.002927	0.544366	-0.833852	-0.091417
22919	9.570760	-0.023134	-0.940468	0.085768	-0.342969	-0.111128	0.050337	-0.080382	0.995492	-0.836977	-0.547234	-0.001865	0.544918	-0.833111	-0.094824
22920	9.520852	-0.607074	-1.114534	0.082307	-0.343601	-0.115150	0.053215	-0.082623	0.995159	-0.836465	-0.548020	-0.000770	0.545430	-0.832375	-0.098274
22921	9.501229	-0.849317	-1.120498	0.196273	-0.360058	-0.118389	0.056197	-0.084943	0.994800	-0.835326	-0.549755	0.000246	0.546875	-0.830996	-0.101850
22922	9.619751	-0.556961	-0.950904	0.385764	-0.376800	-0.121036	0.059313	-0.087414	0.994405	-0.833136	-0.553067	0.001076	0.549878	-0.828538	-0.105632
22923	9.766606	0.413671	-0.684462	0.406521	-0.398082	-0.118123	0.062517	-0.090027	0.993975	-0.830820	-0.556539	0.001848	0.553019	-0.825930	-0.109589
22924	9.698713	1.008531	-0.605867	0.214085	-0.410174	-0.097815	0.065640	-0.092877	0.993512	-0.829567	-0.558401	0.002608	0.554536	-0.824356	-0.113701
22925	9.716345	0.976108	-0.617862	0.086910	-0.426231	-0.084733	0.068733	-0.095890	0.993016	-0.829025	-0.559202	0.003383	0.554972	-0.823467	-0.117931
22926	9.832671	0.770848	-0.831453	0.014381	-0.429154	-0.064935	0.071693	-0.099068	0.992495	-0.828895	-0.559390	0.004039	0.554791	-0.822963	-0.122221
22927	9.688590	0.658981	-0.971368	0.005338	-0.431230	-0.051708	0.074539	-0.102302	0.991957	-0.828824	-0.559491	0.004580	0.554522	-0.822499	-0.126494
22928	9.424814	0.289260	-1.290642	-0.046393	-0.432601	-0.038222	0.077295	-0.105652	0.991395	-0.829048	-0.559155	0.005048	0.553810	-0.822303	-0.130810
22929	9.447950	-0.141174	-1.500237	0.023505	-0.444914	-0.035288	0.080076	-0.109087	0.990802	-0.828886	-0.559391	0.005401	0.553657	-0.821694	-0.135215
22930	9.607099	-0.268397	-1.478581	0.145310	-0.450117	-0.033094	0.082886	-0.112604	0.990177	-0.828049	-0.560628	0.005559	0.554495	-0.820376	-0.139710
22931	9.778909	-0.034085	-1.739363	0.209057	-0.451161	-0.029571	0.085661	-0.116111	0.989536	-0.826860	-0.562380	0.005590	0.555846	-0.818686	-0.144181
22932	9.675228	0.305269	-1.712179	0.236561	-0.445815	-0.015726	0.088313	-0.119675	0.988878	-0.825524	-0.564340	0.005428	0.557414	-0.816822	-0.148633
22933	9.650596	0.350434	-1.497503	0.218100	-0.458384	-0.001902	0.090913	-0.123379	0.988187	-0.824302	-0.566128	0.005152	0.558804	-0.815032	-0.153169
22934	9.551516	0.345431	-1.152414	0.189093	-0.467401	0.013179	0.093460	-0.127265	0.987456	-0.823251	-0.567658	0.004757	0.559932	-0.813368	-0.157824
22935	9.540124	0.292792	-1.139220	0.180019	-0.490702	0.022596	0.096049	-0.131356	0.986671	-0.822259	-0.569097	0.004280	0.560950	-0.811711	-0.162670
22936	9.584171	0.325679	-0.893044	0.142295	-0.513326	0.025745	0.098760	-0.135670	0.985819	-0.821480	-0.570224	0.003821	0.561620	-0.810209	-0.167766
22937	9.441592	-0.783545	-0.958420	0.043373	-0.554531	0.026168	0.101684	-0.140285	0.984876	-0.821259	-0.570545	0.003523	0.561422	-0.809196	-0.173225
22938	9.274010	-1.646454	-0.993550	0.360173	-0.610455	0.024228	0.104959	-0.145358	0.983796	-0.819252	-0.573428	0.002679	0.563746	-0.806258	-0.179271
22939	9.364779	-0.553322	-0.690618	0.741704	-0.679001	0.026758	0.108612	-0.150943	0.982558	-0.815075	-0.579355	0.001096	0.569084	-0.800977	-0.185955
22940	9.331975	0.833710	-0.501515	0.757900	-0.725859	0.034459	0.112518	-0.156941	0.981177	-0.810773	-0.585360	-0.000652	0.574444	-0.795439	-0.193107
22941	9.282734	1.221377	-0.438966	0.587688	-0.772140	0.058018	0.116524	-0.163380	0.979658	-0.807448	-0.589934	-0.002344	0.578317	-0.790749	-0.200663
22942	9.329908	1.076073	-0.377684	0.424329	-0.823867	0.083131	0.120665	-0.170370	0.977964	-0.805081	-0.593151	-0.003998	0.580762	-0.786858	-0.208734
22943	9.382654	0.955730	-0.590851	0.288251	-0.873639	0.098945	0.124973	-0.177792	0.976100	-0.803522	-0.595250	-0.005545	0.582009	-0.783625	-0.217250
22944	9.726948	0.567512	-0.774993	0.219388	-0.912455	0.119580	0.129362	-0.185637	0.974066	-0.802390	-0.596757	-0.007167	0.582611	-0.780654	-0.226151
22945	9.552526	-0.043335	-1.215490	0.129401	-0.949594	0.129270	0.133881	-0.193784	0.971866	-0.801801	-0.597528	-0.008690	0.582401	-0.778080	-0.235374
22946	9.625210	-0.707111	-1.388924	0.256760	-1.013925	0.143565	0.138674	-0.202507	0.969412	-0.800494	-0.599245	-0.010670	0.583076	-0.774530	-0.245206
22947	9.895783	-0.524312	-0.927369	0.539598	-1.059571	0.156191	0.143644	-0.211598	0.966743	-0.797555	-0.603095	-0.013499	0.585894	-0.769092	-0.255392
22948	9.706904	0.446211	-0.148740	0.582204	-1.117724	0.156466	0.148996	-0.221100	0.963802	-0.794358	-0.607226	-0.016499	0.588894	-0.763146	-0.266107
22949	9.546738	0.973530	0.582421	0.544720	-1.209737	0.174245	0.154778	-0.231331	0.960484	-0.791402	-0.610981	-0.019623	0.591377	-0.757092	-0.277642
22950	9.940462	1.226272	0.946012	0.383493	-1.327742	0.190869	0.161158	-0.242501	0.956672	-0.789427	-0.613432	-0.022511	0.592312	-0.751595	-0.290296
22951	10.910988	1.498789	1.006267	0.379734	-1.439983	0.200971	0.168131	-0.254490	0.952348	-0.787501	-0.615785	-0.025524	0.592937	-0.745683	-0.303944
22952	11.145699	1.129085	0.579692	0.253362	-1.525527	0.193241	0.175679	-0.266993	0.947550	-0.786324	-0.617174	-0.028116	0.592310	-0.740143	-0.318368
22953	11.284939	0.147096	-0.108961	0.259294	-1.629375	0.165302	0.184048	-0.279999	0.942193	-0.785080	-0.618644	-0.030490	0.591419	-0.734085	-0.333682
22954	12.018658	-0.226789	-0.549152	0.466033	-1.722642	0.138356	0.193179	-0.293408	0.936266	-0.782576	-0.621661	-0.033348	0.591824	-0.726257	-0.349706
22955	13.331278	-0.519064	-0.413741	0.616569	-1.801752	0.115376	0.202977	-0.307103	0.929778	-0.779144	-0.625775	-0.036599	0.593072	-0.717003	-0.366296
22956	14.550627	-1.658139	0.318067	0.611038	-1.902300	0.139587	0.213201	-0.321492	0.922598	-0.775800	-0.629700	-0.040150	0.593868	-0.707192	-0.383667
22957	13.860166	-2.177093	1.103248	0.853620	-1.993869	0.177461	0.223716	-0.336570	0.914698	-0.771100	-0.635114	-0.045100	0.596117	-0.695234	-0.401614
22958	13.567936	-1.501906	1.806914	0.718673	-2.127893	0.256049	0.234450	-0.352829	0.905840	-0.767391	-0.639199	-0.050355	0.596779	-0.683327	-0.420618
