// General information: 
//  MT Manager version: 2022.2.0 
//  XDA version: 2022.2.0 build 7381 rev 124627 built on 2023-07-19
// Device information: 
//  DeviceId: 00B4CBA7
//  ProductCode: MTW2-3A7G6
//  Firmware Version: 4.6.0
//  Hardware Version: 2.0.0
// Device settings: 
//  Filter Profile: human(46.1)
//  Option Flags: Orientation Smoother Disabled, Position/Velocity Smoother Disabled, Continuous Zero Rotation Update Disabled, AHS Disabled, ICC Disabled
// Coordinate system: ENU
PacketCounter	Acc_X	Acc_Y	Acc_Z	Gyr_X	Gyr_Y	Gyr_Z	Mat[1][1]	Mat[2][1]	Mat[3][1]	Mat[1][2]	Mat[2][2]	Mat[3][2]	Mat[1][3]	Mat[2][3]	Mat[3][3]
01426	9.430291	-0.194521	-2.586979	0.077557	-0.098979	-0.010905	-0.214542	-0.133804	0.967506	-0.566350	0.824083	-0.011618	-0.795751	-0.550439	-0.252580
01427	9.343404	-0.151350	-2.672959	0.100937	-0.109617	-0.008506	-0.215342	-0.134504	0.967231	-0.567173	0.823515	-0.011755	-0.794948	-0.551119	-0.253624
01428	9.370895	-0.074766	-2.718059	0.104375	-0.117447	-0.002520	-0.216283	-0.135230	0.966920	-0.568009	0.822936	-0.011961	-0.794096	-0.551806	-0.254799
01429	9.472822	-0.011077	-2.829773	0.089322	-0.107944	-0.003961	-0.217093	-0.135885	0.966647	-0.568728	0.822436	-0.012114	-0.793359	-0.552389	-0.255827
01430	9.490171	-0.100993	-2.952052	0.072598	-0.093474	-0.003631	-0.217836	-0.136489	0.966394	-0.569313	0.822030	-0.012230	-0.792736	-0.552845	-0.256773
01431	9.412455	-0.185301	-2.956807	0.066487	-0.087950	-0.009922	-0.218453	-0.137083	0.966171	-0.569864	0.821647	-0.012269	-0.792170	-0.553266	-0.257610
01432	9.344037	-0.328298	-2.966143	0.077259	-0.085244	-0.009110	-0.219099	-0.137688	0.965939	-0.570497	0.821207	-0.012346	-0.791536	-0.553770	-0.258476
01433	9.408746	-0.288394	-3.094236	0.088057	-0.070202	-0.012656	-0.219558	-0.138207	0.965760	-0.571224	0.820700	-0.012415	-0.790884	-0.554391	-0.259138
01434	9.369244	-0.116436	-3.184260	0.092595	-0.048857	-0.011073	-0.219905	-0.138627	0.965621	-0.571981	0.820171	-0.012514	-0.790240	-0.555069	-0.259652
01435	9.353670	-0.077770	-3.212012	0.081402	-0.041811	-0.012495	-0.220140	-0.138988	0.965516	-0.572654	0.819701	-0.012569	-0.789687	-0.555674	-0.260041
01436	9.307177	-0.016712	-3.081431	0.074181	-0.026616	-0.011256	-0.220311	-0.139287	0.965434	-0.573266	0.819272	-0.012619	-0.789195	-0.556230	-0.260343
01437	9.337026	0.025978	-2.826132	0.047623	-0.020951	-0.010089	-0.220394	-0.139512	0.965382	-0.573666	0.818992	-0.012610	-0.788881	-0.556586	-0.260534
01438	9.288624	-0.002915	-2.696800	0.019877	-0.013346	-0.006360	-0.220488	-0.139698	0.965334	-0.573838	0.818872	-0.012565	-0.788730	-0.556716	-0.260716
01439	9.298251	0.034788	-2.640717	-0.006024	-0.013301	-0.008740	-0.220519	-0.139870	0.965302	-0.573812	0.818892	-0.012429	-0.788740	-0.556643	-0.260841
01440	9.334419	-0.001620	-2.727805	-0.037458	-0.011496	-0.004775	-0.220608	-0.140033	0.965258	-0.573529	0.819094	-0.012250	-0.788921	-0.556306	-0.261011
01441	9.325216	0.024720	-2.681314	-0.034792	-0.015838	-0.004725	-0.220681	-0.140186	0.965219	-0.573267	0.819280	-0.012078	-0.789091	-0.555993	-0.261164
01442	9.445498	0.011109	-2.528451	-0.022340	-0.023744	-0.001115	-0.220887	-0.140388	0.965143	-0.573095	0.819402	-0.011973	-0.789159	-0.555763	-0.261451
01443	9.548251	0.014358	-2.487876	-0.031643	-0.023209	-0.003872	-0.221024	-0.140575	0.965084	-0.572856	0.819571	-0.011817	-0.789294	-0.555466	-0.261674
01444	9.474036	-0.038269	-2.587970	-0.044992	-0.023315	0.002325	-0.221246	-0.140745	0.965008	-0.572497	0.819824	-0.011685	-0.789492	-0.555049	-0.261959
01445	9.373765	-0.083349	-2.709653	-0.042492	-0.027897	0.009015	-0.221494	-0.140853	0.964936	-0.572144	0.820071	-0.011625	-0.789679	-0.554657	-0.262228
01446	9.372547	-0.049156	-2.755124	-0.026414	-0.031072	0.007623	-0.221806	-0.141022	0.964839	-0.571920	0.820228	-0.011593	-0.789753	-0.554382	-0.262585
01447	9.367166	0.061923	-2.766762	-0.034817	-0.029087	0.018084	-0.222116	-0.141062	0.964762	-0.571607	0.820445	-0.011639	-0.789893	-0.554050	-0.262866
01448	9.435823	-0.004065	-2.822275	-0.048721	-0.024400	0.016440	-0.222426	-0.141122	0.964682	-0.571187	0.820738	-0.011633	-0.790109	-0.553601	-0.263160
01449	9.413642	-0.107767	-2.837336	-0.039236	-0.027509	0.014821	-0.222704	-0.141179	0.964609	-0.570846	0.820975	-0.011637	-0.790277	-0.553235	-0.263426
01450	9.445550	-0.102639	-2.849306	-0.032996	-0.022435	0.023770	-0.223041	-0.141169	0.964533	-0.570534	0.821190	-0.011742	-0.790408	-0.552918	-0.263700
01451	9.461993	-0.119329	-2.989287	-0.034150	-0.010982	0.024263	-0.223242	-0.141057	0.964503	-0.570212	0.821412	-0.011850	-0.790583	-0.552617	-0.263806
01452	9.382210	-0.092092	-2.994470	-0.024632	-0.007406	0.022853	-0.223455	-0.140971	0.964466	-0.569968	0.821580	-0.011968	-0.790699	-0.552389	-0.263935
01453	9.366678	-0.082761	-2.916246	-0.024110	-0.003746	0.023861	-0.223596	-0.140822	0.964455	-0.569726	0.821746	-0.012099	-0.790833	-0.552181	-0.263969
01454	9.366703	-0.084039	-2.916130	-0.043319	0.006828	0.024425	-0.223706	-0.140645	0.964456	-0.569330	0.822019	-0.012183	-0.791087	-0.551819	-0.263964
01455	9.320559	-0.084483	-2.886503	-0.059863	0.013061	0.025027	-0.223721	-0.140394	0.964489	-0.568803	0.822383	-0.012230	-0.791462	-0.551340	-0.263841
01456	9.329582	-0.109707	-2.933252	-0.066914	0.013358	0.026281	-0.223790	-0.140166	0.964506	-0.568216	0.822788	-0.012270	-0.791864	-0.550793	-0.263776
01457	9.428127	-0.092226	-2.960025	-0.074429	0.029021	0.022411	-0.223663	-0.139848	0.964581	-0.567579	0.823228	-0.012253	-0.792357	-0.550216	-0.263501
01458	9.506559	-0.082381	-2.935589	-0.077492	0.037462	0.026341	-0.223541	-0.139488	0.964662	-0.566907	0.823691	-0.012266	-0.792872	-0.549615	-0.263205
01459	9.506966	-0.212208	-2.952178	-0.078932	0.049397	0.021684	-0.223248	-0.139064	0.964791	-0.566235	0.824153	-0.012231	-0.793434	-0.549029	-0.262734
01460	9.417430	-0.250302	-2.907440	-0.047231	0.049884	0.020606	-0.222995	-0.138683	0.964904	-0.565815	0.824441	-0.012269	-0.793805	-0.548694	-0.262315
01461	9.446071	-0.197796	-2.776146	-0.028588	0.044103	0.012215	-0.222690	-0.138367	0.965020	-0.565564	0.824613	-0.012276	-0.794070	-0.548514	-0.261888
01462	9.424314	-0.101884	-2.539792	-0.018710	0.039722	0.004357	-0.222425	-0.138175	0.965109	-0.565407	0.824722	-0.012231	-0.794256	-0.548399	-0.261564
01463	9.392327	-0.076406	-2.319417	-0.034920	0.028516	0.000508	-0.222178	-0.138042	0.965185	-0.565130	0.824913	-0.012109	-0.794522	-0.548146	-0.261289
01464	9.292300	-0.218789	-2.249769	-0.047850	0.027174	0.000434	-0.221990	-0.137951	0.965241	-0.564750	0.825175	-0.011951	-0.794844	-0.547773	-0.261088
01465	9.351288	-0.185574	-2.277743	-0.069248	0.029588	0.003769	-0.221752	-0.137784	0.965319	-0.564194	0.825558	-0.011770	-0.795306	-0.547237	-0.260806
01466	9.363670	-0.082381	-2.360706	-0.098442	0.050996	-0.004181	-0.221347	-0.137601	0.965438	-0.563421	0.826091	-0.011436	-0.795966	-0.546480	-0.260380
01467	9.381122	0.109358	-2.497918	-0.127182	0.057037	-0.007057	-0.220829	-0.137374	0.965589	-0.562426	0.826774	-0.011001	-0.796813	-0.545502	-0.259839
01468	9.445927	0.163469	-2.493769	-0.138561	0.057171	-0.002069	-0.220386	-0.137141	0.965724	-0.561328	0.827526	-0.010584	-0.797710	-0.544420	-0.259356
01469	9.405609	-0.009319	-2.618618	-0.112484	0.043164	0.005037	-0.220046	-0.136891	0.965837	-0.560421	0.828144	-0.010305	-0.798441	-0.543543	-0.258946
01470	9.401673	-0.095234	-2.560282	-0.057263	0.019027	0.011052	-0.219979	-0.136757	0.965871	-0.559941	0.828470	-0.010225	-0.798796	-0.543080	-0.258821
01471	9.431663	-0.111335	-2.657026	-0.042145	0.007712	0.019440	-0.220002	-0.136581	0.965891	-0.559564	0.828724	-0.010268	-0.799054	-0.542736	-0.258747
01472	9.440408	-0.067335	-2.789371	-0.017099	-0.004119	0.022495	-0.220184	-0.136477	0.965864	-0.559379	0.828847	-0.010402	-0.799134	-0.542574	-0.258841
01473	9.446149	-0.149906	-2.884545	-0.003464	-0.007349	0.023770	-0.220352	-0.136347	0.965844	-0.559301	0.828897	-0.010587	-0.799142	-0.542530	-0.258908
01474	9.437885	-0.227144	-2.960816	0.026739	-0.010163	0.024728	-0.220594	-0.136258	0.965801	-0.559461	0.828786	-0.010857	-0.798963	-0.542723	-0.259056
01475	9.423639	-0.190068	-2.984551	0.071569	-0.007095	0.021987	-0.220750	-0.136141	0.965782	-0.559986	0.828426	-0.011218	-0.798552	-0.543301	-0.259112
01476	9.395744	0.045893	-2.801899	0.115652	-0.011819	0.022334	-0.220993	-0.136081	0.965735	-0.560862	0.827827	-0.011696	-0.797870	-0.544228	-0.259267
01477	9.441329	0.070373	-2.623665	0.100093	-0.011601	0.024455	-0.221199	-0.135969	0.965704	-0.561608	0.827314	-0.012155	-0.797287	-0.545036	-0.259363
01478	9.392662	0.069941	-2.536440	0.078705	-0.006326	0.025493	-0.221416	-0.135854	0.965670	-0.562181	0.826919	-0.012567	-0.796824	-0.545664	-0.259468
01479	9.387485	0.012845	-2.523963	0.053148	-0.012286	0.032728	-0.221674	-0.135677	0.965636	-0.562534	0.826672	-0.012985	-0.796502	-0.546081	-0.259575
01480	9.355120	-0.096431	-2.638992	0.032167	-0.013919	0.032060	-0.221988	-0.135549	0.965581	-0.562720	0.826540	-0.013339	-0.796283	-0.546313	-0.259759
01481	9.356517	-0.104590	-2.700101	0.047985	-0.018468	0.032573	-0.222295	-0.135408	0.965531	-0.563032	0.826321	-0.013743	-0.795977	-0.546680	-0.259926
01482	9.431397	-0.026694	-2.705378	0.038529	-0.023796	0.040965	-0.222738	-0.135260	0.965449	-0.563248	0.826166	-0.014200	-0.795701	-0.546950	-0.260203
01483	9.416892	-0.025175	-2.688561	0.033123	-0.025633	0.038159	-0.223133	-0.135112	0.965379	-0.563429	0.826035	-0.014618	-0.795462	-0.547184	-0.260442
01484	9.395482	-0.037386	-2.641085	0.025071	-0.025937	0.037587	-0.223572	-0.135006	0.965292	-0.563547	0.825948	-0.015007	-0.795255	-0.547342	-0.260741
01485	9.462144	-0.102903	-2.636966	0.019254	-0.020870	0.036494	-0.223920	-0.134845	0.965234	-0.563620	0.825891	-0.015373	-0.795105	-0.547468	-0.260935
01486	9.397921	-0.156824	-2.637379	0.014845	-0.022089	0.035502	-0.224317	-0.134734	0.965157	-0.563660	0.825858	-0.015715	-0.794965	-0.547545	-0.261198
01487	9.445567	-0.199612	-2.685319	0.024543	-0.023936	0.032024	-0.224664	-0.134628	0.965091	-0.563785	0.825765	-0.016052	-0.794778	-0.547711	-0.261421
01488	9.549871	-0.240706	-2.662088	0.032236	-0.029848	0.027197	-0.225076	-0.134628	0.964995	-0.563982	0.825625	-0.016360	-0.794522	-0.547922	-0.261756
01489	9.535352	-0.237883	-2.645260	0.029896	-0.020310	0.027783	-0.225371	-0.134536	0.964939	-0.564159	0.825498	-0.016670	-0.794313	-0.548136	-0.261943
01490	9.369614	-0.430172	-2.828234	0.021070	-0.017102	0.021271	-0.225648	-0.134515	0.964878	-0.564280	0.825411	-0.016892	-0.794148	-0.548272	-0.262156
01491	9.377596	-0.458205	-2.877763	0.085162	-0.020901	0.020364	-0.225905	-0.134488	0.964821	-0.564912	0.824970	-0.017275	-0.793625	-0.548942	-0.262339
01492	9.480251	-0.190193	-2.925599	0.080657	-0.010030	0.021693	-0.226129	-0.134425	0.964778	-0.565504	0.824556	-0.017658	-0.793140	-0.549579	-0.262474
01493	9.335422	-0.141995	-2.953756	0.054683	0.002261	0.021608	-0.226210	-0.134261	0.964781	-0.565892	0.824284	-0.017974	-0.792840	-0.550028	-0.262438
01494	9.328636	-0.125049	-2.964941	0.040809	0.007026	0.019957	-0.226290	-0.134118	0.964783	-0.566171	0.824086	-0.018236	-0.792618	-0.550359	-0.262416
01495	9.337501	-0.052911	-2.889492	0.037704	0.008786	0.023665	-0.226330	-0.133901	0.964803	-0.566419	0.823909	-0.018527	-0.792429	-0.550676	-0.262320
01496	9.351731	-0.096320	-2.864520	0.015138	0.024493	0.020483	-0.226275	-0.133658	0.964850	-0.566494	0.823853	-0.018726	-0.792392	-0.550819	-0.262134
01497	9.361093	-0.157634	-2.867220	0.002104	0.032454	0.024999	-0.226135	-0.133300	0.964932	-0.566456	0.823874	-0.018937	-0.792458	-0.550874	-0.261816
01498	9.360231	-0.155379	-2.804616	0.002036	0.031401	0.020236	-0.226024	-0.133022	0.964997	-0.566428	0.823890	-0.019099	-0.792510	-0.550918	-0.261566
01499	9.374776	-0.097906	-2.655861	0.000564	0.028177	0.022179	-0.225902	-0.132711	0.965068	-0.566385	0.823916	-0.019279	-0.792576	-0.550955	-0.261290
01500	9.420037	-0.164636	-2.537228	0.005846	0.025091	0.017719	-0.225827	-0.132488	0.965116	-0.566392	0.823907	-0.019426	-0.792592	-0.551021	-0.261100
01501	9.487884	-0.093832	-2.447969	0.002509	0.031190	0.018754	-0.225662	-0.132188	0.965196	-0.566372	0.823917	-0.019578	-0.792653	-0.551078	-0.260794
01502	9.319989	-0.207678	-2.591464	-0.030522	0.038186	0.024429	-0.225520	-0.131837	0.965277	-0.566076	0.824118	-0.019696	-0.792905	-0.550862	-0.260485
01503	9.231697	-0.148196	-2.735533	-0.028824	0.031440	0.029697	-0.225415	-0.131446	0.965355	-0.565783	0.824315	-0.019871	-0.793144	-0.550661	-0.260183
01504	9.358505	-0.112332	-2.841724	-0.057925	0.028607	0.046909	-0.225475	-0.130963	0.965407	-0.565219	0.824695	-0.020135	-0.793529	-0.550206	-0.259971
01505	9.349528	0.051450	-2.901655	-0.061932	0.026129	0.039676	-0.225468	-0.130519	0.965468	-0.564640	0.825087	-0.020321	-0.793943	-0.549724	-0.259727
01506	9.411508	-0.133271	-2.793734	-0.049503	0.032229	0.031929	-0.225414	-0.130140	0.965532	-0.564176	0.825401	-0.020461	-0.794288	-0.549342	-0.259479
01507	9.351364	-0.330860	-2.738180	-0.008955	0.040617	0.028371	-0.225228	-0.129709	0.965633	-0.564044	0.825486	-0.020676	-0.794435	-0.549316	-0.259084
01508	9.403517	-0.385036	-2.649106	0.032735	0.038583	0.029075	-0.225107	-0.129319	0.965714	-0.564239	0.825344	-0.021002	-0.794331	-0.549621	-0.258758
01509	9.332464	-0.345638	-2.680617	0.053106	0.042945	0.035575	-0.224943	-0.128816	0.965819	-0.564583	0.825097	-0.021447	-0.794132	-0.550110	-0.258327
01510	9.364574	0.003031	-2.741536	0.060744	0.038870	0.046921	-0.224923	-0.128275	0.965896	-0.564960	0.824824	-0.022019	-0.793870	-0.550646	-0.257992
01511	9.456383	0.240919	-2.722734	0.029416	0.041997	0.055534	-0.224879	-0.127613	0.965994	-0.565071	0.824733	-0.022595	-0.793803	-0.550937	-0.257576
01512	9.458469	0.128299	-2.650698	-0.007383	0.045061	0.054310	-0.224850	-0.126979	0.966084	-0.564892	0.824842	-0.023061	-0.793939	-0.550919	-0.257195
01513	9.361204	-0.168689	-2.588115	-0.006603	0.047209	0.055713	-0.224766	-0.126286	0.966195	-0.564717	0.824949	-0.023546	-0.794088	-0.550919	-0.256737
01514	9.398065	-0.146477	-2.504978	0.029461	0.037418	0.064834	-0.224857	-0.125607	0.966262	-0.564806	0.824869	-0.024208	-0.793999	-0.551194	-0.256421
01515	9.482328	0.041951	-2.413474	0.045474	0.028461	0.068052	-0.224992	-0.124916	0.966320	-0.565016	0.824703	-0.024946	-0.793811	-0.551599	-0.256130
01516	9.452155	0.124435	-2.339161	0.028818	0.016868	0.077443	-0.225316	-0.124247	0.966331	-0.565072	0.824640	-0.025727	-0.793679	-0.551843	-0.256013
01517	9.492349	-0.005910	-2.267274	0.038790	0.011696	0.081421	-0.225660	-0.123538	0.966342	-0.565199	0.824527	-0.026577	-0.793491	-0.552172	-0.255886
01518	9.461813	-0.231962	-2.371331	0.053078	0.001028	0.086186	-0.226157	-0.122884	0.966309	-0.565425	0.824341	-0.027503	-0.793188	-0.552596	-0.255912
01519	9.466411	-0.324536	-2.465186	0.123245	-0.011432	0.094020	-0.226756	-0.122199	0.966255	-0.566192	0.823774	-0.028691	-0.792470	-0.553592	-0.255983
01520	9.531727	-0.119702	-2.430835	0.179118	-0.018830	0.101600	-0.227499	-0.121529	0.966165	-0.567382	0.822905	-0.030090	-0.791405	-0.555030	-0.256163
01521	9.437596	0.148745	-2.348734	0.174247	-0.029922	0.115898	-0.228370	-0.120769	0.966055	-0.568498	0.822077	-0.031620	-0.790352	-0.556422	-0.256394
01522	9.471645	0.200884	-2.256880	0.154774	-0.047605	0.122564	-0.229459	-0.120090	0.965881	-0.569442	0.821362	-0.033158	-0.789357	-0.557622	-0.256853
01523	9.492298	0.187258	-2.121530	0.124388	-0.059639	0.128214	-0.230637	-0.119396	0.965687	-0.570131	0.820821	-0.034680	-0.788516	-0.558567	-0.257383
01524	9.465938	0.107807	-2.123464	0.106758	-0.073437	0.142870	-0.232045	-0.118696	0.965436	-0.570643	0.820396	-0.036291	-0.787732	-0.559340	-0.258102
01525	9.483495	0.103446	-2.121551	0.084943	-0.087123	0.154680	-0.233590	-0.117941	0.965156	-0.570954	0.820103	-0.037968	-0.787050	-0.559929	-0.258907
01526	9.525815	-0.050364	-2.237509	0.062114	-0.101413	0.164702	-0.235341	-0.117221	0.964818	-0.571057	0.819951	-0.039674	-0.786453	-0.560303	-0.259907
01527	9.511405	-0.139147	-2.262281	0.077574	-0.121332	0.178480	-0.237290	-0.116464	0.964432	-0.571248	0.819724	-0.041561	-0.785728	-0.560793	-0.261042
01528	9.487347	-0.164872	-2.224384	0.099143	-0.136668	0.184626	-0.239429	-0.115780	0.963986	-0.571588	0.819384	-0.043555	-0.784832	-0.561431	-0.262362
01529	9.632122	-0.036805	-1.967952	0.106278	-0.173887	0.188401	-0.241846	-0.115240	0.963447	-0.571971	0.819005	-0.045614	-0.783811	-0.562095	-0.263987
01530	9.605240	-0.164095	-1.806684	0.085814	-0.200196	0.193614	-0.244530	-0.114841	0.962817	-0.572173	0.818747	-0.047660	-0.782830	-0.562552	-0.265917
01531	9.428006	-0.361092	-1.634511	0.116525	-0.224715	0.215865	-0.247499	-0.114366	0.962115	-0.572557	0.818338	-0.050012	-0.781615	-0.563243	-0.268019
01532	9.491983	-0.194891	-1.523192	0.140679	-0.267476	0.222244	-0.250867	-0.114115	0.961272	-0.573104	0.817801	-0.052481	-0.780140	-0.564074	-0.270559
01533	9.524553	-0.262427	-1.445512	0.102238	-0.309585	0.239477	-0.254629	-0.113931	0.960304	-0.573299	0.817497	-0.055024	-0.778776	-0.564552	-0.273474
01534	9.611211	-0.292990	-1.534608	0.128096	-0.342426	0.243932	-0.258694	-0.113930	0.959217	-0.573671	0.817053	-0.057670	-0.777161	-0.565194	-0.276725
01535	9.977180	-0.268266	-1.580370	0.104096	-0.375614	0.249897	-0.263020	-0.114038	0.958027	-0.573831	0.816749	-0.060320	-0.775589	-0.565611	-0.280260
01536	9.845818	-0.466286	-1.793565	0.081134	-0.410864	0.259955	-0.267693	-0.114296	0.956701	-0.573772	0.816589	-0.062989	-0.774032	-0.565790	-0.284175
01537	9.566063	-0.170354	-1.987481	0.130232	-0.451326	0.295125	-0.272852	-0.114468	0.955222	-0.573986	0.816189	-0.066148	-0.772070	-0.566332	-0.288402
01538	9.716320	-0.010397	-1.692669	0.110872	-0.512340	0.331872	-0.278703	-0.114717	0.953501	-0.573928	0.815944	-0.069588	-0.770021	-0.566635	-0.293245
01539	9.859102	0.060074	-1.745358	0.062504	-0.530420	0.338052	-0.284697	-0.114990	0.951696	-0.573461	0.815978	-0.072958	-0.768173	-0.566531	-0.298249
01540	9.955237	-0.103596	-1.528190	-0.021226	-0.576796	0.338662	-0.291055	-0.115546	0.949703	-0.572327	0.816491	-0.076063	-0.766635	-0.565679	-0.303774
01541	10.089967	-0.721019	-1.513085	-0.106425	-0.623304	0.339137	-0.297744	-0.116322	0.947532	-0.570518	0.817485	-0.078917	-0.765413	-0.564082	-0.309765
01542	10.050767	-1.010475	-1.103466	-0.108153	-0.697138	0.330534	-0.304944	-0.117597	0.945082	-0.568699	0.818483	-0.081655	-0.763931	-0.562368	-0.316469
01543	10.165714	-0.918501	-0.270587	-0.260399	-0.708086	0.315198	-0.312115	-0.119012	0.942560	-0.565744	0.820316	-0.083761	-0.763228	-0.559391	-0.323364
01544	10.480872	-0.473731	-0.090812	-0.490746	-0.653266	0.297893	-0.318763	-0.120250	0.940176	-0.561062	0.823407	-0.084911	-0.763937	-0.554564	-0.329939
01545	10.580928	0.110948	0.831545	-0.662582	-0.648759	0.278586	-0.325256	-0.121555	0.937781	-0.555104	0.827397	-0.085283	-0.765551	-0.548305	-0.336591
01546	10.510840	0.402943	1.194889	-0.837339	-0.610168	0.251464	-0.331293	-0.122833	0.935498	-0.547864	0.832264	-0.084740	-0.768173	-0.540600	-0.343019
01547	10.112007	0.342484	1.311726	-0.849168	-0.814300	0.229568	-0.338783	-0.125313	0.932482	-0.540570	0.837105	-0.083900	-0.770071	-0.532496	-0.351337
01548	10.505952	0.084836	1.272444	-0.747402	-1.111926	0.232071	-0.348553	-0.129282	0.928330	-0.534025	0.841351	-0.083337	-0.770278	-0.524799	-0.362295
01549	11.128296	-0.108805	1.347517	-0.618104	-1.393347	0.234949	-0.360500	-0.134592	0.922998	-0.528443	0.844882	-0.083195	-0.768627	-0.517744	-0.375704
01550	11.784627	-0.146396	0.993999	-0.561568	-1.607097	0.245099	-0.374065	-0.140815	0.916650	-0.523246	0.848107	-0.083239	-0.765695	-0.510770	-0.390928
01551	12.296608	-0.207897	0.111640	-0.513200	-1.785826	0.256137	-0.389014	-0.147727	0.909310	-0.518357	0.851078	-0.083493	-0.761560	-0.503828	-0.407657
01552	12.381234	-0.351456	-0.657123	-0.439173	-1.898709	0.237066	-0.404583	-0.155237	0.901229	-0.514097	0.853634	-0.083752	-0.756318	-0.497203	-0.425173
01553	12.205865	-0.547973	-1.774569	-0.319194	-1.957826	0.181441	-0.420237	-0.163391	0.892583	-0.510954	0.855498	-0.083959	-0.749885	-0.491351	-0.442997
01554	12.138468	-0.389708	-2.794316	-0.132665	-1.951100	0.125740	-0.435362	-0.171881	0.883695	-0.509441	0.856355	-0.084418	-0.742247	-0.486943	-0.460387
01555	11.961836	0.053651	-4.439499	0.019118	-1.867984	0.097006	-0.449621	-0.180145	0.874865	-0.509163	0.856430	-0.085326	-0.733889	-0.483814	-0.476793
01556	11.155157	0.109427	-5.330741	0.139713	-1.818413	0.058831	-0.463106	-0.188442	0.866038	-0.509931	0.855860	-0.086454	-0.724916	-0.481657	-0.492446
01557	10.479225	0.055100	-6.182208	0.245870	-1.789656	0.000602	-0.475975	-0.197073	0.857094	-0.511710	0.854675	-0.087654	-0.715262	-0.480305	-0.507648
01558	9.978630	-0.304489	-6.766727	0.353085	-1.709372	-0.064182	-0.487708	-0.205852	0.848390	-0.514546	0.852846	-0.088860	-0.705254	-0.479874	-0.521860
01559	9.434645	-0.801808	-6.946472	0.442797	-1.590269	-0.122802	-0.498188	-0.214561	0.840103	-0.518265	0.850458	-0.090130	-0.695134	-0.480297	-0.534887
01560	8.826556	-1.458945	-7.198141	0.524655	-1.411025	-0.199787	-0.506811	-0.223070	0.832696	-0.522909	0.847492	-0.091229	-0.685353	-0.481660	-0.546163
01561	8.005400	-1.784878	-7.473538	0.630118	-1.207640	-0.274080	-0.513567	-0.231248	0.826301	-0.528610	0.843822	-0.092393	-0.675885	-0.484241	-0.555599
01562	7.448379	-2.177202	-7.751426	0.695390	-0.980857	-0.357494	-0.518181	-0.239051	0.821184	-0.535144	0.839596	-0.093274	-0.667165	-0.487784	-0.562989
01563	7.106582	-2.493038	-7.462848	0.828119	-0.681993	-0.436800	-0.520327	-0.246079	0.817744	-0.542917	0.834470	-0.094344	-0.659166	-0.493057	-0.567798
01564	6.299173	-1.612984	-7.063645	1.006752	-0.378667	-0.469417	-0.520174	-0.251889	0.816070	-0.551978	0.828294	-0.096176	-0.651720	-0.500480	-0.569895
01565	6.018187	0.530677	-5.886572	0.927784	-0.025709	-0.446343	-0.517836	-0.255730	0.816363	-0.560330	0.822477	-0.097784	-0.646433	-0.508068	-0.569202
01566	6.744497	2.026808	-3.832966	0.365618	0.381868	-0.419047	-0.512948	-0.257252	0.818966	-0.564872	0.819532	-0.096370	-0.646377	-0.512044	-0.565692
01567	7.007748	2.353354	-3.156108	-0.500517	0.774950	-0.453162	-0.505332	-0.257036	0.823755	-0.563940	0.820919	-0.089799	-0.653154	-0.509927	-0.559789
01568	6.729948	1.109939	-4.960212	-1.228288	1.140231	-0.508192	-0.494893	-0.255480	0.830549	-0.558400	0.825830	-0.078701	-0.665786	-0.502727	-0.551357
01569	6.297134	-0.991614	-5.978025	-1.438995	1.517881	-0.563739	-0.481518	-0.252609	0.839243	-0.551473	0.831569	-0.066110	-0.681189	-0.494653	-0.539723
01570	6.355370	-2.087375	-5.711661	-1.189944	1.880599	-0.615048	-0.465119	-0.248520	0.849648	-0.546201	0.835878	-0.054512	-0.696655	-0.489434	-0.524525
01571	6.652294	-1.834944	-5.291652	-0.899273	2.250083	-0.644439	-0.445741	-0.242953	0.861562	-0.542814	0.838682	-0.044331	-0.711806	-0.487429	-0.505713
01572	6.970241	-1.472141	-5.208290	-0.757127	2.634914	-0.644802	-0.423224	-0.235560	0.874867	-0.540180	0.840825	-0.034922	-0.727384	-0.487366	-0.483102
01573	7.018955	-1.693180	-5.523991	-0.645368	2.995764	-0.621001	-0.397824	-0.226191	0.889142	-0.537993	0.842536	-0.026377	-0.743168	-0.488846	-0.456871
01574	7.154849	-2.065551	-5.979176	-0.407975	3.322084	-0.580652	-0.369704	-0.214815	0.903977	-0.537169	0.843254	-0.019303	-0.758135	-0.492724	-0.427146
01575	7.182093	-1.959877	-5.951048	-0.076113	3.625154	-0.540442	-0.339047	-0.201409	0.918957	-0.538509	0.842503	-0.014029	-0.771398	-0.499623	-0.394109
01576	7.254753	-1.321616	-5.557719	0.179990	3.870935	-0.512121	-0.306142	-0.186237	0.933592	-0.541567	0.840599	-0.009903	-0.782932	-0.508634	-0.358202
01577	7.552027	-0.491049	-5.212481	0.218359	4.074823	-0.475285	-0.271414	-0.169342	0.947448	-0.544666	0.838631	-0.006137	-0.793520	-0.517708	-0.319850
01578	7.993501	0.111607	-5.331638	0.041534	4.232346	-0.415009	-0.235292	-0.150792	0.960156	-0.546053	0.837748	-0.002246	-0.804030	-0.524825	-0.279455
01579	8.566294	0.152509	-5.350523	-0.193140	4.377776	-0.334078	-0.198010	-0.130540	0.971469	-0.545216	0.838295	0.001516	-0.814575	-0.529360	-0.237164
01580	8.958955	0.014976	-5.486102	-0.376833	4.466820	-0.247313	-0.160009	-0.108958	0.981084	-0.542570	0.839997	0.004800	-0.824630	-0.531539	-0.193524
01581	9.649851	-0.139821	-5.918455	-0.499515	4.535461	-0.123999	-0.121702	-0.085913	0.988842	-0.538601	0.842532	0.006913	-0.833725	-0.531750	-0.148810
01582	10.132735	-0.109261	-4.773169	-0.586110	4.674344	-0.019189	-0.082405	-0.061296	0.994712	-0.533708	0.845632	0.007896	-0.841645	-0.530235	-0.102398
01583	10.011377	0.133417	-3.226830	-0.830551	4.751281	0.020091	-0.042316	-0.036068	0.998453	-0.526669	0.850029	0.008385	-0.849016	-0.525500	-0.054966
01584	9.693648	-0.039261	-1.921560	-1.166345	4.653470	0.087765	-0.003069	-0.011118	0.999933	-0.516698	0.856131	0.007933	-0.856162	-0.516639	-0.008372
01585	9.672906	-0.383963	-0.767573	-1.299980	4.411237	0.124525	0.034222	0.012472	0.999336	-0.505540	0.862778	0.006545	-0.862124	-0.505429	0.035831
01586	9.809576	-0.651116	0.715734	-1.355285	4.033656	0.166566	0.068284	0.033996	0.997087	-0.493900	0.869509	0.004177	-0.866834	-0.492746	0.076164
01587	9.696105	-1.386186	1.602959	-1.198548	3.548645	0.208105	0.098104	0.053058	0.993761	-0.483656	0.875258	0.001015	-0.869743	-0.480738	0.111528
01588	10.443344	-1.901327	0.988721	-0.714186	3.044945	0.186831	0.123710	0.069163	0.989905	-0.477640	0.878554	-0.001691	-0.869802	-0.472609	0.141721
01589	11.624199	-1.363705	3.049846	-0.132344	2.701837	0.024966	0.147073	0.082080	0.985714	-0.476514	0.879164	-0.002109	-0.866778	-0.469396	0.168413
01590	8.666435	-0.429327	1.685902	-0.094488	2.266266	-0.080730	0.167083	0.091931	0.981648	-0.475558	0.879683	-0.001439	-0.863671	-0.466590	0.190699
01591	5.937318	-1.213754	2.350879	0.110621	1.537554	-0.191162	0.181269	0.097392	0.978599	-0.476166	0.879355	0.000687	-0.860469	-0.466101	0.205774
01592	5.667646	-1.019921	2.158560	0.480460	0.830632	-0.268382	0.189700	0.098878	0.976851	-0.479781	0.877378	0.004362	-0.856635	-0.469502	0.213878
01593	6.161614	0.664343	1.899619	0.619332	0.244418	-0.263278	0.193080	0.097697	0.976307	-0.484559	0.874719	0.008298	-0.853184	-0.474680	0.216231
01594	6.373451	1.203978	1.125865	0.411125	-0.276351	-0.239534	0.191907	0.094247	0.976877	-0.487590	0.872996	0.011562	-0.851721	-0.478534	0.213488
01595	6.420932	0.418292	-0.217114	0.207715	-0.752936	-0.200828	0.186495	0.088853	0.978430	-0.488967	0.872190	0.013995	-0.852133	-0.481029	0.206105
01596	6.517566	0.205583	-0.900540	0.158116	-1.190677	-0.150435	0.177094	0.081757	0.980792	-0.490029	0.871562	0.015829	-0.853528	-0.483420	0.194412
01597	8.519591	0.496120	-0.011150	0.133559	-1.375606	-0.089879	0.165804	0.074280	0.983357	-0.491004	0.870992	0.016996	-0.855233	-0.485650	0.180885
01598	10.226173	0.707163	1.503574	-0.178234	-1.159585	-0.028122	0.156022	0.068362	0.985385	-0.489420	0.871882	0.017005	-0.857977	-0.484920	0.169490
01599	9.809493	0.624398	0.983036	-0.549084	-0.926944	-0.007453	0.148107	0.063793	0.986912	-0.484675	0.874544	0.016207	-0.862064	-0.480732	0.160445
01600	9.674812	-0.452322	1.576071	-0.644836	-0.731730	-0.091954	0.142240	0.059441	0.988046	-0.478958	0.877689	0.016150	-0.866237	-0.475529	0.153312
01601	10.387771	-1.147281	2.242947	-0.480648	-0.483748	-0.146707	0.138763	0.055831	0.988751	-0.474570	0.880055	0.016908	-0.869211	-0.471578	0.148615
01602	9.960021	-0.211407	2.214677	-0.381204	-0.380323	-0.164519	0.136242	0.052550	0.989281	-0.471015	0.881941	0.018020	-0.871541	-0.468421	0.144909
01603	10.484999	-0.394747	1.837777	-0.541070	-0.526330	-0.186848	0.132543	0.048417	0.989994	-0.466028	0.884563	0.019133	-0.874786	-0.463901	0.139806
01604	11.908833	-1.401395	1.539505	-0.792695	-0.676646	-0.154280	0.127334	0.043890	0.990888	-0.458865	0.888290	0.019621	-0.879335	-0.457182	0.133249
01605	11.797031	-1.758098	1.581735	-0.952036	-0.745080	-0.108225	0.121275	0.039521	0.991832	-0.450323	0.892653	0.019494	-0.884591	-0.449009	0.126053
01606	10.873878	-1.616596	1.752972	-0.993248	-0.897244	-0.063878	0.113608	0.034920	0.992912	-0.441424	0.897098	0.018957	-0.890078	-0.440449	0.117332
01607	10.463321	-0.895026	1.464513	-0.981179	-1.083977	-0.044770	0.104145	0.029759	0.994117	-0.432605	0.901397	0.018337	-0.895548	-0.431969	0.106750
01608	10.289544	0.043383	0.569183	-0.947630	-1.157576	-0.049384	0.093968	0.024325	0.995278	-0.424035	0.905469	0.017905	-0.900758	-0.423715	0.095399
01609	9.687681	0.165818	-0.224275	-0.944842	-1.130747	-0.119585	0.084275	0.018465	0.996271	-0.415384	0.909462	0.018281	-0.905734	-0.415376	0.084315
01610	9.714033	-0.993674	-1.507657	-0.842119	-1.075067	-0.216020	0.075409	0.012036	0.997080	-0.407557	0.912965	0.019803	-0.910061	-0.407861	0.073751
01611	9.945756	-1.007467	-2.514524	-0.289453	-1.025476	-0.279222	0.067219	0.005285	0.997724	-0.404712	0.914169	0.022425	-0.911970	-0.405299	0.063589
01612	10.306240	1.161978	-2.726106	0.160447	-0.979125	-0.291309	0.059468	-0.001389	0.998229	-0.405983	0.913526	0.025457	-0.911944	-0.406778	0.053762
01613	10.496176	2.908123	-2.464818	0.171476	-0.918215	-0.230894	0.052053	-0.007270	0.998618	-0.407409	0.912820	0.027882	-0.911761	-0.408297	0.044553
01614	10.285990	3.251014	-2.413977	-0.126556	-0.882781	-0.147148	0.044590	-0.012257	0.998930	-0.406176	0.913324	0.029338	-0.912706	-0.407050	0.035747
01615	10.391306	1.921925	-2.244321	-0.510445	-0.828440	-0.091796	0.037408	-0.016479	0.999164	-0.401466	0.915378	0.030128	-0.915110	-0.402257	0.027627
01616	10.090219	-0.243268	-2.289538	-0.676620	-0.741354	-0.081822	0.030926	-0.020241	0.999317	-0.395229	0.918065	0.030827	-0.918062	-0.395912	0.020392
01617	10.026710	-1.896086	-2.458648	-0.562678	-0.674228	-0.141552	0.025302	-0.024225	0.999386	-0.390009	0.920249	0.032180	-0.920463	-0.390584	0.013836
01618	10.058036	-2.459629	-2.157260	-0.266774	-0.600341	-0.213077	0.020580	-0.028576	0.999380	-0.387496	0.921232	0.034321	-0.921641	-0.387962	0.007886
01619	10.028198	-1.808145	-1.767570	0.015157	-0.547771	-0.247092	0.016507	-0.033008	0.999319	-0.387583	0.921099	0.036827	-0.921687	-0.387927	0.002411
01620	10.050255	-0.754323	-1.181792	0.169760	-0.525713	-0.249256	0.012603	-0.037394	0.999221	-0.389105	0.920352	0.039350	-0.921107	-0.389298	-0.002951
01621	9.937348	0.452387	-0.813605	0.170927	-0.492402	-0.238392	0.009016	-0.041538	0.999096	-0.390647	0.919593	0.041758	-0.920496	-0.390670	-0.007935
01622	9.582453	1.394620	-0.571586	0.068351	-0.455822	-0.210945	0.005615	-0.045307	0.998957	-0.391255	0.919235	0.043890	-0.920265	-0.391094	-0.012565
01623	9.335006	1.380974	-0.290042	-0.073989	-0.427833	-0.213287	0.002529	-0.048970	0.998797	-0.390559	0.919424	0.046067	-0.920574	-0.390206	-0.016801
01624	9.337826	1.135212	0.012233	-0.090487	-0.407223	-0.242415	-0.000305	-0.052836	0.998603	-0.389719	0.919654	0.048540	-0.920934	-0.389159	-0.020872
01625	9.341223	1.367712	0.507719	-0.070543	-0.405981	-0.264747	-0.002995	-0.056880	0.998377	-0.389067	0.919784	0.051235	-0.921205	-0.388282	-0.024885
01626	9.404294	1.579284	0.774688	-0.089804	-0.434855	-0.266044	-0.005996	-0.061065	0.998116	-0.388247	0.919975	0.053952	-0.921536	-0.387192	-0.029224
01627	9.418513	1.161757	0.694383	-0.171703	-0.469957	-0.249484	-0.009343	-0.065207	0.997828	-0.386677	0.920481	0.056532	-0.922168	-0.385309	-0.033814
01628	9.392376	0.549621	0.620757	-0.148929	-0.531372	-0.238604	-0.013348	-0.069499	0.997493	-0.385326	0.920892	0.059006	-0.922684	-0.383573	-0.039071
01629	9.424460	0.088991	0.690640	-0.074752	-0.594321	-0.239675	-0.017891	-0.074013	0.997097	-0.384668	0.921006	0.061463	-0.922882	-0.382452	-0.044949
01630	9.368756	-0.157747	0.597124	0.070541	-0.657498	-0.248136	-0.023024	-0.078864	0.996619	-0.385366	0.920546	0.063941	-0.922476	-0.382591	-0.051586
01631	9.481546	0.206051	0.433857	0.253323	-0.709651	-0.246197	-0.028596	-0.083881	0.996065	-0.387760	0.919374	0.066290	-0.921317	-0.384338	-0.058816
01632	9.319218	0.810595	0.306904	0.397158	-0.768058	-0.224998	-0.034807	-0.088959	0.995427	-0.391483	0.917646	0.068318	-0.919527	-0.387315	-0.066767
01633	9.469726	1.380640	-0.060296	0.446813	-0.801132	-0.192590	-0.041390	-0.093871	0.994724	-0.395656	0.915731	0.069954	-0.917466	-0.390673	-0.075042
01634	9.576363	1.391636	-1.002284	0.314038	-0.783619	-0.160412	-0.047951	-0.098456	0.993985	-0.398603	0.914345	0.071339	-0.915869	-0.392785	-0.083089
01635	9.589396	0.733980	-1.916404	0.290327	-0.781963	-0.147336	-0.054499	-0.102912	0.993196	-0.401331	0.913053	0.072586	-0.914310	-0.394644	-0.091062
01636	9.883467	0.503716	-2.691033	0.439020	-0.767332	-0.154691	-0.060899	-0.107412	0.992348	-0.405427	0.911148	0.073743	-0.912097	-0.397834	-0.099036
01637	10.125554	1.142800	-2.994518	0.638765	-0.717788	-0.135454	-0.066863	-0.111549	0.991507	-0.411326	0.908441	0.074465	-0.909033	-0.402854	-0.106624
01638	10.095812	1.649254	-3.072388	0.701162	-0.654203	-0.086941	-0.072458	-0.115042	0.990714	-0.417747	0.905496	0.074593	-0.905669	-0.408463	-0.113669
01639	10.080652	1.575144	-2.898281	0.597331	-0.609449	-0.063404	-0.077683	-0.118149	0.989953	-0.423192	0.902967	0.074559	-0.902704	-0.413148	-0.120145
01640	10.042954	0.716599	-3.010715	0.582932	-0.583712	-0.034593	-0.082819	-0.120940	0.989199	-0.428473	0.900501	0.074223	-0.899751	-0.417698	-0.126398
01641	10.067178	0.859222	-2.522716	0.680891	-0.570559	-0.006891	-0.087894	-0.123431	0.988453	-0.434590	0.897629	0.073445	-0.896329	-0.423116	-0.132538
01642	9.901292	1.317707	-2.390216	0.615709	-0.529444	0.019063	-0.092739	-0.125568	0.987741	-0.440081	0.895029	0.072463	-0.893156	-0.427966	-0.138265
01643	9.530143	1.201591	-2.096535	0.505849	-0.503418	0.034237	-0.097360	-0.127456	0.987054	-0.444557	0.892896	0.071448	-0.890444	-0.431846	-0.143594
01644	9.467799	0.885218	-1.788244	0.474328	-0.486522	0.019620	-0.101800	-0.129448	0.986347	-0.448755	0.890862	0.070601	-0.887838	-0.435441	-0.148780
01645	9.607452	0.884041	-1.543929	0.477220	-0.474751	0.010036	-0.106034	-0.131464	0.985634	-0.452973	0.888786	0.069816	-0.885196	-0.439063	-0.153791
01646	9.595339	1.008521	-1.162236	0.485286	-0.499381	0.017818	-0.110554	-0.133566	0.984854	-0.457243	0.886667	0.068922	-0.882444	-0.442698	-0.159096
01647	9.625103	0.872376	-0.968321	0.441204	-0.522733	0.011755	-0.115193	-0.135813	0.984015	-0.461115	0.884721	0.068129	-0.879831	-0.445896	-0.164540
01648	9.662634	1.012444	-0.977697	0.446863	-0.523966	0.011750	-0.119874	-0.138111	0.983136	-0.465027	0.882734	0.067306	-0.877143	-0.449117	-0.170042
01649	9.615011	1.264792	-1.112068	0.369097	-0.514476	0.009179	-0.124403	-0.140377	0.982252	-0.468248	0.881083	0.066615	-0.874796	-0.451650	-0.175340
01650	9.511596	0.929173	-1.577812	0.280333	-0.525064	0.012899	-0.129072	-0.142696	0.981315	-0.470681	0.879829	0.066030	-0.872811	-0.453364	-0.180726
01651	9.527174	0.727872	-1.768581	0.271050	-0.521526	0.023757	-0.133710	-0.144885	0.980372	-0.473012	0.878630	0.065336	-0.870851	-0.454992	-0.186014
01652	9.547289	0.528605	-2.016938	0.241793	-0.507778	0.022870	-0.138255	-0.147055	0.979418	-0.475085	0.877558	0.064698	-0.869011	-0.456362	-0.191190
01653	9.612635	0.463103	-2.312575	0.265285	-0.502298	0.009595	-0.142640	-0.149296	0.978450	-0.477373	0.876358	0.064126	-0.867046	-0.457939	-0.196273
01654	9.697242	0.567136	-2.557149	0.299598	-0.474160	0.007930	-0.146804	-0.151459	0.977501	-0.479957	0.874991	0.063494	-0.864922	-0.459838	-0.201146
01655	9.667998	0.725338	-2.838096	0.314031	-0.443564	0.019120	-0.150706	-0.153365	0.976610	-0.482641	0.873571	0.062705	-0.862754	-0.461902	-0.205673
01656	9.648487	0.958969	-2.713456	0.302947	-0.434452	0.036944	-0.154649	-0.155111	0.975717	-0.485197	0.872222	0.061755	-0.860621	-0.463864	-0.210147
01657	9.657903	0.886911	-2.478352	0.240371	-0.434581	0.051088	-0.158612	-0.156713	0.974825	-0.487183	0.871182	0.060783	-0.858775	-0.465277	-0.214528
01658	9.685782	0.918235	-2.219717	0.242809	-0.469669	0.053976	-0.162925	-0.158489	0.973826	-0.489180	0.870132	0.059771	-0.856830	-0.466638	-0.219296
01659	9.651025	1.317937	-1.369256	0.281723	-0.526656	0.093729	-0.167870	-0.160165	0.972711	-0.491436	0.868962	0.058270	-0.854582	-0.468243	-0.224583
01660	9.477068	1.412731	-0.701992	0.181526	-0.539033	0.126502	-0.173113	-0.161650	0.971546	-0.492772	0.868311	0.056670	-0.852765	-0.468940	-0.229972
01661	9.148129	0.918334	-0.629065	0.104228	-0.560024	0.125100	-0.178479	-0.163219	0.970312	-0.493440	0.868023	0.055249	-0.851271	-0.468930	-0.235463
01662	9.083631	0.555863	-0.537865	0.174829	-0.637774	0.132984	-0.184573	-0.165114	0.968850	-0.494687	0.867418	0.053586	-0.849245	-0.469387	-0.241782
01663	9.226841	0.779044	-0.447014	0.220430	-0.692188	0.145509	-0.191143	-0.167133	0.967229	-0.496284	0.866621	0.051673	-0.846857	-0.470143	-0.248594
01664	9.248710	0.998871	-0.698163	0.208085	-0.739895	0.158894	-0.198198	-0.169292	0.965431	-0.497736	0.865906	0.049657	-0.844379	-0.470688	-0.255884
01665	9.321983	0.952963	-1.256852	0.200302	-0.770693	0.177436	-0.205559	-0.171414	0.963516	-0.499068	0.865262	0.047462	-0.841829	-0.471104	-0.263409
01666	9.408628	0.851813	-1.521105	0.225743	-0.810210	0.185733	-0.213301	-0.173680	0.961425	-0.500579	0.864515	0.045116	-0.839002	-0.471645	-0.271342
01667	9.296468	1.152123	-1.499462	0.287113	-0.873984	0.214836	-0.221675	-0.175979	0.959110	-0.502517	0.863532	0.042298	-0.835665	-0.472593	-0.279856
01668	9.298919	1.033543	-1.734871	0.192356	-0.892490	0.247474	-0.230366	-0.178114	0.956664	-0.503565	0.863057	0.039427	-0.832679	-0.472660	-0.288511
01669	9.181083	0.882116	-2.250563	0.186515	-0.915633	0.266710	-0.239299	-0.180169	0.954084	-0.504492	0.862650	0.036368	-0.829593	-0.472624	-0.297325
01670	9.357997	0.751630	-2.898280	0.166747	-0.935263	0.286421	-0.248487	-0.182171	0.951351	-0.505177	0.862378	0.033184	-0.826469	-0.472354	-0.306318
01671	9.664743	0.548796	-3.502953	0.193313	-0.924416	0.297177	-0.257593	-0.184003	0.948572	-0.506023	0.862005	0.029796	-0.823157	-0.472324	-0.315156
01672	9.770684	0.499576	-3.855486	0.202861	-0.901990	0.312841	-0.266585	-0.185621	0.945768	-0.506873	0.861622	0.026234	-0.819764	-0.472391	-0.323782
01673	9.659546	0.396694	-3.831418	0.250999	-0.889074	0.326911	-0.275494	-0.187036	0.942932	-0.508044	0.861041	0.022359	-0.816085	-0.472891	-0.332234
01674	9.526388	0.524439	-3.524541	0.263171	-0.898337	0.354894	-0.284611	-0.188286	0.939971	-0.509196	0.860458	0.018181	-0.812229	-0.473455	-0.340771
01675	9.408430	0.503887	-3.177576	0.230906	-0.909369	0.373701	-0.293863	-0.189406	0.936894	-0.509991	0.860067	0.013913	-0.808427	-0.473719	-0.349337
01676	9.237509	0.457115	-2.656783	0.194548	-0.940912	0.382064	-0.303398	-0.190632	0.933600	-0.510424	0.859868	0.009700	-0.804622	-0.473589	-0.358186
01677	9.276972	0.409536	-2.251614	0.168710	-0.989125	0.382837	-0.313270	-0.192050	0.930042	-0.510603	0.859799	0.005557	-0.800716	-0.473142	-0.367411
01678	9.518321	0.425047	-1.248111	0.121716	-1.028622	0.375722	-0.323399	-0.193735	0.926218	-0.510385	0.859945	0.001666	-0.796819	-0.472189	-0.376985
01679	9.568920	0.066304	-0.981117	0.091740	-1.057634	0.369258	-0.333668	-0.195575	0.922180	-0.509907	0.860227	-0.002061	-0.792881	-0.470914	-0.386755
01680	9.851621	0.649588	-0.130911	0.123296	-1.158216	0.346179	-0.344579	-0.198094	0.917619	-0.509714	0.860325	-0.005679	-0.788326	-0.469680	-0.397421
01681	10.396986	0.972027	-0.034694	0.069846	-1.201318	0.351687	-0.355792	-0.200727	0.912755	-0.509038	0.860695	-0.009144	-0.783768	-0.467880	-0.408406
01682	10.638917	0.844985	0.195988	0.081341	-1.294937	0.354840	-0.367693	-0.203766	0.907349	-0.508397	0.861030	-0.012658	-0.778675	-0.465947	-0.420188
01683	10.608850	0.388061	0.550436	0.111546	-1.470927	0.387627	-0.381050	-0.207295	0.901016	-0.507819	0.861304	-0.016604	-0.772607	-0.463880	-0.433468
01684	10.549128	0.350038	1.582550	0.245330	-1.732684	0.441712	-0.396581	-0.211557	0.893290	-0.507995	0.861089	-0.021596	-0.764634	-0.462352	-0.448962
01685	10.977698	1.193583	2.333648	0.318489	-2.016051	0.534005	-0.414590	-0.216294	0.883930	-0.508258	0.860757	-0.027765	-0.754843	-0.460776	-0.466794
01686	12.130728	1.371372	1.960276	0.145846	-2.247228	0.574114	-0.434308	-0.221700	0.873055	-0.506925	0.861341	-0.033449	-0.744583	-0.457101	-0.486473
