// General information: 
//  MT Manager version: 2022.2.0 
//  XDA version: 2022.2.0 build 7381 rev 124627 built on 2023-07-19
// Device information: 
//  DeviceId: 00B4CBA7
//  ProductCode: MTW2-3A7G6
//  Firmware Version: 4.6.0
//  Hardware Version: 2.0.0
// Device settings: 
//  Filter Profile: human(46.1)
//  Option Flags: Orientation Smoother Disabled, Position/Velocity Smoother Disabled, Continuous Zero Rotation Update Disabled, AHS Disabled, ICC Disabled
// Coordinate system: ENU
PacketCounter	Acc_X	Acc_Y	Acc_Z	Gyr_X	Gyr_Y	Gyr_Z	Mat[1][1]	Mat[2][1]	Mat[3][1]	Mat[1][2]	Mat[2][2]	Mat[3][2]	Mat[1][3]	Mat[2][3]	Mat[3][3]
19596	9.602376	-1.141003	-2.057374	0.019291	-0.024687	-0.046507	-0.021839	0.220403	0.975164	0.829665	0.548236	-0.105330	-0.557835	0.806759	-0.194834
19597	9.719077	-1.261045	-2.160428	-0.004411	-0.016585	-0.050968	-0.022374	0.220238	0.975189	0.829678	0.548317	-0.104797	-0.557793	0.806749	-0.194995
19598	9.630869	-1.293619	-2.199521	0.014948	-0.007534	-0.058921	-0.022931	0.219952	0.975241	0.829580	0.548576	-0.104218	-0.557917	0.806651	-0.195047
19599	9.582993	-1.223381	-2.134875	0.015612	0.004128	-0.062454	-0.023445	0.219555	0.975318	0.829480	0.548842	-0.103611	-0.558044	0.806578	-0.194984
19600	9.605178	-1.253657	-2.099826	-0.033250	0.013047	-0.069155	-0.023972	0.219046	0.975420	0.829647	0.548734	-0.102838	-0.557773	0.806789	-0.194886
19601	9.591179	-1.272503	-2.083440	-0.079083	0.022770	-0.073699	-0.024479	0.218441	0.975543	0.830066	0.548269	-0.101938	-0.557127	0.807270	-0.194741
19602	9.618734	-1.260250	-1.973091	-0.115170	0.035659	-0.077709	-0.024951	0.217703	0.975696	0.830687	0.547517	-0.100922	-0.556181	0.807979	-0.194504
19603	9.531296	-1.133522	-1.740047	-0.201094	0.028655	-0.088541	-0.025544	0.216967	0.975845	0.831789	0.546076	-0.099640	-0.554504	0.809152	-0.194420
19604	9.384571	-0.835114	-1.307858	-0.424868	0.004000	-0.107401	-0.026442	0.216326	0.975963	0.834108	0.542874	-0.097731	-0.550967	0.811474	-0.194794
19605	9.269440	-0.754483	-1.434826	-0.719936	-0.022056	-0.098918	-0.027420	0.215951	0.976019	0.838008	0.537266	-0.095331	-0.544969	0.815297	-0.195701
19606	9.232463	-1.255882	-1.713628	-0.696558	-0.045668	-0.099415	-0.028529	0.215770	0.976027	0.841754	0.531798	-0.092960	-0.539107	0.818923	-0.196797
19607	9.454201	-1.338728	-1.608233	-0.526400	-0.049087	-0.105218	-0.029696	0.215599	0.976030	0.844555	0.527702	-0.090871	-0.534644	0.821613	-0.197756
19608	9.553842	-1.262857	-1.653839	-0.438477	-0.046310	-0.117130	-0.030960	0.215341	0.976048	0.846854	0.524355	-0.088824	-0.530923	0.823820	-0.198596
19609	9.556416	-1.147372	-1.805868	-0.376321	-0.045104	-0.120987	-0.032240	0.215063	0.976068	0.848813	0.521507	-0.086870	-0.527709	0.825699	-0.199362
19610	9.544003	-0.967980	-1.891380	-0.339431	-0.028316	-0.127110	-0.033496	0.214613	0.976125	0.850556	0.518983	-0.084917	-0.524817	0.827404	-0.199924
19611	9.565601	-1.058240	-2.127597	-0.313746	-0.020424	-0.136099	-0.034777	0.214060	0.976201	0.852159	0.516668	-0.082936	-0.522126	0.828995	-0.200381
19612	9.616145	-1.069033	-2.182756	-0.295317	-0.007316	-0.151180	-0.036131	0.213318	0.976315	0.853642	0.514550	-0.080834	-0.519606	0.830502	-0.200688
19613	9.517989	-0.964894	-2.298390	-0.343910	-0.003460	-0.155753	-0.037498	0.212530	0.976435	0.855370	0.512021	-0.078598	-0.516659	0.832266	-0.200991
19614	9.360876	-1.121429	-2.442154	-0.309877	-0.001310	-0.157828	-0.038883	0.211711	0.976558	0.856904	0.509782	-0.076399	-0.514007	0.833847	-0.201238
19615	9.369004	-1.266344	-2.257632	-0.189382	0.008319	-0.164416	-0.040268	0.210791	0.976701	0.857812	0.508552	-0.074389	-0.512384	0.834831	-0.201297
19616	9.298144	-1.129035	-2.013411	-0.127600	0.018967	-0.172545	-0.041679	0.209733	0.976870	0.858392	0.507858	-0.072412	-0.511298	0.835520	-0.201200
19617	9.363605	-0.895503	-1.727351	-0.111948	0.020446	-0.175742	-0.043100	0.208654	0.977039	0.858893	0.507286	-0.070447	-0.510338	0.836136	-0.201076
19618	9.289158	-1.074815	-1.521508	-0.264616	0.022360	-0.172849	-0.044499	0.207569	0.977208	0.860163	0.505440	-0.068192	-0.508075	0.837523	-0.201035
19619	9.105481	-2.380321	-1.786685	-0.247997	0.003419	-0.187142	-0.046115	0.206580	0.977342	0.861329	0.503763	-0.065839	-0.505950	0.838778	-0.201165
19620	9.511645	-2.328550	-1.731917	0.079994	-0.022139	-0.206671	-0.048034	0.205701	0.977435	0.860825	0.504868	-0.063946	-0.506629	0.838329	-0.201323
19621	9.927003	-1.265721	-1.629448	0.227539	-0.034486	-0.222080	-0.050138	0.204849	0.977509	0.859560	0.507234	-0.062209	-0.508569	0.837109	-0.201512
19622	10.092672	0.193477	-1.670915	0.225608	-0.021496	-0.212397	-0.052099	0.203926	0.977599	0.858300	0.509563	-0.060553	-0.510497	0.835918	-0.201577
19623	10.016522	1.320662	-1.905524	-0.029800	0.008561	-0.194630	-0.053747	0.202845	0.977735	0.858344	0.509721	-0.058565	-0.510252	0.836085	-0.201506
19624	9.654245	1.335898	-2.285795	-0.267190	0.037963	-0.167818	-0.055022	0.201650	0.977911	0.859611	0.507833	-0.056352	-0.507979	0.837522	-0.201283
19625	9.317446	0.595852	-2.592305	-0.404796	0.056718	-0.157917	-0.056115	0.200355	0.978115	0.861571	0.504761	-0.053966	-0.504526	0.839687	-0.200945
19626	9.112962	-0.662083	-2.624535	-0.393782	0.075387	-0.147508	-0.057035	0.198956	0.978347	0.863465	0.501753	-0.051698	-0.501174	0.841820	-0.200409
19627	9.303478	-1.529888	-2.395508	-0.182734	0.070097	-0.148740	-0.057991	0.197602	0.978566	0.864291	0.500515	-0.049850	-0.499638	0.842875	-0.199811
19628	9.835009	-0.751004	-1.550460	0.012535	0.069974	-0.141556	-0.058892	0.196280	0.978778	0.864143	0.500908	-0.048455	-0.499788	0.842950	-0.199114
19629	9.938038	0.474172	-1.042775	-0.052387	0.079034	-0.119293	-0.059551	0.194998	0.978994	0.864330	0.500710	-0.047156	-0.499387	0.843366	-0.198360
19630	9.899411	1.196446	-0.812105	-0.185378	0.059604	-0.110055	-0.060233	0.193922	0.979166	0.865185	0.499367	-0.045677	-0.497821	0.844409	-0.197857
19631	9.628154	1.068414	-0.854089	-0.406155	0.035579	-0.091394	-0.060871	0.193146	0.979280	0.867141	0.496119	-0.043950	-0.494329	0.846499	-0.197684
19632	9.538620	0.004600	-1.109169	-0.530133	-0.005934	-0.076770	-0.061595	0.192795	0.979304	0.869700	0.491781	-0.042116	-0.489723	0.849106	-0.197965
19633	9.578243	-0.734872	-1.169897	-0.418916	-0.044959	-0.074305	-0.062483	0.192793	0.979248	0.871695	0.488369	-0.040529	-0.486048	0.851074	-0.198571
19634	9.646250	-0.764920	-1.240116	-0.210173	-0.079567	-0.066608	-0.063478	0.193123	0.979119	0.872670	0.486716	-0.039424	-0.484167	0.851945	-0.199429
19635	9.616940	-0.160545	-1.198977	-0.091033	-0.113646	-0.066061	-0.064627	0.193750	0.978920	0.873065	0.486076	-0.038567	-0.483302	0.852168	-0.200570
19636	9.712846	0.170544	-1.399722	-0.114400	-0.132128	-0.070541	-0.065909	0.194511	0.978684	0.873568	0.485246	-0.037612	-0.482219	0.852468	-0.201901
19637	9.835266	0.271696	-1.947481	-0.213632	-0.120922	-0.049910	-0.066949	0.195280	0.978460	0.874560	0.483529	-0.036662	-0.480273	0.853268	-0.203156
19638	9.797123	-0.082247	-2.813013	-0.313338	-0.093233	-0.033128	-0.067714	0.195894	0.978284	0.876035	0.480926	-0.035665	-0.477469	0.854597	-0.204175
19639	9.709985	-0.556438	-3.546734	-0.298266	-0.067171	-0.022647	-0.068255	0.196339	0.978158	0.877437	0.478427	-0.034804	-0.474811	0.855896	-0.204930
19640	9.669591	-0.961503	-3.836532	-0.152996	-0.034375	-0.010811	-0.068541	0.196560	0.978093	0.878152	0.477147	-0.034350	-0.473446	0.856560	-0.205314
19641	9.833192	-0.619177	-3.589872	0.012190	0.003602	0.000087	-0.068547	0.196509	0.978103	0.878091	0.477259	-0.034347	-0.473558	0.856509	-0.205268
19642	9.896679	-0.367865	-3.176246	0.063082	0.038366	0.010253	-0.068303	0.196208	0.978181	0.877796	0.477787	-0.034543	-0.474140	0.856284	-0.204865
19643	9.848199	-0.486327	-2.829818	0.077871	0.072511	0.021569	-0.067794	0.195671	0.978323	0.877438	0.478420	-0.034884	-0.474876	0.856053	-0.204123
19644	9.733535	-0.790424	-2.644801	0.115275	0.095831	0.027445	-0.067126	0.194960	0.978511	0.876905	0.479362	-0.035353	-0.475953	0.855689	-0.203139
19645	9.569339	-1.099398	-2.423575	0.237555	0.097726	0.036353	-0.066365	0.194280	0.978699	0.875793	0.481331	-0.036161	-0.478103	0.854737	-0.202093
19646	9.381293	-0.795953	-1.817019	0.387367	0.088624	0.041642	-0.065604	0.193703	0.978864	0.873958	0.484566	-0.037315	-0.481552	0.853039	-0.201077
19647	9.376084	-0.006845	-1.229425	0.414651	0.064397	0.045560	-0.064918	0.193357	0.978978	0.871980	0.488020	-0.038565	-0.485218	0.851146	-0.200285
19648	9.301073	0.688137	-0.758769	0.309417	0.035028	0.057923	-0.064271	0.193320	0.979028	0.870509	0.490547	-0.039717	-0.487938	0.849700	-0.199815
19649	9.341128	0.660757	-0.259668	0.172115	-0.010062	0.071306	-0.063723	0.193736	0.978982	0.869710	0.491879	-0.040730	-0.489432	0.848835	-0.199838
19650	9.390302	-0.042152	0.085530	0.099759	-0.057160	0.090302	-0.063246	0.194643	0.978833	0.869276	0.492558	-0.041779	-0.490264	0.848234	-0.200351
19651	9.571377	-0.499333	-0.071303	0.175831	-0.110610	0.093146	-0.063003	0.196020	0.978574	0.868468	0.493875	-0.043015	-0.491725	0.847150	-0.201352
19652	9.483880	0.013119	-0.218106	0.283982	-0.162523	0.098487	-0.062977	0.197860	0.978205	0.867128	0.496092	-0.044518	-0.494088	0.845425	-0.202812
19653	9.559290	0.463326	-1.000284	0.132308	-0.206842	0.103828	-0.063123	0.200101	0.977740	0.866536	0.497011	-0.045774	-0.495107	0.844357	-0.204767
19654	9.490495	-0.345767	-1.944251	0.030715	-0.226924	0.109551	-0.063325	0.202539	0.977225	0.866450	0.497058	-0.046873	-0.495231	0.843748	-0.206966
19655	9.415622	-0.671675	-2.656825	0.132591	-0.233111	0.123759	-0.063431	0.205097	0.976684	0.865869	0.497931	-0.048329	-0.496234	0.842615	-0.209172
19656	9.540235	-0.336678	-2.858144	0.175692	-0.229867	0.138023	-0.063406	0.207698	0.976136	0.865080	0.499134	-0.050011	-0.497610	0.841265	-0.211324
19657	9.522171	0.054808	-2.862505	0.255460	-0.211004	0.156097	-0.063132	0.210230	0.975611	0.863902	0.500963	-0.052047	-0.499687	0.839547	-0.213245
19658	9.532385	0.321328	-2.486934	0.182009	-0.197286	0.174359	-0.062641	0.212737	0.975100	0.863098	0.502130	-0.054103	-0.501136	0.838218	-0.215067
19659	9.532518	-0.100855	-2.199754	0.169500	-0.197195	0.200699	-0.061922	0.215375	0.974566	0.862370	0.503128	-0.056396	-0.502478	0.836944	-0.216888
19660	9.437788	-0.221978	-1.779497	0.185218	-0.201782	0.212783	-0.061131	0.218112	0.974007	0.861566	0.504224	-0.058838	-0.503951	0.835575	-0.218741
19661	9.463442	-0.171322	-1.447165	0.188846	-0.227707	0.231341	-0.060311	0.221158	0.973371	0.860750	0.505301	-0.061475	-0.505442	0.834122	-0.220837
19662	9.521821	-0.076648	-1.125048	0.150997	-0.258499	0.243750	-0.059550	0.224522	0.972648	0.860130	0.506026	-0.064148	-0.506587	0.832783	-0.223252
19663	9.581605	-0.460077	-1.083122	0.077678	-0.292776	0.254184	-0.058871	0.228222	0.971828	0.859884	0.506105	-0.066763	-0.507083	0.831729	-0.226039
19664	9.703920	-1.037836	-1.192977	0.133800	-0.323859	0.261533	-0.058294	0.232215	0.970916	0.859355	0.506624	-0.069574	-0.508045	0.830306	-0.229088
19665	9.655517	-1.000944	-1.095120	0.229324	-0.355090	0.288673	-0.057644	0.236601	0.969895	0.858353	0.507858	-0.072874	-0.509811	0.828312	-0.232362
19666	9.623450	-0.773618	-1.232148	0.342531	-0.395565	0.286583	-0.057236	0.241308	0.968759	0.856764	0.510015	-0.076420	-0.512523	0.825624	-0.235935
19667	9.799736	0.260140	-1.057490	0.386840	-0.430108	0.305259	-0.056856	0.246388	0.967502	0.854948	0.512467	-0.080265	-0.515589	0.822600	-0.239786
19668	9.983367	0.351323	-1.369782	0.261156	-0.459613	0.327171	-0.056463	0.251819	0.966126	0.853781	0.513807	-0.084026	-0.517561	0.820116	-0.244009
19669	9.940526	0.237645	-1.596522	0.180930	-0.483300	0.347464	-0.056024	0.257539	0.964643	0.853037	0.514413	-0.087794	-0.518835	0.817957	-0.248509
19670	9.870458	-0.396267	-1.885819	0.210796	-0.504113	0.362342	-0.055581	0.263498	0.963057	0.852141	0.515201	-0.091782	-0.520352	0.815559	-0.253173
19671	9.860375	-0.800780	-1.885100	0.322598	-0.532257	0.365772	-0.055266	0.269693	0.961359	0.850659	0.516861	-0.096095	-0.522805	0.812478	-0.257981
19672	10.390024	-0.907761	-1.691963	0.439876	-0.571645	0.379113	-0.055070	0.276268	0.959502	0.848558	0.519402	-0.100848	-0.526228	0.808639	-0.263033
19673	10.891769	-1.290644	-1.510315	0.478930	-0.591695	0.384665	-0.054957	0.283017	0.957539	0.846239	0.522199	-0.105775	-0.529962	0.804494	-0.268198
19674	10.774249	-1.560674	-1.363257	0.569887	-0.620577	0.370379	-0.055158	0.289912	0.955463	0.843407	0.525720	-0.110828	-0.534436	0.799731	-0.273511
19675	10.585157	-0.956910	-1.041363	0.662185	-0.655890	0.379000	-0.055510	0.297110	0.953228	0.840060	0.529894	-0.116242	-0.539646	0.794316	-0.279005
19676	10.788088	-0.468947	-0.441526	0.588560	-0.710012	0.382239	-0.056179	0.304740	0.950777	0.837081	0.533415	-0.121507	-0.544187	0.789052	-0.285059
19677	11.114280	-1.467398	0.037022	0.484341	-0.777072	0.402323	-0.057078	0.312972	0.948046	0.834664	0.535990	-0.126691	-0.547794	0.784068	-0.291820
19678	11.634101	-1.819948	0.700345	0.562726	-0.845546	0.396162	-0.058453	0.321684	0.945041	0.831796	0.539141	-0.132070	-0.551996	0.778361	-0.299090
19679	11.622690	-1.647559	0.997771	0.422380	-0.916239	0.368051	-0.060482	0.330744	0.941780	0.829679	0.541223	-0.136790	-0.554955	0.773102	-0.307146
19680	11.121747	-1.905622	0.935602	0.288677	-1.040136	0.385010	-0.063098	0.340821	0.938008	0.828309	0.542167	-0.141276	-0.556707	0.768047	-0.316515
19681	11.205827	-1.646204	1.095455	0.343027	-1.150758	0.399561	-0.066224	0.351758	0.933745	0.826655	0.543416	-0.146085	-0.558798	0.762211	-0.326770
19682	10.941119	-1.775311	1.259912	0.144138	-1.241334	0.390703	-0.069960	0.363287	0.929047	0.826112	0.543127	-0.150171	-0.559146	0.756991	-0.338113
19683	10.913631	-1.972093	1.132397	-0.010800	-1.345144	0.379059	-0.074355	0.375456	0.923853	0.826446	0.541654	-0.153614	-0.558084	0.752093	-0.350569
19684	11.058277	-2.144924	0.765538	-0.092361	-1.444425	0.377244	-0.079310	0.388300	0.918114	0.827247	0.539536	-0.156726	-0.556212	0.747077	-0.364010
19685	11.215532	-1.871802	0.409997	-0.190811	-1.550211	0.372281	-0.084839	0.401808	0.911785	0.828611	0.536653	-0.159394	-0.553359	0.741993	-0.378472
19686	11.251582	-1.206304	0.273593	-0.405269	-1.656163	0.336244	-0.091199	0.415833	0.904857	0.831136	0.532296	-0.160851	-0.548539	0.737390	-0.394159
19687	11.244061	-0.132513	-0.245023	-0.834617	-1.769330	0.250198	-0.098751	0.430138	0.897346	0.835916	0.525105	-0.159715	-0.539901	0.734334	-0.411414
19688	11.064928	0.423483	-1.465618	-1.225754	-1.830712	0.142855	-0.107352	0.444288	0.889429	0.842602	0.515505	-0.155806	-0.527728	0.732709	-0.429699
19689	10.883582	0.852655	-3.016111	-1.221243	-1.881490	0.009159	-0.117175	0.458041	0.881175	0.848893	0.506686	-0.150497	-0.515413	0.730389	-0.448199
19690	10.431359	1.170803	-3.884882	-1.150310	-1.869250	-0.107223	-0.127637	0.471106	0.872793	0.854617	0.498816	-0.144266	-0.503328	0.727490	-0.466282
19691	9.923831	0.032414	-5.050019	-0.921933	-1.813588	-0.169024	-0.138214	0.483362	0.864441	0.858898	0.493094	-0.138391	-0.493143	0.723340	-0.483311
19692	9.656298	-0.743510	-5.573787	-0.427701	-1.642318	-0.189296	-0.147919	0.494240	0.856649	0.860718	0.490956	-0.134633	-0.487118	0.717418	-0.498023
19693	9.050365	-0.034683	-5.684633	0.156429	-1.451024	-0.167513	-0.156520	0.503702	0.849580	0.859615	0.493068	-0.133963	-0.486378	0.709344	-0.510164
19694	9.520120	0.828720	-4.237269	0.279555	-1.177793	-0.113749	-0.163256	0.511429	0.843675	0.858066	0.495637	-0.134410	-0.486898	0.701986	-0.519756
19695	9.046866	0.230843	-3.312233	0.251405	-0.848851	-0.131039	-0.168616	0.516645	0.839432	0.856536	0.498228	-0.134592	-0.487765	0.696310	-0.526534
19696	8.542323	0.377370	-2.941152	0.125611	-0.521055	-0.181524	-0.172739	0.519336	0.836929	0.855607	0.500060	-0.133706	-0.487953	0.692986	-0.530728
19697	8.093068	-0.035932	-3.160083	-0.060932	-0.200271	-0.213810	-0.175646	0.519583	0.836171	0.855443	0.500908	-0.131562	-0.487202	0.692188	-0.532456
19698	7.787823	-0.935387	-3.626290	-0.076594	0.136655	-0.200342	-0.176721	0.517610	0.837167	0.855456	0.501436	-0.129449	-0.486790	0.693283	-0.531407
19699	7.661196	-1.612848	-3.969517	0.099867	0.467178	-0.164447	-0.175949	0.513469	0.839876	0.854591	0.503135	-0.128567	-0.488586	0.695129	-0.527332
19700	7.615965	-2.107645	-4.190438	0.410232	0.806902	-0.151879	-0.173310	0.507063	0.844305	0.852304	0.506785	-0.129407	-0.493499	0.697177	-0.520003
19701	7.414323	-2.285797	-3.973488	0.754181	1.121594	-0.171818	-0.169285	0.498286	0.850325	0.848167	0.513071	-0.131801	-0.501952	0.698905	-0.509485
19702	7.427112	-1.972031	-3.917883	0.933797	1.406559	-0.212032	-0.163973	0.487322	0.857689	0.843072	0.520671	-0.134657	-0.512195	0.701013	-0.496224
19703	7.366759	-1.750628	-3.863464	0.976138	1.674974	-0.247140	-0.157470	0.474189	0.866226	0.837529	0.528871	-0.137261	-0.523210	0.703875	-0.480428
19704	7.363308	-1.783947	-3.811008	0.964652	1.909348	-0.279333	-0.149733	0.459201	0.875622	0.831993	0.537001	-0.139346	-0.534197	0.707647	-0.462459
19705	7.550884	-1.751124	-3.951241	0.910015	2.116186	-0.305640	-0.140936	0.442455	0.885647	0.826545	0.544992	-0.140738	-0.544941	0.712192	-0.442517
19706	7.965895	-2.113922	-4.293435	0.855742	2.299906	-0.321099	-0.130956	0.424228	0.896036	0.821396	0.552517	-0.141541	-0.555121	0.717465	-0.420815
19707	8.257670	-2.354709	-4.401184	0.917678	2.452944	-0.336258	-0.119969	0.404649	0.906568	0.815832	0.560525	-0.142230	-0.565708	0.722544	-0.397372
19708	8.467997	-2.222632	-4.098246	1.031630	2.557575	-0.354705	-0.108263	0.384086	0.916928	0.809528	0.569416	-0.142936	-0.577013	0.726804	-0.372575
19709	8.660931	-1.557984	-3.641666	1.021916	2.612528	-0.381754	-0.096131	0.362809	0.926892	0.803187	0.578295	-0.143058	-0.587920	0.730715	-0.346995
19710	8.837523	-0.990823	-3.241196	0.819464	2.633233	-0.395070	-0.083719	0.341182	0.936262	0.797973	0.585706	-0.142083	-0.596850	0.735216	-0.321289
19711	9.063927	-1.164998	-3.250439	0.446826	2.642484	-0.401978	-0.071081	0.319262	0.944997	0.794985	0.590337	-0.139644	-0.602450	0.741333	-0.295770
19712	9.147295	-2.026511	-3.395036	0.184240	2.638939	-0.393737	-0.058292	0.297249	0.953019	0.793615	0.592935	-0.136396	-0.605622	0.748379	-0.270465
19713	9.170982	-2.607687	-3.378523	0.112872	2.616544	-0.394090	-0.045549	0.275189	0.960311	0.792729	0.594915	-0.132880	-0.607870	0.755214	-0.245248
19714	9.247098	-2.737658	-3.283618	0.103189	2.583195	-0.371561	-0.032791	0.253359	0.966816	0.791953	0.596690	-0.129506	-0.609701	0.761427	-0.220215
19715	9.369566	-2.646937	-3.233432	0.113922	2.539577	-0.342792	-0.020007	0.231856	0.972544	0.791172	0.598393	-0.126382	-0.611267	0.766921	-0.195410
19716	9.542132	-2.565237	-3.216617	0.136212	2.490181	-0.306651	-0.007216	0.210835	0.977495	0.790295	0.600129	-0.123607	-0.612684	0.771618	-0.170953
19717	9.621900	-2.345921	-2.998740	0.191387	2.444231	-0.264870	0.005678	0.190289	0.981712	0.789124	0.602141	-0.121280	-0.614207	0.775381	-0.146743
19718	9.523039	-1.884568	-2.569144	0.191763	2.380251	-0.229357	0.018480	0.170386	0.985204	0.787973	0.604052	-0.119248	-0.615433	0.778518	-0.123096
19719	9.442828	-1.695680	-2.401625	0.093158	2.295986	-0.199231	0.031035	0.151223	0.988012	0.787455	0.605099	-0.117350	-0.615591	0.781657	-0.100302
19720	9.308901	-1.651321	-2.311005	-0.069162	2.196625	-0.168219	0.043194	0.132970	0.990178	0.787943	0.604802	-0.115590	-0.614232	0.785197	-0.078649
19721	9.118094	-2.298651	-2.692338	-0.269392	2.063747	-0.156460	0.054594	0.115731	0.991779	0.789676	0.602874	-0.113819	-0.611090	0.789398	-0.058476
19722	9.117979	-2.933805	-2.792983	-0.111398	1.921769	-0.147616	0.065128	0.099618	0.992892	0.790446	0.602156	-0.112264	-0.609060	0.792139	-0.039525
19723	8.825076	-2.471719	-2.537029	0.172176	1.741852	-0.137325	0.074644	0.084943	0.993586	0.789500	0.603645	-0.110918	-0.609195	0.792715	-0.022004
19724	8.564814	-1.416205	-2.209954	0.229608	1.533851	-0.119006	0.083030	0.072039	0.993940	0.788196	0.605562	-0.109733	-0.609798	0.792530	-0.006501
19725	8.238931	-0.618489	-2.026993	0.053213	1.308974	-0.076121	0.090397	0.061158	0.994026	0.787945	0.606032	-0.108942	-0.609075	0.793086	0.006594
19726	8.326181	-0.786836	-2.128921	-0.243525	1.079223	-0.034882	0.096655	0.052350	0.993940	0.789459	0.604121	-0.108589	-0.606145	0.795171	0.017063
19727	8.316499	-1.463352	-2.212242	-0.419730	0.858481	-0.008125	0.101764	0.045420	0.993771	0.792010	0.600778	-0.108562	-0.601967	0.798124	0.025164
19728	8.356494	-1.904987	-2.240242	-0.452813	0.646766	0.013390	0.105726	0.040303	0.993578	0.794715	0.597154	-0.108788	-0.597704	0.801113	0.031105
19729	8.533989	-2.160020	-2.214382	-0.396134	0.461973	0.029883	0.108704	0.036734	0.993395	0.797050	0.593961	-0.109182	-0.594049	0.803654	0.035287
19730	8.557993	-2.014340	-2.206273	-0.326485	0.298449	0.033729	0.110717	0.034507	0.993253	0.798951	0.591325	-0.109601	-0.591117	0.805695	0.037900
19731	9.656349	-1.553061	-1.759691	-0.319596	0.144149	0.021261	0.111723	0.033432	0.993177	0.800819	0.588737	-0.109903	-0.588394	0.807633	0.039003
19732	8.737819	-1.005726	-2.236101	-0.403072	-0.011326	0.007210	0.111690	0.033540	0.993177	0.803179	0.585477	-0.110095	-0.585175	0.809995	0.038453
19733	8.531648	-0.461184	-2.252130	-0.840426	-0.176299	0.030102	0.110892	0.035112	0.993212	0.808041	0.578637	-0.110674	-0.578595	0.814829	0.035794
19734	8.500141	-1.170022	-3.191547	-1.090543	-0.313184	0.046030	0.109441	0.037913	0.993270	0.814257	0.569702	-0.111462	-0.570094	0.820976	0.031478
19735	8.482145	-1.444748	-3.765155	-1.119656	-0.409321	0.046727	0.107491	0.041516	0.993339	0.820546	0.560456	-0.112217	-0.561382	0.827143	0.026178
19736	8.112345	-0.283234	-4.573193	-1.120623	-0.548367	0.040454	0.104744	0.046269	0.993422	0.826749	0.551138	-0.112840	-0.552734	0.833130	0.019476
19737	8.514846	-0.817398	-5.036596	-1.495606	-0.600494	0.049883	0.101856	0.051537	0.993463	0.834880	0.538595	-0.113537	-0.540925	0.840987	0.011832
19738	9.323483	-3.481521	-5.541030	-1.072134	-0.549752	0.070615	0.099470	0.056528	0.993434	0.840566	0.529514	-0.114295	-0.532498	0.846416	0.005155
19739	9.234761	-3.630595	-4.826682	-0.345239	-0.457029	0.040560	0.097363	0.060589	0.993403	0.842364	0.526567	-0.114676	-0.530041	0.847972	0.000231
19740	9.162311	-2.186594	-3.381362	0.065972	-0.412224	0.000026	0.095150	0.064059	0.993400	0.842017	0.527129	-0.114642	-0.530994	0.847367	-0.003783
19741	9.950074	-1.876760	-2.082053	-0.123586	-0.392274	-0.021218	0.092869	0.067249	0.993405	0.842695	0.526099	-0.114394	-0.530322	0.847760	-0.007813
19742	11.177586	-2.849795	-0.933191	-0.335418	-0.309534	0.003576	0.091235	0.069871	0.993375	0.844468	0.523254	-0.114363	-0.527778	0.849308	-0.011265
19743	11.550737	-3.952467	0.000579	-0.261920	-0.226638	0.013062	0.090130	0.071844	0.993335	0.845838	0.521022	-0.114430	-0.525770	0.850515	-0.013809
19744	11.733500	-3.268118	1.308762	-0.101257	-0.210178	-0.012360	0.088894	0.073544	0.993322	0.846384	0.520173	-0.114257	-0.525102	0.850889	-0.016006
19745	11.636058	-1.833873	2.469315	-0.194668	-0.258315	-0.058576	0.087024	0.075418	0.993347	0.847458	0.518563	-0.113614	-0.523681	0.851707	-0.018786
19746	11.157175	-0.872587	2.520777	-0.606924	-0.342365	-0.105729	0.084315	0.077770	0.993400	0.850714	0.513470	-0.112402	-0.518822	0.854576	-0.022867
19747	10.527618	0.299311	1.778694	-0.759470	-0.479473	-0.176355	0.080319	0.080953	0.993476	0.854778	0.507109	-0.110428	-0.512740	0.858072	-0.028467
19748	10.223883	-0.668711	0.320232	-1.179751	-0.637855	-0.229621	0.075082	0.085268	0.993525	0.860951	0.497149	-0.107731	-0.503116	0.863465	-0.036084
19749	9.852420	-3.575984	-1.022995	-0.985907	-0.701689	-0.208614	0.069759	0.090290	0.993469	0.866025	0.488801	-0.105235	-0.495110	0.867710	-0.044095
19750	9.214515	-3.405285	-1.185843	-0.314886	-0.699347	-0.187712	0.064650	0.095424	0.993335	0.867708	0.486246	-0.103185	-0.492851	0.868596	-0.051365
19751	9.096207	-0.905956	-1.172446	-0.072177	-0.665945	-0.196319	0.059646	0.100232	0.993175	0.868187	0.485815	-0.101169	-0.492639	0.868296	-0.058043
19752	9.343298	-0.028800	-1.930372	-0.280190	-0.607643	-0.229883	0.054634	0.104374	0.993036	0.869697	0.483621	-0.098679	-0.490552	0.869032	-0.064352
19753	9.473626	-0.823722	-2.648381	-0.231643	-0.562404	-0.269557	0.049515	0.107940	0.992924	0.870973	0.481897	-0.095820	-0.488830	0.869554	-0.070152
19754	9.481067	-1.204019	-2.890244	0.072627	-0.516348	-0.292852	0.044410	0.110993	0.992828	0.870756	0.482854	-0.092930	-0.489706	0.868638	-0.075204
19755	9.522358	-1.328806	-2.851224	0.215060	-0.453163	-0.289903	0.039643	0.113503	0.992746	0.869823	0.485050	-0.090192	-0.491769	0.867089	-0.079499
19756	9.619827	-1.147009	-2.645045	0.305877	-0.387285	-0.270916	0.035351	0.115517	0.992676	0.868416	0.488015	-0.087716	-0.494574	0.865157	-0.083065
19757	9.826394	-1.027407	-2.014977	0.177645	-0.322546	-0.263770	0.031443	0.116997	0.992634	0.867624	0.489863	-0.085222	-0.496225	0.863913	-0.086107
19758	9.821409	-1.447508	-1.569304	0.080832	-0.295858	-0.264387	0.027653	0.118233	0.992601	0.867301	0.490877	-0.082633	-0.497015	0.863169	-0.088970
19759	9.795738	-1.316467	-0.966841	0.023349	-0.301695	-0.262297	0.023858	0.119530	0.992544	0.867252	0.491396	-0.080024	-0.497298	0.862695	-0.091939
19760	9.794626	-1.257977	-0.410374	-0.057401	-0.328985	-0.266024	0.019887	0.121039	0.992449	0.867595	0.491226	-0.077295	-0.496873	0.862581	-0.095244
19761	9.771985	-0.954359	0.032185	-0.129126	-0.370248	-0.269504	0.015691	0.122892	0.992296	0.868283	0.490447	-0.074470	-0.495820	0.862763	-0.099010
19762	9.853301	-0.483866	0.200836	-0.211504	-0.413734	-0.274563	0.011230	0.125096	0.992081	0.869367	0.488968	-0.071497	-0.494040	0.863285	-0.103263
19763	9.855968	-0.045594	-0.022358	-0.245583	-0.442750	-0.283010	0.006565	0.127520	0.991814	0.870602	0.487210	-0.068404	-0.491945	0.863924	-0.107820
19764	9.723549	0.336516	-0.563189	-0.268127	-0.447362	-0.282274	0.001882	0.129991	0.991513	0.871929	0.485262	-0.065275	-0.489629	0.864652	-0.112430
19765	9.604906	0.612870	-0.823698	-0.300738	-0.447100	-0.270533	-0.002682	0.132530	0.991175	0.873395	0.483021	-0.062222	-0.487005	0.865521	-0.117047
19766	9.678000	-0.099674	-1.236267	-0.342303	-0.455152	-0.267075	-0.007254	0.135163	0.990797	0.875043	0.480420	-0.059131	-0.483991	0.866561	-0.121759
19767	10.241041	-0.609307	-1.634280	-0.323954	-0.447123	-0.265166	-0.011755	0.137750	0.990397	0.876580	0.477979	-0.056076	-0.481113	0.867503	-0.126367
19768	10.287310	-0.604497	-2.187639	-0.261741	-0.412090	-0.244617	-0.015907	0.140137	0.990004	0.877801	0.476053	-0.053283	-0.478761	0.868179	-0.130585
19769	10.148480	-0.470591	-2.764131	-0.276958	-0.377345	-0.228833	-0.019740	0.142309	0.989625	0.879081	0.473977	-0.050624	-0.476264	0.868961	-0.134457
19770	10.140929	-0.517398	-3.136791	-0.160613	-0.336619	-0.189139	-0.023032	0.144317	0.989263	0.879803	0.472858	-0.048499	-0.474781	0.869240	-0.137862
19771	10.177606	0.137948	-2.973379	0.035976	-0.296894	-0.158475	-0.025858	0.146129	0.988927	0.879591	0.473408	-0.046955	-0.475027	0.868638	-0.140775
19772	10.143016	0.623365	-2.586958	0.089531	-0.253208	-0.131771	-0.028248	0.147681	0.988631	0.879128	0.474385	-0.045744	-0.475748	0.867842	-0.143232
19773	10.012542	0.567751	-2.066849	0.097282	-0.214618	-0.101578	-0.030186	0.149043	0.988370	0.878633	0.475387	-0.044853	-0.476543	0.867060	-0.145304
19774	9.819075	-0.190733	-1.314238	0.192422	-0.203437	-0.076658	-0.031858	0.150419	0.988109	0.877689	0.477175	-0.044342	-0.478171	0.865839	-0.147223
19775	9.582003	-0.237269	-0.398897	0.327695	-0.227180	-0.047707	-0.033389	0.152138	0.987795	0.876099	0.480089	-0.044329	-0.480974	0.863926	-0.149318
19776	9.487835	0.404631	0.439167	0.360316	-0.281756	-0.034396	-0.035078	0.154381	0.987388	0.874347	0.483257	-0.044497	-0.484032	0.861759	-0.151934
19777	9.414862	0.624578	0.775919	0.242615	-0.341806	-0.026611	-0.036991	0.157176	0.986878	0.873158	0.485394	-0.044579	-0.486032	0.860051	-0.155195
19778	9.338416	0.472761	0.621874	0.099050	-0.414365	-0.015900	-0.039173	0.160638	0.986236	0.872668	0.486278	-0.044543	-0.486740	0.858912	-0.159232
19779	9.159561	0.152539	0.197584	0.030303	-0.478741	-0.006090	-0.041579	0.164698	0.985467	0.872516	0.486555	-0.044503	-0.486813	0.857986	-0.163932
19780	9.205464	-0.255355	-0.302838	0.002775	-0.530782	0.000139	-0.044189	0.169228	0.984586	0.872500	0.486585	-0.044474	-0.486611	0.857086	-0.169153
19781	9.495719	-0.244223	-0.746680	0.076020	-0.566773	-0.001678	-0.046985	0.174052	0.983615	0.872127	0.487246	-0.044559	-0.487018	0.855744	-0.174689
19782	9.616194	0.331458	-1.236278	-0.007457	-0.577534	0.015902	-0.049686	0.179046	0.982585	0.872169	0.487161	-0.044668	-0.486675	0.854761	-0.180364
19783	9.618973	0.011892	-2.091020	-0.165303	-0.576387	0.027931	-0.052264	0.184086	0.981520	0.872984	0.485705	-0.044610	-0.484941	0.854519	-0.186089
19784	9.706870	-0.637260	-2.929650	-0.145320	-0.557647	0.043597	-0.054611	0.189040	0.980450	0.873708	0.484390	-0.044729	-0.483375	0.854184	-0.191619
19785	9.596389	-0.533681	-3.223585	-0.030211	-0.525860	0.058145	-0.056666	0.193789	0.979405	0.873884	0.484028	-0.045211	-0.482821	0.853325	-0.196778
19786	9.674894	-0.749351	-3.356250	0.009342	-0.500536	0.066071	-0.058533	0.198356	0.978381	0.873874	0.483986	-0.045842	-0.482615	0.852299	-0.201667
19787	9.642627	-1.165167	-3.304626	0.132302	-0.464470	0.086932	-0.060040	0.202711	0.977396	0.873284	0.484946	-0.046933	-0.483498	0.850726	-0.206141
19788	9.471776	-0.912415	-2.700659	0.261454	-0.454802	0.104459	-0.061360	0.207061	0.976402	0.872078	0.486962	-0.048463	-0.485505	0.848525	-0.210453
19789	9.391290	-0.672985	-1.941735	0.339059	-0.469773	0.123027	-0.062598	0.211621	0.975345	0.870500	0.489585	-0.050356	-0.488171	0.845886	-0.214864
19790	9.454518	-0.112891	-0.810437	0.404697	-0.512585	0.142634	-0.063896	0.216627	0.974161	0.868605	0.492706	-0.052592	-0.491368	0.842801	-0.219646
19791	9.458011	0.087915	0.215094	0.432191	-0.585803	0.157746	-0.065439	0.222314	0.972777	0.866573	0.496003	-0.055060	-0.494741	0.839379	-0.225109
19792	9.400272	0.346628	1.213849	0.496237	-0.686167	0.175878	-0.067352	0.228913	0.971114	0.864222	0.499771	-0.057868	-0.498581	0.835361	-0.231492
19793	9.238052	-0.057315	1.708433	0.446908	-0.808301	0.189946	-0.069778	0.236578	0.969104	0.862114	0.503061	-0.060733	-0.501887	0.831240	-0.239060
19794	9.051402	-0.282449	1.590485	0.526053	-0.954998	0.197809	-0.072914	0.245469	0.966659	0.859602	0.506954	-0.063895	-0.505736	0.826282	-0.247969
19795	9.152113	0.127007	1.527879	0.537854	-1.100155	0.207335	-0.076739	0.255559	0.963743	0.857024	0.510872	-0.067228	-0.509530	0.820792	-0.258224
19796	9.018543	-0.131010	1.021595	0.398088	-1.235159	0.221026	-0.081183	0.266774	0.960334	0.855162	0.513562	-0.070372	-0.511965	0.815528	-0.269827
19797	8.631287	-0.427177	0.621024	0.387265	-1.377204	0.219823	-0.086389	0.279070	0.956377	0.853357	0.516118	-0.073519	-0.514120	0.809779	-0.282734
19798	8.522794	-0.675350	0.674709	0.390020	-1.526374	0.220718	-0.092397	0.292501	0.951791	0.851541	0.518644	-0.076723	-0.516082	0.803400	-0.296998
19799	8.499133	-0.878052	1.240968	0.423963	-1.693200	0.213086	-0.099358	0.307122	0.946469	0.849551	0.521404	-0.080008	-0.518066	0.796124	-0.312721
19800	8.874345	-0.616910	1.991227	0.525567	-1.880008	0.197285	-0.107474	0.323017	0.940271	0.847021	0.524956	-0.083526	-0.520581	0.787452	-0.330022
19801	10.132190	0.042574	1.992458	0.496255	-2.079302	0.158787	-0.116991	0.340098	0.933085	0.844608	0.528323	-0.086669	-0.522446	0.777952	-0.349058
19802	12.833078	0.703683	0.978183	0.419588	-2.205516	0.124613	-0.127499	0.357783	0.925059	0.842562	0.531145	-0.089302	-0.523291	0.768034	-0.369175
19803	15.031211	0.001227	-0.517968	0.206130	-2.245474	0.123163	-0.138212	0.375546	0.916440	0.841646	0.532276	-0.091189	-0.522044	0.758714	-0.389644
19804	17.874668	-1.139179	-0.602885	0.576921	-2.314152	0.190928	-0.148733	0.393963	0.907013	0.838897	0.535898	-0.095205	-0.523574	0.746730	-0.410200
19805	18.317885	-3.206813	-0.215540	0.750703	-2.326226	0.270165	-0.158694	0.412595	0.896985	0.835370	0.540374	-0.100768	-0.526283	0.733322	-0.430423
19806	16.598746	-3.145831	1.096404	0.955061	-2.389741	0.320707	-0.168674	0.431657	0.886127	0.830842	0.545967	-0.107805	-0.530331	0.718048	-0.450729
19807	15.820087	-2.099709	1.742840	0.814143	-2.456415	0.391178	-0.178495	0.451212	0.874384	0.827191	0.550033	-0.114975	-0.532818	0.702760	-0.471417
19808	15.193840	-1.494068	0.607021	0.484068	-2.495974	0.459871	-0.188013	0.471086	0.861817	0.825449	0.551297	-0.121270	-0.532246	0.688586	-0.492508
19809	13.798721	-0.439617	-0.741245	0.069517	-2.485854	0.492502	-0.197213	0.490684	0.848726	0.825931	0.549556	-0.125805	-0.528153	0.676178	-0.513651
19810	12.376759	0.139246	-2.059316	-0.371064	-2.471331	0.488968	-0.206147	0.509920	0.835156	0.828854	0.544638	-0.127948	-0.520101	0.665846	-0.534925
19811	11.706190	0.423302	-4.009882	-0.761894	-2.425934	0.446376	-0.215008	0.528305	0.821380	0.833617	0.537434	-0.127463	-0.508777	0.657311	-0.555957
19812	11.181493	0.452706	-5.121469	-0.889980	-2.317201	0.370833	-0.223578	0.545404	0.807804	0.838894	0.529647	-0.125418	-0.496255	0.649622	-0.575954
19813	10.568817	0.238745	-5.297831	-1.210987	-2.212703	0.231473	-0.232539	0.560845	0.794593	0.845247	0.520692	-0.120156	-0.481127	0.643686	-0.595134
19814	10.026404	0.263020	-5.359971	-1.669345	-2.147837	0.040315	-0.242351	0.574818	0.781569	0.853205	0.509768	-0.110354	-0.461852	0.640094	-0.613981
19815	9.697828	-0.370217	-6.485885	-1.878583	-1.984651	-0.112651	-0.252379	0.586848	0.769360	0.861316	0.498576	-0.097757	-0.440953	0.637990	-0.631292
19816	9.007556	-2.312415	-7.075376	-1.489869	-1.738788	-0.235327	-0.261958	0.596731	0.758479	0.867142	0.490507	-0.086418	-0.423607	0.635071	-0.645942
19817	7.746345	-4.057392	-8.076159	-0.312557	-1.394088	-0.241610	-0.270021	0.604264	0.749636	0.867725	0.490144	-0.082537	-0.417304	0.628191	-0.656684
19818	7.687036	-1.657930	-6.540483	0.696810	-1.075244	-0.185960	-0.276163	0.610027	0.742698	0.864288	0.495638	-0.085725	-0.420404	0.618231	-0.664117
19819	8.326794	-1.802491	-3.256752	0.785575	-0.540081	-0.159950	-0.279828	0.612509	0.739276	0.860517	0.501455	-0.089748	-0.425685	0.611045	-0.667395
19820	7.309057	-0.435708	-1.726806	0.727154	-0.014420	-0.215266	-0.281766	0.611490	0.739383	0.856784	0.507224	-0.092982	-0.431891	0.607292	-0.666833
19821	6.715312	0.894888	-2.048757	0.092509	0.467571	-0.299058	-0.282301	0.607082	0.742803	0.855536	0.509619	-0.091359	-0.434009	0.609705	-0.663247
19822	6.043234	-0.039513	-3.287078	-0.454396	0.905645	-0.374897	-0.281613	0.599594	0.749120	0.856438	0.509115	-0.085537	-0.432675	0.617486	-0.656889
19823	5.504053	-2.330276	-4.815343	-0.467211	1.291123	-0.359335	-0.279107	0.589685	0.757873	0.857448	0.508351	-0.079759	-0.432298	0.627576	-0.647509
19824	5.177070	-3.526454	-5.573110	0.210645	1.639813	-0.277570	-0.274372	0.577887	0.768614	0.855753	0.511324	-0.078965	-0.438643	0.636078	-0.634821
19825	5.327011	-3.037013	-5.583422	0.863270	1.962474	-0.222343	-0.267534	0.564148	0.781129	0.851306	0.518122	-0.082630	-0.451336	0.642873	-0.618878
19826	5.724980	-2.469985	-5.541615	1.205996	2.285713	-0.204937	-0.258797	0.548287	0.795240	0.845215	0.527075	-0.088337	-0.467585	0.649287	-0.599825
19827	5.712083	-2.309674	-5.304448	1.420673	2.562262	-0.206783	-0.248315	0.530423	0.810550	0.837914	0.537467	-0.095019	-0.486044	0.655577	-0.577910
19828	5.871076	-1.560587	-5.116605	1.459355	2.792094	-0.182412	-0.236027	0.511011	0.826534	0.830231	0.548053	-0.101755	-0.504982	0.662198	-0.553613
19829	6.353881	-1.169007	-5.547625	1.172179	2.993719	-0.125692	-0.221695	0.490317	0.842877	0.823925	0.556502	-0.107017	-0.521535	0.670742	-0.527358
19830	6.406606	-2.260701	-5.839637	1.013380	3.171105	-0.067691	-0.205498	0.468490	0.859237	0.818410	0.563691	-0.111613	-0.536633	0.680272	-0.499254
19831	6.262935	-2.911397	-5.563566	1.164421	3.281008	-0.054784	-0.188069	0.445672	0.875218	0.811959	0.571919	-0.116752	-0.552587	0.688684	-0.469427
19832	6.361813	-2.017699	-5.075439	1.154189	3.346029	-0.072299	-0.169931	0.422053	0.890503	0.805356	0.580244	-0.121323	-0.567913	0.696555	-0.438504
19833	6.625370	-2.128148	-5.414874	0.717327	3.406020	-0.103151	-0.151287	0.397482	0.905053	0.800973	0.585844	-0.123403	-0.579270	0.706254	-0.407003
19834	6.850427	-3.082207	-6.061245	0.500363	3.461366	-0.123279	-0.132090	0.372104	0.918744	0.797872	0.589893	-0.124203	-0.588177	0.716634	-0.374811
19835	7.122810	-3.374584	-6.246147	0.513149	3.506853	-0.135478	-0.112449	0.345932	0.931497	0.794563	0.594225	-0.124760	-0.596678	0.726104	-0.341685
19836	7.244968	-3.018940	-6.002206	0.552120	3.533749	-0.149116	-0.092427	0.319206	0.943167	0.791089	0.598767	-0.125123	-0.604677	0.734565	-0.307863
19837	7.608022	-2.093340	-5.727530	0.493014	3.524182	-0.155025	-0.072214	0.292199	0.953627	0.787965	0.602886	-0.125059	-0.611470	0.742394	-0.273780
19838	7.967605	-1.553299	-5.401695	0.294331	3.498390	-0.122114	-0.051727	0.265321	0.962772	0.786080	0.605434	-0.124612	-0.615957	0.750370	-0.239881
19839	8.241913	-1.479226	-5.228997	0.187676	3.454525	-0.057345	-0.030844	0.238871	0.970561	0.784900	0.606996	-0.124448	-0.618854	0.757955	-0.206212
19840	8.698470	-1.068408	-5.244913	0.058888	3.411619	0.040823	-0.009413	0.213107	0.976984	0.784542	0.607362	-0.124923	-0.620004	0.765309	-0.172908
19841	9.175366	-1.277213	-5.417958	-0.128172	3.392802	0.158939	0.012855	0.187928	0.982099	0.785337	0.606058	-0.126251	-0.618935	0.772901	-0.139796
19842	9.621424	-2.039020	-5.556493	-0.133379	3.361660	0.272604	0.035751	0.163455	0.985903	0.786095	0.604551	-0.128735	-0.617071	0.779616	-0.106878
19843	9.986463	-2.106422	-5.355479	0.045952	3.285531	0.305698	0.058409	0.139565	0.988489	0.785672	0.604447	-0.131766	-0.615879	0.784325	-0.074347
19844	10.469159	-2.320591	-4.903407	0.230379	3.126844	0.284275	0.079870	0.116692	0.989951	0.784059	0.605899	-0.134679	-0.615526	0.786937	-0.043100
19845	9.682426	-1.818693	-4.023903	0.729795	2.874180	0.219720	0.099322	0.095388	0.990473	0.779363	0.611404	-0.137034	-0.618650	0.785549	-0.013616
19846	8.870860	0.469249	-2.877514	0.839162	2.518528	0.113538	0.115810	0.076311	0.990336	0.774036	0.617890	-0.138128	-0.622459	0.782552	0.012490
19847	10.059045	0.198704	-2.761196	0.243067	2.110694	0.032730	0.129190	0.059956	0.989806	0.772490	0.619769	-0.138367	-0.621747	0.782491	0.033752
19848	7.378203	-0.294236	-3.488522	-0.164837	1.596449	-0.039076	0.138763	0.047180	0.989201	0.773568	0.618501	-0.138014	-0.618334	0.784366	0.049328
19849	7.201733	-0.704812	-4.216056	-0.885181	1.001975	-0.046893	0.144546	0.038964	0.988731	0.779078	0.611551	-0.137996	-0.610036	0.790245	0.058041
19850	6.456285	-1.090344	-4.984680	-0.977921	0.493775	0.004336	0.147547	0.035047	0.988434	0.785001	0.603794	-0.138589	-0.601667	0.796370	0.061576
19851	5.425782	-0.021099	-5.609608	-0.979717	-0.032392	0.012054	0.147438	0.035343	0.988440	0.790846	0.595957	-0.139274	-0.593990	0.802238	0.059916
19852	5.607714	1.515265	-5.995708	-1.383234	-0.534865	0.018149	0.144408	0.039737	0.988720	0.798970	0.584801	-0.140197	-0.583775	0.810203	0.052702
19853	6.739207	0.895598	-6.203142	-1.898798	-0.925247	0.030084	0.139299	0.047424	0.989114	0.809885	0.569303	-0.141354	-0.569809	0.820759	0.040895
19854	10.403404	-1.856841	-3.278725	-1.926879	-0.968069	0.009711	0.133906	0.055450	0.989442	0.820717	0.553386	-0.142084	-0.555422	0.831077	0.028593
19855	12.458695	-4.066511	-0.870515	-1.521248	-0.757128	-0.020779	0.129555	0.061631	0.989655	0.829110	0.540697	-0.142210	-0.543868	0.838957	0.018951
19856	12.704966	-4.597300	-0.494319	-1.455787	-0.669480	-0.064543	0.125388	0.066903	0.989849	0.837032	0.528474	-0.141749	-0.532594	0.846309	0.010264
19857	13.324239	-4.140275	-0.936934	-0.964250	-0.780380	-0.111145	0.120309	0.072917	0.990055	0.842273	0.520372	-0.140676	-0.525454	0.850821	0.001189
19858	12.886275	-0.933856	-0.386617	-1.025677	-0.991064	-0.209143	0.113344	0.080269	0.990308	0.847872	0.511786	-0.138525	-0.517945	0.855355	-0.010050
19859	12.337127	-1.984381	-0.643251	-1.136546	-1.109466	-0.282767	0.105221	0.088328	0.990518	0.854022	0.502278	-0.135511	-0.509485	0.860183	-0.022584
19860	10.751945	-4.212826	-1.902400	-0.847224	-1.124073	-0.317135	0.096785	0.096411	0.990625	0.858636	0.495274	-0.132091	-0.503366	0.863371	-0.034847
