// General information: 
//  MT Manager version: 2022.2.0 
//  XDA version: 2022.2.0 build 7381 rev 124627 built on 2023-07-19
// Device information: 
//  DeviceId: 00B4CAF0
//  ProductCode: MTW2-3A7G6
//  Firmware Version: 4.6.0
//  Hardware Version: 2.0.0
// Device settings: 
//  Filter Profile: human(46.1)
//  Option Flags: Orientation Smoother Disabled, Position/Velocity Smoother Disabled, Continuous Zero Rotation Update Disabled, AHS Disabled, ICC Disabled
// Coordinate system: ENU
PacketCounter	Acc_X	Acc_Y	Acc_Z	Gyr_X	Gyr_Y	Gyr_Z	Mat[1][1]	Mat[2][1]	Mat[3][1]	Mat[1][2]	Mat[2][2]	Mat[3][2]	Mat[1][3]	Mat[2][3]	Mat[3][3]
64312	4.961944	0.530927	8.948914	-0.004100	0.002901	0.002316	-0.144470	0.849831	0.506869	-0.976350	-0.205688	0.066579	0.160838	-0.485263	0.859448
64313	4.886670	0.518296	9.015042	-0.003382	0.002436	0.004963	-0.144550	0.849864	0.506790	-0.976363	-0.205678	0.066428	0.160690	-0.485208	0.859507
64314	4.898221	0.549319	9.006470	-0.001174	-0.007356	0.006480	-0.144568	0.849812	0.506873	-0.976366	-0.205680	0.066364	0.160651	-0.485300	0.859462
64315	4.932600	0.556934	9.009343	0.004609	-0.012131	0.008180	-0.144656	0.849768	0.506921	-0.976361	-0.205736	0.066266	0.160603	-0.485352	0.859442
64316	4.996501	0.527851	8.984282	0.002463	-0.014405	0.006766	-0.144665	0.849681	0.507065	-0.976359	-0.205759	0.066232	0.160609	-0.485496	0.859359
64317	4.958424	0.542559	8.986621	-0.000176	-0.014795	0.007903	-0.144746	0.849625	0.507136	-0.976362	-0.205789	0.066095	0.160518	-0.485581	0.859328
64318	5.022328	0.512922	8.961562	-0.002595	-0.011930	0.010976	-0.144800	0.849540	0.507261	-0.976361	-0.205822	0.065996	0.160472	-0.485714	0.859262
64319	4.988896	0.494739	8.990788	-0.003313	-0.011464	0.008330	-0.144890	0.849500	0.507304	-0.976369	-0.205841	0.065830	0.160346	-0.485778	0.859249
64320	5.011944	0.470583	9.002131	0.002189	-0.007429	0.007990	-0.144922	0.849444	0.507389	-0.976365	-0.205872	0.065787	0.160340	-0.485862	0.859202
64321	4.996518	0.471264	8.983471	-0.000678	-0.009238	0.003931	-0.144973	0.849423	0.507409	-0.976374	-0.205866	0.065666	0.160237	-0.485902	0.859200
64322	5.031550	0.488461	8.953395	0.002159	-0.001396	0.007938	-0.145014	0.849396	0.507442	-0.976371	-0.205897	0.065624	0.160221	-0.485935	0.859183
64323	5.003311	0.448011	8.976598	-0.001176	-0.005518	0.003220	-0.145064	0.849394	0.507431	-0.976382	-0.205882	0.065502	0.160108	-0.485944	0.859199
64324	5.026282	0.510797	8.959466	0.000006	-0.001835	0.003262	-0.145059	0.849375	0.507464	-0.976389	-0.205863	0.065465	0.160072	-0.485986	0.859182
64325	5.015040	0.479025	8.967916	-0.002886	0.000553	0.002413	-0.145110	0.849405	0.507400	-0.976404	-0.205833	0.065333	0.159934	-0.485947	0.859230
64326	4.963836	0.539367	8.983825	0.000252	-0.002778	0.001987	-0.145091	0.849383	0.507441	-0.976412	-0.205804	0.065304	0.159902	-0.485996	0.859208
64327	4.970205	0.516487	8.977167	0.002904	-0.006058	0.007374	-0.145180	0.849371	0.507437	-0.976410	-0.205845	0.065197	0.159830	-0.486002	0.859219
64328	4.975268	0.560935	9.007862	0.000043	-0.009702	0.006578	-0.145195	0.849306	0.507540	-0.976412	-0.205854	0.065143	0.159806	-0.486110	0.859162
64329	4.988155	0.514857	8.994477	-0.005465	-0.011901	0.003657	-0.145238	0.849273	0.507584	-0.976429	-0.205822	0.064983	0.159661	-0.486182	0.859148
64330	5.006504	0.522984	8.978996	0.000051	-0.011537	0.009841	-0.145282	0.849193	0.507706	-0.976426	-0.205859	0.064913	0.159639	-0.486306	0.859082
64331	5.019485	0.477105	8.965531	0.002937	-0.012090	0.007427	-0.145361	0.849150	0.507754	-0.976425	-0.205900	0.064807	0.159577	-0.486363	0.859061
64332	5.015612	0.509473	8.938253	0.005086	-0.009815	0.008840	-0.145398	0.849081	0.507859	-0.976415	-0.205952	0.064785	0.159602	-0.486462	0.859000
64333	5.016471	0.509532	8.937767	0.005800	-0.008445	0.008223	-0.145490	0.849055	0.507877	-0.976408	-0.206014	0.064699	0.159563	-0.486482	0.858997
64334	5.056458	0.494407	8.934323	0.000016	-0.003669	0.006526	-0.145515	0.849020	0.507928	-0.976410	-0.206022	0.064645	0.159530	-0.486539	0.858970
64335	5.022174	0.476719	8.964046	-0.000237	-0.000892	0.004539	-0.145583	0.849038	0.507879	-0.976417	-0.206023	0.064527	0.159421	-0.486508	0.859008
64336	4.987304	0.536217	8.998173	0.002410	-0.002337	0.006663	-0.145611	0.849009	0.507919	-0.976415	-0.206045	0.064493	0.159409	-0.486549	0.858987
64337	5.010727	0.521891	8.976704	-0.000951	-0.002261	0.005156	-0.145682	0.849019	0.507882	-0.976423	-0.206047	0.064366	0.159295	-0.486530	0.859019
64338	4.999613	0.489981	8.985094	-0.000474	-0.001783	0.009078	-0.145735	0.848988	0.507919	-0.976422	-0.206075	0.064295	0.159255	-0.486573	0.859002
64339	5.006789	0.476388	8.945421	-0.000951	-0.002261	0.005156	-0.145806	0.848998	0.507881	-0.976430	-0.206077	0.064168	0.159141	-0.486554	0.859034
64340	5.023154	0.475311	8.963571	0.002402	-0.000503	0.003400	-0.145805	0.848985	0.507904	-0.976432	-0.206071	0.064150	0.159127	-0.486580	0.859022
64341	4.994076	0.512210	8.991342	0.002158	0.000440	0.004676	-0.145876	0.849008	0.507843	-0.976436	-0.206084	0.064052	0.159040	-0.486532	0.859065
64342	5.027580	0.519977	8.994631	0.002402	-0.000503	0.003400	-0.145875	0.848995	0.507866	-0.976438	-0.206078	0.064035	0.159025	-0.486558	0.859053
64343	5.016323	0.488388	9.003080	-0.000237	-0.000891	0.004539	-0.145943	0.849013	0.507817	-0.976446	-0.206079	0.063918	0.158917	-0.486527	0.859091
64344	5.000294	0.488987	8.984769	-0.000228	-0.002725	0.007803	-0.145981	0.848980	0.507861	-0.976446	-0.206097	0.063855	0.158880	-0.486577	0.859069
64345	5.022660	0.464917	8.996451	-0.001672	-0.001795	0.002510	-0.146027	0.848997	0.507818	-0.976459	-0.206073	0.063736	0.158760	-0.486556	0.859103
64346	5.018919	0.506648	8.936557	-0.000481	0.000052	0.005815	-0.146050	0.848982	0.507837	-0.976462	-0.206073	0.063682	0.158716	-0.486583	0.859096
64347	5.023796	0.473986	8.963282	0.000478	0.000478	0.003922	-0.146113	0.849008	0.507777	-0.976469	-0.206072	0.063574	0.158614	-0.486539	0.859140
64348	5.011952	0.519540	8.976156	0.003839	0.000401	0.005429	-0.146133	0.848995	0.507792	-0.976467	-0.206090	0.063559	0.158612	-0.486554	0.859132
64349	5.011941	0.519556	8.976162	0.002158	0.000440	0.004676	-0.146204	0.849018	0.507732	-0.976470	-0.206103	0.063462	0.158526	-0.486507	0.859174
64350	5.023728	0.473729	8.963333	-0.000725	0.000995	0.007091	-0.146241	0.849005	0.507744	-0.976472	-0.206113	0.063399	0.158479	-0.486527	0.859172
64351	5.011990	0.519223	8.976153	0.002892	-0.002389	0.000849	-0.146269	0.849023	0.507706	-0.976480	-0.206097	0.063329	0.158404	-0.486502	0.859199
64352	5.041070	0.482401	8.948367	0.002628	0.002752	0.005334	-0.146292	0.849021	0.507702	-0.976479	-0.206109	0.063303	0.158388	-0.486500	0.859204
64353	5.023692	0.473738	8.963353	0.003839	0.000401	0.005430	-0.146369	0.849043	0.507643	-0.976479	-0.206136	0.063218	0.158318	-0.486450	0.859245
64354	4.990087	0.466292	8.960105	0.006470	0.002622	0.001027	-0.146350	0.849050	0.507637	-0.976479	-0.206130	0.063248	0.158339	-0.486441	0.859246
64355	5.022368	0.465020	8.996609	0.009118	0.001176	0.003152	-0.146406	0.849080	0.507571	-0.976473	-0.206164	0.063219	0.158321	-0.486374	0.859288
64356	5.055439	0.550863	9.004176	0.016575	-0.001808	0.002340	-0.146392	0.849063	0.507604	-0.976455	-0.206217	0.063329	0.158447	-0.486381	0.859260
64357	5.030207	0.463390	8.923879	0.005974	0.006341	0.000314	-0.146428	0.849124	0.507491	-0.976459	-0.206212	0.063288	0.158390	-0.486277	0.859330
64358	5.038644	0.476293	8.982103	0.009310	0.012296	0.001767	-0.146431	0.849177	0.507402	-0.976452	-0.206225	0.063339	0.158425	-0.486179	0.859378
64359	5.021427	0.477850	8.964404	0.005479	0.010061	-0.000399	-0.146466	0.849257	0.507258	-0.976458	-0.206211	0.063298	0.158358	-0.486045	0.859467
64360	5.003944	0.479405	8.946852	0.009285	0.018329	0.001712	-0.146479	0.849339	0.507117	-0.976452	-0.206224	0.063348	0.158384	-0.485896	0.859546
64361	5.019927	0.488455	8.932635	0.000915	0.010657	0.001261	-0.146530	0.849419	0.506968	-0.976462	-0.206202	0.063260	0.158272	-0.485766	0.859640
64362	4.978437	0.494079	8.969449	0.002589	0.012451	-0.001249	-0.146504	0.849478	0.506876	-0.976471	-0.206157	0.063268	0.158241	-0.485681	0.859694
64363	5.004910	0.524832	8.979777	0.001630	0.012026	0.000644	-0.146552	0.849566	0.506716	-0.976482	-0.206133	0.063189	0.158134	-0.485538	0.859794
64364	4.993838	0.503031	8.955561	0.002377	0.005531	0.003347	-0.146560	0.849582	0.506686	-0.976484	-0.206127	0.063171	0.158111	-0.485513	0.859813
64365	4.992284	0.493486	8.988976	0.002377	0.005531	0.003347	-0.146624	0.849632	0.506583	-0.976489	-0.206130	0.063085	0.158021	-0.485423	0.859880
64366	4.981420	0.471732	8.964641	0.002371	0.007363	0.000082	-0.146603	0.849664	0.506536	-0.976496	-0.206095	0.063085	0.157995	-0.485382	0.859908
64367	4.992175	0.503176	8.956480	-0.001229	0.006551	0.003113	-0.146665	0.849720	0.506424	-0.976507	-0.206078	0.062969	0.157869	-0.485291	0.859982
64368	5.007721	0.502180	8.975090	0.002127	0.008307	0.001358	-0.146658	0.849754	0.506369	-0.976513	-0.206053	0.062960	0.157839	-0.485243	0.860015
64369	5.014005	0.489052	8.935927	0.002848	0.007844	0.004006	-0.146731	0.849814	0.506247	-0.976517	-0.206063	0.062875	0.157751	-0.485133	0.860093
64370	5.006259	0.502315	8.975898	0.001883	0.009251	0.002634	-0.146738	0.849850	0.506185	-0.976521	-0.206048	0.062857	0.157718	-0.485077	0.860131
64371	5.012380	0.489180	8.936832	0.002599	0.010621	0.002017	-0.146796	0.849927	0.506038	-0.976527	-0.206041	0.062781	0.157624	-0.484944	0.860223
64372	5.020724	0.501489	8.995103	-0.001233	0.008384	-0.000152	-0.146774	0.849965	0.505982	-0.976541	-0.205987	0.062750	0.157561	-0.484902	0.860259
64373	4.981517	0.526208	8.965511	0.003315	0.011990	0.001401	-0.146828	0.850050	0.505823	-0.976547	-0.205977	0.062683	0.157472	-0.484756	0.860357
64374	5.025891	0.488204	8.956587	-0.004118	0.008942	0.002261	-0.146830	0.850085	0.505763	-0.976562	-0.205929	0.062616	0.157380	-0.484715	0.860397
64375	5.013471	0.456499	8.965681	0.000426	0.014380	0.000549	-0.146879	0.850183	0.505583	-0.976574	-0.205899	0.062529	0.157260	-0.484555	0.860509
64376	5.000396	0.502110	8.979177	-0.001009	0.013475	-0.001481	-0.146852	0.850248	0.505482	-0.976588	-0.205835	0.062507	0.157192	-0.484469	0.860570
64377	5.016214	0.510532	8.965122	-0.003196	0.019604	0.003524	-0.146938	0.850366	0.505260	-0.976602	-0.205811	0.062373	0.157029	-0.484272	0.860710
64378	4.901270	0.523025	9.001842	-0.001497	0.015364	0.001071	-0.146939	0.850434	0.505144	-0.976614	-0.205767	0.062334	0.156953	-0.484171	0.860781
64379	4.948976	0.519832	9.057099	-0.003621	0.003390	0.006238	-0.147026	0.850468	0.505062	-0.976624	-0.205765	0.062184	0.156810	-0.484113	0.860840
64380	4.990777	0.446500	8.983648	0.000227	0.003258	0.001935	-0.147017	0.850476	0.505051	-0.976632	-0.205735	0.062156	0.156769	-0.484111	0.860848
64381	4.996043	0.500765	8.981675	0.002871	0.001811	0.004063	-0.147080	0.850506	0.504982	-0.976635	-0.205746	0.062073	0.156692	-0.484054	0.860895
64382	5.004148	0.497275	8.909008	0.003361	-0.000077	0.001512	-0.147061	0.850499	0.505000	-0.976638	-0.205729	0.062073	0.156686	-0.484074	0.860884
64383	4.994703	0.491315	9.014933	0.000702	0.003738	0.005858	-0.147143	0.850535	0.504916	-0.976642	-0.205744	0.061963	0.156585	-0.484004	0.860942
64384	5.007362	0.455191	8.969161	0.001907	0.003219	0.002691	-0.147141	0.850541	0.504905	-0.976646	-0.205729	0.061945	0.156560	-0.483999	0.860949
64385	4.978994	0.501835	8.963889	0.004060	0.005494	0.004106	-0.147210	0.850589	0.504805	-0.976647	-0.205746	0.061872	0.156490	-0.483908	0.861013
64386	4.984310	0.479244	8.957813	0.001658	0.007829	-0.002562	-0.147164	0.850628	0.504752	-0.976660	-0.205686	0.061879	0.156456	-0.483865	0.861044
64387	4.999928	0.478576	8.976374	0.004305	0.004550	0.002831	-0.147218	0.850674	0.504659	-0.976662	-0.205693	0.061815	0.156389	-0.483781	0.861103
64388	5.010780	0.510414	8.968167	0.005019	0.007752	-0.001049	-0.147186	0.850710	0.504608	-0.976667	-0.205662	0.061843	0.156389	-0.483731	0.861131
64389	4.998664	0.479319	8.977039	0.003813	0.008272	0.002118	-0.147240	0.850775	0.504483	-0.976671	-0.205661	0.061779	0.156312	-0.483617	0.861209
64390	5.014068	0.478606	8.995722	0.001414	0.008774	-0.001286	-0.147207	0.850816	0.504422	-0.976682	-0.205610	0.061777	0.156275	-0.483566	0.861244
64391	4.991333	0.502272	8.984209	-0.000507	0.006092	0.005761	-0.147292	0.850863	0.504318	-0.976688	-0.205619	0.061657	0.156159	-0.483480	0.861314
64392	4.973361	0.493548	8.999456	0.001415	0.008774	-0.001286	-0.147260	0.850905	0.504258	-0.976699	-0.205568	0.061655	0.156122	-0.483429	0.861349
64393	4.961023	0.539137	9.012516	-0.000734	0.002834	0.003826	-0.147320	0.850940	0.504181	-0.976708	-0.205559	0.061544	0.156009	-0.483371	0.861402
64394	4.962423	0.471386	8.975190	0.000229	0.001426	0.005199	-0.147340	0.850932	0.504188	-0.976711	-0.205558	0.061499	0.155971	-0.483384	0.861401
64395	4.991178	0.511280	8.951817	0.002156	-0.001389	0.007945	-0.147434	0.850938	0.504150	-0.976709	-0.205598	0.061392	0.155893	-0.483357	0.861431
64396	4.962670	0.470806	8.975083	-0.001922	-0.002681	0.007047	-0.147465	0.850907	0.504193	-0.976713	-0.205602	0.061319	0.155840	-0.483410	0.861411
64397	5.012463	0.477163	8.996693	-0.000488	0.000057	0.005815	-0.147541	0.850924	0.504142	-0.976718	-0.205611	0.061201	0.155735	-0.483375	0.861449
64398	4.990280	0.500592	8.984887	0.001421	0.003277	0.008507	-0.147596	0.850919	0.504135	-0.976715	-0.205644	0.061149	0.155705	-0.483371	0.861457
64399	4.996088	0.477653	8.978561	0.002399	-0.000502	0.003405	-0.147648	0.850938	0.504087	-0.976719	-0.205648	0.061068	0.155630	-0.483335	0.861491
64400	4.984379	0.523011	8.991295	-0.000730	-0.000830	0.010356	-0.147714	0.850910	0.504117	-0.976716	-0.205686	0.060989	0.155586	-0.483370	0.861479
64401	4.974427	0.500688	8.966488	0.000966	-0.005072	0.007902	-0.147801	0.850898	0.504111	-0.976716	-0.205720	0.060873	0.155502	-0.483376	0.861491
64402	4.995796	0.467029	9.011287	-0.001433	-0.004570	0.004497	-0.147804	0.850863	0.504169	-0.976723	-0.205704	0.060817	0.155457	-0.483444	0.861461
64403	4.991522	0.499149	8.984278	0.002647	-0.005110	0.008659	-0.147897	0.850849	0.504165	-0.976719	-0.205751	0.060712	0.155390	-0.483448	0.861471
64404	4.971350	0.455239	8.934765	0.002402	-0.002333	0.006670	-0.147925	0.850821	0.504205	-0.976717	-0.205773	0.060679	0.155378	-0.483489	0.861450
64405	5.020173	0.452504	8.989392	0.006251	-0.004301	0.005632	-0.147990	0.850817	0.504192	-0.976712	-0.205812	0.060620	0.155345	-0.483479	0.861462
64406	5.021629	0.462586	8.956045	0.008891	-0.002084	0.001232	-0.147966	0.850801	0.504226	-0.976708	-0.205818	0.060670	0.155397	-0.483505	0.861438
64407	5.031886	0.485097	8.980675	0.006477	0.002621	0.001037	-0.147996	0.850840	0.504151	-0.976710	-0.205819	0.060637	0.155356	-0.483435	0.861484
64408	4.982066	0.478818	8.959085	0.005760	0.001252	0.001654	-0.147981	0.850839	0.504157	-0.976709	-0.205814	0.060657	0.155372	-0.483439	0.861479
64409	5.015244	0.486957	8.962621	0.006707	0.005880	0.002972	-0.148036	0.850890	0.504055	-0.976708	-0.205834	0.060617	0.155330	-0.483341	0.861541
64410	5.003299	0.455961	8.971389	0.006707	0.005880	0.002972	-0.148041	0.850908	0.504022	-0.976704	-0.205845	0.060639	0.155349	-0.483304	0.861559
64411	4.996939	0.479332	8.977998	0.008632	0.004897	0.002454	-0.148089	0.850955	0.503929	-0.976700	-0.205869	0.060618	0.155327	-0.483211	0.861615
64412	4.991721	0.512411	8.951450	0.009350	0.006266	0.001837	-0.148083	0.850978	0.503892	-0.976694	-0.205883	0.060668	0.155370	-0.483164	0.861633
64413	5.014299	0.498763	8.930522	0.005501	0.008234	0.002874	-0.148144	0.851040	0.503770	-0.976694	-0.205900	0.060618	0.155315	-0.483049	0.861708
64414	5.006647	0.512282	8.970368	0.004066	0.005497	0.004107	-0.148159	0.851054	0.503741	-0.976692	-0.205908	0.060612	0.155308	-0.483020	0.861726
64415	4.972716	0.504622	8.967217	-0.000733	0.004667	0.000560	-0.148189	0.851104	0.503649	-0.976706	-0.205872	0.060521	0.155197	-0.482949	0.861786
64416	4.994550	0.480859	8.979246	0.003837	0.000407	0.005439	-0.148209	0.851091	0.503665	-0.976703	-0.205890	0.060505	0.155195	-0.482964	0.861778
64417	5.005750	0.512419	8.970861	0.004066	0.005497	0.004107	-0.148273	0.851137	0.503568	-0.976704	-0.205905	0.060438	0.155128	-0.482876	0.861839
64418	5.011263	0.489694	8.964698	0.001911	0.003221	0.002691	-0.148271	0.851143	0.503558	-0.976708	-0.205891	0.060420	0.155104	-0.482870	0.861846
64419	4.987778	0.504047	8.986084	0.005273	0.003144	0.004206	-0.148333	0.851178	0.503482	-0.976707	-0.205913	0.060362	0.155052	-0.482800	0.861895
64420	4.971381	0.505096	8.967931	0.002630	0.002760	0.005341	-0.148356	0.851177	0.503477	-0.976706	-0.205925	0.060337	0.155036	-0.482798	0.861899
64421	5.003467	0.503146	9.004621	0.000950	0.002799	0.004583	-0.148422	0.851208	0.503404	-0.976710	-0.205932	0.060241	0.154945	-0.482739	0.861949
64422	4.988207	0.513642	8.953338	0.005030	0.004090	0.005482	-0.148449	0.851213	0.503388	-0.976706	-0.205956	0.060236	0.154949	-0.482720	0.861958
64423	4.992818	0.481202	8.980190	0.000476	-0.001346	0.007190	-0.148529	0.851220	0.503353	-0.976708	-0.205978	0.060123	0.154857	-0.482699	0.861987
64424	4.982478	0.459057	8.955598	-0.001450	0.003299	0.001176	-0.148512	0.851230	0.503341	-0.976720	-0.205934	0.060083	0.154800	-0.482700	0.861996
64425	5.011013	0.498998	8.932353	0.002631	0.002760	0.005341	-0.148588	0.851259	0.503269	-0.976720	-0.205958	0.059998	0.154727	-0.482638	0.862044
64426	5.008378	0.479719	8.998832	-0.000975	0.003783	0.005101	-0.148610	0.851263	0.503256	-0.976725	-0.205950	0.059943	0.154673	-0.482634	0.862056
64427	4.991953	0.480411	8.980714	0.000950	0.002799	0.004583	-0.148673	0.851295	0.503183	-0.976730	-0.205954	0.059848	0.154581	-0.482576	0.862105
64428	4.975513	0.481307	8.962592	0.003350	0.004129	0.004725	-0.148692	0.851301	0.503167	-0.976729	-0.205964	0.059832	0.154569	-0.482561	0.862116
64429	4.991376	0.480332	8.981039	0.000950	0.002799	0.004584	-0.148756	0.851333	0.503095	-0.976734	-0.205969	0.059737	0.154478	-0.482503	0.862164
64430	4.973896	0.471500	8.996004	0.000951	0.000969	0.007850	-0.148800	0.851318	0.503107	-0.976732	-0.205993	0.059685	0.154447	-0.482519	0.862161
64431	4.990131	0.470519	9.014244	0.002887	-0.002392	0.000857	-0.148818	0.851332	0.503078	-0.976739	-0.205975	0.059625	0.154382	-0.482502	0.862182
64432	5.008899	0.488830	8.966067	0.005763	-0.002407	0.008189	-0.148861	0.851300	0.503119	-0.976729	-0.206025	0.059613	0.154404	-0.482537	0.862158
64433	4.997572	0.457340	8.974510	0.001195	0.000024	0.006574	-0.148940	0.851313	0.503073	-0.976730	-0.206049	0.059511	0.154320	-0.482503	0.862193
64434	4.981387	0.458440	8.956237	0.007443	0.001213	0.002415	-0.148932	0.851311	0.503080	-0.976726	-0.206059	0.059542	0.154352	-0.482504	0.862186
64435	5.008849	0.489191	8.966075	0.002633	0.002761	0.005341	-0.149007	0.851339	0.503009	-0.976726	-0.206083	0.059458	0.154281	-0.482443	0.862233
64436	5.018948	0.511096	8.990815	0.002876	0.001815	0.004066	-0.149016	0.851336	0.503012	-0.976727	-0.206085	0.059441	0.154268	-0.482448	0.862233
64437	5.014412	0.466279	8.959896	0.000233	0.001432	0.005200	-0.149079	0.851360	0.502953	-0.976733	-0.206088	0.059338	0.154171	-0.482405	0.862274
64438	5.008316	0.488966	8.966385	0.001671	0.004168	0.003967	-0.149091	0.851368	0.502935	-0.976735	-0.206083	0.059312	0.154143	-0.482392	0.862287
64439	4.980337	0.458485	8.956818	0.003352	0.004129	0.004725	-0.149158	0.851405	0.502853	-0.976736	-0.206101	0.059238	0.154074	-0.482319	0.862340
64440	5.007442	0.488921	8.966876	-0.000497	0.007929	0.002493	-0.149161	0.851435	0.502802	-0.976744	-0.206073	0.059200	0.154019	-0.482279	0.862372
64441	4.989866	0.480183	8.981886	0.002400	-0.002329	0.006674	-0.149234	0.851437	0.502777	-0.976744	-0.206101	0.059109	0.153950	-0.482263	0.862393
64442	5.006011	0.479336	9.000170	0.003119	0.002697	-0.000475	-0.149200	0.851447	0.502770	-0.976751	-0.206065	0.059117	0.153938	-0.482260	0.862397
64443	4.967667	0.504341	8.970031	0.006239	0.001737	0.005583	-0.149273	0.851470	0.502709	-0.976745	-0.206107	0.059064	0.153904	-0.482202	0.862436
64444	5.006953	0.489280	8.967129	0.002157	0.000447	0.004683	-0.149286	0.851459	0.502724	-0.976746	-0.206111	0.059039	0.153886	-0.482220	0.862429
64445	4.989629	0.480749	8.981987	0.004082	-0.000538	0.004166	-0.149340	0.851474	0.502682	-0.976746	-0.206129	0.058975	0.153833	-0.482186	0.862457
64446	4.982696	0.494168	9.021419	0.003363	-0.001906	0.004783	-0.149351	0.851451	0.502718	-0.976745	-0.206139	0.058959	0.153830	-0.482221	0.862438
64447	5.029278	0.465805	8.978877	0.006483	-0.001037	0.007575	-0.149436	0.851457	0.502682	-0.976737	-0.206196	0.058899	0.153801	-0.482187	0.862462
64448	5.007305	0.489751	8.966907	0.003120	0.000869	0.002792	-0.149431	0.851452	0.502693	-0.976739	-0.206188	0.058891	0.153792	-0.482199	0.862457
64449	5.007009	0.489935	8.967062	0.003354	0.005959	0.001458	-0.149465	0.851504	0.502594	-0.976745	-0.206176	0.058835	0.153721	-0.482112	0.862518
64450	5.012430	0.467244	8.960955	0.003354	0.004130	0.004725	-0.149484	0.851511	0.502577	-0.976744	-0.206185	0.058819	0.153709	-0.482096	0.862529
64451	4.988786	0.481702	8.982405	0.005036	0.005920	0.002217	-0.149529	0.851561	0.502479	-0.976745	-0.206192	0.058774	0.153657	-0.482005	0.862589
64452	4.989664	0.491419	8.949412	0.002877	0.001816	0.004067	-0.149538	0.851558	0.502482	-0.976746	-0.206193	0.058758	0.153644	-0.482010	0.862589
64453	4.982292	0.504904	8.989078	0.005755	0.005460	0.004867	-0.149607	0.851600	0.502390	-0.976742	-0.206224	0.058706	0.153599	-0.481923	0.862646
64454	4.987803	0.482524	8.982906	0.008166	0.002580	0.001800	-0.149595	0.851605	0.502385	-0.976738	-0.206232	0.058746	0.153636	-0.481910	0.862646
64455	4.977330	0.460916	8.958365	0.001196	0.001855	0.003309	-0.149638	0.851634	0.502323	-0.976745	-0.206223	0.058664	0.153550	-0.481863	0.862688
64456	4.992067	0.450422	9.009933	0.002635	0.002763	0.005342	-0.149661	0.851632	0.502319	-0.976744	-0.206235	0.058638	0.153534	-0.481861	0.862692
64457	4.965242	0.506489	8.971253	0.003354	0.002304	0.007993	-0.149754	0.851653	0.502256	-0.976740	-0.206280	0.058551	0.153470	-0.481805	0.862734
64458	4.998582	0.514045	8.974764	0.001196	0.001855	0.003309	-0.149756	0.851651	0.502258	-0.976744	-0.206267	0.058524	0.153441	-0.481813	0.862735
64459	4.998668	0.436657	8.970712	-0.002410	0.001053	0.006334	-0.149833	0.851669	0.502205	-0.976751	-0.206272	0.058395	0.153324	-0.481780	0.862774
64460	4.992736	0.459168	8.977108	0.001916	0.001396	0.005959	-0.149860	0.851660	0.502213	-0.976750	-0.206285	0.058361	0.153303	-0.481791	0.862772
64461	4.992572	0.459034	8.977206	0.000954	0.002803	0.004584	-0.149924	0.851689	0.502145	-0.976753	-0.206294	0.058270	0.153218	-0.481736	0.862818
64462	5.008569	0.458205	8.995574	0.006484	0.000791	0.004310	-0.149934	0.851680	0.502156	-0.976748	-0.206316	0.058283	0.153242	-0.481742	0.862810
64463	5.002522	0.481263	9.002007	0.003356	0.004132	0.004726	-0.149995	0.851716	0.502077	-0.976749	-0.206330	0.058213	0.153175	-0.481672	0.862862
64464	5.009280	0.467978	8.962678	0.001917	0.003223	0.002692	-0.149993	0.851723	0.502067	-0.976753	-0.206316	0.058195	0.153150	-0.481666	0.862869
64465	4.975636	0.460410	8.959332	0.003840	0.000410	0.005443	-0.150063	0.851738	0.502020	-0.976751	-0.206348	0.058125	0.153098	-0.481626	0.862901
64466	5.001921	0.481427	9.002332	0.001917	0.003224	0.002692	-0.150061	0.851744	0.502010	-0.976755	-0.206333	0.058107	0.153074	-0.481621	0.862908
64467	5.002920	0.491124	8.969279	0.005523	0.002198	0.002935	-0.150101	0.851774	0.501946	-0.976755	-0.206343	0.058065	0.153031	-0.481563	0.862947
64468	5.008431	0.468477	8.963126	0.002395	0.005539	0.003350	-0.150109	0.851791	0.501916	-0.976758	-0.206336	0.058048	0.153008	-0.481537	0.862966
64469	5.002147	0.491412	8.969694	0.002638	0.004591	0.002075	-0.150146	0.851834	0.501832	-0.976764	-0.206327	0.057986	0.152936	-0.481465	0.863019
64470	5.000432	0.481959	9.003131	0.002153	0.006487	0.004625	-0.150167	0.851852	0.501795	-0.976764	-0.206330	0.057960	0.152909	-0.481432	0.863043
64471	4.950171	0.475574	8.981732	0.006724	0.007708	-0.000291	-0.150182	0.851915	0.501683	-0.976768	-0.206315	0.057945	0.152869	-0.481325	0.863109
64472	5.006406	0.469343	8.964212	0.005281	0.003146	0.004211	-0.150195	0.851918	0.501674	-0.976765	-0.206330	0.057948	0.152878	-0.481314	0.863114
64473	5.006156	0.469346	8.964352	-0.000727	0.002843	0.003825	-0.150247	0.851949	0.501606	-0.976773	-0.206321	0.057849	0.152776	-0.481264	0.863160
64474	4.982502	0.483728	8.985783	0.005762	0.007288	0.001601	-0.150241	0.851977	0.501560	-0.976773	-0.206315	0.057869	0.152783	-0.481216	0.863185
64475	4.960074	0.507810	8.974036	0.003600	0.003185	0.003452	-0.150289	0.852010	0.501490	-0.976775	-0.206323	0.057809	0.152723	-0.481154	0.863230
64476	5.005031	0.469978	8.964947	0.005524	0.002199	0.002936	-0.150288	0.852011	0.501489	-0.976773	-0.206328	0.057821	0.152735	-0.481151	0.863230
64477	4.981630	0.484567	8.986221	0.003842	0.002238	0.002177	-0.150326	0.852041	0.501425	-0.976776	-0.206330	0.057770	0.152681	-0.481096	0.863270
64478	4.998881	0.493363	8.971408	0.004804	0.000831	0.003553	-0.150329	0.852035	0.501436	-0.976774	-0.206337	0.057772	0.152689	-0.481105	0.863264
64479	4.993165	0.439412	8.973641	0.005046	-0.000117	0.002278	-0.150366	0.852053	0.501394	-0.976774	-0.206348	0.057731	0.152652	-0.481068	0.863291
64480	4.964091	0.476803	9.001138	0.003122	0.000870	0.002794	-0.150361	0.852048	0.501404	-0.976776	-0.206340	0.057723	0.152642	-0.481080	0.863286
64481	5.004615	0.471189	8.965116	0.003122	0.000870	0.002794	-0.150399	0.852071	0.501354	-0.976780	-0.206340	0.057663	0.152582	-0.481040	0.863319
64482	5.003244	0.462007	8.998342	0.007207	0.002160	0.003696	-0.150405	0.852070	0.501353	-0.976774	-0.206359	0.057685	0.152611	-0.481033	0.863318
64483	5.020374	0.470949	8.983590	0.004564	0.003605	0.001560	-0.150434	0.852109	0.501279	-0.976778	-0.206354	0.057644	0.152560	-0.480967	0.863364
64484	4.981995	0.495914	8.953436	0.003601	0.003186	0.003452	-0.150439	0.852113	0.501270	-0.976778	-0.206354	0.057637	0.152552	-0.480958	0.863369
64485	4.986143	0.463787	8.980535	0.004801	0.006870	0.003493	-0.150493	0.852163	0.501168	-0.976778	-0.206369	0.057588	0.152500	-0.480864	0.863432
64486	5.002997	0.472614	8.965943	0.003604	0.005012	0.000184	-0.150469	0.852183	0.501141	-0.976783	-0.206341	0.057597	0.152489	-0.480840	0.863447
64487	4.986325	0.473868	8.947924	0.004083	0.007328	0.000842	-0.150489	0.852243	0.501035	-0.976791	-0.206318	0.057556	0.152424	-0.480744	0.863511
64488	4.984376	0.464731	8.981467	0.005523	0.008238	0.002876	-0.150496	0.852273	0.500981	-0.976789	-0.206323	0.057568	0.152427	-0.480689	0.863541
64489	5.001296	0.473844	8.966827	0.007695	0.002090	-0.002120	-0.150487	0.852311	0.500918	-0.976793	-0.206303	0.057572	0.152410	-0.480629	0.863578
64490	4.976646	0.479511	9.021222	0.010096	0.001593	0.001291	-0.150469	0.852313	0.500921	-0.976787	-0.206315	0.057632	0.152468	-0.480621	0.863572
64491	5.008046	0.461959	8.927466	0.006490	0.002619	0.001046	-0.150494	0.852347	0.500856	-0.976787	-0.206319	0.057611	0.152441	-0.480560	0.863611
64492	5.025751	0.487473	9.043199	0.008651	0.004897	0.002464	-0.150492	0.852362	0.500831	-0.976782	-0.206335	0.057652	0.152480	-0.480526	0.863623
64493	4.969739	0.504406	9.027997	0.010095	0.007632	0.001230	-0.150520	0.852420	0.500723	-0.976778	-0.206350	0.057662	0.152476	-0.480416	0.863685
64494	4.942748	0.484114	8.985363	0.008410	0.005846	0.003739	-0.150532	0.852437	0.500691	-0.976770	-0.206376	0.057694	0.152511	-0.480375	0.863701
64495	4.970105	0.437794	8.991320	0.003360	0.004137	0.004727	-0.150598	0.852470	0.500615	-0.976769	-0.206400	0.057628	0.152453	-0.480306	0.863750
64496	4.997398	0.468748	9.001242	0.009859	0.004367	-0.000701	-0.150565	0.852489	0.500593	-0.976766	-0.206394	0.057696	0.152505	-0.480275	0.863758
64497	4.992455	0.501718	8.974522	0.003848	0.004064	-0.001091	-0.150565	0.852535	0.500514	-0.976775	-0.206360	0.057663	0.152446	-0.480208	0.863806
64498	4.997856	0.479400	8.968450	0.010093	0.005809	0.004500	-0.150584	0.852550	0.500483	-0.976764	-0.206401	0.057707	0.152498	-0.480164	0.863821
64499	4.990291	0.493220	9.008146	0.002642	0.004595	0.002075	-0.150613	0.852592	0.500402	-0.976771	-0.206384	0.057648	0.152425	-0.480096	0.863872
64500	5.013054	0.479123	8.987245	0.005047	0.005924	0.002219	-0.150610	0.852613	0.500368	-0.976771	-0.206380	0.057660	0.152428	-0.480061	0.863891
64501	5.011185	0.470070	9.020736	0.005769	0.007292	0.001602	-0.150649	0.852667	0.500264	-0.976771	-0.206388	0.057631	0.152388	-0.479961	0.863953
64502	4.962315	0.473266	8.966048	0.005289	0.004975	0.000945	-0.150633	0.852685	0.500237	-0.976773	-0.206375	0.057651	0.152394	-0.479934	0.863967
64503	5.005599	0.503416	8.994347	0.007218	0.005812	-0.002838	-0.150622	0.852742	0.500144	-0.976779	-0.206347	0.057657	0.152370	-0.479845	0.864021
64504	4.994929	0.482001	8.969941	0.005285	0.003152	0.004214	-0.150634	0.852745	0.500135	-0.976775	-0.206362	0.057660	0.152378	-0.479834	0.864026
64505	4.994388	0.482490	8.970216	0.007457	0.009078	-0.000907	-0.150649	0.852814	0.500014	-0.976777	-0.206353	0.057659	0.152352	-0.479716	0.864096
64506	4.986519	0.496382	9.010061	0.002405	0.007369	0.000080	-0.150627	0.852845	0.499967	-0.976785	-0.206319	0.057658	0.152326	-0.479675	0.864123
64507	4.975636	0.474804	8.985784	0.006013	0.006343	0.000328	-0.150642	0.852899	0.499871	-0.976789	-0.206304	0.057639	0.152286	-0.479585	0.864180
64508	4.992365	0.483848	8.971269	0.006493	0.008661	0.000985	-0.150631	0.852935	0.499812	-0.976788	-0.206297	0.057669	0.152298	-0.479524	0.864212
64509	4.984466	0.497556	9.011132	0.000481	0.008357	0.000593	-0.150654	0.852997	0.499699	-0.976800	-0.206262	0.057600	0.152202	-0.479428	0.864282
64510	4.967626	0.498597	8.993203	0.003846	0.008281	0.002116	-0.150654	0.853029	0.499645	-0.976802	-0.206252	0.057602	0.152189	-0.479376	0.864313
64511	4.988964	0.475042	9.005590	0.001926	0.005052	-0.000577	-0.150675	0.853075	0.499560	-0.976809	-0.206232	0.057552	0.152121	-0.479303	0.864366
64512	4.954971	0.467658	9.002372	0.003366	0.005964	0.001459	-0.150665	0.853097	0.499525	-0.976813	-0.206214	0.057552	0.152107	-0.479271	0.864386
64513	4.964997	0.490143	9.027068	0.009620	-0.000721	0.000642	-0.150684	0.853114	0.499491	-0.976808	-0.206234	0.057563	0.152120	-0.479233	0.864405
64514	4.999824	0.507788	8.997313	0.004330	0.000342	-0.000368	-0.150647	0.853113	0.499504	-0.976813	-0.206205	0.057581	0.152123	-0.479247	0.864396
64515	4.972113	0.477597	8.987586	0.003123	0.000874	0.002797	-0.150671	0.853136	0.499457	-0.976819	-0.206192	0.057525	0.152061	-0.479212	0.864427
64516	4.983722	0.509164	8.978955	0.004325	-0.001481	0.002902	-0.150664	0.853119	0.499488	-0.976819	-0.206191	0.057527	0.152067	-0.479242	0.864409
64517	5.005632	0.485630	8.991032	0.003846	0.002242	0.002180	-0.150707	0.853146	0.499429	-0.976819	-0.206203	0.057480	0.152023	-0.479189	0.864446
64518	4.966204	0.501072	8.993851	0.001683	-0.000038	0.000762	-0.150681	0.853141	0.499446	-0.976827	-0.206171	0.057470	0.152001	-0.479213	0.864437
64519	4.972054	0.478433	8.987575	0.005048	-0.000113	0.002285	-0.150706	0.853158	0.499408	-0.976829	-0.206171	0.057434	0.151963	-0.479181	0.864461
64520	4.983398	0.510056	8.979085	0.004084	0.005509	0.004111	-0.150721	0.853173	0.499379	-0.976828	-0.206179	0.057427	0.151957	-0.479152	0.864478
64521	4.989043	0.487426	8.972923	0.003608	-0.001025	0.000249	-0.150728	0.853190	0.499348	-0.976834	-0.206159	0.057389	0.151909	-0.479130	0.864499
64522	5.005177	0.486710	8.991226	0.003840	0.000419	0.005450	-0.150748	0.853177	0.499364	-0.976831	-0.206178	0.057374	0.151908	-0.479145	0.864491
64523	4.989085	0.487767	8.972881	0.003366	-0.000075	0.001523	-0.150773	0.853195	0.499326	-0.976835	-0.206173	0.057328	0.151859	-0.479115	0.864516
64524	4.987686	0.478647	9.006107	0.005529	0.002204	0.002942	-0.150772	0.853196	0.499325	-0.976833	-0.206178	0.057340	0.151872	-0.479111	0.864516
64525	5.016549	0.441795	8.978847	0.004812	0.002659	0.000289	-0.150784	0.853230	0.499262	-0.976838	-0.206164	0.057312	0.151831	-0.479056	0.864553
64526	4.993023	0.533787	9.003921	0.006737	0.001672	-0.000223	-0.150751	0.853235	0.499264	-0.976839	-0.206148	0.057350	0.151856	-0.479055	0.864550
64527	4.973572	0.499603	8.921675	0.003362	0.004143	0.004728	-0.150814	0.853266	0.499191	-0.976837	-0.206171	0.057288	0.151801	-0.478989	0.864596
64528	4.993740	0.466574	8.967199	0.003368	0.005965	0.001458	-0.150804	0.853288	0.499157	-0.976841	-0.206153	0.057289	0.151787	-0.478957	0.864616
64529	4.971342	0.490696	8.955350	0.003136	0.004519	-0.003743	-0.150765	0.853342	0.499077	-0.976858	-0.206080	0.057268	0.151719	-0.478893	0.864663
64530	4.953565	0.482656	8.970384	0.006253	0.003572	0.002325	-0.150759	0.853351	0.499063	-0.976856	-0.206083	0.057289	0.151736	-0.478876	0.864670
64531	4.969447	0.482194	8.988816	0.005772	0.001255	0.001669	-0.150782	0.853375	0.499014	-0.976857	-0.206085	0.057264	0.151706	-0.478832	0.864700
64532	4.963549	0.505543	8.995066	0.006015	0.000305	0.000395	-0.150753	0.853372	0.499028	-0.976859	-0.206070	0.057292	0.151727	-0.478843	0.864690
64533	4.985472	0.482259	9.007140	0.006732	-0.000150	0.003048	-0.150790	0.853387	0.498993	-0.976855	-0.206093	0.057269	0.151711	-0.478808	0.864712
64534	4.969411	0.483613	8.988759	0.006732	-0.000150	0.003049	-0.150786	0.853376	0.499012	-0.976851	-0.206104	0.057291	0.151739	-0.478822	0.864699
64535	4.969463	0.483977	8.988711	0.005766	-0.000566	0.004940	-0.150832	0.853386	0.498982	-0.976849	-0.206127	0.057250	0.151710	-0.478795	0.864720
64536	4.991260	0.460507	9.000868	0.004571	0.003610	0.001563	-0.150819	0.853396	0.498967	-0.976851	-0.206116	0.057260	0.151711	-0.478781	0.864727
64537	4.986564	0.493004	8.973996	0.003124	0.000876	0.002798	-0.150844	0.853418	0.498923	-0.976856	-0.206107	0.057207	0.151653	-0.478747	0.864756
64538	4.992392	0.470560	8.967741	0.007941	-0.000683	-0.000116	-0.150809	0.853411	0.498945	-0.976855	-0.206097	0.057255	0.151693	-0.478763	0.864740
64539	4.985317	0.484624	9.007099	0.005292	-0.001062	0.001013	-0.150812	0.853427	0.498917	-0.976860	-0.206081	0.057230	0.151659	-0.478741	0.864758
64540	4.953139	0.486846	8.970393	0.005773	0.001256	0.001669	-0.150797	0.853426	0.498923	-0.976860	-0.206077	0.057250	0.151675	-0.478745	0.864753
64541	4.974994	0.463611	8.982512	0.007699	0.000268	0.001158	-0.150813	0.853446	0.498884	-0.976858	-0.206084	0.057245	0.151667	-0.478706	0.864776
64542	4.958825	0.465186	8.964180	0.008423	0.001635	0.000541	-0.150787	0.853449	0.498886	-0.976856	-0.206082	0.057294	0.151709	-0.478701	0.864771
64543	5.002398	0.495388	8.992299	0.006498	0.002623	0.001052	-0.150813	0.853479	0.498827	-0.976855	-0.206092	0.057280	0.151691	-0.478643	0.864807
64544	4.985919	0.496920	8.974139	0.009387	0.006272	0.001852	-0.150808	0.853502	0.498790	-0.976849	-0.206106	0.057330	0.151735	-0.478597	0.864825
64545	4.984141	0.488355	9.007548	0.010589	0.003917	0.001959	-0.150816	0.853541	0.498721	-0.976847	-0.206112	0.057347	0.151740	-0.478525	0.864864
64546	4.980655	0.453885	8.943723	0.012522	0.004749	-0.001822	-0.150772	0.853564	0.498695	-0.976841	-0.206109	0.057444	0.151817	-0.478485	0.864872
64547	4.967300	0.414872	8.985736	0.025274	0.004909	0.001626	-0.150801	0.853605	0.498616	-0.976812	-0.206206	0.057589	0.151976	-0.478370	0.864908
64548	5.000372	0.425383	8.989320	0.038047	0.004489	-0.004669	-0.150728	0.853633	0.498590	-0.976773	-0.206302	0.057920	0.152302	-0.478279	0.864900
64549	4.976636	0.443505	9.010477	0.038776	0.005859	-0.005285	-0.150686	0.853693	0.498500	-0.976735	-0.206398	0.058217	0.152589	-0.478130	0.864933
64550	4.964580	0.493356	9.022862	0.046963	0.002413	-0.003394	-0.150623	0.853708	0.498493	-0.976679	-0.206547	0.058619	0.153006	-0.478039	0.864909
64551	5.012104	0.632118	8.954713	0.040226	0.000742	-0.003171	-0.150590	0.853740	0.498449	-0.976636	-0.206666	0.058918	0.153313	-0.477930	0.864915
64552	5.029216	0.643718	8.939787	0.027225	0.005753	-0.002151	-0.150544	0.853768	0.498414	-0.976609	-0.206731	0.059143	0.153532	-0.477852	0.864920
64553	4.976499	0.542910	8.980985	0.009395	0.006280	0.001851	-0.150576	0.853815	0.498324	-0.976603	-0.206753	0.059150	0.153533	-0.477758	0.864971
64554	5.047325	0.526580	9.015337	0.006508	0.008670	0.000977	-0.150566	0.853851	0.498265	-0.976603	-0.206746	0.059180	0.153546	-0.477697	0.865002
64555	5.020200	0.505884	8.972891	0.004107	0.009155	-0.002441	-0.150558	0.853921	0.498149	-0.976613	-0.206704	0.059164	0.153491	-0.477591	0.865071
64556	4.991513	0.552948	8.967351	0.002904	0.011509	-0.002551	-0.150517	0.853977	0.498064	-0.976624	-0.206650	0.059180	0.153463	-0.477513	0.865119
64557	5.000616	0.575192	8.992484	-0.000950	0.013485	-0.001535	-0.150528	0.854065	0.497910	-0.976639	-0.206595	0.059116	0.153354	-0.477380	0.865212
64558	4.976170	0.512356	9.010622	-0.004561	0.014507	-0.001790	-0.150499	0.854135	0.497799	-0.976660	-0.206511	0.059064	0.153249	-0.477292	0.865279
64559	4.980803	0.489250	9.005144	-0.001674	0.012118	-0.000915	-0.150511	0.854215	0.497658	-0.976676	-0.206455	0.058990	0.153134	-0.477172	0.865365
64560	4.968096	0.534995	9.018024	0.000970	0.010681	0.001232	-0.150506	0.854260	0.497583	-0.976684	-0.206424	0.058971	0.153089	-0.477106	0.865410
64561	4.974446	0.444405	8.975555	0.004339	0.010612	0.002760	-0.150549	0.854325	0.497457	-0.976686	-0.206427	0.058931	0.153035	-0.476987	0.865485
64562	4.973264	0.598889	8.983299	0.003381	0.012014	0.001378	-0.150548	0.854376	0.497370	-0.976690	-0.206408	0.058933	0.153012	-0.476904	0.865534
64563	4.962048	0.576799	8.959332	0.000476	0.010771	0.007049	-0.150627	0.854435	0.497246	-0.976693	-0.206421	0.058838	0.152915	-0.476793	0.865612
64564	4.959731	0.489836	8.989558	-0.005063	0.012782	0.007300	-0.150684	0.854477	0.497155	-0.976700	-0.206413	0.058737	0.152808	-0.476721	0.865671
64565	4.931239	0.458640	8.980385	-0.001701	0.006669	0.008905	-0.150793	0.854509	0.497068	-0.976700	-0.206452	0.058615	0.152708	-0.476647	0.865730
64566	4.958495	0.411615	8.986735	0.002154	0.004694	0.007890	-0.150844	0.854511	0.497048	-0.976695	-0.206483	0.058573	0.152683	-0.476629	0.865744
64567	4.918903	0.427018	8.989501	0.007936	0.001730	0.006368	-0.150917	0.854525	0.497002	-0.976684	-0.206543	0.058547	0.152682	-0.476578	0.865772
64568	4.963966	0.466815	8.984300	0.015655	-0.000405	0.001066	-0.150893	0.854518	0.497022	-0.976670	-0.206580	0.058656	0.152798	-0.476576	0.865753
64569	4.958335	0.568403	8.993792	0.021428	-0.005185	0.002818	-0.150914	0.854507	0.497034	-0.976645	-0.206665	0.058765	0.152935	-0.476557	0.865739
64570	4.951610	0.429549	9.025721	0.018071	-0.003298	-0.001984	-0.150856	0.854492	0.497077	-0.976632	-0.206688	0.058910	0.153078	-0.476574	0.865704
64571	4.963546	0.463415	9.016693	0.034943	-0.004239	-0.004078	-0.150818	0.854499	0.497077	-0.976595	-0.206788	0.059170	0.153350	-0.476519	0.865687
64572	4.976862	0.507290	8.974368	0.034705	-0.003283	-0.002805	-0.150752	0.854486	0.497120	-0.976557	-0.206882	0.059463	0.153656	-0.476502	0.865642
64573	4.971331	0.533694	8.980119	0.039292	-0.003888	-0.004434	-0.150704	0.854496	0.497116	-0.976515	-0.206993	0.059763	0.153967	-0.476435	0.865623
64574	4.915097	0.544594	8.997061	0.048917	-0.008222	0.002782	-0.150686	0.854448	0.497205	-0.976447	-0.207203	0.060151	0.154418	-0.476430	0.865545
64575	4.887201	0.509427	9.019821	0.056865	-0.016746	0.006044	-0.150713	0.854376	0.497320	-0.976364	-0.207478	0.060551	0.154917	-0.476439	0.865452
64576	4.950186	0.552430	9.031604	0.058557	-0.022812	0.006899	-0.150711	0.854250	0.497537	-0.976274	-0.207769	0.061003	0.155484	-0.476539	0.865295
64577	4.999978	0.460148	8.951778	0.052073	-0.017587	0.002488	-0.150715	0.854180	0.497657	-0.976200	-0.208005	0.061379	0.155944	-0.476562	0.865200
64578	4.961010	0.470935	8.986447	0.055692	-0.020409	0.006031	-0.150709	0.854066	0.497853	-0.976115	-0.208275	0.061810	0.156480	-0.476646	0.865056
64579	5.013707	0.491573	8.973763	0.052337	-0.018529	0.001228	-0.150698	0.853994	0.497980	-0.976043	-0.208501	0.062194	0.156943	-0.476677	0.864956
64580	4.994557	0.529390	8.927106	0.059599	-0.012710	-0.001614	-0.150628	0.853934	0.498105	-0.975963	-0.208725	0.062697	0.157506	-0.476688	0.864847
64581	4.912976	0.537500	9.031243	0.043923	-0.012319	-0.002679	-0.150591	0.853899	0.498176	-0.975908	-0.208880	0.063029	0.157879	-0.476683	0.864782
