// General information: 
//  MT Manager version: 2022.2.0 
//  XDA version: 2022.2.0 build 7381 rev 124627 built on 2023-07-19
// Device information: 
//  DeviceId: 00B4CB9F
//  ProductCode: MTW2-3A7G6
//  Firmware Version: 4.6.0
//  Hardware Version: 2.0.0
// Device settings: 
//  Filter Profile: human(46.1)
//  Option Flags: Orientation Smoother Disabled, Position/Velocity Smoother Disabled, Continuous Zero Rotation Update Disabled, AHS Disabled, ICC Disabled
// Coordinate system: ENU
PacketCounter	Acc_X	Acc_Y	Acc_Z	Gyr_X	Gyr_Y	Gyr_Z	Mat[1][1]	Mat[2][1]	Mat[3][1]	Mat[1][2]	Mat[2][2]	Mat[3][2]	Mat[1][3]	Mat[2][3]	Mat[3][3]
26395	9.550466	-1.783670	1.845814	-0.044542	0.122833	-0.067071	0.070211	0.243746	0.967294	-0.514763	0.839455	-0.174168	-0.854453	-0.485699	0.184410
26396	9.442015	-1.782592	1.723430	-0.044290	0.115580	-0.049686	0.071318	0.243871	0.967182	-0.514379	0.839764	-0.173814	-0.854592	-0.485102	0.185333
26397	9.521781	-1.758453	1.657956	-0.054703	0.095649	-0.040382	0.072269	0.244007	0.967077	-0.513927	0.840092	-0.173561	-0.854784	-0.484464	0.186115
26398	9.539833	-1.761054	1.516247	-0.065358	0.084139	-0.043732	0.073077	0.244028	0.967011	-0.513366	0.840488	-0.173305	-0.855052	-0.483766	0.186697
26399	9.541931	-1.688862	1.384470	-0.087468	0.075482	-0.044856	0.073879	0.244027	0.966950	-0.512630	0.840986	-0.173071	-0.855425	-0.482902	0.187227
26400	9.647727	-1.714092	1.256233	-0.099933	0.063399	-0.051465	0.074548	0.243882	0.966936	-0.511767	0.841566	-0.172805	-0.855884	-0.481963	0.187548
26401	9.675459	-1.690993	1.175065	-0.099810	0.052048	-0.060781	0.075231	0.243632	0.966946	-0.510912	0.842160	-0.172441	-0.856335	-0.481051	0.187831
26402	9.685595	-1.627350	1.173303	-0.102040	0.044536	-0.063303	0.075797	0.243293	0.966987	-0.510019	0.842778	-0.172064	-0.856817	-0.480140	0.187965
26403	9.655826	-1.618449	1.159629	-0.091427	0.036494	-0.067719	0.076381	0.242909	0.967037	-0.509229	0.843346	-0.171618	-0.857235	-0.479336	0.188112
26404	9.571392	-1.646602	1.203127	-0.087200	0.024896	-0.064213	0.076782	0.242466	0.967117	-0.508462	0.843893	-0.171205	-0.857654	-0.478596	0.188081
26405	9.577177	-1.719773	1.250470	-0.076983	0.010610	-0.061024	0.077109	0.242014	0.967204	-0.507800	0.844374	-0.170795	-0.858017	-0.477976	0.188004
26406	9.641456	-1.869310	1.355239	-0.043882	0.011375	-0.049705	0.077319	0.241627	0.967284	-0.507414	0.844678	-0.170441	-0.858227	-0.477635	0.187915
26407	9.611363	-1.863314	1.451762	-0.012969	0.014005	-0.037655	0.077556	0.241388	0.967325	-0.507319	0.844796	-0.170137	-0.858261	-0.477547	0.187980
26408	9.542360	-1.754755	1.497111	0.019747	0.017207	-0.022354	0.077676	0.241260	0.967347	-0.507500	0.844730	-0.169928	-0.858144	-0.477729	0.188054
26409	9.520234	-1.601137	1.575389	0.030117	0.011147	-0.020675	0.077802	0.241151	0.967364	-0.507788	0.844601	-0.169708	-0.857962	-0.478012	0.188165
26410	9.466851	-1.477314	1.594204	0.037897	0.008689	-0.021185	0.077842	0.240992	0.967400	-0.508125	0.844445	-0.169476	-0.857759	-0.478368	0.188188
26411	8.825785	-1.627519	1.547891	0.034570	-0.006077	-0.046528	0.077953	0.240582	0.967494	-0.508431	0.844357	-0.168997	-0.857567	-0.478730	0.188139
26412	9.777811	-1.424139	1.761832	0.032018	-0.002136	-0.045282	0.078023	0.240168	0.967591	-0.508699	0.844286	-0.168542	-0.857402	-0.479062	0.188046
26413	9.792850	-1.315298	1.831735	0.022845	-0.019014	-0.034393	0.077961	0.239798	0.967688	-0.508913	0.844225	-0.168203	-0.857280	-0.479356	0.187852
26414	9.611507	-1.414273	1.706990	-0.000743	0.008823	-0.029306	0.078044	0.239570	0.967737	-0.508913	0.844272	-0.167964	-0.857273	-0.479385	0.187811
26415	9.576907	-1.421292	1.771667	-0.016451	0.014191	-0.030409	0.078246	0.239393	0.967765	-0.508793	0.844389	-0.167737	-0.857325	-0.479268	0.187872
26416	9.429287	-1.388865	1.724969	-0.031195	0.023607	-0.034093	0.078481	0.239195	0.967795	-0.508529	0.844595	-0.167508	-0.857461	-0.479005	0.187922
26417	9.393796	-1.429362	1.747172	-0.047399	0.021340	-0.041353	0.078800	0.238960	0.967827	-0.508135	0.844886	-0.167233	-0.857665	-0.478609	0.188001
26418	9.461343	-1.475976	1.758735	-0.072121	0.023848	-0.058701	0.079163	0.238554	0.967897	-0.507500	0.845345	-0.166842	-0.858008	-0.478000	0.187986
26419	9.482175	-1.567598	1.737440	-0.083721	0.026768	-0.062056	0.079633	0.238169	0.967954	-0.506777	0.845858	-0.166435	-0.858391	-0.477283	0.188057
26420	9.480692	-1.631719	1.764671	-0.089117	0.035574	-0.063800	0.080122	0.237775	0.968010	-0.505991	0.846409	-0.166026	-0.858809	-0.476502	0.188128
26421	9.471885	-1.686378	1.771036	-0.087398	0.036947	-0.059239	0.080665	0.237462	0.968042	-0.505238	0.846932	-0.165653	-0.859202	-0.475730	0.188292
26422	9.459106	-1.752994	1.745526	-0.069849	0.040860	-0.058512	0.081171	0.237137	0.968079	-0.504621	0.847377	-0.165259	-0.859517	-0.475098	0.188447
26423	9.505474	-1.736437	1.738275	-0.057616	0.044422	-0.053763	0.081750	0.236904	0.968087	-0.504127	0.847744	-0.164883	-0.859751	-0.474560	0.188733
26424	9.526587	-1.668995	1.679179	-0.044202	0.050100	-0.057668	0.082332	0.236630	0.968105	-0.503730	0.848064	-0.164450	-0.859929	-0.474124	0.189021
26425	9.496505	-1.502062	1.627478	-0.033488	0.052158	-0.051927	0.082968	0.236449	0.968095	-0.503445	0.848311	-0.164047	-0.860035	-0.473772	0.189422
26426	9.484235	-1.375910	1.607181	-0.042125	0.048719	-0.060525	0.083552	0.236144	0.968119	-0.503062	0.848628	-0.163581	-0.860202	-0.473357	0.189699
26427	9.468538	-1.386666	1.637177	-0.050465	0.044335	-0.064892	0.084185	0.235815	0.968145	-0.502620	0.848986	-0.163085	-0.860399	-0.472879	0.189997
26428	9.532466	-1.443107	1.618156	-0.061264	0.034378	-0.065719	0.084672	0.235396	0.968204	-0.502067	0.849404	-0.162605	-0.860674	-0.472336	0.190105
26429	9.568076	-1.586543	1.596237	-0.057695	0.026481	-0.059046	0.085122	0.235031	0.968253	-0.501566	0.849782	-0.162180	-0.860921	-0.471838	0.190219
26430	9.566927	-1.650823	1.623036	-0.051656	0.024489	-0.052468	0.085456	0.234677	0.968310	-0.501107	0.850123	-0.161810	-0.861155	-0.471400	0.190247
26431	9.562282	-1.694056	1.660874	-0.032936	0.022868	-0.046403	0.085811	0.234403	0.968345	-0.500830	0.850353	-0.161459	-0.861281	-0.471121	0.190366
26432	9.564543	-1.587924	1.680821	-0.029928	0.025564	-0.051806	0.086151	0.234059	0.968398	-0.500558	0.850590	-0.161054	-0.861405	-0.470865	0.190439
26433	9.531597	-1.492216	1.764401	-0.016819	0.024191	-0.049411	0.086533	0.233765	0.968435	-0.500417	0.850751	-0.160644	-0.861449	-0.470720	0.190598
26434	9.503158	-1.415628	1.724918	-0.029231	0.022205	-0.051559	0.086842	0.233407	0.968494	-0.500151	0.850983	-0.160240	-0.861572	-0.470478	0.190639
26435	9.457663	-1.390665	1.779642	-0.041374	0.018612	-0.056364	0.087210	0.233027	0.968552	-0.499792	0.851275	-0.159809	-0.861744	-0.470137	0.190705
26436	9.511333	-1.416230	1.748487	-0.047914	0.014780	-0.057491	0.087485	0.232583	0.968634	-0.499359	0.851609	-0.159383	-0.861967	-0.469753	0.190645
26437	9.517612	-1.523392	1.751898	-0.049127	0.011987	-0.055730	0.087792	0.232177	0.968703	-0.498933	0.851935	-0.158973	-0.862182	-0.469362	0.190634
26438	9.551877	-1.610165	1.670490	-0.046791	0.009997	-0.050893	0.087994	0.231767	0.968783	-0.498515	0.852248	-0.158607	-0.862403	-0.468997	0.190532
26439	9.568339	-1.589747	1.644515	-0.042693	0.007597	-0.053132	0.088250	0.231362	0.968857	-0.498146	0.852537	-0.158210	-0.862590	-0.468670	0.190489
26440	9.501335	-1.502818	1.677835	-0.036955	0.006562	-0.050781	0.088420	0.230936	0.968943	-0.497814	0.852802	-0.157827	-0.862765	-0.468398	0.190368
26441	9.529882	-1.444727	1.636981	-0.048657	0.010228	-0.052841	0.088697	0.230545	0.969011	-0.497394	0.853118	-0.157444	-0.862979	-0.468015	0.190341
26442	9.541457	-1.471475	1.646923	-0.053007	0.004229	-0.058147	0.088884	0.230045	0.969112	-0.496916	0.853475	-0.157020	-0.863235	-0.467611	0.190173
26443	9.515615	-1.484634	1.619176	-0.060750	0.005974	-0.064563	0.089182	0.229535	0.969206	-0.496380	0.853874	-0.156546	-0.863512	-0.467133	0.190087
26444	9.499585	-1.564610	1.669785	-0.055414	0.006700	-0.065121	0.089422	0.228985	0.969314	-0.495876	0.854256	-0.156058	-0.863777	-0.466704	0.189937
26445	9.488401	-1.597143	1.684484	-0.046270	0.006955	-0.061808	0.089714	0.228502	0.969401	-0.495467	0.854580	-0.155583	-0.863981	-0.466348	0.189883
26446	9.492943	-1.613450	1.673211	-0.031141	0.004588	-0.058793	0.089907	0.227997	0.969502	-0.495176	0.854834	-0.155110	-0.864128	-0.466128	0.189754
26447	9.482850	-1.577085	1.663202	-0.021595	0.002454	-0.059465	0.090149	0.227513	0.969593	-0.494982	0.855037	-0.154611	-0.864214	-0.465993	0.189695
26448	9.541580	-1.488055	1.682325	-0.009609	0.006559	-0.056760	0.090345	0.227034	0.969687	-0.494879	0.855186	-0.154117	-0.864252	-0.465954	0.189616
26449	9.534921	-1.439817	1.705210	-0.007685	0.005689	-0.061724	0.090626	0.226545	0.969775	-0.494803	0.855328	-0.153570	-0.864266	-0.465931	0.189610
26450	9.523653	-1.438810	1.763830	-0.016376	0.003346	-0.065593	0.090838	0.225977	0.969888	-0.494634	0.855527	-0.153005	-0.864341	-0.465841	0.189490
26451	9.516135	-1.459128	1.811236	-0.013375	0.006710	-0.064091	0.091139	0.225472	0.969977	-0.494506	0.855701	-0.152445	-0.864383	-0.465766	0.189485
26452	9.523430	-1.532107	1.857499	-0.011459	0.006476	-0.062160	0.091364	0.224946	0.970078	-0.494383	0.855869	-0.151901	-0.864430	-0.465712	0.189405
26453	9.515041	-1.621764	1.930132	-0.003577	0.012976	-0.057213	0.091685	0.224530	0.970144	-0.494346	0.855981	-0.151389	-0.864417	-0.465707	0.189476
26454	9.466123	-1.641610	1.908881	0.003483	0.014916	-0.047597	0.091910	0.224168	0.970207	-0.494365	0.856046	-0.150959	-0.864382	-0.465761	0.189500
26455	9.479501	-1.563176	1.827112	0.010034	0.009754	-0.046322	0.092150	0.223830	0.970262	-0.494455	0.856070	-0.150527	-0.864305	-0.465880	0.189560
26456	9.475601	-1.272754	1.707876	-0.008974	0.003994	-0.055211	0.092318	0.223354	0.970356	-0.494358	0.856210	-0.150047	-0.864342	-0.465851	0.189461
26457	9.485902	-1.103223	1.611467	-0.034519	0.003387	-0.065381	0.092597	0.222823	0.970451	-0.494046	0.856483	-0.149515	-0.864491	-0.465603	0.189392
26458	9.536199	-1.206672	1.571188	-0.070898	0.001605	-0.085605	0.092896	0.222073	0.970595	-0.493386	0.856978	-0.148856	-0.864836	-0.465050	0.189178
26459	9.536874	-1.403370	1.532210	-0.084862	-0.001197	-0.085495	0.093233	0.221348	0.970728	-0.492619	0.857529	-0.148223	-0.865236	-0.464380	0.188990
26460	9.579871	-1.667284	1.474802	-0.079636	-0.008362	-0.081145	0.093421	0.220590	0.970882	-0.491886	0.858053	-0.147623	-0.865633	-0.463772	0.188665
26461	9.596883	-1.745881	1.427694	-0.057580	-0.008858	-0.077520	0.093652	0.219896	0.971017	-0.491361	0.858458	-0.147016	-0.865906	-0.463352	0.188445
26462	9.583551	-1.719536	1.384064	-0.030932	-0.005236	-0.074678	0.093835	0.219208	0.971156	-0.491056	0.858740	-0.146387	-0.866060	-0.463155	0.188223
26463	9.508577	-1.621481	1.395886	-0.003031	-0.007822	-0.073470	0.094054	0.218554	0.971282	-0.491007	0.858883	-0.145716	-0.866064	-0.463201	0.188093
26464	9.525674	-1.528711	1.344850	0.011398	-0.007065	-0.074140	0.094216	0.217861	0.971422	-0.491068	0.858967	-0.145013	-0.866012	-0.463371	0.187913
26465	9.473197	-1.492342	1.376617	0.028590	-0.010987	-0.077418	0.094427	0.217158	0.971558	-0.491289	0.858970	-0.144244	-0.865863	-0.463695	0.187797
26466	9.511815	-1.464213	1.456860	0.042276	-0.015725	-0.083788	0.094561	0.216342	0.971728	-0.491607	0.858931	-0.143390	-0.865668	-0.464149	0.187576
26467	9.534852	-1.521453	1.587666	0.062111	-0.014043	-0.075986	0.094739	0.215637	0.971867	-0.492119	0.858774	-0.142571	-0.865357	-0.464767	0.187479
26468	9.557962	-1.509548	1.694498	0.079670	-0.010679	-0.076488	0.094881	0.214908	0.972015	-0.492768	0.858543	-0.141719	-0.864972	-0.465531	0.187359
26469	9.600456	-1.501831	1.764818	0.094617	-0.003423	-0.075726	0.095151	0.214255	0.972132	-0.493561	0.858231	-0.140843	-0.864491	-0.466405	0.187409
26470	9.600401	-1.496149	1.878260	0.099872	0.006693	-0.072969	0.095427	0.213636	0.972241	-0.494387	0.857896	-0.139985	-0.863988	-0.467305	0.187485
26471	9.543912	-1.401240	1.855704	0.099059	0.010837	-0.071901	0.095803	0.213083	0.972326	-0.495220	0.857553	-0.139137	-0.863469	-0.468186	0.187679
26472	9.532547	-1.328350	1.891736	0.085500	0.014280	-0.079369	0.096178	0.212446	0.972428	-0.495914	0.857297	-0.138245	-0.863029	-0.468944	0.187808
26473	9.506900	-1.268321	1.842049	0.071709	0.018348	-0.094539	0.096731	0.211734	0.972528	-0.496488	0.857128	-0.137227	-0.862637	-0.469574	0.188035
26474	9.412904	-1.297567	1.831950	0.057059	0.018489	-0.098121	0.097238	0.210958	0.972647	-0.496918	0.857042	-0.136206	-0.862332	-0.470081	0.188166
26475	9.421849	-1.260829	1.786826	0.036095	0.013584	-0.107623	0.097816	0.210112	0.972772	-0.497171	0.857066	-0.135128	-0.862121	-0.470416	0.188297
26476	9.428443	-1.373209	1.758554	0.019207	0.006968	-0.112454	0.098295	0.209158	0.972929	-0.497260	0.857185	-0.134038	-0.862016	-0.470623	0.188263
26477	9.499043	-1.409658	1.769351	0.011490	0.000059	-0.120869	0.098822	0.208135	0.973095	-0.497286	0.857351	-0.132876	-0.861940	-0.470776	0.188228
26478	9.550967	-1.509344	1.842023	0.020739	-0.000542	-0.127924	0.099315	0.207013	0.973284	-0.497371	0.857493	-0.131633	-0.861835	-0.471010	0.188124
26479	9.614328	-1.570500	1.899639	0.038697	-0.007064	-0.124046	0.099797	0.205928	0.973465	-0.497628	0.857535	-0.130389	-0.861631	-0.471411	0.188055
26480	9.630956	-1.647998	2.079489	0.085004	-0.000758	-0.121151	0.100254	0.204866	0.973642	-0.498271	0.857357	-0.129092	-0.861206	-0.472195	0.188032
26481	9.547817	-1.675315	2.234350	0.129010	0.008361	-0.107177	0.100787	0.203999	0.973769	-0.499320	0.856934	-0.127842	-0.860536	-0.473338	0.188228
26482	9.903003	-1.580975	2.541446	0.177695	0.004737	-0.088912	0.101133	0.203239	0.973892	-0.500793	0.856246	-0.126684	-0.859639	-0.474906	0.188375
26483	9.195444	-1.868483	2.582006	0.220542	0.053362	-0.075948	0.101898	0.202855	0.973892	-0.502657	0.855318	-0.125564	-0.858460	-0.476739	0.189122
26484	9.608062	-1.925777	2.947274	0.295122	0.057997	-0.059449	0.102560	0.202608	0.973875	-0.505160	0.854003	-0.124470	-0.856910	-0.479196	0.189935
26485	9.557185	-2.112963	3.282121	0.362269	0.081134	-0.034414	0.103354	0.202716	0.973768	-0.508271	0.852298	-0.123481	-0.854973	-0.482176	0.191123
26486	9.622742	-2.283014	3.587564	0.450793	0.125258	-0.015621	0.104367	0.203175	0.973564	-0.512139	0.850120	-0.122512	-0.852538	-0.485814	0.192778
26487	10.236872	-2.207902	4.146815	0.570403	0.207167	0.022773	0.105938	0.204391	0.973140	-0.517064	0.847256	-0.121662	-0.849366	-0.490286	0.195440
26488	9.075491	-2.427370	4.318278	0.691971	0.341995	0.024946	0.108575	0.206279	0.972451	-0.522989	0.843766	-0.120589	-0.845396	-0.495488	0.199494
26489	9.736340	-1.969611	4.869093	0.868460	0.468796	0.027486	0.112308	0.208858	0.971476	-0.530385	0.839344	-0.119136	-0.840285	-0.501876	0.205040
26490	9.490036	-1.560809	5.295503	1.011219	0.632484	0.023802	0.117351	0.212251	0.970143	-0.538915	0.834152	-0.117310	-0.834146	-0.509059	0.212274
26491	10.099983	-1.222249	5.905737	1.164693	0.800871	-0.015853	0.124014	0.216238	0.968433	-0.548615	0.828175	-0.114666	-0.826827	-0.517076	0.221336
26492	9.091449	-1.095716	6.110274	1.251323	0.982084	-0.043053	0.132216	0.221003	0.966270	-0.558893	0.821714	-0.111466	-0.818631	-0.525304	0.232161
26493	9.118265	-0.883396	6.478014	1.313405	1.106198	-0.089196	0.141652	0.226137	0.963741	-0.569511	0.814923	-0.107510	-0.809687	-0.533632	0.244223
26494	9.200059	-0.834744	6.667330	1.328372	1.223402	-0.134000	0.152164	0.231634	0.960829	-0.580048	0.808052	-0.102942	-0.800244	-0.541663	0.257315
26495	9.134198	-0.799299	6.634193	1.319271	1.301804	-0.200365	0.163617	0.237128	0.957601	-0.590271	0.801287	-0.097566	-0.790449	-0.549280	0.271074
26496	8.975817	-0.688415	6.493994	1.310156	1.340130	-0.269585	0.175654	0.242400	0.954143	-0.600146	0.794652	-0.091396	-0.780365	-0.556571	0.285059
26497	9.071532	-0.481479	6.473219	1.294956	1.308241	-0.344009	0.187803	0.247009	0.950640	-0.609607	0.788201	-0.084371	-0.770136	-0.563671	0.298605
26498	8.740372	-0.258613	6.160570	1.230268	1.213183	-0.411723	0.199531	0.250672	0.947286	-0.618268	0.782210	-0.076761	-0.760219	-0.570360	0.311058
26499	8.343748	0.474273	5.434994	1.086851	1.008443	-0.482727	0.210082	0.252693	0.944464	-0.625540	0.777154	-0.068787	-0.751376	-0.576349	0.321336
26500	8.591275	1.207159	4.955593	0.853210	0.760405	-0.547157	0.219131	0.252871	0.942358	-0.630793	0.773558	-0.060894	-0.744367	-0.581089	0.329020
26501	9.499856	1.661190	4.078454	0.551396	0.572573	-0.643154	0.227372	0.251238	0.940841	-0.633495	0.771927	-0.053036	-0.739585	-0.583959	0.334673
26502	10.958358	2.188788	3.190201	0.278384	0.576751	-0.708998	0.236054	0.249151	0.939256	-0.633954	0.772033	-0.045467	-0.736465	-0.584712	0.340192
26503	11.012341	1.998389	2.843575	0.072209	0.692632	-0.796592	0.246120	0.247043	0.937227	-0.632611	0.773548	-0.037773	-0.734321	-0.583604	0.346668
26504	11.428161	1.961129	2.454536	-0.045340	0.798064	-0.842566	0.257229	0.245173	0.934732	-0.630206	0.775845	-0.030071	-0.732580	-0.581339	0.354079
26505	11.224177	1.985952	2.239323	-0.116932	0.933202	-0.834913	0.269234	0.244097	0.931627	-0.627201	0.778526	-0.022725	-0.730843	-0.578199	0.362704
26506	11.806790	2.490734	2.238330	-0.191160	1.060129	-0.766850	0.281706	0.244224	0.927899	-0.623742	0.781460	-0.016315	-0.729100	-0.574174	0.372474
26507	11.293533	2.537076	2.215946	-0.324318	1.137519	-0.674006	0.294110	0.245450	0.923717	-0.619488	0.784924	-0.011325	-0.727828	-0.568901	0.382907
26508	11.095166	2.434628	1.887277	-0.497590	1.160037	-0.563167	0.305961	0.247569	0.919292	-0.614229	0.789087	-0.008075	-0.727400	-0.562185	0.393494
26509	10.332520	1.701728	1.599083	-0.682600	1.159747	-0.468868	0.317194	0.250334	0.914724	-0.607851	0.794025	-0.006521	-0.727946	-0.553947	0.404026
26510	9.584285	0.677295	1.218081	-0.833755	1.117239	-0.392701	0.327642	0.253324	0.910207	-0.600561	0.799554	-0.006347	-0.729368	-0.544555	0.414104
26511	9.169238	-0.659792	1.319624	-0.866506	1.077860	-0.317597	0.337338	0.256600	0.905737	-0.593229	0.805002	-0.007116	-0.730946	-0.534909	0.423780
26512	8.815187	-2.280411	1.463751	-0.718035	1.051285	-0.225128	0.346283	0.260341	0.901283	-0.587261	0.809356	-0.008155	-0.731582	-0.526464	0.433155
26513	8.630464	-3.863035	1.550459	-0.416684	1.019171	-0.135640	0.354457	0.264584	0.896859	-0.583792	0.811856	-0.008781	-0.730443	-0.520467	0.442230
26514	8.895295	-3.974571	1.550061	-0.041575	1.050652	0.036940	0.361816	0.270320	0.892198	-0.583673	0.811935	-0.009302	-0.726921	-0.517386	0.451550
26515	7.213388	-4.700800	1.897364	0.265906	1.005704	0.095970	0.368469	0.276307	0.887629	-0.586002	0.810260	-0.008964	-0.721687	-0.516850	0.460472
26516	6.774400	-4.574716	2.023861	0.579496	0.928689	0.115565	0.374368	0.282041	0.883347	-0.590644	0.806899	-0.007313	-0.714834	-0.519006	0.468662
26517	6.735442	-3.984138	2.138486	0.880149	0.868445	0.133328	0.379677	0.287648	0.879263	-0.597454	0.801892	-0.004348	-0.706325	-0.523668	0.476316
26518	6.750769	-3.190023	2.293720	1.101445	0.820354	0.157485	0.384383	0.293224	0.875368	-0.605831	0.795593	-0.000475	-0.696576	-0.530143	0.483457
26519	6.849974	-2.334318	2.443575	1.214761	0.769296	0.169077	0.388600	0.298676	0.871655	-0.614935	0.788568	0.003944	-0.686181	-0.537544	0.490104
26520	6.821708	-1.402111	2.494242	1.251457	0.724784	0.222821	0.392047	0.304348	0.868143	-0.624375	0.781082	0.008137	-0.675614	-0.545237	0.496248
26521	6.582359	-0.810010	2.581700	1.228574	0.663979	0.278404	0.394678	0.310161	0.864887	-0.633759	0.773440	0.011839	-0.665266	-0.552802	0.501828
26522	6.588418	-0.245018	2.711535	1.199811	0.599647	0.296575	0.396634	0.315778	0.861955	-0.642902	0.765796	0.015285	-0.655255	-0.560215	0.506755
26523	6.478978	0.263167	3.038648	1.148693	0.531506	0.278421	0.398220	0.320899	0.859328	-0.651531	0.758391	0.018719	-0.645699	-0.567333	0.511083
26524	6.419394	0.974772	3.553268	1.095450	0.452390	0.216948	0.399587	0.325114	0.857106	-0.659469	0.751397	0.022431	-0.636735	-0.574198	0.514651
26525	6.465551	1.585914	4.350031	1.033163	0.360594	0.152819	0.400787	0.328341	0.855314	-0.666666	0.744888	0.026439	-0.628432	-0.580805	0.517435
26526	6.382445	2.144739	5.094936	0.962490	0.245973	0.090891	0.401606	0.330443	0.854120	-0.673091	0.738926	0.030610	-0.621016	-0.587193	0.519175
26527	6.318916	2.672049	5.816568	0.878922	0.110210	0.043506	0.401925	0.331414	0.853593	-0.678745	0.733550	0.034789	-0.614623	-0.593355	0.519777
26528	6.399500	3.493663	6.337271	0.764658	-0.031780	0.004996	0.401594	0.331249	0.853813	-0.683493	0.728931	0.038685	-0.609556	-0.599111	0.519141
26529	6.778444	4.164793	6.823402	0.597399	-0.162620	-0.031453	0.400754	0.330041	0.854675	-0.687047	0.725396	0.042035	-0.606105	-0.604047	0.517459
26530	7.433755	4.334209	7.047408	0.407435	-0.218758	-0.083860	0.399916	0.328093	0.855816	-0.689225	0.723159	0.044832	-0.604182	-0.607779	0.515333
26531	7.843891	4.454951	7.295501	0.224533	-0.208128	-0.113291	0.399373	0.326005	0.856867	-0.690176	0.722117	0.046942	-0.603455	-0.610137	0.513395
26532	7.943056	4.347205	7.530625	0.027927	-0.170772	-0.116874	0.399069	0.324101	0.857731	-0.689926	0.722282	0.048076	-0.603942	-0.610957	0.511846
26533	7.604136	3.880906	7.497997	-0.191840	-0.149772	-0.080658	0.398651	0.322601	0.858490	-0.688492	0.723669	0.047772	-0.605851	-0.610108	0.510600
26534	7.370828	3.484963	7.237449	-0.431469	-0.160658	0.007559	0.397556	0.321658	0.859352	-0.685949	0.726225	0.045507	-0.609445	-0.607563	0.509356
26535	6.938135	3.074464	6.738163	-0.660934	-0.203496	0.088347	0.395637	0.321068	0.860457	-0.682302	0.729899	0.041370	-0.614764	-0.603460	0.507841
26536	6.643473	2.455630	5.915576	-0.843769	-0.279979	0.171289	0.392684	0.320620	0.861976	-0.677811	0.734373	0.035628	-0.621589	-0.598247	0.505696
26537	6.514870	1.758965	5.685784	-0.971098	-0.367016	0.278447	0.388439	0.320486	0.863947	-0.672872	0.739217	0.028313	-0.629570	-0.592323	0.502787
26538	6.828927	1.112659	5.611985	-1.037071	-0.439485	0.359844	0.383189	0.320547	0.866266	-0.667736	0.744129	0.020018	-0.638196	-0.586108	0.499182
26539	6.494732	0.614524	5.387090	-1.035998	-0.510289	0.411320	0.377104	0.320643	0.868896	-0.662692	0.748807	0.011284	-0.647018	-0.580065	0.494866
26540	6.067948	0.245536	5.001034	-1.069266	-0.623279	0.445597	0.370053	0.320377	0.872021	-0.657439	0.753505	0.002158	-0.656381	-0.574098	0.489465
26541	6.093160	-0.606047	4.698057	-1.151480	-0.810489	0.452744	0.361657	0.319173	0.875975	-0.651526	0.758590	-0.007412	-0.666872	-0.568040	0.482299
26542	6.984613	-2.273339	4.566178	-1.144973	-0.984358	0.442956	0.352120	0.316968	0.880649	-0.645460	0.763610	-0.016761	-0.677785	-0.562522	0.473472
26543	8.917939	-4.409060	5.020664	-0.863000	-1.079012	0.426680	0.341941	0.314184	0.885644	-0.641101	0.767062	-0.024592	-0.687070	-0.559378	0.463714
26544	12.964946	-5.955303	6.405338	-0.220655	-0.995498	0.325628	0.332938	0.311101	0.890151	-0.640730	0.767237	-0.028495	-0.691822	-0.560859	0.454775
26545	15.024264	-5.073131	6.997657	0.711657	-0.682183	0.177214	0.327016	0.308608	0.893209	-0.646279	0.762628	-0.026880	-0.689481	-0.568472	0.448838
26546	13.104215	-0.158409	7.022314	1.430908	-0.429899	0.120972	0.323218	0.307059	0.895123	-0.656531	0.753990	-0.021580	-0.681540	-0.580701	0.445297
26547	11.190156	4.423045	7.470397	1.463081	-0.354053	0.190668	0.319488	0.306411	0.896683	-0.667101	0.744778	-0.016815	-0.672982	-0.592805	0.442355
26548	9.791852	5.097620	6.177360	1.131975	-0.431257	0.366816	0.314080	0.306551	0.898544	-0.675894	0.736843	-0.015130	-0.666724	-0.602568	0.438624
26549	8.412774	4.617445	2.132958	0.530252	-0.766402	0.552527	0.305155	0.305965	0.901813	-0.681184	0.731895	-0.017817	-0.665484	-0.608863	0.431760
26550	9.392353	4.730221	-0.299910	-0.294294	-1.008141	0.521413	0.294823	0.303626	0.906030	-0.680831	0.732054	-0.023780	-0.670484	-0.609843	0.422544
26551	10.397790	3.579410	-1.124398	-0.974699	-0.922748	0.353931	0.286122	0.300616	0.909815	-0.675325	0.736864	-0.031092	-0.679757	-0.605525	0.413847
26552	10.193357	0.861662	-0.831956	-1.289808	-0.808916	0.219782	0.279054	0.297343	0.913080	-0.667157	0.743928	-0.038364	-0.690673	-0.598463	0.405971
26553	10.319598	-1.156212	-0.379167	-1.259042	-0.843161	0.228583	0.271598	0.294035	0.916394	-0.659071	0.750701	-0.045537	-0.701328	-0.591601	0.397678
26554	10.832866	-2.141454	0.231819	-1.027701	-0.902083	0.296006	0.263229	0.290911	0.919827	-0.652656	0.755848	-0.052278	-0.710458	-0.586570	0.388826
26555	10.732185	-2.465024	0.420771	-0.715443	-0.896296	0.362344	0.254400	0.288412	0.923092	-0.648533	0.758943	-0.058392	-0.717416	-0.583801	0.380120
26556	10.509533	-1.767384	1.239917	-0.443855	-0.883400	0.424409	0.245220	0.286439	0.926186	-0.646445	0.760274	-0.063973	-0.722479	-0.583041	0.371602
26557	10.203460	-1.148248	2.128640	-0.323113	-0.826081	0.494639	0.235968	0.285386	0.928910	-0.645341	0.760702	-0.069774	-0.726536	-0.582999	0.363672
26558	9.647048	-0.677262	2.994476	-0.351663	-0.791734	0.574700	0.226415	0.285099	0.931372	-0.644153	0.761074	-0.076377	-0.730618	-0.582653	0.355966
26559	9.089481	-0.849503	3.704883	-0.457921	-0.733777	0.620282	0.216975	0.285554	0.933478	-0.642218	0.761927	-0.083801	-0.735172	-0.581314	0.348707
26560	8.307055	-1.728077	4.041724	-0.533213	-0.703169	0.585929	0.207953	0.285897	0.935424	-0.639575	0.763310	-0.091110	-0.740067	-0.579327	0.341585
26561	8.329663	-2.204902	3.948448	-0.522197	-0.688822	0.551142	0.199248	0.286126	0.937247	-0.636866	0.764713	-0.098063	-0.744783	-0.577362	0.334591
26562	8.108539	-2.391349	3.766214	-0.450896	-0.665370	0.504276	0.190993	0.286108	0.938969	-0.634527	0.765833	-0.104285	-0.748931	-0.575884	0.327812
26563	8.221623	-2.015464	3.564295	-0.345752	-0.661389	0.444322	0.183139	0.285708	0.940654	-0.632808	0.766511	-0.109611	-0.752339	-0.575180	0.321177
26564	8.347837	-1.215518	3.295494	-0.260906	-0.625784	0.392448	0.175861	0.285083	0.942232	-0.631590	0.766855	-0.114139	-0.755094	-0.575032	0.314916
26565	8.397681	-0.500999	3.024370	-0.255038	-0.604051	0.327570	0.169151	0.284125	0.943748	-0.630271	0.767347	-0.118052	-0.757724	-0.574849	0.308874
26566	8.683959	0.054004	2.687741	-0.313218	-0.615034	0.264712	0.162736	0.282589	0.945336	-0.628376	0.768361	-0.121513	-0.760697	-0.574252	0.302613
26567	9.083186	0.211310	2.447925	-0.422565	-0.611483	0.230694	0.156553	0.280859	0.946894	-0.625567	0.770093	-0.124991	-0.764302	-0.572778	0.296257
26568	9.259985	-0.243248	2.106162	-0.556134	-0.620888	0.200541	0.150466	0.278820	0.948483	-0.621656	0.772675	-0.128520	-0.768703	-0.570292	0.289591
26569	9.615044	-0.890093	1.813521	-0.672129	-0.630524	0.207492	0.144244	0.276845	0.950027	-0.616822	0.775879	-0.132444	-0.773773	-0.566894	0.282679
26570	9.941438	-1.633200	1.692519	-0.741867	-0.638974	0.238978	0.137735	0.275053	0.951512	-0.611442	0.779377	-0.136785	-0.779209	-0.562954	0.275527
26571	9.377215	-2.670272	1.472079	-0.756594	-0.642784	0.263590	0.131030	0.273511	0.952902	-0.605925	0.782857	-0.141384	-0.784657	-0.558862	0.268305
26572	10.546999	-2.914823	1.372592	-0.691604	-0.698654	0.312333	0.123563	0.272029	0.954323	-0.600921	0.785826	-0.146193	-0.789700	-0.555408	0.260567
26573	9.862624	-3.026951	0.931595	-0.634406	-0.689956	0.371309	0.115801	0.271134	0.955550	-0.596385	0.788291	-0.151401	-0.794302	-0.552343	0.252985
26574	9.985187	-2.842796	0.858472	-0.568262	-0.743396	0.383141	0.107514	0.270023	0.956832	-0.592327	0.790355	-0.156486	-0.798492	-0.549934	0.244916
26575	10.049497	-2.744409	0.770166	-0.533783	-0.777411	0.403782	0.098832	0.268956	0.958068	-0.588515	0.792157	-0.161670	-0.802423	-0.547859	0.236575
26576	9.694116	-2.994551	0.727693	-0.503933	-0.819731	0.386694	0.089875	0.267502	0.959357	-0.584866	0.793845	-0.166560	-0.806136	-0.546125	0.227799
26577	9.662627	-3.033252	0.881521	-0.439941	-0.872411	0.388897	0.080485	0.265837	0.960652	-0.581686	0.795169	-0.171309	-0.809421	-0.545011	0.218633
26578	9.503221	-2.935514	1.041870	-0.379126	-0.907166	0.393315	0.070745	0.263989	0.961928	-0.578946	0.796162	-0.175918	-0.812291	-0.544459	0.209160
26579	9.714458	-2.665534	1.291540	-0.335384	-0.944678	0.373521	0.060826	0.261827	0.963196	-0.576506	0.796967	-0.180234	-0.814826	-0.544325	0.199421
26580	9.404652	-2.506806	1.582647	-0.285250	-0.937014	0.352334	0.051048	0.259500	0.964393	-0.574410	0.797572	-0.184206	-0.816974	-0.544554	0.189774
26581	9.313106	-2.210622	1.811445	-0.236799	-0.922702	0.330261	0.041533	0.257113	0.965488	-0.572668	0.797970	-0.187868	-0.818734	-0.545102	0.180383
26582	9.297296	-1.786121	2.017545	-0.223522	-0.892864	0.304862	0.032366	0.254644	0.966493	-0.570983	0.798380	-0.191230	-0.820324	-0.545661	0.171237
26583	8.962019	-1.464734	2.271131	-0.242427	-0.878857	0.256508	0.023612	0.251901	0.967465	-0.569105	0.799015	-0.194152	-0.821926	-0.546005	0.162224
26584	8.968052	-1.213457	2.468999	-0.289980	-0.869842	0.217079	0.015117	0.248855	0.968423	-0.566794	0.800025	-0.196734	-0.823721	-0.545922	0.153144
26585	8.629253	-1.320822	2.622804	-0.360197	-0.850174	0.177854	0.007025	0.245647	0.969334	-0.563884	0.801512	-0.199031	-0.825824	-0.545193	0.144146
26586	8.774823	-1.341742	2.805205	-0.426689	-0.854446	0.126768	-0.000855	0.241980	0.970281	-0.560392	0.803498	-0.200880	-0.828227	-0.543909	0.134916
26587	8.792459	-1.329358	2.825393	-0.511022	-0.826176	0.096621	-0.008324	0.238278	0.971161	-0.556188	0.806002	-0.202523	-0.831015	-0.541834	0.125819
26588	8.572841	-1.557865	2.921689	-0.610930	-0.808335	0.052673	-0.015442	0.234307	0.972040	-0.551129	0.809150	-0.203798	-0.834277	-0.538866	0.116639
26589	8.423234	-2.074093	2.951472	-0.685265	-0.807142	0.006820	-0.022302	0.230034	0.972927	-0.545438	0.812777	-0.204672	-0.837854	-0.535236	0.107343
26590	8.979443	-2.457214	3.144205	-0.709775	-0.810791	-0.030549	-0.029035	0.225437	0.973825	-0.539521	0.816603	-0.205126	-0.841471	-0.531355	0.097918
26591	9.090077	-2.560135	3.182891	-0.717244	-0.768385	-0.015779	-0.035505	0.221248	0.974571	-0.533518	0.820398	-0.205684	-0.845043	-0.527254	0.088912
26592	8.605730	-2.837492	3.052196	-0.701941	-0.751055	-0.007163	-0.041912	0.217226	0.975221	-0.527613	0.824071	-0.206233	-0.848450	-0.523183	0.080072
26593	8.597763	-2.906383	2.840817	-0.665660	-0.788608	0.006461	-0.048724	0.213176	0.975798	-0.521991	0.827492	-0.206841	-0.851558	-0.519436	0.070957
26594	8.941968	-2.632122	2.425644	-0.644925	-0.826822	0.027126	-0.055999	0.209110	0.976287	-0.516512	0.830742	-0.207562	-0.854447	-0.515888	0.061487
26595	8.219845	-2.501831	1.598041	-0.690779	-0.926942	0.029910	-0.064161	0.204603	0.976740	-0.510621	0.834196	-0.208286	-0.857409	-0.512108	0.050952
26596	9.175697	-2.556800	1.503016	-0.748474	-1.020251	0.027349	-0.073142	0.199622	0.977139	-0.504210	0.837928	-0.208924	-0.860478	-0.507965	0.039364
26597	9.095906	-2.846476	1.169675	-0.795456	-1.094194	0.035124	-0.082824	0.194393	0.977421	-0.497364	0.841848	-0.209575	-0.863579	-0.503492	0.026958
26598	9.610365	-2.640253	1.237267	-0.782497	-1.155669	0.026587	-0.093029	0.188822	0.977595	-0.490609	0.845689	-0.210031	-0.866400	-0.499156	0.013964
26599	9.840724	-2.505772	1.407356	-0.755952	-1.154001	0.005835	-0.103145	0.183146	0.977660	-0.484082	0.849403	-0.210191	-0.868922	-0.494947	0.001046
26600	9.352121	-2.059573	1.245231	-0.757623	-1.180097	-0.029819	-0.113344	0.177079	0.977648	-0.477559	0.853160	-0.209896	-0.871258	-0.490675	-0.012135
26601	9.764964	-1.681215	1.394595	-0.776153	-1.191488	-0.086582	-0.123401	0.170530	0.977595	-0.470927	0.857069	-0.208951	-0.873499	-0.486161	-0.025456
26602	9.855755	-1.253654	1.314386	-0.799739	-1.170962	-0.164633	-0.132943	0.163456	0.977552	-0.464181	0.861183	-0.207125	-0.875707	-0.481297	-0.038615
26603	10.360809	-0.625752	1.491053	-0.876451	-1.145167	-0.236573	-0.141969	0.155947	0.977510	-0.456856	0.865723	-0.204464	-0.878139	-0.475609	-0.051660
26604	9.849169	-0.911093	1.483636	-0.963449	-1.069312	-0.278936	-0.150174	0.148480	0.977446	-0.448828	0.870669	-0.201218	-0.880909	-0.468923	-0.064109
26605	10.623039	-1.511382	2.206171	-1.025222	-1.027994	-0.290534	-0.158026	0.141175	0.977291	-0.440265	0.875830	-0.197708	-0.883852	-0.461510	-0.076249
26606	10.675651	-2.714332	2.749750	-1.028777	-0.916621	-0.256728	-0.165077	0.134733	0.977035	-0.431611	0.880865	-0.194395	-0.886826	-0.453789	-0.087258
26607	11.208309	-3.654181	3.788184	-0.902375	-0.795924	-0.227924	-0.171243	0.129150	0.976727	-0.424016	0.885201	-0.191388	-0.889318	-0.446922	-0.096822
26608	11.895397	-4.081473	5.221017	-0.709733	-0.593085	-0.196333	-0.175741	0.124792	0.976495	-0.418080	0.888574	-0.188799	-0.891249	-0.441433	-0.103986
26609	12.108381	-4.497740	6.344622	-0.538594	-0.339590	-0.167511	-0.178146	0.121826	0.976434	-0.413607	0.891119	-0.186642	-0.892857	-0.437109	-0.108361
26610	12.504319	-4.271247	6.814206	-0.394618	-0.058815	-0.188996	-0.177921	0.119917	0.976711	-0.410463	0.893035	-0.184415	-0.894351	-0.433715	-0.109668
26611	12.296376	-3.102150	6.806749	-0.250749	0.244492	-0.273251	-0.174685	0.118548	0.977462	-0.408736	0.894418	-0.181523	-0.895779	-0.431233	-0.107787
26612	11.965240	-1.483227	6.526216	-0.132877	0.560192	-0.391930	-0.168071	0.117499	0.978747	-0.408268	0.895419	-0.177603	-0.897257	-0.429441	-0.102523
26613	12.066887	0.198356	5.924214	-0.079014	0.897636	-0.489903	-0.158080	0.116974	0.980473	-0.408393	0.896305	-0.172777	-0.899014	-0.427731	-0.093917
26614	12.221455	1.979499	5.161081	-0.078283	1.145255	-0.621807	-0.145220	0.116337	0.982536	-0.408688	0.897330	-0.166653	-0.901047	-0.425752	-0.082765
26615	10.670737	3.404066	4.085870	-0.210000	1.451660	-0.769115	-0.129051	0.115601	0.984877	-0.407885	0.899086	-0.158978	-0.903867	-0.422233	-0.068876
26616	11.444206	3.965109	4.143215	-0.501044	1.628204	-0.906842	-0.110586	0.114305	0.987272	-0.404494	0.902195	-0.149763	-0.907830	-0.415907	-0.053534
26617	10.500009	2.881072	3.471398	-0.887538	1.835180	-1.040933	-0.089773	0.112447	0.989594	-0.397495	0.906997	-0.139121	-0.913202	-0.405848	-0.036727
26618	11.323782	0.941988	3.103749	-1.188171	1.964339	-1.155911	-0.067185	0.109815	0.991679	-0.387579	0.912996	-0.127360	-0.919385	-0.392911	-0.018778
26619	10.802756	-1.656337	1.999397	-1.323015	2.149171	-1.253053	-0.042645	0.106644	0.993382	-0.376104	0.919432	-0.114851	-0.925596	-0.378513	0.000900
26620	11.386450	-3.729351	1.343501	-1.285694	2.178834	-1.251493	-0.017724	0.103236	0.994499	-0.364612	0.925493	-0.102571	-0.930991	-0.364424	0.021238
26621	11.086984	-4.707251	0.342641	-1.167148	2.139891	-1.097459	0.006116	0.100733	0.994895	-0.353829	0.930768	-0.092065	-0.935290	-0.351459	0.041335
26622	11.706177	-4.951230	0.087951	-0.907973	1.991829	-0.880739	0.027909	0.099469	0.994649	-0.345239	0.934767	-0.083794	-0.938100	-0.341053	0.060429
26623	12.353178	-4.979105	-0.111782	-0.585762	1.786242	-0.648620	0.046828	0.099450	0.993940	-0.339545	0.937367	-0.077792	-0.939423	-0.333844	0.077663
26624	13.500113	-4.967305	-0.399973	-0.210351	1.598789	-0.461234	0.063456	0.100500	0.992911	-0.337380	0.938500	-0.073431	-0.939228	-0.330328	0.093460
26625	13.499096	-4.427829	-1.165938	0.177738	1.480099	-0.321331	0.078361	0.102400	0.991652	-0.338869	0.938218	-0.070105	-0.937565	-0.330546	0.108220
26626	12.942983	-3.292590	-1.749839	0.490171	1.410889	-0.261512	0.092499	0.104709	0.990192	-0.343298	0.936834	-0.066997	-0.934661	-0.333734	0.122603
26627	11.276760	-2.095614	-2.045144	0.651924	1.373128	-0.226594	0.106022	0.107228	0.988565	-0.349205	0.934862	-0.063951	-0.931029	-0.338432	0.136560
26628	10.829741	-1.587785	-2.062217	0.716209	1.273117	-0.237844	0.118713	0.109425	0.986881	-0.355655	0.932649	-0.060629	-0.927047	-0.343791	0.149635
26629	11.018518	-1.961895	-2.006448	0.754320	1.215030	-0.223066	0.130682	0.111582	0.985125	-0.362404	0.930258	-0.057293	-0.922814	-0.349526	0.162006
26630	12.038295	-2.508162	-1.976866	0.885186	1.235305	-0.139834	0.142576	0.114717	0.983114	-0.370422	0.927265	-0.054480	-0.917856	-0.356399	0.174699
26631	12.356236	-3.079562	-2.090929	1.094474	1.343201	-0.015122	0.154849	0.119444	0.980691	-0.380463	0.923311	-0.052381	-0.911740	-0.365006	0.188418
26632	12.229974	-2.790185	-2.463129	1.347268	1.533531	0.169449	0.168114	0.126755	0.977584	-0.393029	0.918085	-0.051452	-0.904027	-0.375570	0.204162
26633	10.788100	-1.763487	-2.719137	1.569313	1.730897	0.345596	0.182227	0.136544	0.973730	-0.407801	0.911616	-0.051517	-0.894702	-0.387701	0.221804
26634	8.914671	-1.159590	-2.709986	1.705314	1.834415	0.436140	0.196710	0.147803	0.969257	-0.423855	0.904244	-0.051868	-0.884111	-0.400621	0.240521
26635	8.041257	-1.676576	-2.355132	1.817163	1.786152	0.387719	0.210652	0.158590	0.964611	-0.440659	0.896218	-0.051115	-0.872608	-0.414297	0.258674
26636	8.249242	-2.219855	-2.173156	1.961188	1.715493	0.315863	0.224061	0.168704	0.959862	-0.458394	0.887399	-0.048964	-0.860041	-0.429025	0.276164
26637	8.484642	-2.238221	-1.829959	2.099013	1.699654	0.311350	0.237034	0.178893	0.954889	-0.477074	0.877659	-0.045999	-0.846295	-0.444649	0.293380
26638	8.392922	-2.019033	-1.599576	2.181118	1.703450	0.358666	0.249533	0.189790	0.949586	-0.496301	0.867091	-0.042884	-0.831516	-0.460580	0.310560
26639	8.232072	-1.764920	-1.381679	2.210621	1.694826	0.378589	0.261507	0.201005	0.944040	-0.515532	0.855962	-0.039445	-0.815991	-0.476368	0.327465
26640	8.121668	-1.562200	-1.136242	2.204451	1.661550	0.361879	0.272973	0.212177	0.938332	-0.534366	0.844507	-0.035507	-0.799962	-0.491720	0.343908
26641	8.157495	-1.318445	-0.848207	2.191112	1.632494	0.310181	0.284141	0.222938	0.932503	-0.552630	0.832860	-0.030725	-0.783494	-0.506599	0.359852
26642	7.914798	-0.988983	-0.296917	2.126375	1.591590	0.239171	0.295067	0.233137	0.926597	-0.569861	0.821355	-0.025190	-0.766938	-0.520599	0.375210
26643	7.559773	-0.750502	0.464705	1.980203	1.518151	0.145004	0.305681	0.242327	0.920781	-0.585377	0.810539	-0.018981	-0.750929	-0.533201	0.389619
26644	7.516308	-0.450886	1.235314	1.828122	1.437222	0.098643	0.315702	0.250905	0.915084	-0.599323	0.800407	-0.012696	-0.735625	-0.544423	0.403063
26645	7.332107	-0.086926	1.884303	1.713092	1.335027	0.102791	0.324731	0.259065	0.909635	-0.612180	0.790691	-0.006647	-0.720962	-0.554701	0.415356
26646	7.100950	0.232308	2.295445	1.656206	1.201426	0.118283	0.332497	0.266752	0.904593	-0.624442	0.781070	-0.000804	-0.706766	-0.564599	0.426275
26647	7.339949	0.681383	2.582462	1.644600	1.044420	0.134218	0.338889	0.273746	0.900121	-0.636453	0.771299	0.005051	-0.692880	-0.574596	0.435611
26648	7.474016	1.407383	2.662854	1.610217	0.936989	0.117063	0.344486	0.280102	0.896031	-0.647951	0.761603	0.011030	-0.679330	-0.584384	0.443854
26649	7.434157	2.054239	2.790842	1.572801	0.839332	0.096589	0.349431	0.285780	0.892316	-0.658916	0.752020	0.017184	-0.666129	-0.593966	0.451084
26650	7.649643	2.797853	3.038140	1.528951	0.768214	0.062051	0.354008	0.290864	0.888863	-0.669270	0.742647	0.023534	-0.653266	-0.603220	0.457569
26651	7.730792	3.630582	3.433096	1.461951	0.736683	0.015471	0.358601	0.295453	0.885502	-0.678833	0.733675	0.030111	-0.640774	-0.611905	0.463660
26652	7.670795	4.348167	3.796966	1.376422	0.698321	-0.032007	0.363179	0.299533	0.882259	-0.687503	0.725249	0.036781	-0.628841	-0.619914	0.469325
26653	7.778904	4.813667	4.029005	1.246936	0.644328	-0.082676	0.367697	0.302951	0.879215	-0.695021	0.717679	0.043375	-0.617854	-0.627022	0.474446
26654	8.013007	5.076707	4.398811	1.045754	0.557295	-0.131562	0.371967	0.305524	0.876525	-0.700995	0.711447	0.049494	-0.608480	-0.632849	0.478805
26655	8.459839	5.111368	4.987266	0.797004	0.510985	-0.184762	0.376288	0.307454	0.874002	-0.705170	0.706908	0.054926	-0.600952	-0.636988	0.482808
26656	8.435785	4.785723	5.624813	0.532122	0.512433	-0.183712	0.380593	0.309421	0.871440	-0.707704	0.704033	0.059103	-0.595235	-0.639216	0.486928
26657	8.176165	4.229748	6.269451	0.155065	0.508034	-0.146028	0.384575	0.311635	0.868899	-0.708113	0.703450	0.061115	-0.592181	-0.638782	0.491202
26658	7.887792	3.376354	6.565418	-0.399449	0.466485	-0.057037	0.387695	0.314191	0.866589	-0.705571	0.706125	0.059646	-0.593180	-0.634564	0.495445
26659	8.107952	2.243170	6.861436	-1.004528	0.443313	0.138616	0.389294	0.317965	0.864493	-0.700171	0.711973	0.053431	-0.598506	-0.626094	0.499797
26660	7.996733	0.909278	6.893668	-1.321732	0.482706	0.320362	0.389928	0.323243	0.862248	-0.693507	0.719102	0.044040	-0.605809	-0.615147	0.504569
