// General information: 
//  MT Manager version: 2022.2.0 
//  XDA version: 2022.2.0 build 7381 rev 124627 built on 2023-07-19
// Device information: 
//  DeviceId: 00B4CAF0
//  ProductCode: MTW2-3A7G6
//  Firmware Version: 4.6.0
//  Hardware Version: 2.0.0
// Device settings: 
//  Filter Profile: human(46.1)
//  Option Flags: Orientation Smoother Disabled, Position/Velocity Smoother Disabled, Continuous Zero Rotation Update Disabled, AHS Disabled, ICC Disabled
// Coordinate system: ENU
PacketCounter	Acc_X	Acc_Y	Acc_Z	Gyr_X	Gyr_Y	Gyr_Z	Mat[1][1]	Mat[2][1]	Mat[3][1]	Mat[1][2]	Mat[2][2]	Mat[3][2]	Mat[1][3]	Mat[2][3]	Mat[3][3]
33000	6.067156	0.312931	8.214748	0.002934	0.003268	0.003665	0.526198	0.608162	0.594352	-0.773195	0.633105	0.036718	-0.353957	-0.478870	0.803367
33001	6.100613	0.317841	8.208208	0.003180	-0.001122	0.005061	0.526170	0.608162	0.594377	-0.773201	0.633098	0.036692	-0.353984	-0.478880	0.803349
33002	6.090743	0.363063	8.192443	0.004304	0.004467	0.002398	0.526181	0.608173	0.594355	-0.773198	0.633102	0.036689	-0.353974	-0.478859	0.803365
33003	6.047394	0.339466	8.226371	0.005143	-0.000072	0.002009	0.526180	0.608159	0.594371	-0.773196	0.633105	0.036698	-0.353981	-0.478875	0.803353
33004	6.075912	0.367016	8.211951	0.003721	0.003991	0.008079	0.526147	0.608204	0.594354	-0.773219	0.633078	0.036656	-0.353979	-0.478852	0.803367
33005	6.099201	0.387607	8.256801	0.001564	0.002070	0.004932	0.526131	0.608218	0.594354	-0.773220	0.633080	0.036618	-0.354002	-0.478832	0.803369
33006	6.051457	0.351333	8.258686	0.001390	-0.000050	0.006523	0.526095	0.608234	0.594370	-0.773227	0.633074	0.036566	-0.354039	-0.478820	0.803360
33007	6.075350	0.337098	8.279314	0.003363	0.000375	0.007366	0.526054	0.608255	0.594384	-0.773247	0.633052	0.036529	-0.354057	-0.478822	0.803351
33008	6.071063	0.324654	8.247186	0.000255	-0.005014	0.005292	0.526013	0.608240	0.594437	-0.773242	0.633061	0.036477	-0.354128	-0.478831	0.803315
33009	6.071429	0.324584	8.246919	0.004192	-0.003540	0.003082	0.525991	0.608215	0.594481	-0.773242	0.633061	0.036472	-0.354160	-0.478861	0.803282
33010	6.071926	0.290009	8.222763	0.006523	0.000502	0.004638	0.525972	0.608222	0.594491	-0.773258	0.633042	0.036471	-0.354155	-0.478878	0.803275
33011	6.071676	0.325195	8.246713	0.004775	-0.003065	-0.002599	0.525996	0.608164	0.594529	-0.773230	0.633074	0.036505	-0.354180	-0.478909	0.803245
33012	6.095715	0.375478	8.224065	0.002403	-0.002468	0.004544	0.525967	0.608156	0.594562	-0.773230	0.633076	0.036471	-0.354223	-0.478916	0.803222
33013	6.119856	0.361426	8.244501	0.003599	-0.003390	0.004868	0.525932	0.608144	0.594606	-0.773237	0.633068	0.036451	-0.354259	-0.478942	0.803190
33014	6.077561	0.331976	8.186961	0.001810	-0.002318	0.006330	0.525888	0.608149	0.594640	-0.773246	0.633061	0.036401	-0.354306	-0.478945	0.803168
33015	6.081839	0.378717	8.242902	0.001391	-0.000049	0.006524	0.525852	0.608163	0.594657	-0.773254	0.633054	0.036352	-0.354342	-0.478937	0.803157
33016	6.096539	0.310824	8.266629	0.002402	-0.002468	0.004544	0.525823	0.608155	0.594691	-0.773254	0.633055	0.036320	-0.354384	-0.478945	0.803133
33017	6.058304	0.328280	8.265186	0.001994	-0.000821	0.008635	0.525768	0.608179	0.594716	-0.773276	0.633032	0.036264	-0.354419	-0.478945	0.803118
33018	6.091990	0.332797	8.258488	0.001216	-0.002168	0.008117	0.525711	0.608194	0.594750	-0.773292	0.633016	0.036202	-0.354468	-0.478947	0.803095
33019	6.092582	0.332361	8.258068	0.000324	-0.011521	0.008284	0.525621	0.608165	0.594860	-0.773305	0.633004	0.036135	-0.354573	-0.479001	0.803017
33020	6.108228	0.328534	8.237942	0.006294	-0.015510	0.006010	0.525534	0.608104	0.594999	-0.773327	0.632977	0.036124	-0.354654	-0.479113	0.802914
33021	6.133946	0.309069	8.166457	0.006478	-0.014012	0.008316	0.525434	0.608062	0.595129	-0.773363	0.632935	0.036105	-0.354724	-0.479222	0.802818
33022	6.129935	0.267587	8.201041	0.002821	-0.004737	0.004352	0.525399	0.608042	0.595181	-0.773364	0.632935	0.036079	-0.354774	-0.479247	0.802781
33023	6.091930	0.250619	8.175637	0.001545	0.003317	-0.002861	0.525448	0.608013	0.595168	-0.773323	0.632984	0.036088	-0.354791	-0.479220	0.802790
33024	6.053085	0.239593	8.241590	0.005122	0.001172	-0.005784	0.525509	0.607957	0.595171	-0.773280	0.633034	0.036138	-0.354793	-0.479224	0.802786
33025	6.056614	0.420938	8.302489	0.004170	-0.002294	-0.004709	0.525552	0.607889	0.595202	-0.773239	0.633082	0.036179	-0.354819	-0.479247	0.802761
33026	6.090614	0.391406	8.271718	-0.000185	-0.001497	-0.002304	0.525579	0.607843	0.595226	-0.773195	0.633137	0.036167	-0.354875	-0.479234	0.802744
33027	6.095980	0.368626	8.279293	-0.004829	-0.010824	0.002382	0.525537	0.607779	0.595328	-0.773159	0.633185	0.036093	-0.355016	-0.479252	0.802671
33028	6.102322	0.310772	8.262363	-0.006152	-0.017284	-0.001151	0.525501	0.607663	0.595478	-0.773098	0.633262	0.036027	-0.355202	-0.479295	0.802563
33029	6.128349	0.226741	8.233808	-0.008311	-0.019205	-0.004295	0.525481	0.607517	0.595645	-0.773015	0.633368	0.035965	-0.355413	-0.479342	0.802442
33030	6.063041	0.118203	8.265151	-0.002844	-0.013793	-0.013264	0.525551	0.607342	0.595762	-0.772902	0.633503	0.035997	-0.355555	-0.479384	0.802354
33031	6.069336	0.062132	8.248217	0.007221	-0.013565	-0.023240	0.525697	0.607102	0.595877	-0.772774	0.633649	0.036173	-0.355616	-0.479495	0.802260
33032	6.108498	0.111331	8.205709	0.015053	-0.008748	-0.039350	0.525984	0.606787	0.595945	-0.772589	0.633856	0.036503	-0.355594	-0.479621	0.802195
33033	6.093720	0.252798	8.229467	0.019552	-0.006173	-0.051131	0.526372	0.606406	0.595991	-0.772358	0.634112	0.036944	-0.355522	-0.479765	0.802141
33034	6.103077	0.311335	8.225994	0.022053	-0.000006	-0.051162	0.526781	0.606057	0.595984	-0.772135	0.634357	0.037401	-0.355399	-0.479883	0.802125
33035	6.097293	0.472289	8.222653	0.021536	-0.006358	-0.046374	0.527131	0.605705	0.596032	-0.771936	0.634574	0.037829	-0.355313	-0.480040	0.802069
33036	6.140417	0.535312	8.212174	0.020786	-0.008947	-0.039094	0.527416	0.605388	0.596101	-0.771771	0.634751	0.038205	-0.355248	-0.480204	0.802000
33037	6.211749	0.659544	8.211074	0.009121	-0.006620	-0.025362	0.527603	0.605168	0.596159	-0.771639	0.634900	0.038408	-0.355258	-0.480284	0.801947
33038	6.294554	0.562801	8.106273	-0.002609	0.001589	-0.010735	0.527707	0.605082	0.596155	-0.771541	0.635018	0.038428	-0.355317	-0.480236	0.801949
33039	6.169293	0.532291	8.173362	-0.012027	0.014463	0.001546	0.527761	0.605134	0.596054	-0.771475	0.635106	0.038301	-0.355380	-0.480055	0.802030
33040	6.139473	0.468372	8.165305	-0.021053	0.026315	0.005853	0.527823	0.605273	0.595858	-0.771399	0.635211	0.038072	-0.355452	-0.479740	0.802187
33041	6.094627	0.407240	8.176949	-0.024618	0.027832	0.012669	0.527839	0.605460	0.595655	-0.771347	0.635292	0.037778	-0.355541	-0.479398	0.802352
33042	6.092557	0.340685	8.221941	-0.017332	0.030317	0.013931	0.527852	0.605670	0.595430	-0.771328	0.635330	0.037531	-0.355563	-0.479082	0.802530
33043	6.133302	0.327602	8.166219	-0.019215	0.038522	0.008515	0.527938	0.605881	0.595138	-0.771273	0.635410	0.037305	-0.355554	-0.478709	0.802757
33044	6.086268	0.336693	8.226762	-0.013980	0.047090	0.005952	0.528074	0.606119	0.594775	-0.771223	0.635481	0.037132	-0.355462	-0.478313	0.803034
33045	6.040332	0.241986	8.215253	-0.011360	0.042112	0.000220	0.528236	0.606295	0.594452	-0.771153	0.635573	0.037019	-0.355373	-0.477968	0.803279
33046	6.002917	0.271315	8.248405	-0.003845	0.041456	-0.004900	0.528435	0.606437	0.594130	-0.771081	0.635661	0.036992	-0.355232	-0.477670	0.803518
33047	5.998908	0.341067	8.298729	0.001785	0.033235	-0.003987	0.528599	0.606543	0.593876	-0.771035	0.635716	0.037009	-0.355089	-0.477462	0.803705
33048	6.001037	0.382955	8.265453	0.001431	0.029619	-0.004698	0.528754	0.606630	0.593649	-0.770984	0.635778	0.037024	-0.354969	-0.477270	0.803872
33049	6.012544	0.449161	8.295780	0.001335	0.020986	-0.000124	0.528844	0.606702	0.593495	-0.770956	0.635811	0.037015	-0.354894	-0.477134	0.803986
33050	6.054214	0.472725	8.263167	-0.000786	0.016562	0.012298	0.528823	0.606835	0.593378	-0.770986	0.635781	0.036910	-0.354860	-0.477006	0.804077
33051	6.096697	0.461000	8.206322	-0.002336	0.013866	0.011260	0.528800	0.606945	0.593286	-0.771006	0.635763	0.036804	-0.354851	-0.476889	0.804150
33052	6.105570	0.443908	8.156099	-0.005560	0.019000	0.018788	0.528737	0.607131	0.593152	-0.771054	0.635716	0.036622	-0.354841	-0.476716	0.804257
33053	6.136897	0.481892	8.175025	-0.003470	0.026189	0.026745	0.528639	0.607398	0.592966	-0.771152	0.635609	0.036415	-0.354776	-0.476517	0.804404
33054	6.158420	0.529525	8.154482	-0.009684	0.033319	0.035414	0.528497	0.607757	0.592725	-0.771274	0.635479	0.036102	-0.354722	-0.476233	0.804596
33055	6.093276	0.493784	8.177817	-0.013158	0.042853	0.041563	0.528343	0.608198	0.592410	-0.771415	0.635328	0.035730	-0.354644	-0.475871	0.804844
33056	6.051083	0.478389	8.246145	-0.011781	0.042810	0.048102	0.528138	0.608682	0.592096	-0.771597	0.635130	0.035327	-0.354555	-0.475517	0.805093
33057	6.057188	0.528225	8.245597	-0.007418	0.040774	0.053509	0.527884	0.609188	0.591801	-0.771822	0.634879	0.034930	-0.354443	-0.475204	0.805327
33058	5.982453	0.502159	8.229123	-0.008857	0.044851	0.059602	0.527596	0.609755	0.591474	-0.772074	0.634597	0.034481	-0.354323	-0.474854	0.805587
33059	5.800900	0.588238	8.296127	-0.005275	0.041467	0.064494	0.527260	0.610334	0.591177	-0.772364	0.634268	0.034036	-0.354191	-0.474550	0.805824
33060	5.871051	0.500971	8.245275	-0.013106	0.031396	0.075788	0.526802	0.610938	0.590961	-0.772684	0.633908	0.033459	-0.354174	-0.474252	0.806006
33061	5.968881	0.514583	8.318880	-0.024110	0.021833	0.085913	0.526230	0.611559	0.590828	-0.773020	0.633537	0.032736	-0.354292	-0.473949	0.806133
33062	6.016522	0.042779	8.322183	-0.039896	0.016603	0.090845	0.525600	0.612188	0.590737	-0.773325	0.633209	0.031853	-0.354560	-0.473573	0.806235
33063	6.149885	-0.079941	8.292341	-0.033325	0.013711	0.079017	0.525053	0.612726	0.590666	-0.773591	0.632922	0.031097	-0.354792	-0.473261	0.806317
33064	6.144437	-0.133325	8.237179	-0.021655	0.018488	0.058422	0.524684	0.613157	0.590546	-0.773788	0.632708	0.030556	-0.354908	-0.472990	0.806425
33065	6.104289	-0.287439	8.207903	0.000622	0.034466	0.031816	0.524575	0.613494	0.590293	-0.773925	0.632549	0.030352	-0.354769	-0.472765	0.806618
33066	6.053192	-0.056395	8.222105	0.018045	0.039612	0.007541	0.524672	0.613704	0.589989	-0.773997	0.632457	0.030430	-0.354468	-0.472615	0.806838
33067	6.035113	0.315371	8.235475	0.030267	0.048871	-0.006122	0.524907	0.613869	0.589607	-0.774041	0.632391	0.030689	-0.354023	-0.472489	0.807107
33068	6.015461	0.558966	8.334897	0.016802	0.047068	0.004258	0.525056	0.614093	0.589242	-0.774091	0.632325	0.030776	-0.353693	-0.472286	0.807370
33069	6.044660	0.534458	8.398130	0.003192	0.036625	0.019190	0.525052	0.614361	0.588967	-0.774172	0.632232	0.030667	-0.353523	-0.472064	0.807575
33070	6.032849	0.177038	8.368694	-0.011782	0.026231	0.027575	0.524945	0.614633	0.588778	-0.774245	0.632156	0.030387	-0.353522	-0.471810	0.807724
33071	6.054936	0.259247	8.372002	-0.006598	0.020249	0.028682	0.524809	0.614883	0.588638	-0.774341	0.632050	0.030144	-0.353514	-0.471626	0.807835
33072	6.044796	0.232782	8.309102	-0.005584	0.017823	0.026696	0.524682	0.615111	0.588513	-0.774429	0.631953	0.029919	-0.353509	-0.471459	0.807934
33073	6.019874	0.245379	8.289292	0.003738	0.015420	0.024021	0.524565	0.615308	0.588411	-0.774537	0.631827	0.029787	-0.353446	-0.471371	0.808013
33074	6.047008	0.340671	8.324165	-0.004570	0.015400	0.024712	0.524445	0.615511	0.588305	-0.774618	0.631738	0.029581	-0.353447	-0.471225	0.808098
33075	6.037205	0.314528	8.261038	-0.004570	0.015401	0.024715	0.524323	0.615713	0.588203	-0.774700	0.631646	0.029378	-0.353448	-0.471084	0.808180
33076	5.977631	0.326785	8.338443	-0.017221	0.009059	0.034676	0.524104	0.615949	0.588152	-0.774788	0.631555	0.029013	-0.353580	-0.470899	0.808230
33077	6.015733	0.270176	8.316470	-0.026675	0.004075	0.034109	0.523868	0.616157	0.588144	-0.774842	0.631509	0.028575	-0.353811	-0.470688	0.808252
33078	5.981909	0.127572	8.317545	-0.028790	-0.004358	0.033912	0.523604	0.616326	0.588202	-0.774886	0.631475	0.028118	-0.354105	-0.470513	0.808225
33079	6.029826	0.060356	8.334746	-0.023398	-0.006982	0.025621	0.523395	0.616428	0.588281	-0.774906	0.631466	0.027758	-0.354369	-0.470391	0.808180
33080	6.016405	-0.008307	8.305167	-0.013475	-0.009549	0.021151	0.523213	0.616491	0.588377	-0.774937	0.631439	0.027501	-0.354570	-0.470344	0.808119
33081	5.970142	0.018882	8.262927	-0.001719	-0.011335	0.003496	0.523161	0.616433	0.588484	-0.774918	0.631465	0.027445	-0.354689	-0.470385	0.808043
33082	6.014587	0.245549	8.282516	0.005410	-0.009770	-0.001426	0.523150	0.616353	0.588577	-0.774899	0.631487	0.027473	-0.354746	-0.470460	0.807974
33083	6.053753	0.396271	8.312998	0.002837	-0.010033	-0.000490	0.523133	0.616276	0.588673	-0.774876	0.631516	0.027478	-0.354823	-0.470523	0.807904
33084	6.041201	0.260892	8.234871	-0.004071	-0.015994	0.005817	0.523046	0.616212	0.588817	-0.774860	0.631539	0.027387	-0.354985	-0.470575	0.807802
33085	6.008102	0.157202	8.259113	0.003248	-0.012308	-0.000693	0.523023	0.616123	0.588931	-0.774837	0.631567	0.027396	-0.355070	-0.470655	0.807719
33086	6.028103	0.166157	8.271238	0.007024	-0.012352	-0.005209	0.523033	0.616007	0.589043	-0.774804	0.631606	0.027458	-0.355128	-0.470754	0.807635
33087	6.062726	0.172309	8.264179	0.016545	-0.012024	-0.013387	0.523109	0.615839	0.589152	-0.774761	0.631649	0.027650	-0.355109	-0.470916	0.807549
33088	5.963049	0.126106	8.258234	0.019718	-0.011913	-0.016111	0.523205	0.615657	0.589256	-0.774715	0.631695	0.027878	-0.355067	-0.471092	0.807465
33089	5.882026	0.158381	8.313292	0.024326	-0.015884	-0.024934	0.523357	0.615397	0.589393	-0.774640	0.631773	0.028201	-0.355008	-0.471326	0.807354
33090	6.013621	0.202943	8.278793	0.023991	-0.026020	-0.022685	0.523455	0.615107	0.589609	-0.774574	0.631840	0.028503	-0.355006	-0.471616	0.807186
33091	6.030040	0.405591	8.311428	0.021606	-0.024160	-0.023331	0.523564	0.614818	0.589812	-0.774498	0.631921	0.028794	-0.355012	-0.471884	0.807027
33092	5.960241	0.253438	8.285295	0.018836	-0.027163	-0.016896	0.523614	0.614559	0.590039	-0.774444	0.631977	0.029021	-0.355056	-0.472147	0.806853
33093	5.976856	0.321791	8.312382	0.018100	-0.034402	-0.018346	0.523649	0.614253	0.590326	-0.774381	0.632043	0.029254	-0.355142	-0.472456	0.806635
33094	6.009227	0.450211	8.276909	0.015332	-0.037404	-0.011909	0.523623	0.613976	0.590637	-0.774341	0.632084	0.029423	-0.355267	-0.472761	0.806401
33095	6.002536	0.432682	8.301602	0.004672	-0.042701	-0.004975	0.523525	0.613716	0.590995	-0.774301	0.632132	0.029469	-0.355501	-0.473035	0.806137
33096	5.948696	0.343881	8.303405	0.003330	-0.050404	-0.000724	0.523366	0.613448	0.591414	-0.774277	0.632160	0.029476	-0.355786	-0.473345	0.805829
33097	5.991489	0.326313	8.301665	0.006350	-0.058921	0.001131	0.523162	0.613149	0.591904	-0.774274	0.632163	0.029500	-0.356092	-0.473729	0.805469
33098	6.088231	0.351117	8.238754	0.005380	-0.062379	0.002210	0.522937	0.612842	0.592420	-0.774273	0.632163	0.029507	-0.356423	-0.474125	0.805089
33099	6.088243	0.240580	8.222115	0.005935	-0.056014	-0.002551	0.522772	0.612533	0.592885	-0.774250	0.632190	0.029549	-0.356716	-0.474489	0.804745
33100	5.930162	0.160947	8.234614	0.013130	-0.066842	-0.005407	0.522590	0.612157	0.593434	-0.774237	0.632200	0.029663	-0.357011	-0.474960	0.804336
33101	5.795831	0.345638	8.459539	0.011690	-0.087814	-0.005278	0.522332	0.611679	0.594154	-0.774220	0.632216	0.029767	-0.357426	-0.475554	0.803801
33102	5.847295	0.172523	8.457820	0.009323	-0.118746	-0.001061	0.521930	0.611083	0.595119	-0.774215	0.632219	0.029822	-0.358022	-0.476316	0.803084
33103	5.891927	0.040276	8.347665	0.027402	-0.132671	-0.022065	0.521640	0.610284	0.596193	-0.774167	0.632263	0.030153	-0.358548	-0.477282	0.802275
33104	6.109513	0.183531	8.312751	0.036128	-0.139531	-0.031627	0.521399	0.609392	0.597314	-0.774100	0.632323	0.030607	-0.359044	-0.478339	0.801423
33105	6.159648	0.066853	8.233248	0.043232	-0.142569	-0.045216	0.521252	0.608396	0.598457	-0.773988	0.632431	0.031203	-0.359499	-0.479463	0.800547
33106	6.171053	0.010005	8.267686	0.052851	-0.139452	-0.058845	0.521220	0.607330	0.599567	-0.773839	0.632575	0.031953	-0.359865	-0.480623	0.799687
33107	6.211133	0.249094	8.297137	0.057932	-0.137634	-0.068459	0.521268	0.606208	0.600659	-0.773660	0.632751	0.032807	-0.360180	-0.481807	0.798832
33108	6.126907	0.255955	8.340615	0.049457	-0.144995	-0.070814	0.521307	0.605036	0.601806	-0.773437	0.632982	0.033602	-0.360602	-0.482976	0.797935
33109	6.139338	0.299092	8.355146	0.045585	-0.158156	-0.070245	0.521294	0.603799	0.603058	-0.773204	0.633226	0.034368	-0.361120	-0.484203	0.796957
33110	6.177650	0.124668	8.336481	0.049730	-0.181979	-0.064160	0.521148	0.602485	0.604496	-0.773016	0.633413	0.035127	-0.361732	-0.485592	0.795833
33111	5.060745	0.948242	9.754272	0.083613	-0.241410	-0.057821	0.520736	0.600917	0.606410	-0.772986	0.633394	0.036122	-0.362390	-0.487556	0.794331
33112	5.590588	-0.096912	8.774363	-0.048693	-0.420108	-0.067820	0.519749	0.598410	0.609726	-0.772423	0.634081	0.036124	-0.364999	-0.489742	0.791788
33113	5.919890	1.036328	8.861889	-0.050761	-0.497395	-0.043549	0.518277	0.595664	0.613656	-0.771979	0.634630	0.035969	-0.368019	-0.492372	0.788754
33114	5.875556	0.896754	8.729275	-0.082977	-0.592322	-0.005157	0.516141	0.592682	0.618325	-0.771612	0.635112	0.035323	-0.371770	-0.495339	0.785128
33115	5.799953	0.367232	8.878059	-0.124163	-0.702540	0.022358	0.513355	0.589305	0.623848	-0.771231	0.635637	0.034193	-0.376390	-0.498684	0.780797
33116	5.619215	-0.215497	8.949214	-0.105150	-0.811766	0.017909	0.510156	0.585330	0.630182	-0.770891	0.636100	0.033238	-0.381403	-0.502758	0.775736
33117	5.499629	-0.325916	9.201382	-0.097414	-0.944804	-0.008984	0.506609	0.580472	0.637494	-0.770438	0.636684	0.032524	-0.387003	-0.507627	0.769768
33118	5.477258	-0.462377	9.387107	-0.081493	-1.101788	-0.058520	0.502777	0.574450	0.645927	-0.769792	0.637480	0.032253	-0.393238	-0.513445	0.762718
33119	5.560334	-0.385771	9.259412	-0.045469	-1.271850	-0.098791	0.498507	0.567218	0.655557	-0.769084	0.638319	0.032534	-0.400001	-0.520397	0.754444
33120	5.772864	0.056944	9.333407	-0.042728	-1.469080	-0.130239	0.493590	0.558659	0.666535	-0.768232	0.639318	0.033053	-0.407663	-0.528368	0.744741
33121	5.802329	0.431687	9.165521	-0.000952	-1.660472	-0.156336	0.487966	0.548781	0.678770	-0.767428	0.640229	0.034082	-0.415865	-0.537538	0.733560
33122	6.002006	0.724609	8.922440	0.037270	-1.863794	-0.146622	0.481274	0.537704	0.692279	-0.766839	0.640865	0.035338	-0.424656	-0.547874	0.720764
33123	6.178607	1.038637	8.415248	0.078717	-2.050391	-0.116831	0.473381	0.525575	0.706882	-0.766586	0.641091	0.036704	-0.433885	-0.559261	0.706379
33124	6.198659	1.037167	8.199305	0.107060	-2.227753	-0.086593	0.464286	0.512402	0.722414	-0.766615	0.640978	0.038053	-0.443553	-0.571481	0.690413
33125	6.164150	0.314537	8.090732	0.149334	-2.417375	-0.093827	0.454175	0.497797	0.738866	-0.766821	0.640630	0.039746	-0.453554	-0.584629	0.672679
33126	6.260327	-0.062489	8.113289	0.226857	-2.607284	-0.146117	0.443355	0.481411	0.756095	-0.767170	0.640046	0.042328	-0.463559	-0.598820	0.653091
33127	6.549224	-0.619319	8.475467	0.263558	-2.776681	-0.224385	0.432075	0.463112	0.773847	-0.767389	0.639549	0.045729	-0.473735	-0.613600	0.631720
33128	6.707823	-1.525579	8.302427	0.329365	-2.957272	-0.376375	0.420820	0.442308	0.792007	-0.767325	0.639250	0.050707	-0.483862	-0.629065	0.608403
33129	8.338184	-1.944715	8.931201	0.449454	-3.066981	-0.540294	0.409993	0.419283	0.810004	-0.767242	0.638756	0.057709	-0.493199	-0.645129	0.583578
33130	8.579582	-1.783840	9.147241	0.539901	-3.147271	-0.710145	0.399798	0.394169	0.827522	-0.767017	0.638162	0.066594	-0.501844	-0.661347	0.557470
33131	9.644629	-1.113886	9.482762	0.559366	-3.246718	-0.846973	0.389870	0.367002	0.844578	-0.766469	0.637683	0.076716	-0.510418	-0.677251	0.529909
33132	9.511844	-1.349148	9.110231	0.533249	-3.294231	-0.976902	0.380411	0.338196	0.860762	-0.765414	0.637522	0.087788	-0.519065	-0.692235	0.501380
33133	10.369738	-2.175512	8.785091	0.529027	-3.378479	-1.121341	0.371312	0.307384	0.876152	-0.763934	0.637483	0.100103	-0.527762	-0.706491	0.471526
33134	10.147462	-3.706127	7.587191	0.609064	-3.419063	-1.329075	0.363288	0.274504	0.890320	-0.762253	0.637051	0.114615	-0.535717	-0.720287	0.440674
33135	11.280817	-3.977834	6.919858	1.043536	-3.319679	-1.571318	0.357423	0.240323	0.902493	-0.762167	0.633541	0.133144	-0.539769	-0.735439	0.409608
33136	11.061873	-3.673666	6.472107	1.431937	-3.125901	-1.747956	0.353895	0.206052	0.912305	-0.763643	0.626844	0.154649	-0.540007	-0.751405	0.379187
33137	8.857241	-2.289381	6.016706	1.786533	-2.909049	-1.870910	0.352560	0.172281	0.919794	-0.766617	0.616850	0.178308	-0.536656	-0.767994	0.349550
33138	6.511864	-1.902377	4.921960	2.091783	-2.763014	-1.972530	0.352994	0.138774	0.925277	-0.770781	0.603723	0.203506	-0.530369	-0.785023	0.320075
33139	3.602513	1.309350	8.264826	2.172628	-2.545514	-2.009163	0.355132	0.106569	0.928722	-0.775073	0.588996	0.228793	-0.522631	-0.801079	0.291770
33140	6.999490	4.726292	14.271665	1.485595	-1.865830	-1.771446	0.359181	0.081174	0.929731	-0.776437	0.578732	0.249431	-0.517818	-0.811468	0.270896
33141	13.943901	5.512465	18.789825	0.225599	-0.660499	-1.180100	0.364914	0.068952	0.928484	-0.773299	0.577825	0.261012	-0.518504	-0.813243	0.264177
33142	6.232794	0.855243	15.261819	-0.804719	0.490908	-0.707361	0.372935	0.068819	0.925302	-0.766459	0.584890	0.265414	-0.522935	-0.808188	0.270873
33143	3.129816	-2.685990	12.770329	-1.055308	1.350259	-0.494163	0.383797	0.076739	0.920223	-0.759019	0.593780	0.267047	-0.525918	-0.800959	0.286137
33144	0.630199	-3.427862	10.532666	-0.961363	1.762506	-0.479386	0.396714	0.087932	0.913721	-0.752047	0.601898	0.268595	-0.526349	-0.793717	0.304910
33145	0.679709	-1.915928	9.382297	-0.903354	1.984488	-0.504483	0.410935	0.100523	0.906106	-0.745225	0.609550	0.270350	-0.525140	-0.786349	0.325397
33146	1.730865	-0.396244	8.961785	-1.097186	2.182622	-0.482005	0.425983	0.114637	0.897439	-0.737406	0.618706	0.270989	-0.524185	-0.777214	0.348093
33147	2.700710	-0.629453	8.376816	-1.363638	2.356446	-0.399457	0.441272	0.130292	0.887864	-0.728490	0.629756	0.269647	-0.524005	-0.765788	0.372810
33148	3.684282	-1.641678	7.739927	-1.493745	2.534326	-0.308572	0.456805	0.147587	0.877238	-0.719234	0.641588	0.266586	-0.523481	-0.752717	0.399230
33149	4.831481	-2.177309	7.459495	-1.482983	2.698298	-0.200884	0.472352	0.166379	0.865564	-0.710513	0.653003	0.262218	-0.521589	-0.738854	0.426662
33150	6.018190	-2.241378	7.300825	-1.415904	2.869350	-0.056101	0.487687	0.187019	0.852752	-0.702836	0.663524	0.256431	-0.517863	-0.724403	0.455036
33151	6.820319	-1.867997	7.194139	-1.347867	3.025877	0.143605	0.502280	0.209640	0.838908	-0.696566	0.672942	0.248889	-0.512359	-0.709366	0.484033
33152	7.368896	-1.382555	7.102169	-1.332588	3.144717	0.405302	0.515498	0.234458	0.824191	-0.691796	0.681450	0.238838	-0.505648	-0.693293	0.513484
33153	7.799279	-1.003746	6.942156	-1.335142	3.210545	0.721206	0.526645	0.261353	0.808913	-0.688815	0.688844	0.225895	-0.498177	-0.676157	0.542800
33154	8.185402	-1.247236	6.622629	-1.327752	3.246896	1.032524	0.535607	0.290174	0.793047	-0.687689	0.694915	0.210183	-0.490111	-0.657945	0.571751
33155	8.189945	-1.763475	6.313026	-1.211032	3.242779	1.319451	0.542282	0.320378	0.776716	-0.688882	0.698783	0.192727	-0.481011	-0.639578	0.599640
33156	8.370204	-1.439129	6.512455	-1.007271	3.209168	1.589327	0.546596	0.351748	0.759938	-0.692695	0.699854	0.174293	-0.470539	-0.621673	0.626191
33157	9.105579	-0.225644	7.001064	-0.849202	3.194065	1.870444	0.548436	0.384369	0.742616	-0.698953	0.698212	0.154804	-0.459001	-0.603954	0.651581
33158	10.126879	1.121685	7.539782	-0.798632	3.214651	2.140758	0.547973	0.418411	0.724332	-0.707026	0.694426	0.133745	-0.447035	-0.585410	0.676354
33159	11.215042	1.991495	7.937360	-0.817568	3.275413	2.380851	0.545484	0.453699	0.704701	-0.716402	0.688786	0.111089	-0.434988	-0.565447	0.700753
33160	11.856686	2.073619	8.141294	-0.787450	3.360240	2.521033	0.541723	0.489629	0.683227	-0.726688	0.681318	0.087923	-0.422445	-0.544123	0.724893
33161	12.008673	2.575158	8.331951	-0.655626	3.437735	2.543351	0.537400	0.525143	0.659868	-0.737654	0.671946	0.065994	-0.408739	-0.522219	0.748478
33162	13.262112	4.231437	8.237096	-0.561395	3.479700	2.499587	0.532820	0.559596	0.634787	-0.748735	0.661307	0.045489	-0.394334	-0.499525	0.771347
33163	14.797901	5.929375	7.077696	-0.598116	3.492993	2.436582	0.527990	0.592580	0.608338	-0.759311	0.650223	0.025643	-0.380360	-0.475457	0.793264
33164	15.260437	6.953087	4.975290	-0.729351	3.393050	2.290916	0.523212	0.623065	0.581411	-0.768584	0.639719	0.006099	-0.368140	-0.450054	0.813587
33165	14.986298	6.694930	2.023272	-0.912426	3.105605	2.025244	0.518879	0.649488	0.555814	-0.775789	0.630860	-0.012946	-0.359049	-0.424477	0.831206
33166	14.848892	4.214324	-1.084948	-0.917289	2.644127	1.569698	0.516096	0.670255	0.533294	-0.780612	0.624332	-0.029235	-0.352548	-0.401208	0.845424
33167	15.149189	2.999021	-3.181990	-0.707854	2.085970	0.960857	0.515899	0.684388	0.515230	-0.783062	0.620635	-0.040320	-0.347365	-0.382656	0.856103
33168	14.417020	-8.065010	-8.601893	-0.304336	1.263054	0.295548	0.517967	0.690980	0.504239	-0.783504	0.619792	-0.044491	-0.343266	-0.372028	0.862417
33169	13.464824	3.486378	-13.488175	2.211313	-0.040276	-0.794535	0.524086	0.685889	0.504867	-0.786736	0.616918	-0.021431	-0.326161	-0.385965	0.862931
33170	20.190751	8.939767	-9.642607	2.397272	-0.763710	-0.932732	0.529020	0.677113	0.511523	-0.789432	0.613826	0.003902	-0.311344	-0.405877	0.859261
33171	17.615582	7.624952	-7.854868	2.137795	-1.324941	-0.367313	0.527884	0.669321	0.522826	-0.794013	0.607425	0.024070	-0.301467	-0.427837	0.852100
33172	6.923781	13.513886	4.449554	1.974803	-1.724440	0.552122	0.518348	0.665043	0.537618	-0.802758	0.595104	0.037831	-0.294779	-0.451186	0.842340
33173	6.288275	14.697209	15.674442	1.096935	-1.591324	0.737174	0.507736	0.662053	0.551263	-0.809742	0.585210	0.042984	-0.294147	-0.468205	0.833223
33174	5.179585	17.247900	13.764783	0.500204	-1.534540	0.050786	0.502798	0.655044	0.564014	-0.811450	0.582543	0.046815	-0.297897	-0.481208	0.824437
33175	15.814854	20.390501	16.569101	-0.152176	-2.009921	-0.341649	0.499482	0.643228	0.580324	-0.809248	0.585544	0.047502	-0.309251	-0.493352	0.812999
33176	28.872615	-13.986847	8.067424	-1.485760	1.197705	0.194311	0.501674	0.650158	0.570630	-0.805552	0.591535	0.034231	-0.315292	-0.476845	0.820494
33177	0.052520	-3.182632	6.281377	0.210566	-1.452364	0.009273	0.496995	0.643184	0.582504	-0.806240	0.590500	0.035874	-0.320895	-0.487467	0.812036
33178	6.486147	3.959234	8.566967	0.630771	0.717691	-0.005012	0.499324	0.646624	0.576674	-0.808183	0.587502	0.041014	-0.312276	-0.486537	0.815945
33179	9.464365	-2.430827	9.021400	-0.409630	-0.290515	0.118197	0.497471	0.645881	0.579103	-0.807454	0.588771	0.036970	-0.317081	-0.485990	0.814416
33180	5.648280	-0.314173	8.483490	0.074324	-0.099804	0.034574	0.496892	0.645573	0.579943	-0.807833	0.588227	0.037351	-0.317025	-0.487056	0.813800
33181	5.722390	0.929078	8.568139	0.004680	-0.073393	0.048914	0.496280	0.645477	0.580573	-0.808062	0.587929	0.037084	-0.317399	-0.487543	0.813363
33182	6.386217	0.217473	8.259854	0.014148	-0.058101	0.063273	0.495600	0.645541	0.581083	-0.808392	0.587493	0.036808	-0.317622	-0.487985	0.813011
33183	6.390082	1.114245	8.385916	-0.025847	-0.050897	0.083696	0.494778	0.645758	0.581543	-0.808695	0.587120	0.036090	-0.318130	-0.488147	0.812715
33184	6.166145	0.730203	8.403732	-0.086080	-0.042128	0.116018	0.493721	0.646208	0.581941	-0.808966	0.586831	0.034692	-0.319083	-0.487898	0.812491
33185	5.872295	0.693639	8.397427	-0.097438	-0.040868	0.125653	0.492590	0.646719	0.582330	-0.809245	0.586535	0.033147	-0.320120	-0.487576	0.812276
33186	5.833649	0.648197	8.338638	-0.113859	-0.044422	0.124322	0.491458	0.647207	0.582746	-0.809463	0.586327	0.031475	-0.321309	-0.487180	0.812044
33187	5.880835	-0.520285	8.151452	-0.088639	-0.046677	0.090090	0.490594	0.647481	0.583168	-0.809591	0.586216	0.030209	-0.322303	-0.486948	0.811790
33188	5.895695	-0.782729	8.102594	-0.010203	-0.026189	0.024657	0.490326	0.647473	0.583403	-0.809650	0.586147	0.029959	-0.322562	-0.487042	0.811630
33189	5.910251	-0.470016	8.214951	0.034164	-0.012913	-0.021772	0.490477	0.647257	0.583516	-0.809625	0.586163	0.030342	-0.322396	-0.487311	0.811534
33190	5.847800	-0.054229	8.335836	0.067915	-0.018655	-0.048835	0.490828	0.646854	0.583667	-0.809575	0.586189	0.031154	-0.321987	-0.487814	0.811395
33191	5.571253	0.200980	8.461390	0.071589	-0.030245	-0.059005	0.491225	0.646335	0.583909	-0.809487	0.586262	0.032058	-0.321603	-0.488415	0.811186
33192	5.676516	0.392608	8.612403	0.069380	-0.069471	-0.042841	0.491364	0.645719	0.584473	-0.809471	0.586241	0.032847	-0.321432	-0.489254	0.810748
33193	5.925260	0.257889	8.423340	0.049563	-0.090765	-0.029744	0.491329	0.645074	0.585214	-0.809455	0.586231	0.033401	-0.321524	-0.490116	0.810191
33194	5.962336	-0.053898	8.339540	0.060125	-0.092809	-0.043774	0.491401	0.644337	0.585965	-0.809405	0.586259	0.034121	-0.321542	-0.491050	0.809617
33195	6.234900	0.013482	8.175431	0.090644	-0.082745	-0.063896	0.491668	0.643529	0.586628	-0.809353	0.586266	0.035208	-0.321263	-0.492100	0.809091
33196	6.248808	0.409209	8.196549	0.097630	-0.061387	-0.080358	0.492137	0.642731	0.587110	-0.809242	0.586344	0.036445	-0.320824	-0.493050	0.808686
33197	6.257760	0.778460	8.286641	0.078515	-0.040170	-0.069375	0.492586	0.642100	0.587424	-0.809124	0.586443	0.037466	-0.320434	-0.493754	0.808412
33198	6.242024	0.600766	8.290242	0.046284	-0.032837	-0.047586	0.492882	0.641633	0.587686	-0.809009	0.586561	0.038096	-0.320270	-0.494220	0.808192
33199	6.075035	0.378491	8.316405	0.039398	-0.026644	-0.039529	0.493132	0.641243	0.587901	-0.808911	0.586661	0.038626	-0.320130	-0.494607	0.808010
33200	6.069950	0.000501	8.289843	0.032730	-0.028764	-0.046709	0.493434	0.640802	0.588130	-0.808757	0.586840	0.039141	-0.320056	-0.494967	0.807819
33201	6.080689	0.083172	8.273630	0.064809	-0.026742	-0.061154	0.493859	0.640284	0.588336	-0.808633	0.586951	0.040003	-0.319711	-0.495504	0.807626
33202	6.155149	0.280240	8.180581	0.068178	-0.025162	-0.061504	0.494291	0.639773	0.588529	-0.808518	0.587049	0.040892	-0.319334	-0.496049	0.807441
33203	6.107969	0.376399	8.149511	0.071368	-0.008943	-0.064066	0.494797	0.639326	0.588589	-0.808400	0.587145	0.041824	-0.318848	-0.496510	0.807350
33204	6.065716	0.901861	8.256003	0.070622	0.000596	-0.054982	0.495259	0.638981	0.588576	-0.808324	0.587187	0.042693	-0.318324	-0.496905	0.807314
33205	6.055931	0.843592	8.360873	0.037431	-0.005851	-0.031436	0.495511	0.638741	0.588624	-0.808259	0.587243	0.043160	-0.318098	-0.497147	0.807254
33206	5.994032	0.345043	8.263624	0.022890	-0.010582	-0.020003	0.495654	0.638546	0.588716	-0.808204	0.587299	0.043438	-0.318014	-0.497333	0.807172
33207	6.002252	0.303826	8.281040	0.028438	-0.011959	-0.025921	0.495842	0.638308	0.588815	-0.808137	0.587364	0.043800	-0.317891	-0.497561	0.807080
33208	5.998768	0.210311	8.304034	0.030613	-0.014900	-0.031453	0.496065	0.638023	0.588936	-0.808049	0.587454	0.044208	-0.317767	-0.497820	0.806969
33209	5.966716	0.082379	8.251696	0.039373	-0.015794	-0.044040	0.496387	0.637660	0.589059	-0.807927	0.587579	0.044764	-0.317575	-0.498137	0.806849
33210	6.016066	0.336571	8.250259	0.046019	-0.007809	-0.050284	0.496784	0.637300	0.589114	-0.807795	0.587712	0.045408	-0.317291	-0.498441	0.806773
33211	5.841921	0.324543	8.340858	0.041141	-0.016925	-0.045427	0.497113	0.636922	0.589244	-0.807671	0.587838	0.045986	-0.317090	-0.498775	0.806646
33212	5.844731	0.366736	8.361591	0.042783	-0.029921	-0.048420	0.497425	0.636463	0.589477	-0.807537	0.587974	0.046593	-0.316943	-0.499201	0.806440
33213	5.849184	0.528733	8.348259	0.035314	-0.044690	-0.047423	0.497683	0.635935	0.589830	-0.807384	0.588140	0.047136	-0.316927	-0.499678	0.806151
33214	5.803006	0.510580	8.438814	0.028551	-0.064515	-0.042719	0.497838	0.635336	0.590344	-0.807233	0.588311	0.047594	-0.317067	-0.500239	0.805748
33215	5.962024	0.333996	8.319108	0.029965	-0.079564	-0.044025	0.497958	0.634652	0.590978	-0.807080	0.588481	0.048075	-0.317269	-0.500906	0.805254
33216	6.131355	0.555338	8.251959	0.032071	-0.088412	-0.050298	0.498099	0.633887	0.591679	-0.806902	0.588681	0.048606	-0.317500	-0.501638	0.804707
33217	6.172944	0.479650	8.295396	0.020620	-0.088325	-0.047024	0.498214	0.633141	0.592381	-0.806705	0.588917	0.049030	-0.317821	-0.502304	0.804165
33218	6.144212	0.289492	8.285443	0.024950	-0.089229	-0.049304	0.498343	0.632377	0.593088	-0.806510	0.589145	0.049499	-0.318113	-0.502999	0.803614
33219	6.196592	0.471164	8.234014	0.033100	-0.084429	-0.055303	0.498537	0.631599	0.593753	-0.806311	0.589369	0.050072	-0.318315	-0.503712	0.803088
33220	6.148387	0.559872	8.258046	0.028557	-0.085059	-0.055246	0.498727	0.630820	0.594422	-0.806097	0.589616	0.050605	-0.318558	-0.504400	0.802559
33221	6.086126	0.652606	8.300893	0.013051	-0.093237	-0.042601	0.498789	0.630071	0.595163	-0.805897	0.589860	0.050943	-0.318965	-0.505050	0.801989
33222	6.061747	0.568522	8.357074	0.001255	-0.107553	-0.035211	0.498745	0.629295	0.596021	-0.805697	0.590117	0.051139	-0.319541	-0.505718	0.801339
33223	5.996622	0.358497	8.321844	-0.005687	-0.112258	-0.036663	0.498698	0.628484	0.596916	-0.805467	0.590417	0.051292	-0.320194	-0.506375	0.800663
33224	5.949379	-0.024271	8.378610	-0.009449	-0.120445	-0.061410	0.498822	0.627485	0.597862	-0.805101	0.590893	0.051559	-0.320920	-0.507058	0.799939
33225	5.872513	-0.180562	8.474554	-0.006942	-0.133550	-0.100229	0.499215	0.626189	0.598892	-0.804550	0.591597	0.052083	-0.321689	-0.507839	0.799134
33226	5.711142	-0.018058	8.730067	-0.049011	-0.154353	-0.166669	0.500073	0.624392	0.600051	-0.803530	0.592930	0.052667	-0.322904	-0.508496	0.798226
33227	5.360306	-0.741943	8.736815	-0.096929	-0.208211	-0.239412	0.501337	0.621884	0.601599	-0.801988	0.594957	0.053312	-0.324772	-0.509202	0.797017
33228	5.107706	0.048153	9.396076	-0.105583	-0.298284	-0.301942	0.502798	0.618538	0.603825	-0.800098	0.597409	0.054267	-0.327165	-0.510404	0.795268
33229	5.287512	1.047252	9.376079	-0.036570	-0.474166	-0.278340	0.503481	0.614419	0.607450	-0.798548	0.599354	0.055642	-0.329890	-0.513093	0.792407
33230	5.573441	1.149885	9.340853	-0.141156	-0.634390	-0.233260	0.503251	0.609730	0.612347	-0.796875	0.601550	0.055925	-0.334258	-0.516108	0.788609
33231	5.626936	1.847535	9.513927	-0.105512	-0.813198	-0.152456	0.501742	0.604570	0.618668	-0.795724	0.603063	0.056014	-0.339231	-0.520394	0.783653
33232	5.657936	1.664157	9.380361	-0.126065	-1.003445	-0.056495	0.498773	0.598956	0.626480	-0.794980	0.604105	0.055360	-0.345302	-0.525651	0.777469
33233	5.673518	1.698129	9.278839	-0.129086	-1.188514	0.050768	0.494239	0.592951	0.635718	-0.794751	0.604526	0.054022	-0.352276	-0.531937	0.770029
33234	5.736810	1.307248	9.171199	-0.133608	-1.380840	0.123046	0.488358	0.586275	0.646365	-0.794849	0.604559	0.052190	-0.360168	-0.539250	0.761241
33235	5.663580	0.823126	9.182465	-0.138791	-1.572450	0.172145	0.481272	0.578743	0.658357	-0.795147	0.604352	0.050000	-0.368942	-0.547554	0.751043
33236	5.498782	-0.112643	9.254453	-0.112985	-1.782567	0.158916	0.473364	0.569833	0.671727	-0.795452	0.604106	0.048083	-0.378395	-0.557087	0.739237
33237	5.442373	-0.584452	9.350505	-0.057882	-2.022744	0.088281	0.464921	0.558958	0.686596	-0.795613	0.603975	0.047045	-0.388391	-0.568137	0.725515
33238	5.405646	-0.878118	9.250447	-0.010299	-2.273885	-0.022236	0.456162	0.545739	0.702912	-0.795438	0.604201	0.047108	-0.398991	-0.580612	0.709716
33239	5.149144	-0.801754	9.042268	0.093706	-2.551765	-0.142904	0.446993	0.529848	0.720734	-0.795141	0.604461	0.048769	-0.409815	-0.594884	0.691494
33240	5.089408	-0.744896	8.990413	0.175526	-2.866712	-0.279262	0.437319	0.510854	0.740122	-0.794602	0.604900	0.051989	-0.421141	-0.610838	0.670460
33241	4.735175	-1.316254	8.568156	0.325838	-3.207631	-0.467384	0.427354	0.488113	0.760996	-0.793940	0.605258	0.057633	-0.432467	-0.628815	0.646192
33242	6.067292	-0.867678	8.795970	0.548597	-3.536609	-0.633853	0.416918	0.461661	0.782974	-0.793633	0.604808	0.065983	-0.443087	-0.648903	0.618545
33243	7.330007	-1.094590	8.902736	0.573205	-3.775340	-0.775740	0.406148	0.432055	0.805216	-0.792979	0.604540	0.075597	-0.454123	-0.669223	0.588144
33244	8.039027	-2.579336	9.109999	0.679473	-3.867924	-0.991666	0.396261	0.399764	0.826538	-0.792087	0.604095	0.087567	-0.464302	-0.689389	0.556027
33245	9.923445	-1.804087	9.655490	0.896551	-3.945930	-1.191552	0.387221	0.364934	0.846690	-0.791586	0.602422	0.102369	-0.472706	-0.709867	0.522147
33246	10.196884	-0.355923	9.598256	0.791678	-3.983059	-1.291112	0.378440	0.328498	0.865374	-0.790386	0.601252	0.117410	-0.481739	-0.728413	0.487178
33247	10.622186	-0.869480	9.306020	0.555949	-4.058995	-1.377596	0.369549	0.290288	0.882704	-0.787909	0.601463	0.132064	-0.492578	-0.744295	0.450991
33248	11.263361	-2.625243	8.833986	0.465609	-4.114307	-1.491098	0.360787	0.250387	0.898409	-0.784748	0.602045	0.147352	-0.503987	-0.758188	0.413701
33249	11.932743	-3.878614	7.674114	0.709562	-4.140608	-1.745656	0.353414	0.208172	0.912010	-0.782089	0.600660	0.165963	-0.513260	-0.771927	0.375091
33250	12.798223	-2.839416	7.823930	0.956414	-3.965166	-1.952996	0.348201	0.165593	0.922678	-0.780141	0.596913	0.187282	-0.519746	-0.785031	0.337032
33251	11.510362	-2.561494	7.498467	1.228694	-3.589349	-2.052075	0.345506	0.124973	0.930058	-0.779393	0.590212	0.210228	-0.522659	-0.797516	0.301325
33252	8.168350	-2.738244	6.614152	1.482150	-3.395376	-2.164754	0.344642	0.085002	0.934878	-0.779635	0.580623	0.234619	-0.522869	-0.809723	0.266378
33253	4.216101	-2.075122	5.311303	1.764451	-3.252015	-2.292347	0.345577	0.045270	0.937298	-0.780894	0.567759	0.260489	-0.520367	-0.821949	0.231556
33254	0.114176	4.321025	12.090834	1.548055	-2.996620	-2.343374	0.348316	0.007329	0.937348	-0.780769	0.555630	0.285788	-0.518724	-0.831398	0.199257
33255	20.692089	8.752802	21.467326	0.016225	-1.979409	-1.948170	0.353137	-0.019984	0.935358	-0.773987	0.555410	0.304079	-0.525584	-0.831336	0.180669
33256	11.085169	2.910073	19.559898	-1.351529	0.058034	-1.274696	0.363253	-0.026647	0.931309	-0.762208	0.566353	0.313501	-0.535804	-0.823732	0.185419
33257	4.284409	-3.445923	14.835279	-1.890060	1.279769	-0.919611	0.377129	-0.021483	0.925911	-0.748550	0.581639	0.318384	-0.545386	-0.813163	0.203272
33258	0.768344	-4.820653	11.939743	-1.696677	2.054007	-0.714116	0.393704	-0.009067	0.919193	-0.736459	0.595306	0.321309	-0.550114	-0.803448	0.227696
33259	-1.396444	-3.491658	9.669676	-1.498125	2.350960	-0.585402	0.410946	0.006164	0.911639	-0.725813	0.607304	0.323074	-0.551651	-0.794445	0.254043
33260	-0.591994	-1.071633	8.804774	-1.549253	2.516742	-0.422687	0.427907	0.023462	0.903518	-0.715441	0.619662	0.322742	-0.552304	-0.784518	0.281944
33261	0.694148	-0.255742	8.389277	-1.821370	2.652445	-0.213531	0.444101	0.042738	0.894957	-0.704399	0.633948	0.319268	-0.553711	-0.772194	0.311642
33262	2.849778	-1.040783	8.076695	-1.974489	2.828355	-0.002837	0.459823	0.064385	0.885673	-0.693392	0.649123	0.312806	-0.554770	-0.757954	0.343126
33263	5.129780	-1.751116	7.902968	-1.924068	3.108573	0.180687	0.475815	0.088869	0.875044	-0.683535	0.663462	0.304299	-0.553516	-0.742914	0.376430
33264	6.238225	-1.352769	7.656874	-1.773153	3.425934	0.353174	0.492329	0.116451	0.862584	-0.675418	0.676202	0.294212	-0.549020	-0.727454	0.411567
33265	6.425473	-0.398836	7.140102	-1.667168	3.661876	0.594178	0.508319	0.146815	0.848562	-0.669256	0.687452	0.281968	-0.541948	-0.711235	0.447702
33266	6.354095	0.410981	6.788964	-1.617714	3.729860	0.870776	0.522595	0.179081	0.833561	-0.664993	0.697465	0.267070	-0.533553	-0.693882	0.483579
33267	6.991002	1.150838	6.615032	-1.612745	3.682282	1.159733	0.534393	0.212402	0.818113	-0.662548	0.706275	0.249412	-0.524837	-0.675323	0.518155
33268	8.046390	1.111914	6.403884	-1.602760	3.608651	1.396634	0.543954	0.246364	0.802134	-0.661686	0.713801	0.229478	-0.516029	-0.655586	0.551291
