// General information: 
//  MT Manager version: 2022.2.0 
//  XDA version: 2022.2.0 build 7381 rev 124627 built on 2023-07-19
// Device information: 
//  DeviceId: 00B4CB9F
//  ProductCode: MTW2-3A7G6
//  Firmware Version: 4.6.0
//  Hardware Version: 2.0.0
// Device settings: 
//  Filter Profile: human(46.1)
//  Option Flags: Orientation Smoother Disabled, Position/Velocity Smoother Disabled, Continuous Zero Rotation Update Disabled, AHS Disabled, ICC Disabled
// Coordinate system: ENU
PacketCounter	Acc_X	Acc_Y	Acc_Z	Gyr_X	Gyr_Y	Gyr_Z	Mat[1][1]	Mat[2][1]	Mat[3][1]	Mat[1][2]	Mat[2][2]	Mat[3][2]	Mat[1][3]	Mat[2][3]	Mat[3][3]
09244	6.986544	-1.972933	9.204784	-1.616256	-1.513489	-0.865490	0.477362	-0.194880	0.856824	0.375821	0.926691	0.001390	-0.794282	0.321349	0.515607
09245	7.750984	-2.105691	7.694126	-1.767279	-1.596202	-0.861429	0.461347	-0.197489	0.864960	0.393850	0.919175	-0.000202	-0.795010	0.340758	0.501840
09246	9.403858	-2.322048	4.094173	-1.660850	-1.859529	-0.867390	0.443057	-0.198873	0.874157	0.410932	0.911666	-0.000871	-0.796766	0.359605	0.485643
09247	13.806829	-3.532057	0.522831	-1.191875	-2.182095	-0.863164	0.422003	-0.198646	0.884564	0.424133	0.905599	0.001027	-0.801264	0.374739	0.466418
09248	20.307807	-4.956079	3.151277	-0.960594	-1.922565	-0.754067	0.403323	-0.198083	0.893361	0.434902	0.900472	0.003316	-0.805103	0.387187	0.449327
09249	20.986554	-6.809260	9.907639	-1.324330	-1.025465	-0.485825	0.392919	-0.198343	0.897928	0.447432	0.894316	0.001756	-0.803380	0.401072	0.440139
09250	14.347418	-9.426381	13.491086	-2.069536	-0.513288	-0.177399	0.388008	-0.197762	0.900189	0.464617	0.885493	-0.005731	-0.795978	0.420467	0.435462
09251	10.446086	-11.419295	8.804428	-2.275921	-0.809710	-0.315383	0.380087	-0.196987	0.903731	0.483804	0.875084	-0.012734	-0.788332	0.442069	0.427911
09252	9.710070	-12.826875	0.367089	-1.741300	-0.963488	-0.577109	0.369687	-0.197613	0.907899	0.499595	0.866131	-0.014908	-0.783414	0.459093	0.418924
09253	8.235468	-12.189649	-2.799210	-0.292858	-1.051815	-0.781410	0.357501	-0.199457	0.912365	0.504681	0.863259	-0.009032	-0.785805	0.463682	0.409279
09254	7.857619	-8.775170	-3.314770	1.701668	-0.884554	-0.778438	0.346623	-0.202094	0.915975	0.493892	0.869509	0.004943	-0.797448	0.450680	0.401204
09255	7.086032	-2.121512	-2.679945	3.325020	-0.647914	-0.868119	0.337202	-0.206809	0.918436	0.469986	0.882287	0.026115	-0.815725	0.422846	0.394706
09256	6.170164	5.146642	-0.718996	3.817376	-0.575758	-0.969765	0.328034	-0.213024	0.920334	0.441642	0.895801	0.049931	-0.835072	0.390078	0.387934
09257	7.536465	10.681822	1.391737	3.303239	-0.962458	-0.545033	0.317562	-0.214259	0.923714	0.415475	0.907092	0.067568	-0.852370	0.362323	0.377077
09258	11.719964	13.384216	2.093061	2.548403	-1.170206	-0.301747	0.306283	-0.212828	0.927844	0.394457	0.915445	0.079773	-0.866368	0.341562	0.364337
09259	13.855320	14.873691	1.736693	1.483530	-1.082306	-0.321023	0.295592	-0.212081	0.931476	0.382449	0.919771	0.088051	-0.875419	0.330215	0.352988
09260	13.090272	11.507113	0.726256	0.156639	-0.971998	-0.381007	0.285603	-0.212318	0.934533	0.382127	0.919507	0.092122	-0.878868	0.330800	0.343746
09261	11.217898	6.220412	0.103773	-0.978113	-0.922781	-0.397319	0.275943	-0.212803	0.937321	0.391780	0.915398	0.092488	-0.877704	0.341703	0.335970
09262	9.702807	1.349112	-0.127158	-1.488700	-0.989380	-0.311169	0.266024	-0.212132	0.940336	0.405613	0.909560	0.090440	-0.874476	0.357353	0.328009
09263	10.041274	-2.099817	-0.336719	-1.430526	-1.053542	-0.147627	0.256203	-0.209569	0.943632	0.418434	0.904054	0.087171	-0.871363	0.372514	0.319312
09264	10.451101	-4.170445	-1.355428	-0.984899	-1.042910	-0.084694	0.246755	-0.206336	0.946857	0.427170	0.900182	0.084843	-0.869849	0.383533	0.310265
09265	10.548081	-5.122726	-1.611023	-0.423741	-1.001626	-0.092262	0.237627	-0.203237	0.949857	0.431030	0.898383	0.084392	-0.870486	0.389363	0.301081
09266	9.981217	-4.861191	-1.128881	0.242771	-0.995136	-0.154237	0.228274	-0.200691	0.952688	0.429220	0.899044	0.086545	-0.873877	0.389157	0.291369
09267	9.753328	-3.338546	-0.890335	0.841311	-1.115479	-0.215726	0.217557	-0.198265	0.955699	0.422273	0.901892	0.090975	-0.879974	0.383773	0.279935
09268	9.462577	-1.247269	-0.328957	1.368510	-1.183086	-0.310374	0.205792	-0.196529	0.958659	0.410779	0.906490	0.097654	-0.888206	0.373701	0.267278
09269	9.391840	1.074188	0.360855	1.651015	-1.197376	-0.356737	0.193644	-0.195316	0.961433	0.396702	0.911882	0.105349	-0.897290	0.361002	0.254062
09270	9.112265	3.049065	0.823503	1.800831	-1.203982	-0.348149	0.181414	-0.194178	0.964046	0.381061	0.917604	0.113115	-0.906577	0.346840	0.240460
09271	8.934167	3.877931	1.670341	1.708440	-1.234195	-0.226559	0.169306	-0.192007	0.966679	0.365847	0.923003	0.119257	-0.915146	0.333466	0.226515
09272	8.928387	3.739277	2.658284	1.439551	-1.226595	-0.149014	0.157482	-0.189303	0.969208	0.352814	0.927464	0.123823	-0.922346	0.322450	0.212848
09273	8.442440	3.470005	3.301642	1.126035	-1.181668	-0.096618	0.146191	-0.186383	0.971540	0.342493	0.930891	0.127048	-0.928077	0.314172	0.199923
09274	8.939654	3.491752	3.626324	0.824367	-1.185171	-0.016476	0.135089	-0.182787	0.973827	0.334797	0.933451	0.128765	-0.932557	0.308640	0.187295
09275	9.195207	3.361173	3.924206	0.555441	-1.109042	0.031907	0.124811	-0.179027	0.975895	0.329518	0.935236	0.129425	-0.935863	0.305421	0.175721
09276	9.001835	2.927264	4.115825	0.274713	-1.029510	0.027525	0.115235	-0.175573	0.977699	0.326863	0.936146	0.129586	-0.938020	0.304640	0.165265
09277	9.220066	2.248853	4.058034	0.070644	-0.974447	-0.032016	0.105960	-0.172843	0.979233	0.326187	0.936327	0.129974	-0.939348	0.305641	0.155592
09278	9.577816	1.401440	3.940730	0.017196	-0.849588	-0.095757	0.097644	-0.171082	0.980406	0.326075	0.936238	0.130899	-0.940288	0.306904	0.147203
09279	9.228409	0.750511	3.512581	0.053364	-0.749858	-0.136113	0.090122	-0.169995	0.981315	0.325653	0.936191	0.132271	-0.941184	0.307648	0.139731
09280	9.490995	0.319094	2.976858	0.183083	-0.693178	-0.135801	0.083135	-0.169081	0.982090	0.323999	0.936546	0.133813	-0.942398	0.307072	0.132642
09281	9.269074	0.215965	2.273739	0.333529	-0.626998	-0.122166	0.076803	-0.168251	0.982748	0.320904	0.937383	0.135405	-0.943992	0.304968	0.125987
09282	8.905066	0.225235	1.525777	0.463262	-0.625807	-0.079218	0.070620	-0.167040	0.983418	0.316538	0.938677	0.136710	-0.945947	0.301635	0.119164
09283	8.975940	0.475912	1.036013	0.609416	-0.663154	-0.000995	0.064311	-0.165008	0.984193	0.310720	0.940521	0.137383	-0.948323	0.296974	0.111757
09284	8.651967	1.085269	0.625878	0.697543	-0.701873	0.078119	0.057868	-0.162152	0.985068	0.304002	0.942722	0.137323	-0.950912	0.291516	0.103848
09285	8.868775	1.819480	0.462828	0.718796	-0.789234	0.129478	0.050717	-0.158595	0.986040	0.297041	0.945026	0.136720	-0.953517	0.285960	0.095038
09286	9.198980	2.549530	0.717634	0.686489	-0.832583	0.167828	0.043242	-0.154593	0.987032	0.290362	0.947255	0.135642	-0.955939	0.280731	0.085849
09287	8.643682	3.071495	0.774965	0.606699	-0.918386	0.166831	0.034906	-0.150397	0.988009	0.284445	0.949219	0.134442	-0.958057	0.276341	0.075913
09288	9.393105	3.039818	0.904160	0.476529	-0.974322	0.144465	0.025951	-0.146293	0.988901	0.279786	0.950762	0.133308	-0.959712	0.273221	0.065604
09289	9.494305	3.018956	1.088146	0.319288	-0.919257	0.102224	0.017381	-0.142761	0.989605	0.276653	0.951799	0.132448	-0.960813	0.271475	0.056039
09290	9.638034	2.434788	1.467232	0.181141	-0.824812	0.056956	0.009590	-0.139929	0.990115	0.274859	0.952389	0.131935	-0.961437	0.270877	0.047595
09291	9.524670	1.705890	1.228185	0.157966	-0.764096	0.017545	0.002263	-0.137638	0.990480	0.273295	0.952860	0.131786	-0.961928	0.270395	0.039773
09292	9.214263	1.253001	1.023545	0.178768	-0.733153	-0.005303	-0.004826	-0.135656	0.990744	0.271531	0.953354	0.131859	-0.962418	0.269654	0.032234
09293	9.524617	1.088596	1.325901	0.211100	-0.721034	-0.008350	-0.011816	-0.133740	0.990946	0.269454	0.953930	0.131957	-0.962941	0.268574	0.024765
09294	9.505238	0.769137	1.216978	0.294978	-0.682633	0.002036	-0.018407	-0.131841	0.991100	0.266569	0.954740	0.131955	-0.963640	0.266626	0.017571
09295	10.163690	-0.201402	0.890029	0.378297	-0.693459	0.054775	-0.024975	-0.129423	0.991275	0.262891	0.955833	0.131419	-0.964502	0.263880	0.010153
09296	10.060825	-1.102048	-0.067455	0.640406	-0.694224	0.093098	-0.031454	-0.126666	0.991447	0.256693	0.957643	0.130491	-0.965981	0.258602	0.002393
09297	9.398950	-0.858310	-0.081786	0.995809	-0.738305	0.149443	-0.038246	-0.123300	0.991632	0.247072	0.960380	0.128944	-0.968242	0.249936	-0.006266
09298	8.750143	0.040139	-0.012811	1.281739	-0.786044	0.244767	-0.045298	-0.118972	0.991864	0.234703	0.963824	0.126328	-0.971011	0.238516	-0.015737
09299	9.182660	0.972378	-0.321527	1.378185	-0.831942	0.360091	-0.052596	-0.113507	0.992144	0.221435	0.967460	0.122422	-0.973756	0.226135	-0.025750
09300	10.040031	1.839798	-0.359035	1.364949	-0.883301	0.455048	-0.060253	-0.107100	0.992421	0.208341	0.970980	0.117436	-0.976199	0.213838	-0.036191
09301	9.727440	2.108901	-0.334207	1.347785	-0.863203	0.523383	-0.067663	-0.100162	0.992668	0.195462	0.974337	0.111636	-0.978374	0.201583	-0.046348
09302	10.311321	1.911964	0.078224	1.251970	-0.881794	0.571536	-0.075238	-0.092806	0.992837	0.183568	0.977354	0.105270	-0.980123	0.190174	-0.056498
09303	10.663830	1.848043	0.697504	1.143629	-0.798179	0.583402	-0.082060	-0.085567	0.992947	0.172769	0.980002	0.098729	-0.981538	0.179652	-0.065636
09304	11.158016	1.420950	1.269882	0.961882	-0.671887	0.576829	-0.087712	-0.078680	0.993034	0.163770	0.982173	0.092284	-0.982591	0.170724	-0.073263
09305	11.248333	1.154829	1.906945	0.905966	-0.561464	0.571698	-0.092352	-0.072071	0.993115	0.155338	0.984123	0.085864	-0.983535	0.162198	-0.079691
09306	11.317022	0.801724	2.707238	0.882698	-0.471671	0.569158	-0.096156	-0.065670	0.993198	0.147147	0.985920	0.079435	-0.984430	0.153784	-0.085139
09307	10.928151	0.544660	3.255022	0.831031	-0.399472	0.535466	-0.099357	-0.059736	0.993257	0.139446	0.987510	0.073339	-0.985232	0.145792	-0.089786
09308	10.715146	0.273581	3.466906	0.820002	-0.374622	0.503200	-0.102388	-0.054183	0.993268	0.131829	0.988969	0.067537	-0.985970	0.137857	-0.094116
09309	10.542153	0.161591	3.347359	0.910864	-0.365267	0.487277	-0.105404	-0.048821	0.993230	0.123311	0.990444	0.061770	-0.986754	0.128987	-0.098377
09310	10.571013	0.059877	3.246985	1.032885	-0.376155	0.478889	-0.108570	-0.043560	0.993134	0.113585	0.991953	0.055925	-0.987578	0.118876	-0.102749
09311	11.053902	0.137269	3.377266	1.152520	-0.350466	0.505377	-0.111522	-0.038095	0.993032	0.102714	0.993471	0.049647	-0.988440	0.107535	-0.106881
09312	11.371786	0.020590	3.775088	1.207166	-0.269339	0.573767	-0.113647	-0.032070	0.993004	0.091379	0.994905	0.042589	-0.989310	0.095580	-0.110137
09313	11.630090	-0.683712	4.514549	1.252747	-0.146639	0.699800	-0.114536	-0.024921	0.993106	0.079738	0.996229	0.034196	-0.990214	0.083105	-0.112117
09314	11.057184	-1.263051	5.357384	1.374033	0.031409	0.848296	-0.113618	-0.016442	0.993388	0.067049	0.997457	0.024178	-0.991260	0.069352	-0.112227
09315	10.855660	-1.492480	6.652534	1.458745	0.198026	1.004144	-0.111086	-0.006494	0.993790	0.053668	0.998480	0.012524	-0.992361	0.054726	-0.110568
09316	11.161186	-1.600451	7.974784	1.546944	0.392187	1.138374	-0.106674	0.004738	0.994283	0.039501	0.999219	-0.000524	-0.993509	0.039219	-0.106778
09317	12.134207	-1.254514	9.329426	1.654588	0.659431	1.260637	-0.099755	0.017182	0.994864	0.024313	0.999594	-0.014825	-0.994715	0.022709	-0.100132
09318	14.451669	-0.415976	11.102581	1.627717	1.081608	1.355372	-0.088768	0.030616	0.995582	0.009338	0.999509	-0.029905	-0.996009	0.006643	-0.089011
09319	16.723915	0.455774	11.968601	1.552891	1.709859	1.344368	-0.071737	0.044112	0.996448	-0.005103	0.998992	-0.044592	-0.997410	-0.008284	-0.071440
09320	15.653136	1.468055	10.448709	1.533682	2.410553	1.258823	-0.047835	0.057097	0.997222	-0.019713	0.998116	-0.058094	-0.998661	-0.022437	-0.046619
09321	12.204176	1.851385	7.890203	1.181346	2.896055	1.199665	-0.019248	0.069906	0.997368	-0.031157	0.997026	-0.070483	-0.999329	-0.032432	-0.017013
09322	10.131783	1.508720	5.862928	0.452503	3.178054	1.136595	0.012138	0.082340	0.996530	-0.035699	0.996004	-0.081862	-0.999289	-0.034582	0.015029
09323	8.735387	1.392544	4.755984	-0.383355	3.287729	0.971992	0.044609	0.093092	0.994658	-0.032192	0.995266	-0.091705	-0.998486	-0.027929	0.047395
09324	8.999203	1.471897	4.106831	-1.194887	3.179302	0.700970	0.076154	0.100760	0.991992	-0.020758	0.994826	-0.099455	-0.996880	-0.013018	0.077851
09325	10.771502	1.510910	2.268221	-1.695760	2.924847	0.393824	0.105187	0.104815	0.988913	-0.004279	0.994468	-0.104949	-0.994443	0.006808	0.105054
09326	15.399172	1.763993	-0.746099	-1.784254	2.595875	0.193959	0.130982	0.106344	0.985665	0.013140	0.993957	-0.108985	-0.991298	0.027227	0.128793
09327	18.447147	1.901472	-3.423567	-1.377786	2.569717	0.072811	0.156381	0.106206	0.981970	0.026615	0.993388	-0.111679	-0.987338	0.043600	0.152520
09328	17.669838	2.803299	-2.883563	-0.891218	2.569774	-0.095569	0.181675	0.104031	0.977840	0.035487	0.993047	-0.112242	-0.982718	0.055092	0.176720
09329	15.201225	4.442624	-1.603388	-0.574195	2.556166	-0.303671	0.206574	0.099550	0.973353	0.041651	0.993014	-0.110400	-0.977544	0.063347	0.200985
09330	13.703292	6.171586	-0.827685	-0.458457	2.458239	-0.400312	0.230367	0.093972	0.968556	0.046925	0.993096	-0.107514	-0.971972	0.070217	0.224366
09331	13.073723	6.535428	-0.512491	-0.712997	2.379550	-0.287454	0.253240	0.089387	0.963265	0.054473	0.992825	-0.106451	-0.965868	0.079430	0.246554
09332	13.558742	5.918804	-0.460817	-1.046482	2.394167	-0.244819	0.276141	0.084943	0.957356	0.065123	0.992144	-0.106814	-0.958908	0.091842	0.268440
09333	11.396859	5.118482	-0.116516	-1.496359	2.437769	-0.284395	0.299178	0.079730	0.950861	0.080174	0.990879	-0.108311	-0.950823	0.108638	0.290057
09334	12.586262	3.668863	0.361496	-2.185057	2.265777	-0.335157	0.320320	0.073720	0.944437	0.101821	0.988512	-0.111694	-0.941821	0.131942	0.309134
09335	13.807980	2.089296	-0.069341	-2.633161	2.061476	-0.369471	0.339179	0.067124	0.938324	0.127654	0.984941	-0.116602	-0.932020	0.159330	0.325502
09336	13.180785	0.667533	-1.053282	-2.861324	1.949820	-0.384052	0.356708	0.059990	0.932288	0.155437	0.980215	-0.122547	-0.921194	0.188625	0.340326
09337	12.182346	0.361421	-1.450837	-2.809785	1.903072	-0.447745	0.373343	0.051806	0.926246	0.182734	0.974771	-0.128175	-0.909518	0.217110	0.354457
09338	11.953192	-0.028765	-2.116882	-2.801540	1.942562	-0.423850	0.390059	0.043231	0.919774	0.209585	0.968509	-0.134403	-0.896620	0.245196	0.368715
09339	11.628159	-0.536810	-2.334643	-2.690730	2.126982	-0.381856	0.408103	0.034101	0.912299	0.234984	0.961709	-0.141064	-0.882176	0.271944	0.384463
09340	10.514741	-0.913493	-2.319600	-2.544869	2.179580	-0.343689	0.426320	0.024644	0.904237	0.258606	0.954587	-0.147941	-0.866819	0.296911	0.400586
09341	9.466872	-0.866869	-2.291549	-2.410962	2.134870	-0.325229	0.443759	0.015020	0.896020	0.280672	0.947225	-0.154883	-0.851059	0.320219	0.416123
09342	9.357908	-1.166351	-2.632125	-2.326995	2.086629	-0.302927	0.460470	0.005287	0.887660	0.301592	0.939566	-0.162046	-0.834871	0.342328	0.431047
09343	9.506192	-1.538606	-2.700139	-2.228039	2.096340	-0.278368	0.476911	-0.004654	0.878939	0.321253	0.931723	-0.169378	-0.818140	0.363140	0.445844
09344	8.765359	-1.751970	-2.383553	-2.092250	2.090374	-0.264606	0.492963	-0.014860	0.869923	0.339411	0.923921	-0.176553	-0.801116	0.382295	0.460503
09345	8.016683	-1.876953	-2.004329	-1.908118	2.023682	-0.245414	0.508138	-0.024970	0.860914	0.355707	0.916432	-0.183370	-0.784390	0.399410	0.474556
09346	7.482580	-1.747869	-1.643517	-1.693608	1.903637	-0.240578	0.522046	-0.034868	0.852204	0.370032	0.909494	-0.189463	-0.768469	0.414251	0.487701
09347	7.026998	-1.594165	-1.314129	-1.504311	1.772922	-0.262721	0.534536	-0.044648	0.843966	0.382808	0.903082	-0.194680	-0.753478	0.427141	0.499822
09348	6.660197	-1.346033	-1.042656	-1.358637	1.627924	-0.292691	0.545551	-0.054284	0.836318	0.394467	0.897083	-0.199092	-0.739439	0.438514	0.510818
09349	6.324009	-1.095352	-0.983217	-1.244642	1.456458	-0.353822	0.554800	-0.063850	0.829530	0.405477	0.891375	-0.202578	-0.726488	0.448746	0.520424
09350	6.155900	-0.805026	-1.231944	-1.145787	1.285853	-0.417191	0.562351	-0.073340	0.823640	0.416001	0.885923	-0.205144	-0.714635	0.457998	0.528709
09351	6.009135	-0.604036	-1.357698	-1.048425	1.104129	-0.451649	0.568273	-0.082373	0.818707	0.425933	0.880750	-0.207029	-0.704022	0.466363	0.535591
09352	5.846627	-0.926619	-1.308235	-0.894887	0.922978	-0.471011	0.572701	-0.090800	0.814720	0.434818	0.876167	-0.208004	-0.694944	0.473379	0.541263
09353	5.628370	-1.571339	-1.185049	-0.632997	0.744501	-0.499131	0.575653	-0.098646	0.811722	0.442002	0.872708	-0.207399	-0.687938	0.478173	0.545978
09354	5.121190	-2.171545	-1.051183	-0.389989	0.581179	-0.529955	0.577277	-0.106003	0.809639	0.447670	0.870326	-0.205243	-0.682893	0.480933	0.549873
09355	4.219776	-2.411180	-0.955539	-0.164297	0.364971	-0.543845	0.577311	-0.112429	0.808747	0.451872	0.868968	-0.201760	-0.680091	0.481928	0.552468
09356	3.769537	-2.628117	-1.064919	-0.034895	0.086236	-0.500106	0.575627	-0.117139	0.809279	0.454932	0.868256	-0.197911	-0.679478	0.482090	0.553082
09357	3.650770	-3.285840	-1.257084	0.073283	-0.127033	-0.408519	0.572895	-0.120013	0.810795	0.456722	0.868152	-0.194210	-0.680586	0.481570	0.552172
09358	3.818854	-4.183331	-1.124419	0.225813	-0.321901	-0.310334	0.569278	-0.121109	0.813176	0.456896	0.868893	-0.190451	-0.683498	0.479956	0.549976
09359	4.145453	-5.053680	-0.192680	0.534061	-0.470112	-0.249136	0.564910	-0.120969	0.816237	0.454586	0.871171	-0.185505	-0.688642	0.475844	0.547125
09360	3.747424	-4.674426	1.293490	0.964470	-0.616732	-0.320140	0.559187	-0.120799	0.820193	0.449647	0.875365	-0.177633	-0.696511	0.468128	0.543810
09361	3.239697	-3.737859	2.445604	1.284536	-0.850396	-0.519300	0.550892	-0.121361	0.825705	0.443457	0.880710	-0.166419	-0.707010	0.457844	0.538995
09362	4.286137	-2.931894	4.006358	1.518206	-1.180615	-0.827889	0.538817	-0.123286	0.833353	0.437075	0.886585	-0.151436	-0.720168	0.445834	0.531593
09363	6.340364	-2.512265	6.845667	1.634945	-1.372155	-1.103489	0.524037	-0.127013	0.842172	0.430988	0.892414	-0.133590	-0.734598	0.432972	0.522399
09364	8.921981	-2.035845	9.533439	1.670537	-1.412739	-1.292165	0.508019	-0.132500	0.851094	0.425203	0.897887	-0.114020	-0.749079	0.419812	0.512483
09365	12.006952	-1.739674	11.553677	1.583332	-1.230242	-1.331240	0.493087	-0.139338	0.858749	0.419846	0.902650	-0.094611	-0.761967	0.407194	0.503586
09366	14.240723	-1.329368	12.913355	1.507904	-0.889404	-1.211489	0.481206	-0.146679	0.864249	0.414118	0.906991	-0.076644	-0.772623	0.394783	0.497192
09367	14.422975	-0.780667	14.080265	1.205310	-0.503543	-1.031707	0.473035	-0.154032	0.867475	0.409625	0.910161	-0.061758	-0.780029	0.384553	0.493633
09368	12.145844	-1.531893	14.891266	0.688818	-0.177658	-0.907750	0.467930	-0.161569	0.868871	0.408450	0.911383	-0.050497	-0.783715	0.378520	0.492456
09369	7.979844	-3.692120	14.577203	0.460114	0.124934	-0.719038	0.465961	-0.168536	0.868606	0.408141	0.911952	-0.042000	-0.785048	0.374084	0.493721
09370	1.897796	-5.438598	12.719882	0.629108	0.036878	-0.571403	0.463928	-0.173835	0.868650	0.405790	0.913335	-0.033947	-0.787467	0.368239	0.494262
09371	-1.421621	-3.970491	7.732710	0.955408	-0.618791	-0.681982	0.456268	-0.177759	0.871906	0.401315	0.915643	-0.023332	-0.794207	0.360555	0.489116
09372	1.085943	-1.135557	-1.650825	1.334546	-1.709010	-0.979561	0.438692	-0.180607	0.880301	0.394950	0.918665	-0.008343	-0.807195	0.351335	0.474341
09373	9.000935	0.777421	-8.919588	1.409371	-2.128570	-0.707728	0.418573	-0.179683	0.890231	0.386446	0.922301	0.004455	-0.821862	0.342161	0.455488
09374	14.064015	0.656184	-6.018758	1.233909	-1.935531	-0.297897	0.401406	-0.175837	0.898863	0.377388	0.925970	0.012609	-0.834537	0.334158	0.438049
09375	14.942408	1.585012	5.030049	0.001427	-1.170929	0.026213	0.391689	-0.171613	0.903952	0.377215	0.926043	0.012357	-0.839219	0.336144	0.427456
09376	10.739078	2.082452	12.744035	-1.414315	-0.729940	-0.003327	0.385557	-0.169083	0.907059	0.389020	0.921207	0.006362	-0.836665	0.350412	0.420955
09377	11.265093	2.742994	12.073301	-2.452824	-1.094059	-0.281392	0.375293	-0.167637	0.911621	0.410490	0.911864	-0.001307	-0.831055	0.374701	0.411030
09378	17.311180	-2.019034	7.398262	-3.301310	-1.358850	-0.080491	0.363723	-0.163003	0.917135	0.438020	0.898857	-0.013957	-0.822098	0.406799	0.398333
09379	18.451665	-10.395592	3.952499	-2.976565	-0.983161	0.425699	0.357588	-0.155005	0.920926	0.460756	0.887033	-0.029608	-0.812302	0.434910	0.388612
09380	13.190513	-13.661068	2.118357	-0.860277	-0.677829	-0.187873	0.351222	-0.153632	0.923602	0.468346	0.882993	-0.031223	-0.810737	0.443531	0.382079
09381	10.086574	-9.277832	0.568615	1.027644	-0.516375	-0.579777	0.344310	-0.156434	0.925732	0.461943	0.886637	-0.021984	-0.817349	0.435205	0.377541
09382	7.494775	-3.326140	-0.552875	2.737254	-0.328555	-0.970682	0.337219	-0.163633	0.927096	0.442634	0.896698	-0.002735	-0.830878	0.411286	0.374813
09383	5.498295	4.469717	-1.664802	3.423731	-0.261127	-1.459439	0.328728	-0.175709	0.927935	0.418722	0.907809	0.023563	-0.846528	0.380801	0.371996
09384	6.264574	9.956288	-1.328952	2.787083	-0.749183	-0.725334	0.319377	-0.179499	0.930472	0.397227	0.916825	0.040522	-0.860354	0.356667	0.364115
09385	9.412955	9.260965	-2.308662	1.882537	-1.083836	-0.268076	0.308932	-0.178126	0.934255	0.381717	0.922940	0.049745	-0.871122	0.341253	0.353119
09386	11.001336	10.875296	-0.478788	0.969801	-1.174708	-0.162994	0.298034	-0.175605	0.938263	0.373672	0.925952	0.054606	-0.878376	0.334329	0.341584
09387	11.970597	10.232590	-1.191319	0.081863	-1.257464	-0.247109	0.286022	-0.173623	0.942362	0.373620	0.925818	0.057176	-0.882383	0.335731	0.329673
09388	12.694734	7.664665	-2.065708	-0.851384	-1.354159	-0.392060	0.272575	-0.172578	0.946530	0.382176	0.922262	0.058097	-0.882975	0.345905	0.317340
09389	12.551853	3.046964	-2.770471	-1.550890	-1.381094	-0.377949	0.258906	-0.171102	0.950627	0.396804	0.916143	0.056825	-0.880633	0.362500	0.305089
09390	10.807417	-1.452033	-2.921703	-1.732562	-1.319569	-0.373329	0.245781	-0.169555	0.954381	0.412921	0.909094	0.055170	-0.876977	0.380524	0.293450
09391	9.890603	-3.837480	-1.552422	-1.445548	-1.297758	-0.451776	0.232506	-0.168552	0.957879	0.426606	0.902745	0.055300	-0.874041	0.395780	0.281798
09392	9.601228	-4.363864	-0.582440	-0.931053	-1.260940	-0.367618	0.219889	-0.166749	0.961168	0.435521	0.898421	0.056228	-0.872909	0.406244	0.270175
09393	10.227145	-4.097747	-0.517186	-0.347845	-1.203029	-0.234543	0.208340	-0.163878	0.964230	0.439011	0.896638	0.057533	-0.873993	0.411321	0.258750
09394	9.753533	-3.451536	-0.245088	0.295978	-1.208615	-0.201049	0.196855	-0.160653	0.967181	0.436777	0.897554	0.060189	-0.877766	0.410594	0.246858
09395	8.748213	-2.073107	0.522357	0.905533	-1.280914	-0.263173	0.184415	-0.157741	0.970108	0.429252	0.900851	0.064880	-0.884157	0.404456	0.233841
09396	8.721650	0.032342	1.353389	1.309269	-1.345622	-0.349006	0.170965	-0.155452	0.972937	0.418195	0.905562	0.071202	-0.892123	0.394704	0.219829
09397	8.795623	2.306988	2.014165	1.540464	-1.360698	-0.372454	0.157216	-0.153487	0.975564	0.404948	0.911001	0.078070	-0.900722	0.382779	0.205379
09398	8.917880	3.896880	2.465092	1.517730	-1.360633	-0.250075	0.143887	-0.150581	0.978070	0.391544	0.916365	0.083480	-0.908840	0.370946	0.190812
09399	9.061653	4.313003	3.102916	1.230294	-1.371840	-0.106615	0.130942	-0.146477	0.980509	0.380420	0.920737	0.086745	-0.915497	0.361646	0.176286
09400	8.896810	4.038319	3.177245	0.875838	-1.364713	-0.020024	0.118315	-0.141708	0.982813	0.372357	0.923872	0.088384	-0.920517	0.355500	0.162074
09401	8.753780	3.035655	2.765539	0.542126	-1.322268	0.005753	0.106120	-0.136917	0.984882	0.367303	0.925821	0.089130	-0.924028	0.352291	0.148539
09402	8.798940	1.962394	2.570655	0.292447	-1.302176	0.013868	0.094098	-0.132150	0.986753	0.364537	0.926890	0.089370	-0.926422	0.351298	0.135392
09403	9.436273	0.944425	2.164060	0.156938	-1.290073	0.001670	0.082120	-0.127544	0.988427	0.363033	0.927466	0.089516	-0.928150	0.351481	0.122467
09404	9.362843	-0.311725	1.559829	0.231207	-1.216000	-0.030967	0.070687	-0.123504	0.989823	0.360863	0.928261	0.090052	-0.929936	0.350826	0.110184
09405	9.507273	-0.446914	2.107172	0.438369	-1.173088	-0.025501	0.059651	-0.119583	0.991031	0.356753	0.929784	0.090720	-0.932292	0.348141	0.098124
09406	9.302329	0.213606	1.963658	0.651135	-1.105106	-0.006507	0.049285	-0.115765	0.992053	0.350631	0.932048	0.091344	-0.935216	0.343343	0.086527
09407	8.658727	1.346171	1.708908	0.745711	-1.108032	0.024405	0.038968	-0.111707	0.992977	0.343590	0.934636	0.091660	-0.938311	0.337605	0.074802
09408	9.255516	2.315279	1.613804	0.686128	-1.150861	0.060568	0.028336	-0.107228	0.993831	0.337078	0.937021	0.091488	-0.941050	0.332406	0.062695
09409	9.150447	2.428222	0.741338	0.600664	-1.179044	0.081628	0.017476	-0.102511	0.994578	0.331356	0.939110	0.090972	-0.943344	0.327969	0.050380
09410	9.365679	2.029329	-0.109317	0.444752	-1.218750	0.124918	0.006356	-0.097303	0.995235	0.327098	0.940706	0.089883	-0.944969	0.324968	0.037807
09411	9.997031	1.253313	-0.378575	0.310148	-1.249762	0.139848	-0.005029	-0.091879	0.995758	0.324122	0.941863	0.088543	-0.946002	0.323192	0.025043
09412	9.478538	0.694418	-0.495026	0.366799	-1.272354	0.128530	-0.016683	-0.086515	0.996111	0.320621	0.943177	0.087287	-0.947061	0.320831	0.012003
09413	9.624100	0.106587	-0.212922	0.442354	-1.298691	0.147604	-0.028544	-0.080918	0.996312	0.316421	0.944731	0.085794	-0.948189	0.317703	-0.001362
09414	9.986669	-0.336991	0.071779	0.538087	-1.289836	0.186700	-0.040223	-0.075025	0.996370	0.311338	0.946593	0.083846	-0.949448	0.313580	-0.014716
09415	10.978950	-0.968129	0.878817	0.666841	-1.209965	0.264120	-0.050931	-0.068704	0.996336	0.305081	0.948873	0.081026	-0.950964	0.308090	-0.027367
09416	10.997328	-1.025454	2.008007	1.009992	-1.052385	0.362737	-0.059888	-0.062004	0.996277	0.295624	0.952194	0.077031	-0.953425	0.299137	-0.038695
09417	10.903711	-0.264746	3.232150	1.299816	-0.862571	0.448958	-0.066852	-0.055135	0.996238	0.283454	0.956283	0.071944	-0.956653	0.287197	-0.048302
09418	9.791730	1.144136	4.595844	1.437923	-0.685160	0.455904	-0.072182	-0.048787	0.996198	0.269949	0.960569	0.066602	-0.960165	0.273730	-0.056166
09419	9.121883	2.382048	4.876137	1.324272	-0.633505	0.368537	-0.077330	-0.043490	0.996057	0.257448	0.964295	0.062090	-0.963193	0.261234	-0.063373
09420	9.488195	2.199227	3.568002	1.118285	-0.664629	0.286491	-0.083039	-0.038968	0.995784	0.246853	0.967289	0.058438	-0.965489	0.250665	-0.070703
09421	9.795574	1.481692	2.117717	1.099058	-0.783545	0.289435	-0.089941	-0.034186	0.995360	0.236441	0.970106	0.054683	-0.967474	0.240262	-0.079169
09422	10.810499	0.569662	1.495663	1.190832	-0.905389	0.363115	-0.097892	-0.028483	0.994789	0.225209	0.973026	0.050021	-0.969380	0.228932	-0.088837
09423	10.674171	0.139778	1.416370	1.387183	-0.923494	0.468662	-0.105858	-0.021807	0.994142	0.212185	0.976238	0.044009	-0.971479	0.215601	-0.098716
09424	11.856651	0.306318	2.600270	1.333986	-0.804693	0.548913	-0.112573	-0.014708	0.993535	0.199772	0.979139	0.037130	-0.973354	0.202660	-0.107286
09425	12.414102	0.388388	3.186215	1.116351	-0.497774	0.537038	-0.116408	-0.008408	0.993166	0.189472	0.981412	0.030516	-0.974961	0.191730	-0.112651
09426	12.064220	-0.006848	3.858772	0.771597	-0.213899	0.496379	-0.117589	-0.003082	0.993058	0.182485	0.982899	0.024659	-0.976152	0.184118	-0.115016
09427	11.888818	-0.972886	6.045095	0.502871	0.010181	0.480086	-0.116656	0.001674	0.993171	0.178097	0.983824	0.019261	-0.977074	0.179128	-0.115067
09428	11.140132	-2.299019	8.202993	0.509188	0.289225	0.466527	-0.113020	0.005802	0.993576	0.173613	0.984715	0.013998	-0.978307	0.174079	-0.112300
09429	10.141107	-2.961472	9.595317	0.826427	0.496954	0.456589	-0.107411	0.009510	0.994169	0.165983	0.986092	0.008500	-0.980261	0.165929	-0.107495
09430	9.944083	-3.397356	10.162117	1.119520	0.738084	0.579843	-0.099238	0.014097	0.994964	0.155549	0.987827	0.001519	-0.982831	0.154917	-0.100223
09431	10.377649	-3.401193	10.588642	1.321733	1.034566	0.721688	-0.088010	0.019749	0.995924	0.143174	0.989673	-0.006973	-0.985776	0.141977	-0.089929
09432	10.454101	-3.419295	10.562851	1.398557	1.407984	0.866351	-0.072921	0.026476	0.996986	0.130015	0.991369	-0.016817	-0.988827	0.128397	-0.075734
09433	9.935611	-2.708212	10.445935	1.417332	1.729187	1.017140	-0.054578	0.034516	0.997913	0.116585	0.992787	-0.027962	-0.991680	0.114816	-0.058208
09434	9.476953	-1.067440	10.512924	1.464956	2.047545	1.133382	-0.032992	0.043614	0.998504	0.102482	0.993929	-0.040028	-0.994188	0.101008	-0.037261
09435	11.601684	0.634892	10.242743	1.389432	2.404485	1.199107	-0.007952	0.053312	0.998546	0.088856	0.994665	-0.052397	-0.996013	0.088310	-0.012647
09436	13.769342	2.816041	9.001319	1.345425	2.862546	1.171909	0.021557	0.062659	0.997802	0.075309	0.995097	-0.064116	-0.996927	0.076526	0.016733
09437	13.610996	4.572254	8.272443	0.918105	3.259617	1.076380	0.054768	0.071040	0.995969	0.065700	0.995048	-0.074587	-0.996335	0.069520	0.049830
09438	11.234095	4.562534	5.569619	0.258497	3.400813	0.941447	0.089245	0.078086	0.992944	0.062385	0.994526	-0.083818	-0.994054	0.069425	0.083885
09439	10.566303	3.927244	0.471626	-0.418771	3.106255	0.632611	0.120439	0.082166	0.989314	0.065827	0.993714	-0.090545	-0.990536	0.076029	0.114273
09440	14.510495	2.091068	-2.336850	-1.105577	3.148888	0.516165	0.151947	0.084724	0.984751	0.075980	0.992370	-0.097103	-0.985464	0.089576	0.144350
09441	16.479275	1.194216	-2.035561	-0.984361	3.197966	0.270226	0.183547	0.084391	0.979382	0.085145	0.991199	-0.101367	-0.979316	0.101995	0.174746
09442	19.233406	0.861116	-1.332243	-0.572317	3.080035	0.071237	0.213698	0.081868	0.973463	0.090520	0.990536	-0.103175	-0.972697	0.110166	0.204265
09443	19.465038	2.272674	-1.026987	0.174579	3.056743	-0.177102	0.243134	0.076787	0.966949	0.089178	0.990870	-0.101109	-0.965885	0.110813	0.234067
09444	17.293579	4.648246	-0.377467	0.455313	2.867186	-0.297592	0.270490	0.070731	0.960121	0.085489	0.991593	-0.097134	-0.958920	0.108354	0.262169
09445	17.505244	6.453864	-1.016139	0.198165	2.592826	-0.306360	0.294966	0.064937	0.953299	0.084405	0.992017	-0.093691	-0.951772	0.108099	0.287130
09446	14.437445	7.102230	-0.426195	-0.391927	2.624097	-0.456981	0.319450	0.057527	0.945855	0.089453	0.991868	-0.090537	-0.943372	0.113532	0.311706
09447	13.810672	7.228942	1.350509	-1.442357	2.384493	-0.509537	0.341307	0.049635	0.938640	0.104619	0.990394	-0.090413	-0.934111	0.129058	0.332836
09448	15.177794	5.106802	1.380761	-2.453472	2.313449	-0.574053	0.362133	0.040706	0.931237	0.129354	0.987185	-0.093454	-0.923107	0.154302	0.352227
09449	16.356279	3.671507	0.772395	-3.065943	2.278042	-0.577413	0.382152	0.031205	0.923572	0.159551	0.982192	-0.099204	-0.910221	0.185268	0.370368
09450	15.641938	1.049502	-1.202590	-3.159885	2.239181	-0.351882	0.401774	0.023282	0.915443	0.189401	0.975948	-0.107945	-0.895938	0.216755	0.387701
09451	13.356783	-1.556897	-2.313183	-2.865646	2.248428	-0.122994	0.421475	0.016948	0.906681	0.215309	0.969365	-0.118207	-0.880909	0.245038	0.404915
09452	12.603009	-3.315605	-2.852793	-2.467928	2.238003	-0.017560	0.440990	0.011051	0.897444	0.236870	0.963039	-0.128252	-0.865691	0.269135	0.422073
09453	12.035736	-4.520311	-2.985469	-2.110128	2.302779	0.015404	0.460762	0.004822	0.887511	0.254845	0.957155	-0.137506	-0.850149	0.289535	0.439792
09454	10.997003	-5.275976	-3.249566	-1.658572	2.289398	0.041217	0.480166	-0.001563	0.877176	0.268558	0.952240	-0.145312	-0.835055	0.305347	0.457653
09455	10.041820	-5.452912	-3.446804	-1.221350	2.192625	0.049068	0.498436	-0.007861	0.866891	0.278371	0.948457	-0.151455	-0.821018	0.316808	0.474933
09456	9.523062	-5.095306	-3.584019	-0.805629	2.086928	0.033207	0.515532	-0.014197	0.856753	0.284698	0.945899	-0.155636	-0.808192	0.324151	0.491683
09457	8.312453	-4.012442	-3.626748	-0.399107	1.931855	-0.037700	0.530909	-0.020791	0.847174	0.288037	0.944607	-0.157326	-0.796975	0.327543	0.507489
09458	7.524948	-2.676296	-3.878186	-0.128682	1.726925	-0.153394	0.544144	-0.027861	0.838529	0.289815	0.944168	-0.156697	-0.787347	0.328284	0.521838
09459	6.794788	-1.224218	-3.714362	-0.008196	1.524067	-0.299662	0.555190	-0.035632	0.830960	0.291464	0.944063	-0.154254	-0.778981	0.327836	0.534520
09460	6.093710	-0.082166	-3.210671	-0.088166	1.337244	-0.416097	0.564330	-0.043901	0.824381	0.294412	0.943628	-0.151288	-0.771267	0.328084	0.545442
09461	5.529503	1.325322	-2.591457	-0.207980	1.140231	-0.616182	0.571237	-0.053404	0.819046	0.299446	0.942662	-0.147382	-0.764213	0.329450	0.554474
09462	5.560824	2.283506	-2.110624	-0.391109	0.959824	-0.760046	0.576226	-0.063694	0.814805	0.306719	0.940943	-0.143355	-0.757554	0.332521	0.561732
09463	5.544870	2.689340	-2.003338	-0.554480	0.842744	-0.879860	0.579827	-0.074727	0.811306	0.315926	0.938496	-0.139345	-0.750994	0.337108	0.567773
09464	5.345578	2.875360	-2.231050	-0.677414	0.730975	-0.960157	0.582195	-0.086165	0.808470	0.326508	0.935442	-0.135428	-0.744608	0.342818	0.572744
09465	5.254512	2.156006	-2.339757	-0.797850	0.635251	-0.936376	0.583780	-0.097049	0.806090	0.337822	0.931842	-0.132466	-0.738293	0.349646	0.576776
09466	5.362168	0.375097	-2.264246	-0.693709	0.567084	-0.836247	0.585068	-0.106785	0.803923	0.347751	0.928567	-0.129740	-0.732642	0.355472	0.580410
09467	5.207352	-1.139915	-2.218241	-0.428109	0.487143	-0.688359	0.586195	-0.114851	0.801988	0.354849	0.926296	-0.126716	-0.728325	0.358865	0.583745
09468	4.305220	-2.503222	-1.564204	-0.144554	0.390998	-0.552151	0.587048	-0.121324	0.800410	0.359081	0.925149	-0.123130	-0.725559	0.359695	0.586671
09469	2.769605	-3.538964	0.102256	0.138619	0.163079	-0.512092	0.586374	-0.126589	0.800088	0.361019	0.925034	-0.118229	-0.725142	0.358173	0.588116
09470	0.848208	-3.451466	2.586977	0.350365	-0.208154	-0.714591	0.582257	-0.132412	0.802150	0.362591	0.925381	-0.110440	-0.727671	0.355157	0.586821
09471	-0.785496	-2.455939	5.980418	0.710369	-0.733758	-1.145319	0.572718	-0.140373	0.807644	0.363952	0.926345	-0.097082	-0.734529	0.349544	0.581623
09472	0.051290	-1.120995	7.932252	1.045164	-1.275848	-1.613972	0.557374	-0.150879	0.816437	0.365277	0.927630	-0.077944	-0.745592	0.341670	0.572149
09473	2.911361	-1.770611	8.272888	1.099428	-1.518482	-1.870059	0.539094	-0.163048	0.826313	0.367205	0.928431	-0.056369	-0.757983	0.333814	0.560384
09474	6.003648	-2.799428	9.117935	1.147385	-1.485000	-1.822836	0.521033	-0.175038	0.835396	0.368041	0.929156	-0.034862	-0.770111	0.325624	0.548542
09475	8.767037	-2.312612	11.558141	0.858867	-1.349774	-1.499316	0.505029	-0.184556	0.843140	0.369015	0.929256	-0.017629	-0.780239	0.320035	0.537405
09476	11.370215	-1.462515	14.282129	0.261138	-1.286910	-1.038844	0.491081	-0.190041	0.850132	0.372083	0.928170	-0.007449	-0.787651	0.319977	0.526517
09477	13.854242	-1.208306	15.930821	-0.412499	-1.106403	-0.485512	0.480510	-0.190912	0.855957	0.377639	0.925937	-0.005476	-0.791517	0.325874	0.517018
09478	11.983929	-2.596034	16.309156	-0.838908	-0.651932	0.053489	0.475550	-0.188219	0.859317	0.383964	0.923291	-0.010256	-0.791470	0.334824	0.511340
09479	8.205686	-5.351968	15.860741	-0.950282	-0.197150	0.383277	0.475460	-0.183959	0.860289	0.389591	0.920804	-0.018418	-0.788769	0.343918	0.509474
09480	2.976616	-6.785454	13.166512	-0.812228	-0.075464	0.134382	0.475398	-0.182415	0.860652	0.395287	0.918252	-0.023721	-0.785968	0.351481	0.508641
09481	-1.358103	-4.415854	3.883302	-0.341512	-0.817510	-0.824770	0.465662	-0.187028	0.864974	0.401798	0.915545	-0.018347	-0.788491	0.356088	0.501482
09482	4.273728	-1.821087	-13.056546	0.405358	-1.946525	-1.526972	0.444060	-0.194018	0.874739	0.405465	0.914106	-0.003084	-0.799005	0.356045	0.484585
09483	10.217722	0.162207	-17.161363	0.827011	-1.788959	-1.202830	0.424783	-0.198627	0.883237	0.403979	0.914697	0.011412	-0.810161	0.351961	0.468789
09484	11.235521	1.660515	-1.804121	0.812657	-1.197696	-0.858483	0.411574	-0.202246	0.888653	0.400893	0.915842	0.022763	-0.818469	0.346886	0.458016
09485	10.667024	2.165806	11.291589	0.340046	-0.400996	-0.380140	0.406750	-0.204285	0.890406	0.399603	0.916270	0.027674	-0.821506	0.344553	0.454325
09486	10.599520	4.988999	18.378206	-0.865115	-0.104093	-0.402459	0.404268	-0.207550	0.890781	0.408272	0.912452	0.027311	-0.818463	0.352640	0.453612
09487	17.682816	2.478695	19.812923	-3.516844	-0.786480	-0.134306	0.397295	-0.205804	0.894316	0.437336	0.899209	0.012646	-0.806780	0.386093	0.447256
09488	23.688404	-6.434710	10.161852	-4.493623	-0.791322	0.420199	0.392896	-0.198793	0.897838	0.471490	0.881802	-0.011082	-0.789512	0.427676	0.440186
09489	17.461305	-11.716972	2.881738	-2.297196	-0.176128	-0.021056	0.391404	-0.198148	0.898633	0.489537	0.871729	-0.021005	-0.779202	0.448136	0.438199
09490	13.604391	-7.391117	1.439777	-0.168751	0.221311	-0.279178	0.391769	-0.201516	0.897724	0.491887	0.870446	-0.019268	-0.777537	0.449127	0.440137
09491	7.082325	-3.305136	-3.108550	1.694126	0.546461	-1.001989	0.391144	-0.212617	0.895433	0.482531	0.875875	-0.002807	-0.783690	0.433172	0.445187
09492	4.643885	3.712447	-7.957789	2.386521	0.264983	-1.438257	0.386399	-0.226322	0.894133	0.469238	0.882829	0.020680	-0.794047	0.411570	0.447324
09493	7.809714	4.887916	-8.724349	2.046048	-0.598767	0.106954	0.382091	-0.222901	0.896840	0.452405	0.891348	0.028793	-0.805814	0.394733	0.441418
09494	10.802216	2.543052	-9.292227	1.792835	-0.784435	0.291801	0.377021	-0.217187	0.900380	0.436696	0.898967	0.033986	-0.816794	0.380379	0.433774
09495	10.899609	5.265125	-6.449920	1.866472	-1.070198	0.125611	0.368740	-0.212003	0.905034	0.420815	0.906227	0.040829	-0.828822	0.365796	0.423376
09496	13.907609	6.258314	-5.695533	1.520355	-1.445136	0.209266	0.357527	-0.204830	0.911163	0.407310	0.912169	0.045233	-0.840400	0.354954	0.409555
09497	16.250959	6.410593	-3.946188	0.871438	-1.407456	0.048405	0.345819	-0.199370	0.916876	0.399724	0.915363	0.048277	-0.848899	0.349802	0.396243
09498	15.055049	4.847346	-2.237350	-0.100790	-1.295099	-0.197054	0.333979	-0.196560	0.921858	0.401198	0.914644	0.049672	-0.852935	0.353258	0.384331
09499	13.516854	2.194985	-1.321535	-0.746260	-1.249731	-0.414248	0.321619	-0.195812	0.926401	0.408871	0.911186	0.050648	-0.854041	0.362489	0.373116
09500	11.899243	0.368715	-0.714161	-0.822986	-1.263581	-0.530988	0.308592	-0.195935	0.930796	0.417523	0.907146	0.052533	-0.854661	0.372418	0.361745
09501	9.867677	-0.707007	-0.355937	-0.551026	-1.251235	-0.545048	0.295580	-0.196107	0.934973	0.423830	0.904032	0.055628	-0.856154	0.379827	0.350330
09502	8.514309	-0.732914	0.210132	-0.137602	-1.363379	-0.447567	0.281941	-0.194881	0.939431	0.426252	0.902657	0.059326	-0.859545	0.383708	0.337564
09503	7.935913	-0.375507	1.151011	0.301144	-1.461439	-0.314249	0.267988	-0.192052	0.944086	0.424468	0.903231	0.063252	-0.864876	0.383783	0.323575
09504	8.454816	0.562514	2.314035	0.657740	-1.508359	-0.268652	0.253714	-0.188650	0.948705	0.419407	0.905259	0.067848	-0.871623	0.380679	0.308798
09505	8.649440	1.745569	3.256756	0.919518	-1.535428	-0.290900	0.239046	-0.185427	0.953139	0.412022	0.908216	0.073352	-0.879258	0.375180	0.293506
09506	7.826562	2.785702	3.757705	1.043792	-1.609090	-0.313543	0.223510	-0.182230	0.957515	0.403478	0.911547	0.079299	-0.887270	0.368612	0.277266
09507	7.676572	3.312112	3.675552	1.049829	-1.752799	-0.296128	0.206688	-0.178472	0.961992	0.394707	0.914874	0.084926	-0.895258	0.362152	0.259537
09508	7.759271	3.494422	4.114204	0.964300	-1.797822	-0.245712	0.189520	-0.174201	0.966300	0.386476	0.917929	0.089682	-0.902618	0.356455	0.241290
09509	8.272571	3.027578	4.051853	0.716484	-1.809605	-0.143846	0.172560	-0.169047	0.970385	0.380197	0.920248	0.092703	-0.908666	0.352941	0.223069
09510	8.273277	2.095205	4.240600	0.348250	-1.772970	-0.081593	0.156056	-0.163483	0.974125	0.377111	0.921364	0.094215	-0.912926	0.352650	0.205436
09511	8.709234	0.634034	4.896172	-0.004995	-1.710544	-0.041848	0.140240	-0.157755	0.977469	0.377170	0.921302	0.094576	-0.915465	0.355409	0.188704
