// General information: 
//  MT Manager version: 2022.2.0 
//  XDA version: 2022.2.0 build 7381 rev 124627 built on 2023-07-19
// Device information: 
//  DeviceId: 00B4CB9F
//  ProductCode: MTW2-3A7G6
//  Firmware Version: 4.6.0
//  Hardware Version: 2.0.0
// Device settings: 
//  Filter Profile: human(46.1)
//  Option Flags: Orientation Smoother Disabled, Position/Velocity Smoother Disabled, Continuous Zero Rotation Update Disabled, AHS Disabled, ICC Disabled
// Coordinate system: ENU
PacketCounter	Acc_X	Acc_Y	Acc_Z	Gyr_X	Gyr_Y	Gyr_Z	Mat[1][1]	Mat[2][1]	Mat[3][1]	Mat[1][2]	Mat[2][2]	Mat[3][2]	Mat[1][3]	Mat[2][3]	Mat[3][3]
60780	9.201256	0.361888	3.298443	0.009225	0.013247	-0.002866	-0.312482	-0.070305	0.947318	0.324161	-0.945287	0.036773	0.892902	0.318575	0.318176
60781	9.156434	0.379626	3.310204	-0.002554	0.011172	-0.004526	-0.312552	-0.070325	0.947294	0.324167	-0.945285	0.036780	0.892876	0.318577	0.318247
60782	9.150368	0.299218	3.306682	-0.006687	0.012659	-0.003925	-0.312612	-0.070355	0.947272	0.324153	-0.945290	0.036768	0.892860	0.318555	0.318315
60783	9.172148	0.290898	3.302509	-0.010656	0.011862	-0.009354	-0.312699	-0.070327	0.947245	0.324067	-0.945318	0.036795	0.892860	0.318476	0.318391
60784	9.165693	0.318147	3.235754	-0.008101	0.015003	-0.013486	-0.312812	-0.070274	0.947212	0.324011	-0.945335	0.036868	0.892841	0.318440	0.318481
60785	9.158704	0.322348	3.318273	-0.001432	0.025117	-0.012214	-0.313035	-0.070255	0.947139	0.323992	-0.945338	0.036959	0.892770	0.318435	0.318686
60786	9.169689	0.335624	3.350764	-0.000586	0.028987	-0.011589	-0.313267	-0.070264	0.947062	0.324009	-0.945329	0.037039	0.892683	0.318460	0.318906
60787	9.208625	0.379140	3.340545	-0.002441	0.037862	-0.015457	-0.313606	-0.070262	0.946950	0.323976	-0.945336	0.037151	0.892575	0.318440	0.319226
60788	9.239458	0.392553	3.346100	-0.007586	0.037769	-0.009450	-0.313908	-0.070319	0.946846	0.323937	-0.945347	0.037188	0.892483	0.318392	0.319531
60789	9.230641	0.321139	3.322210	-0.014454	0.036127	-0.006947	-0.314207	-0.070396	0.946741	0.323831	-0.945384	0.037179	0.892417	0.318266	0.319842
60790	9.183203	0.347011	3.313005	-0.019468	0.025609	-0.000578	-0.314372	-0.070498	0.946679	0.323714	-0.945428	0.037093	0.892401	0.318114	0.320037
60791	9.190858	0.334436	3.257156	-0.019612	0.019434	-0.000552	-0.314504	-0.070578	0.946629	0.323577	-0.945478	0.037011	0.892404	0.317947	0.320194
60792	9.222375	0.346332	3.261068	-0.017545	0.018693	-0.000849	-0.314609	-0.070656	0.946588	0.323476	-0.945515	0.036935	0.892404	0.317819	0.320323
60793	9.243996	0.337019	3.257579	-0.017193	0.018676	0.003607	-0.314711	-0.070774	0.946545	0.323374	-0.945555	0.036817	0.892405	0.317675	0.320463
60794	9.208930	0.375037	3.277026	-0.019512	0.012937	-0.010699	-0.314796	-0.070740	0.946520	0.323225	-0.945605	0.036827	0.892429	0.317532	0.320537
60795	9.220360	0.387464	3.308224	-0.023369	0.010181	-0.009765	-0.314870	-0.070700	0.946498	0.323020	-0.945676	0.036820	0.892477	0.317332	0.320603
60796	9.238388	0.396791	3.258521	-0.026454	0.007070	-0.012321	-0.314908	-0.070632	0.946490	0.322804	-0.945749	0.036824	0.892542	0.317127	0.320624
60797	9.268890	0.376423	3.195756	-0.033220	0.001190	-0.011718	-0.314903	-0.070561	0.946497	0.322523	-0.945846	0.036792	0.892645	0.316853	0.320608
60798	9.290979	0.367830	3.190896	-0.032377	0.005064	-0.011085	-0.314919	-0.070499	0.946497	0.322258	-0.945938	0.036765	0.892735	0.316594	0.320613
60799	9.228567	0.333815	3.209540	-0.035779	-0.001949	-0.007591	-0.314874	-0.070451	0.946515	0.321961	-0.946042	0.036690	0.892858	0.316293	0.320567
60800	9.232898	0.273689	3.212245	-0.027542	0.003534	-0.002770	-0.314850	-0.070462	0.946522	0.321765	-0.946112	0.036600	0.892937	0.316081	0.320555
60801	9.202143	0.293739	3.275737	-0.005677	-0.000066	-0.000680	-0.314806	-0.070482	0.946536	0.321754	-0.946117	0.036561	0.892957	0.316061	0.320521
60802	9.224329	0.284843	3.270618	0.002314	0.003463	0.006050	-0.314752	-0.070576	0.946546	0.321853	-0.946087	0.036482	0.892940	0.316131	0.320498
60803	9.189667	0.322659	3.288909	0.007991	0.003530	0.006731	-0.314706	-0.070694	0.946553	0.322006	-0.946037	0.036403	0.892901	0.316252	0.320487
60804	9.181200	0.334200	3.346955	0.000875	-0.002326	0.002875	-0.314610	-0.070741	0.946581	0.322082	-0.946014	0.036350	0.892907	0.316313	0.320410
60805	9.197780	0.352040	3.273327	-0.010375	-0.006693	-0.000381	-0.314511	-0.070734	0.946615	0.322020	-0.946037	0.036300	0.892965	0.316246	0.320316
60806	9.220292	0.343093	3.267296	-0.016895	-0.010626	-0.001693	-0.314356	-0.070711	0.946668	0.321923	-0.946072	0.036233	0.893054	0.316144	0.320167
60807	9.198823	0.309373	3.229067	-0.022675	-0.006456	-0.000476	-0.314243	-0.070724	0.946704	0.321774	-0.946127	0.036127	0.893147	0.315978	0.320071
60808	9.227673	0.297513	3.142839	-0.015139	-0.000926	-0.004565	-0.314185	-0.070705	0.946725	0.321684	-0.946159	0.036093	0.893201	0.315886	0.320013
60809	9.249356	0.330894	3.180509	0.006169	0.003960	-0.003142	-0.314181	-0.070721	0.946725	0.321779	-0.946126	0.036110	0.893168	0.315982	0.320011
60810	9.216489	0.360727	3.221810	0.021450	0.011069	0.001409	-0.314210	-0.070795	0.946710	0.322034	-0.946038	0.036137	0.893066	0.316227	0.320053
60811	9.216165	0.361223	3.222683	0.020083	0.009502	0.002358	-0.314245	-0.070861	0.946694	0.322248	-0.945964	0.036160	0.892976	0.316433	0.320099
60812	9.181378	0.399731	3.241270	0.010129	0.004745	0.002293	-0.314215	-0.070924	0.946699	0.322405	-0.945912	0.036143	0.892930	0.316577	0.320086
60813	9.195503	0.361195	3.251616	-0.005955	0.004181	-0.001012	-0.314213	-0.070947	0.946698	0.322382	-0.945921	0.036111	0.892939	0.316545	0.320092
60814	9.179467	0.301214	3.282360	-0.011107	0.001816	-0.003272	-0.314174	-0.070948	0.946711	0.322331	-0.945939	0.036078	0.892971	0.316489	0.320059
60815	9.262097	0.335490	3.236076	-0.020640	-0.003267	-0.011283	-0.314133	-0.070868	0.946730	0.322166	-0.945995	0.036084	0.893045	0.316340	0.319999
60816	9.244144	0.284894	3.244082	-0.025508	0.006735	-0.013571	-0.314172	-0.070787	0.946723	0.321954	-0.946067	0.036103	0.893108	0.316144	0.320018
60817	9.249967	0.324206	3.206770	-0.021619	0.003300	-0.012259	-0.314198	-0.070699	0.946721	0.321754	-0.946134	0.036129	0.893171	0.315963	0.320021
60818	9.280444	0.304311	3.144121	-0.026208	0.009056	-0.014214	-0.314260	-0.070619	0.946707	0.321534	-0.946208	0.036151	0.893228	0.315759	0.320061
60819	9.249335	0.325268	3.208483	-0.023474	0.012198	-0.016105	-0.314378	-0.070530	0.946674	0.321313	-0.946281	0.036204	0.893266	0.315561	0.320151
60820	9.225196	0.301961	3.149680	-0.018252	0.016530	-0.017979	-0.314518	-0.070438	0.946635	0.321153	-0.946332	0.036287	0.893275	0.315427	0.320260
60821	9.224074	0.344776	3.194052	-0.015063	0.015409	-0.017314	-0.314664	-0.070347	0.946593	0.321003	-0.946379	0.036376	0.893277	0.315305	0.320373
60822	9.184789	0.336391	3.274031	-0.007073	0.016682	-0.018842	-0.314809	-0.070248	0.946552	0.320939	-0.946396	0.036503	0.893249	0.315277	0.320479
60823	9.184183	0.337963	3.275569	-0.006127	0.016320	-0.020104	-0.314969	-0.070142	0.946507	0.320871	-0.946414	0.036641	0.893217	0.315248	0.320597
60824	9.203923	0.339938	3.249147	-0.020141	0.015021	-0.023710	-0.315114	-0.069991	0.946469	0.320676	-0.946475	0.036773	0.893236	0.315097	0.320692
60825	9.245393	0.375217	3.260050	-0.033273	0.009145	-0.032705	-0.315251	-0.069736	0.946443	0.320316	-0.946590	0.036947	0.893317	0.314809	0.320751
60826	9.236978	0.346903	3.276394	-0.051531	0.013578	-0.033806	-0.315415	-0.069485	0.946406	0.319808	-0.946757	0.037074	0.893441	0.314362	0.320844
60827	9.185380	0.251772	3.217497	-0.063373	0.009562	-0.031347	-0.315547	-0.069257	0.946379	0.319199	-0.946960	0.037130	0.893612	0.313799	0.320917
60828	9.159376	0.171742	3.241140	-0.065259	0.008072	-0.037072	-0.315672	-0.068957	0.946359	0.318557	-0.947172	0.037243	0.893797	0.313226	0.320963
60829	9.155118	0.125241	3.301992	-0.047416	0.001731	-0.036284	-0.315754	-0.068650	0.946354	0.318065	-0.947331	0.037403	0.893943	0.312813	0.320959
60830	9.156693	0.118191	3.325509	-0.026099	0.017042	-0.032936	-0.315946	-0.068417	0.946307	0.317787	-0.947416	0.037603	0.893974	0.312604	0.321075
60831	9.074518	0.118681	3.439112	-0.002776	0.027399	-0.034019	-0.316247	-0.068219	0.946221	0.317709	-0.947431	0.037879	0.893896	0.312602	0.321296
60832	9.085155	0.133632	3.472023	0.010172	0.033293	-0.027239	-0.316566	-0.068091	0.946123	0.317772	-0.947400	0.038141	0.893760	0.312726	0.321552
60833	9.074129	0.115821	3.467589	0.026150	0.035859	-0.030281	-0.316930	-0.067948	0.946012	0.317957	-0.947324	0.038479	0.893565	0.312986	0.321840
60834	9.110806	0.171308	3.435580	0.039283	0.039515	-0.029528	-0.317312	-0.067818	0.945893	0.318273	-0.947202	0.038857	0.893317	0.313382	0.322143
60835	9.124282	0.277449	3.451832	0.042907	0.038114	-0.036796	-0.317723	-0.067616	0.945770	0.318580	-0.947080	0.039315	0.893061	0.313795	0.322450
60836	9.165582	0.274350	3.422053	0.029850	0.036461	-0.041670	-0.318117	-0.067362	0.945655	0.318773	-0.946996	0.039777	0.892852	0.314103	0.322728
60837	9.168063	0.186894	3.361812	0.019324	0.029782	-0.044300	-0.318478	-0.067059	0.945555	0.318842	-0.946954	0.040233	0.892699	0.314296	0.322965
60838	9.242967	0.154723	3.290106	0.013523	0.013101	-0.046884	-0.318679	-0.066683	0.945514	0.318872	-0.946924	0.040692	0.892616	0.314466	0.323028
60839	9.342565	0.105480	3.234646	0.011112	0.003472	-0.052933	-0.318827	-0.066221	0.945497	0.318846	-0.946911	0.041197	0.892573	0.314603	0.323015
60840	9.331977	0.057021	3.161300	0.017666	-0.009208	-0.051272	-0.318843	-0.065733	0.945525	0.318899	-0.946870	0.041710	0.892548	0.314826	0.322865
60841	9.319761	0.091578	3.172747	0.025561	-0.018079	-0.042296	-0.318769	-0.065304	0.945580	0.319036	-0.946804	0.042163	0.892526	0.315114	0.322646
60842	9.275887	0.113817	3.180732	0.056917	-0.033390	-0.046427	-0.318555	-0.064786	0.945688	0.319455	-0.946636	0.042758	0.892453	0.315725	0.322251
60843	9.292254	0.189576	3.361363	0.105410	-0.031796	-0.046591	-0.318373	-0.064271	0.945784	0.320288	-0.946321	0.043509	0.892219	0.316775	0.321868
60844	9.296961	0.189331	3.617779	0.159796	-0.025849	-0.039703	-0.318205	-0.063839	0.945870	0.321646	-0.945820	0.044371	0.891790	0.318354	0.321498
60845	9.254119	0.118475	3.903010	0.209870	-0.018295	-0.034416	-0.318100	-0.063492	0.945929	0.323459	-0.945155	0.045334	0.891171	0.320390	0.321191
60846	9.186148	0.033565	4.105924	0.236995	-0.021157	-0.023574	-0.317923	-0.063227	0.946006	0.325554	-0.944390	0.046289	0.890471	0.322693	0.320827
60847	9.256320	0.086318	4.217861	0.233510	-0.042337	-0.013568	-0.317538	-0.062991	0.946151	0.327632	-0.943629	0.047134	0.889846	0.324956	0.320276
60848	9.227431	0.257237	4.276616	0.201299	-0.072236	-0.005062	-0.316847	-0.062733	0.946400	0.329465	-0.942957	0.047798	0.889416	0.326951	0.319442
60849	9.216534	0.519666	4.365595	0.150023	-0.114508	-0.008393	-0.315808	-0.062306	0.946775	0.330814	-0.942458	0.048325	0.889285	0.328468	0.318248
60850	9.458550	0.552858	4.866384	0.070994	-0.143147	-0.014931	-0.314519	-0.061720	0.947242	0.331457	-0.942214	0.048664	0.889502	0.329276	0.316802
60851	9.878664	0.080742	5.449674	-0.009980	-0.102156	0.004294	-0.313548	-0.061456	0.947582	0.331427	-0.942231	0.048558	0.889856	0.329279	0.315803
60852	10.026517	-0.101820	5.443927	-0.074803	0.030923	0.037154	-0.313635	-0.061933	0.947522	0.330936	-0.942435	0.047941	0.890008	0.328605	0.316076
60853	9.605992	-0.005255	5.453531	-0.101949	0.187859	0.047706	-0.315096	-0.063035	0.946964	0.330229	-0.942723	0.047129	0.889754	0.327565	0.317865
60854	9.077062	0.219243	5.399698	-0.055944	0.263611	0.056261	-0.317190	-0.064454	0.946169	0.329968	-0.942852	0.046389	0.889107	0.326920	0.320331
60855	9.123217	0.398194	5.622723	0.006369	0.317109	0.058640	-0.319766	-0.066077	0.945190	0.330257	-0.942778	0.045821	0.888076	0.326807	0.323291
60856	9.337700	0.498823	5.940947	0.064953	0.463836	0.062234	-0.323611	-0.068206	0.943729	0.331092	-0.942505	0.045416	0.886371	0.327159	0.327587
60857	9.163847	0.475457	5.995227	0.060860	0.656455	0.065456	-0.329158	-0.070999	0.941602	0.331884	-0.942248	0.044969	0.884029	0.327305	0.333712
60858	8.762819	0.300041	5.810327	0.045586	0.791893	0.075307	-0.335833	-0.074326	0.938985	0.332596	-0.942024	0.044388	0.881247	0.327209	0.341083
60859	8.506131	0.109877	5.718076	0.053824	0.823782	0.095610	-0.342711	-0.077955	0.936201	0.333439	-0.941761	0.043642	0.878276	0.327123	0.348745
60860	8.607833	0.106478	5.598256	0.140105	0.834872	0.126472	-0.349542	-0.081905	0.933334	0.335164	-0.941181	0.042928	0.874920	0.327825	0.356434
60861	8.708145	0.339481	5.699367	0.317686	0.845899	0.173742	-0.356290	-0.086352	0.930377	0.338592	-0.939977	0.042421	0.870869	0.330132	0.364142
60862	8.697071	0.737624	5.576297	0.489624	0.846181	0.183455	-0.362949	-0.090911	0.927364	0.343564	-0.938168	0.042493	0.866160	0.334031	0.371740
60863	8.311371	1.573784	5.017387	0.469634	0.826919	0.144001	-0.369561	-0.095031	0.924334	0.348151	-0.936456	0.042918	0.861519	0.337669	0.379163
60864	8.271729	2.207118	4.342515	0.091830	0.705773	0.039571	-0.375429	-0.097810	0.921676	0.349148	-0.936086	0.042880	0.858574	0.337900	0.385584
60865	8.889505	2.242851	3.501525	-0.316259	0.660056	-0.096784	-0.381383	-0.099144	0.919085	0.346104	-0.937232	0.042517	0.857181	0.334314	0.391759
60866	9.520826	2.105326	3.002206	-0.552858	0.718908	-0.178619	-0.388092	-0.099876	0.916193	0.340740	-0.939221	0.041949	0.856318	0.328464	0.398536
60867	9.715035	1.822121	2.982655	-0.665823	0.790493	-0.175476	-0.395408	-0.100800	0.912958	0.334375	-0.941554	0.040863	0.855480	0.321427	0.406003
60868	9.582285	1.465961	3.069972	-0.840274	0.810958	-0.127125	-0.402701	-0.102199	0.909608	0.326742	-0.944327	0.038555	0.855027	0.312733	0.413674
60869	9.409392	0.794050	3.109745	-1.026596	0.791870	-0.089408	-0.409725	-0.103784	0.906286	0.317612	-0.947572	0.035078	0.855131	0.302219	0.421207
60870	9.405244	-0.098745	2.997822	-1.148844	0.761315	-0.064856	-0.416377	-0.105452	0.903056	0.307578	-0.951025	0.030763	0.855585	0.290569	0.428420
60871	9.497599	-0.984187	2.950343	-1.112146	0.733505	-0.006805	-0.422636	-0.107488	0.899903	0.298060	-0.954193	0.026011	0.855885	0.279218	0.435314
60872	9.457837	-1.956864	3.134499	-0.923593	0.709766	0.086932	-0.428393	-0.110295	0.896836	0.290588	-0.956614	0.021159	0.855592	0.269674	0.441857
60873	9.396339	-2.924613	3.361212	-0.597758	0.695808	0.202931	-0.433716	-0.114113	0.893795	0.286388	-0.957969	0.016664	0.854326	0.263200	0.448167
60874	9.215790	-3.680550	3.541086	-0.155901	0.693589	0.323942	-0.438643	-0.119064	0.890739	0.286534	-0.957981	0.013051	0.851757	0.260952	0.454328
60875	9.068355	-4.018762	3.679543	0.323516	0.712703	0.444139	-0.443375	-0.125211	0.887548	0.291282	-0.956579	0.010561	0.847687	0.263209	0.460595
60876	8.812987	-3.904851	3.786112	0.821674	0.746878	0.557682	-0.447973	-0.132559	0.884165	0.300772	-0.953650	0.009413	0.841936	0.270149	0.467079
60877	8.424409	-3.303181	3.940392	1.326310	0.794526	0.629184	-0.452653	-0.140766	0.880506	0.314763	-0.949117	0.010079	0.834284	0.281712	0.473929
60878	8.024214	-2.329164	4.154212	1.730692	0.843498	0.652765	-0.457478	-0.149411	0.876579	0.332153	-0.943141	0.012591	0.824857	0.296918	0.481093
60879	7.675619	-1.172769	4.459029	2.008104	0.896600	0.635464	-0.462607	-0.158154	0.872343	0.351575	-0.936010	0.016745	0.813873	0.314440	0.488608
60880	7.465771	0.055702	4.882132	2.121977	0.938616	0.586196	-0.468009	-0.166681	0.867862	0.371508	-0.928167	0.022078	0.801841	0.332750	0.496314
60881	7.233238	1.179208	5.180579	2.089099	0.958731	0.520866	-0.473607	-0.174801	0.863216	0.390626	-0.920124	0.027994	0.789372	0.350453	0.504058
60882	7.090074	2.204038	5.485972	1.955413	0.969476	0.440902	-0.479376	-0.182340	0.858458	0.408103	-0.912298	0.034115	0.776950	0.366693	0.511747
60883	7.001156	3.054196	5.812220	1.729827	0.969232	0.353694	-0.485335	-0.189201	0.853612	0.423189	-0.905159	0.039985	0.765089	0.380645	0.519373
60884	6.965190	3.545702	6.128609	1.455496	0.975598	0.276170	-0.491497	-0.195482	0.848656	0.435654	-0.898977	0.045235	0.754079	0.391954	0.527007
60885	6.904613	3.735581	6.360738	1.140846	0.973097	0.215857	-0.497795	-0.201293	0.843612	0.445310	-0.894010	0.049449	0.744244	0.400284	0.534671
60886	6.681835	3.601642	6.491647	0.850312	0.959469	0.160533	-0.504112	-0.206612	0.838560	0.452466	-0.890225	0.052664	0.735626	0.405969	0.542258
60887	6.647583	3.198542	6.500447	0.586017	0.908004	0.091654	-0.510302	-0.211144	0.833672	0.457259	-0.887626	0.055086	0.728358	0.409315	0.549505
60888	6.615630	2.742541	6.304060	0.385512	0.860208	0.038411	-0.516303	-0.215031	0.828971	0.460312	-0.885933	0.056887	0.722180	0.410956	0.556391
60889	6.488983	2.198273	5.970551	0.236474	0.796388	0.003563	-0.521981	-0.218350	0.824536	0.462069	-0.884934	0.058173	0.716958	0.411358	0.562811
60890	6.339404	1.646626	5.679889	0.150052	0.706153	-0.041803	-0.527160	-0.220903	0.820551	0.462982	-0.884378	0.059355	0.712566	0.411190	0.568483
60891	6.316195	1.166480	5.351025	0.092423	0.613155	-0.087832	-0.531889	-0.222658	0.817017	0.463210	-0.884174	0.060597	0.708893	0.410682	0.573420
60892	6.323131	0.746155	5.062229	0.070513	0.523491	-0.136187	-0.536162	-0.223620	0.813956	0.463042	-0.884158	0.062104	0.705778	0.410193	0.577597
60893	6.421474	0.405827	4.599992	0.124548	0.424430	-0.166927	-0.539890	-0.223897	0.811412	0.463057	-0.884002	0.064178	0.702920	0.410379	0.580941
60894	6.497543	0.212252	4.235991	0.227572	0.325265	-0.158567	-0.542846	-0.223851	0.809450	0.463855	-0.883391	0.066779	0.700112	0.411718	0.583379
60895	6.669869	0.222257	4.061340	0.285587	0.167179	-0.114310	-0.544511	-0.223542	0.808416	0.465266	-0.882449	0.069367	0.697879	0.413899	0.584510
60896	6.989551	0.435627	4.086169	0.283232	0.017090	-0.049982	-0.544803	-0.223190	0.808317	0.467028	-0.881354	0.071418	0.696473	0.416415	0.584400
60897	7.181728	0.788480	4.153174	0.219182	-0.095707	-0.008651	-0.544142	-0.222725	0.808890	0.468543	-0.880439	0.072764	0.695972	0.418594	0.583440
60898	7.262033	1.205051	4.483191	0.123612	-0.155587	0.005632	-0.542972	-0.222140	0.809837	0.469494	-0.879877	0.073430	0.696245	0.420084	0.582042
60899	7.275949	1.598647	4.866961	0.017136	-0.174329	0.021045	-0.541623	-0.221603	0.810886	0.469764	-0.879739	0.073355	0.697113	0.420656	0.580588
60900	7.221008	1.678031	5.191394	-0.084217	-0.186021	0.032388	-0.540112	-0.221123	0.812025	0.469411	-0.879990	0.072595	0.698521	0.420383	0.579091
60901	7.104500	1.767481	5.453891	-0.197338	-0.223289	0.056118	-0.538252	-0.220689	0.813377	0.468370	-0.880676	0.070994	0.700653	0.419174	0.577389
60902	6.868578	1.655616	5.616557	-0.266216	-0.308847	0.087695	-0.535612	-0.220188	0.815253	0.467031	-0.881565	0.068737	0.703564	0.417565	0.575011
60903	6.820140	1.735514	5.448597	-0.275125	-0.442013	0.113962	-0.531928	-0.219359	0.817884	0.465735	-0.882443	0.066226	0.707208	0.416145	0.571559
60904	6.831526	1.786299	5.382296	-0.276722	-0.525981	0.116270	-0.527596	-0.218218	0.820990	0.464448	-0.883307	0.063688	0.711288	0.414908	0.567380
60905	6.893569	1.786450	5.411427	-0.290235	-0.608868	0.102163	-0.522743	-0.216607	0.824513	0.462949	-0.884269	0.061205	0.715834	0.413702	0.562524
60906	7.094332	1.668610	5.459829	-0.302985	-0.706805	0.107339	-0.517108	-0.214655	0.828567	0.461390	-0.885259	0.058612	0.720915	0.412601	0.556814
60907	7.183306	1.650914	5.243675	-0.330099	-0.795963	0.117189	-0.510774	-0.212421	0.833059	0.459639	-0.886351	0.055809	0.726527	0.411412	0.550362
60908	7.229713	1.501709	4.878538	-0.412314	-0.894206	0.136521	-0.503561	-0.209980	0.838054	0.457382	-0.887725	0.052402	0.732959	0.409698	0.543064
60909	7.217758	1.069229	4.680594	-0.463943	-1.015325	0.157554	-0.495330	-0.207237	0.843623	0.454786	-0.889275	0.048574	0.740147	0.407729	0.534734
60910	7.387144	0.397298	4.621722	-0.537742	-1.146087	0.193056	-0.485864	-0.204315	0.849819	0.451791	-0.891034	0.044077	0.748212	0.405356	0.525229
60911	8.326577	-0.266370	4.850275	-0.551384	-1.248076	0.212096	-0.475484	-0.201171	0.856414	0.448697	-0.892815	0.039396	0.756694	0.403003	0.514784
60912	9.250008	-0.881141	4.826506	-0.367202	-1.260713	0.239204	-0.464761	-0.198251	0.862956	0.447088	-0.893787	0.035454	0.764270	0.402295	0.504033
60913	9.907958	-0.407212	4.976309	-0.095483	-1.216507	0.283522	-0.454124	-0.195891	0.869136	0.447694	-0.893596	0.032516	0.770287	0.403873	0.493502
60914	10.542717	0.555790	5.830683	0.055226	-1.062281	0.279037	-0.444602	-0.194098	0.874446	0.449433	-0.892799	0.030337	0.774816	0.406493	0.484174
60915	10.692775	1.207540	7.010750	0.160761	-0.763948	0.249504	-0.437512	-0.193219	0.878208	0.451817	-0.891642	0.028915	0.777460	0.409440	0.477404
60916	10.251589	1.582583	8.330611	0.297901	-0.444325	0.240336	-0.432902	-0.193551	0.880417	0.455239	-0.889923	0.028201	0.778045	0.413008	0.473361
60917	10.004261	1.480009	9.623236	0.380897	-0.278661	0.252183	-0.429547	-0.194646	0.881818	0.459323	-0.887835	0.027769	0.777504	0.416967	0.470772
60918	10.268275	0.834874	10.010989	0.408867	-0.237137	0.296747	-0.426269	-0.196301	0.883040	0.463828	-0.885512	0.027053	0.776632	0.421111	0.468517
60919	10.156447	1.090783	9.094208	0.534205	-0.199563	0.338785	-0.423108	-0.198459	0.884078	0.469444	-0.882563	0.026551	0.774985	0.426259	0.466585
60920	9.289598	2.330916	7.751077	0.648975	-0.161637	0.360547	-0.420087	-0.200958	0.884953	0.476043	-0.879026	0.026366	0.772599	0.432352	0.464932
60921	8.285832	3.441048	6.580018	0.627380	-0.169355	0.337356	-0.417134	-0.203186	0.885841	0.482326	-0.875597	0.026286	0.770299	0.438229	0.463243
60922	7.644642	4.101555	5.542765	0.326796	-0.252287	0.259757	-0.413868	-0.204364	0.887101	0.485979	-0.873599	0.025475	0.769765	0.441656	0.460871
60923	7.188614	4.117851	4.623185	-0.345730	-0.390920	0.129660	-0.410196	-0.203778	0.888940	0.483875	-0.874842	0.022735	0.773049	0.439461	0.457460
60924	7.375432	2.876984	3.904862	-1.170110	-0.585709	0.021603	-0.405475	-0.201437	0.891635	0.474928	-0.879857	0.017200	0.781046	0.430437	0.452428
60925	8.245498	1.087976	3.167677	-1.724190	-0.756926	0.025184	-0.399377	-0.198454	0.895050	0.461494	-0.887095	0.009231	0.792162	0.416747	0.445871
60926	8.919538	-0.443840	2.681520	-1.960714	-0.882044	0.110733	-0.391767	-0.195853	0.898977	0.446336	-0.894865	-0.000447	0.804551	0.401071	0.437995
60927	9.437969	-1.618065	2.231159	-1.983013	-0.988439	0.197203	-0.382860	-0.193743	0.903262	0.431050	-0.902263	-0.010822	0.817076	0.385208	0.428954
60928	9.871756	-2.116694	1.816986	-1.856823	-1.046269	0.247700	-0.373134	-0.192054	0.907682	0.416762	-0.908774	-0.020960	0.828903	0.370467	0.419135
60929	9.977673	-2.074664	1.586689	-1.600458	-1.013816	0.282665	-0.363488	-0.190947	0.911820	0.404486	-0.914047	-0.030169	0.839206	0.357852	0.409481
60930	9.703762	-2.146485	1.696932	-1.314867	-0.934262	0.285400	-0.354402	-0.190289	0.915527	0.394477	-0.918114	-0.038124	0.847813	0.347643	0.400446
60931	9.323418	-2.332298	2.066796	-0.938386	-0.822417	0.254370	-0.346377	-0.189810	0.918692	0.387415	-0.920846	-0.044187	0.854361	0.340610	0.392495
60932	8.907516	-2.421999	2.437921	-0.514898	-0.732358	0.193012	-0.339294	-0.189131	0.921471	0.383725	-0.922200	-0.047990	0.858857	0.337309	0.385471
60933	8.628772	-2.150753	2.727167	-0.133543	-0.679061	0.137552	-0.332892	-0.188124	0.924009	0.383073	-0.922376	-0.049783	0.861649	0.337390	0.379116
60934	8.498518	-1.472858	3.020730	0.104015	-0.685699	0.109687	-0.326490	-0.186838	0.926550	0.384389	-0.921793	-0.050431	0.863510	0.339691	0.372775
60935	8.599048	-0.969141	3.382294	0.220604	-0.721523	0.097370	-0.319845	-0.185289	0.929176	0.386645	-0.920843	-0.050535	0.864988	0.343098	0.366168
60936	8.826617	-0.463679	3.634752	0.232650	-0.746246	0.115882	-0.312868	-0.183806	0.931842	0.389084	-0.919801	-0.050795	0.866445	0.346672	0.359292
60937	8.853478	-0.296847	3.995279	0.163890	-0.732078	0.178642	-0.305788	-0.182917	0.934364	0.391092	-0.918887	-0.051895	0.868067	0.349553	0.352522
60938	8.807059	-0.300601	4.532464	0.081385	-0.700135	0.231729	-0.298729	-0.182614	0.936703	0.392557	-0.918153	-0.053805	0.869862	0.351636	0.345965
60939	8.883910	-0.796582	4.820210	-0.043743	-0.679407	0.277340	-0.291688	-0.182785	0.938886	0.393028	-0.917784	-0.056573	0.872036	0.352507	0.339546
60940	8.955645	-1.194409	4.551892	-0.097773	-0.609339	0.309844	-0.285083	-0.183503	0.940773	0.393125	-0.917536	-0.059841	0.874174	0.352781	0.333713
60941	8.768039	-1.048837	4.257315	-0.152448	-0.540242	0.330990	-0.279020	-0.184652	0.942365	0.392757	-0.917449	-0.063481	0.876293	0.352408	0.328510
60942	8.509442	-0.719063	3.985493	-0.224274	-0.516058	0.298010	-0.273256	-0.185594	0.943868	0.391668	-0.917660	-0.067050	0.878594	0.351361	0.323447
60943	8.361423	-0.500037	3.853850	-0.294783	-0.540849	0.223840	-0.267589	-0.185772	0.945455	0.389713	-0.918262	-0.070130	0.881204	0.349690	0.318114
60944	8.491027	-0.597345	3.461147	-0.398646	-0.625308	0.132695	-0.261486	-0.184835	0.947344	0.386600	-0.919380	-0.072670	0.884401	0.347242	0.311862
60945	8.856594	-0.952585	2.870201	-0.540159	-0.723669	0.053527	-0.254833	-0.182847	0.949541	0.381983	-0.921132	-0.074862	0.888341	0.343631	0.304579
60946	9.303025	-1.362793	2.285114	-0.669460	-0.806078	-0.000261	-0.247587	-0.180118	0.951976	0.376076	-0.923392	-0.076901	0.892898	0.338976	0.296358
60947	9.667487	-1.805998	1.589150	-0.774251	-0.871117	-0.024790	-0.239846	-0.176981	0.954543	0.369115	-0.926024	-0.078946	0.897902	0.333401	0.287429
60948	9.962983	-2.091239	0.989051	-0.827299	-0.927009	-0.026248	-0.231527	-0.173699	0.957196	0.361659	-0.928780	-0.081064	0.903105	0.327410	0.277857
60949	10.181970	-2.490316	0.753529	-0.776333	-0.955772	-0.015773	-0.222892	-0.170473	0.959822	0.354626	-0.931312	-0.083057	0.908053	0.321865	0.268036
60950	10.154850	-3.012443	0.956405	-0.628595	-0.962031	0.009735	-0.214034	-0.167513	0.962356	0.348981	-0.933282	-0.084836	0.912360	0.317686	0.258213
60951	10.217585	-3.386219	1.082692	-0.410691	-0.949235	0.062632	-0.205103	-0.165119	0.964712	0.345392	-0.934463	-0.086509	0.915771	0.315461	0.248692
60952	10.125982	-3.147621	1.228799	-0.205171	-0.902838	0.098971	-0.196415	-0.163224	0.966840	0.343764	-0.934924	-0.087999	0.918285	0.315080	0.239744
60953	9.831506	-2.664718	1.249892	-0.057094	-0.871207	0.124006	-0.187941	-0.161663	0.968784	0.343512	-0.934887	-0.089366	0.920151	0.315994	0.231237
60954	9.567801	-2.151021	1.318348	0.035511	-0.852422	0.113347	-0.179634	-0.160047	0.970627	0.344102	-0.934569	-0.090419	0.921589	0.317752	0.222953
60955	9.415984	-1.765044	1.562525	0.041651	-0.868744	0.084237	-0.171290	-0.158097	0.972453	0.344669	-0.934286	-0.091181	0.922964	0.319556	0.214525
60956	9.373189	-1.581331	1.758591	0.035728	-0.866504	0.046325	-0.163060	-0.155779	0.974240	0.345130	-0.934075	-0.091591	0.924282	0.321304	0.206074
60957	9.466250	-1.432974	1.892591	0.022675	-0.857671	0.028892	-0.154985	-0.153318	0.975947	0.345420	-0.933941	-0.091864	0.925562	0.322874	0.197706
60958	9.498567	-1.413836	1.900308	0.002587	-0.822757	0.024071	-0.147214	-0.150906	0.977525	0.345533	-0.933873	-0.092130	0.926787	0.324205	0.189622
60959	9.394877	-1.218533	1.848503	0.000795	-0.771827	-0.006791	-0.140037	-0.148368	0.978967	0.345565	-0.933864	-0.092101	0.927887	0.325400	0.182046
60960	9.423093	-0.999677	1.734143	-0.048725	-0.740978	-0.025563	-0.133178	-0.145741	0.980318	0.345130	-0.934037	-0.091974	0.929058	0.326088	0.174693
60961	9.265487	-0.749441	1.642318	-0.083986	-0.698051	-0.064814	-0.126869	-0.142891	0.981574	0.344299	-0.934389	-0.091521	0.930249	0.326344	0.167742
60962	9.037718	-0.690610	1.645829	-0.136414	-0.696170	-0.100843	-0.120667	-0.139703	0.982814	0.342956	-0.934953	-0.090792	0.931569	0.326106	0.160730
60963	9.069899	-0.709825	1.727337	-0.176483	-0.720838	-0.132962	-0.114358	-0.136144	0.984067	0.341188	-0.935696	-0.089802	0.933013	0.325482	0.153455
60964	9.090127	-0.876404	1.825065	-0.209035	-0.738955	-0.149882	-0.107900	-0.132364	0.985311	0.339121	-0.936554	-0.088678	0.934534	0.324571	0.145941
60965	9.125267	-1.002530	1.962387	-0.211111	-0.762029	-0.153964	-0.101250	-0.128485	0.986529	0.337018	-0.937423	-0.087501	0.936038	0.323619	0.138216
60966	9.189860	-1.142996	1.975052	-0.217472	-0.795764	-0.144203	-0.094212	-0.124587	0.987726	0.334891	-0.938287	-0.086408	0.937535	0.322640	0.130121
60967	9.305406	-1.188577	1.850624	-0.228134	-0.818553	-0.144323	-0.086970	-0.120630	0.988880	0.332652	-0.939183	-0.085311	0.939031	0.321533	0.121809
60968	9.372495	-1.241645	1.758191	-0.248723	-0.826886	-0.138856	-0.079592	-0.116698	0.989973	0.330249	-0.940125	-0.084270	0.940532	0.320230	0.113366
60969	9.388354	-1.232690	1.678052	-0.235612	-0.817864	-0.140800	-0.072314	-0.112794	0.990983	0.327956	-0.941024	-0.083176	0.941921	0.318984	0.105041
60970	9.348415	-1.219509	1.725284	-0.213048	-0.813120	-0.147650	-0.065066	-0.108841	0.991927	0.325896	-0.941846	-0.081969	0.943164	0.317932	0.096753
60971	9.377878	-1.276917	1.862003	-0.175561	-0.789009	-0.153969	-0.058077	-0.104921	0.992783	0.324175	-0.942553	-0.080648	0.944213	0.317152	0.088754
60972	9.374597	-1.212878	1.983921	-0.140155	-0.758705	-0.162499	-0.051368	-0.101011	0.993558	0.322811	-0.943144	-0.079195	0.945068	0.316664	0.081055
60973	9.394017	-1.098006	2.210682	-0.121691	-0.718284	-0.171925	-0.045089	-0.097152	0.994248	0.321607	-0.943686	-0.077627	0.945799	0.316257	0.073795
60974	9.383055	-0.914135	2.148876	-0.150391	-0.661680	-0.179611	-0.039337	-0.093393	0.994852	0.320157	-0.944312	-0.075989	0.946547	0.315520	0.067047
60975	9.216841	-0.816546	2.014009	-0.206975	-0.633181	-0.187761	-0.033898	-0.089663	0.995395	0.318157	-0.945122	-0.074300	0.947432	0.314173	0.060565
60976	9.278672	-0.943962	1.900261	-0.234741	-0.623769	-0.198175	-0.028546	-0.085861	0.995898	0.315918	-0.946012	-0.072505	0.948357	0.312553	0.054130
60977	9.229940	-1.287291	1.744589	-0.270615	-0.641935	-0.209358	-0.023073	-0.081918	0.996372	0.313324	-0.947018	-0.070605	0.949366	0.310558	0.047517
60978	9.280956	-1.861313	1.749468	-0.308415	-0.716707	-0.224226	-0.016897	-0.077602	0.996841	0.310397	-0.948132	-0.068549	0.950457	0.308259	0.040108
60979	9.791448	-2.152364	1.411684	-0.333172	-0.786379	-0.217493	-0.010049	-0.073165	0.997269	0.307226	-0.949307	-0.066550	0.951583	0.305719	0.032017
60980	9.868565	-1.865740	1.038966	-0.366575	-0.783198	-0.201307	-0.003139	-0.068896	0.997619	0.303770	-0.950547	-0.064690	0.952740	0.302843	0.023913
60981	9.760595	-1.558903	0.970328	-0.439286	-0.782444	-0.211248	0.003725	-0.064573	0.997906	0.299608	-0.951998	-0.062721	0.954055	0.299214	0.015801
60982	9.565232	-1.211915	0.986555	-0.497848	-0.772886	-0.235328	0.010471	-0.060062	0.998140	0.294918	-0.953607	-0.060476	0.955465	0.295003	0.007728
60983	9.371674	-0.948335	1.224786	-0.548868	-0.797940	-0.283527	0.017313	-0.055064	0.998333	0.289734	-0.955365	-0.057719	0.956951	0.290251	-0.000586
60984	9.468033	-0.898452	1.532790	-0.601713	-0.830571	-0.324153	0.024404	-0.049604	0.998471	0.284085	-0.957249	-0.054500	0.958488	0.284981	-0.009269
60985	9.436926	-0.920134	1.885453	-0.635679	-0.813486	-0.362280	0.031230	-0.043882	0.998548	0.278112	-0.959202	-0.050851	0.960041	0.279296	-0.017751
60986	9.657629	-1.018371	2.597829	-0.687562	-0.807123	-0.411639	0.037919	-0.037730	0.998568	0.271694	-0.961253	-0.046637	0.961636	0.273073	-0.026199
60987	9.993004	-1.390456	3.503489	-0.723519	-0.763032	-0.451831	0.044090	-0.031370	0.998535	0.264938	-0.963352	-0.041963	0.963257	0.266400	-0.034163
60988	10.283402	-2.090916	4.404969	-0.704803	-0.681696	-0.460615	0.049522	-0.025164	0.998456	0.258404	-0.965322	-0.037146	0.964767	0.259845	-0.041302
60989	10.893397	-3.114765	4.775035	-0.657762	-0.564133	-0.418588	0.053936	-0.019720	0.998350	0.252290	-0.967098	-0.032733	0.966147	0.253639	-0.047186
60990	11.562422	-3.440164	5.429715	-0.446157	-0.347489	-0.304331	0.056599	-0.015932	0.998270	0.248191	-0.968261	-0.029525	0.967056	0.249432	-0.050848
60991	11.972097	-3.311646	6.495094	-0.216579	-0.052261	-0.181485	0.056690	-0.014096	0.998292	0.246215	-0.968820	-0.027662	0.967556	0.247363	-0.051452
60992	12.731467	-2.197863	6.753071	0.074013	0.395651	-0.006659	0.052911	-0.015043	0.998486	0.246980	-0.968625	-0.027681	0.967575	0.248071	-0.047535
60993	12.088441	-0.347779	7.045101	0.372665	0.875187	0.128646	0.044796	-0.018529	0.998824	0.250537	-0.967667	-0.029187	0.967070	0.251550	-0.038705
60994	10.964878	1.542110	6.894123	0.410990	1.196036	0.111822	0.033580	-0.022672	0.999179	0.254512	-0.966589	-0.030486	0.966486	0.255327	-0.026688
60995	10.823378	3.018876	5.739804	0.241167	1.382686	-0.045248	0.020129	-0.025831	0.999464	0.256867	-0.965977	-0.030139	0.966237	0.257336	-0.012809
60996	11.484583	3.253033	3.771883	-0.064887	1.573422	-0.198135	0.004480	-0.027989	0.999598	0.256311	-0.966183	-0.028202	0.966584	0.256335	0.002845
60997	11.590497	3.260411	1.233689	-0.261201	1.761386	-0.299246	-0.013293	-0.029632	0.999472	0.253783	-0.966930	-0.025292	0.967170	0.253313	0.020373
60998	11.803563	3.587005	-0.417654	-0.628269	1.827979	-0.409252	-0.031944	-0.030273	0.999031	0.247659	-0.968610	-0.021432	0.968320	0.246735	0.038439
60999	11.474860	3.425234	-1.204068	-1.066282	1.739864	-0.450466	-0.049881	-0.030145	0.998300	0.237151	-0.971316	-0.017481	0.970191	0.235876	0.055599
61000	11.621841	2.323352	-2.005343	-1.402573	1.538979	-0.446826	-0.065795	-0.029352	0.997401	0.223318	-0.974646	-0.013951	0.972522	0.221820	0.070682
61001	11.747536	1.216919	-2.815837	-1.545231	1.438410	-0.446152	-0.080744	-0.028117	0.996338	0.207959	-0.978079	-0.010748	0.974799	0.206329	0.084821
61002	11.552824	0.358215	-2.920412	-1.549490	1.313341	-0.451409	-0.094400	-0.026337	0.995186	0.192496	-0.981268	-0.007709	0.976747	0.190841	0.097702
61003	11.609689	-0.892341	-2.477840	-1.504421	1.107952	-0.448649	-0.106041	-0.024001	0.994072	0.177355	-0.984135	-0.004842	0.978417	0.175790	0.108616
61004	11.974419	-2.583735	-2.158942	-1.334580	0.962927	-0.387439	-0.116068	-0.021848	0.993001	0.163912	-0.986472	-0.002546	0.979623	0.162469	0.118079
61005	12.187201	-3.978718	-1.776078	-0.965443	0.978047	-0.267480	-0.126054	-0.020794	0.991805	0.154147	-0.988047	-0.001124	0.979974	0.152742	0.127752
61006	11.856750	-4.599840	-1.727921	-0.446082	1.051596	-0.105201	-0.136454	-0.021374	0.990416	0.149694	-0.988732	-0.000714	0.979271	0.148162	0.138116
61007	11.005698	-4.122542	-1.436087	0.141710	1.075131	0.085882	-0.146818	-0.023871	0.988875	0.151224	-0.988499	-0.001410	0.977535	0.149335	0.148740
61008	10.234163	-2.934799	-0.808644	0.685187	1.141424	0.214408	-0.157567	-0.027769	0.987118	0.158294	-0.987389	-0.002509	0.974739	0.155860	0.159976
61009	9.643837	-1.767060	-0.195134	1.143343	1.199322	0.293539	-0.168724	-0.032650	0.985122	0.169921	-0.985451	-0.003559	0.970906	0.166793	0.171818
61010	9.287418	-0.828496	0.417852	1.477236	1.219876	0.323281	-0.179904	-0.037989	0.982950	0.184848	-0.982758	-0.004150	0.966160	0.180950	0.183825
61011	9.079591	-0.230586	0.807492	1.716344	1.187808	0.298120	-0.190741	-0.043211	0.980689	0.201964	-0.979385	-0.003872	0.960640	0.197325	0.195536
61012	9.214824	-0.189529	1.084962	1.732202	1.090219	0.309873	-0.200467	-0.048515	0.978498	0.219217	-0.975670	-0.003463	0.954860	0.213809	0.206225
61013	9.905563	-0.409275	1.609909	1.592134	1.031435	0.368332	-0.209418	-0.054432	0.976310	0.235157	-0.971950	-0.003748	0.949129	0.228802	0.216344
61014	10.834922	-1.153106	2.170777	1.565830	1.078864	0.462275	-0.218437	-0.061496	0.973911	0.251017	-0.967971	-0.004820	0.943014	0.243416	0.226877
61015	10.967961	-1.832623	2.481353	1.696354	1.202910	0.614511	-0.228109	-0.070498	0.971080	0.268356	-0.963295	-0.006895	0.935923	0.259022	0.238655
61016	10.499167	-1.685296	2.415600	1.799696	1.300329	0.693785	-0.238237	-0.080667	0.967851	0.286803	-0.957945	-0.009245	0.927894	0.275380	0.251354
61017	9.994238	-0.740006	2.226231	1.897674	1.396527	0.660879	-0.249140	-0.090987	0.964184	0.305967	-0.951981	-0.010775	0.918865	0.292324	0.265015
61018	9.672850	0.380774	2.398427	2.006187	1.461242	0.547987	-0.260697	-0.100614	0.960163	0.325755	-0.945395	-0.010620	0.908802	0.310009	0.279238
61019	9.839719	1.206436	2.771549	2.039915	1.524839	0.425260	-0.273010	-0.109523	0.955756	0.345349	-0.938432	-0.008889	0.897886	0.327643	0.294025
61020	9.901821	1.699272	3.127009	1.968516	1.590949	0.353890	-0.285884	-0.118202	0.950946	0.363959	-0.931393	-0.006354	0.886456	0.344289	0.309291
61021	9.932447	2.070246	3.399784	1.798509	1.637850	0.281746	-0.299225	-0.126612	0.945745	0.380654	-0.924711	-0.003361	0.874967	0.358996	0.324893
61022	9.632308	2.268347	3.416049	1.536440	1.687660	0.206573	-0.313032	-0.134699	0.940142	0.394702	-0.918809	-0.000222	0.863841	0.371007	0.340782
61023	9.016220	2.191623	3.268533	1.269774	1.715356	0.125548	-0.327223	-0.142325	0.934168	0.406037	-0.913852	0.002998	0.853264	0.380288	0.356822
61024	8.545624	2.233608	3.121396	1.016003	1.682925	0.049062	-0.341233	-0.149251	0.928054	0.414878	-0.909856	0.006221	0.843467	0.387152	0.372394
61025	8.217725	1.979059	2.949869	0.790655	1.637465	-0.006498	-0.354966	-0.155597	0.921840	0.421520	-0.906772	0.009257	0.834458	0.391860	0.387460
61026	7.917468	1.514057	2.585022	0.666842	1.604926	-0.052766	-0.368447	-0.161458	0.915521	0.426923	-0.904204	0.012351	0.825823	0.395407	0.402082
61027	7.687970	1.333399	2.556674	0.610403	1.544683	-0.086542	-0.381479	-0.166831	0.909198	0.431645	-0.901909	0.015615	0.817409	0.398407	0.416071
61028	7.586407	1.043401	2.317850	0.586563	1.477030	-0.102222	-0.393870	-0.171836	0.902961	0.436077	-0.899709	0.018999	0.809138	0.401244	0.429302
61029	7.414847	0.846932	2.249161	0.609916	1.419135	-0.112337	-0.405754	-0.176564	0.896766	0.440569	-0.897433	0.022647	0.800788	0.404276	0.441926
61030	7.247838	0.757389	2.279204	0.625816	1.351306	-0.124963	-0.417008	-0.180948	0.890709	0.445099	-0.895088	0.026547	0.792459	0.407524	0.453799
61031	7.109792	0.670834	2.254024	0.605500	1.283971	-0.145852	-0.427752	-0.184916	0.884779	0.449289	-0.892862	0.030606	0.784326	0.410613	0.465004
61032	7.026962	0.638138	2.240781	0.583012	1.184279	-0.162690	-0.437665	-0.188365	0.879186	0.453194	-0.890734	0.034764	0.776573	0.413657	0.475209
61033	7.037618	0.627758	2.287179	0.575077	1.098941	-0.175145	-0.446923	-0.191388	0.873860	0.456896	-0.888663	0.039044	0.769094	0.416713	0.484608
61034	7.098183	0.607892	2.382616	0.566082	1.008143	-0.179600	-0.455401	-0.194028	0.868886	0.460478	-0.886611	0.043360	0.761951	0.419849	0.493110
61035	6.994750	0.523442	2.561142	0.554773	0.905284	-0.181438	-0.463075	-0.196254	0.864318	0.463887	-0.884611	0.047675	0.755229	0.423023	0.500681
61036	6.968147	0.431739	2.740683	0.547922	0.788095	-0.168390	-0.469723	-0.198131	0.860293	0.467281	-0.882586	0.051873	0.749005	0.426365	0.507154
61037	6.945567	0.537160	2.985366	0.518234	0.685446	-0.144587	-0.475483	-0.199805	0.856734	0.470499	-0.880638	0.055744	0.743335	0.429598	0.512737
61038	6.829209	0.473177	3.093366	0.469915	0.609694	-0.143991	-0.480616	-0.201184	0.853541	0.473350	-0.878870	0.059382	0.738205	0.432564	0.517630
61039	6.687217	0.488624	3.334633	0.419873	0.494311	-0.154297	-0.484954	-0.201989	0.850894	0.475730	-0.877342	0.062868	0.733826	0.435283	0.521563
61040	6.735589	0.460610	3.639916	0.391434	0.386055	-0.162530	-0.488492	-0.202267	0.848801	0.477863	-0.875930	0.066283	0.730084	0.437989	0.524541
61041	6.822426	0.475258	4.030602	0.408719	0.301305	-0.147237	-0.491359	-0.202317	0.847133	0.480153	-0.874414	0.069669	0.726650	0.440985	0.526794
61042	6.900429	0.583728	4.687006	0.461153	0.227609	-0.107118	-0.493463	-0.202405	0.845888	0.483027	-0.872557	0.072995	0.723311	0.444607	0.528342
61043	7.038169	0.753130	5.538185	0.510696	0.193426	-0.037782	-0.495009	-0.202954	0.844853	0.486560	-0.870335	0.076006	0.719879	0.448695	0.529572
61044	7.163626	1.022163	6.655765	0.553013	0.171411	0.041551	-0.495974	-0.204103	0.844009	0.490795	-0.867725	0.078573	0.716331	0.453206	0.530542
61045	7.328986	1.387381	7.995438	0.594058	0.156373	0.076249	-0.496683	-0.205489	0.843256	0.495451	-0.864844	0.081074	0.712624	0.458060	0.531363
61046	7.687563	1.902179	9.242840	0.611668	0.223635	0.076560	-0.497829	-0.207195	0.842162	0.500236	-0.861837	0.083670	0.708470	0.462934	0.532694
61047	8.230738	2.657947	10.040464	0.593736	0.325729	0.065841	-0.499768	-0.209288	0.840494	0.504789	-0.858920	0.086278	0.703861	0.467391	0.534907
