// General information: 
//  MT Manager version: 2022.2.0 
//  XDA version: 2022.2.0 build 7381 rev 124627 built on 2023-07-19
// Device information: 
//  DeviceId: 00B4CBA7
//  ProductCode: MTW2-3A7G6
//  Firmware Version: 4.6.0
//  Hardware Version: 2.0.0
// Device settings: 
//  Filter Profile: human(46.1)
//  Option Flags: Orientation Smoother Disabled, Position/Velocity Smoother Disabled, Continuous Zero Rotation Update Disabled, AHS Disabled, ICC Disabled
// Coordinate system: ENU
PacketCounter	Acc_X	Acc_Y	Acc_Z	Gyr_X	Gyr_Y	Gyr_Z	Mat[1][1]	Mat[2][1]	Mat[3][1]	Mat[1][2]	Mat[2][2]	Mat[3][2]	Mat[1][3]	Mat[2][3]	Mat[3][3]
00578	9.635900	-0.334231	-2.410840	-0.050182	-0.041304	0.014265	-0.038778	-0.185486	0.981882	-0.996408	0.081213	-0.024010	-0.075288	-0.979285	-0.187969
00579	9.535909	-0.367426	-2.494218	-0.057924	-0.029890	0.012120	-0.038882	-0.185765	0.981825	-0.996361	0.081793	-0.023982	-0.075852	-0.979184	-0.188270
00580	9.549921	-0.434062	-2.502058	-0.061092	-0.020793	0.005648	-0.038926	-0.186026	0.981773	-0.996313	0.082394	-0.023891	-0.076447	-0.979084	-0.188548
00581	9.511077	-0.495132	-2.497527	-0.047143	-0.010682	0.002550	-0.038920	-0.186126	0.981755	-0.996278	0.082850	-0.023789	-0.076911	-0.979027	-0.188658
00582	9.523996	-0.463583	-2.400189	-0.038037	-0.000695	-0.000079	-0.038893	-0.186196	0.981743	-0.996250	0.083214	-0.023686	-0.077284	-0.978982	-0.188734
00583	9.603061	-0.416508	-2.315542	-0.027836	0.006823	-0.005471	-0.038794	-0.186131	0.981759	-0.996232	0.083466	-0.023541	-0.077562	-0.978973	-0.188668
00584	9.593672	-0.393905	-2.161799	-0.022389	0.018606	-0.010084	-0.038653	-0.186022	0.981785	-0.996220	0.083659	-0.023371	-0.077787	-0.978978	-0.188552
00585	9.566852	-0.336005	-2.052479	-0.016949	0.019680	-0.011771	-0.038481	-0.185836	0.981827	-0.996213	0.083793	-0.023185	-0.077962	-0.979001	-0.188357
00586	9.573056	-0.224851	-2.073625	-0.018683	0.012910	-0.017066	-0.038275	-0.185789	0.981844	-0.996207	0.083936	-0.022953	-0.078147	-0.978998	-0.188297
00587	9.556137	-0.177807	-2.016762	-0.018842	0.024362	-0.017442	-0.038043	-0.185562	0.981896	-0.996200	0.084078	-0.022708	-0.078342	-0.979029	-0.188056
00588	9.526484	-0.151963	-1.957315	-0.012769	0.023962	-0.008144	-0.037917	-0.185400	0.981931	-0.996195	0.084179	-0.022574	-0.078473	-0.979051	-0.187886
00589	9.491278	-0.181097	-1.898890	-0.003412	0.016165	-0.007146	-0.037794	-0.185245	0.981965	-0.996197	0.084190	-0.022459	-0.078511	-0.979079	-0.187722
00590	9.499510	-0.139331	-1.723168	0.007132	0.010282	-0.008597	-0.037674	-0.185216	0.981975	-0.996207	0.084096	-0.022358	-0.078439	-0.979093	-0.187682
00591	9.469579	-0.104720	-1.565055	0.011138	0.005792	-0.005597	-0.037574	-0.185161	0.981990	-0.996219	0.083966	-0.022286	-0.078328	-0.979114	-0.187616
00592	9.444418	-0.080718	-1.484304	0.009411	-0.011698	-0.007969	-0.037477	-0.185346	0.981958	-0.996231	0.083851	-0.022195	-0.078224	-0.979089	-0.187790
00593	9.431022	-0.156197	-1.460670	0.006698	-0.023558	-0.001152	-0.037445	-0.185575	0.981916	-0.996238	0.083773	-0.022158	-0.078146	-0.979053	-0.188014
00594	9.460444	-0.235636	-1.497194	0.012731	-0.032237	-0.001139	-0.037432	-0.185953	0.981845	-0.996250	0.083639	-0.022141	-0.078003	-0.978992	-0.188387
00595	9.451863	-0.312327	-1.451466	0.021651	-0.041719	-0.001469	-0.037410	-0.186360	0.981769	-0.996269	0.083414	-0.022129	-0.077769	-0.978934	-0.188785
00596	9.448574	-0.334836	-1.406173	0.036690	-0.055491	-0.001475	-0.037411	-0.186965	0.981654	-0.996300	0.083043	-0.022153	-0.077378	-0.978850	-0.189380
00597	9.433210	-0.212601	-1.430334	0.048183	-0.077676	-0.009213	-0.037340	-0.187730	0.981511	-0.996342	0.082545	-0.022116	-0.076867	-0.978746	-0.190125
00598	9.450051	-0.092471	-1.563516	0.046443	-0.096324	-0.005495	-0.037332	-0.188735	0.981318	-0.996381	0.082071	-0.022120	-0.076363	-0.978593	-0.191116
00599	9.489506	0.046358	-1.652667	0.044290	-0.107159	0.000077	-0.037374	-0.189781	0.981115	-0.996416	0.081628	-0.022168	-0.075879	-0.978427	-0.192151
00600	9.512171	0.121909	-1.891497	0.023831	-0.120919	0.004758	-0.037486	-0.191017	0.980871	-0.996434	0.081395	-0.022229	-0.075592	-0.978206	-0.193387
00601	9.610652	0.048273	-2.277579	-0.006128	-0.126162	0.011027	-0.037651	-0.192239	0.980626	-0.996427	0.081466	-0.022287	-0.075603	-0.977961	-0.194619
00602	9.740684	-0.182454	-2.600344	-0.025442	-0.111525	0.010298	-0.037809	-0.193378	0.980396	-0.996405	0.081726	-0.022307	-0.075810	-0.977715	-0.195773
00603	9.787903	-0.328133	-2.875737	-0.033628	-0.087233	0.012921	-0.037965	-0.194217	0.980224	-0.996376	0.082070	-0.022329	-0.076110	-0.977519	-0.196629
00604	9.867768	-0.521198	-3.133545	-0.026892	-0.081061	0.015165	-0.038149	-0.195056	0.980050	-0.996352	0.082353	-0.022393	-0.076342	-0.977329	-0.197486
00605	9.848653	-0.584531	-3.287891	-0.015729	-0.039366	0.009754	-0.038236	-0.195430	0.979972	-0.996338	0.082515	-0.022419	-0.076481	-0.977240	-0.197869
00606	9.731035	-0.573239	-3.314395	-0.011877	-0.016656	0.012332	-0.038345	-0.195645	0.979925	-0.996325	0.082647	-0.022486	-0.076588	-0.977186	-0.198095
00607	9.604908	-0.495403	-3.309190	-0.011291	0.010735	0.008165	-0.038378	-0.195531	0.979946	-0.996315	0.082763	-0.022505	-0.076703	-0.977199	-0.197986
00608	9.543079	-0.533985	-3.218947	-0.017407	0.041461	0.004932	-0.038369	-0.195188	0.980015	-0.996301	0.082934	-0.022489	-0.076887	-0.977253	-0.197648
00609	9.496098	-0.541470	-3.027648	-0.000269	0.075707	-0.006594	-0.038206	-0.194451	0.980168	-0.996305	0.082914	-0.022386	-0.076917	-0.977402	-0.196900
00610	9.509441	-0.379517	-2.791851	0.018779	0.089547	-0.012439	-0.037988	-0.193656	0.980334	-0.996326	0.082697	-0.022272	-0.076758	-0.977578	-0.196086
00611	9.547045	-0.296342	-2.612528	0.024346	0.104495	-0.010652	-0.037762	-0.192640	0.980543	-0.996350	0.082428	-0.022177	-0.076552	-0.977801	-0.195050
00612	9.493220	-0.270348	-2.413546	0.037041	0.117821	-0.008474	-0.037564	-0.191568	0.980760	-0.996383	0.082041	-0.022137	-0.076222	-0.978045	-0.193956
00613	9.515470	-0.230722	-2.179671	0.050648	0.129447	-0.006526	-0.037360	-0.190304	0.981014	-0.996426	0.081523	-0.022133	-0.075763	-0.978335	-0.192669
00614	9.519497	-0.156125	-1.990700	0.061460	0.120979	-0.007037	-0.037175	-0.189199	0.981235	-0.996476	0.080900	-0.022154	-0.075191	-0.978601	-0.191540
00615	9.616653	-0.057741	-1.846730	0.067803	0.119197	-0.002887	-0.037017	-0.188032	0.981465	-0.996529	0.080221	-0.022216	-0.074557	-0.978881	-0.190349
00616	9.596321	-0.057702	-1.680870	0.064519	0.112055	-0.000657	-0.036903	-0.187007	0.981665	-0.996579	0.079580	-0.022304	-0.073950	-0.979130	-0.189304
00617	9.593234	-0.047869	-1.594073	0.060311	0.106630	0.001797	-0.036803	-0.185959	0.981868	-0.996624	0.078983	-0.022397	-0.073386	-0.979378	-0.188238
00618	9.582402	-0.014676	-1.605802	0.048791	0.094061	0.003220	-0.036740	-0.185106	0.982031	-0.996660	0.078502	-0.022491	-0.072928	-0.979578	-0.187372
00619	9.581541	0.006690	-1.670916	0.038574	0.086571	0.008606	-0.036723	-0.184249	0.982193	-0.996687	0.078130	-0.022609	-0.072573	-0.979769	-0.186507
00620	9.567450	-0.048092	-1.711083	0.026244	0.078885	0.016665	-0.036806	-0.183533	0.982324	-0.996701	0.077895	-0.022791	-0.072336	-0.979923	-0.185794
00621	9.527651	-0.144571	-1.747758	0.016201	0.070631	0.019511	-0.036910	-0.182822	0.982453	-0.996707	0.077763	-0.022975	-0.072198	-0.980066	-0.185090
00622	9.540737	-0.235795	-1.695856	0.004798	0.073124	0.018288	-0.037013	-0.182160	0.982572	-0.996705	0.077742	-0.023133	-0.072173	-0.980191	-0.184437
00623	9.566990	-0.251132	-1.669975	0.001296	0.063466	0.016695	-0.037094	-0.181522	0.982687	-0.996701	0.077750	-0.023261	-0.072182	-0.980309	-0.183807
00624	9.596136	-0.178768	-1.618344	-0.001437	0.054012	0.011332	-0.037141	-0.181051	0.982772	-0.996698	0.077776	-0.023339	-0.072211	-0.980393	-0.183342
00625	9.679645	-0.077391	-1.802669	-0.017927	0.041997	0.015770	-0.037228	-0.180624	0.982847	-0.996680	0.077971	-0.023423	-0.072403	-0.980457	-0.182927
00626	9.680947	-0.089132	-1.898245	-0.045214	0.052483	0.024029	-0.037402	-0.180158	0.982926	-0.996640	0.078451	-0.023545	-0.072870	-0.980504	-0.182486
00627	9.597506	-0.180844	-1.878555	-0.057893	0.048678	0.024944	-0.037576	-0.179658	0.983011	-0.996590	0.079054	-0.023646	-0.073463	-0.980548	-0.182015
00628	9.579852	-0.069368	-2.017291	-0.064963	0.034473	0.024599	-0.037767	-0.179367	0.983057	-0.996534	0.079726	-0.023738	-0.074117	-0.980546	-0.181756
00629	9.534095	-0.030820	-2.202582	-0.087768	0.039484	0.022110	-0.037918	-0.178959	0.983126	-0.996462	0.080617	-0.023758	-0.075005	-0.980548	-0.181383
00630	9.508773	-0.062383	-2.093968	-0.105329	0.054675	0.029733	-0.038145	-0.178466	0.983206	-0.996373	0.081695	-0.023827	-0.076071	-0.980549	-0.180935
00631	9.454940	0.225293	-1.844425	-0.135505	0.050207	0.038348	-0.038449	-0.177939	0.983290	-0.996256	0.083082	-0.023921	-0.077438	-0.980528	-0.180467
00632	9.591936	0.656459	-1.554056	-0.205665	0.036678	0.056113	-0.038949	-0.177600	0.983332	-0.996074	0.085191	-0.024068	-0.079496	-0.980408	-0.180221
00633	9.693888	0.649855	-1.220590	-0.307401	0.035281	0.072506	-0.039603	-0.177189	0.983380	-0.995798	0.088324	-0.024189	-0.082570	-0.980206	-0.179942
00634	9.928647	0.591482	-0.817251	-0.340883	0.006926	0.105294	-0.040643	-0.177085	0.983356	-0.995454	0.092017	-0.024573	-0.086134	-0.979885	-0.180020
00635	10.371029	0.771056	-0.076399	-0.408428	-0.062442	0.156363	-0.042215	-0.177547	0.983206	-0.995031	0.096285	-0.025335	-0.090170	-0.979391	-0.180729
00636	10.630386	0.904932	0.223843	-0.493500	-0.075201	0.179535	-0.044064	-0.178160	0.983014	-0.994481	0.101601	-0.026165	-0.095214	-0.978742	-0.181653
00637	10.491924	0.404272	-0.051474	-0.601509	-0.080401	0.157915	-0.045673	-0.178779	0.982829	-0.993822	0.107758	-0.026583	-0.101155	-0.977970	-0.182596
00638	10.320145	-0.270303	0.138271	-0.617683	-0.068508	0.148073	-0.047207	-0.179331	0.982656	-0.993092	0.114226	-0.026862	-0.107428	-0.977135	-0.183484
00639	9.981501	-0.615364	0.699861	-0.572228	-0.107978	0.169417	-0.048968	-0.180185	0.982413	-0.992381	0.120110	-0.027435	-0.113054	-0.976272	-0.184694
00640	9.921434	-0.272561	1.269819	-0.475867	-0.203698	0.166683	-0.050847	-0.182006	0.981982	-0.991730	0.125220	-0.028143	-0.117842	-0.975292	-0.186868
00641	9.946036	0.252601	1.907551	-0.444791	-0.282826	0.127493	-0.052410	-0.184599	0.981415	-0.991133	0.129780	-0.028518	-0.122103	-0.974208	-0.189764
00642	9.633277	0.169574	2.288733	-0.430852	-0.391815	0.103835	-0.053915	-0.188302	0.980630	-0.990522	0.134333	-0.028665	-0.126333	-0.972881	-0.193759
00643	9.680192	0.054736	1.951088	-0.413745	-0.566749	0.075170	-0.055347	-0.193707	0.979497	-0.989952	0.138488	-0.028550	-0.130118	-0.971236	-0.199426
00644	9.946573	0.319573	2.036787	-0.321375	-0.639620	0.088044	-0.057048	-0.199802	0.978174	-0.989458	0.141943	-0.028713	-0.133108	-0.969501	-0.205793
00645	9.741713	1.024523	1.960947	-0.266537	-0.762514	0.125399	-0.059272	-0.207007	0.976542	-0.989030	0.144769	-0.029342	-0.135299	-0.967569	-0.213317
00646	9.606730	1.412854	0.695871	-0.323545	-0.948693	0.162186	-0.062158	-0.215934	0.974427	-0.988467	0.148400	-0.030168	-0.138091	-0.965065	-0.222668
00647	9.520386	1.663346	-0.732612	-0.338841	-0.995055	0.225886	-0.065738	-0.225184	0.972096	-0.987853	0.152153	-0.031557	-0.140801	-0.962363	-0.232451
00648	9.297337	1.445788	-2.004072	-0.384739	-1.029981	0.304594	-0.070194	-0.234600	0.969554	-0.987075	0.156710	-0.033543	-0.144070	-0.959377	-0.242568
00649	9.258690	0.877568	-3.038579	-0.412703	-1.011046	0.380484	-0.075381	-0.243679	0.966922	-0.986200	0.161561	-0.036168	-0.147404	-0.956305	-0.252495
00650	8.939106	0.362861	-3.689323	-0.397203	-0.984716	0.410865	-0.080879	-0.252396	0.964238	-0.985263	0.166531	-0.039051	-0.150719	-0.953186	-0.262146
00651	9.055807	-0.252936	-4.098228	-0.406855	-0.985838	0.426839	-0.086544	-0.261057	0.961436	-0.984289	0.171486	-0.042038	-0.153899	-0.949969	-0.271797
00652	9.169831	-0.766521	-4.271004	-0.422367	-0.940134	0.424110	-0.092163	-0.269227	0.958657	-0.983227	0.176775	-0.044880	-0.157384	-0.946714	-0.281003
00653	9.098194	-1.315295	-4.210471	-0.420249	-0.827451	0.407348	-0.097442	-0.276319	0.956114	-0.982177	0.181846	-0.047545	-0.160728	-0.943706	-0.289113
00654	8.466883	-1.517532	-5.004866	-0.452613	-0.782966	0.358356	-0.102221	-0.283029	0.953648	-0.981056	0.187270	-0.049580	-0.164557	-0.940651	-0.296811
00655	8.061882	-1.855578	-6.457856	-0.516352	-0.698665	0.313586	-0.106421	-0.288996	0.951397	-0.979873	0.193003	-0.050980	-0.168889	-0.937673	-0.303719
00656	7.540128	-2.508911	-7.446436	-0.554043	-0.495912	0.297432	-0.110181	-0.293061	0.949724	-0.978572	0.199214	-0.052055	-0.173943	-0.935109	-0.308731
00657	7.017491	-2.905239	-8.385410	-0.568229	-0.342980	0.298826	-0.113668	-0.295663	0.948506	-0.977240	0.205387	-0.053090	-0.179114	-0.932952	-0.312279
00658	6.999787	-3.336728	-9.338554	-0.625102	-0.169236	0.319596	-0.117106	-0.296592	0.947797	-0.975701	0.212318	-0.054114	-0.185184	-0.931104	-0.314249
00659	7.110547	-3.338072	-9.042613	-0.622452	0.140215	0.357735	-0.120290	-0.294518	0.948045	-0.974110	0.219154	-0.055515	-0.191418	-0.930178	-0.313255
00660	6.852955	-2.916440	-7.548969	-0.634893	0.344929	0.395252	-0.123487	-0.290467	0.948883	-0.972357	0.226374	-0.057246	-0.198174	-0.929722	-0.310392
00661	6.878697	-2.687367	-6.881858	-0.788089	0.362222	0.411631	-0.126713	-0.286155	0.949768	-0.970254	0.234871	-0.058682	-0.206280	-0.928952	-0.307404
00662	7.453384	-2.655637	-6.592378	-0.938594	0.403841	0.399936	-0.129767	-0.281497	0.950747	-0.967721	0.244880	-0.059580	-0.216047	-0.927790	-0.304188
00663	7.838947	-2.475421	-5.707310	-1.005643	0.418104	0.381860	-0.132493	-0.276669	0.951788	-0.965002	0.255256	-0.060134	-0.226312	-0.926444	-0.300806
00664	8.194178	-2.543553	-5.388264	-0.931792	0.319550	0.335728	-0.135030	-0.272898	0.952520	-0.962358	0.264964	-0.060512	-0.235870	-0.924836	-0.298403
00665	8.689629	-2.153135	-5.009107	-0.739741	0.250277	0.248552	-0.136780	-0.269921	0.953118	-0.960254	0.272462	-0.060643	-0.243319	-0.923530	-0.296460
00666	9.632370	-2.078889	-3.520963	-0.417277	0.247685	0.094319	-0.137123	-0.267441	0.953768	-0.959055	0.276728	-0.060287	-0.247811	-0.922983	-0.294436
00667	10.779572	-1.793027	-3.186338	0.045980	0.249948	-0.063101	-0.135859	-0.265312	0.954543	-0.959261	0.276123	-0.059783	-0.247710	-0.923778	-0.292018
00668	11.208965	-0.612928	-3.184840	0.591640	0.297646	-0.185848	-0.133394	-0.263131	0.955494	-0.960917	0.270320	-0.059709	-0.242578	-0.926115	-0.288906
00669	10.349408	1.437076	-2.126691	0.997876	0.227917	-0.270330	-0.130211	-0.261738	0.956315	-0.963654	0.260340	-0.059957	-0.233274	-0.929363	-0.286124
00670	10.678731	3.555056	-1.746753	1.139264	0.014459	-0.224827	-0.128053	-0.262239	0.956469	-0.966498	0.249308	-0.061042	-0.222448	-0.932242	-0.285379
00671	10.925733	4.549150	-1.555024	1.020105	-0.023865	-0.095230	-0.127144	-0.262699	0.956464	-0.968844	0.239523	-0.063003	-0.212545	-0.934675	-0.284968
00672	10.803971	4.671337	-0.939765	0.769608	-0.057421	0.053290	-0.127808	-0.263170	0.956246	-0.970347	0.232626	-0.065671	-0.205165	-0.936283	-0.285098
00673	10.557946	4.515409	-0.587093	0.447530	-0.073352	0.181667	-0.129681	-0.263442	0.955919	-0.971027	0.228899	-0.068648	-0.200725	-0.937125	-0.285492
00674	10.460722	4.207742	-0.522148	0.042934	-0.075135	0.287484	-0.132631	-0.263542	0.955487	-0.970701	0.229416	-0.071465	-0.200370	-0.936971	-0.286248
00675	10.241493	3.141048	-1.192872	-0.357419	-0.053091	0.357563	-0.136167	-0.263215	0.955079	-0.969504	0.233692	-0.073819	-0.203764	-0.936005	-0.287009
00676	9.874891	1.469186	-2.375109	-0.666904	-0.027736	0.409357	-0.140181	-0.262552	0.954681	-0.967524	0.241165	-0.075743	-0.210350	-0.934294	-0.287832
00677	9.456312	-0.238646	-3.283535	-0.814417	0.026708	0.438928	-0.144326	-0.261229	0.954426	-0.965160	0.249904	-0.077550	-0.218256	-0.932367	-0.288195
00678	9.206745	-1.845626	-3.889006	-0.831660	0.034393	0.434885	-0.148429	-0.259852	0.954173	-0.962638	0.258943	-0.079228	-0.226489	-0.930283	-0.288578
00679	8.949221	-3.044196	-4.247213	-0.734098	0.061110	0.410130	-0.152193	-0.258210	0.954026	-0.960339	0.266815	-0.080985	-0.233637	-0.928513	-0.288577
00680	8.465651	-3.794164	-4.341066	-0.535267	0.089991	0.350464	-0.155337	-0.256480	0.953985	-0.958496	0.272845	-0.082716	-0.239075	-0.927240	-0.288218
00681	7.996010	-4.062347	-4.482361	-0.332860	0.080930	0.282118	-0.157805	-0.254960	0.953988	-0.957259	0.276639	-0.084412	-0.242388	-0.926535	-0.287718
00682	7.521521	-4.021013	-4.306470	-0.141276	0.078333	0.236242	-0.159880	-0.253631	0.953997	-0.956499	0.278709	-0.086201	-0.244024	-0.926279	-0.287158
00683	6.903034	-3.746993	-4.049815	0.039836	0.061014	0.197459	-0.161580	-0.252521	0.954005	-0.956286	0.278827	-0.088163	-0.243740	-0.926547	-0.286535
00684	6.697803	-3.174149	-4.101860	0.174290	0.022062	0.175892	-0.163226	-0.251881	0.953894	-0.956381	0.277817	-0.090292	-0.242265	-0.927024	-0.286241
00685	6.936380	-2.608705	-4.260290	0.257823	0.020388	0.173009	-0.164792	-0.251218	0.953799	-0.956726	0.275849	-0.092643	-0.239831	-0.927791	-0.285804
00686	7.665122	-1.966183	-4.229432	0.296560	0.074700	0.194074	-0.166497	-0.250048	0.953811	-0.957069	0.273745	-0.095301	-0.237271	-0.928730	-0.284891
00687	8.267440	-1.537236	-3.919603	0.301479	0.140684	0.213962	-0.168174	-0.248162	0.954009	-0.957430	0.271465	-0.098162	-0.234620	-0.929905	-0.283251
00688	8.777289	-1.533539	-3.521688	0.320222	0.157200	0.214935	-0.169894	-0.246178	0.954218	-0.957771	0.269180	-0.101081	-0.231973	-0.931095	-0.281514
00689	9.438084	-1.339601	-3.122266	0.379864	0.135629	0.209070	-0.171545	-0.244360	0.954390	-0.958296	0.266141	-0.104105	-0.228564	-0.932447	-0.279824
00690	10.073275	-1.093511	-2.652059	0.421713	0.133612	0.177802	-0.172977	-0.242702	0.954555	-0.958904	0.262804	-0.106945	-0.224905	-0.933825	-0.278187
00691	10.656557	-1.174052	-1.719903	0.403634	0.162072	0.157093	-0.174083	-0.240782	0.954840	-0.959539	0.259400	-0.109527	-0.221314	-0.935273	-0.276196
00692	11.785069	-0.334338	-0.326084	0.562600	0.151869	0.116564	-0.174898	-0.239116	0.955110	-0.960527	0.254578	-0.112155	-0.216332	-0.937024	-0.274202
00693	12.213026	0.387085	0.420053	0.431489	0.031124	0.041398	-0.175189	-0.238723	0.955154	-0.961386	0.250620	-0.113695	-0.212239	-0.938190	-0.273411
00694	11.468886	0.167387	0.273267	0.321512	-0.013989	0.009245	-0.175329	-0.238876	0.955090	-0.962009	0.247789	-0.114625	-0.209280	-0.938903	-0.273246
00695	10.660278	-0.110442	0.825287	0.228250	-0.099960	0.027358	-0.175761	-0.239751	0.954792	-0.962444	0.245699	-0.115474	-0.206907	-0.939229	-0.273932
00696	10.055024	-0.656802	0.895959	0.093397	-0.205749	0.043753	-0.176620	-0.241610	0.954165	-0.962523	0.245090	-0.116107	-0.205804	-0.938912	-0.275843
00697	9.951167	-1.433024	0.484137	-0.040174	-0.311522	0.034698	-0.177556	-0.244452	0.953267	-0.962386	0.245540	-0.116289	-0.205638	-0.938058	-0.278854
00698	9.631914	-2.072675	-0.131857	-0.054970	-0.367080	0.009621	-0.178416	-0.247891	0.952217	-0.962219	0.246241	-0.116186	-0.205674	-0.936971	-0.282459
00699	9.252249	-1.659938	-0.782257	-0.068135	-0.490765	-0.018696	-0.179205	-0.252536	0.950848	-0.962120	0.246820	-0.115777	-0.205450	-0.935578	-0.287201
00700	9.332585	-1.267490	-2.053460	-0.083220	-0.628212	-0.019304	-0.180324	-0.258468	0.949040	-0.961948	0.247709	-0.115314	-0.205280	-0.933721	-0.293301
00701	9.571658	-1.148700	-3.547661	-0.095217	-0.643016	-0.011902	-0.181490	-0.264500	0.947154	-0.961781	0.248553	-0.114882	-0.205032	-0.931805	-0.299501
00702	9.743785	-1.125318	-4.629465	-0.096388	-0.571863	-0.022272	-0.182465	-0.269890	0.945445	-0.961587	0.249551	-0.114343	-0.205077	-0.929991	-0.305057
00703	9.528988	-1.536278	-5.465746	-0.057235	-0.469203	-0.027393	-0.183124	-0.274322	0.944041	-0.961528	0.249995	-0.113871	-0.204768	-0.928574	-0.309549
00704	9.089906	-1.545960	-5.634275	-0.022246	-0.338399	-0.049890	-0.183355	-0.277604	0.943036	-0.961537	0.250223	-0.113293	-0.204519	-0.927537	-0.312806
00705	8.546242	-1.966179	-5.130170	0.049257	-0.222202	-0.068987	-0.183106	-0.279841	0.942423	-0.961771	0.249561	-0.112761	-0.203637	-0.927043	-0.314839
00706	8.082182	-2.422606	-4.752590	0.113145	-0.215475	-0.099320	-0.182612	-0.282108	0.941843	-0.962145	0.248394	-0.112148	-0.202310	-0.926669	-0.316788
00707	7.990343	-2.805601	-4.502517	0.162360	-0.182191	-0.136813	-0.181623	-0.284138	0.941424	-0.962729	0.246489	-0.111339	-0.200415	-0.926557	-0.318316
00708	8.065065	-2.702724	-3.913253	0.200235	-0.154013	-0.155797	-0.180460	-0.285976	0.941091	-0.963373	0.244349	-0.110481	-0.198360	-0.926559	-0.319597
00709	8.428884	-2.398736	-3.484972	0.177671	-0.165656	-0.145719	-0.179344	-0.287869	0.940727	-0.963993	0.242271	-0.109643	-0.196348	-0.926518	-0.320954
00710	8.889763	-1.699139	-3.039676	0.127867	-0.153561	-0.136754	-0.178364	-0.289649	0.940367	-0.964450	0.240855	-0.108745	-0.194994	-0.926333	-0.322311
00711	9.429220	-0.770628	-2.475609	0.071615	-0.173037	-0.114199	-0.177560	-0.291529	0.939938	-0.964800	0.239846	-0.107866	-0.193994	-0.926005	-0.323855
00712	9.796914	-0.232365	-1.884091	-0.028013	-0.192281	-0.097326	-0.177030	-0.293569	0.939403	-0.964881	0.239979	-0.106836	-0.194073	-0.925325	-0.325743
00713	9.700242	-0.416081	-1.304702	-0.079797	-0.183221	-0.106702	-0.176317	-0.295524	0.938924	-0.964922	0.240389	-0.105537	-0.194518	-0.924597	-0.327542
00714	9.366047	-0.543740	-0.421841	-0.029088	-0.229113	-0.130808	-0.175537	-0.297975	0.938295	-0.965058	0.240433	-0.104189	-0.194552	-0.923798	-0.329768
00715	9.473392	-0.707981	0.372549	0.014123	-0.357653	-0.161545	-0.174633	-0.301668	0.937283	-0.965375	0.239804	-0.102685	-0.193788	-0.922762	-0.333101
00716	9.688003	-0.791785	1.161638	0.020883	-0.454902	-0.187477	-0.173733	-0.306323	0.935940	-0.965707	0.239198	-0.100971	-0.192945	-0.921385	-0.337375
00717	9.715422	-1.049415	1.710845	-0.030089	-0.554942	-0.197193	-0.172858	-0.311907	0.934256	-0.965998	0.238851	-0.098989	-0.192273	-0.919600	-0.342588
00718	9.885268	-1.290390	1.829549	-0.106353	-0.717929	-0.220274	-0.172140	-0.319023	0.931983	-0.966137	0.239290	-0.096539	-0.192216	-0.917041	-0.349411
00719	10.327796	-0.971445	1.515346	-0.218893	-0.858028	-0.219131	-0.171636	-0.327406	0.929164	-0.966099	0.240570	-0.093690	-0.192855	-0.913746	-0.357598
00720	10.901542	-0.516437	1.101814	-0.357842	-0.978651	-0.205264	-0.171579	-0.336806	0.925809	-0.965722	0.243304	-0.090463	-0.194785	-0.909596	-0.367007
00721	11.267422	0.076075	0.185429	-0.470067	-1.102566	-0.192790	-0.171841	-0.347285	0.921881	-0.965139	0.246893	-0.086896	-0.197428	-0.904675	-0.377604
00722	11.757377	0.542260	-0.375858	-0.568459	-1.193371	-0.165674	-0.172650	-0.358427	0.917454	-0.964254	0.251589	-0.083167	-0.201012	-0.899018	-0.389052
00723	11.768722	1.031524	-0.311163	-0.599401	-1.233297	-0.161209	-0.173558	-0.369892	0.912720	-0.963325	0.256356	-0.079290	-0.204653	-0.893007	-0.400819
00724	11.349594	1.618348	-0.059563	-0.610148	-1.324505	-0.185912	-0.174528	-0.382114	0.907485	-0.962351	0.261236	-0.075081	-0.208378	-0.886422	-0.413321
00725	11.135309	1.862429	0.384782	-0.644166	-1.430056	-0.211200	-0.175464	-0.395301	0.901637	-0.961373	0.266084	-0.070431	-0.212070	-0.879168	-0.426720
00726	11.231404	1.643539	1.130020	-0.674588	-1.490460	-0.219671	-0.176561	-0.408883	0.895344	-0.960278	0.271253	-0.065491	-0.216086	-0.871342	-0.440533
00727	11.338135	1.477134	2.529634	-0.624583	-1.559610	-0.244944	-0.177566	-0.423084	0.888521	-0.959359	0.275632	-0.060476	-0.219318	-0.863150	-0.454832
00728	11.835964	1.886103	4.304549	-0.619051	-1.764133	-0.248662	-0.179088	-0.438850	0.880533	-0.958396	0.280020	-0.055365	-0.222270	-0.853815	-0.470740
00729	12.925177	2.449603	4.710011	-0.696365	-2.042460	-0.209692	-0.181611	-0.456774	0.870847	-0.957224	0.284968	-0.050154	-0.225255	-0.842705	-0.488988
00730	13.925086	3.528244	2.618734	-0.842249	-2.298651	-0.135901	-0.185538	-0.476292	0.859489	-0.955519	0.291519	-0.044721	-0.229257	-0.829556	-0.509194
00731	14.263521	3.988007	-0.495244	-0.973750	-2.363120	-0.054046	-0.190458	-0.495893	0.847240	-0.953373	0.299243	-0.039168	-0.234107	-0.815195	-0.529764
00732	13.549035	4.191812	-2.894242	-1.070554	-2.376650	0.068294	-0.196734	-0.514770	0.834451	-0.950661	0.308374	-0.033898	-0.239873	-0.799949	-0.550039
00733	13.384856	2.670111	-4.422835	-1.255377	-2.317903	0.184310	-0.204089	-0.532555	0.821421	-0.947243	0.319258	-0.028364	-0.247140	-0.783874	-0.569617
00734	13.064734	-0.116386	-4.332209	-1.263111	-2.108844	0.236891	-0.211610	-0.548038	0.809244	-0.943535	0.330480	-0.022918	-0.254879	-0.768399	-0.587026
00735	12.186983	-3.051892	-3.291299	-1.056436	-1.967484	0.201135	-0.218538	-0.562349	0.797499	-0.940388	0.339615	-0.018217	-0.260598	-0.753940	-0.603045
00736	10.636387	-5.115785	-3.439207	-0.714333	-2.016125	0.125803	-0.224993	-0.576853	0.785251	-0.938190	0.345804	-0.014783	-0.263015	-0.740041	-0.619001
00737	9.628576	-6.533445	-6.601191	-0.455709	-2.130349	0.039719	-0.230924	-0.592340	0.771885	-0.936912	0.349352	-0.012204	-0.262431	-0.726007	-0.635645
00738	8.790141	-7.060688	-10.018933	-0.071876	-2.063959	0.002934	-0.236342	-0.607051	0.758704	-0.936668	0.350023	-0.011721	-0.258448	-0.713423	-0.651330
00739	7.885445	-7.124066	-11.225385	0.181477	-1.890536	-0.019444	-0.240949	-0.620513	0.746262	-0.937188	0.348592	-0.012741	-0.252235	-0.702458	-0.665530
00740	7.513708	-6.653114	-10.390352	0.408457	-1.807697	-0.078812	-0.244626	-0.633307	0.734221	-0.938404	0.345221	-0.014883	-0.244043	-0.692636	-0.678748
00741	7.311134	-6.200007	-9.084978	0.600520	-1.717427	-0.173538	-0.247064	-0.645730	0.722490	-0.940276	0.339951	-0.017705	-0.234178	-0.683715	-0.691155
00742	7.226915	-5.544771	-9.110347	0.698050	-1.615318	-0.296980	-0.247913	-0.657624	0.711386	-0.942620	0.333241	-0.020440	-0.223621	-0.675634	-0.702504
00743	6.908277	-5.038766	-8.160137	0.905779	-1.387386	-0.385792	-0.247252	-0.668232	0.701664	-0.945557	0.324564	-0.024095	-0.211634	-0.669421	-0.712100
00744	6.248859	-3.697127	-7.778245	1.069979	-1.210335	-0.459316	-0.245343	-0.677690	0.693212	-0.948893	0.314303	-0.028569	-0.198518	-0.664793	-0.720167
00745	6.152429	-2.602963	-7.226486	1.162971	-1.032922	-0.436236	-0.243138	-0.685895	0.685881	-0.952198	0.303589	-0.033950	-0.184940	-0.661349	-0.726922
00746	6.515557	-0.178566	-7.350934	1.371002	-0.841170	-0.386416	-0.240911	-0.692519	0.679984	-0.955575	0.291836	-0.041334	-0.169820	-0.659734	-0.732061
00747	4.889555	0.207487	-8.367553	1.081821	-0.470920	-0.392949	-0.237885	-0.696760	0.676710	-0.958300	0.281941	-0.046578	-0.158339	-0.659571	-0.734775
00748	3.658103	0.842898	-7.946646	0.772703	-0.325946	-0.244054	-0.236013	-0.699511	0.674523	-0.960080	0.275106	-0.050630	-0.150149	-0.659546	-0.736515
00749	5.332703	1.060849	-6.647731	0.442800	-0.053767	-0.065567	-0.235424	-0.700052	0.674168	-0.960899	0.271696	-0.053425	-0.145768	-0.660385	-0.736643
00750	6.662414	0.831698	-5.694529	0.180432	0.605341	0.067120	-0.235152	-0.695784	0.678666	-0.961013	0.270933	-0.055216	-0.145455	-0.665191	-0.732368
00751	6.616846	0.775053	-5.097206	-0.076273	1.281525	0.145601	-0.234624	-0.686815	0.687922	-0.960569	0.272421	-0.055630	-0.149197	-0.673849	-0.723649
00752	6.145424	0.332677	-4.672065	-0.424792	1.719214	0.228124	-0.234140	-0.674435	0.700225	-0.959392	0.276824	-0.054171	-0.157304	-0.684475	-0.711864
00753	6.136204	-0.539502	-4.853593	-0.702906	1.992747	0.303369	-0.233761	-0.659839	0.714121	-0.957547	0.283671	-0.051335	-0.168703	-0.695804	-0.698137
00754	6.366138	-1.489167	-5.523389	-0.805149	2.238553	0.354442	-0.233189	-0.643023	0.729482	-0.955318	0.291599	-0.048342	-0.181632	-0.708160	-0.682289
00755	6.521300	-1.838993	-5.538677	-0.794777	2.460232	0.439082	-0.232707	-0.624145	0.745849	-0.952808	0.300036	-0.046201	-0.194945	-0.721402	-0.664511
00756	6.841763	-2.050062	-5.160562	-0.791657	2.603247	0.523625	-0.232399	-0.603507	0.762739	-0.950003	0.308984	-0.044977	-0.208530	-0.735057	-0.645141
00757	7.420128	-1.959252	-5.208882	-0.797861	2.754172	0.564626	-0.231780	-0.581307	0.779974	-0.946983	0.318224	-0.044239	-0.222490	-0.748876	-0.624246
00758	8.018254	-1.776916	-5.023150	-0.824314	2.924270	0.597737	-0.230677	-0.557179	0.797709	-0.943716	0.327829	-0.043919	-0.237042	-0.762941	-0.601441
00759	8.618775	-2.063901	-5.149902	-0.883310	3.004856	0.667942	-0.229578	-0.531834	0.815136	-0.940027	0.338242	-0.044067	-0.252277	-0.776367	-0.577591
00760	8.529637	-3.162420	-5.512458	-0.836952	3.110664	0.707502	-0.228104	-0.504948	0.832464	-0.936242	0.348437	-0.045189	-0.267243	-0.789696	-0.552233
00761	8.378152	-3.916649	-5.867592	-0.701142	3.128516	0.686334	-0.225904	-0.477624	0.849024	-0.932772	0.357370	-0.047147	-0.280897	-0.802597	-0.526246
00762	8.626422	-3.891546	-5.991528	-0.410347	3.156648	0.657689	-0.222968	-0.449605	0.864951	-0.930129	0.363714	-0.050710	-0.291795	-0.815823	-0.499287
00763	8.437692	-3.234947	-5.912575	-0.114181	3.247969	0.593911	-0.218837	-0.420720	0.880400	-0.928489	0.367219	-0.055306	-0.300031	-0.829545	-0.470995
00764	8.176695	-2.140488	-5.796054	0.136516	3.296338	0.532894	-0.213783	-0.391078	0.895184	-0.927757	0.368215	-0.060700	-0.305882	-0.843490	-0.441543
00765	8.184060	-1.464972	-5.456354	0.233212	3.326994	0.500285	-0.208127	-0.360957	0.909062	-0.927430	0.368096	-0.066174	-0.310736	-0.856864	-0.411373
00766	8.055819	-0.751180	-4.799012	0.307595	3.358466	0.477804	-0.202046	-0.330099	0.922069	-0.927418	0.367068	-0.071808	-0.314758	-0.869652	-0.380305
00767	8.311188	-0.265509	-4.321181	0.268859	3.302592	0.464995	-0.195856	-0.299492	0.933780	-0.927353	0.366164	-0.077069	-0.318835	-0.881038	-0.349450
00768	8.731833	-0.004022	-4.143552	0.241043	3.304600	0.458472	-0.189496	-0.268422	0.944479	-0.927249	0.365307	-0.082218	-0.322956	-0.891347	-0.318119
00769	8.998276	0.080184	-4.090806	0.173249	3.315676	0.443150	-0.182781	-0.237107	0.954134	-0.926996	0.364863	-0.086912	-0.327520	-0.900364	-0.286487
00770	9.113797	-0.122106	-3.969464	0.154053	3.374280	0.424230	-0.175575	-0.204938	0.962899	-0.926749	0.364386	-0.091430	-0.332130	-0.908418	-0.253904
00771	9.113976	-0.176929	-3.499817	0.183348	3.402172	0.382643	-0.167712	-0.172525	0.970622	-0.926712	0.363427	-0.095527	-0.336269	-0.915509	-0.220832
00772	9.082882	-0.137817	-3.133683	0.212691	3.383539	0.327769	-0.159302	-0.140155	0.977230	-0.926899	0.361967	-0.099184	-0.339824	-0.921595	-0.187572
00773	9.257965	-0.310509	-3.093056	0.209165	3.325420	0.261725	-0.150335	-0.108487	0.982665	-0.927215	0.360352	-0.102069	-0.343032	-0.926486	-0.154765
00774	9.483535	-0.454481	-2.889603	0.266772	3.300895	0.201230	-0.140830	-0.077019	0.987033	-0.927844	0.358045	-0.104446	-0.345358	-0.930522	-0.121885
00775	9.534074	-0.670317	-2.453965	0.341532	3.239776	0.141010	-0.130890	-0.046323	0.990314	-0.928840	0.354944	-0.106163	-0.346588	-0.933739	-0.089485
00776	9.463080	-0.588714	-1.720420	0.422440	3.148217	0.074850	-0.120664	-0.016532	0.992556	-0.930213	0.351003	-0.107239	-0.346618	-0.936228	-0.057732
00777	9.316283	-0.348436	-0.856498	0.493140	2.998141	0.007139	-0.110316	0.011583	0.993829	-0.931917	0.346380	-0.107481	-0.345487	-0.938023	-0.027417
00778	9.184592	0.033922	-0.186270	0.541270	2.800054	-0.020898	-0.100465	0.037880	0.994219	-0.933805	0.341293	-0.107364	-0.343387	-0.939193	0.001085
00779	9.030197	0.418221	0.349704	0.566227	2.594607	-0.022360	-0.091344	0.062175	0.993877	-0.935768	0.335984	-0.107021	-0.340580	-0.939813	0.027491
00780	8.902288	0.634468	0.778903	0.552825	2.335424	0.001004	-0.083421	0.084213	0.992950	-0.937643	0.330778	-0.106828	-0.337442	-0.939944	0.051368
00781	8.706814	0.924780	1.271632	0.525775	2.100609	0.050610	-0.076802	0.104115	0.991595	-0.939372	0.325790	-0.106964	-0.334189	-0.939692	0.072781
00782	8.708363	1.033758	1.521030	0.460288	1.807666	0.100878	-0.071716	0.121506	0.989996	-0.940830	0.321345	-0.107594	-0.331204	-0.939135	0.091271
00783	8.791486	1.030077	1.520701	0.383518	1.525399	0.154067	-0.068094	0.136312	0.988323	-0.941991	0.317549	-0.108699	-0.328657	-0.938393	0.106782
00784	8.870420	0.961498	1.507802	0.307388	1.249517	0.207759	-0.065931	0.148771	0.986671	-0.942861	0.314363	-0.110403	-0.326597	-0.937573	0.119544
00785	8.773642	0.793186	1.577098	0.229243	0.972905	0.261391	-0.065187	0.158701	0.985172	-0.943440	0.311816	-0.112656	-0.325071	-0.936795	0.129399
00786	8.584831	0.762698	1.263101	0.161107	0.685909	0.315009	-0.065900	0.166184	0.983890	-0.943759	0.309790	-0.115537	-0.324000	-0.936169	0.136423
00787	8.579262	0.426460	0.946377	0.057355	0.422359	0.371082	-0.067995	0.171278	0.982874	-0.943700	0.308631	-0.119067	-0.323739	-0.935634	0.140650
00788	8.582405	0.228105	0.392018	0.033918	0.176123	0.407739	-0.071234	0.174260	0.982120	-0.943529	0.307604	-0.123014	-0.323540	-0.935422	0.142508
00789	8.343052	0.201784	-0.403765	0.001111	-0.046988	0.443079	-0.075527	0.175176	0.981636	-0.943212	0.306824	-0.127324	-0.323493	-0.935507	0.142054
00790	7.876620	-0.054595	-1.007055	-0.044187	-0.262398	0.476031	-0.080824	0.174252	0.981378	-0.942700	0.306400	-0.132042	-0.323703	-0.935818	0.139503
00791	7.474245	-0.590506	-2.045038	-0.027294	-0.447562	0.493283	-0.086882	0.171566	0.981334	-0.942203	0.305807	-0.136882	-0.323583	-0.936508	0.135081
00792	7.149107	-0.964857	-3.622408	0.102876	-0.609614	0.492424	-0.093450	0.167418	0.981447	-0.942095	0.304002	-0.141560	-0.322062	-0.937845	0.129315
00793	6.839649	-1.005900	-5.238460	0.203845	-0.754572	0.470086	-0.100260	0.161751	0.981725	-0.942298	0.301319	-0.145879	-0.319409	-0.939704	0.122207
00794	6.423945	-0.808906	-6.292992	0.422421	-0.793601	0.447847	-0.106963	0.155670	0.982001	-0.943178	0.296629	-0.149757	-0.314603	-0.942220	0.115096
00795	5.645365	-1.091551	-6.973280	0.470943	-0.795880	0.393288	-0.113118	0.149312	0.982299	-0.944219	0.291590	-0.153055	-0.309281	-0.944818	0.107999
00796	5.160545	-1.647959	-7.768512	0.570159	-0.781217	0.288319	-0.118206	0.142779	0.982671	-0.945634	0.285772	-0.155273	-0.302990	-0.947601	0.101237
00797	5.257763	-1.896391	-8.631879	0.730942	-0.815724	0.158817	-0.122110	0.135479	0.983227	-0.947635	0.278616	-0.156080	-0.295088	-0.950799	0.094363
00798	5.778277	-2.271292	-9.573531	0.791434	-0.853406	0.026650	-0.124827	0.127426	0.983962	-0.949906	0.271045	-0.155608	-0.286526	-0.954095	0.087209
00799	6.682122	-2.519601	-9.792695	0.831669	-0.724139	-0.052401	-0.126332	0.120361	0.984659	-0.952323	0.263164	-0.154352	-0.277705	-0.957213	0.081377
00800	8.214418	-2.074448	-7.754989	0.740531	-0.548022	-0.024784	-0.127592	0.115019	0.985135	-0.954383	0.256101	-0.153510	-0.269951	-0.959783	0.077095
00801	13.335251	-1.575762	-2.087811	0.759980	-0.367246	0.136446	-0.129834	0.111830	0.985209	-0.956235	0.248646	-0.154239	-0.262217	-0.962117	0.074653
00802	28.735579	1.704522	14.893731	2.363243	0.254966	0.219258	-0.131297	0.114769	0.984677	-0.961882	0.225605	-0.154553	-0.239886	-0.967435	0.080773
00803	25.782606	2.708480	12.212342	0.729901	-0.601020	-0.169901	-0.131040	0.108568	0.985414	-0.963833	0.218727	-0.152268	-0.232068	-0.969728	0.075979
00804	13.013024	-1.941515	-0.168571	0.511737	-1.684886	-0.132080	-0.133588	0.091908	0.986766	-0.965180	0.213892	-0.150588	-0.224902	-0.972524	0.060135
00805	8.771623	3.377744	-3.627863	0.940645	-2.712140	0.197950	-0.141387	0.065887	0.987759	-0.966970	0.204569	-0.152057	-0.212083	-0.976632	0.034787
00806	7.512718	4.703543	-3.998586	0.913705	-2.904371	0.166554	-0.148937	0.037785	0.988124	-0.968611	0.195545	-0.153473	-0.199022	-0.979967	0.007475
00807	7.602375	3.885025	-5.614864	0.851445	-2.084691	0.139607	-0.154281	0.017598	0.987870	-0.970052	0.187152	-0.154832	-0.187606	-0.982173	-0.011803
00808	7.021024	2.876969	-6.399893	0.494550	-1.234441	0.292792	-0.159351	0.005971	0.987204	-0.970512	0.182261	-0.157759	-0.180870	-0.983232	-0.023248
00809	8.559610	1.233841	-7.118951	-0.005950	-1.231572	0.315864	-0.164592	-0.005563	0.986346	-0.969996	0.182316	-0.160835	-0.178932	-0.983224	-0.035404
00810	11.482643	0.598855	-6.504054	-0.446105	-0.991896	0.355758	-0.169776	-0.014712	0.985373	-0.968607	0.186743	-0.164099	-0.181597	-0.982299	-0.045955
00811	11.589407	0.265536	-3.202805	-0.989498	-0.402135	0.498641	-0.175308	-0.017704	0.984354	-0.965913	0.196531	-0.168489	-0.190473	-0.980338	-0.051554
00812	10.206913	-1.301459	-0.398511	-1.561655	-0.454280	0.555968	-0.181509	-0.021086	0.983163	-0.961845	0.211931	-0.173028	-0.204715	-0.977057	-0.058749
00813	10.425478	-4.132756	-2.214729	-2.040158	-0.731357	0.383949	-0.186717	-0.027365	0.982033	-0.956784	0.231907	-0.175454	-0.222939	-0.972353	-0.069484
00814	10.844844	-6.580701	-4.232346	-1.899873	-0.525423	0.178283	-0.189582	-0.032106	0.981340	-0.952060	0.250398	-0.175734	-0.240084	-0.967610	-0.078038
00815	9.799487	-7.384600	-4.401151	-1.350711	-0.399246	0.006351	-0.190586	-0.035949	0.981012	-0.948732	0.263442	-0.174661	-0.252161	-0.964005	-0.084315
00816	8.300911	-6.806298	-3.748826	-0.673243	-0.573940	-0.088516	-0.191174	-0.041792	0.980666	-0.947193	0.269901	-0.173147	-0.257446	-0.961981	-0.091183
00817	7.935860	-5.750696	-3.547042	-0.028020	-0.826150	-0.101109	-0.192299	-0.050015	0.980061	-0.947323	0.270120	-0.172090	-0.256127	-0.961527	-0.099325
00818	8.984402	-4.033636	-3.446459	0.500519	-0.989453	-0.059236	-0.194219	-0.059775	0.979135	-0.948707	0.265282	-0.171988	-0.249466	-0.962316	-0.108232
00819	10.248848	-2.385513	-3.481196	0.746121	-0.992339	-0.014578	-0.196473	-0.069374	0.978052	-0.950572	0.258083	-0.172646	-0.240441	-0.963629	-0.116651
00820	10.737817	-1.366203	-3.196756	0.683553	-0.833357	-0.016183	-0.198275	-0.077538	0.977075	-0.952223	0.251490	-0.173274	-0.232289	-0.964749	-0.123698
00821	10.173264	-1.150928	-2.962669	0.415123	-0.708904	-0.054616	-0.199343	-0.084519	0.976278	-0.953293	0.247434	-0.173229	-0.226923	-0.965211	-0.129896
00822	9.924399	-1.457634	-3.236771	0.221212	-0.672564	-0.056865	-0.200301	-0.091242	0.975476	-0.953909	0.245259	-0.172932	-0.223466	-0.965154	-0.136162
00823	10.056054	-1.889867	-3.747692	0.192724	-0.515590	-0.041147	-0.201014	-0.096322	0.974841	-0.954428	0.243354	-0.172760	-0.220591	-0.965143	-0.140851
00824	9.985420	-1.917267	-2.806099	0.212322	-0.348184	-0.015152	-0.201619	-0.099817	0.974365	-0.954928	0.241301	-0.172878	-0.217859	-0.965303	-0.143969
00825	9.797184	-1.761406	-1.375902	0.263357	-0.342437	-0.007720	-0.202247	-0.103145	0.973888	-0.955521	0.238744	-0.173148	-0.214650	-0.965589	-0.146842
00826	9.458813	-1.431793	-0.294466	0.274187	-0.399568	-0.017971	-0.202913	-0.107143	0.973317	-0.956146	0.236088	-0.173344	-0.211216	-0.965807	-0.150350
00827	9.290725	-0.840609	0.680483	0.283373	-0.474350	-0.025739	-0.203621	-0.111788	0.972647	-0.956800	0.233316	-0.173488	-0.207540	-0.965954	-0.154467
00828	9.295272	-0.385474	1.497318	0.232756	-0.519948	-0.006683	-0.204611	-0.116918	0.971836	-0.957297	0.231069	-0.173751	-0.204247	-0.965887	-0.159204
00829	9.291832	-0.034334	2.013841	0.081414	-0.594923	0.021875	-0.205991	-0.122615	0.970842	-0.957426	0.230302	-0.174058	-0.202245	-0.965363	-0.164835
00830	9.120484	-0.203971	2.054481	-0.156336	-0.677898	0.030361	-0.207631	-0.129167	0.969642	-0.957053	0.231856	-0.174049	-0.202335	-0.964136	-0.171760
00831	9.022866	-0.590879	1.557568	-0.356266	-0.796189	0.031704	-0.209513	-0.136765	0.968194	-0.956271	0.235322	-0.173692	-0.204082	-0.962247	-0.180087
00832	8.982490	-0.763082	0.776227	-0.483239	-0.886075	0.037901	-0.211668	-0.145263	0.966486	-0.955205	0.240024	-0.173121	-0.206832	-0.959837	-0.189562
00833	8.870233	-1.471944	0.044127	-0.581049	-0.917950	0.052485	-0.214045	-0.153937	0.964618	-0.953890	0.245663	-0.172460	-0.210423	-0.957054	-0.199422
00834	8.792772	-2.310915	-0.963779	-0.568841	-0.971357	0.054769	-0.216596	-0.163150	0.962532	-0.952574	0.251189	-0.171779	-0.213751	-0.954089	-0.209819
00835	8.895231	-2.789188	-2.102677	-0.476534	-0.997247	0.024150	-0.218931	-0.172593	0.960355	-0.951506	0.255760	-0.170949	-0.216116	-0.951209	-0.220217
00836	9.011817	-2.900893	-2.690707	-0.311574	-0.971015	-0.000768	-0.220998	-0.181884	0.958164	-0.950840	0.258720	-0.170197	-0.216940	-0.948674	-0.230119
00837	9.110829	-2.904516	-3.278936	-0.178828	-1.007592	-0.031332	-0.222844	-0.191516	0.955857	-0.950532	0.260346	-0.169440	-0.216403	-0.946331	-0.240059
