// General information: 
//  MT Manager version: 2022.2.0 
//  XDA version: 2022.2.0 build 7381 rev 124627 built on 2023-07-19
// Device information: 
//  DeviceId: 00B4CBA7
//  ProductCode: MTW2-3A7G6
//  Firmware Version: 4.6.0
//  Hardware Version: 2.0.0
// Device settings: 
//  Filter Profile: human(46.1)
//  Option Flags: Orientation Smoother Disabled, Position/Velocity Smoother Disabled, Continuous Zero Rotation Update Disabled, AHS Disabled, ICC Disabled
// Coordinate system: ENU
PacketCounter	Acc_X	Acc_Y	Acc_Z	Gyr_X	Gyr_Y	Gyr_Z	Mat[1][1]	Mat[2][1]	Mat[3][1]	Mat[1][2]	Mat[2][2]	Mat[3][2]	Mat[1][3]	Mat[2][3]	Mat[3][3]
51415	9.533116	0.499582	-3.839271	0.540978	-0.204657	0.098964	0.261178	0.164853	0.951110	0.571237	-0.820655	-0.014622	0.778122	0.547128	-0.308507
51416	9.464158	0.516699	-3.348044	0.470216	-0.206859	0.109432	0.263388	0.165126	0.950453	0.574602	-0.818255	-0.017074	0.774893	0.550629	-0.310400
51417	9.637606	0.507818	-2.912844	0.347047	-0.197283	0.115614	0.265556	0.165295	0.949820	0.576987	-0.816527	-0.019219	0.772377	0.553137	-0.312207
51418	9.543681	0.173912	-2.746162	0.267231	-0.207926	0.125345	0.267861	0.165459	0.949144	0.578718	-0.815252	-0.021203	0.770284	0.554966	-0.314128
51419	9.536192	-0.090918	-2.401653	0.244120	-0.234627	0.129881	0.270395	0.165731	0.948378	0.580252	-0.814107	-0.023171	0.768241	0.556563	-0.316296
51420	9.657015	-0.121149	-2.201549	0.164555	-0.232432	0.115008	0.272822	0.166124	0.947613	0.581207	-0.813379	-0.024740	0.766659	0.557509	-0.318460
51421	9.674830	-0.376731	-2.595514	0.088119	-0.182401	0.106068	0.274813	0.166304	0.947006	0.581598	-0.813061	-0.025993	0.765651	0.557920	-0.320162
51422	9.277460	-0.594212	-2.970205	0.130932	-0.192828	0.099390	0.276841	0.166607	0.946362	0.582330	-0.812494	-0.027311	0.764363	0.558655	-0.321952
51423	9.088591	-0.843366	-3.500403	0.261683	-0.232376	0.091363	0.279124	0.167191	0.945588	0.584079	-0.811179	-0.028986	0.762195	0.560389	-0.324072
51424	9.074854	-0.207692	-3.571753	0.429788	-0.252331	0.052808	0.281328	0.168214	0.944753	0.587205	-0.808850	-0.030841	0.758976	0.563441	-0.326328
51425	8.814830	-0.401856	-3.929843	0.508660	-0.232022	0.036546	0.283276	0.169256	0.943985	0.590960	-0.806033	-0.032817	0.755328	0.567154	-0.328353
51426	8.733329	-0.461521	-3.935305	0.659278	-0.254227	0.005183	0.285196	0.170695	0.943147	0.595914	-0.802285	-0.034996	0.750699	0.572015	-0.330529
51427	8.694848	-0.441409	-3.899367	0.751174	-0.236487	-0.025898	0.286786	0.172287	0.942375	0.601614	-0.797920	-0.037208	0.745529	0.577617	-0.332483
51428	8.752082	-0.219230	-3.654679	0.746901	-0.217560	-0.074688	0.287927	0.174177	0.941679	0.607384	-0.793453	-0.038953	0.740394	0.583176	-0.334249
51429	8.673389	-0.248882	-4.000860	0.770932	-0.162179	-0.104462	0.288462	0.175979	0.941181	0.613380	-0.788748	-0.040517	0.735224	0.588989	-0.335466
51430	8.671527	-0.177236	-3.937594	0.831766	-0.152050	-0.138269	0.288699	0.177999	0.940728	0.619877	-0.783576	-0.041969	0.729661	0.595252	-0.336556
51431	8.769481	-0.165871	-4.091433	0.868617	-0.131735	-0.155643	0.288662	0.180027	0.940353	0.626646	-0.778095	-0.043399	0.723871	0.601796	-0.337420
51432	9.038277	0.063306	-4.049611	0.905030	-0.125278	-0.172421	0.288455	0.182156	0.940007	0.633673	-0.772303	-0.044794	0.717811	0.608578	-0.338202
51433	9.131120	-0.329868	-4.167482	0.852381	-0.093280	-0.174653	0.287984	0.184094	0.939774	0.640278	-0.766765	-0.046003	0.712116	0.614964	-0.338688
51434	9.038668	-1.146889	-4.098187	0.868493	-0.066664	-0.194783	0.287180	0.186028	0.939639	0.647003	-0.761033	-0.047074	0.706339	0.621468	-0.338914
51435	9.083084	-1.141176	-3.857817	0.966819	-0.023286	-0.212523	0.285935	0.187808	0.939664	0.654417	-0.754588	-0.048319	0.699985	0.628749	-0.338668
51436	9.004485	-0.587560	-3.663567	0.962389	0.017509	-0.228278	0.284288	0.189445	0.939835	0.661780	-0.748069	-0.049390	0.693705	0.636006	-0.338038
51437	8.855917	-0.740081	-3.589780	0.903192	0.025476	-0.234026	0.282529	0.191049	0.940041	0.668689	-0.741845	-0.050206	0.687773	0.642780	-0.337345
51438	8.919703	-1.004700	-3.691542	0.909289	0.008974	-0.236401	0.280856	0.192770	0.940191	0.675587	-0.735514	-0.051009	0.681691	0.649507	-0.336806
51439	9.015452	-0.804601	-3.606379	0.879815	0.022320	-0.242551	0.279031	0.194423	0.940394	0.682245	-0.729297	-0.051655	0.675784	0.655992	-0.336141
51440	9.062867	-0.855622	-3.732332	0.755374	0.030931	-0.234213	0.277196	0.195953	0.940619	0.687987	-0.723861	-0.051949	0.670698	0.661534	-0.335465
51441	9.055370	-1.100601	-3.631139	0.648062	0.038477	-0.204701	0.275499	0.197196	0.940858	0.692892	-0.719152	-0.052161	0.666334	0.666283	-0.334761
51442	9.016064	-1.169442	-3.427509	0.530538	0.040349	-0.179619	0.273960	0.198247	0.941087	0.696917	-0.715249	-0.052207	0.662762	0.670162	-0.334111
51443	9.067572	-1.274856	-3.459876	0.393270	0.058315	-0.140037	0.272569	0.198876	0.941358	0.699907	-0.712326	-0.052168	0.660179	0.673082	-0.333353
51444	9.130686	-1.189067	-3.384429	0.265266	0.053148	-0.086979	0.271587	0.199168	0.941580	0.701898	-0.710362	-0.052195	0.658467	0.675069	-0.332721
51445	9.352100	-1.068066	-3.500727	0.122617	0.060029	-0.033637	0.270929	0.199023	0.941800	0.702803	-0.709463	-0.052252	0.657773	0.676057	-0.332088
51446	9.434778	-0.927265	-3.626785	-0.025739	0.071623	0.014124	0.270536	0.198469	0.942030	0.702601	-0.709662	-0.052262	0.658150	0.676010	-0.331433
51447	9.447584	-0.768770	-3.702442	-0.134811	0.068515	0.028339	0.270256	0.197826	0.942245	0.701643	-0.710625	-0.052049	0.659286	0.675187	-0.330854
51448	9.587455	-0.624627	-3.715388	-0.176264	0.081067	0.002636	0.269719	0.197291	0.942512	0.700478	-0.711817	-0.051455	0.660744	0.674087	-0.330188
51449	9.418088	-0.586767	-3.825914	-0.152817	0.097176	-0.032549	0.268821	0.196890	0.942852	0.699562	-0.712778	-0.050610	0.662079	0.673188	-0.329346
51450	9.346711	-0.592379	-3.811084	-0.115833	0.110924	-0.049011	0.267723	0.196524	0.943241	0.698931	-0.713458	-0.049731	0.663189	0.672574	-0.328366
51451	9.241584	-0.767407	-3.954478	-0.118183	0.129695	-0.052228	0.266470	0.196046	0.943695	0.698292	-0.714146	-0.048817	0.664365	0.671983	-0.327196
51452	9.123121	-0.979657	-3.964928	-0.115192	0.142931	-0.047404	0.265169	0.195456	0.944183	0.697658	-0.714824	-0.047957	0.665552	0.671434	-0.325911
51453	8.992797	-0.653469	-4.003282	-0.096642	0.158300	-0.027049	0.263899	0.194609	0.944714	0.697092	-0.715416	-0.047353	0.666649	0.671049	-0.324458
51454	8.993432	-0.203326	-3.754016	-0.207181	0.203770	-0.014265	0.262420	0.193376	0.945379	0.695751	-0.716775	-0.046512	0.668630	0.669955	-0.322638
51455	8.764148	0.073345	-4.061834	-0.388834	0.326022	-0.015232	0.260101	0.191327	0.946436	0.693191	-0.719343	-0.045085	0.672186	0.667787	-0.319728
51456	8.639046	0.061982	-4.075773	-0.491426	0.342963	-0.015649	0.257662	0.189187	0.947533	0.689922	-0.722585	-0.043337	0.676474	0.664890	-0.316707
51457	9.314141	-0.052660	-3.570202	-0.518122	0.336815	-0.025409	0.255174	0.187159	0.948608	0.686477	-0.725970	-0.041429	0.680908	0.661769	-0.313729
51458	9.578867	-0.079427	-3.283294	-0.683880	0.392729	-0.008036	0.252416	0.184660	0.949835	0.681826	-0.730464	-0.039182	0.686585	0.657512	-0.310287
51459	9.292236	-0.731699	-3.390043	-0.747309	0.361731	-0.012007	0.249813	0.182401	0.950959	0.676709	-0.735334	-0.036726	0.692574	0.652697	-0.307129
51460	9.787075	-0.925852	-3.039665	-0.708121	0.337951	-0.029486	0.247247	0.180455	0.952001	0.671862	-0.739884	-0.034244	0.698191	0.648080	-0.304175
51461	9.790357	-0.587530	-2.817646	-0.657207	0.353701	-0.043548	0.244450	0.178516	0.953088	0.667369	-0.744048	-0.031807	0.703465	0.643836	-0.301018
51462	9.559607	-0.610247	-2.726953	-0.701900	0.343959	-0.049177	0.241677	0.176710	0.954131	0.662536	-0.748461	-0.029198	0.708970	0.639203	-0.297962
51463	9.229601	-1.625347	-3.090230	-0.681438	0.316446	-0.067719	0.238952	0.175226	0.955091	0.657855	-0.752679	-0.026497	0.714233	0.634642	-0.295127
51464	9.241777	-1.590737	-2.901658	-0.390114	0.261504	-0.085477	0.236502	0.174247	0.955879	0.655270	-0.754998	-0.024497	0.717418	0.632152	-0.292738
51465	9.387614	-0.863653	-2.682508	-0.164357	0.260715	-0.100062	0.233949	0.173379	0.956665	0.654330	-0.755859	-0.023027	0.719111	0.631361	-0.290279
51466	9.449650	-0.463082	-2.697580	0.026910	0.242891	-0.111744	0.231454	0.172722	0.957390	0.654787	-0.755493	-0.022000	0.719502	0.631979	-0.287958
51467	9.459321	0.328463	-2.393655	0.191214	0.261032	-0.096885	0.228916	0.171825	0.958162	0.656391	-0.754112	-0.021586	0.718853	0.633870	-0.285412
51468	9.637452	0.668201	-2.092564	0.138454	0.292915	-0.088078	0.226215	0.170662	0.959010	0.657590	-0.753080	-0.021100	0.718611	0.635409	-0.282584
51469	9.463300	0.558409	-1.948577	0.084212	0.313028	-0.074498	0.223450	0.169255	0.959908	0.658368	-0.752415	-0.020587	0.718764	0.636573	-0.279559
51470	9.411543	0.713188	-1.285847	0.069420	0.250959	-0.049612	0.221301	0.168062	0.960615	0.658981	-0.751887	-0.020268	0.718867	0.637512	-0.277143
51471	9.468394	0.348939	-0.977854	-0.084524	0.199893	-0.027009	0.219659	0.167014	0.961174	0.658437	-0.752377	-0.019741	0.719868	0.637209	-0.275235
51472	9.207124	-0.286353	-1.083361	-0.088337	0.134454	-0.016317	0.218564	0.166313	0.961546	0.657840	-0.752910	-0.019304	0.720747	0.636762	-0.273966
51473	9.116372	0.009947	-0.875289	-0.013601	0.036156	-0.010235	0.218210	0.166183	0.961648	0.657769	-0.752977	-0.019134	0.720919	0.636718	-0.273617
51474	9.226271	0.509094	-0.791354	-0.006740	-0.044296	0.009540	0.218571	0.166424	0.961525	0.657703	-0.753033	-0.019170	0.720870	0.636588	-0.274049
51475	9.288222	0.348978	-1.251526	-0.050247	-0.090411	0.016039	0.219303	0.166901	0.961275	0.657311	-0.753376	-0.019152	0.721006	0.636056	-0.274924
51476	9.267118	-0.189393	-2.049327	0.058124	-0.139324	0.023147	0.220437	0.167644	0.960887	0.657682	-0.753043	-0.019497	0.720321	0.636256	-0.276255
51477	9.352534	0.053256	-2.314340	0.181189	-0.193679	0.035364	0.222037	0.168634	0.960345	0.658912	-0.751946	-0.020305	0.718703	0.637291	-0.278075
51478	9.540717	0.122090	-2.719183	0.236967	-0.217222	0.054804	0.223934	0.169638	0.959727	0.660495	-0.750524	-0.021454	0.716659	0.638699	-0.280113
51479	9.697872	0.283352	-3.244393	0.251588	-0.203810	0.076911	0.225876	0.170388	0.959139	0.662127	-0.749043	-0.022865	0.714540	0.640237	-0.282009
51480	9.447647	-0.150197	-3.651036	0.229789	-0.211257	0.090644	0.227960	0.171093	0.958520	0.663565	-0.747722	-0.024346	0.712542	0.641590	-0.283983
51481	9.381037	-0.175093	-3.461527	0.336407	-0.240952	0.105830	0.230351	0.171874	0.957809	0.665720	-0.745739	-0.026285	0.709757	0.643687	-0.286202
51482	9.548091	0.535406	-3.080238	0.314618	-0.245032	0.130157	0.232932	0.172515	0.957069	0.667651	-0.743932	-0.028397	0.707096	0.645603	-0.288466
51483	9.550746	0.566946	-2.920781	0.211075	-0.253208	0.143294	0.235651	0.173109	0.956296	0.668811	-0.742813	-0.030345	0.705096	0.646732	-0.290822
51484	9.532560	0.399459	-2.703509	0.174424	-0.270152	0.159239	0.238596	0.173706	0.955457	0.669666	-0.741958	-0.032337	0.703292	0.647552	-0.293353
51485	9.542955	0.314223	-2.310169	0.148724	-0.313503	0.180421	0.241980	0.174421	0.954475	0.670282	-0.741306	-0.034464	0.701546	0.648107	-0.296293
51486	9.398267	0.126365	-1.792496	0.089393	-0.331915	0.197508	0.245606	0.175140	0.953417	0.670432	-0.741069	-0.036575	0.700142	0.648184	-0.299431
51487	9.274930	-0.115911	-1.475150	0.063639	-0.377189	0.207889	0.249612	0.176066	0.952205	0.670368	-0.741019	-0.038714	0.698785	0.647991	-0.302996
51488	9.370395	0.069912	-0.955880	0.090938	-0.444859	0.213569	0.254123	0.177397	0.950764	0.670469	-0.740805	-0.040983	0.697060	0.647872	-0.307195
51489	9.505558	-0.043570	-0.571290	0.028286	-0.475954	0.222266	0.258901	0.178855	0.949200	0.670102	-0.741014	-0.043148	0.695654	0.647232	-0.311700
51490	9.304439	-0.448937	-0.658074	0.077373	-0.512631	0.234823	0.264009	0.180461	0.947488	0.670030	-0.740933	-0.045578	0.693800	0.646879	-0.316527
51491	9.516510	-0.375793	-0.868479	0.184271	-0.560138	0.244421	0.269499	0.182298	0.945588	0.670661	-0.740181	-0.048445	0.691075	0.647225	-0.321738
51492	9.568381	0.002108	-1.334000	0.238689	-0.596106	0.274300	0.275421	0.184157	0.943520	0.671565	-0.739135	-0.051771	0.687854	0.647893	-0.327247
51493	10.058557	-0.155908	-2.231614	0.244474	-0.632285	0.296563	0.281726	0.186087	0.941277	0.672423	-0.738096	-0.055339	0.684454	0.648526	-0.333070
51494	10.620907	-0.188848	-2.650017	0.307327	-0.652417	0.302765	0.288186	0.188116	0.938915	0.673664	-0.736665	-0.059177	0.680533	0.649567	-0.339024
51495	10.434418	-0.469279	-3.153860	0.292241	-0.643408	0.325069	0.294718	0.189928	0.936519	0.674707	-0.735376	-0.063191	0.676692	0.650500	-0.344874
51496	10.125747	-0.656526	-3.256218	0.326825	-0.684007	0.351373	0.301673	0.191826	0.933914	0.675871	-0.733916	-0.067574	0.672452	0.651591	-0.351053
51497	10.327932	-0.688869	-2.902076	0.321346	-0.725921	0.374627	0.309047	0.193835	0.931084	0.676889	-0.732539	-0.072172	0.668066	0.652545	-0.357593
51498	10.528592	-0.631345	-2.401145	0.266108	-0.736323	0.398947	0.316620	0.195747	0.928135	0.677420	-0.731576	-0.076801	0.663968	0.653054	-0.364235
51499	10.410401	-0.628606	-2.020001	0.230209	-0.765108	0.417206	0.324486	0.197715	0.924996	0.677615	-0.730889	-0.081480	0.659960	0.653230	-0.371138
51500	10.149791	-0.426677	-1.451342	0.241501	-0.830723	0.444341	0.332928	0.199921	0.921515	0.677752	-0.730192	-0.086447	0.655600	0.653339	-0.378598
51501	10.122698	-0.195210	-0.542157	0.244820	-0.930756	0.465899	0.342139	0.202623	0.917543	0.677787	-0.729526	-0.091635	0.650804	0.653251	-0.386935
51502	10.077995	0.115428	0.447521	0.228840	-1.026144	0.474908	0.351974	0.205884	0.913086	0.677632	-0.728998	-0.096837	0.645700	0.652820	-0.396102
51503	10.307086	0.348875	1.486779	0.138331	-1.134017	0.479232	0.362488	0.209807	0.908066	0.676819	-0.729087	-0.101723	0.640717	0.651470	-0.406287
51504	10.009837	-0.135763	2.106049	0.076457	-1.306192	0.467730	0.373946	0.214911	0.902207	0.675596	-0.729579	-0.106230	0.635401	0.649251	-0.418016
51505	10.173979	-0.397892	2.997642	0.091518	-1.570763	0.447286	0.386868	0.221846	0.895052	0.674483	-0.729958	-0.110606	0.628813	0.646487	-0.432029
51506	10.564524	-0.510064	4.083372	-0.010259	-1.758642	0.428690	0.400711	0.230065	0.886849	0.672743	-0.730988	-0.114338	0.621970	0.642438	-0.447690
51507	10.686473	-0.331330	4.790922	-0.130385	-1.964553	0.441943	0.415802	0.239419	0.877375	0.670144	-0.732854	-0.117609	0.614830	0.636870	-0.465167
51508	11.652964	0.047775	4.989350	-0.359992	-2.135621	0.408848	0.431544	0.249946	0.866774	0.666225	-0.736126	-0.119425	0.608205	0.629004	-0.484191
51509	12.609333	0.368315	4.012817	-0.604233	-2.191889	0.338041	0.447033	0.261150	0.855548	0.661095	-0.740754	-0.119319	0.602591	0.618938	-0.503786
51510	12.907279	0.597507	2.441807	-0.704225	-2.410062	0.272592	0.463219	0.273908	0.842854	0.655650	-0.745793	-0.117970	0.596281	0.607263	-0.525053
51511	13.938095	0.527260	0.714226	-0.746758	-2.595728	0.156639	0.479600	0.288355	0.828755	0.650500	-0.750713	-0.115243	0.588926	0.594375	-0.547617
51512	14.179723	0.974034	-2.857461	-0.638743	-2.579514	0.116241	0.495378	0.302658	0.814248	0.646217	-0.754803	-0.112588	0.580521	0.581954	-0.569495
51513	13.032863	1.178209	-6.312111	-0.299886	-2.722038	0.211777	0.512361	0.316776	0.798210	0.643441	-0.757180	-0.112524	0.568744	0.571254	-0.591777
51514	11.647354	0.689539	-8.221749	-0.085060	-2.790943	0.273310	0.529734	0.330520	0.781113	0.641560	-0.758535	-0.114126	0.554781	0.561588	-0.613870
51515	10.470786	-0.753806	-9.602318	0.005643	-2.759231	0.281967	0.546620	0.343772	0.763562	0.640090	-0.759445	-0.116310	0.539900	0.552326	-0.635173
51516	10.167058	-1.519765	-10.443927	0.079627	-2.578346	0.226137	0.561737	0.356194	0.746711	0.639282	-0.759789	-0.118487	0.525138	0.543918	-0.654510
51517	9.551555	-1.820587	-10.209904	0.138921	-2.200168	0.172412	0.574222	0.366800	0.731934	0.639041	-0.759651	-0.120654	0.511758	0.537018	-0.670608
51518	8.565756	-2.106843	-9.321245	0.179119	-1.760393	0.118059	0.583828	0.375320	0.719917	0.639286	-0.759119	-0.122681	0.500458	0.531858	-0.683132
51519	7.978469	-2.773813	-8.662762	0.225777	-1.360265	-0.001972	0.590534	0.382570	0.710570	0.640435	-0.757904	-0.124193	0.491031	0.528414	-0.692580
51520	6.680973	-3.355663	-10.735920	0.370671	-0.954640	-0.112514	0.594406	0.388471	0.704111	0.642931	-0.755500	-0.125934	0.483034	0.527551	-0.698834
51521	5.615458	-2.599833	-8.107468	0.786570	-0.412362	-0.173846	0.595236	0.391988	0.701456	0.647753	-0.750644	-0.130190	0.475511	0.531864	-0.700722
51522	7.238581	-0.291770	-3.682767	0.797746	0.154524	-0.201940	0.593137	0.392681	0.702844	0.652753	-0.745569	-0.134313	0.471277	0.538450	-0.698548
51523	9.308108	0.605664	-3.146212	0.241425	0.795729	-0.285609	0.587481	0.390526	0.708770	0.655599	-0.743133	-0.133949	0.474400	0.543362	-0.692605
51524	8.144263	-0.593491	-5.417331	-0.398406	1.506970	-0.434186	0.577341	0.385551	0.719742	0.656239	-0.743606	-0.128067	0.485827	0.546261	-0.682328
51525	5.817207	-2.571603	-6.802186	-0.565439	2.043352	-0.628642	0.563103	0.379052	0.734326	0.657050	-0.744291	-0.119651	0.501198	0.549865	-0.668169
51526	5.094123	-2.612653	-6.537829	-0.402995	2.514231	-0.761803	0.545220	0.370820	0.751816	0.659241	-0.743650	-0.111291	0.517820	0.556306	-0.649913
51527	5.295376	-2.238735	-6.477249	-0.311069	2.973061	-0.850383	0.523912	0.360494	0.771725	0.662164	-0.742274	-0.102797	0.535774	0.564865	-0.627593
51528	5.861451	-2.211755	-7.015536	-0.226533	3.451774	-0.891912	0.499105	0.347431	0.793843	0.665511	-0.740397	-0.094380	0.554968	0.575417	-0.600755
51529	5.814545	-2.069661	-7.326360	-0.123841	3.859084	-0.907090	0.471228	0.331716	0.817257	0.669227	-0.738027	-0.086317	0.574525	0.587606	-0.569773
51530	5.633203	-1.788066	-7.393594	-0.066529	4.201022	-0.897984	0.440590	0.313374	0.841235	0.672949	-0.735516	-0.078460	0.594154	0.600677	-0.534946
51531	5.402838	-1.413154	-7.395256	-0.098442	4.519183	-0.889945	0.407256	0.292491	0.865212	0.676140	-0.733409	-0.070326	0.613984	0.613645	-0.496450
51532	5.497980	-1.000062	-7.453374	-0.204042	4.794538	-0.867768	0.371396	0.269143	0.888610	0.678259	-0.732228	-0.061701	0.634059	0.625623	-0.454495
51533	6.089017	-0.681935	-7.407847	-0.343106	5.020087	-0.829504	0.333399	0.243567	0.910780	0.678982	-0.732260	-0.052721	0.654086	0.635980	-0.409512
51534	6.768641	-0.111306	-7.286117	-0.594831	5.211081	-0.758072	0.293575	0.215787	0.931262	0.677416	-0.734319	-0.043400	0.674479	0.643593	-0.361755
51535	7.310766	-0.081691	-7.307159	-0.932706	5.378786	-0.673113	0.252151	0.186037	0.949637	0.672869	-0.738985	-0.033893	0.695462	0.647528	-0.311514
51536	8.017465	-0.855270	-7.991965	-1.122997	5.508223	-0.568775	0.209411	0.154564	0.965535	0.666262	-0.745292	-0.025196	0.715711	0.648575	-0.259052
51537	8.846324	-1.271318	-8.786178	-1.055019	5.610745	-0.442306	0.165793	0.121502	0.978647	0.659450	-0.751523	-0.018414	0.733239	0.648421	-0.204722
51538	9.567923	-1.321682	-8.736930	-1.020858	5.786032	-0.318218	0.120784	0.086438	0.988908	0.652343	-0.757804	-0.013438	0.748238	0.646731	-0.147918
51539	8.849989	-1.280183	-7.698813	-0.999760	5.953782	-0.230543	0.074334	0.049806	0.995989	0.645024	-0.764098	-0.009930	0.760538	0.643175	-0.088924
51540	6.736520	-0.670246	-5.967077	-0.878606	5.782113	-0.139550	0.029157	0.013836	0.999479	0.638373	-0.769686	-0.007967	0.769175	0.638272	-0.031274
51541	6.380776	0.334936	-4.029767	-0.734595	5.334650	-0.036492	-0.012280	-0.019761	0.999729	0.632702	-0.774358	-0.007534	0.774298	0.632439	0.022012
51542	7.365685	0.135951	-1.881117	-0.619952	4.805897	0.080878	-0.049088	-0.050611	0.997511	0.627914	-0.778236	-0.008586	0.776734	0.625929	0.069981
51543	9.906107	-1.570526	-1.806242	-0.103917	4.318049	0.143856	-0.081708	-0.078661	0.993547	0.627196	-0.778796	-0.010079	0.774564	0.622325	0.112970
51544	13.568036	-1.780921	1.002157	0.291032	3.971152	-0.052982	-0.112728	-0.102916	0.988282	0.629384	-0.777041	-0.009128	0.768875	0.620979	0.152368
51545	8.465567	-2.390633	-0.651926	0.368953	3.304292	-0.125467	-0.138846	-0.122425	0.982718	0.632043	-0.774899	-0.007236	0.762393	0.620116	0.184969
51546	3.113443	-2.182998	2.305802	0.571224	2.101775	-0.259441	-0.156479	-0.133449	0.978624	0.635988	-0.771691	-0.003539	0.755668	0.621839	0.205625
51547	3.150743	1.141505	3.824847	0.668069	0.759930	-0.222617	-0.163647	-0.136453	0.977036	0.640653	-0.767831	0.000070	0.750189	0.625953	0.213072
51548	3.673750	3.352971	2.942083	-0.064625	-0.352353	-0.178967	-0.162184	-0.132853	0.977776	0.639867	-0.768484	0.001719	0.751177	0.625926	0.209644
51549	3.641399	1.360172	0.112113	-0.872617	-1.409647	-0.168495	-0.152637	-0.122741	0.980631	0.633004	-0.774146	0.001632	0.758951	0.620993	0.195859
51550	7.770951	-1.803877	0.801294	-0.916268	-1.998873	-0.184408	-0.138578	-0.108921	0.984344	0.625733	-0.780035	0.001779	0.767629	0.616183	0.176251
51551	14.141682	-3.702902	5.508208	-0.596240	-1.474380	-0.133631	-0.128076	-0.098790	0.986832	0.620953	-0.783845	0.002121	0.773314	0.613048	0.161736
51552	12.957342	-2.784915	4.018423	-0.457685	-0.906517	-0.027626	-0.121256	-0.093009	0.988254	0.617363	-0.786677	0.001711	0.777278	0.610319	0.152809
51553	9.368650	-2.775208	1.215987	-0.513048	-0.929596	-0.116075	-0.114749	-0.086411	0.989629	0.613220	-0.789910	0.002132	0.781533	0.607105	0.143630
51554	8.851806	-2.216130	1.148201	-0.151171	-1.118562	-0.156648	-0.106990	-0.078367	0.991167	0.611856	-0.790961	0.003508	0.783700	0.606827	0.132574
51555	10.784802	1.401709	2.132010	0.030371	-1.207107	-0.061049	-0.097921	-0.070528	0.992692	0.612025	-0.790827	0.004186	0.784753	0.607962	0.120604
51556	11.970260	3.629108	0.406405	-0.551245	-1.449242	0.061962	-0.086172	-0.062217	0.994336	0.607737	-0.794133	0.002978	0.789449	0.604551	0.106243
51557	11.911296	2.714746	-0.599401	-1.198456	-1.646515	0.029088	-0.072951	-0.052541	0.995951	0.598241	-0.801314	0.001547	0.797988	0.595932	0.089889
51558	10.665806	-0.399391	-1.725554	-1.308473	-1.629764	-0.077125	-0.060366	-0.042267	0.997281	0.587684	-0.809089	0.001282	0.806835	0.586164	0.073681
51559	9.677240	-1.298438	-2.808223	-0.751371	-1.582904	-0.155868	-0.048488	-0.031742	0.998319	0.581512	-0.813534	0.002377	0.812091	0.580650	0.057905
51560	9.652324	-0.817101	-3.606726	-0.183215	-1.535526	-0.182927	-0.037099	-0.021324	0.999084	0.579939	-0.814649	0.004147	0.813814	0.579562	0.042589
51561	9.978480	-0.178461	-3.569240	0.148922	-1.502793	-0.178768	-0.025933	-0.011122	0.999602	0.581090	-0.813817	0.006020	0.813426	0.581015	0.027568
51562	10.495930	-0.119910	-3.740045	0.094767	-1.402485	-0.155275	-0.015458	-0.001681	0.999879	0.581825	-0.813278	0.007628	0.813167	0.581872	0.013550
51563	10.093908	-0.416351	-3.918129	-0.111866	-1.278749	-0.126121	-0.005811	0.006805	0.999960	0.580898	-0.813928	0.008915	0.813956	0.580926	0.000777
51564	10.297231	-1.062781	-3.888105	-0.249061	-1.181168	-0.140975	0.002969	0.014828	0.999886	0.578863	-0.815359	0.010372	0.815419	0.578766	-0.011004
51565	10.244453	-0.707671	-3.583526	-0.166072	-1.034231	-0.129994	0.010632	0.021892	0.999704	0.577514	-0.816297	0.011733	0.816312	0.577218	-0.021322
51566	9.992236	0.209825	-3.234273	-0.167354	-0.952359	-0.150568	0.017521	0.028638	0.999436	0.576165	-0.817225	0.013316	0.817145	0.575607	-0.030819
51567	9.939763	-0.076999	-2.534864	-0.187999	-0.887074	-0.174881	0.023744	0.035191	0.999098	0.574662	-0.818251	0.015164	0.818047	0.573784	-0.039652
51568	9.760734	-0.433524	-1.947153	-0.075000	-0.828732	-0.190767	0.029410	0.041532	0.998704	0.574096	-0.818608	0.017137	0.818259	0.572849	-0.047919
51569	9.669178	-0.379317	-1.293787	0.081890	-0.819794	-0.203876	0.034920	0.047924	0.998240	0.574829	-0.818049	0.019165	0.817528	0.573149	-0.056114
51570	9.636528	-0.529808	-0.684156	0.189027	-0.828972	-0.225890	0.040374	0.054555	0.997694	0.576457	-0.816849	0.021338	0.816130	0.574266	-0.064428
51571	9.649682	-0.633458	-0.511172	0.323203	-0.840883	-0.237205	0.045833	0.061353	0.997063	0.579191	-0.814852	0.023517	0.813902	0.576412	-0.072882
51572	9.598712	-0.562803	-0.644630	0.467640	-0.849958	-0.233901	0.051361	0.068197	0.996349	0.583102	-0.811998	0.025520	0.810773	0.579663	-0.081471
51573	9.544309	-0.252127	-0.841217	0.632155	-0.877903	-0.235326	0.057058	0.075237	0.995532	0.588341	-0.808150	0.027355	0.806597	0.584151	-0.090377
51574	9.708722	0.088574	-1.147222	0.740255	-0.886634	-0.229238	0.062815	0.082314	0.994625	0.594430	-0.803625	0.028966	0.801690	0.589416	-0.099410
51575	9.672326	0.473474	-1.305114	0.849440	-0.897560	-0.209136	0.068711	0.089331	0.993629	0.601353	-0.798413	0.030196	0.796024	0.595447	-0.108579
51576	9.840474	0.854450	-1.419464	0.909291	-0.901313	-0.192468	0.074676	0.096285	0.992549	0.608701	-0.792790	0.031110	0.789878	0.601842	-0.117811
51577	9.875548	0.614723	-1.413290	0.950716	-0.891378	-0.181970	0.080549	0.103141	0.991400	0.616320	-0.786854	0.031786	0.783366	0.608459	-0.126948
51578	9.730540	0.625939	-1.661684	1.042897	-0.885936	-0.155794	0.086472	0.109811	0.990184	0.624582	-0.780303	0.031990	0.776157	0.615685	-0.136060
51579	9.943035	1.329580	-1.654133	1.060438	-0.897423	-0.103702	0.092727	0.116198	0.988888	0.632867	-0.773617	0.031560	0.768688	0.622908	-0.145273
51580	10.062324	1.438134	-2.150882	0.934130	-0.860117	-0.075322	0.098812	0.122190	0.987576	0.640088	-0.767678	0.030938	0.761921	0.629078	-0.154068
51581	9.991611	1.519406	-2.415929	0.857268	-0.813043	-0.043888	0.104673	0.127686	0.986276	0.646638	-0.762205	0.030050	0.755581	0.634618	-0.162349
51582	9.916411	1.761569	-2.381215	0.798645	-0.779312	0.004903	0.110550	0.132642	0.984980	0.652644	-0.757121	0.028707	0.749557	0.639667	-0.170268
51583	9.877001	1.740406	-2.018537	0.638077	-0.749465	0.038762	0.116377	0.137180	0.983686	0.657367	-0.753078	0.027250	0.744530	0.643472	-0.177819
51584	9.547403	1.338743	-1.964953	0.490396	-0.700394	0.068403	0.122008	0.141211	0.982432	0.660928	-0.750009	0.025723	0.740465	0.646178	-0.184838
51585	9.503371	1.201796	-1.694236	0.431200	-0.719022	0.090476	0.127892	0.145211	0.981100	0.664001	-0.747345	0.024057	0.736713	0.648375	-0.192000
51586	9.661650	1.187640	-1.480279	0.291993	-0.699230	0.108611	0.133735	0.148967	0.979757	0.666007	-0.745608	0.022457	0.733860	0.649522	-0.198927
51587	9.460763	1.082933	-1.682782	0.150570	-0.682296	0.133291	0.139597	0.152428	0.978406	0.666930	-0.744828	0.020882	0.731927	0.649613	-0.205635
51588	9.509045	0.943877	-1.687425	0.028181	-0.702545	0.151387	0.145723	0.155891	0.976966	0.666921	-0.744876	0.019380	0.730740	0.648735	-0.212513
51589	9.344213	0.307700	-1.824804	-0.072910	-0.685310	0.151578	0.151713	0.159224	0.975516	0.666165	-0.745585	0.018092	0.730210	0.647110	-0.219185
51590	9.147713	0.399729	-1.740906	-0.008919	-0.723603	0.157561	0.158020	0.162757	0.973930	0.665858	-0.745894	0.016614	0.729152	0.645874	-0.226239
51591	9.411110	0.585941	-1.567759	-0.021081	-0.748083	0.160523	0.164513	0.166409	0.972236	0.665448	-0.746291	0.015135	0.728090	0.644483	-0.233511
51592	9.482868	0.461094	-1.661822	-0.081546	-0.751588	0.159515	0.171020	0.170084	0.970476	0.664589	-0.747081	0.013816	0.727374	0.642605	-0.240802
51593	9.549723	0.057952	-2.138793	-0.076035	-0.762708	0.156040	0.177575	0.173835	0.968632	0.663767	-0.747834	0.012524	0.726554	0.640723	-0.248182
51594	9.420075	-0.202285	-2.395293	-0.050042	-0.759880	0.164772	0.184162	0.177493	0.966737	0.663109	-0.748441	0.011093	0.725515	0.639009	-0.255532
51595	9.242711	-0.314528	-2.623115	0.038709	-0.784566	0.173216	0.190970	0.181229	0.964721	0.663068	-0.748501	0.009354	0.723790	0.637889	-0.263108
51596	9.393710	0.386847	-2.261128	0.121044	-0.814154	0.183453	0.198046	0.185076	0.962561	0.663589	-0.748062	0.007300	0.721407	0.637299	-0.270965
51597	9.414607	0.622734	-1.907227	0.084070	-0.821280	0.190095	0.205198	0.188907	0.960317	0.663815	-0.747878	0.005276	0.719197	0.636390	-0.278862
51598	9.400091	0.442399	-1.765296	0.033153	-0.837931	0.194301	0.212482	0.192810	0.957954	0.663651	-0.748035	0.003356	0.717230	0.635034	-0.286902
51599	9.327378	0.155251	-1.838501	0.069697	-0.881954	0.199609	0.220096	0.196935	0.955392	0.663722	-0.747978	0.001278	0.714864	0.633834	-0.295337
51600	9.607903	0.406680	-1.621515	0.099461	-0.930351	0.209072	0.228097	0.201292	0.952604	0.663968	-0.747761	-0.000977	0.712123	0.632721	-0.304213
51601	9.513191	0.355763	-1.879048	0.073632	-0.943391	0.232068	0.236317	0.205542	0.949688	0.663957	-0.747763	-0.003378	0.709447	0.631350	-0.313180
51602	9.408510	0.199882	-2.064157	0.075932	-0.995970	0.254567	0.245033	0.209947	0.946510	0.663887	-0.747809	-0.005995	0.706550	0.629844	-0.322618
51603	9.340650	-0.000366	-2.243985	0.124103	-1.046245	0.266759	0.254152	0.214558	0.943065	0.664101	-0.747590	-0.008888	0.703119	0.628550	-0.332490
51604	9.458967	0.206382	-2.193194	0.182192	-1.081785	0.274321	0.263533	0.219329	0.939386	0.664674	-0.747036	-0.012047	0.699113	0.627560	-0.342651
51605	9.455203	0.302407	-2.489707	0.191535	-1.103878	0.283412	0.273085	0.224158	0.935509	0.665255	-0.746459	-0.015336	0.694881	0.626540	-0.352969
51606	9.482279	0.330870	-2.717458	0.206072	-1.138961	0.303057	0.282963	0.229053	0.931379	0.665846	-0.745851	-0.018865	0.690349	0.625493	-0.363563
51607	9.664055	0.275978	-2.656347	0.194624	-1.177679	0.319834	0.293170	0.234050	0.926969	0.666270	-0.745370	-0.022522	0.685664	0.624215	-0.374461
51608	9.687788	-0.344404	-2.763171	0.181856	-1.196168	0.332713	0.303532	0.239055	0.922345	0.666527	-0.745019	-0.026251	0.680889	0.622736	-0.385474
51609	9.563060	-0.324474	-2.628175	0.262863	-1.248599	0.345074	0.314274	0.244277	0.917366	0.667251	-0.744211	-0.030420	0.675283	0.621674	-0.396880
51610	9.689090	-0.247780	-2.360309	0.292639	-1.310694	0.356462	0.325435	0.249793	0.911973	0.668086	-0.743269	-0.034821	0.669143	0.620609	-0.408769
51611	9.851157	-0.387515	-1.935946	0.303735	-1.363915	0.363333	0.336920	0.255573	0.906183	0.668914	-0.742298	-0.039351	0.662600	0.619416	-0.421052
51612	9.903915	-0.679027	-1.372397	0.346400	-1.440955	0.365464	0.348832	0.261804	0.899875	0.669952	-0.741094	-0.044094	0.655348	0.618255	-0.433913
51613	9.982150	-0.750583	-0.640630	0.430094	-1.554227	0.367338	0.361390	0.268709	0.892856	0.671458	-0.739404	-0.049250	0.646948	0.617314	-0.447640
51614	10.109691	-0.700064	0.220978	0.517965	-1.693627	0.374975	0.374753	0.276411	0.884962	0.673413	-0.737224	-0.054903	0.637239	0.616520	-0.462416
51615	10.319583	-0.426914	1.162552	0.555642	-1.852468	0.397090	0.389110	0.284921	0.876021	0.675418	-0.734909	-0.060981	0.626421	0.615409	-0.478402
51616	10.497810	0.400860	1.952963	0.666797	-2.071370	0.441460	0.404905	0.294437	0.865655	0.677812	-0.732081	-0.068038	0.613696	0.614300	-0.495996
51617	11.884709	1.916447	2.901151	0.655439	-2.315556	0.528670	0.422516	0.304796	0.853569	0.679613	-0.729637	-0.075866	0.599672	0.612151	-0.515427
51618	13.379671	1.465035	3.666613	0.310110	-2.471338	0.568288	0.440998	0.315727	0.840142	0.679013	-0.729502	-0.082272	0.586910	0.606748	-0.536091
51619	13.637479	-0.464367	2.798461	0.044034	-2.652311	0.548473	0.460095	0.327729	0.825171	0.676810	-0.730993	-0.087049	0.574665	0.598535	-0.558136
51620	13.444421	-1.360639	2.289640	0.202252	-2.945350	0.515661	0.480237	0.341474	0.807940	0.675549	-0.731506	-0.092375	0.559469	0.590165	-0.581979
51621	14.585602	-0.892980	2.307827	0.383414	-3.222899	0.466917	0.501102	0.356968	0.788334	0.675382	-0.730880	-0.098352	0.541069	0.581711	-0.607335
51622	16.692560	-0.291267	3.673895	0.646124	-3.301680	0.351236	0.520939	0.373498	0.767543	0.677034	-0.728415	-0.105053	0.519853	0.574379	-0.632331
51623	17.961483	2.005880	4.388787	0.596278	-3.154101	0.230073	0.538544	0.389844	0.746989	0.678870	-0.725880	-0.110607	0.499105	0.566674	-0.655572
51624	18.271480	3.071671	-0.738971	0.210676	-2.698937	0.128049	0.552607	0.404086	0.728931	0.679228	-0.725189	-0.112916	0.482985	0.557508	-0.675211
51625	15.334095	3.124574	-7.540282	0.367858	-2.732854	0.232565	0.567119	0.417543	0.709954	0.679687	-0.724097	-0.117081	0.465190	0.548945	-0.694448
51626	13.647990	2.938923	-9.961467	0.754470	-3.109907	0.476265	0.584403	0.431051	0.687509	0.680393	-0.721989	-0.125685	0.442197	0.541227	-0.715217
51627	12.860946	2.098926	-11.843322	0.698685	-3.178778	0.645577	0.602450	0.443480	0.663611	0.679588	-0.721049	-0.135090	0.418586	0.532367	-0.735779
51628	12.110371	1.000996	-11.569510	0.642509	-2.927498	0.790593	0.619679	0.453243	0.640756	0.677402	-0.721183	-0.144987	0.396388	0.523895	-0.753930
51629	10.165663	0.224265	-9.674154	0.404180	-2.473090	0.863001	0.635062	0.459887	0.620645	0.673573	-0.723009	-0.153483	0.378147	0.515521	-0.768923
51630	8.307499	-0.944894	-9.305493	-0.035145	-1.887208	0.809401	0.647454	0.463667	0.604827	0.668281	-0.726909	-0.158124	0.366338	0.506573	-0.780500
51631	6.046074	-2.301262	-8.792860	-0.194040	-1.220955	0.667623	0.656307	0.464965	0.594196	0.663246	-0.730971	-0.160581	0.359676	0.499489	-0.788127
51632	3.580330	-3.081736	-11.668317	-0.237903	-0.822304	0.533177	0.662711	0.465147	0.586900	0.658909	-0.734615	-0.161804	0.355883	0.493943	-0.793327
51633	2.822328	-4.355655	-11.973895	-0.111400	-0.621451	0.312754	0.666945	0.465927	0.581460	0.656456	-0.736605	-0.162721	0.352490	0.490229	-0.797136
51634	3.733539	-4.528745	-8.983636	0.308400	-0.326223	0.100856	0.668692	0.466792	0.578754	0.656894	-0.735545	-0.165725	0.348341	0.490999	-0.798485
51635	4.848397	-2.331168	-4.044688	0.591809	0.192181	-0.098200	0.667355	0.466587	0.580461	0.659625	-0.732151	-0.169852	0.345734	0.496238	-0.796377
51636	6.554114	0.018874	-3.464819	0.116972	0.783559	-0.264321	0.662824	0.464619	0.587192	0.661821	-0.730319	-0.169197	0.350225	0.500763	-0.791567
51637	7.187507	-0.397205	-4.734898	-0.641574	1.406595	-0.403522	0.655106	0.460535	0.598952	0.662211	-0.731657	-0.161725	0.363747	0.502579	-0.784284
51638	6.323985	-2.764782	-6.189865	-1.015164	1.991897	-0.516155	0.644186	0.454294	0.615338	0.661801	-0.734389	-0.150640	0.383463	0.504272	-0.773735
51639	4.750868	-3.841799	-7.133920	-0.918379	2.452519	-0.589459	0.630588	0.446231	0.635008	0.661957	-0.736372	-0.139888	0.405180	0.508560	-0.759734
51640	4.622775	-4.235324	-8.567197	-0.679748	2.904498	-0.667535	0.614004	0.436265	0.657778	0.663307	-0.736893	-0.130428	0.427811	0.516392	-0.741833
51641	4.379271	-3.921248	-8.433080	-0.279916	3.351858	-0.736290	0.594371	0.424190	0.683217	0.666547	-0.735176	-0.123418	0.449932	0.528753	-0.719710
51642	4.687937	-2.712366	-7.362397	-0.036459	3.797261	-0.857307	0.571058	0.410103	0.711132	0.671400	-0.731778	-0.117143	0.472350	0.544349	-0.693231
51643	4.823195	-2.014679	-7.003947	-0.063226	4.227856	-0.975365	0.543977	0.393879	0.740910	0.676549	-0.728195	-0.109604	0.496356	0.560885	-0.662600
51644	4.823257	-2.266354	-7.143375	-0.216863	4.634095	-1.093352	0.512879	0.375450	0.772005	0.681245	-0.725208	-0.099891	0.522361	0.577157	-0.627718
51645	4.800302	-3.209490	-7.442426	-0.274744	5.011386	-1.194009	0.477837	0.354778	0.803619	0.685704	-0.722446	-0.088782	0.549074	0.593468	-0.588484
51646	4.650854	-4.194330	-7.775476	-0.077911	5.347797	-1.267801	0.438999	0.331690	0.835022	0.691097	-0.718551	-0.077909	0.574164	0.611283	-0.544673
51647	4.463223	-4.548511	-7.705220	0.383474	5.680132	-1.338929	0.396443	0.305966	0.865574	0.698947	-0.711887	-0.068485	0.595237	0.632140	-0.496077
51648	4.320180	-3.970130	-7.261875	0.863135	5.957275	-1.438474	0.350290	0.277763	0.894508	0.709542	-0.702118	-0.059836	0.611430	0.655651	-0.443030
51649	4.736573	-2.698831	-7.268432	1.041862	6.180141	-1.546545	0.301004	0.247301	0.920999	0.721028	-0.691094	-0.050081	0.624112	0.679140	-0.386333
51650	5.261548	-1.705941	-7.419120	0.880370	6.347619	-1.617506	0.249211	0.214614	0.944370	0.731034	-0.681277	-0.038089	0.635203	0.699859	-0.326672
51651	5.827314	-1.382223	-8.353547	0.543431	6.500908	-1.675967	0.195216	0.179945	0.964111	0.738246	-0.674116	-0.023663	0.645665	0.716371	-0.264442
51652	6.264540	-1.218786	-9.158208	0.301145	6.632055	-1.705808	0.139385	0.143449	0.979793	0.743064	-0.669175	-0.007735	0.654544	0.729127	-0.199865
51653	6.635072	-0.632715	-9.228216	0.129711	6.712669	-1.669941	0.082747	0.105350	0.990987	0.745774	-0.666144	0.008545	0.661040	0.738345	-0.133688
51654	7.800095	0.828025	-9.021819	-0.112380	6.732050	-1.560137	0.026380	0.065848	0.997481	0.745880	-0.665640	0.024215	0.665558	0.743362	-0.066674
51655	8.281996	3.419307	-5.763531	-0.490746	6.654652	-1.270659	-0.027537	0.024869	0.999311	0.742593	-0.668714	0.037105	0.669176	0.743104	-0.000054
51656	8.576951	4.582657	-3.767553	-1.220223	6.400021	-0.743580	-0.076104	-0.017437	0.996947	0.733999	-0.677712	0.044178	0.674873	0.735121	0.064376
51657	8.380962	3.068820	-0.403142	-1.750167	5.961610	-0.154160	-0.117709	-0.059775	0.991247	0.721967	-0.690521	0.044092	0.681841	0.720838	0.124436
51658	13.984522	0.390203	0.775686	-1.391491	5.175394	0.096211	-0.152443	-0.097392	0.983502	0.712577	-0.700389	0.041094	0.684832	0.707086	0.176169
51659	13.365276	-2.255995	-3.353772	-1.244486	4.489460	0.131045	-0.182322	-0.129733	0.974642	0.704256	-0.708962	0.037374	0.686136	0.693212	0.220625
51660	3.005501	-2.499859	1.147845	-1.004010	3.299641	-0.048767	-0.205363	-0.152052	0.966802	0.697258	-0.715940	0.035510	0.686773	0.681403	0.253047
51661	-1.096098	-0.287289	4.157819	-0.799740	1.401809	-0.071809	-0.215534	-0.161010	0.963131	0.691594	-0.721479	0.034156	0.689379	0.673457	0.266857
51662	2.630517	1.619852	3.633920	-1.349831	-0.138999	-0.105324	-0.215338	-0.159304	0.963458	0.681986	-0.730682	0.031612	0.698946	0.663872	0.265987
51663	3.074140	-0.777585	-0.024606	-1.849680	-1.396210	-0.146885	-0.206490	-0.149010	0.967036	0.668594	-0.743090	0.028262	0.714384	0.652390	0.253068
51664	6.656086	-2.756886	-1.969485	-1.422623	-2.381653	-0.245072	-0.190978	-0.131713	0.972717	0.657832	-0.752672	0.027238	0.728550	0.645087	0.230388
51665	17.237935	-2.585526	8.602468	-0.589630	-1.821874	-0.310144	-0.179697	-0.117615	0.976666	0.652931	-0.756863	0.028987	0.735793	0.642904	0.212800
51666	16.814660	-1.424348	4.648597	-1.048908	-1.291249	-0.068475	-0.170626	-0.108825	0.979308	0.645036	-0.763657	0.027524	0.744860	0.636385	0.200495
51667	12.724712	-2.553010	0.246063	-1.549231	-1.740479	-0.163729	-0.158622	-0.096555	0.982607	0.633118	-0.773612	0.026186	0.757628	0.626260	0.183842
51668	10.941788	-2.304138	-0.656742	-0.819531	-2.016285	-0.190288	-0.144502	-0.082487	0.986060	0.626579	-0.778902	0.026665	0.765845	0.621698	0.164237
51669	10.685730	2.401059	-5.135201	-0.065266	-2.320071	-0.077003	-0.127199	-0.067424	0.989583	0.625966	-0.779371	0.027359	0.769407	0.622925	0.141341
51670	11.237593	4.183276	-7.406797	-0.280737	-2.507157	-0.043260	-0.108157	-0.051465	0.992801	0.623741	-0.781149	0.027458	0.774112	0.622220	0.116587
51671	11.686087	1.175499	-6.302494	-0.905798	-2.229205	-0.101190	-0.091464	-0.036844	0.995127	0.616586	-0.786806	0.027541	0.781957	0.616100	0.094682
51672	9.757558	-1.353511	-5.820206	-0.730007	-1.948040	-0.194761	-0.077398	-0.023335	0.996727	0.610684	-0.791347	0.028894	0.788083	0.610922	0.075499
51673	10.046284	-1.893632	-5.915057	-0.150362	-1.860319	-0.329006	-0.064748	-0.009349	0.997858	0.609258	-0.792322	0.032110	0.790325	0.610032	0.056997
51674	10.518264	-3.030655	-4.958564	0.347876	-1.606503	-0.345854	-0.054196	0.003234	0.998525	0.611794	-0.790208	0.035765	0.789158	0.612830	0.040848
51675	10.069176	-1.924887	-4.451603	0.626906	-1.585983	-0.261260	-0.043334	0.015076	0.998947	0.616600	-0.786329	0.038615	0.786083	0.617624	0.024779
51676	10.803945	-0.009993	-3.550755	0.380288	-1.502485	-0.233605	-0.032998	0.026233	0.999111	0.619493	-0.783929	0.041044	0.784308	0.620297	0.009617
51677	10.322993	0.814446	-3.210442	0.105096	-1.353002	-0.207078	-0.023697	0.036276	0.999061	0.620254	-0.783213	0.043150	0.784043	0.620694	-0.003941
51678	10.050914	0.248922	-3.351829	0.138387	-1.278198	-0.241642	-0.015194	0.046131	0.998820	0.621289	-0.782255	0.045580	0.783434	0.621248	-0.016775
51679	10.024611	0.245607	-3.150268	0.561142	-1.181482	-0.260571	-0.007607	0.055551	0.998427	0.625642	-0.778626	0.048088	0.780073	0.625024	-0.028831
51680	9.944661	0.599473	-2.719028	0.840990	-1.094472	-0.221210	-0.000502	0.064168	0.997939	0.632169	-0.773213	0.050036	0.774830	0.630892	-0.040177
51681	10.142471	1.063398	-2.051222	0.887571	-1.053054	-0.165917	0.006547	0.072145	0.997373	0.639024	-0.767473	0.051321	0.769159	0.637009	-0.051128
