// General information: 
//  MT Manager version: 2022.2.0 
//  XDA version: 2022.2.0 build 7381 rev 124627 built on 2023-07-19
// Device information: 
//  DeviceId: 00B4CAF0
//  ProductCode: MTW2-3A7G6
//  Firmware Version: 4.6.0
//  Hardware Version: 2.0.0
// Device settings: 
//  Filter Profile: human(46.1)
//  Option Flags: Orientation Smoother Disabled, Position/Velocity Smoother Disabled, Continuous Zero Rotation Update Disabled, AHS Disabled, ICC Disabled
// Coordinate system: ENU
PacketCounter	Acc_X	Acc_Y	Acc_Z	Gyr_X	Gyr_Y	Gyr_Z	Mat[1][1]	Mat[2][1]	Mat[3][1]	Mat[1][2]	Mat[2][2]	Mat[3][2]	Mat[1][3]	Mat[2][3]	Mat[3][3]
64283	4.241463	-1.292118	9.266952	0.007425	0.006348	0.000234	0.910525	-0.009159	0.413352	0.066570	0.989958	-0.124705	-0.408059	0.141064	0.901991
64284	4.255172	-1.290546	9.307078	0.006352	0.002764	0.000161	0.910526	-0.009184	0.413350	0.066587	0.989960	-0.124682	-0.408054	0.141050	0.901996
64285	4.255252	-1.271219	9.291725	0.006317	0.000115	0.005765	0.910519	-0.009157	0.413365	0.066560	0.989962	-0.124681	-0.408074	0.141038	0.901989
64286	4.215146	-1.265558	9.335819	0.007247	-0.001345	-0.001695	0.910502	-0.009196	0.413402	0.066590	0.989965	-0.124641	-0.408107	0.141015	0.901977
64287	4.252796	-1.240039	9.366777	0.002836	-0.006619	0.000563	0.910464	-0.009213	0.413486	0.066627	0.989961	-0.124650	-0.408186	0.141039	0.901938
64288	4.264718	-1.303321	9.289223	0.003731	-0.010727	-0.001294	0.910409	-0.009234	0.413606	0.066668	0.989959	-0.124644	-0.408302	0.141051	0.901883
64289	4.263532	-1.234605	9.332900	0.012927	-0.013920	-0.001972	0.910340	-0.009262	0.413758	0.066682	0.989970	-0.124551	-0.408454	0.140974	0.901827
64290	4.298485	-1.329341	9.292911	0.015174	-0.017138	-0.001573	0.910258	-0.009277	0.413937	0.066679	0.989984	-0.124441	-0.408636	0.140874	0.901760
64291	4.306346	-1.255708	9.303387	0.016237	-0.014215	-0.000101	0.910189	-0.009280	0.414089	0.066656	0.990000	-0.124327	-0.408794	0.140762	0.901706
64292	4.315770	-1.287750	9.300918	0.013988	-0.010998	-0.000500	0.910134	-0.009292	0.414211	0.066647	0.990012	-0.124232	-0.408920	0.140673	0.901663
64293	4.293990	-1.272933	9.278470	0.010088	-0.007301	-0.002536	0.910091	-0.009328	0.414304	0.066670	0.990020	-0.124163	-0.409011	0.140621	0.901630
64294	4.262896	-1.281273	9.304824	0.014158	-0.003966	0.002827	0.910066	-0.009317	0.414359	0.066630	0.990033	-0.124080	-0.409072	0.140529	0.901616
64295	4.286243	-1.274843	9.311474	0.013101	-0.006227	-0.000046	0.910030	-0.009335	0.414438	0.066624	0.990044	-0.123994	-0.409154	0.140450	0.901591
64296	4.295192	-1.288436	9.293781	0.009185	-0.003854	0.000720	0.910004	-0.009346	0.414494	0.066624	0.990050	-0.123947	-0.409211	0.140408	0.901572
64297	4.272727	-1.292880	9.287002	0.007823	-0.005407	-0.000133	0.909971	-0.009357	0.414567	0.066631	0.990054	-0.123909	-0.409285	0.140376	0.901544
64298	4.256257	-1.281703	9.337534	0.008707	-0.010177	-0.000586	0.909918	-0.009371	0.414682	0.066644	0.990059	-0.123861	-0.409399	0.140339	0.901497
64299	4.211541	-1.310324	9.339187	0.004900	-0.017528	-0.000960	0.909835	-0.009395	0.414864	0.066693	0.990058	-0.123845	-0.409576	0.140347	0.901416
64300	4.259648	-1.280477	9.336155	0.005016	-0.026591	-0.003503	0.909713	-0.009415	0.415130	0.066749	0.990057	-0.123818	-0.409837	0.140348	0.901297
64301	4.339819	-1.240993	9.306433	0.006979	-0.027116	-0.005290	0.909588	-0.009452	0.415404	0.066811	0.990060	-0.123766	-0.410105	0.140330	0.901178
64302	4.351421	-1.198423	9.241166	0.006055	-0.025651	0.002170	0.909474	-0.009418	0.415655	0.066811	0.990061	-0.123753	-0.410358	0.140321	0.901064
64303	4.353070	-1.216795	9.255875	0.005955	-0.015266	0.001910	0.909401	-0.009404	0.415814	0.066817	0.990063	-0.123740	-0.410518	0.140312	0.900992
64304	4.370788	-1.264376	9.235749	0.007798	-0.007389	0.004067	0.909363	-0.009377	0.415898	0.066792	0.990067	-0.123719	-0.410606	0.140284	0.900957
64305	4.308218	-1.263744	9.273129	0.010242	-0.001591	0.003586	0.909348	-0.009347	0.415931	0.066745	0.990076	-0.123675	-0.410647	0.140225	0.900947
64306	4.308114	-1.281855	9.288708	0.008582	-0.001775	0.003352	0.909333	-0.009334	0.415965	0.066723	0.990081	-0.123644	-0.410685	0.140188	0.900936
64307	4.230940	-1.282302	9.286452	0.007988	0.000965	0.004589	0.909329	-0.009291	0.415974	0.066669	0.990087	-0.123625	-0.410701	0.140149	0.900934
64308	4.270850	-1.306001	9.257872	0.002238	-0.003878	0.001800	0.909304	-0.009291	0.416029	0.066688	0.990083	-0.123646	-0.410754	0.140175	0.900906
64309	4.237478	-1.266271	9.343582	0.000090	-0.011045	0.001664	0.909249	-0.009282	0.416149	0.066716	0.990076	-0.123684	-0.410872	0.140224	0.900845
64310	4.215956	-1.290466	9.351727	-0.004178	-0.022737	-0.004215	0.909142	-0.009316	0.416382	0.066816	0.990063	-0.123737	-0.411091	0.140316	0.900730
64311	4.195253	-1.352803	9.390326	-0.012102	-0.036729	-0.002935	0.908978	-0.009321	0.416740	0.066941	0.990038	-0.123866	-0.411434	0.140489	0.900547
64312	4.165817	-1.333461	9.489586	-0.024302	-0.062411	-0.007536	0.908705	-0.009331	0.417334	0.067154	0.989996	-0.124086	-0.412001	0.140784	0.900242
64313	4.188919	-1.498100	9.559147	-0.060827	-0.092917	-0.018268	0.908299	-0.009401	0.418216	0.067611	0.989902	-0.124590	-0.412822	0.141441	0.899762
64314	4.491514	-1.632170	9.361790	-0.067802	-0.100430	-0.041279	0.907845	-0.009690	0.419194	0.068311	0.989795	-0.125060	-0.413704	0.142170	0.899242
64315	4.539396	-1.699220	9.359013	-0.104554	-0.058750	-0.077952	0.907538	-0.010394	0.419842	0.069488	0.989631	-0.125706	-0.414182	0.143256	0.898850
64316	4.377811	-1.390451	9.424032	-0.007823	-0.063318	-0.097452	0.907196	-0.011291	0.420556	0.070448	0.989602	-0.125399	-0.414767	0.143389	0.898559
64317	4.641348	-1.294225	9.266226	-0.000029	-0.038267	-0.100378	0.906955	-0.012250	0.421049	0.071401	0.989583	-0.125009	-0.415132	0.143441	0.898382
64318	4.328878	-1.164358	9.182068	0.062505	-0.025822	-0.096001	0.906768	-0.013186	0.421423	0.072056	0.989653	-0.124076	-0.415426	0.142874	0.898336
64319	4.202074	-1.038776	9.360984	0.058255	-0.025397	-0.087603	0.906589	-0.014015	0.421783	0.072626	0.989719	-0.123217	-0.415719	0.142339	0.898286
64320	4.106301	-1.037722	9.351481	0.031280	-0.047079	-0.088145	0.906318	-0.014844	0.422336	0.073339	0.989743	-0.122597	-0.416184	0.142085	0.898110
64321	4.057929	-0.733090	9.481231	0.011008	-0.084560	-0.114424	0.905870	-0.015880	0.423258	0.074375	0.989734	-0.122047	-0.416974	0.142038	0.897751
64322	3.984338	-0.975700	9.334033	-0.081545	-0.120574	-0.120353	0.905266	-0.016923	0.424509	0.075850	0.989590	-0.122301	-0.418020	0.142914	0.897126
64323	3.926083	-0.612852	9.464671	-0.080672	-0.168310	-0.153185	0.904432	-0.018210	0.426229	0.077607	0.989441	-0.122405	-0.419499	0.143785	0.896296
64324	3.986729	-0.918895	9.283373	-0.203497	-0.213547	-0.169309	0.903390	-0.019599	0.428372	0.080038	0.989107	-0.123537	-0.421284	0.145888	0.895118
64325	3.934782	-1.066350	9.378498	-0.225400	-0.261833	-0.176980	0.902129	-0.020989	0.430956	0.082634	0.988732	-0.124824	-0.423480	0.148219	0.893698
64326	4.224923	-1.272817	9.240840	-0.258945	-0.298062	-0.174744	0.900705	-0.022294	0.433859	0.085354	0.988299	-0.126412	-0.425964	0.150892	0.892069
64327	4.400542	-1.695097	8.952101	-0.246308	-0.291021	-0.137907	0.899332	-0.023222	0.436650	0.087676	0.987886	-0.128040	-0.428387	0.153434	0.890473
64328	4.718349	-1.566254	8.792440	-0.159896	-0.274824	-0.096173	0.898055	-0.023771	0.439241	0.089271	0.987609	-0.129073	-0.430730	0.155127	0.889049
64329	5.276193	-1.357788	8.524084	-0.093951	-0.204104	-0.046927	0.897121	-0.023924	0.441136	0.090126	0.987444	-0.129734	-0.432494	0.156145	0.888013
64330	5.558538	-1.272511	8.304018	-0.017868	-0.108830	-0.005692	0.896633	-0.023833	0.442132	0.090300	0.987407	-0.129899	-0.433468	0.156396	0.887494
64331	5.624181	-1.252758	8.246689	0.009364	0.002872	0.029592	0.896662	-0.023547	0.442089	0.090015	0.987422	-0.129980	-0.433468	0.156343	0.887504
64332	5.660337	-1.361714	8.191232	0.059450	0.132399	0.061379	0.897279	-0.023170	0.440856	0.089252	0.987521	-0.129755	-0.432348	0.155774	0.888150
64333	5.553575	-1.768803	8.320952	0.081773	0.279977	0.073963	0.898541	-0.022875	0.438294	0.088256	0.987659	-0.129386	-0.429925	0.154941	0.889470
64334	5.491329	-1.724719	8.428880	0.148044	0.396147	0.053957	0.900273	-0.022976	0.434719	0.087182	0.987891	-0.128335	-0.426507	0.153436	0.891375
64335	5.471347	-1.932934	8.574358	0.160066	0.531938	0.040810	0.902553	-0.023401	0.429943	0.086173	0.988138	-0.127115	-0.421869	0.151777	0.893863
64336	5.003522	-1.770009	8.759966	0.225407	0.641188	0.017220	0.905243	-0.024220	0.424203	0.085117	0.988473	-0.125202	-0.416281	0.149446	0.896870
64337	4.411593	-1.328317	9.203632	0.229635	0.692055	-0.015319	0.908078	-0.025421	0.418028	0.084353	0.988802	-0.123107	-0.410218	0.147053	0.900054
64338	0.055951	0.378806	11.269549	0.158303	0.815824	-0.067997	0.911327	-0.027310	0.410776	0.084372	0.989008	-0.121431	-0.402945	0.145321	0.903614
64339	4.128396	-0.875588	10.277719	0.020260	0.005866	0.068157	0.911396	-0.026659	0.410665	0.083704	0.989048	-0.121561	-0.402927	0.145165	0.903647
64340	3.561613	-2.341348	9.304768	-0.090827	0.273780	0.038970	0.912518	-0.026695	0.408165	0.083758	0.988919	-0.122575	-0.400369	0.146039	0.904642
64341	4.058307	-1.062391	9.950809	0.168150	0.131008	-0.003307	0.913027	-0.026946	0.407007	0.083163	0.989154	-0.121072	-0.399330	0.144390	0.905366
64342	3.936280	-1.343516	9.525225	-0.016065	0.070934	-0.007456	0.913294	-0.027145	0.406396	0.083339	0.989121	-0.121221	-0.398684	0.144579	0.905620
64343	4.048086	-0.637838	9.616650	0.037677	-0.004213	-0.008818	0.913258	-0.027243	0.406470	0.083307	0.989166	-0.120877	-0.398773	0.144253	0.905633
64344	3.803988	-0.765595	9.495045	-0.015659	-0.037149	0.003329	0.913102	-0.027180	0.406824	0.083383	0.989136	-0.121065	-0.399114	0.144467	0.905449
64345	3.972730	-0.778480	9.481665	-0.037374	-0.083125	0.015664	0.912772	-0.026927	0.407582	0.083432	0.989079	-0.121500	-0.399859	0.144907	0.905050
64346	4.151029	-1.087882	9.338166	-0.048651	-0.113238	0.031295	0.912334	-0.026477	0.408590	0.083385	0.989009	-0.122101	-0.400867	0.145467	0.904514
64347	4.175255	-1.111963	9.388160	-0.057718	-0.119829	0.030766	0.911867	-0.026027	0.409660	0.083387	0.988924	-0.122781	-0.401927	0.146120	0.903938
64348	4.374277	-1.312203	9.262657	-0.060785	-0.124236	0.035253	0.911386	-0.025520	0.410761	0.083354	0.988837	-0.123508	-0.403024	0.146802	0.903339
64349	4.494946	-1.495200	9.118536	-0.049267	-0.100132	0.028809	0.910994	-0.025112	0.411654	0.083335	0.988764	-0.124104	-0.403912	0.147363	0.902851
64350	4.482527	-1.573111	9.063197	-0.027528	-0.058824	0.026305	0.910768	-0.024788	0.412174	0.083251	0.988722	-0.124494	-0.404440	0.147699	0.902559
64351	4.580734	-1.488822	8.936292	-0.003790	-0.018030	0.022026	0.910702	-0.024567	0.412333	0.083109	0.988714	-0.124651	-0.404617	0.147788	0.902465
64352	4.495508	-1.356056	9.022567	0.016866	0.035757	0.025358	0.910857	-0.024392	0.412001	0.082853	0.988737	-0.124636	-0.404321	0.147662	0.902619
64353	4.338017	-1.276585	9.121058	0.022928	0.063701	0.034006	0.911131	-0.024170	0.411408	0.082491	0.988772	-0.124602	-0.403777	0.147467	0.902894
64354	4.332532	-1.173845	9.210997	0.028856	0.083291	0.042108	0.911491	-0.023899	0.410625	0.082035	0.988817	-0.124548	-0.403057	0.147210	0.903258
64355	4.228124	-1.260454	9.339962	0.014835	0.097911	0.052907	0.911917	-0.023543	0.409699	0.081536	0.988843	-0.124663	-0.402193	0.147088	0.903663
64356	4.191550	-1.331686	9.489433	0.005673	0.086301	0.044840	0.912290	-0.023249	0.408885	0.081148	0.988854	-0.124829	-0.401426	0.147060	0.904008
64357	4.079597	-1.367727	9.603917	-0.009921	0.064863	0.033244	0.912566	-0.023035	0.408281	0.080924	0.988840	-0.125087	-0.400843	0.147190	0.904245
64358	4.074540	-1.332072	9.575035	-0.011300	0.040193	0.023146	0.912735	-0.022888	0.407911	0.080802	0.988821	-0.125317	-0.400483	0.147341	0.904381
64359	4.050047	-1.263963	9.507113	-0.013454	0.005906	0.022163	0.912765	-0.022696	0.407854	0.080692	0.988799	-0.125562	-0.400435	0.147519	0.904372
64360	4.019251	-1.257798	9.517045	-0.029192	-0.027877	0.018439	0.912658	-0.022495	0.408105	0.080684	0.988752	-0.125935	-0.400681	0.147863	0.904207
64361	4.058277	-1.319239	9.444541	-0.033929	-0.056255	0.014855	0.912433	-0.022289	0.408618	0.080729	0.988697	-0.126335	-0.401184	0.148259	0.903920
64362	4.078759	-1.284789	9.450343	-0.046250	-0.081292	0.012145	0.912106	-0.022071	0.409360	0.080848	0.988623	-0.126836	-0.401904	0.148783	0.903514
64363	4.127861	-1.332434	9.432816	-0.056012	-0.110900	0.009211	0.911656	-0.021836	0.410374	0.081031	0.988534	-0.127412	-0.402887	0.149409	0.902972
64364	4.279228	-1.316798	9.377887	-0.065834	-0.121090	0.005173	0.911161	-0.021626	0.411483	0.081293	0.988429	-0.128060	-0.403952	0.150134	0.902376
64365	4.304811	-1.284082	9.380980	-0.058618	-0.123054	0.004881	0.910656	-0.021416	0.412610	0.081529	0.988334	-0.128642	-0.405042	0.150788	0.901778
64366	4.265051	-1.335526	9.319035	-0.073496	-0.118402	0.007446	0.910171	-0.021186	0.413691	0.081804	0.988217	-0.129368	-0.406075	0.151588	0.901179
64367	4.379386	-1.364811	9.247222	-0.067943	-0.120556	0.006903	0.909675	-0.020965	0.414791	0.082069	0.988106	-0.130041	-0.407131	0.152336	0.900577
64368	4.350080	-1.309795	9.239197	-0.062547	-0.112323	0.006140	0.909212	-0.020756	0.415816	0.082312	0.988004	-0.130663	-0.408116	0.153026	0.900013
64369	4.351319	-1.320725	9.266692	-0.067432	-0.105199	0.007371	0.908776	-0.020544	0.416777	0.082563	0.987894	-0.131332	-0.409034	0.153762	0.899471
64370	4.392060	-1.298080	9.219807	-0.062632	-0.094908	0.009263	0.908385	-0.020329	0.417641	0.082780	0.987792	-0.131967	-0.409859	0.154449	0.898978
64371	4.391478	-1.289937	9.232887	-0.061756	-0.082267	0.011936	0.908046	-0.020102	0.418388	0.082963	0.987691	-0.132604	-0.410572	0.155122	0.898537
64372	4.378296	-1.388030	9.192523	-0.061177	-0.069604	0.018039	0.907764	-0.019838	0.419011	0.083095	0.987591	-0.133262	-0.411168	0.155788	0.898149
64373	4.392947	-1.389468	9.155610	-0.057863	-0.066543	0.012910	0.907490	-0.019638	0.419615	0.083268	0.987495	-0.133868	-0.411739	0.156424	0.897777
64374	4.352524	-1.425150	9.154034	-0.058629	-0.054097	0.015364	0.907269	-0.019424	0.420102	0.083414	0.987398	-0.134491	-0.412196	0.157062	0.897455
64375	4.268500	-1.465965	9.303015	-0.069238	-0.049810	0.009608	0.907060	-0.019270	0.420560	0.083654	0.987283	-0.135185	-0.412606	0.157802	0.897137
64376	4.262729	-1.430854	9.392516	-0.104266	-0.071142	0.001459	0.906757	-0.019166	0.421218	0.084115	0.987110	-0.136159	-0.413179	0.158894	0.896680
64377	4.070784	-1.402586	9.593657	-0.142668	-0.092166	-0.008571	0.906357	-0.019131	0.422079	0.084831	0.986872	-0.137434	-0.413909	0.160370	0.896081
64378	4.070824	-1.337303	9.649645	-0.204210	-0.137911	-0.018776	0.905759	-0.019116	0.423363	0.085892	0.986530	-0.139216	-0.414999	0.162459	0.895200
64379	3.642328	-1.175303	9.950222	-0.225231	-0.184560	-0.019091	0.904963	-0.019028	0.425064	0.087048	0.986149	-0.141181	-0.416491	0.164765	0.894085
64380	4.093201	-1.090798	9.721090	-0.310978	-0.286763	-0.014064	0.903742	-0.018712	0.427669	0.088518	0.985621	-0.143931	-0.418826	0.167933	0.892403
64381	3.949253	-1.256419	9.694295	-0.366404	-0.339097	-0.008209	0.902298	-0.018238	0.430726	0.090175	0.984989	-0.147194	-0.421576	0.171654	0.890398
64382	3.976221	-1.233165	9.753194	-0.425338	-0.429206	-0.007447	0.900463	-0.017588	0.434576	0.092087	0.984239	-0.150975	-0.425072	0.175967	0.887891
64383	3.965331	-1.470316	9.718962	-0.491139	-0.523389	-0.004304	0.898212	-0.016714	0.439245	0.094264	0.983353	-0.155341	-0.429337	0.180934	0.884835
64384	3.906348	-1.545970	9.656864	-0.542090	-0.629703	-0.016640	0.895465	-0.015743	0.444854	0.096799	0.982345	-0.160086	-0.434480	0.186413	0.881179
64385	3.933560	-1.552299	9.727880	-0.626278	-0.748408	-0.029465	0.892150	-0.014634	0.451503	0.099845	0.981144	-0.165489	-0.440568	0.192722	0.876789
64386	3.888030	-1.495676	9.768831	-0.685829	-0.889079	-0.034662	0.888153	-0.013251	0.459356	0.103245	0.979784	-0.171358	-0.447799	0.199618	0.871567
64387	3.781083	-1.606520	9.633997	-0.806017	-1.040869	-0.034798	0.883401	-0.011487	0.468477	0.107235	0.978129	-0.178227	-0.456183	0.207683	0.865312
64388	3.481150	-1.802028	9.687092	-0.793352	-1.258771	-0.038321	0.877540	-0.009219	0.479415	0.111278	0.976435	-0.184910	-0.466413	0.215615	0.857886
64389	2.802136	-1.706754	10.349896	-0.720012	-1.532891	-0.065649	0.870207	-0.006520	0.492643	0.115300	0.974841	-0.190765	-0.479005	0.222807	0.849065
64390	1.983255	-1.901783	11.060267	-0.621616	-1.970233	-0.143670	0.860426	-0.003489	0.509563	0.119618	0.973418	-0.195317	-0.495337	0.229009	0.837972
64391	1.967096	-3.084867	11.115945	-0.393443	-2.364406	-0.347589	0.848043	-0.001432	0.529925	0.124622	0.972490	-0.196807	-0.515065	0.232941	0.824892
64392	2.731702	-3.842960	11.182253	0.124585	-2.570523	-0.720103	0.833591	-0.002483	0.552377	0.130070	0.972754	-0.191916	-0.536850	0.231827	0.811202
64393	3.053202	-4.092915	10.466410	0.142241	-2.516721	-1.058091	0.818383	-0.006980	0.574631	0.138080	0.973021	-0.184833	-0.557838	0.230609	0.797268
64394	3.544276	-5.565213	8.768439	0.919588	-3.071589	-1.382106	0.798879	-0.013512	0.601339	0.144056	0.974950	-0.169472	-0.583986	0.222014	0.780814
64395	4.291834	-3.487791	8.646185	1.858261	-3.510218	-1.682123	0.775389	-0.022478	0.631084	0.146212	0.978600	-0.144789	-0.614324	0.204540	0.762083
64396	6.126883	-1.748149	8.780143	2.016650	-3.986025	-1.761658	0.747633	-0.031990	0.663341	0.146953	0.982048	-0.118267	-0.647649	0.185900	0.738912
64397	6.918719	-1.183983	9.200929	1.637866	-4.245875	-1.704382	0.716884	-0.041186	0.695975	0.148602	0.984341	-0.094816	-0.681172	0.171396	0.711779
64398	9.034295	-2.670172	11.071135	1.104227	-4.393831	-1.635946	0.683754	-0.049985	0.727998	0.152412	0.985430	-0.075488	-0.713618	0.162571	0.681410
64399	9.908469	-4.421990	11.796143	0.965042	-4.423032	-1.602507	0.649012	-0.058771	0.758505	0.156107	0.986084	-0.057167	-0.744590	0.155510	0.649155
64400	12.064141	-5.460431	13.032710	1.072006	-4.209198	-1.566607	0.614589	-0.067869	0.785922	0.157925	0.986708	-0.038290	-0.772878	0.147649	0.617139
64401	11.143892	-5.795219	11.363436	1.236171	-3.806592	-1.588423	0.582171	-0.078127	0.809304	0.157776	0.987308	-0.018185	-0.797612	0.138275	0.587108
64402	9.806400	-2.985639	9.908398	1.937627	-3.657970	-1.720696	0.549870	-0.090385	0.830346	0.151884	0.988373	0.007006	-0.821325	0.122264	0.557205
64403	10.052483	-0.867495	9.923695	1.929815	-3.537262	-1.593401	0.518053	-0.102113	0.849232	0.144384	0.989041	0.030845	-0.843074	0.106636	0.527119
64404	9.965841	0.015504	9.102616	1.577071	-3.323119	-1.401709	0.487717	-0.112658	0.865702	0.138042	0.989115	0.050948	-0.862019	0.094655	0.497959
64405	8.242393	-0.177573	8.345383	1.127172	-3.183251	-1.251371	0.458292	-0.122158	0.880367	0.134204	0.988664	0.067322	-0.878611	0.087296	0.469491
64406	6.412908	-0.919627	8.619824	0.673766	-3.113698	-1.238829	0.429020	-0.131748	0.893635	0.133786	0.987663	0.081382	-0.893332	0.084641	0.441354
64407	5.503735	-2.626421	9.187188	0.339269	-2.992110	-1.305024	0.400322	-0.142104	0.905289	0.136198	0.986157	0.094570	-0.906197	0.085440	0.414134
64408	4.420514	-4.055504	10.222073	0.119076	-2.527172	-1.195645	0.375620	-0.151718	0.914271	0.139807	0.984496	0.105933	-0.916168	0.088031	0.391008
64409	-10.365498	-6.017499	8.007032	-0.578282	-0.811461	-0.750403	0.367087	-0.158375	0.916605	0.147951	0.982795	0.110560	-0.918345	0.095028	0.384203
64410	12.877845	-13.127749	20.364483	0.520451	-0.229635	0.297615	0.365384	-0.155260	0.917817	0.142132	0.983736	0.109828	-0.919942	0.090322	0.381509
64411	6.056742	-6.022412	23.538742	-0.652460	2.794830	1.318178	0.392811	-0.144854	0.908139	0.143152	0.985110	0.095212	-0.908409	0.092601	0.407699
64412	-3.783459	-12.549267	10.957496	-1.134925	3.240442	2.065637	0.424964	-0.127621	0.896169	0.144986	0.986827	0.071779	-0.893524	0.099428	0.437869
64413	-6.579523	-7.059156	7.487857	-0.253722	3.165406	2.107944	0.456008	-0.109933	0.883160	0.137999	0.989074	0.051863	-0.879211	0.098225	0.466196
64414	-5.668209	-4.045585	6.761858	-0.511584	3.194190	2.175351	0.486762	-0.091589	0.868720	0.132257	0.990751	0.030348	-0.863465	0.100122	0.494373
64415	-4.000081	-1.266327	7.452075	-0.602624	3.067709	2.057739	0.515679	-0.074323	0.853552	0.127146	0.991838	0.009549	-0.847295	0.103601	0.520920
64416	-1.661055	0.346240	8.371041	-1.123317	3.021886	1.874809	0.543382	-0.059019	0.837409	0.126693	0.991866	-0.012304	-0.829871	0.112779	0.546439
64417	0.176250	0.532023	9.069469	-1.560362	3.116904	1.682433	0.571116	-0.046080	0.819575	0.130162	0.990875	-0.034992	-0.810484	0.126662	0.571903
64418	1.436422	0.283925	9.789383	-1.772709	3.240812	1.415546	0.598905	-0.036457	0.799990	0.136115	0.989062	-0.056828	-0.789168	0.142925	0.597316
64419	3.192648	-0.029478	10.823070	-1.825732	3.366725	1.128976	0.626673	-0.030410	0.778689	0.143439	0.986667	-0.076904	-0.765968	0.159888	0.622679
64420	5.417779	-0.947620	11.494830	-1.801055	3.507633	0.857545	0.654349	-0.027886	0.755679	0.151570	0.983877	-0.094939	-0.740847	0.176662	0.648025
64421	7.089728	-2.081095	11.882803	-1.627054	3.634503	0.617702	0.681760	-0.028519	0.731020	0.159322	0.981044	-0.110313	-0.714017	0.191674	0.673380
64422	7.678978	-2.715223	11.605247	-1.321556	3.689039	0.383502	0.708196	-0.032074	0.705287	0.165963	0.978538	-0.122146	-0.686233	0.203555	0.698319
64423	7.901804	-2.500930	11.247280	-1.046982	3.689706	0.194338	0.733332	-0.037860	0.678816	0.171638	0.976416	-0.130965	-0.657849	0.212551	0.722535
64424	7.656223	-2.230898	10.938275	-0.897009	3.608436	0.062074	0.756649	-0.045078	0.652265	0.177001	0.974491	-0.137980	-0.629407	0.219854	0.745327
64425	7.547376	-2.214194	10.939505	-0.905079	3.471850	0.003339	0.778027	-0.052811	0.626008	0.182582	0.972457	-0.144881	-0.601115	0.227019	0.766240
64426	7.888080	-2.517219	11.249144	-0.967499	3.301602	0.028410	0.797451	-0.060177	0.600375	0.188089	0.970227	-0.152582	-0.573318	0.234600	0.785028
64427	8.445487	-3.240934	11.620782	-1.060907	3.177333	0.130775	0.815486	-0.066504	0.574943	0.193005	0.967763	-0.161812	-0.545647	0.242922	0.802033
64428	8.911480	-3.858618	11.790149	-1.090614	3.103976	0.295761	0.832554	-0.071338	0.549331	0.196416	0.965258	-0.172332	-0.517952	0.251373	0.817641
64429	9.001400	-3.949383	11.876675	-1.071535	3.041888	0.498815	0.848879	-0.074307	0.523338	0.197656	0.962868	-0.183892	-0.490241	0.259543	0.832046
64430	8.847536	-3.628526	11.833210	-1.066166	2.979288	0.717786	0.864475	-0.075277	0.497008	0.196632	0.960580	-0.196524	-0.462622	0.267618	0.845199
64431	8.732409	-3.104818	11.677941	-1.060485	2.919855	0.915857	0.879373	-0.074428	0.470280	0.193436	0.958368	-0.210030	-0.435070	0.275664	0.857160
64432	8.395359	-2.361528	11.289178	-1.062965	2.867402	1.080306	0.893505	-0.072126	0.443224	0.188382	0.956171	-0.224164	-0.407630	0.283787	0.867930
64433	7.967104	-1.925412	10.925457	-1.071076	2.777882	1.198572	0.906677	-0.068685	0.416196	0.181841	0.953913	-0.238713	-0.380619	0.292117	0.877381
64434	7.581158	-1.853719	10.735488	-1.043491	2.655767	1.268126	0.918685	-0.064488	0.389692	0.174144	0.951650	-0.253054	-0.354531	0.300339	0.885496
64435	7.702129	-1.547748	10.769721	-0.932851	2.508278	1.296425	0.929471	-0.059796	0.364016	0.165379	0.949601	-0.266285	-0.329747	0.307705	0.892516
64436	7.855275	-1.126264	10.816158	-0.835291	2.382088	1.298273	0.939121	-0.054907	0.339172	0.155944	0.947731	-0.278366	-0.306159	0.314311	0.898596
64437	8.193588	-0.613147	10.852271	-0.737464	2.292191	1.274665	0.947806	-0.050116	0.314885	0.146114	0.946042	-0.289234	-0.283399	0.320146	0.903986
64438	8.249826	-0.158405	10.548519	-0.646353	2.218785	1.219951	0.955563	-0.045762	0.291213	0.136302	0.944524	-0.298826	-0.261383	0.325240	0.908789
64439	8.244676	0.090001	9.975036	-0.569439	2.133025	1.124661	0.962394	-0.042141	0.268368	0.126965	0.943133	-0.307212	-0.240161	0.329732	0.913017
64440	7.972530	0.280881	9.225225	-0.478067	2.019947	0.996197	0.968257	-0.039467	0.246819	0.118485	0.941937	-0.314190	-0.220088	0.333461	0.916714
64441	7.690381	0.244114	8.482191	-0.389906	1.863257	0.870909	0.973185	-0.037519	0.226943	0.110872	0.940947	-0.319885	-0.201540	0.336469	0.919875
64442	7.545981	0.053894	7.991951	-0.283844	1.681724	0.742588	0.977226	-0.036228	0.209087	0.104214	0.940245	-0.324158	-0.184849	0.338565	0.922607
64443	7.538615	-0.038822	7.674897	-0.191173	1.509950	0.640792	0.980553	-0.035337	0.193048	0.098299	0.939806	-0.327263	-0.169863	0.339876	0.925003
64444	7.438702	-0.147922	7.353497	-0.122988	1.360630	0.571553	0.983313	-0.034614	0.178599	0.092922	0.939570	-0.329505	-0.156401	0.340602	0.927108
64445	7.211886	-0.427360	7.099479	-0.092705	1.211811	0.536409	0.985620	-0.033716	0.165581	0.087799	0.939418	-0.331339	-0.144379	0.341112	0.928869
64446	7.027072	-0.758838	6.888801	-0.027578	1.061854	0.508864	0.987526	-0.032575	0.154049	0.082850	0.939475	-0.332449	-0.133896	0.341065	0.930455
64447	6.683173	-1.056476	6.522005	0.066756	0.897041	0.472499	0.989067	-0.031203	0.144127	0.078114	0.939834	-0.332582	-0.125078	0.340204	0.931996
64448	6.349727	-1.010063	6.188226	0.189820	0.715635	0.430195	0.990259	-0.029604	0.136052	0.073658	0.940591	-0.331456	-0.118157	0.338249	0.933610
64449	6.276636	-0.761351	6.064774	0.283251	0.537572	0.395620	0.991163	-0.027704	0.129726	0.069431	0.941640	-0.329385	-0.113030	0.335481	0.935242
64450	6.400075	-0.682962	6.119440	0.322298	0.388449	0.388889	0.991853	-0.025355	0.124843	0.065248	0.942802	-0.326905	-0.109413	0.332388	0.936775
64451	6.463511	-0.567409	6.088988	0.383587	0.258052	0.399861	0.992383	-0.022449	0.121130	0.060887	0.944147	-0.323850	-0.107094	0.328759	0.938322
64452	6.397718	-0.464912	5.779893	0.476488	0.128364	0.389611	0.992745	-0.019205	0.118698	0.056543	0.945768	-0.319885	-0.106118	0.324276	0.939992
64453	6.193207	-0.091957	5.511118	0.615540	-0.018798	0.320951	0.992899	-0.016120	0.117866	0.052724	0.947785	-0.314522	-0.106642	0.318503	0.941904
64454	6.383820	0.690889	5.479852	0.796653	-0.172922	0.173136	0.992798	-0.013951	0.118987	0.050179	0.950303	-0.307257	-0.108787	0.311015	0.944158
64455	6.748300	1.430781	5.454523	0.862445	-0.281581	-0.005987	0.992482	-0.013159	0.121678	0.049310	0.952933	-0.299145	-0.112015	0.302897	0.946418
64456	6.931452	1.900925	5.589809	0.815540	-0.338143	-0.138795	0.992025	-0.013491	0.125319	0.049790	0.955338	-0.291291	-0.115792	0.295207	0.948391
64457	6.878953	1.572556	5.757785	0.676518	-0.357208	-0.250979	0.991475	-0.014864	0.129446	0.051508	0.957263	-0.284597	-0.119684	0.288838	0.949868
64458	7.079091	1.189340	6.097262	0.606121	-0.365671	-0.362959	0.990834	-0.017316	0.133971	0.054400	0.958923	-0.278400	-0.123647	0.283137	0.951076
64459	7.416640	0.930292	6.308332	0.481047	-0.324921	-0.414087	0.990191	-0.020394	0.138221	0.057927	0.960182	-0.273305	-0.127143	0.278631	0.951945
64460	7.137278	0.419713	6.172585	0.343521	-0.276751	-0.424256	0.989577	-0.023722	0.142035	0.061717	0.961026	-0.269482	-0.130106	0.275439	0.952473
64461	0.686140	-4.242156	4.503024	0.064151	-0.789930	-0.536231	0.988170	-0.026720	0.151015	0.066963	0.961053	-0.268130	-0.137969	0.275070	0.951473
64462	10.016720	-0.678417	-0.389572	2.192068	-1.992702	-1.469680	0.984137	-0.035627	0.173797	0.078233	0.966387	-0.244900	-0.159230	0.254612	0.953844
64463	10.531367	0.322197	2.159738	1.062728	-2.111520	-0.930238	0.979780	-0.039370	0.196168	0.085593	0.968680	-0.233093	-0.180847	0.245171	0.952463
64464	7.093787	-1.261808	7.860338	1.221191	-1.923167	-0.838878	0.975361	-0.042918	0.216400	0.091499	0.971249	-0.219779	-0.200746	0.234164	0.951246
64465	10.594913	-5.698350	14.167545	0.846651	-1.694052	-0.278201	0.971552	-0.041739	0.233121	0.092469	0.973070	-0.211151	-0.218030	0.226700	0.949247
64466	-0.652750	-6.222460	10.372944	1.430229	-1.532075	-0.375623	0.967732	-0.042049	0.248450	0.092914	0.976048	-0.196715	-0.234227	0.213452	0.948460
64467	-2.731887	2.185092	8.374598	1.989232	-2.491665	-0.500793	0.961100	-0.041877	0.273007	0.092863	0.979890	-0.176611	-0.260121	0.195093	0.945661
64468	4.489551	4.827207	11.613945	0.822871	-2.769689	-0.247708	0.953279	-0.039020	0.299562	0.093020	0.981357	-0.168185	-0.287415	0.188192	0.939136
64469	8.018199	2.272083	14.808815	0.584505	-2.629433	-0.616690	0.944791	-0.040208	0.325198	0.097157	0.982189	-0.160828	-0.312939	0.183545	0.931869
64470	14.380032	5.044565	19.355777	1.524842	-2.389670	-0.970276	0.936053	-0.045552	0.348899	0.101368	0.984456	-0.143427	-0.336942	0.169623	0.926120
64471	21.758028	-3.615418	18.855781	-0.476677	-1.235762	-0.067666	0.931741	-0.044113	0.360434	0.103675	0.983595	-0.147624	-0.348009	0.174915	0.921029
64472	14.093801	-6.719125	13.834678	0.701822	-0.072122	0.093361	0.931575	-0.043093	0.360987	0.100399	0.984830	-0.141529	-0.349411	0.168088	0.921769
64473	-4.062713	3.490501	5.828778	2.000556	-0.493314	-0.584131	0.929241	-0.048097	0.366330	0.098821	0.987723	-0.120990	-0.356013	0.148630	0.922585
64474	6.001294	4.686768	14.315814	0.673090	-1.099569	-0.130856	0.925128	-0.047812	0.376633	0.097643	0.988631	-0.114340	-0.366884	0.142555	0.919279
64475	6.387326	-1.998927	9.305263	-0.898454	-0.156741	0.339089	0.924872	-0.044256	0.377694	0.097850	0.987458	-0.123902	-0.367473	0.151551	0.917603
64476	3.662101	-3.613466	8.574526	0.425771	-0.561074	0.096228	0.922877	-0.042490	0.382743	0.095427	0.988128	-0.120399	-0.373083	0.147638	0.915976
64477	6.110856	0.083565	10.931409	0.826223	-0.448146	-0.046692	0.921138	-0.042332	0.386926	0.092798	0.989288	-0.112686	-0.378011	0.139706	0.915199
64478	4.237575	-0.478537	9.717992	0.085821	-0.211438	0.040811	0.920364	-0.041657	0.388837	0.092140	0.989417	-0.112094	-0.380052	0.138995	0.914462
64479	4.034548	-1.507555	9.602733	0.215338	-0.243196	0.042451	0.919464	-0.040927	0.391039	0.090973	0.989724	-0.110322	-0.382505	0.137011	0.913738
64480	5.027349	-0.966895	10.269229	0.210436	-0.288128	0.022722	0.918368	-0.040334	0.393667	0.090000	0.990011	-0.108524	-0.385358	0.135094	0.912825
64481	3.808617	-1.125070	9.244555	0.041813	-0.137825	0.041437	0.917861	-0.039763	0.394906	0.089503	0.990077	-0.108336	-0.386680	0.134783	0.912312
64482	4.131257	-1.251202	9.619525	0.064543	-0.202553	0.042805	0.917103	-0.039090	0.396729	0.088903	0.990173	-0.107951	-0.388611	0.134273	0.911566
64483	4.273246	-1.162671	9.566975	-0.036812	-0.201405	0.042120	0.916344	-0.038428	0.398545	0.088705	0.990133	-0.108485	-0.390443	0.134762	0.910710
64484	5.081902	-0.662494	9.899062	0.002491	-0.175768	0.043978	0.915684	-0.037779	0.400119	0.088336	0.990145	-0.108671	-0.392070	0.134853	0.909997
64485	4.140187	-1.001054	9.419455	-0.193617	-0.069705	0.088205	0.915476	-0.036836	0.400683	0.088333	0.989908	-0.110816	-0.392557	0.136843	0.909491
64486	4.114096	-1.242224	9.450240	-0.080920	-0.089208	0.058928	0.915167	-0.036154	0.401450	0.088155	0.989810	-0.111822	-0.393317	0.137726	0.909029
64487	4.285580	-1.226001	9.404578	-0.114668	-0.093116	0.060766	0.914841	-0.035449	0.402254	0.088095	0.989666	-0.113139	-0.394087	0.138941	0.908510
64488	4.170977	-1.186997	9.497472	-0.105165	-0.095611	0.055334	0.914502	-0.034792	0.403082	0.088048	0.989531	-0.114350	-0.394884	0.140064	0.907992
64489	4.131069	-1.067601	9.458497	-0.107314	-0.109189	0.050499	0.914103	-0.034164	0.404041	0.088055	0.989390	-0.115558	-0.395807	0.141210	0.907412
64490	4.113349	-1.140341	9.419556	-0.130497	-0.108212	0.057333	0.913714	-0.033466	0.404978	0.088092	0.989216	-0.117008	-0.396695	0.142587	0.906809
64491	4.354801	-1.203951	9.471064	-0.132128	-0.132220	0.049360	0.913219	-0.032814	0.406145	0.088211	0.989036	-0.118436	-0.397806	0.143984	0.906101
64492	4.320283	-1.209662	9.434816	-0.102529	-0.106585	0.046926	0.912825	-0.032219	0.407077	0.088235	0.988895	-0.119589	-0.398703	0.145082	0.905531
64493	4.201703	-1.326184	9.416466	-0.105813	-0.099268	0.048314	0.912459	-0.031622	0.407944	0.088262	0.988749	-0.120773	-0.399535	0.146206	0.904984
64494	4.327481	-1.461066	9.300692	-0.093679	-0.101709	0.032824	0.912071	-0.031172	0.408847	0.088381	0.988613	-0.121788	-0.400395	0.147213	0.904440
64495	4.328467	-1.296414	9.351929	-0.070799	-0.091627	0.024206	0.911712	-0.030822	0.409672	0.088489	0.988509	-0.122557	-0.401187	0.147988	0.903963
64496	4.345210	-1.299391	9.314293	-0.065737	-0.079364	0.018414	0.911399	-0.030546	0.410389	0.088629	0.988409	-0.123260	-0.401867	0.148711	0.903542
64497	4.162640	-1.252752	9.373543	-0.065446	-0.080065	0.016384	0.911079	-0.030290	0.411119	0.088788	0.988308	-0.123948	-0.402558	0.149429	0.903116
64498	4.119842	-1.305571	9.313355	-0.072526	-0.088497	0.016903	0.910726	-0.030013	0.411919	0.088970	0.988197	-0.124706	-0.403314	0.150221	0.902647
64499	4.179662	-1.248921	9.348483	-0.081487	-0.113174	0.014730	0.910269	-0.029722	0.412948	0.089211	0.988070	-0.125532	-0.404291	0.151107	0.902062
64500	4.022585	-1.320447	9.342655	-0.107270	-0.130737	0.012667	0.909741	-0.029422	0.414133	0.089574	0.987903	-0.126584	-0.405399	0.152254	0.901371
64501	4.249426	-1.277010	9.364009	-0.118252	-0.150908	0.003823	0.909118	-0.029179	0.415515	0.090065	0.987716	-0.127695	-0.406684	0.153513	0.900578
64502	4.236497	-1.385966	9.352809	-0.141527	-0.174352	0.004336	0.908401	-0.028890	0.417101	0.090646	0.987490	-0.129020	-0.408156	0.155010	0.899656
64503	4.312310	-1.387639	9.396865	-0.151612	-0.171499	-0.005557	0.907682	-0.028703	0.418677	0.091362	0.987244	-0.130389	-0.409594	0.156603	0.898726
64504	4.289115	-1.283532	9.338687	-0.154092	-0.191363	-0.015284	0.906871	-0.028575	0.420438	0.092177	0.986989	-0.131742	-0.411203	0.158228	0.897706
64505	4.295790	-1.366121	9.244152	-0.166362	-0.180944	-0.016592	0.906097	-0.028476	0.422110	0.093059	0.986711	-0.133194	-0.412708	0.159968	0.896707
64506	4.496303	-1.486304	9.140443	-0.160607	-0.182422	-0.022018	0.905311	-0.028423	0.423797	0.093966	0.986438	-0.134573	-0.414224	0.161653	0.895705
64507	4.469262	-1.389638	9.188900	-0.140945	-0.167681	-0.023643	0.904580	-0.028409	0.425356	0.094811	0.986194	-0.135763	-0.415627	0.163137	0.894785
64508	4.261378	-1.311181	9.333947	-0.145185	-0.152255	-0.028678	0.903908	-0.028465	0.426780	0.095719	0.985939	-0.136972	-0.416880	0.164661	0.893923
64509	4.546101	-1.254824	9.330704	-0.172497	-0.194097	-0.023629	0.903061	-0.028401	0.428573	0.096699	0.985639	-0.138440	-0.418486	0.166463	0.892838
64510	4.367070	-1.390689	9.288677	-0.174040	-0.176896	-0.024123	0.902284	-0.028365	0.430207	0.097691	0.985332	-0.139922	-0.419928	0.168277	0.891820
64511	4.470609	-1.249863	9.394743	-0.173560	-0.200341	-0.021710	0.901407	-0.028265	0.432050	0.098663	0.985023	-0.141404	-0.421583	0.170090	0.890695
64512	4.469809	-1.338858	9.331386	-0.199046	-0.204547	-0.019005	0.900512	-0.028125	0.433920	0.099720	0.984668	-0.143125	-0.423242	0.172156	0.889510
64513	4.074497	-1.288007	9.533812	-0.190158	-0.215070	-0.001072	0.899585	-0.027788	0.435860	0.100582	0.984330	-0.144839	-0.425005	0.174135	0.888283
64514	4.175329	-1.334631	9.642703	-0.223273	-0.298514	-0.004863	0.898296	-0.027335	0.438539	0.101622	0.983928	-0.146831	-0.427477	0.176463	0.886636
64515	4.066426	-1.324017	9.633682	-0.265109	-0.349523	0.002965	0.896786	-0.026709	0.441657	0.102779	0.983448	-0.149220	-0.430361	0.179211	0.884688
64516	4.112631	-1.103207	9.655508	-0.316678	-0.449445	0.001453	0.894834	-0.025904	0.445648	0.104180	0.982866	-0.152055	-0.434073	0.182491	0.882200
64517	4.096283	-1.023909	9.580627	-0.384007	-0.564023	0.031029	0.892391	-0.024584	0.450593	0.105625	0.982156	-0.155603	-0.438728	0.186452	0.879064
64518	4.033529	-1.110283	9.659285	-0.466800	-0.681613	0.057724	0.889431	-0.022752	0.456504	0.107217	0.981279	-0.159990	-0.444317	0.191245	0.875219
64519	3.894293	-1.314138	9.676156	-0.573906	-0.830797	0.076986	0.885780	-0.020408	0.463656	0.109150	0.980171	-0.165380	-0.451087	0.197098	0.870444
64520	3.641065	-1.436846	9.818296	-0.701648	-1.033054	0.078013	0.881151	-0.017593	0.472508	0.111701	0.978768	-0.171861	-0.459452	0.204215	0.864407
64521	3.156150	-1.817770	10.181543	-0.894515	-1.272234	0.069168	0.875305	-0.014286	0.483361	0.115296	0.976902	-0.179914	-0.469626	0.213210	0.856734
64522	2.658094	-2.169404	10.148986	-0.942703	-1.559008	0.004834	0.867878	-0.010862	0.496658	0.119787	0.974837	-0.187999	-0.482119	0.222653	0.847341
64523	2.765510	-2.315360	10.095134	-0.885576	-1.866602	-0.129983	0.858564	-0.007914	0.512645	0.125293	0.972803	-0.194821	-0.497161	0.231497	0.836206
64524	2.662055	-2.436547	9.948191	-0.728807	-2.072178	-0.309277	0.847677	-0.006068	0.530478	0.131664	0.971056	-0.199285	-0.513915	0.238774	0.823941
64525	3.517825	-1.869099	10.296772	-0.550455	-2.330869	-0.455331	0.834848	-0.004880	0.550459	0.138424	0.969691	-0.201343	-0.532792	0.244287	0.810220
64526	3.568489	-1.408967	10.327255	-0.615075	-2.510892	-0.511516	0.820477	-0.003646	0.571668	0.146045	0.968135	-0.203433	-0.552711	0.250402	0.794865
64527	3.279431	-2.322640	9.499536	-0.427064	-2.823043	-0.592370	0.803656	-0.002273	0.595090	0.153314	0.967028	-0.203354	-0.575007	0.254662	0.777506
64528	2.311908	-2.881000	9.372858	-0.066744	-3.431887	-0.702657	0.782340	-0.000335	0.622852	0.159329	0.966836	-0.199607	-0.602129	0.255399	0.756447
64529	2.684909	-3.126606	10.600663	0.248698	-4.096465	-0.845118	0.755633	0.001882	0.654993	0.164342	0.967463	-0.192373	-0.634043	0.253006	0.730738
64530	3.104122	-4.383116	10.164348	0.314068	-4.691158	-0.985303	0.723393	0.004121	0.690424	0.169634	0.968270	-0.183513	-0.669273	0.249872	0.699741
64531	4.489485	-5.191915	9.855517	0.811698	-5.250400	-1.229853	0.685116	0.005084	0.728416	0.172759	0.970312	-0.169262	-0.707651	0.241805	0.663898
64532	5.312853	-4.114976	9.964690	1.322819	-5.798754	-1.499387	0.640273	0.004133	0.768136	0.173119	0.973482	-0.149539	-0.748385	0.228724	0.622579
64533	8.772701	-3.172118	10.857620	1.511150	-6.299175	-1.656905	0.588939	0.001889	0.808175	0.171732	0.976867	-0.127430	-0.789721	0.213838	0.574991
64534	13.735093	-3.264477	12.232160	1.123793	-6.455176	-1.666948	0.533821	-0.000987	0.845597	0.172055	0.979207	-0.107474	-0.827908	0.202862	0.522891
64535	20.229870	-4.761418	15.811858	0.659462	-5.967403	-1.585977	0.480699	-0.004633	0.876873	0.174591	0.980470	-0.090530	-0.859329	0.196612	0.472120
64536	18.513890	-7.740697	15.800734	0.489446	-5.170799	-1.498027	0.432962	-0.009298	0.901364	0.177224	0.981308	-0.075006	-0.883819	0.192218	0.426517
64537	15.975963	-6.233718	13.654777	1.083816	-4.842272	-1.722347	0.386586	-0.017172	0.922093	0.174637	0.983101	-0.054908	-0.905568	0.182258	0.383052
64538	11.360534	-5.950497	13.390131	1.064250	-4.478530	-1.748255	0.342567	-0.026446	0.939121	0.171330	0.984600	-0.034770	-0.923739	0.172811	0.341822
64539	5.808193	-5.308613	13.444240	1.114240	-4.294435	-1.752607	0.299584	-0.036521	0.953371	0.166628	0.985912	-0.014593	-0.939407	0.163230	0.301449
64540	1.565139	-4.025848	12.709875	0.883992	-4.293303	-1.777368	0.256001	-0.047214	0.965523	0.163255	0.986571	0.004958	-0.952791	0.156357	0.260271
64541	-1.477697	-3.715470	11.546566	0.652555	-4.181106	-1.888426	0.212862	-0.059417	0.975274	0.161480	0.986563	0.024860	-0.963646	0.152195	0.219597
64542	-0.926834	-6.150676	11.024274	-0.065811	-3.298374	-1.724712	0.178124	-0.071379	0.981416	0.165540	0.985325	0.041618	-0.969984	0.155051	0.187326
64543	5.521815	-7.311552	11.990462	0.682288	-2.591077	-1.565337	0.150366	-0.082863	0.985152	0.161524	0.985151	0.058209	-0.975346	0.150373	0.161518
64544	22.087894	-5.147062	33.673765	0.105003	1.243152	-0.114611	0.162271	-0.085872	0.983003	0.160732	0.985201	0.059531	-0.973567	0.148340	0.173672
64545	10.141015	-15.023541	18.887914	-1.264676	3.554799	0.986716	0.198389	-0.081614	0.976720	0.171262	0.984083	0.047443	-0.965045	0.157863	0.209208
64546	-3.168534	-12.170078	10.086101	0.321240	4.101172	1.169050	0.239745	-0.076467	0.967820	0.165666	0.985494	0.036825	-0.956597	0.151507	0.248935
64547	-5.038053	-8.804213	5.981996	0.774962	4.246218	1.340026	0.282336	-0.069461	0.956797	0.154840	0.987597	0.026006	-0.946737	0.140808	0.289590
64548	-4.534740	-5.143263	5.266899	1.047586	4.106256	1.366600	0.322992	-0.061486	0.944402	0.140894	0.989891	0.016260	-0.935855	0.127809	0.328390
64549	-2.645941	-2.640619	5.251616	0.754785	3.933600	1.330752	0.361395	-0.053143	0.930897	0.129370	0.991576	0.006383	-0.923394	0.118123	0.365226
