// General information: 
//  MT Manager version: 2022.2.0 
//  XDA version: 2022.2.0 build 7381 rev 124627 built on 2023-07-19
// Device information: 
//  DeviceId: 00B4CB9F
//  ProductCode: MTW2-3A7G6
//  Firmware Version: 4.6.0
//  Hardware Version: 2.0.0
// Device settings: 
//  Filter Profile: human(46.1)
//  Option Flags: Orientation Smoother Disabled, Position/Velocity Smoother Disabled, Continuous Zero Rotation Update Disabled, AHS Disabled, ICC Disabled
// Coordinate system: ENU
PacketCounter	Acc_X	Acc_Y	Acc_Z	Gyr_X	Gyr_Y	Gyr_Z	Mat[1][1]	Mat[2][1]	Mat[3][1]	Mat[1][2]	Mat[2][2]	Mat[3][2]	Mat[1][3]	Mat[2][3]	Mat[3][3]
16265	9.556592	-0.251876	-0.537025	-0.170679	-0.038061	-0.018834	-0.068471	0.071953	0.995055	0.120878	0.990646	-0.063316	-0.990303	0.115945	-0.076528
16266	9.494825	-0.260233	-0.511497	-0.223125	-0.030134	-0.007908	-0.068813	0.071961	0.995031	0.123040	0.990393	-0.063117	-0.990013	0.118086	-0.077006
16267	9.507010	-0.352627	-0.441799	-0.268809	-0.019393	-0.003190	-0.069033	0.072002	0.995013	0.125655	0.990076	-0.062927	-0.989669	0.120684	-0.077396
16268	9.711566	-0.421908	-0.406222	-0.304173	-0.011677	0.006168	-0.069175	0.072129	0.994994	0.128627	0.989702	-0.062802	-0.989277	0.123639	-0.077741
16269	9.872610	-0.555811	-0.362803	-0.322683	0.011677	0.019216	-0.069059	0.072353	0.994985	0.131801	0.989286	-0.062790	-0.988868	0.126803	-0.077855
16270	9.935086	-0.659860	-0.310182	-0.303527	0.032313	0.020601	-0.068746	0.072567	0.994991	0.134774	0.988884	-0.062810	-0.988489	0.129781	-0.077762
16271	9.857935	-0.629610	-0.336358	-0.285431	0.055454	0.018280	-0.068197	0.072726	0.995018	0.137560	0.988499	-0.062821	-0.988143	0.132590	-0.077417
16272	9.796992	-0.665712	-0.352093	-0.266273	0.065439	0.018048	-0.067559	0.072868	0.995051	0.140161	0.988132	-0.062845	-0.987821	0.135221	-0.076971
16273	9.728617	-0.601319	-0.550661	-0.239538	0.055751	0.015236	-0.067010	0.072992	0.995079	0.142510	0.987795	-0.062861	-0.987522	0.137596	-0.076594
16274	9.657053	-0.588433	-0.736876	-0.213374	0.034683	0.008629	-0.066689	0.073081	0.995094	0.144580	0.987496	-0.062833	-0.987243	0.139681	-0.076421
16275	9.556643	-0.565914	-0.941871	-0.184945	0.011472	0.012336	-0.066580	0.073236	0.995090	0.146374	0.987230	-0.062863	-0.986986	0.141470	-0.076449
16276	9.482187	-0.542857	-1.051644	-0.157249	-0.011544	0.011474	-0.066710	0.073418	0.995068	0.147892	0.987001	-0.062908	-0.986751	0.142966	-0.076701
16277	9.417483	-0.538494	-1.190818	-0.128232	-0.039528	0.013477	-0.067103	0.073657	0.995024	0.149124	0.986810	-0.062993	-0.986539	0.144154	-0.077202
16278	9.385121	-0.514160	-1.378247	-0.110651	-0.071317	0.022649	-0.067805	0.074036	0.994948	0.150188	0.986636	-0.063183	-0.986329	0.145145	-0.078019
16279	9.430529	-0.483291	-1.522543	-0.108907	-0.109083	0.017043	-0.068879	0.074413	0.994846	0.151242	0.986467	-0.063315	-0.986094	0.146102	-0.079201
16280	9.670811	-0.373801	-1.717403	-0.138298	-0.148625	0.007874	-0.070365	0.074761	0.994716	0.152570	0.986261	-0.063333	-0.985785	0.147307	-0.080805
16281	10.032702	-0.393829	-1.912662	-0.179783	-0.161013	0.009096	-0.071962	0.075139	0.994573	0.154320	0.985990	-0.063325	-0.985397	0.148925	-0.082549
16282	10.143651	-0.441757	-1.831010	-0.192766	-0.136104	-0.001836	-0.073338	0.075378	0.994454	0.156176	0.985705	-0.063197	-0.985003	0.150675	-0.084062
16283	10.140805	-0.414776	-1.468773	-0.199387	-0.101789	-0.011922	-0.074384	0.075464	0.994370	0.158094	0.985415	-0.062958	-0.984618	0.152521	-0.085229
16284	10.066262	-0.397348	-1.014052	-0.206463	-0.044657	-0.003652	-0.074862	0.075549	0.994328	0.160083	0.985104	-0.062796	-0.984261	0.154474	-0.085841
16285	9.858639	-0.448729	-0.535876	-0.233087	0.007596	0.006611	-0.074801	0.075653	0.994325	0.162339	0.984740	-0.062712	-0.983896	0.156726	-0.085941
16286	9.618823	-0.521130	-0.334405	-0.260086	0.032796	0.007483	-0.074498	0.075728	0.994342	0.164861	0.984327	-0.062614	-0.983499	0.159264	-0.085815
16287	9.481799	-0.662958	-0.352855	-0.273058	0.027094	0.008482	-0.074241	0.075817	0.994354	0.167516	0.983885	-0.062512	-0.983070	0.161930	-0.085745
16288	9.461732	-0.754481	-0.515592	-0.252522	0.000365	0.005648	-0.074260	0.075925	0.994344	0.169961	0.983473	-0.062402	-0.982649	0.164366	-0.085937
16289	9.446890	-0.799167	-0.774108	-0.212068	-0.035243	0.006344	-0.074618	0.076096	0.994305	0.172002	0.983123	-0.062332	-0.982266	0.166372	-0.086448
16290	9.470102	-0.848190	-0.997456	-0.154882	-0.071621	0.005244	-0.075344	0.076320	0.994233	0.173486	0.982864	-0.062301	-0.981950	0.167791	-0.087294
16291	9.576538	-0.823082	-1.221052	-0.102592	-0.113162	0.004583	-0.076470	0.076606	0.994125	0.174465	0.982690	-0.062305	-0.981689	0.168675	-0.088512
16292	9.707555	-0.838361	-1.370460	-0.054713	-0.152911	0.002081	-0.077999	0.076938	0.993980	0.174962	0.982600	-0.062327	-0.981481	0.169048	-0.090104
16293	9.800732	-0.833045	-1.592036	-0.012330	-0.177711	-0.004051	-0.079774	0.077249	0.993815	0.175045	0.982586	-0.062326	-0.981323	0.168991	-0.091907
16294	9.922035	-0.748026	-1.600567	0.017761	-0.203790	-0.012391	-0.081827	0.077525	0.993627	0.174820	0.982629	-0.062270	-0.981194	0.168610	-0.093958
16295	9.969097	-0.710310	-1.541522	0.029561	-0.203041	-0.012292	-0.083864	0.077796	0.993436	0.174470	0.982694	-0.062227	-0.981085	0.168107	-0.095986
16296	9.935110	-0.642269	-1.315214	0.038622	-0.177668	-0.009729	-0.085656	0.078052	0.993263	0.174042	0.982771	-0.062219	-0.981006	0.167540	-0.097764
16297	9.894603	-0.518317	-1.038685	-0.001152	-0.136028	-0.009934	-0.087032	0.078234	0.993129	0.174006	0.982780	-0.062170	-0.980891	0.167400	-0.099147
16298	9.874572	-0.408285	-0.764068	-0.060681	-0.092401	0.004752	-0.087962	0.078488	0.993027	0.174565	0.982679	-0.062208	-0.980709	0.167876	-0.100139
16299	9.906574	-0.291439	-0.536854	-0.122637	-0.046317	0.014934	-0.088413	0.078764	0.992965	0.175741	0.982464	-0.062283	-0.980458	0.168998	-0.100705
16300	9.878041	-0.238829	-0.456386	-0.183246	-0.014509	0.023667	-0.088545	0.079074	0.992929	0.177517	0.982138	-0.062384	-0.980126	0.170738	-0.101001
16301	9.847931	-0.274339	-0.573266	-0.217312	0.001471	0.013793	-0.088530	0.079257	0.992915	0.179618	0.981758	-0.062352	-0.979745	0.172826	-0.101151
16302	9.775217	-0.377854	-0.766225	-0.217580	-0.005848	-0.001125	-0.088620	0.079310	0.992903	0.181708	0.981385	-0.062172	-0.979351	0.174909	-0.101382
16303	9.631037	-0.517428	-1.003245	-0.191458	-0.028497	-0.017530	-0.088954	0.079238	0.992879	0.183531	0.981066	-0.061852	-0.978981	0.176722	-0.101813
16304	9.515761	-0.664925	-1.227044	-0.129501	-0.054968	-0.027444	-0.089574	0.079120	0.992833	0.184734	0.980863	-0.061499	-0.978698	0.177901	-0.102476
16305	9.441359	-0.758690	-1.346193	-0.067594	-0.086238	-0.024009	-0.090485	0.079089	0.992752	0.185334	0.980765	-0.061241	-0.978501	0.178450	-0.103403
16306	9.524224	-0.887889	-1.479191	-0.009761	-0.127866	-0.007929	-0.091782	0.079292	0.992617	0.185382	0.980759	-0.061204	-0.978371	0.178396	-0.104716
16307	9.700070	-0.940825	-1.590644	0.042725	-0.155986	-0.004403	-0.093340	0.079578	0.992449	0.184917	0.980843	-0.061256	-0.978311	0.177803	-0.106267
16308	9.867996	-0.912274	-1.525771	0.061843	-0.168107	0.005357	-0.095005	0.079982	0.992258	0.184277	0.980953	-0.061427	-0.978272	0.177014	-0.107935
16309	9.959080	-0.830096	-1.435879	0.090042	-0.151419	0.006751	-0.096498	0.080367	0.992083	0.183369	0.981110	-0.061642	-0.978297	0.175969	-0.109412
16310	9.910185	-0.765225	-1.357911	0.120897	-0.124387	0.000278	-0.097746	0.080641	0.991939	0.182146	0.981326	-0.061829	-0.978401	0.174634	-0.110609
16311	9.800028	-0.728209	-1.216312	0.150587	-0.103671	-0.002740	-0.098790	0.080846	0.991819	0.180640	0.981592	-0.062020	-0.978575	0.173035	-0.111575
16312	9.630774	-0.693871	-1.153816	0.173816	-0.090955	-0.003319	-0.099717	0.081023	0.991712	0.178896	0.981898	-0.062234	-0.978802	0.171207	-0.112407
16313	9.480968	-0.685953	-1.258276	0.185481	-0.094283	-0.003837	-0.100671	0.081198	0.991601	0.177050	0.982218	-0.062455	-0.979040	0.169276	-0.113257
16314	9.596919	-0.554560	-1.292902	0.153662	-0.118453	-0.000840	-0.101864	0.081442	0.991459	0.175505	0.982482	-0.062673	-0.979194	0.167622	-0.114373
16315	9.860304	-0.461079	-1.363884	0.077196	-0.121846	0.002937	-0.103076	0.081726	0.991310	0.174721	0.982611	-0.062841	-0.979208	0.166726	-0.115563
16316	10.287351	-0.289527	-1.197982	0.040885	-0.096568	-0.007828	-0.104067	0.081863	0.991195	0.174273	0.982689	-0.062863	-0.979183	0.166197	-0.116532
16317	10.491876	-0.011866	-1.270017	0.040972	0.017169	-0.034897	-0.103985	0.081543	0.991230	0.173801	0.982788	-0.062616	-0.979275	0.165766	-0.116368
16318	9.627293	0.064315	-0.849187	-0.063780	0.041750	-0.016138	-0.103636	0.081368	0.991281	0.174369	0.982699	-0.062434	-0.979211	0.166379	-0.116031
16319	9.000921	-0.252121	-0.932573	-0.106233	-0.064871	-0.039734	-0.104366	0.081137	0.991224	0.175326	0.982558	-0.061968	-0.978963	0.167320	-0.116771
16320	9.387926	-0.270112	-0.655441	-0.116056	-0.176866	-0.083828	-0.106276	0.080663	0.991059	0.176334	0.982435	-0.061052	-0.978576	0.168269	-0.118633
16321	10.104810	-0.475064	-0.393661	-0.150729	-0.169191	-0.048154	-0.108041	0.080527	0.990880	0.177723	0.982222	-0.060445	-0.978132	0.169571	-0.120432
16322	10.754288	-1.035770	-0.058416	-0.237980	-0.088039	0.029196	-0.108881	0.081017	0.990748	0.180042	0.981797	-0.060499	-0.977614	0.171789	-0.121485
16323	11.427696	-1.509157	0.062210	-0.344171	0.046881	0.089482	-0.108284	0.081864	0.990744	0.183460	0.981131	-0.061019	-0.977045	0.175155	-0.121260
16324	11.244360	-1.920906	0.096851	-0.314659	0.254932	0.133021	-0.105578	0.082772	0.990960	0.186637	0.980470	-0.062011	-0.976739	0.178403	-0.118965
16325	9.047105	-1.723064	0.546186	-0.028471	0.468930	0.063436	-0.100901	0.082607	0.991461	0.186950	0.980369	-0.062657	-0.977174	0.179031	-0.114363
16326	8.912591	-0.757432	2.124012	0.094816	0.179465	-0.023238	-0.099221	0.082112	0.991672	0.185960	0.980562	-0.062586	-0.977535	0.178201	-0.112562
16327	10.936003	-1.802761	0.646611	-0.109463	-0.076928	0.134186	-0.099743	0.083616	0.991494	0.187125	0.980259	-0.063844	-0.977259	0.179165	-0.113421
16328	10.050420	-2.420771	0.416028	-0.024346	0.419843	0.144261	-0.095400	0.084330	0.991860	0.187464	0.980099	-0.065299	-0.977628	0.179708	-0.109310
16329	6.577647	-1.855244	0.353018	0.047001	0.256711	-0.060816	-0.093024	0.083326	0.992171	0.186901	0.980239	-0.064800	-0.977965	0.179410	-0.106759
16330	8.785918	-1.338796	0.421424	0.105859	-0.417131	-0.388402	-0.097857	0.080316	0.991954	0.185455	0.980751	-0.061114	-0.977768	0.177982	-0.110868
16331	12.325831	-1.376538	-1.642990	0.393537	-0.140920	-0.581130	-0.100318	0.074913	0.992131	0.180982	0.981900	-0.055841	-0.978357	0.173956	-0.112060
16332	9.980029	-0.796957	-2.534702	0.703205	0.276260	-0.336400	-0.098241	0.071190	0.992613	0.173723	0.983349	-0.053332	-0.979882	0.167201	-0.108973
16333	9.594791	-1.185987	-3.856744	0.623830	0.185587	-0.133616	-0.096669	0.069623	0.992879	0.167430	0.984473	-0.052732	-0.981133	0.161140	-0.106825
16334	9.673411	-0.947707	-3.381767	0.609039	0.479090	-0.027928	-0.092043	0.068642	0.993386	0.161383	0.985460	-0.053141	-0.982590	0.155425	-0.101783
16335	8.985298	-0.402297	-2.176160	0.277878	0.616885	0.048335	-0.085924	0.068221	0.993963	0.158646	0.985860	-0.053951	-0.983590	0.153052	-0.095532
16336	8.246835	-0.290797	-0.997485	-0.055959	0.713782	0.117725	-0.078747	0.068338	0.994550	0.159252	0.985698	-0.055121	-0.984092	0.154044	-0.088504
16337	8.428765	-0.410644	-0.374435	-0.216247	0.570325	0.107413	-0.072985	0.068565	0.994973	0.161413	0.985294	-0.056058	-0.984185	0.156510	-0.082979
16338	9.766804	-0.438223	-1.378800	-0.182921	0.484794	0.002750	-0.068242	0.067881	0.995357	0.163173	0.985008	-0.055988	-0.984235	0.158595	-0.078295
16339	10.236593	-0.220205	-1.403399	-0.125978	0.578567	-0.025821	-0.062612	0.066758	0.995803	0.164344	0.984830	-0.055690	-0.984414	0.160167	-0.072633
16340	10.078549	-0.576292	-1.150328	-0.189013	0.552384	-0.029024	-0.057254	0.065635	0.996200	0.166145	0.984548	-0.055318	-0.984438	0.162347	-0.067274
16341	10.052850	-1.098991	-1.328226	-0.173648	0.465660	-0.105243	-0.052869	0.063892	0.996555	0.167746	0.984339	-0.054209	-0.984412	0.164302	-0.062758
16342	10.148293	-1.368815	-1.478983	-0.095975	0.393247	-0.128544	-0.049246	0.062031	0.996859	0.168582	0.984266	-0.052919	-0.984457	0.165447	-0.058928
16343	10.025683	-1.680542	-1.672477	0.030395	0.353307	-0.107217	-0.045973	0.060448	0.997112	0.168180	0.984388	-0.051923	-0.984684	0.165307	-0.055421
16344	9.587983	-1.913121	-2.030285	0.189128	0.268419	-0.110548	-0.043546	0.058971	0.997309	0.166225	0.984770	-0.050972	-0.985126	0.163558	-0.052685
16345	9.618010	-1.907153	-1.907941	0.297791	0.144459	-0.149076	-0.042392	0.057324	0.997455	0.163171	0.985346	-0.049693	-0.985687	0.160649	-0.051124
16346	9.772616	-1.412801	-1.757836	0.355575	0.044175	-0.219552	-0.042343	0.055142	0.997580	0.159529	0.986039	-0.047733	-0.986285	0.157122	-0.050549
16347	9.688105	-0.732361	-1.725525	0.323916	-0.023727	-0.284192	-0.043051	0.052432	0.997696	0.156157	0.986701	-0.045116	-0.986794	0.153855	-0.050666
16348	9.681598	-0.335640	-1.431220	0.187641	-0.049310	-0.288607	-0.044018	0.049712	0.997793	0.154136	0.987140	-0.042381	-0.987069	0.151931	-0.051115
16349	9.581410	0.079110	-0.813781	0.038824	-0.049616	-0.301980	-0.044999	0.046862	0.997887	0.153566	0.987351	-0.039442	-0.987113	0.151467	-0.051627
16350	9.909479	0.430655	-0.830978	-0.098204	-0.083261	-0.341733	-0.046380	0.043667	0.997969	0.154336	0.987361	-0.036030	-0.986929	0.152352	-0.052533
16351	10.284168	0.594191	-0.742954	-0.267783	-0.029875	-0.291485	-0.047156	0.040893	0.998050	0.156785	0.987080	-0.033036	-0.986506	0.154921	-0.052958
16352	10.226869	0.017926	-0.696791	-0.422616	-0.004326	-0.200137	-0.047549	0.038978	0.998108	0.160815	0.986502	-0.030864	-0.985839	0.159043	-0.053175
16353	10.077963	-1.231810	-1.088280	-0.428163	0.008929	-0.157541	-0.047743	0.037467	0.998157	0.164895	0.985881	-0.029119	-0.985155	0.163201	-0.053247
16354	9.804662	-2.042489	-1.237502	-0.239694	0.011119	-0.141398	-0.047901	0.036108	0.998199	0.167146	0.985545	-0.027629	-0.984768	0.165521	-0.053244
16355	9.291896	-2.400274	-1.390275	0.047187	-0.042106	-0.187324	-0.048654	0.034388	0.998224	0.166539	0.985696	-0.025839	-0.984834	0.164986	-0.053685
16356	9.076853	-2.000044	-1.471063	0.366477	-0.152927	-0.291194	-0.050672	0.031819	0.998208	0.162742	0.986396	-0.023181	-0.985367	0.161275	-0.055161
16357	9.302155	-0.870319	-1.167273	0.560347	-0.237985	-0.337712	-0.053585	0.028921	0.998144	0.156989	0.987394	-0.020182	-0.986146	0.155616	-0.057450
16358	9.410905	0.124307	-0.724494	0.607882	-0.251922	-0.341133	-0.056629	0.025988	0.998057	0.150761	0.988421	-0.017183	-0.986947	0.149495	-0.059891
16359	9.456434	0.904731	-0.326761	0.526803	-0.249776	-0.339518	-0.059627	0.023058	0.997954	0.145305	0.989285	-0.014176	-0.987588	0.144163	-0.062338
16360	9.456049	1.432159	0.304429	0.333579	-0.247256	-0.287370	-0.062515	0.020619	0.997831	0.141792	0.989829	-0.011570	-0.987920	0.140762	-0.064803
16361	9.661291	1.418605	0.498800	0.086410	-0.286905	-0.193541	-0.065650	0.019164	0.997659	0.140743	0.989998	-0.009756	-0.987867	0.139773	-0.067690
16362	9.860822	0.815568	0.706551	-0.127526	-0.240655	-0.135102	-0.068251	0.018217	0.997502	0.141870	0.989850	-0.008370	-0.987530	0.140944	-0.070143
16363	9.607788	0.566297	0.798323	-0.219064	-0.201161	-0.172621	-0.070511	0.016850	0.997369	0.143858	0.989577	-0.006548	-0.987083	0.143018	-0.072200
16364	9.836641	0.760276	0.778503	-0.250023	-0.226957	-0.181471	-0.073047	0.015435	0.997209	0.146153	0.989251	-0.004605	-0.986561	0.145409	-0.074518
16365	10.032150	1.448102	1.167853	-0.210929	-0.170254	-0.201575	-0.075050	0.013748	0.997085	0.148021	0.988981	-0.002495	-0.986133	0.147402	-0.076258
16366	9.642111	2.109264	0.968797	-0.159478	-0.177697	-0.260017	-0.077221	0.011493	0.996948	0.149354	0.988784	0.000170	-0.985764	0.148911	-0.078072
16367	9.824261	2.495808	0.926869	-0.167397	-0.183472	-0.230205	-0.079400	0.009546	0.996797	0.150770	0.988566	0.002543	-0.985375	0.150489	-0.079932
16368	9.431407	2.694412	1.356964	-0.185669	-0.122847	-0.186722	-0.080927	0.007939	0.996688	0.152408	0.988307	0.004503	-0.984999	0.152268	-0.081190
16369	9.527522	2.828019	1.330778	-0.232873	-0.235557	-0.146726	-0.083496	0.006903	0.996484	0.154530	0.987969	0.006104	-0.984454	0.154497	-0.083558
16370	9.986877	2.747030	1.363810	-0.312366	-0.213455	-0.021576	-0.085663	0.007075	0.996299	0.157545	0.987490	0.006533	-0.983789	0.157522	-0.085706
16371	9.638861	2.168942	1.118355	-0.409907	-0.182300	0.042572	-0.087410	0.007837	0.996142	0.161562	0.986842	0.006413	-0.982984	0.161499	-0.087526
16372	9.927583	1.610627	0.898615	-0.502313	-0.195416	0.081217	-0.089229	0.009011	0.995970	0.166528	0.986018	0.005998	-0.981991	0.166392	-0.089482
16373	9.896675	0.996840	1.011293	-0.559868	-0.111299	0.098877	-0.090174	0.010223	0.995874	0.172065	0.985070	0.005468	-0.980950	0.171849	-0.090587
16374	9.522392	0.624926	0.754001	-0.545530	-0.122494	0.078000	-0.091270	0.011258	0.995763	0.177444	0.984117	0.005138	-0.979889	0.177161	-0.091818
16375	9.720525	0.418864	0.215788	-0.496639	-0.169248	0.058668	-0.092842	0.012187	0.995606	0.182323	0.983226	0.004967	-0.978846	0.181983	-0.093506
16376	9.808003	0.332478	-0.033626	-0.435897	-0.142567	0.053461	-0.094169	0.013028	0.995471	0.186598	0.982425	0.004794	-0.977913	0.186204	-0.094945
16377	9.224397	0.172670	-0.983413	-0.349655	-0.188894	0.052058	-0.095936	0.013943	0.995290	0.190022	0.981769	0.004563	-0.977081	0.189565	-0.096836
16378	9.103657	-0.019003	-1.401559	-0.217458	-0.263195	0.066778	-0.098410	0.015154	0.995031	0.192171	0.981353	0.004060	-0.976415	0.191615	-0.099487
16379	8.913796	0.430626	-1.382869	-0.108282	-0.331962	0.034376	-0.101602	0.016176	0.994694	0.193221	0.981148	0.003780	-0.975880	0.192580	-0.102812
16380	9.089731	1.172775	-1.423555	-0.109046	-0.436213	0.061147	-0.105769	0.017672	0.994234	0.194309	0.980935	0.003235	-0.975222	0.193531	-0.107186
16381	9.441090	1.778345	-0.952807	-0.161390	-0.477758	0.093056	-0.110264	0.019561	0.993710	0.195944	0.980612	0.002439	-0.974396	0.194981	-0.111959
16382	9.781664	2.181264	-0.711712	-0.298067	-0.518950	0.130672	-0.115089	0.021915	0.993113	0.198955	0.980008	0.001431	-0.973227	0.197750	-0.117149
16383	9.883018	1.887100	-0.477079	-0.459760	-0.537765	0.186408	-0.119962	0.024863	0.992467	0.203607	0.979053	0.000084	-0.971675	0.202083	-0.122512
16384	9.888557	1.437559	-0.089972	-0.579385	-0.525942	0.182389	-0.124721	0.027779	0.991803	0.209416	0.977826	-0.001053	-0.969840	0.207568	-0.127773
16385	9.752226	0.867549	-0.247048	-0.663297	-0.554740	0.202711	-0.129681	0.030974	0.991072	0.216063	0.976377	-0.002243	-0.967729	0.213843	-0.133310
16386	9.740096	0.189923	-0.535087	-0.670710	-0.553780	0.218797	-0.134583	0.034365	0.990306	0.222798	0.974858	-0.003551	-0.965530	0.220160	-0.138856
16387	9.507586	-0.384817	-0.608762	-0.649501	-0.562826	0.230388	-0.139505	0.037910	0.989495	0.229339	0.973334	-0.004958	-0.963297	0.226238	-0.144480
16388	9.348725	-1.137897	-1.137722	-0.615606	-0.593189	0.262606	-0.144630	0.041879	0.988599	0.235598	0.971828	-0.006701	-0.961029	0.231942	-0.150422
16389	9.108699	-1.655778	-1.150853	-0.498818	-0.593589	0.250166	-0.149748	0.045744	0.987665	0.240720	0.970558	-0.008454	-0.958973	0.236485	-0.156351
16390	9.458716	-1.491258	-1.200876	-0.299189	-0.675742	0.150428	-0.155885	0.048866	0.986566	0.243780	0.969784	-0.009515	-0.957220	0.239022	-0.163088
16391	9.833435	-0.794858	-1.259163	-0.125556	-0.701837	0.113754	-0.162334	0.051695	0.985381	0.245127	0.969434	-0.010476	-0.955803	0.239843	-0.170044
16392	9.686583	-0.322714	-1.353290	-0.041064	-0.736716	0.109008	-0.169131	0.054574	0.984082	0.245664	0.969286	-0.011532	-0.954486	0.239803	-0.177343
16393	9.942220	-0.092261	-1.516934	0.006057	-0.776172	0.106254	-0.176287	0.057509	0.982657	0.245759	0.969249	-0.012636	-0.953166	0.239269	-0.184999
16394	10.056851	0.034603	-1.373207	-0.039889	-0.756307	0.166940	-0.183107	0.060992	0.981199	0.246404	0.969062	-0.014255	-0.951713	0.239161	-0.192470
16395	10.064803	-0.082147	-0.798535	-0.041246	-0.708901	0.205661	-0.189355	0.064726	0.979773	0.247150	0.968841	-0.016239	-0.950296	0.239076	-0.199452
16396	10.904297	-0.193481	0.052987	-0.045334	-0.640264	0.276829	-0.194776	0.068994	0.978418	0.248078	0.968555	-0.018913	-0.948957	0.239040	-0.205768
16397	11.635830	-0.484815	1.081236	-0.082570	-0.445800	0.409049	-0.198000	0.074068	0.977399	0.249640	0.968071	-0.022789	-0.947880	0.239486	-0.210169
16398	11.441734	-1.034463	2.094101	-0.043442	-0.216222	0.526106	-0.198759	0.079733	0.976800	0.251061	0.967569	-0.027894	-0.947345	0.239693	-0.212331
16399	10.808142	-1.611036	2.788082	0.083270	-0.031709	0.635411	-0.197473	0.086001	0.976529	0.251506	0.967247	-0.034324	-0.947496	0.238824	-0.212635
16400	10.519777	-1.960295	3.467928	0.331304	0.037265	0.636875	-0.195551	0.092128	0.976357	0.249582	0.967472	-0.041302	-0.948403	0.235605	-0.212183
16401	10.540744	-1.676582	3.870301	0.686590	-0.095583	0.398026	-0.195483	0.096249	0.975973	0.243815	0.968697	-0.046697	-0.949916	0.228828	-0.212831
16402	10.746797	-0.885338	3.414644	0.977007	-0.278289	0.138537	-0.197825	0.098271	0.975299	0.234763	0.970756	-0.050194	-0.951710	0.219035	-0.215110
16403	11.330679	-0.326513	2.867919	0.909400	-0.254049	0.085008	-0.200054	0.099686	0.974700	0.226241	0.972626	-0.053039	-0.953307	0.209906	-0.217131
16404	12.043241	-0.594095	2.648643	0.695163	-0.067305	0.301422	-0.200052	0.102813	0.974376	0.220177	0.973761	-0.057543	-0.954726	0.203024	-0.217440
16405	12.688701	-1.679185	2.494239	0.547434	0.126007	0.534420	-0.197684	0.107810	0.974319	0.215973	0.974300	-0.063988	-0.956178	0.197777	-0.215888
16406	12.834559	-2.175224	2.741324	0.593909	0.442005	0.621515	-0.192153	0.113058	0.974831	0.211465	0.974776	-0.071369	-0.958311	0.192429	-0.211214
16407	11.770941	-1.813339	3.988517	0.664869	0.777271	0.652226	-0.183332	0.117989	0.975945	0.206272	0.975287	-0.079161	-0.961167	0.186797	-0.203139
16408	11.399450	-1.722022	4.800139	0.692961	0.910856	0.722044	-0.173123	0.123410	0.977138	0.200852	0.975693	-0.087642	-0.964203	0.181087	-0.193702
16409	11.913071	-1.809183	5.255172	0.829587	0.932377	0.782449	-0.162567	0.129434	0.978171	0.194106	0.976182	-0.096911	-0.967417	0.174115	-0.183819
16410	13.073267	-1.515673	5.587717	1.013963	1.000437	0.771059	-0.151438	0.135318	0.979161	0.185453	0.976884	-0.106321	-0.970914	0.165487	-0.173032
16411	14.123477	-0.827523	5.718963	1.028087	1.217217	0.821235	-0.138101	0.141419	0.980270	0.176591	0.977410	-0.116129	-0.974548	0.157069	-0.159954
16412	14.415441	-0.372258	6.083634	0.821165	1.665570	0.934604	-0.120251	0.148038	0.981644	0.169742	0.977324	-0.126593	-0.978124	0.151403	-0.142653
16413	13.322457	-0.223903	6.744956	0.520635	2.166501	1.041113	-0.097266	0.154989	0.983116	0.165719	0.976533	-0.137555	-0.981365	0.149542	-0.120668
16414	12.149624	-0.099482	6.856649	0.260134	2.404786	1.056064	-0.071926	0.161736	0.984209	0.164016	0.975250	-0.148278	-0.983832	0.150761	-0.096673
16415	11.789515	0.324220	6.734236	-0.138338	2.392579	1.007058	-0.046692	0.167917	0.984695	0.165914	0.973381	-0.158120	-0.985034	0.155992	-0.073309
16416	12.134358	0.488013	6.246993	-0.799216	2.381905	0.941062	-0.021667	0.173260	0.984638	0.174064	0.970481	-0.166939	-0.984496	0.167773	-0.051185
16417	12.015971	0.379157	4.954529	-1.491720	2.321079	0.824036	0.002676	0.177167	0.984177	0.188746	0.966401	-0.174480	-0.982022	0.186226	-0.030853
16418	11.109892	-0.139294	1.839053	-1.799847	2.039547	0.550191	0.023723	0.178513	0.983651	0.206269	0.961883	-0.179537	-0.978208	0.207156	-0.014003
16419	12.238869	-0.220308	-1.045509	-1.636974	1.859849	0.233547	0.042407	0.176761	0.983340	0.222104	0.957929	-0.181772	-0.974100	0.226113	0.001364
16420	14.029734	0.081140	-2.093253	-1.338367	2.143896	0.102516	0.063453	0.172772	0.982916	0.235013	0.954616	-0.182969	-0.969919	0.242608	0.019970
16421	15.162330	-0.226129	-2.230003	-1.081865	2.347131	0.106705	0.086454	0.167963	0.981995	0.245334	0.951742	-0.184388	-0.965576	0.256858	0.041074
16422	15.859855	-0.162172	-3.540166	-0.438908	2.454155	-0.104363	0.109823	0.160622	0.980887	0.249619	0.950772	-0.183638	-0.962096	0.265015	0.064323
16423	15.504821	0.988728	-4.095914	0.108843	2.733104	-0.249105	0.135484	0.151002	0.979205	0.248809	0.951461	-0.181149	-0.959030	0.268178	0.091337
16424	13.796404	2.162275	-3.391978	0.217201	2.948674	-0.143304	0.163325	0.141753	0.976336	0.246894	0.952262	-0.179559	-0.955180	0.270378	0.120531
16425	12.428387	2.098559	-2.813424	-0.078918	2.972089	0.095320	0.191893	0.134587	0.972144	0.247408	0.951926	-0.180625	-0.949719	0.275177	0.149370
16426	11.532486	1.496043	-1.987704	-0.452112	2.876861	0.262725	0.219744	0.129110	0.966976	0.251092	0.950324	-0.183947	-0.942690	0.283222	0.176410
16427	11.167465	1.132161	-1.780292	-0.726342	2.756070	0.279268	0.246343	0.123846	0.961237	0.257191	0.947889	-0.188038	-0.934435	0.293544	0.201654
16428	10.715889	0.463268	-1.317588	-0.858664	2.658348	0.271871	0.271748	0.118522	0.955042	0.264417	0.944999	-0.192512	-0.925331	0.304845	0.225462
16429	10.962132	-0.147647	-1.471332	-0.877939	2.493433	0.128692	0.295067	0.112030	0.948886	0.272068	0.942140	-0.195836	-0.915923	0.315946	0.247515
16430	10.309213	0.046115	-1.761833	-0.792575	2.454800	-0.134216	0.317039	0.102944	0.942809	0.279644	0.939750	-0.196646	-0.906248	0.325995	0.269150
16431	9.191726	0.557078	-1.548190	-0.926635	2.322720	-0.220649	0.337360	0.093209	0.936750	0.288649	0.936911	-0.197178	-0.896030	0.336912	0.289171
16432	8.439429	0.094102	-1.769060	-1.177844	2.228669	-0.178076	0.356660	0.083948	0.930455	0.299699	0.933036	-0.199061	-0.884858	0.349853	0.307617
16433	7.917468	-0.708389	-1.622377	-1.342355	2.173948	-0.108097	0.375449	0.075216	0.923786	0.311826	0.928348	-0.202321	-0.872813	0.364022	0.325093
16434	7.669131	-1.527345	-1.466252	-1.464820	2.092028	0.039424	0.393682	0.067867	0.916738	0.324310	0.922891	-0.207593	-0.860138	0.379033	0.341316
16435	7.490287	-2.385368	-1.420899	-1.467722	2.031134	0.231776	0.411799	0.062186	0.909150	0.335840	0.917089	-0.214848	-0.847132	0.393803	0.356772
16436	7.543389	-3.066921	-1.160406	-1.304171	1.980611	0.335466	0.429577	0.057383	0.901205	0.345336	0.911683	-0.222662	-0.834390	0.406869	0.371821
16437	7.297576	-3.152810	-1.006432	-0.955209	1.910319	0.192013	0.446087	0.051304	0.893518	0.352343	0.907667	-0.228023	-0.822715	0.416543	0.386822
16438	7.276495	-2.306904	-0.771841	-0.593643	1.780892	-0.132109	0.460164	0.042692	0.886807	0.357737	0.905255	-0.229210	-0.812572	0.422718	0.401293
16439	7.416687	-1.000272	-0.720859	-0.394920	1.708921	-0.390906	0.472573	0.031938	0.880713	0.362684	0.903746	-0.227382	-0.803203	0.426875	0.415503
16440	7.316574	-0.083609	-0.400768	-0.343819	1.713598	-0.518458	0.484347	0.019970	0.874648	0.367851	0.902426	-0.224307	-0.793784	0.430383	0.429741
16441	6.877238	0.244132	0.165378	-0.321768	1.689911	-0.493180	0.495865	0.008264	0.868360	0.372742	0.901129	-0.221425	-0.784335	0.433472	0.443758
16442	6.329817	-0.164611	0.736273	-0.255269	1.599629	-0.411140	0.506785	-0.002331	0.862069	0.376735	0.900052	-0.219038	-0.775396	0.435777	0.457011
16443	5.759346	-0.697681	1.145218	-0.031181	1.518541	-0.376565	0.517086	-0.012297	0.855845	0.378839	0.899913	-0.215957	-0.767531	0.435896	0.469991
16444	5.170394	-1.176467	1.712015	0.240974	1.446134	-0.343988	0.526822	-0.021621	0.849701	0.378733	0.900923	-0.211894	-0.760933	0.433440	0.482814
16445	4.583483	-1.728406	2.031015	0.490842	1.260235	-0.273162	0.535357	-0.029475	0.844111	0.376397	0.902994	-0.207189	-0.756120	0.428641	0.494519
16446	3.984712	-2.421023	1.963775	0.632013	0.875841	-0.252241	0.541012	-0.035424	0.840269	0.372923	0.905623	-0.201929	-0.753814	0.422601	0.503163
16447	3.657005	-3.300967	1.274178	0.648004	0.373208	-0.359136	0.542499	-0.040205	0.839094	0.369918	0.908231	-0.195645	-0.754225	0.416533	0.507587
16448	4.013578	-3.501588	0.596739	0.705760	0.159920	-0.533216	0.541727	-0.045657	0.839313	0.367420	0.910940	-0.187595	-0.755999	0.410005	0.510256
16449	4.538989	-2.905008	1.658139	0.753199	0.275953	-0.412104	0.542315	-0.050494	0.838657	0.363889	0.913828	-0.180288	-0.757284	0.402951	0.513956
16450	4.634730	-2.937437	3.055118	0.858615	0.299972	-0.192343	0.543880	-0.053392	0.837462	0.358365	0.917174	-0.174262	-0.758794	0.394895	0.517967
16451	4.592310	-2.662235	4.054636	1.166212	0.137472	-0.272898	0.543964	-0.056391	0.837212	0.350915	0.921589	-0.165926	-0.762208	0.384048	0.521100
16452	4.481900	-1.426901	4.877231	1.410542	-0.144032	-0.831678	0.539955	-0.063474	0.839297	0.344570	0.926437	-0.151613	-0.767932	0.371061	0.522106
16453	5.163823	-0.095021	5.844472	1.309764	-0.241051	-1.361331	0.533432	-0.075187	0.842495	0.341715	0.930297	-0.133336	-0.773745	0.359019	0.521943
16454	6.563888	0.528936	7.405845	1.068955	-0.317042	-1.520738	0.525760	-0.088173	0.846050	0.341408	0.932861	-0.114941	-0.779113	0.349280	0.520564
16455	7.912409	0.433664	9.367098	0.722583	-0.578571	-1.330817	0.516692	-0.098551	0.850481	0.342631	0.934142	-0.099913	-0.784623	0.343025	0.516430
16456	8.790605	-0.305221	9.675760	0.428325	-0.906474	-1.089481	0.505791	-0.105577	0.856171	0.344767	0.934513	-0.088437	-0.790766	0.339910	0.509068
16457	9.567913	-0.833450	9.554742	0.169730	-0.898171	-0.923328	0.495476	-0.111113	0.861485	0.347979	0.934112	-0.079658	-0.795873	0.339248	0.501495
16458	10.057781	-1.460585	10.034406	-0.272639	-0.796972	-0.653807	0.486813	-0.114439	0.865977	0.353305	0.932466	-0.075386	-0.798867	0.342653	0.494369
16459	10.588883	-2.170835	10.738077	-0.885548	-0.704751	-0.277628	0.480201	-0.114536	0.869648	0.361660	0.929097	-0.077335	-0.799130	0.351653	0.487577
16460	10.238002	-3.334508	10.733143	-1.359597	-0.483072	0.065474	0.476573	-0.112141	0.871954	0.372135	0.924323	-0.084517	-0.796489	0.364762	0.482239
16461	8.002547	-3.862365	9.981024	-1.628080	-0.203033	-0.003640	0.474963	-0.111377	0.872929	0.385013	0.918282	-0.092323	-0.791312	0.379939	0.479031
16462	3.801148	-3.221076	8.323591	-1.505304	-0.088838	-0.492929	0.472316	-0.115485	0.873831	0.399161	0.911922	-0.095232	-0.785868	0.393778	0.476813
16463	1.609364	-1.971131	4.103444	-1.142017	-0.977041	-0.989768	0.460642	-0.120536	0.879363	0.412687	0.906219	-0.091963	-0.785811	0.405264	0.467186
16464	3.401211	-1.713294	0.105561	-0.695946	-2.623757	-1.183388	0.434946	-0.120420	0.892368	0.423430	0.901964	-0.084668	-0.794688	0.414681	0.443295
16465	8.654994	-1.724225	-7.005556	-0.543773	-3.977144	-1.375355	0.397183	-0.116071	0.910370	0.433450	0.898084	-0.074604	-0.808930	0.424231	0.407015
16466	17.333775	-0.334481	-6.733276	-0.183503	-1.438734	-1.066614	0.380844	-0.119453	0.916891	0.439033	0.896072	-0.065618	-0.813762	0.427535	0.393707
16467	13.613785	-0.496757	1.603831	-0.891890	-0.891726	0.068816	0.373912	-0.114938	0.920315	0.445968	0.892327	-0.069748	-0.813205	0.436510	0.384910
16468	13.856792	-3.287356	4.792666	-1.536952	-0.195738	0.518717	0.374655	-0.109398	0.920688	0.456423	0.886119	-0.080442	-0.807039	0.450361	0.381921
16469	11.127443	-4.902391	8.428198	-1.463593	0.523448	0.766112	0.382405	-0.104972	0.918013	0.465211	0.880288	-0.093128	-0.798339	0.462682	0.385460
16470	9.314086	-7.143267	8.004369	-1.021397	-1.488879	-0.255458	0.369302	-0.100188	0.923893	0.474275	0.875272	-0.094664	-0.799174	0.473139	0.370756
16471	15.948205	-6.737386	0.388507	-0.923782	-3.116084	-1.517173	0.337023	-0.098454	0.936334	0.486986	0.869373	-0.083872	-0.805766	0.484249	0.340945
16472	16.595187	-3.411406	-0.129460	-0.351156	-0.630074	-1.649652	0.323834	-0.109645	0.939739	0.495215	0.865977	-0.069612	-0.806160	0.487916	0.334731
16473	9.666928	-2.528533	3.275631	-0.799926	-0.217548	-0.316865	0.320525	-0.111257	0.940684	0.502612	0.861727	-0.069339	-0.802898	0.495023	0.332124
16474	7.967714	-7.140437	-2.564305	-0.931880	-1.043834	0.244695	0.313380	-0.103879	0.943929	0.509260	0.857363	-0.074720	-0.801528	0.504121	0.321582
16475	7.006178	-7.385468	-2.799883	0.197356	-0.301322	-0.559504	0.308135	-0.107100	0.945295	0.509355	0.857798	-0.068846	-0.803499	0.502704	0.318870
16476	6.160450	-5.175083	-0.179261	0.434403	-0.845949	-0.368631	0.299436	-0.105965	0.948214	0.506922	0.859611	-0.064017	-0.808312	0.499840	0.311114
16477	8.782771	-6.110457	-1.178572	0.834111	-0.986505	-0.119651	0.290846	-0.102030	0.951314	0.500442	0.863663	-0.060371	-0.815455	0.493636	0.302253
16478	9.095105	-3.698502	0.570646	1.744846	-1.025217	-0.368786	0.280595	-0.100182	0.954584	0.487115	0.871807	-0.051691	-0.827034	0.479496	0.293425
16479	9.647247	-0.604044	0.590076	2.466035	-1.473887	-0.925454	0.263884	-0.101312	0.959219	0.468980	0.882482	-0.035810	-0.842866	0.459305	0.280386
16480	10.369010	2.967797	-0.348313	2.828650	-1.593259	-1.727260	0.242374	-0.109459	0.963988	0.449217	0.893349	-0.011508	-0.859918	0.435829	0.265695
16481	11.714541	7.553986	-1.670229	2.367946	-0.806824	-1.738625	0.227733	-0.121561	0.966106	0.432733	0.901450	0.011421	-0.872284	0.415465	0.257894
16482	9.391211	7.710675	1.567260	1.974158	-0.408903	-0.644606	0.221394	-0.125673	0.967053	0.416817	0.908708	0.022666	-0.881617	0.398066	0.253565
16483	9.192420	7.125344	1.642921	0.978853	-1.404820	-0.280280	0.207810	-0.122622	0.970453	0.408697	0.912248	0.027750	-0.888697	0.390854	0.239690
16484	10.259359	6.228266	0.030171	0.378486	-1.639376	0.127053	0.193701	-0.115008	0.974296	0.405019	0.913899	0.027357	-0.893554	0.389309	0.223604
16485	10.011384	4.421682	-0.476020	0.150010	-1.417692	0.045893	0.181200	-0.109011	0.977386	0.403536	0.914560	0.027192	-0.896842	0.389483	0.209708
16486	9.870813	3.524422	-0.386096	0.042752	-1.268192	-0.253617	0.168770	-0.106327	0.979904	0.403547	0.914476	0.029724	-0.899259	0.390420	0.197244
16487	9.656111	3.032250	0.032860	-0.091384	-1.319415	-0.231371	0.155960	-0.103221	0.982355	0.404693	0.913900	0.031779	-0.901055	0.392596	0.184304
16488	9.661971	2.045205	-0.181934	-0.245095	-1.491030	-0.079779	0.142174	-0.098010	0.984978	0.406974	0.912876	0.032092	-0.902308	0.396297	0.169674
16489	9.573971	0.935410	-0.153123	-0.289134	-1.512481	0.025402	0.128623	-0.091699	0.987445	0.409500	0.911772	0.031331	-0.903198	0.400329	0.154826
16490	9.270492	0.232970	0.194872	-0.201107	-1.463557	-0.108316	0.114935	-0.086746	0.989578	0.411402	0.910890	0.032065	-0.904178	0.403429	0.140380
16491	9.141757	0.224258	0.599147	-0.036458	-1.495115	-0.308198	0.100135	-0.083455	0.991468	0.412015	0.910503	0.035028	-0.905658	0.404992	0.125558
16492	9.331163	0.584208	0.738170	0.007931	-1.537716	-0.303030	0.084931	-0.079918	0.993177	0.412178	0.910311	0.038003	-0.907136	0.406138	0.110254
16493	9.301518	0.362108	1.190663	-0.016463	-1.537862	-0.235841	0.069997	-0.075754	0.994667	0.412463	0.910083	0.040287	-0.908281	0.407443	0.094949
16494	9.968518	0.281586	2.028994	-0.058039	-1.512816	-0.187830	0.055458	-0.071228	0.995917	0.413064	0.909730	0.042063	-0.909012	0.409045	0.079873
16495	10.130372	0.035372	2.115707	-0.181350	-1.457216	-0.099304	0.041799	-0.066097	0.996937	0.414715	0.908941	0.042875	-0.908991	0.411653	0.065404
16496	9.787491	-0.672636	1.275283	-0.274734	-1.448094	-0.043352	0.028443	-0.060446	0.997766	0.417184	0.907800	0.043103	-0.908377	0.415026	0.051037
16497	10.296460	-1.409016	1.023353	-0.240744	-1.379158	0.069760	0.016211	-0.054015	0.998409	0.419309	0.906860	0.042254	-0.907699	0.417957	0.037350
16498	9.792102	-2.054897	0.797079	-0.118439	-1.207258	0.099499	0.005655	-0.047997	0.998831	0.420331	0.906436	0.041177	-0.907353	0.419607	0.025301
16499	8.969630	-2.231165	0.605392	0.123916	-1.215669	-0.086363	-0.005740	-0.043627	0.999031	0.419163	0.906939	0.042014	-0.907893	0.418998	0.013081
16500	9.284993	-1.477000	0.640365	0.436216	-1.367028	-0.301707	-0.019438	-0.040602	0.998986	0.415120	0.908653	0.045008	-0.909559	0.415574	-0.000808
16501	9.410652	-0.305670	0.375063	0.586648	-1.358275	-0.351952	-0.033257	-0.038136	0.998719	0.409641	0.910961	0.048425	-0.911640	0.410727	-0.014674
16502	9.238826	0.667674	0.596050	0.593511	-1.337345	-0.310783	-0.046744	-0.035451	0.998278	0.404061	0.913290	0.051353	-0.913537	0.405765	-0.028366
16503	9.123383	1.473720	1.177372	0.528096	-1.320977	-0.263151	-0.059876	-0.032470	0.997678	0.399050	0.915353	0.053740	-0.914972	0.401340	-0.041851
16504	9.331545	2.142810	1.692842	0.342305	-1.323620	-0.229604	-0.072921	-0.029220	0.996910	0.395725	0.916671	0.055814	-0.915469	0.398573	-0.055282
16505	10.254405	2.162650	1.979914	0.048367	-1.325456	-0.052248	-0.085255	-0.024362	0.996061	0.395201	0.916871	0.056251	-0.914630	0.398440	-0.068540
16506	10.480678	0.993222	1.356369	-0.152735	-1.220572	0.101815	-0.096023	-0.018496	0.995207	0.396651	0.916302	0.055301	-0.912933	0.400060	-0.080650
16507	10.203592	-0.073208	1.392527	-0.175394	-0.976514	0.043782	-0.104753	-0.014127	0.994398	0.398255	0.915627	0.054961	-0.911274	0.401781	-0.090288
16508	10.131415	-0.416291	2.356155	-0.072965	-0.903446	-0.016238	-0.113063	-0.010583	0.993531	0.398865	0.915350	0.055140	-0.910013	0.402520	-0.099271
16509	9.918810	-0.464037	2.654643	0.214890	-0.926640	-0.147714	-0.122076	-0.008162	0.992487	0.396697	0.916220	0.056328	-0.909796	0.400593	-0.108611
16510	9.696709	-0.171606	2.246686	0.555392	-1.011486	-0.249709	-0.132285	-0.006367	0.991191	0.391289	0.918431	0.058121	-0.910711	0.395530	-0.119004
16511	9.355094	-0.282054	1.699060	0.817324	-0.953435	-0.163237	-0.141602	-0.004081	0.989915	0.383575	0.921644	0.058668	-0.912589	0.388014	-0.128942
16512	8.779014	-1.012133	0.859888	1.027830	-1.075066	-0.060780	-0.151675	-0.000463	0.988430	0.374059	0.925600	0.057833	-0.914918	0.378503	-0.140217
16513	9.028722	-1.496270	-0.961468	1.324267	-1.251873	-0.047186	-0.163313	0.003812	0.986567	0.361811	0.930550	0.056297	-0.917835	0.366145	-0.153350
16514	9.003781	-1.073126	-1.655952	1.705666	-1.235567	-0.072025	-0.174953	0.007623	0.984547	0.345965	0.936679	0.054226	-0.921791	0.350106	-0.166512
16515	8.879669	-0.263905	-1.246130	1.939140	-1.340261	0.021074	-0.187258	0.012442	0.982232	0.328050	0.943305	0.050592	-0.925915	0.331695	-0.180723
16516	9.534601	0.357401	-0.878719	1.998876	-1.447471	0.139857	-0.200263	0.018486	0.979568	0.309743	0.949736	0.045401	-0.929491	0.312506	-0.195923
16517	10.626421	0.922527	-0.671444	1.835416	-1.387187	0.171282	-0.212654	0.024380	0.976823	0.292973	0.955286	0.039937	-0.932172	0.294676	-0.210288
16518	12.185335	1.206743	0.287294	1.529800	-1.162182	0.280951	-0.222719	0.030465	0.974407	0.279277	0.959614	0.033832	-0.934024	0.279665	-0.222233
16519	12.955676	0.864655	1.502567	1.252350	-0.786317	0.369374	-0.229053	0.036215	0.972740	0.268366	0.962929	0.027343	-0.935689	0.267313	-0.230281
16520	12.746545	0.663773	2.618530	1.076057	-0.445886	0.355046	-0.232319	0.040863	0.971781	0.259075	0.965622	0.021332	-0.937501	0.256720	-0.234919
16521	12.349863	0.338883	3.391883	0.880973	-0.297482	0.323138	-0.234277	0.044785	0.971138	0.251524	0.967718	0.016051	-0.939069	0.248025	-0.237979
16522	10.467318	-0.410139	3.828003	0.765675	-0.025674	0.367733	-0.233632	0.048464	0.971117	0.245155	0.969426	0.010599	-0.940912	0.240551	-0.238370
16523	9.550572	-1.245503	4.292416	0.523456	-0.069610	0.485527	-0.233095	0.053385	0.970988	0.241320	0.970435	0.004577	-0.942036	0.235386	-0.239086
16524	10.081088	-3.583009	1.721898	0.462472	-0.727747	0.636364	-0.238448	0.061313	0.969218	0.238433	0.971155	-0.002776	-0.941431	0.230432	-0.246189
16525	10.774037	-5.057148	-1.721069	1.251125	-0.863590	0.259230	-0.245963	0.065814	0.967042	0.227236	0.973803	-0.008478	-0.942266	0.217662	-0.254475
16526	12.280050	-3.170180	-1.326758	2.003513	-0.770638	0.004883	-0.253252	0.067516	0.965042	0.208313	0.977965	-0.013753	-0.944706	0.197548	-0.261736
16527	14.063122	-1.582348	-0.341427	2.010321	-0.546001	0.308518	-0.257788	0.071609	0.963544	0.190040	0.981528	-0.022102	-0.947328	0.177414	-0.266635
16528	14.087292	-0.604713	2.522403	1.994214	0.144165	0.871998	-0.254865	0.079991	0.963662	0.173312	0.984214	-0.035861	-0.951319	0.157874	-0.264705
16529	13.389795	-0.465317	5.376338	1.803729	0.602991	1.189440	-0.247121	0.090854	0.964716	0.159051	0.985894	-0.052106	-0.955842	0.140562	-0.258086
16530	12.789179	-0.306844	7.753024	1.634779	1.206252	1.322952	-0.233568	0.102350	0.966939	0.146527	0.986793	-0.069057	-0.961236	0.125553	-0.245481
