// General information: 
//  MT Manager version: 2022.2.0 
//  XDA version: 2022.2.0 build 7381 rev 124627 built on 2023-07-19
// Device information: 
//  DeviceId: 00B4CBA7
//  ProductCode: MTW2-3A7G6
//  Firmware Version: 4.6.0
//  Hardware Version: 2.0.0
// Device settings: 
//  Filter Profile: human(46.1)
//  Option Flags: Orientation Smoother Disabled, Position/Velocity Smoother Disabled, Continuous Zero Rotation Update Disabled, AHS Disabled, ICC Disabled
// Coordinate system: ENU
PacketCounter	Acc_X	Acc_Y	Acc_Z	Gyr_X	Gyr_Y	Gyr_Z	Mat[1][1]	Mat[2][1]	Mat[3][1]	Mat[1][2]	Mat[2][2]	Mat[3][2]	Mat[1][3]	Mat[2][3]	Mat[3][3]
64312	9.622935	-0.508119	-1.548002	0.092813	-0.035353	0.001831	0.175088	0.029553	0.984109	0.509993	-0.857721	-0.064978	0.842171	0.513265	-0.165248
64313	9.718947	-0.411147	-1.509193	0.098962	-0.041110	0.005312	0.175456	0.029774	0.984037	0.510816	-0.857218	-0.065143	0.841595	0.514092	-0.165613
64314	9.834695	-0.239962	-1.436100	0.061990	-0.037010	0.015172	0.175823	0.029862	0.983969	0.511311	-0.856907	-0.065359	0.841218	0.514606	-0.165932
64315	9.762544	-0.294146	-1.493409	-0.006139	-0.032572	0.023709	0.176211	0.029882	0.983899	0.511218	-0.856949	-0.065530	0.841193	0.514533	-0.166281
64316	9.663694	-0.508451	-1.637367	-0.036080	-0.036023	0.022655	0.176608	0.029901	0.983827	0.510875	-0.857144	-0.065657	0.841318	0.514208	-0.166654
64317	9.600472	-0.685018	-1.710674	-0.004840	-0.043505	0.016672	0.177052	0.030038	0.983743	0.510804	-0.857178	-0.065760	0.841268	0.514143	-0.167109
64318	9.508122	-0.582754	-1.747930	0.015831	-0.039286	0.013534	0.177430	0.030152	0.983671	0.510914	-0.857104	-0.065884	0.841122	0.514261	-0.167481
64319	9.597796	-0.663741	-1.872584	-0.010810	-0.034436	0.012315	0.177775	0.030279	0.983605	0.510800	-0.857167	-0.065934	0.841118	0.514148	-0.167850
64320	9.518404	-0.802346	-1.981504	-0.002859	-0.029669	0.008690	0.178047	0.030385	0.983553	0.510761	-0.857187	-0.065979	0.841084	0.514108	-0.168139
64321	9.499402	-0.786990	-2.008580	0.019016	-0.029211	0.005797	0.178316	0.030541	0.983499	0.510911	-0.857095	-0.066016	0.840936	0.514252	-0.168437
64322	9.572066	-0.875286	-2.001856	0.017997	-0.019539	0.000422	0.178460	0.030666	0.983469	0.511062	-0.857005	-0.066015	0.840814	0.514394	-0.168614
64323	9.533710	-0.911340	-1.973877	0.070740	-0.020970	-0.007847	0.178591	0.030896	0.983438	0.511670	-0.856643	-0.066006	0.840416	0.514984	-0.168798
64324	9.578695	-0.767569	-1.864480	0.096741	-0.021796	-0.012649	0.178687	0.031145	0.983413	0.512506	-0.856143	-0.066009	0.839886	0.515800	-0.168944
64325	9.650303	-0.715969	-1.811673	0.099315	-0.011143	-0.018402	0.178682	0.031415	0.983405	0.513372	-0.855629	-0.065945	0.839358	0.516636	-0.169013
64326	9.576549	-0.535693	-1.710941	0.136886	-0.021095	-0.021815	0.178725	0.031738	0.983387	0.514560	-0.854916	-0.065926	0.838621	0.517794	-0.169126
64327	9.703609	-0.278554	-1.443637	0.118878	-0.030414	-0.015226	0.178897	0.032081	0.983345	0.515583	-0.854299	-0.065927	0.837956	0.518790	-0.169372
64328	9.718729	-0.245486	-1.387290	0.058306	-0.024351	-0.016444	0.178994	0.032376	0.983317	0.516102	-0.853994	-0.065828	0.837616	0.519275	-0.169569
64329	9.546846	-0.347209	-1.449382	0.023224	-0.022830	-0.008711	0.179134	0.032624	0.983284	0.516311	-0.853875	-0.065731	0.837457	0.519455	-0.169802
64330	9.569254	-0.551423	-1.506141	0.008395	-0.036885	-0.004469	0.179397	0.032881	0.983227	0.516390	-0.853832	-0.065665	0.837352	0.519509	-0.170155
64331	9.542458	-0.551844	-1.563692	0.013857	-0.043693	0.001450	0.179764	0.033151	0.983151	0.516503	-0.853765	-0.065652	0.837203	0.519603	-0.170599
64332	9.511432	-0.457177	-1.653562	-0.001696	-0.043960	0.002709	0.180123	0.033384	0.983077	0.516485	-0.853777	-0.065639	0.837137	0.519568	-0.171028
64333	9.513025	-0.529669	-1.780463	-0.021448	-0.044629	0.006334	0.180523	0.033617	0.982996	0.516294	-0.853895	-0.065613	0.837169	0.519359	-0.171503
64334	9.490166	-0.718873	-1.916922	-0.012981	-0.044716	0.005386	0.180902	0.033831	0.982919	0.516176	-0.853966	-0.065608	0.837160	0.519228	-0.171947
64335	9.519259	-0.700488	-1.980532	0.034817	-0.049375	0.002308	0.181321	0.034123	0.982832	0.516463	-0.853790	-0.065639	0.836893	0.519498	-0.172433
64336	9.686592	-0.480406	-1.869081	0.048553	-0.044753	0.002751	0.181687	0.034359	0.982756	0.516865	-0.853541	-0.065714	0.836565	0.519891	-0.172836
64337	9.663678	-0.577014	-1.894343	0.013127	-0.032483	0.002691	0.181966	0.034561	0.982697	0.516969	-0.853478	-0.065711	0.836440	0.519981	-0.173171
64338	9.584535	-0.786062	-2.023319	0.033271	-0.026025	0.001009	0.182166	0.034715	0.982655	0.517246	-0.853308	-0.065743	0.836225	0.520251	-0.173400
64339	9.632519	-0.690915	-1.950376	0.064909	-0.030357	0.001163	0.182420	0.034918	0.982600	0.517787	-0.852974	-0.065815	0.835835	0.520783	-0.173680
64340	9.648576	-0.498607	-1.862746	0.062250	-0.027849	0.001988	0.182641	0.035074	0.982554	0.518304	-0.852653	-0.065907	0.835466	0.521299	-0.173908
64341	9.571869	-0.500606	-1.783155	0.037701	-0.025739	0.005756	0.182880	0.035215	0.982504	0.518608	-0.852463	-0.065978	0.835225	0.521601	-0.174161
64342	9.540754	-0.587866	-1.647349	0.026415	-0.026476	0.008449	0.183122	0.035309	0.982456	0.518814	-0.852330	-0.066071	0.835044	0.521811	-0.174399
64343	9.499531	-0.668534	-1.695457	0.020547	-0.025480	0.000578	0.183332	0.035492	0.982410	0.518984	-0.852227	-0.066061	0.834892	0.521966	-0.174660
64344	9.555353	-0.649881	-1.703646	0.038768	-0.030317	0.002711	0.183576	0.035655	0.982359	0.519303	-0.852028	-0.066119	0.834640	0.522280	-0.174928
64345	9.519188	-0.664839	-1.688771	0.023587	-0.033639	-0.000845	0.183846	0.035893	0.982299	0.519501	-0.851909	-0.066101	0.834457	0.522458	-0.175267
64346	9.504225	-0.744595	-1.684171	0.035247	-0.041098	0.000089	0.184167	0.036134	0.982230	0.519796	-0.851727	-0.066128	0.834203	0.522738	-0.175643
64347	9.502302	-0.605497	-1.644850	0.066431	-0.052951	-0.001266	0.184596	0.036477	0.982137	0.520352	-0.851383	-0.066181	0.833761	0.523274	-0.176143
64348	9.629383	-0.464472	-1.581138	0.043705	-0.052658	-0.003415	0.184995	0.036809	0.982050	0.520724	-0.851156	-0.066189	0.833441	0.523621	-0.176627
64349	9.565381	-0.503786	-1.709774	0.019388	-0.048052	0.003239	0.185405	0.037087	0.981962	0.520879	-0.851059	-0.066204	0.833253	0.523758	-0.177109
64350	9.583553	-0.617148	-1.900462	0.014355	-0.050306	0.004736	0.185826	0.037338	0.981873	0.520991	-0.850988	-0.066240	0.833089	0.523856	-0.177589
64351	9.580904	-0.571895	-1.971649	0.027176	-0.049226	0.004710	0.186254	0.037611	0.981782	0.521208	-0.850852	-0.066283	0.832858	0.524058	-0.178077
64352	9.617618	-0.537591	-2.006304	0.007737	-0.043159	0.006561	0.186625	0.037809	0.981703	0.521261	-0.850816	-0.066326	0.832741	0.524102	-0.178491
64353	9.565180	-0.585516	-2.050723	-0.012630	-0.038070	0.003754	0.186954	0.038031	0.981632	0.521149	-0.850888	-0.066289	0.832738	0.523969	-0.178897
64354	9.497219	-0.639035	-1.964253	-0.026591	-0.031162	-0.001189	0.187185	0.038232	0.981580	0.520930	-0.851029	-0.066193	0.832822	0.523726	-0.179216
64355	9.768341	-0.480507	-1.802117	-0.144062	0.011474	-0.023581	0.186961	0.038427	0.981616	0.519774	-0.851777	-0.065653	0.833595	0.522493	-0.179222
64356	9.606775	-0.429383	-2.085160	-0.203657	0.086012	-0.024057	0.186096	0.038212	0.981788	0.518121	-0.852833	-0.065016	0.834817	0.520784	-0.178507
64357	9.486817	-0.338662	-2.052258	-0.211985	0.068522	-0.013344	0.185448	0.038025	0.981918	0.516374	-0.853934	-0.064456	0.836042	0.518991	-0.177995
64358	9.535540	-0.628712	-2.057808	-0.195544	0.051395	-0.003606	0.184977	0.037817	0.982015	0.514746	-0.854948	-0.064036	0.837150	0.517334	-0.177612
64359	9.599191	-0.680173	-2.040886	-0.135230	0.038539	-0.000785	0.184644	0.037681	0.982083	0.513615	-0.855650	-0.063737	0.837918	0.516181	-0.177344
64360	9.589122	-0.645401	-2.033787	-0.102921	0.018718	0.002729	0.184479	0.037589	0.982117	0.512748	-0.856185	-0.063545	0.838485	0.515301	-0.177222
64361	9.564088	-0.921490	-2.075222	-0.055067	0.010643	0.007515	0.184423	0.037526	0.982130	0.512272	-0.856475	-0.063469	0.838788	0.514823	-0.177177
64362	9.602203	-0.793648	-1.994264	0.044945	-0.007994	0.002737	0.184482	0.037571	0.982117	0.512644	-0.856247	-0.063540	0.838548	0.515199	-0.177223
64363	9.668629	-0.345898	-1.795365	0.075664	-0.006949	0.009202	0.184583	0.037584	0.982098	0.513261	-0.855864	-0.063713	0.838148	0.515833	-0.177269
64364	9.756138	-0.356302	-1.794511	0.023866	-0.001981	0.018125	0.184671	0.037467	0.982086	0.513428	-0.855750	-0.063898	0.838026	0.516031	-0.177269
64365	9.631903	-0.687957	-1.942990	0.019912	0.002631	0.019147	0.184742	0.037346	0.982077	0.513560	-0.855659	-0.064069	0.837930	0.516191	-0.177255
64366	9.544117	-0.682604	-1.943847	0.075538	-0.004039	0.021169	0.184863	0.037213	0.982060	0.514154	-0.855279	-0.064375	0.837539	0.516830	-0.177242
64367	9.573626	-0.504404	-1.870463	0.083241	-0.006881	0.023088	0.185034	0.037107	0.982031	0.514808	-0.854861	-0.064698	0.837099	0.517529	-0.177282
64368	9.518713	-0.436764	-1.855063	0.060241	-0.004442	0.029590	0.185202	0.036905	0.982007	0.515258	-0.854562	-0.065059	0.836785	0.518036	-0.177282
64369	9.543354	-0.530998	-1.811658	0.044381	-0.008845	0.028486	0.185418	0.036764	0.981972	0.515576	-0.854347	-0.065366	0.836541	0.518401	-0.177366
64370	9.559461	-0.571381	-1.775785	0.030811	-0.010134	0.027174	0.185621	0.036612	0.981939	0.515784	-0.854199	-0.065652	0.836368	0.518655	-0.177441
64371	9.516643	-0.581713	-1.699878	0.018688	-0.010169	0.024766	0.185829	0.036510	0.981904	0.515894	-0.854116	-0.065877	0.836254	0.518800	-0.177554
64372	9.672930	-0.488418	-1.510476	-0.045748	0.021418	0.014206	0.185701	0.036305	0.981935	0.515486	-0.854360	-0.065899	0.836534	0.518411	-0.177370
64373	9.597140	-0.470738	-1.780475	-0.111348	0.063064	0.014436	0.185242	0.035911	0.982037	0.514527	-0.854946	-0.065792	0.837226	0.517472	-0.176849
64374	9.471769	-0.753029	-1.990585	-0.080381	0.036432	0.011345	0.184973	0.035653	0.982097	0.513834	-0.855369	-0.065725	0.837711	0.516792	-0.176540
64375	9.568237	-0.815121	-1.979939	-0.007714	0.018880	0.012183	0.184872	0.035508	0.982121	0.513746	-0.855417	-0.065779	0.837787	0.516721	-0.176385
64376	9.595015	-0.609144	-1.958032	0.038801	0.027725	0.011777	0.184678	0.035292	0.982165	0.514050	-0.855223	-0.065927	0.837643	0.517057	-0.176083
64377	9.544371	-0.565418	-1.886143	0.051811	0.017278	0.016271	0.184612	0.035119	0.982184	0.514453	-0.854965	-0.066127	0.837410	0.517496	-0.175904
64378	9.725453	-0.589683	-1.840673	0.071593	0.003031	0.018024	0.184658	0.034977	0.982180	0.515020	-0.854603	-0.066394	0.837052	0.518103	-0.175823
64379	9.782383	-0.436459	-1.901133	0.064500	0.023868	0.023982	0.184577	0.034705	0.982205	0.515515	-0.854281	-0.066691	0.836765	0.518652	-0.175571
64380	9.693352	-0.522164	-1.909304	0.026029	0.030344	0.027065	0.184440	0.034344	0.982244	0.515684	-0.854158	-0.066967	0.836691	0.518879	-0.175251
64381	9.672465	-0.623120	-2.028966	-0.001971	0.023390	0.027751	0.184383	0.034042	0.982265	0.515616	-0.854182	-0.067184	0.836746	0.518859	-0.175049
64382	9.576318	-0.701217	-1.978463	0.013222	0.029245	0.027083	0.184255	0.033686	0.982301	0.515677	-0.854125	-0.067438	0.836736	0.518976	-0.174748
64383	9.560214	-0.597033	-1.989875	0.021253	0.035656	0.022962	0.184071	0.033362	0.982347	0.515812	-0.854027	-0.067649	0.836693	0.519159	-0.174410
64384	9.583719	-0.573682	-1.986716	0.004938	0.035243	0.022904	0.183872	0.033011	0.982396	0.515812	-0.854011	-0.067846	0.836737	0.519207	-0.174056
64385	9.591503	-0.696885	-1.897080	0.004582	0.040861	0.023525	0.183648	0.032655	0.982450	0.515807	-0.853999	-0.068034	0.836790	0.519248	-0.173679
64386	9.566570	-0.676466	-1.858428	0.024561	0.041367	0.026986	0.183419	0.032237	0.982506	0.515963	-0.853883	-0.068305	0.836743	0.519466	-0.173251
64387	9.549508	-0.639845	-1.790483	0.022956	0.039330	0.024756	0.183214	0.031878	0.982556	0.516109	-0.853776	-0.068537	0.836698	0.519663	-0.172876
64388	9.594704	-0.658505	-1.708674	0.026295	0.035303	0.025737	0.183029	0.031503	0.982603	0.516283	-0.853650	-0.068799	0.836632	0.519893	-0.172507
64389	9.590267	-0.633271	-1.658488	0.019898	0.036043	0.023618	0.182846	0.031170	0.982647	0.516405	-0.853559	-0.069015	0.836596	0.520063	-0.172166
64390	9.624295	-0.642281	-1.659526	0.000756	0.049695	0.019832	0.182510	0.030770	0.982722	0.516376	-0.853563	-0.069175	0.836687	0.520080	-0.171673
64391	9.516695	-0.640243	-1.668797	0.026269	0.041290	0.013501	0.182230	0.030496	0.982783	0.516571	-0.853435	-0.069301	0.836628	0.520306	-0.171275
64392	9.582058	-0.583367	-1.553441	0.049270	0.021326	0.016759	0.182116	0.030270	0.982811	0.516953	-0.853187	-0.069514	0.836417	0.520727	-0.171027
64393	9.648043	-0.409944	-1.241468	0.043456	0.004041	0.022333	0.182193	0.030115	0.982801	0.517275	-0.852972	-0.069757	0.836201	0.521088	-0.170983
64394	9.635984	-0.610319	-1.289319	-0.023114	0.004615	0.022151	0.182247	0.029929	0.982797	0.517042	-0.853101	-0.069899	0.836333	0.520886	-0.170950
64395	9.465989	-0.925755	-1.515047	0.015738	-0.005020	0.014325	0.182357	0.029889	0.982778	0.517147	-0.853028	-0.070015	0.836245	0.521008	-0.171013
64396	9.532688	-0.687906	-1.627874	0.065673	-0.022425	0.013215	0.182591	0.029921	0.982734	0.517673	-0.852692	-0.070221	0.835868	0.521556	-0.171183
64397	9.649817	-0.610618	-1.665309	0.045394	-0.020738	0.018361	0.182853	0.029927	0.982685	0.518018	-0.852465	-0.070429	0.835597	0.521926	-0.171379
64398	9.578565	-0.597889	-1.798896	0.048989	-0.019755	0.017980	0.183089	0.029905	0.982641	0.518395	-0.852218	-0.070653	0.835311	0.522332	-0.171534
64399	9.585918	-0.584196	-1.771640	0.054200	-0.029052	0.021052	0.183435	0.029932	0.982576	0.518808	-0.851945	-0.070902	0.834979	0.522775	-0.171805
64400	9.634771	-0.630993	-1.742166	0.063695	-0.023997	0.020081	0.183717	0.029914	0.982524	0.519304	-0.851621	-0.071173	0.834609	0.523304	-0.171991
64401	9.634086	-0.563785	-1.722526	0.055686	-0.025280	0.015729	0.184003	0.029967	0.982469	0.519739	-0.851338	-0.071373	0.834275	0.523760	-0.172224
64402	9.612969	-0.641058	-1.758433	0.033704	-0.027260	0.019107	0.184307	0.029975	0.982411	0.519986	-0.851170	-0.071582	0.834054	0.524033	-0.172464
64403	9.583904	-0.734797	-1.823289	0.026433	-0.018601	0.019107	0.184555	0.029965	0.982365	0.520171	-0.851042	-0.071765	0.833884	0.524242	-0.172651
64404	9.521219	-0.681537	-1.839528	0.024735	-0.022304	0.017339	0.184809	0.029962	0.982318	0.520346	-0.850920	-0.071942	0.833718	0.524440	-0.172848
64405	9.562087	-0.673811	-1.817544	0.008406	-0.022653	0.017260	0.185081	0.029988	0.982266	0.520383	-0.850886	-0.072075	0.833634	0.524494	-0.173089
64406	9.502708	-0.645165	-1.779878	-0.005616	-0.019911	0.016972	0.185313	0.029976	0.982222	0.520306	-0.850923	-0.072196	0.833631	0.524435	-0.173284
64407	9.527704	-0.669932	-1.816223	-0.016896	-0.018032	0.015413	0.185537	0.029994	0.982179	0.520136	-0.851021	-0.072267	0.833687	0.524275	-0.173497
64408	9.489202	-0.705745	-1.787739	-0.023126	-0.013929	0.012371	0.185696	0.029990	0.982150	0.519921	-0.851148	-0.072312	0.833786	0.524068	-0.173647
64409	9.565980	-0.682720	-1.783413	-0.021740	-0.024121	0.008728	0.185936	0.030096	0.982101	0.519723	-0.851269	-0.072309	0.833856	0.523865	-0.173923
64410	9.572619	-0.690543	-1.844337	-0.024652	-0.014290	0.009686	0.186083	0.030116	0.982072	0.519500	-0.851404	-0.072326	0.833962	0.523645	-0.174077
64411	9.613735	-0.681322	-1.821857	-0.031661	-0.012920	0.009547	0.186234	0.030157	0.982042	0.519218	-0.851577	-0.072314	0.834104	0.523361	-0.174251
64412	9.650557	-0.670962	-1.941499	-0.016543	-0.011360	0.013578	0.186377	0.030129	0.982016	0.519055	-0.851670	-0.072382	0.834173	0.523211	-0.174370
64413	9.642245	-0.688522	-1.971811	-0.000892	-0.009523	0.011842	0.186512	0.030132	0.981991	0.519025	-0.851683	-0.072446	0.834162	0.523190	-0.174488
64414	9.616610	-0.666418	-1.938048	0.035196	-0.008641	0.008260	0.186604	0.030135	0.981973	0.519304	-0.851504	-0.072553	0.833967	0.523481	-0.174544
64415	9.631180	-0.562067	-1.757838	0.027743	-0.005873	0.013428	0.186718	0.030106	0.981952	0.519510	-0.851367	-0.072682	0.833814	0.523705	-0.174606
64416	9.549105	-0.629048	-1.739473	0.001146	-0.001690	0.016020	0.186793	0.030006	0.981941	0.519491	-0.851369	-0.072806	0.833809	0.523709	-0.174617
64417	9.561636	-0.642433	-1.756979	-0.004507	-0.003305	0.019488	0.186915	0.029912	0.981921	0.519416	-0.851403	-0.072938	0.833828	0.523659	-0.174677
64418	9.547690	-0.656201	-1.828481	-0.000732	-0.008735	0.015171	0.187045	0.029856	0.981898	0.519382	-0.851414	-0.073050	0.833820	0.523644	-0.174759
64419	9.607318	-0.594197	-1.759506	-0.000906	-0.012081	0.016090	0.187223	0.029837	0.981864	0.519344	-0.851428	-0.073156	0.833804	0.523622	-0.174903
64420	9.615107	-0.579059	-1.731267	-0.014837	-0.007654	0.015355	0.187344	0.029774	0.981843	0.519192	-0.851513	-0.073244	0.833871	0.523487	-0.174985
64421	9.589250	-0.696878	-1.741031	-0.006632	-0.012811	0.015774	0.187527	0.029762	0.981808	0.519107	-0.851557	-0.073337	0.833883	0.523416	-0.175139
64422	9.558818	-0.716670	-1.683013	0.010126	-0.016436	0.014773	0.187718	0.029750	0.981772	0.519165	-0.851511	-0.073464	0.833804	0.523492	-0.175289
64423	9.581578	-0.692617	-1.684779	0.006193	-0.011793	0.015768	0.187892	0.029732	0.981740	0.519186	-0.851488	-0.073578	0.833752	0.523530	-0.175424
64424	9.514267	-0.750356	-1.697063	0.010893	-0.016263	0.016118	0.188089	0.029707	0.981703	0.519248	-0.851438	-0.073720	0.833669	0.523613	-0.175572
64425	9.518692	-0.640500	-1.702330	0.025078	-0.028001	0.016708	0.188402	0.029766	0.981641	0.519425	-0.851317	-0.073877	0.833488	0.523807	-0.175851
64426	9.591903	-0.663812	-1.773949	0.010205	-0.017329	0.018561	0.188621	0.029726	0.981600	0.519476	-0.851271	-0.074041	0.833407	0.523883	-0.176010
64427	9.569502	-0.694462	-1.875741	0.011488	-0.019438	0.018384	0.188872	0.029726	0.981552	0.519536	-0.851221	-0.074191	0.833312	0.523964	-0.176215
64428	9.609486	-0.641038	-1.920357	0.022683	-0.023014	0.020390	0.189147	0.029700	0.981500	0.519688	-0.851111	-0.074395	0.833156	0.524145	-0.176420
64429	9.658554	-0.617449	-1.869336	0.023451	-0.022842	0.021735	0.189443	0.029689	0.981443	0.519842	-0.850999	-0.074599	0.832992	0.524327	-0.176650
64430	9.669842	-0.558352	-1.766298	0.000375	-0.016753	0.020170	0.189665	0.029633	0.981402	0.519807	-0.851006	-0.074762	0.832963	0.524320	-0.176810
64431	9.573223	-0.707621	-1.841187	-0.027330	-0.009634	0.026289	0.189875	0.029514	0.981364	0.519529	-0.851162	-0.074921	0.833089	0.524073	-0.176948
64432	9.526479	-0.760636	-1.841718	-0.028102	-0.019576	0.021944	0.190130	0.029457	0.981317	0.519255	-0.851318	-0.075050	0.833202	0.523823	-0.177157
64433	9.549166	-0.736730	-1.843979	-0.014242	-0.013379	0.021888	0.190348	0.029395	0.981276	0.519094	-0.851404	-0.075189	0.833252	0.523687	-0.177322
64434	9.574310	-0.692063	-1.858365	-0.022706	-0.013232	0.022857	0.190555	0.029298	0.981239	0.518862	-0.851532	-0.075337	0.833349	0.523484	-0.177465
64435	9.593010	-0.782708	-1.957459	-0.021239	-0.009433	0.017514	0.190718	0.029252	0.981209	0.518651	-0.851653	-0.075421	0.833443	0.523289	-0.177597
64436	9.576346	-0.817211	-2.016749	0.014245	-0.008013	0.015860	0.190844	0.029186	0.981186	0.518741	-0.851585	-0.075566	0.833358	0.523403	-0.177661
64437	9.569270	-0.811770	-1.958290	0.041866	-0.007057	0.013194	0.190966	0.029165	0.981163	0.519064	-0.851375	-0.075719	0.833129	0.523746	-0.177722
64438	9.593638	-0.764509	-1.870739	0.054273	-0.002107	0.014234	0.191035	0.029083	0.981152	0.519490	-0.851097	-0.075919	0.832848	0.524202	-0.177697
64439	9.558553	-0.640399	-1.809663	0.049835	-0.002378	0.009504	0.191098	0.029068	0.981140	0.519886	-0.850844	-0.076051	0.832586	0.524615	-0.177707
64440	9.589411	-0.670183	-1.802436	0.029569	-0.000586	0.014705	0.191157	0.028974	0.981132	0.520105	-0.850695	-0.076212	0.832436	0.524860	-0.177686
64441	9.591322	-0.721337	-1.836033	0.024276	0.004504	0.016337	0.191198	0.028865	0.981127	0.520276	-0.850577	-0.076365	0.832320	0.525057	-0.177647
64442	9.546745	-0.637595	-1.892184	0.021104	-0.000432	0.015676	0.191261	0.028762	0.981118	0.520422	-0.850474	-0.076520	0.832214	0.525231	-0.177631
64443	9.644754	-0.611622	-1.874262	0.016912	-0.000797	0.018055	0.191356	0.028666	0.981102	0.520528	-0.850395	-0.076678	0.832126	0.525364	-0.177649
64444	9.583288	-0.673665	-1.843001	0.000336	0.006219	0.018144	0.191376	0.028507	0.981103	0.520497	-0.850401	-0.076820	0.832141	0.525363	-0.177584
64445	9.595833	-0.687256	-1.859792	-0.004716	0.004008	0.019641	0.191439	0.028373	0.981094	0.520420	-0.850436	-0.076954	0.832175	0.525313	-0.177572
64446	9.593364	-0.709793	-1.846874	-0.005394	0.005506	0.017836	0.191463	0.028220	0.981094	0.520342	-0.850472	-0.077084	0.832218	0.525263	-0.177518
64447	9.575012	-0.695229	-1.870686	-0.008808	0.007878	0.017308	0.191482	0.028085	0.981094	0.520235	-0.850528	-0.077188	0.832280	0.525179	-0.177471
64448	9.576976	-0.745895	-1.903909	-0.013680	0.009014	0.017881	0.191477	0.027913	0.981100	0.520088	-0.850607	-0.077303	0.832373	0.525060	-0.177389
64449	9.562015	-0.756353	-1.873304	-0.003755	0.010084	0.015813	0.191469	0.027780	0.981105	0.520026	-0.850636	-0.077401	0.832414	0.525020	-0.177317
64450	9.578432	-0.725035	-1.814250	0.003152	0.004447	0.020657	0.191517	0.027608	0.981101	0.520013	-0.850628	-0.077573	0.832410	0.525042	-0.177267
64451	9.563406	-0.735901	-1.783753	0.004114	0.010528	0.016828	0.191511	0.027464	0.981106	0.520015	-0.850616	-0.077695	0.832411	0.525070	-0.177184
64452	9.574099	-0.700319	-1.766191	0.006070	0.006916	0.018458	0.191527	0.027298	0.981108	0.520031	-0.850592	-0.077851	0.832397	0.525117	-0.177107
64453	9.544023	-0.720038	-1.706057	0.010773	0.004991	0.014561	0.191555	0.027202	0.981105	0.520093	-0.850544	-0.077963	0.832352	0.525200	-0.177074
64454	9.556039	-0.660201	-1.600890	0.002124	0.001813	0.016452	0.191603	0.027080	0.981099	0.520080	-0.850540	-0.078092	0.832349	0.525212	-0.177050
64455	9.579159	-0.636252	-1.601607	-0.020814	-0.003576	0.019460	0.191728	0.026987	0.981077	0.519868	-0.850660	-0.078196	0.832453	0.525023	-0.177125
64456	9.556123	-0.736249	-1.724073	-0.033580	-0.012642	0.016018	0.191894	0.026945	0.981046	0.519559	-0.850843	-0.078258	0.832607	0.524729	-0.177271
64457	9.550049	-0.733208	-1.766958	-0.021085	-0.008603	0.020847	0.192067	0.026866	0.981014	0.519343	-0.850964	-0.078375	0.832702	0.524536	-0.177395
64458	9.574833	-0.758316	-1.802682	-0.012373	-0.013515	0.015495	0.192238	0.026833	0.980981	0.519211	-0.851036	-0.078469	0.832745	0.524421	-0.177533
64459	9.575054	-0.948698	-1.880943	0.000378	-0.011652	0.011687	0.192388	0.026847	0.980952	0.519192	-0.851042	-0.078534	0.832722	0.524411	-0.177670
64460	9.556449	-0.933918	-1.906103	0.044429	-0.008814	0.008608	0.192484	0.026848	0.980933	0.519546	-0.850814	-0.078662	0.832479	0.524781	-0.177717
64461	9.564338	-0.803227	-1.922269	0.058215	-0.004332	0.009010	0.192561	0.026847	0.980918	0.520013	-0.850515	-0.078804	0.832170	0.525264	-0.177737
64462	9.572350	-0.672605	-1.938047	0.054990	0.001384	0.007560	0.192566	0.026803	0.980918	0.520457	-0.850231	-0.078940	0.831891	0.525727	-0.177675
64463	9.603222	-0.702325	-1.930229	0.035508	0.005954	0.009849	0.192561	0.026741	0.980921	0.520733	-0.850052	-0.079050	0.831720	0.526019	-0.177612
64464	9.615795	-0.715855	-1.946739	0.035418	0.004277	0.010314	0.192557	0.026658	0.980924	0.521008	-0.849871	-0.079178	0.831548	0.526316	-0.177538
64465	9.561737	-0.714784	-1.952377	0.029285	0.010093	0.006809	0.192502	0.026600	0.980936	0.521238	-0.849724	-0.079248	0.831417	0.526557	-0.177439
64466	9.570142	-0.699540	-1.921971	0.032284	0.011669	0.008396	0.192427	0.026495	0.980954	0.521492	-0.849559	-0.079351	0.831275	0.526828	-0.177295
64467	9.595036	-0.651195	-1.833266	0.018853	0.011322	0.010395	0.192381	0.026400	0.980965	0.521628	-0.849467	-0.079437	0.831200	0.526981	-0.177192
64468	9.546100	-0.724228	-1.818246	0.006880	0.012209	0.011292	0.192316	0.026267	0.980982	0.521664	-0.849436	-0.079524	0.831193	0.527037	-0.177063
64469	9.536913	-0.738560	-1.745655	0.006788	0.010536	0.011756	0.192283	0.026165	0.980991	0.521698	-0.849409	-0.079602	0.831179	0.527087	-0.176977
64470	9.572882	-0.726212	-1.762327	0.000642	0.013796	0.012499	0.192211	0.026014	0.981009	0.521680	-0.849411	-0.079690	0.831207	0.527090	-0.176837
64471	9.569787	-0.702293	-1.815427	0.000285	0.009663	0.010102	0.192177	0.025930	0.981018	0.521662	-0.849418	-0.079740	0.831226	0.527084	-0.176766
64472	9.625880	-0.755254	-1.841349	0.001597	0.017312	0.012915	0.192078	0.025757	0.981042	0.521652	-0.849415	-0.079833	0.831255	0.527096	-0.176590
64473	9.581962	-0.786599	-1.851225	0.009617	0.011323	0.010020	0.192030	0.025665	0.981053	0.521712	-0.849372	-0.079899	0.831229	0.527170	-0.176495
64474	9.583489	-0.763497	-1.761974	0.016719	0.011577	0.009697	0.191962	0.025549	0.981070	0.521833	-0.849289	-0.079988	0.831168	0.527309	-0.176364
64475	9.590063	-0.698822	-1.697751	0.011848	0.012725	0.010264	0.191904	0.025448	0.981084	0.521911	-0.849234	-0.080060	0.831133	0.527403	-0.176252
64476	9.579462	-0.737222	-1.713028	-0.004399	0.014156	0.009739	0.191814	0.025318	0.981105	0.521857	-0.849263	-0.080112	0.831187	0.527363	-0.176113
64477	9.569557	-0.705263	-1.707376	-0.008447	0.007390	0.008200	0.191789	0.025262	0.981111	0.521771	-0.849314	-0.080128	0.831247	0.527283	-0.176070
64478	9.579648	-0.738515	-1.711431	-0.017685	0.007403	0.007815	0.191746	0.025184	0.981121	0.521610	-0.849412	-0.080138	0.831358	0.527129	-0.176007
64479	9.560730	-0.792589	-1.756732	-0.022990	0.005308	0.002194	0.191706	0.025190	0.981129	0.521414	-0.849539	-0.080070	0.831490	0.526924	-0.175996
64480	9.550007	-0.830028	-1.773092	-0.017273	0.003443	0.006762	0.191690	0.025142	0.981133	0.521259	-0.849634	-0.080069	0.831591	0.526773	-0.175972
64481	9.534339	-0.793209	-1.809843	-0.020852	0.005038	0.002902	0.191657	0.025143	0.981140	0.521079	-0.849750	-0.080012	0.831712	0.526586	-0.175962
64482	9.549482	-0.784377	-1.839335	-0.019408	0.003708	0.006055	0.191635	0.025100	0.981145	0.520907	-0.849856	-0.080001	0.831824	0.526417	-0.175937
64483	9.541324	-0.801137	-1.868067	-0.005786	0.007391	0.003140	0.191583	0.025086	0.981156	0.520852	-0.849892	-0.079973	0.831871	0.526359	-0.175891
64484	9.570452	-0.780056	-1.826269	-0.001590	0.007742	0.000766	0.191500	0.025066	0.981172	0.520839	-0.849904	-0.079942	0.831898	0.526341	-0.175812
64485	9.598257	-0.783264	-1.872424	0.003545	0.009049	0.003063	0.191434	0.025045	0.981186	0.520862	-0.849891	-0.079929	0.831899	0.526363	-0.175743
64486	9.560735	-0.747766	-1.819837	-0.004230	0.010294	0.001576	0.191334	0.025005	0.981206	0.520825	-0.849916	-0.079901	0.831945	0.526324	-0.175641
64487	9.565283	-0.776343	-1.865128	-0.009606	0.013727	0.003661	0.191232	0.024953	0.981228	0.520737	-0.849973	-0.079871	0.832024	0.526235	-0.175537
64488	9.519598	-0.757053	-1.841559	-0.010038	0.010487	-0.002529	0.191110	0.024947	0.981252	0.520659	-0.850028	-0.079793	0.832100	0.526147	-0.175437
64489	9.703810	-0.776676	-1.552187	-0.084797	0.037708	-0.020856	0.190680	0.024979	0.981334	0.519992	-0.850473	-0.079391	0.832616	0.525425	-0.175157
64490	9.684193	-0.614801	-1.669127	-0.165326	0.123676	-0.032390	0.189459	0.024633	0.981580	0.518678	-0.851336	-0.078748	0.833714	0.524043	-0.174070
64491	9.458765	-0.589941	-1.769357	-0.184929	0.111574	-0.024135	0.188397	0.024306	0.981792	0.517180	-0.852302	-0.078142	0.834884	0.522485	-0.173142
64492	9.524676	-0.735890	-1.713768	-0.178701	0.097567	-0.024062	0.187435	0.024030	0.981983	0.515733	-0.853231	-0.077561	0.835995	0.520979	-0.172319
64493	9.570673	-0.844044	-1.839856	-0.102984	0.058674	-0.016026	0.186855	0.023913	0.982096	0.514901	-0.853769	-0.077177	0.836637	0.520103	-0.171844
64494	9.658284	-0.661986	-1.756081	-0.066571	0.040587	-0.015165	0.186415	0.023860	0.982181	0.514373	-0.854114	-0.076878	0.837060	0.519539	-0.171492
64495	9.606921	-0.706283	-1.794268	-0.056315	0.029989	-0.005548	0.186129	0.023803	0.982237	0.513911	-0.854410	-0.076678	0.837408	0.519054	-0.171263
64496	9.526846	-0.819015	-1.808660	-0.037698	0.017570	0.003576	0.185978	0.023709	0.982268	0.513589	-0.854609	-0.076612	0.837638	0.518731	-0.171115
64497	9.552872	-0.772426	-1.820535	0.001368	-0.000433	-0.000637	0.185971	0.023769	0.982268	0.513601	-0.854607	-0.076560	0.837633	0.518732	-0.171140
64498	9.612651	-0.663612	-1.816275	0.007922	-0.000456	0.004824	0.185978	0.023758	0.982267	0.513659	-0.854569	-0.076585	0.837596	0.518794	-0.171134
64499	9.595986	-0.766516	-1.897039	0.004168	-0.002201	0.001875	0.185999	0.023805	0.982261	0.513690	-0.854553	-0.076562	0.837572	0.518818	-0.171174
64500	9.557374	-0.801680	-1.867310	0.031083	-0.002332	0.001739	0.186005	0.023830	0.982260	0.513948	-0.854395	-0.076596	0.837412	0.519078	-0.171169
64501	9.586598	-0.711838	-1.803908	0.036111	-0.002696	0.004507	0.186045	0.023857	0.982252	0.514241	-0.854213	-0.076653	0.837224	0.519375	-0.171190
64502	9.566580	-0.694103	-1.727985	0.028127	-0.007388	0.008164	0.186126	0.023853	0.982236	0.514462	-0.854072	-0.076746	0.837070	0.519608	-0.171237
64503	9.591713	-0.718607	-1.763171	0.021381	-0.010710	0.003614	0.186228	0.023930	0.982215	0.514633	-0.853967	-0.076769	0.836942	0.519777	-0.171348
64504	9.542033	-0.745047	-1.817414	0.032233	-0.008694	0.006256	0.186311	0.023949	0.982199	0.514892	-0.853803	-0.076850	0.836764	0.520045	-0.171404
64505	9.578576	-0.708963	-1.747654	0.037325	-0.017121	0.005536	0.186476	0.024043	0.982165	0.515194	-0.853615	-0.076920	0.836542	0.520349	-0.171566
64506	9.635351	-0.737743	-1.687440	0.012633	-0.002364	0.000933	0.186479	0.024075	0.982164	0.515299	-0.853552	-0.076915	0.836477	0.520451	-0.171575
64507	9.593705	-0.700521	-1.777635	-0.008655	0.010023	-0.003141	0.186372	0.024101	0.982184	0.515231	-0.853602	-0.076821	0.836542	0.520369	-0.171505
64508	9.544376	-0.726000	-1.830320	0.004807	0.006929	0.002925	0.186307	0.024068	0.982197	0.515266	-0.853580	-0.076822	0.836535	0.520405	-0.171429
64509	9.606549	-0.712430	-1.793830	0.012472	-0.003137	-0.002395	0.186314	0.024156	0.982193	0.515375	-0.853519	-0.076771	0.836466	0.520501	-0.171472
64510	9.576044	-0.730635	-1.734647	0.021128	0.000043	-0.004250	0.186270	0.024220	0.982200	0.515560	-0.853411	-0.076730	0.836362	0.520676	-0.171451
64511	9.599004	-0.608685	-1.524594	0.019726	-0.009259	-0.006643	0.186307	0.024376	0.982189	0.515737	-0.853311	-0.076651	0.836244	0.520832	-0.171549
64512	9.611861	-0.666327	-1.476192	-0.019000	-0.007473	-0.002309	0.186335	0.024462	0.982182	0.515584	-0.853412	-0.076559	0.836333	0.520662	-0.171633
64513	9.584377	-0.805860	-1.574755	-0.027081	-0.013830	0.001808	0.186453	0.024569	0.982157	0.515354	-0.853558	-0.076483	0.836448	0.520418	-0.171810
64514	9.537214	-0.810216	-1.642235	-0.003408	-0.017999	-0.002805	0.186567	0.024715	0.982131	0.515331	-0.853578	-0.076413	0.836437	0.520379	-0.171985
64515	9.593281	-0.745372	-1.715844	0.017021	-0.019023	-0.004621	0.186695	0.024904	0.982102	0.515482	-0.853493	-0.076349	0.836316	0.520510	-0.172180
64516	9.603286	-0.661586	-1.767107	0.012662	-0.020167	-0.005583	0.186812	0.025084	0.982075	0.515599	-0.853428	-0.076280	0.836217	0.520607	-0.172364
64517	9.606967	-0.759536	-1.837196	0.015052	-0.017988	-0.002001	0.186945	0.025245	0.982046	0.515728	-0.853354	-0.076238	0.836108	0.520721	-0.172550
64518	9.570676	-0.773463	-1.821370	0.035292	-0.022360	-0.002907	0.187095	0.025414	0.982013	0.516029	-0.853172	-0.076235	0.835888	0.521011	-0.172738
64519	9.620450	-0.678129	-1.747990	0.038822	-0.020495	-0.007076	0.187222	0.025632	0.981983	0.516366	-0.852972	-0.076185	0.835652	0.521326	-0.172931
64520	9.563461	-0.696665	-1.744138	0.034789	-0.020091	-0.001378	0.187361	0.025776	0.981953	0.516660	-0.852793	-0.076195	0.835439	0.521612	-0.173097
64521	9.580878	-0.666918	-1.787956	0.026765	-0.021312	-0.005738	0.187502	0.025987	0.981920	0.516894	-0.852657	-0.076137	0.835263	0.521825	-0.173307
64522	9.575466	-0.708423	-1.764830	0.012855	-0.016838	-0.006486	0.187587	0.026158	0.981900	0.517014	-0.852591	-0.076060	0.835169	0.521924	-0.173458
64523	9.567085	-0.724404	-1.795756	0.007032	-0.019217	-0.006351	0.187707	0.026362	0.981871	0.517084	-0.852557	-0.075962	0.835099	0.521969	-0.173662
64524	9.554652	-0.758038	-1.713764	-0.003636	-0.017893	-0.009895	0.187783	0.026568	0.981851	0.517073	-0.852576	-0.075823	0.835088	0.521927	-0.173837
64525	9.752129	-0.677103	-1.588559	-0.070604	0.025779	-0.020217	0.187456	0.026656	0.981911	0.516521	-0.852944	-0.075454	0.835504	0.521322	-0.173658
64526	9.522445	-0.628998	-1.749748	-0.105400	0.059043	-0.023826	0.186817	0.026579	0.982035	0.515685	-0.853489	-0.075001	0.836163	0.520432	-0.173153
64527	9.481355	-0.704512	-1.792176	-0.083149	0.027197	-0.017348	0.186492	0.026636	0.982095	0.515022	-0.853921	-0.074639	0.836644	0.519720	-0.172968
64528	9.553148	-0.860238	-1.803038	-0.054722	0.017657	-0.017837	0.186231	0.026724	0.982143	0.514598	-0.854204	-0.074333	0.836963	0.519252	-0.172831
64529	9.561653	-0.725356	-1.817205	-0.017677	0.008752	-0.015953	0.186068	0.026865	0.982170	0.514477	-0.854297	-0.074098	0.837073	0.519091	-0.172779
64530	9.591091	-0.632943	-1.753551	-0.016617	0.000729	-0.010983	0.185983	0.026983	0.982182	0.514359	-0.854382	-0.073925	0.837165	0.518944	-0.172780
64531	9.691253	-0.653168	-1.769469	-0.009132	-0.005510	-0.008128	0.185980	0.027131	0.982179	0.514298	-0.854432	-0.073782	0.837203	0.518854	-0.172860
64532	9.668406	-0.607781	-1.747965	-0.018452	-0.007203	-0.008069	0.185976	0.027265	0.982176	0.514159	-0.854528	-0.073635	0.837289	0.518689	-0.172941
64533	9.538451	-0.746003	-1.818602	-0.022139	-0.009854	-0.007230	0.186014	0.027428	0.982164	0.513986	-0.854646	-0.073478	0.837387	0.518487	-0.173074
64534	9.561549	-0.719508	-1.820075	0.004428	-0.014080	-0.009808	0.186059	0.027613	0.982150	0.514042	-0.854623	-0.073353	0.837343	0.518515	-0.173205
64535	9.589697	-0.651298	-1.846163	0.006747	-0.010998	-0.010009	0.186093	0.027805	0.982139	0.514116	-0.854590	-0.073219	0.837290	0.518559	-0.173328
64536	9.594577	-0.725004	-1.827788	-0.003455	-0.017108	-0.006600	0.186180	0.027978	0.982117	0.514100	-0.854608	-0.073112	0.837280	0.518519	-0.173494
64537	9.573164	-0.798814	-1.863300	0.008694	-0.014606	-0.008392	0.186251	0.028176	0.982098	0.514188	-0.854566	-0.072997	0.837211	0.518578	-0.173652
64538	9.570898	-0.749420	-1.830230	0.032109	-0.014018	-0.008627	0.186302	0.028350	0.982083	0.514473	-0.854399	-0.072932	0.837024	0.518843	-0.173762
64539	9.581692	-0.642020	-1.792699	0.032435	-0.019643	-0.009243	0.186412	0.028580	0.982056	0.514761	-0.854233	-0.072850	0.836822	0.519104	-0.173951
64540	9.582423	-0.617893	-1.706071	0.019639	-0.018074	-0.013488	0.186471	0.028817	0.982038	0.514951	-0.854130	-0.072716	0.836692	0.519261	-0.174110
64541	9.569094	-0.675119	-1.712375	0.009717	-0.019167	-0.011440	0.186565	0.029064	0.982013	0.515054	-0.854080	-0.072573	0.836608	0.519329	-0.174311
64542	9.599741	-0.702072	-1.706991	0.000583	-0.017518	-0.012286	0.186626	0.029288	0.981994	0.515082	-0.854076	-0.072418	0.836577	0.519323	-0.174479
64543	9.542359	-0.672876	-1.769259	-0.006235	-0.012784	-0.013336	0.186657	0.029518	0.981982	0.515054	-0.854109	-0.072229	0.836588	0.519255	-0.174629
64544	9.493676	-0.673458	-1.735840	-0.015043	-0.016759	-0.014796	0.186699	0.029759	0.981966	0.514956	-0.854186	-0.072021	0.836638	0.519116	-0.174800
64545	9.586652	-0.685774	-1.694070	-0.034335	-0.008911	-0.013429	0.186697	0.029969	0.981960	0.514691	-0.854366	-0.071781	0.836802	0.518807	-0.174933
64546	9.534323	-0.703910	-1.546637	-0.078019	0.008024	-0.017229	0.186519	0.030103	0.981990	0.514070	-0.854768	-0.071439	0.837223	0.518137	-0.174905
64547	9.507154	-0.511869	-1.520531	-0.136439	0.037260	-0.019591	0.186098	0.030127	0.982069	0.512963	-0.855472	-0.070961	0.837995	0.516971	-0.174656
64548	9.459745	-0.254102	-1.482793	-0.218190	0.036781	-0.007476	0.185729	0.030029	0.982142	0.511148	-0.856599	-0.070471	0.839185	0.515109	-0.174445
64549	9.455835	-0.316637	-1.645006	-0.320372	0.028248	-0.000306	0.185482	0.029936	0.982192	0.508456	-0.858249	-0.069861	0.840874	0.512360	-0.174411
64550	9.628872	-0.259258	-1.862358	-0.334886	-0.006570	0.008784	0.185560	0.029922	0.982177	0.505622	-0.859965	-0.069327	0.842564	0.509475	-0.174704
64551	9.812639	-0.211043	-1.998229	-0.345025	-0.014723	0.012735	0.185740	0.029937	0.982143	0.502686	-0.861727	-0.068800	0.844279	0.506489	-0.175106
64552	9.699007	-0.708304	-2.162790	-0.319024	-0.007881	0.011505	0.185842	0.029906	0.982124	0.499970	-0.863344	-0.068318	0.845868	0.503729	-0.175398
64553	9.664809	-1.230723	-2.357731	-0.193037	-0.009676	-0.004319	0.185894	0.030043	0.982110	0.498343	-0.864318	-0.067887	0.846816	0.502047	-0.175643
64554	9.706020	-1.126692	-2.123102	-0.033486	-0.008804	-0.012115	0.185887	0.030220	0.982106	0.498083	-0.864485	-0.067673	0.846971	0.501749	-0.175748
64555	9.807816	-0.472441	-1.893313	-0.026618	0.034108	-0.015019	0.185516	0.030229	0.982176	0.497884	-0.864618	-0.067431	0.847169	0.501519	-0.175451
64556	9.521153	-0.350053	-1.835285	-0.069066	0.048923	-0.002578	0.185067	0.030034	0.982267	0.497304	-0.864966	-0.067248	0.847608	0.500931	-0.175013
64557	9.565375	-0.530708	-1.547166	-0.048100	0.005102	-0.011003	0.184961	0.030154	0.982283	0.496918	-0.865207	-0.067008	0.847857	0.500508	-0.175014
64558	9.730621	-0.589297	-1.219559	-0.046650	-0.019227	-0.006162	0.185072	0.030332	0.982257	0.496534	-0.865441	-0.066830	0.848058	0.500093	-0.175230
64559	9.654282	-0.706541	-1.098406	-0.062665	-0.024323	-0.010658	0.185218	0.030596	0.982221	0.496024	-0.865754	-0.066567	0.848325	0.499534	-0.175529
64560	9.487040	-0.696506	-0.820900	-0.051074	-0.054772	-0.008126	0.185620	0.030968	0.982133	0.495606	-0.866008	-0.066362	0.848481	0.499069	-0.176097
64561	9.529957	-0.617158	-0.878966	-0.106934	-0.044067	-0.008972	0.185941	0.031314	0.982062	0.494714	-0.866543	-0.066037	0.848931	0.498119	-0.176617
64562	9.262066	-0.720099	-1.078163	-0.081925	-0.071400	-0.012678	0.186463	0.031808	0.981947	0.494043	-0.866949	-0.065731	0.849207	0.497380	-0.177368
64563	9.475757	-0.701226	-1.214948	-0.027466	-0.120555	-0.023824	0.187358	0.032662	0.981749	0.493854	-0.867082	-0.065400	0.849120	0.497094	-0.178585
64564	9.462130	-0.639247	-1.374975	-0.014499	-0.125849	-0.027862	0.188267	0.033558	0.981544	0.493784	-0.867147	-0.065065	0.848960	0.496921	-0.179825
64565	9.503977	-0.835348	-1.736857	-0.064857	-0.142501	-0.025289	0.189341	0.034532	0.981304	0.493281	-0.867464	-0.064652	0.849013	0.496300	-0.181280
64566	9.544808	-1.169385	-2.248449	-0.033063	-0.151565	-0.029772	0.190459	0.035571	0.981051	0.493058	-0.867620	-0.064263	0.848893	0.495955	-0.182784
64567	9.661497	-1.017030	-2.474815	0.045425	-0.146685	-0.036079	0.191515	0.036658	0.980805	0.493512	-0.867385	-0.063946	0.848391	0.496286	-0.184208
64568	9.750757	-0.469847	-2.498179	0.022565	-0.112572	-0.024192	0.192329	0.037455	0.980615	0.493751	-0.867266	-0.063714	0.848068	0.496434	-0.185294
64569	9.721829	-0.396463	-2.538264	-0.043863	-0.098996	-0.028640	0.193017	0.038242	0.980450	0.493435	-0.867476	-0.063305	0.848096	0.496007	-0.186307
64570	9.708288	-0.615487	-2.245795	-0.119907	-0.084233	-0.028037	0.193572	0.038931	0.980313	0.492473	-0.868061	-0.062771	0.848528	0.494928	-0.187205
64571	9.618656	-0.925246	-2.184258	-0.186996	-0.069224	-0.034163	0.193983	0.039617	0.980205	0.490951	-0.868975	-0.062038	0.849316	0.493267	-0.188016
64572	9.543344	-1.037668	-2.068769	-0.152661	-0.067459	-0.044447	0.194317	0.040364	0.980108	0.489741	-0.869712	-0.061279	0.849938	0.491907	-0.188768
64573	9.560998	-0.910601	-1.501181	-0.181625	-0.054291	-0.065682	0.194449	0.041249	0.980045	0.488325	-0.870580	-0.060246	0.850722	0.490295	-0.189427
64574	9.714456	-0.667915	-1.410300	-0.209303	-0.033525	-0.083930	0.194304	0.042173	0.980034	0.486707	-0.871571	-0.058990	0.851682	0.488452	-0.189876
64575	9.684077	-0.423139	-1.146071	-0.255714	-0.029459	-0.087993	0.194119	0.043131	0.980029	0.484698	-0.872783	-0.057596	0.852869	0.486199	-0.190329
64576	9.514154	-0.676151	-1.206733	-0.279005	-0.025210	-0.079627	0.193928	0.043977	0.980030	0.482472	-0.874103	-0.056248	0.854173	0.483745	-0.190731
64577	9.353417	-0.771413	-1.492618	-0.240425	-0.060009	-0.089406	0.194001	0.045094	0.979964	0.480591	-0.875227	-0.054867	0.855217	0.481606	-0.191467
64578	9.388321	-0.743637	-1.619981	-0.175512	-0.102779	-0.081422	0.194468	0.046330	0.979814	0.479248	-0.876035	-0.053696	0.855864	0.480016	-0.192565
