// General information: 
//  MT Manager version: 2022.2.0 
//  XDA version: 2022.2.0 build 7381 rev 124627 built on 2023-07-19
// Device information: 
//  DeviceId: 00B4CB9F
//  ProductCode: MTW2-3A7G6
//  Firmware Version: 4.6.0
//  Hardware Version: 2.0.0
// Device settings: 
//  Filter Profile: human(46.1)
//  Option Flags: Orientation Smoother Disabled, Position/Velocity Smoother Disabled, Continuous Zero Rotation Update Disabled, AHS Disabled, ICC Disabled
// Coordinate system: ENU
PacketCounter	Acc_X	Acc_Y	Acc_Z	Gyr_X	Gyr_Y	Gyr_Z	Mat[1][1]	Mat[2][1]	Mat[3][1]	Mat[1][2]	Mat[2][2]	Mat[3][2]	Mat[1][3]	Mat[2][3]	Mat[3][3]
53565	9.471269	0.923378	1.935750	-0.050349	-0.109643	-0.030152	0.226515	-0.021315	0.973774	-0.559235	0.815702	0.147942	-0.797463	-0.578080	0.172849
53566	9.626297	0.959181	1.805717	0.015388	-0.083049	-0.014415	0.225808	-0.021978	0.973924	-0.559379	0.815575	0.148099	-0.797562	-0.578234	0.171869
53567	9.694083	0.889786	1.720185	0.093228	-0.058021	0.014137	0.225193	-0.022195	0.974061	-0.560203	0.815011	0.148084	-0.797158	-0.579020	0.171101
53568	9.749953	0.831765	1.560104	0.196907	-0.054582	0.047742	0.224364	-0.022186	0.974253	-0.561933	0.813845	0.147943	-0.796174	-0.580658	0.170130
53569	9.638715	0.994560	1.352516	0.302063	-0.063366	0.079686	0.223337	-0.021904	0.974495	-0.564563	0.812078	0.147642	-0.794600	-0.583137	0.169001
53570	9.559859	1.295763	1.239749	0.366805	-0.080656	0.100107	0.222002	-0.021627	0.974806	-0.567751	0.809921	0.147268	-0.792701	-0.586141	0.167526
53571	9.782219	1.550255	1.298029	0.375283	-0.084570	0.109483	0.220636	-0.021236	0.975125	-0.571012	0.807711	0.146790	-0.790737	-0.589196	0.166084
53572	9.702639	1.758865	1.300398	0.368741	-0.072169	0.109918	0.219308	-0.020838	0.975433	-0.574220	0.805521	0.146311	-0.788781	-0.592200	0.164691
53573	9.600527	2.010270	1.328774	0.326432	-0.065889	0.095983	0.218163	-0.020455	0.975698	-0.577050	0.803576	0.145873	-0.787031	-0.594851	0.163506
53574	9.483811	2.187275	1.236898	0.251379	-0.072974	0.084623	0.216971	-0.020276	0.975967	-0.579264	0.802060	0.145442	-0.785733	-0.596900	0.162279
53575	9.523395	2.217733	1.152478	0.165402	-0.098839	0.072793	0.215699	-0.020282	0.976249	-0.580768	0.801058	0.144961	-0.784973	-0.598243	0.161009
53576	9.456416	2.201152	1.006650	0.080013	-0.115471	0.049027	0.214381	-0.020648	0.976532	-0.581555	0.800553	0.144597	-0.784752	-0.598905	0.159615
53577	9.481005	2.035719	0.934081	-0.024320	-0.142916	0.024277	0.213044	-0.021308	0.976810	-0.581463	0.800676	0.144284	-0.785183	-0.598718	0.158189
53578	9.740199	1.758848	1.067534	-0.124507	-0.139114	-0.005821	0.211858	-0.022257	0.977047	-0.580526	0.801383	0.144134	-0.786197	-0.597737	0.156858
53579	9.704032	1.535931	1.227531	-0.179524	-0.121185	-0.022063	0.210959	-0.023156	0.977221	-0.579114	0.802423	0.144031	-0.787479	-0.596307	0.155868
53580	9.676699	1.432562	1.477525	-0.214108	-0.103165	-0.038393	0.210239	-0.024150	0.977352	-0.577399	0.803652	0.144063	-0.788930	-0.594609	0.155015
53581	9.553576	1.392762	1.612727	-0.235719	-0.087786	-0.050136	0.209761	-0.025073	0.977431	-0.575480	0.805012	0.144150	-0.790458	-0.592729	0.154432
53582	9.404237	1.355475	1.586794	-0.222377	-0.094972	-0.059349	0.209224	-0.026183	0.977517	-0.573649	0.806277	0.144378	-0.791930	-0.590959	0.153673
53583	9.383343	1.370924	1.451205	-0.187895	-0.103841	-0.061360	0.208679	-0.027289	0.977603	-0.572079	0.807342	0.144652	-0.793208	-0.589452	0.152864
53584	9.585587	1.382059	1.465359	-0.161831	-0.120292	-0.051921	0.207894	-0.028486	0.977736	-0.570740	0.808245	0.144903	-0.794378	-0.588157	0.151771
53585	9.904090	1.249952	1.689229	-0.143390	-0.103118	-0.038236	0.207219	-0.029399	0.977853	-0.569568	0.809049	0.145022	-0.795395	-0.587005	0.150906
53586	9.846380	1.046353	1.865725	-0.131771	-0.056402	-0.029221	0.206809	-0.030033	0.977920	-0.568511	0.809779	0.145098	-0.796257	-0.585966	0.150396
53587	9.642666	1.001494	1.962715	-0.088032	-0.020397	-0.014647	0.206657	-0.030269	0.977945	-0.567828	0.810263	0.145071	-0.796784	-0.585284	0.150259
53588	9.530274	0.922226	1.857421	-0.037396	-0.004647	0.005316	0.206466	-0.030318	0.977984	-0.567594	0.810448	0.144951	-0.797000	-0.585026	0.150122
53589	9.421464	0.900444	1.642190	0.024165	-0.007200	0.022892	0.206205	-0.030172	0.978043	-0.567882	0.810287	0.144726	-0.796862	-0.585256	0.149951
53590	9.482032	1.027637	1.445206	0.102345	-0.012320	0.032035	0.205798	-0.030047	0.978133	-0.568816	0.809663	0.144550	-0.796301	-0.586126	0.149536
53591	9.574532	1.202497	1.153548	0.167590	-0.022978	0.037787	0.205327	-0.029874	0.978237	-0.570275	0.808664	0.144393	-0.795379	-0.587512	0.149004
53592	9.692581	1.330214	0.999157	0.194628	-0.020473	0.040741	0.204804	-0.029727	0.978352	-0.571958	0.807497	0.144267	-0.794304	-0.589122	0.148376
53593	9.735038	1.516047	1.002355	0.197082	-0.009302	0.033821	0.204462	-0.029507	0.978430	-0.573639	0.806317	0.144190	-0.793179	-0.590747	0.147935
53594	9.660407	1.663645	1.036306	0.168389	0.002250	0.031332	0.204175	-0.029306	0.978496	-0.575094	0.805293	0.144119	-0.792199	-0.592153	0.147567
53595	9.534121	1.722815	1.033890	0.126358	-0.001398	0.019975	0.203975	-0.029152	0.978542	-0.576183	0.804522	0.144072	-0.791459	-0.593206	0.147306
53596	9.524795	1.821100	1.001034	0.079615	-0.014440	0.008315	0.203686	-0.029234	0.978600	-0.576882	0.804018	0.144091	-0.791025	-0.593885	0.146902
53597	9.492570	1.722773	0.924840	0.033469	-0.025947	0.003294	0.203388	-0.029360	0.978658	-0.577200	0.803793	0.144070	-0.790869	-0.594184	0.146535
53598	9.599005	1.748344	0.970719	-0.003301	-0.030922	-0.002534	0.203028	-0.029630	0.978725	-0.577219	0.803779	0.144073	-0.790947	-0.594189	0.146087
53599	9.607390	1.726622	1.010572	-0.037474	-0.034384	-0.014525	0.202766	-0.029949	0.978769	-0.576941	0.803970	0.144122	-0.791218	-0.593915	0.145739
53600	9.550191	1.726448	0.962362	-0.066798	-0.036613	-0.025065	0.202490	-0.030437	0.978811	-0.576417	0.804322	0.144257	-0.791670	-0.593414	0.145323
53601	9.501924	1.726580	0.967940	-0.090279	-0.045418	-0.040889	0.202292	-0.031034	0.978833	-0.575666	0.804818	0.144488	-0.792266	-0.592710	0.144943
53602	9.419484	1.705373	0.912192	-0.115913	-0.053857	-0.045389	0.201998	-0.031785	0.978870	-0.574707	0.805456	0.144749	-0.793038	-0.591803	0.144433
53603	9.568465	1.726326	0.916549	-0.137272	-0.068906	-0.055053	0.201693	-0.032634	0.978905	-0.573554	0.806223	0.145052	-0.793949	-0.590711	0.143892
53604	9.547331	1.696719	0.926508	-0.154100	-0.069364	-0.066264	0.201395	-0.033647	0.978932	-0.572250	0.807074	0.145469	-0.794965	-0.589491	0.143286
53605	9.574974	1.572376	0.904089	-0.173590	-0.074336	-0.072033	0.201141	-0.034665	0.978949	-0.570772	0.808045	0.145887	-0.796092	-0.588100	0.142746
53606	9.573649	1.436965	0.852245	-0.172241	-0.083240	-0.074369	0.200769	-0.035826	0.978983	-0.569306	0.808993	0.146358	-0.797234	-0.586725	0.142025
53607	9.567399	1.410707	0.802230	-0.157645	-0.092168	-0.070046	0.200358	-0.036931	0.979026	-0.567956	0.809865	0.146782	-0.798300	-0.585452	0.141288
53608	9.607507	1.349995	0.864771	-0.161923	-0.090439	-0.064480	0.199875	-0.038050	0.979082	-0.566582	0.810756	0.147173	-0.799397	-0.584147	0.140491
53609	9.581612	1.436016	1.020215	-0.161073	-0.087082	-0.071616	0.199510	-0.039137	0.979114	-0.565198	0.811642	0.147610	-0.800467	-0.582843	0.139810
53610	9.627795	1.525857	1.163813	-0.154857	-0.079126	-0.071776	0.199154	-0.040251	0.979141	-0.563868	0.812479	0.148088	-0.801492	-0.581599	0.139113
53611	9.817543	1.482559	1.234452	-0.163716	-0.079403	-0.064690	0.198808	-0.041235	0.979171	-0.562474	0.813378	0.148456	-0.802557	-0.580273	0.138512
53612	9.895217	1.127564	1.271711	-0.151439	-0.070202	-0.050876	0.198403	-0.042125	0.979215	-0.561211	0.814199	0.148735	-0.803541	-0.579056	0.137898
53613	9.837524	0.977663	1.450476	-0.100758	-0.051024	-0.031848	0.198097	-0.042676	0.979253	-0.560386	0.814742	0.148870	-0.804192	-0.578251	0.137483
53614	9.800781	1.243873	1.884181	-0.061491	-0.024713	-0.016241	0.197860	-0.043019	0.979286	-0.559914	0.815055	0.148933	-0.804579	-0.577784	0.137180
53615	9.864521	1.643162	2.373964	-0.072695	0.012872	-0.015070	0.197975	-0.043064	0.979261	-0.559347	0.815443	0.148942	-0.804945	-0.577233	0.137349
53616	9.636138	1.713089	2.522145	-0.102693	0.064853	-0.027391	0.198521	-0.042975	0.979154	-0.558513	0.815995	0.149051	-0.805390	-0.576460	0.137990
53617	9.260881	1.344118	2.262748	-0.091226	0.068495	-0.022807	0.199127	-0.042763	0.979040	-0.557781	0.816485	0.149110	-0.805748	-0.575781	0.138731
53618	9.181137	1.180996	1.911225	-0.038641	0.049180	-0.020100	0.199515	-0.042704	0.978964	-0.557480	0.816666	0.149240	-0.805860	-0.575528	0.139130
53619	9.264257	1.256109	1.568965	0.015011	0.013119	-0.007547	0.199589	-0.042687	0.978949	-0.557634	0.816551	0.149297	-0.805735	-0.575693	0.139171
53620	9.400627	1.462584	1.285591	0.062912	0.002963	-0.003616	0.199512	-0.042761	0.978962	-0.558188	0.816151	0.149408	-0.805370	-0.576254	0.138964
53621	9.438409	1.722992	1.164713	0.077881	0.005305	-0.012343	0.199550	-0.042828	0.978951	-0.558839	0.815671	0.149598	-0.804909	-0.576928	0.138834
53622	9.260106	2.111855	1.130075	0.034808	-0.008466	-0.033932	0.199549	-0.043215	0.978935	-0.559103	0.815423	0.149966	-0.804726	-0.577250	0.138555
53623	9.212624	2.426847	0.969088	-0.061146	-0.037869	-0.063989	0.199528	-0.043952	0.978906	-0.558531	0.815722	0.150469	-0.805129	-0.576772	0.138211
53624	9.330493	2.430874	0.657294	-0.180948	-0.067264	-0.094928	0.199389	-0.045177	0.978878	-0.556934	0.816690	0.151134	-0.806268	-0.575305	0.137679
53625	9.496712	2.186992	0.392907	-0.252889	-0.114628	-0.122377	0.199070	-0.046832	0.978866	-0.554697	0.818061	0.151946	-0.807887	-0.573222	0.136874
53626	9.731743	1.865477	0.064086	-0.296302	-0.153859	-0.131498	0.198433	-0.048855	0.978896	-0.552091	0.819659	0.152822	-0.809827	-0.570765	0.135676
53627	9.857241	1.238782	-0.162495	-0.337606	-0.181752	-0.117315	0.197532	-0.050848	0.978977	-0.549169	0.821498	0.153476	-0.812031	-0.567940	0.134348
53628	10.051420	0.251645	-0.156029	-0.340548	-0.172657	-0.079798	0.196442	-0.052551	0.979106	-0.546295	0.823352	0.153797	-0.814231	-0.565093	0.133032
53629	10.146284	-0.234875	0.300934	-0.264082	-0.110505	-0.036158	0.195665	-0.053468	0.979212	-0.544120	0.824797	0.153762	-0.815873	-0.562895	0.132291
53630	9.847608	0.026418	0.794172	-0.150625	-0.060855	-0.021671	0.195154	-0.054055	0.979282	-0.542906	0.825597	0.153764	-0.816804	-0.561665	0.131772
53631	9.498802	0.779380	1.069132	-0.051670	-0.068197	-0.031962	0.194697	-0.054697	0.979337	-0.542469	0.825845	0.153970	-0.817203	-0.561238	0.131118
53632	9.153588	1.782894	1.053996	-0.041080	-0.120406	-0.073877	0.193982	-0.056049	0.979403	-0.542052	0.825996	0.154630	-0.817649	-0.560883	0.129847
53633	9.353527	2.260056	1.094611	-0.121534	-0.175249	-0.121562	0.193133	-0.058031	0.979455	-0.540871	0.826583	0.155624	-0.818632	-0.559815	0.128253
53634	9.534928	2.206619	1.233121	-0.248674	-0.176216	-0.153232	0.192383	-0.060348	0.979463	-0.538597	0.827846	0.156796	-0.820306	-0.557700	0.126760
53635	9.513014	2.115083	1.601327	-0.322697	-0.138782	-0.172059	0.192093	-0.062541	0.979382	-0.535664	0.829511	0.158034	-0.822292	-0.554977	0.125843
53636	9.327137	2.336270	2.023652	-0.354032	-0.113849	-0.177956	0.191987	-0.064712	0.979262	-0.532464	0.831322	0.159327	-0.824393	-0.552010	0.125146
53637	9.859378	2.312951	2.194249	-0.426364	-0.102814	-0.181656	0.192028	-0.066784	0.979114	-0.528644	0.833526	0.160533	-0.826838	-0.548430	0.124756
53638	9.530052	1.823294	2.093458	-0.491642	-0.087697	-0.176967	0.192108	-0.068803	0.978959	-0.524284	0.836061	0.161644	-0.829591	-0.544306	0.124542
53639	9.666544	0.700351	1.785952	-0.470349	-0.081634	-0.152124	0.192151	-0.070513	0.978829	-0.520133	0.838483	0.162508	-0.832190	-0.540347	0.124439
53640	9.938258	-0.330956	1.550130	-0.303882	-0.054529	-0.108339	0.192140	-0.071777	0.978739	-0.517456	0.840006	0.163187	-0.833859	-0.537809	0.124257
53641	9.910332	-0.388801	1.368164	-0.009086	-0.021487	-0.043285	0.192111	-0.072249	0.978710	-0.517346	0.840001	0.163560	-0.833934	-0.537753	0.123996
53642	9.669619	0.483644	1.166526	0.266668	-0.032117	0.000386	0.191711	-0.072472	0.978772	-0.519623	0.838534	0.163866	-0.832610	-0.540007	0.123098
53643	9.308904	1.354595	0.724817	0.406798	-0.076140	0.023890	0.190879	-0.072678	0.978919	-0.523101	0.836325	0.164091	-0.830621	-0.543395	0.121619
53644	9.787697	1.881828	0.323633	0.440480	-0.148021	0.032162	0.189358	-0.073269	0.979171	-0.526861	0.833922	0.164288	-0.828589	-0.546997	0.119308
53645	9.529685	2.391658	-0.028828	0.419213	-0.185250	0.038574	0.187548	-0.073958	0.979467	-0.530452	0.831628	0.164365	-0.826708	-0.550387	0.116738
53646	9.907199	2.668704	0.071990	0.311981	-0.219639	0.029881	0.185449	-0.074976	0.979789	-0.533144	0.829894	0.164417	-0.825449	-0.552860	0.113930
53647	9.788900	2.871640	0.281036	0.149885	-0.231127	0.016174	0.183382	-0.076116	0.980091	-0.534459	0.829054	0.164387	-0.825060	-0.553964	0.111353
53648	9.561123	2.874972	0.606863	-0.035508	-0.228942	-0.019644	0.181470	-0.077605	0.980330	-0.534180	0.829206	0.164525	-0.825663	-0.553529	0.109021
53649	9.348320	2.642333	0.910358	-0.200959	-0.240362	-0.062782	0.179745	-0.079449	0.980500	-0.532454	0.830245	0.164883	-0.827154	-0.551708	0.106930
53650	9.351341	2.155590	1.301456	-0.339572	-0.235057	-0.089973	0.178155	-0.081550	0.980617	-0.529534	0.832008	0.165395	-0.829370	-0.548736	0.105043
53651	9.230151	1.470493	1.842340	-0.427132	-0.214428	-0.112382	0.176893	-0.083653	0.980669	-0.525835	0.834229	0.166011	-0.831990	-0.545036	0.103582
53652	9.174292	1.022839	2.305149	-0.399244	-0.186917	-0.112881	0.175804	-0.085672	0.980690	-0.522359	0.836274	0.166697	-0.834407	-0.541578	0.102269
53653	9.240686	0.943418	2.900619	-0.282049	-0.161472	-0.100609	0.174906	-0.087380	0.980700	-0.519875	0.837689	0.167357	-0.836145	-0.539113	0.101090
53654	9.106181	1.206820	3.173888	-0.128568	-0.145365	-0.080992	0.173988	-0.088896	0.980727	-0.518702	0.838285	0.168006	-0.837064	-0.537936	0.099741
53655	9.152834	1.459357	2.888081	0.058489	-0.165954	-0.053457	0.172802	-0.090230	0.980815	-0.519147	0.837901	0.168547	-0.837034	-0.538313	0.097949
53656	9.280680	1.873899	2.467977	0.177616	-0.172157	-0.018607	0.171343	-0.091366	0.980966	-0.520657	0.836895	0.168890	-0.836396	-0.539685	0.095826
53657	9.354999	1.936091	2.110188	0.220329	-0.179514	0.004422	0.169746	-0.092293	0.981157	-0.522555	0.835686	0.169014	-0.835538	-0.541397	0.093626
53658	9.365519	1.880344	1.757684	0.251408	-0.178355	0.024830	0.168020	-0.093102	0.981377	-0.524748	0.834315	0.168991	-0.834511	-0.543369	0.091326
53659	9.117585	2.161123	1.182702	0.324775	-0.190784	0.050556	0.166089	-0.093714	0.981648	-0.527588	0.832572	0.168747	-0.833106	-0.545932	0.088839
53660	9.275123	2.477068	0.744529	0.361678	-0.267991	0.083728	0.163317	-0.094530	0.982035	-0.530782	0.830644	0.168229	-0.831624	-0.548721	0.085483
53661	9.510878	2.685572	0.271524	0.346270	-0.336893	0.095560	0.159934	-0.095584	0.982489	-0.533861	0.828808	0.167538	-0.830309	-0.551308	0.081526
53662	9.736155	2.658685	0.095651	0.308408	-0.369979	0.097790	0.156236	-0.096870	0.982958	-0.536628	0.827166	0.166811	-0.829229	-0.553545	0.077250
53663	9.553565	2.885244	0.098316	0.238957	-0.388345	0.103408	0.152387	-0.098163	0.983434	-0.538816	0.825920	0.165932	-0.828526	-0.555175	0.072968
53664	9.554430	3.136898	0.237827	0.126306	-0.412824	0.106832	0.148286	-0.099629	0.983913	-0.540070	0.825295	0.164961	-0.828454	-0.555844	0.068573
53665	9.480621	3.347806	0.258898	0.015804	-0.458649	0.101303	0.143863	-0.101336	0.984395	-0.540396	0.825287	0.163933	-0.829021	-0.555547	0.063967
53666	9.635919	3.142263	0.346765	-0.104104	-0.489361	0.086992	0.139226	-0.103395	0.984848	-0.539705	0.825922	0.163007	-0.830262	-0.554222	0.059187
53667	9.783831	2.596726	0.588619	-0.228979	-0.488527	0.074117	0.134692	-0.105479	0.985257	-0.537949	0.827244	0.162104	-0.832147	-0.551852	0.054681
53668	9.846970	2.127125	1.197658	-0.291724	-0.468340	0.073992	0.130293	-0.107509	0.985630	-0.535663	0.828898	0.161224	-0.834319	-0.548972	0.050411
53669	9.787414	1.709996	1.823983	-0.308014	-0.408672	0.076546	0.126396	-0.109105	0.985962	-0.533235	0.830646	0.160276	-0.836472	-0.546007	0.046811
53670	9.395461	1.410630	2.192692	-0.266375	-0.331997	0.070720	0.123141	-0.110389	0.986230	-0.531141	0.832143	0.159460	-0.838287	-0.543463	0.043839
53671	9.187162	1.545802	2.623673	-0.199933	-0.292915	0.068555	0.120246	-0.111401	0.986474	-0.529593	0.833283	0.158656	-0.839686	-0.541507	0.041202
53672	9.149277	1.662236	3.021592	-0.114825	-0.235056	0.062375	0.117850	-0.112208	0.986672	-0.528748	0.833945	0.157994	-0.840558	-0.540320	0.038950
53673	8.977491	1.457453	3.120587	-0.002526	-0.200134	0.087330	0.115631	-0.112555	0.986895	-0.528874	0.834036	0.157088	-0.840786	-0.540107	0.036913
53674	8.971034	1.375300	2.941628	0.137842	-0.189044	0.117391	0.113337	-0.112647	0.987150	-0.530210	0.833396	0.155976	-0.840257	-0.541075	0.034728
53675	8.830751	1.366498	2.314820	0.316060	-0.192380	0.176047	0.110711	-0.112219	0.987497	-0.533107	0.831859	0.154300	-0.838773	-0.543524	0.032272
53676	8.871159	1.396259	1.530888	0.488041	-0.237983	0.247879	0.107312	-0.111503	0.987953	-0.537508	0.829447	0.151998	-0.836403	-0.547344	0.029076
53677	9.519835	1.538751	1.114130	0.596039	-0.291032	0.311341	0.103126	-0.110519	0.988509	-0.542857	0.826495	0.149039	-0.833469	-0.551989	0.025237
53678	9.397870	1.876804	0.803236	0.653632	-0.308303	0.349021	0.098581	-0.109395	0.989098	-0.548688	0.823227	0.145736	-0.830195	-0.557073	0.021131
53679	9.565793	2.335053	0.965449	0.626135	-0.316675	0.373393	0.093823	-0.108094	0.989704	-0.554280	0.820108	0.142116	-0.827026	-0.561906	0.017031
53680	10.089393	2.686669	1.502646	0.524265	-0.296673	0.378491	0.089195	-0.106715	0.990281	-0.558996	0.817530	0.138448	-0.824359	-0.565912	0.013266
53681	10.036978	2.711180	1.840149	0.391528	-0.243948	0.365078	0.085064	-0.105114	0.990815	-0.562582	0.815673	0.134833	-0.822354	-0.568884	0.010249
53682	9.736195	2.697885	1.952623	0.279860	-0.201540	0.342515	0.081408	-0.103520	0.991290	-0.565210	0.814405	0.131465	-0.820921	-0.570989	0.007788
53683	9.617212	2.582867	2.069303	0.166629	-0.174331	0.330637	0.078031	-0.101821	0.991738	-0.566884	0.813769	0.128152	-0.820094	-0.572200	0.005778
53684	9.817662	2.292214	2.131215	0.063363	-0.145284	0.330447	0.074906	-0.100013	0.992163	-0.567697	0.813710	0.124884	-0.819823	-0.572602	0.004175
53685	10.116747	2.008883	2.522356	-0.008777	-0.097112	0.322331	0.072205	-0.097942	0.992569	-0.567905	0.814056	0.121640	-0.819921	-0.572468	0.003157
53686	10.260479	1.859088	3.019495	-0.039834	-0.018094	0.296569	0.070322	-0.095674	0.992926	-0.567827	0.814544	0.118701	-0.820139	-0.572157	0.002954
53687	10.368708	1.815930	3.596884	-0.050241	0.069161	0.268110	0.069292	-0.093090	0.993244	-0.567645	0.815062	0.115991	-0.820352	-0.571847	0.003635
53688	10.481072	1.598724	4.196840	-0.048037	0.162151	0.247165	0.069177	-0.090188	0.993519	-0.567460	0.815535	0.113542	-0.820490	-0.571638	0.005239
53689	10.622755	1.275382	4.996374	-0.047177	0.243762	0.239475	0.069744	-0.086837	0.993778	-0.567282	0.815993	0.111114	-0.820565	-0.571502	0.007649
53690	9.657728	1.092119	5.154388	-0.013078	0.329249	0.250039	0.070998	-0.082946	0.994022	-0.567389	0.816252	0.108637	-0.820384	-0.571710	0.010890
53691	10.100891	0.944459	5.086694	0.058885	0.323267	0.264672	0.072071	-0.078933	0.994271	-0.568104	0.816106	0.105968	-0.819795	-0.572487	0.013976
53692	9.971920	0.752712	4.473268	0.124790	0.340622	0.288005	0.073207	-0.074650	0.994519	-0.569372	0.815586	0.103131	-0.818814	-0.573801	0.017203
53693	10.287779	0.428335	4.146521	0.202062	0.379158	0.320056	0.074409	-0.069859	0.994778	-0.571304	0.814631	0.099941	-0.817359	-0.575757	0.020705
53694	10.861114	0.594514	4.297851	0.326292	0.468781	0.369774	0.076112	-0.064156	0.995033	-0.574281	0.812969	0.096345	-0.815112	-0.578762	0.025033
53695	11.221645	1.161110	4.815476	0.482955	0.664108	0.435901	0.078926	-0.056757	0.995263	-0.578591	0.810402	0.092098	-0.811790	-0.583119	0.031123
53696	11.168554	2.077504	5.546455	0.598231	0.902947	0.484108	0.083425	-0.047554	0.995379	-0.583865	0.807122	0.087496	-0.807553	-0.588466	0.039569
53697	11.105417	2.684071	6.429008	0.637170	1.184708	0.477125	0.090090	-0.036705	0.995257	-0.589452	0.803529	0.082991	-0.802764	-0.594133	0.050754
53698	10.396596	2.497669	6.647305	0.530692	1.454278	0.416927	0.099279	-0.024678	0.994754	-0.594133	0.800463	0.079154	-0.798216	-0.598875	0.064807
53699	9.432080	1.780539	5.818444	0.376375	1.613585	0.346663	0.109987	-0.012215	0.993858	-0.597536	0.798238	0.075938	-0.794263	-0.602218	0.080497
53700	9.914717	1.116610	5.477237	0.293392	1.772925	0.289362	0.122336	0.000805	0.992488	-0.600234	0.796455	0.073340	-0.790413	-0.604697	0.097918
53701	10.340620	1.564960	5.494633	0.349127	1.980938	0.229289	0.136493	0.014635	0.990533	-0.603326	0.794292	0.071401	-0.785727	-0.607360	0.117245
53702	10.208970	2.075850	4.799304	0.450962	2.121167	0.153939	0.152198	0.028793	0.987931	-0.607120	0.791480	0.070464	-0.779898	-0.610516	0.137942
53703	9.871386	2.176449	3.781321	0.556817	2.112782	0.034231	0.168321	0.042001	0.984837	-0.611543	0.788027	0.070913	-0.773100	-0.614206	0.158327
53704	9.995578	2.015380	2.586494	0.595804	1.954960	-0.094644	0.183979	0.053327	0.981483	-0.616002	0.784368	0.072853	-0.765959	-0.617999	0.177157
53705	10.842615	1.587540	1.075186	0.535470	1.728545	-0.184309	0.198227	0.062594	0.978155	-0.619779	0.781125	0.075615	-0.759328	-0.621229	0.193634
53706	12.225087	1.113294	0.200186	0.488006	1.533405	-0.206230	0.211157	0.070549	0.974903	-0.623085	0.778190	0.078642	-0.753112	-0.624053	0.208279
53707	13.423360	0.872841	-0.373736	0.398566	1.488081	-0.151424	0.223194	0.078673	0.971594	-0.625793	0.775779	0.080940	-0.747374	-0.626082	0.222382
53708	14.376741	0.408274	-0.778383	0.279349	1.511716	-0.003917	0.234527	0.088122	0.968107	-0.627901	0.773998	0.081658	-0.742117	-0.627026	0.236856
53709	14.799143	-0.258570	-0.748238	0.210331	1.611933	0.077078	0.245890	0.098825	0.964247	-0.629688	0.772572	0.081394	-0.736906	-0.627189	0.252197
53710	14.336991	-0.728617	-0.353353	0.177531	1.722418	0.137126	0.257707	0.110685	0.959863	-0.631375	0.771280	0.080574	-0.731405	-0.626798	0.268648
53711	14.169026	-1.639771	-1.350951	0.124424	1.826108	0.159520	0.269931	0.123349	0.954946	-0.632750	0.770279	0.079361	-0.725786	-0.625664	0.285971
53712	13.163295	-2.468369	-1.883886	0.171561	1.887730	0.110967	0.282887	0.136002	0.949462	-0.634337	0.769026	0.078842	-0.719439	-0.624582	0.303819
53713	12.914172	-1.667209	-0.933008	0.348621	1.940405	0.038556	0.296455	0.148415	0.943444	-0.636991	0.766757	0.079539	-0.711588	-0.624545	0.321848
53714	12.538610	-0.541686	-0.362069	0.442489	2.017953	-0.068925	0.311162	0.160488	0.936708	-0.639952	0.764062	0.081675	-0.702595	-0.624862	0.340452
53715	12.105659	-0.016347	-0.279842	0.442845	2.071253	-0.174245	0.326664	0.172100	0.929340	-0.642535	0.761547	0.084824	-0.693137	-0.624843	0.359350
53716	11.183969	0.335323	-0.584938	0.333065	2.136397	-0.279892	0.343158	0.183295	0.921220	-0.643934	0.759926	0.088665	-0.683807	-0.623631	0.378804
53717	10.155694	0.252268	-0.785948	0.148498	2.196686	-0.377549	0.360444	0.194092	0.912364	-0.643664	0.759676	0.092681	-0.675112	-0.620662	0.398751
53718	9.319942	-0.293963	-0.753724	-0.043017	2.211957	-0.427995	0.378014	0.204496	0.902932	-0.641839	0.760755	0.096412	-0.667194	-0.615982	0.418829
53719	8.467874	-0.660915	-0.573661	-0.185742	2.153353	-0.427314	0.394973	0.214441	0.893315	-0.639005	0.762749	0.099433	-0.660053	-0.610106	0.438294
53720	7.719138	-0.861012	-0.451232	-0.298205	2.038994	-0.459758	0.411256	0.223276	0.883751	-0.635238	0.765524	0.102204	-0.653713	-0.603424	0.456660
53721	7.208060	-0.752427	-0.427022	-0.368013	1.870976	-0.526469	0.426701	0.230461	0.874537	-0.630687	0.768887	0.105103	-0.648198	-0.596407	0.473433
53722	6.837778	-0.463817	-0.622425	-0.403587	1.694402	-0.617840	0.441473	0.235719	0.865759	-0.625447	0.772678	0.108555	-0.643364	-0.589410	0.488547
53723	6.151157	0.668007	-0.756144	-0.396709	1.463297	-0.560337	0.454281	0.239958	0.857933	-0.620445	0.776297	0.111405	-0.639278	-0.582909	0.501538
53724	6.019914	0.859806	-1.041892	-0.483037	1.268694	-0.483617	0.465303	0.243517	0.850995	-0.615189	0.780224	0.113105	-0.636424	-0.576151	0.512849
53725	5.836340	0.430414	-1.188538	-0.609767	1.103216	-0.440697	0.474948	0.246386	0.844819	-0.609294	0.784755	0.113670	-0.634969	-0.568730	0.522839
53726	5.407137	-0.098726	-1.160213	-0.638969	0.931495	-0.414853	0.483309	0.248349	0.839485	-0.603302	0.789350	0.113816	-0.634381	-0.561471	0.531329
53727	5.423777	-0.266690	-0.479556	-0.527036	0.766819	-0.352159	0.490222	0.249848	0.835020	-0.598298	0.793132	0.113933	-0.633815	-0.555443	0.538294
53728	5.035378	-0.179029	0.137391	-0.384777	0.550468	-0.281751	0.495315	0.250617	0.831778	-0.594525	0.795924	0.114219	-0.633406	-0.551087	0.543231
53729	4.952837	-0.257880	0.542610	-0.205730	0.302919	-0.221654	0.498483	0.250521	0.829912	-0.592174	0.797572	0.114928	-0.633123	-0.548742	0.545929
53730	5.013859	-0.281872	0.693043	0.065666	0.039395	-0.132014	0.499433	0.249645	0.829605	-0.591984	0.797500	0.116399	-0.632551	-0.549247	0.546084
53731	5.423138	0.102006	0.832605	0.264035	-0.207378	0.000784	0.498052	0.248513	0.830774	-0.593711	0.796006	0.117820	-0.632021	-0.551920	0.543998
53732	5.997852	0.895735	1.788948	0.284674	-0.395172	0.174066	0.494432	0.247667	0.833185	-0.596429	0.793955	0.117929	-0.632305	-0.555244	0.540273
53733	5.963228	1.958755	2.760661	0.285050	-0.488046	0.232709	0.489887	0.246798	0.836123	-0.599431	0.791754	0.117508	-0.633003	-0.558763	0.535808
53734	5.530209	4.021853	4.149868	0.359061	-0.639073	0.015340	0.485658	0.243287	0.839612	-0.601835	0.789659	0.119307	-0.633981	-0.563250	0.529923
53735	5.676879	6.213344	8.241044	0.382428	-0.889947	-0.486359	0.482869	0.234416	0.843734	-0.601961	0.788618	0.125399	-0.635988	-0.568446	0.521908
53736	7.704601	7.561438	12.946945	-0.042303	-1.180080	-0.824874	0.480199	0.221128	0.848829	-0.597770	0.790694	0.132188	-0.641934	-0.570881	0.511874
53737	9.939644	5.115650	14.357907	-1.073615	-1.096879	-0.742219	0.477426	0.209005	0.853452	-0.587315	0.798349	0.133037	-0.653548	-0.564761	0.503905
53738	9.751331	-0.659600	13.776830	-2.061760	-0.676746	-0.455288	0.475536	0.201522	0.856303	-0.571564	0.810730	0.126613	-0.668716	-0.549641	0.500714
53739	7.619636	-5.208817	12.960487	-2.020355	-0.340217	-0.245494	0.474557	0.197680	0.857740	-0.556810	0.822131	0.118590	-0.681732	-0.533876	0.500218
53740	6.813693	-5.838047	12.823695	-0.978920	-0.186453	-0.212158	0.474407	0.194919	0.858455	-0.549149	0.827699	0.115540	-0.688021	-0.526233	0.499705
53741	7.508253	-3.787999	11.599736	-0.004747	-0.087673	-0.201947	0.474845	0.192792	0.858693	-0.548213	0.828081	0.117235	-0.688465	-0.526415	0.498901
53742	7.288026	-2.562470	9.502818	0.360055	0.083387	-0.122623	0.476051	0.192221	0.858153	-0.550156	0.826382	0.120088	-0.686079	-0.529286	0.499152
53743	3.485263	-2.299678	4.635720	0.487514	0.073154	-0.048424	0.476753	0.192217	0.857764	-0.553317	0.823851	0.122921	-0.683042	-0.533219	0.499130
53744	1.893545	-1.640892	1.255421	0.677554	-0.624809	-0.116846	0.473098	0.187919	0.860735	-0.557439	0.820404	0.127279	-0.682232	-0.540022	0.492885
53745	9.951779	1.501577	5.069177	0.682909	-1.083799	0.005316	0.465601	0.182074	0.866063	-0.562182	0.816645	0.130547	-0.683497	-0.547668	0.482589
53746	15.751306	3.943713	10.629792	0.074225	-0.593745	0.230389	0.460198	0.180715	0.869230	-0.563807	0.815787	0.128894	-0.685813	-0.549394	0.477312
53747	14.657000	1.421650	10.830924	-0.512179	-0.218075	0.284209	0.457032	0.181848	0.870663	-0.561642	0.818041	0.123963	-0.689695	-0.545656	0.476004
53748	12.900562	-2.492414	8.314034	-0.313462	-0.238377	0.213410	0.454151	0.182316	0.872071	-0.560499	0.819327	0.120603	-0.692523	-0.543566	0.474286
53749	11.293075	-2.854665	4.157251	0.393819	-0.480856	0.038009	0.450540	0.180009	0.874420	-0.563452	0.817074	0.122112	-0.692485	-0.547710	0.469551
53750	9.831586	-1.393061	-0.877210	1.007231	-0.767953	-0.115837	0.445844	0.174852	0.877867	-0.569948	0.811683	0.127791	-0.690205	-0.557313	0.461540
53751	9.038531	0.224825	-3.610817	1.327934	-0.965068	-0.141907	0.439946	0.168270	0.882118	-0.578516	0.804408	0.135082	-0.686852	-0.569749	0.451243
53752	8.924226	2.474002	-3.678582	1.424933	-0.930948	-0.034907	0.433714	0.162646	0.886250	-0.588174	0.796221	0.141717	-0.682601	-0.582734	0.440996
53753	8.746845	4.702718	-3.076045	1.396687	-0.917116	0.058554	0.427058	0.157709	0.890365	-0.597982	0.787864	0.147265	-0.678261	-0.595313	0.430771
53754	9.497649	6.057424	-0.355466	0.996040	-0.917082	0.066334	0.420375	0.152727	0.894404	-0.605062	0.781749	0.150892	-0.676155	-0.604601	0.421037
53755	9.460267	5.503517	1.426966	0.169537	-1.052661	0.024233	0.413025	0.146536	0.898854	-0.606364	0.780649	0.151359	-0.679510	-0.607547	0.411282
53756	9.942794	2.707364	1.606906	-0.563706	-1.231411	-0.028530	0.404703	0.138830	0.903848	-0.602445	0.784069	0.149316	-0.687950	-0.604947	0.400953
53757	10.306421	0.012482	1.738162	-0.776232	-1.270022	-0.118066	0.396543	0.130246	0.908730	-0.596646	0.788872	0.147292	-0.697687	-0.600597	0.390533
53758	10.050627	-0.503539	2.175014	-0.565509	-1.231895	-0.240870	0.389248	0.120939	0.913159	-0.591783	0.792526	0.147294	-0.705888	-0.597726	0.380059
53759	9.628125	-0.036456	2.441239	-0.223301	-1.175602	-0.300293	0.382619	0.111533	0.917149	-0.589094	0.794175	0.149181	-0.711738	-0.597367	0.369570
53760	9.186253	0.707601	2.835950	0.081011	-1.078894	-0.257673	0.376350	0.103013	0.920733	-0.588748	0.793930	0.151825	-0.715358	-0.599219	0.359444
53761	8.683579	1.512299	3.438962	0.291377	-0.994154	-0.139135	0.369979	0.095936	0.924074	-0.590368	0.792284	0.154116	-0.717343	-0.602563	0.349766
53762	8.217365	2.129579	3.768580	0.422549	-0.947484	-0.037376	0.363309	0.089891	0.927322	-0.593318	0.789727	0.155899	-0.718318	-0.606836	0.340249
53763	8.320469	2.357631	3.540531	0.458375	-0.956394	0.006503	0.356326	0.084117	0.930567	-0.596687	0.786897	0.157349	-0.719025	-0.611325	0.330584
53764	8.811035	2.294986	3.118230	0.405497	-0.962813	0.013502	0.349231	0.078297	0.933760	-0.599705	0.784362	0.158523	-0.719994	-0.615342	0.320878
53765	9.160050	2.085356	2.513298	0.308229	-0.944093	0.007343	0.342312	0.072529	0.936783	-0.602003	0.782422	0.159401	-0.721398	-0.618511	0.311495
53766	9.235966	1.798563	1.738259	0.283732	-0.946694	0.001797	0.335377	0.066650	0.939723	-0.604110	0.780625	0.160235	-0.722892	-0.621435	0.302068
53767	9.506629	1.687553	1.178905	0.314674	-0.972979	0.011339	0.328198	0.060676	0.942658	-0.606474	0.778625	0.161034	-0.724206	-0.624549	0.292341
53768	9.865701	1.584035	0.885897	0.354331	-0.975048	0.032414	0.320844	0.054794	0.945546	-0.609200	0.776351	0.161726	-0.725214	-0.627915	0.282468
53769	10.155750	1.821197	0.883974	0.415260	-0.958459	0.035342	0.313603	0.049030	0.948287	-0.612374	0.773684	0.162513	-0.725707	-0.631671	0.272654
53770	10.250919	2.093780	0.955372	0.422943	-0.938256	0.036423	0.306474	0.043334	0.950892	-0.615609	0.770951	0.163278	-0.726016	-0.635418	0.262953
53771	10.191772	2.036991	0.909697	0.420037	-0.925639	0.042238	0.299420	0.037758	0.953374	-0.618836	0.768225	0.163929	-0.726216	-0.639066	0.253388
53772	9.895066	1.926362	0.965498	0.422089	-0.922172	0.047505	0.292329	0.032175	0.955776	-0.622094	0.765466	0.164502	-0.726321	-0.642671	0.243784
53773	9.691509	2.239678	1.344783	0.402019	-0.911742	0.047091	0.285340	0.026657	0.958055	-0.625199	0.762829	0.164980	-0.726435	-0.646050	0.234332
53774	9.670922	2.673112	1.899007	0.330742	-0.878091	0.020633	0.278729	0.021088	0.960138	-0.627712	0.760645	0.165519	-0.726834	-0.648825	0.225251
53775	9.351181	2.918696	2.453858	0.237657	-0.839069	-0.003582	0.272577	0.015605	0.962007	-0.629478	0.759070	0.166045	-0.727639	-0.650822	0.216728
53776	9.202937	2.920664	2.735076	0.125237	-0.805836	-0.009103	0.266666	0.010243	0.963735	-0.630416	0.758217	0.166378	-0.729016	-0.651921	0.208648
53777	9.026052	2.597798	2.726977	0.039826	-0.762116	-0.002301	0.261045	0.005251	0.965312	-0.630748	0.757926	0.166447	-0.730761	-0.652319	0.201165
53778	8.830383	2.193566	2.479856	0.002285	-0.744491	0.014144	0.255413	0.000457	0.966832	-0.630851	0.757874	0.166297	-0.732661	-0.652401	0.193859
53779	8.854773	1.846326	2.289371	0.005955	-0.736947	0.037341	0.249699	-0.004072	0.968315	-0.631036	0.757804	0.165912	-0.734469	-0.652469	0.186653
53780	8.667077	1.804114	2.126474	0.061623	-0.728432	0.067123	0.243826	-0.008363	0.969783	-0.631703	0.757370	0.165356	-0.735867	-0.652933	0.179384
53781	9.050266	1.986896	2.119086	0.101969	-0.758063	0.091220	0.237594	-0.012629	0.971283	-0.632720	0.756682	0.164614	-0.737031	-0.653661	0.171792
53782	9.117910	2.007267	1.864360	0.138028	-0.757147	0.103100	0.231265	-0.016847	0.972745	-0.634027	0.755758	0.163826	-0.737920	-0.654634	0.164099
53783	9.402594	1.913920	1.740752	0.136360	-0.761934	0.109993	0.224868	-0.021012	0.974163	-0.635331	0.754855	0.162936	-0.738775	-0.655555	0.156394
53784	9.210601	1.655910	1.511223	0.128822	-0.746522	0.124644	0.218467	-0.025013	0.975524	-0.636607	0.754003	0.161900	-0.739597	-0.656395	0.148801
53785	9.335133	1.611925	1.514066	0.141724	-0.758527	0.136780	0.211909	-0.028969	0.976860	-0.637995	0.753079	0.160732	-0.740309	-0.657293	0.141102
53786	9.436138	1.741131	1.728962	0.141719	-0.757308	0.144824	0.205285	-0.032905	0.978149	-0.639393	0.752156	0.159492	-0.740969	-0.658163	0.133367
53787	9.420403	2.009152	1.997729	0.114425	-0.748219	0.144256	0.198741	-0.036752	0.979363	-0.640578	0.751423	0.158190	-0.741729	-0.658797	0.125796
53788	9.083958	2.126520	2.209868	0.081947	-0.731674	0.137951	0.192338	-0.040581	0.980489	-0.641501	0.750901	0.156919	-0.742619	-0.659167	0.118394
53789	8.956146	2.206178	2.317855	0.070558	-0.713130	0.122449	0.186179	-0.044369	0.981514	-0.642302	0.750458	0.155759	-0.743496	-0.659427	0.111222
53790	8.765879	2.234879	1.930535	0.094948	-0.745959	0.121250	0.179766	-0.048423	0.982517	-0.643274	0.749854	0.154653	-0.744233	-0.659829	0.103649
53791	8.773850	2.104038	1.267384	0.147333	-0.822986	0.152019	0.172586	-0.052722	0.983582	-0.644683	0.748929	0.153264	-0.744714	-0.660550	0.095266
53792	9.090676	1.967006	0.690188	0.190150	-0.892261	0.197717	0.164582	-0.057184	0.984704	-0.646475	0.747747	0.151474	-0.744971	-0.661517	0.086098
53793	9.449908	2.030777	0.614454	0.211881	-0.925580	0.235630	0.156087	-0.061556	0.985823	-0.648475	0.746455	0.149283	-0.745062	-0.662583	0.076594
53794	9.742377	2.297594	0.933396	0.184814	-0.936189	0.255278	0.147372	-0.065904	0.986883	-0.650281	0.745359	0.146882	-0.745262	-0.663398	0.066989
53795	9.940298	2.622543	1.570597	0.101547	-0.907445	0.245576	0.138933	-0.070100	0.987818	-0.651432	0.744823	0.144478	-0.745878	-0.663569	0.057815
53796	9.860328	2.789655	2.132922	-0.008866	-0.861696	0.216226	0.131014	-0.074250	0.988596	-0.651699	0.745006	0.142322	-0.747077	-0.662913	0.049218
53797	9.762323	2.643181	2.766977	-0.131512	-0.819811	0.177069	0.123654	-0.078364	0.989226	-0.650982	0.745983	0.140468	-0.748954	-0.661338	0.041231
53798	9.614774	2.320892	3.266893	-0.227405	-0.774479	0.151394	0.116789	-0.082390	0.989733	-0.649497	0.747575	0.138873	-0.751341	-0.659048	0.033796
53799	9.692888	1.821389	3.636191	-0.269377	-0.739697	0.143606	0.110216	-0.086185	0.990164	-0.647674	0.749440	0.137325	-0.753904	-0.656439	0.026780
53800	9.827613	1.271858	4.108834	-0.237417	-0.670704	0.155094	0.104086	-0.089455	0.990537	-0.646085	0.751101	0.135723	-0.756135	-0.654098	0.020383
53801	9.528595	1.001879	4.586420	-0.136720	-0.588063	0.170927	0.098457	-0.092017	0.990878	-0.645265	0.752122	0.133961	-0.757588	-0.652568	0.014676
53802	9.007604	0.834944	4.378683	0.028408	-0.561980	0.225539	0.092689	-0.094017	0.991247	-0.645732	0.752118	0.131717	-0.757918	-0.652288	0.009003
53803	9.385492	0.660247	4.040064	0.241538	-0.570600	0.289287	0.086421	-0.095572	0.991664	-0.647861	0.750788	0.128817	-0.756841	-0.653593	0.002966
53804	8.964652	0.763181	3.171419	0.522565	-0.619938	0.372025	0.079275	-0.096868	0.992135	-0.652151	0.747694	0.125110	-0.753933	-0.656940	-0.003899
53805	10.274943	1.098961	2.645212	0.790685	-0.686659	0.436823	0.071176	-0.098146	0.992623	-0.658462	0.742878	0.120667	-0.749241	-0.662194	-0.011750
53806	10.531730	1.784771	2.163728	0.970338	-0.662875	0.474440	0.063048	-0.099062	0.993082	-0.666055	0.736861	0.115789	-0.743233	-0.668747	-0.019523
53807	11.400976	2.916891	2.607851	1.039636	-0.575586	0.476410	0.055522	-0.099442	0.993493	-0.674068	0.730316	0.110771	-0.736579	-0.675832	-0.026483
53808	11.839419	3.839131	3.416848	0.984868	-0.419786	0.480346	0.049156	-0.098814	0.993891	-0.681574	0.724075	0.105697	-0.730097	-0.682606	-0.031757
53809	12.206078	3.947475	4.365235	0.848897	-0.166990	0.506559	0.044397	-0.096312	0.994361	-0.688021	0.718721	0.100333	-0.724331	-0.688596	-0.034355
53810	12.284996	3.585573	5.253744	0.671280	0.175433	0.554628	0.041816	-0.091135	0.994960	-0.693136	0.714574	0.094584	-0.719593	-0.693598	-0.033288
53811	11.697272	3.157929	6.208920	0.428382	0.563865	0.585276	0.041723	-0.083048	0.995672	-0.696493	0.712075	0.088580	-0.716350	-0.697174	-0.028132
53812	10.756612	2.462148	7.065879	0.138682	0.902672	0.565786	0.044239	-0.072723	0.996371	-0.697757	0.711520	0.082913	-0.714967	-0.698892	-0.019266
53813	10.264892	1.837078	7.292620	-0.041414	1.188742	0.484982	0.049278	-0.060969	0.996923	-0.697724	0.712103	0.078038	-0.714670	-0.699422	-0.007448
53814	9.966960	1.319983	6.623846	0.001661	1.428570	0.366982	0.056939	-0.048348	0.997206	-0.697959	0.712264	0.074386	-0.713871	-0.700245	0.006811
53815	10.189047	1.542050	5.847603	0.191088	1.604520	0.253260	0.066530	-0.035302	0.997160	-0.699514	0.710998	0.071843	-0.711515	-0.702307	0.022608
53816	10.195928	2.560372	5.288196	0.333399	1.827235	0.116448	0.078714	-0.021596	0.996663	-0.701994	0.708655	0.070797	-0.707820	-0.705224	0.040621
53817	10.223626	3.750750	4.745725	0.409499	2.022392	-0.069229	0.093394	-0.007800	0.995599	-0.704861	0.705717	0.071650	-0.703170	-0.708451	0.060412
53818	10.072604	4.578703	4.025732	0.397156	2.104023	-0.278626	0.110151	0.005198	0.993901	-0.707389	0.702864	0.074722	-0.698189	-0.711305	0.081098
53819	9.552351	4.596355	2.961879	0.301798	2.098319	-0.484342	0.128109	0.016735	0.991619	-0.708951	0.700733	0.079764	-0.693525	-0.713228	0.101634
53820	9.725842	3.935229	1.976493	0.093960	1.843757	-0.616819	0.145297	0.025588	0.989057	-0.708784	0.700162	0.086010	-0.690300	-0.713525	0.119867
53821	10.948841	2.394628	0.847637	-0.147210	1.616565	-0.630575	0.160834	0.032682	0.986440	-0.706844	0.701360	0.092011	-0.688842	-0.712058	0.135903
53822	12.555728	1.527240	-0.084144	-0.231837	1.501902	-0.502744	0.174782	0.039845	0.983801	-0.704430	0.703159	0.096671	-0.687917	-0.709915	0.150968
53823	13.505503	0.763195	-0.887377	-0.315618	1.532756	-0.302604	0.187376	0.048563	0.981087	-0.701753	0.705493	0.099105	-0.687337	-0.707051	0.166272
53824	13.939747	-0.224037	-0.744819	-0.496850	1.607036	-0.116695	0.199296	0.059076	0.978157	-0.698138	0.709026	0.099421	-0.687666	-0.702703	0.182550
53825	13.421822	-1.158642	0.242693	-0.574837	1.683690	-0.007649	0.210859	0.070801	0.974949	-0.694210	0.713019	0.098362	-0.688193	-0.697560	0.199498
53826	14.096451	-0.917724	0.956673	-0.516501	1.664116	0.021171	0.222208	0.082530	0.971500	-0.690731	0.716561	0.097116	-0.688124	-0.692625	0.216231
53827	14.826870	-0.616584	0.830939	-0.389067	1.719202	-0.026412	0.234137	0.094203	0.967629	-0.688039	0.719233	0.096464	-0.686864	-0.688353	0.233214
53828	14.879126	-0.636535	0.346663	-0.246261	1.844016	-0.156460	0.247884	0.105747	0.963001	-0.686006	0.721047	0.097405	-0.684068	-0.684769	0.251279
53829	14.136977	-0.890903	-0.314525	-0.199320	1.985577	-0.313447	0.263505	0.117038	0.957532	-0.683889	0.722719	0.099864	-0.680339	-0.681160	0.270481
53830	13.973542	-0.922145	-1.129824	-0.183497	2.212442	-0.464648	0.281696	0.128710	0.950832	-0.681412	0.724502	0.103804	-0.675519	-0.677149	0.291793
53831	12.503830	-0.666931	-1.365534	-0.210911	2.394475	-0.562249	0.301557	0.140782	0.942997	-0.678399	0.726644	0.108460	-0.669954	-0.672435	0.314631
53832	11.110489	-0.625752	-1.392532	-0.237461	2.460466	-0.602909	0.322050	0.152876	0.934298	-0.674971	0.729084	0.113363	-0.663851	-0.667133	0.337988
