// General information: 
//  MT Manager version: 2022.2.0 
//  XDA version: 2022.2.0 build 7381 rev 124627 built on 2023-07-19
// Device information: 
//  DeviceId: 00B4CBA7
//  ProductCode: MTW2-3A7G6
//  Firmware Version: 4.6.0
//  Hardware Version: 2.0.0
// Device settings: 
//  Filter Profile: human(46.1)
//  Option Flags: Orientation Smoother Disabled, Position/Velocity Smoother Disabled, Continuous Zero Rotation Update Disabled, AHS Disabled, ICC Disabled
// Coordinate system: ENU
PacketCounter	Acc_X	Acc_Y	Acc_Z	Gyr_X	Gyr_Y	Gyr_Z	Mat[1][1]	Mat[2][1]	Mat[3][1]	Mat[1][2]	Mat[2][2]	Mat[3][2]	Mat[1][3]	Mat[2][3]	Mat[3][3]
10754	9.502501	-1.096788	-2.584283	-0.052603	0.083949	-0.026967	0.029271	-0.225718	0.973753	-0.909847	-0.409409	-0.067552	0.413911	-0.883989	-0.217353
10755	9.545745	-1.202573	-2.539255	0.014242	0.096538	-0.033044	0.029204	-0.224708	0.973988	-0.909776	-0.409620	-0.067224	0.414071	-0.884148	-0.216397
10756	9.621050	-1.243178	-2.393137	0.104783	0.091100	-0.022467	0.029085	-0.223854	0.974189	-0.909332	-0.410608	-0.067203	0.415053	-0.883906	-0.215500
10757	9.532078	-1.085134	-2.294771	0.153550	0.083334	-0.001211	0.028782	-0.223091	0.974373	-0.908691	-0.411978	-0.067484	0.416475	-0.883462	-0.214579
10758	9.402022	-0.902157	-2.171790	0.142536	0.088150	0.000829	0.028459	-0.222360	0.974549	-0.908094	-0.413246	-0.067771	0.417798	-0.883054	-0.213685
10759	9.375668	-0.683058	-2.250499	0.093134	0.090369	0.004656	0.028071	-0.221560	0.974743	-0.907704	-0.414069	-0.067977	0.418672	-0.882869	-0.212734
10760	9.380161	-0.590470	-2.336320	0.030592	0.094527	-0.000661	0.027734	-0.220767	0.974932	-0.907572	-0.414351	-0.068009	0.418979	-0.882935	-0.211854
10761	9.457515	-0.707428	-2.510647	-0.027689	0.099901	-0.007208	0.027413	-0.219833	0.975152	-0.907684	-0.414133	-0.067843	0.418757	-0.883271	-0.210892
10762	9.491333	-0.750569	-2.569820	-0.015410	0.110252	-0.021105	0.027196	-0.218817	0.975387	-0.907740	-0.414054	-0.067578	0.418650	-0.883560	-0.209889
10763	9.500239	-0.669212	-2.512593	0.013114	0.114709	-0.040983	0.027120	-0.217612	0.975659	-0.907672	-0.414270	-0.067169	0.418803	-0.883756	-0.208755
10764	9.679916	-0.671377	-2.564522	0.010592	0.122901	-0.038758	0.027010	-0.216411	0.975929	-0.907614	-0.414458	-0.066786	0.418935	-0.883963	-0.207612
10765	9.610485	-0.679286	-2.396204	0.017013	0.128350	-0.041105	0.026878	-0.215084	0.976226	-0.907530	-0.414708	-0.066383	0.419126	-0.884170	-0.206342
10766	9.508306	-0.697493	-2.270580	0.006153	0.126974	-0.039676	0.026759	-0.213843	0.976502	-0.907491	-0.414858	-0.065981	0.419219	-0.884400	-0.205162
10767	9.486274	-0.738034	-1.964085	-0.007263	0.121445	-0.033017	0.026582	-0.212610	0.976775	-0.907510	-0.414875	-0.065607	0.419188	-0.884690	-0.203974
10768	9.412881	-0.758024	-1.765080	-0.022456	0.107459	-0.024817	0.026410	-0.211602	0.976999	-0.907595	-0.414739	-0.065292	0.419016	-0.884995	-0.203002
10769	9.317141	-0.632092	-1.517246	-0.028082	0.093526	-0.021662	0.026247	-0.210663	0.977206	-0.907705	-0.414547	-0.064986	0.418788	-0.885309	-0.202101
10770	9.339981	-0.525095	-1.342324	-0.062854	0.076077	-0.020436	0.026167	-0.209950	0.977362	-0.907960	-0.414044	-0.064633	0.418240	-0.885714	-0.201460
10771	9.375569	-0.500123	-1.326354	-0.102706	0.051742	-0.021168	0.026175	-0.209382	0.977484	-0.908381	-0.413188	-0.064182	0.417323	-0.886247	-0.201014
10772	9.469824	-0.587438	-1.384741	-0.108680	0.040193	-0.023681	0.026274	-0.208970	0.977569	-0.908825	-0.412285	-0.063705	0.416349	-0.886765	-0.200750
10773	9.588396	-0.572255	-1.681444	-0.097967	0.030289	-0.019602	0.026359	-0.208600	0.977646	-0.909225	-0.411467	-0.063280	0.415469	-0.887232	-0.200510
10774	9.681989	-0.545487	-2.032041	-0.093132	0.023501	-0.030759	0.026592	-0.208305	0.977702	-0.909601	-0.410715	-0.062765	0.414632	-0.887650	-0.200396
10775	9.784496	-0.567935	-2.363365	-0.082049	0.026845	-0.031180	0.026797	-0.207918	0.977779	-0.909930	-0.410062	-0.062259	0.413895	-0.888042	-0.200179
10776	9.848103	-0.858919	-2.573827	-0.076210	0.027065	-0.023155	0.026948	-0.207623	0.977838	-0.910236	-0.409444	-0.061852	0.413211	-0.888397	-0.200019
10777	9.746525	-1.062120	-2.598766	0.022185	0.025653	-0.018111	0.027039	-0.207299	0.977904	-0.910138	-0.409689	-0.061682	0.413423	-0.888359	-0.199749
10778	9.699963	-1.211907	-2.468873	0.121697	0.030852	-0.011489	0.027067	-0.207020	0.977962	-0.909628	-0.410804	-0.061786	0.414541	-0.887909	-0.199431
10779	9.635370	-1.278216	-2.288892	0.238326	0.031653	-0.003110	0.026996	-0.206705	0.978031	-0.908634	-0.412936	-0.062193	0.416719	-0.886993	-0.198967
10780	9.430035	-1.030020	-2.023675	0.335779	0.032087	-0.002519	0.026898	-0.206458	0.978086	-0.907299	-0.415769	-0.062811	0.419625	-0.885726	-0.198503
10781	9.347384	-0.942218	-1.770652	0.322631	0.021568	0.001672	0.026824	-0.206253	0.978131	-0.905939	-0.418631	-0.063430	0.422558	-0.884425	-0.198082
10782	9.278435	-0.935938	-1.675590	0.326305	0.012240	-0.005113	0.026831	-0.206171	0.978148	-0.904624	-0.421377	-0.064002	0.425365	-0.883139	-0.197813
10783	9.291471	-0.759067	-1.699578	0.355601	0.000987	-0.012487	0.026972	-0.206088	0.978162	-0.903100	-0.424551	-0.064546	0.428582	-0.881637	-0.197569
10784	9.346352	-0.469806	-1.702085	0.348540	-0.001715	-0.016247	0.027137	-0.206080	0.978159	-0.901668	-0.427507	-0.065053	0.431576	-0.880209	-0.197417
10785	9.469532	-0.273786	-1.733660	0.267569	-0.006076	-0.021801	0.027391	-0.206018	0.978165	-0.900502	-0.429916	-0.065331	0.433988	-0.879050	-0.197296
10786	9.497599	-0.319469	-1.910690	0.170315	-0.010942	-0.017580	0.027608	-0.206084	0.978145	-0.899829	-0.431301	-0.065473	0.435368	-0.878356	-0.197348
10787	9.550150	-0.443348	-2.058183	0.114233	-0.020291	-0.018695	0.027897	-0.206159	0.978121	-0.899324	-0.432353	-0.065478	0.436393	-0.877821	-0.197465
10788	9.608434	-0.639401	-2.065475	0.086984	-0.018801	-0.014885	0.028160	-0.206299	0.978084	-0.898937	-0.433157	-0.065481	0.437173	-0.877391	-0.197648
10789	9.621626	-0.737471	-2.134707	0.122486	-0.024781	-0.020199	0.028482	-0.206407	0.978052	-0.898393	-0.434284	-0.065488	0.438269	-0.876809	-0.197804
10790	9.584459	-0.702120	-2.090552	0.143422	-0.027762	-0.015558	0.028791	-0.206622	0.977997	-0.897755	-0.435583	-0.065597	0.439552	-0.876114	-0.198037
10791	9.530811	-0.777174	-2.102238	0.136841	-0.027952	-0.015314	0.029084	-0.206777	0.977956	-0.897146	-0.436823	-0.065681	0.440775	-0.875459	-0.198214
10792	9.493335	-0.811914	-2.080940	0.144258	-0.027133	-0.010576	0.029345	-0.207008	0.977899	-0.896503	-0.438117	-0.065841	0.442064	-0.874758	-0.198440
10793	9.534598	-0.701409	-2.061126	0.141133	-0.034987	-0.007360	0.029598	-0.207259	0.977838	-0.895874	-0.439377	-0.066012	0.443321	-0.874066	-0.198683
10794	9.664725	-0.704274	-2.036058	0.086213	-0.035950	-0.001561	0.029818	-0.207606	0.977758	-0.895488	-0.440143	-0.066145	0.444086	-0.873598	-0.199033
10795	9.663370	-0.786533	-1.974560	0.072021	-0.043069	-0.002390	0.030063	-0.207949	0.977678	-0.895165	-0.440787	-0.066228	0.444720	-0.873192	-0.199400
10796	9.496865	-0.820666	-1.928189	0.074935	-0.044458	0.005206	0.030261	-0.208399	0.977576	-0.894830	-0.441441	-0.066407	0.445381	-0.872754	-0.199840
10797	9.408756	-0.779387	-1.906502	0.085636	-0.055169	0.006754	0.030478	-0.208887	0.977465	-0.894448	-0.442184	-0.066607	0.446132	-0.872261	-0.200316
10798	9.456187	-0.718158	-1.923563	0.081085	-0.057325	0.009554	0.030694	-0.209468	0.977334	-0.894085	-0.442881	-0.066841	0.446844	-0.871768	-0.200876
10799	9.498965	-0.666661	-1.962711	0.040253	-0.056070	0.007525	0.030909	-0.209967	0.977220	-0.893905	-0.443226	-0.066958	0.447189	-0.871472	-0.201391
10800	9.555399	-0.632169	-2.133972	0.037703	-0.057939	0.002997	0.031187	-0.210523	0.977091	-0.893735	-0.443558	-0.067042	0.447511	-0.871169	-0.201985
10801	9.680469	-0.622417	-2.308296	0.038896	-0.053285	-0.000733	0.031464	-0.210962	0.976988	-0.893558	-0.443909	-0.067076	0.447844	-0.870885	-0.202474
10802	9.722800	-0.629307	-2.456593	0.068944	-0.042781	0.002228	0.031682	-0.211382	0.976890	-0.893246	-0.444514	-0.067216	0.448450	-0.870474	-0.202899
10803	9.628144	-0.538690	-2.401084	0.081656	-0.043133	0.003067	0.031879	-0.211748	0.976804	-0.892879	-0.445229	-0.067375	0.449168	-0.870020	-0.203259
10804	9.773132	-0.700251	-2.498865	0.104551	-0.034697	0.009486	0.031997	-0.212130	0.976717	-0.892408	-0.446128	-0.067658	0.450093	-0.869466	-0.203582
10805	10.013577	-0.349552	-2.335083	0.137136	-0.013409	0.035945	0.031769	-0.212385	0.976670	-0.891799	-0.447254	-0.068251	0.451315	-0.868825	-0.203613
10806	9.620077	-0.092622	-2.208278	-0.043730	-0.002038	0.025217	0.031600	-0.212553	0.976638	-0.892002	-0.446829	-0.068385	0.450926	-0.869002	-0.203718
10807	9.379207	-0.749257	-2.233692	-0.107827	-0.019215	0.014395	0.031590	-0.212762	0.976593	-0.892490	-0.445872	-0.068269	0.449961	-0.869443	-0.203973
10808	9.546747	-1.088702	-2.113650	-0.043453	-0.015563	0.036646	0.031382	-0.213099	0.976527	-0.892692	-0.445428	-0.068514	0.449573	-0.869587	-0.204210
10809	9.275932	-0.992094	-1.993696	0.018289	-0.020694	0.040496	0.031145	-0.213437	0.976460	-0.892620	-0.445512	-0.068910	0.449732	-0.869462	-0.204393
10810	9.343204	-0.822359	-1.899583	0.065133	-0.028417	0.032243	0.031032	-0.213865	0.976370	-0.892334	-0.446019	-0.069335	0.450308	-0.869096	-0.204680
10811	9.491576	-0.577099	-1.776914	0.002935	-0.033436	0.040903	0.030849	-0.214316	0.976277	-0.892331	-0.445968	-0.069704	0.450327	-0.869012	-0.204998
10812	9.502449	-0.549621	-1.770102	-0.082032	-0.039754	0.042058	0.030700	-0.214886	0.976156	-0.892709	-0.445175	-0.069923	0.449586	-0.869277	-0.205498
10813	9.517321	-0.580509	-1.764854	-0.106562	-0.050446	0.033625	0.030658	-0.215452	0.976033	-0.893196	-0.444187	-0.069995	0.448621	-0.869643	-0.206058
10814	9.592045	-0.687704	-1.545987	-0.149177	-0.069568	0.021550	0.030823	-0.216188	0.975865	-0.893869	-0.442849	-0.069874	0.447267	-0.870142	-0.206893
10815	9.627343	-0.826172	-1.360634	-0.136003	-0.089128	0.003228	0.031223	-0.216955	0.975682	-0.894475	-0.441669	-0.069586	0.446026	-0.870551	-0.207852
10816	9.688992	-1.102210	-1.201775	-0.113759	-0.107775	0.001444	0.031736	-0.217934	0.975447	-0.894979	-0.440686	-0.069340	0.444978	-0.870804	-0.209032
10817	9.646280	-0.983329	-1.341348	0.005916	-0.118662	0.008691	0.032218	-0.218983	0.975197	-0.894953	-0.440729	-0.069400	0.444995	-0.870519	-0.210179
10818	9.510663	-0.493332	-1.386077	-0.003437	-0.140034	0.008680	0.032807	-0.220272	0.974887	-0.894968	-0.440691	-0.069455	0.444923	-0.870213	-0.211594
10819	9.492546	-0.629921	-1.718109	-0.160241	-0.153984	0.015964	0.033380	-0.221660	0.974552	-0.895682	-0.439272	-0.069233	0.443440	-0.870578	-0.213200
10820	9.520014	-0.921848	-2.045584	-0.174840	-0.164041	0.026432	0.033912	-0.223234	0.974175	-0.896461	-0.437702	-0.069094	0.441823	-0.870967	-0.214965
10821	9.465500	-1.042965	-2.160669	-0.168153	-0.177161	0.037192	0.034392	-0.224918	0.973771	-0.897213	-0.436165	-0.069056	0.440257	-0.871305	-0.216800
10822	9.279665	-1.012856	-2.343579	-0.106880	-0.190380	0.043243	0.034843	-0.226801	0.973318	-0.897771	-0.434990	-0.069222	0.439083	-0.871404	-0.218771
10823	9.356270	-0.755505	-2.581439	-0.058972	-0.187664	0.046507	0.035281	-0.228616	0.972877	-0.898043	-0.434381	-0.069508	0.438490	-0.871234	-0.220632
10824	9.364227	-0.554296	-2.749622	-0.056950	-0.179219	0.040610	0.035702	-0.230390	0.972443	-0.898381	-0.433642	-0.069755	0.437763	-0.871135	-0.222460
10825	9.343278	-0.504415	-2.895654	-0.080465	-0.167935	0.038338	0.036124	-0.231997	0.972046	-0.898745	-0.432863	-0.069911	0.436982	-0.871095	-0.224142
10826	9.472782	-0.672681	-3.086604	-0.079954	-0.146722	0.035244	0.036449	-0.233466	0.971681	-0.899179	-0.431937	-0.070053	0.436060	-0.871162	-0.225672
10827	9.559930	-0.766602	-3.162472	-0.017568	-0.128843	0.025836	0.036810	-0.234678	0.971376	-0.899263	-0.431735	-0.070227	0.435858	-0.870937	-0.226929
10828	9.493041	-0.756776	-3.027496	0.019192	-0.117405	0.030856	0.037087	-0.235867	0.971077	-0.899188	-0.431838	-0.070549	0.435988	-0.870564	-0.228105
10829	9.513717	-0.931939	-2.911007	0.056163	-0.100889	0.029696	0.037292	-0.236852	0.970830	-0.898951	-0.432268	-0.070929	0.436458	-0.870084	-0.229038
10830	9.449811	-0.854857	-2.749074	0.105199	-0.081509	0.030357	0.037421	-0.237727	0.970611	-0.898499	-0.433123	-0.071442	0.437378	-0.869420	-0.229805
10831	9.372813	-0.760897	-2.508176	0.095717	-0.080537	0.038135	0.037462	-0.238570	0.970402	-0.898092	-0.433875	-0.071996	0.438210	-0.868813	-0.230512
10832	9.239760	-0.786783	-2.418478	0.037822	-0.075889	0.047522	0.037416	-0.239472	0.970182	-0.897937	-0.434108	-0.072522	0.438531	-0.868449	-0.231273
10833	9.062628	-0.784375	-2.358133	0.049335	-0.083847	0.044091	0.037419	-0.240369	0.969960	-0.897734	-0.434442	-0.073027	0.438945	-0.868034	-0.232044
10834	9.097893	-0.547548	-2.375481	0.049714	-0.086095	0.049685	0.037398	-0.241368	0.969713	-0.897529	-0.434769	-0.073603	0.439367	-0.867593	-0.232894
10835	9.214776	-0.412517	-2.532205	-0.026748	-0.085487	0.055196	0.037310	-0.242327	0.969477	-0.897665	-0.434415	-0.074039	0.439097	-0.867503	-0.233736
10836	9.207292	-0.590644	-2.761398	-0.157378	-0.075429	0.050945	0.037227	-0.243238	0.969252	-0.898372	-0.432933	-0.074142	0.437655	-0.867989	-0.234635
10837	9.041286	-1.264221	-2.945159	-0.305869	-0.078883	0.055819	0.037101	-0.244142	0.969030	-0.899725	-0.430152	-0.073927	0.434878	-0.869117	-0.235619
10838	9.354492	-2.473171	-3.094482	-0.361505	-0.082137	0.006877	0.037396	-0.244928	0.968820	-0.901368	-0.426837	-0.073117	0.431437	-0.870529	-0.236733
10839	10.098989	-3.297899	-3.277560	0.197404	-0.063786	-0.050334	0.038157	-0.245246	0.968710	-0.900493	-0.428690	-0.073060	0.433194	-0.869528	-0.237200
10840	10.425328	-1.486944	-2.884314	1.178618	-0.037348	-0.019646	0.038536	-0.245526	0.968624	-0.895315	-0.438963	-0.075648	0.443763	-0.864308	-0.236740
10841	9.975155	1.041730	-2.245428	1.222883	-0.025948	0.033758	0.038383	-0.245877	0.968541	-0.889832	-0.449428	-0.078829	0.454671	-0.858813	-0.236040
10842	10.166695	1.319733	-1.921717	0.280871	-0.032868	0.084262	0.037780	-0.246587	0.968384	-0.888660	-0.451483	-0.080294	0.457008	-0.857530	-0.236189
10843	9.844613	-0.555264	-2.363753	-0.379580	-0.030369	0.119567	0.036886	-0.247362	0.968221	-0.890430	-0.447941	-0.080518	0.453623	-0.859163	-0.236782
10844	9.243244	-1.507097	-2.429896	-0.004407	-0.046243	0.155906	0.035751	-0.248495	0.967973	-0.890504	-0.447525	-0.081997	0.453568	-0.859053	-0.237285
10845	9.172198	-0.571635	-1.926612	0.218018	-0.067358	0.178334	0.034501	-0.249850	0.967670	-0.889574	-0.448964	-0.084205	0.455487	-0.857908	-0.237749
10846	9.130910	-0.283662	-1.930332	0.017601	-0.073787	0.194207	0.033109	-0.251394	0.967318	-0.889635	-0.448481	-0.086105	0.455470	-0.857710	-0.238498
10847	9.049342	-0.295188	-1.975164	-0.070230	-0.086304	0.198597	0.031766	-0.253001	0.966944	-0.890017	-0.447390	-0.087821	0.454820	-0.857807	-0.239387
10848	9.029453	-0.461564	-1.796263	-0.145523	-0.105168	0.188093	0.030569	-0.254784	0.966515	-0.890811	-0.445519	-0.089269	0.453345	-0.858253	-0.240583
10849	8.888919	-0.943005	-1.577216	-0.119358	-0.135759	0.195522	0.029473	-0.256796	0.966016	-0.891408	-0.444006	-0.090834	0.452243	-0.858437	-0.241996
10850	8.600127	-0.157468	-1.227647	0.115372	-0.179537	0.212653	0.028391	-0.259316	0.965375	-0.891020	-0.444306	-0.093144	0.453075	-0.857524	-0.243670
10851	8.790464	0.559181	-1.172681	-0.036251	-0.193027	0.237829	0.027177	-0.262004	0.964684	-0.891248	-0.443387	-0.095314	0.452701	-0.857182	-0.245561
10852	9.093052	0.793735	-1.588238	-0.219188	-0.198606	0.238305	0.025951	-0.264792	0.963956	-0.892372	-0.440743	-0.097045	0.450554	-0.857689	-0.247731
10853	9.437963	0.913101	-1.876387	-0.384015	-0.213815	0.221178	0.024967	-0.267575	0.963213	-0.894150	-0.436871	-0.098184	0.447071	-0.858806	-0.250160
10854	9.804723	0.398148	-1.986468	-0.586779	-0.226848	0.208508	0.024110	-0.270457	0.962430	-0.896883	-0.431119	-0.098683	0.441611	-0.860808	-0.252962
10855	10.002933	-0.406548	-1.786946	-0.536730	-0.254515	0.216664	0.023313	-0.273556	0.961573	-0.899289	-0.425918	-0.099365	0.436733	-0.862416	-0.255936
10856	10.042491	-0.723074	-1.222919	-0.310757	-0.291230	0.237597	0.022443	-0.277100	0.960579	-0.900770	-0.422432	-0.100814	0.433715	-0.862999	-0.259084
10857	9.890256	-0.389573	-0.542445	-0.119986	-0.348327	0.276270	0.021494	-0.281248	0.959394	-0.901349	-0.420639	-0.103117	0.432560	-0.862533	-0.262544
10858	9.761108	0.178799	0.105533	-0.137208	-0.414404	0.312075	0.020468	-0.286148	0.957967	-0.902081	-0.418420	-0.105710	0.431081	-0.862000	-0.266693
10859	9.829333	0.320689	0.685136	-0.303663	-0.491788	0.322159	0.019704	-0.291708	0.956305	-0.903449	-0.414885	-0.107940	0.428243	-0.861845	-0.271718
10860	9.980706	0.184337	1.075129	-0.421397	-0.586641	0.342511	0.019103	-0.298185	0.954317	-0.905383	-0.410095	-0.110014	0.424166	-0.861921	-0.277806
10861	10.172589	-0.306233	1.424911	-0.506738	-0.692562	0.345660	0.018923	-0.305541	0.951991	-0.907585	-0.404698	-0.111847	0.419443	-0.861896	-0.284963
10862	10.418355	-1.065914	1.408570	-0.474755	-0.806192	0.340276	0.019188	-0.313852	0.949278	-0.909698	-0.399412	-0.113667	0.414827	-0.861375	-0.293175
10863	10.858493	-1.690861	0.888061	-0.255408	-0.904865	0.329197	0.019966	-0.322927	0.946213	-0.910817	-0.396180	-0.115991	0.412328	-0.859511	-0.302038
10864	10.800421	-1.787477	0.578593	0.063428	-1.010468	0.320154	0.021193	-0.332846	0.942743	-0.910693	-0.395521	-0.119171	0.412540	-0.856024	-0.311503
10865	10.668693	-1.562807	0.907116	0.259812	-1.141187	0.330901	0.022934	-0.343877	0.938735	-0.909689	-0.396634	-0.123071	0.414656	-0.851134	-0.321917
10866	10.835207	-1.607286	1.232144	0.254663	-1.254406	0.360313	0.024843	-0.355927	0.934184	-0.908785	-0.397391	-0.127240	0.416524	-0.845811	-0.333333
10867	11.124169	-1.648460	1.409465	0.335184	-1.379666	0.378380	0.027204	-0.369038	0.929016	-0.907481	-0.398860	-0.131868	0.419211	-0.839477	-0.345746
10868	11.666942	-1.459227	1.448987	0.342585	-1.492745	0.370999	0.030077	-0.382963	0.923274	-0.906215	-0.400187	-0.136472	0.421746	-0.832580	-0.359083
10869	12.072596	-1.466039	1.346887	0.263712	-1.606483	0.355656	0.033678	-0.397684	0.916904	-0.905211	-0.401002	-0.140676	0.423625	-0.825254	-0.373493
10870	12.486158	-1.299928	1.020918	0.330344	-1.717769	0.359788	0.037668	-0.413186	0.909867	-0.904004	-0.402118	-0.145183	0.425862	-0.817054	-0.388669
10871	12.983640	-0.907395	0.899928	0.408222	-1.823384	0.371957	0.042133	-0.429478	0.902094	-0.902405	-0.403886	-0.150139	0.428824	-0.807728	-0.404580
10872	13.771459	-0.542024	0.905273	0.490004	-1.913457	0.400869	0.046696	-0.446398	0.893615	-0.900540	-0.405929	-0.155721	0.432258	-0.797465	-0.420955
10873	14.382240	-0.482310	1.581658	0.306784	-2.003297	0.442576	0.051422	-0.464048	0.884316	-0.899425	-0.406365	-0.160941	0.434039	-0.787101	-0.438272
10874	14.794292	-0.981765	2.369465	0.276222	-2.103114	0.480644	0.056169	-0.482363	0.874169	-0.898549	-0.406120	-0.166360	0.435263	-0.776139	-0.456238
10875	14.673478	-0.782555	3.254448	0.457486	-2.220722	0.535200	0.061094	-0.501613	0.862932	-0.896862	-0.407029	-0.173106	0.438071	-0.763355	-0.474745
10876	14.377970	-0.018426	0.682152	0.451202	-2.283157	0.576063	0.065874	-0.521140	0.850925	-0.895310	-0.407374	-0.180182	0.440545	-0.749973	-0.493418
10877	14.025907	0.298900	-2.142288	0.271240	-2.255636	0.512618	0.071266	-0.539977	0.838658	-0.894462	-0.406693	-0.185845	0.441428	-0.736903	-0.511972
10878	12.755517	-0.738291	-4.760764	-0.052813	-2.237035	0.454084	0.076958	-0.558061	0.826223	-0.895095	-0.403696	-0.189299	0.439183	-0.724981	-0.530586
10879	11.897274	-1.149136	-7.593324	0.389587	-2.181037	0.343232	0.083518	-0.575089	0.813816	-0.893652	-0.404573	-0.194184	0.440921	-0.711051	-0.547719
10880	11.912754	-0.249289	-7.893503	1.032933	-2.055101	0.186515	0.090893	-0.590193	0.802129	-0.889287	-0.410634	-0.201368	0.448227	-0.695020	-0.562174
10881	11.975621	0.424184	-8.551359	1.033152	-1.828080	0.098463	0.098313	-0.603147	0.791548	-0.884705	-0.417174	-0.207996	0.455665	-0.679838	-0.574621
10882	10.748500	0.267108	-9.506153	0.674257	-1.581932	0.012580	0.105348	-0.613754	0.782437	-0.881699	-0.421531	-0.211942	0.459901	-0.667546	-0.585554
10883	8.987088	-0.543553	-10.752790	0.789286	-1.370533	-0.079065	0.112415	-0.622466	0.774531	-0.877956	-0.427267	-0.215955	0.465357	-0.655727	-0.594529
10884	7.424295	-0.836249	-11.645496	1.079423	-1.157480	-0.193619	0.119563	-0.629036	0.768126	-0.872659	-0.435541	-0.220841	0.473467	-0.643908	-0.601009
10885	5.798970	-1.754606	-10.022370	0.955489	-0.964331	-0.311042	0.126900	-0.633808	0.763010	-0.867712	-0.443634	-0.224199	0.480596	-0.633622	-0.606260
10886	4.175575	-2.599125	-9.833792	0.745834	-0.721041	-0.328147	0.133253	-0.636774	0.759448	-0.863676	-0.450462	-0.226158	0.486115	-0.625781	-0.609992
10887	1.814465	-2.295107	-14.769202	0.032950	-0.311546	-0.218744	0.136686	-0.637712	0.758050	-0.863214	-0.452088	-0.224672	0.485982	-0.623650	-0.612276
10888	2.443540	-2.396636	-12.174673	0.466638	0.150467	-0.290311	0.138489	-0.635365	0.759692	-0.860535	-0.456887	-0.225243	0.490205	-0.622548	-0.610027
10889	4.138706	0.220871	-6.991815	1.298762	0.980776	-0.441081	0.137430	-0.627197	0.766640	-0.853472	-0.467784	-0.229704	0.502692	-0.622737	-0.599582
10890	2.122801	3.947910	-3.233081	0.534352	1.730984	-0.666458	0.134389	-0.613121	0.778474	-0.849860	-0.475309	-0.227638	0.509585	-0.631003	-0.584943
10891	2.336076	5.109291	-3.824429	-1.115310	2.013576	-1.032614	0.133024	-0.595312	0.792406	-0.854119	-0.474438	-0.213048	0.502778	-0.648469	-0.571579
10892	3.872148	4.048665	-3.999476	-2.976648	2.234985	-1.293789	0.133232	-0.574368	0.807683	-0.867028	-0.462337	-0.185760	0.480116	-0.675534	-0.559591
10893	3.927176	0.053812	-6.315901	-4.260548	2.457064	-1.350555	0.133715	-0.551240	0.823562	-0.884953	-0.440470	-0.151140	0.446069	-0.708605	-0.546719
10894	3.145521	-3.061940	-6.989955	-3.911956	2.620218	-1.288563	0.134010	-0.526637	0.839461	-0.900067	-0.419117	-0.119249	0.414633	-0.739591	-0.530174
10895	3.505089	-3.322865	-5.905705	-2.144159	2.745598	-1.213711	0.133840	-0.500965	0.855056	-0.907158	-0.409269	-0.097789	0.398937	-0.762583	-0.509231
10896	4.315402	-1.044128	-5.881605	-1.035785	3.209860	-1.159677	0.131724	-0.471355	0.872051	-0.909722	-0.406932	-0.082538	0.393770	-0.782452	-0.482405
10897	4.168513	0.447837	-5.718992	-1.304155	3.255680	-1.102087	0.129106	-0.441074	0.888136	-0.913365	-0.401643	-0.066694	0.386130	-0.802581	-0.454716
10898	5.022631	-0.266909	-6.121502	-1.436601	3.265566	-1.008842	0.125956	-0.410454	0.903140	-0.917558	-0.394289	-0.051228	0.377125	-0.822231	-0.426278
10899	5.835378	-0.809743	-5.996729	-0.816306	3.482487	-0.895300	0.121134	-0.377986	0.917853	-0.919511	-0.391054	-0.039689	0.373932	-0.839168	-0.394932
10900	5.700344	-0.526769	-6.097009	-0.234878	3.703200	-0.832960	0.114985	-0.343315	0.932155	-0.919405	-0.392090	-0.030996	0.376130	-0.853464	-0.360730
10901	5.931136	-0.261443	-6.077822	-0.069045	3.798139	-0.847434	0.108451	-0.307302	0.945412	-0.918714	-0.394268	-0.022767	0.379742	-0.866094	-0.325081
10902	6.110735	-0.683749	-5.991585	0.050118	3.850483	-0.895243	0.102046	-0.270139	0.957398	-0.917575	-0.397306	-0.014302	0.384243	-0.877025	-0.288416
10903	6.604792	-1.248689	-4.857416	0.439930	3.897349	-1.000190	0.096113	-0.231770	0.968011	-0.914871	-0.403704	-0.005822	0.392140	-0.885046	-0.250841
10904	7.161132	-0.424658	-4.963961	0.733172	4.004135	-1.070293	0.090060	-0.191800	0.977293	-0.910955	-0.412494	0.002992	0.402554	-0.890540	-0.211871
10905	6.800155	0.871887	-4.811455	0.580471	4.032128	-1.071874	0.083429	-0.151315	0.984959	-0.907658	-0.419525	0.012432	0.411334	-0.895043	-0.172343
10906	6.519691	1.459863	-4.203214	0.170126	3.943007	-1.036567	0.076609	-0.111527	0.990804	-0.906118	-0.422425	0.022512	0.416029	-0.899511	-0.133418
10907	6.364228	1.519278	-4.214715	-0.194014	3.745284	-0.995634	0.070062	-0.073529	0.994829	-0.906193	-0.421602	0.032659	0.417021	-0.903795	-0.096170
10908	6.764189	1.639792	-3.259168	-0.533807	3.579046	-0.982763	0.064192	-0.036947	0.997253	-0.907745	-0.417317	0.042969	0.414583	-0.908010	-0.060327
10909	7.085658	1.046448	-2.990337	-1.250868	3.288609	-0.993797	0.059787	-0.002874	0.998207	-0.912253	-0.406122	0.053470	0.405240	-0.913814	-0.026903
10910	7.851635	-0.622690	-1.997054	-1.352316	2.931368	-1.042513	0.057703	0.028184	0.997936	-0.917040	-0.393603	0.064142	0.394599	-0.918848	0.003134
10911	9.148116	-1.767626	-2.014969	-1.197219	2.573553	-1.004966	0.056940	0.055798	0.996817	-0.921128	-0.382159	0.074009	0.385072	-0.922410	0.029637
10912	9.294804	-2.715354	-4.108755	-1.017152	2.163370	-0.899078	0.057096	0.079188	0.995223	-0.924481	-0.372162	0.082650	0.376929	-0.924784	0.051959
10913	8.704176	-3.625530	-4.930992	-0.129567	1.753734	-0.786245	0.057789	0.098336	0.993474	-0.924514	-0.370266	0.090428	0.376741	-0.923706	0.069516
10914	7.333012	-2.830096	-3.677391	0.972949	1.389168	-0.645710	0.058539	0.113550	0.991806	-0.920414	-0.378549	0.097665	0.386537	-0.918590	0.082353
10915	6.923197	-1.112025	-0.479854	1.879796	0.966098	-0.655304	0.060758	0.124939	0.990302	-0.912586	-0.394955	0.105818	0.404345	-0.910165	0.090021
10916	8.387178	1.538144	0.546533	1.749546	0.635197	-0.377959	0.061662	0.132209	0.989302	-0.905126	-0.410330	0.111251	0.420649	-0.902303	0.094364
10917	8.095073	2.533176	0.502519	0.675601	0.082206	0.083004	0.060596	0.132628	0.989312	-0.902310	-0.416523	0.111106	0.426807	-0.899399	0.094432
10918	9.520939	2.371678	0.535374	-0.389207	-0.334129	0.471634	0.057847	0.127653	0.990130	-0.904231	-0.413638	0.106157	0.423107	-0.901448	0.091500
10919	12.812504	4.181688	5.286050	-1.167901	-0.177975	0.641362	0.052807	0.123444	0.990945	-0.909462	-0.403883	0.098777	0.412420	-0.906443	0.090940
10920	15.574324	4.056651	10.120676	-3.799068	0.140819	0.795802	0.045046	0.121650	0.991550	-0.924850	-0.370147	0.087428	0.377655	-0.920974	0.095834
10921	16.030040	-1.606239	10.797768	-7.043755	-0.054962	0.839815	0.037396	0.118318	0.992271	-0.949479	-0.305413	0.072200	0.311595	-0.944841	0.100919
10922	16.793946	-8.652104	6.994125	-8.908119	-0.648088	0.639498	0.033072	0.110446	0.993332	-0.973644	-0.220844	0.056972	0.225664	-0.969035	0.100231
10923	16.737319	-15.153104	0.153770	-7.297682	-1.169989	0.476364	0.030656	0.098146	0.994700	-0.987642	-0.150052	0.045244	0.153697	-0.983795	0.092334
10924	14.827153	-14.049659	0.064012	-3.704883	-1.460939	0.122935	0.031464	0.083575	0.996005	-0.992685	-0.113595	0.040891	0.116559	-0.990006	0.079389
10925	12.142630	-10.346831	0.067224	-1.658267	-1.570985	-0.001353	0.033213	0.068010	0.997132	-0.994475	-0.097152	0.039751	0.099576	-0.992943	0.064408
10926	9.648394	-5.530061	-1.765605	1.212923	-1.520033	0.029135	0.034540	0.052891	0.998003	-0.993207	-0.109211	0.040162	0.111117	-0.992610	0.048759
10927	8.389121	0.451391	-3.216669	3.524658	-1.412212	0.055530	0.035840	0.038839	0.998603	-0.988701	-0.144160	0.041091	0.145554	-0.988792	0.033234
10928	7.189375	4.657204	-3.857883	4.091020	-1.204636	0.021831	0.037626	0.026923	0.998929	-0.981937	-0.184496	0.041958	0.185429	-0.982464	0.019495
10929	6.491034	7.309974	-2.699899	1.928319	-0.959640	0.010636	0.039427	0.017505	0.999069	-0.978185	-0.203412	0.042166	0.203961	-0.978937	0.009103
10930	7.505714	4.819827	-3.272860	-0.423674	-0.886015	-0.061162	0.041838	0.008940	0.999084	-0.979013	-0.199258	0.042780	0.199458	-0.979906	0.000416
10931	9.511597	2.956167	-2.979021	-0.119530	-0.748384	-0.180463	0.045128	0.001978	0.998979	-0.979170	-0.198079	0.044625	0.197965	-0.980184	-0.007002
10932	11.422059	3.937802	-2.536913	0.116673	-0.728533	-0.205276	0.048620	-0.004771	0.998806	-0.978839	-0.199231	0.046696	0.198770	-0.979941	-0.014357
10933	11.724404	2.876021	-2.554909	-0.963336	-0.907270	-0.052961	0.050934	-0.013554	0.998610	-0.980678	-0.189790	0.047443	0.188883	-0.981731	-0.022959
10934	10.515932	-0.518613	-3.244172	-1.607834	-1.012347	0.106509	0.051764	-0.023722	0.998378	-0.983635	-0.173970	0.046866	0.172576	-0.984465	-0.032340
10935	9.449839	-2.141862	-3.928159	-1.224211	-0.950017	0.148819	0.051916	-0.033321	0.998095	-0.985746	-0.161868	0.045870	0.160032	-0.986250	-0.041249
10936	9.005229	-1.592879	-4.188411	-0.431266	-0.833869	0.133489	0.051958	-0.041792	0.997774	-0.986492	-0.157573	0.044771	0.155351	-0.986623	-0.049415
10937	9.321341	0.365059	-4.001915	-0.145654	-0.705221	0.118912	0.051911	-0.048924	0.997453	-0.986776	-0.156086	0.043700	0.153550	-0.986531	-0.056380
10938	9.786602	1.643402	-3.597263	-0.427582	-0.619669	0.128892	0.051619	-0.055280	0.997136	-0.987487	-0.151810	0.042703	0.149014	-0.986863	-0.062425
10939	9.973338	1.483734	-3.511485	-0.877478	-0.592011	0.150665	0.051023	-0.061336	0.996812	-0.988830	-0.143063	0.041811	0.140043	-0.987811	-0.067950
10940	10.122437	0.400127	-3.396655	-1.034311	-0.581403	0.147339	0.050395	-0.067336	0.996457	-0.990296	-0.132757	0.041113	0.129518	-0.988859	-0.073373
10941	10.270177	-0.530017	-3.071424	-0.991297	-0.538854	0.132740	0.049788	-0.072826	0.996101	-0.991594	-0.122862	0.040580	0.119428	-0.989748	-0.078331
10942	9.978461	-1.347806	-2.574455	-0.783870	-0.509532	0.102878	0.049403	-0.078051	0.995725	-0.992546	-0.115037	0.040228	0.111405	-0.990290	-0.083152
10943	9.609247	-1.995303	-2.285837	-0.382423	-0.482285	0.061708	0.049355	-0.082886	0.995336	-0.992993	-0.111205	0.039978	0.107373	-0.990335	-0.087794
10944	9.586949	-2.438780	-1.954353	0.018295	-0.449320	0.014735	0.049733	-0.087415	0.994930	-0.992978	-0.111387	0.039849	0.107339	-0.989925	-0.092341
10945	9.793519	-2.193722	-1.682610	0.529425	-0.437273	-0.009089	0.050341	-0.091721	0.994512	-0.992389	-0.116639	0.039476	0.112378	-0.988930	-0.096894
10946	9.904295	-0.739910	-1.308950	1.105973	-0.437062	0.001568	0.050874	-0.096106	0.994070	-0.991085	-0.127578	0.038387	0.123133	-0.987161	-0.101740
10947	9.937797	0.920420	-0.731887	1.161703	-0.460308	0.040875	0.051099	-0.100689	0.993605	-0.989608	-0.139001	0.036808	0.134406	-0.985160	-0.106746
10948	9.825357	1.732384	-0.229182	0.751558	-0.478921	0.078683	0.051015	-0.105580	0.993101	-0.988608	-0.146331	0.035227	0.141602	-0.983585	-0.111842
10949	9.784562	1.823045	-0.197540	0.539423	-0.490868	0.116634	0.050607	-0.110566	0.992579	-0.987888	-0.151514	0.033490	0.146686	-0.982252	-0.116895
10950	9.543432	2.052294	0.034953	0.453414	-0.501219	0.125596	0.050149	-0.115739	0.992013	-0.987273	-0.155835	0.031728	0.150918	-0.980979	-0.122081
10951	9.115651	1.741983	0.234061	0.160915	-0.534605	0.127374	0.049739	-0.121169	0.991385	-0.987091	-0.157269	0.030302	0.152243	-0.980094	-0.127427
10952	9.183394	0.728943	0.303682	-0.106503	-0.562802	0.107427	0.049572	-0.126906	0.990675	-0.987303	-0.156105	0.029406	0.150918	-0.979554	-0.133033
10953	9.393987	0.158264	0.175238	0.040144	-0.572347	0.096846	0.049518	-0.132649	0.989925	-0.987288	-0.156380	0.028431	0.151034	-0.978749	-0.138707
10954	9.469657	0.788158	0.227251	0.296502	-0.603285	0.104227	0.049448	-0.138764	0.989090	-0.986885	-0.159152	0.027010	0.153668	-0.977453	-0.144814
10955	9.300145	1.233064	0.129162	0.094751	-0.642512	0.129315	0.049198	-0.145235	0.988173	-0.986800	-0.159902	0.025629	0.154289	-0.976390	-0.151185
10956	9.216777	0.718888	-0.302748	-0.198863	-0.687273	0.153175	0.048781	-0.152231	0.987140	-0.987177	-0.157746	0.024456	0.151994	-0.975675	-0.157974
10957	9.195262	-0.008851	-0.670560	-0.339942	-0.734286	0.148873	0.048450	-0.159613	0.985990	-0.987757	-0.154207	0.023574	0.148283	-0.975061	-0.165131
10958	9.177802	-0.582764	-1.364141	-0.332303	-0.758164	0.119957	0.048388	-0.167236	0.984729	-0.988326	-0.150612	0.022987	0.144468	-0.974345	-0.172571
10959	9.566954	-0.979193	-1.376092	-0.141668	-0.762696	0.093287	0.048598	-0.174791	0.983405	-0.988572	-0.149082	0.022356	0.142701	-0.973254	-0.180038
10960	9.476767	-0.642008	-1.502714	0.264385	-0.762187	0.124548	0.048471	-0.182438	0.982022	-0.988276	-0.151272	0.020676	0.144780	-0.971511	-0.187632
10961	9.427153	0.958863	-1.221258	0.568803	-0.790749	0.141886	0.048272	-0.190318	0.980535	-0.987504	-0.156536	0.018232	0.150019	-0.969162	-0.195496
10962	9.373326	2.042974	-0.985448	0.244025	-0.817827	0.159309	0.047938	-0.198533	0.978921	-0.987237	-0.158430	0.016214	0.151872	-0.967204	-0.203594
10963	9.326362	1.490493	-1.237618	-0.122090	-0.848972	0.168217	0.047597	-0.206991	0.977184	-0.987500	-0.156920	0.014860	0.150264	-0.965676	-0.211873
10964	9.396289	0.709035	-1.559658	-0.056122	-0.876435	0.185402	0.047083	-0.215780	0.975306	-0.987696	-0.155828	0.013205	0.149130	-0.963928	-0.220462
10965	9.357847	0.343350	-1.743403	0.080593	-0.892069	0.191786	0.046558	-0.224657	0.973325	-0.987663	-0.156193	0.011193	0.149512	-0.961838	-0.229158
10966	9.347133	0.052890	-1.743639	0.143861	-0.910124	0.209796	0.045854	-0.233770	0.971210	-0.987569	-0.156936	0.008852	0.150348	-0.959543	-0.238060
10967	9.267453	0.050796	-2.071405	0.322179	-0.945588	0.224907	0.045105	-0.243174	0.968933	-0.987180	-0.159498	0.005925	0.153102	-0.956779	-0.247251
10968	9.645925	0.409164	-1.850932	0.369883	-0.947506	0.236131	0.044240	-0.252645	0.966547	-0.986739	-0.162289	0.002744	0.156167	-0.953852	-0.256474
10969	9.470456	0.180071	-2.003566	0.219635	-0.952968	0.258880	0.043219	-0.262131	0.964064	-0.986506	-0.163727	-0.000292	0.157920	-0.951042	-0.265670
10970	9.357921	0.023718	-2.206363	0.290712	-0.983418	0.260762	0.042208	-0.271934	0.961390	-0.986181	-0.165634	-0.003554	0.160205	-0.947954	-0.275167
10971	9.692149	-0.327489	-2.449944	0.130295	-0.960193	0.259413	0.041230	-0.281441	0.958692	-0.986078	-0.166163	-0.006372	0.161092	-0.945083	-0.284373
10972	9.154319	-1.894234	-2.998838	-0.093402	-0.959087	0.281103	0.039988	-0.290991	0.955890	-0.986368	-0.164320	-0.008759	0.159621	-0.942509	-0.293595
10973	8.775853	-2.688022	-4.262286	0.172837	-0.955676	0.275536	0.038840	-0.300425	0.953014	-0.986198	-0.165145	-0.011868	0.160951	-0.939400	-0.302693
10974	9.020056	-1.130385	-4.501595	0.582856	-0.942217	0.269992	0.037703	-0.309747	0.950071	-0.985375	-0.169630	-0.016199	0.166178	-0.935565	-0.311612
10975	9.192569	0.510994	-4.360732	0.491087	-0.949907	0.276959	0.036612	-0.319078	0.947021	-0.984649	-0.173358	-0.020343	0.170665	-0.931738	-0.320527
10976	9.331166	1.303752	-3.833752	0.359815	-0.964118	0.265839	0.035636	-0.328546	0.943815	-0.984153	-0.175688	-0.023998	0.173702	-0.928004	-0.329601
10977	9.437157	1.080373	-3.268157	0.207886	-0.970901	0.278045	0.034632	-0.338016	0.940503	-0.983886	-0.176702	-0.027277	0.175409	-0.924403	-0.338689
10978	9.607593	0.711337	-2.700066	0.423314	-0.978124	0.284248	0.033551	-0.347582	0.937049	-0.983262	-0.179477	-0.031368	0.179082	-0.920312	-0.347786
10979	10.014062	0.658701	-1.692603	0.525121	-1.025687	0.269266	0.032803	-0.357474	0.933347	-0.982396	-0.183365	-0.035702	0.183906	-0.915746	-0.357196
10980	10.453658	0.122507	-0.832653	0.626631	-1.097853	0.277304	0.032110	-0.368046	0.929253	-0.981347	-0.187927	-0.040521	0.189546	-0.910618	-0.367216
10981	10.814068	-0.376695	0.020286	0.797887	-1.190216	0.303214	0.031474	-0.379415	0.924691	-0.979899	-0.194053	-0.046270	0.196994	-0.904648	-0.377897
10982	10.974174	-0.568315	0.494738	0.919442	-1.279278	0.350689	0.030589	-0.391660	0.919601	-0.978191	-0.200834	-0.052998	0.205445	-0.897924	-0.389261
10983	11.047023	-0.591488	0.215129	0.979503	-1.376991	0.397534	0.029632	-0.404772	0.913937	-0.976251	-0.208028	-0.060480	0.214605	-0.890440	-0.401324
10984	11.336757	-0.479331	0.069455	1.082796	-1.449517	0.384629	0.029032	-0.418444	0.907778	-0.974022	-0.215890	-0.068365	0.224587	-0.882211	-0.413841
10985	11.513198	-1.448382	-0.115416	0.797451	-1.539272	0.389539	0.028790	-0.432798	0.901031	-0.972312	-0.221253	-0.075208	0.231905	-0.873918	-0.427185
10986	10.754036	-3.226783	-1.417837	0.999373	-1.671353	0.367219	0.029211	-0.448142	0.893485	-0.970053	-0.228340	-0.082813	0.241130	-0.864309	-0.441391
10987	10.607178	-0.956450	-0.854975	1.654746	-1.749468	0.297593	0.030721	-0.463844	0.885384	-0.966022	-0.241207	-0.092848	0.256628	-0.852448	-0.455493
10988	11.156525	-0.392400	-0.270621	1.084975	-1.855107	0.300964	0.032699	-0.480273	0.876509	-0.963277	-0.248994	-0.100498	0.266512	-0.841035	-0.470778
10989	11.369868	-2.059839	-0.972607	0.949043	-1.964170	0.299664	0.035169	-0.497416	0.866799	-0.960807	-0.255475	-0.107622	0.274979	-0.829041	-0.486906
10990	11.773447	-1.551829	-0.100872	1.266513	-2.062634	0.272400	0.038371	-0.515055	0.856298	-0.957349	-0.264532	-0.116214	0.286374	-0.815317	-0.503238
10991	12.658292	-1.722752	1.225340	1.111314	-2.207660	0.253457	0.042413	-0.533560	0.844698	-0.954212	-0.272205	-0.124028	0.296108	-0.800761	-0.520674
10992	14.053985	-2.219457	2.198228	1.262817	-2.332197	0.218699	0.047384	-0.552610	0.832092	-0.950498	-0.281053	-0.132526	0.307097	-0.784622	-0.538572
10993	15.034052	-1.738411	3.265890	1.341997	-2.483882	0.185851	0.053427	-0.572394	0.818236	-0.946390	-0.290442	-0.141383	0.318577	-0.766817	-0.557226
10994	15.905199	-1.958034	3.811601	1.196637	-2.669241	0.184215	0.060332	-0.593088	0.802874	-0.942618	-0.298460	-0.149641	0.328376	-0.747775	-0.577063
10995	17.332956	-2.459538	3.997729	1.246507	-2.834201	0.190341	0.068024	-0.614547	0.785942	-0.938582	-0.306527	-0.158446	0.338285	-0.726893	-0.597654
10996	18.296951	-2.585907	3.400300	1.205537	-2.882277	0.189545	0.076133	-0.635688	0.768183	-0.934577	-0.314010	-0.167226	0.347520	-0.705195	-0.618005
10997	16.830952	-2.709293	1.590567	1.390315	-3.005520	0.253805	0.084404	-0.657316	0.748873	-0.929871	-0.322035	-0.177859	0.358073	-0.681343	-0.638401
10998	14.755106	-0.876480	0.015530	1.986769	-3.039324	0.336946	0.092396	-0.678616	0.728658	-0.922887	-0.333099	-0.193198	0.373822	-0.654618	-0.657063
10999	12.465616	1.740288	-1.204814	2.222687	-3.164599	0.439886	0.100493	-0.700344	0.706697	-0.914803	-0.344319	-0.211138	0.391198	-0.625271	-0.675278
11000	12.434051	4.679631	-4.235352	2.281763	-3.108693	0.407891	0.109203	-0.720626	0.684670	-0.906091	-0.355400	-0.229544	0.408747	-0.595306	-0.691763
11001	12.727680	6.301122	-5.403504	1.353092	-3.144732	0.338446	0.119168	-0.740106	0.661848	-0.900882	-0.360825	-0.241282	0.417385	-0.567494	-0.709747
11002	12.847269	4.962602	-6.917877	0.718166	-3.074750	0.399178	0.128453	-0.758480	0.638912	-0.898358	-0.361880	-0.248989	0.420062	-0.541988	-0.727871
11003	12.366145	4.590218	-8.653068	0.774261	-2.770306	0.533150	0.135385	-0.775075	0.617195	-0.895790	-0.361926	-0.258011	0.423357	-0.517946	-0.743304
11004	10.330253	4.287596	-10.102373	0.849485	-2.524351	0.627715	0.140522	-0.790005	0.596779	-0.893035	-0.361388	-0.268119	0.427485	-0.495268	-0.756285
11005	8.675876	4.098430	-10.472802	0.297077	-2.063215	0.671461	0.143375	-0.802440	0.579252	-0.892712	-0.357519	-0.274311	0.427212	-0.477776	-0.767607
11006	5.971553	1.802032	-11.888455	-0.388109	-1.796328	0.646603	0.145237	-0.813068	0.563761	-0.895288	-0.350543	-0.274916	0.421148	-0.464800	-0.778842
11007	4.656136	-0.293521	-11.237543	-0.435307	-1.454135	0.591751	0.146043	-0.821790	0.550756	-0.897963	-0.343738	-0.274783	0.415130	-0.454429	-0.788138
11008	4.348497	0.224624	-13.514780	-0.696905	-0.930838	0.588047	0.144611	-0.827874	0.541951	-0.901685	-0.335815	-0.272384	0.407495	-0.449280	-0.795044
11009	3.990572	0.322645	-14.915421	-1.208074	-0.392905	0.450802	0.142145	-0.831119	0.537621	-0.907178	-0.326676	-0.265161	0.396008	-0.450027	-0.800408
11010	4.243575	-1.188274	-12.549069	-0.857144	-0.190650	0.338019	0.139859	-0.832959	0.535368	-0.911018	-0.320074	-0.259998	0.387925	-0.451367	-0.803606
11011	5.601310	-0.936233	-8.936402	-0.241563	0.368094	0.265823	0.136044	-0.832122	0.537648	-0.912314	-0.316799	-0.259465	0.386233	-0.455205	-0.802255
11012	5.706190	0.610114	-7.495039	-0.236428	0.951205	0.187251	0.130709	-0.828230	0.544931	-0.913481	-0.314230	-0.258482	0.385316	-0.463998	-0.797645
11013	4.772091	1.440139	-7.620448	-1.031245	1.420579	0.024125	0.125101	-0.821593	0.556179	-0.917440	-0.309201	-0.250396	0.377695	-0.478936	-0.792444
11014	3.866510	0.777487	-8.752504	-2.000690	1.788037	-0.191424	0.120306	-0.812143	0.570920	-0.924606	-0.301043	-0.233402	0.361427	-0.499797	-0.787130
11015	3.033346	-1.030636	-9.798415	-2.438980	1.974348	-0.385220	0.116982	-0.800890	0.587274	-0.932712	-0.291709	-0.212024	0.341121	-0.522955	-0.781124
