// General information: 
//  MT Manager version: 2022.2.0 
//  XDA version: 2022.2.0 build 7381 rev 124627 built on 2023-07-19
// Device information: 
//  DeviceId: 00B4CB9F
//  ProductCode: MTW2-3A7G6
//  Firmware Version: 4.6.0
//  Hardware Version: 2.0.0
// Device settings: 
//  Filter Profile: human(46.1)
//  Option Flags: Orientation Smoother Disabled, Position/Velocity Smoother Disabled, Continuous Zero Rotation Update Disabled, AHS Disabled, ICC Disabled
// Coordinate system: ENU
PacketCounter	Acc_X	Acc_Y	Acc_Z	Gyr_X	Gyr_Y	Gyr_Z	Mat[1][1]	Mat[2][1]	Mat[3][1]	Mat[1][2]	Mat[2][2]	Mat[3][2]	Mat[1][3]	Mat[2][3]	Mat[3][3]
55360	9.452102	0.977266	1.917288	0.034130	0.005436	0.013194	-0.119630	0.191507	0.974173	-0.480254	-0.869944	0.112041	0.868933	-0.454447	0.196043
55361	9.489338	0.951675	2.050754	0.061441	0.017058	0.018953	-0.119855	0.191359	0.974175	-0.479652	-0.870289	0.111940	0.869235	-0.453848	0.196094
55362	9.466950	1.134345	2.056808	0.089246	0.029073	0.019225	-0.120178	0.191260	0.974154	-0.478809	-0.870760	0.111891	0.869655	-0.452987	0.196223
55363	9.467976	1.319764	2.088008	0.089466	0.025184	0.014251	-0.120451	0.191189	0.974135	-0.477968	-0.871221	0.111890	0.870079	-0.452128	0.196322
55364	9.543123	1.477299	2.052436	0.075039	0.025913	0.001842	-0.120665	0.191228	0.974101	-0.477263	-0.871596	0.111984	0.870437	-0.451390	0.196437
55365	9.456646	1.515977	1.941759	0.032213	0.027246	0.002880	-0.120902	0.191265	0.974064	-0.476934	-0.871776	0.111982	0.870584	-0.451025	0.196620
55366	9.499177	1.438384	1.863441	-0.014671	0.013999	-0.002043	-0.120995	0.191284	0.974049	-0.477009	-0.871741	0.111939	0.870530	-0.451086	0.196720
55367	9.627903	1.322675	1.896600	-0.052135	-0.005460	-0.007086	-0.120900	0.191260	0.974065	-0.477426	-0.871522	0.111868	0.870315	-0.451519	0.196679
55368	9.631106	1.154386	1.838010	-0.062197	-0.002976	-0.002166	-0.120842	0.191204	0.974083	-0.477924	-0.871266	0.111732	0.870049	-0.452036	0.196666
55369	9.653181	0.970339	1.834255	-0.054609	0.002478	0.002802	-0.120862	0.191130	0.974095	-0.478351	-0.871054	0.111560	0.869812	-0.452476	0.196705
55370	9.633615	0.851776	1.863359	-0.033927	0.002906	0.010862	-0.120918	0.190987	0.974116	-0.478593	-0.870948	0.111352	0.869671	-0.452741	0.196718
55371	9.539243	0.847109	1.786601	-0.009058	0.004906	0.016646	-0.121026	0.190804	0.974139	-0.478606	-0.870968	0.111134	0.869649	-0.452779	0.196729
55372	9.557618	0.974285	1.806118	0.000763	0.005111	0.015758	-0.121125	0.190628	0.974161	-0.478531	-0.871033	0.110947	0.869676	-0.452728	0.196725
55373	9.507559	0.998119	1.874350	0.007160	0.001442	0.007624	-0.121160	0.190507	0.974180	-0.478415	-0.871109	0.110850	0.869735	-0.452631	0.196685
55374	9.547449	1.087656	1.852992	0.012879	-0.003549	0.006178	-0.121138	0.190376	0.974209	-0.478254	-0.871207	0.110779	0.869827	-0.452499	0.196584
55375	9.509807	1.176707	1.880172	0.007786	0.005175	0.002826	-0.121183	0.190314	0.974215	-0.478137	-0.871277	0.110730	0.869885	-0.452390	0.196580
55376	9.527987	1.167278	1.958643	0.004048	-0.000565	-0.002019	-0.121147	0.190266	0.974229	-0.478054	-0.871324	0.110722	0.869936	-0.452320	0.196516
55377	9.544826	1.111028	1.947990	0.000105	0.003346	0.000689	-0.121166	0.190215	0.974237	-0.478007	-0.871355	0.110678	0.869959	-0.452281	0.196502
55378	9.604540	1.035588	1.993995	0.008047	0.009455	0.002316	-0.121239	0.190175	0.974235	-0.477880	-0.871430	0.110637	0.870018	-0.452154	0.196532
55379	9.604327	1.035727	1.994949	0.021993	0.013645	0.001043	-0.121349	0.190167	0.974223	-0.477642	-0.871561	0.110632	0.870134	-0.451905	0.196595
55380	9.542412	1.070013	1.884756	0.047713	0.007758	0.014348	-0.121463	0.190014	0.974239	-0.477161	-0.871835	0.110551	0.870382	-0.451441	0.196563
55381	9.563458	1.174613	1.808992	0.049139	0.006022	0.018955	-0.121592	0.189815	0.974262	-0.476665	-0.872122	0.110426	0.870635	-0.450969	0.196521
55382	9.498570	1.237190	1.816549	0.041061	0.005950	0.022047	-0.121728	0.189588	0.974289	-0.476239	-0.872376	0.110255	0.870849	-0.450574	0.196481
55383	9.442659	1.196304	1.825006	0.029465	0.006829	0.021670	-0.121876	0.189369	0.974313	-0.475911	-0.872579	0.110065	0.871008	-0.450272	0.196469
55384	9.465587	1.202890	1.874176	0.019698	0.004215	0.020670	-0.121993	0.189145	0.974342	-0.475651	-0.872746	0.109869	0.871134	-0.450043	0.196436
55385	9.504669	1.158943	1.936471	0.015964	0.006649	0.020286	-0.122133	0.188938	0.974364	-0.475442	-0.872885	0.109665	0.871228	-0.449859	0.196437
55386	9.492204	1.092884	1.978016	0.012021	0.010566	0.022989	-0.122315	0.188722	0.974383	-0.475253	-0.873017	0.109430	0.871306	-0.449694	0.196474
55387	9.490802	1.102910	2.026793	0.018601	0.022961	0.021632	-0.122603	0.188576	0.974375	-0.475019	-0.873171	0.109219	0.871393	-0.449457	0.196631
55388	9.484540	1.095855	2.105740	0.034594	0.029133	0.020166	-0.122933	0.188469	0.974355	-0.474642	-0.873397	0.109056	0.871552	-0.449063	0.196825
55389	9.492544	1.195123	2.209829	0.065092	0.045624	0.014513	-0.123385	0.188487	0.974294	-0.474011	-0.873745	0.109005	0.871831	-0.448377	0.197152
55390	9.487949	1.369605	2.296018	0.087899	0.060287	0.006722	-0.123922	0.188636	0.974197	-0.473189	-0.874182	0.109078	0.872202	-0.447462	0.197591
55391	9.408721	1.424483	2.464125	0.111003	0.125416	0.001465	-0.125009	0.189124	0.973964	-0.472173	-0.874710	0.109247	0.872597	-0.446223	0.198645
55392	9.178132	1.635820	2.641517	0.137481	0.135232	-0.007800	-0.126133	0.189733	0.973700	-0.470928	-0.875342	0.109563	0.873108	-0.444723	0.199760
55393	9.413055	1.867376	2.906313	0.164409	0.185844	-0.022098	-0.127637	0.190691	0.973317	-0.469474	-0.876058	0.110071	0.873672	-0.442898	0.201342
55394	8.856881	2.090803	3.099643	0.167234	0.215056	-0.039828	-0.129311	0.191931	0.972852	-0.468012	-0.876753	0.110764	0.874210	-0.440984	0.203200
55395	8.980081	2.163992	3.460084	0.154731	0.283162	-0.061794	-0.131483	0.193659	0.972218	-0.466694	-0.877344	0.111645	0.874591	-0.439049	0.205735
55396	8.955233	2.105345	3.807877	0.131380	0.389026	-0.076888	-0.134506	0.195980	0.971339	-0.465609	-0.877794	0.112631	0.874709	-0.437115	0.209319
55397	8.753936	2.133660	3.983108	0.124418	0.479289	-0.092834	-0.138252	0.198825	0.970235	-0.464601	-0.878183	0.113759	0.874661	-0.435045	0.213785
55398	8.575888	2.343407	3.887554	0.101286	0.492479	-0.098471	-0.142084	0.201772	0.969072	-0.463804	-0.878455	0.114902	0.874470	-0.433134	0.218397
55399	8.765176	2.633341	3.459536	0.003803	0.437556	-0.102580	-0.145418	0.204506	0.968004	-0.463872	-0.878293	0.115868	0.873886	-0.432180	0.222584
55400	8.928681	2.894661	2.807538	-0.161563	0.345368	-0.115748	-0.147874	0.206960	0.967110	-0.465408	-0.877383	0.116596	0.872656	-0.432859	0.226063
55401	9.186589	2.950055	2.212886	-0.393018	0.230390	-0.134545	-0.149239	0.209080	0.966444	-0.468987	-0.875426	0.116968	0.870505	-0.435793	0.228703
55402	9.462634	2.927893	1.612653	-0.624729	0.127329	-0.154175	-0.149596	0.210931	0.965986	-0.474597	-0.872393	0.116996	0.867397	-0.440952	0.230614
55403	9.839398	2.576551	1.275581	-0.812519	0.038218	-0.156532	-0.149164	0.212404	0.965730	-0.481817	-0.868481	0.116594	0.863483	-0.447913	0.231886
55404	10.044442	1.883453	1.177658	-0.915627	0.003092	-0.144467	-0.148468	0.213614	0.965570	-0.489865	-0.864069	0.115836	0.859063	-0.455801	0.232928
55405	9.965617	0.976978	1.144914	-0.937953	-0.027603	-0.124180	-0.147605	0.214497	0.965507	-0.498039	-0.859521	0.114812	0.854500	-0.463913	0.233697
55406	9.736452	0.154189	1.264030	-0.869918	-0.052012	-0.081395	-0.146729	0.214897	0.965552	-0.505538	-0.855302	0.113536	0.850236	-0.471464	0.234136
55407	9.571843	-0.406619	1.114382	-0.758007	-0.085262	-0.037227	-0.145804	0.214750	0.965724	-0.511978	-0.851655	0.112086	0.846534	-0.478087	0.234122
55408	9.369996	-0.673214	1.016649	-0.599920	-0.118475	0.011754	-0.144844	0.214026	0.966030	-0.516986	-0.848826	0.110544	0.843650	-0.483412	0.233596
55409	9.314372	-0.683088	1.346372	-0.394827	-0.152368	0.059059	-0.143855	0.212725	0.966465	-0.520183	-0.847068	0.109018	0.841852	-0.487056	0.232511
55410	9.298379	-0.459752	1.631704	-0.177513	-0.166195	0.100263	-0.142961	0.211010	0.966973	-0.521491	-0.846444	0.107609	0.841195	-0.488884	0.231048
55411	9.820403	-0.122682	1.926212	0.014147	-0.199304	0.136632	-0.141985	0.208818	0.967593	-0.521132	-0.846832	0.106285	0.841583	-0.489153	0.229059
55412	10.079776	0.322843	2.031880	0.152432	-0.188816	0.165704	-0.141240	0.206433	0.968213	-0.519570	-0.847952	0.104999	0.842673	-0.488224	0.227022
55413	10.168521	0.731093	2.059325	0.229413	-0.170512	0.192834	-0.140791	0.203905	0.968814	-0.517318	-0.849498	0.103614	0.844133	-0.486597	0.225085
55414	9.939886	1.024893	2.141029	0.292166	-0.156955	0.238357	-0.140679	0.201058	0.969425	-0.514465	-0.851432	0.101930	0.845893	-0.484396	0.223216
55415	9.469910	1.180369	2.211713	0.351634	-0.167059	0.283859	-0.140708	0.197770	0.970097	-0.511042	-0.853728	0.099923	0.847961	-0.481700	0.221195
55416	9.393871	1.327099	2.325898	0.399146	-0.199500	0.335552	-0.140704	0.193886	0.970881	-0.507133	-0.856333	0.097514	0.850305	-0.478645	0.218816
55417	9.191617	1.468085	2.180735	0.425292	-0.232049	0.379025	-0.140630	0.189467	0.971764	-0.502933	-0.859119	0.094722	0.852808	-0.475412	0.216107
55418	9.197155	1.684657	2.099360	0.428025	-0.254851	0.402335	-0.140450	0.184740	0.972700	-0.498669	-0.861929	0.091698	0.855338	-0.472176	0.213182
55419	9.190630	1.944803	1.977913	0.409919	-0.288257	0.410976	-0.140009	0.179774	0.973693	-0.494536	-0.864637	0.088529	0.857806	-0.469131	0.209962
55420	9.236789	2.012464	2.072358	0.357157	-0.307678	0.419419	-0.139415	0.174648	0.974711	-0.490836	-0.867080	0.085157	0.860025	-0.466552	0.206607
55421	9.218604	1.937747	2.045613	0.299866	-0.317492	0.421349	-0.138729	0.169451	0.975726	-0.487623	-0.869230	0.081626	0.861962	-0.464462	0.203216
55422	9.043486	1.922007	1.926210	0.185355	-0.339603	0.421169	-0.137829	0.164157	0.976758	-0.485397	-0.870820	0.077859	0.863361	-0.463384	0.199706
55423	9.452147	1.851287	1.857334	0.071404	-0.391472	0.416968	-0.136455	0.158649	0.977860	-0.484163	-0.871853	0.073887	0.864272	-0.463361	0.195781
55424	9.471142	1.757595	1.580681	-0.012916	-0.419546	0.405495	-0.134771	0.153113	0.978976	-0.483679	-0.872452	0.069867	0.864807	-0.464094	0.191639
55425	9.589861	1.635311	1.159716	-0.090201	-0.454585	0.395158	-0.132737	0.147491	0.980116	-0.483885	-0.872655	0.065788	0.865006	-0.465531	0.187203
55426	9.661153	1.556669	0.774761	-0.176515	-0.500573	0.385049	-0.130252	0.141743	0.981297	-0.484862	-0.872414	0.061658	0.864837	-0.467763	0.182359
55427	9.732722	1.413505	0.551778	-0.248771	-0.529803	0.380018	-0.127503	0.135882	0.982486	-0.486478	-0.871803	0.057441	0.864339	-0.470634	0.177261
55428	9.711099	1.246281	0.583074	-0.283984	-0.534357	0.374978	-0.124693	0.130041	0.983637	-0.488413	-0.870988	0.053233	0.863658	-0.473783	0.172120
55429	9.746518	1.015655	0.728080	-0.295992	-0.520621	0.369262	-0.121993	0.124290	0.984718	-0.490467	-0.870078	0.049058	0.862879	-0.476987	0.167103
55430	9.798124	0.623276	0.858343	-0.276780	-0.495522	0.377746	-0.119551	0.118581	0.985721	-0.492355	-0.869238	0.044855	0.862145	-0.479962	0.162302
55431	9.660636	0.171416	1.004851	-0.240092	-0.478120	0.403427	-0.117406	0.112713	0.986667	-0.493901	-0.868577	0.040453	0.861555	-0.482566	0.157646
55432	9.713880	-0.309298	1.227554	-0.160154	-0.455948	0.437168	-0.115616	0.106659	0.987551	-0.494729	-0.868307	0.035861	0.861322	-0.484424	0.153157
55433	9.751210	-0.639759	1.320129	-0.050530	-0.404145	0.464118	-0.114417	0.100607	0.988325	-0.494586	-0.868570	0.031159	0.861565	-0.485247	0.149138
55434	9.877599	-0.682983	1.427479	0.100310	-0.357249	0.491075	-0.113739	0.094552	0.989001	-0.493119	-0.869560	0.026423	0.862494	-0.484690	0.145528
55435	9.909533	-0.385925	1.470168	0.240686	-0.314711	0.499709	-0.113466	0.088619	0.989582	-0.490429	-0.871209	0.021785	0.864063	-0.482848	0.142314
55436	9.890208	-0.106767	1.371516	0.336787	-0.295561	0.489228	-0.113276	0.082872	0.990101	-0.486920	-0.873273	0.017386	0.866070	-0.480131	0.139273
55437	9.820435	0.266367	1.280115	0.387156	-0.281232	0.476373	-0.113134	0.077299	0.990568	-0.482979	-0.875533	0.013161	0.868293	-0.476935	0.136386
55438	9.591154	0.496237	1.378950	0.400942	-0.284423	0.453856	-0.112820	0.071912	0.991010	-0.478939	-0.877800	0.009173	0.870568	-0.473599	0.133475
55439	9.355807	0.499342	1.680336	0.359048	-0.309150	0.412716	-0.112080	0.066764	0.991454	-0.475301	-0.879806	0.005515	0.872655	-0.470621	0.130342
55440	9.432486	0.243336	2.174088	0.290912	-0.323548	0.375227	-0.111007	0.061885	0.991891	-0.472300	-0.881435	0.002136	0.874420	-0.468233	0.127074
55441	9.428116	-0.226404	2.648632	0.174260	-0.340867	0.352184	-0.109670	0.057124	0.992325	-0.470342	-0.882484	-0.001181	0.875643	-0.466862	0.123649
55442	9.363418	-1.009951	2.950579	0.071581	-0.347214	0.343083	-0.108216	0.052419	0.992744	-0.469300	-0.883027	-0.004531	0.876383	-0.466386	0.120158
55443	9.686432	-1.641228	2.834201	0.049279	-0.367441	0.333022	-0.106541	0.047703	0.993163	-0.468466	-0.883447	-0.007821	0.877034	-0.466096	0.116471
55444	9.667026	-1.836052	2.538257	0.063086	-0.375312	0.310786	-0.104681	0.043153	0.993569	-0.467543	-0.883904	-0.010870	0.877750	-0.465674	0.112704
55445	9.347609	-1.754320	2.582147	0.093280	-0.351546	0.287513	-0.102922	0.038913	0.993928	-0.466380	-0.884479	-0.013666	0.878576	-0.464955	0.109180
55446	9.106940	-1.479965	2.630420	0.127324	-0.309970	0.253063	-0.101356	0.035177	0.994228	-0.464961	-0.885185	-0.016081	0.879510	-0.463907	0.106075
55447	9.120469	-1.220871	2.865776	0.133510	-0.289692	0.193398	-0.099689	0.032061	0.994502	-0.463547	-0.885892	-0.017907	0.880447	-0.462783	0.103176
55448	9.355837	-0.901687	3.145552	0.128277	-0.223949	0.142616	-0.098359	0.029705	0.994708	-0.462233	-0.886550	-0.019232	0.881287	-0.461678	0.100931
55449	9.517125	-0.547575	3.176947	0.111745	-0.158796	0.109751	-0.097451	0.027937	0.994848	-0.461095	-0.887119	-0.020255	0.881983	-0.460694	0.099332
55450	9.670978	-0.008496	2.915440	0.070658	-0.120580	0.088717	-0.096780	0.026538	0.994952	-0.460343	-0.887490	-0.021106	0.882450	-0.460062	0.098108
55451	9.152443	0.534476	2.268366	-0.029681	-0.106789	0.078230	-0.096183	0.025291	0.995042	-0.460485	-0.887396	-0.021956	0.882441	-0.460313	0.096998
55452	8.813841	0.913784	1.592789	-0.176746	-0.149334	0.056746	-0.095113	0.024044	0.995176	-0.461947	-0.886616	-0.022729	0.881793	-0.461880	0.095436
55453	8.986130	0.766012	1.038301	-0.370494	-0.247796	0.018810	-0.093002	0.022667	0.995408	-0.465149	-0.884926	-0.023308	0.880334	-0.465180	0.092843
55454	9.395929	0.041909	0.509827	-0.519284	-0.330986	-0.004827	-0.090055	0.021108	0.995713	-0.469677	-0.882518	-0.023771	0.878233	-0.469804	0.089389
55455	9.822711	-0.897079	0.138313	-0.590758	-0.409902	-0.021833	-0.086342	0.019302	0.996079	-0.474833	-0.879745	-0.024112	0.875830	-0.475053	0.085124
55456	9.942842	-1.774811	-0.054131	-0.535301	-0.450753	-0.013387	-0.082322	0.017212	0.996457	-0.479486	-0.877209	-0.024460	0.873680	-0.479800	0.080466
55457	9.912519	-2.148274	-0.073203	-0.387213	-0.470450	0.013538	-0.078266	0.014766	0.996823	-0.482811	-0.875369	-0.024941	0.872220	-0.483230	0.075641
55458	10.090744	-1.945612	0.159476	-0.201166	-0.472485	0.029605	-0.074277	0.012163	0.997164	-0.484501	-0.874421	-0.025424	0.871632	-0.485015	0.070842
55459	9.717427	-1.474502	0.459420	-0.042976	-0.461647	0.057097	-0.070515	0.009361	0.997467	-0.484791	-0.874241	-0.026067	0.871783	-0.485401	0.066186
55460	9.640466	-0.848329	0.668073	0.060118	-0.452978	0.056510	-0.066826	0.006611	0.997743	-0.484186	-0.874560	-0.026635	0.872410	-0.484873	0.061644
55461	9.533978	-0.446411	0.981284	0.087500	-0.453585	0.046494	-0.063078	0.003945	0.998001	-0.483349	-0.875008	-0.027091	0.873152	-0.484092	0.057100
55462	9.667144	-0.216493	1.373797	0.069810	-0.458192	0.023998	-0.059180	0.001459	0.998246	-0.482683	-0.875369	-0.027336	0.873794	-0.483454	0.052508
55463	9.975871	0.133087	1.284719	0.021445	-0.452481	-0.012177	-0.055152	-0.000684	0.998478	-0.482460	-0.875494	-0.027249	0.874180	-0.483228	0.047955
55464	10.182809	0.569771	1.217603	-0.053026	-0.410686	-0.033348	-0.051389	-0.002436	0.998676	-0.482899	-0.875260	-0.026984	0.874167	-0.483647	0.043803
55465	9.894797	1.034638	1.250975	-0.174006	-0.376977	-0.056049	-0.047810	-0.003833	0.998849	-0.484406	-0.874441	-0.026542	0.873536	-0.485117	0.039950
55466	9.686311	1.081445	1.267512	-0.365001	-0.360597	-0.082959	-0.044248	-0.004921	0.999008	-0.487588	-0.872689	-0.025895	0.871952	-0.488251	0.036216
55467	9.486524	0.706542	1.071857	-0.574816	-0.363781	-0.100381	-0.040576	-0.005894	0.999159	-0.492594	-0.869896	-0.025135	0.869313	-0.493200	0.032393
55468	9.262652	0.026350	0.760388	-0.724041	-0.436152	-0.111367	-0.036229	-0.007148	0.999318	-0.498879	-0.866331	-0.024283	0.865914	-0.499418	0.027820
55469	9.287085	-0.764819	0.437865	-0.863545	-0.533423	-0.125474	-0.030977	-0.008809	0.999481	-0.506340	-0.862019	-0.023291	0.861777	-0.506799	0.022243
55470	9.693975	-1.628147	0.062960	-0.963827	-0.634162	-0.141837	-0.024794	-0.010886	0.999633	-0.514624	-0.857131	-0.022099	0.857057	-0.514983	0.015649
55471	9.608371	-2.369688	-0.045945	-0.962347	-0.728544	-0.167734	-0.017686	-0.013297	0.999755	-0.522844	-0.852180	-0.020583	0.852245	-0.523081	0.008119
55472	9.791131	-2.835852	0.082078	-0.865820	-0.794908	-0.196790	-0.009886	-0.015869	0.999825	-0.530193	-0.847671	-0.018696	0.847820	-0.530285	-0.000034
55473	9.694901	-2.985096	0.280196	-0.731255	-0.811400	-0.218043	-0.001848	-0.018415	0.999829	-0.536353	-0.843832	-0.016533	0.843992	-0.536291	-0.008317
55474	9.946635	-2.663566	0.688136	-0.597520	-0.855785	-0.237469	0.006645	-0.021086	0.999756	-0.541341	-0.840684	-0.014133	0.840777	-0.541115	-0.017001
55475	10.223482	-2.090284	1.106782	-0.472441	-0.836860	-0.263479	0.015111	-0.023481	0.999610	-0.545241	-0.838201	-0.011447	0.838143	-0.544856	-0.025469
55476	10.337522	-1.417367	1.454242	-0.378604	-0.785174	-0.275549	0.023192	-0.025525	0.999405	-0.548319	-0.836225	-0.008633	0.835948	-0.547792	-0.033390
55477	10.405757	-0.712255	1.919344	-0.330113	-0.732272	-0.302072	0.030976	-0.027085	0.999153	-0.550957	-0.834516	-0.005541	0.833959	-0.550318	-0.040773
55478	10.325900	-0.423100	2.439051	-0.312930	-0.647302	-0.332484	0.038204	-0.027945	0.998879	-0.553410	-0.832906	-0.002136	0.832032	-0.552708	-0.047285
55479	10.317157	-0.275515	2.973244	-0.326273	-0.564666	-0.369233	0.044953	-0.028064	0.998595	-0.555932	-0.831226	0.001666	0.830011	-0.555226	-0.052968
55480	10.555543	-0.324523	3.686440	-0.359655	-0.471585	-0.427483	0.051241	-0.027200	0.998316	-0.558670	-0.829368	0.006078	0.827806	-0.558041	-0.057693
55481	10.550444	-0.204440	4.498615	-0.419374	-0.357739	-0.481957	0.056906	-0.025273	0.998060	-0.561841	-0.827171	0.011089	0.825286	-0.561382	-0.061271
55482	10.645235	-0.092035	5.424643	-0.570153	-0.257472	-0.540780	0.062069	-0.022317	0.997822	-0.566178	-0.824112	0.016786	0.821943	-0.565987	-0.063787
55483	10.586174	-0.108446	6.263764	-0.774273	-0.132986	-0.579190	0.066463	-0.018377	0.997620	-0.572119	-0.819848	0.023014	0.817473	-0.572286	-0.065003
55484	10.041405	-0.116625	5.990300	-0.903202	-0.053278	-0.574455	0.070189	-0.014043	0.997435	-0.579051	-0.814766	0.029277	0.812265	-0.579620	-0.065320
55485	9.671930	0.526536	4.995307	-0.979429	-0.068669	-0.578979	0.074126	-0.009806	0.997201	-0.586527	-0.809145	0.035642	0.806530	-0.587527	-0.065730
55486	10.068885	1.717775	3.782446	-1.072584	-0.167962	-0.615472	0.079090	-0.005891	0.996850	-0.594638	-0.802873	0.042434	0.800094	-0.596121	-0.067002
55487	10.961243	2.809116	2.594204	-1.240738	-0.250370	-0.717273	0.085387	-0.001726	0.996346	-0.603895	-0.795470	0.050376	0.792477	-0.605991	-0.068966
55488	12.200870	3.368008	2.240641	-1.453274	-0.235481	-0.860143	0.092460	0.003589	0.995710	-0.614551	-0.786600	0.059901	0.783440	-0.617453	-0.070523
55489	13.067944	2.957595	3.136810	-1.590771	-0.041409	-0.972928	0.098820	0.010872	0.995046	-0.625974	-0.776637	0.070653	0.773558	-0.629854	-0.069942
55490	12.608102	1.541611	4.672596	-1.613767	0.229234	-1.016252	0.103451	0.020126	0.994431	-0.637321	-0.766243	0.081809	0.763623	-0.642235	-0.066442
55491	12.134478	-0.086347	5.676108	-1.520434	0.497852	-0.968450	0.105897	0.030660	0.993904	-0.647819	-0.756176	0.092350	0.754398	-0.653649	-0.060214
55492	11.302457	-1.027470	4.335560	-1.324552	0.698605	-0.851248	0.106174	0.041619	0.993476	-0.656830	-0.747176	0.101497	0.746526	-0.663322	-0.051995
55493	10.735165	-1.118883	2.277560	-1.069803	0.742355	-0.763969	0.105701	0.052187	0.993028	-0.663945	-0.739713	0.109547	0.740273	-0.670895	-0.043539
55494	10.332673	-1.696518	1.912050	-0.812773	0.633900	-0.746055	0.105958	0.061915	0.992441	-0.669128	-0.733844	0.117221	0.735554	-0.676491	-0.036328
55495	10.933667	-2.725871	2.658275	-0.600740	0.583125	-0.764715	0.106809	0.071402	0.991712	-0.672695	-0.729292	0.124958	0.732170	-0.680467	-0.029863
55496	11.362569	-3.920188	2.551396	-0.399130	0.762072	-0.781016	0.106455	0.082239	0.990911	-0.674756	-0.726005	0.132744	0.730323	-0.682755	-0.021796
55497	10.868944	-4.572481	1.972462	-0.130225	1.008733	-0.716758	0.103923	0.094261	0.990108	-0.674925	-0.724518	0.139817	0.730531	-0.682780	-0.011675
55498	10.097740	-5.121247	1.305040	0.203816	1.255152	-0.519774	0.098191	0.106539	0.989448	-0.672883	-0.725422	0.144886	0.733203	-0.680009	0.000458
55499	8.595200	-5.724304	0.426318	0.798109	1.340193	-0.287275	0.090244	0.117632	0.988948	-0.666705	-0.730534	0.147733	0.739838	-0.672668	0.012499
55500	8.959054	-5.515664	0.460420	1.457283	1.200490	0.024338	0.081085	0.125408	0.988786	-0.655837	-0.740317	0.147676	0.750535	-0.660457	0.022219
55501	9.979964	-4.840623	0.453207	2.052511	1.217765	0.247543	0.070255	0.131436	0.988832	-0.640442	-0.754054	0.145731	0.764787	-0.643528	0.031201
55502	11.588089	-3.609996	-0.066056	2.451212	1.298773	0.417431	0.057526	0.136428	0.988978	-0.621727	-0.770178	0.142409	0.781118	-0.623067	0.040515
55503	13.872228	-1.649960	0.141282	2.706112	1.531808	0.694433	0.041187	0.140323	0.989249	-0.600662	-0.787722	0.136745	0.798441	-0.599837	0.051842
55504	9.057881	-0.764071	-0.645734	2.653925	1.709583	0.623740	0.023663	0.145356	0.989096	-0.579418	-0.804261	0.132055	0.814687	-0.576225	0.065190
55505	10.520762	-0.195970	-0.387748	2.578950	1.549856	0.597808	0.007527	0.149190	0.988780	-0.558270	-0.819736	0.127934	0.829625	-0.552969	0.077118
55506	12.139042	2.103272	-0.911658	2.707082	1.567154	0.658808	-0.009245	0.152152	0.988314	-0.535560	-0.835403	0.123602	0.844447	-0.528158	0.089210
55507	12.972399	4.332125	-0.910594	2.645550	1.749621	0.651029	-0.027541	0.155626	0.987432	-0.512879	-0.850079	0.119673	0.858019	-0.503137	0.103230
55508	11.882928	5.773564	-0.056209	2.456533	1.800326	0.541792	-0.045859	0.159772	0.986088	-0.491410	-0.863036	0.116981	0.869720	-0.479209	0.118092
55509	11.387000	6.519813	1.160227	2.167285	1.802430	0.414000	-0.063603	0.164557	0.984315	-0.472188	-0.873887	0.115585	0.879200	-0.457430	0.133283
55510	10.344676	7.194718	0.069561	1.760107	1.740496	0.255445	-0.080189	0.170063	0.982165	-0.456419	-0.882237	0.115495	0.886144	-0.439018	0.148366
55511	9.727798	7.934714	-0.722182	1.120177	1.604764	0.071180	-0.094745	0.176316	0.979763	-0.446365	-0.887235	0.116500	0.889821	-0.426295	0.162762
55512	10.362539	7.972328	-0.237404	0.500677	1.431153	-0.147041	-0.106863	0.183625	0.977171	-0.442009	-0.889117	0.118740	0.890622	-0.419230	0.176178
55513	11.717789	6.707870	0.740635	0.181539	1.399322	-0.258255	-0.118164	0.191698	0.974315	-0.440638	-0.889417	0.121554	0.889874	-0.414957	0.189567
55514	11.968955	5.008693	1.207495	-0.022579	1.477826	-0.260664	-0.130177	0.200085	0.971092	-0.441117	-0.888841	0.124005	0.887958	-0.412222	0.203968
55515	11.438215	3.298003	1.025355	-0.191093	1.585244	-0.241033	-0.143148	0.208689	0.967449	-0.443094	-0.887591	0.125901	0.884973	-0.410648	0.219525
55516	10.824647	2.176499	0.888208	-0.267306	1.643585	-0.219528	-0.156711	0.217335	0.963435	-0.445738	-0.886055	0.127376	0.881339	-0.409479	0.235729
55517	10.506257	1.770005	1.016481	-0.245555	1.732092	-0.205244	-0.171009	0.226171	0.958959	-0.448186	-0.884625	0.128715	0.877431	-0.407781	0.252646
55518	10.520213	1.976790	1.462535	-0.210350	1.786874	-0.191784	-0.185811	0.235091	0.954047	-0.450324	-0.883356	0.129966	0.873317	-0.405481	0.270004
55519	10.769739	2.046200	1.961870	-0.243229	1.886372	-0.169712	-0.201459	0.244156	0.948579	-0.452722	-0.881995	0.130869	0.868595	-0.403078	0.288221
55520	11.062952	1.821100	2.495508	-0.403834	1.990176	-0.140517	-0.218068	0.253361	0.942473	-0.456466	-0.880050	0.130964	0.862604	-0.401648	0.307561
55521	10.804807	1.338275	2.801125	-0.657653	2.111703	-0.100847	-0.235724	0.262674	0.935648	-0.462293	-0.877177	0.129790	0.854821	-0.401948	0.328204
55522	10.178696	0.834036	3.013579	-0.944646	2.213955	-0.058344	-0.254289	0.272067	0.928071	-0.470417	-0.873243	0.127101	0.845012	-0.404260	0.350041
55523	9.894750	0.339189	3.142334	-1.213219	2.301821	-0.022998	-0.273483	0.281563	0.919744	-0.480608	-0.868281	0.122901	0.833201	-0.408425	0.372781
55524	8.887666	-0.057565	3.240325	-1.364844	2.389616	0.016768	-0.293337	0.291194	0.910582	-0.491792	-0.862752	0.117472	0.819813	-0.413358	0.396284
55525	8.217820	-0.307830	3.522726	-1.422753	2.415526	0.044832	-0.313179	0.300797	0.900800	-0.503167	-0.857000	0.111236	0.805445	-0.418416	0.419746
55526	7.639327	-0.462224	3.748151	-1.421148	2.365030	0.069612	-0.332431	0.310111	0.890686	-0.514234	-0.851265	0.104458	0.790603	-0.423295	0.442456
55527	7.165987	-0.757133	3.636514	-1.322315	2.273516	0.077259	-0.350633	0.319068	0.880484	-0.524276	-0.845918	0.097760	0.776009	-0.427339	0.463886
55528	6.568208	-0.797669	3.400203	-1.114464	2.142342	0.079674	-0.367559	0.327530	0.870416	-0.532511	-0.841435	0.091756	0.762451	-0.429781	0.483691
55529	6.101915	-0.609725	3.002087	-0.895246	1.959717	0.089735	-0.382857	0.335151	0.860868	-0.538894	-0.837915	0.086551	0.750342	-0.430780	0.501413
55530	5.719557	-0.323328	2.535707	-0.696086	1.749512	0.095236	-0.396434	0.341842	0.852047	-0.543656	-0.835276	0.082165	0.739782	-0.430647	0.516977
55531	5.442163	-0.027974	1.922597	-0.559946	1.527213	0.116180	-0.408291	0.347387	0.844168	-0.547253	-0.833303	0.078231	0.730625	-0.430033	0.530339
55532	5.449212	0.204249	1.411520	-0.438971	1.290231	0.148121	-0.418507	0.351648	0.837374	-0.549777	-0.831973	0.074609	0.722909	-0.429145	0.541514
55533	5.620320	0.367484	1.018730	-0.359845	1.091085	0.187892	-0.427389	0.354705	0.831578	-0.551519	-0.831130	0.071061	0.716355	-0.428261	0.550843
55534	5.736659	0.339489	0.918872	-0.255022	0.946694	0.236602	-0.435477	0.356737	0.826498	-0.552263	-0.830919	0.067661	0.710891	-0.426980	0.558859
55535	5.327053	0.152839	1.223778	-0.142217	0.849526	0.261349	-0.442936	0.358127	0.821920	-0.552070	-0.831284	0.064694	0.706418	-0.425103	0.565917
55536	4.866697	-0.122305	1.969497	-0.052086	0.730631	0.302542	-0.449777	0.358657	0.817965	-0.551031	-0.832186	0.061895	0.702898	-0.422885	0.571929
55537	4.413861	-0.569286	2.819353	0.021018	0.578996	0.351871	-0.455772	0.358110	0.814880	-0.549237	-0.833572	0.059130	0.700436	-0.420613	0.576606
55538	4.029461	-0.876677	3.726667	0.079225	0.445485	0.383655	-0.461015	0.356725	0.812534	-0.546868	-0.835314	0.056445	0.698857	-0.418327	0.580174
55539	3.816486	-0.910147	4.336665	0.125850	0.302279	0.403420	-0.465323	0.354555	0.811027	-0.544067	-0.837310	0.053889	0.698187	-0.416177	0.582521
55540	3.901246	-0.604800	4.996115	0.191683	0.146561	0.401736	-0.468550	0.351742	0.810394	-0.540795	-0.839562	0.051728	0.698571	-0.414020	0.583598
55541	4.602145	0.076577	5.984108	0.222150	0.034345	0.370595	-0.470785	0.348711	0.810409	-0.537447	-0.841813	0.050009	0.699652	-0.412009	0.583726
55542	5.232537	0.752741	6.955879	0.187339	-0.038448	0.332097	-0.472321	0.345701	0.810805	-0.534511	-0.843775	0.048388	0.700864	-0.410530	0.583314
55543	6.103529	1.186796	7.856880	0.155084	-0.074737	0.331236	-0.473558	0.342539	0.811424	-0.531803	-0.845586	0.046593	0.702089	-0.409453	0.582597
55544	6.483747	1.137737	8.308160	0.223827	-0.053316	0.375172	-0.475199	0.339093	0.811913	-0.528392	-0.847816	0.044829	0.703554	-0.407705	0.582055
55545	6.438549	0.974319	8.334410	0.321581	-0.048500	0.405672	-0.476987	0.335394	0.812400	-0.524140	-0.850526	0.043393	0.705521	-0.405114	0.581483
55546	6.257633	0.782714	8.386827	0.449361	-0.056537	0.380307	-0.478598	0.331875	0.812898	-0.519089	-0.853643	0.042893	0.708160	-0.401437	0.580825
55547	5.896707	0.857921	8.084778	0.595849	-0.069257	0.304876	-0.479675	0.328934	0.813458	-0.513343	-0.857062	0.043860	0.711611	-0.396545	0.579967
55548	5.044188	1.030854	7.144889	0.719887	-0.141958	0.230724	-0.479867	0.326345	0.814387	-0.507039	-0.860687	0.046132	0.715988	-0.390789	0.578485
55549	4.426374	1.489785	6.102323	0.814455	-0.388526	0.193125	-0.478040	0.323115	0.816747	-0.500203	-0.864507	0.049241	0.721994	-0.385000	0.574891
55550	5.029047	2.092536	5.156029	0.771967	-0.645383	0.259998	-0.474678	0.318346	0.820571	-0.493306	-0.868329	0.051510	0.728924	-0.380342	0.569218
55551	5.699337	2.416023	3.889289	0.716816	-0.811755	0.379411	-0.470581	0.311914	0.825387	-0.486206	-0.872270	0.052429	0.736314	-0.376636	0.562128
55552	6.115839	2.946151	2.081218	0.539783	-0.941625	0.424503	-0.465692	0.304622	0.830865	-0.480167	-0.875640	0.051908	0.743351	-0.374781	0.554048
55553	6.297535	3.181589	0.507197	0.135429	-1.183275	0.440058	-0.458957	0.296258	0.837609	-0.477066	-0.877502	0.048966	0.749511	-0.377122	0.544071
55554	8.330812	2.690926	2.019263	-0.293648	-1.418132	0.491986	-0.450662	0.286502	0.845471	-0.476980	-0.877850	0.043229	0.754582	-0.383791	0.532269
55555	13.513164	2.607559	6.472307	-0.468486	-1.362253	0.485725	-0.442666	0.276899	0.852862	-0.478300	-0.877433	0.036621	0.758469	-0.391713	0.520851
55556	19.530306	3.828020	12.820645	-0.262280	-0.829561	0.297253	-0.437807	0.270981	0.857260	-0.478928	-0.877245	0.032707	0.760889	-0.396246	0.513844
55557	18.974456	4.938100	15.316578	0.384390	-0.100816	0.129443	-0.437647	0.269388	0.857843	-0.475377	-0.879142	0.033553	0.763205	-0.393115	0.512815
55558	12.567962	5.571537	10.196466	0.624299	-0.352523	0.218595	-0.436001	0.266047	0.859722	-0.469589	-0.882197	0.034854	0.767717	-0.388520	0.509571
55559	8.861916	6.407525	-2.089880	0.000653	-1.030237	0.219559	-0.429088	0.260035	0.865023	-0.468579	-0.882807	0.032946	0.772216	-0.391195	0.500649
55560	8.968201	9.488076	-7.383434	-1.031956	-1.738290	0.217812	-0.416685	0.251165	0.873665	-0.475589	-0.879285	0.025954	0.774719	-0.404690	0.485836
55561	8.795184	11.975660	-5.777999	-1.915328	-1.476841	0.091394	-0.405698	0.244178	0.880787	-0.489967	-0.871595	0.015947	0.771584	-0.425087	0.473243
55562	6.906373	8.105350	-3.580887	-2.384610	-1.384685	-0.012786	-0.394996	0.238209	0.887262	-0.508298	-0.861167	0.004916	0.765252	-0.449052	0.461239
55563	8.435273	3.646189	-1.466594	-2.817225	-1.541712	-0.215195	-0.382138	0.232851	0.894288	-0.530521	-0.847651	-0.005989	0.756649	-0.476727	0.447452
55564	14.298484	-1.665863	-1.561556	-3.655319	-1.924437	-0.551062	-0.364691	0.227931	0.902800	-0.559967	-0.828339	-0.017070	0.743934	-0.511763	0.429722
55565	15.227808	-7.008501	-2.555114	-3.080217	-1.590713	-0.500903	-0.350080	0.223605	0.909640	-0.584440	-0.811034	-0.025559	0.732033	-0.540578	0.414611
55566	15.051662	-7.821167	-0.348714	-2.315356	-1.507178	-0.140667	-0.338276	0.216389	0.915830	-0.601735	-0.797984	-0.033715	0.723522	-0.562492	0.400148
55567	12.492790	-9.332509	-0.205532	-1.378275	-1.392508	0.189241	-0.329372	0.206895	0.921254	-0.611002	-0.790572	-0.040902	0.719855	-0.576360	0.386805
55568	11.045418	-9.750658	-0.648022	-0.290187	-1.286915	0.396406	-0.322517	0.196269	0.925992	-0.611759	-0.789724	-0.045685	0.722312	-0.581218	0.374769
55569	11.161067	-7.816200	-0.081798	0.671880	-1.378187	0.477908	-0.315410	0.184430	0.930861	-0.605304	-0.794565	-0.047674	0.730837	-0.578491	0.362249
55570	12.216386	-5.128985	0.958750	1.336828	-1.245442	0.562601	-0.309608	0.172728	0.935044	-0.593649	-0.803281	-0.048179	0.742781	-0.570004	0.351242
55571	9.393915	-2.682900	1.137035	1.467463	-1.086617	0.642266	-0.305239	0.161337	0.938509	-0.580637	-0.812678	-0.049140	0.754778	-0.559933	0.341739
55572	6.997973	-2.360265	1.306415	1.366370	-1.261528	0.516042	-0.298609	0.150056	0.942505	-0.568636	-0.821103	-0.049431	0.766476	-0.550703	0.330516
55573	7.424671	-1.873742	1.472137	1.407086	-1.421066	0.364432	-0.289675	0.139228	0.946945	-0.556644	-0.829343	-0.048343	0.778611	-0.541115	0.317740
55574	11.095066	-1.344215	1.458382	1.470089	-1.520313	0.218402	-0.278944	0.129197	0.951577	-0.544434	-0.837548	-0.045880	0.791063	-0.530869	0.303968
55575	12.577624	-0.964917	1.231694	1.454061	-1.309385	0.143743	-0.269276	0.121044	0.955426	-0.532405	-0.845399	-0.042948	0.802518	-0.520239	0.292090
55576	10.993357	-1.015089	1.012535	1.462527	-1.208510	0.163455	-0.260367	0.113372	0.958831	-0.520104	-0.853149	-0.040356	0.813450	-0.509199	0.281097
55577	9.063629	-0.530097	1.309203	1.505129	-1.344762	0.229272	-0.250520	0.104574	0.962447	-0.507141	-0.861005	-0.038454	0.824650	-0.497730	0.268732
55578	9.920801	0.264796	1.696641	1.440308	-1.485878	0.314164	-0.239750	0.094479	0.966226	-0.494363	-0.868435	-0.037750	0.835539	-0.486717	0.254914
55579	9.764864	0.890926	1.881600	1.273974	-1.484444	0.394045	-0.229187	0.083830	0.969766	-0.482683	-0.874951	-0.038440	0.845275	-0.476899	0.240991
55580	9.325427	1.416899	2.665023	1.061231	-1.492548	0.478310	-0.218781	0.072512	0.973076	-0.472546	-0.880369	-0.040641	0.853719	-0.468715	0.226873
55581	8.405421	1.404218	3.288925	0.792045	-1.478771	0.483952	-0.208359	0.061293	0.976130	-0.464674	-0.884405	-0.043653	0.860619	-0.462678	0.212755
55582	8.171441	1.346453	3.713557	0.523975	-1.476478	0.384702	-0.197376	0.051021	0.978999	-0.459320	-0.887059	-0.046374	0.866064	-0.458827	0.198520
55583	8.408349	1.715025	4.226494	0.251488	-1.423514	0.253652	-0.186166	0.042188	0.981612	-0.456602	-0.888353	-0.048416	0.869975	-0.457220	0.184644
55584	7.913167	2.490130	4.764687	-0.084465	-1.324850	0.111443	-0.175124	0.035074	0.983921	-0.457089	-0.888031	-0.049699	0.872010	-0.458443	0.171547
55585	7.561883	3.071329	5.069378	-0.568432	-1.345892	-0.018419	-0.163290	0.028969	0.986153	-0.462028	-0.885427	-0.050493	0.871703	-0.463876	0.157965
55586	7.919966	2.468467	4.553933	-1.123783	-1.332020	-0.110763	-0.151171	0.023646	0.988225	-0.471936	-0.880149	-0.051134	0.868576	-0.474108	0.144213
55587	8.657042	0.742074	3.441527	-1.478707	-1.276400	-0.208241	-0.139107	0.019273	0.990090	-0.484997	-0.873019	-0.051148	0.863381	-0.487306	0.130791
55588	9.189550	-1.130388	2.390084	-1.607822	-1.260936	-0.275776	-0.126895	0.015384	0.991797	-0.499153	-0.865044	-0.050446	0.857172	-0.501460	0.117449
55589	9.876696	-2.827709	1.308026	-1.495783	-1.200011	-0.283736	-0.115198	0.011670	0.993274	-0.512228	-0.857431	-0.049333	0.851088	-0.514466	0.104752
55590	9.675522	-3.799305	0.540948	-1.219747	-1.137264	-0.286042	-0.104063	0.008150	0.994537	-0.522850	-0.851087	-0.047734	0.846049	-0.524961	0.092828
55591	9.728677	-4.372742	-0.265243	-0.886095	-1.103358	-0.279268	-0.093266	0.004624	0.995631	-0.530564	-0.846408	-0.045770	0.842498	-0.532514	0.081394
55592	9.761053	-4.053919	-0.892317	-0.472383	-1.051983	-0.249303	-0.083081	0.001051	0.996542	-0.534717	-0.843901	-0.043689	0.840937	-0.536498	0.070674
55593	9.614681	-3.364971	-1.107967	-0.070257	-1.044975	-0.188203	-0.073274	-0.003033	0.997307	-0.535413	-0.843550	-0.041903	0.841406	-0.537042	0.060186
55594	9.541897	-2.582464	-1.037413	0.216746	-1.097352	-0.106038	-0.063461	-0.008081	0.997952	-0.533617	-0.844743	-0.040774	0.843342	-0.535111	0.049297
55595	9.513089	-1.937574	-0.907008	0.319296	-1.178445	-0.048795	-0.053238	-0.014020	0.998483	-0.530908	-0.846476	-0.040193	0.845756	-0.532242	0.037622
55596	9.433442	-1.760114	-0.734532	0.309761	-1.301586	-0.024528	-0.042083	-0.020783	0.998898	-0.528253	-0.848149	-0.039902	0.848044	-0.529350	0.024714
55597	9.595261	-1.341865	-0.476122	0.274633	-1.415112	-0.041410	-0.029839	-0.027966	0.999163	-0.525895	-0.849632	-0.039486	0.850026	-0.526634	0.010645
55598	10.128611	-0.500258	0.005717	0.166440	-1.519000	-0.083361	-0.016476	-0.035306	0.999241	-0.524456	-0.850557	-0.038701	0.851278	-0.524696	-0.004502
55599	10.996691	0.616500	1.010205	0.071904	-1.519106	-0.165700	-0.002661	-0.041921	0.999117	-0.523821	-0.851020	-0.037102	0.851824	-0.523457	-0.019695
55600	10.655049	1.390566	1.993676	-0.074822	-1.461797	-0.257739	0.011142	-0.047442	0.998812	-0.524406	-0.850767	-0.034560	0.851396	-0.523398	-0.034358
55601	10.616625	1.883324	3.535655	-0.245843	-1.397023	-0.359203	0.024924	-0.051772	0.998348	-0.526394	-0.849678	-0.030921	0.849875	-0.524754	-0.048430
55602	10.502316	1.642138	4.807339	-0.448260	-1.236055	-0.458640	0.037836	-0.054445	0.997800	-0.530015	-0.847585	-0.026151	0.847144	-0.527859	-0.060926
55603	10.287170	1.031609	5.727446	-0.608985	-1.112415	-0.542700	0.050140	-0.055813	0.997182	-0.534888	-0.844677	-0.020382	0.843434	-0.532358	-0.072205
55604	11.296364	0.442212	6.889303	-0.747478	-1.002797	-0.612758	0.061867	-0.056071	0.996508	-0.540795	-0.841042	-0.013748	0.838876	-0.538056	-0.082355
55605	12.065210	0.319491	7.840217	-0.830654	-0.816050	-0.663748	0.072313	-0.054982	0.995865	-0.547263	-0.836936	-0.006469	0.833831	-0.544532	-0.090610
55606	12.816707	0.562825	8.755010	-0.925178	-0.609129	-0.684431	0.081134	-0.052660	0.995311	-0.554391	-0.832255	0.001159	0.828292	-0.551886	-0.096718
55607	12.004649	0.614847	9.683275	-0.965507	-0.326423	-0.681242	0.087639	-0.048884	0.994952	-0.561753	-0.827258	0.008836	0.822650	-0.559692	-0.099961
55608	11.269103	0.711049	11.047911	-0.954152	-0.071376	-0.648866	0.091872	-0.043980	0.994799	-0.568961	-0.822205	0.016195	0.817217	-0.567490	-0.100561
55609	9.712793	1.136299	12.275760	-0.907847	0.255080	-0.593614	0.093199	-0.037720	0.994933	-0.575776	-0.817286	0.022950	0.812278	-0.574997	-0.097889
55610	8.531597	2.926141	9.993070	-0.835583	0.405655	-0.551601	0.093076	-0.030917	0.995179	-0.581999	-0.812665	0.029186	0.807845	-0.581910	-0.093633
55611	8.598917	5.565462	5.777475	-0.865768	0.412519	-0.596740	0.093251	-0.023730	0.995360	-0.588385	-0.807785	0.035866	0.803186	-0.588999	-0.089289
55612	9.334605	8.214857	4.699650	-1.220798	0.415974	-0.684282	0.093946	-0.015786	0.995452	-0.597480	-0.800693	0.043690	0.796362	-0.598867	-0.084654
55613	11.562255	7.495290	4.964607	-1.710936	0.624370	-0.950132	0.094746	-0.004509	0.995491	-0.610094	-0.790453	0.054486	0.786644	-0.612506	-0.077643
55614	12.475675	5.518533	5.744043	-1.947793	1.128706	-1.191118	0.093242	0.011812	0.995573	-0.624167	-0.778353	0.067692	0.775707	-0.627716	-0.065202
55615	13.009913	3.309146	5.009631	-2.105135	1.643264	-1.336055	0.089033	0.032503	0.995498	-0.639126	-0.764705	0.082129	0.763932	-0.643561	-0.047310
55616	12.373240	1.694600	3.592362	-1.993226	1.958445	-1.366746	0.082969	0.055590	0.995000	-0.653047	-0.751154	0.096422	0.752759	-0.657782	-0.026020
55617	12.340523	0.135275	1.765873	-1.910737	2.114029	-1.275958	0.075588	0.079068	0.993999	-0.666285	-0.737637	0.109343	0.741856	-0.670552	-0.003075
55618	13.632512	-1.347518	1.033997	-1.797509	2.021775	-1.037239	0.067626	0.100309	0.992655	-0.678764	-0.724575	0.119461	0.731236	-0.681857	0.019086
55619	12.731126	-3.322807	-0.054811	-1.734668	1.962224	-0.994168	0.060187	0.120866	0.990843	-0.690692	-0.711594	0.128757	0.720640	-0.692116	0.040653
55620	14.979970	-6.008641	-0.530400	-1.863945	1.862072	-0.835787	0.052654	0.139726	0.988789	-0.703523	-0.697532	0.136032	0.708719	-0.702799	0.061572
55621	16.340905	-9.612461	-0.943796	-1.358918	1.905502	-0.565800	0.043235	0.157036	0.986646	-0.712794	-0.687136	0.140600	0.700039	-0.709355	0.082226
55622	17.248662	-11.533577	-1.422430	-0.268878	2.026723	-0.050516	0.029362	0.171719	0.984708	-0.714635	-0.685182	0.140795	0.698881	-0.707841	0.102598
55623	16.751493	-11.547672	-1.757371	0.793396	2.077176	0.441316	0.011635	0.183227	0.983002	-0.709125	-0.691585	0.137302	0.704987	-0.698669	0.121885
55624	16.509677	-9.690215	-2.454356	1.773606	2.102524	0.734810	-0.008549	0.192577	0.981245	-0.696492	-0.705255	0.132344	0.717514	-0.682298	0.140158
55625	15.322705	-6.517980	-3.128947	2.616607	2.232892	0.864285	-0.030708	0.201314	0.979045	-0.677282	-0.724549	0.127741	0.735082	-0.659167	0.158596
