// General information: 
//  MT Manager version: 2022.2.0 
//  XDA version: 2022.2.0 build 7381 rev 124627 built on 2023-07-19
// Device information: 
//  DeviceId: 00B4CBA7
//  ProductCode: MTW2-3A7G6
//  Firmware Version: 4.6.0
//  Hardware Version: 2.0.0
// Device settings: 
//  Filter Profile: human(46.1)
//  Option Flags: Orientation Smoother Disabled, Position/Velocity Smoother Disabled, Continuous Zero Rotation Update Disabled, AHS Disabled, ICC Disabled
// Coordinate system: ENU
PacketCounter	Acc_X	Acc_Y	Acc_Z	Gyr_X	Gyr_Y	Gyr_Z	Mat[1][1]	Mat[2][1]	Mat[3][1]	Mat[1][2]	Mat[2][2]	Mat[3][2]	Mat[1][3]	Mat[2][3]	Mat[3][3]
13597	9.463347	0.198872	-2.145440	-0.172307	0.099163	-0.040182	0.081648	-0.159712	0.983781	-0.910033	-0.414453	0.008243	0.406415	-0.895947	-0.179182
13598	9.472624	0.016641	-1.900941	-0.163906	0.097960	-0.042233	0.081665	-0.158639	0.983954	-0.910660	-0.413058	0.008986	0.405004	-0.896781	-0.178198
13599	9.604277	0.016650	-1.695665	-0.137594	0.091659	-0.044477	0.081758	-0.157665	0.984102	-0.911177	-0.411902	0.009708	0.403823	-0.897485	-0.177337
13600	9.639789	-0.007260	-1.537651	-0.150630	0.086669	-0.050199	0.081896	-0.156661	0.984251	-0.911739	-0.410635	0.010503	0.402523	-0.898241	-0.176463
13601	9.648981	-0.104353	-1.568990	-0.142569	0.082229	-0.054441	0.082119	-0.155730	0.984380	-0.912264	-0.409447	0.011328	0.401287	-0.898945	-0.175691
13602	9.558902	-0.051081	-1.475553	-0.090234	0.071252	-0.058261	0.082395	-0.154831	0.984499	-0.912574	-0.408732	0.012095	0.400524	-0.899425	-0.174973
13603	9.509121	-0.144127	-1.518764	-0.041282	0.056788	-0.055962	0.082735	-0.154123	0.984582	-0.912689	-0.408455	0.012756	0.400192	-0.899672	-0.174460
13604	9.392213	-0.288994	-1.427318	0.019756	0.043614	-0.064403	0.083178	-0.153447	0.984650	-0.912553	-0.408739	0.013390	0.400410	-0.899659	-0.174027
13605	9.326367	-0.023286	-1.446619	0.076421	0.018491	-0.063582	0.083739	-0.153051	0.984664	-0.912190	-0.409531	0.013920	0.401120	-0.899366	-0.173906
13606	9.637404	0.643880	-1.349730	0.063205	0.004009	-0.057087	0.084274	-0.152761	0.984663	-0.911885	-0.410194	0.014407	0.401702	-0.899114	-0.173869
13607	9.788822	1.052607	-1.582416	-0.095075	0.007189	-0.048397	0.084741	-0.152527	0.984660	-0.912221	-0.409420	0.015086	0.400839	-0.899506	-0.173833
13608	9.739142	0.895811	-1.849886	-0.242247	0.020284	-0.041766	0.085071	-0.152154	0.984689	-0.913150	-0.407310	0.015953	0.398647	-0.900526	-0.173590
13609	9.715021	0.455730	-2.098824	-0.264416	0.024841	-0.032233	0.085324	-0.151827	0.984717	-0.914170	-0.404985	0.016769	0.396249	-0.901630	-0.173351
13610	9.722218	0.235500	-2.245055	-0.191923	0.035966	-0.025024	0.085441	-0.151382	0.984776	-0.914904	-0.403298	0.017383	0.394527	-0.902460	-0.172958
13611	9.780054	0.487485	-1.976509	-0.138543	0.047566	-0.021394	0.085507	-0.150894	0.984845	-0.915427	-0.402087	0.017874	0.393297	-0.903082	-0.172514
13612	9.711333	0.191662	-1.757385	-0.202728	0.048872	-0.022725	0.085554	-0.150342	0.984925	-0.916199	-0.400296	0.018481	0.391483	-0.903969	-0.171990
13613	9.592309	-0.533570	-1.627009	-0.188030	0.038293	-0.024618	0.085688	-0.149925	0.984977	-0.916908	-0.398641	0.019089	0.389790	-0.904770	-0.171626
13614	9.637058	-0.713955	-1.248459	-0.088605	0.012465	-0.026016	0.085909	-0.149689	0.984994	-0.917228	-0.397885	0.019532	0.388990	-0.905141	-0.171481
13615	9.860062	-0.178968	-0.933754	-0.027089	-0.029230	-0.028584	0.086340	-0.149868	0.984929	-0.917304	-0.397690	0.019899	0.388714	-0.905197	-0.171811
13616	9.957954	-0.074622	-0.809495	-0.074512	-0.052839	-0.027213	0.086825	-0.150219	0.984833	-0.917566	-0.397063	0.020330	0.387987	-0.905415	-0.172311
13617	9.858377	0.319257	-1.010245	-0.082876	-0.072437	-0.023949	0.087379	-0.150805	0.984694	-0.917862	-0.396356	0.020747	0.387161	-0.905627	-0.173051
13618	9.594050	0.497284	-1.427315	-0.040668	-0.087749	-0.023967	0.087969	-0.151485	0.984537	-0.917995	-0.396031	0.021088	0.386713	-0.905655	-0.173901
13619	9.602892	0.754989	-1.932987	0.030727	-0.087464	-0.010692	0.088458	-0.152258	0.984374	-0.917862	-0.396333	0.021179	0.386916	-0.905393	-0.174811
13620	9.574684	1.025510	-2.147353	-0.035819	-0.090442	-0.012097	0.088950	-0.153010	0.984213	-0.917986	-0.396034	0.021395	0.386508	-0.905398	-0.175688
13621	9.620074	0.821527	-2.547802	-0.210344	-0.073015	0.002044	0.089268	-0.153702	0.984077	-0.918795	-0.394134	0.021786	0.384509	-0.906109	-0.176404
13622	9.684846	0.559441	-2.779659	-0.176932	-0.042209	0.023762	0.089241	-0.154159	0.984008	-0.919491	-0.392500	0.021900	0.382847	-0.906741	-0.176775
13623	9.733566	0.553061	-2.649868	-0.193985	-0.005438	0.039314	0.088958	-0.154387	0.983998	-0.920263	-0.390688	0.021898	0.381055	-0.907484	-0.176831
13624	9.765541	0.432723	-2.527134	-0.212127	0.017556	0.047908	0.088481	-0.154395	0.984039	-0.921108	-0.388695	0.021837	0.379120	-0.908338	-0.176606
13625	9.737836	0.208708	-2.332689	-0.204047	0.038748	0.049938	0.087933	-0.154263	0.984109	-0.921919	-0.386772	0.021749	0.377271	-0.909181	-0.176228
13626	9.468853	-0.111497	-2.008644	-0.221632	0.048950	0.042334	0.087389	-0.153962	0.984205	-0.922786	-0.384697	0.021757	0.375271	-0.910112	-0.175692
13627	9.208526	-0.144046	-1.219851	-0.285383	0.004781	0.027667	0.087175	-0.154052	0.984210	-0.923873	-0.382064	0.022029	0.372638	-0.911205	-0.175631
13628	9.099135	-0.164900	-0.869248	-0.479614	-0.046064	0.021126	0.087181	-0.154533	0.984134	-0.925665	-0.377664	0.022699	0.368164	-0.912957	-0.175971
13629	9.219523	-0.380880	-0.543698	-0.362589	-0.096142	0.016015	0.087442	-0.155498	0.983958	-0.927003	-0.374335	0.023224	0.364719	-0.914163	-0.176880
13630	9.378765	-0.079230	0.005715	-0.213798	-0.160382	0.015233	0.087915	-0.157003	0.983677	-0.927790	-0.372363	0.023488	0.362597	-0.914711	-0.178402
13631	9.446426	0.262430	0.392970	-0.139941	-0.228074	0.011790	0.088685	-0.159155	0.983262	-0.928302	-0.371072	0.023665	0.361095	-0.914863	-0.180653
13632	9.413414	0.473995	0.313874	-0.086602	-0.290912	0.006104	0.089708	-0.161821	0.982734	-0.928617	-0.370277	0.023797	0.360033	-0.914718	-0.183486
13633	9.393695	0.886573	-0.219396	-0.032205	-0.344219	0.007125	0.090932	-0.165011	0.982091	-0.928734	-0.369979	0.023828	0.359421	-0.914268	-0.186894
13634	9.354425	0.943197	-1.066190	-0.024319	-0.380100	0.010493	0.092231	-0.168505	0.981376	-0.928828	-0.369747	0.023805	0.358849	-0.913725	-0.190614
13635	9.384993	0.701616	-1.780188	0.038006	-0.405973	0.021670	0.093539	-0.172305	0.980593	-0.928707	-0.370065	0.023563	0.358823	-0.912887	-0.194636
13636	9.461759	0.458355	-2.140924	0.129705	-0.422590	0.033204	0.094779	-0.176264	0.979769	-0.928268	-0.371198	0.023017	0.359631	-0.911670	-0.198802
13637	9.616724	0.296724	-2.376521	0.177498	-0.423301	0.041881	0.095969	-0.180287	0.978921	-0.927664	-0.372749	0.022295	0.360872	-0.910250	-0.203018
13638	9.590653	0.164410	-2.375454	0.182905	-0.416808	0.050685	0.097036	-0.184249	0.978078	-0.927048	-0.374328	0.021458	0.362168	-0.908808	-0.207131
13639	9.663203	-0.367269	-2.471314	0.169323	-0.418414	0.060126	0.098050	-0.188285	0.977208	-0.926488	-0.375762	0.020561	0.363326	-0.907387	-0.211287
13640	9.721845	-0.606073	-2.416050	0.286451	-0.427373	0.060026	0.099083	-0.192366	0.976308	-0.925499	-0.378252	0.019398	0.365559	-0.905495	-0.215513
13641	9.911205	-0.227967	-2.064418	0.323110	-0.423846	0.063254	0.100104	-0.196453	0.975390	-0.924372	-0.381061	0.018119	0.368124	-0.903437	-0.219741
13642	9.729398	0.230625	-1.902094	0.261959	-0.423405	0.078970	0.100968	-0.200557	0.974465	-0.923481	-0.383277	0.016802	0.370120	-0.901596	-0.223909
13643	9.722730	0.065664	-1.896228	0.224197	-0.434362	0.077403	0.101915	-0.204778	0.973488	-0.922723	-0.385149	0.015583	0.371747	-0.899848	-0.228206
13644	9.543458	0.230577	-1.693086	0.307057	-0.449451	0.091864	0.102775	-0.209154	0.972467	-0.921668	-0.387727	0.014016	0.374120	-0.897732	-0.232619
13645	9.488815	0.235922	-1.552531	0.327153	-0.474702	0.101249	0.103674	-0.213814	0.971357	-0.920540	-0.390455	0.012303	0.376641	-0.895449	-0.237304
13646	9.532719	0.217819	-1.404107	0.453166	-0.512930	0.106136	0.104669	-0.218797	0.970140	-0.918931	-0.394286	0.010220	0.380276	-0.892562	-0.242329
13647	9.929850	0.898738	-1.006564	0.475100	-0.565073	0.125849	0.105722	-0.224337	0.968760	-0.917243	-0.398250	0.007876	0.384042	-0.889421	-0.247875
13648	9.896992	0.487297	-1.047144	0.413365	-0.615214	0.141309	0.106829	-0.230345	0.967227	-0.915795	-0.401608	0.005505	0.387178	-0.886370	-0.253853
13649	9.798690	0.478374	-0.824477	0.469970	-0.671985	0.155101	0.108072	-0.236918	0.965500	-0.914129	-0.405413	0.002840	0.390754	-0.882899	-0.260387
13650	9.813697	0.622997	-0.548414	0.369777	-0.758885	0.161849	0.109599	-0.244244	0.963500	-0.912851	-0.408292	0.000337	0.393307	-0.879569	-0.267707
13651	9.997032	0.630957	-0.221868	0.320654	-0.841377	0.175114	0.111365	-0.252342	0.961208	-0.911776	-0.410682	-0.002177	0.395301	-0.876164	-0.275815
13652	9.804701	-0.036099	-0.172667	0.316138	-0.929552	0.175095	0.113483	-0.261171	0.958599	-0.910716	-0.413007	-0.004710	0.397138	-0.872476	-0.284722
13653	9.750112	-0.198575	-0.095084	0.402507	-1.019088	0.167441	0.116063	-0.270722	0.955635	-0.909300	-0.416076	-0.007434	0.399629	-0.868096	-0.294458
13654	9.851835	-0.206255	-0.266208	0.442059	-1.106129	0.163836	0.119040	-0.280962	0.952308	-0.907715	-0.419461	-0.010289	0.402347	-0.863199	-0.304966
13655	10.021817	-0.475325	-0.743292	0.455468	-1.191390	0.146919	0.122557	-0.291813	0.948591	-0.906049	-0.422972	-0.013057	0.405037	-0.857870	-0.316235
13656	10.332576	-1.120805	-1.230084	0.526765	-1.259863	0.123723	0.126590	-0.303089	0.944517	-0.904056	-0.427118	-0.015892	0.408237	-0.851884	-0.328078
13657	11.104180	-1.742589	-1.576412	0.737905	-1.318773	0.115812	0.130997	-0.314748	0.940092	-0.901169	-0.433032	-0.019409	0.413199	-0.844640	-0.340367
13658	12.133276	-0.824994	-0.661696	0.896471	-1.365091	0.123150	0.135602	-0.326739	0.935336	-0.897596	-0.440185	-0.023639	0.419444	-0.836349	-0.352970
13659	12.374006	-0.523899	-0.116142	0.732236	-1.419615	0.113532	0.140600	-0.339027	0.930211	-0.894659	-0.445915	-0.027293	0.424048	-0.828384	-0.366009
13660	12.121916	-1.320796	-0.130836	0.563962	-1.509672	0.131918	0.145874	-0.352045	0.924546	-0.892443	-0.450122	-0.030587	0.426927	-0.820642	-0.379841
13661	12.292251	-1.144860	0.694183	0.555780	-1.624691	0.148730	0.151526	-0.365941	0.918219	-0.890278	-0.454141	-0.034075	0.429470	-0.812308	-0.394603
13662	12.666938	-1.154398	1.409303	0.445388	-1.746539	0.168364	0.157569	-0.380800	0.911133	-0.888617	-0.457125	-0.037376	0.430735	-0.803759	-0.410414
13663	12.933713	-0.985236	1.898962	0.288162	-1.885911	0.192330	0.163992	-0.396703	0.903180	-0.887679	-0.458697	-0.040296	0.430271	-0.795125	-0.427367
13664	13.381998	-0.371764	2.005674	-0.063826	-2.034753	0.208923	0.170880	-0.413737	0.894215	-0.888295	-0.457361	-0.041864	0.426300	-0.787174	-0.445675
13665	13.569071	-0.090897	1.414887	-0.419950	-2.133987	0.227607	0.177876	-0.431425	0.884439	-0.890459	-0.453126	-0.041946	0.418858	-0.780096	-0.464767
13666	13.325050	0.104942	0.485513	-0.677730	-2.195105	0.228538	0.184951	-0.449485	0.873932	-0.893672	-0.446871	-0.040708	0.408832	-0.773479	-0.484341
13667	12.811966	0.302640	-1.367958	-0.925433	-2.223296	0.218998	0.191936	-0.467498	0.862905	-0.897802	-0.438755	-0.038007	0.396373	-0.767424	-0.503934
13668	12.094529	0.780217	-3.274721	-1.126654	-2.200739	0.191303	0.198809	-0.485137	0.851538	-0.902553	-0.429247	-0.033831	0.381933	-0.761833	-0.523200
13669	11.249711	1.005048	-5.110354	-1.310086	-2.143854	0.113873	0.205787	-0.501805	0.840145	-0.907673	-0.418756	-0.027788	0.365760	-0.756859	-0.541650
13670	10.366131	0.808915	-6.748987	-1.304985	-2.049003	0.004815	0.213103	-0.517263	0.828870	-0.912343	-0.408906	-0.020617	0.349595	-0.751821	-0.559061
13671	10.209778	1.376902	-6.723329	-1.197122	-1.906152	-0.128311	0.220795	-0.530932	0.818145	-0.916152	-0.400628	-0.012742	0.334537	-0.746732	-0.574871
13672	9.658054	-0.856829	-6.602367	-1.049830	-1.587343	-0.184040	0.227720	-0.542001	0.808936	-0.919174	-0.393819	-0.005113	0.321345	-0.742389	-0.587874
13673	8.851118	0.055719	-6.738256	-0.340883	-1.310202	-0.182174	0.233565	-0.550882	0.801234	-0.919831	-0.392312	-0.001594	0.315212	-0.736627	-0.598349
13674	9.254707	0.170510	-5.264519	-0.305830	-0.867827	-0.109789	0.237321	-0.556811	0.796015	-0.920520	-0.390694	0.001151	0.310357	-0.733021	-0.605275
13675	8.589934	-0.842818	-4.015463	-0.118450	-0.387881	-0.120441	0.239630	-0.559088	0.793724	-0.920591	-0.390518	0.002857	0.308366	-0.731380	-0.608271
13676	7.440654	-0.365369	-2.939922	0.052694	0.044132	-0.172548	0.241113	-0.558072	0.793990	-0.920005	-0.391888	0.003934	0.308959	-0.731423	-0.607918
13677	6.903321	-0.236423	-3.501453	0.103471	0.430738	-0.179126	0.241422	-0.554118	0.796661	-0.919244	-0.393660	0.004760	0.310976	-0.733475	-0.604408
13678	6.711816	-0.708760	-4.506368	0.302955	0.813938	-0.100884	0.239829	-0.547718	0.801553	-0.918043	-0.396464	0.003772	0.315721	-0.736765	-0.597912
13679	6.487550	-0.932268	-4.836572	0.622611	1.204472	-0.006136	0.236026	-0.538696	0.808763	-0.916028	-0.401115	0.000157	0.324323	-0.740886	-0.588135
13680	6.195171	-1.166014	-4.969966	0.950126	1.577253	0.068005	0.230222	-0.527231	0.817940	-0.913037	-0.407834	-0.005895	0.336692	-0.745452	-0.575273
13681	5.962332	-0.773944	-4.743114	1.218384	1.917499	0.116692	0.222546	-0.513271	0.828870	-0.909096	-0.416359	-0.013741	0.352160	-0.750465	-0.559272
13682	5.766825	-0.352472	-4.545894	1.296528	2.233261	0.169345	0.212989	-0.497139	0.841123	-0.904783	-0.425291	-0.022255	0.368786	-0.756294	-0.540385
13683	5.902436	-0.188236	-4.714105	1.208690	2.515581	0.218453	0.201527	-0.478863	0.854446	-0.900672	-0.433429	-0.030479	0.384937	-0.763433	-0.518646
13684	6.103041	-0.329493	-5.004893	1.080212	2.782927	0.279996	0.188116	-0.458703	0.868449	-0.896970	-0.440426	-0.038333	0.400071	-0.771762	-0.494294
13685	6.375926	-0.879835	-5.404327	0.955901	3.025022	0.326333	0.172869	-0.436563	0.882910	-0.893659	-0.446407	-0.045756	0.414112	-0.781111	-0.467308
13686	6.700629	-1.570171	-5.763300	0.936006	3.242175	0.355166	0.156080	-0.412656	0.897415	-0.890297	-0.452271	-0.053124	0.427797	-0.790674	-0.437977
13687	6.828449	-2.219651	-5.726482	1.028650	3.414812	0.346745	0.138137	-0.386984	0.911680	-0.886325	-0.459084	-0.060573	0.441979	-0.799678	-0.406411
13688	7.049708	-2.076496	-5.403123	1.110922	3.536459	0.302562	0.119605	-0.359938	0.925278	-0.881720	-0.466898	-0.067652	0.456361	-0.807744	-0.373208
13689	7.447688	-1.897429	-5.222964	1.056432	3.630528	0.228328	0.100772	-0.331457	0.938073	-0.877072	-0.474700	-0.073511	0.469669	-0.815350	-0.338548
13690	7.796318	-1.939590	-5.040748	0.977593	3.684507	0.149062	0.081969	-0.301974	0.949786	-0.872555	-0.482246	-0.078021	0.481591	-0.822344	-0.303018
13691	8.272271	-1.735298	-4.870236	0.904735	3.724153	0.058295	0.063314	-0.271428	0.960374	-0.868185	-0.489564	-0.081128	0.492185	-0.828646	-0.266646
13692	8.835152	-1.468112	-4.645789	0.768097	3.741799	-0.016730	0.044905	-0.240204	0.969683	-0.864359	-0.496004	-0.082840	0.500866	-0.834435	-0.229896
13693	9.373318	-1.485827	-4.623777	0.631831	3.746157	-0.083050	0.026716	-0.208351	0.977689	-0.861138	-0.501493	-0.083340	0.507668	-0.839699	-0.192817
13694	9.890553	-1.323969	-4.365673	0.504598	3.733823	-0.121301	0.008735	-0.176274	0.984302	-0.858541	-0.505984	-0.082995	0.512671	-0.844339	-0.155758
13695	10.488018	-1.139699	-4.341299	0.389654	3.679286	-0.126082	-0.009120	-0.144421	0.989474	-0.856533	-0.509494	-0.082259	0.516011	-0.848268	-0.119055
13696	10.625972	-1.295838	-4.190607	0.300402	3.569479	-0.080274	-0.026861	-0.113651	0.993158	-0.854995	-0.512156	-0.081733	0.517941	-0.851340	-0.083414
13697	10.252725	-1.532311	-4.103709	0.471729	3.374264	0.015377	-0.044526	-0.084922	0.995392	-0.852537	-0.516167	-0.082173	0.520767	-0.852268	-0.049417
13698	9.669405	-0.048627	-3.179209	0.721686	3.079384	0.118624	-0.061615	-0.059292	0.996337	-0.848701	-0.522231	-0.083563	0.525272	-0.850741	-0.018144
13699	9.314568	1.426970	-2.176402	0.347392	2.717613	0.217451	-0.077751	-0.037261	0.996276	-0.846722	-0.525085	-0.085717	0.526324	-0.850234	0.009276
13700	10.066056	1.289939	-1.670209	-0.240927	2.261905	0.247771	-0.091684	-0.019282	0.995601	-0.847778	-0.522966	-0.088199	0.522367	-0.852135	0.031601
13701	7.854076	1.178951	-1.670759	-0.850173	1.673441	0.258794	-0.102544	-0.006274	0.994709	-0.851931	-0.515673	-0.091077	0.513515	-0.856763	0.047534
13702	7.566104	-0.665810	-3.271811	-1.293188	1.114461	0.236729	-0.110196	0.002127	0.993908	-0.858244	-0.504546	-0.094075	0.501272	-0.863382	0.057425
13703	7.105692	-1.466699	-3.544878	-1.105994	0.628270	0.210749	-0.115113	0.006562	0.993331	-0.863497	-0.494979	-0.096797	0.491042	-0.868880	0.062645
13704	6.923710	-2.015346	-4.375073	-1.056847	0.171726	0.131619	-0.117060	0.007436	0.993097	-0.868488	-0.485779	-0.098735	0.481691	-0.874050	0.063323
13705	7.079346	-0.912489	-4.826006	-0.813890	-0.167909	0.069768	-0.116846	0.005661	0.993134	-0.872301	-0.478655	-0.099901	0.474803	-0.877985	0.060867
13706	6.945300	0.918114	-4.817778	-0.907675	-0.423422	0.036278	-0.115140	0.001785	0.993348	-0.876538	-0.470669	-0.100755	0.467358	-0.882308	0.055757
13707	6.788663	2.552049	-4.872701	-1.492628	-0.625545	0.043170	-0.112607	-0.003937	0.993632	-0.883376	-0.457448	-0.101924	0.454936	-0.889228	0.048034
13708	6.702234	3.582235	-5.683936	-2.322303	-0.779336	0.035593	-0.109426	-0.011046	0.993934	-0.893676	-0.436675	-0.103241	0.435166	-0.899552	0.037912
13709	8.569609	0.693540	-6.795990	-2.634597	-0.769268	-0.004472	-0.106079	-0.017981	0.994195	-0.904850	-0.412829	-0.104013	0.412303	-0.910631	0.027522
13710	10.159840	-3.335750	-5.772344	-1.722992	-0.531609	-0.040207	-0.103532	-0.022658	0.994368	-0.911869	-0.397090	-0.103991	0.397209	-0.917500	0.020450
13711	10.156240	-2.598643	-4.624578	-0.988084	-0.434925	-0.113728	-0.100730	-0.026220	0.994568	-0.915873	-0.388033	-0.102990	0.388625	-0.921273	0.015072
13712	11.481690	-2.447162	-3.127952	-0.928979	-0.401606	-0.088278	-0.098345	-0.029569	0.994713	-0.919537	-0.379485	-0.102194	0.380500	-0.924725	0.010131
13713	13.061156	-4.502582	-0.993608	-0.964781	-0.336414	-0.029997	-0.096749	-0.032597	0.994775	-0.923201	-0.370554	-0.101930	0.371941	-0.928239	0.005757
13714	14.016800	-6.889141	0.510739	-0.624604	-0.252360	-0.049664	-0.095327	-0.034741	0.994840	-0.925557	-0.364769	-0.101426	0.366410	-0.930450	0.002618
13715	12.863859	-5.721822	0.405132	0.142127	-0.260167	-0.160832	-0.092840	-0.036601	0.995008	-0.925191	-0.366147	-0.099794	0.367972	-0.929837	0.000130
13716	11.791747	-0.316131	0.271484	0.288264	-0.470755	-0.331736	-0.088002	-0.039738	0.995327	-0.924428	-0.368955	-0.096463	0.371064	-0.928597	-0.004266
13717	11.050575	-0.374559	-1.168646	-0.340966	-0.645074	-0.375548	-0.082104	-0.044380	0.995635	-0.926011	-0.365944	-0.092674	0.368460	-0.929578	-0.011051
13718	10.632425	-2.890687	-2.168864	-0.151838	-0.649557	-0.334271	-0.076586	-0.049179	0.995849	-0.926837	-0.364692	-0.089288	0.367569	-0.929829	-0.017651
13719	9.438339	-1.505842	-2.375431	0.459515	-0.563404	-0.318921	-0.071510	-0.053275	0.996016	-0.925376	-0.369123	-0.086182	0.372244	-0.927852	-0.022904
13720	9.342408	2.271796	-2.407254	0.390956	-0.497699	-0.303218	-0.066813	-0.056745	0.996151	-0.924125	-0.372917	-0.083225	0.376204	-0.926128	-0.027524
13721	9.650131	2.292906	-2.536474	-0.045591	-0.372953	-0.264334	-0.062923	-0.059251	0.996258	-0.924470	-0.372648	-0.080552	0.376026	-0.926079	-0.031327
13722	9.659793	0.952053	-2.408421	-0.074460	-0.253959	-0.253535	-0.059594	-0.060640	0.996379	-0.924907	-0.372114	-0.077966	0.375494	-0.926204	-0.033911
13723	9.546383	0.204878	-1.850831	0.119796	-0.155571	-0.260660	-0.056546	-0.061149	0.996526	-0.924610	-0.373382	-0.075377	0.376694	-0.925660	-0.035425
13724	9.489991	-0.575756	-1.428258	0.127900	-0.075765	-0.252458	-0.053896	-0.060887	0.996689	-0.924269	-0.374723	-0.072871	0.377919	-0.925135	-0.036080
13725	9.421213	-2.033625	-1.072365	0.118948	-0.016799	-0.238774	-0.051571	-0.060188	0.996854	-0.923947	-0.375968	-0.070499	0.379029	-0.924676	-0.036221
13726	9.193446	-2.849283	-0.608648	0.382088	-0.009988	-0.241556	-0.049272	-0.059349	0.997021	-0.922615	-0.379646	-0.068193	0.382562	-0.923226	-0.036050
13727	9.284174	-2.040272	0.130420	0.575150	-0.060390	-0.257464	-0.046616	-0.058965	0.997171	-0.920525	-0.385103	-0.065805	0.387893	-0.920988	-0.036327
13728	9.476004	-0.748401	0.720517	0.362704	-0.132631	-0.258088	-0.043695	-0.059168	0.997291	-0.919229	-0.388596	-0.063330	0.391291	-0.919507	-0.037410
13729	9.827901	-0.263077	0.858962	-0.183174	-0.205542	-0.246839	-0.040575	-0.060144	0.997365	-0.920050	-0.387059	-0.060771	0.389694	-0.920091	-0.039631
13730	9.978798	-0.957798	0.400122	-0.567796	-0.261718	-0.247735	-0.037249	-0.061583	0.997407	-0.922345	-0.381984	-0.058031	0.384567	-0.922115	-0.042572
13731	10.085437	-1.260510	0.015594	-0.513697	-0.325159	-0.264293	-0.033520	-0.063620	0.997411	-0.924404	-0.377409	-0.055140	0.379940	-0.923859	-0.046160
13732	10.113589	-0.506650	0.230902	-0.304189	-0.370126	-0.278308	-0.029514	-0.065976	0.997385	-0.925644	-0.374781	-0.052182	0.377244	-0.924763	-0.050009
13733	9.955742	0.523368	0.153218	-0.187101	-0.406303	-0.284489	-0.025305	-0.068708	0.997316	-0.926426	-0.373244	-0.049220	0.375624	-0.925185	-0.054207
13734	9.858815	0.918546	-0.039262	-0.102026	-0.420630	-0.273059	-0.021166	-0.071562	0.997212	-0.926873	-0.372496	-0.046404	0.374778	-0.925271	-0.058445
13735	9.801550	1.136832	-0.149943	-0.009341	-0.433014	-0.255139	-0.017131	-0.074652	0.997062	-0.926957	-0.372598	-0.043824	0.374775	-0.924985	-0.062816
13736	9.890824	0.986708	-0.474087	-0.026446	-0.439150	-0.221536	-0.013401	-0.077870	0.996873	-0.927090	-0.372527	-0.041563	0.374598	-0.924749	-0.067200
13737	9.984209	0.844271	-0.852658	-0.051175	-0.443155	-0.182642	-0.009999	-0.081319	0.996638	-0.927303	-0.372202	-0.039672	0.374177	-0.924583	-0.071686
13738	10.005810	0.580252	-1.273338	-0.120472	-0.424538	-0.152291	-0.006969	-0.084659	0.996386	-0.927766	-0.371219	-0.038030	0.373097	-0.924678	-0.075957
13739	9.998182	0.141788	-1.808517	-0.138207	-0.405251	-0.125381	-0.004242	-0.087973	0.996114	-0.928288	-0.370052	-0.036635	0.371837	-0.924836	-0.080094
13740	9.884481	-0.101572	-2.188912	-0.116871	-0.369318	-0.102869	-0.001885	-0.090990	0.995850	-0.928725	-0.369068	-0.035480	0.370765	-0.924938	-0.083809
13741	9.803642	-0.524429	-2.273994	-0.029175	-0.334921	-0.087050	0.000220	-0.093799	0.995591	-0.928834	-0.368882	-0.034549	0.370497	-0.924731	-0.087205
13742	9.774496	-0.426933	-1.998005	0.106097	-0.306845	-0.069423	0.002034	-0.096360	0.995344	-0.928439	-0.369934	-0.033916	0.371480	-0.924047	-0.090217
13743	9.732839	-0.319884	-1.528164	0.155343	-0.290344	-0.056619	0.003697	-0.098868	0.995094	-0.927859	-0.371428	-0.033457	0.372913	-0.923183	-0.093108
13744	9.611283	-0.364755	-0.938090	0.172168	-0.288365	-0.047784	0.005248	-0.101332	0.994839	-0.927213	-0.373069	-0.033109	0.374499	-0.922253	-0.095914
13745	9.698002	-0.017832	-0.444026	0.124983	-0.301338	-0.039564	0.006801	-0.103998	0.994554	-0.926741	-0.374266	-0.032798	0.375639	-0.921471	-0.098925
13746	9.680668	-0.056820	-0.260064	-0.018153	-0.310810	-0.033920	0.008314	-0.106716	0.994255	-0.926806	-0.374140	-0.032408	0.375449	-0.921212	-0.102016
13747	9.568752	-0.451347	-0.066818	-0.098313	-0.353685	-0.039059	0.010058	-0.109862	0.993896	-0.927170	-0.373281	-0.031878	0.374505	-0.921190	-0.105615
13748	9.617582	-0.598030	-0.096083	-0.119580	-0.388972	-0.034582	0.011864	-0.113297	0.993490	-0.927613	-0.372223	-0.031371	0.373354	-0.921202	-0.109512
13749	9.559288	-0.088611	-0.193589	-0.100232	-0.413969	-0.032642	0.013765	-0.117020	0.993034	-0.927982	-0.371343	-0.030896	0.372371	-0.921092	-0.113704
13750	9.466637	-0.022033	-0.383467	-0.159886	-0.442347	-0.031632	0.015733	-0.120959	0.992533	-0.928570	-0.369913	-0.030362	0.370823	-0.921159	-0.118139
13751	9.402805	-0.469124	-0.488962	-0.136899	-0.481527	-0.037062	0.017914	-0.125285	0.991959	-0.929070	-0.368703	-0.029790	0.369470	-0.921066	-0.123004
13752	9.411192	-0.466375	-0.781141	-0.015184	-0.511981	-0.033433	0.020146	-0.129858	0.991328	-0.929118	-0.368611	-0.029404	0.369233	-0.920469	-0.128079
13753	9.559847	0.142884	-0.800476	0.046668	-0.542693	-0.026088	0.022446	-0.134781	0.990621	-0.928939	-0.369081	-0.029168	0.369551	-0.919572	-0.133488
13754	9.750686	0.335958	-0.973872	-0.024369	-0.559513	-0.010086	0.024637	-0.139868	0.989864	-0.929026	-0.368877	-0.029000	0.369194	-0.918894	-0.139029
13755	9.703465	0.193250	-1.394423	-0.031111	-0.579643	0.003894	0.026793	-0.145231	0.989035	-0.929140	-0.368592	-0.028954	0.368755	-0.918176	-0.144816
13756	9.631186	0.080668	-1.575515	-0.007843	-0.579781	0.019409	0.028781	-0.150605	0.988175	-0.929173	-0.368497	-0.029099	0.368523	-0.917348	-0.150544
13757	9.661740	-0.473018	-1.665369	0.034632	-0.586091	0.031142	0.030706	-0.156117	0.987261	-0.929054	-0.368774	-0.029419	0.368669	-0.916315	-0.156364
13758	9.388155	-1.162161	-1.653206	0.180330	-0.596450	0.039915	0.032569	-0.161706	0.986301	-0.928398	-0.370368	-0.030065	0.370156	-0.914701	-0.162191
13759	9.240761	-1.016759	-1.199171	0.405139	-0.636443	0.046276	0.034560	-0.167716	0.985229	-0.926906	-0.373999	-0.031152	0.373700	-0.912138	-0.168382
13760	9.292690	-0.224902	-0.498314	0.506114	-0.693706	0.057906	0.036662	-0.174232	0.984022	-0.925022	-0.378516	-0.032556	0.378141	-0.909048	-0.175045
13761	9.233267	0.239760	0.081396	0.451477	-0.758371	0.069792	0.038950	-0.181401	0.982638	-0.923331	-0.382497	-0.034012	0.382025	-0.905975	-0.182392
13762	9.034881	0.060204	0.487600	0.381122	-0.844905	0.079843	0.041485	-0.189331	0.981037	-0.921899	-0.385803	-0.035472	0.385203	-0.902945	-0.190549
13763	8.940533	-0.053879	0.632702	0.476037	-0.954780	0.098268	0.044327	-0.198331	0.979132	-0.920096	-0.389910	-0.037325	0.389176	-0.899241	-0.199767
13764	8.993531	0.301204	0.805275	0.483762	-1.053453	0.104205	0.047520	-0.208172	0.976937	-0.918250	-0.394047	-0.039301	0.393141	-0.895205	-0.209879
13765	8.827795	0.380754	0.571268	0.447917	-1.155268	0.100799	0.051205	-0.218897	0.974404	-0.916529	-0.397841	-0.041210	0.396678	-0.890959	-0.220996
13766	9.067785	0.363812	0.171963	0.345791	-1.254260	0.104859	0.055266	-0.230444	0.971515	-0.915206	-0.400688	-0.042981	0.399179	-0.886761	-0.233048
13767	9.840930	0.081094	-0.164251	0.239400	-1.320022	0.119641	0.059496	-0.242604	0.968299	-0.914315	-0.402532	-0.044674	0.400610	-0.882673	-0.245766
13768	10.155379	0.037106	-0.638113	0.222802	-1.373510	0.127686	0.063870	-0.255194	0.964778	-0.913497	-0.404186	-0.046436	0.401800	-0.878356	-0.258934
13769	10.343291	-0.379629	-1.118915	0.289177	-1.425700	0.129315	0.068475	-0.268201	0.960926	-0.912416	-0.406391	-0.048408	0.403495	-0.873450	-0.272538
13770	10.832376	-0.101017	-1.253011	0.536561	-1.475434	0.141791	0.073194	-0.281602	0.956736	-0.910338	-0.410682	-0.051234	0.407341	-0.867203	-0.286412
13771	11.473688	0.468055	-1.393596	0.531837	-1.501411	0.147054	0.078044	-0.295170	0.952252	-0.908271	-0.414864	-0.054156	0.411040	-0.860676	-0.300472
13772	12.053744	0.257906	-1.712040	0.584623	-1.507882	0.153972	0.082906	-0.308718	0.947534	-0.905976	-0.419422	-0.057383	0.415131	-0.853685	-0.314464
13773	12.422099	-0.295157	-1.907299	0.651190	-1.517826	0.153045	0.087900	-0.322248	0.942566	-0.903386	-0.424486	-0.060878	0.419724	-0.846149	-0.328426
13774	12.976227	-0.057664	-1.208269	0.817861	-1.553097	0.155520	0.093093	-0.335968	0.937262	-0.900065	-0.430872	-0.065051	0.425695	-0.837541	-0.342504
13775	14.003927	-0.373184	0.203495	0.842535	-1.620675	0.166455	0.098586	-0.350166	0.931485	-0.896610	-0.437332	-0.069508	0.431708	-0.828326	-0.357077
13776	14.125859	-2.356855	1.396835	0.740385	-1.720601	0.201588	0.104281	-0.365204	0.925068	-0.893596	-0.442723	-0.074048	0.436592	-0.818915	-0.372512
13777	13.273207	-1.416162	3.056730	0.731165	-1.868934	0.233962	0.110428	-0.381419	0.917783	-0.890634	-0.447815	-0.078945	0.441108	-0.808691	-0.389156
13778	13.193716	-1.383701	2.967286	0.447973	-2.032543	0.328657	0.116515	-0.399211	0.909426	-0.889023	-0.450148	-0.083700	0.442790	-0.798748	-0.407356
13779	12.979983	-0.860102	2.845928	0.079763	-2.174973	0.432891	0.122299	-0.418376	0.900002	-0.889182	-0.449029	-0.087908	0.440906	-0.789515	-0.426929
13780	13.136699	-0.550927	2.325094	-0.448059	-2.316246	0.489365	0.128103	-0.438736	0.889438	-0.891750	-0.443428	-0.090295	0.434018	-0.781589	-0.448047
13781	13.217681	-1.303544	1.309183	-0.974049	-2.409790	0.483344	0.134112	-0.459544	0.877971	-0.896548	-0.433696	-0.090054	0.422157	-0.775066	-0.470167
13782	12.812898	-1.401025	-0.118766	-1.210376	-2.470206	0.443234	0.140407	-0.480489	0.865688	-0.902174	-0.422287	-0.088060	0.407881	-0.768638	-0.492777
13783	12.061794	-1.030925	-2.575749	-1.554134	-2.466820	0.366531	0.146940	-0.500825	0.852985	-0.908897	-0.408608	-0.083340	0.390276	-0.763029	-0.515239
13784	11.303773	-0.818426	-4.503933	-1.700294	-2.402037	0.261681	0.153728	-0.520121	0.840144	-0.915758	-0.394363	-0.076581	0.371153	-0.757596	-0.536930
13785	10.424696	-0.993638	-5.826134	-1.655619	-2.321209	0.103669	0.161179	-0.537960	0.827418	-0.921903	-0.381342	-0.068352	0.352300	-0.751783	-0.557411
13786	9.959226	-0.611446	-6.283088	-1.551319	-2.232752	-0.074200	0.169561	-0.554379	0.814809	-0.927100	-0.370154	-0.058917	0.334267	-0.745420	-0.576728
13787	10.125250	-1.901939	-5.880893	-1.167978	-2.002460	-0.187360	0.177858	-0.568470	0.803249	-0.930588	-0.362563	-0.050536	0.319956	-0.738505	-0.593496
13788	8.880582	-1.709966	-5.928503	-0.419992	-1.653033	-0.226035	0.185226	-0.579777	0.793442	-0.931500	-0.360797	-0.046183	0.313047	-0.730537	-0.606892
13789	9.534921	0.775445	-5.819910	-0.265887	-1.311978	-0.199537	0.191164	-0.588520	0.785557	-0.931943	-0.360052	-0.042955	0.308121	-0.723883	-0.617296
13790	9.498785	-1.188781	-4.856473	-0.387417	-0.787373	-0.154911	0.195046	-0.593634	0.780741	-0.932820	-0.358191	-0.039311	0.302990	-0.720623	-0.623617
13791	8.588908	-1.680571	-3.728747	-0.007180	-0.291738	-0.187151	0.197679	-0.594982	0.779051	-0.932467	-0.359274	-0.037780	0.302372	-0.718971	-0.625822
13792	7.590484	-1.086843	-3.467536	0.293746	0.158522	-0.263575	0.199684	-0.592873	0.780146	-0.931043	-0.362974	-0.037535	0.305426	-0.718854	-0.624470
13793	7.202210	-0.751037	-4.128546	0.438850	0.585997	-0.295645	0.200629	-0.587490	0.783966	-0.929091	-0.367900	-0.037929	0.310704	-0.720767	-0.619644
13794	6.738353	-1.442990	-4.614722	0.595610	1.011230	-0.259042	0.199884	-0.579205	0.790296	-0.926692	-0.373737	-0.039529	0.318258	-0.724460	-0.611449
13795	6.272137	-2.444096	-5.102280	0.876956	1.418034	-0.201537	0.197155	-0.568050	0.799030	-0.923445	-0.381290	-0.043215	0.329211	-0.729340	-0.599736
13796	6.063089	-3.175498	-5.474992	1.317066	1.794625	-0.173184	0.192733	-0.554228	0.809744	-0.918661	-0.391922	-0.049594	0.344843	-0.734322	-0.584684
13797	5.818122	-3.080282	-5.328093	1.742571	2.136390	-0.192868	0.186909	-0.537634	0.822201	-0.912102	-0.405836	-0.058029	0.364877	-0.739085	-0.566231
13798	5.657220	-2.419666	-5.021494	1.989765	2.430275	-0.218182	0.179779	-0.518693	0.835846	-0.904210	-0.421761	-0.067246	0.387407	-0.743690	-0.544831
13799	5.755320	-1.452309	-4.868823	1.948617	2.687447	-0.219892	0.171034	-0.497604	0.850375	-0.896048	-0.437446	-0.075756	0.409690	-0.749020	-0.520695
13800	6.182727	-1.036358	-5.139944	1.647543	2.927775	-0.195349	0.160524	-0.474684	0.865394	-0.888806	-0.450813	-0.082412	0.429250	-0.755939	-0.494268
13801	6.552344	-1.938331	-5.612759	1.393093	3.147819	-0.159631	0.148139	-0.449944	0.880685	-0.882450	-0.462162	-0.087684	0.446472	-0.764171	-0.465517
13802	6.400428	-2.378069	-5.094398	1.476378	3.309630	-0.171228	0.134602	-0.423702	0.895745	-0.875480	-0.474265	-0.092778	0.464131	-0.771718	-0.434780
13803	6.574161	-1.623339	-4.707976	1.227042	3.413910	-0.205240	0.120272	-0.396150	0.910275	-0.869421	-0.484647	-0.096044	0.479210	-0.779860	-0.402710
13804	6.831099	-1.674068	-5.124497	0.746867	3.504072	-0.212627	0.105168	-0.367589	0.924023	-0.865558	-0.491335	-0.096947	0.489642	-0.789600	-0.369843
13805	7.279569	-2.090019	-5.710530	0.423812	3.594844	-0.201876	0.089162	-0.337937	0.936936	-0.863263	-0.495435	-0.096544	0.496816	-0.800214	-0.335903
13806	7.950112	-2.430329	-6.409229	0.273413	3.669742	-0.157847	0.072220	-0.307569	0.948781	-0.861767	-0.498159	-0.095893	0.502138	-0.810703	-0.301029
13807	8.268188	-2.295948	-5.941460	0.342560	3.732456	-0.096369	0.054188	-0.276582	0.959461	-0.859969	-0.501249	-0.095925	0.507460	-0.819909	-0.265014
13808	8.133225	-1.800148	-5.253951	0.234171	3.738566	-0.047495	0.035581	-0.245504	0.968742	-0.858753	-0.503314	-0.096012	0.511153	-0.828494	-0.228736
13809	8.206881	-1.621191	-5.075189	-0.083415	3.721696	0.043996	0.016156	-0.214658	0.976556	-0.859186	-0.502530	-0.096248	0.511409	-0.837488	-0.192550
13810	8.328663	-1.990289	-5.474874	-0.253118	3.677862	0.130442	-0.003714	-0.184326	0.982858	-0.860485	-0.500147	-0.097049	0.509462	-0.846095	-0.156752
13811	8.759823	-2.221985	-6.192652	-0.188303	3.602769	0.207349	-0.023831	-0.154695	0.987675	-0.861410	-0.498205	-0.098816	0.507351	-0.853148	-0.121383
13812	9.368842	-2.215823	-6.256766	0.109908	3.497431	0.260338	-0.043788	-0.126052	0.991057	-0.860765	-0.498786	-0.101472	0.507116	-0.857510	-0.086661
13813	8.910788	-0.676183	-5.476079	0.589955	3.303624	0.274962	-0.062970	-0.099046	0.993088	-0.857614	-0.503545	-0.104601	0.510425	-0.858273	-0.053235
13814	8.391442	1.939487	-4.564815	0.459240	3.006369	0.320247	-0.081058	-0.074833	0.993896	-0.855037	-0.507213	-0.107922	0.512193	-0.858566	-0.022871
13815	7.763736	2.370294	-5.096562	-0.318293	2.657377	0.379089	-0.097846	-0.053857	0.993743	-0.856319	-0.504235	-0.111643	0.507093	-0.861885	0.003219
13816	7.598337	0.643557	-5.571493	-0.737835	2.264256	0.387646	-0.112528	-0.036207	0.992989	-0.859624	-0.497686	-0.115562	0.498381	-0.866601	0.024880
13817	8.581541	-0.704213	-4.098203	-0.645054	1.831101	0.320719	-0.124333	-0.021868	0.992000	-0.862436	-0.491993	-0.118940	0.490658	-0.870324	0.042311
13818	9.572443	-1.543840	-3.171965	-0.552488	1.375392	0.173480	-0.132507	-0.010704	0.991124	-0.864910	-0.487150	-0.120894	0.484120	-0.873253	0.055292
13819	7.733270	-0.558362	-3.091343	-0.776079	0.825193	0.115713	-0.137454	-0.004029	0.990500	-0.868483	-0.480350	-0.122475	0.476281	-0.877067	0.062527
13820	7.421217	-0.762683	-4.206291	-1.120565	0.304944	0.117856	-0.139889	-0.001885	0.990165	-0.873604	-0.470490	-0.124317	0.466097	-0.882403	0.064170
13821	5.856787	1.243655	-4.480740	-1.671714	-0.240734	0.095127	-0.139594	-0.004456	0.990199	-0.881147	-0.455670	-0.126271	0.451767	-0.890137	0.059683
13822	5.603508	2.543906	-5.736571	-2.227897	-0.737331	0.044728	-0.136700	-0.011234	0.990549	-0.890946	-0.435726	-0.127896	0.433045	-0.900009	0.049555
13823	7.540640	0.809377	-6.809996	-2.496119	-1.052362	-0.067710	-0.131608	-0.020481	0.991090	-0.901590	-0.413139	-0.128260	0.412085	-0.910438	0.035907
13824	11.328546	-4.205089	-5.398804	-1.701257	-0.820047	-0.092808	-0.127417	-0.027578	0.991466	-0.908604	-0.397617	-0.127828	0.397749	-0.917137	0.025606
13825	11.891704	-2.818942	-3.161082	-1.006279	-0.505304	-0.151427	-0.124006	-0.031651	0.991777	-0.912759	-0.388412	-0.126521	0.389222	-0.920942	0.019276
13826	12.736171	-1.233395	-1.069227	-1.118743	-0.337776	-0.166543	-0.121153	-0.034111	0.992048	-0.917266	-0.378143	-0.125023	0.379400	-0.925119	0.014524
13827	14.221731	-1.826196	0.044874	-1.540073	-0.232066	-0.118256	-0.119155	-0.035856	0.992228	-0.923150	-0.363891	-0.124009	0.365509	-0.930751	0.010259
13828	13.861537	-3.802082	-0.161389	-1.284476	-0.134543	-0.127043	-0.117464	-0.036639	0.992401	-0.927923	-0.351955	-0.122826	0.353780	-0.935300	0.007344
13829	12.183350	-3.728073	-0.985262	-0.637435	-0.185066	-0.212102	-0.114800	-0.037663	0.992674	-0.930411	-0.346063	-0.120730	0.348075	-0.937455	0.004686
13830	10.663062	-2.012320	-1.936922	-0.252331	-0.375133	-0.317481	-0.110511	-0.040068	0.993067	-0.931648	-0.343822	-0.117549	0.346149	-0.938179	0.000667
13831	10.707933	-0.380785	-1.885146	-0.060459	-0.547376	-0.422715	-0.104635	-0.043788	0.993546	-0.932316	-0.343431	-0.113322	0.346176	-0.938157	-0.004889
13832	10.347975	-2.215587	-2.649206	-0.105666	-0.551693	-0.424311	-0.098737	-0.047491	0.993980	-0.933116	-0.342636	-0.109062	0.345753	-0.938267	-0.010483
13833	9.524071	-1.742344	-2.779518	0.167819	-0.485326	-0.396793	-0.093309	-0.050721	0.994344	-0.932919	-0.344403	-0.105112	0.347787	-0.937451	-0.015183
13834	9.488422	-0.777103	-3.076045	0.075205	-0.416694	-0.389571	-0.088192	-0.053265	0.994678	-0.933013	-0.345314	-0.101216	0.348867	-0.936974	-0.019243
13835	9.780557	-0.666569	-2.827839	0.164066	-0.358546	-0.363096	-0.083505	-0.055414	0.994965	-0.932754	-0.347047	-0.097612	0.350709	-0.936209	-0.022708
13836	10.045926	-0.083761	-1.686833	0.277870	-0.311283	-0.357759	-0.079042	-0.057062	0.995237	-0.932069	-0.349851	-0.094084	0.353553	-0.935066	-0.025533
13837	9.783303	0.122167	-1.121029	0.056863	-0.259834	-0.340083	-0.074904	-0.058352	0.995482	-0.932132	-0.350578	-0.090687	0.354286	-0.934714	-0.028132
13838	9.220129	0.126960	-0.947675	-0.016038	-0.245250	-0.340436	-0.070830	-0.059433	0.995716	-0.932439	-0.350632	-0.087258	0.354316	-0.934626	-0.030582
13839	9.117147	-0.276637	-0.130604	-0.173818	-0.245777	-0.323015	-0.066897	-0.060652	0.995915	-0.933279	-0.349201	-0.083956	0.352866	-0.935083	-0.033245
13840	9.443288	-0.982679	0.527088	-0.210766	-0.249012	-0.299214	-0.063195	-0.061921	0.996078	-0.934218	-0.347416	-0.080868	0.351061	-0.935664	-0.035893
13841	9.469106	-0.298601	1.192146	-0.346415	-0.257490	-0.291172	-0.059522	-0.063375	0.996213	-0.935609	-0.344356	-0.077807	0.347983	-0.936698	-0.038797
13842	9.244271	-0.768116	1.548534	-0.599598	-0.337112	-0.325452	-0.055278	-0.065406	0.996326	-0.937868	-0.338947	-0.074285	0.342561	-0.938529	-0.042606
13843	9.394828	-1.635966	1.806455	-0.600685	-0.450019	-0.362448	-0.050295	-0.068460	0.996385	-0.940103	-0.333548	-0.070372	0.337160	-0.940244	-0.047584
13844	9.641921	-1.240460	1.792217	-0.491536	-0.541466	-0.386726	-0.044811	-0.072256	0.996379	-0.941935	-0.329199	-0.066235	0.332793	-0.941492	-0.053308
13845	9.572631	-0.618659	1.513303	-0.428269	-0.618908	-0.410953	-0.038842	-0.076781	0.996291	-0.943525	-0.325474	-0.061868	0.329017	-0.942429	-0.059802
13846	9.624678	0.082610	0.781844	-0.435675	-0.676060	-0.420571	-0.032628	-0.081777	0.996116	-0.945101	-0.321703	-0.057367	0.325145	-0.943302	-0.066791
13847	9.771425	0.527058	-0.353517	-0.460149	-0.688460	-0.412726	-0.026454	-0.086990	0.995858	-0.946710	-0.317712	-0.052901	0.320998	-0.944188	-0.073950
13848	9.890793	0.782183	-1.516351	-0.432119	-0.663694	-0.391079	-0.020599	-0.092007	0.995545	-0.948181	-0.313985	-0.048637	0.317061	-0.944959	-0.080772
13849	9.878215	0.994694	-2.665970	-0.425123	-0.613103	-0.358129	-0.015220	-0.096720	0.995195	-0.949585	-0.310308	-0.044681	0.313139	-0.945703	-0.087121
13850	10.014653	0.602156	-3.220178	-0.373055	-0.557644	-0.320868	-0.010403	-0.100988	0.994833	-0.950788	-0.307101	-0.041117	0.309667	-0.946304	-0.092824
13851	10.283836	0.421176	-3.340600	-0.228899	-0.498166	-0.299015	-0.005968	-0.104826	0.994473	-0.951519	-0.305247	-0.037886	0.307531	-0.946486	-0.097922
13852	10.237697	0.218549	-3.352253	-0.190223	-0.411457	-0.265400	-0.002149	-0.107896	0.994160	-0.952113	-0.303734	-0.035022	0.305739	-0.946628	-0.102077
13853	9.827679	-1.130420	-3.167586	-0.094147	-0.355294	-0.257563	0.001446	-0.110521	0.993873	-0.952401	-0.303129	-0.032323	0.304844	-0.946519	-0.105698
13854	9.949032	-1.270499	-2.373540	0.168478	-0.326314	-0.255480	0.004907	-0.112814	0.993604	-0.951878	-0.305014	-0.029930	0.306439	-0.945642	-0.108882
13855	9.883035	-0.850139	-1.717889	0.298804	-0.309446	-0.243347	0.008231	-0.115040	0.993327	-0.950941	-0.308120	-0.027804	0.309263	-0.944366	-0.111932
13856	9.801223	-0.425621	-1.119228	0.425091	-0.308802	-0.238906	0.011494	-0.117195	0.993042	-0.949594	-0.312414	-0.025879	0.313273	-0.942689	-0.114879
13857	9.758253	0.496151	-0.706608	0.424326	-0.317452	-0.221203	0.014649	-0.119537	0.992722	-0.948226	-0.316678	-0.024140	0.317259	-0.940971	-0.117987
