// General information: 
//  MT Manager version: 2022.2.0 
//  XDA version: 2022.2.0 build 7381 rev 124627 built on 2023-07-19
// Device information: 
//  DeviceId: 00B4CB9F
//  ProductCode: MTW2-3A7G6
//  Firmware Version: 4.6.0
//  Hardware Version: 2.0.0
// Device settings: 
//  Filter Profile: human(46.1)
//  Option Flags: Orientation Smoother Disabled, Position/Velocity Smoother Disabled, Continuous Zero Rotation Update Disabled, AHS Disabled, ICC Disabled
// Coordinate system: ENU
PacketCounter	Acc_X	Acc_Y	Acc_Z	Gyr_X	Gyr_Y	Gyr_Z	Mat[1][1]	Mat[2][1]	Mat[3][1]	Mat[1][2]	Mat[2][2]	Mat[3][2]	Mat[1][3]	Mat[2][3]	Mat[3][3]
10754	9.813081	-0.486314	-0.607125	-0.009407	0.016475	-0.024219	-0.005643	0.001937	0.999982	-0.094564	-0.995518	0.001394	0.995503	-0.094555	0.005801
10755	9.963693	-0.576305	-0.655411	0.053706	0.008891	0.002138	-0.005631	0.001879	0.999982	-0.093973	-0.995574	0.001341	0.995559	-0.093964	0.005783
10756	10.081465	-0.562010	-0.690221	0.101599	-0.001049	0.059723	-0.005640	0.001233	0.999983	-0.092913	-0.995674	0.000703	0.995658	-0.092907	0.005730
10757	10.079570	-0.465315	-0.624385	0.136043	0.007387	0.113691	-0.005720	0.000061	0.999984	-0.091505	-0.995805	-0.000462	0.995788	-0.091506	0.005702
10758	10.037796	-0.188712	-0.465473	0.143020	0.018960	0.149850	-0.006008	-0.001464	0.999981	-0.090026	-0.995937	-0.001999	0.995921	-0.090036	0.005852
10759	9.979669	-0.036944	-0.371946	0.136325	0.035123	0.169979	-0.006406	-0.003174	0.999974	-0.088608	-0.996060	-0.003729	0.996046	-0.088630	0.006100
10760	9.926604	0.072901	-0.282297	0.134932	0.049185	0.162399	-0.007002	-0.004799	0.999964	-0.087207	-0.996176	-0.005391	0.996166	-0.087242	0.006557
10761	9.913376	0.183245	-0.262448	0.125278	0.059448	0.131606	-0.007599	-0.006114	0.999952	-0.085914	-0.996280	-0.006744	0.996274	-0.085961	0.007046
10762	9.834375	0.260005	-0.227560	0.077490	0.061307	0.091442	-0.008252	-0.007022	0.999941	-0.085089	-0.996344	-0.007699	0.996339	-0.085147	0.007624
10763	9.803813	0.358636	-0.175089	-0.003622	0.046619	0.045516	-0.008648	-0.007490	0.999935	-0.085095	-0.996339	-0.008199	0.996335	-0.085160	0.007979
10764	9.831133	0.289142	-0.179381	-0.072516	0.030065	-0.003879	-0.008908	-0.007476	0.999932	-0.085772	-0.996281	-0.008213	0.996275	-0.085839	0.008233
10765	9.820079	0.302529	-0.158479	-0.137720	0.005383	-0.042584	-0.008817	-0.007094	0.999936	-0.087104	-0.996168	-0.007836	0.996160	-0.087168	0.008165
10766	9.867680	0.245332	-0.061911	-0.188799	-0.003347	-0.076011	-0.008680	-0.006391	0.999942	-0.088946	-0.996011	-0.007138	0.995999	-0.089002	0.008077
10767	9.863140	0.211020	0.054551	-0.226845	-0.012959	-0.097312	-0.008362	-0.005478	0.999950	-0.091178	-0.995815	-0.006218	0.995799	-0.091226	0.007827
10768	9.833363	0.049420	0.260194	-0.251957	-0.009254	-0.100381	-0.008141	-0.004537	0.999957	-0.093650	-0.995591	-0.005280	0.995572	-0.093689	0.007680
10769	9.891943	-0.097315	0.413708	-0.268668	0.004188	-0.094445	-0.007989	-0.003639	0.999961	-0.096295	-0.995343	-0.004392	0.995321	-0.096326	0.007601
10770	9.957898	-0.218299	0.589304	-0.269469	0.037059	-0.094910	-0.008229	-0.002709	0.999962	-0.098939	-0.995087	-0.003510	0.995060	-0.098964	0.007921
10771	9.806144	-0.278110	0.762237	-0.256025	0.058626	-0.090364	-0.008619	-0.001798	0.999961	-0.101450	-0.994837	-0.002663	0.994803	-0.101469	0.008392
10772	9.750796	-0.401378	0.840170	-0.226767	0.090555	-0.086614	-0.009395	-0.000895	0.999955	-0.103668	-0.994610	-0.001864	0.994568	-0.103681	0.009252
10773	9.719270	-0.473244	0.874015	-0.179099	0.105737	-0.083814	-0.010261	0.000001	0.999947	-0.105415	-0.994428	-0.001081	0.994375	-0.105421	0.010204
10774	9.712809	-0.594358	0.762457	-0.109084	0.111333	-0.070290	-0.011258	0.000766	0.999936	-0.106461	-0.994317	-0.000436	0.994253	-0.106460	0.011275
10775	9.742208	-0.592565	0.509976	-0.026258	0.100366	-0.053831	-0.012100	0.001363	0.999926	-0.106672	-0.994294	0.000064	0.994221	-0.106663	0.012177
10776	9.798765	-0.649644	0.178010	0.073428	0.066730	-0.037814	-0.012688	0.001759	0.999918	-0.105901	-0.994377	0.000405	0.994296	-0.105887	0.012803
10777	9.809698	-0.657893	-0.149290	0.170337	0.025317	-0.017201	-0.012827	0.001908	0.999916	-0.104160	-0.994560	0.000562	0.994478	-0.104144	0.012956
10778	9.853309	-0.603982	-0.402540	0.256108	-0.018723	-0.003719	-0.012601	0.001875	0.999919	-0.101567	-0.994828	0.000586	0.994749	-0.101552	0.012726
10779	9.887156	-0.556058	-0.537196	0.317546	-0.040713	0.020081	-0.012118	0.001585	0.999925	-0.098345	-0.995152	0.000385	0.995079	-0.098333	0.012216
10780	9.932302	-0.433089	-0.489518	0.353983	-0.041644	0.038549	-0.011705	0.001110	0.999931	-0.094771	-0.995499	-0.000004	0.995430	-0.094765	0.011758
10781	9.968165	-0.313707	-0.320414	0.368160	-0.030187	0.061191	-0.011365	0.000419	0.999935	-0.091050	-0.995846	-0.000618	0.995781	-0.091051	0.011356
10782	9.928497	-0.229821	-0.048256	0.352010	0.006508	0.071299	-0.011457	-0.000336	0.999934	-0.087490	-0.996164	-0.001337	0.996099	-0.087500	0.011383
10783	9.870687	-0.160769	0.225686	0.343247	0.049580	0.074298	-0.011916	-0.001089	0.999928	-0.084020	-0.996462	-0.002087	0.996393	-0.084039	0.011782
10784	9.765587	-0.030722	0.440594	0.325599	0.082679	0.064548	-0.012756	-0.001715	0.999917	-0.080722	-0.996733	-0.002739	0.996655	-0.080750	0.012576
10785	9.735703	0.139698	0.520918	0.295167	0.101503	0.045388	-0.013705	-0.002143	0.999904	-0.077736	-0.996969	-0.003203	0.996880	-0.077772	0.013497
10786	9.750085	0.271990	0.492363	0.259387	0.106935	0.021468	-0.014751	-0.002326	0.999888	-0.075101	-0.997170	-0.003427	0.997067	-0.075143	0.014534
10787	9.743515	0.324364	0.402778	0.211559	0.093461	0.001001	-0.015587	-0.002317	0.999876	-0.072941	-0.997330	-0.003448	0.997214	-0.072986	0.015377
10788	9.764748	0.310733	0.304677	0.173658	0.079783	-0.020147	-0.016331	-0.002109	0.999864	-0.071167	-0.997459	-0.003266	0.997331	-0.071210	0.016140
10789	9.802121	0.245691	0.182014	0.145355	0.052525	-0.039750	-0.016730	-0.001725	0.999859	-0.069670	-0.997566	-0.002887	0.997430	-0.069708	0.016569
10790	9.844822	0.136789	0.087902	0.124638	0.038967	-0.054355	-0.017044	-0.001206	0.999854	-0.068390	-0.997656	-0.002369	0.997513	-0.068420	0.016921
10791	9.771833	0.077835	0.085764	0.119431	0.029979	-0.061862	-0.017206	-0.000618	0.999852	-0.067160	-0.997741	-0.001773	0.997594	-0.067180	0.017126
10792	9.835966	0.049168	0.083612	0.127283	0.010638	-0.065939	-0.017231	-0.000003	0.999852	-0.065855	-0.997829	-0.001138	0.997680	-0.065865	0.017193
10793	9.935880	0.233140	0.134320	0.139688	0.003274	-0.057590	-0.017127	0.000525	0.999853	-0.064415	-0.997923	-0.000580	0.997776	-0.064416	0.017125
10794	9.847615	0.220713	0.220211	0.109836	0.000117	-0.055342	-0.017055	0.001027	0.999854	-0.063282	-0.997996	-0.000054	0.997850	-0.063274	0.017085
10795	9.807547	0.051908	0.204032	0.058484	-0.012336	-0.050866	-0.016803	0.001479	0.999858	-0.062655	-0.998035	0.000423	0.997894	-0.062639	0.016863
10796	9.694181	-0.176160	0.113045	0.043450	-0.025780	-0.048550	-0.016478	0.001898	0.999862	-0.062183	-0.998064	0.000870	0.997929	-0.062160	0.016564
10797	9.656014	-0.273648	0.084332	0.051451	-0.031129	-0.040388	-0.016045	0.002234	0.999869	-0.061611	-0.998099	0.001241	0.997971	-0.061583	0.016152
10798	9.691369	-0.313416	0.129586	0.060613	-0.023215	-0.024528	-0.015760	0.002415	0.999873	-0.060964	-0.998139	0.001450	0.998016	-0.060933	0.015878
10799	9.728610	-0.285452	0.199674	0.078640	-0.004456	-0.004960	-0.015619	0.002413	0.999875	-0.060128	-0.998190	0.001470	0.998068	-0.060098	0.015736
10800	9.776670	-0.267111	0.218580	0.086817	0.011326	0.006662	-0.015698	0.002304	0.999874	-0.059214	-0.998244	0.001371	0.998122	-0.059185	0.015807
10801	9.777273	-0.189341	0.140099	0.105960	0.011347	0.009819	-0.015722	0.002160	0.999874	-0.058112	-0.998309	0.001242	0.998186	-0.058085	0.015821
10802	9.731774	-0.060319	0.065572	0.127531	-0.006464	0.001391	-0.015620	0.002093	0.999876	-0.056793	-0.998385	0.001202	0.998264	-0.056767	0.015714
10803	9.742698	0.187584	0.014905	0.154203	-0.038386	-0.006000	-0.015144	0.002080	0.999883	-0.055210	-0.998474	0.001241	0.998360	-0.055185	0.015236
10804	9.747133	0.405860	-0.024670	0.172384	-0.067893	-0.019371	-0.014418	0.002187	0.999894	-0.053446	-0.998570	0.001414	0.998467	-0.053420	0.014514
10805	9.785761	0.588166	-0.088453	0.163754	-0.093115	-0.028890	-0.013379	0.002376	0.999908	-0.051766	-0.998658	0.001681	0.998570	-0.051738	0.013484
10806	9.702536	0.611676	-0.131288	0.124431	-0.117028	-0.019299	-0.012162	0.002460	0.999923	-0.050480	-0.998723	0.001843	0.998651	-0.050453	0.012271
10807	10.057751	0.580002	-0.100932	0.061274	-0.143958	-0.007529	-0.010624	0.002412	0.999941	-0.049828	-0.998756	0.001880	0.998701	-0.049805	0.010731
10808	9.829107	0.393718	-0.073345	0.034022	-0.125139	-0.004113	-0.009334	0.002342	0.999954	-0.049442	-0.998775	0.001878	0.998733	-0.049423	0.009438
10809	9.733161	0.199333	0.074711	-0.019222	-0.112893	-0.007396	-0.008103	0.002311	0.999964	-0.049580	-0.998768	0.001906	0.998737	-0.049563	0.008208
10810	9.708819	0.075324	0.159136	-0.040302	-0.098622	-0.001269	-0.007079	0.002226	0.999972	-0.049937	-0.998751	0.001869	0.998727	-0.049923	0.007181
10811	9.679719	-0.007297	0.248379	-0.056238	-0.082983	0.000283	-0.006154	0.002134	0.999979	-0.050448	-0.998725	0.001821	0.998708	-0.050435	0.006254
10812	9.824727	-0.030865	0.374166	-0.082691	-0.079595	0.019374	-0.005331	0.001851	0.999984	-0.051227	-0.998686	0.001576	0.998673	-0.051217	0.005419
10813	9.897834	-0.045590	0.450825	-0.076427	-0.068746	0.016412	-0.004561	0.001605	0.999988	-0.051939	-0.998649	0.001366	0.998640	-0.051932	0.004638
10814	9.862356	-0.004520	0.396368	-0.083978	-0.067037	0.005958	-0.003856	0.001462	0.999991	-0.052732	-0.998608	0.001256	0.998601	-0.052726	0.003928
10815	9.955076	0.070810	0.462869	-0.101625	-0.071425	-0.003901	-0.003051	0.001415	0.999994	-0.053703	-0.998556	0.001250	0.998552	-0.053699	0.003123
10816	10.072813	0.012841	0.466091	-0.123334	-0.058609	-0.013260	-0.002420	0.001467	0.999996	-0.054889	-0.998492	0.001332	0.998490	-0.054886	0.002497
10817	10.004280	0.012597	0.549152	-0.135480	-0.044468	-0.024021	-0.001873	0.001635	0.999997	-0.056192	-0.998419	0.001527	0.998418	-0.056189	0.001962
10818	9.963686	-0.055246	0.627689	-0.150759	-0.020313	-0.015545	-0.001623	0.001729	0.999997	-0.057652	-0.998335	0.001633	0.998335	-0.057649	0.001720
10819	9.922543	-0.045517	0.628314	-0.162496	-0.002641	-0.013988	-0.001497	0.001818	0.999997	-0.059215	-0.998244	0.001727	0.998244	-0.059213	0.001602
10820	9.853475	-0.071223	0.506771	-0.150116	0.010730	0.000344	-0.001566	0.001772	0.999997	-0.060668	-0.998157	0.001674	0.998157	-0.060666	0.001671
10821	9.729050	-0.143651	0.348394	-0.140111	0.011002	0.014082	-0.001602	0.001590	0.999997	-0.062022	-0.998074	0.001488	0.998073	-0.062020	0.001697
10822	9.590937	-0.196150	0.104855	-0.103619	0.000126	0.026242	-0.001581	0.001279	0.999998	-0.063010	-0.998012	0.001177	0.998012	-0.063008	0.001659
10823	9.478875	-0.208759	-0.085085	-0.080043	-0.019958	0.040839	-0.001326	0.000813	0.999999	-0.063753	-0.997965	0.000726	0.997965	-0.063752	0.001375
10824	9.490338	-0.249608	-0.282563	-0.054799	-0.039266	0.043158	-0.000924	0.000307	1.000000	-0.064254	-0.997934	0.000247	0.997933	-0.064254	0.000942
10825	9.544131	-0.227377	-0.494272	-0.019259	-0.056494	0.045156	-0.000306	-0.000226	1.000000	-0.064389	-0.997925	-0.000245	0.997925	-0.064389	0.000291
10826	9.557785	-0.123440	-0.716580	0.006418	-0.081273	0.042109	0.000515	-0.000748	1.000000	-0.064279	-0.997932	-0.000713	0.997932	-0.064279	-0.000562
10827	9.707516	-0.064579	-0.897185	0.018110	-0.104732	0.031439	0.001624	-0.001182	0.999998	-0.064072	-0.997945	-0.001076	0.997944	-0.064070	-0.001697
10828	9.834677	0.017097	-1.043213	0.034258	-0.132834	0.026782	0.002971	-0.001584	0.999994	-0.063685	-0.997969	-0.001392	0.997966	-0.063680	-0.003065
10829	9.902933	0.088441	-1.156248	0.049271	-0.147870	0.029543	0.004518	-0.002025	0.999988	-0.063145	-0.998003	-0.001736	0.997994	-0.063136	-0.004637
10830	9.965269	0.154170	-1.080124	0.039195	-0.155374	0.041596	0.006080	-0.002587	0.999978	-0.062710	-0.998029	-0.002201	0.998013	-0.062696	-0.006230
10831	10.032821	0.281883	-0.911358	0.012914	-0.138558	0.052310	0.007524	-0.003245	0.999966	-0.062529	-0.998039	-0.002768	0.998015	-0.062506	-0.007712
10832	10.001802	0.408823	-0.702510	-0.037000	-0.112564	0.051234	0.008653	-0.003876	0.999955	-0.062857	-0.998017	-0.003325	0.997985	-0.062826	-0.008880
10833	9.882511	0.373198	-0.380815	-0.087740	-0.076209	0.046411	0.009479	-0.004436	0.999945	-0.063683	-0.997963	-0.003824	0.997925	-0.063643	-0.009742
10834	9.740658	0.334943	-0.193568	-0.123408	-0.040637	0.033211	0.009901	-0.004843	0.999939	-0.064872	-0.997885	-0.004191	0.997844	-0.064827	-0.010195
10835	9.584428	0.318762	-0.087697	-0.155490	-0.020674	0.018739	0.010188	-0.005089	0.999935	-0.066372	-0.997785	-0.004402	0.997743	-0.066323	-0.010503
10836	9.474919	0.221118	-0.094671	-0.198010	-0.021434	-0.004751	0.010442	-0.005106	0.999932	-0.068302	-0.997655	-0.004381	0.997610	-0.068251	-0.010767
10837	9.383893	0.006119	-0.305952	-0.218024	-0.031804	-0.023867	0.010861	-0.004936	0.999929	-0.070445	-0.997507	-0.004159	0.997457	-0.070395	-0.011182
10838	9.358241	-0.504559	-0.465547	-0.207792	-0.054947	-0.033859	0.011471	-0.004687	0.999923	-0.072469	-0.997363	-0.003844	0.997305	-0.072419	-0.011780
10839	9.640743	-0.965216	-0.514397	-0.089581	-0.094879	-0.006598	0.012510	-0.004738	0.999911	-0.073325	-0.997301	-0.003809	0.997230	-0.073271	-0.012824
10840	10.066405	-1.267457	-0.485914	0.101158	-0.133839	0.070595	0.013831	-0.005589	0.999889	-0.072281	-0.997374	-0.004576	0.997288	-0.072209	-0.014199
10841	10.377522	-1.012214	-0.414548	0.257034	-0.163992	0.163530	0.015438	-0.007391	0.999854	-0.069717	-0.997547	-0.006297	0.997447	-0.069610	-0.015916
10842	10.549501	-0.313631	-0.312782	0.324877	-0.162999	0.214772	0.016956	-0.009694	0.999809	-0.066466	-0.997752	-0.008547	0.997645	-0.066309	-0.017562
10843	10.339798	0.490447	-0.275065	0.316755	-0.150005	0.206244	0.018414	-0.011905	0.999760	-0.063311	-0.997936	-0.010718	0.997824	-0.063098	-0.019130
10844	9.848040	1.175402	-0.169541	0.247726	-0.140125	0.187361	0.019734	-0.013911	0.999708	-0.060830	-0.998068	-0.012688	0.997953	-0.060562	-0.020542
10845	9.547148	1.533337	0.017825	0.117536	-0.158388	0.189117	0.021291	-0.015951	0.999646	-0.059691	-0.998109	-0.014655	0.997990	-0.059358	-0.022202
10846	9.488873	1.579691	0.149637	-0.029093	-0.158240	0.206640	0.022784	-0.018156	0.999576	-0.059983	-0.998059	-0.016762	0.997939	-0.059575	-0.023829
10847	9.569701	1.505654	0.179964	-0.161264	-0.149307	0.220850	0.024230	-0.020497	0.999496	-0.061609	-0.997920	-0.018971	0.997806	-0.061119	-0.025442
10848	9.643789	1.288682	0.200286	-0.279164	-0.126308	0.220015	0.025389	-0.022820	0.999417	-0.064405	-0.997700	-0.021145	0.997601	-0.063831	-0.026801
10849	9.738866	0.934100	0.191983	-0.365019	-0.083756	0.219386	0.026167	-0.025104	0.999342	-0.068066	-0.997409	-0.023273	0.997338	-0.067412	-0.027808
10850	9.248737	0.993809	0.343708	-0.418353	-0.055365	0.216154	0.026605	-0.027348	0.999272	-0.072251	-0.997064	-0.025364	0.997032	-0.071523	-0.028503
10851	9.082543	1.003376	0.704807	-0.555519	-0.013726	0.206033	0.026676	-0.029450	0.999210	-0.077798	-0.996595	-0.027296	0.996612	-0.077009	-0.028877
10852	9.294374	1.245226	1.043262	-0.669859	0.017090	0.185686	0.026392	-0.031336	0.999160	-0.084478	-0.996003	-0.029006	0.996076	-0.083641	-0.028934
10853	9.751930	1.285802	1.074436	-0.748236	0.042728	0.167217	0.025898	-0.032995	0.999120	-0.091931	-0.995299	-0.030486	0.995429	-0.091061	-0.028810
10854	10.182042	1.251136	1.013646	-0.783672	0.049626	0.134475	0.025312	-0.034337	0.999090	-0.099720	-0.994512	-0.031653	0.994694	-0.098828	-0.028597
10855	10.327676	1.141395	0.938933	-0.781810	0.042098	0.097427	0.024864	-0.035290	0.999068	-0.107485	-0.993678	-0.032425	0.993896	-0.106579	-0.028500
10856	10.260107	1.011599	1.008028	-0.777620	0.025609	0.066103	0.024571	-0.035969	0.999051	-0.115183	-0.992799	-0.032912	0.993040	-0.114265	-0.028537
10857	10.084746	0.867588	1.391041	-0.841518	0.003293	0.052973	0.024545	-0.036514	0.999032	-0.123510	-0.991787	-0.033215	0.992040	-0.122576	-0.028853
10858	10.085491	0.546102	2.103117	-0.920262	0.007201	0.079510	0.024406	-0.037345	0.999004	-0.132610	-0.990592	-0.033790	0.990868	-0.131653	-0.029129
10859	9.996816	0.254739	2.982022	-1.008027	0.037301	0.139380	0.023909	-0.038698	0.998965	-0.142588	-0.989167	-0.034905	0.989493	-0.141605	-0.029168
10860	10.234765	-0.129676	3.972771	-1.053511	0.099921	0.212171	0.022641	-0.040700	0.998915	-0.153010	-0.987540	-0.036769	0.987965	-0.152011	-0.028587
10861	10.843743	-0.381598	4.662044	-0.961922	0.204431	0.281613	0.020225	-0.043174	0.998863	-0.162526	-0.985920	-0.039324	0.986497	-0.161546	-0.026957
10862	10.603985	-0.796154	4.649323	-0.839117	0.397942	0.323151	0.015796	-0.045751	0.998828	-0.170812	-0.984391	-0.042389	0.985177	-0.169943	-0.023364
10863	10.583441	-0.841523	4.503765	-0.669835	0.538042	0.358918	0.009906	-0.048366	0.998781	-0.177409	-0.983069	-0.045846	0.984087	-0.176739	-0.018318
10864	10.222855	-1.154833	4.060930	-0.553681	0.698049	0.402624	0.002346	-0.051122	0.998690	-0.182835	-0.981880	-0.049832	0.983141	-0.182479	-0.011650
10865	10.260301	-1.412406	4.228623	-0.506846	0.798132	0.483489	-0.006375	-0.054408	0.998498	-0.187767	-0.980693	-0.054636	0.982193	-0.187833	-0.003964
10866	10.060003	-2.047436	4.484735	-0.536269	0.913095	0.608840	-0.016466	-0.058687	0.998141	-0.192916	-0.979332	-0.060764	0.981077	-0.193558	0.004804
10867	10.222423	-2.699570	4.528671	-0.621760	1.033345	0.756544	-0.028073	-0.064074	0.997550	-0.198797	-0.977652	-0.068390	0.979639	-0.200230	0.014708
10868	10.230479	-3.235107	4.592726	-0.665877	1.158643	0.854312	-0.041108	-0.070110	0.996692	-0.204973	-0.975727	-0.077089	0.977904	-0.207464	0.025740
10869	11.107446	-2.941624	4.984203	-0.565826	1.279241	0.877217	-0.055435	-0.075990	0.995566	-0.210030	-0.973903	-0.086031	0.976122	-0.213867	0.038028
10870	11.085954	-2.614737	4.954022	-0.510126	1.500068	0.900108	-0.071942	-0.081549	0.994069	-0.214383	-0.972093	-0.095262	0.974097	-0.219965	0.052452
10871	11.153865	-1.899895	5.303305	-0.525961	1.594606	0.985778	-0.089613	-0.087590	0.992118	-0.218653	-0.970094	-0.105396	0.971679	-0.226374	0.067781
10872	11.231391	-1.528162	5.808682	-0.674341	1.768613	1.046789	-0.109058	-0.093712	0.989608	-0.224106	-0.967598	-0.116325	0.968443	-0.234463	0.084523
10873	11.236449	-1.166337	6.394176	-0.900967	1.957287	1.062047	-0.130427	-0.099305	0.986472	-0.231486	-0.964422	-0.127692	0.964056	-0.245008	0.102799
10874	11.023952	-0.921919	6.956659	-1.134906	2.127148	1.051712	-0.153330	-0.104133	0.982673	-0.240852	-0.960504	-0.139365	0.958374	-0.258048	0.122194
10875	10.796594	-0.748521	6.991897	-1.452954	2.217426	1.007804	-0.177043	-0.107908	0.978270	-0.253001	-0.955579	-0.151192	0.951129	-0.274271	0.141878
10876	10.518833	-0.900092	8.024801	-1.921402	2.216797	0.916128	-0.200394	-0.110380	0.973477	-0.269408	-0.949118	-0.163077	0.941945	-0.294943	0.160460
10877	11.520215	-2.127249	5.988185	-2.299934	1.996344	0.825410	-0.221468	-0.112071	0.968706	-0.289146	-0.941155	-0.174989	0.931314	-0.318852	0.176031
10878	13.883026	-3.639126	2.551249	-2.273805	1.906028	0.723882	-0.241254	-0.112611	0.963906	-0.308469	-0.932835	-0.186186	0.920132	-0.342253	0.190313
10879	14.342827	-4.781787	0.673037	-1.692677	1.965848	0.600867	-0.261213	-0.111309	0.958842	-0.322380	-0.926235	-0.195348	0.909857	-0.360139	0.206061
10880	14.657659	-4.478035	-0.010294	-1.001386	1.922506	0.472864	-0.280146	-0.108705	0.953783	-0.330115	-0.922063	-0.202051	0.901411	-0.371462	0.222427
10881	16.717413	-3.802491	-1.726135	-0.348415	1.995013	0.409702	-0.299486	-0.105041	0.948301	-0.331987	-0.920339	-0.206789	0.894479	-0.376754	0.240756
10882	17.358104	-2.502662	-2.710638	0.174045	2.314220	0.362992	-0.321290	-0.099713	0.941716	-0.329254	-0.920636	-0.209814	0.887899	-0.377475	0.262960
10883	16.690441	-1.091559	-2.880497	0.522021	2.654659	0.392823	-0.346099	-0.093375	0.933540	-0.323258	-0.922238	-0.212088	0.880750	-0.375177	0.289002
10884	13.501827	0.495022	-1.458455	0.587516	2.865110	0.356971	-0.372337	-0.086021	0.924103	-0.316768	-0.924127	-0.213654	0.872366	-0.372278	0.316838
10885	10.779809	1.341826	-0.424750	0.384881	2.719215	0.341373	-0.397036	-0.079105	0.914388	-0.312048	-0.925293	-0.215543	0.863127	-0.370911	0.342690
10886	10.115735	1.603557	-0.031080	0.065470	2.457823	0.356405	-0.419219	-0.073330	0.904919	-0.309973	-0.925278	-0.218580	0.853330	-0.372133	0.365164
10887	9.669622	1.024125	-1.476590	-0.183968	2.283057	0.353967	-0.439695	-0.068098	0.895562	-0.309947	-0.924361	-0.222463	0.842971	-0.375393	0.385330
10888	8.250926	0.309601	-1.858221	-0.374737	2.102834	0.261586	-0.458105	-0.062628	0.886689	-0.311853	-0.922788	-0.226295	0.832399	-0.380184	0.403203
10889	7.819779	-0.743758	-1.507522	-0.517338	1.828363	0.215136	-0.473906	-0.057634	0.878687	-0.315067	-0.920699	-0.230316	0.822281	-0.385993	0.418166
10890	8.050684	-1.161062	-1.220410	-0.456658	1.706853	0.164430	-0.488361	-0.052574	0.871056	-0.317949	-0.918850	-0.233718	0.812657	-0.391090	0.432015
10891	7.165219	-0.658165	-0.928163	-0.394441	1.665943	0.043251	-0.501947	-0.046451	0.863650	-0.320860	-0.917300	-0.235818	0.803180	-0.395478	0.445532
10892	6.126349	-0.013857	-0.760593	-0.416568	1.602308	-0.122323	-0.514329	-0.039016	0.856705	-0.324747	-0.915712	-0.236668	0.793728	-0.399938	0.458307
10893	6.689349	0.048195	-0.687544	-0.691026	1.559163	-0.317481	-0.525561	-0.029858	0.850232	-0.331787	-0.913058	-0.237155	0.783392	-0.406735	0.469962
10894	4.217135	0.312146	0.475453	-0.533422	1.556772	-0.560120	-0.535785	-0.018436	0.844153	-0.338852	-0.911027	-0.234966	0.773378	-0.411934	0.481868
10895	4.619855	2.699543	1.194245	-0.709217	1.233557	-0.541982	-0.543384	-0.008419	0.839442	-0.347171	-0.908181	-0.233837	0.764334	-0.418493	0.490568
10896	5.256864	2.455905	1.326601	-1.019081	0.996956	-0.260689	-0.550028	-0.001898	0.835144	-0.356279	-0.903902	-0.236700	0.755338	-0.427736	0.496495
10897	6.355366	0.734214	1.176211	-1.093761	1.041784	-0.258115	-0.556883	0.004908	0.830576	-0.365860	-0.899196	-0.239987	0.745673	-0.437519	0.502542
10898	6.371294	0.286279	1.724936	-0.868640	1.089538	-0.387269	-0.563511	0.013131	0.826004	-0.374406	-0.895347	-0.241191	0.736394	-0.445175	0.509454
10899	6.024607	0.248781	2.112692	-0.577491	1.044857	-0.481507	-0.569308	0.022087	0.821828	-0.381308	-0.892710	-0.240153	0.728350	-0.450090	0.516648
10900	5.965209	0.198678	2.248325	-0.310361	0.959314	-0.536617	-0.574191	0.031142	0.818129	-0.386566	-0.891188	-0.237382	0.721714	-0.452564	0.523751
10901	5.908970	-0.572369	2.288777	-0.129199	0.928149	-0.565365	-0.578626	0.040358	0.814594	-0.390700	-0.890435	-0.233409	0.715923	-0.453318	0.530997
10902	5.370054	-1.452193	2.549619	0.061655	0.860803	-0.549956	-0.582602	0.049093	0.811274	-0.393393	-0.890491	-0.228622	0.711208	-0.452345	0.538114
10903	4.996140	-2.301087	2.655144	0.220973	0.810264	-0.495082	-0.586358	0.057132	0.808035	-0.394666	-0.891259	-0.223376	0.707406	-0.449882	0.545145
10904	4.512713	-3.088469	2.778936	0.449569	0.748573	-0.404978	-0.590037	0.064036	0.804833	-0.393813	-0.893049	-0.217656	0.704818	-0.445379	0.552150
10905	4.052427	-3.966427	3.186282	0.643171	0.655504	-0.312601	-0.593386	0.069701	0.801894	-0.391080	-0.895717	-0.211535	0.703526	-0.439126	0.558765
10906	3.662513	-4.968923	4.044975	0.890277	0.456205	-0.286653	-0.595473	0.074199	0.799942	-0.386457	-0.899407	-0.204252	0.704318	-0.430769	0.564247
10907	3.530109	-5.820772	4.832012	1.309344	0.139438	-0.374510	-0.594989	0.078133	0.799927	-0.379380	-0.904713	-0.193816	0.708561	-0.418794	0.567937
10908	3.820772	-5.664121	5.095723	1.818394	-0.181085	-0.574257	-0.591536	0.082546	0.802042	-0.369770	-0.911741	-0.178883	0.716488	-0.402386	0.569850
10909	4.209898	-4.941119	5.400869	2.111861	-0.448803	-0.850048	-0.585169	0.088523	0.806065	-0.359471	-0.919337	-0.159999	0.726882	-0.383383	0.569789
10910	5.384015	-3.658134	4.936613	2.417658	-0.639722	-1.117663	-0.576511	0.096401	0.811382	-0.348179	-0.927331	-0.137214	0.739193	-0.361612	0.568182
10911	6.079577	-1.858563	5.376242	2.448984	-0.721162	-1.312009	-0.566614	0.106041	0.817132	-0.337361	-0.934612	-0.112645	0.751756	-0.339494	0.565338
10912	6.368324	-0.672677	6.208170	2.220242	-0.760933	-1.393043	-0.556196	0.116537	0.822840	-0.328299	-0.940397	-0.088727	0.763456	-0.319487	0.561304
10913	6.158966	0.480217	7.567567	1.968206	-0.737777	-1.422230	-0.545885	0.127606	0.828086	-0.320945	-0.944797	-0.065981	0.773954	-0.301788	0.556705
10914	5.298617	1.085197	8.477077	1.588198	-0.736689	-1.401152	-0.535669	0.138636	0.832970	-0.316097	-0.947632	-0.045557	0.783033	-0.287703	0.551440
10915	4.434696	1.343657	9.391881	1.252505	-0.839774	-1.409778	-0.524602	0.149597	0.838101	-0.313649	-0.949158	-0.026906	0.791465	-0.276985	0.544851
10916	4.205918	1.767112	10.617297	1.081042	-1.104387	-1.373579	-0.511495	0.159573	0.844340	-0.312099	-0.950002	-0.009525	0.800604	-0.268390	0.535724
10917	4.899800	2.739636	11.039001	0.946785	-1.473378	-1.264699	-0.495678	0.167657	0.852171	-0.310779	-0.950462	0.006226	0.811000	-0.261750	0.523227
10918	5.486729	4.615140	9.116063	0.810903	-1.823208	-1.256243	-0.476867	0.174812	0.861417	-0.310205	-0.950434	0.021152	0.822418	-0.257129	0.507458
10919	7.294865	7.451496	4.425336	0.621250	-2.258447	-1.170207	-0.454525	0.180132	0.872330	-0.310448	-0.949967	0.034406	0.834882	-0.255175	0.487706
10920	12.406478	6.713238	1.733128	-0.419044	-2.694182	-0.296803	-0.430939	0.175902	0.885071	-0.315225	-0.948371	0.035000	0.845533	-0.263913	0.464139
10921	20.190602	2.985096	3.650121	-1.594727	-2.484086	0.332318	-0.410930	0.165961	0.896434	-0.327295	-0.944595	0.024844	0.850891	-0.283190	0.442480
10922	23.791749	-1.257985	11.047610	-3.636121	-1.523713	0.510987	-0.399737	0.156509	0.903169	-0.355997	-0.934477	0.004372	0.844675	-0.319778	0.429262
10923	19.613950	-6.845798	16.434803	-5.613785	-0.657072	0.548632	-0.396313	0.149153	0.905919	-0.400664	-0.915898	-0.024483	0.826078	-0.372672	0.422743
10924	14.533102	-12.467138	11.559386	-6.074940	-0.584360	0.122443	-0.392060	0.145646	0.908337	-0.449611	-0.891763	-0.051075	0.802582	-0.428423	0.415109
10925	12.231603	-16.640556	2.395671	-4.946215	-0.500141	-0.504394	-0.385746	0.147812	0.910687	-0.490697	-0.868763	-0.066841	0.781292	-0.472655	0.407653
10926	8.553263	-19.608875	-2.314756	-2.301684	-0.408127	-0.953449	-0.377788	0.154004	0.912994	-0.512153	-0.856238	-0.067493	0.771346	-0.493091	0.402351
10927	5.062103	-16.374627	-3.629275	0.915232	-0.539559	-1.079551	-0.368131	0.160554	0.915807	-0.509036	-0.859049	-0.054016	0.778050	-0.486063	0.397970
10928	3.484047	-9.509453	-4.407132	3.406417	-0.659412	-0.927318	-0.358315	0.165417	0.918829	-0.485515	-0.873641	-0.032054	0.797424	-0.457591	0.393351
10929	2.089772	-1.663656	-2.510783	4.639182	-0.712467	-1.065174	-0.347590	0.171601	0.921811	-0.451660	-0.892180	-0.004224	0.821696	-0.417813	0.387618
10930	4.496982	5.691003	-0.359576	4.818236	-0.844703	-1.158536	-0.335509	0.178627	0.924946	-0.415390	-0.909302	0.024930	0.845509	-0.375849	0.379279
10931	11.074397	11.684232	2.338293	3.936694	-1.258077	-0.298052	-0.323578	0.176741	0.929548	-0.382641	-0.922929	0.042284	0.865380	-0.342001	0.366268
10932	14.263908	13.871945	1.103333	3.007489	-1.194446	-0.011555	-0.313091	0.172860	0.933860	-0.356370	-0.932830	0.053191	0.880327	-0.316146	0.353662
10933	13.500378	15.987546	1.885244	1.480456	-0.970836	-0.092092	-0.304180	0.170639	0.937207	-0.343508	-0.937284	0.059164	0.888525	-0.303941	0.343719
10934	11.312929	10.618311	1.257441	-0.723845	-0.941281	-0.160492	-0.295238	0.169185	0.940325	-0.350367	-0.934803	0.058185	0.888863	-0.312280	0.335266
10935	10.120456	3.752918	0.035008	-1.942715	-0.943846	-0.113910	-0.286439	0.167163	0.943403	-0.367872	-0.928376	0.052806	0.884660	-0.331926	0.327417
10936	8.890707	-1.393282	-0.573103	-2.036459	-0.970752	0.017992	-0.277924	0.163617	0.946566	-0.385734	-0.921461	0.046021	0.879754	-0.352333	0.319209
10937	9.049574	-4.835327	-0.965166	-1.312060	-0.983795	-0.080529	-0.268937	0.160778	0.949644	-0.397428	-0.916642	0.042640	0.877339	-0.365947	0.310417
10938	9.911447	-3.720009	-0.362749	-0.151980	-1.023792	-0.385248	-0.258391	0.160487	0.952616	-0.399726	-0.915489	0.045809	0.879462	-0.368949	0.300706
10939	10.165399	-1.159725	0.423185	0.314429	-1.096508	-0.369432	-0.247221	0.159769	0.955696	-0.397835	-0.916081	0.050234	0.883521	-0.367791	0.290036
10940	10.122944	1.355304	0.598474	0.563511	-1.130231	-0.481998	-0.235281	0.159992	0.958669	-0.393953	-0.917397	0.056419	0.888506	-0.364396	0.278876
10941	9.845445	3.072218	0.804889	0.299779	-1.127367	-0.461241	-0.223392	0.160056	0.961498	-0.392288	-0.917775	0.061635	0.892304	-0.363416	0.267811
10942	9.571167	1.922619	1.173827	-0.148659	-1.156930	-0.337073	-0.211713	0.158867	0.964333	-0.394299	-0.916719	0.064458	0.894263	-0.366589	0.256722
10943	9.679344	0.506538	1.599834	-0.263163	-1.130546	-0.351375	-0.200160	0.157855	0.966963	-0.397324	-0.915217	0.067162	0.895583	-0.370754	0.245910
10944	9.714837	-1.019960	1.524130	-0.244646	-1.088990	-0.278596	-0.189272	0.156286	0.969407	-0.400009	-0.913892	0.069236	0.896755	-0.374667	0.235490
10945	9.627782	-1.962764	1.690959	0.069371	-1.060162	-0.178292	-0.178995	0.153872	0.971743	-0.399661	-0.913902	0.071095	0.899017	-0.375642	0.225081
10946	9.631181	-2.185742	1.883229	0.465481	-1.040183	-0.097147	-0.169220	0.150809	0.973972	-0.395588	-0.915520	0.073028	0.902704	-0.372934	0.214583
10947	9.551279	-1.342750	1.919410	0.857477	-1.052449	-0.048081	-0.159460	0.147285	0.976156	-0.387852	-0.918645	0.075249	0.907823	-0.366605	0.203612
10948	9.329353	-0.251405	1.944071	1.117882	-1.046086	-0.029724	-0.149799	0.143711	0.978216	-0.377668	-0.922674	0.077717	0.913743	-0.357799	0.192491
10949	8.714345	1.240109	2.284103	1.221169	-1.064651	-0.055199	-0.139790	0.140387	0.980179	-0.366501	-0.926930	0.080492	0.919857	-0.347984	0.181027
10950	8.726256	2.698077	2.408094	1.138288	-1.109341	-0.057150	-0.129327	0.137050	0.982085	-0.356026	-0.930782	0.083007	0.925484	-0.338913	0.169168
10951	8.986164	3.206336	2.585644	0.880417	-1.088472	-0.006987	-0.119160	0.133391	0.983874	-0.347816	-0.933750	0.084470	0.929960	-0.332142	0.157661
10952	9.006483	2.960701	2.581450	0.597985	-1.054915	0.003829	-0.109323	0.129816	0.985493	-0.342193	-0.935750	0.085303	0.933248	-0.327903	0.146721
10953	9.230776	2.786829	2.695268	0.358722	-1.026573	0.006735	-0.099710	0.126332	0.986964	-0.338783	-0.936953	0.085704	0.935566	-0.325821	0.136222
10954	9.576852	2.478746	2.624044	0.172005	-0.978591	0.029724	-0.090625	0.122810	0.988284	-0.337097	-0.937571	0.085596	0.937098	-0.325391	0.126366
10955	9.864007	2.015911	2.458445	-0.015094	-0.897889	0.036959	-0.082289	0.119477	0.989421	-0.337157	-0.937587	0.085177	0.937845	-0.326581	0.117436
10956	9.723487	1.151250	1.876706	-0.174399	-0.779553	-0.001139	-0.074952	0.116875	0.990314	-0.338748	-0.937035	0.084949	0.937887	-0.329100	0.109823
10957	9.388710	0.307156	1.656342	-0.270621	-0.729186	-0.035049	-0.067955	0.114735	0.991069	-0.341262	-0.936120	0.084974	0.937509	-0.332440	0.102769
10958	9.569968	-0.209787	1.668725	-0.276830	-0.682350	-0.047850	-0.061373	0.112845	0.991715	-0.343842	-0.935161	0.085131	0.937020	-0.335768	0.096195
10959	9.352059	-0.454365	1.290713	-0.137722	-0.667877	-0.056594	-0.054883	0.111067	0.992296	-0.345117	-0.934655	0.085527	0.936953	-0.337765	0.089628
10960	9.337663	-0.166138	1.360298	0.095046	-0.694602	-0.041717	-0.048207	0.109054	0.992866	-0.344203	-0.934950	0.085980	0.937657	-0.337603	0.082607
10961	9.413026	0.433469	1.332028	0.224121	-0.705108	-0.028265	-0.041459	0.106882	0.993407	-0.342066	-0.935696	0.086397	0.938761	-0.336229	0.075354
10962	9.337522	1.208445	1.312745	0.272972	-0.693055	-0.013096	-0.034882	0.104623	0.993900	-0.339463	-0.936617	0.086680	0.939973	-0.334368	0.068187
10963	9.581758	1.669032	1.652120	0.250159	-0.674715	-0.000801	-0.028500	0.102321	0.994343	-0.337064	-0.937471	0.086808	0.941050	-0.332683	0.061207
10964	9.664808	1.757995	1.729455	0.239786	-0.647984	-0.007476	-0.022351	0.100183	0.994718	-0.334764	-0.938279	0.086977	0.942037	-0.331052	0.054509
10965	9.842508	1.396163	1.556004	0.234502	-0.610624	-0.022200	-0.016490	0.098319	0.995018	-0.332513	-0.939051	0.087278	0.942954	-0.329418	0.048177
10966	9.371464	0.891039	1.282065	0.261932	-0.576652	-0.037793	-0.010902	0.096722	0.995252	-0.330004	-0.939894	0.087728	0.943917	-0.327480	0.042165
10967	9.483517	0.526719	1.284831	0.276211	-0.559756	-0.012108	-0.005546	0.094954	0.995466	-0.327352	-0.940804	0.087917	0.944886	-0.325380	0.036301
10968	9.382593	0.466601	1.209705	0.320486	-0.534461	0.026122	-0.000555	0.092919	0.995674	-0.324278	-0.941886	0.087719	0.945962	-0.322826	0.030654
10969	9.273176	0.430449	0.980600	0.415116	-0.550819	0.072463	0.004453	0.090413	0.995894	-0.320306	-0.943304	0.087071	0.947304	-0.319379	0.024759
10970	8.725891	0.607588	1.047943	0.551832	-0.630361	0.126567	0.010052	0.087162	0.996143	-0.315040	-0.945185	0.085882	0.949025	-0.314689	0.017958
10971	7.997903	0.668153	0.946408	0.601288	-0.758140	0.129299	0.016876	0.083518	0.996363	-0.309303	-0.947190	0.084635	0.950814	-0.309606	0.009848
10972	8.552042	-0.275840	-0.076824	0.533189	-0.878092	0.140168	0.024826	0.079432	0.996531	-0.304216	-0.948961	0.083219	0.952279	-0.305227	0.000606
10973	8.379245	-0.714749	-0.511449	0.542753	-0.872561	0.191826	0.032587	0.074911	0.996658	-0.299057	-0.950771	0.081241	0.953679	-0.300705	-0.008580
10974	8.753052	-0.690726	-1.214935	0.628364	-0.957555	0.296334	0.040874	0.069180	0.996766	-0.293127	-0.952874	0.078154	0.955199	-0.295373	-0.018669
10975	9.499529	-0.432903	-1.709324	0.824123	-1.049579	0.402925	0.049771	0.062214	0.996821	-0.285388	-0.955560	0.073888	0.957119	-0.288158	-0.029804
10976	9.708360	0.394637	-1.475536	1.032842	-1.054076	0.441609	0.058659	0.054942	0.996765	-0.275688	-0.958762	0.069071	0.959456	-0.278848	-0.041093
10977	9.738749	1.979781	-0.478517	1.152933	-1.089569	0.399963	0.068076	0.048057	0.996522	-0.264824	-0.962138	0.064490	0.961891	-0.268294	-0.052772
10978	10.144430	3.333386	0.218121	1.117785	-1.089076	0.290383	0.077837	0.042337	0.996067	-0.254232	-0.965224	0.060893	0.964006	-0.257972	-0.064367
10979	11.263402	3.581514	0.833563	0.935380	-1.006776	0.248062	0.086962	0.037331	0.995512	-0.245371	-0.967709	0.057722	0.965521	-0.249290	-0.074994
10980	11.511489	3.113181	1.730302	0.803982	-0.927851	0.247963	0.095355	0.032595	0.994910	-0.237791	-0.969783	0.054562	0.966625	-0.241783	-0.084723
10981	11.764285	2.064825	2.607276	0.666347	-0.822445	0.356873	0.102499	0.027122	0.994363	-0.231660	-0.971491	0.050378	0.967382	-0.235518	-0.093294
10982	11.491248	0.524867	3.069098	0.635572	-0.695443	0.561430	0.107973	0.019991	0.993953	-0.226061	-0.973113	0.044129	0.968111	-0.229459	-0.100551
10983	11.163599	-0.905230	3.230098	0.750990	-0.561393	0.770773	0.111713	0.011174	0.993678	-0.219595	-0.974939	0.035651	0.969174	-0.222190	-0.106460
10984	11.247687	-1.759728	3.719768	0.999084	-0.469898	0.886467	0.114393	0.001446	0.993435	-0.210868	-0.977177	0.025703	0.970798	-0.212423	-0.111477
10985	11.684160	-2.301449	4.479444	1.336794	-0.389012	0.936257	0.116262	-0.008560	0.993182	-0.198917	-0.979904	0.014840	0.973096	-0.199286	-0.115628
10986	11.073397	-2.012471	4.710321	1.748577	-0.311255	0.943214	0.117525	-0.018465	0.992898	-0.182939	-0.983119	0.003370	0.976074	-0.182036	-0.118919
10987	10.985940	-0.659961	5.096498	1.875640	-0.283020	0.936444	0.118651	-0.028220	0.992535	-0.165672	-0.986147	-0.008234	0.979017	-0.163458	-0.121682
10988	11.118881	-0.047053	4.599024	1.877643	-0.243844	0.908351	0.119648	-0.037619	0.992103	-0.148307	-0.988747	-0.019606	0.981677	-0.144790	-0.123881
10989	11.413125	0.363652	3.886776	1.807628	-0.183673	0.921249	0.120140	-0.047029	0.991642	-0.131608	-0.990816	-0.031045	0.983995	-0.126778	-0.125226
10990	12.288316	0.346565	3.799154	1.561937	-0.082448	0.959487	0.119792	-0.056692	0.991179	-0.117335	-0.992180	-0.042568	0.985841	-0.111201	-0.125507
10991	12.729618	0.142885	4.543841	1.300171	0.139364	0.983451	0.117284	-0.066345	0.990880	-0.105634	-0.992939	-0.053979	0.987464	-0.098339	-0.123464
10992	13.491282	0.244959	6.149551	1.094416	0.392572	0.984419	0.112448	-0.075806	0.990762	-0.095909	-0.993258	-0.065112	0.989018	-0.087701	-0.118961
10993	14.461705	0.632454	7.424064	0.959553	0.815161	0.975348	0.103431	-0.084848	0.991011	-0.087422	-0.993274	-0.075918	0.990787	-0.078784	-0.110153
10994	14.151174	1.275561	7.902716	0.785033	1.354567	0.982404	0.089208	-0.093632	0.991602	-0.080541	-0.992989	-0.086517	0.992751	-0.072147	-0.096124
10995	12.432768	1.618873	7.714644	0.629739	1.803966	1.023046	0.070408	-0.102552	0.992233	-0.075054	-0.992426	-0.097246	0.994691	-0.067624	-0.077571
10996	12.663742	1.319180	7.599863	0.384251	2.113739	1.055087	0.048628	-0.111655	0.992557	-0.071814	-0.991551	-0.108024	0.996232	-0.066027	-0.056235
10997	12.132215	0.795091	6.846080	0.066406	2.403844	1.039308	0.023823	-0.120357	0.992445	-0.071477	-0.990391	-0.118392	0.997158	-0.068116	-0.032197
10998	11.320111	0.252436	5.486731	-0.553041	2.601899	1.006066	-0.002832	-0.128478	0.991708	-0.077052	-0.988736	-0.128313	0.997023	-0.076777	-0.007100
10999	10.112379	-0.110372	4.228355	-1.095265	2.672593	0.900913	-0.030321	-0.135142	0.990362	-0.087758	-0.986632	-0.137320	0.995680	-0.091076	0.018055
11000	9.279789	-0.310779	3.156366	-1.480552	2.614225	0.721092	-0.056967	-0.139681	0.988557	-0.102120	-0.984156	-0.144944	0.993140	-0.109209	0.041800
11001	10.590286	-0.492267	1.384701	-1.643194	2.453162	0.516332	-0.081983	-0.141842	0.986489	-0.117989	-0.981478	-0.150928	0.989625	-0.128769	0.063728
11002	13.085214	-0.105059	0.136707	-1.431907	2.416030	0.303549	-0.106190	-0.141548	0.984219	-0.131797	-0.979079	-0.155029	0.985573	-0.146179	0.085312
11003	14.347257	0.262239	-0.796603	-1.002360	2.586351	0.104943	-0.131892	-0.138624	0.981523	-0.141462	-0.977406	-0.157052	0.981118	-0.159562	0.109302
11004	14.915294	1.496249	-0.964433	-0.502048	2.632875	-0.067104	-0.157535	-0.133709	0.978419	-0.146423	-0.976676	-0.157046	0.976598	-0.168003	0.134283
11005	13.998484	2.768152	-0.847227	-0.081771	2.625997	-0.200845	-0.182941	-0.127277	0.974850	-0.147494	-0.976809	-0.155211	0.971997	-0.172179	0.159926
11006	13.388007	4.096099	-0.421597	0.043213	2.498625	-0.318122	-0.206667	-0.119886	0.971039	-0.147641	-0.977279	-0.152079	0.967208	-0.174795	0.184271
11007	13.556518	4.617329	-0.844721	-0.179778	2.330762	-0.321805	-0.228772	-0.112600	0.966946	-0.150008	-0.977347	-0.149302	0.961853	-0.179206	0.206699
11008	13.079174	3.548808	-1.312221	-0.679087	2.394829	-0.302329	-0.251231	-0.105298	0.962183	-0.157188	-0.976431	-0.147900	0.955079	-0.188400	0.228758
11009	11.677431	3.106977	-0.662810	-1.125902	2.258827	-0.316984	-0.272290	-0.097773	0.957235	-0.168660	-0.974573	-0.147520	0.947318	-0.201616	0.248876
11010	12.183027	1.718058	-0.216578	-1.736072	2.205049	-0.254316	-0.292597	-0.090698	0.951925	-0.185689	-0.971153	-0.149606	0.938033	-0.220536	0.267314
11011	13.550982	0.523902	0.040881	-2.054870	2.148281	-0.206563	-0.312310	-0.083691	0.946287	-0.205415	-0.966597	-0.153282	0.927506	-0.242253	0.284686
11012	13.369799	-0.642489	-0.442606	-2.055034	2.133293	-0.187867	-0.331546	-0.076538	0.940329	-0.224909	-0.961556	-0.157565	0.916239	-0.263728	0.301586
11013	12.482590	-0.835840	-0.693249	-1.825561	2.084979	-0.244344	-0.350027	-0.068464	0.934234	-0.242297	-0.956768	-0.160896	0.904861	-0.282680	0.318306
11014	11.926001	-1.365216	-0.928683	-1.782336	2.079104	-0.282327	-0.367985	-0.059759	0.927910	-0.259275	-0.951757	-0.164117	0.892952	-0.300976	0.334738
11015	11.869977	-1.579589	-0.865746	-1.709501	2.102350	-0.335985	-0.385783	-0.050031	0.921232	-0.275633	-0.946674	-0.166839	0.880453	-0.318285	0.351421
11016	11.392303	-2.097572	-1.066685	-1.717492	2.186876	-0.349137	-0.403878	-0.039644	0.913953	-0.291960	-0.941229	-0.169845	0.866973	-0.335434	0.368568
11017	10.442918	-2.530089	-1.191245	-1.591982	2.205842	-0.346185	-0.421857	-0.028800	0.906205	-0.307014	-0.935911	-0.172666	0.853100	-0.351058	0.385978
