// General information: 
//  MT Manager version: 2022.2.0 
//  XDA version: 2022.2.0 build 7381 rev 124627 built on 2023-07-19
// Device information: 
//  DeviceId: 00B4CAF0
//  ProductCode: MTW2-3A7G6
//  Firmware Version: 4.6.0
//  Hardware Version: 2.0.0
// Device settings: 
//  Filter Profile: human(46.1)
//  Option Flags: Orientation Smoother Disabled, Position/Velocity Smoother Disabled, Continuous Zero Rotation Update Disabled, AHS Disabled, ICC Disabled
// Coordinate system: ENU
PacketCounter	Acc_X	Acc_Y	Acc_Z	Gyr_X	Gyr_Y	Gyr_Z	Mat[1][1]	Mat[2][1]	Mat[3][1]	Mat[1][2]	Mat[2][2]	Mat[3][2]	Mat[1][3]	Mat[2][3]	Mat[3][3]
01426	5.062764	0.358092	8.929615	0.007512	-0.033823	0.008905	0.284689	-0.809636	0.513266	0.930332	0.362459	0.055730	-0.231159	0.461642	0.856418
01427	5.050366	0.384294	8.957630	0.012069	-0.033333	0.009236	0.284665	-0.809450	0.513572	0.930296	0.362545	0.055766	-0.231333	0.461900	0.856232
01428	5.073398	0.392687	8.999780	0.015478	-0.031676	0.010110	0.284676	-0.809346	0.513730	0.930263	0.362626	0.055801	-0.231454	0.462019	0.856135
01429	5.050847	0.415435	9.005943	0.011874	-0.032072	0.007817	0.284641	-0.809171	0.514025	0.930231	0.362700	0.055842	-0.231623	0.462267	0.855955
01430	5.045558	0.406778	8.928091	0.015466	-0.031669	0.010100	0.284652	-0.809066	0.514183	0.930198	0.362781	0.055877	-0.231744	0.462387	0.855858
01431	5.105940	0.391248	8.930040	0.007299	-0.032552	0.007476	0.284613	-0.808890	0.514482	0.930178	0.362831	0.055880	-0.231871	0.462656	0.855678
01432	5.102199	0.363843	8.909083	0.012509	-0.030696	0.009491	0.284621	-0.808792	0.514632	0.930153	0.362893	0.055892	-0.231962	0.462779	0.855587
01433	5.079517	0.386601	8.915330	0.015266	-0.030406	0.008675	0.284597	-0.808621	0.514913	0.930112	0.362989	0.055958	-0.232157	0.463001	0.855414
01434	5.125694	0.391424	8.893075	0.007977	-0.019672	0.002667	0.284567	-0.808598	0.514966	0.930116	0.362975	0.055966	-0.232174	0.463052	0.855382
01435	5.125599	0.397764	8.946341	0.011391	-0.018018	0.003540	0.284525	-0.808504	0.515138	0.930099	0.363012	0.056025	-0.232298	0.463189	0.855274
01436	5.142336	0.372791	8.915741	0.009702	-0.013092	-0.000143	0.284484	-0.808521	0.515134	0.930107	0.362984	0.056062	-0.232312	0.463181	0.855274
01437	5.094071	0.411987	8.876689	0.009321	-0.005433	-0.000449	0.284434	-0.808499	0.515196	0.930106	0.362979	0.056123	-0.232381	0.463223	0.855233
01438	5.119987	0.390795	8.868508	0.007522	-0.005633	-0.001590	0.284396	-0.808555	0.515128	0.930124	0.362928	0.056149	-0.232354	0.463164	0.855272
01439	5.106470	0.398889	8.955061	0.004199	0.002991	-0.002491	0.284347	-0.808580	0.515117	0.930140	0.362883	0.056177	-0.232351	0.463157	0.855277
01440	5.082553	0.416035	8.908762	0.011704	0.002512	-0.001569	0.284329	-0.808674	0.514980	0.930148	0.362852	0.056238	-0.232340	0.463017	0.855356
01441	5.110928	0.446772	8.917631	0.006179	0.001940	0.000059	0.284300	-0.808684	0.514979	0.930152	0.362837	0.056270	-0.232358	0.463011	0.855354
01442	5.036385	0.418988	8.984202	0.004853	0.004359	-0.000804	0.284293	-0.808783	0.514827	0.930174	0.362780	0.056268	-0.232278	0.462883	0.855445
01443	5.058074	0.421347	8.973858	0.004251	0.001769	0.003970	0.284301	-0.808778	0.514830	0.930172	0.362788	0.056263	-0.232279	0.462885	0.855444
01444	5.063344	0.391881	8.922191	0.004923	-0.002017	0.003146	0.284316	-0.808833	0.514736	0.930183	0.362763	0.056241	-0.232217	0.462808	0.855502
01445	5.117537	0.400119	8.923005	0.006721	-0.001817	0.004286	0.284318	-0.808811	0.514770	0.930173	0.362785	0.056256	-0.232251	0.462831	0.855481
01446	5.095533	0.398451	8.933496	0.005869	0.003222	0.003701	0.284351	-0.808888	0.514632	0.930180	0.362769	0.056239	-0.232184	0.462709	0.855565
01447	5.091920	0.422693	8.930938	0.001798	0.000201	0.001141	0.284328	-0.808886	0.514646	0.930192	0.362742	0.056228	-0.232166	0.462733	0.855557
01448	5.088243	0.447014	8.928413	0.007486	0.004675	0.003432	0.284361	-0.808970	0.514496	0.930196	0.362732	0.056226	-0.232109	0.462594	0.855647
01449	5.094806	0.399174	8.933878	0.001962	0.004104	0.005061	0.284384	-0.808972	0.514480	0.930195	0.362738	0.056196	-0.232082	0.462585	0.855659
01450	5.082635	0.401084	8.966419	0.004069	0.003022	0.002559	0.284406	-0.809051	0.514344	0.930210	0.362705	0.056169	-0.231999	0.462473	0.855743
01451	5.094133	0.399445	8.934250	0.002744	0.005441	0.001696	0.284400	-0.809072	0.514314	0.930217	0.362687	0.056163	-0.231975	0.462451	0.855761
01452	5.083609	0.395863	8.912591	0.005686	0.004475	0.002291	0.284422	-0.809158	0.514166	0.930229	0.362659	0.056151	-0.231902	0.462322	0.855850
01453	5.108427	0.374134	8.905087	0.003870	0.009429	0.003659	0.284445	-0.809190	0.514104	0.930228	0.362662	0.056145	-0.231878	0.462263	0.855889
01454	5.115831	0.396608	8.870648	0.005126	0.013386	0.000571	0.284471	-0.809323	0.513879	0.930246	0.362618	0.056136	-0.231774	0.462065	0.856024
01455	5.115982	0.378644	8.928407	0.000316	0.020527	-0.005119	0.284438	-0.809438	0.513717	0.930278	0.362534	0.056145	-0.231685	0.461930	0.856121
01456	5.056826	0.395028	8.925748	0.002653	0.016973	0.000250	0.284469	-0.809589	0.513462	0.930302	0.362476	0.056116	-0.231548	0.461712	0.856276
01457	5.093951	0.429074	8.957301	0.007079	0.017493	0.005628	0.284529	-0.809651	0.513331	0.930289	0.362509	0.056127	-0.231531	0.461576	0.856353
01458	5.048384	0.425187	8.979132	-0.002270	0.018992	-0.002900	0.284536	-0.809821	0.513058	0.930333	0.362403	0.056072	-0.231342	0.461360	0.856520
01459	5.065614	0.375186	8.952965	-0.001910	0.016489	-0.000081	0.284540	-0.809899	0.512933	0.930357	0.362349	0.056036	-0.231244	0.461266	0.856598
01460	5.104710	0.403308	8.930206	0.003973	0.014557	0.001112	0.284574	-0.810035	0.512700	0.930375	0.362304	0.056014	-0.231126	0.461064	0.856738
01461	5.031003	0.369753	8.942943	0.004466	0.012021	-0.001120	0.284558	-0.810096	0.512613	0.930387	0.362271	0.056037	-0.231100	0.460982	0.856789
01462	5.026403	0.394258	8.940916	0.004284	0.013274	-0.002531	0.284555	-0.810238	0.512390	0.930415	0.362198	0.056036	-0.230989	0.460790	0.856923
01463	5.032232	0.422897	8.960573	0.010552	0.003681	-0.001021	0.284520	-0.810260	0.512374	0.930413	0.362193	0.056111	-0.231043	0.460754	0.856928
01464	5.054168	0.349809	8.936346	0.005813	0.004445	-0.002761	0.284494	-0.810362	0.512227	0.930438	0.362125	0.056124	-0.230971	0.460629	0.857014
01465	5.050285	0.374592	8.933901	0.009406	0.004849	-0.000477	0.284468	-0.810388	0.512201	0.930436	0.362120	0.056186	-0.231011	0.460587	0.857026
01466	5.062003	0.374128	8.901611	0.022318	-0.000181	0.001369	0.284470	-0.810453	0.512097	0.930412	0.362162	0.056319	-0.231106	0.460440	0.857079
01467	5.090262	0.481849	8.924247	0.023146	-0.000062	0.004463	0.284478	-0.810438	0.512116	0.930365	0.362260	0.056474	-0.231287	0.460389	0.857058
01468	5.080171	0.479338	8.902288	0.013536	0.001499	0.006035	0.284527	-0.810494	0.512000	0.930348	0.362299	0.056507	-0.231296	0.460260	0.857125
01469	5.074964	0.433852	8.940050	0.010280	0.003751	0.009078	0.284587	-0.810480	0.511989	0.930317	0.362375	0.056528	-0.231347	0.460225	0.857130
01470	5.046114	0.404252	8.931396	0.004892	0.003144	0.005653	0.284636	-0.810544	0.511860	0.930321	0.362371	0.056489	-0.231270	0.460115	0.857209
01471	5.066187	0.412153	8.975221	0.006577	-0.001777	0.009342	0.284685	-0.810504	0.511897	0.930297	0.362432	0.056477	-0.231303	0.460138	0.857188
01472	5.071659	0.382455	8.923555	0.004601	-0.000728	0.006790	0.284736	-0.810545	0.511802	0.930299	0.362436	0.056430	-0.231235	0.460061	0.857248
01473	5.090394	0.408523	8.910320	0.004130	-0.003349	0.006515	0.284756	-0.810508	0.511851	0.930289	0.362463	0.056411	-0.231249	0.460106	0.857220
01474	5.082156	0.386155	8.945218	-0.000920	-0.001299	0.008417	0.284820	-0.810541	0.511762	0.930299	0.362455	0.056308	-0.231131	0.460054	0.857280
01475	5.078740	0.409722	8.942544	-0.001280	0.001204	0.005594	0.284842	-0.810528	0.511771	0.930304	0.362450	0.056248	-0.231082	0.460081	0.857278
01476	5.078546	0.409244	8.942676	-0.001774	0.003742	0.007823	0.284912	-0.810586	0.511640	0.930318	0.362432	0.056140	-0.230941	0.459993	0.857364
01477	5.056387	0.406634	8.953246	-0.004041	0.000919	0.006408	0.284941	-0.810568	0.511652	0.930327	0.362421	0.056052	-0.230868	0.460032	0.857363
01478	5.078252	0.407964	8.942902	-0.004221	0.002170	0.004997	0.284981	-0.810629	0.511533	0.930354	0.362370	0.055937	-0.230709	0.459966	0.857441
01479	5.056106	0.405252	8.953468	-0.005187	0.002087	0.006951	0.285017	-0.810615	0.511535	0.930365	0.362358	0.055837	-0.230621	0.460000	0.857446
01480	5.065949	0.408247	8.975534	-0.006332	0.003255	0.007494	0.285084	-0.810671	0.511410	0.930390	0.362317	0.055691	-0.230440	0.459934	0.857531
01481	5.084580	0.357640	8.948657	-0.001281	0.001204	0.005594	0.285105	-0.810658	0.511418	0.930395	0.362312	0.055631	-0.230391	0.459961	0.857529
01482	5.077515	0.405198	8.943446	-0.004401	0.003422	0.003585	0.285136	-0.810728	0.511290	0.930426	0.362248	0.055521	-0.230227	0.459886	0.857613
01483	5.060294	0.448849	8.916392	-0.002606	0.003624	0.004726	0.285154	-0.810730	0.511277	0.930438	0.362230	0.055454	-0.230158	0.459898	0.857625
01484	5.064989	0.405995	8.976178	-0.003572	0.003541	0.006680	0.285214	-0.810789	0.511150	0.930458	0.362196	0.055336	-0.230002	0.459821	0.857709
01485	5.041178	0.421479	8.929882	-0.006334	0.003256	0.007493	0.285257	-0.810779	0.511142	0.930470	0.362183	0.055222	-0.229900	0.459849	0.857721
01486	5.079755	0.378362	8.946914	-0.006513	0.004508	0.006082	0.285313	-0.810845	0.511006	0.930499	0.362130	0.055082	-0.229713	0.459775	0.857810
01487	5.025687	0.369797	8.945929	-0.003371	-0.002870	0.005588	0.285325	-0.810813	0.511050	0.930509	0.362115	0.055004	-0.229657	0.459843	0.857789
01488	4.999152	0.397368	9.007541	0.005830	-0.013434	0.007699	0.285355	-0.810790	0.511070	0.930505	0.362132	0.054960	-0.229636	0.459870	0.857780
01489	5.059722	0.375405	8.956287	0.003067	-0.013717	0.008511	0.285369	-0.810698	0.511208	0.930492	0.362170	0.054922	-0.229670	0.460002	0.857700
01490	5.079637	0.325406	8.928626	0.001880	-0.011333	0.002595	0.285356	-0.810703	0.511208	0.930512	0.362128	0.054871	-0.229607	0.460027	0.857704
01491	5.087405	0.353877	8.947200	0.015256	-0.013749	0.004712	0.285335	-0.810624	0.511344	0.930482	0.362192	0.054957	-0.229754	0.460115	0.857617
01492	5.081895	0.327205	8.927275	0.014068	-0.011365	-0.001204	0.285286	-0.810642	0.511342	0.930485	0.362174	0.055029	-0.229804	0.460097	0.857613
01493	5.091260	0.350803	8.891695	0.017300	-0.008459	-0.001745	0.285217	-0.810611	0.511430	0.930468	0.362195	0.055166	-0.229956	0.460135	0.857552
01494	5.088501	0.376676	8.888562	0.021675	-0.006722	-0.002831	0.285164	-0.810656	0.511388	0.930458	0.362199	0.055311	-0.230063	0.460053	0.857568
01495	5.103823	0.428678	8.872546	0.017528	0.001787	-0.006842	0.285071	-0.810691	0.511385	0.930456	0.362180	0.055476	-0.230187	0.460007	0.857559
01496	5.098332	0.460159	8.924158	0.014452	0.002792	-0.002390	0.285044	-0.810777	0.511263	0.930461	0.362154	0.055557	-0.230201	0.459874	0.857627
01497	5.088135	0.381496	8.888566	0.008574	0.004724	-0.003582	0.284988	-0.810814	0.511236	0.930470	0.362120	0.055628	-0.230233	0.459837	0.857638
01498	5.085932	0.388590	8.942966	0.018039	0.003198	-0.000112	0.284983	-0.810894	0.511113	0.930460	0.362130	0.055728	-0.230279	0.459688	0.857705
01499	5.082113	0.414142	8.940424	0.014921	0.005415	-0.002119	0.284942	-0.810928	0.511081	0.930451	0.362137	0.055847	-0.230369	0.459622	0.857716
01500	5.042698	0.457410	8.923817	0.008257	0.006015	0.000054	0.284945	-0.811020	0.510934	0.930463	0.362103	0.055862	-0.230315	0.459487	0.857803
01501	5.071333	0.412126	8.918845	0.010429	-0.001443	0.001516	0.284922	-0.811009	0.510963	0.930453	0.362118	0.055923	-0.230383	0.459493	0.857782
01502	5.093465	0.338802	8.894618	0.004196	0.002988	-0.002498	0.284894	-0.811096	0.510841	0.930482	0.362045	0.055916	-0.230300	0.459398	0.857855
01503	5.101297	0.349044	8.970959	-0.000578	0.004960	-0.010694	0.284773	-0.811159	0.510808	0.930533	0.361911	0.055945	-0.230247	0.459392	0.857872
01504	5.065520	0.306780	8.832177	0.060356	0.012722	-0.011806	0.284680	-0.811324	0.510598	0.930459	0.362020	0.056467	-0.230659	0.459015	0.857963
01505	5.128260	0.397497	8.869345	-0.002710	0.011206	-0.005701	0.284620	-0.811398	0.510515	0.930500	0.361916	0.056452	-0.230569	0.458966	0.858014
01506	5.124471	0.632601	8.965391	0.025564	0.014224	-0.005715	0.284587	-0.811547	0.510296	0.930489	0.361915	0.056644	-0.230653	0.458704	0.858132
01507	5.079808	0.402191	8.945845	0.002466	0.018231	-0.001201	0.284585	-0.811637	0.510154	0.930505	0.361872	0.056651	-0.230590	0.458579	0.858215
01508	5.049482	0.372390	8.938082	-0.001617	0.020364	-0.001256	0.284608	-0.811797	0.509886	0.930544	0.361782	0.056587	-0.230405	0.458366	0.858379
01509	5.041335	0.268796	8.906195	0.006834	0.019972	-0.002291	0.284599	-0.811899	0.509729	0.930553	0.361750	0.056637	-0.230378	0.458211	0.858469
01510	5.057695	0.372269	8.907785	0.022235	0.022856	-0.006643	0.284578	-0.812090	0.509437	0.930553	0.361725	0.056805	-0.230407	0.457892	0.858631
01511	5.087484	0.456496	8.933971	0.023553	0.020441	-0.005776	0.284538	-0.812206	0.509274	0.930533	0.361741	0.057016	-0.230534	0.457673	0.858714
01512	5.092096	0.486365	8.954163	0.014601	0.023377	-0.002523	0.284556	-0.812384	0.508980	0.930539	0.361715	0.057097	-0.230491	0.457378	0.858883
01513	5.076779	0.431225	8.917015	0.000453	0.024447	-0.001276	0.284567	-0.812502	0.508785	0.930560	0.361662	0.057087	-0.230392	0.457210	0.858999
01514	5.044256	0.407560	8.963603	0.005855	0.019898	-0.000349	0.284597	-0.812656	0.508523	0.930579	0.361614	0.057082	-0.230277	0.456975	0.859154
01515	5.057641	0.458204	8.948648	0.008789	0.018936	0.000248	0.284609	-0.812743	0.508376	0.930577	0.361611	0.057136	-0.230271	0.456822	0.859238
01516	5.027171	0.504641	8.954425	0.002485	0.017034	0.005244	0.284685	-0.812863	0.508142	0.930588	0.361593	0.057073	-0.230133	0.456623	0.859380
01517	5.063219	0.480041	8.915279	-0.007401	0.014722	0.007959	0.284759	-0.812903	0.508036	0.930601	0.361579	0.056948	-0.229989	0.456562	0.859451
01518	5.031411	0.454565	8.961513	-0.015676	0.013865	0.010399	0.284875	-0.812990	0.507833	0.930639	0.361520	0.056704	-0.229691	0.456455	0.859587
01519	5.040459	0.456410	8.984075	-0.016755	0.008662	0.014910	0.285000	-0.812977	0.507783	0.930653	0.361520	0.056463	-0.229477	0.456477	0.859633
01520	5.058657	0.404206	8.957732	-0.015613	0.007494	0.014368	0.285138	-0.813020	0.507637	0.930679	0.361493	0.056199	-0.229198	0.456423	0.859736
01521	5.054815	0.426420	8.955310	-0.006627	0.003351	0.017581	0.285276	-0.812973	0.507634	0.930663	0.361561	0.056032	-0.229093	0.456452	0.859749
01522	5.037544	0.468421	8.928259	-0.023104	0.007974	0.013435	0.285406	-0.813021	0.507484	0.930709	0.361493	0.055708	-0.228744	0.456420	0.859859
01523	5.045040	0.475499	9.004838	-0.018992	0.004633	0.019954	0.285569	-0.812972	0.507471	0.930714	0.361524	0.055423	-0.228520	0.456484	0.859884
01524	4.981113	0.460969	8.981845	-0.019400	-0.004363	0.023652	0.285766	-0.812926	0.507433	0.930722	0.361555	0.055079	-0.228240	0.456540	0.859929
01525	5.039154	0.441792	8.985537	-0.019873	-0.006984	0.023379	0.285935	-0.812811	0.507522	0.930719	0.361610	0.054768	-0.228042	0.456701	0.859896
01526	4.982628	0.455146	8.981301	-0.016587	-0.010449	0.026801	0.286147	-0.812726	0.507539	0.930712	0.361680	0.054433	-0.227806	0.456797	0.859908
01527	5.046166	0.393892	9.044234	-0.013772	-0.016537	0.029952	0.286355	-0.812544	0.507714	0.930676	0.361816	0.054141	-0.227691	0.457013	0.859823
01528	5.023261	0.425618	8.939778	-0.013574	-0.022950	0.028866	0.286558	-0.812394	0.507839	0.930655	0.361917	0.053821	-0.227519	0.457200	0.859769
01529	5.032491	0.451255	8.957647	-0.001953	-0.031942	0.033812	0.286766	-0.812127	0.508148	0.930581	0.362138	0.053612	-0.227559	0.457499	0.859600
01530	4.996604	0.403036	9.036350	-0.006464	-0.038791	0.037436	0.287013	-0.811873	0.508414	0.930520	0.362340	0.053309	-0.227499	0.457789	0.859461
01531	5.000644	0.400759	9.034216	-0.001378	-0.047215	0.039490	0.287240	-0.811516	0.508857	0.930428	0.362610	0.053075	-0.227588	0.458210	0.859213
01532	4.929934	0.540682	9.068363	-0.011710	-0.067608	0.034425	0.287393	-0.811140	0.509370	0.930387	0.362764	0.052742	-0.227562	0.458753	0.858930
01533	4.919725	0.201739	8.968494	-0.021600	-0.076248	0.041066	0.287568	-0.810642	0.510062	0.930337	0.362953	0.052327	-0.227547	0.459482	0.858544
01534	4.690048	0.419778	9.470274	-0.010969	-0.125005	0.054809	0.287780	-0.809928	0.511077	0.930236	0.363275	0.051896	-0.227694	0.460488	0.857967
01535	4.930605	0.413500	9.141374	0.031395	-0.167966	0.057829	0.287902	-0.808944	0.512564	0.930016	0.363843	0.051849	-0.228435	0.461765	0.857082
01536	4.886761	0.288419	9.209565	0.005295	-0.202545	0.063475	0.288016	-0.807836	0.514245	0.929853	0.364309	0.051511	-0.228957	0.463336	0.856095
01537	4.879605	0.086286	9.219506	0.010114	-0.237819	0.059231	0.287988	-0.806518	0.516326	0.929677	0.364789	0.051272	-0.229702	0.465251	0.854856
01538	4.850873	0.540371	9.342992	0.057156	-0.290228	0.070299	0.287960	-0.804968	0.518754	0.929375	0.365550	0.051340	-0.230957	0.467333	0.853381
01539	4.847046	0.620734	9.438573	-0.013982	-0.348217	0.082527	0.287888	-0.803035	0.521781	0.929188	0.366103	0.050771	-0.231796	0.470216	0.851568
01540	4.851683	0.526320	9.341177	-0.043036	-0.415727	0.094484	0.287789	-0.800788	0.525277	0.929048	0.366585	0.049854	-0.232481	0.473660	0.849470
01541	4.914470	0.523928	9.363341	-0.061407	-0.466456	0.115457	0.287742	-0.798148	0.529306	0.928877	0.367171	0.048705	-0.233220	0.477646	0.847032
01542	4.837298	0.293442	9.327874	-0.111502	-0.548149	0.132386	0.287681	-0.795093	0.533917	0.928788	0.367618	0.047003	-0.233650	0.482374	0.844229
01543	4.827908	0.304207	9.658284	-0.140820	-0.647749	0.136906	0.287404	-0.791447	0.539454	0.928743	0.367976	0.045063	-0.234171	0.488062	0.840809
01544	4.760297	0.496476	9.712583	-0.154644	-0.772853	0.158758	0.287056	-0.787130	0.545918	0.928681	0.368396	0.042850	-0.234842	0.494683	0.836742
01545	4.849675	1.025800	9.770420	-0.199645	-0.893469	0.203254	0.286809	-0.781927	0.553472	0.928586	0.368950	0.040048	-0.235518	0.502460	0.831904
01546	4.832980	1.097543	9.684365	-0.234047	-1.051890	0.284625	0.286962	-0.775610	0.562213	0.928352	0.369908	0.036468	-0.236252	0.511466	0.826188
01547	4.884229	1.398573	9.919143	-0.238688	-1.208315	0.378221	0.287576	-0.767966	0.572301	0.927850	0.371548	0.032341	-0.237474	0.521709	0.819406
01548	4.985063	1.483007	10.309256	-0.340775	-1.377732	0.478207	0.288729	-0.758987	0.583587	0.927313	0.373330	0.026750	-0.238174	0.533444	0.811610
01549	5.090489	1.717611	10.710644	-0.472219	-1.589091	0.588884	0.290368	-0.748197	0.596563	0.926752	0.375170	0.019449	-0.238364	0.547219	0.802331
01550	5.322221	1.508753	10.682213	-0.651584	-1.813765	0.720858	0.292727	-0.735494	0.611031	0.926229	0.376832	0.009862	-0.237509	0.563068	0.791545
01551	5.597729	1.565862	10.876218	-0.716572	-2.053161	0.863167	0.295815	-0.720489	0.627207	0.925408	0.378971	-0.001124	-0.236884	0.580755	0.778851
01552	6.071392	1.942725	11.140817	-0.751079	-2.313677	1.029613	0.299855	-0.702996	0.644890	0.924147	0.381799	-0.013502	-0.236727	0.600021	0.764156
01553	6.602493	2.630784	11.462726	-0.943229	-2.502665	1.231407	0.305284	-0.682996	0.663565	0.922667	0.384527	-0.028700	-0.235556	0.621011	0.747568
01554	7.375476	2.038018	11.231397	-1.167433	-2.648187	1.381034	0.311814	-0.661024	0.682509	0.921165	0.386368	-0.046641	-0.232869	0.643246	0.729387
01555	8.001794	1.556605	10.894297	-0.985903	-2.779952	1.495416	0.319069	-0.637033	0.701701	0.918761	0.389577	-0.064095	-0.232536	0.665146	0.709583
01556	9.207224	1.842373	10.968865	-0.873220	-2.740272	1.558427	0.326984	-0.612524	0.719650	0.915782	0.393364	-0.081292	-0.233291	0.685624	0.689562
01557	8.882806	1.480459	10.065472	-0.866359	-2.686454	1.623819	0.335515	-0.587420	0.736455	0.912448	0.397033	-0.099008	-0.234238	0.705196	0.669202
01558	8.265107	0.802387	9.279749	-0.717713	-2.631507	1.699123	0.344792	-0.561949	0.751886	0.908378	0.401628	-0.116383	-0.236577	0.723124	0.648940
01559	6.795927	1.317867	8.574807	-0.505826	-2.581930	1.778497	0.354705	-0.535867	0.766179	0.903386	0.407644	-0.133119	-0.240995	0.739373	0.628689
01560	5.594357	0.996784	7.813958	-0.430182	-2.626193	1.878765	0.365225	-0.508642	0.779676	0.897689	0.414207	-0.150288	-0.246504	0.754796	0.607881
01561	4.962551	0.566899	6.986440	-0.285495	-2.605899	1.970000	0.376297	-0.480550	0.792132	0.891121	0.421728	-0.167479	-0.253582	0.768907	0.586923
01562	2.745537	2.720691	8.275941	-0.028295	-2.245686	1.779629	0.386311	-0.455711	0.801929	0.884426	0.429813	-0.181803	-0.261830	0.779479	0.569084
01563	4.671857	7.104245	8.923809	0.247632	-1.673638	0.916522	0.389911	-0.438642	0.809668	0.880233	0.435803	-0.187794	-0.270481	0.785920	0.556031
01564	7.204427	7.595237	12.455536	-0.296020	-0.589397	-0.544094	0.383516	-0.436499	0.813870	0.883155	0.431073	-0.184970	-0.270098	0.789712	0.550820
01565	-0.605651	6.200781	9.580561	-0.214846	0.166322	-1.377208	0.371728	-0.443693	0.815448	0.888956	0.423268	-0.174933	-0.267536	0.789925	0.551764
01566	-3.214462	4.810753	8.803455	-0.426812	0.361844	-1.861695	0.356050	-0.454486	0.816499	0.896878	0.411526	-0.162035	-0.262369	0.789993	0.554142
01567	-1.328528	2.373574	9.133938	-0.279461	0.436465	-2.108104	0.338161	-0.466478	0.817341	0.904945	0.399564	-0.146364	-0.258305	0.789143	0.557254
01568	1.104275	1.646893	10.742805	-0.054616	0.907448	-2.133902	0.321089	-0.482218	0.815088	0.912135	0.389002	-0.129180	-0.254777	0.784948	0.564752
01569	2.006760	0.266904	11.360131	-0.014109	1.585251	-2.010856	0.306647	-0.502318	0.808483	0.918503	0.378944	-0.112935	-0.249640	0.777225	0.577582
01570	1.384110	-1.374022	10.901103	0.137706	2.218397	-1.757471	0.295929	-0.526215	0.797197	0.923473	0.370951	-0.097946	-0.244180	0.765175	0.595721
01571	0.703477	-2.694450	10.257123	0.440944	2.667117	-1.409707	0.289318	-0.551607	0.782320	0.926549	0.366644	-0.084139	-0.240421	0.749201	0.617167
01572	0.938141	-3.291240	10.035205	0.920679	2.959323	-1.019147	0.286983	-0.577429	0.764341	0.927287	0.367670	-0.070404	-0.240372	0.728968	0.640957
01573	1.989841	-2.807967	10.360116	1.331129	3.213287	-0.689292	0.288335	-0.603021	0.743793	0.926069	0.373098	-0.056511	-0.243431	0.705098	0.666017
01574	2.919643	-2.032731	10.602854	1.575579	3.475754	-0.471772	0.292515	-0.629039	0.720240	0.923586	0.381050	-0.042302	-0.247838	0.677577	0.692435
01575	3.528045	-1.129855	10.742649	1.694126	3.705587	-0.377221	0.298273	-0.655042	0.694229	0.920482	0.389803	-0.027682	-0.252480	0.647282	0.719222
01576	3.863369	-0.490780	10.672411	1.692122	3.852799	-0.387420	0.304522	-0.681083	0.665877	0.917365	0.397848	-0.012600	-0.256336	0.614689	0.745955
01577	4.384643	-0.119138	10.799803	1.633681	3.903711	-0.502540	0.309949	-0.706442	0.636295	0.914717	0.404083	0.003057	-0.259276	0.581082	0.771440
01578	5.083666	0.209842	11.037449	1.552539	3.891749	-0.700506	0.313681	-0.731423	0.605495	0.912884	0.407747	0.019622	-0.261241	0.546592	0.795607
01579	5.889603	0.447236	11.341008	1.467963	3.825493	-0.937911	0.315109	-0.755508	0.574381	0.912009	0.408500	0.036983	-0.262576	0.512187	0.817752
01580	6.362174	0.782017	11.538402	1.327243	3.728629	-1.203937	0.313923	-0.779048	0.542713	0.912335	0.405768	0.054744	-0.262864	0.477951	0.838132
01581	6.258800	0.978069	11.647169	1.125197	3.538078	-1.461335	0.309831	-0.801273	0.511827	0.913960	0.399372	0.071963	-0.262071	0.445493	0.856069
01582	6.640109	0.743646	11.712228	0.897450	3.229164	-1.676176	0.302917	-0.821946	0.482335	0.916780	0.389557	0.088086	-0.260299	0.415512	0.871547
01583	9.122838	0.196137	12.268965	0.739419	2.894096	-1.861666	0.293287	-0.840723	0.455156	0.920433	0.377009	0.103283	-0.258431	0.388649	0.884401
01584	13.105649	0.150401	12.989513	0.634805	2.747128	-2.003651	0.281863	-0.858590	0.428225	0.924591	0.362288	0.117808	-0.256290	0.362727	0.895960
01585	16.883681	0.573165	13.188155	0.424857	2.891476	-2.045090	0.270224	-0.875942	0.399630	0.929176	0.345993	0.130080	-0.252212	0.336176	0.907400
01586	18.275226	-0.474443	11.827851	0.055195	3.215179	-1.987571	0.259667	-0.893102	0.367343	0.934335	0.328504	0.138213	-0.244112	0.307333	0.919759
01587	16.795841	-2.850463	9.375271	-0.214089	3.420374	-1.845962	0.250502	-0.909010	0.333092	0.939574	0.311203	0.142667	-0.233345	0.277226	0.932038
01588	8.740558	-0.775286	10.389582	0.012954	2.706160	-1.296962	0.244498	-0.920214	0.305659	0.942783	0.299293	0.146913	-0.226673	0.252250	0.940739
01589	15.387099	-4.047774	-2.953422	-1.223831	2.039373	-0.724101	0.242075	-0.927340	0.285379	0.947235	0.289570	0.137461	-0.210110	0.237045	0.948506
01590	13.797058	-6.982079	0.899031	-0.451058	1.291913	-0.194453	0.242871	-0.930954	0.272649	0.948665	0.286643	0.133682	-0.202604	0.226185	0.952781
01591	15.357143	-4.794618	1.857385	0.427968	1.184079	0.217226	0.247303	-0.932939	0.261662	0.947279	0.289571	0.137152	-0.203724	0.213949	0.955365
01592	13.371015	-3.825078	-0.460930	0.561802	0.702060	0.440052	0.252877	-0.933175	0.255418	0.945056	0.294780	0.141332	-0.207180	0.205645	0.956445
01593	11.569800	-2.047345	-1.292367	0.476046	0.049569	0.583167	0.258451	-0.931543	0.255793	0.942585	0.301155	0.144360	-0.211511	0.203796	0.955892
01594	11.237882	-1.377269	-0.592223	-0.082798	-0.636163	0.558146	0.262327	-0.928573	0.262559	0.941339	0.306102	0.142063	-0.212285	0.209890	0.954401
01595	11.354945	-0.016236	0.789875	-0.649437	-1.170261	0.401694	0.263609	-0.924812	0.274286	0.941669	0.308382	0.134761	-0.209214	0.222763	0.952159
01596	4.304182	-2.426418	8.015022	-1.764219	-1.286753	0.191877	0.262779	-0.921278	0.286695	0.944767	0.306004	0.117374	-0.195864	0.240017	0.950805
01597	6.441777	-2.517793	6.609603	-0.493157	-1.580026	-0.009315	0.259567	-0.917392	0.301691	0.945772	0.304657	0.112691	-0.195294	0.256080	0.946722
01598	0.519066	4.063960	9.719334	-0.385809	-1.503083	0.246637	0.258930	-0.912709	0.316096	0.945917	0.305828	0.108214	-0.195439	0.270981	0.942535
01599	-0.384289	2.649549	11.674646	-1.247212	-1.627787	0.262895	0.258267	-0.907347	0.331691	0.947643	0.304685	0.095601	-0.187805	0.289634	0.938531
01600	0.638286	2.870881	13.174258	-1.055767	-1.444185	0.307190	0.258483	-0.902148	0.345421	0.948826	0.304253	0.084610	-0.181426	0.305874	0.934626
01601	3.840248	1.510070	9.409250	-1.313499	-1.320373	0.454279	0.260427	-0.896625	0.358108	0.949986	0.304176	0.070730	-0.172346	0.321777	0.930997
01602	2.342024	-3.112705	8.283864	-1.438179	-1.533033	0.398363	0.261620	-0.890384	0.372521	0.951380	0.302913	0.055861	-0.162579	0.339795	0.926341
01603	5.795783	-5.882571	10.216357	-0.675732	-1.764317	0.066534	0.259368	-0.884033	0.388862	0.952314	0.301105	0.049342	-0.160708	0.357521	0.919974
01604	7.365497	-3.587913	12.444216	-0.131731	-1.558134	-0.005382	0.256766	-0.878409	0.403074	0.952567	0.300507	0.048084	-0.163364	0.371609	0.913903
01605	6.416971	-4.504482	11.236308	0.059261	-1.469078	-0.041407	0.253908	-0.872982	0.416453	0.952589	0.300326	0.048767	-0.167644	0.384326	0.907848
01606	8.819544	-4.159729	11.563844	0.442018	-1.427794	-0.286356	0.248707	-0.868313	0.429158	0.952579	0.299480	0.053894	-0.175321	0.395403	0.901620
01607	9.687110	1.180687	11.410710	1.101861	-1.014520	-0.319778	0.243785	-0.865235	0.438106	0.951379	0.301052	0.065163	-0.188273	0.400919	0.896558
01608	4.908719	2.812369	9.692219	0.292477	-0.728414	-0.208111	0.240394	-0.862956	0.444429	0.951357	0.300355	0.068610	-0.192694	0.406317	0.893183
01609	4.072802	1.745553	8.760586	0.248102	-0.863737	-0.185411	0.236914	-0.859975	0.452013	0.951331	0.299730	0.071628	-0.197080	0.413044	0.889131
01610	5.101239	1.546067	9.457522	0.240630	-0.884524	-0.155869	0.233646	-0.856793	0.459690	0.951249	0.299317	0.074391	-0.201331	0.419899	0.884958
01611	7.210858	1.834960	10.130446	0.131736	-0.778820	-0.064803	0.231416	-0.853693	0.466535	0.951149	0.299276	0.075832	-0.204360	0.426196	0.881246
01612	5.746442	1.173340	9.088815	0.013624	-0.616122	-0.029765	0.229847	-0.851174	0.471882	0.951220	0.299004	0.076013	-0.205795	0.431392	0.878379
01613	6.778789	1.492257	9.851192	0.096781	-0.608900	-0.013871	0.228422	-0.848574	0.477226	0.951067	0.299261	0.076905	-0.208075	0.436308	0.875409
01614	7.475133	0.153267	9.383216	-0.043797	-0.125692	0.005996	0.228195	-0.848040	0.478283	0.951174	0.299045	0.076417	-0.207833	0.437493	0.874875
01615	4.067011	1.040140	8.959514	0.160578	-0.291126	-0.005962	0.227497	-0.846782	0.480839	0.950868	0.299654	0.077827	-0.209987	0.439509	0.873348
01616	5.355518	0.213963	9.253076	0.012612	-0.172213	-0.004207	0.227072	-0.846068	0.482293	0.950881	0.299598	0.077881	-0.210387	0.440919	0.872541
01617	5.078874	0.216582	9.313848	0.083692	-0.175219	-0.014853	0.226528	-0.845339	0.483825	0.950754	0.299797	0.078661	-0.211544	0.442180	0.871622
01618	5.080212	-0.029611	9.307523	0.049159	-0.149920	-0.022864	0.225971	-0.844775	0.485069	0.950732	0.299746	0.079123	-0.212238	0.443291	0.870889
01619	5.209609	0.005187	9.326414	0.086116	-0.134179	-0.040088	0.225270	-0.844300	0.486221	0.950656	0.299744	0.080045	-0.213324	0.444197	0.870162
01620	5.041210	0.362551	9.165497	0.091710	-0.100867	-0.045149	0.224604	-0.844018	0.487018	0.950592	0.299694	0.080984	-0.214308	0.444766	0.869629
01621	5.105456	0.599523	9.063901	0.086610	-0.084675	-0.044408	0.223966	-0.843775	0.487733	0.950522	0.299660	0.081932	-0.215286	0.445251	0.869140
01622	5.005840	0.703387	8.977934	0.079696	-0.073920	-0.044906	0.223358	-0.843611	0.488295	0.950481	0.299558	0.082764	-0.216094	0.445630	0.868745
01623	5.034660	1.034539	8.898510	0.068369	-0.056138	-0.035236	0.222867	-0.843466	0.488769	0.950428	0.299521	0.083508	-0.216833	0.445928	0.868407
01624	5.051502	1.039379	8.863145	0.028071	-0.050154	-0.028946	0.222461	-0.843360	0.489138	0.950463	0.299325	0.083815	-0.217098	0.446261	0.868170
01625	5.100230	1.082968	8.914171	0.008783	-0.029625	-0.020518	0.222168	-0.843289	0.489393	0.950505	0.299146	0.083970	-0.217211	0.446515	0.868011
01626	4.947033	0.909140	8.988560	-0.011669	-0.015749	-0.011617	0.222001	-0.843283	0.489478	0.950588	0.298919	0.083849	-0.217023	0.446677	0.867975
01627	4.973287	0.789023	9.001490	-0.029923	-0.015751	-0.007913	0.221858	-0.843237	0.489623	0.950686	0.298674	0.083606	-0.216737	0.446929	0.867917
01628	4.933797	0.657690	9.044928	-0.028138	-0.015511	-0.006755	0.221738	-0.843217	0.489711	0.950793	0.298415	0.083318	-0.216392	0.447139	0.867895
01629	4.940219	0.631614	9.047003	-0.031061	-0.017203	-0.007374	0.221597	-0.843163	0.489869	0.950892	0.298168	0.083063	-0.216099	0.447406	0.867830
01630	4.877034	0.514695	9.043464	-0.033353	-0.020120	-0.006303	0.221471	-0.843121	0.489997	0.951009	0.297890	0.082728	-0.215714	0.447670	0.867790
01631	4.919772	0.693169	9.015107	-0.034328	-0.034433	-0.010986	0.221258	-0.843000	0.490302	0.951123	0.297598	0.082462	-0.215428	0.448093	0.867643
01632	4.861685	0.708149	9.063540	-0.038284	-0.036317	-0.007100	0.221090	-0.842888	0.490571	0.951252	0.297290	0.082088	-0.215032	0.448508	0.867526
01633	4.824757	0.809266	8.949936	-0.036242	-0.059420	0.001705	0.220945	-0.842616	0.491103	0.951342	0.297097	0.081743	-0.214783	0.449146	0.867258
01634	4.944892	0.681682	8.976703	-0.057897	-0.058603	0.007110	0.220864	-0.842361	0.491576	0.951481	0.296820	0.081130	-0.214250	0.449807	0.867047
01635	4.943166	0.652872	9.008920	-0.067406	-0.065094	0.008637	0.220773	-0.842042	0.492163	0.951622	0.296544	0.080481	-0.213716	0.450585	0.866775
01636	5.002603	0.657085	9.007661	-0.081238	-0.068308	0.011292	0.220712	-0.841730	0.492723	0.951801	0.296196	0.079645	-0.212982	0.451396	0.866534
01637	5.066506	0.754119	8.931632	-0.072685	-0.061959	0.014306	0.220683	-0.841408	0.493287	0.951940	0.295943	0.078923	-0.212391	0.452162	0.866279
01638	5.003999	0.688509	8.997387	-0.099620	-0.056620	0.016382	0.220696	-0.841133	0.493750	0.952145	0.295553	0.077903	-0.211456	0.452928	0.866107
01639	5.110999	0.673973	8.978866	-0.086860	-0.049627	0.014363	0.220694	-0.840865	0.494206	0.952312	0.295235	0.077059	-0.210703	0.453632	0.865923
01640	5.007163	0.491571	8.977317	-0.102820	-0.047885	0.013138	0.220696	-0.840638	0.494592	0.952529	0.294802	0.076027	-0.209718	0.454334	0.865794
01641	5.093576	0.572875	8.948869	-0.073667	-0.046340	0.006097	0.220624	-0.840409	0.495013	0.952686	0.294473	0.075338	-0.209083	0.454970	0.865613
01642	5.012428	0.599418	8.950856	-0.059914	-0.044339	-0.000521	0.220503	-0.840238	0.495357	0.952841	0.294120	0.074746	-0.208499	0.455515	0.865468
01643	5.188946	0.679019	8.937799	-0.066310	-0.056767	-0.003548	0.220318	-0.839989	0.495861	0.953003	0.293742	0.074168	-0.207956	0.456217	0.865229
01644	4.985131	0.551984	8.915342	-0.070902	-0.041910	-0.001101	0.220197	-0.839830	0.496185	0.953182	0.293333	0.073484	-0.207261	0.456773	0.865102
01645	5.036142	0.736425	8.964302	-0.064933	-0.037292	0.004102	0.220125	-0.839647	0.496526	0.953323	0.293025	0.072881	-0.206689	0.457307	0.864957
01646	5.009047	0.567106	8.899436	-0.066916	-0.041414	0.004044	0.220056	-0.839474	0.496849	0.953481	0.292677	0.072206	-0.206031	0.457847	0.864828
01647	4.961547	0.634669	8.987454	-0.058756	-0.045455	0.004051	0.219967	-0.839253	0.497261	0.953609	0.292396	0.071656	-0.205535	0.458430	0.864637
01648	4.931667	0.744237	8.951385	-0.052064	-0.061270	0.001614	0.219834	-0.838996	0.497754	0.953741	0.292095	0.071123	-0.205063	0.459093	0.864397
01649	5.032491	0.606782	8.931890	-0.066112	-0.058051	0.005553	0.219734	-0.838713	0.498275	0.953880	0.291792	0.070502	-0.204524	0.459803	0.864148
01650	4.984397	0.642055	8.945171	-0.041340	-0.065068	0.008414	0.219659	-0.838417	0.498806	0.953975	0.291596	0.070028	-0.204163	0.460466	0.863880
01651	5.058707	0.577855	8.950344	-0.044596	-0.066713	0.005001	0.219537	-0.838094	0.499401	0.954070	0.291387	0.069597	-0.203848	0.461185	0.863571
01652	5.013924	0.543334	9.002692	-0.041922	-0.063787	0.006766	0.219448	-0.837808	0.499920	0.954169	0.291174	0.069126	-0.203478	0.461838	0.863309
01653	5.022132	0.587492	8.962481	-0.013482	-0.072852	0.006751	0.219331	-0.837451	0.500569	0.954197	0.291123	0.068954	-0.203473	0.462518	0.862946
01654	5.043661	0.514336	8.965761	-0.020805	-0.072461	0.003357	0.219193	-0.837134	0.501159	0.954261	0.290979	0.068683	-0.203324	0.463182	0.862625
01655	5.105523	0.572033	8.926334	0.011374	-0.072029	0.004604	0.219056	-0.836786	0.501799	0.954243	0.291024	0.068737	-0.203554	0.463781	0.862248
01656	5.148625	0.504654	8.919059	0.001754	-0.069391	0.002371	0.218915	-0.836486	0.502363	0.954263	0.290976	0.068666	-0.203614	0.464354	0.861926
01657	5.124866	0.493525	8.849795	0.032732	-0.060116	0.004285	0.218799	-0.836193	0.502899	0.954202	0.291119	0.068905	-0.204022	0.464791	0.861594
01658	5.143302	0.429436	8.907651	0.026563	-0.063426	0.000283	0.218650	-0.835925	0.503410	0.954176	0.291168	0.069058	-0.204305	0.465242	0.861284
01659	5.080345	0.545503	8.913772	0.070017	-0.061466	0.000973	0.218499	-0.835636	0.503956	0.954046	0.291457	0.069635	-0.205071	0.465582	0.860918
01660	5.046025	0.742134	8.891755	0.075430	-0.065923	0.004333	0.218382	-0.835343	0.504490	0.953910	0.291768	0.070188	-0.205825	0.465911	0.860560
01661	5.105860	0.656345	8.853974	0.078995	-0.073266	0.011610	0.218308	-0.834967	0.505144	0.953738	0.292187	0.070788	-0.206703	0.466322	0.860127
01662	5.092050	0.593350	8.953964	0.078319	-0.074667	0.015008	0.218273	-0.834603	0.505762	0.953572	0.292602	0.071312	-0.207504	0.466715	0.859721
01663	5.057782	0.588013	8.916110	0.089928	-0.087272	0.018295	0.218233	-0.834141	0.506541	0.953360	0.293129	0.071972	-0.208516	0.467209	0.859207
01664	5.034261	0.691512	8.933944	0.105083	-0.094273	0.023923	0.218241	-0.833658	0.507332	0.953117	0.293743	0.072679	-0.209615	0.467686	0.858680
01665	4.971834	0.778980	8.863554	0.120983	-0.107604	0.031195	0.218278	-0.833062	0.508294	0.952810	0.294524	0.073539	-0.210967	0.468256	0.858038
01666	5.141269	0.558415	8.992838	0.103432	-0.136996	0.038880	0.218335	-0.832333	0.509463	0.952536	0.295256	0.074155	-0.212144	0.469091	0.857292
01667	4.982460	0.585530	9.032892	0.123057	-0.147153	0.043397	0.218401	-0.831513	0.510771	0.952195	0.296149	0.074967	-0.213601	0.469981	0.856442
01668	5.146630	0.684031	8.855270	0.132477	-0.163732	0.043932	0.218446	-0.830640	0.512171	0.951845	0.297062	0.075804	-0.215112	0.470948	0.855532
01669	5.048590	0.700155	8.896955	0.135179	-0.172308	0.051899	0.218534	-0.829673	0.513699	0.951455	0.298084	0.076673	-0.216739	0.472006	0.854538
01670	4.948249	0.679671	9.084254	0.120164	-0.200030	0.067716	0.218720	-0.828553	0.515424	0.951076	0.299137	0.077279	-0.218212	0.473305	0.853444
01671	4.892730	0.732145	9.154204	0.169980	-0.238094	0.081751	0.218941	-0.827178	0.517533	0.950540	0.300574	0.078286	-0.220314	0.474796	0.852074
01672	5.111180	0.667991	9.008606	0.141907	-0.294178	0.090385	0.219127	-0.825535	0.520072	0.950058	0.301920	0.078954	-0.222200	0.476798	0.850465
01673	5.213358	0.637384	8.964503	0.119974	-0.307031	0.091862	0.219281	-0.823789	0.522769	0.949606	0.303205	0.079474	-0.223976	0.478997	0.848762
01674	5.144560	0.527660	8.990664	0.120289	-0.342327	0.086504	0.219310	-0.821911	0.525704	0.949176	0.304418	0.079970	-0.225762	0.481447	0.846900
01675	5.210973	0.640103	8.960611	0.120842	-0.371144	0.085198	0.219243	-0.819859	0.528927	0.948731	0.305655	0.080523	-0.227687	0.484155	0.844839
01676	5.050208	0.744964	9.070558	0.103098	-0.409979	0.085298	0.219093	-0.817636	0.532419	0.948340	0.306777	0.080870	-0.229456	0.487196	0.842609
01677	5.123257	0.808389	9.074333	0.076446	-0.458821	0.091357	0.218869	-0.815111	0.536368	0.947980	0.307851	0.081006	-0.231150	0.490736	0.840088
01678	5.036510	0.865452	9.130924	0.035864	-0.519565	0.109221	0.218679	-0.812244	0.540777	0.947689	0.308839	0.080649	-0.232520	0.494852	0.837291
01679	4.830824	1.184160	9.333304	0.004312	-0.600391	0.133705	0.218511	-0.808844	0.545916	0.947403	0.309898	0.079940	-0.233838	0.499735	0.834017
01680	4.776672	1.107821	9.376588	-0.066431	-0.723931	0.172264	0.218427	-0.804700	0.552039	0.947213	0.310877	0.078374	-0.234684	0.505779	0.830127
01681	4.737547	1.344348	9.600249	-0.103675	-0.868724	0.219248	0.218427	-0.799591	0.559414	0.946995	0.312061	0.076280	-0.235564	0.513101	0.825371
01682	4.499839	1.497021	10.010561	-0.198454	-1.042317	0.272123	0.218528	-0.793379	0.568151	0.946899	0.313125	0.073048	-0.235857	0.522018	0.819676
01683	4.577372	1.006406	10.021331	-0.290765	-1.282510	0.319393	0.218494	-0.785610	0.578859	0.946903	0.314066	0.068826	-0.235870	0.533085	0.812518
01684	4.514610	0.689666	10.218440	-0.389091	-1.546365	0.346320	0.218113	-0.776212	0.591542	0.947094	0.314594	0.063593	-0.235457	0.546376	0.803762
01685	4.350905	1.270098	10.856193	-0.456775	-1.863717	0.398168	0.217465	-0.764625	0.606677	0.947318	0.315082	0.057546	-0.235154	0.562202	0.792863
01686	4.406601	2.734370	11.519299	-0.581714	-2.215308	0.518330	0.217162	-0.750371	0.624327	0.947586	0.315608	0.049722	-0.234353	0.580806	0.779579
01687	4.248561	2.327392	10.714876	-0.800997	-2.579310	0.683371	0.217586	-0.732949	0.644548	0.947986	0.315889	0.039193	-0.232332	0.602495	0.763559
01688	4.430403	1.648639	10.829054	-0.823508	-2.886020	0.833173	0.218794	-0.712634	0.666544	0.948102	0.316779	0.027468	-0.230722	0.625942	0.744959
01689	5.129917	0.780211	10.583684	-0.864836	-3.213010	0.971574	0.220577	-0.689027	0.690353	0.947974	0.318017	0.014516	-0.229546	0.651235	0.723327
01690	5.565443	0.922133	10.624576	-0.867185	-3.569307	1.094489	0.222760	-0.661868	0.715757	0.947561	0.319574	0.000611	-0.229142	0.678088	0.698349
01691	5.439306	1.070500	10.835448	-1.065882	-3.903745	1.239907	0.225555	-0.630862	0.742386	0.947233	0.320159	-0.015730	-0.227758	0.706761	0.669787
01692	7.817242	2.455597	12.321415	-0.949400	-4.308543	1.452735	0.229482	-0.595173	0.770135	0.946116	0.322147	-0.032960	-0.228480	0.736200	0.637029
01693	9.237408	3.355495	13.157023	-1.374466	-4.635650	1.752387	0.235481	-0.554667	0.798056	0.945183	0.321839	-0.055209	-0.226223	0.767310	0.600049
01694	11.164161	3.045465	12.912366	-1.668365	-4.811122	1.971148	0.243330	-0.510758	0.824571	0.944221	0.319220	-0.080907	-0.221896	0.798264	0.559944
01695	14.347562	1.599670	13.150166	-1.909032	-4.825062	1.949669	0.251143	-0.465343	0.848754	0.943595	0.313162	-0.107509	-0.215769	0.827880	0.517744
01696	14.810273	0.325868	12.865465	-1.892785	-4.639432	1.774090	0.258018	-0.420920	0.869628	0.943119	0.305055	-0.132169	-0.209652	0.854264	0.475687
