// General information: 
//  MT Manager version: 2022.2.0 
//  XDA version: 2022.2.0 build 7381 rev 124627 built on 2023-07-19
// Device information: 
//  DeviceId: 00B4CB9F
//  ProductCode: MTW2-3A7G6
//  Firmware Version: 4.6.0
//  Hardware Version: 2.0.0
// Device settings: 
//  Filter Profile: human(46.1)
//  Option Flags: Orientation Smoother Disabled, Position/Velocity Smoother Disabled, Continuous Zero Rotation Update Disabled, AHS Disabled, ICC Disabled
// Coordinate system: ENU
PacketCounter	Acc_X	Acc_Y	Acc_Z	Gyr_X	Gyr_Y	Gyr_Z	Mat[1][1]	Mat[2][1]	Mat[3][1]	Mat[1][2]	Mat[2][2]	Mat[3][2]	Mat[1][3]	Mat[2][3]	Mat[3][3]
22697	9.843918	0.898157	0.047686	0.102438	0.034339	0.030204	-0.086953	0.076048	0.993306	0.610610	-0.783762	0.113457	0.787144	0.616387	0.021715
22698	9.867409	0.869081	-0.026616	0.114742	0.037754	0.023659	-0.087013	0.075645	0.993331	0.611576	-0.783045	0.113204	0.786387	0.617347	0.021872
22699	9.996583	0.941886	-0.212975	0.120402	0.027395	0.020997	-0.087039	0.075302	0.993355	0.612581	-0.782292	0.112977	0.785601	0.618344	0.021962
22700	9.899860	0.959893	-0.263302	0.113909	0.027809	0.019456	-0.087046	0.074993	0.993378	0.613537	-0.781573	0.112765	0.784854	0.619289	0.022022
22701	9.674372	1.004739	-0.316017	0.127293	0.017658	0.013512	-0.087041	0.074768	0.993395	0.614588	-0.780769	0.112614	0.784032	0.620330	0.022007
22702	9.634185	1.145225	-0.300656	0.132567	0.002733	0.010523	-0.086903	0.074685	0.993413	0.615682	-0.779924	0.112495	0.783188	0.621403	0.021796
22703	9.720979	1.147820	-0.152900	0.120930	-0.003619	0.013168	-0.086733	0.074595	0.993435	0.616680	-0.779156	0.112346	0.782421	0.622376	0.021577
22704	9.780547	1.133906	0.038961	0.110455	-0.002814	0.013926	-0.086531	0.074521	0.993458	0.617601	-0.778449	0.112186	0.781717	0.623269	0.021336
22705	9.836747	1.009783	0.160588	0.101726	0.002194	0.008931	-0.086433	0.074428	0.993474	0.618444	-0.777796	0.112075	0.781061	0.624095	0.021198
22706	9.827899	0.888647	0.324806	0.096376	0.009760	0.005499	-0.086381	0.074340	0.993485	0.619245	-0.777170	0.111995	0.780432	0.624885	0.021098
22707	9.828646	0.810388	0.431543	0.096869	0.025564	0.006887	-0.086477	0.074117	0.993493	0.620047	-0.776543	0.111903	0.779784	0.625689	0.021197
22708	9.746033	0.838540	0.460431	0.117670	0.030605	0.006030	-0.086584	0.073894	0.993500	0.621013	-0.775783	0.111823	0.779003	0.626659	0.021281
22709	9.719312	0.910802	0.459481	0.139968	0.033187	0.009049	-0.086726	0.073607	0.993509	0.622151	-0.774885	0.111718	0.778079	0.627801	0.021408
22710	9.706948	1.001604	0.393547	0.158688	0.036007	0.016498	-0.086810	0.073267	0.993527	0.623443	-0.773871	0.111542	0.777034	0.629091	0.021502
22711	9.844949	1.093106	0.232238	0.170810	0.034532	0.024264	-0.086866	0.072852	0.993553	0.624831	-0.772787	0.111293	0.775913	0.630470	0.021608
22712	10.124930	1.300308	0.227748	0.152394	0.036155	0.029590	-0.086868	0.072410	0.993585	0.626083	-0.771818	0.110986	0.774903	0.631708	0.021712
22713	10.076408	1.409938	0.361325	0.112898	0.038690	0.020531	-0.086979	0.071998	0.993605	0.627015	-0.771093	0.110762	0.774136	0.632639	0.021925
22714	9.763655	1.351248	0.351476	0.074719	0.040838	0.005397	-0.087169	0.071712	0.993609	0.627644	-0.770593	0.110679	0.773605	0.633281	0.022163
22715	9.602565	1.315827	0.161440	0.040752	0.033001	-0.006173	-0.087403	0.071541	0.993601	0.627994	-0.770304	0.110705	0.773295	0.633651	0.022399
22716	9.506987	1.200922	0.036158	0.013264	0.023694	-0.004963	-0.087526	0.071444	0.993597	0.628138	-0.770185	0.110712	0.773164	0.633806	0.022535
22717	9.512153	1.110223	-0.005046	0.021688	0.020682	0.002595	-0.087609	0.071284	0.993601	0.628348	-0.770023	0.110647	0.772984	0.634021	0.022670
22718	9.518244	1.324076	0.279621	0.021551	0.026383	0.002020	-0.087710	0.071115	0.993604	0.628564	-0.769855	0.110588	0.772796	0.634244	0.022824
22719	9.525185	1.480233	0.383480	-0.019354	0.032207	-0.007494	-0.087946	0.070960	0.993595	0.628448	-0.769946	0.110613	0.772864	0.634151	0.023119
22720	9.776247	1.127049	0.361014	-0.050511	0.038284	-0.006127	-0.088191	0.070780	0.993586	0.628100	-0.770229	0.110619	0.773118	0.633827	0.023470
22721	9.933841	0.904465	0.356286	-0.055366	0.054903	0.003553	-0.088532	0.070395	0.993583	0.627716	-0.770556	0.110526	0.773392	0.633472	0.024031
22722	9.878289	0.792695	0.355239	-0.017236	0.069912	0.004443	-0.088956	0.069933	0.993577	0.627630	-0.770639	0.110434	0.773413	0.633423	0.024660
22723	9.781491	0.811637	0.309266	0.011871	0.071075	0.007734	-0.089396	0.069415	0.993574	0.627769	-0.770543	0.110316	0.773250	0.633597	0.025307
22724	9.636237	0.952053	0.250164	0.025535	0.072949	0.006350	-0.089831	0.068917	0.993570	0.628017	-0.770355	0.110215	0.772997	0.633879	0.025921
22725	9.724524	1.065509	0.070076	0.021797	0.062164	-0.004927	-0.090282	0.068552	0.993554	0.628221	-0.770187	0.110225	0.772779	0.634123	0.026468
22726	9.802770	1.137550	-0.051851	0.002570	0.047174	-0.004338	-0.090584	0.068299	0.993544	0.628279	-0.770141	0.110223	0.772697	0.634207	0.026852
22727	9.946155	1.050868	-0.205668	-0.022328	0.029486	-0.006950	-0.090795	0.068156	0.993535	0.628140	-0.770251	0.110242	0.772785	0.634088	0.027123
22728	10.026616	0.767203	-0.229099	-0.029493	0.024512	-0.012208	-0.090970	0.068109	0.993522	0.627942	-0.770403	0.110310	0.772926	0.633909	0.027316
22729	9.852314	0.650772	0.012427	-0.027849	0.021083	-0.009582	-0.091133	0.068040	0.993512	0.627758	-0.770547	0.110353	0.773056	0.633741	0.027509
22730	9.750597	0.620207	0.277001	-0.025861	0.032832	-0.023786	-0.091445	0.068029	0.993484	0.627582	-0.770664	0.110537	0.773162	0.633600	0.027780
22731	9.667270	0.574137	0.413329	-0.041603	0.040229	-0.027798	-0.091870	0.067979	0.993448	0.627275	-0.770882	0.110757	0.773360	0.633340	0.028179
22732	9.690472	0.550717	0.544992	-0.052698	0.057318	-0.032214	-0.092424	0.067876	0.993404	0.626883	-0.771164	0.111015	0.773612	0.633008	0.028724
22733	9.612706	0.491604	0.534413	-0.044095	0.077013	-0.037324	-0.093193	0.067667	0.993346	0.626547	-0.771391	0.111329	0.773792	0.632753	0.029492
22734	9.611380	0.483507	0.484099	-0.012933	0.094444	-0.035293	-0.094055	0.067352	0.993286	0.626460	-0.771419	0.111628	0.773758	0.632753	0.030362
22735	9.315455	0.624487	0.318236	0.012076	0.116853	-0.034490	-0.095114	0.066869	0.993218	0.626561	-0.771293	0.111930	0.773547	0.632958	0.031463
22736	9.481264	0.804553	0.160664	0.020298	0.108510	-0.043195	-0.096133	0.066525	0.993143	0.626726	-0.771103	0.112317	0.773287	0.633226	0.032436
22737	9.613664	0.970032	-0.064950	0.017732	0.104025	-0.059892	-0.097252	0.066319	0.993048	0.626845	-0.770924	0.112874	0.773050	0.633465	0.033403
22738	9.754832	1.013404	-0.196051	-0.014855	0.086329	-0.074073	-0.098292	0.066352	0.992943	0.626703	-0.770940	0.113555	0.773034	0.633442	0.034194
22739	9.785686	0.925895	-0.190193	-0.036650	0.066821	-0.090260	-0.099314	0.066616	0.992824	0.626371	-0.771086	0.114395	0.773173	0.633237	0.034853
22740	9.708675	0.895945	-0.084533	-0.055357	0.050024	-0.107053	-0.100278	0.067134	0.992692	0.625882	-0.771335	0.115388	0.773444	0.632879	0.035330
22741	9.634648	0.911114	0.050970	-0.074479	0.020082	-0.117018	-0.101105	0.067900	0.992556	0.625228	-0.771701	0.116480	0.773865	0.632351	0.035570
22742	9.705972	1.031191	0.193398	-0.097225	-0.009631	-0.122584	-0.101704	0.068917	0.992425	0.624396	-0.772202	0.117612	0.774458	0.631628	0.035504
22743	9.760856	1.032297	0.387099	-0.119784	-0.031997	-0.121879	-0.102156	0.070052	0.992299	0.623385	-0.772847	0.118736	0.775213	0.630714	0.035282
22744	9.746902	0.980238	0.529212	-0.143802	-0.037659	-0.132832	-0.102597	0.071325	0.992163	0.622179	-0.773631	0.119954	0.776123	0.629609	0.034995
22745	9.704779	0.889204	0.597554	-0.159063	-0.035236	-0.132981	-0.103090	0.072567	0.992021	0.620847	-0.774510	0.121174	0.777124	0.628386	0.034791
22746	9.679918	0.750912	0.563708	-0.149234	-0.022241	-0.149220	-0.103749	0.073871	0.991856	0.619577	-0.775310	0.122551	0.778049	0.627246	0.034669
22747	9.661457	0.801501	0.607139	-0.143563	-0.011763	-0.156620	-0.104567	0.075150	0.991675	0.618337	-0.776067	0.124011	0.778925	0.626157	0.034683
22748	9.516517	1.010241	0.633082	-0.136069	-0.005683	-0.162667	-0.105434	0.076455	0.991483	0.617154	-0.776765	0.125526	0.779746	0.625133	0.034713
22749	9.587631	1.112464	0.455503	-0.126652	-0.005804	-0.172098	-0.106390	0.077819	0.991275	0.616025	-0.777398	0.127144	0.780509	0.624177	0.034769
22750	9.650753	0.995152	0.227098	-0.122461	-0.003567	-0.166264	-0.107293	0.079139	0.991073	0.614939	-0.778002	0.128698	0.781241	0.623258	0.034809
22751	9.802286	1.018006	-0.068172	-0.095993	-0.013354	-0.167702	-0.108159	0.080518	0.990868	0.614049	-0.778441	0.130283	0.781822	0.622533	0.034753
22752	9.950018	1.177087	-0.490266	-0.088866	-0.026929	-0.169861	-0.108898	0.082013	0.990664	0.613216	-0.778828	0.131883	0.782373	0.621853	0.034521
22753	9.875327	1.386240	-0.597588	-0.118030	-0.047190	-0.168361	-0.109500	0.083608	0.990464	0.612150	-0.779396	0.133466	0.783123	0.620927	0.034163
22754	9.562659	1.391403	-0.323576	-0.192079	-0.054651	-0.190716	-0.110143	0.085440	0.990237	0.610480	-0.780400	0.135238	0.784336	0.619415	0.033797
22755	9.127781	0.924682	-0.523536	-0.238782	-0.079195	-0.196193	-0.110657	0.087452	0.990004	0.608431	-0.781683	0.137057	0.785855	0.617515	0.033290
22756	9.199881	0.257651	-0.806770	-0.215628	-0.112522	-0.182105	-0.110785	0.089575	0.989799	0.606585	-0.782820	0.138737	0.787262	0.615767	0.032390
22757	9.627164	-0.360752	-0.498335	-0.141187	-0.110227	-0.141192	-0.110712	0.091349	0.989646	0.605358	-0.783536	0.140046	0.788216	0.614595	0.031448
22758	9.446753	-0.148732	0.035584	-0.013480	-0.084011	-0.111514	-0.110627	0.092744	0.989525	0.605177	-0.783488	0.141091	0.788367	0.614446	0.030549
22759	9.721258	1.532127	0.701768	0.051885	-0.094172	-0.117078	-0.110533	0.094229	0.989395	0.605498	-0.783036	0.142221	0.788133	0.614797	0.029496
22760	9.881922	3.214635	1.175972	-0.078999	-0.097332	-0.134389	-0.110481	0.095884	0.989242	0.604777	-0.783365	0.143472	0.788694	0.614122	0.028559
22761	10.436839	3.570690	1.445423	-0.292234	-0.059708	-0.173495	-0.110996	0.097600	0.989017	0.602319	-0.784964	0.145061	0.790501	0.611805	0.028342
22762	10.119782	2.954703	1.309208	-0.442274	0.000442	-0.220017	-0.112228	0.099331	0.988705	0.598622	-0.787417	0.147059	0.793131	0.608364	0.028909
22763	9.884756	1.958800	0.842309	-0.488182	0.040948	-0.221414	-0.113814	0.100819	0.988373	0.594535	-0.790133	0.149060	0.795974	0.604587	0.029988
22764	9.467848	0.881053	0.505974	-0.429135	0.097863	-0.202472	-0.115705	0.101836	0.988050	0.590933	-0.792486	0.150880	0.798380	0.601328	0.031516
22765	9.508019	0.327828	0.443260	-0.267105	0.107189	-0.160150	-0.117446	0.102451	0.987780	0.588654	-0.793903	0.152333	0.799808	0.599352	0.032932
22766	9.404246	0.380359	0.408435	-0.105935	0.112882	-0.114368	-0.118932	0.102685	0.987578	0.587721	-0.794393	0.153376	0.800275	0.598662	0.034128
22767	9.287280	1.121005	0.590099	0.018257	0.053975	-0.092570	-0.119848	0.103086	0.987426	0.587799	-0.794165	0.154253	0.800081	0.598895	0.034585
22768	9.506997	2.162030	0.739398	0.038586	-0.011709	-0.087117	-0.120175	0.103847	0.987306	0.588050	-0.793819	0.155074	0.799847	0.599222	0.034330
22769	9.659002	3.175544	0.746324	-0.020129	-0.067394	-0.112199	-0.120236	0.105130	0.987163	0.587797	-0.793799	0.156131	0.800024	0.599024	0.033648
22770	9.691613	3.655354	0.781254	-0.161362	-0.122533	-0.139393	-0.119985	0.106973	0.986996	0.586385	-0.794592	0.157404	0.801097	0.597645	0.032612
22771	9.450478	3.425026	0.863209	-0.314418	-0.162622	-0.167381	-0.119600	0.109262	0.986792	0.583705	-0.796264	0.158911	0.803109	0.595001	0.031456
22772	9.454720	2.476021	0.834740	-0.384291	-0.182759	-0.173073	-0.119053	0.111731	0.986581	0.580452	-0.798329	0.160456	0.805544	0.591766	0.030189
22773	9.356336	1.682642	0.887844	-0.338087	-0.202394	-0.166693	-0.118325	0.114246	0.986381	0.577570	-0.800114	0.161957	0.807720	0.588868	0.028689
22774	9.408586	1.690679	1.013713	-0.235321	-0.220511	-0.140664	-0.117272	0.116673	0.986222	0.575551	-0.801309	0.163236	0.809314	0.586764	0.026820
22775	9.504149	2.234337	1.305585	-0.165506	-0.228165	-0.113346	-0.116016	0.118906	0.986104	0.574121	-0.802123	0.164267	0.810509	0.585201	0.024793
22776	9.461925	2.602285	1.280892	-0.152531	-0.223091	-0.090219	-0.114645	0.120938	0.986018	0.572829	-0.802880	0.165078	0.811618	0.583744	0.022770
22777	9.457045	2.412475	1.209280	-0.156279	-0.216563	-0.064445	-0.113195	0.122705	0.985967	0.571529	-0.803691	0.165636	0.812737	0.582258	0.020844
22778	9.392738	2.125673	1.221377	-0.154130	-0.212322	-0.049750	-0.111676	0.124343	0.985935	0.570267	-0.804501	0.166055	0.813833	0.580790	0.018934
22779	9.245217	1.955486	1.128849	-0.144169	-0.220254	-0.046742	-0.110089	0.125985	0.985905	0.569084	-0.805257	0.166446	0.814877	0.579386	0.016954
22780	9.223659	1.830439	1.077037	-0.158921	-0.236412	-0.038778	-0.108308	0.127667	0.985886	0.567792	-0.806103	0.166763	0.816016	0.577839	0.014819
22781	9.136624	1.945653	1.044473	-0.178109	-0.280231	-0.045491	-0.106218	0.129638	0.985856	0.566331	-0.807052	0.167143	0.817305	0.576074	0.012305
22782	9.045723	2.090693	1.075059	-0.218878	-0.349103	-0.046769	-0.103553	0.132026	0.985822	0.564539	-0.808224	0.167542	0.818885	0.573884	0.009161
22783	9.149895	2.107477	0.920251	-0.251668	-0.405747	-0.044358	-0.100417	0.134695	0.985786	0.562473	-0.809585	0.167916	0.820695	0.571340	0.005534
22784	9.454931	1.947385	0.653559	-0.266565	-0.450381	-0.041187	-0.096879	0.137595	0.985739	0.560285	-0.811027	0.168273	0.822615	0.568597	0.001478
22785	9.529393	1.651392	0.456182	-0.277342	-0.463142	-0.049045	-0.093279	0.140607	0.985662	0.557997	-0.812512	0.168713	0.824584	0.565734	-0.002668
22786	9.624721	1.339254	0.627652	-0.250491	-0.474573	-0.043844	-0.089537	0.143642	0.985571	0.555933	-0.813841	0.169119	0.826391	0.563054	-0.006986
22787	9.854652	0.906967	0.470051	-0.200992	-0.487480	-0.023860	-0.085578	0.146561	0.985493	0.554292	-0.814916	0.169327	0.827911	0.560742	-0.011499
22788	9.987041	0.392529	0.241915	-0.124677	-0.471050	0.000971	-0.081601	0.149190	0.985436	0.553304	-0.815594	0.169295	0.828973	0.559060	-0.015994
22789	10.072896	0.399517	0.531776	-0.019022	-0.448039	0.023353	-0.077697	0.151489	0.985401	0.553207	-0.815716	0.169022	0.829412	0.558263	-0.020426
22790	9.660956	0.774523	0.856296	0.089524	-0.400507	0.038715	-0.074093	0.153404	0.985382	0.554023	-0.815254	0.168577	0.829197	0.558415	-0.024585
22791	9.498644	1.350706	0.795691	0.173664	-0.381593	0.038014	-0.070660	0.155213	0.985351	0.555532	-0.814324	0.168110	0.828487	0.559273	-0.028686
22792	9.557594	1.725953	0.782603	0.199833	-0.356242	0.035361	-0.067446	0.156915	0.985306	0.557255	-0.813239	0.167657	0.827597	0.560375	-0.032592
22793	9.393630	1.853799	1.014280	0.235413	-0.356396	0.036682	-0.064233	0.158602	0.985251	0.559268	-0.811957	0.167168	0.826495	0.561757	-0.036546
22794	9.456008	1.991236	0.924753	0.290153	-0.364273	0.033128	-0.060971	0.160378	0.985171	0.561725	-0.810358	0.166684	0.825074	0.563559	-0.040680
22795	9.365115	1.951277	0.856971	0.306014	-0.357056	0.031133	-0.057793	0.162128	0.985076	0.564308	-0.808662	0.166200	0.823539	0.565491	-0.044755
22796	9.234755	1.606663	0.800879	0.301266	-0.351137	0.039025	-0.054619	0.163795	0.984981	0.566852	-0.806998	0.165630	0.822007	0.567385	-0.048770
22797	9.327703	1.316015	0.739183	0.318989	-0.393605	0.056545	-0.051005	0.165563	0.984879	0.569542	-0.805259	0.164863	0.820378	0.569339	-0.053223
22798	9.237802	1.268630	0.763259	0.340086	-0.389440	0.066179	-0.047372	0.167246	0.984777	0.572401	-0.803410	0.163979	0.818604	0.571455	-0.057672
22799	9.344655	1.328397	0.681310	0.348155	-0.452215	0.065770	-0.043237	0.169294	0.984617	0.575318	-0.801509	0.163074	0.816787	0.573518	-0.062743
22800	9.367800	1.268337	0.578168	0.338838	-0.479708	0.065135	-0.038885	0.171521	0.984413	0.578148	-0.799655	0.162167	0.815005	0.575442	-0.068070
22801	9.495781	1.637240	0.360688	0.370071	-0.509927	0.064564	-0.034299	0.173933	0.984160	0.581223	-0.797614	0.161220	0.813021	0.577546	-0.073736
22802	9.923420	1.865629	0.285392	0.357419	-0.509515	0.067395	-0.029709	0.176332	0.983882	0.584186	-0.795645	0.160236	0.811076	0.579531	-0.079373
22803	9.961898	1.744185	0.688109	0.372051	-0.487186	0.069467	-0.025295	0.178596	0.983597	0.587258	-0.793589	0.159198	0.809005	0.581652	-0.084808
22804	10.316316	2.130708	1.039792	0.432790	-0.450058	0.077187	-0.021148	0.180597	0.983330	0.590808	-0.791187	0.158014	0.806535	0.584301	-0.089966
22805	10.405293	2.118921	1.394503	0.456773	-0.386564	0.097038	-0.017400	0.182083	0.983129	0.594544	-0.788668	0.156590	0.803875	0.587238	-0.094534
22806	10.565861	1.811790	1.497545	0.506553	-0.323231	0.133305	-0.013960	0.182922	0.983028	0.598664	-0.785910	0.154744	0.800878	0.590664	-0.098537
22807	10.866503	2.044731	1.213838	0.619180	-0.256877	0.176730	-0.010785	0.183048	0.983045	0.603671	-0.782544	0.152336	0.797160	0.595079	-0.102061
22808	11.654614	2.157565	1.117551	0.683698	-0.189972	0.240178	-0.007772	0.182290	0.983214	0.609164	-0.778879	0.149221	0.793006	0.600098	-0.104991
22809	11.808065	1.868871	1.377839	0.704242	-0.106880	0.317081	-0.004926	0.180460	0.983570	0.614791	-0.775189	0.145306	0.788675	0.605405	-0.107127
22810	12.529368	1.667720	2.176922	0.738260	-0.033336	0.371626	-0.002326	0.177770	0.984069	0.620642	-0.771347	0.140809	0.784090	0.611083	-0.108537
22811	14.159406	1.584542	3.297024	0.719662	0.060364	0.415238	-0.000149	0.174194	0.984711	0.626311	-0.767639	0.135889	0.779574	0.616755	-0.108985
22812	13.566821	1.037031	4.285134	0.605930	0.264685	0.483565	0.000868	0.168825	0.985646	0.631052	-0.764698	0.130424	0.775740	0.621881	-0.107201
22813	12.349891	0.677838	5.155936	0.521341	0.440337	0.533505	0.000898	0.161994	0.986791	0.635119	-0.762304	0.124563	0.772414	0.626618	-0.103570
22814	12.022832	0.478787	5.414717	0.475508	0.610946	0.568763	-0.000162	0.153788	0.988104	0.638813	-0.760194	0.118421	0.769362	0.631232	-0.098119
22815	11.553374	0.538979	4.977851	0.424815	0.818956	0.587794	-0.002626	0.144129	0.989555	0.642119	-0.758356	0.112159	0.766600	0.635707	-0.090557
22816	10.881299	0.695588	4.632035	0.346174	1.023850	0.594563	-0.006620	0.133052	0.991087	0.644826	-0.756954	0.105927	0.764301	0.639780	-0.080785
22817	11.255226	0.733409	4.469837	0.278203	1.221171	0.601915	-0.011992	0.120655	0.992622	0.647041	-0.755908	0.099699	0.762361	0.643463	-0.069004
22818	9.529467	0.616608	4.016176	0.224511	1.389779	0.593117	-0.018723	0.107158	0.994066	0.648871	-0.755117	0.093621	0.760668	0.646774	-0.055394
22819	10.664914	0.474404	3.530558	0.122752	1.579021	0.599599	-0.026770	0.092390	0.995363	0.649977	-0.754894	0.087551	0.759482	0.649307	-0.039843
22820	10.007072	0.057709	2.949980	0.007661	1.780565	0.591791	-0.036437	0.076289	0.996420	0.650252	-0.755323	0.081608	0.758844	0.650897	-0.022086
22821	10.476335	-0.298606	2.454405	-0.067484	1.885230	0.587278	-0.046860	0.059565	0.997124	0.650022	-0.756134	0.075717	0.758469	0.651700	-0.003286
22822	10.420623	-0.482900	1.715950	-0.120172	2.038503	0.578391	-0.058561	0.041839	0.997407	0.649447	-0.757188	0.069893	0.758149	0.651856	0.017169
22823	9.881046	-0.518224	1.573956	-0.141854	2.055510	0.530381	-0.070637	0.024417	0.997203	0.648753	-0.758259	0.064521	0.757714	0.651496	0.037721
22824	9.616952	-0.542049	1.368529	-0.179807	1.989828	0.446927	-0.082814	0.008006	0.996533	0.647766	-0.759478	0.059932	0.757325	0.650484	0.057709
22825	9.647013	-0.569435	1.178010	-0.248714	1.741664	0.334398	-0.093780	-0.005858	0.995576	0.646217	-0.761067	0.056393	0.757370	0.648647	0.075158
22826	11.175559	-0.236020	-0.305084	-0.129588	1.565716	0.356489	-0.103330	-0.018788	0.994470	0.645623	-0.761836	0.052690	0.756633	0.647497	0.090851
22827	12.732911	0.370031	-1.118303	0.134296	1.528377	0.492597	-0.111630	-0.032448	0.993220	0.647207	-0.760809	0.047886	0.754097	0.648164	0.105930
22828	13.962668	1.187383	-1.397909	0.274012	1.594524	0.613247	-0.119642	-0.047521	0.991679	0.650016	-0.758755	0.042063	0.750443	0.649640	0.121668
22829	13.699204	1.098447	-1.524879	0.163851	1.654515	0.659053	-0.127681	-0.063276	0.989795	0.652099	-0.757293	0.035707	0.747305	0.650003	0.137954
22830	12.990083	0.551438	-2.213637	0.016658	1.655632	0.692253	-0.135504	-0.079330	0.987596	0.653175	-0.756658	0.028840	0.744984	0.648980	0.154347
22831	12.424606	0.143849	-2.742511	-0.007880	1.705845	0.727652	-0.143375	-0.095899	0.985011	0.654172	-0.756037	0.021613	0.742632	0.647465	0.171132
22832	11.886015	-0.209173	-2.883236	0.041226	1.752626	0.721572	-0.151621	-0.112743	0.981988	0.655586	-0.754981	0.014544	0.739742	0.645982	0.188383
22833	11.835905	-0.720322	-2.741118	0.101611	1.873111	0.686749	-0.160874	-0.130017	0.978374	0.657450	-0.753456	0.007978	0.736124	0.644515	0.206691
22834	11.060395	-0.420599	-2.319358	0.192701	1.948311	0.636718	-0.170951	-0.147402	0.974191	0.659965	-0.751294	0.002134	0.731589	0.643297	0.225714
22835	10.390606	0.051268	-1.889594	0.255345	1.945936	0.602539	-0.181091	-0.164437	0.969622	0.662929	-0.748676	-0.003155	0.726451	0.642219	0.244588
22836	9.994199	0.530019	-1.684882	0.296800	1.898242	0.566639	-0.191026	-0.180894	0.964773	0.666176	-0.745753	-0.007924	0.720915	0.641194	0.262965
22837	9.908738	1.111142	-1.531650	0.312442	1.854957	0.509171	-0.200885	-0.196575	0.959689	0.669459	-0.742752	-0.012006	0.715171	0.640061	0.280806
22838	9.569435	1.650596	-1.427488	0.279351	1.820931	0.430957	-0.210925	-0.211442	0.954360	0.672380	-0.740047	-0.015357	0.709518	0.638453	0.298264
22839	9.009144	2.024827	-1.332410	0.176301	1.791584	0.330159	-0.221308	-0.225306	0.948820	0.674382	-0.738163	-0.017987	0.704437	0.635887	0.315304
22840	8.601292	2.189825	-1.298675	-0.007064	1.763863	0.225064	-0.232137	-0.238169	0.943074	0.674886	-0.737647	-0.020167	0.700458	0.631786	0.331972
22841	8.187638	1.939805	-1.256778	-0.205357	1.735414	0.150599	-0.243193	-0.250203	0.937153	0.673852	-0.738530	-0.022309	0.697697	0.626077	0.348206
22842	7.828333	1.120042	-0.990966	-0.388014	1.706151	0.105540	-0.254327	-0.261619	0.931060	0.671453	-0.740635	-0.024698	0.696037	0.618882	0.364029
22843	7.383626	0.253889	-0.337476	-0.441674	1.659459	0.079790	-0.265272	-0.272426	0.924886	0.668634	-0.743098	-0.027105	0.694665	0.611220	0.379277
22844	6.662823	0.027536	0.570876	-0.410289	1.538205	0.129258	-0.275034	-0.282744	0.918919	0.666180	-0.745192	-0.029900	0.693225	0.603942	0.393311
22845	6.497843	-0.989344	1.195366	-0.419813	1.413635	0.174023	-0.283610	-0.292538	0.913229	0.663803	-0.747170	-0.033196	0.692048	0.596789	0.406093
22846	6.275676	-1.895874	1.820607	-0.383495	1.255259	0.179271	-0.291049	-0.301338	0.908012	0.661711	-0.748874	-0.036424	0.690962	0.590240	0.417358
22847	6.068421	-2.272196	2.252640	-0.226004	1.032478	0.172364	-0.296977	-0.308709	0.903606	0.660704	-0.749635	-0.038961	0.689402	0.585445	0.426589
22848	6.246815	-2.036410	2.468688	0.008341	0.775361	0.146346	-0.301290	-0.314347	0.900228	0.661244	-0.749089	-0.040265	0.687008	0.583139	0.433553
22849	6.688528	-1.728300	2.634758	0.237013	0.566349	0.112548	-0.304367	-0.318501	0.897729	0.663255	-0.747309	-0.040264	0.683705	0.583169	0.438704
22850	7.060504	-1.361345	2.886578	0.406394	0.437952	0.051949	-0.306949	-0.321459	0.895794	0.666230	-0.744728	-0.038961	0.679647	0.584846	0.442759
22851	7.402581	-0.956603	3.091424	0.499442	0.370116	-0.031399	-0.309607	-0.323405	0.894177	0.669562	-0.741860	-0.036480	0.675152	0.587413	0.446224
22852	7.668559	-0.544948	3.248956	0.523522	0.329748	-0.125639	-0.312608	-0.324428	0.892761	0.672740	-0.739141	-0.033037	0.670595	0.590268	0.449318
22853	7.830768	-0.243687	3.444648	0.511877	0.300974	-0.206533	-0.315954	-0.324694	0.891486	0.675558	-0.736740	-0.028907	0.666179	0.593117	0.452126
22854	8.079380	0.052978	3.799896	0.444561	0.275478	-0.267478	-0.319532	-0.324375	0.890326	0.677706	-0.734923	-0.024532	0.662279	0.595541	0.454663
22855	8.256132	0.283460	4.420479	0.304961	0.235614	-0.322133	-0.323216	-0.323423	0.889342	0.678732	-0.734106	-0.020295	0.659435	0.597065	0.456792
22856	8.519148	0.024168	4.896412	0.130931	0.199615	-0.344866	-0.326810	-0.322093	0.888510	0.678519	-0.734394	-0.016653	0.657880	0.597429	0.458554
22857	8.191224	-0.342112	5.533501	0.131646	0.199503	-0.342795	-0.330389	-0.320777	0.887663	0.678303	-0.734667	-0.013023	0.656314	0.597802	0.460309
22858	7.708083	-0.087093	6.034599	0.325421	0.202874	-0.320587	-0.333834	-0.319649	0.886780	0.679416	-0.733702	-0.008700	0.653413	0.599588	0.462109
22859	7.160103	0.789663	6.310092	0.404520	0.153043	-0.294053	-0.336774	-0.318422	0.886110	0.681112	-0.732167	-0.004240	0.650131	0.602112	0.463456
22860	6.863844	1.232592	6.333125	0.267078	0.062141	-0.278260	-0.339018	-0.316774	0.885845	0.681951	-0.731398	-0.000557	0.648081	0.603914	0.463981
22861	6.830534	1.113513	6.269269	0.023195	-0.041376	-0.249465	-0.340392	-0.314707	0.886055	0.681300	-0.732003	0.001741	0.648046	0.604261	0.463577
22862	7.167465	0.846038	6.108362	-0.225435	-0.132058	-0.191460	-0.340786	-0.312520	0.886677	0.679230	-0.733922	0.002376	0.650009	0.603067	0.462384
22863	7.634383	0.651442	5.793550	-0.417432	-0.191368	-0.132595	-0.340380	-0.310402	0.887576	0.676104	-0.736805	0.001607	0.653472	0.600641	0.460658
22864	8.086309	0.212688	5.347833	-0.527307	-0.232538	-0.105027	-0.339516	-0.308249	0.888657	0.672335	-0.740247	0.000098	0.657795	0.597509	0.458572
22865	8.489173	-0.230986	4.871684	-0.538176	-0.272529	-0.088827	-0.338254	-0.305975	0.889923	0.668528	-0.743685	-0.001592	0.662310	0.594400	0.456108
22866	8.805429	-0.421170	4.475002	-0.500773	-0.301094	-0.086916	-0.336786	-0.303559	0.891306	0.664953	-0.746879	-0.003113	0.666643	0.591628	0.453391
22867	8.699543	-0.380953	3.944612	-0.470540	-0.322919	-0.081107	-0.335107	-0.301056	0.892787	0.661580	-0.749861	-0.004536	0.670832	0.589130	0.450456
22868	8.337442	-0.359350	3.285863	-0.458395	-0.373412	-0.045156	-0.332844	-0.298539	0.894477	0.658391	-0.752651	-0.006209	0.675083	0.586849	0.447071
22869	8.243772	-0.575567	2.685979	-0.476917	-0.466126	-0.018720	-0.329752	-0.295677	0.896571	0.655145	-0.755459	-0.008184	0.679742	0.584685	0.442825
22870	8.695764	-0.647616	2.384054	-0.488108	-0.598084	-0.041512	-0.325892	-0.291890	0.899219	0.651725	-0.758390	-0.009980	0.684872	0.582791	0.437385
22871	9.520637	-0.278747	2.087007	-0.459123	-0.740217	-0.113155	-0.321480	-0.286731	0.902461	0.648248	-0.761350	-0.010974	0.690235	0.581491	0.430632
22872	10.020054	0.116138	1.536871	-0.403972	-0.869671	-0.205307	-0.316728	-0.280127	0.906207	0.644841	-0.764240	-0.010864	0.695603	0.580919	0.422694
22873	9.306959	-0.262199	0.481239	-0.313660	-0.973989	-0.274073	-0.311633	-0.272380	0.910326	0.641837	-0.766780	-0.009709	0.700664	0.581255	0.413778
22874	8.527705	-1.007231	-0.749069	-0.132576	-1.039170	-0.388316	-0.306762	-0.263362	0.914624	0.639751	-0.768552	-0.006731	0.704709	0.583067	0.404249
22875	8.677189	-0.932811	-1.159862	-0.069739	-1.100742	-0.498739	-0.302111	-0.253105	0.919057	0.637787	-0.770209	-0.002460	0.708489	0.585420	0.394116
22876	9.902791	-0.269542	0.036084	-0.213791	-1.192073	-0.495853	-0.296726	-0.242302	0.923712	0.634830	-0.772651	0.001251	0.713404	0.586771	0.383087
22877	10.934143	0.405401	2.120125	-0.431601	-1.226295	-0.469414	-0.290850	-0.231485	0.928343	0.630405	-0.776257	0.003944	0.719720	0.586379	0.371703
22878	11.284061	0.306142	3.693728	-0.657132	-1.178123	-0.499123	-0.285388	-0.220710	0.932653	0.624260	-0.781193	0.006154	0.727223	0.583974	0.360723
22879	11.067934	-0.801889	4.177403	-0.790874	-1.091008	-0.561635	-0.280837	-0.209967	0.936506	0.616934	-0.786969	0.008564	0.735203	0.580167	0.350546
22880	10.478915	-2.220577	4.205830	-0.780821	-1.022084	-0.572086	-0.276722	-0.199547	0.940003	0.609616	-0.792617	0.011202	0.742828	0.576141	0.340981
22881	10.146732	-2.859560	4.327342	-0.689291	-0.972661	-0.512545	-0.272512	-0.189897	0.943226	0.603112	-0.797539	0.013682	0.749662	0.572600	0.331869
22882	10.355449	-2.789464	4.542962	-0.621974	-0.918761	-0.414884	-0.268014	-0.181346	0.946194	0.597358	-0.801824	0.015528	0.755865	0.569378	0.323228
22883	10.747519	-2.804021	4.703964	-0.573425	-0.797423	-0.339350	-0.263924	-0.174104	0.948700	0.592153	-0.805649	0.016883	0.761380	0.566231	0.315726
22884	10.566408	-3.410618	4.643910	-0.435294	-0.670673	-0.291778	-0.260450	-0.167978	0.950762	0.588114	-0.808572	0.018251	0.765694	0.563910	0.309383
22885	9.745709	-3.793146	4.173002	-0.128174	-0.609036	-0.258620	-0.257240	-0.162464	0.952593	0.586509	-0.809689	0.020290	0.768007	0.563923	0.303571
22886	8.832867	-3.277178	3.317886	0.306979	-0.645631	-0.257901	-0.253719	-0.156752	0.954492	0.588258	-0.808328	0.023621	0.767840	0.567481	0.297299
22887	8.329479	-1.605953	2.233045	0.690486	-0.728533	-0.296327	-0.249825	-0.150216	0.956568	0.592853	-0.804808	0.028450	0.765580	0.574212	0.290117
22888	8.611773	0.626781	1.550185	0.845871	-0.795883	-0.361198	-0.245815	-0.142744	0.958749	0.598472	-0.800410	0.034273	0.762500	0.582209	0.282181
22889	9.499326	2.403028	1.716911	0.698104	-0.780759	-0.409887	-0.242274	-0.134911	0.960782	0.602833	-0.796858	0.040119	0.760194	0.588911	0.274387
22890	10.272205	3.146169	2.791487	0.333649	-0.689894	-0.452708	-0.239682	-0.127257	0.962475	0.604329	-0.795445	0.045321	0.759829	0.592514	0.267559
22891	10.707948	3.012066	3.744987	-0.024889	-0.591967	-0.486479	-0.238058	-0.119888	0.963823	0.603023	-0.796161	0.049909	0.761375	0.593089	0.261827
22892	10.345299	2.241728	2.850411	-0.176743	-0.611574	-0.539559	-0.236563	-0.111985	0.965141	0.600445	-0.797800	0.054605	0.763874	0.592432	0.255971
22893	10.175975	0.268050	0.968512	-0.255086	-0.711648	-0.545525	-0.234324	-0.103427	0.966641	0.597254	-0.799864	0.059198	0.767059	0.591202	0.249199
22894	9.985514	-2.106486	0.238205	-0.252412	-0.725683	-0.479400	-0.231525	-0.095322	0.968148	0.594247	-0.801798	0.063166	0.770238	0.589944	0.242281
22895	9.869892	-3.104069	0.387427	-0.037237	-0.716699	-0.377695	-0.228181	-0.088075	0.969627	0.593138	-0.802333	0.066703	0.772088	0.590343	0.235318
22896	10.046617	-2.439953	0.613049	0.291541	-0.675272	-0.263734	-0.224451	-0.081988	0.971030	0.594843	-0.800798	0.069882	0.771870	0.593296	0.228510
22897	9.640053	-0.671647	1.252285	0.533188	-0.615681	-0.244407	-0.221103	-0.076378	0.972255	0.598456	-0.797784	0.073424	0.770042	0.598086	0.222102
22898	9.912206	1.427569	1.816747	0.546369	-0.561364	-0.275738	-0.218353	-0.070836	0.973296	0.602103	-0.794673	0.077242	0.767980	0.602891	0.216170
22899	9.844816	3.058526	1.804809	0.343840	-0.537921	-0.312096	-0.216047	-0.065118	0.974209	0.604110	-0.792775	0.080981	0.767056	0.606025	0.210616
22900	9.343831	3.271626	1.306745	0.068492	-0.521417	-0.375705	-0.214228	-0.058999	0.975000	0.603879	-0.792560	0.084726	0.767748	0.606933	0.205417
22901	9.492612	2.258659	1.058725	-0.105819	-0.500912	-0.393952	-0.212694	-0.052847	0.975689	0.602270	-0.793392	0.088318	0.769436	0.606413	0.200578
22902	10.086523	0.920814	1.383426	-0.130348	-0.441492	-0.369287	-0.211429	-0.047257	0.976250	0.600534	-0.794334	0.091608	0.771140	0.605640	0.196324
22903	9.923802	0.045517	1.717301	-0.009231	-0.418513	-0.337082	-0.210163	-0.042055	0.976761	0.599798	-0.794510	0.094846	0.772058	0.605793	0.192201
22904	9.902608	0.383300	1.574431	0.210963	-0.419006	-0.320361	-0.208765	-0.036986	0.977266	0.600807	-0.793325	0.098321	0.771653	0.607674	0.187840
22905	9.809238	1.240776	1.565219	0.392622	-0.391408	-0.313034	-0.207573	-0.032132	0.977692	0.603227	-0.791011	0.102074	0.770085	0.610958	0.183576
22906	9.649332	2.092665	1.308219	0.487095	-0.380934	-0.300237	-0.206372	-0.027443	0.978089	0.606403	-0.788083	0.105836	0.767910	0.614957	0.179280
22907	9.503255	2.683794	1.374391	0.499152	-0.377378	-0.278038	-0.205110	-0.022938	0.978470	0.609703	-0.785043	0.109404	0.765632	0.619016	0.175006
22908	9.714540	2.974604	1.535591	0.472719	-0.391174	-0.235477	-0.203472	-0.018677	0.978903	0.612887	-0.782125	0.112470	0.763524	0.622841	0.170588
22909	9.639596	2.989097	1.355483	0.417688	-0.360545	-0.197498	-0.201876	-0.014893	0.979298	0.615717	-0.779520	0.115071	0.761668	0.626200	0.166537
22910	9.658366	3.006828	1.353255	0.356219	-0.365844	-0.178083	-0.200107	-0.011220	0.979710	0.618119	-0.777276	0.117350	0.760188	0.629060	0.162474
22911	9.395269	2.655670	1.298718	0.277476	-0.386018	-0.181974	-0.198241	-0.007384	0.980126	0.619909	-0.775514	0.119541	0.759219	0.631287	0.158316
22912	9.181812	2.109112	1.470693	0.242794	-0.449320	-0.195109	-0.195960	-0.003038	0.980607	0.621417	-0.773958	0.121783	0.758578	0.633230	0.153552
22913	9.181091	1.598396	1.039478	0.250359	-0.486862	-0.191212	-0.193398	0.001519	0.981119	0.622987	-0.772342	0.123999	0.757948	0.635206	0.148423
22914	9.564033	1.606293	0.893109	0.289983	-0.511265	-0.169474	-0.190500	0.006075	0.981668	0.624907	-0.770458	0.126036	0.757100	0.637461	0.142976
22915	9.589455	1.875136	0.776637	0.301244	-0.462814	-0.118864	-0.187683	0.009937	0.982179	0.627005	-0.768496	0.127588	0.756068	0.639778	0.138003
22916	9.767337	2.065120	0.826551	0.276381	-0.418821	-0.103358	-0.185086	0.013411	0.982631	0.628949	-0.766681	0.128931	0.755094	0.641888	0.133467
22917	9.386419	2.177208	0.947453	0.193847	-0.396721	-0.127352	-0.182833	0.016928	0.982998	0.630222	-0.765387	0.130398	0.754581	0.643348	0.129269
22918	9.527908	2.054903	0.988863	0.099319	-0.390414	-0.157636	-0.180799	0.020646	0.983303	0.630732	-0.764686	0.132028	0.754645	0.644072	0.125232
22919	9.337704	1.282269	1.157183	0.021966	-0.379662	-0.184476	-0.179036	0.024494	0.983538	0.630610	-0.764474	0.133830	0.755167	0.644189	0.121423
22920	9.196010	0.658421	1.291811	0.040816	-0.422151	-0.195642	-0.177000	0.028709	0.983792	0.630617	-0.764128	0.135757	0.755641	0.644425	0.117147
22921	9.455715	0.498659	1.299028	0.127649	-0.435603	-0.163919	-0.174683	0.032762	0.984080	0.631337	-0.763226	0.137477	0.755579	0.645300	0.112639
22922	9.431680	0.839866	1.384187	0.231310	-0.435776	-0.126218	-0.172108	0.036538	0.984400	0.632912	-0.761657	0.138927	0.754851	0.646950	0.107962
22923	9.439763	1.695780	1.387836	0.283007	-0.435733	-0.118217	-0.169511	0.040253	0.984706	0.634888	-0.759749	0.140349	0.753779	0.648969	0.103229
22924	9.779811	2.473144	1.428482	0.261929	-0.430625	-0.113076	-0.166905	0.043908	0.984995	0.636718	-0.757969	0.141679	0.752816	0.650811	0.098552
22925	9.336375	2.751151	1.774758	0.178132	-0.410522	-0.117674	-0.164505	0.047466	0.985233	0.637907	-0.756727	0.142969	0.752339	0.652006	0.094207
22926	9.294780	2.584954	1.795307	0.099285	-0.447380	-0.132102	-0.161904	0.051383	0.985468	0.638484	-0.755983	0.144315	0.752413	0.652571	0.089589
22927	9.406637	2.388016	1.066703	0.076339	-0.462835	-0.111016	-0.159070	0.055236	0.985721	0.638923	-0.755398	0.145435	0.752645	0.652934	0.084869
22928	9.492220	1.905778	0.661127	0.052839	-0.423793	-0.082209	-0.156329	0.058625	0.985964	0.639237	-0.754976	0.146244	0.752953	0.653126	0.080549
22929	9.399069	1.310086	0.791321	0.043652	-0.402442	-0.058186	-0.153609	0.061685	0.986204	0.639517	-0.754629	0.146811	0.753274	0.653246	0.076469
22930	9.345397	0.964247	1.117748	0.094455	-0.415595	-0.068598	-0.150842	0.064920	0.986424	0.640170	-0.753938	0.147512	0.753279	0.653730	0.072166
22931	9.280862	1.101623	0.759475	0.190890	-0.465890	-0.078783	-0.147778	0.068554	0.986642	0.641531	-0.752609	0.148381	0.752728	0.654889	0.067240
22932	9.518696	1.811520	0.605358	0.256851	-0.488974	-0.063650	-0.144433	0.072239	0.986874	0.643415	-0.750851	0.149129	0.751768	0.656509	0.061968
22933	9.481689	2.444551	1.183360	0.219282	-0.506781	-0.057801	-0.140937	0.075996	0.987097	0.645022	-0.749340	0.149787	0.751055	0.657810	0.056590
22934	9.215859	2.658443	1.524863	0.120992	-0.540538	-0.067715	-0.137240	0.080061	0.987297	0.645881	-0.748462	0.150475	0.751002	0.658327	0.051008
22935	9.378781	2.201296	1.547869	0.011117	-0.536766	-0.089646	-0.133725	0.084258	0.987430	0.645884	-0.748288	0.151322	0.751633	0.658001	0.045644
22936	9.770406	1.640098	1.486604	-0.015380	-0.539406	-0.083021	-0.130133	0.088428	0.987545	0.645702	-0.748289	0.152091	0.752419	0.657452	0.040279
22937	9.690712	0.280104	1.933809	0.017094	-0.491699	-0.069198	-0.126818	0.092171	0.987634	0.645783	-0.748088	0.152738	0.752916	0.657167	0.035349
22938	9.446385	-0.732825	2.368944	0.189866	-0.491472	-0.042645	-0.123324	0.095721	0.987739	0.647201	-0.746772	0.153176	0.752278	0.658156	0.030144
22939	9.058564	-0.361911	2.334165	0.476754	-0.482430	-0.009850	-0.119704	0.098970	0.987864	0.650810	-0.743591	0.153359	0.749745	0.661270	0.024600
22940	9.035806	0.897273	2.070416	0.711509	-0.499540	0.033417	-0.115681	0.102032	0.988032	0.656212	-0.738875	0.153133	0.745657	0.666073	0.018519
22941	9.021114	2.315082	2.251114	0.805280	-0.499732	0.092726	-0.111294	0.104686	0.988258	0.662342	-0.733559	0.152296	0.740889	0.671515	0.012303
22942	9.246197	2.958690	2.085373	0.748800	-0.455988	0.127963	-0.107008	0.106817	0.988504	0.668054	-0.728620	0.151052	0.736378	0.676538	0.006609
22943	9.578949	2.603101	1.894341	0.631454	-0.423943	0.141456	-0.102884	0.108661	0.988740	0.672879	-0.724460	0.149634	0.732563	0.680698	0.001420
22944	9.734290	2.092154	1.876534	0.567556	-0.363113	0.152890	-0.099136	0.110028	0.988972	0.677221	-0.720727	0.148069	0.729071	0.684432	-0.003063
22945	9.913580	1.610278	1.736492	0.580078	-0.331274	0.151839	-0.095634	0.111205	0.989185	0.681626	-0.716887	0.146492	0.725424	0.688264	-0.007242
22946	9.665292	1.500007	1.947335	0.615230	-0.281141	0.165492	-0.092407	0.111955	0.989407	0.686270	-0.712797	0.144751	0.721453	0.692377	-0.010964
22947	9.913758	2.049453	1.967808	0.715667	-0.285650	0.201137	-0.088906	0.112507	0.989665	0.691637	-0.708024	0.142623	0.716753	0.697169	-0.014866
22948	10.021335	2.219279	2.215279	0.712400	-0.249406	0.245478	-0.085363	0.112511	0.989977	0.696976	-0.703290	0.140027	0.711995	0.701944	-0.018382
22949	9.665451	2.064636	2.886665	0.713960	-0.167901	0.286931	-0.082103	0.111679	0.990347	0.702320	-0.698555	0.136999	0.707111	0.706788	-0.021081
22950	9.734796	2.533716	3.640172	0.765002	-0.094506	0.327703	-0.079073	0.110058	0.990775	0.708008	-0.693464	0.133537	0.701764	0.712035	-0.023088
22951	10.211931	3.029531	4.007489	0.806652	-0.011789	0.356555	-0.076394	0.107677	0.991246	0.713959	-0.688058	0.129766	0.696008	0.717622	-0.024314
22952	10.907610	2.973251	3.768404	0.803840	0.093243	0.393572	-0.074173	0.104295	0.991777	0.719859	-0.682657	0.125625	0.690146	0.723258	-0.024443
22953	11.452670	2.737363	3.208441	0.708121	0.262662	0.438683	-0.072747	0.099403	0.992384	0.725085	-0.677935	0.121059	0.684806	0.728370	-0.022758
22954	11.595153	2.138609	2.972854	0.573799	0.431844	0.461864	-0.072296	0.093110	0.993028	0.729368	-0.674161	0.116313	0.680291	0.732692	-0.019172
22955	12.470795	1.590973	3.333911	0.477011	0.602340	0.483411	-0.072786	0.085434	0.993682	0.732989	-0.671059	0.111386	0.676335	0.736465	-0.013778
22956	13.622775	1.242614	4.180851	0.407600	0.777963	0.512150	-0.074236	0.076243	0.994322	0.736146	-0.668436	0.106215	0.672739	0.739851	-0.006503
22957	13.237120	1.260065	5.120169	0.300748	0.963842	0.538839	-0.076671	0.065502	0.994902	0.738606	-0.666558	0.100805	0.669763	0.742570	0.002726
22958	11.224824	0.856026	5.772000	0.138478	1.044920	0.535350	-0.079673	0.054143	0.995350	0.739981	-0.665820	0.095450	0.667892	0.744145	0.012983
22959	10.627317	0.802312	6.156767	0.043531	1.113866	0.542283	-0.083029	0.042240	0.995652	0.740748	-0.665725	0.090015	0.666633	0.745001	0.023985
22960	10.538501	0.786727	6.066607	0.001787	1.246556	0.548846	-0.087242	0.029263	0.995757	0.741257	-0.665879	0.084513	0.665527	0.745486	0.036401
22961	10.180957	0.658767	5.578968	-0.105240	1.371742	0.526256	-0.092406	0.015533	0.995600	0.741065	-0.666748	0.079184	0.665044	0.745122	0.050100
22962	10.612172	0.097234	5.308400	-0.291114	1.408821	0.487898	-0.098151	0.001750	0.995170	0.739624	-0.668926	0.074124	0.665825	0.743327	0.064362
22963	11.079782	-0.573336	4.015859	-0.491544	1.512585	0.456739	-0.104805	-0.012532	0.994414	0.736845	-0.672513	0.069184	0.667889	0.739979	0.079717
22964	10.849447	-1.232892	2.180915	-0.679075	1.591507	0.430410	-0.112284	-0.027222	0.993303	0.732798	-0.677405	0.064271	0.671119	0.735107	0.096009
22965	11.641475	-1.409490	0.828203	-0.772074	1.691115	0.402235	-0.120665	-0.042341	0.991790	0.728107	-0.682882	0.059431	0.674759	0.729300	0.113229
