// General information: 
//  MT Manager version: 2022.2.0 
//  XDA version: 2022.2.0 build 7381 rev 124627 built on 2023-07-19
// Device information: 
//  DeviceId: 00B4CAF0
//  ProductCode: MTW2-3A7G6
//  Firmware Version: 4.6.0
//  Hardware Version: 2.0.0
// Device settings: 
//  Filter Profile: human(46.1)
//  Option Flags: Orientation Smoother Disabled, Position/Velocity Smoother Disabled, Continuous Zero Rotation Update Disabled, AHS Disabled, ICC Disabled
// Coordinate system: ENU
PacketCounter	Acc_X	Acc_Y	Acc_Z	Gyr_X	Gyr_Y	Gyr_Z	Mat[1][1]	Mat[2][1]	Mat[3][1]	Mat[1][2]	Mat[2][2]	Mat[3][2]	Mat[1][3]	Mat[2][3]	Mat[3][3]
13597	6.038260	0.244624	8.288922	0.013899	0.079657	0.008143	0.115590	-0.782585	0.611718	0.987958	0.154349	0.010778	-0.102853	0.603106	0.791003
13598	5.965149	0.093491	8.294244	0.013398	0.085034	0.009596	0.115743	-0.783075	0.611062	0.987940	0.154457	0.010807	-0.102846	0.602442	0.791509
13599	5.935967	0.186690	8.332310	0.019447	0.079094	0.007976	0.115891	-0.783655	0.610290	0.987920	0.154584	0.010895	-0.102879	0.601655	0.792103
13600	5.778126	0.234685	8.444864	0.016873	0.067080	0.007738	0.116007	-0.784039	0.609775	0.987901	0.154698	0.010964	-0.102927	0.601126	0.792498
13601	5.819048	0.144999	8.409107	0.019372	0.053783	0.002494	0.116075	-0.784474	0.609203	0.987887	0.154781	0.011085	-0.102989	0.600536	0.792937
13602	5.974959	0.210688	8.359977	0.026647	0.033318	-0.004662	0.116034	-0.784673	0.608954	0.987872	0.154856	0.011306	-0.103172	0.600257	0.793125
13603	5.841885	0.242181	8.353712	0.021623	0.035711	0.002226	0.116080	-0.784999	0.608524	0.987856	0.154951	0.011447	-0.103278	0.599806	0.793453
13604	5.874337	0.138718	8.367657	0.026500	0.022542	-0.006075	0.116014	-0.785136	0.608361	0.987843	0.155014	0.011677	-0.103472	0.599611	0.793575
13605	6.013421	0.079826	8.312292	0.031025	0.018067	-0.007262	0.115948	-0.785370	0.608071	0.987828	0.155090	0.011950	-0.103691	0.599284	0.793793
13606	5.859976	0.298821	8.365135	0.036275	0.027591	-0.010885	0.115840	-0.785544	0.607866	0.987811	0.155174	0.012286	-0.103977	0.599034	0.793944
13607	5.841983	0.388203	8.421811	0.034308	0.012413	-0.008793	0.115753	-0.785747	0.607621	0.987794	0.155258	0.012596	-0.104235	0.598746	0.794127
13608	5.982607	0.352955	8.372339	0.028444	-0.001423	-0.003222	0.115690	-0.785735	0.607648	0.987776	0.155355	0.012823	-0.104477	0.598736	0.794103
13609	5.993173	0.346563	8.314374	0.027041	0.009754	-0.003322	0.115654	-0.785913	0.607425	0.987760	0.155438	0.013042	-0.104667	0.598482	0.794270
13610	5.974659	0.317217	8.336904	0.025077	0.010272	0.004662	0.115681	-0.785959	0.607360	0.987736	0.155577	0.013195	-0.104862	0.598385	0.794317
13611	5.997525	0.320082	8.331348	0.017436	0.008059	0.007116	0.115746	-0.786110	0.607153	0.987718	0.155684	0.013275	-0.104960	0.598159	0.794474
13612	5.991455	0.276614	8.399273	0.021552	0.011172	0.011157	0.115839	-0.786151	0.607081	0.987690	0.155853	0.013361	-0.105119	0.598061	0.794527
13613	5.987830	0.066301	8.339839	0.016662	0.016105	0.009304	0.115934	-0.786346	0.606811	0.987670	0.155973	0.013422	-0.105200	0.597773	0.794733
13614	5.938018	-0.029207	8.326198	0.022379	0.019153	0.002331	0.115947	-0.786449	0.606675	0.987652	0.156077	0.013568	-0.105358	0.597611	0.794834
13615	5.790823	0.159158	8.394157	0.031833	0.017507	-0.013752	0.115816	-0.786687	0.606391	0.987643	0.156106	0.013889	-0.105588	0.597289	0.795045
13616	5.513544	0.186461	8.502803	0.038689	-0.003647	-0.025755	0.115528	-0.786697	0.606433	0.987639	0.156087	0.014335	-0.105933	0.597281	0.795006
13617	5.724657	0.253914	8.540703	0.038372	-0.064102	-0.035984	0.115091	-0.786483	0.606794	0.987649	0.155980	0.014843	-0.106322	0.597591	0.794721
13618	5.983019	0.379109	8.370901	0.030537	-0.062501	-0.030937	0.114689	-0.786150	0.607302	0.987660	0.155872	0.015255	-0.106654	0.598058	0.794325
13619	6.041826	0.379422	8.377457	0.023906	-0.068278	-0.023167	0.114373	-0.785889	0.607698	0.987669	0.155780	0.015571	-0.106904	0.598423	0.794016
13620	6.171055	0.312482	8.345551	0.014257	-0.071075	-0.014605	0.114123	-0.785479	0.608276	0.987678	0.155702	0.015755	-0.107085	0.598983	0.793570
13621	6.221289	0.320699	8.226314	0.003370	-0.043373	-0.007131	0.113992	-0.785342	0.608477	0.987691	0.155614	0.015812	-0.107105	0.599185	0.793414
13622	6.093812	0.205388	8.279744	-0.000235	-0.020456	-0.000887	0.113932	-0.785212	0.608655	0.987701	0.155557	0.015797	-0.107085	0.599369	0.793278
13623	6.095638	0.276012	8.298893	0.003339	-0.004541	0.000356	0.113916	-0.785296	0.608551	0.987705	0.155527	0.015808	-0.107060	0.599268	0.793357
13624	6.025052	0.295348	8.323880	0.003483	0.006243	0.001739	0.113910	-0.785322	0.608517	0.987707	0.155514	0.015807	-0.107046	0.599236	0.793383
13625	5.983286	0.262461	8.352553	0.003965	0.008025	0.008525	0.113988	-0.785467	0.608316	0.987702	0.155552	0.015773	-0.107014	0.599036	0.793539
13626	6.187270	0.187805	8.249199	0.002863	0.017623	0.009571	0.114071	-0.785550	0.608193	0.987696	0.155596	0.015720	-0.106981	0.598917	0.793633
13627	6.485789	0.138914	8.233097	0.011773	0.052733	0.006663	0.114178	-0.785965	0.607637	0.987684	0.155666	0.015760	-0.106975	0.598354	0.794059
13628	6.301459	0.165541	8.242248	0.011380	0.115193	0.012687	0.114397	-0.786626	0.606740	0.987665	0.155786	0.015755	-0.106915	0.597453	0.794744
13629	5.894214	0.139231	8.272207	0.020348	0.142128	-0.000424	0.114530	-0.787582	0.605472	0.987652	0.155852	0.015906	-0.106892	0.596175	0.795707
13630	5.683656	0.185702	8.399436	0.020347	0.125370	-0.008224	0.114553	-0.788334	0.604489	0.987648	0.155860	0.016100	-0.106908	0.595178	0.796451
13631	5.504059	0.254991	8.444334	0.023761	0.083086	-0.013428	0.114494	-0.788956	0.603688	0.987646	0.155843	0.016357	-0.106985	0.594357	0.797053
13632	5.476953	0.397063	8.493072	0.019490	0.031073	-0.011844	0.114380	-0.789152	0.603454	0.987647	0.155818	0.016565	-0.107101	0.594105	0.797226
13633	5.636740	0.532898	8.461915	0.008228	-0.017750	-0.007864	0.114268	-0.789166	0.603457	0.987656	0.155752	0.016665	-0.107141	0.594103	0.797221
13634	5.945001	0.411385	8.342871	0.001035	-0.041374	-0.000174	0.114192	-0.788912	0.603803	0.987663	0.155709	0.016656	-0.107158	0.594451	0.796960
13635	6.130743	0.405447	8.263443	-0.007294	-0.033312	0.008213	0.114222	-0.788809	0.603932	0.987669	0.155678	0.016536	-0.107063	0.594597	0.796864
13636	6.026128	0.289771	8.310899	-0.012812	-0.016981	0.014152	0.114314	-0.788678	0.604086	0.987675	0.155666	0.016331	-0.106915	0.594774	0.796752
13637	5.986461	0.278660	8.344647	-0.008800	-0.016088	0.014430	0.114423	-0.788666	0.604081	0.987676	0.155675	0.016162	-0.106786	0.594787	0.796759
13638	5.927464	0.216411	8.290469	-0.013068	-0.014293	0.014872	0.114525	-0.788550	0.604213	0.987681	0.155666	0.015950	-0.106633	0.594943	0.796663
13639	5.892282	0.081743	8.314162	-0.005206	-0.008414	0.005531	0.114554	-0.788597	0.604146	0.987688	0.155627	0.015863	-0.106531	0.594891	0.796716
13640	5.792319	0.082559	8.314965	0.007131	-0.008130	-0.006856	0.114448	-0.788551	0.604225	0.987697	0.155567	0.015943	-0.106570	0.594967	0.796654
13641	5.608661	0.233873	8.511270	0.027020	-0.045922	-0.018500	0.114199	-0.788412	0.604454	0.987697	0.155530	0.016259	-0.106829	0.595161	0.796474
13642	5.686999	-0.070092	8.426954	0.031041	-0.060734	-0.024079	0.113867	-0.788080	0.604949	0.987699	0.155477	0.016633	-0.107164	0.595614	0.796090
13643	5.754595	0.378241	8.374509	0.033673	-0.087519	-0.031372	0.113447	-0.787713	0.605506	0.987707	0.155379	0.017079	-0.107536	0.596125	0.795657
13644	5.817854	0.184203	8.533214	0.035974	-0.121267	-0.037455	0.112917	-0.787040	0.606480	0.987719	0.155250	0.017574	-0.107988	0.597047	0.794905
13645	5.897864	0.388704	8.353189	0.025209	-0.131239	-0.035624	0.112406	-0.786417	0.607382	0.987740	0.155068	0.017979	-0.108325	0.597915	0.794206
13646	5.938904	0.219500	8.419241	0.022263	-0.135622	-0.030645	0.111927	-0.785645	0.608469	0.987758	0.154913	0.018324	-0.108656	0.598969	0.793366
13647	5.852957	0.458886	8.478181	0.022062	-0.157086	-0.033491	0.111409	-0.784861	0.609575	0.987780	0.154730	0.018691	-0.108989	0.600044	0.792508
13648	5.862114	0.393882	8.529384	0.001246	-0.179046	-0.025598	0.110931	-0.783816	0.611004	0.987815	0.154488	0.018840	-0.109160	0.601469	0.791403
13649	5.986952	0.482052	8.564418	-0.011143	-0.216384	-0.021962	0.110461	-0.782653	0.612578	0.987860	0.154197	0.018875	-0.109230	0.603057	0.790184
13650	6.022416	0.441848	8.509112	-0.035309	-0.227702	-0.008096	0.110103	-0.781282	0.614390	0.987915	0.153872	0.018629	-0.109091	0.604914	0.788782
13651	5.950091	0.525772	8.546455	-0.059075	-0.257566	0.011593	0.109919	-0.779810	0.616290	0.987975	0.153552	0.018082	-0.108733	0.606892	0.787312
13652	5.830607	0.607449	8.491964	-0.086520	-0.290572	0.017676	0.109749	-0.778008	0.618594	0.988057	0.153115	0.017275	-0.108156	0.609310	0.785521
13653	5.512506	0.353782	8.637820	-0.100439	-0.343972	0.033577	0.109692	-0.775964	0.621167	0.988137	0.152711	0.016270	-0.107484	0.612013	0.783509
13654	5.925589	0.457630	8.457306	-0.121074	-0.426163	0.037791	0.109580	-0.773282	0.624522	0.988233	0.152212	0.015071	-0.106714	0.615522	0.780862
13655	5.802424	0.527884	8.503917	-0.132647	-0.498584	0.045802	0.109485	-0.770243	0.628283	0.988332	0.151694	0.013743	-0.105892	0.619448	0.777863
13656	5.566314	0.900745	8.993462	-0.265452	-0.570049	-0.040578	0.108456	-0.766750	0.632717	0.988662	0.149683	0.011922	-0.103848	0.624251	0.774291
13657	4.108245	0.222609	9.647963	-0.403503	-0.680614	-0.085933	0.106892	-0.762721	0.637833	0.989175	0.146444	0.009346	-0.100535	0.629930	0.770118
13658	3.778017	0.406511	9.728892	0.023622	-1.035095	0.202307	0.107816	-0.755853	0.645804	0.988941	0.148081	0.008213	-0.101839	0.637776	0.763459
13659	4.816210	0.253435	9.115542	-0.179050	-1.163144	0.140477	0.108007	-0.748294	0.654516	0.988979	0.147937	0.005934	-0.101268	0.646662	0.756025
13660	5.110220	-0.434019	9.755731	-0.029315	-1.459735	0.175055	0.108221	-0.738505	0.665506	0.988827	0.148998	0.004544	-0.102515	0.657579	0.746379
13661	4.782640	0.521023	10.175954	-0.021753	-1.705178	0.182847	0.108251	-0.727039	0.678009	0.988659	0.150143	0.003151	-0.104089	0.669978	0.735047
13662	4.621805	0.263111	10.365095	-0.083952	-2.022253	0.189035	0.107972	-0.713047	0.692753	0.988550	0.150886	0.001231	-0.105404	0.684688	0.721174
13663	4.825840	0.687319	10.659384	-0.127323	-2.428594	0.231023	0.107664	-0.695998	0.709926	0.988444	0.151580	-0.001296	-0.106708	0.701862	0.704275
13664	4.984895	1.126627	10.622281	-0.122018	-2.822086	0.282547	0.107390	-0.675473	0.729523	0.988279	0.152599	-0.004188	-0.108496	0.721422	0.683944
13665	5.706739	1.104850	11.100720	-0.220094	-3.208343	0.394186	0.107769	-0.651531	0.750928	0.988103	0.153554	-0.008579	-0.109718	0.742919	0.660328
13666	6.715862	0.966872	11.176569	-0.229987	-3.508029	0.495406	0.108759	-0.624292	0.773583	0.987829	0.154928	-0.013851	-0.111203	0.765674	0.633543
13667	7.371409	1.772076	10.300440	-0.263881	-3.719831	0.627799	0.110781	-0.594573	0.796374	0.987442	0.156657	-0.020400	-0.112628	0.788633	0.604461
13668	9.784942	1.700325	10.183430	-0.157341	-3.938109	0.758703	0.113750	-0.561845	0.819385	0.986778	0.159734	-0.027460	-0.115455	0.811674	0.572586
13669	10.169529	4.526940	9.355322	-0.099677	-3.960599	0.906986	0.118033	-0.527985	0.841011	0.985852	0.163813	-0.035520	-0.119015	0.833305	0.539851
13670	12.024973	10.236275	11.644964	-0.862163	-3.688027	1.177194	0.125293	-0.494941	0.859846	0.985437	0.162511	-0.050050	-0.114963	0.853595	0.508094
13671	6.391057	11.292350	14.903006	-1.785451	-2.986270	1.141913	0.133284	-0.467597	0.873835	0.985899	0.152577	-0.068731	-0.101188	0.870674	0.481340
13672	16.179626	1.386472	17.598677	-1.847640	-2.090693	0.347498	0.134729	-0.448746	0.883445	0.987168	0.137916	-0.080493	-0.085721	0.882953	0.461569
13673	6.449573	-0.782963	15.858079	-0.874467	-0.976652	-0.451635	0.129412	-0.440929	0.888163	0.988491	0.128135	-0.080418	-0.078346	0.888348	0.452437
13674	1.978907	1.657836	14.046150	0.003229	-0.262319	-0.828783	0.120981	-0.439629	0.889994	0.989533	0.124463	-0.073030	-0.078665	0.889514	0.450085
13675	-1.629136	3.306831	11.979702	0.145654	0.093779	-0.781388	0.113267	-0.441689	0.889990	0.990341	0.122287	-0.065349	-0.079970	0.888795	0.451274
13676	-1.306214	1.574007	11.458111	0.002167	0.336234	-0.545040	0.108106	-0.445320	0.888821	0.990949	0.119838	-0.060487	-0.079578	0.887316	0.454244
13677	-0.102284	-1.214276	11.754771	0.015360	0.702625	-0.313626	0.105498	-0.452205	0.885653	0.991280	0.118537	-0.057557	-0.078955	0.884002	0.460768
13678	0.642260	-2.416782	11.983736	0.244681	1.167659	-0.074558	0.105659	-0.462569	0.880265	0.991171	0.120300	-0.055754	-0.080106	0.878384	0.471196
13679	1.134469	-2.140458	11.797053	0.468076	1.669944	0.151470	0.108473	-0.477290	0.872025	0.990635	0.125075	-0.054769	-0.082928	0.869799	0.486387
13680	1.503689	-1.535104	11.171723	0.572085	2.149855	0.354480	0.113771	-0.495400	0.861182	0.989764	0.131691	-0.055002	-0.086162	0.858624	0.505312
13681	1.956527	-1.198038	10.275440	0.599418	2.563977	0.521531	0.121136	-0.516853	0.847460	0.988634	0.139408	-0.056292	-0.089048	0.844647	0.527866
13682	2.379133	-0.994055	9.390744	0.616620	2.900103	0.620024	0.129850	-0.540212	0.831450	0.987306	0.147793	-0.058166	-0.091460	0.828449	0.552546
13683	2.725062	-0.560420	8.715428	0.624711	3.153616	0.643471	0.139077	-0.565394	0.813011	0.985872	0.156443	-0.059852	-0.093350	0.809849	0.579163
13684	3.272079	-0.154127	8.357003	0.614227	3.315421	0.597330	0.148049	-0.590941	0.793013	0.984445	0.164759	-0.061013	-0.094601	0.789711	0.606141
13685	3.993745	-0.053611	8.166029	0.601000	3.424812	0.486913	0.156058	-0.617112	0.771245	0.983142	0.172357	-0.061023	-0.095272	0.767766	0.633607
13686	4.781734	-0.283672	8.143194	0.617460	3.489005	0.319525	0.162501	-0.642928	0.748489	0.982052	0.178990	-0.059463	-0.095742	0.744719	0.660475
13687	5.791541	-0.669602	8.027633	0.691557	3.507276	0.141535	0.167234	-0.668668	0.724510	0.981162	0.184960	-0.055770	-0.096714	0.720189	0.687004
13688	6.640667	-0.967385	7.904515	0.807543	3.498304	-0.011260	0.170512	-0.693434	0.700053	0.980401	0.190548	-0.050050	-0.098687	0.694867	0.712335
13689	7.221640	-0.888591	7.786276	0.925075	3.442813	-0.126215	0.172696	-0.717436	0.674879	0.979699	0.195937	-0.042404	-0.101811	0.668502	0.736709
13690	7.680894	-0.690038	7.742769	1.010344	3.341114	-0.175100	0.174421	-0.739674	0.649969	0.978963	0.201234	-0.033701	-0.105868	0.642174	0.759213
13691	7.954235	-0.513605	7.807455	1.056592	3.207569	-0.204490	0.175861	-0.760528	0.625036	0.978187	0.206311	-0.024190	-0.110555	0.615657	0.780221
13692	7.976374	-0.423605	7.927807	1.081599	3.028504	-0.234732	0.176963	-0.779271	0.601183	0.977387	0.210977	-0.014227	-0.115749	0.590106	0.798985
13693	7.898578	-0.380184	8.079045	1.098493	2.797801	-0.301213	0.177309	-0.796317	0.578309	0.976628	0.214910	-0.003507	-0.121491	0.565414	0.815811
13694	8.024742	-0.376173	8.264170	1.113148	2.533753	-0.432237	0.176218	-0.811285	0.557462	0.976014	0.217556	0.008089	-0.127841	0.542665	0.830163
13695	8.364570	-0.431321	8.409334	1.107501	2.226253	-0.652723	0.172741	-0.824773	0.538433	0.975709	0.218061	0.020999	-0.134731	0.521727	0.842406
13696	10.063866	-0.433799	8.231871	1.041502	1.912484	-0.950723	0.166076	-0.836634	0.521979	0.975891	0.215457	0.034843	-0.141615	0.503608	0.852247
13697	12.577999	-0.603846	7.675057	0.887023	1.672791	-1.315829	0.155617	-0.847911	0.506785	0.976736	0.208710	0.049272	-0.147549	0.487327	0.860663
13698	15.715438	-0.266882	6.616900	0.642675	1.525990	-1.642310	0.141815	-0.858572	0.492689	0.978228	0.197737	0.063011	-0.151522	0.473027	0.867921
13699	16.188791	5.223930	5.196073	-0.029961	1.241880	-1.757149	0.126442	-0.867890	0.480395	0.980639	0.182362	0.071350	-0.149529	0.462073	0.874145
13700	16.214031	0.126868	-3.530741	-1.164688	0.633130	-1.346736	0.114091	-0.873141	0.473929	0.983939	0.165232	0.067547	-0.137286	0.458611	0.877968
13701	17.868144	-2.744071	-3.106161	-1.717299	0.238263	-1.049329	0.104017	-0.876023	0.470918	0.987300	0.148113	0.057451	-0.120077	0.458961	0.880305
13702	16.514819	-6.707364	-3.029623	-1.436086	-0.109802	-0.978843	0.094186	-0.876887	0.471378	0.989901	0.132877	0.049393	-0.105947	0.461966	0.880547
13703	15.031600	-5.757820	-3.252438	-0.920508	-0.529842	-0.936957	0.084331	-0.875731	0.475378	0.991679	0.120332	0.045752	-0.097269	0.467564	0.878591
13704	13.436533	-4.184138	-3.088745	-0.568678	-0.937865	-0.836350	0.075113	-0.872262	0.483236	0.992891	0.110293	0.044751	-0.092332	0.476440	0.874345
13705	11.822370	-3.090285	-2.758470	-0.438263	-1.376370	-0.683881	0.067044	-0.866447	0.494748	0.993780	0.102179	0.044277	-0.088917	0.488702	0.867908
13706	10.903671	-2.866460	-1.742850	-0.396939	-1.801016	-0.529152	0.060178	-0.858017	0.510084	0.994470	0.095599	0.043485	-0.086074	0.504646	0.859025
13707	12.077258	-2.966897	0.129873	-0.265671	-2.127925	-0.385302	0.054503	-0.847531	0.527941	0.994923	0.090895	0.043206	-0.084606	0.522905	0.848182
13708	10.514083	0.343521	7.051997	-0.124509	-1.949234	-0.170377	0.051131	-0.837321	0.544315	0.995123	0.088752	0.043048	-0.084354	0.539460	0.837775
13709	13.812191	1.777292	14.652133	-0.214950	-1.334527	0.092040	0.050907	-0.830044	0.555369	0.995261	0.088295	0.040735	-0.082848	0.550664	0.830606
13710	13.171261	-0.320749	12.463921	-0.339074	-0.589288	0.167294	0.052064	-0.826628	0.560336	0.995456	0.087757	0.036969	-0.079733	0.555865	0.827440
13711	7.042191	-1.435614	8.006107	-0.224010	-0.347906	0.040112	0.052164	-0.824727	0.563120	0.995616	0.086788	0.034878	-0.077637	0.558832	0.825639
13712	5.433903	-1.508342	6.985265	-0.030395	-0.424194	0.096842	0.052770	-0.822255	0.566667	0.995594	0.087368	0.034060	-0.077515	0.562372	0.823243
13713	4.587568	-2.149056	9.250451	-0.007098	-0.592548	0.250488	0.054782	-0.818759	0.571517	0.995470	0.089331	0.032557	-0.077711	0.567145	0.819944
13714	6.387109	0.329283	12.029874	0.108963	-0.904108	0.181874	0.055853	-0.813425	0.578982	0.995289	0.091390	0.032382	-0.079253	0.574445	0.814697
13715	16.182086	4.263207	10.996122	-0.599282	-0.888273	0.588816	0.061015	-0.807822	0.586260	0.995408	0.092646	0.024062	-0.073753	0.582100	0.809765
13716	9.235656	-4.040351	10.311191	-0.303804	-0.221037	0.189731	0.062715	-0.806348	0.588107	0.995515	0.092358	0.020471	-0.070823	0.584186	0.808524
13717	9.094810	-1.952371	8.205314	-0.051111	-0.055253	0.021550	0.062870	-0.806073	0.588467	0.995543	0.092183	0.019909	-0.070294	0.584593	0.808276
13718	5.116758	-1.198330	9.249516	0.086822	-0.071320	-0.044618	0.062347	-0.805688	0.589050	0.995514	0.092283	0.020854	-0.071161	0.585108	0.807827
13719	6.065300	1.422903	8.165853	0.049548	-0.086013	-0.066129	0.061610	-0.805311	0.589643	0.995525	0.091990	0.021617	-0.071649	0.585672	0.807375
13720	5.989237	0.998164	8.132373	0.005253	-0.065393	-0.040102	0.061135	-0.804955	0.590178	0.995551	0.091650	0.021877	-0.071699	0.586215	0.806977
13721	5.939913	1.388831	8.104241	-0.017185	-0.038538	0.001315	0.061101	-0.804793	0.590402	0.995568	0.091509	0.021706	-0.071496	0.586459	0.806818
13722	5.480471	2.041900	7.983984	-0.064217	-0.037165	0.060688	0.061650	-0.804510	0.590731	0.995581	0.091573	0.020810	-0.070837	0.586837	0.806600
13723	5.457409	1.357040	8.156538	-0.139810	-0.055498	0.131344	0.062898	-0.804129	0.591118	0.995602	0.091758	0.018887	-0.069428	0.587330	0.806364
13724	5.241145	0.238027	8.355663	-0.153090	-0.099162	0.153624	0.064330	-0.803396	0.591961	0.995614	0.092045	0.016725	-0.067924	0.588289	0.805793
13725	5.556487	-0.374709	8.476133	-0.128573	-0.165384	0.132738	0.065518	-0.802365	0.593227	0.995620	0.092304	0.014886	-0.066701	0.589653	0.804898
13726	5.926372	-0.698881	8.427623	-0.100804	-0.179711	0.096450	0.066330	-0.801205	0.594702	0.995628	0.092434	0.013483	-0.065773	0.591208	0.803833
13727	6.303080	-1.071696	8.782694	-0.050231	-0.180960	0.050085	0.066689	-0.800153	0.596077	0.995632	0.092489	0.012762	-0.065342	0.592622	0.802826
13728	6.430191	-0.739794	8.472540	0.055255	-0.130008	-0.037614	0.066201	-0.799407	0.597131	0.995625	0.092467	0.013411	-0.065936	0.593631	0.802032
13729	6.446237	0.100554	8.272480	0.060947	-0.105356	-0.056129	0.065553	-0.798898	0.597883	0.995627	0.092331	0.014212	-0.066558	0.594337	0.801457
13730	6.397713	0.133232	8.264795	0.048654	-0.037598	-0.050733	0.064993	-0.798712	0.598193	0.995632	0.092167	0.014887	-0.067024	0.594613	0.801214
13731	6.378764	0.107637	8.365028	0.057375	-0.009668	-0.058414	0.064386	-0.798772	0.598178	0.995636	0.091992	0.015674	-0.067547	0.594559	0.801210
13732	6.368414	0.587993	8.249754	0.040263	0.031045	-0.044982	0.063930	-0.798989	0.597938	0.995643	0.091824	0.016247	-0.067886	0.594294	0.801377
13733	5.863767	0.743148	8.444551	0.017179	0.043561	-0.023901	0.063702	-0.799332	0.597503	0.995651	0.091685	0.016505	-0.067975	0.593853	0.801697
13734	5.883723	0.794856	8.454507	0.015762	-0.003658	-0.012116	0.063550	-0.799312	0.597546	0.995653	0.091634	0.016685	-0.068092	0.593889	0.801661
13735	5.933862	0.731515	8.419788	-0.000734	-0.009350	0.006918	0.063592	-0.799313	0.597541	0.995654	0.091635	0.016618	-0.068039	0.593887	0.801666
13736	5.982753	0.440689	8.368147	-0.004280	-0.035161	0.015336	0.063691	-0.799080	0.597841	0.995652	0.091684	0.016473	-0.067976	0.594192	0.801445
13737	6.008538	0.325646	8.403904	-0.004074	-0.028113	0.014201	0.063792	-0.798963	0.597987	0.995650	0.091724	0.016337	-0.067902	0.594344	0.801339
13738	6.061071	0.376412	8.324212	-0.008203	-0.030837	0.024642	0.063988	-0.798747	0.598254	0.995645	0.091824	0.016105	-0.067798	0.594618	0.801145
13739	6.018637	0.182190	8.355765	-0.014349	-0.027077	0.022392	0.064171	-0.798628	0.598394	0.995645	0.091868	0.015838	-0.067621	0.594772	0.801046
13740	6.110237	0.268200	8.249373	-0.007463	-0.020438	0.019654	0.064323	-0.798479	0.598577	0.995642	0.091932	0.015642	-0.067518	0.594962	0.800913
13741	6.099062	0.117253	8.232613	-0.006845	0.002776	0.020142	0.064504	-0.798539	0.598477	0.995639	0.092003	0.015448	-0.067397	0.594871	0.800991
13742	6.055483	0.172806	8.289958	-0.004566	0.013794	0.018628	0.064670	-0.798594	0.598386	0.995635	0.092076	0.015281	-0.067301	0.594785	0.801062
13743	6.079431	0.244328	8.226783	-0.002950	0.029065	0.016753	0.064834	-0.798813	0.598076	0.995631	0.092143	0.015139	-0.067202	0.594481	0.801296
13744	6.011978	0.111431	8.312972	0.001744	0.042463	0.015995	0.064993	-0.799040	0.597754	0.995624	0.092233	0.015039	-0.067149	0.594161	0.801538
13745	5.793193	0.202248	8.406355	0.002729	0.032429	0.009763	0.065090	-0.799285	0.597417	0.995621	0.092278	0.014984	-0.067105	0.593825	0.801791
13746	5.869304	0.296731	8.361519	0.006464	0.025254	0.009311	0.065171	-0.799416	0.597232	0.995615	0.092343	0.014962	-0.067111	0.593638	0.801929
13747	5.879898	0.127214	8.333019	0.004705	0.015489	0.003111	0.065190	-0.799566	0.597030	0.995614	0.092347	0.014963	-0.067098	0.593436	0.802079
13748	5.744810	0.221318	8.348547	0.016521	0.012990	-0.005486	0.065115	-0.799638	0.596941	0.995612	0.092353	0.015110	-0.067211	0.593338	0.802143
13749	5.739217	0.246415	8.436756	0.023757	-0.013647	-0.014912	0.064935	-0.799631	0.596970	0.995610	0.092325	0.015371	-0.067407	0.593351	0.802116
13750	6.006783	0.389300	8.348507	0.026075	-0.030099	-0.016545	0.064721	-0.799458	0.597225	0.995608	0.092299	0.015660	-0.067643	0.593588	0.801921
13751	5.918541	0.148609	8.377220	0.025420	-0.024792	-0.014982	0.064533	-0.799385	0.597343	0.995605	0.092281	0.015936	-0.067863	0.593690	0.801827
13752	5.985777	0.144282	8.327562	0.035497	-0.033905	-0.023991	0.064242	-0.799196	0.597627	0.995602	0.092252	0.016346	-0.068196	0.593949	0.801607
13753	6.006699	0.290659	8.364243	0.030231	-0.025258	-0.023148	0.063972	-0.799127	0.597748	0.995601	0.092198	0.016709	-0.068463	0.594050	0.801510
13754	5.961052	0.312396	8.381952	0.030565	-0.028945	-0.025875	0.063665	-0.798969	0.597992	0.995601	0.092124	0.017090	-0.068744	0.594273	0.801320
13755	6.026649	0.354850	8.346898	0.031582	-0.032692	-0.020506	0.063416	-0.798854	0.598173	0.995597	0.092099	0.017448	-0.069030	0.594433	0.801177
13756	6.033119	0.382182	8.271337	0.030384	-0.033870	-0.020894	0.063155	-0.798662	0.598457	0.995594	0.092064	0.017798	-0.069311	0.594696	0.800957
13757	5.987377	0.287022	8.332734	0.028187	-0.027106	-0.018926	0.062925	-0.798577	0.598594	0.995591	0.092032	0.018120	-0.069560	0.594815	0.800847
13758	6.096834	0.108744	8.270349	0.030601	-0.024721	-0.018178	0.062698	-0.798437	0.598805	0.995586	0.092020	0.018456	-0.069838	0.595005	0.800682
13759	6.148145	0.025156	8.228031	0.032931	0.001974	-0.023134	0.062446	-0.798529	0.598709	0.995582	0.091982	0.018841	-0.070116	0.594888	0.800745
13760	6.055873	0.244067	8.268152	0.031453	0.019112	-0.026155	0.062170	-0.798657	0.598567	0.995581	0.091912	0.019231	-0.070375	0.594727	0.800842
13761	5.952778	0.329594	8.403288	0.022837	0.005849	-0.023792	0.061914	-0.798771	0.598441	0.995585	0.091808	0.019540	-0.070550	0.594589	0.800929
13762	6.041438	0.420956	8.298217	0.022162	0.008007	-0.028031	0.061612	-0.798835	0.598387	0.995591	0.091668	0.019866	-0.070723	0.594525	0.800961
13763	5.944570	0.342643	8.381702	0.011541	0.012715	-0.017088	0.061427	-0.798984	0.598207	0.995599	0.091551	0.020045	-0.070782	0.594343	0.801091
13764	5.757349	0.594335	8.459704	0.006818	-0.016358	-0.012869	0.061258	-0.798889	0.598352	0.995607	0.091440	0.020158	-0.070817	0.594488	0.800980
13765	5.633994	0.401708	8.568405	0.000369	-0.049959	-0.005172	0.061148	-0.798654	0.598676	0.995614	0.091352	0.020176	-0.070804	0.594817	0.800737
13766	5.532707	0.481295	8.381526	0.001973	-0.093464	-0.000323	0.061049	-0.798088	0.599440	0.995618	0.091313	0.020175	-0.070838	0.595582	0.800165
13767	5.268516	0.194240	8.845602	-0.000913	-0.166248	-0.006018	0.060848	-0.797160	0.600694	0.995627	0.091210	0.020189	-0.070883	0.596838	0.799224
13768	5.583464	0.424547	8.709719	0.004648	-0.270196	-0.017922	0.060448	-0.795551	0.602863	0.995639	0.091047	0.020315	-0.071051	0.599006	0.797586
13769	5.483311	0.673010	8.621438	-0.030309	-0.306837	-0.005596	0.060151	-0.793774	0.605231	0.995669	0.090771	0.020093	-0.070887	0.601401	0.795796
13770	5.449404	0.460365	8.930244	-0.061528	-0.412557	0.001762	0.059848	-0.791274	0.608525	0.995716	0.090365	0.019576	-0.070479	0.604747	0.793293
13771	5.415669	1.182529	8.860038	-0.096478	-0.505900	0.013812	0.059606	-0.788253	0.612457	0.995780	0.089840	0.018714	-0.069774	0.608757	0.790282
13772	5.634925	1.104499	9.051700	-0.162395	-0.572775	0.052498	0.059704	-0.784696	0.616999	0.995866	0.089211	0.017093	-0.068456	0.613428	0.786778
13773	5.786454	1.213103	8.867333	-0.199345	-0.670486	0.066398	0.059886	-0.780569	0.622194	0.995966	0.088454	0.015107	-0.066828	0.618779	0.782717
13774	4.730017	2.360937	9.947275	-0.325587	-0.765317	0.034052	0.059696	-0.775769	0.628187	0.996163	0.086645	0.012337	-0.064000	0.625040	0.777965
13775	2.252641	-0.734447	9.968897	-0.339060	-0.958476	0.260428	0.061662	-0.769583	0.635563	0.996221	0.086477	0.008058	-0.061163	0.632664	0.772007
13776	4.553721	0.903469	10.845308	0.052490	-1.591632	0.395083	0.064584	-0.759058	0.647812	0.995944	0.089782	0.005909	-0.062648	0.644803	0.761777
13777	3.452489	-0.527464	11.135570	-0.031242	-1.886959	0.372815	0.067079	-0.746492	0.662004	0.995723	0.092337	0.003228	-0.063537	0.658956	0.749493
13778	4.071986	-0.763867	11.328555	-0.010359	-2.422651	0.401482	0.069489	-0.729923	0.679988	0.995460	0.095182	0.000444	-0.065046	0.676870	0.733223
13779	4.330657	0.861302	11.290770	-0.059561	-3.013104	0.453547	0.071996	-0.708849	0.701676	0.995183	0.097987	-0.003123	-0.066542	0.698521	0.712489
13780	5.646928	-0.041602	11.586870	-0.032983	-3.473998	0.578992	0.075379	-0.683569	0.725983	0.994783	0.101734	-0.007498	-0.068732	0.722761	0.687672
13781	5.328386	1.189411	10.993749	0.009705	-3.866877	0.748972	0.080086	-0.654439	0.751862	0.994199	0.106769	-0.012964	-0.071792	0.748538	0.659194
13782	7.418840	1.515045	10.756785	0.006143	-4.180323	0.860020	0.085531	-0.621631	0.778627	0.993488	0.112253	-0.019514	-0.075273	0.775226	0.627184
13783	8.655518	2.015250	10.419097	-0.007427	-4.454686	0.984211	0.091840	-0.585476	0.805471	0.992626	0.118091	-0.027342	-0.079111	0.802043	0.592004
13784	11.596705	6.997470	11.658069	-0.124685	-4.457238	1.121263	0.099344	-0.547786	0.830699	0.991661	0.123378	-0.037235	-0.082093	0.827471	0.555475
13785	11.553000	9.368024	10.746771	-1.197537	-4.147109	1.370051	0.109644	-0.511439	0.852296	0.991174	0.120544	-0.055175	-0.074521	0.850823	0.520142
13786	7.845794	8.663839	12.697357	-2.176094	-3.620822	1.432298	0.121429	-0.478600	0.869596	0.990957	0.108843	-0.078471	-0.057093	0.871261	0.487488
13787	9.094646	5.953736	14.509483	-2.559314	-3.012356	0.792176	0.127828	-0.451462	0.883087	0.991162	0.089985	-0.097469	-0.035461	0.887741	0.458975
13788	12.267577	-0.398631	18.267054	-1.779668	-1.860092	-0.295597	0.124352	-0.435082	0.891762	0.992034	0.072737	-0.102847	-0.020117	0.897448	0.440662
13789	4.358478	-1.749200	16.330579	-0.548071	-0.949130	-0.933943	0.114844	-0.427353	0.896761	0.993258	0.063754	-0.096820	-0.015796	0.901834	0.431793
13790	0.495452	1.132380	15.434441	0.192973	-0.253411	-1.130480	0.103538	-0.425752	0.898897	0.994464	0.060622	-0.085833	-0.017949	0.902807	0.429672
13791	-1.322124	1.936745	13.945188	0.273166	0.200840	-0.909629	0.094461	-0.428312	0.898680	0.995318	0.059177	-0.076415	-0.020452	0.901691	0.431897
13792	-0.892538	-0.238515	13.178755	0.116972	0.626047	-0.465638	0.089927	-0.434205	0.896314	0.995727	0.058170	-0.071722	-0.020997	0.898934	0.437580
13793	-0.285095	-3.325420	12.699431	0.179440	1.097487	-0.006743	0.090029	-0.444277	0.891354	0.995701	0.059724	-0.070800	-0.021781	0.893897	0.447744
13794	0.361021	-4.599903	12.096079	0.518050	1.578557	0.407241	0.094428	-0.458056	0.883893	0.995207	0.066122	-0.072053	-0.025440	0.886460	0.462105
13795	1.169892	-3.638919	11.465075	0.846777	2.054508	0.761057	0.102532	-0.475868	0.873520	0.994221	0.077116	-0.074689	-0.031820	0.876129	0.481025
13796	1.946948	-2.691164	10.699848	1.033790	2.494130	1.063575	0.113958	-0.496649	0.860438	0.992706	0.091227	-0.078819	-0.039350	0.863144	0.503422
13797	2.678290	-2.424937	9.785984	1.182014	2.870539	1.251988	0.127577	-0.520215	0.844453	0.990687	0.107684	-0.083332	-0.047584	0.847220	0.529108
13798	3.163748	-2.087589	8.850323	1.344746	3.159122	1.316176	0.142219	-0.545140	0.826194	0.988216	0.125915	-0.087028	-0.056588	0.828835	0.556624
13799	3.358110	-1.211344	8.006065	1.466798	3.347436	1.261979	0.156687	-0.571091	0.805794	0.985438	0.144950	-0.088888	-0.066037	0.807988	0.585487
13800	3.524465	-0.152308	7.533151	1.462699	3.429105	1.106400	0.169962	-0.596704	0.784256	0.982608	0.163017	-0.088916	-0.074791	0.785729	0.614033
13801	4.044685	0.122472	7.399082	1.361610	3.414142	0.869146	0.181134	-0.621903	0.761858	0.980023	0.178841	-0.087016	-0.082136	0.762399	0.641873
13802	5.014453	-0.247726	7.093110	1.295228	3.360373	0.580849	0.189660	-0.646039	0.739366	0.977849	0.192196	-0.082899	-0.088547	0.738711	0.668181
13803	5.384004	-0.283746	6.601090	1.276026	3.265164	0.257888	0.195136	-0.669500	0.716723	0.976193	0.203149	-0.076015	-0.094710	0.714493	0.693202
13804	5.307864	-0.226738	6.344971	1.253554	3.091153	-0.079129	0.197357	-0.691378	0.695015	0.975132	0.211370	-0.066635	-0.100836	0.690883	0.715900
13805	5.605861	-0.183520	6.685409	1.204191	2.860709	-0.423085	0.196168	-0.711951	0.674273	0.974723	0.216563	-0.054915	-0.106926	0.668002	0.736438
13806	6.163024	-0.313361	7.340794	1.111064	2.626762	-0.778829	0.191430	-0.730904	0.655083	0.975023	0.218199	-0.041469	-0.112628	0.646659	0.754418
13807	7.146444	-0.712777	7.650831	1.002172	2.396911	-1.124841	0.183184	-0.748822	0.636953	0.975984	0.216226	-0.026485	-0.117894	0.626508	0.770447
13808	8.166432	-0.793417	7.630693	0.885713	2.183176	-1.428812	0.171824	-0.765344	0.620262	0.977465	0.210828	-0.010633	-0.122631	0.608112	0.784323
13809	9.249837	-0.697009	7.592875	0.713664	1.981544	-1.655220	0.158061	-0.780845	0.604399	0.979316	0.202271	0.005213	-0.126323	0.591073	0.796665
13810	10.145589	-1.042661	7.639350	0.504599	1.825720	-1.819166	0.142522	-0.795066	0.589540	0.981417	0.190832	0.020102	-0.128486	0.575720	0.807489
13811	11.095445	-1.479958	7.802218	0.288919	1.727223	-1.933370	0.125715	-0.808623	0.574739	0.983646	0.176922	0.033761	-0.128984	0.561095	0.817640
13812	13.382845	-2.142781	7.979643	0.094574	1.664331	-1.976061	0.108363	-0.821183	0.560282	0.985846	0.161295	0.045734	-0.127926	0.547396	0.827038
13813	16.898594	-2.801644	7.614121	-0.049606	1.725799	-1.973201	0.091046	-0.833688	0.544679	0.987883	0.144643	0.056261	-0.125688	0.532957	0.836755
13814	20.039648	-2.615007	6.216878	-0.208232	1.928506	-1.852620	0.075085	-0.846331	0.527338	0.989688	0.127941	0.064416	-0.121985	0.517064	0.847210
13815	21.618700	-1.875099	4.366167	-0.466760	2.251926	-1.560264	0.062279	-0.859771	0.506868	0.991320	0.112202	0.068518	-0.115781	0.498201	0.859296
13816	21.136490	-2.194930	2.278771	-0.749735	2.541794	-1.135682	0.053811	-0.873356	0.484101	0.992821	0.098658	0.067629	-0.106825	0.476986	0.872395
13817	15.277044	0.202925	-0.496356	-1.258224	2.236724	-0.533297	0.050720	-0.884415	0.463938	0.994362	0.088032	0.059107	-0.093117	0.458324	0.883894
13818	11.381076	-6.417089	-10.710744	-1.348866	1.154421	0.265631	0.054328	-0.889418	0.453855	0.995389	0.084222	0.045899	-0.079048	0.449269	0.889893
13819	11.412608	-10.009896	-11.677598	-0.696628	-0.239611	0.552859	0.059625	-0.887945	0.456068	0.995606	0.085948	0.037175	-0.072207	0.451847	0.889168
13820	12.236645	-4.972742	-10.514665	0.244901	-1.381197	0.237131	0.060937	-0.881407	0.468411	0.995287	0.089122	0.038222	-0.075435	0.463874	0.882683
13821	16.360244	-0.542598	-7.389534	0.293573	-2.191085	0.282849	0.062033	-0.870839	0.487638	0.994891	0.092941	0.039417	-0.079648	0.482702	0.872155
13822	15.150592	1.089547	0.648367	0.385702	-2.232873	0.373878	0.063886	-0.859484	0.507154	0.994344	0.098029	0.040875	-0.084848	0.501674	0.860885
13823	17.550666	4.010423	16.247372	0.424802	-1.502435	0.375222	0.066281	-0.851520	0.520116	0.993734	0.103348	0.042562	-0.089996	0.514036	0.853034
13824	15.728775	1.820453	16.002283	0.095611	-0.405063	0.094617	0.066824	-0.849325	0.523624	0.993590	0.104599	0.042860	-0.091173	0.517403	0.850871
13825	3.522772	2.070783	9.526815	0.104884	-0.104207	-0.360073	0.063126	-0.849194	0.524295	0.993734	0.102036	0.045619	-0.092236	0.518130	0.850314
13826	-0.351367	1.634308	5.146965	0.102775	-0.826827	-0.267298	0.059671	-0.845144	0.531198	0.993809	0.100261	0.047879	-0.093723	0.525052	0.845894
13827	3.062905	-0.069640	8.501002	0.227755	-1.449021	-0.025435	0.058011	-0.837515	0.543326	0.993612	0.101207	0.049918	-0.096795	0.536959	0.838037
13828	9.399956	-0.682520	11.590823	0.120623	-1.581155	-0.015938	0.056277	-0.828929	0.556515	0.993509	0.101683	0.050989	-0.098855	0.550033	0.829271
13829	11.945823	1.562621	11.110337	0.065490	-1.294925	-0.000400	0.054959	-0.821781	0.567147	0.993450	0.101993	0.051516	-0.100180	0.560601	0.822004
13830	17.308277	3.122496	9.811182	-0.535169	-0.843349	0.434349	0.058420	-0.816569	0.574285	0.993733	0.102483	0.044630	-0.095298	0.568078	0.817438
13831	6.392275	-1.527184	9.036724	-0.309131	-0.230413	0.228957	0.060451	-0.815056	0.576220	0.993893	0.102542	0.040776	-0.092321	0.570235	0.816277
13832	6.648684	-0.074444	8.371047	-0.260548	-0.321986	0.235845	0.062473	-0.812964	0.578953	0.993991	0.102925	0.037269	-0.089887	0.573145	0.814509
13833	6.549369	-0.791574	9.292091	-0.169076	-0.318170	0.129027	0.063445	-0.811036	0.581545	0.994066	0.102952	0.035130	-0.088363	0.575865	0.812755
13834	7.331672	-0.726587	8.484865	-0.080211	-0.203545	0.043804	0.063672	-0.809808	0.583229	0.994114	0.102797	0.034204	-0.087653	0.577619	0.811587
13835	7.935009	-0.083534	8.598868	0.007758	-0.080892	0.001681	0.063592	-0.809371	0.583845	0.994112	0.102806	0.034239	-0.087735	0.578230	0.811143
13836	5.805720	0.897826	8.282079	0.037709	0.022435	-0.015820	0.063426	-0.809508	0.583673	0.994094	0.102848	0.034618	-0.088053	0.578030	0.811251
13837	6.501133	1.112288	8.438261	0.036744	0.026147	-0.021263	0.063212	-0.809711	0.583414	0.994081	0.102839	0.035022	-0.088356	0.577747	0.811419
13838	6.275572	0.220937	8.171192	0.049616	0.092503	-0.030034	0.062966	-0.810267	0.582668	0.994062	0.102835	0.035581	-0.088748	0.576968	0.811931
13839	5.529319	0.617041	8.227092	0.076259	0.098098	-0.028198	0.062747	-0.810891	0.581823	0.994017	0.102997	0.036347	-0.089400	0.576062	0.812503
13840	5.347765	0.839909	8.339681	0.054473	0.071979	-0.024509	0.062538	-0.811322	0.581245	0.993990	0.103064	0.036913	-0.089854	0.575443	0.812891
13841	5.938174	0.344791	8.485103	0.053215	0.042082	-0.026392	0.062288	-0.811621	0.580854	0.993964	0.103107	0.037483	-0.090312	0.575013	0.813144
13842	6.202232	0.284617	8.317712	0.061197	0.077126	-0.034396	0.061986	-0.812091	0.580230	0.993935	0.103131	0.038160	-0.090830	0.574345	0.813558
13843	5.776646	0.394675	8.517839	0.041012	0.078186	-0.011812	0.061914	-0.812581	0.579551	0.993911	0.103222	0.038546	-0.091144	0.573635	0.814024
13844	5.540286	0.389446	8.607793	0.031136	0.051659	-0.012821	0.061804	-0.812881	0.579141	0.993896	0.103248	0.038854	-0.091379	0.573205	0.814301
13845	5.644841	0.671257	8.448315	0.011596	0.006677	0.003606	0.061819	-0.812945	0.579050	0.993889	0.103295	0.038911	-0.091446	0.573106	0.814363
13846	5.656773	0.958957	8.420255	-0.012812	-0.006839	0.015711	0.061940	-0.812881	0.579127	0.993897	0.103302	0.038696	-0.091280	0.573196	0.814318
13847	5.358514	0.918917	8.412187	-0.047108	-0.045845	0.046490	0.062333	-0.812599	0.579480	0.993917	0.103361	0.038028	-0.090797	0.573584	0.814099
13848	5.811066	0.864273	8.457938	-0.064181	-0.089417	0.061646	0.062836	-0.812014	0.580246	0.993942	0.103445	0.037129	-0.090173	0.574398	0.813594
13849	6.205188	0.662258	8.294410	-0.062125	-0.072346	0.066308	0.063402	-0.811559	0.580820	0.993962	0.103578	0.036224	-0.089558	0.575017	0.813225
13850	6.174057	0.523836	8.291319	-0.065037	-0.044999	0.078607	0.064114	-0.811209	0.581230	0.993975	0.103794	0.035219	-0.088898	0.575470	0.812977
13851	6.074672	0.413685	8.446708	-0.052332	-0.020853	0.075740	0.064821	-0.811040	0.581389	0.993978	0.104058	0.034340	-0.088349	0.575662	0.812901
13852	5.913657	0.483440	8.328872	-0.052885	-0.023051	0.081521	0.065581	-0.810813	0.581619	0.993977	0.104367	0.033416	-0.087796	0.575925	0.812774
13853	6.028904	0.120868	8.328746	-0.067940	-0.006736	0.092222	0.066464	-0.810707	0.581667	0.993981	0.104675	0.032314	-0.087083	0.576019	0.812785
13854	6.025292	-0.426202	8.597217	-0.051492	0.001552	0.073766	0.067170	-0.810629	0.581694	0.993982	0.104928	0.031447	-0.086528	0.576082	0.812799
13855	5.874749	0.120470	8.428122	-0.024934	0.001666	0.048399	0.067625	-0.810617	0.581659	0.993977	0.105129	0.030948	-0.086236	0.576063	0.812844
13856	5.731374	0.332819	8.450415	-0.035893	-0.009194	0.045192	0.068037	-0.810507	0.581764	0.993983	0.105240	0.030374	-0.085843	0.576197	0.812790
13857	5.670507	0.429062	8.442981	-0.034554	-0.031771	0.038909	0.068369	-0.810311	0.581997	0.993991	0.105308	0.029852	-0.085478	0.576460	0.812642
13858	5.780573	0.773274	8.301668	-0.044162	-0.053326	0.050430	0.068796	-0.809942	0.582462	0.994000	0.105414	0.029180	-0.085034	0.576959	0.812334
13859	5.851683	0.751095	8.355271	-0.063941	-0.063439	0.056903	0.069280	-0.809544	0.582957	0.994021	0.105458	0.028315	-0.084400	0.577510	0.812009
13860	5.801170	0.489034	8.425981	-0.065948	-0.071729	0.067358	0.069860	-0.809049	0.583574	0.994035	0.105574	0.027367	-0.083752	0.578181	0.811599
13861	5.954395	0.516072	8.313262	-0.066739	-0.082036	0.072418	0.070484	-0.808527	0.584223	0.994045	0.105725	0.026390	-0.083104	0.578884	0.811164
13862	6.078224	0.355725	8.312177	-0.068591	-0.067026	0.074915	0.071144	-0.808050	0.584802	0.994054	0.105886	0.025376	-0.082427	0.579520	0.810779
13863	5.879029	0.270730	8.369680	-0.063106	-0.058852	0.072408	0.071787	-0.807660	0.585262	0.994060	0.106057	0.024428	-0.081801	0.580032	0.810476
13864	5.980806	0.386694	8.297117	-0.061555	-0.062423	0.068145	0.072385	-0.807217	0.585800	0.994067	0.106202	0.023511	-0.081192	0.580623	0.810114
13865	6.028627	0.150788	8.373674	-0.064343	-0.054537	0.063839	0.072947	-0.806860	0.586222	0.994078	0.106296	0.022603	-0.080550	0.581101	0.809835
13866	6.034374	-0.071876	8.491545	-0.041209	-0.053286	0.050069	0.073373	-0.806488	0.586680	0.994080	0.106412	0.021957	-0.080138	0.581596	0.809521
