// General information: 
//  MT Manager version: 2022.2.0 
//  XDA version: 2022.2.0 build 7381 rev 124627 built on 2023-07-19
// Device information: 
//  DeviceId: 00B4CB9F
//  ProductCode: MTW2-3A7G6
//  Firmware Version: 4.6.0
//  Hardware Version: 2.0.0
// Device settings: 
//  Filter Profile: human(46.1)
//  Option Flags: Orientation Smoother Disabled, Position/Velocity Smoother Disabled, Continuous Zero Rotation Update Disabled, AHS Disabled, ICC Disabled
// Coordinate system: ENU
PacketCounter	Acc_X	Acc_Y	Acc_Z	Gyr_X	Gyr_Y	Gyr_Z	Mat[1][1]	Mat[2][1]	Mat[3][1]	Mat[1][2]	Mat[2][2]	Mat[3][2]	Mat[1][3]	Mat[2][3]	Mat[3][3]
38341	9.390800	-1.032056	2.290706	-0.147262	-0.055094	0.034477	0.123646	0.208478	0.970180	-0.390087	0.909185	-0.145656	-0.912438	-0.360445	0.193742
38342	9.405532	-1.104525	2.197161	-0.165492	-0.058862	0.046949	0.122855	0.208714	0.970229	-0.388684	0.909655	-0.146467	-0.913144	-0.359119	0.192879
38343	9.405376	-1.107302	2.089201	-0.187130	-0.058048	0.046613	0.122011	0.208909	0.970294	-0.387069	0.910209	-0.147300	-0.913943	-0.357598	0.191918
38344	9.389989	-0.917035	1.944294	-0.210914	-0.065664	0.040888	0.121181	0.209069	0.970364	-0.385240	0.910849	-0.148137	-0.914825	-0.355871	0.190919
38345	9.402559	-0.740112	1.828094	-0.252294	-0.066346	0.029698	0.120329	0.209083	0.970467	-0.383003	0.911664	-0.148925	-0.915877	-0.353771	0.189778
38346	9.481681	-0.641934	1.753684	-0.312558	-0.077292	0.011551	0.119505	0.208937	0.970600	-0.380202	0.912714	-0.149664	-0.917151	-0.351138	0.188512
38347	9.534655	-0.655358	1.647251	-0.381359	-0.095056	-0.004548	0.118520	0.208541	0.970806	-0.376732	0.914039	-0.150354	-0.918709	-0.347914	0.186896
38348	9.512660	-0.786282	1.531209	-0.445454	-0.114415	-0.009721	0.117433	0.208078	0.971037	-0.372674	0.915574	-0.151124	-0.920502	-0.344133	0.185064
38349	9.567294	-0.925660	1.416316	-0.482445	-0.128524	-0.004356	0.116136	0.207574	0.971301	-0.368259	0.917216	-0.151984	-0.922441	-0.340039	0.182963
38350	9.445472	-1.056571	1.266464	-0.507873	-0.135215	0.001994	0.114809	0.207159	0.971547	-0.363622	0.918902	-0.152964	-0.924445	-0.335714	0.180826
38351	9.409142	-1.240104	1.297859	-0.546343	-0.164671	0.010049	0.113119	0.206677	0.971848	-0.358614	0.920686	-0.154055	-0.926607	-0.331092	0.178265
38352	9.388472	-1.738309	1.397246	-0.560817	-0.187450	0.013078	0.111263	0.206204	0.972163	-0.353476	0.922477	-0.155211	-0.928803	-0.326367	0.175526
38353	9.316308	-2.108565	1.419053	-0.540853	-0.216712	0.026024	0.109027	0.205717	0.972519	-0.348513	0.924160	-0.156417	-0.930941	-0.321882	0.172453
38354	9.334806	-2.317296	1.389619	-0.511178	-0.251667	0.053194	0.106427	0.205429	0.972868	-0.343857	0.925661	-0.157844	-0.932972	-0.317728	0.169153
38355	9.364102	-2.218116	1.388680	-0.470611	-0.271676	0.059274	0.103556	0.205098	0.973248	-0.339560	0.927010	-0.159225	-0.934867	-0.313987	0.165640
38356	9.390302	-2.216738	1.597816	-0.423123	-0.283972	0.055562	0.100641	0.204752	0.973626	-0.335707	0.928193	-0.160496	-0.936575	-0.310701	0.162150
38357	9.289805	-2.082070	1.689528	-0.372181	-0.285207	0.051076	0.097666	0.204325	0.974019	-0.332305	0.929223	-0.161608	-0.938102	-0.307888	0.158652
38358	9.227845	-1.765207	1.761915	-0.316099	-0.291577	0.029975	0.094759	0.203735	0.974430	-0.329417	0.930107	-0.162434	-0.939418	-0.305601	0.155250
38359	9.176333	-1.487557	1.891253	-0.295608	-0.295878	0.000966	0.091845	0.202826	0.974898	-0.326675	0.930990	-0.162915	-0.940663	-0.303512	0.151765
38360	9.275155	-1.326348	2.037782	-0.303359	-0.294796	-0.019159	0.089062	0.201781	0.975373	-0.323852	0.931922	-0.163221	-0.941906	-0.301340	0.148346
38361	9.239926	-1.608648	2.061953	-0.305393	-0.304553	-0.024828	0.086144	0.200619	0.975875	-0.320988	0.932873	-0.163444	-0.943158	-0.299164	0.144758
38362	9.135480	-2.064771	1.783061	-0.289350	-0.325382	-0.014586	0.083050	0.199539	0.976364	-0.318294	0.933742	-0.163754	-0.944347	-0.297172	0.141059
38363	9.105366	-2.407606	1.464872	-0.196354	-0.347241	0.001444	0.079639	0.198508	0.976858	-0.316477	0.934306	-0.164060	-0.945251	-0.296087	0.137231
38364	9.219009	-2.366429	1.154498	-0.050457	-0.360991	0.010395	0.076123	0.197562	0.977330	-0.316057	0.934411	-0.164269	-0.945681	-0.296387	0.133571
38365	9.390706	-1.872188	0.968635	0.085549	-0.368184	0.017280	0.072460	0.196619	0.977799	-0.316915	0.934106	-0.164348	-0.945682	-0.297970	0.129997
38366	9.562057	-1.561696	1.171960	0.181952	-0.348949	0.019820	0.069028	0.195786	0.978214	-0.318699	0.933499	-0.164347	-0.945339	-0.300411	0.126834
38367	10.240534	-1.379761	1.530120	0.242716	-0.337735	0.055276	0.065533	0.195271	0.978557	-0.321065	0.932642	-0.164607	-0.944787	-0.303393	0.123813
38368	9.125841	-1.897425	1.455585	0.261921	-0.311312	0.081122	0.062261	0.195103	0.978805	-0.323639	0.931662	-0.165120	-0.944130	-0.306499	0.121149
38369	9.937778	-1.784267	1.644845	0.291308	-0.370387	0.097716	0.058322	0.194861	0.979095	-0.326483	0.930556	-0.165752	-0.943402	-0.309991	0.117891
38370	10.106471	-1.595573	1.708145	0.254200	-0.376880	0.130887	0.054269	0.194929	0.979315	-0.329002	0.929485	-0.166778	-0.942768	-0.313146	0.114574
38371	10.090363	-1.343261	1.814058	0.167665	-0.383009	0.149729	0.050041	0.195105	0.979505	-0.330696	0.928649	-0.168081	-0.942410	-0.315507	0.110991
38372	9.898955	-1.495684	2.219565	0.069492	-0.370221	0.143312	0.046007	0.195290	0.979666	-0.331468	0.928125	-0.169449	-0.942344	-0.316932	0.107432
38373	9.768458	-2.098327	2.531938	0.000911	-0.362295	0.133617	0.042029	0.195370	0.979829	-0.331570	0.927844	-0.170782	-0.942494	-0.317704	0.103775
38374	9.657351	-2.587861	2.707400	-0.036974	-0.352410	0.130846	0.038203	0.195488	0.979962	-0.331322	0.927681	-0.172142	-0.942744	-0.318106	0.100210
38375	9.269206	-2.882029	2.675217	-0.061653	-0.334736	0.133480	0.034489	0.195654	0.980066	-0.330825	0.927599	-0.173538	-0.943062	-0.318245	0.096720
38376	9.184247	-2.761346	2.432238	-0.089654	-0.354460	0.106176	0.030724	0.195536	0.980215	-0.330061	0.927652	-0.174705	-0.943459	-0.318164	0.093040
38377	9.202700	-2.423716	2.132686	-0.146386	-0.345837	0.085830	0.027066	0.195232	0.980384	-0.328741	0.927930	-0.175711	-0.944032	-0.317537	0.089296
38378	8.836414	-2.441925	1.772626	-0.215964	-0.360655	0.025843	0.023505	0.194353	0.980650	-0.326755	0.928540	-0.176194	-0.944817	-0.316291	0.085331
38379	9.061810	-2.529775	1.460111	-0.232169	-0.390566	-0.041175	0.019838	0.192741	0.981049	-0.324589	0.929333	-0.176017	-0.945647	-0.314946	0.080998
38380	9.134869	-2.531167	1.021753	-0.248014	-0.369061	-0.040337	0.016406	0.191231	0.981408	-0.322282	0.930166	-0.175859	-0.946502	-0.313405	0.076891
38381	9.108550	-2.734721	0.732753	-0.251233	-0.436431	-0.058285	0.012353	0.189331	0.981836	-0.319932	0.931042	-0.175511	-0.947360	-0.311952	0.072074
38382	9.264189	-2.972102	0.453877	-0.214535	-0.482229	-0.062129	0.007911	0.187275	0.982276	-0.317939	0.931803	-0.175092	-0.948078	-0.310918	0.066913
38383	9.216176	-3.105339	0.099946	-0.149295	-0.535841	-0.063861	0.002923	0.185025	0.982729	-0.316556	0.932366	-0.174602	-0.948569	-0.310579	0.061296
38384	9.605953	-2.922175	0.018770	-0.077441	-0.589889	-0.056887	-0.002564	0.182687	0.983168	-0.315868	0.932688	-0.174131	-0.948800	-0.310997	0.055313
38385	9.419543	-2.701590	0.001496	-0.025227	-0.635572	-0.058878	-0.008520	0.180172	0.983598	-0.315667	0.932852	-0.173611	-0.948832	-0.311969	0.048926
38386	9.521239	-2.341020	0.336421	0.025754	-0.679415	-0.051883	-0.014872	0.177588	0.983993	-0.315963	0.932841	-0.173132	-0.948655	-0.313480	0.042238
38387	9.401664	-2.207394	0.911788	0.067402	-0.707393	-0.046887	-0.021547	0.174943	0.984343	-0.316646	0.932691	-0.172694	-0.948299	-0.315409	0.035298
38388	9.383653	-2.220252	1.591780	0.114927	-0.728307	-0.035044	-0.028410	0.172335	0.984629	-0.317789	0.932364	-0.172356	-0.947736	-0.317801	0.028277
38389	9.548902	-2.278139	2.181780	0.161729	-0.753696	-0.018519	-0.035602	0.169774	0.984840	-0.319362	0.931858	-0.172186	-0.946964	-0.320650	0.021043
38390	9.347093	-2.339480	2.765998	0.198448	-0.772651	-0.006453	-0.042965	0.167249	0.984978	-0.321287	0.931206	-0.172133	-0.946007	-0.323856	0.013726
38391	9.190457	-2.469093	3.331219	0.189824	-0.777289	0.015592	-0.050469	0.164887	0.985020	-0.323110	0.930540	-0.172322	-0.945015	-0.326967	0.006314
38392	9.242655	-2.053811	3.311929	0.164661	-0.789612	0.010012	-0.058029	0.162411	0.985015	-0.324703	0.929960	-0.172462	-0.944034	-0.329845	-0.001230
38393	9.253756	-1.155879	3.464611	0.079990	-0.751780	-0.041116	-0.065085	0.159569	0.985039	-0.325520	0.929737	-0.172119	-0.943292	-0.331853	-0.008569
38394	9.173512	-0.384282	3.524182	-0.095809	-0.690781	-0.119590	-0.071282	0.156187	0.985152	-0.324741	0.930221	-0.170975	-0.943113	-0.332107	-0.015588
38395	9.324476	0.075227	3.416322	-0.296762	-0.612598	-0.233152	-0.076390	0.152016	0.985422	-0.322153	0.931539	-0.168677	-0.943601	-0.330342	-0.022188
38396	9.753588	0.358770	3.414710	-0.505380	-0.522887	-0.344425	-0.080296	0.147111	0.985855	-0.317693	0.933691	-0.165202	-0.944788	-0.326465	-0.028235
38397	9.750372	0.115210	3.651630	-0.727981	-0.397296	-0.443148	-0.082730	0.141709	0.986445	-0.311212	0.936662	-0.160658	-0.946733	-0.320284	-0.033389
38398	9.721089	-0.868615	3.849798	-0.931046	-0.269947	-0.506094	-0.083805	0.136131	0.987140	-0.302848	0.940287	-0.155381	-0.949347	-0.311975	-0.037574
38399	9.851125	-2.013817	3.728754	-1.050903	-0.157940	-0.516919	-0.083823	0.130805	0.987858	-0.293334	0.944183	-0.149912	-0.952328	-0.302339	-0.040775
38400	9.794934	-2.688331	3.289503	-1.057903	-0.097188	-0.502027	-0.083371	0.125793	0.988547	-0.283706	0.947953	-0.144554	-0.955280	-0.292508	-0.043344
38401	10.140933	-2.976088	2.992009	-1.023254	-0.085872	-0.498583	-0.082874	0.120809	0.989210	-0.274579	0.951436	-0.139200	-0.957987	-0.283152	-0.045678
38402	10.805479	-2.870416	2.562790	-0.950947	-0.063460	-0.557394	-0.082045	0.115348	0.989931	-0.265959	0.954725	-0.133288	-0.960486	-0.274217	-0.047653
38403	10.697105	-2.262669	1.830018	-0.868094	-0.011299	-0.611353	-0.080589	0.109517	0.990713	-0.258158	0.957736	-0.126871	-0.962736	-0.265985	-0.048910
38404	10.965537	-1.661652	1.345199	-0.810809	0.024258	-0.662522	-0.078737	0.103255	0.991534	-0.250915	0.960548	-0.119953	-0.964802	-0.258235	-0.049722
38405	11.553039	-1.357350	1.057683	-0.703156	0.132873	-0.766663	-0.075584	0.096270	0.992481	-0.244766	0.963085	-0.112059	-0.966632	-0.251396	-0.049230
38406	11.823160	-1.244583	0.854405	-0.538350	0.290478	-0.844866	-0.070793	0.088877	0.993524	-0.240220	0.965189	-0.103459	-0.968134	-0.245989	-0.046979
38407	11.608757	-1.034210	0.848837	-0.364158	0.391941	-0.847255	-0.064999	0.081701	0.994535	-0.237319	0.966782	-0.094931	-0.969255	-0.242193	-0.043451
38408	11.388053	-1.390197	0.896079	-0.273610	0.465130	-0.821821	-0.058615	0.074901	0.995467	-0.235218	0.968069	-0.086689	-0.970174	-0.239233	-0.039125
38409	12.692626	-1.806176	1.428190	-0.198315	0.573727	-0.743825	-0.051325	0.069116	0.996288	-0.233754	0.969059	-0.079269	-0.970940	-0.236955	-0.033580
38410	11.971845	-2.258369	1.584376	-0.081267	0.741757	-0.641119	-0.042691	0.064685	0.996992	-0.233311	0.969666	-0.072903	-0.971465	-0.235721	-0.026304
38411	12.138173	-2.267894	1.935633	0.092401	0.951698	-0.509986	-0.032270	0.062043	0.997552	-0.234453	0.969753	-0.067898	-0.971592	-0.236070	-0.016747
38412	10.762388	-2.476049	2.057906	0.259700	1.142391	-0.430715	-0.020224	0.060606	0.997957	-0.237134	0.969388	-0.063676	-0.971266	-0.237938	-0.005233
38413	10.652240	-2.353424	2.057846	0.400779	1.288859	-0.375653	-0.006825	0.060117	0.998168	-0.241131	0.968637	-0.059987	-0.970469	-0.241098	0.007885
38414	10.399005	-1.870267	1.703858	0.512770	1.418222	-0.352744	0.007721	0.060181	0.998158	-0.246149	0.967588	-0.056434	-0.969201	-0.245260	0.022284
38415	10.463624	-0.897082	1.474100	0.618749	1.533968	-0.363548	0.023471	0.060537	0.997890	-0.252140	0.966255	-0.052687	-0.967406	-0.250371	0.037943
38416	10.295815	-0.365591	1.286605	0.687226	1.612494	-0.381404	0.039959	0.060968	0.997340	-0.258708	0.964732	-0.048609	-0.965129	-0.256077	0.054322
38417	10.484232	-0.180117	1.091360	0.683072	1.609411	-0.391619	0.056490	0.061429	0.996512	-0.265160	0.963184	-0.044343	-0.962548	-0.261730	0.070698
38418	10.193264	-0.209685	0.638701	0.604492	1.570280	-0.355160	0.072467	0.062188	0.995430	-0.270791	0.961791	-0.040373	-0.959907	-0.266628	0.086538
38419	9.685582	-0.300624	0.326105	0.525680	1.443721	-0.295882	0.087108	0.063292	0.994186	-0.275652	0.960545	-0.036998	-0.957303	-0.270826	0.101117
38420	10.146304	-0.322093	-0.009176	0.503308	1.257298	-0.239620	0.099725	0.064451	0.992925	-0.280291	0.959309	-0.034118	-0.954721	-0.274905	0.113732
38421	10.429804	-0.277055	-0.500552	0.505733	1.143662	-0.142151	0.111020	0.066322	0.991603	-0.285020	0.957982	-0.032162	-0.952070	-0.279056	0.125258
38422	10.555617	-0.338743	-0.796593	0.530047	0.997802	-0.098526	0.120720	0.068213	0.990340	-0.289997	0.956540	-0.030535	-0.949383	-0.283509	0.135256
38423	10.045101	-0.214035	-1.279226	0.577695	0.912796	-0.070871	0.129563	0.070209	0.989082	-0.295442	0.954918	-0.029083	-0.946534	-0.288449	0.144465
38424	9.880285	-0.162146	-1.324579	0.599941	0.804180	-0.057005	0.137265	0.072033	0.987912	-0.301088	0.953195	-0.027668	-0.943665	-0.293651	0.152528
38425	10.214908	-0.712073	-1.298911	0.581689	0.790038	0.055992	0.144512	0.074965	0.986659	-0.306705	0.951411	-0.027365	-0.940770	-0.298659	0.160483
38426	10.946800	-2.102646	-1.274397	0.667542	0.805267	0.222664	0.151315	0.079536	0.985281	-0.313356	0.949208	-0.028500	-0.937503	-0.304431	0.168553
38427	12.247116	-3.176026	-1.315113	0.946354	0.944104	0.460284	0.158644	0.086869	0.983507	-0.322977	0.945884	-0.031448	-0.933015	-0.312661	0.178115
38428	12.127256	-3.751849	-1.042686	1.339089	1.155063	0.663344	0.167127	0.096831	0.981169	-0.336563	0.940990	-0.035538	-0.926711	-0.324285	0.189855
38429	10.965720	-3.534309	-0.544926	1.730245	1.330519	0.742131	0.176790	0.108266	0.978276	-0.353859	0.934466	-0.039470	-0.918439	-0.339193	0.203516
38430	9.731521	-2.337823	0.121138	2.022282	1.412349	0.735200	0.186947	0.120043	0.975008	-0.373722	0.926570	-0.042422	-0.908505	-0.356452	0.218083
38431	9.585154	-0.799067	0.741112	2.184100	1.442969	0.629513	0.197498	0.131188	0.971486	-0.394710	0.917766	-0.043691	-0.897329	-0.374826	0.233038
38432	10.073280	0.338643	1.282463	2.182751	1.458135	0.457525	0.208573	0.140983	0.967792	-0.415150	0.908740	-0.042910	-0.885521	-0.392829	0.248068
38433	10.204638	1.085581	1.795285	2.023094	1.492182	0.271829	0.220481	0.149482	0.963869	-0.433585	0.900205	-0.040428	-0.873723	-0.409006	0.263291
38434	10.312734	1.604889	2.148497	1.767871	1.522694	0.123128	0.233085	0.156935	0.959710	-0.449265	0.892638	-0.036854	-0.862457	-0.422573	0.278566
38435	10.142062	1.976693	2.317460	1.479990	1.561153	0.040305	0.246219	0.164022	0.955234	-0.462103	0.886210	-0.033060	-0.851961	-0.433277	0.293997
38436	9.508525	2.287446	2.364715	1.189997	1.563741	-0.026487	0.259520	0.170642	0.950542	-0.472171	0.881022	-0.029248	-0.842439	-0.441228	0.309215
38437	8.859486	2.347602	2.308214	0.918584	1.540339	-0.084786	0.272772	0.176774	0.945699	-0.479700	0.877060	-0.025582	-0.833957	-0.446674	0.324036
38438	8.442261	2.080732	2.279581	0.704764	1.501772	-0.132972	0.285810	0.182359	0.940775	-0.485232	0.874108	-0.022021	-0.826355	-0.450201	0.338315
38439	8.168613	1.613298	2.260150	0.564998	1.462300	-0.166555	0.298593	0.187535	0.935774	-0.489450	0.871834	-0.018545	-0.819318	-0.452477	0.352113
38440	8.089341	1.182132	2.270981	0.486017	1.420416	-0.174496	0.310970	0.192468	0.930728	-0.492937	0.869932	-0.015198	-0.812595	-0.454064	0.365397
38441	7.978964	0.784897	2.260375	0.476736	1.374105	-0.149984	0.322771	0.197440	0.925655	-0.496375	0.868024	-0.012064	-0.805872	-0.455578	0.378177
38442	7.744706	0.413900	2.335427	0.525939	1.326243	-0.112590	0.333904	0.202532	0.920592	-0.500280	0.865817	-0.009027	-0.798892	-0.457539	0.390422
38443	7.727362	0.338324	2.390224	0.601215	1.262825	-0.078313	0.344278	0.207672	0.915612	-0.504851	0.863186	-0.005952	-0.791579	-0.460198	0.402020
38444	7.753889	0.425275	2.476987	0.643634	1.210958	-0.049237	0.353999	0.212852	0.910702	-0.509804	0.860286	-0.002902	-0.784082	-0.463253	0.413053
38445	7.732549	0.469025	2.614164	0.643515	1.157221	-0.046577	0.363206	0.217849	0.905883	-0.514714	0.857362	0.000190	-0.776628	-0.466340	0.423529
38446	7.796738	0.486055	2.758094	0.620396	1.097519	-0.056438	0.371912	0.222512	0.901204	-0.519357	0.854551	0.003337	-0.769383	-0.469288	0.433381
38447	7.895838	0.482558	2.892122	0.574920	1.033022	-0.072839	0.380141	0.226768	0.896699	-0.523542	0.851975	0.006490	-0.762494	-0.471926	0.442593
38448	7.983462	0.382250	3.113167	0.534895	0.967348	-0.105586	0.387971	0.230458	0.892394	-0.527252	0.849652	0.009805	-0.755965	-0.474321	0.451150
38449	7.936008	0.156216	3.305984	0.519048	0.899890	-0.116907	0.395300	0.233758	0.888310	-0.530757	0.847422	0.013190	-0.749690	-0.476691	0.459054
38450	7.815161	0.009478	3.575798	0.509768	0.831982	-0.118975	0.402077	0.236738	0.884471	-0.534143	0.845231	0.016585	-0.743656	-0.479103	0.466300
38451	7.693364	-0.182673	3.690398	0.535325	0.746492	-0.092596	0.408037	0.239555	0.880976	-0.537788	0.842845	0.019899	-0.737760	-0.481898	0.472742
38452	7.545429	-0.233900	3.813927	0.585687	0.664670	-0.065906	0.413209	0.242225	0.877830	-0.541876	0.840137	0.023246	-0.731866	-0.485281	0.478408
38453	7.446294	-0.175231	3.903030	0.642546	0.579996	-0.027472	0.417520	0.244832	0.875063	-0.546500	0.837038	0.026559	-0.725958	-0.489311	0.483281
38454	7.395255	-0.086009	4.075518	0.697693	0.498397	0.018502	0.420954	0.247447	0.872679	-0.551677	0.833527	0.029767	-0.720035	-0.493967	0.487387
38455	7.469778	0.048072	4.216472	0.735444	0.425017	0.055430	0.423627	0.250029	0.870647	-0.557239	0.829701	0.032863	-0.714160	-0.499080	0.490810
38456	7.441787	0.307253	4.365770	0.746592	0.383516	0.108158	0.425681	0.252857	0.868826	-0.563063	0.825648	0.035582	-0.708347	-0.504350	0.493838
38457	7.469498	0.443776	4.473306	0.745013	0.362873	0.141196	0.427375	0.255870	0.867111	-0.568975	0.821475	0.038029	-0.702579	-0.509617	0.496662
38458	7.371323	0.730334	4.742235	0.739653	0.362934	0.168686	0.428882	0.259119	0.865400	-0.574927	0.817215	0.040235	-0.696792	-0.514798	0.499464
38459	7.083555	1.286083	5.142192	0.709373	0.326096	0.185075	0.430011	0.262324	0.863873	-0.580698	0.813026	0.042171	-0.691289	-0.519784	0.501941
38460	6.798446	1.795905	5.495636	0.626926	0.261762	0.180424	0.430694	0.265161	0.862666	-0.585847	0.809240	0.043751	-0.686503	-0.524234	0.503878
38461	6.708153	2.212613	5.855060	0.494279	0.208356	0.146981	0.431195	0.267451	0.861708	-0.589918	0.806210	0.044966	-0.682692	-0.527726	0.505408
38462	6.518929	2.746767	6.014332	0.330501	0.161224	0.137416	0.431413	0.269417	0.860986	-0.592815	0.804056	0.045439	-0.680039	-0.530009	0.506595
38463	6.387190	3.144826	5.845156	0.190825	0.088338	0.158173	0.431019	0.271162	0.860636	-0.594846	0.802577	0.045039	-0.678513	-0.531359	0.507226
38464	6.218592	3.485051	5.706269	0.038356	-0.030069	0.196835	0.429576	0.272587	0.860907	-0.596007	0.801799	0.043524	-0.678410	-0.531803	0.506897
38465	6.206726	3.393581	5.492904	-0.147013	-0.155454	0.244691	0.427015	0.273725	0.861819	-0.596109	0.801873	0.040675	-0.679936	-0.531107	0.505582
38466	6.075746	3.107412	5.403047	-0.319750	-0.277845	0.301979	0.423255	0.274681	0.863369	-0.595266	0.802702	0.036442	-0.683018	-0.529358	0.503256
38467	6.496158	2.705143	5.721718	-0.508475	-0.382206	0.354998	0.418487	0.275514	0.865425	-0.593328	0.804370	0.030834	-0.687627	-0.526384	0.500089
38468	6.604249	2.154618	5.579691	-0.645357	-0.444126	0.392750	0.413027	0.276356	0.867776	-0.590558	0.806633	0.024199	-0.693289	-0.522467	0.496365
38469	5.873890	1.674491	5.062954	-0.735905	-0.547363	0.450046	0.406531	0.277141	0.870589	-0.587329	0.809177	0.016668	-0.699841	-0.518098	0.491728
38470	5.127242	1.031271	4.298166	-0.837129	-0.749489	0.520156	0.398142	0.277499	0.874344	-0.583583	0.812014	0.008024	-0.707753	-0.513446	0.485241
38471	4.781536	-0.072000	3.134934	-0.906157	-1.031852	0.569083	0.387453	0.276852	0.879337	-0.579416	0.815031	-0.001304	-0.717048	-0.508997	0.476199
38472	5.099187	-1.315506	1.913693	-0.871060	-1.334594	0.552414	0.374557	0.274600	0.885608	-0.575283	0.817889	-0.010293	-0.727156	-0.505620	0.464319
38473	7.141816	-2.256811	2.229924	-0.651308	-1.553382	0.483407	0.360383	0.270711	0.892658	-0.572347	0.819823	-0.017556	-0.736575	-0.504584	0.450392
38474	12.943226	-3.603919	4.952753	-0.259005	-1.581108	0.409121	0.346271	0.266079	0.899610	-0.571928	0.819998	-0.022390	-0.743636	-0.506759	0.436119
38475	19.299031	-4.103058	7.559236	0.452262	-1.239762	0.282590	0.335380	0.262069	0.904898	-0.576312	0.816906	-0.022988	-0.745241	-0.513794	0.425008
38476	21.566457	-1.291298	11.324410	1.469374	-0.619290	0.161925	0.329772	0.260168	0.907504	-0.587805	0.808796	-0.018272	-0.738739	-0.527409	0.419647
38477	17.956833	1.003970	13.326083	2.098643	-0.047554	0.508143	0.326350	0.263997	0.907635	-0.604898	0.796178	-0.014081	-0.726356	-0.544432	0.419524
38478	8.845394	3.791171	6.421428	1.963898	-0.503775	0.943286	0.316859	0.268663	0.909627	-0.622145	0.782768	-0.014477	-0.715916	-0.561332	0.415175
38479	6.065054	7.748275	0.544834	0.871531	-1.212595	0.963608	0.302116	0.269305	0.914440	-0.631411	0.775199	-0.019690	-0.714175	-0.571439	0.404242
38480	6.304586	7.827713	-2.329034	-0.497866	-1.376696	0.713835	0.287661	0.266978	0.919768	-0.629991	0.776089	-0.028240	-0.721362	-0.571322	0.391444
38481	8.046002	3.642513	-3.362487	-1.652152	-1.147177	0.419721	0.276661	0.263734	0.924069	-0.619195	0.784295	-0.038458	-0.734885	-0.561539	0.380286
38482	9.101913	-1.467246	-2.340903	-1.941014	-0.949701	0.312261	0.267628	0.260930	0.927518	-0.605689	0.794212	-0.048662	-0.749344	-0.548764	0.370596
38483	10.531811	-5.096375	-1.205726	-1.697573	-0.907755	0.377339	0.258469	0.258980	0.930657	-0.593904	0.802417	-0.058351	-0.761887	-0.537639	0.361210
38484	10.949965	-6.093312	-0.675131	-1.302026	-0.882515	0.418780	0.249161	0.257650	0.933560	-0.585031	0.808245	-0.066924	-0.771789	-0.529487	0.352116
38485	9.821650	-5.144779	-0.057015	-0.898013	-0.904103	0.350487	0.240054	0.255698	0.936479	-0.578973	0.812044	-0.073310	-0.779207	-0.524597	0.342977
38486	9.311764	-3.275517	-0.073529	-0.604897	-0.973878	0.299011	0.230640	0.253040	0.939562	-0.574995	0.814413	-0.078188	-0.784975	-0.522210	0.333332
38487	9.763084	-1.755595	-0.163812	-0.483770	-0.992290	0.325923	0.220888	0.250498	0.942581	-0.571968	0.816082	-0.082843	-0.789975	-0.520827	0.323539
38488	9.925386	-1.425758	0.037540	-0.506509	-0.965672	0.365362	0.211078	0.248469	0.945362	-0.568792	0.817767	-0.087935	-0.794935	-0.519153	0.313940
38489	9.825712	-1.877713	0.141458	-0.565298	-0.999107	0.383892	0.200855	0.246409	0.948124	-0.565119	0.819714	-0.093319	-0.800186	-0.517060	0.303895
38490	10.110830	-2.783586	0.074487	-0.653291	-1.082774	0.378265	0.189957	0.243938	0.951005	-0.560660	0.822120	-0.098890	-0.805963	-0.514406	0.292934
38491	10.536649	-3.552652	-0.079961	-0.632429	-1.142606	0.371375	0.178555	0.241105	0.953932	-0.556273	0.824434	-0.104252	-0.811590	-0.512032	0.281327
38492	10.005072	-3.016226	-0.346021	-0.630084	-1.128478	0.280222	0.167740	0.237662	0.956755	-0.551675	0.826946	-0.108697	-0.817018	-0.509585	0.269824
38493	9.561281	-4.170187	-0.673695	-0.464197	-1.278383	0.271360	0.155675	0.233373	0.959845	-0.548352	0.828641	-0.112537	-0.821630	-0.508813	0.256969
38494	10.006375	-4.096632	0.080209	-0.211897	-1.346349	0.385313	0.142407	0.229715	0.962783	-0.547228	0.828793	-0.116804	-0.824780	-0.510229	0.243732
38495	10.018042	-3.033626	0.759055	0.046833	-1.335786	0.358057	0.129309	0.225818	0.965549	-0.548140	0.827708	-0.120172	-0.826330	-0.513717	0.230810
38496	10.394912	-1.919499	1.396111	0.190076	-1.259734	0.394880	0.116653	0.222591	0.967908	-0.550243	0.825807	-0.123596	-0.826816	-0.518166	0.218813
38497	9.657567	-1.328006	2.121426	0.207943	-1.220321	0.403963	0.104220	0.219550	0.970019	-0.552445	0.823802	-0.127100	-0.827008	-0.522635	0.207146
38498	9.389993	-1.155264	2.622658	0.142749	-1.238776	0.381583	0.091788	0.216199	0.972025	-0.554045	0.822186	-0.130553	-0.827411	-0.526562	0.195251
38499	9.244248	-0.856559	2.770164	0.042141	-1.215310	0.377027	0.079523	0.212856	0.973842	-0.554752	0.821126	-0.134176	-0.828207	-0.529570	0.183381
38500	8.876225	-0.663971	2.907644	-0.086617	-1.244246	0.331787	0.067295	0.208986	0.975600	-0.554321	0.820850	-0.137600	-0.829578	-0.531536	0.171085
38501	8.901860	-0.350825	2.873470	-0.239904	-1.224636	0.325627	0.055211	0.205124	0.977177	-0.552563	0.821422	-0.141209	-0.831641	-0.532155	0.158695
38502	8.860572	-0.111205	2.765236	-0.422940	-1.207782	0.303019	0.043405	0.201201	0.978588	-0.549231	0.823020	-0.144855	-0.834542	-0.531184	0.146229
38503	8.949471	-0.194838	2.646475	-0.587321	-1.197639	0.258787	0.031868	0.196965	0.979892	-0.544451	0.825589	-0.148243	-0.838187	-0.528779	0.133548
38504	8.397501	-0.759212	2.524252	-0.738444	-1.187770	0.196384	0.020749	0.192339	0.981109	-0.538339	0.829063	-0.151147	-0.842473	-0.525034	0.120746
38505	8.451300	-1.572611	2.122828	-0.814158	-1.205646	0.128576	0.009776	0.187083	0.982295	-0.531516	0.833048	-0.153369	-0.846992	-0.520607	0.107582
38506	8.703143	-1.988465	1.710904	-0.819606	-1.225491	0.099995	-0.001233	0.181575	0.983376	-0.524602	0.837078	-0.155219	-0.851347	-0.516073	0.094222
38507	8.935739	-2.266699	1.372319	-0.783099	-1.225532	0.081394	-0.012214	0.175942	0.984325	-0.517949	0.840930	-0.156738	-0.855325	-0.511744	0.080858
38508	8.650073	-2.592480	1.222384	-0.714255	-1.227747	0.057891	-0.023108	0.170180	0.985142	-0.511858	0.844438	-0.157880	-0.858760	-0.507901	0.067594
38509	8.656537	-3.010265	1.229741	-0.606717	-1.251517	0.050307	-0.034227	0.164255	0.985824	-0.506659	0.847399	-0.158782	-0.861467	-0.504911	0.054217
38510	8.780507	-3.250318	1.214853	-0.465237	-1.273003	0.065653	-0.045611	0.158406	0.986320	-0.502660	0.849606	-0.159694	-0.863280	-0.503068	0.040873
38511	9.299827	-3.222912	1.266919	-0.301702	-1.287003	0.074157	-0.057197	0.152558	0.986638	-0.500050	0.850980	-0.160571	-0.864106	-0.502552	0.027613
38512	8.989518	-2.971045	1.518126	-0.192594	-1.304552	0.096083	-0.069024	0.146828	0.986751	-0.498364	0.851773	-0.161604	-0.864216	-0.502916	0.014381
38513	9.048714	-2.819888	1.958581	-0.128572	-1.316832	0.122198	-0.081108	0.141240	0.986647	-0.497194	0.852216	-0.162868	-0.863840	-0.503765	0.001102
38514	9.425653	-2.617944	2.326940	-0.099860	-1.339543	0.155920	-0.093524	0.135824	0.986309	-0.496234	0.852473	-0.164447	-0.863137	-0.504819	-0.012326
38515	8.979830	-2.194016	1.942757	-0.136524	-1.361040	0.158719	-0.106147	0.130306	0.985775	-0.494930	0.852922	-0.166038	-0.862425	-0.505514	-0.026043
38516	9.814835	-0.907893	2.079131	-0.205434	-1.413233	0.122821	-0.119011	0.124219	0.985092	-0.493057	0.853774	-0.167228	-0.861818	-0.505609	-0.040361
38517	9.340130	-0.313898	2.282815	-0.379789	-1.355355	0.072186	-0.131136	0.118002	0.984316	-0.489726	0.855574	-0.167812	-0.861958	-0.504052	-0.054408
38518	9.246404	-0.590895	2.367934	-0.570633	-1.342062	-0.006536	-0.142751	0.111214	0.983490	-0.484850	0.858419	-0.167446	-0.862869	-0.500748	-0.068618
38519	9.910834	-1.105204	2.495594	-0.694325	-1.281727	-0.089778	-0.153467	0.104063	0.982659	-0.479020	0.861948	-0.166090	-0.864284	-0.496203	-0.082432
38520	10.537900	-1.453323	2.572925	-0.733427	-1.145119	-0.162209	-0.162674	0.097020	0.981898	-0.472966	0.865703	-0.163896	-0.865933	-0.491067	-0.094940
38521	10.721233	-1.741170	2.830394	-0.713385	-1.004898	-0.248944	-0.170284	0.089966	0.981280	-0.467232	0.869391	-0.160788	-0.867581	-0.485865	-0.106008
38522	11.107623	-1.836424	3.253448	-0.678770	-0.823791	-0.326513	-0.175993	0.083152	0.980873	-0.461937	0.872927	-0.156885	-0.869276	-0.480712	-0.115218
38523	11.372442	-2.168113	3.947912	-0.615932	-0.654172	-0.375096	-0.180021	0.076764	0.980663	-0.457283	0.876144	-0.152526	-0.870910	-0.475898	-0.122621
38524	11.777996	-2.977608	4.534146	-0.518551	-0.462625	-0.340250	-0.182576	0.071600	0.980581	-0.453414	0.878827	-0.148592	-0.872400	-0.471738	-0.127989
38525	12.370357	-3.578472	4.736319	-0.363034	-0.276007	-0.304040	-0.183646	0.067700	0.980658	-0.450696	0.880788	-0.145207	-0.873583	-0.468645	-0.131241
38526	11.957513	-2.823485	4.452343	-0.235942	-0.140172	-0.246582	-0.183833	0.064885	0.980814	-0.449121	0.882029	-0.142529	-0.874354	-0.466705	-0.133005
38527	12.008249	-1.172122	3.398904	-0.210347	-0.031876	-0.257636	-0.182975	0.062564	0.981125	-0.447596	0.883241	-0.139797	-0.875316	-0.464727	-0.133608
38528	11.992040	0.443555	2.187429	-0.307181	0.133929	-0.363451	-0.180251	0.059985	0.981790	-0.445599	0.884862	-0.135872	-0.876899	-0.461976	-0.132768
38529	12.339298	0.797627	1.617110	-0.503256	0.326204	-0.511363	-0.175126	0.057045	0.982892	-0.441967	0.887524	-0.130257	-0.879770	-0.457217	-0.130216
38530	12.427855	-0.028811	1.585097	-0.640827	0.610450	-0.639061	-0.167006	0.054150	0.984468	-0.437445	0.890765	-0.123205	-0.883601	-0.451226	-0.125075
38531	13.608287	-1.104108	1.939724	-0.675759	0.822443	-0.667120	-0.156819	0.051975	0.986259	-0.432402	0.894204	-0.115877	-0.887940	-0.444632	-0.117754
38532	12.363880	-2.045670	1.775763	-0.592934	1.161330	-0.645115	-0.143778	0.051342	0.988277	-0.428130	0.897133	-0.108893	-0.892207	-0.438767	-0.107007
38533	11.884738	-2.263795	1.870622	-0.488658	1.385102	-0.565731	-0.128984	0.052352	0.990264	-0.424582	0.899528	-0.102858	-0.896155	-0.433715	-0.093797
38534	11.170743	-2.456731	1.841274	-0.351193	1.552481	-0.536122	-0.112848	0.054244	0.992131	-0.422115	0.901307	-0.097291	-0.899491	-0.429772	-0.078813
38535	11.114687	-2.802303	1.859934	-0.206440	1.720104	-0.531543	-0.095110	0.056876	0.993841	-0.420861	0.902456	-0.091922	-0.902126	-0.427011	-0.061896
38536	11.146224	-3.192169	1.456263	-0.109067	1.840567	-0.508384	-0.076421	0.060144	0.995260	-0.420351	0.903195	-0.086857	-0.904137	-0.424997	-0.043742
38537	11.827618	-3.062612	0.946026	0.015178	1.915238	-0.453455	-0.057181	0.064243	0.996295	-0.420846	0.903381	-0.082405	-0.905328	-0.423999	-0.024620
38538	11.928593	-2.469316	0.228791	0.165204	1.940044	-0.362418	-0.038159	0.069215	0.996872	-0.422557	0.902899	-0.078865	-0.905533	-0.424244	-0.005206
38539	12.338326	-1.948530	-0.178533	0.373876	1.879449	-0.269432	-0.020002	0.074848	0.996994	-0.426075	0.901471	-0.076225	-0.904467	-0.426319	0.013859
38540	12.390639	-1.327700	-0.465547	0.546596	1.763550	-0.213917	-0.003226	0.080489	0.996750	-0.431081	0.899272	-0.074012	-0.902307	-0.429919	0.031796
38541	12.614019	-0.559520	-0.770152	0.652519	1.664186	-0.204929	0.012656	0.085911	0.996222	-0.437007	0.896590	-0.071768	-0.899369	-0.434448	0.048891
38542	13.130691	0.463845	-1.267488	0.751770	1.680168	-0.227497	0.028665	0.091235	0.995417	-0.443752	0.893480	-0.069113	-0.895691	-0.439737	0.066098
38543	11.736705	1.052260	-1.187546	0.794561	1.703157	-0.277011	0.045120	0.096367	0.994323	-0.450808	0.890191	-0.065818	-0.891480	-0.445278	0.083609
38544	11.555599	0.436054	-0.775664	0.716273	1.601340	-0.257408	0.060459	0.101263	0.993021	-0.457088	0.887213	-0.062644	-0.887364	-0.450111	0.099926
38545	12.157601	-1.111928	-1.048841	0.678169	1.540292	-0.150889	0.074782	0.106952	0.991448	-0.463046	0.884269	-0.060464	-0.883174	-0.454565	0.115651
38546	13.332420	-1.671694	-1.437531	0.838136	1.594786	0.000161	0.088751	0.114262	0.989478	-0.470474	0.880408	-0.059468	-0.877940	-0.460246	0.131895
38547	12.762518	-1.830214	-2.129959	1.025964	1.751124	0.143262	0.103371	0.123695	0.986921	-0.479641	0.875446	-0.059485	-0.871354	-0.467219	0.149825
38548	11.587561	-1.078141	-2.477550	1.185328	1.943341	0.289163	0.118753	0.135387	0.983650	-0.490292	0.869458	-0.060479	-0.863430	-0.475094	0.169630
38549	11.911135	0.574588	-2.682606	1.340185	2.060620	0.422484	0.134325	0.148975	0.979675	-0.502392	0.862396	-0.062257	-0.854142	-0.483818	0.190685
38550	9.670735	0.454557	-2.467865	1.316969	2.338946	0.552302	0.151305	0.165136	0.974596	-0.514412	0.855075	-0.065022	-0.844090	-0.491505	0.214325
38551	8.684106	-0.991630	-2.002294	1.163484	2.181139	0.320524	0.167910	0.178693	0.969472	-0.524743	0.848733	-0.065554	-0.834536	-0.497717	0.236278
38552	8.513699	-2.026255	-2.071228	1.134271	2.093070	0.104738	0.184648	0.190067	0.964251	-0.534388	0.842828	-0.063801	-0.824824	-0.503503	0.257196
38553	8.624534	-1.898683	-2.257347	1.246456	2.129606	0.048042	0.201791	0.201294	0.958520	-0.544748	0.836381	-0.060962	-0.813960	-0.509850	0.278429
38554	7.828822	-1.821069	-2.007651	1.344275	2.126611	0.000424	0.218900	0.212222	0.952389	-0.555660	0.829446	-0.057111	-0.802075	-0.516703	0.299489
38555	7.440185	-1.399371	-1.754160	1.370998	2.062780	-0.053690	0.235559	0.222535	0.946039	-0.566503	0.822393	-0.052394	-0.789675	-0.523592	0.319789
38556	7.274594	-0.974825	-1.540757	1.340635	1.996721	-0.089679	0.251643	0.232328	0.939521	-0.576836	0.815497	-0.047158	-0.777133	-0.530083	0.339229
38557	6.866872	-0.499659	-1.151532	1.246115	1.918777	-0.113149	0.267026	0.241656	0.932899	-0.586202	0.809086	-0.041793	-0.764895	-0.535707	0.357706
38558	6.724229	-0.322960	-0.699805	1.110768	1.814188	-0.126013	0.281470	0.250406	0.926321	-0.594339	0.803383	-0.036578	-0.753350	-0.540253	0.374954
38559	6.709685	-0.278538	-0.272855	0.968632	1.689667	-0.117476	0.294736	0.258638	0.919911	-0.601297	0.798392	-0.031820	-0.742680	-0.543761	0.390833
38560	6.633836	-0.305279	0.278801	0.860236	1.545569	-0.100852	0.306677	0.266267	0.913811	-0.607390	0.793928	-0.027494	-0.732821	-0.546608	0.405207
38561	6.705506	-0.413420	0.599398	0.778311	1.367120	-0.080554	0.317045	0.273129	0.908231	-0.612857	0.789842	-0.023590	-0.723802	-0.549136	0.417805
38562	6.662034	-0.462396	0.847990	0.747302	1.171269	-0.050993	0.325717	0.279180	0.903309	-0.618121	0.785829	-0.019988	-0.715427	-0.551844	0.428525
38563	6.686207	-0.391067	1.215794	0.764309	0.953584	-0.021860	0.332553	0.284293	0.899214	-0.623536	0.781620	-0.016515	-0.707539	-0.555200	0.437198
38564	6.816930	-0.331392	1.412130	0.805349	0.741970	0.021173	0.337572	0.288597	0.895967	-0.629325	0.777031	-0.013177	-0.699997	-0.559406	0.443925
38565	7.054232	-0.266431	1.572591	0.879393	0.563373	0.072188	0.340951	0.292325	0.893475	-0.635742	0.771838	-0.009929	-0.692521	-0.564634	0.449002
38566	7.213263	-0.107071	1.994365	0.965311	0.435050	0.120366	0.343108	0.295723	0.891530	-0.642851	0.765963	-0.006669	-0.684851	-0.570832	0.452913
38567	7.343680	-0.057241	2.461551	1.053832	0.317118	0.152412	0.344191	0.298707	0.890116	-0.650598	0.759415	-0.003272	-0.676945	-0.577982	0.455722
38568	7.717598	0.152592	3.039794	1.133966	0.207950	0.144623	0.344574	0.301011	0.889191	-0.658775	0.752340	0.000601	-0.668793	-0.585984	0.457535
38569	8.311092	0.244348	3.618937	1.204936	0.145730	0.142054	0.344510	0.302931	0.888564	-0.667319	0.744756	0.004826	-0.660301	-0.594619	0.458727
38570	8.958574	0.374611	4.563773	1.307192	0.160041	0.118218	0.344695	0.304765	0.887865	-0.676345	0.736520	0.009762	-0.650955	-0.603868	0.460001
38571	9.032037	0.725516	5.754161	1.348679	0.263418	0.086724	0.345716	0.306996	0.886699	-0.685403	0.728006	0.015179	-0.640862	-0.612993	0.462099
38572	8.617613	1.322046	6.930916	1.315934	0.370759	0.075671	0.347481	0.309829	0.885021	-0.694077	0.719606	0.020591	-0.630487	-0.621428	0.465095
38573	8.294316	2.054210	8.059581	1.138974	0.371249	0.094481	0.349060	0.312819	0.883347	-0.701581	0.712150	0.025041	-0.621242	-0.628480	0.468050
38574	8.582009	2.472047	8.893482	1.004548	0.367683	0.120465	0.350410	0.315990	0.881682	-0.708247	0.705382	0.028676	-0.612861	-0.634497	0.470972
38575	8.726452	3.165745	8.887394	1.095078	0.466530	0.102948	0.352439	0.319682	0.879540	-0.715314	0.698027	0.032924	-0.603417	-0.640751	0.474684
38576	7.858290	4.169965	8.750026	1.111439	0.570023	0.090913	0.355128	0.323977	0.876883	-0.722332	0.690533	0.037409	-0.593397	-0.646686	0.479246
38577	6.930233	5.106941	8.577665	0.836532	0.595527	0.119404	0.357708	0.328655	0.874089	-0.727733	0.684671	0.040380	-0.585192	-0.650547	0.484085
38578	5.969505	5.189482	8.032315	0.333997	0.533385	0.161513	0.359572	0.333223	0.871591	-0.730304	0.681916	0.040577	-0.580830	-0.651117	0.488552
38579	5.323563	4.374385	6.914461	-0.220775	0.395368	0.185670	0.360465	0.337052	0.869748	-0.729734	0.682681	0.037878	-0.580993	-0.648339	0.492041
38580	4.745954	2.967294	5.374432	-0.629411	0.179495	0.213211	0.359890	0.339665	0.868969	-0.726878	0.685978	0.032906	-0.584916	-0.643477	0.493771
38581	4.232722	1.326236	3.786020	-0.840647	-0.116953	0.267305	0.357226	0.340748	0.869644	-0.722937	0.690408	0.026443	-0.591398	-0.638144	0.492971
38582	3.732700	-0.123858	1.977791	-0.915912	-0.477731	0.316271	0.352033	0.339897	0.872091	-0.718649	0.695108	0.019175	-0.599680	-0.633478	0.488967
38583	3.884201	-1.227680	0.340794	-0.976466	-0.866969	0.345665	0.344276	0.336827	0.876368	-0.713994	0.700059	0.011424	-0.609662	-0.629654	0.481506
38584	4.890897	-2.288287	-0.870879	-0.999194	-1.199207	0.289413	0.334770	0.331324	0.882130	-0.708874	0.705323	0.004103	-0.620827	-0.626693	0.470988
38585	7.003329	-3.032386	-0.925884	-0.875606	-1.336945	0.224026	0.324771	0.324537	0.888369	-0.704176	0.710022	-0.001950	-0.631395	-0.624935	0.459126
38586	10.389831	-3.737207	1.644906	-0.533060	-1.259839	0.233935	0.315053	0.318322	0.894099	-0.701584	0.712557	-0.006472	-0.639157	-0.625247	0.447823
38587	15.847045	-5.403332	5.602244	-0.020658	-1.040329	0.357320	0.305819	0.314339	0.898702	-0.702606	0.711511	-0.009775	-0.642510	-0.628445	0.438451
38588	19.312897	-6.061746	6.640157	0.754093	-0.813832	0.455781	0.297315	0.312417	0.902219	-0.708860	0.705269	-0.010621	-0.639625	-0.636390	0.431147
38589	21.867706	-2.660612	11.627709	1.716309	-0.349461	0.392333	0.292223	0.312911	0.903710	-0.720943	0.692960	-0.006815	-0.628368	-0.649532	0.428090
38590	19.351601	-0.749828	14.067623	2.733092	0.397322	0.609775	0.290155	0.319685	0.902004	-0.739649	0.672993	-0.000591	-0.607232	-0.666995	0.431726
38591	9.400409	2.603611	5.401817	3.050893	-0.333917	1.079226	0.279996	0.324557	0.903474	-0.760961	0.648791	0.002763	-0.585269	-0.688282	0.428634
38592	6.426295	9.660910	-0.047554	1.890147	-1.109518	1.079159	0.265208	0.323734	0.908219	-0.774898	0.632085	0.000972	-0.573757	-0.704035	0.418495
38593	5.746150	12.405786	-3.115504	0.245266	-1.206598	0.772966	0.252216	0.320062	0.913207	-0.778347	0.627814	-0.005068	-0.574946	-0.709514	0.407464
38594	6.344147	10.120508	-3.842659	-1.225926	-0.931670	0.385631	0.243744	0.315897	0.916950	-0.772222	0.635208	-0.013562	-0.586738	-0.704784	0.398771
38595	6.790768	5.107956	-2.613501	-1.973981	-0.709148	0.168823	0.238184	0.311979	0.919749	-0.760918	0.648443	-0.022900	-0.603549	-0.694399	0.391839
38596	8.447737	-0.422837	-1.933281	-2.139659	-0.794080	0.189843	0.231816	0.307745	0.922797	-0.748298	0.662542	-0.032972	-0.621539	-0.682884	0.383873
38597	11.280335	-4.163567	-2.020809	-2.163577	-0.909742	0.304068	0.223774	0.303568	0.926160	-0.735385	0.676222	-0.043966	-0.639636	-0.671245	0.374560
38598	12.106723	-5.661838	-1.697563	-1.976611	-0.851625	0.397551	0.215285	0.300603	0.929134	-0.723495	0.688135	-0.054995	-0.655902	-0.660384	0.365630
38599	10.539819	-6.317274	-0.918469	-1.579393	-0.829959	0.370041	0.207059	0.297667	0.931945	-0.713851	0.697355	-0.064135	-0.668987	-0.651990	0.356883
38600	9.510410	-6.313620	-0.775694	-1.157649	-0.938789	0.346291	0.198199	0.293991	0.935033	-0.706792	0.703802	-0.071470	-0.679090	-0.646708	0.347283
38601	9.782446	-5.578681	-0.570982	-0.813972	-1.003918	0.402045	0.188424	0.290301	0.938201	-0.702046	0.707844	-0.078028	-0.686752	-0.643958	0.337179
38602	10.026937	-4.267390	0.121831	-0.525562	-0.990396	0.504951	0.177984	0.287501	0.941098	-0.699389	0.709723	-0.084546	-0.692226	-0.643146	0.327394
38603	9.600386	-3.097447	0.779836	-0.338022	-0.949816	0.558669	0.167385	0.285309	0.943706	-0.698041	0.710262	-0.090921	-0.696219	-0.643527	0.318045
38604	9.324856	-2.425595	1.061641	-0.250058	-0.956688	0.534967	0.156904	0.282943	0.946216	-0.697205	0.710308	-0.096788	-0.699490	-0.644520	0.308719
38605	9.303490	-2.075255	0.862168	-0.206450	-1.001647	0.453237	0.146616	0.279652	0.948841	-0.696478	0.710330	-0.101735	-0.702440	-0.645931	0.298917
