// General information: 
//  MT Manager version: 2022.2.0 
//  XDA version: 2022.2.0 build 7381 rev 124627 built on 2023-07-19
// Device information: 
//  DeviceId: 00B4CAF0
//  ProductCode: MTW2-3A7G6
//  Firmware Version: 4.6.0
//  Hardware Version: 2.0.0
// Device settings: 
//  Filter Profile: human(46.1)
//  Option Flags: Orientation Smoother Disabled, Position/Velocity Smoother Disabled, Continuous Zero Rotation Update Disabled, AHS Disabled, ICC Disabled
// Coordinate system: ENU
PacketCounter	Acc_X	Acc_Y	Acc_Z	Gyr_X	Gyr_Y	Gyr_Z	Mat[1][1]	Mat[2][1]	Mat[3][1]	Mat[1][2]	Mat[2][2]	Mat[3][2]	Mat[1][3]	Mat[2][3]	Mat[3][3]
04430	-0.147940	0.055467	10.366919	0.001785	0.003699	0.004279	-0.945327	-0.325922	-0.011517	0.325853	-0.945391	0.007464	-0.013320	0.003303	0.999906
04431	-0.108377	0.051671	10.351373	0.001812	0.004310	0.004266	-0.945327	-0.325921	-0.011502	0.325853	-0.945391	0.007449	-0.013302	0.003293	0.999906
04432	-0.111507	0.053270	10.370771	0.002446	0.005521	0.004879	-0.945322	-0.325935	-0.011518	0.325866	-0.945387	0.007450	-0.013318	0.003289	0.999906
04433	-0.151429	0.046932	10.357588	0.002450	0.004268	0.003686	-0.945327	-0.325920	-0.011504	0.325851	-0.945392	0.007451	-0.013304	0.003295	0.999906
04434	-0.121852	0.044108	10.341077	0.002502	0.006115	0.004255	-0.945327	-0.325919	-0.011535	0.325850	-0.945392	0.007454	-0.013334	0.003287	0.999906
04435	-0.131921	0.065679	10.348915	0.003585	0.003013	0.004385	-0.945328	-0.325919	-0.011489	0.325850	-0.945392	0.007483	-0.013300	0.003331	0.999906
04436	-0.132934	0.066479	10.348897	0.002507	0.004862	0.003063	-0.945338	-0.325890	-0.011489	0.325821	-0.945402	0.007486	-0.013301	0.003333	0.999906
04437	-0.134200	0.056815	10.339608	0.001836	0.005547	0.004848	-0.945334	-0.325902	-0.011506	0.325833	-0.945398	0.007472	-0.013313	0.003314	0.999906
04438	-0.136405	0.047746	10.340026	0.003057	0.004869	0.004313	-0.945333	-0.325902	-0.011506	0.325833	-0.945398	0.007488	-0.013318	0.003330	0.999906
04439	-0.108839	0.066506	10.361482	0.002534	0.005472	0.003049	-0.945344	-0.325872	-0.011521	0.325803	-0.945408	0.007491	-0.013334	0.003328	0.999906
04440	-0.141102	0.060511	10.368661	0.003114	0.005463	0.003690	-0.945348	-0.325858	-0.011536	0.325789	-0.945413	0.007508	-0.013353	0.003340	0.999905
04441	-0.130872	0.059380	10.350210	0.002477	0.004879	0.003673	-0.945354	-0.325843	-0.011537	0.325773	-0.945418	0.007510	-0.013354	0.003341	0.999905
04442	-0.112689	0.058385	10.352162	0.002421	0.004285	0.004297	-0.945354	-0.325843	-0.011522	0.325773	-0.945418	0.007511	-0.013340	0.003347	0.999905
04443	-0.143785	0.051699	10.349629	0.001868	0.004904	0.003642	-0.945359	-0.325828	-0.011522	0.325758	-0.945423	0.007497	-0.013336	0.003334	0.999906
04444	-0.125686	0.050627	10.351583	0.002448	0.004895	0.004283	-0.945360	-0.325826	-0.011523	0.325757	-0.945424	0.007499	-0.013337	0.003335	0.999905
04445	-0.116708	0.070345	10.361371	0.001950	0.006735	0.003600	-0.945365	-0.325809	-0.011570	0.325740	-0.945430	0.007487	-0.013378	0.003309	0.999905
04446	-0.137345	0.062160	10.350110	0.001115	0.003759	0.005469	-0.945356	-0.325835	-0.011543	0.325767	-0.945421	0.007455	-0.013342	0.003288	0.999906
04447	-0.130603	0.042386	10.351969	0.002505	0.005489	0.003659	-0.945361	-0.325821	-0.011558	0.325752	-0.945426	0.007458	-0.013357	0.003285	0.999905
04448	-0.131938	0.053282	10.361212	0.002420	0.004285	0.004297	-0.945361	-0.325820	-0.011543	0.325751	-0.945426	0.007458	-0.013343	0.003291	0.999906
04449	-0.121690	0.062368	10.352037	0.003084	0.005480	0.004300	-0.945361	-0.325820	-0.011558	0.325751	-0.945426	0.007476	-0.013363	0.003302	0.999905
04450	-0.134381	0.044490	10.351912	0.002420	0.004285	0.004297	-0.945361	-0.325820	-0.011543	0.325751	-0.945426	0.007476	-0.013350	0.003308	0.999905
04451	-0.145478	0.056142	10.360155	0.001924	0.006125	0.003614	-0.945367	-0.325803	-0.011575	0.325735	-0.945432	0.007464	-0.013375	0.003286	0.999905
04452	-0.115723	0.042907	10.334460	0.002333	0.003708	0.005531	-0.945357	-0.325832	-0.011546	0.325764	-0.945422	0.007463	-0.013347	0.003294	0.999905
04453	-0.135290	0.065402	10.341258	0.004278	0.004190	0.003781	-0.945362	-0.325819	-0.011529	0.325750	-0.945426	0.007510	-0.013347	0.003344	0.999905
04454	-0.128774	0.056207	10.352387	0.001984	0.006092	0.002394	-0.945377	-0.325775	-0.011560	0.325706	-0.945442	0.007499	-0.013372	0.003324	0.999905
04455	-0.120513	0.055959	10.353368	0.002448	0.004895	0.004283	-0.945376	-0.325776	-0.011561	0.325706	-0.945441	0.007499	-0.013373	0.003324	0.999905
04456	-0.150882	0.059266	10.350339	0.003664	0.005470	0.004942	-0.945371	-0.325790	-0.011575	0.325721	-0.945436	0.007532	-0.013397	0.003350	0.999905
04457	-0.133666	0.058853	10.362029	0.001783	0.003701	0.004280	-0.945372	-0.325790	-0.011546	0.325721	-0.945436	0.007516	-0.013364	0.003345	0.999905
04458	-0.124215	0.057971	10.353313	0.001897	0.005515	0.003628	-0.945377	-0.325774	-0.011562	0.325704	-0.945442	0.007504	-0.013376	0.003328	0.999905
04459	-0.114843	0.067329	10.353852	0.001693	0.003752	0.006110	-0.945363	-0.325817	-0.011533	0.325747	-0.945427	0.007487	-0.013343	0.003321	0.999905
04460	-0.135071	0.059303	10.342571	0.002453	0.003641	0.003092	-0.945373	-0.325788	-0.011503	0.325719	-0.945437	0.007488	-0.013315	0.003332	0.999906
04461	-0.129307	0.050623	10.363416	0.003606	0.004877	0.005566	-0.945363	-0.325818	-0.011502	0.325748	-0.945427	0.007519	-0.013324	0.003361	0.999906
04462	-0.138390	0.051192	10.342980	0.002506	0.005489	0.003659	-0.945367	-0.325803	-0.011518	0.325734	-0.945432	0.007521	-0.013340	0.003358	0.999905
04463	-0.120293	0.050237	10.344982	0.002999	0.004276	0.004939	-0.945362	-0.325819	-0.011503	0.325749	-0.945426	0.007536	-0.013331	0.003377	0.999905
04464	-0.141708	0.053334	10.352643	0.003639	0.004233	0.004361	-0.945361	-0.325822	-0.011487	0.325752	-0.945425	0.007566	-0.013325	0.003411	0.999905
04465	-0.117940	0.080047	10.324182	0.003057	0.004869	0.004315	-0.945361	-0.325823	-0.011487	0.325753	-0.945425	0.007582	-0.013330	0.003426	0.999905
04466	-0.103660	0.060503	10.346503	0.000618	0.005602	0.004784	-0.945357	-0.325834	-0.011506	0.325764	-0.945421	0.007537	-0.013333	0.003377	0.999905
04467	-0.139957	0.025701	10.364653	0.002649	0.007914	0.002992	-0.945367	-0.325802	-0.011582	0.325732	-0.945432	0.007543	-0.013408	0.003358	0.999904
04468	-0.117611	0.063230	10.355146	0.004278	0.004189	0.003783	-0.945372	-0.325790	-0.011566	0.325719	-0.945436	0.007589	-0.013407	0.003407	0.999904
04469	-0.116839	0.062866	10.335725	0.001230	0.004949	0.004220	-0.945372	-0.325787	-0.011568	0.325717	-0.945437	0.007559	-0.013400	0.003378	0.999905
04470	-0.131694	0.055962	10.364247	0.001197	0.005594	0.005425	-0.945364	-0.325810	-0.011587	0.325740	-0.945429	0.007530	-0.013408	0.003344	0.999905
04471	-0.131914	0.035467	10.336033	0.003057	0.004869	0.004316	-0.945365	-0.325809	-0.011587	0.325739	-0.945430	0.007546	-0.013413	0.003360	0.999904
04472	-0.130389	0.075505	10.343894	0.001783	0.003702	0.004280	-0.945365	-0.325810	-0.011557	0.325740	-0.945429	0.007530	-0.013380	0.003354	0.999905
04473	-0.115164	0.065746	10.365780	0.002443	0.006151	0.005475	-0.945355	-0.325837	-0.011589	0.325767	-0.945420	0.007531	-0.013411	0.003344	0.999904
04474	-0.118155	0.036858	10.357431	0.003610	0.003622	0.004377	-0.945355	-0.325838	-0.011558	0.325768	-0.945420	0.007561	-0.013391	0.003383	0.999905
04475	-0.144734	0.079070	10.352506	0.002477	0.005506	0.004269	-0.945355	-0.325837	-0.011574	0.325767	-0.945420	0.007562	-0.013406	0.003379	0.999904
04476	-0.134450	0.067273	10.324866	0.000619	0.005604	0.004783	-0.945352	-0.325845	-0.011593	0.325776	-0.945417	0.007517	-0.013409	0.003330	0.999905
04477	-0.142049	0.030631	10.355784	0.003614	0.002367	0.003186	-0.945362	-0.325819	-0.011530	0.325749	-0.945426	0.007547	-0.013360	0.003378	0.999905
04478	-0.108212	0.056344	10.328380	0.002420	0.004286	0.004298	-0.945362	-0.325818	-0.011516	0.325748	-0.945426	0.007546	-0.013346	0.003383	0.999905
04479	-0.130782	0.070063	10.354944	0.002448	0.004896	0.004284	-0.945363	-0.325816	-0.011517	0.325747	-0.945427	0.007547	-0.013347	0.003383	0.999905
04480	-0.136670	0.032414	10.366463	0.002448	0.004896	0.004284	-0.945364	-0.325814	-0.011518	0.325744	-0.945428	0.007547	-0.013348	0.003383	0.999905
04481	-0.114866	0.059933	10.357429	0.002479	0.004879	0.003674	-0.945369	-0.325798	-0.011518	0.325728	-0.945433	0.007549	-0.013349	0.003385	0.999905
04482	-0.115298	0.080398	10.366191	0.001199	0.004967	0.004829	-0.945365	-0.325810	-0.011521	0.325741	-0.945429	0.007519	-0.013342	0.003355	0.999905
04483	-0.147339	0.043516	10.345510	0.002477	0.005507	0.004269	-0.945365	-0.325810	-0.011537	0.325740	-0.945429	0.007520	-0.013357	0.003351	0.999905
04484	-0.137094	0.062808	10.345603	0.003060	0.004242	0.003721	-0.945370	-0.325797	-0.011521	0.325727	-0.945434	0.007536	-0.013347	0.003372	0.999905
04485	-0.101559	0.051020	10.359895	0.003179	0.005428	0.002472	-0.945384	-0.325753	-0.011535	0.325683	-0.945449	0.007555	-0.013367	0.003385	0.999905
04486	-0.151241	0.056307	10.354680	0.004245	0.004833	0.004991	-0.945379	-0.325769	-0.011534	0.325699	-0.945443	0.007601	-0.013381	0.003429	0.999905
04487	-0.123479	0.054598	10.357779	0.002448	0.004897	0.004284	-0.945379	-0.325769	-0.011535	0.325698	-0.945443	0.007602	-0.013382	0.003430	0.999905
04488	-0.122745	0.064474	10.347598	0.003029	0.004259	0.004331	-0.945379	-0.325769	-0.011520	0.325698	-0.945443	0.007617	-0.013373	0.003449	0.999905
04489	-0.115023	0.044187	10.339855	0.001202	0.004341	0.004233	-0.945380	-0.325767	-0.011506	0.325697	-0.945444	0.007587	-0.013350	0.003425	0.999905
04490	-0.156888	0.059521	10.364295	0.002388	0.004304	0.004908	-0.945375	-0.325782	-0.011492	0.325711	-0.945439	0.007587	-0.013337	0.003429	0.999905
04491	-0.125056	0.065753	10.337848	0.003700	0.004197	0.003144	-0.945385	-0.325754	-0.011475	0.325683	-0.945448	0.007619	-0.013331	0.003465	0.999905
04492	-0.116471	0.065769	10.338875	0.003060	0.004242	0.003721	-0.945390	-0.325740	-0.011460	0.325669	-0.945453	0.007635	-0.013322	0.003486	0.999905
04493	-0.111739	0.037210	10.351003	0.003667	0.004842	0.004349	-0.945390	-0.325741	-0.011459	0.325670	-0.945453	0.007666	-0.013331	0.003516	0.999905
04494	-0.149982	0.060927	10.345855	0.002538	0.006100	0.003645	-0.945395	-0.325726	-0.011490	0.325654	-0.945458	0.007669	-0.013362	0.003509	0.999905
04495	-0.113797	0.068938	10.368957	0.002449	0.004897	0.004284	-0.945395	-0.325725	-0.011491	0.325654	-0.945458	0.007670	-0.013362	0.003509	0.999905
04496	-0.127355	0.031049	10.360066	0.002420	0.004287	0.004299	-0.945395	-0.325726	-0.011476	0.325654	-0.945458	0.007670	-0.013349	0.003514	0.999905
04497	-0.145017	0.062491	10.356539	0.001842	0.004296	0.003656	-0.945400	-0.325710	-0.011462	0.325639	-0.945463	0.007656	-0.013330	0.003505	0.999905
04498	-0.125933	0.060829	10.348927	0.003087	0.005480	0.004302	-0.945400	-0.325710	-0.011477	0.325639	-0.945463	0.007673	-0.013350	0.003516	0.999905
04499	-0.125174	0.050233	10.320285	0.003089	0.004852	0.003707	-0.945405	-0.325696	-0.011477	0.325625	-0.945468	0.007690	-0.013355	0.003533	0.999905
04500	-0.111978	0.041679	10.361638	0.001779	0.004332	0.004876	-0.945400	-0.325710	-0.011463	0.325638	-0.945463	0.007674	-0.013338	0.003522	0.999905
04501	-0.140390	0.054021	10.348281	0.002507	0.006118	0.004254	-0.945400	-0.325709	-0.011495	0.325637	-0.945464	0.007677	-0.013368	0.003514	0.999904
04502	-0.112733	0.051881	10.351436	0.001201	0.004342	0.004232	-0.945401	-0.325708	-0.011481	0.325636	-0.945464	0.007646	-0.013346	0.003490	0.999905
04503	-0.116034	0.043074	10.361588	0.001289	0.006173	0.004188	-0.945401	-0.325706	-0.011514	0.325635	-0.945465	0.007618	-0.013367	0.003453	0.999905
04504	-0.126113	0.054235	10.360037	0.003028	0.004259	0.004332	-0.945401	-0.325707	-0.011498	0.325636	-0.945464	0.007634	-0.013358	0.003473	0.999905
04505	-0.133767	0.053968	10.329870	0.001204	0.003714	0.003637	-0.945407	-0.325691	-0.011470	0.325621	-0.945470	0.007603	-0.013320	0.003454	0.999905
04506	-0.117575	0.043472	10.342148	0.001837	0.005553	0.004846	-0.945402	-0.325704	-0.011486	0.325634	-0.945466	0.007589	-0.013332	0.003435	0.999905
04507	-0.127574	0.054622	10.340594	0.002356	0.004323	0.005519	-0.945392	-0.325733	-0.011472	0.325662	-0.945456	0.007588	-0.013318	0.003438	0.999905
04508	-0.121123	0.045323	10.351810	0.003119	0.005462	0.003693	-0.945397	-0.325718	-0.011487	0.325648	-0.945461	0.007606	-0.013338	0.003450	0.999905
04509	-0.122389	0.035617	10.342570	0.001231	0.004953	0.004218	-0.945398	-0.325717	-0.011489	0.325647	-0.945461	0.007576	-0.013330	0.003421	0.999905
04510	-0.133551	0.047514	10.350702	0.004303	0.006053	0.004965	-0.945392	-0.325732	-0.011519	0.325661	-0.945456	0.007624	-0.013374	0.003456	0.999905
04511	-0.132996	0.067743	10.349731	0.001874	0.004279	0.003046	-0.945402	-0.325703	-0.011504	0.325632	-0.945466	0.007610	-0.013355	0.003448	0.999905
04512	-0.116881	0.057570	10.362023	0.003728	0.005434	0.003727	-0.945406	-0.325690	-0.011518	0.325619	-0.945470	0.007642	-0.013379	0.003475	0.999904
04513	-0.127648	0.038697	10.342495	0.002387	0.004305	0.004909	-0.945402	-0.325705	-0.011504	0.325634	-0.945465	0.007642	-0.013365	0.003479	0.999905
04514	-0.117188	0.057944	10.342598	0.003092	0.004223	0.003113	-0.945411	-0.325677	-0.011488	0.325606	-0.945475	0.007658	-0.013355	0.003500	0.999905
04515	-0.127007	0.058903	10.331812	0.001808	0.004944	0.004861	-0.945407	-0.325690	-0.011489	0.325619	-0.945470	0.007643	-0.013352	0.003485	0.999905
04516	-0.132375	0.051572	10.361353	0.003055	0.005498	0.004913	-0.945402	-0.325705	-0.011505	0.325633	-0.945465	0.007659	-0.013372	0.003495	0.999904
04517	-0.103933	0.048979	10.354867	0.001961	0.006739	0.003596	-0.945407	-0.325688	-0.011552	0.325617	-0.945471	0.007648	-0.013412	0.003469	0.999904
04518	-0.125711	0.051998	10.362386	0.002996	0.004278	0.004943	-0.945402	-0.325703	-0.011537	0.325631	-0.945466	0.007663	-0.013403	0.003488	0.999904
04519	-0.123961	0.061270	10.342500	0.002479	0.005508	0.004270	-0.945402	-0.325702	-0.011552	0.325630	-0.945466	0.007664	-0.013419	0.003484	0.999904
04520	-0.123316	0.050554	10.313877	0.003085	0.006109	0.004898	-0.945397	-0.325717	-0.011583	0.325645	-0.945461	0.007681	-0.013453	0.003490	0.999903
04521	-0.118238	0.062421	10.353232	0.002481	0.004880	0.003675	-0.945402	-0.325701	-0.011584	0.325630	-0.945466	0.007682	-0.013454	0.003491	0.999903
04522	-0.139783	0.044871	10.342313	0.002446	0.005526	0.004880	-0.945397	-0.325715	-0.011600	0.325643	-0.945462	0.007683	-0.013470	0.003486	0.999903
04523	-0.121962	0.043648	10.344462	0.001867	0.006165	0.004831	-0.945392	-0.325728	-0.011632	0.325656	-0.945457	0.007670	-0.013496	0.003463	0.999903
04524	-0.121464	0.063791	10.343478	0.003667	0.004842	0.004353	-0.945392	-0.325729	-0.011631	0.325656	-0.945457	0.007701	-0.013505	0.003493	0.999903
04525	-0.134383	0.046005	10.343334	0.001837	0.005555	0.004846	-0.945387	-0.325742	-0.011648	0.325669	-0.945452	0.007687	-0.013517	0.003474	0.999903
04526	-0.124148	0.054794	10.334227	0.002446	0.005527	0.004880	-0.945382	-0.325755	-0.011664	0.325683	-0.945448	0.007688	-0.013532	0.003469	0.999902
04527	-0.115980	0.075197	10.353717	0.003025	0.004888	0.004929	-0.945377	-0.325770	-0.011665	0.325697	-0.945443	0.007703	-0.013538	0.003483	0.999902
04528	-0.129863	0.058077	10.363264	0.003058	0.004870	0.004319	-0.945340	-0.325879	-0.011622	0.325814	-0.945407	0.007198	-0.013333	0.003018	0.999907
04529	-0.129034	0.067925	10.353069	0.002484	0.004251	0.003080	-0.945354	-0.325839	-0.011606	0.325774	-0.945420	0.007198	-0.013318	0.003024	0.999907
04530	-0.119357	0.056627	10.335247	0.001201	0.004345	0.004232	-0.945354	-0.325839	-0.011593	0.325774	-0.945421	0.007167	-0.013296	0.002998	0.999907
04531	-0.114165	0.068426	10.374607	0.003697	0.005452	0.004338	-0.945354	-0.325839	-0.011608	0.325773	-0.945420	0.007198	-0.013319	0.003023	0.999907
04532	-0.131360	0.038632	10.315701	0.004278	0.004184	0.003793	-0.945358	-0.325828	-0.011590	0.325762	-0.945424	0.007244	-0.013318	0.003072	0.999907
04533	-0.132848	0.080539	10.352502	0.001231	0.004955	0.004216	-0.945361	-0.325820	-0.011593	0.325755	-0.945427	0.007213	-0.013310	0.003042	0.999907
04534	-0.125504	0.060123	10.344862	0.002477	0.006138	0.004864	-0.945353	-0.325841	-0.011624	0.325775	-0.945420	0.007214	-0.013340	0.003033	0.999906
04535	-0.127979	0.061284	10.354533	0.001807	0.004945	0.004860	-0.945349	-0.325854	-0.011626	0.325788	-0.945415	0.007198	-0.013337	0.003017	0.999907
04536	-0.139960	0.052981	10.353898	0.001871	0.005537	0.004235	-0.945349	-0.325851	-0.011642	0.325786	-0.945416	0.007183	-0.013348	0.002998	0.999906
04537	-0.129539	0.061830	10.344802	0.003027	0.004259	0.004335	-0.945347	-0.325858	-0.011627	0.325792	-0.945414	0.007198	-0.013338	0.003017	0.999906
04538	-0.131754	0.053094	10.345270	0.004372	0.005386	0.003154	-0.945356	-0.325832	-0.011640	0.325766	-0.945423	0.007246	-0.013365	0.003058	0.999906
04539	-0.114661	0.052665	10.357153	0.001746	0.003725	0.004891	-0.945351	-0.325847	-0.011611	0.325781	-0.945418	0.007228	-0.013332	0.003050	0.999906
04540	-0.134118	0.064750	10.354434	0.002383	0.004936	0.005505	-0.945341	-0.325878	-0.011612	0.325812	-0.945407	0.007227	-0.013333	0.003048	0.999906
04541	-0.124741	0.063965	10.345830	0.003122	0.005462	0.003695	-0.945345	-0.325863	-0.011627	0.325797	-0.945412	0.007243	-0.013353	0.003059	0.999906
04542	-0.119429	0.044969	10.357592	0.002449	0.004899	0.004285	-0.945346	-0.325862	-0.011628	0.325796	-0.945412	0.007243	-0.013353	0.003059	0.999906
04543	-0.115564	0.073450	10.336721	0.001810	0.004317	0.004266	-0.945347	-0.325859	-0.011614	0.325793	-0.945413	0.007227	-0.013335	0.003049	0.999906
04544	-0.128445	0.065826	10.345773	0.002449	0.004899	0.004285	-0.945347	-0.325860	-0.011614	0.325794	-0.945413	0.007227	-0.013335	0.003049	0.999906
04545	-0.121033	0.055768	10.347360	0.001807	0.004946	0.004860	-0.945343	-0.325872	-0.011616	0.325806	-0.945409	0.007211	-0.013332	0.003033	0.999907
04546	-0.121308	0.066197	10.346848	0.003700	0.004822	0.003745	-0.945346	-0.325861	-0.011615	0.325795	-0.945413	0.007242	-0.013341	0.003063	0.999906
04547	-0.122328	0.056610	10.337635	0.001745	0.003726	0.004891	-0.945342	-0.325875	-0.011586	0.325809	-0.945408	0.007225	-0.013308	0.003055	0.999907
04548	-0.135142	0.048987	10.346685	0.002449	0.004899	0.004285	-0.945342	-0.325874	-0.011586	0.325809	-0.945408	0.007225	-0.013308	0.003055	0.999907
04549	-0.126978	0.059031	10.356975	0.002578	0.006082	0.003035	-0.945353	-0.325843	-0.011617	0.325777	-0.945419	0.007228	-0.013338	0.003048	0.999906
04550	-0.118745	0.058683	10.358074	0.001774	0.004966	0.005470	-0.945343	-0.325870	-0.011619	0.325805	-0.945410	0.007211	-0.013334	0.003031	0.999906
04551	-0.129666	0.060252	10.356935	0.003092	0.004851	0.003711	-0.945348	-0.325856	-0.011618	0.325790	-0.945415	0.007227	-0.013339	0.003047	0.999906
04552	-0.121106	0.049748	10.348846	0.002452	0.004270	0.003691	-0.945353	-0.325841	-0.011603	0.325775	-0.945420	0.007227	-0.013325	0.003052	0.999907
04553	-0.129885	0.060421	10.337521	0.002449	0.004899	0.004286	-0.945354	-0.325841	-0.011604	0.325775	-0.945420	0.007227	-0.013325	0.003051	0.999907
04554	-0.122711	0.050530	10.339119	0.003185	0.006682	0.003664	-0.945358	-0.325825	-0.011649	0.325759	-0.945425	0.007245	-0.013374	0.003054	0.999906
04555	-0.123222	0.071113	10.347793	0.001133	0.004385	0.005450	-0.945349	-0.325853	-0.011637	0.325787	-0.945416	0.007212	-0.013352	0.003027	0.999906
04556	-0.128543	0.063781	10.377336	0.002994	0.004279	0.004946	-0.945344	-0.325868	-0.011622	0.325802	-0.945410	0.007226	-0.013342	0.003044	0.999906
04557	-0.127734	0.063302	10.357940	0.002579	0.006082	0.003035	-0.945354	-0.325838	-0.011652	0.325772	-0.945421	0.007229	-0.013371	0.003038	0.999906
04558	-0.128984	0.064114	10.357919	0.003605	0.003620	0.004388	-0.945353	-0.325841	-0.011620	0.325775	-0.945420	0.007257	-0.013351	0.003075	0.999906
04559	-0.128930	0.053913	10.339026	0.001841	0.004929	0.004250	-0.945353	-0.325841	-0.011622	0.325774	-0.945420	0.007242	-0.013347	0.003060	0.999906
04560	-0.123853	0.055373	10.369199	0.002413	0.005548	0.005490	-0.945343	-0.325869	-0.011638	0.325802	-0.945410	0.007241	-0.013363	0.003054	0.999906
04561	-0.129703	0.064219	10.328797	0.002478	0.006139	0.004864	-0.945338	-0.325883	-0.011669	0.325816	-0.945405	0.007242	-0.013392	0.003044	0.999906
04562	-0.122471	0.064533	10.339598	0.002350	0.004327	0.005521	-0.945329	-0.325911	-0.011656	0.325845	-0.945396	0.007240	-0.013379	0.003046	0.999906
04563	-0.135386	0.057100	10.348631	0.003092	0.004851	0.003712	-0.945333	-0.325897	-0.011655	0.325831	-0.945400	0.007256	-0.013383	0.003062	0.999906
04564	-0.116096	0.065566	10.350386	0.001780	0.003079	0.003688	-0.945339	-0.325884	-0.011610	0.325818	-0.945405	0.007239	-0.013335	0.003061	0.999906
04565	-0.119126	0.046874	10.351374	0.003600	0.004879	0.005577	-0.945328	-0.325915	-0.011610	0.325848	-0.945394	0.007268	-0.013344	0.003088	0.999906
04566	-0.138609	0.059175	10.348576	0.001843	0.004299	0.003656	-0.945333	-0.325901	-0.011595	0.325834	-0.945399	0.007253	-0.013326	0.003078	0.999906
04567	-0.131149	0.049098	10.350201	0.002416	0.004919	0.004896	-0.945328	-0.325914	-0.011596	0.325847	-0.945395	0.007252	-0.013326	0.003077	0.999906
04568	-0.132567	0.070378	10.368545	0.002484	0.004880	0.003676	-0.945334	-0.325899	-0.011596	0.325832	-0.945400	0.007252	-0.013327	0.003077	0.999906
04569	-0.123942	0.049446	10.351306	0.002384	0.004309	0.004912	-0.945329	-0.325913	-0.011582	0.325847	-0.945395	0.007251	-0.013313	0.003081	0.999907
04570	-0.145364	0.052581	10.358688	0.002353	0.003698	0.004927	-0.945324	-0.325928	-0.011553	0.325862	-0.945389	0.007249	-0.013284	0.003088	0.999907
04571	-0.123897	0.070177	10.350265	0.002961	0.003669	0.004963	-0.945319	-0.325943	-0.011523	0.325877	-0.945384	0.007262	-0.013260	0.003110	0.999907
04572	-0.126010	0.061192	10.350753	0.002450	0.004900	0.004286	-0.945319	-0.325944	-0.011523	0.325878	-0.945384	0.007262	-0.013260	0.003110	0.999907
04573	-0.126100	0.061148	10.341050	0.001912	0.004261	0.002436	-0.945335	-0.325898	-0.011508	0.325832	-0.945400	0.007248	-0.013242	0.003102	0.999908
04574	-0.129299	0.052793	10.351224	0.003602	0.004249	0.004984	-0.945330	-0.325914	-0.011492	0.325847	-0.945394	0.007277	-0.013236	0.003135	0.999907
04575	-0.128371	0.062666	10.341013	0.002416	0.004919	0.004896	-0.945324	-0.325929	-0.011493	0.325863	-0.945389	0.007276	-0.013237	0.003134	0.999907
04576	-0.132909	0.065253	10.370046	0.003059	0.004870	0.004322	-0.945325	-0.325929	-0.011493	0.325862	-0.945389	0.007292	-0.013242	0.003148	0.999907
04577	-0.121389	0.073492	10.351299	0.002516	0.005491	0.003660	-0.945330	-0.325913	-0.011508	0.325847	-0.945394	0.007293	-0.013257	0.003145	0.999907
04578	-0.111895	0.062406	10.333572	0.003668	0.004840	0.004358	-0.945329	-0.325915	-0.011508	0.325848	-0.945394	0.007324	-0.013266	0.003174	0.999907
04579	-0.116520	0.065078	10.362604	0.002413	0.005549	0.005490	-0.945319	-0.325944	-0.011524	0.325877	-0.945384	0.007323	-0.013281	0.003168	0.999907
04580	-0.126336	0.055736	10.342572	0.002519	0.004861	0.003066	-0.945329	-0.325915	-0.011523	0.325848	-0.945394	0.007325	-0.013281	0.003170	0.999907
04581	-0.128534	0.057007	10.352238	0.002386	0.003679	0.004318	-0.945329	-0.325915	-0.011493	0.325848	-0.945394	0.007324	-0.013253	0.003178	0.999907
04582	-0.128619	0.056949	10.342537	0.001908	0.005521	0.003624	-0.945334	-0.325899	-0.011510	0.325833	-0.945399	0.007310	-0.013263	0.003160	0.999907
04583	-0.139691	0.068729	10.350530	0.001841	0.004930	0.004250	-0.945335	-0.325899	-0.011510	0.325832	-0.945399	0.007295	-0.013259	0.003146	0.999907
04584	-0.111929	0.056102	10.344819	0.002485	0.004880	0.003676	-0.945340	-0.325885	-0.011510	0.325818	-0.945404	0.007295	-0.013259	0.003146	0.999907
04585	-0.116423	0.048306	10.364680	0.002416	0.004920	0.004896	-0.945335	-0.325899	-0.011511	0.325832	-0.945399	0.007295	-0.013260	0.003145	0.999907
04586	-0.115633	0.047855	10.345295	0.003698	0.006080	0.004937	-0.945329	-0.325914	-0.011541	0.325847	-0.945394	0.007326	-0.013299	0.003165	0.999907
04587	-0.124575	0.058453	10.333916	0.000589	0.005010	0.004787	-0.945325	-0.325924	-0.011545	0.325858	-0.945391	0.007280	-0.013287	0.003119	0.999907
04588	-0.125848	0.058860	10.333898	0.002450	0.004900	0.004286	-0.945325	-0.325924	-0.011546	0.325858	-0.945391	0.007279	-0.013288	0.003119	0.999907
04589	-0.129243	0.060839	10.353244	0.002992	0.004280	0.004949	-0.945320	-0.325940	-0.011531	0.325874	-0.945385	0.007293	-0.013278	0.003136	0.999907
04590	-0.142286	0.063865	10.371420	0.003059	0.004870	0.004323	-0.945320	-0.325940	-0.011531	0.325874	-0.945385	0.007308	-0.013283	0.003151	0.999907
04591	-0.124087	0.052488	10.364571	0.003636	0.004230	0.004376	-0.945320	-0.325941	-0.011515	0.325874	-0.945385	0.007338	-0.013278	0.003184	0.999907
04592	-0.123040	0.052026	10.345189	0.002485	0.004881	0.003676	-0.945325	-0.325927	-0.011515	0.325860	-0.945390	0.007338	-0.013278	0.003185	0.999907
04593	-0.123108	0.052039	10.335491	0.002418	0.004290	0.004303	-0.945325	-0.325928	-0.011500	0.325861	-0.945389	0.007337	-0.013264	0.003189	0.999907
04594	-0.144704	0.055095	10.342809	0.001233	0.004961	0.004213	-0.945325	-0.325926	-0.011503	0.325859	-0.945390	0.007307	-0.013256	0.003159	0.999907
04595	-0.136483	0.064953	10.353126	0.002483	0.005511	0.004270	-0.945326	-0.325925	-0.011519	0.325858	-0.945391	0.007307	-0.013271	0.003154	0.999907
04596	-0.127066	0.063850	10.344600	0.001303	0.004922	0.002993	-0.945336	-0.325894	-0.011520	0.325827	-0.945401	0.007278	-0.013263	0.003127	0.999907
04597	-0.121872	0.055031	10.365637	0.003062	0.004240	0.003730	-0.945342	-0.325878	-0.011505	0.325812	-0.945407	0.007294	-0.013254	0.003147	0.999907
04598	-0.141077	0.046565	10.344423	0.001165	0.004371	0.004839	-0.945337	-0.325891	-0.011492	0.325825	-0.945402	0.007262	-0.013231	0.003120	0.999908
04599	-0.123054	0.055515	10.355923	0.003059	0.004870	0.004324	-0.945337	-0.325893	-0.011492	0.325827	-0.945401	0.007277	-0.013236	0.003135	0.999907
04600	-0.122075	0.065216	10.345707	0.001809	0.004321	0.004266	-0.945337	-0.325893	-0.011478	0.325827	-0.945401	0.007260	-0.013217	0.003123	0.999908
04601	-0.125346	0.046392	10.346728	0.002486	0.004881	0.003677	-0.945342	-0.325879	-0.011478	0.325813	-0.945406	0.007260	-0.013217	0.003124	0.999908
04602	-0.136334	0.058272	10.354687	0.001807	0.004951	0.004860	-0.945337	-0.325894	-0.011479	0.325828	-0.945401	0.007245	-0.013214	0.003108	0.999908
04603	-0.136320	0.058265	10.344990	0.002959	0.003670	0.004966	-0.945331	-0.325910	-0.011449	0.325845	-0.945395	0.007258	-0.013189	0.003130	0.999908
04604	-0.129047	0.058817	10.355832	0.003804	0.006020	0.003109	-0.945340	-0.325883	-0.011478	0.325817	-0.945405	0.007291	-0.013227	0.003153	0.999908
04605	-0.128440	0.068700	10.345607	0.002516	0.006122	0.004254	-0.945341	-0.325882	-0.011509	0.325815	-0.945405	0.007292	-0.013257	0.003144	0.999907
04606	-0.129938	0.058955	10.336426	0.001978	0.006112	0.002997	-0.945351	-0.325850	-0.011541	0.325783	-0.945416	0.007281	-0.013283	0.003123	0.999907
04607	-0.124941	0.050144	10.357475	0.002382	0.004311	0.004913	-0.945346	-0.325864	-0.011526	0.325798	-0.945411	0.007279	-0.013269	0.003126	0.999907
04608	-0.125005	0.049986	10.347780	0.001269	0.004942	0.003603	-0.945343	-0.325867	-0.011687	0.325806	-0.945412	0.006848	-0.013281	0.002666	0.999908
04609	-0.134859	0.071570	10.355204	0.003026	0.004260	0.004341	-0.945344	-0.325866	-0.011671	0.325805	-0.945412	0.006862	-0.013271	0.002685	0.999908
04610	-0.134745	0.061311	10.336351	0.002489	0.004250	0.003084	-0.945356	-0.325831	-0.011657	0.325770	-0.945424	0.006863	-0.013257	0.002690	0.999909
04611	-0.118907	0.061204	10.358076	0.001806	0.004952	0.004859	-0.945352	-0.325844	-0.011658	0.325783	-0.945420	0.006847	-0.013253	0.002674	0.999909
04612	-0.119279	0.071472	10.357532	0.002517	0.006122	0.004254	-0.945354	-0.325835	-0.011690	0.325774	-0.945423	0.006847	-0.013283	0.002665	0.999908
04613	-0.139733	0.063913	10.345966	0.003673	0.003578	0.003175	-0.945360	-0.325821	-0.011658	0.325759	-0.945428	0.006876	-0.013262	0.002703	0.999908
04614	-0.131024	0.063652	10.347146	0.001847	0.003671	0.003063	-0.945367	-0.325800	-0.011628	0.325739	-0.945435	0.006860	-0.013228	0.002698	0.999909
04615	-0.124599	0.043849	10.349379	0.002486	0.004881	0.003677	-0.945372	-0.325785	-0.011628	0.325724	-0.945440	0.006860	-0.013229	0.002698	0.999909
04616	-0.123591	0.053457	10.339159	0.001773	0.004342	0.004876	-0.945369	-0.325794	-0.011615	0.325733	-0.945437	0.006843	-0.013211	0.002686	0.999909
04617	-0.135638	0.055661	10.347617	0.002484	0.005512	0.004271	-0.945375	-0.325777	-0.011632	0.325716	-0.945443	0.006844	-0.013227	0.002682	0.999909
04618	-0.126113	0.065091	10.348272	0.003029	0.003629	0.003748	-0.945381	-0.325761	-0.011601	0.325700	-0.945448	0.006858	-0.013202	0.002705	0.999909
04619	-0.129333	0.056767	10.358460	0.002417	0.004291	0.004304	-0.945381	-0.325760	-0.011587	0.325699	-0.945448	0.006856	-0.013189	0.002708	0.999909
04620	-0.117450	0.064878	10.339764	0.002990	0.004281	0.004951	-0.945377	-0.325774	-0.011573	0.325713	-0.945444	0.006870	-0.013179	0.002725	0.999909
04621	-0.139953	0.048273	10.338394	0.003062	0.004240	0.003732	-0.945381	-0.325763	-0.011557	0.325701	-0.945448	0.006884	-0.013169	0.002744	0.999910
04622	-0.112448	0.056299	10.351140	0.001945	0.006133	0.003606	-0.945386	-0.325746	-0.011589	0.325685	-0.945453	0.006871	-0.013195	0.002721	0.999909
04623	-0.125639	0.059178	10.369267	0.002420	0.003660	0.003711	-0.945391	-0.325735	-0.011559	0.325674	-0.945457	0.006869	-0.013166	0.002729	0.999910
04624	-0.132870	0.058768	10.339015	0.001809	0.004323	0.004266	-0.945391	-0.325734	-0.011545	0.325673	-0.945458	0.006852	-0.013147	0.002718	0.999910
04625	-0.139712	0.041920	10.369084	0.002484	0.005512	0.004271	-0.945392	-0.325730	-0.011561	0.325670	-0.945459	0.006852	-0.013162	0.002713	0.999910
04626	-0.117266	0.058647	10.351073	0.002417	0.004291	0.004304	-0.945395	-0.325723	-0.011547	0.325662	-0.945461	0.006850	-0.013148	0.002716	0.999910
04627	-0.128162	0.060300	10.349843	0.002557	0.005471	0.003051	-0.945404	-0.325697	-0.011562	0.325636	-0.945470	0.006852	-0.013163	0.002713	0.999910
04628	-0.131562	0.051917	10.360031	0.002384	0.003681	0.004321	-0.945404	-0.325697	-0.011532	0.325637	-0.945470	0.006850	-0.013135	0.002720	0.999910
04629	-0.128136	0.050008	10.321312	0.003129	0.005460	0.003699	-0.945408	-0.325686	-0.011547	0.325625	-0.945474	0.006866	-0.013154	0.002731	0.999910
04630	-0.119901	0.070596	10.340792	0.003635	0.004229	0.004380	-0.945408	-0.325686	-0.011532	0.325625	-0.945474	0.006894	-0.013149	0.002763	0.999910
04631	-0.123212	0.052174	10.341840	0.003704	0.004819	0.003754	-0.945411	-0.325678	-0.011531	0.325616	-0.945477	0.006925	-0.013157	0.002792	0.999910
04632	-0.136410	0.044959	10.350810	0.002485	0.005513	0.004271	-0.945411	-0.325675	-0.011547	0.325614	-0.945478	0.006925	-0.013173	0.002787	0.999909
04633	-0.125875	0.064145	10.350939	0.003634	0.004229	0.004381	-0.945410	-0.325680	-0.011531	0.325618	-0.945476	0.006953	-0.013167	0.002819	0.999909
04634	-0.127045	0.054675	10.341780	0.003093	0.005481	0.004309	-0.945411	-0.325674	-0.011546	0.325612	-0.945478	0.006969	-0.013187	0.002829	0.999909
04635	-0.122139	0.056389	10.372005	0.002417	0.004292	0.004304	-0.945411	-0.325677	-0.011532	0.325615	-0.945477	0.006968	-0.013173	0.002833	0.999909
04636	-0.139202	0.056979	10.340519	0.001913	0.005523	0.003622	-0.945416	-0.325661	-0.011549	0.325599	-0.945482	0.006953	-0.013184	0.002814	0.999909
04637	-0.132062	0.067651	10.360533	0.003062	0.004240	0.003733	-0.945422	-0.325646	-0.011533	0.325583	-0.945488	0.006968	-0.013173	0.002833	0.999909
04638	-0.123371	0.056925	10.352605	0.001775	0.003714	0.004283	-0.945422	-0.325645	-0.011504	0.325583	-0.945488	0.006950	-0.013140	0.002825	0.999910
04639	-0.113838	0.066247	10.353276	0.003057	0.005502	0.004919	-0.945416	-0.325661	-0.011519	0.325599	-0.945482	0.006965	-0.013160	0.002834	0.999909
04640	-0.125969	0.068733	10.361701	0.003096	0.004850	0.003716	-0.945422	-0.325645	-0.011519	0.325583	-0.945488	0.006980	-0.013165	0.002849	0.999909
04641	-0.135538	0.059443	10.341646	0.002417	0.004292	0.004304	-0.945423	-0.325644	-0.011505	0.325581	-0.945488	0.006979	-0.013151	0.002853	0.999909
04642	-0.108905	0.047358	10.345859	0.002415	0.004924	0.004897	-0.945417	-0.325661	-0.011506	0.325599	-0.945482	0.006978	-0.013151	0.002851	0.999909
04643	-0.122059	0.060629	10.373090	0.001811	0.003693	0.003673	-0.945421	-0.325651	-0.011476	0.325589	-0.945486	0.006962	-0.013118	0.002845	0.999910
04644	-0.142514	0.063301	10.370606	0.003057	0.005502	0.004919	-0.945415	-0.325666	-0.011492	0.325604	-0.945481	0.006976	-0.013137	0.002854	0.999910
04645	-0.123255	0.051047	10.354249	0.003062	0.004240	0.003733	-0.945419	-0.325655	-0.011476	0.325592	-0.945484	0.006991	-0.013127	0.002873	0.999910
04646	-0.134226	0.052723	10.352995	0.001948	0.006134	0.003605	-0.945425	-0.325637	-0.011508	0.325574	-0.945491	0.006978	-0.013153	0.002850	0.999909
04647	-0.133308	0.051959	10.333630	0.002451	0.004903	0.004288	-0.945425	-0.325635	-0.011509	0.325573	-0.945491	0.006977	-0.013154	0.002849	0.999909
04648	-0.125015	0.061952	10.343977	0.002451	0.004903	0.004288	-0.945426	-0.325633	-0.011511	0.325570	-0.945492	0.006977	-0.013155	0.002849	0.999909
04649	-0.126276	0.062600	10.343958	0.002451	0.004903	0.004288	-0.945427	-0.325630	-0.011512	0.325568	-0.945493	0.006976	-0.013156	0.002848	0.999909
04650	-0.108344	0.061296	10.346418	0.003131	0.005460	0.003700	-0.945431	-0.325617	-0.011527	0.325555	-0.945497	0.006993	-0.013175	0.002859	0.999909
04651	-0.131140	0.055044	10.354132	0.002343	0.004335	0.005524	-0.945421	-0.325648	-0.011513	0.325585	-0.945487	0.006990	-0.013161	0.002860	0.999909
04652	-0.122618	0.044294	10.346230	0.002451	0.004903	0.004288	-0.945420	-0.325650	-0.011513	0.325588	-0.945486	0.006989	-0.013162	0.002859	0.999909
04653	-0.122949	0.054481	10.345666	0.001303	0.006188	0.004176	-0.945422	-0.325645	-0.011547	0.325583	-0.945488	0.006960	-0.013184	0.002821	0.999909
04654	-0.132748	0.055399	10.334731	0.003025	0.004261	0.004344	-0.945421	-0.325647	-0.011532	0.325584	-0.945487	0.006974	-0.013174	0.002839	0.999909
04655	-0.117107	0.055282	10.356546	0.001306	0.005557	0.003583	-0.945427	-0.325629	-0.011549	0.325567	-0.945493	0.006944	-0.013181	0.002805	0.999909
04656	-0.136779	0.067447	10.353484	0.001912	0.006156	0.004215	-0.945428	-0.325624	-0.011581	0.325563	-0.945495	0.006931	-0.013207	0.002782	0.999909
04657	-0.116575	0.054252	10.327497	0.002486	0.005514	0.004271	-0.945427	-0.325628	-0.011597	0.325566	-0.945494	0.006930	-0.013221	0.002776	0.999909
04658	-0.131021	0.057887	10.355237	0.001808	0.004325	0.004266	-0.945427	-0.325627	-0.011583	0.325565	-0.945494	0.006913	-0.013203	0.002765	0.999909
04659	-0.129994	0.067471	10.345001	0.002560	0.005471	0.003052	-0.945438	-0.325596	-0.011599	0.325535	-0.945505	0.006914	-0.013219	0.002761	0.999909
04660	-0.122732	0.067768	10.355905	0.002307	0.003725	0.005542	-0.945428	-0.325627	-0.011571	0.325565	-0.945494	0.006911	-0.013190	0.002767	0.999909
04661	-0.134485	0.049537	10.346059	0.003743	0.004796	0.003147	-0.945437	-0.325600	-0.011570	0.325538	-0.945503	0.006942	-0.013200	0.002797	0.999909
04662	-0.126106	0.059757	10.356416	0.002951	0.004304	0.005564	-0.945426	-0.325633	-0.011556	0.325571	-0.945492	0.006954	-0.013191	0.002812	0.999909
04663	-0.135810	0.060824	10.345470	0.002486	0.005514	0.004271	-0.945425	-0.325633	-0.011572	0.325571	-0.945492	0.006955	-0.013206	0.002808	0.999909
04664	-0.126566	0.080586	10.355274	0.003095	0.005482	0.004310	-0.945426	-0.325632	-0.011587	0.325569	-0.945493	0.006971	-0.013226	0.002818	0.999909
04665	-0.128937	0.061180	10.346685	0.001843	0.004936	0.004249	-0.945427	-0.325628	-0.011590	0.325566	-0.945494	0.006955	-0.013223	0.002802	0.999909
04666	-0.131325	0.051977	10.347217	0.001768	0.004979	0.005468	-0.945417	-0.325656	-0.011592	0.325594	-0.945484	0.006938	-0.013220	0.002785	0.999909
04667	-0.120892	0.070967	10.347356	0.003167	0.006070	0.003684	-0.945421	-0.325643	-0.011622	0.325580	-0.945489	0.006955	-0.013253	0.002791	0.999908
04668	-0.124700	0.062630	10.357553	0.001840	0.005568	0.004841	-0.945417	-0.325655	-0.011640	0.325593	-0.945485	0.006939	-0.013265	0.002770	0.999908
04669	-0.125878	0.052911	10.348418	0.003138	0.004196	0.002516	-0.945432	-0.325613	-0.011624	0.325550	-0.945499	0.006955	-0.013255	0.002791	0.999908
04670	-0.128336	0.054181	10.358067	0.001269	0.005579	0.004192	-0.945432	-0.325612	-0.011641	0.325550	-0.945500	0.006924	-0.013261	0.002757	0.999908
04671	-0.137000	0.064707	10.346560	0.002414	0.004925	0.004898	-0.945427	-0.325626	-0.011642	0.325565	-0.945494	0.006923	-0.013262	0.002755	0.999908
04672	-0.128558	0.064308	10.347809	0.002416	0.004294	0.004306	-0.945427	-0.325627	-0.011628	0.325565	-0.945494	0.006921	-0.013248	0.002757	0.999908
04673	-0.121238	0.064593	10.358728	0.002379	0.004315	0.004916	-0.945422	-0.325643	-0.011614	0.325581	-0.945489	0.006919	-0.013234	0.002760	0.999909
04674	-0.130930	0.065512	10.347772	0.001916	0.005525	0.003622	-0.945427	-0.325625	-0.011631	0.325564	-0.945495	0.006904	-0.013246	0.002741	0.999909
04675	-0.123609	0.055428	10.349580	0.002952	0.003672	0.004973	-0.945422	-0.325642	-0.011601	0.325580	-0.945489	0.006916	-0.013221	0.002762	0.999909
04676	-0.127205	0.057450	10.368895	0.001841	0.005569	0.004841	-0.945418	-0.325653	-0.011619	0.325591	-0.945485	0.006900	-0.013233	0.002741	0.999909
04677	-0.125895	0.046410	10.340433	0.003674	0.003574	0.003184	-0.945428	-0.325626	-0.011587	0.325564	-0.945495	0.006930	-0.013212	0.002780	0.999909
04678	-0.119864	0.057776	10.370134	0.001197	0.004991	0.004818	-0.945423	-0.325638	-0.011590	0.325577	-0.945491	0.006899	-0.013204	0.002749	0.999909
04679	-0.128260	0.047700	10.340398	0.003707	0.004817	0.003759	-0.945428	-0.325624	-0.011589	0.325562	-0.945495	0.006930	-0.013214	0.002778	0.999909
04680	-0.130798	0.059661	10.359152	0.003022	0.004893	0.004939	-0.945423	-0.325640	-0.011590	0.325578	-0.945490	0.006943	-0.013219	0.002791	0.999909
04681	-0.111448	0.057502	10.352028	0.001772	0.003716	0.004284	-0.945423	-0.325641	-0.011560	0.325579	-0.945489	0.006925	-0.013185	0.002784	0.999909
04682	-0.126932	0.051608	10.380286	0.003136	0.004827	0.003110	-0.945433	-0.325612	-0.011560	0.325550	-0.945499	0.006941	-0.013190	0.002799	0.999909
04683	-0.128115	0.031576	10.362053	0.002411	0.005559	0.005491	-0.945423	-0.325640	-0.011577	0.325578	-0.945490	0.006940	-0.013205	0.002792	0.999909
04684	-0.125094	0.070965	10.359796	0.002523	0.006125	0.004254	-0.945422	-0.325640	-0.011608	0.325578	-0.945490	0.006941	-0.013235	0.002783	0.999909
04685	-0.117941	0.050652	10.352512	0.003593	0.004882	0.005589	-0.945412	-0.325672	-0.011608	0.325609	-0.945479	0.006969	-0.013245	0.002809	0.999908
04686	-0.126639	0.061341	10.340983	0.001344	0.006169	0.003563	-0.945417	-0.325655	-0.011641	0.325593	-0.945485	0.006941	-0.013266	0.002772	0.999908
04687	-0.119578	0.051106	10.342810	0.002452	0.004904	0.004289	-0.945417	-0.325655	-0.011642	0.325593	-0.945485	0.006940	-0.013267	0.002771	0.999908
04688	-0.118326	0.060728	10.332569	0.002419	0.003662	0.003715	-0.945319	-0.325936	-0.011712	0.325877	-0.945388	0.006743	-0.013270	0.002557	0.999909
04689	-0.123154	0.053181	10.352439	0.003132	0.006092	0.004294	-0.945321	-0.325930	-0.011742	0.325870	-0.945390	0.006759	-0.013304	0.002563	0.999908
04690	-0.131909	0.064036	10.340900	0.003096	0.005482	0.004312	-0.945322	-0.325927	-0.011758	0.325867	-0.945391	0.006774	-0.013324	0.002572	0.999908
04691	-0.125824	0.054797	10.352399	0.002950	0.003673	0.004975	-0.945321	-0.325931	-0.011729	0.325871	-0.945390	0.006786	-0.013300	0.002593	0.999908
04692	-0.115848	0.043348	10.334913	0.002380	0.003684	0.004324	-0.945322	-0.325930	-0.011699	0.325870	-0.945390	0.006783	-0.013271	0.002600	0.999909
04693	-0.116047	0.064065	10.343432	0.002524	0.006125	0.004254	-0.945324	-0.325920	-0.011731	0.325860	-0.945394	0.006784	-0.013301	0.002591	0.999908
04694	-0.130592	0.057593	10.362006	0.003063	0.004239	0.003738	-0.945327	-0.325915	-0.011715	0.325854	-0.945395	0.006798	-0.013291	0.002609	0.999908
04695	-0.142533	0.060165	10.370354	0.003025	0.004261	0.004348	-0.945326	-0.325916	-0.011700	0.325855	-0.945395	0.006811	-0.013281	0.002626	0.999908
