// General information: 
//  MT Manager version: 2022.2.0 
//  XDA version: 2022.2.0 build 7381 rev 124627 built on 2023-07-19
// Device information: 
//  DeviceId: 00B4CB9F
//  ProductCode: MTW2-3A7G6
//  Firmware Version: 4.6.0
//  Hardware Version: 2.0.0
// Device settings: 
//  Filter Profile: human(46.1)
//  Option Flags: Orientation Smoother Disabled, Position/Velocity Smoother Disabled, Continuous Zero Rotation Update Disabled, AHS Disabled, ICC Disabled
// Coordinate system: ENU
PacketCounter	Acc_X	Acc_Y	Acc_Z	Gyr_X	Gyr_Y	Gyr_Z	Mat[1][1]	Mat[2][1]	Mat[3][1]	Mat[1][2]	Mat[2][2]	Mat[3][2]	Mat[1][3]	Mat[2][3]	Mat[3][3]
04430	-0.130935	0.026660	9.707521	-0.004196	0.006160	-0.005542	-0.890875	-0.454116	-0.010926	0.454117	-0.890938	0.002550	-0.010892	-0.002690	0.999937
04431	-0.102283	0.028667	9.701561	-0.004196	0.006160	-0.005542	-0.890869	-0.454128	-0.010925	0.454129	-0.890932	0.002538	-0.010886	-0.002700	0.999937
04432	-0.085568	0.028361	9.713694	-0.004243	0.005501	-0.004345	-0.890858	-0.454151	-0.010907	0.454152	-0.890920	0.002526	-0.010864	-0.002703	0.999937
04433	-0.123425	0.015442	9.698371	-0.003682	0.004865	-0.003109	-0.890821	-0.454224	-0.010873	0.454224	-0.890884	0.002527	-0.010835	-0.002688	0.999938
04434	-0.115441	0.004884	9.708579	-0.003052	0.006159	-0.004246	-0.890802	-0.454262	-0.010872	0.454263	-0.890864	0.002544	-0.010841	-0.002672	0.999938
04435	-0.081716	0.045986	9.716276	-0.003015	0.006184	-0.004855	-0.890790	-0.454286	-0.010871	0.454286	-0.890852	0.002562	-0.010849	-0.002656	0.999938
04436	-0.111266	0.033124	9.711843	-0.004132	0.005575	-0.006173	-0.890790	-0.454285	-0.010855	0.454285	-0.890853	0.002552	-0.010830	-0.002658	0.999938
04437	-0.113873	0.031370	9.721491	-0.003736	0.006086	-0.003066	-0.890753	-0.454358	-0.010852	0.454359	-0.890815	0.002552	-0.010827	-0.002658	0.999938
04438	-0.111869	0.032748	9.692492	-0.004260	0.006747	-0.004912	-0.890740	-0.454384	-0.010866	0.454384	-0.890802	0.002539	-0.010833	-0.002676	0.999938
04439	-0.086062	0.022701	9.714868	-0.004334	0.006698	-0.003693	-0.890714	-0.454434	-0.010878	0.454435	-0.890777	0.002524	-0.010836	-0.002695	0.999938
04440	-0.115392	0.020148	9.701435	-0.004270	0.006112	-0.004324	-0.890688	-0.454484	-0.010875	0.454486	-0.890751	0.002510	-0.010828	-0.002707	0.999938
04441	-0.098421	0.030327	9.704618	-0.004308	0.006087	-0.003715	-0.890662	-0.454536	-0.010872	0.454537	-0.890724	0.002496	-0.010819	-0.002718	0.999938
04442	-0.092645	0.028606	9.725182	-0.003052	0.006160	-0.004246	-0.890649	-0.454561	-0.010871	0.454562	-0.890712	0.002513	-0.010825	-0.002703	0.999938
04443	-0.110267	0.017979	9.702644	-0.004906	0.006698	-0.004342	-0.890630	-0.454598	-0.010883	0.454599	-0.890693	0.002484	-0.010822	-0.002735	0.999938
04444	-0.122124	0.025952	9.702061	-0.002934	0.004353	-0.004920	-0.890623	-0.454613	-0.010836	0.454614	-0.890685	0.002504	-0.010790	-0.002696	0.999938
04445	-0.083581	0.028855	9.697433	-0.004880	0.006088	-0.004364	-0.890599	-0.454661	-0.010833	0.454663	-0.890660	0.002475	-0.010774	-0.002721	0.999938
04446	-0.113955	0.025512	9.693636	-0.003597	0.005550	-0.004916	-0.890589	-0.454681	-0.010817	0.454683	-0.890650	0.002479	-0.010761	-0.002711	0.999938
04447	-0.125363	0.013421	9.701323	-0.003090	0.006135	-0.003636	-0.890566	-0.454724	-0.010815	0.454726	-0.890628	0.002495	-0.010767	-0.002696	0.999938
04448	-0.110818	0.022237	9.723846	-0.003662	0.006136	-0.004285	-0.890509	-0.454836	-0.010871	0.454836	-0.890571	0.002682	-0.010901	-0.002556	0.999937
04449	-0.090114	0.034983	9.698087	-0.003607	0.004915	-0.004329	-0.890492	-0.454869	-0.010838	0.454868	-0.890555	0.002686	-0.010874	-0.002538	0.999938
04450	-0.099525	0.013983	9.695417	-0.003107	0.007382	-0.004202	-0.890479	-0.454894	-0.010868	0.454893	-0.890542	0.002702	-0.010907	-0.002537	0.999937
04451	-0.113680	0.030978	9.705181	-0.003710	0.005475	-0.003089	-0.890445	-0.454961	-0.010849	0.454960	-0.890508	0.002704	-0.010891	-0.002529	0.999937
04452	-0.115012	0.029858	9.705169	-0.005424	0.005478	-0.005036	-0.890430	-0.454991	-0.010831	0.454990	-0.890492	0.002662	-0.010856	-0.002558	0.999938
04453	-0.105489	0.030394	9.696772	-0.003063	0.005525	-0.003658	-0.890410	-0.455031	-0.010814	0.455030	-0.890472	0.002679	-0.010849	-0.002535	0.999938
04454	-0.098472	0.029548	9.707690	-0.003586	0.006187	-0.005504	-0.890403	-0.455045	-0.010814	0.455044	-0.890465	0.002683	-0.010850	-0.002532	0.999938
04455	-0.097960	0.019756	9.697321	-0.003689	0.006747	-0.004263	-0.890380	-0.455090	-0.010827	0.455089	-0.890442	0.002684	-0.010863	-0.002537	0.999938
04456	-0.111410	0.026965	9.706384	-0.003717	0.007358	-0.004241	-0.890370	-0.455108	-0.010856	0.455107	-0.890433	0.002685	-0.010889	-0.002550	0.999937
04457	-0.102518	0.017058	9.706946	-0.004309	0.006087	-0.003716	-0.890345	-0.455157	-0.010853	0.455156	-0.890408	0.002672	-0.010880	-0.002561	0.999938
04458	-0.083635	0.018511	9.699837	-0.003146	0.007357	-0.003592	-0.890324	-0.455198	-0.010882	0.455198	-0.890386	0.002687	-0.010912	-0.002561	0.999937
04459	-0.106520	0.024945	9.707618	-0.004178	0.004917	-0.004979	-0.890315	-0.455216	-0.010849	0.455215	-0.890378	0.002676	-0.010878	-0.002556	0.999938
04460	-0.107789	0.024055	9.707606	-0.003064	0.005525	-0.003658	-0.890281	-0.455282	-0.010832	0.455281	-0.890344	0.002694	-0.010871	-0.002534	0.999938
04461	-0.110161	0.032855	9.708296	-0.004260	0.006748	-0.004913	-0.890275	-0.455294	-0.010846	0.455294	-0.890337	0.002681	-0.010877	-0.002551	0.999938
04462	-0.101419	0.022809	9.708862	-0.004925	0.007945	-0.004909	-0.890258	-0.455326	-0.010889	0.455325	-0.890321	0.002651	-0.010902	-0.002598	0.999937
04463	-0.101024	0.012869	9.698486	-0.003662	0.006137	-0.004286	-0.890235	-0.455371	-0.010888	0.455371	-0.890298	0.002654	-0.010902	-0.002596	0.999937
04464	-0.122815	0.009670	9.705547	-0.002970	0.004330	-0.004312	-0.890208	-0.455425	-0.010840	0.455425	-0.890270	0.002673	-0.010868	-0.002557	0.999938
04465	-0.090260	0.049979	9.723181	-0.003662	0.006137	-0.004286	-0.890177	-0.455485	-0.010839	0.455485	-0.890240	0.002675	-0.010868	-0.002556	0.999938
04466	-0.088027	0.020798	9.711393	-0.003641	0.007410	-0.005460	-0.890162	-0.455514	-0.010869	0.455513	-0.890225	0.002678	-0.010896	-0.002567	0.999937
04467	-0.135099	-0.013201	9.702780	-0.004177	0.004917	-0.004980	-0.890139	-0.455561	-0.010837	0.455560	-0.890201	0.002667	-0.010862	-0.002563	0.999938
04468	-0.091478	0.039003	9.703137	-0.004415	0.006646	-0.002477	-0.890083	-0.455669	-0.010848	0.455669	-0.890145	0.002651	-0.010864	-0.002584	0.999938
04469	-0.096378	0.046067	9.723142	-0.003740	0.006086	-0.003067	-0.890042	-0.455749	-0.010845	0.455749	-0.890105	0.002651	-0.010861	-0.002583	0.999938
04470	-0.112091	0.015902	9.699093	-0.005478	0.006700	-0.004995	-0.890022	-0.455789	-0.010857	0.455789	-0.890084	0.002608	-0.010852	-0.002627	0.999938
04471	-0.114949	0.013874	9.708728	-0.004377	0.006672	-0.003086	-0.889980	-0.455870	-0.010868	0.455870	-0.890042	0.002593	-0.010855	-0.002647	0.999938
04472	-0.098644	0.044308	9.703805	-0.004349	0.006061	-0.003108	-0.889932	-0.455965	-0.010865	0.455965	-0.889994	0.002578	-0.010845	-0.002660	0.999938
04473	-0.107836	0.023071	9.701063	-0.004215	0.004892	-0.004371	-0.889894	-0.456039	-0.010832	0.456039	-0.889956	0.002566	-0.010810	-0.002656	0.999938
04474	-0.088173	0.004295	9.702232	-0.003651	0.006775	-0.004872	-0.889874	-0.456078	-0.010846	0.456079	-0.889936	0.002569	-0.010824	-0.002661	0.999938
04475	-0.121838	0.050475	9.692222	-0.002494	0.005525	-0.003008	-0.889825	-0.456173	-0.010829	0.456173	-0.889887	0.002601	-0.010823	-0.002626	0.999938
04476	-0.105201	0.050473	9.704478	-0.003740	0.006086	-0.003067	-0.889776	-0.456269	-0.010826	0.456269	-0.889838	0.002601	-0.010820	-0.002625	0.999938
04477	-0.105437	0.009124	9.720901	-0.003606	0.004917	-0.004331	-0.889739	-0.456342	-0.010794	0.456342	-0.889801	0.002605	-0.010793	-0.002608	0.999938
04478	-0.085473	0.031558	9.695997	-0.004891	0.005452	-0.003781	-0.889697	-0.456425	-0.010775	0.456425	-0.889758	0.002577	-0.010763	-0.002625	0.999939
04479	-0.111625	0.045605	9.723751	-0.005422	0.005479	-0.005041	-0.889666	-0.456485	-0.010757	0.456485	-0.889727	0.002535	-0.010727	-0.002655	0.999939
04480	-0.107837	0.016909	9.702280	-0.004919	0.006062	-0.003759	-0.889625	-0.456565	-0.010753	0.456566	-0.889686	0.002506	-0.010711	-0.002680	0.999939
04481	-0.101003	0.015967	9.713230	-0.002473	0.006799	-0.004180	-0.889592	-0.456629	-0.010768	0.456630	-0.889653	0.002538	-0.010738	-0.002659	0.999939
04482	-0.095784	0.045018	9.716697	-0.004367	0.007309	-0.003673	-0.889550	-0.456710	-0.010795	0.456711	-0.889611	0.002523	-0.010756	-0.002686	0.999939
04483	-0.121402	0.003675	9.700188	-0.003712	0.005476	-0.003090	-0.889505	-0.456799	-0.010777	0.456800	-0.889566	0.002524	-0.010740	-0.002678	0.999939
04484	-0.112466	0.024489	9.683641	-0.004880	0.006089	-0.004369	-0.889480	-0.456847	-0.010774	0.456848	-0.889541	0.002496	-0.010724	-0.002702	0.999939
04485	-0.080042	0.033687	9.718588	-0.004880	0.006089	-0.004369	-0.889457	-0.456891	-0.010771	0.456892	-0.889519	0.002468	-0.010708	-0.002726	0.999939
04486	-0.127314	0.030381	9.692659	-0.003003	0.006828	-0.005439	-0.889442	-0.456920	-0.010787	0.456921	-0.889504	0.002486	-0.010731	-0.002717	0.999939
04487	-0.116598	0.001204	9.691788	-0.004221	0.006777	-0.005523	-0.889436	-0.456931	-0.010801	0.456933	-0.889498	0.002474	-0.010738	-0.002735	0.999939
04488	-0.102441	0.040555	9.697333	-0.004282	0.005477	-0.003741	-0.889415	-0.456973	-0.010783	0.456975	-0.889476	0.002461	-0.010716	-0.002738	0.999939
04489	-0.081482	0.022567	9.688878	-0.004311	0.006088	-0.003718	-0.889391	-0.457021	-0.010780	0.457022	-0.889452	0.002447	-0.010706	-0.002750	0.999939
04490	-0.133114	0.026343	9.692593	-0.004225	0.004256	-0.003787	-0.889369	-0.457064	-0.010731	0.457065	-0.889430	0.002436	-0.010658	-0.002738	0.999939
04491	-0.088704	0.027802	9.718531	-0.003014	0.006191	-0.004853	-0.889356	-0.457089	-0.010730	0.457090	-0.889417	0.002454	-0.010666	-0.002722	0.999939
04492	-0.098233	0.037558	9.698623	-0.003663	0.006140	-0.004286	-0.889342	-0.457116	-0.010729	0.457117	-0.889403	0.002457	-0.010665	-0.002719	0.999939
04493	-0.106344	0.017232	9.686168	-0.004261	0.006751	-0.004914	-0.889335	-0.457130	-0.010742	0.457132	-0.889396	0.002444	-0.010671	-0.002737	0.999939
04494	-0.112545	0.023412	9.715822	-0.003674	0.005503	-0.003700	-0.889318	-0.457163	-0.010725	0.457164	-0.889379	0.002446	-0.010657	-0.002728	0.999939
04495	-0.104396	0.023318	9.717145	-0.003692	0.006750	-0.004263	-0.889309	-0.457182	-0.010738	0.457183	-0.889369	0.002448	-0.010669	-0.002733	0.999939
04496	-0.093504	0.035388	9.690267	-0.004340	0.006698	-0.003696	-0.889296	-0.457206	-0.010751	0.457208	-0.889356	0.002433	-0.010674	-0.002751	0.999939
04497	-0.116315	0.010845	9.715039	-0.003623	0.006167	-0.004895	-0.889286	-0.457224	-0.010750	0.457226	-0.889347	0.002437	-0.010674	-0.002748	0.999939
04498	-0.126829	0.030229	9.695858	-0.003612	0.006804	-0.005481	-0.889293	-0.457211	-0.010765	0.457212	-0.889354	0.002440	-0.010689	-0.002752	0.999939
04499	-0.088765	0.022681	9.700486	-0.005472	0.004815	-0.003849	-0.889287	-0.457225	-0.010730	0.457227	-0.889347	0.002397	-0.010639	-0.002774	0.999940
04500	-0.102222	0.019269	9.718419	-0.001768	0.005633	-0.004791	-0.889293	-0.457213	-0.010716	0.457215	-0.889353	0.002447	-0.010649	-0.002723	0.999940
04501	-0.112921	0.028165	9.708151	-0.005041	0.005982	-0.001934	-0.889266	-0.457265	-0.010710	0.457266	-0.889326	0.002416	-0.010629	-0.002749	0.999940
04502	-0.113040	0.027886	9.698494	-0.004243	0.005504	-0.004351	-0.889265	-0.457267	-0.010692	0.457269	-0.889325	0.002403	-0.010608	-0.002752	0.999940
04503	-0.094256	0.018933	9.700442	-0.003054	0.006166	-0.004243	-0.889275	-0.457247	-0.010691	0.457249	-0.889335	0.002421	-0.010615	-0.002735	0.999940
04504	-0.106312	0.026978	9.699817	-0.003703	0.006114	-0.003677	-0.889275	-0.457248	-0.010689	0.457249	-0.889335	0.002423	-0.010614	-0.002733	0.999940
04505	-0.125859	0.025211	9.687452	-0.004341	0.006699	-0.003696	-0.889278	-0.457241	-0.010701	0.457243	-0.889338	0.002409	-0.010618	-0.002751	0.999940
04506	-0.091428	0.025641	9.712141	-0.004921	0.006062	-0.003762	-0.889284	-0.457230	-0.010697	0.457232	-0.889344	0.002380	-0.010602	-0.002775	0.999940
04507	-0.101829	0.044651	9.692974	-0.005530	0.006036	-0.003804	-0.889294	-0.457210	-0.010693	0.457213	-0.889354	0.002336	-0.010578	-0.002812	0.999940
04508	-0.104090	0.022342	9.710760	-0.004261	0.006753	-0.004914	-0.889313	-0.457173	-0.010707	0.457176	-0.889373	0.002323	-0.010584	-0.002829	0.999940
04509	-0.104296	0.022305	9.701104	-0.003065	0.005529	-0.003657	-0.889318	-0.457164	-0.010690	0.457166	-0.889378	0.002341	-0.010577	-0.002805	0.999940
04510	-0.105791	0.021410	9.701090	-0.004221	0.006780	-0.005523	-0.889351	-0.457100	-0.010704	0.457103	-0.889411	0.002329	-0.010585	-0.002822	0.999940
04511	-0.110165	0.049513	9.703312	-0.003704	0.006114	-0.003677	-0.889360	-0.457082	-0.010702	0.457085	-0.889420	0.002331	-0.010584	-0.002819	0.999940
04512	-0.118551	0.018559	9.699695	-0.004870	0.006727	-0.004957	-0.889387	-0.457030	-0.010715	0.457033	-0.889447	0.002303	-0.010583	-0.002849	0.999940
04513	-0.100916	0.019088	9.702410	-0.004302	0.006726	-0.004305	-0.889404	-0.456997	-0.010728	0.457000	-0.889464	0.002290	-0.010588	-0.002866	0.999940
04514	-0.093356	0.039126	9.695621	-0.004202	0.005532	-0.004961	-0.889429	-0.456947	-0.010711	0.456951	-0.889489	0.002279	-0.010569	-0.002868	0.999940
04515	-0.097218	0.036357	9.714893	-0.004173	0.004922	-0.004985	-0.889454	-0.456900	-0.010679	0.456904	-0.889513	0.002268	-0.010535	-0.002862	0.999940
04516	-0.110174	-0.002414	9.680221	-0.003664	0.006142	-0.004286	-0.889474	-0.456862	-0.010677	0.456865	-0.889533	0.002271	-0.010535	-0.002858	0.999940
04517	-0.099929	0.044977	9.705980	-0.004321	0.007975	-0.004867	-0.889499	-0.456811	-0.010722	0.456814	-0.889559	0.002257	-0.010568	-0.002890	0.999940
04518	-0.098458	0.025560	9.694824	-0.003096	0.006140	-0.003634	-0.889520	-0.456771	-0.010720	0.456775	-0.889579	0.002274	-0.010575	-0.002874	0.999940
04519	-0.120944	0.011550	9.710583	-0.004261	0.006754	-0.004915	-0.889551	-0.456710	-0.010734	0.456714	-0.889611	0.002261	-0.010581	-0.002891	0.999940
04520	-0.102894	0.022883	9.704435	-0.003055	0.006168	-0.004243	-0.889562	-0.456688	-0.010733	0.456691	-0.889622	0.002279	-0.010589	-0.002874	0.999940
04521	-0.105338	0.031817	9.705174	-0.003096	0.006141	-0.003634	-0.889562	-0.456688	-0.010731	0.456691	-0.889622	0.002296	-0.010595	-0.002858	0.999940
04522	-0.105953	0.021219	9.704406	-0.004302	0.006726	-0.004306	-0.889589	-0.456636	-0.010744	0.456640	-0.889649	0.002283	-0.010601	-0.002876	0.999940
04523	-0.127580	0.028195	9.702383	-0.004172	0.004922	-0.004986	-0.889620	-0.456576	-0.010712	0.456579	-0.889680	0.002272	-0.010568	-0.002869	0.999940
04524	-0.099972	0.029972	9.706519	-0.001767	0.005638	-0.004789	-0.889648	-0.456521	-0.010698	0.456524	-0.889708	0.002322	-0.010578	-0.002818	0.999940
04525	-0.098779	0.031056	9.687232	-0.003746	0.006087	-0.003068	-0.889660	-0.456498	-0.010695	0.456501	-0.889720	0.002323	-0.010576	-0.002815	0.999940
04526	-0.112224	0.038036	9.696227	-0.004344	0.006699	-0.003697	-0.889679	-0.456461	-0.010707	0.456464	-0.889739	0.002309	-0.010580	-0.002833	0.999940
04527	-0.114139	0.026407	9.705091	-0.004273	0.006116	-0.004330	-0.889703	-0.456414	-0.010705	0.456417	-0.889763	0.002296	-0.010573	-0.002843	0.999940
04528	-0.105922	0.026272	9.706467	-0.003675	0.005504	-0.003701	-0.889689	-0.456439	-0.010768	0.456440	-0.889751	0.002478	-0.010712	-0.002711	0.999939
04529	-0.107337	0.025441	9.706454	-0.003096	0.006141	-0.003634	-0.889702	-0.456416	-0.010767	0.456417	-0.889763	0.002495	-0.010719	-0.002694	0.999939
04530	-0.108904	0.024676	9.706438	-0.003127	0.006752	-0.003610	-0.889715	-0.456388	-0.010781	0.456389	-0.889777	0.002512	-0.010739	-0.002685	0.999939
04531	-0.099518	0.025355	9.698182	-0.005449	0.006091	-0.005027	-0.889747	-0.456327	-0.010778	0.456328	-0.889808	0.002470	-0.010717	-0.002721	0.999939
04532	-0.111733	0.033067	9.697534	-0.003807	0.007308	-0.003021	-0.889758	-0.456305	-0.010806	0.456307	-0.889819	0.002470	-0.010742	-0.002733	0.999939
04533	-0.102703	0.023381	9.698154	-0.003066	0.005531	-0.003658	-0.889761	-0.456300	-0.010789	0.456301	-0.889822	0.002488	-0.010735	-0.002709	0.999939
04534	-0.107660	0.030543	9.718174	-0.002984	0.005587	-0.004876	-0.889791	-0.456241	-0.010774	0.456242	-0.889852	0.002508	-0.010731	-0.002684	0.999939
04535	-0.086296	0.023578	9.700929	-0.003127	0.006752	-0.003610	-0.889804	-0.456215	-0.010787	0.456216	-0.889866	0.002525	-0.010751	-0.002675	0.999939
04536	-0.109329	0.029776	9.708512	-0.004242	0.005506	-0.004355	-0.889829	-0.456167	-0.010770	0.456168	-0.889890	0.002513	-0.010731	-0.002677	0.999939
04537	-0.090085	0.031320	9.701674	-0.004284	0.005478	-0.003746	-0.889848	-0.456131	-0.010752	0.456132	-0.889909	0.002501	-0.010709	-0.002679	0.999939
04538	-0.103917	0.027479	9.719524	-0.005551	0.007285	-0.004371	-0.889871	-0.456085	-0.010779	0.456087	-0.889932	0.002457	-0.010713	-0.002730	0.999939
04539	-0.085190	0.018447	9.721557	-0.002953	0.004977	-0.004900	-0.889903	-0.456023	-0.010749	0.456025	-0.889964	0.002477	-0.010696	-0.002697	0.999939
04540	-0.106618	0.036113	9.710632	-0.004406	0.007920	-0.003650	-0.889921	-0.455987	-0.010792	0.455989	-0.889982	0.002462	-0.010727	-0.002730	0.999939
04541	-0.108623	0.024619	9.719480	-0.002983	0.005588	-0.004876	-0.889948	-0.455936	-0.010776	0.455937	-0.890009	0.002482	-0.010723	-0.002704	0.999939
04542	-0.097759	0.026520	9.701614	-0.003097	0.006142	-0.003634	-0.889963	-0.455906	-0.010775	0.455907	-0.890024	0.002499	-0.010730	-0.002688	0.999939
04543	-0.111187	0.033697	9.710589	-0.003056	0.006170	-0.004243	-0.889982	-0.455868	-0.010774	0.455869	-0.890043	0.002518	-0.010737	-0.002671	0.999939
04544	-0.104319	0.032822	9.721623	-0.003676	0.005505	-0.003702	-0.889998	-0.455837	-0.010757	0.455837	-0.890059	0.002521	-0.010723	-0.002660	0.999939
04545	-0.095209	0.023011	9.722254	-0.004304	0.006727	-0.004307	-0.890018	-0.455798	-0.010770	0.455799	-0.890079	0.002508	-0.010729	-0.002677	0.999939
04546	-0.107224	0.030866	9.721597	-0.003645	0.004894	-0.003727	-0.890031	-0.455774	-0.010737	0.455775	-0.890092	0.002511	-0.010702	-0.002659	0.999939
04547	-0.106252	0.021115	9.711181	-0.004231	0.006145	-0.004940	-0.890060	-0.455718	-0.010736	0.455719	-0.890120	0.002500	-0.010696	-0.002667	0.999939
04548	-0.097758	0.031732	9.703731	-0.002531	0.006141	-0.002980	-0.890062	-0.455713	-0.010735	0.455714	-0.890123	0.002532	-0.010709	-0.002638	0.999939
04549	-0.089844	0.031602	9.705139	-0.005540	0.007923	-0.004957	-0.890089	-0.455659	-0.010778	0.455660	-0.890150	0.002488	-0.010727	-0.002697	0.999939
04550	-0.109816	0.019066	9.701502	-0.003707	0.006116	-0.003678	-0.890101	-0.455637	-0.010776	0.455638	-0.890162	0.002490	-0.010727	-0.002693	0.999939
04551	-0.102664	0.028568	9.703690	-0.004797	0.006147	-0.005594	-0.890129	-0.455581	-0.010774	0.455582	-0.890190	0.002464	-0.010714	-0.002715	0.999939
04552	-0.096937	0.037088	9.715511	-0.004304	0.006728	-0.004308	-0.890148	-0.455544	-0.010788	0.455545	-0.890209	0.002451	-0.010720	-0.002732	0.999939
04553	-0.094752	0.028324	9.695463	-0.003025	0.005561	-0.004267	-0.890165	-0.455512	-0.010772	0.455513	-0.890226	0.002471	-0.010715	-0.002707	0.999939
04554	-0.106076	0.015895	9.702871	-0.004893	0.005451	-0.003793	-0.890177	-0.455487	-0.010753	0.455489	-0.890238	0.002443	-0.010685	-0.002723	0.999939
04555	-0.102246	0.043847	9.716258	-0.003696	0.006755	-0.004263	-0.890196	-0.455450	-0.010767	0.455451	-0.890257	0.002445	-0.010699	-0.002727	0.999939
04556	-0.109205	0.014013	9.702840	-0.003044	0.006811	-0.004827	-0.890219	-0.455405	-0.010782	0.455406	-0.890280	0.002464	-0.010721	-0.002717	0.999939
04557	-0.093798	0.023613	9.716104	-0.004285	0.005478	-0.003748	-0.890236	-0.455372	-0.010764	0.455374	-0.890297	0.002451	-0.010699	-0.002719	0.999939
04558	-0.115143	0.041176	9.705156	-0.003781	0.006698	-0.003045	-0.890240	-0.455364	-0.010776	0.455366	-0.890301	0.002452	-0.010711	-0.002724	0.999939
04559	-0.095110	0.033152	9.697608	-0.004316	0.006089	-0.003724	-0.890256	-0.455333	-0.010774	0.455335	-0.890317	0.002439	-0.010702	-0.002734	0.999939
04560	-0.109071	0.029310	9.715409	-0.004987	0.007283	-0.003720	-0.890265	-0.455314	-0.010801	0.455316	-0.890327	0.002409	-0.010713	-0.002773	0.999939
04561	-0.110473	0.038831	9.706551	-0.003855	0.007280	-0.002411	-0.890265	-0.455315	-0.010828	0.455317	-0.890326	0.002408	-0.010736	-0.002786	0.999938
04562	-0.102479	0.038701	9.707980	-0.004316	0.006089	-0.003724	-0.890278	-0.455288	-0.010825	0.455290	-0.890340	0.002395	-0.010728	-0.002796	0.999939
04563	-0.110235	0.018477	9.695323	-0.003099	0.006144	-0.003633	-0.890286	-0.455273	-0.010823	0.455275	-0.890348	0.002412	-0.010735	-0.002780	0.999939
04564	-0.096221	0.027234	9.718240	-0.003579	0.006203	-0.005505	-0.890325	-0.455197	-0.010823	0.455199	-0.890386	0.002417	-0.010737	-0.002775	0.999939
04565	-0.104677	0.027237	9.697528	-0.004347	0.006700	-0.003699	-0.890339	-0.455169	-0.010836	0.455171	-0.890401	0.002403	-0.010742	-0.002792	0.999938
04566	-0.104235	0.006881	9.695936	-0.003750	0.006087	-0.003070	-0.890346	-0.455156	-0.010833	0.455158	-0.890407	0.002405	-0.010740	-0.002790	0.999938
04567	-0.118334	0.034220	9.696837	-0.003056	0.006173	-0.004242	-0.890361	-0.455125	-0.010832	0.455127	-0.890423	0.002423	-0.010748	-0.002773	0.999938
04568	-0.109137	0.024584	9.697486	-0.003676	0.005506	-0.003704	-0.890370	-0.455110	-0.010815	0.455112	-0.890431	0.002426	-0.010734	-0.002762	0.999939
04569	-0.102454	0.023623	9.708549	-0.003727	0.007367	-0.004238	-0.890390	-0.455070	-0.010844	0.455072	-0.890451	0.002428	-0.010761	-0.002773	0.999938
04570	-0.094561	0.023735	9.709990	-0.002479	0.006812	-0.004171	-0.890404	-0.455041	-0.010860	0.455043	-0.890466	0.002460	-0.010790	-0.002751	0.999938
04571	-0.105306	0.032718	9.699687	-0.003633	0.005535	-0.004313	-0.890424	-0.455003	-0.010843	0.455005	-0.890486	0.002464	-0.010777	-0.002739	0.999938
04572	-0.097178	0.032478	9.701134	-0.005479	0.006703	-0.005009	-0.890453	-0.454945	-0.010856	0.454947	-0.890515	0.002422	-0.010769	-0.002782	0.999938
04573	-0.098740	0.031358	9.701122	-0.003665	0.006146	-0.004288	-0.890467	-0.454919	-0.010854	0.454921	-0.890528	0.002425	-0.010769	-0.002779	0.999938
04574	-0.110777	0.039329	9.700442	-0.003111	0.005504	-0.003049	-0.890481	-0.454891	-0.010837	0.454893	-0.890543	0.002442	-0.010762	-0.002755	0.999938
04575	-0.100567	0.020089	9.700303	-0.003056	0.006174	-0.004242	-0.890503	-0.454848	-0.010836	0.454850	-0.890565	0.002461	-0.010770	-0.002738	0.999938
04576	-0.092219	0.020078	9.701757	-0.004222	0.004257	-0.003800	-0.890515	-0.454826	-0.010788	0.454828	-0.890576	0.002450	-0.010722	-0.002725	0.999939
04577	-0.114157	0.016326	9.708434	-0.004392	0.006671	-0.003091	-0.890521	-0.454815	-0.010799	0.454816	-0.890582	0.002435	-0.010725	-0.002743	0.999939
04578	-0.108572	0.025033	9.720304	-0.003088	0.006785	-0.004217	-0.890538	-0.454780	-0.010814	0.454782	-0.890600	0.002453	-0.010746	-0.002734	0.999939
04579	-0.100450	0.025079	9.721760	-0.003720	0.005477	-0.003096	-0.890549	-0.454759	-0.010796	0.454761	-0.890610	0.002455	-0.010731	-0.002723	0.999939
04580	-0.108339	0.035795	9.692212	-0.003578	0.006206	-0.005506	-0.890587	-0.454685	-0.010796	0.454687	-0.890648	0.002460	-0.010734	-0.002718	0.999939
04581	-0.099794	0.015391	9.701691	-0.004500	0.007862	-0.002433	-0.890592	-0.454674	-0.010838	0.454675	-0.890654	0.002443	-0.010763	-0.002752	0.999938
04582	-0.102354	0.024001	9.702477	-0.004253	0.004868	-0.003776	-0.890607	-0.454645	-0.010804	0.454647	-0.890668	0.002431	-0.010728	-0.002747	0.999939
04583	-0.104689	0.032549	9.703268	-0.005013	0.006003	-0.002554	-0.890614	-0.454632	-0.010799	0.454635	-0.890675	0.002401	-0.010710	-0.002771	0.999939
04584	-0.092678	0.024655	9.684692	-0.003068	0.005535	-0.003658	-0.890626	-0.454608	-0.010783	0.454610	-0.890687	0.002419	-0.010704	-0.002747	0.999939
04585	-0.106420	0.021058	9.702440	-0.003633	0.005537	-0.004313	-0.890649	-0.454564	-0.010766	0.454566	-0.890710	0.002423	-0.010691	-0.002736	0.999939
04586	-0.108787	0.029849	9.703231	-0.003589	0.005566	-0.004922	-0.890674	-0.454516	-0.010750	0.454518	-0.890734	0.002428	-0.010679	-0.002724	0.999939
04587	-0.108808	0.029825	9.693599	-0.004317	0.006090	-0.003726	-0.890682	-0.454499	-0.010748	0.454501	-0.890743	0.002415	-0.010671	-0.002734	0.999939
04588	-0.100697	0.029894	9.695069	-0.002360	0.006263	-0.005413	-0.890709	-0.454447	-0.010749	0.454449	-0.890770	0.002450	-0.010689	-0.002702	0.999939
04589	-0.093610	0.039573	9.697348	-0.004882	0.006091	-0.004382	-0.890729	-0.454408	-0.010747	0.454409	-0.890790	0.002423	-0.010674	-0.002725	0.999939
04590	-0.105536	0.016305	9.713471	-0.004262	0.006760	-0.004918	-0.890753	-0.454361	-0.010761	0.454363	-0.890813	0.002411	-0.010681	-0.002741	0.999939
04591	-0.106795	0.025877	9.704646	-0.004350	0.006700	-0.003701	-0.890766	-0.454334	-0.010773	0.454336	-0.890827	0.002398	-0.010686	-0.002759	0.999939
04592	-0.097484	0.026655	9.696503	-0.004382	0.007311	-0.003676	-0.890775	-0.454316	-0.010801	0.454319	-0.890836	0.002383	-0.010704	-0.002784	0.999939
04593	-0.108801	0.024771	9.694996	-0.003697	0.006759	-0.004263	-0.890792	-0.454283	-0.010815	0.454285	-0.890853	0.002385	-0.010718	-0.002788	0.999939
04594	-0.112958	0.032660	9.705405	-0.003077	0.007427	-0.004799	-0.890815	-0.454237	-0.010846	0.454239	-0.890876	0.002403	-0.010754	-0.002786	0.999938
04595	-0.104679	0.043337	9.698079	-0.003874	0.006639	-0.001828	-0.890801	-0.454265	-0.010856	0.454267	-0.890862	0.002401	-0.010762	-0.002793	0.999938
04596	-0.094266	0.034666	9.689135	-0.003044	0.006817	-0.004825	-0.890826	-0.454215	-0.010872	0.454217	-0.890888	0.002420	-0.010785	-0.002783	0.999938
04597	-0.116467	0.031089	9.695739	-0.003665	0.006148	-0.004289	-0.890845	-0.454178	-0.010871	0.454180	-0.890907	0.002423	-0.010785	-0.002779	0.999938
04598	-0.097262	0.033022	9.689111	-0.003024	0.005566	-0.004267	-0.890863	-0.454142	-0.010855	0.454144	-0.890925	0.002442	-0.010780	-0.002754	0.999938
04599	-0.100545	0.020524	9.707516	-0.004350	0.006701	-0.003702	-0.890874	-0.454121	-0.010867	0.454123	-0.890936	0.002428	-0.010785	-0.002772	0.999938
04600	-0.112737	0.028165	9.706812	-0.004926	0.006062	-0.003775	-0.890883	-0.454103	-0.010864	0.454105	-0.890945	0.002400	-0.010769	-0.002795	0.999938
04601	-0.114225	0.027185	9.706798	-0.003056	0.006177	-0.004242	-0.890898	-0.454074	-0.010863	0.454076	-0.890960	0.002418	-0.010777	-0.002778	0.999938
04602	-0.104703	0.028226	9.698675	-0.003620	0.006179	-0.004898	-0.890930	-0.454012	-0.010863	0.454014	-0.890991	0.002423	-0.010778	-0.002773	0.999938
04603	-0.109039	0.025473	9.717889	-0.003101	0.006147	-0.003633	-0.890942	-0.453987	-0.010861	0.453989	-0.891004	0.002440	-0.010785	-0.002757	0.999938
04604	-0.099434	0.026582	9.709772	-0.003068	0.005536	-0.003659	-0.890948	-0.453976	-0.010845	0.453977	-0.891010	0.002458	-0.010779	-0.002733	0.999938
04605	-0.102366	0.024873	9.719371	-0.002955	0.006879	-0.006042	-0.890984	-0.453905	-0.010862	0.453906	-0.891046	0.002479	-0.010803	-0.002722	0.999938
04606	-0.101483	0.015342	9.708925	-0.003710	0.006118	-0.003680	-0.891001	-0.453871	-0.010860	0.453872	-0.891063	0.002481	-0.010803	-0.002718	0.999938
04607	-0.102514	0.025010	9.700118	-0.004241	0.005510	-0.004363	-0.891022	-0.453830	-0.010842	0.453832	-0.891084	0.002470	-0.010782	-0.002720	0.999938
04608	-0.111956	0.024104	9.688979	-0.003644	0.004897	-0.003732	-0.891120	-0.453639	-0.010767	0.453640	-0.891181	0.002482	-0.010721	-0.002673	0.999939
04609	-0.105053	0.023229	9.700096	-0.002979	0.005597	-0.004876	-0.891150	-0.453581	-0.010752	0.453582	-0.891211	0.002502	-0.010717	-0.002648	0.999939
04610	-0.100319	0.041698	9.712857	-0.003677	0.005508	-0.003706	-0.891164	-0.453554	-0.010735	0.453555	-0.891225	0.002505	-0.010703	-0.002637	0.999939
04611	-0.097913	0.033071	9.692800	-0.003608	0.006821	-0.005481	-0.891199	-0.453484	-0.010750	0.453485	-0.891260	0.002509	-0.010719	-0.002639	0.999939
04612	-0.120449	0.018965	9.708142	-0.001762	0.005655	-0.004781	-0.891219	-0.453446	-0.010737	0.453446	-0.891280	0.002560	-0.010730	-0.002587	0.999939
04613	-0.092536	0.031676	9.703910	-0.003690	0.004866	-0.003124	-0.891218	-0.453450	-0.010703	0.453450	-0.891278	0.002562	-0.010701	-0.002570	0.999939
04614	-0.103474	0.029858	9.702375	-0.003711	0.006119	-0.003681	-0.891232	-0.453421	-0.010701	0.453421	-0.891293	0.002565	-0.010701	-0.002566	0.999939
04615	-0.106470	0.027899	9.711972	-0.004307	0.006731	-0.004312	-0.891249	-0.453388	-0.010714	0.453389	-0.891309	0.002552	-0.010707	-0.002583	0.999939
04616	-0.117487	0.025939	9.710431	-0.004208	0.004899	-0.004389	-0.891272	-0.453343	-0.010682	0.453343	-0.891332	0.002541	-0.010673	-0.002577	0.999940
04617	-0.089960	0.027731	9.715006	-0.003542	0.005600	-0.005533	-0.891308	-0.453272	-0.010667	0.453272	-0.891368	0.002547	-0.010663	-0.002564	0.999940
04618	-0.110043	0.035440	9.703154	-0.005515	0.004780	-0.003268	-0.891315	-0.453259	-0.010631	0.453259	-0.891375	0.002505	-0.010612	-0.002586	0.999940
04619	-0.088772	0.017994	9.694939	-0.001952	0.007427	-0.003484	-0.891321	-0.453248	-0.010662	0.453248	-0.891381	0.002551	-0.010660	-0.002559	0.999940
04620	-0.101462	0.015267	9.703000	-0.004792	0.006154	-0.005603	-0.891355	-0.453180	-0.010661	0.453180	-0.891415	0.002526	-0.010648	-0.002580	0.999940
04621	-0.120404	0.023954	9.681527	-0.004262	0.006762	-0.004920	-0.891381	-0.453130	-0.010675	0.453130	-0.891441	0.002514	-0.010655	-0.002596	0.999940
04622	-0.104140	0.023841	9.694193	-0.003633	0.005539	-0.004316	-0.891398	-0.453096	-0.010658	0.453096	-0.891458	0.002518	-0.010642	-0.002585	0.999940
04623	-0.106997	0.021883	9.703788	-0.004320	0.006090	-0.003729	-0.891405	-0.453082	-0.010655	0.453082	-0.891465	0.002504	-0.010633	-0.002595	0.999940
04624	-0.110927	0.029603	9.714214	-0.003542	0.005601	-0.005533	-0.891441	-0.453012	-0.010640	0.453012	-0.891501	0.002510	-0.010623	-0.002582	0.999940
04625	-0.099175	0.011202	9.704469	-0.004320	0.006090	-0.003729	-0.891451	-0.452993	-0.010637	0.452994	-0.891510	0.002497	-0.010614	-0.002592	0.999940
04626	-0.103937	0.039381	9.706955	-0.002483	0.006819	-0.004167	-0.891459	-0.452976	-0.010653	0.452976	-0.891519	0.002530	-0.010643	-0.002570	0.999940
04627	-0.093622	0.030854	9.698043	-0.003767	0.007982	-0.004211	-0.891474	-0.452945	-0.010697	0.452945	-0.891535	0.002530	-0.010683	-0.002589	0.999940
04628	-0.114919	0.017431	9.703707	-0.003666	0.006150	-0.004290	-0.891491	-0.452911	-0.010696	0.452912	-0.891552	0.002534	-0.010683	-0.002586	0.999940
04629	-0.113112	0.029024	9.675709	-0.004883	0.006092	-0.004387	-0.891509	-0.452877	-0.010693	0.452878	-0.891569	0.002506	-0.010669	-0.002608	0.999940
04630	-0.091556	0.026871	9.718767	-0.003024	0.005569	-0.004268	-0.891520	-0.452856	-0.010677	0.452857	-0.891580	0.002525	-0.010663	-0.002584	0.999940
04631	-0.102182	0.035561	9.708437	-0.005492	0.006063	-0.004436	-0.891540	-0.452816	-0.010674	0.452817	-0.891600	0.002483	-0.010641	-0.002620	0.999940
04632	-0.110868	0.024668	9.696428	-0.005042	0.007251	-0.003118	-0.891540	-0.452815	-0.010700	0.452816	-0.891601	0.002452	-0.010650	-0.002659	0.999940
04633	-0.111034	0.024667	9.686808	-0.003104	0.006149	-0.003632	-0.891545	-0.452806	-0.010699	0.452807	-0.891605	0.002469	-0.010657	-0.002643	0.999940
04634	-0.105466	0.033371	9.698793	-0.004229	0.006153	-0.004948	-0.891572	-0.452753	-0.010698	0.452754	-0.891632	0.002458	-0.010651	-0.002652	0.999940
04635	-0.116541	0.031382	9.697223	-0.004413	0.006028	-0.002513	-0.891574	-0.452749	-0.010693	0.452750	-0.891634	0.002443	-0.010641	-0.002663	0.999940
04636	-0.108499	0.031252	9.698767	-0.004263	0.006764	-0.004921	-0.891595	-0.452708	-0.010707	0.452709	-0.891655	0.002431	-0.010648	-0.002679	0.999940
04637	-0.108685	0.031353	9.689148	-0.003046	0.006823	-0.004823	-0.891616	-0.452665	-0.010723	0.452666	-0.891677	0.002450	-0.010670	-0.002669	0.999940
04638	-0.112116	0.018649	9.707496	-0.005353	0.006158	-0.006263	-0.891655	-0.452589	-0.010722	0.452590	-0.891715	0.002410	-0.010651	-0.002703	0.999940
04639	-0.094196	0.030157	9.701850	-0.003034	0.007465	-0.005405	-0.891687	-0.452525	-0.010753	0.452526	-0.891748	0.002429	-0.010688	-0.002700	0.999939
04640	-0.116115	0.037124	9.699548	-0.003713	0.006120	-0.003682	-0.891697	-0.452506	-0.010751	0.452507	-0.891758	0.002431	-0.010687	-0.002697	0.999939
04641	-0.095789	0.029289	9.692223	-0.004803	0.005513	-0.005024	-0.891725	-0.452450	-0.010734	0.452452	-0.891786	0.002406	-0.010661	-0.002711	0.999939
04642	-0.084583	0.031122	9.674580	-0.004334	0.005448	-0.003149	-0.891735	-0.452431	-0.010715	0.452433	-0.891795	0.002393	-0.010638	-0.002714	0.999940
04643	-0.108665	0.015650	9.699383	-0.003080	0.007434	-0.004796	-0.891764	-0.452373	-0.010745	0.452375	-0.891825	0.002410	-0.010673	-0.002711	0.999939
04644	-0.123547	0.032060	9.709090	-0.004884	0.006093	-0.004389	-0.891786	-0.452329	-0.010743	0.452331	-0.891847	0.002383	-0.010659	-0.002734	0.999939
04645	-0.103114	0.034818	9.693020	-0.004424	0.007923	-0.003651	-0.891795	-0.452310	-0.010785	0.452312	-0.891856	0.002368	-0.010690	-0.002767	0.999939
04646	-0.093058	0.015438	9.692882	-0.003620	0.006184	-0.004899	-0.891819	-0.452264	-0.010785	0.452266	-0.891880	0.002372	-0.010692	-0.002763	0.999939
04647	-0.099447	0.042522	9.705019	-0.003782	0.007342	-0.003628	-0.891831	-0.452239	-0.010814	0.452241	-0.891893	0.002372	-0.010718	-0.002775	0.999939
04648	-0.119106	0.029990	9.700996	-0.004194	0.005544	-0.004975	-0.891853	-0.452197	-0.010798	0.452199	-0.891914	0.002362	-0.010699	-0.002776	0.999939
04649	-0.090668	0.022193	9.704873	-0.003620	0.006184	-0.004899	-0.891876	-0.452152	-0.010797	0.452154	-0.891937	0.002366	-0.010700	-0.002771	0.999939
04650	-0.093640	0.020062	9.714460	-0.005492	0.006063	-0.004440	-0.891899	-0.452105	-0.010794	0.452108	-0.891960	0.002324	-0.010678	-0.002807	0.999939
04651	-0.105418	0.038550	9.704972	-0.001982	0.006146	-0.002315	-0.891897	-0.452109	-0.010792	0.452111	-0.891958	0.002370	-0.010697	-0.002765	0.999939
04652	-0.112744	0.018381	9.692068	-0.005411	0.005484	-0.005075	-0.891923	-0.452058	-0.010774	0.452061	-0.891984	0.002329	-0.010663	-0.002793	0.999939
04653	-0.098815	0.037478	9.706535	-0.003643	0.007438	-0.005454	-0.891954	-0.451997	-0.010805	0.451999	-0.892015	0.002333	-0.010693	-0.002803	0.999939
04654	-0.100855	0.026027	9.715262	-0.002591	0.006116	-0.002365	-0.891951	-0.452004	-0.010803	0.452006	-0.892012	0.002363	-0.010705	-0.002775	0.999939
04655	-0.111544	0.034996	9.704917	-0.003667	0.006153	-0.004291	-0.891968	-0.451969	-0.010802	0.451971	-0.892029	0.002367	-0.010705	-0.002771	0.999939
04656	-0.113044	0.034099	9.704903	-0.003620	0.006185	-0.004899	-0.891994	-0.451919	-0.010801	0.451921	-0.892055	0.002371	-0.010707	-0.002767	0.999939
04657	-0.107941	0.032034	9.725675	-0.004275	0.006123	-0.004341	-0.892009	-0.451890	-0.010799	0.451892	-0.892070	0.002358	-0.010699	-0.002776	0.999939
04658	-0.101321	0.015742	9.685559	-0.004310	0.006734	-0.004314	-0.892025	-0.451856	-0.010812	0.451858	-0.892087	0.002345	-0.010705	-0.002793	0.999939
04659	-0.106906	0.022385	9.705596	-0.003633	0.005542	-0.004318	-0.892036	-0.451834	-0.010796	0.451837	-0.892097	0.002349	-0.010692	-0.002782	0.999939
04660	-0.106762	0.022734	9.695987	-0.001855	0.005600	-0.003559	-0.892047	-0.451813	-0.010781	0.451815	-0.892108	0.002398	-0.010701	-0.002732	0.999939
04661	-0.099848	0.032655	9.698432	-0.003831	0.007310	-0.003020	-0.892041	-0.451824	-0.010809	0.451826	-0.892103	0.002397	-0.010726	-0.002745	0.999939
04662	-0.111319	0.020104	9.705552	-0.003551	0.004964	-0.004954	-0.892067	-0.451775	-0.010778	0.451777	-0.892128	0.002404	-0.010701	-0.002725	0.999939
04663	-0.102687	0.030859	9.698409	-0.003715	0.006121	-0.003683	-0.892079	-0.451750	-0.010776	0.451752	-0.892140	0.002406	-0.010701	-0.002722	0.999939
04664	-0.096103	0.030029	9.709594	-0.002451	0.006213	-0.004190	-0.892099	-0.451712	-0.010776	0.451713	-0.892160	0.002440	-0.010716	-0.002691	0.999939
04665	-0.089050	0.039823	9.712051	-0.004288	0.005480	-0.003760	-0.892108	-0.451694	-0.010759	0.451696	-0.892169	0.002428	-0.010695	-0.002694	0.999939
04666	-0.116752	0.027263	9.696761	-0.004298	0.007377	-0.004896	-0.892135	-0.451641	-0.010788	0.451643	-0.892196	0.002415	-0.010716	-0.002718	0.999939
04667	-0.110088	0.026214	9.707948	-0.003657	0.004256	-0.003156	-0.892137	-0.451636	-0.010739	0.451638	-0.892198	0.002418	-0.010674	-0.002693	0.999939
04668	-0.099288	0.017626	9.699087	-0.003832	0.007310	-0.003020	-0.892138	-0.451634	-0.010767	0.451635	-0.892199	0.002418	-0.010698	-0.002706	0.999939
04669	-0.102044	0.026381	9.699938	-0.003573	0.006219	-0.005508	-0.892167	-0.451577	-0.010767	0.451579	-0.892228	0.002423	-0.010701	-0.002701	0.999939
04670	-0.102424	0.015749	9.699057	-0.004323	0.006091	-0.003734	-0.892178	-0.451557	-0.010764	0.451558	-0.892238	0.002410	-0.010692	-0.002711	0.999939
04671	-0.103510	0.025395	9.690319	-0.004276	0.006124	-0.004342	-0.892194	-0.451524	-0.010762	0.451526	-0.892255	0.002398	-0.010685	-0.002720	0.999939
04672	-0.099696	0.032874	9.711974	-0.004489	0.007247	-0.002462	-0.892185	-0.451542	-0.010788	0.451544	-0.892246	0.002381	-0.010701	-0.002747	0.999939
04673	-0.101400	0.031803	9.711960	-0.004263	0.006767	-0.004923	-0.892208	-0.451495	-0.010803	0.451498	-0.892269	0.002369	-0.010708	-0.002764	0.999939
04674	-0.090758	0.023176	9.703106	-0.003620	0.006187	-0.004900	-0.892228	-0.451456	-0.010802	0.451458	-0.892289	0.002373	-0.010710	-0.002760	0.999939
04675	-0.109811	0.021376	9.690260	-0.003823	0.005413	-0.001885	-0.892213	-0.451485	-0.010783	0.451487	-0.892274	0.002373	-0.010692	-0.002751	0.999939
04676	-0.104283	0.030055	9.702332	-0.003572	0.006220	-0.005508	-0.892238	-0.451437	-0.010783	0.451439	-0.892299	0.002378	-0.010695	-0.002746	0.999939
04677	-0.086692	0.031016	9.705568	-0.004359	0.006702	-0.003707	-0.892252	-0.451410	-0.010796	0.451412	-0.892313	0.002364	-0.010700	-0.002764	0.999939
04678	-0.120186	0.025027	9.719854	-0.003786	0.007343	-0.003628	-0.892267	-0.451379	-0.010824	0.451382	-0.892328	0.002365	-0.010726	-0.002776	0.999939
04679	-0.107745	0.028137	9.692696	-0.004311	0.006735	-0.004315	-0.892279	-0.451354	-0.010838	0.451357	-0.892340	0.002352	-0.010733	-0.002793	0.999939
04680	-0.100203	0.017416	9.703025	-0.003703	0.006766	-0.004264	-0.892292	-0.451329	-0.010852	0.451332	-0.892353	0.002354	-0.010746	-0.002797	0.999938
04681	-0.111496	0.015458	9.701376	-0.004347	0.007346	-0.004288	-0.892310	-0.451293	-0.010880	0.451295	-0.892372	0.002340	-0.010765	-0.002822	0.999938
04682	-0.096639	0.025102	9.715091	-0.003059	0.006186	-0.004240	-0.892321	-0.451270	-0.010880	0.451272	-0.892383	0.002359	-0.010773	-0.002805	0.999938
04683	-0.104806	0.025325	9.694266	-0.004299	0.007379	-0.004897	-0.892347	-0.451218	-0.010909	0.451221	-0.892409	0.002346	-0.010794	-0.002829	0.999938
04684	-0.103657	0.041423	9.726407	-0.004192	0.005547	-0.004980	-0.892369	-0.451176	-0.010892	0.451179	-0.892431	0.002335	-0.010774	-0.002830	0.999938
04685	-0.109804	0.011619	9.712532	-0.003143	0.006764	-0.003604	-0.892374	-0.451165	-0.010906	0.451167	-0.892436	0.002352	-0.010794	-0.002822	0.999938
04686	-0.120231	0.031306	9.693460	-0.003047	0.006830	-0.004821	-0.892400	-0.451112	-0.010922	0.451115	-0.892463	0.002371	-0.010817	-0.002812	0.999938
04687	-0.113845	0.030539	9.704670	-0.002535	0.006794	-0.003553	-0.892407	-0.451099	-0.010937	0.451101	-0.892470	0.002402	-0.010844	-0.002790	0.999937
04688	-0.106310	0.019886	9.715002	-0.004920	0.006705	-0.004368	-0.892379	-0.451156	-0.010882	0.451158	-0.892441	0.002426	-0.010806	-0.002744	0.999938
04689	-0.096025	0.042217	9.689639	-0.004312	0.006736	-0.004316	-0.892393	-0.451128	-0.010895	0.451130	-0.892455	0.002413	-0.010812	-0.002762	0.999938
04690	-0.116162	0.018979	9.694151	-0.003083	0.007441	-0.004794	-0.892414	-0.451084	-0.010926	0.451086	-0.892477	0.002431	-0.010848	-0.002759	0.999937
04691	-0.110426	0.038291	9.697550	-0.004945	0.005417	-0.003207	-0.892417	-0.451079	-0.010907	0.451081	-0.892480	0.002403	-0.010818	-0.002775	0.999938
