// General information: 
//  MT Manager version: 2022.2.0 
//  XDA version: 2022.2.0 build 7381 rev 124627 built on 2023-07-19
// Device information: 
//  DeviceId: 00B4CBA7
//  ProductCode: MTW2-3A7G6
//  Firmware Version: 4.6.0
//  Hardware Version: 2.0.0
// Device settings: 
//  Filter Profile: human(46.1)
//  Option Flags: Orientation Smoother Disabled, Position/Velocity Smoother Disabled, Continuous Zero Rotation Update Disabled, AHS Disabled, ICC Disabled
// Coordinate system: ENU
PacketCounter	Acc_X	Acc_Y	Acc_Z	Gyr_X	Gyr_Y	Gyr_Z	Mat[1][1]	Mat[2][1]	Mat[3][1]	Mat[1][2]	Mat[2][2]	Mat[3][2]	Mat[1][3]	Mat[2][3]	Mat[3][3]
04430	-0.150321	-0.022007	9.699350	-0.001175	0.000622	0.005511	-0.922863	-0.384849	-0.014702	0.384910	-0.922953	-0.001504	-0.012991	-0.007047	0.999891
04431	-0.129766	-0.014565	9.699420	-0.000058	-0.001261	0.004267	-0.922875	-0.384820	-0.014677	0.384881	-0.922965	-0.001481	-0.012976	-0.007016	0.999891
04432	-0.130570	-0.024981	9.728527	-0.001207	0.000007	0.006116	-0.922869	-0.384834	-0.014682	0.384895	-0.922959	-0.001487	-0.012979	-0.007023	0.999891
04433	-0.161722	-0.041205	9.718568	-0.000668	-0.001227	0.004269	-0.922881	-0.384805	-0.014657	0.384866	-0.922971	-0.001480	-0.012959	-0.007007	0.999891
04434	-0.141130	-0.033583	9.708875	-0.000600	-0.000015	0.004892	-0.922887	-0.384791	-0.014663	0.384851	-0.922977	-0.001471	-0.012967	-0.007000	0.999891
04435	-0.148657	-0.013426	9.719071	-0.000602	-0.000003	0.003669	-0.922905	-0.384748	-0.014669	0.384808	-0.922995	-0.001462	-0.012976	-0.006994	0.999891
04436	-0.157182	-0.002665	9.709555	-0.001273	-0.001218	0.006716	-0.922894	-0.384776	-0.014644	0.384836	-0.922984	-0.001470	-0.012951	-0.006992	0.999892
04437	-0.140614	-0.034450	9.728407	-0.000059	-0.001261	0.004267	-0.922906	-0.384747	-0.014618	0.384807	-0.922996	-0.001447	-0.012936	-0.006961	0.999892
04438	-0.128494	-0.015923	9.718962	-0.000059	-0.001261	0.004267	-0.922919	-0.384718	-0.014592	0.384778	-0.923008	-0.001425	-0.012921	-0.006930	0.999893
04439	-0.128341	-0.015988	9.718964	-0.000600	-0.000015	0.004892	-0.922925	-0.384704	-0.014598	0.384763	-0.923014	-0.001416	-0.012929	-0.006923	0.999892
04440	-0.147603	-0.013973	9.719086	-0.000667	-0.001233	0.004880	-0.922931	-0.384689	-0.014572	0.384749	-0.923020	-0.001409	-0.012909	-0.006907	0.999893
04441	-0.156075	-0.003252	9.719336	0.000011	-0.000054	0.005501	-0.922931	-0.384689	-0.014577	0.384748	-0.923021	-0.001384	-0.012922	-0.006886	0.999893
04442	-0.126950	-0.006540	9.719155	-0.000600	-0.000015	0.004892	-0.922937	-0.384674	-0.014582	0.384733	-0.923027	-0.001375	-0.012931	-0.006879	0.999893
04443	-0.148460	-0.023687	9.699375	-0.001886	-0.001166	0.004884	-0.922944	-0.384660	-0.014558	0.384719	-0.923033	-0.001398	-0.012900	-0.006892	0.999893
04444	-0.157949	-0.023346	9.718964	-0.001205	0.000001	0.006728	-0.922932	-0.384687	-0.014564	0.384747	-0.923021	-0.001404	-0.012903	-0.006899	0.999893
04445	-0.127677	-0.017092	9.718971	-0.000633	-0.000624	0.004886	-0.922938	-0.384673	-0.014554	0.384732	-0.923027	-0.001396	-0.012897	-0.006888	0.999893
04446	-0.138549	-0.025527	9.699315	-0.001175	0.000629	0.004900	-0.922944	-0.384658	-0.014576	0.384718	-0.923033	-0.001401	-0.012915	-0.006900	0.999893
04447	-0.157953	-0.023869	9.718963	0.000010	-0.000049	0.004890	-0.922950	-0.384644	-0.014580	0.384703	-0.923039	-0.001377	-0.012929	-0.006879	0.999893
04448	-0.148092	-0.024944	9.718904	-0.000059	-0.001261	0.004267	-0.922962	-0.384615	-0.014554	0.384674	-0.923052	-0.001354	-0.012913	-0.006848	0.999893
04449	-0.147909	-0.024889	9.709144	-0.001242	-0.000596	0.005499	-0.922963	-0.384615	-0.014545	0.384673	-0.923052	-0.001361	-0.012902	-0.006851	0.999893
04450	-0.137035	-0.016332	9.709272	0.000619	-0.000083	0.004888	-0.922969	-0.384600	-0.014549	0.384658	-0.923058	-0.001321	-0.012921	-0.006816	0.999893
04451	-0.148991	-0.034699	9.708955	-0.001176	0.000635	0.004289	-0.922980	-0.384571	-0.014570	0.384630	-0.923070	-0.001327	-0.012939	-0.006829	0.999893
04452	-0.137115	-0.016733	9.709271	-0.001850	-0.000568	0.006113	-0.922975	-0.384585	-0.014562	0.384644	-0.923064	-0.001349	-0.012923	-0.006846	0.999893
04453	-0.139128	-0.036764	9.718656	-0.001853	-0.000556	0.004890	-0.922981	-0.384571	-0.014554	0.384629	-0.923070	-0.001371	-0.012907	-0.006863	0.999893
04454	-0.146585	-0.016693	9.719097	-0.001817	0.000048	0.005507	-0.922981	-0.384570	-0.014561	0.384630	-0.923070	-0.001392	-0.012905	-0.006885	0.999893
04455	-0.135875	-0.008042	9.699698	-0.001209	0.000019	0.004894	-0.922987	-0.384556	-0.014567	0.384615	-0.923076	-0.001398	-0.012908	-0.006893	0.999893
04456	-0.137952	-0.028237	9.728607	-0.000598	-0.000021	0.005504	-0.922987	-0.384556	-0.014572	0.384615	-0.923076	-0.001389	-0.012917	-0.006886	0.999893
04457	-0.137881	-0.028444	9.728607	-0.001244	-0.000584	0.004277	-0.922999	-0.384527	-0.014562	0.384586	-0.923088	-0.001396	-0.012906	-0.006889	0.999893
04458	-0.135666	-0.008809	9.699700	-0.001851	-0.000562	0.005501	-0.922999	-0.384526	-0.014554	0.384586	-0.923088	-0.001418	-0.012890	-0.006906	0.999893
04459	-0.154853	-0.007360	9.719353	-0.001242	-0.000596	0.005500	-0.923000	-0.384526	-0.014545	0.384585	-0.923088	-0.001425	-0.012878	-0.006909	0.999893
04460	-0.126894	-0.020513	9.709211	-0.001781	0.000651	0.006125	-0.922993	-0.384540	-0.014567	0.384600	-0.923082	-0.001445	-0.012891	-0.006936	0.999893
04461	-0.135539	-0.009787	9.699701	-0.000634	-0.000624	0.004886	-0.923000	-0.384525	-0.014557	0.384585	-0.923089	-0.001437	-0.012885	-0.006924	0.999893
04462	-0.135361	-0.010343	9.709466	-0.002461	-0.000527	0.005503	-0.923000	-0.384525	-0.014549	0.384585	-0.923088	-0.001474	-0.012864	-0.006956	0.999893
04463	-0.156935	-0.027857	9.718969	0.001266	0.000478	0.006115	-0.922994	-0.384539	-0.014567	0.384598	-0.923083	-0.001418	-0.012901	-0.006911	0.999893
04464	-0.156886	-0.027562	9.709207	-0.000666	-0.001246	0.006103	-0.922988	-0.384553	-0.014541	0.384612	-0.923077	-0.001411	-0.012880	-0.006895	0.999893
04465	-0.134003	-0.000808	9.709662	-0.000598	-0.000021	0.005504	-0.922988	-0.384553	-0.014547	0.384612	-0.923077	-0.001402	-0.012889	-0.006889	0.999893
04466	-0.117995	-0.032175	9.708957	0.000049	0.000541	0.006730	-0.922977	-0.384580	-0.014566	0.384639	-0.923066	-0.001376	-0.012916	-0.006873	0.999893
04467	-0.149246	-0.048299	9.708760	-0.000669	-0.001234	0.004880	-0.922983	-0.384566	-0.014541	0.384624	-0.923072	-0.001369	-0.012896	-0.006856	0.999893
04468	-0.136131	-0.020441	9.709277	-0.000562	0.000582	0.006121	-0.922977	-0.384580	-0.014562	0.384638	-0.923066	-0.001359	-0.012919	-0.006855	0.999893
04469	-0.133739	-0.001495	9.729192	-0.000058	-0.001275	0.005490	-0.922978	-0.384579	-0.014536	0.384637	-0.923067	-0.001336	-0.012903	-0.006824	0.999893
04470	-0.145825	-0.020047	9.728865	-0.002288	0.002527	0.004923	-0.922983	-0.384564	-0.014605	0.384623	-0.923073	-0.001369	-0.012955	-0.006881	0.999892
04471	-0.156773	-0.028848	9.718968	-0.001311	-0.001821	0.006099	-0.922978	-0.384577	-0.014565	0.384636	-0.923067	-0.001378	-0.012915	-0.006874	0.999893
04472	-0.154354	-0.009455	9.709596	-0.000596	-0.000034	0.006727	-0.922966	-0.384605	-0.014570	0.384664	-0.923056	-0.001369	-0.012922	-0.006868	0.999893
04473	-0.135917	-0.021994	9.728804	-0.001242	-0.000596	0.005500	-0.922966	-0.384605	-0.014561	0.384664	-0.923056	-0.001376	-0.012911	-0.006871	0.999893
04474	-0.119855	-0.053413	9.718330	-0.001209	0.000020	0.004895	-0.922972	-0.384590	-0.014567	0.384650	-0.923062	-0.001382	-0.012915	-0.006879	0.999893
04475	-0.152892	-0.000495	9.719559	0.000549	-0.001304	0.004876	-0.922979	-0.384576	-0.014540	0.384634	-0.923068	-0.001344	-0.012904	-0.006833	0.999893
04476	-0.144278	-0.011245	9.709538	-0.001780	0.000652	0.006125	-0.922973	-0.384590	-0.014562	0.384648	-0.923062	-0.001364	-0.012917	-0.006860	0.999893
04477	-0.145410	-0.021219	9.709343	-0.000637	-0.000612	0.003664	-0.922991	-0.384547	-0.014552	0.384605	-0.923080	-0.001357	-0.012911	-0.006849	0.999893
04478	-0.125869	-0.023755	9.709217	-0.001851	-0.000567	0.006113	-0.922985	-0.384561	-0.014544	0.384619	-0.923074	-0.001379	-0.012895	-0.006866	0.999893
04479	-0.162273	-0.000137	9.709865	-0.000637	-0.000612	0.003664	-0.923003	-0.384518	-0.014534	0.384577	-0.923092	-0.001371	-0.012889	-0.006855	0.999893
04480	-0.136635	-0.032811	9.709084	-0.001135	0.001226	0.006130	-0.922997	-0.384532	-0.014570	0.384591	-0.923086	-0.001375	-0.012921	-0.006873	0.999893
04481	-0.127022	-0.034285	9.709018	-0.001853	-0.000554	0.004891	-0.923003	-0.384517	-0.014562	0.384576	-0.923092	-0.001397	-0.012905	-0.006890	0.999893
04482	-0.152512	-0.002089	9.709802	-0.000669	-0.001240	0.005492	-0.923004	-0.384517	-0.014537	0.384576	-0.923092	-0.001390	-0.012884	-0.006873	0.999893
04483	-0.147270	-0.042211	9.708951	-0.001169	0.000610	0.006735	-0.922992	-0.384545	-0.014558	0.384604	-0.923081	-0.001394	-0.012902	-0.006886	0.999893
04484	-0.135560	-0.024333	9.719040	-0.000493	0.001812	0.004911	-0.922997	-0.384530	-0.014609	0.384590	-0.923087	-0.001382	-0.012953	-0.006894	0.999892
04485	-0.133505	-0.004980	9.719431	0.000011	-0.000057	0.005502	-0.922997	-0.384530	-0.014613	0.384589	-0.923087	-0.001358	-0.012967	-0.006873	0.999892
04486	-0.155205	-0.021877	9.709401	0.000011	-0.000057	0.005502	-0.922997	-0.384530	-0.014617	0.384588	-0.923087	-0.001333	-0.012980	-0.006852	0.999892
04487	-0.157519	-0.041190	9.699242	-0.001206	0.000008	0.006118	-0.922991	-0.384543	-0.014623	0.384602	-0.923081	-0.001339	-0.012983	-0.006860	0.999892
04488	-0.123790	-0.006496	9.719367	-0.001206	0.000008	0.006118	-0.922985	-0.384557	-0.014629	0.384616	-0.923076	-0.001345	-0.012986	-0.006868	0.999892
04489	-0.135732	-0.025155	9.728799	-0.000599	-0.000015	0.004893	-0.922991	-0.384543	-0.014634	0.384602	-0.923082	-0.001336	-0.012995	-0.006861	0.999892
04490	-0.175743	-0.029930	9.709329	0.000011	-0.000057	0.005502	-0.922991	-0.384542	-0.014638	0.384601	-0.923082	-0.001311	-0.013008	-0.006840	0.999892
04491	-0.145499	-0.023712	9.709335	-0.000599	-0.000015	0.004893	-0.922997	-0.384528	-0.014644	0.384586	-0.923088	-0.001302	-0.013017	-0.006834	0.999892
04492	-0.134541	-0.015496	9.719234	-0.000635	-0.000625	0.004887	-0.923003	-0.384513	-0.014634	0.384572	-0.923094	-0.001294	-0.013011	-0.006822	0.999892
04493	-0.146539	-0.033537	9.699375	-0.001205	0.000001	0.006729	-0.922992	-0.384541	-0.014640	0.384600	-0.923083	-0.001300	-0.013014	-0.006830	0.999892
04494	-0.154027	-0.013341	9.699834	-0.001783	0.000672	0.004292	-0.923003	-0.384513	-0.014662	0.384572	-0.923094	-0.001320	-0.013027	-0.006857	0.999892
04495	-0.133492	-0.006771	9.719430	-0.001818	0.000056	0.004897	-0.923009	-0.384498	-0.014669	0.384557	-0.923100	-0.001342	-0.013025	-0.006880	0.999892
04496	-0.135762	-0.026717	9.728794	-0.001206	0.000008	0.006118	-0.923003	-0.384512	-0.014675	0.384571	-0.923094	-0.001347	-0.013028	-0.006887	0.999891
04497	-0.156456	-0.033747	9.709194	0.000655	0.000522	0.004895	-0.923009	-0.384498	-0.014694	0.384557	-0.923100	-0.001307	-0.013061	-0.006857	0.999891
04498	-0.154249	-0.014530	9.719355	-0.000561	0.000581	0.006122	-0.923003	-0.384511	-0.014714	0.384570	-0.923095	-0.001297	-0.013084	-0.006855	0.999891
04499	-0.126275	-0.027607	9.709201	-0.000672	-0.001234	0.004881	-0.923009	-0.384497	-0.014689	0.384556	-0.923101	-0.001289	-0.013063	-0.006839	0.999891
04500	-0.135600	-0.026603	9.709270	-0.000705	-0.001856	0.006097	-0.923004	-0.384510	-0.014648	0.384569	-0.923095	-0.001283	-0.013028	-0.006817	0.999892
04501	-0.143990	-0.015887	9.709536	-0.000563	0.000594	0.004899	-0.923010	-0.384496	-0.014669	0.384554	-0.923101	-0.001273	-0.013051	-0.006815	0.999892
04502	-0.134138	-0.017105	9.709474	-0.000096	-0.001892	0.006095	-0.923005	-0.384510	-0.014627	0.384567	-0.923096	-0.001251	-0.013021	-0.006779	0.999892
04503	-0.144798	-0.025353	9.699578	0.000618	-0.000081	0.004278	-0.923017	-0.384481	-0.014630	0.384538	-0.923108	-0.001211	-0.013040	-0.006744	0.999892
04504	-0.134973	-0.026630	9.709279	-0.000025	-0.000667	0.005496	-0.923017	-0.384481	-0.014619	0.384537	-0.923109	-0.001188	-0.013039	-0.006718	0.999892
04505	-0.163851	-0.023508	9.709476	-0.003108	-0.001095	0.005500	-0.923018	-0.384480	-0.014598	0.384538	-0.923108	-0.001241	-0.012998	-0.006759	0.999893
04506	-0.134520	-0.027707	9.719045	-0.001242	-0.000601	0.006112	-0.923012	-0.384494	-0.014588	0.384551	-0.923103	-0.001248	-0.012987	-0.006762	0.999893
04507	-0.143139	-0.016708	9.699784	-0.001171	0.000624	0.005513	-0.923012	-0.384494	-0.014610	0.384551	-0.923103	-0.001253	-0.013005	-0.006775	0.999892
04508	-0.144227	-0.027020	9.719109	-0.000638	-0.000612	0.003664	-0.923030	-0.384451	-0.014600	0.384508	-0.923121	-0.001245	-0.012999	-0.006763	0.999893
04509	-0.163581	-0.024539	9.709478	0.000012	-0.000059	0.005503	-0.923030	-0.384451	-0.014604	0.384508	-0.923121	-0.001221	-0.013012	-0.006742	0.999893
04510	-0.134534	-0.027958	9.699518	-0.001208	0.000021	0.004895	-0.923036	-0.384436	-0.014610	0.384493	-0.923127	-0.001227	-0.013016	-0.006750	0.999893
04511	-0.143113	-0.017237	9.690020	-0.001816	0.000051	0.005509	-0.923036	-0.384436	-0.014617	0.384494	-0.923127	-0.001248	-0.013014	-0.006773	0.999892
04512	-0.145344	-0.037598	9.718905	-0.001210	0.000028	0.004284	-0.923048	-0.384407	-0.014624	0.384465	-0.923139	-0.001255	-0.013017	-0.006781	0.999892
04513	-0.142949	-0.018154	9.699784	-0.001891	-0.001161	0.004885	-0.923054	-0.384393	-0.014600	0.384451	-0.923145	-0.001278	-0.012987	-0.006793	0.999893
04514	-0.141753	-0.008604	9.690224	-0.001170	0.000624	0.005513	-0.923054	-0.384393	-0.014622	0.384451	-0.923145	-0.001283	-0.013005	-0.006806	0.999892
04515	-0.153592	-0.027502	9.719175	0.000546	-0.001308	0.004877	-0.923060	-0.384378	-0.014595	0.384435	-0.923151	-0.001246	-0.012994	-0.006760	0.999893
04516	-0.143680	-0.028329	9.699587	-0.001283	-0.001191	0.004271	-0.923073	-0.384349	-0.014570	0.384407	-0.923163	-0.001254	-0.012969	-0.006758	0.999893
04517	-0.131183	-0.010763	9.719458	-0.000707	-0.001856	0.006097	-0.923068	-0.384363	-0.014530	0.384420	-0.923157	-0.001247	-0.012934	-0.006737	0.999894
04518	-0.132071	-0.020749	9.719258	-0.001855	-0.000545	0.004280	-0.923080	-0.384334	-0.014522	0.384392	-0.923169	-0.001270	-0.012918	-0.006754	0.999894
04519	-0.152703	-0.027810	9.689899	-0.001208	0.000021	0.004896	-0.923086	-0.384320	-0.014528	0.384377	-0.923175	-0.001276	-0.012921	-0.006762	0.999894
04520	-0.131870	-0.020827	9.699734	-0.000099	-0.001887	0.005484	-0.923086	-0.384320	-0.014487	0.384376	-0.923176	-0.001254	-0.012892	-0.006726	0.999894
04521	-0.131636	-0.021386	9.719263	-0.001172	0.000637	0.004291	-0.923098	-0.384291	-0.014508	0.384348	-0.923187	-0.001260	-0.012909	-0.006739	0.999894
04522	-0.141188	-0.020488	9.719332	-0.001315	-0.001826	0.006711	-0.923087	-0.384319	-0.014468	0.384376	-0.923176	-0.001268	-0.012869	-0.006732	0.999895
04523	-0.152052	-0.028645	9.689906	-0.001172	0.000637	0.004291	-0.923099	-0.384290	-0.014490	0.384347	-0.923188	-0.001274	-0.012887	-0.006745	0.999894
04524	-0.130214	-0.012256	9.709706	-0.000636	-0.000625	0.004887	-0.923105	-0.384276	-0.014480	0.384333	-0.923194	-0.001266	-0.012881	-0.006733	0.999894
04525	-0.140865	-0.020829	9.709572	-0.000062	-0.001278	0.005490	-0.923105	-0.384275	-0.014453	0.384332	-0.923194	-0.001243	-0.012866	-0.006702	0.999895
04526	-0.151595	-0.029468	9.709438	-0.001206	0.000015	0.005507	-0.923105	-0.384275	-0.014459	0.384332	-0.923194	-0.001249	-0.012869	-0.006710	0.999895
04527	-0.131066	-0.022140	9.699742	-0.000597	-0.000023	0.005505	-0.923105	-0.384275	-0.014465	0.384331	-0.923194	-0.001240	-0.012877	-0.006704	0.999895
04528	-0.140974	-0.020991	9.699807	0.000123	0.001774	0.004911	-0.922768	-0.385075	-0.014693	0.385135	-0.922859	-0.001371	-0.013032	-0.006923	0.999891
04529	-0.142377	-0.030648	9.699599	0.000011	-0.000053	0.004892	-0.922775	-0.385060	-0.014697	0.385119	-0.922866	-0.001347	-0.013045	-0.006903	0.999891
04530	-0.130260	-0.012872	9.709705	-0.001816	0.000052	0.005510	-0.922774	-0.385061	-0.014705	0.385121	-0.922865	-0.001368	-0.013044	-0.006926	0.999891
04531	-0.141343	-0.021423	9.699801	-0.000524	0.001202	0.004907	-0.922779	-0.385048	-0.014741	0.385108	-0.922871	-0.001358	-0.013081	-0.006929	0.999890
04532	-0.151100	-0.020843	9.719393	-0.001204	0.000001	0.006730	-0.922767	-0.385077	-0.014747	0.385137	-0.922858	-0.001363	-0.013084	-0.006938	0.999890
04533	-0.149993	-0.010999	9.700072	-0.001209	0.000028	0.004285	-0.922778	-0.385050	-0.014753	0.385110	-0.922870	-0.001370	-0.013088	-0.006946	0.999890
04534	-0.151104	-0.021240	9.719392	0.000014	-0.000073	0.006726	-0.922765	-0.385079	-0.014757	0.385139	-0.922857	-0.001345	-0.013101	-0.006925	0.999890
04535	-0.142494	-0.031899	9.709357	-0.000065	-0.001272	0.004879	-0.922771	-0.385066	-0.014732	0.385126	-0.922863	-0.001323	-0.013086	-0.006895	0.999891
04536	-0.150804	-0.020935	9.699871	-0.001243	-0.000601	0.006113	-0.922765	-0.385081	-0.014723	0.385141	-0.922857	-0.001330	-0.013074	-0.006898	0.999891
04537	-0.132625	-0.033223	9.699527	-0.000558	0.000580	0.006123	-0.922758	-0.385097	-0.014743	0.385156	-0.922850	-0.001320	-0.013097	-0.006897	0.999890
04538	-0.142341	-0.032280	9.709358	0.000012	-0.000060	0.005503	-0.922758	-0.385098	-0.014747	0.385157	-0.922850	-0.001296	-0.013111	-0.006876	0.999890
04539	-0.141148	-0.022938	9.709564	-0.003033	0.000121	0.006126	-0.922751	-0.385113	-0.014756	0.385173	-0.922843	-0.001348	-0.013099	-0.006927	0.999890
04540	-0.141079	-0.023213	9.709564	0.000585	-0.000714	0.006106	-0.922745	-0.385128	-0.014745	0.385188	-0.922837	-0.001309	-0.013103	-0.006887	0.999890
04541	-0.140887	-0.023563	9.719329	-0.001855	-0.000550	0.004892	-0.922751	-0.385115	-0.014737	0.385175	-0.922843	-0.001332	-0.013087	-0.006905	0.999891
04542	-0.150632	-0.022489	9.709633	-0.001170	0.000631	0.004903	-0.922756	-0.385102	-0.014758	0.385162	-0.922848	-0.001337	-0.013105	-0.006918	0.999890
04543	-0.129892	-0.015357	9.709706	-0.000103	-0.001881	0.004872	-0.922762	-0.385089	-0.014717	0.385148	-0.922854	-0.001316	-0.013075	-0.006883	0.999891
04544	-0.150247	-0.022544	9.709639	0.000620	-0.000092	0.004890	-0.922767	-0.385076	-0.014721	0.385135	-0.922859	-0.001277	-0.013094	-0.006848	0.999891
04545	-0.129605	-0.015549	9.719473	-0.001208	0.000022	0.004896	-0.922773	-0.385063	-0.014727	0.385122	-0.922865	-0.001284	-0.013097	-0.006856	0.999891
04546	-0.139316	-0.014257	9.700016	-0.001851	-0.000569	0.006726	-0.922761	-0.385092	-0.014719	0.385152	-0.922852	-0.001306	-0.013081	-0.006874	0.999891
04547	-0.148784	-0.013833	9.719613	-0.001250	-0.000567	0.003055	-0.922784	-0.385037	-0.014711	0.385096	-0.922875	-0.001314	-0.013070	-0.006878	0.999891
04548	-0.150090	-0.023291	9.699877	-0.000558	0.000579	0.006124	-0.922777	-0.385052	-0.014731	0.385112	-0.922869	-0.001304	-0.013093	-0.006876	0.999891
04549	-0.130596	-0.026143	9.709502	-0.001283	-0.001203	0.005495	-0.922777	-0.385053	-0.014707	0.385113	-0.922869	-0.001312	-0.013068	-0.006875	0.999891
04550	-0.140060	-0.025643	9.729099	-0.001208	0.000022	0.004896	-0.922782	-0.385040	-0.014714	0.385100	-0.922874	-0.001318	-0.013071	-0.006883	0.999891
04551	-0.140158	-0.025558	9.709571	-0.001816	0.000053	0.005510	-0.922782	-0.385042	-0.014721	0.385101	-0.922873	-0.001340	-0.013070	-0.006906	0.999891
04552	-0.148515	-0.015146	9.719615	-0.000635	-0.000632	0.005499	-0.922782	-0.385043	-0.014711	0.385102	-0.922873	-0.001332	-0.013064	-0.006894	0.999891
04553	-0.148290	-0.015286	9.719618	-0.000675	-0.001234	0.004881	-0.922787	-0.385030	-0.014686	0.385089	-0.922879	-0.001325	-0.013043	-0.006878	0.999891
04554	-0.139797	-0.026182	9.709575	-0.001167	0.000618	0.006126	-0.922781	-0.385045	-0.014708	0.385104	-0.922872	-0.001330	-0.013061	-0.006891	0.999891
04555	-0.148448	-0.015170	9.700090	0.000048	0.000561	0.004287	-0.922792	-0.385018	-0.014728	0.385077	-0.922884	-0.001306	-0.013089	-0.006876	0.999891
04556	-0.139878	-0.026580	9.709573	-0.002501	-0.001126	0.005499	-0.922791	-0.385019	-0.014705	0.385079	-0.922883	-0.001344	-0.013054	-0.006903	0.999891
04557	-0.128788	-0.018773	9.719478	-0.001209	0.000029	0.004285	-0.922803	-0.384992	-0.014712	0.385052	-0.922894	-0.001351	-0.013057	-0.006912	0.999891
04558	-0.139482	-0.027374	9.719339	-0.000103	-0.001889	0.005484	-0.922803	-0.384993	-0.014671	0.385052	-0.922894	-0.001330	-0.013027	-0.006876	0.999891
04559	-0.139224	-0.027228	9.709580	-0.000638	-0.000619	0.004276	-0.922814	-0.384966	-0.014661	0.385025	-0.922905	-0.001322	-0.013022	-0.006865	0.999892
04560	-0.157090	-0.014870	9.690413	-0.001362	-0.002414	0.004870	-0.922821	-0.384953	-0.014607	0.385011	-0.922911	-0.001333	-0.012968	-0.006854	0.999892
04561	-0.130241	-0.038517	9.699540	-0.001778	0.000670	0.004906	-0.922826	-0.384940	-0.014629	0.384999	-0.922916	-0.001354	-0.012980	-0.006881	0.999892
04562	-0.146999	-0.017475	9.719634	-0.001283	-0.001203	0.005495	-0.922826	-0.384941	-0.014605	0.385000	-0.922916	-0.001362	-0.012955	-0.006880	0.999892
04563	-0.146939	-0.017898	9.719634	-0.002383	0.000688	0.006743	-0.922813	-0.384970	-0.014628	0.385030	-0.922903	-0.001397	-0.012963	-0.006922	0.999892
04564	-0.148369	-0.027550	9.709655	0.000659	0.000515	0.004897	-0.922818	-0.384957	-0.014647	0.385017	-0.922909	-0.001357	-0.012996	-0.006891	0.999892
04565	-0.137520	-0.019295	9.709795	-0.002422	0.000079	0.006736	-0.922806	-0.384987	-0.014655	0.385047	-0.922896	-0.001393	-0.012989	-0.006928	0.999892
04566	-0.147262	-0.018185	9.700103	-0.000602	0.000004	0.003060	-0.922829	-0.384932	-0.014661	0.384991	-0.922919	-0.001385	-0.012998	-0.006923	0.999892
04567	-0.138803	-0.029677	9.719342	-0.000558	0.000585	0.005513	-0.922828	-0.384933	-0.014682	0.384992	-0.922919	-0.001375	-0.013020	-0.006921	0.999891
04568	-0.148574	-0.028117	9.699887	-0.000634	-0.000640	0.006111	-0.922822	-0.384948	-0.014672	0.385007	-0.922912	-0.001367	-0.013014	-0.006910	0.999891
04569	-0.138847	-0.029779	9.709578	-0.001168	0.000631	0.004904	-0.922827	-0.384935	-0.014693	0.384995	-0.922918	-0.001373	-0.013032	-0.006924	0.999891
04570	-0.157086	-0.018095	9.719696	-0.001166	0.000617	0.006127	-0.922820	-0.384950	-0.014715	0.385010	-0.922911	-0.001378	-0.013050	-0.006937	0.999891
04571	-0.147675	-0.018786	9.690333	0.000051	0.000546	0.005511	-0.922819	-0.384951	-0.014734	0.385011	-0.922911	-0.001353	-0.013078	-0.006921	0.999891
04572	-0.138985	-0.030071	9.709575	0.000506	-0.001936	0.006093	-0.922814	-0.384966	-0.014692	0.385025	-0.922905	-0.001316	-0.013053	-0.006871	0.999891
04573	-0.145918	-0.009379	9.700318	-0.001856	-0.000548	0.004893	-0.922819	-0.384953	-0.014684	0.385012	-0.922910	-0.001339	-0.013037	-0.006889	0.999891
04574	-0.148228	-0.029177	9.709653	-0.000027	-0.000672	0.005497	-0.922819	-0.384954	-0.014673	0.385013	-0.922910	-0.001315	-0.013036	-0.006863	0.999891
04575	-0.135956	-0.011046	9.710012	0.000010	-0.000049	0.004281	-0.922830	-0.384927	-0.014678	0.384986	-0.922922	-0.001292	-0.013050	-0.006843	0.999891
04576	-0.138543	-0.030683	9.709580	-0.002385	0.000703	0.005520	-0.922829	-0.384928	-0.014702	0.384988	-0.922921	-0.001327	-0.013058	-0.006885	0.999891
04577	-0.145785	-0.010337	9.700319	-0.001854	-0.000554	0.005504	-0.922829	-0.384929	-0.014694	0.384989	-0.922920	-0.001350	-0.013042	-0.006903	0.999891
04578	-0.148089	-0.030136	9.699889	-0.001894	-0.001163	0.005497	-0.922829	-0.384931	-0.014671	0.384990	-0.922920	-0.001373	-0.013011	-0.006916	0.999891
04579	-0.137024	-0.022653	9.729321	-0.000517	0.001187	0.006132	-0.922822	-0.384946	-0.014706	0.385006	-0.922913	-0.001362	-0.013048	-0.006919	0.999891
04580	-0.148187	-0.030819	9.699885	-0.003071	-0.000483	0.006120	-0.922816	-0.384961	-0.014700	0.385022	-0.922906	-0.001415	-0.013022	-0.006966	0.999891
04581	-0.136139	-0.012976	9.700244	0.000738	0.001731	0.004911	-0.922820	-0.384948	-0.014749	0.385009	-0.922912	-0.001373	-0.013084	-0.006945	0.999890
04582	-0.147224	-0.021443	9.700097	-0.001247	-0.000587	0.004890	-0.922826	-0.384935	-0.014741	0.384996	-0.922917	-0.001380	-0.013073	-0.006949	0.999890
04583	-0.137550	-0.022382	9.680500	0.000015	-0.000078	0.006728	-0.922814	-0.384965	-0.014744	0.385025	-0.922905	-0.001356	-0.013086	-0.006928	0.999890
04584	-0.149695	-0.041201	9.709424	-0.000556	0.000578	0.006125	-0.922807	-0.384980	-0.014765	0.385040	-0.922899	-0.001345	-0.013108	-0.006927	0.999890
04585	-0.138894	-0.032897	9.709567	-0.000557	0.000585	0.005513	-0.922806	-0.384981	-0.014785	0.385041	-0.922898	-0.001336	-0.013131	-0.006925	0.999890
04586	-0.147318	-0.022223	9.709857	-0.001853	-0.000561	0.006116	-0.922800	-0.384997	-0.014777	0.385057	-0.922892	-0.001358	-0.013115	-0.006943	0.999890
04587	-0.155743	-0.010954	9.690622	0.000620	-0.000096	0.004891	-0.922805	-0.384983	-0.014781	0.385043	-0.922898	-0.001319	-0.013134	-0.006908	0.999890
04588	-0.139015	-0.033788	9.719326	-0.002915	0.001969	0.004925	-0.922810	-0.384971	-0.014836	0.385032	-0.922902	-0.001368	-0.013166	-0.006975	0.999889
04589	-0.157128	-0.021991	9.719687	-0.000715	-0.001858	0.006098	-0.922804	-0.384986	-0.014796	0.385046	-0.922896	-0.001362	-0.013131	-0.006954	0.999890
04590	-0.146114	-0.013336	9.700310	-0.001169	0.000639	0.004293	-0.922815	-0.384959	-0.014818	0.385019	-0.922907	-0.001368	-0.013149	-0.006968	0.999889
04591	-0.145967	-0.014146	9.719836	-0.001896	-0.001155	0.004886	-0.922821	-0.384946	-0.014795	0.385007	-0.922913	-0.001392	-0.013119	-0.006981	0.999890
04592	-0.138661	-0.034840	9.709564	-0.000638	-0.000626	0.004888	-0.922826	-0.384933	-0.014785	0.384993	-0.922918	-0.001384	-0.013113	-0.006970	0.999890
04593	-0.135746	-0.015708	9.710009	-0.001367	-0.002413	0.004870	-0.922832	-0.384920	-0.014731	0.384980	-0.922924	-0.001395	-0.013059	-0.006958	0.999891
04594	-0.146654	-0.024012	9.690337	-0.001732	0.001259	0.006749	-0.922820	-0.384949	-0.014769	0.385010	-0.922911	-0.001414	-0.013086	-0.006991	0.999890
04595	-0.137163	-0.025848	9.700022	-0.001169	0.000639	0.004293	-0.922830	-0.384922	-0.014791	0.384983	-0.922922	-0.001420	-0.013104	-0.007005	0.999890
04596	-0.146751	-0.025081	9.719621	0.000583	-0.000721	0.006107	-0.922824	-0.384937	-0.014779	0.384998	-0.922916	-0.001381	-0.013108	-0.006964	0.999890
04597	-0.135750	-0.016507	9.710007	-0.001206	0.000016	0.005509	-0.922824	-0.384938	-0.014785	0.384999	-0.922916	-0.001387	-0.013111	-0.006973	0.999890
04598	-0.135683	-0.016787	9.710008	-0.001247	-0.000586	0.004891	-0.922829	-0.384925	-0.014776	0.384986	-0.922921	-0.001395	-0.013101	-0.006976	0.999890
04599	-0.156428	-0.023794	9.690406	-0.001776	0.000672	0.004907	-0.922834	-0.384913	-0.014799	0.384974	-0.922926	-0.001416	-0.013113	-0.007004	0.999889
04600	-0.127280	-0.028222	9.699949	-0.001285	-0.001210	0.006107	-0.922828	-0.384928	-0.014775	0.384989	-0.922920	-0.001424	-0.013088	-0.007002	0.999890
04601	-0.145053	-0.016723	9.719846	-0.001246	-0.000593	0.005502	-0.922828	-0.384929	-0.014766	0.384990	-0.922920	-0.001432	-0.013077	-0.007006	0.999890
04602	-0.136632	-0.027662	9.709788	-0.000598	-0.000017	0.004895	-0.922833	-0.384916	-0.014771	0.384977	-0.922925	-0.001423	-0.013085	-0.006999	0.999890
04603	-0.136654	-0.027938	9.719550	0.000055	0.000530	0.006735	-0.922821	-0.384946	-0.014790	0.385006	-0.922913	-0.001397	-0.013113	-0.006983	0.999890
04604	-0.135480	-0.018152	9.710008	-0.001209	0.000030	0.004286	-0.922832	-0.384919	-0.014797	0.384980	-0.922924	-0.001404	-0.013116	-0.006992	0.999890
04605	-0.146546	-0.026354	9.690332	-0.001206	0.000016	0.005509	-0.922831	-0.384920	-0.014804	0.384981	-0.922923	-0.001410	-0.013120	-0.007001	0.999889
04606	-0.145270	-0.017487	9.719841	0.000090	0.001167	0.004296	-0.922842	-0.384892	-0.014839	0.384953	-0.922935	-0.001384	-0.013162	-0.006990	0.999889
04607	-0.145532	-0.017367	9.710075	-0.001164	0.000618	0.006128	-0.922835	-0.384908	-0.014860	0.384969	-0.922928	-0.001389	-0.013180	-0.007003	0.999889
04608	-0.148132	-0.037065	9.709627	-0.001854	-0.000560	0.006116	-0.922685	-0.385276	-0.014676	0.385337	-0.922775	-0.001461	-0.012980	-0.007003	0.999891
04609	-0.146709	-0.027211	9.690328	-0.000678	-0.001243	0.005493	-0.922683	-0.385282	-0.014651	0.385342	-0.922773	-0.001454	-0.012959	-0.006987	0.999892
04610	-0.135373	-0.019592	9.719769	-0.000028	-0.000674	0.005498	-0.922684	-0.385280	-0.014640	0.385340	-0.922774	-0.001431	-0.012958	-0.006961	0.999892
04611	-0.136428	-0.029332	9.709786	-0.002549	-0.001715	0.004270	-0.922692	-0.385262	-0.014602	0.385323	-0.922781	-0.001471	-0.012908	-0.006984	0.999892
04612	-0.144604	-0.018797	9.710086	-0.001206	0.000016	0.005510	-0.922694	-0.385255	-0.014609	0.385316	-0.922783	-0.001477	-0.012912	-0.006992	0.999892
04613	-0.145877	-0.028445	9.700099	-0.000639	-0.000627	0.004889	-0.922697	-0.385248	-0.014598	0.385309	-0.922787	-0.001470	-0.012905	-0.006982	0.999892
04614	-0.134702	-0.020437	9.710014	-0.000635	-0.000648	0.006724	-0.922682	-0.385285	-0.014588	0.385346	-0.922771	-0.001462	-0.012898	-0.006970	0.999893
04615	-0.134481	-0.020650	9.710017	-0.001289	-0.001195	0.004884	-0.922688	-0.385271	-0.014564	0.385332	-0.922777	-0.001470	-0.012873	-0.006969	0.999893
04616	-0.145323	-0.029306	9.709868	-0.001204	0.000009	0.006122	-0.922681	-0.385288	-0.014570	0.385348	-0.922770	-0.001476	-0.012876	-0.006977	0.999893
04617	-0.143925	-0.019752	9.700332	-0.001896	-0.001161	0.005498	-0.922684	-0.385284	-0.014546	0.385344	-0.922772	-0.001500	-0.012845	-0.006989	0.999893
04618	-0.133909	-0.021512	9.710023	-0.000069	-0.001284	0.005491	-0.922685	-0.385282	-0.014520	0.385342	-0.922773	-0.001478	-0.012829	-0.006959	0.999893
04619	-0.153232	-0.018792	9.700413	-0.001164	0.000625	0.005517	-0.922685	-0.385281	-0.014542	0.385341	-0.922773	-0.001483	-0.012847	-0.006972	0.999893
04620	-0.153144	-0.019460	9.719938	-0.000639	-0.000627	0.004889	-0.922690	-0.385269	-0.014532	0.385329	-0.922778	-0.001476	-0.012841	-0.006961	0.999893
04621	-0.143394	-0.020972	9.719862	-0.001203	0.000001	0.006733	-0.922677	-0.385300	-0.014537	0.385361	-0.922765	-0.001482	-0.012844	-0.006969	0.999893
04622	-0.143401	-0.021246	9.719862	-0.001208	0.000031	0.004287	-0.922687	-0.385275	-0.014544	0.385335	-0.922775	-0.001489	-0.012847	-0.006978	0.999893
04623	-0.154509	-0.029494	9.709947	0.000054	0.000543	0.005512	-0.922686	-0.385277	-0.014563	0.385337	-0.922775	-0.001464	-0.012874	-0.006962	0.999893
04624	-0.143590	-0.021256	9.710096	-0.001208	0.000031	0.004287	-0.922696	-0.385253	-0.014569	0.385313	-0.922785	-0.001471	-0.012877	-0.006971	0.999893
04625	-0.143520	-0.021463	9.710097	-0.000639	-0.000627	0.004889	-0.922702	-0.385240	-0.014559	0.385300	-0.922790	-0.001463	-0.012871	-0.006960	0.999893
04626	-0.144575	-0.031588	9.719635	-0.001288	-0.001202	0.005496	-0.922703	-0.385239	-0.014535	0.385299	-0.922791	-0.001472	-0.012845	-0.006959	0.999893
04627	-0.152832	-0.020571	9.710178	-0.000598	-0.000018	0.004896	-0.922707	-0.385227	-0.014540	0.385287	-0.922796	-0.001464	-0.012854	-0.006953	0.999893
04628	-0.151494	-0.011492	9.729930	-0.000556	0.000591	0.004903	-0.922712	-0.385215	-0.014560	0.385275	-0.922801	-0.001454	-0.012876	-0.006952	0.999893
04629	-0.152744	-0.020681	9.710179	0.000496	-0.001927	0.004870	-0.922718	-0.385202	-0.014518	0.385261	-0.922806	-0.001418	-0.012851	-0.006902	0.999894
04630	-0.142922	-0.022209	9.710104	-0.002379	0.000693	0.006746	-0.922706	-0.385230	-0.014541	0.385290	-0.922794	-0.001454	-0.012859	-0.006944	0.999893
04631	-0.143005	-0.022546	9.710102	-0.000593	-0.000040	0.006731	-0.922693	-0.385260	-0.014546	0.385320	-0.922782	-0.001444	-0.012866	-0.006938	0.999893
04632	-0.154002	-0.031016	9.709950	-0.000596	-0.000025	0.005508	-0.922693	-0.385261	-0.014551	0.385320	-0.922782	-0.001436	-0.012875	-0.006932	0.999893
04633	-0.152669	-0.021396	9.710179	0.000010	-0.000052	0.004282	-0.922704	-0.385234	-0.014556	0.385294	-0.922793	-0.001413	-0.012888	-0.006912	0.999893
04634	-0.142904	-0.023327	9.729627	-0.001208	0.000031	0.004287	-0.922715	-0.385207	-0.014562	0.385267	-0.922804	-0.001419	-0.012891	-0.006920	0.999893
04635	-0.152647	-0.021564	9.700416	-0.001244	-0.000608	0.006727	-0.922703	-0.385238	-0.014553	0.385297	-0.922791	-0.001426	-0.012880	-0.006923	0.999893
04636	-0.132026	-0.015214	9.720015	-0.000473	0.001809	0.004918	-0.922707	-0.385225	-0.014604	0.385284	-0.922797	-0.001415	-0.012931	-0.006932	0.999892
04637	-0.141741	-0.013771	9.710329	-0.000720	-0.001859	0.006098	-0.922702	-0.385240	-0.014563	0.385299	-0.922791	-0.001409	-0.012896	-0.006911	0.999893
04638	-0.133062	-0.025234	9.719788	-0.001250	-0.000578	0.004280	-0.922713	-0.385213	-0.014554	0.385273	-0.922802	-0.001417	-0.012885	-0.006915	0.999893
04639	-0.143863	-0.033938	9.719637	-0.001898	-0.001160	0.005499	-0.922712	-0.385216	-0.014531	0.385276	-0.922800	-0.001440	-0.012854	-0.006927	0.999893
04640	-0.152030	-0.022977	9.710185	-0.000634	-0.000657	0.007336	-0.922694	-0.385260	-0.014520	0.385319	-0.922782	-0.001432	-0.012847	-0.006916	0.999894
04641	-0.141018	-0.014837	9.710337	-0.001163	0.000625	0.005518	-0.922692	-0.385263	-0.014541	0.385322	-0.922781	-0.001437	-0.012865	-0.006929	0.999893
04642	-0.141281	-0.014709	9.700572	0.000095	0.001158	0.004908	-0.922696	-0.385252	-0.014575	0.385312	-0.922785	-0.001411	-0.012906	-0.006918	0.999893
04643	-0.142445	-0.024842	9.719867	-0.000113	-0.001894	0.005484	-0.922695	-0.385256	-0.014533	0.385315	-0.922784	-0.001390	-0.012876	-0.006882	0.999893
04644	-0.140923	-0.015073	9.710339	-0.001205	0.000016	0.005511	-0.922694	-0.385258	-0.014539	0.385317	-0.922783	-0.001396	-0.012879	-0.006890	0.999893
04645	-0.142500	-0.025076	9.710103	-0.001689	0.001893	0.004923	-0.922698	-0.385247	-0.014592	0.385306	-0.922788	-0.001415	-0.012920	-0.006928	0.999893
04646	-0.142652	-0.025268	9.710101	-0.000032	-0.000661	0.004275	-0.922710	-0.385219	-0.014581	0.385279	-0.922799	-0.001392	-0.012919	-0.006903	0.999893
04647	-0.153788	-0.033476	9.700182	-0.001121	0.001234	0.005525	-0.922709	-0.385221	-0.014618	0.385281	-0.922798	-0.001396	-0.012952	-0.006920	0.999892
04648	-0.151156	-0.014805	9.720168	-0.000596	-0.000026	0.005508	-0.922708	-0.385221	-0.014624	0.385281	-0.922798	-0.001387	-0.012960	-0.006914	0.999892
04649	-0.152657	-0.024037	9.700410	0.000056	0.000534	0.006125	-0.922702	-0.385237	-0.014643	0.385296	-0.922792	-0.001362	-0.012987	-0.006899	0.999892
04650	-0.141528	-0.016099	9.720090	0.000578	-0.000711	0.004884	-0.922707	-0.385225	-0.014630	0.385284	-0.922797	-0.001324	-0.012991	-0.006858	0.999892
04651	-0.141611	-0.015673	9.700565	-0.001166	0.000641	0.004295	-0.922717	-0.385199	-0.014652	0.385258	-0.922808	-0.001330	-0.013009	-0.006872	0.999892
04652	-0.151263	-0.014924	9.720166	0.000015	-0.000083	0.006730	-0.922704	-0.385230	-0.014655	0.385289	-0.922795	-0.001305	-0.013021	-0.006851	0.999892
04653	-0.143039	-0.025732	9.700331	-0.002423	0.000102	0.005516	-0.922703	-0.385231	-0.014664	0.385291	-0.922794	-0.001342	-0.013015	-0.006888	0.999892
04654	-0.152594	-0.024824	9.710172	0.000579	-0.000719	0.005496	-0.922703	-0.385233	-0.014651	0.385292	-0.922794	-0.001303	-0.013018	-0.006848	0.999892
04655	-0.142851	-0.025682	9.690571	-0.000639	-0.000634	0.005501	-0.922702	-0.385235	-0.014641	0.385294	-0.922793	-0.001296	-0.013011	-0.006837	0.999892
04656	-0.150937	-0.014727	9.690885	-0.000075	-0.001271	0.004268	-0.922714	-0.385208	-0.014615	0.385266	-0.922805	-0.001274	-0.012996	-0.006807	0.999892
04657	-0.135431	-0.047063	9.709558	-0.001204	0.000009	0.006123	-0.922707	-0.385225	-0.014621	0.385283	-0.922798	-0.001281	-0.012998	-0.006815	0.999892
04658	-0.142263	-0.026742	9.719865	-0.000031	-0.000669	0.004887	-0.922712	-0.385212	-0.014609	0.385270	-0.922803	-0.001258	-0.012997	-0.006790	0.999892
04659	-0.151829	-0.025278	9.710182	-0.001248	-0.000592	0.005504	-0.922712	-0.385214	-0.014601	0.385272	-0.922802	-0.001266	-0.012986	-0.006794	0.999893
04660	-0.150445	-0.015645	9.700654	-0.001205	0.000017	0.005511	-0.922711	-0.385216	-0.014607	0.385274	-0.922802	-0.001273	-0.012989	-0.006802	0.999893
04661	-0.140533	-0.017626	9.720102	-0.000073	-0.001286	0.005492	-0.922711	-0.385217	-0.014581	0.385274	-0.922801	-0.001251	-0.012974	-0.006772	0.999893
04662	-0.140388	-0.017135	9.700581	-0.000030	-0.000677	0.005499	-0.922710	-0.385219	-0.014570	0.385276	-0.922801	-0.001228	-0.012973	-0.006746	0.999893
04663	-0.158158	-0.005042	9.710737	-0.000639	-0.000634	0.005501	-0.922710	-0.385220	-0.014560	0.385277	-0.922800	-0.001220	-0.012966	-0.006735	0.999893
04664	-0.140165	-0.017476	9.700583	-0.001815	0.000068	0.004902	-0.922715	-0.385208	-0.014568	0.385265	-0.922805	-0.001241	-0.012965	-0.006758	0.999893
04665	-0.149637	-0.017192	9.729950	-0.001249	-0.000584	0.004892	-0.922721	-0.385194	-0.014559	0.385252	-0.922811	-0.001249	-0.012954	-0.006761	0.999893
04666	-0.141476	-0.027696	9.700349	-0.000552	0.000575	0.006128	-0.922714	-0.385211	-0.014579	0.385268	-0.922804	-0.001238	-0.012977	-0.006760	0.999893
04667	-0.151171	-0.026689	9.710189	-0.000597	-0.000018	0.004897	-0.922718	-0.385199	-0.014584	0.385256	-0.922809	-0.001230	-0.012985	-0.006754	0.999893
04668	-0.140133	-0.018594	9.710344	-0.001205	0.000017	0.005511	-0.922718	-0.385200	-0.014590	0.385258	-0.922808	-0.001237	-0.012988	-0.006762	0.999893
04669	-0.140016	-0.019043	9.720107	-0.000641	-0.000627	0.004890	-0.922723	-0.385188	-0.014581	0.385245	-0.922813	-0.001229	-0.012982	-0.006752	0.999893
04670	-0.139996	-0.019082	9.710345	-0.001817	0.000076	0.004290	-0.922734	-0.385162	-0.014588	0.385220	-0.922824	-0.001252	-0.012980	-0.006775	0.999893
04671	-0.149747	-0.017977	9.710422	-0.000553	0.000583	0.005516	-0.922732	-0.385164	-0.014608	0.385222	-0.922823	-0.001242	-0.013002	-0.006773	0.999893
04672	-0.140178	-0.019712	9.720103	-0.000553	0.000583	0.005516	-0.922731	-0.385166	-0.014629	0.385224	-0.922822	-0.001233	-0.013025	-0.006773	0.999892
04673	-0.141654	-0.029160	9.700342	-0.001857	-0.000548	0.005507	-0.922730	-0.385169	-0.014621	0.385226	-0.922821	-0.001255	-0.013009	-0.006791	0.999892
04674	-0.148364	-0.009540	9.730181	-0.001205	0.000017	0.005512	-0.922730	-0.385170	-0.014627	0.385228	-0.922821	-0.001262	-0.013012	-0.006799	0.999892
04675	-0.151093	-0.028175	9.690661	-0.001335	-0.001809	0.005489	-0.922730	-0.385172	-0.014588	0.385229	-0.922820	-0.001272	-0.012972	-0.006793	0.999893
04676	-0.139545	-0.020927	9.720110	-0.001292	-0.001200	0.005497	-0.922730	-0.385173	-0.014563	0.385230	-0.922820	-0.001281	-0.012946	-0.006792	0.999893
04677	-0.158865	-0.018272	9.710508	-0.001775	0.000692	0.003686	-0.922746	-0.385132	-0.014587	0.385190	-0.922836	-0.001301	-0.012960	-0.006820	0.999893
04678	-0.139587	-0.021068	9.700584	-0.000639	-0.000635	0.005502	-0.922746	-0.385134	-0.014576	0.385192	-0.922836	-0.001293	-0.012953	-0.006808	0.999893
04679	-0.149208	-0.020126	9.710427	-0.001159	0.000611	0.006743	-0.922733	-0.385163	-0.014598	0.385221	-0.922823	-0.001298	-0.012971	-0.006821	0.999893
04680	-0.142471	-0.041097	9.709867	-0.001160	0.000618	0.006131	-0.922726	-0.385179	-0.014619	0.385237	-0.922817	-0.001303	-0.012989	-0.006834	0.999892
04681	-0.129984	-0.023605	9.720025	-0.000641	-0.000627	0.004890	-0.922731	-0.385167	-0.014609	0.385225	-0.922822	-0.001296	-0.012982	-0.006823	0.999892
04682	-0.149251	-0.021109	9.720186	-0.001815	0.000069	0.004902	-0.922736	-0.385154	-0.014616	0.385213	-0.922827	-0.001318	-0.012980	-0.006847	0.999892
04683	-0.152111	-0.040044	9.690421	-0.001248	-0.000592	0.005504	-0.922736	-0.385156	-0.014606	0.385215	-0.922826	-0.001325	-0.012969	-0.006850	0.999892
04684	-0.149171	-0.021494	9.710424	-0.001208	0.000033	0.004288	-0.922746	-0.385130	-0.014613	0.385189	-0.922837	-0.001333	-0.012972	-0.006858	0.999892
04685	-0.139641	-0.022855	9.710342	0.001318	0.001060	0.005517	-0.922745	-0.385133	-0.014645	0.385191	-0.922836	-0.001276	-0.013023	-0.006819	0.999892
04686	-0.138412	-0.013475	9.720340	-0.001769	0.000662	0.006134	-0.922738	-0.385149	-0.014667	0.385208	-0.922829	-0.001296	-0.013036	-0.006846	0.999892
04687	-0.151120	-0.031242	9.700414	-0.001161	0.000626	0.005519	-0.922737	-0.385151	-0.014689	0.385210	-0.922828	-0.001302	-0.013054	-0.006860	0.999891
04688	-0.148253	-0.012123	9.700894	-0.000685	-0.001236	0.004883	-0.922631	-0.385404	-0.014669	0.385466	-0.922721	-0.001553	-0.012937	-0.007087	0.999891
