// General information: 
//  MT Manager version: 2022.2.0 
//  XDA version: 2022.2.0 build 7381 rev 124627 built on 2023-07-19
// Device information: 
//  DeviceId: 00B4CAF0
//  ProductCode: MTW2-3A7G6
//  Firmware Version: 4.6.0
//  Hardware Version: 2.0.0
// Device settings: 
//  Filter Profile: human(46.1)
//  Option Flags: Orientation Smoother Disabled, Position/Velocity Smoother Disabled, Continuous Zero Rotation Update Disabled, AHS Disabled, ICC Disabled
// Coordinate system: ENU
PacketCounter	Acc_X	Acc_Y	Acc_Z	Gyr_X	Gyr_Y	Gyr_Z	Mat[1][1]	Mat[2][1]	Mat[3][1]	Mat[1][2]	Mat[2][2]	Mat[3][2]	Mat[1][3]	Mat[2][3]	Mat[3][3]
40572	4.551561	1.531088	9.067028	0.029612	-0.007365	-0.000635	-0.659837	-0.609376	0.439632	0.723642	-0.672919	0.153368	0.202378	0.419334	0.884987
40573	4.403907	1.488447	9.142264	0.038248	-0.002879	-0.004858	-0.659936	-0.609233	0.439682	0.723595	-0.672896	0.153693	0.202225	0.419579	0.884906
40574	4.412725	1.514455	9.147008	0.037286	-0.014727	-0.005873	-0.659958	-0.609096	0.439837	0.723613	-0.672795	0.154051	0.202088	0.419939	0.884766
40575	4.516947	1.587128	9.146175	0.028011	-0.005756	-0.011976	-0.660077	-0.608933	0.439884	0.723536	-0.672810	0.154344	0.201974	0.420151	0.884692
40576	4.496564	1.534699	9.181650	0.020112	-0.006004	-0.007346	-0.660128	-0.608823	0.439961	0.723509	-0.672790	0.154556	0.201904	0.420342	0.884617
40577	4.633863	1.623182	9.063389	0.007186	0.014819	-0.005508	-0.660206	-0.608843	0.439817	0.723487	-0.672787	0.154674	0.201731	0.420319	0.884668
40578	4.477984	1.560775	9.110954	0.000702	0.028738	-0.001519	-0.660284	-0.608918	0.439595	0.723459	-0.672813	0.154689	0.201572	0.420168	0.884775
40579	4.560169	1.579671	9.124918	-0.015448	0.030700	-0.003370	-0.660341	-0.609070	0.439299	0.723453	-0.672839	0.154609	0.201410	0.419907	0.884936
40580	4.424754	1.500167	9.096822	-0.018044	0.041696	0.000875	-0.660428	-0.609216	0.438966	0.723404	-0.672929	0.154447	0.201301	0.419551	0.885130
40581	4.302316	1.461439	9.204238	-0.016729	0.023948	-0.000290	-0.660537	-0.609239	0.438769	0.723298	-0.673078	0.154295	0.201324	0.419278	0.885254
40582	4.443098	1.557356	9.039859	-0.019270	0.015020	-0.005025	-0.660613	-0.609233	0.438663	0.723207	-0.673209	0.154148	0.201400	0.419077	0.885332
40583	4.276372	1.467491	9.205620	-0.004836	0.008566	-0.009341	-0.660696	-0.609200	0.438584	0.723127	-0.673304	0.154109	0.201417	0.418971	0.885378
40584	4.452458	1.660816	9.139881	-0.007631	-0.013874	-0.011364	-0.660760	-0.609030	0.438724	0.723017	-0.673425	0.154093	0.201600	0.419024	0.885311
40585	4.564918	1.536405	9.048219	-0.012048	0.005337	-0.008603	-0.660871	-0.608944	0.438677	0.722887	-0.673584	0.154009	0.201703	0.418894	0.885349
40586	4.509188	1.600634	9.082618	-0.004837	0.008566	-0.009342	-0.660965	-0.608881	0.438621	0.722797	-0.673681	0.154009	0.201717	0.418829	0.885377
40587	4.504726	1.519890	9.090070	-0.005106	0.007964	-0.003792	-0.660902	-0.609018	0.438525	0.722876	-0.673609	0.153948	0.201638	0.418744	0.885435
40588	4.568143	1.552624	9.079079	-0.006868	0.010484	-0.003824	-0.660961	-0.609001	0.438461	0.722818	-0.673681	0.153906	0.201654	0.418653	0.885474
40589	4.490952	1.561588	9.149849	-0.007528	0.019359	-0.003244	-0.661014	-0.609060	0.438299	0.722777	-0.673748	0.153806	0.201626	0.418461	0.885572
40590	4.491552	1.565901	9.127129	-0.014461	0.018047	-0.000456	-0.661064	-0.609097	0.438173	0.722726	-0.673831	0.153682	0.201648	0.418272	0.885656
40591	4.492176	1.570076	9.104428	-0.010905	0.018905	-0.003702	-0.661255	-0.608983	0.438042	0.722524	-0.674071	0.153582	0.201742	0.418053	0.885738
40592	4.384878	1.494604	9.128654	-0.011639	0.014669	-0.004112	-0.661324	-0.608982	0.437940	0.722455	-0.674164	0.153499	0.201765	0.417904	0.885803
40593	4.450277	1.532026	9.094263	-0.013254	0.011693	-0.004537	-0.661440	-0.608936	0.437829	0.722343	-0.674297	0.153445	0.201789	0.417757	0.885867
40594	4.428763	1.545234	9.070647	-0.000757	0.007362	-0.005174	-0.661502	-0.608896	0.437790	0.722288	-0.674351	0.153463	0.201782	0.417727	0.885883
40595	4.369445	1.460772	9.171822	0.003648	0.001060	-0.005093	-0.661551	-0.608848	0.437783	0.722243	-0.674392	0.153496	0.201782	0.417732	0.885881
40596	4.451465	1.537805	9.071015	0.003153	-0.008471	-0.007744	-0.661600	-0.608725	0.437881	0.722179	-0.674446	0.153560	0.201851	0.417824	0.885821
40597	4.427080	1.542463	9.093629	0.020969	-0.014463	-0.011593	-0.661759	-0.608448	0.438025	0.722016	-0.674571	0.153779	0.201912	0.418025	0.885712
40598	4.407786	1.558758	9.068398	0.026988	-0.017787	-0.011092	-0.661813	-0.608264	0.438199	0.721978	-0.674545	0.154068	0.201871	0.418334	0.885576
40599	4.430401	1.548618	9.090965	0.036861	-0.031244	-0.014623	-0.661942	-0.607924	0.438475	0.721855	-0.674586	0.154465	0.201886	0.418763	0.885370
40600	4.598063	1.649935	9.101668	0.036622	-0.025947	-0.012390	-0.661989	-0.607696	0.438720	0.721828	-0.674528	0.154846	0.201830	0.419186	0.885182
40601	4.565976	1.634298	9.118042	0.028115	-0.005532	-0.013809	-0.662196	-0.607434	0.438772	0.721660	-0.674631	0.155175	0.201751	0.419400	0.885099
40602	4.555380	1.609372	9.135733	0.021259	0.007581	-0.002427	-0.662238	-0.607414	0.438735	0.721668	-0.674577	0.155375	0.201584	0.419516	0.885082
40603	4.518344	1.586275	9.177577	0.005087	0.022442	-0.001456	-0.662431	-0.607318	0.438577	0.721502	-0.674746	0.155411	0.201545	0.419383	0.885154
40604	4.477362	1.550197	9.166703	-0.000874	0.020068	-0.000498	-0.662485	-0.607363	0.438433	0.721477	-0.674773	0.155407	0.201454	0.419274	0.885226
40605	4.513471	1.579649	9.102551	-0.001846	0.021128	0.001335	-0.662549	-0.607406	0.438276	0.721427	-0.674847	0.155324	0.201425	0.419094	0.885318
40606	4.518283	1.457433	9.152859	-0.008599	0.020213	0.000425	-0.662597	-0.607458	0.438132	0.721393	-0.674901	0.155247	0.201389	0.418932	0.885403
40607	4.321493	1.635717	9.148506	0.010592	0.022500	-0.000770	-0.662706	-0.607469	0.437952	0.721334	-0.674946	0.155323	0.201240	0.418843	0.885479
40608	4.359091	1.596082	9.043640	0.009919	0.012566	0.000287	-0.662739	-0.607488	0.437876	0.721337	-0.674923	0.155411	0.201122	0.418853	0.885501
40609	4.371681	1.568099	9.139265	0.016821	0.007984	0.000809	-0.662748	-0.607525	0.437811	0.721373	-0.674855	0.155538	0.200965	0.418908	0.885511
40610	4.391315	1.618879	9.025925	0.036826	-0.004101	-0.001344	-0.662759	-0.607463	0.437879	0.721418	-0.674729	0.155872	0.200763	0.419200	0.885418
40611	4.461638	1.535870	9.163419	0.048501	-0.012862	-0.000540	-0.662757	-0.607392	0.437981	0.721502	-0.674531	0.156343	0.200470	0.419622	0.885285
40612	4.595882	1.616533	9.091764	0.039379	-0.008077	0.000546	-0.662748	-0.607326	0.438087	0.721564	-0.674383	0.156691	0.200276	0.419955	0.885171
40613	4.570518	1.554526	9.174774	0.035187	0.005838	0.001038	-0.662735	-0.607375	0.438038	0.721657	-0.674216	0.156984	0.199984	0.420152	0.885143
40614	4.590453	1.612201	9.138556	0.024303	0.013141	0.002094	-0.662757	-0.607409	0.437959	0.721699	-0.674122	0.157192	0.199758	0.420255	0.885145
40615	4.611472	1.605307	9.139721	0.010626	0.029720	0.003478	-0.662787	-0.607557	0.437707	0.721744	-0.674059	0.157259	0.199496	0.420141	0.885258
40616	4.581508	1.602006	9.087920	0.001511	0.053314	0.004053	-0.662875	-0.607773	0.437275	0.721754	-0.674048	0.157256	0.199168	0.419846	0.885472
40617	4.470962	1.595635	9.053557	-0.002622	0.061536	0.005999	-0.663118	-0.607851	0.436797	0.721582	-0.674254	0.157163	0.198981	0.419403	0.885725
40618	4.404291	1.574444	9.120901	0.006621	0.064173	0.007328	-0.663203	-0.608133	0.436274	0.721624	-0.674203	0.157191	0.198544	0.419076	0.885977
40619	4.295725	1.506698	9.122693	0.034535	0.052336	0.000567	-0.663438	-0.608184	0.435847	0.721536	-0.674228	0.157487	0.198079	0.418962	0.886135
40620	4.201136	1.551174	9.198503	0.055536	0.027597	0.001411	-0.663493	-0.608273	0.435639	0.721636	-0.674008	0.157975	0.197532	0.419187	0.886151
40621	4.261523	1.516620	9.270873	0.073405	-0.002901	-0.000419	-0.663539	-0.608204	0.435666	0.721729	-0.673749	0.158649	0.197039	0.419703	0.886017
40622	4.315881	1.522374	9.198954	0.080753	-0.023974	-0.001016	-0.663510	-0.608060	0.435911	0.721861	-0.673437	0.159371	0.196652	0.420411	0.885767
40623	4.324580	1.547235	9.225606	0.080656	-0.044312	-0.006243	-0.663542	-0.607739	0.436308	0.721892	-0.673227	0.160115	0.196426	0.421211	0.885437
40624	4.428328	1.536355	9.152951	0.074169	-0.062111	-0.004576	-0.663464	-0.607410	0.436884	0.721987	-0.672963	0.160794	0.196340	0.422106	0.885030
40625	4.243561	1.526375	9.276705	0.062304	-0.073888	-0.008774	-0.663449	-0.606962	0.437529	0.721983	-0.672820	0.161412	0.196407	0.422977	0.884598
40626	3.760993	1.207017	9.602809	0.199306	-0.131279	0.013282	-0.663107	-0.606459	0.438745	0.722442	-0.671915	0.163118	0.195875	0.425132	0.883683
40627	4.557546	1.623767	9.001385	0.245318	-0.187747	0.022176	-0.662728	-0.605605	0.440494	0.722876	-0.670958	0.165120	0.195555	0.427852	0.882440
40628	3.773743	1.492409	9.932165	0.207930	-0.216035	-0.001448	-0.662327	-0.604631	0.442430	0.723253	-0.670096	0.166962	0.195520	0.430572	0.881124
40629	4.520789	1.684643	9.344954	0.268728	-0.289707	0.000221	-0.661810	-0.603324	0.444980	0.723727	-0.668986	0.169342	0.195517	0.434117	0.879384
40630	4.737353	1.648337	9.058719	0.211116	-0.261665	-0.012476	-0.661400	-0.602064	0.447291	0.724037	-0.668163	0.171255	0.195757	0.437123	0.877840
40631	4.440492	1.653610	9.261696	0.209705	-0.264031	-0.018818	-0.661072	-0.600717	0.449581	0.724262	-0.667424	0.173176	0.196032	0.440096	0.876291
40632	4.501435	1.626070	9.164728	0.197645	-0.290283	-0.031732	-0.660743	-0.599186	0.452100	0.724420	-0.666763	0.175051	0.196556	0.443174	0.874621
40633	4.731334	1.631266	9.112891	0.149459	-0.296718	-0.047203	-0.660496	-0.597549	0.454622	0.724391	-0.666410	0.176509	0.197491	0.445907	0.873020
40634	4.578361	1.725962	9.147847	0.120641	-0.299118	-0.060204	-0.660350	-0.595773	0.457156	0.724212	-0.666251	0.177838	0.198630	0.448514	0.871425
40635	4.708866	1.807485	9.128059	0.067704	-0.327130	-0.083076	-0.660383	-0.593640	0.459877	0.723694	-0.666562	0.178781	0.200405	0.450874	0.869799
40636	4.602806	1.872463	9.188253	-0.015541	-0.337979	-0.092837	-0.660384	-0.591456	0.462680	0.723029	-0.667204	0.179077	0.202786	0.452790	0.868250
40637	4.424811	1.937135	9.469243	-0.069937	-0.397876	-0.103129	-0.660518	-0.588711	0.465979	0.721972	-0.668375	0.178970	0.206087	0.454636	0.866507
40638	4.188209	1.807127	9.656167	-0.030548	-0.530169	-0.092783	-0.660096	-0.585634	0.470432	0.721276	-0.669081	0.179142	0.209845	0.457562	0.864061
40639	4.280639	1.616541	9.618744	0.042632	-0.721998	-0.095867	-0.659347	-0.581568	0.476487	0.720635	-0.669544	0.179990	0.214352	0.462049	0.860560
40640	4.385877	1.635317	9.611578	0.060255	-0.878052	-0.095472	-0.658140	-0.576809	0.483884	0.720116	-0.669839	0.180969	0.219739	0.467555	0.856217
40641	4.289787	1.769894	9.683932	0.098007	-1.031412	-0.090818	-0.656649	-0.571158	0.492534	0.719560	-0.670082	0.182272	0.225933	0.474097	0.850992
40642	4.079916	1.737649	9.914146	0.135437	-1.204715	-0.072896	-0.654420	-0.564872	0.502647	0.719372	-0.669871	0.183787	0.232892	0.481863	0.844730
40643	4.051169	2.027060	9.980869	0.189337	-1.403092	-0.041522	-0.651515	-0.557613	0.514388	0.719395	-0.669353	0.185573	0.240829	0.490952	0.837238
40644	3.783699	2.516666	10.075492	0.249922	-1.665987	0.031409	-0.647211	-0.549513	0.528350	0.720191	-0.667960	0.187495	0.249886	0.501861	0.828065
40645	3.585585	2.815334	10.452612	0.320354	-1.984730	0.154077	-0.641133	-0.540320	0.544979	0.721863	-0.665652	0.189265	0.260503	0.514744	0.816809
40646	3.730417	3.248250	11.089692	0.227207	-2.310664	0.399089	-0.632084	-0.530873	0.564485	0.724989	-0.662351	0.188897	0.273606	0.528644	0.803539
40647	2.917366	3.995408	10.577523	-0.058750	-2.718596	0.815765	-0.618633	-0.521470	0.587676	0.729688	-0.658648	0.183679	0.291288	0.542450	0.787972
40648	2.245946	4.700084	10.264320	-0.633923	-3.366495	1.451914	-0.597764	-0.512476	0.616479	0.736572	-0.654644	0.170009	0.316449	0.555707	0.768798
40649	2.838895	4.795099	11.219568	-1.083678	-3.916560	2.061819	-0.569683	-0.503638	0.649468	0.744713	-0.650606	0.148707	0.347654	0.568383	0.745706
40650	3.215580	5.597268	10.429630	-1.230628	-4.333035	2.380580	-0.536067	-0.494100	0.684469	0.753373	-0.645830	0.123825	0.380868	0.582039	0.718450
40651	10.186703	4.812568	12.086890	-1.033630	-5.037950	2.224068	-0.499406	-0.478242	0.722411	0.760321	-0.641675	0.100819	0.415337	0.599614	0.684075
40652	15.291063	6.179397	15.707835	-0.031840	-4.395824	1.977336	-0.465547	-0.463984	0.753648	0.769708	-0.632574	0.086023	0.436825	0.620136	0.651625
40653	10.644145	7.451288	13.462177	-0.122936	-4.029294	2.053944	-0.431780	-0.451203	0.781014	0.777933	-0.624516	0.069285	0.456494	0.637492	0.620659
40654	8.720091	6.557676	13.091320	-0.613045	-3.915830	2.211098	-0.396219	-0.439668	0.806042	0.784206	-0.618637	0.048040	0.477526	0.651137	0.589906
40655	6.509219	6.628082	11.910217	-0.976408	-3.847273	2.373102	-0.358928	-0.428587	0.829147	0.787796	-0.615512	0.022869	0.500548	0.661406	0.558563
40656	4.276315	5.774784	10.045258	-1.295074	-3.902297	2.507549	-0.319153	-0.417970	0.850554	0.789646	-0.613540	-0.005201	0.524023	0.669977	0.525861
40657	3.327765	5.433189	9.062976	-1.416271	-3.953970	2.582675	-0.277676	-0.406774	0.870305	0.789152	-0.613210	-0.034826	0.547846	0.677132	0.491280
40658	0.190267	4.756092	8.322930	-1.833107	-4.003084	2.711152	-0.233890	-0.396167	0.887889	0.785801	-0.614804	-0.067322	0.572549	0.681958	0.455106
40659	-4.377862	5.082338	8.595536	-2.602376	-4.557899	2.849020	-0.184826	-0.382501	0.905280	0.776059	-0.621967	-0.104352	0.602969	0.683264	0.411800
40660	6.318602	12.366648	17.244598	-3.454684	-4.692843	1.634105	-0.143182	-0.360790	0.921591	0.757298	-0.639450	-0.132679	0.637181	0.678922	0.364783
40661	17.988534	10.625647	22.179206	-3.437406	-3.286490	0.323518	-0.119419	-0.340734	0.932545	0.735078	-0.661711	-0.147644	0.667382	0.667862	0.329487
40662	11.058308	9.232306	19.466467	-3.490163	-1.264073	-0.698552	-0.115855	-0.327652	0.937668	0.710481	-0.687040	-0.152290	0.694114	0.648552	0.312387
40663	5.224177	6.620062	12.658371	-3.343381	0.422455	-1.323210	-0.128224	-0.321081	0.938331	0.685072	-0.712803	-0.150293	0.717102	0.623553	0.311363
40664	8.017220	1.707324	5.458026	-2.436268	1.585197	-1.647181	-0.150816	-0.318829	0.935736	0.665113	-0.733009	-0.142557	0.731355	0.600871	0.322607
40665	1.928962	-3.182801	7.156845	-1.068461	2.928892	-2.208923	-0.186999	-0.319824	0.928840	0.653336	-0.746587	-0.125537	0.733610	0.583369	0.348564
40666	-1.316023	-0.293711	7.578670	-0.035358	3.251825	-2.607893	-0.227707	-0.318991	0.919997	0.647652	-0.755141	-0.101531	0.727115	0.572718	0.378546
40667	-1.606085	0.683124	6.400477	0.569327	3.192399	-2.651160	-0.268062	-0.317058	0.909734	0.644914	-0.760562	-0.075039	0.715702	0.566585	0.408353
40668	-0.725567	2.178341	5.635872	0.851739	3.124593	-2.554145	-0.306648	-0.315193	0.898120	0.643589	-0.763844	-0.048326	0.701256	0.563202	0.437086
40669	0.457599	3.270138	6.165118	0.814287	3.103439	-2.315715	-0.343256	-0.314832	0.884904	0.641409	-0.766823	-0.024018	0.686127	0.559341	0.465153
40670	2.029750	3.032332	7.137598	0.587803	3.162577	-2.014521	-0.377599	-0.316908	0.870051	0.638114	-0.769934	-0.003502	0.670991	0.553869	0.492950
40671	3.819353	1.897212	8.069884	0.396685	3.296257	-1.741113	-0.410745	-0.321512	0.853181	0.633560	-0.773576	0.013499	0.655660	0.546086	0.521440
40672	5.224624	1.038597	8.688924	0.327358	3.510603	-1.546443	-0.443222	-0.328492	0.834055	0.629051	-0.776848	0.028321	0.638630	0.537216	0.550955
40673	5.882943	-0.120544	8.567401	0.425077	3.739654	-1.441106	-0.475996	-0.337068	0.812288	0.624753	-0.779661	0.042573	0.618959	0.527744	0.581700
40674	6.164796	-1.655567	7.675157	0.642531	3.894965	-1.460920	-0.508755	-0.346014	0.788317	0.621437	-0.781305	0.058120	0.595806	0.519458	0.612519
40675	5.654816	-0.628013	7.079945	1.058555	4.118369	-1.600701	-0.542883	-0.354601	0.761273	0.618802	-0.781750	0.077144	0.567770	0.512958	0.643826
40676	5.307314	-0.718657	6.222989	0.947514	4.039681	-1.492538	-0.574459	-0.363461	0.733412	0.615681	-0.782302	0.094554	0.539382	0.505865	0.673177
40677	6.166102	-1.716324	6.587977	1.173006	4.040300	-1.392870	-0.604440	-0.372683	0.704102	0.613222	-0.781845	0.112591	0.508538	0.499826	0.701116
40678	7.143652	-1.481828	7.113029	1.337479	4.002984	-1.230288	-0.631680	-0.382945	0.674043	0.612171	-0.779860	0.130633	0.475634	0.495148	0.727049
40679	7.877198	-0.924693	8.091671	1.463469	3.897065	-0.933638	-0.655541	-0.394639	0.643837	0.612450	-0.776615	0.147559	0.441781	0.491049	0.750800
40680	8.610880	-0.789350	8.480242	1.518350	3.777189	-0.586140	-0.675180	-0.408540	0.614188	0.614968	-0.771560	0.162818	0.407365	0.487637	0.772181
40681	9.359256	-0.073573	8.392622	1.617189	3.673149	-0.240955	-0.691272	-0.424253	0.584938	0.619195	-0.765060	0.176862	0.372479	0.484451	0.791560
40682	9.949473	1.365038	7.899117	1.688168	3.662781	0.022797	-0.704121	-0.442071	0.555686	0.625309	-0.756830	0.190253	0.336455	0.481436	0.809331
40683	9.637661	2.719564	7.395319	1.711584	3.693364	0.070181	-0.715706	-0.460013	0.525502	0.630846	-0.748659	0.203821	0.299662	0.477387	0.826017
40684	9.378073	2.836134	7.415593	1.763974	3.665740	-0.255779	-0.727631	-0.475489	0.494432	0.633926	-0.741493	0.219833	0.262089	0.473390	0.840958
40685	9.316439	3.684778	7.706910	1.851909	3.611718	-0.890899	-0.742317	-0.485632	0.461657	0.631502	-0.737378	0.239747	0.223987	0.469506	0.854046
40686	8.208546	4.602634	7.156452	1.824547	3.406453	-1.667598	-0.759790	-0.489233	0.428217	0.622696	-0.736994	0.262849	0.186999	0.466360	0.864604
40687	9.289863	5.306187	7.844183	1.540490	3.077286	-2.410885	-0.780099	-0.485408	0.394746	0.606414	-0.741888	0.286120	0.153972	0.462581	0.873104
40688	11.479351	5.262897	7.586993	1.063945	2.768313	-2.908559	-0.801314	-0.476381	0.361879	0.584871	-0.751008	0.306452	0.125787	0.457217	0.880415
40689	12.586228	3.597441	6.655242	0.425403	2.516396	-3.071036	-0.821978	-0.464243	0.329895	0.560122	-0.763773	0.320803	0.103034	0.448475	0.887837
40690	14.299179	1.192776	6.289693	-0.151309	2.348843	-2.860439	-0.839876	-0.452545	0.299687	0.536179	-0.777580	0.328454	0.084390	0.436546	0.895715
40691	14.454376	-1.353047	7.773122	-0.337346	2.124934	-2.302567	-0.853770	-0.443406	0.272889	0.516157	-0.789539	0.331980	0.068254	0.424288	0.902951
40692	6.020220	4.319690	7.201349	-3.211856	-0.261906	-0.098205	-0.854087	-0.441498	0.274982	0.512792	-0.803233	0.303086	0.087063	0.399870	0.912428
40693	26.384255	-24.311305	-3.841399	2.079508	0.124024	-0.647357	-0.857629	-0.436602	0.271756	0.508704	-0.797756	0.323735	0.075452	0.415888	0.906280
40694	23.858517	5.402284	6.486215	-0.925633	0.067889	0.455671	-0.855371	-0.440475	0.272621	0.511858	-0.799595	0.314084	0.079640	0.408202	0.909411
40695	24.416671	-0.641056	-4.822358	-0.229468	-0.249195	1.440611	-0.847816	-0.450759	0.279329	0.523751	-0.794246	0.307991	0.083026	0.407418	0.909460
40696	22.115014	7.817479	-6.761799	-1.393486	-0.505594	2.118766	-0.836108	-0.465462	0.290290	0.540321	-0.790180	0.289256	0.094744	0.398699	0.912175
40697	22.462354	2.060135	-4.248835	-3.015822	-1.228915	2.494751	-0.821101	-0.480345	0.308320	0.557699	-0.790156	0.254215	0.121510	0.380686	0.916686
40698	-1.737225	-15.384871	3.969563	-2.643819	-0.369318	1.812271	-0.810424	-0.493260	0.316082	0.569002	-0.791171	0.224244	0.139464	0.361584	0.921850
40699	7.774235	-2.579160	15.766246	2.049289	-3.298343	-1.203321	-0.812393	-0.471254	0.343421	0.562223	-0.789254	0.246949	0.154670	0.393699	0.906134
40700	7.307172	11.646944	16.577572	-0.747989	-1.568758	-0.575219	-0.813063	-0.460465	0.356230	0.556295	-0.794907	0.242193	0.171649	0.395088	0.902465
40701	11.105165	-18.990345	16.063848	-0.736701	-2.045201	0.891790	-0.804361	-0.459399	0.376771	0.562147	-0.793741	0.232304	0.192338	0.398657	0.896704
40702	14.323955	-5.675327	19.846013	0.113454	-1.203174	0.420539	-0.799632	-0.457851	0.388536	0.565711	-0.791381	0.231706	0.201393	0.405079	0.891825
40703	18.336914	6.323857	16.049948	-1.412196	-0.275093	0.286033	-0.797501	-0.458914	0.391651	0.564973	-0.795803	0.217953	0.211655	0.395090	0.893927
40704	-0.026263	4.976676	6.790088	-0.523021	0.709471	-0.067036	-0.799382	-0.461111	0.385181	0.563305	-0.798182	0.213525	0.208986	0.387662	0.897799
40705	1.009188	1.561873	8.415374	-0.983587	-0.351023	0.158380	-0.797773	-0.460953	0.388690	0.562405	-0.801287	0.204060	0.217390	0.381395	0.898487
40706	8.600672	0.503259	11.793693	-0.925877	-0.105877	0.074469	-0.797132	-0.461106	0.389822	0.560925	-0.804466	0.195441	0.223480	0.374454	0.899912
40707	2.203273	2.301559	7.839850	-0.862281	0.182566	0.032732	-0.797394	-0.461966	0.388266	0.559169	-0.807567	0.187524	0.226921	0.366637	0.902266
40708	2.974778	4.815315	8.059322	-0.801120	-0.338109	0.120845	-0.795949	-0.461668	0.391571	0.558252	-0.809950	0.179821	0.234136	0.361723	0.902406
40709	4.847887	3.421364	8.834955	-0.674021	-0.194210	0.167234	-0.794584	-0.462254	0.393647	0.557920	-0.811649	0.173064	0.239503	0.357137	0.902824
40710	3.578290	2.601672	8.957719	-0.474835	-0.189712	0.175744	-0.793155	-0.462962	0.395692	0.558135	-0.812548	0.168080	0.243704	0.354163	0.902872
40711	4.261940	2.377793	9.179633	-0.374744	-0.233369	0.185409	-0.791568	-0.463582	0.398136	0.558627	-0.813054	0.163949	0.247702	0.352186	0.902557
40712	4.312732	1.490907	9.296051	-0.270489	-0.191186	0.182570	-0.790080	-0.464350	0.400190	0.559364	-0.813181	0.160777	0.250770	0.350878	0.902219
40713	4.345169	0.402039	9.802447	-0.283226	-0.205438	0.147743	-0.788754	-0.464772	0.402310	0.559762	-0.813525	0.157618	0.254033	0.349519	0.901834
40714	4.181314	0.740907	9.722313	-0.208144	-0.181093	0.106050	-0.787707	-0.464959	0.404141	0.560034	-0.813782	0.155311	0.256670	0.348672	0.901415
40715	3.912631	1.737638	8.999646	-0.185418	-0.237031	0.093879	-0.786594	-0.464831	0.406451	0.560233	-0.814036	0.153245	0.259633	0.348249	0.900729
40716	3.714634	2.150179	8.991654	-0.133030	-0.248194	0.114595	-0.785313	-0.464855	0.408894	0.560753	-0.813990	0.151578	0.262374	0.348325	0.899906
40717	3.664841	2.117013	8.999504	-0.105694	-0.305957	0.145018	-0.783714	-0.464904	0.411894	0.561553	-0.813728	0.150019	0.265425	0.348872	0.898798
40718	4.207398	1.906594	9.134976	-0.142189	-0.303973	0.173153	-0.781938	-0.465207	0.414915	0.562495	-0.813442	0.148024	0.268648	0.349133	0.897738
40719	4.058688	2.106903	9.187242	-0.150229	-0.365376	0.190852	-0.779897	-0.465420	0.418503	0.563523	-0.813120	0.145869	0.272403	0.349599	0.896425
40720	6.878562	-0.126095	10.537342	-0.124479	-0.229836	0.153038	-0.778413	-0.465817	0.420818	0.564341	-0.812866	0.144110	0.274940	0.349662	0.895625
40721	3.975580	1.308337	9.479968	-0.160178	-0.180090	0.103890	-0.777350	-0.465970	0.422610	0.564651	-0.812983	0.142225	0.277302	0.349186	0.895083
40722	4.785544	0.490823	9.607721	-0.143698	-0.051612	0.074468	-0.776795	-0.466351	0.423210	0.564797	-0.813161	0.140622	0.278558	0.348262	0.895052
40723	5.092539	0.357751	9.708830	-0.093866	-0.039103	0.023759	-0.776575	-0.466342	0.423623	0.564658	-0.813421	0.139668	0.279451	0.347665	0.895006
40724	4.313021	1.373671	9.372170	-0.109985	-0.048139	0.007802	-0.776404	-0.466194	0.424098	0.564377	-0.813790	0.138649	0.280490	0.346999	0.894940
40725	4.360471	1.356709	9.139804	-0.102652	-0.017005	0.001387	-0.776374	-0.466078	0.424282	0.564035	-0.814187	0.137709	0.281261	0.346224	0.894998
40726	4.272239	1.538273	9.097284	-0.075095	-0.016024	-0.000172	-0.776338	-0.465977	0.424458	0.563789	-0.814471	0.137036	0.281853	0.345691	0.895017
40727	4.020322	1.492907	9.201341	-0.044325	-0.027963	-0.005103	-0.776312	-0.465771	0.424731	0.563561	-0.814695	0.136646	0.282380	0.345442	0.894948
40728	4.174621	1.777137	9.123708	-0.011748	-0.043568	-0.002245	-0.776210	-0.465558	0.425151	0.563477	-0.814769	0.136549	0.282829	0.345554	0.894763
40729	4.223539	1.478019	9.202912	0.018617	-0.036161	-0.004392	-0.776157	-0.465330	0.425499	0.563432	-0.814771	0.136720	0.283064	0.345855	0.894572
40730	4.310147	1.528319	9.168890	0.034965	-0.049120	-0.001719	-0.776035	-0.465102	0.425969	0.563484	-0.814682	0.137038	0.283292	0.346373	0.894299
40731	4.404453	1.617046	9.173470	0.038395	-0.035999	-0.003276	-0.775976	-0.464883	0.426316	0.563505	-0.814610	0.137381	0.283415	0.346836	0.894081
40732	4.523690	1.442812	9.167244	0.052409	-0.038706	-0.001485	-0.775883	-0.464692	0.426693	0.563608	-0.814458	0.137854	0.283464	0.347447	0.893828
40733	4.420285	1.546817	9.167926	0.074233	-0.016685	-0.000867	-0.775864	-0.464561	0.426871	0.563750	-0.814249	0.138508	0.283234	0.348112	0.893642
40734	4.413842	1.500134	9.250484	0.079050	-0.024097	-0.005247	-0.775833	-0.464390	0.427112	0.563900	-0.814021	0.139235	0.283019	0.348872	0.893414
40735	4.498807	1.287451	9.229817	0.063212	-0.017211	-0.004722	-0.775834	-0.464226	0.427289	0.563982	-0.813866	0.139807	0.282854	0.349450	0.893240
40736	4.489315	1.515194	9.122126	0.055191	-0.008668	0.001290	-0.775810	-0.464162	0.427402	0.564114	-0.813691	0.140293	0.282654	0.349944	0.893110
40737	4.318038	1.386695	9.223929	0.050569	0.000348	-0.004148	-0.775857	-0.464064	0.427423	0.564165	-0.813577	0.140749	0.282425	0.350338	0.893028
40738	4.468564	1.403002	9.181690	0.049937	-0.006334	-0.003223	-0.775866	-0.463972	0.427508	0.564248	-0.813440	0.141207	0.282236	0.350778	0.892915
40739	4.452539	1.315407	9.227257	0.028024	0.005864	-0.004848	-0.775932	-0.463888	0.427479	0.564229	-0.813409	0.141465	0.282091	0.350963	0.892888
40740	4.375586	1.457770	9.090508	0.017405	0.009564	-0.007966	-0.776012	-0.463812	0.427415	0.564183	-0.813408	0.141652	0.281963	0.351064	0.892889
40741	4.266384	1.543008	9.139525	0.031256	0.016859	-0.006773	-0.776120	-0.463751	0.427285	0.564158	-0.813374	0.141947	0.281714	0.351224	0.892905
40742	4.255819	1.636012	9.116835	0.070646	0.015404	-0.006928	-0.776211	-0.463704	0.427170	0.564269	-0.813181	0.142606	0.281240	0.351731	0.892854
40743	4.134945	1.531832	9.125601	0.080868	0.007468	-0.004513	-0.776280	-0.463629	0.427127	0.564402	-0.812961	0.143334	0.280784	0.352339	0.892758
40744	4.144932	1.727326	9.108776	0.111144	-0.020586	0.002094	-0.776219	-0.463529	0.427347	0.564697	-0.812583	0.144316	0.280360	0.353342	0.892495
40745	4.248380	1.460525	9.249723	0.123182	-0.044493	0.000444	-0.776114	-0.463310	0.427774	0.564986	-0.812188	0.145400	0.280068	0.354534	0.892114
40746	4.468147	1.715101	9.102887	0.143369	-0.039736	0.000115	-0.776011	-0.463125	0.428162	0.565354	-0.811702	0.146677	0.279610	0.355886	0.891719
40747	4.369399	1.442044	9.155168	0.165559	-0.025233	-0.000567	-0.775965	-0.462966	0.428416	0.565754	-0.811157	0.148143	0.278927	0.357332	0.891355
40748	4.526682	1.624819	9.109156	0.166372	-0.040013	-0.004670	-0.775889	-0.462740	0.428798	0.566148	-0.810607	0.149644	0.278340	0.358870	0.890920
40749	4.559232	1.509262	9.321546	0.135461	-0.018077	-0.000294	-0.775862	-0.462609	0.428988	0.566464	-0.810164	0.150840	0.277771	0.360037	0.890627
40750	4.466143	1.426814	9.182478	0.105234	-0.012771	-0.002126	-0.775847	-0.462501	0.429131	0.566706	-0.809818	0.151784	0.277318	0.360953	0.890398
40751	4.534598	1.384916	9.295376	0.078998	-0.011912	-0.005956	-0.775870	-0.462346	0.429258	0.566821	-0.809603	0.152501	0.277020	0.361633	0.890214
40752	4.542913	1.451431	9.186007	0.053853	0.024090	-0.010700	-0.776006	-0.462301	0.429059	0.566853	-0.809482	0.153025	0.276572	0.361962	0.890220
40753	4.600213	1.648355	9.199879	0.019884	0.048051	-0.010412	-0.776220	-0.462326	0.428645	0.566769	-0.809502	0.153234	0.276145	0.361886	0.890383
40754	4.300505	1.679333	9.123160	-0.001743	0.075352	-0.003825	-0.776458	-0.462523	0.428001	0.566700	-0.809549	0.153233	0.275614	0.361528	0.890693
40755	3.930679	1.717964	9.224904	0.036758	0.053028	-0.003211	-0.776644	-0.462625	0.427553	0.566719	-0.809474	0.153562	0.275052	0.361566	0.890852
40756	4.158210	1.771431	9.097322	0.037411	0.013677	0.009485	-0.776637	-0.462706	0.427479	0.566862	-0.809319	0.153853	0.274777	0.361809	0.890837
40757	4.027621	1.744973	9.107260	0.073369	0.011876	0.020608	-0.776575	-0.462852	0.427434	0.567165	-0.809001	0.154407	0.274327	0.362334	0.890763
40758	4.161479	1.643141	9.281284	0.094253	-0.046023	0.027740	-0.776300	-0.462865	0.427919	0.567606	-0.808554	0.155126	0.274194	0.363313	0.890405
40759	4.371797	1.698128	9.172881	0.112968	-0.044313	0.040725	-0.775970	-0.462968	0.428406	0.568173	-0.807998	0.155945	0.273954	0.364417	0.890028
40760	4.333787	1.599398	9.286777	0.132550	-0.045303	0.049418	-0.775574	-0.463157	0.428919	0.568885	-0.807309	0.156911	0.273596	0.365702	0.889611
40761	4.382803	1.578578	9.274163	0.150311	-0.054525	0.048658	-0.775170	-0.463285	0.429509	0.569615	-0.806577	0.158027	0.273220	0.367153	0.889129
40762	4.397338	1.629573	9.306768	0.177413	-0.067671	0.074736	-0.774569	-0.463593	0.430261	0.570645	-0.805601	0.159281	0.272777	0.368901	0.888541
40763	3.918076	1.270296	9.626343	0.192910	-0.066062	0.069002	-0.774018	-0.463839	0.430987	0.571646	-0.804612	0.160686	0.272245	0.370745	0.887936
40764	3.669276	0.641674	10.100053	0.220482	-0.193951	0.013448	-0.773422	-0.463181	0.432761	0.572317	-0.803754	0.162582	0.272529	0.373422	0.886727
40765	4.676481	1.807562	8.891469	0.238299	-0.224927	0.011422	-0.772772	-0.462356	0.434799	0.572987	-0.802860	0.164629	0.272965	0.376355	0.885352
40766	4.059055	1.394887	9.591644	0.236600	-0.219196	0.003509	-0.772163	-0.461511	0.436775	0.573626	-0.801974	0.166706	0.273346	0.379270	0.883989
40767	3.888548	1.706856	9.529305	0.289916	-0.302516	-0.000852	-0.771369	-0.460277	0.439470	0.574343	-0.800926	0.169255	0.274079	0.382965	0.882167
40768	4.237456	1.708807	9.485521	0.364562	-0.367846	0.007591	-0.770325	-0.458875	0.442755	0.575369	-0.799511	0.172432	0.274863	0.387577	0.879906
40769	4.428075	2.050814	9.377344	0.416259	-0.386169	0.016725	-0.769198	-0.457426	0.446201	0.576569	-0.797867	0.176000	0.275502	0.392645	0.877456
40770	4.462531	1.961848	9.262999	0.467717	-0.395292	0.030634	-0.767941	-0.456061	0.449750	0.578061	-0.795902	0.179960	0.275884	0.398182	0.874837
40771	4.574671	1.839338	9.394144	0.438259	-0.413817	0.019042	-0.766720	-0.454476	0.453422	0.579344	-0.794115	0.183687	0.276588	0.403524	0.872163
40772	4.683110	1.852982	9.310437	0.368911	-0.448362	0.000789	-0.765482	-0.452616	0.457358	0.580339	-0.792639	0.186896	0.277928	0.408488	0.869421
40773	4.535695	1.893494	9.384449	0.257133	-0.524470	-0.027500	-0.764210	-0.450166	0.461880	0.580772	-0.791765	0.189239	0.280512	0.412866	0.866519
40774	4.284960	1.907690	9.704511	0.152101	-0.697518	-0.063808	-0.762617	-0.446719	0.467821	0.580682	-0.791445	0.190851	0.284997	0.417201	0.862971
40775	3.730569	1.801102	10.218568	0.067348	-1.050389	-0.103560	-0.760219	-0.441409	0.476681	0.580009	-0.791683	0.191905	0.292672	0.422369	0.857874
40776	3.757110	1.848052	10.106943	0.040988	-1.416922	-0.125331	-0.756732	-0.434339	0.488576	0.579146	-0.792082	0.192861	0.303225	0.428901	0.850940
40777	3.613583	2.264758	10.316523	0.125623	-1.717950	-0.089036	-0.751972	-0.426105	0.502964	0.578773	-0.791991	0.194349	0.315530	0.437247	0.842174
40778	2.982604	2.478034	10.873061	0.187038	-1.996313	0.015507	-0.745452	-0.417352	0.519730	0.579459	-0.791123	0.195837	0.329437	0.447149	0.831582
40779	2.424630	2.686300	11.897945	0.259593	-2.440824	0.209076	-0.736039	-0.407845	0.540286	0.581781	-0.789164	0.196853	0.346089	0.459219	0.818132
40780	0.727875	3.546413	11.749960	0.088749	-3.069471	0.604469	-0.721554	-0.398261	0.566346	0.586470	-0.786338	0.194231	0.367985	0.472293	0.800954
40781	-0.584336	4.085640	10.742929	-0.460364	-4.224806	1.200839	-0.698286	-0.387354	0.601959	0.593100	-0.783924	0.183563	0.400786	0.485201	0.777143
40782	-1.239606	2.201169	9.649851	-0.960443	-5.098668	1.947420	-0.665173	-0.377497	0.644237	0.602301	-0.781218	0.164112	0.441337	0.497187	0.747012
40783	1.560055	3.013408	8.805593	-0.654563	-6.133272	1.933489	-0.625088	-0.361419	0.691839	0.611593	-0.777507	0.146412	0.484994	0.514644	0.707052
40784	8.582940	2.040598	10.577576	-0.240377	-6.362694	1.523645	-0.583565	-0.339780	0.737565	0.619557	-0.773449	0.133886	0.524977	0.535095	0.661870
40785	11.976557	2.638677	12.197703	0.554387	-6.486228	1.114076	-0.541542	-0.312721	0.780345	0.628668	-0.766909	0.128946	0.558130	0.560408	0.611911
40786	16.349632	4.263923	15.443548	1.019940	-5.841264	1.003907	-0.501858	-0.286841	0.816003	0.639694	-0.758074	0.126946	0.582177	0.585701	0.563936
40787	13.736624	5.210308	14.704509	0.745844	-5.389328	1.190033	-0.462295	-0.263611	0.846636	0.649691	-0.750494	0.121079	0.603477	0.606026	0.518215
40788	11.083165	4.933272	13.680607	0.332472	-5.200392	1.421371	-0.421065	-0.242257	0.874080	0.657983	-0.744879	0.110518	0.624310	0.621665	0.473043
40789	9.364736	4.803176	12.946599	0.049527	-5.131771	1.616106	-0.377880	-0.221972	0.898852	0.664581	-0.740971	0.096409	0.644623	0.633791	0.427517
40790	8.758274	4.681403	12.392517	-0.109556	-4.922565	1.733474	-0.334118	-0.203296	0.920345	0.670010	-0.738005	0.080219	0.662911	0.643444	0.382791
40791	5.572710	5.297242	11.327740	-0.090887	-4.727442	1.857870	-0.289990	-0.186307	0.938720	0.675006	-0.735150	0.062618	0.678434	0.651800	0.338945
40792	2.388758	5.644708	9.963341	-0.243180	-4.647613	2.009051	-0.244520	-0.170554	0.954527	0.678685	-0.733178	0.042854	0.692529	0.658302	0.295029
40793	-3.625055	3.596815	7.857114	-0.206215	-4.235270	1.937179	-0.201865	-0.156718	0.966794	0.681360	-0.731566	0.023680	0.703562	0.663514	0.254459
40794	-2.375178	2.991269	8.958929	-0.395530	-5.472713	1.867333	-0.150277	-0.133866	0.979539	0.681819	-0.731506	0.004633	0.715919	0.668565	0.201201
40795	18.953506	9.452516	27.416707	-1.233506	-4.353998	1.033667	-0.111878	-0.112441	0.987340	0.674015	-0.738677	-0.007748	0.730196	0.664615	0.158429
40796	20.219733	4.990455	22.849122	-1.610326	-2.111929	0.349427	-0.093979	-0.101050	0.990433	0.662492	-0.748946	-0.013551	0.743150	0.654880	0.137330
40797	9.163685	7.666100	13.596009	-1.547885	-0.017075	0.146897	-0.093015	-0.102090	0.990417	0.650717	-0.759127	-0.017137	0.753601	0.642888	0.137042
40798	10.139926	4.913632	4.811730	-1.636172	1.946394	0.401605	-0.105171	-0.117474	0.987491	0.638694	-0.769103	-0.023471	0.762239	0.628236	0.155917
40799	3.063762	-2.993802	11.722220	-0.606140	3.549299	-0.060966	-0.132765	-0.139166	0.981329	0.633662	-0.773240	-0.023928	0.762133	0.618654	0.190843
40800	0.892851	3.192564	9.746409	-0.323132	3.949197	-0.406061	-0.165351	-0.160233	0.973131	0.630577	-0.775853	-0.020604	0.758308	0.610228	0.229328
40801	-2.370547	2.215253	5.747599	-0.120647	3.784426	-0.533598	-0.197491	-0.179051	0.963814	0.628297	-0.777814	-0.015756	0.752489	0.602450	0.266109
40802	-2.398185	2.064569	4.141021	0.132149	3.597771	-0.763478	-0.229203	-0.194629	0.953722	0.627632	-0.778469	-0.008029	0.744005	0.596747	0.300582
40803	-0.515434	4.105950	4.228039	0.137547	3.391170	-0.903152	-0.260162	-0.207706	0.942960	0.626018	-0.779808	0.000949	0.735130	0.590558	0.332904
40804	1.206009	4.641397	5.264533	-0.118736	3.373218	-0.948776	-0.290735	-0.220024	0.931162	0.622510	-0.782555	0.009456	0.726605	0.582407	0.364483
40805	3.062282	4.239992	6.393731	-0.352045	3.519119	-1.014302	-0.322675	-0.232308	0.917558	0.616432	-0.787214	0.017472	0.718256	0.571250	0.397217
40806	4.850912	3.325226	6.868614	-0.542835	3.776816	-1.164303	-0.356754	-0.244379	0.901668	0.608573	-0.793077	0.025841	0.708777	0.557950	0.431656
40807	5.833642	2.045137	6.785984	-0.616361	4.067741	-1.330368	-0.393636	-0.256068	0.882881	0.598813	-0.800127	0.034917	0.697476	0.542425	0.468296
40808	6.097031	0.552019	6.258840	-0.579503	4.308728	-1.440954	-0.431939	-0.267465	0.861331	0.588831	-0.807020	0.044686	0.683160	0.526480	0.506075
40809	6.046668	-0.639982	5.598989	-0.414991	4.471160	-1.427320	-0.470690	-0.278943	0.837043	0.579136	-0.813401	0.054598	0.665622	0.510461	0.544405
40810	6.315890	-1.592800	5.203734	-0.212594	4.520896	-1.282114	-0.507689	-0.291178	0.810843	0.571434	-0.818149	0.063988	0.644759	0.495830	0.581755
40811	7.090225	-1.905955	5.388382	0.003566	4.498584	-0.995307	-0.542101	-0.304824	0.783077	0.565755	-0.821433	0.071901	0.621328	0.482007	0.617755
40812	7.775069	-1.982746	5.815022	0.212653	4.436372	-0.612076	-0.572550	-0.320857	0.754478	0.563600	-0.822360	0.077974	0.595434	0.469868	0.651677
40813	8.674412	-1.710190	6.541200	0.402380	4.350854	-0.221449	-0.599394	-0.338994	0.725128	0.564147	-0.821567	0.082248	0.567860	0.458378	0.683685
40814	9.454409	-1.229761	7.595163	0.541826	4.281661	0.111202	-0.622457	-0.359257	0.695328	0.567787	-0.818749	0.085257	0.538670	0.447867	0.713618
40815	10.062420	-0.917521	8.465273	0.645352	4.237817	0.360976	-0.642889	-0.380682	0.664662	0.572948	-0.814913	0.087442	0.508354	0.437033	0.742010
40816	10.561247	-0.088345	9.233172	0.775888	4.224525	0.533547	-0.660619	-0.403213	0.633247	0.580208	-0.809497	0.089850	0.476383	0.426772	0.768717
40817	10.861857	0.499723	9.430380	0.799817	4.222223	0.642565	-0.676610	-0.425870	0.600693	0.587691	-0.803829	0.092078	0.443642	0.415323	0.794159
40818	10.504398	0.597024	8.726675	0.829392	4.175737	0.699422	-0.690308	-0.448523	0.567716	0.595974	-0.797402	0.094682	0.410231	0.403704	0.817761
40819	10.006396	0.701792	8.154752	0.922978	4.081505	0.717889	-0.702382	-0.470142	0.534441	0.604133	-0.790795	0.098319	0.376409	0.391931	0.839468
40820	9.589913	0.920003	7.761325	1.027692	3.902567	0.651282	-0.712462	-0.490310	0.501990	0.612397	-0.783724	0.103672	0.342590	0.381279	0.858637
40821	9.024169	1.136727	7.548338	1.170021	3.652552	0.526532	-0.721450	-0.507849	0.470744	0.619545	-0.777044	0.111205	0.309313	0.371876	0.875234
40822	8.196925	1.970163	7.343656	1.293284	3.323203	0.392371	-0.728767	-0.523078	0.441914	0.626145	-0.770289	0.120821	0.277203	0.364753	0.888884
40823	8.531802	2.873341	8.045072	1.337674	2.972378	0.252203	-0.735288	-0.535451	0.415505	0.631091	-0.764453	0.131663	0.247135	0.359031	0.900011
40824	9.712780	3.474971	9.264418	1.255055	2.744339	0.130824	-0.740874	-0.546181	0.390886	0.634944	-0.759305	0.142485	0.218979	0.353754	0.909344
40825	10.682174	2.796883	10.382081	1.172894	2.723714	0.005657	-0.746715	-0.555473	0.365877	0.637028	-0.755474	0.153147	0.191341	0.347431	0.917976
40826	10.857341	1.715493	10.427464	1.160803	2.833419	-0.102751	-0.752408	-0.564396	0.339617	0.638276	-0.752091	0.164205	0.162746	0.340319	0.926119
40827	10.955834	0.515715	9.971448	1.221079	2.954233	-0.188681	-0.758237	-0.572641	0.311703	0.638331	-0.749337	0.176148	0.132700	0.332532	0.933709
40828	10.607851	-1.488431	9.064173	1.372999	2.999500	-0.266724	-0.763471	-0.580469	0.283140	0.637871	-0.746390	0.189796	0.101162	0.325510	0.940111
40829	9.971526	-2.552404	8.354053	1.637218	2.941943	-0.318325	-0.768229	-0.587338	0.254673	0.636526	-0.743219	0.206056	0.068253	0.320404	0.944819
40830	9.789085	-2.215384	7.949025	1.840001	2.751179	-0.288201	-0.771514	-0.593936	0.228049	0.635226	-0.739084	0.224149	0.035417	0.317797	0.947497
40831	9.539890	-1.329028	7.306046	1.940275	2.580453	-0.240583	-0.775902	-0.597344	0.202870	0.630838	-0.736886	0.242988	0.004345	0.316513	0.948578
40832	9.440055	0.744390	6.981937	1.878824	2.303405	-0.253508	-0.777286	-0.602726	0.180411	0.628637	-0.732495	0.261278	-0.025329	0.316500	0.948254
40833	10.206218	2.162919	6.338188	1.648165	2.014300	-0.333166	-0.778794	-0.606441	0.160338	0.625180	-0.729506	0.277438	-0.051282	0.316307	0.947270
40834	10.921386	2.647615	5.360256	1.343193	1.680957	-0.445708	-0.780560	-0.608461	0.143184	0.620838	-0.728003	0.290812	-0.072709	0.315890	0.946006
40835	11.927354	2.021324	4.687885	1.094758	1.371959	-0.534597	-0.782891	-0.608730	0.128570	0.615592	-0.727958	0.301868	-0.090162	0.315476	0.944640
40836	10.373521	1.631593	5.474918	0.917816	1.148053	-0.601109	-0.785487	-0.607926	0.115915	0.609950	-0.728756	0.311247	-0.104741	0.315183	0.943233
40837	11.364070	1.685389	4.928984	-0.259058	-0.196040	-0.332536	-0.787806	-0.604767	0.116699	0.607487	-0.731688	0.309179	-0.101594	0.314466	0.943817
40838	15.590499	0.564106	5.394371	0.909267	0.145916	-0.518110	-0.790819	-0.601392	0.113722	0.602410	-0.731963	0.318326	-0.108198	0.320246	0.941135
40839	19.311442	-1.471433	4.949368	-0.207884	-0.429266	-0.472935	-0.794150	-0.596497	0.116257	0.598837	-0.735499	0.316915	-0.103532	0.321297	0.941302
40840	15.776720	-0.011554	3.711968	-0.596879	-0.418593	-0.527620	-0.797751	-0.591216	0.118566	0.595201	-0.740580	0.311892	-0.096588	0.319382	0.942691
