// General information: 
//  MT Manager version: 2022.2.0 
//  XDA version: 2022.2.0 build 7381 rev 124627 built on 2023-07-19
// Device information: 
//  DeviceId: 00B4CB9F
//  ProductCode: MTW2-3A7G6
//  Firmware Version: 4.6.0
//  Hardware Version: 2.0.0
// Device settings: 
//  Filter Profile: human(46.1)
//  Option Flags: Orientation Smoother Disabled, Position/Velocity Smoother Disabled, Continuous Zero Rotation Update Disabled, AHS Disabled, ICC Disabled
// Coordinate system: ENU
PacketCounter	Acc_X	Acc_Y	Acc_Z	Gyr_X	Gyr_Y	Gyr_Z	Mat[1][1]	Mat[2][1]	Mat[3][1]	Mat[1][2]	Mat[2][2]	Mat[3][2]	Mat[1][3]	Mat[2][3]	Mat[3][3]
30850	9.593889	-0.524548	-1.596155	0.216707	-0.024556	-0.048828	-0.136264	-0.013889	0.990575	-0.503573	0.862058	-0.057185	-0.853139	-0.506619	-0.124462
30851	9.729436	-0.394229	-1.765745	0.183937	-0.042613	-0.040798	-0.136484	-0.014441	0.990537	-0.505220	0.861102	-0.057060	-0.852129	-0.508227	-0.124823
30852	9.684502	-0.313526	-1.818527	0.119187	-0.039366	-0.038908	-0.136688	-0.014987	0.990501	-0.506340	0.860458	-0.056855	-0.851432	-0.509302	-0.125203
30853	9.623574	-0.344114	-1.460199	0.081036	-0.064786	-0.042782	-0.137086	-0.015669	0.990435	-0.507111	0.860021	-0.056583	-0.850909	-0.510018	-0.125843
30854	9.783586	-0.384540	-1.390926	-0.018187	-0.059682	-0.025882	-0.137529	-0.016203	0.990365	-0.507018	0.860092	-0.056336	-0.850893	-0.509881	-0.126503
30855	9.737135	-0.368798	-1.369371	-0.052119	-0.038526	-0.014167	-0.137847	-0.016505	0.990316	-0.506617	0.860339	-0.056180	-0.851080	-0.509455	-0.126957
30856	9.653461	-0.558903	-1.354092	-0.040023	-0.052099	-0.008796	-0.138313	-0.016852	0.990245	-0.506306	0.860529	-0.056074	-0.851190	-0.509123	-0.127555
30857	9.695658	-0.545474	-1.269129	-0.014600	-0.053414	-0.002511	-0.138818	-0.017130	0.990170	-0.506208	0.860586	-0.056080	-0.851166	-0.509017	-0.128136
30858	9.793663	-0.456994	-1.147861	-0.046615	-0.038339	0.008254	-0.139252	-0.017259	0.990107	-0.505816	0.860813	-0.056135	-0.851328	-0.508629	-0.128600
30859	9.639717	-0.456720	-1.013166	0.012158	-0.051935	-0.009009	-0.139711	-0.017585	0.990036	-0.505955	0.860733	-0.056111	-0.851170	-0.508753	-0.129151
30860	9.742545	-0.403952	-0.956717	-0.003864	-0.073810	-0.011660	-0.140345	-0.018068	0.989938	-0.505967	0.860731	-0.056022	-0.851058	-0.508739	-0.129941
30861	9.659424	-0.370150	-1.054117	0.070189	-0.065888	-0.022999	-0.140852	-0.018585	0.989856	-0.506620	0.860353	-0.055936	-0.850586	-0.509359	-0.130598
30862	9.718314	-0.331057	-1.201177	0.085898	-0.093590	-0.034004	-0.141539	-0.019366	0.989743	-0.507450	0.859876	-0.055743	-0.849977	-0.510135	-0.131534
30863	9.785823	-0.365866	-1.476575	0.151829	-0.103807	-0.027511	-0.142344	-0.020117	0.989613	-0.508802	0.859079	-0.055721	-0.849034	-0.511448	-0.132520
30864	9.634421	-0.309959	-1.368981	0.133225	-0.104657	-0.019791	-0.143199	-0.020825	0.989475	-0.509958	0.858392	-0.055736	-0.848196	-0.512572	-0.133541
30865	9.717778	-0.288834	-1.422540	0.087224	-0.102715	-0.019236	-0.144035	-0.021501	0.989339	-0.510748	0.857923	-0.055713	-0.847579	-0.513328	-0.134552
30866	9.730396	-0.301594	-1.356842	0.059405	-0.088587	-0.011108	-0.144795	-0.022055	0.989216	-0.511274	0.857610	-0.055716	-0.847132	-0.513828	-0.135454
30867	9.749717	-0.522217	-1.375296	0.019355	-0.070078	-0.012213	-0.145389	-0.022504	0.989119	-0.511478	0.857491	-0.055672	-0.846907	-0.514007	-0.136181
30868	9.730537	-0.616544	-1.298992	0.066110	-0.061470	-0.005828	-0.145944	-0.022887	0.989028	-0.512120	0.857104	-0.055736	-0.846424	-0.514636	-0.136811
30869	9.671339	-0.587800	-1.241522	0.090600	-0.081516	-0.004132	-0.146676	-0.023327	0.988910	-0.512915	0.856619	-0.055869	-0.845816	-0.515421	-0.137610
30870	9.720521	-0.478489	-1.263044	0.113693	-0.081262	-0.000433	-0.147424	-0.023749	0.988788	-0.513860	0.856041	-0.056053	-0.845112	-0.516362	-0.138404
30871	9.696712	-0.458160	-1.142261	0.106256	-0.070847	-0.000889	-0.148080	-0.024108	0.988681	-0.514781	0.855475	-0.056242	-0.844436	-0.517283	-0.139089
30872	9.747495	-0.411393	-0.974606	0.071117	-0.063680	0.006990	-0.148719	-0.024367	0.988579	-0.515303	0.855147	-0.056443	-0.844006	-0.517812	-0.139733
30873	9.850182	-0.346537	-0.859970	0.021244	-0.032073	0.009481	-0.149101	-0.024437	0.988520	-0.515490	0.855023	-0.056616	-0.843824	-0.518014	-0.140082
30874	9.804429	-0.334046	-0.835349	0.025427	-0.017174	0.006443	-0.149341	-0.024473	0.988483	-0.515696	0.854891	-0.056746	-0.843656	-0.518231	-0.140290
30875	9.723503	-0.248063	-0.950283	0.027062	-0.019637	-0.000511	-0.149566	-0.024564	0.988447	-0.515947	0.854733	-0.056830	-0.843462	-0.518486	-0.140513
30876	9.667637	-0.194147	-1.139780	0.073463	-0.027903	-0.001854	-0.149854	-0.024729	0.988399	-0.516583	0.854341	-0.056946	-0.843022	-0.519124	-0.140801
30877	9.597241	-0.302373	-1.538402	0.066974	-0.042317	-0.007696	-0.150233	-0.024999	0.988334	-0.517181	0.853975	-0.057014	-0.842587	-0.519714	-0.141225
30878	9.560578	-0.435111	-2.045081	0.083888	-0.066839	-0.018700	-0.150760	-0.025517	0.988241	-0.517955	0.853508	-0.056978	-0.842018	-0.520455	-0.141891
30879	9.581393	-0.522809	-2.103213	0.077450	-0.091958	-0.009533	-0.151548	-0.026062	0.988106	-0.518644	0.853085	-0.057045	-0.841452	-0.521120	-0.142800
30880	9.599248	-0.491127	-2.006971	0.038260	-0.101216	0.001321	-0.152468	-0.026591	0.987951	-0.519015	0.852853	-0.057143	-0.841057	-0.521473	-0.143834
30881	9.529104	-0.326677	-2.016557	0.035238	-0.126573	0.017546	-0.153686	-0.027087	0.987748	-0.519306	0.852657	-0.057417	-0.840656	-0.521768	-0.145108
30882	9.574755	-0.228973	-1.735353	0.025570	-0.148419	0.021478	-0.155107	-0.027697	0.987509	-0.519564	0.852481	-0.057697	-0.840235	-0.522024	-0.146616
30883	9.645700	-0.164149	-1.529612	-0.011494	-0.149929	0.037227	-0.156623	-0.028148	0.987257	-0.519431	0.852535	-0.058098	-0.840036	-0.521912	-0.148147
30884	9.691487	-0.228295	-1.324385	-0.058846	-0.144547	0.033988	-0.158076	-0.028622	0.987012	-0.518916	0.852829	-0.058376	-0.840082	-0.521405	-0.149665
30885	9.898569	-0.430584	-1.198034	-0.103119	-0.128523	0.040345	-0.159428	-0.028933	0.986785	-0.518008	0.853362	-0.058670	-0.840387	-0.520516	-0.151037
30886	9.762415	-0.509427	-0.916030	-0.089543	-0.103503	0.040388	-0.160568	-0.029144	0.986594	-0.517254	0.853798	-0.058962	-0.840634	-0.519787	-0.152167
30887	9.611857	-0.616239	-0.882599	-0.059956	-0.118770	0.026707	-0.161767	-0.029517	0.986387	-0.516729	0.854101	-0.059184	-0.840728	-0.519269	-0.153418
30888	9.892837	-0.610010	-0.998616	-0.017942	-0.117881	0.023768	-0.162942	-0.029931	0.986182	-0.516548	0.854194	-0.059421	-0.840612	-0.519092	-0.154645
30889	9.788586	-0.530845	-1.108886	0.042649	-0.077174	0.020754	-0.163760	-0.030140	0.986040	-0.516894	0.853962	-0.059743	-0.840240	-0.519461	-0.155424
30890	9.600217	-0.511932	-1.345988	0.047285	-0.083033	0.000010	-0.164518	-0.030585	0.985900	-0.517346	0.853681	-0.059846	-0.839814	-0.519897	-0.156269
30891	9.664388	-0.575235	-1.625688	0.035854	-0.080402	-0.006318	-0.165223	-0.031042	0.985768	-0.517679	0.853476	-0.059891	-0.839470	-0.520206	-0.157083
30892	9.632405	-0.522931	-1.666214	0.069923	-0.088423	-0.006374	-0.165990	-0.031566	0.985622	-0.518309	0.853088	-0.059968	-0.838930	-0.520811	-0.157965
30893	9.542263	-0.588775	-1.916752	0.077436	-0.132814	0.000807	-0.167170	-0.032236	0.985401	-0.518979	0.852668	-0.060149	-0.838281	-0.521457	-0.159271
30894	9.603458	-0.562542	-2.162247	0.120899	-0.150677	0.014924	-0.168571	-0.032913	0.985140	-0.520034	0.851999	-0.060520	-0.837346	-0.522508	-0.160738
30895	9.537150	-0.489308	-2.101657	0.075361	-0.146543	0.030456	-0.170019	-0.033405	0.984875	-0.520634	0.851599	-0.060993	-0.836680	-0.523129	-0.162179
30896	9.620817	-0.483476	-1.852860	0.039404	-0.158577	0.040623	-0.171619	-0.033892	0.984580	-0.520895	0.851403	-0.061489	-0.836191	-0.523416	-0.163771
30897	9.674311	-0.332938	-1.597628	-0.002290	-0.144503	0.055992	-0.173182	-0.034156	0.984297	-0.520801	0.851418	-0.062087	-0.835928	-0.523375	-0.165239
30898	9.789082	-0.315629	-1.392531	-0.039577	-0.131010	0.063815	-0.174671	-0.034301	0.984029	-0.520357	0.851646	-0.062680	-0.835894	-0.522995	-0.166607
30899	9.893228	-0.282245	-1.147916	-0.070148	-0.090859	0.064034	-0.175827	-0.034216	0.983826	-0.519679	0.852018	-0.063244	-0.836074	-0.522394	-0.167588
30900	9.770306	-0.446679	-0.931849	-0.072861	-0.065710	0.044495	-0.176665	-0.034197	0.983677	-0.519055	0.852372	-0.063588	-0.836284	-0.521816	-0.168334
30901	9.767504	-0.569841	-1.093910	-0.034786	-0.053257	0.030506	-0.177331	-0.034200	0.983557	-0.518731	0.852548	-0.063881	-0.836345	-0.521529	-0.168924
30902	9.649359	-0.765050	-1.337919	0.026048	-0.044239	0.005354	-0.177789	-0.034399	0.983467	-0.518992	0.852379	-0.064008	-0.836085	-0.521791	-0.169397
30903	9.678585	-0.897438	-1.547779	0.080539	-0.064442	0.000220	-0.178392	-0.034719	0.983347	-0.519685	0.851942	-0.064198	-0.835526	-0.522483	-0.170022
30904	9.646092	-0.767761	-1.603904	0.141622	-0.058910	-0.001467	-0.178933	-0.035063	0.983236	-0.520965	0.851141	-0.064455	-0.834613	-0.523764	-0.170564
30905	9.597668	-0.705280	-1.715906	0.111787	-0.067188	0.009088	-0.179603	-0.035323	0.983105	-0.521901	0.850542	-0.064786	-0.833883	-0.524720	-0.171195
30906	9.776027	-0.513347	-1.575764	0.066349	-0.039200	0.026730	-0.180127	-0.035329	0.983009	-0.522519	0.850131	-0.065193	-0.833383	-0.525384	-0.171592
30907	9.719370	-0.315605	-1.491856	0.021599	-0.004663	0.043114	-0.180454	-0.034973	0.982961	-0.522642	0.850017	-0.065705	-0.833236	-0.525594	-0.171667
30908	9.702520	-0.307797	-1.567298	-0.020366	-0.016746	0.048727	-0.180909	-0.034658	0.982889	-0.522428	0.850111	-0.066181	-0.833272	-0.525461	-0.171899
30909	9.770575	-0.344742	-1.612876	-0.081842	0.001553	0.050862	-0.181224	-0.034203	0.982847	-0.521674	0.850542	-0.066591	-0.833675	-0.524794	-0.171981
30910	9.608141	-0.408547	-1.923108	-0.083803	0.009233	0.051995	-0.181477	-0.033720	0.982817	-0.520908	0.850980	-0.066989	-0.834099	-0.524114	-0.171998
30911	9.538951	-0.615438	-2.079066	-0.072379	-0.020907	0.043328	-0.181940	-0.033446	0.982741	-0.520246	0.851357	-0.067341	-0.834411	-0.523519	-0.172296
30912	9.598151	-0.764687	-1.936838	-0.011289	-0.059329	0.033300	-0.182666	-0.033479	0.982605	-0.520112	0.851412	-0.067680	-0.834336	-0.523427	-0.172937
30913	9.682510	-0.693335	-2.012556	-0.001029	-0.044253	0.034915	-0.183280	-0.033399	0.982493	-0.520060	0.851413	-0.068072	-0.834234	-0.523432	-0.173416
30914	9.303444	-0.771988	-2.257807	0.091317	-0.056630	0.031208	-0.183977	-0.033411	0.982362	-0.520677	0.850996	-0.068570	-0.833696	-0.524108	-0.173960
30915	9.532737	-0.749722	-1.999312	0.074673	-0.102200	0.025709	-0.185025	-0.033713	0.982155	-0.521272	0.850596	-0.069003	-0.833091	-0.524737	-0.174956
30916	9.684501	-0.687568	-1.862056	0.012304	-0.061913	0.031516	-0.185769	-0.033766	0.982013	-0.521290	0.850556	-0.069368	-0.832915	-0.524800	-0.175609
30917	9.647828	-0.525751	-1.711589	0.032103	-0.053152	0.042743	-0.186497	-0.033667	0.981879	-0.521498	0.850385	-0.069895	-0.832622	-0.525083	-0.176151
30918	9.797279	-0.362572	-1.586075	0.020106	-0.048617	0.052730	-0.187235	-0.033489	0.981744	-0.521624	0.850259	-0.070478	-0.832377	-0.525298	-0.176667
30919	9.846685	-0.377568	-1.506102	-0.072778	-0.015387	0.055194	-0.187713	-0.033086	0.981666	-0.520935	0.850643	-0.070943	-0.832701	-0.524701	-0.176913
30920	9.759165	-0.390403	-1.512273	-0.153132	0.017849	0.051075	-0.187890	-0.032560	0.981650	-0.519564	0.851460	-0.071204	-0.833517	-0.523408	-0.176897
30921	9.640004	-0.441340	-1.588996	-0.170701	0.014181	0.038042	-0.188031	-0.032147	0.981637	-0.518089	0.852348	-0.071327	-0.834403	-0.521987	-0.176923
30922	9.708379	-0.605076	-1.735305	-0.187118	0.032000	0.035989	-0.188010	-0.031684	0.981656	-0.516496	0.853309	-0.071380	-0.835395	-0.520442	-0.176795
30923	9.459011	-0.867866	-2.077027	-0.060980	-0.005738	0.025644	-0.188253	-0.031480	0.981616	-0.515959	0.853618	-0.071575	-0.835672	-0.519947	-0.176938
30924	9.564655	-0.919464	-2.266206	-0.020231	-0.066712	0.015879	-0.188949	-0.031698	0.981475	-0.515784	0.853711	-0.071724	-0.835623	-0.519781	-0.177657
30925	9.423761	-0.983737	-2.541354	0.073342	-0.079615	-0.001104	-0.189671	-0.032107	0.981323	-0.516419	0.853313	-0.071895	-0.835067	-0.520410	-0.178429
30926	9.302086	-1.033845	-2.626817	0.079056	-0.103795	-0.011037	-0.190541	-0.032746	0.981133	-0.517110	0.852888	-0.071960	-0.834441	-0.521065	-0.179443
30927	9.451877	-0.984561	-2.550591	0.081573	-0.128576	0.002146	-0.191687	-0.033383	0.980888	-0.517807	0.852447	-0.072179	-0.833746	-0.521746	-0.180689
30928	9.612581	-0.802670	-2.003850	0.047261	-0.085069	0.018289	-0.192555	-0.033682	0.980708	-0.518204	0.852180	-0.072478	-0.833299	-0.522163	-0.181546
30929	9.658253	-0.703667	-1.738601	-0.006535	-0.051262	0.035811	-0.193231	-0.033630	0.980577	-0.518101	0.852210	-0.072868	-0.833207	-0.522118	-0.182097
30930	9.871116	-0.516201	-1.445710	-0.048978	-0.024795	0.057595	-0.193799	-0.033268	0.980477	-0.517573	0.852487	-0.073377	-0.833403	-0.521688	-0.182430
30931	9.917371	-0.391716	-1.313725	-0.092000	0.030062	0.062775	-0.193936	-0.032561	0.980474	-0.516704	0.852971	-0.073876	-0.833910	-0.520942	-0.182246
30932	9.864755	-0.518884	-1.351514	-0.109559	0.049124	0.045279	-0.193819	-0.031915	0.980518	-0.515679	0.853567	-0.074152	-0.834571	-0.520005	-0.181896
30933	9.697888	-0.582688	-1.512152	-0.101404	0.052211	0.035333	-0.193628	-0.031327	0.980575	-0.514784	0.854088	-0.074365	-0.835168	-0.519184	-0.181502
30934	9.300508	-0.683570	-1.740099	0.068000	0.021711	-0.000869	-0.193504	-0.031241	0.980602	-0.515428	0.853687	-0.074513	-0.834800	-0.519848	-0.181294
30935	9.366956	-0.897515	-2.009603	0.105750	-0.036221	-0.031972	-0.193704	-0.031687	0.980548	-0.516392	0.853111	-0.074442	-0.834157	-0.520767	-0.181613
30936	9.629077	-1.046543	-2.364838	0.054290	-0.057242	-0.022812	-0.194121	-0.032203	0.980449	-0.516978	0.852764	-0.074349	-0.833697	-0.521303	-0.182188
30937	9.568532	-0.917242	-2.171020	0.076857	-0.018210	-0.009847	-0.194285	-0.032367	0.980411	-0.517658	0.852343	-0.074443	-0.833237	-0.521981	-0.182352
30938	9.547280	-0.913456	-1.957826	0.105147	-0.027603	-0.002463	-0.194567	-0.032526	0.980350	-0.518509	0.851808	-0.074645	-0.832641	-0.522844	-0.182598
30939	9.758536	-0.867670	-1.822921	0.055963	-0.010402	0.009261	-0.194764	-0.032487	0.980312	-0.518977	0.851501	-0.074890	-0.832304	-0.523345	-0.182701
30940	9.745841	-0.788386	-1.861058	0.008385	0.030712	0.022498	-0.194688	-0.032154	0.980338	-0.519078	0.851416	-0.075160	-0.832259	-0.523505	-0.182451
30941	9.710195	-0.690265	-1.880009	0.002663	0.046053	0.023727	-0.194490	-0.031696	0.980392	-0.519074	0.851393	-0.075448	-0.832307	-0.523570	-0.182040
30942	9.803569	-0.573312	-1.917052	-0.045849	0.041852	0.025539	-0.194338	-0.031267	0.980436	-0.518669	0.851622	-0.075650	-0.832596	-0.523223	-0.181720
30943	9.692814	-0.615506	-2.022743	-0.037715	0.050063	0.011244	-0.194042	-0.030894	0.980507	-0.518353	0.851806	-0.075743	-0.832862	-0.522945	-0.181300
30944	9.584321	-0.670423	-1.931760	-0.032746	0.019344	0.002587	-0.193956	-0.030782	0.980527	-0.518114	0.851952	-0.075742	-0.833030	-0.522715	-0.181190
30945	9.336966	-0.757131	-2.394354	0.030385	0.012684	-0.007269	-0.193875	-0.030762	0.980544	-0.518401	0.851774	-0.075777	-0.832870	-0.523006	-0.181085
30946	9.335194	-0.849360	-2.434587	0.082748	-0.036902	-0.028842	-0.194096	-0.031215	0.980486	-0.519199	0.851296	-0.075678	-0.832322	-0.523756	-0.181440
30947	9.518980	-0.956240	-2.161147	0.010562	-0.036880	-0.025004	-0.194335	-0.031607	0.980426	-0.519355	0.851216	-0.075503	-0.832168	-0.523862	-0.181836
30948	9.541616	-0.884870	-1.996661	0.036122	-0.024412	-0.015069	-0.194526	-0.031862	0.980380	-0.519677	0.851024	-0.075456	-0.831923	-0.524159	-0.182104
30949	9.691105	-0.642300	-1.742557	0.037718	-0.014333	-0.000359	-0.194705	-0.031926	0.980342	-0.520011	0.850810	-0.075572	-0.831672	-0.524503	-0.182259
30950	9.859071	-0.450714	-1.474881	-0.037771	0.027407	0.015763	-0.194622	-0.031661	0.980367	-0.519714	0.850981	-0.075691	-0.831877	-0.524242	-0.182074
30951	9.885360	-0.326676	-1.327023	-0.085399	0.059670	0.020290	-0.194293	-0.031161	0.980449	-0.518984	0.851418	-0.075786	-0.832410	-0.523561	-0.181596
30952	9.911261	-0.332519	-1.279750	-0.167605	0.065194	0.024123	-0.193935	-0.030644	0.980536	-0.517658	0.852228	-0.075751	-0.833318	-0.522273	-0.181140
30953	9.726603	-0.551687	-1.533912	-0.158524	0.080326	0.003775	-0.193347	-0.030178	0.980666	-0.516349	0.853039	-0.075552	-0.834267	-0.520974	-0.180515
30954	9.564852	-0.699711	-1.622923	-0.111554	0.031125	-0.008371	-0.193108	-0.030103	0.980716	-0.515493	0.853579	-0.075303	-0.834851	-0.520094	-0.180351
30955	9.504704	-0.887760	-1.953644	-0.055542	0.026784	-0.014454	-0.192873	-0.030072	0.980763	-0.515077	0.853846	-0.075112	-0.835162	-0.519656	-0.180173
30956	9.461336	-1.088523	-2.211692	0.001609	-0.006786	-0.031255	-0.192829	-0.030387	0.980762	-0.515201	0.853795	-0.074841	-0.835096	-0.519721	-0.180292
30957	9.529781	-1.207650	-2.443115	0.008682	-0.031606	-0.012983	-0.193088	-0.030647	0.980703	-0.515319	0.853730	-0.074781	-0.834963	-0.519814	-0.180638
30958	9.563758	-1.053341	-2.072457	0.035692	-0.016361	0.003222	-0.193304	-0.030706	0.980658	-0.515615	0.853540	-0.074911	-0.834731	-0.520122	-0.180825
30959	9.492159	-0.831198	-1.856487	0.033197	0.006024	0.018515	-0.193411	-0.030502	0.980643	-0.515876	0.853356	-0.075203	-0.834544	-0.520436	-0.180784
30960	9.640393	-0.634565	-1.515976	-0.001813	0.031672	0.038169	-0.193406	-0.030018	0.980659	-0.515816	0.853357	-0.075608	-0.834583	-0.520463	-0.180528
30961	9.469583	-0.499614	-1.303560	0.038795	0.063636	0.039331	-0.193141	-0.029336	0.980732	-0.516084	0.853150	-0.076115	-0.834479	-0.520841	-0.179918
30962	9.521742	-0.343176	-1.194088	0.021002	0.035404	0.035444	-0.193088	-0.028856	0.980757	-0.516218	0.853031	-0.076533	-0.834408	-0.521062	-0.179606
30963	9.656270	-0.426687	-1.338516	0.004721	0.051726	0.033275	-0.192891	-0.028288	0.980812	-0.516213	0.852999	-0.076919	-0.834456	-0.521145	-0.179138
30964	9.674624	-0.294466	-1.500135	0.098458	0.016426	0.016000	-0.192897	-0.028087	0.980817	-0.517091	0.852434	-0.077286	-0.833911	-0.522080	-0.178955
30965	9.827651	-0.409101	-1.979087	0.033681	-0.012259	0.008930	-0.193107	-0.028060	0.980776	-0.517375	0.852244	-0.077485	-0.833686	-0.522392	-0.179092
30966	9.720796	-0.304567	-2.073323	0.040065	0.003296	0.019624	-0.193241	-0.027897	0.980755	-0.517760	0.851983	-0.077781	-0.833416	-0.522826	-0.179082
30967	9.382419	-0.201282	-2.171554	0.063774	-0.008709	0.015371	-0.193456	-0.027797	0.980715	-0.518281	0.851637	-0.078097	-0.833042	-0.523395	-0.179161
30968	9.499715	-0.169519	-2.154739	0.004254	-0.049838	0.029743	-0.194088	-0.027796	0.980590	-0.518219	0.851644	-0.078430	-0.832934	-0.523383	-0.179698
30969	9.755225	-0.256246	-2.094558	-0.073599	-0.030714	0.047716	-0.194653	-0.027536	0.980486	-0.517533	0.852025	-0.078817	-0.833228	-0.522776	-0.180100
30970	9.668763	-0.363044	-1.886550	-0.018597	-0.017588	0.078395	-0.195271	-0.026957	0.980379	-0.517210	0.852150	-0.079586	-0.833285	-0.522602	-0.180343
30971	9.710248	-0.170643	-1.485571	-0.034994	-0.013509	0.089559	-0.195909	-0.026250	0.980271	-0.516763	0.852340	-0.080452	-0.833412	-0.522329	-0.180546
30972	9.379560	-0.249487	-1.441275	0.010559	-0.026310	0.077682	-0.196591	-0.025731	0.980148	-0.516712	0.852294	-0.081264	-0.833283	-0.522430	-0.180849
30973	9.553944	-0.221663	-1.776159	0.073197	-0.066075	0.062080	-0.197525	-0.025532	0.979965	-0.517219	0.851910	-0.082056	-0.832747	-0.523065	-0.181479
30974	9.779136	-0.183197	-1.768409	0.046451	-0.047374	0.097976	-0.198488	-0.024941	0.979786	-0.517383	0.851707	-0.083132	-0.832417	-0.523425	-0.181958
30975	9.811059	0.128592	-1.490267	0.013576	-0.022043	0.124959	-0.199380	-0.023978	0.979629	-0.517267	0.851649	-0.084432	-0.832275	-0.523564	-0.182205
30976	9.754971	0.212197	-1.502287	-0.043334	-0.005334	0.137097	-0.200192	-0.022859	0.979490	-0.516704	0.851862	-0.085725	-0.832430	-0.523268	-0.182347
30977	9.693124	0.273914	-1.282854	-0.115786	-0.007962	0.156630	-0.201129	-0.021551	0.979328	-0.515445	0.852485	-0.087099	-0.832985	-0.522308	-0.182568
30978	9.652756	0.311167	-0.934360	-0.194623	0.016294	0.172202	-0.201934	-0.020026	0.979194	-0.513573	0.853474	-0.088457	-0.833946	-0.520750	-0.182631
30979	9.493793	0.197955	-0.648561	-0.201196	0.017801	0.166139	-0.202700	-0.018500	0.979066	-0.511578	0.854535	-0.089767	-0.834986	-0.519064	-0.182678
30980	9.642152	0.038151	-0.845363	-0.215746	-0.031409	0.168980	-0.203883	-0.017237	0.978844	-0.509490	0.855645	-0.091054	-0.835973	-0.517275	-0.183234
30981	9.745080	-0.020023	-1.435844	-0.263674	-0.054711	0.173573	-0.205285	-0.016018	0.978571	-0.506949	0.857018	-0.092320	-0.837174	-0.515037	-0.184053
30982	9.747464	0.050955	-1.604886	-0.227333	-0.088800	0.174901	-0.206967	-0.015016	0.978233	-0.504830	0.858126	-0.093635	-0.838040	-0.513220	-0.185184
30983	9.749851	0.048495	-1.902975	-0.211004	-0.107533	0.183032	-0.208852	-0.013980	0.977847	-0.502699	0.859216	-0.095084	-0.838853	-0.511422	-0.186477
30984	9.629064	-0.034543	-1.996824	-0.181878	-0.120715	0.192929	-0.210888	-0.012932	0.977425	-0.500728	0.860192	-0.096655	-0.839523	-0.509807	-0.187879
30985	9.704435	-0.124888	-1.752326	-0.155355	-0.156641	0.222079	-0.213375	-0.011803	0.976899	-0.498971	0.860993	-0.098583	-0.839940	-0.508480	-0.189603
30986	9.913934	-0.039476	-1.359933	-0.200110	-0.150215	0.252446	-0.215947	-0.010416	0.976349	-0.496822	0.861992	-0.100690	-0.840556	-0.506815	-0.191320
30987	10.302167	0.265326	-0.774979	-0.311531	-0.097265	0.278569	-0.218207	-0.008488	0.975866	-0.493615	0.863576	-0.102863	-0.841861	-0.504148	-0.192628
30988	10.655919	0.637425	0.030090	-0.481428	0.008438	0.308551	-0.219701	-0.005793	0.975550	-0.488919	0.865991	-0.104965	-0.844210	-0.500026	-0.193091
30989	10.769390	0.655557	0.505401	-0.622695	0.160597	0.338733	-0.220050	-0.002039	0.975487	-0.482926	0.869084	-0.107121	-0.847562	-0.494660	-0.192226
30990	10.887595	0.467916	1.189930	-0.720442	0.331928	0.364086	-0.219020	0.002742	0.975716	-0.476064	0.872590	-0.109315	-0.851700	-0.488446	-0.189809
30991	10.900671	0.183869	1.791332	-0.780363	0.543047	0.380691	-0.216241	0.008723	0.976301	-0.468590	0.876336	-0.111618	-0.856541	-0.481621	-0.185413
30992	10.731948	-0.005887	2.245597	-0.820023	0.737223	0.385765	-0.211739	0.015633	0.977201	-0.460714	0.880209	-0.113909	-0.861922	-0.474330	-0.179172
30993	10.533696	-0.137494	2.651392	-0.898072	0.875145	0.382209	-0.205976	0.023140	0.978283	-0.452169	0.884341	-0.116121	-0.867823	-0.466268	-0.171690
30994	10.287477	-0.750638	2.373138	-0.943025	0.964227	0.389754	-0.199355	0.031049	0.979435	-0.443169	0.888588	-0.118372	-0.873990	-0.457654	-0.163384
30995	10.457920	-1.605322	1.705640	-0.851665	0.957674	0.433488	-0.192922	0.039274	0.980428	-0.434873	0.892283	-0.121314	-0.879583	-0.449766	-0.155062
30996	10.977003	-2.455015	1.554015	-0.823667	0.984184	0.494509	-0.186393	0.048092	0.981297	-0.426653	0.895744	-0.124940	-0.885000	-0.441961	-0.146442
30997	11.007082	-3.159601	1.904729	-0.834174	1.115837	0.564943	-0.178934	0.058069	0.982146	-0.418237	0.899080	-0.129355	-0.890539	-0.433916	-0.136590
30998	10.943267	-3.726849	2.337978	-0.837135	1.222063	0.622483	-0.170615	0.068934	0.982924	-0.409687	0.902273	-0.134391	-0.896129	-0.425620	-0.125699
30999	10.618778	-4.100036	2.810064	-0.819685	1.310320	0.655682	-0.161555	0.080404	0.983583	-0.401253	0.905220	-0.139905	-0.901607	-0.417268	-0.113980
31000	10.296857	-4.185318	3.019384	-0.694535	1.394316	0.653849	-0.151563	0.092118	0.984146	-0.393941	0.907528	-0.145615	-0.906553	-0.409766	-0.101258
31001	10.263116	-3.954593	3.052100	-0.369184	1.451628	0.657215	-0.141012	0.104023	0.984528	-0.389651	0.908369	-0.151785	-0.910103	-0.405026	-0.087558
31002	10.783833	-3.431421	3.503925	-0.142908	1.615446	0.695165	-0.128999	0.116879	0.984733	-0.387414	0.908171	-0.158543	-0.912836	-0.401951	-0.071873
31003	11.242288	-2.737903	3.528160	-0.071030	1.872073	0.740175	-0.114808	0.131119	0.984696	-0.385889	0.907518	-0.165834	-0.915374	-0.399022	-0.053593
31004	11.440767	-2.175887	3.612467	-0.118076	2.086870	0.771460	-0.098663	0.146427	0.984289	-0.384011	0.906899	-0.173406	-0.918042	-0.395086	-0.033248
31005	12.016614	-1.996203	3.662241	-0.274870	2.217259	0.789350	-0.081352	0.162304	0.983382	-0.380800	0.906738	-0.181156	-0.921072	-0.389209	-0.011960
31006	12.684256	-2.166917	3.453474	-0.388647	2.297965	0.787612	-0.063101	0.178348	0.981942	-0.376580	0.906916	-0.188921	-0.924232	-0.381701	0.009935
31007	12.918567	-2.276567	2.612501	-0.534215	2.291790	0.753786	-0.044760	0.193856	0.980008	-0.371257	0.907506	-0.196470	-0.927451	-0.372629	0.031350
31008	12.781289	-2.660194	0.944819	-0.756418	2.111787	0.677535	-0.027650	0.207773	0.977786	-0.364083	0.908879	-0.203426	-0.930956	-0.361620	0.050516
31009	12.740872	-3.209834	-0.332848	-0.884219	1.840402	0.613645	-0.012752	0.219927	0.975433	-0.355743	0.910690	-0.209980	-0.934497	-0.349681	0.066624
31010	13.549942	-3.599594	-1.324550	-0.831713	1.662752	0.612602	0.000697	0.231283	0.972886	-0.347832	0.912192	-0.216605	-0.937557	-0.338250	0.081083
31011	13.603678	-3.713844	-1.653731	-0.670999	1.696471	0.644095	0.014341	0.242840	0.969960	-0.341615	0.912879	-0.223498	-0.939731	-0.328148	0.096049
31012	12.994222	-3.807913	-1.687552	-0.542665	1.801441	0.633655	0.029136	0.254480	0.966639	-0.336678	0.913042	-0.230222	-0.941169	-0.318738	0.112280
31013	12.516169	-4.108633	-2.043922	-0.344608	1.798939	0.604172	0.043988	0.265686	0.963055	-0.333688	0.912533	-0.236507	-0.941657	-0.310957	0.128797
31014	11.504106	-3.842893	-2.583217	0.261332	1.743305	0.525958	0.058607	0.275909	0.959395	-0.336454	0.910278	-0.241231	-0.939875	-0.308654	0.146179
31015	10.611947	-3.018082	-2.303261	0.903609	1.652053	0.390205	0.072711	0.284610	0.955882	-0.345219	0.906356	-0.243604	-0.935701	-0.312276	0.164155
31016	10.017963	-2.160782	-2.297643	1.360035	1.596948	0.287181	0.086601	0.292291	0.952400	-0.358109	0.901227	-0.244023	-0.929655	-0.319930	0.182720
31017	9.427073	-1.247956	-2.648583	1.690481	1.557693	0.195876	0.100247	0.299143	0.948928	-0.373980	0.895125	-0.242674	-0.922003	-0.330553	0.201607
31018	9.309243	-0.178250	-3.014121	1.839241	1.531329	0.173290	0.113624	0.305860	0.945272	-0.391070	0.888396	-0.240449	-0.913320	-0.342347	0.220556
31019	8.581378	0.412981	-3.024041	1.679752	1.533047	0.189270	0.126746	0.312886	0.941296	-0.406605	0.881948	-0.238410	-0.904769	-0.352518	0.239004
31020	7.958707	0.755072	-2.315368	1.319810	1.530424	0.221803	0.139587	0.320307	0.936973	-0.418756	0.876554	-0.237268	-0.897306	-0.359244	0.256486
31021	7.763162	0.574898	-1.165943	0.820869	1.519750	0.247610	0.152073	0.327973	0.932367	-0.426497	0.872766	-0.237444	-0.891613	-0.361543	0.272604
31022	7.858922	0.604251	-0.361857	0.393645	1.448647	0.239577	0.163902	0.335298	0.927745	-0.430379	0.870545	-0.238591	-0.887643	-0.360176	0.286990
31023	7.732559	1.075569	-0.128121	0.093998	1.346818	0.194739	0.174939	0.341842	0.923331	-0.431580	0.869521	-0.240150	-0.884949	-0.356480	0.299645
31024	7.304069	1.290018	-0.046757	-0.119040	1.204472	0.104515	0.185152	0.347010	0.919404	-0.430745	0.869573	-0.241457	-0.883277	-0.351322	0.310476
31025	6.933946	0.987923	0.009728	-0.284827	1.053282	0.012172	0.194338	0.350807	0.916060	-0.428293	0.870494	-0.242497	-0.882495	-0.345215	0.319419
31026	6.956673	0.387027	-0.123227	-0.449769	0.935776	-0.066219	0.202879	0.353435	0.913194	-0.424143	0.872280	-0.243371	-0.882577	-0.337951	0.326874
31027	6.656068	-0.081623	-0.267222	-0.574175	0.888639	-0.117548	0.211160	0.355400	0.910551	-0.418871	0.874586	-0.244225	-0.883153	-0.329833	0.333544
31028	6.790511	-0.403608	0.030385	-0.647043	0.746365	-0.168617	0.218414	0.356337	0.908471	-0.412863	0.877268	-0.244838	-0.884217	-0.321598	0.338726
31029	7.449059	-0.739429	0.539199	-0.695852	0.670031	-0.221808	0.225191	0.356540	0.906735	-0.406254	0.880239	-0.245227	-0.885577	-0.313142	0.343068
31030	7.470532	-0.979540	1.223822	-0.727447	0.662354	-0.264030	0.232099	0.356254	0.905104	-0.399203	0.883425	-0.245352	-0.886999	-0.304374	0.347259
31031	7.525495	-1.246034	1.720254	-0.662327	0.589656	-0.297133	0.238450	0.355422	0.903779	-0.392666	0.886445	-0.245006	-0.888231	-0.296462	0.350935
31032	7.604008	-1.523211	1.902127	-0.477968	0.509976	-0.319509	0.244181	0.354077	0.902776	-0.387664	0.888973	-0.243809	-0.888871	-0.290440	0.354334
31033	7.544606	-1.816011	2.013013	-0.246098	0.427319	-0.357286	0.249300	0.352158	0.902127	-0.384637	0.890919	-0.241490	-0.888765	-0.286788	0.357560
31034	7.370545	-2.099558	2.061713	-0.078011	0.346874	-0.375175	0.253785	0.349798	0.901795	-0.383023	0.892450	-0.238381	-0.888193	-0.284911	0.360471
31035	7.191324	-2.491332	2.045746	0.042154	0.273960	-0.395172	0.257671	0.347076	0.901745	-0.382429	0.893681	-0.234694	-0.887329	-0.284380	0.363008
31036	6.950487	-2.790937	1.870085	0.166586	0.183084	-0.415964	0.260867	0.343875	0.902052	-0.382843	0.894638	-0.230333	-0.886216	-0.285258	0.365032
31037	6.780005	-2.860488	1.816541	0.309663	0.088710	-0.467289	0.263387	0.339975	0.902798	-0.384403	0.895323	-0.225012	-0.884795	-0.287773	0.366504
31038	6.749271	-2.801337	2.011275	0.464716	-0.017299	-0.527437	0.265220	0.335198	0.904047	-0.387148	0.895743	-0.218542	-0.883048	-0.292038	0.367341
31039	6.876068	-2.514267	2.404567	0.626315	-0.130856	-0.583682	0.266279	0.329611	0.905788	-0.391164	0.895810	-0.210987	-0.880958	-0.298130	0.367467
31040	7.279536	-2.050420	3.083239	0.790413	-0.226610	-0.652731	0.266806	0.323076	0.907985	-0.396413	0.895537	-0.202163	-0.878448	-0.305999	0.367006
31041	7.597992	-1.309737	3.815416	0.926780	-0.290208	-0.741650	0.267165	0.315561	0.910519	-0.402603	0.895001	-0.192051	-0.875519	-0.315268	0.366159
31042	8.077201	-0.502778	4.574309	0.893528	-0.327495	-0.848639	0.267692	0.306916	0.913314	-0.408172	0.894772	-0.181050	-0.872775	-0.324324	0.364798
31043	8.730008	-0.261196	5.043287	0.730714	-0.327929	-0.948765	0.268666	0.297375	0.916181	-0.412040	0.895216	-0.169741	-0.870656	-0.331900	0.363044
31044	9.273075	-0.475277	5.281576	0.551143	-0.289715	-1.007122	0.270261	0.287376	0.918898	-0.414159	0.896298	-0.158498	-0.869156	-0.337734	0.361254
31045	9.837822	-0.859218	5.331895	0.450953	-0.169277	-1.011218	0.272926	0.277756	0.921066	-0.415371	0.897598	-0.147598	-0.867743	-0.342301	0.360349
31046	9.937685	-1.056729	5.250049	0.594628	-0.035195	-0.967201	0.276609	0.268944	0.922582	-0.417897	0.898176	-0.136535	-0.865361	-0.347777	0.360834
31047	9.445213	-0.861633	5.505762	0.642383	-0.045207	-0.895206	0.279914	0.260769	0.923931	-0.420999	0.898270	-0.125981	-0.862791	-0.353710	0.361222
31048	8.395133	-1.206843	4.866552	0.609248	-0.165579	-0.854756	0.282057	0.252494	0.925576	-0.423879	0.898276	-0.115875	-0.860680	-0.359648	0.360392
31049	7.255661	-1.415598	4.088186	0.720483	-0.219188	-0.852633	0.283745	0.244065	0.927319	-0.427701	0.897753	-0.105414	-0.858231	-0.366705	0.359119
31050	6.188266	-1.079399	3.467098	0.743926	-0.222270	-0.885603	0.285605	0.235287	0.929016	-0.431589	0.897104	-0.094523	-0.855664	-0.373957	0.357765
31051	5.532837	-0.498232	3.229525	0.520854	-0.338847	-0.935114	0.286692	0.225645	0.931070	-0.433410	0.897274	-0.084000	-0.854379	-0.379453	0.355038
31052	5.239181	-0.267444	3.140954	0.138019	-0.506806	-0.929869	0.286343	0.215359	0.933610	-0.431956	0.898784	-0.074842	-0.855232	-0.381848	0.350386
31053	5.426254	-0.025626	2.874049	-0.064710	-0.720488	-0.888617	0.283939	0.204631	0.936752	-0.428911	0.900875	-0.066787	-0.857563	-0.382820	0.343562
31054	5.951281	0.129842	2.173035	-0.281484	-0.941097	-0.821449	0.279317	0.193614	0.940476	-0.424211	0.903572	-0.060028	-0.861410	-0.382194	0.334516
31055	6.988001	0.011736	1.578298	-0.447120	-1.169360	-0.732820	0.272242	0.182546	0.944755	-0.418369	0.906633	-0.054623	-0.866517	-0.380386	0.323195
31056	9.705647	-0.328416	1.709313	-0.505352	-1.228930	-0.638400	0.264172	0.172082	0.949000	-0.412296	0.909667	-0.050179	-0.871909	-0.378013	0.311258
31057	11.345696	0.165003	2.291708	-0.428239	-0.978830	-0.651152	0.258225	0.162485	0.952323	-0.406895	0.912350	-0.045334	-0.876217	-0.375788	0.301705
31058	11.735290	1.261951	3.772885	-0.245861	-0.869511	-0.795471	0.253773	0.151948	0.955254	-0.402730	0.914510	-0.038478	-0.879436	-0.374945	0.293272
31059	13.221788	1.780361	5.035723	-0.269541	-1.000464	-1.006894	0.248928	0.139006	0.958495	-0.397866	0.916964	-0.029655	-0.883028	-0.373970	0.283563
31060	14.978881	1.519645	7.117307	-1.201324	-1.147017	-0.918008	0.242311	0.126319	0.961940	-0.384983	0.922607	-0.024177	-0.890546	-0.364473	0.272189
31061	17.632826	-1.307512	8.464654	-2.460889	-1.078901	-0.549903	0.234634	0.117428	0.964965	-0.361652	0.931965	-0.025476	-0.902305	-0.343004	0.261138
31062	18.480349	-5.147910	11.029296	-3.621147	-0.307971	-0.123900	0.232228	0.115257	0.965809	-0.328474	0.943913	-0.033663	-0.915519	-0.309426	0.257062
31063	12.865194	-10.377414	12.470237	-4.374959	0.383092	0.291053	0.234804	0.119158	0.964712	-0.288860	0.956177	-0.047797	-0.928131	-0.267444	0.258935
31064	6.540630	-14.847389	7.793231	-3.721277	-0.331740	0.282345	0.230919	0.121057	0.965413	-0.254803	0.965125	-0.060075	-0.939016	-0.232117	0.253712
31065	6.903491	-14.434791	-0.587420	-2.438868	-1.169551	-0.293373	0.220544	0.115666	0.968494	-0.231176	0.970850	-0.063305	-0.947585	-0.209931	0.240855
31066	7.247825	-12.959167	-6.356874	-0.993802	-0.998125	-0.636940	0.212480	0.107456	0.971239	-0.220403	0.973592	-0.059498	-0.951985	-0.201422	0.230552
31067	5.427033	-9.973983	-7.802552	1.147894	-0.774095	-0.743001	0.206732	0.098657	0.973411	-0.229811	0.971965	-0.049703	-0.951025	-0.213425	0.223609
31068	4.243003	-4.835629	-6.411192	3.083202	-0.761679	-0.715918	0.201218	0.090029	0.975400	-0.257632	0.965573	-0.035974	-0.945059	-0.244056	0.217485
31069	5.743108	0.594654	-3.399504	4.322812	-0.970251	-0.615508	0.193748	0.081576	0.977654	-0.297100	0.954620	-0.020776	-0.934983	-0.286436	0.209191
31070	8.978245	4.866944	-0.945577	4.700489	-1.049143	-0.571757	0.185758	0.072969	0.979882	-0.339702	0.940516	-0.005639	-0.922007	-0.331821	0.199496
31071	13.055608	8.783290	1.177132	4.399780	-1.168003	-0.627582	0.177264	0.063018	0.982144	-0.378875	0.925404	0.009004	-0.908312	-0.373706	0.187917
31072	16.992310	12.603499	1.618202	3.398987	-1.332079	-0.543692	0.167306	0.052853	0.984487	-0.408679	0.912449	0.020466	-0.897213	-0.405763	0.174258
31073	15.511912	11.495375	2.860161	1.510460	-1.169383	-0.413220	0.158494	0.044289	0.986366	-0.421563	0.906396	0.027041	-0.892840	-0.420101	0.162329
31074	10.129695	6.243432	2.945448	-0.580913	-1.118491	-0.358797	0.149926	0.036360	0.988028	-0.415862	0.908944	0.029655	-0.896985	-0.415329	0.151395
31075	7.983123	1.056215	2.046191	-2.058005	-1.100346	-0.264351	0.141015	0.029500	0.989568	-0.396951	0.917374	0.029219	-0.906942	-0.396931	0.141073
31076	7.865295	-3.103520	1.214735	-2.588624	-1.055458	-0.148432	0.131906	0.024072	0.990970	-0.373159	0.927370	0.027143	-0.918343	-0.373369	0.131308
31077	7.981382	-5.145907	0.125790	-2.441196	-1.067425	-0.104164	0.122366	0.019262	0.992298	-0.350520	0.936220	0.025051	-0.928527	-0.350886	0.121313
31078	8.264035	-6.063874	-1.604110	-1.821622	-1.036893	-0.134882	0.113104	0.014458	0.993478	-0.333422	0.942466	0.024243	-0.935969	-0.333989	0.111417
31079	8.951360	-4.672020	-1.174604	-0.693376	-1.009287	-0.173673	0.104155	0.009509	0.994516	-0.326769	0.944769	0.025189	-0.939348	-0.327600	0.101509
31080	9.783839	-1.348609	0.105053	0.473388	-1.017470	-0.185617	0.095169	0.004428	0.995451	-0.331064	0.943209	0.027455	-0.938797	-0.332170	0.091230
31081	10.140357	1.820301	-0.105039	1.081720	-1.084830	-0.237655	0.085738	-0.001441	0.996317	-0.341026	0.939552	0.030706	-0.936136	-0.342403	0.080064
31082	10.414067	3.373510	-0.762599	1.120123	-1.177256	-0.291029	0.075666	-0.008227	0.997099	-0.351286	0.935637	0.034378	-0.933206	-0.352868	0.067906
31083	10.549271	3.861847	-0.501063	0.814900	-1.130617	-0.315548	0.066187	-0.015181	0.997692	-0.358693	0.932682	0.037988	-0.931106	-0.360380	0.056286
31084	10.636133	3.198656	0.314497	0.460113	-1.087992	-0.283855	0.057019	-0.021762	0.998136	-0.362859	0.930941	0.041026	-0.930098	-0.364522	0.045184
31085	10.224627	1.607863	0.514756	-0.022505	-1.117850	-0.228960	0.047388	-0.027941	0.998486	-0.362564	0.930954	0.043258	-0.930753	-0.364065	0.033986
31086	10.078468	-0.193813	0.155252	-0.393497	-1.139201	-0.147640	0.037240	-0.033417	0.998747	-0.358858	0.932327	0.044575	-0.932649	-0.360068	0.022728
31087	9.822205	-1.518770	-0.288525	-0.638428	-1.106944	-0.071573	0.027097	-0.038009	0.998910	-0.352906	0.934570	0.045134	-0.935266	-0.353744	0.011910
31088	9.715558	-1.972000	0.000385	-0.666198	-1.068884	-0.019518	0.017088	-0.041923	0.998975	-0.346705	0.936882	0.045247	-0.937819	-0.347123	0.001474
31089	10.099245	-1.295876	0.736989	-0.606915	-0.929484	0.009269	0.008270	-0.045007	0.998952	-0.341041	0.938965	0.045127	-0.940012	-0.341057	-0.007584
31090	10.518967	-0.051379	0.824598	-0.426721	-0.744525	0.015666	0.001157	-0.047357	0.998877	-0.337054	0.940410	0.044975	-0.941485	-0.336728	-0.014874
31091	10.167440	1.200025	0.576225	0.100077	-0.647728	-0.016095	-0.004945	-0.049664	0.998754	-0.338029	0.940056	0.045071	-0.941123	-0.337384	-0.021436
31092	9.651678	2.010292	0.105754	0.492538	-0.713081	-0.046324	-0.011556	-0.052490	0.998555	-0.342685	0.938355	0.045360	-0.939379	-0.341665	-0.028831
31093	10.020253	1.997582	-1.222655	0.555199	-0.773576	-0.035316	-0.018752	-0.055456	0.998285	-0.347932	0.936416	0.045483	-0.937332	-0.346482	-0.036854
31094	9.063801	2.167432	-2.003129	0.666437	-0.934045	-0.066394	-0.027325	-0.059307	0.997866	-0.354193	0.934049	0.045815	-0.934773	-0.352185	-0.046529
31095	8.924870	1.914629	-1.783964	0.610078	-1.065751	0.019297	-0.037403	-0.062881	0.997320	-0.359913	0.931888	0.045258	-0.932236	-0.357255	-0.057487
31096	9.606114	0.956406	-1.135993	0.399402	-1.035951	0.073341	-0.047373	-0.065898	0.996701	-0.363629	0.930493	0.044238	-0.930339	-0.360334	-0.068042
31097	9.355786	-0.107040	-1.390232	0.166587	-0.906626	0.035906	-0.055993	-0.068810	0.996057	-0.365189	0.929907	0.043711	-0.929248	-0.361302	-0.077197
31098	9.480929	-0.458431	-1.128977	0.383900	-0.920995	0.073152	-0.064865	-0.071447	0.995333	-0.368717	0.928564	0.042625	-0.927276	-0.364232	-0.086575
31099	9.721592	0.483735	0.027407	0.545085	-0.936347	0.086072	-0.073914	-0.074054	0.994511	-0.373734	0.926620	0.041222	-0.924586	-0.368635	-0.096167
31100	9.576160	0.651092	0.367837	0.410291	-0.883258	0.040248	-0.082285	-0.076933	0.993635	-0.377517	0.925123	0.040365	-0.922340	-0.371792	-0.105167
31101	10.066715	1.245111	0.793360	0.440765	-0.861378	0.016778	-0.090343	-0.079970	0.992695	-0.381590	0.923480	0.039666	-0.919906	-0.375219	-0.113945
31102	10.084113	2.417254	1.298484	0.568390	-0.791484	0.010095	-0.097714	-0.082848	0.991760	-0.386829	0.921333	0.038852	-0.916960	-0.379846	-0.122075
31103	9.786602	2.620965	1.341191	0.397089	-0.756056	-0.016870	-0.104632	-0.085862	0.990798	-0.390510	0.919795	0.038469	-0.914633	-0.382891	-0.129770
31104	9.597549	2.417694	0.835874	0.065929	-0.759189	-0.026499	-0.111520	-0.089004	0.989768	-0.391179	0.919504	0.038610	-0.913533	-0.382871	-0.137360
31105	9.995784	2.179165	0.653679	-0.084881	-0.731857	-0.006813	-0.118238	-0.091839	0.988729	-0.390438	0.919813	0.038747	-0.913005	-0.381456	-0.144614
31106	9.693727	1.004412	-0.098462	-0.215041	-0.671365	0.007001	-0.124447	-0.094305	0.987735	-0.388474	0.920636	0.038954	-0.913017	-0.378862	-0.151205
31107	9.690105	-0.298542	-0.744616	-0.328777	-0.704382	0.028491	-0.131049	-0.096674	0.986651	-0.385461	0.921894	0.039131	-0.913371	-0.375187	-0.158078
31108	9.327874	-1.392044	-1.865940	-0.130114	-0.728337	0.055723	-0.137960	-0.098875	0.985490	-0.384227	0.922425	0.038759	-0.912873	-0.373305	-0.165248
31109	8.961177	-1.798642	-2.557031	0.208636	-0.846018	0.087517	-0.146072	-0.101206	0.984084	-0.386030	0.921724	0.037492	-0.910848	-0.374409	-0.173706
31110	9.172370	-1.373203	-2.609882	0.496330	-0.975092	0.114788	-0.155434	-0.103798	0.982378	-0.390390	0.919967	0.035435	-0.907434	-0.378002	-0.183516
31111	9.350907	-0.373799	-2.334565	0.640649	-1.017503	0.132918	-0.165229	-0.106423	0.980497	-0.396001	0.917662	0.032871	-0.903262	-0.382846	-0.193768
