// General information: 
//  MT Manager version: 2022.2.0 
//  XDA version: 2022.2.0 build 7381 rev 124627 built on 2023-07-19
// Device information: 
//  DeviceId: 00B4CAF0
//  ProductCode: MTW2-3A7G6
//  Firmware Version: 4.6.0
//  Hardware Version: 2.0.0
// Device settings: 
//  Filter Profile: human(46.1)
//  Option Flags: Orientation Smoother Disabled, Position/Velocity Smoother Disabled, Continuous Zero Rotation Update Disabled, AHS Disabled, ICC Disabled
// Coordinate system: ENU
PacketCounter	Acc_X	Acc_Y	Acc_Z	Gyr_X	Gyr_Y	Gyr_Z	Mat[1][1]	Mat[2][1]	Mat[3][1]	Mat[1][2]	Mat[2][2]	Mat[3][2]	Mat[1][3]	Mat[2][3]	Mat[3][3]
33861	5.947273	0.087767	8.247906	0.003176	0.007071	0.003176	-0.660912	-0.453530	0.597918	0.572624	-0.819742	0.011166	0.485075	0.349762	0.801479
33862	6.040204	0.120385	8.207722	0.007122	-0.004459	0.003152	-0.660853	-0.453522	0.597990	0.572671	-0.819709	0.011196	0.485100	0.349850	0.801426
33863	6.096583	0.173189	8.171988	0.005105	-0.002540	-0.000092	-0.660859	-0.453441	0.598043	0.572638	-0.819731	0.011259	0.485129	0.349903	0.801385
33864	6.073312	0.124017	8.196010	0.002340	-0.005272	0.005804	-0.660781	-0.453452	0.598122	0.572679	-0.819703	0.011235	0.485187	0.349956	0.801327
33865	6.110587	0.103834	8.191019	0.002530	-0.002634	0.006151	-0.660850	-0.453253	0.598197	0.572546	-0.819794	0.011356	0.485252	0.350000	0.801268
33866	6.086303	-0.002539	8.196801	0.000323	-0.003353	0.002559	-0.660799	-0.453243	0.598260	0.572555	-0.819788	0.011335	0.485308	0.350027	0.801222
33867	6.114576	0.023790	8.178869	0.006209	-0.002181	0.001704	-0.660766	-0.453314	0.598243	0.572647	-0.819723	0.011356	0.485246	0.350086	0.801234
33868	6.087547	0.054827	8.214872	0.003199	0.000229	0.001025	-0.660742	-0.453305	0.598277	0.572661	-0.819714	0.011367	0.485263	0.350120	0.801209
33869	6.204267	0.136888	8.150244	0.008305	-0.002312	0.000934	-0.660635	-0.453273	0.598419	0.572675	-0.819704	0.011329	0.485391	0.350184	0.801103
33870	6.129251	0.120241	8.141589	0.001081	0.007202	0.003946	-0.660628	-0.453312	0.598397	0.572698	-0.819689	0.011306	0.485374	0.350169	0.801120
33871	6.117185	0.123960	8.163427	0.001862	0.010914	0.003183	-0.660656	-0.453345	0.598341	0.572700	-0.819687	0.011294	0.485332	0.350131	0.801162
33872	6.158576	0.137771	8.184190	0.002454	0.011988	0.002074	-0.660683	-0.453385	0.598280	0.572717	-0.819675	0.011293	0.485276	0.350106	0.801207
33873	6.098639	0.094029	8.161275	0.004471	0.010068	0.005320	-0.660662	-0.453445	0.598259	0.572755	-0.819649	0.011252	0.485260	0.350090	0.801224
33874	5.977585	0.092219	8.238224	-0.001225	0.011535	0.006521	-0.660661	-0.453521	0.598202	0.572784	-0.819630	0.011195	0.485228	0.350037	0.801267
33875	5.934378	0.149625	8.289262	0.004033	-0.003838	0.006492	-0.660598	-0.453532	0.598263	0.572822	-0.819604	0.011179	0.485268	0.350083	0.801222
33876	6.011424	0.151739	8.244987	-0.000328	-0.013056	0.005535	-0.660484	-0.453513	0.598404	0.572848	-0.819586	0.011135	0.485393	0.350149	0.801117
33877	6.027598	0.067685	8.210949	0.002894	-0.019670	0.004412	-0.660370	-0.453514	0.598528	0.572917	-0.819538	0.011136	0.485466	0.350261	0.801024
33878	6.007903	0.132517	8.270328	0.008023	-0.029055	0.002175	-0.660197	-0.453412	0.598797	0.572961	-0.819506	0.011179	0.485649	0.350468	0.800823
33879	6.097883	0.131364	8.203501	0.004425	-0.027720	0.002610	-0.660120	-0.453178	0.599058	0.572873	-0.819566	0.011278	0.485857	0.350629	0.800626
33880	6.162105	0.146093	8.120182	0.000827	-0.026385	0.003044	-0.659956	-0.453091	0.599305	0.572888	-0.819556	0.011258	0.486063	0.350765	0.800441
33881	6.170462	0.057033	8.166092	-0.003974	-0.020354	0.007847	-0.659806	-0.453009	0.599532	0.572856	-0.819580	0.011171	0.486304	0.350817	0.800273
33882	6.203514	0.002965	8.135352	0.006180	-0.017659	0.001431	-0.659693	-0.452939	0.599709	0.572887	-0.819558	0.011204	0.486422	0.350957	0.800140
33883	6.110488	0.093295	8.152415	0.001642	-0.007199	0.002558	-0.659612	-0.452874	0.599848	0.572857	-0.819579	0.011164	0.486567	0.350991	0.800036
33884	6.027078	0.015107	8.205314	0.007740	-0.010233	-0.000101	-0.659543	-0.452818	0.599965	0.572885	-0.819559	0.011219	0.486627	0.351110	0.799947
33885	6.132114	0.115907	8.213596	0.012470	-0.018055	-0.000880	-0.659454	-0.452694	0.600157	0.572892	-0.819553	0.011314	0.486739	0.351286	0.799802
33886	6.213974	0.095941	8.175318	0.007742	-0.010234	-0.000099	-0.659386	-0.452638	0.600275	0.572920	-0.819532	0.011368	0.486799	0.351405	0.799713
33887	6.200137	0.108824	8.137125	0.007319	-0.001824	0.003500	-0.659391	-0.452513	0.600362	0.572859	-0.819574	0.011442	0.486864	0.351468	0.799646
33888	6.188734	0.112777	8.158507	0.000894	0.004565	0.003595	-0.659374	-0.452539	0.600362	0.572877	-0.819562	0.011420	0.486865	0.351464	0.799647
33889	6.160005	0.086462	8.176860	0.001462	0.012483	0.004626	-0.659351	-0.452749	0.600229	0.573015	-0.819466	0.011339	0.486734	0.351416	0.799748
33890	6.101048	0.099622	8.172291	0.004875	0.008505	0.003852	-0.659352	-0.452791	0.600196	0.573055	-0.819438	0.011347	0.486686	0.351427	0.799772
33891	6.088961	0.103634	8.194172	0.003959	0.010785	0.002401	-0.659441	-0.452722	0.600150	0.572987	-0.819485	0.011419	0.486644	0.351408	0.799806
33892	6.093983	0.065964	8.148731	0.001274	0.009843	0.004284	-0.659446	-0.452772	0.600107	0.573012	-0.819467	0.011395	0.486609	0.351384	0.799838
33893	6.087322	0.103598	8.195390	0.003370	0.009711	0.003514	-0.659490	-0.452751	0.600075	0.572981	-0.819489	0.011417	0.486586	0.351361	0.799862
33894	6.074259	0.050395	8.199000	0.000685	0.008769	0.005397	-0.659483	-0.452807	0.600041	0.573011	-0.819469	0.011382	0.486561	0.351336	0.799888
33895	6.064706	0.096350	8.186458	-0.001526	0.008050	0.001804	-0.659512	-0.452860	0.599968	0.573023	-0.819461	0.011358	0.486507	0.351286	0.799943
33896	6.110900	0.087168	8.213434	0.006268	0.006447	-0.000167	-0.659525	-0.452862	0.599952	0.573043	-0.819446	0.011402	0.486465	0.351318	0.799955
33897	6.128660	0.102887	8.164641	0.001886	0.004072	0.001030	-0.659505	-0.452856	0.599978	0.573030	-0.819456	0.011367	0.486508	0.351302	0.799936
33898	6.160509	0.106022	8.153839	0.001351	0.011630	0.000267	-0.659541	-0.452880	0.599921	0.573028	-0.819457	0.011369	0.486460	0.351270	0.799979
33899	6.168239	0.059625	8.167753	-0.003050	0.016098	0.003610	-0.659530	-0.452960	0.599873	0.573023	-0.819462	0.011239	0.486483	0.351153	0.800016
33900	6.186974	0.009383	8.160615	0.000820	0.019186	-0.000492	-0.659607	-0.453004	0.599755	0.573014	-0.819468	0.011241	0.486388	0.351083	0.800105
33901	6.159148	0.097258	8.216215	0.003813	0.023616	0.002338	-0.659692	-0.452991	0.599671	0.572947	-0.819516	0.011231	0.486353	0.350989	0.800168
33902	6.126905	0.136658	8.194792	-0.001022	0.030584	-0.001243	-0.659828	-0.453069	0.599462	0.572924	-0.819532	0.011222	0.486194	0.350851	0.800324
33903	6.127778	0.056563	8.185003	0.003401	0.032020	0.005952	-0.660016	-0.453071	0.599254	0.572852	-0.819581	0.011285	0.486024	0.350732	0.800480
33904	6.106437	0.092380	8.142624	0.004955	0.033534	-0.006103	-0.660195	-0.453119	0.599020	0.572826	-0.819599	0.011353	0.485812	0.350630	0.800653
33905	6.092167	0.096528	8.166078	0.001183	0.038138	0.004517	-0.660382	-0.453206	0.598748	0.572792	-0.819622	0.011362	0.485598	0.350461	0.800857
33906	6.071212	0.081100	8.217129	0.006228	0.026965	0.006303	-0.660458	-0.453333	0.598569	0.572854	-0.819579	0.011367	0.485421	0.350400	0.800991
33907	6.109281	0.160285	8.198102	-0.003097	0.030706	-0.000454	-0.660587	-0.453325	0.598433	0.572731	-0.819665	0.011304	0.485390	0.350208	0.801093
33908	6.095976	0.092236	8.150460	-0.001879	0.031915	0.005715	-0.660690	-0.453463	0.598214	0.572750	-0.819653	0.011247	0.485227	0.350058	0.801258
33909	6.121275	0.117649	8.134850	-0.005682	0.037452	0.007954	-0.660789	-0.453716	0.597913	0.572818	-0.819607	0.011110	0.485013	0.349837	0.801484
33910	6.038184	0.015420	8.196889	-0.003494	0.039103	0.003177	-0.660941	-0.453859	0.597636	0.572812	-0.819612	0.011055	0.484812	0.349640	0.801692
33911	5.962361	0.112234	8.226499	0.003432	0.032001	0.005999	-0.660977	-0.454055	0.597448	0.572883	-0.819564	0.010939	0.484679	0.349498	0.801833
33912	5.745364	0.144233	8.302714	0.005286	0.006931	0.002426	-0.660978	-0.454079	0.597428	0.572915	-0.819541	0.010959	0.484641	0.349519	0.801847
33913	6.056953	0.136779	8.246591	0.010110	-0.012775	-0.006691	-0.661013	-0.453812	0.597592	0.572781	-0.819633	0.011140	0.484751	0.349653	0.801723
33914	6.163148	0.222496	8.203078	-0.000680	-0.002858	0.005125	-0.660951	-0.453824	0.597652	0.572802	-0.819619	0.011096	0.484811	0.349670	0.801679
33915	5.996487	0.051231	8.256370	0.009927	-0.009510	0.003501	-0.660868	-0.453822	0.597745	0.572872	-0.819570	0.011131	0.484842	0.349787	0.801609
33916	6.158102	0.132054	8.159113	-0.000074	-0.008624	0.001860	-0.660796	-0.453787	0.597850	0.572873	-0.819569	0.011111	0.484937	0.349835	0.801531
33917	6.097055	0.046028	8.169329	0.006521	-0.005535	0.004276	-0.660709	-0.453864	0.597888	0.572980	-0.819494	0.011096	0.484930	0.349909	0.801503
33918	6.124012	0.087030	8.203845	0.006522	-0.005535	0.004276	-0.660639	-0.453860	0.597969	0.573030	-0.819459	0.011115	0.484967	0.349997	0.801442
33919	6.090838	0.027188	8.196552	0.000909	-0.002278	0.001451	-0.660708	-0.453756	0.597973	0.572962	-0.819505	0.011213	0.484954	0.350024	0.801438
33920	6.132234	-0.015719	8.198439	0.003686	0.000447	-0.004442	-0.660717	-0.453701	0.598004	0.572940	-0.819520	0.011261	0.484967	0.350061	0.801414
33921	6.118007	-0.002710	8.160612	0.009093	0.001391	0.000192	-0.660713	-0.453735	0.597982	0.573008	-0.819472	0.011323	0.484892	0.350129	0.801430
33922	6.066059	0.102142	8.198265	0.010282	0.003536	-0.002025	-0.660723	-0.453711	0.597989	0.573034	-0.819452	0.011410	0.484847	0.350207	0.801423
33923	6.066890	0.159909	8.216554	0.006293	-0.000400	-0.002299	-0.660765	-0.453652	0.597988	0.573019	-0.819461	0.011506	0.484808	0.350261	0.801423
33924	6.143298	0.162455	8.173000	0.001698	0.001432	0.000691	-0.660749	-0.453643	0.598012	0.573022	-0.819459	0.011508	0.484826	0.350278	0.801404
33925	6.147237	0.139323	8.179907	0.001286	0.009835	0.004304	-0.660751	-0.453723	0.597949	0.573061	-0.819432	0.011466	0.484777	0.350238	0.801452
33926	6.078494	0.141486	8.143794	0.000487	0.012965	0.007220	-0.660754	-0.453807	0.597882	0.573101	-0.819405	0.011419	0.484725	0.350192	0.801503
33927	5.997988	0.168363	8.293057	0.001492	0.005633	0.002499	-0.660798	-0.453791	0.597847	0.573078	-0.819421	0.011446	0.484694	0.350176	0.801529
33928	6.016751	0.112157	8.173469	0.003904	0.002150	0.004293	-0.660765	-0.453813	0.597865	0.573115	-0.819395	0.011444	0.484694	0.350208	0.801515
33929	5.930970	0.048754	8.278988	0.005115	-0.009383	-0.002237	-0.660714	-0.453788	0.597942	0.573144	-0.819374	0.011477	0.484730	0.350289	0.801458
33930	6.146590	0.139993	8.180381	0.015239	-0.016258	0.001621	-0.660607	-0.453724	0.598108	0.573218	-0.819321	0.011582	0.484787	0.350497	0.801332
33931	6.091601	0.088453	8.214875	0.003138	-0.015237	0.000744	-0.660496	-0.453730	0.598225	0.573280	-0.819278	0.011564	0.484866	0.350589	0.801245
33932	6.136774	0.088225	8.181514	0.012635	-0.015413	-0.000519	-0.660406	-0.453652	0.598384	0.573328	-0.819243	0.011661	0.484932	0.350771	0.801125
33933	6.115081	0.096549	8.223201	0.004039	-0.010676	0.004352	-0.660369	-0.453500	0.598540	0.573244	-0.819301	0.011694	0.485081	0.350832	0.801008
33934	6.089512	0.056140	8.187677	0.008635	-0.012510	0.001363	-0.660283	-0.453447	0.598675	0.573285	-0.819272	0.011748	0.485151	0.350969	0.800906
33935	6.166736	0.058873	8.143461	0.010128	-0.006876	0.003860	-0.660199	-0.453459	0.598759	0.573358	-0.819221	0.011770	0.485178	0.351073	0.800843
33936	6.159158	-0.016606	8.152827	0.004485	-0.002687	-0.007355	-0.660210	-0.453369	0.598815	0.573320	-0.819246	0.011842	0.485208	0.351131	0.800800
33937	6.134570	0.057363	8.154365	0.007082	0.003307	-0.003060	-0.660256	-0.453317	0.598804	0.573299	-0.819259	0.011924	0.485170	0.351167	0.800807
33938	6.135078	0.115105	8.172868	0.006366	0.008222	-0.004166	-0.660301	-0.453291	0.598773	0.573292	-0.819263	0.011993	0.485116	0.351191	0.800829
33939	6.101748	0.112754	8.184644	0.005567	0.011353	-0.001252	-0.660309	-0.453331	0.598734	0.573311	-0.819251	0.011977	0.485084	0.351169	0.800858
33940	6.087558	0.182293	8.165642	0.000971	0.013186	0.001737	-0.660345	-0.453371	0.598664	0.573316	-0.819247	0.011966	0.485029	0.351126	0.800911
33941	6.127896	0.139072	8.168364	0.001881	0.010909	0.003190	-0.660411	-0.453355	0.598604	0.573276	-0.819275	0.011988	0.484986	0.351082	0.800955
33942	6.117121	0.128017	8.137817	-0.001016	0.014174	0.006870	-0.660422	-0.453441	0.598527	0.573306	-0.819254	0.011931	0.484936	0.351018	0.801014
33943	6.114435	0.142179	8.191173	-0.000106	0.011896	0.008324	-0.660479	-0.453536	0.598392	0.573354	-0.819221	0.011935	0.484802	0.350973	0.801115
33944	6.089558	0.092527	8.216344	0.000684	0.015604	0.007564	-0.660493	-0.453632	0.598303	0.573397	-0.819192	0.011888	0.484732	0.350917	0.801182
33945	6.105611	0.050358	8.150159	-0.002321	0.018015	0.006878	-0.660528	-0.453737	0.598185	0.573414	-0.819181	0.011809	0.484663	0.350808	0.801271
33946	6.107117	0.041667	8.210218	0.002481	0.011978	0.002087	-0.660557	-0.453776	0.598124	0.573429	-0.819170	0.011809	0.484607	0.350782	0.801316
33947	6.101533	0.064725	8.204526	0.000774	0.017385	0.003550	-0.660631	-0.453927	0.597927	0.573514	-0.819110	0.011816	0.484404	0.350725	0.801464
33948	6.118603	0.079942	8.156486	0.001175	0.015820	0.002094	-0.660678	-0.453980	0.597835	0.573523	-0.819104	0.011805	0.484330	0.350672	0.801532
33949	6.128508	0.076009	8.136384	0.001568	0.021092	0.002794	-0.660722	-0.454210	0.597611	0.573668	-0.819003	0.011773	0.484098	0.350609	0.801700
33950	6.082628	0.076767	8.170186	-0.001240	0.026139	0.002458	-0.660817	-0.454302	0.597437	0.573668	-0.819004	0.011741	0.483969	0.350489	0.801830
33951	6.068981	0.080419	8.193070	-0.002144	0.028414	0.001010	-0.660905	-0.454442	0.597233	0.573689	-0.818990	0.011670	0.483824	0.350338	0.801983
33952	6.083467	0.110323	8.198274	0.001461	0.027072	0.000594	-0.661015	-0.454522	0.597050	0.573689	-0.818990	0.011671	0.483674	0.350236	0.802119
33953	6.068848	0.057110	8.202998	-0.002734	0.027340	0.002124	-0.661137	-0.454534	0.596906	0.573596	-0.819056	0.011621	0.483618	0.350066	0.802227
33954	6.092091	0.040838	8.221378	-0.000141	0.027422	-0.004111	-0.661275	-0.454576	0.596721	0.573558	-0.819082	0.011637	0.483474	0.349949	0.802364
33955	6.092557	0.083191	8.188639	-0.000630	0.027202	0.001368	-0.661368	-0.454779	0.596464	0.573647	-0.819020	0.011600	0.483241	0.349832	0.802556
33956	6.000617	0.150323	8.213897	-0.000029	0.028271	0.000265	-0.661485	-0.454860	0.596272	0.573639	-0.819026	0.011591	0.483090	0.349711	0.802699
33957	5.736751	0.141015	8.356113	-0.000908	0.009111	0.000712	-0.661500	-0.454886	0.596236	0.573624	-0.819037	0.011545	0.483088	0.349652	0.802726
33958	5.963348	0.227704	8.237447	0.010516	-0.015273	0.000247	-0.661407	-0.454815	0.596393	0.573666	-0.819007	0.011621	0.483165	0.349817	0.802608
33959	6.151746	0.169761	8.179913	-0.000686	-0.009689	0.002961	-0.661335	-0.454776	0.596502	0.573653	-0.819017	0.011581	0.483278	0.349844	0.802528
33960	6.122362	0.029310	8.160763	-0.002083	-0.007630	0.006986	-0.661241	-0.454787	0.596599	0.573679	-0.818999	0.011515	0.483377	0.349870	0.802457
33961	6.188767	0.091765	8.156516	-0.000492	-0.000218	0.005476	-0.661180	-0.454864	0.596606	0.573739	-0.818958	0.011447	0.483389	0.349865	0.802452
33962	6.119772	-0.013637	8.195067	0.004102	0.004784	0.004654	-0.661159	-0.454899	0.596603	0.573779	-0.818930	0.011445	0.483370	0.349885	0.802455
33963	6.101802	0.078970	8.169072	0.006997	0.008355	0.003137	-0.661224	-0.454928	0.596509	0.573810	-0.818908	0.011522	0.483244	0.349901	0.802524
33964	6.089588	0.083160	8.190848	0.002892	0.010407	0.000645	-0.661253	-0.454950	0.596460	0.573818	-0.818902	0.011533	0.483195	0.349886	0.802560
33965	6.093240	0.060414	8.197970	0.007397	0.006790	0.001679	-0.661307	-0.454976	0.596381	0.573852	-0.818876	0.011610	0.483080	0.349912	0.802618
33966	6.044258	0.084891	8.224083	0.005896	0.007995	0.001335	-0.661321	-0.454995	0.596351	0.573879	-0.818857	0.011642	0.483030	0.349933	0.802639
33967	6.028019	0.112201	8.238995	0.002298	0.002500	-0.000410	-0.661375	-0.454855	0.596398	0.573752	-0.818946	0.011676	0.483106	0.349907	0.802604
33968	6.039203	0.108449	8.217987	0.001899	0.004065	0.001049	-0.661371	-0.454858	0.596400	0.573758	-0.818942	0.011678	0.483105	0.349912	0.802603
33969	6.097080	0.095169	8.223791	0.002709	0.000007	0.006518	-0.661255	-0.455004	0.596417	0.573892	-0.818849	0.011586	0.483104	0.349941	0.802591
33970	6.152461	0.089940	8.170399	-0.002394	0.002553	0.006590	-0.661212	-0.455047	0.596432	0.573914	-0.818835	0.011520	0.483137	0.349918	0.802581
33971	6.123830	0.063167	8.188382	-0.005198	0.007600	0.006253	-0.661253	-0.455022	0.596406	0.573834	-0.818891	0.011463	0.483176	0.349818	0.802601
33972	6.139877	0.092439	8.192465	-0.002899	0.010099	0.005844	-0.661251	-0.455085	0.596360	0.573848	-0.818882	0.011397	0.483162	0.349757	0.802636
33973	6.117567	0.084909	8.183221	-0.003802	0.019210	0.006558	-0.661199	-0.455269	0.596277	0.573923	-0.818832	0.011216	0.483144	0.349633	0.802701
33974	6.071987	0.085280	8.216623	0.002004	0.018585	0.009751	-0.661215	-0.455394	0.596163	0.573987	-0.818788	0.011167	0.483046	0.349573	0.802786
33975	6.089927	0.157097	8.186963	-0.003703	0.020990	0.002544	-0.661312	-0.455487	0.595985	0.573983	-0.818791	0.011129	0.482918	0.349445	0.802919
33976	6.061298	0.064885	8.247061	-0.005895	0.026176	0.009492	-0.661366	-0.455637	0.595810	0.574007	-0.818776	0.011018	0.482815	0.349286	0.803050
33977	6.094778	0.109518	8.203041	0.002105	0.020364	0.005743	-0.661514	-0.455549	0.595713	0.573864	-0.818876	0.011048	0.482783	0.349167	0.803121
33978	6.064704	0.082616	8.222027	-0.009188	0.024168	0.012471	-0.661542	-0.455715	0.595555	0.573892	-0.818859	0.010892	0.482712	0.348990	0.803240
33979	6.097151	0.069656	8.159965	-0.004386	0.024966	0.009847	-0.661584	-0.455902	0.595365	0.573950	-0.818820	0.010775	0.482585	0.348838	0.803383
33980	6.080639	0.030266	8.217177	-0.006783	0.028446	0.008056	-0.661658	-0.456047	0.595172	0.573960	-0.818814	0.010665	0.482472	0.348662	0.803527
33981	6.064275	0.041554	8.181013	-0.006577	0.031078	0.008417	-0.661736	-0.456266	0.594918	0.574020	-0.818773	0.010541	0.482293	0.348470	0.803718
33982	6.045934	0.067844	8.197455	-0.000275	0.030669	0.006140	-0.661831	-0.456404	0.594706	0.574049	-0.818754	0.010494	0.482128	0.348336	0.803875
33983	5.961484	0.031444	8.217619	-0.004072	0.029375	0.006204	-0.661948	-0.456534	0.594476	0.574047	-0.818756	0.010428	0.481970	0.348160	0.804046
33984	5.609366	0.074475	8.329783	-0.006089	0.009870	0.004813	-0.661951	-0.456588	0.594431	0.574039	-0.818762	0.010343	0.481975	0.348073	0.804080
33985	5.591581	0.059182	8.378110	0.008669	-0.032141	-0.000798	-0.661870	-0.456280	0.594758	0.573897	-0.818861	0.010450	0.482256	0.348246	0.803837
33986	5.529872	-0.001522	8.378938	0.032341	-0.074485	-0.014905	-0.661579	-0.455878	0.595389	0.573943	-0.818824	0.010791	0.482600	0.348859	0.803365
33987	6.249175	0.162224	8.195644	0.041061	-0.105723	-0.024024	-0.661208	-0.455331	0.596220	0.573996	-0.818780	0.011263	0.483045	0.349675	0.802742
33988	6.433120	0.341573	8.056149	0.030916	-0.074240	-0.006783	-0.660871	-0.454995	0.596849	0.574090	-0.818711	0.011544	0.483394	0.350275	0.802270
33989	6.169945	0.120853	8.173376	-0.001477	-0.048498	0.001304	-0.660655	-0.454767	0.597262	0.574025	-0.818756	0.011534	0.483767	0.350464	0.801963
33990	6.267052	0.153104	8.130674	0.011635	-0.043195	0.001816	-0.660418	-0.454610	0.597643	0.574083	-0.818715	0.011609	0.484021	0.350763	0.801678
33991	6.184258	0.018605	8.163497	0.007531	-0.027470	0.003645	-0.660235	-0.454536	0.597902	0.574130	-0.818682	0.011608	0.484216	0.350938	0.801485
33992	6.213257	-0.011894	8.126328	0.006718	-0.016576	0.000331	-0.660136	-0.454460	0.598069	0.574154	-0.818665	0.011652	0.484323	0.351076	0.801360
33993	6.175544	0.023612	8.182654	0.010717	-0.005811	0.002771	-0.660139	-0.454359	0.598143	0.574126	-0.818683	0.011747	0.484352	0.351164	0.801303
33994	6.150474	0.040773	8.165612	0.012907	-0.004167	-0.002011	-0.660113	-0.454308	0.598210	0.574164	-0.818654	0.011855	0.484341	0.351297	0.801252
33995	6.171553	0.048331	8.175755	0.003601	0.005494	0.001740	-0.660131	-0.454287	0.598206	0.574138	-0.818672	0.011859	0.484348	0.351281	0.801254
33996	6.137400	-0.011134	8.169228	0.007492	0.008567	-0.002347	-0.660169	-0.454278	0.598172	0.574148	-0.818665	0.011925	0.484284	0.351312	0.801279
33997	6.095231	0.032754	8.167763	0.005791	0.013976	-0.000886	-0.660231	-0.454269	0.598108	0.574118	-0.818686	0.011949	0.484235	0.351273	0.801326
33998	6.072379	0.098295	8.228982	0.005484	0.010484	-0.005604	-0.660297	-0.454240	0.598058	0.574096	-0.818700	0.012019	0.484171	0.351279	0.801363
33999	6.048872	0.157226	8.178333	0.004905	0.008489	0.003895	-0.660284	-0.454379	0.597967	0.574216	-0.818616	0.012013	0.484047	0.351294	0.801431
34000	6.127311	0.150954	8.194637	0.002299	0.009336	0.001744	-0.660302	-0.454406	0.597927	0.574227	-0.818608	0.012014	0.484008	0.351279	0.801461
34001	5.954148	0.125436	8.219248	-0.001104	0.006478	0.000352	-0.660361	-0.454403	0.597864	0.574197	-0.818629	0.012026	0.483964	0.351233	0.801507
34002	5.979009	0.231431	8.212966	0.001212	-0.005622	0.004018	-0.660294	-0.454395	0.597944	0.574218	-0.818614	0.012004	0.484031	0.351277	0.801448
34003	5.918245	0.145165	8.222988	-0.001376	-0.019374	0.005945	-0.660206	-0.454217	0.598176	0.574096	-0.818701	0.011960	0.484295	0.351306	0.801276
34004	6.066407	0.129513	8.162463	-0.000268	-0.032692	0.003441	-0.660012	-0.454110	0.598472	0.574106	-0.818694	0.011930	0.484548	0.351461	0.801055
34005	6.182254	0.110984	8.112759	-0.001370	-0.026215	0.003796	-0.659861	-0.453983	0.598734	0.574057	-0.818729	0.011873	0.484811	0.351542	0.800860
34006	6.165815	0.095572	8.160262	0.004644	-0.024206	0.007340	-0.659685	-0.453937	0.598963	0.574116	-0.818688	0.011859	0.484981	0.351698	0.800689
34007	6.229747	0.058578	8.171321	-0.007269	-0.013695	0.008940	-0.659533	-0.453993	0.599089	0.574164	-0.818656	0.011711	0.485131	0.351699	0.800597
34008	6.119147	0.061763	8.165913	0.006921	-0.013945	0.000689	-0.659444	-0.453929	0.599234	0.574191	-0.818637	0.011756	0.485219	0.351827	0.800487
34009	6.140091	0.011572	8.157310	0.000136	-0.006908	0.010610	-0.659251	-0.454084	0.599329	0.574341	-0.818534	0.011598	0.485305	0.351865	0.800419
34010	6.209807	-0.005900	8.141464	0.003205	0.000222	0.001041	-0.659229	-0.454073	0.599362	0.574352	-0.818526	0.011610	0.485322	0.351898	0.800394
34011	6.169853	-0.027664	8.180705	0.005900	0.007993	0.001321	-0.659311	-0.453997	0.599330	0.574278	-0.818577	0.011674	0.485297	0.351879	0.800417
34012	6.130978	-0.063964	8.167861	0.005280	0.014687	-0.003809	-0.659387	-0.453997	0.599246	0.574268	-0.818584	0.011732	0.485206	0.351863	0.800479
34013	6.107523	0.124110	8.206106	0.007779	0.012983	-0.006028	-0.659458	-0.453914	0.599231	0.574180	-0.818644	0.011772	0.485213	0.351829	0.800490
34014	5.973682	0.121633	8.192142	0.005481	0.010483	-0.005612	-0.659524	-0.453884	0.599180	0.574159	-0.818659	0.011842	0.485149	0.351834	0.800526
34015	6.016722	0.193451	8.230549	0.011297	-0.003820	-0.006724	-0.659510	-0.453792	0.599266	0.574138	-0.818672	0.011920	0.485193	0.351923	0.800461
34016	6.073474	0.246315	8.194763	0.002300	-0.004340	-0.002566	-0.659486	-0.453735	0.599335	0.574121	-0.818683	0.011946	0.485245	0.351969	0.800409
34017	6.134296	0.096446	8.170560	0.010524	-0.008450	0.002431	-0.659320	-0.453874	0.599412	0.574321	-0.818544	0.011921	0.485234	0.352115	0.800352
34018	6.138762	0.196179	8.153547	0.005219	-0.008534	0.002151	-0.659249	-0.453841	0.599515	0.574349	-0.818523	0.011942	0.485297	0.352204	0.800274
34019	6.145086	0.158193	8.107445	-0.000884	0.001354	0.006936	-0.659255	-0.453812	0.599532	0.574302	-0.818557	0.011910	0.485346	0.352164	0.800262
34020	6.207155	0.121416	8.119932	0.001614	0.006489	0.006869	-0.659230	-0.453870	0.599515	0.574344	-0.818528	0.011874	0.485330	0.352155	0.800276
34021	6.120236	0.108066	8.132614	-0.002277	0.010257	0.013111	-0.659225	-0.453902	0.599496	0.574309	-0.818554	0.011769	0.485378	0.352054	0.800291
34022	5.819500	0.061822	8.261081	-0.002077	0.006054	0.011308	-0.659173	-0.453995	0.599483	0.574362	-0.818518	0.011677	0.485387	0.352017	0.800302
34023	5.940629	0.012247	8.278425	0.010920	-0.023697	-0.003328	-0.659067	-0.453860	0.599702	0.574365	-0.818515	0.011762	0.485527	0.352199	0.800137
34024	6.161354	0.202419	8.162557	0.021957	-0.026022	0.004174	-0.658899	-0.453781	0.599945	0.574487	-0.818427	0.011905	0.485609	0.352505	0.799953
34025	6.052556	-0.037840	8.202940	0.000113	-0.019663	-0.002077	-0.658957	-0.453404	0.600167	0.574198	-0.818629	0.011999	0.485874	0.352521	0.799784
34026	6.185180	0.153858	8.151760	0.017652	-0.026606	0.001334	-0.658803	-0.453300	0.600415	0.574280	-0.818569	0.012125	0.485985	0.352794	0.799597
34027	6.161994	0.048702	8.156878	0.006728	-0.016586	0.000358	-0.658820	-0.452981	0.600637	0.574059	-0.818723	0.012214	0.486222	0.352848	0.799429
34028	6.195846	0.052189	8.144723	0.007325	-0.015517	-0.000751	-0.658732	-0.452899	0.600795	0.574078	-0.818709	0.012270	0.486319	0.352986	0.799309
34029	6.189795	0.033558	8.171843	0.004117	-0.008897	0.000354	-0.658688	-0.452867	0.600867	0.574096	-0.818695	0.012299	0.486357	0.353057	0.799254
34030	6.208848	0.049110	8.122259	0.006416	-0.006399	-0.000063	-0.658641	-0.452822	0.600953	0.574115	-0.818682	0.012344	0.486399	0.353146	0.799189
34031	6.207396	0.064632	8.174644	0.009706	0.002442	-0.000901	-0.658633	-0.452764	0.601004	0.574088	-0.818700	0.012371	0.486441	0.353177	0.799150
34032	6.090004	0.034430	8.145755	0.001930	0.003146	0.009433	-0.658578	-0.452831	0.601015	0.574147	-0.818659	0.012322	0.486447	0.353186	0.799143
34033	6.071330	0.019284	8.195048	0.000680	0.002848	-0.005136	-0.658684	-0.452630	0.601050	0.573950	-0.818797	0.012378	0.486535	0.353126	0.799115
34034	6.007451	0.071034	8.235267	0.005905	-0.005690	-0.002976	-0.658657	-0.452564	0.601130	0.573947	-0.818798	0.012436	0.486576	0.353208	0.799055
34035	6.149089	0.201888	8.145623	0.010306	-0.010173	-0.006300	-0.658728	-0.452221	0.601310	0.573702	-0.818968	0.012570	0.486769	0.353253	0.798917
34036	6.196794	0.121522	8.101507	0.004003	-0.002915	-0.001869	-0.658708	-0.452174	0.601367	0.573696	-0.818971	0.012606	0.486802	0.353306	0.798873
34037	6.157305	0.100131	8.140496	0.006897	0.000653	-0.003397	-0.658673	-0.452149	0.601424	0.573690	-0.818976	0.012596	0.486856	0.353328	0.798831
34038	6.200477	0.171434	8.178716	0.001389	0.004775	-0.001877	-0.658691	-0.452129	0.601420	0.573672	-0.818988	0.012611	0.486854	0.353325	0.798833
34039	6.120649	0.177841	8.163595	-0.001309	0.010687	0.002139	-0.658728	-0.452129	0.601379	0.573618	-0.819026	0.012560	0.486867	0.353236	0.798865
34040	6.168444	0.031078	8.161916	-0.001508	0.014892	0.003939	-0.658761	-0.452192	0.601295	0.573624	-0.819023	0.012517	0.486815	0.353163	0.798929
34041	6.138466	0.127125	8.157405	0.001700	0.015113	0.004982	-0.658823	-0.452151	0.601259	0.573522	-0.819095	0.012465	0.486852	0.353047	0.798957
34042	6.113372	0.077898	8.182820	0.001701	0.015112	0.004984	-0.658851	-0.452223	0.601174	0.573550	-0.819076	0.012441	0.486781	0.353000	0.799022
34043	6.116584	0.054653	8.190329	0.001504	0.012475	0.004640	-0.658846	-0.452356	0.601079	0.573632	-0.819019	0.012389	0.486691	0.352961	0.799093
34044	6.231415	0.078327	8.108736	0.002499	0.018817	0.004221	-0.658896	-0.452435	0.600964	0.573659	-0.819000	0.012376	0.486591	0.352903	0.799180
34045	6.165620	0.129475	8.150331	0.000288	0.024937	0.002761	-0.658984	-0.452544	0.600786	0.573672	-0.818992	0.012335	0.486457	0.352783	0.799314
34046	6.078883	0.101689	8.111647	-0.000505	0.028071	0.005676	-0.659071	-0.452668	0.600598	0.573694	-0.818977	0.012289	0.486313	0.352659	0.799457
34047	5.900971	0.105443	8.242508	-0.005700	0.022006	0.007618	-0.659143	-0.452743	0.600463	0.573649	-0.819011	0.012183	0.486270	0.352485	0.799560
34048	6.111165	0.095952	8.161888	0.012098	-0.000126	-0.007478	-0.659168	-0.452659	0.600498	0.573646	-0.819011	0.012317	0.486239	0.352592	0.799532
34049	6.125860	0.141082	8.218122	-0.003889	0.010613	0.008387	-0.659141	-0.452849	0.600384	0.573764	-0.818929	0.012226	0.486136	0.352538	0.799618
34050	6.090104	0.146188	8.170490	0.007721	0.003437	0.004242	-0.659117	-0.452874	0.600392	0.573817	-0.818892	0.012255	0.486106	0.352592	0.799612
34051	6.103664	0.133927	8.208822	-0.002496	0.008547	0.004366	-0.659125	-0.452860	0.600393	0.573746	-0.818943	0.012164	0.486179	0.352491	0.799612
34052	6.077643	0.149807	8.192477	0.003122	0.005283	0.007220	-0.659092	-0.452916	0.600387	0.573796	-0.818908	0.012138	0.486164	0.352499	0.799618
34053	6.129840	0.102022	8.173836	-0.004288	0.005341	0.007695	-0.659075	-0.452931	0.600395	0.573752	-0.818940	0.012029	0.486239	0.352406	0.799613
34054	6.153809	0.028093	8.172967	0.001530	0.004713	0.010896	-0.659019	-0.453015	0.600393	0.573819	-0.818895	0.011968	0.486237	0.352404	0.799616
34055	6.122664	-0.112527	8.155393	-0.007512	0.012879	0.000404	-0.659050	-0.453049	0.600333	0.573760	-0.818938	0.011855	0.486264	0.352260	0.799662
34056	6.127882	0.100651	8.175321	0.010733	0.007858	0.007095	-0.659031	-0.453113	0.600306	0.573846	-0.818877	0.011891	0.486189	0.352319	0.799682
34057	6.162154	0.145649	8.130496	-0.006510	0.019219	-0.000010	-0.659184	-0.453064	0.600174	0.573702	-0.818978	0.011872	0.486151	0.352147	0.799781
34058	6.198423	0.181716	8.145330	-0.003476	0.022721	0.011240	-0.659214	-0.453214	0.600028	0.573746	-0.818949	0.011769	0.486059	0.352022	0.799892
34059	6.245093	0.084469	8.051049	-0.007375	0.034250	0.011241	-0.659308	-0.453461	0.599739	0.573819	-0.818899	0.011646	0.485845	0.351820	0.800111
34060	6.249682	0.108714	8.137462	-0.009961	0.048770	0.013403	-0.659451	-0.453720	0.599385	0.573846	-0.818883	0.011478	0.485618	0.351524	0.800379
34061	6.171675	0.147226	8.149505	-0.013036	0.056238	0.018901	-0.659496	-0.454249	0.598935	0.574069	-0.818731	0.011168	0.485293	0.351195	0.800720
34062	6.123420	0.074320	8.115002	-0.011810	0.065202	0.018865	-0.659687	-0.454611	0.598449	0.574123	-0.818695	0.010952	0.484969	0.350809	0.801086
34063	6.107878	0.010703	8.181460	-0.015788	0.068105	0.020758	-0.659878	-0.454934	0.597993	0.574087	-0.818725	0.010639	0.484752	0.350321	0.801430
34064	6.076499	-0.025797	8.262347	-0.009166	0.064331	0.021073	-0.660052	-0.455310	0.597515	0.574169	-0.818670	0.010432	0.484418	0.349960	0.801790
34065	6.024822	-0.017916	8.239112	-0.007367	0.061617	0.007206	-0.660326	-0.455526	0.597048	0.574121	-0.818705	0.010326	0.484103	0.349596	0.802139
34066	6.032556	0.034281	8.239514	-0.002460	0.056421	0.006810	-0.660543	-0.455757	0.596631	0.574141	-0.818692	0.010257	0.483782	0.349326	0.802450
34067	6.064900	0.013311	8.238581	-0.005860	0.053565	0.005416	-0.660784	-0.455910	0.596247	0.574066	-0.818746	0.010163	0.483541	0.349001	0.802737
34068	5.999539	-0.016200	8.270274	-0.006556	0.051637	0.002158	-0.661005	-0.456086	0.595867	0.574036	-0.818768	0.010090	0.483275	0.348719	0.803019
34069	6.050181	0.043810	8.178795	0.005543	0.043751	0.000942	-0.661251	-0.456145	0.595549	0.573969	-0.818814	0.010141	0.483018	0.348532	0.803255
34070	6.019983	0.132103	8.235242	-0.000230	0.051207	-0.000087	-0.661482	-0.456301	0.595173	0.573955	-0.818824	0.010131	0.482719	0.348304	0.803534
34071	6.040271	0.181016	8.213856	-0.002951	0.043448	-0.000396	-0.661693	-0.456418	0.594848	0.573902	-0.818862	0.010093	0.482492	0.348063	0.803774
34072	6.026207	0.112782	8.167075	-0.004549	0.042873	0.003284	-0.661865	-0.456572	0.594539	0.573888	-0.818872	0.010028	0.482273	0.347836	0.804004
34073	6.124689	0.097716	8.144006	-0.000917	0.048348	0.005073	-0.662082	-0.456722	0.594182	0.573855	-0.818896	0.009982	0.482014	0.347583	0.804269
34074	6.063665	0.045474	8.182136	-0.001587	0.053248	0.003993	-0.662300	-0.456918	0.593789	0.573861	-0.818893	0.009938	0.481708	0.347334	0.804560
34075	6.052030	0.026218	8.213067	0.002418	0.050332	0.002139	-0.662531	-0.457032	0.593443	0.573799	-0.818936	0.009907	0.481464	0.347081	0.804815
34076	6.020427	0.057474	8.251611	0.005631	0.050544	0.003213	-0.662739	-0.457212	0.593072	0.573834	-0.818911	0.009925	0.481135	0.346903	0.805088
34077	5.955399	0.029061	8.282674	0.004512	0.043359	-0.000779	-0.662935	-0.457322	0.592768	0.573808	-0.818930	0.009925	0.480896	0.346715	0.805312
34078	5.981554	0.112701	8.285598	0.009796	0.036609	-0.002650	-0.663110	-0.457405	0.592508	0.573824	-0.818917	0.010012	0.480635	0.346634	0.805503
34079	5.896542	0.077805	8.305476	0.005660	0.030918	0.001047	-0.663206	-0.457609	0.592243	0.573942	-0.818835	0.010024	0.480362	0.346561	0.805697
34080	5.881981	0.025277	8.309918	0.002796	0.015493	-0.005864	-0.663298	-0.457593	0.592152	0.573904	-0.818861	0.010073	0.480281	0.346520	0.805763
34081	5.986527	-0.068435	8.273814	0.012771	0.007757	-0.006326	-0.663364	-0.457609	0.592066	0.573965	-0.818816	0.010219	0.480116	0.346604	0.805825
34082	6.097826	-0.076932	8.168594	0.016609	0.009961	-0.014757	-0.663481	-0.457501	0.592019	0.573934	-0.818835	0.010432	0.479993	0.346701	0.805857
34083	6.222023	-0.219774	8.125313	0.011484	0.025302	-0.014701	-0.663656	-0.457491	0.591830	0.573907	-0.818852	0.010575	0.479783	0.346673	0.805994
34084	6.010875	-0.165300	8.171312	0.016853	0.033118	-0.020581	-0.663917	-0.457416	0.591595	0.573838	-0.818897	0.010824	0.479505	0.346666	0.806162
34085	5.889625	0.001717	8.190025	0.020642	0.041281	-0.031184	-0.664304	-0.457211	0.591319	0.573628	-0.819040	0.011143	0.479219	0.346600	0.806361
34086	5.619820	0.207821	8.429045	0.052238	0.005863	-0.036203	-0.664523	-0.456914	0.591303	0.573625	-0.819034	0.011770	0.478919	0.347007	0.806364
34087	5.880363	0.674935	8.342980	0.032737	-0.026346	-0.030560	-0.664566	-0.456497	0.591577	0.573491	-0.819121	0.012165	0.479020	0.347348	0.806157
34088	6.112727	0.503978	8.219461	0.014668	-0.021450	-0.011795	-0.664514	-0.456304	0.591783	0.573470	-0.819134	0.012344	0.479117	0.347573	0.806003
34089	6.169345	0.327023	8.282491	-0.000015	-0.020524	0.006206	-0.664387	-0.456170	0.592030	0.573386	-0.819194	0.012260	0.479395	0.347607	0.805823
34090	6.250295	0.313170	8.186370	-0.000721	-0.016537	0.013510	-0.664214	-0.456201	0.592200	0.573459	-0.819144	0.012166	0.479547	0.347683	0.805699
34091	5.996556	0.128136	8.249128	-0.017051	-0.009299	0.024596	-0.664059	-0.456355	0.592255	0.573532	-0.819097	0.011920	0.479675	0.347593	0.805662
34092	6.109152	0.121757	8.254431	-0.011461	-0.012559	0.027473	-0.663825	-0.456515	0.592395	0.573646	-0.819021	0.011657	0.479862	0.347563	0.805564
34093	6.049159	-0.161223	8.217269	-0.019122	-0.002338	0.027542	-0.663668	-0.456640	0.592474	0.573638	-0.819031	0.011313	0.480088	0.347373	0.805510
34094	6.105947	-0.234440	8.205777	-0.013146	0.006542	0.020557	-0.663565	-0.456809	0.592458	0.573698	-0.818992	0.011077	0.480159	0.347242	0.805525
34095	6.035910	-0.096611	8.197428	-0.007135	0.002633	0.013570	-0.663482	-0.456931	0.592457	0.573749	-0.818958	0.010912	0.480212	0.347161	0.805528
34096	6.115409	-0.176143	8.144282	0.001952	0.016781	0.013855	-0.663467	-0.457081	0.592359	0.573837	-0.818898	0.010837	0.480128	0.347107	0.805602
34097	6.102932	0.007336	8.161270	0.010062	0.026438	-0.002277	-0.663624	-0.457124	0.592150	0.573839	-0.818895	0.010939	0.479908	0.347058	0.805754
34098	6.104280	-0.014647	8.170143	0.015160	0.043493	-0.000122	-0.663817	-0.457251	0.591834	0.573898	-0.818852	0.011054	0.479570	0.346990	0.805984
34099	6.007566	0.134581	8.206329	0.019807	0.048464	-0.000878	-0.664120	-0.457242	0.591502	0.573812	-0.818910	0.011225	0.479255	0.346866	0.806225
34100	5.957079	0.029263	8.316586	0.000134	0.040985	0.000383	-0.664298	-0.457365	0.591207	0.573801	-0.818918	0.011215	0.479020	0.346686	0.806442
34101	5.913023	-0.049394	8.339227	0.004987	0.028981	-0.002211	-0.664416	-0.457459	0.591001	0.573814	-0.818909	0.011224	0.478842	0.346582	0.806593
34102	5.861299	0.169899	8.412327	0.009893	0.011014	-0.002623	-0.664468	-0.457454	0.590947	0.573830	-0.818896	0.011311	0.478750	0.346619	0.806631
34103	5.943345	0.328454	8.371363	0.004880	-0.005181	-0.000405	-0.664422	-0.457395	0.591044	0.573797	-0.818920	0.011292	0.478853	0.346642	0.806560
34104	6.145933	0.372525	8.219945	-0.004370	-0.008310	0.003313	-0.664347	-0.457371	0.591147	0.573784	-0.818929	0.011229	0.478972	0.346651	0.806486
34105	6.051292	0.282384	8.240684	-0.023560	0.003116	0.009675	-0.664262	-0.457510	0.591135	0.573777	-0.818939	0.010937	0.479099	0.346444	0.806499
34106	6.092356	0.236400	8.243627	-0.019110	-0.001419	0.019133	-0.664130	-0.457640	0.591183	0.573798	-0.818927	0.010661	0.479257	0.346300	0.806467
34107	6.015790	0.224756	8.174445	-0.029814	0.003476	0.024703	-0.664014	-0.457886	0.591122	0.573859	-0.818889	0.010307	0.479344	0.346065	0.806516
34108	5.996456	0.083140	8.246670	-0.032377	-0.002561	0.033126	-0.663796	-0.458127	0.591181	0.573910	-0.818859	0.009842	0.479585	0.345818	0.806479
34109	6.046626	-0.017779	8.151158	-0.032764	-0.001003	0.034603	-0.663618	-0.458340	0.591216	0.573914	-0.818862	0.009376	0.479826	0.345529	0.806459
34110	5.982764	-0.035834	8.231826	-0.022684	0.005816	0.030154	-0.663457	-0.458584	0.591206	0.573992	-0.818812	0.009006	0.479956	0.345323	0.806470
34111	6.023433	-0.082276	8.234852	-0.009175	0.002694	0.027119	-0.663262	-0.458896	0.591183	0.574204	-0.818666	0.008736	0.479973	0.345254	0.806490
34112	6.129251	-0.122231	8.216765	-0.007878	0.012566	0.018723	-0.663199	-0.459071	0.591118	0.574276	-0.818617	0.008553	0.479973	0.345138	0.806540
34113	6.040876	-0.257988	8.252048	0.001659	0.026062	0.009167	-0.663315	-0.459115	0.590953	0.574219	-0.818657	0.008512	0.479880	0.344983	0.806661
34114	6.089438	-0.168322	8.264600	0.007268	0.023719	0.003638	-0.663393	-0.459205	0.590797	0.574265	-0.818625	0.008541	0.479719	0.344940	0.806775
34115	6.128840	-0.277081	8.310308	0.003199	0.031669	0.011730	-0.663581	-0.459172	0.590611	0.574115	-0.818730	0.008523	0.479637	0.344734	0.806911
34116	6.136479	-0.150509	8.208866	0.020313	0.033086	0.018915	-0.663616	-0.459419	0.590380	0.574324	-0.818583	0.008567	0.479340	0.344755	0.807080
34117	5.880503	0.024814	8.263063	-0.005403	0.041388	0.035589	-0.663571	-0.459917	0.590042	0.574595	-0.818396	0.008289	0.479076	0.344536	0.807330
34118	5.789870	0.210708	8.434482	0.006463	0.017093	0.055202	-0.663320	-0.460405	0.589943	0.574978	-0.818129	0.008007	0.478964	0.344516	0.807405
34119	5.884485	0.232440	8.284559	0.001863	-0.006625	0.058123	-0.662992	-0.460760	0.590035	0.575268	-0.817929	0.007678	0.479069	0.344519	0.807341
34120	5.964851	0.343835	8.277780	-0.009602	-0.011384	0.066630	-0.662539	-0.461243	0.590167	0.575650	-0.817665	0.007199	0.479238	0.344499	0.807249
34121	6.068566	0.129984	8.205028	-0.014290	-0.003498	0.054628	-0.662218	-0.461689	0.590179	0.575960	-0.817450	0.006783	0.479310	0.344411	0.807244
34122	6.039122	-0.022533	8.245630	-0.013181	0.005379	0.054345	-0.661915	-0.462130	0.590174	0.576243	-0.817254	0.006348	0.479388	0.344285	0.807251
34123	6.074313	-0.104092	8.224006	-0.003432	0.003478	0.057794	-0.661661	-0.462487	0.590179	0.576479	-0.817090	0.005999	0.479455	0.344195	0.807250
34124	5.988031	0.002601	8.212012	-0.003702	0.010230	0.053106	-0.661388	-0.462933	0.590134	0.576798	-0.816867	0.005647	0.479447	0.344123	0.807286
34125	5.925584	0.231116	8.246364	0.010562	0.000581	0.042887	-0.661137	-0.463188	0.590216	0.577012	-0.816718	0.005404	0.479537	0.344134	0.807227
34126	5.991868	0.422259	8.160745	0.000050	-0.001079	0.027589	-0.660957	-0.463387	0.590261	0.577180	-0.816600	0.005233	0.479582	0.344146	0.807196
34127	6.046405	-0.155328	8.189842	-0.029864	0.010328	0.020333	-0.660895	-0.463538	0.590212	0.577112	-0.816650	0.004848	0.479750	0.343823	0.807234
34128	5.985731	-0.387951	8.230163	0.003562	0.008790	0.005885	-0.660887	-0.463594	0.590176	0.577154	-0.816621	0.004834	0.479709	0.343817	0.807260
34129	5.962465	-0.062578	8.297002	0.012925	0.011175	-0.008232	-0.660963	-0.463519	0.590151	0.577094	-0.816663	0.004912	0.479677	0.343819	0.807278
34130	5.879725	-0.096052	8.314619	0.003024	-0.006474	-0.020372	-0.661034	-0.463308	0.590237	0.576960	-0.816757	0.005048	0.479741	0.343880	0.807214
34131	5.964592	0.192129	8.361660	0.012445	-0.020322	-0.025901	-0.661051	-0.463022	0.590442	0.576825	-0.816851	0.005236	0.479878	0.344043	0.807063
