// General information: 
//  MT Manager version: 2022.2.0 
//  XDA version: 2022.2.0 build 7381 rev 124627 built on 2023-07-19
// Device information: 
//  DeviceId: 00B4CB9F
//  ProductCode: MTW2-3A7G6
//  Firmware Version: 4.6.0
//  Hardware Version: 2.0.0
// Device settings: 
//  Filter Profile: human(46.1)
//  Option Flags: Orientation Smoother Disabled, Position/Velocity Smoother Disabled, Continuous Zero Rotation Update Disabled, AHS Disabled, ICC Disabled
// Coordinate system: ENU
PacketCounter	Acc_X	Acc_Y	Acc_Z	Gyr_X	Gyr_Y	Gyr_Z	Mat[1][1]	Mat[2][1]	Mat[3][1]	Mat[1][2]	Mat[2][2]	Mat[3][2]	Mat[1][3]	Mat[2][3]	Mat[3][3]
22645	9.707977	-1.193861	0.584503	0.058559	-0.009347	-0.014222	0.079527	0.112759	0.990435	0.168733	0.977721	-0.124860	-0.982448	0.177049	0.058729
22646	9.706241	-1.070091	0.705828	0.025710	-0.016996	-0.016700	0.079297	0.112677	0.990462	0.168459	0.977786	-0.124722	-0.982514	0.176742	0.058554
22647	9.765876	-1.085800	0.767317	-0.036063	-0.004134	-0.024551	0.079163	0.112517	0.990491	0.168713	0.977764	-0.124555	-0.982481	0.176969	0.058420
22648	9.729895	-1.102265	0.663795	-0.059203	0.030404	-0.021036	0.079391	0.112308	0.990497	0.169276	0.977683	-0.124423	-0.982366	0.177545	0.058608
22649	9.692035	-1.096295	0.627176	-0.054532	0.032922	-0.021148	0.079672	0.112125	0.990495	0.169750	0.977614	-0.124321	-0.982261	0.178042	0.058855
22650	9.714364	-1.119279	0.621231	-0.046951	0.044008	-0.020729	0.080033	0.111895	0.990492	0.170193	0.977554	-0.124185	-0.982155	0.178514	0.059193
22651	9.703287	-1.248484	0.560510	-0.039272	0.049142	-0.020270	0.080435	0.111690	0.990483	0.170455	0.977523	-0.124071	-0.982077	0.178812	0.059589
22652	9.697759	-1.312304	0.532564	-0.027625	0.051382	-0.017275	0.080875	0.111480	0.990470	0.170705	0.977494	-0.123958	-0.981997	0.179103	0.060024
22653	9.680149	-1.342241	0.383704	-0.007005	0.060497	-0.017109	0.081420	0.111284	0.990448	0.170749	0.977498	-0.123866	-0.981945	0.179203	0.060587
22654	9.598566	-1.298413	0.335590	0.015849	0.051736	-0.011679	0.081873	0.111129	0.990428	0.170568	0.977540	-0.123783	-0.981939	0.179069	0.061079
22655	9.700954	-1.287285	0.302936	0.022793	0.028495	-0.015589	0.082089	0.111011	0.990423	0.170193	0.977618	-0.123682	-0.981986	0.178716	0.061359
22656	9.734864	-1.278459	0.305165	0.003383	0.042114	-0.021120	0.082431	0.110781	0.990420	0.170141	0.977648	-0.123513	-0.981966	0.178693	0.061740
22657	9.766764	-1.246786	0.372411	-0.006179	0.026966	-0.023439	0.082637	0.110589	0.990425	0.170089	0.977677	-0.123357	-0.981958	0.178654	0.061982
22658	9.822063	-1.250968	0.398028	-0.006310	0.043904	-0.022229	0.082995	0.110345	0.990422	0.170134	0.977691	-0.123183	-0.981920	0.178728	0.062370
22659	9.758869	-1.185889	0.470173	-0.001214	0.047716	-0.027549	0.083387	0.110074	0.990419	0.170086	0.977725	-0.122983	-0.981895	0.178711	0.062807
22660	9.804113	-1.144573	0.480565	-0.006707	0.034718	-0.026066	0.083648	0.109808	0.990427	0.170138	0.977742	-0.122771	-0.981864	0.178779	0.063104
22661	9.884224	-1.107428	0.456487	-0.001005	0.035811	-0.027480	0.083926	0.109559	0.990431	0.170034	0.977786	-0.122568	-0.981858	0.178693	0.063433
22662	9.820733	-1.129855	0.503553	0.012998	0.042430	-0.032334	0.084252	0.109218	0.990441	0.169897	0.977846	-0.122282	-0.981854	0.178576	0.063830
22663	9.681881	-1.144010	0.471919	0.022767	0.031591	-0.023356	0.084471	0.108997	0.990446	0.169689	0.977906	-0.122089	-0.981871	0.178381	0.064109
22664	9.612197	-1.133511	0.542318	0.037506	0.015462	-0.017694	0.084558	0.108848	0.990456	0.169300	0.977993	-0.121932	-0.981930	0.177995	0.064269
22665	9.602552	-1.239956	0.617375	0.031427	0.005185	-0.020120	0.084521	0.108724	0.990472	0.168833	0.978093	-0.121773	-0.982014	0.177517	0.064313
22666	9.567311	-1.344235	0.489373	0.029537	0.006172	-0.020739	0.084511	0.108562	0.990491	0.168525	0.978169	-0.121591	-0.982068	0.177198	0.064371
22667	9.612507	-1.391599	0.472178	0.008853	0.003951	-0.016439	0.084440	0.108453	0.990509	0.168380	0.978210	-0.121461	-0.982099	0.177038	0.064339
22668	9.624008	-1.358075	0.480596	-0.000777	0.009803	-0.020844	0.084466	0.108283	0.990525	0.168369	0.978233	-0.121297	-0.982099	0.177019	0.064395
22669	9.555556	-1.358820	0.517189	0.005054	0.020007	-0.024261	0.084590	0.108093	0.990535	0.168300	0.978266	-0.121127	-0.982100	0.176953	0.064559
22670	9.623386	-1.341954	0.515955	0.009860	0.004629	-0.030108	0.084549	0.107842	0.990566	0.168192	0.978316	-0.120864	-0.982122	0.176825	0.064577
22671	9.727720	-1.317376	0.586964	0.016668	0.024386	-0.033598	0.084658	0.107541	0.990590	0.167997	0.978386	-0.120574	-0.982146	0.176623	0.064762
22672	9.788075	-1.254605	0.644887	-0.001059	0.038847	-0.035307	0.084945	0.107179	0.990604	0.168001	0.978423	-0.120267	-0.982120	0.176639	0.065106
22673	9.760752	-1.292048	0.625721	-0.002631	0.048029	-0.036628	0.085313	0.106811	0.990612	0.167983	0.978463	-0.119968	-0.982091	0.176640	0.065533
22674	9.765833	-1.222944	0.662782	-0.000307	0.049290	-0.036672	0.085700	0.106417	0.990621	0.167981	0.978502	-0.119647	-0.982058	0.176659	0.065981
22675	9.615989	-1.268601	0.623234	-0.003494	0.032521	-0.036514	0.085870	0.106059	0.990645	0.167997	0.978539	-0.119325	-0.982040	0.176672	0.066210
22676	9.608869	-1.330923	0.519919	-0.015088	0.016167	-0.032968	0.085938	0.105760	0.990671	0.168138	0.978548	-0.119051	-0.982010	0.176800	0.066312
22677	9.566852	-1.389385	0.449143	-0.018978	0.009034	-0.032208	0.085927	0.105509	0.990699	0.168210	0.978566	-0.118806	-0.981999	0.176854	0.066338
22678	9.543742	-1.438308	0.466639	-0.001810	0.001365	-0.037659	0.085842	0.105189	0.990740	0.168224	0.978603	-0.118476	-0.982004	0.176837	0.066310
22679	9.557378	-1.567501	0.531422	0.014979	-0.003516	-0.041169	0.085693	0.104870	0.990787	0.168097	0.978667	-0.118126	-0.982039	0.176671	0.066236
22680	9.594735	-1.643766	0.579582	0.011513	0.009732	-0.050924	0.085667	0.104406	0.990838	0.167992	0.978742	-0.117656	-0.982059	0.176532	0.066307
22681	9.613432	-1.728654	0.540299	0.018848	0.025798	-0.055033	0.085746	0.103891	0.990886	0.167723	0.978850	-0.117143	-0.982098	0.176239	0.066508
22682	9.701652	-1.710811	0.597984	0.044740	0.039852	-0.049701	0.086019	0.103386	0.990915	0.167290	0.978981	-0.116663	-0.982148	0.175806	0.066915
22683	9.639025	-1.589271	0.524183	0.095875	0.053671	-0.049976	0.086418	0.102887	0.990932	0.166309	0.979206	-0.116174	-0.982280	0.174841	0.067510
22684	9.717868	-1.514096	0.674341	0.130433	0.042469	-0.058239	0.086703	0.102295	0.990968	0.165042	0.979494	-0.115550	-0.982468	0.173570	0.068042
22685	9.836498	-1.441375	0.936895	0.138794	0.043006	-0.057043	0.086949	0.101742	0.991004	0.163625	0.979803	-0.114948	-0.982683	0.172148	0.068545
22686	9.729397	-1.322526	1.101471	0.141827	0.059718	-0.057178	0.087406	0.101131	0.991026	0.162245	0.980105	-0.114326	-0.982872	0.170782	0.069259
22687	9.638184	-1.358515	1.267278	0.132928	0.064932	-0.064189	0.087904	0.100482	0.991048	0.160926	0.980398	-0.113676	-0.983044	0.169478	0.070010
22688	9.716738	-1.368533	1.395827	0.111318	0.081246	-0.067227	0.088558	0.099737	0.991065	0.159855	0.980655	-0.112974	-0.983160	0.168431	0.070902
22689	9.599216	-1.391984	1.393456	0.088654	0.097992	-0.073521	0.089349	0.098933	0.991075	0.159011	0.980875	-0.112251	-0.983225	0.167621	0.071908
22690	9.611699	-1.464256	1.249657	0.052019	0.099023	-0.073013	0.090170	0.098103	0.991083	0.158529	0.981035	-0.111531	-0.983228	0.167172	0.072908
22691	9.695458	-1.532727	1.145799	0.026735	0.131393	-0.078161	0.091310	0.097200	0.991068	0.158331	0.981148	-0.110814	-0.983155	0.167035	0.074198
22692	9.693086	-1.461276	0.973106	0.034671	0.172930	-0.079904	0.092847	0.096178	0.991024	0.158027	0.981284	-0.110038	-0.983060	0.166826	0.075910
22693	9.663528	-1.240298	1.005788	0.087723	0.183988	-0.098053	0.094469	0.095006	0.990984	0.157131	0.981535	-0.109079	-0.983049	0.166019	0.077796
22694	9.705774	-1.203508	0.852458	0.055636	0.189474	-0.110034	0.096122	0.093663	0.990953	0.156653	0.981733	-0.107987	-0.982965	0.165615	0.079694
22695	9.748947	-1.089639	0.688854	0.025586	0.165889	-0.114010	0.097535	0.092355	0.990938	0.156427	0.981886	-0.106908	-0.982862	0.165437	0.081321
22696	9.792196	-0.962516	0.628569	-0.004616	0.146210	-0.127139	0.098737	0.090917	0.990952	0.156561	0.981997	-0.105694	-0.982721	0.165580	0.082725
22697	9.747067	-0.989822	0.561964	-0.041296	0.132976	-0.147437	0.099776	0.089334	0.990992	0.157080	0.982058	-0.104344	-0.982533	0.166076	0.083954
22698	9.758489	-1.173418	0.608743	-0.054866	0.121434	-0.153665	0.100691	0.087674	0.991047	0.157736	0.982104	-0.102909	-0.982334	0.166686	0.085060
22699	9.694964	-1.402626	0.795017	-0.062783	0.127119	-0.152954	0.101678	0.086055	0.991088	0.158411	0.982139	-0.101530	-0.982124	0.167323	0.086230
22700	9.614038	-1.707190	1.006616	-0.041054	0.124067	-0.149107	0.102623	0.084435	0.991130	0.158930	0.982199	-0.100130	-0.981942	0.167796	0.087378
22701	9.602737	-2.008577	1.185149	0.021216	0.129483	-0.131278	0.103631	0.083020	0.991145	0.158795	0.982347	-0.098886	-0.981858	0.167636	0.088618
22702	9.610915	-2.247903	1.308784	0.105637	0.154361	-0.105228	0.104943	0.081780	0.991110	0.157830	0.982612	-0.097791	-0.981874	0.166690	0.090211
22703	9.767291	-2.293012	1.434668	0.223594	0.202023	-0.084543	0.106734	0.080709	0.991006	0.155578	0.983068	-0.096818	-0.982040	0.164512	0.092371
22704	9.975915	-2.186891	1.724535	0.346213	0.329101	-0.053946	0.109847	0.079694	0.990748	0.152199	0.983677	-0.096000	-0.982227	0.161336	0.095925
22705	9.737346	-1.794262	1.723128	0.486533	0.419771	-0.023315	0.113887	0.078883	0.990357	0.147422	0.984465	-0.095367	-0.982495	0.156861	0.100489
22706	9.508144	-0.995012	1.792262	0.550941	0.396161	-0.025483	0.117706	0.078072	0.989975	0.141999	0.985337	-0.094590	-0.982844	0.151710	0.104894
22707	9.662136	-0.238763	1.843663	0.558862	0.359890	-0.046309	0.121136	0.077172	0.989631	0.136569	0.986197	-0.093621	-0.983196	0.146494	0.108925
22708	9.762017	0.299241	1.704993	0.541530	0.327404	-0.077049	0.124215	0.075992	0.989341	0.131300	0.987036	-0.092300	-0.983530	0.141366	0.112627
22709	9.906551	0.506217	1.580903	0.469152	0.294193	-0.112294	0.126884	0.074558	0.989111	0.126762	0.987776	-0.090719	-0.983784	0.136893	0.115882
22710	10.122900	0.341588	1.626800	0.290398	0.275399	-0.131297	0.129391	0.072938	0.988907	0.124035	0.988268	-0.089120	-0.983805	0.134191	0.118826
22711	10.144799	-0.055317	2.010132	0.079105	0.312187	-0.142038	0.132250	0.071208	0.988655	0.123296	0.988488	-0.087689	-0.983518	0.133494	0.121948
22712	9.968675	-0.745400	2.401322	-0.043872	0.379861	-0.131669	0.135784	0.069449	0.988301	0.123865	0.988523	-0.086483	-0.982965	0.134159	0.125623
22713	9.886690	-1.538724	2.698983	-0.036615	0.456087	-0.119894	0.140050	0.067726	0.987825	0.124406	0.988548	-0.085413	-0.982298	0.134853	0.130021
22714	9.916655	-2.215556	2.897145	0.064019	0.555146	-0.090969	0.145351	0.066130	0.987168	0.123868	0.988697	-0.084470	-0.981596	0.134556	0.135516
22715	10.120792	-2.601349	3.053898	0.250885	0.667886	-0.051374	0.151792	0.064812	0.986285	0.121476	0.989060	-0.083689	-0.980919	0.132513	0.142258
22716	10.280928	-2.768965	3.309983	0.476935	0.799048	-0.006821	0.159581	0.063753	0.985124	0.116770	0.989688	-0.082964	-0.980254	0.128273	0.150491
22717	10.385176	-2.631831	3.798633	0.678891	0.935250	0.042222	0.168755	0.063106	0.983636	0.109906	0.990520	-0.082403	-0.979511	0.122014	0.160220
22718	10.479473	-2.440090	4.345528	0.855461	1.082990	0.075470	0.179399	0.062625	0.981781	0.101359	0.991484	-0.081765	-0.978541	0.114181	0.171524
22719	10.268246	-2.012397	4.937537	0.999609	1.216483	0.104066	0.191367	0.062417	0.979532	0.091343	0.992512	-0.081089	-0.977259	0.104991	0.184233
22720	9.823550	-1.392356	4.909841	1.051806	1.223924	0.122409	0.203385	0.062456	0.977105	0.080789	0.993490	-0.080320	-0.975760	0.095275	0.197015
22721	8.998802	-0.430100	4.370131	1.022245	1.050419	0.133594	0.213619	0.062923	0.974888	0.070506	0.994328	-0.079627	-0.974369	0.085745	0.207971
22722	8.850028	0.437215	3.903114	0.844946	0.787191	0.121060	0.221325	0.063532	0.973128	0.061972	0.994942	-0.079051	-0.973229	0.077803	0.216268
22723	9.588101	0.884830	3.369433	0.544304	0.691407	0.079800	0.228059	0.063895	0.971548	0.056479	0.995296	-0.078715	-0.972008	0.072824	0.223378
22724	10.213532	1.153512	3.053695	0.238189	0.746872	0.054275	0.235302	0.063947	0.969816	0.053997	0.995432	-0.078738	-0.970421	0.070895	0.230774
22725	10.498137	1.181548	3.186557	-0.099598	0.838102	0.046850	0.243431	0.063893	0.967812	0.054816	0.995327	-0.079498	-0.968368	0.072403	0.238791
22726	10.203621	1.101482	3.252475	-0.505791	0.911653	0.049821	0.252235	0.063752	0.965564	0.059540	0.994914	-0.081244	-0.965832	0.077983	0.247157
22727	9.640542	0.768137	3.057118	-0.922239	0.864647	0.033500	0.260519	0.063432	0.963383	0.068353	0.994124	-0.083940	-0.963046	0.087718	0.254653
22728	9.594292	0.179232	2.282549	-1.197793	0.726731	0.019991	0.267484	0.062998	0.961501	0.079775	0.992987	-0.087254	-0.960254	0.100043	0.260582
22729	9.970734	-0.369411	1.340554	-1.229795	0.627472	0.053358	0.273472	0.062923	0.959820	0.091418	0.991641	-0.091055	-0.957526	0.112646	0.265434
22730	10.412639	-0.635574	0.687527	-1.245049	0.592692	0.129433	0.279227	0.063550	0.958120	0.102920	0.990079	-0.095664	-0.954694	0.125322	0.269916
22731	10.612554	-1.052129	0.363517	-1.223746	0.612381	0.219964	0.285230	0.064968	0.956255	0.114026	0.988314	-0.101158	-0.951652	0.137891	0.274489
22732	10.447702	-1.437708	0.465719	-1.173261	0.667711	0.267824	0.291855	0.066703	0.954134	0.124355	0.986452	-0.107001	-0.948344	0.149880	0.279606
22733	10.057920	-1.941664	0.742199	-1.093411	0.720395	0.270055	0.298992	0.068295	0.951808	0.133945	0.984557	-0.112721	-0.944808	0.161193	0.285227
22734	9.386790	-2.238340	1.270168	-0.891905	0.685898	0.257470	0.305781	0.069743	0.949544	0.141534	0.982903	-0.117771	-0.941523	0.170404	0.290682
22735	8.879803	-2.280907	1.637035	-0.650565	0.586378	0.236980	0.311585	0.071114	0.947554	0.146929	0.981597	-0.121984	-0.938790	0.177231	0.295402
22736	8.482132	-2.076572	1.454293	-0.413747	0.447290	0.210696	0.316057	0.072432	0.945971	0.150102	0.980706	-0.125242	-0.936791	0.181576	0.299087
22737	8.277734	-1.652391	1.009373	-0.194531	0.341531	0.183503	0.319474	0.073711	0.944724	0.151220	0.980228	-0.127619	-0.935451	0.183632	0.302011
22738	8.429612	-1.309700	0.695764	-0.079082	0.295102	0.168156	0.322453	0.074869	0.943620	0.151374	0.979960	-0.129479	-0.934404	0.184590	0.304658
22739	8.745476	-1.165789	0.753364	-0.022600	0.287323	0.169029	0.325291	0.076100	0.942547	0.150927	0.979800	-0.131196	-0.933492	0.184933	0.307234
22740	9.155143	-1.402916	1.157584	-0.019792	0.327629	0.192812	0.328603	0.077436	0.941288	0.150435	0.979618	-0.133106	-0.932410	0.185342	0.310256
22741	9.336205	-1.889733	1.421439	-0.017743	0.363729	0.234832	0.332282	0.079125	0.939855	0.149846	0.979390	-0.135431	-0.931201	0.185835	0.313577
22742	9.349185	-2.437008	1.661459	0.089844	0.359764	0.293121	0.336032	0.081382	0.938328	0.147984	0.979324	-0.137933	-0.930152	0.185208	0.317041
22743	9.193369	-2.920491	1.850147	0.308473	0.338587	0.353661	0.339642	0.084272	0.936772	0.143997	0.979577	-0.140331	-0.929467	0.182555	0.320571
22744	8.985928	-3.056617	2.184861	0.537912	0.310065	0.415447	0.343073	0.087837	0.935193	0.137534	0.980190	-0.142518	-0.929185	0.177514	0.324196
22745	8.622987	-3.056156	2.367142	0.738146	0.297112	0.462672	0.346370	0.091972	0.933579	0.128982	0.981062	-0.144504	-0.929189	0.170467	0.327947
22746	8.423722	-2.874980	2.550144	0.887659	0.276640	0.497994	0.349522	0.096453	0.931950	0.118954	0.982069	-0.146253	-0.929346	0.161978	0.331781
22747	8.380642	-2.591899	2.680278	0.969586	0.277853	0.531944	0.352648	0.101353	0.930251	0.107996	0.983066	-0.148047	-0.929503	0.152672	0.335730
22748	8.421266	-2.278049	2.740109	0.989111	0.272544	0.563521	0.355721	0.106544	0.928499	0.096758	0.983944	-0.149975	-0.929570	0.143189	0.339700
22749	8.438341	-1.941844	2.734473	0.972091	0.263554	0.585148	0.358639	0.112044	0.926728	0.085575	0.984644	-0.152163	-0.929546	0.133876	0.343543
22750	8.403115	-1.633893	2.674713	0.927474	0.242201	0.583846	0.361320	0.117532	0.925005	0.074805	0.985173	-0.154396	-0.929436	0.124981	0.347171
22751	8.379875	-1.366566	2.527843	0.858837	0.230074	0.568414	0.363859	0.122918	0.923308	0.064804	0.985512	-0.156737	-0.929197	0.116864	0.350622
22752	8.326949	-1.153607	2.328247	0.790427	0.207924	0.533545	0.366073	0.127992	0.921742	0.055465	0.985734	-0.158906	-0.928932	0.109296	0.353752
22753	8.321100	-1.085009	2.268335	0.709011	0.196932	0.489021	0.368041	0.132783	0.920280	0.046835	0.985847	-0.160974	-0.928629	0.102346	0.356613
22754	8.395655	-1.174381	2.210880	0.639831	0.173655	0.432783	0.369799	0.136927	0.918966	0.039250	0.985896	-0.162694	-0.928282	0.096233	0.359209
22755	8.507921	-1.273841	2.231091	0.635295	0.145507	0.382587	0.371136	0.140754	0.917849	0.031663	0.985952	-0.164001	-0.928039	0.089929	0.361465
22756	8.645055	-1.371237	2.298899	0.664986	0.105486	0.356367	0.372174	0.144225	0.916889	0.024120	0.986017	-0.164890	-0.927850	0.083483	0.363491
22757	8.765332	-1.498571	2.459075	0.731267	0.066080	0.341215	0.372716	0.147641	0.916125	0.016018	0.986091	-0.165433	-0.927807	0.076333	0.365167
22758	8.713711	-1.493053	2.654936	0.821306	0.002944	0.343455	0.372741	0.151074	0.915555	0.007068	0.986167	-0.165603	-0.927908	0.068199	0.366517
22759	8.606583	-1.496387	3.021233	0.893210	-0.055091	0.354000	0.372137	0.154679	0.915199	-0.002534	0.986182	-0.165645	-0.928174	0.059323	0.367387
22760	8.458596	-1.459187	3.392272	0.938040	-0.111993	0.368191	0.371027	0.158419	0.915010	-0.012659	0.986112	-0.165596	-0.928536	0.049857	0.367880
22761	8.397733	-1.417181	3.704854	0.922871	-0.144877	0.367681	0.369460	0.162258	0.914971	-0.022762	0.985922	-0.165649	-0.928968	0.040374	0.367952
22762	8.380353	-1.256397	3.917279	0.872036	-0.162903	0.344875	0.367808	0.165763	0.915008	-0.032184	0.985663	-0.165626	-0.929345	0.031470	0.367870
22763	8.413826	-1.005122	4.171949	0.803963	-0.153942	0.301696	0.366170	0.168871	0.915097	-0.040806	0.985364	-0.165510	-0.929653	0.023264	0.367702
22764	8.446035	-0.798120	4.390202	0.750131	-0.128874	0.248818	0.364816	0.171393	0.915168	-0.048738	0.985079	-0.165058	-0.929803	0.015613	0.367726
22765	8.512524	-0.622509	4.640922	0.707579	-0.098226	0.209737	0.363605	0.173593	0.915236	-0.056182	0.984782	-0.164463	-0.929857	0.008380	0.367825
22766	8.667139	-0.481740	4.921865	0.627968	-0.073581	0.183485	0.362767	0.175449	0.915215	-0.062736	0.984486	-0.163862	-0.929766	0.002027	0.368146
22767	8.710278	-0.363917	4.990384	0.508119	-0.056494	0.174980	0.361968	0.177262	0.915182	-0.068131	0.984159	-0.163675	-0.929697	-0.003107	0.368311
22768	8.661464	-0.325586	5.036099	0.341736	-0.043243	0.170912	0.361401	0.178987	0.915070	-0.071975	0.983829	-0.164010	-0.929628	-0.006588	0.368440
22769	8.512660	-0.509147	5.023329	0.191156	-0.036241	0.160897	0.360822	0.180651	0.914971	-0.074377	0.983510	-0.164853	-0.929664	-0.008570	0.368308
22770	8.372322	-0.634912	4.928347	0.096923	-0.052086	0.148253	0.360180	0.182149	0.914927	-0.075861	0.983223	-0.165882	-0.929793	-0.009660	0.367956
22771	8.270019	-0.887115	4.820705	0.084529	-0.065831	0.126602	0.359234	0.183527	0.915024	-0.077265	0.982956	-0.166818	-0.930043	-0.010773	0.367292
22772	8.314198	-1.106545	4.758534	0.125827	-0.078208	0.101487	0.358382	0.184561	0.915150	-0.078848	0.982745	-0.167315	-0.930240	-0.012195	0.366750
22773	8.551054	-1.234712	4.739876	0.188822	-0.074928	0.072632	0.357491	0.185283	0.915353	-0.080739	0.982584	-0.167359	-0.930420	-0.014075	0.366225
22774	8.766853	-1.291019	4.692194	0.234229	-0.057140	0.055869	0.356867	0.185868	0.915477	-0.083166	0.982436	-0.167043	-0.930446	-0.016524	0.366057
22775	8.697146	-1.343753	4.645936	0.277590	-0.040833	0.052975	0.356294	0.186509	0.915570	-0.086106	0.982260	-0.166587	-0.930398	-0.019483	0.366033
22776	8.509843	-1.310429	4.594628	0.315383	-0.031020	0.061801	0.355905	0.187154	0.915590	-0.089308	0.982069	-0.166028	-0.930245	-0.022680	0.366237
22777	8.318027	-1.286329	4.657723	0.350406	-0.040492	0.064474	0.355303	0.187852	0.915681	-0.092817	0.981847	-0.165411	-0.930131	-0.026220	0.366290
22778	8.487051	-1.251213	4.865028	0.355645	-0.065600	0.065043	0.354585	0.188516	0.915823	-0.096404	0.981615	-0.164734	-0.930041	-0.029877	0.366240
22779	8.628451	-1.210081	4.948694	0.347404	-0.094156	0.065785	0.353423	0.189334	0.916103	-0.100214	0.981331	-0.164153	-0.930080	-0.033790	0.365799
22780	8.641201	-1.179040	4.888284	0.329134	-0.113430	0.078184	0.352241	0.190104	0.916399	-0.103599	0.981056	-0.163697	-0.930158	-0.037277	0.365263
22781	8.490863	-1.184402	4.691985	0.314189	-0.133942	0.091272	0.350781	0.190995	0.916774	-0.106811	0.980752	-0.163456	-0.930346	-0.040584	0.364429
22782	8.325077	-1.093339	4.506084	0.289448	-0.155392	0.087451	0.349192	0.191831	0.917205	-0.109858	0.980452	-0.163234	-0.930589	-0.043762	0.363440
22783	8.158862	-1.026679	4.160049	0.267159	-0.171351	0.064740	0.347378	0.192497	0.917755	-0.112699	0.980180	-0.162933	-0.930928	-0.046831	0.362187
22784	8.034780	-0.876112	3.720277	0.243561	-0.193983	0.021009	0.345500	0.192652	0.918431	-0.115087	0.980011	-0.162275	-0.931335	-0.049633	0.360765
22785	8.124596	-0.803950	3.419353	0.206073	-0.233449	-0.023932	0.343213	0.192449	0.919330	-0.117177	0.979910	-0.161385	-0.931920	-0.052335	0.358869
22786	8.320263	-0.704524	3.192373	0.129516	-0.253466	-0.081740	0.340898	0.191556	0.920377	-0.118152	0.979988	-0.160201	-0.932646	-0.054133	0.356709
22787	8.393449	-0.612500	3.241211	0.048204	-0.251600	-0.116941	0.338599	0.190357	0.921474	-0.118299	0.980164	-0.159011	-0.933464	-0.055169	0.354402
22788	8.382652	-0.616780	3.818776	0.051513	-0.253624	-0.125455	0.336331	0.189029	0.922578	-0.118405	0.980362	-0.157703	-0.934271	-0.056197	0.352108
22789	8.559837	-0.831627	4.517708	0.117815	-0.240075	-0.122940	0.334163	0.187741	0.923628	-0.119121	0.980515	-0.156207	-0.934957	-0.057825	0.350016
22790	8.915336	-0.975286	5.066523	0.084868	-0.145973	-0.093512	0.332861	0.186782	0.924292	-0.119650	0.980630	-0.155078	-0.935354	-0.058973	0.348762
22791	8.847658	-0.804189	5.241365	-0.211246	-0.100579	-0.090140	0.331957	0.185877	0.924800	-0.117357	0.980914	-0.155030	-0.935966	-0.057068	0.347435
22792	8.871516	-0.330571	4.852615	-0.543476	-0.261219	-0.074578	0.329547	0.185045	0.925828	-0.112067	0.981339	-0.156250	-0.937465	-0.052263	0.344135
22793	9.923445	-0.043377	5.319190	-0.766937	-0.381990	-0.031392	0.325897	0.184617	0.927204	-0.104823	0.981757	-0.158636	-0.939576	-0.045493	0.339304
22794	12.071044	-0.182844	6.651764	-0.861350	-0.238836	-0.084893	0.323688	0.183728	0.928154	-0.096494	0.982261	-0.160787	-0.941230	-0.037517	0.335675
22795	12.569421	-1.255060	7.406715	-0.750065	-0.048483	-0.065751	0.323214	0.183106	0.928442	-0.089223	0.982628	-0.162732	-0.942110	-0.030241	0.333936
22796	10.791610	-2.781070	7.508189	-0.552453	-0.004066	0.231010	0.322927	0.185419	0.928083	-0.084811	0.982345	-0.166750	-0.942616	-0.024863	0.332951
22797	8.629833	-2.805023	5.920430	-0.582475	-0.151708	0.458830	0.321076	0.189934	0.927812	-0.080816	0.981604	-0.172978	-0.943599	-0.019443	0.330519
22798	7.124416	-0.974606	2.431159	-0.801204	-0.360648	0.373863	0.317332	0.193590	0.928344	-0.074489	0.981005	-0.179109	-0.945384	-0.012315	0.325725
22799	6.595736	0.902424	0.067687	-0.939568	-0.538163	0.142385	0.312047	0.195034	0.929832	-0.066180	0.980787	-0.183512	-0.947759	-0.004272	0.318959
22800	7.253840	1.659398	-0.242496	-1.039236	-0.606455	-0.080489	0.306294	0.194291	0.931898	-0.056116	0.980933	-0.186070	-0.950281	0.004698	0.311357
22801	8.796111	1.662924	0.540261	-1.324424	-0.501255	-0.230222	0.301588	0.192152	0.933875	-0.042920	0.981224	-0.188034	-0.952472	0.016627	0.304173
22802	10.328456	1.109998	1.401766	-1.649093	-0.372617	-0.331634	0.298105	0.189035	0.935628	-0.026251	0.981447	-0.189929	-0.954172	0.032058	0.297537
22803	10.956584	-0.029192	1.547156	-1.779975	-0.458228	-0.347129	0.293710	0.185868	0.937650	-0.008307	0.981373	-0.191933	-0.955859	0.048584	0.289783
22804	10.705544	-1.761835	1.135545	-1.795736	-0.679562	-0.283917	0.287161	0.183516	0.940138	0.009655	0.980872	-0.194416	-0.957834	0.064905	0.279897
22805	10.349049	-3.694091	0.373300	-1.733833	-0.834296	-0.209472	0.279069	0.182082	0.942850	0.026906	0.979990	-0.197218	-0.959894	0.080406	0.268585
22806	10.020278	-5.171849	-0.081742	-1.538630	-0.929522	-0.106689	0.270057	0.181896	0.945507	0.041939	0.978839	-0.200287	-0.961931	0.093742	0.256714
22807	9.786071	-5.913539	-0.024685	-1.064863	-0.981929	-0.015304	0.260517	0.182776	0.948010	0.052118	0.977823	-0.202846	-0.964061	0.102253	0.245214
22808	9.521741	-5.718207	0.215533	-0.485880	-0.997036	0.042529	0.250875	0.184276	0.950318	0.056654	0.977236	-0.204452	-0.966360	0.105131	0.234724
22809	9.529912	-5.211280	0.098651	-0.049719	-0.989841	0.066062	0.241265	0.186022	0.952464	0.056900	0.977057	-0.205238	-0.968790	0.103712	0.225144
22810	9.537619	-4.391111	0.321372	0.427449	-0.981774	0.074486	0.231739	0.187788	0.954480	0.052533	0.977343	-0.205041	-0.971358	0.097658	0.216623
22811	9.481893	-3.297652	0.785977	0.864562	-0.967140	0.061245	0.222312	0.189357	0.956411	0.043894	0.978020	-0.203839	-0.973987	0.087297	0.209114
22812	9.381011	-1.834495	0.984301	0.961698	-0.961861	0.041604	0.212904	0.190599	0.958302	0.034381	0.978720	-0.202299	-0.976468	0.076018	0.201821
22813	9.302071	-0.335027	1.377398	0.833945	-0.969491	0.028134	0.203386	0.191635	0.960161	0.026094	0.979249	-0.200972	-0.978751	0.065929	0.194165
22814	9.135237	0.781586	1.814094	0.605891	-0.983754	0.047260	0.193714	0.192756	0.961935	0.020020	0.979527	-0.200313	-0.980854	0.058062	0.185889
22815	9.165993	1.151966	2.000083	0.298964	-1.000961	0.088970	0.183849	0.194248	0.963570	0.016850	0.979513	-0.200676	-0.982810	0.053130	0.176810
22816	8.916584	0.913661	1.941275	-0.041201	-0.973187	0.145980	0.174256	0.196235	0.964949	0.016951	0.979199	-0.202194	-0.984554	0.051591	0.167305
22817	8.860618	0.592340	2.083448	-0.322231	-0.953733	0.159616	0.164849	0.198327	0.966173	0.019901	0.978707	-0.204296	-0.986118	0.052906	0.157392
22818	9.165844	0.207203	1.939191	-0.572422	-0.861900	0.142788	0.156332	0.200245	0.967193	0.025279	0.978101	-0.206589	-0.987381	0.056746	0.147846
22819	9.441788	-0.289311	1.963778	-0.678475	-0.761423	0.125005	0.148795	0.201946	0.968028	0.031843	0.977439	-0.208804	-0.988355	0.061894	0.139007
22820	9.609975	-0.920741	1.795089	-0.630099	-0.684046	0.130549	0.142033	0.203709	0.968674	0.037843	0.976762	-0.210959	-0.989138	0.066620	0.131023
22821	9.694954	-1.789109	1.545391	-0.450173	-0.587821	0.149437	0.136228	0.205610	0.969106	0.042018	0.976146	-0.213011	-0.989786	0.069738	0.124339
22822	9.658110	-2.692496	1.754314	-0.164721	-0.498451	0.159532	0.131317	0.207565	0.969367	0.043396	0.975694	-0.214798	-0.990390	0.070273	0.119118
22823	9.579645	-3.195907	2.243102	0.094807	-0.442816	0.177039	0.126966	0.209635	0.969501	0.042194	0.975385	-0.216433	-0.991009	0.068387	0.114996
22824	9.507414	-3.315325	2.234242	0.176681	-0.415674	0.209961	0.122888	0.212009	0.969510	0.040140	0.975054	-0.218309	-0.991608	0.065744	0.111313
22825	9.454887	-3.068620	1.630329	0.152344	-0.429763	0.218724	0.118666	0.214456	0.969498	0.038354	0.974679	-0.220296	-0.992193	0.063326	0.107436
22826	9.592051	-2.840802	1.057126	0.082768	-0.416193	0.196132	0.114565	0.216675	0.969498	0.037264	0.974300	-0.222152	-0.992717	0.061579	0.103547
22827	9.306537	-2.857584	0.744974	0.000219	-0.408341	0.143286	0.110525	0.218360	0.969589	0.037084	0.973981	-0.223576	-0.993181	0.060667	0.099551
22828	9.301239	-3.078093	0.439906	-0.097303	-0.463648	0.080268	0.105905	0.219471	0.969854	0.037925	0.973738	-0.224491	-0.993653	0.060556	0.094800
22829	9.550898	-3.283525	0.032129	-0.159525	-0.458870	0.023548	0.101306	0.220027	0.970219	0.039427	0.973582	-0.224906	-0.994074	0.061037	0.089955
22830	9.499170	-3.452999	-0.415490	-0.175375	-0.471590	-0.023060	0.096564	0.220139	0.970677	0.041155	0.973517	-0.224878	-0.994476	0.061663	0.084947
22831	9.677787	-3.572413	-0.600235	-0.126126	-0.524584	-0.046424	0.091252	0.220069	0.971207	0.042335	0.973537	-0.224574	-0.994928	0.061609	0.079520
22832	9.799626	-3.546926	-0.932365	-0.069939	-0.537198	-0.070959	0.085832	0.219755	0.971772	0.043056	0.973642	-0.223981	-0.995379	0.061065	0.074108
22833	9.803767	-3.109082	-1.348704	-0.060456	-0.624956	-0.079627	0.079526	0.219414	0.972385	0.043662	0.973772	-0.223298	-0.995876	0.060214	0.067860
22834	9.807083	-2.616886	-1.606171	-0.073503	-0.698836	-0.107338	0.072474	0.218835	0.973067	0.044438	0.973955	-0.222344	-0.996380	0.059355	0.060862
22835	9.843024	-2.401127	-1.489618	-0.003602	-0.760230	-0.125046	0.064792	0.218117	0.973769	0.044519	0.974216	-0.221180	-0.996905	0.057682	0.053411
22836	9.862170	-2.283148	-1.292125	0.035069	-0.803886	-0.133582	0.056673	0.217319	0.974454	0.044213	0.974519	-0.219905	-0.997413	0.055546	0.045620
22837	9.912382	-2.117828	-1.120368	0.047316	-0.807786	-0.127060	0.048509	0.216576	0.975060	0.043735	0.974812	-0.218697	-0.997865	0.053253	0.037815
22838	9.695727	-1.885694	-0.776382	0.092757	-0.775277	-0.121753	0.040674	0.215839	0.975581	0.042827	0.975115	-0.217522	-0.998254	0.050629	0.030418
22839	9.687563	-1.818788	-0.147634	0.163288	-0.766989	-0.118315	0.032923	0.215116	0.976033	0.041192	0.975441	-0.216375	-0.998609	0.047329	0.023253
22840	9.820006	-1.884120	0.271848	0.158202	-0.728225	-0.109939	0.025561	0.214424	0.976406	0.039609	0.975741	-0.215315	-0.998888	0.044178	0.016448
22841	9.590495	-1.906707	0.273390	0.093189	-0.700282	-0.089145	0.018468	0.213911	0.976679	0.038663	0.975962	-0.214485	-0.999082	0.041722	0.009753
22842	9.484513	-2.110556	0.548207	0.027625	-0.703713	-0.090369	0.011357	0.213364	0.976907	0.038365	0.976157	-0.213646	-0.999199	0.039906	0.002901
22843	9.379615	-2.581068	0.837082	-0.013997	-0.709688	-0.103327	0.004171	0.212686	0.977112	0.038457	0.976363	-0.212687	-0.999252	0.038464	-0.004107
22844	9.360919	-2.952044	0.897929	-0.068303	-0.716123	-0.123484	-0.003077	0.211799	0.977308	0.039106	0.976591	-0.211521	-0.999230	0.037568	-0.011287
22845	9.458436	-3.079717	1.083513	-0.067436	-0.654592	-0.147316	-0.009723	0.210660	0.977511	0.039728	0.976867	-0.210126	-0.999163	0.036792	-0.017867
22846	9.328536	-3.113639	1.446696	-0.038961	-0.551065	-0.174699	-0.015343	0.209201	0.977752	0.040062	0.977211	-0.208456	-0.999079	0.035972	-0.023374
22847	9.240002	-3.154180	1.492862	-0.079097	-0.464928	-0.194856	-0.020119	0.207522	0.978023	0.040763	0.977578	-0.206589	-0.998966	0.035710	-0.028127
22848	9.423874	-3.065616	1.475504	-0.115707	-0.375688	-0.198981	-0.023998	0.205758	0.978309	0.041841	0.977940	-0.204654	-0.998836	0.036022	-0.032078
22849	9.440187	-2.812617	1.533891	-0.230703	-0.342554	-0.200178	-0.027558	0.203985	0.978586	0.044022	0.978256	-0.202676	-0.998650	0.037494	-0.035938
22850	9.266809	-2.261386	1.313474	-0.369149	-0.384325	-0.208238	-0.031534	0.202144	0.978848	0.047614	0.978527	-0.200544	-0.998368	0.040283	-0.040482
22851	9.004212	-1.772210	0.746705	-0.481427	-0.443437	-0.245710	-0.036127	0.199993	0.979131	0.052283	0.978807	-0.197998	-0.997979	0.044039	-0.045818
22852	9.135635	-1.902100	0.483480	-0.546610	-0.479295	-0.275565	-0.041104	0.197565	0.979428	0.057598	0.979095	-0.195080	-0.997493	0.048394	-0.051624
22853	9.141590	-2.355389	0.456648	-0.590132	-0.484555	-0.285745	-0.046143	0.195075	0.979702	0.063302	0.979347	-0.192022	-0.996927	0.053156	-0.057539
22854	9.035184	-2.756479	0.222384	-0.607872	-0.502684	-0.282054	-0.051383	0.192640	0.979923	0.069190	0.979548	-0.188938	-0.996279	0.058093	-0.063661
22855	9.277559	-3.067085	0.202393	-0.556841	-0.559641	-0.279923	-0.057206	0.190306	0.980057	0.074523	0.979740	-0.185894	-0.995577	0.062402	-0.070229
22856	9.452412	-3.253248	0.184711	-0.463497	-0.613143	-0.265773	-0.063554	0.188143	0.980083	0.078944	0.979939	-0.182996	-0.994851	0.065741	-0.077132
22857	9.575231	-3.391544	0.111246	-0.334104	-0.643237	-0.265172	-0.070201	0.186041	0.980031	0.082022	0.980204	-0.180199	-0.994155	0.067734	-0.084070
22858	9.547957	-3.447626	0.060954	-0.272856	-0.637339	-0.258573	-0.076792	0.183991	0.979924	0.084512	0.980490	-0.177475	-0.993459	0.069187	-0.090843
22859	9.731880	-3.288083	0.154388	-0.219405	-0.648872	-0.277385	-0.083515	0.181799	0.979783	0.086392	0.980837	-0.174630	-0.992755	0.070061	-0.097621
22860	10.232594	-3.019117	0.459830	-0.119921	-0.613748	-0.298476	-0.089907	0.179349	0.979669	0.087293	0.981286	-0.171634	-0.992117	0.070087	-0.103881
22861	10.064405	-2.616398	0.987621	-0.060948	-0.519225	-0.280771	-0.095338	0.177031	0.979577	0.087558	0.981736	-0.168900	-0.991587	0.069667	-0.109097
22862	10.018594	-2.248748	1.711207	-0.087030	-0.449297	-0.270668	-0.100071	0.174736	0.979517	0.088126	0.982146	-0.166201	-0.991070	0.069689	-0.113683
22863	10.191938	-2.015533	2.654233	-0.173266	-0.355356	-0.269495	-0.103882	0.172421	0.979530	0.089480	0.982485	-0.163452	-0.990556	0.070669	-0.117491
22864	10.313230	-2.107620	3.446675	-0.321865	-0.231533	-0.242253	-0.106436	0.170257	0.979635	0.092383	0.982663	-0.160746	-0.990018	0.073393	-0.120320
22865	11.075071	-2.388586	4.262431	-0.441806	0.047092	-0.174734	-0.106175	0.168585	0.979952	0.096485	0.982619	-0.158590	-0.989655	0.077713	-0.120595
22866	10.659112	-2.604763	5.305119	-0.496075	0.524742	-0.062278	-0.101084	0.167600	0.980659	0.101301	0.982319	-0.157442	-0.989707	0.083427	-0.116275
22867	9.122056	-2.014937	5.708708	-0.687994	0.701732	-0.021179	-0.094195	0.166861	0.981471	0.108002	0.981748	-0.156543	-0.989678	0.091255	-0.110497
22868	9.147987	-0.657062	4.334854	-1.067420	0.581102	-0.088014	-0.088586	0.165485	0.982226	0.118452	0.980855	-0.154571	-0.989000	0.102654	-0.106492
22869	9.470541	0.774403	2.376136	-1.361852	0.407191	-0.228254	-0.084871	0.162900	0.982986	0.131632	0.979731	-0.150995	-0.987659	0.116577	-0.104593
22870	10.924601	1.058875	1.357221	-1.636721	0.309543	-0.345601	-0.082338	0.159182	0.983810	0.147462	0.978242	-0.145939	-0.985635	0.133058	-0.104020
22871	12.217493	-0.022591	1.546409	-1.822270	0.522029	-0.365863	-0.077794	0.154930	0.984858	0.165040	0.976223	-0.140535	-0.983214	0.151608	-0.101514
22872	12.593589	-1.779783	2.227514	-1.712835	0.918834	-0.308198	-0.069342	0.150501	0.986175	0.181604	0.973941	-0.135865	-0.980924	0.169672	-0.094867
22873	12.868323	-3.221525	3.441962	-1.294406	1.426843	-0.246997	-0.055824	0.145627	0.987763	0.194079	0.972019	-0.132337	-0.979396	0.184317	-0.082525
22874	11.834469	-3.194530	3.072209	-0.911146	1.790754	-0.160095	-0.038647	0.140724	0.989294	0.202892	0.970516	-0.130127	-0.978438	0.195691	-0.066059
22875	11.315130	-1.406581	2.528401	-0.374534	1.678508	-0.113758	-0.022463	0.136363	0.990404	0.206457	0.969933	-0.128862	-0.978198	0.201581	-0.049941
22876	12.790422	0.847412	3.123003	0.025889	1.500733	-0.153572	-0.008133	0.131890	0.991231	0.206147	0.970192	-0.127399	-0.978487	0.203303	-0.035079
22877	13.442150	2.641075	3.044032	-0.049950	1.514174	-0.259528	0.006149	0.126360	0.991965	0.206578	0.970426	-0.124897	-0.978411	0.205686	-0.020136
22878	12.786236	2.913819	3.332975	-0.397622	1.665862	-0.379174	0.021614	0.119261	0.992628	0.210485	0.970063	-0.121133	-0.977358	0.211551	-0.004136
22879	11.868282	1.321391	3.464733	-0.942835	1.906979	-0.453220	0.039251	0.110780	0.993070	0.219796	0.968537	-0.116731	-0.974756	0.222854	0.013667
22880	11.353255	-0.003746	2.455162	-1.211681	2.328268	-0.474280	0.060797	0.100894	0.993038	0.231785	0.966256	-0.112363	-0.970865	0.237003	0.035360
22881	9.923989	-0.924109	1.891920	-1.031995	2.488082	-0.501425	0.083710	0.090060	0.992412	0.242127	0.964223	-0.107925	-0.966627	0.249324	0.058909
22882	9.371468	-1.909958	1.574697	-0.706879	2.354468	-0.567006	0.104997	0.078680	0.991355	0.249443	0.962913	-0.102841	-0.962681	0.258085	0.081476
22883	10.005390	-3.246772	-1.183352	-0.735011	2.212585	-0.496120	0.124985	0.068158	0.989815	0.257053	0.961348	-0.098656	-0.958281	0.266765	0.102634
22884	10.807352	-4.621102	-1.779562	-0.702953	2.118959	-0.322246	0.144370	0.059382	0.987740	0.264167	0.959657	-0.096305	-0.953610	0.274832	0.122859
22885	11.666654	-5.361905	-1.032560	-0.615706	1.934094	-0.115928	0.162453	0.052955	0.985294	0.270161	0.958014	-0.096032	-0.949011	0.281789	0.141326
22886	12.793154	-6.783292	-1.470614	-0.662714	1.739104	0.109456	0.179184	0.049097	0.982590	0.276207	0.956074	-0.098141	-0.944247	0.288984	0.157752
22887	12.923667	-8.899300	-2.855263	-0.581847	1.524685	0.373147	0.194587	0.048294	0.979696	0.280922	0.954205	-0.102835	-0.939797	0.295228	0.172109
22888	12.474043	-10.664560	-3.794659	-0.062833	1.410308	0.571444	0.209394	0.049632	0.976571	0.280315	0.953748	-0.108576	-0.936791	0.296483	0.185796
22889	11.253092	-10.433893	-3.375129	0.692207	1.423944	0.721856	0.224696	0.052478	0.973015	0.272141	0.955436	-0.114375	-0.935655	0.290497	0.200401
22890	9.848534	-8.652633	-2.075617	1.194829	1.412554	0.816319	0.240050	0.056320	0.969125	0.259022	0.958406	-0.119856	-0.935566	0.279796	0.215477
22891	8.794091	-6.359152	-1.172045	1.670664	1.238307	0.894808	0.253863	0.061719	0.965269	0.240997	0.962453	-0.124920	-0.936736	0.264340	0.229458
22892	9.050034	-3.484783	-0.547579	2.181768	1.042425	0.927658	0.265738	0.068078	0.961639	0.218078	0.967401	-0.128750	-0.939056	0.243926	0.242229
22893	9.914998	-1.407326	-0.302035	2.504867	1.018859	0.920528	0.277167	0.074837	0.957903	0.191825	0.972581	-0.131488	-0.941479	0.220194	0.255212
22894	10.445729	-0.752998	-0.269421	2.580459	1.073457	0.860590	0.288783	0.081050	0.953958	0.165026	0.977282	-0.132989	-0.943065	0.195833	0.268847
22895	10.642923	-0.320030	-0.083845	2.580822	1.072289	0.808611	0.300077	0.087226	0.949919	0.138127	0.981343	-0.133746	-0.943862	0.171343	0.282430
22896	10.887916	0.448817	0.517189	2.509408	1.025599	0.759782	0.310671	0.093114	0.945946	0.112071	0.984660	-0.133732	-0.943888	0.147560	0.295470
22897	10.767876	1.153785	1.207412	2.285973	1.021698	0.704273	0.320942	0.098862	0.941925	0.088103	0.987108	-0.133623	-0.942992	0.125871	0.308095
22898	10.136401	1.593081	1.749615	2.004425	1.043660	0.640678	0.331232	0.104028	0.937797	0.067081	0.988792	-0.133378	-0.941162	0.107087	0.320542
22899	9.294525	1.762595	1.828313	1.663466	1.057834	0.588028	0.341466	0.108984	0.933554	0.049318	0.989809	-0.133590	-0.938599	0.091658	0.332611
22900	8.751299	1.580752	1.686319	1.307216	1.069490	0.532626	0.351672	0.113391	0.929231	0.035174	0.990335	-0.134159	-0.935462	0.079864	0.344285
22901	8.713297	1.321266	1.692498	1.020246	1.077357	0.485747	0.361830	0.117548	0.924804	0.023746	0.990535	-0.135193	-0.931942	0.070877	0.355614
22902	8.765522	1.032321	1.795479	0.816023	1.079108	0.445249	0.371909	0.121280	0.920312	0.014473	0.990550	-0.136385	-0.928156	0.064042	0.366640
22903	8.697872	0.548114	1.868684	0.669405	1.069444	0.417511	0.381821	0.124905	0.915757	0.006547	0.990436	-0.137821	-0.924213	0.058618	0.377351
22904	8.614087	0.026035	1.880518	0.558927	1.049432	0.396708	0.391469	0.128291	0.911204	-0.000193	0.990245	-0.139337	-0.920191	0.054370	0.387675
22905	8.569208	-0.520111	1.756478	0.512353	1.028678	0.411812	0.400860	0.131967	0.906585	-0.006672	0.989965	-0.141154	-0.916115	0.050534	0.397718
22906	8.553327	-0.916234	1.557688	0.536713	1.007760	0.430541	0.409986	0.135789	0.901927	-0.013375	0.989645	-0.142915	-0.911994	0.046529	0.407557
22907	8.514560	-1.156456	1.533150	0.576535	0.993455	0.447446	0.418911	0.139910	0.897184	-0.020614	0.989269	-0.144645	-0.907793	0.042099	0.417300
22908	8.571209	-1.260842	1.594104	0.573004	0.976688	0.454548	0.427604	0.144065	0.892413	-0.027780	0.988847	-0.146321	-0.903539	0.037776	0.426837
22909	8.682424	-1.283207	1.605504	0.518014	0.955639	0.458385	0.436032	0.148388	0.887613	-0.034571	0.988346	-0.148246	-0.899267	0.033954	0.436081
22910	8.837005	-1.200364	1.653535	0.417567	0.937312	0.463243	0.444224	0.152709	0.882805	-0.040409	0.987779	-0.150534	-0.895004	0.031198	0.444966
22911	8.905653	-1.126725	1.688496	0.318415	0.928025	0.474033	0.452263	0.157241	0.877914	-0.045515	0.987123	-0.153354	-0.890722	0.029398	0.453596
22912	8.821463	-1.134097	1.725488	0.230923	0.908671	0.479061	0.460066	0.161754	0.873026	-0.049806	0.986419	-0.156516	-0.886487	0.028526	0.461874
22913	8.464168	-1.159430	1.755305	0.174097	0.894855	0.490695	0.467679	0.166469	0.868081	-0.053758	0.985644	-0.160051	-0.882262	0.028186	0.469914
