// General information: 
//  MT Manager version: 2022.2.0 
//  XDA version: 2022.2.0 build 7381 rev 124627 built on 2023-07-19
// Device information: 
//  DeviceId: 00B4CBA7
//  ProductCode: MTW2-3A7G6
//  Firmware Version: 4.6.0
//  Hardware Version: 2.0.0
// Device settings: 
//  Filter Profile: human(46.1)
//  Option Flags: Orientation Smoother Disabled, Position/Velocity Smoother Disabled, Continuous Zero Rotation Update Disabled, AHS Disabled, ICC Disabled
// Coordinate system: ENU
PacketCounter	Acc_X	Acc_Y	Acc_Z	Gyr_X	Gyr_Y	Gyr_Z	Mat[1][1]	Mat[2][1]	Mat[3][1]	Mat[1][2]	Mat[2][2]	Mat[3][2]	Mat[1][3]	Mat[2][3]	Mat[3][3]
26726	9.549262	-0.649299	-2.186924	-0.014800	-0.030774	0.016281	0.156747	0.160832	0.974455	0.903433	-0.421999	-0.075672	0.399049	0.892216	-0.211448
26727	9.548534	-0.650846	-2.189641	-0.006585	-0.024666	0.021020	0.156911	0.161170	0.974373	0.903815	-0.421140	-0.075888	0.398117	0.892561	-0.211749
26728	9.516414	-0.649367	-2.205456	-0.009047	-0.018232	0.019750	0.157140	0.161259	0.974322	0.903766	-0.421218	-0.076045	0.398139	0.892508	-0.211931
26729	9.515953	-0.650933	-2.206983	-0.022346	-0.011725	0.020425	0.157242	0.161466	0.974271	0.904042	-0.420596	-0.076202	0.397470	0.892764	-0.212107
26730	9.504555	-0.689506	-2.191803	-0.034064	-0.010720	0.017951	0.157425	0.161496	0.974236	0.903896	-0.420894	-0.076289	0.397729	0.892618	-0.212235
26731	9.513690	-0.768469	-2.146374	-0.022069	-0.008773	0.014670	0.157493	0.161794	0.974176	0.904276	-0.420053	-0.076428	0.396840	0.892960	-0.212461
26732	9.561136	-0.778451	-2.172149	-0.014765	-0.005936	0.012430	0.157607	0.161805	0.974156	0.904215	-0.420169	-0.076502	0.396932	0.892904	-0.212528
26733	9.567361	-0.767278	-2.140802	-0.007629	-0.000089	0.010917	0.157565	0.162077	0.974117	0.904765	-0.418959	-0.076639	0.395694	0.893423	-0.212655
26734	9.533204	-0.743147	-2.143407	0.001087	0.000256	0.006253	0.157599	0.162059	0.974115	0.904778	-0.418922	-0.076687	0.395651	0.893443	-0.212649
26735	9.511860	-0.694831	-2.082412	0.011842	0.001686	0.004671	0.157554	0.162191	0.974100	0.905121	-0.418165	-0.076771	0.394883	0.893774	-0.212686
26736	9.543417	-0.698773	-2.068328	0.009844	0.004802	0.004151	0.157551	0.162142	0.974109	0.905172	-0.418046	-0.076817	0.394767	0.893839	-0.212629
26737	9.540910	-0.677777	-2.056737	0.013001	0.003706	0.003335	0.157453	0.162529	0.974060	0.905938	-0.416357	-0.076969	0.393047	0.894556	-0.212798
26738	9.546839	-0.597770	-2.050689	0.010096	0.000289	0.003061	0.157458	0.162525	0.974060	0.905991	-0.416233	-0.077005	0.392921	0.894615	-0.212785
26739	9.529443	-0.647575	-2.065705	0.003113	0.004609	0.002109	0.157390	0.162561	0.974065	0.906157	-0.415871	-0.077013	0.392566	0.894777	-0.212760
26740	9.490737	-0.648482	-2.019772	0.016449	0.002297	0.003993	0.157396	0.162535	0.974068	0.906234	-0.415692	-0.077072	0.392385	0.894865	-0.212723
26741	9.549493	-0.621009	-2.060905	0.015289	0.000277	0.005328	0.157357	0.162820	0.974027	0.906776	-0.414483	-0.077207	0.391147	0.895373	-0.212863
26742	9.573289	-0.560339	-2.013771	0.010596	0.001170	0.006369	0.157389	0.162794	0.974026	0.906827	-0.414359	-0.077277	0.391016	0.895435	-0.212842
26743	9.546912	-0.600910	-2.049431	-0.002447	0.003171	0.005958	0.157331	0.163084	0.973987	0.907363	-0.413161	-0.077390	0.389793	0.895936	-0.212980
26744	9.486865	-0.684845	-2.061966	-0.002111	-0.002847	0.004507	0.157363	0.163102	0.973979	0.907368	-0.413147	-0.077415	0.389770	0.895939	-0.213008
26745	9.466802	-0.713363	-2.066163	0.015498	0.001468	0.007163	0.157333	0.163230	0.973962	0.907708	-0.412379	-0.077518	0.388988	0.896270	-0.213046
26746	9.509312	-0.680255	-2.068910	0.018905	-0.004143	0.005261	0.157376	0.163257	0.973951	0.907793	-0.412178	-0.077595	0.388773	0.896357	-0.213071
26747	9.551832	-0.646902	-2.071716	0.005402	0.001181	0.004102	0.157284	0.163457	0.973932	0.908224	-0.411216	-0.077657	0.387803	0.896763	-0.213133
26748	9.551783	-0.647692	-2.071693	0.014421	-0.002056	0.008136	0.157345	0.163454	0.973923	0.908287	-0.411059	-0.077753	0.387630	0.896835	-0.213141
26749	9.503985	-0.639346	-2.046969	0.007482	-0.003441	0.004261	0.157345	0.163540	0.973908	0.908420	-0.410758	-0.077790	0.387319	0.896957	-0.213194
26750	9.556710	-0.692205	-2.094296	0.000961	-0.002438	0.004055	0.157371	0.163557	0.973901	0.908437	-0.410714	-0.077817	0.387268	0.896974	-0.213216
26751	9.536687	-0.720627	-2.098283	0.020973	0.004407	0.003674	0.157262	0.163751	0.973886	0.908947	-0.409568	-0.077910	0.386115	0.897463	-0.213251
26752	9.549031	-0.629118	-2.060582	0.042822	-0.002031	0.006285	0.157307	0.163756	0.973878	0.909122	-0.409151	-0.078049	0.385683	0.897652	-0.213236
26753	9.566448	-0.581016	-2.045208	0.026624	0.001073	0.006687	0.157310	0.163787	0.973872	0.909317	-0.408699	-0.078147	0.385222	0.897852	-0.213227
26754	9.554964	-0.551015	-2.054427	0.012256	0.004071	0.008336	0.157350	0.163729	0.973876	0.909372	-0.408560	-0.078240	0.385077	0.897926	-0.213177
26755	9.525993	-0.570499	-2.078909	0.013007	0.000440	0.010559	0.157383	0.163875	0.973846	0.909686	-0.407832	-0.078386	0.384320	0.898231	-0.213261
26756	9.537425	-0.602799	-2.069251	0.006570	-0.000060	0.009991	0.157454	0.163847	0.973839	0.909716	-0.407746	-0.078483	0.384220	0.898275	-0.213256
26757	9.521146	-0.598083	-2.030729	0.004166	-0.002592	0.013028	0.157521	0.163948	0.973811	0.909904	-0.407301	-0.078612	0.383746	0.898458	-0.213336
26758	9.557619	-0.645955	-2.039313	-0.000526	-0.001695	0.014068	0.157636	0.163919	0.973798	0.909901	-0.407286	-0.078734	0.383708	0.898470	-0.213353
26759	9.517066	-0.634503	-2.073714	-0.003764	0.000910	0.015244	0.157732	0.163882	0.973788	0.909900	-0.407266	-0.078844	0.383670	0.898486	-0.213355
26760	9.515598	-0.691242	-2.127721	-0.007832	-0.004522	0.016311	0.157878	0.163869	0.973767	0.909865	-0.407320	-0.078972	0.383693	0.898464	-0.213405
26761	9.501779	-0.708294	-2.100493	0.005701	-0.002392	0.012801	0.157923	0.164055	0.973728	0.910196	-0.406551	-0.079123	0.382889	0.898778	-0.213525
26762	9.516984	-0.707204	-2.048260	0.018574	-0.001397	0.013935	0.158035	0.164023	0.973715	0.910266	-0.406362	-0.079285	0.382677	0.898869	-0.213524
26763	9.542921	-0.600645	-2.038843	0.016332	-0.006937	0.016249	0.158079	0.164322	0.973658	0.910798	-0.405125	-0.079501	0.381389	0.899373	-0.213706
26764	9.535480	-0.606102	-1.979978	0.003713	-0.002532	0.019505	0.158246	0.164279	0.973638	0.910803	-0.405078	-0.079686	0.381309	0.899402	-0.213728
26765	9.557841	-0.601714	-1.987430	-0.007085	-0.008148	0.018536	0.158363	0.164450	0.973590	0.911016	-0.404567	-0.079849	0.380751	0.899601	-0.213884
26766	9.512367	-0.615627	-1.974569	-0.011530	-0.011763	0.018493	0.158556	0.164494	0.973551	0.910964	-0.404656	-0.079991	0.380795	0.899553	-0.214008
26767	9.512015	-0.617150	-1.975787	-0.014603	-0.012167	0.018946	0.158707	0.164666	0.973497	0.911086	-0.404352	-0.080137	0.380440	0.899658	-0.214198
26768	9.521340	-0.636936	-2.047432	-0.010574	-0.014202	0.022549	0.158946	0.164716	0.973450	0.911032	-0.404438	-0.080320	0.380470	0.899610	-0.214345
26769	9.488562	-0.626974	-1.971878	-0.008420	-0.020333	0.022348	0.159110	0.165027	0.973371	0.911330	-0.403725	-0.080520	0.379687	0.899873	-0.214630
26770	9.517844	-0.618831	-2.039969	-0.030098	-0.016877	0.019021	0.159327	0.165115	0.973320	0.911207	-0.403981	-0.080628	0.379890	0.899742	-0.214819
26771	9.535962	-0.647795	-2.091511	-0.036986	-0.017313	0.024934	0.159548	0.165284	0.973255	0.911203	-0.403961	-0.080773	0.379807	0.899720	-0.215058
26772	9.497466	-0.657942	-2.138721	-0.028273	-0.016990	0.020264	0.159777	0.165368	0.973203	0.911085	-0.404202	-0.080896	0.379993	0.899597	-0.215247
26773	9.535126	-0.719156	-2.069465	-0.027368	-0.023635	0.021758	0.159987	0.165568	0.973135	0.911082	-0.404186	-0.081018	0.379913	0.899567	-0.215511
26774	9.496498	-0.729168	-2.117167	-0.028035	-0.021507	0.019176	0.160224	0.165698	0.973074	0.910966	-0.404423	-0.081131	0.380090	0.899437	-0.215743
26775	9.531479	-0.700346	-2.062900	-0.024459	-0.020228	0.022027	0.160446	0.165880	0.973006	0.910961	-0.404407	-0.081271	0.380009	0.899410	-0.215996
26776	9.519511	-0.670427	-2.074613	-0.028544	-0.022388	0.015868	0.160656	0.166031	0.972946	0.910849	-0.404643	-0.081351	0.380189	0.899276	-0.216237
26777	9.541715	-0.733862	-2.057951	-0.031114	-0.021912	0.019629	0.160773	0.166413	0.972861	0.911142	-0.403958	-0.081475	0.379436	0.899514	-0.216571
26778	9.493507	-0.725564	-2.035364	-0.034616	-0.024698	0.016414	0.160997	0.166582	0.972795	0.911007	-0.404249	-0.081547	0.379667	0.899352	-0.216840
26779	9.481494	-0.695135	-2.047476	-0.034832	-0.025890	0.014577	0.161164	0.166834	0.972724	0.910974	-0.404313	-0.081589	0.379673	0.899276	-0.217142
26780	9.509939	-0.677547	-2.025696	-0.041038	-0.030894	0.012925	0.161380	0.167073	0.972647	0.910820	-0.404656	-0.081613	0.379952	0.899077	-0.217477
26781	9.477670	-0.674355	-2.042578	-0.050556	-0.031785	0.012821	0.161569	0.167321	0.972573	0.910627	-0.405096	-0.081586	0.380334	0.898833	-0.217818
26782	9.515696	-0.742594	-2.065940	-0.058754	-0.033666	0.010654	0.161774	0.167595	0.972492	0.910408	-0.405594	-0.081549	0.380770	0.898558	-0.218194
26783	9.505987	-0.732461	-2.090026	-0.069315	-0.030604	0.006869	0.161845	0.168087	0.972395	0.910511	-0.405378	-0.081472	0.380494	0.898563	-0.218654
26784	9.512254	-0.727816	-2.152879	-0.070408	-0.034135	0.007834	0.162026	0.168376	0.972315	0.910253	-0.405975	-0.081381	0.381033	0.898239	-0.219044
26785	9.496039	-0.797664	-2.183441	-0.070769	-0.038021	0.003790	0.162094	0.168881	0.972217	0.910278	-0.405945	-0.081252	0.380945	0.898158	-0.219530
26786	9.495256	-0.796398	-2.187303	-0.071678	-0.031376	0.002314	0.162215	0.169167	0.972146	0.910024	-0.406544	-0.081105	0.381500	0.897833	-0.219894
26787	9.490313	-0.828371	-2.233855	-0.061060	-0.032664	-0.001498	0.162271	0.169581	0.972065	0.909947	-0.406748	-0.080943	0.381659	0.897663	-0.220313
26788	9.527824	-0.818728	-2.192076	-0.046932	-0.031174	-0.002092	0.162351	0.169883	0.971999	0.909795	-0.407117	-0.080807	0.381989	0.897438	-0.220655
26789	9.495608	-0.813733	-2.208855	-0.038517	-0.030518	-0.008248	0.162271	0.170374	0.971926	0.909966	-0.406770	-0.080622	0.381615	0.897502	-0.221042
26790	9.506445	-0.843328	-2.202675	-0.031204	-0.027690	-0.010498	0.162262	0.170680	0.971874	0.909887	-0.406983	-0.080439	0.381807	0.897348	-0.221337
26791	9.492193	-0.788500	-2.203402	-0.035838	-0.024999	-0.017021	0.162091	0.171143	0.971821	0.910060	-0.406648	-0.080177	0.381467	0.897412	-0.221664
26792	9.528222	-0.832299	-2.214893	-0.040925	-0.018981	-0.024274	0.161923	0.171427	0.971799	0.909966	-0.406924	-0.079839	0.381761	0.897232	-0.221883
26793	9.492109	-0.858816	-2.273606	-0.025316	-0.021472	-0.027682	0.161609	0.172105	0.971732	0.910484	-0.405820	-0.079548	0.380658	0.897602	-0.222283
26794	9.523530	-0.859280	-2.262077	-0.007021	-0.016035	-0.029703	0.161381	0.172385	0.971720	0.910529	-0.405782	-0.079232	0.380648	0.897566	-0.222447
26795	9.521089	-0.834710	-2.252148	0.010837	-0.012965	-0.035405	0.161008	0.172820	0.971705	0.910912	-0.404984	-0.078907	0.379889	0.897842	-0.222629
26796	9.534113	-0.739258	-2.214880	0.020847	-0.007900	-0.039217	0.160661	0.173065	0.971718	0.911078	-0.404679	-0.078561	0.379637	0.897933	-0.222692
26797	9.549549	-0.665304	-2.188630	0.017988	-0.007123	-0.036918	0.160245	0.173477	0.971713	0.911517	-0.403753	-0.078237	0.378760	0.898270	-0.222827
26798	9.515682	-0.636967	-2.191105	0.007555	-0.001375	-0.038468	0.159881	0.173661	0.971741	0.911631	-0.403567	-0.077869	0.378640	0.898318	-0.222837
26799	9.524971	-0.643091	-2.170757	0.001106	-0.001873	-0.039017	0.159454	0.174008	0.971749	0.911955	-0.402904	-0.077496	0.378036	0.898549	-0.222932
26800	9.543568	-0.666235	-2.220735	-0.000323	0.003910	-0.043789	0.159021	0.174165	0.971792	0.912048	-0.402779	-0.077059	0.377997	0.898574	-0.222897
26801	9.548140	-0.629053	-2.177280	0.003859	0.004549	-0.038001	0.158665	0.174209	0.971842	0.911995	-0.402974	-0.076659	0.378272	0.898478	-0.222816
26802	9.541898	-0.637156	-2.208362	0.013645	0.008437	-0.043656	0.158216	0.174325	0.971894	0.912140	-0.402724	-0.076254	0.378112	0.898568	-0.222726
26803	9.560003	-0.584212	-2.191736	0.017071	0.012722	-0.040069	0.157733	0.174406	0.971958	0.912344	-0.402335	-0.075865	0.377821	0.898727	-0.222580
26804	9.539901	-0.539988	-2.219912	0.017124	0.016915	-0.037493	0.157308	0.174420	0.972025	0.912491	-0.402064	-0.075527	0.377643	0.898845	-0.222405
26805	9.502051	-0.537594	-2.172351	0.015802	0.017895	-0.035424	0.156829	0.174612	0.972068	0.912912	-0.401166	-0.075224	0.376825	0.899209	-0.222319
26806	9.531714	-0.516396	-2.146023	0.011351	0.014268	-0.035472	0.156432	0.174641	0.972126	0.913034	-0.400950	-0.074893	0.376694	0.899300	-0.222175
26807	9.541344	-0.522973	-2.123883	0.004875	0.019459	-0.033078	0.155964	0.174715	0.972188	0.913295	-0.400416	-0.074556	0.376254	0.899523	-0.222017
26808	9.544402	-0.541719	-2.133347	0.002991	0.017780	-0.026737	0.155633	0.174678	0.972248	0.913372	-0.400290	-0.074291	0.376205	0.899586	-0.221845
26809	9.531537	-0.555341	-2.103897	0.013881	0.021914	-0.026138	0.155265	0.174663	0.972309	0.913555	-0.399918	-0.074043	0.375911	0.899755	-0.221658
26810	9.520190	-0.514423	-2.020089	0.028850	0.018310	-0.024899	0.154950	0.174614	0.972368	0.913726	-0.399562	-0.073853	0.375626	0.899922	-0.221461
26811	9.531521	-0.475229	-2.034774	0.022008	0.012132	-0.021916	0.154587	0.174744	0.972403	0.914099	-0.398744	-0.073662	0.374868	0.900260	-0.221374
26812	9.479955	-0.490287	-1.960228	0.014240	0.012601	-0.020401	0.154334	0.174728	0.972446	0.914208	-0.398528	-0.073484	0.374707	0.900359	-0.221244
26813	9.521319	-0.508963	-2.016145	-0.007141	0.009987	-0.025141	0.154133	0.174580	0.972504	0.913927	-0.399225	-0.073182	0.375472	0.900078	-0.221087
26814	9.502784	-0.610694	-2.084960	-0.022675	0.010924	-0.022112	0.153871	0.174586	0.972545	0.913900	-0.399339	-0.072905	0.375647	0.900027	-0.221000
26815	9.546800	-0.650603	-2.152037	-0.005345	0.015579	-0.020955	0.153653	0.174393	0.972614	0.913685	-0.399877	-0.072644	0.376257	0.899825	-0.220782
26816	9.547261	-0.648679	-2.150574	0.021623	0.013960	-0.023014	0.153371	0.174375	0.972662	0.913826	-0.399590	-0.072456	0.376032	0.899956	-0.220633
26817	9.537376	-0.561320	-2.104321	0.051483	0.008281	-0.020152	0.153047	0.174592	0.972674	0.914369	-0.398361	-0.072369	0.374840	0.900459	-0.220610
26818	9.545916	-0.501503	-2.108460	0.044179	0.005422	-0.017905	0.152844	0.174630	0.972699	0.914586	-0.397880	-0.072281	0.374395	0.900664	-0.220528
26819	9.547465	-0.445704	-2.053617	0.027193	0.004641	-0.015018	0.152622	0.174661	0.972728	0.914754	-0.397517	-0.072149	0.374074	0.900819	-0.220442
26820	9.554561	-0.440901	-2.112242	0.021175	0.006504	-0.011897	0.152470	0.174665	0.972751	0.914875	-0.397253	-0.072068	0.373840	0.900934	-0.220366
26821	9.547831	-0.444299	-2.052219	0.019851	0.007486	-0.009830	0.152276	0.174776	0.972762	0.915174	-0.396575	-0.072009	0.373188	0.901211	-0.220339
26822	9.538891	-0.434269	-2.072171	0.014470	0.003018	-0.006705	0.152184	0.174791	0.972773	0.915262	-0.396380	-0.071964	0.373009	0.901294	-0.220302
26823	9.491362	-0.425304	-2.046618	0.012205	0.003165	-0.001466	0.152140	0.174700	0.972797	0.915218	-0.396488	-0.071932	0.373135	0.901264	-0.220210
26824	9.470990	-0.445295	-1.959873	0.000551	-0.004827	0.000371	0.152142	0.174758	0.972786	0.915243	-0.396431	-0.071925	0.373073	0.901278	-0.220260
26825	9.521076	-0.475705	-1.996796	-0.014895	-0.005399	0.003029	0.152183	0.174731	0.972784	0.915081	-0.396811	-0.071881	0.373452	0.901116	-0.220280
26826	9.495316	-0.584160	-2.007809	-0.019122	-0.007840	0.004821	0.152237	0.174798	0.972764	0.915026	-0.396940	-0.071874	0.373565	0.901046	-0.220373
26827	9.533590	-0.583674	-2.054617	-0.005602	-0.013138	0.005933	0.152257	0.174881	0.972746	0.915036	-0.396919	-0.071865	0.373534	0.901039	-0.220456
26828	9.530703	-0.562676	-2.044691	0.003997	-0.013711	0.005662	0.152340	0.174998	0.972712	0.915066	-0.396841	-0.071917	0.373427	0.901051	-0.220590
26829	9.498760	-0.560344	-2.059534	0.014488	-0.015227	0.009803	0.152419	0.175182	0.972666	0.915235	-0.396431	-0.072021	0.372979	0.901196	-0.220756
26830	9.543410	-0.548734	-2.074982	0.012440	-0.016311	0.006723	0.152522	0.175318	0.972626	0.915295	-0.396279	-0.072102	0.372790	0.901236	-0.220909
26831	9.524815	-0.530490	-2.117618	0.003521	-0.017870	0.009572	0.152706	0.175324	0.972596	0.915086	-0.396750	-0.072156	0.373227	0.901028	-0.221022
26832	9.479344	-0.544278	-2.105329	0.007272	-0.019588	0.011687	0.152866	0.175469	0.972544	0.915119	-0.396653	-0.072274	0.373081	0.901042	-0.221210
26833	9.510488	-0.548486	-2.093694	0.003091	-0.020251	0.005896	0.152910	0.175735	0.972489	0.915294	-0.396241	-0.072314	0.372632	0.901172	-0.221439
26834	9.526021	-0.554922	-2.134158	-0.002792	-0.015691	0.011225	0.153052	0.175848	0.972447	0.915290	-0.396234	-0.072405	0.372584	0.901153	-0.221596
26835	9.532450	-0.551855	-2.195030	-0.006080	-0.017296	0.009848	0.153191	0.175946	0.972407	0.915193	-0.396451	-0.072444	0.372765	0.901038	-0.221757
26836	9.516098	-0.547238	-2.157794	-0.001042	-0.014294	0.012832	0.153342	0.176040	0.972366	0.915193	-0.396430	-0.072555	0.372703	0.901029	-0.221900
26837	9.524820	-0.558024	-2.138703	0.000577	-0.015592	0.012235	0.153559	0.175857	0.972365	0.914777	-0.397383	-0.072596	0.373635	0.900645	-0.221891
26838	9.538613	-0.611804	-2.142088	-0.001258	-0.015485	0.010994	0.153697	0.175968	0.972323	0.914779	-0.397362	-0.072688	0.373573	0.900633	-0.222045
26839	9.504072	-0.587925	-2.145786	-0.006248	-0.014287	0.010582	0.153809	0.175941	0.972310	0.914593	-0.397788	-0.072698	0.373983	0.900450	-0.222098
26840	9.537133	-0.545094	-2.170264	-0.011272	-0.007385	0.013110	0.153937	0.175971	0.972285	0.914554	-0.397861	-0.072789	0.374025	0.900412	-0.222180
26841	9.516912	-0.573943	-2.175236	-0.008117	-0.008476	0.012281	0.154054	0.175879	0.972283	0.914358	-0.398304	-0.072826	0.374456	0.900233	-0.222176
26842	9.532334	-0.572995	-2.123931	0.001139	-0.010521	0.018113	0.154239	0.175916	0.972247	0.914357	-0.398275	-0.072992	0.374381	0.900239	-0.222280
26843	9.538661	-0.562296	-2.093107	-0.008715	-0.007847	0.009339	0.154316	0.175938	0.972231	0.914290	-0.398425	-0.073019	0.374514	0.900168	-0.222342
26844	9.540939	-0.584679	-2.105179	-0.011190	-0.008889	0.012743	0.154446	0.175983	0.972202	0.914251	-0.398497	-0.073106	0.374554	0.900128	-0.222439
26845	9.552322	-0.617003	-2.096695	-0.002994	-0.006983	0.014896	0.154536	0.175999	0.972185	0.914253	-0.398477	-0.073189	0.374512	0.900133	-0.222486
26846	9.472900	-0.606141	-2.085629	-0.000996	-0.010101	0.015401	0.154695	0.176043	0.972151	0.914249	-0.398462	-0.073325	0.374457	0.900132	-0.222587
26847	9.476821	-0.582015	-2.134839	0.010086	-0.014677	0.012313	0.154846	0.175986	0.972138	0.914084	-0.398828	-0.073400	0.374798	0.899981	-0.222623
26848	9.532228	-0.525623	-2.075488	0.007365	-0.011206	0.016818	0.155022	0.176034	0.972101	0.914109	-0.398740	-0.073568	0.374665	0.900010	-0.222728
26849	9.511870	-0.555003	-2.080822	-0.005442	-0.013727	0.015361	0.155156	0.176035	0.972079	0.914020	-0.398929	-0.073646	0.374827	0.899926	-0.222795
26850	9.482441	-0.582189	-2.197966	-0.020084	-0.016139	0.012665	0.155312	0.176145	0.972035	0.913948	-0.399081	-0.073712	0.374937	0.899837	-0.222969
26851	9.521177	-0.650918	-2.219528	-0.016100	-0.009189	0.011969	0.155387	0.176153	0.972021	0.913879	-0.399233	-0.073742	0.375073	0.899768	-0.223018
26852	9.507471	-0.668025	-2.193015	0.014910	-0.012877	0.013450	0.155538	0.176230	0.971983	0.913937	-0.399072	-0.073894	0.374869	0.899825	-0.223134
26853	9.524669	-0.620305	-2.178698	0.022591	-0.011850	0.012291	0.155638	0.176314	0.971952	0.914063	-0.398758	-0.074033	0.374521	0.899947	-0.223224
26854	9.521867	-0.600256	-2.168498	0.015847	-0.012042	0.010278	0.155757	0.176396	0.971918	0.914129	-0.398583	-0.074156	0.374309	0.900009	-0.223331
26855	9.483304	-0.610035	-2.214428	0.007243	-0.006419	0.009966	0.155847	0.176320	0.971917	0.914005	-0.398859	-0.074201	0.374575	0.899901	-0.223318
26856	9.521432	-0.610515	-2.260949	0.007324	-0.007924	0.009598	0.155944	0.176368	0.971893	0.914041	-0.398760	-0.074299	0.374448	0.899936	-0.223392
26857	9.536984	-0.609459	-2.209468	0.017220	-0.008829	0.010779	0.156031	0.176297	0.971892	0.913962	-0.398927	-0.074367	0.374603	0.899876	-0.223374
26858	9.556768	-0.575269	-2.114946	0.020729	-0.006040	0.013989	0.156161	0.176310	0.971869	0.914041	-0.398715	-0.074537	0.374357	0.899967	-0.223418
26859	9.522406	-0.552231	-2.117830	0.023103	-0.010980	0.015597	0.156311	0.176286	0.971849	0.914047	-0.398671	-0.074699	0.374280	0.899991	-0.223451
26860	9.510548	-0.522743	-2.127914	0.006304	-0.007253	0.013139	0.156438	0.176314	0.971823	0.914073	-0.398588	-0.074828	0.374164	0.900023	-0.223518
26861	9.481157	-0.542240	-2.153066	-0.008062	-0.004265	0.014861	0.156533	0.176333	0.971805	0.914088	-0.398534	-0.074922	0.374086	0.900043	-0.223567
26862	9.519915	-0.611468	-2.173928	-0.006286	-0.008575	0.013528	0.156668	0.176370	0.971776	0.914066	-0.398565	-0.075027	0.374083	0.900022	-0.223656
26863	9.533684	-0.665470	-2.176551	0.003150	-0.006159	0.013970	0.156858	0.176217	0.971773	0.913823	-0.399101	-0.075133	0.374596	0.899814	-0.223633
26864	9.519450	-0.614316	-2.175162	0.011429	-0.005768	0.015747	0.157004	0.176220	0.971749	0.913864	-0.398977	-0.075299	0.374436	0.899869	-0.223682
26865	9.512520	-0.627827	-2.207409	0.007838	-0.007052	0.012905	0.157102	0.176081	0.971758	0.913711	-0.399314	-0.075363	0.374767	0.899746	-0.223620
26866	9.505597	-0.641175	-2.239642	0.001534	-0.004858	0.014569	0.157233	0.176080	0.971737	0.913717	-0.399277	-0.075495	0.374699	0.899763	-0.223667
26867	9.521283	-0.640429	-2.187657	0.013963	-0.000532	0.014910	0.157367	0.175932	0.971743	0.913618	-0.399477	-0.075629	0.374883	0.899703	-0.223599
26868	9.552792	-0.645523	-2.174360	0.015658	-0.003339	0.013944	0.157486	0.175920	0.971725	0.913677	-0.399312	-0.075787	0.374689	0.899779	-0.223621
26869	9.532031	-0.598300	-2.113234	0.015200	-0.000015	0.013207	0.157586	0.175687	0.971751	0.913496	-0.399710	-0.075874	0.375088	0.899648	-0.223478
26870	9.507008	-0.584502	-2.094914	0.007518	-0.001032	0.014371	0.157701	0.175652	0.971739	0.913524	-0.399619	-0.076018	0.374973	0.899695	-0.223483
26871	9.513523	-0.581999	-2.154527	-0.006449	-0.005558	0.014264	0.157824	0.175525	0.971742	0.913333	-0.400045	-0.076078	0.375387	0.899531	-0.223449
26872	9.477465	-0.605135	-2.120195	-0.007205	-0.001918	0.012056	0.157920	0.175508	0.971730	0.913309	-0.400083	-0.076166	0.375404	0.899517	-0.223474
26873	9.493095	-0.611982	-2.159409	-0.000226	-0.006251	0.012965	0.158008	0.175474	0.971721	0.913265	-0.400168	-0.076240	0.375474	0.899485	-0.223484
26874	9.533687	-0.626115	-2.126012	-0.007126	-0.003423	0.011689	0.158107	0.175472	0.971706	0.913242	-0.400205	-0.076325	0.375489	0.899470	-0.223523
26875	9.517696	-0.629590	-2.178467	0.007298	-0.002226	0.012533	0.158189	0.175335	0.971717	0.913139	-0.400425	-0.076401	0.375704	0.899399	-0.223448
26876	9.499365	-0.603602	-2.128736	0.004304	-0.004137	0.012633	0.158299	0.175335	0.971699	0.913157	-0.400361	-0.076521	0.375614	0.899427	-0.223485
26877	9.494822	-0.638431	-2.172139	-0.003001	-0.006972	0.014901	0.158401	0.175254	0.971697	0.913042	-0.400611	-0.076586	0.375851	0.899331	-0.223471
26878	9.476862	-0.689051	-2.187985	-0.001842	-0.004949	0.013564	0.158523	0.175257	0.971677	0.913035	-0.400604	-0.076701	0.375815	0.899334	-0.223521
26879	9.499168	-0.684026	-2.195656	0.004161	-0.006834	0.010429	0.158594	0.175056	0.971701	0.912797	-0.401144	-0.076712	0.376363	0.899132	-0.223410
26880	9.492303	-0.688995	-2.136954	0.013457	-0.007125	0.008664	0.158678	0.175098	0.971680	0.912856	-0.400991	-0.076813	0.376185	0.899192	-0.223468
26881	9.532371	-0.634778	-2.129342	0.017048	-0.005845	0.011503	0.158766	0.175087	0.971668	0.912890	-0.400891	-0.076925	0.376065	0.899239	-0.223483
26882	9.534546	-0.657546	-2.141077	0.008548	-0.007417	0.007893	0.158845	0.175135	0.971646	0.912931	-0.400782	-0.077007	0.375932	0.899278	-0.223548
26883	9.482099	-0.614104	-2.184752	0.006258	-0.003979	0.005918	0.158911	0.174940	0.971670	0.912684	-0.401345	-0.077006	0.376504	0.899065	-0.223443
26884	9.491567	-0.693038	-2.138914	0.006635	-0.005799	0.007022	0.158976	0.174977	0.971653	0.912719	-0.401252	-0.077075	0.376392	0.899099	-0.223494
26885	9.509535	-0.721141	-2.189392	0.014095	-0.005980	0.004019	0.158999	0.174779	0.971685	0.912496	-0.401765	-0.077048	0.376922	0.898909	-0.223365
26886	9.482547	-0.753615	-2.134746	0.032200	-0.010724	0.004397	0.159058	0.174870	0.971659	0.912631	-0.401438	-0.077149	0.376569	0.899038	-0.223443
26887	9.551891	-0.680960	-2.102877	0.042431	-0.010189	-0.000546	0.159042	0.174760	0.971681	0.912593	-0.401523	-0.077155	0.376669	0.899021	-0.223344
26888	9.478886	-0.588806	-2.085690	0.043326	-0.011134	0.003864	0.159097	0.174857	0.971655	0.912771	-0.401095	-0.077276	0.376214	0.899193	-0.223417
26889	9.480998	-0.611237	-2.097754	0.021861	-0.012186	-0.000446	0.159148	0.174874	0.971643	0.912732	-0.401180	-0.077295	0.376287	0.899152	-0.223460
26890	9.510008	-0.593382	-2.074433	0.026401	-0.015785	-0.003714	0.159152	0.175043	0.971612	0.912858	-0.400892	-0.077304	0.375980	0.899247	-0.223592
26891	9.523518	-0.646359	-2.077794	0.017638	-0.020320	-0.001568	0.159220	0.175133	0.971585	0.912796	-0.401033	-0.077297	0.376101	0.899167	-0.223713
26892	9.534126	-0.609526	-2.095994	0.032280	-0.017942	0.001097	0.159276	0.175302	0.971545	0.912936	-0.400702	-0.077366	0.375737	0.899282	-0.223861
26893	9.508830	-0.594722	-2.079447	0.027604	-0.022752	-0.000763	0.159358	0.175395	0.971515	0.912892	-0.400799	-0.077383	0.375810	0.899220	-0.223987
26894	9.485819	-0.601508	-2.074380	0.034498	-0.025587	0.000509	0.159437	0.175635	0.971459	0.913041	-0.400447	-0.077451	0.375414	0.899330	-0.224208
26895	9.527895	-0.568390	-2.080087	0.035027	-0.030420	0.000886	0.159471	0.175767	0.971429	0.913056	-0.400414	-0.077439	0.375363	0.899319	-0.224340
26896	9.504679	-0.575429	-2.075902	0.035931	-0.037072	0.002371	0.159610	0.176102	0.971346	0.913207	-0.400053	-0.077529	0.374937	0.899414	-0.224670
26897	9.515467	-0.607280	-2.069654	0.022214	-0.032914	-0.000535	0.159706	0.176281	0.971298	0.913158	-0.400167	-0.077520	0.375016	0.899328	-0.224881
26898	9.444553	-0.613023	-2.130950	0.021054	-0.034935	0.000807	0.159823	0.176603	0.971220	0.913255	-0.399937	-0.077561	0.374729	0.899367	-0.225202
26899	9.477788	-0.638775	-2.132047	0.029783	-0.037882	0.003309	0.160001	0.176717	0.971170	0.913103	-0.400277	-0.077599	0.375024	0.899194	-0.225405
26900	9.460864	-0.642264	-2.187685	0.031468	-0.040696	0.002345	0.160153	0.177084	0.971078	0.913236	-0.399957	-0.077679	0.374633	0.899264	-0.225774
26901	9.482863	-0.628660	-2.107876	0.034132	-0.045954	0.005428	0.160312	0.177488	0.970978	0.913391	-0.399587	-0.077762	0.374189	0.899349	-0.226175
26902	9.513552	-0.633174	-2.098861	0.023082	-0.047050	0.005619	0.160517	0.177900	0.970869	0.913488	-0.399348	-0.077855	0.373865	0.899373	-0.226611
26903	9.512478	-0.634222	-2.103404	0.025143	-0.051684	0.005762	0.160724	0.178223	0.970775	0.913449	-0.399427	-0.077903	0.373870	0.899275	-0.226995
26904	9.531548	-0.607560	-2.104291	0.026598	-0.049980	0.005884	0.160943	0.178659	0.970659	0.913558	-0.399157	-0.078006	0.373509	0.899308	-0.227457
26905	9.512562	-0.658065	-2.123798	0.026670	-0.051490	0.005521	0.161097	0.179143	0.970544	0.913738	-0.398732	-0.078070	0.373002	0.899400	-0.227924
26906	9.490610	-0.618507	-2.158540	0.032954	-0.053707	0.003838	0.161310	0.179621	0.970420	0.913874	-0.398402	-0.078168	0.372576	0.899451	-0.228418
26907	9.495625	-0.616029	-2.222939	0.032796	-0.056415	0.001642	0.161526	0.179933	0.970326	0.913780	-0.398612	-0.078196	0.372713	0.899296	-0.228806
26908	9.516837	-0.611061	-2.235321	0.035087	-0.054135	0.006533	0.161765	0.180404	0.970199	0.913919	-0.398267	-0.078325	0.372268	0.899354	-0.229301
26909	9.502432	-0.627917	-2.212352	0.037543	-0.053119	0.003110	0.161964	0.180819	0.970089	0.913998	-0.398071	-0.078401	0.371988	0.899357	-0.229742
26910	9.489696	-0.598021	-2.226490	0.037694	-0.050417	0.005301	0.162178	0.181262	0.969970	0.914149	-0.397701	-0.078524	0.371525	0.899432	-0.230199
26911	9.490766	-0.620892	-2.242249	0.025186	-0.053216	0.005400	0.162387	0.181595	0.969873	0.914115	-0.397769	-0.078575	0.371516	0.899335	-0.230591
26912	9.469317	-0.649548	-2.250901	0.023186	-0.055816	0.001979	0.162591	0.182099	0.969744	0.914216	-0.397524	-0.078633	0.371178	0.899341	-0.231112
26913	9.470653	-0.594808	-2.202426	0.031156	-0.055131	0.002235	0.162792	0.182461	0.969643	0.914201	-0.397551	-0.078676	0.371127	0.899256	-0.231524
26914	9.465571	-0.620920	-2.159410	0.032667	-0.062407	0.006668	0.163063	0.183005	0.969494	0.914330	-0.397230	-0.078802	0.370691	0.899287	-0.232101
26915	9.504194	-0.643661	-2.222463	0.006679	-0.059838	0.005764	0.163285	0.183502	0.969363	0.914351	-0.397174	-0.078833	0.370540	0.899211	-0.232638
26916	9.468764	-0.619820	-2.230137	0.037870	-0.062436	0.008864	0.163575	0.184038	0.969213	0.914495	-0.396811	-0.078993	0.370056	0.899262	-0.233210
26917	9.456929	-0.581326	-2.154741	0.038226	-0.069986	0.007059	0.163888	0.184510	0.969070	0.914488	-0.396805	-0.079106	0.369936	0.899167	-0.233763
26918	9.455343	-0.582759	-2.161303	0.019818	-0.072380	0.009996	0.164225	0.185130	0.968895	0.914563	-0.396607	-0.079235	0.369602	0.899127	-0.234446
26919	9.471094	-0.611731	-2.218168	0.011365	-0.075472	0.006094	0.164562	0.185656	0.968737	0.914449	-0.396858	-0.079283	0.369732	0.898908	-0.235081
26920	9.477358	-0.630950	-2.295522	-0.004568	-0.071120	0.008524	0.164880	0.186271	0.968565	0.914436	-0.396877	-0.079340	0.369623	0.898772	-0.235770
26921	9.491598	-0.706113	-2.314944	-0.007569	-0.073032	0.008655	0.165130	0.186732	0.968433	0.914280	-0.397245	-0.079300	0.369897	0.898514	-0.236323
26922	9.462317	-0.746813	-2.356780	0.010964	-0.073671	0.004965	0.165426	0.187383	0.968257	0.914330	-0.397118	-0.079359	0.369642	0.898435	-0.237024
26923	9.493193	-0.673799	-2.286576	0.039904	-0.080085	0.002746	0.165731	0.187919	0.968101	0.914293	-0.397190	-0.079421	0.369596	0.898291	-0.237640
26924	9.507338	-0.603849	-2.268390	0.032020	-0.076556	0.005065	0.166038	0.188595	0.967917	0.914420	-0.396875	-0.079531	0.369143	0.898288	-0.238352
26925	9.506004	-0.489863	-2.339371	0.001367	-0.073059	0.005361	0.166301	0.189033	0.967786	0.914237	-0.397306	-0.079496	0.369480	0.898006	-0.238893
26926	9.527806	-0.583073	-2.429242	-0.021551	-0.070079	0.004060	0.166575	0.189655	0.967618	0.914167	-0.397471	-0.079469	0.369528	0.897802	-0.239585
26927	9.457058	-0.610192	-2.503688	-0.014413	-0.064253	0.002419	0.166807	0.190001	0.967510	0.913896	-0.398112	-0.079381	0.370095	0.897444	-0.240049
26928	9.456399	-0.678417	-2.483177	-0.006893	-0.060244	0.001885	0.167024	0.190542	0.967366	0.913884	-0.398142	-0.079368	0.370026	0.897316	-0.240633
26929	9.465623	-0.641508	-2.505869	-0.004565	-0.057954	0.006757	0.167270	0.190819	0.967269	0.913649	-0.398686	-0.079347	0.370496	0.897016	-0.241029
26930	9.491925	-0.632546	-2.578273	-0.019644	-0.051266	0.006418	0.167496	0.191261	0.967142	0.913581	-0.398840	-0.079346	0.370559	0.896853	-0.241536
26931	9.481136	-0.592862	-2.501417	-0.000522	-0.045282	0.008880	0.167702	0.191420	0.967075	0.913366	-0.399332	-0.079345	0.370996	0.896600	-0.241806
26932	9.484256	-0.606106	-2.425823	-0.010729	-0.044038	0.006350	0.167900	0.191797	0.966966	0.913332	-0.399407	-0.079365	0.370991	0.896487	-0.242235
26933	9.492742	-0.615504	-2.409745	-0.039708	-0.043355	0.005745	0.168096	0.191957	0.966900	0.912966	-0.400265	-0.079256	0.371802	0.896070	-0.242533
26934	9.518261	-0.652226	-2.443513	-0.051790	-0.034758	0.005278	0.168251	0.192254	0.966814	0.912780	-0.400706	-0.079166	0.372188	0.895809	-0.242905
26935	9.489634	-0.691409	-2.481583	-0.052380	-0.028410	0.005256	0.168389	0.192285	0.966784	0.912370	-0.401666	-0.079024	0.373130	0.895372	-0.243071
26936	9.471744	-0.692976	-2.536519	-0.064304	-0.030075	0.000794	0.168486	0.192558	0.966713	0.912144	-0.402211	-0.078860	0.373638	0.895068	-0.243408
26937	9.518842	-0.769088	-2.539656	-0.065906	-0.021286	-0.003263	0.168512	0.192539	0.966712	0.911682	-0.403310	-0.078593	0.374753	0.894578	-0.243497
26938	9.495795	-0.803396	-2.636014	-0.058244	-0.012810	-0.009199	0.168453	0.192697	0.966691	0.911494	-0.403782	-0.078346	0.375235	0.894331	-0.243661
26939	9.473272	-0.807096	-2.629652	-0.049568	-0.006775	-0.011096	0.168269	0.192573	0.966748	0.911155	-0.404615	-0.077995	0.376141	0.893981	-0.243548
26940	9.478825	-0.771079	-2.587585	-0.030295	0.003680	-0.014036	0.168104	0.192603	0.966770	0.911080	-0.404828	-0.077769	0.376397	0.893878	-0.243530
26941	9.450541	-0.709767	-2.546320	-0.036539	0.006148	-0.020246	0.167852	0.192503	0.966834	0.910855	-0.405400	-0.077416	0.377052	0.893640	-0.243390
26942	9.458439	-0.694785	-2.514373	-0.033926	0.009879	-0.021491	0.167596	0.192508	0.966878	0.910778	-0.405632	-0.077109	0.377352	0.893534	-0.243315
26943	9.450549	-0.720343	-2.405907	-0.044073	0.009612	-0.024375	0.167264	0.192347	0.966967	0.910505	-0.406327	-0.076671	0.378157	0.893253	-0.243096
26944	9.462723	-0.747781	-2.395990	-0.051923	0.013389	-0.029968	0.166917	0.192355	0.967026	0.910373	-0.406704	-0.076239	0.378628	0.893080	-0.243001
26945	9.418781	-0.725965	-2.277761	-0.019002	0.008235	-0.035999	0.166557	0.192248	0.967109	0.910161	-0.407263	-0.075791	0.379297	0.892848	-0.242808
26946	9.438482	-0.741223	-2.236453	-0.028341	0.010045	-0.033754	0.166188	0.192301	0.967162	0.910124	-0.407422	-0.075379	0.379548	0.892764	-0.242726
26947	9.425028	-0.684295	-2.234179	-0.030340	0.000214	-0.040463	0.165753	0.192314	0.967234	0.909947	-0.407918	-0.074830	0.380161	0.892535	-0.242609
26948	9.398742	-0.642599	-2.204362	-0.027839	-0.000269	-0.044268	0.165328	0.192502	0.967269	0.909928	-0.408053	-0.074318	0.380391	0.892432	-0.242626
26949	9.420334	-0.678360	-2.175513	-0.024674	-0.008610	-0.048438	0.164888	0.192644	0.967316	0.909777	-0.408497	-0.073727	0.380942	0.892199	-0.242619
26950	9.440568	-0.645105	-2.173539	-0.040538	-0.018758	-0.052515	0.164459	0.193031	0.967312	0.909723	-0.408730	-0.073104	0.381258	0.892008	-0.242824
26951	9.456577	-0.713251	-2.188999	-0.049336	-0.021546	-0.057856	0.163957	0.193442	0.967315	0.909618	-0.409093	-0.072368	0.381723	0.891753	-0.243032
26952	9.433128	-0.789602	-2.248981	-0.037041	-0.027153	-0.063181	0.163463	0.193948	0.967297	0.909594	-0.409274	-0.071650	0.381993	0.891560	-0.243315
26953	9.440249	-0.800576	-2.322807	-0.018154	-0.035270	-0.068787	0.162988	0.194447	0.967277	0.909500	-0.409612	-0.070910	0.382420	0.891296	-0.243611
26954	9.438549	-0.725424	-2.352035	0.002793	-0.035061	-0.068045	0.162479	0.195043	0.967243	0.909635	-0.409428	-0.070242	0.382316	0.891250	-0.243942
26955	9.488135	-0.672768	-2.328088	0.013023	-0.036020	-0.073488	0.161901	0.195623	0.967223	0.909762	-0.409270	-0.069507	0.382258	0.891196	-0.244231
26956	9.476486	-0.587938	-2.377749	0.012912	-0.040243	-0.076061	0.161339	0.196297	0.967180	0.909948	-0.408979	-0.068787	0.382053	0.891181	-0.244605
26957	9.432038	-0.546587	-2.403027	0.015330	-0.039212	-0.079505	0.160753	0.196944	0.967146	0.910081	-0.408810	-0.068020	0.381983	0.891116	-0.244952
26958	9.448764	-0.536788	-2.355044	0.015147	-0.041927	-0.081711	0.160146	0.197656	0.967101	0.910283	-0.408488	-0.067251	0.381756	0.891106	-0.245341
26959	9.431164	-0.502370	-2.308716	0.024298	-0.046674	-0.078224	0.159563	0.198199	0.967087	0.910323	-0.408525	-0.066472	0.381905	0.890968	-0.245611
26960	9.418382	-0.464488	-2.322315	0.014032	-0.051471	-0.075713	0.159047	0.198972	0.967013	0.910510	-0.408224	-0.065758	0.381674	0.890934	-0.246093
26961	9.445388	-0.370671	-2.329588	0.011180	-0.056427	-0.076309	0.158522	0.199767	0.966935	0.910652	-0.408030	-0.064997	0.381554	0.890845	-0.246600
26962	9.436453	-0.422759	-2.329296	-0.005431	-0.057539	-0.071666	0.158066	0.200576	0.966843	0.910758	-0.407909	-0.064274	0.381492	0.890719	-0.247153
26963	9.427866	-0.427898	-2.366166	-0.013496	-0.056776	-0.071488	0.157575	0.201269	0.966779	0.910727	-0.408101	-0.063479	0.381767	0.890474	-0.247608
26964	9.429217	-0.395831	-2.420279	0.007012	-0.066383	-0.069814	0.157169	0.202149	0.966661	0.910876	-0.407872	-0.062804	0.381579	0.890380	-0.248238
26965	9.472604	-0.393946	-2.303128	0.016751	-0.070220	-0.063042	0.156806	0.203011	0.966539	0.911024	-0.407637	-0.062180	0.381374	0.890291	-0.248868
26966	9.481889	-0.273979	-2.261760	-0.003163	-0.072977	-0.059697	0.156517	0.203909	0.966397	0.911118	-0.407519	-0.061578	0.381269	0.890140	-0.249569
26967	9.445372	-0.273367	-2.371890	-0.038132	-0.070676	-0.056948	0.156222	0.204753	0.966267	0.911042	-0.407794	-0.060881	0.381572	0.889821	-0.250245
26968	9.423186	-0.371716	-2.447441	-0.061205	-0.078095	-0.055644	0.155989	0.205679	0.966107	0.910908	-0.408199	-0.060173	0.381988	0.889421	-0.251029
26969	9.398608	-0.448341	-2.512182	-0.053239	-0.077352	-0.055480	0.155771	0.206583	0.965950	0.910748	-0.408657	-0.059471	0.382457	0.889001	-0.251802
26970	9.421404	-0.457046	-2.538732	-0.037290	-0.075849	-0.055151	0.155535	0.207487	0.965794	0.910704	-0.408850	-0.058828	0.382659	0.888702	-0.252550
26971	9.467108	-0.383046	-2.507782	-0.031625	-0.071927	-0.048966	0.155316	0.208330	0.965648	0.910659	-0.409035	-0.058225	0.382854	0.888419	-0.253247
26972	9.457809	-0.389621	-2.546080	-0.036632	-0.070759	-0.049284	0.155114	0.209164	0.965500	0.910607	-0.409233	-0.057640	0.383058	0.888132	-0.253945
26973	9.439438	-0.356946	-2.502321	-0.041234	-0.071413	-0.048505	0.154933	0.209973	0.965353	0.910473	-0.409619	-0.057029	0.383452	0.887764	-0.254638
26974	9.437823	-0.351056	-2.509236	-0.059147	-0.071350	-0.049656	0.154731	0.210814	0.965203	0.910335	-0.410014	-0.056382	0.383861	0.887381	-0.255353
26975	9.428784	-0.403903	-2.510802	-0.074464	-0.073524	-0.047042	0.154554	0.211664	0.965045	0.910110	-0.410607	-0.055697	0.384465	0.886905	-0.256099
26976	9.425241	-0.423204	-2.469665	-0.071572	-0.070082	-0.046830	0.154374	0.212482	0.964894	0.909919	-0.411118	-0.055045	0.384989	0.886472	-0.256808
26977	9.403863	-0.445214	-2.480174	-0.073753	-0.075686	-0.044499	0.154208	0.213335	0.964732	0.909702	-0.411686	-0.054374	0.385566	0.886004	-0.257557
26978	9.412296	-0.448292	-2.467669	-0.073674	-0.078451	-0.053210	0.154003	0.214254	0.964561	0.909512	-0.412200	-0.053654	0.386096	0.885543	-0.258346
26979	9.435026	-0.456573	-2.494656	-0.063584	-0.076583	-0.050033	0.153806	0.215169	0.964389	0.909361	-0.412623	-0.052967	0.386532	0.885124	-0.259130
26980	9.411269	-0.456683	-2.494179	-0.066055	-0.077386	-0.054541	0.153586	0.216084	0.964220	0.909201	-0.413065	-0.052253	0.386995	0.884695	-0.259904
26981	9.365410	-0.463231	-2.485867	-0.056582	-0.082124	-0.057636	0.153335	0.217065	0.964039	0.909080	-0.413425	-0.051506	0.387378	0.884286	-0.260722
26982	9.383991	-0.475597	-2.454016	-0.047966	-0.087706	-0.057544	0.153128	0.218083	0.963842	0.908995	-0.413700	-0.050809	0.387661	0.883908	-0.261585
26983	9.415178	-0.395542	-2.385083	-0.033826	-0.093286	-0.061823	0.152883	0.219177	0.963633	0.908966	-0.413851	-0.050080	0.387824	0.883566	-0.262496
26984	9.450939	-0.358390	-2.339679	-0.046628	-0.101964	-0.058012	0.152727	0.220323	0.963396	0.908886	-0.414110	-0.049381	0.388073	0.883159	-0.263494
26985	9.409981	-0.334546	-2.440771	-0.069061	-0.099648	-0.064034	0.152490	0.221496	0.963165	0.908734	-0.414543	-0.048542	0.388521	0.882663	-0.264495
26986	9.366089	-0.361527	-2.445665	-0.077675	-0.101349	-0.067471	0.152248	0.222675	0.962931	0.908547	-0.415054	-0.047669	0.389054	0.882126	-0.265501
26987	9.342130	-0.410251	-2.561597	-0.058723	-0.110776	-0.073728	0.151960	0.223994	0.962671	0.908461	-0.415345	-0.046761	0.389366	0.881655	-0.266605
26988	9.362662	-0.442360	-2.543940	-0.055534	-0.113372	-0.075035	0.151696	0.225309	0.962405	0.908371	-0.415641	-0.045873	0.389680	0.881180	-0.267716
26989	9.444630	-0.461279	-2.641976	-0.043246	-0.113106	-0.077584	0.151382	0.226656	0.962138	0.908346	-0.415795	-0.044968	0.389861	0.880762	-0.268826
26990	9.432473	-0.367292	-2.606962	-0.030382	-0.117682	-0.079818	0.151092	0.228029	0.961860	0.908360	-0.415857	-0.044101	0.389939	0.880378	-0.269965
26991	9.430716	-0.332760	-2.666099	-0.036107	-0.115927	-0.083019	0.150742	0.229435	0.961580	0.908379	-0.415914	-0.043164	0.390031	0.879986	-0.271109
