// General information: 
//  MT Manager version: 2022.2.0 
//  XDA version: 2022.2.0 build 7381 rev 124627 built on 2023-07-19
// Device information: 
//  DeviceId: 00B4CB9F
//  ProductCode: MTW2-3A7G6
//  Firmware Version: 4.6.0
//  Hardware Version: 2.0.0
// Device settings: 
//  Filter Profile: human(46.1)
//  Option Flags: Orientation Smoother Disabled, Position/Velocity Smoother Disabled, Continuous Zero Rotation Update Disabled, AHS Disabled, ICC Disabled
// Coordinate system: ENU
PacketCounter	Acc_X	Acc_Y	Acc_Z	Gyr_X	Gyr_Y	Gyr_Z	Mat[1][1]	Mat[2][1]	Mat[3][1]	Mat[1][2]	Mat[2][2]	Mat[3][2]	Mat[1][3]	Mat[2][3]	Mat[3][3]
26968	9.805927	1.368876	-0.360397	0.051846	0.002830	-0.012406	-0.018530	-0.116082	0.993067	-0.199187	0.973756	0.110108	-0.979786	-0.195766	-0.041166
26969	9.745329	1.389814	-0.426180	0.000792	0.001455	-0.015404	-0.018542	-0.116196	0.993053	-0.199183	0.973744	0.110218	-0.979787	-0.195756	-0.041199
26970	9.704689	1.311813	-0.758180	-0.013209	-0.008414	-0.015773	-0.018598	-0.116428	0.993025	-0.199339	0.973689	0.110428	-0.979754	-0.195894	-0.041318
26971	9.882112	1.227900	-0.838512	-0.061780	-0.003922	-0.010597	-0.018672	-0.116506	0.993014	-0.198721	0.973805	0.110515	-0.979878	-0.195269	-0.041335
26972	9.699924	0.914561	-0.846207	-0.090911	0.005128	-0.005702	-0.018711	-0.116487	0.993016	-0.198370	0.973878	0.110504	-0.979949	-0.194917	-0.041330
26973	9.576440	0.901761	-0.837193	-0.021548	-0.023953	-0.012201	-0.018978	-0.116619	0.992995	-0.198147	0.973913	0.110591	-0.979989	-0.194661	-0.041590
26974	9.626954	0.978539	-0.882706	0.019050	-0.044600	-0.006118	-0.019600	-0.116572	0.992989	-0.199133	0.973736	0.110381	-0.979776	-0.195574	-0.042299
26975	9.709306	1.069195	-0.681933	0.016621	-0.048325	-0.003260	-0.020124	-0.116665	0.992967	-0.199284	0.973707	0.110363	-0.979735	-0.195661	-0.042844
26976	9.743331	1.080037	-0.414812	-0.010234	-0.044813	-0.002008	-0.020601	-0.116815	0.992940	-0.198617	0.973834	0.110446	-0.979861	-0.194940	-0.043264
26977	9.832291	0.911350	-0.206569	-0.004256	-0.043748	-0.003679	-0.021079	-0.116903	0.992920	-0.198563	0.973846	0.110441	-0.979861	-0.194829	-0.043740
26978	9.839159	0.900066	-0.138535	0.026840	-0.034289	-0.003961	-0.021476	-0.117026	0.992897	-0.198438	0.973865	0.110491	-0.979878	-0.194656	-0.044137
26979	9.828407	1.110341	-0.032389	0.040768	-0.025426	-0.009890	-0.021762	-0.117139	0.992877	-0.198826	0.973782	0.110528	-0.979793	-0.195005	-0.044482
26980	9.769019	1.287533	-0.099250	0.019680	-0.000342	-0.014694	-0.021770	-0.117296	0.992858	-0.199768	0.973577	0.110638	-0.979601	-0.195933	-0.044626
26981	9.701064	1.331769	-0.159936	-0.008376	0.009672	-0.019012	-0.021693	-0.117429	0.992844	-0.199676	0.973579	0.110787	-0.979622	-0.195844	-0.044568
26982	9.745583	1.261040	-0.249121	-0.030840	0.014131	-0.020916	-0.021555	-0.117619	0.992825	-0.199941	0.973501	0.110988	-0.979571	-0.196114	-0.044501
26983	9.714131	1.088448	-0.471049	-0.033108	0.018528	-0.022002	-0.021386	-0.117763	0.992811	-0.199609	0.973548	0.111179	-0.979642	-0.195796	-0.044327
26984	9.672500	1.045182	-0.572154	-0.021845	0.007303	-0.015636	-0.021306	-0.117897	0.992797	-0.200348	0.973383	0.111292	-0.979493	-0.196534	-0.044359
26985	9.640046	0.997299	-0.502039	-0.006565	-0.001217	-0.015379	-0.021344	-0.118016	0.992782	-0.200275	0.973385	0.111404	-0.979507	-0.196451	-0.044411
26986	9.683817	1.028976	-0.452227	0.002288	-0.008931	-0.017923	-0.021476	-0.118166	0.992762	-0.200704	0.973285	0.111506	-0.979416	-0.196857	-0.044619
26987	9.729904	1.056678	-0.379075	0.010757	-0.012627	-0.013898	-0.021628	-0.118293	0.992743	-0.200800	0.973255	0.111596	-0.979394	-0.196929	-0.044803
26988	9.738468	1.122589	-0.296382	0.006446	-0.014841	-0.013938	-0.021830	-0.118417	0.992724	-0.201560	0.973093	0.111643	-0.979233	-0.197656	-0.045111
26989	9.721451	1.185033	-0.236945	-0.003537	-0.020886	-0.015659	-0.022060	-0.118578	0.992700	-0.201517	0.973089	0.111757	-0.979237	-0.197580	-0.045362
26990	9.739743	1.201655	-0.288227	-0.008757	-0.026591	-0.012869	-0.022500	-0.118573	0.992690	-0.201455	0.973112	0.111668	-0.979239	-0.197469	-0.045782
26991	9.776501	1.233664	-0.388361	-0.025551	-0.019450	-0.017839	-0.022711	-0.118751	0.992664	-0.201196	0.973148	0.111814	-0.979288	-0.197181	-0.045994
26992	9.720317	1.236130	-0.483762	-0.039168	-0.021585	-0.017533	-0.023052	-0.118805	0.992650	-0.201387	0.973112	0.111790	-0.979240	-0.197330	-0.046358
26993	9.689593	1.253611	-0.479720	-0.051878	-0.020231	-0.020055	-0.023267	-0.119007	0.992621	-0.200872	0.973197	0.111970	-0.979341	-0.196785	-0.046548
26994	9.710784	1.187079	-0.494235	-0.059900	-0.018414	-0.019605	-0.023380	-0.119301	0.992583	-0.200597	0.973222	0.112249	-0.979395	-0.196484	-0.046685
26995	9.671263	1.151085	-0.497426	-0.061797	-0.014641	-0.013000	-0.023554	-0.119423	0.992564	-0.199983	0.973335	0.112364	-0.979516	-0.195849	-0.046808
26996	9.753367	1.063979	-0.446276	-0.057033	-0.014303	-0.008494	-0.023766	-0.119485	0.992552	-0.200357	0.973258	0.112365	-0.979435	-0.196194	-0.047070
26997	9.779526	0.988658	-0.412374	-0.039563	-0.008065	-0.013233	-0.023875	-0.119596	0.992536	-0.199961	0.973327	0.112472	-0.979513	-0.195784	-0.047153
26998	9.793783	0.943969	-0.421463	-0.003633	0.001655	-0.007475	-0.024001	-0.119554	0.992538	-0.200182	0.973291	0.112395	-0.979465	-0.195990	-0.047292
26999	9.774541	0.998636	-0.460355	0.022544	0.001572	-0.013095	-0.024016	-0.119644	0.992526	-0.200395	0.973238	0.112470	-0.979421	-0.196196	-0.047349
27000	9.754480	1.133863	-0.510972	0.020804	0.001710	-0.017673	-0.024030	-0.119804	0.992507	-0.200808	0.973138	0.112604	-0.979336	-0.196597	-0.047442
27001	9.711916	1.170849	-0.625370	0.002421	-0.000774	-0.021875	-0.024050	-0.119985	0.992484	-0.200826	0.973114	0.112776	-0.979332	-0.196605	-0.047500
27002	9.664437	1.237998	-0.635336	-0.018977	-0.012118	-0.019001	-0.024210	-0.120158	0.992459	-0.200646	0.973134	0.112924	-0.979365	-0.196399	-0.047669
27003	9.643336	1.217336	-0.687875	-0.024190	-0.017832	-0.016218	-0.024409	-0.120318	0.992435	-0.200403	0.973169	0.113053	-0.979409	-0.196127	-0.047867
27004	9.659799	1.180346	-0.598259	-0.047405	-0.027791	-0.014705	-0.024647	-0.120540	0.992402	-0.200295	0.973171	0.113230	-0.979426	-0.195982	-0.048129
27005	9.667533	1.089707	-0.517278	-0.038620	-0.033112	-0.009303	-0.025009	-0.120662	0.992379	-0.199908	0.973242	0.113297	-0.979495	-0.195551	-0.048461
27006	9.725734	1.074831	-0.478594	-0.027052	-0.026944	-0.006076	-0.025238	-0.120860	0.992349	-0.200020	0.973203	0.113441	-0.979467	-0.195626	-0.048736
27007	9.828872	1.009692	-0.377767	-0.009510	-0.020817	-0.009279	-0.025480	-0.120957	0.992331	-0.199919	0.973217	0.113494	-0.979481	-0.195493	-0.048979
27008	9.879982	1.017658	-0.333248	0.009608	-0.003943	-0.008471	-0.025463	-0.121116	0.992312	-0.200486	0.973085	0.113624	-0.979366	-0.196051	-0.049059
27009	9.806918	1.069443	-0.441630	0.022441	0.011230	-0.016892	-0.025376	-0.121225	0.992301	-0.200699	0.973028	0.113738	-0.979324	-0.196268	-0.049021
27010	9.869082	1.105741	-0.515988	0.033029	0.011782	-0.021892	-0.025215	-0.121441	0.992278	-0.201679	0.972803	0.113933	-0.979127	-0.197249	-0.049021
27011	9.775218	1.146617	-0.598392	0.028932	0.018690	-0.019569	-0.025049	-0.121562	0.992268	-0.201957	0.972729	0.114070	-0.979074	-0.197538	-0.048916
27012	9.691001	1.149488	-0.737741	0.026824	0.012200	-0.020074	-0.025119	-0.121567	0.992265	-0.202024	0.972716	0.114058	-0.979058	-0.197596	-0.048994
27013	9.622772	1.193634	-0.797636	0.013363	0.009790	-0.016687	-0.025047	-0.121677	0.992254	-0.202149	0.972677	0.114174	-0.979035	-0.197723	-0.048959
27014	9.568989	1.202631	-0.791099	0.008943	-0.010070	-0.010541	-0.025229	-0.121725	0.992243	-0.202916	0.972520	0.114146	-0.978871	-0.198463	-0.049236
27015	9.640711	1.222375	-0.772102	-0.004344	-0.024491	-0.011337	-0.025503	-0.121850	0.992221	-0.202867	0.972522	0.114217	-0.978874	-0.198376	-0.049522
27016	9.698849	1.218972	-0.657251	-0.028679	-0.037589	-0.011601	-0.025874	-0.122043	0.992188	-0.202900	0.972502	0.114330	-0.978858	-0.198357	-0.049925
27017	9.671565	1.162266	-0.542599	-0.041930	-0.030872	-0.005850	-0.026221	-0.122127	0.992168	-0.202482	0.972585	0.114366	-0.978935	-0.197897	-0.050231
27018	9.856507	1.089251	-0.402327	-0.035268	-0.034293	-0.007962	-0.026580	-0.122281	0.992140	-0.202786	0.972514	0.114429	-0.978862	-0.198151	-0.050646
27019	9.753091	1.188961	-0.278118	-0.028727	-0.017447	-0.011348	-0.026785	-0.122392	0.992120	-0.202499	0.972564	0.114513	-0.978916	-0.197836	-0.050834
27020	9.722596	1.216490	-0.196989	-0.020959	-0.008239	-0.013916	-0.026916	-0.122513	0.992102	-0.202506	0.972552	0.114604	-0.978911	-0.197821	-0.050987
27021	9.754167	1.267932	-0.266365	-0.035519	0.005116	-0.015263	-0.026892	-0.122618	0.992090	-0.202153	0.972610	0.114731	-0.978985	-0.197469	-0.050943
27022	9.733045	1.236226	-0.392759	-0.038493	0.014017	-0.015899	-0.026853	-0.122667	0.992085	-0.201700	0.972695	0.114810	-0.979079	-0.197020	-0.050862
27023	9.824008	1.170550	-0.560666	-0.054238	0.014868	-0.018334	-0.026727	-0.122783	0.992074	-0.201165	0.972786	0.114976	-0.979193	-0.196497	-0.050700
27024	9.789534	1.104907	-0.665650	-0.061136	0.019785	-0.016078	-0.026511	-0.122933	0.992061	-0.201163	0.972764	0.115166	-0.979199	-0.196513	-0.050519
27025	9.639140	0.990464	-0.842172	-0.043546	0.006916	-0.014810	-0.026471	-0.123030	0.992050	-0.200732	0.972838	0.115291	-0.979288	-0.196084	-0.050448
27026	9.667992	0.889938	-0.936846	-0.025183	-0.010586	-0.012442	-0.026693	-0.123103	0.992035	-0.199885	0.973004	0.115363	-0.979456	-0.195214	-0.050579
27027	9.718997	0.898254	-0.892553	-0.007743	-0.022079	-0.009492	-0.026948	-0.123205	0.992015	-0.199803	0.973015	0.115418	-0.979465	-0.195097	-0.050837
27028	9.703000	0.890064	-0.745484	0.008464	-0.025931	-0.007350	-0.027305	-0.123259	0.991999	-0.200004	0.972976	0.115391	-0.979414	-0.195254	-0.051219
27029	9.683613	0.976668	-0.557664	0.023002	-0.029767	-0.008250	-0.027637	-0.123364	0.991977	-0.200223	0.972928	0.115417	-0.979360	-0.195427	-0.051589
27030	9.798396	1.117087	-0.424813	0.033974	-0.030953	-0.010328	-0.027977	-0.123501	0.991950	-0.201462	0.972672	0.115418	-0.979097	-0.196612	-0.052093
27031	9.878951	1.200850	-0.322632	0.012612	-0.023450	-0.010382	-0.028243	-0.123614	0.991928	-0.201581	0.972642	0.115471	-0.979065	-0.196692	-0.052388
27032	9.842148	1.160077	-0.302794	0.001061	-0.010739	-0.016542	-0.028362	-0.123803	0.991901	-0.201542	0.972630	0.115635	-0.979069	-0.196630	-0.052537
27033	9.836800	1.158986	-0.427528	0.000412	0.003151	-0.016801	-0.028354	-0.123927	0.991886	-0.201542	0.972615	0.115758	-0.979069	-0.196625	-0.052554
27034	9.714450	1.200433	-0.556636	-0.014014	0.014001	-0.024572	-0.028158	-0.124191	0.991859	-0.202256	0.972436	0.116017	-0.978928	-0.197343	-0.052500
27035	9.702863	1.132175	-0.739888	-0.019094	0.016407	-0.025712	-0.028002	-0.124375	0.991840	-0.202069	0.972449	0.116238	-0.978971	-0.197165	-0.052363
27036	9.635227	1.075621	-0.940589	-0.014600	0.007750	-0.025123	-0.027898	-0.124612	0.991813	-0.202759	0.972279	0.116454	-0.978831	-0.197850	-0.052391
27037	9.649555	1.032463	-0.949753	-0.001149	-0.008706	-0.025589	-0.027989	-0.124844	0.991781	-0.202748	0.972257	0.116665	-0.978831	-0.197816	-0.052524
27038	9.693319	1.075499	-0.824287	0.014093	-0.015919	-0.022174	-0.028180	-0.125049	0.991750	-0.202727	0.972241	0.116828	-0.978830	-0.197762	-0.052748
27039	9.593293	1.091265	-0.664231	0.010332	-0.021283	-0.020969	-0.028403	-0.125261	0.991717	-0.202826	0.972201	0.116987	-0.978803	-0.197823	-0.053020
27040	9.684687	1.068962	-0.531029	0.022318	-0.027476	-0.017338	-0.028754	-0.125399	0.991690	-0.203502	0.972057	0.117016	-0.978652	-0.198447	-0.053469
27041	9.803063	1.126063	-0.362520	0.041519	-0.020193	-0.012757	-0.028983	-0.125530	0.991666	-0.203905	0.971965	0.117076	-0.978562	-0.198813	-0.053767
27042	9.837235	1.194996	-0.257295	0.049349	-0.011096	-0.013785	-0.029218	-0.125583	0.991653	-0.204329	0.971878	0.117059	-0.978466	-0.199203	-0.054057
27043	9.863687	1.265411	-0.299103	0.049260	0.007924	-0.018265	-0.029161	-0.125712	0.991638	-0.204809	0.971764	0.117170	-0.978367	-0.199680	-0.054084
27044	9.775347	1.363145	-0.397277	0.040177	0.025356	-0.020992	-0.028977	-0.125832	0.991628	-0.205395	0.971625	0.117292	-0.978250	-0.200276	-0.054000
27045	9.642873	1.420006	-0.621034	0.016555	0.026588	-0.024626	-0.028724	-0.125985	0.991616	-0.205557	0.971568	0.117483	-0.978224	-0.200459	-0.053804
27046	9.669122	1.480707	-0.736156	-0.032385	0.020795	-0.029473	-0.028436	-0.126253	0.991590	-0.206056	0.971427	0.117777	-0.978127	-0.200974	-0.053639
27047	9.636055	1.335527	-0.829415	-0.071852	0.016950	-0.022098	-0.028283	-0.126401	0.991576	-0.205353	0.971549	0.117991	-0.978279	-0.200286	-0.053435
27048	9.605538	1.185989	-0.899979	-0.072489	-0.006949	-0.016485	-0.028395	-0.126576	0.991550	-0.204161	0.971775	0.118205	-0.978525	-0.199079	-0.053435
27049	9.633400	1.187366	-0.853828	-0.052730	-0.021676	-0.007720	-0.028649	-0.126661	0.991532	-0.203640	0.971876	0.118266	-0.978627	-0.198528	-0.053636
27050	9.727409	1.160423	-0.695960	-0.062144	-0.029779	-0.003445	-0.028977	-0.126731	0.991514	-0.203385	0.971928	0.118284	-0.978670	-0.198231	-0.053939
27051	9.781695	1.029360	-0.476742	-0.064982	-0.021141	-0.000995	-0.029239	-0.126749	0.991504	-0.202743	0.972062	0.118285	-0.978795	-0.197561	-0.054120
27052	9.788420	0.962666	-0.265654	-0.042190	-0.008219	-0.000685	-0.029321	-0.126822	0.991492	-0.203159	0.971971	0.118317	-0.978707	-0.197962	-0.054264
27053	9.783564	0.981443	-0.237442	-0.005502	-0.004111	0.001385	-0.029421	-0.126784	0.991494	-0.203099	0.971990	0.118263	-0.978716	-0.197892	-0.054347
27054	9.801278	1.154157	-0.284452	0.022309	0.012584	-0.013672	-0.029268	-0.126934	0.991479	-0.203331	0.971922	0.118428	-0.978673	-0.198132	-0.054255
27055	9.762777	1.339040	-0.347092	0.018142	0.028988	-0.013553	-0.029014	-0.126975	0.991482	-0.203506	0.971875	0.118509	-0.978644	-0.198334	-0.054038
27056	9.751079	1.426485	-0.527233	-0.019225	0.037649	-0.020638	-0.028775	-0.126981	0.991488	-0.203414	0.971887	0.118567	-0.978670	-0.198271	-0.053796
27057	9.658239	1.376496	-0.671557	-0.047305	0.039118	-0.017880	-0.028414	-0.127044	0.991490	-0.202950	0.971965	0.118726	-0.978777	-0.197850	-0.053401
27058	9.587677	1.258106	-0.829835	-0.055832	0.034514	-0.016432	-0.028032	-0.127166	0.991485	-0.202852	0.971961	0.118927	-0.978808	-0.197791	-0.053042
27059	9.624672	1.156355	-0.773598	-0.041803	0.016061	-0.010910	-0.027910	-0.127207	0.991483	-0.202440	0.972036	0.119014	-0.978897	-0.197394	-0.052882
27060	9.715239	1.046915	-0.725865	-0.033641	0.003528	-0.012382	-0.028004	-0.127211	0.991480	-0.201876	0.972151	0.119029	-0.979011	-0.196823	-0.052905
27061	9.727527	1.027394	-0.605973	-0.008840	-0.004084	-0.004706	-0.028092	-0.127232	0.991475	-0.201785	0.972169	0.119037	-0.979027	-0.196721	-0.052983
27062	9.763941	1.091144	-0.475103	0.018357	-0.009051	-0.004639	-0.028208	-0.127294	0.991464	-0.202381	0.972045	0.119043	-0.978900	-0.197296	-0.053182
27063	9.788043	1.196512	-0.311372	0.012150	-0.009772	-0.007578	-0.028346	-0.127354	0.991452	-0.202497	0.972017	0.119068	-0.978873	-0.197391	-0.053342
27064	9.781497	1.296185	-0.294743	0.010089	-0.006885	-0.008785	-0.028427	-0.127472	0.991435	-0.202714	0.971961	0.119156	-0.978825	-0.197591	-0.053470
27065	9.740945	1.339119	-0.308937	-0.005662	-0.006077	-0.011221	-0.028521	-0.127560	0.991421	-0.202656	0.971965	0.119227	-0.978835	-0.197517	-0.053572
27066	9.728436	1.371114	-0.352319	-0.024905	-0.001648	-0.008529	-0.028775	-0.127481	0.991423	-0.202590	0.971994	0.119103	-0.978841	-0.197425	-0.053796
27067	9.709019	1.248541	-0.545463	-0.038986	-0.000857	-0.007924	-0.028825	-0.127527	0.991416	-0.202205	0.972067	0.119159	-0.978919	-0.197035	-0.053807
27068	9.690697	1.223181	-0.572386	-0.045821	0.002794	-0.008879	-0.028856	-0.127590	0.991407	-0.201804	0.972141	0.119237	-0.979001	-0.196629	-0.053801
27069	9.678835	1.098915	-0.617276	-0.042740	-0.006230	-0.006734	-0.028961	-0.127635	0.991398	-0.201382	0.972223	0.119283	-0.979084	-0.196195	-0.053860
27070	9.695862	1.029182	-0.756349	-0.013713	-0.012575	-0.005319	-0.029217	-0.127610	0.991394	-0.201565	0.972195	0.119198	-0.979039	-0.196348	-0.054126
27071	9.696622	1.105819	-0.744734	-0.001871	-0.018491	-0.004769	-0.029446	-0.127659	0.991381	-0.201543	0.972199	0.119203	-0.979037	-0.196296	-0.054356
27072	9.665964	1.131906	-0.664366	-0.007608	-0.022215	-0.008007	-0.029799	-0.127721	0.991362	-0.201129	0.972283	0.119217	-0.979112	-0.195839	-0.054661
27073	9.663346	1.147093	-0.613933	-0.002677	-0.023241	-0.005185	-0.030073	-0.127783	0.991346	-0.201099	0.972288	0.119226	-0.979109	-0.195773	-0.054937
27074	9.707289	1.198399	-0.412423	0.006887	-0.015381	-0.006366	-0.030372	-0.127800	0.991335	-0.200628	0.972387	0.119210	-0.979197	-0.195269	-0.055173
27075	9.748664	1.243433	-0.311045	0.008479	-0.015266	-0.004863	-0.030569	-0.127843	0.991323	-0.200707	0.972371	0.119210	-0.979174	-0.195322	-0.055384
27076	9.815574	1.281782	-0.262533	-0.007961	-0.000574	-0.007515	-0.030575	-0.127931	0.991312	-0.200982	0.972306	0.119279	-0.979118	-0.195589	-0.055440
27077	9.808082	1.305349	-0.257250	-0.015739	0.009081	-0.007864	-0.030528	-0.127956	0.991310	-0.200825	0.972333	0.119322	-0.979151	-0.195437	-0.055380
27078	9.762403	1.346187	-0.393039	-0.047540	0.022809	-0.010020	-0.030441	-0.127905	0.991319	-0.200588	0.972385	0.119302	-0.979203	-0.195215	-0.055257
27079	9.694190	1.202608	-0.681761	-0.070128	0.028365	-0.008640	-0.030204	-0.127900	0.991327	-0.199899	0.972517	0.119382	-0.979351	-0.194559	-0.054941
27080	9.723716	1.092395	-0.850733	-0.051688	0.019200	-0.011761	-0.030089	-0.127914	0.991329	-0.199859	0.972520	0.119421	-0.979363	-0.194532	-0.054827
27081	9.653351	0.973961	-1.011741	-0.018355	0.015107	-0.010303	-0.029979	-0.127951	0.991327	-0.199678	0.972549	0.119489	-0.979403	-0.194364	-0.054705
27082	9.658245	0.956185	-1.039922	0.008504	-0.005872	-0.005537	-0.030208	-0.127917	0.991325	-0.199435	0.972607	0.119424	-0.979445	-0.194097	-0.054891
27083	9.666475	1.019707	-0.956194	0.027504	-0.015963	0.002110	-0.030426	-0.127893	0.991321	-0.199699	0.972562	0.119344	-0.979385	-0.194335	-0.055132
27084	9.667333	1.115804	-0.792542	0.040530	-0.029379	0.001899	-0.030800	-0.127887	0.991310	-0.200459	0.972421	0.119222	-0.979218	-0.195045	-0.055587
27085	9.717022	1.223037	-0.607945	0.040848	-0.029909	0.008048	-0.031167	-0.127833	0.991306	-0.200853	0.972358	0.119075	-0.979126	-0.195395	-0.055981
27086	9.728903	1.368073	-0.412876	0.025328	-0.030611	0.005467	-0.031490	-0.127837	0.991295	-0.201691	0.972197	0.118968	-0.978943	-0.196189	-0.056398
27087	9.796037	1.415621	-0.289667	-0.004411	-0.019775	0.004520	-0.031751	-0.127799	0.991292	-0.201642	0.972218	0.118881	-0.978945	-0.196112	-0.056638
27088	9.805956	1.388634	-0.271355	-0.035179	-0.003906	-0.002122	-0.031851	-0.127795	0.991289	-0.201411	0.972267	0.118871	-0.978989	-0.195870	-0.056706
27089	9.827277	1.244545	-0.297798	-0.051464	0.010519	-0.001690	-0.031802	-0.127757	0.991296	-0.200904	0.972372	0.118873	-0.979095	-0.195374	-0.056590
27090	9.841652	1.168749	-0.534509	-0.059877	0.023439	-0.004807	-0.031582	-0.127766	0.991301	-0.200520	0.972442	0.118947	-0.979181	-0.195019	-0.056331
27091	9.760384	1.000689	-0.726977	-0.047544	0.023911	-0.005236	-0.031395	-0.127736	0.991311	-0.200052	0.972534	0.118981	-0.979282	-0.194578	-0.056087
27092	9.601662	0.988432	-0.909401	-0.013013	0.021701	-0.005208	-0.031198	-0.127759	0.991314	-0.200386	0.972460	0.119022	-0.979220	-0.194932	-0.055940
27093	9.573611	0.989612	-0.954656	0.006063	0.009273	-0.005561	-0.031154	-0.127761	0.991316	-0.200443	0.972448	0.119030	-0.979210	-0.194994	-0.055905
27094	9.646469	1.095246	-0.843667	0.022526	0.003970	-0.003583	-0.031221	-0.127750	0.991315	-0.200267	0.972486	0.119016	-0.979244	-0.194812	-0.055947
27095	9.710215	1.081644	-0.678636	0.029992	-0.004049	-0.004628	-0.031310	-0.127770	0.991310	-0.200558	0.972427	0.119001	-0.979181	-0.195089	-0.056072
27096	9.800346	1.137156	-0.554982	0.037936	-0.012866	0.003554	-0.031564	-0.127692	0.991311	-0.201301	0.972295	0.118833	-0.979021	-0.195801	-0.056394
27097	9.839276	1.185182	-0.477099	0.037951	-0.003480	0.002887	-0.031662	-0.127637	0.991315	-0.201668	0.972230	0.118739	-0.978942	-0.196157	-0.056523
27098	9.796428	1.241300	-0.438074	0.025237	0.007198	-0.000281	-0.031678	-0.127569	0.991324	-0.202475	0.972076	0.118622	-0.978775	-0.196961	-0.056623
27099	9.764167	1.326350	-0.518666	0.011247	0.016128	-0.003566	-0.031572	-0.127538	0.991331	-0.202584	0.972056	0.118607	-0.978756	-0.197083	-0.056526
27100	9.707995	1.338491	-0.533831	-0.011820	0.022472	-0.011412	-0.031387	-0.127573	0.991332	-0.202800	0.972004	0.118665	-0.978717	-0.197317	-0.056380
27101	9.702944	1.348035	-0.579592	-0.030771	0.014759	-0.011423	-0.031278	-0.127622	0.991330	-0.202499	0.972056	0.118751	-0.978783	-0.197029	-0.056247
27102	9.663938	1.301129	-0.657115	-0.054577	0.006833	-0.017488	-0.031351	-0.127698	0.991317	-0.201121	0.972325	0.118891	-0.979065	-0.195647	-0.056166
27103	9.658003	1.245535	-0.640556	-0.073291	-0.001282	-0.012895	-0.031396	-0.127792	0.991304	-0.200404	0.972457	0.119015	-0.979210	-0.194925	-0.056141
27104	9.679399	1.112871	-0.591078	-0.072346	-0.006186	-0.008741	-0.031676	-0.127742	0.991301	-0.199136	0.972722	0.118985	-0.979460	-0.193635	-0.056250
27105	9.676098	1.062357	-0.475094	-0.059854	-0.005977	-0.006087	-0.031781	-0.127779	0.991293	-0.198548	0.972836	0.119035	-0.979576	-0.193037	-0.056288
27106	9.717402	1.107053	-0.371965	-0.031840	-0.005062	-0.000841	-0.031769	-0.127874	0.991281	-0.198645	0.972805	0.119125	-0.979557	-0.193129	-0.056306
27107	9.756302	1.165769	-0.216023	-0.023635	0.001194	-0.003657	-0.031808	-0.127874	0.991280	-0.198411	0.972852	0.119130	-0.979603	-0.192892	-0.056316
27108	9.784338	1.155289	-0.245318	-0.016151	0.003662	-0.000595	-0.031938	-0.127811	0.991284	-0.197504	0.973041	0.119096	-0.979782	-0.191979	-0.056320
27109	9.780028	1.219906	-0.431899	-0.012877	0.012044	-0.001466	-0.031875	-0.127769	0.991292	-0.197375	0.973070	0.119073	-0.979810	-0.191861	-0.056235
27110	9.731904	1.255214	-0.668926	-0.019890	0.005478	-0.009603	-0.031850	-0.127823	0.991285	-0.197426	0.973053	0.119128	-0.979800	-0.191911	-0.056227
27111	9.673149	1.261968	-0.785070	-0.036909	0.015007	-0.008049	-0.031745	-0.127838	0.991287	-0.197064	0.973119	0.119185	-0.979877	-0.191563	-0.056084
27112	9.619346	1.250389	-0.930075	-0.043853	0.000015	-0.009237	-0.031749	-0.127925	0.991276	-0.197244	0.973074	0.119258	-0.979840	-0.191736	-0.056127
27113	9.659699	1.199750	-0.992976	-0.048075	-0.002365	-0.007758	-0.031816	-0.127971	0.991268	-0.196772	0.973162	0.119318	-0.979933	-0.191257	-0.056143
27114	9.743080	1.112436	-0.942930	-0.050557	-0.014294	-0.001054	-0.031933	-0.128048	0.991254	-0.196781	0.973154	0.119371	-0.979927	-0.191248	-0.056273
27115	9.772905	1.051515	-0.733373	-0.053978	-0.011926	0.000855	-0.032110	-0.128028	0.991251	-0.196249	0.973264	0.119348	-0.980028	-0.190700	-0.056377
27116	9.733401	0.956956	-0.597404	-0.038220	-0.012722	0.003295	-0.032205	-0.128068	0.991242	-0.196382	0.973235	0.119361	-0.979999	-0.190818	-0.056494
27117	9.784670	0.973743	-0.475645	-0.002631	-0.003359	-0.001784	-0.032293	-0.128057	0.991241	-0.196354	0.973244	0.119336	-0.980001	-0.190780	-0.056573
27118	9.767290	1.023480	-0.489507	0.017046	0.010340	0.001926	-0.032302	-0.127982	0.991250	-0.196440	0.973237	0.119254	-0.979984	-0.190869	-0.056578
27119	9.799337	1.150978	-0.544199	0.031287	0.006029	-0.009905	-0.032282	-0.128033	0.991244	-0.196747	0.973170	0.119291	-0.979923	-0.191173	-0.056606
27120	9.753750	1.202419	-0.604567	0.016408	0.011436	-0.010376	-0.032307	-0.128023	0.991245	-0.197078	0.973107	0.119257	-0.979855	-0.191499	-0.056668
27121	9.726285	1.270451	-0.713287	0.003674	0.012727	-0.012884	-0.032215	-0.128090	0.991239	-0.197115	0.973090	0.119338	-0.979851	-0.191544	-0.056596
27122	9.644401	1.279681	-0.752182	-0.017027	0.006252	-0.012742	-0.032238	-0.128151	0.991231	-0.196623	0.973179	0.119422	-0.979949	-0.191049	-0.056570
27123	9.636111	1.227886	-0.759695	-0.045757	0.010922	-0.012773	-0.032164	-0.128220	0.991224	-0.196176	0.973256	0.119530	-0.980041	-0.190610	-0.056457
27124	9.668383	1.153701	-0.601230	-0.043462	-0.002856	-0.011097	-0.032213	-0.128362	0.991204	-0.195792	0.973315	0.119683	-0.980116	-0.190214	-0.056485
27125	9.672626	1.089528	-0.413094	-0.049821	0.009351	-0.003452	-0.032172	-0.128344	0.991208	-0.195302	0.973411	0.119701	-0.980215	-0.189734	-0.056383
27126	9.733815	1.079441	-0.270517	-0.025944	0.006663	0.000060	-0.032138	-0.128312	0.991213	-0.195448	0.973386	0.119668	-0.980187	-0.189885	-0.056361
27127	9.803202	1.112479	-0.195240	-0.005315	0.023755	0.002529	-0.031968	-0.128209	0.991232	-0.195392	0.973405	0.119601	-0.980204	-0.189856	-0.056169
27128	9.803928	1.188681	-0.179186	0.014349	0.024814	-0.007417	-0.031728	-0.128231	0.991237	-0.195936	0.973291	0.119638	-0.980103	-0.190423	-0.056006
27129	9.791505	1.211156	-0.295799	0.012289	0.037092	-0.009246	-0.031405	-0.128217	0.991249	-0.196057	0.973262	0.119679	-0.980089	-0.190583	-0.055703
27130	9.718074	1.253830	-0.476436	0.020571	0.043221	-0.010503	-0.030979	-0.128252	0.991258	-0.196722	0.973118	0.119757	-0.979970	-0.191292	-0.055376
27131	9.705850	1.276535	-0.591915	0.018663	0.044748	-0.013395	-0.030572	-0.128263	0.991269	-0.196907	0.973071	0.119835	-0.979945	-0.191524	-0.055005
27132	9.670579	1.291555	-0.706607	0.013326	0.039252	-0.013741	-0.030141	-0.128315	0.991275	-0.197961	0.972848	0.119910	-0.979746	-0.192620	-0.054724
27133	9.646893	1.208909	-0.716392	0.011088	0.024729	-0.011971	-0.029934	-0.128350	0.991277	-0.198072	0.972817	0.119978	-0.979730	-0.192752	-0.054543
27134	9.682360	1.186365	-0.672817	0.013389	0.010952	-0.010291	-0.029834	-0.128421	0.991271	-0.198911	0.972641	0.120020	-0.979563	-0.193594	-0.054562
27135	9.707644	1.200547	-0.572637	-0.005480	0.003077	-0.008828	-0.029845	-0.128467	0.991265	-0.198859	0.972646	0.120067	-0.979574	-0.193538	-0.054575
27136	9.758448	1.218102	-0.450004	-0.009146	-0.002445	-0.006127	-0.029874	-0.128538	0.991255	-0.199075	0.972595	0.120118	-0.979529	-0.193745	-0.054644
27137	9.806839	1.239693	-0.351490	-0.024354	-0.003711	-0.002597	-0.029964	-0.128537	0.991252	-0.198836	0.972644	0.120113	-0.979575	-0.193497	-0.054701
27138	9.780437	1.170443	-0.311616	-0.029047	-0.004184	-0.005584	-0.030117	-0.128546	0.991246	-0.198245	0.972763	0.120126	-0.979690	-0.192892	-0.054780
27139	9.751755	1.096089	-0.372296	-0.016864	-0.003415	-0.009054	-0.030191	-0.128607	0.991236	-0.198081	0.972790	0.120181	-0.979721	-0.192717	-0.054844
27140	9.795594	1.107257	-0.475001	0.000567	-0.005310	-0.008311	-0.030232	-0.128726	0.991219	-0.198445	0.972705	0.120269	-0.979646	-0.193066	-0.054952
27141	9.716395	1.101938	-0.568327	0.023415	-0.002932	-0.010453	-0.030298	-0.128799	0.991208	-0.198676	0.972652	0.120315	-0.979597	-0.193284	-0.055059
27142	9.670806	1.153335	-0.630183	0.025960	-0.008821	-0.009567	-0.030510	-0.128839	0.991196	-0.198851	0.972618	0.120303	-0.979555	-0.193430	-0.055294
27143	9.628225	1.276356	-0.654416	0.020150	-0.001931	-0.010239	-0.030567	-0.128909	0.991185	-0.199050	0.972571	0.120349	-0.979512	-0.193617	-0.055388
27144	9.615352	1.328033	-0.544445	0.001362	-0.000563	-0.007875	-0.030783	-0.128859	0.991185	-0.198501	0.972691	0.120290	-0.979617	-0.193048	-0.055521
27145	9.638402	1.336381	-0.545057	-0.010425	0.006277	-0.002120	-0.030776	-0.128834	0.991189	-0.198398	0.972714	0.120272	-0.979638	-0.192949	-0.055496
27146	9.706983	1.293980	-0.483782	-0.013450	0.015165	-0.002698	-0.030510	-0.128908	0.991187	-0.199290	0.972523	0.120346	-0.979466	-0.193862	-0.055362
27147	9.752900	1.224218	-0.573754	-0.010588	0.026414	-0.001702	-0.030306	-0.128839	0.991202	-0.199186	0.972547	0.120324	-0.979493	-0.193787	-0.055137
27148	9.839582	1.208006	-0.482843	-0.002309	0.032550	-0.002954	-0.030124	-0.128748	0.991220	-0.198897	0.972610	0.120287	-0.979557	-0.193527	-0.054907
27149	9.816281	1.115014	-0.568891	0.017042	0.036346	-0.009490	-0.029808	-0.128737	0.991231	-0.199066	0.972571	0.120327	-0.979533	-0.193734	-0.054617
27150	9.742246	1.101000	-0.610555	0.024526	0.037733	-0.011176	-0.029505	-0.128699	0.991245	-0.199879	0.972407	0.120303	-0.979376	-0.194580	-0.054415
27151	9.724377	1.075525	-0.635266	0.043785	0.034456	-0.009069	-0.029208	-0.128686	0.991255	-0.200311	0.972316	0.120325	-0.979297	-0.195044	-0.054177
27152	9.689008	1.099563	-0.675399	0.062098	0.017317	-0.009827	-0.029076	-0.128741	0.991252	-0.201154	0.972137	0.120358	-0.979128	-0.195894	-0.054163
27153	9.757989	1.133305	-0.600650	0.065589	0.015907	-0.005428	-0.028968	-0.128729	0.991257	-0.201797	0.972007	0.120332	-0.978999	-0.196547	-0.054134
27154	9.747928	1.074371	-0.709611	0.075218	0.004883	-0.003726	-0.028929	-0.128744	0.991256	-0.203131	0.971736	0.120280	-0.978724	-0.197875	-0.054263
27155	9.779861	1.201407	-0.765677	0.082463	-0.001619	-0.004610	-0.028994	-0.128758	0.991252	-0.203940	0.971572	0.120237	-0.978554	-0.198669	-0.054429
27156	9.710466	1.177881	-0.764156	0.061379	-0.006350	-0.007433	-0.029081	-0.128842	0.991239	-0.204519	0.971446	0.120269	-0.978430	-0.199230	-0.054601
27157	9.672143	1.215827	-0.755056	0.055253	-0.007216	-0.008856	-0.029192	-0.128909	0.991227	-0.205063	0.971330	0.120282	-0.978313	-0.199752	-0.054789
27158	9.644509	1.293088	-0.790289	0.034652	-0.014950	-0.011972	-0.029353	-0.129058	0.991202	-0.205918	0.971141	0.120348	-0.978129	-0.200574	-0.055081
27159	9.664886	1.306114	-0.817380	0.014444	-0.024453	-0.012159	-0.029626	-0.129192	0.991177	-0.206063	0.971101	0.120417	-0.978090	-0.200677	-0.055391
27160	9.676626	1.286047	-0.700061	-0.021060	-0.024607	-0.006247	-0.030086	-0.129169	0.991166	-0.205665	0.971197	0.120324	-0.978160	-0.200228	-0.055785
27161	9.719151	1.250764	-0.587761	-0.039218	-0.017125	-0.001780	-0.030308	-0.129187	0.991157	-0.205282	0.971279	0.120319	-0.978233	-0.199820	-0.055958
27162	9.743818	1.188773	-0.502618	-0.038110	-0.014009	0.000029	-0.030363	-0.129278	0.991143	-0.205816	0.971160	0.120366	-0.978120	-0.200338	-0.056095
27163	9.781693	1.161307	-0.437020	-0.028890	-0.003390	0.002266	-0.030460	-0.129229	0.991147	-0.205533	0.971226	0.120316	-0.978176	-0.200049	-0.056144
27164	9.843007	1.131427	-0.447912	-0.015451	0.009614	0.003027	-0.030423	-0.129177	0.991155	-0.205516	0.971235	0.120273	-0.978181	-0.200039	-0.056095
27165	9.847922	1.123033	-0.398179	0.003171	0.027293	-0.003719	-0.030207	-0.129125	0.991168	-0.205549	0.971229	0.120263	-0.978181	-0.200101	-0.055879
27166	9.749437	1.160874	-0.603019	0.024986	0.034720	-0.011557	-0.029954	-0.129086	0.991181	-0.205810	0.971174	0.120260	-0.978133	-0.200393	-0.055658
27167	9.640787	1.235759	-0.750313	0.037233	0.036454	-0.008720	-0.029638	-0.129064	0.991193	-0.206178	0.971094	0.120282	-0.978066	-0.200797	-0.055392
27168	9.554537	1.338746	-0.745848	0.033352	0.030238	-0.015393	-0.029295	-0.129168	0.991190	-0.206995	0.970904	0.120407	-0.977903	-0.201644	-0.055180
27169	9.552196	1.430170	-0.677747	0.022206	0.023331	-0.010996	-0.029103	-0.129195	0.991192	-0.207216	0.970851	0.120459	-0.977862	-0.201885	-0.055026
27170	9.564153	1.409734	-0.556466	-0.011388	0.012265	-0.001544	-0.028984	-0.129209	0.991194	-0.207319	0.970825	0.120492	-0.977844	-0.202001	-0.054926
27171	9.706722	1.382718	-0.449286	-0.037901	0.013738	0.002633	-0.028914	-0.129123	0.991207	-0.206949	0.970910	0.120442	-0.977924	-0.201647	-0.054795
27172	9.728712	1.334293	-0.308211	-0.057185	0.019195	0.010040	-0.028763	-0.128991	0.991228	-0.206346	0.971046	0.120377	-0.978056	-0.201074	-0.054547
27173	9.794998	1.294974	-0.269204	-0.079248	0.013263	0.018008	-0.028729	-0.128757	0.991260	-0.205567	0.971234	0.120198	-0.978221	-0.200317	-0.054371
27174	9.764165	1.232466	-0.274508	-0.081471	0.016417	0.013720	-0.028639	-0.128621	0.991280	-0.204547	0.971456	0.120140	-0.978438	-0.199323	-0.054131
27175	9.777096	1.190414	-0.305337	-0.083453	0.018072	0.009279	-0.028540	-0.128462	0.991304	-0.203729	0.971639	0.120049	-0.978611	-0.198531	-0.053902
27176	9.734388	1.150107	-0.429674	-0.075660	0.027209	0.008334	-0.028229	-0.128363	0.991325	-0.203782	0.971633	0.120010	-0.978609	-0.198626	-0.053586
27177	9.727092	1.086624	-0.511648	-0.057111	0.027349	0.006156	-0.028032	-0.128216	0.991350	-0.203222	0.971759	0.119936	-0.978731	-0.198102	-0.053297
27178	9.857378	1.004443	-0.536924	-0.028187	0.010881	0.000461	-0.028014	-0.128158	0.991358	-0.203020	0.971807	0.119893	-0.978774	-0.197907	-0.053242
27179	9.638865	1.106946	-0.618572	-0.010328	0.045718	0.007910	-0.027641	-0.127957	0.991394	-0.202918	0.971843	0.119776	-0.978806	-0.197861	-0.052827
27180	9.719761	0.946445	-0.602734	0.000201	0.010060	0.008744	-0.027594	-0.127864	0.991408	-0.202958	0.971845	0.119692	-0.978799	-0.197911	-0.052768
27181	9.710377	1.134318	-0.516488	0.023362	0.020200	0.007399	-0.027470	-0.127719	0.991430	-0.203186	0.971813	0.119562	-0.978755	-0.198160	-0.052647
27182	9.640656	1.119768	-0.436138	0.035316	0.013089	0.004751	-0.027384	-0.127660	0.991440	-0.203699	0.971714	0.119494	-0.978651	-0.198683	-0.052613
27183	9.696523	1.244560	-0.568729	0.049579	-0.007796	0.003799	-0.027526	-0.127606	0.991443	-0.204184	0.971625	0.119386	-0.978545	-0.199151	-0.052800
27184	9.791708	1.347313	-0.535259	0.022924	0.002250	-0.000551	-0.027626	-0.127560	0.991446	-0.204443	0.971581	0.119307	-0.978488	-0.199399	-0.052919
27185	9.757718	1.300283	-0.490346	-0.028182	0.001500	0.001090	-0.027672	-0.127513	0.991451	-0.204169	0.971643	0.119267	-0.978545	-0.199123	-0.052921
27186	9.671102	1.240680	-0.592436	-0.032235	-0.011637	0.001507	-0.027804	-0.127520	0.991446	-0.204366	0.971605	0.119237	-0.978500	-0.199302	-0.053075
27187	9.709328	1.117238	-0.694512	-0.033116	-0.024547	0.004945	-0.028113	-0.127488	0.991442	-0.204042	0.971683	0.119162	-0.978558	-0.198946	-0.053330
27188	9.734659	1.120382	-0.673540	-0.034241	-0.026572	0.007893	-0.028326	-0.127491	0.991435	-0.204858	0.971521	0.119078	-0.978382	-0.199731	-0.053637
27189	9.687772	1.114221	-0.598045	-0.035644	-0.038521	0.000558	-0.028762	-0.127530	0.991418	-0.204511	0.971598	0.119047	-0.978442	-0.199332	-0.054027
27190	9.721913	1.024797	-0.496264	-0.043911	-0.036357	-0.003615	-0.029303	-0.127521	0.991403	-0.203568	0.971804	0.118983	-0.978622	-0.198331	-0.054436
27191	9.726478	1.016298	-0.451055	-0.023879	-0.024412	0.003086	-0.029607	-0.127506	0.991396	-0.203335	0.971860	0.118921	-0.978661	-0.198065	-0.054700
27192	9.764162	1.073960	-0.296867	-0.017740	-0.024635	-0.000254	-0.029837	-0.127582	0.991379	-0.203547	0.971814	0.118938	-0.978610	-0.198244	-0.054965
27193	9.805115	1.108270	-0.271519	-0.010331	-0.013721	-0.004101	-0.030021	-0.127616	0.991369	-0.203449	0.971834	0.118940	-0.978625	-0.198122	-0.055139
27194	9.805048	1.108713	-0.272121	-0.003251	-0.000084	-0.004559	-0.030098	-0.127608	0.991368	-0.203669	0.971792	0.118905	-0.978577	-0.198332	-0.055239
27195	9.774773	1.114572	-0.342596	0.007662	0.008332	-0.008771	-0.030057	-0.127644	0.991364	-0.203748	0.971771	0.118944	-0.978562	-0.198414	-0.055216
27196	9.747330	1.106435	-0.465198	0.011630	0.013304	-0.005310	-0.029900	-0.127678	0.991365	-0.204309	0.971649	0.118977	-0.978450	-0.198987	-0.055139
27197	9.765649	1.038348	-0.602665	0.005364	0.021022	-0.015219	-0.029722	-0.127751	0.991361	-0.204368	0.971624	0.119081	-0.978443	-0.199063	-0.054987
27198	9.776058	0.917018	-0.748563	0.008600	0.022191	-0.005890	-0.029616	-0.127710	0.991369	-0.203909	0.971720	0.119088	-0.978542	-0.198622	-0.054820
27199	9.753469	0.900270	-0.822980	0.021604	0.007861	-0.012400	-0.029572	-0.127782	0.991361	-0.204126	0.971666	0.119154	-0.978498	-0.198839	-0.054818
27200	9.740628	0.942450	-0.789176	0.032045	0.000503	-0.015031	-0.029609	-0.127893	0.991346	-0.204785	0.971519	0.119218	-0.978359	-0.199483	-0.054956
27201	9.727636	1.070640	-0.665608	0.038350	-0.001080	-0.020064	-0.029637	-0.128057	0.991324	-0.205168	0.971422	0.119352	-0.978278	-0.199851	-0.055063
27202	9.630153	1.220958	-0.530029	0.014153	-0.005091	-0.019631	-0.029808	-0.128182	0.991303	-0.205398	0.971364	0.119427	-0.978224	-0.200052	-0.055283
27203	9.700673	1.175670	-0.446405	-0.023909	-0.008773	-0.014027	-0.029924	-0.128302	0.991284	-0.205171	0.971399	0.119535	-0.978269	-0.199805	-0.055392
27204	9.910252	1.167885	-0.444461	-0.048421	-0.011151	-0.014976	-0.030149	-0.128401	0.991264	-0.204487	0.971532	0.119626	-0.978405	-0.199094	-0.055547
27205	9.907253	1.098484	-0.482158	-0.074833	-0.003704	-0.024228	-0.030195	-0.128611	0.991235	-0.203764	0.971655	0.119864	-0.978554	-0.198359	-0.055545
27206	9.898800	0.886961	-0.594271	-0.081830	0.008509	-0.033677	-0.030126	-0.128895	0.991201	-0.202802	0.971813	0.120210	-0.978756	-0.197396	-0.055417
27207	9.831813	0.777363	-0.656907	-0.075453	0.006793	-0.037179	-0.030043	-0.129209	0.991162	-0.202077	0.971919	0.120576	-0.978909	-0.196669	-0.055309
27208	9.734218	0.682334	-0.714447	-0.020290	0.003052	-0.033211	-0.029886	-0.129572	0.991120	-0.202274	0.971831	0.120951	-0.978873	-0.196863	-0.055253
27209	9.695922	0.799452	-0.689937	0.034847	-0.003777	-0.045094	-0.029890	-0.129984	0.991065	-0.202631	0.971709	0.121334	-0.978799	-0.197194	-0.055384
27210	9.695728	1.041043	-0.572005	0.046065	0.003018	-0.047917	-0.029985	-0.130317	0.991019	-0.203062	0.971584	0.121617	-0.978707	-0.197591	-0.055596
27211	9.666900	1.056033	-0.542442	0.024182	0.002895	-0.051849	-0.029911	-0.130782	0.990960	-0.203317	0.971473	0.122073	-0.978656	-0.197828	-0.055647
27212	9.710192	1.157489	-0.554841	0.036892	-0.009769	-0.059754	-0.029817	-0.131406	0.990880	-0.204690	0.971115	0.122625	-0.978373	-0.199167	-0.055853
27213	9.762728	1.165779	-0.486333	0.020730	-0.014475	-0.055002	-0.029905	-0.131936	0.990807	-0.204912	0.971007	0.123114	-0.978323	-0.199347	-0.056073
27214	9.687529	1.165923	-0.456193	-0.000920	-0.007813	-0.064491	-0.029989	-0.132520	0.990727	-0.204553	0.971009	0.123691	-0.978396	-0.198946	-0.056227
27215	9.530166	1.259696	-0.375253	-0.023369	-0.004826	-0.069648	-0.029953	-0.133173	0.990640	-0.204348	0.970968	0.124349	-0.978440	-0.198711	-0.056297
27216	9.633865	1.343367	-0.321780	-0.050354	-0.002612	-0.074725	-0.029779	-0.133932	0.990543	-0.204458	0.970846	0.125122	-0.978422	-0.198799	-0.056294
27217	9.739326	1.357370	-0.180234	-0.122904	0.009894	-0.088109	-0.029562	-0.134734	0.990441	-0.203285	0.970976	0.126019	-0.978673	-0.197616	-0.056093
27218	9.827450	1.336732	-0.142118	-0.152343	0.007357	-0.096703	-0.029466	-0.135585	0.990327	-0.201370	0.971250	0.126981	-0.979072	-0.195680	-0.055921
27219	9.903203	1.272577	-0.160290	-0.204926	0.013196	-0.103686	-0.029187	-0.136533	0.990205	-0.199396	0.971513	0.128078	-0.979484	-0.193705	-0.055580
27220	9.758088	1.154118	-0.390015	-0.255267	0.025091	-0.105490	-0.028794	-0.137502	0.990083	-0.196925	0.971862	0.129244	-0.979996	-0.191251	-0.055062
27221	9.769387	1.035882	-0.610569	-0.254886	0.022226	-0.107418	-0.028425	-0.138470	0.989959	-0.194461	0.972204	0.130403	-0.980498	-0.188801	-0.054562
27222	9.841261	0.676325	-0.833862	-0.268045	0.043699	-0.111050	-0.027824	-0.139458	0.989837	-0.192251	0.972481	0.131609	-0.980951	-0.186635	-0.053869
27223	9.690494	0.440830	-1.010284	-0.180715	0.069696	-0.112839	-0.026983	-0.140392	0.989728	-0.190512	0.972664	0.132778	-0.981314	-0.184973	-0.052992
27224	9.592381	0.379318	-0.833347	-0.069636	0.056574	-0.117895	-0.026257	-0.141444	0.989598	-0.189999	0.972600	0.133974	-0.981433	-0.184505	-0.052411
27225	9.471073	0.665787	-0.712899	0.036001	0.030088	-0.122592	-0.025787	-0.142547	0.989452	-0.190389	0.972365	0.135124	-0.981370	-0.184896	-0.052213
27226	9.548412	0.905693	-0.550430	0.024243	-0.018828	-0.121166	-0.026053	-0.143600	0.989293	-0.189978	0.972305	0.136131	-0.981443	-0.184398	-0.052613
27227	9.867840	0.692633	-0.353144	-0.047622	-0.015428	-0.109129	-0.026056	-0.144656	0.989139	-0.189544	0.972241	0.137192	-0.981527	-0.183910	-0.052751
27228	9.907276	0.329157	-0.054408	-0.100374	0.032230	-0.086793	-0.025761	-0.145327	0.989048	-0.188366	0.972359	0.137968	-0.981761	-0.182749	-0.052424
27229	9.670794	0.561662	-0.006708	0.028603	0.061971	-0.081604	-0.025058	-0.145973	0.988971	-0.188672	0.972194	0.138716	-0.981720	-0.183115	-0.051902
