// General information: 
//  MT Manager version: 2022.2.0 
//  XDA version: 2022.2.0 build 7381 rev 124627 built on 2023-07-19
// Device information: 
//  DeviceId: 00B4CB9F
//  ProductCode: MTW2-3A7G6
//  Firmware Version: 4.6.0
//  Hardware Version: 2.0.0
// Device settings: 
//  Filter Profile: human(46.1)
//  Option Flags: Orientation Smoother Disabled, Position/Velocity Smoother Disabled, Continuous Zero Rotation Update Disabled, AHS Disabled, ICC Disabled
// Coordinate system: ENU
PacketCounter	Acc_X	Acc_Y	Acc_Z	Gyr_X	Gyr_Y	Gyr_Z	Mat[1][1]	Mat[2][1]	Mat[3][1]	Mat[1][2]	Mat[2][2]	Mat[3][2]	Mat[1][3]	Mat[2][3]	Mat[3][3]
56251	9.679808	-1.091000	-2.034985	-0.034536	-0.001438	0.000266	0.196073	-0.019150	0.980402	0.476287	-0.872091	-0.112288	0.857150	0.488970	-0.161873
56252	9.521941	-1.096726	-2.084856	-0.002159	-0.000719	-0.004126	0.196119	-0.019129	0.980394	0.476294	-0.872086	-0.112294	0.857136	0.488978	-0.161921
56253	9.609081	-1.141458	-2.043295	-0.033219	0.010984	0.000172	0.196111	-0.019181	0.980394	0.476002	-0.872247	-0.112281	0.857300	0.488689	-0.161927
56254	9.566524	-1.085797	-2.020721	-0.014003	0.022183	0.005664	0.196006	-0.019358	0.980412	0.475888	-0.872299	-0.112364	0.857387	0.488590	-0.161764
56255	9.542731	-0.976625	-1.848587	-0.003227	0.007812	0.003363	0.196044	-0.019420	0.980403	0.475859	-0.872306	-0.112433	0.857394	0.488575	-0.161769
56256	9.551418	-0.982552	-1.816095	-0.027890	-0.012782	0.004807	0.196236	-0.019419	0.980364	0.475628	-0.872425	-0.112485	0.857479	0.488362	-0.161965
56257	9.758739	-0.959173	-1.796554	-0.062108	-0.013321	0.011112	0.196491	-0.019440	0.980313	0.475114	-0.872698	-0.112536	0.857705	0.487873	-0.162241
56258	9.721026	-0.955281	-1.714216	-0.103960	0.012392	0.010103	0.196491	-0.019607	0.980309	0.474219	-0.873187	-0.112517	0.858200	0.486990	-0.162276
56259	9.590938	-0.912237	-1.581230	-0.158756	0.014857	0.005981	0.196482	-0.019727	0.980309	0.472850	-0.873950	-0.112359	0.858958	0.485615	-0.162388
56260	9.619476	-0.966857	-1.545204	-0.171218	0.005985	0.003651	0.196507	-0.019807	0.980302	0.471388	-0.874764	-0.112167	0.859755	0.484145	-0.162560
56261	9.729578	-1.054778	-1.427429	-0.176081	0.034552	0.008824	0.196336	-0.020043	0.980332	0.469875	-0.875598	-0.112006	0.860622	0.482624	-0.162494
56262	9.326366	-1.268338	-1.593290	-0.053926	0.034588	0.002753	0.196110	-0.020254	0.980373	0.469423	-0.875842	-0.111996	0.860920	0.482173	-0.162254
56263	9.320799	-1.479722	-1.393866	0.076927	-0.017015	-0.003671	0.196325	-0.020136	0.980332	0.470086	-0.875470	-0.112123	0.860509	0.482853	-0.162411
56264	9.560747	-1.611719	-1.409666	-0.004355	-0.000552	0.010900	0.196440	-0.020248	0.980307	0.470045	-0.875473	-0.112273	0.860505	0.482843	-0.162460
56265	9.824700	-1.484706	-1.709175	-0.000000	0.027138	0.006486	0.196321	-0.020428	0.980327	0.470058	-0.875452	-0.112377	0.860525	0.482872	-0.162267
56266	9.947517	-1.312315	-1.742132	0.031649	0.047180	0.014416	0.196042	-0.020802	0.980375	0.470319	-0.875281	-0.112620	0.860446	0.483168	-0.161808
56267	9.899050	-1.068255	-1.969612	0.029168	0.036175	0.016951	0.195897	-0.021123	0.980397	0.470540	-0.875130	-0.112875	0.860359	0.483427	-0.161496
56268	9.836953	-0.780350	-2.005750	0.032108	0.017554	0.008724	0.195846	-0.021304	0.980403	0.470816	-0.874957	-0.113063	0.860219	0.483732	-0.161326
56269	9.648108	-0.587189	-1.881337	-0.017364	0.032654	-0.000922	0.195645	-0.021451	0.980440	0.470665	-0.875038	-0.113065	0.860347	0.483580	-0.161101
56270	9.648263	-0.625708	-1.776492	-0.131603	0.043309	0.000682	0.195334	-0.021685	0.980497	0.469548	-0.875657	-0.112910	0.861028	0.482446	-0.160864
56271	9.830973	-0.764537	-1.791376	-0.279108	0.088584	0.000098	0.194658	-0.022112	0.980622	0.467119	-0.877008	-0.112501	0.862501	0.479967	-0.160387
56272	9.974622	-0.835383	-1.471039	-0.466609	0.157127	0.001795	0.193367	-0.022899	0.980859	0.463103	-0.879222	-0.111823	0.864953	0.475862	-0.159408
56273	9.455588	-1.125588	-1.489551	-0.429150	0.157852	0.003763	0.192100	-0.023676	0.981090	0.459381	-0.881250	-0.111215	0.867218	0.472058	-0.158412
56274	9.320850	-0.983529	-1.037409	-0.221414	0.089108	0.006566	0.191416	-0.024174	0.981211	0.457464	-0.882275	-0.110979	0.868381	0.470112	-0.157823
56275	9.318311	-0.966100	-0.919340	-0.111631	0.050600	0.022097	0.191162	-0.024597	0.981250	0.456495	-0.882767	-0.111061	0.868947	0.469167	-0.157523
56276	9.391436	-0.832471	-1.110462	-0.120376	-0.012177	0.017647	0.191407	-0.024716	0.981199	0.455433	-0.883311	-0.111094	0.869450	0.468135	-0.157815
56277	9.691653	-0.747792	-1.465363	-0.136296	-0.034243	0.007157	0.191817	-0.024606	0.981122	0.454301	-0.883908	-0.110987	0.869952	0.467014	-0.158370
56278	9.839340	-0.840864	-1.671633	-0.160902	-0.007429	0.007602	0.191974	-0.024659	0.981090	0.452904	-0.884641	-0.110857	0.870646	0.465621	-0.158660
56279	9.870425	-0.912913	-1.750891	-0.185843	0.008884	0.010803	0.192028	-0.024794	0.981076	0.451264	-0.885497	-0.110705	0.871485	0.463983	-0.158852
56280	9.815345	-0.896219	-1.733412	-0.180060	0.026222	0.015271	0.191927	-0.025071	0.981089	0.449683	-0.886312	-0.110619	0.872324	0.462410	-0.158833
56281	9.622245	-0.750643	-1.577581	-0.198920	0.063341	0.015110	0.191525	-0.025492	0.981157	0.447943	-0.887209	-0.110491	0.873307	0.460664	-0.158504
56282	9.324976	-0.854472	-1.883127	-0.175020	0.042198	0.015422	0.191283	-0.025844	0.981195	0.446402	-0.887994	-0.110415	0.874149	0.459128	-0.158322
56283	9.385558	-0.982620	-2.163197	-0.162187	-0.012119	0.015097	0.191535	-0.025921	0.981143	0.444935	-0.888740	-0.110339	0.874841	0.457679	-0.158691
56284	9.319815	-1.247688	-2.353029	-0.176702	-0.027455	0.020922	0.191926	-0.026003	0.981065	0.443367	-0.889526	-0.110313	0.875551	0.456143	-0.159195
56285	9.361379	-1.504874	-2.517222	-0.175202	-0.048073	0.022761	0.192529	-0.025978	0.980947	0.441824	-0.890296	-0.110293	0.876199	0.454641	-0.159930
56286	9.537598	-1.652171	-2.383358	-0.125414	-0.036688	0.027376	0.193030	-0.026077	0.980846	0.440690	-0.890843	-0.110411	0.876659	0.453562	-0.160467
56287	9.592453	-1.586425	-2.130999	-0.081024	0.008725	0.034533	0.193191	-0.026413	0.980806	0.439964	-0.891171	-0.110660	0.876989	0.452898	-0.160545
56288	9.642641	-1.471062	-1.696370	-0.101150	0.067466	0.046574	0.192862	-0.027155	0.980850	0.439005	-0.891601	-0.111005	0.877542	0.452006	-0.160035
56289	9.391300	-1.342725	-1.540026	-0.084261	0.111128	0.054282	0.192210	-0.028136	0.980950	0.438182	-0.891952	-0.111441	0.878096	0.451255	-0.159113
56290	9.395719	-1.116934	-1.372514	-0.043092	0.076296	0.042609	0.191784	-0.028882	0.981012	0.437740	-0.892119	-0.111841	0.878409	0.450877	-0.158452
56291	9.478820	-1.010226	-1.163403	-0.078804	0.052639	0.023081	0.191506	-0.029317	0.981054	0.437044	-0.892442	-0.111981	0.878816	0.450208	-0.158095
56292	9.408673	-0.977166	-1.446389	-0.034232	-0.007201	-0.007970	0.191592	-0.029235	0.981039	0.436776	-0.892583	-0.111899	0.878931	0.449934	-0.158243
56293	9.694994	-0.848690	-1.604594	-0.034540	-0.061695	-0.016668	0.192147	-0.028817	0.980943	0.436454	-0.892763	-0.111719	0.878969	0.449603	-0.158964
56294	9.687569	-0.936870	-1.793882	-0.122428	-0.055784	-0.008195	0.192659	-0.028515	0.980851	0.435412	-0.893300	-0.111493	0.879374	0.448555	-0.159687
56295	9.643300	-0.997728	-2.188861	-0.121020	-0.090391	-0.016903	0.193467	-0.027952	0.980709	0.434423	-0.893822	-0.111175	0.879686	0.447551	-0.160782
56296	9.811505	-1.074869	-2.004295	-0.108143	-0.064178	-0.015543	0.194022	-0.027548	0.980610	0.433519	-0.894294	-0.110898	0.880009	0.446630	-0.161570
56297	9.629010	-1.075567	-1.798607	-0.126138	-0.012022	-0.011989	0.194160	-0.027384	0.980588	0.432447	-0.894849	-0.110615	0.880506	0.445529	-0.161902
56298	9.647735	-1.090460	-1.424141	-0.117245	0.028032	0.012951	0.194027	-0.027646	0.980607	0.431407	-0.895352	-0.110603	0.881046	0.444501	-0.161796
56299	9.616822	-1.183298	-1.341598	-0.089072	0.082234	0.045030	0.193582	-0.028414	0.980673	0.430540	-0.895728	-0.110940	0.881568	0.443694	-0.161163
56300	9.481418	-1.135268	-1.398032	0.005602	0.054987	0.045324	0.193350	-0.029086	0.980699	0.430519	-0.895675	-0.111443	0.881629	0.443757	-0.160657
56301	9.716906	-1.280465	-1.250289	0.059689	0.009942	0.051534	0.193567	-0.029570	0.980641	0.431070	-0.895330	-0.112086	0.881312	0.444421	-0.160559
56302	9.709146	-1.358671	-1.243990	0.016446	0.040825	0.050192	0.193481	-0.030223	0.980638	0.431136	-0.895227	-0.112654	0.881298	0.444585	-0.160179
56303	9.466088	-1.334560	-1.518901	0.056370	0.013334	0.028428	0.193568	-0.030538	0.980611	0.431577	-0.894963	-0.113062	0.881063	0.445094	-0.160057
56304	9.874402	-1.268876	-1.240210	0.064184	0.020413	0.028179	0.193568	-0.030903	0.980600	0.432106	-0.894653	-0.113491	0.880804	0.445691	-0.159823
56305	9.714218	-1.340004	-1.444677	0.073557	0.107416	0.033748	0.192853	-0.031688	0.980716	0.432680	-0.894313	-0.113980	0.880679	0.446318	-0.158760
56306	9.404192	-1.363166	-1.651283	0.209701	0.068406	0.001199	0.192313	-0.032027	0.980811	0.434542	-0.893360	-0.114374	0.879880	0.448199	-0.157888
56307	9.430443	-1.225122	-1.547095	0.248130	-0.011123	-0.005153	0.192470	-0.031928	0.980783	0.436755	-0.892231	-0.114755	0.878749	0.450449	-0.157782
56308	9.572368	-1.125995	-1.524238	0.183644	-0.044994	-0.020683	0.192832	-0.031563	0.980724	0.438426	-0.891394	-0.114892	0.877837	0.452130	-0.158052
56309	9.767781	-0.982657	-1.506627	0.179457	-0.018238	-0.008054	0.193039	-0.031392	0.980689	0.440125	-0.890524	-0.115140	0.876941	0.453852	-0.158089
56310	9.964827	-1.001673	-1.721603	0.151523	0.040576	0.013360	0.192800	-0.031717	0.980725	0.441446	-0.889816	-0.115560	0.876330	0.455217	-0.157555
56311	10.193336	-0.913466	-1.825015	0.087044	0.075278	0.041383	0.192406	-0.032431	0.980779	0.442127	-0.889401	-0.116144	0.876073	0.455976	-0.156788
56312	10.307584	-0.658687	-1.366410	-0.031344	0.147938	0.053588	0.191405	-0.033603	0.980936	0.441768	-0.889511	-0.116671	0.876473	0.455677	-0.155412
56313	9.408781	-0.513309	-1.673639	-0.152388	0.178500	0.049716	0.190139	-0.034861	0.981138	0.440325	-0.890188	-0.116962	0.877474	0.454258	-0.153909
56314	8.959780	-0.471946	-2.216274	-0.211730	0.032195	0.017108	0.189990	-0.035181	0.981156	0.438451	-0.891126	-0.116854	0.878444	0.452390	-0.153880
56315	9.344220	-0.657242	-2.065111	-0.210751	-0.052486	0.026500	0.190649	-0.035173	0.981028	0.436593	-0.892041	-0.116828	0.879227	0.450583	-0.154710
56316	9.213409	-0.837086	-1.880961	-0.123857	-0.090448	0.014633	0.191566	-0.034919	0.980858	0.435494	-0.892578	-0.116830	0.879572	0.449538	-0.155781
56317	9.319959	-1.091377	-1.703574	-0.139738	-0.115498	0.002410	0.192673	-0.034418	0.980659	0.434278	-0.893191	-0.116672	0.879931	0.448359	-0.157147
56318	9.610542	-1.280965	-1.650346	-0.198493	-0.087684	0.018132	0.193582	-0.034210	0.980488	0.432514	-0.894058	-0.116587	0.880601	0.446644	-0.158277
56319	9.976848	-1.296147	-1.335037	-0.218627	-0.014868	0.044911	0.193987	-0.034540	0.980396	0.430529	-0.894998	-0.116718	0.881484	0.444731	-0.158748
56320	10.144545	-1.303626	-0.867468	-0.255322	0.078523	0.060375	0.193612	-0.035451	0.980438	0.428178	-0.896094	-0.116956	0.882711	0.442446	-0.158315
56321	9.922597	-1.271015	-0.739997	-0.249572	0.142615	0.066752	0.192717	-0.036675	0.980569	0.425871	-0.897154	-0.117255	0.884021	0.440193	-0.157278
56322	9.658951	-1.038846	-0.843898	-0.179870	0.131234	0.059240	0.191866	-0.037806	0.980693	0.424185	-0.897907	-0.117604	0.885017	0.438559	-0.156241
56323	9.566995	-1.043682	-0.921624	-0.166988	0.096504	0.040969	0.191264	-0.038604	0.980779	0.422600	-0.898630	-0.117782	0.885905	0.437005	-0.155561
56324	9.303077	-1.108185	-1.396187	-0.063030	0.027569	0.025267	0.191184	-0.038974	0.980780	0.422012	-0.898880	-0.117982	0.886202	0.436457	-0.155404
56325	9.487486	-1.222783	-1.708244	0.017825	-0.045052	0.012883	0.191711	-0.038899	0.980680	0.422120	-0.898805	-0.118170	0.886037	0.436619	-0.155890
56326	9.669512	-1.378584	-2.234046	0.044623	-0.054426	0.024223	0.192353	-0.038902	0.980555	0.422487	-0.898586	-0.118528	0.885723	0.437071	-0.156410
56327	10.512480	-1.249995	-1.859135	0.041507	0.125760	0.077209	0.191640	-0.040141	0.980644	0.422743	-0.898351	-0.119386	0.885755	0.437439	-0.155191
56328	9.670823	-1.520021	-2.071642	0.054591	0.350134	0.102629	0.189030	-0.042618	0.981046	0.423050	-0.898055	-0.120526	0.886170	0.437814	-0.151730
56329	8.882555	-1.410860	-1.397314	0.260252	0.292039	0.074457	0.186833	-0.044584	0.981379	0.425133	-0.896914	-0.121683	0.885638	0.439951	-0.148619
56330	9.204499	-1.742789	-0.106420	0.175038	0.151242	0.099414	0.185975	-0.046164	0.981469	0.426516	-0.896082	-0.122967	0.885154	0.441481	-0.146959
56331	9.379665	-2.189301	-0.819557	0.359401	0.051301	0.115909	0.186093	-0.047430	0.981387	0.429494	-0.894423	-0.124669	0.883688	0.444700	-0.146075
56332	9.677771	-2.439357	-1.953232	0.606785	-0.056291	0.093471	0.187051	-0.048035	0.981175	0.434692	-0.891647	-0.126522	0.880940	0.450175	-0.145903
56333	9.960061	-2.344759	-2.965429	0.816174	-0.088973	0.067219	0.188202	-0.048240	0.980945	0.441707	-0.887922	-0.128411	0.877197	0.457457	-0.145801
56334	9.860937	-1.755395	-3.248913	1.094310	-0.080951	0.060657	0.189240	-0.048424	0.980736	0.451182	-0.882817	-0.130648	0.872137	0.467214	-0.145216
56335	9.419854	-0.800118	-3.023776	1.061699	-0.097667	0.047377	0.190386	-0.048392	0.980516	0.460281	-0.877800	-0.132695	0.867119	0.476576	-0.144847
56336	9.048663	0.116101	-2.721102	0.848851	-0.143333	0.031788	0.191832	-0.048002	0.980253	0.467580	-0.873691	-0.134287	0.862884	0.484108	-0.145157
56337	9.200468	0.560483	-2.561761	0.540552	-0.187759	0.045448	0.193749	-0.047483	0.979901	0.472163	-0.871025	-0.135565	0.859956	0.488938	-0.146341
56338	9.417622	0.736272	-1.949574	0.184420	-0.163880	0.081164	0.195600	-0.047406	0.979537	0.473607	-0.870066	-0.136681	0.858742	0.490650	-0.147733
56339	9.325075	0.930795	-1.491423	-0.144761	-0.172235	0.125791	0.197751	-0.047664	0.979093	0.472040	-0.870752	-0.137730	0.859112	0.489407	-0.149693
56340	9.504539	0.963665	-0.911185	-0.448759	-0.214905	0.173660	0.200474	-0.048150	0.978515	0.467852	-0.872839	-0.138801	0.860770	0.485627	-0.152455
56341	9.624286	0.565017	-0.759728	-0.613516	-0.233194	0.184466	0.203417	-0.048637	0.977883	0.462135	-0.875739	-0.139689	0.863165	0.480329	-0.155663
56342	9.547482	0.131695	-0.410190	-0.488194	-0.274581	0.171455	0.206636	-0.048847	0.977198	0.457582	-0.877973	-0.140646	0.864824	0.476211	-0.159069
56343	9.784686	-0.252786	-0.500787	-0.546571	-0.307261	0.138483	0.209993	-0.048612	0.976494	0.452478	-0.880536	-0.141140	0.866699	0.471480	-0.162910
56344	10.108590	-0.562006	-0.693804	-0.572804	-0.243983	0.116673	0.212693	-0.048517	0.975914	0.447278	-0.883149	-0.141386	0.868737	0.466576	-0.166139
56345	10.202515	-0.838646	-0.507931	-0.569769	-0.139523	0.109187	0.214464	-0.048828	0.975511	0.442083	-0.885739	-0.141525	0.870958	0.461608	-0.168373
56346	10.196589	-1.499520	-0.575236	-0.568816	-0.054289	0.121403	0.215529	-0.049676	0.975233	0.436877	-0.888274	-0.141798	0.873319	0.456619	-0.169746
56347	10.179705	-2.117396	-0.610810	-0.508180	0.012259	0.139883	0.216100	-0.050962	0.975040	0.432169	-0.890491	-0.142325	0.875518	0.452138	-0.170410
56348	10.069553	-2.466032	-0.537781	-0.392496	0.088084	0.175509	0.216140	-0.052945	0.974926	0.428366	-0.892151	-0.143418	0.877374	0.448624	-0.170150
56349	10.113950	-2.457745	-0.210443	-0.262810	0.160880	0.208105	0.215677	-0.055521	0.974885	0.425591	-0.893219	-0.145024	0.878838	0.446181	-0.169017
56350	10.318088	-2.063902	0.162669	-0.154715	0.251737	0.237463	0.214529	-0.058786	0.974947	0.423736	-0.893756	-0.147130	0.880014	0.444684	-0.166827
56351	10.505654	-1.543083	0.514114	-0.101349	0.382997	0.266034	0.212349	-0.062861	0.975170	0.422306	-0.894025	-0.149590	0.881230	0.443585	-0.163299
56352	10.492092	-1.179586	0.675175	-0.061537	0.510421	0.279575	0.209084	-0.067644	0.975555	0.421191	-0.894099	-0.152267	0.882543	0.442732	-0.158451
56353	10.353274	-0.977686	0.712010	0.062429	0.601824	0.292499	0.205054	-0.072945	0.976029	0.421035	-0.893661	-0.155244	0.883563	0.442775	-0.152536
56354	10.206812	-0.649839	1.133055	0.280780	0.634768	0.294799	0.200746	-0.078416	0.976500	0.422935	-0.892174	-0.158590	0.883644	0.444833	-0.145936
56355	10.215594	-0.105861	1.859906	0.259624	0.650025	0.293446	0.196291	-0.083929	0.976947	0.424654	-0.890772	-0.161849	0.883821	0.446634	-0.139210
56356	10.274572	-0.095271	2.211439	0.093872	0.690908	0.249766	0.191300	-0.089262	0.977464	0.425018	-0.890118	-0.164466	0.884739	0.446902	-0.132342
56357	10.500985	-0.293081	2.539470	-0.077405	0.796637	0.198500	0.185119	-0.094599	0.978152	0.423877	-0.890317	-0.166324	0.886600	0.445406	-0.124716
56358	10.656517	-0.259768	2.897472	-0.233569	0.938434	0.181389	0.177611	-0.100402	0.978966	0.421493	-0.891159	-0.167867	0.889268	0.442442	-0.115961
56359	10.838857	-0.369469	3.613713	-0.584269	1.092580	0.189138	0.168675	-0.106908	0.979857	0.415830	-0.893587	-0.169077	0.893664	0.435973	-0.106270
56360	11.022493	-0.590702	4.031830	-0.956519	1.207914	0.249216	0.158927	-0.114369	0.980644	0.406865	-0.897416	-0.170601	0.899557	0.426103	-0.096091
56361	11.282015	-0.840381	4.299389	-1.219440	1.266720	0.322679	0.148791	-0.122608	0.981238	0.395272	-0.902189	-0.172668	0.906433	0.413547	-0.085774
56362	11.480596	-1.285799	4.677662	-1.363809	1.311975	0.379762	0.138385	-0.131402	0.981623	0.382336	-0.907234	-0.175344	0.913602	0.399575	-0.075308
56363	11.507993	-1.775241	4.249150	-1.433296	1.290914	0.400032	0.128035	-0.140119	0.981822	0.368583	-0.912342	-0.178269	0.920735	0.384707	-0.065167
56364	11.926711	-2.398144	3.900662	-1.633335	1.323072	0.454354	0.117499	-0.149282	0.981789	0.352947	-0.917812	-0.181794	0.928236	0.367880	-0.055154
56365	11.800517	-3.394219	3.689348	-1.886919	1.450197	0.565675	0.105895	-0.159703	0.981469	0.334596	-0.923740	-0.186411	0.936393	0.348136	-0.044384
56366	11.109376	-4.406300	3.569673	-1.822112	1.528001	0.643262	0.093680	-0.170862	0.980831	0.316847	-0.928827	-0.192065	0.943839	0.328766	-0.032876
56367	10.751719	-4.875337	3.768348	-1.301428	1.553007	0.677429	0.081025	-0.182171	0.979923	0.303773	-0.931868	-0.198355	0.949293	0.313746	-0.020166
56368	10.918405	-4.640005	3.527478	-0.594008	1.619705	0.714594	0.067829	-0.193874	0.978679	0.297619	-0.932344	-0.205322	0.952272	0.305200	-0.005539
56369	10.809319	-3.792128	2.773628	0.072305	1.628567	0.735852	0.054436	-0.205693	0.977101	0.297675	-0.930714	-0.212512	0.953114	0.302427	0.010566
56370	11.020407	-3.162645	1.369918	0.454494	1.567138	0.716417	0.041706	-0.217128	0.975252	0.301688	-0.927804	-0.219465	0.952494	0.303375	0.026810
56371	12.067671	-2.662897	0.885111	0.370486	1.567918	0.658209	0.028713	-0.228000	0.973238	0.304847	-0.925259	-0.225753	0.951968	0.303171	0.042939
56372	12.967500	-2.750488	-0.423381	-0.324280	1.563101	0.585275	0.015652	-0.238131	0.971107	0.301656	-0.924847	-0.231649	0.953288	0.296566	0.057358
56373	11.957981	-3.454990	-3.849015	-0.514458	1.341443	0.392962	0.003996	-0.245717	0.969333	0.296654	-0.925414	-0.235807	0.954977	0.288499	0.069195
56374	12.007208	-3.381912	-5.505357	0.163515	1.044340	0.098135	-0.005628	-0.249662	0.968317	0.298245	-0.924680	-0.236678	0.954473	0.287464	0.079665
56375	12.603608	-3.664607	-6.142680	0.962458	1.072460	-0.166863	-0.016375	-0.251258	0.967782	0.307369	-0.922307	-0.234251	0.951450	0.293630	0.092332
56376	11.856288	-3.087307	-6.013625	2.062400	1.191858	-0.393127	-0.028867	-0.251267	0.967487	0.326863	-0.917053	-0.228416	0.944631	0.309642	0.108602
56377	10.422786	-1.917529	-5.514864	2.771391	1.260381	-0.516509	-0.042447	-0.250623	0.967154	0.352753	-0.909441	-0.220186	0.934753	0.331820	0.127011
56378	9.515820	-1.381571	-4.953353	2.944906	1.251327	-0.533351	-0.055970	-0.250123	0.966595	0.379883	-0.900635	-0.211057	0.923340	0.355380	0.145426
56379	9.170498	-0.669519	-3.699705	2.670528	1.295725	-0.426935	-0.069504	-0.251052	0.965475	0.404146	-0.891922	-0.202832	0.912050	0.376096	0.163454
56380	8.880894	0.088558	-2.164703	2.048509	1.385793	-0.280039	-0.083178	-0.253903	0.963647	0.422550	-0.884750	-0.196643	0.902515	0.390833	0.180878
56381	8.799336	0.767080	-0.737468	1.419036	1.407005	-0.165576	-0.096494	-0.258016	0.961310	0.435188	-0.879544	-0.192387	0.895154	0.399787	0.197157
56382	9.092669	1.855031	0.131496	1.034543	1.394249	-0.102699	-0.109326	-0.262751	0.958650	0.444344	-0.875623	-0.189320	0.889160	0.405273	0.212480
56383	9.136326	2.744839	0.431883	0.617135	1.367976	-0.093498	-0.121836	-0.267494	0.955826	0.449744	-0.873344	-0.187084	0.884809	0.407083	0.226709
56384	8.857792	2.904122	0.347830	0.183471	1.256498	-0.108236	-0.133367	-0.271676	0.953103	0.451260	-0.872866	-0.185660	0.882371	0.405336	0.239008
56385	8.126601	2.240199	0.457621	-0.328775	1.156512	-0.158296	-0.144242	-0.274941	0.950580	0.448173	-0.874603	-0.184959	0.882233	0.399345	0.249376
56386	7.590471	1.085646	0.462797	-0.819200	1.030370	-0.262593	-0.154452	-0.276726	0.948455	0.440578	-0.878534	-0.184579	0.884328	0.389360	0.257611
56387	7.642491	-0.071679	0.333293	-1.151718	0.942979	-0.348596	-0.164284	-0.277254	0.946647	0.429851	-0.883895	-0.184277	0.887828	0.376644	0.264388
56388	7.832430	-0.789215	-0.113391	-1.289355	0.903343	-0.401399	-0.173966	-0.277059	0.944973	0.417734	-0.889750	-0.183964	0.891759	0.362744	0.270523
56389	7.929532	-1.123938	-0.380113	-1.239723	0.894457	-0.409222	-0.183601	-0.276577	0.943290	0.405960	-0.895282	-0.183486	0.895258	0.349250	0.276654
56390	7.933564	-1.260315	-0.168293	-1.084066	0.878332	-0.402082	-0.193030	-0.276009	0.941572	0.395519	-0.900090	-0.182764	0.897945	0.337130	0.282911
56391	8.110245	-1.312047	0.272456	-0.896587	0.868829	-0.411401	-0.202402	-0.275167	0.939849	0.386680	-0.904187	-0.181452	0.899729	0.326695	0.289411
56392	8.351664	-1.479801	0.849311	-0.692277	0.857951	-0.434159	-0.211732	-0.274028	0.938125	0.379586	-0.907588	-0.179437	0.900602	0.318107	0.296183
56393	8.548524	-1.592725	1.510993	-0.515945	0.839903	-0.451691	-0.220949	-0.272551	0.936428	0.373997	-0.910433	-0.176741	0.900726	0.311170	0.303092
56394	8.538238	-1.786697	2.267678	-0.471385	0.831704	-0.427887	-0.229973	-0.271239	0.934634	0.368824	-0.913027	-0.174217	0.900601	0.304650	0.310011
56395	8.579754	-2.058249	3.277518	-0.597512	0.811381	-0.376039	-0.238606	-0.270229	0.932761	0.362595	-0.915830	-0.172569	0.900884	0.297039	0.316506
56396	8.658587	-2.731868	3.629387	-0.818811	0.824839	-0.314990	-0.247114	-0.269778	0.930674	0.354488	-0.919052	-0.172285	0.901816	0.287339	0.322744
56397	7.735189	-3.169804	2.107074	-0.648978	0.738401	-0.349005	-0.254950	-0.268649	0.928885	0.347794	-0.921818	-0.171146	0.902241	0.279427	0.328452
56398	6.928815	-2.635116	1.287156	-0.074752	0.467519	-0.494812	-0.260828	-0.265416	0.928183	0.345883	-0.923327	-0.166832	0.901296	0.277528	0.332632
56399	6.987981	-2.343859	1.168896	0.358590	0.261450	-0.649988	-0.265382	-0.260135	0.928387	0.347438	-0.924022	-0.159596	0.899366	0.280203	0.335599
56400	7.259024	-2.298405	1.322421	0.682313	0.139728	-0.793988	-0.269356	-0.253224	0.929153	0.351481	-0.924107	-0.149957	0.896609	0.286188	0.337918
56401	7.475459	-2.222371	1.519516	0.983951	0.062929	-0.924978	-0.273143	-0.244857	0.930289	0.357813	-0.923537	-0.138022	0.892952	0.295169	0.339871
56402	7.687738	-2.144662	1.935079	1.193366	0.028776	-1.031507	-0.277076	-0.235452	0.931553	0.365644	-0.922406	-0.124385	0.888557	0.306153	0.341668
56403	7.815272	-2.030835	2.480995	1.239694	0.021828	-1.082147	-0.281210	-0.225541	0.932766	0.373647	-0.921019	-0.110054	0.883917	0.317576	0.343273
56404	8.014270	-2.203755	3.086213	1.152955	0.056724	-1.092573	-0.285776	-0.215697	0.933706	0.380754	-0.919688	-0.095923	0.879408	0.328100	0.344952
56405	8.300074	-2.356898	4.096299	1.030011	0.150569	-1.062234	-0.291112	-0.206432	0.934152	0.386762	-0.918487	-0.082443	0.875025	0.337295	0.347223
56406	8.245577	-2.550982	5.269739	0.969388	0.280155	-1.020319	-0.297476	-0.198051	0.933961	0.392260	-0.917221	-0.069563	0.870425	0.345662	0.350539
56407	7.942049	-2.450716	6.149325	1.066911	0.312439	-1.000259	-0.304083	-0.189981	0.933510	0.398548	-0.915407	-0.056473	0.865271	0.354876	0.354076
56408	7.900424	-1.745778	6.590378	1.173643	0.254566	-1.024038	-0.310340	-0.181562	0.933126	0.405565	-0.913065	-0.042775	0.859771	0.365169	0.356996
56409	7.851402	-0.636621	6.927893	1.141370	0.167681	-1.046199	-0.316000	-0.172648	0.932918	0.412111	-0.910674	-0.028941	0.854581	0.375321	0.358923
56410	7.643743	0.109277	6.572830	1.064412	0.047972	-1.007705	-0.320535	-0.163691	0.932986	0.418016	-0.908303	-0.015747	0.850012	0.384956	0.359569
56411	7.497656	1.057228	5.549266	1.048499	-0.076459	-0.973649	-0.323936	-0.154569	0.933367	0.423808	-0.905747	-0.002908	0.845844	0.394627	0.358912
56412	7.110316	2.013918	4.580104	0.833704	-0.151350	-0.931926	-0.326571	-0.145559	0.933897	0.427857	-0.903804	0.008747	0.842787	0.402431	0.357434
56413	6.602784	2.114799	3.712503	0.638808	-0.254819	-0.900896	-0.328248	-0.136395	0.934692	0.430323	-0.902466	0.019430	0.840878	0.408598	0.354926
56414	6.198072	2.517223	3.689074	0.381756	-0.389228	-0.862190	-0.328631	-0.127042	0.935875	0.430741	-0.902016	0.028809	0.840514	0.412588	0.351153
56415	6.316592	2.744044	4.016210	-0.138137	-0.524175	-0.796889	-0.327597	-0.117689	0.937459	0.427002	-0.903542	0.035786	0.842822	0.412020	0.346251
56416	6.980985	2.894601	4.102917	-0.643098	-0.579553	-0.713363	-0.325662	-0.108882	0.939196	0.419277	-0.906966	0.040237	0.847438	0.406887	0.341016
56417	8.033531	2.645309	4.870696	-1.080943	-0.460036	-0.644712	-0.324382	-0.101168	0.940501	0.408026	-0.911974	0.042630	0.853400	0.397577	0.337107
56418	8.418531	2.650160	5.105861	-1.328459	-0.327965	-0.592565	-0.323896	-0.094488	0.941363	0.394766	-0.917741	0.043711	0.859797	0.385776	0.334553
56419	7.680786	2.463893	3.542199	-1.332741	-0.615298	-0.558291	-0.320722	-0.087010	0.943169	0.381497	-0.923296	0.044551	0.866947	0.374104	0.329315
56420	8.401516	2.548019	2.114849	-0.859170	-1.198724	-0.504365	-0.312134	-0.077927	0.946837	0.372463	-0.926881	0.046501	0.873982	0.367176	0.318336
56421	9.986185	3.315132	0.893774	-0.773262	-1.540577	-0.426171	-0.300154	-0.068356	0.951438	0.364406	-0.929995	0.048145	0.881542	0.361161	0.304051
56422	10.974217	3.104117	-0.372346	-1.199864	-1.641247	-0.333089	-0.286751	-0.059433	0.956160	0.352837	-0.934467	0.047730	0.890663	0.351055	0.288929
56423	12.549158	1.135157	0.075303	-1.778270	-1.542946	-0.222683	-0.273664	-0.052040	0.960416	0.336315	-0.940680	0.044860	0.901110	0.335279	0.274932
56424	14.116754	-1.273430	2.435154	-2.484496	-1.112777	-0.068977	-0.263745	-0.047814	0.963407	0.313643	-0.948749	0.038777	0.912177	0.312393	0.265224
56425	14.032620	-3.096079	5.779112	-3.143008	-0.518091	0.102823	-0.258648	-0.047245	0.964815	0.285105	-0.958042	0.029518	0.922939	0.282708	0.261266
56426	12.280953	-4.766821	8.685246	-3.694832	-0.017079	0.236374	-0.257803	-0.049509	0.964928	0.251466	-0.967707	0.017534	0.932900	0.247167	0.261928
56427	10.306925	-7.981321	8.779328	-3.642994	-0.051111	0.284483	-0.256628	-0.052164	0.965101	0.218087	-0.975915	0.005243	0.941584	0.211822	0.261824
56428	9.368378	-11.213956	6.554654	-3.021915	-0.445470	0.500252	-0.251344	-0.056219	0.966264	0.190832	-0.981594	-0.007472	0.948899	0.182516	0.257447
56429	9.128256	-11.236461	2.226617	-2.291259	-1.413647	0.390667	-0.237150	-0.057667	0.969760	0.169995	-0.985298	-0.017020	0.956484	0.160818	0.243467
56430	11.434517	-8.114591	-2.024099	-1.159827	-1.584413	-0.122543	-0.222104	-0.054033	0.973525	0.158627	-0.987163	-0.018600	0.962033	0.150297	0.227824
56431	11.206838	-5.854863	-2.140889	0.386958	-0.968914	-0.553064	-0.213630	-0.047150	0.975776	0.161188	-0.986846	-0.012395	0.963525	0.154636	0.218420
56432	8.294348	-2.574590	-3.169256	1.887372	-0.737845	-0.728924	-0.207713	-0.038794	0.977420	0.177862	-0.984055	-0.001259	0.961884	0.173584	0.211301
56433	7.114003	0.072183	-3.605557	2.560489	-0.929775	-0.708553	-0.200084	-0.030163	0.979314	0.201050	-0.979520	0.010907	0.958929	0.199074	0.202051
56434	8.153776	1.297434	-2.021225	2.345019	-1.047513	-0.637309	-0.191352	-0.021764	0.981280	0.222295	-0.974737	0.021729	0.956017	0.222291	0.191356
56435	9.328346	2.726729	-0.079563	2.017329	-1.056117	-0.509858	-0.182397	-0.014407	0.983119	0.240641	-0.970137	0.030430	0.953322	0.242129	0.180417
56436	10.294542	4.709742	0.636928	1.746433	-1.190413	-0.350037	-0.171880	-0.008068	0.985085	0.256688	-0.965791	0.036878	0.951088	0.259198	0.168071
56437	11.407051	4.904571	0.109456	1.130770	-1.290403	-0.244454	-0.160198	-0.002338	0.987082	0.267070	-0.962802	0.041063	0.950269	0.270198	0.154863
56438	11.860556	3.497494	0.502540	0.325127	-1.155525	-0.181312	-0.149645	0.002515	0.988737	0.269916	-0.961910	0.043298	0.951184	0.273355	0.143267
56439	11.280103	1.470725	1.168635	-0.266418	-1.016277	-0.109305	-0.140205	0.006297	0.990102	0.267256	-0.962622	0.043968	0.953371	0.270775	0.133282
56440	10.445526	-0.367943	1.286311	-0.556242	-1.003007	-0.060536	-0.130736	0.009536	0.991371	0.261898	-0.964101	0.043811	0.956200	0.265366	0.123545
56441	9.909485	-0.964770	1.354962	-0.705715	-0.962581	-0.052354	-0.121596	0.012528	0.992501	0.255108	-0.965936	0.043448	0.959236	0.258478	0.114258
56442	9.128179	-0.374272	0.871083	-0.521029	-0.876925	-0.061158	-0.113276	0.015330	0.993445	0.250067	-0.967254	0.043439	0.961580	0.253348	0.105733
56443	8.281231	0.974413	-0.451317	-0.139939	-0.921195	-0.086571	-0.104571	0.018457	0.994346	0.248661	-0.967586	0.044111	0.962929	0.251867	0.096592
56444	8.345727	2.097338	-2.036511	0.258097	-1.093370	-0.119752	-0.094286	0.022349	0.995294	0.251061	-0.966902	0.045495	0.963368	0.254169	0.085555
56445	9.381021	2.577505	-2.222303	0.334310	-1.177478	-0.127167	-0.083203	0.026554	0.996179	0.254203	-0.966009	0.046982	0.963565	0.257140	0.073625
56446	10.348080	3.436353	-2.591776	0.144632	-1.126533	-0.102230	-0.072552	0.030411	0.996901	0.255550	-0.965601	0.048055	0.964070	0.258244	0.062285
56447	11.222956	3.586826	-2.565390	-0.129823	-1.046033	0.006579	-0.062381	0.033014	0.997506	0.254334	-0.965931	0.047875	0.965102	0.256687	0.051859
56448	11.661306	2.738826	-2.241293	-0.638504	-1.014252	0.109089	-0.052253	0.034497	0.998038	0.248260	-0.967580	0.046442	0.967283	0.250199	0.041995
56449	12.023827	0.910802	-1.434206	-1.343996	-0.798958	0.205222	-0.043945	0.034433	0.998440	0.235365	-0.970918	0.043843	0.970913	0.236924	0.034563
56450	9.303911	-0.249331	-1.872994	-1.247641	-0.898107	0.038333	-0.035070	0.036098	0.998733	0.223277	-0.973804	0.043037	0.974124	0.224504	0.026092
56451	7.992920	-0.656161	-0.619507	-1.098248	-1.171977	0.029044	-0.023502	0.038360	0.998988	0.212603	-0.976215	0.042487	0.976856	0.213386	0.014787
56452	8.791735	-1.520237	-0.824009	-1.206645	-1.274383	0.048182	-0.010884	0.040494	0.999121	0.200838	-0.978730	0.041855	0.979564	0.201117	0.002520
56453	10.086168	-2.718512	-0.759972	-1.046688	-1.116512	0.025615	0.000189	0.042404	0.999101	0.190605	-0.980785	0.041590	0.981667	0.190426	-0.008267
56454	10.764596	-3.191123	0.072453	-0.747542	-0.903114	-0.055959	0.009007	0.044601	0.998964	0.183294	-0.982152	0.042197	0.983017	0.182724	-0.017021
56455	10.649113	-3.186654	0.783848	-0.423538	-0.781469	-0.160677	0.016475	0.047557	0.998733	0.179179	-0.982839	0.043844	0.983678	0.178230	-0.024714
56456	10.212692	-2.865068	1.758874	-0.102611	-0.665064	-0.267843	0.022589	0.051333	0.998426	0.178251	-0.982886	0.046501	0.983726	0.176920	-0.031353
56457	9.889466	-1.454246	2.633748	0.298815	-0.537300	-0.321096	0.027369	0.055405	0.998089	0.181300	-0.982179	0.049550	0.983047	0.179598	-0.036926
56458	9.143793	0.571424	2.639156	1.077307	-0.566804	-0.294395	0.032436	0.059303	0.997713	0.191995	-0.980017	0.052009	0.980860	0.189869	-0.043174
56459	8.820057	2.219671	1.678930	1.735085	-0.771985	-0.191745	0.039677	0.062666	0.997246	0.209081	-0.976459	0.053041	0.977093	0.206400	-0.051845
56460	9.588773	3.131636	-0.013957	1.673010	-0.809875	-0.068786	0.047476	0.065036	0.996753	0.225452	-0.972826	0.052736	0.973097	0.222216	-0.060849
56461	9.856124	3.575030	-1.588579	1.165318	-0.698832	-0.006939	0.054315	0.066657	0.996296	0.236806	-0.970164	0.051999	0.970038	0.233104	-0.068479
56462	9.391850	3.959201	-1.612860	0.914150	-0.721103	0.014854	0.061389	0.068190	0.995782	0.245679	-0.968001	0.051142	0.967405	0.241504	-0.076178
56463	9.523955	3.760965	-1.799361	0.376366	-0.739863	0.069293	0.068779	0.069289	0.995223	0.249299	-0.967129	0.050105	0.965981	0.244662	-0.083791
56464	9.833749	2.518618	-1.977824	-0.165974	-0.630296	0.104948	0.075181	0.069776	0.994726	0.247646	-0.967603	0.049156	0.965929	0.242645	-0.090025
56465	9.521430	0.926033	-1.478690	-0.497839	-0.560371	0.145387	0.081018	0.069689	0.994273	0.242748	-0.968895	0.048130	0.966700	0.237458	-0.095415
56466	9.401533	-0.544235	-0.956134	-0.544854	-0.598653	0.171562	0.087272	0.069396	0.993764	0.237359	-0.970289	0.046912	0.967494	0.231785	-0.101151
56467	9.870866	-1.101856	-0.373213	-0.320760	-0.670444	0.165677	0.094216	0.069305	0.993136	0.234130	-0.971137	0.045559	0.967629	0.228231	-0.107724
56468	10.197759	-1.108910	-0.036086	-0.091121	-0.682296	0.133552	0.101181	0.069526	0.992436	0.233143	-0.971434	0.044285	0.967164	0.226899	-0.114500
56469	10.057807	-0.575381	0.355293	0.224776	-0.696113	0.081528	0.108166	0.070291	0.991645	0.235255	-0.970975	0.043165	0.965896	0.228620	-0.121562
56470	9.728327	0.098171	0.546649	0.346150	-0.713522	0.020922	0.115154	0.071695	0.990757	0.238596	-0.970190	0.042475	0.964267	0.231500	-0.128827
56471	9.703077	0.793722	0.795200	0.470508	-0.758967	-0.035606	0.122441	0.073782	0.989729	0.243194	-0.969061	0.042155	0.962219	0.235535	-0.136596
56472	10.064382	1.747594	0.805184	0.491356	-0.753005	-0.056459	0.129592	0.076084	0.988644	0.248011	-0.967847	0.041974	0.960050	0.239756	-0.144295
56473	10.432398	2.235656	0.228481	0.364940	-0.645471	-0.047983	0.135721	0.078076	0.987666	0.251598	-0.966926	0.041863	0.958268	0.242813	-0.150876
56474	10.230109	2.163390	-0.416521	0.180536	-0.494557	-0.029893	0.140435	0.079535	0.986890	0.253391	-0.966459	0.041831	0.957116	0.244194	-0.155878
56475	9.524815	1.922849	-0.926981	-0.043636	-0.418357	-0.021701	0.144437	0.080739	0.986215	0.253026	-0.966544	0.042071	0.956617	0.243461	-0.160034
56476	9.261268	1.269359	-1.685803	-0.209227	-0.456545	-0.011888	0.148827	0.081926	0.985464	0.251064	-0.967038	0.042478	0.956461	0.241093	-0.164490
56477	9.506457	0.335929	-2.396143	-0.404503	-0.418817	-0.002284	0.152881	0.082924	0.984759	0.247219	-0.967999	0.043133	0.956823	0.236857	-0.168489
56478	9.356466	-0.868164	-2.601584	-0.490339	-0.393441	0.022121	0.156753	0.083597	0.984094	0.242513	-0.969163	0.043700	0.957401	0.231806	-0.172193
56479	9.124747	-1.891324	-3.044735	-0.378874	-0.437533	0.054393	0.161128	0.084049	0.983348	0.238820	-0.970076	0.043783	0.957603	0.227789	-0.176379
56480	9.347577	-2.107002	-3.369374	-0.042113	-0.531986	0.092756	0.166493	0.084324	0.982430	0.238286	-0.970247	0.042896	0.956817	0.226958	-0.181633
56481	9.389972	-1.324287	-2.814276	0.358175	-0.584061	0.112075	0.172403	0.084541	0.981392	0.241541	-0.969520	0.041086	0.954953	0.229963	-0.187569
56482	9.297902	-0.159628	-1.964570	0.735375	-0.699898	0.083472	0.179333	0.085330	0.980081	0.248426	-0.967873	0.038811	0.951905	0.236518	-0.194770
56483	9.671716	1.005133	-1.319820	0.869231	-0.785959	0.023991	0.186922	0.086956	0.978519	0.256661	-0.965801	0.036797	0.948254	0.244270	-0.202847
56484	10.130322	1.796461	-0.940255	0.821845	-0.773266	-0.015615	0.194252	0.088990	0.976907	0.264489	-0.963746	0.035199	0.944622	0.251544	-0.210747
56485	10.386461	1.993140	-0.719221	0.683919	-0.681283	-0.042511	0.200621	0.091104	0.975424	0.271042	-0.961963	0.034100	0.941428	0.257540	-0.217684
56486	10.465303	1.715749	-0.746693	0.458383	-0.572197	-0.058818	0.205894	0.093122	0.974134	0.275490	-0.960716	0.033611	0.938996	0.261444	-0.223459
56487	10.412563	1.088211	-1.153568	0.256638	-0.465903	-0.068054	0.210131	0.094971	0.973050	0.278058	-0.959975	0.033648	0.937299	0.263494	-0.228128
56488	10.398679	0.649346	-1.322544	0.145754	-0.384556	-0.049772	0.213647	0.096431	0.972140	0.279547	-0.959539	0.033745	0.936060	0.264549	-0.231960
56489	9.956797	-0.081312	-1.339308	0.166129	-0.296889	-0.015119	0.216435	0.097337	0.971433	0.281151	-0.959080	0.033459	0.934938	0.265878	-0.234945
56490	8.908427	-0.578563	-1.628511	0.365819	-0.299665	0.048278	0.219424	0.097643	0.970731	0.284481	-0.958145	0.032073	0.933233	0.269117	-0.238017
56491	8.802085	-0.672933	-2.087816	0.480163	-0.410889	0.113228	0.223629	0.097646	0.969771	0.288723	-0.956949	0.029775	0.930929	0.273337	-0.242195
56492	9.458584	-0.652588	-2.761794	0.511433	-0.469100	0.152482	0.228487	0.097448	0.968658	0.293151	-0.955685	0.026995	0.928362	0.277795	-0.246929
56493	9.937752	-0.440343	-2.818119	0.539789	-0.430735	0.187874	0.233088	0.096832	0.967623	0.297739	-0.954351	0.023782	0.925755	0.282555	-0.251278
56494	10.065978	0.012997	-2.283169	0.512386	-0.370656	0.182325	0.237115	0.096117	0.966715	0.302064	-0.953063	0.020670	0.923327	0.287109	-0.255019
56495	10.390941	0.360265	-1.414571	0.462425	-0.334987	0.155523	0.240730	0.095575	0.965875	0.305974	-0.951871	0.017930	0.921102	0.291216	-0.258387
56496	10.784282	1.048490	-0.283181	0.365194	-0.251896	0.127717	0.243494	0.095066	0.965232	0.309042	-0.950919	0.015696	0.919350	0.294475	-0.260923
56497	10.884499	1.603521	0.604267	0.296820	-0.101307	0.113821	0.244827	0.094255	0.964974	0.311507	-0.950144	0.013773	0.918163	0.297224	-0.261982
56498	10.967052	1.674113	1.502982	0.293982	0.047971	0.104143	0.244767	0.093092	0.965103	0.313967	-0.949359	0.011946	0.917341	0.300086	-0.261599
56499	11.093685	1.331298	1.899996	0.410011	0.120725	0.101959	0.244023	0.091731	0.965421	0.317492	-0.948210	0.009845	0.916325	0.304111	-0.260509
56500	11.192891	0.815641	1.892296	0.621913	0.137171	0.099981	0.243142	0.090332	0.965775	0.322959	-0.946386	0.007211	0.914647	0.310152	-0.259279
56501	11.124562	0.039752	2.333362	0.750178	0.178173	0.140646	0.242005	0.088415	0.966238	0.329487	-0.944152	0.003870	0.912618	0.317426	-0.257621
56502	10.615214	-0.705274	2.910941	0.920228	0.214794	0.193647	0.240748	0.085868	0.966782	0.337422	-0.941353	-0.000415	0.910048	0.326314	-0.255603
56503	10.421479	-0.569698	3.310240	1.100198	0.227145	0.242247	0.239537	0.082807	0.967350	0.346851	-0.937903	-0.005602	0.906817	0.336868	-0.253384
56504	11.104842	0.080224	3.640468	1.080212	0.260890	0.285755	0.238235	0.079211	0.967972	0.355963	-0.934433	-0.011143	0.903623	0.347217	-0.250810
56505	12.183985	0.453940	3.654257	0.987701	0.358811	0.292274	0.236063	0.075186	0.968825	0.364199	-0.931176	-0.016476	0.900907	0.356734	-0.247199
56506	12.824910	0.111119	3.067544	0.924522	0.509702	0.301709	0.232643	0.070513	0.970003	0.371827	-0.928048	-0.021715	0.898678	0.365725	-0.242122
56507	13.104022	-0.619382	2.572323	0.992087	0.710156	0.339351	0.227546	0.064700	0.971615	0.379969	-0.924593	-0.027418	0.896575	0.375422	-0.234972
56508	13.017334	-1.647599	1.974636	1.119593	0.870773	0.406378	0.221368	0.057608	0.973487	0.389098	-0.920568	-0.034003	0.894203	0.386309	-0.226200
56509	12.674047	-2.773925	1.520273	1.274393	0.977537	0.517776	0.214677	0.048976	0.975456	0.399366	-0.915833	-0.041909	0.891303	0.398561	-0.216168
56510	12.281760	-3.515455	1.900712	1.287014	1.118377	0.651217	0.207415	0.038477	0.977496	0.409462	-0.910899	-0.051028	0.888437	0.410831	-0.204689
56511	11.914851	-3.827073	2.705892	1.220576	1.365581	0.786256	0.198544	0.025597	0.979758	0.418718	-0.906053	-0.061180	0.886146	0.422390	-0.190609
56512	11.170383	-3.626107	3.517411	1.103793	1.655159	0.874848	0.187645	0.010590	0.982180	0.426820	-0.901480	-0.071824	0.884655	0.432692	-0.173678
56513	10.282557	-3.125581	4.309453	0.962425	1.854892	0.916202	0.175169	-0.005814	0.984521	0.433694	-0.897279	-0.082463	0.883869	0.441426	-0.154654
56514	9.634274	-2.214145	4.678543	0.805266	1.953063	0.905358	0.161918	-0.022633	0.986545	0.439304	-0.893553	-0.092601	0.883626	0.448387	-0.134740
56515	9.098843	-0.949028	3.888447	0.684016	1.955555	0.811134	0.148197	-0.038753	0.988198	0.444120	-0.890198	-0.101513	0.883626	0.453923	-0.114713
56516	9.085145	0.124634	2.134870	0.644352	1.856722	0.672096	0.134852	-0.053221	0.989435	0.448882	-0.886932	-0.108886	0.883357	0.458824	-0.095714
56517	9.584983	0.805807	0.582488	0.572340	1.760840	0.524519	0.121636	-0.066045	0.990375	0.453297	-0.883959	-0.114622	0.883021	0.462876	-0.077583
