// General information: 
//  MT Manager version: 2022.2.0 
//  XDA version: 2022.2.0 build 7381 rev 124627 built on 2023-07-19
// Device information: 
//  DeviceId: 00B4CBA7
//  ProductCode: MTW2-3A7G6
//  Firmware Version: 4.6.0
//  Hardware Version: 2.0.0
// Device settings: 
//  Filter Profile: human(46.1)
//  Option Flags: Orientation Smoother Disabled, Position/Velocity Smoother Disabled, Continuous Zero Rotation Update Disabled, AHS Disabled, ICC Disabled
// Coordinate system: ENU
PacketCounter	Acc_X	Acc_Y	Acc_Z	Gyr_X	Gyr_Y	Gyr_Z	Mat[1][1]	Mat[2][1]	Mat[3][1]	Mat[1][2]	Mat[2][2]	Mat[3][2]	Mat[1][3]	Mat[2][3]	Mat[3][3]
45869	9.639698	-0.787430	1.082397	0.055735	-0.143261	0.206926	0.106596	-0.040583	0.993474	0.939622	0.330891	-0.087301	-0.325189	0.942796	0.073404
45870	9.597917	-0.840611	1.017758	0.064880	-0.174758	0.210717	0.107967	-0.038259	0.993418	0.939190	0.331582	-0.089304	-0.325983	0.942650	0.071732
45871	9.655454	-0.909198	0.949314	0.076959	-0.191505	0.214777	0.109327	-0.035761	0.993362	0.938711	0.332380	-0.091347	-0.326908	0.942467	0.069907
45872	9.621983	-0.755941	0.914021	0.079383	-0.196323	0.224666	0.110754	-0.033184	0.993294	0.938210	0.333203	-0.093481	-0.327866	0.942271	0.068037
45873	9.612127	-0.799031	0.869795	0.052129	-0.211805	0.235812	0.112239	-0.030418	0.993216	0.937780	0.333768	-0.095752	-0.328591	0.942164	0.065988
45874	9.623213	-1.035661	0.743388	0.021949	-0.219458	0.238358	0.113713	-0.027576	0.993131	0.937444	0.334041	-0.098062	-0.329042	0.942155	0.063836
45875	9.602522	-1.102333	0.696717	0.025832	-0.221966	0.238374	0.115184	-0.024706	0.993037	0.937090	0.334345	-0.100376	-0.329537	0.942127	0.061663
45876	9.563372	-1.028874	0.680066	0.020292	-0.222157	0.239662	0.116658	-0.021833	0.992932	0.936751	0.334589	-0.102700	-0.329982	0.942111	0.059484
45877	9.582463	-1.008148	0.684702	-0.002972	-0.217735	0.244613	0.118199	-0.018979	0.992809	0.936477	0.334612	-0.105096	-0.330211	0.942165	0.057324
45878	9.565746	-1.132614	0.709080	-0.008386	-0.222495	0.244739	0.119717	-0.016085	0.992678	0.936220	0.334574	-0.107486	-0.330395	0.942232	0.055113
45879	9.573661	-1.133015	0.664073	0.005467	-0.219884	0.249065	0.121291	-0.013195	0.992529	0.935906	0.334661	-0.109922	-0.330710	0.942246	0.052941
45880	9.595792	-0.979362	0.599839	0.014039	-0.226715	0.254435	0.122883	-0.010229	0.992368	0.935555	0.334820	-0.112397	-0.331115	0.942226	0.050713
45881	9.569384	-0.887104	0.632259	-0.008678	-0.225499	0.264961	0.124583	-0.007235	0.992183	0.935260	0.334760	-0.114995	-0.331311	0.942276	0.048472
45882	9.551650	-0.961241	0.706611	-0.033593	-0.234538	0.275416	0.126343	-0.004124	0.991978	0.935032	0.334457	-0.117699	-0.331289	0.942402	0.046113
45883	9.558210	-1.153565	0.725893	-0.035820	-0.240486	0.283252	0.128161	-0.000933	0.991753	0.934798	0.334119	-0.120486	-0.331252	0.942530	0.043693
45884	9.538141	-1.227608	0.749800	-0.025063	-0.253061	0.294017	0.130032	0.002414	0.991507	0.934508	0.333879	-0.123369	-0.331341	0.942613	0.041159
45885	9.513645	-1.192425	0.752514	-0.019541	-0.269106	0.302656	0.131936	0.005941	0.991240	0.934181	0.333682	-0.126341	-0.331509	0.942667	0.038475
45886	9.493504	-1.267971	0.773772	-0.008016	-0.288185	0.313321	0.133868	0.009682	0.990952	0.933798	0.333580	-0.129406	-0.331815	0.942672	0.035615
45887	9.484938	-1.376334	0.791300	-0.013309	-0.311903	0.313331	0.135723	0.013650	0.990653	0.933425	0.333418	-0.132476	-0.332110	0.942680	0.032511
45888	9.481598	-1.459243	0.709863	0.004024	-0.329781	0.324974	0.137621	0.017821	0.990325	0.932974	0.333404	-0.135650	-0.332595	0.942616	0.029257
45889	9.461568	-1.428777	0.778816	0.008526	-0.353684	0.323647	0.139431	0.022219	0.989982	0.932501	0.333424	-0.138818	-0.333168	0.942515	0.025770
45890	9.466030	-1.326577	0.700553	0.009786	-0.373170	0.329151	0.141216	0.026812	0.989616	0.932013	0.333434	-0.142031	-0.333780	0.942392	0.022097
45891	9.434608	-1.371006	0.714592	0.001854	-0.393384	0.330557	0.142947	0.031606	0.989226	0.931543	0.333357	-0.145263	-0.334357	0.942271	0.018210
45892	9.409008	-1.336487	0.655948	0.015499	-0.422551	0.343316	0.144692	0.036710	0.988796	0.931004	0.333386	-0.148612	-0.335106	0.942076	0.014061
45893	9.405108	-1.259046	0.595636	0.013932	-0.440186	0.352388	0.146461	0.042018	0.988324	0.930449	0.333382	-0.152058	-0.335878	0.941855	0.009732
45894	9.475837	-1.246783	0.501135	-0.002458	-0.454496	0.359922	0.148243	0.047476	0.987811	0.929934	0.333198	-0.155571	-0.336522	0.941661	0.005244
45895	9.516613	-1.357589	0.450781	-0.029687	-0.466934	0.363571	0.150017	0.053066	0.987258	0.929497	0.332738	-0.159125	-0.336943	0.941525	0.000592
45896	9.522751	-1.588758	0.396059	-0.046185	-0.484748	0.363438	0.151722	0.058817	0.986672	0.929111	0.332101	-0.162668	-0.337242	0.941408	-0.004260
45897	9.456458	-1.921027	0.170065	-0.023229	-0.494206	0.357137	0.153338	0.064631	0.986058	0.928653	0.331660	-0.166149	-0.337774	0.941183	-0.009164
45898	9.461302	-2.290809	-0.185506	0.043843	-0.478305	0.332145	0.154764	0.070212	0.985453	0.928000	0.331850	-0.169385	-0.338915	0.940716	-0.013798
45899	9.463995	-2.468541	-0.652372	0.119503	-0.455436	0.311008	0.156066	0.075517	0.984856	0.927116	0.332752	-0.172431	-0.340735	0.939986	-0.018082
45900	9.668883	-2.448936	-0.956494	0.153431	-0.435161	0.290793	0.157235	0.080554	0.984270	0.926143	0.333969	-0.175282	-0.342835	0.939136	-0.022093
45901	9.682099	-2.299165	-1.112084	0.162613	-0.416731	0.274063	0.158304	0.085361	0.983694	0.925159	0.335269	-0.177977	-0.344994	0.938247	-0.025898
45902	9.713557	-2.103259	-1.314318	0.154275	-0.365348	0.255123	0.159361	0.089623	0.983144	0.924228	0.336494	-0.180485	-0.346998	0.937411	-0.029208
45903	9.804049	-2.129481	-1.429363	0.140966	-0.316735	0.238583	0.160429	0.093375	0.982621	0.923361	0.337602	-0.182835	-0.348807	0.936646	-0.032058
45904	9.765945	-2.030442	-1.545810	0.136232	-0.272177	0.232563	0.161586	0.096689	0.982111	0.922518	0.338658	-0.185122	-0.350499	0.935928	-0.034475
45905	9.889013	-1.875073	-1.527532	0.109211	-0.223943	0.228989	0.162875	0.099548	0.981612	0.921770	0.339460	-0.187371	-0.351870	0.935338	-0.036471
45906	9.855782	-1.825275	-1.416998	0.070758	-0.177134	0.226091	0.164297	0.101951	0.981128	0.921158	0.339896	-0.189574	-0.352809	0.934921	-0.038069
45907	9.830460	-1.831421	-1.232196	0.036231	-0.145852	0.224010	0.165809	0.104059	0.980652	0.920668	0.340006	-0.191745	-0.353380	0.934649	-0.039428
45908	9.777770	-1.963871	-1.144142	0.013819	-0.115379	0.222252	0.167409	0.105871	0.980186	0.920257	0.339904	-0.193887	-0.353697	0.934482	-0.040526
45909	9.584902	-2.492360	-1.074895	-0.008068	-0.095687	0.202572	0.168904	0.107436	0.979760	0.919951	0.339615	-0.195834	-0.353781	0.934408	-0.041474
45910	9.744414	-2.544686	-0.981557	0.065814	-0.086391	0.202219	0.170420	0.108909	0.979334	0.919383	0.340014	-0.197799	-0.354530	0.934093	-0.042184
45911	9.698266	-1.805703	-0.710676	0.073171	-0.077500	0.210746	0.172049	0.110333	0.978890	0.918770	0.340469	-0.199858	-0.355332	0.933760	-0.042793
45912	9.750134	-1.547337	-0.640555	-0.051031	-0.054852	0.220266	0.173840	0.111573	0.978433	0.918578	0.339751	-0.201948	-0.354955	0.933874	-0.043426
45913	9.569650	-2.175754	-0.842606	-0.140643	-0.034341	0.204031	0.175562	0.112568	0.978011	0.918727	0.338211	-0.203848	-0.353721	0.934314	-0.044042
45914	9.609650	-2.728011	-0.972143	-0.138808	-0.018280	0.184995	0.177160	0.113342	0.977634	0.918899	0.336708	-0.205553	-0.352475	0.934763	-0.044499
45915	9.589187	-2.960565	-1.007260	-0.092275	-0.001654	0.162907	0.178620	0.113887	0.977305	0.918942	0.335662	-0.207069	-0.351626	0.935073	-0.044700
45916	9.576341	-2.855124	-0.954034	-0.063326	0.012443	0.138633	0.179900	0.114214	0.977032	0.918924	0.334915	-0.208352	-0.351019	0.935301	-0.044703
45917	9.645169	-2.390458	-0.598915	-0.062791	0.031320	0.121897	0.181098	0.114312	0.976799	0.918932	0.334190	-0.209479	-0.350382	0.935548	-0.044524
45918	9.466942	-2.639100	-0.658954	-0.114748	0.045569	0.091936	0.182065	0.114171	0.976636	0.919175	0.333014	-0.210283	-0.349242	0.935984	-0.044313
45919	9.537516	-3.029227	-0.780202	-0.064253	0.057322	0.063945	0.182823	0.113829	0.976534	0.919290	0.332341	-0.210845	-0.348543	0.936265	-0.043882
45920	9.482114	-1.835638	-0.275175	0.004756	0.043509	0.096157	0.183821	0.113720	0.976359	0.919106	0.332280	-0.211743	-0.348504	0.936300	-0.043441
45921	9.366519	-2.464080	-0.531012	-0.019079	0.017702	0.111102	0.184874	0.113906	0.976139	0.918974	0.331976	-0.212786	-0.348292	0.936385	-0.043303
45922	9.433375	-2.770088	-0.624427	0.011943	0.022610	0.086647	0.185711	0.113961	0.975974	0.918781	0.331992	-0.213594	-0.348357	0.936373	-0.043051
45923	9.402056	-2.731263	-0.615317	0.043296	0.035388	0.052126	0.186284	0.113786	0.975885	0.918541	0.332340	-0.214087	-0.348686	0.936271	-0.042607
45924	9.508701	-2.509238	-0.392716	0.052380	0.036588	0.032489	0.186672	0.113530	0.975840	0.918306	0.332797	-0.214384	-0.349095	0.936140	-0.042132
45925	9.502065	-2.251493	-0.302053	0.024892	0.050469	0.017598	0.186981	0.113098	0.975831	0.918194	0.333011	-0.214533	-0.349226	0.936116	-0.041580
45926	9.443611	-2.359137	-0.270099	-0.038362	0.051315	0.006145	0.187179	0.112617	0.975849	0.918325	0.332648	-0.214534	-0.348775	0.936303	-0.041155
45927	9.403005	-2.537035	-0.416465	-0.051985	0.054817	-0.010846	0.187241	0.112051	0.975902	0.918534	0.332175	-0.214373	-0.348191	0.936538	-0.040726
45928	9.437541	-2.470714	-0.438454	-0.064795	0.060777	-0.025637	0.187179	0.111375	0.975992	0.918816	0.331600	-0.214054	-0.347479	0.936823	-0.040265
45929	9.462546	-2.450461	-0.338173	-0.073849	0.059694	-0.039590	0.186993	0.110668	0.976108	0.919153	0.330953	-0.213605	-0.346685	0.937135	-0.039835
45930	9.390127	-2.229735	-0.143657	-0.063707	0.055399	-0.038030	0.186797	0.110002	0.976220	0.919454	0.330401	-0.213165	-0.345993	0.937409	-0.039423
45931	9.430038	-2.189096	-0.020536	-0.074161	0.042478	-0.041890	0.186530	0.109447	0.976334	0.919796	0.329753	-0.212693	-0.345228	0.937702	-0.039160
45932	9.397732	-2.134034	0.134936	-0.087466	0.026691	-0.043349	0.186185	0.109033	0.976446	0.920187	0.328983	-0.212193	-0.344370	0.938020	-0.039079
45933	9.422440	-2.113238	0.231049	-0.098060	0.009340	-0.048360	0.185743	0.108770	0.976560	0.920621	0.328117	-0.211650	-0.343447	0.938354	-0.039190
45934	9.405912	-2.042663	0.233834	-0.108732	-0.015476	-0.041112	0.185274	0.108759	0.976650	0.921079	0.327145	-0.211163	-0.342472	0.938695	-0.039564
45935	9.385764	-1.997281	0.307427	-0.116815	-0.037882	-0.038501	0.184760	0.108972	0.976724	0.921557	0.326091	-0.210706	-0.341462	0.939037	-0.040175
45936	9.241267	-2.018036	0.562268	-0.111156	-0.076145	-0.034701	0.184143	0.109553	0.976775	0.922009	0.325088	-0.210279	-0.340575	0.939317	-0.041146
45937	9.116251	-1.881014	0.892730	-0.055545	-0.142688	-0.007638	0.183557	0.110851	0.976739	0.922219	0.324577	-0.210148	-0.340322	0.939341	-0.042650
45938	9.125178	-1.651548	1.354027	0.000788	-0.229993	0.029237	0.183006	0.113085	0.976586	0.922171	0.324554	-0.210391	-0.340747	0.939083	-0.044889
45939	9.212693	-1.670411	1.564281	0.001236	-0.311764	0.045383	0.182332	0.116141	0.976354	0.922091	0.324517	-0.210801	-0.341326	0.938723	-0.047923
45940	9.095646	-1.399610	1.905626	-0.027741	-0.414263	0.072500	0.181548	0.120243	0.976003	0.922062	0.324174	-0.211452	-0.341821	0.938324	-0.052019
45941	9.233182	-1.487013	1.718030	-0.027424	-0.516846	0.102205	0.180693	0.125404	0.975512	0.921977	0.323795	-0.212401	-0.342502	0.937780	-0.057113
45942	9.063291	-0.972648	1.668352	-0.034022	-0.612641	0.149497	0.179932	0.131610	0.974835	0.921833	0.323288	-0.213796	-0.343290	0.937104	-0.063153
45943	9.054022	-1.205392	1.573948	-0.114791	-0.714252	0.184899	0.179155	0.138878	0.973969	0.921901	0.321968	-0.215487	-0.343513	0.936509	-0.070350
45944	9.223489	-1.781813	1.201499	-0.105772	-0.799482	0.208002	0.178287	0.147010	0.972935	0.921902	0.320685	-0.217390	-0.343964	0.935708	-0.078355
45945	9.212681	-2.091366	0.738045	-0.064625	-0.867263	0.223025	0.177325	0.155815	0.971739	0.921734	0.319749	-0.219471	-0.344909	0.934603	-0.086920
45946	9.329640	-2.164592	0.383449	-0.099629	-0.912085	0.232736	0.176283	0.165056	0.970402	0.921675	0.318450	-0.221597	-0.345600	0.933459	-0.095991
45947	9.230292	-2.668267	-0.287208	-0.144411	-0.923586	0.232586	0.175205	0.174392	0.968964	0.921771	0.316715	-0.223673	-0.345892	0.932351	-0.105259
45948	9.114981	-2.618471	-0.775561	-0.149667	-0.933396	0.229869	0.174056	0.183794	0.967432	0.921896	0.314915	-0.225692	-0.346140	0.931154	-0.114626
45949	9.123318	-2.712246	-0.949137	-0.213729	-0.929652	0.221059	0.172849	0.193119	0.965830	0.922257	0.312518	-0.227539	-0.345782	0.930074	-0.124088
45950	9.298743	-3.190857	-1.136128	-0.219963	-0.949206	0.193742	0.171318	0.202525	0.964175	0.922692	0.310097	-0.229083	-0.345383	0.928883	-0.133743
45951	9.652421	-3.246879	-1.065161	-0.136299	-0.978601	0.169599	0.169472	0.212113	0.962438	0.922879	0.308490	-0.230495	-0.345794	0.927277	-0.143474
45952	9.893319	-2.672245	-1.131081	-0.066801	-0.989704	0.163736	0.167518	0.221765	0.960603	0.922843	0.307524	-0.231928	-0.346842	0.925337	-0.153139
45953	10.019595	-2.427999	-1.197734	-0.099532	-1.013554	0.163617	0.165479	0.231616	0.958629	0.922921	0.306243	-0.233307	-0.347611	0.923347	-0.163087
45954	10.498392	-2.322772	-1.392865	-0.092500	-1.031351	0.186817	0.163576	0.241679	0.956470	0.922943	0.304956	-0.234898	-0.348451	0.921191	-0.173173
45955	10.654188	-1.676397	-1.145881	-0.139632	-1.036922	0.259345	0.162326	0.251989	0.954019	0.923012	0.303042	-0.237094	-0.348853	0.919057	-0.183398
45956	10.564741	-1.477704	-0.816199	-0.315328	-1.028476	0.321120	0.161671	0.262381	0.951325	0.923598	0.299331	-0.239516	-0.347605	0.917365	-0.193941
45957	10.608103	-1.301392	-0.445870	-0.472262	-1.030010	0.382519	0.161610	0.272938	0.948360	0.924619	0.293990	-0.242175	-0.344907	0.916010	-0.204852
45958	11.509695	-1.155963	0.385148	-0.628554	-1.049746	0.422395	0.161882	0.283756	0.945133	0.926099	0.287070	-0.244808	-0.340786	0.914917	-0.216315
45959	12.003359	0.249490	0.322245	-0.682582	-1.104053	0.453939	0.162322	0.295116	0.941572	0.927678	0.279530	-0.247540	-0.336251	0.913657	-0.228399
45960	11.348875	0.519737	0.225499	-0.816369	-1.194170	0.527885	0.163204	0.307453	0.937463	0.929549	0.270498	-0.250539	-0.330610	0.912307	-0.241646
45961	11.197914	0.439643	0.112285	-0.932800	-1.299326	0.595740	0.164463	0.320857	0.932739	0.931631	0.260140	-0.253754	-0.324061	0.910702	-0.256137
45962	11.257569	0.309789	0.040702	-0.969875	-1.420286	0.673316	0.166149	0.335473	0.927282	0.933636	0.249120	-0.257415	-0.317361	0.908514	-0.271819
45963	11.211069	0.204444	-0.398514	-0.899899	-1.554112	0.790645	0.168617	0.351475	0.920887	0.935147	0.238262	-0.262165	-0.311557	0.905371	-0.288506
45964	11.112996	0.298238	-0.831247	-0.836075	-1.675317	0.883031	0.171663	0.368649	0.913581	0.936237	0.227543	-0.267739	-0.306581	0.901289	-0.306082
45965	11.167476	0.528167	-1.152049	-0.830112	-1.771375	0.967570	0.175303	0.386700	0.905391	0.937089	0.216449	-0.273887	-0.301883	0.896445	-0.324428
45966	11.061234	0.273280	-1.422786	-0.937206	-1.863139	1.025087	0.179301	0.405492	0.896341	0.938084	0.204027	-0.279950	-0.296395	0.891038	-0.343803
45967	11.199569	-0.591567	-1.857425	-1.055485	-1.933677	1.036807	0.183329	0.424690	0.886583	0.939304	0.190373	-0.285423	-0.289998	0.885097	-0.364012
45968	11.257689	-1.597255	-2.055340	-1.117978	-1.960685	1.030960	0.187362	0.443856	0.876292	0.940605	0.176054	-0.290287	-0.283120	0.878633	-0.384508
45969	11.063209	-2.553424	-2.517671	-1.110888	-1.965191	1.022815	0.191454	0.462763	0.865561	0.941782	0.161721	-0.294776	-0.276391	0.871606	-0.404860
45970	10.731720	-3.807333	-3.187811	-1.150468	-1.939820	1.014265	0.195680	0.481153	0.854518	0.942967	0.146968	-0.298687	-0.269301	0.864229	-0.424953
45971	10.525419	-5.021670	-3.670398	-1.122901	-1.900311	1.005360	0.200075	0.498890	0.843255	0.943970	0.132409	-0.302307	-0.262472	0.856491	-0.444445
45972	10.471349	-5.751824	-4.156732	-1.004129	-1.859651	0.993727	0.204591	0.515979	0.831810	0.944575	0.118827	-0.306036	-0.256749	0.848319	-0.463070
45973	10.240680	-5.729153	-4.555411	-0.892254	-1.822879	0.973856	0.209115	0.532445	0.820228	0.944838	0.106221	-0.309837	-0.252097	0.839774	-0.480861
45974	10.135021	-5.385747	-4.406589	-0.829918	-1.768797	0.931832	0.213458	0.548146	0.808685	0.944954	0.094275	-0.313328	-0.247988	0.831053	-0.497849
45975	9.584604	-5.449419	-4.632568	-0.784763	-1.669434	0.867603	0.217510	0.562702	0.797531	0.945022	0.083001	-0.316297	-0.244177	0.822482	-0.513713
45976	8.711735	-5.490701	-5.039791	-0.665382	-1.555762	0.813490	0.221381	0.576059	0.786859	0.944862	0.072947	-0.319239	-0.241300	0.814147	-0.528147
45977	8.147921	-5.035537	-5.394783	-0.558605	-1.429156	0.739295	0.224893	0.588130	0.776869	0.944562	0.064152	-0.322005	-0.239219	0.806218	-0.541098
45978	7.047838	-4.666640	-5.566557	-0.489797	-1.276374	0.642956	0.227884	0.598754	0.767830	0.944284	0.056430	-0.324258	-0.237479	0.798943	-0.552534
45979	5.792045	-4.014440	-5.337548	-0.387993	-1.133954	0.527020	0.230134	0.608044	0.759816	0.944004	0.050199	-0.326093	-0.236421	0.792315	-0.562443
45980	5.282718	-2.842903	-5.362714	-0.375331	-0.911818	0.347031	0.231222	0.615401	0.753537	0.944099	0.045137	-0.326558	-0.234977	0.786920	-0.570563
45981	5.401320	-3.574981	-5.928571	-0.594375	-0.685469	0.148226	0.230987	0.620832	0.749141	0.945148	0.039592	-0.324233	-0.230954	0.782943	-0.577633
45982	6.939180	-3.625279	-4.752007	-0.273863	-0.432444	-0.055708	0.229425	0.624184	0.746832	0.945917	0.037824	-0.322195	-0.229357	0.780361	-0.581749
45983	6.650087	-3.191171	-4.801125	0.157420	-0.184579	-0.236053	0.226729	0.625518	0.746539	0.946100	0.040562	-0.321323	-0.231275	0.779154	-0.582607
45984	6.055238	-2.654676	-5.147574	0.507027	0.044955	-0.406879	0.222945	0.624982	0.748126	0.945841	0.047083	-0.321198	-0.235967	0.779218	-0.580637
45985	5.694073	-2.265735	-5.056524	0.722216	0.294318	-0.579827	0.218128	0.622374	0.751712	0.945400	0.056368	-0.321001	-0.242155	0.780687	-0.576097
45986	5.652880	-2.618756	-5.002945	0.957079	0.550826	-0.742849	0.212423	0.617594	0.757267	0.944654	0.068485	-0.320841	-0.250011	0.783510	-0.568865
45987	6.043549	-2.393249	-4.612776	1.283479	0.813466	-0.841510	0.206519	0.610550	0.764578	0.943147	0.083770	-0.321646	-0.260430	0.787535	-0.558538
45988	6.106768	-1.361299	-4.205379	1.462847	1.091613	-0.900765	0.200899	0.601083	0.773524	0.941097	0.100812	-0.322758	-0.271985	0.792803	-0.545424
45989	5.880698	-0.177838	-3.879023	1.365629	1.387845	-0.982094	0.195473	0.588944	0.784178	0.939266	0.117564	-0.322426	-0.282082	0.799577	-0.530195
45990	5.935595	0.428535	-3.657094	1.111235	1.687487	-1.093654	0.189988	0.573999	0.796511	0.938208	0.132879	-0.319544	-0.289258	0.808002	-0.513285
45991	6.110376	0.757595	-3.509191	0.751835	1.982618	-1.200576	0.184454	0.556188	0.810328	0.938274	0.145811	-0.313658	-0.292607	0.818165	-0.494961
45992	6.516547	0.215829	-3.582079	0.363328	2.268437	-1.285172	0.178978	0.535542	0.825325	0.939556	0.155843	-0.304873	-0.291893	0.830005	-0.475279
45993	6.940279	-0.665619	-3.847377	0.114135	2.533780	-1.364091	0.173462	0.512143	0.841202	0.941634	0.163975	-0.294004	-0.288508	0.843102	-0.453808
45994	7.391845	-1.000190	-3.901861	-0.032367	2.773261	-1.413170	0.168029	0.486188	0.857547	0.944147	0.170775	-0.281819	-0.283464	0.857005	-0.430338
45995	7.360880	-1.109621	-3.913185	-0.165281	2.988828	-1.455269	0.162605	0.457810	0.874053	0.947021	0.176244	-0.268493	-0.276966	0.871406	-0.404898
45996	7.432049	-1.528303	-4.167513	-0.311799	3.186347	-1.523663	0.156807	0.427078	0.890515	0.950314	0.180264	-0.253789	-0.268915	0.886064	-0.377591
45997	7.809631	-2.197528	-4.449175	-0.314450	3.361071	-1.578558	0.150643	0.394155	0.906614	0.953578	0.183963	-0.238426	-0.260760	0.900444	-0.348145
45998	7.981521	-3.156504	-4.870989	-0.207550	3.517660	-1.635665	0.144028	0.359177	0.922089	0.956529	0.188256	-0.222738	-0.253591	0.914085	-0.316449
45999	8.466081	-3.322811	-4.613896	0.000400	3.640689	-1.682665	0.137014	0.322429	0.936625	0.958897	0.194016	-0.207062	-0.248483	0.926497	-0.282594
46000	8.509287	-3.301738	-4.390811	0.128023	3.735919	-1.739725	0.129486	0.284157	0.949994	0.960906	0.200498	-0.190946	-0.244731	0.937580	-0.247086
46001	8.855531	-3.119015	-3.937529	0.197207	3.800354	-1.805045	0.121334	0.244635	0.961994	0.962694	0.207148	-0.174100	-0.241866	0.947229	-0.210374
46002	9.313895	-3.058038	-3.289530	0.231037	3.837783	-1.856511	0.112644	0.204199	0.972427	0.964315	0.213521	-0.156541	-0.239599	0.955359	-0.172861
46003	9.814235	-2.442124	-2.589531	0.192112	3.855397	-1.872592	0.103728	0.163161	0.981132	0.965886	0.218816	-0.138505	-0.237286	0.962028	-0.134898
46004	10.200083	-2.167740	-2.161328	0.073428	3.859621	-1.866805	0.094737	0.121788	0.988025	0.967571	0.222189	-0.120163	-0.234162	0.967367	-0.096789
46005	10.765641	-2.050626	-1.797880	-0.075598	3.802734	-1.819570	0.085904	0.080844	0.993018	0.969392	0.223308	-0.102040	-0.229998	0.971390	-0.059186
46006	11.223361	-1.558921	-1.413060	-0.219181	3.738421	-1.715973	0.077713	0.040632	0.996147	0.971299	0.222219	-0.084838	-0.224810	0.974150	-0.022197
46007	11.662415	-1.315401	-0.974883	-0.418965	3.622773	-1.557628	0.070554	0.001851	0.997506	0.973383	0.218469	-0.069253	-0.218053	0.975842	0.013612
46008	11.666013	-1.047574	-0.550155	-0.595138	3.460092	-1.362880	0.064635	-0.034883	0.997299	0.975582	0.212431	-0.055797	-0.209911	0.976553	0.047762
46009	11.330486	-0.735213	0.139864	-0.770960	3.233558	-1.129955	0.060197	-0.068839	0.995810	0.977870	0.204317	-0.044989	-0.200364	0.976481	0.079615
46010	10.835400	0.292103	1.333187	-1.075614	2.930125	-0.877276	0.057257	-0.099208	0.993418	0.980478	0.193072	-0.037230	-0.188107	0.976156	0.108326
46011	10.391370	-0.419098	1.347218	-1.654485	2.586820	-0.699392	0.054991	-0.125775	0.990534	0.983838	0.176130	-0.032254	-0.170406	0.976298	0.133428
46012	9.679999	-1.556727	1.046801	-1.915052	2.168464	-0.560434	0.052903	-0.147896	0.987587	0.987215	0.156656	-0.029423	-0.150359	0.976517	0.154293
46013	8.727489	-1.897347	0.517131	-1.971100	1.720213	-0.351449	0.051805	-0.165232	0.984893	0.990163	0.136851	-0.029123	-0.129971	0.976714	0.170696
46014	8.070343	-1.797934	-0.188387	-1.932575	1.249015	-0.094577	0.052325	-0.177567	0.982717	0.992536	0.117799	-0.031562	-0.110159	0.977033	0.182405
46015	7.399707	-1.499650	-1.707476	-1.778521	0.788538	0.119522	0.054275	-0.185159	0.981209	0.994272	0.100629	-0.036009	-0.092071	0.977543	0.189560
46016	6.357711	-1.613209	-2.895471	-1.550032	0.323593	0.273230	0.057223	-0.188080	0.980485	0.995429	0.085970	-0.041604	-0.076468	0.978384	0.192140
46017	5.851225	-2.776769	-4.100580	-1.133542	-0.127317	0.339263	0.060477	-0.186573	0.980578	0.996034	0.075503	-0.047064	-0.065255	0.979535	0.190400
46018	5.457703	-3.820144	-5.338660	-0.467144	-0.526464	0.342559	0.063514	-0.181171	0.981398	0.996119	0.071544	-0.051259	-0.060926	0.980846	0.185012
46019	5.418788	-4.181234	-5.796035	0.310634	-0.875688	0.329003	0.066207	-0.172346	0.982809	0.995713	0.075167	-0.053895	-0.064586	0.982164	0.176584
46020	7.029057	-3.229408	-2.988257	0.941474	-1.051999	0.325706	0.068674	-0.161758	0.984438	0.994841	0.084954	-0.055440	-0.074664	0.983167	0.166758
46021	10.693509	-0.672084	1.862941	1.176590	-0.772118	0.208476	0.070091	-0.153987	0.985584	0.993749	0.096844	-0.055540	-0.086896	0.983315	0.159812
46022	12.109436	0.293985	4.571424	0.963923	-0.296023	0.108144	0.070850	-0.150978	0.985995	0.992791	0.106476	-0.055035	-0.096676	0.982786	0.157434
46023	12.724003	2.250607	5.001575	0.490322	-0.074394	0.118670	0.071922	-0.150129	0.986047	0.992223	0.111466	-0.055401	-0.101593	0.982363	0.156979
46024	13.742214	3.564349	3.259739	-0.019467	-0.231893	0.106437	0.072700	-0.147744	0.986350	0.992169	0.111425	-0.056439	-0.101565	0.982729	0.154688
46025	13.534896	1.792066	1.941334	-0.487696	-0.418937	0.199740	0.074233	-0.143419	0.986874	0.992509	0.106914	-0.059119	-0.097032	0.983870	0.150281
46026	11.807511	0.158505	0.398297	-0.532091	-0.508022	0.341732	0.077102	-0.138072	0.987417	0.992757	0.102148	-0.063235	-0.092132	0.985141	0.144948
46027	10.640205	-0.533008	0.219463	-0.450841	-0.616033	0.436140	0.080842	-0.131574	0.988005	0.992822	0.098286	-0.068147	-0.088140	0.986422	0.138575
46028	10.724811	-3.136188	-0.408524	-0.235289	-0.810120	0.506688	0.085122	-0.123095	0.988738	0.992611	0.096601	-0.073429	-0.086474	0.987682	0.130408
46029	10.718860	-3.263152	-1.261579	0.302494	-0.998008	0.528055	0.089445	-0.112724	0.989592	0.991886	0.100207	-0.078238	-0.090345	0.988560	0.120773
46030	10.069003	-0.950022	-0.461262	0.518479	-0.987028	0.524376	0.093680	-0.102435	0.990319	0.990926	0.105891	-0.082784	-0.096386	0.989087	0.111426
46031	9.719199	-0.073847	-0.005517	0.294674	-0.934332	0.527303	0.097951	-0.092634	0.990871	0.990134	0.109316	-0.087659	-0.100197	0.989681	0.102428
46032	9.652437	-1.006226	0.117475	-0.036511	-0.882026	0.523839	0.102208	-0.083340	0.991266	0.989651	0.109409	-0.092843	-0.100716	0.990497	0.093660
46033	9.545433	-2.746747	-0.410280	-0.066570	-0.841693	0.471937	0.105996	-0.074495	0.991572	0.989231	0.109117	-0.097548	-0.100931	0.991234	0.085258
46034	9.775925	-2.367918	-0.798747	0.113969	-0.819339	0.417529	0.109247	-0.065925	0.991826	0.988670	0.110535	-0.101552	-0.102937	0.991683	0.077253
46035	10.284277	-0.713441	-0.682181	0.102088	-0.793450	0.425466	0.112595	-0.057591	0.991971	0.988096	0.111806	-0.105664	-0.104823	0.992060	0.069495
46036	10.213794	0.088288	-0.630219	-0.176921	-0.725825	0.422982	0.115974	-0.049931	0.991996	0.987803	0.110273	-0.109934	-0.103902	0.992646	0.062111
46037	10.025681	-1.004470	-0.791189	-0.417436	-0.680059	0.407501	0.119271	-0.042745	0.991941	0.987755	0.106313	-0.114186	-0.100575	0.993414	0.054902
46038	10.096501	-0.955941	-0.509774	-0.503950	-0.666166	0.412898	0.122651	-0.035707	0.991807	0.987757	0.101462	-0.118497	-0.096400	0.994198	0.047715
46039	9.735575	-2.381891	-0.595903	-0.555117	-0.639409	0.397002	0.125938	-0.028964	0.991615	0.987790	0.096066	-0.122646	-0.091708	0.994954	0.040709
46040	9.738483	-3.056974	-0.500100	-0.359327	-0.617154	0.363529	0.128928	-0.022490	0.991399	0.987657	0.092580	-0.126342	-0.088942	0.995451	0.034149
46041	9.447666	-2.867489	-0.190448	-0.183745	-0.596010	0.299769	0.131329	-0.016289	0.991205	0.987434	0.090805	-0.129337	-0.087899	0.995735	0.028010
46042	9.666946	-2.344915	0.186900	-0.119135	-0.591583	0.256780	0.133303	-0.010177	0.991023	0.987205	0.089650	-0.131869	-0.087503	0.995921	0.021998
46043	9.642150	-2.578429	-0.088164	-0.106360	-0.593537	0.235156	0.135073	-0.004063	0.990827	0.986987	0.088604	-0.134187	-0.087246	0.996059	0.015978
46044	9.579846	-1.967241	0.095786	-0.067293	-0.592127	0.211532	0.136601	0.002011	0.990624	0.986765	0.087934	-0.136248	-0.087383	0.996124	0.010028
46045	9.594445	-1.237696	0.543987	-0.126510	-0.574077	0.183006	0.137875	0.007882	0.990418	0.986628	0.086662	-0.138037	-0.086919	0.996207	0.004172
46046	9.401550	-1.707248	0.537164	-0.279057	-0.569556	0.161244	0.138934	0.013683	0.990207	0.986651	0.083862	-0.139594	-0.084951	0.996383	-0.001849
46047	9.467967	-2.571061	0.265485	-0.175678	-0.604253	0.155164	0.139923	0.019826	0.989964	0.986588	0.082084	-0.141090	-0.084057	0.996428	-0.008075
46048	9.365723	-2.480862	0.013680	0.069173	-0.624048	0.137703	0.140709	0.026146	0.989706	0.986342	0.082740	-0.142417	-0.085612	0.996228	-0.014147
46049	9.378314	-1.563076	-0.167714	0.125721	-0.627297	0.110552	0.141225	0.032480	0.989445	0.986082	0.083959	-0.143501	-0.087733	0.995940	-0.020171
46050	9.597687	-1.675973	-0.374792	0.063536	-0.633258	0.109904	0.141706	0.038868	0.989145	0.985877	0.084552	-0.144560	-0.089253	0.995661	-0.026338
46051	9.488143	-1.650549	-0.363942	0.067350	-0.627268	0.100873	0.142104	0.045191	0.988820	0.985678	0.085179	-0.145546	-0.090804	0.995340	-0.032439
46052	9.566557	-1.365551	-0.416173	0.034080	-0.622826	0.095443	0.142433	0.051460	0.988466	0.985517	0.085472	-0.146458	-0.092023	0.995011	-0.038541
46053	9.520160	-0.882153	-0.218679	-0.049089	-0.614827	0.101140	0.142832	0.057656	0.988066	0.985423	0.084928	-0.147406	-0.092413	0.994718	-0.044685
46054	9.426146	-1.218605	-0.139874	-0.134923	-0.635403	0.101116	0.143201	0.064050	0.987619	0.985409	0.083525	-0.148297	-0.091989	0.994445	-0.051154
46055	9.297562	-1.559808	-0.086705	-0.124610	-0.664253	0.121468	0.143757	0.070748	0.987081	0.985354	0.082204	-0.149397	-0.091712	0.994101	-0.057894
46056	9.256851	-1.508782	0.128392	-0.077127	-0.708482	0.133143	0.144375	0.077888	0.986453	0.985240	0.081340	-0.150620	-0.091970	0.993638	-0.064995
46057	9.225510	-1.310026	0.411811	-0.075946	-0.754704	0.147517	0.145102	0.085497	0.985716	0.985101	0.080466	-0.151991	-0.092311	0.993084	-0.072547
46058	9.260424	-1.360980	0.529538	-0.082699	-0.796709	0.150968	0.145810	0.093516	0.984883	0.984964	0.079512	-0.153372	-0.092653	0.992438	-0.080517
46059	9.125420	-1.495120	0.664648	-0.077820	-0.849646	0.163166	0.146597	0.102067	0.983916	0.984803	0.078582	-0.154881	-0.093127	0.991669	-0.088996
46060	9.083169	-1.737101	0.801514	-0.058196	-0.924516	0.163127	0.147297	0.111348	0.982805	0.984624	0.077834	-0.156388	-0.093909	0.990729	-0.098171
46061	9.237230	-1.412274	0.851001	-0.021331	-0.994872	0.178887	0.148087	0.121330	0.981504	0.984385	0.077418	-0.158092	-0.095167	0.989589	-0.107971
46062	9.031860	-0.838764	1.053712	-0.066108	-1.072663	0.197226	0.148960	0.132079	0.979983	0.984162	0.076518	-0.159908	-0.096107	0.988281	-0.118589
46063	8.903591	-1.244603	1.110563	-0.164933	-1.172153	0.206025	0.149829	0.143802	0.978198	0.984017	0.074610	-0.161689	-0.096234	0.986790	-0.130325
46064	8.946416	-1.425998	0.993891	-0.127846	-1.280705	0.230581	0.150819	0.156588	0.976081	0.983801	0.073007	-0.163724	-0.096898	0.984962	-0.143040
46065	9.107975	-1.680411	0.741375	-0.115527	-1.393892	0.248941	0.151880	0.170473	0.973587	0.983541	0.071470	-0.165947	-0.097872	0.982767	-0.156812
46066	9.324457	-0.998171	0.063726	-0.079682	-1.470168	0.281858	0.153159	0.185092	0.970713	0.983197	0.070193	-0.168513	-0.099328	0.980211	-0.171231
46067	9.329663	-0.956219	-0.739610	-0.166019	-1.529982	0.310977	0.154660	0.200272	0.967456	0.982889	0.067977	-0.171199	-0.100052	0.977379	-0.186332
46068	9.201018	-1.270628	-1.298737	-0.211830	-1.588799	0.337402	0.156341	0.215991	0.963797	0.982583	0.065215	-0.174004	-0.100437	0.974215	-0.202033
46069	9.308606	-1.339347	-1.364837	-0.218237	-1.641850	0.366979	0.158263	0.232181	0.959711	0.982230	0.062281	-0.177044	-0.100878	0.970677	-0.218199
46070	9.354539	-1.188368	-1.506068	-0.260110	-1.672535	0.394486	0.160406	0.248614	0.955228	0.981872	0.058821	-0.180190	-0.100985	0.966815	-0.234672
46071	9.064202	-1.298501	-1.806103	-0.341777	-1.678434	0.430647	0.162913	0.265041	0.950375	0.981524	0.054429	-0.183432	-0.100345	0.962700	-0.251277
46072	8.998248	-1.700193	-1.737646	-0.475374	-1.706810	0.448309	0.165574	0.281657	0.945122	0.981268	0.048648	-0.186404	-0.098480	0.958281	-0.268326
46073	9.322113	-2.527251	-1.306350	-0.552030	-1.755141	0.435396	0.168107	0.298622	0.939449	0.981084	0.042121	-0.188946	-0.095994	0.953441	-0.285892
46074	10.625960	-3.265971	-1.607570	-0.435402	-1.825561	0.399061	0.170238	0.316128	0.933318	0.980831	0.036767	-0.191358	-0.094808	0.948004	-0.303809
46075	12.075753	-1.980027	-2.071310	-0.273177	-1.904450	0.356535	0.171892	0.334239	0.926681	0.980487	0.033041	-0.193790	-0.095391	0.941909	-0.322037
46076	12.317039	-1.690005	-2.877981	-0.252851	-1.965183	0.340293	0.173302	0.352783	0.919517	0.980149	0.029512	-0.196052	-0.096301	0.935240	-0.340665
46077	12.814196	-1.098354	-2.882053	-0.242762	-2.039204	0.333098	0.174558	0.371863	0.911728	0.979810	0.026061	-0.198223	-0.097473	0.927922	-0.359806
46078	13.282963	-1.040059	-2.492017	-0.239730	-2.132561	0.336144	0.175716	0.391640	0.903184	0.979465	0.022578	-0.200346	-0.098856	0.919841	-0.379631
46079	13.570687	-1.646673	-2.173126	-0.280585	-2.194387	0.315618	0.176592	0.411785	0.894007	0.979193	0.018762	-0.202060	-0.099978	0.911088	-0.399904
46080	13.509107	-1.583957	-1.884194	-0.271729	-2.261583	0.318198	0.177389	0.432330	0.884095	0.978912	0.014972	-0.203735	-0.101318	0.901591	-0.420557
46081	12.983167	-1.880536	-1.482105	-0.412281	-2.305162	0.333885	0.178286	0.453027	0.873488	0.978741	0.009821	-0.204863	-0.101387	0.891443	-0.441645
46082	12.384141	-2.899319	-1.339997	-0.537644	-2.355238	0.306398	0.178867	0.473910	0.862216	0.978745	0.003656	-0.205051	-0.100328	0.880566	-0.463183
46083	12.286649	-3.727377	-1.139346	-0.479626	-2.385385	0.260567	0.178994	0.494768	0.850391	0.978764	-0.001775	-0.204981	-0.099908	0.869023	-0.484579
46084	11.976967	-3.894103	-1.353059	-0.321803	-2.401605	0.245173	0.178938	0.515479	0.838011	0.978657	-0.005771	-0.205420	-0.101054	0.856883	-0.505510
46085	11.471059	-3.904842	-2.134836	-0.237488	-2.421153	0.251173	0.178889	0.536040	0.825021	0.978456	-0.009081	-0.206258	-0.103070	0.844143	-0.526116
46086	11.277774	-3.861275	-2.936682	-0.201089	-2.426166	0.273847	0.178996	0.556326	0.811456	0.978183	-0.012239	-0.207383	-0.105442	0.830874	-0.546380
46087	11.090425	-2.969489	-3.642125	-0.116188	-2.399525	0.333018	0.179648	0.576042	0.797435	0.977716	-0.015048	-0.209392	-0.108619	0.817282	-0.565909
46088	10.373958	-1.883869	-4.183447	-0.196188	-2.330487	0.391021	0.180871	0.594859	0.783217	0.977235	-0.018904	-0.211318	-0.110899	0.803608	-0.584735
46089	9.744200	-1.499051	-4.600667	-0.352225	-2.231863	0.430686	0.182559	0.612537	0.769071	0.976849	-0.024274	-0.212547	-0.111524	0.790069	-0.602788
46090	9.019725	-1.742356	-4.990054	-0.439442	-2.111838	0.479253	0.184847	0.628947	0.755154	0.976466	-0.030666	-0.213478	-0.111109	0.776843	-0.619814
46091	8.301773	-1.874359	-5.432351	-0.403035	-1.976418	0.537200	0.187858	0.643980	0.741619	0.975919	-0.037152	-0.214948	-0.110869	0.764140	-0.635451
46092	7.527003	-1.502110	-5.813810	-0.354311	-1.818835	0.596389	0.191618	0.657525	0.728658	0.975188	-0.043693	-0.217022	-0.110860	0.752165	-0.649583
46093	6.920549	-1.396245	-6.037641	-0.402770	-1.642366	0.628929	0.195895	0.669478	0.716536	0.974421	-0.050833	-0.218904	-0.110128	0.741090	-0.662312
46094	6.182247	-2.774229	-6.792814	-0.378087	-1.426732	0.533078	0.199481	0.679691	0.705853	0.973791	-0.057185	-0.220138	-0.109262	0.731266	-0.673284
46095	5.544267	-5.580677	-5.993769	-0.059564	-1.192499	0.300265	0.201050	0.688176	0.697132	0.973262	-0.059630	-0.221821	-0.111082	0.723090	-0.681764
46096	6.889808	-6.586194	-4.586216	0.930858	-0.994919	0.140718	0.201217	0.695256	0.690022	0.971903	-0.053873	-0.229134	-0.122133	0.716741	-0.686561
46097	8.044095	-5.449625	-4.012375	1.936276	-0.803883	0.189366	0.201952	0.700897	0.684075	0.968965	-0.041320	-0.243722	-0.142558	0.712065	-0.687489
46098	7.728251	-2.660003	-3.382414	2.404540	-0.557706	0.280920	0.203764	0.704761	0.679552	0.964683	-0.026179	-0.262110	-0.166935	0.708961	-0.685206
46099	7.394292	-0.211506	-3.129919	2.145800	-0.230725	0.237697	0.205604	0.706336	0.677360	0.960393	-0.012611	-0.278365	-0.188077	0.707765	-0.680953
46100	7.606744	0.468037	-3.127352	1.601126	0.118829	0.080451	0.206568	0.705484	0.677955	0.957104	-0.001810	-0.289739	-0.203179	0.708724	-0.675595
46101	8.029523	0.196826	-3.192664	1.144886	0.453913	-0.056045	0.206938	0.702242	0.681199	0.954842	0.006763	-0.297038	-0.213200	0.711906	-0.669131
46102	8.193488	0.079359	-3.185473	0.779285	0.797423	-0.148947	0.207200	0.696523	0.686967	0.953476	0.013403	-0.301172	-0.218981	0.717409	-0.661340
46103	8.161904	0.304025	-3.321484	0.396243	1.133187	-0.254753	0.207221	0.688291	0.695208	0.953138	0.018072	-0.301995	-0.220424	0.725209	-0.652292
46104	8.014852	-0.541539	-3.801017	0.023060	1.461010	-0.388135	0.206680	0.677541	0.705848	0.953901	0.020919	-0.299393	-0.217617	0.735188	-0.641983
46105	7.920222	-1.845983	-4.338056	-0.029212	1.766679	-0.520092	0.205485	0.664310	0.718657	0.955041	0.024239	-0.295481	-0.213710	0.747064	-0.629463
46106	8.139043	-2.798494	-4.568612	0.140017	2.028193	-0.628790	0.203743	0.648848	0.733134	0.956040	0.029450	-0.291754	-0.210895	0.760348	-0.614324
46107	8.117927	-2.731254	-4.695531	0.427590	2.283750	-0.716445	0.201661	0.631056	0.749067	0.956597	0.037364	-0.289009	-0.210368	0.774837	-0.596131
46108	8.394277	-2.030654	-4.527720	0.621209	2.526956	-0.812071	0.199178	0.610928	0.766221	0.956924	0.047294	-0.286460	-0.211244	0.790272	-0.575192
46109	8.139361	-0.826329	-4.415002	0.607009	2.730191	-0.914967	0.196153	0.588627	0.784246	0.957455	0.057673	-0.282763	-0.211671	0.806345	-0.552271
46110	8.211576	-1.298257	-4.815647	0.532708	2.954174	-1.049785	0.192300	0.563889	0.803150	0.958377	0.068087	-0.277270	-0.211033	0.823039	-0.527325
46111	7.964960	-1.942490	-5.172051	0.658112	3.182891	-1.201189	0.187464	0.536501	0.822815	0.959273	0.080212	-0.270855	-0.211313	0.840079	-0.499614
46112	8.020173	-1.918163	-5.094838	0.853461	3.377365	-1.332430	0.181807	0.506666	0.842755	0.959930	0.094426	-0.263854	-0.213264	0.856956	-0.469197
46113	8.056586	-1.535137	-4.980745	0.946025	3.560178	-1.445476	0.175530	0.474354	0.862657	0.960486	0.109742	-0.255780	-0.216000	0.873467	-0.436347
46114	7.575676	-1.931139	-5.120068	1.025479	3.726386	-1.587534	0.168349	0.439622	0.882265	0.960991	0.126056	-0.246184	-0.219442	0.889293	-0.401251
46115	7.977472	-1.962860	-5.088630	1.130083	3.859828	-1.690639	0.160619	0.402697	0.901131	0.961270	0.143347	-0.235397	-0.223968	0.904039	-0.364076
46116	7.568020	-1.815964	-4.900160	1.222417	3.985676	-1.814633	0.152169	0.363612	0.919038	0.961344	0.161451	-0.223051	-0.229484	0.917453	-0.324988
46117	7.631477	-1.136897	-4.505034	1.183692	4.087480	-1.939143	0.142978	0.322522	0.935701	0.961460	0.179068	-0.208637	-0.234845	0.929470	-0.284489
46118	7.720309	-1.186665	-4.613754	1.026850	4.198836	-2.070947	0.132967	0.279375	0.950931	0.961891	0.194915	-0.191763	-0.238924	0.940190	-0.242811
46119	7.972611	-1.353886	-4.802153	0.865945	4.306736	-2.184093	0.122265	0.234229	0.964463	0.962600	0.208733	-0.172721	-0.241772	0.949509	-0.199948
46120	8.455047	-1.160527	-4.875311	0.628610	4.445684	-2.272888	0.111098	0.186946	0.976068	0.963735	0.219523	-0.151739	-0.242636	0.957529	-0.155778
46121	9.180993	-1.052933	-4.820323	0.359308	4.588822	-2.306979	0.099913	0.137659	0.985428	0.965301	0.226740	-0.129547	-0.241269	0.964178	-0.110228
46122	9.707857	-1.295472	-4.975238	0.068594	4.725336	-2.275979	0.089188	0.086751	0.992230	0.967294	0.229961	-0.107052	-0.237461	0.969326	-0.063404
46123	10.370843	-1.644755	-5.210709	-0.098467	4.803711	-2.200661	0.079129	0.034999	0.996250	0.969379	0.230357	-0.085088	-0.232471	0.972477	-0.015699
46124	10.913058	-1.343913	-4.865794	-0.307076	4.813491	-2.080812	0.069924	-0.016632	0.997414	0.971638	0.227558	-0.064323	-0.225899	0.973623	0.032072
46125	11.494709	-1.064793	-4.245811	-0.494425	4.753279	-1.905850	0.061898	-0.067217	0.995816	0.973993	0.221951	-0.045560	-0.217961	0.972738	0.079207
46126	11.535909	-1.315661	-3.468094	-0.623704	4.569051	-1.677888	0.055252	-0.115285	0.991795	0.976311	0.214355	-0.029473	-0.209198	0.969929	0.124397
46127	10.613744	-1.637989	-2.001206	-0.698145	4.244110	-1.405812	0.050164	-0.159346	0.985947	0.978482	0.205666	-0.016545	-0.200140	0.965562	0.166235
46128	9.842035	-2.359641	0.016361	-0.749438	3.692481	-1.098355	0.046586	-0.197135	0.979269	0.980482	0.196480	-0.007090	-0.191009	0.960486	0.202440
46129	8.977180	-3.109138	-1.364480	-0.538461	3.037973	-0.885086	0.043571	-0.227970	0.972693	0.981893	0.189437	0.000415	-0.184358	0.955062	0.232096
46130	5.098708	-2.762968	-0.453136	-0.434768	2.181982	-0.620802	0.041396	-0.249935	0.967377	0.982949	0.183798	0.005424	-0.179158	0.950658	0.253282
46131	4.634795	-2.666649	-0.447105	-0.306563	1.194584	-0.301790	0.040517	-0.261851	0.964257	0.983618	0.180108	0.007579	-0.175655	0.948154	0.264859
46132	4.763825	-2.461680	-0.938906	-0.094653	0.242953	0.074419	0.041633	-0.264035	0.963614	0.983755	0.179393	0.006651	-0.174622	0.947683	0.267215
46133	4.921889	-2.095267	-2.663262	-0.000670	-0.586034	0.416039	0.044672	-0.257752	0.965178	0.983578	0.180464	0.002670	-0.174868	0.949208	0.261581
46134	4.987555	-2.219326	-3.923566	-0.066347	-1.337146	0.710464	0.049279	-0.243765	0.968582	0.983363	0.181602	-0.004327	-0.174842	0.952680	0.248658
