// General information: 
//  MT Manager version: 2022.2.0 
//  XDA version: 2022.2.0 build 7381 rev 124627 built on 2023-07-19
// Device information: 
//  DeviceId: 00B4CB9F
//  ProductCode: MTW2-3A7G6
//  Firmware Version: 4.6.0
//  Hardware Version: 2.0.0
// Device settings: 
//  Filter Profile: human(46.1)
//  Option Flags: Orientation Smoother Disabled, Position/Velocity Smoother Disabled, Continuous Zero Rotation Update Disabled, AHS Disabled, ICC Disabled
// Coordinate system: ENU
PacketCounter	Acc_X	Acc_Y	Acc_Z	Gyr_X	Gyr_Y	Gyr_Z	Mat[1][1]	Mat[2][1]	Mat[3][1]	Mat[1][2]	Mat[2][2]	Mat[3][2]	Mat[1][3]	Mat[2][3]	Mat[3][3]
55133	9.661467	-0.253704	-0.696063	0.112684	0.077255	0.062066	-0.126800	-0.011925	0.991857	-0.183787	0.982897	-0.011678	-0.974753	-0.183771	-0.126823
55134	9.596858	-0.194931	-0.835315	0.088932	0.054822	0.065171	-0.126429	-0.011148	0.991913	-0.184583	0.982738	-0.012482	-0.974651	-0.184668	-0.126304
55135	9.608174	-0.138259	-0.991012	0.074282	0.034107	0.064104	-0.126276	-0.010418	0.991940	-0.185273	0.982598	-0.013266	-0.974540	-0.185455	-0.126008
55136	9.610282	-0.075012	-1.072656	0.049091	0.008610	0.063349	-0.126353	-0.009743	0.991937	-0.185683	0.982510	-0.014002	-0.974452	-0.185955	-0.125952
55137	9.666419	-0.060610	-1.153703	0.041899	-0.012599	0.058471	-0.126642	-0.009258	0.991905	-0.186725	0.982303	-0.014672	-0.974216	-0.187071	-0.126129
55138	9.724784	-0.090527	-1.216723	0.035829	-0.026506	0.056563	-0.127049	-0.008715	0.991858	-0.187013	0.982238	-0.015324	-0.974107	-0.187438	-0.126422
55139	9.731312	-0.115269	-1.263435	0.028404	-0.023147	0.047630	-0.127418	-0.008212	0.991815	-0.187000	0.982231	-0.015891	-0.974061	-0.187495	-0.126689
55140	9.742572	-0.228442	-1.270691	0.027173	-0.028779	0.042098	-0.127821	-0.007816	0.991767	-0.187223	0.982181	-0.016389	-0.973966	-0.187776	-0.127006
55141	9.727148	-0.298891	-1.300942	0.033420	-0.035757	0.034022	-0.128287	-0.007463	0.991709	-0.187213	0.982175	-0.016826	-0.973906	-0.187820	-0.127397
55142	9.724628	-0.429803	-1.168729	0.059440	-0.041234	0.034657	-0.128797	-0.007164	0.991645	-0.187759	0.982063	-0.017292	-0.973734	-0.188417	-0.127832
55143	9.740469	-0.504358	-1.031611	0.099672	-0.042596	0.036447	-0.129333	-0.006846	0.991578	-0.188683	0.981876	-0.017831	-0.973484	-0.189400	-0.128281
55144	9.826635	-0.584621	-0.853855	0.148092	-0.034185	0.041113	-0.129787	-0.006472	0.991521	-0.190083	0.981594	-0.018474	-0.973152	-0.190869	-0.128629
55145	9.815300	-0.710016	-0.642395	0.204249	-0.011339	0.049833	-0.130052	-0.005909	0.991490	-0.191686	0.981267	-0.019295	-0.972801	-0.192564	-0.128749
55146	9.794904	-0.771964	-0.403651	0.272990	0.010928	0.063874	-0.130113	-0.005225	0.991485	-0.194270	0.980738	-0.020326	-0.972281	-0.195260	-0.128622
55147	9.862015	-0.817200	-0.075278	0.338010	0.031361	0.080244	-0.130015	-0.004353	0.991502	-0.197561	0.980052	-0.021604	-0.971630	-0.198691	-0.128282
55148	9.864087	-0.911564	0.214595	0.414999	0.056726	0.101810	-0.129711	-0.003206	0.991547	-0.201471	0.979220	-0.023190	-0.970868	-0.202776	-0.127662
55149	9.964025	-0.776269	0.527499	0.503625	0.091159	0.122094	-0.129139	-0.001794	0.991625	-0.206289	0.978169	-0.025096	-0.969932	-0.207803	-0.126690
55150	10.059125	-0.759109	0.764418	0.550091	0.170607	0.137380	-0.127816	-0.000056	0.991798	-0.211457	0.977009	-0.027196	-0.968994	-0.213199	-0.124890
55151	10.002847	-0.644932	0.941957	0.580252	0.268776	0.149423	-0.125603	0.002010	0.992079	-0.217036	0.975719	-0.029454	-0.968049	-0.219016	-0.122117
55152	9.855216	-0.482450	1.008552	0.556388	0.363413	0.153983	-0.122469	0.004351	0.992463	-0.222240	0.974477	-0.031697	-0.967270	-0.224447	-0.118376
55153	9.860645	-0.293583	1.010732	0.481676	0.442356	0.150623	-0.118592	0.006908	0.992919	-0.226484	0.973427	-0.033823	-0.966768	-0.228892	-0.113876
55154	10.038122	-0.309207	0.979976	0.356885	0.473083	0.156881	-0.114422	0.009560	0.993386	-0.229763	0.972587	-0.035825	-0.966497	-0.232343	-0.109089
55155	9.944697	-0.407504	0.812018	0.266164	0.555884	0.147480	-0.109455	0.012292	0.993916	-0.232516	0.971864	-0.037625	-0.966414	-0.235220	-0.103518
55156	9.852547	-0.254230	0.659209	0.160996	0.555345	0.139690	-0.104459	0.014994	0.994416	-0.233935	0.971461	-0.039221	-0.966624	-0.236726	-0.097970
55157	9.931051	-0.152596	0.394232	0.050682	0.536569	0.125558	-0.099613	0.017526	0.994872	-0.234331	0.971310	-0.040574	-0.967040	-0.237171	-0.092648
55158	10.171504	-0.111574	0.272195	-0.056852	0.529807	0.109631	-0.094790	0.019880	0.995299	-0.233687	0.971419	-0.041659	-0.967680	-0.236537	-0.087435
55159	10.300815	-0.332494	0.070502	-0.137708	0.565541	0.095528	-0.089578	0.022208	0.995732	-0.232065	0.971769	-0.042551	-0.968567	-0.234886	-0.081896
55160	10.405531	-0.442141	0.146813	-0.125133	0.618921	0.083872	-0.083821	0.024507	0.996179	-0.230793	0.972037	-0.043333	-0.969386	-0.233544	-0.075821
55161	10.810456	-0.774547	0.486873	-0.114442	0.674173	0.066098	-0.077500	0.026768	0.996633	-0.229632	0.972284	-0.043971	-0.970187	-0.232267	-0.069206
55162	11.351771	-1.311288	1.140316	-0.036046	0.784105	0.060558	-0.070075	0.029210	0.997114	-0.229252	0.972345	-0.044596	-0.970841	-0.231715	-0.061441
55163	11.651287	-1.885836	2.012854	0.164460	0.966096	0.051013	-0.060852	0.032015	0.997633	-0.230603	0.971995	-0.045258	-0.971143	-0.232812	-0.051765
55164	11.806071	-2.035406	2.988843	0.476606	1.195735	0.076602	-0.049467	0.035602	0.998141	-0.235203	0.970843	-0.046285	-0.970687	-0.237056	-0.039651
55165	11.746622	-2.485574	3.813693	0.788493	1.455939	0.107160	-0.035658	0.040181	0.998556	-0.243003	0.968854	-0.047663	-0.969370	-0.244352	-0.024784
55166	11.735339	-2.458211	4.350349	1.147885	1.751926	0.139890	-0.019090	0.045939	0.998762	-0.254095	0.965923	-0.049285	-0.966991	-0.254721	-0.006766
55167	11.223632	-1.930590	4.502021	1.399452	2.071120	0.159351	0.000422	0.052923	0.998598	-0.267795	0.962132	-0.050877	-0.963476	-0.267398	0.014578
55168	10.178065	-1.220524	4.064490	1.451306	2.204316	0.185147	0.021058	0.060768	0.997930	-0.281786	0.958046	-0.052393	-0.959246	-0.280099	0.037298
55169	9.487091	-0.339498	3.333434	1.587052	2.140250	0.161699	0.041027	0.068505	0.996807	-0.296935	0.953409	-0.053302	-0.954016	-0.293800	0.059457
55170	9.547044	0.652083	3.379525	1.464158	2.037126	0.084962	0.060100	0.075457	0.995336	-0.310926	0.948946	-0.053166	-0.948532	-0.306281	0.080494
55171	10.443634	1.025314	3.174630	1.224735	2.056450	-0.006929	0.079530	0.081843	0.993467	-0.322694	0.945073	-0.052023	-0.943156	-0.316448	0.101571
55172	10.966133	1.289895	3.477223	0.940426	2.169180	-0.040013	0.100017	0.088436	0.991048	-0.331525	0.942088	-0.050609	-0.938130	-0.323496	0.123543
55173	10.388297	1.717298	3.590747	0.644268	2.201476	-0.038959	0.120727	0.095281	0.988102	-0.337528	0.940018	-0.049405	-0.933541	-0.327548	0.145646
55174	8.780722	1.415457	1.596605	0.127630	1.725686	-0.002485	0.136774	0.100935	0.985447	-0.338737	0.939592	-0.049224	-0.930887	-0.327075	0.162703
55175	10.117235	1.240799	0.707222	-0.261005	1.170505	0.047388	0.147486	0.105231	0.983450	-0.336393	0.940384	-0.050175	-0.930101	-0.323426	0.174092
55176	11.916713	0.805199	-0.064521	-0.567777	1.124552	0.063484	0.157685	0.109459	0.981404	-0.331232	0.942123	-0.051857	-0.930280	-0.316895	0.184815
55177	12.341811	0.584691	-0.105482	-0.697650	1.206701	0.104722	0.168548	0.114264	0.979048	-0.324930	0.944180	-0.054256	-0.930598	-0.308977	0.196268
55178	12.455003	0.294981	0.101061	-0.797790	1.188774	0.153182	0.179074	0.119362	0.976568	-0.317794	0.946420	-0.057403	-0.931096	-0.300068	0.207412
55179	12.130463	0.075905	-0.175475	-0.923096	1.174057	0.194291	0.189377	0.124707	0.973953	-0.309574	0.948897	-0.061304	-0.931826	-0.289901	0.218305
55180	11.302557	0.229600	-0.379705	-0.980885	1.155621	0.252936	0.199330	0.130429	0.971214	-0.300947	0.951355	-0.065996	-0.932576	-0.279128	0.228886
55181	10.854994	0.009129	-0.240020	-1.103860	1.129171	0.289659	0.208983	0.136311	0.968373	-0.291260	0.953974	-0.071428	-0.933538	-0.267121	0.239066
55182	10.542565	-0.548197	-0.011165	-1.123942	1.131388	0.271747	0.218725	0.141892	0.965415	-0.281370	0.956518	-0.076837	-0.934340	-0.254832	0.249139
55183	10.373004	-0.775591	-0.024655	-1.018362	1.134019	0.218618	0.228689	0.146850	0.962360	-0.272365	0.958730	-0.081572	-0.934622	-0.243459	0.259248
55184	9.843888	-0.753073	-0.537323	-0.864511	1.158130	0.158916	0.239039	0.151170	0.959171	-0.264686	0.960544	-0.085423	-0.934239	-0.233459	0.269619
55185	8.807574	-0.589877	-1.094002	-0.726987	1.113305	0.134750	0.249052	0.155054	0.955998	-0.258250	0.961993	-0.088748	-0.933424	-0.224784	0.279629
55186	8.343294	-0.829897	-1.532501	-0.589959	0.982604	0.116014	0.257877	0.158378	0.953108	-0.253068	0.963105	-0.091568	-0.932446	-0.217588	0.288443
55187	8.793569	-0.981741	-0.933758	-0.451709	0.879506	0.087204	0.265820	0.161145	0.950459	-0.249114	0.963925	-0.093757	-0.931280	-0.211850	0.296374
55188	9.498882	-1.129545	-0.300620	-0.294421	0.881189	0.036047	0.273885	0.163375	0.947785	-0.246500	0.964473	-0.095020	-0.929637	-0.207604	0.304427
55189	9.576102	-1.241074	-0.001310	-0.037590	0.940663	0.009357	0.282557	0.165447	0.944875	-0.246204	0.964525	-0.095263	-0.927117	-0.205715	0.313267
55190	9.967129	-1.335961	-0.023915	0.252534	0.946671	0.007025	0.291256	0.167501	0.941867	-0.248591	0.963982	-0.094562	-0.923782	-0.206598	0.322404
55191	9.984186	-1.325670	0.050199	0.540904	0.998997	-0.009690	0.300446	0.169527	0.938612	-0.253576	0.962860	-0.092738	-0.919474	-0.210147	0.332275
55192	9.576455	-0.945175	0.441099	0.807338	1.015336	-0.032693	0.309795	0.171412	0.935225	-0.260909	0.961183	-0.089743	-0.914305	-0.216206	0.342492
55193	9.172315	-0.521825	0.668391	1.030737	1.009993	-0.055887	0.319103	0.173137	0.931771	-0.270157	0.958997	-0.085675	-0.908399	-0.224385	0.352792
55194	8.848322	-0.047293	1.011890	1.163093	0.979467	-0.087717	0.328165	0.174574	0.928349	-0.280432	0.956473	-0.080732	-0.902034	-0.233845	0.362837
55195	8.531798	0.519038	1.392224	1.168103	0.937517	-0.129087	0.336912	0.175613	0.925014	-0.290533	0.953899	-0.075278	-0.895589	-0.243385	0.372402
55196	8.346097	0.877268	1.623848	1.057267	0.879310	-0.166869	0.345207	0.176233	0.921832	-0.299432	0.951562	-0.069786	-0.889479	-0.251935	0.381256
55197	8.281389	1.088114	1.730261	0.868536	0.840931	-0.210528	0.353252	0.176411	0.918745	-0.306430	0.949703	-0.064535	-0.883920	-0.258733	0.389542
55198	8.204794	1.240596	1.979740	0.693106	0.817472	-0.262118	0.361221	0.176092	0.915702	-0.311634	0.948342	-0.059437	-0.878865	-0.263894	0.397437
55199	7.967142	1.644986	2.234360	0.457786	0.778639	-0.299710	0.368936	0.175347	0.912765	-0.314586	0.947641	-0.054892	-0.874598	-0.266891	0.404780
55200	7.822201	1.601719	2.506811	0.132046	0.731116	-0.349273	0.376371	0.174019	0.909979	-0.314469	0.947886	-0.051203	-0.871467	-0.266889	0.411481
55201	7.741144	1.118716	2.804739	-0.233847	0.688986	-0.408834	0.383597	0.171996	0.907343	-0.310913	0.949201	-0.048486	-0.869590	-0.263506	0.417586
55202	7.656008	0.429558	3.099061	-0.584240	0.618070	-0.451220	0.390312	0.169348	0.904974	-0.304121	0.951479	-0.046884	-0.869004	-0.256922	0.422876
55203	7.577579	-0.258457	3.296250	-0.855850	0.531708	-0.455261	0.396247	0.166378	0.902943	-0.294925	0.954392	-0.046434	-0.869487	-0.247901	0.427244
55204	7.590188	-0.846502	3.349602	-1.040042	0.411943	-0.427756	0.401026	0.163321	0.901390	-0.284202	0.957608	-0.047067	-0.870866	-0.237302	0.430442
55205	7.600593	-1.478803	3.359818	-1.138344	0.283036	-0.356979	0.404438	0.160581	0.900358	-0.272874	0.960812	-0.048788	-0.872909	-0.225952	0.432407
55206	7.790294	-2.143853	3.331456	-1.112372	0.161015	-0.261675	0.406502	0.158452	0.899805	-0.262123	0.963671	-0.051280	-0.875241	-0.215015	0.433268
55207	8.188305	-2.783433	3.222519	-0.961533	0.080039	-0.165835	0.407581	0.157050	0.899563	-0.253057	0.965944	-0.053982	-0.877405	-0.205639	0.433443
55208	8.335401	-3.285659	3.010350	-0.677071	0.071764	-0.094064	0.408403	0.156321	0.899317	-0.246762	0.967451	-0.056104	-0.878815	-0.199004	0.433684
55209	8.347598	-3.382714	2.994444	-0.336748	0.029272	-0.034584	0.408694	0.156078	0.899227	-0.243695	0.968159	-0.057284	-0.879535	-0.195726	0.433716
55210	8.274551	-3.267956	3.025978	-0.003244	-0.029561	0.004009	0.408382	0.156094	0.899366	-0.243717	0.968148	-0.057366	-0.879674	-0.195763	0.433417
55211	8.307365	-2.781646	3.199650	0.310520	-0.086016	0.020556	0.407522	0.156159	0.899744	-0.246567	0.967493	-0.056240	-0.879278	-0.198928	0.432778
55212	8.372387	-2.182256	3.440244	0.569611	-0.109577	0.038294	0.406421	0.156343	0.900210	-0.251762	0.966273	-0.054153	-0.878315	-0.204630	0.432075
55213	8.284631	-1.554837	3.749411	0.765917	-0.118589	0.043596	0.405215	0.156555	0.900717	-0.258697	0.964597	-0.051275	-0.876856	-0.212235	0.431369
55214	8.276389	-0.944933	3.918780	0.882905	-0.124752	0.039403	0.403975	0.156699	0.901249	-0.266623	0.962612	-0.047857	-0.875052	-0.220961	0.430651
55215	8.199185	-0.339513	4.246309	0.921177	-0.132666	0.023631	0.402697	0.156664	0.901827	-0.274806	0.960486	-0.044144	-0.873108	-0.230051	0.429837
55216	8.215703	0.285582	4.523521	0.894178	-0.147537	0.007387	0.401345	0.156423	0.902471	-0.282668	0.958366	-0.040403	-0.871218	-0.238884	0.428851
55217	8.237332	0.736745	4.775375	0.808405	-0.148849	0.002856	0.399987	0.156125	0.903125	-0.289751	0.956386	-0.037004	-0.869514	-0.246881	0.427779
55218	8.107022	1.028303	4.965421	0.641200	-0.159755	0.014273	0.398512	0.155895	0.903817	-0.295413	0.954749	-0.034426	-0.868285	-0.253280	0.426532
55219	8.166516	1.161864	5.020503	0.380912	-0.179696	0.038642	0.396784	0.155839	0.904586	-0.298908	0.953705	-0.033190	-0.867881	-0.257219	0.424996
55220	8.117199	1.275932	5.019002	0.039973	-0.164700	0.089404	0.395041	0.156300	0.905269	-0.299642	0.953451	-0.033861	-0.868422	-0.257880	0.423487
55221	7.871487	1.189140	4.908539	-0.325343	-0.163067	0.177166	0.393043	0.157605	0.905913	-0.297547	0.953995	-0.036875	-0.870048	-0.255058	0.421856
55222	7.394016	1.124327	4.331835	-0.720241	-0.294197	0.279830	0.389608	0.159568	0.907052	-0.292396	0.955354	-0.042472	-0.873333	-0.248671	0.418871
55223	7.629968	0.437613	3.811625	-1.110654	-0.544039	0.375506	0.383709	0.161866	0.909157	-0.284153	0.957446	-0.050536	-0.878649	-0.238948	0.413376
55224	7.973584	-0.779706	3.068857	-1.516029	-0.728385	0.504671	0.375834	0.165046	0.911871	-0.272728	0.960132	-0.061374	-0.885646	-0.225626	0.405863
55225	8.479367	-1.759693	2.286861	-1.700148	-0.893905	0.623442	0.366171	0.169123	0.915050	-0.259950	0.962788	-0.073923	-0.893501	-0.210798	0.396509
55226	9.483747	-2.129193	2.337776	-1.583435	-0.962570	0.698633	0.355715	0.173928	0.918268	-0.248295	0.964809	-0.086559	-0.901009	-0.197211	0.386382
55227	10.567883	-1.989877	3.087622	-1.204337	-0.897391	0.697615	0.345847	0.178973	0.921064	-0.239887	0.965881	-0.097607	-0.907107	-0.187194	0.376981
55228	11.469404	-1.390997	4.727749	-0.575778	-0.739373	0.597060	0.337659	0.183407	0.923227	-0.236725	0.965854	-0.105296	-0.911015	-0.182997	0.369547
55229	12.431617	-0.748149	6.979700	0.093189	-0.492103	0.440200	0.332073	0.186787	0.924574	-0.239081	0.964856	-0.109056	-0.912452	-0.184834	0.365060
55230	12.146705	-0.745754	7.505010	0.353382	-0.252282	0.353529	0.328874	0.189760	0.925112	-0.243505	0.963519	-0.111073	-0.912440	-0.188740	0.363084
55231	10.472345	-1.318460	5.006370	0.289766	-0.296025	0.337552	0.325294	0.192482	0.925815	-0.247285	0.962310	-0.113184	-0.912707	-0.192122	0.360632
55232	9.611152	-1.560848	3.147395	0.340772	-0.448436	0.308464	0.320387	0.194613	0.927081	-0.251422	0.961039	-0.114853	-0.913312	-0.196291	0.356834
55233	9.101115	-1.084351	2.416311	0.297870	-0.518641	0.307405	0.314818	0.196573	0.928573	-0.255151	0.959835	-0.116685	-0.914214	-0.200192	0.352329
55234	8.587456	-0.836997	1.559543	0.115527	-0.560460	0.357645	0.308729	0.198910	0.930119	-0.257354	0.958882	-0.119639	-0.915672	-0.202433	0.347225
55235	8.366371	-0.584008	1.266313	-0.053701	-0.635192	0.422230	0.301766	0.201703	0.931801	-0.258181	0.958133	-0.123791	-0.917758	-0.203217	0.341208
55236	8.772151	-0.558780	1.533663	-0.181862	-0.682097	0.472840	0.294232	0.204882	0.933515	-0.257948	0.957528	-0.128850	-0.920266	-0.202887	0.334585
55237	9.348249	-1.034910	1.860496	-0.267999	-0.647278	0.498933	0.286929	0.208383	0.935013	-0.256959	0.957026	-0.134435	-0.922846	-0.201686	0.328144
55238	9.757865	-1.669547	1.941299	-0.359479	-0.584881	0.508531	0.280177	0.212110	0.936221	-0.255108	0.956665	-0.140397	-0.925430	-0.199501	0.322146
55239	9.928002	-2.079092	1.885554	-0.428975	-0.539475	0.485168	0.273891	0.215716	0.937257	-0.252506	0.956464	-0.146348	-0.928022	-0.196580	0.316436
55240	9.993914	-1.909535	2.046180	-0.426167	-0.532570	0.432333	0.267811	0.218846	0.938288	-0.249745	0.956343	-0.151774	-0.930540	-0.193686	0.310775
55241	9.889676	-1.589710	2.169592	-0.405517	-0.575029	0.377465	0.261458	0.221384	0.939483	-0.246995	0.956279	-0.156603	-0.933077	-0.191103	0.304708
55242	9.970793	-1.163558	2.141747	-0.258654	-0.629106	0.325759	0.254734	0.223335	0.940868	-0.245448	0.956034	-0.160481	-0.935343	-0.190054	0.298351
55243	9.882305	-0.719895	2.262894	-0.130265	-0.663435	0.269267	0.247804	0.224680	0.942397	-0.244934	0.955665	-0.163438	-0.937337	-0.190324	0.291849
55244	9.891705	-0.502121	2.359804	-0.015805	-0.688248	0.223498	0.240754	0.225536	0.944019	-0.245359	0.955179	-0.165628	-0.939062	-0.191748	0.285300
55245	9.683351	-0.311338	2.544653	-0.016831	-0.688713	0.182070	0.233775	0.225981	0.945665	-0.245661	0.954786	-0.167432	-0.940744	-0.193172	0.278720
55246	9.677971	-0.337733	2.565884	-0.123211	-0.689396	0.155811	0.226856	0.226170	0.947303	-0.244887	0.954659	-0.169282	-0.942638	-0.193580	0.271956
55247	9.555480	-0.611385	2.581613	-0.262794	-0.694233	0.138590	0.219907	0.226183	0.948937	-0.242745	0.954840	-0.171336	-0.944836	-0.192671	0.264881
55248	9.503333	-0.977390	2.563646	-0.369185	-0.703209	0.115297	0.212931	0.225971	0.950577	-0.239528	0.955274	-0.173433	-0.947252	-0.190760	0.257534
55249	9.173729	-1.352039	2.593225	-0.432662	-0.692532	0.106273	0.206052	0.225704	0.952156	-0.235674	0.955840	-0.175576	-0.949737	-0.188221	0.250146
55250	9.092958	-1.771609	2.620388	-0.448122	-0.709134	0.095416	0.199040	0.225326	0.953735	-0.231632	0.956449	-0.177627	-0.952224	-0.185561	0.242565
55251	9.080282	-2.139526	2.677910	-0.436008	-0.711459	0.091184	0.191990	0.224917	0.955276	-0.227680	0.957035	-0.179572	-0.954621	-0.183021	0.234950
55252	9.129588	-2.357154	2.735695	-0.390372	-0.719678	0.088267	0.184867	0.224488	0.956781	-0.224141	0.957534	-0.181356	-0.956862	-0.180927	0.227334
55253	9.129479	-2.418599	2.800610	-0.370650	-0.700709	0.080561	0.177919	0.224029	0.958204	-0.220762	0.958007	-0.182992	-0.958962	-0.178978	0.219905
55254	8.941717	-2.143602	3.011703	-0.371846	-0.684123	0.084555	0.171121	0.223657	0.959528	-0.217365	0.958467	-0.184645	-0.960973	-0.176971	0.212630
55255	8.989310	-1.719136	3.216600	-0.412350	-0.681582	0.083085	0.164330	0.223287	0.960801	-0.213564	0.958993	-0.186340	-0.963009	-0.174571	0.205277
55256	8.903833	-1.485546	3.289420	-0.521731	-0.649306	0.063003	0.157892	0.222805	0.961992	-0.208659	0.959741	-0.188037	-0.965159	-0.171039	0.198026
55257	8.792639	-1.361149	3.293898	-0.634406	-0.638446	0.042038	0.151582	0.222164	0.963154	-0.202619	0.960706	-0.189711	-0.967455	-0.166397	0.190640
55258	8.836856	-1.336666	3.359566	-0.739763	-0.636644	0.022951	0.145325	0.221379	0.964299	-0.195511	0.961852	-0.191353	-0.969874	-0.160723	0.183063
55259	8.915276	-1.530192	3.258114	-0.861143	-0.610295	-0.004566	0.139355	0.220408	0.965402	-0.187167	0.963204	-0.192889	-0.972393	-0.153811	0.175480
55260	9.002820	-1.853512	3.108015	-0.938477	-0.582637	-0.026099	0.133686	0.219319	0.966451	-0.178017	0.964657	-0.194288	-0.974904	-0.146071	0.168003
55261	8.888344	-2.072646	2.878904	-0.999038	-0.569515	-0.036126	0.128140	0.218195	0.967456	-0.168240	0.966142	-0.195616	-0.977382	-0.137698	0.160510
55262	8.854269	-2.043304	2.501224	-1.050503	-0.573818	-0.040342	0.122547	0.217078	0.968431	-0.157932	0.967618	-0.196911	-0.979816	-0.128815	0.152862
55263	8.872202	-2.145111	2.151679	-1.115170	-0.587272	-0.034908	0.116792	0.216046	0.969373	-0.146974	0.969065	-0.198269	-0.982221	-0.119317	0.144932
55264	9.080681	-2.336652	1.884615	-1.148595	-0.606236	-0.027828	0.110827	0.215120	0.970279	-0.135670	0.970428	-0.199657	-0.984536	-0.109510	0.136735
55265	9.186879	-2.651716	1.629620	-1.149486	-0.622237	-0.026420	0.104682	0.214249	0.971153	-0.124334	0.971677	-0.200962	-0.986703	-0.099710	0.128356
55266	9.339981	-2.851172	1.335265	-1.141922	-0.635551	-0.030765	0.098400	0.213386	0.972000	-0.113046	0.972814	-0.202120	-0.988705	-0.089992	0.119847
55267	9.412224	-3.021213	0.970189	-1.120410	-0.639638	-0.033279	0.092061	0.212554	0.972803	-0.101948	0.973830	-0.203131	-0.990521	-0.080475	0.111321
55268	9.442536	-2.984834	0.619481	-1.036228	-0.653143	-0.040000	0.085584	0.211707	0.973579	-0.091661	0.974693	-0.203892	-0.992106	-0.071790	0.102824
55269	9.587413	-2.813721	0.344278	-0.909263	-0.637631	-0.057084	0.079259	0.210756	0.974320	-0.082609	0.975422	-0.204274	-0.993425	-0.064297	0.094722
55270	9.543549	-2.509631	0.268966	-0.783425	-0.599769	-0.079680	0.073321	0.209652	0.975023	-0.074783	0.976058	-0.204251	-0.994501	-0.057939	0.087244
55271	9.541869	-2.357384	0.329538	-0.664871	-0.571457	-0.095582	0.067659	0.208443	0.975691	-0.068121	0.976615	-0.203917	-0.995380	-0.052668	0.080276
55272	9.536102	-2.246947	0.248742	-0.598717	-0.541505	-0.113850	0.062302	0.207099	0.976334	-0.062106	0.977143	-0.203308	-0.996123	-0.047970	0.073740
55273	9.537354	-2.190943	-0.020036	-0.578356	-0.517706	-0.138509	0.057180	0.205550	0.976975	-0.056281	0.977683	-0.202405	-0.996776	-0.043412	0.067473
55274	9.580872	-2.104373	-0.254475	-0.557343	-0.496418	-0.164881	0.052280	0.203774	0.977621	-0.050654	0.978241	-0.201195	-0.997347	-0.039002	0.061464
55275	9.615256	-1.927911	-0.277331	-0.564836	-0.487593	-0.179303	0.047456	0.201882	0.978259	-0.044950	0.978802	-0.199814	-0.997861	-0.034491	0.055525
55276	9.647913	-2.106456	-0.660613	-0.564769	-0.490901	-0.189627	0.042598	0.199909	0.978888	-0.039248	0.979356	-0.198297	-0.998321	-0.029972	0.049564
55277	9.748309	-1.781276	-0.763556	-0.513467	-0.506944	-0.191668	0.037560	0.197932	0.979496	-0.034064	0.979872	-0.196701	-0.998714	-0.025977	0.043546
55278	9.863673	-1.881784	-0.911420	-0.513541	-0.533092	-0.184404	0.032255	0.196038	0.980066	-0.028889	0.980349	-0.195144	-0.999062	-0.022019	0.037285
55279	9.956889	-1.790368	-0.836901	-0.422769	-0.538577	-0.192636	0.026878	0.194081	0.980617	-0.024628	0.980802	-0.193443	-0.999335	-0.018951	0.031142
55280	9.921247	-1.597121	-0.458036	-0.348736	-0.533534	-0.206030	0.021555	0.192007	0.981157	-0.021112	0.981253	-0.191562	-0.999545	-0.016585	0.025205
55281	9.934552	-1.405975	-0.144054	-0.335432	-0.539443	-0.212061	0.016156	0.189884	0.981674	-0.017738	0.981702	-0.189598	-0.999712	-0.014350	0.019229
55282	9.740782	-1.479032	0.089799	-0.395161	-0.552784	-0.231260	0.010629	0.187584	0.982191	-0.013775	0.982181	-0.187433	-0.999849	-0.011537	0.013023
55283	9.790584	-1.640220	0.251449	-0.437446	-0.545353	-0.225473	0.005155	0.185357	0.982658	-0.009402	0.982636	-0.185304	-0.999943	-0.008284	0.006808
55284	9.732428	-1.660313	0.502468	-0.489715	-0.489512	-0.232651	0.000239	0.183082	0.983098	-0.004517	0.983088	-0.183079	-0.999990	-0.004397	0.001062
55285	9.641857	-1.698299	0.884451	-0.512265	-0.432568	-0.231599	-0.004129	0.180836	0.983505	0.000582	0.983513	-0.180836	-0.999991	-0.000174	-0.004166
55286	9.560061	-1.891112	1.287554	-0.545320	-0.378654	-0.224686	-0.007959	0.178678	0.983875	0.006004	0.983897	-0.178633	-0.999950	0.004485	-0.008904
55287	9.548865	-2.202785	1.582879	-0.586007	-0.335799	-0.203968	-0.011380	0.176736	0.984192	0.011826	0.984211	-0.176603	-0.999865	0.009629	-0.013290
55288	9.539112	-2.683557	1.715331	-0.575979	-0.260790	-0.178699	-0.014050	0.175053	0.984459	0.017544	0.984448	-0.174800	-0.999747	0.014816	-0.016902
55289	9.458633	-3.014603	1.692287	-0.549166	-0.185051	-0.145898	-0.015971	0.173691	0.984671	0.022994	0.984600	-0.173306	-0.999608	0.019874	-0.019719
55290	9.308104	-3.138262	1.425378	-0.523086	-0.139414	-0.097562	-0.017426	0.172806	0.984802	0.028189	0.984645	-0.172280	-0.999451	0.024759	-0.022029
55291	9.161400	-3.067869	1.012942	-0.513420	-0.121460	-0.060023	-0.018697	0.172293	0.984868	0.033292	0.984602	-0.171614	-0.999271	0.029579	-0.024145
55292	9.047762	-2.726236	0.469623	-0.522340	-0.130996	-0.033652	-0.020053	0.172048	0.984884	0.038487	0.984485	-0.171195	-0.999058	0.034472	-0.026364
55293	9.017412	-2.293018	-0.073080	-0.505985	-0.164813	-0.034680	-0.021752	0.171814	0.984889	0.043517	0.984351	-0.170759	-0.998816	0.039145	-0.028888
55294	9.191097	-1.847664	-0.418585	-0.520949	-0.215203	-0.046376	-0.023957	0.171492	0.984894	0.048692	0.984208	-0.170188	-0.998526	0.043880	-0.031929
55295	9.430245	-1.428628	-0.744930	-0.591309	-0.277336	-0.058785	-0.026794	0.171090	0.984891	0.054564	0.984026	-0.169456	-0.998151	0.049199	-0.035701
55296	9.530685	-1.491257	-1.254459	-0.662088	-0.321542	-0.090506	-0.030089	0.170413	0.984913	0.061129	0.983829	-0.168357	-0.997676	0.055141	-0.040019
55297	9.554799	-1.464676	-1.521516	-0.635014	-0.365769	-0.138922	-0.033864	0.169306	0.984982	0.067401	0.983690	-0.166767	-0.997151	0.060742	-0.044723
55298	9.629542	-1.529023	-1.737899	-0.611481	-0.425967	-0.187508	-0.038276	0.167777	0.985082	0.073413	0.983612	-0.164674	-0.996567	0.066015	-0.049965
55299	9.759551	-1.641487	-1.787567	-0.571988	-0.483854	-0.238113	-0.043316	0.165814	0.985205	0.078998	0.983612	-0.162073	-0.995933	0.070809	-0.055705
55300	9.979984	-1.646454	-1.743598	-0.471370	-0.515787	-0.288249	-0.048718	0.163399	0.985356	0.083542	0.983738	-0.159000	-0.995313	0.074573	-0.061577
55301	10.077922	-1.618712	-1.456025	-0.371926	-0.574492	-0.323522	-0.054750	0.160701	0.985483	0.087060	0.983973	-0.155618	-0.994697	0.077276	-0.067863
55302	9.936889	-1.562439	-1.195012	-0.283641	-0.580482	-0.364519	-0.060877	0.157614	0.985623	0.089654	0.984326	-0.151869	-0.994111	0.079120	-0.074053
55303	9.818969	-1.504699	-0.905134	-0.212284	-0.625526	-0.391158	-0.067487	0.154310	0.985715	0.091497	0.984761	-0.147896	-0.993516	0.080209	-0.080578
55304	9.821532	-1.381328	-0.407411	-0.167532	-0.665620	-0.403411	-0.074503	0.150918	0.985735	0.092860	0.985237	-0.143823	-0.992888	0.080820	-0.087417
55305	9.817322	-1.616527	-0.156882	-0.214602	-0.693989	-0.397501	-0.081803	0.147614	0.985656	0.094664	0.985650	-0.139757	-0.992143	0.081874	-0.094603
55306	9.870248	-1.910274	-0.091386	-0.212576	-0.680318	-0.391689	-0.088956	0.144360	0.985519	0.096424	0.986042	-0.135733	-0.991357	0.082953	-0.101634
55307	9.923741	-2.042487	0.072234	-0.184433	-0.669608	-0.365106	-0.095984	0.141367	0.985293	0.097900	0.986405	-0.131989	-0.990557	0.083791	-0.108519
55308	9.940652	-2.154229	0.027896	-0.159334	-0.641864	-0.330362	-0.102697	0.138694	0.984996	0.099136	0.986729	-0.128601	-0.989760	0.084441	-0.115084
55309	9.797991	-1.894513	0.079903	-0.146673	-0.630161	-0.284578	-0.109252	0.136469	0.984602	0.100272	0.986991	-0.125674	-0.988944	0.084998	-0.121515
55310	9.704202	-1.856790	-0.148061	-0.153473	-0.611886	-0.263495	-0.115598	0.134437	0.984156	0.101480	0.987213	-0.122934	-0.988099	0.085661	-0.127763
55311	9.629527	-1.553094	-0.037416	-0.148600	-0.599323	-0.254217	-0.121812	0.132493	0.983670	0.102633	0.987419	-0.120288	-0.987233	0.086305	-0.133878
55312	9.511509	-1.228014	0.042493	-0.216005	-0.580766	-0.230505	-0.127813	0.130768	0.983140	0.104465	0.987531	-0.117771	-0.986281	0.087651	-0.139880
55313	9.465652	-1.098592	-0.160507	-0.355152	-0.557388	-0.221096	-0.133575	0.129132	0.982590	0.107665	0.987497	-0.115141	-0.985173	0.090410	-0.145808
55314	9.717002	-0.966187	0.019400	-0.394898	-0.528797	-0.238310	-0.139074	0.127312	0.982064	0.111216	0.987435	-0.112259	-0.984017	0.093609	-0.151485
55315	9.920712	-0.695591	0.276694	-0.459367	-0.470396	-0.259817	-0.144025	0.125248	0.981616	0.115355	0.987320	-0.109050	-0.982828	0.097528	-0.156647
55316	9.930297	-0.575613	-0.003572	-0.566778	-0.386128	-0.288248	-0.148188	0.122835	0.981301	0.120490	0.987107	-0.105367	-0.981592	0.102623	-0.161078
55317	9.725190	-0.627522	-0.228971	-0.720269	-0.388853	-0.292660	-0.152394	0.120410	0.980958	0.127104	0.986696	-0.101368	-0.980113	0.109236	-0.165671
55318	9.952928	-0.958444	-0.284626	-0.911132	-0.420883	-0.278497	-0.156911	0.118188	0.980515	0.135585	0.985991	-0.097151	-0.978262	0.117699	-0.170737
55319	10.049513	-1.164137	-0.176276	-0.951919	-0.372823	-0.277422	-0.160969	0.115960	0.980124	0.144437	0.985150	-0.092834	-0.976333	0.126623	-0.175328
55320	9.851407	-1.376262	-0.044998	-0.963440	-0.334644	-0.282886	-0.164684	0.113662	0.979776	0.153363	0.984208	-0.088398	-0.974351	0.135704	-0.179514
55321	9.659228	-1.363158	-0.107260	-0.971378	-0.354087	-0.268174	-0.168577	0.111572	0.979354	0.162362	0.983145	-0.084057	-0.972225	0.144840	-0.183850
55322	9.713550	-1.443113	-0.240829	-0.970735	-0.356887	-0.262486	-0.172509	0.109575	0.978894	0.171331	0.981982	-0.079727	-0.969993	0.153961	-0.188174
55323	9.787904	-1.853741	-0.203243	-0.902315	-0.308071	-0.277479	-0.176001	0.107392	0.978514	0.179582	0.980853	-0.075348	-0.967871	0.162463	-0.191917
55324	9.854782	-2.206412	-0.001266	-0.859224	-0.276331	-0.272322	-0.179200	0.105232	0.978169	0.187397	0.979710	-0.071067	-0.965800	0.170570	-0.195284
55325	9.983907	-2.772940	-0.057096	-0.832735	-0.237649	-0.263574	-0.182014	0.103120	0.977874	0.194948	0.978529	-0.066903	-0.963777	0.178457	-0.198209
55326	10.391296	-3.280186	-0.174317	-0.759905	-0.197506	-0.240126	-0.184419	0.101181	0.977626	0.201815	0.977390	-0.063086	-0.961904	0.185665	-0.200669
55327	10.816526	-3.497076	-0.374034	-0.605910	-0.145874	-0.205365	-0.186255	0.099507	0.977449	0.207252	0.976451	-0.059913	-0.960393	0.191419	-0.202492
55328	11.257418	-3.152238	-0.504778	-0.387299	-0.065093	-0.160170	-0.187241	0.098119	0.977401	0.210662	0.975860	-0.057608	-0.959459	0.195115	-0.203391
55329	11.365691	-2.120168	-0.800162	-0.160537	0.070863	-0.096948	-0.186777	0.097095	0.977592	0.212016	0.975638	-0.056393	-0.959252	0.196732	-0.202813
55330	11.076981	-1.086017	-1.367779	0.040375	0.220970	-0.068051	-0.184827	0.096046	0.978066	0.211493	0.975782	-0.055856	-0.959745	0.196530	-0.200664
55331	10.412601	-0.105607	-1.457521	0.241947	0.319857	-0.086938	-0.181948	0.094634	0.978744	0.209005	0.976336	-0.055547	-0.960839	0.194456	-0.197421
55332	9.913306	0.813582	-0.850935	0.320902	0.304932	-0.139995	-0.179333	0.092728	0.979409	0.205658	0.977086	-0.054851	-0.962052	0.191586	-0.194294
55333	9.810052	1.296818	0.057432	0.227626	0.229837	-0.213769	-0.177567	0.090260	0.979961	0.203080	0.977713	-0.053255	-0.962927	0.189554	-0.191940
55334	9.928669	1.212102	0.655581	-0.041714	0.231786	-0.283808	-0.175937	0.087095	0.980541	0.202971	0.977885	-0.050440	-0.963249	0.190147	-0.189724
55335	9.721719	0.764424	0.901128	-0.355953	0.277400	-0.341512	-0.173971	0.083281	0.981223	0.205797	0.977491	-0.046476	-0.963007	0.193847	-0.187194
55336	9.678614	-0.004618	1.170786	-0.583415	0.327214	-0.384087	-0.171647	0.078934	0.981991	0.210740	0.976654	-0.041668	-0.962354	0.199792	-0.184274
55337	9.846693	-0.880642	1.286717	-0.653656	0.408037	-0.381444	-0.168541	0.074438	0.982880	0.216375	0.975617	-0.036785	-0.961653	0.206471	-0.180538
55338	9.790315	-1.609025	1.254577	-0.596546	0.478060	-0.360909	-0.164761	0.069967	0.983849	0.221499	0.974628	-0.032218	-0.961141	0.212613	-0.176078
55339	10.115533	-1.732697	1.205040	-0.469302	0.515240	-0.334383	-0.160557	0.065658	0.984840	0.225461	0.973845	-0.028169	-0.960931	0.217521	-0.171161
55340	10.484973	-1.634666	1.002725	-0.301664	0.672250	-0.317415	-0.154840	0.061145	0.986046	0.227850	0.973386	-0.024581	-0.961306	0.220864	-0.164651
55341	10.652761	-1.411383	1.319067	-0.101779	0.835900	-0.284923	-0.147447	0.056578	0.987450	0.228395	0.973328	-0.021664	-0.962338	0.222334	-0.156436
55342	10.519510	-1.090736	2.043067	0.066576	1.031359	-0.256533	-0.138123	0.051839	0.989057	0.227376	0.973616	-0.019276	-0.963962	0.222226	-0.146266
55343	10.747076	-1.137842	2.514315	0.099014	1.198204	-0.221895	-0.127058	0.047076	0.990777	0.226124	0.973945	-0.017278	-0.965776	0.221843	-0.134393
55344	10.929972	-1.308252	2.540528	0.155701	1.436757	-0.176760	-0.113591	0.042224	0.992630	0.224394	0.974371	-0.015769	-0.967856	0.220949	-0.120155
55345	10.947597	-1.507752	2.672356	0.198321	1.670428	-0.107563	-0.097634	0.037554	0.994514	0.222356	0.974851	-0.014982	-0.970065	0.219673	-0.103529
55346	11.254977	-1.960748	2.284441	0.279900	1.770522	0.004258	-0.080456	0.033775	0.996186	0.219628	0.975463	-0.015335	-0.972261	0.217556	-0.085899
55347	11.310068	-1.937832	1.995235	0.451130	1.908219	0.112057	-0.061621	0.030812	0.997624	0.215312	0.976400	-0.016858	-0.974599	0.213762	-0.066801
55348	11.605763	-1.831835	1.473145	0.548339	1.988951	0.191117	-0.041834	0.028526	0.998717	0.210046	0.977505	-0.019122	-0.976796	0.208976	-0.046885
55349	12.131373	-1.426090	0.841450	0.700908	2.056185	0.254601	-0.021184	0.026844	0.999415	0.203267	0.978876	-0.021984	-0.978894	0.202683	-0.026193
55350	12.323822	-0.882420	0.566477	0.734897	2.139273	0.308973	0.000366	0.025656	0.999671	0.196082	0.980263	-0.025230	-0.980587	0.196027	-0.004671
55351	12.578619	-0.477519	0.236772	0.691230	2.120895	0.369831	0.021907	0.025252	0.999441	0.189252	0.981502	-0.028946	-0.981684	0.189780	0.016722
55352	12.695300	-0.286933	-0.236033	0.583514	2.056002	0.420893	0.042852	0.025586	0.998754	0.183367	0.982489	-0.033037	-0.982110	0.184554	0.037409
55353	12.799238	-0.149977	-0.522135	0.407292	1.951177	0.471201	0.062883	0.026709	0.997663	0.179110	0.983110	-0.037609	-0.981817	0.181056	0.057037
55354	12.754896	-0.455311	-1.241463	0.279567	1.853056	0.534614	0.081990	0.028682	0.996220	0.175958	0.983467	-0.042796	-0.980977	0.178802	0.075588
55355	11.975826	-0.572994	-1.458090	0.104137	1.794146	0.563637	0.100580	0.031079	0.994443	0.174411	0.983484	-0.048377	-0.979523	0.178308	0.093498
55356	11.320964	-0.681516	-1.538965	0.004318	1.657355	0.619425	0.117849	0.034261	0.992440	0.173670	0.983291	-0.054568	-0.977727	0.178788	0.109930
55357	11.031144	-1.316083	-1.152815	0.036840	1.596281	0.629872	0.134543	0.037657	0.990192	0.172502	0.983129	-0.060827	-0.975777	0.178994	0.125777
55358	11.161037	-1.218883	-0.932004	0.234546	1.646582	0.607998	0.151605	0.040751	0.987601	0.169322	0.983310	-0.066566	-0.973831	0.177314	0.142175
55359	10.652107	-1.164311	-1.786332	0.451514	1.698588	0.589483	0.169121	0.043628	0.984629	0.163967	0.983853	-0.071756	-0.971861	0.173582	0.159237
55360	10.827097	-1.392213	-1.597783	0.520784	1.647371	0.586883	0.186030	0.046630	0.981437	0.157843	0.984481	-0.076693	-0.969783	0.169181	0.175783
55361	11.487895	-1.971346	-0.885839	0.465770	1.653634	0.612266	0.202999	0.049952	0.977904	0.152122	0.984963	-0.081891	-0.967290	0.165385	0.192348
55362	11.924897	-2.708676	-1.268480	0.628452	1.759349	0.639364	0.220913	0.053438	0.973828	0.144670	0.985656	-0.086906	-0.964504	0.160082	0.210014
55363	11.626791	-2.814943	-1.301075	0.908827	1.848597	0.717388	0.239716	0.057688	0.969128	0.134242	0.986675	-0.091937	-0.961517	0.152137	0.228778
55364	11.502453	-2.588130	-0.799635	1.275303	1.889919	0.789954	0.258835	0.062769	0.963880	0.120002	0.988066	-0.096569	-0.958438	0.140663	0.248213
55365	11.505423	-2.606110	-0.124434	1.477935	1.899466	0.859067	0.277963	0.068781	0.958126	0.103534	0.989478	-0.101068	-0.954996	0.127292	0.267917
55366	11.200014	-2.872182	-0.351368	1.721275	1.911638	0.886595	0.296986	0.075325	0.951906	0.084550	0.990894	-0.104789	-0.951131	0.111604	0.287913
55367	10.214591	-2.454533	-0.715775	1.993293	1.828414	0.875626	0.314976	0.082197	0.945534	0.062926	0.992242	-0.107220	-0.947011	0.093270	0.307360
55368	9.146071	-1.201153	-0.958399	2.274614	1.718528	0.804348	0.331591	0.088809	0.939234	0.038802	0.993433	-0.107633	-0.942625	0.072134	0.325967
55369	8.730025	0.118388	-0.348809	2.391177	1.630254	0.703363	0.347088	0.094867	0.933022	0.013904	0.994241	-0.106265	-0.937730	0.049856	0.343770
55370	8.282478	0.512920	0.101005	2.301254	1.570458	0.586757	0.361750	0.100133	0.926882	-0.009725	0.994566	-0.103649	-0.932224	0.028481	0.360759
55371	8.001987	0.827974	0.111707	2.175736	1.490565	0.462609	0.375485	0.104518	0.920916	-0.031678	0.994488	-0.099952	-0.926287	0.008357	0.376726
55372	7.702910	1.393730	0.244958	2.077746	1.400436	0.354013	0.388230	0.108099	0.915201	-0.052246	0.994081	-0.095253	-0.920080	-0.010835	0.391580
55373	7.470022	2.052453	0.295018	1.950683	1.281709	0.232252	0.399814	0.110717	0.909885	-0.071079	0.993434	-0.089651	-0.913836	-0.028830	0.405058
55374	7.292855	2.722009	0.550560	1.787717	1.174870	0.129167	0.410375	0.112478	0.904954	-0.087919	0.992621	-0.083505	-0.907669	-0.045294	0.417236
55375	7.345216	3.101262	0.770620	1.598817	1.057113	0.027178	0.419883	0.113355	0.900471	-0.102528	0.991743	-0.077037	-0.901768	-0.059977	0.428038
55376	7.431390	3.339411	1.014768	1.360128	0.943907	-0.057273	0.428394	0.113453	0.896441	-0.114548	0.990901	-0.070668	-0.896302	-0.072412	0.437492
55377	7.311577	3.567366	1.225512	1.080132	0.821073	-0.143462	0.435871	0.112714	0.892923	-0.123616	0.990222	-0.064654	-0.891479	-0.082199	0.445542
55378	6.730359	3.726200	1.476753	0.744747	0.688983	-0.226470	0.442248	0.111101	0.889985	-0.129282	0.989832	-0.059323	-0.887526	-0.088823	0.452115
55379	6.779660	3.647177	1.538247	0.403942	0.483588	-0.269483	0.446850	0.108914	0.887954	-0.131698	0.989756	-0.055125	-0.884862	-0.092309	0.456617
55380	6.923372	3.244669	1.637738	-0.043674	0.319418	-0.300053	0.450029	0.106277	0.886667	-0.130002	0.990113	-0.052694	-0.883501	-0.091555	0.459396
55381	7.041916	2.351923	1.670336	-0.484884	0.136696	-0.299745	0.451582	0.103468	0.886210	-0.124402	0.990853	-0.052295	-0.883514	-0.086631	0.460323
55382	7.281663	1.161779	1.409342	-0.837561	0.014627	-0.286723	0.452018	0.100678	0.886309	-0.115738	0.991830	-0.053638	-0.884468	-0.078334	0.459978
55383	7.433002	-0.072784	1.089049	-1.049737	-0.107597	-0.218539	0.451270	0.098468	0.886938	-0.105494	0.992811	-0.056547	-0.886130	-0.068048	0.458414
55384	7.491580	-1.283162	0.843854	-1.039758	-0.212579	-0.132548	0.449481	0.097059	0.888001	-0.095708	0.993590	-0.060155	-0.888148	-0.057950	0.455889
55385	7.653832	-2.426458	1.258098	-0.829924	-0.316544	-0.045408	0.446669	0.096475	0.889483	-0.088161	0.994077	-0.063548	-0.890345	-0.050033	0.452528
55386	8.061193	-3.373487	1.918198	-0.506359	-0.441550	0.048068	0.442654	0.096784	0.891454	-0.083896	0.994267	-0.066287	-0.892759	-0.045447	0.448236
55387	8.664750	-4.145587	2.524167	-0.151681	-0.519658	0.147976	0.437844	0.098062	0.893687	-0.083228	0.994186	-0.068314	-0.895191	-0.044469	0.443460
55388	9.143314	-4.595073	2.818710	0.285734	-0.451890	0.213256	0.433577	0.100015	0.895549	-0.086753	0.993838	-0.068991	-0.896931	-0.047778	0.439582
55389	9.080938	-4.323213	3.313611	0.713088	-0.321117	0.252678	0.430423	0.102405	0.896800	-0.094279	0.993210	-0.068164	-0.897690	-0.055210	0.437155
55390	8.929962	-3.352408	4.269122	0.972712	-0.210809	0.262165	0.428233	0.104922	0.897557	-0.104171	0.992347	-0.066302	-0.897644	-0.065107	0.435886
55391	8.760159	-2.117629	5.573508	1.104118	-0.114605	0.262954	0.426871	0.107496	0.897901	-0.115238	0.991281	-0.063890	-0.896940	-0.076200	0.435537
55392	8.691519	-1.012622	7.062670	1.215042	-0.005581	0.268380	0.426457	0.110190	0.897771	-0.127308	0.989984	-0.061035	-0.895504	-0.088264	0.436214
55393	8.954881	-0.207742	8.586993	1.210623	0.158944	0.274724	0.427468	0.113104	0.896927	-0.139343	0.988530	-0.058246	-0.893227	-0.100083	0.438325
55394	9.620905	0.165016	9.471705	1.101204	0.501972	0.309099	0.431456	0.116725	0.894551	-0.150521	0.987009	-0.056191	-0.889488	-0.110405	0.443420
55395	9.337307	0.794701	9.767707	0.911658	1.145333	0.365741	0.440998	0.121686	0.889221	-0.160231	0.985524	-0.055400	-0.883089	-0.118050	0.454112
55396	6.031079	1.423454	8.359721	0.431425	1.290095	0.406436	0.451647	0.127268	0.883073	-0.165877	0.984495	-0.057048	-0.876641	-0.120716	0.465755
55397	4.716632	1.796586	6.576158	-0.171194	0.567594	0.308834	0.456068	0.131030	0.880246	-0.165813	0.984293	-0.060607	-0.874361	-0.118316	0.470631
