// General information: 
//  MT Manager version: 2022.2.0 
//  XDA version: 2022.2.0 build 7381 rev 124627 built on 2023-07-19
// Device information: 
//  DeviceId: 00B4CBA7
//  ProductCode: MTW2-3A7G6
//  Firmware Version: 4.6.0
//  Hardware Version: 2.0.0
// Device settings: 
//  Filter Profile: human(46.1)
//  Option Flags: Orientation Smoother Disabled, Position/Velocity Smoother Disabled, Continuous Zero Rotation Update Disabled, AHS Disabled, ICC Disabled
// Coordinate system: ENU
PacketCounter	Acc_X	Acc_Y	Acc_Z	Gyr_X	Gyr_Y	Gyr_Z	Mat[1][1]	Mat[2][1]	Mat[3][1]	Mat[1][2]	Mat[2][2]	Mat[3][2]	Mat[1][3]	Mat[2][3]	Mat[3][3]
57006	9.683451	0.375841	-1.731741	0.009199	0.103799	-0.044312	-0.144804	-0.062403	0.987491	-0.109290	0.992911	0.046720	-0.983406	-0.101158	-0.150598
57007	9.681929	0.467415	-1.748509	0.011801	0.110287	-0.050177	-0.143652	-0.062825	0.987632	-0.109495	0.992865	0.047232	-0.983552	-0.101356	-0.149506
57008	9.630104	0.579842	-1.759149	-0.003962	0.118394	-0.052622	-0.142447	-0.063275	0.987778	-0.109542	0.992832	0.047802	-0.983722	-0.101394	-0.148357
57009	9.614416	0.552002	-1.675573	-0.028334	0.123591	-0.049097	-0.141164	-0.063673	0.987936	-0.109349	0.992826	0.048363	-0.983929	-0.101203	-0.147114
57010	9.627753	0.481015	-1.711899	-0.050056	0.133935	-0.047548	-0.139811	-0.064056	0.988104	-0.108927	0.992844	0.048951	-0.984168	-0.100788	-0.145788
57011	9.682504	0.367850	-1.756816	-0.037444	0.141538	-0.051516	-0.138349	-0.064461	0.988284	-0.108647	0.992845	0.049549	-0.984406	-0.100519	-0.144363
57012	9.765620	0.320873	-1.788315	0.009109	0.149352	-0.050294	-0.136842	-0.064857	0.988467	-0.108813	0.992800	0.050077	-0.984598	-0.100705	-0.142914
57013	9.775700	0.402166	-1.769370	0.035820	0.157124	-0.051336	-0.135226	-0.065243	0.988664	-0.109252	0.992727	0.050568	-0.984773	-0.101175	-0.141371
57014	9.776525	0.461161	-1.753888	0.046529	0.167366	-0.054196	-0.133536	-0.065657	0.988867	-0.109782	0.992642	0.051083	-0.984945	-0.101738	-0.139761
57015	9.788100	0.509855	-1.706301	0.056469	0.178930	-0.057405	-0.131697	-0.066079	0.989085	-0.110431	0.992543	0.051606	-0.985120	-0.102429	-0.138012
57016	9.740752	0.546343	-1.603408	0.037633	0.192293	-0.061386	-0.129752	-0.066540	0.989311	-0.110899	0.992460	0.052207	-0.985325	-0.102940	-0.136153
57017	9.710537	0.615375	-1.705100	0.054002	0.198999	-0.062631	-0.127709	-0.066991	0.989547	-0.111528	0.992358	0.052788	-0.985521	-0.103620	-0.134204
57018	9.645357	0.574228	-1.715863	0.044913	0.215622	-0.061338	-0.125532	-0.067424	0.989796	-0.112061	0.992267	0.053380	-0.985740	-0.104217	-0.132117
57019	9.698084	0.591641	-1.726394	0.056065	0.223267	-0.058274	-0.123253	-0.067804	0.990056	-0.112702	0.992165	0.053918	-0.985955	-0.104936	-0.129929
57020	9.721246	0.607135	-1.802272	0.050427	0.242431	-0.054800	-0.120818	-0.068142	0.990333	-0.113289	0.992069	0.054441	-0.986189	-0.105617	-0.127579
57021	9.710038	0.490754	-1.812951	0.044526	0.258634	-0.058464	-0.118187	-0.068483	0.990627	-0.113814	0.991979	0.054998	-0.986447	-0.106247	-0.125033
57022	9.597994	0.424937	-1.867150	0.027109	0.281457	-0.054437	-0.115364	-0.068775	0.990939	-0.114177	0.991906	0.055550	-0.986739	-0.106734	-0.122283
57023	9.515053	0.382840	-1.826430	0.038495	0.297453	-0.059972	-0.112347	-0.069087	0.991264	-0.114641	0.991820	0.056133	-0.987034	-0.107333	-0.119348
57024	9.468320	0.418987	-1.713931	0.063834	0.308873	-0.056256	-0.109252	-0.069361	0.991591	-0.115354	0.991707	0.056660	-0.987298	-0.108194	-0.116347
57025	9.448256	0.521291	-1.587625	0.079324	0.321324	-0.053020	-0.106004	-0.069573	0.991929	-0.116209	0.991580	0.057130	-0.987552	-0.109215	-0.113197
57026	9.308851	0.586719	-1.435691	0.083276	0.327979	-0.064610	-0.102711	-0.069898	0.992252	-0.117091	0.991442	0.057720	-0.987796	-0.110255	-0.110017
57027	9.339398	0.647767	-1.338988	0.096508	0.326176	-0.059895	-0.099405	-0.070165	0.992570	-0.118120	0.991290	0.058245	-0.988011	-0.111452	-0.106827
57028	9.508035	0.650650	-1.095443	0.091812	0.329384	-0.056214	-0.096104	-0.070402	0.992878	-0.119101	0.991142	0.058751	-0.988220	-0.112607	-0.103638
57029	9.627399	0.704599	-1.008559	0.051086	0.329144	-0.056538	-0.092770	-0.070626	0.993180	-0.119674	0.991041	0.059295	-0.988469	-0.113357	-0.100391
57030	9.739078	0.714358	-0.951740	0.044089	0.327164	-0.052627	-0.089492	-0.070825	0.993466	-0.120179	0.990948	0.059820	-0.988710	-0.114041	-0.097193
57031	9.924772	0.783288	-0.803212	0.012895	0.328065	-0.049146	-0.086175	-0.070973	0.993749	-0.120365	0.990895	0.060331	-0.988982	-0.114413	-0.093933
57032	9.764026	0.814683	-0.714713	-0.010594	0.326273	-0.047248	-0.082909	-0.071116	0.994016	-0.120312	0.990869	0.060855	-0.989268	-0.114547	-0.090708
57033	9.682853	0.981831	-0.532437	-0.038475	0.318416	-0.041769	-0.079695	-0.071200	0.994273	-0.119980	0.990879	0.061340	-0.989572	-0.114404	-0.087511
57034	9.381911	0.952511	-0.407411	-0.083611	0.302073	-0.042877	-0.076672	-0.071328	0.994502	-0.119193	0.990941	0.061884	-0.989906	-0.113793	-0.084479
57035	9.285892	0.854489	-0.346881	-0.081222	0.279954	-0.039278	-0.073840	-0.071435	0.994708	-0.118432	0.991001	0.062377	-0.990213	-0.113200	-0.081636
57036	9.251630	0.736184	-0.312812	-0.064164	0.255428	-0.027971	-0.071293	-0.071472	0.994892	-0.117819	0.991050	0.062753	-0.990473	-0.112743	-0.079075
57037	9.362772	0.721568	-0.288818	-0.026349	0.225441	-0.018195	-0.069025	-0.071433	0.995054	-0.117585	0.991063	0.062990	-0.990661	-0.112655	-0.076807
57038	9.598525	0.866950	-0.119046	-0.025623	0.203713	-0.016735	-0.067002	-0.071416	0.995194	-0.117338	0.991078	0.063221	-0.990829	-0.112538	-0.074784
57039	9.849695	1.000664	-0.051505	-0.064608	0.188041	-0.014658	-0.065108	-0.071386	0.995322	-0.116721	0.991136	0.063450	-0.991028	-0.112044	-0.072863
57040	10.007509	0.899139	-0.089638	-0.119122	0.175567	-0.011316	-0.063368	-0.071351	0.995436	-0.115549	0.991257	0.063695	-0.991278	-0.110986	-0.071058
57041	10.100350	0.945734	-0.325035	-0.125012	0.171351	-0.014150	-0.061639	-0.071337	0.995546	-0.114333	0.991381	0.063959	-0.991528	-0.109881	-0.069264
57042	9.852701	0.826197	-0.410562	-0.142260	0.161593	-0.017099	-0.060028	-0.071382	0.995641	-0.112956	0.991519	0.064276	-0.991785	-0.108605	-0.067582
57043	9.744604	0.734868	-0.507493	-0.140307	0.150676	-0.011336	-0.058508	-0.071367	0.995733	-0.111584	0.991658	0.064518	-0.992031	-0.107333	-0.065983
57044	9.665607	0.711190	-0.479705	-0.130276	0.134913	-0.010284	-0.057169	-0.071376	0.995810	-0.110314	0.991785	0.064754	-0.992251	-0.106150	-0.064573
57045	9.563744	0.686369	-0.410354	-0.115099	0.124723	-0.006876	-0.055911	-0.071347	0.995883	-0.109189	0.991898	0.064932	-0.992447	-0.105109	-0.063248
57046	9.521047	0.631056	-0.311572	-0.098661	0.115376	-0.003243	-0.054773	-0.071309	0.995949	-0.108227	0.991994	0.065074	-0.992616	-0.104225	-0.062052
57047	9.546490	0.490410	-0.428172	-0.081235	0.107405	-0.007041	-0.053686	-0.071303	0.996009	-0.107438	0.992070	0.065230	-0.992761	-0.103507	-0.060921
57048	9.666158	0.354150	-0.606096	-0.027725	0.106409	-0.008283	-0.052633	-0.071322	0.996064	-0.107158	0.992090	0.065375	-0.992848	-0.103295	-0.059859
57049	9.681461	0.366101	-0.670897	0.042522	0.103858	-0.004959	-0.051583	-0.071299	0.996120	-0.107596	0.992039	0.065435	-0.992856	-0.103803	-0.058844
57050	9.826210	0.536363	-0.829704	0.073526	0.104474	-0.010286	-0.050545	-0.071341	0.996170	-0.108342	0.991951	0.065542	-0.992828	-0.104614	-0.057867
57051	9.953558	0.717196	-0.886203	0.045291	0.118305	-0.008453	-0.049348	-0.071336	0.996231	-0.108809	0.991893	0.065636	-0.992837	-0.105160	-0.056710
57052	9.937529	0.794159	-0.826256	-0.010151	0.128164	-0.014908	-0.048069	-0.071393	0.996289	-0.108693	0.991893	0.065834	-0.992912	-0.105126	-0.055439
57053	9.878870	0.672739	-0.874966	-0.054359	0.142222	-0.017289	-0.046625	-0.071451	0.996354	-0.108175	0.991934	0.066072	-0.993038	-0.104700	-0.053978
57054	9.785631	0.550354	-0.858545	-0.039306	0.146049	-0.019694	-0.045162	-0.071541	0.996415	-0.107791	0.991958	0.066335	-0.993147	-0.104409	-0.052511
57055	9.695904	0.559199	-0.837535	0.002943	0.150884	-0.020809	-0.043628	-0.071625	0.996477	-0.107843	0.991936	0.066577	-0.993210	-0.104558	-0.051001
57056	9.663181	0.560495	-0.646514	0.024731	0.156861	-0.025534	-0.042052	-0.071765	0.996535	-0.108120	0.991886	0.066868	-0.993248	-0.104934	-0.049470
57057	9.597533	0.571150	-0.556388	0.040937	0.157231	-0.030839	-0.040444	-0.071941	0.996589	-0.108553	0.991817	0.067191	-0.993268	-0.105465	-0.047922
57058	9.580037	0.616841	-0.467221	0.065468	0.155212	-0.026058	-0.038884	-0.072082	0.996640	-0.109213	0.991726	0.067466	-0.993258	-0.106223	-0.046435
57059	9.305803	0.420207	-0.524486	0.069932	0.156229	-0.038310	-0.037277	-0.072331	0.996684	-0.109935	0.991620	0.067852	-0.993239	-0.107041	-0.044917
57060	10.000756	0.588621	-0.291156	0.122651	0.146384	-0.021072	-0.035815	-0.072428	0.996730	-0.111158	0.991470	0.068051	-0.993157	-0.108357	-0.043560
57061	9.860177	0.988674	-0.263867	0.095553	0.151603	-0.031062	-0.034261	-0.072606	0.996772	-0.112130	0.991340	0.068356	-0.993103	-0.109426	-0.042106
57062	9.842322	1.067571	-0.202585	0.040511	0.146002	-0.029759	-0.032788	-0.072789	0.996808	-0.112555	0.991269	0.068682	-0.993104	-0.109944	-0.040695
57063	9.870309	1.083664	-0.060637	-0.038038	0.142727	-0.023781	-0.031331	-0.072903	0.996847	-0.112197	0.991289	0.068971	-0.993192	-0.109683	-0.039238
57064	9.824233	0.809405	-0.161295	-0.078005	0.133901	-0.021768	-0.029986	-0.073022	0.996879	-0.111442	0.991354	0.069265	-0.993318	-0.109017	-0.037865
57065	9.732073	0.599660	-0.120256	-0.033611	0.121304	-0.023004	-0.028743	-0.073153	0.996906	-0.111127	0.991370	0.069543	-0.993390	-0.108785	-0.036624
57066	9.658794	0.685421	-0.120400	0.006667	0.112608	-0.018381	-0.027612	-0.073261	0.996930	-0.111202	0.991346	0.069770	-0.993414	-0.108934	-0.035520
57067	9.593895	0.793303	-0.116937	0.018333	0.095476	-0.020040	-0.026628	-0.073390	0.996948	-0.111402	0.991307	0.070000	-0.993419	-0.109198	-0.034573
57068	9.615438	0.883688	-0.066239	0.002881	0.086767	-0.011494	-0.025759	-0.073458	0.996966	-0.111437	0.991292	0.070160	-0.993438	-0.109291	-0.033721
57069	9.587496	0.872257	-0.074231	-0.023019	0.079533	-0.009778	-0.024945	-0.073503	0.996983	-0.111223	0.991306	0.070301	-0.993482	-0.109133	-0.032904
57070	9.620815	0.776572	-0.049951	-0.032624	0.067788	-0.008588	-0.024270	-0.073565	0.996995	-0.110924	0.991329	0.070447	-0.993533	-0.108881	-0.032219
57071	9.646701	0.691103	-0.059038	-0.003544	0.054849	-0.008047	-0.023703	-0.073620	0.997005	-0.110903	0.991323	0.070564	-0.993549	-0.108898	-0.031662
57072	9.668123	0.746978	-0.097250	0.032443	0.043539	-0.002112	-0.023276	-0.073641	0.997013	-0.111229	0.991282	0.070621	-0.993522	-0.109253	-0.031265
57073	9.638535	0.821673	-0.137450	0.056548	0.031490	0.000728	-0.022951	-0.073635	0.997021	-0.111803	0.991217	0.070632	-0.993465	-0.109849	-0.030982
57074	9.672100	0.910549	-0.114403	0.047317	0.022739	0.007201	-0.022742	-0.073587	0.997029	-0.112284	0.991165	0.070593	-0.993416	-0.110345	-0.030804
57075	9.725262	0.955489	-0.165911	0.018967	0.018107	0.011594	-0.022562	-0.073487	0.997041	-0.112482	0.991149	0.070508	-0.993398	-0.110558	-0.030628
57076	9.699290	0.854423	-0.153391	-0.003087	0.008579	0.018506	-0.022504	-0.073341	0.997053	-0.112441	0.991163	0.070370	-0.993403	-0.110526	-0.030552
57077	9.666948	0.795851	-0.200533	-0.002096	0.003743	0.019571	-0.022476	-0.073178	0.997066	-0.112428	0.991176	0.070211	-0.993406	-0.110520	-0.030505
57078	9.696721	0.685771	-0.241552	0.000392	0.003297	0.018431	-0.022469	-0.073041	0.997076	-0.112439	0.991185	0.070075	-0.993405	-0.110536	-0.030484
57079	9.728572	0.607152	-0.421717	0.033078	-0.001381	0.020516	-0.022493	-0.072874	0.997087	-0.112775	0.991159	0.069897	-0.993366	-0.110874	-0.030513
57080	9.800225	0.608687	-0.437151	0.052089	0.004229	0.013413	-0.022472	-0.072783	0.997095	-0.113288	0.991108	0.069793	-0.993308	-0.111391	-0.030518
57081	9.805365	0.837649	-0.401887	0.032127	0.005337	0.007816	-0.022415	-0.072735	0.997099	-0.113618	0.991074	0.069741	-0.993272	-0.111725	-0.030479
57082	9.825028	0.793144	-0.474749	-0.011454	0.018816	0.010762	-0.022244	-0.072655	0.997109	-0.113502	0.991091	0.069684	-0.993289	-0.111623	-0.030292
57083	9.848368	0.760555	-0.488110	-0.031884	0.019909	0.006930	-0.022041	-0.072599	0.997118	-0.113196	0.991128	0.069661	-0.993328	-0.111334	-0.030063
57084	9.842784	0.683436	-0.490126	-0.037946	0.028336	0.001999	-0.021767	-0.072595	0.997124	-0.112820	0.991168	0.069699	-0.993377	-0.110978	-0.029765
57085	9.799132	0.725788	-0.370580	-0.025215	0.032098	0.008598	-0.021444	-0.072510	0.997137	-0.112580	0.991198	0.069657	-0.993411	-0.110764	-0.029419
57086	9.700821	0.775452	-0.310345	-0.021222	0.029003	0.008302	-0.021169	-0.072444	0.997148	-0.112374	0.991223	0.069628	-0.993440	-0.110580	-0.029124
57087	9.688838	0.774238	-0.286341	-0.010656	0.026706	0.009664	-0.020901	-0.072354	0.997160	-0.112278	0.991238	0.069571	-0.993457	-0.110505	-0.028842
57088	9.566411	0.789023	-0.269436	0.013341	0.024665	0.016524	-0.020680	-0.072212	0.997175	-0.112417	0.991231	0.069450	-0.993446	-0.110663	-0.028616
57089	9.500629	0.894094	-0.162675	0.022264	0.018794	0.025580	-0.020508	-0.071973	0.997196	-0.112645	0.991221	0.069225	-0.993424	-0.110909	-0.028436
57090	9.576939	0.972597	-0.060310	0.007892	0.004427	0.029710	-0.020506	-0.071722	0.997214	-0.112730	0.991229	0.068974	-0.993414	-0.111002	-0.028412
57091	9.573821	0.871957	0.020817	-0.026058	0.001231	0.030436	-0.020515	-0.071454	0.997233	-0.112477	0.991276	0.068714	-0.993442	-0.110757	-0.028373
57092	9.550288	0.714566	0.031924	-0.004937	-0.017458	0.039274	-0.020738	-0.071136	0.997251	-0.112446	0.991303	0.068374	-0.993441	-0.110719	-0.028557
57093	9.617310	0.703108	0.067671	0.021445	-0.031347	0.044968	-0.021087	-0.070761	0.997270	-0.112662	0.991307	0.067955	-0.993410	-0.110921	-0.028876
57094	9.692923	0.679925	0.022210	0.035194	-0.044639	0.047120	-0.021591	-0.070391	0.997286	-0.113009	0.991297	0.067522	-0.993359	-0.111244	-0.029358
57095	9.767137	0.743714	-0.051748	0.026316	-0.050660	0.045694	-0.022132	-0.070030	0.997299	-0.113272	0.991296	0.067094	-0.993317	-0.111481	-0.029872
57096	9.862041	0.677051	-0.172623	0.018141	-0.053140	0.040107	-0.022710	-0.069739	0.997307	-0.113449	0.991300	0.066736	-0.993284	-0.111628	-0.030425
57097	9.875404	0.672241	-0.311105	0.025940	-0.053656	0.040399	-0.023276	-0.069434	0.997315	-0.113709	0.991295	0.066361	-0.993241	-0.111859	-0.030968
57098	9.817192	0.698179	-0.349545	0.018043	-0.057473	0.037001	-0.023890	-0.069181	0.997318	-0.113891	0.991296	0.066035	-0.993206	-0.112008	-0.031562
57099	9.748205	0.790492	-0.308762	-0.013938	-0.056217	0.033814	-0.024474	-0.068944	0.997320	-0.113756	0.991331	0.065738	-0.993207	-0.111843	-0.032105
57100	9.642605	0.814559	-0.373918	-0.033982	-0.059100	0.038298	-0.025111	-0.068676	0.997323	-0.113406	0.991393	0.065412	-0.993231	-0.111460	-0.032683
57101	9.564202	0.732276	-0.256685	-0.040272	-0.061215	0.038818	-0.025750	-0.068394	0.997326	-0.113008	0.991461	0.065074	-0.993260	-0.111031	-0.033259
57102	9.549992	0.663185	-0.187508	-0.037324	-0.068682	0.038934	-0.026481	-0.068132	0.997325	-0.112635	0.991525	0.064745	-0.993284	-0.110619	-0.033931
57103	9.563820	0.606222	-0.103140	-0.028316	-0.077550	0.040899	-0.027284	-0.067848	0.997323	-0.112355	0.991580	0.064383	-0.993294	-0.110297	-0.034677
57104	9.582954	0.438823	-0.130804	0.008116	-0.088954	0.044969	-0.028223	-0.067551	0.997317	-0.112448	0.991596	0.063982	-0.993257	-0.110340	-0.035582
57105	9.654506	0.437230	-0.155778	0.064356	-0.101014	0.046881	-0.029266	-0.067233	0.997308	-0.113086	0.991552	0.063527	-0.993154	-0.110922	-0.036622
57106	9.769334	0.545909	-0.267962	0.082556	-0.103343	0.040769	-0.030338	-0.066993	0.997292	-0.113904	0.991483	0.063138	-0.993028	-0.111681	-0.037711
57107	9.797840	0.551210	-0.486396	0.098055	-0.103562	0.046733	-0.031407	-0.066681	0.997280	-0.114876	0.991401	0.062670	-0.992883	-0.112595	-0.038797
57108	9.794206	0.687889	-0.525450	0.093967	-0.104770	0.043898	-0.032500	-0.066412	0.997263	-0.115803	0.991320	0.062243	-0.992740	-0.113463	-0.039909
57109	9.760382	0.747520	-0.526063	0.037735	-0.099676	0.045092	-0.033529	-0.066114	0.997249	-0.116175	0.991303	0.061814	-0.992663	-0.113783	-0.040918
57110	9.733075	0.642508	-0.635350	0.012856	-0.088375	0.040416	-0.034457	-0.065863	0.997234	-0.116306	0.991311	0.061453	-0.992616	-0.113866	-0.041818
57111	9.726147	0.440571	-0.705207	0.031592	-0.083374	0.042603	-0.035321	-0.065571	0.997223	-0.116617	0.991299	0.061051	-0.992549	-0.114137	-0.042660
57112	9.658844	0.445637	-0.638831	0.069708	-0.082070	0.037305	-0.036183	-0.065343	0.997207	-0.117309	0.991239	0.060695	-0.992436	-0.114785	-0.043531
57113	9.638268	0.540278	-0.573756	0.088023	-0.080086	0.034203	-0.037005	-0.065131	0.997190	-0.118183	0.991156	0.060352	-0.992302	-0.115617	-0.044375
57114	9.702112	0.551153	-0.518361	0.091651	-0.077008	0.027083	-0.037805	-0.065000	0.997169	-0.119092	0.991063	0.060087	-0.992163	-0.116483	-0.045208
57115	9.784477	0.548693	-0.675512	0.087072	-0.068205	0.030034	-0.038504	-0.064817	0.997154	-0.119957	0.990977	0.059783	-0.992032	-0.117314	-0.045932
57116	9.809819	0.491059	-0.724247	0.084988	-0.062887	0.024825	-0.039161	-0.064691	0.997137	-0.120796	0.990890	0.059542	-0.991905	-0.118119	-0.046619
57117	9.777824	0.587195	-0.635958	0.060021	-0.053771	0.018721	-0.039704	-0.064605	0.997121	-0.121397	0.990827	0.059363	-0.991810	-0.118691	-0.047182
57118	9.806197	0.508542	-0.709227	0.033620	-0.046846	0.016387	-0.040194	-0.064547	0.997105	-0.121746	0.990792	0.059231	-0.991747	-0.119013	-0.047682
57119	9.867838	0.365456	-0.791511	0.063624	-0.040683	0.015571	-0.040603	-0.064476	0.997093	-0.122384	0.990723	0.059081	-0.991652	-0.119629	-0.048117
57120	9.841949	0.387914	-0.614624	0.091237	-0.034904	0.010427	-0.040965	-0.064461	0.997079	-0.123289	0.990617	0.058978	-0.991525	-0.120512	-0.048528
57121	9.738991	0.483425	-0.507715	0.110381	-0.035113	0.002198	-0.041302	-0.064516	0.997062	-0.124395	0.990481	0.058938	-0.991373	-0.121595	-0.048934
57122	9.677206	0.505165	-0.378263	0.129225	-0.030961	-0.001225	-0.041612	-0.064612	0.997043	-0.125681	0.990319	0.058930	-0.991198	-0.122857	-0.049330
57123	9.720070	0.465189	-0.275352	0.170072	-0.040629	-0.004276	-0.041996	-0.064739	0.997018	-0.127381	0.990102	0.058925	-0.990964	-0.124527	-0.049827
57124	9.757007	0.499508	-0.260277	0.201925	-0.045366	0.000756	-0.042448	-0.064836	0.996993	-0.129394	0.989845	0.058862	-0.990684	-0.126507	-0.050406
57125	9.750858	0.572585	-0.353357	0.204296	-0.054081	0.006435	-0.042978	-0.064876	0.996967	-0.131428	0.989584	0.058730	-0.990394	-0.128506	-0.051057
57126	9.725289	0.536411	-0.401350	0.201708	-0.057924	0.004409	-0.043562	-0.064953	0.996937	-0.133436	0.989322	0.058626	-0.990100	-0.130473	-0.051764
57127	9.665199	0.651509	-0.470075	0.188159	-0.067321	0.000577	-0.044215	-0.065071	0.996901	-0.135311	0.989071	0.058558	-0.989816	-0.132303	-0.052536
57128	9.681240	0.781811	-0.498371	0.159129	-0.071302	-0.000513	-0.044923	-0.065217	0.996859	-0.136902	0.988854	0.058524	-0.989565	-0.133843	-0.053351
57129	9.653023	0.740674	-0.382212	0.118969	-0.075177	-0.002468	-0.045649	-0.065378	0.996816	-0.138093	0.988689	0.058521	-0.989367	-0.134982	-0.054161
57130	9.642300	0.654321	-0.339454	0.093006	-0.082272	-0.000273	-0.046465	-0.065538	0.996768	-0.139024	0.988559	0.058517	-0.989198	-0.135856	-0.055045
57131	9.671609	0.580378	-0.303725	0.113158	-0.094283	-0.004526	-0.047377	-0.065746	0.996711	-0.140159	0.988397	0.058535	-0.988995	-0.136925	-0.056042
57132	9.661699	0.526810	-0.290633	0.129318	-0.106269	-0.015440	-0.048408	-0.066094	0.996639	-0.141471	0.988203	0.058663	-0.988758	-0.138156	-0.057187
57133	9.689713	0.540205	-0.287054	0.131181	-0.117133	-0.009450	-0.049538	-0.066384	0.996564	-0.142786	0.988010	0.058717	-0.988513	-0.139387	-0.058423
57134	9.827611	0.595055	-0.447749	0.137804	-0.119378	-0.015050	-0.050698	-0.066747	0.996481	-0.144175	0.987802	0.058831	-0.988253	-0.140685	-0.059703
57135	9.852611	0.721749	-0.615224	0.091026	-0.121011	-0.011293	-0.051863	-0.067064	0.996400	-0.145094	0.987662	0.058924	-0.988058	-0.141515	-0.060954
57136	9.869895	0.739682	-0.756497	0.035873	-0.117361	-0.010422	-0.053010	-0.067382	0.996318	-0.145480	0.987597	0.059052	-0.987940	-0.141814	-0.062155
57137	9.848472	0.659701	-0.859926	-0.013612	-0.109018	-0.014558	-0.054051	-0.067715	0.996240	-0.145366	0.987603	0.059241	-0.987900	-0.141618	-0.063224
57138	9.735081	0.524562	-0.899246	-0.018065	-0.098934	-0.015534	-0.055008	-0.068054	0.996164	-0.145212	0.987613	0.059452	-0.987870	-0.141384	-0.064209
57139	9.665132	0.469999	-0.889166	0.011586	-0.103643	-0.024472	-0.055982	-0.068477	0.996081	-0.145353	0.987576	0.059723	-0.987795	-0.141440	-0.065240
57140	9.589985	0.461707	-0.827553	0.037526	-0.099591	-0.033951	-0.056918	-0.069002	0.995992	-0.145768	0.987493	0.060083	-0.987680	-0.141764	-0.066264
57141	9.555463	0.525047	-0.663234	0.060040	-0.103264	-0.031691	-0.057877	-0.069496	0.995902	-0.146393	0.987381	0.060394	-0.987532	-0.142298	-0.067320
57142	9.588556	0.522410	-0.572951	0.058179	-0.108470	-0.033177	-0.058900	-0.070025	0.995805	-0.147002	0.987270	0.060730	-0.987381	-0.142809	-0.068444
57143	9.646680	0.464728	-0.523925	0.052004	-0.109290	-0.036448	-0.059910	-0.070575	0.995706	-0.147551	0.987166	0.061092	-0.987238	-0.143257	-0.069555
57144	9.738901	0.441094	-0.733681	0.101500	-0.110574	-0.035720	-0.060951	-0.071132	0.995603	-0.148587	0.986990	0.061420	-0.987019	-0.144190	-0.070727
57145	9.791132	0.641674	-0.776403	0.099427	-0.103151	-0.039437	-0.061896	-0.071705	0.995504	-0.149606	0.986814	0.061777	-0.986806	-0.145109	-0.071807
57146	9.789107	0.790819	-0.708180	0.016870	-0.102888	-0.040371	-0.062854	-0.072296	0.995401	-0.149803	0.986757	0.062209	-0.986716	-0.145204	-0.072852
57147	9.771478	0.604656	-0.804467	-0.025509	-0.092582	-0.048459	-0.063681	-0.072943	0.995301	-0.149595	0.986754	0.062745	-0.986694	-0.144897	-0.073749
57148	9.672978	0.477166	-0.751097	-0.011622	-0.097515	-0.053761	-0.064562	-0.073659	0.995191	-0.149526	0.986727	0.063333	-0.986648	-0.144718	-0.074719
57149	9.602507	0.571384	-0.661288	0.028618	-0.103490	-0.056428	-0.065484	-0.074401	0.995076	-0.149858	0.986640	0.063908	-0.986537	-0.144936	-0.075759
57150	9.529606	0.656739	-0.518375	0.050138	-0.111444	-0.053815	-0.066501	-0.075141	0.994953	-0.150415	0.986520	0.064451	-0.986384	-0.145370	-0.076906
57151	9.596074	0.769679	-0.388131	0.054418	-0.128030	-0.057577	-0.067662	-0.075930	0.994815	-0.151004	0.986393	0.065017	-0.986215	-0.145822	-0.078207
57152	9.654090	0.797473	-0.207109	0.018297	-0.142119	-0.056218	-0.068977	-0.076740	0.994662	-0.151252	0.986316	0.065607	-0.986086	-0.145919	-0.079640
57153	9.630295	0.598255	-0.365667	0.019518	-0.152543	-0.056134	-0.070382	-0.077551	0.994501	-0.151497	0.986239	0.066185	-0.985949	-0.146006	-0.081162
57154	9.667179	0.556295	-0.498225	0.054614	-0.173203	-0.059615	-0.071998	-0.078438	0.994316	-0.152096	0.986107	0.066777	-0.985740	-0.146423	-0.082928
57155	9.813527	0.591811	-0.715106	0.057800	-0.175273	-0.051135	-0.073633	-0.079233	0.994133	-0.152717	0.985978	0.067272	-0.985523	-0.146867	-0.084701
57156	9.826092	0.759286	-0.784030	0.024657	-0.179473	-0.058201	-0.075311	-0.080117	0.993936	-0.153026	0.985889	0.067874	-0.985348	-0.146986	-0.086508
57157	9.791008	0.798153	-0.764450	-0.030266	-0.180495	-0.061385	-0.076981	-0.081022	0.993735	-0.152788	0.985879	0.068545	-0.985256	-0.146555	-0.088273
57158	9.694671	0.711845	-0.799534	-0.059090	-0.179944	-0.068211	-0.078652	-0.081999	0.993524	-0.152260	0.985907	0.069316	-0.985206	-0.145823	-0.090028
57159	9.603157	0.662780	-0.751123	-0.051043	-0.186027	-0.069259	-0.080365	-0.082987	0.993305	-0.151827	0.985919	0.070086	-0.985135	-0.145178	-0.091833
57160	9.628457	0.674478	-0.701231	-0.045976	-0.194734	-0.074332	-0.082169	-0.084045	0.993068	-0.151443	0.985919	0.070909	-0.985045	-0.144567	-0.093740
57161	9.641676	0.678336	-0.576636	-0.036040	-0.205611	-0.077970	-0.084062	-0.085145	0.992816	-0.151167	0.985901	0.071752	-0.984927	-0.144050	-0.095748
57162	9.681509	0.675995	-0.630457	-0.027649	-0.213871	-0.082413	-0.086044	-0.086308	0.992546	-0.150976	0.985865	0.072639	-0.984786	-0.143600	-0.097858
57163	9.938062	0.726052	-1.015270	0.021611	-0.222288	-0.092683	-0.088078	-0.087576	0.992256	-0.151284	0.985749	0.073573	-0.984559	-0.143632	-0.100071
57164	10.144320	0.846502	-1.236520	0.040842	-0.217423	-0.083709	-0.090090	-0.088757	0.991971	-0.151777	0.985610	0.074404	-0.984301	-0.143855	-0.102265
57165	10.281180	1.020440	-1.627237	0.017870	-0.204187	-0.070458	-0.091978	-0.089780	0.991705	-0.152031	0.985517	0.075119	-0.984087	-0.143861	-0.104295
57166	10.292292	1.136193	-1.695684	-0.019116	-0.177223	-0.077477	-0.093601	-0.090844	0.991457	-0.151935	0.985468	0.075951	-0.983948	-0.143528	-0.106044
57167	10.083453	1.213039	-1.648858	-0.095578	-0.157146	-0.080805	-0.095011	-0.091899	0.991225	-0.151086	0.985526	0.076889	-0.983944	-0.142455	-0.107520
57168	9.808169	1.087708	-1.654219	-0.143163	-0.137138	-0.087100	-0.096228	-0.093001	0.991005	-0.149793	0.985640	0.077952	-0.984023	-0.140944	-0.108777
57169	9.497382	0.846285	-1.510620	-0.159176	-0.123638	-0.089148	-0.097297	-0.094087	0.990798	-0.148328	0.985774	0.079044	-0.984140	-0.139272	-0.109869
57170	9.377166	0.672775	-1.573996	-0.135984	-0.110158	-0.090024	-0.098251	-0.095173	0.990600	-0.147096	0.985871	0.080129	-0.984230	-0.137841	-0.110862
57171	9.377698	0.619994	-1.527437	-0.101216	-0.106683	-0.096156	-0.099145	-0.096302	0.990402	-0.146210	0.985913	0.081229	-0.984273	-0.136753	-0.111829
57172	9.453743	0.647817	-1.499724	-0.114908	-0.097115	-0.096988	-0.099960	-0.097438	0.990209	-0.145199	0.985968	0.082363	-0.984340	-0.135544	-0.112705
57173	9.571113	0.666558	-1.505362	-0.134582	-0.080625	-0.100188	-0.100594	-0.098569	0.990033	-0.143989	0.986047	0.083542	-0.984453	-0.134150	-0.113383
57174	9.727905	0.784962	-1.869051	-0.122441	-0.065378	-0.090516	-0.101112	-0.099593	0.989878	-0.142890	0.986115	0.084619	-0.984560	-0.132888	-0.113938
57175	9.814360	0.967187	-1.832462	-0.164110	-0.042834	-0.080651	-0.101404	-0.100480	0.989758	-0.141371	0.986245	0.085639	-0.984749	-0.131239	-0.114215
57176	9.703447	1.124665	-1.831035	-0.249237	-0.025122	-0.072223	-0.101553	-0.101270	0.989662	-0.139003	0.986491	0.086682	-0.985071	-0.128763	-0.114258
57177	9.563092	1.231404	-1.624917	-0.305577	-0.010816	-0.064563	-0.101556	-0.101955	0.989592	-0.136073	0.986809	0.087704	-0.985480	-0.125750	-0.114090
57178	9.487205	1.152282	-1.549404	-0.349877	-0.005119	-0.068135	-0.101519	-0.102679	0.989520	-0.132706	0.987168	0.088820	-0.985943	-0.122299	-0.113843
57179	9.456168	1.000035	-1.453161	-0.351822	0.010203	-0.071210	-0.101312	-0.103405	0.989466	-0.129324	0.987513	0.089959	-0.986413	-0.118848	-0.113419
57180	9.436788	0.694289	-1.407407	-0.337342	0.026027	-0.081897	-0.100955	-0.104228	0.989416	-0.126088	0.987818	0.091194	-0.986869	-0.115547	-0.112867
57181	9.462428	0.600324	-1.311635	-0.275454	0.028890	-0.089284	-0.100545	-0.105112	0.989365	-0.123474	0.988034	0.092423	-0.987241	-0.112869	-0.112320
57182	9.505056	0.561304	-1.261256	-0.233326	0.033451	-0.097487	-0.100101	-0.106088	0.989305	-0.121307	0.988183	0.093694	-0.987555	-0.110631	-0.111787
57183	9.642474	0.584311	-1.165295	-0.194213	0.034105	-0.105736	-0.099623	-0.107131	0.989241	-0.119509	0.988278	0.094991	-0.987822	-0.108760	-0.111258
57184	9.757692	0.770026	-1.048404	-0.190005	0.035442	-0.103235	-0.099155	-0.108157	0.989177	-0.117746	0.988367	0.096266	-0.988081	-0.106926	-0.110737
57185	9.799064	0.915964	-1.127501	-0.200801	0.045423	-0.101613	-0.098574	-0.109148	0.989126	-0.115877	0.988464	0.097527	-0.988360	-0.105003	-0.110085
57186	9.784766	1.003042	-1.206029	-0.207114	0.051852	-0.092833	-0.097960	-0.110057	0.989086	-0.113937	0.988571	0.098716	-0.988647	-0.103023	-0.109380
57187	9.799129	1.223198	-1.211893	-0.224233	0.053417	-0.080280	-0.097328	-0.110832	0.989062	-0.111813	0.988706	0.099789	-0.988951	-0.100878	-0.108621
57188	9.752889	1.405523	-1.056808	-0.280829	0.057581	-0.075509	-0.096681	-0.111565	0.989043	-0.109122	0.988896	0.100882	-0.989316	-0.098172	-0.107782
57189	9.760473	1.295880	-0.993925	-0.322320	0.056635	-0.072309	-0.096030	-0.112261	0.989028	-0.106017	0.989121	0.101978	-0.989716	-0.095060	-0.106887
57190	9.712201	1.246869	-0.874661	-0.289050	0.052546	-0.073650	-0.095440	-0.112986	0.989002	-0.103241	0.989303	0.103057	-0.990067	-0.092270	-0.106084
57191	9.687632	1.057143	-0.887192	-0.232416	0.044439	-0.066895	-0.094919	-0.113642	0.988977	-0.101018	0.989434	0.103999	-0.990346	-0.090033	-0.105396
57192	9.649861	1.006167	-0.793895	-0.143422	0.032001	-0.057326	-0.094550	-0.114226	0.988945	-0.099664	0.989491	0.104760	-0.990519	-0.088657	-0.104940
57193	9.607662	1.150720	-0.749199	-0.073358	0.019920	-0.048438	-0.094291	-0.114723	0.988912	-0.098998	0.989495	0.105351	-0.990610	-0.087966	-0.104658
57194	9.578047	1.273956	-0.755119	-0.039113	0.007419	-0.046169	-0.094179	-0.115216	0.988866	-0.098657	0.989472	0.105891	-0.990655	-0.087586	-0.104555
57195	9.579895	1.256727	-0.781396	-0.028569	-0.001037	-0.035025	-0.094142	-0.115599	0.988825	-0.098422	0.989451	0.106302	-0.990682	-0.087315	-0.104527
57196	9.547410	1.182041	-0.854647	-0.032002	-0.007121	-0.035087	-0.094184	-0.115997	0.988774	-0.098148	0.989432	0.106725	-0.990705	-0.086994	-0.104574
57197	9.606879	0.995474	-1.052909	-0.008162	-0.008940	-0.027231	-0.094233	-0.116310	0.988733	-0.098108	0.989403	0.107038	-0.990704	-0.086916	-0.104646
57198	9.707849	1.007089	-1.140690	0.049015	-0.007880	-0.024903	-0.094289	-0.116610	0.988692	-0.098636	0.989324	0.107278	-0.990646	-0.087405	-0.104785
57199	9.730055	1.120846	-1.206390	0.052495	-0.001050	-0.019284	-0.094268	-0.116837	0.988667	-0.099189	0.989250	0.107448	-0.990593	-0.087936	-0.104844
57200	9.580996	1.218821	-1.164330	0.017560	-0.002713	-0.010516	-0.094288	-0.116987	0.988648	-0.099374	0.989218	0.107577	-0.990573	-0.088103	-0.104897
57201	9.477152	1.232058	-1.050749	-0.023555	-0.002417	-0.012907	-0.094286	-0.117152	0.988628	-0.099168	0.989218	0.107764	-0.990594	-0.087879	-0.104887
57202	9.407862	1.314617	-0.943966	-0.061482	-0.005950	-0.017825	-0.094329	-0.117383	0.988597	-0.098608	0.989243	0.108051	-0.990645	-0.087291	-0.104890
57203	9.393207	1.227290	-0.874024	-0.101866	-0.010478	-0.017576	-0.094403	-0.117601	0.988564	-0.097630	0.989305	0.108366	-0.990735	-0.086283	-0.104875
57204	9.440557	1.123388	-0.829809	-0.128182	-0.012446	-0.012407	-0.094517	-0.117783	0.988531	-0.096400	0.989393	0.108669	-0.990845	-0.085023	-0.104869
57205	9.557935	1.025438	-0.806792	-0.126699	-0.019298	-0.015018	-0.094681	-0.117984	0.988491	-0.095174	0.989477	0.108985	-0.990948	-0.083759	-0.104914
57206	9.573710	1.072687	-0.797628	-0.105866	-0.025746	-0.012994	-0.094928	-0.118178	0.988445	-0.094140	0.989544	0.109268	-0.991023	-0.082680	-0.105061
57207	9.649277	1.136315	-0.841313	-0.082655	-0.036122	-0.009892	-0.095264	-0.118341	0.988393	-0.093346	0.989595	0.109488	-0.991066	-0.081832	-0.105319
57208	9.610576	1.197870	-0.696535	-0.099682	-0.043962	-0.011197	-0.095693	-0.118533	0.988328	-0.092382	0.989657	0.109748	-0.991115	-0.080802	-0.105653
57209	9.612871	1.202274	-0.833733	-0.096170	-0.054067	-0.005375	-0.096211	-0.118665	0.988262	-0.091449	0.989723	0.109938	-0.991151	-0.079798	-0.106074
57210	9.595370	1.289568	-0.840873	-0.087184	-0.058529	0.001079	-0.096795	-0.118747	0.988195	-0.090597	0.989787	0.110064	-0.991172	-0.078874	-0.106565
57211	9.605271	1.290969	-0.868076	-0.072576	-0.070026	0.011635	-0.097487	-0.118722	0.988130	-0.089881	0.989852	0.110061	-0.991170	-0.078085	-0.107169
57212	9.563620	1.309193	-0.892447	-0.066153	-0.078353	0.016046	-0.098281	-0.118670	0.988058	-0.089221	0.989917	0.110018	-0.991151	-0.077343	-0.107878
57213	9.488798	1.368492	-0.930468	-0.070827	-0.086701	0.019648	-0.099145	-0.118577	0.987983	-0.088515	0.989990	0.109936	-0.991128	-0.076551	-0.108649
57214	9.552329	1.317452	-0.937945	-0.087668	-0.089565	0.027174	-0.100056	-0.118426	0.987909	-0.087645	0.990081	0.109809	-0.991114	-0.075598	-0.109443
57215	9.608485	1.124989	-1.011760	-0.096249	-0.086412	0.022787	-0.100920	-0.118300	0.987836	-0.086683	0.990175	0.109725	-0.991111	-0.074555	-0.110183
57216	9.732823	0.829107	-1.087662	-0.075302	-0.084401	0.016256	-0.101773	-0.118248	0.987755	-0.085933	0.990244	0.109692	-0.991089	-0.073717	-0.110942
57217	9.689794	0.630189	-1.208907	0.028155	-0.086640	0.015066	-0.102633	-0.118198	0.987672	-0.086211	0.990236	0.109547	-0.990976	-0.073905	-0.111821
57218	9.825928	0.697878	-1.392415	0.144894	-0.085071	0.018425	-0.103492	-0.118128	0.987591	-0.087653	0.990142	0.109248	-0.990760	-0.075259	-0.112826
57219	9.908066	0.909070	-1.430878	0.191093	-0.079825	0.023107	-0.104291	-0.117995	0.987522	-0.089538	0.990019	0.108838	-0.990508	-0.077070	-0.113815
57220	9.926308	1.276099	-1.355229	0.174128	-0.069979	0.027172	-0.105012	-0.117826	0.987466	-0.091246	0.989909	0.108414	-0.990276	-0.078718	-0.114703
57221	9.778979	1.478160	-1.338410	0.090491	-0.065174	0.032998	-0.105675	-0.117586	0.987424	-0.092122	0.989871	0.108019	-0.990124	-0.079549	-0.115437
57222	9.618498	1.471620	-1.310959	-0.002882	-0.053879	0.037731	-0.106246	-0.117300	0.987397	-0.092062	0.989913	0.107693	-0.990069	-0.079460	-0.115973
57223	9.528730	1.328686	-1.256926	-0.071808	-0.049306	0.037794	-0.106756	-0.117000	0.987377	-0.091326	0.990008	0.107438	-0.990082	-0.078703	-0.116375
57224	9.471736	1.157178	-1.242168	-0.095878	-0.039691	0.032807	-0.107182	-0.116752	0.987361	-0.090352	0.990116	0.107270	-0.990125	-0.077713	-0.116672
57225	9.418960	0.931274	-1.228455	-0.068701	-0.039740	0.037327	-0.107597	-0.116449	0.987351	-0.089647	0.990208	0.107016	-0.990145	-0.076998	-0.116983
57226	9.412434	0.765742	-1.325197	-0.001049	-0.043810	0.033102	-0.108061	-0.116204	0.987329	-0.089630	0.990239	0.106737	-0.990096	-0.076960	-0.117421
57227	9.516480	0.717330	-1.418864	0.073831	-0.042047	0.037401	-0.108498	-0.115902	0.987317	-0.090336	0.990220	0.106315	-0.989984	-0.077655	-0.117907
57228	9.517872	0.822430	-1.443238	0.135551	-0.038428	0.036434	-0.108914	-0.115616	0.987305	-0.091651	0.990151	0.105839	-0.989817	-0.078960	-0.118438
57229	9.589831	1.040004	-1.375649	0.128704	-0.035046	0.039995	-0.109285	-0.115284	0.987303	-0.092897	0.990089	0.105326	-0.989660	-0.080207	-0.118912
57230	9.639261	1.169169	-1.349978	0.098518	-0.026883	0.041295	-0.109593	-0.114941	0.987308	-0.093835	0.990052	0.104845	-0.989537	-0.081154	-0.119288
57231	9.687123	1.188428	-1.303463	0.071578	-0.021827	0.045634	-0.109839	-0.114543	0.987327	-0.094509	0.990041	0.104343	-0.989446	-0.081850	-0.119570
57232	9.725012	1.206750	-1.234025	0.044546	-0.017498	0.044422	-0.110057	-0.114159	0.987348	-0.094894	0.990051	0.103894	-0.989385	-0.082259	-0.119795
57233	9.715286	1.200679	-1.213755	0.027843	-0.013259	0.047522	-0.110221	-0.113735	0.987378	-0.095133	0.990077	0.103426	-0.989344	-0.082532	-0.119947
57234	9.684974	1.204219	-1.201989	0.013040	-0.013713	0.047876	-0.110406	-0.113317	0.987405	-0.095223	0.990115	0.102981	-0.989314	-0.082654	-0.120106
57235	9.589466	1.135945	-1.115978	0.002416	-0.012927	0.050934	-0.110570	-0.112859	0.987440	-0.095206	0.990165	0.102510	-0.989298	-0.082676	-0.120228
57236	9.511847	1.102850	-1.100848	0.008839	-0.021255	0.055295	-0.110837	-0.112373	0.987465	-0.095237	0.990215	0.101996	-0.989265	-0.082738	-0.120454
57237	9.475826	1.038636	-1.015574	0.017605	-0.030717	0.052823	-0.111178	-0.111911	0.987479	-0.095368	0.990255	0.101488	-0.989214	-0.082891	-0.120768
57238	9.474285	1.054646	-0.992043	0.032601	-0.039391	0.053575	-0.111620	-0.111463	0.987480	-0.095665	0.990280	0.100966	-0.989136	-0.083198	-0.121198
57239	9.544609	1.042903	-0.965067	0.047576	-0.046673	0.050393	-0.112117	-0.111038	0.987472	-0.096095	0.990291	0.100445	-0.989038	-0.083630	-0.121699
57240	9.670615	1.090107	-0.937464	0.032613	-0.051356	0.047475	-0.112670	-0.110659	0.987451	-0.096383	0.990310	0.099982	-0.988947	-0.083909	-0.122244
57241	9.700742	1.088646	-1.009483	0.012367	-0.053877	0.044964	-0.113234	-0.110294	0.987428	-0.096470	0.990344	0.099557	-0.988874	-0.083984	-0.122781
57242	9.775842	1.013553	-1.064898	-0.000446	-0.058264	0.048148	-0.113860	-0.109913	0.987398	-0.096431	0.990391	0.099126	-0.988806	-0.083929	-0.123365
57243	9.791616	0.936205	-1.254347	-0.008543	-0.055731	0.051587	-0.114448	-0.109484	0.987378	-0.096303	0.990450	0.098662	-0.988750	-0.083796	-0.123899
57244	9.795541	0.879000	-1.394369	0.002955	-0.055714	0.050458	-0.115047	-0.109077	0.987353	-0.096287	0.990497	0.098205	-0.988682	-0.083771	-0.124456
57245	9.822081	0.919546	-1.412455	0.020310	-0.054959	0.054326	-0.115630	-0.108620	0.987336	-0.096441	0.990534	0.097677	-0.988599	-0.083925	-0.125011
57246	9.816518	0.989995	-1.390032	0.026419	-0.053521	0.048038	-0.116206	-0.108235	0.987310	-0.096658	0.990559	0.097214	-0.988511	-0.084134	-0.125571
57247	9.773532	1.025614	-1.385817	0.034370	-0.048321	0.047340	-0.116717	-0.107842	0.987293	-0.096958	0.990576	0.096738	-0.988421	-0.084435	-0.126074
57248	9.724357	1.006057	-1.359608	0.031183	-0.041698	0.042058	-0.117170	-0.107508	0.987276	-0.097238	0.990588	0.096328	-0.988340	-0.084714	-0.126521
57249	9.715779	0.979128	-1.368447	0.019460	-0.036088	0.044322	-0.117557	-0.107135	0.987270	-0.097394	0.990615	0.095901	-0.988279	-0.084881	-0.126888
57250	9.663809	1.004918	-1.420566	0.005889	-0.034244	0.041005	-0.117936	-0.106805	0.987261	-0.097428	0.990647	0.095533	-0.988230	-0.084920	-0.127238
57251	9.592148	0.876179	-1.461182	0.005281	-0.028678	0.043935	-0.118249	-0.106430	0.987264	-0.097444	0.990684	0.095127	-0.988191	-0.084954	-0.127519
57252	9.543817	0.847624	-1.513137	0.013616	-0.023453	0.041449	-0.118522	-0.106082	0.987268	-0.097530	0.990713	0.094744	-0.988150	-0.085059	-0.127768
57253	9.576543	0.801531	-1.502610	0.025674	-0.019169	0.041789	-0.118740	-0.105720	0.987281	-0.097750	0.990730	0.094333	-0.988102	-0.085306	-0.127973
57254	9.595852	0.808872	-1.468518	0.034483	-0.011783	0.039147	-0.118896	-0.105387	0.987298	-0.098054	0.990737	0.093946	-0.988053	-0.085639	-0.128128
57255	9.597431	0.782899	-1.496765	0.057751	-0.005428	0.041763	-0.118978	-0.105013	0.987328	-0.098590	0.990726	0.093494	-0.987990	-0.086217	-0.128228
57256	9.593594	0.842297	-1.416472	0.070195	-0.001111	0.040295	-0.119029	-0.104662	0.987359	-0.099256	0.990702	0.093050	-0.987917	-0.086925	-0.128310
57257	9.599045	0.914579	-1.411291	0.051035	0.006396	0.036920	-0.118990	-0.104326	0.987399	-0.099732	0.990691	0.092655	-0.987874	-0.087450	-0.128287
57258	9.677721	0.937479	-1.428164	0.027893	0.015557	0.038065	-0.118877	-0.103979	0.987450	-0.099973	0.990701	0.092286	-0.987863	-0.087748	-0.128166
57259	9.698197	0.935162	-1.471265	0.015706	0.019023	0.040501	-0.118717	-0.103596	0.987509	-0.100096	0.990725	0.091900	-0.987870	-0.087935	-0.127985
57260	9.719474	0.921554	-1.460336	0.016698	0.028240	0.033990	-0.118471	-0.103280	0.987572	-0.100234	0.990740	0.091588	-0.987886	-0.088137	-0.127726
57261	9.716137	0.982412	-1.376809	0.017487	0.026934	0.034319	-0.118226	-0.102952	0.987635	-0.100381	0.990755	0.091261	-0.987900	-0.088351	-0.127468
57262	9.700839	1.075583	-1.297157	-0.001737	0.030942	0.033229	-0.117955	-0.102645	0.987700	-0.100361	0.990783	0.090980	-0.987934	-0.088395	-0.127169
57263	9.718192	0.963075	-1.183869	-0.023203	0.031145	0.028355	-0.117663	-0.102372	0.987763	-0.100114	0.990827	0.090764	-0.987994	-0.088210	-0.126832
57264	9.680487	0.772803	-1.232044	0.003105	0.031480	0.026770	-0.117379	-0.102126	0.987822	-0.100140	0.990845	0.090540	-0.988025	-0.088293	-0.126531
57265	9.672450	0.747764	-1.233933	0.032632	0.030082	0.024258	-0.117093	-0.101895	0.987880	-0.100450	0.990837	0.090293	-0.988028	-0.088659	-0.126256
57266	9.666942	0.842586	-1.176750	0.019777	0.027135	0.023576	-0.116852	-0.101679	0.987931	-0.100616	0.990839	0.090077	-0.988040	-0.088876	-0.126012
57267	9.651433	0.936925	-1.097332	-0.005766	0.026879	0.021569	-0.116595	-0.101477	0.987982	-0.100549	0.990862	0.089906	-0.988077	-0.088858	-0.125733
57268	9.626692	1.020812	-1.076126	-0.027377	0.020078	0.021250	-0.116420	-0.101292	0.988021	-0.100264	0.990903	0.089773	-0.988126	-0.088611	-0.125517
