// General information: 
//  MT Manager version: 2022.2.0 
//  XDA version: 2022.2.0 build 7381 rev 124627 built on 2023-07-19
// Device information: 
//  DeviceId: 00B4CBA7
//  ProductCode: MTW2-3A7G6
//  Firmware Version: 4.6.0
//  Hardware Version: 2.0.0
// Device settings: 
//  Filter Profile: human(46.1)
//  Option Flags: Orientation Smoother Disabled, Position/Velocity Smoother Disabled, Continuous Zero Rotation Update Disabled, AHS Disabled, ICC Disabled
// Coordinate system: ENU
PacketCounter	Acc_X	Acc_Y	Acc_Z	Gyr_X	Gyr_Y	Gyr_Z	Mat[1][1]	Mat[2][1]	Mat[3][1]	Mat[1][2]	Mat[2][2]	Mat[3][2]	Mat[1][3]	Mat[2][3]	Mat[3][3]
33861	9.726204	0.338382	-1.001583	0.014051	0.001856	0.012081	0.107565	0.090764	0.990046	0.508903	-0.860500	0.023597	0.854077	0.501300	-0.138750
33862	9.675106	0.365618	-0.989327	-0.027922	-0.005868	0.013958	0.107664	0.090698	0.990042	0.508642	-0.860657	0.023532	0.854220	0.501043	-0.138794
33863	9.631118	0.263864	-1.132128	-0.038375	-0.017414	0.013512	0.107939	0.090714	0.990010	0.508122	-0.860964	0.023490	0.854494	0.500511	-0.139025
33864	9.624597	0.328455	-1.166227	-0.009717	-0.027312	0.012594	0.108214	0.090767	0.989975	0.508017	-0.861028	0.023414	0.854522	0.500391	-0.139287
33865	9.613788	0.436698	-1.222351	-0.039249	-0.032675	0.015471	0.108602	0.090847	0.989925	0.507496	-0.861337	0.023370	0.854783	0.499845	-0.139647
33866	9.634777	0.122620	-1.425808	-0.111054	-0.039007	0.015551	0.108992	0.090933	0.989875	0.506521	-0.861910	0.023406	0.855311	0.498841	-0.140001
33867	9.678818	-0.156945	-1.564504	-0.034502	-0.033851	0.009445	0.109461	0.091034	0.989814	0.506115	-0.862150	0.023322	0.855491	0.498407	-0.140445
33868	9.717759	0.240497	-1.596758	0.021471	-0.024066	0.007029	0.109680	0.091119	0.989782	0.506283	-0.862054	0.023258	0.855364	0.498559	-0.140682
33869	9.710383	0.284896	-1.728904	-0.040158	-0.012561	0.007714	0.109770	0.091138	0.989770	0.506002	-0.862218	0.023275	0.855519	0.498270	-0.140762
33870	9.689660	0.207516	-1.828332	0.006505	-0.004999	0.004261	0.109812	0.091152	0.989764	0.506044	-0.862194	0.023259	0.855489	0.498310	-0.140806
33871	9.731843	0.328920	-1.697006	0.026392	0.006130	0.007910	0.109716	0.091175	0.989772	0.505986	-0.862226	0.023338	0.855536	0.498250	-0.140733
33872	9.714826	0.280680	-1.564994	0.018136	0.015742	0.010429	0.109611	0.091033	0.989797	0.506121	-0.862149	0.023245	0.855469	0.498409	-0.140575
33873	9.677727	0.186534	-1.410511	0.050929	0.018255	0.008181	0.109477	0.090860	0.989828	0.506716	-0.861804	0.023065	0.855134	0.499037	-0.140389
33874	9.696323	0.378563	-1.014403	0.077764	0.014445	0.013675	0.109401	0.090696	0.989851	0.507358	-0.861433	0.022855	0.854763	0.499708	-0.140257
33875	9.745551	0.169596	-0.722535	0.033224	-0.006521	0.006104	0.109415	0.090692	0.989850	0.507789	-0.861180	0.022774	0.854505	0.500143	-0.140278
33876	9.669076	0.227646	-0.645071	0.082493	-0.022449	-0.004482	0.109561	0.090868	0.989818	0.508490	-0.860767	0.022737	0.854069	0.500822	-0.140513
33877	9.521809	0.585447	-0.445241	-0.005507	-0.051856	0.007299	0.109961	0.091125	0.989750	0.508415	-0.860811	0.022769	0.854063	0.500700	-0.140985
33878	9.594586	0.199762	-0.751540	-0.074799	-0.079571	0.009240	0.110665	0.091469	0.989640	0.507758	-0.861198	0.022819	0.854363	0.499972	-0.141748
33879	9.603704	0.290957	-1.021265	-0.052247	-0.093061	0.007560	0.111540	0.091905	0.989501	0.507198	-0.861527	0.022846	0.854581	0.499325	-0.142708
33880	9.536862	0.409144	-1.278765	-0.064237	-0.105349	0.004170	0.112439	0.092421	0.989351	0.506636	-0.861855	0.022932	0.854797	0.498663	-0.143729
33881	9.566213	0.272134	-1.465940	-0.103125	-0.111083	0.007240	0.113411	0.092908	0.989195	0.505879	-0.862298	0.022990	0.855117	0.497805	-0.144794
33882	9.661487	-0.067709	-1.636200	-0.084354	-0.109283	0.011423	0.114381	0.093378	0.989039	0.505136	-0.862732	0.023035	0.855427	0.496964	-0.145848
33883	9.620999	0.051787	-1.785654	-0.009590	-0.100114	0.002608	0.115180	0.093917	0.988895	0.504975	-0.862824	0.023127	0.855414	0.496704	-0.146806
33884	9.752515	0.184611	-1.884653	-0.021303	-0.083198	0.003511	0.115887	0.094325	0.988773	0.504781	-0.862937	0.023159	0.855433	0.496430	-0.147617
33885	9.816700	0.193559	-2.112223	-0.028605	-0.060145	0.002986	0.116539	0.094652	0.988666	0.504290	-0.863223	0.023199	0.855634	0.495871	-0.148331
33886	9.756954	0.246267	-2.278012	-0.021913	-0.034684	0.003385	0.116831	0.094820	0.988615	0.504090	-0.863338	0.023233	0.855712	0.495637	-0.148662
33887	9.687700	0.206852	-2.234583	0.006737	-0.009805	0.003758	0.116819	0.094815	0.988617	0.504449	-0.863130	0.023172	0.855502	0.496000	-0.148660
33888	9.695141	0.214011	-1.994413	0.016835	0.009501	0.003972	0.116736	0.094759	0.988632	0.504581	-0.863054	0.023143	0.855436	0.496143	-0.148563
33889	9.675941	0.272763	-1.696638	0.019538	0.019227	0.004862	0.116618	0.094646	0.988657	0.504736	-0.862965	0.023077	0.855361	0.496319	-0.148408
33890	9.661538	0.256105	-1.442809	0.009740	0.027757	0.002982	0.116373	0.094508	0.988699	0.504808	-0.862924	0.023068	0.855352	0.496418	-0.148130
33891	9.596534	0.236290	-1.241791	-0.007188	0.021444	0.006113	0.116166	0.094428	0.988731	0.504622	-0.863030	0.023134	0.855489	0.496248	-0.147905
33892	9.600460	0.234517	-1.131000	-0.014651	0.013011	0.004961	0.116058	0.094346	0.988751	0.504483	-0.863111	0.023142	0.855586	0.496123	-0.147767
33893	9.602532	0.223039	-1.097856	-0.028087	-0.001964	0.003778	0.116137	0.094362	0.988741	0.504175	-0.863290	0.023169	0.855757	0.495808	-0.147835
33894	9.607680	0.115741	-1.209228	-0.027727	-0.010414	0.001006	0.116209	0.094431	0.988726	0.503929	-0.863433	0.023235	0.855892	0.495547	-0.147925
33895	9.677057	0.101967	-1.366008	0.010146	-0.016302	0.002085	0.116347	0.094520	0.988701	0.504000	-0.863391	0.023231	0.855831	0.495602	-0.148091
33896	9.713315	0.184285	-1.542249	0.034839	-0.009202	-0.005979	0.116374	0.094643	0.988686	0.504297	-0.863217	0.023274	0.855653	0.495883	-0.148184
33897	9.674656	0.271932	-1.748109	0.020545	-0.004302	-0.002297	0.116362	0.094752	0.988677	0.504383	-0.863164	0.023360	0.855604	0.495953	-0.148231
33898	9.697699	0.232057	-1.891374	0.024748	0.006633	-0.003261	0.116267	0.094773	0.988686	0.504590	-0.863042	0.023391	0.855495	0.496162	-0.148165
33899	9.654232	0.141704	-1.955204	0.020920	0.022046	-0.003627	0.116069	0.094706	0.988716	0.504849	-0.862891	0.023388	0.855368	0.496438	-0.147967
33900	9.641107	0.041072	-1.876610	0.026426	0.037969	-0.010445	0.115669	0.094634	0.988769	0.505079	-0.862753	0.023487	0.855287	0.496690	-0.147592
33901	9.705282	0.198798	-1.785221	0.057155	0.051145	-0.013675	0.115058	0.094531	0.988851	0.505700	-0.862387	0.023601	0.855002	0.497346	-0.147029
33902	9.643596	0.496192	-1.435994	-0.005697	0.055871	-0.008079	0.114517	0.094349	0.988931	0.505652	-0.862411	0.023724	0.855103	0.497338	-0.146469
33903	9.637358	0.309471	-1.367135	-0.072753	0.049659	-0.001532	0.114103	0.094148	0.988998	0.504977	-0.862803	0.023874	0.855558	0.496697	-0.145991
33904	9.628503	0.165792	-1.265194	-0.044665	0.052308	-0.002309	0.113622	0.093934	0.989074	0.504589	-0.863026	0.023997	0.855850	0.496349	-0.145457
33905	9.629721	0.218703	-1.096208	-0.020581	0.039563	-0.001099	0.113235	0.093782	0.989132	0.504435	-0.863113	0.024087	0.855992	0.496226	-0.145041
33906	9.630073	0.219239	-1.093002	-0.030950	0.025861	-0.004176	0.112970	0.093716	0.989169	0.504167	-0.863267	0.024208	0.856185	0.495972	-0.144771
33907	9.597702	0.294839	-1.154285	-0.000957	0.020806	-0.004750	0.112780	0.093766	0.989186	0.503815	-0.863467	0.024407	0.856418	0.495614	-0.144622
33908	9.596636	0.274837	-1.251512	-0.003454	0.006621	-0.004628	0.112677	0.093799	0.989194	0.503782	-0.863484	0.024494	0.856451	0.495578	-0.144549
33909	9.579908	0.154616	-1.328631	0.013966	0.002196	-0.006842	0.112559	0.093866	0.989202	0.504062	-0.863318	0.024565	0.856301	0.495854	-0.144488
33910	9.645245	0.206255	-1.461165	0.040839	-0.003327	-0.008854	0.112520	0.093985	0.989195	0.504414	-0.863111	0.024629	0.856099	0.496192	-0.144525
33911	9.759956	0.302983	-1.452727	0.086028	0.002889	-0.004247	0.112387	0.094095	0.989199	0.504936	-0.862803	0.024704	0.855809	0.496706	-0.144480
33912	9.926450	0.697627	-1.343475	0.079256	0.015077	0.002395	0.112247	0.094026	0.989222	0.505603	-0.862416	0.024602	0.855433	0.497392	-0.144343
33913	9.759391	0.628557	-1.391892	-0.049618	0.025057	0.016442	0.112044	0.093829	0.989263	0.505132	-0.862691	0.024613	0.855738	0.496951	-0.144056
33914	9.657843	0.325620	-1.542812	-0.066544	0.018401	0.018054	0.111955	0.093609	0.989294	0.504534	-0.863042	0.024566	0.856102	0.496382	-0.143851
33915	9.717962	0.197689	-1.532931	-0.002640	0.026190	0.019084	0.111912	0.093339	0.989325	0.504396	-0.863128	0.024376	0.856190	0.496283	-0.143674
33916	9.663817	0.310095	-1.396163	-0.018414	0.028517	0.018628	0.111739	0.093064	0.989370	0.504209	-0.863241	0.024254	0.856322	0.496139	-0.143381
33917	9.649090	0.187528	-1.416404	-0.060552	0.024613	0.016588	0.111634	0.092824	0.989405	0.503748	-0.863512	0.024176	0.856607	0.495712	-0.143158
33918	9.652382	0.195734	-1.282832	-0.027641	0.024475	0.016466	0.111485	0.092587	0.989444	0.503485	-0.863668	0.024088	0.856781	0.495484	-0.142902
33919	9.600873	0.255262	-1.202189	-0.083495	0.011891	0.013327	0.111513	0.092433	0.989455	0.502603	-0.864182	0.024086	0.857295	0.494617	-0.142825
33920	9.589943	-0.268535	-1.383002	-0.099037	0.009085	0.010901	0.111468	0.092321	0.989470	0.501733	-0.864685	0.024156	0.857811	0.493757	-0.142705
33921	9.637145	-0.263986	-1.438029	0.054371	0.010348	0.000538	0.111383	0.092319	0.989480	0.502127	-0.864457	0.024131	0.857591	0.494157	-0.142642
33922	9.687123	0.351323	-1.353152	0.101309	0.011249	-0.004573	0.111241	0.092329	0.989495	0.502992	-0.863956	0.024068	0.857102	0.495031	-0.142549
33923	9.741736	0.543256	-1.471482	0.029301	0.010472	-0.000952	0.111132	0.092340	0.989506	0.503089	-0.863898	0.024116	0.857059	0.495130	-0.142462
33924	9.679273	0.312359	-1.766331	0.021074	0.019409	-0.001393	0.110936	0.092283	0.989534	0.503263	-0.863796	0.024136	0.856983	0.495318	-0.142269
33925	9.624549	0.383745	-1.772554	0.089527	0.030675	0.000443	0.110693	0.092171	0.989571	0.503933	-0.863408	0.024050	0.856620	0.496015	-0.142022
33926	9.617576	0.500800	-1.691233	0.076446	0.043754	0.005332	0.110324	0.091935	0.989635	0.504573	-0.863037	0.023925	0.856291	0.496704	-0.141601
33927	9.739763	0.571986	-1.503879	0.019928	0.047498	0.018793	0.110057	0.091571	0.989698	0.504624	-0.863013	0.023734	0.856295	0.496814	-0.141190
33928	9.709076	0.369892	-1.456497	-0.036861	0.056286	0.020115	0.109654	0.091145	0.989782	0.504278	-0.863218	0.023623	0.856551	0.496535	-0.140618
33929	9.819661	0.244742	-1.389024	-0.073376	0.068295	0.031584	0.109152	0.090563	0.989891	0.503728	-0.863544	0.023460	0.856939	0.496075	-0.139876
33930	9.773439	0.237963	-1.326218	-0.068812	0.071798	0.032332	0.108677	0.089955	0.989999	0.503094	-0.863918	0.023272	0.857371	0.495534	-0.139144
33931	9.629784	0.223726	-1.261359	-0.091999	0.064352	0.024696	0.108229	0.089479	0.990091	0.502234	-0.864420	0.023221	0.857932	0.494745	-0.138494
33932	9.589639	0.141311	-1.189855	-0.072962	0.059162	0.025832	0.107829	0.088990	0.990179	0.501572	-0.864808	0.023102	0.858370	0.494154	-0.137886
33933	9.663513	0.176693	-1.065619	-0.061555	0.048649	0.018804	0.107479	0.088642	0.990248	0.501008	-0.865135	0.023064	0.858743	0.493643	-0.137394
33934	9.644023	0.119355	-1.061643	-0.072138	0.039762	0.016146	0.107196	0.088333	0.990306	0.500362	-0.865510	0.023039	0.859155	0.493042	-0.136978
33935	9.559199	-0.062102	-1.135763	-0.054390	0.027542	0.014193	0.106976	0.088093	0.990351	0.500095	-0.865665	0.022983	0.859337	0.492812	-0.136660
33936	9.586433	-0.134315	-1.288089	-0.000947	0.022502	0.002725	0.106774	0.087986	0.990383	0.500076	-0.865676	0.022993	0.859374	0.492811	-0.136431
33937	9.589797	0.128501	-1.303576	0.061716	0.022023	0.002742	0.106536	0.087893	0.990417	0.500664	-0.865338	0.022938	0.859061	0.493422	-0.136195
33938	9.596686	0.357895	-1.276555	0.046324	0.015588	-0.002040	0.106370	0.087860	0.990437	0.501056	-0.865111	0.022931	0.858853	0.493825	-0.136045
33939	9.645478	0.330476	-1.397055	0.051207	0.011315	-0.001075	0.106270	0.087824	0.990451	0.501554	-0.864824	0.022870	0.858574	0.494335	-0.135954
33940	9.663318	0.418536	-1.384071	0.074464	0.017048	-0.000844	0.106098	0.087774	0.990474	0.502186	-0.864459	0.022813	0.858226	0.494982	-0.135796
33941	9.658834	0.451646	-1.480420	0.044732	0.016542	0.002438	0.106014	0.087668	0.990493	0.502579	-0.864233	0.022701	0.858007	0.495394	-0.135681
33942	9.647371	0.296003	-1.458826	0.050839	0.020443	0.004673	0.105840	0.087553	0.990521	0.503001	-0.863989	0.022622	0.857781	0.495839	-0.135484
33943	9.671261	0.317857	-1.413210	0.064655	0.027289	0.004659	0.105612	0.087413	0.990558	0.503551	-0.863672	0.022528	0.857486	0.496417	-0.135231
33944	9.700212	0.295275	-1.291637	0.035054	0.023474	0.007125	0.105424	0.087262	0.990591	0.503836	-0.863508	0.022446	0.857342	0.496729	-0.135000
33945	9.688748	0.139652	-1.269169	0.011517	0.024368	0.008506	0.105230	0.087081	0.990628	0.504007	-0.863410	0.022359	0.857265	0.496930	-0.134746
33946	9.698810	0.029447	-1.213712	0.008367	0.024708	0.003730	0.105015	0.086952	0.990662	0.504066	-0.863376	0.022347	0.857257	0.497012	-0.134497
33947	9.673633	0.027784	-1.265743	0.019607	0.018176	0.000521	0.104854	0.086846	0.990688	0.504394	-0.863186	0.022284	0.857084	0.497360	-0.134314
33948	9.620442	0.088672	-1.240512	0.049495	0.015360	-0.003549	0.104683	0.086827	0.990708	0.504813	-0.862941	0.022288	0.856858	0.497789	-0.134167
33949	9.596492	0.107142	-1.140398	0.065419	0.009355	-0.005310	0.104581	0.086858	0.990716	0.505346	-0.862629	0.022283	0.856556	0.498324	-0.134108
33950	9.590907	0.193332	-1.073729	0.072285	-0.004794	-0.006760	0.104566	0.086966	0.990708	0.505963	-0.862267	0.022289	0.856193	0.498932	-0.134166
33951	9.662948	0.220605	-1.032109	0.072534	-0.010621	-0.011687	0.104534	0.087123	0.990698	0.506776	-0.861789	0.022314	0.855716	0.499730	-0.134237
33952	9.636483	0.240690	-1.043987	0.063562	-0.020707	-0.006221	0.104657	0.087306	0.990669	0.507318	-0.861469	0.022325	0.855380	0.500248	-0.134451
33953	9.663737	0.188734	-1.102289	0.056223	-0.032447	-0.008207	0.104857	0.087565	0.990625	0.507876	-0.861140	0.022361	0.855024	0.500770	-0.134769
33954	9.690441	0.147328	-1.139574	0.083211	-0.040299	-0.006411	0.105147	0.087849	0.990569	0.508586	-0.860721	0.022348	0.854567	0.501440	-0.135181
33955	9.655368	0.264861	-1.175129	0.108530	-0.045586	-0.006779	0.105481	0.088208	0.990501	0.509272	-0.860315	0.022380	0.854117	0.502074	-0.135669
33956	9.687677	0.442555	-1.267048	0.122749	-0.047648	-0.004752	0.105842	0.088514	0.990436	0.510317	-0.859697	0.022296	0.853448	0.503076	-0.136162
33957	9.838057	0.694302	-1.285160	0.110054	-0.043448	0.002125	0.106173	0.088782	0.990376	0.511219	-0.859164	0.022214	0.852867	0.503940	-0.136607
33958	9.808085	0.702078	-1.484781	0.027664	-0.022885	0.017846	0.106437	0.088770	0.990349	0.511428	-0.859044	0.022035	0.852709	0.504146	-0.136834
33959	9.715740	0.541751	-1.791076	-0.049334	-0.019557	0.012504	0.106634	0.088786	0.990326	0.511017	-0.859289	0.022014	0.852931	0.503726	-0.137001
33960	9.671493	0.122020	-1.967365	-0.015555	-0.002052	0.020897	0.106736	0.088643	0.990328	0.510854	-0.859390	0.021864	0.853016	0.503579	-0.137011
33961	9.746783	0.136099	-1.837189	0.046309	0.018246	0.016036	0.106616	0.088442	0.990359	0.511331	-0.859110	0.021674	0.852744	0.504091	-0.136818
33962	9.676793	0.159800	-1.604054	0.006795	0.025856	0.022174	0.106487	0.088147	0.990399	0.511358	-0.859099	0.021481	0.852745	0.504161	-0.136558
33963	9.686804	0.091700	-1.405085	-0.004479	0.032847	0.020561	0.106297	0.087864	0.990445	0.511207	-0.859192	0.021356	0.852859	0.504052	-0.136246
33964	9.636758	0.172417	-1.171360	-0.001172	0.028613	0.015271	0.106108	0.087615	0.990487	0.511173	-0.859215	0.021242	0.852903	0.504056	-0.135956
33965	9.645648	0.094587	-1.049305	-0.024369	0.020711	0.012448	0.105960	0.087456	0.990517	0.510906	-0.859374	0.021223	0.853081	0.503813	-0.135741
33966	9.643913	0.147512	-0.938241	-0.003628	0.012254	0.012825	0.105899	0.087311	0.990536	0.510854	-0.859408	0.021137	0.853120	0.503781	-0.135613
33967	9.682179	0.281160	-0.949029	-0.009244	-0.003781	0.005601	0.105842	0.087398	0.990535	0.510505	-0.859611	0.021296	0.853336	0.503419	-0.135600
33968	9.681321	0.237754	-1.146349	-0.023123	-0.009231	0.011597	0.105958	0.087371	0.990525	0.510287	-0.859741	0.021249	0.853452	0.503201	-0.135681
33969	9.678834	0.205589	-1.376622	-0.018426	-0.009296	0.003765	0.105989	0.087387	0.990520	0.510380	-0.859687	0.021232	0.853393	0.503291	-0.135718
33970	9.708036	0.099380	-1.542137	-0.013966	-0.003520	0.000842	0.106001	0.087424	0.990515	0.510251	-0.859762	0.021279	0.853468	0.503156	-0.135744
33971	9.696848	0.219541	-1.628418	0.009008	0.009622	-0.000690	0.105913	0.087403	0.990527	0.510411	-0.859668	0.021280	0.853384	0.503321	-0.135661
33972	9.614795	0.344229	-1.581165	-0.017891	0.015561	0.002669	0.105771	0.087328	0.990548	0.510247	-0.859764	0.021314	0.853499	0.503170	-0.135497
33973	9.620506	0.289504	-1.525107	-0.041608	0.020484	0.007827	0.105596	0.087246	0.990574	0.509635	-0.860124	0.021429	0.853886	0.502569	-0.135289
33974	9.674157	0.259899	-1.425841	-0.030783	0.024227	0.008508	0.105410	0.087078	0.990609	0.509355	-0.860290	0.021422	0.854076	0.502313	-0.135036
33975	9.649421	0.279050	-1.379010	-0.024594	0.026302	0.009586	0.105087	0.086937	0.990656	0.509233	-0.860360	0.021484	0.854189	0.502217	-0.134684
33976	9.672907	0.312803	-1.311471	-0.050944	0.018981	0.009749	0.104951	0.086785	0.990683	0.508780	-0.860628	0.021493	0.854475	0.501784	-0.134479
33977	9.683170	0.192405	-1.277578	-0.030667	0.021602	0.010687	0.104746	0.086619	0.990720	0.508653	-0.860704	0.021473	0.854576	0.501683	-0.134214
33978	9.634639	0.219892	-1.154518	-0.028767	0.013547	0.009421	0.104655	0.086497	0.990740	0.508389	-0.860860	0.021455	0.854744	0.501436	-0.134067
33979	9.616156	0.151997	-1.120804	-0.034756	0.006674	0.007885	0.104616	0.086444	0.990749	0.507968	-0.861108	0.021495	0.854999	0.501020	-0.133996
33980	9.580023	0.016429	-1.000844	-0.016998	-0.005919	0.004521	0.104667	0.086462	0.990742	0.507810	-0.861200	0.021509	0.855087	0.500857	-0.134045
33981	9.582914	-0.006030	-0.936686	0.022684	-0.018008	-0.000546	0.104766	0.086589	0.990720	0.508041	-0.861064	0.021533	0.854938	0.501071	-0.134201
33982	9.572668	0.145682	-0.850554	0.032740	-0.033875	-0.003146	0.105017	0.086813	0.990674	0.508316	-0.860901	0.021556	0.854743	0.501312	-0.134537
33983	9.714845	0.190008	-0.901360	0.033714	-0.057532	-0.003928	0.105383	0.087184	0.990603	0.508733	-0.860653	0.021627	0.854450	0.501673	-0.135052
33984	9.849178	0.321507	-0.996506	0.040018	-0.058085	-0.000674	0.105852	0.087509	0.990524	0.509067	-0.860455	0.021616	0.854193	0.501955	-0.135629
33985	10.022961	0.554436	-1.167486	-0.023496	-0.037855	0.016678	0.106175	0.087608	0.990481	0.508869	-0.860574	0.021569	0.854271	0.501735	-0.135952
33986	10.048278	0.447687	-1.498384	-0.165603	-0.011601	0.046899	0.106489	0.087289	0.990475	0.507396	-0.861448	0.021366	0.855108	0.500288	-0.136025
33987	9.876256	-0.073873	-2.251679	-0.157343	0.016404	0.030990	0.106433	0.086982	0.990508	0.506079	-0.862223	0.021337	0.855895	0.499005	-0.135789
33988	9.582495	0.211008	-2.392807	0.056427	0.038673	0.008214	0.106120	0.086745	0.990562	0.506546	-0.861952	0.021216	0.855658	0.499514	-0.135411
33989	9.701955	0.663403	-2.092096	0.091649	0.059249	0.009670	0.105654	0.086377	0.990644	0.507494	-0.861400	0.020983	0.855153	0.500529	-0.134846
33990	9.675519	0.448563	-1.846840	0.009590	0.073402	0.017482	0.105091	0.085886	0.990747	0.507550	-0.861371	0.020834	0.855190	0.500664	-0.134114
33991	9.566792	0.359587	-1.553912	-0.090898	0.078044	0.021216	0.104625	0.085316	0.990846	0.506829	-0.861798	0.020687	0.855674	0.500025	-0.133406
33992	9.608776	-0.143037	-1.409694	-0.106469	0.075963	0.021704	0.104061	0.084776	0.990951	0.505887	-0.862352	0.020650	0.856300	0.499161	-0.132625
33993	9.585550	-0.072245	-1.084863	-0.090605	0.071530	0.013315	0.103514	0.084344	0.991045	0.505025	-0.862857	0.020685	0.856875	0.498361	-0.131914
33994	9.544159	-0.121652	-0.893000	-0.077402	0.055094	0.007693	0.103058	0.084031	0.991120	0.504346	-0.863252	0.020747	0.857330	0.497729	-0.131345
33995	9.467129	-0.020622	-0.667674	-0.059483	0.038154	-0.000947	0.102680	0.083883	0.991171	0.503900	-0.863510	0.020878	0.857637	0.497307	-0.130934
33996	9.519507	-0.398135	-0.725565	-0.052123	0.010864	-0.011919	0.102503	0.083960	0.991183	0.503457	-0.863762	0.021101	0.857918	0.496855	-0.130808
33997	9.621593	-0.136488	-0.767238	0.123813	-0.000763	-0.024817	0.102403	0.084204	0.991173	0.504519	-0.863140	0.021203	0.857307	0.497894	-0.130871
33998	9.603573	0.432525	-0.718125	0.077823	-0.025862	-0.023783	0.102482	0.084566	0.991134	0.505202	-0.862736	0.021373	0.856894	0.498533	-0.131137
33999	9.668819	0.168234	-0.943960	0.053374	-0.041215	-0.024964	0.102675	0.085000	0.991077	0.505773	-0.862397	0.021566	0.856534	0.499046	-0.131537
34000	9.655652	0.291725	-1.143437	0.116208	-0.044648	-0.030424	0.102880	0.085512	0.991011	0.506792	-0.861794	0.021751	0.855907	0.499999	-0.131998
34001	9.734033	0.508496	-1.279293	0.127589	-0.054283	-0.026634	0.103112	0.086047	0.990941	0.507933	-0.861117	0.021921	0.855203	0.501071	-0.132498
34002	9.720390	0.630136	-1.479756	0.100247	-0.036669	-0.013470	0.103334	0.086374	0.990889	0.508797	-0.860607	0.021958	0.854663	0.501892	-0.132877
34003	9.879549	0.731467	-1.692956	0.030703	-0.022510	-0.001056	0.103493	0.086554	0.990857	0.508894	-0.860548	0.022018	0.854585	0.501962	-0.133108
34004	9.770939	0.515840	-1.835020	-0.050376	0.005284	0.011339	0.103483	0.086457	0.990867	0.508444	-0.860814	0.022010	0.854855	0.501522	-0.133038
34005	9.715980	0.239385	-1.998303	-0.077538	0.017971	0.009974	0.103313	0.086288	0.990899	0.508050	-0.861046	0.022010	0.855109	0.501152	-0.132796
34006	9.757783	0.045041	-1.899667	-0.051531	0.033848	0.006285	0.103032	0.086092	0.990945	0.507596	-0.861313	0.022053	0.855413	0.500727	-0.132442
34007	9.672626	0.287301	-1.553398	-0.056864	0.049553	0.007353	0.102576	0.085846	0.991014	0.507032	-0.861642	0.022158	0.855802	0.500203	-0.131910
34008	9.668730	0.067062	-1.386614	-0.110063	0.047622	0.001526	0.102152	0.085622	0.991077	0.506081	-0.862197	0.022325	0.856415	0.499285	-0.131407
34009	9.606259	-0.015827	-1.152406	-0.086504	0.046695	0.000177	0.101695	0.085388	0.991144	0.505610	-0.862471	0.022425	0.856748	0.498852	-0.130882
34010	9.569239	-0.128835	-0.985257	-0.106444	0.036433	-0.006877	0.101324	0.085293	0.991190	0.504697	-0.862999	0.022669	0.857330	0.497954	-0.130490
34011	9.569878	-0.465483	-1.062906	-0.037023	0.024805	-0.015123	0.101097	0.085359	0.991208	0.504160	-0.863306	0.022924	0.857672	0.497410	-0.130312
34012	9.577225	-0.212895	-0.937924	0.071456	0.015836	-0.025500	0.100809	0.085528	0.991223	0.504791	-0.862932	0.023120	0.857335	0.498030	-0.130165
34013	9.662567	-0.050707	-0.958346	0.119002	0.003032	-0.035047	0.100573	0.085848	0.991219	0.505844	-0.862309	0.023358	0.856742	0.499053	-0.130151
34014	9.669763	0.519840	-0.800245	0.185107	-0.003213	-0.039813	0.100376	0.086234	0.991206	0.507462	-0.861353	0.023548	0.855808	0.500635	-0.130220
34015	9.731174	0.659215	-0.867587	0.099606	-0.019940	-0.036037	0.100318	0.086681	0.991172	0.508413	-0.860784	0.023821	0.855250	0.501535	-0.130422
34016	9.677822	0.670525	-1.066394	0.043849	-0.036204	-0.035457	0.100424	0.087195	0.991117	0.508816	-0.860536	0.024152	0.854998	0.501871	-0.130785
34017	9.649582	0.682990	-1.211461	-0.001615	-0.036375	-0.021346	0.100692	0.087573	0.991056	0.508874	-0.860497	0.024335	0.854932	0.501873	-0.131208
34018	9.640364	0.434524	-1.445894	-0.043840	-0.038838	-0.017667	0.100910	0.087947	0.991001	0.508510	-0.860705	0.024604	0.855123	0.501451	-0.131576
34019	9.633009	0.502523	-1.536028	-0.017384	-0.034127	-0.015612	0.101139	0.088305	0.990946	0.508254	-0.860849	0.024838	0.855248	0.501140	-0.131947
34020	9.584259	0.489698	-1.559922	-0.045858	-0.027926	-0.010789	0.101300	0.088565	0.990906	0.507865	-0.861072	0.025042	0.855460	0.500710	-0.132206
34021	9.600280	0.316163	-1.421995	-0.053818	-0.024922	-0.009919	0.101468	0.088798	0.990868	0.507484	-0.861292	0.025218	0.855666	0.500291	-0.132457
34022	9.795785	0.353517	-1.274335	-0.065103	-0.017355	-0.002266	0.101582	0.088931	0.990844	0.506922	-0.861619	0.025363	0.855986	0.499704	-0.132606
34023	9.906685	0.229550	-1.103765	-0.131368	-0.006598	0.015620	0.101587	0.088866	0.990850	0.505987	-0.862166	0.025448	0.856538	0.498771	-0.132550
34024	9.696083	0.083275	-1.200271	-0.162456	-0.012061	0.004335	0.101689	0.088916	0.990835	0.504583	-0.862982	0.025657	0.857354	0.497349	-0.132622
34025	9.726344	-0.010181	-1.290578	-0.102814	-0.014037	-0.001483	0.101769	0.089038	0.990815	0.503707	-0.863487	0.025859	0.857859	0.496449	-0.132725
34026	9.705206	0.273300	-1.211232	-0.052750	-0.012263	-0.009725	0.101802	0.089210	0.990797	0.503257	-0.863744	0.026062	0.858119	0.495972	-0.132826
34027	9.631955	0.269403	-1.211481	-0.133624	-0.025901	-0.006605	0.101946	0.089405	0.990764	0.502305	-0.864290	0.026307	0.858660	0.494984	-0.133020
34028	9.649133	0.023323	-1.338001	-0.111673	-0.026045	-0.011278	0.102090	0.089659	0.990726	0.501350	-0.864836	0.026604	0.859201	0.493985	-0.133242
34029	9.624884	0.013320	-1.362008	-0.058465	-0.024939	-0.016244	0.102282	0.089954	0.990680	0.500744	-0.865178	0.026859	0.859531	0.493330	-0.133536
34030	9.643861	0.062586	-1.440330	-0.030392	-0.022189	-0.023143	0.102334	0.090291	0.990644	0.500500	-0.865310	0.027166	0.859667	0.493037	-0.133741
34031	9.639598	0.109010	-1.463435	0.011845	-0.021172	-0.026524	0.102310	0.090683	0.990611	0.500564	-0.865263	0.027510	0.859633	0.493049	-0.133918
34032	9.685714	-0.138483	-1.372545	0.059018	-0.025769	-0.034903	0.102334	0.091139	0.990566	0.501099	-0.864943	0.027813	0.859318	0.493526	-0.134183
34033	9.757670	-0.109091	-1.331541	0.144487	-0.009929	-0.043255	0.102211	0.091573	0.990539	0.502527	-0.864107	0.028030	0.858499	0.494907	-0.134339
34034	9.788154	0.125400	-1.307817	0.202383	-0.007787	-0.051619	0.101995	0.092084	0.990514	0.504309	-0.863059	0.028306	0.857479	0.496638	-0.134466
34035	9.677874	0.568530	-1.333693	0.208331	0.000704	-0.056710	0.101747	0.092609	0.990490	0.505979	-0.862070	0.028626	0.856523	0.498255	-0.134571
34036	9.531931	0.844586	-1.361791	0.116198	-0.005837	-0.047316	0.101534	0.093073	0.990469	0.507015	-0.861450	0.028975	0.855936	0.499241	-0.134656
34037	9.536861	0.507816	-1.279282	0.002217	-0.015470	-0.040320	0.101432	0.093499	0.990439	0.507297	-0.861271	0.029352	0.855781	0.499470	-0.134792
34038	9.587895	0.503898	-1.194511	-0.021290	-0.015417	-0.035614	0.101361	0.093910	0.990408	0.507144	-0.861347	0.029770	0.855880	0.499262	-0.134932
34039	9.570053	0.450240	-1.087247	-0.091303	-0.026923	-0.031346	0.101437	0.094411	0.990352	0.505937	-0.862036	0.030358	0.856586	0.497976	-0.135208
34040	9.608881	0.261250	-1.158179	-0.087937	-0.031933	-0.033333	0.101519	0.094884	0.990298	0.505210	-0.862445	0.030844	0.857005	0.497177	-0.135491
34041	9.610857	0.233030	-1.172934	-0.054548	-0.042658	-0.038738	0.101724	0.095463	0.990222	0.504743	-0.862702	0.031318	0.857256	0.496621	-0.135942
34042	9.677764	0.287996	-1.254639	-0.062026	-0.050418	-0.036953	0.101947	0.096060	0.990141	0.504241	-0.862977	0.031805	0.857524	0.496027	-0.136415
34043	9.725212	0.245243	-1.479340	-0.090352	-0.047495	-0.039155	0.102281	0.096670	0.990047	0.503263	-0.863529	0.032325	0.858059	0.494948	-0.136973
34044	9.690885	0.020137	-1.671609	-0.035723	-0.042868	-0.043425	0.102408	0.097285	0.989974	0.502993	-0.863666	0.032841	0.858202	0.494587	-0.137380
34045	9.667818	0.306521	-1.594460	0.024961	-0.033841	-0.050283	0.102399	0.097920	0.989912	0.503284	-0.863477	0.033352	0.858032	0.494792	-0.137700
34046	9.664626	0.343698	-1.586022	-0.005099	-0.027352	-0.050147	0.102358	0.098516	0.989857	0.503284	-0.863456	0.033892	0.858037	0.494710	-0.137963
34047	9.905681	0.411313	-1.505759	0.020941	-0.013888	-0.037601	0.102287	0.098955	0.989821	0.503440	-0.863349	0.034286	0.857954	0.494809	-0.138127
34048	9.783452	0.414952	-1.481519	-0.014245	0.001639	-0.037952	0.102059	0.099302	0.989810	0.503349	-0.863385	0.034718	0.858035	0.494677	-0.138100
34049	9.657512	0.482611	-1.379185	0.003125	-0.001048	-0.032668	0.101849	0.099637	0.989798	0.503423	-0.863327	0.035104	0.858016	0.494712	-0.138089
34050	9.659620	0.494753	-1.248239	0.014141	-0.002054	-0.032458	0.101681	0.099955	0.989783	0.503570	-0.863227	0.035443	0.857950	0.494821	-0.138108
34051	9.601380	0.664396	-1.004885	-0.027709	-0.011684	-0.031754	0.101548	0.100312	0.989760	0.503510	-0.863246	0.035831	0.858001	0.494716	-0.138169
34052	9.583681	0.589306	-0.996130	-0.080244	-0.027070	-0.026585	0.101623	0.100703	0.989713	0.502841	-0.863619	0.036242	0.858384	0.493985	-0.138401
34053	9.591185	0.526091	-0.912726	-0.132689	-0.043951	-0.021080	0.101886	0.101126	0.989643	0.501763	-0.864228	0.036653	0.858983	0.492832	-0.138795
34054	9.547075	-0.128547	-1.090628	-0.171007	-0.061433	-0.028005	0.102251	0.101698	0.989546	0.500315	-0.865044	0.037204	0.859785	0.491281	-0.139333
34055	9.625108	-0.234498	-1.286345	0.006016	-0.062327	-0.034461	0.102558	0.102343	0.989448	0.500410	-0.864972	0.037599	0.859693	0.491274	-0.139923
34056	9.630425	0.463831	-1.487583	0.038422	-0.052272	-0.038384	0.102792	0.102959	0.989360	0.500772	-0.864746	0.037962	0.859454	0.491542	-0.140448
34057	9.731073	0.583083	-1.897526	-0.011871	-0.048577	-0.039086	0.102992	0.103577	0.989275	0.500583	-0.864835	0.038433	0.859540	0.491256	-0.140920
34058	9.680985	0.511432	-2.163454	-0.012714	-0.031412	-0.046104	0.103008	0.104158	0.989212	0.500514	-0.864852	0.038944	0.859578	0.491103	-0.141219
34059	9.498429	0.316187	-2.316248	-0.006333	-0.001465	-0.046637	0.102823	0.104617	0.989183	0.500359	-0.864918	0.039464	0.859691	0.490889	-0.141279
34060	9.647790	0.320921	-2.232138	0.073944	0.022582	-0.047618	0.102368	0.104946	0.989195	0.501036	-0.864508	0.039867	0.859351	0.491542	-0.141079
34061	9.645205	0.449313	-1.910217	0.090042	0.045668	-0.052899	0.101659	0.105226	0.989238	0.501816	-0.864033	0.040339	0.858980	0.492315	-0.140641
34062	9.563713	0.394517	-1.500369	0.060015	0.051052	-0.057182	0.100911	0.105496	0.989286	0.502382	-0.863680	0.040857	0.858737	0.492876	-0.140154
34063	9.656848	0.271553	-1.216263	0.007027	0.045612	-0.055828	0.100211	0.105824	0.989323	0.502307	-0.863693	0.041506	0.858863	0.492784	-0.139707
34064	9.731442	0.071806	-0.977021	-0.031676	0.036150	-0.061435	0.099569	0.106205	0.989347	0.502088	-0.863786	0.042195	0.859065	0.492538	-0.139330
34065	9.762497	0.025397	-0.921420	-0.018184	0.016876	-0.066476	0.099052	0.106728	0.989342	0.502053	-0.863772	0.042916	0.859146	0.492451	-0.139141
34066	9.777988	0.142744	-0.864365	-0.028625	0.006224	-0.076573	0.098592	0.107386	0.989317	0.501875	-0.863833	0.043750	0.859303	0.492200	-0.139061
34067	9.777363	0.130645	-0.963203	-0.065293	-0.012118	-0.080190	0.098363	0.108166	0.989255	0.501328	-0.864106	0.044634	0.859648	0.491550	-0.139222
34068	9.791836	0.168163	-1.248587	-0.058649	-0.019448	-0.086372	0.098075	0.109035	0.989188	0.500900	-0.864302	0.045607	0.859930	0.491012	-0.139382
34069	9.734250	0.208564	-1.455552	-0.012053	-0.011562	-0.089790	0.097645	0.109908	0.989134	0.500912	-0.864244	0.046582	0.859973	0.490920	-0.139444
34070	9.669391	0.566448	-1.678108	0.037602	-0.002351	-0.095075	0.097166	0.110769	0.989085	0.501320	-0.863957	0.047507	0.859789	0.491232	-0.139478
34071	9.599834	0.736226	-1.837092	-0.002326	0.012400	-0.096807	0.096536	0.111596	0.989054	0.501363	-0.863875	0.048537	0.859835	0.491189	-0.139345
34072	9.582895	0.616370	-2.043983	-0.048845	0.033298	-0.090533	0.095773	0.112243	0.989055	0.501022	-0.864016	0.049537	0.860119	0.490794	-0.138986
34073	9.633070	0.368219	-2.077869	-0.010978	0.057899	-0.094568	0.094719	0.112798	0.989093	0.501222	-0.863843	0.050516	0.860119	0.490970	-0.138359
34074	9.710533	0.392138	-1.887349	0.050603	0.078440	-0.094544	0.093548	0.113257	0.989152	0.501738	-0.863490	0.051418	0.859946	0.491486	-0.137603
34075	9.694878	0.402907	-1.529249	0.068616	0.093453	-0.094817	0.092250	0.113649	0.989229	0.502434	-0.863032	0.052297	0.859680	0.492198	-0.136716
34076	9.714686	0.548789	-1.125581	0.059285	0.092629	-0.096209	0.090948	0.114051	0.989303	0.503024	-0.862633	0.053205	0.859474	0.492804	-0.135825
34077	9.673421	0.537817	-0.865173	0.015695	0.087705	-0.093582	0.089819	0.114449	0.989360	0.503142	-0.862509	0.054097	0.859524	0.492929	-0.135054
34078	9.627750	0.570053	-0.572473	0.012188	0.066454	-0.096593	0.088739	0.114982	0.989396	0.503325	-0.862341	0.055073	0.859529	0.493100	-0.134396
34079	9.630978	0.576872	-0.403680	-0.036345	0.037518	-0.094820	0.087816	0.115680	0.989397	0.502982	-0.862468	0.056196	0.859824	0.492714	-0.133923
34080	9.635852	0.292555	-0.503647	-0.104154	0.017748	-0.103037	0.087122	0.116509	0.989361	0.502168	-0.862864	0.057392	0.860370	0.491825	-0.133682
34081	9.613550	0.009052	-0.769057	-0.068674	0.000438	-0.105284	0.086531	0.117417	0.989306	0.501802	-0.863000	0.058536	0.860644	0.491370	-0.133596
34082	9.559619	0.028818	-0.965154	-0.034743	-0.016799	-0.113820	0.086081	0.118510	0.989215	0.501593	-0.863038	0.059745	0.860810	0.491040	-0.133735
34083	9.390944	-0.219557	-1.011981	0.044497	-0.031504	-0.122796	0.085662	0.119743	0.989102	0.502160	-0.862625	0.060942	0.860522	0.491467	-0.134024
34084	9.396164	-0.252372	-0.994604	0.175794	-0.051376	-0.133589	0.085409	0.121175	0.988950	0.503778	-0.861601	0.062064	0.859601	0.492910	-0.134634
34085	9.635062	0.226349	-1.107210	0.362526	-0.052585	-0.139094	0.085149	0.122659	0.988789	0.506907	-0.859696	0.062994	0.857785	0.495860	-0.135379
34086	9.790688	1.658883	-1.037752	0.423374	-0.044539	-0.126722	0.084862	0.123997	0.988647	0.510634	-0.857435	0.063709	0.855600	0.499430	-0.136081
34087	9.700698	2.603360	-1.179921	0.130658	-0.028945	-0.098113	0.084566	0.125069	0.988538	0.511462	-0.856870	0.064657	0.855135	0.500131	-0.136430
34088	9.598253	2.517576	-1.737475	-0.220106	-0.041720	-0.067717	0.084553	0.125885	0.988435	0.509627	-0.857886	0.065664	0.856231	0.498181	-0.136692
34089	9.764552	1.182201	-2.406414	-0.317808	-0.033487	-0.060449	0.084462	0.126577	0.988355	0.507083	-0.859311	0.066717	0.857749	0.495543	-0.136764
34090	9.743694	0.949440	-2.395999	-0.132644	0.017219	-0.066987	0.083951	0.127095	0.988331	0.505993	-0.859885	0.067597	0.858442	0.494414	-0.136497
34091	9.673757	1.626360	-1.954275	-0.270757	0.044729	-0.053247	0.083253	0.127349	0.988358	0.503843	-0.861074	0.068508	0.859774	0.492274	-0.135851
34092	9.654658	0.996787	-1.855242	-0.553636	0.058712	-0.038468	0.082532	0.127421	0.988409	0.499099	-0.863739	0.069675	0.862606	0.487563	-0.134882
34093	9.670692	-0.557051	-1.945953	-0.587038	0.073250	-0.048213	0.081646	0.127537	0.988468	0.494006	-0.866554	0.071003	0.865616	0.482512	-0.133755
34094	9.886122	-1.069131	-1.849601	-0.258296	0.106030	-0.091832	0.080252	0.127851	0.988541	0.491835	-0.867682	0.072292	0.866982	0.480397	-0.132515
34095	9.660318	-0.372058	-1.705650	-0.109425	0.131886	-0.123466	0.078474	0.128310	0.988624	0.490976	-0.868051	0.073689	0.867632	0.479608	-0.131116
34096	9.483752	0.102708	-1.642555	-0.100491	0.140918	-0.134807	0.076566	0.128833	0.988706	0.490199	-0.868361	0.075190	0.868241	0.478906	-0.129641
34097	9.466552	0.286920	-1.492435	-0.134551	0.136837	-0.143536	0.074610	0.129457	0.988774	0.489173	-0.868796	0.076837	0.868990	0.477949	-0.128148
34098	9.458810	0.590669	-1.262112	-0.063916	0.134647	-0.145694	0.072704	0.130108	0.988831	0.488716	-0.868914	0.078396	0.869408	0.477558	-0.126760
34099	9.569755	1.146330	-0.577892	-0.093882	0.114489	-0.143116	0.071061	0.130845	0.988853	0.487896	-0.869232	0.079955	0.870004	0.476776	-0.125607
34100	9.581024	0.710031	-0.254975	-0.218348	0.079592	-0.136636	0.069680	0.131683	0.988840	0.486083	-0.870093	0.081617	0.871130	0.474971	-0.124637
34101	9.691216	0.454916	-0.040542	-0.105073	0.048172	-0.142859	0.068606	0.132726	0.988775	0.485167	-0.870456	0.083180	0.871726	0.474015	-0.124113
34102	9.850091	1.119686	-0.080744	0.048469	0.021420	-0.140263	0.067716	0.133873	0.988682	0.485676	-0.870041	0.084544	0.871512	0.474455	-0.123935
34103	9.723991	2.036090	-0.492600	-0.008785	0.010589	-0.129118	0.066924	0.134938	0.988591	0.485719	-0.869889	0.085854	0.871550	0.474432	-0.123758
34104	9.489919	2.090850	-0.978520	-0.130659	-0.017944	-0.107000	0.066538	0.135982	0.988474	0.484642	-0.870364	0.087111	0.872178	0.473260	-0.123815
34105	9.626192	1.968798	-1.311835	-0.210233	-0.023619	-0.086278	0.066313	0.136909	0.988361	0.482677	-0.871334	0.088314	0.873284	0.471203	-0.123864
34106	9.528897	1.942963	-1.538962	-0.256044	-0.019256	-0.065814	0.066142	0.137602	0.988277	0.480474	-0.872449	0.089318	0.874511	0.468934	-0.123820
34107	9.623048	1.810612	-1.280700	-0.303003	-0.020138	-0.047381	0.065969	0.138131	0.988214	0.477912	-0.873761	0.090230	0.875927	0.466327	-0.123656
34108	9.664597	1.147676	-1.406417	-0.463166	-0.009696	-0.034137	0.065869	0.138504	0.988169	0.473863	-0.875866	0.091177	0.878132	0.462251	-0.123324
34109	9.614978	0.255669	-1.601436	-0.337146	0.001343	-0.038282	0.065632	0.138856	0.988135	0.471013	-0.877316	0.091998	0.879681	0.459386	-0.122983
34110	9.715246	0.258823	-1.459583	-0.150415	0.014743	-0.051556	0.065238	0.139269	0.988103	0.469714	-0.877935	0.092730	0.880405	0.458076	-0.122691
34111	9.748392	0.377337	-1.582652	-0.116890	0.028120	-0.058644	0.064781	0.139695	0.988073	0.468646	-0.878427	0.093467	0.881007	0.457002	-0.122373
34112	9.820387	0.226331	-1.534712	-0.103001	0.030013	-0.054198	0.064241	0.140063	0.988056	0.467764	-0.878823	0.094166	0.881515	0.456128	-0.121973
34113	9.886511	0.122380	-1.374396	0.005817	0.038765	-0.064117	0.063631	0.140456	0.988040	0.467966	-0.878650	0.094768	0.881452	0.456340	-0.121638
34114	9.876053	0.564298	-1.104803	0.026002	0.041064	-0.067478	0.062931	0.140890	0.988023	0.468229	-0.878438	0.095440	0.881363	0.456615	-0.121250
34115	9.725498	0.944311	-0.869743	-0.027025	0.038865	-0.059857	0.062297	0.141292	0.988006	0.467887	-0.878544	0.096137	0.881590	0.456286	-0.120840
34116	9.567518	1.199401	-0.608996	-0.113574	0.023520	-0.043715	0.061863	0.141598	0.987989	0.466904	-0.879000	0.096742	0.882142	0.455311	-0.120491
34117	9.509593	1.434959	-0.549217	-0.061357	-0.009620	-0.033150	0.061847	0.141961	0.987938	0.466367	-0.879241	0.097146	0.882427	0.454734	-0.120584
34118	9.690418	1.897557	-0.416393	0.028521	-0.023280	-0.024547	0.061916	0.142312	0.987884	0.466625	-0.879077	0.097391	0.882285	0.454941	-0.120835
34119	9.532254	2.132311	-0.633140	-0.044029	-0.039145	-0.000337	0.062218	0.142489	0.987839	0.466319	-0.879233	0.097452	0.882426	0.454585	-0.121149
34120	9.521195	1.674438	-1.134230	-0.056793	-0.060663	0.021083	0.062830	0.142607	0.987783	0.465795	-0.879521	0.097350	0.882659	0.453988	-0.121686
34121	9.540828	1.179914	-1.355286	0.036596	-0.058168	0.031052	0.063518	0.142687	0.987728	0.465930	-0.879479	0.097087	0.882539	0.454045	-0.122345
34122	9.707429	0.868524	-1.382088	0.199751	-0.048035	0.038669	0.064101	0.142595	0.987703	0.467658	-0.878627	0.096497	0.881582	0.455722	-0.123006
34123	9.657303	0.880051	-1.080706	0.332064	-0.041921	0.045118	0.064715	0.142450	0.987684	0.470457	-0.877219	0.095693	0.880047	0.458470	-0.123786
34124	9.578671	1.102245	-0.659706	0.344229	-0.058418	0.051750	0.065451	0.142294	0.987658	0.473440	-0.875711	0.094791	0.878391	0.461393	-0.124684
34125	9.467836	1.204992	-0.324004	0.325684	-0.082186	0.056480	0.066334	0.142204	0.987612	0.476194	-0.874312	0.093906	0.876835	0.464066	-0.125714
34126	9.230173	1.344117	0.067568	0.187974	-0.123586	0.062253	0.067692	0.142263	0.987512	0.477791	-0.873527	0.093090	0.875862	0.465523	-0.127103
34127	9.012703	0.103367	0.316228	-0.019097	-0.201057	0.061111	0.069747	0.142742	0.987299	0.477416	-0.873784	0.092603	0.875905	0.464894	-0.129091
34128	9.491285	-0.842877	0.384819	0.237969	-0.272560	0.036039	0.072283	0.143725	0.986974	0.479464	-0.872728	0.091974	0.874580	0.466571	-0.131994
34129	9.479581	0.386478	0.934895	0.471896	-0.324390	0.015658	0.075126	0.145108	0.986559	0.483571	-0.870539	0.091219	0.872075	0.470219	-0.135571
34130	9.426063	1.117892	0.675250	0.395515	-0.411517	0.021385	0.078792	0.146892	0.986009	0.486991	-0.868706	0.090501	0.869846	0.473047	-0.139982
