// General information: 
//  MT Manager version: 2022.2.0 
//  XDA version: 2022.2.0 build 7381 rev 124627 built on 2023-07-19
// Device information: 
//  DeviceId: 00B4CB9F
//  ProductCode: MTW2-3A7G6
//  Firmware Version: 4.6.0
//  Hardware Version: 2.0.0
// Device settings: 
//  Filter Profile: human(46.1)
//  Option Flags: Orientation Smoother Disabled, Position/Velocity Smoother Disabled, Continuous Zero Rotation Update Disabled, AHS Disabled, ICC Disabled
// Coordinate system: ENU
PacketCounter	Acc_X	Acc_Y	Acc_Z	Gyr_X	Gyr_Y	Gyr_Z	Mat[1][1]	Mat[2][1]	Mat[3][1]	Mat[1][2]	Mat[2][2]	Mat[3][2]	Mat[1][3]	Mat[2][3]	Mat[3][3]
19851	9.420327	0.975361	0.808861	0.205285	0.084200	0.181279	0.149899	-0.024757	0.988391	-0.858927	0.491848	0.142585	-0.489669	-0.870329	0.052463
19852	9.364445	1.422220	1.004346	0.217853	0.038581	0.173107	0.148572	-0.023597	0.988620	-0.860346	0.489825	0.140986	-0.487577	-0.871502	0.052472
19853	9.369102	1.873666	1.279040	0.167855	-0.010053	0.162368	0.147059	-0.022901	0.988863	-0.861419	0.488385	0.139417	-0.486139	-0.872328	0.052094
19854	9.369144	2.129875	1.497522	0.074521	-0.056585	0.155408	0.145395	-0.022715	0.989113	-0.862234	0.487366	0.137937	-0.485193	-0.872902	0.051275
19855	9.443220	2.217909	1.627758	-0.024326	-0.080190	0.135735	0.143769	-0.022764	0.989349	-0.862329	0.487595	0.136530	-0.485510	-0.872773	0.050471
19856	9.520195	2.085350	1.658779	-0.139268	-0.094868	0.122310	0.142349	-0.022973	0.989550	-0.862084	0.488355	0.135350	-0.486361	-0.872342	0.049712
19857	9.583082	1.804194	1.662763	-0.267417	-0.098991	0.116942	0.140793	-0.023273	0.989766	-0.860962	0.490699	0.134009	-0.488796	-0.871018	0.049049
19858	9.633212	1.496253	1.739837	-0.380711	-0.085845	0.112979	0.139441	-0.023500	0.989952	-0.859550	0.493499	0.132788	-0.491661	-0.869429	0.048614
19859	9.673119	1.136703	1.741659	-0.457771	-0.050508	0.127700	0.138029	-0.023316	0.990154	-0.857484	0.497489	0.131250	-0.495651	-0.867157	0.048675
19860	9.690153	0.823131	1.716614	-0.493239	-0.014346	0.140071	0.136645	-0.022812	0.990357	-0.855276	0.501713	0.129563	-0.499830	-0.864734	0.049046
19861	9.741792	0.605752	1.751100	-0.518777	0.032669	0.159628	0.135380	-0.021735	0.990555	-0.852906	0.506212	0.127674	-0.504206	-0.862135	0.049993
19862	9.753529	0.360649	1.730478	-0.544777	0.068864	0.186798	0.134086	-0.020176	0.990764	-0.850401	0.510950	0.125495	-0.508763	-0.859374	0.051353
19863	9.732456	0.138770	1.606488	-0.531661	0.097829	0.223575	0.132622	-0.018198	0.991000	-0.847999	0.515539	0.122952	-0.513136	-0.856673	0.052939
19864	9.759177	0.039953	1.471484	-0.480358	0.122847	0.245412	0.131189	-0.015835	0.991231	-0.845996	0.519449	0.120265	-0.516798	-0.854355	0.054750
19865	9.794288	-0.057220	1.289808	-0.400464	0.140283	0.274391	0.129531	-0.013216	0.991487	-0.844295	0.522890	0.117271	-0.519989	-0.852298	0.056573
19866	9.813335	0.068299	1.041586	-0.294568	0.156588	0.287426	0.127923	-0.010360	0.991730	-0.843352	0.525072	0.114269	-0.521913	-0.850995	0.058431
19867	9.816375	0.098496	0.762554	-0.183522	0.159034	0.296153	0.126191	-0.007458	0.991978	-0.842786	0.526643	0.111172	-0.523247	-0.850054	0.060172
19868	9.718361	0.225818	0.494099	-0.078976	0.164584	0.292181	0.124630	-0.004459	0.992193	-0.842894	0.527080	0.108244	-0.523448	-0.849804	0.061932
19869	9.661291	0.329532	0.281036	0.021066	0.153441	0.272173	0.123072	-0.001728	0.992396	-0.843358	0.526893	0.105506	-0.523068	-0.849930	0.063389
19870	9.566520	0.530396	0.137887	0.082321	0.142215	0.240915	0.121698	0.000695	0.992567	-0.844309	0.525834	0.103152	-0.521854	-0.850587	0.064580
19871	9.482206	0.897747	0.200166	0.120657	0.117365	0.193429	0.120610	0.002702	0.992696	-0.845189	0.524787	0.101260	-0.520680	-0.851229	0.065579
19872	9.454684	1.419031	0.226941	0.144592	0.111010	0.135792	0.120051	0.004423	0.992758	-0.846264	0.523294	0.100004	-0.519062	-0.852141	0.066565
19873	9.364761	1.836743	-0.064249	0.183184	0.108190	0.053592	0.120092	0.005618	0.992747	-0.847295	0.521711	0.099545	-0.517368	-0.853104	0.067414
19874	9.289512	2.230763	-0.182892	0.173619	0.076211	-0.036888	0.120689	0.006103	0.992672	-0.847962	0.520559	0.099895	-0.516134	-0.853804	0.068000
19875	9.366601	2.529410	-0.081654	0.106539	-0.006181	-0.149213	0.121857	0.005266	0.992534	-0.848347	0.519640	0.101398	-0.515226	-0.854369	0.067789
19876	9.548382	2.592561	0.100535	-0.050031	-0.095198	-0.254989	0.123447	0.003118	0.992346	-0.847792	0.520065	0.103830	-0.515761	-0.854121	0.066843
19877	9.720781	2.537200	0.447581	-0.290581	-0.169575	-0.348646	0.125457	-0.000155	0.992099	-0.845873	0.522532	0.107047	-0.518420	-0.852619	0.065424
19878	9.888322	2.197021	0.704300	-0.598014	-0.251442	-0.399721	0.127437	-0.004406	0.991837	-0.842191	0.527724	0.110554	-0.523903	-0.849404	0.063541
19879	9.939584	1.658385	0.945869	-0.857234	-0.331012	-0.409269	0.129061	-0.009392	0.991592	-0.837159	0.534941	0.114028	-0.531514	-0.844837	0.061178
19880	10.075441	1.108375	0.889723	-0.974491	-0.388624	-0.397290	0.130224	-0.014843	0.991373	-0.831491	0.543002	0.117352	-0.540060	-0.839600	0.058371
19881	10.310931	0.519392	0.710204	-0.975406	-0.376565	-0.374048	0.131208	-0.020046	0.991152	-0.825710	0.551084	0.120453	-0.548623	-0.834209	0.055754
19882	10.563743	-0.295551	0.602173	-0.909791	-0.351721	-0.307536	0.131543	-0.024845	0.990999	-0.820200	0.558724	0.122880	-0.556748	-0.828982	0.053118
19883	10.726583	-0.943778	0.431883	-0.786143	-0.298038	-0.188715	0.131351	-0.028375	0.990930	-0.815567	0.565157	0.124289	-0.563558	-0.824495	0.051093
19884	10.655014	-1.356240	0.442537	-0.553180	-0.221660	-0.076254	0.130794	-0.030537	0.990939	-0.812491	0.569461	0.124790	-0.568112	-0.821451	0.049671
19885	10.456201	-1.402161	0.578593	-0.249661	-0.133125	0.018246	0.129823	-0.031530	0.991036	-0.811112	0.571500	0.124436	-0.570301	-0.819996	0.048619
19886	10.301182	-1.134861	0.719669	0.041078	-0.046029	0.102325	0.128694	-0.031273	0.991191	-0.811473	0.571216	0.123382	-0.570043	-0.820204	0.048135
19887	10.159106	-0.653094	0.623444	0.217147	0.034962	0.184053	0.127332	-0.029940	0.991408	-0.812963	0.569475	0.121612	-0.568223	-0.821464	0.048173
19888	9.887750	-0.083745	0.271324	0.305831	0.084867	0.252229	0.125662	-0.027796	0.991684	-0.814940	0.567162	0.119163	-0.565758	-0.823137	0.048618
19889	9.637556	0.549984	-0.046891	0.341113	0.093573	0.304679	0.123638	-0.025306	0.992005	-0.817263	0.564416	0.116257	-0.562845	-0.825103	0.049102
19890	9.433405	1.275576	-0.329677	0.338911	0.073275	0.314283	0.121408	-0.022869	0.992339	-0.819413	0.561915	0.113201	-0.560199	-0.826879	0.049482
19891	9.185104	1.852840	-0.615988	0.290477	0.050995	0.290757	0.119242	-0.020822	0.992647	-0.821404	0.559558	0.110408	-0.557742	-0.828530	0.049620
19892	8.951665	2.403216	-0.833946	0.193609	-0.004398	0.244833	0.117323	-0.019349	0.992905	-0.822936	0.557753	0.108108	-0.555888	-0.829782	0.049514
19893	8.858480	2.724549	-0.854060	0.036869	-0.092407	0.201680	0.115083	-0.018996	0.993174	-0.823393	0.557469	0.106073	-0.555679	-0.829980	0.048514
19894	8.899846	2.850962	-0.796670	-0.143175	-0.182023	0.161161	0.112663	-0.019564	0.993441	-0.822653	0.558895	0.104301	-0.557270	-0.829008	0.046872
19895	8.940465	2.663647	-0.744566	-0.269663	-0.258910	0.119671	0.110167	-0.021042	0.993690	-0.821297	0.561137	0.102937	-0.559762	-0.827456	0.044537
19896	9.054610	2.237426	-0.706595	-0.298858	-0.317978	0.067188	0.107632	-0.023332	0.993917	-0.819407	0.564069	0.101975	-0.563017	-0.825398	0.041593
19897	9.143509	1.802371	-0.532165	-0.254618	-0.353731	0.014042	0.105455	-0.026173	0.994080	-0.818002	0.566156	0.101682	-0.565466	-0.823882	0.038294
19898	9.332194	1.337470	-0.525039	-0.178974	-0.371325	-0.031285	0.103428	-0.029437	0.994201	-0.816694	0.568024	0.101781	-0.567726	-0.822485	0.034709
19899	9.335997	0.940301	-0.446284	-0.079377	-0.372233	-0.071051	0.101827	-0.032905	0.994258	-0.816187	0.568640	0.102409	-0.568744	-0.821928	0.031046
19900	9.472051	0.576448	-0.420702	0.024952	-0.370836	-0.093678	0.100615	-0.036353	0.994261	-0.816329	0.568259	0.103386	-0.568756	-0.822046	0.027500
19901	9.454083	0.428203	-0.348972	0.123582	-0.359337	-0.102662	0.099345	-0.039894	0.994253	-0.816945	0.567189	0.104387	-0.568094	-0.822621	0.023756
19902	9.504774	0.374918	-0.232592	0.194837	-0.345656	-0.093804	0.098045	-0.043261	0.994241	-0.817797	0.565798	0.105264	-0.567094	-0.823408	0.020095
19903	9.659184	0.365077	-0.318685	0.231793	-0.312508	-0.077438	0.096843	-0.046277	0.994223	-0.819051	0.563840	0.106024	-0.565489	-0.824587	0.016701
19904	9.806004	0.397983	-0.349986	0.267418	-0.274614	-0.064115	0.095685	-0.048951	0.994207	-0.820450	0.561690	0.106617	-0.563655	-0.825899	0.013583
19905	9.826767	0.549175	-0.360739	0.316061	-0.236143	-0.062233	0.094802	-0.051256	0.994176	-0.822184	0.559032	0.107223	-0.561272	-0.827560	0.010855
19906	9.793927	0.820190	-0.341538	0.344178	-0.198720	-0.074124	0.094265	-0.053279	0.994121	-0.823997	0.556217	0.107943	-0.558698	-0.829327	0.008530
19907	9.670755	1.180684	-0.202678	0.382713	-0.174295	-0.104304	0.094088	-0.055309	0.994026	-0.826047	0.552970	0.108956	-0.555693	-0.831364	0.006340
19908	9.542165	1.640784	-0.034154	0.411051	-0.175735	-0.140790	0.094112	-0.057553	0.993897	-0.827959	0.549847	0.110239	-0.552836	-0.833280	0.004095
19909	9.539865	1.937367	0.109643	0.401960	-0.193221	-0.164952	0.094348	-0.060075	0.993725	-0.830035	0.546383	0.111838	-0.549673	-0.835378	0.001686
19910	9.643302	2.071040	0.201708	0.360397	-0.231176	-0.181087	0.094347	-0.063062	0.993540	-0.831630	0.543612	0.113476	-0.547256	-0.836964	-0.001156
19911	9.846925	2.061526	0.292912	0.276303	-0.268707	-0.176759	0.094285	-0.066277	0.993337	-0.832988	0.541171	0.115172	-0.545198	-0.838297	-0.004184
19912	10.043366	1.862593	0.271107	0.163691	-0.287158	-0.158092	0.093937	-0.069505	0.993149	-0.833545	0.540000	0.116633	-0.544407	-0.838790	-0.007210
19913	10.219638	1.539677	0.240480	0.058323	-0.278181	-0.136469	0.093494	-0.072581	0.992971	-0.833749	0.539402	0.117930	-0.544170	-0.838914	-0.010083
19914	10.319592	1.285268	0.232152	-0.017706	-0.262663	-0.120475	0.092960	-0.075497	0.992803	-0.833589	0.539400	0.119070	-0.544507	-0.838659	-0.012791
19915	10.348940	0.978775	0.215483	-0.051439	-0.230061	-0.098448	0.092460	-0.077963	0.992659	-0.833232	0.539744	0.120002	-0.545138	-0.838211	-0.015057
19916	10.377683	0.718528	0.204943	-0.028889	-0.193886	-0.071662	0.091770	-0.080042	0.992558	-0.832844	0.540216	0.120568	-0.545846	-0.837711	-0.017087
19917	10.384317	0.580096	0.154361	0.039581	-0.146337	-0.048198	0.091307	-0.081534	0.992479	-0.833031	0.539834	0.120986	-0.545639	-0.837813	-0.018630
19918	10.217611	0.557631	0.097368	0.132870	-0.099790	-0.031156	0.090900	-0.082588	0.992430	-0.833738	0.538696	0.121194	-0.544627	-0.838443	-0.019889
19919	10.020917	0.728173	0.052798	0.207036	-0.068433	-0.024817	0.090668	-0.083301	0.992391	-0.834856	0.536927	0.121345	-0.542950	-0.839506	-0.020862
19920	9.852686	0.925631	-0.034741	0.241686	-0.051302	-0.019471	0.090456	-0.083811	0.992368	-0.836030	0.535086	0.121396	-0.541176	-0.840630	-0.021666
19921	9.678953	1.218499	-0.092989	0.267623	-0.047881	-0.019569	0.090295	-0.084324	0.992339	-0.837472	0.532807	0.121478	-0.538968	-0.842025	-0.022510
19922	9.584241	1.466764	-0.196787	0.261941	-0.066181	-0.023400	0.090145	-0.084974	0.992297	-0.838918	0.530490	0.121639	-0.536740	-0.843421	-0.023465
19923	9.562547	1.617426	-0.276506	0.240514	-0.092622	-0.015983	0.089716	-0.085846	0.992261	-0.840207	0.528436	0.121686	-0.534793	-0.844622	-0.024720
19924	9.562516	1.766886	-0.331754	0.217771	-0.106675	-0.015942	0.089219	-0.086835	0.992220	-0.841366	0.526577	0.121738	-0.533051	-0.845681	-0.026080
19925	9.584690	1.817043	-0.341560	0.205610	-0.114487	-0.015202	0.088671	-0.087891	0.992176	-0.842461	0.524813	0.121781	-0.531410	-0.846668	-0.027509
19926	9.522786	1.835743	-0.238720	0.196556	-0.116085	-0.017217	0.088090	-0.089024	0.992126	-0.843540	0.523066	0.121832	-0.529793	-0.847630	-0.029019
19927	9.568365	1.837432	-0.224164	0.184556	-0.114608	-0.022361	0.087606	-0.090120	0.992070	-0.844511	0.521470	0.121946	-0.528325	-0.848497	-0.030424
19928	9.573625	1.718819	-0.266397	0.165091	-0.099341	-0.035230	0.087240	-0.091201	0.992004	-0.845332	0.520088	0.122157	-0.527070	-0.849229	-0.031723
19929	9.576609	1.673676	-0.304080	0.143296	-0.089050	-0.029969	0.086958	-0.092121	0.991944	-0.846074	0.518833	0.122354	-0.525924	-0.849898	-0.032824
19930	9.579597	1.554358	-0.318601	0.128053	-0.080033	-0.033586	0.086701	-0.092952	0.991889	-0.846558	0.517999	0.122540	-0.525188	-0.850316	-0.033778
19931	9.602427	1.507952	-0.302977	0.115501	-0.075727	-0.027989	0.086474	-0.093748	0.991833	-0.847154	0.516980	0.122725	-0.524264	-0.850848	-0.034714
19932	9.773439	1.466216	-0.297128	0.113666	-0.065108	-0.024841	0.086208	-0.094471	0.991788	-0.847686	0.516081	0.122840	-0.523448	-0.851314	-0.035592
19933	9.890124	1.395557	-0.222309	0.120412	-0.045349	-0.011985	0.086005	-0.094927	0.991762	-0.848319	0.515034	0.122862	-0.522454	-0.851897	-0.036233
19934	9.887784	1.321570	-0.180780	0.139721	-0.017595	-0.009136	0.085793	-0.095146	0.991759	-0.848856	0.514173	0.122759	-0.521616	-0.852392	-0.036653
19935	9.884671	1.345697	-0.158473	0.163698	0.004121	-0.006184	0.085800	-0.095151	0.991758	-0.849717	0.512762	0.122706	-0.520211	-0.853242	-0.036856
19936	9.824111	1.365413	-0.041676	0.183170	0.025799	-0.004986	0.085874	-0.094958	0.991770	-0.850585	0.511344	0.122608	-0.518779	-0.854113	-0.036859
19937	9.770845	1.437177	-0.019137	0.189226	0.045836	-0.010555	0.086134	-0.094628	0.991779	-0.851569	0.509707	0.122590	-0.517118	-0.855128	-0.036680
19938	9.741116	1.460670	0.030764	0.190402	0.071850	-0.011711	0.086475	-0.094157	0.991795	-0.852591	0.508002	0.122566	-0.515374	-0.856194	-0.036348
19939	9.677097	1.461980	-0.068142	0.194723	0.091802	-0.012814	0.086990	-0.093444	0.991817	-0.853595	0.506312	0.122569	-0.513622	-0.857273	-0.035719
19940	9.636029	1.438907	-0.139772	0.194765	0.097956	-0.015807	0.087556	-0.092659	0.991841	-0.854499	0.504781	0.122589	-0.512021	-0.858260	-0.034980
19941	9.693793	1.443452	-0.225755	0.184000	0.094717	-0.013296	0.088086	-0.091921	0.991863	-0.855442	0.503178	0.122603	-0.510353	-0.859280	-0.034310
19942	9.702436	1.396805	-0.292514	0.168610	0.099058	-0.012472	0.088527	-0.091193	0.991891	-0.856235	0.501839	0.122558	-0.508945	-0.860141	-0.033656
19943	9.679821	1.421668	-0.311093	0.156341	0.108053	-0.014528	0.089134	-0.090345	0.991914	-0.857030	0.500470	0.122596	-0.507499	-0.861027	-0.032819
19944	9.627378	1.469419	-0.283121	0.136531	0.098559	-0.012509	0.089520	-0.089648	0.991942	-0.857648	0.499424	0.122536	-0.506385	-0.861707	-0.032178
19945	9.620967	1.518752	-0.226661	0.118620	0.093733	-0.019537	0.090094	-0.088947	0.991953	-0.858244	0.498374	0.122638	-0.505273	-0.862387	-0.031437
19946	9.692977	1.546642	-0.212004	0.090686	0.087107	-0.008745	0.090394	-0.088287	0.991985	-0.858564	0.497846	0.122544	-0.504674	-0.862760	-0.030798
19947	9.736671	1.548306	-0.151344	0.073848	0.086830	-0.008066	0.090833	-0.087587	0.992007	-0.858943	0.497191	0.122548	-0.503951	-0.863209	-0.030071
19948	9.750735	1.427570	-0.242198	0.079505	0.085354	0.001381	0.091050	-0.086960	0.992042	-0.859385	0.496466	0.122393	-0.503158	-0.863690	-0.029529
19949	9.751735	1.329327	-0.211566	0.100862	0.084179	0.002467	0.091384	-0.086230	0.992075	-0.859907	0.495586	0.122285	-0.502204	-0.864268	-0.028862
19950	9.653975	1.276626	-0.191180	0.134538	0.080157	0.002658	0.091605	-0.085598	0.992110	-0.860565	0.494484	0.122122	-0.501035	-0.864962	-0.028365
19951	9.622261	1.274908	-0.115311	0.163825	0.074548	-0.000426	0.091914	-0.084965	0.992136	-0.861398	0.493055	0.122026	-0.499546	-0.865839	-0.027870
19952	9.622360	1.274558	-0.110852	0.183651	0.064180	0.003641	0.092198	-0.084423	0.992155	-0.862428	0.491271	0.121945	-0.497712	-0.866906	-0.027514
19953	9.636494	1.274284	-0.007621	0.195756	0.059802	0.007324	0.092364	-0.083878	0.992186	-0.863421	0.489569	0.121765	-0.495957	-0.867921	-0.027204
19954	9.658467	1.347225	-0.001511	0.190655	0.067366	0.014695	0.092608	-0.083206	0.992220	-0.864459	0.487777	0.121588	-0.494099	-0.868994	-0.026756
19955	9.661228	1.346049	-0.021932	0.180284	0.064145	0.009557	0.092774	-0.082612	0.992254	-0.865371	0.486207	0.121391	-0.492469	-0.869930	-0.026383
19956	9.729142	1.420625	0.013683	0.157187	0.063773	0.012904	0.093071	-0.082020	0.992275	-0.866390	0.484411	0.121304	-0.490619	-0.870987	-0.025977
19957	9.750942	1.420302	0.044913	0.123539	0.066276	0.012613	0.093219	-0.081393	0.992313	-0.867020	0.483334	0.121094	-0.489475	-0.871644	-0.025513
19958	9.768465	1.468899	0.100570	0.086836	0.064145	0.013687	0.093282	-0.080840	0.992352	-0.867495	0.482542	0.120854	-0.488622	-0.872134	-0.025116
19959	9.716618	1.490616	0.124590	0.054820	0.065140	0.011939	0.093429	-0.080225	0.992389	-0.867787	0.482063	0.120668	-0.488074	-0.872456	-0.024580
19960	9.638597	1.487336	0.170868	0.028814	0.066241	0.012039	0.093522	-0.079652	0.992426	-0.867973	0.481780	0.120462	-0.487726	-0.872665	-0.024079
19961	9.660158	1.487524	0.204197	-0.001392	0.070301	0.004245	0.093761	-0.079029	0.992453	-0.867984	0.481784	0.120366	-0.487661	-0.872719	-0.023424
19962	9.638543	1.486061	0.184500	-0.026033	0.076017	0.005913	0.094028	-0.078401	0.992478	-0.867994	0.481785	0.120293	-0.487592	-0.872775	-0.022751
19963	9.664257	1.437719	0.196066	-0.053370	0.086248	-0.000237	0.094383	-0.077661	0.992502	-0.867747	0.482239	0.120254	-0.487962	-0.872591	-0.021875
19964	9.676668	1.388353	0.108737	-0.073283	0.087454	0.000165	0.094894	-0.076917	0.992511	-0.867634	0.482420	0.120340	-0.488063	-0.872557	-0.020957
19965	9.684473	1.314923	0.070535	-0.096180	0.090137	-0.001143	0.095276	-0.076147	0.992534	-0.867178	0.483246	0.120318	-0.488800	-0.872167	-0.019991
19966	9.719823	1.315428	-0.013383	-0.123821	0.092752	0.000325	0.095606	-0.075407	0.992559	-0.866627	0.484245	0.120265	-0.489711	-0.871677	-0.019053
19967	9.780360	1.292558	-0.094055	-0.151164	0.087725	-0.001244	0.095979	-0.074660	0.992579	-0.865899	0.485550	0.120252	-0.490925	-0.871015	-0.018045
19968	9.790495	1.244179	-0.156214	-0.170801	0.082826	-0.003911	0.096311	-0.074021	0.992595	-0.865117	0.486941	0.120255	-0.492236	-0.870293	-0.017139
19969	9.804419	1.171535	-0.242445	-0.174328	0.090425	0.001992	0.096672	-0.073236	0.992618	-0.864274	0.488446	0.120211	-0.493644	-0.869515	-0.016077
19970	9.795099	1.073630	-0.331953	-0.166630	0.079858	0.003966	0.096894	-0.072564	0.992646	-0.863428	0.489967	0.120098	-0.495079	-0.868716	-0.015178
19971	9.730652	1.095804	-0.404405	-0.150132	0.067891	0.012572	0.097055	-0.071923	0.992677	-0.862711	0.491268	0.119942	-0.496297	-0.868034	-0.014369
19972	9.732615	1.046060	-0.397431	-0.130263	0.046801	0.018300	0.096993	-0.071504	0.992713	-0.862134	0.492339	0.119697	-0.497310	-0.867462	-0.013892
19973	9.757199	1.045251	-0.389856	-0.113394	0.022598	0.023831	0.096832	-0.071201	0.992751	-0.861607	0.493327	0.119423	-0.498254	-0.866925	-0.013577
19974	9.808314	0.971217	-0.381801	-0.098379	0.007521	0.032328	0.096486	-0.071033	0.992796	-0.861206	0.494117	0.119051	-0.499015	-0.866488	-0.013498
19975	9.837346	0.920321	-0.402057	-0.087898	0.001552	0.037522	0.096103	-0.070844	0.992847	-0.860817	0.494893	0.118636	-0.499758	-0.866061	-0.013423
19976	9.879535	0.821344	-0.520672	-0.077047	-0.010513	0.038124	0.095749	-0.070716	0.992890	-0.860550	0.495444	0.118273	-0.500286	-0.865757	-0.013417
19977	9.833536	0.743178	-0.528338	-0.073927	-0.027295	0.041291	0.095189	-0.070758	0.992941	-0.860234	0.496101	0.117820	-0.500936	-0.865377	-0.013645
19978	9.809438	0.738314	-0.534658	-0.078743	-0.053404	0.051574	0.094387	-0.070999	0.993001	-0.859925	0.496769	0.117257	-0.501617	-0.864974	-0.014166
19979	9.821407	0.757678	-0.439978	-0.078334	-0.068666	0.048459	0.093558	-0.071363	0.993053	-0.859592	0.497468	0.116734	-0.502343	-0.864542	-0.014801
19980	9.788576	0.751589	-0.376906	-0.073587	-0.080825	0.048671	0.092680	-0.071817	0.993103	-0.859280	0.498128	0.116214	-0.503038	-0.864124	-0.015544
19981	9.830673	0.772390	-0.329814	-0.062566	-0.080633	0.043207	0.091835	-0.072309	0.993145	-0.859020	0.498687	0.115741	-0.503638	-0.863761	-0.016317
19982	9.802857	0.694094	-0.292338	-0.048456	-0.077334	0.036411	0.091059	-0.072802	0.993181	-0.858811	0.499142	0.115328	-0.504134	-0.863456	-0.017071
19983	9.785618	0.642269	-0.351367	-0.035870	-0.074057	0.029522	0.090365	-0.073304	0.993207	-0.858671	0.499461	0.114987	-0.504497	-0.863229	-0.017810
19984	9.856806	0.592570	-0.325853	-0.029464	-0.064749	0.022312	0.089788	-0.073798	0.993223	-0.858648	0.499559	0.114740	-0.504641	-0.863131	-0.018512
19985	9.807577	0.613777	-0.336819	-0.032482	-0.054066	0.019155	0.089283	-0.074179	0.993240	-0.858515	0.499841	0.114502	-0.504956	-0.862935	-0.019057
19986	9.826991	0.685750	-0.313494	-0.032258	-0.044847	0.013119	0.088945	-0.074517	0.993245	-0.858502	0.499891	0.114382	-0.505038	-0.862877	-0.019510
19987	9.827743	0.758257	-0.340432	-0.036886	-0.034195	0.011403	0.088607	-0.074765	0.993257	-0.858340	0.500205	0.114223	-0.505372	-0.862673	-0.019852
19988	9.856840	0.783261	-0.388196	-0.027692	-0.018760	0.007456	0.088303	-0.074929	0.993271	-0.858173	0.500531	0.114051	-0.505709	-0.862470	-0.020104
19989	9.786181	0.805748	-0.421806	-0.010758	-0.012398	0.003880	0.088139	-0.075027	0.993279	-0.858136	0.500614	0.113961	-0.505800	-0.862413	-0.020260
19990	9.721005	0.829348	-0.503782	0.004754	-0.013696	0.000165	0.088037	-0.075156	0.993278	-0.858243	0.500438	0.113934	-0.505637	-0.862504	-0.020445
19991	9.739005	0.853616	-0.453879	0.014149	-0.019668	-0.002405	0.087891	-0.075348	0.993276	-0.858327	0.500301	0.113901	-0.505520	-0.862567	-0.020701
19992	9.732079	0.901734	-0.407165	0.026438	-0.027155	-0.001766	0.087782	-0.075593	0.993267	-0.858585	0.499854	0.113921	-0.505100	-0.862805	-0.021025
19993	9.752816	0.926356	-0.382714	0.024829	-0.027186	-0.000328	0.087579	-0.075840	0.993266	-0.858725	0.499627	0.113865	-0.504898	-0.862914	-0.021369
19994	9.773582	0.950962	-0.357938	0.032429	-0.019437	-0.001373	0.087406	-0.076059	0.993265	-0.858950	0.499250	0.113816	-0.504545	-0.863113	-0.021694
19995	9.751303	0.975222	-0.387048	0.047875	-0.022275	-0.003582	0.087256	-0.076280	0.993261	-0.859203	0.498822	0.113788	-0.504140	-0.863341	-0.022014
19996	9.753898	0.975818	-0.413943	0.064782	-0.020510	-0.005678	0.087203	-0.076468	0.993251	-0.859610	0.498113	0.113818	-0.503455	-0.863734	-0.022296
19997	9.799543	0.977072	-0.386784	0.081668	-0.017216	-0.007768	0.087116	-0.076666	0.993244	-0.860028	0.497388	0.113823	-0.502754	-0.864134	-0.022604
19998	9.799407	0.977599	-0.388878	0.095425	-0.007848	-0.009999	0.087131	-0.076803	0.993232	-0.860596	0.496393	0.113880	-0.501780	-0.864694	-0.022846
19999	9.751440	0.952604	-0.395946	0.112248	0.000033	-0.012072	0.087167	-0.076874	0.993223	-0.861162	0.495400	0.113921	-0.500800	-0.865257	-0.023018
20000	9.708248	0.952657	-0.450828	0.130636	0.004879	-0.014079	0.087374	-0.076919	0.993201	-0.862031	0.493851	0.114082	-0.499268	-0.866138	-0.023157
20001	9.704753	0.977607	-0.427082	0.144389	0.008129	-0.014826	0.087476	-0.076933	0.993191	-0.862752	0.492575	0.114142	-0.498003	-0.866863	-0.023286
20002	9.692411	1.026441	-0.330687	0.158247	0.003742	-0.015598	0.087528	-0.077064	0.993177	-0.863625	0.491027	0.114211	-0.496478	-0.867729	-0.023576
20003	9.758892	1.053733	-0.274784	0.155349	0.011365	-0.020324	0.087693	-0.077076	0.993161	-0.864392	0.489649	0.114323	-0.495112	-0.868506	-0.023685
20004	9.677771	1.053037	-0.210629	0.155498	0.012909	-0.023371	0.087889	-0.077096	0.993142	-0.865183	0.488218	0.114465	-0.493695	-0.869310	-0.023793
20005	9.674815	1.055024	-0.186543	0.157127	0.017529	-0.026331	0.088136	-0.077083	0.993121	-0.865949	0.486818	0.114635	-0.492306	-0.870096	-0.023844
20006	9.629487	1.031649	-0.216022	0.166373	0.022255	-0.028869	0.088472	-0.077007	0.993097	-0.866771	0.485302	0.114850	-0.490796	-0.870949	-0.023812
20007	9.693067	1.060618	-0.134774	0.171051	0.020802	-0.030136	0.088769	-0.076984	0.993073	-0.867597	0.483775	0.115055	-0.489281	-0.871800	-0.023847
20008	9.714251	1.064364	-0.107414	0.168303	0.023821	-0.036410	0.089103	-0.077052	0.993038	-0.868514	0.482059	0.115334	-0.487589	-0.872744	-0.023968
20009	9.705670	1.067703	-0.034420	0.169658	0.017744	-0.031739	0.089398	-0.077062	0.993010	-0.869327	0.480539	0.115555	-0.486085	-0.873581	-0.024032
20010	9.750386	1.096438	-0.004937	0.166268	0.017717	-0.025819	0.089718	-0.077018	0.992985	-0.870236	0.478840	0.115767	-0.484397	-0.874517	-0.024063
20011	9.761893	1.148892	0.093788	0.160077	0.006947	-0.021547	0.089872	-0.077073	0.992967	-0.871005	0.477409	0.115890	-0.482983	-0.875294	-0.024225
20012	9.779482	1.273810	0.117993	0.156778	0.000815	-0.015595	0.089914	-0.077203	0.992953	-0.871814	0.475916	0.115947	-0.481513	-0.876096	-0.024515
20013	9.770811	1.373591	0.162975	0.144731	-0.008539	-0.016231	0.089947	-0.077367	0.992937	-0.872511	0.474621	0.116020	-0.480244	-0.876784	-0.024813
20014	9.780134	1.499164	0.257849	0.131075	-0.017913	-0.015420	0.089904	-0.077643	0.992919	-0.873208	0.473322	0.116077	-0.478983	-0.877461	-0.025245
20015	9.783980	1.549033	0.204679	0.115678	-0.024241	-0.011663	0.089823	-0.077924	0.992905	-0.873766	0.472284	0.116110	-0.477980	-0.877996	-0.025665
20016	9.704909	1.572861	0.240269	0.098758	-0.030593	-0.007986	0.089656	-0.078287	0.992891	-0.874313	0.471270	0.116107	-0.477009	-0.878508	-0.026195
20017	9.702915	1.549618	0.260164	0.072746	-0.040150	-0.004788	0.089439	-0.078675	0.992880	-0.874671	0.470613	0.116082	-0.476395	-0.878825	-0.026724
20018	9.661128	1.596309	0.175490	0.051485	-0.055756	-0.002797	0.089152	-0.079196	0.992865	-0.875005	0.469997	0.116058	-0.475834	-0.879108	-0.027396
20019	9.631545	1.596402	0.215205	0.028403	-0.057624	0.000520	0.088806	-0.079713	0.992854	-0.875155	0.469733	0.115992	-0.475622	-0.879202	-0.028046
20020	9.615505	1.594478	0.133625	0.013155	-0.062446	0.001244	0.088436	-0.080288	0.992841	-0.875301	0.469477	0.115931	-0.475423	-0.879287	-0.028757
20021	9.612178	1.619101	0.151507	-0.005257	-0.059678	0.001737	0.088070	-0.080818	0.992830	-0.875292	0.469510	0.115862	-0.475507	-0.879221	-0.029389
20022	9.664212	1.595818	0.127604	-0.032703	-0.058599	0.000226	0.087711	-0.081418	0.992813	-0.875260	0.469577	0.115834	-0.475633	-0.879129	-0.030075
20023	9.695375	1.546877	0.077932	-0.051352	-0.051224	0.003736	0.087367	-0.081864	0.992807	-0.875033	0.470017	0.115759	-0.476113	-0.878853	-0.030569
20024	9.699602	1.497394	0.050982	-0.071322	-0.040851	0.002572	0.087125	-0.082230	0.992798	-0.874848	0.470369	0.115733	-0.476498	-0.878630	-0.030957
20025	9.678462	1.398365	0.047249	-0.076351	-0.037817	0.009919	0.086791	-0.082528	0.992802	-0.874507	0.471033	0.115605	-0.477184	-0.878246	-0.031290
20026	9.657703	1.372036	0.018450	-0.076281	-0.031723	0.006822	0.086511	-0.082816	0.992803	-0.874253	0.471527	0.115514	-0.477700	-0.877954	-0.031610
20027	9.658542	1.347023	0.016756	-0.070105	-0.031632	0.005624	0.086244	-0.083081	0.992804	-0.873938	0.472133	0.115427	-0.478325	-0.877604	-0.031889
20028	9.656757	1.322390	0.039808	-0.062592	-0.019294	0.004418	0.086022	-0.083264	0.992808	-0.873719	0.472560	0.115336	-0.478764	-0.877357	-0.032099
20029	9.682919	1.347012	0.017186	-0.059523	-0.010093	0.001469	0.085893	-0.083359	0.992811	-0.873450	0.473068	0.115287	-0.479278	-0.877073	-0.032177
20030	9.659400	1.321850	0.015434	-0.065664	0.003546	-0.001994	0.085793	-0.083376	0.992818	-0.873137	0.473661	0.115229	-0.479866	-0.876752	-0.032161
20031	9.617114	1.368940	-0.061496	-0.070049	0.012613	-0.008391	0.085860	-0.083318	0.992817	-0.872808	0.474253	0.115281	-0.480452	-0.876437	-0.032001
20032	9.622925	1.345311	-0.107539	-0.078864	0.012443	-0.014975	0.086039	-0.083266	0.992806	-0.872540	0.474710	0.115430	-0.480906	-0.876195	-0.031809
20033	9.686892	1.347538	-0.245388	-0.097054	0.016725	-0.019025	0.086218	-0.083223	0.992794	-0.872072	0.475529	0.115596	-0.481723	-0.875755	-0.031577
20034	9.709034	1.326594	-0.214859	-0.116569	0.024025	-0.027744	0.086570	-0.083064	0.992777	-0.871527	0.476463	0.115862	-0.482645	-0.875262	-0.031145
20035	9.741640	1.305461	-0.280235	-0.129136	0.037593	-0.025413	0.086906	-0.082869	0.992764	-0.870896	0.477557	0.116101	-0.483722	-0.874684	-0.030668
20036	9.771677	1.284863	-0.320106	-0.142663	0.046532	-0.032284	0.087486	-0.082571	0.992738	-0.870377	0.478407	0.116495	-0.484552	-0.874247	-0.030014
20037	9.751359	1.238941	-0.339941	-0.151843	0.054028	-0.034328	0.087980	-0.082276	0.992719	-0.869625	0.479691	0.116827	-0.485810	-0.873572	-0.029346
20038	9.730333	1.217477	-0.359275	-0.159724	0.060025	-0.031712	0.088509	-0.081973	0.992697	-0.869001	0.480736	0.117177	-0.486830	-0.873026	-0.028685
20039	9.727534	1.220812	-0.326912	-0.161680	0.066119	-0.025712	0.088987	-0.081532	0.992690	-0.868206	0.482110	0.117425	-0.488160	-0.872309	-0.027885
20040	9.754092	1.151582	-0.315308	-0.161663	0.075299	-0.028770	0.089568	-0.081029	0.992679	-0.867495	0.483315	0.117725	-0.489316	-0.871689	-0.027003
20041	9.759478	1.154597	-0.354465	-0.163828	0.078319	-0.018191	0.090043	-0.080447	0.992683	-0.866692	0.484712	0.117896	-0.490650	-0.870966	-0.026078
20042	9.809715	1.109505	-0.338927	-0.159743	0.092144	-0.013356	0.090546	-0.079720	0.992696	-0.865963	0.485984	0.118014	-0.491843	-0.870324	-0.025030
20043	9.818110	1.112114	-0.400834	-0.154942	0.093773	-0.017670	0.091094	-0.079002	0.992704	-0.865200	0.487303	0.118175	-0.493083	-0.869652	-0.023962
20044	9.775056	1.039789	-0.419989	-0.150510	0.096907	-0.015881	0.091711	-0.078211	0.992709	-0.864574	0.488370	0.118350	-0.494065	-0.869125	-0.022830
20045	9.775294	1.041899	-0.409084	-0.136777	0.095613	-0.015102	0.092248	-0.077466	0.992718	-0.863900	0.489531	0.118477	-0.495144	-0.868538	-0.021764
20046	9.755774	0.994554	-0.425770	-0.123095	0.097375	-0.014304	0.092805	-0.076669	0.992728	-0.863303	0.490555	0.118591	-0.496080	-0.868031	-0.020663
20047	9.756062	0.996236	-0.415115	-0.106519	0.097638	-0.010280	0.093312	-0.075884	0.992741	-0.862781	0.491456	0.118662	-0.496893	-0.867590	-0.019612
20048	9.760072	0.973620	-0.428857	-0.091278	0.102489	-0.010885	0.093940	-0.075069	0.992744	-0.862528	0.491862	0.118812	-0.497212	-0.867431	-0.018544
20049	9.808022	1.001021	-0.411847	-0.082166	0.104174	-0.010335	0.094481	-0.074228	0.992756	-0.862126	0.492551	0.118877	-0.497807	-0.867112	-0.017457
20050	9.830497	0.978222	-0.374090	-0.079251	0.101148	-0.007125	0.095162	-0.073291	0.992760	-0.861971	0.492792	0.119006	-0.497946	-0.867055	-0.016279
20051	9.813318	0.954870	-0.414821	-0.073173	0.107380	-0.008243	0.095702	-0.072412	0.992773	-0.861615	0.493404	0.119047	-0.498458	-0.866781	-0.015171
20052	9.813686	0.955843	-0.403708	-0.061057	0.106043	-0.005987	0.096323	-0.071469	0.992781	-0.861429	0.493711	0.119121	-0.498660	-0.866685	-0.014009
20053	9.748680	1.004431	-0.474128	-0.042491	0.100261	-0.007950	0.096826	-0.070650	0.992791	-0.861226	0.494057	0.119153	-0.498913	-0.866554	-0.013009
20054	9.743024	1.004425	-0.415857	-0.024111	0.094450	-0.006858	0.097284	-0.069863	0.992802	-0.861179	0.494137	0.119159	-0.498905	-0.866573	-0.012093
20055	9.750246	0.981786	-0.455687	-0.013103	0.085485	-0.009301	0.097724	-0.069179	0.992806	-0.861122	0.494227	0.119200	-0.498918	-0.866576	-0.011274
20056	9.718844	0.931724	-0.378850	0.003807	0.076592	-0.008311	0.098170	-0.068508	0.992809	-0.861207	0.494067	0.119250	-0.498684	-0.866721	-0.010497
20057	9.767489	0.933722	-0.365586	0.011046	0.070535	-0.000257	0.098457	-0.067909	0.992821	-0.861279	0.493954	0.119199	-0.498503	-0.866832	-0.009855
20058	9.741793	0.982007	-0.361368	0.008441	0.067484	-0.006564	0.098824	-0.067380	0.992821	-0.861495	0.493564	0.119249	-0.498056	-0.867095	-0.009272
20059	9.758244	1.031098	-0.303046	0.011328	0.059851	-0.001853	0.099071	-0.066882	0.992830	-0.861567	0.493448	0.119214	-0.497883	-0.867200	-0.008736
20060	9.751272	1.054874	-0.249060	0.004001	0.049038	-0.003940	0.099392	-0.066449	0.992827	-0.861806	0.493016	0.119272	-0.497406	-0.867479	-0.008264
20061	9.792628	1.080183	-0.189705	-0.000699	0.039749	0.000271	0.099521	-0.066114	0.992837	-0.861819	0.493006	0.119217	-0.497356	-0.867510	-0.007914
20062	9.765349	1.079028	-0.165014	0.007191	0.035317	-0.002313	0.099708	-0.065821	0.992837	-0.861905	0.492852	0.119233	-0.497170	-0.867620	-0.007590
20063	9.761365	1.103229	-0.137240	0.019496	0.034005	-0.003054	0.099838	-0.065552	0.992842	-0.862016	0.492663	0.119210	-0.496951	-0.867748	-0.007321
20064	9.738046	1.078221	-0.138079	0.019559	0.024819	-0.001592	0.099838	-0.065428	0.992850	-0.862097	0.492537	0.119148	-0.496811	-0.867829	-0.007231
20065	9.762270	1.078980	-0.133111	0.028630	0.017301	0.002000	0.099841	-0.065279	0.992860	-0.862258	0.492272	0.119074	-0.496530	-0.867990	-0.007139
20066	9.802006	1.055167	-0.053066	0.029225	0.017380	-0.007137	0.100016	-0.065125	0.992852	-0.862570	0.491708	0.119145	-0.495953	-0.868321	-0.006996
20067	9.759941	1.054639	-0.106788	0.037971	0.011353	0.001037	0.099997	-0.065033	0.992860	-0.862777	0.491362	0.119080	-0.495598	-0.868524	-0.006974
20068	9.784154	1.055304	-0.103132	0.041097	0.006818	0.001208	0.100153	-0.064874	0.992855	-0.863274	0.490475	0.119130	-0.494699	-0.869037	-0.006882
20069	9.752785	1.077793	-0.057622	0.040979	0.002208	0.004227	0.100061	-0.064846	0.992866	-0.863498	0.490104	0.119033	-0.494326	-0.869249	-0.006954
20070	9.693198	1.123403	0.008975	0.031845	0.002054	0.003628	0.099944	-0.064893	0.992875	-0.863693	0.489780	0.118952	-0.494009	-0.869428	-0.007097
20071	9.656955	1.194198	0.079031	0.017971	0.000272	0.005766	0.099830	-0.064874	0.992887	-0.863805	0.489609	0.118842	-0.493837	-0.869525	-0.007161
20072	9.645734	1.241674	0.152150	0.000073	0.001541	-0.001515	0.099886	-0.064805	0.992886	-0.863938	0.489373	0.118855	-0.493594	-0.869664	-0.007106
20073	9.619808	1.289773	0.149602	-0.019765	-0.001861	-0.001306	0.099823	-0.064839	0.992890	-0.863856	0.489526	0.118817	-0.493749	-0.869575	-0.007146
20074	9.612565	1.313613	0.198527	-0.036439	-0.000602	-0.003919	0.099875	-0.064814	0.992887	-0.863841	0.489544	0.118851	-0.493765	-0.869566	-0.007096
20075	9.661706	1.291489	0.205374	-0.055913	0.003702	-0.011282	0.099925	-0.064849	0.992879	-0.863571	0.490005	0.118916	-0.494227	-0.869304	-0.007038
20076	9.737265	1.295585	0.191988	-0.072389	0.004988	-0.016940	0.099981	-0.064960	0.992867	-0.863191	0.490648	0.119024	-0.494880	-0.868933	-0.007018
20077	9.791171	1.226153	0.175086	-0.086028	0.012430	-0.020837	0.100156	-0.064966	0.992849	-0.862761	0.491364	0.119185	-0.495593	-0.868528	-0.006837
20078	9.822322	1.205338	0.132124	-0.102956	0.016723	-0.020385	0.100453	-0.064855	0.992826	-0.862402	0.491944	0.119393	-0.496158	-0.868208	-0.006514
20079	9.844807	1.158775	0.162099	-0.112229	0.024217	-0.020932	0.100688	-0.064759	0.992808	-0.861841	0.492886	0.119556	-0.497084	-0.867681	-0.006185
20080	9.852665	1.112971	0.117009	-0.119880	0.031753	-0.022898	0.101007	-0.064657	0.992782	-0.861365	0.493661	0.119787	-0.497843	-0.867248	-0.005830
20081	9.783916	1.088634	0.087281	-0.106335	0.035032	-0.020445	0.101292	-0.064465	0.992766	-0.860832	0.494551	0.119945	-0.498706	-0.866754	-0.005399
20082	9.746689	1.042016	0.011683	-0.084564	0.032409	-0.025150	0.101597	-0.064368	0.992741	-0.860534	0.495017	0.120163	-0.499158	-0.866496	-0.005099
20083	9.755173	1.070581	-0.056731	-0.058499	0.028285	-0.024995	0.101887	-0.064258	0.992718	-0.860235	0.495489	0.120363	-0.499615	-0.866234	-0.004793
20084	9.738104	1.048865	-0.105987	-0.038639	0.019435	-0.022242	0.102161	-0.064206	0.992694	-0.860174	0.495543	0.120574	-0.499664	-0.866207	-0.004603
20085	9.717867	1.026230	-0.131984	-0.021981	0.013572	-0.018139	0.102319	-0.064189	0.992678	-0.860064	0.495703	0.120704	-0.499821	-0.866117	-0.004487
20086	9.720935	1.028501	-0.155063	-0.008237	0.006146	-0.015776	0.102445	-0.064163	0.992667	-0.860062	0.495682	0.120799	-0.499798	-0.866131	-0.004404
20087	9.737600	1.053857	-0.102707	-0.008368	-0.003084	-0.011300	0.102462	-0.064257	0.992659	-0.860027	0.495728	0.120861	-0.499855	-0.866097	-0.004469
20088	9.759827	1.104453	-0.098914	-0.008484	-0.007709	-0.008301	0.102606	-0.064234	0.992646	-0.860193	0.495412	0.120973	-0.499540	-0.866280	-0.004421
20089	9.724059	1.151000	-0.029713	-0.007293	-0.016951	-0.000678	0.102462	-0.064395	0.992650	-0.860174	0.495457	0.120929	-0.499602	-0.866243	-0.004625
20090	9.715737	1.198785	0.017965	-0.010078	-0.020024	-0.003958	0.102365	-0.064584	0.992648	-0.860122	0.495545	0.120940	-0.499712	-0.866178	-0.004824
20091	9.789192	1.177137	0.025431	0.003363	-0.016764	0.000032	0.102216	-0.064740	0.992653	-0.860156	0.495497	0.120888	-0.499683	-0.866194	-0.005039
20092	9.759927	1.224633	0.045856	0.017280	-0.011880	-0.003578	0.102165	-0.064849	0.992651	-0.860317	0.495216	0.120897	-0.499417	-0.866346	-0.005197
20093	9.742098	1.225558	-0.007083	0.022120	-0.010213	-0.007827	0.102116	-0.064988	0.992647	-0.860437	0.495001	0.120922	-0.499220	-0.866459	-0.005370
20094	9.714600	1.224932	0.012842	0.022133	-0.005608	-0.009304	0.102112	-0.065104	0.992640	-0.860586	0.494729	0.120975	-0.498963	-0.866606	-0.005510
20095	9.722737	1.178459	-0.037186	0.025421	-0.002440	-0.013640	0.102152	-0.065204	0.992630	-0.860717	0.494480	0.121058	-0.498729	-0.866740	-0.005610
20096	9.728994	1.180885	-0.086337	0.025408	-0.007045	-0.012162	0.102313	-0.065246	0.992610	-0.861099	0.493777	0.121215	-0.498037	-0.867137	-0.005664
20097	9.706910	1.206300	-0.114053	0.025521	-0.002421	-0.015163	0.102367	-0.065353	0.992598	-0.861229	0.493527	0.121313	-0.497802	-0.867272	-0.005763
20098	9.681647	1.230865	-0.117476	0.032660	-0.003904	-0.007059	0.102438	-0.065349	0.992591	-0.861607	0.492852	0.121368	-0.497132	-0.867656	-0.005818
20099	9.679690	1.280146	-0.117430	0.032489	-0.005469	-0.004028	0.102381	-0.065427	0.992591	-0.861782	0.492549	0.121355	-0.496839	-0.867822	-0.005956
20100	9.686043	1.281579	-0.166578	0.024718	-0.002566	-0.002982	0.102362	-0.065503	0.992588	-0.862040	0.492093	0.121373	-0.496396	-0.868075	-0.006094
20101	9.652582	1.353037	-0.120464	0.017047	0.000355	-0.003459	0.102329	-0.065528	0.992590	-0.862139	0.491924	0.121356	-0.496231	-0.868169	-0.006156
20102	9.651617	1.377557	-0.120246	0.007641	-0.001391	0.000491	0.102237	-0.065568	0.992597	-0.862214	0.491807	0.121295	-0.496119	-0.868232	-0.006252
20103	9.652572	1.353081	-0.120773	-0.004667	-0.000100	0.001220	0.102162	-0.065574	0.992604	-0.862210	0.491829	0.121233	-0.496141	-0.868219	-0.006292
20104	9.699640	1.305423	-0.090821	-0.015354	0.001236	0.000528	0.102138	-0.065537	0.992609	-0.862242	0.491784	0.121193	-0.496092	-0.868247	-0.006279
20105	9.703800	1.281520	-0.114931	-0.026170	0.004084	0.001372	0.102081	-0.065506	0.992617	-0.862131	0.491993	0.121130	-0.496295	-0.868131	-0.006251
20106	9.754076	1.234428	-0.108291	-0.038467	0.009981	0.000621	0.102080	-0.065434	0.992622	-0.861979	0.492268	0.121095	-0.496560	-0.867981	-0.006152
20107	9.738222	1.185766	-0.159602	-0.038579	0.005358	0.003623	0.102011	-0.065381	0.992632	-0.861809	0.492586	0.121011	-0.496869	-0.867804	-0.006096
20108	9.771700	1.114349	-0.205045	-0.038638	0.008417	0.003652	0.102013	-0.065238	0.992642	-0.861740	0.492724	0.120943	-0.496988	-0.867737	-0.005954
20109	9.769492	1.089038	-0.180199	-0.027952	0.007079	0.004345	0.101946	-0.065166	0.992653	-0.861624	0.492950	0.120850	-0.497203	-0.867614	-0.005894
20110	9.715730	1.061084	-0.137788	-0.022164	0.007132	0.009318	0.101951	-0.065025	0.992662	-0.861788	0.492680	0.120783	-0.496918	-0.867778	-0.005808
20111	9.709384	1.059241	-0.088754	-0.007972	0.002865	0.004092	0.101865	-0.064991	0.992673	-0.861771	0.492732	0.120692	-0.496965	-0.867751	-0.005815
20112	9.697926	1.105738	-0.015129	-0.007956	-0.003269	0.005554	0.101707	-0.065029	0.992687	-0.861751	0.492795	0.120574	-0.497032	-0.867712	-0.005918
20113	9.722175	1.106025	-0.012407	0.004311	-0.007640	0.006318	0.101550	-0.065075	0.992700	-0.861797	0.492742	0.120460	-0.496984	-0.867739	-0.006044
20114	9.720367	1.154281	-0.012124	-0.000185	-0.006173	0.004507	0.101524	-0.065064	0.992703	-0.862049	0.492309	0.120429	-0.496552	-0.867986	-0.006107
20115	9.724574	1.129905	-0.037867	0.002835	-0.015330	0.007663	0.101318	-0.065170	0.992717	-0.862090	0.492269	0.120302	-0.496524	-0.868000	-0.006307
