// General information: 
//  MT Manager version: 2022.2.0 
//  XDA version: 2022.2.0 build 7381 rev 124627 built on 2023-07-19
// Device information: 
//  DeviceId: 00B4CB9F
//  ProductCode: MTW2-3A7G6
//  Firmware Version: 4.6.0
//  Hardware Version: 2.0.0
// Device settings: 
//  Filter Profile: human(46.1)
//  Option Flags: Orientation Smoother Disabled, Position/Velocity Smoother Disabled, Continuous Zero Rotation Update Disabled, AHS Disabled, ICC Disabled
// Coordinate system: ENU
PacketCounter	Acc_X	Acc_Y	Acc_Z	Gyr_X	Gyr_Y	Gyr_Z	Mat[1][1]	Mat[2][1]	Mat[3][1]	Mat[1][2]	Mat[2][2]	Mat[3][2]	Mat[1][3]	Mat[2][3]	Mat[3][3]
62248	9.870612	0.541804	2.269424	0.084692	1.435826	-0.101569	-0.214435	-0.080320	0.973430	0.297607	-0.954597	-0.013207	0.930294	0.286868	0.228602
62249	10.012512	1.093915	1.924914	-0.058621	1.256674	-0.103348	-0.226381	-0.082951	0.970500	0.296856	-0.954842	-0.012368	0.927701	0.285299	0.240783
62250	9.987127	0.975581	1.170986	-0.401659	1.084655	-0.103944	-0.236671	-0.085052	0.967860	0.292940	-0.956051	-0.012382	0.926376	0.280595	0.251185
62251	9.630396	0.109490	0.482493	-0.821176	0.936690	-0.098520	-0.245596	-0.086722	0.965485	0.285125	-0.958395	-0.013556	0.926491	0.271954	0.260105
62252	9.177428	-1.188524	-0.440934	-1.099901	0.810210	-0.066800	-0.253223	-0.088265	0.963373	0.274811	-0.961368	-0.015847	0.927554	0.260733	0.267696
62253	8.956931	-2.164160	-1.015045	-1.094748	0.703713	-0.030753	-0.259794	-0.089799	0.961480	0.264616	-0.964175	-0.018551	0.928701	0.249603	0.274249
62254	9.172414	-2.364574	-1.314898	-0.811560	0.638541	0.003798	-0.265645	-0.091431	0.959726	0.257137	-0.966150	-0.020869	0.929147	0.241237	0.280163
62255	9.275321	-2.159090	-1.465926	-0.414941	0.617849	0.060071	-0.271188	-0.093535	0.957971	0.253504	-0.967069	-0.022660	0.928543	0.236705	0.285969
62256	9.181853	-1.742780	-0.899027	-0.085650	0.612339	0.140999	-0.276442	-0.096373	0.956186	0.253146	-0.967123	-0.024288	0.927091	0.235341	0.291750
62257	8.956379	-1.335686	0.002457	0.056364	0.631047	0.204748	-0.281720	-0.099888	0.954283	0.254304	-0.966772	-0.026120	0.925183	0.235319	0.297761
62258	8.591242	-1.135278	0.697600	0.034132	0.634972	0.247807	-0.286887	-0.103805	0.952324	0.255375	-0.966425	-0.028411	0.923298	0.235049	0.303764
62259	8.281308	-0.928873	0.974922	-0.030172	0.590549	0.272323	-0.291591	-0.107873	0.950441	0.255948	-0.966189	-0.031136	0.921664	0.234185	0.309342
62260	8.212375	-0.915473	0.813946	-0.052007	0.516455	0.295752	-0.295520	-0.111965	0.948753	0.256389	-0.965971	-0.034137	0.920290	0.233161	0.314170
62261	8.335138	-0.951747	0.873016	-0.002218	0.488125	0.286471	-0.299224	-0.115919	0.947115	0.257284	-0.965631	-0.036901	0.918842	0.232636	0.318764
62262	8.251684	-0.663329	1.013550	0.046084	0.449743	0.252685	-0.302632	-0.119434	0.945595	0.258519	-0.965211	-0.039174	0.917378	0.232599	0.322979
62263	7.987878	-0.479786	1.399708	0.098054	0.415771	0.235611	-0.305782	-0.122726	0.944159	0.260198	-0.964679	-0.041123	0.915857	0.233094	0.326915
62264	7.651580	-0.232873	1.891918	0.215222	0.391962	0.256236	-0.308628	-0.126142	0.942781	0.263006	-0.963842	-0.042862	0.914099	0.234729	0.330645
62265	7.170122	0.130747	2.103675	0.318295	0.334349	0.297247	-0.310844	-0.129844	0.941550	0.266897	-0.962690	-0.044646	0.912218	0.237419	0.333901
62266	6.949960	0.249298	1.537227	0.253849	0.157543	0.328475	-0.311328	-0.133409	0.940892	0.270285	-0.961637	-0.046917	0.911055	0.239702	0.335443
62267	7.601176	0.141490	1.250919	0.122188	-0.034997	0.328089	-0.310068	-0.136528	0.940860	0.272481	-0.960880	-0.049635	0.910830	0.240976	0.335139
62268	8.523521	-0.299145	1.431676	0.019281	-0.147247	0.305250	-0.307823	-0.139133	0.941216	0.273651	-0.960397	-0.052471	0.911241	0.241413	0.333706
62269	9.193748	-0.651222	2.031395	-0.043668	-0.165282	0.294733	-0.305458	-0.141612	0.941616	0.274220	-0.960068	-0.055431	0.911866	0.241278	0.332093
62270	9.647640	-0.708817	3.025573	-0.055113	-0.155011	0.304300	-0.303138	-0.144188	0.941975	0.274694	-0.959750	-0.058509	0.912497	0.241019	0.330544
62271	10.069090	-0.558533	4.079804	-0.021954	-0.106127	0.308876	-0.301268	-0.146944	0.942149	0.275490	-0.959333	-0.061531	0.912876	0.241015	0.329498
62272	10.589476	-0.319601	5.156804	0.226109	0.080536	0.275301	-0.301170	-0.149806	0.941730	0.278434	-0.958360	-0.063407	0.912015	0.243113	0.330341
62273	9.963882	0.386109	6.852558	0.538077	0.330925	0.227650	-0.303492	-0.152846	0.940495	0.284085	-0.956674	-0.063803	0.909499	0.247817	0.333764
62274	8.323865	0.926590	7.141136	0.297780	0.229424	0.250105	-0.304792	-0.155836	0.939584	0.287603	-0.955529	-0.065185	0.907957	0.250359	0.336056
62275	8.187909	1.757063	6.607193	-0.064587	0.001766	0.256818	-0.304018	-0.158342	0.939415	0.287863	-0.955265	-0.067854	0.908135	0.249794	0.335998
62276	8.406353	2.389917	5.411532	-0.487559	-0.128001	0.259810	-0.302041	-0.160535	0.939681	0.284269	-0.956040	-0.071958	0.909925	0.245388	0.334398
62277	7.770090	1.986336	3.228909	-1.025777	-0.276006	0.283734	-0.298680	-0.162634	0.940394	0.275833	-0.958029	-0.078076	0.913623	0.236072	0.331004
62278	7.172605	0.830177	2.116821	-1.512227	-0.420083	0.366852	-0.293772	-0.165220	0.941488	0.263115	-0.960877	-0.086523	0.918950	0.222301	0.325751
62279	6.776317	-0.507611	1.378249	-1.936845	-0.483106	0.397614	-0.288255	-0.168065	0.942689	0.246477	-0.964327	-0.096555	0.925288	0.204519	0.319396
62280	5.946069	-1.988634	0.803836	-2.033507	-0.550054	0.410508	-0.282103	-0.170988	0.944024	0.228817	-0.967585	-0.106878	0.931698	0.185858	0.312083
62281	5.564933	-3.480421	0.387717	-1.667787	-0.723824	0.412976	-0.274374	-0.173748	0.945796	0.214445	-0.969829	-0.115953	0.937407	0.171007	0.303356
62282	6.137015	-3.914864	-0.236021	-1.160324	-0.869612	0.311219	-0.265481	-0.175357	0.948035	0.204432	-0.971199	-0.122394	0.942193	0.161315	0.293683
62283	6.495562	-3.288347	-0.089415	-0.656797	-0.946613	0.172221	-0.256148	-0.175578	0.950558	0.198745	-0.971922	-0.125968	0.945986	0.156652	0.283851
62284	7.517786	-2.091566	1.291529	-0.132742	-1.026663	0.046791	-0.246259	-0.174456	0.953374	0.197655	-0.972034	-0.126815	0.948835	0.157210	0.273854
62285	9.546976	-0.976393	4.303478	0.390452	-0.897480	-0.061340	-0.237810	-0.172478	0.955875	0.201278	-0.971497	-0.125221	0.950228	0.162618	0.265748
62286	8.670905	-1.330855	3.733736	0.396088	-0.981616	-0.010122	-0.228426	-0.170789	0.958464	0.205071	-0.970845	-0.124122	0.951718	0.168200	0.256790
62287	11.740274	-1.047628	4.763636	0.151730	-1.114546	0.006219	-0.217744	-0.169008	0.961262	0.206594	-0.970557	-0.123845	0.953890	0.171624	0.246249
62288	15.507936	-2.794251	10.060241	-0.082069	-0.701860	0.047805	-0.210875	-0.168299	0.962916	0.205962	-0.970603	-0.124538	0.955569	0.172062	0.239339
62289	14.613418	-4.440790	11.619802	0.142658	-0.524817	0.289246	-0.205211	-0.170249	0.963797	0.207991	-0.969847	-0.127033	0.956362	0.174393	0.234433
62290	11.971967	-1.603383	7.193366	0.446388	-0.798894	0.423576	-0.196606	-0.172970	0.965105	0.213161	-0.968313	-0.130121	0.957031	0.180141	0.227246
62291	10.498832	1.759812	4.368651	0.795864	-0.910817	0.327427	-0.187130	-0.174507	0.966711	0.221471	-0.966253	-0.131553	0.957044	0.189481	0.219463
62292	8.902634	4.645630	2.623915	0.878859	-0.957600	0.136335	-0.177588	-0.173991	0.968602	0.230178	-0.964289	-0.131015	0.956808	0.199684	0.211295
62293	9.267238	5.228634	0.962204	0.216521	-0.978767	0.017368	-0.168130	-0.172235	0.970601	0.232346	-0.963801	-0.130781	0.957991	0.203527	0.202062
62294	9.645086	2.998418	-0.229726	-0.737018	-0.943484	-0.014996	-0.159040	-0.170227	0.972486	0.225296	-0.965290	-0.132122	0.961222	0.198084	0.191871
62295	10.321674	-0.408122	-1.060671	-1.114830	-0.876191	0.026221	-0.150497	-0.168833	0.974087	0.214663	-0.967382	-0.134505	0.965024	0.188858	0.181830
62296	10.313441	-2.833347	-1.057481	-0.949627	-0.877258	0.123545	-0.141686	-0.168438	0.975476	0.205710	-0.968916	-0.137426	0.968302	0.181194	0.171931
62297	10.510602	-3.144193	-0.377766	-0.608044	-0.883685	0.194380	-0.132677	-0.168788	0.976682	0.200145	-0.969657	-0.140385	0.970741	0.176852	0.162433
62298	10.062765	-2.088040	0.966315	-0.336071	-0.797757	0.180026	-0.124498	-0.169163	0.977693	0.197157	-0.969929	-0.142714	0.972435	0.174992	0.154106
62299	9.849905	-2.192801	1.618559	-0.325996	-0.713308	0.132482	-0.117249	-0.169256	0.978573	0.194207	-0.970252	-0.144547	0.973928	0.173097	0.146632
62300	10.108086	-2.898151	1.919814	-0.215124	-0.636491	0.053241	-0.110873	-0.168706	0.979411	0.192216	-0.970519	-0.145415	0.975069	0.172136	0.140033
62301	9.946008	-3.681608	1.529899	0.030321	-0.583230	-0.020940	-0.105177	-0.167544	0.980238	0.192551	-0.970482	-0.145217	0.975634	0.173472	0.134334
62302	9.527807	-2.992398	1.160950	0.225451	-0.607374	-0.007097	-0.099194	-0.166445	0.981049	0.194789	-0.970085	-0.144889	0.975817	0.176725	0.128649
62303	9.498693	-2.557166	0.839653	0.281684	-0.587058	0.009098	-0.093400	-0.165534	0.981771	0.197607	-0.969547	-0.144674	0.975822	0.180492	0.123266
62304	9.426758	-2.305182	0.733425	0.295102	-0.578524	0.042515	-0.087599	-0.164923	0.982409	0.200569	-0.968923	-0.144775	0.975755	0.184359	0.117955
62305	9.304699	-1.939168	0.535827	0.232342	-0.591083	0.085142	-0.081611	-0.164697	0.982962	0.202968	-0.968331	-0.145394	0.975778	0.187644	0.112455
62306	9.347063	-1.886356	0.510342	0.192328	-0.560899	0.107022	-0.075849	-0.164704	0.983422	0.204973	-0.967776	-0.146275	0.975824	0.190480	0.107165
62307	9.352486	-1.662663	0.765343	0.267406	-0.538611	0.111107	-0.070315	-0.164793	0.983819	0.207723	-0.967058	-0.147139	0.975657	0.194015	0.102230
62308	9.513453	-1.182607	1.189896	0.358522	-0.526534	0.094343	-0.064910	-0.164703	0.984205	0.211327	-0.966184	-0.147749	0.975258	0.198399	0.097521
62309	9.972962	-0.734775	1.855369	0.440144	-0.510953	0.073888	-0.059722	-0.164437	0.984578	0.215723	-0.965157	-0.148108	0.974627	0.203551	0.093114
62310	9.859259	-0.296576	2.100013	0.359854	-0.493085	0.071401	-0.054690	-0.164142	0.984919	0.219313	-0.964283	-0.148525	0.974121	0.207883	0.088735
62311	9.645420	-0.392102	1.898036	0.135870	-0.522694	0.077034	-0.049380	-0.163839	0.985250	0.220735	-0.963852	-0.149218	0.974083	0.210111	0.083760
62312	9.862939	-1.105973	2.081582	-0.022227	-0.512177	0.066186	-0.044173	-0.163429	0.985566	0.220592	-0.963774	-0.149929	0.974365	0.210785	0.078624
62313	9.930487	-1.669828	2.134740	-0.089968	-0.502458	0.040639	-0.039138	-0.162808	0.985881	0.219790	-0.963876	-0.150449	0.974762	0.210799	0.073508
62314	9.746352	-1.933886	2.590967	-0.150193	-0.467028	0.028278	-0.034451	-0.162128	0.986168	0.218378	-0.964130	-0.150876	0.975256	0.210160	0.068620
62315	9.429195	-2.548761	3.082343	-0.252567	-0.402568	0.040355	-0.030388	-0.161721	0.986368	0.215986	-0.964572	-0.151494	0.975924	0.208438	0.064241
62316	9.164211	-3.678875	2.743853	-0.291378	-0.368724	0.049380	-0.026611	-0.161464	0.986520	0.213197	-0.965081	-0.152204	0.976647	0.206273	0.060105
62317	8.880924	-4.022102	1.568023	-0.230039	-0.388183	0.069282	-0.022624	-0.161382	0.986633	0.211025	-0.965421	-0.153074	0.977219	0.204741	0.055898
62318	9.126832	-3.975407	1.129950	-0.012767	-0.401845	0.083636	-0.018450	-0.161396	0.986717	0.210959	-0.965296	-0.153948	0.977321	0.205317	0.051857
62319	9.274022	-3.437587	1.045513	0.212598	-0.425192	0.081834	-0.014074	-0.161356	0.986796	0.213108	-0.964703	-0.154704	0.976927	0.208117	0.047964
62320	9.485675	-2.538376	0.792198	0.407644	-0.446917	0.037989	-0.009557	-0.160812	0.986939	0.217134	-0.963768	-0.154934	0.976095	0.212817	0.044128
62321	9.710428	-1.519998	1.076868	0.507203	-0.434610	-0.022592	-0.005319	-0.159705	0.987150	0.222138	-0.962688	-0.154551	0.975001	0.218462	0.040598
62322	9.231395	-0.981361	1.170667	0.535692	-0.458648	-0.024415	-0.000834	-0.158484	0.987361	0.227398	-0.961525	-0.154145	0.973802	0.224395	0.036840
62323	9.458137	-0.822927	1.150639	0.464332	-0.486444	-0.044270	0.003846	-0.157002	0.987591	0.231975	-0.960518	-0.153602	0.972714	0.229687	0.032726
62324	9.538902	-1.097370	1.092908	0.353822	-0.499927	-0.058970	0.008641	-0.155306	0.987829	0.235458	-0.959773	-0.152955	0.971846	0.233914	0.028274
62325	9.552758	-1.550004	1.167477	0.258800	-0.502225	-0.055322	0.013437	-0.153639	0.988036	0.238036	-0.959226	-0.152396	0.971163	0.237236	0.023683
62326	9.558164	-1.786110	1.021882	0.189539	-0.525631	-0.039522	0.018517	-0.152034	0.988202	0.239922	-0.958817	-0.152009	0.970616	0.239906	0.018721
62327	9.555488	-1.888885	1.000406	0.193372	-0.537202	-0.040007	0.023681	-0.150400	0.988342	0.241863	-0.958388	-0.151637	0.970021	0.242634	0.013681
62328	9.284416	-1.398101	1.075785	0.176442	-0.538397	-0.028429	0.028905	-0.148843	0.988438	0.243621	-0.957984	-0.151381	0.969440	0.245180	0.008571
62329	9.467398	-0.919125	1.068427	0.045934	-0.566906	-0.031456	0.034370	-0.147193	0.988510	0.244132	-0.957894	-0.151123	0.969133	0.246521	0.003012
62330	9.753679	-1.041639	0.739823	-0.063526	-0.548562	-0.055900	0.039622	-0.145333	0.988589	0.243576	-0.958116	-0.150615	0.969072	0.246764	-0.002563
62331	9.415243	-1.085965	0.151031	-0.196173	-0.614500	-0.049014	0.045505	-0.143395	0.988619	0.241751	-0.958647	-0.150175	0.969271	0.245834	-0.008957
62332	9.343323	-1.676987	0.077637	-0.239972	-0.635987	-0.070542	0.051572	-0.141187	0.988639	0.239497	-0.959319	-0.149493	0.969526	0.244486	-0.015660
62333	9.507036	-2.238719	-0.672360	-0.194533	-0.691412	-0.099220	0.058085	-0.138593	0.988645	0.237721	-0.959910	-0.148531	0.969595	0.243649	-0.022810
62334	9.891563	-2.155776	-1.651436	-0.066494	-0.782001	-0.111792	0.065472	-0.135640	0.988592	0.237183	-0.960209	-0.147454	0.969256	0.244131	-0.030696
62335	9.808657	-1.741885	-2.312550	0.070648	-0.821230	-0.097176	0.073245	-0.132740	0.988441	0.237989	-0.960144	-0.146576	0.968502	0.245974	-0.038735
62336	10.291421	-0.717091	-2.002442	0.172633	-0.855811	-0.087884	0.081390	-0.129807	0.988193	0.239764	-0.959816	-0.145827	0.967413	0.248803	-0.046997
62337	10.118325	-0.076828	-1.021078	0.173956	-0.862745	-0.072049	0.089605	-0.127002	0.987847	0.241561	-0.959451	-0.145262	0.966240	0.251641	-0.055293
62338	9.905843	-0.301517	-0.228925	0.059284	-0.888262	-0.055938	0.098120	-0.124249	0.987388	0.242222	-0.959356	-0.144792	0.965247	0.253374	-0.064036
62339	9.811795	-0.942953	0.184131	-0.122884	-0.903809	-0.053832	0.106758	-0.121486	0.986835	0.241143	-0.959712	-0.144235	0.964600	0.253367	-0.073161
62340	10.065613	-1.472644	0.453384	-0.297609	-0.909832	-0.042781	0.115502	-0.118806	0.986177	0.238355	-0.960499	-0.143629	0.964285	0.251650	-0.082622
62341	10.030526	-1.943004	0.695025	-0.438585	-0.875739	-0.009159	0.123971	-0.116571	0.985415	0.234189	-0.961585	-0.143214	0.964255	0.248527	-0.091909
62342	9.799339	-2.631732	0.835739	-0.554333	-0.861166	0.034804	0.132427	-0.114812	0.984521	0.228832	-0.962895	-0.143070	0.964416	0.244237	-0.101241
62343	9.741981	-3.254474	1.178840	-0.562140	-0.826994	0.070767	0.140609	-0.113537	0.983534	0.223365	-0.964154	-0.143232	0.964540	0.239827	-0.110208
62344	9.995956	-3.123993	1.651556	-0.476368	-0.742713	0.074984	0.148009	-0.112521	0.982564	0.218696	-0.965188	-0.143474	0.964503	0.236118	-0.118249
62345	10.041352	-2.404308	1.758115	-0.440190	-0.607244	0.042269	0.154001	-0.111552	0.981753	0.214437	-0.966151	-0.143416	0.964521	0.232611	-0.124868
62346	9.834378	-1.633716	1.400734	-0.570069	-0.499048	-0.011693	0.158862	-0.110319	0.981118	0.208989	-0.967462	-0.142623	0.964928	0.227700	-0.130637
62347	9.769445	-1.124250	1.027901	-0.711012	-0.447687	-0.065821	0.163090	-0.108723	0.980602	0.202283	-0.969110	-0.141092	0.965652	0.221370	-0.136059
62348	9.350206	-0.881719	1.050353	-0.852559	-0.426035	-0.100879	0.167076	-0.106848	0.980137	0.194245	-0.971059	-0.138970	0.966620	0.213605	-0.141486
62349	9.221421	-0.946920	1.172285	-0.958163	-0.430351	-0.118508	0.171054	-0.104843	0.979667	0.185230	-0.973170	-0.136490	0.967693	0.204811	-0.147045
62350	9.762188	-1.452640	1.063564	-1.072330	-0.426341	-0.110839	0.175052	-0.102943	0.979163	0.175071	-0.975415	-0.133847	0.968869	0.194853	-0.152726
62351	10.256288	-1.915717	0.830921	-1.099542	-0.381259	-0.079890	0.178651	-0.101488	0.978664	0.164605	-0.977565	-0.131422	0.970046	0.184571	-0.157938
62352	10.375868	-2.365450	0.486942	-1.061647	-0.328468	-0.053216	0.181823	-0.100410	0.978191	0.154428	-0.979513	-0.129251	0.971129	0.174561	-0.162592
62353	10.080999	-2.636853	-0.008141	-0.881201	-0.259547	-0.050082	0.184307	-0.099528	0.977817	0.146011	-0.981048	-0.127378	0.971963	0.166249	-0.166282
62354	9.444126	-2.377000	-0.711087	-0.596883	-0.245394	-0.071862	0.186657	-0.098455	0.977479	0.140373	-0.982084	-0.125724	0.972345	0.160679	-0.169493
62355	9.868134	-1.909807	-1.087002	-0.384879	-0.332781	-0.126238	0.189754	-0.096738	0.977054	0.136921	-0.982803	-0.123898	0.972238	0.157290	-0.173246
62356	10.181426	-1.431182	-1.504761	-0.260925	-0.389165	-0.202382	0.193330	-0.094175	0.976604	0.134804	-0.983393	-0.121515	0.971829	0.155143	-0.177424
62357	9.856767	-1.414647	-1.564876	-0.214168	-0.455854	-0.270558	0.197432	-0.090862	0.976097	0.133304	-0.983959	-0.118556	0.971211	0.153524	-0.182152
62358	10.333116	-2.075486	-1.220407	-0.214438	-0.530748	-0.326064	0.202219	-0.086877	0.975479	0.131905	-0.984566	-0.115030	0.970417	0.151932	-0.187639
62359	10.975440	-2.767580	-0.895479	-0.157773	-0.477510	-0.334853	0.206447	-0.082908	0.974939	0.131110	-0.985074	-0.111533	0.969634	0.150850	-0.192495
62360	11.354814	-3.128973	-0.528188	-0.043326	-0.340708	-0.304695	0.209416	-0.079428	0.974595	0.131354	-0.985377	-0.108531	0.968964	0.150745	-0.195921
62361	11.537534	-3.067635	-0.146070	0.079559	-0.149661	-0.273076	0.210540	-0.076564	0.974582	0.132749	-0.985455	-0.106096	0.968530	0.151713	-0.197314
62362	11.451110	-2.662416	0.483699	0.156177	0.046081	-0.243574	0.209835	-0.074268	0.974912	0.134804	-0.985391	-0.104081	0.968399	0.153262	-0.196758
62363	11.342982	-2.110234	1.368517	0.154399	0.224728	-0.227587	0.207384	-0.072426	0.975575	0.136826	-0.985305	-0.102234	0.968644	0.154686	-0.194427
62364	11.057089	-1.446158	2.428036	0.114806	0.427612	-0.221345	0.203003	-0.070943	0.976605	0.138423	-0.985276	-0.100346	0.969344	0.155555	-0.190194
62365	10.801215	-0.617299	3.451286	0.057181	0.602419	-0.223940	0.196882	-0.069728	0.977945	0.139478	-0.985330	-0.098335	0.970455	0.155763	-0.184268
62366	10.930263	0.389619	4.619369	-0.035607	0.795829	-0.249908	0.188871	-0.068536	0.979607	0.139646	-0.985549	-0.095876	0.972022	0.154907	-0.176571
62367	10.882087	1.221910	5.797621	-0.144134	1.075181	-0.320784	0.177992	-0.067083	0.981743	0.138887	-0.985974	-0.092552	0.974181	0.152825	-0.166178
62368	10.589351	1.782504	6.843514	-0.279241	1.386879	-0.411877	0.163961	-0.065150	0.984313	0.136900	-0.986659	-0.088109	0.976921	0.149199	-0.152855
62369	10.605919	1.989367	7.452702	-0.475832	1.665686	-0.505639	0.147005	-0.062651	0.987150	0.133089	-0.987664	-0.082503	0.980141	0.143507	-0.136854
62370	10.415110	1.379410	7.521590	-0.702656	1.911360	-0.573533	0.127559	-0.059684	0.990034	0.127011	-0.988987	-0.075985	0.983665	0.135438	-0.118573
62371	10.135322	0.169855	6.891309	-0.720375	2.074338	-0.607162	0.106389	-0.056454	0.992721	0.120686	-0.990272	-0.069249	0.986973	0.127175	-0.098541
62372	10.096313	-0.580341	6.249574	-0.535728	2.224560	-0.627812	0.083726	-0.053028	0.995077	0.116024	-0.991272	-0.062587	0.989711	0.120693	-0.076843
62373	10.012179	-0.774094	5.296710	-0.287782	2.372617	-0.632779	0.059510	-0.049627	0.996993	0.113693	-0.991927	-0.056161	0.991732	0.116694	-0.053387
62374	10.025964	-0.299037	5.081844	-0.112990	2.560416	-0.609009	0.033477	-0.046580	0.998353	0.112894	-0.992344	-0.050085	0.993043	0.114385	-0.027962
62375	9.889163	0.355692	4.259228	0.021758	2.610171	-0.564574	0.006926	-0.044010	0.999007	0.113295	-0.992564	-0.044512	0.993537	0.113491	-0.001888
62376	10.468861	0.955832	2.335561	0.032622	2.422085	-0.472936	-0.017607	-0.042094	0.998958	0.113635	-0.992724	-0.039829	0.993367	0.112815	0.022262
62377	11.723630	1.262589	0.564028	-0.279082	2.350432	-0.368470	-0.041352	-0.041105	0.998299	0.110828	-0.993176	-0.036303	0.992979	0.109138	0.045625
62378	12.809771	0.975066	-0.841873	-0.946446	2.276063	-0.247218	-0.064146	-0.041053	0.997096	0.101343	-0.994256	-0.034417	0.992781	0.098841	0.067938
62379	14.468068	0.119410	-1.621468	-1.669182	2.141814	-0.091630	-0.085483	-0.042135	0.995448	0.084778	-0.995790	-0.034869	0.992726	0.081411	0.088695
62380	15.793034	-1.309962	-2.480945	-2.133442	2.104812	0.015439	-0.106297	-0.043810	0.993369	0.063661	-0.997279	-0.037170	0.992294	0.059288	0.108797
62381	15.633737	-2.597526	-3.389850	-2.169121	2.125564	0.075268	-0.127323	-0.045648	0.990810	0.042314	-0.998281	-0.040555	0.990958	0.036762	0.129036
62382	13.987124	-3.429600	-4.315082	-1.850919	2.143242	0.100982	-0.148441	-0.047279	0.987790	0.024179	-0.998731	-0.044170	0.988626	0.017327	0.149396
62383	12.403044	-3.582930	-4.422870	-1.525635	2.048883	0.137252	-0.168630	-0.048910	0.984465	0.009412	-0.998802	-0.048011	0.985635	0.001170	0.168888
62384	11.727127	-4.169789	-4.117477	-1.212098	2.002764	0.123909	-0.188269	-0.050086	0.980840	-0.002244	-0.998674	-0.051428	0.982115	-0.011883	0.187907
62385	11.367511	-4.830913	-3.473357	-0.769917	1.949791	0.157785	-0.207373	-0.051420	0.976910	-0.009403	-0.998467	-0.054551	0.978217	-0.020498	0.206572
62386	11.035803	-5.028825	-2.920642	-0.336003	1.848857	0.262683	-0.225390	-0.053671	0.972789	-0.012065	-0.998251	-0.057871	0.974194	-0.024780	0.224348
62387	10.404620	-4.874992	-2.678345	-0.045185	1.735691	0.425384	-0.242295	-0.057552	0.968494	-0.011434	-0.998000	-0.062166	0.970135	-0.026136	0.241153
62388	9.084363	-4.870437	-2.338885	0.284658	1.679483	0.543952	-0.258544	-0.062604	0.963969	-0.007264	-0.997744	-0.066745	0.965972	-0.024259	0.257506
62389	7.958601	-4.710398	-2.049378	0.676442	1.608486	0.626074	-0.274047	-0.068585	0.959268	0.000998	-0.997474	-0.071031	0.961716	-0.018508	0.273423
62390	7.785723	-4.236916	-2.030295	1.146826	1.481097	0.672849	-0.288149	-0.075144	0.954633	0.013947	-0.997140	-0.074280	0.957484	-0.008089	0.288372
62391	8.611015	-3.341949	-1.867640	1.592210	1.372945	0.683976	-0.301086	-0.082033	0.950062	0.031248	-0.996607	-0.076149	0.953085	0.006760	0.302627
62392	9.398543	-2.176832	-1.755721	1.916155	1.327897	0.687043	-0.313364	-0.089131	0.945441	0.051629	-0.995712	-0.076758	0.948229	0.024759	0.316622
62393	9.561087	-1.095482	-1.603985	2.167839	1.332101	0.705945	-0.325485	-0.096698	0.940590	0.074454	-0.994289	-0.076455	0.942611	0.045146	0.330826
62394	9.129307	-0.275768	-1.389599	2.358691	1.327172	0.723643	-0.337262	-0.104674	0.935573	0.099065	-0.992228	-0.075301	0.936184	0.067287	0.345011
62395	8.425415	0.305691	-1.114849	2.465955	1.253420	0.709689	-0.348128	-0.112769	0.930640	0.124571	-0.989499	-0.073303	0.929134	0.090412	0.358520
62396	7.825798	0.834659	-0.907854	2.460407	1.163151	0.633795	-0.357959	-0.120254	0.925961	0.149633	-0.986244	-0.070238	0.921670	0.113412	0.371028
62397	7.325994	1.580101	-0.564286	2.252526	1.043460	0.536559	-0.366638	-0.126900	0.921668	0.172327	-0.982775	-0.066762	0.914265	0.134351	0.382191
62398	7.031867	1.944631	-0.422378	1.928938	0.900366	0.433627	-0.373985	-0.132479	0.917924	0.191558	-0.979437	-0.063312	0.907436	0.152158	0.391672
62399	6.915347	2.186704	-0.167028	1.570089	0.758782	0.347545	-0.380117	-0.137153	0.914713	0.207140	-0.976449	-0.060331	0.901446	0.166540	0.399575
62400	6.801644	2.648578	0.157367	1.138033	0.591418	0.281890	-0.384769	-0.140951	0.912187	0.218505	-0.974090	-0.058349	0.896777	0.176866	0.405598
62401	6.714294	2.991866	0.299700	0.664297	0.420229	0.247157	-0.387942	-0.144176	0.910337	0.225477	-0.972524	-0.057937	0.893678	0.182784	0.409792
62402	6.427987	3.090232	0.363590	0.177727	0.263464	0.240982	-0.389682	-0.147034	0.909136	0.228055	-0.971833	-0.059423	0.892266	0.184177	0.412238
62403	6.329150	3.000204	0.298121	-0.274778	0.061250	0.263445	-0.389589	-0.149767	0.908730	0.226699	-0.971926	-0.062992	0.892652	0.181467	0.412604
62404	7.055850	2.394669	0.484541	-0.706250	-0.141718	0.297395	-0.387590	-0.152439	0.909141	0.221597	-0.972720	-0.068627	0.894801	0.174864	0.410796
62405	7.788614	1.418487	0.627027	-0.787720	-0.268189	0.344178	-0.384392	-0.155389	0.909998	0.215937	-0.973521	-0.075022	0.897560	0.167664	0.407768
62406	8.226974	0.709913	0.452385	-0.822843	-0.356500	0.412222	-0.380242	-0.158853	0.911143	0.210168	-0.974209	-0.082139	0.900691	0.160261	0.403821
62407	8.635725	-0.049889	0.628587	-0.903973	-0.386138	0.437041	-0.375811	-0.162568	0.912325	0.203733	-0.974900	-0.089795	0.904024	0.152125	0.399499
62408	8.627186	-0.724968	1.222343	-0.931318	-0.336949	0.441389	-0.371810	-0.166409	0.913272	0.197003	-0.975538	-0.097551	0.907164	0.143647	0.395497
62409	8.164141	-1.722471	1.456381	-0.951318	-0.393524	0.435386	-0.367348	-0.170169	0.914384	0.190036	-0.976113	-0.105312	0.910463	0.135080	0.390911
62410	8.708753	-2.769096	1.049485	-0.696288	-0.506861	0.438510	-0.361836	-0.173816	0.915894	0.185338	-0.976265	-0.112053	0.913633	0.129206	0.385463
62411	9.479041	-3.370030	1.364027	-0.264422	-0.416921	0.404826	-0.357230	-0.177293	0.917035	0.184444	-0.975876	-0.116819	0.915624	0.127410	0.381313
62412	9.901573	-4.814445	1.916603	0.207319	-0.362517	0.453093	-0.353000	-0.181282	0.917893	0.188006	-0.974783	-0.120215	0.916540	0.130134	0.378180
62413	9.797961	-5.424616	3.623447	0.653288	-0.473682	0.545619	-0.347564	-0.186022	0.919018	0.195973	-0.972888	-0.122811	0.916948	0.137418	0.374597
62414	10.331104	-5.745832	4.696434	1.085919	-0.584483	0.621276	-0.340883	-0.191256	0.920446	0.208122	-0.970146	-0.124506	0.916779	0.149123	0.370511
62415	10.714391	-4.908237	5.722121	1.266858	-0.751697	0.611166	-0.332632	-0.196064	0.922451	0.221859	-0.966965	-0.125524	0.916589	0.162901	0.365142
62416	10.716410	-2.017590	7.213345	1.407563	-0.785110	0.427171	-0.324391	-0.198882	0.924779	0.236213	-0.963706	-0.124395	0.915955	0.178092	0.359596
62417	11.259308	0.944220	8.112676	1.748411	-0.497401	0.186436	-0.319339	-0.199805	0.926337	0.252870	-0.960042	-0.119902	0.913280	0.195954	0.357103
62418	9.580704	4.408227	9.012545	1.752820	-0.217239	0.041111	-0.317182	-0.199785	0.927082	0.269028	-0.956356	-0.114051	0.909406	0.213236	0.357087
62419	7.504113	6.053486	9.234633	1.098598	-0.213038	-0.006878	-0.315220	-0.199310	0.927853	0.279050	-0.953943	-0.110112	0.907065	0.224208	0.356320
62420	7.230644	5.868997	10.701101	0.183086	-0.206844	-0.039191	-0.313384	-0.198499	0.928649	0.280640	-0.953590	-0.109125	0.907211	0.226418	0.354546
62421	8.126283	3.832797	11.519185	-0.591500	0.099131	-0.060363	-0.314409	-0.198199	0.928366	0.275149	-0.955007	-0.110702	0.908537	0.220634	0.354797
62422	6.724824	0.737780	9.937069	-0.900824	0.343553	0.020454	-0.317408	-0.199166	0.927138	0.267075	-0.956894	-0.114125	0.909903	0.211392	0.356918
62423	4.865864	-1.549897	7.296691	-0.821497	-0.083843	0.214169	-0.316040	-0.201099	0.927188	0.260341	-0.958146	-0.119074	0.912327	0.203753	0.355167
62424	5.769188	-2.649301	4.937129	-0.757971	-0.584164	0.384045	-0.309641	-0.203638	0.928792	0.254665	-0.958873	-0.125333	0.916116	0.197722	0.348766
62425	6.857629	-3.268287	2.514521	-0.741163	-0.807293	0.386964	-0.301216	-0.205833	0.931076	0.249114	-0.959501	-0.131526	0.920441	0.192327	0.340293
62426	7.254313	-3.298573	-0.897222	-0.684505	-0.997046	0.333825	-0.291123	-0.207174	0.933984	0.243838	-0.960096	-0.136961	0.925089	0.187868	0.330023
62427	9.247598	-2.185574	-1.412440	-0.469477	-1.006315	0.218973	-0.281225	-0.207457	0.936949	0.240185	-0.960494	-0.140578	0.929098	0.185507	0.319943
62428	9.598221	-2.498169	-0.523354	-0.369071	-0.953836	0.165841	-0.271881	-0.207319	0.939734	0.237259	-0.960815	-0.143327	0.932625	0.183992	0.310416
62429	9.699121	-2.980697	-0.418337	-0.136543	-1.046768	0.197608	-0.261594	-0.207346	0.942643	0.236581	-0.960633	-0.145649	0.935734	0.184911	0.300350
62430	10.496145	-3.383319	-0.055214	0.319800	-1.133884	0.246055	-0.250315	-0.207612	0.945642	0.240257	-0.959505	-0.147058	0.937880	0.190386	0.290059
62431	9.975786	-2.946686	2.669480	0.950577	-1.058048	0.259103	-0.239714	-0.208078	0.948283	0.249877	-0.957078	-0.146842	0.938136	0.201754	0.281419
62432	9.602965	-1.870441	4.539383	1.431849	-0.996943	0.296600	-0.229535	-0.208851	0.950629	0.264046	-0.953440	-0.145714	0.936800	0.217563	0.273994
62433	10.997845	1.213785	6.023174	2.120975	-0.841886	0.179870	-0.221128	-0.208693	0.952654	0.284347	-0.948190	-0.141713	0.932871	0.239547	0.269013
62434	10.762313	4.398456	7.027455	2.441149	-0.754665	0.000153	-0.214036	-0.206820	0.954680	0.307101	-0.942020	-0.135227	0.927296	0.264240	0.265142
62435	11.607792	4.964884	6.651549	1.810780	-0.926115	-0.048421	-0.205577	-0.203881	0.957168	0.323825	-0.937134	-0.130064	0.923513	0.283217	0.258675
62436	12.058851	2.367635	6.186467	0.722940	-1.028484	0.103086	-0.195670	-0.201912	0.959659	0.330754	-0.934824	-0.129247	0.923209	0.292122	0.249700
62437	10.759201	-0.663592	4.000271	0.181022	-1.207382	0.315007	-0.183427	-0.201350	0.962192	0.333092	-0.933627	-0.131873	0.924881	0.296309	0.238320
62438	9.625206	-2.292034	2.420600	0.191056	-1.190838	0.378565	-0.171065	-0.201351	0.964466	0.335578	-0.932273	-0.135110	0.926350	0.300541	0.227048
62439	8.628456	-2.766488	1.954977	0.204186	-1.115172	0.419230	-0.159275	-0.201928	0.966362	0.338230	-0.930779	-0.138746	0.927487	0.304754	0.216548
62440	8.698188	-2.577469	1.135369	0.115750	-1.034071	0.441703	-0.148107	-0.202891	0.967936	0.340029	-0.929509	-0.142808	0.928679	0.307975	0.206655
62441	9.656092	-2.313261	0.715353	0.041083	-0.908170	0.405296	-0.138246	-0.203895	0.969182	0.341057	-0.928526	-0.146693	0.929821	0.310267	0.197905
62442	10.387786	-1.533240	0.435766	0.083205	-0.771071	0.323051	-0.129896	-0.204514	0.970207	0.342309	-0.927585	-0.149700	0.930565	0.312665	0.190497
62443	10.615041	0.041737	0.769980	0.294028	-0.651941	0.240264	-0.122962	-0.204735	0.971063	0.345414	-0.926137	-0.151524	0.930360	0.316787	0.184598
62444	9.999663	0.743220	1.003967	0.247729	-0.640851	0.194488	-0.116252	-0.204515	0.971936	0.347995	-0.924927	-0.153000	0.930261	0.320442	0.178694
62445	9.648968	-0.110260	0.317407	0.060481	-0.684904	0.172395	-0.109236	-0.203951	0.972868	0.348817	-0.924349	-0.154614	0.930803	0.322463	0.172113
62446	9.668022	-1.770669	-0.709200	0.035628	-0.691587	0.155213	-0.102180	-0.203170	0.973797	0.349356	-0.923896	-0.156101	0.931402	0.324251	0.165382
62447	9.595762	-3.074328	-1.178545	0.211818	-0.709740	0.158177	-0.094973	-0.202360	0.974695	0.351548	-0.922853	-0.157343	0.931340	0.327709	0.158785
62448	9.635961	-3.186758	-1.205275	0.477579	-0.743934	0.171204	-0.087367	-0.201499	0.975584	0.356192	-0.920905	-0.158307	0.930319	0.333665	0.152229
62449	9.908818	-2.491594	-0.296617	0.655946	-0.743425	0.192626	-0.079721	-0.200803	0.976382	0.362511	-0.918272	-0.159253	0.928563	0.341254	0.145999
62450	9.867098	-2.057379	0.482527	0.733497	-0.707291	0.205851	-0.072333	-0.200268	0.977067	0.369513	-0.915303	-0.160253	0.926406	0.349447	0.140208
62451	9.794536	-1.423520	1.138079	0.594233	-0.689523	0.220886	-0.065083	-0.199893	0.977654	0.375225	-0.912732	-0.161640	0.924646	0.356320	0.134408
62452	9.842973	-2.109511	0.867992	0.477230	-0.684540	0.205645	-0.057907	-0.199328	0.978220	0.379801	-0.910583	-0.163063	0.923254	0.362087	0.128434
62453	10.040166	-1.382353	0.519650	0.478365	-0.701945	0.192238	-0.050651	-0.198553	0.978780	0.384378	-0.908421	-0.164389	0.921785	0.367895	0.122332
62454	10.028828	-0.772415	0.664944	0.407412	-0.696833	0.158952	-0.043542	-0.197432	0.979349	0.388246	-0.906573	-0.165499	0.920526	0.373022	0.116127
62455	9.937146	-0.406209	0.773246	0.387686	-0.731976	0.104339	-0.036356	-0.195666	0.979996	0.391913	-0.904879	-0.166129	0.919284	0.378033	0.109582
62456	10.056266	-0.161417	1.099610	0.301969	-0.733081	0.049013	-0.029352	-0.193340	0.980693	0.394743	-0.903611	-0.166329	0.918323	0.382239	0.102842
62457	9.807391	-0.740924	1.564437	0.095623	-0.713469	0.024953	-0.022656	-0.190866	0.981355	0.395685	-0.903163	-0.166523	0.918107	0.384535	0.095985
62458	9.797385	-1.921858	1.852170	-0.050093	-0.663195	0.033875	-0.016357	-0.188635	0.981911	0.395271	-0.903267	-0.166943	0.918419	0.385390	0.089336
62459	9.253264	-2.803867	1.963687	-0.067485	-0.603542	0.072149	-0.010482	-0.186995	0.982305	0.394718	-0.903358	-0.167755	0.918742	0.385975	0.083280
62460	8.907152	-2.896761	2.039314	-0.055701	-0.587974	0.097445	-0.004620	-0.185621	0.982611	0.394252	-0.903367	-0.168798	0.918991	0.386616	0.077354
62461	9.197015	-2.853699	2.139754	-0.054061	-0.572315	0.105499	0.001101	-0.184396	0.982851	0.393814	-0.903348	-0.169921	0.919189	0.387248	0.071623
62462	9.232489	-2.835568	2.278462	-0.007263	-0.552975	0.108704	0.006688	-0.183250	0.983044	0.393781	-0.903152	-0.171036	0.919180	0.388248	0.066120
62463	9.233264	-2.773715	2.243007	0.056010	-0.567049	0.101509	0.012344	-0.181997	0.983222	0.394343	-0.902715	-0.172046	0.918880	0.389850	0.060626
62464	9.333874	-2.516181	2.041349	0.185580	-0.553819	0.069792	0.017782	-0.180477	0.983419	0.396074	-0.901838	-0.172667	0.918046	0.392577	0.055446
62465	9.359174	-2.124139	2.134362	0.316946	-0.531670	0.023625	0.022797	-0.178629	0.983652	0.399034	-0.900511	-0.172779	0.916653	0.396449	0.050750
62466	10.090314	-1.834881	2.282100	0.371914	-0.518693	-0.060162	0.027382	-0.176036	0.984003	0.402491	-0.899110	-0.172049	0.915014	0.400764	0.046234
62467	9.634873	-2.038045	2.026873	0.399261	-0.479871	-0.114891	0.031347	-0.173107	0.984404	0.406231	-0.897667	-0.170791	0.913232	0.405250	0.042182
62468	9.117144	-2.146419	2.174050	0.547981	-0.566811	-0.076589	0.036279	-0.170121	0.984755	0.411291	-0.895537	-0.169861	0.910782	0.411183	0.037480
62469	9.170647	-2.367734	2.144687	0.530356	-0.526925	-0.065144	0.040845	-0.167394	0.985044	0.416196	-0.893416	-0.169081	0.908357	0.416877	0.033177
62470	9.478611	-2.164686	1.794444	0.461083	-0.501330	-0.017787	0.045395	-0.165147	0.985224	0.420423	-0.891487	-0.168806	0.906192	0.421873	0.028962
62471	9.351706	-1.818608	1.469966	0.450529	-0.450997	0.065045	0.049794	-0.163849	0.985228	0.424525	-0.889433	-0.169373	0.904046	0.426688	0.025269
62472	9.694026	-0.555858	1.034757	0.332626	-0.392961	0.107787	0.053879	-0.163136	0.985131	0.427508	-0.887806	-0.170400	0.902404	0.430333	0.021908
62473	9.548674	0.117872	0.417186	0.015356	-0.394843	0.130935	0.058043	-0.162633	0.984978	0.427629	-0.887491	-0.171736	0.902089	0.431173	0.018034
62474	9.481877	0.334214	-0.385738	-0.259380	-0.437533	0.113435	0.062551	-0.161770	0.984844	0.425254	-0.888398	-0.172937	0.902910	0.429627	0.013223
62475	9.432582	0.158610	-1.047012	-0.489701	-0.506561	0.057194	0.067412	-0.160146	0.984789	0.420847	-0.890366	-0.173599	0.904623	0.426148	0.007375
62476	9.279187	-0.691094	-1.294128	-0.552658	-0.579894	-0.007116	0.072710	-0.157636	0.984817	0.415882	-0.892696	-0.173596	0.906508	0.422189	0.000650
62477	9.396170	-1.565022	-0.975561	-0.547720	-0.635288	-0.039777	0.078351	-0.154645	0.984858	0.410997	-0.895026	-0.173237	0.908264	0.418347	-0.006567
62478	9.904246	-2.059467	-0.468586	-0.512789	-0.677356	-0.022505	0.084492	-0.151636	0.984819	0.406388	-0.897172	-0.173007	0.909786	0.414836	-0.014181
62479	9.840476	-2.138222	0.215931	-0.481626	-0.703401	0.034010	0.091075	-0.149070	0.984624	0.402027	-0.899077	-0.173304	0.911087	0.411629	-0.021953
62480	9.622425	-2.173240	0.726305	-0.446876	-0.720743	0.074898	0.098020	-0.146802	0.984297	0.397916	-0.900776	-0.173971	0.912170	0.408720	-0.029879
62481	9.591741	-2.454053	0.492062	-0.471289	-0.748753	0.079666	0.105210	-0.144507	0.983895	0.393588	-0.902545	-0.174646	0.913247	0.405623	-0.038081
62482	9.783628	-2.603592	-0.487639	-0.494949	-0.802549	0.058467	0.112847	-0.141809	0.983441	0.389034	-0.904438	-0.175057	0.914286	0.402347	-0.046895
62483	9.589493	-2.372964	-1.100392	-0.451772	-0.858325	0.045557	0.120915	-0.138816	0.982909	0.384902	-0.906152	-0.175325	0.915003	0.399523	-0.056136
62484	9.470836	-2.138412	-1.734473	-0.445282	-0.897614	0.014871	0.129262	-0.135393	0.982324	0.380840	-0.907882	-0.175247	0.915561	0.396761	-0.065792
62485	10.016601	-2.152136	-1.676046	-0.410066	-0.860263	0.004024	0.137196	-0.132064	0.981701	0.377132	-0.909466	-0.175051	0.915942	0.394247	-0.074969
62486	10.156193	-2.004652	-0.264946	-0.236695	-0.775341	0.036487	0.144508	-0.129359	0.981011	0.374944	-0.910328	-0.175270	0.915715	0.393153	-0.083047
62487	9.630405	-1.678021	1.000364	-0.242503	-0.734890	0.065935	0.151524	-0.127112	0.980246	0.372678	-0.911164	-0.175761	0.915506	0.391948	-0.090691
62488	9.684512	-1.883644	1.526998	-0.436582	-0.712340	0.049131	0.158303	-0.124795	0.979472	0.368634	-0.912785	-0.175878	0.915996	0.388909	-0.098493
62489	10.088303	-2.568610	1.564691	-0.505982	-0.652657	0.026624	0.164421	-0.122550	0.978748	0.364006	-0.914678	-0.175677	0.916769	0.385156	-0.105783
62490	10.003419	-2.776083	1.438623	-0.477038	-0.606081	0.033003	0.170173	-0.120546	0.978013	0.359607	-0.916446	-0.175528	0.917455	0.381570	-0.112605
62491	9.742708	-2.645067	1.361672	-0.462954	-0.560048	0.047436	0.175520	-0.118892	0.977270	0.355327	-0.918116	-0.175513	0.918115	0.378057	-0.118902
62492	9.550076	-2.486131	1.240558	-0.501612	-0.523099	0.058217	0.180604	-0.117478	0.976515	0.350646	-0.919913	-0.175520	0.918928	0.374111	-0.124946
62493	9.716667	-2.134590	1.138662	-0.573871	-0.480228	0.064631	0.185281	-0.116328	0.975776	0.345303	-0.921940	-0.175476	0.920020	0.369451	-0.130649
62494	9.816077	-1.652979	1.131456	-0.658424	-0.405234	0.063672	0.189303	-0.115448	0.975108	0.339151	-0.924260	-0.175269	0.921488	0.363888	-0.135811
62495	9.628505	-1.490117	1.160269	-0.750139	-0.333474	0.049296	0.192579	-0.114743	0.974550	0.332190	-0.926879	-0.174774	0.923343	0.357394	-0.140381
62496	9.508929	-1.683867	1.149825	-0.820251	-0.301939	0.026442	0.195530	-0.113940	0.974056	0.324586	-0.929730	-0.173912	0.925425	0.350170	-0.144807
62497	9.359503	-1.954120	0.713386	-0.813427	-0.292894	0.003799	0.198289	-0.113003	0.973608	0.317096	-0.932516	-0.172814	0.927433	0.342994	-0.149075
62498	9.220541	-2.055297	0.440800	-0.781453	-0.306200	-0.021103	0.201138	-0.111787	0.973164	0.309912	-0.935174	-0.171477	0.929246	0.336086	-0.153454
62499	9.465914	-2.143231	-0.103716	-0.745748	-0.341567	-0.055511	0.204176	-0.110174	0.972715	0.303143	-0.937688	-0.169838	0.930815	0.329548	-0.158055
62500	10.070342	-2.203594	-0.630976	-0.729054	-0.377003	-0.088945	0.207493	-0.108131	0.972242	0.296564	-0.940146	-0.167853	0.932200	0.323160	-0.163006
62501	10.516541	-2.126671	-1.061256	-0.654664	-0.394551	-0.130907	0.210820	-0.105680	0.971796	0.290785	-0.942356	-0.165561	0.933273	0.317487	-0.167937
62502	10.228315	-2.063296	-1.398738	-0.512118	-0.360247	-0.158054	0.213799	-0.103076	0.971424	0.286368	-0.944117	-0.163205	0.933961	0.313078	-0.172333
62503	9.944689	-2.352890	-1.612423	-0.278768	-0.345047	-0.187398	0.216517	-0.100275	0.971115	0.284221	-0.945150	-0.160963	0.933991	0.310862	-0.176141
62504	10.223741	-2.710617	-1.771095	-0.033463	-0.359843	-0.207716	0.219357	-0.097216	0.970789	0.284390	-0.945442	-0.158938	0.933276	0.310947	-0.179742
62505	10.726755	-2.841295	-2.100450	0.142142	-0.365556	-0.216653	0.222179	-0.094075	0.970457	0.286246	-0.945180	-0.157158	0.932041	0.312707	-0.183070
62506	11.013807	-2.681970	-2.380482	0.221659	-0.314587	-0.239851	0.224490	-0.090844	0.970233	0.288875	-0.944688	-0.155291	0.930675	0.315137	-0.185831
62507	11.400715	-2.354059	-2.361089	0.258669	-0.262885	-0.247241	0.226248	-0.087723	0.970112	0.291889	-0.944064	-0.153442	0.929308	0.317881	-0.187987
62508	11.667276	-1.389373	-1.584308	0.243089	-0.202020	-0.225826	0.227533	-0.084970	0.970056	0.294687	-0.943466	-0.151762	0.928110	0.320394	-0.189630
62509	11.251153	-0.293841	0.064974	0.129195	-0.114831	-0.215889	0.227991	-0.082611	0.970152	0.296429	-0.943205	-0.149979	0.927443	0.321775	-0.190554
62510	10.329699	0.079509	1.726697	-0.047971	0.062908	-0.235575	0.226780	-0.080614	0.970604	0.296548	-0.943535	-0.147653	0.927702	0.321315	-0.190069
62511	9.640902	-0.376173	2.641409	-0.153601	0.217701	-0.248117	0.224053	-0.079015	0.971368	0.295734	-0.944199	-0.145018	0.928624	0.319758	-0.188183
62512	9.643998	-0.592237	2.884726	-0.206870	0.323182	-0.258101	0.220360	-0.077630	0.972325	0.294413	-0.945043	-0.142175	0.929926	0.317595	-0.185395
62513	10.196940	-0.297884	3.107021	-0.325711	0.416624	-0.288911	0.215661	-0.076260	0.973486	0.292065	-0.946268	-0.138831	0.931766	0.314262	-0.181800
