// General information: 
//  MT Manager version: 2022.2.0 
//  XDA version: 2022.2.0 build 7381 rev 124627 built on 2023-07-19
// Device information: 
//  DeviceId: 00B4CAF0
//  ProductCode: MTW2-3A7G6
//  Firmware Version: 4.6.0
//  Hardware Version: 2.0.0
// Device settings: 
//  Filter Profile: human(46.1)
//  Option Flags: Orientation Smoother Disabled, Position/Velocity Smoother Disabled, Continuous Zero Rotation Update Disabled, AHS Disabled, ICC Disabled
// Coordinate system: ENU
PacketCounter	Acc_X	Acc_Y	Acc_Z	Gyr_X	Gyr_Y	Gyr_Z	Mat[1][1]	Mat[2][1]	Mat[3][1]	Mat[1][2]	Mat[2][2]	Mat[3][2]	Mat[1][3]	Mat[2][3]	Mat[3][3]
60832	4.358690	1.517667	9.190169	-0.000071	0.001701	0.003640	0.604205	0.676765	0.420624	-0.781081	0.607452	0.144621	-0.157635	-0.415922	0.895634
60833	4.401498	1.536794	9.162883	-0.000030	0.005310	0.001900	0.604200	0.676765	0.420632	-0.781089	0.607435	0.144647	-0.157615	-0.415947	0.895626
60834	4.369443	1.525337	9.170314	0.001981	0.002118	0.004266	0.604173	0.676791	0.420630	-0.781109	0.607415	0.144622	-0.157618	-0.415934	0.895631
60835	4.412090	1.544513	9.143101	0.000199	0.008893	0.003620	0.604136	0.676825	0.420629	-0.781133	0.607398	0.144566	-0.157643	-0.415905	0.895641
60836	4.399938	1.536437	9.163692	-0.002112	0.010202	0.003173	0.604130	0.676877	0.420552	-0.781140	0.607402	0.144509	-0.157630	-0.415812	0.895686
60837	4.358112	1.528950	9.138455	-0.002370	0.011928	0.003352	0.604225	0.676854	0.420453	-0.781064	0.607509	0.144472	-0.157643	-0.415694	0.895738
60838	4.306966	1.532201	9.171296	-0.002112	0.010201	0.003173	0.604219	0.676907	0.420377	-0.781071	0.607513	0.144414	-0.157630	-0.415602	0.895783
60839	4.338280	1.543528	9.164254	0.002798	0.000547	0.001989	0.604220	0.676872	0.420432	-0.781060	0.607529	0.144405	-0.157681	-0.415635	0.895759
60840	4.378886	1.550786	9.190118	0.002022	0.005725	0.002526	0.604212	0.676902	0.420394	-0.781070	0.607521	0.144386	-0.157663	-0.415597	0.895780
60841	4.396779	1.535685	9.165334	-0.000848	0.006879	0.004177	0.604213	0.676900	0.420397	-0.781056	0.607558	0.144311	-0.157731	-0.415548	0.895791
60842	4.378049	1.550408	9.190581	-0.000632	0.001544	0.005738	0.604173	0.676932	0.420401	-0.781081	0.607539	0.144255	-0.157759	-0.415523	0.895797
60843	4.364214	1.523757	9.173066	-0.000059	0.010617	0.003799	0.604021	0.677056	0.420421	-0.781201	0.607402	0.144180	-0.157746	-0.415521	0.895800
60844	4.320483	1.504498	9.200770	0.003773	0.004259	0.005072	0.603991	0.677095	0.420401	-0.781229	0.607370	0.144167	-0.157724	-0.415505	0.895812
60845	4.349463	1.569539	9.183133	0.003501	-0.002932	0.005092	0.604095	0.676985	0.420430	-0.781134	0.607487	0.144185	-0.157794	-0.415513	0.895795
60846	4.423160	1.516041	9.173921	0.003243	-0.001206	0.005271	0.604055	0.677002	0.420459	-0.781162	0.607455	0.144166	-0.157809	-0.415531	0.895785
60847	4.404697	1.531073	9.198985	0.002468	0.003973	0.005807	0.604136	0.676933	0.420454	-0.781078	0.607579	0.144099	-0.157914	-0.415463	0.895798
60848	4.395437	1.535254	9.166050	0.001420	0.001960	0.006364	0.604092	0.676970	0.420457	-0.781110	0.607548	0.144059	-0.157924	-0.415448	0.895803
60849	4.395130	1.535288	9.166191	0.002583	0.005880	0.000427	0.604207	0.676899	0.420407	-0.781026	0.607641	0.144122	-0.157900	-0.415428	0.895816
60850	4.401635	1.512178	9.161611	-0.004278	0.007877	0.007924	0.604161	0.676970	0.420359	-0.781058	0.607623	0.144025	-0.157919	-0.415339	0.895855
60851	4.334670	1.542581	9.166121	0.001765	0.007450	0.002704	0.604221	0.676938	0.420325	-0.781007	0.607692	0.144010	-0.157942	-0.415291	0.895873
60852	4.350345	1.515461	9.194486	0.000975	0.003712	0.003082	0.604206	0.676962	0.420307	-0.781018	0.607685	0.143980	-0.157945	-0.415261	0.895886
60853	4.427039	1.564611	9.197876	0.001234	0.001986	0.002904	0.604230	0.676928	0.420327	-0.780996	0.607710	0.143996	-0.157962	-0.415280	0.895874
60854	4.399918	1.511567	9.162536	-0.002412	0.008318	0.005090	0.604207	0.676983	0.420271	-0.781013	0.607703	0.143927	-0.157963	-0.415199	0.895911
60855	4.419581	1.514982	9.175820	0.002813	0.009461	0.002147	0.604239	0.676978	0.420233	-0.780979	0.607762	0.143865	-0.158008	-0.415122	0.895939
60856	4.374991	1.561047	9.140193	-0.008036	0.012534	0.003009	0.604239	0.677038	0.420136	-0.780975	0.607793	0.143755	-0.158028	-0.414978	0.896002
60857	4.330923	1.541338	9.168101	0.000946	0.009018	0.004981	0.604321	0.677008	0.420067	-0.780921	0.607851	0.143805	-0.157981	-0.414944	0.896027
60858	4.350840	1.544729	9.181268	-0.000331	0.003425	0.003818	0.604300	0.677035	0.420053	-0.780934	0.607844	0.143760	-0.157996	-0.414908	0.896041
60859	4.407771	1.518097	9.144296	0.000717	0.005437	0.003261	0.604273	0.677051	0.420066	-0.780953	0.607826	0.143738	-0.158009	-0.414909	0.896038
60860	4.370311	1.548046	9.194661	0.001692	0.009147	0.006343	0.604242	0.677118	0.420004	-0.780984	0.607794	0.143701	-0.157973	-0.414847	0.896073
60861	4.367732	1.529370	9.157025	0.000717	0.005436	0.003261	0.604366	0.677032	0.419964	-0.780878	0.607931	0.143697	-0.158022	-0.414787	0.896092
60862	4.324117	1.510178	9.184612	0.003514	0.005981	0.005251	0.604338	0.677078	0.419929	-0.780906	0.607900	0.143681	-0.157992	-0.414757	0.896111
60863	4.360126	1.552397	9.162144	0.004059	-0.002777	0.002996	0.604301	0.677052	0.420025	-0.780926	0.607871	0.143691	-0.158034	-0.414841	0.896065
60864	4.408059	1.536993	9.182994	0.006643	0.003101	0.003423	0.604283	0.677075	0.420013	-0.780948	0.607839	0.143711	-0.157997	-0.414850	0.896067
60865	4.403421	1.506523	9.198369	0.002953	0.005825	0.007348	0.604289	0.677072	0.420009	-0.780941	0.607849	0.143704	-0.158004	-0.414841	0.896070
60866	4.395900	1.529067	9.203526	-0.003460	0.006305	0.005644	0.604259	0.677122	0.419971	-0.780960	0.607844	0.143624	-0.158026	-0.414767	0.896101
60867	4.377057	1.537152	9.137873	-0.001620	0.012053	0.004709	0.604214	0.677185	0.419936	-0.780994	0.607816	0.143554	-0.158031	-0.414704	0.896129
60868	4.373702	1.524629	9.191613	-0.002927	0.011767	0.005444	0.604194	0.677257	0.419849	-0.781013	0.607810	0.143479	-0.158016	-0.414597	0.896181
60869	4.341024	1.512937	9.199306	-0.000543	0.008757	0.002254	0.604133	0.677304	0.419859	-0.781052	0.607778	0.143402	-0.158054	-0.414566	0.896189
60870	4.365075	1.547032	9.197318	0.001205	0.007290	0.004801	0.604111	0.677353	0.419812	-0.781073	0.607759	0.143367	-0.158035	-0.414514	0.896216
60871	4.382734	1.532021	9.172671	0.004048	0.011441	0.005051	0.604033	0.677438	0.419788	-0.781159	0.607631	0.143439	-0.157905	-0.414563	0.896216
60872	4.357075	1.497630	9.175466	-0.004904	0.009652	0.001176	0.604043	0.677474	0.419714	-0.781149	0.607662	0.143365	-0.157919	-0.414458	0.896262
60873	4.362722	1.546607	9.198506	0.002952	0.005822	0.007349	0.603982	0.677518	0.419732	-0.781199	0.607600	0.143355	-0.157904	-0.414478	0.896256
60874	4.310176	1.531588	9.192969	-0.000332	0.003424	0.003817	0.603962	0.677545	0.419718	-0.781212	0.607594	0.143310	-0.157919	-0.414443	0.896269
60875	4.367350	1.505042	9.155933	0.004286	0.000802	0.004717	0.604054	0.677460	0.419723	-0.781132	0.607692	0.143330	-0.157962	-0.414439	0.896264
60876	4.400968	1.535052	9.186719	0.001720	0.003838	0.004445	0.604029	0.677492	0.419707	-0.781152	0.607673	0.143302	-0.157959	-0.414413	0.896276
60877	4.380354	1.531492	9.173896	0.001977	0.002113	0.004267	0.604040	0.677461	0.419741	-0.781144	0.607672	0.143348	-0.157952	-0.414466	0.896253
60878	4.378188	1.512888	9.136065	0.001720	0.003838	0.004445	0.604016	0.677493	0.419724	-0.781164	0.607653	0.143319	-0.157949	-0.414440	0.896265
60879	4.359393	1.527801	9.161260	-0.000590	0.005149	0.003994	0.604088	0.677437	0.419709	-0.781090	0.607764	0.143254	-0.158038	-0.414369	0.896282
60880	4.413714	1.489057	9.177659	0.002999	0.009428	0.005607	0.604064	0.677499	0.419644	-0.781118	0.607733	0.143233	-0.157992	-0.414314	0.896316
60881	4.378541	1.531132	9.174822	0.000643	0.007132	0.006898	0.604018	0.677532	0.419658	-0.781148	0.607707	0.143178	-0.158022	-0.414297	0.896319
60882	4.357487	1.527411	9.162232	0.000948	0.009013	0.004978	0.603997	0.677589	0.419596	-0.781169	0.607689	0.143140	-0.157994	-0.414232	0.896354
60883	4.376976	1.530773	9.175628	-0.001056	0.012205	0.002608	0.604007	0.677609	0.419548	-0.781164	0.607701	0.143118	-0.157982	-0.414180	0.896380
60884	4.355562	1.527130	9.163194	0.001997	0.011022	0.004422	0.603995	0.677671	0.419467	-0.781183	0.607682	0.143092	-0.157933	-0.414108	0.896422
60885	4.354652	1.526965	9.163654	-0.001362	0.010323	0.004527	0.603823	0.677807	0.419493	-0.781324	0.607514	0.143039	-0.157895	-0.414131	0.896418
60886	4.349557	1.496091	9.179284	0.001949	0.007415	0.006163	0.603791	0.677864	0.419448	-0.781354	0.607483	0.143006	-0.157869	-0.414083	0.896445
60887	4.334819	1.541953	9.189309	0.005871	0.008270	0.003961	0.603928	0.677777	0.419392	-0.781239	0.607632	0.143000	-0.157914	-0.414007	0.896472
60888	4.363708	1.541374	9.235518	0.001719	0.003836	0.004444	0.603904	0.677808	0.419376	-0.781258	0.607614	0.142971	-0.157912	-0.413982	0.896484
60889	4.400306	1.511053	9.185727	-0.001153	0.004992	0.006090	0.603889	0.677802	0.419407	-0.781244	0.607662	0.142843	-0.158038	-0.413921	0.896490
60890	4.372443	1.529927	9.177930	-0.001973	0.006560	0.008365	0.603838	0.677869	0.419372	-0.781281	0.607633	0.142765	-0.158048	-0.413855	0.896518
60891	4.362932	1.533881	9.145175	0.001205	0.007286	0.004800	0.603844	0.677876	0.419353	-0.781274	0.607649	0.142737	-0.158061	-0.413821	0.896532
60892	4.402995	1.540724	9.171452	-0.000617	0.010450	0.005889	0.603819	0.677943	0.419280	-0.781298	0.607631	0.142682	-0.158037	-0.413736	0.896575
60893	4.406570	1.505352	9.220322	-0.003182	0.013486	0.005615	0.603922	0.677905	0.419193	-0.781203	0.607774	0.142590	-0.158112	-0.413589	0.896630
60894	4.434928	1.497796	9.176012	0.001765	0.021651	0.004753	0.603924	0.678012	0.419018	-0.781224	0.607754	0.142560	-0.158002	-0.413443	0.896716
60895	4.393822	1.509309	9.189117	0.002789	0.028961	0.006092	0.603932	0.678115	0.418839	-0.781236	0.607751	0.142510	-0.157912	-0.413278	0.896808
60896	4.291304	1.510707	9.163353	0.012072	0.027317	0.006158	0.603932	0.678253	0.418615	-0.781281	0.607679	0.142566	-0.157688	-0.413156	0.896904
60897	4.371973	1.381398	9.161107	0.010842	0.025334	0.003253	0.603917	0.678359	0.418465	-0.781327	0.607610	0.142614	-0.157520	-0.413085	0.896966
60898	4.322772	1.626376	9.170130	0.006486	0.012024	0.000123	0.603940	0.678398	0.418370	-0.781327	0.607602	0.142645	-0.157432	-0.413033	0.897006
60899	4.286508	1.447416	9.228853	0.010793	0.007520	0.002949	0.603902	0.678426	0.418378	-0.781374	0.607523	0.142725	-0.157347	-0.413102	0.896989
60900	4.259841	1.623772	9.222608	0.007153	-0.000358	0.003078	0.603882	0.678432	0.418399	-0.781393	0.607493	0.142750	-0.157328	-0.413138	0.896976
60901	4.383505	1.566743	9.181736	0.006897	0.001366	0.003254	0.603980	0.678340	0.418405	-0.781316	0.607576	0.142820	-0.157333	-0.413167	0.896961
60902	4.559584	1.622111	9.303360	0.014588	0.006464	0.006129	0.603948	0.678392	0.418369	-0.781365	0.607494	0.142899	-0.157215	-0.413202	0.896966
60903	4.572816	1.499597	9.175853	0.033047	0.044120	0.005302	0.604044	0.678522	0.418019	-0.781382	0.607406	0.143177	-0.156759	-0.413117	0.897085
60904	4.400027	1.516974	9.116328	0.061254	0.058859	0.003892	0.604110	0.678776	0.417509	-0.781490	0.607147	0.143684	-0.155960	-0.413080	0.897241
60905	4.247892	1.499302	9.262422	0.066230	0.061693	0.001128	0.604158	0.679023	0.417038	-0.781611	0.606868	0.144205	-0.155168	-0.413084	0.897376
60906	4.280198	1.475062	9.213862	0.065870	0.041993	0.002760	0.604206	0.679201	0.416678	-0.781719	0.606597	0.144759	-0.154435	-0.413189	0.897455
60907	4.308008	1.564040	9.234721	0.054540	0.029017	0.000019	0.604276	0.679259	0.416482	-0.781758	0.606447	0.145177	-0.153961	-0.413315	0.897478
60908	4.333388	1.542371	9.152479	0.043434	0.033823	0.001013	0.604325	0.679393	0.416192	-0.781820	0.606281	0.145536	-0.153453	-0.413339	0.897554
60909	4.221791	1.485919	9.156600	0.041102	0.026230	0.000419	0.604470	0.679394	0.415981	-0.781793	0.606218	0.145942	-0.153023	-0.413429	0.897586
60910	4.242301	1.577120	9.143835	0.035697	0.010923	-0.002127	0.604508	0.679414	0.415893	-0.781824	0.606106	0.146245	-0.152714	-0.413561	0.897578
60911	4.172108	1.508330	9.135097	0.031463	-0.005994	-0.000017	0.604520	0.679337	0.416000	-0.781841	0.606020	0.146507	-0.152577	-0.413813	0.897485
60912	4.266408	1.533317	9.165921	0.033721	-0.025107	0.000186	0.604486	0.679222	0.416239	-0.781883	0.605900	0.146783	-0.152501	-0.414178	0.897329
60913	4.348501	1.531734	9.178483	0.028084	-0.029791	-0.002053	0.604557	0.678973	0.416542	-0.781810	0.605942	0.146998	-0.152593	-0.414525	0.897154
60914	4.223132	1.561384	9.232324	0.023672	-0.032490	-0.001391	0.604524	0.678817	0.416844	-0.781826	0.605874	0.147190	-0.152640	-0.414879	0.896982
60915	4.436121	1.615759	9.162850	0.017981	-0.040772	-0.001873	0.604578	0.678526	0.417239	-0.781749	0.605928	0.147375	-0.152819	-0.415276	0.896768
60916	4.418794	1.614091	9.148054	0.024129	-0.025340	0.002017	0.604529	0.678420	0.417482	-0.781787	0.605835	0.147558	-0.152819	-0.415585	0.896625
60917	4.384461	1.574295	9.169333	0.021361	-0.016982	0.000147	0.604474	0.678329	0.417710	-0.781826	0.605751	0.147698	-0.152840	-0.415856	0.896495
60918	4.475826	1.651587	9.189577	0.018997	-0.005060	0.003442	0.604445	0.678316	0.417773	-0.781864	0.605669	0.147828	-0.152758	-0.415996	0.896444
60919	4.385140	1.577558	9.168448	0.016740	0.014058	0.003228	0.604514	0.678305	0.417691	-0.781834	0.605682	0.147937	-0.152641	-0.415994	0.896465
60920	4.327251	1.533536	9.178419	0.016740	0.014057	0.003227	0.604516	0.678370	0.417582	-0.781867	0.605612	0.148048	-0.152462	-0.415991	0.896497
60921	4.214700	1.527821	9.171771	0.010278	0.010953	0.003266	0.604573	0.678350	0.417531	-0.781834	0.605638	0.148112	-0.152401	-0.415985	0.896510
60922	4.115860	1.555425	9.273356	0.005979	-0.012960	-0.003567	0.604587	0.678261	0.417655	-0.781810	0.605659	0.148155	-0.152469	-0.416100	0.896445
60923	4.284547	1.516398	9.205126	-0.009615	-0.023321	-0.000266	0.604591	0.678102	0.417909	-0.781757	0.605746	0.148084	-0.152731	-0.416234	0.896339
60924	4.220609	1.546169	9.207792	-0.018046	-0.028545	-0.004487	0.604588	0.677942	0.418172	-0.781690	0.605872	0.147915	-0.153081	-0.416309	0.896244
60925	4.382956	1.535115	9.234868	-0.033559	-0.040623	-0.004816	0.604675	0.677641	0.418535	-0.781524	0.606134	0.147722	-0.153586	-0.416419	0.896106
60926	4.408358	1.684239	9.156760	-0.050843	-0.031728	-0.003823	0.604662	0.677472	0.418827	-0.781411	0.606393	0.147257	-0.154211	-0.416317	0.896047
60927	4.413318	1.560682	9.231193	-0.058307	-0.019039	-0.002973	0.604728	0.677292	0.419023	-0.781237	0.606736	0.146766	-0.154833	-0.416110	0.896035
60928	4.443816	1.619938	9.213665	-0.061720	-0.009130	0.000890	0.604713	0.677246	0.419119	-0.781135	0.607008	0.146184	-0.155406	-0.415788	0.896086
60929	4.407879	1.637484	9.173202	-0.065311	0.000797	0.001296	0.604788	0.677162	0.419146	-0.780961	0.607372	0.145598	-0.155984	-0.415393	0.896168
60930	4.478270	1.565845	9.219175	-0.063722	0.008247	0.000518	0.604803	0.677186	0.419086	-0.780853	0.607654	0.144999	-0.156468	-0.414940	0.896294
60931	4.518028	1.560316	9.155821	-0.061878	0.028182	0.001590	0.604754	0.677330	0.418923	-0.780821	0.607833	0.144422	-0.156814	-0.414444	0.896463
60932	4.385227	1.563106	9.176177	-0.057239	0.034448	0.002635	0.604794	0.677475	0.418631	-0.780735	0.608073	0.143872	-0.157088	-0.413853	0.896688
60933	4.348231	1.527907	9.147865	-0.053651	0.038707	0.004241	0.604725	0.677686	0.418390	-0.780737	0.608203	0.143314	-0.157344	-0.413318	0.896890
60934	4.320064	1.489228	9.152503	-0.042237	0.035762	0.001309	0.604777	0.677828	0.418084	-0.780667	0.608390	0.142904	-0.157494	-0.412809	0.897097
60935	4.310192	1.508105	9.159306	-0.043571	0.026569	0.001893	0.604815	0.677900	0.417911	-0.780589	0.608583	0.142503	-0.157730	-0.412405	0.897242
60936	4.309346	1.522672	9.199149	-0.043775	0.031887	0.000321	0.604869	0.678020	0.417639	-0.780510	0.608783	0.142084	-0.157915	-0.411913	0.897435
60937	4.250656	1.473172	9.210049	-0.043568	0.012356	-0.000154	0.605010	0.677944	0.417559	-0.780325	0.609115	0.141677	-0.158292	-0.411548	0.897537
60938	4.287690	1.529816	9.226832	-0.041261	0.011040	0.000300	0.605031	0.677977	0.417474	-0.780249	0.609304	0.141280	-0.158584	-0.411212	0.897639
60939	4.355116	1.578777	9.198589	-0.051393	0.005342	0.002336	0.605109	0.677918	0.417457	-0.780101	0.609599	0.140825	-0.159014	-0.410873	0.897718
60940	4.348195	1.524605	9.176990	-0.052731	0.010346	0.004960	0.605093	0.677977	0.417385	-0.780035	0.609803	0.140305	-0.159399	-0.410472	0.897833
60941	4.405669	1.583707	9.207068	-0.049629	0.012758	0.005037	0.605106	0.678001	0.417326	-0.779949	0.610021	0.139834	-0.159770	-0.410108	0.897934
60942	4.426706	1.528771	9.232124	-0.049404	0.030515	0.008811	0.605092	0.678166	0.417078	-0.779911	0.610185	0.139328	-0.160007	-0.409591	0.898128
60943	4.397243	1.471191	9.198425	-0.050832	0.033856	0.004339	0.605163	0.678259	0.416825	-0.779801	0.610437	0.138843	-0.160274	-0.409063	0.898321
60944	4.451579	1.439941	9.163854	-0.044766	0.036772	0.009879	0.605151	0.678455	0.416522	-0.779777	0.610574	0.138374	-0.160437	-0.408531	0.898533
60945	4.336369	1.429218	9.159015	-0.037055	0.047409	0.002200	0.605311	0.678549	0.416137	-0.779630	0.610845	0.138008	-0.160550	-0.407971	0.898768
60946	4.315606	1.459571	9.224291	-0.027315	0.038720	0.003668	0.605351	0.678715	0.415808	-0.779596	0.610953	0.137722	-0.160565	-0.407532	0.898964
60947	4.335217	1.472878	9.186280	-0.023129	0.037853	0.001299	0.605374	0.678849	0.415555	-0.779560	0.611069	0.137410	-0.160651	-0.407134	0.899129
60948	4.293849	1.410504	9.172112	-0.017690	0.033670	-0.000061	0.605435	0.678972	0.415266	-0.779518	0.611163	0.137226	-0.160623	-0.406789	0.899291
60949	4.285391	1.450551	9.216697	-0.010143	0.033505	-0.002518	0.605453	0.679096	0.415037	-0.779525	0.611173	0.137147	-0.160523	-0.406567	0.899408
60950	4.262316	1.446513	9.204969	-0.005499	0.025597	-0.003505	0.605528	0.679164	0.414816	-0.779482	0.611241	0.137086	-0.160448	-0.406351	0.899519
60951	4.248506	1.438231	9.226063	-0.006296	0.021867	-0.003136	0.605743	0.679086	0.414629	-0.779313	0.611464	0.137054	-0.160459	-0.406145	0.899610
60952	4.296305	1.439920	9.286228	-0.015741	0.009354	-0.008769	0.605833	0.679056	0.414547	-0.779222	0.611609	0.136923	-0.160562	-0.405977	0.899668
60953	4.328664	1.443992	9.188732	-0.017591	0.003617	-0.007851	0.605886	0.678992	0.414575	-0.779143	0.611742	0.136776	-0.160743	-0.405883	0.899678
60954	4.409269	1.522323	9.178624	-0.019133	0.013939	-0.006776	0.605968	0.678992	0.414454	-0.779058	0.611888	0.136606	-0.160845	-0.405663	0.899759
60955	4.338780	1.401891	9.271709	-0.011818	0.024389	-0.008879	0.606059	0.679011	0.414290	-0.778985	0.612003	0.136509	-0.160856	-0.405458	0.899850
60956	4.312035	1.432799	9.211605	-0.014181	0.022091	-0.007604	0.606161	0.679039	0.414095	-0.778903	0.612134	0.136387	-0.160869	-0.405212	0.899958
60957	4.324194	1.386903	9.202702	0.001597	0.018299	-0.009402	0.606319	0.678976	0.413968	-0.778787	0.612274	0.136422	-0.160835	-0.405109	0.900011
60958	4.193735	1.348022	9.321905	-0.000675	0.014320	-0.011768	0.606440	0.678947	0.413838	-0.778702	0.612379	0.136439	-0.160791	-0.404998	0.900068
60959	4.142947	1.351118	9.353832	-0.021584	-0.013073	-0.014856	0.606526	0.678774	0.413995	-0.778579	0.612559	0.136329	-0.161060	-0.405015	0.900013
60960	4.170086	1.449736	9.288065	-0.027426	-0.035496	-0.020939	0.606639	0.678487	0.414301	-0.778395	0.612834	0.136143	-0.161526	-0.405079	0.899900
60961	4.068533	1.423298	9.365301	-0.055586	-0.058918	-0.032336	0.606900	0.677955	0.414788	-0.778032	0.613355	0.135877	-0.162293	-0.405182	0.899716
60962	4.010082	1.240124	9.374008	-0.062479	-0.083381	-0.037891	0.607066	0.677370	0.415501	-0.777687	0.613887	0.135447	-0.163323	-0.405355	0.899451
60963	3.948301	1.383558	9.444278	0.026777	-0.157540	-0.023719	0.607155	0.676442	0.416881	-0.777453	0.614093	0.135856	-0.164105	-0.406591	0.898751
60964	4.445978	1.511179	9.199361	0.032340	-0.142338	-0.017647	0.607065	0.675739	0.418150	-0.777386	0.614103	0.136195	-0.164755	-0.407743	0.898110
60965	4.379404	1.519640	9.178335	0.039438	-0.146356	-0.012849	0.606957	0.675001	0.419496	-0.777336	0.614072	0.136617	-0.165384	-0.409010	0.897418
60966	4.222568	1.393735	9.289612	0.057521	-0.151513	-0.014271	0.606823	0.674278	0.420850	-0.777332	0.613955	0.137168	-0.165893	-0.410377	0.896700
60967	4.135237	1.551012	9.402100	0.067207	-0.172792	-0.011312	0.606605	0.673471	0.422453	-0.777377	0.613755	0.137803	-0.166476	-0.411997	0.895848
60968	4.140914	1.556737	9.504444	0.087063	-0.199250	-0.001753	0.606294	0.672622	0.424249	-0.777499	0.613429	0.138565	-0.167045	-0.413864	0.894881
60969	4.086462	1.462410	9.501321	0.091243	-0.214734	0.006203	0.605963	0.671676	0.426216	-0.777607	0.613120	0.139324	-0.167741	-0.415854	0.893828
60970	3.943865	1.540686	9.780240	0.110967	-0.237640	0.010513	0.605488	0.670734	0.428368	-0.777843	0.612610	0.140246	-0.168355	-0.418121	0.892654
60971	3.927713	1.840323	9.708634	0.163176	-0.277337	0.028052	0.604962	0.669602	0.430875	-0.778150	0.611905	0.141615	-0.168829	-0.420957	0.891230
60972	4.163009	1.977166	9.795082	0.235997	-0.288618	0.082511	0.603840	0.668871	0.433577	-0.779033	0.610379	0.143335	-0.168773	-0.424323	0.889644
60973	4.443155	1.901285	9.729932	0.295998	-0.308709	0.167282	0.602142	0.668455	0.436569	-0.780427	0.608142	0.145251	-0.168402	-0.428172	0.887868
60974	4.218103	2.150009	9.977119	0.310298	-0.308996	0.303719	0.599256	0.668952	0.439767	-0.782759	0.604799	0.146648	-0.167871	-0.432112	0.886058
60975	4.619240	2.181837	10.504565	0.318064	-0.402725	0.463650	0.595129	0.669835	0.444008	-0.785888	0.600552	0.147371	-0.167935	-0.436645	0.883821
60976	4.194074	2.713468	11.103720	0.181961	-0.589871	0.676677	0.588807	0.671274	0.450219	-0.790187	0.595239	0.145927	-0.170031	-0.441680	0.880913
60977	4.369990	3.952403	11.880595	-0.160901	-0.897961	0.956001	0.579843	0.672803	0.459477	-0.795343	0.589732	0.140161	-0.176667	-0.446713	0.877061
60978	4.545822	3.782929	10.809828	-0.425435	-1.220054	1.240276	0.567727	0.674576	0.471840	-0.801672	0.583313	0.130642	-0.187102	-0.452430	0.871952
60979	4.507298	3.129493	9.793868	-0.515452	-1.581908	1.507535	0.552601	0.676011	0.487484	-0.809040	0.575600	0.118907	-0.200214	-0.460103	0.864997
60980	4.548698	5.329527	10.556312	-0.105635	-1.965470	1.792823	0.533969	0.677042	0.506450	-0.818549	0.563988	0.109065	-0.211790	-0.472791	0.855344
60981	3.453284	5.637479	10.849024	-0.148483	-2.438052	2.204550	0.510503	0.677540	0.529458	-0.829705	0.549813	0.096412	-0.225780	-0.488512	0.842840
60982	3.640888	5.300126	12.157310	0.054608	-2.923242	2.506421	0.482748	0.676514	0.556132	-0.842266	0.532596	0.083241	-0.239880	-0.508595	0.826915
60983	5.484589	11.079160	14.918247	0.083911	-3.158542	2.595354	0.453076	0.673591	0.583950	-0.854509	0.514812	0.069158	-0.254040	-0.530324	0.808838
60984	5.479772	10.898346	14.753387	-1.197030	-3.201709	2.764425	0.420810	0.670411	0.611120	-0.863388	0.502701	0.043045	-0.278353	-0.545747	0.790367
60985	4.336832	7.376113	11.544466	-2.102611	-3.215691	2.935419	0.386316	0.667149	0.636924	-0.868820	0.495056	0.008421	-0.309695	-0.556625	0.770881
60986	3.653992	2.379314	8.251241	-2.174626	-3.278473	2.961064	0.349871	0.663248	0.661583	-0.872632	0.487612	-0.027358	-0.340741	-0.567747	0.749373
60987	3.287796	-0.880357	6.488196	-1.548369	-3.274111	2.903654	0.312980	0.658382	0.684527	-0.876750	0.477399	-0.058296	-0.365174	-0.581913	0.726653
60988	4.007091	-0.972073	6.918805	-1.252867	-3.313184	2.948975	0.274623	0.652724	0.706069	-0.880693	0.465485	-0.087774	-0.385956	-0.597725	0.702682
60989	1.694552	0.589523	9.447453	-1.141530	-2.974332	2.507931	0.240952	0.646232	0.724104	-0.882569	0.456272	-0.113520	-0.403749	-0.611719	0.680284
60990	10.111114	6.255621	11.803772	-0.903732	-2.346436	0.807873	0.224203	0.635419	0.738901	-0.880721	0.456703	-0.125508	-0.417209	-0.622627	0.662021
60991	12.939366	8.036615	12.944894	-0.225944	-1.283933	-0.333740	0.221853	0.625822	0.747749	-0.878992	0.460308	-0.124458	-0.422083	-0.629653	0.652213
60992	8.161618	7.305074	9.695680	-0.102965	-0.018670	-1.365639	0.233759	0.619337	0.749519	-0.875428	0.469489	-0.114917	-0.423063	-0.629287	0.651932
60993	5.217710	6.155116	6.534975	0.075207	0.816439	-2.155931	0.256139	0.614136	0.746478	-0.870422	0.482409	-0.098216	-0.420426	-0.624594	0.658121
60994	3.125833	5.644162	6.945432	0.032190	1.447229	-2.611274	0.284839	0.610290	0.739198	-0.863475	0.498228	-0.078615	-0.416267	-0.615886	0.668885
60995	1.227313	4.313728	6.776542	-0.063411	1.695589	-2.854854	0.316496	0.606097	0.729710	-0.854584	0.516065	-0.057986	-0.411724	-0.605246	0.681293
60996	0.680594	2.782289	5.860598	-0.179101	1.676116	-2.985194	0.348723	0.600438	0.719629	-0.843901	0.535179	-0.037595	-0.407704	-0.594186	0.693340
60997	0.780519	0.945874	5.108003	-0.159502	1.548144	-3.092634	0.381023	0.592649	0.709640	-0.831927	0.554639	-0.016520	-0.403384	-0.584074	0.704371
60998	0.892168	-0.228529	4.858557	-0.061882	1.374518	-3.145370	0.412509	0.582857	0.700082	-0.819178	0.573516	0.005201	-0.398477	-0.575637	0.714044
60999	1.350104	-0.999109	5.277878	0.053664	1.203902	-3.087122	0.442454	0.571729	0.690912	-0.806156	0.591080	0.027137	-0.392869	-0.568990	0.722429
61000	2.077192	-1.332641	6.135486	0.160004	1.083490	-2.967376	0.470414	0.560070	0.681932	-0.793215	0.606995	0.048655	-0.386679	-0.563807	0.729795
61001	2.954216	-1.608215	7.128921	0.231320	1.024927	-2.821129	0.496615	0.548485	0.672709	-0.780435	0.621359	0.069525	-0.379860	-0.559533	0.736633
61002	4.237122	-1.687368	8.352463	0.303628	1.040298	-2.659168	0.521122	0.537573	0.662908	-0.768024	0.634134	0.089516	-0.372251	-0.555778	0.743330
61003	5.815647	-1.576662	9.410968	0.321051	1.177704	-2.467651	0.544312	0.528323	0.651613	-0.756052	0.645510	0.108179	-0.363469	-0.551537	0.750798
61004	6.887851	-1.700882	9.981973	0.306794	1.408277	-2.254550	0.566282	0.521363	0.638361	-0.744611	0.655686	0.125022	-0.353382	-0.546129	0.759516
61005	7.276633	-1.849654	10.143651	0.284569	1.699098	-1.986124	0.586907	0.517519	0.622668	-0.734155	0.664444	0.139751	-0.341404	-0.539155	0.769906
61006	7.390675	-2.022378	10.157549	0.249026	1.926906	-1.676481	0.605594	0.516607	0.605288	-0.724972	0.671807	0.151959	-0.328133	-0.530842	0.781368
61007	7.584027	-2.512590	9.962692	0.240920	2.137212	-1.298665	0.621831	0.519166	0.586338	-0.717801	0.677235	0.161602	-0.313190	-0.521363	0.793784
61008	7.676117	-2.249025	9.792462	0.280491	2.290645	-0.858921	0.634969	0.525145	0.566602	-0.713239	0.680297	0.168779	-0.296824	-0.511292	0.806521
61009	7.875004	-2.112491	9.665896	0.321423	2.395438	-0.390605	0.644644	0.534709	0.546370	-0.711710	0.680696	0.173555	-0.279111	-0.500738	0.819364
61010	7.473440	-1.262127	9.307347	0.394113	2.476150	0.017362	0.651205	0.547075	0.525967	-0.712867	0.678675	0.176696	-0.260295	-0.490010	0.831948
61011	6.669733	-0.089318	8.865377	0.475484	2.490286	0.294993	0.655309	0.561256	0.505531	-0.716041	0.674682	0.179135	-0.240532	-0.479370	0.844008
61012	6.115160	0.988570	8.713492	0.503502	2.464344	0.428275	0.657924	0.575800	0.485376	-0.719997	0.669884	0.181270	-0.220770	-0.468731	0.855308
61013	5.772206	2.230476	8.364834	0.485496	2.422779	0.423792	0.659944	0.589967	0.465202	-0.723872	0.665110	0.183408	-0.201206	-0.457786	0.865996
61014	5.431257	2.871141	8.216521	0.472995	2.347640	0.324780	0.662096	0.602723	0.445368	-0.726910	0.661057	0.186025	-0.182292	-0.446909	0.875809
61015	5.332334	3.404075	8.110726	0.456194	2.240350	0.151909	0.664839	0.613716	0.425842	-0.728756	0.658071	0.189358	-0.164023	-0.436227	0.884761
61016	5.303788	3.304873	7.703408	0.455386	2.088312	-0.040225	0.668385	0.622442	0.407219	-0.729181	0.656379	0.193548	-0.146818	-0.426301	0.892587
61017	5.381791	2.547897	7.446253	0.509872	1.901880	-0.206877	0.672505	0.629189	0.389691	-0.728537	0.655486	0.198927	-0.130274	-0.417684	0.899205
61018	5.574554	2.320815	7.332885	0.587886	1.680103	-0.377541	0.677318	0.633659	0.373788	-0.726696	0.655457	0.205645	-0.114693	-0.410917	0.904430
61019	5.681715	2.168980	7.386836	0.687775	1.399244	-0.487671	0.682344	0.636239	0.360010	-0.724142	0.655719	0.213660	-0.100127	-0.406488	0.908153
61020	6.404818	2.102260	7.906523	0.769913	1.169189	-0.540239	0.687348	0.637418	0.348212	-0.721148	0.656062	0.222549	-0.086592	-0.404081	0.910615
61021	7.280181	2.441641	8.615412	0.739185	0.983027	-0.579208	0.692303	0.637619	0.337874	-0.717757	0.656763	0.231272	-0.074440	-0.402622	0.912335
61022	8.747413	2.851817	9.689018	0.659212	0.904104	-0.586486	0.697134	0.637382	0.328252	-0.714126	0.657875	0.239218	-0.063475	-0.401180	0.913797
61023	10.073032	3.172372	10.158410	0.494206	1.000563	-0.601737	0.702015	0.637424	0.317595	-0.710193	0.659745	0.245688	-0.052925	-0.398030	0.915844
61024	10.246474	2.161125	9.395138	0.283105	1.198899	-0.628309	0.707044	0.637991	0.305051	-0.705890	0.662655	0.250214	-0.042510	-0.392245	0.918878
61025	9.345384	1.630722	7.878912	0.162160	1.334180	-0.636584	0.712057	0.638913	0.291144	-0.701397	0.666122	0.253622	-0.031895	-0.384801	0.922449
61026	8.469198	1.150150	6.618314	0.074688	1.344912	-0.622002	0.716776	0.639864	0.277140	-0.696963	0.669836	0.256052	-0.021800	-0.376688	0.926083
61027	8.157331	0.930072	5.932090	0.051584	1.274351	-0.624053	0.721381	0.640364	0.263711	-0.692429	0.673684	0.258246	-0.012286	-0.368895	0.929390
61028	8.091638	1.408190	5.620720	0.058333	1.170767	-0.664264	0.726066	0.640137	0.251103	-0.687616	0.677745	0.260471	-0.003447	-0.361781	0.932257
61029	7.797883	1.894966	5.483251	-0.008152	1.042255	-0.776276	0.731451	0.638500	0.239366	-0.681881	0.682802	0.262335	0.004061	-0.355105	0.934818
61030	7.748263	2.278142	5.459629	-0.090107	0.894554	-0.926097	0.737681	0.635281	0.228570	-0.675075	0.689038	0.263630	0.009985	-0.348777	0.937153
61031	7.760751	1.935037	5.301720	-0.210136	0.747202	-1.049179	0.744732	0.630464	0.218837	-0.667216	0.696489	0.264056	0.014060	-0.342663	0.939353
61032	-1.588629	14.777140	6.884699	-0.991976	-0.032650	-0.901527	0.750730	0.624018	0.216810	-0.660570	0.705530	0.256660	0.007195	-0.335901	0.941870
61033	13.759244	-12.252667	-0.872939	-1.279697	-1.026438	-0.569955	0.754606	0.616354	0.225115	-0.656116	0.713460	0.245940	-0.009025	-0.333290	0.942781
61034	0.718296	9.517595	7.408394	-1.919952	-0.891179	-0.824555	0.759832	0.607475	0.231581	-0.649502	0.724845	0.229668	-0.028343	-0.324922	0.945316
61035	8.605478	-0.610076	7.538029	-1.957414	-1.315258	-0.504316	0.762713	0.599355	0.242987	-0.644715	0.734312	0.212435	-0.051104	-0.318684	0.946482
61036	6.036261	1.512952	8.919049	-2.382209	-0.807202	-0.469387	0.765236	0.593347	0.249706	-0.639642	0.744570	0.190981	-0.072605	-0.305868	0.949302
61037	-6.106028	1.077161	10.469160	-2.672513	-0.204579	-0.141420	0.766115	0.591455	0.251493	-0.636184	0.753468	0.165999	-0.091311	-0.287170	0.953517
61038	-5.883273	-24.253603	15.398778	-0.495810	-1.520027	-0.204658	0.765922	0.585490	0.265642	-0.634112	0.756128	0.161780	-0.106139	-0.292358	0.950401
61039	3.185933	-4.678378	3.737012	0.319352	-1.562860	-0.795890	0.769262	0.574712	0.279182	-0.628285	0.759849	0.166993	-0.116163	-0.303867	0.945606
61040	-4.140827	-5.355274	7.476766	0.491755	-1.849631	0.008690	0.766963	0.569008	0.296645	-0.628935	0.758289	0.171575	-0.127315	-0.318162	0.939449
61041	7.330514	-3.043306	9.945554	0.544908	-2.325628	0.644977	0.759780	0.566247	0.319529	-0.634561	0.752875	0.174674	-0.141656	-0.335475	0.931338
61042	10.521625	2.271951	15.942625	0.391518	-1.887962	0.340296	0.754836	0.562324	0.337660	-0.637700	0.749635	0.177163	-0.153499	-0.349055	0.924445
61043	9.509241	5.436985	12.971973	0.262616	-1.539396	0.111107	0.751708	0.557660	0.352066	-0.638917	0.748115	0.179187	-0.163461	-0.359637	0.918663
61044	8.508117	2.715239	12.985974	0.242220	-1.233766	0.105747	0.748974	0.553942	0.363575	-0.640099	0.746667	0.181002	-0.171205	-0.368290	0.913812
61045	9.797299	-0.024389	13.645708	-0.065016	-0.906769	0.134013	0.746567	0.551509	0.372123	-0.640929	0.746217	0.179917	-0.178459	-0.372825	0.910579
61046	8.334779	2.923161	14.130324	-0.210348	-0.430983	0.066827	0.745366	0.550381	0.376178	-0.641030	0.746655	0.177728	-0.183057	-0.373614	0.909342
61047	6.943196	4.030961	9.627763	-0.652523	-0.178880	0.040597	0.744813	0.549938	0.377919	-0.640055	0.748911	0.171642	-0.188636	-0.369730	0.909789
61048	2.468585	5.133187	8.105986	-0.433346	-0.087777	0.039308	0.744400	0.549891	0.378798	-0.639505	0.750312	0.167525	-0.192097	-0.366949	0.910191
61049	3.490830	3.845277	8.177573	-0.422918	-0.329566	0.158806	0.742796	0.549769	0.382110	-0.639778	0.751057	0.163088	-0.197326	-0.365607	0.909612
61050	4.591065	2.979298	9.169347	-0.192824	-0.356087	0.187059	0.740895	0.549852	0.385665	-0.640764	0.750754	0.160592	-0.201238	-0.366102	0.908555
61051	4.044765	1.670817	9.455367	-0.149512	-0.351709	0.211380	0.738886	0.550028	0.389250	-0.641929	0.750216	0.158439	-0.204876	-0.366939	0.907404
61052	5.045665	1.197872	9.768475	-0.235783	-0.385528	0.219984	0.736681	0.550245	0.393106	-0.643045	0.749893	0.155415	-0.209271	-0.367276	0.906264
61053	4.887231	0.282822	10.265485	-0.260053	-0.191451	0.171641	0.735233	0.550709	0.395161	-0.643665	0.749979	0.152405	-0.212431	-0.366404	0.905881
61054	3.990610	0.945193	9.398009	-0.291811	-0.185497	0.125724	0.734033	0.550955	0.397045	-0.643945	0.750375	0.149240	-0.215708	-0.365222	0.905584
61055	3.771020	2.119308	8.701020	-0.200800	-0.235033	0.126213	0.732766	0.550930	0.399413	-0.644345	0.750486	0.146938	-0.218801	-0.365031	0.904919
61056	4.592426	0.938846	9.530826	-0.114123	-0.271478	0.145556	0.731235	0.551012	0.402096	-0.645140	0.750122	0.145298	-0.221560	-0.365655	0.903995
61057	4.636219	0.013079	10.266628	-0.116749	-0.202694	0.087212	0.730277	0.550811	0.404108	-0.645428	0.750142	0.143910	-0.223871	-0.365916	0.903320
61058	4.126861	1.773068	9.203242	-0.079169	-0.206833	0.045383	0.729525	0.550375	0.406055	-0.645562	0.750203	0.142987	-0.225927	-0.366446	0.902593
61059	4.069939	2.578059	8.762637	0.011614	-0.245625	0.063902	0.728608	0.549844	0.408415	-0.645968	0.749880	0.142847	-0.227718	-0.367903	0.901550
61060	4.900907	1.125008	9.603812	0.057356	-0.183510	0.063665	0.727784	0.549625	0.410174	-0.646543	0.749340	0.143080	-0.228720	-0.369326	0.900714
61061	4.104363	1.844080	9.268415	0.089288	-0.163939	0.038010	0.727217	0.549191	0.411759	-0.646936	0.748874	0.143745	-0.229412	-0.370915	0.899885
61062	4.107515	1.650691	9.141808	0.033957	-0.182022	0.058868	0.726423	0.548936	0.413495	-0.647422	0.748446	0.143783	-0.230551	-0.372154	0.899082
61063	4.716231	1.877964	9.183059	0.015270	-0.182686	0.064168	0.725640	0.548622	0.415283	-0.647834	0.748110	0.143673	-0.231855	-0.373289	0.898275
61064	4.926201	1.497015	9.511592	0.009471	-0.120520	0.066380	0.724936	0.548649	0.416475	-0.648318	0.747732	0.143458	-0.232704	-0.374006	0.897757
61065	4.722545	1.063116	9.617733	-0.058395	-0.087147	0.053177	0.724445	0.548604	0.417389	-0.648476	0.747735	0.142731	-0.233793	-0.374067	0.897449
61066	4.714987	1.091097	9.571405	-0.092520	0.012167	0.030313	0.724283	0.548857	0.417337	-0.648459	0.747936	0.141751	-0.234340	-0.373294	0.897628
61067	4.694685	1.311112	9.451077	-0.083531	0.031745	0.012477	0.724331	0.548955	0.417125	-0.648264	0.748253	0.140967	-0.234730	-0.372513	0.897850
61068	4.516338	1.105636	9.441777	-0.086764	0.074925	-0.007073	0.724559	0.549161	0.416457	-0.647989	0.748636	0.140193	-0.234786	-0.371438	0.898281
61069	4.155162	1.494605	9.165124	-0.078040	0.074164	-0.017681	0.724901	0.549192	0.415820	-0.647589	0.749096	0.139582	-0.234832	-0.370464	0.898672
61070	4.286926	1.278802	9.328876	-0.061027	0.046683	-0.022479	0.725163	0.549177	0.415384	-0.647263	0.749467	0.139103	-0.234924	-0.369735	0.898947
61071	4.158018	1.383437	9.242350	-0.055992	0.053994	-0.038138	0.725589	0.548980	0.414900	-0.646768	0.749955	0.138774	-0.234972	-0.369037	0.899222
61072	4.052467	1.983644	8.898618	-0.024308	0.016416	-0.029607	0.725825	0.548798	0.414726	-0.646476	0.750229	0.138655	-0.235046	-0.368750	0.899320
61073	4.162428	1.677531	9.143118	0.041006	0.006188	-0.023735	0.726047	0.548532	0.414692	-0.646312	0.750281	0.139138	-0.234813	-0.369041	0.899262
61074	3.943049	1.947114	8.944206	0.012756	-0.015968	-0.005799	0.726053	0.548410	0.414842	-0.646280	0.750287	0.139254	-0.234883	-0.369210	0.899174
61075	4.417137	1.635023	9.236674	-0.002227	-0.048532	0.013448	0.725906	0.548218	0.415352	-0.646283	0.750295	0.139195	-0.235327	-0.369477	0.898948
61076	4.493426	1.534951	9.214247	-0.015662	-0.019866	0.012493	0.725785	0.548219	0.415563	-0.646316	0.750307	0.138979	-0.235609	-0.369454	0.898884
61077	4.572001	1.336295	9.413968	-0.021584	0.004056	-0.000218	0.725850	0.548119	0.415580	-0.646174	0.750461	0.138804	-0.235796	-0.369288	0.898903
61078	4.368327	1.687161	9.152102	-0.027953	0.009359	-0.001937	0.725891	0.548119	0.415509	-0.646074	0.750597	0.138537	-0.235945	-0.369012	0.898977
61079	4.348030	1.662517	9.192240	-0.023371	0.019974	-0.000787	0.725999	0.548072	0.415383	-0.645922	0.750763	0.138348	-0.236029	-0.368745	0.899065
61080	4.431413	1.492306	9.230441	-0.020932	0.028049	0.001574	0.726062	0.548167	0.415148	-0.645864	0.750853	0.138130	-0.235997	-0.368420	0.899206
61081	4.245820	1.581645	9.103557	-0.018378	0.021484	0.005489	0.726132	0.548172	0.415018	-0.645770	0.750965	0.137960	-0.236038	-0.368183	0.899293
61082	4.296042	1.521487	9.188780	-0.028033	0.025725	0.003829	0.726175	0.548275	0.414807	-0.645711	0.751069	0.137669	-0.236068	-0.367817	0.899434
61083	4.303438	1.513552	9.131640	-0.046061	0.027225	0.005156	0.726261	0.548298	0.414625	-0.645548	0.751285	0.137252	-0.236246	-0.367341	0.899582
61084	4.242789	1.473436	9.238023	-0.058259	0.030617	0.004952	0.726308	0.548428	0.414371	-0.645426	0.751494	0.136684	-0.236436	-0.366721	0.899785
61085	4.203709	1.659670	9.118592	-0.065170	0.019165	0.008781	0.726353	0.548448	0.414266	-0.645244	0.751760	0.136080	-0.236796	-0.366144	0.899926
61086	4.208216	1.492212	9.183463	-0.075024	0.008566	0.014323	0.726287	0.548567	0.414224	-0.645149	0.751978	0.135322	-0.237254	-0.365519	0.900059
61087	4.107455	1.772670	8.934908	-0.075814	0.004540	0.020200	0.726224	0.548619	0.414266	-0.645024	0.752219	0.134575	-0.237788	-0.364943	0.900152
61088	3.878381	2.164596	8.928643	-0.024685	-0.061812	0.046254	0.725785	0.548721	0.414900	-0.645280	0.752077	0.134138	-0.238433	-0.365082	0.899925
61089	4.217611	1.205577	9.393288	-0.003364	-0.069678	0.050233	0.725352	0.548725	0.415651	-0.645542	0.751891	0.133920	-0.239039	-0.365459	0.899611
61090	4.258643	1.679415	9.037355	0.015313	-0.098389	0.044394	0.724836	0.548678	0.416611	-0.645880	0.751614	0.133850	-0.239690	-0.366100	0.899177
61091	4.556365	0.916441	9.711295	0.028074	-0.097823	0.035142	0.724432	0.548466	0.417593	-0.646109	0.751395	0.133976	-0.240296	-0.366867	0.898703
61092	4.404484	1.430188	9.036515	0.050072	-0.090312	0.007806	0.724171	0.548172	0.418431	-0.646265	0.751190	0.134371	-0.240663	-0.367724	0.898254
61093	4.507746	1.574045	9.190243	0.057186	-0.045934	0.009908	0.724053	0.547961	0.418911	-0.646381	0.751002	0.134861	-0.240704	-0.368423	0.897957
61094	4.562197	1.286375	9.287242	0.064024	-0.052788	0.002134	0.723919	0.547761	0.419404	-0.646530	0.750776	0.135405	-0.240709	-0.369179	0.897645
61095	4.471687	1.418691	9.189052	0.065845	-0.035619	-0.004151	0.723916	0.547482	0.419773	-0.646566	0.750631	0.136033	-0.240620	-0.369888	0.897377
61096	4.505542	1.377137	9.205740	0.052407	-0.016066	-0.007000	0.723929	0.547348	0.419924	-0.646620	0.750498	0.136510	-0.240434	-0.370355	0.897234
61097	4.362564	1.516359	9.181538	0.042484	-0.008205	-0.010255	0.724033	0.547123	0.420039	-0.646555	0.750473	0.136953	-0.240298	-0.370737	0.897113
61098	4.453179	1.522418	9.225379	0.030290	-0.004785	-0.010420	0.724095	0.547006	0.420084	-0.646531	0.750440	0.137246	-0.240174	-0.370976	0.897047
61099	4.411616	1.529865	9.147487	0.016156	0.016299	-0.007340	0.724238	0.546894	0.419984	-0.646424	0.750497	0.137441	-0.240030	-0.371028	0.897064
61100	4.231422	1.493763	9.162854	0.010493	0.025455	-0.005727	0.724343	0.546924	0.419763	-0.646387	0.750512	0.137537	-0.239815	-0.370953	0.897152
61101	3.924600	1.679931	9.089808	0.047352	-0.001198	-0.007481	0.724445	0.546746	0.419819	-0.646353	0.750453	0.138013	-0.239597	-0.371334	0.897053
