// General information: 
//  MT Manager version: 2022.2.0 
//  XDA version: 2022.2.0 build 7381 rev 124627 built on 2023-07-19
// Device information: 
//  DeviceId: 00B4CBA7
//  ProductCode: MTW2-3A7G6
//  Firmware Version: 4.6.0
//  Hardware Version: 2.0.0
// Device settings: 
//  Filter Profile: human(46.1)
//  Option Flags: Orientation Smoother Disabled, Position/Velocity Smoother Disabled, Continuous Zero Rotation Update Disabled, AHS Disabled, ICC Disabled
// Coordinate system: ENU
PacketCounter	Acc_X	Acc_Y	Acc_Z	Gyr_X	Gyr_Y	Gyr_Z	Mat[1][1]	Mat[2][1]	Mat[3][1]	Mat[1][2]	Mat[2][2]	Mat[3][2]	Mat[1][3]	Mat[2][3]	Mat[3][3]
09963	9.736126	0.992799	-0.537970	-0.001193	-0.114375	-0.136963	-0.015802	-0.142685	0.989642	-0.435150	0.892098	0.121673	-0.900219	-0.428721	-0.076186
09964	9.724025	1.110518	-0.629223	0.016605	-0.122100	-0.143610	-0.016207	-0.144508	0.989371	-0.435326	0.891813	0.123127	-0.900127	-0.428703	-0.077362
09965	9.771524	1.309405	-0.697483	0.019104	-0.117900	-0.141910	-0.016675	-0.146252	0.989107	-0.435510	0.891535	0.124483	-0.900029	-0.428690	-0.078561
09966	9.814313	1.431653	-0.768537	-0.034168	-0.124855	-0.145644	-0.017097	-0.148104	0.988824	-0.435230	0.891459	0.125995	-0.900157	-0.428212	-0.079700
09967	9.862751	1.331519	-0.899053	-0.040871	-0.124277	-0.134736	-0.017605	-0.149791	0.988561	-0.434854	0.891453	0.127333	-0.900329	-0.427638	-0.080831
09968	9.816298	1.377698	-0.884954	-0.038778	-0.119227	-0.143347	-0.017987	-0.151597	0.988279	-0.434533	0.891395	0.128827	-0.900476	-0.427122	-0.081907
09969	9.805352	1.473763	-0.802567	-0.051817	-0.118268	-0.137060	-0.018622	-0.153403	0.987988	-0.434176	0.891367	0.130217	-0.900635	-0.426536	-0.083203
09970	9.842266	1.500704	-0.809133	-0.040314	-0.118562	-0.130496	-0.019057	-0.155090	0.987716	-0.433841	0.891329	0.131585	-0.900788	-0.426005	-0.084271
09971	9.888709	1.617728	-0.773867	-0.006705	-0.124206	-0.125508	-0.019607	-0.156735	0.987446	-0.433808	0.891159	0.132838	-0.900792	-0.425757	-0.085466
09972	9.964032	1.761588	-0.678036	-0.015620	-0.131024	-0.121368	-0.020194	-0.158393	0.987170	-0.433695	0.891026	0.134095	-0.900833	-0.425423	-0.086688
09973	10.036489	1.705291	-0.619283	-0.012989	-0.141837	-0.109538	-0.020916	-0.160046	0.986888	-0.433679	0.890854	0.135281	-0.900825	-0.425163	-0.088041
09974	9.992517	1.665377	-0.504942	-0.003467	-0.156194	-0.084071	-0.021892	-0.161477	0.986634	-0.433670	0.890725	0.136158	-0.900806	-0.424893	-0.089527
09975	9.789191	1.681858	-0.342875	0.040765	-0.182589	-0.065347	-0.023285	-0.162899	0.986368	-0.434116	0.890409	0.136804	-0.900556	-0.425013	-0.091450
09976	9.542391	1.841700	-0.090627	0.070188	-0.204525	-0.051826	-0.024836	-0.164250	0.986106	-0.434766	0.890016	0.137295	-0.900201	-0.425315	-0.093514
09977	9.417361	1.805429	0.072552	0.049472	-0.230964	-0.039195	-0.026934	-0.165555	0.985833	-0.435191	0.889772	0.137533	-0.899935	-0.425321	-0.096013
09978	9.530098	1.686510	0.087319	0.076638	-0.261930	-0.024310	-0.029121	-0.166905	0.985543	-0.435893	0.889396	0.137742	-0.899527	-0.425580	-0.098652
09979	9.719865	1.507687	0.136792	0.023229	-0.294051	-0.009212	-0.031651	-0.168294	0.985229	-0.436154	0.889245	0.137886	-0.899315	-0.425347	-0.101548
09980	9.904031	1.078238	0.043724	0.035587	-0.335110	-0.009584	-0.034559	-0.169823	0.984868	-0.436483	0.889068	0.137988	-0.899048	-0.425110	-0.104850
09981	10.136876	1.007782	0.022851	0.062393	-0.379602	-0.015463	-0.037931	-0.171502	0.984453	-0.436986	0.888818	0.138004	-0.898668	-0.424958	-0.108657
09982	10.406750	0.987712	0.062479	0.057996	-0.420156	-0.008948	-0.041603	-0.173386	0.983975	-0.437516	0.888547	0.138072	-0.898247	-0.424761	-0.112826
09983	10.373270	0.997044	0.215257	0.063370	-0.470347	0.025466	-0.046061	-0.175098	0.983473	-0.438045	0.888352	0.137647	-0.897772	-0.424465	-0.117619
09984	10.233564	1.034276	0.266221	0.103078	-0.516913	0.051998	-0.050866	-0.176849	0.982923	-0.438951	0.887997	0.137054	-0.897070	-0.424484	-0.122797
09985	10.240438	1.087372	0.278272	0.161957	-0.571703	0.079609	-0.056250	-0.178640	0.982305	-0.440466	0.887384	0.136156	-0.896005	-0.425014	-0.128600
09986	10.267072	1.374359	0.363261	0.198350	-0.623307	0.109238	-0.062251	-0.180342	0.981632	-0.442185	0.886726	0.134865	-0.894761	-0.425668	-0.134944
09987	10.314685	1.480347	0.395018	0.113032	-0.678457	0.155322	-0.068950	-0.181779	0.980919	-0.443065	0.886547	0.133147	-0.893834	-0.425430	-0.141667
09988	10.370941	1.238034	0.208076	-0.022000	-0.725591	0.210631	-0.076306	-0.183012	0.980145	-0.442723	0.887014	0.131156	-0.893406	-0.423925	-0.148708
09989	10.372693	0.978822	-0.091046	-0.075512	-0.782830	0.278283	-0.084616	-0.183802	0.979315	-0.441859	0.887840	0.128455	-0.893085	-0.421849	-0.156340
09990	10.342356	0.993398	-0.107004	-0.157409	-0.849831	0.335729	-0.093627	-0.184411	0.978380	-0.440163	0.889110	0.125463	-0.893023	-0.418900	-0.164415
09991	10.344061	0.807759	-0.662826	-0.358342	-0.879623	0.384519	-0.103207	-0.184651	0.977370	-0.436686	0.891266	0.122271	-0.893674	-0.414185	-0.172620
09992	10.305075	0.617999	-1.057331	-0.595846	-0.886949	0.447945	-0.113026	-0.184315	0.976347	-0.430883	0.894529	0.118988	-0.895302	-0.407242	-0.180523
09993	10.165395	0.257947	-1.491437	-0.837255	-0.876436	0.520636	-0.123300	-0.183176	0.975317	-0.422888	0.898811	0.115346	-0.897754	-0.398228	-0.188286
09994	9.998795	-0.043994	-1.908722	-0.949736	-0.846175	0.583473	-0.133293	-0.181266	0.974359	-0.413612	0.903597	0.111519	-0.900643	-0.388142	-0.195417
09995	9.848544	-0.083475	-2.122455	-1.055624	-0.791324	0.650229	-0.143172	-0.178307	0.973503	-0.403227	0.908805	0.107155	-0.903831	-0.377201	-0.202014
09996	9.553628	-0.236496	-2.404568	-1.134224	-0.727480	0.712305	-0.152538	-0.174539	0.972763	-0.391916	0.914264	0.102586	-0.907267	-0.365593	-0.207865
09997	9.188381	-0.058756	-2.784927	-1.140787	-0.665699	0.764293	-0.161728	-0.169798	0.972118	-0.380392	0.919687	0.097356	-0.910574	-0.354041	-0.213329
09998	8.907526	0.303849	-3.026703	-1.186630	-0.609142	0.802597	-0.170238	-0.164539	0.971569	-0.368249	0.925149	0.092153	-0.914008	-0.342091	-0.218087
09999	8.634372	0.619011	-3.160408	-1.258543	-0.549697	0.812888	-0.178366	-0.158831	0.971060	-0.355473	0.930636	0.086925	-0.917510	-0.329681	-0.222454
10000	8.300210	0.694704	-3.362097	-1.348138	-0.499985	0.817243	-0.185762	-0.152842	0.970635	-0.341606	0.936255	0.082051	-0.921302	-0.316333	-0.226133
10001	8.060865	0.426444	-3.442198	-1.382616	-0.452412	0.819264	-0.193039	-0.146378	0.970211	-0.327265	0.941792	0.076976	-0.925005	-0.302657	-0.229707
10002	7.979486	-0.235047	-3.311447	-1.339408	-0.416984	0.817393	-0.199475	-0.139919	0.969862	-0.313265	0.946919	0.072179	-0.928480	-0.289426	-0.232719
10003	7.981668	-1.648122	-3.200261	-1.200690	-0.387991	0.800521	-0.205887	-0.133119	0.969479	-0.300312	0.951494	0.066872	-0.931356	-0.277378	-0.235877
10004	8.102855	-3.391229	-3.422011	-0.771308	-0.370688	0.776689	-0.211597	-0.126756	0.969102	-0.291518	0.954605	0.061208	-0.932869	-0.269559	-0.238944
10005	8.280788	-4.598560	-3.472702	-0.091334	-0.345298	0.742814	-0.217376	-0.120324	0.968643	-0.289032	0.955803	0.053867	-0.932313	-0.268259	-0.242546
10006	8.482409	-4.911129	-3.242094	0.725638	-0.311977	0.713896	-0.222322	-0.114377	0.968241	-0.294234	0.954663	0.045212	-0.929516	-0.274838	-0.245896
10007	8.642989	-4.339331	-2.877420	1.481342	-0.261587	0.665913	-0.227190	-0.108349	0.967804	-0.306295	0.951308	0.034600	-0.924429	-0.288573	-0.249314
10008	8.869665	-3.460602	-2.489405	2.038680	-0.201052	0.614891	-0.230940	-0.103137	0.967486	-0.323679	0.945873	0.023570	-0.917550	-0.307712	-0.251823
10009	9.145488	-2.687356	-2.181761	2.378869	-0.114329	0.565149	-0.234376	-0.097708	0.967223	-0.343936	0.938922	0.011507	-0.909272	-0.329966	-0.253667
10010	9.324472	-2.268782	-2.013557	2.560977	-0.012240	0.510474	-0.236262	-0.092997	0.967229	-0.365922	0.930646	0.000097	-0.900156	-0.353907	-0.253906
10011	9.246773	-1.811624	-1.359782	2.717559	0.071577	0.443288	-0.237593	-0.088272	0.967346	-0.389217	0.921074	-0.011547	-0.889977	-0.379251	-0.253198
10012	9.346770	-1.066842	-0.961476	2.756892	0.115810	0.366227	-0.238001	-0.084480	0.967584	-0.412750	0.910578	-0.022023	-0.879200	-0.404612	-0.251587
10013	9.867618	-0.384943	-1.314853	2.694748	0.218956	0.267554	-0.237348	-0.080779	0.968060	-0.435635	0.899563	-0.031745	-0.868267	-0.429256	-0.248700
10014	9.917575	-0.332940	-1.380595	2.494855	0.345399	0.153059	-0.235013	-0.077901	0.968865	-0.456823	0.888686	-0.039355	-0.857952	-0.451849	-0.244440
10015	10.051212	0.227101	-1.357552	2.322271	0.460055	0.065035	-0.231492	-0.074819	0.969955	-0.476434	0.878007	-0.045980	-0.848188	-0.472763	-0.238898
10016	10.155137	0.079310	-1.430032	1.916933	0.562767	0.019287	-0.226799	-0.071952	0.971280	-0.492587	0.868787	-0.050662	-0.840191	-0.489930	-0.232482
10017	10.416233	0.238803	-1.904422	1.870186	0.648568	0.019928	-0.221632	-0.068187	0.972743	-0.508178	0.859460	-0.055538	-0.832247	-0.506636	-0.225135
10018	10.590898	2.598221	-1.585076	1.669151	0.748259	-0.009524	-0.215346	-0.064430	0.974410	-0.522046	0.850866	-0.059112	-0.825284	-0.521417	-0.216866
10019	10.133328	3.811424	-1.588887	0.970552	0.872922	-0.029752	-0.207917	-0.059749	0.976320	-0.530037	0.845769	-0.061117	-0.822089	-0.530193	-0.207519
10020	10.034686	3.786859	-1.881938	0.347324	0.974486	-0.010835	-0.199812	-0.054664	0.978308	-0.532928	0.843908	-0.061692	-0.822230	-0.533695	-0.197755
10021	9.881663	4.147489	-1.793960	-0.262987	1.059897	0.025834	-0.191059	-0.048589	0.980375	-0.530723	0.845308	-0.061534	-0.825730	-0.532065	-0.187291
10022	9.834935	4.030682	-1.745723	-0.868464	1.133599	0.092473	-0.182112	-0.041819	0.982388	-0.523363	0.849935	-0.060838	-0.832422	-0.525225	-0.176670
10023	9.885307	2.850116	-2.081677	-1.265418	1.172129	0.172997	-0.173095	-0.033966	0.984319	-0.512362	0.856633	-0.060540	-0.841144	-0.514807	-0.165682
10024	9.822324	1.720535	-2.321148	-1.370833	1.180251	0.253686	-0.164363	-0.025783	0.986063	-0.500354	0.863682	-0.060820	-0.850077	-0.503377	-0.154858
10025	9.796800	1.379235	-2.436743	-1.296624	1.149818	0.328304	-0.156028	-0.016946	0.987607	-0.488581	0.870295	-0.062256	-0.858454	-0.492240	-0.144069
10026	9.701962	1.747122	-1.886789	-1.305614	1.101418	0.397574	-0.148411	-0.008121	0.988892	-0.476728	0.876693	-0.064347	-0.866432	-0.480982	-0.133982
10027	9.669139	2.569302	-1.219626	-1.355550	1.037489	0.430631	-0.141277	0.000843	0.989970	-0.464227	0.883179	-0.067001	-0.874377	-0.469036	-0.124382
10028	9.568910	3.167703	-0.703487	-1.578872	0.994800	0.387783	-0.134272	0.008870	0.990905	-0.449830	0.890450	-0.068925	-0.882963	-0.454994	-0.115573
10029	9.570631	1.814871	-0.854832	-1.817941	0.953507	0.331999	-0.127118	0.016183	0.991756	-0.433257	0.898533	-0.070195	-0.892261	-0.438608	-0.107208
10030	9.631968	-0.413615	-1.156146	-1.690289	0.882926	0.289208	-0.120399	0.022589	0.992469	-0.417758	0.905757	-0.071294	-0.900545	-0.423196	-0.099615
10031	9.610975	-1.420229	-1.426056	-1.116468	0.764324	0.236235	-0.114354	0.027993	0.993046	-0.407462	0.910333	-0.072583	-0.906034	-0.412929	-0.092694
10032	9.669254	-1.181661	-1.334115	-0.516273	0.622419	0.199102	-0.109478	0.032354	0.993463	-0.402566	0.912389	-0.074075	-0.908821	-0.408044	-0.086862
10033	9.718650	-0.547838	-1.224932	-0.037699	0.455333	0.160699	-0.105947	0.035786	0.993728	-0.402026	0.912492	-0.075722	-0.909478	-0.407527	-0.082289
10034	9.730112	0.045687	-1.392938	0.291478	0.305883	0.133221	-0.103669	0.038242	0.993876	-0.404547	0.911248	-0.077260	-0.908622	-0.410079	-0.078997
10035	9.656889	0.559814	-1.373172	0.445224	0.157738	0.110636	-0.102552	0.039988	0.993924	-0.408441	0.909383	-0.078729	-0.907006	-0.414033	-0.076926
10036	9.646899	1.009756	-1.366577	0.470363	0.024364	0.098025	-0.102699	0.040972	0.993868	-0.412613	0.907383	-0.080043	-0.905099	-0.418303	-0.076282
10037	9.338203	1.047184	-1.475496	0.404647	-0.112640	0.110625	-0.104050	0.041558	0.993703	-0.416157	0.905637	-0.081450	-0.903320	-0.422012	-0.076937
10038	9.103008	0.715041	-2.028041	0.423508	-0.258516	0.124261	-0.106867	0.041578	0.993404	-0.419858	0.903787	-0.082994	-0.901276	-0.425958	-0.079128
10039	8.858035	0.263893	-2.297175	0.439350	-0.386756	0.120397	-0.110771	0.041005	0.993000	-0.423695	0.901854	-0.084505	-0.899006	-0.430090	-0.082525
10040	8.777136	-0.161350	-2.586985	0.493677	-0.481072	0.104666	-0.115500	0.039861	0.992507	-0.428019	0.899674	-0.085942	-0.896359	-0.434738	-0.086851
10041	8.821294	-0.864640	-3.168453	0.663438	-0.528094	0.065274	-0.120387	0.038088	0.991996	-0.433880	0.896752	-0.087086	-0.892891	-0.440892	-0.091432
10042	8.868965	-1.322707	-3.555081	0.992987	-0.548863	0.031033	-0.125376	0.035914	0.991459	-0.442694	0.892314	-0.088304	-0.887864	-0.449985	-0.095976
10043	8.702052	-0.886143	-4.038856	1.309917	-0.576481	0.015379	-0.130448	0.033447	0.990891	-0.454216	0.886363	-0.089715	-0.881290	-0.461781	-0.100432
10044	9.153621	-0.225606	-3.159902	1.261672	-0.576338	0.035276	-0.135635	0.031059	0.990272	-0.465257	0.880450	-0.091340	-0.874722	-0.473120	-0.104970
10045	9.447205	-0.427548	-2.486001	0.912205	-0.524358	0.084051	-0.140561	0.029255	0.989640	-0.473048	0.876105	-0.093086	-0.869752	-0.481231	-0.109307
10046	9.270758	-0.706268	-2.406291	0.682948	-0.441616	0.145552	-0.145051	0.028384	0.989017	-0.478777	0.872752	-0.095265	-0.865871	-0.487337	-0.113004
10047	9.022716	-0.926636	-2.396980	0.400537	-0.388603	0.218710	-0.149382	0.028318	0.988374	-0.481918	0.870743	-0.097785	-0.863389	-0.490923	-0.116426
10048	9.132405	-0.565387	-2.563540	-0.127908	-0.329159	0.254997	-0.153416	0.028920	0.987738	-0.480439	0.871293	-0.100133	-0.863506	-0.489910	-0.119776
10049	9.052352	-0.754675	-3.331565	-0.692526	-0.259766	0.236655	-0.156722	0.029644	0.987198	-0.474081	0.874608	-0.101525	-0.866421	-0.483923	-0.123016
10050	8.902283	-1.677142	-3.689567	-1.118557	-0.209781	0.202029	-0.159457	0.030406	0.986737	-0.464053	0.879903	-0.102105	-0.871337	-0.474180	-0.126197
10051	9.270243	-2.539896	-3.762647	-1.271397	-0.162205	0.140347	-0.161501	0.030820	0.986391	-0.452679	0.885844	-0.101795	-0.876926	-0.462958	-0.129113
10052	10.261027	-3.601106	-2.787141	-1.184139	-0.105798	0.060864	-0.162669	0.030870	0.986198	-0.442177	0.891242	-0.100833	-0.882054	-0.452476	-0.131327
10053	11.513688	-3.643805	-2.561303	-0.434430	-0.087143	-0.027400	-0.163323	0.030180	0.986111	-0.438357	0.893227	-0.099940	-0.883838	-0.448591	-0.132654
10054	11.317076	-3.261770	-2.244404	0.317773	-0.118464	-0.066508	-0.164042	0.029047	0.986026	-0.441283	0.891814	-0.099686	-0.882247	-0.451469	-0.133477
10055	11.080779	-1.566843	-1.840700	0.995893	-0.144284	-0.045371	-0.165119	0.027950	0.985878	-0.450085	0.887308	-0.100537	-0.877587	-0.460329	-0.133931
10056	11.040791	1.010964	-1.584049	1.222839	-0.144694	0.011382	-0.166402	0.027371	0.985678	-0.460773	0.881606	-0.102268	-0.871779	-0.471191	-0.134089
10057	10.874115	3.101228	-1.166806	0.956421	-0.119701	0.064528	-0.167738	0.027330	0.985453	-0.468959	0.877058	-0.104147	-0.867146	-0.479606	-0.134299
10058	10.504546	3.439679	-1.346388	0.367661	-0.076760	0.105595	-0.168865	0.027880	0.985245	-0.471977	0.875256	-0.105661	-0.865288	-0.482855	-0.134641
10059	9.924576	2.605315	-1.719299	-0.258387	-0.049926	0.155544	-0.170036	0.028876	0.985015	-0.469450	0.876484	-0.106733	-0.866432	-0.480564	-0.135478
10060	9.697762	0.974964	-2.215400	-0.659139	-0.019981	0.198665	-0.171102	0.030519	0.984781	-0.463401	0.879571	-0.107773	-0.869473	-0.474788	-0.136354
10061	9.538607	-0.849601	-2.642752	-0.799324	0.006963	0.226583	-0.172075	0.032425	0.984550	-0.455995	0.883309	-0.108788	-0.873189	-0.467669	-0.137210
10062	9.429799	-2.168453	-2.527320	-0.751931	0.033558	0.240205	-0.172835	0.034700	0.984339	-0.449012	0.886717	-0.110098	-0.876651	-0.461009	-0.137674
10063	9.274136	-2.893210	-2.417020	-0.532069	0.053432	0.236427	-0.173409	0.036955	0.984156	-0.443866	0.889117	-0.111596	-0.879154	-0.456186	-0.137778
10064	8.972987	-3.194319	-2.176169	-0.249052	0.064810	0.212896	-0.173747	0.039137	0.984012	-0.441316	0.890167	-0.113327	-0.880371	-0.453951	-0.137392
10065	8.916043	-2.702482	-1.988226	0.049252	0.070724	0.183333	-0.173948	0.040980	0.983902	-0.441382	0.889907	-0.115099	-0.880298	-0.454297	-0.136709
10066	9.126857	-1.550548	-1.708130	0.217325	0.083349	0.171334	-0.173938	0.042876	0.983823	-0.443006	0.888843	-0.117060	-0.879484	-0.456200	-0.135609
10067	9.008842	-0.781468	-1.187762	0.225996	0.075951	0.174086	-0.174064	0.044693	0.983720	-0.444626	0.887775	-0.119008	-0.878641	-0.458102	-0.134658
10068	9.203120	-0.337320	-0.683788	0.173253	0.052827	0.175961	-0.174350	0.046490	0.983586	-0.445851	0.886898	-0.120951	-0.877963	-0.459620	-0.133903
10069	9.507979	-0.456409	-0.040354	0.138894	0.008169	0.184405	-0.175141	0.048044	0.983370	-0.446688	0.886215	-0.122854	-0.877380	-0.460776	-0.133752
10070	9.786764	-0.814420	0.316284	0.153766	-0.045979	0.210518	-0.176452	0.049689	0.983054	-0.447676	0.885401	-0.125108	-0.876613	-0.462165	-0.133986
10071	9.741960	-1.211777	0.669050	0.197474	-0.110482	0.213442	-0.178368	0.050979	0.982642	-0.448984	0.884413	-0.127382	-0.875556	-0.463912	-0.134863
10072	9.755972	-1.316900	1.115772	0.186955	-0.186797	0.209285	-0.180910	0.051953	0.982126	-0.450254	0.883435	-0.129670	-0.874382	-0.465665	-0.136430
10073	9.721771	-1.515651	1.216017	0.191777	-0.261959	0.194647	-0.184116	0.052333	0.981510	-0.451503	0.882490	-0.131748	-0.873067	-0.467411	-0.138852
10074	9.527827	-1.490637	1.017972	0.175520	-0.332757	0.181638	-0.187807	0.052370	0.980809	-0.452706	0.881571	-0.133756	-0.871657	-0.469138	-0.141857
10075	9.395079	-1.566524	0.441331	0.091943	-0.390447	0.168931	-0.191933	0.051985	0.980030	-0.453143	0.881083	-0.135481	-0.870531	-0.470097	-0.145552
10076	9.735915	-1.650429	-0.522682	0.045855	-0.431047	0.154650	-0.196350	0.051312	0.979190	-0.453251	0.880785	-0.137043	-0.869488	-0.470727	-0.149685
10077	9.788510	-1.563976	-1.477564	-0.000681	-0.438759	0.146833	-0.200794	0.050459	0.978333	-0.452939	0.880736	-0.138387	-0.868636	-0.470912	-0.153992
10078	9.759876	-1.260275	-2.265895	-0.089264	-0.425770	0.133827	-0.205064	0.049627	0.977490	-0.451902	0.881087	-0.139535	-0.868178	-0.470343	-0.158253
10079	9.515249	-1.264562	-2.747806	-0.158382	-0.393671	0.120787	-0.209032	0.048759	0.976693	-0.450220	0.881814	-0.140379	-0.868106	-0.469070	-0.162375
10080	9.219183	-1.464657	-2.826128	-0.164884	-0.358769	0.113603	-0.212624	0.048074	0.975951	-0.448559	0.882530	-0.141196	-0.868093	-0.467793	-0.166083
10081	9.272242	-1.839873	-2.833151	-0.127445	-0.334525	0.105443	-0.215997	0.047423	0.975242	-0.447144	0.883122	-0.141977	-0.867991	-0.466740	-0.169547
10082	9.433845	-2.137707	-2.839431	-0.039921	-0.303743	0.094603	-0.219023	0.046834	0.974595	-0.446601	0.883262	-0.142811	-0.867512	-0.466534	-0.172539
10083	9.519200	-2.088224	-2.872581	0.044803	-0.268540	0.085314	-0.221744	0.046264	0.974007	-0.446742	0.883055	-0.143650	-0.866747	-0.466983	-0.175144
10084	9.619210	-2.026004	-2.863876	0.066794	-0.233682	0.066346	-0.224033	0.045750	0.973507	-0.447182	0.882711	-0.144393	-0.865932	-0.467684	-0.177297
10085	9.624918	-2.004908	-2.630345	0.073474	-0.199967	0.045433	-0.225909	0.045199	0.973099	-0.447707	0.882358	-0.144922	-0.865172	-0.468403	-0.179097
10086	9.606482	-2.011182	-2.311643	0.118510	-0.187178	0.022757	-0.227597	0.044515	0.972737	-0.448690	0.881791	-0.145336	-0.864220	-0.469535	-0.180720
10087	9.598268	-1.911487	-1.951899	0.187604	-0.190569	0.002051	-0.229261	0.043628	0.972387	-0.450239	0.880944	-0.145679	-0.862974	-0.471205	-0.182323
10088	9.673603	-1.753246	-1.546994	0.189963	-0.197493	-0.013650	-0.230870	0.042568	0.972053	-0.451918	0.880052	-0.145873	-0.861666	-0.472966	-0.183940
10089	9.836818	-1.377730	-1.172927	0.177923	-0.222468	-0.022423	-0.232732	0.041236	0.971666	-0.453433	0.879264	-0.145920	-0.860369	-0.474546	-0.185935
10090	9.568586	-0.791773	-0.592382	0.095455	-0.253499	-0.027874	-0.234753	0.039780	0.971241	-0.454329	0.878821	-0.145807	-0.859347	-0.475491	-0.188232
10091	9.375306	-0.518747	-0.152513	-0.079503	-0.294130	-0.021827	-0.237166	0.038200	0.970718	-0.453652	0.879232	-0.145436	-0.859041	-0.474860	-0.191195
10092	9.408219	-0.600507	-0.166195	-0.195952	-0.347278	-0.005978	-0.240091	0.036494	0.970064	-0.451992	0.880161	-0.144979	-0.859104	-0.473269	-0.194824
10093	9.225818	-0.928786	-0.335146	-0.228212	-0.397402	0.008819	-0.243512	0.034630	0.969279	-0.449997	0.881255	-0.144538	-0.859188	-0.471370	-0.199013
10094	9.123630	-1.238423	-0.579063	-0.233248	-0.456230	0.020196	-0.247491	0.032654	0.968340	-0.447953	0.882344	-0.144243	-0.859119	-0.469470	-0.203745
10095	9.123623	-1.517753	-1.037864	-0.185411	-0.497433	0.023472	-0.251809	0.030422	0.967299	-0.446327	0.883214	-0.143966	-0.858711	-0.467983	-0.208822
10096	9.318821	-1.950248	-1.684244	-0.140492	-0.522253	0.019351	-0.256346	0.028144	0.966175	-0.445081	0.883863	-0.143835	-0.858015	-0.466898	-0.214048
10097	9.679886	-2.123753	-2.587948	-0.061369	-0.519953	0.010610	-0.260825	0.025826	0.965041	-0.444493	0.884165	-0.143796	-0.856969	-0.466459	-0.219133
10098	9.735272	-1.945722	-3.063635	0.041803	-0.511295	-0.006753	-0.265141	0.023373	0.963926	-0.444878	0.883970	-0.143803	-0.855444	-0.466958	-0.223978
10099	9.836489	-1.925942	-3.309410	0.002329	-0.476289	-0.042957	-0.268984	0.020726	0.962922	-0.445004	0.883983	-0.143335	-0.854178	-0.467059	-0.228554
10100	9.594950	-2.339821	-3.305287	0.028851	-0.445965	-0.081547	-0.272395	0.017914	0.962019	-0.445481	0.883863	-0.142596	-0.852847	-0.467403	-0.232780
10101	9.397114	-2.703962	-3.039256	0.132449	-0.420237	-0.123866	-0.275429	0.014764	0.961208	-0.446914	0.883294	-0.141628	-0.851121	-0.468586	-0.236686
10102	9.158985	-2.909442	-2.658381	0.248853	-0.418447	-0.153281	-0.278267	0.011438	0.960436	-0.449464	0.882144	-0.140728	-0.848852	-0.470841	-0.240331
10103	9.147830	-2.610163	-2.290171	0.376155	-0.425732	-0.178145	-0.281061	0.007817	0.959658	-0.453125	0.880404	-0.139881	-0.845980	-0.474160	-0.243906
10104	9.471989	-1.941176	-1.894799	0.389211	-0.446304	-0.193903	-0.283916	0.003980	0.958841	-0.456969	0.878562	-0.138957	-0.842954	-0.477613	-0.247620
10105	9.957492	-1.006721	-1.595730	0.340640	-0.464941	-0.197278	-0.286941	-0.000014	0.957948	-0.460364	0.876957	-0.137883	-0.840077	-0.480570	-0.251641
10106	9.911932	-0.110479	-1.072769	0.178808	-0.484004	-0.202415	-0.290036	-0.004126	0.957007	-0.462458	0.876090	-0.136379	-0.837861	-0.482130	-0.256006
10107	9.756815	0.117874	-0.889586	0.035151	-0.535791	-0.195830	-0.293593	-0.008480	0.955893	-0.463315	0.875923	-0.134532	-0.836147	-0.482377	-0.261094
10108	9.875733	-0.046153	-0.817635	-0.035602	-0.602685	-0.179672	-0.297764	-0.012968	0.954552	-0.463559	0.876073	-0.132702	-0.834536	-0.482004	-0.266874
10109	10.027284	0.130384	-0.619683	-0.054506	-0.677450	-0.173712	-0.302666	-0.017803	0.952930	-0.463543	0.876359	-0.130856	-0.832779	-0.481330	-0.273496
10110	10.131222	0.327714	-0.350018	-0.116256	-0.757317	-0.156137	-0.308212	-0.022820	0.951044	-0.463062	0.876884	-0.129027	-0.831011	-0.480160	-0.280833
10111	10.088378	0.107962	-0.188710	-0.232224	-0.847641	-0.144092	-0.314596	-0.028128	0.948809	-0.461531	0.877986	-0.127002	-0.829469	-0.477859	-0.289193
10112	9.935409	0.144804	0.351461	-0.287034	-0.950014	-0.123819	-0.321867	-0.033750	0.946183	-0.459557	0.879313	-0.124965	-0.827773	-0.475047	-0.298532
10113	9.813060	0.019605	0.617035	-0.346267	-1.065892	-0.105439	-0.330175	-0.039767	0.943082	-0.457005	0.880939	-0.122851	-0.825912	-0.471555	-0.309038
10114	9.853067	-0.250486	0.193052	-0.360376	-1.178089	-0.076400	-0.339513	-0.045983	0.939477	-0.454298	0.882597	-0.120978	-0.823616	-0.467876	-0.320543
10115	10.347751	-0.281292	-0.901379	-0.338187	-1.275900	-0.039654	-0.349762	-0.052360	0.935374	-0.451644	0.884174	-0.119388	-0.820783	-0.464213	-0.332898
10116	10.931400	-0.034051	-1.709498	-0.390405	-1.338610	-0.019548	-0.360611	-0.058728	0.930866	-0.448525	0.885965	-0.117861	-0.817793	-0.460018	-0.345830
10117	11.856580	0.712226	-1.599092	-0.516514	-1.389242	-0.000406	-0.371916	-0.065075	0.925983	-0.444292	0.888338	-0.116019	-0.815035	-0.454556	-0.359299
10118	12.533240	0.846822	-1.307263	-0.738193	-1.432718	-0.014684	-0.383484	-0.071673	0.920762	-0.438350	0.891653	-0.113159	-0.812889	-0.447011	-0.373352
10119	12.985422	0.311644	-0.651295	-0.930884	-1.476342	-0.036758	-0.395253	-0.078539	0.915208	-0.430916	0.895757	-0.109231	-0.811225	-0.437552	-0.387895
10120	13.534203	-0.240980	-0.778849	-0.844870	-1.533865	-0.059406	-0.407395	-0.085726	0.909220	-0.424323	0.899364	-0.105329	-0.808690	-0.428713	-0.402772
10121	13.441934	0.132178	-0.877192	-0.615508	-1.587463	-0.049865	-0.419910	-0.092922	0.902796	-0.419564	0.901941	-0.102314	-0.804762	-0.421743	-0.417721
10122	12.938346	0.818436	-1.310523	-0.495231	-1.647519	0.008041	-0.433134	-0.099759	0.895792	-0.415568	0.904019	-0.100261	-0.799812	-0.415689	-0.433018
10123	12.332744	1.506963	-1.474000	-0.409694	-1.698459	0.101814	-0.447025	-0.105842	0.888238	-0.411853	0.905820	-0.099337	-0.794070	-0.410229	-0.448515
10124	11.725332	1.487530	-1.603946	-0.513071	-1.727932	0.204419	-0.461506	-0.111030	0.880162	-0.406877	0.908126	-0.098784	-0.788330	-0.403707	-0.464281
10125	11.418479	0.872174	-1.932453	-0.578024	-1.761393	0.280753	-0.476344	-0.115530	0.871636	-0.401044	0.910753	-0.098454	-0.782470	-0.396462	-0.480164
10126	11.112840	0.121744	-1.635947	-0.674755	-1.769493	0.339648	-0.491462	-0.119385	0.862677	-0.394153	0.913796	-0.098088	-0.776601	-0.388233	-0.496152
10127	10.372805	-1.092163	-2.081175	-0.725650	-1.782067	0.362532	-0.506456	-0.122948	0.853455	-0.386758	0.917023	-0.097405	-0.770662	-0.379412	-0.511983
10128	9.848051	-2.587470	-2.203372	-0.728506	-1.801195	0.347810	-0.521586	-0.126518	0.843766	-0.379393	0.920184	-0.096551	-0.764205	-0.370478	-0.527955
10129	9.309852	-4.414715	-3.379755	-0.553033	-1.838304	0.353586	-0.536710	-0.130025	0.833688	-0.373353	0.922661	-0.096455	-0.756671	-0.363028	-0.543746
10130	9.191838	-6.230924	-4.657232	-0.200121	-1.867873	0.369980	-0.552105	-0.133362	0.823040	-0.369848	0.923867	-0.098399	-0.747257	-0.358726	-0.559395
10131	9.590129	-6.751661	-5.349697	0.328276	-1.886943	0.335494	-0.567132	-0.137038	0.812146	-0.370472	0.923122	-0.102942	-0.735603	-0.359259	-0.574301
10132	9.606574	-6.073483	-5.292397	0.638574	-1.876124	0.275388	-0.581810	-0.141281	0.800960	-0.373560	0.921196	-0.108860	-0.722461	-0.362543	-0.588738
10133	9.123750	-5.017024	-5.284455	0.833882	-1.875650	0.212358	-0.595817	-0.146150	0.789710	-0.378397	0.918406	-0.115524	-0.708391	-0.367655	-0.602505
10134	8.541201	-4.107887	-5.142824	0.702116	-1.816772	0.129092	-0.609030	-0.151691	0.778506	-0.382561	0.915999	-0.120798	-0.694787	-0.371396	-0.615902
10135	7.693771	-3.647818	-5.138344	0.562212	-1.745507	0.057131	-0.621060	-0.157640	0.767746	-0.386212	0.913933	-0.124765	-0.682001	-0.374000	-0.628489
10136	7.043088	-3.384251	-5.822070	0.495710	-1.619925	-0.040631	-0.631828	-0.164097	0.757539	-0.389834	0.912004	-0.127585	-0.669943	-0.375926	-0.640200
10137	6.371021	-3.492978	-6.092986	0.464836	-1.424088	-0.112408	-0.640648	-0.170453	0.748676	-0.393784	0.909995	-0.129783	-0.659170	-0.377962	-0.650108
10138	6.115723	-3.172691	-6.062507	0.579669	-1.187835	-0.185295	-0.647660	-0.176656	0.741167	-0.398786	0.907468	-0.132180	-0.649235	-0.381175	-0.658179
10139	6.370175	-2.500924	-5.979585	0.556500	-0.935729	-0.256575	-0.652472	-0.182527	0.735503	-0.404195	0.904801	-0.134024	-0.641020	-0.384733	-0.664134
10140	5.655101	-2.231162	-6.730348	0.441376	-0.708881	-0.304316	-0.655732	-0.188024	0.731206	-0.409017	0.902527	-0.134720	-0.634603	-0.387416	-0.668721
10141	5.160489	-2.543904	-5.667539	-0.019822	-0.500242	-0.337312	-0.657327	-0.192966	0.728481	-0.411257	0.901883	-0.132190	-0.631497	-0.386485	-0.672191
10142	6.811259	-1.605506	-3.975944	-0.129316	-0.125913	-0.416507	-0.656381	-0.197218	0.728196	-0.413194	0.901564	-0.128273	-0.631217	-0.385082	-0.673258
10143	7.209329	-1.249988	-3.551065	0.179374	0.257508	-0.442663	-0.652727	-0.200170	0.730670	-0.417380	0.899909	-0.126323	-0.632251	-0.387421	-0.670942
10144	6.819903	-1.833860	-3.663376	0.507214	0.574082	-0.406481	-0.647360	-0.201591	0.735042	-0.423250	0.897107	-0.126722	-0.633865	-0.393141	-0.666075
10145	6.497871	-2.322750	-4.190277	0.777089	0.863047	-0.346196	-0.640204	-0.201212	0.741386	-0.430575	0.893232	-0.129388	-0.636195	-0.402057	-0.658488
10146	6.409147	-2.200361	-4.397781	1.065752	1.127838	-0.331938	-0.631545	-0.199577	0.749213	-0.439497	0.888213	-0.133867	-0.638744	-0.413820	-0.648660
10147	6.621528	-1.887814	-4.524205	1.187070	1.360573	-0.361020	-0.621024	-0.196994	0.758632	-0.449531	0.882406	-0.138856	-0.642068	-0.427261	-0.636551
10148	7.059371	-1.546149	-4.489049	1.088830	1.582097	-0.410348	-0.608938	-0.193751	0.769192	-0.459088	0.876877	-0.142565	-0.646864	-0.439940	-0.622912
10149	7.514407	-1.164865	-4.416082	0.819942	1.778241	-0.434385	-0.595152	-0.189563	0.780935	-0.467211	0.872287	-0.144325	-0.653841	-0.450757	-0.607709
10150	7.979744	-1.101875	-4.418726	0.426924	1.965014	-0.429461	-0.580165	-0.184379	0.793355	-0.472563	0.869537	-0.143492	-0.663395	-0.458159	-0.591606
10151	8.118979	-1.646171	-4.588397	0.104709	2.133565	-0.392067	-0.563810	-0.177878	0.806522	-0.475683	0.868235	-0.141044	-0.675162	-0.463171	-0.574133
10152	8.150265	-2.329552	-4.709411	-0.024736	2.288850	-0.351671	-0.546506	-0.170291	0.819959	-0.477483	0.867731	-0.138031	-0.687998	-0.466951	-0.555531
10153	8.244532	-2.453191	-4.769330	-0.091712	2.419158	-0.323851	-0.527929	-0.161670	0.833759	-0.478762	0.867514	-0.134933	-0.701482	-0.470407	-0.535387
10154	8.378160	-2.474943	-4.811464	-0.203034	2.529757	-0.283911	-0.508616	-0.152211	0.847432	-0.478810	0.868019	-0.131467	-0.715577	-0.472625	-0.514369
10155	8.488332	-2.459567	-5.124995	-0.265511	2.623572	-0.247726	-0.488245	-0.141827	0.861105	-0.478308	0.868798	-0.128106	-0.729957	-0.474421	-0.492024
10156	8.552873	-2.451299	-5.292280	-0.263202	2.704137	-0.214679	-0.467258	-0.130850	0.874384	-0.477409	0.869750	-0.124964	-0.744144	-0.475829	-0.468866
10157	8.625218	-2.090090	-5.250369	-0.222526	2.767659	-0.182618	-0.445381	-0.119120	0.887382	-0.476751	0.870470	-0.122433	-0.757855	-0.477590	-0.444481
10158	8.711092	-1.335577	-5.052290	-0.208429	2.830683	-0.146987	-0.423008	-0.106865	0.899802	-0.475810	0.871295	-0.120205	-0.771148	-0.478983	-0.419413
10159	8.734823	-1.006135	-4.875962	-0.310746	2.886022	-0.102726	-0.399861	-0.093793	0.911764	-0.473991	0.872572	-0.118110	-0.784502	-0.479396	-0.393365
10160	8.813303	-1.361404	-4.973139	-0.356356	2.922496	-0.057239	-0.376440	-0.080294	0.922955	-0.471408	0.874224	-0.116215	-0.797538	-0.478837	-0.366944
10161	8.751565	-1.595682	-5.064834	-0.290914	2.951845	-0.009270	-0.352465	-0.066094	0.933488	-0.469284	0.875500	-0.115204	-0.809655	-0.478677	-0.339600
10162	8.687797	-1.696767	-5.006733	-0.200320	2.955178	0.027143	-0.328470	-0.051713	0.943098	-0.467572	0.876470	-0.114790	-0.820661	-0.478671	-0.312073
10163	8.671931	-1.767352	-5.025564	-0.084053	2.955468	0.051191	-0.304112	-0.036946	0.951920	-0.466892	0.876788	-0.115130	-0.830378	-0.479456	-0.283892
10164	8.819945	-1.722824	-4.953018	0.061526	2.956738	0.072318	-0.279740	-0.022117	0.959821	-0.467207	0.876509	-0.115971	-0.838727	-0.480877	-0.255528
10165	9.015149	-1.637889	-4.797339	0.191961	2.955588	0.080287	-0.255046	-0.006992	0.966904	-0.468782	0.875488	-0.117322	-0.845692	-0.483189	-0.226567
10166	9.000487	-1.153315	-4.398989	0.285423	2.953190	0.088982	-0.230368	0.008091	0.973070	-0.471001	0.874100	-0.118774	-0.851521	-0.485678	-0.197554
10167	8.985894	-0.831812	-3.952382	0.303070	2.939198	0.070473	-0.205430	0.023179	0.978397	-0.473594	0.872515	-0.120109	-0.856450	-0.488038	-0.168263
10168	9.076679	-0.305085	-3.441533	0.283509	2.917400	0.030346	-0.180490	0.037703	0.982854	-0.475982	0.871115	-0.120826	-0.860735	-0.489629	-0.139282
10169	9.173169	-0.232575	-3.002719	0.141439	2.891120	-0.022671	-0.155283	0.051818	0.986510	-0.477387	0.870341	-0.120860	-0.864863	-0.489715	-0.110411
10170	9.278078	-0.234785	-2.650152	0.090360	2.835578	-0.080775	-0.130286	0.064988	0.989344	-0.478297	0.869943	-0.120132	-0.868480	-0.488852	-0.082258
10171	9.601461	0.039197	-2.302171	-0.002861	2.756285	-0.130715	-0.105535	0.077450	0.991395	-0.478559	0.869967	-0.118907	-0.871690	-0.486989	-0.054748
10172	9.717952	-0.122744	-2.032675	-0.150494	2.672433	-0.174441	-0.081328	0.088898	0.992715	-0.477418	0.870839	-0.117096	-0.874904	-0.483463	-0.028382
10173	9.946227	-0.461513	-1.982569	-0.237771	2.558911	-0.204157	-0.057798	0.099568	0.993351	-0.475596	0.872103	-0.115087	-0.877763	-0.479086	-0.003051
10174	9.906569	-0.811906	-1.857658	-0.222538	2.426631	-0.238136	-0.035305	0.109059	0.993408	-0.473761	0.873409	-0.112723	-0.879945	-0.474618	0.020832
10175	9.945683	-0.597166	-1.768724	-0.056320	2.258515	-0.263889	-0.014051	0.117569	0.992965	-0.473438	0.873910	-0.110172	-0.880715	-0.471656	0.043383
10176	9.946306	-0.075516	-1.606019	0.060383	2.076347	-0.297104	0.005677	0.124743	0.992173	-0.473992	0.873983	-0.107172	-0.880511	-0.469674	0.064089
10177	9.769419	0.557826	-1.352198	0.105675	1.902954	-0.318318	0.024046	0.131000	0.991091	-0.474970	0.873838	-0.103978	-0.879674	-0.468238	0.083234
10178	9.615946	0.925024	-1.150693	0.085857	1.720795	-0.318002	0.040722	0.136264	0.989835	-0.475631	0.873859	-0.100730	-0.878702	-0.466694	0.100396
10179	9.362108	0.906893	-0.965010	0.087670	1.532637	-0.292200	0.055676	0.140945	0.988451	-0.476342	0.873808	-0.097767	-0.877496	-0.465397	0.115788
10180	9.074115	0.835890	-0.787684	0.124974	1.318029	-0.257413	0.068494	0.144823	0.987084	-0.477287	0.873592	-0.095053	-0.876074	-0.464612	0.128958
10181	8.785131	0.738315	-0.495366	0.181341	1.093677	-0.213417	0.079187	0.148111	0.985795	-0.478780	0.873026	-0.092709	-0.874357	-0.464637	0.140045
10182	8.457902	0.405631	-0.505674	0.292698	0.851319	-0.160219	0.087425	0.150673	0.984710	-0.481211	0.871901	-0.090688	-0.872234	-0.465925	0.148732
10183	8.161539	0.195078	-0.543862	0.450917	0.589879	-0.124520	0.093260	0.152397	0.983909	-0.485076	0.869955	-0.088769	-0.869485	-0.468992	0.155056
10184	7.994053	0.333522	-0.498459	0.622057	0.310932	-0.083706	0.096401	0.153134	0.983492	-0.490403	0.867147	-0.086950	-0.866147	-0.473926	0.158691
10185	7.974125	0.482832	-0.392264	0.698507	0.044554	-0.047268	0.097110	0.152974	0.983447	-0.496436	0.863867	-0.085353	-0.862624	-0.479930	0.159832
10186	7.974858	0.422023	-0.741684	0.754838	-0.191161	0.003261	0.095483	0.152077	0.983746	-0.502946	0.860211	-0.084163	-0.859028	-0.486734	0.158622
10187	7.843535	0.185666	-1.103014	0.814459	-0.416809	0.063081	0.091677	0.150591	0.984336	-0.510014	0.856106	-0.083473	-0.855267	-0.494373	0.155289
10188	7.906122	0.030217	-1.439174	0.838646	-0.634026	0.106911	0.085752	0.148344	0.985211	-0.517274	0.851763	-0.083228	-0.851513	-0.502487	0.149774
10189	8.174135	-0.104307	-2.339685	0.914742	-0.793177	0.144692	0.078338	0.145552	0.986244	-0.525180	0.846907	-0.083273	-0.847378	-0.511432	0.142786
10190	8.052174	-0.209076	-2.483327	0.849362	-0.922084	0.177243	0.069639	0.142294	0.987372	-0.532501	0.842269	-0.083826	-0.843560	-0.519938	0.134426
10191	7.986652	-0.478779	-2.871684	0.824713	-1.027619	0.211714	0.059920	0.138666	0.988525	-0.539580	0.837653	-0.084796	-0.839799	-0.528308	0.125014
10192	7.744222	-0.635322	-3.200124	0.813878	-1.085468	0.233180	0.049593	0.134835	0.989626	-0.546536	0.832997	-0.086106	-0.835966	-0.536596	0.115004
10193	7.653375	-0.768215	-3.142603	0.751953	-1.123334	0.238362	0.038962	0.130704	0.990656	-0.552899	0.828632	-0.087582	-0.832337	-0.544320	0.104551
10194	8.966264	-0.832879	-1.460352	0.467251	-1.072725	0.238977	0.028754	0.126815	0.991510	-0.556873	0.825765	-0.089467	-0.830100	-0.549573	0.094363
10195	9.022308	-0.822661	-1.509077	0.651084	-0.974177	0.210676	0.019542	0.123111	0.992201	-0.562294	0.821926	-0.090909	-0.826707	-0.556131	0.085286
10196	9.362734	-0.958441	-0.401333	0.406246	-0.821068	0.158141	0.011906	0.119826	0.992723	-0.565682	0.819461	-0.092128	-0.824538	-0.560469	0.077540
10197	10.443767	-0.751276	0.881164	0.381483	-0.586428	0.095191	0.006566	0.117246	0.993081	-0.568800	0.817232	-0.092724	-0.822450	-0.564256	0.072056
10198	10.486962	-1.091147	1.326908	0.335441	-0.360830	0.072065	0.003226	0.115795	0.993268	-0.571568	0.815246	-0.093185	-0.820548	-0.567420	0.068815
10199	10.146975	-1.861379	0.513363	0.362450	-0.262665	0.130855	0.000354	0.115307	0.993330	-0.574511	0.813061	-0.094176	-0.818497	-0.570646	0.066533
10200	10.137001	-1.512027	0.022758	0.254133	-0.305462	0.202260	-0.003273	0.115205	0.993336	-0.576596	0.811370	-0.096001	-0.817023	-0.573068	0.063771
10201	10.844143	0.257192	0.987182	-0.144219	-0.393067	0.247674	-0.007885	0.114909	0.993345	-0.575375	0.811938	-0.098492	-0.817852	-0.572322	0.059714
10202	13.322900	3.510276	1.928511	-0.284316	-0.545630	0.161673	-0.013245	0.113107	0.993495	-0.573039	0.813374	-0.100241	-0.819421	-0.570639	0.054041
10203	15.835752	4.635405	5.839483	-1.705781	-0.525217	0.037424	-0.017747	0.110381	0.993731	-0.558936	0.822988	-0.101397	-0.829021	-0.557232	0.047090
10204	15.142341	-4.777554	-1.062921	-2.232500	-0.673385	0.206298	-0.024470	0.108399	0.993806	-0.540258	0.835001	-0.104380	-0.841143	-0.539466	0.038131
10205	11.182389	-5.659839	-3.690749	-0.277589	-1.108490	0.220898	-0.034941	0.104200	0.993942	-0.537819	0.836296	-0.106580	-0.842336	-0.538286	0.026819
10206	9.324991	-1.516561	-2.039398	0.702249	-1.197303	0.128289	-0.045660	0.098784	0.994061	-0.543678	0.832357	-0.107687	-0.838051	-0.545366	0.015701
10207	10.677352	-0.256126	-2.686046	1.617371	-1.138026	0.187892	-0.056148	0.093983	0.993989	-0.557024	0.823272	-0.109306	-0.828596	-0.559813	0.006125
10208	9.763563	-0.390071	-5.267209	2.057587	-1.097348	0.313433	-0.066911	0.090305	0.993664	-0.573764	0.811276	-0.112365	-0.816283	-0.577647	-0.002470
10209	9.661770	1.696799	-4.608681	1.558530	-1.025348	0.372602	-0.077376	0.087230	0.993179	-0.586084	0.801891	-0.116090	-0.806547	-0.591068	-0.010923
10210	10.389597	2.841901	-3.534030	0.745933	-0.830099	0.310564	-0.085845	0.084782	0.992695	-0.591838	0.797185	-0.119264	-0.801473	-0.597752	-0.018257
10211	9.017849	1.984369	-2.865608	-0.460620	-0.638052	0.271765	-0.092558	0.083022	0.992240	-0.587815	0.799781	-0.121751	-0.803683	-0.594523	-0.025225
10212	9.322388	-0.504352	-2.832362	-1.402353	-0.554548	0.319102	-0.098859	0.082322	0.991691	-0.576196	0.807775	-0.124494	-0.811311	-0.583715	-0.032422
10213	9.988130	-3.087859	-2.795218	-1.600092	-0.475881	0.315742	-0.104532	0.081992	0.991136	-0.562719	0.816846	-0.126922	-0.820012	-0.570998	-0.039248
10214	10.279901	-5.276022	-3.005181	-1.337787	-0.424440	0.284476	-0.109577	0.081926	0.990596	-0.551408	0.824177	-0.129158	-0.827008	-0.560375	-0.045136
10215	10.317791	-5.640861	-2.986899	-0.436043	-0.421422	0.226515	-0.114322	0.081302	0.990111	-0.547440	0.826516	-0.131078	-0.828999	-0.557012	-0.049981
10216	9.729751	-3.954133	-2.369436	0.336089	-0.405064	0.154968	-0.118491	0.080319	0.989701	-0.550052	0.824509	-0.132767	-0.826682	-0.560119	-0.053518
10217	9.273962	-1.261124	-1.329644	0.765937	-0.398987	0.138729	-0.122575	0.079087	0.989303	-0.556100	0.820166	-0.134467	-0.822027	-0.566633	-0.056551
10218	9.263883	0.603187	-0.357618	0.610528	-0.383686	0.154202	-0.126548	0.078165	0.988876	-0.560925	0.816565	-0.136328	-0.818138	-0.571937	-0.059490
10219	9.614195	1.276147	0.172013	0.448919	-0.397886	0.186097	-0.130870	0.077270	0.988384	-0.564249	0.813931	-0.138343	-0.815166	-0.575799	-0.062920
10220	9.883556	0.821452	0.079157	0.112264	-0.408267	0.239866	-0.135516	0.076869	0.987789	-0.564854	0.813096	-0.140767	-0.813987	-0.577033	-0.066768
10221	9.913271	0.162414	-0.045382	-0.014059	-0.431514	0.277707	-0.140611	0.076500	0.987105	-0.564248	0.813058	-0.143387	-0.813543	-0.577134	-0.071160
10222	9.865006	-0.388760	-0.254584	-0.182129	-0.444828	0.292291	-0.145843	0.076313	0.986360	-0.562357	0.813882	-0.146119	-0.813931	-0.575997	-0.075784
10223	9.665847	-1.381811	-0.338131	-0.309707	-0.459603	0.294646	-0.151249	0.075933	0.985575	-0.559287	0.815535	-0.148662	-0.815060	-0.573704	-0.080881
