// General information: 
//  MT Manager version: 2022.2.0 
//  XDA version: 2022.2.0 build 7381 rev 124627 built on 2023-07-19
// Device information: 
//  DeviceId: 00B4CBA7
//  ProductCode: MTW2-3A7G6
//  Firmware Version: 4.6.0
//  Hardware Version: 2.0.0
// Device settings: 
//  Filter Profile: human(46.1)
//  Option Flags: Orientation Smoother Disabled, Position/Velocity Smoother Disabled, Continuous Zero Rotation Update Disabled, AHS Disabled, ICC Disabled
// Coordinate system: ENU
PacketCounter	Acc_X	Acc_Y	Acc_Z	Gyr_X	Gyr_Y	Gyr_Z	Mat[1][1]	Mat[2][1]	Mat[3][1]	Mat[1][2]	Mat[2][2]	Mat[3][2]	Mat[1][3]	Mat[2][3]	Mat[3][3]
19851	9.509528	-0.103348	-1.631884	0.037461	0.073669	-0.044104	-0.122847	-0.122307	0.984860	-0.823648	0.566173	-0.032426	-0.553636	-0.815162	-0.170291
19852	9.466696	0.025041	-1.538346	-0.014200	0.058629	-0.042364	-0.122193	-0.121999	0.984980	-0.823505	0.566406	-0.032006	-0.553994	-0.815046	-0.169678
19853	9.495136	-0.197989	-1.558654	-0.059803	0.013390	-0.037778	-0.121791	-0.122121	0.985015	-0.823216	0.566854	-0.031508	-0.554512	-0.814717	-0.169569
19854	9.626558	-0.180343	-1.163945	-0.018240	-0.001768	-0.022466	-0.121643	-0.122316	0.985009	-0.823239	0.566832	-0.031277	-0.554509	-0.814702	-0.169646
19855	9.723747	-0.227610	-0.929142	-0.044641	-0.011210	-0.015598	-0.121560	-0.122512	0.984994	-0.823007	0.567184	-0.031023	-0.554872	-0.814428	-0.169775
19856	9.592371	-0.624850	-0.853019	-0.052646	-0.045356	-0.020184	-0.121621	-0.123004	0.984926	-0.822747	0.567577	-0.030712	-0.555244	-0.814080	-0.170230
19857	9.524690	-0.972419	-0.900391	0.011996	-0.088316	-0.028526	-0.121860	-0.123901	0.984784	-0.822845	0.567451	-0.030427	-0.555047	-0.814032	-0.171101
19858	9.492225	-1.435573	-0.979857	0.141089	-0.139449	-0.044527	-0.122253	-0.125290	0.984559	-0.823668	0.566267	-0.030215	-0.553738	-0.814644	-0.172426
19859	9.500979	-1.783033	-1.040855	0.313424	-0.186762	-0.062199	-0.122755	-0.127181	0.984254	-0.825471	0.563640	-0.030121	-0.550934	-0.816171	-0.174174
19860	9.537292	-1.996275	-1.258602	0.522236	-0.210396	-0.088004	-0.123213	-0.129324	0.983918	-0.828350	0.559397	-0.030206	-0.546494	-0.818750	-0.176050
19861	9.485638	-2.193393	-1.426006	0.769554	-0.230270	-0.111806	-0.123518	-0.131852	0.983544	-0.832664	0.552942	-0.030444	-0.539828	-0.822722	-0.178087
19862	9.405315	-2.350308	-1.750709	1.047423	-0.252348	-0.137037	-0.123632	-0.134621	0.983154	-0.838340	0.544272	-0.030895	-0.530944	-0.828037	-0.180147
19863	9.432516	-2.236882	-1.888025	1.342306	-0.280959	-0.145578	-0.123864	-0.137757	0.982691	-0.845565	0.532920	-0.031873	-0.519305	-0.834877	-0.182492
19864	9.483139	-1.895872	-2.015213	1.604052	-0.290071	-0.162466	-0.123835	-0.140991	0.982235	-0.853879	0.519419	-0.033095	-0.505526	-0.842808	-0.184711
19865	9.520643	-1.495039	-2.176281	1.805845	-0.300839	-0.166862	-0.123881	-0.144409	0.981733	-0.863068	0.503889	-0.034788	-0.489660	-0.851612	-0.187057
19866	9.522047	-0.914784	-2.202029	1.918911	-0.298596	-0.177372	-0.123793	-0.147792	0.981240	-0.872518	0.487201	-0.036695	-0.472639	-0.860693	-0.189263
19867	9.398541	-0.402704	-2.123965	1.961658	-0.289921	-0.192488	-0.123430	-0.151236	0.980761	-0.881853	0.469949	-0.038515	-0.455083	-0.869641	-0.191374
19868	9.437062	0.009088	-2.119708	1.915888	-0.279278	-0.202067	-0.122812	-0.154539	0.980324	-0.890581	0.453050	-0.040150	-0.437931	-0.877988	-0.193269
19869	9.507001	0.315112	-2.063669	1.820182	-0.265829	-0.202147	-0.122126	-0.157796	0.979891	-0.898646	0.436690	-0.041678	-0.421332	-0.885665	-0.195134
19870	9.630282	0.632946	-2.023017	1.711813	-0.231779	-0.197430	-0.121104	-0.160535	0.979573	-0.905709	0.421728	-0.042858	-0.406233	-0.892398	-0.196471
19871	9.876729	0.972608	-2.053065	1.589926	-0.160932	-0.177041	-0.120116	-0.162723	0.979333	-0.912263	0.407211	-0.044229	-0.391598	-0.898722	-0.197358
19872	9.919283	1.542736	-2.053318	1.494092	-0.082854	-0.146835	-0.119001	-0.163882	0.979276	-0.918005	0.393935	-0.045631	-0.378293	-0.904410	-0.197323
19873	9.836446	2.639053	-1.425977	1.290151	-0.062106	-0.100656	-0.118285	-0.164847	0.979201	-0.922926	0.382078	-0.047165	-0.366356	-0.909309	-0.197336
19874	9.824104	3.894038	-0.723868	0.846809	-0.102188	-0.035656	-0.118080	-0.165639	0.979092	-0.925655	0.375294	-0.048145	-0.359472	-0.911986	-0.197639
19875	10.148591	4.613737	-0.409291	0.124744	-0.152556	0.033235	-0.118914	-0.166917	0.978774	-0.926061	0.374221	-0.048691	-0.358150	-0.912194	-0.199075
19876	10.108025	3.538461	-0.722712	-0.781885	-0.184108	0.079192	-0.120188	-0.168027	0.978428	-0.922814	0.382280	-0.047707	-0.366017	-0.908641	-0.201003
19877	9.824825	0.619894	-1.616243	-1.364306	-0.268316	0.109187	-0.122170	-0.170044	0.977834	-0.917602	0.394832	-0.045984	-0.378261	-0.902880	-0.204269
19878	9.916637	-2.345505	-2.411350	-1.437669	-0.346094	0.163864	-0.124958	-0.172258	0.977094	-0.911610	0.408635	-0.044543	-0.391602	-0.896295	-0.208095
19879	10.042296	-3.742300	-2.330651	-1.082650	-0.340430	0.271280	-0.128753	-0.174190	0.976258	-0.906972	0.418791	-0.044892	-0.401028	-0.891219	-0.211906
19880	10.166888	-3.392181	-1.792977	-0.689415	-0.307135	0.388863	-0.133421	-0.175173	0.975455	-0.903498	0.426000	-0.047077	-0.407297	-0.887603	-0.215106
19881	10.210527	-2.186329	-1.609712	-0.710808	-0.260892	0.469014	-0.138700	-0.175481	0.974663	-0.899939	0.433129	-0.050084	-0.413366	-0.884085	-0.217997
19882	9.874574	-1.569545	-2.113945	-1.000390	-0.228114	0.484161	-0.143851	-0.175293	0.973950	-0.894945	0.443085	-0.052435	-0.422351	-0.879175	-0.220616
19883	9.525438	-1.660211	-2.321606	-1.309362	-0.221200	0.471287	-0.148980	-0.175126	0.973209	-0.888647	0.455391	-0.054089	-0.433719	-0.872897	-0.223469
19884	9.328594	-2.112146	-2.466791	-1.555846	-0.207718	0.466230	-0.154103	-0.174418	0.972538	-0.880847	0.470165	-0.055253	-0.447617	-0.865172	-0.226089
19885	9.278489	-2.484883	-2.839446	-1.690663	-0.188302	0.485208	-0.159192	-0.173733	0.971841	-0.872392	0.485577	-0.056097	-0.462158	-0.856757	-0.228863
19886	9.245522	-2.357782	-2.827471	-1.706936	-0.180273	0.514900	-0.164516	-0.172461	0.971180	-0.863343	0.501364	-0.057217	-0.477047	-0.847875	-0.231376
19887	9.295169	-2.152659	-2.638475	-1.737558	-0.172679	0.532269	-0.169903	-0.171220	0.970472	-0.854032	0.516942	-0.058314	-0.491694	-0.838722	-0.234058
19888	9.259098	-1.843098	-2.594622	-1.728119	-0.157650	0.543104	-0.175293	-0.169455	0.969823	-0.844348	0.532472	-0.059576	-0.506309	-0.829312	-0.236418
19889	9.263710	-1.402440	-2.489818	-1.641771	-0.140546	0.556017	-0.180664	-0.167626	0.969155	-0.834930	0.546961	-0.061039	-0.519859	-0.820204	-0.238772
19890	9.359441	-1.042061	-2.441332	-1.586843	-0.138637	0.581073	-0.186192	-0.165370	0.968496	-0.825523	0.560847	-0.062941	-0.532770	-0.811236	-0.240942
19891	9.454482	-0.859398	-2.616311	-1.462638	-0.126999	0.606929	-0.191840	-0.162966	0.967801	-0.816492	0.573658	-0.065250	-0.544553	-0.802720	-0.243111
19892	9.239688	-0.225687	-2.818788	-1.306969	-0.105220	0.620749	-0.197525	-0.160039	0.967146	-0.808172	0.584978	-0.068257	-0.554835	-0.795103	-0.244886
19893	9.053071	0.641914	-2.950556	-1.205576	-0.087068	0.611716	-0.202913	-0.157131	0.966507	-0.800195	0.595501	-0.071183	-0.564371	-0.787838	-0.246570
19894	9.030816	1.403222	-2.975205	-1.227075	-0.057827	0.587311	-0.207901	-0.153835	0.965977	-0.791941	0.606107	-0.073920	-0.574114	-0.780365	-0.247839
19895	8.956933	1.805310	-3.151134	-1.355759	-0.017695	0.550854	-0.212323	-0.150616	0.965522	-0.782921	0.617480	-0.075845	-0.584768	-0.772032	-0.249026
19896	8.916097	1.706662	-3.390298	-1.454358	0.022883	0.514333	-0.216252	-0.147097	0.965193	-0.773408	0.629166	-0.077397	-0.595881	-0.763225	-0.249825
19897	8.864764	1.293218	-3.551815	-1.430465	0.067317	0.461018	-0.219374	-0.143673	0.965004	-0.763794	0.640700	-0.078243	-0.607037	-0.754229	-0.250289
19898	8.904377	0.864231	-3.524848	-1.316608	0.109282	0.393264	-0.221761	-0.139979	0.965002	-0.754683	0.651323	-0.078950	-0.617476	-0.745778	-0.250077
19899	8.883697	0.444355	-3.521036	-1.121894	0.141042	0.311611	-0.223206	-0.136903	0.965110	-0.747006	0.660092	-0.079129	-0.626228	-0.738604	-0.249604
19900	8.888232	0.248156	-3.453759	-0.861719	0.164583	0.228115	-0.223898	-0.134094	0.965344	-0.741090	0.666710	-0.079274	-0.632974	-0.733156	-0.248651
19901	8.967427	-0.001265	-3.431761	-0.581672	0.188990	0.127016	-0.223619	-0.131876	0.965714	-0.737102	0.671144	-0.079032	-0.637710	-0.729503	-0.247287
19902	9.025420	-0.161713	-3.265008	-0.252313	0.207361	0.022237	-0.222499	-0.130263	0.966191	-0.735615	0.672814	-0.078691	-0.639817	-0.728253	-0.245524
19903	9.112744	-0.217516	-2.978033	0.065734	0.231858	-0.082558	-0.220391	-0.129143	0.966825	-0.736211	0.672239	-0.078028	-0.639861	-0.728983	-0.243232
19904	9.256440	-0.283891	-2.963156	0.344167	0.259424	-0.184029	-0.217371	-0.128497	0.967594	-0.738893	0.669398	-0.077097	-0.637799	-0.731707	-0.240453
19905	9.426504	-0.505775	-2.724808	0.601088	0.306705	-0.268659	-0.213413	-0.128052	0.968534	-0.743286	0.664653	-0.075906	-0.634019	-0.736097	-0.237025
19906	9.529369	-1.027190	-2.589737	0.778220	0.328824	-0.296705	-0.209130	-0.127614	0.969525	-0.748828	0.658524	-0.074847	-0.628905	-0.741661	-0.233278
19907	9.593074	-1.178263	-2.476229	0.957054	0.339476	-0.262452	-0.205015	-0.126816	0.970508	-0.755352	0.651072	-0.074489	-0.622425	-0.748347	-0.229271
19908	9.640861	-0.598793	-1.995664	1.020236	0.334947	-0.203991	-0.201330	-0.125606	0.971437	-0.761936	0.643327	-0.074730	-0.615565	-0.755218	-0.225225
19909	9.792764	0.151000	-1.620244	0.843791	0.320338	-0.146032	-0.198234	-0.124125	0.972263	-0.767389	0.636760	-0.075170	-0.609768	-0.761006	-0.221480
19910	9.761927	0.596073	-1.288668	0.493541	0.295529	-0.099486	-0.195654	-0.122501	0.972992	-0.770491	0.632995	-0.075239	-0.606682	-0.764402	-0.218234
19911	9.776885	0.554832	-1.177819	0.088297	0.263506	-0.074957	-0.193461	-0.120973	0.973621	-0.771164	0.632241	-0.074676	-0.606530	-0.765269	-0.215604
19912	9.839615	0.073472	-1.257580	-0.234226	0.236352	-0.056399	-0.191550	-0.119561	0.974173	-0.769781	0.634057	-0.073542	-0.608889	-0.763987	-0.213489
19913	9.936105	-0.544155	-1.337044	-0.372475	0.212218	-0.050765	-0.189847	-0.118277	0.974663	-0.767596	0.636851	-0.072230	-0.612172	-0.761860	-0.211693
19914	10.064554	-1.081666	-1.495626	-0.361220	0.199138	-0.053427	-0.188203	-0.117145	0.975119	-0.765462	0.639562	-0.070905	-0.615343	-0.759761	-0.210038
19915	10.094090	-1.390037	-1.714416	-0.235226	0.194156	-0.054514	-0.186573	-0.116034	0.975565	-0.764106	0.641297	-0.069856	-0.617521	-0.758468	-0.208311
19916	9.976843	-1.398377	-1.717733	-0.024442	0.200813	-0.068904	-0.184794	-0.114999	0.976026	-0.764062	0.641433	-0.069086	-0.618110	-0.758511	-0.206400
19917	9.809612	-1.116049	-1.775649	0.119957	0.190957	-0.084457	-0.182952	-0.114105	0.976478	-0.764950	0.640438	-0.068483	-0.617559	-0.759486	-0.204454
19918	9.720574	-0.766403	-1.750411	0.192530	0.187102	-0.090282	-0.181092	-0.113287	0.976919	-0.766263	0.638924	-0.067950	-0.616480	-0.760882	-0.202512
19919	9.668941	-0.632294	-1.877784	0.204473	0.174808	-0.089696	-0.179310	-0.112541	0.977334	-0.767675	0.637278	-0.067461	-0.615242	-0.762372	-0.200666
19920	9.622338	-0.504741	-1.814283	0.203266	0.176100	-0.087558	-0.177510	-0.111824	0.977745	-0.769074	0.635646	-0.066927	-0.614016	-0.763838	-0.198835
19921	9.561820	-0.422010	-1.830217	0.161379	0.170943	-0.077708	-0.175846	-0.111024	0.978137	-0.770193	0.634339	-0.066461	-0.613092	-0.765041	-0.197056
19922	9.555194	-0.437052	-1.823011	0.109303	0.168905	-0.078924	-0.174140	-0.110256	0.978529	-0.770924	0.633518	-0.065812	-0.612660	-0.765832	-0.195319
19923	9.667402	-0.489135	-1.738555	0.081578	0.173249	-0.060380	-0.172596	-0.109324	0.978907	-0.771520	0.632840	-0.065355	-0.612346	-0.766526	-0.193571
19924	9.608738	-0.455227	-1.781715	0.077113	0.170256	-0.050938	-0.171152	-0.108394	0.979264	-0.772067	0.632212	-0.064960	-0.612061	-0.767176	-0.191891
19925	9.521627	-0.234115	-1.693486	0.081098	0.163186	-0.044983	-0.169789	-0.107439	0.979606	-0.772632	0.631554	-0.064649	-0.611729	-0.767852	-0.190241
19926	9.475543	-0.119883	-1.612833	0.049658	0.154777	-0.037236	-0.168495	-0.106530	0.979929	-0.772939	0.631216	-0.064283	-0.611699	-0.768256	-0.188698
19927	9.529954	-0.064237	-1.576247	0.008296	0.148316	-0.036052	-0.167292	-0.105632	0.980232	-0.773041	0.631127	-0.063920	-0.611899	-0.768453	-0.187240
19928	9.482735	-0.161941	-1.610681	-0.016111	0.140689	-0.024086	-0.166214	-0.104753	0.980510	-0.772933	0.631294	-0.063582	-0.612329	-0.768437	-0.185897
19929	9.533966	-0.300570	-1.539332	-0.017920	0.136118	-0.016944	-0.165233	-0.103828	0.980774	-0.772843	0.631427	-0.063357	-0.612709	-0.768453	-0.184575
19930	9.543267	-0.369991	-1.509851	-0.002787	0.128379	-0.010692	-0.164315	-0.102937	0.981022	-0.772787	0.631514	-0.063173	-0.613026	-0.768501	-0.183315
19931	9.601778	-0.376210	-1.480120	0.005721	0.117973	-0.001189	-0.163565	-0.102051	0.981240	-0.772815	0.631482	-0.063147	-0.613191	-0.768646	-0.182155
19932	9.696984	-0.430263	-1.452537	0.017062	0.108193	0.003362	-0.162871	-0.101235	0.981440	-0.772859	0.631430	-0.063125	-0.613321	-0.768796	-0.181082
19933	9.683401	-0.494407	-1.418938	0.036472	0.098234	0.008670	-0.162319	-0.100439	0.981613	-0.773059	0.631172	-0.063251	-0.613214	-0.769112	-0.180096
19934	9.649734	-0.423922	-1.339770	0.053624	0.085977	0.012056	-0.161878	-0.099749	0.981756	-0.773351	0.630798	-0.063424	-0.612964	-0.769509	-0.179253
19935	9.625953	-0.370052	-1.299301	0.055139	0.077764	0.011553	-0.161474	-0.099091	0.981890	-0.773661	0.630399	-0.063611	-0.612679	-0.769921	-0.178456
19936	9.632114	-0.329137	-1.325628	0.036689	0.061937	0.019227	-0.161214	-0.098526	0.981989	-0.773818	0.630186	-0.063810	-0.612548	-0.770168	-0.177836
19937	9.591275	-0.400471	-1.380428	0.036846	0.048244	0.015940	-0.161025	-0.098068	0.982066	-0.774009	0.629931	-0.064007	-0.612357	-0.770435	-0.177340
19938	9.584741	-0.332017	-1.393177	0.035991	0.040132	0.023719	-0.160930	-0.097644	0.982124	-0.774150	0.629734	-0.064243	-0.612203	-0.770650	-0.176935
19939	9.570845	-0.332386	-1.442607	0.025531	0.024509	0.030642	-0.161000	-0.097276	0.982149	-0.774248	0.629580	-0.064564	-0.612061	-0.770822	-0.176678
19940	9.575797	-0.395453	-1.445067	0.022172	0.012262	0.037676	-0.161183	-0.097019	0.982144	-0.774305	0.629476	-0.064892	-0.611941	-0.770939	-0.176584
19941	9.580533	-0.459063	-1.448490	0.028835	0.003627	0.041386	-0.161464	-0.096745	0.982125	-0.774406	0.629308	-0.065324	-0.611739	-0.771111	-0.176530
19942	9.612759	-0.488021	-1.492325	0.040417	-0.004312	0.044785	-0.161786	-0.096544	0.982092	-0.774535	0.629104	-0.065750	-0.611490	-0.771302	-0.176557
19943	9.592393	-0.496699	-1.464890	0.047648	-0.009646	0.047627	-0.162197	-0.096333	0.982045	-0.774740	0.628796	-0.066276	-0.611122	-0.771580	-0.176622
19944	9.614952	-0.407749	-1.501461	0.056228	-0.017452	0.052962	-0.162707	-0.096178	0.981976	-0.774987	0.628430	-0.066860	-0.610673	-0.771897	-0.176787
19945	9.605104	-0.295110	-1.494776	0.040351	-0.021518	0.063175	-0.163311	-0.095961	0.981897	-0.775121	0.628193	-0.067526	-0.610341	-0.772117	-0.176972
19946	9.644865	-0.331053	-1.599956	0.000673	-0.025558	0.059662	-0.163890	-0.095818	0.981814	-0.774989	0.628300	-0.068048	-0.610354	-0.772048	-0.177230
19947	9.688908	-0.389427	-1.662232	-0.021853	-0.020971	0.066162	-0.164513	-0.095578	0.981733	-0.774738	0.628546	-0.068633	-0.610505	-0.771877	-0.177452
19948	9.614319	-0.476624	-1.727622	-0.036448	-0.020827	0.064414	-0.165126	-0.095368	0.981651	-0.774381	0.628928	-0.069160	-0.610792	-0.771592	-0.177704
19949	9.589621	-0.536419	-1.838941	-0.024166	-0.014949	0.063016	-0.165688	-0.095101	0.981582	-0.774120	0.629188	-0.069710	-0.610971	-0.771413	-0.177869
19950	9.561136	-0.540577	-1.753274	0.000920	-0.010808	0.064771	-0.166219	-0.094803	0.981521	-0.773973	0.629306	-0.070288	-0.611013	-0.771354	-0.177978
19951	9.530423	-0.497092	-1.641696	-0.008393	-0.011837	0.070256	-0.166818	-0.094466	0.981452	-0.773796	0.629451	-0.070937	-0.611074	-0.771277	-0.178101
19952	9.525558	-0.517534	-1.733305	-0.029889	-0.016147	0.072937	-0.167418	-0.094149	0.981380	-0.773431	0.629833	-0.071520	-0.611372	-0.771003	-0.178263
19953	9.517793	-0.559246	-1.531134	-0.017824	-0.020451	0.073951	-0.168098	-0.093854	0.981292	-0.773189	0.630054	-0.072189	-0.611492	-0.770859	-0.178478
19954	9.573472	-0.609784	-1.562631	-0.041917	-0.028500	0.074388	-0.168805	-0.093642	0.981191	-0.772772	0.630498	-0.072775	-0.611824	-0.770522	-0.178795
19955	9.596857	-0.635696	-1.550715	-0.037588	-0.031129	0.074951	-0.169557	-0.093423	0.981082	-0.772406	0.630871	-0.073418	-0.612078	-0.770243	-0.179129
19956	9.622411	-0.636722	-1.470382	-0.015935	-0.035935	0.076511	-0.170343	-0.093274	0.980960	-0.772158	0.631098	-0.074077	-0.612173	-0.770075	-0.179525
19957	9.603494	-0.658761	-1.424944	-0.012862	-0.044794	0.077310	-0.171196	-0.093145	0.980824	-0.771938	0.631283	-0.074786	-0.612212	-0.769939	-0.179975
19958	9.573915	-0.586704	-1.440385	-0.021534	-0.052855	0.071419	-0.172011	-0.093139	0.980682	-0.771642	0.631577	-0.075363	-0.612357	-0.769698	-0.180508
19959	9.562808	-0.576751	-1.408378	-0.019930	-0.061830	0.073942	-0.172943	-0.093161	0.980516	-0.771383	0.631813	-0.076026	-0.612421	-0.769502	-0.181131
19960	9.541449	-0.586799	-1.387271	-0.028464	-0.078969	0.072294	-0.173944	-0.093368	0.980319	-0.771060	0.632137	-0.076608	-0.612544	-0.769211	-0.181949
19961	9.560117	-0.553581	-1.376339	-0.046373	-0.091748	0.080663	-0.175111	-0.093577	0.980092	-0.770626	0.632583	-0.077288	-0.612757	-0.768818	-0.182885
19962	9.598143	-0.553671	-1.441813	-0.059531	-0.099755	0.078459	-0.176301	-0.093909	0.979846	-0.770105	0.633145	-0.077882	-0.613071	-0.768316	-0.183944
19963	9.573580	-0.588882	-1.492913	-0.078535	-0.108207	0.083173	-0.177587	-0.094227	0.979584	-0.769468	0.633840	-0.078526	-0.613500	-0.767703	-0.185067
19964	9.573036	-0.643640	-1.529831	-0.077707	-0.111410	0.082345	-0.178865	-0.094601	0.979315	-0.768823	0.634548	-0.079123	-0.613937	-0.767072	-0.186229
19965	9.570001	-0.686751	-1.588935	-0.073904	-0.123104	0.080779	-0.180224	-0.095046	0.979023	-0.768215	0.635205	-0.079750	-0.614300	-0.766473	-0.187495
19966	9.588666	-0.737887	-1.655591	-0.070287	-0.128686	0.080702	-0.181583	-0.095545	0.978723	-0.767602	0.635872	-0.080338	-0.614667	-0.765858	-0.188804
19967	9.630307	-0.730896	-1.805347	-0.074136	-0.130706	0.079028	-0.182976	-0.096058	0.978413	-0.766993	0.636529	-0.080945	-0.615013	-0.765247	-0.190145
19968	9.647494	-0.817809	-1.919796	-0.077699	-0.122544	0.074958	-0.184267	-0.096556	0.978122	-0.766348	0.637240	-0.081466	-0.615433	-0.764593	-0.191417
19969	9.603244	-0.873061	-2.093764	-0.065192	-0.114527	0.070801	-0.185497	-0.096994	0.977846	-0.765807	0.637821	-0.082007	-0.615736	-0.764053	-0.192592
19970	9.640842	-0.919655	-2.187181	-0.040517	-0.102935	0.067845	-0.186600	-0.097405	0.977595	-0.765406	0.638237	-0.082506	-0.615901	-0.763653	-0.193649
19971	9.628812	-0.879397	-2.281930	-0.010746	-0.086115	0.072054	-0.187665	-0.097617	0.977370	-0.765196	0.638403	-0.083163	-0.615838	-0.763487	-0.194502
19972	9.577967	-0.762172	-2.245099	-0.008926	-0.076207	0.069448	-0.188647	-0.097795	0.977164	-0.764992	0.638567	-0.083777	-0.615792	-0.763327	-0.195276
19973	9.573554	-0.756610	-2.273196	-0.024162	-0.062166	0.064804	-0.189508	-0.097871	0.976989	-0.764712	0.638829	-0.084337	-0.615875	-0.763098	-0.195906
19974	9.605216	-0.798106	-2.302111	-0.050101	-0.046219	0.061755	-0.190221	-0.097836	0.976854	-0.764250	0.639322	-0.084790	-0.616229	-0.762690	-0.196383
19975	9.594276	-0.870183	-2.342238	-0.062268	-0.032710	0.056666	-0.190838	-0.097738	0.976744	-0.763750	0.639866	-0.085195	-0.616658	-0.762246	-0.196758
19976	9.573168	-0.961471	-2.390503	-0.050586	-0.012782	0.050617	-0.191280	-0.097564	0.976675	-0.763316	0.640338	-0.085528	-0.617058	-0.761871	-0.196956
19977	9.629251	-0.973161	-2.374400	-0.040708	0.000230	0.041461	-0.191577	-0.097312	0.976641	-0.762977	0.640703	-0.085826	-0.617385	-0.761597	-0.196991
19978	9.590729	-1.031112	-2.343868	-0.010959	0.012039	0.039581	-0.191779	-0.097032	0.976630	-0.762810	0.640862	-0.086119	-0.617529	-0.761499	-0.196921
19979	9.588468	-0.921581	-2.140172	0.014961	0.021854	0.036010	-0.191901	-0.096649	0.976644	-0.762825	0.640797	-0.086474	-0.617473	-0.761602	-0.196696
19980	9.583420	-0.884028	-2.031016	-0.002601	0.025326	0.030654	-0.191988	-0.096321	0.976659	-0.762733	0.640872	-0.086730	-0.617559	-0.761581	-0.196507
19981	9.507506	-0.881255	-2.017423	-0.024905	0.030392	0.022959	-0.191958	-0.095957	0.976701	-0.762526	0.641097	-0.086879	-0.617824	-0.761437	-0.196234
19982	9.545885	-0.942431	-1.995292	-0.020760	0.037226	0.017744	-0.191837	-0.095600	0.976759	-0.762336	0.641313	-0.086956	-0.618095	-0.761301	-0.195907
19983	9.572169	-0.927419	-1.929693	-0.026339	0.042010	0.016279	-0.191685	-0.095191	0.976829	-0.762134	0.641543	-0.087037	-0.618393	-0.761158	-0.195522
19984	9.564613	-0.959937	-1.914130	-0.014663	0.044857	0.014139	-0.191479	-0.094807	0.976907	-0.761991	0.641706	-0.087078	-0.618632	-0.761068	-0.195115
19985	9.606083	-0.917922	-1.918572	-0.003485	0.047017	0.008660	-0.191237	-0.094408	0.976993	-0.761944	0.641755	-0.087129	-0.618764	-0.761077	-0.194661
19986	9.560019	-0.842575	-1.895088	-0.004049	0.052054	0.008343	-0.190981	-0.094007	0.977082	-0.761884	0.641821	-0.087167	-0.618917	-0.761070	-0.194198
19987	9.616173	-0.887492	-1.920554	-0.013120	0.050975	0.000963	-0.190656	-0.093628	0.977182	-0.761792	0.641936	-0.087125	-0.619131	-0.761020	-0.193714
19988	9.529074	-0.937911	-1.962041	0.000214	0.056165	-0.005600	-0.190238	-0.093280	0.977296	-0.761774	0.641973	-0.087010	-0.619282	-0.761032	-0.193186
19989	9.504817	-0.953333	-2.018594	0.019323	0.058801	-0.013385	-0.189754	-0.092934	0.977423	-0.761910	0.641828	-0.086890	-0.619262	-0.761197	-0.192597
19990	9.530676	-0.888741	-1.924078	0.050552	0.061966	-0.014222	-0.189221	-0.092622	0.977556	-0.762225	0.641471	-0.086762	-0.619038	-0.761535	-0.191979
19991	9.518373	-0.848759	-1.922330	0.056248	0.065133	-0.012414	-0.188706	-0.092220	0.977694	-0.762588	0.641046	-0.086722	-0.618749	-0.761942	-0.191295
19992	9.559497	-0.757777	-1.897984	0.048514	0.066883	-0.012795	-0.188137	-0.091812	0.977842	-0.762878	0.640714	-0.086620	-0.618565	-0.762270	-0.190583
19993	9.580604	-0.753926	-1.919530	0.033275	0.063891	-0.013572	-0.187621	-0.091427	0.977977	-0.763100	0.640462	-0.086524	-0.618447	-0.762528	-0.189932
19994	9.625929	-0.769502	-1.926298	0.023232	0.072105	-0.018594	-0.186983	-0.091059	0.978134	-0.763252	0.640312	-0.086296	-0.618452	-0.762698	-0.189229
19995	9.556557	-0.834413	-1.891783	0.034825	0.080676	-0.017670	-0.186332	-0.090572	0.978303	-0.763492	0.640044	-0.086162	-0.618353	-0.762981	-0.188412
19996	9.574858	-0.770631	-1.906902	0.038637	0.082659	-0.015951	-0.185657	-0.090074	0.978477	-0.763730	0.639780	-0.086016	-0.618262	-0.763262	-0.187572
19997	9.589175	-0.761583	-1.867254	0.038333	0.089533	-0.017455	-0.184953	-0.089517	0.978662	-0.763990	0.639485	-0.085890	-0.618151	-0.763574	-0.186665
19998	9.580600	-0.780227	-1.867982	0.035394	0.092685	-0.021215	-0.184184	-0.088976	0.978856	-0.764217	0.639241	-0.085691	-0.618101	-0.763842	-0.185735
19999	9.570908	-0.750864	-1.842414	0.041918	0.092663	-0.020249	-0.183440	-0.088413	0.979047	-0.764504	0.638917	-0.085544	-0.617967	-0.764178	-0.184795
20000	9.578159	-0.820920	-1.816234	0.046681	0.099408	-0.019066	-0.182647	-0.087822	0.979248	-0.764801	0.638584	-0.085379	-0.617834	-0.764524	-0.183802
20001	9.579674	-0.735787	-1.732704	0.061199	0.099481	-0.018858	-0.181871	-0.087197	0.979449	-0.765204	0.638114	-0.085280	-0.617564	-0.764988	-0.182778
20002	9.587769	-0.692063	-1.756179	0.047015	0.092137	-0.016017	-0.181164	-0.086694	0.979624	-0.765506	0.637773	-0.085126	-0.617398	-0.765330	-0.181906
20003	9.553534	-0.721007	-1.648116	0.039962	0.096798	-0.015793	-0.180428	-0.086069	0.979815	-0.765772	0.637468	-0.085017	-0.617283	-0.765655	-0.180927
20004	9.504137	-0.782759	-1.640252	0.044237	0.089165	-0.021272	-0.179630	-0.085560	0.980006	-0.766050	0.637165	-0.084785	-0.617172	-0.765964	-0.179997
20005	9.562083	-0.790008	-1.613376	0.058268	0.085181	-0.017146	-0.178955	-0.085032	0.980176	-0.766431	0.636718	-0.084695	-0.616894	-0.766394	-0.179115
20006	9.560223	-0.729775	-1.600256	0.061317	0.084630	-0.017561	-0.178299	-0.084579	0.980335	-0.766822	0.636264	-0.084572	-0.616599	-0.766821	-0.178302
20007	9.557824	-0.706028	-1.634556	0.053647	0.085989	-0.016485	-0.177625	-0.084040	0.980503	-0.767173	0.635853	-0.084479	-0.616357	-0.767221	-0.177417
20008	9.560750	-0.753367	-1.652186	0.056935	0.078947	-0.016884	-0.176946	-0.083574	0.980666	-0.767524	0.635449	-0.084334	-0.616115	-0.767607	-0.176586
20009	9.564079	-0.763888	-1.622964	0.050783	0.075058	-0.022059	-0.176297	-0.083153	0.980818	-0.767866	0.635055	-0.084180	-0.615874	-0.767978	-0.175809
20010	9.567366	-0.773982	-1.593954	0.042714	0.075336	-0.022830	-0.175630	-0.082783	0.980969	-0.768146	0.634745	-0.083961	-0.615715	-0.768274	-0.175070
20011	9.621541	-0.721238	-1.563794	0.048341	0.070187	-0.019768	-0.175029	-0.082385	0.981110	-0.768469	0.634372	-0.083825	-0.615483	-0.768625	-0.174344
20012	9.634879	-0.711707	-1.525598	0.052651	0.067529	-0.019196	-0.174429	-0.082017	0.981248	-0.768800	0.633992	-0.083672	-0.615241	-0.768978	-0.173642
20013	9.658347	-0.682020	-1.478125	0.041305	0.061154	-0.022884	-0.173860	-0.081708	0.981375	-0.769085	0.633670	-0.083492	-0.615046	-0.769276	-0.173010
20014	9.637070	-0.708543	-1.513180	0.020774	0.056412	-0.025330	-0.173269	-0.081439	0.981502	-0.769226	0.633533	-0.083228	-0.615036	-0.769418	-0.172416
20015	9.684115	-0.734340	-1.498842	0.021627	0.053217	-0.026174	-0.172723	-0.081210	0.981617	-0.769395	0.633360	-0.082982	-0.614978	-0.769584	-0.171878
20016	9.661140	-0.712505	-1.508887	0.032069	0.049475	-0.026427	-0.172223	-0.081103	0.981714	-0.769624	0.633117	-0.082711	-0.614831	-0.769796	-0.171456
20017	9.595821	-0.649359	-1.438010	0.043088	0.045688	-0.020310	-0.171768	-0.080896	0.981810	-0.769915	0.632783	-0.082559	-0.614595	-0.770092	-0.170975
20018	9.603325	-0.531691	-1.372357	0.031294	0.043583	-0.021336	-0.171310	-0.080779	0.981900	-0.770127	0.632556	-0.082324	-0.614456	-0.770291	-0.170573
20019	9.551429	-0.508387	-1.296980	0.018795	0.035218	-0.015767	-0.170955	-0.080623	0.981975	-0.770261	0.632413	-0.082174	-0.614388	-0.770425	-0.170215
20020	9.563856	-0.498701	-1.262946	-0.004235	0.022639	-0.010250	-0.170718	-0.080576	0.982020	-0.770233	0.632468	-0.082006	-0.614489	-0.770384	-0.170036
20021	9.576042	-0.525884	-1.277485	-0.026125	0.008704	-0.006775	-0.170595	-0.080567	0.982042	-0.770075	0.632679	-0.081868	-0.614721	-0.770212	-0.169974
20022	9.600022	-0.581382	-1.309145	-0.038682	0.000712	-0.002724	-0.170540	-0.080633	0.982046	-0.769823	0.633006	-0.081711	-0.615052	-0.769936	-0.170026
20023	9.585065	-0.654835	-1.264702	-0.037175	-0.007885	-0.001714	-0.170558	-0.080721	0.982036	-0.769587	0.633306	-0.081604	-0.615342	-0.769681	-0.170137
20024	9.548954	-0.643438	-1.312811	-0.026512	-0.021452	0.005300	-0.170687	-0.080918	0.981997	-0.769399	0.633545	-0.081529	-0.615542	-0.769463	-0.170396
20025	9.533044	-0.555728	-1.295400	-0.029530	-0.034595	0.002412	-0.170901	-0.081185	0.981938	-0.769203	0.633789	-0.081475	-0.615726	-0.769234	-0.170763
20026	9.542693	-0.536009	-1.289480	-0.033579	-0.042156	0.010612	-0.171203	-0.081584	0.981852	-0.768974	0.634076	-0.081397	-0.615929	-0.768955	-0.171291
20027	9.550325	-0.505196	-1.306325	-0.046957	-0.060646	0.012213	-0.171653	-0.081989	0.981740	-0.768655	0.634462	-0.081410	-0.616202	-0.768593	-0.171928
20028	9.539066	-0.562381	-1.369838	-0.056460	-0.069187	0.015862	-0.172165	-0.082429	0.981613	-0.768259	0.634940	-0.081427	-0.616553	-0.768152	-0.172642
20029	9.563774	-0.594625	-1.340482	-0.049512	-0.076817	0.021424	-0.172786	-0.082899	0.981465	-0.767907	0.635352	-0.081524	-0.616817	-0.767760	-0.173439
20030	9.506486	-0.551599	-1.319794	-0.046364	-0.086449	0.025246	-0.173503	-0.083447	0.981292	-0.767558	0.635757	-0.081649	-0.617050	-0.767365	-0.174356
20031	9.533679	-0.518833	-1.368174	-0.060471	-0.094180	0.029535	-0.174294	-0.083998	0.981105	-0.767125	0.636261	-0.081806	-0.617367	-0.766888	-0.175333
20032	9.578221	-0.548907	-1.369246	-0.081050	-0.102286	0.034354	-0.175105	-0.084627	0.980906	-0.766561	0.636929	-0.081890	-0.617837	-0.766263	-0.176401
20033	9.563954	-0.595991	-1.458567	-0.084445	-0.111923	0.037186	-0.176064	-0.085264	0.980679	-0.765964	0.637622	-0.082078	-0.618305	-0.765616	-0.177571
20034	9.584108	-0.606487	-1.476512	-0.085827	-0.117772	0.035920	-0.176969	-0.086023	0.980450	-0.765371	0.638326	-0.082142	-0.618780	-0.764945	-0.178804
20035	9.562869	-0.696329	-1.534490	-0.086572	-0.129035	0.036496	-0.178030	-0.086793	0.980190	-0.764761	0.639034	-0.082317	-0.619230	-0.764266	-0.180143
20036	9.574296	-0.738389	-1.542413	-0.084876	-0.130466	0.040841	-0.179041	-0.087554	0.979938	-0.764154	0.639741	-0.082457	-0.619687	-0.763587	-0.181445
20037	9.541833	-0.686196	-1.634873	-0.082018	-0.138592	0.038607	-0.180178	-0.088381	0.979655	-0.763568	0.640416	-0.082659	-0.620081	-0.762926	-0.182874
20038	9.565330	-0.720242	-1.612746	-0.076408	-0.143764	0.041654	-0.181337	-0.089237	0.979364	-0.763003	0.641061	-0.082865	-0.620438	-0.762284	-0.184336
20039	9.576393	-0.684797	-1.719235	-0.073587	-0.146551	0.043946	-0.182564	-0.090088	0.979058	-0.762457	0.641676	-0.083131	-0.620749	-0.761667	-0.185835
20040	9.607086	-0.724211	-1.756956	-0.071953	-0.147608	0.046778	-0.183801	-0.090924	0.978749	-0.761906	0.642295	-0.083412	-0.621061	-0.761046	-0.187330
20041	9.635556	-0.751820	-1.816092	-0.065797	-0.145714	0.040206	-0.184995	-0.091791	0.978443	-0.761414	0.642846	-0.083653	-0.621310	-0.760476	-0.188814
20042	9.587600	-0.774186	-1.864573	-0.066255	-0.141463	0.042937	-0.186179	-0.092640	0.978139	-0.760908	0.643414	-0.083893	-0.621576	-0.759893	-0.190281
20043	9.570780	-0.821111	-1.957371	-0.052303	-0.141705	0.038255	-0.187333	-0.093487	0.977838	-0.760502	0.643861	-0.084139	-0.621725	-0.759410	-0.191714
20044	9.569931	-0.835487	-1.949788	-0.043362	-0.136863	0.036939	-0.188441	-0.094270	0.977550	-0.760134	0.644262	-0.084400	-0.621841	-0.758973	-0.193063
20045	9.542834	-0.818387	-1.977464	-0.037261	-0.132635	0.040597	-0.189557	-0.095032	0.977260	-0.759816	0.644597	-0.084697	-0.621890	-0.758593	-0.194394
20046	9.592026	-0.806543	-2.015538	-0.036736	-0.128952	0.038243	-0.190639	-0.095743	0.976980	-0.759488	0.644944	-0.084996	-0.621960	-0.758208	-0.195667
20047	9.599727	-0.789828	-2.018171	-0.032303	-0.123676	0.039098	-0.191687	-0.096445	0.976706	-0.759204	0.645241	-0.085286	-0.621985	-0.757867	-0.196906
20048	9.605244	-0.761435	-2.041681	-0.027110	-0.121203	0.037565	-0.192689	-0.097188	0.976435	-0.758953	0.645504	-0.085522	-0.621981	-0.757548	-0.198143
20049	9.602572	-0.764621	-2.053029	-0.024677	-0.111000	0.039838	-0.193664	-0.097789	0.976182	-0.758714	0.645744	-0.085834	-0.621970	-0.757266	-0.199251
20050	9.609002	-0.784047	-2.101415	-0.033879	-0.100621	0.038548	-0.194567	-0.098380	0.975943	-0.758417	0.646061	-0.086074	-0.622051	-0.756919	-0.200315
20051	9.592505	-0.878299	-2.216217	-0.028361	-0.093284	0.030092	-0.195358	-0.098909	0.975732	-0.758173	0.646319	-0.086283	-0.622100	-0.756630	-0.201254
20052	9.544784	-0.899996	-2.258498	-0.008454	-0.082802	0.028931	-0.196099	-0.099420	0.975531	-0.758048	0.646437	-0.086500	-0.622020	-0.756462	-0.202131
20053	9.544638	-0.867227	-2.217998	0.031534	-0.071355	0.032289	-0.196770	-0.099768	0.975360	-0.758172	0.646245	-0.086851	-0.621657	-0.756580	-0.202803
20054	9.520561	-0.814496	-2.190814	0.014311	-0.066375	0.027313	-0.197331	-0.100182	0.975205	-0.758200	0.646187	-0.087038	-0.621445	-0.756575	-0.203470
20055	9.570910	-0.802713	-2.222321	0.002309	-0.056597	0.031030	-0.197900	-0.100427	0.975064	-0.758144	0.646214	-0.087317	-0.621332	-0.756519	-0.204024
20056	9.561269	-0.837082	-2.215458	0.008231	-0.042466	0.027409	-0.198358	-0.100615	0.974952	-0.758119	0.646212	-0.087554	-0.621216	-0.756497	-0.204459
20057	9.608198	-0.832240	-2.164461	0.007169	-0.038106	0.023755	-0.198757	-0.100767	0.974855	-0.758108	0.646195	-0.087772	-0.621102	-0.756490	-0.204828
20058	9.583095	-0.814660	-2.181583	0.017922	-0.025974	0.023955	-0.199037	-0.100822	0.974792	-0.758154	0.646114	-0.087976	-0.620957	-0.756552	-0.205039
20059	9.582093	-0.769770	-2.156930	0.009781	-0.014213	0.029355	-0.199331	-0.100757	0.974739	-0.758147	0.646084	-0.088254	-0.620871	-0.756587	-0.205173
20060	9.568835	-0.828159	-2.215337	-0.002058	-0.007520	0.025835	-0.199570	-0.100722	0.974693	-0.758066	0.646153	-0.088444	-0.620892	-0.756533	-0.205307
20061	9.551910	-0.893324	-2.192449	0.008925	0.001123	0.020300	-0.199700	-0.100599	0.974679	-0.758072	0.646120	-0.088632	-0.620843	-0.756577	-0.205292
20062	9.553909	-0.859647	-2.144200	0.029399	0.006540	0.019398	-0.199804	-0.100522	0.974666	-0.758203	0.645942	-0.088811	-0.620650	-0.756740	-0.205278
20063	9.610380	-0.823144	-2.099875	0.021134	0.013361	0.018748	-0.199846	-0.100317	0.974678	-0.758288	0.645815	-0.089009	-0.620533	-0.756875	-0.205133
20064	9.582841	-0.859963	-2.058132	0.011262	0.020850	0.016820	-0.199836	-0.100099	0.974703	-0.758302	0.645779	-0.089149	-0.620518	-0.756935	-0.204955
20065	9.602585	-0.858401	-2.084175	0.018283	0.024889	0.013818	-0.199769	-0.099839	0.974743	-0.758379	0.645668	-0.089293	-0.620446	-0.757063	-0.204700
20066	9.583308	-0.815682	-2.026682	0.012879	0.028919	0.015398	-0.199661	-0.099469	0.974803	-0.758399	0.645623	-0.089457	-0.620457	-0.757151	-0.204342
20067	9.551282	-0.828396	-2.026247	0.012918	0.031931	0.009674	-0.199519	-0.099181	0.974862	-0.758451	0.645549	-0.089550	-0.620439	-0.757251	-0.204023
20068	9.545879	-0.872725	-1.989977	0.013905	0.036694	0.009123	-0.199336	-0.098898	0.974928	-0.758501	0.645482	-0.089607	-0.620436	-0.757346	-0.203682
20069	9.494238	-0.840684	-1.934190	0.023429	0.036479	0.008042	-0.199153	-0.098587	0.974997	-0.758622	0.645327	-0.089704	-0.620348	-0.757519	-0.203309
20070	9.488490	-0.837246	-1.871341	0.027657	0.034183	0.007025	-0.198901	-0.098378	0.975069	-0.758785	0.645136	-0.089692	-0.620229	-0.757708	-0.202966
20071	9.469253	-0.793860	-1.813364	0.023532	0.030365	0.006534	-0.198745	-0.098123	0.975127	-0.758909	0.644979	-0.089775	-0.620127	-0.757875	-0.202652
20072	9.441491	-0.781599	-1.744375	0.016737	0.022839	0.003804	-0.198626	-0.097861	0.975177	-0.758963	0.644902	-0.089869	-0.620100	-0.757974	-0.202367
20073	9.522289	-0.763598	-1.684753	0.000540	0.020480	0.008195	-0.198543	-0.097670	0.975213	-0.758941	0.644921	-0.089922	-0.620153	-0.757983	-0.202170
20074	9.511444	-0.736055	-1.666546	-0.009666	0.012055	0.005609	-0.198463	-0.097567	0.975240	-0.758856	0.645024	-0.089898	-0.620282	-0.757908	-0.202053
20075	9.503101	-0.768024	-1.654248	-0.017249	0.004329	0.010986	-0.198503	-0.097480	0.975241	-0.758718	0.645180	-0.089942	-0.620438	-0.757786	-0.202030
20076	9.566119	-0.782270	-1.696725	-0.027024	-0.003025	0.010229	-0.198613	-0.097552	0.975211	-0.758516	0.645421	-0.089918	-0.620650	-0.757572	-0.202184
20077	9.544135	-0.774155	-1.690573	-0.035348	-0.010269	0.007729	-0.198718	-0.097598	0.975185	-0.758272	0.645711	-0.089893	-0.620914	-0.757319	-0.202320
20078	9.547939	-0.767044	-1.772762	-0.046654	-0.017343	0.007205	-0.198888	-0.097798	0.975130	-0.757957	0.646094	-0.089795	-0.621244	-0.756966	-0.202628
20079	9.572292	-0.882779	-1.813387	-0.024467	-0.018727	0.006098	-0.199034	-0.097918	0.975089	-0.757784	0.646300	-0.089777	-0.621409	-0.756775	-0.202836
20080	9.595192	-0.824441	-1.897658	-0.033516	-0.014427	0.003285	-0.199109	-0.097998	0.975065	-0.757547	0.646587	-0.089707	-0.621673	-0.756519	-0.202980
20081	9.625104	-0.865708	-2.093939	-0.040142	-0.013990	0.000877	-0.199185	-0.098116	0.975038	-0.757287	0.646906	-0.089605	-0.621966	-0.756231	-0.203156
20082	9.557768	-0.859011	-1.972196	0.004413	-0.008796	-0.001029	-0.199154	-0.098236	0.975032	-0.757318	0.646883	-0.089510	-0.621939	-0.756235	-0.203225
20083	9.561338	-0.803625	-2.027331	-0.023943	-0.011630	-0.003515	-0.199182	-0.098364	0.975013	-0.757167	0.647075	-0.089399	-0.622113	-0.756054	-0.203364
20084	9.507152	-0.853545	-2.050238	-0.015260	-0.002930	-0.000691	-0.199145	-0.098405	0.975017	-0.757055	0.647219	-0.089305	-0.622261	-0.755926	-0.203389
20085	9.528909	-0.861464	-2.057693	-0.012357	-0.002709	-0.004181	-0.199113	-0.098470	0.975017	-0.756977	0.647323	-0.089211	-0.622366	-0.755829	-0.203430
20086	9.550726	-0.869194	-2.064949	-0.016310	0.001434	-0.004347	-0.199047	-0.098463	0.975031	-0.756853	0.647481	-0.089122	-0.622538	-0.755694	-0.203401
20087	9.542463	-0.899891	-2.053018	0.000959	0.008172	-0.007780	-0.198920	-0.098469	0.975056	-0.756865	0.647480	-0.089020	-0.622564	-0.755694	-0.203324
20088	9.544446	-0.815537	-1.977943	0.008959	0.008235	-0.008628	-0.198753	-0.098505	0.975087	-0.756932	0.647421	-0.088883	-0.622536	-0.755740	-0.203239
20089	9.574624	-0.744104	-1.969015	0.005006	0.012377	-0.008795	-0.198592	-0.098486	0.975121	-0.756972	0.647389	-0.088779	-0.622539	-0.755770	-0.203118
20090	9.576946	-0.707440	-1.920080	-0.005975	0.012481	-0.005969	-0.198366	-0.098338	0.975182	-0.756915	0.647469	-0.088675	-0.622680	-0.755720	-0.202869
20091	9.549358	-0.741381	-1.879094	-0.009543	0.012360	-0.008845	-0.198204	-0.098320	0.975217	-0.756864	0.647547	-0.088541	-0.622793	-0.755656	-0.202761
20092	9.590920	-0.745484	-1.913374	-0.009467	0.011970	-0.007333	-0.198053	-0.098365	0.975243	-0.756807	0.647637	-0.088371	-0.622911	-0.755573	-0.202710
20093	9.528442	-0.779031	-1.896367	-0.004370	0.011812	-0.004690	-0.197926	-0.098323	0.975273	-0.756780	0.647679	-0.088288	-0.622984	-0.755542	-0.202602
20094	9.563567	-0.778956	-1.871389	-0.007861	0.011301	-0.006056	-0.197847	-0.098334	0.975288	-0.756718	0.647765	-0.088197	-0.623084	-0.755468	-0.202570
20095	9.556843	-0.742932	-1.934143	-0.007784	0.010911	-0.004545	-0.197728	-0.098299	0.975316	-0.756670	0.647833	-0.088108	-0.623181	-0.755413	-0.202474
20096	9.540280	-0.805268	-1.910078	-0.001313	0.011255	-0.005156	-0.197575	-0.098264	0.975350	-0.756654	0.647866	-0.088004	-0.623249	-0.755390	-0.202354
20097	9.535902	-0.781298	-1.951431	0.007120	0.012389	-0.004167	-0.197449	-0.098214	0.975381	-0.756697	0.647822	-0.087949	-0.623236	-0.755434	-0.202230
20098	9.546509	-0.713742	-1.914096	0.017546	0.008592	-0.004610	-0.197367	-0.098211	0.975398	-0.756790	0.647718	-0.087915	-0.623149	-0.755523	-0.202163
20099	9.511852	-0.713510	-1.936957	0.015935	0.011573	0.004377	-0.197310	-0.098113	0.975419	-0.756872	0.647617	-0.087961	-0.623068	-0.755623	-0.202040
20100	9.513953	-0.678196	-1.888243	0.008399	0.006855	0.004021	-0.197249	-0.097979	0.975445	-0.756879	0.647603	-0.088004	-0.623079	-0.755652	-0.201897
20101	9.525112	-0.706738	-1.904470	-0.000312	0.003873	0.004220	-0.197240	-0.097939	0.975451	-0.756859	0.647624	-0.088016	-0.623105	-0.755639	-0.201864
20102	9.503696	-0.746619	-1.923539	0.003254	0.003994	0.007098	-0.197313	-0.097982	0.975432	-0.756854	0.647626	-0.088044	-0.623088	-0.755632	-0.201944
20103	9.494920	-0.731218	-1.885181	0.009524	0.002101	0.009189	-0.197352	-0.097925	0.975430	-0.756887	0.647578	-0.088125	-0.623037	-0.755681	-0.201919
20104	9.527379	-0.721019	-1.882483	0.000535	-0.002728	0.010577	-0.197437	-0.097951	0.975410	-0.756862	0.647600	-0.088167	-0.623039	-0.755658	-0.201996
20105	9.557848	-0.746768	-1.927693	-0.005227	-0.000155	0.011830	-0.197510	-0.097893	0.975401	-0.756797	0.647666	-0.088244	-0.623095	-0.755610	-0.202006
20106	9.601032	-0.717015	-1.915284	-0.003267	0.000634	0.013430	-0.197589	-0.097903	0.975384	-0.756747	0.647719	-0.088284	-0.623131	-0.755563	-0.202070
20107	9.579493	-0.757707	-1.934550	-0.011579	0.004444	0.018493	-0.197684	-0.097768	0.975378	-0.756629	0.647839	-0.088413	-0.623244	-0.755477	-0.202041
20108	9.588524	-0.823038	-1.998848	-0.006402	0.001581	0.012385	-0.197738	-0.097707	0.975373	-0.756548	0.647926	-0.088470	-0.623326	-0.755410	-0.202040
20109	9.531823	-0.815245	-2.015521	0.005444	0.003611	0.013233	-0.197799	-0.097612	0.975371	-0.756546	0.647913	-0.088582	-0.623308	-0.755434	-0.202004
20110	9.542546	-0.796938	-2.005349	0.013368	0.004063	0.010880	-0.197806	-0.097609	0.975369	-0.756613	0.647831	-0.088611	-0.623226	-0.755505	-0.201997
