// General information: 
//  MT Manager version: 2022.2.0 
//  XDA version: 2022.2.0 build 7381 rev 124627 built on 2023-07-19
// Device information: 
//  DeviceId: 00B4CAF0
//  ProductCode: MTW2-3A7G6
//  Firmware Version: 4.6.0
//  Hardware Version: 2.0.0
// Device settings: 
//  Filter Profile: human(46.1)
//  Option Flags: Orientation Smoother Disabled, Position/Velocity Smoother Disabled, Continuous Zero Rotation Update Disabled, AHS Disabled, ICC Disabled
// Coordinate system: ENU
PacketCounter	Acc_X	Acc_Y	Acc_Z	Gyr_X	Gyr_Y	Gyr_Z	Mat[1][1]	Mat[2][1]	Mat[3][1]	Mat[1][2]	Mat[2][2]	Mat[3][2]	Mat[1][3]	Mat[2][3]	Mat[3][3]
04707	4.523713	0.176248	9.236743	-0.016299	0.007450	0.004867	-0.892403	0.115920	0.436095	-0.119288	-0.992663	0.019759	0.435186	-0.034388	0.899684
04708	4.502091	0.193829	9.256705	-0.019463	0.009878	0.005248	-0.892442	0.115928	0.436014	-0.119527	-0.992644	0.019274	0.435041	-0.034915	0.899733
04709	4.515763	0.210429	9.247686	-0.025039	0.008408	0.008369	-0.892469	0.115862	0.435976	-0.119756	-0.992628	0.018645	0.434922	-0.035571	0.899765
04710	4.473773	0.164049	9.238147	-0.027122	0.004163	0.001195	-0.892425	0.116104	0.436002	-0.120324	-0.992571	0.018029	0.434856	-0.036372	0.899765
04711	4.505945	0.167992	9.227498	-0.038884	-0.008607	-0.007457	-0.892230	0.116445	0.436309	-0.121105	-0.992490	0.017227	0.435039	-0.037469	0.899632
04712	4.518282	0.174341	9.220022	-0.043969	-0.007593	-0.008098	-0.892027	0.116915	0.436599	-0.122076	-0.992386	0.016329	0.435184	-0.038733	0.899508
04713	4.515106	0.161138	9.201318	-0.030848	-0.001774	-0.003579	-0.891884	0.117281	0.436793	-0.122792	-0.992308	0.015710	0.435276	-0.039623	0.899425
04714	4.498232	0.197598	9.213839	-0.026339	-0.000311	0.000903	-0.891825	0.117428	0.436873	-0.123273	-0.992258	0.015064	0.435260	-0.040421	0.899397
04715	4.502022	0.114168	9.214709	-0.013147	0.002840	0.003663	-0.891784	0.117510	0.436936	-0.123532	-0.992231	0.014723	0.435271	-0.040846	0.899372
04716	4.513846	0.129898	9.217590	-0.001533	0.004066	0.000450	-0.891735	0.117678	0.436989	-0.123732	-0.992207	0.014702	0.435314	-0.040959	0.899346
04717	4.514091	0.163976	9.239192	0.001858	0.001875	0.001979	-0.891701	0.117625	0.437074	-0.123672	-0.992214	0.014714	0.435401	-0.040933	0.899305
04718	4.513763	0.163580	9.239359	-0.003781	0.001016	0.001105	-0.891636	0.117704	0.437184	-0.123811	-0.992198	0.014620	0.435494	-0.041092	0.899253
04719	4.504180	0.149741	9.224436	-0.005472	-0.000088	-0.000473	-0.891567	0.117771	0.437309	-0.123950	-0.992183	0.014499	0.435598	-0.041278	0.899194
04720	4.506596	0.169981	9.218039	0.002199	0.001216	0.001970	-0.891558	0.117690	0.437347	-0.123877	-0.992192	0.014469	0.435636	-0.041277	0.899176
04721	4.505844	0.154921	9.181234	0.008743	0.001078	0.002264	-0.891536	0.117604	0.437416	-0.123719	-0.992210	0.014605	0.435726	-0.041096	0.899140
04722	4.512343	0.150065	9.202861	0.020810	0.002783	0.002880	-0.891513	0.117626	0.437456	-0.123544	-0.992225	0.015020	0.435822	-0.040655	0.899114
04723	4.499405	0.240543	9.202737	0.035633	0.005455	0.002415	-0.891530	0.117546	0.437444	-0.123089	-0.992270	0.015772	0.435917	-0.039784	0.899107
04724	4.527454	0.305876	9.232130	0.047254	0.001973	0.007466	-0.891462	0.117869	0.437496	-0.122977	-0.992268	0.016750	0.436087	-0.038870	0.899064
04725	4.571529	0.211143	9.241718	0.047273	0.014596	0.016297	-0.891544	0.117885	0.437324	-0.122540	-0.992306	0.017672	0.436043	-0.037834	0.899130
04726	4.569505	0.258051	9.253146	0.035987	0.039097	0.015854	-0.891972	0.117502	0.436553	-0.121783	-0.992388	0.018282	0.435378	-0.036858	0.899493
04727	4.513131	0.163215	9.245077	0.023513	0.040568	0.021952	-0.892428	0.117068	0.435737	-0.121139	-0.992462	0.018538	0.434622	-0.036241	0.899883
04728	4.494560	0.187127	9.224703	0.023223	0.038518	0.022652	-0.892910	0.116388	0.434931	-0.120252	-0.992567	0.018736	0.433879	-0.035571	0.900269
04729	4.477816	0.060453	9.237035	0.026669	0.031562	0.019133	-0.893238	0.116171	0.434316	-0.119807	-0.992613	0.019103	0.433327	-0.034970	0.900558
04730	4.438187	0.099360	9.236919	0.014991	0.013747	0.012883	-0.893407	0.115716	0.434090	-0.119222	-0.992681	0.019248	0.433140	-0.034556	0.900664
04731	4.451332	0.137571	9.254892	0.013286	-0.004641	0.008325	-0.893330	0.115499	0.434306	-0.118901	-0.992716	0.019433	0.433387	-0.034279	0.900556
04732	4.500606	0.090605	9.216190	0.020809	-0.012704	-0.000264	-0.893105	0.115734	0.434705	-0.118955	-0.992700	0.019899	0.433835	-0.033938	0.900353
04733	4.549764	0.161338	9.237389	0.020628	-0.002226	-0.004079	-0.892966	0.116227	0.434859	-0.119263	-0.992653	0.020408	0.434036	-0.033639	0.900267
04734	4.565845	0.241630	9.264284	0.019623	0.021520	-0.001963	-0.893112	0.116424	0.434508	-0.119240	-0.992646	0.020881	0.433743	-0.033162	0.900426
04735	4.470656	0.171224	9.215161	0.013028	0.022108	-0.001305	-0.893273	0.116645	0.434116	-0.119327	-0.992629	0.021178	0.433387	-0.032884	0.900608
04736	4.447474	0.216064	9.219944	0.023746	0.013160	-0.002997	-0.893358	0.116805	0.433898	-0.119243	-0.992628	0.021703	0.433234	-0.032351	0.900700
04737	4.485078	0.090379	9.302462	0.017703	0.002950	-0.010888	-0.893305	0.117267	0.433884	-0.119531	-0.992583	0.022171	0.433265	-0.032057	0.900696
04738	4.403751	0.281023	9.275788	0.000352	-0.015397	-0.014529	-0.893020	0.117764	0.434335	-0.120027	-0.992520	0.022327	0.433715	-0.032193	0.900475
04739	4.418038	0.325755	9.268274	-0.001137	-0.045129	-0.001346	-0.892463	0.117849	0.435456	-0.120178	-0.992502	0.022299	0.434819	-0.032431	0.899934
04740	4.411473	-0.022371	9.253957	-0.014099	-0.069737	-0.006752	-0.891638	0.117890	0.437132	-0.120417	-0.992479	0.022041	0.436443	-0.032986	0.899127
04741	4.408791	0.156122	9.331083	-0.037772	-0.107614	-0.011070	-0.890368	0.118115	0.439651	-0.121135	-0.992408	0.021298	0.438828	-0.034294	0.897916
04742	4.490349	0.248574	9.347324	-0.077506	-0.149324	-0.006256	-0.888645	0.118191	0.443105	-0.122200	-0.992312	0.019612	0.442016	-0.036719	0.896255
04743	4.546873	0.150383	9.326204	-0.118358	-0.188776	-0.019836	-0.886428	0.118593	0.447415	-0.124074	-0.992125	0.017158	0.445926	-0.040303	0.894162
04744	3.875907	0.189883	9.915657	-0.156537	-0.333324	-0.069954	-0.882378	0.120196	0.454931	-0.127640	-0.991715	0.014448	0.452899	-0.045319	0.890409
04745	4.103382	0.002876	9.676598	-0.124716	-0.664446	-0.071789	-0.874470	0.121176	0.469701	-0.130674	-0.991347	0.012471	0.467148	-0.050472	0.882738
04746	3.973985	-0.106409	10.089139	0.012916	-1.047975	-0.123171	-0.861432	0.122918	0.492774	-0.133238	-0.990981	0.014274	0.490084	-0.053360	0.870041
04747	4.412919	-0.520352	10.300579	0.220960	-1.498764	-0.248238	-0.841512	0.127235	0.525041	-0.135892	-0.990474	0.022224	0.522868	-0.052647	0.850787
04748	5.176510	-0.870128	10.564678	0.553914	-1.906540	-0.424627	-0.814000	0.135606	0.564814	-0.137339	-0.989728	0.039693	0.564395	-0.045261	0.824263
04749	6.457979	-0.851167	10.823724	0.959340	-2.098343	-0.582110	-0.780998	0.148445	0.606636	-0.135271	-0.988491	0.067734	0.609709	-0.029160	0.792089
04750	6.051545	0.072764	9.811211	1.130595	-2.176021	-0.623755	-0.744283	0.163218	0.647613	-0.129737	-0.986540	0.099536	0.655142	-0.009936	0.755440
04751	5.296541	-0.140434	9.160680	1.135126	-2.127790	-0.620450	-0.706249	0.178567	0.685073	-0.121890	-0.983888	0.130797	0.697391	0.008872	0.716636
04752	2.420906	-2.572714	10.821955	0.874632	-1.513933	-0.283290	-0.678335	0.186357	0.710727	-0.111458	-0.982205	0.151162	0.726250	0.023322	0.687035
04753	1.802474	-3.264907	13.112547	0.227828	-0.127711	0.550985	-0.677361	0.173020	0.715014	-0.098115	-0.984513	0.145286	0.729078	0.028257	0.683847
04754	-0.427950	-2.026128	11.904787	-0.304179	0.986307	0.686410	-0.696698	0.155512	0.700306	-0.091879	-0.987524	0.127887	0.711457	0.024755	0.702294
04755	1.210975	-1.212505	12.058457	-0.791907	1.989607	0.509319	-0.732327	0.142036	0.665975	-0.096544	-0.989782	0.104933	0.674075	0.012549	0.738557
04756	2.559995	-0.880838	11.302034	-1.081553	2.748003	0.397327	-0.777765	0.131947	0.614550	-0.106556	-0.991245	0.077969	0.619457	-0.004842	0.785016
04757	4.676281	-1.154009	10.880538	-1.181651	3.215638	0.477698	-0.826174	0.121251	0.550213	-0.114281	-0.992332	0.047082	0.551703	-0.023981	0.833696
04758	6.229938	-1.397887	10.275211	-1.091360	3.334855	0.792187	-0.871345	0.104296	0.479459	-0.111508	-0.993672	0.013503	0.477833	-0.041697	0.877460
04759	7.286555	-1.055875	9.734856	-0.966301	3.118741	1.133781	-0.908761	0.079988	0.409581	-0.096943	-0.995073	-0.020763	0.405902	-0.058575	0.912038
04760	7.652313	0.089713	9.068136	-0.965277	2.724972	1.201959	-0.936829	0.054714	0.345481	-0.078227	-0.995446	-0.054477	0.340927	-0.078061	0.936843
04761	8.181759	2.026384	8.268979	-1.274222	2.316050	0.904212	-0.956546	0.037590	0.289147	-0.066798	-0.993533	-0.091816	0.283826	-0.107141	0.952871
04762	7.627949	4.439101	5.784866	-1.452394	1.865069	0.397966	-0.969328	0.033535	0.243473	-0.066702	-0.989362	-0.129284	0.236548	-0.141558	0.961253
04763	8.485958	7.736531	5.396792	-1.528371	1.132138	-0.488784	-0.974636	0.050128	0.218112	-0.087083	-0.982731	-0.163270	0.206161	-0.178122	0.962170
04764	7.671325	4.501534	1.905814	-0.769069	0.926220	-1.315479	-0.975653	0.086697	0.201458	-0.122925	-0.976878	-0.174928	0.181634	-0.195433	0.963751
04765	7.237361	3.287667	-2.255323	0.956836	-2.136531	-1.152388	-0.960578	0.104951	0.257438	-0.145880	-0.978561	-0.145388	0.236660	-0.177211	0.955295
04766	3.828571	-5.239738	13.318665	1.192340	-2.311972	-1.260654	-0.940180	0.126290	0.316406	-0.167988	-0.979847	-0.108071	0.296382	-0.154758	0.942448
04767	9.644582	-1.661422	11.971311	1.236537	-2.325533	-0.663058	-0.918335	0.134291	0.372325	-0.173419	-0.982101	-0.073509	0.355789	-0.132074	0.925187
04768	10.601820	1.951960	13.577153	1.365154	-1.301802	-0.704178	-0.903027	0.147870	0.403331	-0.176836	-0.983607	-0.035310	0.391498	-0.103209	0.914373
04769	6.972022	1.737969	11.013810	0.708029	-0.532539	-0.287328	-0.896375	0.153783	0.415767	-0.176385	-0.984187	-0.016249	0.406694	-0.087900	0.909326
04770	5.235624	0.629621	9.889792	0.277669	-0.199418	-0.055589	-0.894016	0.154849	0.420424	-0.174939	-0.984535	-0.009380	0.412470	-0.081934	0.907279
04771	4.722786	0.228531	9.555543	0.144809	-0.085177	0.000959	-0.893066	0.154777	0.422466	-0.173572	-0.984802	-0.006123	0.415097	-0.078797	0.906358
04772	4.418351	0.082954	9.346173	0.094582	-0.049634	0.017389	-0.892551	0.154376	0.423698	-0.172354	-0.985026	-0.004180	0.416709	-0.076757	0.905794
04773	4.373145	-0.208403	9.256305	0.101743	-0.059352	0.010867	-0.891905	0.154119	0.425151	-0.171203	-0.985234	-0.002007	0.418564	-0.074577	0.905120
04774	4.411707	-0.061190	9.264683	0.100569	-0.061941	0.001225	-0.891186	0.154099	0.426662	-0.170274	-0.985397	0.000240	0.420469	-0.072435	0.904411
04775	4.447605	-0.007450	9.276338	0.099780	-0.067833	-0.001788	-0.890390	0.154146	0.428305	-0.169417	-0.985541	0.002500	0.422498	-0.070336	0.903631
04776	4.420980	0.039428	9.291850	0.093968	-0.064055	-0.003665	-0.889622	0.154250	0.429861	-0.168658	-0.985664	0.004646	0.424415	-0.068366	0.902883
04777	4.562536	0.141672	9.329360	0.072812	-0.063476	-0.000700	-0.888869	0.154285	0.431402	-0.168053	-0.985758	0.006282	0.426227	-0.066914	0.902138
04778	4.484864	0.003717	9.258077	0.041734	-0.049772	0.003036	-0.888276	0.154253	0.432633	-0.167695	-0.985813	0.007177	0.427602	-0.066176	0.901541
04779	4.469316	0.077578	9.240823	0.048758	-0.062630	-0.002212	-0.887521	0.154329	0.434153	-0.167376	-0.985858	0.008285	0.429292	-0.065314	0.900801
04780	4.484551	0.088237	9.233343	0.039962	-0.069385	-0.005200	-0.886678	0.154470	0.435822	-0.167216	-0.985877	0.009227	0.431092	-0.064695	0.899986
04781	4.496710	0.056784	9.206216	0.039508	-0.077622	-0.010515	-0.885720	0.154730	0.437673	-0.167177	-0.985874	0.010217	0.433072	-0.064119	0.899076
04782	4.567682	0.181053	9.227554	0.044585	-0.078527	-0.009898	-0.884751	0.154974	0.439543	-0.167067	-0.985881	0.011314	0.435090	-0.063423	0.898150
04783	4.509734	0.148360	9.205232	0.034222	-0.075922	-0.004339	-0.883830	0.155087	0.441354	-0.166945	-0.985892	0.012117	0.437006	-0.062972	0.897251
04784	4.623212	0.177726	9.221701	0.034716	-0.066252	-0.000220	-0.883028	0.155113	0.442947	-0.166724	-0.985919	0.012885	0.438708	-0.062472	0.896455
04785	4.681131	0.166340	9.179162	0.034535	-0.049596	0.004502	-0.882426	0.155051	0.444167	-0.166400	-0.985965	0.013597	0.440041	-0.061911	0.895841
04786	4.625541	0.228008	9.266618	0.025303	-0.029876	0.015109	-0.882083	0.154758	0.444949	-0.165942	-0.986036	0.013984	0.440899	-0.061501	0.895447
04787	4.586042	0.109223	9.255215	0.015861	-0.025995	0.018497	-0.881797	0.154388	0.445644	-0.165514	-0.986106	0.014121	0.441633	-0.061309	0.895099
04788	4.464322	0.081685	9.307523	-0.018027	-0.064604	0.007596	-0.881038	0.154226	0.447199	-0.165700	-0.986082	0.013621	0.443076	-0.062100	0.894331
04789	4.483819	0.084365	9.252143	-0.053174	-0.158817	-0.010973	-0.879150	0.154371	0.450850	-0.166687	-0.985930	0.012546	0.446443	-0.064121	0.892512
04790	4.568598	0.026331	9.275687	-0.068636	-0.209089	-0.018185	-0.876652	0.154601	0.455610	-0.168008	-0.985722	0.011212	0.450838	-0.066717	0.890109
04791	4.320477	-0.071203	9.517965	-0.100905	-0.310558	-0.039941	-0.872880	0.155174	0.462602	-0.170179	-0.985368	0.009420	0.457295	-0.070503	0.886516
04792	3.550486	-0.226680	10.243016	-0.129941	-0.699402	-0.094620	-0.864271	0.156339	0.478116	-0.173893	-0.984735	0.007658	0.472014	-0.076522	0.878264
04793	3.257464	-0.073152	10.663028	-0.143377	-1.471948	-0.181790	-0.845448	0.157935	0.510170	-0.179668	-0.983704	0.006785	0.502928	-0.085925	0.860047
04794	3.602926	-0.510996	10.713950	0.052220	-2.384224	-0.312101	-0.812475	0.160338	0.560514	-0.185576	-0.982556	0.012070	0.552671	-0.094211	0.828057
04795	3.769875	-0.488157	10.808848	0.364428	-3.412706	-0.600653	-0.759434	0.166920	0.628807	-0.192147	-0.980957	0.028337	0.621562	-0.099303	0.777045
04796	8.092775	-1.495574	12.586924	1.060614	-4.025290	-1.018557	-0.687902	0.182397	0.702511	-0.193155	-0.979010	0.065047	0.699630	-0.090947	0.708693
04797	9.676115	-1.214501	12.264718	1.160556	-3.963987	-1.145879	-0.609448	0.201942	0.766676	-0.190508	-0.975986	0.105635	0.769597	-0.081678	0.633284
04798	8.042061	-1.487416	10.208011	0.840907	-3.868799	-1.328133	-0.525638	0.226441	0.820018	-0.192633	-0.970568	0.144535	0.828612	-0.081989	0.553788
04799	3.562297	-2.177111	8.358331	0.807856	-3.183951	-1.699790	-0.449580	0.261072	0.854236	-0.196256	-0.961836	0.190669	0.871413	-0.081928	0.483660
04800	9.173664	-2.717616	16.273341	-0.028501	-0.856398	-0.935737	-0.426035	0.281739	0.859720	-0.207172	-0.955405	0.210432	0.880667	-0.088458	0.465404
04801	-3.855095	-5.960517	8.187385	0.058291	0.918770	0.030205	-0.446266	0.283005	0.848973	-0.205585	-0.955727	0.210526	0.870966	-0.080585	0.484690
04802	0.640764	-3.009425	11.222527	-0.331054	1.201915	0.965880	-0.477104	0.262299	0.838792	-0.201572	-0.961639	0.186061	0.855418	-0.080307	0.511674
04803	0.857943	-1.541067	10.083276	-0.379271	2.357466	1.330516	-0.533170	0.234751	0.812786	-0.192685	-0.969177	0.153522	0.823773	-0.074758	0.561969
04804	2.353623	0.816270	9.989813	-0.691615	2.925250	1.179672	-0.597479	0.211537	0.773480	-0.189792	-0.974476	0.119901	0.779101	-0.075162	0.622377
04805	4.443877	0.475334	9.940084	-1.004710	3.537612	0.998597	-0.668558	0.194038	0.717899	-0.192685	-0.977591	0.084787	0.718263	-0.081644	0.690964
04806	6.789096	0.603504	10.269946	-1.002554	3.950470	1.112635	-0.741250	0.175069	0.647996	-0.190009	-0.980629	0.047583	0.643774	-0.087854	0.760156
04807	7.408034	-0.972542	9.736155	-0.759246	4.126513	1.636990	-0.810824	0.143865	0.567333	-0.169507	-0.985499	0.007646	0.560206	-0.089967	0.823453
04808	8.508402	1.271156	12.203904	-0.697360	4.244262	1.748065	-0.872275	0.110284	0.476417	-0.141515	-0.989480	-0.030051	0.468091	-0.093633	0.878706
04809	9.605641	1.444363	12.414343	-0.849329	4.303242	1.469125	-0.922118	0.084381	0.377595	-0.117269	-0.990976	-0.064926	0.368709	-0.104149	0.923692
04810	11.653906	1.932008	11.750886	-0.897695	3.930217	0.986154	-0.956426	0.070750	0.283275	-0.101163	-0.990400	-0.094199	0.273891	-0.118751	0.954401
04811	11.715689	1.152062	7.562082	-1.019687	2.932472	0.798186	-0.975722	0.060328	0.210539	-0.087805	-0.988427	-0.123700	0.200640	-0.139184	0.969727
04812	13.330295	4.690239	2.527330	-0.852389	1.113975	0.648372	-0.982232	0.048380	0.181325	-0.075822	-0.986135	-0.147612	0.171669	-0.158738	0.972282
04813	12.467801	2.397161	1.440019	-0.421501	0.442156	-0.287363	-0.983482	0.057218	0.171724	-0.084599	-0.984027	-0.156631	0.160019	-0.168571	0.972614
04814	10.089363	1.563175	1.614114	-0.010532	-0.723851	-0.826022	-0.978453	0.074465	0.192574	-0.104927	-0.982614	-0.153167	0.177820	-0.170073	0.969255
04815	9.264250	0.693373	1.188458	0.695689	-1.756447	-0.699225	-0.967681	0.084533	0.237587	-0.118531	-0.984050	-0.132648	0.222584	-0.156522	0.962267
04816	2.380080	2.075500	7.490838	0.894888	-2.517975	-0.234698	-0.950940	0.081080	0.298561	-0.118596	-0.986860	-0.109737	0.285740	-0.139762	0.948061
04817	6.933977	-1.293144	12.678098	0.963918	-2.631682	-0.820674	-0.927396	0.092829	0.362379	-0.130316	-0.988211	-0.080357	0.350648	-0.121747	0.928560
04818	15.935936	-0.592813	15.518298	1.924134	-2.020116	-0.921936	-0.905251	0.110664	0.410212	-0.133429	-0.990685	-0.027190	0.403382	-0.079348	0.911585
04819	5.633780	3.178275	10.877066	0.654829	-0.385422	-0.276781	-0.900316	0.116970	0.419224	-0.133158	-0.991050	-0.009449	0.414366	-0.064330	0.907834
04820	5.154802	0.416019	9.705423	0.364871	-0.269509	-0.055714	-0.897244	0.118082	0.425454	-0.130762	-0.991414	-0.000605	0.421729	-0.056176	0.904980
04821	4.882808	0.087244	9.461041	0.233962	-0.140107	-0.026109	-0.895601	0.118680	0.428735	-0.129035	-0.991628	0.004952	0.425733	-0.050887	0.903417
04822	4.497567	0.283729	9.359082	0.180372	-0.106056	-0.010706	-0.894360	0.118957	0.431242	-0.127516	-0.991795	0.009127	0.428789	-0.046827	0.902190
04823	4.625680	0.299415	9.350822	0.141145	-0.095324	0.007303	-0.893284	0.118809	0.433507	-0.126002	-0.991955	0.012220	0.431471	-0.043707	0.901067
04824	4.526142	-0.023841	9.247449	0.092672	-0.090363	0.011837	-0.892269	0.118559	0.435660	-0.124902	-0.992068	0.014168	0.433884	-0.041773	0.900000
04825	4.606573	0.125584	9.279807	0.080909	-0.096920	0.006993	-0.891162	0.118428	0.437956	-0.124034	-0.992151	0.015902	0.436401	-0.040150	0.898856
04826	4.550406	0.130827	9.299033	0.039977	-0.086558	0.011424	-0.890176	0.118200	0.440018	-0.123510	-0.992203	0.016665	0.438558	-0.039512	0.897834
04827	4.576703	0.145742	9.201546	0.025233	-0.098938	0.009168	-0.889041	0.118017	0.442355	-0.123197	-0.992235	0.017121	0.440941	-0.039275	0.896676
04828	4.705996	0.166277	9.171714	0.020806	-0.085848	0.010786	-0.888050	0.117807	0.444397	-0.122895	-0.992266	0.017459	0.443017	-0.039110	0.895660
04829	4.684242	0.181311	9.189057	0.005842	-0.055830	0.012955	-0.887394	0.117573	0.445766	-0.122712	-0.992289	0.017437	0.444379	-0.039227	0.894980
04830	4.680850	0.210786	9.198983	0.005466	-0.036968	0.017838	-0.886962	0.117237	0.446715	-0.122424	-0.992326	0.017352	0.445321	-0.039298	0.894508
04831	4.625378	0.169827	9.179013	-0.012623	-0.038375	0.017350	-0.886511	0.116911	0.447694	-0.122350	-0.992344	0.016868	0.446238	-0.039822	0.894028
04832	4.589915	0.150343	9.188552	-0.033316	-0.044229	0.011804	-0.885977	0.116716	0.448801	-0.122630	-0.992324	0.015983	0.447222	-0.040875	0.893489
04833	4.619426	0.112427	9.175714	-0.049253	-0.071411	0.007604	-0.885124	0.116595	0.450512	-0.123182	-0.992274	0.014791	0.448756	-0.042403	0.892648
04834	4.612863	0.046344	9.177084	-0.061690	-0.099742	-0.002137	-0.883919	0.116682	0.452850	-0.124092	-0.992180	0.013431	0.450876	-0.044323	0.891486
04835	4.580832	0.082185	9.205313	-0.059418	-0.140972	-0.010731	-0.882214	0.116930	0.456099	-0.125169	-0.992060	0.012223	0.453907	-0.046306	0.889845
04836	4.571623	-0.002644	9.312627	-0.059800	-0.201056	-0.029849	-0.879750	0.117572	0.460671	-0.126677	-0.991880	0.011230	0.458250	-0.048477	0.887500
04837	4.452059	0.344312	9.382732	-0.051312	-0.353690	-0.045071	-0.875442	0.118389	0.468600	-0.128426	-0.991662	0.010612	0.465949	-0.050890	0.883347
04838	4.266931	0.232686	9.522967	0.006276	-0.608359	-0.013554	-0.868131	0.118074	0.482087	-0.128811	-0.991609	0.010908	0.479330	-0.052629	0.876056
04839	4.413810	0.152857	9.484352	0.009712	-0.909772	-0.020850	-0.856857	0.117497	0.501987	-0.129301	-0.991540	0.011376	0.499077	-0.055160	0.864800
04840	4.097873	-0.188660	10.013565	0.003921	-1.355169	-0.078526	-0.839122	0.117634	0.531071	-0.131069	-0.991295	0.012478	0.527916	-0.059136	0.847235
04841	3.581431	-0.564349	10.569102	0.007846	-2.133857	-0.218873	-0.808964	0.119855	0.575510	-0.135616	-0.990637	0.015680	0.572001	-0.065364	0.817644
04842	4.074935	-0.993615	10.448817	0.278734	-3.053783	-0.630986	-0.760652	0.130488	0.635910	-0.143933	-0.989108	0.030797	0.633002	-0.068102	0.771149
04843	5.506877	-1.727095	10.746650	1.107767	-3.780930	-1.200644	-0.692858	0.154474	0.704334	-0.147326	-0.986505	0.071435	0.705863	-0.054273	0.706266
04844	10.178840	-1.135524	13.250757	1.407279	-4.478844	-1.539566	-0.603610	0.187270	0.774974	-0.146174	-0.981541	0.123334	0.783765	-0.038835	0.619842
04845	10.891612	-0.239009	13.274188	0.960562	-4.677595	-1.492358	-0.502268	0.219332	0.836433	-0.147254	-0.974863	0.167207	0.852082	-0.039185	0.521940
04846	7.364902	-1.392140	11.816351	0.237583	-4.587334	-1.555223	-0.395362	0.251464	0.883434	-0.159573	-0.965974	0.203545	0.904558	-0.060499	0.422036
04847	7.136272	-0.764859	10.570677	0.435671	-3.902665	-1.879044	-0.297563	0.289982	0.909597	-0.165850	-0.953969	0.249872	0.940186	-0.076504	0.331960
04848	7.505394	-4.889859	14.873144	-0.297306	0.396488	-0.680504	-0.303894	0.307002	0.901886	-0.177955	-0.948288	0.262835	0.935938	-0.080621	0.342812
04849	-2.638608	-3.501552	7.570446	0.457752	0.771704	0.088400	-0.322285	0.306339	0.895706	-0.166562	-0.949781	0.264902	0.931874	-0.063816	0.357124
04850	0.947956	-2.536721	9.896618	-0.047496	1.449011	1.040570	-0.360070	0.283693	0.888745	-0.158743	-0.957382	0.241288	0.919321	-0.054202	0.389759
04851	0.519647	-1.172762	8.809233	-0.102816	2.530058	1.415361	-0.422903	0.252611	0.870253	-0.147144	-0.966757	0.209117	0.894148	-0.039616	0.446015
04852	2.718606	0.414850	9.319146	-0.405876	3.284574	1.440718	-0.499980	0.220456	0.837508	-0.139287	-0.974938	0.173478	0.854763	-0.029919	0.518156
04853	4.403234	1.020749	9.180637	-0.626106	4.058112	1.264100	-0.588275	0.192210	0.785485	-0.134881	-0.981057	0.139050	0.797333	-0.024147	0.603057
04854	6.335219	0.954653	9.491496	-0.812592	4.533360	1.103939	-0.678287	0.167657	0.715414	-0.132678	-0.985563	0.105173	0.722719	-0.023582	0.690740
04855	8.037170	0.069892	10.010820	-0.914294	4.822139	1.228648	-0.764143	0.140234	0.629618	-0.125828	-0.989737	0.067730	0.632655	-0.027468	0.773947
04856	9.332265	0.172636	11.676662	-0.848374	4.850802	1.379977	-0.839045	0.109512	0.532926	-0.110329	-0.993429	0.030438	0.532757	-0.033258	0.845614
04857	11.327838	-0.146772	13.757416	-1.292680	4.853355	1.497058	-0.901011	0.077372	0.426841	-0.093016	-0.995538	-0.015889	0.423707	-0.054020	0.904187
04858	13.691221	-0.665249	14.065438	-1.450876	4.635171	1.664740	-0.947161	0.043669	0.317772	-0.067725	-0.995581	-0.065047	0.313527	-0.083131	0.945933
04859	13.167136	-0.709032	9.924393	-1.381863	3.529057	1.808740	-0.973326	0.007279	0.229311	-0.033475	-0.993306	-0.110556	0.226972	-0.115284	0.967054
04860	15.962368	5.166343	3.745006	-1.101816	1.845837	1.667021	-0.983410	-0.028182	0.179193	0.001772	-0.989303	-0.145866	0.181386	-0.143128	0.972940
04861	15.336083	1.522947	0.230893	-0.733119	1.025746	0.170789	-0.987721	-0.028534	0.153598	0.002917	-0.986376	-0.164483	0.156199	-0.162016	0.974347
04862	12.060356	3.013737	-0.272236	-0.259872	-0.178181	-0.922743	-0.986796	-0.006502	0.161834	-0.020932	-0.985695	-0.167236	0.160607	-0.168415	0.972544
04863	9.896291	-0.110776	2.894655	-0.527402	-0.919729	-1.294557	-0.981598	0.021405	0.189756	-0.055151	-0.983131	-0.174392	0.182822	-0.181648	0.966219
04864	6.412813	-7.330240	2.163662	0.449387	-1.278447	-1.067983	-0.973418	0.042138	0.225127	-0.079168	-0.984246	-0.158086	0.214919	-0.171707	0.961419
04865	2.294162	4.003251	6.400484	2.564658	-2.492225	0.581291	-0.958903	0.019132	0.283088	-0.049472	-0.993714	-0.100421	0.279387	-0.110299	0.953822
04866	5.285171	10.112069	15.002028	1.767476	-3.176378	0.281626	-0.933873	0.005213	0.357568	-0.028943	-0.997715	-0.061047	0.356433	-0.067359	0.931890
04867	16.115575	1.229187	16.260307	1.289913	-2.219268	-0.712112	-0.912036	0.020251	0.409610	-0.033186	-0.999149	-0.024495	0.408765	-0.035934	0.911932
04868	6.026212	2.603371	10.596620	0.652871	-0.397335	-0.238756	-0.907671	0.026097	0.418870	-0.032052	-0.999460	-0.007186	0.418457	-0.019948	0.908018
04869	5.072357	-0.399206	9.290406	0.515468	-0.375883	-0.085428	-0.903568	0.028259	0.427511	-0.028714	-0.999573	0.005386	0.427481	-0.007409	0.903994
04870	4.953705	0.106823	9.559008	0.434981	-0.244984	-0.078472	-0.900813	0.030369	0.433143	-0.025986	-0.999534	0.016037	0.433428	0.003190	0.901183
04871	5.121229	0.679556	9.674948	0.270271	-0.185649	-0.043214	-0.898699	0.031643	0.437424	-0.024199	-0.999452	0.022581	0.437899	0.009708	0.898972
04872	4.780361	0.460168	9.315988	0.076387	-0.081933	0.018894	-0.897744	0.031357	0.439400	-0.023121	-0.999443	0.024083	0.439910	0.011461	0.897969
04873	4.725854	0.332370	9.296866	0.056447	-0.053317	0.022630	-0.897103	0.030972	0.440734	-0.022176	-0.999439	0.025095	0.441264	0.012739	0.897287
04874	4.618005	0.214498	9.255776	0.021268	-0.051610	0.021947	-0.896478	0.030605	0.442030	-0.021633	-0.999445	0.025325	0.442559	0.013140	0.896643
04875	4.588079	0.250489	9.216072	-0.003907	-0.078014	0.019823	-0.895557	0.030300	0.443914	-0.021417	-0.999458	0.025012	0.444431	0.012893	0.895720
04876	4.640023	0.121424	9.186621	-0.004854	-0.082869	0.018530	-0.894577	0.030028	0.445905	-0.021241	-0.999469	0.024693	0.446410	0.012618	0.894740
04877	4.625532	0.167901	9.137725	-0.008159	-0.079236	0.014905	-0.893631	0.029845	0.447810	-0.021184	-0.999479	0.024339	0.448303	0.012264	0.893798
04878	4.663865	0.070901	9.122678	-0.007216	-0.065273	0.007488	-0.892834	0.029843	0.449396	-0.021283	-0.999483	0.024089	0.449883	0.011943	0.893008
04879	4.727080	0.231253	9.103098	0.011773	-0.049356	0.007932	-0.892214	0.029825	0.450627	-0.021159	-0.999482	0.024257	0.451117	0.012108	0.892383
04880	4.743449	0.298751	9.158581	-0.016186	-0.027106	0.017500	-0.891849	0.029561	0.451367	-0.021138	-0.999496	0.023694	0.451840	0.011590	0.892024
04881	4.696847	0.231629	9.167981	-0.028305	-0.024172	0.021529	-0.891518	0.029196	0.452043	-0.021164	-0.999516	0.022815	0.452490	0.010772	0.891704
04882	4.663469	0.190454	9.143364	-0.028761	-0.039978	0.019791	-0.891007	0.028877	0.453070	-0.021235	-0.999534	0.021945	0.453492	0.009932	0.891205
04883	4.705274	0.112203	9.141333	-0.042180	-0.053823	0.013168	-0.890334	0.028726	0.454401	-0.021607	-0.999549	0.020852	0.454795	0.008747	0.890553
04884	4.616698	0.174721	9.179656	-0.058845	-0.077340	0.007143	-0.889388	0.028728	0.456250	-0.022305	-0.999562	0.019456	0.456609	0.007127	0.889639
04885	4.458669	0.110744	9.316495	-0.083085	-0.169132	-0.002487	-0.887378	0.028980	0.460131	-0.023499	-0.999568	0.017635	0.460444	0.004836	0.887676
04886	4.379291	0.069366	9.377135	-0.070698	-0.344806	-0.023633	-0.883291	0.029765	0.467879	-0.025027	-0.999553	0.016340	0.468157	0.002724	0.883641
04887	4.248322	0.031586	9.489342	-0.022281	-0.631922	-0.027096	-0.875696	0.030636	0.481891	-0.026070	-0.999529	0.016170	0.482159	0.001597	0.876082
04888	4.324569	0.016201	9.496206	-0.022618	-0.982285	-0.070794	-0.863470	0.032583	0.503346	-0.028066	-0.999469	0.016551	0.503618	0.000165	0.863926
04889	4.496295	0.171625	9.580583	-0.005401	-1.356267	-0.116502	-0.845738	0.035627	0.532407	-0.030799	-0.999364	0.017949	0.532708	-0.001217	0.846298
04890	4.962325	-0.051051	9.540907	0.033337	-1.725322	-0.179566	-0.821754	0.040187	0.568423	-0.034250	-0.999190	0.021127	0.568812	-0.002108	0.822465
04891	5.129130	-0.091313	9.372018	0.095661	-2.017807	-0.348764	-0.791616	0.048934	0.609056	-0.040037	-0.998800	0.028209	0.609706	-0.002054	0.792625
04892	5.245978	-0.721012	9.562546	0.430476	-2.406212	-0.655493	-0.752720	0.065527	0.655072	-0.046032	-0.997837	0.046919	0.656730	0.005163	0.754108
04893	6.254226	-1.479045	9.701789	0.942334	-3.006955	-1.080848	-0.699838	0.093643	0.708137	-0.049676	-0.995350	0.082530	0.712572	0.022580	0.701235
04894	8.858578	-0.634209	10.738541	0.948220	-3.475959	-1.418561	-0.633321	0.131567	0.762624	-0.055865	-0.990644	0.124511	0.771870	0.036251	0.634746
04895	9.632370	-0.013683	11.276469	0.429114	-3.742656	-1.548034	-0.555849	0.173151	0.813050	-0.070439	-0.984359	0.161477	0.828294	0.032486	0.559352
04896	9.143061	0.208658	11.675451	-0.343742	-4.075238	-1.688998	-0.465063	0.216554	0.858383	-0.099481	-0.976262	0.192395	0.879670	0.004083	0.475566
04897	5.777904	-1.928170	9.759988	-0.393885	-3.957610	-2.066919	-0.369914	0.265558	0.890305	-0.130042	-0.963645	0.233403	0.919920	-0.029438	0.391000
04898	11.716219	-0.414354	14.310326	-0.057210	-2.688303	-1.743576	-0.301203	0.304710	0.903564	-0.146082	-0.951129	0.272054	0.942304	-0.050051	0.330996
04899	2.480647	-5.402622	10.223743	-0.202332	0.619858	-0.096848	-0.315356	0.307842	0.897655	-0.151625	-0.950115	0.272565	0.936782	-0.050152	0.346301
04900	0.498947	-0.869952	7.644048	0.489447	0.448377	0.752466	-0.328516	0.290424	0.898739	-0.134141	-0.956252	0.259976	0.934924	-0.035151	0.353102
04901	2.744646	-0.846353	8.743367	0.304365	1.325764	1.357946	-0.363579	0.258711	0.894919	-0.115312	-0.965773	0.232346	0.924399	-0.018719	0.380967
04902	2.267679	0.532866	8.018499	0.348034	2.131376	1.511351	-0.416283	0.222474	0.881597	-0.092583	-0.974935	0.202311	0.904509	0.002597	0.426446
04903	4.098503	1.153598	8.817992	0.015411	2.884438	1.363727	-0.483312	0.188351	0.854946	-0.076837	-0.981939	0.172892	0.872070	0.017869	0.489055
04904	4.850901	0.869312	8.596746	-0.173883	3.635616	1.068355	-0.562435	0.159854	0.811242	-0.066464	-0.986699	0.148348	0.824166	0.029518	0.565578
04905	6.309809	0.035547	8.948861	-0.291448	4.075517	0.956044	-0.644875	0.132735	0.752674	-0.057700	-0.990448	0.125231	0.762107	0.037329	0.646374
04906	8.495052	-0.697132	9.344357	-0.491603	4.381213	1.259269	-0.725966	0.097248	0.680820	-0.044890	-0.994541	0.094193	0.686264	0.037819	0.726369
04907	8.784611	-2.203482	9.081314	-0.028660	4.352231	1.921997	-0.797541	0.044712	0.601605	-0.008592	-0.997990	0.062781	0.603204	0.044902	0.796322
04908	9.828420	0.313015	11.509456	-0.198317	4.232881	2.083024	-0.856238	-0.012041	0.516441	0.031843	-0.999057	0.029500	0.515599	0.041704	0.855815
04909	9.979416	0.664230	11.955843	-0.494794	4.313855	1.676950	-0.904833	-0.057689	0.421840	0.063094	-0.998007	-0.001148	0.421065	0.025577	0.906670
04910	10.500526	1.478227	12.124951	-0.919560	4.104669	1.023144	-0.941496	-0.084393	0.326287	0.078198	-0.996421	-0.032082	0.327827	-0.004690	0.944726
04911	11.671467	1.713325	10.367813	-1.478453	3.608735	0.299637	-0.966760	-0.089501	0.239510	0.074838	-0.994760	-0.069649	0.244489	-0.049409	0.968392
04912	10.909158	4.180502	6.118925	-1.816588	2.568036	-0.230361	-0.980936	-0.079038	0.177531	0.059515	-0.991842	-0.112728	0.184993	-0.100013	0.977637
04913	13.899868	2.850722	3.672023	-1.621618	1.614091	-1.070830	-0.988781	-0.047659	0.141563	0.026434	-0.988605	-0.148191	0.147013	-0.142786	0.978774
04914	11.909747	2.032689	-0.306597	-1.062665	0.612274	-1.296820	-0.991186	-0.013254	0.131813	-0.009404	-0.985433	-0.169802	0.132143	-0.169545	0.976623
04915	11.053878	0.748207	1.092828	-0.628470	-0.483330	-0.971665	-0.988957	0.008570	0.147954	-0.035711	-0.982691	-0.181777	0.143836	-0.185053	0.972145
04916	7.762106	-3.462600	0.883978	1.052901	-1.516219	-0.607202	-0.982126	0.017100	0.187446	-0.046524	-0.987018	-0.153724	0.182384	-0.159697	0.970172
04917	1.300663	1.111384	9.359079	1.571003	-2.419375	0.545478	-0.969712	-0.004742	0.244203	-0.025055	-0.992606	-0.118769	0.242961	-0.121291	0.962423
04918	3.953472	3.537684	11.934844	1.596422	-2.991060	0.042179	-0.948798	-0.013207	0.315606	-0.013079	-0.996626	-0.081024	0.315611	-0.081004	0.945425
04919	6.469462	3.303355	11.570704	0.952289	-2.654539	-0.475418	-0.925544	-0.005776	0.378596	-0.016131	-0.998374	-0.054667	0.378296	-0.056704	0.923946
04920	15.173965	1.669402	15.261296	1.577457	-1.505648	-0.646500	-0.910326	0.009123	0.413791	-0.015518	-0.999806	-0.012097	0.413601	-0.017433	0.910291
04921	6.063666	0.895678	10.556763	0.502959	-0.412424	-0.108163	-0.905906	0.011886	0.423311	-0.012910	-0.999917	0.000448	0.423281	-0.005059	0.905984
04922	5.258382	0.542089	9.711903	0.326722	-0.227173	-0.033807	-0.903408	0.012903	0.428587	-0.010394	-0.999912	0.008195	0.428656	0.002948	0.903463
04923	4.936341	0.462952	9.535221	0.193302	-0.111654	0.000372	-0.902138	0.013089	0.431249	-0.008506	-0.999885	0.012552	0.431364	0.007656	0.902145
04924	4.702116	0.270561	9.384146	0.111358	-0.052086	0.019778	-0.901509	0.012787	0.432572	-0.007057	-0.999865	0.014849	0.432704	0.010334	0.901477
04925	4.484131	-0.057993	9.167199	0.081370	-0.041509	0.017466	-0.900991	0.012543	0.433656	-0.005980	-0.999846	0.016494	0.433796	0.012268	0.900927
04926	4.567381	0.041124	9.222854	0.080982	-0.057167	0.009509	-0.900301	0.012506	0.435089	-0.005086	-0.999821	0.018214	0.435239	0.014185	0.900203
04927	4.557397	0.205182	9.236635	0.058775	-0.058983	0.014776	-0.899588	0.012341	0.436565	-0.004313	-0.999803	0.019375	0.436718	0.015547	0.899464
04928	4.606675	0.154677	9.230517	0.058580	-0.057345	0.017483	-0.898891	0.012109	0.438004	-0.003479	-0.999784	0.020500	0.438157	0.016904	0.898739
04929	4.554747	0.136130	9.196815	0.039651	-0.046272	0.016522	-0.898314	0.011898	0.439193	-0.002873	-0.999771	0.021210	0.439345	0.017791	0.898142
04930	4.590369	0.113107	9.205522	0.036838	-0.046596	0.016111	-0.897731	0.011699	0.440389	-0.002306	-0.999758	0.021859	0.440539	0.018608	0.897541
04931	4.608397	0.154456	9.175793	0.021758	-0.039645	0.015848	-0.897223	0.011504	0.441429	-0.001910	-0.999752	0.022172	0.441575	0.019050	0.897022
04932	4.604694	0.201781	9.201823	0.014594	-0.043926	0.013820	-0.896666	0.011363	0.442563	-0.001640	-0.999749	0.022346	0.442705	0.019312	0.896459
04933	4.635671	0.195214	9.193502	0.001752	-0.045903	0.017449	-0.896085	0.011131	0.443742	-0.001430	-0.999753	0.022192	0.443879	0.019252	0.895880
04934	4.634178	0.220450	9.171022	-0.027251	-0.040857	0.012908	-0.895560	0.011010	0.444805	-0.001644	-0.999769	0.021438	0.444938	0.018468	0.895371
04935	4.633876	0.142477	9.180849	-0.041897	-0.049154	0.010348	-0.894940	0.010956	0.446052	-0.002079	-0.999790	0.020386	0.446182	0.017316	0.894775
04936	4.637839	0.091834	9.168429	-0.054117	-0.062507	0.003987	-0.894169	0.011064	0.447593	-0.002795	-0.999813	0.019131	0.447721	0.015855	0.894033
04937	4.641830	0.166384	9.166541	-0.061730	-0.080034	-0.002867	-0.893198	0.011348	0.449521	-0.003752	-0.999835	0.017784	0.449649	0.014198	0.893093
04938	4.606180	0.105445	9.207291	-0.066997	-0.113911	-0.004727	-0.891839	0.011685	0.452202	-0.004814	-0.999855	0.016343	0.452327	0.012398	0.891766
04939	4.585542	0.191644	9.225533	-0.064348	-0.182187	-0.011069	-0.889694	0.012194	0.456395	-0.005991	-0.999869	0.015036	0.456519	0.010643	0.889650
04940	4.434655	0.100313	9.301652	-0.053695	-0.312007	-0.021004	-0.886027	0.012976	0.463453	-0.007274	-0.999874	0.014088	0.463577	0.009111	0.886010
04941	4.283108	0.014069	9.490770	-0.017103	-0.523907	-0.029312	-0.879796	0.014000	0.475145	-0.008319	-0.999867	0.014057	0.475278	0.008415	0.879795
04942	4.112934	-0.008573	9.631662	-0.012109	-0.892902	-0.059209	-0.868876	0.015833	0.494777	-0.009953	-0.999845	0.014516	0.494930	0.007688	0.868899
04943	3.802166	-0.055987	10.233163	0.016850	-1.459331	-0.104854	-0.850133	0.018896	0.526229	-0.012179	-0.999794	0.016225	0.526427	0.007384	0.850188
04944	3.521863	-0.542166	10.844008	0.082094	-2.306496	-0.279207	-0.818192	0.026479	0.574335	-0.017051	-0.999617	0.021795	0.574692	0.008039	0.818330
04945	4.404225	-0.243326	9.955861	0.325610	-3.110040	-0.664306	-0.770630	0.044061	0.635758	-0.025482	-0.998940	0.038343	0.636773	0.013348	0.770936
04946	5.744811	-0.938422	9.646093	0.929925	-3.623864	-1.083817	-0.708975	0.073274	0.701416	-0.030088	-0.996825	0.073721	0.704591	0.031162	0.708929
04947	9.356408	-0.852088	11.606059	1.255240	-4.234203	-1.318503	-0.629425	0.110662	0.769141	-0.029046	-0.992467	0.119023	0.776518	0.052575	0.627898
04948	11.183327	-0.589210	11.582709	0.965935	-4.210995	-1.327600	-0.543227	0.149736	0.826126	-0.029131	-0.986737	0.159691	0.839080	0.062682	0.540384
04949	9.109631	-0.509911	9.894651	0.434347	-4.092757	-1.453392	-0.453332	0.191676	0.870488	-0.037977	-0.979871	0.195984	0.890532	0.055787	0.451487
04950	4.742167	-1.638190	6.027307	0.302444	-3.581757	-1.790881	-0.369796	0.239913	0.897604	-0.049648	-0.969809	0.238758	0.927785	0.043728	0.370543
04951	11.367429	0.018837	13.781589	0.177316	-1.687030	-1.233532	-0.328619	0.271491	0.904601	-0.056372	-0.961725	0.268157	0.942779	0.037127	0.331345
04952	-0.207948	-6.213543	7.782071	0.296125	1.379703	0.300517	-0.361276	0.262762	0.894671	-0.046917	-0.963382	0.263996	0.931278	0.053400	0.360375
04953	-0.025201	0.010328	7.911357	0.779316	0.784763	1.105102	-0.380361	0.234830	0.894528	-0.018657	-0.968978	0.246441	0.924650	0.077047	0.372943
04954	2.909595	0.019970	10.096213	0.327803	1.814118	1.468405	-0.422176	0.195252	0.885237	0.003544	-0.976166	0.216998	0.906507	0.094749	0.411422
04955	2.480293	1.780964	9.278449	0.167306	2.639641	1.181033	-0.480710	0.159583	0.862236	0.020600	-0.980974	0.193044	0.876638	0.110560	0.468276
04956	4.885558	1.080485	10.027308	-0.297980	3.206550	0.970230	-0.548852	0.126680	0.826265	0.026734	-0.985285	0.168819	0.835492	0.114746	0.537389
04957	6.158054	0.557887	9.918185	-0.467081	3.730343	0.994342	-0.623625	0.091437	0.776358	0.031919	-0.989329	0.142159	0.781072	0.113434	0.614052
04958	7.415099	0.541066	10.125566	-0.612733	4.015248	1.103609	-0.697881	0.053008	0.714250	0.038756	-0.993001	0.111564	0.715164	0.105540	0.690942
04959	9.111336	0.351515	10.235463	-0.803029	4.233950	1.352696	-0.768146	0.008964	0.640212	0.050043	-0.996003	0.073989	0.638316	0.088872	0.764627
04960	8.797520	-0.038946	10.236673	-0.665865	4.120820	1.633180	-0.827318	-0.040072	0.560302	0.072761	-0.996694	0.036154	0.557001	0.070679	0.827499
04961	9.360225	3.308617	12.443332	-0.891743	3.999479	1.279866	-0.876333	-0.077738	0.475392	0.088616	-0.996066	0.000473	0.473484	0.042542	0.879774
04962	9.406740	2.444681	12.334207	-1.314378	4.119527	0.588287	-0.919241	-0.094731	0.382128	0.087815	-0.995503	-0.035543	0.383776	0.000884	0.923426
04963	9.440319	5.017750	11.453974	-1.720947	3.793503	-0.118162	-0.951858	-0.089518	0.293178	0.070445	-0.994692	-0.075002	0.298336	-0.050739	0.953111
04964	11.196773	5.096665	9.697445	-2.210980	3.156918	-1.123344	-0.973926	-0.055286	0.220029	0.028994	-0.992232	-0.120978	0.225008	-0.111444	0.967963
04965	11.535254	1.559527	4.561891	-2.048747	2.369625	-1.738678	-0.985662	-0.004175	0.168679	-0.023594	-0.986461	-0.162288	0.167072	-0.163941	0.972219
04966	12.614947	0.240614	1.495400	-1.987729	1.095012	-1.345873	-0.988353	0.033969	0.148339	-0.064364	-0.976599	-0.205211	0.137897	-0.212368	0.967411
04967	12.040756	-1.214383	0.104253	-1.140281	0.150618	-0.620387	-0.987702	0.049924	0.148162	-0.083574	-0.969486	-0.230461	0.132136	-0.240009	0.961736
04968	10.995455	-1.177121	1.932957	0.187266	-0.574807	-0.090588	-0.985485	0.048772	0.162608	-0.085264	-0.970467	-0.225664	0.146800	-0.236253	0.960539
04969	6.163628	-1.486133	3.454648	0.931625	-1.112106	0.690866	-0.982260	0.025820	0.185739	-0.064684	-0.976337	-0.206354	0.176016	-0.214707	0.960687
04970	1.256136	-3.528190	7.879273	1.274625	-2.354563	0.757355	-0.971101	-0.004318	0.238631	-0.039838	-0.982877	-0.179906	0.235322	-0.184214	0.954300
04971	3.801811	-1.604201	10.319225	2.394510	-2.338592	-0.443878	-0.955159	-0.002230	0.296084	-0.034893	-0.992156	-0.120036	0.294029	-0.124984	0.947590
04972	5.319020	7.354484	13.075002	1.611307	-2.254780	-0.544864	-0.936502	0.005569	0.350619	-0.035045	-0.996354	-0.077782	0.348907	-0.085130	0.933283
04973	11.604721	2.540130	14.524172	1.196670	-1.871417	-0.608930	-0.918510	0.017615	0.395005	-0.038250	-0.998280	-0.044426	0.393543	-0.055915	0.917604
