// General information: 
//  MT Manager version: 2022.2.0 
//  XDA version: 2022.2.0 build 7381 rev 124627 built on 2023-07-19
// Device information: 
//  DeviceId: 00B4CBA7
//  ProductCode: MTW2-3A7G6
//  Firmware Version: 4.6.0
//  Hardware Version: 2.0.0
// Device settings: 
//  Filter Profile: human(46.1)
//  Option Flags: Orientation Smoother Disabled, Position/Velocity Smoother Disabled, Continuous Zero Rotation Update Disabled, AHS Disabled, ICC Disabled
// Coordinate system: ENU
PacketCounter	Acc_X	Acc_Y	Acc_Z	Gyr_X	Gyr_Y	Gyr_Z	Mat[1][1]	Mat[2][1]	Mat[3][1]	Mat[1][2]	Mat[2][2]	Mat[3][2]	Mat[1][3]	Mat[2][3]	Mat[3][3]
40572	9.707354	1.174467	-1.990686	0.009005	-0.022242	0.001406	0.095439	0.168254	0.981113	0.417806	-0.901364	0.113935	0.903510	0.399041	-0.156323
40573	9.575224	1.004348	-1.561528	0.037963	-0.025541	0.003043	0.095736	0.168366	0.981065	0.417866	-0.901340	0.113907	0.903450	0.399049	-0.156645
40574	9.640255	1.011702	-1.092521	0.090540	-0.022595	0.010266	0.095966	0.168385	0.981039	0.418666	-0.900995	0.113692	0.903056	0.399817	-0.156962
40575	9.489468	1.179766	-0.995914	0.164471	-0.037370	0.016330	0.096322	0.168437	0.980995	0.420077	-0.900382	0.113350	0.902362	0.401175	-0.157483
40576	9.699227	1.810243	-1.029300	0.122345	-0.044069	0.021634	0.096793	0.168441	0.980948	0.421151	-0.899927	0.112972	0.901811	0.402192	-0.158046
40577	9.585106	1.660299	-1.465208	0.012167	-0.042676	0.024961	0.097229	0.168453	0.980903	0.420938	-0.900043	0.112842	0.901864	0.401928	-0.158418
40578	9.454897	1.367523	-1.220560	0.042415	-0.051796	0.047058	0.097877	0.168259	0.980872	0.421266	-0.899952	0.112342	0.901640	0.402212	-0.158966
40579	9.396381	1.224079	-1.290672	-0.000034	-0.062417	0.046512	0.098541	0.168154	0.980823	0.421120	-0.900063	0.111999	0.901636	0.402008	-0.159506
40580	9.436624	1.320124	-0.876631	0.046507	-0.091280	0.051425	0.099563	0.168079	0.980733	0.421480	-0.899963	0.111448	0.901355	0.402263	-0.160445
40581	9.709833	1.203927	-0.646036	-0.001837	-0.109178	0.054091	0.100755	0.168078	0.980611	0.421263	-0.900121	0.110998	0.901325	0.401911	-0.161497
40582	9.511484	1.122545	-0.821874	-0.031190	-0.130308	0.056514	0.102151	0.168114	0.980461	0.420916	-0.900341	0.110523	0.901330	0.401401	-0.162732
40583	9.731818	1.074451	-1.003377	0.067088	-0.156814	0.061543	0.103729	0.168239	0.980273	0.421492	-0.900149	0.109887	0.900880	0.401779	-0.164283
40584	9.897192	1.590899	-1.543613	0.072608	-0.144577	0.066020	0.105292	0.168248	0.980105	0.422069	-0.899969	0.109149	0.900428	0.402180	-0.165772
40585	9.709500	1.718063	-2.156559	0.053730	-0.139966	0.084572	0.106859	0.168099	0.979961	0.422321	-0.899951	0.108323	0.900126	0.402283	-0.167160
40586	9.518627	1.330047	-2.406165	0.046440	-0.129800	0.102203	0.108442	0.167723	0.979852	0.422621	-0.899936	0.107272	0.899796	0.402473	-0.168474
40587	9.578904	1.018760	-2.394912	0.068855	-0.110036	0.112286	0.109860	0.167203	0.979783	0.423026	-0.899880	0.106134	0.899433	0.402813	-0.169592
40588	9.511523	0.995631	-2.319084	0.065544	-0.093364	0.112742	0.111160	0.166586	0.979741	0.423482	-0.899805	0.104947	0.899059	0.403237	-0.170568
40589	9.462733	0.991707	-1.991245	0.099278	-0.091309	0.119748	0.112393	0.165926	0.979712	0.424248	-0.899590	0.103687	0.898544	0.403987	-0.171502
40590	9.454335	1.152395	-1.626750	0.053432	-0.090198	0.116294	0.113679	0.165266	0.979675	0.424588	-0.899568	0.102484	0.898222	0.404308	-0.172432
40591	9.423329	1.012512	-1.577846	-0.011788	-0.088419	0.110631	0.114849	0.164682	0.979637	0.424255	-0.899833	0.101528	0.898230	0.403956	-0.173212
40592	9.461078	0.864400	-1.367241	0.007912	-0.096704	0.108220	0.116159	0.164120	0.979577	0.424193	-0.899980	0.100483	0.898091	0.403858	-0.174159
40593	9.613384	0.799455	-1.459847	-0.002630	-0.099388	0.088927	0.117436	0.163764	0.979485	0.423848	-0.900230	0.099696	0.898088	0.403445	-0.175131
40594	9.602918	0.614354	-1.497833	0.038418	-0.105103	0.075335	0.118682	0.163532	0.979373	0.424095	-0.900199	0.098919	0.897807	0.403608	-0.176190
40595	9.687968	0.421686	-1.327653	0.083600	-0.118310	0.066831	0.119955	0.163451	0.979232	0.424850	-0.899925	0.098170	0.897281	0.404250	-0.177393
40596	9.630339	0.324841	-1.269374	0.196656	-0.133948	0.061219	0.121399	0.163464	0.979051	0.426531	-0.899230	0.097249	0.896289	0.405790	-0.178888
40597	9.548862	0.496444	-0.981315	0.268738	-0.156901	0.055641	0.122929	0.163645	0.978830	0.428885	-0.898211	0.096305	0.894956	0.407967	-0.180601
40598	9.478212	0.635404	-0.938928	0.289946	-0.177859	0.042744	0.124685	0.164011	0.978547	0.431416	-0.897096	0.095389	0.893495	0.410267	-0.182611
40599	9.414018	0.846440	-1.105148	0.240735	-0.190776	0.033347	0.126498	0.164529	0.978227	0.433459	-0.896186	0.094678	0.892251	0.412045	-0.184682
40600	9.296248	1.005111	-1.304283	0.246208	-0.204592	0.019964	0.128391	0.165216	0.977865	0.435621	-0.895203	0.094054	0.890927	0.413903	-0.186907
40601	9.171478	1.137513	-1.525236	0.167737	-0.216324	0.012121	0.130375	0.166039	0.977463	0.436855	-0.894638	0.093701	0.890034	0.414793	-0.189173
40602	9.000695	0.773469	-1.488444	0.133834	-0.233963	-0.005130	0.132415	0.167077	0.977011	0.438044	-0.894075	0.093526	0.889148	0.415590	-0.191576
40603	9.081233	0.365835	-1.380392	0.116737	-0.257089	-0.011563	0.134625	0.168281	0.976503	0.438991	-0.893616	0.093476	0.888348	0.416092	-0.194177
40604	9.370013	0.699688	-1.323002	0.129654	-0.275995	-0.023929	0.136952	0.169666	0.975939	0.440167	-0.893036	0.093485	0.887411	0.416773	-0.196984
40605	9.303147	1.089379	-1.291808	0.047359	-0.296686	-0.020566	0.139578	0.171108	0.975315	0.440337	-0.892936	0.093638	0.886917	0.416398	-0.199979
40606	9.186920	1.022580	-1.138052	-0.018418	-0.324456	-0.024526	0.142329	0.172698	0.974637	0.440200	-0.892972	0.093944	0.886548	0.415664	-0.203117
40607	9.450426	0.871018	-1.194566	0.040604	-0.353987	-0.028100	0.145264	0.174444	0.973893	0.440645	-0.892728	0.094180	0.885850	0.415460	-0.206549
40608	9.732025	1.428986	-1.297029	0.073152	-0.372384	-0.025652	0.148430	0.176242	0.973092	0.441322	-0.892380	0.094307	0.884988	0.415449	-0.210235
40609	9.982575	1.773149	-1.899027	0.042438	-0.377302	-0.016577	0.151686	0.177974	0.972274	0.441533	-0.892261	0.094443	0.884330	0.414965	-0.213924
40610	9.928073	1.663581	-2.592807	-0.031247	-0.360013	0.006469	0.154879	0.179430	0.971503	0.441238	-0.892403	0.094477	0.883924	0.414032	-0.217386
40611	10.024482	1.288801	-3.187399	-0.018379	-0.330990	0.017989	0.157837	0.180661	0.970798	0.440997	-0.892531	0.094397	0.883521	0.413220	-0.220545
40612	9.942015	0.894643	-3.875778	0.063504	-0.291220	0.036691	0.160552	0.181559	0.970185	0.441491	-0.892336	0.093929	0.882785	0.413248	-0.223423
40613	9.634185	0.908520	-3.721235	0.222337	-0.267805	0.070539	0.163121	0.182060	0.969663	0.443220	-0.891592	0.092841	0.881446	0.414629	-0.226130
40614	9.487714	1.469995	-3.328720	0.293080	-0.243918	0.088908	0.165645	0.182303	0.969189	0.445647	-0.890537	0.091343	0.879750	0.416785	-0.228756
40615	9.566204	1.817606	-2.870740	0.230313	-0.217271	0.109693	0.168041	0.182253	0.968786	0.447254	-0.889885	0.089831	0.878480	0.418198	-0.231050
40616	9.270817	1.710284	-2.253742	0.129305	-0.210651	0.126110	0.170436	0.182034	0.968408	0.448168	-0.889574	0.088340	0.877552	0.418953	-0.233198
40617	9.053397	1.255114	-1.690115	0.085536	-0.222507	0.140032	0.172892	0.181758	0.968025	0.448674	-0.889463	0.086873	0.876812	0.419308	-0.235331
40618	9.143351	0.752710	-1.228383	0.080113	-0.253425	0.125012	0.175655	0.181730	0.967533	0.449150	-0.889356	0.085503	0.876019	0.419548	-0.237844
40619	9.435331	0.245138	-0.833794	0.142271	-0.298146	0.112545	0.178724	0.182001	0.966919	0.450067	-0.889021	0.084148	0.874927	0.420140	-0.240803
40620	9.820341	0.251772	-0.582307	0.204521	-0.343043	0.100166	0.182156	0.182576	0.966170	0.451667	-0.888344	0.082714	0.873394	0.421320	-0.244280
40621	10.052006	0.418843	-0.833381	0.250657	-0.399025	0.107243	0.186132	0.183324	0.965270	0.453461	-0.887576	0.081128	0.871624	0.422612	-0.248337
40622	10.240364	0.599663	-1.040309	0.330345	-0.448645	0.126412	0.190593	0.184125	0.964247	0.456091	-0.886410	0.079111	0.869284	0.424706	-0.252921
40623	10.111788	0.726280	-1.213448	0.376483	-0.494856	0.139381	0.195530	0.184995	0.963091	0.458839	-0.885187	0.076876	0.866738	0.426873	-0.257963
40624	9.884741	0.847293	-1.193807	0.369039	-0.537877	0.158818	0.200896	0.185914	0.961809	0.461710	-0.883904	0.074416	0.863982	0.429127	-0.263411
40625	9.751754	1.076213	-1.524768	0.332153	-0.571699	0.171679	0.206649	0.186843	0.960409	0.463932	-0.882944	0.071949	0.861431	0.430697	-0.269142
40626	9.851781	1.321929	-1.956058	0.266946	-0.603448	0.202129	0.212760	0.187683	0.958910	0.465797	-0.882173	0.069314	0.858933	0.431910	-0.275113
40627	10.049081	0.968158	-2.354916	0.173706	-0.619858	0.236416	0.219098	0.188284	0.957364	0.466720	-0.881892	0.066629	0.856836	0.432222	-0.281097
40628	10.030251	1.001957	-2.446615	0.216134	-0.636836	0.259679	0.225741	0.188770	0.955723	0.467984	-0.881448	0.063562	0.854419	0.432915	-0.287321
40629	10.263920	1.294914	-2.026354	0.202000	-0.652503	0.268680	0.232540	0.189211	0.954004	0.468893	-0.881182	0.060475	0.852094	0.433263	-0.293630
40630	9.969317	0.705014	-1.837342	0.137996	-0.676055	0.284565	0.239609	0.189654	0.952165	0.469389	-0.881125	0.057384	0.849860	0.433186	-0.300147
40631	9.525496	0.464513	-1.193458	0.219461	-0.738787	0.289610	0.247185	0.190289	0.950100	0.470400	-0.880798	0.054026	0.847126	0.433573	-0.307232
40632	9.398744	0.646315	-0.878306	0.193461	-0.801599	0.279612	0.255261	0.191324	0.947754	0.471327	-0.880494	0.050802	0.844211	0.433734	-0.314932
40633	9.428504	0.524857	-0.703789	0.141148	-0.881681	0.256933	0.263861	0.192867	0.945082	0.471724	-0.880440	0.047973	0.841341	0.433159	-0.323293
40634	9.500581	0.215380	-0.333470	0.130578	-0.976120	0.223824	0.273095	0.195141	0.941987	0.472213	-0.880311	0.045464	0.838113	0.432403	-0.332557
40635	9.638100	0.499399	-0.019145	0.115561	-1.074195	0.205216	0.282972	0.197925	0.938484	0.472445	-0.880301	0.043202	0.834699	0.431157	-0.342609
40636	9.964822	0.640900	-0.362043	0.042782	-1.146989	0.181391	0.293364	0.201283	0.934571	0.472273	-0.880480	0.041386	0.831201	0.429232	-0.353361
40637	10.307272	0.279222	-1.286196	-0.053522	-1.190543	0.145762	0.303900	0.205049	0.930376	0.471242	-0.881085	0.040258	0.827995	0.426197	-0.364390
40638	10.836692	-0.158577	-2.196060	0.047559	-1.242248	0.129754	0.314753	0.209208	0.925831	0.471228	-0.881153	0.038910	0.823939	0.424030	-0.375930
40639	11.059036	-0.130507	-2.600214	0.184178	-1.279375	0.178981	0.326126	0.212976	0.921023	0.471929	-0.880877	0.036587	0.819100	0.422725	-0.387786
40640	10.959330	-0.309344	-2.498809	0.344916	-1.336976	0.244138	0.338172	0.216500	0.915842	0.473928	-0.879944	0.033018	0.813039	0.422878	-0.400178
40641	10.559558	-0.461840	-1.792938	0.476385	-1.389535	0.291890	0.350710	0.219785	0.910328	0.476741	-0.878583	0.028453	0.806053	0.424012	-0.412908
40642	10.355553	-0.012957	-1.023820	0.555819	-1.478870	0.315561	0.364062	0.223318	0.904206	0.480067	-0.876922	0.023289	0.798119	0.425601	-0.426462
40643	10.712982	-0.159115	-0.114428	0.540123	-1.593039	0.302579	0.378191	0.227276	0.897395	0.482838	-0.875519	0.018253	0.789835	0.426393	-0.440851
40644	11.360946	-1.076451	1.071105	0.581785	-1.735568	0.259602	0.393055	0.232436	0.889652	0.486401	-0.873633	0.013355	0.780334	0.427479	-0.456444
40645	11.912009	-2.109834	1.590685	0.747812	-1.889244	0.209460	0.408802	0.238457	0.880920	0.490856	-0.871204	0.008039	0.769378	0.429118	-0.473197
40646	12.219286	-2.472089	1.977422	0.940771	-2.044849	0.160852	0.425175	0.245886	0.871072	0.497359	-0.867542	0.002126	0.756214	0.432331	-0.491151
40647	12.299524	-2.284301	2.207596	1.178107	-2.199393	0.106046	0.442393	0.254173	0.860049	0.505032	-0.863088	-0.004708	0.741101	0.436435	-0.510189
40648	12.583726	-1.948737	2.176677	1.238693	-2.343827	0.054784	0.459826	0.264004	0.847857	0.513859	-0.857796	-0.011587	0.724230	0.441007	-0.530098
40649	12.636666	-1.400682	1.657892	1.148813	-2.460236	-0.009976	0.477395	0.274613	0.834674	0.521621	-0.852993	-0.017703	0.707110	0.443836	-0.550459
40650	12.667518	-0.162451	-0.329089	0.840559	-2.533060	-0.064523	0.494738	0.286425	0.820485	0.527808	-0.849082	-0.021851	0.690400	0.443869	-0.571251
40651	12.190163	1.048716	-2.059579	0.487929	-2.552705	-0.130426	0.511624	0.298293	0.805768	0.531057	-0.847007	-0.023636	0.675440	0.440001	-0.591760
40652	11.797693	2.539754	-4.081431	0.115931	-2.592500	-0.209683	0.527818	0.311404	0.790212	0.532922	-0.845862	-0.022628	0.661364	0.433065	-0.612416
40653	11.843137	4.253668	-4.639983	-0.092636	-2.605985	-0.283906	0.543374	0.324631	0.774183	0.533451	-0.845598	-0.019835	0.648209	0.423767	-0.632651
40654	11.958086	5.119746	-4.835538	-0.361391	-2.536898	-0.324392	0.557917	0.337999	0.757948	0.532918	-0.846034	-0.014995	0.636182	0.412290	-0.652143
40655	11.561321	5.405245	-4.980678	-0.660568	-2.369812	-0.312919	0.571268	0.349868	0.742459	0.530052	-0.847925	-0.008270	0.626657	0.398266	-0.669840
40656	10.595891	5.793261	-5.315565	-0.840277	-2.168067	-0.231835	0.583524	0.360329	0.727780	0.526160	-0.850385	-0.000836	0.618592	0.383416	-0.685810
40657	9.874581	6.273413	-5.789778	-1.096282	-1.927096	-0.138172	0.594673	0.368390	0.714600	0.519828	-0.854235	0.007787	0.613305	0.366839	-0.699490
40658	9.305066	6.739462	-6.448285	-1.475610	-1.643438	-0.010804	0.604660	0.374376	0.703014	0.510861	-0.859469	0.018304	0.611071	0.348075	-0.710940
40659	8.673814	6.359639	-7.530054	-1.941473	-1.270489	0.132387	0.613271	0.376995	0.694099	0.497489	-0.866906	0.031298	0.613517	0.326112	-0.719199
40660	7.143566	4.918090	-8.421691	-2.321047	-0.907100	0.254250	0.620090	0.377651	0.687654	0.481614	-0.875158	0.046331	0.619303	0.302455	-0.724558
40661	5.752348	2.757751	-9.342780	-2.394996	-0.732144	0.293173	0.626082	0.376844	0.682649	0.464412	-0.883462	0.061770	0.626372	0.278357	-0.728131
40662	6.196952	1.706939	-9.065825	-2.003846	-0.584218	0.288313	0.631059	0.375875	0.678589	0.449993	-0.889922	0.074459	0.631879	0.258373	-0.730734
40663	6.925671	1.849956	-7.772343	-1.543226	-0.372105	0.274619	0.634702	0.373964	0.676243	0.437941	-0.895076	0.083941	0.636680	0.242877	-0.731881
40664	8.267281	1.456878	-5.912316	-1.286551	-0.068037	0.370960	0.636725	0.370816	0.676074	0.427358	-0.899503	0.090879	0.641830	0.231061	-0.731208
40665	8.056057	0.773408	-5.734589	-1.462596	0.308220	0.508423	0.637028	0.365082	0.678904	0.414035	-0.904954	0.098145	0.650208	0.218569	-0.727638
40666	6.550373	0.429795	-7.345499	-1.462379	0.609531	0.558251	0.635293	0.358737	0.683894	0.400902	-0.910087	0.104975	0.660061	0.207484	-0.721990
40667	5.707934	0.803716	-7.232573	-0.984810	0.976046	0.554769	0.631218	0.351169	0.691552	0.390095	-0.914388	0.108263	0.670366	0.201434	-0.714167
40668	5.285575	1.246214	-6.374209	-0.810052	1.396116	0.512002	0.623734	0.343705	0.702013	0.381402	-0.917785	0.110473	0.682267	0.198843	-0.703543
40669	5.052310	1.806409	-6.631931	-1.018952	1.807992	0.476336	0.613421	0.335112	0.715133	0.370419	-0.921814	0.114227	0.697498	0.194830	-0.689592
40670	4.819110	1.910133	-7.002266	-0.977814	2.174451	0.393513	0.599495	0.327281	0.730406	0.361126	-0.925011	0.118079	0.714279	0.192981	-0.672729
40671	4.657853	2.123855	-6.596775	-1.018475	2.490989	0.294007	0.582733	0.319365	0.747281	0.351341	-0.928173	0.122695	0.732790	0.191052	-0.653083
40672	4.765760	2.106287	-6.858144	-1.272898	2.745989	0.229252	0.563110	0.312050	0.765200	0.340564	-0.931307	0.129168	0.752943	0.187864	-0.630701
40673	5.222784	1.352120	-7.101394	-1.355054	2.942246	0.204629	0.541666	0.304200	0.783620	0.328198	-0.934766	0.136013	0.773876	0.183508	-0.606169
40674	5.767529	0.448894	-7.082771	-1.278147	3.105752	0.242311	0.518075	0.296293	0.802377	0.316880	-0.937820	0.141706	0.794471	0.180843	-0.579751
40675	6.248271	-0.650512	-7.196414	-1.112165	3.229056	0.337009	0.493467	0.286884	0.821089	0.305316	-0.941097	0.145322	0.814415	0.178980	-0.551991
40676	6.423594	-1.853313	-7.485861	-0.607158	3.344652	0.458156	0.467293	0.276538	0.839740	0.298103	-0.943484	0.144816	0.832329	0.182658	-0.523320
40677	6.220456	-1.841169	-7.376565	0.131010	3.457270	0.556205	0.440330	0.264386	0.858026	0.295628	-0.945064	0.139492	0.847770	0.192233	-0.494300
40678	5.729399	-1.538815	-6.907272	0.817081	3.551411	0.554495	0.411630	0.252038	0.875807	0.300230	-0.944856	0.130800	0.860478	0.209102	-0.464601
40679	5.593855	-0.539972	-6.868564	1.264842	3.605818	0.479289	0.382211	0.239351	0.892539	0.308463	-0.943518	0.120929	0.871071	0.229095	-0.434454
40680	5.459168	0.419895	-6.389392	1.601522	3.661479	0.332696	0.351191	0.227414	0.908267	0.321245	-0.940438	0.111256	0.879470	0.252704	-0.403329
40681	5.465587	1.110252	-6.080456	1.630928	3.723482	0.143675	0.318827	0.216162	0.922834	0.334929	-0.936525	0.103655	0.886663	0.276036	-0.370988
40682	5.433695	1.937472	-6.286830	1.500185	3.766350	-0.038586	0.285162	0.205729	0.936140	0.348376	-0.932141	0.098730	0.892926	0.297975	-0.337482
40683	5.472382	2.156642	-6.313756	1.229884	3.767161	-0.180831	0.250716	0.195819	0.948049	0.359828	-0.928013	0.096523	0.898702	0.316934	-0.303129
40684	5.986561	2.370545	-6.382945	1.126943	3.702037	-0.178226	0.216689	0.185429	0.958469	0.370378	-0.924008	0.095028	0.903253	0.334404	-0.268901
40685	6.697558	2.415063	-5.824262	1.071062	3.625540	-0.100068	0.183446	0.173939	0.967519	0.380246	-0.920164	0.093330	0.906510	0.350774	-0.234940
40686	7.515255	2.371589	-6.153503	0.870355	3.517091	0.025599	0.151595	0.161139	0.975220	0.388082	-0.917100	0.091209	0.909072	0.364638	-0.201563
40687	7.872282	2.873482	-5.802483	0.765661	3.417368	0.182904	0.121155	0.146817	0.981716	0.394798	-0.914539	0.088048	0.910745	0.376912	-0.168764
40688	7.452663	3.690727	-5.646616	0.375950	3.295404	0.327381	0.092386	0.131287	0.987030	0.397852	-0.913571	0.084277	0.912786	0.384906	-0.136633
40689	7.028666	4.306697	-5.882812	-0.178760	3.184103	0.448418	0.064990	0.114936	0.991245	0.395892	-0.914796	0.080115	0.915994	0.387219	-0.104954
40690	6.635497	3.618553	-5.780942	-0.854187	3.066220	0.462844	0.038621	0.098905	0.994347	0.387780	-0.918588	0.076308	0.920942	0.382641	-0.073830
40691	6.987749	1.279942	-7.400890	-1.305913	2.944401	0.435276	0.013024	0.083826	0.996395	0.375669	-0.923889	0.072815	0.926662	0.373366	-0.043523
40692	7.905044	-1.603538	-6.968516	-0.759175	2.739894	0.264681	-0.011440	0.071230	0.997394	0.368593	-0.926919	0.070424	0.929520	0.368438	-0.015651
40693	6.645399	-2.665078	-6.937442	-0.156639	2.396765	0.018916	-0.033696	0.062285	0.997489	0.367220	-0.927472	0.070318	0.929524	0.368667	0.008380
40694	7.814448	-4.224448	-7.800533	1.087611	2.006880	-0.001361	-0.052325	0.054803	0.997125	0.377274	-0.923410	0.070550	0.924622	0.379881	0.027642
40695	8.067797	-3.505974	-4.258294	2.359242	1.643620	-0.157323	-0.068087	0.049875	0.996432	0.398942	-0.914065	0.073013	0.914445	0.402490	0.042339
40696	8.399462	-1.381835	-4.464968	3.001129	1.031835	-0.267674	-0.078579	0.048025	0.995750	0.425966	-0.901449	0.077092	0.901320	0.430214	0.050378
40697	8.438953	2.616661	-3.955317	3.211606	0.388932	-0.276625	-0.083306	0.048820	0.995327	0.454514	-0.886999	0.081548	0.886835	0.459184	0.051703
40698	8.370519	4.922539	-2.257812	2.162184	-0.300960	-0.130276	-0.081275	0.051394	0.995366	0.473449	-0.876813	0.083932	0.877063	0.478077	0.046931
40699	12.733991	1.610809	3.736798	0.121858	-0.737939	0.208999	-0.073844	0.053158	0.995852	0.474766	-0.876286	0.081980	0.877009	0.478850	0.039471
40700	21.206704	-3.665139	9.425978	-1.377185	-0.500494	0.705767	-0.066148	0.049330	0.996590	0.463108	-0.883169	0.074454	0.883830	0.466453	0.035575
40701	18.673663	1.512422	11.008542	-3.330843	-0.123054	0.686015	-0.062007	0.043823	0.997113	0.433905	-0.898503	0.066472	0.898822	0.436775	0.036699
40702	11.285858	0.397349	1.844211	-5.115489	-0.409476	0.301739	-0.057061	0.042788	0.997453	0.387524	-0.919797	0.061626	0.920092	0.390054	0.035903
40703	8.178016	-1.485887	-3.724488	-5.397472	-0.894554	-0.014121	-0.048827	0.046225	0.997737	0.337333	-0.939469	0.060034	0.940118	0.339501	0.030278
40704	9.277234	-2.885250	-4.385202	-4.930394	-1.050607	-0.143602	-0.039332	0.050923	0.997928	0.290487	-0.954985	0.060181	0.956070	0.292252	0.022769
40705	10.344476	-3.060365	-5.575615	-3.764453	-0.801561	-0.232628	-0.032289	0.055393	0.997942	0.254232	-0.965167	0.061799	0.966604	0.255704	0.017082
40706	8.914319	-2.600770	-5.081011	-2.253332	-0.647081	-0.246734	-0.026631	0.059383	0.997880	0.232285	-0.970543	0.063956	0.972283	0.233495	0.012053
40707	8.400156	-2.886273	-5.090673	-1.065662	-0.616579	-0.280576	-0.021288	0.063550	0.997752	0.221846	-0.972798	0.066694	0.974849	0.222767	0.006611
40708	9.148421	-3.625250	-5.114222	0.509212	-0.563357	-0.334469	-0.016564	0.068089	0.997542	0.226716	-0.971437	0.070072	0.973820	0.227319	0.000654
40709	9.465659	-1.291816	-2.233410	1.959019	-0.503706	-0.308519	-0.012415	0.072295	0.997306	0.245685	-0.966587	0.073127	0.969270	0.245931	-0.005761
40710	10.309482	2.176165	-0.607960	2.542587	-0.503169	-0.261063	-0.008243	0.076127	0.997064	0.270194	-0.959840	0.075519	0.962771	0.270023	-0.012657
40711	12.487941	5.677007	-0.215556	2.079266	-0.511576	-0.193300	-0.003890	0.079432	0.996833	0.290122	-0.953875	0.077141	0.956982	0.289503	-0.019334
40712	12.142257	6.593485	0.080777	0.507342	-0.476065	-0.069238	0.000443	0.081499	0.996673	0.294945	-0.952346	0.077743	0.955514	0.293929	-0.024460
40713	9.865402	3.522658	-0.550687	-1.011474	-0.499083	-0.010622	0.005168	0.083086	0.996529	0.285288	-0.955249	0.078165	0.958428	0.283894	-0.028640
40714	9.280436	0.387261	-1.344870	-1.717477	-0.505610	-0.047674	0.009878	0.084955	0.996336	0.268762	-0.959946	0.079187	0.963156	0.266995	-0.032315
40715	9.443708	-0.720278	-1.952523	-1.746721	-0.478130	-0.102575	0.014207	0.087228	0.996087	0.251945	-0.964358	0.080856	0.967637	0.249810	-0.035677
40716	9.855383	-1.026769	-1.996622	-1.417159	-0.428082	-0.130607	0.018021	0.089548	0.995819	0.238201	-0.967688	0.082708	0.971049	0.235715	-0.038769
40717	10.325326	-0.469501	-2.284604	-0.892601	-0.342191	-0.137352	0.021009	0.091716	0.995564	0.229574	-0.969618	0.084481	0.973064	0.226780	-0.041426
40718	10.165165	0.743297	-2.243206	-0.383433	-0.255663	-0.117222	0.023216	0.093448	0.995353	0.225840	-0.970376	0.085835	0.973888	0.222798	-0.043632
40719	10.201368	1.442300	-2.455773	-0.044750	-0.172557	-0.048549	0.024772	0.094348	0.995231	0.225435	-0.970421	0.086385	0.973943	0.222220	-0.045308
40720	9.910708	1.711803	-2.314251	0.223051	-0.137670	0.008979	0.026118	0.094588	0.995174	0.227577	-0.969936	0.086217	0.973410	0.224227	-0.046859
40721	10.040133	1.367743	-2.160194	0.174440	-0.143943	0.026713	0.027566	0.094703	0.995124	0.229296	-0.969557	0.085918	0.972966	0.225809	-0.048441
40722	10.191704	0.551349	-1.494984	0.071579	-0.100915	0.028312	0.028597	0.094677	0.995097	0.229957	-0.969427	0.085626	0.972780	0.226381	-0.049495
40723	9.755983	0.072168	-0.900697	-0.077652	-0.122228	0.007312	0.029790	0.094934	0.995038	0.229230	-0.969597	0.085644	0.972916	0.225541	-0.050646
40724	9.721349	-0.261045	-0.515166	-0.062861	-0.167356	-0.029961	0.031335	0.095621	0.994924	0.228601	-0.969714	0.085998	0.973016	0.224746	-0.052245
40725	9.737652	0.171403	-0.077512	0.065884	-0.200877	-0.061653	0.033136	0.096719	0.994760	0.229285	-0.969497	0.086625	0.972795	0.225213	-0.054302
40726	9.630718	0.562681	0.003424	0.180552	-0.249710	-0.078792	0.035369	0.098067	0.994551	0.231041	-0.969017	0.087333	0.972301	0.226693	-0.056930
40727	9.964234	0.095381	0.254490	0.385535	-0.266194	-0.058003	0.037808	0.099282	0.994341	0.234826	-0.968070	0.087730	0.971302	0.230181	-0.059915
40728	9.962060	0.501368	-0.570916	0.617517	-0.235418	-0.037478	0.039989	0.100213	0.994162	0.240807	-0.966598	0.087748	0.969749	0.235893	-0.062785
40729	9.790917	1.706438	-1.084412	0.728886	-0.212578	-0.011298	0.042008	0.100873	0.994012	0.247886	-0.964836	0.087436	0.967878	0.242728	-0.065536
40730	9.882543	2.484430	-1.333753	0.567628	-0.163471	0.011115	0.043602	0.101186	0.993912	0.253344	-0.963459	0.086972	0.966393	0.248010	-0.067643
40731	10.003615	2.728990	-1.604833	0.291593	-0.139905	0.026105	0.045007	0.101332	0.993834	0.256172	-0.962748	0.086561	0.965583	0.250697	-0.069288
40732	10.097274	2.252639	-1.686446	0.003885	-0.106525	0.062365	0.046179	0.101018	0.993812	0.256155	-0.962806	0.085964	0.965532	0.250600	-0.070338
40733	9.984821	1.592992	-1.514729	-0.146432	-0.095065	0.113544	0.047374	0.100218	0.993837	0.254725	-0.963271	0.084994	0.965852	0.249129	-0.071162
40734	10.010386	1.079342	-1.126940	-0.131094	-0.081787	0.147945	0.048524	0.099016	0.993902	0.253362	-0.963749	0.083642	0.966154	0.247758	-0.071852
40735	9.943832	0.641924	-1.048648	-0.175494	-0.075411	0.157520	0.049637	0.097742	0.993973	0.251631	-0.964321	0.082260	0.966550	0.246031	-0.072461
40736	9.644446	0.449681	-0.332013	-0.091093	-0.087180	0.149114	0.050839	0.096538	0.994030	0.250649	-0.964694	0.080870	0.966742	0.245041	-0.073241
40737	9.471663	0.412009	0.083959	-0.110905	-0.119592	0.130888	0.052310	0.095625	0.994042	0.249549	-0.965076	0.079707	0.966948	0.243892	-0.074346
40738	9.274741	0.599064	0.653721	-0.135291	-0.162115	0.108043	0.054131	0.094997	0.994005	0.248157	-0.965513	0.078760	0.967206	0.242406	-0.075838
40739	8.879335	0.155613	1.230804	-0.199473	-0.241423	0.077546	0.056645	0.094885	0.993875	0.246219	-0.966055	0.078196	0.967557	0.240282	-0.078085
40740	8.765686	-0.481868	1.870833	-0.093172	-0.334135	0.036791	0.059953	0.095351	0.993637	0.245271	-0.966317	0.077930	0.967599	0.239038	-0.081321
40741	8.875283	-0.207250	2.456855	0.151381	-0.433234	-0.002475	0.064123	0.096462	0.993269	0.246760	-0.965942	0.077878	0.966953	0.240105	-0.085742
40742	8.912608	0.677062	2.498977	0.270446	-0.533672	-0.034977	0.069179	0.098106	0.992769	0.249371	-0.965261	0.078011	0.965934	0.242171	-0.091240
40743	9.225259	1.168426	2.284495	0.241704	-0.610379	-0.052934	0.074921	0.100144	0.992148	0.251757	-0.964614	0.078353	0.964886	0.243910	-0.097482
40744	9.438805	1.129709	1.333745	0.165694	-0.667687	-0.064736	0.081182	0.102420	0.991423	0.253380	-0.964148	0.078854	0.963954	0.244806	-0.104222
40745	9.612949	0.906649	0.263324	0.081211	-0.701532	-0.064717	0.087757	0.104803	0.990613	0.254230	-0.963875	0.079452	0.963154	0.244871	-0.111231
40746	9.654224	0.247815	-0.772141	0.128158	-0.732795	-0.069655	0.094618	0.107290	0.989715	0.255502	-0.963491	0.080021	0.962167	0.245303	-0.118577
40747	9.678166	0.180354	-1.564257	0.207081	-0.745337	-0.067071	0.101592	0.109809	0.988747	0.257568	-0.962903	0.080474	0.960905	0.246495	-0.126107
40748	9.227557	0.235397	-1.859705	0.276499	-0.738809	-0.064463	0.108504	0.112278	0.987735	0.260267	-0.962152	0.080779	0.959421	0.248310	-0.133619
40749	8.936140	0.258815	-1.878377	0.276152	-0.748526	-0.074777	0.115464	0.114900	0.986644	0.263003	-0.961374	0.081179	0.957861	0.250118	-0.141223
40750	9.041056	0.303531	-1.754420	0.238071	-0.764859	-0.084104	0.122546	0.117647	0.985465	0.265358	-0.960683	0.081690	0.956330	0.251490	-0.148947
40751	9.190021	0.581959	-1.546796	0.160607	-0.776736	-0.094846	0.129697	0.120550	0.984198	0.267016	-0.960161	0.082419	0.954925	0.252107	-0.156719
40752	9.001001	0.459974	-0.871794	0.134056	-0.794211	-0.132487	0.136905	0.123846	0.982812	0.268448	-0.959665	0.083534	0.953516	0.252398	-0.164630
40753	8.896193	0.114069	0.044649	0.192323	-0.856643	-0.171690	0.144584	0.127693	0.981219	0.270523	-0.958960	0.084935	0.951795	0.253162	-0.173194
40754	8.673504	0.448778	0.992511	0.433973	-0.938780	-0.184575	0.152988	0.131873	0.979390	0.274899	-0.957619	0.086000	0.949223	0.256077	-0.182756
40755	9.179197	1.290308	1.093017	0.497249	-1.014484	-0.183432	0.162073	0.136273	0.977324	0.279894	-0.956090	0.086896	0.946251	0.259464	-0.193099
40756	9.762663	1.963058	0.303464	0.366188	-1.041837	-0.211333	0.171306	0.141026	0.975072	0.283684	-0.954847	0.088261	0.943492	0.261493	-0.203578
40757	10.432297	1.466831	-1.378690	0.258683	-1.057399	-0.226843	0.180598	0.145991	0.972662	0.286516	-0.953842	0.089968	0.940900	0.262435	-0.214091
40758	10.832222	0.878753	-2.929032	0.230828	-1.028166	-0.213863	0.189628	0.150752	0.970214	0.289059	-0.952922	0.091568	0.938342	0.263085	-0.224276
40759	10.634362	0.380201	-4.056878	0.403645	-0.993174	-0.179329	0.198385	0.155115	0.967772	0.293185	-0.951578	0.092419	0.935247	0.265401	-0.234256
40760	10.189857	0.624848	-4.443926	0.508082	-0.954833	-0.137840	0.206875	0.158995	0.965362	0.298186	-0.950009	0.092566	0.931820	0.268707	-0.243943
40761	9.841653	0.740280	-4.227376	0.573875	-0.913087	-0.110327	0.215012	0.162546	0.962990	0.303752	-0.948275	0.092242	0.928173	0.272677	-0.253264
40762	9.750135	0.584976	-3.791605	0.558489	-0.884456	-0.089863	0.222914	0.165845	0.960627	0.309102	-0.946598	0.091696	0.924535	0.276491	-0.262273
40763	9.607478	0.599305	-2.956806	0.626328	-0.882005	-0.086035	0.230760	0.169149	0.958195	0.315073	-0.944705	0.090889	0.920586	0.280928	-0.271295
40764	9.611104	-0.052080	-2.210898	0.589397	-0.900581	-0.070354	0.238793	0.172381	0.955648	0.320632	-0.942921	0.089967	0.916609	0.284928	-0.280434
40765	9.420245	-0.899207	-1.285106	0.701932	-0.964743	-0.036321	0.247475	0.175524	0.952863	0.327131	-0.940840	0.088347	0.911999	0.289847	-0.290253
40766	9.098939	-0.121328	-0.040860	0.844821	-1.046842	-0.036281	0.256857	0.178950	0.949738	0.334885	-0.938305	0.086226	0.906574	0.295905	-0.300938
40767	9.322568	1.570598	0.238109	0.741671	-1.129271	-0.059207	0.266843	0.182890	0.946227	0.341722	-0.935991	0.084543	0.901122	0.300787	-0.312260
40768	10.120255	2.685577	-0.540228	0.371209	-1.192845	-0.081893	0.277267	0.187270	0.942366	0.345263	-0.934724	0.084167	0.896614	0.302027	-0.323826
40769	10.825597	1.922697	-1.644178	0.133539	-1.238786	-0.097280	0.287989	0.191931	0.938203	0.346714	-0.934141	0.084674	0.892666	0.300903	-0.335568
40770	11.083953	0.958450	-2.315852	0.152083	-1.263348	-0.102852	0.298866	0.196706	0.933802	0.348352	-0.933488	0.085149	0.888442	0.299844	-0.347511
40771	11.008033	0.311811	-2.705457	0.353037	-1.307334	-0.110719	0.310033	0.201680	0.929088	0.351798	-0.932212	0.084964	0.883243	0.300510	-0.359967
40772	10.781890	0.189441	-2.203527	0.556193	-1.352816	-0.086037	0.321618	0.206582	0.924059	0.356948	-0.930362	0.083755	0.877012	0.302904	-0.372960
40773	10.668774	0.148394	-1.888045	0.760908	-1.428389	-0.058963	0.333855	0.211493	0.918592	0.363759	-0.927926	0.081437	0.869609	0.306958	-0.386725
40774	11.110184	0.306858	-1.314888	0.841532	-1.524431	-0.050188	0.346847	0.216691	0.912547	0.371197	-0.925220	0.078613	0.861342	0.311468	-0.401345
40775	12.014033	0.694363	-0.356800	0.901724	-1.636082	-0.039764	0.360691	0.222190	0.905833	0.379025	-0.922317	0.075310	0.852199	0.316170	-0.416886
40776	12.742562	0.116543	0.242638	0.765282	-1.753820	-0.033336	0.375410	0.228087	0.898356	0.385619	-0.919814	0.072391	0.842832	0.319247	-0.433262
40777	12.546493	-0.713005	1.584116	0.613722	-1.888943	-0.035970	0.391076	0.234440	0.889999	0.390845	-0.917790	0.070018	0.833247	0.320469	-0.450555
40778	12.130644	-1.574487	1.993202	0.488109	-2.045873	-0.078948	0.407693	0.241734	0.880540	0.395189	-0.916042	0.068507	0.823172	0.320050	-0.468995
40779	12.156557	-2.194630	2.195815	0.322973	-2.174438	-0.173011	0.424773	0.250197	0.870040	0.398463	-0.914624	0.068479	0.812893	0.317591	-0.488202
40780	12.792412	-2.738590	1.839049	0.276699	-2.290052	-0.302118	0.442037	0.260211	0.858425	0.401994	-0.912982	0.069746	0.801875	0.314252	-0.508175
40781	13.965509	-2.962360	0.789974	0.350636	-2.377032	-0.424003	0.459228	0.271410	0.845841	0.406563	-0.910819	0.071527	0.789820	0.311040	-0.528619
40782	14.426453	-2.936636	-0.294247	0.481086	-2.416463	-0.489850	0.476131	0.283371	0.832466	0.412611	-0.907971	0.073080	0.776564	0.308689	-0.549235
40783	14.022921	-2.439708	-1.155565	0.679715	-2.446524	-0.483674	0.492939	0.295143	0.818475	0.420002	-0.904564	0.073233	0.761977	0.307662	-0.569855
40784	13.545692	-1.187548	-1.327574	0.905668	-2.463440	-0.431497	0.509663	0.306644	0.803874	0.428984	-0.900477	0.071514	0.745800	0.308401	-0.590484
40785	12.549450	-0.016314	-1.582283	0.956668	-2.488993	-0.386546	0.526354	0.317606	0.788719	0.437823	-0.896425	0.068796	0.728878	0.309108	-0.610892
40786	11.833670	1.496180	-2.674807	0.877554	-2.586028	-0.355202	0.543388	0.328789	0.772416	0.446033	-0.892568	0.066152	0.711184	0.308577	-0.631662
40787	12.452383	3.964869	-3.697562	0.662659	-2.643977	-0.335509	0.560477	0.339679	0.755303	0.452309	-0.889533	0.064407	0.693745	0.305532	-0.652203
40788	13.104604	4.611150	-3.870421	0.266169	-2.607947	-0.360541	0.576707	0.350782	0.737808	0.456178	-0.887484	0.065373	0.677725	0.298871	-0.671837
40789	12.922755	4.221306	-3.708651	-0.101720	-2.494853	-0.341915	0.591901	0.360935	0.720680	0.457273	-0.886684	0.068512	0.663743	0.288994	-0.689875
40790	11.624894	4.190438	-3.826404	-0.102997	-2.351174	-0.274676	0.606073	0.370070	0.704076	0.458236	-0.885972	0.071225	0.650150	0.279466	-0.706543
40791	10.329249	4.821064	-4.398061	-0.292225	-2.123215	-0.219232	0.618772	0.377624	0.688855	0.457482	-0.886068	0.074797	0.638618	0.268856	-0.721030
40792	8.896337	5.258942	-5.652577	-0.377332	-1.831812	-0.142056	0.629716	0.383731	0.675432	0.455972	-0.886521	0.078546	0.628925	0.258517	-0.733227
40793	7.951454	5.802642	-7.431467	-0.456303	-1.443380	-0.049774	0.638530	0.387644	0.664839	0.453240	-0.887589	0.082217	0.621974	0.248834	-0.742448
40794	6.054858	6.759392	-8.261946	-0.651323	-1.060771	0.060787	0.645366	0.389708	0.656986	0.448808	-0.889412	0.086708	0.618122	0.238902	-0.748900
40795	3.957360	5.964157	-9.790897	-1.269338	-0.814902	0.120640	0.650938	0.390372	0.651067	0.440021	-0.892901	0.095439	0.618596	0.224358	-0.752996
40796	4.259306	4.487642	-9.722267	-1.266237	-0.754380	0.153600	0.656260	0.390655	0.645532	0.431176	-0.896249	0.104038	0.619201	0.210062	-0.756614
40797	5.066329	3.551701	-8.584267	-1.253908	-0.480867	0.126284	0.659765	0.390396	0.642107	0.422452	-0.899348	0.112728	0.621486	0.196885	-0.758282
40798	7.183345	2.045395	-6.721961	-1.097301	-0.223712	0.121040	0.661650	0.389753	0.640556	0.414811	-0.901919	0.120310	0.624621	0.186107	-0.758428
40799	7.866769	1.429895	-7.288805	-1.092576	0.103540	0.238284	0.661955	0.387324	0.641713	0.406278	-0.904871	0.127068	0.629884	0.176600	-0.756346
40800	6.801134	2.459766	-7.290456	-0.813939	0.494148	0.347900	0.660211	0.383331	0.645894	0.398820	-0.907624	0.131004	0.636446	0.171105	-0.752103
40801	5.212242	1.684778	-6.744174	-0.580246	0.786831	0.447831	0.656919	0.377838	0.652454	0.392054	-0.910357	0.132454	0.644012	0.168786	-0.746163
40802	5.022789	1.692778	-5.697879	-0.455749	1.151490	0.504119	0.651394	0.371316	0.661672	0.385794	-0.913012	0.132560	0.653336	0.168921	-0.737982
40803	4.497848	2.276163	-6.229952	-0.646916	1.562072	0.575318	0.643255	0.363338	0.673950	0.377705	-0.916256	0.133467	0.666004	0.168701	-0.726621
40804	3.934211	2.582024	-6.903630	-0.597111	1.924799	0.644137	0.632687	0.354183	0.688666	0.369569	-0.919576	0.133413	0.680534	0.170101	-0.712699
40805	3.351404	2.985384	-7.165358	-0.653777	2.246301	0.668985	0.619618	0.344116	0.705449	0.360792	-0.923061	0.133372	0.697067	0.171881	-0.696099
40806	3.006261	2.920710	-7.047401	-0.841674	2.499601	0.675440	0.604352	0.333582	0.723521	0.350706	-0.926797	0.134361	0.715377	0.172542	-0.677100
40807	3.632902	2.741947	-7.030001	-1.064899	2.684864	0.710108	0.587277	0.322330	0.742435	0.338688	-0.930977	0.136279	0.735116	0.171420	-0.655911
40808	4.240672	2.105290	-7.182055	-1.136242	2.858268	0.767385	0.568508	0.310310	0.761910	0.325774	-0.935342	0.137865	0.755427	0.169833	-0.632840
40809	4.793447	1.657526	-7.052340	-1.029448	3.011619	0.790584	0.547923	0.297772	0.781737	0.313432	-0.939503	0.138181	0.775591	0.169309	-0.608106
40810	5.458873	1.261182	-7.025896	-0.863658	3.148012	0.838970	0.525764	0.284545	0.801627	0.302132	-0.943412	0.136713	0.795166	0.170318	-0.581982
40811	5.890292	1.237467	-7.085480	-0.613419	3.283934	0.895459	0.501944	0.270422	0.821537	0.292553	-0.946960	0.132963	0.813919	0.173603	-0.554434
40812	6.084732	1.381871	-6.914376	-0.441389	3.410584	0.941714	0.476577	0.255505	0.841185	0.284298	-0.950213	0.127551	0.831895	0.178360	-0.525489
40813	6.072410	1.113442	-7.106201	-0.362290	3.518888	0.948902	0.449595	0.240100	0.860358	0.276822	-0.953227	0.121359	0.849255	0.183604	-0.495031
40814	6.053802	0.545503	-7.352559	-0.189762	3.595896	0.921635	0.421273	0.224601	0.878683	0.271165	-0.955724	0.114287	0.865447	0.190122	-0.463524
40815	6.328324	-0.222867	-7.464284	0.119038	3.657825	0.869310	0.391630	0.209165	0.896033	0.268638	-0.957383	0.106073	0.880034	0.199167	-0.431130
40816	6.358098	-1.250195	-7.144102	0.636102	3.709119	0.821750	0.360960	0.193675	0.912249	0.271164	-0.957730	0.096036	0.892288	0.212704	-0.398220
40817	6.600513	-2.020717	-7.243034	1.171061	3.692666	0.735775	0.329796	0.178441	0.927035	0.279091	-0.956511	0.084827	0.901855	0.230752	-0.365254
40818	7.326196	-2.178028	-6.649093	1.924136	3.672557	0.635672	0.298366	0.163461	0.940350	0.294487	-0.952924	0.072208	0.907885	0.255376	-0.332457
40819	7.985540	-1.330696	-6.154282	2.452603	3.632466	0.493329	0.266780	0.148957	0.952176	0.315345	-0.947091	0.059809	0.910706	0.284308	-0.299638
40820	8.594601	0.312611	-5.884884	2.646147	3.615730	0.370966	0.235034	0.134649	0.962615	0.338500	-0.939700	0.048795	0.911140	0.314377	-0.266441
40821	8.942695	1.924441	-5.479702	2.543193	3.617140	0.252983	0.202920	0.120383	0.971767	0.361056	-0.931685	0.040024	0.910199	0.342741	-0.232522
40822	8.945647	2.823784	-4.908733	2.006581	3.641438	0.148907	0.170315	0.106121	0.979659	0.379015	-0.924755	0.034282	0.909583	0.365467	-0.197721
40823	8.480457	2.589666	-4.513517	1.242266	3.665551	0.074143	0.137183	0.091768	0.986286	0.390177	-0.920206	0.031350	0.910463	0.380525	-0.162043
40824	7.918144	1.576643	-5.047016	0.447321	3.671805	0.012326	0.103730	0.077565	0.991576	0.394216	-0.918508	0.030610	0.913145	0.387720	-0.125854
40825	7.474222	0.512124	-5.812251	0.171327	3.635659	-0.063475	0.070177	0.063994	0.995480	0.395829	-0.917798	0.031096	0.915639	0.391857	-0.089739
40826	7.778534	-0.285512	-5.928343	0.380559	3.578607	-0.162172	0.036736	0.051373	0.998004	0.399374	-0.916213	0.032462	0.916052	0.397384	-0.054175
40827	8.177766	-0.368370	-5.008948	0.766421	3.496556	-0.242648	0.003718	0.039573	0.999210	0.406439	-0.913021	0.034647	0.913670	0.405989	-0.019478
40828	8.568010	-0.306710	-4.510765	1.106790	3.370612	-0.259718	-0.028086	0.028079	0.999211	0.416466	-0.908389	0.037233	0.908718	0.417183	0.013819
40829	9.046227	0.343553	-3.741867	1.549243	3.239505	-0.218440	-0.058365	0.016330	0.998162	0.430401	-0.901755	0.039920	0.900749	0.431939	0.045603
40830	9.231571	1.146144	-3.257512	1.762815	3.097965	-0.161986	-0.086848	0.004167	0.996213	0.446046	-0.893994	0.042625	0.890786	0.448059	0.075783
40831	9.520536	1.784988	-2.946385	1.862106	2.944484	-0.101857	-0.113411	-0.008332	0.993513	0.462452	-0.885483	0.045364	0.879361	0.464597	0.104277
40832	9.691868	2.048653	-2.633556	1.766128	2.792038	-0.055186	-0.138080	-0.021015	0.990198	0.477781	-0.877166	0.048009	0.867559	0.479727	0.131160
40833	9.415747	1.975054	-2.402415	1.486832	2.604367	-0.008747	-0.160605	-0.033556	0.986448	0.490631	-0.869915	0.050288	0.856439	0.492058	0.156176
40834	8.960579	1.435763	-2.023990	1.091141	2.384311	0.035849	-0.180756	-0.045688	0.982466	0.499956	-0.864501	0.051781	0.846978	0.500550	0.179105
40835	8.053487	0.605751	-2.342737	0.595416	2.148054	0.037178	-0.198711	-0.056765	0.978413	0.505114	-0.861448	0.052607	0.839866	0.504663	0.199852
40836	7.505878	-0.399654	-2.454353	0.369265	1.875972	-0.007287	-0.214470	-0.066175	0.974486	0.508160	-0.859602	0.053465	0.834132	0.506661	0.217986
40837	8.020520	-0.750653	-1.801594	0.518611	1.588608	-0.095226	-0.228174	-0.073393	0.970850	0.512334	-0.856983	0.055626	0.827919	0.510092	0.233143
40838	7.651043	-0.213697	-0.343923	0.492352	1.238689	-0.156084	-0.239219	-0.078383	0.967797	0.516003	-0.854599	0.058330	0.822506	0.513339	0.244882
40839	7.072613	0.530829	0.105975	0.254272	0.698943	-0.131729	-0.245650	-0.080813	0.965984	0.517849	-0.853344	0.060300	0.819444	0.515047	0.251472
40840	7.450404	1.532240	-0.324184	-0.191976	0.182456	-0.097220	-0.247668	-0.080907	0.965461	0.516006	-0.854427	0.060768	0.819999	0.513234	0.253363
