// General information: 
//  MT Manager version: 2022.2.0 
//  XDA version: 2022.2.0 build 7381 rev 124627 built on 2023-07-19
// Device information: 
//  DeviceId: 00B4CB9F
//  ProductCode: MTW2-3A7G6
//  Firmware Version: 4.6.0
//  Hardware Version: 2.0.0
// Device settings: 
//  Filter Profile: human(46.1)
//  Option Flags: Orientation Smoother Disabled, Position/Velocity Smoother Disabled, Continuous Zero Rotation Update Disabled, AHS Disabled, ICC Disabled
// Coordinate system: ENU
PacketCounter	Acc_X	Acc_Y	Acc_Z	Gyr_X	Gyr_Y	Gyr_Z	Mat[1][1]	Mat[2][1]	Mat[3][1]	Mat[1][2]	Mat[2][2]	Mat[3][2]	Mat[1][3]	Mat[2][3]	Mat[3][3]
36576	10.091697	0.056685	0.526900	0.129147	0.425502	0.115266	-0.009204	0.022528	0.999704	0.401461	-0.915553	0.024328	0.915830	0.401566	-0.000618
36577	10.094905	0.132327	0.519151	0.137308	0.447745	0.107879	-0.012802	0.019718	0.999724	0.402789	-0.914999	0.023205	0.915203	0.402975	0.003772
36578	10.062224	0.247120	0.527215	0.112641	0.468631	0.099069	-0.016630	0.016882	0.999719	0.403892	-0.914538	0.022162	0.914655	0.404147	0.008390
36579	9.911504	0.305237	0.427173	0.074066	0.478969	0.092703	-0.020569	0.014075	0.999689	0.404645	-0.914228	0.021197	0.914243	0.404955	0.013109
36580	9.813185	0.375906	0.340928	0.045989	0.475745	0.087116	-0.024504	0.011312	0.999636	0.405143	-0.914028	0.020275	0.913925	0.405492	0.017814
36581	9.698437	0.483678	0.322803	0.017792	0.458772	0.084083	-0.028290	0.008661	0.999562	0.405387	-0.913939	0.019392	0.913707	0.405759	0.022345
36582	9.737094	0.488485	0.301451	-0.024787	0.438166	0.085299	-0.031887	0.006065	0.999473	0.405245	-0.914021	0.018476	0.913652	0.405621	0.026688
36583	9.699731	0.466692	0.281294	-0.057231	0.419745	0.082972	-0.035321	0.003583	0.999370	0.404810	-0.914232	0.017585	0.913718	0.405176	0.030841
36584	9.779022	0.450143	0.295988	-0.081270	0.402746	0.075120	-0.038637	0.001228	0.999253	0.404155	-0.914537	0.016751	0.913874	0.404500	0.034839
36585	9.908772	0.496942	0.401092	-0.081781	0.392071	0.088525	-0.041798	-0.001188	0.999125	0.403503	-0.914842	0.015792	0.914023	0.403810	0.038718
36586	10.039437	0.577053	0.403786	-0.105674	0.399622	0.099149	-0.044991	-0.003746	0.998980	0.402640	-0.915240	0.014702	0.914252	0.402891	0.042686
36587	9.953042	0.559251	0.314869	-0.134687	0.422176	0.101281	-0.048380	-0.006393	0.998809	0.401516	-0.915751	0.013587	0.914573	0.401695	0.046871
36588	9.836521	0.475452	0.295456	-0.154024	0.423364	0.096868	-0.051804	-0.009016	0.998617	0.400216	-0.916336	0.012488	0.914956	0.400309	0.051079
36589	9.834186	0.448531	0.389271	-0.170626	0.418874	0.080509	-0.055252	-0.011449	0.998407	0.398759	-0.916983	0.011552	0.915390	0.398762	0.055230
36590	9.818547	0.459489	0.425797	-0.163387	0.419674	0.070295	-0.058754	-0.013803	0.998177	0.397363	-0.917599	0.010701	0.915779	0.397268	0.059398
36591	9.851375	0.465575	0.530634	-0.178631	0.408207	0.046711	-0.062244	-0.015870	0.997935	0.395817	-0.918274	0.010085	0.916217	0.395627	0.063439
36592	9.893658	0.490405	0.561464	-0.188478	0.422619	0.034446	-0.065921	-0.017894	0.997664	0.394173	-0.918987	0.009562	0.916669	0.393883	0.067634
36593	9.889694	0.470289	0.552365	-0.202774	0.427291	0.020719	-0.069694	-0.019784	0.997372	0.392390	-0.919753	0.009175	0.917155	0.391998	0.071864
36594	9.870636	0.468319	0.641681	-0.213497	0.431439	0.014483	-0.073536	-0.021643	0.997058	0.390503	-0.920559	0.008818	0.917660	0.390003	0.076146
36595	9.791049	0.440521	0.684263	-0.232171	0.445746	-0.006183	-0.077588	-0.023340	0.996712	0.388430	-0.921437	0.008660	0.918206	0.387825	0.080558
36596	9.734436	0.325669	0.685210	-0.255494	0.453195	-0.019585	-0.081767	-0.024951	0.996339	0.386130	-0.922404	0.008589	0.918813	0.385419	0.085056
36597	9.706844	0.189234	0.748739	-0.252942	0.449250	-0.025676	-0.085932	-0.026460	0.995950	0.383847	-0.923357	0.008587	0.919390	0.383030	0.089502
36598	9.781836	0.078304	0.745861	-0.228769	0.451819	-0.028929	-0.090138	-0.027958	0.995537	0.381780	-0.924213	0.008612	0.919847	0.380853	0.093981
36599	9.821906	-0.016004	0.886779	-0.214203	0.455023	-0.025283	-0.094358	-0.029473	0.995102	0.379850	-0.925008	0.008621	0.920223	0.378803	0.098477
36600	9.905662	-0.112273	0.914638	-0.195970	0.462489	-0.011901	-0.098600	-0.031150	0.994639	0.378098	-0.925727	0.008489	0.920500	0.376909	0.103055
36601	9.892500	-0.128583	0.930982	-0.171159	0.472092	-0.000461	-0.102885	-0.032943	0.994148	0.376587	-0.926344	0.008277	0.920650	0.375235	0.107713
36602	9.730047	-0.163342	0.940253	-0.135912	0.478323	0.011039	-0.107188	-0.034877	0.993627	0.375411	-0.926824	0.007966	0.920640	0.373872	0.112437
36603	9.754821	-0.196581	0.813500	-0.096222	0.468586	0.021974	-0.111356	-0.036851	0.993097	0.374614	-0.927150	0.007601	0.920470	0.372875	0.117049
36604	9.767801	-0.265046	0.706795	-0.035943	0.452804	0.045107	-0.115295	-0.038997	0.992566	0.374399	-0.927241	0.007059	0.920072	0.372429	0.121507
36605	9.878372	0.033745	0.664368	0.035433	0.421757	0.062138	-0.118877	-0.041167	0.992055	0.374863	-0.927058	0.006450	0.919427	0.372651	0.125638
36606	9.942137	0.106450	0.707165	0.069026	0.412578	0.078920	-0.122314	-0.043477	0.991539	0.375657	-0.926741	0.005704	0.918652	0.373176	0.129686
36607	9.886617	0.171991	0.804696	0.063028	0.408533	0.081190	-0.125695	-0.045777	0.991012	0.376402	-0.926443	0.004947	0.917890	0.373641	0.133680
36608	9.897671	0.328025	1.036255	0.057228	0.397514	0.082779	-0.128972	-0.048070	0.990483	0.377097	-0.926164	0.004154	0.917150	0.374044	0.137576
36609	9.758331	0.639738	1.307809	0.030736	0.404323	0.059197	-0.132390	-0.050152	0.989928	0.377522	-0.925994	0.003576	0.916488	0.374193	0.141526
36610	9.550490	0.927889	1.549790	-0.032585	0.415689	0.031647	-0.136020	-0.052040	0.989338	0.377331	-0.926073	0.003166	0.916035	0.373739	0.145601
36611	9.395832	1.246574	1.763588	-0.144574	0.430919	0.013048	-0.139854	-0.053788	0.988710	0.376092	-0.926578	0.002790	0.915967	0.372236	0.149815
36612	9.249885	1.335115	2.012824	-0.308107	0.449316	-0.009493	-0.143947	-0.055406	0.988033	0.373321	-0.927699	0.002366	0.916466	0.369194	0.154224
36613	9.371427	1.152243	2.470325	-0.474128	0.468629	-0.027179	-0.148283	-0.056893	0.987307	0.369001	-0.929427	0.001863	0.917524	0.364593	0.158811
36614	9.943553	1.192220	2.850429	-0.670679	0.513921	-0.015276	-0.153000	-0.058648	0.986484	0.362885	-0.931834	0.000883	0.919188	0.358115	0.163853
36615	10.268520	0.896373	3.044877	-0.854462	0.589124	0.003701	-0.158348	-0.060788	0.985510	0.355095	-0.934830	-0.000606	0.921321	0.349854	0.169614
36616	10.287731	0.572614	3.267042	-0.992870	0.709429	0.002827	-0.164825	-0.063304	0.984289	0.346008	-0.938229	-0.002400	0.923640	0.340176	0.176547
36617	10.024458	0.156021	3.437578	-1.086700	0.796358	0.000503	-0.172133	-0.065995	0.982861	0.336028	-0.941842	-0.004391	0.925989	0.329513	0.184298
36618	9.779545	-0.280576	3.393696	-1.058615	0.831508	0.002077	-0.179777	-0.068754	0.981302	0.326286	-0.945249	-0.006452	0.928018	0.319025	0.192368
36619	9.415059	-0.708238	3.114454	-0.914515	0.857149	-0.002885	-0.187694	-0.071445	0.979626	0.317858	-0.948102	-0.008245	0.929374	0.309835	0.200663
36620	9.126270	-1.164239	2.940989	-0.710209	0.844301	-0.000069	-0.195488	-0.074074	0.977905	0.311325	-0.950254	-0.009744	0.929979	0.302541	0.208824
36621	9.079299	-1.411678	2.898762	-0.487230	0.819569	0.027700	-0.202973	-0.076821	0.976166	0.306921	-0.951671	-0.011076	0.929839	0.297358	0.216742
36622	9.262207	-1.424813	2.912924	-0.274966	0.802632	0.059435	-0.210196	-0.079806	0.974397	0.304558	-0.952414	-0.012306	0.929011	0.294174	0.224499
36623	9.252775	-1.303647	2.891638	-0.110213	0.812956	0.089969	-0.217420	-0.083077	0.972536	0.303800	-0.952641	-0.013460	0.927596	0.292530	0.232362
36624	9.249426	-0.990197	2.891257	0.002680	0.826978	0.095035	-0.224739	-0.086443	0.970577	0.304105	-0.952529	-0.014420	0.925749	0.291917	0.240359
36625	9.267385	-0.626784	2.908214	0.027952	0.832814	0.095201	-0.232102	-0.089811	0.968536	0.304654	-0.952340	-0.015301	0.923750	0.291517	0.248402
36626	9.379690	-0.346412	2.946937	-0.016011	0.846947	0.084759	-0.239605	-0.093128	0.966394	0.304778	-0.952286	-0.016203	0.921792	0.290653	0.256555
36627	9.396229	-0.097199	2.900716	-0.121025	0.863383	0.074863	-0.247280	-0.096375	0.964139	0.303919	-0.952541	-0.017268	0.920047	0.288750	0.264834
36628	9.248164	0.043738	2.861525	-0.277515	0.873676	0.066136	-0.255057	-0.099558	0.961787	0.301606	-0.953250	-0.018692	0.918684	0.285313	0.273160
36629	9.324046	0.099488	2.866021	-0.385804	0.854630	0.046764	-0.262716	-0.102457	0.959418	0.298259	-0.954271	-0.020235	0.917618	0.280838	0.281261
36630	9.319736	0.106337	2.787634	-0.451041	0.869886	0.023625	-0.270570	-0.105148	0.956941	0.294258	-0.955478	-0.021788	0.916626	0.275692	0.289464
36631	9.038037	0.023668	2.696233	-0.476570	0.880812	0.003360	-0.278583	-0.107618	0.954364	0.289976	-0.956752	-0.023242	0.915590	0.270268	0.297741
36632	8.875665	-0.068760	2.705273	-0.471371	0.870536	-0.005398	-0.286511	-0.109942	0.951748	0.285721	-0.957996	-0.024651	0.914481	0.264872	0.305889
36633	8.731217	-0.289612	2.737146	-0.442820	0.845578	-0.008893	-0.294217	-0.112109	0.949141	0.281725	-0.959144	-0.025960	0.913273	0.259758	0.313781
36634	8.663587	-0.473982	2.818408	-0.398414	0.811605	-0.008157	-0.301594	-0.114166	0.946577	0.278139	-0.960156	-0.027185	0.911965	0.255081	0.321331
36635	8.730975	-0.591166	2.936576	-0.345821	0.776383	0.012378	-0.308589	-0.116284	0.944061	0.275102	-0.960994	-0.028446	0.910545	0.250935	0.328542
36636	8.745093	-0.663157	3.020771	-0.305958	0.753709	0.037118	-0.315292	-0.118565	0.941559	0.272509	-0.961690	-0.029847	0.909027	0.247173	0.335523
36637	8.722988	-0.809001	3.038927	-0.271412	0.741036	0.060604	-0.321812	-0.121003	0.939040	0.270314	-0.962261	-0.031358	0.907396	0.243745	0.342376
36638	8.614915	-0.825195	3.067546	-0.234672	0.712235	0.061363	-0.328051	-0.123366	0.936570	0.268462	-0.962732	-0.032778	0.905710	0.240681	0.348944
36639	8.590416	-0.870317	3.027327	-0.189119	0.670078	0.052639	-0.333927	-0.125514	0.934205	0.267003	-0.963097	-0.033957	0.903992	0.238096	0.355117
36640	8.392853	-0.974225	2.935318	-0.130710	0.625003	0.027101	-0.339448	-0.127305	0.931970	0.265990	-0.963351	-0.034711	0.902233	0.236112	0.360869
36641	8.230400	-1.012957	2.961946	-0.059985	0.569090	-0.002706	-0.344538	-0.128657	0.929915	0.265518	-0.963473	-0.034924	0.900441	0.234876	0.366114
36642	8.103158	-0.997510	2.983686	0.009511	0.507862	-0.030619	-0.349136	-0.129601	0.928067	0.265574	-0.963468	-0.034637	0.898652	0.234377	0.370800
36643	7.878498	-1.004743	2.918899	0.098127	0.452063	-0.069472	-0.353332	-0.130032	0.926417	0.266289	-0.963306	-0.033648	0.896798	0.234806	0.374993
36644	7.647933	-0.952240	2.848033	0.227084	0.380235	-0.111884	-0.356985	-0.129898	0.925034	0.268003	-0.962894	-0.031788	0.894839	0.236564	0.378552
36645	7.615421	-0.893384	2.862934	0.360201	0.303577	-0.157382	-0.360075	-0.129146	0.923941	0.270736	-0.962217	-0.028986	0.892776	0.239707	0.381435
36646	7.786634	-0.793753	2.880145	0.480909	0.220028	-0.191624	-0.362507	-0.127883	0.923165	0.274409	-0.961277	-0.025408	0.890667	0.244114	0.383562
36647	7.961842	-0.619404	2.995795	0.581651	0.144110	-0.213652	-0.364332	-0.126227	0.922675	0.278885	-0.960090	-0.021223	0.888530	0.249588	0.384994
36648	8.162419	-0.358455	3.039556	0.658770	0.082286	-0.235921	-0.365674	-0.124218	0.922417	0.283947	-0.958697	-0.016539	0.886373	0.255870	0.385842
36649	8.260284	-0.085502	3.182380	0.696389	0.028333	-0.252517	-0.366598	-0.121913	0.922357	0.289266	-0.957179	-0.011544	0.884269	0.262574	0.386166
36650	8.327686	0.200001	3.387541	0.682162	-0.027707	-0.273589	-0.367099	-0.119269	0.922504	0.294364	-0.955672	-0.006418	0.882376	0.269196	0.385935
36651	8.459138	0.518273	3.481973	0.621366	-0.075565	-0.293632	-0.367254	-0.116298	0.922821	0.298842	-0.954302	-0.001336	0.880805	0.275287	0.385226
36652	8.444001	0.692554	3.437977	0.533027	-0.126999	-0.310939	-0.367018	-0.113025	0.923322	0.302469	-0.953153	0.003554	0.879665	0.280580	0.384010
36653	8.312391	0.747871	3.284787	0.452698	-0.178144	-0.323809	-0.366385	-0.109474	0.924001	0.305339	-0.952208	0.008257	0.878937	0.285159	0.382301
36654	8.106356	0.790509	3.223465	0.367921	-0.236094	-0.337733	-0.365291	-0.105627	0.924881	0.307414	-0.951491	0.012751	0.878669	0.288979	0.380042
36655	7.886506	0.840895	3.209474	0.302191	-0.307341	-0.340891	-0.363590	-0.101527	0.926010	0.308904	-0.950941	0.017028	0.878852	0.292240	0.377115
36656	7.793705	0.832814	3.159409	0.251195	-0.382882	-0.339924	-0.361222	-0.097216	0.927398	0.309957	-0.950517	0.021089	0.879457	0.295072	0.373481
36657	7.770926	0.780831	3.122175	0.206213	-0.458800	-0.324325	-0.358141	-0.092809	0.929043	0.310682	-0.950189	0.024845	0.880461	0.297535	0.369136
36658	7.927527	0.735239	3.339368	0.167191	-0.517136	-0.311944	-0.354500	-0.088346	0.930873	0.311120	-0.949948	0.028326	0.881779	0.299655	0.364243
36659	8.165013	0.793336	3.527483	0.132077	-0.544218	-0.304355	-0.350594	-0.083854	0.932766	0.311290	-0.949789	0.031619	0.883279	0.301446	0.359093
36660	8.266554	0.857737	3.578847	0.088433	-0.550549	-0.300555	-0.346609	-0.079380	0.934645	0.311100	-0.949743	0.034708	0.884918	0.302798	0.353884
36661	8.309601	0.864927	3.670933	0.030165	-0.564448	-0.277814	-0.342422	-0.075063	0.936543	0.310487	-0.949842	0.037392	0.886761	0.303588	0.348553
36662	8.340871	0.821522	3.443581	-0.037651	-0.601426	-0.241043	-0.337776	-0.070992	0.938546	0.309408	-0.950109	0.039487	0.888917	0.303732	0.342889
36663	8.716222	0.562088	3.105844	-0.095834	-0.684923	-0.178155	-0.332180	-0.067253	0.940815	0.308035	-0.950499	0.040815	0.891499	0.303362	0.336453
36664	9.664810	0.159989	2.816137	-0.144008	-0.783233	-0.088164	-0.325402	-0.064086	0.943401	0.306534	-0.950971	0.041131	0.894511	0.302569	0.329093
36665	10.978264	-0.365017	2.746432	-0.151978	-0.823087	-0.011863	-0.318014	-0.061519	0.946088	0.305210	-0.951414	0.040727	0.897616	0.301708	0.321339
36666	11.900301	-0.649842	3.038791	-0.130672	-0.735644	0.028153	-0.311261	-0.059615	0.948453	0.304199	-0.951768	0.040008	0.900322	0.300971	0.314383
36667	12.237196	-0.682186	3.705298	-0.141290	-0.534438	0.026972	-0.306310	-0.058300	0.950145	0.303084	-0.952154	0.039286	0.902393	0.300008	0.309324
36668	12.308366	-0.451738	4.600735	-0.211138	-0.270796	-0.022018	-0.303877	-0.057325	0.950985	0.301185	-0.952776	0.038808	0.903851	0.298215	0.306792
36669	12.396553	-0.044805	5.624332	-0.313123	0.012790	-0.079739	-0.304180	-0.056639	0.950929	0.298186	-0.953728	0.038577	0.904743	0.295288	0.306994
36670	12.303153	0.378477	5.956893	-0.420452	0.272059	-0.134032	-0.306985	-0.056202	0.950053	0.294046	-0.955015	0.038518	0.905150	0.291184	0.309702
36671	11.328914	0.817470	5.234315	-0.505519	0.411623	-0.184660	-0.311201	-0.055664	0.948712	0.288975	-0.956555	0.038667	0.905344	0.286187	0.313767
36672	9.910359	0.797926	3.767468	-0.549620	0.333267	-0.234217	-0.314836	-0.054412	0.947585	0.283339	-0.958222	0.039117	0.905868	0.280804	0.317100
36673	8.995088	-0.065440	2.051900	-0.466516	0.104988	-0.243405	-0.316425	-0.052409	0.947169	0.278419	-0.959630	0.039914	0.906840	0.276340	0.318243
36674	8.529398	-1.294733	0.731745	-0.162756	-0.121986	-0.225281	-0.315891	-0.049956	0.947480	0.276306	-0.960174	0.041495	0.907672	0.274902	0.317113
36675	8.362721	-2.318753	0.160105	0.250954	-0.266828	-0.218638	-0.314025	-0.047160	0.948243	0.277971	-0.959566	0.044331	0.907811	0.277505	0.314437
36676	8.279379	-2.631913	0.277205	0.652107	-0.355487	-0.221316	-0.311367	-0.044086	0.949266	0.283272	-0.957816	0.048432	0.907087	0.283980	0.310721
36677	8.446262	-2.034129	0.828905	0.949063	-0.425001	-0.231928	-0.308127	-0.040683	0.950475	0.291231	-0.955154	0.053528	0.905672	0.293301	0.306157
36678	9.054808	-0.760220	1.411825	1.109562	-0.473445	-0.250136	-0.304530	-0.036929	0.951787	0.300578	-0.951916	0.059238	0.903833	0.304126	0.300987
36679	9.525245	0.604509	1.671684	1.120582	-0.517203	-0.246477	-0.300553	-0.033028	0.953193	0.310025	-0.948512	0.064888	0.901971	0.315016	0.295318
36680	9.726524	1.610285	1.482485	1.034315	-0.568730	-0.218309	-0.296060	-0.029184	0.954724	0.318768	-0.945248	0.069955	0.900408	0.325047	0.289153
36681	9.829754	2.430324	1.163804	0.869371	-0.629997	-0.183783	-0.290921	-0.025416	0.956409	0.326127	-0.942413	0.074157	0.899448	0.333485	0.282456
36682	9.941199	3.099998	0.854964	0.667013	-0.678007	-0.172888	-0.285337	-0.021548	0.958185	0.331700	-0.940185	0.077634	0.899198	0.339982	0.275417
36683	10.086201	3.519859	0.745741	0.445542	-0.688204	-0.174811	-0.279666	-0.017586	0.959936	0.335288	-0.938672	0.080485	0.899650	0.344364	0.268411
36684	10.313690	3.551025	0.892414	0.210430	-0.633101	-0.171681	-0.274488	-0.013830	0.961491	0.336779	-0.937949	0.082652	0.900687	0.346497	0.262113
36685	10.357049	3.150296	1.251682	-0.044502	-0.532626	-0.140652	-0.270094	-0.010697	0.962775	0.336068	-0.938097	0.083857	0.902279	0.346207	0.256969
36686	10.105131	2.401231	1.624092	-0.267943	-0.425485	-0.098334	-0.266524	-0.008348	0.963792	0.333457	-0.939009	0.084080	0.904307	0.343792	0.253052
36687	9.672627	1.523568	2.003821	-0.407567	-0.357798	-0.038325	-0.263345	-0.006792	0.964678	0.329739	-0.940382	0.083394	0.906599	0.340053	0.249884
36688	9.231657	0.735975	2.244380	-0.417575	-0.358277	0.006336	-0.260016	-0.005682	0.965588	0.326037	-0.941772	0.082254	0.908896	0.336205	0.246728
36689	9.013305	0.177973	2.542174	-0.302028	-0.395717	0.023044	-0.256274	-0.004601	0.966593	0.323422	-0.942759	0.081261	0.910891	0.333443	0.243093
36690	8.993597	-0.032473	2.637885	-0.128598	-0.452199	0.009229	-0.252066	-0.003226	0.967705	0.322345	-0.943166	0.080820	0.912445	0.332307	0.238780
36691	9.116566	0.108027	2.556880	0.087406	-0.509700	-0.018869	-0.247408	-0.001380	0.968910	0.323170	-0.942853	0.081177	0.913428	0.333206	0.233715
36692	9.218223	0.327974	2.267289	0.267153	-0.560466	-0.042852	-0.242370	0.000856	0.970183	0.325577	-0.941939	0.082166	0.913924	0.335784	0.228019
36693	9.374025	0.498884	1.968874	0.409389	-0.609020	-0.051333	-0.236906	0.003366	0.971527	0.329269	-0.940533	0.083551	0.914034	0.339687	0.221709
36694	9.486660	0.548425	1.686794	0.529971	-0.644211	-0.061031	-0.231164	0.006102	0.972896	0.334040	-0.938695	0.085257	0.913773	0.344695	0.214954
36695	9.560678	0.724521	1.556998	0.641526	-0.647879	-0.069762	-0.225414	0.008980	0.974222	0.339813	-0.936436	0.087257	0.913080	0.350722	0.208034
36696	9.540294	0.978873	1.573257	0.714099	-0.645485	-0.084923	-0.219758	0.012018	0.975480	0.346211	-0.933878	0.089501	0.912055	0.357390	0.201066
36697	9.628147	1.282090	1.645578	0.733283	-0.623366	-0.099452	-0.214355	0.015167	0.976638	0.352750	-0.931195	0.091884	0.910834	0.364205	0.194256
36698	9.671707	1.578241	1.610859	0.721071	-0.574261	-0.112706	-0.209472	0.018285	0.977644	0.359143	-0.928504	0.094317	0.909471	0.370871	0.187929
36699	9.540042	1.757200	1.567018	0.682125	-0.516410	-0.119376	-0.205142	0.021297	0.978501	0.365166	-0.925906	0.096709	0.908059	0.377154	0.182165
36700	9.442384	1.815427	1.486206	0.613848	-0.473237	-0.114433	-0.201210	0.024114	0.979251	0.370572	-0.923525	0.098884	0.906747	0.382780	0.176887
36701	9.406968	1.872049	1.359185	0.520985	-0.459867	-0.101819	-0.197353	0.026800	0.979966	0.375161	-0.921468	0.100753	0.905708	0.387529	0.171800
36702	9.408127	1.977235	1.200144	0.395892	-0.459187	-0.082700	-0.193448	0.029310	0.980673	0.378652	-0.919881	0.102186	0.905097	0.391101	0.166851
36703	9.491273	2.074846	1.109820	0.257632	-0.451101	-0.065738	-0.189546	0.031661	0.981361	0.380928	-0.918825	0.103218	0.904968	0.393392	0.162099
36704	9.538705	2.251979	1.142565	0.127772	-0.438459	-0.046409	-0.185695	0.033776	0.982027	0.382065	-0.918284	0.103830	0.905287	0.394478	0.157616
36705	9.632630	2.338711	1.198066	0.007997	-0.416199	-0.030547	-0.181973	0.035678	0.982656	0.382151	-0.918217	0.104107	0.906006	0.394467	0.153456
36706	9.689710	2.300961	1.291759	-0.100038	-0.377173	-0.011931	-0.178540	0.037235	0.983228	0.381290	-0.918584	0.104024	0.907051	0.393467	0.149807
36707	9.785624	2.055067	1.296155	-0.192526	-0.323227	0.011736	-0.175492	0.038378	0.983733	0.379633	-0.919319	0.103589	0.908340	0.391636	0.146764
36708	9.816289	1.634906	1.272620	-0.261953	-0.246908	0.036006	-0.173053	0.038971	0.984141	0.377381	-0.920334	0.102804	0.909745	0.389187	0.144559
36709	9.614470	1.007790	1.251279	-0.284347	-0.174739	0.054533	-0.171188	0.039129	0.984461	0.374956	-0.921433	0.101825	0.911100	0.386561	0.143066
36710	9.439855	0.462672	1.301677	-0.276292	-0.138509	0.065408	-0.169622	0.039021	0.984736	0.372616	-0.922502	0.100738	0.912352	0.384016	0.141937
36711	9.502856	0.171543	1.386931	-0.200469	-0.136016	0.072994	-0.168040	0.038850	0.985014	0.370979	-0.923274	0.099702	0.913311	0.382173	0.140734
36712	9.636238	0.105269	1.456505	-0.056186	-0.150501	0.075643	-0.166326	0.038686	0.985312	0.370659	-0.923496	0.098828	0.913755	0.381652	0.139262
36713	9.784297	0.203090	1.376187	0.124877	-0.162842	0.068928	-0.164513	0.038653	0.985617	0.371983	-0.923021	0.098287	0.913545	0.382802	0.137471
36714	9.786314	0.306785	1.282953	0.329840	-0.168165	0.059390	-0.162697	0.038712	0.985916	0.375159	-0.921755	0.098101	0.912571	0.385836	0.135443
36715	9.741144	0.432057	1.167303	0.482620	-0.184811	0.048445	-0.160759	0.038962	0.986224	0.379706	-0.919877	0.098235	0.911032	0.390268	0.133084
36716	9.618157	0.424560	0.957274	0.580056	-0.215749	0.045450	-0.158562	0.039354	0.986564	0.385124	-0.917593	0.098500	0.909141	0.395568	0.130340
36717	9.589554	0.461965	0.918554	0.657944	-0.267953	0.035042	-0.155922	0.040080	0.986956	0.391222	-0.914960	0.098962	0.906991	0.401550	0.126982
36718	9.595423	0.448562	0.835856	0.706215	-0.306402	0.032213	-0.152960	0.040988	0.987382	0.397735	-0.912092	0.099477	0.904660	0.407932	0.123211
36719	9.678284	0.655911	0.888563	0.743476	-0.359295	0.036340	-0.149495	0.042114	0.987865	0.404574	-0.909024	0.099978	0.902203	0.414611	0.118857
36720	9.783900	0.828305	0.969154	0.730775	-0.393373	0.050892	-0.145683	0.043259	0.988385	0.411299	-0.905968	0.100275	0.899783	0.421130	0.114192
36721	9.714827	1.159698	0.890081	0.753117	-0.395462	0.051684	-0.141842	0.044450	0.988891	0.418207	-0.902768	0.100565	0.897209	0.427825	0.109461
36722	9.583428	1.439243	0.728592	0.763586	-0.400459	0.046526	-0.137997	0.045721	0.989377	0.425177	-0.899472	0.100870	0.894529	0.434580	0.104685
36723	9.692750	1.716441	0.794335	0.751672	-0.396312	0.045983	-0.134186	0.047026	0.989840	0.432019	-0.896175	0.101142	0.891826	0.441202	0.099938
36724	9.740069	1.614385	0.819982	0.645080	-0.349273	0.052698	-0.130785	0.048070	0.990245	0.437898	-0.893311	0.101199	0.889461	0.446861	0.095782
36725	9.733861	1.492422	0.755059	0.531486	-0.270359	0.052747	-0.128076	0.048797	0.990563	0.442754	-0.890921	0.101135	0.887449	0.451529	0.092501
36726	9.687937	1.385745	0.658688	0.369219	-0.192797	0.049080	-0.126087	0.049199	0.990798	0.446153	-0.889247	0.100933	0.886030	0.454774	0.090172
36727	9.647169	1.314888	0.650719	0.233291	-0.147453	0.056806	-0.124452	0.049351	0.990998	0.448356	-0.888183	0.100536	0.885149	0.456831	0.088410
36728	9.743426	1.302227	0.490429	0.170095	-0.090639	0.062685	-0.123306	0.049175	0.991150	0.450001	-0.887410	0.100011	0.884474	0.458350	0.087295
36729	9.735204	1.270973	0.269812	0.190017	-0.029626	0.058336	-0.122707	0.048778	0.991244	0.451818	-0.886538	0.099557	0.883631	0.460078	0.086745
36730	9.686385	1.275262	0.062462	0.253855	0.016122	0.055172	-0.122537	0.048181	0.991294	0.454189	-0.885368	0.099176	0.882438	0.462388	0.086607
36731	9.658790	1.122023	-0.151476	0.325665	0.036225	0.059052	-0.122512	0.047477	0.991331	0.457198	-0.883857	0.098832	0.880887	0.465342	0.086576
36732	9.685122	0.987794	-0.266370	0.374062	0.015409	0.068018	-0.122273	0.046771	0.991394	0.460635	-0.882115	0.098427	0.879127	0.468706	0.086314
36733	9.777261	0.861696	-0.173915	0.396933	-0.018149	0.076378	-0.121683	0.046170	0.991495	0.464279	-0.880254	0.097970	0.877290	0.472251	0.085676
36734	9.882242	0.817156	-0.163075	0.411099	-0.044234	0.076694	-0.120875	0.045673	0.991616	0.468036	-0.878313	0.097506	0.875403	0.475899	0.084790
36735	9.920541	0.958409	0.015815	0.418648	-0.067378	0.074194	-0.119858	0.045332	0.991756	0.471851	-0.876317	0.097081	0.873493	0.479597	0.083644
36736	9.947340	1.255552	0.411014	0.370544	-0.095252	0.061813	-0.118671	0.045216	0.991904	0.475220	-0.874535	0.096721	0.871827	0.482851	0.082294
36737	9.951020	1.519688	0.769613	0.284411	-0.115996	0.060436	-0.117293	0.045239	0.992066	0.477834	-0.873155	0.096312	0.870585	0.485339	0.080798
36738	9.846046	1.760595	0.980379	0.210389	-0.128384	0.058438	-0.115833	0.045321	0.992234	0.479794	-0.872131	0.095846	0.869702	0.487170	0.079277
36739	9.698985	1.824014	1.110349	0.160610	-0.137682	0.059815	-0.114269	0.045462	0.992409	0.481323	-0.871343	0.095337	0.869063	0.488563	0.077686
36740	9.608818	1.757221	1.142390	0.125129	-0.147770	0.055656	-0.112654	0.045668	0.992584	0.482534	-0.870729	0.094827	0.868602	0.489638	0.076055
36741	9.568872	1.553833	0.996081	0.130075	-0.151543	0.056620	-0.110986	0.045909	0.992761	0.483791	-0.870086	0.094322	0.868118	0.490757	0.074357
36742	9.513143	1.422782	0.889426	0.173291	-0.160033	0.066921	-0.109210	0.046082	0.992950	0.485429	-0.869237	0.093730	0.867428	0.492243	0.072560
36743	9.636478	1.264579	0.748132	0.204735	-0.163831	0.086821	-0.107290	0.046127	0.993157	0.487362	-0.868236	0.092974	0.866584	0.494002	0.070672
36744	9.662596	1.181400	0.666688	0.243605	-0.172521	0.109796	-0.105196	0.045997	0.993387	0.489648	-0.867053	0.091999	0.865551	0.496088	0.068688
36745	9.662108	1.047090	0.605299	0.277010	-0.183562	0.121527	-0.102934	0.045849	0.993631	0.492234	-0.865700	0.090939	0.864355	0.498460	0.066542
36746	9.671250	1.043704	0.664606	0.282080	-0.192505	0.127633	-0.100578	0.045676	0.993880	0.494860	-0.864320	0.089800	0.863132	0.500864	0.064328
36747	9.740682	1.145250	0.760722	0.267145	-0.194740	0.138333	-0.098135	0.045451	0.994135	0.497365	-0.863010	0.088553	0.861973	0.503138	0.062086
36748	9.699321	1.342443	0.909514	0.219887	-0.187949	0.135972	-0.095774	0.045195	0.994377	0.499451	-0.861935	0.087280	0.861032	0.505001	0.059978
36749	9.633661	1.503684	1.027597	0.157084	-0.181142	0.127064	-0.093503	0.045009	0.994601	0.500985	-0.861165	0.086069	0.860390	0.506328	0.057972
36750	9.727967	1.574313	1.162810	0.092962	-0.185575	0.117629	-0.091252	0.044906	0.994815	0.501953	-0.860718	0.084896	0.860068	0.507097	0.056002
36751	9.732013	1.563200	1.143790	0.069585	-0.179164	0.130082	-0.088983	0.044689	0.995030	0.502731	-0.860391	0.083600	0.859851	0.507671	0.054093
36752	9.700989	1.449982	0.967287	0.086231	-0.181267	0.135162	-0.086680	0.044417	0.995246	0.503650	-0.859984	0.082245	0.859549	0.508384	0.052173
36753	9.553514	1.318203	0.907189	0.104599	-0.194266	0.142074	-0.084221	0.044178	0.995467	0.504732	-0.859482	0.080845	0.859158	0.509253	0.050088
36754	9.451313	1.123263	0.922224	0.111459	-0.213858	0.133112	-0.081647	0.044094	0.995685	0.505858	-0.858944	0.079519	0.858744	0.510168	0.047825
36755	9.524152	1.027970	0.961175	0.103502	-0.220494	0.133289	-0.079006	0.044069	0.995900	0.506915	-0.858441	0.078201	0.858368	0.511015	0.045482
36756	9.560337	0.841673	0.945786	0.104086	-0.218987	0.133592	-0.076384	0.044012	0.996107	0.507970	-0.857939	0.076860	0.857981	0.511864	0.043176
36757	9.422414	0.602624	0.850483	0.117791	-0.216441	0.138159	-0.073753	0.043930	0.996309	0.509146	-0.857363	0.075494	0.857515	0.512834	0.040866
36758	9.293480	0.394729	0.885975	0.139463	-0.218907	0.134075	-0.071128	0.043875	0.996502	0.510496	-0.856677	0.074157	0.856933	0.513985	0.038536
36759	9.333813	0.334182	0.753092	0.190771	-0.241178	0.150717	-0.068220	0.043819	0.996708	0.512296	-0.855728	0.072686	0.856095	0.515568	0.035929
36760	9.576677	0.418398	0.616651	0.260552	-0.259510	0.159220	-0.065118	0.043769	0.996917	0.514688	-0.854422	0.071131	0.854901	0.517733	0.033111
36761	9.691971	0.548245	0.531669	0.317059	-0.263665	0.172119	-0.061905	0.043661	0.997127	0.517566	-0.852818	0.069475	0.853401	0.520379	0.030197
36762	9.792076	0.671616	0.543985	0.338988	-0.267961	0.180125	-0.058621	0.043495	0.997332	0.520621	-0.851098	0.067718	0.851773	0.523202	0.027248
36763	9.767446	0.769498	0.438809	0.345316	-0.262078	0.186900	-0.055343	0.043274	0.997529	0.523725	-0.849334	0.065901	0.850088	0.526079	0.024342
36764	9.647535	0.859397	0.509924	0.331227	-0.276004	0.184688	-0.051964	0.043133	0.997717	0.526694	-0.847637	0.064077	0.848465	0.528821	0.021329
36765	9.619852	0.941832	0.688375	0.300689	-0.297976	0.179398	-0.048419	0.043186	0.997893	0.529391	-0.846087	0.062304	0.846995	0.531293	0.018105
36766	9.686491	0.986787	0.744959	0.245326	-0.320931	0.177920	-0.044694	0.043362	0.998059	0.531606	-0.844827	0.060510	0.845812	0.533279	0.014707
36767	9.769636	0.918248	0.744973	0.209175	-0.320122	0.183362	-0.040941	0.043517	0.998213	0.533511	-0.843756	0.058665	0.844802	0.534960	0.011328
36768	10.004877	0.790227	0.776164	0.169902	-0.319482	0.205142	-0.037082	0.043469	0.998366	0.535081	-0.842904	0.056575	0.843987	0.536304	0.007997
36769	10.173333	0.711963	0.908618	0.137742	-0.283019	0.227915	-0.033404	0.043061	0.998514	0.536381	-0.842230	0.054265	0.843315	0.537396	0.005036
36770	10.129062	0.598567	1.087282	0.076602	-0.245645	0.245269	-0.029950	0.042289	0.998656	0.537159	-0.841892	0.051760	0.842949	0.537987	0.002499
36771	10.122714	0.445255	1.261410	-0.004154	-0.228470	0.247421	-0.026627	0.041427	0.998787	0.537251	-0.841984	0.049246	0.843002	0.537910	0.000163
36772	10.141404	0.296207	1.239479	-0.071294	-0.181737	0.246648	-0.023705	0.040298	0.998906	0.536766	-0.842437	0.046724	0.843398	0.537286	-0.001661
36773	9.876712	0.025061	0.951599	-0.075481	-0.118998	0.236785	-0.021364	0.038933	0.999013	0.536239	-0.842902	0.044317	0.843796	0.536657	-0.002870
36774	9.567538	-0.334081	0.619510	-0.020813	-0.082557	0.220919	-0.019417	0.037485	0.999109	0.536162	-0.843067	0.042051	0.843892	0.536501	-0.003728
36775	9.369982	-0.587368	0.462603	0.079971	-0.066740	0.208498	-0.017669	0.036076	0.999193	0.536932	-0.842681	0.039920	0.843441	0.537204	-0.004480
36776	9.286428	-0.575661	0.375963	0.233190	-0.072760	0.199073	-0.015920	0.034762	0.999269	0.538984	-0.841465	0.037859	0.842165	0.539193	-0.005341
36777	9.421522	-0.350383	0.189111	0.420804	-0.090653	0.204739	-0.013984	0.033520	0.999340	0.542609	-0.839224	0.035742	0.839869	0.542751	-0.006453
36778	9.778711	0.054968	-0.174216	0.617430	-0.110473	0.231254	-0.011731	0.032158	0.999414	0.547867	-0.835901	0.033327	0.836483	0.547937	-0.007813
36779	10.160967	0.483291	-0.440476	0.764739	-0.123167	0.257871	-0.009215	0.030675	0.999487	0.554330	-0.831733	0.030637	0.832246	0.554328	-0.009340
36780	10.260438	0.875360	-0.611728	0.824598	-0.118740	0.266928	-0.006674	0.029096	0.999554	0.561247	-0.827180	0.027826	0.827621	0.561183	-0.010809
36781	10.004114	1.216791	-0.444145	0.767960	-0.130625	0.241486	-0.004165	0.027831	0.999604	0.567653	-0.822880	0.025276	0.823257	0.567534	-0.012371
36782	9.918104	1.570508	-0.365099	0.627218	-0.183273	0.203233	-0.001434	0.027181	0.999630	0.572863	-0.819326	0.023100	0.819650	0.572684	-0.014396
36783	10.040362	1.741153	-0.349364	0.439596	-0.247051	0.169983	0.001632	0.027202	0.999629	0.576514	-0.816810	0.021286	0.817086	0.576265	-0.017015
36784	10.295463	1.836147	-0.309955	0.242195	-0.303452	0.170227	0.005159	0.027539	0.999607	0.578536	-0.815424	0.019479	0.815641	0.578208	-0.020139
36785	10.395026	1.820461	-0.372112	0.092545	-0.351769	0.189329	0.009190	0.028025	0.999565	0.579330	-0.814905	0.017522	0.815041	0.578917	-0.023725
36786	10.544458	1.879659	-0.286058	0.012872	-0.402368	0.220002	0.013810	0.028537	0.999497	0.579460	-0.814858	0.015259	0.814884	0.578958	-0.027790
36787	10.559801	1.979576	-0.226645	-0.025196	-0.462909	0.259038	0.019148	0.029102	0.999393	0.579265	-0.815041	0.012635	0.814914	0.578671	-0.032464
36788	10.697811	2.016374	-0.232424	-0.011580	-0.533361	0.297938	0.025287	0.029734	0.999238	0.579154	-0.815162	0.009600	0.814826	0.578470	-0.037834
36789	11.009115	2.036119	-0.225661	0.056539	-0.589391	0.306831	0.031929	0.030642	0.999020	0.579580	-0.814890	0.006471	0.814290	0.578805	-0.043778
36790	11.482413	1.856615	-0.065332	0.100539	-0.594549	0.295319	0.038547	0.031655	0.998755	0.580342	-0.814365	0.003412	0.813460	0.579488	-0.049762
36791	12.037458	1.877929	0.168497	0.078759	-0.561431	0.273786	0.044763	0.032681	0.998463	0.580921	-0.813960	0.000598	0.812728	0.580002	-0.055420
36792	12.120121	1.554931	0.369713	-0.044822	-0.473454	0.238746	0.050064	0.033457	0.998185	0.580492	-0.814264	-0.001822	0.812726	0.579530	-0.060187
36793	11.751117	0.861397	0.588959	-0.258723	-0.361333	0.189146	0.054157	0.034008	0.997953	0.578341	-0.815787	-0.003586	0.813995	0.577352	-0.063849
36794	11.196321	0.002146	1.021320	-0.524132	-0.274799	0.131549	0.057223	0.034488	0.997766	0.574042	-0.818813	-0.004620	0.816824	0.573023	-0.066652
36795	10.849505	-0.802991	1.492222	-0.765403	-0.205116	0.086882	0.059454	0.034943	0.997619	0.567776	-0.823168	-0.005004	0.821034	0.566721	-0.068781
36796	10.844713	-1.328472	1.798061	-0.963305	-0.130160	0.063997	0.060953	0.035121	0.997523	0.559850	-0.828579	-0.005037	0.826349	0.558770	-0.070167
36797	10.918124	-1.451866	1.965464	-1.066231	-0.002235	0.039492	0.061244	0.034800	0.997516	0.551037	-0.834468	-0.004720	0.832231	0.549957	-0.070282
36798	10.726079	-1.464593	1.787819	-1.133913	0.182744	0.015961	0.059871	0.033642	0.997639	0.541603	-0.840624	-0.004156	0.838500	0.540573	-0.068549
36799	10.288617	-1.329553	1.574491	-1.092088	0.347586	0.005920	0.057028	0.031718	0.997869	0.532463	-0.846446	-0.003525	0.844530	0.531529	-0.065160
36800	9.951490	-1.086192	1.435546	-0.915674	0.479912	0.007398	0.053067	0.029094	0.998167	0.524752	-0.851249	-0.003087	0.849599	0.523954	-0.060440
36801	9.725313	-0.852760	1.289924	-0.688492	0.589665	0.008695	0.048140	0.025932	0.998504	0.518939	-0.854806	-0.002819	0.853454	0.518299	-0.054607
36802	9.650091	-0.636259	1.120612	-0.448657	0.693388	0.020908	0.042386	0.022141	0.998856	0.515146	-0.857098	-0.002861	0.856054	0.514677	-0.047735
36803	9.642523	-0.619829	0.780715	-0.197595	0.789837	0.027224	0.035806	0.017831	0.999200	0.513497	-0.858086	-0.003088	0.857344	0.513197	-0.039881
36804	9.697850	-0.591439	0.440371	0.028709	0.899812	0.037626	0.028349	0.012858	0.999515	0.513783	-0.857913	-0.003536	0.857452	0.513634	-0.030927
36805	9.643289	-0.498549	0.097390	0.208616	0.996109	0.042363	0.020076	0.007349	0.999771	0.515617	-0.856810	-0.004056	0.856584	0.515580	-0.020991
36806	9.620280	-0.328861	0.011797	0.321878	1.045759	0.048173	0.011440	0.001500	0.999933	0.518416	-0.855116	-0.004648	0.855052	0.518435	-0.010560
36807	9.837746	-0.006871	-0.153530	0.344038	1.092840	0.059785	0.002462	-0.004713	0.999986	0.521408	-0.853291	-0.005305	0.853304	0.521413	0.000356
36808	9.988086	0.245935	-0.503133	0.226321	1.145108	0.072274	-0.006859	-0.011340	0.999912	0.523392	-0.852070	-0.006073	0.852064	0.523305	0.011780
36809	9.661203	0.348780	-0.846469	0.088360	1.167565	0.051424	-0.016488	-0.017911	0.999704	0.524209	-0.851564	-0.006612	0.851430	0.523944	0.023430
36810	9.220640	0.441708	-1.001569	-0.004229	1.140884	0.002523	-0.026122	-0.023939	0.999372	0.524228	-0.851552	-0.006695	0.851177	0.523724	0.034793
36811	9.048048	0.551794	-0.926512	-0.073967	1.074084	-0.041023	-0.035431	-0.029228	0.998945	0.523644	-0.851913	-0.006353	0.851200	0.522867	0.045489
36812	9.237641	0.822080	-0.759060	-0.132542	0.988004	-0.048908	-0.044033	-0.034000	0.998451	0.522552	-0.852586	-0.005988	0.851470	0.521479	0.055309
36813	9.700675	1.073927	-0.596223	-0.177697	0.912417	-0.039329	-0.051960	-0.038431	0.997909	0.521080	-0.853489	-0.005737	0.851925	0.519692	0.064373
36814	10.016054	1.150210	-0.428676	-0.229239	0.891237	-0.007088	-0.059528	-0.043022	0.997299	0.519179	-0.854646	-0.005879	0.852590	0.517426	0.073211
36815	10.215628	1.287547	-0.284141	-0.293738	0.862337	0.027137	-0.066694	-0.047718	0.996632	0.516752	-0.856111	-0.006410	0.853534	0.514584	0.081756
36816	10.260148	1.201837	-0.084586	-0.382549	0.838213	0.055772	-0.073502	-0.052525	0.995911	0.513580	-0.858010	-0.007348	0.854888	0.510940	0.090041
36817	10.179748	1.231460	0.073788	-0.426051	0.820525	0.049443	-0.080219	-0.057138	0.995138	0.510036	-0.860113	-0.008271	0.856404	0.506893	0.098140
36818	10.051993	1.305302	0.256216	-0.487288	0.761666	0.025727	-0.086554	-0.061234	0.994363	0.505938	-0.862522	-0.009076	0.858216	0.502301	0.105636
36819	10.189059	1.364483	0.465366	-0.546892	0.688407	-0.005481	-0.092447	-0.064639	0.993617	0.501298	-0.865221	-0.009645	0.860322	0.497207	0.112390
36820	10.491924	1.434917	0.636198	-0.603500	0.659445	-0.054118	-0.098334	-0.067462	0.992864	0.496107	-0.868206	-0.009857	0.862675	0.491597	0.118842
36821	10.593580	1.411818	0.765981	-0.689086	0.680774	-0.133776	-0.104826	-0.069633	0.992050	0.490083	-0.871625	-0.009395	0.865350	0.485202	0.125495
36822	10.461923	1.634047	0.879165	-0.803057	0.732004	-0.208040	-0.112121	-0.071373	0.991128	0.482956	-0.875604	-0.008419	0.868437	0.477727	0.132643
36823	10.083347	1.491127	0.986114	-0.966214	0.778186	-0.276039	-0.120166	-0.072641	0.990093	0.474294	-0.880338	-0.007024	0.872127	0.468751	0.140240
36824	9.633789	1.337191	1.033278	-1.152550	0.818328	-0.296704	-0.128650	-0.073847	0.988937	0.463910	-0.885863	-0.005800	0.876491	0.458031	0.148225
36825	9.304874	1.008462	1.144771	-1.336515	0.823631	-0.269115	-0.137075	-0.075185	0.987703	0.451874	-0.892067	-0.005193	0.881488	0.445606	0.156254
36826	9.288450	0.562721	1.292061	-1.478756	0.823988	-0.209944	-0.145234	-0.076956	0.986400	0.438566	-0.898682	-0.005539	0.886886	0.431797	0.164269
36827	9.357966	0.078281	1.443530	-1.563347	0.841666	-0.132790	-0.153249	-0.079341	0.984997	0.424531	-0.905387	-0.006878	0.892350	0.417108	0.172432
36828	9.409129	-0.381302	1.627592	-1.596796	0.863740	-0.057706	-0.161160	-0.082391	0.983483	0.410214	-0.911943	-0.009178	0.897637	0.401960	0.180766
36829	9.526987	-0.923351	1.646383	-1.539537	0.904747	0.005213	-0.169236	-0.086021	0.981814	0.396440	-0.917981	-0.012094	0.902327	0.387184	0.189458
36830	9.381146	-1.268661	1.765116	-1.406984	0.942478	0.054828	-0.177485	-0.090150	0.979986	0.383879	-0.923255	-0.015407	0.906165	0.373462	0.198471
36831	9.247790	-1.495656	2.105754	-1.239034	0.941362	0.083579	-0.185669	-0.094398	0.978068	0.372859	-0.927698	-0.018755	0.909122	0.361199	0.207442
36832	9.253179	-1.681570	2.297657	-1.021917	0.913935	0.104464	-0.193544	-0.098663	0.976118	0.363825	-0.931208	-0.021985	0.911138	0.350881	0.216126
36833	9.316729	-1.559152	2.474245	-0.826210	0.906728	0.113110	-0.201359	-0.102881	0.974100	0.356591	-0.933928	-0.024926	0.912303	0.342336	0.224741
36834	9.291628	-1.445244	2.521820	-0.649124	0.882858	0.101831	-0.208998	-0.106866	0.972059	0.350945	-0.935994	-0.027446	0.912775	0.335403	0.233125
36835	9.328505	-1.199214	2.470544	-0.451629	0.864204	0.078588	-0.216566	-0.110502	0.969994	0.347067	-0.937383	-0.029298	0.912493	0.330308	0.241357
36836	9.255378	-0.891629	2.529075	-0.295934	0.852437	0.054324	-0.224096	-0.113853	0.967894	0.344558	-0.938267	-0.030593	0.911626	0.326639	0.249491
36837	9.056414	-0.423770	2.747550	-0.180036	0.845763	0.024022	-0.231674	-0.116855	0.965750	0.343049	-0.938796	-0.031299	0.910299	0.324048	0.257581
36838	8.811555	0.093122	3.083444	-0.129497	0.844161	-0.029996	-0.239397	-0.119342	0.963559	0.341871	-0.939222	-0.031390	0.908742	0.321899	0.265647
36839	8.813298	0.606522	3.373564	-0.177175	0.856603	-0.081847	-0.247411	-0.121344	0.961282	0.340141	-0.939860	-0.031096	0.907244	0.319278	0.273806
36840	9.124377	1.052862	3.344357	-0.368837	0.873387	-0.126797	-0.255703	-0.122964	0.958903	0.336549	-0.941157	-0.030943	0.906284	0.314806	0.282041
36841	9.375045	1.163690	2.832654	-0.670634	0.889429	-0.131678	-0.264161	-0.124515	0.956407	0.330208	-0.943378	-0.031615	0.906191	0.307462	0.290320
36842	9.200747	0.651770	2.354420	-1.014273	0.906472	-0.110338	-0.272683	-0.126256	0.953784	0.320789	-0.946555	-0.033586	0.907049	0.296805	0.298611
36843	8.858998	-0.137818	2.076974	-1.322864	0.885423	-0.052669	-0.280847	-0.128349	0.951132	0.308713	-0.950431	-0.037098	0.908747	0.283208	0.306549
36844	8.604476	-1.026065	1.965266	-1.545239	0.830483	0.038871	-0.288232	-0.131051	0.948550	0.294837	-0.954611	-0.042297	0.911040	0.267477	0.313789
