// General information: 
//  MT Manager version: 2022.2.0 
//  XDA version: 2022.2.0 build 7381 rev 124627 built on 2023-07-19
// Device information: 
//  DeviceId: 00B4CAF0
//  ProductCode: MTW2-3A7G6
//  Firmware Version: 4.6.0
//  Hardware Version: 2.0.0
// Device settings: 
//  Filter Profile: human(46.1)
//  Option Flags: Orientation Smoother Disabled, Position/Velocity Smoother Disabled, Continuous Zero Rotation Update Disabled, AHS Disabled, ICC Disabled
// Coordinate system: ENU
PacketCounter	Acc_X	Acc_Y	Acc_Z	Gyr_X	Gyr_Y	Gyr_Z	Mat[1][1]	Mat[2][1]	Mat[3][1]	Mat[1][2]	Mat[2][2]	Mat[3][2]	Mat[1][3]	Mat[2][3]	Mat[3][3]
26726	5.283438	0.049921	8.781046	0.000234	0.001719	0.004609	-0.152830	-0.841011	0.518983	0.984043	-0.177922	0.001459	0.091112	0.510925	0.854783
26727	5.299998	-0.000273	8.795667	-0.000819	0.000846	0.005327	-0.152884	-0.840985	0.519010	0.984037	-0.177960	0.001507	0.091095	0.510955	0.854767
26728	5.286455	0.011799	8.812298	0.001113	0.006871	0.004696	-0.152860	-0.841000	0.518992	0.984040	-0.177940	0.001489	0.091097	0.510936	0.854778
26729	5.297552	0.017901	8.780608	-0.002484	0.001679	0.006808	-0.152867	-0.840989	0.519009	0.984031	-0.177991	0.001421	0.091183	0.510938	0.854768
26730	5.297120	0.017602	8.780869	0.003116	0.008185	0.005540	-0.152836	-0.841012	0.518980	0.984038	-0.177954	0.001416	0.091163	0.510912	0.854786
26731	5.296386	0.017469	8.781313	0.000501	0.008575	0.005457	-0.152969	-0.840995	0.518967	0.984006	-0.178131	0.001378	0.091285	0.510877	0.854793
26732	5.254799	-0.001515	8.763126	0.006446	0.006519	0.002578	-0.152966	-0.841005	0.518952	0.984011	-0.178103	0.001417	0.091235	0.510871	0.854802
26733	5.295228	0.017861	8.782010	0.004340	0.004775	0.004016	-0.152981	-0.841014	0.518933	0.984015	-0.178081	0.001478	0.091169	0.510864	0.854814
26734	5.281621	0.030472	8.798671	0.006955	0.004385	0.004099	-0.152961	-0.841016	0.518937	0.984023	-0.178037	0.001513	0.091118	0.510877	0.854811
26735	5.292780	0.037258	8.766953	0.004953	0.003070	0.003253	-0.153082	-0.840979	0.518960	0.984001	-0.178158	0.001553	0.091150	0.510895	0.854797
26736	5.273769	0.009195	8.773315	0.004953	0.003070	0.003253	-0.153070	-0.840973	0.518975	0.984005	-0.178132	0.001576	0.091120	0.510915	0.854788
26737	5.267248	0.043654	8.815785	0.005221	0.009926	0.004100	-0.153210	-0.840966	0.518943	0.983979	-0.178278	0.001598	0.091173	0.510874	0.854807
26738	5.270895	0.028551	8.758512	0.005057	0.003499	0.000971	-0.153221	-0.840958	0.518954	0.983980	-0.178271	0.001633	0.091141	0.510891	0.854800
26739	5.279651	0.031949	8.799848	0.006410	0.001378	0.006337	-0.153262	-0.840933	0.518983	0.983970	-0.178326	0.001628	0.091179	0.510913	0.854783
26740	5.266211	0.044600	8.816399	0.006006	0.003941	0.002534	-0.153258	-0.840929	0.518990	0.983975	-0.178301	0.001663	0.091138	0.510928	0.854779
26741	5.279000	0.032431	8.800237	0.002675	0.005607	0.005494	-0.153322	-0.840922	0.518983	0.983959	-0.178387	0.001644	0.091197	0.510910	0.854783
26742	5.276965	0.051367	8.784929	0.006514	0.001807	0.004055	-0.153301	-0.840910	0.519008	0.983966	-0.178347	0.001676	0.091154	0.510943	0.854768
26743	5.304861	0.007920	8.767749	-0.000380	0.003422	0.005368	-0.153242	-0.840933	0.518988	0.983976	-0.178292	0.001648	0.091146	0.510924	0.854780
26744	5.325039	0.017426	8.777219	0.004953	0.003068	0.003252	-0.153230	-0.840926	0.519002	0.983981	-0.178266	0.001670	0.091116	0.510944	0.854771
26745	5.270547	0.010805	8.775249	0.001726	0.005164	0.003929	-0.153160	-0.840958	0.518972	0.983988	-0.178229	0.001588	0.091161	0.510905	0.854790
26746	5.275532	0.051315	8.785790	-0.001397	0.007689	0.002324	-0.153161	-0.840973	0.518947	0.983985	-0.178244	0.001561	0.091187	0.510875	0.854805
26747	5.271044	-0.008034	8.791478	0.007395	0.006956	0.004138	-0.153287	-0.840957	0.518935	0.983966	-0.178350	0.001627	0.091184	0.510864	0.854812
26748	5.321127	0.036452	8.763053	0.002166	0.007739	0.003970	-0.153272	-0.840976	0.518910	0.983969	-0.178333	0.001622	0.091174	0.510840	0.854827
26749	5.254828	0.023104	8.793158	-0.001501	0.007260	0.004605	-0.153269	-0.840998	0.518875	0.983961	-0.178377	0.001533	0.091266	0.510788	0.854849
26750	5.287859	0.020203	8.786444	0.004780	0.007346	0.004054	-0.153253	-0.841014	0.518853	0.983967	-0.178346	0.001550	0.091232	0.510772	0.854862
26751	5.268564	-0.008033	8.792964	0.000777	0.004721	0.002365	-0.153136	-0.841063	0.518809	0.983988	-0.178231	0.001504	0.091203	0.510732	0.854889
26752	5.270272	0.070422	8.772420	0.008955	0.005691	0.004940	-0.153109	-0.841073	0.518801	0.983998	-0.178170	0.001552	0.091130	0.510737	0.854894
26753	5.280564	0.054962	8.829346	0.000336	0.002146	0.002323	-0.153185	-0.841050	0.518815	0.983984	-0.178251	0.001569	0.091160	0.510746	0.854885
26754	5.276878	0.092559	8.798509	0.004339	0.004771	0.004012	-0.153167	-0.841053	0.518815	0.983989	-0.178222	0.001582	0.091134	0.510751	0.854885
26755	5.263902	0.030084	8.762712	0.003353	-0.000808	0.006211	-0.153138	-0.841040	0.518846	0.983991	-0.178214	0.001546	0.091165	0.510776	0.854867
26756	5.304636	0.048918	8.781440	-0.000994	0.005126	0.006125	-0.153100	-0.841049	0.518843	0.983994	-0.178194	0.001502	0.091191	0.510768	0.854869
26757	5.263323	0.029500	8.763062	0.000567	0.003863	0.006928	-0.153089	-0.841057	0.518832	0.983996	-0.178182	0.001499	0.091185	0.510758	0.854875
26758	5.292290	0.041653	8.813845	-0.002660	0.005959	0.007603	-0.153037	-0.841073	0.518822	0.984001	-0.178159	0.001434	0.091226	0.510740	0.854881
26759	5.286330	0.000630	8.803888	0.002233	0.003028	0.005449	-0.153100	-0.841051	0.518838	0.983981	-0.178265	0.001382	0.091329	0.510739	0.854871
26760	5.284140	0.019063	8.788683	-0.002218	0.008533	0.007644	-0.153050	-0.841080	0.518806	0.983986	-0.178240	0.001320	0.091362	0.510700	0.854891
26761	5.317157	0.015785	8.781999	0.001008	0.006436	0.006968	-0.153136	-0.841073	0.518793	0.983968	-0.178338	0.001322	0.091408	0.510679	0.854899
26762	5.269446	0.030516	8.805968	-0.003338	0.012369	0.006880	-0.153097	-0.841120	0.518728	0.983971	-0.178324	0.001255	0.091446	0.510606	0.854938
26763	5.289063	0.039453	8.815792	-0.001607	0.006828	0.006883	-0.153019	-0.841163	0.518682	0.983983	-0.178257	0.001205	0.091445	0.510559	0.854967
26764	5.281179	0.017135	8.790467	-0.000553	0.007697	0.006164	-0.152983	-0.841185	0.518657	0.983987	-0.178235	0.001165	0.091463	0.510530	0.854982
26765	5.267327	0.029058	8.807240	-0.001607	0.006827	0.006882	-0.153020	-0.841191	0.518635	0.983973	-0.178313	0.001103	0.091552	0.510492	0.854995
26766	5.250608	0.003519	8.740646	-0.002661	0.005956	0.007600	-0.152968	-0.841207	0.518625	0.983977	-0.178290	0.001037	0.091593	0.510474	0.855001
26767	5.264467	0.046654	8.792451	-0.002219	0.008530	0.007640	-0.152908	-0.841257	0.518562	0.983991	-0.178213	0.001037	0.091542	0.510419	0.855040
26768	5.276787	0.033599	8.776603	-0.003444	0.011936	0.009158	-0.152847	-0.841306	0.518500	0.983997	-0.178181	0.000957	0.091582	0.510349	0.855077
26769	5.284778	0.035705	8.818378	-0.007554	0.008885	0.009749	-0.152655	-0.841390	0.518420	0.984028	-0.178014	0.000843	0.091577	0.510268	0.855126
26770	5.270952	-0.027847	8.783047	-0.004056	0.013638	0.009916	-0.152587	-0.841449	0.518344	0.984034	-0.177979	0.000754	0.091620	0.510183	0.855172
26771	5.260554	0.043122	8.794810	-0.003444	0.011933	0.009156	-0.152549	-0.841500	0.518272	0.984029	-0.178008	0.000615	0.091739	0.510089	0.855215
26772	5.289201	-0.020190	8.793705	-0.008672	0.012719	0.008982	-0.152489	-0.841553	0.518204	0.984030	-0.178004	0.000491	0.091829	0.510003	0.855257
26773	5.286550	-0.002546	8.778805	-0.005553	0.010191	0.010590	-0.152458	-0.841594	0.518147	0.984025	-0.178032	0.000369	0.091936	0.509925	0.855292
26774	5.304269	0.024838	8.773309	-0.002055	0.014942	0.010757	-0.152383	-0.841661	0.518059	0.984034	-0.177979	0.000293	0.091958	0.509833	0.855345
26775	5.304483	0.005205	8.789673	-0.005174	0.017468	0.009146	-0.152396	-0.841730	0.517944	0.984023	-0.178044	0.000186	0.092060	0.509696	0.855415
26776	5.276746	0.029075	8.823210	-0.003445	0.011928	0.009151	-0.152335	-0.841779	0.517882	0.984028	-0.178012	0.000106	0.092100	0.509627	0.855452
26777	5.288695	0.015779	8.807598	-0.005282	0.017034	0.011424	-0.152373	-0.841835	0.517781	0.984008	-0.178126	-0.000031	0.092256	0.509495	0.855513
26778	5.285405	0.033650	8.793100	-0.003676	0.020905	0.008465	-0.152327	-0.841928	0.517642	0.984012	-0.178101	-0.000110	0.092285	0.509350	0.855597
26779	5.298507	0.001701	8.793278	-0.003173	0.018770	0.009986	-0.152294	-0.842018	0.517505	0.984014	-0.178091	-0.000187	0.092320	0.509204	0.855680
26780	5.281944	0.031895	8.795186	-0.007346	0.020425	0.009091	-0.152241	-0.842110	0.517371	0.984016	-0.178080	-0.000300	0.092386	0.509056	0.855761
26781	5.262736	-0.016212	8.817997	-0.004902	0.024302	0.009974	-0.152345	-0.842192	0.517208	0.983989	-0.178231	-0.000384	0.092506	0.508868	0.855860
26782	5.292791	-0.001111	8.796720	-0.002622	0.021766	0.007741	-0.152307	-0.842288	0.517063	0.983993	-0.178207	-0.000450	0.092523	0.508717	0.855948
26783	5.292132	-0.020491	8.813575	-0.001293	0.029476	0.007858	-0.152317	-0.842427	0.516832	0.983993	-0.178209	-0.000482	0.092510	0.508486	0.856087
26784	5.269159	-0.030623	8.805699	-0.003405	0.027733	0.009289	-0.152269	-0.842557	0.516635	0.983999	-0.178176	-0.000562	0.092526	0.508283	0.856205
26785	5.287084	-0.021634	8.816602	0.001429	0.029506	0.005662	-0.152339	-0.842677	0.516420	0.983981	-0.178270	-0.000630	0.092593	0.508051	0.856335
26786	5.363821	-0.136941	8.824410	0.001311	0.038905	0.002688	-0.152366	-0.842851	0.516127	0.983982	-0.178269	-0.000637	0.092546	0.507762	0.856512
26787	5.280380	-0.020784	8.820621	0.021157	0.044711	-0.001124	-0.152619	-0.843009	0.515793	0.983956	-0.178409	-0.000447	0.092399	0.507450	0.856713
26788	5.242571	-0.016386	8.830000	0.010198	0.048409	-0.003024	-0.152711	-0.843221	0.515419	0.983956	-0.178412	-0.000348	0.092250	0.507096	0.856938
26789	5.271957	-0.017584	8.825664	0.023819	0.049426	-0.004815	-0.152913	-0.843426	0.515024	0.983951	-0.178438	-0.000078	0.091966	0.506746	0.857176
26790	5.239896	-0.046837	8.793163	0.018920	0.052340	-0.002694	-0.153007	-0.843658	0.514616	0.983959	-0.178394	0.000095	0.091724	0.506376	0.857421
26791	5.243947	-0.041706	8.837198	0.021757	0.052793	-0.007173	-0.153159	-0.843890	0.514190	0.983956	-0.178412	0.000276	0.091504	0.505982	0.857676
26792	5.215927	-0.011062	8.799395	0.026653	0.049853	-0.009314	-0.153315	-0.844098	0.513803	0.983961	-0.178384	0.000549	0.091191	0.505646	0.857908
26793	5.199742	-0.014549	8.833828	0.026764	0.050269	-0.011607	-0.153665	-0.844268	0.513419	0.983924	-0.178584	0.000822	0.090995	0.505291	0.858138
26794	5.221942	-0.036369	8.803886	0.026762	0.050255	-0.011619	-0.153844	-0.844473	0.513028	0.983925	-0.178576	0.001107	0.090679	0.504951	0.858371
26795	5.225901	-0.030062	8.847929	0.029429	0.054966	-0.015315	-0.154026	-0.844718	0.512570	0.983932	-0.178540	0.001433	0.090304	0.504555	0.858644
26796	5.182806	0.032744	8.810911	0.034653	0.054160	-0.015138	-0.154242	-0.844936	0.512145	0.983934	-0.178522	0.001805	0.089904	0.504196	0.858897
26797	5.194716	-0.013322	8.828385	0.033443	0.046878	-0.017531	-0.154528	-0.845112	0.511768	0.983921	-0.178591	0.002177	0.089558	0.503876	0.859121
26798	5.127072	0.055744	8.838927	0.035321	0.047741	-0.014415	-0.154732	-0.845299	0.511398	0.983925	-0.178564	0.002551	0.089161	0.503572	0.859340
26799	5.212485	0.044510	8.852816	0.032441	0.041298	-0.015335	-0.155041	-0.845435	0.511079	0.983901	-0.178691	0.002883	0.088888	0.503298	0.859529
26800	5.168276	0.029085	8.835828	0.033437	0.037039	-0.012276	-0.155214	-0.845571	0.510801	0.983906	-0.178656	0.003230	0.088527	0.503082	0.859693
26801	5.185308	0.042049	8.847275	0.028327	0.038243	-0.014764	-0.155409	-0.845719	0.510497	0.983897	-0.178702	0.003477	0.088286	0.502817	0.859872
26802	5.199502	0.092396	8.827457	0.031937	0.033594	-0.011602	-0.155572	-0.845839	0.510249	0.983902	-0.178668	0.003807	0.087945	0.502627	0.860019
26803	5.177622	0.067500	8.835273	0.029440	0.034404	-0.013992	-0.155824	-0.845952	0.509984	0.983885	-0.178757	0.004105	0.087691	0.502405	0.860174
26804	5.176228	0.051959	8.852537	0.027824	0.030548	-0.011024	-0.155978	-0.846058	0.509761	0.983887	-0.178739	0.004396	0.087395	0.502233	0.860305
26805	5.204311	0.089726	8.816237	0.030555	0.030568	-0.013215	-0.156176	-0.846165	0.509523	0.983878	-0.178780	0.004673	0.087138	0.502039	0.860444
26806	5.170879	0.058429	8.855623	0.028439	0.028835	-0.011783	-0.156336	-0.846261	0.509315	0.983879	-0.178766	0.004974	0.086839	0.501882	0.860566
26807	5.175250	0.083497	8.882779	0.028318	0.028407	-0.009505	-0.156553	-0.846345	0.509108	0.983861	-0.178859	0.005205	0.086653	0.501706	0.860687
26808	5.201132	0.042795	8.867501	0.026203	0.026677	-0.008071	-0.156674	-0.846437	0.508919	0.983866	-0.178825	0.005467	0.086379	0.501564	0.860797
26809	5.150106	0.079604	8.875986	0.024449	0.026209	-0.013489	-0.156876	-0.846520	0.508717	0.983856	-0.178867	0.005757	0.086119	0.501408	0.860914
26810	5.146450	0.101128	8.861592	0.027318	0.022850	-0.007283	-0.156986	-0.846594	0.508561	0.983863	-0.178821	0.006025	0.085841	0.501300	0.861005
26811	5.136075	0.100287	8.821421	0.021035	0.022776	-0.006768	-0.157272	-0.846632	0.508410	0.983827	-0.179014	0.006233	0.085736	0.501167	0.861093
26812	5.147738	0.089826	8.806311	0.017425	0.017632	-0.004631	-0.157352	-0.846684	0.508298	0.983829	-0.178996	0.006402	0.085562	0.501086	0.861157
26813	5.141002	0.107301	8.864681	0.016684	0.018908	-0.001606	-0.157397	-0.846759	0.508158	0.983832	-0.178977	0.006497	0.085447	0.500965	0.861239
26814	5.167945	0.065236	8.848906	0.014873	0.013347	-0.003215	-0.157459	-0.846792	0.508084	0.983834	-0.178959	0.006638	0.085305	0.500915	0.861282
26815	5.147924	0.038446	8.855678	0.013937	0.012904	-0.004781	-0.157661	-0.846798	0.508012	0.983804	-0.179123	0.006744	0.085286	0.500847	0.861324
26816	5.199353	0.065517	8.843705	0.019478	0.014250	-0.002274	-0.157715	-0.846838	0.507929	0.983811	-0.179075	0.006919	0.085098	0.500798	0.861371
26817	5.184684	0.079752	8.860508	0.017485	0.012946	-0.003119	-0.157697	-0.846903	0.507825	0.983834	-0.178943	0.007091	0.084867	0.500734	0.861431
26818	5.134589	0.115382	8.868296	0.015746	0.018456	-0.003182	-0.157764	-0.846962	0.507706	0.983837	-0.178920	0.007238	0.084709	0.500642	0.861500
26819	5.114659	0.088577	8.875010	0.013561	0.005666	-0.003283	-0.157985	-0.846925	0.507700	0.983800	-0.179122	0.007332	0.084730	0.500634	0.861503
26820	5.153227	0.127601	8.878785	0.011141	0.007785	0.001206	-0.157999	-0.846938	0.507674	0.983806	-0.179085	0.007418	0.084635	0.500624	0.861517
26821	5.172903	0.138067	8.888697	0.009148	0.006482	0.000363	-0.158037	-0.846950	0.507642	0.983810	-0.179056	0.007538	0.084512	0.500615	0.861535
26822	5.161618	0.057141	8.869033	0.004421	0.005160	0.001704	-0.158044	-0.846951	0.507638	0.983811	-0.179049	0.007563	0.084487	0.500615	0.861537
26823	5.190462	0.110696	8.815814	0.009341	0.008205	0.004953	-0.158142	-0.846951	0.507607	0.983796	-0.179132	0.007611	0.084483	0.500585	0.861555
26824	5.151128	0.129852	8.879970	0.003547	0.000045	0.001665	-0.158145	-0.846927	0.507647	0.983796	-0.179130	0.007629	0.084474	0.500627	0.861531
26825	5.142603	0.126408	8.838786	-0.000926	0.005537	0.003786	-0.158136	-0.846943	0.507623	0.983788	-0.179178	0.007522	0.084584	0.500583	0.861546
26826	5.178735	0.085831	8.863929	-0.001669	0.006818	0.006812	-0.158094	-0.846961	0.507606	0.983792	-0.179159	0.007469	0.084616	0.500559	0.861557
26827	5.125694	0.060258	8.876805	0.003862	0.002185	0.003970	-0.158262	-0.846913	0.507633	0.983755	-0.179363	0.007459	0.084734	0.500566	0.861541
26828	5.144466	0.088350	8.870745	-0.001923	0.000005	0.006033	-0.158223	-0.846896	0.507674	0.983757	-0.179352	0.007407	0.084779	0.500599	0.861518
26829	5.185145	0.107119	8.889837	-0.000368	-0.001251	0.006857	-0.158195	-0.846880	0.507710	0.983754	-0.179373	0.007322	0.084869	0.500620	0.861497
26830	5.171570	0.062463	8.838483	-0.002980	-0.000854	0.006755	-0.158147	-0.846860	0.507758	0.983757	-0.179361	0.007257	0.084926	0.500658	0.861469
26831	5.163448	0.115085	8.864582	-0.001608	0.002145	0.008337	-0.158252	-0.846825	0.507784	0.983725	-0.179538	0.007166	0.085098	0.500654	0.861455
26832	5.171504	0.061212	8.838530	-0.004038	-0.001713	0.007476	-0.158196	-0.846802	0.507840	0.983728	-0.179525	0.007089	0.085167	0.500697	0.861422
26833	5.197133	0.110900	8.858127	-0.003040	0.003818	0.005228	-0.158309	-0.846775	0.507849	0.983692	-0.179726	0.006971	0.085371	0.500670	0.861418
26834	5.176469	0.100881	8.848775	0.001442	0.004303	0.008458	-0.158249	-0.846784	0.507853	0.983701	-0.179678	0.006935	0.085377	0.500673	0.861416
26835	5.176475	0.100335	8.848778	-0.004476	-0.004271	0.007456	-0.158495	-0.846680	0.507949	0.983636	-0.180040	0.006821	0.085676	0.500718	0.861360
26836	5.191420	0.068465	8.848343	-0.003163	0.003400	0.007513	-0.158444	-0.846683	0.507961	0.983639	-0.180023	0.006751	0.085729	0.500720	0.861354
26837	5.177769	0.080372	8.864545	-0.000054	0.000886	0.009159	-0.158466	-0.846664	0.507985	0.983624	-0.180113	0.006645	0.085868	0.500719	0.861340
26838	5.149201	0.066948	8.813643	-0.000369	-0.001253	0.006855	-0.158417	-0.846642	0.508037	0.983628	-0.180088	0.006602	0.085901	0.500765	0.861310
26839	5.177833	0.079568	8.864515	-0.001800	0.000421	0.003747	-0.158433	-0.846625	0.508061	0.983624	-0.180110	0.006599	0.085920	0.500786	0.861296
26840	5.170796	0.057104	8.838972	0.001319	0.003883	0.010741	-0.158351	-0.846635	0.508069	0.983637	-0.180044	0.006551	0.085929	0.500792	0.861292
26841	5.190868	0.066534	8.848681	0.002928	0.001741	0.002406	-0.158505	-0.846593	0.508091	0.983595	-0.180272	0.006471	0.086116	0.500782	0.861279
26842	5.162274	0.109967	8.865330	-0.003040	0.003817	0.005227	-0.158478	-0.846593	0.508099	0.983595	-0.180275	0.006413	0.086168	0.500781	0.861275
26843	5.123106	0.071596	8.861852	-0.001866	-0.004670	0.007556	-0.158379	-0.846578	0.508155	0.983610	-0.180198	0.006358	0.086186	0.500833	0.861242
26844	5.154654	0.105315	8.823634	-0.004421	-0.008944	0.008979	-0.158303	-0.846522	0.508273	0.983615	-0.180175	0.006270	0.086271	0.500937	0.861173
26845	5.191920	0.064302	8.848080	-0.002924	-0.005529	0.008276	-0.158385	-0.846452	0.508364	0.983592	-0.180302	0.006233	0.086383	0.501010	0.861120
26846	5.180414	0.057548	8.879538	-0.001247	-0.006369	0.006814	-0.158333	-0.846404	0.508460	0.983595	-0.180282	0.006183	0.086433	0.501098	0.861063
26847	5.166070	0.088305	8.879654	-0.000189	-0.005510	0.006093	-0.158500	-0.846317	0.508553	0.983555	-0.180504	0.006154	0.086587	0.501165	0.861009
26848	5.186948	0.097300	8.888898	-0.004917	-0.006830	0.007433	-0.158442	-0.846268	0.508652	0.983557	-0.180498	0.006069	0.086674	0.501250	0.860951
26849	5.193856	0.062033	8.846960	-0.002046	-0.000417	0.008314	-0.158627	-0.846200	0.508707	0.983508	-0.180764	0.005992	0.086885	0.501268	0.860919
26850	5.179240	0.092428	8.847246	-0.005536	-0.005132	0.008173	-0.158563	-0.846161	0.508792	0.983511	-0.180755	0.005898	0.086976	0.501338	0.860869
26851	5.195942	0.041865	8.862245	-0.000931	-0.004233	0.009117	-0.158575	-0.846118	0.508859	0.983498	-0.180824	0.005817	0.087092	0.501385	0.860830
26852	5.196209	0.041214	8.862092	-0.004039	-0.001717	0.007471	-0.158522	-0.846095	0.508915	0.983501	-0.180814	0.005739	0.087163	0.501428	0.860798
26853	5.180034	0.090367	8.846802	-0.002046	-0.000418	0.008313	-0.158607	-0.846056	0.508952	0.983473	-0.180969	0.005651	0.087324	0.501437	0.860776
26854	5.188125	0.036586	8.820646	-0.001427	-0.002117	0.007572	-0.158552	-0.846031	0.509012	0.983477	-0.180945	0.005595	0.087370	0.501489	0.860741
26855	5.195107	0.058315	8.846251	0.000812	0.000020	0.003847	-0.158681	-0.845984	0.509050	0.983446	-0.181114	0.005567	0.087486	0.501507	0.860719
26856	5.183094	0.051946	8.878008	0.000689	-0.000399	0.006130	-0.158642	-0.845964	0.509095	0.983451	-0.181092	0.005537	0.087509	0.501548	0.860693
26857	5.216754	0.048834	8.871534	0.002188	0.003017	0.005429	-0.158878	-0.845906	0.509117	0.983395	-0.181395	0.005492	0.087705	0.501536	0.860680
26858	5.166286	0.101673	8.863092	0.003809	0.006852	0.002445	-0.158882	-0.845916	0.509099	0.983396	-0.181389	0.005508	0.087686	0.501521	0.860690
26859	5.159078	0.079664	8.837620	0.001747	0.000460	0.005409	-0.159224	-0.845820	0.509153	0.983313	-0.181840	0.005427	0.087994	0.501521	0.860659
26860	5.144176	0.110594	8.838083	-0.000865	0.000859	0.005308	-0.159195	-0.845805	0.509186	0.983315	-0.181834	0.005387	0.088031	0.501548	0.860640
26861	5.180652	0.069847	8.862950	-0.002541	0.001698	0.006769	-0.159436	-0.845742	0.509215	0.983247	-0.182205	0.005237	0.088352	0.501519	0.860623
26862	5.160247	0.059880	8.853435	0.001624	0.000040	0.007693	-0.159383	-0.845728	0.509256	0.983254	-0.182165	0.005207	0.088365	0.501558	0.860600
26863	5.193911	0.056403	8.846965	-0.004218	0.002537	0.008230	-0.159381	-0.845724	0.509262	0.983246	-0.182214	0.005120	0.088465	0.501546	0.860596
26864	5.192345	0.074676	8.831398	0.002806	0.001317	0.004688	-0.159358	-0.845711	0.509292	0.983249	-0.182194	0.005115	0.088465	0.501576	0.860579
26865	5.206904	0.043124	8.831135	-0.003778	0.005094	0.008249	-0.159510	-0.845686	0.509285	0.983204	-0.182439	0.004997	0.088688	0.501529	0.860583
26866	5.179820	0.067797	8.863452	0.003424	-0.000381	0.003948	-0.159493	-0.845663	0.509329	0.983207	-0.182423	0.005000	0.088685	0.501574	0.860557
26867	5.184647	0.052135	8.806215	0.004869	0.007709	0.001723	-0.159874	-0.845599	0.509316	0.983119	-0.182898	0.004942	0.088974	0.501509	0.860565
26868	5.192482	0.055817	8.847808	0.003988	0.002595	0.001684	-0.159883	-0.845586	0.509334	0.983119	-0.182898	0.004962	0.088961	0.501530	0.860554
26869	5.156936	0.077619	8.838888	0.002751	0.005991	0.003164	-0.160147	-0.845546	0.509319	0.983053	-0.183255	0.004874	0.089214	0.501468	0.860564
26870	5.157970	0.059059	8.854767	0.003864	0.002175	0.003967	-0.160132	-0.845535	0.509341	0.983057	-0.183237	0.004881	0.089203	0.501493	0.860551
26871	5.176592	0.087315	8.848847	0.001693	0.005132	0.003884	-0.160189	-0.845531	0.509329	0.983040	-0.183326	0.004837	0.089284	0.501466	0.860558
26872	5.210085	0.084327	8.842487	0.002805	0.001317	0.004688	-0.160167	-0.845518	0.509359	0.983044	-0.183308	0.004831	0.089284	0.501496	0.860541
26873	5.128759	0.102636	8.871825	0.000951	0.006410	0.006907	-0.160398	-0.845479	0.509350	0.982985	-0.183622	0.004751	0.089511	0.501446	0.860546
26874	5.156916	0.058600	8.855384	-0.000812	-0.003815	0.006830	-0.160351	-0.845444	0.509424	0.982989	-0.183604	0.004704	0.089555	0.501512	0.860503
26875	5.223346	0.070918	8.826510	-0.002242	-0.002137	0.003724	-0.160458	-0.845389	0.509480	0.982958	-0.183774	0.004638	0.089709	0.501542	0.860470
26876	5.170772	0.045470	8.839053	0.002364	-0.001240	0.004668	-0.160435	-0.845363	0.509532	0.982961	-0.183759	0.004628	0.089718	0.501592	0.860439
26877	5.211539	0.064401	8.858130	-0.000248	-0.000840	0.004566	-0.160724	-0.845270	0.509594	0.982890	-0.184135	0.004572	0.089969	0.501610	0.860403
26878	5.191298	0.054717	8.848510	0.002364	-0.001241	0.004668	-0.160701	-0.845244	0.509646	0.982893	-0.184120	0.004563	0.089979	0.501660	0.860372
26879	5.203331	0.060921	8.816757	0.002929	0.001735	0.002404	-0.160895	-0.845191	0.509672	0.982849	-0.184355	0.004553	0.090112	0.501663	0.860357
26880	5.238128	0.039380	8.826117	0.003688	0.006428	0.004725	-0.160879	-0.845202	0.509658	0.982853	-0.184333	0.004555	0.090097	0.501652	0.860365
26881	5.160795	0.117369	8.849846	0.004305	0.004730	0.003985	-0.161230	-0.845131	0.509665	0.982771	-0.184771	0.004505	0.090364	0.501611	0.860361
26882	5.168351	0.064418	8.823986	0.005047	0.003451	0.000962	-0.161248	-0.845121	0.509676	0.982770	-0.184775	0.004537	0.090341	0.501627	0.860354
26883	5.203312	0.043083	8.833252	0.005417	0.000914	0.004789	-0.161543	-0.845041	0.509715	0.982701	-0.185143	0.004503	0.090565	0.501625	0.860332
26884	5.209963	0.065517	8.859049	0.007041	0.004747	0.001804	-0.161554	-0.845039	0.509715	0.982704	-0.185129	0.004548	0.090520	0.501633	0.860331
26885	5.206041	0.046746	8.760781	0.006812	0.013674	0.001036	-0.161765	-0.845050	0.509630	0.982661	-0.185355	0.004564	0.090606	0.501532	0.860381
26886	5.184540	0.054618	8.923323	0.011189	-0.002885	-0.002614	-0.161813	-0.845001	0.509696	0.982660	-0.185358	0.004667	0.090533	0.501613	0.860342
26887	5.082819	0.123530	8.822750	0.015935	0.004399	0.001387	-0.162180	-0.844922	0.509710	0.982588	-0.185735	0.004757	0.090652	0.501606	0.860333
26888	5.230783	-0.015692	8.833718	-0.001288	0.008069	-0.000048	-0.162213	-0.844933	0.509681	0.982580	-0.185780	0.004740	0.090684	0.501571	0.860350
26889	5.176614	0.150366	8.845495	0.015493	0.001842	0.001369	-0.162520	-0.844864	0.509699	0.982517	-0.186109	0.004790	0.090813	0.501566	0.860340
26890	5.154695	0.045091	8.873128	0.005789	0.002170	-0.002061	-0.162567	-0.844841	0.509721	0.982512	-0.186136	0.004843	0.090785	0.501594	0.860326
26891	5.173541	0.073713	8.867071	0.004481	0.000475	0.003226	-0.162633	-0.844810	0.509751	0.982497	-0.186216	0.004843	0.090833	0.501616	0.860308
26892	5.151811	0.083461	8.841823	0.013375	0.000126	0.002810	-0.162630	-0.844787	0.509791	0.982506	-0.186164	0.004937	0.090734	0.501676	0.860284
26893	5.185904	0.080754	8.835128	-0.003126	-0.007245	0.003691	-0.162884	-0.844670	0.509903	0.982440	-0.186516	0.004861	0.090999	0.501741	0.860218
26894	5.179851	0.115385	8.876550	0.008204	-0.003743	0.004132	-0.162866	-0.844630	0.509976	0.982447	-0.186479	0.004904	0.090957	0.501823	0.860175
26895	5.144795	0.080724	8.799757	0.004216	-0.006335	0.002451	-0.163408	-0.844458	0.510086	0.982317	-0.187163	0.004838	0.091384	0.501857	0.860110
26896	5.173894	0.093648	8.850361	0.001673	-0.004634	0.009216	-0.163339	-0.844422	0.510168	0.982326	-0.187116	0.004798	0.091408	0.501935	0.860062
26897	5.167614	0.071269	8.824365	0.000914	-0.009327	0.006898	-0.163608	-0.844299	0.510285	0.982251	-0.187513	0.004678	0.091735	0.501993	0.859993
26898	5.223814	0.058782	8.842683	-0.002191	-0.006807	0.005252	-0.163576	-0.844245	0.510385	0.982250	-0.187519	0.004626	0.091802	0.502082	0.859934
26899	5.205239	0.030278	8.848587	0.001304	-0.002098	0.005388	-0.163717	-0.844188	0.510434	0.982209	-0.187736	0.004546	0.091989	0.502097	0.859905
26900	5.192052	0.042879	8.864520	0.005592	-0.003343	0.004029	-0.163701	-0.844149	0.510504	0.982213	-0.187713	0.004566	0.091974	0.502171	0.859864
26901	5.192276	0.043005	8.864388	0.001428	-0.001679	0.003105	-0.163946	-0.844073	0.510552	0.982149	-0.188050	0.004488	0.092222	0.502174	0.859835
26902	5.146737	0.155536	8.849699	0.008327	-0.003327	0.001847	-0.163951	-0.844030	0.510621	0.982152	-0.188033	0.004543	0.092180	0.502253	0.859794
26903	5.206019	0.030732	8.848127	-0.002666	0.001283	0.009047	-0.164272	-0.843945	0.510658	0.982068	-0.188474	0.004435	0.092502	0.502229	0.859773
26904	5.129648	0.108475	8.871241	0.004389	-0.010592	0.001693	-0.164273	-0.843865	0.510790	0.982067	-0.188478	0.004457	0.092511	0.502362	0.859694
26905	5.156240	0.102009	8.822746	0.000028	-0.014441	0.006861	-0.164591	-0.843704	0.510954	0.981980	-0.188937	0.004341	0.092876	0.502461	0.859597
26906	5.165992	0.104937	8.863225	-0.001597	-0.018275	0.009846	-0.164505	-0.843600	0.511152	0.981986	-0.188903	0.004270	0.092956	0.502647	0.859480
26907	5.153786	0.060132	8.811012	-0.003469	-0.019152	0.006723	-0.164587	-0.843464	0.511351	0.981951	-0.189090	0.004157	0.093185	0.502806	0.859362
26908	5.149311	0.094048	8.851561	-0.002926	-0.025948	0.009789	-0.164493	-0.843322	0.511615	0.981957	-0.189063	0.004074	0.093291	0.503054	0.859205
26909	5.207247	0.081113	8.868821	-0.004305	-0.028946	0.008207	-0.164935	-0.843070	0.511889	0.981829	-0.189729	0.003874	0.093854	0.503226	0.859043
26910	5.189402	0.070848	8.857822	-0.002310	-0.027654	0.009043	-0.164847	-0.842918	0.512167	0.981834	-0.189705	0.003801	0.093957	0.503490	0.858877
26911	5.190401	0.088780	8.840740	-0.002927	-0.025958	0.009780	-0.165063	-0.842721	0.512421	0.981762	-0.190078	0.003648	0.094326	0.503678	0.858727
26912	5.229477	0.047457	8.864048	-0.007485	-0.031530	0.010362	-0.164959	-0.842552	0.512733	0.981764	-0.190070	0.003523	0.094487	0.503964	0.858541
26913	5.230585	0.065254	8.846891	-0.001747	-0.024687	0.006771	-0.165636	-0.842270	0.512978	0.981586	-0.190994	0.003349	0.095155	0.504086	0.858395
26914	5.244819	0.070604	8.813769	-0.006476	-0.026001	0.008113	-0.165559	-0.842124	0.513242	0.981585	-0.191000	0.003243	0.095298	0.504328	0.858238
26915	5.214589	0.053900	8.834809	-0.006770	-0.022166	0.011153	-0.165646	-0.841972	0.513463	0.981540	-0.191233	0.003068	0.095608	0.504493	0.858106
26916	5.255978	0.090618	8.836935	-0.002485	-0.023415	0.009785	-0.165555	-0.841842	0.513706	0.981546	-0.191205	0.002989	0.095707	0.504720	0.857961
26917	5.238956	0.061449	8.841964	-0.008323	-0.020907	0.010331	-0.165897	-0.841653	0.513905	0.981437	-0.191767	0.002757	0.096230	0.504822	0.857843
26918	5.227394	0.072969	8.857031	-0.003595	-0.019598	0.008982	-0.165818	-0.841541	0.514114	0.981440	-0.191752	0.002672	0.096334	0.505015	0.857718
26919	5.165170	0.080884	8.796184	-0.007144	-0.019632	0.007325	-0.166322	-0.841319	0.514314	0.981296	-0.192492	0.002457	0.096934	0.505103	0.857599
26920	5.241851	0.020410	8.755958	-0.003682	-0.014047	0.016605	-0.166173	-0.841250	0.514476	0.981311	-0.192414	0.002332	0.097030	0.505248	0.857502
26921	5.216353	0.119613	8.838822	-0.008601	-0.027736	0.009539	-0.166699	-0.840979	0.514748	0.981157	-0.193202	0.002095	0.097689	0.505398	0.857339
26922	5.249961	-0.037999	8.800654	-0.006328	-0.019623	0.011159	-0.166598	-0.840871	0.514957	0.981161	-0.193184	0.001975	0.097821	0.505585	0.857214
26923	5.234921	0.086295	8.836122	-0.003477	-0.019186	0.006692	-0.167341	-0.840606	0.515149	0.980962	-0.194192	0.001777	0.098544	0.505639	0.857099
26924	5.187410	0.063265	8.774847	-0.002045	-0.020875	0.009787	-0.167253	-0.840489	0.515369	0.980968	-0.194164	0.001701	0.098637	0.505844	0.856967
26925	5.225471	0.097266	8.849989	-0.006606	-0.026452	0.010367	-0.167674	-0.840250	0.515622	0.980839	-0.194814	0.001491	0.099197	0.505992	0.856815
26926	5.241181	0.083517	8.832437	-0.007666	-0.027314	0.011086	-0.167567	-0.840102	0.515897	0.980841	-0.194804	0.001360	0.099356	0.506241	0.856650
26927	5.277164	0.079088	8.824410	-0.007953	-0.023478	0.014129	-0.167854	-0.839905	0.516125	0.980743	-0.195300	0.001140	0.099842	0.506377	0.856513
26928	5.294155	0.046327	8.822571	-0.011338	-0.027775	0.011706	-0.167740	-0.839756	0.516404	0.980742	-0.195304	0.000973	0.100038	0.506622	0.856345
26929	5.338803	-0.030392	8.804263	-0.012777	-0.015424	0.012446	-0.167837	-0.839634	0.516571	0.980693	-0.195553	0.000781	0.100361	0.506728	0.856244
26930	5.270842	-0.006542	8.801493	-0.000072	-0.005111	0.003792	-0.167824	-0.839585	0.516655	0.980690	-0.195567	0.000752	0.100409	0.506805	0.856193
26931	5.284353	0.056166	8.836655	0.006138	-0.010175	0.007049	-0.167925	-0.839496	0.516767	0.980661	-0.195713	0.000730	0.100525	0.506896	0.856126
26932	5.256065	0.043035	8.785528	-0.006353	-0.005157	0.004327	-0.167906	-0.839447	0.516852	0.980653	-0.195754	0.000644	0.100635	0.506961	0.856074
26933	5.243295	0.055371	8.801386	0.007643	-0.006755	0.006350	-0.168024	-0.839369	0.516940	0.980624	-0.195897	0.000654	0.100718	0.507034	0.856021
26934	5.264439	0.064576	8.810402	-0.005366	-0.009409	0.007397	-0.167971	-0.839305	0.517062	0.980622	-0.195907	0.000561	0.100825	0.507136	0.855948
26935	5.231473	0.067234	8.816689	0.003033	-0.007645	0.005419	-0.168146	-0.839213	0.517154	0.980575	-0.196146	0.000526	0.100996	0.507197	0.855892
26936	5.261653	0.004324	8.815210	-0.006307	-0.009846	0.005838	-0.168108	-0.839144	0.517279	0.980569	-0.196174	0.000433	0.101114	0.507301	0.855817
26937	5.227159	0.025678	8.805905	0.004421	-0.004648	0.007000	-0.168275	-0.839069	0.517346	0.980525	-0.196394	0.000405	0.101264	0.507339	0.855776
26938	5.222005	-0.015017	8.795614	0.001151	-0.008517	0.002301	-0.168273	-0.838999	0.517459	0.980521	-0.196414	0.000394	0.101306	0.507446	0.855708
26939	5.296150	0.019817	8.791490	0.010090	-0.013568	0.003367	-0.168298	-0.838908	0.517600	0.980519	-0.196426	0.000456	0.101288	0.507593	0.855622
26940	5.295555	0.038852	8.775328	0.003480	-0.005085	0.005440	-0.168269	-0.838861	0.517684	0.980522	-0.196409	0.000448	0.101302	0.507676	0.855572
26941	5.241977	0.032966	8.772303	0.011102	-0.008022	0.001134	-0.168365	-0.838786	0.517776	0.980506	-0.196489	0.000522	0.101300	0.507770	0.855516
26942	5.298255	0.021273	8.790218	0.004821	-0.008067	0.001671	-0.168370	-0.838717	0.517886	0.980504	-0.196497	0.000545	0.101305	0.507881	0.855450
26943	5.249042	0.074758	8.781440	0.007879	-0.005912	0.001786	-0.168453	-0.838655	0.517959	0.980488	-0.196577	0.000590	0.101324	0.507952	0.855405
26944	5.278818	0.012895	8.780190	0.009268	-0.002915	0.003367	-0.168447	-0.838615	0.518025	0.980494	-0.196548	0.000643	0.101277	0.508029	0.855365
26945	5.264363	0.044837	8.780549	0.009385	-0.002491	0.001087	-0.168553	-0.838567	0.518069	0.980475	-0.196641	0.000705	0.101282	0.508072	0.855339
26946	5.257454	0.023435	8.754798	0.009150	-0.003339	0.005645	-0.168524	-0.838530	0.518138	0.980485	-0.196593	0.000745	0.101238	0.508152	0.855297
26947	5.244400	0.036601	8.770840	0.006892	-0.001660	-0.001284	-0.168633	-0.838485	0.518175	0.980465	-0.196691	0.000804	0.101246	0.508188	0.855274
26948	5.239894	0.053281	8.828170	0.009385	-0.002493	0.001086	-0.168650	-0.838444	0.518237	0.980467	-0.196680	0.000870	0.101197	0.508261	0.855237
26949	5.265263	0.047372	8.779997	0.005715	-0.002944	0.001717	-0.168715	-0.838402	0.518284	0.980455	-0.196743	0.000902	0.101213	0.508306	0.855208
26950	5.265539	0.048073	8.779827	0.011055	-0.003338	-0.000381	-0.168746	-0.838353	0.518353	0.980456	-0.196737	0.000989	0.101150	0.508389	0.855166
26951	5.246828	0.020764	8.785906	0.007385	-0.003788	0.000250	-0.168803	-0.838308	0.518407	0.980448	-0.196777	0.001047	0.101133	0.508448	0.855133
26952	5.266427	0.049595	8.779286	0.009101	-0.009322	0.000295	-0.168821	-0.838230	0.518527	0.980448	-0.196775	0.001114	0.101099	0.508577	0.855060
26953	5.261304	0.009885	8.769009	0.010842	-0.005055	-0.004964	-0.168958	-0.838162	0.518592	0.980427	-0.196879	0.001223	0.101075	0.508649	0.855021
26954	5.283482	0.001933	8.793913	0.012230	-0.002058	-0.003385	-0.169019	-0.838113	0.518651	0.980424	-0.196892	0.001337	0.100998	0.508724	0.854985
26955	5.248919	0.025059	8.784646	0.015992	-0.010987	-0.000993	-0.169101	-0.838025	0.518766	0.980418	-0.196922	0.001472	0.100923	0.508857	0.854915
26956	5.249752	0.026842	8.784143	0.018460	-0.008004	-0.009278	-0.169214	-0.837935	0.518875	0.980412	-0.196952	0.001669	0.100795	0.508993	0.854849
26957	5.249003	0.047708	8.768033	0.022953	-0.007542	-0.006077	-0.169344	-0.837856	0.518961	0.980405	-0.196984	0.001891	0.100643	0.509112	0.854796
26958	5.270144	0.059342	8.776995	0.018342	-0.008430	-0.007002	-0.169434	-0.837768	0.519073	0.980402	-0.196996	0.002075	0.100517	0.509252	0.854727
26959	5.272126	0.042833	8.792355	0.020906	-0.004152	-0.008428	-0.169595	-0.837700	0.519131	0.980388	-0.197064	0.002290	0.100384	0.509338	0.854692
26960	5.271483	0.063562	8.776161	0.016506	-0.013997	-0.008603	-0.169696	-0.837580	0.519291	0.980381	-0.197098	0.002467	0.100285	0.509521	0.854594
26961	5.279530	0.087437	8.801170	0.016061	-0.005884	-0.004794	-0.169814	-0.837511	0.519363	0.980369	-0.197154	0.002622	0.100198	0.509613	0.854550
26962	5.281503	0.070587	8.816547	0.018672	-0.006295	-0.004707	-0.169885	-0.837439	0.519457	0.980370	-0.197145	0.002797	0.100066	0.509736	0.854492
26963	5.314342	0.087817	8.793689	0.015003	-0.006745	-0.004073	-0.169999	-0.837366	0.519536	0.980358	-0.197204	0.002940	0.099993	0.509831	0.854443
26964	5.281146	0.092483	8.800149	0.013566	-0.005057	-0.007166	-0.170095	-0.837295	0.519619	0.980350	-0.197242	0.003085	0.099908	0.509934	0.854392
26965	5.249361	0.078413	8.822357	0.013334	-0.005899	-0.002606	-0.170196	-0.837230	0.519692	0.980338	-0.197299	0.003205	0.099851	0.510019	0.854348
26966	5.280654	0.113744	8.783822	0.011665	-0.005052	-0.001138	-0.170233	-0.837171	0.519775	0.980339	-0.197296	0.003302	0.099785	0.510118	0.854297
26967	5.262101	0.086595	8.789903	0.008112	-0.005080	-0.002782	-0.170338	-0.837110	0.519839	0.980321	-0.197380	0.003380	0.099777	0.510185	0.854258
26968	5.296309	0.084456	8.782802	0.008839	-0.006366	-0.005807	-0.170420	-0.837034	0.519933	0.980311	-0.197431	0.003477	0.099741	0.510289	0.854200
26969	5.269255	0.053493	8.747568	0.003270	-0.006805	0.000859	-0.170483	-0.836972	0.520013	0.980295	-0.197506	0.003494	0.099781	0.510362	0.854151
26970	5.264888	0.070381	8.804810	0.013616	0.000931	-0.001826	-0.170533	-0.836942	0.520045	0.980297	-0.197499	0.003611	0.099686	0.510414	0.854131
26971	5.298759	0.068349	8.797909	0.009054	-0.004644	-0.001228	-0.170622	-0.836886	0.520106	0.980283	-0.197565	0.003689	0.099667	0.510480	0.854094
26972	5.275622	0.096963	8.756946	0.008063	-0.000393	-0.004301	-0.170694	-0.836844	0.520149	0.980274	-0.197606	0.003771	0.099629	0.510533	0.854067
26973	5.277165	0.079155	8.772619	0.006890	-0.001670	-0.001296	-0.170786	-0.836803	0.520185	0.980259	-0.197683	0.003830	0.099626	0.510570	0.854045
26974	5.284476	0.102137	8.798043	0.010558	-0.001224	-0.001934	-0.170835	-0.836762	0.520235	0.980256	-0.197692	0.003922	0.099565	0.510634	0.854014
26975	5.266956	0.056104	8.820147	0.004610	0.000885	0.000917	-0.170907	-0.836739	0.520249	0.980242	-0.197762	0.003950	0.099580	0.510645	0.854005
26976	5.316812	0.119069	8.775440	0.012111	-0.002492	-0.001123	-0.170947	-0.836692	0.520311	0.980243	-0.197757	0.004051	0.099506	0.510723	0.853968
26977	5.271850	0.041300	8.762581	-0.000331	-0.002145	-0.002300	-0.171048	-0.836647	0.520350	0.980218	-0.197879	0.004053	0.099575	0.510750	0.853943
26978	5.298094	0.092362	8.781646	0.016225	0.000517	-0.001744	-0.171096	-0.836615	0.520386	0.980222	-0.197858	0.004192	0.099455	0.510811	0.853921
26979	5.261531	0.018636	8.810191	0.006394	0.000454	-0.002834	-0.171206	-0.836582	0.520403	0.980203	-0.197951	0.004255	0.099454	0.510829	0.853910
26980	5.290654	0.072305	8.756283	0.011566	0.004320	-0.004180	-0.171282	-0.836564	0.520406	0.980198	-0.197974	0.004367	0.099374	0.510849	0.853908
26981	5.277250	0.086419	8.772499	0.016010	-0.001212	-0.006326	-0.171424	-0.836516	0.520437	0.980182	-0.198047	0.004530	0.099281	0.510900	0.853888
26982	5.280236	0.050740	8.803946	0.010789	-0.000391	-0.006499	-0.171519	-0.836470	0.520480	0.980172	-0.198093	0.004647	0.099216	0.510958	0.853861
26983	5.265614	0.083532	8.804262	0.018504	-0.002043	-0.003960	-0.171637	-0.836422	0.520519	0.980163	-0.198134	0.004820	0.099101	0.511021	0.853837
26984	5.266072	0.085330	8.803970	0.014786	-0.008488	-0.008663	-0.171745	-0.836330	0.520631	0.980153	-0.198178	0.004982	0.099011	0.511154	0.853767
26985	5.265195	0.105761	8.787841	0.016289	-0.005070	-0.009373	-0.171914	-0.836255	0.520694	0.980133	-0.198276	0.005164	0.098923	0.511237	0.853728
26986	5.292385	0.082375	8.755148	0.015397	-0.010198	-0.009409	-0.172028	-0.836153	0.520821	0.980122	-0.198324	0.005336	0.098830	0.511386	0.853649
26987	5.332348	0.121939	8.757703	0.016734	-0.002509	-0.009359	-0.172198	-0.836092	0.520863	0.980102	-0.198418	0.005521	0.098732	0.511449	0.853623
26988	5.253848	0.048266	8.751686	0.010010	-0.005107	-0.008820	-0.172311	-0.836017	0.520946	0.980087	-0.198488	0.005644	0.098683	0.511545	0.853571
26989	5.270229	0.076134	8.818041	0.024845	-0.007601	-0.012149	-0.172504	-0.835924	0.521031	0.980070	-0.198565	0.005913	0.098516	0.511666	0.853518
26990	5.303230	0.094428	8.794974	0.024399	-0.010169	-0.012169	-0.172645	-0.835817	0.521156	0.980063	-0.198589	0.006176	0.098334	0.511833	0.853439
26991	5.321436	0.143598	8.772269	0.016071	-0.006813	-0.013963	-0.172857	-0.835724	0.521234	0.980034	-0.198727	0.006380	0.098252	0.511930	0.853390
26992	5.243304	0.070183	8.766125	0.014785	-0.008501	-0.008673	-0.172965	-0.835632	0.521346	0.980024	-0.198771	0.006542	0.098162	0.512063	0.853320
26993	5.302302	0.138639	8.762084	0.032177	-0.006725	-0.013448	-0.173173	-0.835541	0.521423	0.980011	-0.198822	0.006881	0.097921	0.512192	0.853270
26994	5.324793	0.132487	8.786804	0.017011	-0.006380	-0.012414	-0.173320	-0.835452	0.521517	0.979997	-0.198886	0.007082	0.097806	0.512312	0.853212
26995	5.293239	0.119436	8.808979	0.022843	-0.008915	-0.012993	-0.173521	-0.835351	0.521612	0.979976	-0.198980	0.007338	0.097660	0.512441	0.853151
26996	5.326046	0.137520	8.785967	0.022562	-0.005059	-0.009954	-0.173645	-0.835274	0.521695	0.979971	-0.198996	0.007574	0.097489	0.512561	0.853099
