// General information: 
//  MT Manager version: 2022.2.0 
//  XDA version: 2022.2.0 build 7381 rev 124627 built on 2023-07-19
// Device information: 
//  DeviceId: 00B4CBA7
//  ProductCode: MTW2-3A7G6
//  Firmware Version: 4.6.0
//  Hardware Version: 2.0.0
// Device settings: 
//  Filter Profile: human(46.1)
//  Option Flags: Orientation Smoother Disabled, Position/Velocity Smoother Disabled, Continuous Zero Rotation Update Disabled, AHS Disabled, ICC Disabled
// Coordinate system: ENU
PacketCounter	Acc_X	Acc_Y	Acc_Z	Gyr_X	Gyr_Y	Gyr_Z	Mat[1][1]	Mat[2][1]	Mat[3][1]	Mat[1][2]	Mat[2][2]	Mat[3][2]	Mat[1][3]	Mat[2][3]	Mat[3][3]
18454	9.738102	0.607567	0.287213	0.002731	0.004959	0.005010	0.067719	-0.032537	0.997174	-0.621517	0.780472	0.067674	-0.780468	-0.624343	0.032631
18455	9.730290	0.597289	0.281641	-0.002455	0.003822	0.003656	0.067789	-0.032457	0.997172	-0.621502	0.780486	0.067655	-0.780474	-0.624331	0.032736
18456	9.728747	0.626837	0.256948	-0.001741	0.008321	0.004330	0.067926	-0.032305	0.997167	-0.621356	0.780605	0.067615	-0.780578	-0.624189	0.032950
18457	9.737455	0.575176	0.247231	-0.010174	0.009749	0.005254	0.068050	-0.032102	0.997165	-0.621233	0.780711	0.067529	-0.780665	-0.624067	0.033185
18458	9.717411	0.630636	0.266681	0.000294	0.013715	0.006129	0.068302	-0.031804	0.997158	-0.621483	0.780518	0.067463	-0.780445	-0.624324	0.033545
18459	9.747905	0.613894	0.283056	0.007049	0.010248	0.008537	0.068461	-0.031525	0.997156	-0.621668	0.780380	0.067353	-0.780283	-0.624511	0.033828
18460	9.721070	0.616938	0.253530	-0.001896	0.015561	0.007899	0.068681	-0.031184	0.997151	-0.621623	0.780427	0.067222	-0.780300	-0.624469	0.034216
18461	9.730207	0.576651	0.314738	-0.001170	0.021465	0.007852	0.069070	-0.030768	0.997137	-0.621295	0.780696	0.067125	-0.780526	-0.624153	0.034806
18462	9.727332	0.625400	0.367974	-0.001957	0.020912	0.006114	0.069464	-0.030379	0.997122	-0.621175	0.780797	0.067062	-0.780587	-0.624045	0.035366
18463	9.659556	0.573953	0.419425	0.000711	0.007417	0.009896	0.069541	-0.030135	0.997124	-0.620996	0.780952	0.066911	-0.780723	-0.623863	0.035594
18464	9.732607	0.586458	0.370215	0.045740	-0.007689	0.009677	0.069309	-0.030127	0.997140	-0.621766	0.780350	0.066794	-0.780130	-0.624617	0.035353
18465	9.748040	0.590971	0.313407	0.026624	0.000210	0.007241	0.069285	-0.030043	0.997144	-0.622146	0.780052	0.066731	-0.779830	-0.624993	0.035355
18466	9.714353	0.631331	0.295486	0.017069	0.006308	0.007596	0.069335	-0.029838	0.997147	-0.622669	0.779644	0.066626	-0.779408	-0.625512	0.035478
18467	9.755413	0.567116	0.276877	0.055588	0.007328	0.012598	0.069312	-0.029540	0.997158	-0.623669	0.778861	0.066424	-0.778610	-0.626500	0.035562
18468	9.752574	0.620099	0.234369	0.037091	0.015869	0.008412	0.069544	-0.029189	0.997152	-0.624275	0.778384	0.066324	-0.778103	-0.627110	0.035911
18469	9.732830	0.581913	0.283628	-0.000199	0.016178	0.005269	0.069832	-0.028893	0.997140	-0.624173	0.778471	0.066269	-0.778159	-0.627015	0.036328
18470	9.700150	0.569750	0.324858	0.045388	-0.000804	0.005623	0.069739	-0.028853	0.997148	-0.625038	0.777780	0.066220	-0.777472	-0.627874	0.036207
18471	9.739831	0.637408	0.326154	0.042094	0.007105	0.006097	0.069847	-0.028657	0.997146	-0.626128	0.776906	0.066186	-0.776585	-0.628964	0.036321
18472	9.748019	0.563414	0.348696	0.001562	0.014256	0.002999	0.070104	-0.028436	0.997134	-0.626081	0.776945	0.066174	-0.776600	-0.628926	0.036664
18473	9.736979	0.591353	0.325093	-0.025542	0.016279	0.004788	0.070441	-0.028130	0.997119	-0.625678	0.777274	0.066129	-0.776895	-0.628533	0.037151
18474	9.745856	0.562591	0.287001	-0.019133	0.026097	-0.000195	0.071006	-0.027778	0.997089	-0.625296	0.777575	0.066192	-0.777151	-0.628176	0.037844
18475	9.708594	0.626732	0.362941	-0.031090	0.027804	0.001702	0.071529	-0.027356	0.997063	-0.624832	0.777950	0.066169	-0.777476	-0.627730	0.038553
18476	9.713223	0.579934	0.384904	-0.014385	0.024314	0.002155	0.071996	-0.026985	0.997040	-0.624591	0.778144	0.066162	-0.777626	-0.627506	0.039168
18477	9.719807	0.624058	0.361045	0.033544	0.008278	0.008157	0.072144	-0.026725	0.997036	-0.625524	0.777400	0.066099	-0.776862	-0.628439	0.039368
18478	9.751751	0.587283	0.303806	0.046320	0.022339	0.006469	0.072546	-0.026287	0.997019	-0.626608	0.776529	0.066067	-0.775950	-0.629533	0.039862
18479	9.747725	0.585042	0.343837	0.055076	0.025264	0.005779	0.072988	-0.025843	0.996998	-0.627507	0.775805	0.066048	-0.775183	-0.630444	0.040407
18480	9.724400	0.580403	0.382451	0.008883	0.027036	0.002905	0.073475	-0.025423	0.996973	-0.627602	0.775729	0.066035	-0.775060	-0.630554	0.041041
18481	9.724648	0.608994	0.433067	-0.016426	0.021817	0.004181	0.073921	-0.025057	0.996949	-0.627157	0.776091	0.066008	-0.775378	-0.630123	0.041654
18482	9.724910	0.624617	0.414804	-0.018441	0.022824	0.004441	0.074308	-0.024662	0.996930	-0.626887	0.776316	0.065931	-0.775559	-0.629862	0.042226
18483	9.754206	0.637288	0.323985	-0.032238	0.025416	0.004700	0.074819	-0.024219	0.996903	-0.626273	0.776816	0.065874	-0.776006	-0.629262	0.042953
18484	9.754479	0.546528	0.268946	-0.042458	0.034813	0.005673	0.075481	-0.023610	0.996868	-0.625483	0.777461	0.065774	-0.776578	-0.628488	0.043916
18485	9.708426	0.595850	0.432160	0.035963	0.035339	0.007606	0.076106	-0.022952	0.996835	-0.626281	0.776824	0.065702	-0.775874	-0.629299	0.044747
18486	9.736583	0.650799	0.385583	0.020906	0.035965	0.011679	0.076677	-0.022212	0.996809	-0.626713	0.776491	0.065510	-0.775468	-0.629736	0.045619
18487	9.733317	0.574733	0.343651	-0.015427	0.046343	0.009585	0.077482	-0.021362	0.996765	-0.626255	0.776876	0.065331	-0.775758	-0.629291	0.046816
18488	9.723071	0.606915	0.475897	-0.015377	0.051985	0.012031	0.078340	-0.020357	0.996719	-0.626091	0.777029	0.065079	-0.775804	-0.629135	0.048127
18489	9.692075	0.549067	0.555032	0.067170	0.041152	0.016505	0.078914	-0.019432	0.996692	-0.627570	0.775858	0.064815	-0.774551	-0.630608	0.049031
18490	9.756104	0.566688	0.661297	0.230560	0.039845	0.012322	0.079483	-0.018640	0.996662	-0.631820	0.772399	0.064833	-0.771029	-0.634864	0.049616
18491	9.708432	0.612501	0.521364	0.231295	0.065138	-0.000889	0.080777	-0.017702	0.996575	-0.635916	0.768999	0.065204	-0.767519	-0.639005	0.050861
18492	9.639273	0.541458	0.525292	0.090334	0.024380	0.004518	0.081192	-0.017292	0.996548	-0.637503	0.767679	0.065260	-0.766158	-0.640601	0.051306
18493	9.721801	0.645615	0.541739	0.138893	0.002699	0.013515	0.081086	-0.017025	0.996562	-0.640374	0.765293	0.065179	-0.763771	-0.643457	0.051152
18494	9.711422	0.560170	0.482153	0.105537	-0.007628	0.013189	0.080783	-0.016945	0.996588	-0.642419	0.763587	0.065057	-0.762084	-0.645482	0.050799
18495	9.784018	0.614979	0.471269	0.123445	-0.012829	0.013824	0.080348	-0.016923	0.996623	-0.645022	0.761400	0.064931	-0.759928	-0.648061	0.050262
18496	9.737459	0.581721	0.480181	0.104548	-0.006716	0.014553	0.080037	-0.016784	0.996651	-0.647297	0.759481	0.064772	-0.758025	-0.650313	0.049922
18497	9.771204	0.676242	0.575585	0.138244	-0.017143	0.012197	0.079614	-0.016912	0.996682	-0.649498	0.757603	0.064736	-0.756184	-0.652497	0.049331
18498	9.714932	0.585376	0.648219	0.107021	-0.027976	0.019350	0.078832	-0.017062	0.996742	-0.651428	0.755967	0.064462	-0.754604	-0.654387	0.048480
18499	9.652091	0.525305	0.736217	0.151033	-0.067339	0.029231	0.077162	-0.017675	0.996862	-0.654149	0.753653	0.063997	-0.752419	-0.657034	0.046592
18500	9.628911	0.652238	0.684139	0.192118	-0.087348	0.043134	0.074924	-0.018348	0.997020	-0.657792	0.750539	0.063244	-0.749463	-0.660571	0.044165
18501	9.650816	0.595880	0.718059	0.194621	-0.126698	0.056951	0.071679	-0.019437	0.997238	-0.661378	0.747477	0.062107	-0.746620	-0.664003	0.040723
18502	9.628312	0.706983	0.847422	0.266598	-0.176704	0.069957	0.067248	-0.021123	0.997513	-0.666514	0.743020	0.060668	-0.742453	-0.668936	0.035888
18503	9.613840	0.789993	0.762001	0.196663	-0.235639	0.088163	0.061453	-0.023480	0.997834	-0.670416	0.739660	0.058694	-0.739436	-0.672570	0.029713
18504	9.627376	0.650906	0.589590	0.163723	-0.274148	0.111087	0.054639	-0.026087	0.998165	-0.673644	0.736921	0.056135	-0.737033	-0.675475	0.022691
18505	9.638941	0.665761	0.391759	0.140345	-0.324672	0.129360	0.046507	-0.029252	0.998490	-0.676242	0.734769	0.053024	-0.735210	-0.677687	0.014390
18506	9.611461	0.575278	0.317241	0.129577	-0.359918	0.147210	0.037492	-0.032701	0.998762	-0.678734	0.732716	0.049470	-0.733427	-0.679748	0.005276
18507	9.651224	0.689152	0.158946	0.081084	-0.375322	0.170088	0.027854	-0.036011	0.998963	-0.680299	0.731531	0.045339	-0.732405	-0.680857	-0.004122
18508	9.653829	0.394353	-0.052448	0.040207	-0.394208	0.188791	0.017490	-0.039315	0.999074	-0.681228	0.730940	0.040690	-0.731862	-0.681309	-0.013999
18509	9.567852	0.451095	-0.039951	0.076534	-0.410612	0.206636	0.006522	-0.042593	0.999071	-0.682974	0.729576	0.035562	-0.730413	-0.682572	-0.024331
18510	9.647869	0.366511	-0.049250	0.093487	-0.427916	0.221698	-0.005036	-0.045910	0.998933	-0.684728	0.728180	0.030014	-0.728781	-0.683847	-0.035103
18511	9.591309	0.364115	-0.065837	0.074355	-0.454093	0.236959	-0.017335	-0.049429	0.998627	-0.686260	0.726958	0.024069	-0.727150	-0.684901	-0.046523
18512	9.671416	0.232924	-0.386405	-0.023391	-0.497022	0.245256	-0.030483	-0.053526	0.998101	-0.685835	0.727532	0.018070	-0.727118	-0.683982	-0.058887
18513	9.637794	-0.040464	-0.441585	-0.021307	-0.513833	0.242753	-0.043916	-0.057920	0.997355	-0.685132	0.728318	0.012128	-0.727093	-0.682788	-0.071668
18514	9.648491	0.023251	-0.690386	-0.042122	-0.535806	0.237111	-0.057643	-0.062809	0.996359	-0.684321	0.729153	0.006374	-0.726899	-0.681462	-0.085013
18515	9.824619	-0.207751	-1.486244	-0.106491	-0.525191	0.224908	-0.070996	-0.067687	0.995177	-0.682092	0.731265	0.001077	-0.727812	-0.678726	-0.098086
18516	10.053926	-0.273199	-2.412285	-0.128155	-0.418947	0.199468	-0.081984	-0.071160	0.994090	-0.679302	0.733851	-0.003492	-0.729265	-0.675573	-0.108503
18517	10.203155	-0.226085	-2.972354	-0.144455	-0.218665	0.171292	-0.088843	-0.071758	0.993457	-0.676383	0.736514	-0.007289	-0.731173	-0.672605	-0.113970
18518	10.284735	0.069658	-3.618020	-0.201217	0.062692	0.149459	-0.090227	-0.068005	0.993597	-0.672371	0.740141	-0.010399	-0.734695	-0.669004	-0.112505
18519	9.972636	-0.033443	-3.313971	-0.025146	0.293451	0.178084	-0.087808	-0.059846	0.994338	-0.671446	0.740908	-0.014702	-0.735833	-0.668935	-0.105241
18520	10.020296	-0.022633	-2.452334	0.309171	0.441671	0.242979	-0.083791	-0.047964	0.995328	-0.676393	0.736228	-0.021463	-0.731759	-0.675032	-0.094132
18521	9.730822	0.260554	-1.623979	0.399168	0.626751	0.240510	-0.076502	-0.032958	0.996525	-0.683016	0.729855	-0.028296	-0.726386	-0.682807	-0.078346
18522	9.905224	0.167729	-0.974766	0.234048	0.674983	0.214865	-0.067952	-0.017524	0.997535	-0.686692	0.726152	-0.034021	-0.723765	-0.687311	-0.061377
18523	9.550406	-0.445708	0.562340	-0.026856	0.643762	0.199386	-0.059649	-0.002885	0.998215	-0.685750	0.726798	-0.038877	-0.725389	-0.686845	-0.045331
18524	9.027467	-0.768078	2.537482	-0.136901	0.376733	0.176083	-0.055790	0.006751	0.998420	-0.682766	0.729365	-0.043084	-0.728504	-0.684091	-0.036082
18525	8.784346	-1.489192	3.329639	-0.075353	-0.004734	0.149625	-0.058355	0.009335	0.998252	-0.681258	0.730555	-0.046656	-0.729714	-0.682790	-0.036272
18526	9.095294	-1.254367	2.056267	0.140497	-0.326467	0.131570	-0.066498	0.006115	0.997768	-0.683544	0.728193	-0.050018	-0.726874	-0.685345	-0.044243
18527	9.702705	-0.775297	-0.467790	0.120498	-0.475274	0.109541	-0.076859	-0.000100	0.997042	-0.685617	0.726047	-0.052779	-0.723894	-0.687645	-0.055872
18528	10.004047	-0.686935	-1.713973	0.026194	-0.435110	0.082792	-0.086100	-0.006088	0.996268	-0.685767	0.725753	-0.054830	-0.722711	-0.687928	-0.066663
18529	9.918903	-0.298245	-1.556919	-0.075674	-0.320498	0.061727	-0.092895	-0.010497	0.995621	-0.684187	0.727141	-0.056171	-0.723367	-0.686408	-0.074729
18530	9.670320	-1.068728	-0.322110	-0.222049	-0.298079	0.044460	-0.098966	-0.014855	0.994980	-0.680188	0.730839	-0.056743	-0.726327	-0.682389	-0.082432
18531	9.035990	-0.775178	1.791152	-0.274039	-0.449395	0.039874	-0.107796	-0.021760	0.993935	-0.674913	0.735685	-0.057091	-0.729981	-0.676974	-0.093991
18532	9.004441	-1.535590	2.669181	-0.233099	-0.811536	0.012221	-0.122803	-0.035228	0.991806	-0.670498	0.739738	-0.056745	-0.731677	-0.671972	-0.114463
18533	9.217393	-0.408418	1.998918	-0.119573	-1.232060	-0.013477	-0.145040	-0.056152	0.987831	-0.668379	0.741712	-0.055975	-0.729543	-0.668364	-0.145109
18534	9.711455	-0.944401	-0.433855	-0.161577	-1.467643	-0.056395	-0.170788	-0.081682	0.981916	-0.665778	0.744201	-0.053893	-0.726341	-0.662943	-0.181483
18535	9.964096	0.014977	-2.688046	-0.225448	-1.427750	-0.034888	-0.196048	-0.105890	0.974860	-0.661886	0.747807	-0.051880	-0.723514	-0.655417	-0.216693
18536	10.194830	-1.112293	-2.888338	-0.528093	-1.369216	-0.052010	-0.219940	-0.129160	0.966925	-0.652771	0.756065	-0.047488	-0.724925	-0.641625	-0.250601
18537	11.353937	-0.763602	-0.832917	-0.048724	-1.421373	-0.029004	-0.245040	-0.152486	0.957446	-0.652193	0.756630	-0.046414	-0.717356	-0.635813	-0.284855
18538	12.252095	1.479352	1.542396	-0.094590	-1.672446	0.010608	-0.275020	-0.178738	0.944678	-0.650501	0.758115	-0.045938	-0.707964	-0.627148	-0.324766
18539	10.802415	1.428454	0.843078	-0.536044	-2.126215	0.162889	-0.315047	-0.208512	0.925888	-0.639985	0.767067	-0.045019	-0.700831	-0.606738	-0.375107
18540	10.205206	1.515258	-0.808565	-0.762971	-2.489154	0.319837	-0.363357	-0.239242	0.900408	-0.624058	0.780106	-0.044559	-0.691754	-0.578098	-0.432759
18541	10.714975	0.708423	-1.995718	-0.663696	-2.685785	0.458888	-0.416236	-0.268089	0.868836	-0.608319	0.792302	-0.046956	-0.675792	-0.548075	-0.492868
18542	11.009946	-0.279457	-3.612902	-0.466784	-2.779419	0.506064	-0.469876	-0.295151	0.831927	-0.595057	0.802029	-0.051547	-0.652015	-0.519265	-0.552486
18543	11.129877	-0.663732	-4.890532	-0.569384	-2.843052	0.513355	-0.522692	-0.320584	0.789949	-0.579699	0.813066	-0.053609	-0.625094	-0.485953	-0.610825
18544	10.257461	-0.583691	-5.516855	-0.581625	-2.724042	0.397210	-0.569850	-0.344460	0.746068	-0.565507	0.823109	-0.051907	-0.596216	-0.451486	-0.663843
18545	8.740266	-0.532077	-6.134066	-0.424092	-2.448090	0.225996	-0.608463	-0.366577	0.703842	-0.556140	0.829662	-0.048670	-0.566110	-0.421049	-0.708687
18546	7.720251	0.065168	-6.502732	-0.408097	-1.795766	0.056346	-0.634025	-0.383829	0.671333	-0.549735	0.834273	-0.042197	-0.543878	-0.395809	-0.739954
18547	8.455714	-0.256365	-4.866320	-0.150916	-0.897957	-0.167604	-0.643654	-0.396166	0.654799	-0.550518	0.834023	-0.036548	-0.531638	-0.384003	-0.754919
18548	7.279220	0.717869	-5.145671	0.442794	0.128567	-0.361725	-0.636775	-0.402511	0.657649	-0.562311	0.826010	-0.038907	-0.527564	-0.394579	-0.752319
18549	6.917775	0.758374	-4.630980	0.743405	1.175886	-0.465086	-0.614359	-0.400132	0.680042	-0.579604	0.813662	-0.044869	-0.535371	-0.421720	-0.731799
18550	5.926945	1.657375	-4.503659	0.510867	2.151020	-0.520135	-0.577107	-0.387192	0.719048	-0.594486	0.802856	-0.044814	-0.559940	-0.453326	-0.693514
18551	6.115056	1.115160	-4.934260	0.135259	2.952586	-0.582961	-0.525422	-0.364312	0.768901	-0.604613	0.795699	-0.036148	-0.598644	-0.483881	-0.638346
18552	5.645951	0.902844	-5.881839	-0.345209	3.587877	-0.679985	-0.458992	-0.333362	0.823527	-0.607722	0.793961	-0.017320	-0.648074	-0.508425	-0.567013
18553	6.942182	-1.131704	-6.467650	-0.196578	4.050545	-0.927937	-0.376656	-0.298831	0.876830	-0.614230	0.789111	0.005084	-0.693435	-0.536660	-0.480774
18554	7.526777	-1.445138	-6.242416	0.761958	4.466799	-1.156636	-0.279470	-0.258868	0.924599	-0.637279	0.770289	0.023040	-0.718173	-0.582789	-0.380244
18555	8.845636	-0.100338	-5.670685	0.734573	4.663040	-1.354145	-0.172682	-0.214222	0.961400	-0.658357	0.751102	0.049112	-0.732630	-0.624463	-0.270736
18556	10.660625	-0.397966	-4.877235	0.258485	4.708256	-1.397251	-0.062440	-0.165119	0.984295	-0.667299	0.740278	0.081853	-0.742168	-0.651708	-0.156406
18557	12.090161	0.925410	-2.816296	-0.324769	4.384831	-1.096097	0.037744	-0.113427	0.992829	-0.661622	0.741741	0.109894	-0.748887	-0.661026	-0.047049
18558	9.562923	-0.357525	-3.315338	-0.664269	2.790841	-0.437313	0.097535	-0.075661	0.992352	-0.648423	0.751597	0.121036	-0.755007	-0.655269	0.024246
18559	5.480603	-3.555449	-6.340844	-0.389516	0.161669	0.378599	0.094618	-0.065890	0.993331	-0.641979	0.758576	0.111469	-0.760862	-0.648244	0.029475
18560	6.140610	-0.479147	-7.641949	0.389721	-1.520797	0.683257	0.054821	-0.077729	0.995466	-0.650678	0.753430	0.094663	-0.757372	-0.652918	-0.009273
18561	11.304705	2.885183	-0.938631	0.338430	-1.621233	0.450483	0.016931	-0.095822	0.995254	-0.657490	0.748846	0.083284	-0.753273	-0.655780	-0.050323
18562	11.352860	-2.292176	-5.875483	0.217649	-1.195759	0.616635	-0.015606	-0.103949	0.994460	-0.661605	0.746792	0.067679	-0.749690	-0.656883	-0.080428
18563	11.086623	3.544072	-6.058930	-0.024954	-1.182349	0.684293	-0.048985	-0.110557	0.992662	-0.660599	0.749017	0.050823	-0.749139	-0.653262	-0.109724
18564	10.466117	-2.166681	-4.020247	-0.116216	-0.943325	0.515116	-0.075067	-0.116290	0.990374	-0.657624	0.752362	0.038497	-0.749597	-0.648405	-0.132953
18565	9.491347	-1.236947	-1.967423	0.085848	-0.779840	0.355867	-0.095435	-0.122285	0.987896	-0.658475	0.752025	0.029477	-0.746527	-0.647692	-0.152291
18566	9.534895	0.775834	-0.924199	0.372803	-0.738947	0.315974	-0.114309	-0.128423	0.985110	-0.664573	0.746948	0.020260	-0.738428	-0.652362	-0.170729
18567	9.546213	0.550958	-1.793202	-0.006009	-0.804080	0.372586	-0.135242	-0.134595	0.981628	-0.663309	0.748262	0.011211	-0.736024	-0.649606	-0.190475
18568	9.765742	-0.467396	-3.730725	-0.216058	-0.694194	0.348875	-0.153718	-0.139317	0.978244	-0.658079	0.752939	0.003822	-0.737091	-0.643175	-0.207422
18569	9.996716	-0.401801	-4.265711	-0.223090	-0.471752	0.296928	-0.167220	-0.141314	0.975740	-0.652781	0.757544	-0.002159	-0.738861	-0.637305	-0.218924
18570	9.987425	-0.234517	-3.275189	-0.377072	-0.310310	0.273624	-0.177346	-0.141075	0.973985	-0.644620	0.764474	-0.006645	-0.743649	-0.629028	-0.226516
18571	10.097202	-0.224593	-2.370987	-0.164057	-0.221445	0.236952	-0.185214	-0.140065	0.972665	-0.640498	0.767876	-0.011388	-0.745291	-0.625099	-0.231933
18572	9.292536	-0.724325	-1.905786	-0.230385	-0.318673	0.220713	-0.194620	-0.140830	0.970716	-0.635156	0.772232	-0.015309	-0.747462	-0.619536	-0.239741
18573	9.710709	-0.134302	-1.562106	0.099175	-0.406002	0.201573	-0.205333	-0.143287	0.968146	-0.636006	0.771406	-0.020720	-0.743865	-0.620001	-0.249526
18574	9.409414	0.033914	-1.478633	-0.190542	-0.471883	0.184286	-0.216970	-0.147062	0.965037	-0.631500	0.775008	-0.023877	-0.744401	-0.614601	-0.261023
18575	9.245348	-0.247761	-1.381664	-0.294095	-0.586916	0.172127	-0.230543	-0.152731	0.961001	-0.625073	0.780135	-0.025968	-0.745744	-0.606682	-0.275323
18576	9.010941	-0.862150	-2.058142	-0.233857	-0.672088	0.151245	-0.245360	-0.159961	0.956144	-0.619832	0.784240	-0.027856	-0.745391	-0.599483	-0.291570
18577	9.115308	-0.545582	-2.144947	-0.244349	-0.740899	0.141906	-0.261283	-0.168257	0.950485	-0.614404	0.788447	-0.029324	-0.744472	-0.591643	-0.309385
18578	9.634870	0.060818	-1.488019	-0.142300	-0.904914	0.133122	-0.280054	-0.178991	0.943150	-0.610887	0.791101	-0.031259	-0.740532	-0.584912	-0.330894
18579	10.280956	0.985174	-1.057401	-0.012570	-1.135355	0.119491	-0.302714	-0.193203	0.933293	-0.609814	0.791820	-0.033877	-0.732455	-0.579391	-0.357513
18580	9.178581	0.421293	-0.001332	0.138348	-1.477300	0.132144	-0.331455	-0.211956	0.919354	-0.611312	0.790470	-0.038155	-0.718635	-0.574659	-0.391576
18581	9.540782	-0.472751	0.844610	0.162902	-2.000914	0.161069	-0.369292	-0.237379	0.898485	-0.612831	0.789020	-0.043425	-0.698614	-0.566656	-0.436852
18582	11.825766	0.937378	0.248990	0.159358	-2.517674	0.158485	-0.414762	-0.269582	0.869079	-0.614066	0.787750	-0.048705	-0.671487	-0.553873	-0.492270
18583	12.673696	2.371503	-1.422245	-0.353841	-2.955907	0.205179	-0.466427	-0.305483	0.830136	-0.606055	0.793951	-0.048356	-0.644316	-0.525663	-0.555460
18584	13.377876	1.967897	-2.648794	-0.789045	-3.248899	0.412525	-0.523683	-0.338300	0.781863	-0.588594	0.807176	-0.044981	-0.615884	-0.483755	-0.621826
18585	11.943399	-1.185973	-5.972041	-1.056004	-3.182518	0.553648	-0.579437	-0.363618	0.729408	-0.565162	0.824098	-0.038139	-0.587235	-0.434332	-0.683015
18586	12.475765	-3.245901	-6.462528	-0.734500	-3.250035	0.410720	-0.631187	-0.388621	0.671250	-0.548622	0.835450	-0.032192	-0.548285	-0.388582	-0.740532
18587	11.454381	-2.076114	-5.829329	0.069987	-2.866923	0.268899	-0.672335	-0.409977	0.616348	-0.545288	0.837396	-0.037809	-0.500626	-0.361507	-0.786566
18588	8.897435	-0.341259	-6.265412	-0.056696	-2.190926	0.202511	-0.701362	-0.424978	0.572263	-0.541274	0.839912	-0.039640	-0.463804	-0.337553	-0.819112
18589	5.422611	1.110166	-8.796821	-0.684411	-1.324390	0.233019	-0.719455	-0.430875	0.544730	-0.529477	0.847839	-0.028680	-0.449486	-0.309056	-0.838121
18590	6.892921	-0.650508	-4.431491	-0.628804	-0.359444	-0.035422	-0.722894	-0.434437	0.537298	-0.523188	0.852086	-0.014949	-0.451330	-0.291914	-0.843260
18591	4.928164	0.407095	-6.176464	0.568006	0.680261	-0.309746	-0.710928	-0.435986	0.551813	-0.535342	0.844333	-0.022604	-0.456059	-0.311478	-0.833661
18592	4.895021	-2.459811	-6.336304	1.271984	1.670180	-0.635150	-0.682772	-0.435415	0.586716	-0.561259	0.826690	-0.039643	-0.467771	-0.356367	-0.808822
18593	4.520935	-0.534958	-6.058198	2.407585	2.657580	-0.709882	-0.640884	-0.423640	0.640154	-0.601617	0.795153	-0.076087	-0.476787	-0.433890	-0.764470
18594	4.749417	1.375833	-5.984552	1.481159	3.290328	-0.933243	-0.585903	-0.403654	0.702695	-0.634268	0.768134	-0.087604	-0.504403	-0.497024	-0.706077
18595	5.683844	-0.711010	-6.503065	0.339574	3.812160	-1.165773	-0.516569	-0.376397	0.769078	-0.654969	0.752240	-0.071769	-0.551518	-0.540796	-0.635112
18596	6.736479	-1.596892	-7.561201	0.144973	4.237497	-1.243254	-0.434719	-0.340131	0.833864	-0.671979	0.738953	-0.048906	-0.599552	-0.581600	-0.549799
18597	7.539957	-2.954749	-7.342644	0.103773	4.481272	-1.432337	-0.340592	-0.299066	0.891379	-0.687597	0.725839	-0.019202	-0.641255	-0.619449	-0.452852
18598	8.467477	-1.772416	-6.285404	0.789171	4.690033	-1.529222	-0.237182	-0.250967	0.938488	-0.711615	0.702523	0.008022	-0.661323	-0.665940	-0.345218
18599	9.550657	0.011888	-4.892089	0.345926	4.719132	-1.430025	-0.132286	-0.195283	0.971784	-0.724100	0.688546	0.039796	-0.676890	-0.698405	-0.232489
18600	10.813179	0.475330	-4.095370	-0.212165	4.632608	-1.152994	-0.031996	-0.133252	0.990566	-0.722903	0.687483	0.069131	-0.690209	-0.713871	-0.118325
18601	12.144854	1.502029	-2.976371	-0.790414	4.385488	-0.714618	0.057399	-0.067441	0.996071	-0.708945	0.699724	0.088229	-0.702924	-0.711223	-0.007648
18602	9.267992	-0.492933	-3.570687	-1.065401	3.184579	-0.239755	0.118182	-0.015645	0.992869	-0.689567	0.718175	0.093396	-0.714514	-0.695687	0.074088
18603	7.283700	-3.122354	-3.723502	-0.614130	1.316613	0.149311	0.139371	0.009781	0.990192	-0.679056	0.728747	0.088380	-0.720735	-0.684714	0.108208
18604	6.691479	0.612463	-5.297766	-0.244788	-0.182509	0.307853	0.130963	0.012293	0.991311	-0.675697	0.732806	0.080180	-0.725453	-0.680327	0.104277
18605	6.168433	-1.180934	-7.023060	-0.820388	-1.421512	0.327173	0.099488	-0.005584	0.995023	-0.661593	0.746557	0.070340	-0.743234	-0.665298	0.070579
18606	11.651162	-1.278064	-1.144392	0.186724	-1.534702	0.024779	0.070636	-0.030734	0.997029	-0.665123	0.743442	0.070039	-0.743386	-0.668093	0.032072
18607	11.485198	0.117496	-2.193008	0.977040	-0.967771	0.137565	0.050588	-0.044605	0.997723	-0.683317	0.727028	0.067149	-0.728368	-0.685158	0.006300
18608	10.493528	5.845032	-4.810918	0.741955	-1.291718	0.475536	0.019118	-0.058380	0.998111	-0.697142	0.714807	0.055163	-0.716678	-0.696880	-0.027034
18609	10.265160	2.505614	-4.089261	-0.708519	-1.171434	0.646073	-0.013140	-0.066973	0.997668	-0.684378	0.728037	0.039859	-0.729009	-0.682259	-0.055402
18610	10.042504	-1.098607	-3.081648	-0.371012	-0.947571	0.726103	-0.042770	-0.069813	0.996643	-0.677067	0.735578	0.022471	-0.734677	-0.673833	-0.078729
18611	9.787170	-2.482198	-0.828716	-0.427225	-0.840890	0.464373	-0.066030	-0.075358	0.994968	-0.668540	0.743580	0.011951	-0.740739	-0.664387	-0.099478
18612	9.771662	-1.830293	-0.888424	-0.075536	-0.794898	0.290021	-0.085533	-0.083192	0.992856	-0.666583	0.745414	0.005033	-0.740508	-0.661390	-0.119212
18613	9.884982	0.266273	-1.634973	0.260715	-0.737291	0.257129	-0.103371	-0.090687	0.990500	-0.670778	0.741655	-0.002101	-0.734419	-0.664623	-0.137497
18614	9.744882	1.063794	-2.634890	-0.024133	-0.659391	0.318412	-0.120747	-0.095773	0.988052	-0.669440	0.742802	-0.009810	-0.732988	-0.662626	-0.153806
18615	10.022423	0.049517	-3.281721	-0.236411	-0.527343	0.350612	-0.136217	-0.097999	0.985820	-0.663968	0.747558	-0.017431	-0.735250	-0.656927	-0.166898
18616	9.985409	-0.579879	-3.372369	-0.456170	-0.374273	0.318356	-0.148324	-0.098180	0.984053	-0.654405	0.755787	-0.023231	-0.741454	-0.647415	-0.176351
18617	9.928638	-1.033933	-2.619940	-0.365362	-0.250828	0.252494	-0.157050	-0.097489	0.982767	-0.646634	0.762296	-0.027716	-0.746458	-0.639844	-0.182759
18618	9.746005	-0.787411	-1.715018	-0.225771	-0.197182	0.191915	-0.163785	-0.097029	0.981713	-0.641632	0.766374	-0.031302	-0.749322	-0.635025	-0.187778
18619	9.500829	-0.563530	-1.267991	-0.110624	-0.225319	0.166605	-0.170634	-0.097466	0.980502	-0.638852	0.768543	-0.034782	-0.750168	-0.632331	-0.193406
18620	9.261281	-0.891935	-1.039591	0.019573	-0.336347	0.114107	-0.178714	-0.100651	0.978739	-0.638713	0.768526	-0.037594	-0.748403	-0.631852	-0.201633
18621	9.109777	-0.709101	-0.883593	-0.168255	-0.463420	0.097992	-0.188905	-0.106119	0.976245	-0.635110	0.771435	-0.039039	-0.748966	-0.627397	-0.213125
18622	9.245681	-0.738484	-1.126179	-0.073453	-0.600260	0.073571	-0.201253	-0.114149	0.972865	-0.633377	0.772791	-0.040351	-0.747215	-0.624311	-0.227826
18623	9.360447	-0.662702	-1.457900	-0.077135	-0.697265	0.059555	-0.215153	-0.123906	0.968688	-0.631632	0.774169	-0.041266	-0.744815	-0.620733	-0.244828
18624	9.403344	-0.580224	-1.762174	-0.033527	-0.786411	0.061238	-0.230678	-0.134947	0.963627	-0.630676	0.774884	-0.042459	-0.740970	-0.617530	-0.263857
18625	9.590375	-0.745605	-2.084207	-0.020888	-0.874696	0.036842	-0.247360	-0.147753	0.957592	-0.630081	0.775331	-0.043128	-0.736078	-0.614028	-0.284882
18626	10.196030	-0.198877	-1.892155	0.202345	-0.960550	0.005406	-0.264960	-0.162449	0.950477	-0.633761	0.772238	-0.044685	-0.726735	-0.614214	-0.307566
18627	9.841719	0.453247	-1.675532	0.128424	-1.092471	0.025771	-0.285035	-0.178750	0.941702	-0.635920	0.770368	-0.046253	-0.717190	-0.612031	-0.333252
18628	9.456203	-0.019642	-0.984864	0.118647	-1.320377	0.044259	-0.309165	-0.198089	0.930149	-0.637723	0.768753	-0.048251	-0.705497	-0.608095	-0.363997
18629	9.487461	-0.434173	-0.462934	-0.028676	-1.666612	0.052625	-0.339067	-0.222272	0.914127	-0.636825	0.769442	-0.049119	-0.692450	-0.598793	-0.402441
18630	9.875211	-0.028322	-0.508470	-0.054210	-2.064090	0.028937	-0.374743	-0.252326	0.892132	-0.635679	0.770389	-0.049126	-0.674892	-0.585519	-0.449096
18631	11.704469	-0.262959	-1.161425	0.077890	-2.492724	-0.060571	-0.414964	-0.289560	0.862531	-0.637617	0.768815	-0.048659	-0.649037	-0.570156	-0.503659
18632	12.057590	2.758570	-2.497595	-0.097668	-2.705496	0.041714	-0.458506	-0.326615	0.826496	-0.635673	0.770453	-0.048177	-0.621041	-0.547471	-0.560878
18633	11.466003	1.790393	-5.018899	-1.126966	-2.773533	0.208032	-0.504195	-0.359010	0.785429	-0.615956	0.786971	-0.035690	-0.605297	-0.501785	-0.617921
18634	10.371795	-0.154183	-6.385621	-1.621438	-2.655950	0.322717	-0.548805	-0.384069	0.742498	-0.587449	0.809109	-0.015679	-0.594740	-0.444785	-0.669664
18635	11.024685	-2.544060	-6.812085	-1.093765	-2.730209	0.326297	-0.593228	-0.406163	0.695063	-0.566921	0.823768	-0.002488	-0.571560	-0.395522	-0.718945
18636	10.304171	-1.886251	-6.588376	-0.361116	-2.420102	0.215223	-0.629771	-0.424739	0.650373	-0.558712	0.829361	0.000617	-0.539657	-0.362983	-0.759615
18637	8.877763	-0.665096	-6.796917	0.064314	-1.931123	0.227731	-0.658113	-0.437148	0.613016	-0.556000	0.831171	-0.004186	-0.507691	-0.343592	-0.790060
18638	6.202849	-0.451855	-6.661229	0.068977	-1.321430	0.186988	-0.676979	-0.444479	0.586633	-0.553857	0.832570	-0.008335	-0.484708	-0.330553	-0.809810
18639	4.899982	-0.253242	-7.351522	-0.446550	-0.696829	0.042417	-0.685834	-0.449291	0.572511	-0.547880	0.836557	0.000179	-0.479018	-0.313545	-0.819897
18640	7.330120	-1.633916	-4.378782	0.478112	0.266177	-0.180081	-0.680044	-0.451000	0.578047	-0.556793	0.830622	-0.006978	-0.476992	-0.326598	-0.815973
18641	5.815879	0.883839	-5.808962	1.203527	1.137605	-0.426144	-0.660267	-0.450028	0.601267	-0.578451	0.815335	-0.024962	-0.479001	-0.364285	-0.798658
18642	5.952656	-1.026152	-5.719761	1.108236	1.854793	-0.727740	-0.626841	-0.446873	0.638260	-0.603755	0.796385	-0.035370	-0.492495	-0.407524	-0.769008
18643	6.009498	-0.118846	-5.497083	1.710948	2.562881	-0.796356	-0.582371	-0.434422	0.687111	-0.637265	0.768745	-0.054089	-0.504715	-0.469371	-0.724537
18644	6.433706	0.566410	-5.907058	1.285491	3.117268	-0.988997	-0.525851	-0.414323	0.742844	-0.667684	0.742125	-0.058724	-0.526952	-0.526865	-0.666884
18645	7.170588	-0.505983	-6.139948	0.915345	3.554684	-1.122130	-0.458462	-0.385677	0.800666	-0.694004	0.718129	-0.051468	-0.555132	-0.579262	-0.596896
18646	7.833153	-0.944045	-7.170526	0.832908	3.881026	-1.138063	-0.383020	-0.347126	0.856037	-0.717930	0.695000	-0.039401	-0.581268	-0.629666	-0.515410
18647	8.348773	-0.570919	-5.962914	0.543679	3.997323	-1.321063	-0.299455	-0.304706	0.904147	-0.737372	0.675282	-0.016643	-0.605483	-0.671676	-0.426898
18648	8.573346	-0.436046	-4.693872	0.725845	4.045487	-1.292756	-0.213212	-0.256154	0.942829	-0.756850	0.653558	0.006409	-0.617835	-0.712213	-0.333216
18649	9.407527	0.991452	-3.685326	-0.079942	4.028096	-1.053050	-0.129856	-0.200425	0.971065	-0.760178	0.648912	0.032278	-0.636606	-0.733991	-0.236624
18650	10.106212	0.910363	-3.196830	-0.894923	3.990564	-0.787752	-0.049996	-0.139924	0.988899	-0.747458	0.661955	0.055874	-0.662425	-0.736367	-0.137682
18651	10.969714	0.775109	-3.454072	-1.588186	3.914103	-0.425286	0.024323	-0.075778	0.996828	-0.720706	0.689696	0.070016	-0.692814	-0.720123	-0.037838
18652	11.411736	0.712843	-2.082825	-1.683741	3.632803	-0.035933	0.089174	-0.012116	0.995942	-0.690983	0.719413	0.070621	-0.717350	-0.694477	0.055781
18653	8.554674	0.130435	-2.820803	-2.227785	2.414808	0.114122	0.131634	0.030681	0.990823	-0.650493	0.756896	0.062983	-0.748018	-0.652815	0.119591
18654	7.720062	-3.469626	-3.328122	-1.639620	1.101782	0.132115	0.150554	0.050747	0.987298	-0.619855	0.782837	0.054284	-0.770139	-0.620154	0.149315
18655	6.160822	0.443421	-3.469722	-0.769962	-0.048975	0.198434	0.146652	0.053895	0.987719	-0.605667	0.794353	0.046583	-0.782087	-0.605061	0.149136
18656	6.279123	-2.964872	-6.510339	-0.106883	-1.068664	0.178721	0.123064	0.041266	0.991540	-0.604181	0.795746	0.041870	-0.787287	-0.604223	0.122860
18657	13.642119	-0.064020	0.226017	1.493494	-1.242849	0.015168	0.098731	0.022282	0.994865	-0.633259	0.772599	0.045541	-0.767617	-0.634503	0.090390
18658	11.909942	3.315546	-3.499020	1.505963	-1.225250	0.199359	0.072379	0.006156	0.997358	-0.662183	0.748082	0.043437	-0.745838	-0.663578	0.058222
18659	10.218804	5.213083	-3.944995	-0.022337	-1.609662	0.565761	0.032999	-0.010003	0.999405	-0.662503	0.748483	0.029366	-0.748332	-0.663078	0.018072
18660	10.274760	-1.140020	-3.472606	-0.893944	-1.401532	0.564296	-0.002664	-0.022336	0.999747	-0.645799	0.763353	0.015334	-0.763503	-0.645595	-0.016459
18661	10.027722	-1.464320	-2.681573	-0.087153	-1.020530	0.432681	-0.029087	-0.030584	0.999109	-0.643939	0.765063	0.004672	-0.764524	-0.643229	-0.041948
18662	9.873336	-1.169477	-1.349007	-0.160315	-0.808918	0.278237	-0.048996	-0.038296	0.998065	-0.640575	0.767893	-0.001983	-0.766331	-0.639432	-0.062155
18663	9.775157	0.423495	-0.505869	0.158059	-0.709698	0.275793	-0.066953	-0.044446	0.996766	-0.643174	0.765666	-0.009061	-0.762787	-0.641701	-0.079850
18664	9.630863	0.372707	-0.604414	-0.237818	-0.772441	0.322037	-0.086827	-0.050675	0.994934	-0.637992	0.769867	-0.016466	-0.765132	-0.636189	-0.099176
18665	9.878511	-0.606594	-1.390482	-0.505801	-0.777267	0.307746	-0.106587	-0.057049	0.992665	-0.627513	0.778276	-0.022651	-0.771276	-0.625325	-0.118753
18666	10.010650	-0.882553	-2.608782	-0.391501	-0.636551	0.232988	-0.122492	-0.062452	0.990503	-0.619257	0.784720	-0.027104	-0.775575	-0.616696	-0.134796
18667	10.014772	-0.813553	-2.883034	-0.511853	-0.506783	0.171911	-0.134967	-0.066879	0.988590	-0.608720	0.792837	-0.029469	-0.781821	-0.605752	-0.147717
18668	10.003264	-0.888871	-2.505594	-0.416656	-0.376653	0.126050	-0.144231	-0.070107	0.987057	-0.600090	0.799335	-0.030913	-0.786822	-0.596782	-0.157360
18669	9.695489	-0.538455	-1.953629	0.009911	-0.249346	0.073108	-0.150207	-0.072441	0.985997	-0.599995	0.799336	-0.032677	-0.785776	-0.596502	-0.163530
18670	9.400777	-0.843903	-1.051768	-0.058662	-0.342779	0.052932	-0.157711	-0.076562	0.984513	-0.598619	0.800327	-0.033656	-0.785355	-0.594656	-0.172052
18671	9.224054	-0.533840	-0.330427	-0.018658	-0.458658	0.029919	-0.167133	-0.082847	0.982447	-0.598114	0.800679	-0.034232	-0.783789	-0.593337	-0.183372
18672	9.076533	-0.540747	-0.091809	-0.066168	-0.656895	0.016706	-0.180215	-0.092303	0.979287	-0.596734	0.801708	-0.034250	-0.781941	-0.590546	-0.199560
18673	9.060214	-0.800101	-0.536436	0.001055	-0.838374	0.006309	-0.196629	-0.104600	0.974882	-0.596717	0.801717	-0.034335	-0.777988	-0.588481	-0.220057
18674	9.140775	-0.886954	-1.378619	0.053603	-0.964352	-0.015773	-0.215051	-0.119147	0.969308	-0.597836	0.800889	-0.034190	-0.772234	-0.586839	-0.243462
18675	9.297015	-0.926891	-2.320547	0.093337	-1.018218	-0.041587	-0.233964	-0.134961	0.962832	-0.599865	0.799390	-0.033713	-0.765129	-0.585458	-0.267987
18676	9.727670	-0.155226	-2.913835	0.152988	-1.028466	-0.048831	-0.252762	-0.151040	0.955667	-0.603079	0.796976	-0.033547	-0.756576	-0.584822	-0.292534
18677	10.199121	0.151027	-3.350862	0.071735	-1.026709	-0.067554	-0.271030	-0.167421	0.947899	-0.604879	0.795658	-0.032420	-0.748775	-0.582151	-0.316916
18678	9.851316	0.272432	-3.246819	-0.039920	-1.024235	-0.064121	-0.289118	-0.183595	0.939523	-0.604592	0.795951	-0.030511	-0.742213	-0.576849	-0.341124
18679	10.141112	-0.013191	-2.817406	-0.135113	-1.082937	-0.072285	-0.308007	-0.200606	0.929994	-0.602644	0.797534	-0.027557	-0.736174	-0.568943	-0.366540
18680	10.274956	-0.285122	-1.923006	-0.221824	-1.236265	-0.110948	-0.328957	-0.220298	0.918290	-0.599476	0.800068	-0.022812	-0.729669	-0.557997	-0.395251
18681	10.785342	-0.510723	-0.878140	-0.047225	-1.509915	-0.225744	-0.352845	-0.245751	0.902833	-0.600565	0.799392	-0.017119	-0.717511	-0.548250	-0.429651
18682	11.505921	1.637699	-0.159159	0.078544	-1.866195	-0.266971	-0.381825	-0.276466	0.881916	-0.604439	0.796561	-0.011983	-0.699187	-0.537640	-0.471254
18683	11.427932	1.747262	-0.123738	-0.304647	-2.319412	-0.185962	-0.418969	-0.310744	0.853173	-0.601087	0.799173	-0.004100	-0.680559	-0.514549	-0.521612
18684	12.031403	0.977890	-0.287326	-0.541554	-2.745694	-0.035395	-0.464328	-0.345696	0.815411	-0.592464	0.805587	0.004158	-0.658321	-0.481170	-0.578868
18685	12.166413	-0.000969	-2.115498	-0.475245	-3.064822	0.071314	-0.514573	-0.379762	0.768762	-0.584015	0.811681	0.010051	-0.627807	-0.443796	-0.639456
18686	12.746988	-0.605023	-4.941737	-0.645312	-3.123419	0.047176	-0.562913	-0.411811	0.716617	-0.573594	0.818895	0.020020	-0.595079	-0.399778	-0.697179
18687	11.363235	-0.113305	-6.111542	-0.582271	-3.014571	0.018848	-0.606578	-0.439973	0.662183	-0.565011	0.824528	0.030273	-0.559307	-0.355778	-0.748731
18688	8.388694	0.231639	-6.825459	-0.492119	-2.422128	0.095325	-0.640729	-0.458494	0.615832	-0.556942	0.829670	0.038241	-0.528471	-0.318481	-0.786949
18689	6.471690	-0.252276	-8.874094	-0.296992	-1.502430	0.280981	-0.663949	-0.464249	0.586213	-0.548628	0.835110	0.039981	-0.508113	-0.295067	-0.809170
18690	6.968032	-1.659301	-4.794740	-0.299458	-0.569867	0.170652	-0.673345	-0.464871	0.574892	-0.542112	0.839173	0.043624	-0.502714	-0.282282	-0.817065
18691	6.514379	0.547823	-5.560511	1.069656	0.615438	0.053828	-0.666243	-0.459257	0.587539	-0.554726	0.831765	0.021125	-0.498396	-0.311849	-0.808920
18692	5.849964	0.108373	-5.888542	0.683245	1.622642	-0.247693	-0.642057	-0.451144	0.619865	-0.567568	0.823249	0.011281	-0.515392	-0.344573	-0.784628
18693	5.502308	-0.583600	-5.655775	1.130025	2.631298	-0.302869	-0.602801	-0.433000	0.670180	-0.587328	0.809331	-0.005374	-0.540071	-0.396855	-0.742179
18694	5.013888	0.828092	-5.712385	0.808055	3.424275	-0.400764	-0.548809	-0.404874	0.731359	-0.604522	0.796487	-0.012702	-0.577375	-0.449093	-0.681875
18695	5.450514	0.226641	-6.116107	0.168613	4.016244	-0.573504	-0.479414	-0.369036	0.796225	-0.614555	0.788862	-0.004405	-0.626486	-0.491436	-0.604984
18696	6.671464	0.862752	-7.162888	-0.068060	4.500045	-0.618404	-0.396308	-0.323769	0.859136	-0.620326	0.784287	0.009414	-0.676857	-0.529214	-0.511661
18697	6.865858	-1.211327	-7.062907	-0.032452	4.803142	-0.758498	-0.300394	-0.272884	0.913946	-0.626462	0.778995	0.026686	-0.719242	-0.564536	-0.404957
18698	8.291248	0.361025	-6.252806	0.505043	5.089325	-0.747323	-0.195260	-0.212832	0.957380	-0.640415	0.766992	0.039893	-0.742794	-0.605331	-0.286063
18699	9.601568	1.517116	-5.456631	-0.078506	5.246315	-0.710112	-0.084876	-0.145496	0.985712	-0.641482	0.764966	0.057677	-0.762428	-0.627421	-0.158260
18700	11.974358	0.743550	-4.482669	-0.729256	5.194883	-0.586350	0.024734	-0.075181	0.996863	-0.627900	0.774767	0.074010	-0.777901	-0.627761	-0.028043
18701	13.633078	0.785219	-1.775152	-0.853890	4.795948	-0.374518	0.124291	-0.007856	0.992215	-0.610551	0.787645	0.082718	-0.782163	-0.616079	0.093100
18702	7.901348	-0.749765	-1.891831	-1.047076	3.183837	-0.105195	0.188393	0.038223	0.981350	-0.589622	0.803517	0.081896	-0.785401	-0.594054	0.173914
18703	6.660739	-3.135398	-1.330886	-0.607161	1.395875	0.272371	0.211947	0.064192	0.975171	-0.579053	0.812069	0.072398	-0.787259	-0.580020	0.209286
18704	5.034729	0.898387	-2.676288	0.044794	-0.362043	0.413356	0.198892	0.067304	0.977708	-0.582064	0.810730	0.062598	-0.788443	-0.581539	0.200423
18705	6.806931	0.031643	-4.410514	0.229590	-1.841543	0.407168	0.156586	0.048564	0.986470	-0.588415	0.806775	0.053684	-0.793252	-0.588860	0.154906
18706	14.635021	3.204983	1.212805	1.928728	-1.389575	0.032818	0.129003	0.028027	0.991248	-0.626201	0.777387	0.059515	-0.768915	-0.628398	0.117836
18707	11.671854	0.570090	-2.742059	0.432338	-1.895727	0.447561	0.085597	0.006637	0.996308	-0.635696	0.770351	0.049484	-0.767179	-0.637585	0.070158
18708	10.071410	2.450606	-4.424134	0.194672	-1.968971	0.537994	0.039296	-0.014553	0.999122	-0.640260	0.767298	0.036358	-0.767153	-0.641126	0.020834
18709	9.974574	-2.062425	-4.021147	-0.664203	-1.611321	0.337788	0.002850	-0.033649	0.999430	-0.627582	0.778047	0.027985	-0.778545	-0.627304	-0.018900
18710	10.729899	-1.537274	-4.332232	0.518439	-1.060602	0.228450	-0.021265	-0.046053	0.998713	-0.637545	0.770101	0.021936	-0.770120	-0.636257	-0.045738
18711	10.143373	1.774034	-3.341930	0.498509	-0.701978	0.207094	-0.038014	-0.053403	0.997849	-0.646912	0.762393	0.016157	-0.761616	-0.644907	-0.063528
18712	10.147993	0.715893	-2.723713	-0.138144	-0.504781	0.240491	-0.051502	-0.057012	0.997044	-0.643979	0.764971	0.010478	-0.763308	-0.641536	-0.076112
18713	9.944712	0.476135	-1.762715	-0.210479	-0.397681	0.282236	-0.063623	-0.058046	0.996285	-0.639514	0.768769	0.003951	-0.766142	-0.636887	-0.086032
18714	9.837512	0.024939	-1.011035	-0.184961	-0.385628	0.316887	-0.076062	-0.058153	0.995406	-0.635376	0.772195	-0.003438	-0.768447	-0.632719	-0.095684
18715	9.709837	-0.085245	-0.874308	-0.222327	-0.401955	0.316471	-0.088796	-0.058453	0.994333	-0.630410	0.776189	-0.010668	-0.771167	-0.627784	-0.105772
