// General information: 
//  MT Manager version: 2022.2.0 
//  XDA version: 2022.2.0 build 7381 rev 124627 built on 2023-07-19
// Device information: 
//  DeviceId: 00B4CBA7
//  ProductCode: MTW2-3A7G6
//  Firmware Version: 4.6.0
//  Hardware Version: 2.0.0
// Device settings: 
//  Filter Profile: human(46.1)
//  Option Flags: Orientation Smoother Disabled, Position/Velocity Smoother Disabled, Continuous Zero Rotation Update Disabled, AHS Disabled, ICC Disabled
// Coordinate system: ENU
PacketCounter	Acc_X	Acc_Y	Acc_Z	Gyr_X	Gyr_Y	Gyr_Z	Mat[1][1]	Mat[2][1]	Mat[3][1]	Mat[1][2]	Mat[2][2]	Mat[3][2]	Mat[1][3]	Mat[2][3]	Mat[3][3]
22645	9.542005	-0.563744	-2.219329	0.025881	-0.001072	-0.020031	-0.232799	-0.040715	0.971672	-0.393913	0.917444	-0.055934	-0.889178	-0.395776	-0.229618
22646	9.528987	-0.465849	-2.150258	0.024380	-0.005433	-0.017819	-0.232759	-0.040928	0.971673	-0.394176	0.917340	-0.055784	-0.889072	-0.395994	-0.229652
22647	9.507535	-0.385740	-2.109622	0.001906	-0.000928	-0.015115	-0.232654	-0.041096	0.971691	-0.394213	0.917336	-0.055591	-0.889083	-0.395986	-0.229623
22648	9.500693	-0.408617	-2.197864	-0.010046	-0.008666	-0.014834	-0.232655	-0.041294	0.971682	-0.394162	0.917370	-0.055391	-0.889105	-0.395888	-0.229707
22649	9.457293	-0.416837	-2.158599	-0.023961	-0.006494	-0.012537	-0.232639	-0.041451	0.971679	-0.393946	0.917476	-0.055179	-0.889205	-0.395626	-0.229771
22650	9.494483	-0.444006	-2.215726	-0.036367	-0.014217	-0.008100	-0.232716	-0.041610	0.971654	-0.393646	0.917616	-0.054985	-0.889318	-0.395283	-0.229923
22651	9.449986	-0.532898	-2.168358	-0.028563	-0.013975	-0.008851	-0.232774	-0.041792	0.971632	-0.393446	0.917714	-0.054785	-0.889391	-0.395037	-0.230063
22652	9.447839	-0.597596	-2.233004	-0.022355	-0.017242	-0.008895	-0.232875	-0.041969	0.971601	-0.393272	0.917799	-0.054615	-0.889442	-0.394822	-0.230237
22653	9.457194	-0.657795	-2.388104	0.002868	-0.014698	-0.008878	-0.232966	-0.042129	0.971572	-0.393302	0.917792	-0.054510	-0.889404	-0.394821	-0.230383
22654	9.485249	-0.616711	-2.423073	0.012374	-0.011793	-0.008846	-0.233018	-0.042284	0.971553	-0.393438	0.917739	-0.054420	-0.889331	-0.394926	-0.230486
22655	9.467632	-0.564487	-2.430032	0.001155	-0.007854	-0.012560	-0.233002	-0.042447	0.971549	-0.393446	0.917745	-0.054262	-0.889332	-0.394895	-0.230537
22656	9.546683	-0.575522	-2.467048	-0.005715	0.001881	-0.012805	-0.232917	-0.042585	0.971564	-0.393429	0.917762	-0.054092	-0.889361	-0.394840	-0.230516
22657	9.516012	-0.593452	-2.445543	-0.013075	0.001616	-0.016199	-0.232822	-0.042752	0.971579	-0.393338	0.917814	-0.053870	-0.889426	-0.394701	-0.230503
22658	9.557972	-0.575009	-2.425648	-0.014592	0.011509	-0.018332	-0.232629	-0.042903	0.971619	-0.393256	0.917864	-0.053626	-0.889513	-0.394569	-0.230394
22659	9.612568	-0.566059	-2.423702	-0.002839	0.016207	-0.020165	-0.232434	-0.043054	0.971659	-0.393301	0.917857	-0.053413	-0.889544	-0.394569	-0.230275
22660	9.570713	-0.493684	-2.390615	-0.003297	0.020975	-0.017458	-0.232161	-0.043159	0.971719	-0.393316	0.917863	-0.053203	-0.889609	-0.394545	-0.230067
22661	9.622277	-0.376643	-2.349308	-0.016331	0.027849	-0.024902	-0.231789	-0.043301	0.971802	-0.393202	0.917930	-0.052884	-0.889756	-0.394373	-0.229792
22662	9.589737	-0.372519	-2.337611	-0.031759	0.030390	-0.021834	-0.231415	-0.043409	0.971886	-0.392975	0.918046	-0.052567	-0.889954	-0.394091	-0.229508
22663	9.506436	-0.483349	-2.364818	-0.034474	0.033361	-0.017257	-0.230988	-0.043440	0.971986	-0.392617	0.918216	-0.052267	-0.890223	-0.393692	-0.229152
22664	9.454917	-0.589234	-2.341438	-0.022919	0.035016	-0.020629	-0.230577	-0.043519	0.972080	-0.392465	0.918297	-0.051981	-0.890396	-0.393493	-0.228818
22665	9.415049	-0.617958	-2.285920	-0.012558	0.034507	-0.018748	-0.230199	-0.043581	0.972167	-0.392373	0.918350	-0.051742	-0.890534	-0.393363	-0.228503
22666	9.397742	-0.644890	-2.279806	-0.003466	0.040825	-0.024691	-0.229721	-0.043675	0.972276	-0.392403	0.918352	-0.051461	-0.890645	-0.393346	-0.228103
22667	9.419603	-0.634521	-2.266318	0.003142	0.038913	-0.020186	-0.229315	-0.043756	0.972368	-0.392548	0.918302	-0.051253	-0.890685	-0.393454	-0.227757
22668	9.438936	-0.603120	-2.265200	-0.015245	0.040854	-0.024305	-0.228838	-0.043846	0.972477	-0.392472	0.918352	-0.050949	-0.890842	-0.393329	-0.227362
22669	9.419249	-0.608476	-2.271113	-0.023371	0.043143	-0.028039	-0.228323	-0.043970	0.972592	-0.392344	0.918427	-0.050584	-0.891030	-0.393140	-0.226949
22670	9.449463	-0.579229	-2.228831	-0.020285	0.046261	-0.029491	-0.227777	-0.044087	0.972715	-0.392234	0.918493	-0.050219	-0.891218	-0.392971	-0.226504
22671	9.539450	-0.504165	-2.169563	-0.028191	0.042094	-0.028796	-0.227222	-0.044210	0.972839	-0.392023	0.918605	-0.049818	-0.891453	-0.392695	-0.226059
22672	9.561386	-0.492044	-2.155547	-0.038896	0.049883	-0.036593	-0.226616	-0.044379	0.972973	-0.391764	0.918742	-0.049341	-0.891721	-0.392357	-0.225587
22673	9.554359	-0.505417	-2.179878	-0.027590	0.039858	-0.040122	-0.226085	-0.044631	0.973085	-0.391634	0.918824	-0.048849	-0.891913	-0.392137	-0.225211
22674	9.572461	-0.537966	-2.241903	-0.012426	0.040401	-0.037448	-0.225560	-0.044845	0.973197	-0.391612	0.918856	-0.048424	-0.892056	-0.392038	-0.224819
22675	9.552857	-0.542197	-2.247794	-0.014249	0.043333	-0.041164	-0.224976	-0.045100	0.973320	-0.391634	0.918871	-0.047946	-0.892193	-0.391972	-0.224386
22676	9.464587	-0.537398	-2.176667	-0.026318	0.041149	-0.043845	-0.224419	-0.045370	0.973436	-0.391502	0.918954	-0.047428	-0.892391	-0.391746	-0.223993
22677	9.420674	-0.594313	-2.268162	-0.009192	0.041304	-0.046067	-0.223835	-0.045637	0.973558	-0.391433	0.919010	-0.046916	-0.892568	-0.391584	-0.223571
22678	9.406251	-0.639652	-2.249519	-0.007342	0.041751	-0.052452	-0.223239	-0.045983	0.973678	-0.391489	0.919014	-0.046356	-0.892693	-0.391533	-0.223162
22679	9.477764	-0.591867	-2.187464	-0.008019	0.043457	-0.051282	-0.222622	-0.046313	0.973804	-0.391537	0.919022	-0.045801	-0.892826	-0.391476	-0.222727
22680	9.469423	-0.612222	-2.080635	-0.032486	0.046367	-0.062573	-0.221944	-0.046735	0.973939	-0.391390	0.919120	-0.045087	-0.893059	-0.391196	-0.222285
22681	9.467840	-0.665291	-2.080428	-0.034750	0.044555	-0.060707	-0.221258	-0.047122	0.974076	-0.391113	0.919272	-0.044369	-0.893351	-0.390791	-0.221827
22682	9.432388	-0.702827	-2.143784	-0.002201	0.033618	-0.064573	-0.220687	-0.047612	0.974182	-0.391240	0.919250	-0.043703	-0.893436	-0.390784	-0.221494
22683	9.483553	-0.596186	-2.029030	0.015211	0.030745	-0.072474	-0.220091	-0.048174	0.974289	-0.391489	0.919178	-0.042988	-0.893475	-0.390884	-0.221162
22684	9.599429	-0.323451	-1.889536	0.004199	0.022907	-0.080532	-0.219552	-0.048852	0.974377	-0.391707	0.919123	-0.042180	-0.893511	-0.390931	-0.220931
22685	9.613971	-0.112479	-1.788003	-0.033945	0.016657	-0.083743	-0.219045	-0.049565	0.974455	-0.391528	0.919241	-0.041253	-0.893714	-0.390562	-0.220762
22686	9.580656	-0.344172	-1.753388	-0.060339	0.001767	-0.085941	-0.218675	-0.050376	0.974497	-0.391180	0.919433	-0.040250	-0.893957	-0.390005	-0.220763
22687	9.596282	-0.445902	-1.751931	-0.023702	-0.010231	-0.087919	-0.218377	-0.051254	0.974518	-0.391154	0.919486	-0.039293	-0.894041	-0.389767	-0.220843
22688	9.616973	-0.428727	-1.743957	-0.005935	-0.029003	-0.088572	-0.218271	-0.052209	0.974491	-0.391298	0.919463	-0.038384	-0.894004	-0.389695	-0.221122
22689	9.601747	-0.404445	-1.669552	0.000400	-0.046971	-0.094502	-0.218302	-0.053309	0.974424	-0.391587	0.919380	-0.037430	-0.893870	-0.389742	-0.221577
22690	9.575977	-0.310547	-1.574331	-0.025594	-0.065829	-0.100882	-0.218477	-0.054521	0.974318	-0.391582	0.919425	-0.036357	-0.893830	-0.389469	-0.222222
22691	9.590659	-0.330092	-1.587692	-0.072596	-0.076914	-0.105250	-0.218742	-0.055788	0.974187	-0.391062	0.919693	-0.035142	-0.893992	-0.388654	-0.222992
22692	9.580170	-0.372616	-1.831279	-0.074889	-0.087408	-0.102001	-0.219107	-0.057093	0.974029	-0.390620	0.919926	-0.033948	-0.894096	-0.387913	-0.223864
22693	9.525376	-0.345490	-2.044146	-0.043225	-0.094797	-0.107698	-0.219526	-0.058498	0.973851	-0.390532	0.920006	-0.032770	-0.894032	-0.387514	-0.224811
22694	9.633420	-0.220193	-2.321961	-0.031437	-0.099513	-0.106601	-0.219982	-0.059893	0.973664	-0.390489	0.920064	-0.031628	-0.893939	-0.387163	-0.225784
22695	9.617518	-0.249938	-2.447940	-0.051916	-0.094025	-0.115813	-0.220340	-0.061328	0.973493	-0.390217	0.920222	-0.030349	-0.893969	-0.386561	-0.226693
22696	9.600435	-0.353793	-2.506244	-0.036945	-0.096425	-0.114687	-0.220736	-0.062784	0.973311	-0.390144	0.920293	-0.029116	-0.893903	-0.386158	-0.227637
22697	9.607601	-0.338757	-2.414864	-0.045323	-0.084768	-0.121152	-0.221030	-0.064252	0.973148	-0.390016	0.920388	-0.027815	-0.893887	-0.385691	-0.228493
22698	9.556296	-0.304618	-2.276556	-0.064878	-0.086120	-0.118438	-0.221320	-0.065702	0.972985	-0.389702	0.920560	-0.026481	-0.893952	-0.385035	-0.229343
22699	9.526929	-0.341931	-2.120497	-0.083957	-0.084961	-0.128413	-0.221563	-0.067244	0.972825	-0.389265	0.920786	-0.025009	-0.894082	-0.384228	-0.230188
22700	9.559791	-0.352454	-1.935548	-0.100441	-0.093206	-0.134416	-0.221856	-0.068868	0.972644	-0.388669	0.921079	-0.023437	-0.894269	-0.383237	-0.231114
22701	9.590912	-0.431050	-1.625161	-0.122646	-0.109187	-0.150249	-0.222256	-0.070724	0.972420	-0.388005	0.921403	-0.021668	-0.894458	-0.382120	-0.232228
22702	9.670374	-0.458245	-1.340493	-0.114933	-0.132836	-0.165590	-0.222784	-0.072785	0.972147	-0.387349	0.921721	-0.019758	-0.894610	-0.380962	-0.233538
22703	9.718889	-0.434711	-0.913762	-0.090539	-0.159981	-0.179216	-0.223498	-0.075064	0.971810	-0.386916	0.921944	-0.017772	-0.894620	-0.379981	-0.235096
22704	9.825039	-0.249114	-1.064517	-0.043049	-0.197145	-0.181228	-0.224543	-0.077511	0.971377	-0.386941	0.921968	-0.015877	-0.894347	-0.379431	-0.237013
22705	9.759973	-0.028869	-1.505550	0.061485	-0.216894	-0.166202	-0.225851	-0.079895	0.970880	-0.387915	0.921583	-0.014401	-0.893596	-0.379872	-0.239133
22706	9.677057	0.146041	-2.065457	0.199543	-0.244351	-0.146421	-0.227445	-0.082202	0.970315	-0.390033	0.920703	-0.013427	-0.892268	-0.381509	-0.241471
22707	9.761017	0.552695	-2.217193	0.224003	-0.265821	-0.141080	-0.229253	-0.084547	0.969688	-0.392381	0.919717	-0.012577	-0.890775	-0.383371	-0.244023
22708	10.000173	0.612875	-2.326136	0.143319	-0.275946	-0.130682	-0.231178	-0.086836	0.969029	-0.393962	0.919053	-0.011629	-0.889579	-0.384449	-0.246675
22709	9.904601	0.295959	-2.104123	0.173647	-0.298275	-0.114212	-0.233370	-0.089059	0.968301	-0.395790	0.918276	-0.010931	-0.888194	-0.385795	-0.249546
22710	9.894508	0.144936	-1.718687	0.258699	-0.320842	-0.109201	-0.235765	-0.091330	0.967509	-0.398347	0.917175	-0.010491	-0.886417	-0.387877	-0.252618
22711	9.926564	-0.184782	-1.505931	0.232695	-0.336880	-0.102933	-0.238350	-0.093606	0.966658	-0.400657	0.916173	-0.010073	-0.884683	-0.389699	-0.255874
22712	10.182124	-0.319044	-1.275051	0.271237	-0.383370	-0.094009	-0.241342	-0.095993	0.965681	-0.403284	0.915022	-0.009831	-0.882676	-0.391816	-0.259546
22713	10.370129	-0.099964	-0.918383	0.310054	-0.434806	-0.087523	-0.244820	-0.098526	0.964549	-0.406261	0.913705	-0.009784	-0.880349	-0.394254	-0.263721
22714	10.724531	0.060966	-0.624863	0.250444	-0.493234	-0.065330	-0.248872	-0.101099	0.963245	-0.408630	0.912648	-0.009788	-0.878114	-0.396047	-0.268445
22715	10.879582	0.075349	-0.523608	0.168261	-0.556216	-0.053952	-0.253544	-0.103831	0.961735	-0.410313	0.911893	-0.009722	-0.875990	-0.397077	-0.273808
22716	10.898009	0.149240	-0.575668	0.126615	-0.613794	-0.051610	-0.258683	-0.106767	0.960044	-0.411559	0.911333	-0.009544	-0.873901	-0.397583	-0.279688
22717	11.065944	0.320596	-0.618463	0.073660	-0.659206	-0.058003	-0.264197	-0.109971	0.958179	-0.412501	0.910911	-0.009191	-0.871805	-0.397678	-0.286023
22718	11.060856	0.250326	-0.965510	0.017215	-0.692070	-0.054315	-0.269981	-0.113244	0.956183	-0.412801	0.910780	-0.008689	-0.869888	-0.397060	-0.292640
22719	10.806745	0.172730	-1.336965	0.082662	-0.734721	-0.035667	-0.276211	-0.116498	0.954010	-0.413633	0.910403	-0.008585	-0.867534	-0.396981	-0.299651
22720	10.452869	0.231634	-1.922823	0.176189	-0.775236	0.000328	-0.282908	-0.119603	0.951661	-0.415164	0.909701	-0.009090	-0.864640	-0.397667	-0.307016
22721	10.457551	0.344478	-2.202513	0.253449	-0.808734	0.026787	-0.289986	-0.122620	0.949143	-0.417372	0.908679	-0.010125	-0.861225	-0.399082	-0.314682
22722	10.395972	0.399721	-2.405155	0.306662	-0.827578	0.048813	-0.297284	-0.125514	0.946503	-0.419871	0.907511	-0.011532	-0.857514	-0.400838	-0.322488
22723	10.202506	0.132656	-2.559368	0.262737	-0.843065	0.068005	-0.304794	-0.128322	0.943734	-0.422022	0.906492	-0.013041	-0.853814	-0.402252	-0.330448
22724	10.081323	-0.089621	-2.661543	0.266257	-0.848381	0.091999	-0.312392	-0.130934	0.940887	-0.424014	0.905535	-0.014767	-0.850073	-0.403562	-0.338400
22725	9.714619	-0.232303	-2.721218	0.314240	-0.863843	0.115940	-0.320214	-0.133409	0.937905	-0.426391	0.904381	-0.016936	-0.845963	-0.405337	-0.346479
22726	9.500240	-0.410755	-3.037171	0.242731	-0.859954	0.135372	-0.328032	-0.135702	0.934869	-0.428009	0.903574	-0.019022	-0.842142	-0.406372	-0.354483
22727	9.266234	-0.954361	-3.508375	0.206780	-0.839391	0.155273	-0.335786	-0.137724	0.931815	-0.429278	0.902923	-0.021239	-0.838432	-0.407139	-0.362311
22728	9.285738	-1.467244	-3.975579	0.196991	-0.811424	0.197192	-0.343403	-0.139278	0.928804	-0.430265	0.902390	-0.023763	-0.834833	-0.407792	-0.369810
22729	9.233468	-1.617375	-4.380661	0.255169	-0.761883	0.232853	-0.350766	-0.140353	0.925886	-0.431729	0.901602	-0.026886	-0.831007	-0.409163	-0.376846
22730	9.075687	-1.396055	-4.598235	0.274269	-0.723559	0.266471	-0.357899	-0.140944	0.923062	-0.433068	0.900850	-0.030361	-0.827261	-0.410615	-0.383451
22731	8.912247	-0.857877	-4.674304	0.143183	-0.670792	0.284137	-0.364697	-0.141229	0.920354	-0.433442	0.900556	-0.033563	-0.824090	-0.411160	-0.389645
22732	8.748832	-0.534662	-4.581054	-0.054286	-0.622109	0.289818	-0.371053	-0.141199	0.917814	-0.431939	0.901185	-0.035983	-0.822040	-0.409791	-0.395376
22733	8.536536	-0.536393	-4.578147	-0.296453	-0.568710	0.294461	-0.377054	-0.140916	0.915409	-0.428560	0.902733	-0.037558	-0.821077	-0.406469	-0.400770
22734	8.218064	-0.834578	-4.498700	-0.458356	-0.507491	0.292660	-0.382450	-0.140348	0.913255	-0.423695	0.904993	-0.038355	-0.821106	-0.401610	-0.405579
22735	8.071635	-0.936982	-4.313669	-0.539540	-0.415313	0.294729	-0.387176	-0.139410	0.911405	-0.418312	0.907470	-0.038896	-0.821650	-0.396312	-0.409667
22736	7.946414	-0.845657	-3.943665	-0.557110	-0.278928	0.294169	-0.390674	-0.137862	0.910147	-0.412598	0.910067	-0.039255	-0.822883	-0.390861	-0.412421
22737	7.974633	-0.918155	-3.451666	-0.567767	-0.092127	0.284042	-0.392625	-0.135697	0.909633	-0.406958	0.912592	-0.039517	-0.824761	-0.385698	-0.413529
22738	7.825007	-1.313286	-3.223329	-0.529069	0.090891	0.261034	-0.392912	-0.132990	0.909909	-0.401573	0.914967	-0.039675	-0.827260	-0.380984	-0.412907
22739	8.043017	-2.088133	-3.004183	-0.477808	0.236589	0.228498	-0.391951	-0.130008	0.910754	-0.396786	0.917046	-0.039854	-0.830022	-0.376995	-0.411022
22740	8.788170	-2.611503	-2.697004	-0.250171	0.373451	0.195335	-0.389602	-0.126839	0.912207	-0.393954	0.918234	-0.040579	-0.832473	-0.375177	-0.407714
22741	9.043529	-2.711535	-2.457215	0.122703	0.500851	0.174811	-0.386173	-0.123351	0.914141	-0.394369	0.917958	-0.042733	-0.833872	-0.377011	-0.403137
22742	8.964206	-2.482771	-2.321179	0.466135	0.618005	0.163186	-0.381648	-0.119536	0.916546	-0.397641	0.916384	-0.046061	-0.834402	-0.382035	-0.397268
22743	9.026393	-1.959999	-2.306352	0.670935	0.739471	0.143768	-0.376085	-0.115370	0.919375	-0.402776	0.913928	-0.050075	-0.834465	-0.389134	-0.390183
22744	9.051695	-1.410878	-2.170725	0.724229	0.846565	0.124156	-0.369506	-0.110938	0.922582	-0.408367	0.911220	-0.053984	-0.834687	-0.396700	-0.382005
22745	9.232150	-1.082211	-2.175991	0.646203	0.956896	0.087187	-0.361912	-0.106345	0.926126	-0.413598	0.908655	-0.057288	-0.835437	-0.403777	-0.372838
22746	9.224508	-1.087357	-2.186934	0.524598	1.048606	0.076679	-0.353445	-0.101411	0.929942	-0.417721	0.906599	-0.059898	-0.837010	-0.409627	-0.362794
22747	9.169905	-1.273396	-2.332087	0.436574	1.142604	0.074339	-0.344254	-0.096029	0.933953	-0.421229	0.904817	-0.062232	-0.839080	-0.414831	-0.351937
22748	9.056077	-1.565598	-2.478675	0.431255	1.221720	0.077537	-0.334299	-0.090256	0.938135	-0.424599	0.903087	-0.064419	-0.841404	-0.419866	-0.340224
22749	9.010569	-1.762585	-2.758839	0.530037	1.301110	0.080001	-0.323718	-0.083970	0.942420	-0.428810	0.900905	-0.067024	-0.843403	-0.425816	-0.327646
22750	8.961139	-1.556984	-2.888431	0.660198	1.385171	0.067611	-0.312298	-0.077441	0.946823	-0.434177	0.898123	-0.069750	-0.844962	-0.432871	-0.314105
22751	8.978734	-1.069284	-2.951759	0.701757	1.463231	0.046061	-0.300134	-0.070609	0.951280	-0.440049	0.895050	-0.072402	-0.846331	-0.440340	-0.299706
22752	9.051175	-0.654659	-2.913868	0.655027	1.538469	0.028891	-0.287210	-0.063550	0.955757	-0.445521	0.892161	-0.074560	-0.847951	-0.447224	-0.284550
22753	9.065075	-0.403139	-2.974514	0.578031	1.616512	0.006827	-0.273555	-0.056183	0.960214	-0.450498	0.889512	-0.076296	-0.849835	-0.453445	-0.268641
22754	9.154800	-0.221158	-2.848102	0.453329	1.676595	-0.010595	-0.259220	-0.048659	0.964592	-0.454391	0.887438	-0.077343	-0.852252	-0.458351	-0.252152
22755	9.317647	-0.310742	-2.958912	0.306240	1.733679	-0.026236	-0.244314	-0.040860	0.968835	-0.457097	0.885999	-0.077901	-0.855204	-0.461884	-0.235139
22756	9.351796	-0.544590	-2.863094	0.203807	1.788326	-0.039833	-0.228789	-0.032956	0.972918	-0.458943	0.885040	-0.077944	-0.858503	-0.464347	-0.217612
22757	9.308506	-0.589407	-2.698926	0.157098	1.819192	-0.047123	-0.212938	-0.024821	0.976750	-0.460355	0.884311	-0.077888	-0.861818	-0.466238	-0.199730
22758	9.336508	-0.427131	-2.508442	0.136777	1.833576	-0.053752	-0.196840	-0.016758	0.980292	-0.461651	0.883661	-0.077592	-0.864946	-0.467826	-0.181676
22759	9.379588	-0.234836	-2.321333	0.118623	1.840362	-0.059094	-0.180618	-0.008579	0.983516	-0.462758	0.883110	-0.077280	-0.867890	-0.469088	-0.163476
22760	9.481154	-0.085596	-2.160461	0.077352	1.826970	-0.061862	-0.164430	-0.000574	0.986389	-0.463541	0.882745	-0.076758	-0.870685	-0.469853	-0.145416
22761	9.433782	-0.004953	-2.001703	0.063315	1.812925	-0.083250	-0.148241	0.007275	0.988925	-0.464226	0.882443	-0.076080	-0.873223	-0.470363	-0.127437
22762	9.622343	0.173112	-1.812676	0.032865	1.790949	-0.102391	-0.132086	0.014771	0.991128	-0.464660	0.882301	-0.075073	-0.875582	-0.470454	-0.109676
22763	9.694242	0.391149	-1.562880	-0.020507	1.752273	-0.107059	-0.116178	0.022090	0.992983	-0.464658	0.882393	-0.073995	-0.877836	-0.469994	-0.092250
22764	9.712247	0.512928	-1.366492	-0.109828	1.693163	-0.104071	-0.100793	0.029092	0.994482	-0.463807	0.882937	-0.072837	-0.880184	-0.468590	-0.075500
22765	9.816933	0.298849	-1.269099	-0.211339	1.625856	-0.084588	-0.086060	0.035945	0.995641	-0.462126	0.883898	-0.071855	-0.882628	-0.466296	-0.059458
22766	9.852042	0.128282	-1.198407	-0.246139	1.557821	-0.074252	-0.071930	0.042505	0.996504	-0.460011	0.885074	-0.070957	-0.884995	-0.463506	-0.044111
22767	9.614423	-0.046501	-1.060094	-0.233552	1.469714	-0.068001	-0.058574	0.048744	0.997092	-0.457944	0.886203	-0.070225	-0.887049	-0.460726	-0.029587
22768	9.489206	-0.219504	-1.057745	-0.169043	1.376260	-0.060704	-0.046060	0.054506	0.997451	-0.456475	0.887014	-0.069550	-0.888543	-0.458515	-0.015975
22769	9.436495	-0.109140	-0.999557	-0.069261	1.268576	-0.048809	-0.034509	0.059938	0.997605	-0.455785	0.887405	-0.069083	-0.889421	-0.457078	-0.003305
22770	9.411603	0.126216	-0.812386	0.002557	1.147583	-0.028761	-0.024151	0.064898	0.997600	-0.455816	0.887414	-0.068765	-0.889746	-0.456383	0.008150
22771	9.432726	0.346649	-0.695351	0.045076	1.014532	-0.009399	-0.015002	0.069497	0.997469	-0.456073	0.887288	-0.068679	-0.889816	-0.455950	0.018385
22772	9.354686	0.402225	-0.703302	0.058824	0.888923	-0.003372	-0.007058	0.073494	0.997271	-0.456596	0.887025	-0.068601	-0.889646	-0.455834	0.027296
22773	9.233218	0.299350	-0.612636	0.065070	0.762273	0.001089	-0.000192	0.077002	0.997031	-0.457105	0.886765	-0.068574	-0.889413	-0.455761	0.035027
22774	9.126964	0.185076	-0.549887	0.110101	0.627727	0.006107	0.005380	0.079893	0.996789	-0.458083	0.886262	-0.068561	-0.888893	-0.456243	0.041366
22775	9.065182	-0.022270	-0.415366	0.152679	0.502641	0.003167	0.009933	0.082242	0.996563	-0.459329	0.885621	-0.068508	-0.888211	-0.457069	0.046573
22776	8.981390	-0.337825	-0.490513	0.225802	0.365555	0.008386	0.013158	0.083964	0.996382	-0.461332	0.884583	-0.068451	-0.887130	-0.458762	0.050375
22777	9.147969	-0.449955	-0.388882	0.327565	0.233136	0.023818	0.015270	0.085294	0.996239	-0.463993	0.883186	-0.068503	-0.885707	-0.461202	0.053061
22778	9.110032	-0.713731	-0.907192	0.477624	0.094283	0.032651	0.015971	0.085993	0.996168	-0.468221	0.880949	-0.068540	-0.883467	-0.465332	0.054333
22779	8.817802	-0.385384	-0.883606	0.662976	-0.068655	0.039813	0.015297	0.086017	0.996176	-0.474024	0.877842	-0.068520	-0.880379	-0.471164	0.054202
22780	8.737534	-0.055057	-1.141254	0.703480	-0.224571	0.041426	0.013145	0.085290	0.996269	-0.480210	0.874473	-0.068527	-0.877055	-0.477517	0.052452
22781	8.680714	0.173790	-1.258243	0.693196	-0.368134	0.044795	0.009776	0.083893	0.996427	-0.486284	0.871106	-0.068571	-0.873746	-0.483877	0.049312
22782	8.605333	0.167455	-1.213364	0.664599	-0.497227	0.057930	0.005176	0.081951	0.996623	-0.492083	0.867825	-0.068804	-0.870533	-0.490065	0.044818
22783	8.826369	0.266302	-0.812629	0.547508	-0.592807	0.097855	-0.000436	0.079882	0.996804	-0.496785	0.865083	-0.069543	-0.867874	-0.495228	0.039307
22784	9.293204	0.360644	-0.250335	0.311667	-0.609702	0.110752	-0.006254	0.077785	0.996951	-0.499482	0.863451	-0.070503	-0.866302	-0.498400	0.033452
22785	9.514894	0.018777	0.201770	0.179366	-0.562392	0.112203	-0.011631	0.075954	0.997043	-0.500888	0.862549	-0.071552	-0.865434	-0.500240	0.028012
22786	9.365659	-0.480903	0.386813	0.189419	-0.509905	0.113079	-0.016589	0.074349	0.997094	-0.502509	0.861518	-0.072600	-0.864413	-0.502253	0.023070
22787	9.272613	-0.408012	0.678863	0.160266	-0.451273	0.107599	-0.020951	0.072994	0.997112	-0.503778	0.860693	-0.073592	-0.863579	-0.503865	0.018740
22788	9.416230	-0.147978	0.793602	0.107183	-0.390816	0.098185	-0.024800	0.071843	0.997108	-0.504680	0.860084	-0.074522	-0.862950	-0.505068	0.014928
22789	9.492972	0.119170	0.956797	-0.001496	-0.311902	0.084494	-0.027824	0.071017	0.997087	-0.504417	0.860167	-0.075341	-0.863012	-0.505044	0.011889
22790	9.613326	0.374390	0.758626	-0.119500	-0.252545	0.077886	-0.030376	0.070388	0.997057	-0.503362	0.860718	-0.076099	-0.863542	-0.504192	0.009285
22791	9.589929	1.397399	-0.288210	-0.131940	-0.250641	0.059097	-0.032844	0.069616	0.997033	-0.502189	0.861351	-0.076686	-0.864134	-0.503218	0.006670
22792	9.585192	3.279773	1.069985	-0.417554	-0.336806	0.038906	-0.035933	0.068238	0.997022	-0.498562	0.863422	-0.077063	-0.866109	-0.499847	0.002996
22793	10.707887	0.904887	2.028277	-1.647313	-0.412513	0.077072	-0.039902	0.066855	0.996965	-0.484145	0.871520	-0.077820	-0.874078	-0.485780	-0.002408
22794	12.367136	-4.963116	0.864425	-1.473245	-0.577387	0.165883	-0.045741	0.065513	0.996803	-0.471145	0.878479	-0.079356	-0.880869	-0.473269	-0.009316
22795	11.993674	-6.018046	-0.806868	-0.141484	-0.710062	0.195475	-0.052872	0.063882	0.996556	-0.469632	0.879114	-0.081270	-0.881278	-0.472312	-0.016479
22796	10.739160	-2.242747	-0.003314	0.972004	-0.824201	0.221027	-0.061142	0.061865	0.996210	-0.478048	0.874343	-0.083637	-0.876203	-0.481349	-0.023885
22797	10.530765	0.890357	0.060424	1.442859	-0.810750	0.251033	-0.069477	0.060076	0.995773	-0.490502	0.867132	-0.086539	-0.868666	-0.494441	-0.030778
22798	9.314618	2.850157	0.415659	0.956843	-0.731870	0.211404	-0.076841	0.058229	0.995342	-0.498634	0.862238	-0.088937	-0.863400	-0.503146	-0.037220
22799	9.398196	3.153649	-0.166090	0.142563	-0.659125	0.167618	-0.083373	0.056357	0.994924	-0.499642	0.861474	-0.090667	-0.862211	-0.504664	-0.043666
22800	9.753213	0.584386	-1.853372	-0.393658	-0.590077	0.207074	-0.089476	0.055149	0.994461	-0.496066	0.863342	-0.092511	-0.863662	-0.501596	-0.049891
22801	9.784514	-0.877918	-3.015796	-0.407609	-0.560035	0.277524	-0.095646	0.054728	0.993910	-0.492212	0.865275	-0.095012	-0.865205	-0.498302	-0.055823
22802	9.577849	-0.963017	-2.966428	-0.458267	-0.507777	0.305274	-0.101520	0.054827	0.993321	-0.487943	0.867385	-0.097745	-0.866952	-0.494608	-0.061305
22803	9.471000	-1.226929	-2.987455	-0.606697	-0.459540	0.290024	-0.106932	0.055063	0.992740	-0.482320	0.870243	-0.100221	-0.869444	-0.489536	-0.066499
22804	10.062682	-2.001279	-2.871325	-0.773581	-0.402718	0.238646	-0.111563	0.055161	0.992225	-0.475322	0.873876	-0.102025	-0.872710	-0.483009	-0.071273
22805	10.397652	-2.989923	-2.692951	-0.671145	-0.357951	0.197897	-0.115641	0.055111	0.991761	-0.469297	0.876959	-0.103453	-0.875435	-0.477394	-0.075549
22806	10.394111	-3.106065	-2.234702	-0.426507	-0.328287	0.178325	-0.119332	0.055091	0.991325	-0.465352	0.878892	-0.104860	-0.877045	-0.473828	-0.079244
22807	10.063635	-2.780815	-1.987209	-0.249201	-0.298359	0.161269	-0.122733	0.055057	0.990911	-0.462990	0.879974	-0.106239	-0.877825	-0.471821	-0.082511
22808	9.941058	-2.489845	-1.894915	-0.060857	-0.284558	0.142149	-0.125870	0.054941	0.990524	-0.462281	0.880186	-0.107565	-0.877755	-0.471439	-0.085390
22809	10.067093	-2.025617	-1.925348	0.107747	-0.265451	0.116969	-0.128759	0.054690	0.990167	-0.463046	0.879631	-0.108798	-0.876932	-0.472502	-0.087936
22810	10.021601	-1.695786	-1.973125	0.189728	-0.242363	0.106205	-0.131356	0.054452	0.989839	-0.464573	0.878678	-0.109988	-0.875738	-0.474300	-0.090123
22811	10.077914	-1.516213	-1.930325	0.302249	-0.219738	0.110489	-0.133797	0.054335	0.989518	-0.467083	0.877178	-0.111322	-0.874032	-0.477082	-0.091985
22812	9.921912	-1.305936	-1.801121	0.431338	-0.200986	0.120227	-0.136096	0.054400	0.989201	-0.470688	0.875049	-0.112881	-0.871740	-0.480967	-0.093486
22813	9.840662	-0.997677	-1.453178	0.488390	-0.173202	0.124278	-0.138168	0.054616	0.988902	-0.474750	0.872637	-0.114526	-0.869208	-0.485305	-0.094641
22814	9.623684	-0.934685	-1.153589	0.487144	-0.158056	0.129124	-0.140136	0.054946	0.988607	-0.478801	0.870195	-0.116235	-0.866667	-0.489634	-0.095637
22815	9.527158	-0.838521	-0.770920	0.502302	-0.169577	0.147152	-0.142316	0.055359	0.988272	-0.482919	0.867658	-0.118146	-0.864023	-0.494069	-0.096748
22816	9.347227	-0.716201	-0.520692	0.504709	-0.164035	0.155860	-0.144468	0.055871	0.987931	-0.487052	0.865070	-0.120146	-0.861342	-0.498530	-0.097762
22817	9.236066	-0.638024	-0.250406	0.483397	-0.167840	0.165874	-0.146729	0.056462	0.987564	-0.490840	0.862631	-0.122246	-0.858806	-0.502673	-0.098859
22818	9.122681	-0.348477	-0.188795	0.457368	-0.186859	0.196385	-0.149279	0.057186	0.987140	-0.494474	0.860214	-0.124609	-0.856278	-0.506716	-0.100135
22819	9.220876	0.143970	-0.184025	0.380526	-0.207094	0.225532	-0.152189	0.058041	0.986646	-0.497355	0.858171	-0.127200	-0.854094	-0.510072	-0.101738
22820	9.321637	0.652683	-0.200350	0.260580	-0.229268	0.254775	-0.155395	0.059029	0.986087	-0.499189	0.856693	-0.129949	-0.852445	-0.512437	-0.103659
22821	9.292309	0.816558	0.013712	0.076871	-0.262667	0.290543	-0.159090	0.060153	0.985430	-0.499293	0.856185	-0.132871	-0.851702	-0.513156	-0.106177
22822	9.414004	0.406299	0.058710	-0.066060	-0.299212	0.320496	-0.163217	0.061338	0.984682	-0.498216	0.856332	-0.135926	-0.851552	-0.512770	-0.109208
22823	9.359819	-0.621830	0.067925	-0.125909	-0.337677	0.342392	-0.167782	0.062522	0.983839	-0.496486	0.856824	-0.139121	-0.851675	-0.511804	-0.112718
22824	9.557636	-1.831035	-0.502889	-0.000259	-0.377433	0.355474	-0.172740	0.063611	0.982911	-0.495881	0.856605	-0.142585	-0.851036	-0.512037	-0.116426
22825	9.712550	-2.329409	-1.001049	0.191860	-0.393396	0.351706	-0.177837	0.064586	0.981938	-0.496803	0.855453	-0.146241	-0.849447	-0.513837	-0.120045
22826	9.867303	-2.108009	-1.216290	0.305061	-0.403583	0.343912	-0.182953	0.065421	0.980943	-0.498774	0.853661	-0.149957	-0.847203	-0.516703	-0.123549
22827	9.931246	-1.738696	-1.368364	0.208039	-0.395089	0.311941	-0.187835	0.066007	0.979980	-0.499915	0.852411	-0.153234	-0.845460	-0.518689	-0.127115
22828	9.856589	-1.867847	-1.488538	0.050432	-0.372600	0.276952	-0.192348	0.066409	0.979077	-0.499818	0.851970	-0.155981	-0.844503	-0.519363	-0.130682
22829	9.935048	-2.281763	-1.693308	-0.051170	-0.354931	0.244509	-0.196584	0.066615	0.978221	-0.498882	0.852094	-0.158282	-0.844080	-0.519132	-0.134275
22830	9.974900	-2.626235	-2.166646	-0.027356	-0.330334	0.217761	-0.200438	0.066732	0.977431	-0.498222	0.852094	-0.160343	-0.843564	-0.519116	-0.137544
22831	9.902860	-2.788465	-2.610878	0.001291	-0.296618	0.174595	-0.203845	0.066662	0.976731	-0.497810	0.852013	-0.162044	-0.842990	-0.519258	-0.140493
22832	10.051221	-2.845165	-2.995554	0.067633	-0.257006	0.143628	-0.206705	0.066526	0.976139	-0.498089	0.851570	-0.163511	-0.842128	-0.520003	-0.142888
22833	10.040339	-2.853754	-3.317298	0.167834	-0.205072	0.103717	-0.208946	0.066296	0.975677	-0.499296	0.850629	-0.164726	-0.840860	-0.521570	-0.144634
22834	9.986739	-2.354074	-3.159919	0.234817	-0.154003	0.072028	-0.210580	0.066079	0.975341	-0.501121	0.849358	-0.165738	-0.839365	-0.523665	-0.145744
22835	9.939152	-2.018769	-2.933341	0.220811	-0.107278	0.051717	-0.211792	0.065880	0.975092	-0.502957	0.848114	-0.166545	-0.837961	-0.525702	-0.146489
22836	9.825531	-1.782600	-2.599010	0.198449	-0.065272	0.039000	-0.212515	0.065843	0.974937	-0.504540	0.847047	-0.167185	-0.836825	-0.527424	-0.146790
22837	9.712549	-1.746886	-2.279118	0.174454	-0.028059	0.030156	-0.212905	0.065913	0.974847	-0.505920	0.846121	-0.167702	-0.835892	-0.528899	-0.146796
22838	9.566894	-1.612895	-1.840357	0.192805	-0.005007	0.020888	-0.213032	0.066040	0.974811	-0.507491	0.845090	-0.168157	-0.834908	-0.530530	-0.146517
22839	9.475884	-1.493310	-1.381523	0.162154	0.001877	0.022561	-0.213129	0.066219	0.974777	-0.508733	0.844257	-0.168584	-0.834126	-0.531832	-0.146248
22840	9.654437	-1.413687	-1.160557	0.143489	-0.007983	0.024765	-0.213302	0.066362	0.974730	-0.509881	0.843480	-0.169004	-0.833381	-0.533045	-0.146080
22841	9.378893	-1.006812	-0.901286	0.028644	-0.000751	-0.000055	-0.213309	0.066319	0.974731	-0.510102	0.843345	-0.169010	-0.833244	-0.533264	-0.146063
22842	9.764793	-2.042464	-0.957263	-0.101592	-0.018218	0.029476	-0.213591	0.066447	0.974661	-0.509197	0.843871	-0.169118	-0.833725	-0.532416	-0.146408
22843	9.398661	-1.909976	-0.653463	-0.026094	-0.036952	0.002884	-0.213951	0.066254	0.974595	-0.508906	0.844050	-0.169098	-0.833810	-0.532156	-0.146868
22844	9.383442	-1.056963	0.024905	-0.131884	-0.080961	0.005803	-0.214635	0.065849	0.974472	-0.507797	0.844751	-0.168929	-0.834310	-0.531093	-0.147876
22845	9.312943	-1.936532	0.135965	-0.229606	-0.125676	0.004491	-0.215761	0.065174	0.974269	-0.505881	0.845961	-0.168623	-0.835183	-0.529247	-0.149555
22846	8.967141	-2.218620	0.231475	-0.135613	-0.182127	-0.010021	-0.217212	0.064102	0.974017	-0.504774	0.846689	-0.168290	-0.835477	-0.528213	-0.151554
22847	9.035546	-2.153258	0.136464	0.002518	-0.236728	-0.016064	-0.219113	0.062670	0.973685	-0.504855	0.846677	-0.168105	-0.834932	-0.528403	-0.153879
22848	9.131109	-1.760239	-0.101039	0.046496	-0.290698	-0.004615	-0.221496	0.061070	0.973247	-0.505257	0.846438	-0.168101	-0.834060	-0.528973	-0.156626
22849	9.586124	-1.190459	-0.471086	0.023214	-0.326568	0.000429	-0.224232	0.059310	0.972729	-0.505459	0.846314	-0.168120	-0.833205	-0.529373	-0.159791
22850	9.634302	-0.998945	-0.770196	-0.128860	-0.341908	0.011097	-0.227117	0.057572	0.972164	-0.504365	0.846992	-0.167988	-0.833087	-0.528478	-0.163329
22851	9.334310	-1.273165	-0.987154	-0.227891	-0.359193	0.006881	-0.230176	0.055701	0.971553	-0.502448	0.848194	-0.167667	-0.833405	-0.526749	-0.167247
22852	9.249720	-1.450394	-1.012379	-0.262151	-0.380589	0.006695	-0.233363	0.053733	0.970904	-0.500252	0.849572	-0.167257	-0.833840	-0.524728	-0.171379
22853	9.202623	-1.924088	-1.135136	-0.259396	-0.404054	0.011036	-0.236804	0.051689	0.970181	-0.498035	0.850944	-0.166898	-0.834197	-0.522706	-0.175764
22854	9.216427	-2.222448	-1.355946	-0.161333	-0.435471	0.002473	-0.240429	0.049412	0.969408	-0.496688	0.851789	-0.166604	-0.833964	-0.521550	-0.180253
22855	9.428718	-2.050658	-1.269641	-0.073875	-0.456722	-0.002440	-0.244225	0.046986	0.968580	-0.496068	0.852185	-0.166422	-0.833229	-0.521126	-0.184817
22856	9.502517	-1.931178	-1.208363	-0.040202	-0.474079	-0.011843	-0.248095	0.044391	0.967718	-0.495768	0.852403	-0.166201	-0.832264	-0.520997	-0.189470
22857	9.552417	-1.746858	-1.146389	-0.014864	-0.503539	-0.018716	-0.252226	0.041527	0.966777	-0.495815	0.852421	-0.165970	-0.830993	-0.521204	-0.194413
22858	9.555779	-1.509248	-1.020190	-0.024481	-0.532599	-0.024958	-0.256505	0.038514	0.965775	-0.495680	0.852562	-0.165649	-0.829763	-0.521205	-0.199596
22859	9.602110	-1.496599	-0.868625	-0.049587	-0.570755	-0.038601	-0.261062	0.035163	0.964681	-0.495419	0.852809	-0.165155	-0.828497	-0.521037	-0.205216
22860	9.642711	-1.327821	-0.566705	-0.036652	-0.621598	-0.043749	-0.265971	0.031527	0.963465	-0.495236	0.853018	-0.164626	-0.827043	-0.520929	-0.211265
22861	9.549708	-1.017646	0.226535	-0.066737	-0.682688	-0.040498	-0.271465	0.027574	0.962053	-0.494845	0.853348	-0.164091	-0.825491	-0.520612	-0.218009
22862	9.484337	-0.888263	0.710334	-0.107655	-0.767278	-0.032610	-0.277612	0.023280	0.960411	-0.494053	0.853919	-0.163507	-0.823919	-0.519885	-0.225557
22863	9.366408	-0.585546	1.253925	-0.147016	-0.882327	-0.016950	-0.284801	0.018495	0.958408	-0.492973	0.854642	-0.162985	-0.822111	-0.518888	-0.234286
22864	9.532684	-0.193593	1.925844	-0.274155	-1.007720	0.004990	-0.293083	0.013296	0.955994	-0.490713	0.856063	-0.162346	-0.820550	-0.516700	-0.244374
22865	9.708622	-0.017769	2.121880	-0.370919	-1.148874	0.037510	-0.302715	0.007671	0.953050	-0.487576	0.857962	-0.161773	-0.818922	-0.513656	-0.255978
22866	9.880236	0.188844	1.594757	-0.479318	-1.281930	0.065920	-0.313504	0.001654	0.949586	-0.483459	0.860413	-0.161111	-0.817302	-0.509594	-0.268943
22867	10.011002	0.100735	0.150844	-0.511371	-1.399318	0.095995	-0.325470	-0.004614	0.945541	-0.478915	0.863039	-0.160639	-0.815297	-0.505117	-0.283103
22868	10.263795	0.489922	-0.956248	-0.524370	-1.498917	0.129331	-0.338270	-0.011057	0.940984	-0.474224	0.865687	-0.160304	-0.812825	-0.500464	-0.298080
22869	10.475812	0.986058	-1.532602	-0.576385	-1.569352	0.145492	-0.351747	-0.017657	0.935929	-0.469094	0.868550	-0.159912	-0.810077	-0.495287	-0.313793
22870	10.727411	1.164222	-1.198607	-0.636284	-1.643891	0.166323	-0.365797	-0.024329	0.930377	-0.463360	0.871719	-0.159385	-0.807149	-0.489402	-0.330145
22871	11.383008	0.770300	-0.473110	-0.690866	-1.739483	0.175273	-0.380660	-0.031303	0.924185	-0.457183	0.875105	-0.158667	-0.803792	-0.482920	-0.347428
22872	12.458529	0.395508	0.902820	-0.769489	-1.850294	0.172574	-0.396264	-0.038683	0.917322	-0.450351	0.878853	-0.157482	-0.800099	-0.475521	-0.365678
22873	13.585310	0.260651	0.880451	-0.682996	-1.958944	0.183898	-0.412746	-0.046332	0.909667	-0.444158	0.882157	-0.156598	-0.795213	-0.468672	-0.384685
22874	13.911002	0.923611	-0.361832	-0.634121	-2.024595	0.235667	-0.429810	-0.053697	0.901321	-0.438151	0.885226	-0.156202	-0.789485	-0.462052	-0.404007
22875	14.159830	1.518181	-2.638328	-0.557483	-2.056352	0.341657	-0.447468	-0.060156	0.892274	-0.432319	0.887958	-0.156940	-0.782862	-0.455973	-0.423340
22876	14.571410	2.761876	-3.876872	-0.625861	-2.041945	0.461994	-0.465351	-0.065313	0.882713	-0.425343	0.891080	-0.158302	-0.776229	-0.449122	-0.442445
22877	14.483035	3.750522	-2.818865	-0.991927	-2.027787	0.544792	-0.483306	-0.069477	0.872690	-0.415102	0.895850	-0.158568	-0.770782	-0.438892	-0.461810
22878	13.941574	3.301812	-1.081661	-1.296152	-2.050823	0.579547	-0.501418	-0.073160	0.862107	-0.402301	0.901866	-0.157452	-0.765986	-0.425775	-0.481644
22879	13.592817	2.497136	0.587110	-1.468239	-2.087740	0.589489	-0.519652	-0.076591	0.850938	-0.388091	0.908454	-0.155232	-0.761149	-0.410908	-0.501804
22880	12.722223	0.294878	0.356401	-1.613308	-2.088690	0.620580	-0.537845	-0.079370	0.839299	-0.372582	0.915435	-0.152190	-0.756245	-0.394563	-0.521933
22881	11.073070	-2.769159	-3.217244	-1.237952	-2.081153	0.661359	-0.555896	-0.081399	0.827257	-0.359653	0.920774	-0.151077	-0.749420	-0.381509	-0.541130
22882	9.428066	-5.436438	-6.866877	-0.882215	-2.019853	0.633995	-0.573184	-0.083183	0.815194	-0.349514	0.924617	-0.151403	-0.741148	-0.371703	-0.559049
22883	8.381108	-6.123595	-8.416540	-0.396046	-1.986235	0.547347	-0.589658	-0.085474	0.803117	-0.343440	0.926538	-0.153548	-0.730994	-0.366363	-0.575696
22884	8.564127	-7.084750	-8.254617	-0.166940	-1.970195	0.476626	-0.605564	-0.088269	0.790886	-0.339396	0.927559	-0.156345	-0.719794	-0.363101	-0.591655
22885	9.645988	-7.622850	-7.369656	0.212163	-1.936636	0.397604	-0.620688	-0.091646	0.778683	-0.338515	0.927135	-0.160713	-0.707215	-0.363348	-0.606485
22886	9.467221	-7.590263	-6.020059	0.462977	-1.902550	0.258640	-0.634879	-0.096214	0.766597	-0.340151	0.925688	-0.165525	-0.693704	-0.365848	-0.620427
22887	8.870269	-7.009989	-5.304594	0.627284	-1.899768	0.098378	-0.648215	-0.102327	0.754550	-0.343897	0.923454	-0.170201	-0.679376	-0.369814	-0.633786
22888	7.829001	-7.208710	-5.456086	0.678838	-1.828302	-0.104734	-0.660129	-0.110121	0.743036	-0.349164	0.920815	-0.173736	-0.665067	-0.374130	-0.646307
22889	6.704758	-6.976721	-5.992255	0.836969	-1.714530	-0.273089	-0.670398	-0.119136	0.732375	-0.356583	0.917307	-0.177188	-0.650703	-0.379939	-0.657443
22890	5.924703	-5.952521	-6.191390	1.075843	-1.556452	-0.411199	-0.678914	-0.128901	0.722815	-0.366300	0.912665	-0.181295	-0.636318	-0.387851	-0.666837
22891	5.484924	-5.076956	-6.594897	1.113615	-1.388415	-0.527782	-0.685641	-0.139195	0.714507	-0.377027	0.907539	-0.184995	-0.622693	-0.396229	-0.674727
22892	5.685561	-4.539620	-7.117095	1.045743	-1.225699	-0.594415	-0.690910	-0.149505	0.707313	-0.387585	0.902494	-0.187836	-0.610263	-0.403922	-0.681488
22893	6.120711	-3.570921	-7.892805	1.056019	-1.140107	-0.629811	-0.695270	-0.159874	0.700743	-0.398456	0.897152	-0.190660	-0.598191	-0.411776	-0.687465
22894	5.901110	-2.594096	-6.784659	0.642163	-1.012758	-0.680337	-0.698524	-0.170182	0.695056	-0.407028	0.893368	-0.190321	-0.588551	-0.415851	-0.693308
22895	6.140242	-1.194242	-5.685348	0.400812	-0.790225	-0.729717	-0.700092	-0.180039	0.690983	-0.414602	0.890354	-0.188083	-0.581357	-0.418158	-0.697974
22896	6.281616	-0.805051	-5.199756	0.187002	-0.524295	-0.739302	-0.700025	-0.188833	0.688700	-0.420881	0.888203	-0.184267	-0.576910	-0.418852	-0.701240
22897	6.124564	-1.368485	-5.353054	0.144725	-0.280368	-0.706059	-0.698588	-0.196325	0.688064	-0.426775	0.886172	-0.180451	-0.574315	-0.419709	-0.702856
22898	5.808255	-1.935297	-5.771902	0.323359	-0.054154	-0.663910	-0.696027	-0.202454	0.688882	-0.433279	0.883481	-0.178129	-0.572552	-0.422461	-0.702646
22899	5.481559	-2.269802	-5.922823	0.565285	0.140354	-0.624106	-0.692436	-0.207411	0.691023	-0.440967	0.879732	-0.177817	-0.571034	-0.427845	-0.700620
22900	5.392674	-2.046124	-5.889995	0.703778	0.325003	-0.582793	-0.687972	-0.211149	0.694342	-0.449025	0.875472	-0.178675	-0.570150	-0.434701	-0.697112
22901	5.452050	-1.971946	-5.875404	0.741475	0.526918	-0.570997	-0.682318	-0.213874	0.699071	-0.457289	0.870937	-0.179875	-0.570376	-0.442409	-0.692059
22902	5.526247	-2.279722	-5.874559	0.811586	0.688261	-0.544479	-0.675859	-0.215554	0.704805	-0.465639	0.866138	-0.181620	-0.571310	-0.450935	-0.685758
22903	5.446240	-2.072997	-5.757662	0.838685	0.833649	-0.506365	-0.668648	-0.216177	0.711461	-0.473964	0.861152	-0.183781	-0.572947	-0.460092	-0.678268
22904	5.383589	-2.195886	-5.862584	0.827107	0.968951	-0.482798	-0.660759	-0.215845	0.718894	-0.481941	0.856260	-0.185879	-0.575439	-0.469286	-0.669806
