// General information: 
//  MT Manager version: 2022.2.0 
//  XDA version: 2022.2.0 build 7381 rev 124627 built on 2023-07-19
// Device information: 
//  DeviceId: 00B4CB9F
//  ProductCode: MTW2-3A7G6
//  Firmware Version: 4.6.0
//  Hardware Version: 2.0.0
// Device settings: 
//  Filter Profile: human(46.1)
//  Option Flags: Orientation Smoother Disabled, Position/Velocity Smoother Disabled, Continuous Zero Rotation Update Disabled, AHS Disabled, ICC Disabled
// Coordinate system: ENU
PacketCounter	Acc_X	Acc_Y	Acc_Z	Gyr_X	Gyr_Y	Gyr_Z	Mat[1][1]	Mat[2][1]	Mat[3][1]	Mat[1][2]	Mat[2][2]	Mat[3][2]	Mat[1][3]	Mat[2][3]	Mat[3][3]
57006	9.638811	-0.471994	1.240012	-0.175855	0.006790	-0.024823	0.124768	0.045492	0.991143	0.060471	0.996743	-0.053361	-0.990342	0.066593	0.121610
57007	9.544798	-0.325335	1.103420	-0.206694	-0.027032	-0.043482	0.124428	0.045132	0.991202	0.062511	0.996624	-0.053226	-0.990258	0.068584	0.121187
57008	9.491371	-0.273053	1.044820	-0.242489	-0.053648	-0.054676	0.123789	0.044671	0.991303	0.064936	0.996480	-0.053014	-0.990182	0.070934	0.120453
57009	9.469726	-0.268482	1.028057	-0.255641	-0.091065	-0.066465	0.122799	0.044131	0.991450	0.067488	0.996327	-0.052707	-0.990134	0.073384	0.119369
57010	9.588289	-0.322755	1.045089	-0.274042	-0.103713	-0.071647	0.121650	0.043541	0.991618	0.070245	0.996155	-0.052357	-0.990084	0.076025	0.118124
57011	9.576242	-0.464373	1.044046	-0.286062	-0.112995	-0.070242	0.120436	0.042984	0.991790	0.073101	0.995966	-0.052042	-0.990026	0.078769	0.116808
57012	9.611314	-0.449129	0.884695	-0.288447	-0.132504	-0.067638	0.119002	0.042464	0.991986	0.075990	0.995765	-0.051742	-0.989982	0.081538	0.115272
57013	9.875938	-0.461330	0.606830	-0.299507	-0.140936	-0.071595	0.117508	0.041924	0.992187	0.078978	0.995549	-0.051420	-0.989926	0.084404	0.113673
57014	9.950634	-0.448977	0.409286	-0.279847	-0.137490	-0.078945	0.116011	0.041304	0.992389	0.081790	0.995344	-0.050988	-0.989875	0.087083	0.112093
57015	9.936218	-0.512736	0.420846	-0.244165	-0.148781	-0.081573	0.114427	0.040680	0.992598	0.084241	0.995165	-0.050496	-0.989854	0.089395	0.110447
57016	9.975794	-0.482564	0.444469	-0.234514	-0.141108	-0.074509	0.112891	0.040114	0.992797	0.086576	0.994987	-0.050047	-0.989828	0.091602	0.108852
57017	9.865880	-0.391910	0.458908	-0.207806	-0.113008	-0.061658	0.111675	0.039662	0.992953	0.088642	0.994823	-0.049706	-0.989783	0.093568	0.107581
57018	9.711771	-0.292506	0.589131	-0.189022	-0.107941	-0.054980	0.110481	0.039266	0.993102	0.090507	0.994670	-0.049396	-0.989749	0.095341	0.106339
57019	9.636443	-0.112283	0.533162	-0.181264	-0.120254	-0.054189	0.109198	0.038899	0.993259	0.092301	0.994520	-0.049096	-0.989725	0.097040	0.105009
57020	9.582621	-0.003998	0.542346	-0.190182	-0.159515	-0.056744	0.107491	0.038539	0.993459	0.094195	0.994359	-0.048765	-0.989734	0.098821	0.103254
57021	9.479216	0.040535	0.665806	-0.244388	-0.192706	-0.061383	0.105482	0.038178	0.993688	0.096619	0.994141	-0.048452	-0.989716	0.101120	0.101175
57022	9.433071	0.023145	0.629460	-0.337817	-0.229704	-0.061077	0.103074	0.037853	0.993953	0.099997	0.993819	-0.048218	-0.989634	0.104363	0.098651
57023	9.432173	-0.058017	0.324314	-0.380515	-0.253425	-0.069319	0.100452	0.037491	0.994235	0.103774	0.993445	-0.047946	-0.989515	0.107992	0.095903
57024	9.552432	-0.145294	0.037243	-0.357395	-0.266563	-0.083355	0.097651	0.037002	0.994533	0.107341	0.993088	-0.047488	-0.989415	0.111391	0.093004
57025	9.562426	-0.264407	-0.106268	-0.314003	-0.246324	-0.093520	0.095069	0.036409	0.994805	0.110478	0.992772	-0.046893	-0.989321	0.114362	0.090360
57026	9.504601	-0.442734	-0.010254	-0.232603	-0.253568	-0.091815	0.092384	0.035837	0.995078	0.112839	0.992538	-0.046222	-0.989309	0.116554	0.087651
57027	9.790020	-0.574098	0.155887	-0.143441	-0.248648	-0.072664	0.089800	0.035465	0.995328	0.114265	0.992400	-0.045670	-0.989383	0.117832	0.085065
57028	9.722006	-0.554567	0.392308	-0.075972	-0.228863	-0.061103	0.087388	0.035176	0.995553	0.115025	0.992336	-0.045160	-0.989511	0.118460	0.082672
57029	9.781487	-0.523781	0.572868	-0.021935	-0.197505	-0.043465	0.085342	0.035037	0.995736	0.115221	0.992329	-0.044792	-0.989667	0.118552	0.080650
57030	9.915828	-0.425484	0.779189	-0.013992	-0.166999	-0.040528	0.083564	0.034881	0.995892	0.115335	0.992332	-0.044434	-0.989806	0.118574	0.078900
57031	10.134613	-0.289590	0.834697	-0.039711	-0.127590	-0.035989	0.082217	0.034733	0.996009	0.115699	0.992302	-0.044154	-0.989876	0.118867	0.077566
57032	10.069950	-0.302871	0.930501	-0.055413	-0.096257	-0.032804	0.081151	0.034570	0.996102	0.116253	0.992249	-0.043907	-0.989899	0.119363	0.076503
57033	9.851325	-0.153663	1.197502	-0.057569	-0.100283	-0.019940	0.080092	0.034550	0.996188	0.116780	0.992191	-0.043800	-0.989923	0.119843	0.075432
57034	9.606832	-0.178479	1.361638	-0.061101	-0.093316	-0.007541	0.079083	0.034634	0.996266	0.117380	0.992120	-0.043808	-0.989933	0.120406	0.074395
57035	9.507371	-0.268172	1.400551	-0.072166	-0.074086	0.002217	0.078310	0.034804	0.996321	0.118034	0.992037	-0.043932	-0.989917	0.121040	0.073579
57036	9.472310	-0.438508	1.390827	-0.064046	-0.050114	0.009710	0.077750	0.035008	0.996358	0.118612	0.991960	-0.044109	-0.989892	0.121610	0.072972
57037	9.695201	-0.482625	1.337112	-0.036314	-0.042417	0.005556	0.077294	0.035173	0.996388	0.118909	0.991919	-0.044239	-0.989892	0.121899	0.072487
57038	9.953723	-0.677689	1.229344	-0.033907	0.014541	0.009241	0.077376	0.035294	0.996377	0.119189	0.991879	-0.044390	-0.989852	0.122192	0.072541
57039	10.104652	-0.742031	1.160419	0.000824	0.068385	0.025115	0.078041	0.035517	0.996317	0.119103	0.991876	-0.044688	-0.989810	0.122152	0.073176
57040	10.177955	-0.801892	1.095573	0.065515	0.114686	0.046297	0.079160	0.035884	0.996216	0.118395	0.991940	-0.045138	-0.989806	0.121520	0.074273
57041	10.168703	-0.584305	1.171263	0.091797	0.119731	0.071555	0.080387	0.036507	0.996095	0.117370	0.992030	-0.045830	-0.989829	0.120596	0.075462
57042	10.126679	-0.514739	1.165703	0.066431	0.125150	0.075827	0.081643	0.037157	0.995969	0.116595	0.992087	-0.046570	-0.989818	0.119927	0.076665
57043	9.945904	-0.558561	1.090654	0.062312	0.119672	0.067556	0.082864	0.037742	0.995846	0.115864	0.992141	-0.047243	-0.989803	0.119297	0.077840
57044	9.685925	-0.547460	0.956558	0.073790	0.101454	0.054596	0.083861	0.038211	0.995745	0.115025	0.992214	-0.047763	-0.989816	0.118541	0.078813
57045	9.619092	-0.665935	1.053651	0.077560	0.098778	0.037774	0.084840	0.038527	0.995649	0.114166	0.992295	-0.048126	-0.989832	0.117753	0.079788
57046	9.613827	-0.690397	1.142465	0.099099	0.116583	0.035688	0.085966	0.038793	0.995543	0.113130	0.992399	-0.048439	-0.989854	0.116790	0.080924
57047	9.512430	-0.684547	1.144076	0.127311	0.120919	0.030695	0.087155	0.039015	0.995430	0.111785	0.992539	-0.048689	-0.989903	0.115517	0.082143
57048	9.527193	-0.617573	1.053686	0.143073	0.111851	0.042467	0.088240	0.039356	0.995321	0.110288	0.992690	-0.049030	-0.989975	0.114098	0.083255
57049	9.615154	-0.561994	0.833939	0.151636	0.113944	0.050524	0.089381	0.039786	0.995203	0.108683	0.992846	-0.049453	-0.990050	0.112582	0.084417
57050	9.647206	-0.544450	0.829543	0.113333	0.096752	0.049619	0.090327	0.040219	0.995100	0.107488	0.992954	-0.049889	-0.990095	0.111467	0.085367
57051	9.738271	-0.537491	0.662068	0.058114	0.058081	0.041833	0.090904	0.040627	0.995031	0.106815	0.993006	-0.050303	-0.990115	0.110857	0.085929
57052	9.811018	-0.479924	0.481334	0.056945	0.035920	0.031214	0.091225	0.040947	0.994988	0.106169	0.993060	-0.050601	-0.990155	0.110253	0.086245
57053	9.708995	-0.498797	0.473937	0.071612	0.015469	0.025585	0.091363	0.041241	0.994963	0.105377	0.993132	-0.050842	-0.990226	0.109491	0.086389
57054	9.721280	-0.525043	0.506444	0.102790	-0.019823	0.022211	0.091121	0.041532	0.994973	0.104301	0.993237	-0.051012	-0.990363	0.108425	0.086173
57055	9.633645	-0.515063	0.602191	0.107645	-0.024653	0.012238	0.090847	0.041738	0.994990	0.103164	0.993351	-0.051088	-0.990507	0.107289	0.085937
57056	9.581472	-0.458454	0.680887	0.113323	-0.036093	0.002593	0.090427	0.041851	0.995023	0.102001	0.993473	-0.051056	-0.990666	0.106110	0.085568
57057	9.550011	-0.398931	0.844051	0.112423	-0.046190	-0.007161	0.089919	0.041886	0.995068	0.100834	0.993599	-0.050936	-0.990832	0.104917	0.085120
57058	9.514854	-0.415101	0.933072	0.089327	-0.035394	-0.006099	0.089494	0.041911	0.995105	0.099922	0.993696	-0.050838	-0.990962	0.103982	0.084742
57059	9.602320	-0.369811	0.984467	0.047104	-0.039261	-0.005836	0.089056	0.041951	0.995143	0.099401	0.993751	-0.050788	-0.991054	0.103441	0.084330
57060	9.627719	-0.417109	1.044998	0.009071	-0.051103	-0.010073	0.088473	0.041953	0.995195	0.099260	0.993768	-0.050717	-0.991121	0.103271	0.083757
57061	9.844744	-0.534224	0.997137	-0.005473	-0.057075	-0.008098	0.087856	0.041988	0.995248	0.099263	0.993769	-0.050688	-0.991175	0.103244	0.083140
57062	10.032308	-0.525063	0.981582	0.009102	-0.042203	-0.005939	0.087363	0.042022	0.995290	0.099122	0.993785	-0.050659	-0.991233	0.103080	0.082655
57063	10.055547	-0.498232	1.061760	0.015109	-0.044526	-0.002612	0.086876	0.042099	0.995329	0.098915	0.993805	-0.050668	-0.991296	0.102855	0.082174
57064	10.014367	-0.489664	1.172673	0.032554	-0.028492	0.005497	0.086529	0.042231	0.995354	0.098540	0.993839	-0.050733	-0.991364	0.102472	0.081835
57065	9.860806	-0.449789	1.241397	0.020059	-0.026700	0.013106	0.086234	0.042446	0.995370	0.098270	0.993857	-0.050895	-0.991416	0.102204	0.081534
57066	9.773827	-0.495089	1.184496	-0.039002	-0.023518	0.008053	0.085941	0.042599	0.995389	0.098578	0.993819	-0.051043	-0.991411	0.102510	0.081210
57067	9.622414	-0.530775	1.233984	-0.055727	-0.017265	0.012594	0.085739	0.042799	0.995398	0.099061	0.993760	-0.051261	-0.991381	0.103000	0.080964
57068	9.547718	-0.529229	1.152334	-0.037761	-0.024809	0.002823	0.085428	0.042901	0.995420	0.099387	0.993723	-0.051358	-0.991375	0.103320	0.080628
57069	9.676666	-0.521280	1.013652	-0.026626	-0.023422	-0.010607	0.085142	0.042877	0.995446	0.099601	0.993703	-0.051321	-0.991378	0.103517	0.080336
57070	9.712224	-0.573792	0.977079	0.006834	-0.000601	-0.011939	0.085059	0.042808	0.995456	0.099505	0.993717	-0.051236	-0.991395	0.103411	0.080265
57071	9.820665	-0.597763	1.174643	0.041212	0.005911	-0.007160	0.085067	0.042788	0.995456	0.099044	0.993766	-0.051179	-0.991440	0.102947	0.080299
57072	9.876572	-0.549747	1.245547	0.042140	0.030308	0.003270	0.085308	0.042838	0.995433	0.098567	0.993812	-0.051216	-0.991467	0.102486	0.080558
57073	9.740752	-0.445629	1.139863	0.037183	0.028726	0.017797	0.085568	0.043043	0.995402	0.098124	0.993845	-0.051411	-0.991489	0.102072	0.080817
57074	9.771597	-0.450479	1.127496	0.054967	0.010740	0.025853	0.085637	0.043337	0.995383	0.097537	0.993890	-0.051664	-0.991541	0.101511	0.080886
57075	9.767176	-0.402103	1.149255	0.049217	0.005484	0.026089	0.085673	0.043648	0.995367	0.096968	0.993932	-0.051931	-0.991593	0.100968	0.080921
57076	9.752450	-0.432326	1.042359	0.018177	0.000057	0.025151	0.085634	0.043947	0.995357	0.096715	0.993942	-0.052205	-0.991621	0.100736	0.080865
57077	9.714837	-0.433065	1.003427	0.027392	0.013905	0.023076	0.085751	0.044219	0.995335	0.096364	0.993963	-0.052460	-0.991645	0.100413	0.080972
57078	9.722844	-0.464702	0.906438	0.020108	0.022914	0.021517	0.085934	0.044459	0.995308	0.096073	0.993979	-0.052694	-0.991658	0.100150	0.081145
57079	9.695411	-0.371429	0.788098	0.019734	0.034818	0.015607	0.086251	0.044636	0.995273	0.095805	0.993994	-0.052882	-0.991656	0.099913	0.081456
57080	9.730487	-0.383368	0.622322	0.002895	0.023286	0.011876	0.086433	0.044780	0.995251	0.095707	0.993996	-0.053035	-0.991650	0.099836	0.081628
57081	9.815558	-0.420294	0.528288	-0.019065	0.027136	0.002381	0.086661	0.044834	0.995229	0.095835	0.993979	-0.053122	-0.991618	0.099981	0.081842
57082	9.780101	-0.465590	0.547340	-0.029900	0.024042	-0.004934	0.086834	0.044809	0.995215	0.096100	0.993952	-0.053137	-0.991577	0.100255	0.082003
57083	9.765318	-0.409824	0.670064	-0.049649	0.021641	-0.000688	0.087005	0.044837	0.995198	0.096534	0.993906	-0.053218	-0.991520	0.100701	0.082147
57084	9.700762	-0.328706	0.719324	-0.066832	-0.001965	-0.005232	0.086917	0.044835	0.995206	0.097151	0.993844	-0.053259	-0.991467	0.101314	0.082026
57085	9.752905	-0.357905	0.712048	-0.066061	-0.041447	-0.003932	0.086459	0.044895	0.995243	0.097750	0.993782	-0.053321	-0.991448	0.101895	0.081533
57086	9.807205	-0.406031	0.835447	-0.047419	-0.035617	-0.005182	0.086038	0.044929	0.995278	0.098172	0.993739	-0.053346	-0.991443	0.102299	0.081089
57087	9.666193	-0.389838	0.935300	-0.027511	-0.039411	0.003941	0.085608	0.045065	0.995309	0.098383	0.993712	-0.053455	-0.991460	0.102497	0.080636
57088	9.683244	-0.366420	0.960818	-0.028770	-0.056714	0.010798	0.084995	0.045278	0.995352	0.098625	0.993679	-0.053624	-0.991488	0.102724	0.079992
57089	9.611080	-0.384084	1.007964	-0.020891	-0.061234	0.016708	0.084361	0.045564	0.995393	0.098759	0.993653	-0.053855	-0.991529	0.102847	0.079326
57090	9.661656	-0.411698	1.073767	-0.012108	-0.065911	0.018392	0.083665	0.045863	0.995438	0.098817	0.993635	-0.054085	-0.991582	0.102892	0.078601
57091	9.761710	-0.548331	0.984109	-0.006927	-0.043038	0.019749	0.083215	0.046160	0.995462	0.098811	0.993622	-0.054335	-0.991621	0.102884	0.078123
57092	9.780728	-0.671760	1.048846	0.014618	-0.017468	0.022809	0.083001	0.046453	0.995466	0.098586	0.993630	-0.054587	-0.991661	0.102670	0.077892
57093	9.811777	-0.677597	1.033439	0.046393	-0.004084	0.035688	0.082952	0.046869	0.995451	0.098037	0.993664	-0.054954	-0.991720	0.102150	0.077832
57094	9.861404	-0.635330	1.049218	0.078516	0.018932	0.040669	0.083122	0.047301	0.995416	0.097189	0.993726	-0.055337	-0.991789	0.101343	0.078003
57095	9.900582	-0.516837	1.110240	0.097682	0.046778	0.043226	0.083584	0.047741	0.995356	0.096125	0.993807	-0.055739	-0.991854	0.100338	0.078477
57096	9.849970	-0.466309	1.120245	0.081126	0.065954	0.038645	0.084216	0.048107	0.995286	0.095253	0.993871	-0.056098	-0.991884	0.099528	0.079117
57097	9.774334	-0.437778	1.123568	0.024973	0.065498	0.022172	0.084843	0.048319	0.995222	0.094927	0.993888	-0.056347	-0.991862	0.099254	0.079738
57098	9.626190	-0.381744	1.044651	-0.043567	0.038566	0.020748	0.085188	0.048535	0.995182	0.095295	0.993837	-0.056626	-0.991797	0.099659	0.080038
57099	9.578119	-0.361528	0.897335	-0.084805	0.005721	0.004568	0.085206	0.048631	0.995176	0.096073	0.993753	-0.056787	-0.991721	0.100448	0.080001
57100	9.492839	-0.452512	0.897454	-0.101305	-0.035804	-0.012474	0.084779	0.048591	0.995214	0.097040	0.993659	-0.056782	-0.991663	0.101389	0.079527
57101	9.503560	-0.528261	0.849221	-0.103959	-0.070966	-0.018495	0.084015	0.048537	0.995282	0.098027	0.993566	-0.056728	-0.991631	0.102331	0.078716
57102	9.595379	-0.660273	0.779948	-0.099266	-0.082263	-0.023921	0.083117	0.048431	0.995362	0.098988	0.993477	-0.056605	-0.991611	0.103234	0.077781
57103	9.720761	-0.814075	0.827513	-0.074341	-0.083431	-0.030468	0.082216	0.048272	0.995445	0.099691	0.993418	-0.056407	-0.991616	0.103875	0.076863
57104	9.904128	-1.023218	0.849528	-0.020701	-0.046732	-0.014397	0.081681	0.048225	0.995491	0.099867	0.993406	-0.056318	-0.991643	0.104017	0.076326
57105	9.922870	-1.001977	0.801040	0.066426	0.008700	0.013594	0.081738	0.048408	0.995478	0.099138	0.993471	-0.056451	-0.991711	0.103304	0.076405
57106	9.841798	-0.919081	0.899697	0.131271	0.047332	0.035944	0.082184	0.048766	0.995423	0.097746	0.993592	-0.056747	-0.991812	0.101962	0.076891
57107	9.732940	-0.840400	0.861548	0.170670	0.062390	0.041337	0.082799	0.049171	0.995352	0.095960	0.993748	-0.057074	-0.991935	0.100240	0.077563
57108	9.661453	-0.720932	0.729287	0.169924	0.045302	0.054881	0.083244	0.049721	0.995288	0.094174	0.993892	-0.057528	-0.992069	0.098519	0.078053
57109	9.650599	-0.562329	0.508885	0.137154	0.018899	0.044433	0.083429	0.050201	0.995248	0.092717	0.994007	-0.057911	-0.992191	0.097108	0.078275
57110	9.594504	-0.485738	0.536741	0.116208	0.013990	0.035412	0.083541	0.050590	0.995219	0.091462	0.994106	-0.058210	-0.992298	0.095888	0.078422
57111	9.565614	-0.431905	0.626683	0.092522	-0.009637	0.021018	0.083421	0.050865	0.995215	0.090467	0.994186	-0.058395	-0.992399	0.094906	0.078334
57112	9.526214	-0.384629	0.529084	0.058333	-0.025348	0.001235	0.083111	0.050950	0.995237	0.089835	0.994243	-0.058401	-0.992483	0.094261	0.078055
57113	9.609393	-0.416529	0.506486	0.035073	-0.044768	-0.017589	0.082607	0.050874	0.995283	0.089443	0.994287	-0.058247	-0.992560	0.093832	0.077585
57114	9.721768	-0.517745	0.603551	0.015297	-0.037440	-0.019116	0.082158	0.050769	0.995325	0.089233	0.994316	-0.058083	-0.992616	0.093588	0.077161
57115	9.646815	-0.654831	0.637139	0.047860	-0.024199	-0.010534	0.081865	0.050743	0.995351	0.088708	0.994368	-0.057989	-0.992688	0.093043	0.076903
57116	9.619581	-0.728848	0.552179	0.076593	-0.051615	-0.008964	0.081287	0.050752	0.995398	0.087894	0.994447	-0.057881	-0.992808	0.092194	0.076375
57117	9.747541	-0.849163	0.316683	0.078207	-0.069118	-0.005899	0.080552	0.050813	0.995454	0.087063	0.994524	-0.057811	-0.992941	0.091324	0.075687
57118	9.793141	-0.951116	0.309181	0.095990	-0.077116	0.005167	0.079732	0.050984	0.995512	0.086061	0.994610	-0.057831	-0.993094	0.090285	0.074914
57119	9.801568	-1.024182	0.336720	0.137456	-0.101456	0.014352	0.078692	0.051274	0.995579	0.084625	0.994728	-0.057919	-0.993301	0.088809	0.073938
57120	9.811543	-1.031192	0.227469	0.164304	-0.119174	0.007596	0.077455	0.051505	0.995665	0.082947	0.994870	-0.057916	-0.993539	0.087074	0.072786
57121	9.753997	-0.975245	0.244306	0.233924	-0.120029	-0.002201	0.076217	0.051642	0.995753	0.080566	0.995074	-0.057774	-0.993831	0.084627	0.071681
57122	9.731546	-0.909539	0.455987	0.306955	-0.103363	-0.009896	0.075124	0.051681	0.995834	0.077485	0.995334	-0.057500	-0.994159	0.081482	0.070769
57123	9.844619	-0.804706	0.662633	0.362992	-0.067456	-0.020224	0.074393	0.051589	0.995894	0.073832	0.995635	-0.057091	-0.994492	0.077776	0.070259
57124	9.906245	-0.737710	0.936666	0.386198	-0.020069	-0.022499	0.074117	0.051432	0.995922	0.069941	0.995942	-0.056638	-0.994794	0.073854	0.070219
57125	9.825797	-0.708517	1.167292	0.395578	-0.009090	-0.016932	0.073970	0.051326	0.995939	0.065959	0.996236	-0.056240	-0.995077	0.069851	0.070306
57126	9.735682	-0.567655	1.225834	0.333336	-0.028327	-0.011434	0.073619	0.051283	0.995967	0.062566	0.996472	-0.055934	-0.995322	0.066432	0.070151
57127	9.739143	-0.475802	1.085198	0.230743	-0.046442	-0.012917	0.073104	0.051240	0.996007	0.060221	0.996630	-0.055692	-0.995505	0.064051	0.069772
57128	9.696691	-0.382509	0.926250	0.144333	-0.049035	-0.019990	0.072542	0.051123	0.996054	0.058735	0.996733	-0.055436	-0.995634	0.062525	0.069302
57129	9.632733	-0.326391	0.892118	0.077008	-0.074621	-0.033631	0.071734	0.050890	0.996125	0.057934	0.996799	-0.055096	-0.995740	0.061662	0.068556
57130	9.673725	-0.334453	0.769554	0.035925	-0.095036	-0.056145	0.070695	0.050439	0.996222	0.057547	0.996851	-0.054555	-0.995837	0.061186	0.067570
57131	9.729973	-0.508241	0.722079	0.042175	-0.094686	-0.067152	0.069668	0.049883	0.996322	0.057115	0.996911	-0.053906	-0.995934	0.060661	0.066604
57132	9.886312	-0.688138	0.685095	0.081602	-0.081602	-0.085177	0.068746	0.049133	0.996424	0.056333	0.997002	-0.053048	-0.996042	0.059779	0.065773
57133	10.087772	-0.862809	0.744853	0.149239	-0.032144	-0.079361	0.068337	0.048416	0.996487	0.054843	0.997129	-0.052208	-0.996154	0.058218	0.065485
57134	10.197159	-0.933221	0.794094	0.195934	0.048254	-0.062237	0.068725	0.047818	0.996489	0.052882	0.997272	-0.051503	-0.996233	0.056236	0.066009
57135	10.123143	-0.803328	0.737997	0.178049	0.115920	-0.037995	0.069814	0.047430	0.996432	0.051076	0.997389	-0.051054	-0.996252	0.054458	0.067209
57136	9.871777	-0.662287	0.674758	0.144998	0.150835	-0.021310	0.071247	0.047188	0.996342	0.049605	0.997477	-0.050789	-0.996224	0.053042	0.068726
57137	9.592729	-0.401820	0.559099	0.087456	0.100003	-0.024167	0.072185	0.046949	0.996286	0.048693	0.997535	-0.050536	-0.996202	0.052160	0.069721
57138	9.487501	-0.341017	0.287516	0.047783	0.036615	-0.045235	0.072468	0.046530	0.996285	0.048194	0.997581	-0.050096	-0.996206	0.051646	0.070050
57139	9.519131	-0.278138	0.136806	0.060894	-0.010102	-0.070128	0.072288	0.045891	0.996328	0.047580	0.997645	-0.049403	-0.996248	0.050976	0.069934
57140	9.540015	-0.356960	0.282227	0.079657	-0.048886	-0.086774	0.071700	0.045101	0.996406	0.046785	0.997726	-0.048527	-0.996328	0.050096	0.069427
57141	9.567428	-0.461036	0.404145	0.093936	-0.074194	-0.100513	0.070868	0.044189	0.996506	0.045862	0.997817	-0.047509	-0.996431	0.049069	0.068687
57142	9.655436	-0.595768	0.497861	0.095360	-0.076744	-0.106708	0.069992	0.043213	0.996611	0.044903	0.997912	-0.046423	-0.996536	0.048000	0.067905
57143	9.834599	-0.726446	0.702737	0.138794	-0.048312	-0.104068	0.069418	0.042252	0.996692	0.043534	0.998023	-0.045340	-0.996637	0.046537	0.067441
57144	9.970844	-0.899084	0.956376	0.175482	0.044119	-0.078687	0.069762	0.041498	0.996700	0.041791	0.998136	-0.044482	-0.996688	0.044756	0.067898
57145	9.858283	-0.830394	0.996961	0.196004	0.115789	-0.041831	0.070852	0.041084	0.996640	0.039808	0.998239	-0.043980	-0.996692	0.042791	0.069092
57146	9.745206	-0.644244	0.763525	0.138385	0.098267	-0.033225	0.071759	0.040763	0.996589	0.038393	0.998311	-0.043598	-0.996683	0.041390	0.070073
57147	9.820266	-0.550066	0.499090	0.089829	0.038890	-0.041530	0.072084	0.040387	0.996581	0.037469	0.998365	-0.043169	-0.996695	0.040453	0.070453
57148	9.599052	-0.479453	0.258449	0.089047	0.012039	-0.051095	0.072123	0.039923	0.996596	0.036569	0.998421	-0.042643	-0.996725	0.039520	0.070549
57149	9.553414	-0.472018	0.242167	0.146970	-0.018723	-0.061216	0.071868	0.039374	0.996637	0.035090	0.998502	-0.041978	-0.996797	0.037989	0.070378
57150	9.819400	-0.496317	0.365212	0.165509	-0.026745	-0.077280	0.071514	0.038664	0.996690	0.033446	0.998594	-0.041138	-0.996879	0.036278	0.070120
57151	9.894562	-0.444015	0.594703	0.184851	0.007423	-0.084728	0.071514	0.037869	0.996720	0.031606	0.998691	-0.040212	-0.996939	0.034378	0.070223
57152	9.990252	-0.447234	0.764370	0.221503	0.041952	-0.096905	0.071839	0.036939	0.996732	0.029416	0.998801	-0.039136	-0.996982	0.032131	0.070667
57153	10.137706	-0.535867	1.074957	0.256228	0.116843	-0.096544	0.072930	0.035993	0.996687	0.026872	0.998915	-0.038040	-0.996975	0.029558	0.071884
57154	10.450350	-0.655610	1.435523	0.278301	0.252673	-0.075905	0.075370	0.035215	0.996534	0.024114	0.999020	-0.037127	-0.996864	0.026829	0.074447
57155	10.297019	-0.745461	1.799120	0.249614	0.415777	-0.028719	0.079460	0.034876	0.996228	0.021590	0.999093	-0.036698	-0.996604	0.024425	0.078635
57156	9.881225	-0.556156	1.694973	0.155711	0.455094	-0.004003	0.083930	0.034780	0.995865	0.019967	0.999131	-0.036577	-0.996272	0.022954	0.083163
57157	9.209608	-0.302925	1.163742	-0.004556	0.392447	-0.017767	0.087788	0.034566	0.995539	0.019968	0.999136	-0.036451	-0.995939	0.023079	0.087022
57158	9.235507	-0.243843	0.432445	-0.092361	0.244582	-0.061444	0.090154	0.033946	0.995349	0.020896	0.999134	-0.035968	-0.995709	0.024041	0.089366
57159	9.341544	-0.418262	0.227824	-0.057882	0.160909	-0.101349	0.091687	0.032948	0.995243	0.021505	0.999154	-0.035059	-0.995556	0.024617	0.090901
57160	9.596206	-0.556942	0.386019	0.028247	0.130283	-0.117574	0.092899	0.031794	0.995168	0.021284	0.999198	-0.033910	-0.995448	0.024332	0.092148
57161	9.848145	-0.751239	0.683492	0.095130	0.139617	-0.118990	0.094217	0.030625	0.995081	0.020389	0.999258	-0.032684	-0.995343	0.023368	0.093522
57162	10.203918	-0.934646	0.921044	0.180263	0.231756	-0.110245	0.096441	0.029524	0.994901	0.018654	0.999331	-0.031464	-0.995164	0.021594	0.095826
57163	10.453250	-0.862828	1.387718	0.324008	0.390362	-0.077253	0.100264	0.028727	0.994546	0.015447	0.999418	-0.030425	-0.994841	0.018413	0.099762
57164	10.384343	-0.645279	1.671500	0.383143	0.477352	-0.045463	0.104945	0.028247	0.994077	0.011634	0.999493	-0.029629	-0.994410	0.014674	0.104563
57165	10.301205	-0.218149	1.471023	0.331799	0.508012	-0.037566	0.109944	0.027859	0.993547	0.008315	0.999546	-0.028947	-0.993903	0.011444	0.109662
57166	10.018601	0.373209	0.732731	0.211995	0.474308	-0.056245	0.114593	0.027300	0.993037	0.006224	0.999583	-0.028198	-0.993393	0.009412	0.114376
57167	9.673520	0.750394	0.013783	0.054489	0.338549	-0.107284	0.117901	0.026250	0.992678	0.005747	0.999616	-0.027116	-0.993009	0.008902	0.117705
57168	9.607970	0.795326	-0.311893	-0.042985	0.213681	-0.155176	0.119951	0.024730	0.992472	0.006323	0.999650	-0.025673	-0.992760	0.009354	0.119753
57169	9.591327	0.570076	-0.262125	-0.082077	0.157520	-0.181034	0.121455	0.022958	0.992331	0.007295	0.999685	-0.024021	-0.992570	0.010156	0.121249
57170	9.564894	0.217557	0.121130	-0.056880	0.154794	-0.182393	0.122915	0.021168	0.992191	0.008043	0.999718	-0.022325	-0.992385	0.010725	0.122710
57171	9.470043	-0.052289	0.541820	0.015427	0.146161	-0.177126	0.124303	0.019435	0.992054	0.008048	0.999756	-0.020594	-0.992212	0.010544	0.124117
57172	9.495430	-0.136526	0.742550	0.071996	0.137237	-0.165036	0.125589	0.017822	0.991922	0.007465	0.999793	-0.018908	-0.992054	0.009780	0.125430
57173	9.674232	-0.228430	0.956603	0.111315	0.150378	-0.157964	0.127021	0.016281	0.991766	0.006500	0.999830	-0.017246	-0.991879	0.008637	0.126894
57174	9.971376	-0.265239	1.082784	0.161717	0.200824	-0.136896	0.128944	0.014947	0.991539	0.005030	0.999864	-0.015726	-0.991639	0.007015	0.128851
57175	9.938491	-0.074704	0.928734	0.188202	0.216053	-0.120395	0.131033	0.013782	0.991282	0.003259	0.999892	-0.014333	-0.991373	0.005108	0.130974
57176	9.913177	0.168264	0.632436	0.133163	0.170528	-0.105259	0.132654	0.012773	0.991080	0.001993	0.999911	-0.013154	-0.991160	0.003720	0.132617
57177	9.735991	0.333184	0.438334	0.054831	0.127958	-0.098509	0.133872	0.011836	0.990928	0.001520	0.999925	-0.012149	-0.990997	0.003132	0.133844
57178	9.415197	0.483836	0.448889	-0.015604	0.099919	-0.102275	0.134795	0.010860	0.990814	0.001747	0.999936	-0.011198	-0.990872	0.003240	0.134768
57179	9.258331	0.541689	0.569951	-0.033930	0.076892	-0.103312	0.135507	0.009877	0.990727	0.002161	0.999945	-0.010264	-0.990774	0.003532	0.135478
57180	9.235068	0.494221	0.871501	-0.047411	0.047012	-0.121640	0.135904	0.008707	0.990684	0.002750	0.999954	-0.009166	-0.990718	0.003970	0.135874
57181	9.347887	0.341590	1.165223	-0.101214	0.003111	-0.141886	0.135882	0.007341	0.990698	0.003884	0.999961	-0.007942	-0.990717	0.004927	0.135849
57182	9.501582	0.199825	1.363308	-0.151023	-0.033238	-0.148605	0.135478	0.005904	0.990763	0.005519	0.999962	-0.006714	-0.990765	0.006377	0.135440
57183	9.665217	0.095814	1.476169	-0.183988	-0.044002	-0.150320	0.134984	0.004457	0.990838	0.007483	0.999957	-0.005518	-0.990820	0.008160	0.134945
57184	9.831422	0.039765	1.582975	-0.188076	-0.019156	-0.144065	0.134716	0.003066	0.990879	0.009486	0.999945	-0.004383	-0.990839	0.009990	0.134680
57185	9.894727	0.068487	1.742449	-0.175935	0.013947	-0.143795	0.134792	0.001679	0.990873	0.011361	0.999930	-0.003240	-0.990809	0.011694	0.134763
57186	10.052560	0.129247	1.809375	-0.181274	0.075428	-0.134702	0.135457	0.000370	0.990783	0.013301	0.999909	-0.002192	-0.990694	0.013475	0.135440
57187	9.910693	0.171137	1.833496	-0.220938	0.110628	-0.126572	0.136487	-0.000859	0.990641	0.015600	0.999877	-0.001283	-0.990519	0.015629	0.136484
57188	9.670869	0.189777	1.656112	-0.284671	0.079667	-0.102587	0.137195	-0.001850	0.990542	0.018493	0.999829	-0.000694	-0.990371	0.018414	0.137206
57189	9.523800	0.143621	1.388044	-0.346376	0.005337	-0.099789	0.137181	-0.002795	0.990542	0.021999	0.999758	-0.000225	-0.990302	0.021822	0.137209
57190	9.514706	0.105350	1.226277	-0.367822	-0.057909	-0.091547	0.136521	-0.003649	0.990630	0.025715	0.999669	0.000139	-0.990303	0.025455	0.136569
57191	9.662617	0.002423	1.190441	-0.337086	-0.093230	-0.089587	0.135526	-0.004466	0.990764	0.029113	0.999576	0.000523	-0.990346	0.028773	0.135599
57192	9.758982	0.019490	1.328493	-0.253415	-0.104390	-0.082424	0.134404	-0.005210	0.990913	0.031667	0.999498	0.000960	-0.990420	0.031250	0.134502
57193	9.777837	0.014254	1.462042	-0.133502	-0.090192	-0.070283	0.133441	-0.005830	0.991040	0.033022	0.999454	0.001433	-0.990506	0.032535	0.133561
57194	9.741010	0.054249	1.540729	-0.029828	-0.068076	-0.056502	0.132684	-0.006324	0.991138	0.033338	0.999442	0.001914	-0.990598	0.032789	0.132820
57195	9.713539	0.091883	1.599830	0.038383	-0.036274	-0.051787	0.132261	-0.006776	0.991192	0.032965	0.999454	0.002434	-0.990667	0.032353	0.132412
57196	9.782519	0.146574	1.622921	0.100492	0.017104	-0.037426	0.132357	-0.007108	0.991177	0.031975	0.999484	0.002898	-0.990686	0.031309	0.132516
57197	9.871817	0.177260	1.665299	0.152532	0.108795	-0.030656	0.133379	-0.007394	0.991038	0.030443	0.999531	0.003360	-0.990597	0.029722	0.133542
57198	9.893710	0.367433	1.800680	0.184531	0.168328	-0.029581	0.134977	-0.007690	0.990819	0.028618	0.999583	0.003860	-0.990435	0.027835	0.135141
57199	9.806463	0.383879	1.887135	0.167852	0.195215	-0.025807	0.136856	-0.007947	0.990559	0.026930	0.999628	0.004299	-0.990225	0.026087	0.137019
57200	9.511611	0.427212	1.716662	0.087554	0.168050	-0.026781	0.138452	-0.008211	0.990335	0.026027	0.999650	0.004649	-0.990027	0.025131	0.138617
57201	9.257492	0.523862	1.390085	-0.079033	0.095803	-0.031261	0.139345	-0.008494	0.990207	0.026791	0.999630	0.004805	-0.989881	0.025859	0.139521
57202	9.209085	0.425438	1.144698	-0.230349	0.004355	-0.041424	0.139318	-0.008862	0.990208	0.029063	0.999566	0.004857	-0.989821	0.028102	0.139515
57203	9.256302	0.273111	1.101651	-0.336547	-0.074008	-0.051713	0.138523	-0.009303	0.990316	0.032405	0.999463	0.004857	-0.989829	0.031418	0.138750
57204	9.356093	0.114188	1.236547	-0.347639	-0.129489	-0.059792	0.137160	-0.009812	0.990500	0.035889	0.999344	0.004930	-0.989898	0.034872	0.137423
57205	9.626095	0.051187	1.404195	-0.287943	-0.135854	-0.051252	0.135750	-0.010221	0.990690	0.038748	0.999237	0.004999	-0.989985	0.037708	0.136043
57206	9.821845	0.062546	1.557903	-0.201761	-0.098556	-0.048321	0.134699	-0.010619	0.990830	0.040784	0.999155	0.005164	-0.990047	0.039715	0.135018
57207	9.991304	0.044309	1.653717	-0.117492	-0.049741	-0.035352	0.134146	-0.010898	0.990902	0.041934	0.999106	0.005312	-0.990074	0.040840	0.134483
57208	10.085659	-0.033904	1.622085	-0.055690	0.023706	-0.017303	0.134312	-0.011034	0.990878	0.042462	0.999084	0.005370	-0.990029	0.041354	0.134657
57209	9.984870	0.035640	1.550439	0.001685	0.107203	0.002649	0.135328	-0.010998	0.990740	0.042381	0.999087	0.005301	-0.989894	0.041271	0.135671
57210	9.855664	0.092114	1.608698	0.023739	0.160861	0.017818	0.136870	-0.010839	0.990530	0.042079	0.999101	0.005119	-0.989695	0.040980	0.137203
57211	9.699690	0.185613	1.547264	0.012509	0.184691	0.028590	0.138664	-0.010575	0.990283	0.041854	0.999112	0.004808	-0.989455	0.040781	0.138983
57212	9.504469	0.220359	1.636234	-0.019960	0.180381	0.026338	0.140399	-0.010338	0.990041	0.041946	0.999110	0.004484	-0.989206	0.040898	0.140708
57213	9.394313	0.269846	1.652187	-0.044847	0.156277	0.026679	0.141910	-0.010081	0.989828	0.042290	0.999097	0.004113	-0.988976	0.041276	0.142209
57214	9.320029	0.346161	1.704998	-0.077318	0.121002	0.023729	0.143062	-0.009848	0.989665	0.042964	0.999070	0.003731	-0.988781	0.041987	0.143352
57215	9.381187	0.289726	1.695415	-0.113655	0.089895	0.015288	0.143912	-0.009679	0.989543	0.044004	0.999026	0.003372	-0.988612	0.043059	0.144198
57216	9.507829	0.185346	1.718605	-0.128268	0.081042	0.012587	0.144658	-0.009543	0.989436	0.045218	0.998973	0.003024	-0.988448	0.044303	0.144941
57217	9.719764	0.095987	1.671394	-0.107491	0.095636	0.019662	0.145567	-0.009335	0.989304	0.046191	0.998929	0.002629	-0.988270	0.045314	0.145842
57218	9.973423	0.116493	1.768578	-0.024952	0.121756	0.022953	0.146727	-0.009115	0.989135	0.046346	0.998923	0.002330	-0.988091	0.045500	0.146991
57219	10.140306	0.166244	1.881244	0.052182	0.160250	0.030053	0.148278	-0.008832	0.988906	0.045724	0.998952	0.002066	-0.987888	0.044910	0.148527
57220	10.071846	0.117689	1.631043	0.067358	0.186804	0.032057	0.150085	-0.008550	0.988636	0.044973	0.998987	0.001812	-0.987650	0.044190	0.150317
57221	9.782256	0.110751	1.219731	0.025051	0.154047	0.033277	0.151575	-0.008231	0.988411	0.044613	0.999003	0.001477	-0.987438	0.043872	0.151792
57222	9.515878	0.079077	0.814343	-0.039658	0.069298	0.031019	0.152220	-0.007905	0.988315	0.044888	0.998991	0.001077	-0.987327	0.044200	0.152421
57223	9.491133	-0.048068	0.522074	-0.115564	-0.007814	0.024785	0.152108	-0.007599	0.988335	0.045930	0.998944	0.000612	-0.987296	0.045301	0.152297
57224	9.510760	-0.123568	0.537019	-0.127161	-0.027901	0.018794	0.151785	-0.007352	0.988386	0.047091	0.998891	0.000199	-0.987291	0.046513	0.151963
57225	9.528503	-0.197157	0.847304	-0.080562	-0.018334	0.018601	0.151567	-0.007103	0.988421	0.047796	0.998857	-0.000151	-0.987291	0.047265	0.151733
57226	9.562562	-0.190726	1.240267	0.024350	0.021903	0.023093	0.151739	-0.006837	0.988397	0.047489	0.998872	-0.000381	-0.987279	0.046996	0.151892
57227	9.534781	-0.037844	1.593751	0.146854	0.062280	0.033653	0.152324	-0.006475	0.988309	0.045926	0.998945	-0.000534	-0.987263	0.045470	0.152460
57228	9.481546	0.174700	1.769322	0.215983	0.071182	0.046193	0.152989	-0.005999	0.988210	0.043673	0.999046	-0.000697	-0.987262	0.043265	0.153105
57229	9.588849	0.232302	1.656316	0.213454	0.052860	0.054292	0.153488	-0.005424	0.988136	0.041420	0.999141	-0.000949	-0.987282	0.041075	0.153581
57230	9.627545	0.258409	1.458642	0.170852	0.033839	0.063575	0.153792	-0.004756	0.988092	0.039568	0.999216	-0.001349	-0.987311	0.039304	0.153859
57231	9.646565	0.287673	1.301008	0.110580	-0.032031	0.062546	0.153454	-0.004064	0.988147	0.038318	0.999264	-0.001841	-0.987413	0.038146	0.153496
57232	9.847901	0.168887	1.212565	0.027661	-0.068342	0.051713	0.152738	-0.003475	0.988261	0.037897	0.999279	-0.002343	-0.987540	0.037810	0.152759
57233	9.897528	0.059247	1.160305	-0.001926	-0.048082	0.052991	0.152237	-0.002873	0.988340	0.037773	0.999282	-0.002913	-0.987622	0.037776	0.152236
57234	9.815757	0.093530	1.276174	-0.001062	-0.029380	0.051091	0.151911	-0.002306	0.988391	0.037638	0.999285	-0.003454	-0.987677	0.037726	0.151889
57235	9.828863	0.071605	1.363371	0.023165	-0.005760	0.062908	0.151832	-0.001621	0.988405	0.037251	0.999298	-0.004084	-0.987704	0.037439	0.151785
57236	9.624544	0.083372	1.457273	0.052178	0.025061	0.065435	0.152043	-0.000930	0.988373	0.036562	0.999320	-0.004684	-0.987697	0.036849	0.151974
57237	9.502989	0.037229	1.489460	0.082996	0.022320	0.061286	0.152239	-0.000271	0.988344	0.035586	0.999353	-0.005207	-0.987703	0.035964	0.152150
57238	9.482398	0.038432	1.535124	0.077358	0.011745	0.048446	0.152312	0.000255	0.988332	0.034677	0.999383	-0.005602	-0.987724	0.035126	0.152209
57239	9.579900	0.008355	1.558270	0.046064	0.027277	0.042942	0.152550	0.000729	0.988295	0.034095	0.999401	-0.005999	-0.987707	0.034611	0.152434
57240	9.711827	-0.037952	1.683081	0.033669	0.060483	0.040624	0.153103	0.001158	0.988210	0.033671	0.999413	-0.006387	-0.987636	0.034252	0.152974
57241	9.802173	-0.073737	1.899446	0.042832	0.094881	0.044084	0.154009	0.001620	0.988068	0.033118	0.999428	-0.006801	-0.987514	0.033770	0.153867
57242	9.824003	-0.071756	1.974181	0.066070	0.111406	0.047200	0.155065	0.002099	0.987902	0.032351	0.999451	-0.007202	-0.987374	0.033077	0.154911
57243	9.901209	-0.067894	2.104803	0.097557	0.153566	0.075081	0.156558	0.002854	0.987665	0.031209	0.999482	-0.007835	-0.987176	0.032050	0.156388
57244	9.709380	-0.095391	2.062737	0.117840	0.173985	0.087304	0.158246	0.003717	0.987393	0.029851	0.999518	-0.008546	-0.986948	0.030827	0.158059
57245	9.603381	-0.034625	1.722057	0.069935	0.126111	0.071579	0.159465	0.004448	0.987194	0.028984	0.999538	-0.009185	-0.986778	0.030078	0.159262
57246	9.673315	-0.125683	1.178732	-0.026305	0.076746	0.058407	0.160184	0.005053	0.987074	0.029105	0.999528	-0.009840	-0.986658	0.030305	0.159961
57247	9.716735	-0.253154	0.976716	-0.069322	0.054430	0.045611	0.160688	0.005546	0.986990	0.029653	0.999506	-0.010444	-0.986560	0.030945	0.160444
57248	9.716327	-0.276303	1.037886	-0.046612	0.039015	0.032748	0.161024	0.005906	0.986933	0.030004	0.999491	-0.010877	-0.986494	0.031364	0.160765
57249	9.800055	-0.174358	1.148452	-0.035325	0.013975	0.023403	0.161123	0.006190	0.986915	0.030252	0.999479	-0.011208	-0.986471	0.031662	0.160852
57250	9.837313	-0.120212	1.242493	-0.009852	0.024623	0.021878	0.161317	0.006446	0.986882	0.030263	0.999476	-0.011475	-0.986439	0.031717	0.161037
57251	9.700505	-0.054960	1.362751	0.047121	0.036901	0.037309	0.161645	0.006862	0.986825	0.029675	0.999490	-0.011810	-0.986403	0.031193	0.161359
57252	9.574058	-0.010969	1.518094	0.094773	0.031694	0.035026	0.161906	0.007248	0.986780	0.028612	0.999518	-0.012036	-0.986391	0.030182	0.161621
57253	9.551562	-0.013058	1.510373	0.092909	0.025335	0.039400	0.162121	0.007689	0.986741	0.027569	0.999544	-0.012318	-0.986386	0.029200	0.161835
57254	9.490504	-0.078368	1.354899	0.076294	0.002873	0.049138	0.162103	0.008224	0.986740	0.026684	0.999563	-0.012715	-0.986413	0.028391	0.161813
57255	9.527039	-0.172204	1.219904	0.049776	-0.018533	0.055487	0.161888	0.008838	0.986770	0.026040	0.999573	-0.013225	-0.986465	0.027837	0.161589
57256	9.575338	-0.263690	1.115569	0.041530	-0.034231	0.050114	0.161508	0.009394	0.986827	0.025492	0.999581	-0.013687	-0.986542	0.027367	0.161201
57257	9.643092	-0.243775	1.141025	0.051307	-0.037873	0.046987	0.161099	0.009928	0.986888	0.024847	0.999592	-0.014111	-0.986625	0.026795	0.160787
57258	9.778265	-0.180731	1.139049	0.080095	-0.019724	0.042417	0.160859	0.010403	0.986923	0.023923	0.999610	-0.014436	-0.986687	0.025932	0.160547
57259	9.765464	-0.050911	1.223369	0.111956	0.000757	0.040604	0.160829	0.010862	0.986923	0.022691	0.999634	-0.014700	-0.986721	0.024758	0.160523
57260	9.742441	0.082794	1.329229	0.112295	-0.021966	0.030963	0.160558	0.011223	0.986963	0.021482	0.999659	-0.014862	-0.986793	0.023588	0.160262
57261	9.811708	0.111362	1.409600	0.067663	-0.028518	0.021343	0.160234	0.011496	0.987012	0.020718	0.999673	-0.015007	-0.986862	0.022853	0.159943
57262	9.853525	0.079486	1.376338	0.017703	-0.022059	0.024146	0.159961	0.011789	0.987053	0.020429	0.999675	-0.015250	-0.986912	0.022604	0.159668
57263	9.763022	-0.026039	1.508965	-0.029142	-0.013797	0.020896	0.159782	0.012054	0.987079	0.020621	0.999666	-0.015546	-0.986937	0.022838	0.159480
57264	9.685552	-0.123280	1.728850	-0.061694	-0.007756	0.020988	0.159650	0.012312	0.987097	0.021131	0.999650	-0.015886	-0.986948	0.023395	0.159334
57265	9.621011	-0.138574	1.807370	-0.087144	-0.018875	0.013745	0.159419	0.012507	0.987132	0.021907	0.999629	-0.016203	-0.986968	0.024208	0.159086
57266	9.573382	-0.214100	1.791151	-0.122881	-0.045145	0.009539	0.158914	0.012661	0.987211	0.023020	0.999598	-0.016525	-0.987024	0.025352	0.158558
57267	9.612701	-0.258767	1.646719	-0.157723	-0.052699	0.003305	0.158347	0.012761	0.987301	0.024509	0.999558	-0.016850	-0.987079	0.026866	0.157965
57268	9.565264	-0.315717	1.570842	-0.165285	-0.061216	0.006548	0.157686	0.012891	0.987405	0.026040	0.999513	-0.017208	-0.987146	0.028425	0.157273
57269	9.681237	-0.381305	1.491128	-0.128658	-0.055702	-0.003319	0.157088	0.012928	0.987500	0.027253	0.999477	-0.017420	-0.987208	0.029649	0.156654
57270	9.671620	-0.379710	1.508473	-0.060601	-0.032270	-0.000575	0.156711	0.012977	0.987559	0.027803	0.999459	-0.017546	-0.987253	0.030206	0.156265
57271	9.653084	-0.369015	1.603732	-0.006878	-0.026588	-0.002230	0.156401	0.013017	0.987608	0.027812	0.999459	-0.017578	-0.987302	0.030216	0.155954
57272	9.755050	-0.342644	1.672918	0.015597	-0.016797	0.001103	0.156177	0.013080	0.987642	0.027583	0.999465	-0.017599	-0.987344	0.029991	0.155733
57273	9.812788	-0.353247	1.837794	0.048020	0.030357	0.002302	0.156431	0.013148	0.987601	0.027043	0.999479	-0.017590	-0.987319	0.029460	0.155994
57274	9.742324	-0.265637	1.935070	0.083666	0.073474	0.011085	0.157100	0.013283	0.987493	0.026160	0.999503	-0.017607	-0.987236	0.028599	0.156674
57275	9.777446	-0.213992	1.980187	0.085661	0.074522	0.010363	0.157791	0.013420	0.987381	0.025236	0.999526	-0.017618	-0.987150	0.027697	0.157378
