// General information: 
//  MT Manager version: 2022.2.0 
//  XDA version: 2022.2.0 build 7381 rev 124627 built on 2023-07-19
// Device information: 
//  DeviceId: 00B4CB9F
//  ProductCode: MTW2-3A7G6
//  Firmware Version: 4.6.0
//  Hardware Version: 2.0.0
// Device settings: 
//  Filter Profile: human(46.1)
//  Option Flags: Orientation Smoother Disabled, Position/Velocity Smoother Disabled, Continuous Zero Rotation Update Disabled, AHS Disabled, ICC Disabled
// Coordinate system: ENU
PacketCounter	Acc_X	Acc_Y	Acc_Z	Gyr_X	Gyr_Y	Gyr_Z	Mat[1][1]	Mat[2][1]	Mat[3][1]	Mat[1][2]	Mat[2][2]	Mat[3][2]	Mat[1][3]	Mat[2][3]	Mat[3][3]
16937	9.724739	-0.311638	0.293025	-0.198491	0.098539	-0.143535	-0.055247	-0.097127	0.993737	-0.289755	-0.950868	-0.109046	0.955505	-0.293965	0.024390
16938	9.637510	-0.567722	0.108756	-0.306227	0.099508	-0.164910	-0.055692	-0.095325	0.993887	-0.292731	-0.950129	-0.107531	0.954572	-0.296930	0.025010
16939	9.647302	-0.984884	0.051078	-0.333737	0.092008	-0.174055	-0.056019	-0.093455	0.994046	-0.295975	-0.949304	-0.105928	0.953552	-0.300147	0.025519
16940	9.688669	-1.381572	0.197534	-0.287901	0.095158	-0.168779	-0.056399	-0.091626	0.994195	-0.298775	-0.948599	-0.104373	0.952656	-0.302927	0.026124
16941	9.706340	-1.694600	0.154263	-0.207243	0.098915	-0.150849	-0.056851	-0.089953	0.994322	-0.300796	-0.948113	-0.102970	0.951992	-0.304942	0.026843
16942	9.867096	-1.784182	0.088191	-0.088265	0.106803	-0.126305	-0.057462	-0.088488	0.994418	-0.301672	-0.947963	-0.101787	0.951679	-0.305837	0.027778
16943	9.847514	-1.549887	0.132208	0.037566	0.158818	-0.099124	-0.058637	-0.087121	0.994471	-0.301334	-0.948172	-0.100833	0.951714	-0.305580	0.029345
16944	9.738141	-1.101624	0.140978	0.141177	0.159215	-0.085880	-0.059869	-0.085882	0.994505	-0.300000	-0.948685	-0.099985	0.952059	-0.304337	0.031032
16945	9.586204	-0.677861	0.425952	0.205603	0.123188	-0.084878	-0.060750	-0.084761	0.994548	-0.298055	-0.949389	-0.099118	0.952614	-0.302451	0.032412
16946	9.568845	-0.480266	0.567951	0.186500	0.082747	-0.081682	-0.061270	-0.083796	0.994597	-0.296285	-0.950028	-0.098293	0.953132	-0.300707	0.033381
16947	9.614258	-0.361335	0.486145	0.105951	0.052628	-0.089812	-0.061468	-0.082843	0.994665	-0.295292	-0.950429	-0.097407	0.953428	-0.299704	0.033958
16948	9.683323	-0.256795	0.549119	0.025780	0.027659	-0.097275	-0.061420	-0.081895	0.994747	-0.295069	-0.950593	-0.096478	0.953500	-0.299444	0.034220
16949	9.727408	-0.294548	0.616330	-0.025872	0.019728	-0.090959	-0.061301	-0.081029	0.994825	-0.295333	-0.950597	-0.095625	0.953426	-0.299667	0.034342
16950	9.848778	-0.444848	0.724500	-0.053062	0.028366	-0.096399	-0.061260	-0.080086	0.994904	-0.295861	-0.950522	-0.094731	0.953265	-0.300156	0.034535
16951	9.953534	-0.597378	0.816567	-0.095461	0.057167	-0.089952	-0.061500	-0.079117	0.994966	-0.296788	-0.950314	-0.093912	0.952961	-0.301070	0.034964
16952	10.049550	-0.751750	0.853447	-0.118281	0.115669	-0.082269	-0.062333	-0.078046	0.994999	-0.297926	-0.950030	-0.093183	0.952552	-0.302244	0.035966
16953	9.922338	-0.848161	0.795891	-0.106734	0.172181	-0.059571	-0.063756	-0.077017	0.994989	-0.298942	-0.949761	-0.092671	0.952139	-0.303352	0.037530
16954	9.829955	-0.854446	0.664697	-0.123525	0.187796	-0.050398	-0.065368	-0.076026	0.994961	-0.300112	-0.949431	-0.092264	0.951662	-0.304631	0.039246
16955	9.816519	-0.746158	0.481478	-0.135090	0.191072	-0.055582	-0.066981	-0.074973	0.994933	-0.301396	-0.949069	-0.091808	0.951144	-0.306018	0.040973
16956	9.793617	-0.725458	0.351694	-0.120028	0.199602	-0.062029	-0.068667	-0.073832	0.994904	-0.302540	-0.948755	-0.091288	0.950660	-0.307267	0.042811
16957	9.720592	-0.711522	0.369377	-0.097055	0.184654	-0.064801	-0.070188	-0.072707	0.994881	-0.303470	-0.948512	-0.090728	0.950253	-0.308284	0.044510
16958	9.682255	-0.761424	0.260156	-0.086461	0.156539	-0.069495	-0.071439	-0.071622	0.994870	-0.304305	-0.948302	-0.090121	0.949892	-0.309183	0.045951
16959	9.698095	-0.768869	0.160825	-0.092643	0.129945	-0.078656	-0.072396	-0.070533	0.994879	-0.305204	-0.948079	-0.089424	0.949531	-0.310114	0.047110
16960	9.560985	-0.760126	-0.002801	-0.102111	0.080406	-0.079454	-0.072891	-0.069588	0.994909	-0.306193	-0.947825	-0.088728	0.949175	-0.311102	0.047781
16961	9.710310	-0.889726	0.013930	-0.112765	0.041143	-0.083438	-0.072988	-0.068728	0.994962	-0.307286	-0.947540	-0.087994	0.948814	-0.312160	0.048040
16962	9.745483	-1.016492	0.032865	-0.119030	0.033435	-0.085926	-0.073017	-0.067867	0.995019	-0.308443	-0.947234	-0.087242	0.948436	-0.313277	0.048231
16963	9.880589	-1.043874	0.147583	-0.105310	0.015086	-0.090407	-0.072843	-0.067022	0.995089	-0.309470	-0.946973	-0.086435	0.948115	-0.314246	0.048239
16964	9.939019	-1.083985	0.433602	-0.069272	0.040465	-0.082091	-0.072947	-0.066175	0.995138	-0.310152	-0.946817	-0.085698	0.947884	-0.314895	0.048543
16965	9.790027	-1.082024	0.607987	-0.023307	0.059805	-0.063176	-0.073281	-0.065447	0.995162	-0.310381	-0.946794	-0.085122	0.947784	-0.315117	0.049068
16966	9.665328	-1.007938	0.720604	0.035603	0.071354	-0.044213	-0.073795	-0.064863	0.995162	-0.310038	-0.946943	-0.084711	0.947856	-0.314789	0.049770
16967	9.597262	-0.802648	0.635002	0.081272	0.061294	-0.033339	-0.074235	-0.064413	0.995158	-0.309254	-0.947229	-0.084380	0.948078	-0.314021	0.050398
16968	9.625803	-0.603523	0.627108	0.068842	0.064837	-0.027769	-0.074739	-0.064007	0.995147	-0.308581	-0.947472	-0.084116	0.948257	-0.313370	0.051062
16969	9.822396	-0.449585	0.537780	0.065891	0.061020	-0.049125	-0.075129	-0.063409	0.995156	-0.307954	-0.947718	-0.083635	0.948430	-0.312746	0.051674
16970	10.012241	-0.418610	0.601927	0.068745	0.088442	-0.059296	-0.075760	-0.062630	0.995157	-0.307307	-0.947979	-0.083056	0.948590	-0.312111	0.052572
16971	9.878241	-0.431144	0.668466	0.047938	0.100423	-0.060759	-0.076489	-0.061799	0.995153	-0.306860	-0.948175	-0.082468	0.948676	-0.311681	0.053561
16972	9.775717	-0.527048	0.783201	0.028142	0.121442	-0.061359	-0.077428	-0.060897	0.995136	-0.306605	-0.948308	-0.081887	0.948683	-0.311454	0.054754
16973	9.625006	-0.542188	0.833822	-0.012619	0.126857	-0.059549	-0.078411	-0.059996	0.995114	-0.306732	-0.948314	-0.081344	0.948561	-0.311612	0.055955
16974	9.566872	-0.386936	0.781368	-0.021669	0.124223	-0.062756	-0.079371	-0.059072	0.995093	-0.306950	-0.948291	-0.080777	0.948410	-0.311856	0.057135
16975	9.504935	-0.304582	0.970028	-0.020626	0.113369	-0.054422	-0.080241	-0.058261	0.995071	-0.307151	-0.948268	-0.080289	0.948272	-0.312079	0.058196
16976	9.557358	-0.327621	1.034840	-0.049745	0.113826	-0.055522	-0.081125	-0.057436	0.995048	-0.307633	-0.948152	-0.079810	0.948041	-0.312584	0.059249
16977	9.642037	-0.380104	0.977397	-0.080857	0.150331	-0.052055	-0.082352	-0.056531	0.994999	-0.308403	-0.947938	-0.079382	0.947684	-0.313398	0.060630
16978	9.748958	-0.517500	1.011171	-0.088694	0.174676	-0.057176	-0.083805	-0.055499	0.994935	-0.309252	-0.947700	-0.078913	0.947280	-0.314299	0.062259
16979	9.825876	-0.815011	0.960947	-0.082640	0.192403	-0.052056	-0.085429	-0.054458	0.994855	-0.310040	-0.947478	-0.078488	0.946877	-0.315150	0.064058
16980	9.935717	-1.021517	0.939628	-0.045022	0.231063	-0.038590	-0.087472	-0.053422	0.994734	-0.310463	-0.947365	-0.078178	0.946552	-0.315666	0.066282
16981	9.789228	-1.194853	0.848363	-0.036399	0.235628	-0.027338	-0.089580	-0.052477	0.994596	-0.310793	-0.947274	-0.077972	0.946247	-0.316098	0.068547
16982	9.774385	-1.280857	0.760529	-0.042542	0.197612	-0.016131	-0.091375	-0.051758	0.994471	-0.311169	-0.947157	-0.077887	0.945952	-0.316566	0.070441
16983	9.808740	-1.343986	0.753147	-0.061950	0.147367	-0.018091	-0.092675	-0.051178	0.994380	-0.311733	-0.946980	-0.077792	0.945639	-0.317190	0.071808
16984	9.831177	-1.196872	0.501797	-0.095181	0.115627	-0.011982	-0.093706	-0.050756	0.994305	-0.312606	-0.946692	-0.077787	0.945249	-0.318115	0.072844
16985	9.834699	-0.982988	0.289341	-0.105874	0.082766	-0.018837	-0.094392	-0.050373	0.994260	-0.313585	-0.946374	-0.077718	0.944857	-0.319121	0.073534
16986	9.755566	-0.732115	0.432076	-0.135547	0.030651	-0.042830	-0.094523	-0.049929	0.994270	-0.314867	-0.945972	-0.077437	0.944417	-0.320382	0.073696
16987	9.787108	-0.670171	0.399490	-0.178323	0.003725	-0.064638	-0.094318	-0.049364	0.994318	-0.316572	-0.945441	-0.076967	0.943868	-0.322033	0.073544
16988	9.731719	-0.691566	0.514268	-0.184808	0.000929	-0.078058	-0.094054	-0.048683	0.994376	-0.318350	-0.944892	-0.076372	0.943296	-0.323743	0.073373
16989	9.723158	-0.810817	0.663935	-0.140874	0.003807	-0.087293	-0.093775	-0.047905	0.994440	-0.319722	-0.944487	-0.075648	0.942860	-0.325038	0.073253
16990	9.803838	-0.918181	0.867299	-0.052660	0.048682	-0.074356	-0.093972	-0.047104	0.994460	-0.320248	-0.944361	-0.074993	0.942662	-0.325521	0.073659
16991	9.653735	-0.918137	0.938315	0.009060	0.075536	-0.053509	-0.094476	-0.046412	0.994445	-0.320174	-0.944425	-0.074495	0.942636	-0.325433	0.074366
16992	9.581312	-0.802368	0.963189	0.083572	0.061519	-0.033160	-0.094926	-0.045958	0.994423	-0.319377	-0.944723	-0.074149	0.942861	-0.324634	0.075001
16993	9.612335	-0.654049	0.926412	0.144634	0.039583	-0.011234	-0.095227	-0.045783	0.994402	-0.317984	-0.945206	-0.073969	0.943302	-0.323248	0.075451
16994	9.699265	-0.566516	0.781497	0.151908	0.016751	-0.005742	-0.095343	-0.045734	0.994393	-0.316516	-0.945709	-0.073843	0.943784	-0.321782	0.075691
16995	9.902174	-0.499312	0.764668	0.147803	0.030098	-0.008775	-0.095562	-0.045613	0.994378	-0.315090	-0.946197	-0.073684	0.944238	-0.320360	0.076048
16996	9.851462	-0.454391	0.904815	0.133852	0.056659	-0.009977	-0.096042	-0.045397	0.994342	-0.313796	-0.946639	-0.073528	0.944621	-0.319082	0.076671
16997	9.773475	-0.464448	0.979538	0.105223	0.075754	-0.015481	-0.096672	-0.045068	0.994295	-0.312777	-0.946991	-0.073334	0.944894	-0.318082	0.077451
16998	9.648451	-0.447007	1.060620	0.055741	0.101242	-0.006750	-0.097583	-0.044740	0.994221	-0.312221	-0.947180	-0.073268	0.944984	-0.317566	0.078460
16999	9.528204	-0.464719	1.141973	-0.016320	0.100747	-0.006916	-0.098476	-0.044413	0.994148	-0.312343	-0.947141	-0.073252	0.944852	-0.317729	0.079399
17000	9.464629	-0.368483	1.096527	-0.078176	0.090102	-0.007352	-0.099281	-0.044113	0.994081	-0.313055	-0.946903	-0.073285	0.944532	-0.318478	0.080199
17001	9.462573	-0.366759	0.945450	-0.122160	0.107924	-0.010958	-0.100229	-0.043724	0.994003	-0.314180	-0.946528	-0.073316	0.944058	-0.319644	0.081132
17002	9.493385	-0.398754	1.092831	-0.117042	0.117077	-0.015642	-0.101260	-0.043259	0.993919	-0.315262	-0.946170	-0.073300	0.943587	-0.320767	0.082171
17003	9.601341	-0.505308	1.184425	-0.112359	0.138213	-0.022380	-0.102456	-0.042662	0.993822	-0.316305	-0.945828	-0.073211	0.943108	-0.321852	0.083412
17004	9.713956	-0.575179	1.238784	-0.088352	0.179890	-0.022214	-0.104058	-0.041930	0.993687	-0.317125	-0.945562	-0.073108	0.942658	-0.322730	0.085096
17005	9.716543	-0.713106	1.235545	-0.050720	0.191559	-0.009522	-0.105796	-0.041280	0.993531	-0.317573	-0.945412	-0.073098	0.942313	-0.323252	0.086912
17006	9.838864	-0.835163	1.321506	-0.049919	0.167658	-0.005463	-0.107335	-0.040744	0.993388	-0.318011	-0.945262	-0.073131	0.941992	-0.323758	0.088502
17007	9.972509	-0.899602	1.134737	-0.116200	0.151896	0.002378	-0.108736	-0.040333	0.993252	-0.319063	-0.944895	-0.073299	0.941475	-0.324880	0.089875
17008	9.941053	-0.865122	0.850399	-0.167457	0.134762	-0.006138	-0.109962	-0.039895	0.993135	-0.320607	-0.944362	-0.073434	0.940808	-0.326480	0.091053
17009	9.878154	-0.769522	0.806741	-0.170436	0.106891	-0.003786	-0.110918	-0.039568	0.993042	-0.322174	-0.943816	-0.073592	0.940160	-0.328095	0.091939
17010	9.772972	-0.821545	0.843191	-0.164956	0.091247	-0.006846	-0.111730	-0.039263	0.992963	-0.323691	-0.943286	-0.073721	0.939543	-0.329650	0.092685
17011	9.699208	-0.781794	0.905796	-0.175038	0.066587	-0.015522	-0.112269	-0.038955	0.992914	-0.325313	-0.942725	-0.073769	0.938918	-0.331290	0.093166
17012	9.657035	-0.892093	0.892468	-0.178944	0.060285	-0.024017	-0.112733	-0.038587	0.992876	-0.326982	-0.942149	-0.073742	0.938283	-0.332965	0.093594
17013	9.620847	-0.981427	0.808597	-0.153974	0.065663	-0.028965	-0.113218	-0.038154	0.992837	-0.328419	-0.941657	-0.073639	0.937722	-0.334404	0.094082
17014	9.594912	-1.017401	0.774518	-0.107525	0.054481	-0.030168	-0.113607	-0.037746	0.992808	-0.329424	-0.941318	-0.073484	0.937322	-0.335404	0.094506
17015	9.630253	-1.012840	0.876203	-0.025140	0.051559	-0.020576	-0.113987	-0.037439	0.992777	-0.329644	-0.941252	-0.073344	0.937199	-0.335623	0.094949
17016	9.571866	-0.866047	0.978016	0.017031	0.052675	-0.002894	-0.114448	-0.037293	0.992729	-0.329449	-0.941321	-0.073343	0.937211	-0.335447	0.095446
17017	9.685980	-0.865407	0.983764	0.051339	0.035672	-0.006669	-0.114724	-0.037170	0.992702	-0.328935	-0.941506	-0.073268	0.937358	-0.334940	0.095787
17018	9.814882	-0.725436	1.089638	0.090482	0.026702	0.003018	-0.114961	-0.037170	0.992674	-0.328040	-0.941819	-0.073256	0.937643	-0.334059	0.096079
17019	9.897337	-0.678844	1.146892	0.082028	0.019668	0.005211	-0.115126	-0.037213	0.992654	-0.327225	-0.942102	-0.073269	0.937907	-0.333257	0.096284
17020	9.834401	-0.723126	1.172669	0.080608	0.002087	-0.001865	-0.115116	-0.037248	0.992653	-0.326431	-0.942381	-0.073217	0.938185	-0.332461	0.096325
17021	9.803238	-0.709306	1.166023	0.058409	0.004378	0.000398	-0.115123	-0.037296	0.992651	-0.325842	-0.942586	-0.073205	0.938389	-0.331875	0.096360
17022	9.776671	-0.713442	1.190515	0.046782	0.040349	0.004617	-0.115493	-0.037265	0.992609	-0.325360	-0.942749	-0.073249	0.938511	-0.331415	0.096757
17023	9.594824	-0.495563	1.132520	0.042462	0.070827	0.020740	-0.116189	-0.037285	0.992527	-0.324898	-0.942892	-0.073454	0.938585	-0.331004	0.097440
17024	9.419456	-0.170915	0.995068	-0.002346	0.044155	0.015969	-0.116632	-0.037349	0.992473	-0.324859	-0.942890	-0.073659	0.938543	-0.331005	0.097838
17025	9.463670	-0.091033	0.794340	-0.079793	-0.011054	0.005434	-0.116510	-0.037496	0.992481	-0.325562	-0.942634	-0.073831	0.938315	-0.331716	0.097619
17026	9.544501	-0.057162	0.596169	-0.156214	-0.043672	-0.012730	-0.116036	-0.037579	0.992534	-0.327006	-0.942128	-0.073900	0.937871	-0.333140	0.097033
17027	9.628342	-0.251499	0.543036	-0.205313	-0.036058	-0.036993	-0.115541	-0.037410	0.992598	-0.328934	-0.941467	-0.073772	0.937258	-0.335023	0.096472
17028	9.622956	-0.581741	0.544311	-0.210466	-0.024127	-0.041219	-0.115156	-0.037162	0.992652	-0.330914	-0.940786	-0.073609	0.936608	-0.336959	0.096040
17029	9.626461	-0.897997	0.694289	-0.197050	-0.026400	-0.032543	-0.114765	-0.037004	0.992703	-0.332756	-0.940143	-0.073515	0.936003	-0.338765	0.095582
17030	9.615100	-1.146290	0.787291	-0.137468	0.002508	-0.016170	-0.114711	-0.036903	0.992713	-0.334021	-0.939693	-0.073529	0.935559	-0.340022	0.095467
17031	9.526302	-1.300303	0.810231	-0.045585	0.010517	-0.000673	-0.114772	-0.036920	0.992706	-0.334409	-0.939549	-0.073606	0.935413	-0.340417	0.095487
17032	9.627823	-1.397467	1.020198	0.046441	-0.014704	0.017786	-0.114670	-0.037197	0.992707	-0.333913	-0.939712	-0.073783	0.935603	-0.339938	0.095336
17033	9.961522	-1.363837	0.964531	0.081264	-0.026188	0.026216	-0.114477	-0.037592	0.992714	-0.333083	-0.939989	-0.074006	0.935923	-0.339128	0.095086
17034	9.997977	-1.132970	0.975385	0.121554	-0.022594	0.021832	-0.114316	-0.037934	0.992720	-0.331878	-0.940403	-0.074152	0.936370	-0.337939	0.094913
17035	9.913233	-0.872130	1.145257	0.150675	-0.038278	0.016305	-0.113975	-0.038276	0.992746	-0.330409	-0.940916	-0.074211	0.936931	-0.336470	0.094595
17036	9.787500	-0.737503	1.264797	0.128297	-0.036016	0.014714	-0.113663	-0.038594	0.992769	-0.329151	-0.941351	-0.074280	0.937412	-0.335214	0.094294
17037	9.610522	-0.677815	1.306835	0.103780	-0.034757	0.006090	-0.113321	-0.038827	0.992799	-0.328131	-0.941707	-0.074283	0.937810	-0.334186	0.093975
17038	9.557356	-0.723801	1.448036	0.097385	-0.025222	0.002095	-0.113069	-0.038990	0.992822	-0.327176	-0.942041	-0.074257	0.938174	-0.333224	0.093759
17039	9.551683	-0.847203	1.495939	0.061957	-0.002316	0.000673	-0.113013	-0.039063	0.992825	-0.326555	-0.942258	-0.074245	0.938398	-0.332602	0.093731
17040	9.516658	-0.986926	1.317911	0.035770	0.018668	0.000643	-0.113167	-0.039067	0.992808	-0.326178	-0.942387	-0.074263	0.938510	-0.332236	0.093904
17041	9.582245	-0.963472	1.486493	0.064384	0.042578	0.009865	-0.113562	-0.039078	0.992762	-0.325523	-0.942607	-0.074340	0.938690	-0.331609	0.094324
17042	9.628633	-1.007425	1.457448	0.060821	0.052050	-0.000357	-0.114027	-0.038962	0.992713	-0.324910	-0.942820	-0.074324	0.938846	-0.331018	0.094848
17043	9.848854	-1.054911	1.255154	0.043493	0.042795	-0.014401	-0.114346	-0.038744	0.992685	-0.324479	-0.942980	-0.074180	0.938956	-0.330587	0.095254
17044	10.147074	-1.125248	1.086980	0.055339	0.053531	-0.026423	-0.114740	-0.038376	0.992654	-0.323953	-0.943182	-0.073909	0.939090	-0.330053	0.095789
17045	9.973885	-1.167278	1.176447	0.105523	0.066743	-0.025599	-0.115248	-0.037973	0.992611	-0.322951	-0.943550	-0.073593	0.939372	-0.329046	0.096478
17046	9.736909	-1.220239	1.351954	0.167399	0.072206	-0.021294	-0.115834	-0.037594	0.992557	-0.321365	-0.944117	-0.073263	0.939844	-0.327460	0.097279
17047	9.599794	-1.220693	1.440815	0.210332	0.062700	-0.015770	-0.116336	-0.037300	0.992509	-0.319366	-0.944820	-0.072942	0.940463	-0.325460	0.098005
17048	9.626841	-1.087698	1.319146	0.224041	0.081695	-0.008245	-0.117055	-0.037016	0.992435	-0.317227	-0.945560	-0.072684	0.941098	-0.323335	0.098940
17049	9.643466	-0.886490	1.199628	0.241506	0.094991	-0.022242	-0.117842	-0.036559	0.992359	-0.314939	-0.946357	-0.072263	0.941768	-0.321049	0.100007
17050	9.622654	-0.691337	1.143750	0.250887	0.119660	-0.025300	-0.118867	-0.035994	0.992258	-0.312570	-0.947177	-0.071803	0.942428	-0.318685	0.101338
17051	9.430328	-0.505260	1.069520	0.209586	0.109167	-0.022773	-0.119789	-0.035490	0.992165	-0.310582	-0.947861	-0.071403	0.942969	-0.316701	0.102520
17052	9.501286	-0.385375	1.133736	0.169436	0.074907	-0.028810	-0.120384	-0.035038	0.992109	-0.308983	-0.948415	-0.070987	0.943418	-0.315090	0.103348
17053	9.578197	-0.316398	1.165183	0.109994	0.063132	-0.038720	-0.120823	-0.034530	0.992073	-0.307951	-0.948784	-0.070528	0.943699	-0.314032	0.104001
17054	9.610354	-0.550689	1.110693	0.052830	0.062895	-0.044133	-0.121257	-0.033973	0.992040	-0.307466	-0.948975	-0.070080	0.943802	-0.313516	0.104624
17055	9.761263	-0.871685	1.128898	0.045646	0.063212	-0.049105	-0.121666	-0.033368	0.992010	-0.307054	-0.949145	-0.069585	0.943883	-0.313067	0.105233
17056	9.806522	-1.209484	1.234741	0.068527	0.062306	-0.037340	-0.122115	-0.032877	0.991971	-0.306413	-0.949381	-0.069186	0.944033	-0.312402	0.105860
17057	9.870680	-1.457511	1.411166	0.138384	0.092999	-0.025263	-0.122879	-0.032406	0.991892	-0.305097	-0.949831	-0.068828	0.944360	-0.311081	0.106827
17058	9.826100	-1.512652	1.498525	0.203884	0.142021	-0.006789	-0.124177	-0.031959	0.991745	-0.303140	-0.950475	-0.068585	0.944821	-0.309155	0.108339
17059	9.747929	-1.347014	1.400410	0.262499	0.171403	0.018139	-0.125814	-0.031662	0.991548	-0.300596	-0.951287	-0.068518	0.945417	-0.306676	0.110168
17060	9.606122	-0.947632	1.323629	0.321484	0.168304	0.020899	-0.127445	-0.031404	0.991348	-0.297495	-0.952269	-0.068411	0.946179	-0.303640	0.112019
17061	9.572457	-0.565391	1.315837	0.342856	0.124331	0.008568	-0.128609	-0.031168	0.991205	-0.294198	-0.953312	-0.068149	0.947052	-0.300375	0.113435
17062	9.540148	-0.374753	1.295909	0.304638	0.093122	0.004926	-0.129481	-0.030995	0.991097	-0.291267	-0.954230	-0.067894	0.947839	-0.297465	0.114527
17063	9.510180	-0.220343	1.212254	0.208042	0.058314	0.001268	-0.130000	-0.030892	0.991033	-0.289252	-0.954856	-0.067707	0.948385	-0.295460	0.115196
17064	9.544104	-0.141223	1.273751	0.116453	0.050124	-0.021568	-0.130389	-0.030598	0.990991	-0.288131	-0.955216	-0.067404	0.948672	-0.294324	0.115733
17065	9.673871	-0.326053	1.295582	0.014135	0.038011	-0.050980	-0.130564	-0.030057	0.990984	-0.288023	-0.955282	-0.066922	0.948681	-0.294164	0.116069
17066	9.840203	-0.730617	1.350590	-0.050712	0.041166	-0.065901	-0.130742	-0.029362	0.990982	-0.288555	-0.955160	-0.066370	0.948495	-0.294630	0.116407
17067	9.926491	-1.114255	1.310043	-0.048990	0.052148	-0.060209	-0.131024	-0.028691	0.990964	-0.289058	-0.955043	-0.065870	0.948303	-0.295076	0.116841
17068	10.169362	-1.523141	1.433514	0.018458	0.082353	-0.051464	-0.131633	-0.028016	0.990903	-0.288907	-0.955122	-0.065383	0.948265	-0.294885	0.117631
17069	10.345067	-1.835299	1.665801	0.131819	0.166701	-0.038560	-0.133064	-0.027215	0.990734	-0.287667	-0.955530	-0.064884	0.948442	-0.293635	0.119318
17070	10.380465	-1.887759	1.948854	0.239039	0.227537	-0.022299	-0.135135	-0.026394	0.990476	-0.285388	-0.956245	-0.064419	0.948837	-0.291376	0.121690
17071	10.288976	-1.722528	1.900460	0.278400	0.297255	0.006069	-0.137935	-0.025648	0.990109	-0.282697	-0.957060	-0.064175	0.949240	-0.288753	0.124762
17072	9.935472	-1.084357	1.550528	0.326574	0.276089	0.031402	-0.140622	-0.025214	0.989742	-0.279511	-0.957999	-0.064118	0.949789	-0.285661	0.127668
17073	9.751833	-0.296726	1.286547	0.363502	0.189294	0.017041	-0.142429	-0.024897	0.989492	-0.275992	-0.959036	-0.063858	0.950549	-0.282187	0.129723
17074	9.676353	0.214930	1.126336	0.308589	0.139124	-0.022922	-0.143665	-0.024345	0.989327	-0.273050	-0.959917	-0.063272	0.951212	-0.279226	0.131259
17075	9.617573	0.451906	0.990199	0.172412	0.103078	-0.056461	-0.144453	-0.023573	0.989231	-0.271450	-0.960420	-0.062525	0.951551	-0.277558	0.132336
17076	9.736069	0.339537	1.019455	0.018685	0.089709	-0.086153	-0.145048	-0.022556	0.989168	-0.271353	-0.960501	-0.061692	0.951488	-0.277362	0.133198
17077	10.012543	-0.069301	1.286478	-0.089672	0.114468	-0.117505	-0.145778	-0.021166	0.989091	-0.272335	-0.960287	-0.060688	0.951095	-0.278211	0.134225
17078	10.129577	-0.447652	1.611818	-0.123261	0.160967	-0.131200	-0.146926	-0.019514	0.988955	-0.273660	-0.959978	-0.059600	0.950538	-0.279394	0.135706
17079	10.180674	-0.758796	1.671203	-0.104677	0.203617	-0.126367	-0.148476	-0.017789	0.988756	-0.274800	-0.959718	-0.058531	0.949968	-0.280401	0.137607
17080	10.238235	-0.948111	1.680098	-0.049086	0.253669	-0.121712	-0.150526	-0.015966	0.988477	-0.275409	-0.959610	-0.057439	0.949469	-0.280881	0.140049
17081	10.304212	-1.120701	1.624575	0.039576	0.312318	-0.105404	-0.153162	-0.014135	0.988100	-0.275151	-0.959746	-0.056379	0.949122	-0.280512	0.143107
17082	10.271632	-1.288773	1.649580	0.183247	0.374781	-0.093632	-0.156438	-0.012247	0.987612	-0.273512	-0.960282	-0.055233	0.949062	-0.278764	0.146875
17083	10.115384	-1.273811	1.928091	0.385877	0.441950	-0.063605	-0.160421	-0.010469	0.986993	-0.269907	-0.961367	-0.054067	0.949429	-0.275070	0.151398
17084	9.915820	-1.018228	2.202358	0.564307	0.490124	-0.034643	-0.164960	-0.008859	0.986260	-0.264561	-0.962917	-0.052899	0.950155	-0.269653	0.156499
17085	9.597588	-0.674847	2.455685	0.671406	0.551845	-0.007271	-0.170147	-0.007375	0.985391	-0.258149	-0.964716	-0.051795	0.951004	-0.263190	0.162240
17086	9.270041	-0.291100	2.764902	0.710628	0.607981	0.007877	-0.175927	-0.005930	0.984385	-0.251331	-0.966570	-0.050740	0.951778	-0.256333	0.168555
17087	9.010393	-0.176977	3.008838	0.688123	0.655402	0.012295	-0.182157	-0.004446	0.983259	-0.244715	-0.968320	-0.049714	0.952331	-0.249674	0.175298
17088	8.857884	-0.131069	3.248381	0.626679	0.707136	0.012847	-0.188897	-0.002883	0.981993	-0.238680	-0.969873	-0.048760	0.952549	-0.243593	0.182518
17089	8.820276	-0.116239	3.504074	0.552558	0.758235	0.004839	-0.196090	-0.001159	0.980585	-0.233364	-0.971213	-0.047814	0.952413	-0.238209	0.190175
17090	8.901671	-0.071749	3.673811	0.448042	0.813608	-0.001451	-0.203809	0.000721	0.979010	-0.229058	-0.972279	-0.046969	0.951837	-0.233823	0.198324
17091	9.196661	-0.048442	3.827549	0.335159	0.865501	-0.015643	-0.211966	0.002827	0.977273	-0.225858	-0.973065	-0.046173	0.950820	-0.230512	0.206895
17092	9.594855	-0.045379	3.806847	0.238910	0.919033	-0.034817	-0.220596	0.005219	0.975351	-0.223620	-0.973620	-0.045367	0.949385	-0.228116	0.215943
17093	9.977515	-0.098153	3.642508	0.174705	0.963056	-0.037049	-0.229607	0.007713	0.973253	-0.222001	-0.974023	-0.044655	0.947627	-0.226317	0.225355
17094	10.211267	-0.206133	3.565144	0.128232	0.970917	-0.009702	-0.238753	0.009944	0.971029	-0.220766	-0.974320	-0.044303	0.945653	-0.224948	0.234817
17095	10.290480	-0.251085	3.545182	0.090455	0.951120	0.037180	-0.247779	0.011662	0.968746	-0.219776	-0.974536	-0.044481	0.943559	-0.223928	0.244032
17096	10.104427	-0.208756	3.664125	0.004937	0.901100	0.123290	-0.256520	0.012424	0.966459	-0.219375	-0.974570	-0.045699	0.941314	-0.223739	0.252722
17097	9.911786	-0.244181	3.822029	-0.144434	0.873309	0.189045	-0.265104	0.012487	0.964139	-0.220193	-0.974278	-0.047927	0.938741	-0.225003	0.261035
17098	9.726326	-0.388981	3.875510	-0.348955	0.891647	0.230429	-0.273950	0.012210	0.961667	-0.222798	-0.973524	-0.051108	0.935581	-0.228258	0.269417
17099	9.571265	-0.733438	3.744936	-0.494945	0.889588	0.255275	-0.282790	0.011722	0.959110	-0.226662	-0.972422	-0.054946	0.932016	-0.232932	0.277648
17100	9.449715	-1.007189	3.603755	-0.545589	0.863132	0.280492	-0.291440	0.010976	0.956526	-0.230887	-0.971178	-0.059204	0.928307	-0.238104	0.285574
17101	9.379969	-1.130589	3.317195	-0.553790	0.825819	0.297400	-0.299745	0.010022	0.953967	-0.235091	-0.969885	-0.063678	0.924600	-0.243356	0.293074
17102	9.437792	-1.262265	3.102417	-0.556969	0.798833	0.302107	-0.307813	0.009007	0.951404	-0.239269	-0.968552	-0.068242	0.920870	-0.248647	0.300288
17103	9.566228	-1.251202	2.994251	-0.565488	0.764499	0.310527	-0.315550	0.007867	0.948876	-0.243450	-0.967167	-0.072941	0.917148	-0.254020	0.307105
17104	9.658192	-1.344742	2.754469	-0.587943	0.712284	0.326970	-0.322854	0.006483	0.946427	-0.247742	-0.965689	-0.077897	0.913449	-0.259619	0.313383
17105	9.717707	-1.477922	2.506405	-0.581713	0.644199	0.353317	-0.329572	0.004708	0.944119	-0.251845	-0.964193	-0.083106	0.909921	-0.265161	0.318956
17106	9.590281	-1.663229	2.326864	-0.530720	0.587341	0.392935	-0.335885	0.002438	0.941900	-0.255310	-0.962796	-0.088553	0.906641	-0.270220	0.324011
17107	9.432525	-1.914999	2.219121	-0.436868	0.526050	0.425132	-0.341700	-0.000277	0.939809	-0.257776	-0.961621	-0.094007	0.903766	-0.274382	0.328514
17108	9.247957	-2.145800	2.169683	-0.317684	0.468221	0.449041	-0.347068	-0.003359	0.937834	-0.259047	-0.960746	-0.099308	0.901354	-0.277410	0.332574
17109	9.066652	-2.296735	2.213727	-0.154950	0.423045	0.461857	-0.352036	-0.006676	0.935963	-0.258780	-0.960302	-0.104182	0.899502	-0.278884	0.336333
17110	8.922217	-2.359622	2.147549	0.063776	0.383638	0.476134	-0.356693	-0.010238	0.934166	-0.256469	-0.960449	-0.108454	0.898329	-0.278269	0.339959
17111	8.768750	-2.314075	2.075579	0.346497	0.340848	0.483218	-0.360945	-0.013996	0.932482	-0.251573	-0.961358	-0.111808	0.898014	-0.274944	0.343476
17112	8.530559	-1.942250	1.980383	0.583888	0.292654	0.486672	-0.364761	-0.017941	0.930928	-0.244511	-0.962879	-0.114362	0.898423	-0.269337	0.346834
17113	8.278864	-1.648358	1.952118	0.722098	0.247389	0.480477	-0.368102	-0.021971	0.929526	-0.236210	-0.964712	-0.116344	0.899281	-0.262390	0.349923
17114	8.202554	-1.269896	1.880254	0.745166	0.192122	0.463380	-0.370885	-0.026008	0.928315	-0.227740	-0.966538	-0.118067	0.900322	-0.255203	0.352551
17115	8.243945	-0.996010	1.705392	0.692575	0.144031	0.458296	-0.373170	-0.030135	0.927274	-0.219746	-0.968161	-0.119898	0.901364	-0.248507	0.354666
17116	8.381542	-0.707449	1.640130	0.660712	0.106556	0.468202	-0.375119	-0.034470	0.926336	-0.211981	-0.969638	-0.121923	0.902413	-0.242101	0.356423
17117	8.461927	-0.531329	1.719338	0.618742	0.060468	0.461243	-0.376586	-0.038856	0.925566	-0.204611	-0.970956	-0.124012	0.903503	-0.236082	0.357698
17118	8.452812	-0.713078	1.750975	0.560191	0.021709	0.429980	-0.377624	-0.043042	0.924958	-0.197871	-0.972094	-0.126018	0.904570	-0.230610	0.358569
17119	8.507345	-1.009311	1.795225	0.524637	-0.021900	0.405290	-0.378175	-0.047089	0.924536	-0.191540	-0.973114	-0.127911	0.905702	-0.225459	0.358988
17120	8.530693	-1.047825	1.814326	0.524855	-0.050062	0.396371	-0.378442	-0.051119	0.924212	-0.185230	-0.974095	-0.129725	0.906902	-0.220285	0.359170
17121	8.537406	-0.860217	1.832682	0.482823	-0.044101	0.388119	-0.378709	-0.055052	0.923877	-0.179329	-0.974947	-0.131604	0.907976	-0.215517	0.359349
17122	8.442523	-0.697972	1.956195	0.377725	-0.027413	0.367332	-0.379082	-0.058751	0.923496	-0.174451	-0.975550	-0.133672	0.908770	-0.211778	0.359565
17123	8.380204	-0.650688	2.109239	0.273319	-0.034363	0.342605	-0.379320	-0.062220	0.923171	-0.170617	-0.975923	-0.135880	0.909399	-0.209051	0.359571
17124	8.499773	-0.563030	2.359503	0.189058	-0.061525	0.311449	-0.379259	-0.065446	0.922973	-0.167662	-0.976123	-0.138109	0.909974	-0.207126	0.359230
17125	8.551588	-0.567034	2.462726	0.105850	-0.100071	0.275206	-0.378765	-0.068393	0.922962	-0.165605	-0.976162	-0.140296	0.910556	-0.205986	0.358410
17126	8.810916	-0.661094	2.479145	0.049057	-0.136269	0.228810	-0.377872	-0.070965	0.923134	-0.164238	-0.976108	-0.142266	0.911174	-0.205372	0.357189
17127	9.232959	-0.768495	2.471326	0.026188	-0.174095	0.190601	-0.376556	-0.073236	0.923495	-0.163230	-0.976028	-0.143960	0.911900	-0.204951	0.355575
17128	9.553643	-0.943308	2.492030	0.013896	-0.185191	0.162203	-0.375101	-0.075255	0.923924	-0.162440	-0.975941	-0.145441	0.912641	-0.204637	0.353852
17129	9.658214	-1.177285	2.624489	0.008123	-0.186003	0.143148	-0.373593	-0.077087	0.924384	-0.161780	-0.975852	-0.146763	0.913376	-0.204376	0.352100
17130	9.442894	-1.331881	2.762291	0.032507	-0.182741	0.145203	-0.372127	-0.078933	0.924820	-0.160888	-0.975810	-0.148023	0.914132	-0.203876	0.350425
17131	9.175782	-1.432944	3.028171	0.079371	-0.189074	0.140011	-0.370580	-0.080738	0.925285	-0.159592	-0.975863	-0.149069	0.914987	-0.202910	0.348750
17132	8.910564	-1.519020	3.375401	0.150637	-0.200311	0.137890	-0.368934	-0.082545	0.925783	-0.157650	-0.976059	-0.149853	0.915988	-0.201235	0.347088
17133	8.785310	-1.555142	3.648997	0.251296	-0.211281	0.133933	-0.367164	-0.084329	0.926326	-0.154803	-0.976453	-0.150251	0.917184	-0.198565	0.345464
17134	8.762571	-1.484041	3.885301	0.361424	-0.213153	0.134596	-0.365382	-0.086119	0.926865	-0.150939	-0.977053	-0.150285	0.918539	-0.194812	0.343999
17135	8.854638	-1.371381	4.115031	0.454568	-0.213699	0.150235	-0.363598	-0.088052	0.927385	-0.146163	-0.977800	-0.150145	0.920018	-0.190142	0.342656
17136	8.970418	-1.179461	4.265448	0.501688	-0.198830	0.151707	-0.361954	-0.089965	0.927845	-0.140940	-0.978609	-0.149868	0.921480	-0.185016	0.341531
17137	9.090749	-0.972673	4.383732	0.501804	-0.172344	0.143040	-0.360519	-0.091733	0.928230	-0.135746	-0.979397	-0.149512	0.922821	-0.179906	0.340639
17138	9.152407	-0.795682	4.426284	0.471540	-0.148681	0.119772	-0.359274	-0.093225	0.928564	-0.130908	-0.980126	-0.149052	0.924005	-0.175107	0.339930
17139	9.212263	-0.765865	4.524762	0.438993	-0.123195	0.099638	-0.358219	-0.094468	0.928846	-0.126442	-0.980794	-0.148514	0.925036	-0.170646	0.339395
17140	9.319435	-0.823653	4.616685	0.408555	-0.105478	0.093330	-0.357327	-0.095615	0.929072	-0.122275	-0.981395	-0.148027	0.925941	-0.166496	0.338988
17141	9.418112	-0.940193	4.781148	0.360895	-0.080527	0.100292	-0.356658	-0.096784	0.929208	-0.118523	-0.981895	-0.147765	0.926686	-0.162834	0.338730
17142	9.446114	-1.112050	5.050095	0.297041	-0.048284	0.115466	-0.356314	-0.098048	0.929208	-0.115307	-0.982263	-0.147862	0.927224	-0.159829	0.338688
17143	9.445566	-1.307025	5.312724	0.249311	-0.001201	0.140706	-0.356418	-0.099484	0.929015	-0.112443	-0.982521	-0.148353	0.927536	-0.157337	0.339002
17144	9.457792	-1.524053	5.574762	0.198134	0.026858	0.169237	-0.356825	-0.101157	0.928678	-0.109950	-0.982662	-0.149284	0.927678	-0.155377	0.339516
17145	9.547026	-1.655505	5.752907	0.164284	0.061406	0.200157	-0.357567	-0.103081	0.928181	-0.107661	-0.982713	-0.150612	0.927661	-0.153783	0.340288
17146	9.589990	-1.690371	5.909194	0.152830	0.104447	0.220038	-0.358741	-0.105135	0.927498	-0.105404	-0.982719	-0.152163	0.927467	-0.152349	0.341460
17147	9.553019	-1.519088	6.151198	0.118338	0.157959	0.231886	-0.360402	-0.107225	0.926614	-0.103423	-0.982653	-0.153936	0.927046	-0.151312	0.343061
17148	9.565126	-1.311712	6.418159	0.054607	0.215835	0.243360	-0.362624	-0.109341	0.925499	-0.101986	-0.982473	-0.156032	0.926338	-0.150969	0.345117
17149	9.705717	-1.011694	6.633537	0.083355	0.328844	0.247166	-0.365873	-0.111325	0.923983	-0.100264	-0.982327	-0.158056	0.925248	-0.150470	0.348245
17150	9.671420	-0.730172	6.647088	0.244792	0.499219	0.227524	-0.370685	-0.112864	0.921876	-0.097112	-0.982438	-0.159327	0.923668	-0.148585	0.353215
17151	8.975796	-0.349256	6.563857	0.341387	0.512815	0.171934	-0.375536	-0.113849	0.919788	-0.093269	-0.982746	-0.159722	0.922103	-0.145769	0.358438
17152	8.418768	-0.259091	6.069921	0.067148	0.283566	0.100883	-0.378217	-0.114476	0.918611	-0.092220	-0.982729	-0.160436	0.921112	-0.145394	0.361128
17153	8.799234	-0.487621	5.299539	-0.253036	0.104517	0.076562	-0.379206	-0.115127	0.918123	-0.094209	-0.982270	-0.162081	0.920504	-0.147957	0.361636
17154	9.482269	-0.689179	4.451906	-0.398127	0.136688	0.092197	-0.380527	-0.115874	0.917482	-0.097472	-0.981567	-0.164395	0.919619	-0.151985	0.362218
17155	9.858947	-0.958174	4.243225	-0.407508	0.279504	0.110575	-0.383160	-0.116580	0.916296	-0.100744	-0.980811	-0.166915	0.918172	-0.156266	0.364063
17156	9.624464	-1.088637	4.644523	-0.381143	0.381050	0.128017	-0.386762	-0.117279	0.914692	-0.103698	-0.980058	-0.169506	0.916331	-0.160410	0.366888
17157	9.176726	-1.248066	4.521890	-0.399203	0.393060	0.135669	-0.390458	-0.118021	0.913024	-0.106774	-0.979251	-0.172243	0.914408	-0.164741	0.369755
17158	9.134152	-1.263258	3.961109	-0.315511	0.428827	0.154025	-0.394518	-0.118861	0.911168	-0.109002	-0.978544	-0.174846	0.912400	-0.168299	0.373097
17159	9.212557	-1.167524	3.223415	-0.277868	0.507137	0.148816	-0.399259	-0.119507	0.909016	-0.110892	-0.977895	-0.177269	0.910107	-0.171579	0.377181
17160	9.337543	-1.229610	2.666704	-0.343440	0.602609	0.117343	-0.404844	-0.119654	0.906523	-0.113492	-0.977160	-0.179662	0.907315	-0.175618	0.382017
17161	9.381007	-1.177480	2.331448	-0.348747	0.710014	0.083687	-0.411327	-0.119263	0.903652	-0.116258	-0.976441	-0.181788	0.904043	-0.179831	0.387771
17162	9.128249	-1.084172	2.482271	-0.345289	0.732026	0.059245	-0.417978	-0.118556	0.900688	-0.119079	-0.975744	-0.183695	0.900619	-0.184033	0.393722
17163	8.941791	-1.081175	2.722376	-0.380954	0.711493	0.035631	-0.424374	-0.117631	0.897814	-0.122301	-0.974994	-0.185551	0.897189	-0.188547	0.399376
17164	8.883678	-1.142267	2.695524	-0.419195	0.653358	0.025302	-0.430233	-0.116676	0.895146	-0.125898	-0.974166	-0.187486	0.893896	-0.193360	0.404429
17165	8.669292	-1.263319	2.470878	-0.459525	0.612256	0.013066	-0.435671	-0.115657	0.892645	-0.129890	-0.973252	-0.189496	0.890685	-0.198503	0.408995
17166	8.334540	-1.565594	2.156171	-0.485689	0.578807	0.008153	-0.440804	-0.114619	0.890255	-0.134123	-0.972268	-0.191588	0.887526	-0.203856	0.413207
17167	7.963003	-1.942342	1.885632	-0.483058	0.541757	-0.000880	-0.445562	-0.113545	0.888022	-0.138354	-0.971274	-0.193609	0.884496	-0.209126	0.417053
17168	7.748878	-2.203902	1.688310	-0.419144	0.499603	0.002748	-0.449953	-0.112563	0.885930	-0.141994	-0.970388	-0.195411	0.881691	-0.213723	0.420646
17169	7.564030	-2.365740	1.436346	-0.341682	0.465040	0.006268	-0.454016	-0.111675	0.883967	-0.144921	-0.969647	-0.196933	0.879129	-0.217516	0.424051
17170	7.409432	-2.526621	1.302313	-0.226789	0.418303	0.009205	-0.457677	-0.110898	0.882175	-0.146820	-0.969144	-0.198002	0.876912	-0.220142	0.427273
17171	7.259381	-2.572431	1.098448	-0.116309	0.371306	0.007620	-0.460901	-0.110206	0.880582	-0.147751	-0.968881	-0.198591	0.875066	-0.221638	0.430275
17172	7.164431	-2.565937	1.024233	-0.035173	0.330496	0.000739	-0.463765	-0.109530	0.879161	-0.148004	-0.968806	-0.198772	0.873508	-0.222303	0.433088
17173	7.173683	-2.632202	0.944463	0.021095	0.291163	0.001524	-0.466269	-0.108952	0.877908	-0.147760	-0.968854	-0.198716	0.872216	-0.222375	0.435648
17174	7.209659	-2.710905	1.038351	0.054291	0.247022	0.007075	-0.468406	-0.108523	0.876823	-0.147201	-0.968971	-0.198564	0.871165	-0.222078	0.437897
17175	7.372691	-2.889742	1.199485	0.065831	0.204082	0.018279	-0.470170	-0.108302	0.875906	-0.146489	-0.969100	-0.198458	0.870334	-0.221620	0.439777
17176	7.461966	-3.097375	1.520019	0.078036	0.160544	0.031759	-0.471585	-0.108308	0.875144	-0.145607	-0.969242	-0.198416	0.869716	-0.220997	0.441309
17177	7.593543	-3.267196	2.001276	0.132049	0.101360	0.042665	-0.472488	-0.108552	0.874627	-0.144204	-0.969490	-0.198228	0.869460	-0.219785	0.442419
17178	7.622644	-3.357601	2.639852	0.220797	0.038474	0.056045	-0.472873	-0.109066	0.874354	-0.141965	-0.969915	-0.197765	0.869619	-0.217645	0.443163
17179	7.608112	-3.349811	3.438374	0.320963	-0.039827	0.068177	-0.472582	-0.109868	0.874411	-0.138797	-0.970537	-0.196960	0.870288	-0.214446	0.443409
17180	7.621783	-3.325533	4.302304	0.393573	-0.110795	0.062323	-0.471673	-0.110765	0.874789	-0.135019	-0.971307	-0.195786	0.871375	-0.210461	0.443184
17181	7.629155	-3.159666	5.097890	0.460411	-0.169872	0.032941	-0.470194	-0.111492	0.875492	-0.130796	-0.972231	-0.194058	0.872817	-0.205756	0.442555
17182	7.678864	-2.641593	5.593710	0.540268	-0.225526	-0.018025	-0.468171	-0.111832	0.876533	-0.126103	-0.973350	-0.191538	0.874594	-0.200206	0.441592
17183	7.580051	-2.010725	5.677992	0.592989	-0.280300	-0.078914	-0.465577	-0.111669	0.877934	-0.121226	-0.974610	-0.188254	0.876665	-0.194075	0.440219
17184	7.584619	-1.488626	5.599938	0.592378	-0.336690	-0.149995	-0.462413	-0.110906	0.879701	-0.116665	-0.975910	-0.184360	0.878956	-0.187881	0.438335
17185	7.628145	-1.106174	5.599733	0.584543	-0.384902	-0.223119	-0.458728	-0.109491	0.881805	-0.112495	-0.977238	-0.179862	0.881427	-0.181706	0.435969
17186	7.840828	-0.882673	5.685990	0.590407	-0.428220	-0.272193	-0.454617	-0.107649	0.884158	-0.108470	-0.978589	-0.174920	0.884057	-0.175426	0.433207
17187	8.209285	-0.982625	5.814914	0.592784	-0.449886	-0.293697	-0.450279	-0.105601	0.886621	-0.104497	-0.979925	-0.169784	0.886752	-0.169099	0.430205
17188	8.525783	-1.245600	5.885911	0.610470	-0.472689	-0.269107	-0.445776	-0.103800	0.889106	-0.100225	-0.981221	-0.164804	0.889516	-0.162577	0.427001
17189	8.854384	-1.606664	5.810463	0.644707	-0.500264	-0.216363	-0.441064	-0.102523	0.891601	-0.095388	-0.982471	-0.160160	0.892392	-0.155689	0.423553
17190	8.896918	-2.020364	5.729824	0.704261	-0.497125	-0.121605	-0.436479	-0.102136	0.893899	-0.089572	-0.983667	-0.156130	0.895245	-0.148216	0.420201
17191	8.610063	-2.244659	5.727552	0.748072	-0.444890	-0.020805	-0.432428	-0.102624	0.895809	-0.082903	-0.984768	-0.152835	0.897849	-0.140356	0.417333
17192	8.326650	-2.283815	5.800744	0.773833	-0.404025	0.053519	-0.428809	-0.103755	0.897417	-0.075661	-0.985768	-0.150122	0.900221	-0.132273	0.414856
17193	8.151446	-2.179460	5.747425	0.798878	-0.367981	0.091251	-0.425513	-0.105177	0.898820	-0.068018	-0.986696	-0.147660	0.902393	-0.123968	0.412698
17194	7.950705	-1.674569	5.669460	0.802294	-0.340548	0.094068	-0.422467	-0.106565	0.900092	-0.060317	-0.987558	-0.145231	0.904369	-0.115646	0.410783
17195	7.812539	-0.972423	5.457554	0.721853	-0.312870	0.050157	-0.419618	-0.107461	0.901317	-0.053519	-0.988311	-0.142749	0.906122	-0.108137	0.408962
17196	7.670320	-0.255626	5.315814	0.571671	-0.302836	-0.009567	-0.416837	-0.107736	0.902574	-0.048319	-0.988921	-0.140358	0.907696	-0.102118	0.407014
17197	7.586999	0.367114	5.244035	0.378519	-0.322038	-0.066113	-0.413834	-0.107453	0.903988	-0.045103	-0.989370	-0.138249	0.909234	-0.097985	0.404589
17198	7.777285	0.775876	5.068333	0.153808	-0.373537	-0.120973	-0.410353	-0.106668	0.905667	-0.044148	-0.989647	-0.136562	0.910858	-0.096022	0.401395
17199	8.217972	0.846436	4.857981	-0.052470	-0.431256	-0.158486	-0.406303	-0.105562	0.907620	-0.045222	-0.989764	-0.135360	0.912619	-0.096042	0.397371
