// General information: 
//  MT Manager version: 2022.2.0 
//  XDA version: 2022.2.0 build 7381 rev 124627 built on 2023-07-19
// Device information: 
//  DeviceId: 00B4CAF0
//  ProductCode: MTW2-3A7G6
//  Firmware Version: 4.6.0
//  Hardware Version: 2.0.0
// Device settings: 
//  Filter Profile: human(46.1)
//  Option Flags: Orientation Smoother Disabled, Position/Velocity Smoother Disabled, Continuous Zero Rotation Update Disabled, AHS Disabled, ICC Disabled
// Coordinate system: ENU
PacketCounter	Acc_X	Acc_Y	Acc_Z	Gyr_X	Gyr_Y	Gyr_Z	Mat[1][1]	Mat[2][1]	Mat[3][1]	Mat[1][2]	Mat[2][2]	Mat[3][2]	Mat[1][3]	Mat[2][3]	Mat[3][3]
19230	4.942410	-0.425414	9.007795	0.001604	0.007614	-0.000052	0.477205	0.739403	0.474930	-0.826402	0.561387	-0.043645	-0.298891	-0.371656	0.878941
19231	4.918494	-0.400771	8.982709	0.004590	0.004560	0.003061	0.477186	0.739436	0.474898	-0.826425	0.561353	-0.043643	-0.298857	-0.371642	0.878958
19232	4.917640	-0.424983	8.983358	0.003049	0.003050	0.003058	0.477018	0.739481	0.474997	-0.826514	0.561219	-0.043681	-0.298878	-0.371755	0.878903
19233	4.942165	-0.425837	8.959742	0.001571	0.006102	0.001487	0.477016	0.739510	0.474953	-0.826521	0.561208	-0.043698	-0.298863	-0.371713	0.878926
19234	4.916549	-0.399925	9.007896	0.003096	0.007627	0.003016	0.477013	0.739527	0.474929	-0.826539	0.561183	-0.043669	-0.298816	-0.371717	0.878940
19235	4.964772	-0.425674	8.985400	0.001572	0.006102	0.001487	0.477011	0.739557	0.474885	-0.826546	0.561171	-0.043686	-0.298800	-0.371676	0.878963
19236	4.915610	-0.424633	8.984485	0.003016	0.001538	0.004598	0.477000	0.739556	0.474899	-0.826538	0.561180	-0.043725	-0.298841	-0.371665	0.878954
19237	4.940300	-0.400463	8.984724	0.006117	0.003004	0.001567	0.476988	0.739574	0.474882	-0.826559	0.561151	-0.043703	-0.298802	-0.371672	0.878964
19238	4.939503	-0.424550	8.985350	0.006049	0.003062	0.007671	0.477069	0.739552	0.474835	-0.826514	0.561219	-0.043691	-0.298798	-0.371614	0.878990
19239	4.938073	-0.448423	9.010414	0.003030	0.004604	0.006096	0.477025	0.739602	0.474802	-0.826547	0.561168	-0.043718	-0.298777	-0.371591	0.879006
19240	4.939826	-0.400495	8.960904	0.003049	0.003050	0.003058	0.476902	0.739637	0.474870	-0.826638	0.561037	-0.043672	-0.298721	-0.371718	0.878972
19241	4.913525	-0.423348	9.009766	0.003049	0.003050	0.003058	0.476878	0.739664	0.474852	-0.826657	0.561009	-0.043684	-0.298708	-0.371708	0.878981
19242	4.938561	-0.399821	8.985708	0.003063	0.006116	0.004556	0.476691	0.739753	0.474902	-0.826791	0.560811	-0.043668	-0.298634	-0.371829	0.878955
19243	4.937552	-0.424108	8.986443	0.004573	0.004574	0.004588	0.476659	0.739794	0.474871	-0.826822	0.560766	-0.043673	-0.298601	-0.371816	0.878971
19244	4.937244	-0.448818	8.962697	0.001558	0.003036	-0.000011	0.476732	0.739754	0.474858	-0.826774	0.560838	-0.043660	-0.298616	-0.371786	0.878979
19245	4.936378	-0.423093	9.011212	0.006152	0.002974	-0.001484	0.476745	0.739755	0.474844	-0.826780	0.560831	-0.043623	-0.298577	-0.371794	0.878988
19246	4.936612	-0.398215	9.010928	0.006083	0.003033	0.004619	0.476713	0.739765	0.474860	-0.826789	0.560816	-0.043657	-0.298606	-0.371797	0.878978
19247	4.935680	-0.422318	9.011630	0.003116	0.006072	-0.000022	0.476724	0.739786	0.474818	-0.826793	0.560810	-0.043654	-0.298577	-0.371765	0.879001
19248	4.911377	-0.397171	9.010839	0.003066	0.003035	0.001533	0.476599	0.739831	0.474873	-0.826887	0.560674	-0.043612	-0.298514	-0.371881	0.878973
19249	4.936128	-0.397878	8.987131	0.004576	0.001494	0.001565	0.476583	0.739843	0.474870	-0.826904	0.560651	-0.043603	-0.298496	-0.371891	0.878975
19250	4.934724	-0.396602	9.036108	0.006099	0.004559	0.004605	0.476517	0.739867	0.474898	-0.826930	0.560608	-0.043650	-0.298527	-0.371908	0.878958
19251	4.935753	-0.397176	8.987369	0.009035	-0.003072	0.007765	0.476435	0.739897	0.474933	-0.826989	0.560522	-0.043631	-0.298493	-0.371977	0.878940
19252	4.911724	-0.396153	8.986618	0.013527	-0.006126	0.012425	0.476306	0.739933	0.475007	-0.827052	0.560426	-0.043679	-0.298526	-0.372051	0.878897
19253	4.959305	-0.444843	9.012921	0.012086	-0.003104	0.007800	0.476224	0.739963	0.475042	-0.827120	0.560329	-0.043635	-0.298468	-0.372137	0.878881
19254	4.935386	-0.419435	9.011926	0.009065	0.003062	0.010757	0.475914	0.740089	0.475157	-0.827352	0.559992	-0.043553	-0.298317	-0.372395	0.878822
19255	4.960249	-0.420096	8.988160	0.006052	-0.001560	0.003137	0.475875	0.740098	0.475181	-0.827381	0.559951	-0.043539	-0.298302	-0.372436	0.878810
19256	4.935792	-0.444228	8.963725	0.004540	0.003064	0.006127	0.475808	0.740133	0.475195	-0.827452	0.559852	-0.043470	-0.298213	-0.372517	0.878806
19257	4.935535	-0.419087	8.987786	0.006085	0.001492	0.003108	0.475778	0.740154	0.475192	-0.827480	0.559811	-0.043456	-0.298182	-0.372537	0.878808
19258	4.959161	-0.418853	9.012890	0.003050	0.003050	0.003057	0.475818	0.740140	0.475173	-0.827432	0.559877	-0.043520	-0.298250	-0.372466	0.878815
19259	4.936055	-0.394685	8.963239	0.004609	0.004544	0.001534	0.475811	0.740164	0.475144	-0.827448	0.559853	-0.043512	-0.298217	-0.372454	0.878831
19260	4.959408	-0.394682	8.988483	-0.001495	0.006150	0.002974	0.475556	0.740264	0.475243	-0.827585	0.559645	-0.043602	-0.298244	-0.372568	0.878774
19261	4.910152	-0.418476	8.963686	0.004627	0.004529	0.000009	0.475561	0.740279	0.475215	-0.827594	0.559633	-0.043586	-0.298211	-0.372557	0.878790
19262	4.934501	-0.419311	8.940204	0.000082	0.009170	0.001436	0.475592	0.740273	0.475193	-0.827542	0.559701	-0.043686	-0.298306	-0.372465	0.878797
19263	4.932611	-0.418390	8.989424	0.000065	0.007645	0.001451	0.475594	0.740307	0.475137	-0.827544	0.559696	-0.043717	-0.298296	-0.372405	0.878825
19264	4.932062	-0.418381	8.989726	0.000067	0.004562	-0.001571	0.475378	0.740375	0.475248	-0.827694	0.559478	-0.043674	-0.298225	-0.372598	0.878767
19265	4.931061	-0.442700	8.990469	0.000084	0.006088	-0.001586	0.475400	0.740387	0.475208	-0.827682	0.559494	-0.043690	-0.298223	-0.372551	0.878788
19266	4.931574	-0.393914	8.989806	-0.001460	0.006119	-0.000078	0.475377	0.740376	0.475247	-0.827679	0.559496	-0.043720	-0.298269	-0.372569	0.878765
19267	4.930565	-0.418309	8.990550	0.001575	0.004561	-0.000027	0.475381	0.740391	0.475220	-0.827679	0.559495	-0.043731	-0.298261	-0.372541	0.878779
19268	4.930701	-0.368944	9.014185	0.001523	0.003066	0.003040	0.475528	0.740321	0.475182	-0.827534	0.559699	-0.043861	-0.298430	-0.372372	0.878794
19269	4.930566	-0.418421	8.966480	0.010625	0.001474	0.006216	0.475471	0.740359	0.475179	-0.827591	0.559619	-0.043822	-0.298363	-0.372418	0.878797
19270	4.929758	-0.417656	8.991023	0.002995	0.003097	0.007635	0.475457	0.740370	0.475177	-0.827603	0.559601	-0.043819	-0.298351	-0.372424	0.878799
19271	4.929421	-0.442594	8.967311	0.004538	0.004606	0.007638	0.475399	0.740427	0.475146	-0.827648	0.559532	-0.043840	-0.298320	-0.372412	0.878814
19272	4.929012	-0.417752	8.991428	-0.000003	0.003083	0.003021	0.475284	0.740457	0.475214	-0.827674	0.559484	-0.043967	-0.298430	-0.372426	0.878771
19273	4.929832	-0.393899	8.966698	0.003031	0.003066	0.004584	0.475246	0.740492	0.475198	-0.827700	0.559444	-0.043987	-0.298419	-0.372417	0.878778
19274	4.952829	-0.418312	8.992334	0.001523	0.003066	0.003040	0.475271	0.740479	0.475193	-0.827676	0.559478	-0.044008	-0.298447	-0.372390	0.878780
19275	4.927532	-0.442338	8.992422	-0.001511	0.004625	0.002988	0.475250	0.740511	0.475164	-0.827681	0.559467	-0.044060	-0.298466	-0.372344	0.878793
19276	4.952008	-0.393599	9.016671	0.003084	0.004560	0.001517	0.475215	0.740505	0.475209	-0.827688	0.559454	-0.044083	-0.298501	-0.372376	0.878768
19277	4.925993	-0.416848	9.041245	0.003064	0.006117	0.004553	0.475186	0.740551	0.475166	-0.827714	0.559414	-0.044103	-0.298475	-0.372345	0.878790
19278	4.926796	-0.417694	8.992645	0.004558	0.001508	0.003092	0.475083	0.740599	0.475195	-0.827813	0.559275	-0.044020	-0.298366	-0.372459	0.878779
19279	4.950836	-0.418273	8.993434	-0.001513	0.006167	0.004498	0.475055	0.740644	0.475152	-0.827825	0.559252	-0.044080	-0.298377	-0.372402	0.878799
19280	4.924769	-0.416857	9.041912	0.003066	0.004576	0.003043	0.475037	0.740650	0.475161	-0.827816	0.559261	-0.044139	-0.298431	-0.372378	0.878791
19281	4.948715	-0.442301	9.018865	0.000031	0.006135	0.002990	0.475021	0.740687	0.475119	-0.827825	0.559244	-0.044179	-0.298430	-0.372329	0.878812
19282	4.925533	-0.418448	8.969244	0.001540	0.004592	0.003024	0.475075	0.740635	0.475145	-0.827766	0.559329	-0.044214	-0.298509	-0.372304	0.878796
19283	4.948856	-0.418586	8.994509	-0.001476	0.006136	0.001446	0.475072	0.740663	0.475104	-0.827763	0.559329	-0.044259	-0.298521	-0.372248	0.878816
19284	4.924420	-0.418554	8.969850	0.003118	0.007612	0.001487	0.474953	0.740705	0.475160	-0.827807	0.559257	-0.044353	-0.298589	-0.372275	0.878781
19285	4.923274	-0.417817	8.994568	0.004591	0.004559	0.003062	0.474931	0.740736	0.475132	-0.827831	0.559222	-0.044353	-0.298558	-0.372264	0.878796
19286	4.947752	-0.443634	8.947172	0.001574	0.007644	0.002994	0.475039	0.740691	0.475095	-0.827752	0.559337	-0.044373	-0.298605	-0.372182	0.878815
19287	4.922215	-0.417668	8.995154	0.003030	0.003066	0.004584	0.475001	0.740725	0.475080	-0.827778	0.559297	-0.044394	-0.298594	-0.372173	0.878822
19288	4.946919	-0.418556	8.971524	0.004574	0.003033	0.003078	0.474917	0.740762	0.475106	-0.827813	0.559240	-0.044455	-0.298628	-0.372187	0.878805
19289	4.919810	-0.465483	9.020955	0.006134	0.006068	0.003066	0.474901	0.740799	0.475065	-0.827841	0.559200	-0.044441	-0.298579	-0.372173	0.878828
19290	4.921200	-0.441728	8.971868	0.004576	0.001491	0.001567	0.474965	0.740748	0.475080	-0.827805	0.559257	-0.044392	-0.298575	-0.372189	0.878822
19291	4.921686	-0.416848	8.971430	0.006122	-0.000083	-0.001450	0.474968	0.740736	0.475095	-0.827811	0.559251	-0.044357	-0.298554	-0.372221	0.878816
19292	4.896748	-0.439928	8.971351	0.010680	-0.000117	0.000133	0.474883	0.740736	0.475181	-0.827897	0.559133	-0.044228	-0.298451	-0.372398	0.878776
19293	4.944845	-0.414754	9.020942	0.007646	0.001442	0.000079	0.474877	0.740739	0.475183	-0.827915	0.559110	-0.044187	-0.298410	-0.372428	0.878777
19294	4.970420	-0.365500	9.020546	0.015205	-0.003203	0.001747	0.474834	0.740715	0.475262	-0.827967	0.559043	-0.044070	-0.298335	-0.372575	0.878740
19295	4.946950	-0.364256	8.995403	0.018146	-0.004682	0.009430	0.474733	0.740747	0.475313	-0.828060	0.558911	-0.043981	-0.298237	-0.372708	0.878717
19296	4.947576	-0.387729	8.971251	0.027193	-0.009311	0.014169	0.474610	0.740756	0.475422	-0.828155	0.558778	-0.043892	-0.298168	-0.372892	0.878662
19297	4.922833	-0.384361	9.019064	0.030172	-0.010821	0.018800	0.474413	0.740817	0.475523	-0.828329	0.558532	-0.043742	-0.298000	-0.373138	0.878615
19298	4.947848	-0.432993	8.971689	0.030259	-0.003192	0.018718	0.474123	0.740938	0.475624	-0.828576	0.558178	-0.043580	-0.297773	-0.373429	0.878568
19299	4.947506	-0.455618	8.972185	0.025774	-0.003225	0.011033	0.474013	0.740984	0.475662	-0.828700	0.558005	-0.043432	-0.297604	-0.373594	0.878555
19300	4.923797	-0.454081	8.947205	0.019725	-0.000122	0.009399	0.474046	0.740953	0.475678	-0.828703	0.558009	-0.043338	-0.297544	-0.373651	0.878551
19301	4.948722	-0.404004	8.971197	0.018217	-0.000122	0.007854	0.473971	0.740993	0.475690	-0.828789	0.557888	-0.043242	-0.297424	-0.373751	0.878550
19302	4.947280	-0.426710	8.996352	0.012259	0.005981	0.001608	0.473969	0.741002	0.475678	-0.828827	0.557840	-0.043143	-0.297321	-0.373806	0.878561
19303	4.946799	-0.425795	8.996660	0.010697	0.004491	0.003132	0.473947	0.741033	0.475651	-0.828868	0.557782	-0.043090	-0.297241	-0.373830	0.878578
19304	4.921935	-0.449425	8.972511	0.009208	0.006016	0.001570	0.473892	0.741053	0.475675	-0.828918	0.557711	-0.043045	-0.297188	-0.373897	0.878567
19305	4.946417	-0.399856	8.996702	0.007701	0.004472	-0.001483	0.473908	0.741058	0.475651	-0.828929	0.557699	-0.042997	-0.297133	-0.373904	0.878583
19306	4.945555	-0.398735	9.021274	0.004577	0.001491	0.001565	0.473926	0.741030	0.475678	-0.828910	0.557728	-0.042993	-0.297158	-0.373918	0.878568
19307	4.922729	-0.324510	9.019093	0.009117	0.001475	0.004674	0.473882	0.741058	0.475677	-0.828953	0.557665	-0.042961	-0.297106	-0.373956	0.878570
19308	4.970169	-0.399135	8.997722	0.004502	0.003107	0.009176	0.473915	0.741056	0.475648	-0.828958	0.557663	-0.042897	-0.297040	-0.373963	0.878589
19309	4.944963	-0.422598	8.997820	0.010661	0.001439	0.003167	0.473883	0.741075	0.475649	-0.829000	0.557606	-0.042844	-0.296975	-0.374010	0.878591
19310	4.921381	-0.397649	8.972469	0.006119	0.006087	0.004583	0.474088	0.741007	0.475550	-0.828881	0.557784	-0.042812	-0.296979	-0.373878	0.878646
19311	4.944165	-0.396626	9.022129	0.007628	0.003000	0.003111	0.474063	0.741033	0.475537	-0.828913	0.557739	-0.042786	-0.296931	-0.373895	0.878655
19312	4.944430	-0.421586	8.974116	0.009172	0.004508	0.003113	0.473775	0.741137	0.475660	-0.829129	0.557425	-0.042695	-0.296788	-0.374156	0.878592
19313	4.944664	-0.396479	8.973770	0.009172	0.002964	0.001605	0.473761	0.741154	0.475649	-0.829158	0.557385	-0.042647	-0.296728	-0.374183	0.878601
19314	4.968234	-0.370709	9.022760	0.012149	0.001458	0.006238	0.473802	0.741134	0.475639	-0.829141	0.557414	-0.042615	-0.296711	-0.374181	0.878608
19315	4.944936	-0.370515	8.973434	0.015127	-0.000049	0.010872	0.473703	0.741190	0.475650	-0.829231	0.557283	-0.042559	-0.296616	-0.374263	0.878605
19316	4.918590	-0.417299	8.998512	0.016670	0.003004	0.012381	0.473738	0.741194	0.475609	-0.829253	0.557259	-0.042447	-0.296498	-0.374292	0.878632
19317	4.968407	-0.393436	8.974904	0.021267	-0.000157	0.007897	0.473663	0.741234	0.475621	-0.829348	0.557127	-0.042323	-0.296353	-0.374409	0.878631
19318	4.919579	-0.416333	8.949928	0.012038	0.000026	0.013885	0.473588	0.741281	0.475622	-0.829431	0.557009	-0.042243	-0.296240	-0.374490	0.878635
19319	4.918669	-0.415234	8.974521	0.009172	0.006051	0.004619	0.473559	0.741326	0.475581	-0.829475	0.556947	-0.042210	-0.296165	-0.374494	0.878658
19320	4.967096	-0.390939	8.999779	0.007554	0.001530	0.007706	0.473517	0.741337	0.475607	-0.829514	0.556891	-0.042167	-0.296121	-0.374555	0.878647
19321	4.918003	-0.414544	8.974918	0.004577	0.004580	0.004579	0.473484	0.741376	0.475579	-0.829544	0.556847	-0.042174	-0.296091	-0.374545	0.878662
19322	4.917560	-0.389426	8.998966	0.004539	0.004618	0.007631	0.473632	0.741333	0.475498	-0.829454	0.556981	-0.042172	-0.296106	-0.374430	0.878706
19323	4.941514	-0.390279	8.999816	-0.003071	0.004690	0.006009	0.473588	0.741380	0.475468	-0.829467	0.556955	-0.042253	-0.296139	-0.374375	0.878718
19324	4.940948	-0.415743	8.976306	-0.002977	0.007684	0.001394	0.473595	0.741375	0.475470	-0.829430	0.557003	-0.042345	-0.296232	-0.374315	0.878712
19325	4.940899	-0.366963	8.999844	-0.006123	0.006272	0.007477	0.473543	0.741436	0.475426	-0.829442	0.556977	-0.042460	-0.296283	-0.374232	0.878730
19326	4.940241	-0.367912	9.000166	-0.007611	0.007797	0.005913	0.473401	0.741500	0.475468	-0.829502	0.556879	-0.042565	-0.296340	-0.374251	0.878703
19327	4.914453	-0.392689	9.000522	-0.009079	0.009303	0.002824	0.473396	0.741546	0.475400	-0.829483	0.556899	-0.042684	-0.296402	-0.374130	0.878734
19328	4.889818	-0.393357	8.975930	-0.001470	0.009230	0.004447	0.473410	0.741576	0.475340	-0.829496	0.556881	-0.042660	-0.296343	-0.374097	0.878767
19329	4.935419	-0.442084	9.027578	0.003185	0.007554	-0.003104	0.473450	0.741583	0.475290	-0.829485	0.556899	-0.042642	-0.296311	-0.374057	0.878795
19330	4.935390	-0.467107	8.979759	0.004749	0.007498	-0.006136	0.473556	0.741543	0.475246	-0.829451	0.556958	-0.042539	-0.296236	-0.374048	0.878824
19331	4.910661	-0.415884	9.026941	0.001622	-0.000113	-0.007609	0.473611	0.741496	0.475265	-0.829414	0.557015	-0.042513	-0.296253	-0.374056	0.878815
19332	4.984384	-0.417685	9.004516	0.001679	0.002920	-0.009172	0.473795	0.741388	0.475250	-0.829290	0.557202	-0.042481	-0.296305	-0.373993	0.878825
19333	4.935939	-0.366808	9.026606	-0.005930	0.002992	-0.010796	0.473886	0.741335	0.475243	-0.829215	0.557311	-0.042506	-0.296369	-0.373935	0.878827
19334	4.936844	-0.343197	9.001781	-0.007495	0.004593	-0.006257	0.473836	0.741334	0.475293	-0.829247	0.557265	-0.042484	-0.296359	-0.374005	0.878801
19335	4.936370	-0.343716	9.002021	-0.007554	0.006194	-0.000173	0.473847	0.741352	0.475253	-0.829218	0.557301	-0.042574	-0.296422	-0.373915	0.878818
19336	4.960170	-0.369966	8.979162	-0.007536	0.007720	-0.000191	0.473946	0.741316	0.475211	-0.829136	0.557420	-0.042630	-0.296494	-0.373810	0.878839
19337	4.909420	-0.368392	9.027038	-0.007594	0.007776	0.004386	0.473925	0.741365	0.475155	-0.829128	0.557423	-0.042742	-0.296550	-0.373708	0.878863
19338	4.933694	-0.395291	8.979858	-0.004504	0.009247	0.002882	0.473947	0.741372	0.475122	-0.829106	0.557452	-0.042782	-0.296575	-0.373651	0.878879
19339	4.956827	-0.395897	9.005222	-0.006086	0.004687	0.002917	0.473929	0.741402	0.475095	-0.829096	0.557460	-0.042874	-0.296633	-0.373580	0.878890
19340	4.908055	-0.370923	9.003645	-0.003017	0.007721	0.004447	0.473974	0.741398	0.475055	-0.829061	0.557510	-0.042908	-0.296659	-0.373512	0.878909
19341	4.883606	-0.346506	9.002752	-0.003075	0.006232	0.007516	0.473922	0.741459	0.475012	-0.829081	0.557472	-0.042995	-0.296685	-0.373447	0.878928
19342	4.879205	-0.567911	8.959262	-0.001663	-0.001396	0.009152	0.473861	0.741455	0.475079	-0.829071	0.557480	-0.043113	-0.296813	-0.373445	0.878886
19343	4.904946	-0.445518	9.030053	-0.007764	-0.004411	0.006056	0.473790	0.741468	0.475130	-0.829070	0.557471	-0.043234	-0.296928	-0.373432	0.878853
19344	4.907327	-0.373807	9.027953	-0.017015	-0.008841	0.009041	0.473709	0.741441	0.475252	-0.829030	0.557514	-0.043441	-0.297169	-0.373420	0.878777
19345	4.958563	-0.378695	8.955658	-0.015452	-0.004264	0.010533	0.473601	0.741480	0.475300	-0.829028	0.557501	-0.043651	-0.297347	-0.373364	0.878740
19346	4.960031	-0.307003	8.978127	-0.017017	-0.002665	0.015072	0.473303	0.741573	0.475451	-0.829117	0.557346	-0.043936	-0.297572	-0.373410	0.878644
19347	4.960069	-0.284210	9.001863	-0.012461	0.000385	0.019675	0.473132	0.741680	0.475455	-0.829167	0.557253	-0.044164	-0.297704	-0.373336	0.878631
19348	4.956664	-0.383328	9.028594	-0.012403	0.004962	0.019622	0.472898	0.741816	0.475474	-0.829263	0.557093	-0.044385	-0.297809	-0.373304	0.878609
19349	4.882650	-0.408148	9.027236	-0.012578	-0.002595	0.025812	0.472668	0.741946	0.475501	-0.829342	0.556956	-0.044643	-0.297956	-0.373252	0.878582
19350	4.883759	-0.386044	9.026320	-0.011131	-0.010261	0.024393	0.472491	0.741978	0.475627	-0.829374	0.556892	-0.044847	-0.298148	-0.373283	0.878503
19351	4.834392	-0.410001	9.073606	-0.003681	-0.021003	0.027665	0.472190	0.742049	0.475815	-0.829487	0.556707	-0.045035	-0.298308	-0.373417	0.878392
19352	4.861967	-0.338168	9.119982	-0.005465	-0.036187	0.032395	0.471901	0.742025	0.476140	-0.829569	0.556573	-0.045190	-0.298538	-0.373665	0.878208
19353	4.790773	-0.336576	9.189218	-0.002634	-0.049923	0.035641	0.471448	0.742031	0.476577	-0.829723	0.556326	-0.045407	-0.298826	-0.374020	0.877959
19354	4.819054	-0.238461	9.355538	-0.018214	-0.069504	0.040250	0.470991	0.741924	0.477197	-0.829762	0.556232	-0.045831	-0.299435	-0.374374	0.877601
19355	4.551059	-0.479749	9.350735	-0.036749	-0.084498	0.041724	0.470384	0.741834	0.477934	-0.829842	0.556067	-0.046377	-0.300168	-0.374795	0.877170
19356	4.513060	-0.431580	9.416178	0.003383	-0.156698	0.049103	0.469623	0.741419	0.479324	-0.829984	0.555839	-0.046585	-0.300966	-0.375954	0.876401
19357	4.624361	-0.507466	9.532947	-0.011514	-0.235792	0.054408	0.468453	0.740828	0.481380	-0.830198	0.555486	-0.046972	-0.302198	-0.377636	0.875253
19358	4.653314	-0.240715	9.710037	-0.058084	-0.286946	0.060639	0.466986	0.740083	0.483943	-0.830317	0.555230	-0.047877	-0.304133	-0.379469	0.873789
19359	4.511718	-0.374205	9.572688	-0.162999	-0.356983	0.075812	0.465258	0.739141	0.487038	-0.830166	0.555297	-0.049692	-0.307181	-0.381203	0.871966
19360	4.259561	-0.254781	9.937639	-0.147111	-0.504879	0.112526	0.462916	0.737741	0.491372	-0.830129	0.555188	-0.051499	-0.310797	-0.384063	0.869426
19361	4.373361	-0.057346	9.981374	-0.174387	-0.677929	0.165969	0.459407	0.736040	0.497183	-0.830341	0.554646	-0.053857	-0.315402	-0.388089	0.865973
19362	4.911931	0.583595	10.179598	-0.270128	-0.840503	0.246736	0.454658	0.734097	0.504368	-0.830593	0.553907	-0.057470	-0.321562	-0.392796	0.861574
19363	4.789811	0.008258	9.999044	-0.322782	-0.987199	0.307616	0.448884	0.731889	0.512680	-0.830926	0.552937	-0.061831	-0.328733	-0.398244	0.856350
19364	4.900962	0.081770	9.896689	-0.296386	-1.168859	0.398616	0.441773	0.729338	0.522400	-0.831643	0.551323	-0.066431	-0.336462	-0.405103	0.850109
19365	5.514535	0.523816	9.960926	-0.287461	-1.312305	0.480205	0.433300	0.726606	0.533194	-0.832757	0.549012	-0.071423	-0.344626	-0.413073	0.842973
19366	5.867153	0.747644	9.972112	-0.310711	-1.426181	0.586649	0.423402	0.723859	0.544756	-0.834218	0.546011	-0.077146	-0.353286	-0.421782	0.835039
19367	6.460999	1.407419	10.080517	-0.406165	-1.471212	0.707363	0.412218	0.721436	0.556423	-0.835711	0.542639	-0.084439	-0.362854	-0.430202	0.826598
19368	6.629442	1.573460	9.919255	-0.635077	-1.454330	0.827534	0.400049	0.719536	0.567652	-0.836674	0.539530	-0.094250	-0.374082	-0.437235	0.817856
19369	6.396459	0.620356	8.925205	-0.839290	-1.466878	0.922481	0.386738	0.718036	0.578670	-0.837101	0.536604	-0.106386	-0.386906	-0.443261	0.808593
19370	6.025025	0.480873	8.497666	-0.864661	-1.436679	0.975166	0.373092	0.716739	0.589141	-0.837281	0.533663	-0.119011	-0.399703	-0.448875	0.799218
19371	6.237461	0.430834	8.678505	-0.883680	-1.368341	0.996237	0.359186	0.715856	0.598778	-0.837332	0.530527	-0.131973	-0.412141	-0.453974	0.789967
19372	4.567394	-0.187027	8.573756	-0.854983	-1.198445	1.034707	0.345715	0.715741	0.606792	-0.837311	0.527201	-0.144808	-0.423546	-0.458011	0.781559
19373	3.069554	-0.281833	9.000358	-0.627960	-1.006627	0.986463	0.333134	0.716284	0.613155	-0.837962	0.523036	-0.155733	-0.432251	-0.461921	0.774460
19374	1.746342	1.157052	9.846463	-0.439965	-0.772058	0.824934	0.322967	0.716918	0.617836	-0.838650	0.519326	-0.164216	-0.438588	-0.465112	0.768968
19375	1.840070	2.069414	10.318934	-0.322891	-0.496204	0.487086	0.316684	0.717123	0.620843	-0.838774	0.517349	-0.169731	-0.442911	-0.466996	0.765340
19376	2.902501	1.774043	11.148083	-0.021107	-0.003984	0.026195	0.316559	0.717190	0.620829	-0.838705	0.517367	-0.170015	-0.443130	-0.466873	0.765288
19377	1.491411	2.528941	11.299834	0.191543	0.507756	-0.322377	0.321495	0.717876	0.617491	-0.838512	0.518799	-0.166572	-0.439931	-0.464221	0.768739
19378	0.355595	2.479915	11.039925	0.208073	0.854423	-0.538106	0.329850	0.718970	0.611785	-0.837653	0.521765	-0.161551	-0.435358	-0.459176	0.774352
19379	0.105507	1.777594	10.567744	0.216871	1.076249	-0.675205	0.340148	0.720333	0.604499	-0.836319	0.525646	-0.155779	-0.429965	-0.452566	0.781226
19380	0.304925	1.200719	10.584000	0.287841	1.248928	-0.781093	0.352231	0.721798	0.595769	-0.834746	0.530153	-0.148784	-0.423241	-0.444910	0.789254
19381	0.709877	0.978674	10.675880	0.342404	1.395621	-0.857053	0.365221	0.723379	0.585949	-0.833097	0.534847	-0.141024	-0.415407	-0.436647	0.797982
19382	1.196670	0.837831	10.702559	0.370635	1.525858	-0.894873	0.379127	0.725145	0.574829	-0.831241	0.539829	-0.132750	-0.406572	-0.427492	0.807434
19383	1.282685	0.828167	10.396251	0.377187	1.587601	-0.902395	0.392991	0.726956	0.563110	-0.829264	0.544796	-0.124574	-0.397340	-0.418010	0.816939
19384	1.189999	0.764106	9.936300	0.354791	1.546079	-0.880170	0.406360	0.728607	0.551365	-0.827173	0.549685	-0.116755	-0.388145	-0.408630	0.826054
19385	1.423715	0.759147	9.925143	0.338937	1.411025	-0.843179	0.418732	0.729653	0.540620	-0.824987	0.554470	-0.109360	-0.379552	-0.400211	0.834129
19386	2.541308	0.676424	10.244551	0.352891	1.247957	-0.816626	0.430238	0.730124	0.530863	-0.822851	0.559031	-0.101985	-0.371230	-0.392943	0.841299
19387	4.609306	0.462586	11.140045	0.409003	1.124180	-0.820698	0.441101	0.729897	0.522189	-0.820769	0.563435	-0.094234	-0.363000	-0.387030	0.847608
19388	8.172885	0.043839	12.338569	0.552333	1.219025	-0.858151	0.452494	0.729842	0.512426	-0.818965	0.567498	-0.085098	-0.352909	-0.381153	0.854505
19389	10.660594	0.031851	13.058888	0.732568	1.605280	-0.895762	0.465373	0.730795	0.499367	-0.817383	0.571283	-0.074298	-0.339577	-0.373598	0.863199
19390	10.764308	0.253327	12.717830	0.883461	2.074909	-0.900749	0.479531	0.733398	0.481847	-0.816154	0.574481	-0.062161	-0.322401	-0.363454	0.874048
19391	9.657883	0.420718	11.728978	0.935686	2.376891	-0.835596	0.493774	0.737078	0.461415	-0.815008	0.577287	-0.050011	-0.303231	-0.351363	0.885774
19392	8.190713	0.152654	10.230538	0.944431	2.431438	-0.728614	0.506891	0.741306	0.439916	-0.814156	0.579387	-0.038223	-0.283217	-0.338785	0.897225
19393	7.259728	-0.409178	8.908928	0.996375	2.262354	-0.632335	0.518215	0.745175	0.419723	-0.813633	0.580772	-0.026540	-0.263541	-0.327748	0.907264
19394	6.818823	-0.604354	7.944196	1.067309	1.968570	-0.552071	0.527779	0.748354	0.401767	-0.813465	0.581436	-0.014412	-0.244386	-0.319217	0.915629
19395	6.584677	2.922688	7.272377	0.372007	1.179913	-0.383306	0.533717	0.749846	0.390996	-0.812318	0.583137	-0.009502	-0.235130	-0.312542	0.920343
19396	6.869112	-1.818589	5.334510	0.484978	0.936286	-0.397592	0.539404	0.750345	0.382133	-0.811137	0.584847	-0.003419	-0.226055	-0.308118	0.924101
19397	9.186872	-2.541484	5.459578	0.557568	0.695176	-0.557270	0.545455	0.749211	0.375714	-0.809348	0.587317	0.003828	-0.217796	-0.306171	0.926728
19398	8.239277	-1.075792	5.503575	0.821469	0.569411	-0.719585	0.552550	0.746710	0.370287	-0.807125	0.590210	0.014208	-0.207937	-0.306719	0.928809
19399	8.022634	-1.102836	5.084554	0.749844	0.386522	-0.828238	0.560004	0.742991	0.366551	-0.804043	0.594078	0.024204	-0.199776	-0.308277	0.930083
19400	7.955781	-2.651257	4.272614	0.617407	0.198159	-0.948432	0.568097	0.737899	0.364378	-0.799860	0.599251	0.033512	-0.193625	-0.310490	0.930648
19401	8.518929	-2.285128	3.540038	0.386735	-0.034739	-1.057270	0.576452	0.731417	0.364323	-0.794550	0.605817	0.040938	-0.190770	-0.313072	0.930372
19402	10.116800	-1.853930	2.459682	-0.142158	-0.258299	-1.119600	0.584950	0.723690	0.366205	-0.787683	0.614524	0.043774	-0.193363	-0.314059	0.929504
19403	11.389132	-0.797204	0.787723	-0.884130	-0.428493	-1.107506	0.592773	0.715481	0.369739	-0.779407	0.625265	0.039612	-0.202844	-0.311658	0.928291
19404	10.498510	-0.861533	-2.275594	-1.688424	-0.761264	-1.054994	0.599365	0.706395	0.376521	-0.769523	0.638004	0.028001	-0.220442	-0.306524	0.925985
19405	4.859236	-2.576032	-1.278161	-2.102795	-1.248809	-1.124899	0.605050	0.695336	0.387843	-0.757861	0.652290	0.012849	-0.244052	-0.301706	0.921636
19406	6.919653	-0.348003	2.689338	-2.088738	-1.847207	-1.576275	0.612085	0.679288	0.404869	-0.742898	0.669404	-0.000004	-0.271024	-0.300774	0.914375
19407	1.552155	1.541126	4.525556	-2.256424	-2.301998	-1.967632	0.619920	0.658991	0.425946	-0.724308	0.689366	-0.012379	-0.301790	-0.300842	0.904664
19408	3.041928	2.711273	10.663513	-2.691307	-2.596115	-2.304148	0.627950	0.635023	0.449916	-0.701469	0.712218	-0.026198	-0.337075	-0.299152	0.892686
19409	15.055543	0.949626	24.182789	-2.960903	-2.575893	-1.663738	0.630283	0.615370	0.473353	-0.680468	0.731408	-0.044783	-0.373773	-0.293876	0.879733
19410	15.687074	-35.501770	19.172471	-2.398693	-0.441500	0.295399	0.626447	0.616263	0.477268	-0.673383	0.736267	-0.066830	-0.392582	-0.279518	0.876213
19411	-5.181628	-15.293501	3.771374	0.699909	-0.126722	0.389188	0.623312	0.618759	0.478142	-0.678541	0.731892	-0.062580	-0.388670	-0.285432	0.876050
19412	11.398274	9.194863	12.735470	0.752302	-1.237061	-0.074221	0.618809	0.614710	0.489088	-0.681275	0.729925	-0.055436	-0.391075	-0.298899	0.870471
19413	7.216227	-3.412860	10.506349	-1.102739	0.349058	0.173396	0.618996	0.616999	0.485958	-0.677998	0.732103	-0.065908	-0.396436	-0.288682	0.871494
19414	7.239517	-3.738566	9.850714	0.686328	-0.405805	-0.099171	0.617973	0.615091	0.489666	-0.680214	0.730611	-0.059304	-0.394232	-0.296429	0.869891
19415	4.518045	0.131829	8.883000	-0.192193	-0.305930	-0.024177	0.616917	0.614004	0.492354	-0.679296	0.731335	-0.060877	-0.397455	-0.296898	0.868263
19416	5.482910	0.556028	8.902372	0.053724	-0.182368	-0.033688	0.616236	0.613241	0.494154	-0.679464	0.731240	-0.060136	-0.398223	-0.298701	0.867292
19417	5.851618	0.712880	8.496157	0.040078	-0.094405	-0.007706	0.615903	0.612899	0.494993	-0.679569	0.731173	-0.059772	-0.398560	-0.299568	0.866839
19418	5.329090	-0.171538	8.762087	0.058310	-0.038668	0.010708	0.615617	0.612827	0.495438	-0.679912	0.730898	-0.059237	-0.398416	-0.300386	0.866621
19419	5.281850	-0.040279	8.896818	0.059939	-0.003847	0.021743	0.615445	0.612971	0.495474	-0.680277	0.730589	-0.058847	-0.398060	-0.300842	0.866627
19420	5.317219	-0.545159	8.819814	0.048395	0.024100	0.026171	0.615358	0.613185	0.495316	-0.680621	0.730296	-0.058510	-0.397604	-0.301118	0.866740
19421	5.085282	-0.819112	8.962266	0.049287	0.013628	0.022568	0.615250	0.613387	0.495201	-0.680948	0.730014	-0.058216	-0.397212	-0.301389	0.866826
19422	5.068946	-0.865145	8.933029	0.040327	-0.006115	0.004611	0.615186	0.613351	0.495325	-0.681117	0.729885	-0.057866	-0.397022	-0.301775	0.866778
19423	5.055230	-0.758520	8.869295	0.027301	-0.032309	-0.013704	0.615142	0.613150	0.495629	-0.681133	0.729892	-0.057583	-0.397063	-0.302168	0.866623
19424	5.058394	-0.462411	8.922490	0.023269	-0.038285	-0.023242	0.615161	0.612797	0.496040	-0.681034	0.730010	-0.057259	-0.397202	-0.302597	0.866409
19425	5.147148	-0.657008	8.802504	0.016174	-0.044748	-0.028227	0.615166	0.612452	0.496461	-0.680917	0.730139	-0.057000	-0.397395	-0.302984	0.866186
19426	5.194934	-0.326710	8.834507	0.018457	-0.035464	-0.026204	0.615223	0.612088	0.496839	-0.680777	0.730292	-0.056705	-0.397546	-0.303350	0.865988
19427	5.233918	-0.389392	8.801982	0.015906	-0.023752	-0.019494	0.615252	0.611870	0.497072	-0.680713	0.730369	-0.056492	-0.397612	-0.303607	0.865868
19428	5.175210	-0.326226	8.831562	0.004223	-0.012714	-0.014416	0.615319	0.611663	0.497243	-0.680591	0.730491	-0.056378	-0.397716	-0.303729	0.865777
19429	5.268516	-0.433251	8.820512	-0.000864	-0.007250	-0.009574	0.615346	0.611567	0.497328	-0.680521	0.730558	-0.056359	-0.397794	-0.303762	0.865730
19430	5.224827	-0.462592	8.792526	-0.007714	0.001361	-0.009184	0.615440	0.611435	0.497374	-0.680375	0.730692	-0.056377	-0.397898	-0.303705	0.865703
19431	5.179811	-0.502127	8.862136	-0.006943	0.010755	-0.011766	0.615554	0.611377	0.497304	-0.680267	0.730791	-0.056399	-0.397907	-0.303583	0.865741
19432	5.199285	-0.469824	8.817011	-0.020651	0.009546	-0.010392	0.615680	0.611260	0.497293	-0.680070	0.730965	-0.056514	-0.398049	-0.303400	0.865740
19433	5.169850	-0.460902	8.916434	-0.012920	0.008499	-0.007324	0.615754	0.611227	0.497240	-0.679966	0.731055	-0.056610	-0.398112	-0.303248	0.865764
19434	5.117340	-0.440576	8.869517	-0.009621	0.005713	-0.007443	0.615853	0.611119	0.497251	-0.679823	0.731185	-0.056650	-0.398203	-0.303154	0.865755
19435	5.169077	-0.459825	8.892607	-0.015466	0.002015	-0.004608	0.615884	0.611086	0.497253	-0.679725	0.731266	-0.056782	-0.398323	-0.303024	0.865746
19436	5.161016	-0.407642	8.849054	-0.006458	0.004289	-0.004426	0.615958	0.610992	0.497277	-0.679610	0.731371	-0.056809	-0.398404	-0.302962	0.865730
19437	5.131887	-0.395783	8.924109	-0.003830	0.008466	0.008073	0.615928	0.611072	0.497216	-0.679636	0.731339	-0.056904	-0.398406	-0.302877	0.865759
19438	5.159305	-0.414086	8.898382	-0.005484	0.009780	0.009661	0.615927	0.611103	0.497179	-0.679617	0.731350	-0.056993	-0.398440	-0.302788	0.865774
19439	5.182565	-0.406037	8.850982	-0.004347	0.014383	0.011439	0.615898	0.611226	0.497065	-0.679662	0.731299	-0.057108	-0.398409	-0.302663	0.865832
19440	5.217628	-0.467491	8.772216	-0.003356	0.020189	0.019410	0.615875	0.611350	0.496939	-0.679705	0.731250	-0.057224	-0.398371	-0.302529	0.865897
19441	5.223190	-0.521207	8.817132	0.009836	0.027314	0.021409	0.615829	0.611585	0.496707	-0.679867	0.731096	-0.057266	-0.398164	-0.302429	0.866027
19442	5.216725	-0.497775	8.820994	0.005384	0.025262	0.024335	0.615788	0.611768	0.496533	-0.679984	0.730982	-0.057329	-0.398029	-0.302332	0.866122
19443	5.166028	-0.508993	8.845460	0.008418	0.025354	0.027429	0.615693	0.612040	0.496315	-0.680178	0.730795	-0.057413	-0.397844	-0.302234	0.866242
19444	5.183753	-0.479092	8.825654	0.009699	0.028674	0.024542	0.615667	0.612232	0.496111	-0.680309	0.730671	-0.057441	-0.397661	-0.302145	0.866357
19445	5.181042	-0.482051	8.851393	0.011456	0.025525	0.028994	0.615562	0.612516	0.495890	-0.680524	0.730465	-0.057506	-0.397454	-0.302067	0.866479
19446	5.158471	-0.507723	8.825629	0.017042	0.032099	0.029375	0.615521	0.612748	0.495655	-0.680707	0.730296	-0.057495	-0.397205	-0.302007	0.866614
19447	5.191456	-0.432975	8.884332	0.015896	0.027418	0.029126	0.615423	0.613038	0.495418	-0.680941	0.730076	-0.057522	-0.396956	-0.301950	0.866748
19448	5.156697	-0.386655	8.865969	0.016778	0.034980	0.032584	0.615361	0.613318	0.495149	-0.681159	0.729872	-0.057528	-0.396678	-0.301874	0.866902
19449	5.128437	-0.398338	8.940224	0.017778	0.040945	0.037493	0.615259	0.613710	0.494789	-0.681452	0.729595	-0.057581	-0.396333	-0.301748	0.867103
19450	5.080950	-0.425322	8.890117	0.022471	0.039797	0.037475	0.615195	0.614018	0.494487	-0.681702	0.729362	-0.057558	-0.396002	-0.301683	0.867277
19451	5.169493	-0.533248	8.882059	0.022727	0.036837	0.035794	0.615088	0.614385	0.494164	-0.682004	0.729080	-0.057558	-0.395648	-0.301618	0.867461
19452	5.142478	-0.534545	8.858979	0.020194	0.030671	0.032392	0.615017	0.614632	0.493945	-0.682221	0.728879	-0.057527	-0.395384	-0.301600	0.867588
19453	5.139549	-0.533993	8.860712	0.030844	0.031453	0.034064	0.614900	0.614969	0.493670	-0.682543	0.728584	-0.057448	-0.395009	-0.301626	0.867750
19454	5.193539	-0.420393	8.825492	0.032251	0.033172	0.032629	0.614838	0.615227	0.493427	-0.682809	0.728345	-0.057315	-0.394647	-0.301677	0.867897
19455	5.121540	-0.457689	8.847416	0.025531	0.040201	0.034447	0.614753	0.615594	0.493076	-0.683113	0.728063	-0.057284	-0.394253	-0.301611	0.868099
19456	5.101205	-0.513770	8.892652	0.028947	0.035888	0.034264	0.614693	0.615877	0.492796	-0.683374	0.727825	-0.057195	-0.393894	-0.301607	0.868263
19457	5.081752	-0.564916	8.889125	0.023129	0.032593	0.029442	0.614612	0.616184	0.492514	-0.683637	0.727580	-0.057160	-0.393564	-0.301569	0.868426
19458	5.095505	-0.512586	8.895988	0.019565	0.020228	0.025727	0.614551	0.616348	0.492384	-0.683803	0.727429	-0.057105	-0.393371	-0.301600	0.868503
19459	5.073932	-0.536931	8.869691	0.032258	0.015275	0.022548	0.614448	0.616552	0.492256	-0.684059	0.727199	-0.056956	-0.393085	-0.301736	0.868585
19460	5.052637	-0.417440	8.906612	0.039974	0.014209	0.025641	0.614359	0.616701	0.492182	-0.684312	0.726980	-0.056720	-0.392786	-0.301959	0.868643
19461	5.111766	-0.476943	8.877466	0.038971	0.008239	0.020738	0.614241	0.616871	0.492116	-0.684583	0.726741	-0.056504	-0.392497	-0.302187	0.868694
19462	5.095252	-0.376333	8.863282	0.041221	0.017143	0.030392	0.614140	0.617051	0.492016	-0.684856	0.726502	-0.056282	-0.392180	-0.302395	0.868765
19463	5.101216	-0.421663	8.859828	0.054670	0.021193	0.032263	0.613994	0.617343	0.491831	-0.685259	0.726145	-0.055986	-0.391704	-0.302656	0.868889
19464	5.146526	-0.415502	8.911267	0.055826	0.025872	0.032499	0.613906	0.617570	0.491658	-0.685610	0.725840	-0.055642	-0.391228	-0.302926	0.869009
19465	5.160329	-0.501013	8.831003	0.059884	0.032162	0.035909	0.613777	0.617921	0.491376	-0.686055	0.725444	-0.055319	-0.390649	-0.303158	0.869189
19466	5.076303	-0.467432	8.908205	0.072329	0.030230	0.032885	0.613704	0.618168	0.491158	-0.686473	0.725085	-0.054838	-0.390030	-0.303512	0.869343
19467	5.058370	-0.364410	8.894736	0.073806	0.030057	0.039020	0.613545	0.618536	0.490893	-0.686990	0.724627	-0.054408	-0.389367	-0.303857	0.869519
19468	5.026324	-0.491810	8.932323	0.079219	0.019779	0.038595	0.613387	0.618800	0.490757	-0.687475	0.724205	-0.053895	-0.388759	-0.304325	0.869628
19469	5.021468	-0.319776	8.998080	0.077165	0.005288	0.050153	0.613055	0.619172	0.490702	-0.688073	0.723667	-0.053491	-0.388225	-0.304846	0.869684
19470	5.074924	-0.179849	8.962963	0.074265	0.001439	0.062197	0.612673	0.619533	0.490726	-0.688667	0.723128	-0.053133	-0.387775	-0.305394	0.869693
19471	5.104764	-0.371331	8.970152	0.067958	0.001919	0.074402	0.612160	0.620069	0.490688	-0.689377	0.722467	-0.052927	-0.387324	-0.305869	0.869727
19472	4.960230	-0.250872	9.052514	0.062367	-0.006714	0.086200	0.611577	0.620582	0.490766	-0.690075	0.721810	-0.052790	-0.387001	-0.306380	0.869691
19473	5.032962	-0.241801	9.078554	0.041426	-0.014991	0.097843	0.610836	0.621235	0.490863	-0.690824	0.721083	-0.052931	-0.386836	-0.306768	0.869627
19474	4.909005	-0.384194	9.038351	0.022369	-0.027630	0.107781	0.610019	0.621858	0.491090	-0.691508	0.720402	-0.053258	-0.386902	-0.307104	0.869479
19475	4.870956	-0.314332	9.238369	-0.008421	-0.067206	0.117917	0.608936	0.622493	0.491629	-0.692185	0.719703	-0.053931	-0.387399	-0.307458	0.869133
19476	4.622060	-0.134136	9.467903	-0.025983	-0.119389	0.124568	0.607653	0.622933	0.492658	-0.692767	0.719080	-0.054757	-0.388370	-0.308024	0.868498
19477	4.306229	-0.159322	9.896447	-0.056199	-0.190488	0.156272	0.605822	0.623461	0.494244	-0.693486	0.718287	-0.056036	-0.389945	-0.308804	0.867516
19478	4.443184	-0.070460	9.724416	-0.129208	-0.326493	0.198393	0.603207	0.623783	0.497027	-0.694109	0.717520	-0.058118	-0.392880	-0.309933	0.865787
19479	4.170571	-0.722640	10.111184	-0.156553	-0.480229	0.233888	0.599679	0.623960	0.501058	-0.694887	0.716556	-0.060659	-0.396885	-0.311803	0.863285
19480	3.799611	-0.887551	10.561114	-0.279074	-0.759164	0.245936	0.594971	0.623263	0.507496	-0.695171	0.715964	-0.064290	-0.403419	-0.314546	0.859252
19481	3.299575	-0.384176	11.463942	-0.241334	-1.145231	0.240595	0.588622	0.621344	0.517162	-0.695600	0.715241	-0.067609	-0.411904	-0.319942	0.853213
19482	3.238524	0.091167	11.621214	-0.355131	-1.607985	0.301224	0.579835	0.618217	0.530659	-0.695819	0.714580	-0.072185	-0.423825	-0.327387	0.844506
19483	3.542333	1.072369	12.573987	-0.420444	-2.162583	0.390914	0.567774	0.613809	0.548518	-0.696237	0.713579	-0.077839	-0.439189	-0.337703	0.832508
19484	3.596705	0.701653	12.523536	-0.705954	-2.736269	0.499572	0.552017	0.607942	0.570687	-0.695835	0.712980	-0.086452	-0.459446	-0.349381	0.816604
19485	4.190688	0.726101	12.508643	-0.744265	-3.320164	0.608371	0.532134	0.600422	0.596932	-0.695615	0.711968	-0.096026	-0.482652	-0.364136	0.796525
19486	4.772607	1.054017	13.516047	-0.997145	-3.913844	0.752070	0.507489	0.591169	0.626876	-0.694555	0.711222	-0.108431	-0.509949	-0.380372	0.771537
19487	5.829922	1.981650	15.222985	-1.390263	-4.387438	0.886911	0.478267	0.580431	0.659061	-0.691605	0.711435	-0.124673	-0.541243	-0.396183	0.741684
19488	7.763336	1.777106	14.896229	-1.881483	-4.747198	1.005402	0.444827	0.568427	0.692112	-0.685721	0.713260	-0.145077	-0.576122	-0.410062	0.707059
19489	9.355387	1.306103	15.061055	-2.172659	-4.808226	1.126417	0.408576	0.556470	0.723468	-0.677609	0.715970	-0.168026	-0.611483	-0.421577	0.669598
19490	12.233047	-0.958126	14.193739	-2.150871	-4.503690	1.061859	0.373167	0.544851	0.750922	-0.668236	0.719319	-0.189844	-0.643590	-0.430949	0.632515
19491	9.588512	-0.897283	12.361274	-2.055144	-4.369729	1.017912	0.337634	0.533155	0.775724	-0.658308	0.722791	-0.210246	-0.672780	-0.439680	0.595020
19492	7.673463	0.782162	11.847818	-1.913020	-4.254226	1.011878	0.301859	0.521573	0.798024	-0.648413	0.725964	-0.229208	-0.698886	-0.448261	0.557334
19493	3.647403	2.453612	10.220887	-2.078228	-4.220805	1.078254	0.264877	0.510347	0.818160	-0.636661	0.729798	-0.249113	-0.724226	-0.454906	0.518225
19494	0.620809	2.685728	9.244371	-2.388492	-4.414985	1.208925	0.224751	0.499006	0.836947	-0.622019	0.734623	-0.270963	-0.750053	-0.459697	0.475498
19495	2.628545	1.850443	10.268959	-2.431974	-4.357968	1.034355	0.185171	0.486512	0.853825	-0.605585	0.740762	-0.290754	-0.773937	-0.463225	0.431792
19496	14.094140	-2.710324	14.357537	-1.471403	-2.568708	0.274333	0.163525	0.476649	0.863751	-0.594611	0.746254	-0.299238	-0.787209	-0.464663	0.405451
