// General information: 
//  MT Manager version: 2022.2.0 
//  XDA version: 2022.2.0 build 7381 rev 124627 built on 2023-07-19
// Device information: 
//  DeviceId: 00B4CAF0
//  ProductCode: MTW2-3A7G6
//  Firmware Version: 4.6.0
//  Hardware Version: 2.0.0
// Device settings: 
//  Filter Profile: human(46.1)
//  Option Flags: Orientation Smoother Disabled, Position/Velocity Smoother Disabled, Continuous Zero Rotation Update Disabled, AHS Disabled, ICC Disabled
// Coordinate system: ENU
PacketCounter	Acc_X	Acc_Y	Acc_Z	Gyr_X	Gyr_Y	Gyr_Z	Mat[1][1]	Mat[2][1]	Mat[3][1]	Mat[1][2]	Mat[2][2]	Mat[3][2]	Mat[1][3]	Mat[2][3]	Mat[3][3]
01771	5.607191	-0.813055	8.546888	-0.040600	-0.001244	0.030391	0.810095	0.227641	0.540301	-0.222897	0.971930	-0.075297	-0.542275	-0.059434	0.838096
01772	5.565168	-0.810403	8.581683	-0.014523	0.007788	0.022582	0.810071	0.227849	0.540249	-0.222970	0.971892	-0.075564	-0.542281	-0.059247	0.838105
01773	5.576197	-0.898510	8.492427	-0.017692	0.009261	0.017942	0.810050	0.227999	0.540218	-0.222974	0.971870	-0.075831	-0.542311	-0.059028	0.838102
01774	5.505763	-0.776373	8.558209	-0.005169	0.012434	0.012175	0.810074	0.228109	0.540135	-0.223014	0.971851	-0.075963	-0.542259	-0.058922	0.838143
01775	5.554065	-0.799742	8.553644	-0.003047	0.013433	0.009069	0.810171	0.228067	0.540007	-0.222917	0.971869	-0.076018	-0.542153	-0.058789	0.838220
01776	5.522963	-0.719342	8.605952	0.001507	0.008778	0.008879	0.810183	0.228142	0.539958	-0.222965	0.971853	-0.076076	-0.542116	-0.058756	0.838247
01777	5.528748	-0.789632	8.627527	-0.001206	0.010782	0.007964	0.810219	0.228139	0.539906	-0.222916	0.971860	-0.076140	-0.542083	-0.058664	0.838275
01778	5.528999	-0.807486	8.598167	-0.000811	0.005333	0.004836	0.810221	0.228173	0.539889	-0.222919	0.971855	-0.076196	-0.542079	-0.058616	0.838281
01779	5.518259	-0.828020	8.590181	0.005016	0.006593	0.000946	0.810261	0.228109	0.539856	-0.222863	0.971870	-0.076160	-0.542042	-0.058604	0.838305
01780	5.559351	-0.834046	8.555713	0.006858	0.003941	-0.000157	0.810266	0.228093	0.539854	-0.222867	0.971872	-0.076124	-0.542032	-0.058634	0.838310
01781	5.545664	-0.872654	8.598675	0.013238	0.001785	-0.005459	0.810241	0.228067	0.539903	-0.222927	0.971869	-0.075988	-0.542045	-0.058790	0.838290
01782	5.499723	-0.757955	8.591328	0.021203	-0.001107	-0.008443	0.810238	0.227967	0.539949	-0.222942	0.971881	-0.075788	-0.542044	-0.058971	0.838278
01783	5.553773	-0.705132	8.543754	0.020195	0.001779	-0.010757	0.810240	0.227847	0.539998	-0.222940	0.971898	-0.075573	-0.542042	-0.059155	0.838267
01784	5.543647	-0.652133	8.574020	0.019937	0.003696	-0.007336	0.810260	0.227761	0.540003	-0.222957	0.971909	-0.075389	-0.542005	-0.059313	0.838280
01785	5.582454	-0.693417	8.560955	0.012548	0.008738	-0.004347	0.810334	0.227607	0.539957	-0.222848	0.971943	-0.075265	-0.541938	-0.059338	0.838321
01786	5.583176	-0.638118	8.569898	0.016269	0.003851	-0.001120	0.810341	0.227582	0.539956	-0.222895	0.971942	-0.075145	-0.541908	-0.059460	0.838332
01787	5.578077	-0.710312	8.612917	0.001172	0.009867	0.001430	0.810408	0.227468	0.539905	-0.222750	0.971975	-0.075153	-0.541869	-0.059359	0.838364
01788	5.559144	-0.715134	8.575508	0.000633	0.008134	0.006856	0.810421	0.227523	0.539863	-0.222777	0.971964	-0.075207	-0.541839	-0.059319	0.838387
01789	5.557153	-0.769309	8.567484	0.001051	0.008251	0.005148	0.810442	0.227546	0.539821	-0.222793	0.971960	-0.075219	-0.541800	-0.059307	0.838413
01790	5.537326	-0.756573	8.559781	0.002598	0.007099	0.002036	0.810460	0.227553	0.539791	-0.222791	0.971959	-0.075231	-0.541773	-0.059289	0.838431
01791	5.584983	-0.761358	8.584935	0.006620	0.011429	0.004678	0.810400	0.227753	0.539796	-0.223038	0.971903	-0.075222	-0.541762	-0.059435	0.838428
01792	5.535216	-0.827250	8.522809	0.007160	0.013161	-0.000748	0.810457	0.227737	0.539718	-0.223039	0.971906	-0.075181	-0.541676	-0.059447	0.838482
01793	5.543499	-0.716956	8.599941	0.012867	0.012806	-0.000921	0.810533	0.227659	0.539637	-0.223007	0.971922	-0.075073	-0.541576	-0.059494	0.838544
01794	5.476885	-0.661413	8.546793	0.017306	0.017253	0.000011	0.810610	0.227653	0.539523	-0.223069	0.971917	-0.074950	-0.541435	-0.059596	0.838628
01795	5.456608	-0.345337	8.721955	-0.000903	0.004140	0.013979	0.810605	0.227678	0.539520	-0.223035	0.971917	-0.075050	-0.541456	-0.059496	0.838622
01796	5.470356	-0.647758	8.657964	-0.035827	-0.002636	0.022735	0.810524	0.227881	0.539556	-0.222994	0.971892	-0.075495	-0.541594	-0.059127	0.838558
01797	5.426152	-0.895408	8.598691	-0.020437	-0.010155	0.022199	0.810453	0.227902	0.539655	-0.222830	0.971906	-0.075801	-0.541769	-0.058819	0.838467
01798	5.507912	-0.947507	8.549615	-0.012629	-0.015083	0.017505	0.810316	0.228047	0.539799	-0.222871	0.971879	-0.076023	-0.541956	-0.058703	0.838354
01799	5.478668	-0.938888	8.562096	0.003865	-0.013574	0.007539	0.810206	0.228061	0.539958	-0.222884	0.971874	-0.076052	-0.542115	-0.058730	0.838249
01800	5.429775	-0.898225	8.596110	0.017770	-0.024314	-0.000451	0.810059	0.228026	0.540193	-0.222944	0.971870	-0.075923	-0.542310	-0.058931	0.838109
01801	5.476153	-0.794941	8.577083	0.026152	-0.027093	-0.005143	0.809865	0.227992	0.540499	-0.223074	0.971858	-0.075701	-0.542547	-0.059263	0.837932
01802	5.530912	-0.707289	8.587316	0.017391	-0.034365	-0.010731	0.809686	0.227850	0.540826	-0.223049	0.971878	-0.075520	-0.542824	-0.059483	0.837737
01803	5.593875	-0.635404	8.626920	0.028130	-0.033275	-0.005959	0.809503	0.227718	0.541156	-0.223090	0.971889	-0.075254	-0.543080	-0.059808	0.837548
01804	5.507543	-0.479444	8.711749	0.004905	-0.037106	0.000465	0.809284	0.227683	0.541497	-0.223088	0.971890	-0.075238	-0.543406	-0.059913	0.837329
01805	5.395508	-0.725274	8.669381	-0.015054	-0.046357	0.006394	0.809026	0.227617	0.541910	-0.222937	0.971912	-0.075404	-0.543853	-0.059808	0.837047
01806	5.485458	-1.042438	8.554292	-0.005436	-0.059501	-0.000839	0.808688	0.227556	0.542440	-0.222868	0.971923	-0.075467	-0.544383	-0.059863	0.836698
01807	5.379841	-1.141460	8.506830	0.036660	-0.060227	-0.019803	0.808403	0.227254	0.542992	-0.222820	0.971966	-0.075056	-0.544826	-0.060315	0.836377
01808	5.366185	-0.963225	8.601960	0.050953	-0.065692	-0.033562	0.808103	0.226871	0.543598	-0.222794	0.972017	-0.074469	-0.545281	-0.060931	0.836036
01809	5.414737	-0.819761	8.640124	0.065083	-0.073185	-0.049052	0.807876	0.226162	0.544230	-0.222534	0.972139	-0.073646	-0.545723	-0.061613	0.835697
01810	5.476174	-0.779747	8.779449	0.060601	-0.088744	-0.052851	0.807493	0.225576	0.545041	-0.222406	0.972227	-0.072874	-0.546342	-0.062375	0.835236
01811	5.527488	-0.795560	8.709785	0.059091	-0.108217	-0.059173	0.806995	0.224913	0.546053	-0.222215	0.972329	-0.072088	-0.547156	-0.063167	0.834644
01812	5.444667	-0.633327	8.871784	0.071315	-0.114224	-0.064463	0.806496	0.224196	0.547083	-0.222052	0.972434	-0.071162	-0.547957	-0.064089	0.834048
01813	4.978184	-1.075863	8.999067	0.054375	-0.137327	-0.073031	0.805888	0.223340	0.548328	-0.221688	0.972579	-0.070322	-0.548997	-0.064886	0.833302
01814	3.964341	-0.562026	10.110225	0.065335	-0.237429	-0.139211	0.804875	0.221813	0.550433	-0.220894	0.972852	-0.069036	-0.550802	-0.066022	0.832020
01815	5.054943	-1.280153	8.704907	-0.012196	-0.489305	-0.164896	0.802443	0.219970	0.554705	-0.219588	0.973201	-0.068267	-0.554857	-0.067026	0.829242
01816	4.975490	-0.578054	9.649858	-0.015309	-0.524760	-0.184087	0.799907	0.217806	0.559205	-0.217995	0.973620	-0.067390	-0.559131	-0.067998	0.826286
01817	4.679759	-1.184036	9.277353	0.006072	-0.645733	-0.203846	0.796693	0.215365	0.564710	-0.216381	0.974061	-0.066211	-0.564322	-0.069442	0.822629
01818	4.573797	-0.907139	9.905052	-0.017829	-0.848391	-0.242267	0.792381	0.212391	0.571858	-0.214321	0.974598	-0.065002	-0.571138	-0.071055	0.817773
01819	4.634546	-1.084959	9.954238	0.029115	-1.028278	-0.268497	0.787028	0.209012	0.580432	-0.212338	0.975148	-0.063232	-0.579223	-0.073483	0.811850
01820	4.813397	-0.854583	10.014848	0.037809	-1.244320	-0.295465	0.780367	0.205179	0.590702	-0.210210	0.975738	-0.061216	-0.588931	-0.076400	0.804564
01821	5.069407	-1.105805	9.987441	0.073549	-1.486499	-0.345789	0.772247	0.200646	0.602806	-0.207975	0.976380	-0.058557	-0.600317	-0.080148	0.795736
01822	5.249341	-0.804121	10.086409	0.145281	-1.696534	-0.419571	0.762803	0.195130	0.616487	-0.205602	0.977096	-0.054870	-0.613074	-0.084896	0.785451
01823	5.561489	-1.356134	9.771583	0.044850	-1.909040	-0.532355	0.751968	0.188389	0.631706	-0.201996	0.978046	-0.051223	-0.627488	-0.089084	0.773514
01824	6.510700	-1.768294	9.479278	0.089222	-2.057721	-0.686481	0.740251	0.179771	0.647851	-0.197406	0.979234	-0.046165	-0.642697	-0.093716	0.760367
01825	6.628386	-2.310887	9.588643	0.023381	-2.113373	-0.843746	0.728034	0.169657	0.664216	-0.191585	0.980641	-0.040486	-0.658226	-0.097779	0.746444
01826	8.843311	-7.651596	9.371439	-0.088072	-2.079713	-0.995475	0.716033	0.157807	0.679995	-0.183775	0.982364	-0.034463	-0.673441	-0.100290	0.732406
01827	8.291002	-8.672950	6.609317	1.272812	-1.930593	-1.156513	0.704997	0.144503	0.694332	-0.184366	0.982705	-0.017321	-0.684827	-0.115800	0.719446
01828	7.577435	-3.770630	8.174507	2.221784	-1.731553	-1.319182	0.695519	0.129311	0.706776	-0.190397	0.981677	0.007758	-0.692822	-0.139964	0.707395
01829	7.546514	-1.600564	7.820745	2.122440	-1.628560	-1.354704	0.686667	0.113830	0.718005	-0.196144	0.980046	0.032210	-0.700011	-0.162950	0.695292
01830	6.523719	-0.493317	7.155717	2.127567	-1.459842	-1.355452	0.679080	0.097997	0.727494	-0.201807	0.977785	0.056664	-0.705780	-0.185293	0.683770
01831	4.795991	1.004478	10.097369	2.179812	-1.146650	-1.219622	0.673337	0.084148	0.734532	-0.209401	0.974526	0.080313	-0.709062	-0.207889	0.673805
01832	9.668315	3.354993	14.469351	1.566205	-0.691474	-0.968759	0.670457	0.073206	0.738328	-0.213972	0.971918	0.097936	-0.710425	-0.223644	0.667293
01833	4.395605	2.361611	14.218362	-0.240279	-0.099771	-0.302954	0.670197	0.070372	0.738840	-0.210711	0.972573	0.098500	-0.711644	-0.221696	0.666644
01834	1.394477	-3.883924	8.414463	-0.766834	0.142547	-0.093546	0.671383	0.069750	0.737821	-0.204588	0.974319	0.094058	-0.712312	-0.214099	0.668411
01835	1.900306	-4.647923	8.715868	-0.070188	0.274355	-0.139608	0.673394	0.069315	0.736028	-0.203596	0.974484	0.094499	-0.710697	-0.213487	0.670323
01836	2.432493	-3.914198	9.113835	0.116662	0.519203	-0.196923	0.677451	0.068485	0.732373	-0.203057	0.974379	0.096715	-0.706985	-0.214234	0.674000
01837	2.433486	-2.128139	9.929182	0.158527	0.792448	-0.178905	0.683233	0.068764	0.726955	-0.203318	0.974100	0.098948	-0.701323	-0.215408	0.679519
01838	2.501019	-1.522403	9.772480	-0.135926	1.037594	-0.092791	0.690640	0.070063	0.719797	-0.201697	0.974465	0.098675	-0.694503	-0.213330	0.687136
01839	2.718858	-1.719121	9.563522	-0.408797	1.253495	0.028858	0.699134	0.073284	0.711225	-0.199360	0.975264	0.095481	-0.686634	-0.208544	0.696450
01840	3.086663	-2.137418	9.213809	-0.579383	1.440967	0.147179	0.708650	0.077656	0.701274	-0.196409	0.976350	0.090359	-0.677671	-0.201770	0.707143
01841	3.471267	-2.275100	8.954104	-0.693960	1.604808	0.241484	0.718751	0.083616	0.690221	-0.193945	0.977448	0.083550	-0.667669	-0.193916	0.718759
01842	3.725931	-2.247354	8.740138	-0.765396	1.749000	0.308740	0.729715	0.089929	0.677812	-0.191080	0.978638	0.075871	-0.656510	-0.184880	0.731310
01843	3.975746	-2.000134	8.612856	-0.819201	1.849748	0.365649	0.740888	0.097188	0.664559	-0.188728	0.979733	0.067124	-0.644567	-0.175152	0.744214
01844	4.367217	-1.566837	8.700522	-0.907477	1.928272	0.416858	0.752393	0.104529	0.650368	-0.186016	0.980860	0.057550	-0.631905	-0.164279	0.757436
01845	4.859260	-1.219339	8.821010	-1.019236	1.987218	0.472906	0.763775	0.112656	0.635575	-0.183463	0.981930	0.046422	-0.618861	-0.152061	0.770642
01846	5.351616	-0.801847	8.828786	-1.138000	2.037283	0.526757	0.775266	0.120774	0.619981	-0.180520	0.982975	0.034248	-0.605290	-0.138471	0.783869
01847	5.735191	-0.281507	8.789645	-1.272242	2.066352	0.560414	0.786470	0.129401	0.603921	-0.177651	0.983879	0.020536	-0.591528	-0.123438	0.796779
01848	6.217493	-0.138350	8.506291	-1.430795	2.062074	0.583429	0.797480	0.137500	0.587468	-0.173876	0.984752	0.005548	-0.577748	-0.106571	0.809228
01849	6.507986	-0.320222	8.133680	-1.491709	2.017271	0.594076	0.807851	0.145597	0.571120	-0.170249	0.985346	-0.010379	-0.564262	-0.088848	0.820801
01850	6.927173	-0.383532	7.950776	-1.471085	1.951616	0.618606	0.817671	0.153243	0.554915	-0.167044	0.985605	-0.026041	-0.550918	-0.071403	0.831499
01851	6.947430	-0.260903	7.884251	-1.393392	1.900284	0.682214	0.826737	0.161456	0.538922	-0.165233	0.985371	-0.041732	-0.537776	-0.054547	0.841321
01852	7.048407	0.034190	8.033213	-1.273238	1.839605	0.774561	0.835213	0.169934	0.523012	-0.164878	0.984686	-0.056641	-0.524628	-0.038926	0.850441
01853	7.734347	0.191832	8.151635	-1.136954	1.793336	0.918394	0.842913	0.179775	0.507128	-0.166799	0.983404	-0.071372	-0.511542	-0.024428	0.858911
01854	8.636784	0.107509	7.597365	-0.934211	1.742607	1.094078	0.849846	0.190832	0.491269	-0.171315	0.981549	-0.084923	-0.498411	-0.011991	0.866858
01855	9.122745	0.272158	6.441902	-0.606936	1.634708	1.281727	0.855571	0.203755	0.475901	-0.179391	0.979018	-0.096654	-0.485609	-0.002678	0.874172
01856	9.377104	0.824141	5.365136	-0.224116	1.446816	1.474949	0.859763	0.218164	0.461749	-0.190941	0.975909	-0.105564	-0.473655	0.002593	0.880707
01857	9.754158	1.387459	4.554714	0.149080	1.187138	1.630649	0.862008	0.234208	0.449543	-0.205779	0.972179	-0.111911	-0.463247	0.003961	0.886220
01858	10.407618	1.425410	3.775712	0.471666	0.908563	1.709351	0.862499	0.250757	0.439563	-0.222658	0.968049	-0.115348	-0.454443	0.001615	0.890774
01859	11.145590	0.870097	2.522895	0.753166	0.602006	1.674592	0.861293	0.267125	0.432225	-0.240609	0.963653	-0.116101	-0.447528	-0.004000	0.894261
01860	11.583602	1.066061	1.301052	1.008615	0.272119	1.570366	0.858570	0.282239	0.428018	-0.258579	0.959257	-0.113854	-0.442713	-0.012925	0.896570
01861	9.589207	-1.679013	1.814410	0.624223	-0.346445	1.391411	0.853291	0.295643	0.429523	-0.273340	0.955093	-0.114378	-0.444050	-0.019809	0.895783
01862	10.375352	-1.393046	-10.177659	1.670755	-1.289211	1.025032	0.844626	0.305023	0.439964	-0.289491	0.951522	-0.103928	-0.450336	-0.039585	0.891981
01863	11.021648	4.449326	2.471408	4.069763	-1.729717	1.027705	0.833652	0.313842	0.454453	-0.316574	0.945798	-0.072437	-0.452555	-0.083480	0.887821
01864	13.712171	12.850243	17.151654	2.220508	-1.501101	1.375796	0.822301	0.325353	0.466869	-0.338050	0.939268	-0.059150	-0.457760	-0.109186	0.882346
01865	7.486508	6.508398	12.588557	0.468365	-1.071438	1.584890	0.811843	0.339033	0.475361	-0.353186	0.933459	-0.062566	-0.464942	-0.117097	0.877563
01866	-0.001503	11.241201	10.954903	1.177862	-0.841329	0.870981	0.804774	0.346089	0.482246	-0.365695	0.929021	-0.056448	-0.467553	-0.130926	0.874215
01867	2.163242	16.173133	10.609946	0.500766	-1.234153	-0.369287	0.800291	0.340969	0.493229	-0.365064	0.929622	-0.050312	-0.475672	-0.139796	0.868443
01868	13.829156	15.351560	16.877153	-0.581418	-1.332405	-0.371835	0.795199	0.335639	0.504981	-0.359270	0.931698	-0.053513	-0.488451	-0.138871	0.861470
01869	15.614550	-4.329967	13.104697	-3.631087	-0.670596	0.644712	0.789613	0.340683	0.510339	-0.346179	0.934041	-0.087911	-0.506627	-0.107253	0.855468
01870	2.841429	-19.866827	2.073141	-2.024301	-0.364340	0.890520	0.784665	0.348626	0.512602	-0.342807	0.932970	-0.109772	-0.516512	-0.089590	0.851580
01871	6.066891	-10.268707	2.144184	2.346173	-0.492582	-0.881166	0.785175	0.339833	0.517700	-0.347887	0.933652	-0.085249	-0.512322	-0.113166	0.851304
01872	10.122178	14.800890	18.480095	4.039267	-0.092510	-1.101763	0.788589	0.329419	0.519240	-0.359615	0.932009	-0.045128	-0.498803	-0.151139	0.853436
01873	5.172251	3.073946	13.181831	-3.816986	-0.283755	0.475618	0.785484	0.333382	0.521413	-0.343924	0.935576	-0.080086	-0.514521	-0.116420	0.849538
01874	4.076108	-10.559472	-0.476986	-1.319070	-0.050417	0.664199	0.782928	0.339526	0.521293	-0.342287	0.934804	-0.094773	-0.519485	-0.104231	0.848099
01875	5.452151	-0.740967	10.233120	2.785844	-0.286691	-0.446742	0.783002	0.334941	0.524139	-0.353082	0.933060	-0.068791	-0.512094	-0.131201	0.848850
01876	6.762241	4.758117	11.982488	-0.237762	-0.056137	-0.204765	0.783418	0.332944	0.524790	-0.350234	0.934061	-0.069762	-0.513413	-0.129147	0.848368
01877	5.520196	-2.425508	6.775723	-0.836999	-0.061780	0.038632	0.782972	0.333131	0.525337	-0.346132	0.935017	-0.077041	-0.516864	-0.121515	0.847399
01878	5.549994	-0.281899	9.013022	0.469268	-0.047463	0.024073	0.782626	0.333285	0.525754	-0.348717	0.934364	-0.073218	-0.515648	-0.126037	0.847480
01879	5.589313	0.575746	9.263848	-0.188388	-0.058779	0.044055	0.782175	0.333530	0.526270	-0.347997	0.934488	-0.075027	-0.516817	-0.124456	0.847001
01880	5.397108	-0.516544	8.582173	-0.075666	-0.051419	0.073858	0.781635	0.334143	0.526683	-0.348158	0.934343	-0.076084	-0.517525	-0.123899	0.846650
01881	5.365002	-0.648312	8.723907	-0.138182	-0.052391	0.084449	0.781077	0.334770	0.527113	-0.348008	0.934268	-0.077677	-0.518469	-0.122768	0.846238
01882	5.539827	-1.161502	8.471570	-0.115217	-0.041428	0.076525	0.780579	0.335422	0.527436	-0.347981	0.934160	-0.079082	-0.519236	-0.121808	0.845906
01883	5.511515	-1.227871	8.506882	-0.072249	-0.023115	0.058697	0.780260	0.335847	0.527637	-0.347971	0.934087	-0.079983	-0.519721	-0.121195	0.845696
01884	5.442338	-0.959001	8.611021	-0.037835	-0.013370	0.036210	0.780048	0.336156	0.527754	-0.348031	0.934019	-0.080521	-0.519999	-0.120865	0.845572
01885	5.403790	-0.661882	8.760701	-0.018359	-0.013064	0.028770	0.779886	0.336315	0.527892	-0.348067	0.933980	-0.080809	-0.520218	-0.120721	0.845458
01886	5.521561	-0.503198	8.853841	-0.061828	-0.007376	0.041698	0.779686	0.336682	0.527954	-0.348045	0.933922	-0.081578	-0.520533	-0.120146	0.845346
01887	5.288909	-0.969628	8.524756	-0.046152	-0.004357	0.043576	0.779517	0.336990	0.528006	-0.348053	0.933866	-0.082178	-0.520781	-0.119714	0.845255
01888	5.202084	-1.060246	8.751993	-0.010999	-0.029141	0.025513	0.779260	0.337180	0.528265	-0.348168	0.933801	-0.082433	-0.521089	-0.119688	0.845069
01889	5.406197	-1.233909	8.550218	0.049508	-0.046548	0.004206	0.779008	0.337071	0.528705	-0.348367	0.933763	-0.082018	-0.521331	-0.120291	0.844834
01890	5.337721	-1.109739	8.677592	0.049011	-0.050680	-0.013141	0.778773	0.336874	0.529177	-0.348494	0.933756	-0.081561	-0.521598	-0.120897	0.844582
01891	5.460845	-1.040751	8.545819	0.087154	-0.062099	-0.021479	0.778528	0.336511	0.529769	-0.348695	0.933756	-0.080696	-0.521830	-0.121904	0.844294
01892	5.362130	-0.757564	8.713617	0.065549	-0.060216	-0.030803	0.778304	0.336136	0.530335	-0.348771	0.933787	-0.080006	-0.522113	-0.122697	0.844005
01893	5.182240	-0.848415	8.720508	0.060018	-0.064512	-0.028170	0.778070	0.335706	0.530951	-0.348778	0.933841	-0.079334	-0.522457	-0.123457	0.843681
01894	5.167784	-1.053374	8.757376	0.037337	-0.092248	-0.028812	0.777671	0.335309	0.531785	-0.348723	0.933900	-0.078893	-0.523087	-0.124093	0.843197
01895	5.440119	-1.054997	8.560905	0.049689	-0.108207	-0.037924	0.777240	0.334737	0.532776	-0.348604	0.933997	-0.078258	-0.523807	-0.124903	0.842630
01896	5.736496	-0.766166	8.437373	0.064617	-0.079823	-0.042953	0.776954	0.334222	0.533515	-0.348582	0.934068	-0.077511	-0.524245	-0.125751	0.842232
01897	5.634936	-0.660307	8.599389	0.029501	-0.055007	-0.038955	0.776804	0.333704	0.534056	-0.348350	0.934193	-0.077041	-0.524621	-0.126193	0.841931
01898	5.523007	-0.599745	8.646370	0.051388	-0.045582	-0.025731	0.776638	0.333393	0.534493	-0.348393	0.934222	-0.076497	-0.524838	-0.126803	0.841704
01899	5.484002	-0.490142	8.760862	-0.000751	-0.046384	-0.014007	0.776446	0.333119	0.534943	-0.348197	0.934302	-0.076414	-0.525253	-0.126934	0.841426
01900	5.523199	-0.669612	8.608463	0.001217	-0.047102	0.000741	0.776179	0.333052	0.535371	-0.348182	0.934306	-0.076434	-0.525657	-0.127080	0.841151
01901	5.523996	-0.645793	8.714946	-0.013263	-0.047319	0.002427	0.775925	0.332928	0.535816	-0.348045	0.934348	-0.076544	-0.526122	-0.127096	0.840858
01902	5.409860	-0.880274	8.646122	-0.013727	-0.050845	0.004504	0.775625	0.332892	0.536273	-0.347981	0.934358	-0.076709	-0.526607	-0.127115	0.840552
01903	5.378774	-0.970375	8.705512	-0.011810	-0.061336	-0.002602	0.775314	0.332705	0.536839	-0.347815	0.934414	-0.076780	-0.527175	-0.127192	0.840184
01904	5.534505	-0.926607	8.478067	0.013874	-0.070070	-0.009268	0.774959	0.332515	0.537468	-0.347789	0.934435	-0.076640	-0.527713	-0.127532	0.839794
01905	5.455267	-0.893058	8.623490	0.012184	-0.060933	-0.014352	0.774689	0.332221	0.538038	-0.347660	0.934499	-0.076448	-0.528194	-0.127831	0.839447
01906	5.295698	-1.095399	8.557928	0.030373	-0.066947	-0.025017	0.774406	0.331888	0.538652	-0.347600	0.934551	-0.076084	-0.528649	-0.128316	0.839086
01907	5.238745	-1.028483	8.577304	0.052135	-0.077102	-0.041385	0.774144	0.331321	0.539377	-0.347474	0.934652	-0.075412	-0.529116	-0.129040	0.838680
01908	5.261953	-0.942665	8.665381	0.057316	-0.091047	-0.047288	0.773809	0.330747	0.540209	-0.347384	0.934743	-0.074702	-0.529664	-0.129855	0.838209
01909	5.499189	-0.806404	8.479166	0.056997	-0.096653	-0.048497	0.773465	0.330091	0.541102	-0.347233	0.934858	-0.073952	-0.530264	-0.130689	0.837699
01910	5.393859	-0.454612	8.639651	0.077821	-0.101956	-0.035641	0.773031	0.329610	0.542015	-0.347343	0.934882	-0.073133	-0.530825	-0.131731	0.837181
01911	5.784060	0.312454	8.869279	0.053886	-0.112230	-0.003182	0.772448	0.329352	0.543002	-0.347524	0.934852	-0.072653	-0.531555	-0.132585	0.836582
01912	5.709869	-0.038509	8.814438	-0.058546	-0.117636	0.040482	0.771664	0.329560	0.543989	-0.347497	0.934805	-0.073388	-0.532710	-0.132404	0.835877
01913	5.727180	-0.785417	8.499699	-0.080486	-0.108845	0.046355	0.770924	0.329768	0.544912	-0.347345	0.934789	-0.074300	-0.533880	-0.131993	0.835195
01914	5.672446	-0.730472	8.516392	-0.016030	-0.102189	0.043678	0.770209	0.330027	0.545765	-0.347568	0.934675	-0.074697	-0.534765	-0.132158	0.834602
01915	5.635662	-0.805080	8.623592	-0.045448	-0.099817	0.043215	0.769526	0.330217	0.546613	-0.347576	0.934623	-0.075300	-0.535743	-0.132044	0.833993
01916	5.360513	-1.229532	8.521180	-0.038659	-0.103858	0.024100	0.768869	0.330291	0.547493	-0.347526	0.934603	-0.075779	-0.536718	-0.132004	0.833372
01917	5.455895	-1.042572	8.507102	0.025507	-0.114044	0.000292	0.768257	0.330061	0.548490	-0.347584	0.934600	-0.075556	-0.537557	-0.132600	0.832736
01918	5.567091	-0.793112	8.556176	0.017578	-0.114117	-0.010509	0.767662	0.329797	0.549481	-0.347570	0.934619	-0.075377	-0.538414	-0.133119	0.832099
01919	5.565696	-0.859615	8.597930	0.013849	-0.116943	-0.018190	0.767096	0.329392	0.550513	-0.347425	0.934691	-0.075150	-0.539314	-0.133615	0.831437
01920	5.479437	-0.976987	8.595322	0.019600	-0.125928	-0.029918	0.766503	0.328929	0.551615	-0.347274	0.934772	-0.074847	-0.540254	-0.134190	0.830734
01921	5.491541	-1.133988	8.532130	0.027827	-0.127825	-0.052501	0.765996	0.328186	0.552761	-0.346941	0.934938	-0.074314	-0.541186	-0.134851	0.830020
01922	5.358012	-1.169953	8.479629	0.066541	-0.120098	-0.083017	0.765616	0.327232	0.553851	-0.346637	0.935129	-0.073328	-0.541917	-0.135845	0.829380
01923	5.699149	-0.605026	8.618960	0.096922	-0.133580	-0.091886	0.765209	0.326117	0.555070	-0.346385	0.935325	-0.072006	-0.542653	-0.137168	0.828681
01924	5.581347	-0.509203	8.875698	0.040993	-0.128870	-0.090013	0.764803	0.325083	0.556235	-0.345891	0.935570	-0.071191	-0.543540	-0.137949	0.827970
01925	5.286618	-0.689494	8.929639	-0.040205	-0.163832	-0.117796	0.764319	0.323677	0.557718	-0.344693	0.936037	-0.070858	-0.544980	-0.138083	0.827001
01926	4.403545	-1.008464	9.172018	0.019961	-0.320446	-0.108422	0.762925	0.322203	0.560474	-0.343945	0.936368	-0.070112	-0.547400	-0.139282	0.825199
01927	5.462943	0.331364	9.514990	0.038819	-0.406926	-0.071356	0.760934	0.320898	0.563919	-0.343545	0.936569	-0.069385	-0.550415	-0.140934	0.822910
01928	5.365021	-0.305136	8.679553	-0.057828	-0.507347	-0.030068	0.758216	0.319883	0.568140	-0.342969	0.936756	-0.069714	-0.554509	-0.141996	0.819974
01929	5.423213	0.002512	9.146177	-0.107770	-0.602548	0.012414	0.754816	0.319071	0.573103	-0.342390	0.936897	-0.070660	-0.559484	-0.142889	0.816432
01930	5.514017	-0.173371	8.907427	-0.080379	-0.689870	0.062534	0.750705	0.318651	0.578709	-0.342380	0.936822	-0.071699	-0.564994	-0.144314	0.812377
01931	5.240674	-0.946475	8.831582	-0.133061	-0.792330	0.081421	0.745920	0.318200	0.585109	-0.342165	0.936781	-0.073243	-0.571425	-0.145571	0.807640
01932	5.099284	-0.467471	9.392735	-0.023718	-0.923001	0.080504	0.740319	0.317582	0.592511	-0.342598	0.936569	-0.073931	-0.578406	-0.148260	0.802163
01933	5.083645	-0.903266	8.991236	-0.164482	-1.100089	0.070748	0.733664	0.316534	0.601285	-0.342089	0.936617	-0.075659	-0.587122	-0.150185	0.795445
01934	5.144857	-0.886611	9.017520	-0.111034	-1.257994	0.060646	0.725991	0.315178	0.611228	-0.341845	0.936602	-0.076928	-0.596723	-0.153096	0.787707
01935	5.238261	-1.043198	8.984964	-0.135393	-1.442293	0.043849	0.717151	0.313302	0.622524	-0.341283	0.936697	-0.078259	-0.607635	-0.156333	0.778678
01936	5.287872	-1.386826	8.467958	-0.105869	-1.626904	-0.004526	0.707163	0.310667	0.635143	-0.340570	0.936888	-0.079071	-0.619623	-0.160394	0.768337
01937	5.209861	-1.427855	8.837642	-0.053915	-1.821502	-0.052163	0.695932	0.307150	0.649105	-0.339800	0.937162	-0.079141	-0.632625	-0.165489	0.756571
01938	5.004043	-1.468561	8.831933	-0.002023	-2.118141	-0.125037	0.682780	0.302387	0.665111	-0.338894	0.937556	-0.078355	-0.647273	-0.171903	0.742622
01939	4.834254	-1.228524	9.163403	0.005986	-2.476160	-0.203109	0.667215	0.296100	0.683483	-0.337520	0.938168	-0.076948	-0.664006	-0.179348	0.725899
01940	4.695186	-0.880391	9.076521	-0.018864	-2.901992	-0.266680	0.648541	0.288254	0.704489	-0.335606	0.938992	-0.075251	-0.683201	-0.187627	0.705715
01941	4.350580	-0.823704	8.864549	-0.044399	-3.308364	-0.356555	0.626765	0.278503	0.727738	-0.332976	0.940105	-0.072999	-0.704480	-0.196566	0.681960
01942	5.303594	-1.000659	9.046267	-0.036180	-3.677704	-0.483795	0.602014	0.266525	0.752691	-0.329711	0.941507	-0.069676	-0.727234	-0.206225	0.654677
01943	6.281423	-1.570847	9.037297	0.013173	-3.955408	-0.600029	0.574727	0.252492	0.778419	-0.326251	0.943045	-0.065011	-0.750499	-0.216596	0.624369
01944	7.394140	-1.496090	9.868801	0.147841	-4.162484	-0.713568	0.545299	0.236480	0.804193	-0.323346	0.944472	-0.058479	-0.773367	-0.228144	0.591485
01945	9.484251	-2.878451	10.042421	0.190634	-4.379001	-0.862878	0.513680	0.218070	0.829806	-0.320257	0.945992	-0.050353	-0.795970	-0.239885	0.555775
01946	10.220005	-1.965028	11.029984	0.600057	-4.377659	-0.930392	0.481347	0.198419	0.853777	-0.320428	0.946457	-0.039305	-0.815862	-0.254655	0.519153
01947	10.512075	-2.265616	11.176756	0.519882	-4.502741	-0.982460	0.447287	0.177358	0.876629	-0.320158	0.946944	-0.028228	-0.835125	-0.268034	0.480338
01948	10.967618	-2.411686	11.796703	0.663811	-4.623514	-1.033247	0.411542	0.154834	0.898142	-0.321288	0.946846	-0.016011	-0.852882	-0.281973	0.439414
01949	11.093631	-2.908523	10.834117	0.791208	-4.692572	-1.091246	0.374638	0.130977	0.917873	-0.323831	0.946111	-0.002832	-0.868780	-0.296175	0.396864
01950	12.315622	-3.106543	10.806232	1.015582	-4.683144	-1.195903	0.337501	0.105421	0.935403	-0.328429	0.944452	0.012059	-0.882172	-0.311283	0.353377
01951	13.342297	-4.367411	12.098342	1.342166	-4.390264	-1.201048	0.302536	0.080127	0.949764	-0.336542	0.941258	0.027792	-0.891746	-0.328044	0.311730
01952	8.778404	-5.257696	9.680610	1.744430	-4.237414	-1.290904	0.269002	0.053673	0.961643	-0.348429	0.936244	0.045211	-0.897906	-0.347226	0.270553
01953	8.261847	-3.502721	9.172014	2.356138	-4.079352	-1.264850	0.236846	0.027342	0.971162	-0.366510	0.928262	0.063250	-0.899764	-0.370921	0.229876
01954	1.716261	-2.004195	6.814017	2.550875	-3.690802	-1.183151	0.208083	0.002252	0.978109	-0.386780	0.918681	0.080168	-0.898389	-0.394995	0.192033
01955	4.319665	5.582287	17.145094	3.684124	-3.363883	-1.323984	0.183329	-0.023522	0.982770	-0.417272	0.903323	0.099460	-0.890098	-0.428316	0.155790
01956	28.445002	11.726899	34.341005	0.433178	-0.157728	-1.112464	0.186548	-0.034264	0.981848	-0.419032	0.901153	0.111063	-0.888601	-0.432144	0.153751
01957	4.039184	-0.079341	18.810988	-1.549003	1.602021	-0.384839	0.202433	-0.030759	0.978813	-0.404648	0.907562	0.112208	-0.891785	-0.418790	0.171274
01958	-5.698484	-3.169009	11.384461	-1.127385	2.376550	-0.472342	0.225477	-0.025243	0.973921	-0.393551	0.912112	0.114754	-0.891222	-0.409163	0.195726
01959	-4.454677	-1.785013	9.506496	-0.420614	2.548156	-0.716535	0.250982	-0.021165	0.967760	-0.388313	0.913591	0.120686	-0.886691	-0.406084	0.221076
01960	-2.987815	-1.417588	8.297899	-0.466273	2.589676	-0.880148	0.277240	-0.018770	0.960617	-0.381830	0.915314	0.128083	-0.881671	-0.402302	0.246595
01961	-0.813310	-0.330601	9.128014	-0.384650	2.755830	-0.925744	0.305011	-0.015921	0.952216	-0.375996	0.916622	0.135764	-0.874983	-0.399439	0.273593
01962	0.700066	-0.316992	9.242617	-0.558421	2.991144	-0.848109	0.334201	-0.011850	0.942428	-0.368384	0.918736	0.142187	-0.867527	-0.394695	0.302677
01963	1.916885	-0.494259	8.953200	-0.720951	3.245936	-0.686479	0.364779	-0.005130	0.931080	-0.360027	0.921427	0.146128	-0.858672	-0.388518	0.334270
01964	3.274176	-0.545042	8.571377	-0.855723	3.519466	-0.496700	0.396557	0.003798	0.918002	-0.350796	0.924729	0.147711	-0.848342	-0.380607	0.368040
01965	4.433821	-0.634537	7.958728	-0.972197	3.771414	-0.315865	0.429473	0.015423	0.902948	-0.341594	0.928341	0.146616	-0.835983	-0.371409	0.403966
01966	5.247699	-0.536575	7.388869	-1.080538	3.984754	-0.143800	0.462964	0.028647	0.885914	-0.331960	0.932341	0.143328	-0.821868	-0.360443	0.441150
01967	5.450437	-0.820468	6.636539	-1.180443	4.129365	0.021973	0.496549	0.043894	0.866898	-0.322771	0.936441	0.137465	-0.805765	-0.348068	0.479157
01968	5.457782	-1.483652	6.033493	-1.177926	4.175567	0.169144	0.529265	0.059721	0.846352	-0.314217	0.940389	0.130139	-0.788129	-0.334816	0.516480
01969	5.888650	-1.391867	6.292722	-1.053520	4.152921	0.311440	0.560657	0.076747	0.824484	-0.308050	0.943561	0.121646	-0.768615	-0.322184	0.552656
01970	7.007284	-1.014817	6.828552	-1.068049	4.143797	0.455548	0.590668	0.094103	0.801409	-0.302539	0.946553	0.111836	-0.748051	-0.308516	0.587569
01971	8.369591	-1.498017	7.398506	-1.138565	4.192815	0.594138	0.619802	0.112837	0.776604	-0.298101	0.949283	0.099985	-0.725935	-0.293478	0.622004
01972	9.397372	-2.178655	7.893315	-1.152332	4.296863	0.766451	0.648191	0.132370	0.749885	-0.294701	0.951643	0.086752	-0.702139	-0.277224	0.655856
01973	9.807990	-2.748847	8.252754	-1.099036	4.383709	1.007444	0.675429	0.154263	0.721109	-0.294175	0.953062	0.071656	-0.676208	-0.260530	0.689106
01974	10.769366	-3.227559	8.618915	-1.013358	4.410461	1.315269	0.700748	0.177906	0.690871	-0.296482	0.953442	0.055201	-0.648884	-0.243513	0.720868
01975	13.032792	-4.220831	8.386629	-0.957938	4.379990	1.694512	0.723429	0.204878	0.659299	-0.302875	0.952335	0.036397	-0.620417	-0.226016	0.750999
01976	15.512352	-3.777282	8.205751	-0.519832	4.308534	2.244847	0.742550	0.235633	0.626975	-0.316159	0.948536	0.017955	-0.590478	-0.211556	0.778833
01977	18.110877	-1.089597	8.377463	-0.317669	4.177772	2.810662	0.757341	0.271312	0.593990	-0.335834	0.941919	-0.002043	-0.560045	-0.197935	0.804470
01978	20.092271	0.716186	6.460758	-0.287275	4.055113	3.272295	0.768057	0.309718	0.560503	-0.359207	0.932967	-0.023309	-0.530150	-0.183433	0.827824
01979	21.761805	3.022676	4.019660	-0.125586	3.854126	3.475669	0.774862	0.349256	0.526886	-0.385764	0.921569	-0.043557	-0.500774	-0.169503	0.848819
01980	22.987963	6.467929	1.975553	-0.082451	3.593860	3.349418	0.778999	0.385758	0.494320	-0.411369	0.909398	-0.061400	-0.473219	-0.155517	0.867109
01981	19.211347	7.128632	-2.468882	-0.588825	1.487437	2.953603	0.773396	0.415063	0.479146	-0.431831	0.898298	-0.081133	-0.464092	-0.144163	0.873977
01982	19.653771	2.844042	-28.476957	-1.919290	0.043195	1.858668	0.765506	0.431762	0.477056	-0.437128	0.893035	-0.106810	-0.472144	-0.126770	0.872359
01983	36.305949	9.553327	-17.394520	3.523066	-1.152102	-0.543128	0.762423	0.425493	0.487512	-0.449679	0.890148	-0.073652	-0.465296	-0.163070	0.870004
01984	35.397642	13.350916	-13.078657	-0.692514	-1.345322	-0.376414	0.757738	0.419937	0.499486	-0.443529	0.892875	-0.077825	-0.478660	-0.162565	0.862819
01985	31.619645	-0.278757	-23.171201	-0.639328	-2.123863	-0.054880	0.747599	0.415965	0.517754	-0.439986	0.894155	-0.083058	-0.497502	-0.165710	0.851488
01986	26.090749	1.919803	35.386670	4.071201	-1.348947	-0.572233	0.743488	0.408334	0.529612	-0.455790	0.888923	-0.045511	-0.489368	-0.207555	0.847019
01987	13.062282	12.549590	12.878935	-0.803601	0.885332	-0.079289	0.748179	0.409321	0.522192	-0.451189	0.890918	-0.051901	-0.486474	-0.196776	0.851247
01988	-13.832766	-3.505738	12.712353	-1.848538	-1.075235	0.894767	0.738817	0.415232	0.530784	-0.448676	0.890764	-0.072315	-0.502831	-0.184723	0.844416
01989	20.995786	-1.850190	2.083210	-0.163209	-0.155684	-0.462775	0.740118	0.410713	0.532485	-0.444337	0.893026	-0.071206	-0.504768	-0.183902	0.843439
01990	4.747112	0.450721	12.259721	0.928110	-0.541488	0.224441	0.736363	0.411680	0.536925	-0.450657	0.890356	-0.064618	-0.504656	-0.194386	0.841152
01991	5.316373	-1.630953	7.605259	-0.928017	0.213928	0.169205	0.736712	0.413461	0.535075	-0.447089	0.891482	-0.073294	-0.507314	-0.185230	0.841619
01992	6.586210	-3.036781	6.297671	0.156654	-0.052852	-0.012388	0.736482	0.413242	0.535561	-0.447770	0.891250	-0.071939	-0.507047	-0.186827	0.841427
01993	5.309116	0.391950	10.058622	0.296410	0.023243	-0.028490	0.736748	0.412908	0.535452	-0.448950	0.890869	-0.069258	-0.505614	-0.189365	0.841721
01994	5.155908	-1.678471	8.579552	-0.190406	-0.017232	-0.030753	0.736782	0.412591	0.535650	-0.447738	0.891363	-0.070725	-0.506639	-0.187722	0.841473
01995	5.754029	-0.668115	8.624687	0.177357	-0.013223	-0.033392	0.736885	0.412147	0.535849	-0.448280	0.891225	-0.069021	-0.506009	-0.189350	0.841488
01996	5.404634	0.047311	9.007958	-0.022106	-0.025979	-0.009405	0.736779	0.412004	0.536106	-0.448077	0.891314	-0.069186	-0.506344	-0.189242	0.841311
01997	5.417448	-0.239320	8.680355	0.035798	-0.043115	-0.006004	0.736609	0.411746	0.536538	-0.448103	0.891329	-0.068819	-0.506568	-0.189732	0.841065
01998	5.687572	-0.380928	8.498964	0.021701	-0.042488	-0.014454	0.736441	0.411525	0.536937	-0.448085	0.891356	-0.068588	-0.506828	-0.190082	0.840830
01999	5.108386	0.315732	8.763309	0.064211	-0.016772	-0.002259	0.736389	0.411347	0.537145	-0.448280	0.891303	-0.068001	-0.506731	-0.190716	0.840744
02000	3.643575	-0.390161	9.365580	-0.058778	-0.126432	0.026618	0.735611	0.411332	0.538221	-0.448156	0.891314	-0.068667	-0.507969	-0.190695	0.840002
02001	5.185534	-1.425335	8.697856	-0.105264	-0.265787	0.033508	0.734130	0.411000	0.540492	-0.447755	0.891436	-0.069696	-0.510459	-0.190842	0.838457
02002	6.122251	-1.223208	8.307331	0.008338	-0.207827	0.024597	0.732940	0.410811	0.542248	-0.447955	0.891328	-0.069788	-0.511991	-0.191752	0.837315
02003	5.758609	-1.248052	8.598462	-0.043847	-0.196278	0.023462	0.731849	0.410524	0.543937	-0.447795	0.891372	-0.070250	-0.513690	-0.192160	0.836180
02004	5.972563	-0.998874	8.390031	0.048346	-0.160026	0.008052	0.730972	0.410277	0.545300	-0.448080	0.891255	-0.069919	-0.514688	-0.193229	0.835320
02005	5.858644	-0.560167	8.714040	0.009884	-0.146473	0.011447	0.730185	0.409979	0.546577	-0.448109	0.891244	-0.069869	-0.515779	-0.193909	0.834489
02006	5.651510	-0.746215	8.613152	-0.004412	-0.145176	0.018545	0.729335	0.409851	0.547807	-0.448199	0.891186	-0.070036	-0.516902	-0.194447	0.833668
02007	5.904334	-0.639106	8.358936	0.027160	-0.140617	0.007161	0.728595	0.409523	0.549036	-0.448285	0.891160	-0.069817	-0.517870	-0.195256	0.832878
02008	5.943098	-0.678354	8.424414	0.012583	-0.111713	0.002923	0.727986	0.409319	0.549995	-0.448349	0.891133	-0.069757	-0.518672	-0.195807	0.832249
02009	5.803350	-0.588772	8.500465	0.040216	-0.091986	0.000458	0.727525	0.409026	0.550822	-0.448455	0.891107	-0.069395	-0.519226	-0.196533	0.831733
02010	5.952776	-1.063420	8.256746	-0.012956	-0.081570	0.006618	0.727054	0.408913	0.551528	-0.448413	0.891115	-0.069567	-0.519922	-0.196733	0.831251
02011	5.888952	-0.780392	8.436968	0.055277	-0.058525	0.001804	0.726760	0.408697	0.552075	-0.448608	0.891055	-0.069088	-0.520165	-0.197455	0.830927
02012	5.856070	-0.767922	8.388233	0.038732	-0.033737	-0.000397	0.726569	0.408615	0.552387	-0.448783	0.890989	-0.068792	-0.520280	-0.197920	0.830744
02013	5.723205	-0.647386	8.554297	0.030842	-0.026059	-0.005016	0.726473	0.408404	0.552669	-0.448803	0.891003	-0.068479	-0.520397	-0.198291	0.830583
02014	5.720558	-0.641980	8.441565	0.037266	-0.015190	-0.010589	0.726425	0.408267	0.552834	-0.448896	0.890982	-0.068139	-0.520384	-0.198667	0.830501
02015	5.721055	-0.493727	8.480976	0.025897	-0.011298	-0.006655	0.726414	0.408069	0.552994	-0.448877	0.891013	-0.067857	-0.520415	-0.198935	0.830417
02016	5.623338	-0.504538	8.569341	0.014576	-0.017017	0.002284	0.726298	0.408043	0.553166	-0.448946	0.890985	-0.067776	-0.520518	-0.199116	0.830310
02017	5.571841	-0.559661	8.574653	0.001698	-0.026901	0.011554	0.726124	0.407976	0.553443	-0.448933	0.890990	-0.067796	-0.520771	-0.199231	0.830123
02018	5.540067	-0.586806	8.531172	-0.012922	-0.035152	0.025410	0.725810	0.408120	0.553749	-0.449027	0.890921	-0.068072	-0.521128	-0.199241	0.829897
02019	5.420531	-0.830549	8.492221	-0.022354	-0.045725	0.019877	0.725500	0.408091	0.554177	-0.448951	0.890940	-0.068338	-0.521626	-0.199219	0.829589
02020	5.041612	-1.242539	8.641740	-0.028885	-0.055921	0.007944	0.725155	0.408038	0.554666	-0.448834	0.890974	-0.068649	-0.522205	-0.199172	0.829236
02021	5.214307	-1.435215	8.547244	-0.000059	-0.092759	-0.037542	0.724855	0.407409	0.555521	-0.448461	0.891180	-0.068414	-0.522942	-0.199539	0.828683
02022	5.696216	-1.104988	8.224340	0.076161	-0.089872	-0.084588	0.724747	0.406462	0.556354	-0.448222	0.891382	-0.067341	-0.523296	-0.200565	0.828212
02023	5.522410	-0.777842	8.591026	0.063107	-0.082428	-0.097218	0.724765	0.405325	0.557161	-0.447752	0.891700	-0.066253	-0.523674	-0.201452	0.827758
02024	5.643402	-0.799661	8.399898	0.098403	-0.089801	-0.107872	0.724760	0.404169	0.558006	-0.447462	0.891948	-0.064865	-0.523928	-0.202675	0.827298
02025	5.871113	-0.252488	8.585739	0.109450	-0.089091	-0.104021	0.724771	0.402957	0.558867	-0.447187	0.892194	-0.063356	-0.524147	-0.203999	0.826834
02026	5.843947	-0.188652	8.721469	0.048678	-0.100256	-0.078420	0.724579	0.402040	0.559776	-0.446850	0.892420	-0.062543	-0.524700	-0.204819	0.826280
02027	5.780228	-0.445568	8.624370	-0.010133	-0.112517	-0.076528	0.724342	0.401023	0.560811	-0.446148	0.892797	-0.062174	-0.525624	-0.205169	0.825606
02028	5.636908	-0.744149	8.546276	-0.021387	-0.114113	-0.085601	0.724106	0.400011	0.561837	-0.445392	0.893194	-0.061898	-0.526589	-0.205417	0.824929
02029	5.638188	-0.938767	8.499395	-0.010426	-0.136086	-0.104302	0.723869	0.398690	0.563082	-0.444481	0.893684	-0.061371	-0.527685	-0.205855	0.824119
02030	5.129979	-0.921525	8.619418	0.046298	-0.176625	-0.115972	0.723433	0.397275	0.564638	-0.443862	0.894060	-0.060363	-0.528801	-0.206953	0.823128
02031	5.682558	0.045515	9.015057	0.036344	-0.234591	-0.100412	0.722648	0.395791	0.566683	-0.443236	0.894430	-0.059474	-0.530398	-0.208196	0.821786
02032	5.754101	-0.070355	8.601133	-0.022394	-0.278751	-0.056976	0.721401	0.394686	0.569037	-0.442682	0.894712	-0.059362	-0.532553	-0.209078	0.820167
02033	5.564934	-0.139579	8.867515	-0.081792	-0.336479	-0.020303	0.719706	0.393699	0.571860	-0.442005	0.895011	-0.059894	-0.535401	-0.209659	0.818162
02034	5.517946	-0.586601	8.744091	-0.083202	-0.391186	-0.010802	0.717636	0.392767	0.575094	-0.441456	0.895238	-0.060539	-0.538624	-0.210434	0.815844
02035	5.369790	-0.989915	8.753106	-0.093994	-0.454855	-0.019372	0.715272	0.391537	0.578865	-0.440720	0.895558	-0.061170	-0.542358	-0.211364	0.813126
02036	5.210496	-1.076925	8.909854	-0.088365	-0.535351	-0.043267	0.712530	0.390001	0.583267	-0.439905	0.895925	-0.061663	-0.546612	-0.212646	0.809936
