// General information: 
//  MT Manager version: 2022.2.0 
//  XDA version: 2022.2.0 build 7381 rev 124627 built on 2023-07-19
// Device information: 
//  DeviceId: 00B4CB9F
//  ProductCode: MTW2-3A7G6
//  Firmware Version: 4.6.0
//  Hardware Version: 2.0.0
// Device settings: 
//  Filter Profile: human(46.1)
//  Option Flags: Orientation Smoother Disabled, Position/Velocity Smoother Disabled, Continuous Zero Rotation Update Disabled, AHS Disabled, ICC Disabled
// Coordinate system: ENU
PacketCounter	Acc_X	Acc_Y	Acc_Z	Gyr_X	Gyr_Y	Gyr_Z	Mat[1][1]	Mat[2][1]	Mat[3][1]	Mat[1][2]	Mat[2][2]	Mat[3][2]	Mat[1][3]	Mat[2][3]	Mat[3][3]
02845	9.963010	0.241632	0.202471	-0.017432	-0.006649	-0.038504	0.017306	-0.051685	0.998513	0.251145	-0.966421	-0.054377	0.967795	0.251713	-0.003744
02846	9.959916	-0.035552	0.024665	-0.063831	-0.013382	-0.039825	0.017399	-0.051282	0.998533	0.250551	-0.966596	-0.054008	0.967947	0.251123	-0.003969
02847	9.898318	-0.363059	-0.129716	-0.083026	-0.007354	-0.037507	0.017411	-0.050926	0.998551	0.249778	-0.966815	-0.053662	0.968147	0.250350	-0.004113
02848	9.742831	-0.596314	-0.241008	-0.062500	-0.014943	-0.032970	0.017537	-0.050585	0.998566	0.249195	-0.966982	-0.053361	0.968294	0.249774	-0.004352
02849	9.706534	-0.614364	-0.303157	-0.034400	-0.025693	-0.030115	0.017746	-0.050254	0.998579	0.248892	-0.967075	-0.053091	0.968369	0.249480	-0.004654
02850	9.773460	-0.545230	-0.250670	-0.026559	-0.027309	-0.025435	0.018011	-0.049955	0.998589	0.248656	-0.967148	-0.052867	0.968424	0.249257	-0.004997
02851	9.823049	-0.403643	0.016324	-0.047124	-0.005998	-0.015540	0.018066	-0.049814	0.998595	0.248226	-0.967265	-0.052742	0.968534	0.248830	-0.005110
02852	9.761288	-0.485631	0.213428	-0.100182	0.022747	-0.019555	0.017861	-0.049697	0.998605	0.247276	-0.967518	-0.052572	0.968780	0.247870	-0.004992
02853	9.702516	-0.797624	0.382069	-0.119014	0.040078	-0.016550	0.017468	-0.049660	0.998613	0.246150	-0.967812	-0.052434	0.969074	0.246724	-0.004682
02854	9.670418	-0.858960	0.475720	-0.110831	0.036233	-0.003966	0.017170	-0.049726	0.998615	0.245093	-0.968081	-0.052420	0.969348	0.245654	-0.004434
02855	9.761370	-0.723529	0.465227	-0.096968	0.038428	-0.005614	0.016819	-0.049792	0.998618	0.244178	-0.968314	-0.052393	0.969585	0.244722	-0.004128
02856	9.762960	-0.706409	0.382233	-0.059270	0.042362	-0.006372	0.016456	-0.049849	0.998621	0.243621	-0.968456	-0.052358	0.969731	0.244147	-0.003792
02857	9.780976	-0.755092	0.272970	-0.007648	0.035576	-0.010550	0.016120	-0.049860	0.998626	0.243573	-0.968472	-0.052287	0.969749	0.244082	-0.003467
02858	9.839565	-0.703706	0.252705	0.033132	0.025572	-0.002011	0.015930	-0.049919	0.998626	0.243912	-0.968386	-0.052299	0.969667	0.244410	-0.003251
02859	9.933530	-0.580138	0.275281	0.051242	0.037073	0.000655	0.015607	-0.050043	0.998625	0.244433	-0.968252	-0.052342	0.969541	0.244914	-0.002879
02860	9.826323	-0.505945	0.298411	0.049455	0.040289	-0.005093	0.015267	-0.050109	0.998627	0.244930	-0.968128	-0.052323	0.969420	0.245393	-0.002507
02861	9.701161	-0.501882	0.148075	0.048071	0.026852	-0.008422	0.015020	-0.050120	0.998630	0.245422	-0.968006	-0.052275	0.969300	0.245871	-0.002239
02862	9.767427	-0.480230	0.003605	0.051288	0.006823	-0.013977	0.014983	-0.050018	0.998636	0.245938	-0.967881	-0.052167	0.969170	0.246385	-0.002201
02863	9.887702	-0.389541	-0.010525	0.047760	-0.002574	-0.013013	0.015010	-0.049913	0.998641	0.246428	-0.967761	-0.052073	0.969045	0.246875	-0.002226
02864	9.844952	-0.310353	-0.051480	0.043540	0.003168	-0.020832	0.014991	-0.049735	0.998650	0.246870	-0.967658	-0.051897	0.968933	0.247315	-0.002229
02865	9.862600	-0.283344	-0.080373	0.042186	0.002568	-0.022412	0.014945	-0.049551	0.998660	0.247307	-0.967557	-0.051708	0.968822	0.247748	-0.002206
02866	9.761346	-0.231804	0.003517	0.024981	0.009137	-0.013247	0.014887	-0.049461	0.998665	0.247568	-0.967495	-0.051608	0.968756	0.248005	-0.002158
02867	9.750785	-0.188470	0.095579	-0.006929	0.018894	-0.005541	0.014725	-0.049480	0.998667	0.247526	-0.967507	-0.051586	0.968769	0.247955	-0.001999
02868	9.698010	-0.262820	0.186001	-0.050536	0.033750	-0.002455	0.014455	-0.049555	0.998667	0.247053	-0.967627	-0.051591	0.968894	0.247470	-0.001744
02869	9.724020	-0.439648	0.176240	-0.061437	0.033501	-0.003971	0.014154	-0.049625	0.998668	0.246483	-0.967773	-0.051583	0.969044	0.246885	-0.001466
02870	9.652607	-0.533205	0.077077	-0.064763	0.042962	-0.005409	0.013788	-0.049694	0.998669	0.245873	-0.967930	-0.051559	0.969204	0.246257	-0.001127
02871	9.619377	-0.612119	-0.149971	-0.062643	0.024655	0.006493	0.013598	-0.049843	0.998664	0.245290	-0.968073	-0.051656	0.969354	0.245665	-0.000938
02872	9.762765	-0.710538	-0.309478	-0.042749	0.006459	-0.001250	0.013596	-0.049863	0.998664	0.244893	-0.968172	-0.051674	0.969455	0.245268	-0.000952
02873	9.845749	-0.710043	-0.279310	0.005240	0.009179	-0.009410	0.013518	-0.049820	0.998667	0.244969	-0.968156	-0.051614	0.969437	0.245340	-0.000883
02874	9.820576	-0.561106	-0.146642	0.037337	0.006222	-0.008577	0.013500	-0.049768	0.998670	0.245349	-0.968063	-0.051559	0.969341	0.245719	-0.000858
02875	9.837273	-0.437744	0.009650	0.031099	0.010703	-0.014288	0.013396	-0.049681	0.998675	0.245677	-0.967985	-0.051450	0.969259	0.246041	-0.000762
02876	9.765948	-0.484656	0.110115	0.007252	0.010449	-0.011518	0.013330	-0.049612	0.998680	0.245766	-0.967967	-0.051366	0.969238	0.246126	-0.000710
02877	9.745431	-0.473128	0.209281	0.005529	0.012120	-0.020989	0.013196	-0.049464	0.998689	0.245846	-0.967956	-0.051190	0.969219	0.246199	-0.000613
02878	9.741703	-0.407661	0.160257	-0.001767	0.003920	-0.014721	0.013185	-0.049347	0.998695	0.245848	-0.967962	-0.051074	0.969219	0.246201	-0.000631
02879	9.790570	-0.388017	0.144389	0.001109	-0.002431	-0.008485	0.013223	-0.049284	0.998697	0.245884	-0.967955	-0.051022	0.969209	0.246238	-0.000681
02880	9.814990	-0.461249	0.095728	-0.001869	-0.006587	-0.000076	0.013349	-0.049283	0.998696	0.245883	-0.967954	-0.051053	0.969208	0.246244	-0.000804
02881	9.858968	-0.470221	0.032395	0.002496	-0.004074	-0.001651	0.013420	-0.049282	0.998695	0.245932	-0.967941	-0.051069	0.969194	0.246296	-0.000869
02882	9.848283	-0.450319	0.021782	0.003842	-0.002748	-0.009032	0.013487	-0.049204	0.998698	0.245987	-0.967930	-0.051010	0.969179	0.246355	-0.000951
02883	9.783034	-0.424071	-0.037172	-0.003351	-0.000443	-0.017408	0.013483	-0.049059	0.998705	0.245981	-0.967939	-0.050869	0.969181	0.246349	-0.000983
02884	9.780123	-0.387478	0.031842	-0.016115	0.005562	-0.017259	0.013450	-0.048922	0.998712	0.245844	-0.967981	-0.050728	0.969216	0.246210	-0.000992
02885	9.839616	-0.363633	0.127848	-0.033918	0.009111	-0.020808	0.013346	-0.048768	0.998721	0.245543	-0.968067	-0.050552	0.969294	0.245903	-0.000945
02886	9.773271	-0.405082	0.174447	-0.060905	0.024309	-0.023619	0.013115	-0.048615	0.998731	0.244972	-0.968222	-0.050347	0.969441	0.245322	-0.000789
02887	9.733483	-0.646477	0.107320	-0.075283	0.025250	-0.017185	0.012863	-0.048535	0.998739	0.244269	-0.968407	-0.050207	0.969622	0.244607	-0.000601
02888	9.708300	-0.828747	0.079504	-0.075314	0.024546	-0.008212	0.012668	-0.048532	0.998741	0.243557	-0.968589	-0.050156	0.969804	0.243885	-0.000450
02889	9.714050	-0.852712	0.145772	-0.055602	0.025331	0.000672	0.012459	-0.048625	0.998739	0.243042	-0.968716	-0.050195	0.969936	0.243361	-0.000251
02890	9.746141	-0.768070	0.158348	-0.010452	0.020117	0.002467	0.012333	-0.048714	0.998737	0.242957	-0.968735	-0.050251	0.969959	0.243270	-0.000112
02891	9.773264	-0.687915	0.224606	0.031503	0.008437	-0.006374	0.012270	-0.048699	0.998738	0.243288	-0.968653	-0.050221	0.969877	0.243597	-0.000038
02892	9.863079	-0.642367	0.216160	0.049843	0.011600	-0.013282	0.012189	-0.048615	0.998743	0.243789	-0.968532	-0.050120	0.969752	0.244094	0.000047
02893	9.838531	-0.424145	0.245699	0.063182	0.010059	-0.018646	0.012080	-0.048486	0.998751	0.244430	-0.968379	-0.049968	0.969592	0.244728	0.000153
02894	9.830618	-0.271990	0.249100	0.043415	0.021425	-0.016798	0.011895	-0.048392	0.998758	0.244870	-0.968275	-0.049831	0.969483	0.245158	0.000332
02895	9.770423	-0.240443	0.137550	0.033259	0.006714	-0.018537	0.011818	-0.048256	0.998765	0.245218	-0.968194	-0.049680	0.969396	0.245503	0.000391
02896	9.803836	-0.228291	0.064674	0.022669	-0.004913	-0.015480	0.011891	-0.048110	0.998771	0.245457	-0.968140	-0.049557	0.969335	0.245744	0.000296
02897	9.803877	-0.226694	0.064065	-0.003479	-0.007970	-0.016982	0.011961	-0.047952	0.998778	0.245450	-0.968149	-0.049421	0.969336	0.245741	0.000190
02898	9.835121	-0.231344	0.076640	-0.035205	-0.006610	-0.018923	0.012042	-0.047768	0.998786	0.245128	-0.968238	-0.049263	0.969416	0.245423	0.000050
02899	9.856645	-0.268419	0.096714	-0.065036	-0.000907	-0.015529	0.012046	-0.047641	0.998792	0.244524	-0.968397	-0.049140	0.969568	0.244820	-0.000016
02900	9.798991	-0.226241	0.116893	-0.083553	0.002728	-0.024349	0.012024	-0.047428	0.998802	0.243733	-0.968607	-0.048928	0.969768	0.244030	-0.000086
02901	9.812730	-0.134522	0.037605	-0.077743	-0.010029	-0.033527	0.012073	-0.047104	0.998817	0.243008	-0.968805	-0.048626	0.969949	0.243308	-0.000250
02902	9.857948	-0.191167	-0.009453	-0.080488	-0.021797	-0.043705	0.012242	-0.046643	0.998837	0.242250	-0.969015	-0.048220	0.970137	0.242558	-0.000563
02903	9.812849	-0.383253	-0.044943	-0.079908	-0.019566	-0.043662	0.012359	-0.046197	0.998856	0.241503	-0.969221	-0.047814	0.970321	0.241818	-0.000822
02904	9.778673	-0.594917	-0.070592	-0.069929	-0.023709	-0.039552	0.012557	-0.045772	0.998873	0.240847	-0.969403	-0.047450	0.970482	0.241171	-0.001149
02905	9.786960	-0.719711	0.025726	-0.058456	-0.020476	-0.025312	0.012728	-0.045502	0.998883	0.240307	-0.969547	-0.047228	0.970613	0.240640	-0.001406
02906	9.764913	-0.770217	0.005506	-0.047648	-0.017178	-0.016349	0.012919	-0.045319	0.998889	0.239864	-0.969664	-0.047095	0.970721	0.240206	-0.001657
02907	9.731165	-0.871318	0.079016	-0.035822	-0.013248	-0.008440	0.013061	-0.045229	0.998891	0.239541	-0.969746	-0.047042	0.970798	0.239890	-0.001832
02908	9.724872	-0.802084	0.215978	0.003628	-0.007218	-0.001199	0.013191	-0.045217	0.998890	0.239593	-0.969732	-0.047061	0.970784	0.239948	-0.001958
02909	9.796198	-0.616865	0.316647	0.031907	-0.004423	-0.005551	0.013256	-0.045178	0.998891	0.239928	-0.969650	-0.047040	0.970700	0.240285	-0.002014
02910	9.791070	-0.364612	0.450237	0.034038	0.004406	-0.008054	0.013257	-0.045128	0.998893	0.240276	-0.969567	-0.046991	0.970614	0.240633	-0.002010
02911	9.833099	-0.389469	0.474591	0.015007	0.012641	-0.008327	0.013147	-0.045103	0.998896	0.240448	-0.969526	-0.046942	0.970573	0.240800	-0.001902
02912	9.849687	-0.432650	0.551100	0.009096	0.027677	-0.004351	0.012931	-0.045144	0.998897	0.240554	-0.969501	-0.046930	0.970550	0.240895	-0.001677
02913	9.855656	-0.479187	0.517350	0.006144	0.034817	0.002116	0.012632	-0.045275	0.998895	0.240638	-0.969477	-0.046985	0.970533	0.240966	-0.001351
02914	9.819235	-0.478119	0.562038	0.000771	0.042997	0.002810	0.012284	-0.045423	0.998892	0.240662	-0.969468	-0.047044	0.970531	0.240973	-0.000978
02915	9.710695	-0.511401	0.266439	0.006799	0.035509	-0.001565	0.011968	-0.045520	0.998892	0.240754	-0.969444	-0.047063	0.970512	0.241051	-0.000643
02916	9.627267	-0.617656	-0.079337	0.010585	0.011641	-0.003031	0.011911	-0.045535	0.998892	0.240874	-0.969415	-0.047064	0.970483	0.241168	-0.000578
02917	9.730193	-0.597076	-0.266122	0.028094	-0.014564	0.001722	0.012088	-0.045543	0.998889	0.241170	-0.969339	-0.047114	0.970408	0.241471	-0.000733
02918	9.822432	-0.444112	-0.365594	0.036602	-0.014025	0.006435	0.012302	-0.045588	0.998885	0.241541	-0.969242	-0.047210	0.970313	0.241852	-0.000912
02919	9.909287	-0.273897	-0.309777	0.039276	-0.012056	0.000652	0.012453	-0.045592	0.998883	0.241947	-0.969138	-0.047251	0.970210	0.242265	-0.001038
02920	9.912387	-0.172150	-0.179463	0.023210	0.000370	-0.008032	0.012493	-0.045532	0.998885	0.242190	-0.969080	-0.047202	0.970148	0.242510	-0.001079
02921	9.837664	-0.299511	-0.109784	0.006315	0.006082	-0.008907	0.012447	-0.045486	0.998887	0.242277	-0.969061	-0.047147	0.970127	0.242594	-0.001041
02922	9.742528	-0.440039	-0.042786	-0.000951	0.009181	-0.004599	0.012410	-0.045480	0.998888	0.242285	-0.969060	-0.047132	0.970126	0.242600	-0.001006
02923	9.694381	-0.601957	-0.006558	-0.000439	0.003074	0.004799	0.012425	-0.045560	0.998884	0.242304	-0.969051	-0.047213	0.970121	0.242620	-0.001001
02924	9.782011	-0.695803	0.191254	0.008910	-0.001773	0.012587	0.012535	-0.045694	0.998877	0.242406	-0.969018	-0.047370	0.970094	0.242727	-0.001071
02925	9.806595	-0.633908	0.343101	0.011205	0.013085	0.005949	0.012457	-0.045810	0.998872	0.242543	-0.968979	-0.047464	0.970061	0.242861	-0.000959
02926	9.737534	-0.551986	0.456071	0.015446	0.020161	-0.006096	0.012309	-0.045817	0.998874	0.242711	-0.968938	-0.047435	0.970021	0.243021	-0.000807
02927	9.691470	-0.461437	0.384830	0.002234	0.017134	-0.011878	0.012147	-0.045770	0.998878	0.242757	-0.968931	-0.047349	0.970011	0.243060	-0.000659
02928	9.762822	-0.410983	0.287261	-0.002028	0.011571	-0.017746	0.012055	-0.045642	0.998885	0.242756	-0.968938	-0.047204	0.970012	0.243055	-0.000601
02929	9.772498	-0.376814	0.281000	-0.014172	0.006909	-0.019341	0.011975	-0.045498	0.998893	0.242641	-0.968975	-0.047044	0.970042	0.242936	-0.000564
02930	9.841703	-0.343155	0.269448	-0.026761	0.016665	-0.018070	0.011832	-0.045380	0.998900	0.242401	-0.969042	-0.046895	0.970104	0.242689	-0.000466
02931	9.814391	-0.278248	0.186155	-0.034939	0.016091	-0.020148	0.011658	-0.045249	0.998908	0.242088	-0.969128	-0.046726	0.970184	0.242369	-0.000344
02932	9.810398	-0.325668	0.039166	-0.043294	0.010248	-0.027055	0.011556	-0.045029	0.998919	0.241688	-0.969240	-0.046487	0.970285	0.241964	-0.000318
02933	9.717448	-0.439854	-0.200114	-0.041793	0.005549	-0.027663	0.011466	-0.044800	0.998930	0.241309	-0.969346	-0.046243	0.970380	0.241581	-0.000304
02934	9.694801	-0.460286	-0.337327	-0.017155	-0.018433	-0.025010	0.011648	-0.044529	0.998940	0.241163	-0.969393	-0.046024	0.970415	0.241443	-0.000553
02935	9.736054	-0.340661	-0.335475	-0.012616	-0.021978	-0.019816	0.011847	-0.044311	0.998948	0.241071	-0.969423	-0.045861	0.970435	0.241361	-0.000803
02936	9.704641	-0.105546	-0.153220	-0.022636	-0.018571	-0.014960	0.012054	-0.044138	0.998953	0.240871	-0.969479	-0.045742	0.970482	0.241170	-0.001055
02937	9.630407	0.184348	-0.112242	-0.077185	-0.011597	-0.010333	0.012175	-0.044036	0.998956	0.240151	-0.969660	-0.045672	0.970659	0.240457	-0.001230
02938	9.662167	-0.169723	-0.177469	-0.160838	-0.016406	0.011683	0.012425	-0.044127	0.998949	0.238605	-0.970035	-0.045818	0.971037	0.238924	-0.001524
02939	9.742028	-1.037886	-0.333903	-0.168283	-0.023881	0.052245	0.012813	-0.044600	0.998923	0.236985	-0.970406	-0.046367	0.971429	0.237324	-0.001865
02940	9.791078	-1.750477	-0.392192	-0.079470	-0.034175	0.085835	0.013411	-0.045369	0.998880	0.236219	-0.970550	-0.047254	0.971607	0.236588	-0.002299
02941	9.728050	-1.785874	-0.084833	0.091688	-0.049562	0.114031	0.014197	-0.046384	0.998823	0.237116	-0.970274	-0.048429	0.971378	0.237524	-0.002777
02942	9.729657	-0.813803	0.383189	0.239433	-0.054510	0.114112	0.015062	-0.047378	0.998763	0.239441	-0.969643	-0.049607	0.970794	0.239892	-0.003260
02943	9.801691	0.510145	0.676757	0.259310	-0.065594	0.071682	0.015908	-0.047944	0.998723	0.241971	-0.968975	-0.050370	0.970153	0.242464	-0.003814
02944	9.892717	1.207725	0.797199	0.175692	-0.061046	0.032251	0.016642	-0.048124	0.998703	0.243687	-0.968526	-0.050731	0.969711	0.244215	-0.004391
02945	9.914131	1.076742	0.812899	0.067413	-0.058362	0.005569	0.017252	-0.048059	0.998695	0.244360	-0.968352	-0.050820	0.969531	0.244918	-0.004963
02946	9.830476	0.562643	0.620905	-0.007067	-0.054314	0.004015	0.017852	-0.047981	0.998689	0.244308	-0.968361	-0.050891	0.969533	0.244896	-0.005565
02947	9.690356	-0.085211	0.588342	-0.045467	-0.061146	0.035326	0.018564	-0.048197	0.998665	0.243887	-0.968447	-0.051272	0.969626	0.244513	-0.006223
02948	9.737058	-0.466883	0.695270	-0.068747	-0.060607	0.077741	0.019404	-0.048819	0.998619	0.243222	-0.968572	-0.052076	0.969776	0.243897	-0.006920
02949	9.595968	-0.481956	0.886116	-0.094930	-0.040874	0.094092	0.020059	-0.049654	0.998565	0.242308	-0.968748	-0.053038	0.969992	0.243025	-0.007401
02950	9.532009	-0.330410	1.023183	-0.128840	-0.039876	0.085434	0.020715	-0.050401	0.998514	0.241058	-0.969012	-0.053913	0.970290	0.241816	-0.007924
02951	9.498669	-0.251206	0.870115	-0.178120	-0.040795	0.067922	0.021300	-0.050983	0.998472	0.239337	-0.969400	-0.054605	0.970703	0.240134	-0.008446
02952	9.537596	-0.390109	0.569172	-0.216084	-0.061814	0.055824	0.022096	-0.051394	0.998434	0.237243	-0.969882	-0.055174	0.971199	0.238091	-0.009238
02953	9.777459	-0.599362	0.386266	-0.229726	-0.074328	0.055811	0.022975	-0.051783	0.998394	0.235035	-0.970387	-0.055739	0.971715	0.235938	-0.010124
02954	10.427318	-0.959437	0.419832	-0.209898	-0.068221	0.047881	0.023813	-0.052105	0.998358	0.233000	-0.970850	-0.056227	0.972185	0.233956	-0.010978
02955	9.571794	-0.690087	0.134791	-0.176627	-0.078147	0.050563	0.024714	-0.052438	0.998318	0.231300	-0.971226	-0.056741	0.972569	0.232313	-0.011874
02956	9.745909	-0.948131	0.402079	-0.156755	-0.052556	0.050381	0.025404	-0.052823	0.998281	0.229779	-0.971557	-0.057256	0.972911	0.230839	-0.012543
02957	9.896183	-1.084324	0.515417	-0.119031	-0.055577	0.040924	0.026061	-0.053117	0.998248	0.228633	-0.971802	-0.057678	0.973164	0.229736	-0.013182
02958	10.028826	-1.050211	0.623291	-0.079654	-0.052844	0.037880	0.026724	-0.053381	0.998217	0.227865	-0.971959	-0.058077	0.973326	0.229010	-0.013811
02959	10.076087	-1.054407	0.688294	-0.041919	-0.034893	0.039922	0.027176	-0.053715	0.998186	0.227470	-0.972026	-0.058500	0.973406	0.228648	-0.014197
02960	10.092133	-1.174789	0.862010	0.004662	-0.011321	0.051476	0.027466	-0.054207	0.998152	0.227518	-0.971982	-0.059046	0.973386	0.228720	-0.014363
02961	10.113094	-1.269601	1.086712	0.055789	0.025228	0.068544	0.027400	-0.054962	0.998112	0.228078	-0.971806	-0.059774	0.973257	0.229285	-0.014092
02962	10.649068	-1.416681	1.562458	0.094212	0.059654	0.076228	0.027057	-0.055857	0.998072	0.228991	-0.971542	-0.060580	0.973053	0.230188	-0.013496
02963	10.618774	-1.558635	2.124614	0.162951	0.220866	0.085796	0.025124	-0.057229	0.998045	0.230565	-0.971112	-0.061489	0.972733	0.231659	-0.011203
02964	10.298241	-1.200836	2.550911	0.169984	0.304071	0.115109	0.022496	-0.059071	0.998000	0.232207	-0.970644	-0.062686	0.972406	0.233153	-0.008119
02965	10.374428	-1.212383	2.971523	0.133068	0.402911	0.150499	0.018945	-0.061504	0.997927	0.233475	-0.970239	-0.064230	0.972178	0.234208	-0.004022
02966	10.896868	-1.367468	3.257769	0.089993	0.534872	0.230037	0.014346	-0.065007	0.997782	0.234328	-0.969876	-0.066558	0.972052	0.234763	0.001319
02967	10.217770	-1.584861	3.095582	0.046229	0.682336	0.320687	0.008483	-0.069760	0.997528	0.234774	-0.969541	-0.069800	0.972013	0.234786	0.008153
02968	10.316864	-1.860889	3.104776	-0.003672	0.762603	0.397471	0.002066	-0.075419	0.997150	0.234735	-0.969254	-0.073796	0.972057	0.234218	0.015701
02969	10.807194	-2.230722	3.274039	-0.068046	0.874150	0.483648	-0.005289	-0.082192	0.996602	0.234113	-0.969021	-0.078675	0.972195	0.232902	0.024367
02970	10.114271	-2.131592	3.259876	-0.149724	0.985249	0.599774	-0.013406	-0.090304	0.995824	0.232731	-0.968844	-0.084725	0.972449	0.230623	0.034005
02971	10.845536	-2.242910	3.597827	-0.249577	1.078571	0.695014	-0.022286	-0.099556	0.994782	0.230465	-0.968742	-0.091787	0.972825	0.227217	0.044533
02972	10.355187	-1.841375	3.731375	-0.383497	1.186201	0.802272	-0.031931	-0.110012	0.993417	0.226968	-0.968756	-0.099985	0.973378	0.222282	0.055903
02973	10.799081	-1.697458	3.892839	-0.558407	1.265063	0.898137	-0.042237	-0.121537	0.991688	0.221905	-0.968923	-0.109296	0.974153	0.215444	0.067894
02974	10.613604	-1.572714	3.696283	-0.694859	1.380569	0.988982	-0.053467	-0.134055	0.989530	0.215625	-0.969119	-0.119639	0.975011	0.206971	0.080721
02975	10.952858	-1.595843	3.669734	-0.792521	1.448597	1.037337	-0.065405	-0.147096	0.986957	0.208556	-0.969246	-0.130635	0.975821	0.197292	0.094071
02976	10.040329	-1.244154	3.440731	-0.899903	1.505420	1.071512	-0.077847	-0.160389	0.983979	0.200558	-0.969317	-0.142132	0.976584	0.186281	0.107626
02977	9.777253	-1.393934	3.013086	-1.071485	1.519849	1.074525	-0.090605	-0.173601	0.980639	0.191044	-0.969431	-0.153965	0.977391	0.173396	0.121000
02978	9.477656	-1.914003	1.996025	-1.201005	1.484090	1.043528	-0.103117	-0.186207	0.977084	0.180332	-0.969542	-0.165738	0.978186	0.159109	0.133555
02979	9.506787	-2.439404	1.198249	-1.172063	1.351054	1.000133	-0.114599	-0.198022	0.973475	0.170005	-0.969385	-0.177177	0.978757	0.145191	0.144755
02980	9.515445	-2.459431	0.723980	-0.944869	1.204573	0.968221	-0.124722	-0.209108	0.969906	0.161936	-0.968722	-0.188028	0.978888	0.133611	0.154683
02981	10.002968	-2.221155	0.062876	-0.653722	1.026640	0.975813	-0.133226	-0.219949	0.966371	0.156851	-0.967454	-0.198572	0.978595	0.125121	0.163389
02982	10.222515	-1.968317	-0.747303	-0.424878	0.923267	1.013943	-0.140622	-0.230900	0.962762	0.154105	-0.965677	-0.209091	0.977997	0.118963	0.171378
02983	10.427995	-1.666144	-1.299811	-0.288236	0.918824	0.994079	-0.148084	-0.241627	0.959003	0.152777	-0.963643	-0.219205	0.977103	0.114052	0.179615
02984	10.163815	-1.528145	-2.140716	-0.240607	0.915909	0.909964	-0.155583	-0.251435	0.955288	0.151831	-0.961659	-0.228384	0.976085	0.109509	0.187793
02985	9.421169	-1.439513	-3.003051	-0.108409	0.945055	0.732746	-0.163686	-0.259556	0.951755	0.151996	-0.959883	-0.235632	0.974733	0.106093	0.196571
02986	8.892621	-1.421204	-2.839449	0.097451	0.889017	0.549401	-0.171444	-0.265787	0.948664	0.153889	-0.958327	-0.240684	0.973101	0.104725	0.205201
02987	8.725948	-1.183213	-2.403136	0.218590	0.857842	0.403472	-0.179146	-0.270608	0.945874	0.156770	-0.956995	-0.244097	0.971252	0.104556	0.213865
02988	8.100804	-0.489920	-2.120493	0.213471	0.793258	0.261658	-0.186370	-0.273964	0.943509	0.159343	-0.956049	-0.246130	0.969472	0.104470	0.221833
02989	7.453058	0.389052	-1.898848	0.126291	0.661564	0.102277	-0.192596	-0.275685	0.941756	0.160807	-0.955617	-0.246856	0.968012	0.103897	0.228380
02990	7.310692	0.911800	-1.356357	-0.017986	0.525828	-0.050708	-0.197705	-0.275767	0.940673	0.160557	-0.955764	-0.246446	0.967023	0.102308	0.233236
02991	6.791202	0.920280	-0.805299	-0.161996	0.401027	-0.189644	-0.201862	-0.274405	0.940188	0.158655	-0.956433	-0.245082	0.966478	0.099693	0.236603
02992	6.387344	1.220228	-0.407870	-0.308028	0.258574	-0.280144	-0.204740	-0.272002	0.940264	0.155133	-0.957489	-0.243205	0.966445	0.096072	0.238233
02993	6.440109	1.369286	-0.131396	-0.486708	0.142693	-0.333023	-0.206602	-0.268983	0.940725	0.149783	-0.958831	-0.241265	0.966892	0.091059	0.238385
02994	6.849514	0.818662	0.054365	-0.656973	0.047833	-0.385157	-0.207568	-0.265355	0.941542	0.142655	-0.960427	-0.239228	0.967763	0.084659	0.237208
02995	7.626148	-0.541220	0.113545	-0.751572	-0.048567	-0.512895	-0.207782	-0.260416	0.942873	0.134351	-0.962373	-0.236195	0.968905	0.077599	0.234951
02996	8.353338	-2.004503	0.084225	-0.741599	-0.109084	-0.658168	-0.207522	-0.254021	0.944674	0.125818	-0.964606	-0.231741	0.970105	0.070766	0.232137
02997	8.591249	-3.301955	0.059332	-0.662446	-0.129043	-0.771333	-0.207180	-0.246514	0.946735	0.117826	-0.966975	-0.226000	0.971182	0.064727	0.229383
02998	8.569165	-4.213836	0.621728	-0.548519	-0.177910	-0.784101	-0.206289	-0.238840	0.948894	0.110899	-0.969211	-0.219844	0.972186	0.059880	0.226425
02999	8.209085	-4.804031	1.724941	-0.319907	-0.210266	-0.685831	-0.204956	-0.232098	0.950854	0.106412	-0.971003	-0.214079	0.972969	0.057306	0.223711
03000	7.461061	-5.344255	3.103034	-0.040026	-0.285339	-0.507072	-0.202656	-0.227036	0.952568	0.105013	-0.972181	-0.209369	0.973603	0.057603	0.220860
03001	7.228808	-6.262039	4.748351	0.266544	-0.389677	-0.381595	-0.199231	-0.223136	0.954210	0.106878	-0.972870	-0.205185	0.974107	0.061105	0.217674
03002	8.440722	-6.294856	7.320253	0.537363	-0.537997	-0.359095	-0.194322	-0.219323	0.956105	0.111431	-0.973311	-0.200623	0.974588	0.067554	0.213576
03003	10.831563	-5.667358	9.813155	0.475566	-0.536144	-0.334443	-0.189446	-0.215745	0.957896	0.115464	-0.973688	-0.196466	0.975079	0.073383	0.209372
03004	10.675990	-6.600190	9.035826	0.264051	-0.225445	-0.250496	-0.187480	-0.213164	0.958860	0.117591	-0.974019	-0.193542	0.975204	0.076468	0.207675
03005	9.194378	-7.889739	7.789805	0.446177	-0.129598	-0.199689	-0.186437	-0.211183	0.959501	0.121612	-0.974074	-0.190761	0.974911	0.081122	0.207286
03006	8.590919	-7.431344	7.090514	0.890901	-0.182944	-0.225098	-0.184878	-0.208861	0.960311	0.129900	-0.973776	-0.186781	0.974139	0.090213	0.207161
03007	7.743486	-4.939554	5.337997	1.007849	-0.231608	-0.377481	-0.183118	-0.205047	0.961470	0.139068	-0.973575	-0.181142	0.973205	0.100539	0.206794
03008	6.955506	-1.944041	2.458740	0.781110	-0.480965	-0.646736	-0.179298	-0.198270	0.963608	0.145520	-0.974052	-0.173342	0.972973	0.109144	0.203498
03009	9.686817	-1.002449	1.258654	0.389166	-0.847794	-0.798069	-0.172207	-0.189630	0.966636	0.147955	-0.975143	-0.164941	0.973886	0.114615	0.195983
03010	12.846103	-0.634417	2.449031	-0.063864	-0.779759	-0.634688	-0.165481	-0.182565	0.969168	0.146284	-0.976389	-0.158948	0.975303	0.115471	0.188281
03011	12.525678	-0.428077	2.860936	-0.537139	-0.412102	-0.438190	-0.162078	-0.177901	0.970609	0.140372	-0.977768	-0.155773	0.976743	0.110999	0.183447
03012	10.927907	-2.234559	1.783587	-0.680084	-0.258717	-0.462658	-0.160122	-0.173120	0.971798	0.133002	-0.979306	-0.152543	0.978096	0.104826	0.179833
03013	10.130617	-3.256017	0.940640	-0.401143	-0.241128	-0.553149	-0.158476	-0.167533	0.973046	0.128243	-0.980644	-0.147955	0.978999	0.101339	0.176893
03014	9.575028	-2.606758	0.152058	-0.114181	-0.267406	-0.642807	-0.156616	-0.160982	0.974452	0.126135	-0.981808	-0.141924	0.979572	0.100685	0.174072
03015	9.961620	-2.428131	0.153623	0.077193	-0.358665	-0.727295	-0.154005	-0.153559	0.976065	0.125808	-0.982857	-0.134778	0.980028	0.102040	0.170684
03016	10.965099	-2.434860	-0.089684	0.251044	-0.393453	-0.728652	-0.151011	-0.146013	0.977689	0.127180	-0.983681	-0.127264	0.980317	0.105124	0.167117
03017	10.857310	-2.592583	-0.874626	0.598155	-0.449316	-0.742163	-0.147552	-0.138311	0.979336	0.131979	-0.984072	-0.119095	0.980209	0.111679	0.163456
03018	10.870188	-2.369566	-0.885821	0.960625	-0.462673	-0.741869	-0.143968	-0.130496	0.980940	0.140333	-0.983941	-0.110299	0.979581	0.121779	0.159969
03019	9.901489	-1.652258	-1.095250	1.098054	-0.473123	-0.729176	-0.140371	-0.122807	0.982453	0.150090	-0.983450	-0.101487	0.978657	0.133210	0.156480
03020	9.465046	-1.059228	-1.021919	1.125499	-0.542456	-0.694045	-0.136081	-0.115254	0.983971	0.160162	-0.982704	-0.092955	0.977666	0.144945	0.152187
03021	9.598506	0.120849	-0.417008	1.130150	-0.573081	-0.667358	-0.131555	-0.107920	0.985417	0.170350	-0.981730	-0.084774	0.976562	0.156714	0.147536
03022	9.782596	1.311556	0.334527	1.153939	-0.545046	-0.663245	-0.127339	-0.100548	0.986750	0.180775	-0.980538	-0.076586	0.975246	0.168627	0.143038
03023	9.828310	2.378198	0.833720	1.127164	-0.525045	-0.694130	-0.123481	-0.092909	0.987988	0.190926	-0.979231	-0.068223	0.973807	0.180208	0.138655
03024	9.503698	3.084345	1.034054	0.976709	-0.530218	-0.665344	-0.119559	-0.085437	0.989144	0.199644	-0.978009	-0.060344	0.972547	0.190262	0.133987
03025	9.544363	3.111542	1.053883	0.697061	-0.561844	-0.604162	-0.115291	-0.078510	0.990224	0.205746	-0.977141	-0.053517	0.971790	0.197565	0.128809
03026	9.631382	2.341482	1.143159	0.392173	-0.547801	-0.558690	-0.111065	-0.071978	0.991203	0.208946	-0.976772	-0.047518	0.971600	0.201830	0.123525
03027	9.083968	1.246678	1.181803	0.178204	-0.565974	-0.522298	-0.106632	-0.065787	0.992120	0.210142	-0.976760	-0.042182	0.971838	0.203988	0.117979
03028	9.227068	0.211402	1.240934	0.058458	-0.572075	-0.502653	-0.102066	-0.059727	0.992983	0.210207	-0.976951	-0.037156	0.972315	0.204939	0.112269
03029	9.264305	-0.338571	1.408405	0.046431	-0.560264	-0.462362	-0.097563	-0.054115	0.993757	0.210229	-0.977109	-0.032569	0.972772	0.205739	0.106706
03030	9.163012	-0.502409	1.588093	0.091787	-0.554179	-0.418736	-0.092991	-0.048900	0.994465	0.210744	-0.977130	-0.028341	0.973108	0.206942	0.101169
03031	9.721673	-0.670779	1.920773	0.133561	-0.557582	-0.385396	-0.088353	-0.044032	0.995116	0.211726	-0.977023	-0.024433	0.973327	0.208534	0.095645
03032	9.717761	-0.445400	2.227612	0.170157	-0.509243	-0.339014	-0.084054	-0.039673	0.995671	0.213111	-0.976804	-0.020931	0.973406	0.210429	0.090559
03033	9.980667	-0.474814	2.320002	0.193352	-0.456318	-0.322660	-0.080279	-0.035614	0.996136	0.214760	-0.976508	-0.017605	0.973362	0.212517	0.086041
03034	9.877136	-0.599093	2.326440	0.238362	-0.400169	-0.295074	-0.076959	-0.031898	0.996524	0.216868	-0.976093	-0.014495	0.973163	0.214998	0.082037
03035	9.631069	-0.664534	2.255912	0.298371	-0.344766	-0.273544	-0.074180	-0.028540	0.996836	0.219596	-0.975522	-0.011588	0.972767	0.218042	0.078632
03036	9.206623	-0.374276	1.669350	0.396955	-0.329932	-0.271975	-0.071512	-0.025181	0.997122	0.223278	-0.974717	-0.008602	0.972128	0.222021	0.075327
03037	8.983604	0.366457	0.679778	0.501841	-0.398805	-0.298546	-0.068291	-0.021437	0.997435	0.227978	-0.973652	-0.005316	0.971268	0.227031	0.071379
03038	9.411928	1.009930	-0.270073	0.574989	-0.502033	-0.331683	-0.064120	-0.017074	0.997796	0.233360	-0.972389	-0.001643	0.970274	0.232741	0.066334
03039	9.837167	1.684687	-0.743801	0.590710	-0.546727	-0.350592	-0.059626	-0.012434	0.998143	0.238903	-0.971041	0.002174	0.969211	0.238589	0.060870
03040	10.016488	2.229030	-0.992323	0.518358	-0.559837	-0.351401	-0.054988	-0.007693	0.998457	0.243742	-0.969822	0.005952	0.968280	0.243694	0.055204
03041	10.430525	2.303609	-0.769964	0.381409	-0.546331	-0.354082	-0.050548	-0.002967	0.998717	0.247277	-0.968897	0.009636	0.967625	0.247447	0.049709
03042	10.262205	2.129517	-0.530846	0.238824	-0.513582	-0.345360	-0.046374	0.001637	0.998923	0.249439	-0.968301	0.013167	0.967279	0.249781	0.044496
03043	10.186822	1.965824	-0.304572	0.078045	-0.512669	-0.321771	-0.042196	0.005993	0.999091	0.250079	-0.968087	0.016369	0.967305	0.250543	0.039351
03044	10.120189	1.612788	-0.014168	-0.062318	-0.511531	-0.298547	-0.037930	0.010145	0.999229	0.249376	-0.968215	0.019297	0.967664	0.249915	0.034195
03045	10.467355	1.126463	0.273067	-0.152603	-0.479326	-0.279989	-0.033965	0.014014	0.999325	0.247825	-0.968555	0.022005	0.968209	0.248405	0.029424
03046	9.430014	0.958487	0.428669	-0.194366	-0.436046	-0.254728	-0.030308	0.017542	0.999387	0.245879	-0.968992	0.024465	0.968827	0.246469	0.025055
03047	10.239189	0.189176	0.908035	-0.202704	-0.446976	-0.239514	-0.026541	0.020925	0.999429	0.243872	-0.969438	0.026774	0.969444	0.244444	0.020627
03048	9.423276	0.093275	0.918735	-0.124483	-0.401120	-0.212219	-0.023106	0.023943	0.999446	0.242631	-0.969690	0.028839	0.969843	0.243163	0.016596
03049	9.646826	0.019172	0.914084	-0.074365	-0.444660	-0.224078	-0.019315	0.027159	0.999444	0.241888	-0.969808	0.031029	0.970112	0.242353	0.012163
03050	9.313604	0.256787	0.617006	-0.031254	-0.462832	-0.225096	-0.015306	0.030445	0.999419	0.241564	-0.969815	0.033242	0.970264	0.241932	0.007490
03051	8.752568	0.665021	0.317730	-0.023452	-0.498786	-0.223378	-0.010987	0.033780	0.999369	0.241333	-0.969795	0.035433	0.970380	0.241570	0.002503
03052	8.919685	1.011019	0.187050	-0.028056	-0.594465	-0.228407	-0.005706	0.037411	0.999284	0.241059	-0.969779	0.037683	0.970494	0.241102	-0.003484
03053	10.058528	0.720819	0.336622	-0.025167	-0.616985	-0.239309	-0.000277	0.041183	0.999152	0.240833	-0.969740	0.040037	0.970567	0.240640	-0.009650
03054	8.708259	1.037379	-0.103553	-0.018665	-0.607133	-0.234536	0.005114	0.044898	0.998978	0.240675	-0.969681	0.042349	0.970592	0.240212	-0.015765
03055	10.627825	0.292350	0.340658	-0.040502	-0.701622	-0.253052	0.011333	0.049001	0.998734	0.240327	-0.969655	0.044847	0.970626	0.239515	-0.022765
03056	9.499723	0.376083	0.219272	0.031805	-0.595555	-0.234190	0.016612	0.052679	0.998473	0.240685	-0.969458	0.047144	0.970461	0.239535	-0.028784
03057	9.257234	0.256218	0.461781	0.049779	-0.639583	-0.227951	0.022286	0.056387	0.998160	0.241237	-0.969210	0.049365	0.970210	0.239693	-0.035202
03058	9.368165	0.026162	0.832344	0.085735	-0.628228	-0.194204	0.027973	0.059758	0.997821	0.242134	-0.968889	0.051237	0.969840	0.240173	-0.041572
03059	10.286415	-0.135979	1.353897	0.114517	-0.619430	-0.160986	0.033604	0.062771	0.997462	0.243318	-0.968511	0.052752	0.969364	0.240927	-0.047819
03060	9.449495	0.217534	1.419860	0.144016	-0.535897	-0.128087	0.038547	0.065287	0.997122	0.244776	-0.968079	0.053923	0.968813	0.241993	-0.053297
03061	9.956399	0.139720	1.746823	0.129549	-0.563744	-0.122891	0.043718	0.067805	0.996740	0.246105	-0.967679	0.055034	0.968257	0.242897	-0.058992
03062	10.422401	-0.208882	1.868788	0.152872	-0.448236	-0.098805	0.047875	0.069835	0.996409	0.247646	-0.967237	0.055891	0.967667	0.244081	-0.063601
03063	9.643095	-0.076145	1.536021	0.173417	-0.378053	-0.073202	0.051359	0.071427	0.996123	0.249384	-0.966757	0.056464	0.967042	0.245517	-0.067464
03064	8.696741	0.155907	0.758317	0.210896	-0.388628	-0.068725	0.055006	0.073031	0.995812	0.251475	-0.966186	0.056968	0.966299	0.247288	-0.071511
03065	8.699916	0.474287	0.046336	0.243543	-0.512998	-0.080277	0.059763	0.075038	0.995388	0.253898	-0.965518	0.057542	0.965383	0.249288	-0.076755
03066	9.033301	0.839782	-0.693717	0.286843	-0.647935	-0.102927	0.065815	0.077636	0.994807	0.256745	-0.964719	0.058302	0.964236	0.251575	-0.083425
03067	9.605117	0.988750	-1.202683	0.364221	-0.648936	-0.130219	0.071736	0.080492	0.994171	0.260369	-0.963690	0.059237	0.962841	0.254601	-0.090089
03068	9.374595	1.462674	-1.212207	0.332717	-0.797135	-0.169019	0.079025	0.084142	0.993315	0.263712	-0.962698	0.060569	0.961359	0.257163	-0.098266
03069	10.317185	1.490391	-0.566986	0.253017	-0.732433	-0.172815	0.085609	0.087657	0.992465	0.266308	-0.961893	0.061985	0.960079	0.258995	-0.105690
03070	10.174219	1.429451	-0.399640	0.108245	-0.792812	-0.191598	0.092768	0.091537	0.991471	0.267532	-0.961439	0.063732	0.959073	0.259338	-0.113680
03071	10.614523	0.754801	0.164429	0.018748	-0.739720	-0.179380	0.099383	0.095140	0.990490	0.267906	-0.961219	0.065448	0.958305	0.258854	-0.121018
03072	10.283843	0.232344	0.606736	-0.006875	-0.668760	-0.152299	0.105444	0.098316	0.989553	0.268010	-0.961088	0.066929	0.957628	0.258153	-0.127691
03073	9.715267	-0.142175	0.819778	0.001573	-0.617645	-0.107516	0.111070	0.100903	0.988677	0.268164	-0.960974	0.067950	0.956949	0.257580	-0.133794
03074	10.397264	-0.699438	1.226069	0.027960	-0.666393	-0.064633	0.117333	0.103222	0.987714	0.268519	-0.960835	0.068515	0.956102	0.257181	-0.140455
03075	9.691787	-1.059489	1.328604	0.131750	-0.549170	0.004307	0.122590	0.104553	0.986935	0.269795	-0.960497	0.068240	0.955082	0.257905	-0.145955
03076	10.311065	-1.578186	1.812351	0.218890	-0.567139	0.060484	0.128229	0.105422	0.986126	0.271822	-0.959993	0.067282	0.953766	0.259423	-0.151755
03077	11.742493	-1.967852	2.659103	0.331125	-0.463216	0.117652	0.132959	0.105452	0.985496	0.274847	-0.959250	0.065562	0.952250	0.262143	-0.156524
03078	11.729161	-1.474467	3.329374	0.353694	-0.271748	0.148704	0.136019	0.104726	0.985156	0.278025	-0.958472	0.063503	0.950895	0.265261	-0.159486
03079	11.264522	-0.744831	3.528745	0.254458	-0.095411	0.140115	0.137304	0.103580	0.985098	0.280278	-0.957937	0.061659	0.950048	0.267635	-0.160560
03080	11.063425	-0.163439	3.138052	0.166573	-0.039820	0.144576	0.138151	0.102286	0.985115	0.281673	-0.957637	0.059931	0.949513	0.269201	-0.161109
03081	11.478194	0.236144	2.733769	0.190813	-0.065209	0.151553	0.139176	0.100948	0.985109	0.283302	-0.957271	0.058071	0.948878	0.271001	-0.161828
03082	12.007845	0.339754	2.575248	0.238082	-0.033491	0.208295	0.140149	0.099029	0.985166	0.285282	-0.956830	0.055597	0.948142	0.273258	-0.162350
03083	12.230108	-0.155188	2.694922	0.291767	0.046689	0.341852	0.140656	0.095565	0.985436	0.287596	-0.956356	0.051695	0.947367	0.276136	-0.162001
03084	12.384516	-1.171243	3.135033	0.375066	0.173737	0.533796	0.140616	0.089962	0.985969	0.290409	-0.955806	0.045793	0.946515	0.279895	-0.160527
03085	13.207409	-1.854696	3.750705	0.431670	0.372316	0.743725	0.139227	0.081733	0.986882	0.293484	-0.955220	0.037707	0.945771	0.284385	-0.156980
03086	13.797988	-1.472754	4.196020	0.481093	0.842813	0.924397	0.134048	0.070471	0.988466	0.296783	-0.954540	0.027805	0.945490	0.289633	-0.148869
03087	13.537534	-0.722256	3.681712	0.422043	1.191467	0.979282	0.125655	0.057566	0.990402	0.299539	-0.953925	0.017442	0.945773	0.294472	-0.137109
03088	11.793939	-0.417421	2.601408	0.335257	1.459217	0.977316	0.114849	0.043904	0.992412	0.301549	-0.953423	0.007282	0.946508	0.298424	-0.122739
03089	12.781808	-0.743836	2.232608	0.268553	1.703533	0.990917	0.101658	0.029261	0.994389	0.303061	-0.952967	-0.002940	0.947534	0.301659	-0.105744
03090	12.118043	-0.393168	1.560113	0.189828	1.972835	1.005296	0.086065	0.013693	0.996195	0.303931	-0.952603	-0.013164	0.948799	0.303908	-0.086148
03091	11.200016	0.334201	1.016132	0.132587	2.141787	0.974845	0.068638	-0.002207	0.997639	0.304482	-0.952239	-0.023055	0.950042	0.305345	-0.064687
03092	11.164237	1.122905	0.753618	0.078425	2.204515	0.906541	0.050506	-0.017591	0.998569	0.304702	-0.951904	-0.032180	0.951108	0.305891	-0.042716
03093	10.557545	2.198777	0.184559	0.008070	2.274289	0.805568	0.031257	-0.032301	0.998989	0.304499	-0.951660	-0.040298	0.952000	0.305451	-0.019911
03094	10.251426	2.623571	-0.551143	-0.134452	2.223784	0.673623	0.012186	-0.045496	0.998890	0.303089	-0.951800	-0.047049	0.952884	0.303326	0.002191
03095	10.062940	2.243283	-1.369718	-0.285583	2.083350	0.572464	-0.006011	-0.057312	0.998338	0.300401	-0.952347	-0.052863	0.953794	0.299584	0.022941
03096	9.666961	1.639550	-2.129966	-0.408759	1.899052	0.537107	-0.022467	-0.068086	0.997426	0.296594	-0.953217	-0.058388	0.954739	0.294519	0.041610
03097	9.747931	1.034211	-2.783687	-0.484298	1.710574	0.545503	-0.037260	-0.078355	0.996229	0.292184	-0.954210	-0.064122	0.955636	0.288693	0.058448
03098	10.148765	0.493269	-3.261172	-0.513429	1.541628	0.588092	-0.050231	-0.088389	0.994819	0.287552	-0.955178	-0.070348	0.956447	0.282528	0.073396
03099	9.668993	0.108557	-3.327094	-0.590211	1.504226	0.672261	-0.062761	-0.099083	0.993098	0.282337	-0.956175	-0.077557	0.957260	0.275521	0.087986
03100	9.659851	0.260915	-2.464134	-0.773535	1.338858	0.791587	-0.073316	-0.110305	0.991190	0.275486	-0.957435	-0.086172	0.958505	0.266741	0.100583
03101	10.013901	0.540872	-1.506524	-1.029710	1.334714	0.860637	-0.083834	-0.122105	0.988970	0.266337	-0.959103	-0.095841	0.960227	0.255365	0.112926
03102	10.704792	0.700457	-1.210799	-1.296402	1.355567	0.851793	-0.094584	-0.133669	0.986502	0.254654	-0.961224	-0.105828	0.962395	0.241208	0.124956
03103	10.754719	1.015488	-1.125086	-1.509856	1.416105	0.825608	-0.106223	-0.144978	0.983716	0.240990	-0.963572	-0.115987	0.964697	0.224745	0.137292
03104	11.529268	1.097643	-0.937067	-1.702867	1.501826	0.805778	-0.118788	-0.156009	0.980587	0.225470	-0.966019	-0.126377	0.966981	0.206081	0.149927
03105	11.251002	1.053383	-0.848760	-1.902358	1.647460	0.796363	-0.133046	-0.166993	0.976940	0.208113	-0.968435	-0.137197	0.969014	0.185060	0.163600
03106	10.510276	0.680343	-0.982787	-2.093062	1.739592	0.785724	-0.148298	-0.177652	0.972855	0.188939	-0.970702	-0.148457	0.970726	0.161795	0.177519
03107	9.997155	-0.005773	-1.120377	-2.257503	1.759286	0.760193	-0.164063	-0.187720	0.968424	0.168254	-0.972666	-0.160038	0.971995	0.136685	0.191163
03108	9.724891	-0.582792	-1.220412	-2.374249	1.732139	0.739903	-0.179683	-0.197087	0.963779	0.146461	-0.974165	-0.171906	0.972761	0.110267	0.203907
03109	9.223751	-1.061587	-1.400018	-2.427859	1.716027	0.733857	-0.195411	-0.205953	0.958852	0.124275	-0.975020	-0.184099	0.972816	0.083187	0.216125
03110	8.777313	-1.506785	-1.622206	-2.381510	1.668893	0.754476	-0.210728	-0.214505	0.953720	0.102671	-0.975088	-0.196626	0.972138	0.056485	0.227502
