// General information: 
//  MT Manager version: 2022.2.0 
//  XDA version: 2022.2.0 build 7381 rev 124627 built on 2023-07-19
// Device information: 
//  DeviceId: 00B4CB9F
//  ProductCode: MTW2-3A7G6
//  Firmware Version: 4.6.0
//  Hardware Version: 2.0.0
// Device settings: 
//  Filter Profile: human(46.1)
//  Option Flags: Orientation Smoother Disabled, Position/Velocity Smoother Disabled, Continuous Zero Rotation Update Disabled, AHS Disabled, ICC Disabled
// Coordinate system: ENU
PacketCounter	Acc_X	Acc_Y	Acc_Z	Gyr_X	Gyr_Y	Gyr_Z	Mat[1][1]	Mat[2][1]	Mat[3][1]	Mat[1][2]	Mat[2][2]	Mat[3][2]	Mat[1][3]	Mat[2][3]	Mat[3][3]
43637	9.742925	-0.039163	-1.594888	-1.214544	1.400372	-0.433673	-0.043875	-0.000073	0.999037	-0.479745	0.877157	-0.021005	-0.876310	-0.480204	-0.038520
43638	10.853334	0.527870	-2.068185	-1.014441	1.286239	-0.464352	-0.030433	0.001969	0.999535	-0.471007	0.881983	-0.016079	-0.881604	-0.471277	-0.025914
43639	11.531444	0.547444	-2.847366	-1.119057	1.292823	-0.480536	-0.016719	0.003887	0.999853	-0.461205	0.887224	-0.011162	-0.887136	-0.461323	-0.013041
43640	11.036780	-0.223106	-3.640732	-1.220827	1.370619	-0.459957	-0.002495	0.006051	0.999979	-0.450391	0.892808	-0.006526	-0.892828	-0.450398	0.000497
43641	10.546902	-0.931380	-3.222533	-1.166517	1.406915	-0.451711	0.012199	0.008449	0.999890	-0.439538	0.898221	-0.002227	-0.898141	-0.439462	0.014671
43642	10.292768	-1.810263	-2.857037	-1.165466	1.409544	-0.410789	0.026606	0.010879	0.999587	-0.428971	0.903317	0.001587	-0.902926	-0.428836	0.028700
43643	10.510451	-2.945761	-2.803816	-1.128301	1.412593	-0.348174	0.040906	0.013845	0.999067	-0.418530	0.908192	0.004550	-0.907281	-0.418325	0.042945
43644	10.657295	-3.755140	-2.602466	-0.983324	1.455836	-0.297596	0.055301	0.017172	0.998322	-0.409459	0.912302	0.006989	-0.910651	-0.409158	0.057482
43645	10.284723	-4.168647	-2.659214	-0.718384	1.454083	-0.231052	0.069553	0.021104	0.997355	-0.402584	0.915342	0.008707	-0.912737	-0.402125	0.072160
43646	10.017587	-4.316930	-2.779234	-0.361197	1.409523	-0.168530	0.083026	0.025216	0.996228	-0.399170	0.916822	0.010061	-0.913110	-0.398499	0.086186
43647	9.919115	-4.238527	-2.779698	0.006232	1.360478	-0.123805	0.095952	0.029629	0.994945	-0.398770	0.916983	0.011150	-0.912017	-0.397824	0.099802
43648	9.689324	-3.874397	-2.811158	0.424229	1.310965	-0.108987	0.108256	0.033882	0.993546	-0.402534	0.915318	0.012645	-0.908982	-0.401304	0.112727
43649	8.971891	-3.278234	-2.767283	0.737832	1.251115	-0.098293	0.120004	0.038185	0.992039	-0.409024	0.912411	0.014358	-0.904598	-0.407491	0.125111
43650	8.243161	-2.532203	-2.871534	1.036908	1.164016	-0.122649	0.130938	0.041877	0.990506	-0.418234	0.908182	0.016891	-0.898852	-0.416475	0.136430
43651	7.903721	-1.342157	-2.707236	1.272092	1.093691	-0.147249	0.141379	0.045310	0.988918	-0.429350	0.902916	0.020012	-0.892004	-0.427421	0.147107
43652	7.871629	0.085052	-2.212530	1.357064	1.006237	-0.158396	0.150937	0.048256	0.987365	-0.441188	0.897104	0.023600	-0.884630	-0.439176	0.156696
43653	8.145248	1.373378	-1.770055	1.224339	0.896394	-0.150443	0.159452	0.051019	0.985886	-0.451851	0.891687	0.026935	-0.877728	-0.449768	0.165234
43654	8.271290	1.961232	-1.369819	0.844981	0.821342	-0.120971	0.167121	0.053676	0.984474	-0.459063	0.887913	0.029518	-0.872543	-0.456869	0.173030
43655	8.166501	1.724705	-1.222109	0.346812	0.789382	-0.107862	0.174446	0.056429	0.983048	-0.461883	0.886396	0.031082	-0.869616	-0.459475	0.180692
43656	8.024709	1.211296	-0.889850	-0.134254	0.772396	-0.089732	0.181505	0.059186	0.981607	-0.460572	0.887057	0.031678	-0.868867	-0.457850	0.188264
43657	8.027386	0.583646	-0.518816	-0.627275	0.818505	-0.046843	0.188798	0.062582	0.980020	-0.455040	0.889937	0.030833	-0.870226	-0.451769	0.196496
43658	7.533181	-0.177690	-0.888292	-0.969066	0.798121	-0.034518	0.195841	0.065854	0.978422	-0.446543	0.894286	0.029189	-0.873067	-0.442624	0.204545
43659	7.227591	-0.772902	-1.365015	-1.157958	0.605114	-0.004147	0.201061	0.068460	0.977184	-0.436175	0.899465	0.026731	-0.877112	-0.431598	0.210708
43660	7.472976	-1.658282	-1.804413	-1.349693	0.376394	0.105059	0.203851	0.071021	0.976422	-0.424532	0.905126	0.022796	-0.882166	-0.419169	0.214661
43661	8.079154	-2.355436	-1.799605	-1.362918	0.209084	0.243405	0.204686	0.074146	0.976015	-0.412749	0.910679	0.017377	-0.887548	-0.406406	0.217007
43662	8.883095	-2.337971	-0.915937	-1.264420	0.151104	0.320829	0.204655	0.077695	0.975746	-0.402169	0.915494	0.011454	-0.892399	-0.394759	0.218607
43663	9.709865	-2.199320	0.222417	-1.148534	0.174324	0.361375	0.204783	0.081786	0.975385	-0.392558	0.919712	0.005300	-0.896640	-0.383980	0.220447
43664	10.233970	-2.274038	1.196714	-0.981641	0.248689	0.368219	0.205518	0.086138	0.974855	-0.384512	0.923120	-0.000504	-0.899952	-0.374740	0.222839
43665	10.198159	-2.213733	1.923203	-0.734928	0.338490	0.360641	0.207153	0.090771	0.974088	-0.378444	0.925606	-0.005772	-0.902146	-0.367442	0.226094
43666	9.607066	-2.121682	2.509374	-0.402385	0.370591	0.331547	0.209180	0.095213	0.973231	-0.375520	0.926761	-0.009955	-0.902900	-0.363385	0.229614
43667	9.133730	-1.497239	3.398931	0.032229	0.280000	0.283859	0.210636	0.098935	0.972545	-0.376236	0.926436	-0.012758	-0.902263	-0.363219	0.232363
43668	10.098063	0.036278	6.969782	0.252823	0.177696	0.217597	0.211348	0.101614	0.972114	-0.378992	0.925289	-0.014323	-0.900942	-0.365396	0.234069
43669	12.005049	-0.623346	7.952020	-0.006814	0.260821	0.113000	0.213231	0.103665	0.971487	-0.379000	0.925266	-0.015547	-0.900495	-0.364878	0.236584
43670	12.330029	-0.701662	6.579007	0.477528	0.359667	-0.148572	0.216963	0.103629	0.970664	-0.382991	0.923660	-0.013004	-0.897911	-0.368934	0.240089
43671	10.255890	1.046187	6.776336	0.675856	0.552107	-0.301849	0.223077	0.103040	0.969340	-0.388391	0.921455	-0.008568	-0.894086	-0.374571	0.245575
43672	6.601657	1.523489	7.001955	0.301464	0.567045	-0.202940	0.228862	0.103318	0.967960	-0.390641	0.920524	-0.005892	-0.891640	-0.376777	0.251033
43673	4.380226	0.525484	7.099603	-0.023328	0.411969	0.015166	0.232415	0.105100	0.966922	-0.390464	0.920597	-0.006210	-0.890798	-0.376105	0.254999
43674	4.190867	-0.269824	6.411397	-0.046983	0.088294	0.169318	0.232473	0.107007	0.966698	-0.390457	0.920586	-0.008005	-0.890786	-0.375593	0.255793
43675	7.594378	-0.382756	5.721355	0.065785	-0.182881	0.221716	0.229997	0.108504	0.967124	-0.391533	0.920108	-0.010116	-0.890956	-0.376335	0.254105
43676	8.983795	-0.985927	3.895835	0.230123	-0.137379	0.207305	0.227891	0.109908	0.967464	-0.394076	0.919005	-0.011576	-0.890376	-0.378616	0.252745
43677	7.880900	-1.998232	1.316116	0.505391	-0.221572	0.159944	0.225290	0.110646	0.967989	-0.398864	0.916932	-0.011979	-0.888905	-0.383397	0.250708
43678	7.205572	-2.439050	-0.105258	0.706555	-0.446234	0.111729	0.220810	0.109959	0.969099	-0.405405	0.914067	-0.011343	-0.887068	-0.390372	0.246413
43679	8.003751	-2.132037	0.229070	0.844103	-0.621037	0.093153	0.214882	0.108485	0.970596	-0.413117	0.910620	-0.010320	-0.884963	-0.398752	0.240493
43680	9.216645	-1.421968	1.284061	0.919200	-0.601065	0.097309	0.209097	0.106960	0.972028	-0.421463	0.906800	-0.009120	-0.882410	-0.407767	0.234688
43681	9.554771	-1.238540	1.433437	0.985880	-0.515634	0.044644	0.204285	0.105341	0.973227	-0.430293	0.902659	-0.007383	-0.879270	-0.417264	0.229727
43682	10.039845	-1.006094	0.693709	1.467459	-0.652650	-0.084997	0.198865	0.101821	0.974723	-0.443004	0.896514	-0.003269	-0.874185	-0.431156	0.223393
43683	10.980435	1.082861	-0.166182	2.179081	-0.948380	-0.304996	0.191921	0.095013	0.976800	-0.461388	0.887188	0.004356	-0.866192	-0.451520	0.214108
43684	12.012806	3.851131	-0.247443	2.304732	-1.220418	-0.489154	0.183636	0.085067	0.979307	-0.480351	0.876966	0.013896	-0.857637	-0.472963	0.201905
43685	13.368744	5.553185	1.164985	1.349639	-1.242897	-0.553494	0.175626	0.074448	0.981638	-0.491156	0.870798	0.021832	-0.853183	-0.485972	0.189500
43686	13.866784	4.538066	2.909699	-0.431625	-0.980999	-0.548012	0.169847	0.064925	0.983329	-0.486534	0.873263	0.026379	-0.856993	-0.482904	0.179909
43687	12.037277	0.725297	2.169577	-1.629921	-0.750666	-0.437549	0.165408	0.057573	0.984543	-0.471726	0.881309	0.027716	-0.866092	-0.469019	0.172934
43688	9.751846	-3.344720	-0.195217	-1.421007	-0.873987	-0.355449	0.159387	0.050393	0.985929	-0.458800	0.888073	0.028779	-0.874127	-0.456931	0.164668
43689	8.770164	-6.504109	-2.435887	-0.568283	-1.010815	-0.345107	0.152041	0.042798	0.987447	-0.453258	0.890834	0.031179	-0.878317	-0.452309	0.154842
43690	8.583032	-6.303874	-4.387783	0.692182	-1.035833	-0.316232	0.144324	0.035278	0.988901	-0.458879	0.887797	0.035300	-0.876699	-0.458880	0.144319
43691	8.882092	-2.838216	-4.290087	1.378415	-1.159936	-0.180841	0.134971	0.028416	0.990442	-0.470797	0.881385	0.038870	-0.871856	-0.471543	0.132339
43692	9.948852	0.874712	-3.173863	1.384385	-1.322679	-0.066436	0.123718	0.021522	0.992084	-0.482762	0.874781	0.041225	-0.866969	-0.484040	0.118616
43693	10.706059	3.769917	-1.080126	1.075074	-1.294268	-0.054817	0.112725	0.014842	0.993515	-0.492121	0.869472	0.042847	-0.863198	-0.493759	0.105315
43694	10.249393	4.450180	0.538270	0.396120	-1.160044	-0.086093	0.103070	0.008355	0.994639	-0.495459	0.867513	0.044055	-0.862495	-0.497344	0.093554
43695	9.528307	3.675268	1.145769	-0.016182	-1.087517	-0.150275	0.094322	0.001702	0.995540	-0.495248	0.867562	0.045439	-0.863616	-0.497326	0.082673
43696	9.127657	2.785086	1.758602	-0.219909	-1.039051	-0.203536	0.086273	-0.005214	0.996258	-0.493176	0.868645	0.047254	-0.865641	-0.495407	0.072370
43697	9.574306	1.379401	2.434758	-0.375194	-0.980775	-0.204385	0.078702	-0.011770	0.996829	-0.489744	0.870491	0.048944	-0.868307	-0.492043	0.062745
43698	9.620068	-0.375642	2.388999	-0.285828	-0.813674	-0.155049	0.072315	-0.017105	0.997235	-0.487155	0.871867	0.050281	-0.870316	-0.489444	0.054717
43699	9.253711	-1.412169	1.991617	0.044773	-0.773775	-0.105296	0.066032	-0.021742	0.997581	-0.487466	0.871636	0.051263	-0.870642	-0.489671	0.046957
43700	9.819614	0.350947	1.883105	0.597819	-0.786989	-0.090382	0.059562	-0.026393	0.997876	-0.492618	0.868668	0.052379	-0.868205	-0.494691	0.038738
43701	10.167740	2.123787	1.480840	0.477871	-0.773376	-0.085907	0.053201	-0.030913	0.998105	-0.496699	0.866285	0.053305	-0.866291	-0.498593	0.030733
43702	9.958371	2.063104	0.357618	0.175318	-0.736475	-0.084249	0.047171	-0.035310	0.998263	-0.498186	0.865378	0.054151	-0.865786	-0.499875	0.023230
43703	9.474082	2.188390	-0.778879	0.170093	-0.757569	-0.114538	0.041071	-0.040068	0.998353	-0.499553	0.864520	0.055247	-0.865309	-0.500999	0.015491
43704	9.241313	2.417089	-1.626145	0.063076	-0.790574	-0.109930	0.034709	-0.044971	0.998385	-0.500068	0.864154	0.056310	-0.865290	-0.501215	0.007505
43705	9.722690	2.562911	-2.102129	-0.008711	-0.881904	-0.119298	0.027611	-0.050350	0.998350	-0.500031	0.864102	0.057408	-0.865567	-0.500791	-0.001318
43706	10.264189	1.988609	-2.102244	-0.236266	-0.910474	-0.109758	0.020200	-0.055838	0.998235	-0.497969	0.865221	0.058475	-0.866960	-0.498271	-0.010328
43707	10.158417	0.805062	-1.942091	-0.357241	-0.876389	-0.090074	0.012992	-0.060900	0.998059	-0.494899	0.866922	0.059340	-0.868853	-0.494710	-0.018877
43708	9.904195	0.052328	-1.530040	-0.305272	-0.869345	-0.056475	0.005639	-0.065668	0.997826	-0.492249	0.868389	0.059932	-0.870436	-0.491516	-0.027428
43709	10.048759	0.405427	-0.752926	-0.148971	-0.886992	-0.033572	-0.002004	-0.070271	0.997526	-0.490928	0.869115	0.060239	-0.871198	-0.489592	-0.036239
43710	10.234453	1.212625	0.090154	-0.153865	-0.833817	-0.016209	-0.009262	-0.074477	0.997180	-0.489597	0.869853	0.060420	-0.871900	-0.487656	-0.044520
43711	10.111037	1.645797	0.884909	-0.276915	-0.757694	-0.009945	-0.015885	-0.078189	0.996812	-0.487301	0.871131	0.060565	-0.873089	-0.484786	-0.051940
43712	9.848846	1.399185	1.276884	-0.361122	-0.673363	0.014880	-0.021913	-0.081301	0.996449	-0.484151	0.872885	0.060573	-0.874710	-0.481105	-0.058489
43713	9.596507	0.793534	1.031093	-0.323841	-0.607605	0.021833	-0.027446	-0.083999	0.996088	-0.481189	0.874528	0.060490	-0.876187	-0.477646	-0.064421
43714	9.741271	0.318733	0.763135	-0.121735	-0.594743	0.034162	-0.032893	-0.086526	0.995706	-0.480119	0.875136	0.060188	-0.876586	-0.476078	-0.070328
43715	9.771408	0.671778	0.368406	0.143439	-0.535693	0.040487	-0.037883	-0.088689	0.995339	-0.481290	0.874533	0.059606	-0.875742	-0.476788	-0.075815
43716	9.336543	0.854061	-0.114274	0.247342	-0.557594	0.056484	-0.043106	-0.090848	0.994931	-0.483439	0.873401	0.058806	-0.874316	-0.478454	-0.081568
43717	9.661495	0.818297	-0.929064	0.296588	-0.658511	0.080841	-0.049352	-0.093262	0.994418	-0.485996	0.872057	0.057667	-0.872567	-0.480437	-0.088362
43718	9.635530	1.201197	-1.228373	0.350746	-0.663317	0.114171	-0.055760	-0.095452	0.993871	-0.488999	0.870474	0.056166	-0.870500	-0.482870	-0.095214
43719	8.847733	1.839036	-1.207811	0.229836	-0.711778	0.114824	-0.062577	-0.097839	0.993233	-0.490885	0.869504	0.054723	-0.868974	-0.484139	-0.102439
43720	9.401159	2.416501	-0.997651	0.029476	-0.836074	0.145712	-0.070626	-0.100608	0.992416	-0.491051	0.869505	0.053202	-0.868263	-0.483569	-0.110813
43721	9.625033	2.328680	-0.213556	-0.336645	-0.765342	0.129852	-0.077976	-0.103116	0.991608	-0.488047	0.871254	0.052222	-0.869327	-0.479879	-0.118263
43722	9.312589	1.340019	0.197695	-0.616825	-0.666088	0.101150	-0.084337	-0.105399	0.990847	-0.482601	0.874300	0.051925	-0.871770	-0.473805	-0.124601
43723	9.287282	0.159133	1.012078	-0.613150	-0.641088	0.100053	-0.090491	-0.107499	0.990078	-0.477169	0.877293	0.051641	-0.874140	-0.467761	-0.130682
43724	9.545984	-0.645416	0.891977	-0.427338	-0.548288	0.106237	-0.095863	-0.109108	0.989397	-0.473336	0.879398	0.051116	-0.875650	-0.463417	-0.135947
43725	9.838373	-0.200954	0.068676	0.043209	-0.496614	0.101894	-0.100734	-0.110455	0.988763	-0.473688	0.879274	0.049966	-0.874913	-0.463332	-0.140894
43726	10.056036	0.684610	-0.061293	0.219308	-0.441513	0.082662	-0.105056	-0.111766	0.988166	-0.475525	0.878348	0.048791	-0.873407	-0.464772	-0.145423
43727	9.602305	0.222940	-0.555525	0.282524	-0.403911	0.054333	-0.108870	-0.113109	0.987600	-0.478020	0.877050	0.047753	-0.871576	-0.466894	-0.149553
43728	9.193740	-0.295864	-1.479667	0.573757	-0.435881	0.078627	-0.113110	-0.114455	0.986968	-0.482929	0.874447	0.046061	-0.868324	-0.471426	-0.154182
43729	9.742131	0.265342	-2.166293	0.856459	-0.468844	0.120776	-0.117803	-0.115556	0.986291	-0.490213	0.870520	0.043441	-0.863605	-0.478375	-0.159197
43730	9.632324	0.419436	-2.092292	0.826161	-0.513443	0.110870	-0.122843	-0.117056	0.985499	-0.497199	0.866669	0.040966	-0.858896	-0.484957	-0.164664
43731	8.998273	-0.219934	-1.640846	0.701439	-0.636282	0.103846	-0.128878	-0.119205	0.984470	-0.503131	0.863344	0.038674	-0.854546	-0.490333	-0.171242
43732	8.901179	-0.714970	-1.328593	0.731893	-0.747868	0.116848	-0.135913	-0.121877	0.983196	-0.509217	0.859876	0.036198	-0.849838	-0.495741	-0.178930
43733	9.540831	-0.221458	-0.788800	0.883372	-0.827232	0.136969	-0.143684	-0.124782	0.981725	-0.516588	0.855592	0.033143	-0.844092	-0.502386	-0.187395
43734	9.623124	0.697019	0.436277	0.838570	-0.816137	0.141936	-0.151358	-0.127687	0.980197	-0.523437	0.851533	0.030099	-0.838513	-0.508516	-0.195723
43735	9.243758	1.212894	1.117056	0.817286	-0.791770	0.126016	-0.158693	-0.130614	0.978650	-0.530156	0.847466	0.027138	-0.832917	-0.514531	-0.203733
43736	9.491530	1.116357	1.311689	0.778147	-0.759494	0.097312	-0.165588	-0.133713	0.977088	-0.536461	0.843569	0.024527	-0.827521	-0.520108	-0.211417
43737	9.625689	1.032545	1.319623	0.873531	-0.642465	0.082315	-0.171378	-0.136308	0.975730	-0.543578	0.839077	0.021743	-0.821677	-0.526659	-0.217894
43738	9.557636	1.630660	0.922990	1.030234	-0.520142	0.051677	-0.175989	-0.138630	0.974582	-0.551921	0.833682	0.018922	-0.815114	-0.534562	-0.223231
43739	9.291088	2.323045	0.667556	1.122519	-0.485467	0.051732	-0.180258	-0.140756	0.973496	-0.561015	0.827655	0.015788	-0.807941	-0.543300	-0.228158
43740	9.710429	3.242930	0.898618	1.191125	-0.532295	0.082293	-0.185074	-0.142988	0.972266	-0.570444	0.821246	0.012192	-0.800213	-0.552367	-0.233558
43741	10.410064	4.048966	1.750980	1.036292	-0.504459	0.100740	-0.189707	-0.144919	0.971087	-0.578610	0.815558	0.008674	-0.793235	-0.560235	-0.238569
43742	10.805638	4.402429	2.157502	0.839565	-0.367259	0.121882	-0.193390	-0.145993	0.970199	-0.585014	0.811005	0.005427	-0.787629	-0.566530	-0.242248
43743	11.552322	4.270081	2.025826	0.708331	-0.237486	0.109240	-0.195912	-0.146422	0.969628	-0.590471	0.807055	0.002568	-0.782919	-0.572034	-0.244570
43744	12.239673	3.367075	1.435586	0.394704	-0.056742	0.084018	-0.196923	-0.146067	0.969477	-0.593391	0.804914	0.000742	-0.780454	-0.575133	-0.245181
43745	12.406280	2.094683	1.087420	0.087361	0.125369	0.088383	-0.196480	-0.144592	0.969788	-0.593998	0.804466	-0.000402	-0.780104	-0.576131	-0.243949
43746	13.770455	1.239007	0.815187	0.118355	0.196690	0.112000	-0.195682	-0.142554	0.970251	-0.594702	0.803944	-0.001821	-0.779768	-0.577367	-0.242095
43747	15.450125	0.884704	1.193695	0.220130	0.398820	0.167691	-0.193586	-0.138852	0.971208	-0.596201	0.802825	-0.004059	-0.779146	-0.579821	-0.238199
43748	14.704685	0.333446	1.627075	0.068886	0.788409	0.256860	-0.189041	-0.132210	0.973028	-0.596247	0.802772	-0.006763	-0.780226	-0.581444	-0.230586
43749	12.986939	0.186251	2.459849	0.019394	0.927973	0.325911	-0.183739	-0.124128	0.975106	-0.595922	0.802979	-0.010073	-0.781740	-0.582938	-0.221509
43750	12.794449	0.851629	3.217504	-0.062667	0.987657	0.343216	-0.178121	-0.115607	0.977194	-0.594812	0.803754	-0.013333	-0.783882	-0.583622	-0.211930
43751	12.287130	1.305581	2.709843	-0.074894	1.174127	0.304104	-0.170702	-0.106223	0.979580	-0.593845	0.804415	-0.016255	-0.786263	-0.584494	-0.200396
43752	11.626907	1.971991	2.160407	-0.051137	1.313358	0.236703	-0.161835	-0.096633	0.982075	-0.593051	0.804952	-0.018523	-0.788733	-0.585419	-0.187578
43753	11.559830	2.472123	2.320102	-0.300031	1.459469	0.141689	-0.151100	-0.086877	0.984693	-0.590614	0.806720	-0.019454	-0.792682	-0.584513	-0.173206
43754	11.618089	2.266684	2.535836	-0.670882	1.649216	0.039255	-0.138276	-0.076950	0.987400	-0.585221	0.810656	-0.018779	-0.798997	-0.580444	-0.157127
43755	11.854018	2.060090	2.923533	-1.015006	1.830970	-0.059742	-0.123208	-0.066762	0.990133	-0.577327	0.816340	-0.016797	-0.807164	-0.573700	-0.139123
43756	11.635784	1.481296	2.057207	-1.312019	1.955538	-0.175891	-0.106392	-0.057074	0.992685	-0.566880	0.823691	-0.013398	-0.816901	-0.564159	-0.119988
43757	11.644956	1.326600	0.874283	-1.378038	1.929715	-0.319866	-0.088700	-0.048844	0.994860	-0.556051	0.831102	-0.008773	-0.826401	-0.553971	-0.100878
43758	11.769149	1.453432	-0.614148	-1.258028	1.928402	-0.462822	-0.070202	-0.042109	0.996644	-0.545976	0.837795	-0.003060	-0.834854	-0.544359	-0.081806
43759	11.411163	2.538728	-0.268784	-1.081414	1.932767	-0.581185	-0.050828	-0.036445	0.998042	-0.537449	0.843289	0.003423	-0.841763	-0.536223	-0.062450
43760	11.813484	3.216452	1.808501	-1.546728	1.813125	-0.621258	-0.032255	-0.032092	0.998964	-0.524627	0.851268	0.010408	-0.850721	-0.523748	-0.044294
43761	12.871555	1.449925	-0.582044	-2.014479	1.625247	-0.636032	-0.015025	-0.029046	0.999465	-0.507719	0.861347	0.017400	-0.861392	-0.507186	-0.027689
43762	12.794057	-1.112113	-5.435141	-1.568684	1.628974	-0.575675	0.001886	-0.025861	0.999664	-0.494193	0.869037	0.023414	-0.869350	-0.494071	-0.011142
43763	11.464617	-2.508538	-4.064054	-1.541736	1.830928	-0.476790	0.020218	-0.020980	0.999575	-0.480859	0.876347	0.028119	-0.876565	-0.481223	0.007629
43764	10.514400	-4.298920	-2.553059	-1.556991	1.794432	-0.403326	0.037851	-0.016001	0.999155	-0.467053	0.883656	0.031844	-0.883419	-0.467864	0.025974
43765	10.917298	-5.342847	-2.918106	-1.143657	1.808863	-0.316108	0.055345	-0.010299	0.998414	-0.456965	0.888815	0.034500	-0.887761	-0.458150	0.044485
43766	11.065556	-5.696581	-2.523535	-0.535519	1.876620	-0.224466	0.072968	-0.003728	0.997327	-0.452079	0.891235	0.036407	-0.888988	-0.453527	0.063346
43767	10.652234	-5.555974	-2.819491	0.169106	1.867321	-0.184377	0.090388	0.003269	0.995901	-0.453642	0.890363	0.038250	-0.886588	-0.455240	0.081961
43768	9.909929	-4.745691	-3.163593	0.883981	1.833354	-0.176718	0.107328	0.010131	0.994172	-0.461296	0.886309	0.040769	-0.880730	-0.462984	0.099799
43769	9.390049	-3.238407	-3.052197	1.494409	1.764184	-0.192660	0.123681	0.016886	0.992178	-0.474390	0.879206	0.044172	-0.871583	-0.476142	0.116752
43770	8.808388	-1.756006	-2.863349	1.912895	1.684350	-0.231821	0.139315	0.023030	0.989980	-0.490667	0.869979	0.048811	-0.860138	-0.492551	0.132501
43771	8.291924	-0.157328	-2.644954	2.146588	1.588779	-0.304457	0.154386	0.028546	0.987598	-0.508770	0.859163	0.054699	-0.846947	-0.510905	0.147166
43772	7.845579	1.396384	-2.505253	2.149157	1.467367	-0.399839	0.168715	0.032772	0.985120	-0.526202	0.848103	0.061906	-0.833455	-0.528816	0.160332
43773	7.693016	2.881211	-2.404037	1.982953	1.347408	-0.510465	0.182566	0.035872	0.982539	-0.541912	0.837505	0.070116	-0.820366	-0.545250	0.172340
43774	7.819401	4.281869	-2.224776	1.654353	1.226521	-0.590404	0.195725	0.037730	0.979933	-0.554294	0.828582	0.078808	-0.808981	-0.558596	0.183088
43775	8.036995	5.348992	-1.898367	1.104311	1.089465	-0.582594	0.207723	0.039192	0.977402	-0.562171	0.822485	0.086496	-0.800509	-0.567434	0.192882
43776	8.275455	5.318021	-1.723385	0.356413	0.995335	-0.571850	0.218820	0.040160	0.974938	-0.563819	0.820675	0.092741	-0.796383	-0.569983	0.202224
43777	8.316629	4.681586	-1.490460	-0.446299	0.961735	-0.586401	0.229748	0.040902	0.972390	-0.559068	0.823374	0.097458	-0.796655	-0.566023	0.212035
43778	8.271964	3.728023	-1.187980	-1.234823	0.947310	-0.592920	0.240529	0.041318	0.969762	-0.547831	0.830532	0.100492	-0.801266	-0.555437	0.222402
43779	8.418282	2.669515	-0.906357	-1.940740	0.958932	-0.577651	0.251342	0.041809	0.966995	-0.530872	0.841338	0.101608	-0.809322	-0.538889	0.233659
43780	8.485711	1.204548	-0.647726	-2.561492	0.994501	-0.504025	0.261996	0.042793	0.964120	-0.508733	0.855062	0.100294	-0.820091	-0.516756	0.245793
43781	8.520973	-0.599291	-0.576755	-2.981315	0.998922	-0.346188	0.271944	0.044904	0.961265	-0.483263	0.870189	0.096067	-0.832168	-0.490668	0.258343
43782	8.352997	-2.343868	-0.136345	-3.258241	1.045924	-0.132225	0.281267	0.048737	0.958391	-0.455604	0.885756	0.088666	-0.844579	-0.461586	0.271339
43783	7.880993	-3.938950	0.075446	-3.388397	1.103599	0.092116	0.290225	0.054556	0.955402	-0.427127	0.900794	0.078312	-0.856348	-0.430806	0.284735
43784	7.489556	-4.954560	0.128209	-3.116700	1.048948	0.269167	0.298079	0.061384	0.952565	-0.401100	0.913607	0.066639	-0.866180	-0.401938	0.296948
43785	7.386184	-5.275073	0.272495	-2.484723	0.918291	0.402112	0.304459	0.068759	0.950040	-0.380813	0.923001	0.055237	-0.873090	-0.378605	0.307200
43786	7.740327	-4.790146	0.920568	-1.777220	0.715150	0.506478	0.308761	0.076119	0.948089	-0.366836	0.929203	0.044864	-0.877552	-0.361646	0.314824
43787	8.518930	-3.110791	1.805892	-1.235463	0.487430	0.521068	0.311117	0.082835	0.946755	-0.357742	0.933129	0.035916	-0.880470	-0.349868	0.319946
43788	8.928709	-1.827795	2.423581	-0.843657	0.317658	0.437191	0.312302	0.088043	0.945894	-0.351697	0.935664	0.029028	-0.882484	-0.341733	0.323174
43789	8.921319	-1.460738	2.774582	-0.451529	0.205045	0.259433	0.313159	0.091312	0.945301	-0.348684	0.936906	0.025011	-0.883375	-0.337444	0.325240
43790	8.770591	-1.419506	2.959806	-0.032273	0.094855	0.059393	0.313726	0.092213	0.945025	-0.348614	0.936951	0.024306	-0.883201	-0.337075	0.326092
43791	9.131341	-0.881414	4.102427	0.325467	-0.033964	-0.054945	0.313572	0.091737	0.945123	-0.351489	0.935837	0.025780	-0.882116	-0.340284	0.325697
43792	9.785913	0.222067	5.905627	0.439896	-0.028170	-0.061007	0.313475	0.091095	0.945217	-0.355204	0.934377	0.027751	-0.880661	-0.344444	0.325261
43793	10.281919	0.388918	7.339835	0.307247	0.068995	-0.011838	0.314079	0.091384	0.944989	-0.358053	0.933258	0.028754	-0.879291	-0.347387	0.325837
43794	10.789136	0.782408	7.819868	0.292910	0.198376	-0.048796	0.315933	0.091644	0.944345	-0.360501	0.932272	0.030134	-0.877625	-0.349958	0.327573
43795	9.789764	1.641032	6.996756	0.270931	0.233493	-0.116198	0.318357	0.091551	0.943540	-0.362700	0.931356	0.032009	-0.875841	-0.352412	0.329710
43796	7.548971	1.725851	6.581827	-0.088655	0.253150	0.002213	0.320502	0.092486	0.942722	-0.361960	0.931656	0.031657	-0.875365	-0.351374	0.332073
43797	4.824020	1.173583	5.511890	-0.048623	-0.024444	0.080684	0.319957	0.093322	0.942825	-0.361986	0.931681	0.030625	-0.875554	-0.351088	0.331879
43798	5.393307	1.429593	4.529133	-0.022051	-0.474097	0.047087	0.315567	0.092119	0.944421	-0.361971	0.931704	0.030070	-0.877151	-0.351342	0.327360
43799	6.693853	0.921495	2.866840	-0.269881	-0.586193	0.006093	0.310360	0.090292	0.946321	-0.359815	0.932572	0.029026	-0.879892	-0.349509	0.321922
43800	5.983761	0.416564	-0.126073	-0.188895	-0.736384	-0.131893	0.304278	0.086516	0.948646	-0.357774	0.933338	0.029636	-0.882843	-0.348418	0.314948
43801	5.885275	0.338571	-2.227177	-0.181699	-1.086647	-0.201906	0.295350	0.081011	0.951948	-0.355748	0.934071	0.030885	-0.886686	-0.347776	0.304697
43802	7.128255	0.106617	-3.219784	-0.551434	-1.275053	-0.038441	0.284079	0.076268	0.955763	-0.350760	0.935998	0.029565	-0.892337	-0.343643	0.292650
43803	9.653065	-0.692241	-3.727258	-0.912528	-1.227484	0.246584	0.272193	0.074552	0.959350	-0.343444	0.938854	0.024485	-0.898865	-0.336147	0.281154
43804	10.289619	-2.029830	-4.311179	-0.714987	-0.937944	0.334756	0.262534	0.074599	0.962035	-0.337922	0.940977	0.019251	-0.903817	-0.330147	0.272247
43805	9.838121	-2.641188	-3.227966	-0.087567	-0.915482	0.205250	0.253511	0.073641	0.964525	-0.337817	0.941059	0.016941	-0.906428	-0.330128	0.263446
43806	11.290788	-1.877787	-0.822898	-0.008155	-1.047836	0.063488	0.243720	0.070801	0.967258	-0.337928	0.941031	0.016266	-0.909068	-0.330828	0.253274
43807	13.313964	-0.124333	1.991644	0.336078	-1.006034	-0.012427	0.234562	0.067468	0.969757	-0.341113	0.939866	0.017119	-0.910287	-0.334812	0.243471
43808	13.533397	2.149129	3.713589	0.722191	-0.999210	-0.026854	0.225495	0.063858	0.972149	-0.347652	0.937430	0.019062	-0.910105	-0.342268	0.233586
43809	12.673081	4.225416	6.125419	0.563675	-0.922636	-0.096483	0.217387	0.059891	0.974246	-0.352716	0.935490	0.021194	-0.910128	-0.348240	0.224489
43810	13.891906	4.174970	9.927748	-0.512869	-0.800629	-0.126873	0.210465	0.055957	0.975998	-0.347794	0.937330	0.021258	-0.913643	-0.343921	0.216737
43811	14.161926	0.908991	9.537296	-1.433426	-0.521091	-0.109035	0.206021	0.053286	0.977096	-0.334565	0.942178	0.019162	-0.919577	-0.330849	0.211935
43812	11.011179	-3.692838	4.993743	-1.426331	-0.573539	-0.173231	0.201232	0.049816	0.978276	-0.321080	0.946884	0.017829	-0.925426	-0.317692	0.206539
43813	8.867263	-6.911662	-0.066853	-0.366747	-0.806083	-0.354577	0.194858	0.044038	0.979842	-0.317141	0.948158	0.020455	-0.928144	-0.314734	0.198723
43814	7.989860	-6.487405	-3.609455	1.420029	-0.926317	-0.401108	0.187506	0.037291	0.981555	-0.329560	0.943746	0.027101	-0.925328	-0.328563	0.189247
43815	8.082470	-2.412181	-5.041048	2.686685	-0.867951	-0.285789	0.180445	0.031799	0.983071	-0.353991	0.934603	0.034744	-0.917677	-0.354267	0.179901
43816	8.255925	1.875040	-4.419503	2.556957	-0.887612	-0.135218	0.172761	0.027314	0.984585	-0.377143	0.925269	0.040507	-0.909899	-0.378328	0.170152
43817	9.224702	4.228605	-2.676694	1.513680	-1.236337	-0.065204	0.161740	0.022083	0.986586	-0.390953	0.919382	0.043514	-0.906088	-0.392746	0.157334
43818	10.609792	3.394862	-0.470661	0.447261	-1.401076	-0.068129	0.149243	0.015945	0.988672	-0.394924	0.917620	0.044815	-0.906511	-0.397139	0.143245
43819	11.356423	1.086959	1.230589	-0.173503	-1.257972	-0.061264	0.138018	0.010501	0.990374	-0.393399	0.918262	0.045087	-0.908949	-0.395835	0.130868
43820	10.437901	-0.438701	0.966520	-0.085448	-0.995954	-0.083554	0.129218	0.005817	0.991599	-0.392533	0.918599	0.045763	-0.910616	-0.395149	0.120983
43821	10.134526	-0.190556	1.654048	-0.019189	-0.982331	-0.097039	0.120601	0.001147	0.992700	-0.392372	0.918625	0.046607	-0.911866	-0.395129	0.111237
43822	10.284145	0.539538	2.763864	0.077230	-0.909791	-0.092530	0.112598	-0.003279	0.993635	-0.392991	0.918311	0.047564	-0.912622	-0.395846	0.102111
43823	10.175946	2.116947	2.901135	0.340496	-0.784621	-0.142906	0.105959	-0.007604	0.994341	-0.396081	0.916895	0.049219	-0.912081	-0.399055	0.094141
43824	9.903873	2.941046	2.608751	0.202647	-0.708262	-0.179274	0.100143	-0.012058	0.994900	-0.397767	0.916060	0.051140	-0.912005	-0.400859	0.086941
43825	10.022198	1.973510	2.090151	-0.045319	-0.648899	-0.186944	0.094924	-0.016274	0.995351	-0.397301	0.916164	0.052869	-0.912766	-0.400473	0.080501
43826	9.923406	0.183691	0.826458	-0.109818	-0.573974	-0.192957	0.090381	-0.020316	0.995700	-0.396142	0.916561	0.054659	-0.913730	-0.399378	0.074792
43827	9.557068	-1.220551	-0.599567	0.245016	-0.613052	-0.200502	0.085537	-0.024513	0.996033	-0.398331	0.915485	0.056739	-0.913245	-0.401605	0.068544
43828	9.305433	-1.104316	-1.133004	0.867743	-0.677692	-0.198186	0.080088	-0.029051	0.996364	-0.406101	0.911907	0.059230	-0.910312	-0.409368	0.061235
43829	9.472213	0.560409	-1.042958	1.258707	-0.711747	-0.159159	0.074240	-0.033356	0.996682	-0.417538	0.906580	0.061442	-0.905622	-0.420714	0.053377
43830	9.727456	2.280112	-0.932668	1.311485	-0.733896	-0.146742	0.068165	-0.037793	0.996958	-0.429298	0.900927	0.063505	-0.900587	-0.432321	0.045187
43831	9.762629	3.305498	-0.731745	0.937747	-0.738651	-0.143584	0.062106	-0.042223	0.997176	-0.437750	0.896727	0.065234	-0.896949	-0.440566	0.037209
43832	9.674435	2.876066	-0.677693	0.405330	-0.766691	-0.130263	0.055738	-0.046761	0.997350	-0.441327	0.894870	0.066621	-0.895614	-0.443870	0.029241
43833	9.738920	1.713537	-0.231066	0.082731	-0.774195	-0.083333	0.049128	-0.050877	0.997496	-0.442120	0.894420	0.067394	-0.895610	-0.444324	0.021448
43834	9.681780	0.977617	0.363703	0.003325	-0.758622	-0.010269	0.042309	-0.054319	0.997627	-0.442165	0.894394	0.067451	-0.895935	-0.443969	0.013823
43835	9.648746	1.245086	0.938269	0.078407	-0.797968	0.042425	0.034928	-0.057420	0.997739	-0.442973	0.894031	0.066959	-0.895854	-0.444310	0.005791
43836	9.541602	2.054108	1.353934	0.129175	-0.756506	0.088337	0.027692	-0.059976	0.997816	-0.444177	0.893502	0.066033	-0.895511	-0.445035	-0.001897
43837	9.814706	2.681516	1.863428	-0.028286	-0.705805	0.101682	0.020876	-0.062146	0.997849	-0.444034	0.893653	0.064946	-0.895767	-0.444435	-0.008939
43838	10.081007	2.177292	1.759619	-0.275430	-0.556237	0.051191	0.015594	-0.064133	0.997819	-0.441593	0.894900	0.064420	-0.897080	-0.441635	-0.014365
43839	9.710536	1.025936	0.938090	-0.326719	-0.448256	0.004899	0.011508	-0.066005	0.997753	-0.438742	0.896306	0.064354	-0.898539	-0.438497	-0.018645
43840	9.651465	0.474722	0.319320	-0.098468	-0.438845	-0.015422	0.007563	-0.068046	0.997654	-0.437874	0.896721	0.064481	-0.899005	-0.437334	-0.023014
43841	9.664317	0.288604	-0.510889	0.099717	-0.378625	-0.037061	0.004283	-0.069978	0.997539	-0.438851	0.896223	0.064754	-0.898550	-0.438049	-0.026871
43842	9.380562	0.260670	-1.818666	0.309825	-0.350446	-0.023990	0.001174	-0.071713	0.997425	-0.441650	0.894840	0.064857	-0.897186	-0.440589	-0.030622
43843	9.320008	0.750179	-2.463151	0.514735	-0.403213	0.001741	-0.002488	-0.073427	0.997298	-0.446343	0.892527	0.064600	-0.894858	-0.444976	-0.034994
43844	9.261897	0.979615	-2.871412	0.486982	-0.462247	0.037513	-0.006856	-0.075140	0.997149	-0.450712	0.890373	0.063995	-0.892643	-0.448988	-0.039971
43845	9.365062	1.294573	-2.743334	0.434881	-0.582168	0.079726	-0.012452	-0.077007	0.996953	-0.454650	0.888443	0.062947	-0.890583	-0.452481	-0.046074
43846	9.701929	1.552699	-1.670233	0.227874	-0.669770	0.085110	-0.018869	-0.079269	0.996675	-0.456682	0.887471	0.061937	-0.889430	-0.453995	-0.052947
43847	9.764576	1.265470	-0.832311	-0.011612	-0.665189	0.080162	-0.025199	-0.081535	0.996352	-0.456617	0.887564	0.061084	-0.889307	-0.453412	-0.059596
43848	9.867425	1.057961	0.067410	-0.109606	-0.694710	0.084016	-0.031830	-0.083916	0.995964	-0.455634	0.888124	0.060268	-0.889598	-0.451877	-0.066504
43849	9.750082	0.853513	1.059511	-0.187956	-0.695569	0.085799	-0.038457	-0.086251	0.995531	-0.453984	0.889022	0.059486	-0.890180	-0.449667	-0.073346
43850	9.589343	0.885434	1.168437	-0.154556	-0.650479	0.105604	-0.044797	-0.088212	0.995094	-0.452580	0.889803	0.058504	-0.890598	-0.447739	-0.079783
43851	9.800933	1.250187	1.432604	-0.084718	-0.625703	0.133511	-0.051017	-0.089782	0.994654	-0.451818	0.890275	0.057186	-0.890650	-0.446485	-0.085984
43852	9.748668	1.157587	2.117765	-0.184904	-0.572064	0.120344	-0.056725	-0.091239	0.994212	-0.450121	0.891203	0.056104	-0.891164	-0.444334	-0.091622
43853	9.779975	0.559373	1.704422	-0.160540	-0.534614	0.095310	-0.061959	-0.092717	0.993763	-0.448696	0.891975	0.055245	-0.891534	-0.442475	-0.096868
43854	9.741805	-0.069620	1.175125	-0.018436	-0.492426	0.082107	-0.066786	-0.094143	0.993316	-0.448494	0.892129	0.054398	-0.891287	-0.441863	-0.101804
43855	9.572534	-0.150962	0.779597	0.307022	-0.449228	0.068735	-0.071131	-0.095473	0.992887	-0.451253	0.890801	0.053329	-0.889557	-0.444250	-0.106446
43856	9.401576	0.089012	0.374044	0.527278	-0.397832	0.055077	-0.074983	-0.096740	0.992481	-0.455911	0.888496	0.052160	-0.886861	-0.448572	-0.110727
43857	9.125481	0.129145	-0.097626	0.629497	-0.429267	0.062435	-0.079103	-0.098072	0.992031	-0.461516	0.885679	0.050757	-0.883598	-0.453823	-0.115322
43858	9.080186	0.454508	-0.303946	0.827413	-0.490571	0.081476	-0.083875	-0.099577	0.991488	-0.468757	0.881971	0.048923	-0.879336	-0.460664	-0.120653
43859	8.929368	0.815098	-0.495563	0.895405	-0.558193	0.096682	-0.089260	-0.101267	0.990847	-0.476610	0.877869	0.046786	-0.874572	-0.468071	-0.126623
43860	9.031545	1.218701	-0.468444	0.883889	-0.657541	0.111133	-0.095597	-0.103378	0.990037	-0.484229	0.873810	0.044485	-0.869703	-0.475152	-0.133593
43861	9.023641	1.425554	-0.006809	0.781964	-0.737402	0.118787	-0.102605	-0.105821	0.989077	-0.490975	0.870152	0.042164	-0.865110	-0.481287	-0.141237
43862	9.228830	1.134765	0.058957	0.720412	-0.792721	0.129512	-0.110154	-0.108517	0.987973	-0.497067	0.866800	0.039787	-0.860692	-0.486706	-0.149421
43863	9.542841	1.171774	0.636833	0.749005	-0.830923	0.138205	-0.118007	-0.111343	0.986751	-0.503418	0.863242	0.037202	-0.855947	-0.492358	-0.157921
43864	10.193515	1.468720	0.733973	0.805909	-0.774591	0.161638	-0.125506	-0.113773	0.985547	-0.510110	0.859427	0.034253	-0.850903	-0.498439	-0.165900
43865	10.636141	1.920156	1.481050	0.766871	-0.760054	0.159109	-0.132798	-0.116175	0.984311	-0.516493	0.855719	0.031315	-0.845931	-0.504231	-0.173641
43866	9.905904	2.089495	2.687137	0.686898	-0.655048	0.138333	-0.139113	-0.118299	0.983185	-0.522111	0.852395	0.028687	-0.841456	-0.509341	-0.180344
43867	9.988963	2.922607	2.583901	0.876113	-0.516068	0.134890	-0.144171	-0.119754	0.982280	-0.529355	0.848011	0.025690	-0.836061	-0.516271	-0.185651
43868	10.270305	3.837642	3.260654	0.683520	-0.368899	0.111928	-0.147913	-0.120707	0.981607	-0.534902	0.844594	0.023258	-0.831866	-0.521623	-0.189493
43869	10.405299	3.156392	3.621185	0.182437	-0.174647	0.069272	-0.149750	-0.120991	0.981293	-0.536404	0.843670	0.022165	-0.830570	-0.523050	-0.191240
43870	10.614151	1.968838	3.238630	0.087023	0.040730	0.055779	-0.149780	-0.120295	0.981374	-0.537053	0.843277	0.021400	-0.830145	-0.523844	-0.190911
43871	11.119360	1.902342	2.061908	0.328758	0.245594	0.055331	-0.148048	-0.118491	0.981856	-0.539795	0.841555	0.020167	-0.828675	-0.527016	-0.188551
43872	12.128452	2.320097	1.148103	0.412660	0.351642	0.039242	-0.145419	-0.116289	0.982512	-0.543164	0.839412	0.018959	-0.826938	-0.530908	-0.185230
43873	13.217171	1.963060	0.998566	0.244158	0.463767	0.055621	-0.141890	-0.113304	0.983377	-0.545206	0.838111	0.017900	-0.826207	-0.533603	-0.180694
43874	13.740496	1.388101	1.265168	0.221636	0.634281	0.117096	-0.137360	-0.108919	0.984515	-0.546884	0.837050	0.016303	-0.825863	-0.536176	-0.174543
43875	13.974822	1.733989	1.880295	0.335329	0.820813	0.209458	-0.131730	-0.102698	0.985952	-0.549481	0.835395	0.013601	-0.825056	-0.539970	-0.166477
43876	13.369290	2.044151	2.463504	0.090991	1.011924	0.306663	-0.125132	-0.094651	0.987615	-0.549850	0.835199	0.010377	-0.825837	-0.541741	-0.156554
43877	12.555780	2.119915	3.108285	-0.240455	1.164671	0.376239	-0.117556	-0.085142	0.989410	-0.547526	0.836760	0.006953	-0.828490	-0.540910	-0.144984
43878	12.245266	2.250376	3.819236	-0.527356	1.316615	0.384712	-0.108786	-0.074805	0.991247	-0.542722	0.839904	0.003822	-0.832838	-0.537555	-0.131968
43879	12.298796	2.629653	3.508394	-0.475655	1.505906	0.320892	-0.097937	-0.063965	0.993135	-0.538554	0.842590	0.001160	-0.836880	-0.534743	-0.116969
43880	12.091477	3.700819	2.460532	-0.265329	1.698212	0.191018	-0.084796	-0.053270	0.994973	-0.536168	0.844111	-0.000501	-0.839841	-0.533515	-0.100139
43881	12.138001	4.054351	2.914991	-0.694527	1.848539	0.021951	-0.069326	-0.043196	0.996658	-0.530439	0.847723	-0.000156	-0.844884	-0.528677	-0.081682
43882	12.150643	2.962584	2.593292	-1.249047	1.937033	-0.161814	-0.052105	-0.034414	0.998048	-0.519951	0.854193	0.002308	-0.852606	-0.518816	-0.062401
43883	12.104486	1.655075	2.041723	-1.549412	1.957292	-0.276069	-0.033896	-0.026676	0.999069	-0.506929	0.861968	0.005816	-0.861321	-0.506260	-0.042740
43884	11.973290	0.044031	1.020662	-1.674460	1.926674	-0.344218	-0.015564	-0.020022	0.999678	-0.492534	0.870238	0.009761	-0.870154	-0.492224	-0.023406
43885	11.869619	-1.423149	-0.081332	-1.587922	1.843778	-0.375286	0.002393	-0.014266	0.999895	-0.478824	0.877804	0.013670	-0.877907	-0.478807	-0.004731
43886	11.932540	-2.344443	-2.598835	-1.180121	1.758197	-0.403883	0.019720	-0.009476	0.999761	-0.468407	0.883337	0.017611	-0.883293	-0.468642	0.012981
43887	12.255757	-2.016210	-3.303675	-0.617462	1.725743	-0.463664	0.037158	-0.005440	0.999295	-0.462968	0.886101	0.022039	-0.885596	-0.463460	0.030407
43888	12.945509	-1.231308	-2.486197	-0.309584	1.756691	-0.443965	0.054701	-0.001240	0.998502	-0.460043	0.887507	0.026305	-0.886210	-0.460792	0.047977
43889	13.058968	-0.917071	-2.541230	-0.478070	1.804141	-0.436929	0.072709	0.003253	0.997348	-0.455678	0.889628	0.030318	-0.887170	-0.456674	0.066166
43890	11.797885	-1.740651	-2.644767	-0.737224	1.817546	-0.429659	0.090726	0.007683	0.995846	-0.448803	0.892984	0.033998	-0.889013	-0.450023	0.084465
43891	10.196927	-2.733712	-2.469517	-0.717635	1.775279	-0.398084	0.108297	0.012157	0.994044	-0.442172	0.896158	0.037214	-0.890368	-0.443569	0.102427
43892	9.800878	-3.213639	-2.205542	-0.484937	1.751045	-0.343334	0.125332	0.016824	0.991972	-0.437478	0.898337	0.040038	-0.890452	-0.438984	0.119950
43893	10.119634	-3.604468	-2.270214	-0.213950	1.751587	-0.231253	0.141923	0.022529	0.989621	-0.435424	0.899246	0.041973	-0.888968	-0.436862	0.137433
43894	10.491221	-3.695218	-2.221818	0.092537	1.776186	-0.155052	0.158294	0.028920	0.986968	-0.436040	0.898871	0.043596	-0.885896	-0.437259	0.154896
43895	10.434221	-3.181415	-2.310766	0.433697	1.780303	-0.122937	0.174550	0.035758	0.983999	-0.439837	0.896928	0.045428	-0.880952	-0.440728	0.172287
43896	9.824193	-2.254137	-2.567622	0.790225	1.744302	-0.142437	0.190423	0.042247	0.980793	-0.446541	0.893464	0.048212	-0.874266	-0.447144	0.189001
43897	9.262443	-1.331287	-2.813916	1.099120	1.672593	-0.188269	0.205808	0.048258	0.977402	-0.455903	0.888502	0.052129	-0.865908	-0.456329	0.204861
43898	8.786597	-0.421312	-2.679463	1.260019	1.618889	-0.239379	0.220788	0.053629	0.973846	-0.466275	0.882795	0.057098	-0.856645	-0.466687	0.219916
43899	8.202599	0.448366	-2.615434	1.323865	1.534025	-0.305884	0.235272	0.058306	0.970179	-0.477012	0.876636	0.062992	-0.846821	-0.477608	0.234060
43900	7.805510	1.361699	-2.351065	1.234150	1.417377	-0.352381	0.248839	0.062085	0.966553	-0.486584	0.870878	0.069331	-0.837446	-0.487561	0.246918
43901	7.833590	1.624890	-2.105824	0.873733	1.270438	-0.335713	0.261044	0.065516	0.963101	-0.493149	0.866731	0.074706	-0.829856	-0.494454	0.258564
