// General information: 
//  MT Manager version: 2022.2.0 
//  XDA version: 2022.2.0 build 7381 rev 124627 built on 2023-07-19
// Device information: 
//  DeviceId: 00B4CB9F
//  ProductCode: MTW2-3A7G6
//  Firmware Version: 4.6.0
//  Hardware Version: 2.0.0
// Device settings: 
//  Filter Profile: human(46.1)
//  Option Flags: Orientation Smoother Disabled, Position/Velocity Smoother Disabled, Continuous Zero Rotation Update Disabled, AHS Disabled, ICC Disabled
// Coordinate system: ENU
PacketCounter	Acc_X	Acc_Y	Acc_Z	Gyr_X	Gyr_Y	Gyr_Z	Mat[1][1]	Mat[2][1]	Mat[3][1]	Mat[1][2]	Mat[2][2]	Mat[3][2]	Mat[1][3]	Mat[2][3]	Mat[3][3]
04707	9.727722	1.307823	0.200778	0.034513	-0.021697	-0.001046	-0.099393	0.128952	0.986657	0.425572	-0.890794	0.159294	0.899450	0.435726	0.033660
04708	9.676860	1.529370	0.305189	0.128585	0.000414	0.000881	-0.099229	0.128855	0.986686	0.428618	-0.889340	0.159248	0.898020	0.438714	0.033019
04709	9.618614	1.777456	0.273966	0.125238	0.000172	0.003301	-0.099019	0.128759	0.986720	0.431292	-0.888062	0.159166	0.896762	0.441325	0.032402
04710	9.556506	1.799597	0.431389	0.165707	0.011243	0.008247	-0.099009	0.128395	0.986768	0.435082	-0.886246	0.158971	0.894930	0.445065	0.031884
04711	9.580792	1.878165	0.836491	0.197954	0.039714	0.016284	-0.099598	0.127503	0.986825	0.439857	-0.883952	0.158605	0.892528	0.449858	0.031956
04712	9.593581	1.895402	0.987423	0.190707	0.042280	0.030026	-0.100102	0.126259	0.986934	0.444599	-0.881704	0.157892	0.890119	0.454595	0.032126
04713	9.518616	1.942783	0.901626	0.161140	0.023964	0.037053	-0.100111	0.125100	0.987080	0.448507	-0.879882	0.157002	0.888155	0.458430	0.031978
04714	9.569927	1.994626	0.626020	0.083602	0.007408	0.028299	-0.099838	0.124339	0.987204	0.450577	-0.878954	0.156272	0.887138	0.460413	0.031728
04715	9.631357	1.485095	0.702292	0.065150	-0.007237	0.050380	-0.098960	0.123245	0.987430	0.452353	-0.878274	0.154956	0.886332	0.462001	0.031164
04716	9.617194	1.572852	0.639386	0.078022	-0.059042	0.067535	-0.096691	0.122415	0.987758	0.454160	-0.877645	0.153226	0.885658	0.463416	0.029264
04717	9.603939	1.592858	0.304066	0.006107	-0.091088	0.068764	-0.093710	0.121924	0.988106	0.454436	-0.877817	0.151412	0.885837	0.463219	0.026853
04718	9.690631	1.415619	0.062602	-0.033107	-0.084980	0.070627	-0.090930	0.121313	0.988441	0.453985	-0.878366	0.149567	0.886357	0.462337	0.024796
04719	9.717782	1.354071	0.140842	0.062770	-0.058853	0.062955	-0.088742	0.120548	0.988733	0.455651	-0.877783	0.147917	0.885724	0.463644	0.022968
04720	9.622821	1.682712	0.342947	0.060415	-0.048683	0.075047	-0.086714	0.119411	0.989051	0.457366	-0.877211	0.146007	0.885041	0.465019	0.021452
04721	9.579899	1.569829	0.382871	0.020466	-0.082855	0.090456	-0.083684	0.118344	0.989440	0.458048	-0.877241	0.143665	0.884980	0.465233	0.019204
04722	9.499607	1.581166	0.208837	-0.056136	-0.119411	0.095840	-0.079861	0.117580	0.989847	0.457176	-0.878097	0.141191	0.885783	0.463810	0.016371
04723	9.473412	1.722865	-0.225403	-0.229036	-0.174480	0.105024	-0.074683	0.117228	0.990293	0.452490	-0.880963	0.138410	0.888637	0.458435	0.012749
04724	9.731391	1.662109	-1.004576	-0.491652	-0.273467	0.118243	-0.067132	0.117687	0.990779	0.441675	-0.886918	0.135276	0.894660	0.446684	0.007561
04725	9.909582	-0.127043	-0.937833	-0.695961	-0.318289	0.186663	-0.057835	0.116964	0.991451	0.426506	-0.895025	0.130469	0.902634	0.430405	0.001878
04726	9.496533	-0.549783	-2.061578	-0.452603	-0.579172	0.183999	-0.042638	0.118932	0.991987	0.416557	-0.900357	0.125851	0.908109	0.418585	-0.011152
04727	10.471957	0.260850	-1.078018	0.142169	-0.362565	0.139065	-0.032774	0.119561	0.992286	0.419859	-0.899322	0.122227	0.906998	0.420626	-0.020724
04728	9.505274	1.116959	0.031572	0.645791	-0.071254	0.087595	-0.030161	0.118334	0.992516	0.434547	-0.892668	0.119635	0.900144	0.434903	-0.024498
04729	9.504889	1.745500	1.467224	0.714708	-0.000467	0.042291	-0.029644	0.117355	0.992647	0.450878	-0.884743	0.118063	0.892093	0.451063	-0.026685
04730	9.870051	2.064616	1.975490	0.745340	-0.014816	0.051124	-0.028468	0.116367	0.992798	0.467041	-0.876575	0.116137	0.883777	0.466984	-0.029394
04731	9.833581	2.686213	2.233016	0.399096	0.070181	0.060323	-0.029238	0.114191	0.993029	0.476003	-0.871986	0.114287	0.878957	0.476026	-0.028860
04732	9.333838	0.723183	0.515161	-0.358989	-0.247288	0.077207	-0.022833	0.115388	0.993058	0.468295	-0.876369	0.112596	0.883277	0.467615	-0.034026
04733	9.814790	-0.941064	-1.435597	-0.473675	-0.467292	0.042612	-0.011862	0.119798	0.992727	0.457853	-0.881957	0.111902	0.888949	0.455851	-0.044388
04734	10.362445	-1.014530	-2.581448	-0.235507	-0.514916	0.011340	-0.000198	0.125337	0.992114	0.452593	-0.884674	0.111854	0.891717	0.449046	-0.056551
04735	10.150206	-0.510434	-1.369615	0.528803	-0.136987	-0.056694	0.002288	0.128095	0.991759	0.464400	-0.878465	0.112391	0.885623	0.460316	-0.061497
04736	9.494667	0.990222	0.751439	0.994605	0.085816	-0.178196	-0.001649	0.130915	0.991392	0.486539	-0.866035	0.115170	0.873657	0.482541	-0.062268
04737	9.959913	1.763538	2.646676	1.005154	0.022882	-0.176879	-0.004222	0.134392	0.990919	0.508202	-0.853134	0.117871	0.861228	0.504084	-0.064697
04738	9.538205	3.701834	2.585656	0.650175	-0.171969	-0.166733	-0.002546	0.140061	0.990140	0.522213	-0.844222	0.120763	0.852811	0.517371	-0.070992
04739	9.340448	5.324263	3.470478	0.114142	-0.185318	-0.206931	-0.001077	0.146756	0.989172	0.524458	-0.842135	0.125513	0.851436	0.518914	-0.076060
04740	9.174832	2.389834	3.340179	-0.675410	-0.384070	-0.106473	0.005898	0.153870	0.988073	0.509889	-0.850453	0.129395	0.860220	0.503044	-0.083473
04741	9.189431	0.717826	0.710423	-1.037312	-0.719775	-0.090304	0.020408	0.164586	0.986152	0.487506	-0.862790	0.133909	0.872881	0.478022	-0.097844
04742	10.008770	0.307183	-2.547073	-1.186603	-0.830396	-0.141040	0.037247	0.177181	0.983473	0.461121	-0.876162	0.140384	0.886555	0.448272	-0.114337
04743	10.557797	-0.408871	-4.165224	-0.783867	-0.578953	-0.166287	0.048406	0.187101	0.981147	0.443849	-0.884015	0.146681	0.894793	0.428381	-0.125836
04744	11.088212	0.015459	-2.831144	0.093222	-0.191352	-0.239586	0.050130	0.194366	0.979647	0.446283	-0.881866	0.152129	0.893486	0.429574	-0.130950
04745	11.771141	2.351648	0.871923	1.176767	0.281554	-0.284384	0.041021	0.197346	0.979475	0.472104	-0.867796	0.155072	0.880588	0.456053	-0.128766
04746	10.142936	4.589647	3.183758	1.677054	0.871233	-0.436167	0.016895	0.196229	0.980413	0.508889	-0.845737	0.160504	0.860667	0.496209	-0.114147
04747	8.955887	5.352297	4.498755	1.847266	0.734750	-0.535679	-0.005459	0.197797	0.980228	0.547835	-0.819461	0.168407	0.836569	0.537923	-0.103886
04748	9.467582	5.441083	2.732840	0.878510	0.068774	-0.436115	-0.012798	0.205647	0.978543	0.565928	-0.805309	0.176642	0.824355	0.556046	-0.106075
04749	10.565776	4.378369	0.210642	0.220859	-0.069887	-0.238738	-0.014622	0.211351	0.977301	0.570403	-0.801002	0.181759	0.821235	0.560113	-0.108843
04750	10.852682	3.106468	-1.031916	-0.421488	-0.032773	-0.107017	-0.015336	0.213895	0.976736	0.561698	-0.806304	0.185391	0.827200	0.551474	-0.107778
04751	10.632397	2.994242	-2.889084	-0.901641	0.418466	-0.112620	-0.025487	0.210435	0.977276	0.542881	-0.817967	0.190289	0.839423	0.535394	-0.093394
04752	8.947974	1.827264	-4.091458	-1.369207	0.524099	-0.096498	-0.037755	0.205523	0.977924	0.513804	-0.835359	0.195398	0.857076	0.509839	-0.074060
04753	9.612513	0.382958	-5.494298	-1.399491	0.418433	-0.176520	-0.048889	0.204001	0.977749	0.483380	-0.851811	0.201895	0.874044	0.482495	-0.056966
04754	10.644685	-1.471821	-4.914271	-0.687995	0.864132	-0.331006	-0.071657	0.200713	0.977026	0.467856	-0.858336	0.210643	0.880895	0.472202	-0.032399
04755	10.203182	-1.759562	-3.843841	0.026092	1.210955	-0.481697	-0.103781	0.196585	0.974979	0.467444	-0.855622	0.222276	0.877910	0.478816	-0.003095
04756	8.922771	-1.241369	-2.403714	0.356025	1.391920	-0.592974	-0.141022	0.192253	0.971160	0.473475	-0.848406	0.236706	0.869445	0.493200	0.028617
04757	8.297277	-0.783735	-1.656409	0.443867	1.459256	-0.760197	-0.181459	0.189950	0.964879	0.480063	-0.839204	0.255492	0.858261	0.509564	0.061093
04758	8.152103	0.344820	-0.662284	0.643400	1.571884	-0.881888	-0.225420	0.187836	0.955983	0.489321	-0.826672	0.277810	0.842467	0.530407	0.094436
04759	8.185041	2.230330	-0.398003	0.786542	1.749889	-0.946661	-0.273389	0.183451	0.944248	0.499849	-0.811606	0.302403	0.821833	0.554655	0.130187
04760	7.270671	4.640746	0.674609	0.880652	1.907653	-0.820992	-0.322222	0.172835	0.930753	0.511627	-0.795439	0.324831	0.796499	0.580866	0.167881
04761	6.059149	7.879259	1.899600	1.111379	1.392640	-0.462928	-0.355380	0.161209	0.920715	0.529560	-0.776960	0.340440	0.770241	0.608559	0.190747
04762	5.827486	7.524284	2.870395	0.120417	0.696935	0.052329	-0.367899	0.149534	0.917764	0.532445	-0.775285	0.339758	0.762334	0.613655	0.205608
04763	8.463046	3.496049	7.541969	-0.400966	0.678633	0.627150	-0.372359	0.126936	0.919367	0.530731	-0.783523	0.323135	0.761363	0.608259	0.224383
04764	2.334368	4.161555	4.069221	-2.363935	-0.165794	0.849793	-0.358136	0.112295	0.926892	0.492643	-0.820573	0.289764	0.793121	0.560402	0.238555
04765	3.871834	3.727277	0.469610	-2.005799	-1.108012	0.264230	-0.332449	0.121657	0.935242	0.454408	-0.848291	0.271874	0.826433	0.515365	0.226732
04766	9.799013	3.171449	2.159448	-0.609719	-1.736674	0.024787	-0.295721	0.143070	0.944500	0.441961	-0.856049	0.268049	0.846888	0.496700	0.189920
04767	21.761461	6.268338	7.701597	0.567876	-0.124030	0.094880	-0.291920	0.142573	0.945757	0.454758	-0.849214	0.268386	0.841414	0.508437	0.183066
04768	7.901763	6.205620	3.160815	-0.898671	-0.406987	0.867478	-0.273451	0.129033	0.953192	0.441940	-0.863321	0.243651	0.854350	0.487880	0.179051
04769	7.210856	-1.156932	-0.837571	-2.706674	-1.744383	0.525705	-0.229765	0.137288	0.963514	0.386202	-0.895857	0.219744	0.893340	0.422601	0.152816
04770	9.554404	-1.606056	-7.261270	-1.275514	-2.657706	0.455514	-0.165187	0.153762	0.974203	0.359661	-0.910359	0.204669	0.918345	0.384191	0.095077
04771	15.160140	-0.329567	-4.487263	0.000517	-1.109798	0.533277	-0.134711	0.152160	0.979132	0.361786	-0.912368	0.191560	0.922477	0.380042	0.067857
04772	9.993032	1.658261	-0.181049	0.794989	0.166906	0.740973	-0.131512	0.133628	0.982267	0.382620	-0.907248	0.174650	0.914498	0.398804	0.068186
04773	8.180240	1.932618	2.614608	0.638167	-0.255716	0.624968	-0.119436	0.122031	0.985314	0.399240	-0.902742	0.160199	0.909034	0.412511	0.059100
04774	8.738895	1.828373	1.783945	0.080882	-0.735938	0.382227	-0.098734	0.120940	0.987737	0.402229	-0.903038	0.150776	0.910200	0.412183	0.040515
04775	9.961381	1.520907	-0.037066	-0.493651	-0.720689	0.320308	-0.078962	0.120940	0.989514	0.391771	-0.908983	0.142360	0.916668	0.398903	0.024394
04776	9.599468	0.474763	-0.454074	-0.654439	-0.899653	0.381185	-0.054455	0.120962	0.991162	0.377448	-0.916490	0.132586	0.924428	0.381332	0.004251
04777	10.383798	0.080531	-1.619777	-0.350714	-0.895586	0.468907	-0.029193	0.118551	0.992519	0.369913	-0.921165	0.120908	0.928608	0.370675	-0.016962
04778	10.461457	-0.398215	-1.130858	0.064369	-0.514623	0.399926	-0.013402	0.114047	0.993385	0.371715	-0.921707	0.110833	0.928250	0.370742	-0.030041
04779	10.165963	0.153827	0.345977	0.615414	-0.221238	0.291277	-0.005383	0.109380	0.993985	0.386108	-0.916689	0.102965	0.922438	0.384340	-0.037298
04780	8.931484	1.603885	2.026859	0.350789	-0.054412	0.165935	-0.002371	0.106047	0.994358	0.394278	-0.913710	0.098386	0.918988	0.392286	-0.039646
04781	8.996677	1.713422	1.965193	0.404133	-0.261201	0.147297	0.005225	0.105213	0.994436	0.403612	-0.910072	0.094166	0.914915	0.400874	-0.047221
04782	8.986596	1.713688	1.741089	0.260712	-0.265555	0.108387	0.012528	0.105363	0.994355	0.409613	-0.907707	0.091021	0.912173	0.406161	-0.054530
04783	8.970864	1.178160	0.578554	-0.177329	-0.509913	0.091796	0.025235	0.108354	0.993792	0.405591	-0.909722	0.088889	0.913706	0.400830	-0.066904
04784	9.388976	0.006633	-1.396680	-0.471460	-0.790914	0.139500	0.044868	0.112901	0.992593	0.394742	-0.914739	0.086202	0.917696	0.387950	-0.085609
04785	10.021722	-0.867599	-2.870435	-0.538698	-0.964713	0.147731	0.068616	0.118613	0.990567	0.382208	-0.920276	0.083721	0.921525	0.372858	-0.108480
04786	10.753593	-0.301472	-2.870595	-0.291888	-0.890794	0.198198	0.091161	0.122165	0.988314	0.375140	-0.923548	0.079557	0.922475	0.363503	-0.130021
04787	11.106081	-0.419410	-2.144319	0.334793	-0.633419	0.128055	0.107083	0.124934	0.986369	0.382575	-0.920867	0.075104	0.917698	0.369318	-0.146406
04788	11.652622	0.689517	-0.118461	0.366086	-0.125998	0.020931	0.110310	0.125546	0.985936	0.390945	-0.917507	0.073092	0.913780	0.377384	-0.150291
04789	10.886267	1.199290	-0.127112	-0.027280	0.291774	-0.080652	0.102992	0.124556	0.986853	0.390576	-0.917507	0.075041	0.914791	0.377712	-0.143144
04790	9.526689	1.434165	1.512772	0.133213	0.198123	-0.097457	0.097644	0.124823	0.987363	0.393904	-0.915934	0.076838	0.913950	0.381424	-0.138604
04791	8.801511	1.550922	3.139610	0.556897	-0.320852	-0.241389	0.102667	0.133350	0.985737	0.407223	-0.909760	0.080659	0.907540	0.393134	-0.147705
04792	10.755136	2.327177	4.587775	0.491034	-0.578201	-0.281613	0.112959	0.145391	0.982905	0.419107	-0.903898	0.085539	0.900883	0.402280	-0.163038
04793	11.088736	5.317440	5.874233	0.173258	-0.027757	-0.207972	0.111516	0.150266	0.982336	0.423601	-0.901387	0.089795	0.898958	0.406105	-0.164172
04794	7.774085	5.813435	4.440393	0.188962	0.226496	-0.390873	0.102377	0.156645	0.982335	0.428903	-0.897965	0.098492	0.897530	0.411243	-0.159117
04795	8.262430	6.302339	3.184260	0.320180	-0.093077	-0.772660	0.096191	0.174803	0.979894	0.438015	-0.891448	0.116028	0.893806	0.418047	-0.162315
04796	10.383212	4.240416	1.220664	-0.611742	-0.137597	-0.971952	0.088865	0.197819	0.976202	0.426585	-0.893204	0.142168	0.900071	0.403799	-0.163761
04797	13.232478	2.152640	-1.810216	-1.444024	-0.396368	-0.541695	0.092377	0.213743	0.972512	0.395109	-0.904374	0.161237	0.913978	0.369354	-0.167995
04798	14.056100	1.016003	-2.985482	-1.803493	0.176570	0.107875	0.089398	0.209653	0.973680	0.353304	-0.920698	0.165806	0.931227	0.329183	-0.156380
04799	10.859572	1.314409	-4.913704	-1.625305	0.472490	0.026639	0.078619	0.205260	0.975545	0.315151	-0.933506	0.171017	0.945780	0.293999	-0.138079
04800	9.995885	0.655042	-5.454955	-1.549811	0.422650	-0.096461	0.067930	0.204501	0.976506	0.278491	-0.943750	0.178268	0.958034	0.259838	-0.121061
04801	12.217073	-1.252105	-5.238935	-0.953596	0.704857	-0.159518	0.050007	0.203766	0.977742	0.255853	-0.948913	0.184673	0.965422	0.240923	-0.099586
04802	10.837878	-1.951479	-4.650001	0.178170	1.418815	-0.096689	0.015234	0.197208	0.980243	0.260279	-0.947342	0.186544	0.965413	0.252295	-0.065760
04803	9.489449	-0.527550	-3.824153	0.787175	1.637951	-0.274623	-0.025937	0.192709	0.980913	0.279225	-0.940792	0.192210	0.959875	0.278880	-0.029407
04804	8.373704	-1.001261	-3.861310	1.142557	1.993002	-0.429327	-0.076531	0.187853	0.979211	0.305978	-0.930280	0.202380	0.948958	0.315105	0.013717
04805	6.613335	-0.024555	-3.146395	1.278292	2.002042	-0.773489	-0.129725	0.188868	0.973396	0.334105	-0.915958	0.222249	0.933566	0.354048	0.055721
04806	6.668794	0.540758	-2.971990	1.001024	1.863044	-0.959523	-0.180971	0.193369	0.964291	0.353588	-0.902129	0.247262	0.917728	0.385709	0.094886
04807	6.078090	0.345763	-3.244642	0.671381	1.659007	-0.836485	-0.226119	0.195577	0.954264	0.364663	-0.891405	0.269104	0.903267	0.408835	0.130243
04808	5.275211	0.555150	-3.504977	0.656692	1.129914	-0.811662	-0.258816	0.201663	0.944641	0.374525	-0.880506	0.290585	0.890362	0.429000	0.152361
04809	6.612602	1.311599	-2.730782	1.235561	0.600159	-0.804272	-0.279665	0.212476	0.936291	0.396439	-0.862630	0.314174	0.874428	0.459046	0.157013
04810	10.350799	4.550200	-0.751383	2.294332	0.966114	-0.805580	-0.308692	0.217750	0.925902	0.439874	-0.830412	0.341945	0.843339	0.512836	0.160559
04811	10.607985	9.473402	3.189182	3.183991	2.432359	-0.642137	-0.365652	0.197136	0.909635	0.499431	-0.783142	0.370482	0.785409	0.589767	0.187901
04812	9.475837	13.471204	12.532117	3.488776	2.310288	-0.369362	-0.413830	0.167800	0.894756	0.561502	-0.726589	0.395960	0.716562	0.666267	0.206464
04813	5.143954	11.500094	10.200210	-0.330752	1.140734	0.114957	-0.432431	0.146720	0.889650	0.556927	-0.732498	0.391508	0.709109	0.664770	0.235043
04814	3.418818	8.799473	6.418133	-1.610441	0.069105	0.027088	-0.433202	0.145085	0.889543	0.528342	-0.758721	0.381047	0.730199	0.635053	0.252025
04815	2.701130	2.632008	-0.602224	-5.097815	-1.624139	0.618524	-0.394348	0.156352	0.905562	0.436654	-0.835189	0.334353	0.808593	0.527269	0.261084
04816	3.211942	-4.237474	-8.002725	-3.849681	-3.263524	0.874942	-0.316673	0.176612	0.931948	0.363384	-0.884965	0.291186	0.876168	0.430866	0.216066
04817	14.442231	-3.335487	-5.406952	1.263726	-3.826615	0.153817	-0.230542	0.214878	0.949041	0.392495	-0.871917	0.292761	0.890392	0.439988	0.116675
04818	25.191342	7.942944	3.043590	2.718246	1.223074	-0.017053	-0.257281	0.200755	0.945253	0.451808	-0.839692	0.301310	0.854211	0.504594	0.125334
04819	6.110504	7.771650	7.766844	1.020765	0.443060	1.183617	-0.252732	0.170268	0.952437	0.481078	-0.831970	0.276387	0.839458	0.528048	0.128353
04820	4.119624	2.021815	-2.684694	-2.948981	-2.312487	0.905301	-0.192479	0.179373	0.964768	0.422591	-0.872164	0.246467	0.885646	0.455142	0.092072
04821	11.536248	-2.615890	-6.314214	-1.033494	-2.578652	0.696192	-0.127389	0.192257	0.973041	0.402339	-0.886679	0.227867	0.906584	0.420520	0.035600
04822	13.788024	-0.207729	-5.217200	0.570122	-0.763261	0.995262	-0.099786	0.178281	0.978907	0.418180	-0.885197	0.203842	0.902867	0.429700	0.013777
04823	9.050678	2.481655	0.522732	0.844233	0.019688	0.774263	-0.091791	0.160948	0.982685	0.439111	-0.879177	0.185012	0.893731	0.448490	0.010027
04824	7.695144	1.840105	1.945011	0.097809	-0.626396	0.612616	-0.070902	0.154457	0.985452	0.442659	-0.880457	0.169849	0.893882	0.448262	-0.005945
04825	9.646940	1.170086	0.888909	-0.320973	-0.830843	0.386562	-0.047903	0.155088	0.986739	0.436152	-0.885472	0.160345	0.898597	0.438049	-0.025226
04826	9.896575	0.987512	0.117426	-0.354249	-0.834336	0.386109	-0.024801	0.155493	0.987526	0.428627	-0.890770	0.151023	0.903141	0.427026	-0.044556
04827	9.880496	0.733683	-0.946381	-0.400636	-0.887699	0.480460	0.000524	0.154048	0.988063	0.419801	-0.896816	0.139599	0.907616	0.414717	-0.065140
04828	10.160988	-1.080213	-2.692482	-0.482592	-0.946962	0.535111	0.027746	0.151599	0.988053	0.408725	-0.903752	0.127187	0.912236	0.400312	-0.087038
04829	11.015131	-1.225335	-2.516565	0.167822	-0.575483	0.427469	0.045383	0.147656	0.987997	0.412238	-0.903647	0.116114	0.909945	0.402021	-0.101879
04830	10.327632	-0.144206	-1.621296	0.429864	-0.057488	0.249003	0.049429	0.142564	0.988551	0.421768	-0.900161	0.108728	0.905356	0.411565	-0.104623
04831	9.611825	0.793036	-0.139005	0.564312	-0.005434	0.228494	0.052145	0.137430	0.989138	0.434272	-0.895049	0.101463	0.899271	0.424264	-0.106354
04832	9.390065	1.746798	0.933995	0.521408	-0.042444	0.168240	0.055095	0.134069	0.989439	0.445790	-0.890000	0.095771	0.893441	0.435805	-0.108801
04833	8.127743	1.979164	1.416250	0.289057	-0.154097	0.103945	0.059843	0.133386	0.989256	0.452142	-0.887161	0.092269	0.889936	0.441762	-0.113400
04834	8.192650	1.558231	1.668176	0.165339	-0.792757	0.098777	0.078711	0.139899	0.987032	0.455698	-0.885655	0.089190	0.886648	0.442768	-0.133462
04835	9.724318	1.089899	0.686512	0.029241	-0.963872	0.161537	0.102026	0.146891	0.983877	0.456029	-0.885899	0.084974	0.884097	0.440007	-0.157371
04836	10.337055	-0.014768	-0.410046	0.055311	-0.961784	0.189292	0.125539	0.153178	0.980192	0.456752	-0.885993	0.079958	0.880692	0.437667	-0.181191
04837	11.194678	0.346803	-2.804340	0.152335	-0.642759	0.212325	0.142227	0.155438	0.977553	0.459418	-0.885140	0.073902	0.876759	0.438595	-0.197302
04838	11.305990	0.559030	-1.920355	0.744363	-0.367051	0.210518	0.152822	0.154815	0.976052	0.474892	-0.877651	0.064853	0.866674	0.453608	-0.207645
04839	10.963102	1.475251	1.021950	0.901781	-0.389407	0.035396	0.161765	0.158470	0.974022	0.494176	-0.867355	0.059043	0.854179	0.471787	-0.218619
04840	11.268487	2.627081	2.907169	1.045826	-0.415413	0.025739	0.171018	0.162844	0.971717	0.516223	-0.854849	0.052406	0.839206	0.492661	-0.230259
04841	11.283180	5.164029	4.299658	0.501986	-0.043355	-0.080733	0.170998	0.165020	0.971354	0.527066	-0.848273	0.051325	0.832443	0.503191	-0.232029
04842	8.624106	6.607075	3.135922	0.053164	0.383198	-0.312780	0.159003	0.166729	0.973098	0.529473	-0.846308	0.058490	0.833293	0.505929	-0.222844
04843	8.525353	6.425684	2.330948	-0.698290	-0.217646	-0.667905	0.154920	0.183545	0.970727	0.517498	-0.852074	0.078521	0.841544	0.490185	-0.226987
04844	9.758611	5.401879	1.574868	-1.845907	-0.331874	-0.917335	0.150623	0.207114	0.966652	0.481695	-0.869256	0.111189	0.863297	0.448884	-0.230696
04845	12.182603	3.471311	-0.097351	-2.128444	-0.057697	-0.890380	0.141722	0.227212	0.963478	0.438406	-0.887052	0.144702	0.887533	0.401887	-0.225326
04846	14.080600	3.082846	-1.651453	-2.116275	0.680328	-0.371724	0.122628	0.228999	0.965672	0.392079	-0.905044	0.164833	0.911721	0.358407	-0.200769
04847	11.146074	2.505469	-4.727236	-2.442521	0.717165	0.070814	0.106769	0.221333	0.969336	0.335502	-0.925750	0.174427	0.935969	0.306591	-0.173099
04848	10.463377	0.278432	-5.603232	-2.017270	0.280724	0.226433	0.101968	0.213972	0.971503	0.287356	-0.941298	0.177159	0.952381	0.261102	-0.157469
04849	13.146995	-3.192789	-5.192950	-1.308088	0.601406	0.119006	0.088446	0.207353	0.974260	0.255829	-0.950012	0.178967	0.962668	0.233415	-0.137072
04850	12.256346	-3.165167	-6.720433	0.105767	1.592342	-0.015248	0.050059	0.198107	0.978901	0.258451	-0.949314	0.178903	0.964726	0.244043	-0.098723
04851	9.488136	-2.082603	-5.282906	0.868061	1.871997	-0.213618	0.003664	0.190934	0.981596	0.279514	-0.942672	0.182319	0.960135	0.273702	-0.056822
04852	8.657800	-1.828748	-5.186476	1.454769	1.847640	-0.312103	-0.042639	0.184504	0.981906	0.314099	-0.930492	0.188483	0.948432	0.316452	-0.018277
04853	7.151331	-1.412010	-4.994338	1.718056	2.051443	-0.611839	-0.095830	0.181019	0.978800	0.353423	-0.913068	0.203465	0.930542	0.365428	0.023523
04854	5.711461	-1.219995	-4.357039	1.682310	2.174268	-0.972556	-0.154724	0.181720	0.971102	0.389076	-0.892298	0.228964	0.908119	0.413258	0.067358
04855	4.727358	-0.247653	-3.651428	1.630904	1.873566	-1.074796	-0.207436	0.184924	0.960611	0.420762	-0.869630	0.258269	0.883136	0.457763	0.102583
04856	4.014511	0.594324	-4.065374	1.255005	1.323928	-0.909898	-0.246004	0.188733	0.950716	0.443022	-0.850513	0.283476	0.862098	0.490924	0.125617
04857	4.305007	1.564550	-4.537423	1.073933	0.443018	-0.907433	-0.265565	0.202207	0.942649	0.460216	-0.832577	0.308248	0.847158	0.515682	0.128044
04858	9.032815	4.454544	-3.694577	1.846739	0.056956	-1.313382	-0.282201	0.228236	0.931811	0.489899	-0.800816	0.344518	0.824840	0.553716	0.114178
04859	14.019587	9.018830	1.505397	3.044224	1.738507	-0.930832	-0.328806	0.220705	0.918246	0.543695	-0.750777	0.375140	0.772193	0.622594	0.126863
04860	13.711174	11.623475	10.057179	4.524053	2.920378	-0.360258	-0.387006	0.178122	0.904709	0.622822	-0.673015	0.398929	0.679940	0.717861	0.149523
04861	6.305020	13.877061	16.474213	1.339435	2.514694	0.275946	-0.423780	0.127422	0.896758	0.647710	-0.649441	0.398368	0.633152	0.749660	0.192688
04862	4.903444	12.463990	9.969955	-0.753665	0.488905	-0.407343	-0.437965	0.125015	0.890257	0.631393	-0.662156	0.403600	0.639945	0.738864	0.211067
04863	2.850819	5.826906	4.243140	-4.860289	0.228622	0.192895	-0.438880	0.117626	0.890813	0.551490	-0.747438	0.370399	0.709396	0.653836	0.263166
04864	1.144411	-2.349758	-7.768001	-5.856017	-2.378122	1.189347	-0.378654	0.129253	0.916469	0.452467	-0.837957	0.305125	0.807400	0.530209	0.258813
04865	3.315297	-7.763591	-11.993819	-2.617271	-4.032775	1.421318	-0.278624	0.148717	0.948816	0.409338	-0.875321	0.257401	0.868799	0.460105	0.183010
04866	15.953123	-7.952918	-5.800433	2.811832	-3.352828	0.433983	-0.201275	0.179905	0.962872	0.472779	-0.843069	0.256349	0.857886	0.506822	0.084633
04867	25.045873	16.531464	-1.846420	6.032973	1.796087	-1.856414	-0.262297	0.191175	0.945861	0.584897	-0.748113	0.313404	0.767526	0.635436	0.084410
04868	8.914326	16.334960	12.793262	3.136330	2.113682	0.866654	-0.287707	0.140142	0.947410	0.648717	-0.699220	0.300430	0.704550	0.701036	0.110258
04869	0.463917	2.317711	2.228898	-4.982114	-1.771488	1.782647	-0.227276	0.135876	0.964304	0.566975	-0.786622	0.244470	0.791761	0.602298	0.101742
04870	7.361429	-4.586759	-6.445708	-1.653929	-3.134001	0.721764	-0.153649	0.166870	0.973934	0.536974	-0.813299	0.224061	0.829488	0.557404	0.035357
04871	14.425485	-1.448777	-4.238517	-0.399888	-1.579619	0.686562	-0.111389	0.174530	0.978331	0.531000	-0.821689	0.207044	0.840019	0.542556	-0.001148
04872	10.079856	0.037418	-5.426119	-0.538323	-0.953090	0.871069	-0.079662	0.169232	0.982352	0.521800	-0.832600	0.185748	0.849340	0.527389	-0.021979
04873	9.290419	-0.876393	-4.031260	-0.636873	-1.251606	0.744672	-0.043181	0.169806	0.984531	0.509436	-0.843968	0.167907	0.859425	0.508806	-0.050062
04874	11.458444	-0.090293	-3.224124	-0.207585	-1.059101	0.434464	-0.014717	0.173938	0.984647	0.505376	-0.848418	0.157427	0.862774	0.499933	-0.075418
04875	9.827888	-0.161349	-2.971680	0.748420	-0.362595	0.333811	-0.002497	0.171456	0.985189	0.521592	-0.840336	0.147569	0.853191	0.514235	-0.087332
04876	9.782931	1.161795	0.947591	1.504589	-0.688990	0.235389	0.015352	0.175640	0.984335	0.553354	-0.821444	0.137945	0.832805	0.542568	-0.109802
04877	10.280212	2.318354	0.580405	0.667305	-0.643813	0.298693	0.033024	0.178326	0.983417	0.567061	-0.813592	0.128489	0.823014	0.553414	-0.127990
04878	9.187798	1.326433	0.120327	-0.186981	-0.546694	0.332465	0.049141	0.179038	0.982614	0.562938	-0.817620	0.120822	0.825037	0.547214	-0.140966
04879	9.345216	0.194774	-1.536266	-0.424673	-0.653567	0.413674	0.068593	0.179354	0.981390	0.553609	-0.825195	0.112115	0.829947	0.535616	-0.155895
04880	10.058184	0.232447	-3.337063	-0.389614	-0.624936	0.440264	0.087795	0.178476	0.980020	0.544704	-0.832307	0.102778	0.834020	0.524797	-0.170289
04881	9.113351	0.729337	-2.561096	0.086790	-0.598554	0.396986	0.105827	0.178019	0.978320	0.545609	-0.832915	0.092541	0.831331	0.523987	-0.185274
04882	9.227021	1.140020	-1.807517	0.292943	-0.759566	0.180202	0.124187	0.184211	0.975010	0.551215	-0.829859	0.086579	0.825069	0.526689	-0.204598
04883	10.973522	0.484864	-0.661919	0.524087	-0.538793	0.078376	0.136492	0.189705	0.972308	0.561769	-0.823244	0.081761	0.815957	0.535053	-0.218936
04884	10.117349	2.367164	2.150126	0.499928	-0.356562	-0.033146	0.143419	0.195151	0.970230	0.572079	-0.816324	0.079630	0.807562	0.543628	-0.228718
04885	10.835364	3.178672	2.140687	0.746533	-0.285509	0.109650	0.150884	0.196810	0.968762	0.586676	-0.806571	0.072486	0.795641	0.557413	-0.237162
04886	10.696400	2.863742	2.146253	0.460816	0.253455	0.174461	0.148584	0.189691	0.970536	0.595189	-0.800918	0.065419	0.789730	0.567932	-0.231906
04887	8.266057	2.647405	2.023839	0.022923	0.508176	0.191107	0.141522	0.178578	0.973695	0.594977	-0.801462	0.060513	0.791185	0.570762	-0.219674
04888	7.918615	2.771512	0.294312	-0.417101	-0.190363	0.220425	0.148683	0.176780	0.972955	0.585924	-0.808336	0.057331	0.796610	0.561554	-0.223765
04889	9.852013	2.168969	-1.234454	-0.550833	-0.420019	0.011680	0.157373	0.182314	0.970564	0.574893	-0.816021	0.060068	0.802952	0.548518	-0.233231
04890	11.208983	-1.004060	-3.797273	-0.559579	-0.617071	-0.092254	0.168607	0.192499	0.966703	0.564030	-0.823150	0.065539	0.808358	0.534199	-0.247364
04891	12.767055	-0.161568	-5.335377	-0.459142	-0.768734	-0.160276	0.182052	0.205885	0.961493	0.555461	-0.828401	0.072214	0.811369	0.520925	-0.265173
04892	13.574978	-0.216240	-2.296913	-0.225013	-0.334244	-0.465035	0.182522	0.219783	0.958322	0.553038	-0.828834	0.084754	0.812918	0.514519	-0.272829
04893	10.340343	1.925809	1.029768	-0.006561	0.643915	-0.260452	0.165937	0.216795	0.962011	0.554054	-0.827501	0.090913	0.815775	0.517920	-0.257429
04894	5.288751	5.957859	0.840673	-0.307999	0.584507	-0.246885	0.150689	0.214290	0.965076	0.548735	-0.830155	0.098651	0.822303	0.514706	-0.242684
04895	6.511128	7.384223	2.878893	-0.464802	-0.587428	-0.697763	0.153393	0.236191	0.959523	0.541839	-0.832128	0.118212	0.826366	0.501774	-0.255620
04896	11.844320	6.635094	2.872766	-1.498770	-0.115337	-0.952142	0.143327	0.257495	0.955591	0.514089	-0.844441	0.150437	0.845677	0.469697	-0.253407
04897	12.983423	5.294791	-1.312742	-2.273570	0.833154	-0.329378	0.121426	0.255155	0.959245	0.466285	-0.867792	0.171804	0.876262	0.426420	-0.224347
04898	11.876334	3.266205	-3.961642	-2.598265	0.623590	0.192290	0.109691	0.244623	0.963394	0.407880	-0.894955	0.180804	0.906423	0.373116	-0.197945
04899	10.480303	-0.605853	-5.136168	-2.524545	0.375683	0.338016	0.104317	0.233649	0.966709	0.349048	-0.918783	0.184399	0.931280	0.318192	-0.177399
04900	13.459298	-4.909788	-5.652585	-1.150466	0.381785	0.358895	0.098451	0.222363	0.969980	0.321280	-0.929623	0.180502	0.941853	0.293864	-0.162963
04901	12.513032	-3.578179	-6.449239	0.866982	1.562442	0.277401	0.064115	0.203805	0.976910	0.341136	-0.924428	0.170467	0.937825	0.322329	-0.128795
04902	9.993615	-2.016094	-4.660326	1.460848	2.072433	-0.198274	0.014122	0.190419	0.981601	0.375415	-0.910890	0.171301	0.926749	0.366089	-0.084350
04903	9.448195	-1.724040	-4.733650	1.605727	2.188331	-0.561937	-0.041564	0.181695	0.982476	0.412125	-0.892659	0.182519	0.910179	0.412489	-0.037778
04904	8.166187	-0.921281	-3.765493	1.608584	2.330768	-0.819785	-0.102676	0.174316	0.979322	0.446849	-0.871511	0.201975	0.888698	0.458347	0.011590
04905	6.578960	-0.683575	-3.133841	1.551569	2.180406	-1.051432	-0.162468	0.170699	0.971836	0.477381	-0.848380	0.228822	0.863546	0.501113	0.056346
04906	5.679041	0.922643	-2.809162	1.585166	1.809120	-1.273594	-0.216406	0.173653	0.960736	0.505052	-0.822240	0.262383	0.835518	0.542002	0.090234
04907	6.203439	1.954598	-2.507744	1.369982	1.405003	-1.257471	-0.261361	0.179441	0.948415	0.525757	-0.797553	0.295784	0.809487	0.575943	0.114107
04908	6.380018	2.383216	-2.397832	1.093914	0.989032	-0.992958	-0.294200	0.184394	0.937787	0.540764	-0.776932	0.322413	0.788048	0.601976	0.128860
04909	6.681965	2.935860	-2.551835	1.109919	0.733958	-0.976423	-0.321690	0.191806	0.927214	0.554898	-0.755285	0.348758	0.767205	0.626702	0.136535
04910	8.042831	4.334112	-1.404909	1.361109	0.722672	-0.904359	-0.347921	0.196996	0.916593	0.573098	-0.729050	0.374226	0.741963	0.655499	0.140754
04911	10.069420	7.107580	1.726255	1.789882	1.124255	-0.536586	-0.375987	0.187607	0.907434	0.600740	-0.696257	0.392858	0.705511	0.692841	0.149081
04912	10.536574	8.433718	5.802354	1.592515	1.460383	-0.282966	-0.405235	0.166522	0.898919	0.625414	-0.666690	0.405440	0.666815	0.726495	0.166021
04913	9.551176	8.616291	10.688406	0.578326	1.847871	0.143723	-0.432982	0.130208	0.891949	0.636464	-0.656541	0.404804	0.638310	0.742967	0.201398
04914	4.670921	8.612520	5.413826	-0.960455	0.830620	0.022032	-0.445832	0.114562	0.887755	0.621391	-0.674250	0.399073	0.644288	0.729563	0.229415
04915	4.687693	6.696312	5.796386	-1.924374	-0.111401	0.260187	-0.439939	0.112050	0.891010	0.592625	-0.709241	0.381801	0.674722	0.696004	0.245619
04916	4.504549	0.644111	0.146513	-3.547835	-0.883500	0.870738	-0.411938	0.110555	0.904480	0.539454	-0.770382	0.339854	0.734368	0.627924	0.257710
04917	4.456183	-4.581176	-4.889289	-2.115981	-2.136155	0.979347	-0.358468	0.123506	0.925336	0.508833	-0.805181	0.304587	0.782681	0.580026	0.225788
04918	9.955680	-3.301221	-5.777892	1.015412	-3.076006	0.361112	-0.292971	0.161258	0.942424	0.531890	-0.791590	0.300797	0.794520	0.589391	0.146141
04919	23.956979	10.411850	3.193907	5.089059	-0.182007	-0.672589	-0.299100	0.176768	0.937706	0.623607	-0.707595	0.332301	0.722256	0.684151	0.101408
04920	9.023715	13.008503	3.440064	0.626483	1.225184	0.580995	-0.311617	0.145348	0.939025	0.639292	-0.699055	0.320354	0.702993	0.700140	0.124918
04921	5.891787	2.499768	3.812602	-2.016655	-1.228688	1.351568	-0.268114	0.141948	0.952872	0.612725	-0.738132	0.282364	0.743426	0.659555	0.110928
04922	6.616140	-1.711344	-7.682239	-2.480934	-2.510124	1.139751	-0.202807	0.159911	0.966073	0.571799	-0.781564	0.249407	0.794931	0.602981	0.067070
04923	12.491554	-1.126803	-5.659036	0.285244	-2.204840	0.896190	-0.145770	0.175539	0.973621	0.581511	-0.780974	0.227869	0.800372	0.599388	0.011764
04924	13.142770	0.730067	-1.957135	0.289461	-0.376286	0.820313	-0.126089	0.165183	0.978170	0.590198	-0.780053	0.207806	0.797350	0.603516	0.000865
04925	8.227279	1.959559	1.119237	0.208300	-0.139230	0.709292	-0.112638	0.153455	0.981715	0.596574	-0.779665	0.190321	0.794614	0.607103	-0.003727
04926	8.577664	1.316849	0.818982	-0.673652	-0.736299	0.527563	-0.089957	0.154113	0.983950	0.584538	-0.791725	0.177446	0.806364	0.591118	-0.018863
04927	10.029753	1.180084	-1.067842	-0.779794	-0.772152	0.501492	-0.066876	0.155323	0.985598	0.569779	-0.804957	0.165516	0.819072	0.572642	-0.034668
04928	9.855027	-0.489684	-1.494894	-0.051812	-0.756449	0.477694	-0.044409	0.156472	0.986684	0.569484	-0.807507	0.153689	0.820802	0.568726	-0.053248
04929	9.765422	0.390438	-0.433892	-0.180505	-0.774816	0.428999	-0.022225	0.158723	0.987073	0.566224	-0.811704	0.143272	0.823951	0.562089	-0.071833
04930	9.786660	0.212511	-0.761159	0.063251	-0.598955	0.391694	-0.004175	0.159158	0.987244	0.567742	-0.812332	0.133361	0.823196	0.561057	-0.086969
04931	9.238791	1.024139	0.080753	0.124573	-0.643759	0.253306	0.012829	0.163020	0.986539	0.570355	-0.811570	0.126690	0.821298	0.561052	-0.103391
04932	9.417891	1.324149	-0.479300	-0.058814	-0.886956	0.248613	0.034751	0.170329	0.984774	0.569071	-0.813395	0.120605	0.821553	0.556216	-0.125196
04933	9.605016	1.190354	-1.268052	-0.107981	-0.861545	0.346060	0.057530	0.175166	0.982857	0.566522	-0.816354	0.112331	0.822036	0.550348	-0.146200
04934	9.529329	0.755363	-1.837935	-0.100332	-0.853312	0.353312	0.080223	0.179589	0.980465	0.563918	-0.819266	0.103922	0.821925	0.544565	-0.166998
04935	9.662729	0.312824	-1.621075	0.087749	-0.832367	0.328328	0.102093	0.184143	0.977583	0.565033	-0.819538	0.095364	0.818727	0.542631	-0.187716
04936	9.628220	0.786965	-1.371659	0.104320	-0.769201	0.218351	0.121058	0.190055	0.974281	0.566612	-0.819122	0.089385	0.815044	0.541219	-0.206849
04937	9.649028	1.428474	-0.749167	0.224703	-0.840753	0.275868	0.142213	0.195756	0.970286	0.570318	-0.817389	0.081319	0.809020	0.541807	-0.227887
04938	9.820750	0.997386	-0.113338	0.236849	-0.822679	0.287160	0.163055	0.201007	0.965924	0.574041	-0.815582	0.072819	0.802427	0.542607	-0.248371
04939	10.002316	1.813515	0.125887	0.269866	-0.882144	0.286939	0.184958	0.207097	0.960677	0.578219	-0.813366	0.064017	0.794640	0.543642	-0.270187
04940	10.922233	2.191548	-1.468195	0.452883	-0.775424	0.277773	0.204457	0.212006	0.955641	0.585838	-0.808624	0.054052	0.784214	0.548799	-0.289530
04941	11.453250	2.532957	0.151943	0.544549	-0.272959	0.062202	0.210843	0.214486	0.953699	0.596158	-0.801404	0.048437	0.774687	0.558343	-0.296838
04942	10.780439	2.363438	1.916042	0.419553	0.389295	-0.192285	0.200575	0.212789	0.956290	0.605279	-0.794452	0.049824	0.770329	0.568829	-0.288144
04943	9.498127	3.316881	3.358145	0.294402	0.641113	-0.311880	0.183622	0.209717	0.960366	0.612465	-0.788575	0.055099	0.768876	0.578072	-0.273243
04944	8.540821	4.427030	2.589760	0.200598	0.437605	-0.248841	0.171507	0.208193	0.962934	0.617440	-0.784356	0.059612	0.767694	0.584329	-0.263069
04945	9.622050	6.101718	-1.424704	-0.882324	0.041186	-0.470704	0.163634	0.216832	0.962397	0.602347	-0.794551	0.076600	0.781283	0.567162	-0.260624
04946	10.388271	5.032320	-2.017487	-1.984188	-0.430537	-0.612395	0.163337	0.235011	0.958171	0.565453	-0.818162	0.104279	0.808445	0.524768	-0.266524
04947	12.186868	1.551876	-3.399958	-2.519635	-0.731445	-0.596438	0.170419	0.256456	0.951413	0.516081	-0.845749	0.135533	0.839415	0.467909	-0.276484
04948	12.475585	-1.124341	-3.658897	-2.030301	-0.123693	-0.264821	0.169850	0.263453	0.949602	0.474026	-0.866644	0.155651	0.863973	0.423699	-0.272083
04949	12.961987	-1.084746	-3.364138	-1.124916	0.307179	0.047822	0.163793	0.259174	0.951841	0.449372	-0.878554	0.161891	0.878201	0.401214	-0.260366
04950	11.446667	-0.001507	-4.553553	-0.633655	0.921782	0.186456	0.145581	0.245825	0.958319	0.434683	-0.886030	0.161248	0.888739	0.393090	-0.235845
04951	8.985298	0.736056	-4.775994	-0.500919	1.153463	0.081846	0.120789	0.232644	0.965032	0.423248	-0.891427	0.161923	0.897926	0.388889	-0.206141
04952	10.042164	-0.812556	-4.991491	-0.097894	0.630817	0.128180	0.108057	0.223555	0.968683	0.420711	-0.893119	0.159186	0.900736	0.390335	-0.190560
04953	11.219656	-2.323884	-5.175827	0.621573	1.380710	-0.046612	0.076632	0.210663	0.974550	0.434819	-0.886643	0.157470	0.897252	0.411685	-0.159546
04954	9.090379	-0.775710	-4.334854	1.805232	1.607461	-0.340703	0.037177	0.200530	0.978982	0.475415	-0.865242	0.159178	0.878976	0.459505	-0.127502
04955	9.968575	1.072285	-3.854588	1.652085	1.640784	-0.506349	-0.004598	0.191525	0.981477	0.511547	-0.842895	0.166878	0.859243	0.502839	-0.094098
04956	8.513574	1.206805	-3.827904	1.507298	1.812802	-0.748089	-0.052794	0.183315	0.981636	0.543028	-0.819692	0.182278	0.838053	0.542679	-0.056270
04957	7.468743	2.123961	-3.245521	1.197826	1.826725	-1.122192	-0.106026	0.180429	0.977857	0.565643	-0.797846	0.208545	0.817806	0.575229	-0.017466
04958	6.977044	2.048761	-3.022138	0.949784	1.808922	-1.303264	-0.161104	0.179446	0.970487	0.580541	-0.777988	0.240224	0.798134	0.602108	0.021162
04959	6.739218	2.972656	-2.892486	0.842076	1.556731	-1.267686	-0.210215	0.179901	0.960961	0.591333	-0.759346	0.271513	0.778547	0.625324	0.053245
04960	6.502667	3.609542	-2.660825	0.517310	1.095355	-1.075397	-0.247147	0.182804	0.951578	0.595260	-0.746247	0.297961	0.764581	0.640077	0.075617
04961	7.024792	2.827944	-2.192218	0.250133	0.687617	-0.903276	-0.273501	0.188488	0.943223	0.594254	-0.737970	0.319784	0.756346	0.647975	0.089826
04962	8.320581	2.822367	-1.893743	0.390436	0.727527	-1.021306	-0.302182	0.195305	0.933029	0.594365	-0.726624	0.344598	0.745263	0.658690	0.103490
04963	9.973145	2.950809	0.781649	0.534764	0.833047	-0.665322	-0.327325	0.193433	0.924901	0.599139	-0.714414	0.361449	0.730678	0.672456	0.117952
04964	12.225062	3.320523	5.662687	0.669317	1.781922	-0.194036	-0.362090	0.166470	0.917158	0.609624	-0.702039	0.368102	0.705159	0.692408	0.152717
04965	7.302422	7.289399	6.076005	-0.535481	2.102835	-0.313547	-0.403433	0.135640	0.904900	0.597386	-0.710053	0.372766	0.693089	0.690961	0.205429
04966	6.350431	9.669400	5.184963	-0.734629	0.628677	-0.357777	-0.419494	0.131269	0.898217	0.581057	-0.721385	0.376797	0.697422	0.679980	0.226342
04967	8.153944	6.882920	8.520596	-1.506258	0.248340	-0.001443	-0.423784	0.127152	0.896794	0.554556	-0.746409	0.367888	0.716152	0.653228	0.245804
04968	5.563097	1.128296	4.251412	-2.531054	0.204877	0.446254	-0.421473	0.115353	0.899474	0.513064	-0.787532	0.341407	0.747747	0.605382	0.272740
04969	2.823281	-3.523176	-2.989453	-2.193031	-1.013201	0.793135	-0.392108	0.114114	0.912814	0.479206	-0.821674	0.308567	0.785247	0.558418	0.267501
04970	4.640116	-5.243468	-6.192303	0.351607	-3.053178	0.761099	-0.321888	0.141018	0.936217	0.493114	-0.819165	0.292929	0.808224	0.555952	0.194141
04971	15.200258	-0.336603	-2.460001	2.882523	-2.700402	0.231134	-0.264716	0.175525	0.948217	0.552551	-0.778261	0.298322	0.790324	0.602910	0.109032
04972	18.917995	10.382320	2.644528	2.931481	1.344929	-0.176668	-0.292829	0.157539	0.943097	0.607457	-0.731055	0.310732	0.738409	0.663882	0.118376
04973	8.625549	15.435345	3.815283	1.656818	0.794229	0.154898	-0.304609	0.141252	0.941945	0.638648	-0.703406	0.312009	0.706642	0.696612	0.124054
04974	8.667602	5.695773	7.067942	-1.712734	-0.913952	1.078438	-0.271041	0.137379	0.952714	0.615561	-0.736184	0.281279	0.740015	0.662692	0.114970
04975	6.357575	-2.067783	-4.550901	-2.641719	-2.030895	1.177351	-0.214530	0.147225	0.965558	0.572224	-0.782204	0.246406	0.791540	0.605377	0.083561
04976	11.278339	-0.469871	-3.800707	-0.359532	-1.872510	0.810516	-0.165447	0.159291	0.973270	0.569020	-0.790622	0.226126	0.805509	0.591221	0.040166
