// General information: 
//  MT Manager version: 2022.2.0 
//  XDA version: 2022.2.0 build 7381 rev 124627 built on 2023-07-19
// Device information: 
//  DeviceId: 00B4CAF0
//  ProductCode: MTW2-3A7G6
//  Firmware Version: 4.6.0
//  Hardware Version: 2.0.0
// Device settings: 
//  Filter Profile: human(46.1)
//  Option Flags: Orientation Smoother Disabled, Position/Velocity Smoother Disabled, Continuous Zero Rotation Update Disabled, AHS Disabled, ICC Disabled
// Coordinate system: ENU
PacketCounter	Acc_X	Acc_Y	Acc_Z	Gyr_X	Gyr_Y	Gyr_Z	Mat[1][1]	Mat[2][1]	Mat[3][1]	Mat[1][2]	Mat[2][2]	Mat[3][2]	Mat[1][3]	Mat[2][3]	Mat[3][3]
19851	5.901123	-0.350553	9.332406	-0.099270	0.103971	0.074342	0.473281	0.723232	0.502932	-0.841463	0.540101	0.015172	-0.260662	-0.430379	0.864193
19852	5.952704	-0.591402	8.466604	0.001883	0.226896	0.050390	0.473545	0.724385	0.501020	-0.841632	0.539844	0.014961	-0.259635	-0.428759	0.865306
19853	5.389845	0.198119	9.176074	0.089183	0.244640	0.047036	0.473800	0.725663	0.498926	-0.842064	0.539155	0.015486	-0.257761	-0.427465	0.866506
19854	5.246106	-0.903578	9.052803	-0.120239	0.244813	0.134979	0.473529	0.727254	0.496862	-0.842221	0.538956	0.013803	-0.257748	-0.425004	0.867720
19855	5.284252	-1.678935	8.297956	0.027084	0.216068	0.214066	0.472299	0.729299	0.495032	-0.843282	0.537316	0.012964	-0.256534	-0.423574	0.868778
19856	5.530649	-1.277892	8.714285	0.172225	0.223936	0.370610	0.469791	0.732142	0.493218	-0.845390	0.534001	0.012554	-0.254188	-0.422860	0.869815
19857	5.779243	-2.053591	8.562849	0.112095	0.172921	0.551853	0.465575	0.735783	0.491796	-0.848234	0.529512	0.010798	-0.252466	-0.422185	0.870644
19858	5.833537	-2.552325	8.432996	0.226542	0.180824	0.768141	0.459603	0.740471	0.490374	-0.852251	0.523056	0.008950	-0.249866	-0.422036	0.871466
19859	5.961031	-3.030582	8.571444	0.284477	0.158504	1.047530	0.451060	0.746549	0.489090	-0.857706	0.514101	0.006287	-0.246748	-0.422332	0.872211
19860	6.112378	-3.486220	8.376361	0.369576	0.134456	1.337490	0.439963	0.753826	0.488036	-0.864489	0.502644	0.002945	-0.243089	-0.423197	0.872818
19861	6.178611	-3.691229	8.162172	0.595667	0.139950	1.624665	0.426205	0.762442	0.486858	-0.872936	0.487835	0.000213	-0.237344	-0.425086	0.873481
19862	6.148737	-3.030725	8.193173	0.826827	0.152976	1.888676	0.410255	0.771963	0.485555	-0.882585	0.470149	-0.001755	-0.229638	-0.427824	0.874204
19863	5.994949	-2.588738	8.196417	0.898160	0.130452	2.107883	0.391856	0.782198	0.484370	-0.893045	0.449948	-0.004136	-0.221177	-0.430944	0.874853
19864	5.805826	-1.832389	8.245182	1.027998	0.121965	2.286171	0.371952	0.792562	0.483216	-0.903785	0.427942	-0.006220	-0.211718	-0.434410	0.875479
19865	5.590282	-0.993823	8.330543	1.116866	0.091532	2.390069	0.350431	0.802883	0.482263	-0.914707	0.404038	-0.007991	-0.201269	-0.438329	0.875990
19866	5.684421	-0.089694	8.508156	1.162625	0.070962	2.426259	0.328540	0.812561	0.481462	-0.925067	0.379684	-0.009543	-0.190557	-0.442250	0.876415
19867	5.238075	0.845931	8.376805	1.200124	0.093514	2.399241	0.306424	0.821767	0.480419	-0.934888	0.354786	-0.010574	-0.179135	-0.445898	0.876975
19868	4.709503	1.467729	8.497184	1.118203	0.040013	2.283701	0.285348	0.829661	0.479833	-0.943441	0.331329	-0.011842	-0.168807	-0.449315	0.877280
19869	4.432745	2.238824	8.620762	1.107694	0.012449	2.099985	0.265501	0.836420	0.479489	-0.951023	0.308878	-0.012210	-0.158316	-0.452764	0.877463
19870	3.733488	3.041853	8.539665	1.089154	-0.017587	1.844098	0.248469	0.841690	0.479397	-0.957212	0.289156	-0.011560	-0.148350	-0.456012	0.877522
19871	2.582593	3.807224	8.405200	1.023748	-0.110355	1.529643	0.233656	0.845455	0.480219	-0.962357	0.271605	-0.009932	-0.138827	-0.459822	0.877092
19872	2.803108	5.059233	9.395883	0.958991	-0.296027	1.075497	0.223450	0.846808	0.482687	-0.965925	0.258736	-0.006761	-0.130614	-0.464729	0.875767
19873	3.638560	7.083939	9.606331	0.963476	-0.267369	0.480815	0.218491	0.846764	0.485028	-0.968192	0.250207	-0.000670	-0.121924	-0.469454	0.874498
19874	3.177207	8.980380	9.737715	0.669217	-0.248983	-0.155968	0.220139	0.845098	0.487185	-0.968513	0.248892	0.005889	-0.116280	-0.473142	0.873279
19875	4.641222	4.088492	10.941728	-1.093016	-0.531377	-0.099098	0.220478	0.842311	0.491835	-0.966948	0.254953	-0.003170	-0.128065	-0.474880	0.870682
19876	5.542923	-4.459397	10.923878	-2.791596	-0.777601	0.078173	0.218824	0.838763	0.498591	-0.963068	0.267812	-0.027857	-0.156894	-0.474081	0.866390
19877	7.720644	-6.058052	3.920171	0.205405	-0.262893	-0.394008	0.222235	0.836434	0.500988	-0.962508	0.270180	-0.024122	-0.155533	-0.476844	0.865118
19878	3.646098	0.809989	11.530527	2.367507	0.300302	-0.675498	0.229371	0.835987	0.498512	-0.964322	0.264730	-0.000248	-0.132179	-0.480670	0.866883
19879	3.792089	2.686508	11.196605	-0.440429	-0.258945	-0.880944	0.237535	0.832348	0.500773	-0.961661	0.274242	0.000325	-0.137063	-0.481651	0.865578
19880	3.254799	-3.660671	10.721214	-2.530665	-0.603721	-0.812294	0.244516	0.827085	0.506105	-0.955869	0.293274	-0.017461	-0.162870	-0.479500	0.862295
19881	4.771956	-5.659291	5.378299	-0.415138	-0.483480	-1.174269	0.254948	0.821227	0.510478	-0.952235	0.304992	-0.015080	-0.168076	-0.482250	0.859759
19882	4.692115	0.310588	10.168084	1.782309	-0.101616	-1.529740	0.269421	0.815985	0.511449	-0.951038	0.308968	0.008048	-0.151455	-0.488576	0.859276
19883	4.340973	4.007416	11.554548	-0.033185	-0.316911	-1.645482	0.284579	0.809216	0.513988	-0.946415	0.322546	0.016188	-0.152686	-0.491053	0.857645
19884	4.742390	-0.164960	10.330241	-2.473725	-0.631988	-1.628762	0.298934	0.800617	0.519280	-0.937545	0.347847	0.003413	-0.177897	-0.487868	0.854598
19885	5.049530	-3.457162	6.705055	-1.829453	-0.579564	-1.864469	0.315271	0.791065	0.524233	-0.928375	0.371637	-0.002478	-0.196785	-0.485904	0.851571
19886	5.299776	-1.183446	8.183448	-0.045425	-0.282854	-2.104110	0.334218	0.781646	0.526619	-0.921423	0.388474	0.008179	-0.198185	-0.487973	0.850062
19887	5.019066	1.571252	10.161062	-0.469838	-0.362591	-2.198088	0.353677	0.771099	0.529452	-0.912900	0.407878	0.015785	-0.203780	-0.488920	0.848193
19888	5.347552	0.453266	9.172645	-1.745239	-0.532859	-2.231720	0.372832	0.759064	0.533683	-0.901048	0.433528	0.012861	-0.221604	-0.485670	0.845587
19889	5.364390	-1.398083	7.800073	-1.633826	-0.517194	-2.324624	0.392468	0.746161	0.537785	-0.888375	0.458975	0.011510	-0.238241	-0.482271	0.843004
19890	5.955277	-0.169250	8.178961	-1.037452	-0.463227	-2.428313	0.412808	0.732455	0.541386	-0.876031	0.481993	0.015875	-0.249316	-0.480824	0.840624
19891	6.255490	1.212699	8.542265	-1.255039	-0.473436	-2.447166	0.432894	0.718071	0.544955	-0.862449	0.505801	0.018622	-0.262267	-0.478058	0.838258
19892	6.604923	0.690388	7.999583	-1.568362	-0.464436	-2.388577	0.452096	0.703435	0.548441	-0.847606	0.530303	0.018535	-0.277802	-0.473241	0.835984
19893	6.440037	0.581711	7.855245	-1.408976	-0.395484	-2.302487	0.470341	0.689073	0.551324	-0.832949	0.553009	0.019421	-0.291504	-0.468359	0.834065
19894	6.361844	1.538600	8.228045	-1.310074	-0.331686	-2.182812	0.487419	0.675160	0.553698	-0.818546	0.574073	0.020560	-0.303982	-0.463248	0.832464
19895	6.306995	1.195020	8.002466	-1.403279	-0.310196	-2.018732	0.502857	0.661912	0.555884	-0.804166	0.594066	0.020078	-0.316942	-0.457120	0.831017
19896	6.436039	1.184024	7.718030	-1.183938	-0.215476	-1.826818	0.516780	0.649843	0.557353	-0.790977	0.611505	0.020415	-0.327557	-0.451404	0.830025
19897	6.467377	1.604307	7.945567	-1.042887	-0.159650	-1.631425	0.529076	0.638995	0.558358	-0.778953	0.626735	0.020854	-0.336617	-0.445968	0.829338
19898	6.535262	1.343216	7.756190	-0.926085	-0.087049	-1.400298	0.539667	0.629650	0.558839	-0.768246	0.639810	0.021010	-0.344322	-0.440664	0.829010
19899	6.633395	1.581262	7.714542	-0.717246	-0.006641	-1.160634	0.548528	0.622103	0.558664	-0.759411	0.650254	0.021539	-0.349874	-0.436070	0.829115
19900	6.600524	1.555474	7.764428	-0.565223	0.077343	-0.903326	0.555687	0.616420	0.557888	-0.752354	0.658395	0.021915	-0.353801	-0.431907	0.829627
19901	6.493664	1.476847	7.845133	-0.391499	0.148914	-0.644214	0.561064	0.612769	0.556526	-0.747336	0.664074	0.022245	-0.355943	-0.428393	0.830532
19902	6.370647	1.483071	7.933985	-0.217711	0.214378	-0.389112	0.564800	0.610976	0.554715	-0.744277	0.667488	0.022623	-0.356443	-0.425639	0.831733
19903	6.259656	1.496612	7.994613	-0.061704	0.279907	-0.141711	0.566868	0.611186	0.552370	-0.743224	0.668651	0.022884	-0.355356	-0.423507	0.833285
19904	5.968697	1.677263	8.443453	0.067498	0.336279	0.052456	0.567747	0.612829	0.549639	-0.743659	0.668157	0.023187	-0.353035	-0.421909	0.835080
19905	5.724347	1.159579	8.728718	-0.098186	0.347476	0.118899	0.568105	0.615053	0.546778	-0.743957	0.667875	0.021705	-0.351830	-0.419110	0.836996
19906	5.752995	-0.000330	8.289923	-0.143021	0.359435	0.141456	0.568398	0.617360	0.543866	-0.744150	0.667720	0.019766	-0.350947	-0.415953	0.838939
19907	5.593066	0.104557	8.701815	-0.003953	0.374090	0.122048	0.568816	0.619694	0.540765	-0.744799	0.667017	0.019061	-0.348887	-0.413604	0.840958
19908	5.373841	-0.291934	8.742849	-0.086993	0.351539	0.107174	0.569324	0.621722	0.537896	-0.745003	0.666824	0.017790	-0.347621	-0.410862	0.842824
19909	5.299577	-0.326356	8.729207	-0.019047	0.331929	0.073811	0.569943	0.623543	0.535126	-0.745326	0.666478	0.017223	-0.345910	-0.408659	0.844597
19910	5.345265	-0.196463	8.876073	-0.018334	0.281524	0.048619	0.570632	0.624888	0.532818	-0.745443	0.666357	0.016845	-0.344521	-0.406798	0.846062
19911	5.231210	0.015742	8.827799	-0.006779	0.263560	0.030736	0.571327	0.626130	0.530609	-0.745563	0.666228	0.016613	-0.343104	-0.405095	0.847454
19912	5.254612	-0.019175	8.767911	-0.009227	0.219025	0.014436	0.572047	0.626999	0.528804	-0.745521	0.666278	0.016485	-0.341995	-0.403665	0.848584
19913	5.220387	0.166493	8.823532	0.007003	0.189677	0.002427	0.572695	0.627748	0.527212	-0.745527	0.666270	0.016521	-0.340895	-0.402512	0.849573
19914	5.176105	0.148784	8.830680	0.004216	0.149598	-0.001317	0.573290	0.628221	0.526001	-0.745441	0.666365	0.016594	-0.340084	-0.401616	0.850322
19915	5.230140	0.206516	8.852630	0.023336	0.115048	0.003475	0.573673	0.628674	0.525041	-0.745508	0.666286	0.016764	-0.339288	-0.401039	0.850912
19916	5.308699	0.296709	8.855957	0.024518	0.092881	0.004024	0.574031	0.628961	0.524306	-0.745526	0.666261	0.016981	-0.338644	-0.400631	0.851361
19917	5.309872	0.260379	8.767482	0.016077	0.076855	0.010686	0.574230	0.629308	0.523671	-0.745610	0.666165	0.017050	-0.338121	-0.400245	0.851750
19918	5.341180	0.203496	8.746988	0.023855	0.064696	0.010063	0.574448	0.629515	0.523184	-0.745655	0.666109	0.017230	-0.337651	-0.400012	0.852046
19919	5.344017	0.196385	8.709460	0.025720	0.052207	0.008801	0.574577	0.629750	0.522758	-0.745761	0.665987	0.017392	-0.337198	-0.399846	0.852303
19920	5.346892	0.184848	8.731087	0.027851	0.047412	0.004756	0.574773	0.629862	0.522408	-0.745795	0.665942	0.017632	-0.336788	-0.399744	0.852513
19921	5.358368	0.164732	8.711735	0.027828	0.037177	0.004351	0.574884	0.630008	0.522110	-0.745882	0.665839	0.017835	-0.336405	-0.399686	0.852692
19922	5.207394	0.067061	8.823573	0.029511	0.028422	-0.005642	0.575095	0.629970	0.521923	-0.745857	0.665859	0.018140	-0.336099	-0.399712	0.852800
19923	5.464972	0.195137	8.657683	0.057712	0.007961	-0.020646	0.575294	0.629832	0.521870	-0.745901	0.665794	0.018729	-0.335662	-0.400037	0.852820
19924	5.388990	0.316702	8.706127	0.041752	0.011792	-0.016160	0.575527	0.629655	0.521827	-0.745856	0.665831	0.019196	-0.335362	-0.400256	0.852835
19925	5.401800	0.327974	8.737559	0.044965	0.020043	-0.010157	0.575689	0.629635	0.521672	-0.745916	0.665751	0.019621	-0.334950	-0.400420	0.852920
19926	5.437288	0.375247	8.692278	0.038654	0.017722	-0.011732	0.575910	0.629510	0.521579	-0.745885	0.665774	0.020037	-0.334640	-0.400578	0.852967
19927	5.406232	0.360488	8.691428	0.030258	0.022174	-0.004243	0.576034	0.629538	0.521408	-0.745929	0.665715	0.020306	-0.334325	-0.400631	0.853066
19928	5.426248	0.360952	8.682874	0.024572	0.028942	-0.001735	0.576209	0.629551	0.521200	-0.745926	0.665712	0.020547	-0.334034	-0.400616	0.853187
19929	5.401593	0.331344	8.701638	0.018351	0.029182	-0.004242	0.576357	0.629607	0.520969	-0.745930	0.665702	0.020715	-0.333768	-0.400546	0.853324
19930	5.347406	0.350719	8.703694	0.022247	0.028620	0.004151	0.576490	0.629646	0.520773	-0.745945	0.665680	0.020906	-0.333505	-0.400520	0.853439
19931	5.367432	0.316153	8.702724	0.008387	0.025671	-0.000414	0.576598	0.629713	0.520572	-0.745938	0.665685	0.020969	-0.333333	-0.400405	0.853560
19932	5.379528	0.324013	8.734700	0.015157	0.022313	0.000754	0.576741	0.629689	0.520444	-0.745900	0.665723	0.021121	-0.333172	-0.400380	0.853635
19933	5.377955	0.291384	8.743160	0.011358	0.016588	0.002057	0.576800	0.629737	0.520321	-0.745917	0.665701	0.021196	-0.333030	-0.400342	0.853708
19934	5.347188	0.307794	8.734673	0.010967	0.014597	0.001143	0.576903	0.629711	0.520238	-0.745887	0.665732	0.021308	-0.332921	-0.400331	0.853755
19935	5.361089	0.319848	8.706498	0.007646	0.013427	0.002421	0.576948	0.629748	0.520143	-0.745894	0.665723	0.021350	-0.332826	-0.400289	0.853813
19936	5.381362	0.347447	8.749410	0.004188	0.007717	-0.000395	0.577050	0.629653	0.520144	-0.745813	0.665811	0.021420	-0.332830	-0.400290	0.853810
19937	5.381911	0.284962	8.705098	0.008420	0.007172	0.003883	0.577065	0.629675	0.520102	-0.745831	0.665789	0.021461	-0.332765	-0.400292	0.853835
19938	5.366154	0.307177	8.726847	-0.004775	0.005056	0.008058	0.577091	0.629646	0.520108	-0.745777	0.665852	0.021399	-0.332841	-0.400234	0.853832
19939	5.402720	0.349652	8.681156	0.002342	0.011951	0.005472	0.577109	0.629697	0.520026	-0.745784	0.665845	0.021380	-0.332794	-0.400165	0.853883
19940	5.393857	0.324265	8.729708	-0.007619	0.008441	0.009307	0.577137	0.629688	0.520006	-0.745727	0.665911	0.021290	-0.332872	-0.400070	0.853897
19941	5.377824	0.311887	8.759187	-0.004857	0.012731	0.009356	0.577129	0.629768	0.519918	-0.745733	0.665908	0.021189	-0.332874	-0.399949	0.853953
19942	5.384796	0.301860	8.719405	-0.008091	0.014125	0.009692	0.577187	0.629752	0.519872	-0.745654	0.665999	0.021096	-0.332949	-0.399822	0.853983
19943	5.390673	0.320730	8.731805	-0.011413	0.012956	0.010968	0.577167	0.629844	0.519783	-0.745647	0.666012	0.020931	-0.332998	-0.399655	0.854042
19944	5.367403	0.287864	8.749759	-0.004859	0.012731	0.009353	0.577211	0.629850	0.519728	-0.745598	0.666069	0.020864	-0.333034	-0.399551	0.854077
19945	5.352110	0.346830	8.704759	-0.019699	0.010328	0.011171	0.577181	0.629932	0.519661	-0.745564	0.666114	0.020627	-0.333160	-0.399347	0.854123
19946	5.307003	0.281466	8.739732	-0.015215	0.007232	0.012268	0.577187	0.629924	0.519664	-0.745493	0.666200	0.020462	-0.333311	-0.399216	0.854126
19947	5.394699	0.300668	8.753045	-0.007242	0.000194	0.009851	0.577134	0.629957	0.519683	-0.745493	0.666203	0.020338	-0.333403	-0.399158	0.854117
19948	5.416635	0.364285	8.728569	-0.017591	0.004936	0.013125	0.577116	0.629963	0.519695	-0.745432	0.666277	0.020147	-0.333569	-0.399025	0.854114
19949	5.409095	0.307616	8.724807	-0.025654	0.009411	0.016477	0.577044	0.630077	0.519637	-0.745409	0.666313	0.019832	-0.333745	-0.398786	0.854157
19950	5.401260	0.250733	8.721199	-0.020995	0.011442	0.015695	0.577032	0.630121	0.519598	-0.745347	0.666388	0.019600	-0.333904	-0.398590	0.854186
19951	5.414193	0.321992	8.737888	-0.025826	0.014523	0.018709	0.576960	0.630270	0.519496	-0.745336	0.666410	0.019271	-0.334051	-0.398318	0.854255
19952	5.406800	0.269196	8.675027	-0.030225	0.020186	0.016663	0.576988	0.630327	0.519396	-0.745223	0.666546	0.018950	-0.334256	-0.398000	0.854324
19953	5.411939	0.286044	8.688004	-0.025822	0.024763	0.019061	0.576949	0.630519	0.519207	-0.745214	0.666566	0.018620	-0.334345	-0.397663	0.854446
19954	5.365290	0.253080	8.716336	-0.030399	0.025298	0.018889	0.576968	0.630625	0.519057	-0.745126	0.666673	0.018290	-0.334507	-0.397316	0.854544
19955	5.348139	0.238214	8.746459	-0.026309	0.020209	0.019073	0.576913	0.630798	0.518907	-0.745115	0.666694	0.017955	-0.334626	-0.397004	0.854642
19956	5.375811	0.286976	8.742136	-0.022429	0.018257	0.016471	0.576933	0.630841	0.518832	-0.745029	0.666797	0.017711	-0.334783	-0.396763	0.854693
19957	5.382684	0.274988	8.702510	-0.028525	0.012804	0.017676	0.576864	0.630976	0.518745	-0.745003	0.666836	0.017365	-0.334961	-0.396484	0.854752
19958	5.366211	0.293884	8.724845	-0.027747	0.016784	0.019497	0.576853	0.631047	0.518672	-0.744923	0.666932	0.017055	-0.335157	-0.396209	0.854803
19959	5.357949	0.236208	8.721324	-0.032506	0.012193	0.021196	0.576756	0.631202	0.518591	-0.744904	0.666964	0.016656	-0.335368	-0.395907	0.854860
19960	5.334675	0.234674	8.731765	-0.029224	0.011392	0.014895	0.576758	0.631227	0.518559	-0.744797	0.667091	0.016357	-0.335601	-0.395655	0.854885
19961	5.355994	0.229211	8.722711	-0.027588	0.011677	0.017240	0.576688	0.631354	0.518481	-0.744771	0.667128	0.016021	-0.335778	-0.395389	0.854939
19962	5.355406	0.259850	8.715856	-0.024578	0.003181	0.013751	0.576665	0.631360	0.518500	-0.744684	0.667231	0.015758	-0.336010	-0.395206	0.854932
19963	5.348056	0.236718	8.704368	-0.025528	0.004311	0.014162	0.576594	0.631437	0.518485	-0.744647	0.667280	0.015456	-0.336215	-0.395000	0.854947
19964	5.311395	0.195807	8.690810	-0.019356	0.002089	0.011653	0.576586	0.631410	0.518527	-0.744558	0.667383	0.015255	-0.336424	-0.394869	0.854925
19965	5.369060	0.292193	8.739907	-0.021829	-0.002772	0.013434	0.576497	0.631454	0.518572	-0.744529	0.667422	0.014988	-0.336642	-0.394733	0.854902
19966	5.355157	0.181638	8.730833	-0.023170	-0.003631	0.012931	0.576449	0.631438	0.518644	-0.744453	0.667512	0.014744	-0.336892	-0.394605	0.854863
19967	5.310967	0.217164	8.742875	-0.018894	-0.003595	0.011252	0.576373	0.631465	0.518696	-0.744421	0.667553	0.014513	-0.337093	-0.394493	0.854835
19968	5.356221	0.211022	8.723031	-0.012256	-0.011502	0.008350	0.576338	0.631377	0.518843	-0.744347	0.667638	0.014387	-0.337315	-0.394491	0.854749
19969	5.357313	0.175714	8.729632	-0.013988	-0.014349	0.006932	0.576258	0.631332	0.518986	-0.744307	0.667686	0.014221	-0.337542	-0.394480	0.854664
19970	5.387949	0.192501	8.730906	-0.007423	-0.014584	0.005340	0.576239	0.631194	0.519175	-0.744224	0.667781	0.014161	-0.337757	-0.394542	0.854551
19971	5.426657	0.201012	8.691669	-0.003403	-0.012007	0.006843	0.576168	0.631158	0.519298	-0.744218	0.667788	0.014086	-0.337891	-0.394587	0.854477
19972	5.383141	0.204513	8.710535	-0.005692	-0.011736	0.006756	0.576151	0.631048	0.519451	-0.744147	0.667869	0.014022	-0.338077	-0.394626	0.854385
19973	5.413517	0.221735	8.711953	-0.005991	-0.011159	0.004906	0.576097	0.631002	0.519567	-0.744121	0.667899	0.013935	-0.338225	-0.394648	0.854316
19974	5.407308	0.234608	8.692428	-0.002918	-0.007453	0.006824	0.576091	0.630910	0.519684	-0.744063	0.667965	0.013898	-0.338363	-0.394684	0.854245
19975	5.422284	0.274173	8.715509	-0.005001	-0.010326	0.009518	0.576006	0.630898	0.519794	-0.744067	0.667963	0.013795	-0.338499	-0.394708	0.854180
19976	5.437820	0.217226	8.700995	-0.003935	0.001349	0.008554	0.576017	0.630847	0.519843	-0.744015	0.668022	0.013745	-0.338595	-0.394688	0.854151
19977	5.394230	0.191786	8.668244	-0.005575	0.001069	0.006204	0.575995	0.630858	0.519854	-0.743998	0.668043	0.013655	-0.338670	-0.394636	0.854146
19978	5.408332	0.197481	8.699088	-0.004977	-0.000087	0.009900	0.575974	0.630843	0.519896	-0.743975	0.668069	0.013586	-0.338756	-0.394615	0.854121
19979	5.422219	0.236943	8.722862	-0.004696	0.007611	0.007104	0.575967	0.630885	0.519852	-0.743966	0.668081	0.013499	-0.338787	-0.394528	0.854150
19980	5.407497	0.229723	8.692440	0.000180	0.006490	0.009124	0.576003	0.630841	0.519865	-0.743914	0.668139	0.013479	-0.338839	-0.394499	0.854142
19981	5.369332	0.185986	8.738588	-0.006037	0.006753	0.006602	0.575997	0.630877	0.519829	-0.743898	0.668159	0.013383	-0.338885	-0.394408	0.854166
19982	5.399022	0.174779	8.688735	0.005594	0.010526	0.005169	0.576073	0.630828	0.519804	-0.743847	0.668215	0.013431	-0.338868	-0.394392	0.854180
19983	5.353632	0.179191	8.708751	0.002912	0.008810	0.004166	0.576092	0.630856	0.519749	-0.743847	0.668215	0.013424	-0.338835	-0.394348	0.854213
19984	5.403621	0.190507	8.760945	0.009291	0.003440	0.004441	0.576142	0.630782	0.519783	-0.743814	0.668250	0.013511	-0.338823	-0.394406	0.854191
19985	5.359999	0.200135	8.720966	0.004970	0.001444	0.001089	0.576159	0.630760	0.519791	-0.743804	0.668261	0.013537	-0.338817	-0.394422	0.854186
19986	5.389292	0.252571	8.715835	0.012228	0.002616	0.002264	0.576210	0.630690	0.519819	-0.743785	0.668279	0.013658	-0.338770	-0.394504	0.854167
19987	5.397097	0.210860	8.682680	0.007352	0.003738	0.000242	0.576242	0.630671	0.519808	-0.743778	0.668287	0.013710	-0.338734	-0.394521	0.854173
19988	5.410878	0.218085	8.713685	0.008991	0.004019	0.002591	0.576333	0.630538	0.519867	-0.743695	0.668377	0.013809	-0.338760	-0.394581	0.854136
19989	5.374014	0.214221	8.692893	0.006797	0.006857	0.001571	0.576365	0.630541	0.519829	-0.743693	0.668378	0.013849	-0.338710	-0.394575	0.854158
19990	5.409661	0.219473	8.714405	0.012510	0.010314	-0.000537	0.576472	0.630471	0.519794	-0.743647	0.668426	0.013984	-0.338628	-0.394605	0.854177
19991	5.394687	0.180203	8.691316	0.010776	0.007468	-0.001954	0.576532	0.630452	0.519751	-0.743638	0.668434	0.014076	-0.338545	-0.394622	0.854202
19992	5.393775	0.248613	8.677428	0.010450	0.017682	0.002533	0.576639	0.630446	0.519639	-0.743608	0.668466	0.014167	-0.338429	-0.394577	0.854269
19993	5.384398	0.224541	8.725913	0.012414	0.007749	0.000394	0.576683	0.630444	0.519593	-0.743618	0.668453	0.014261	-0.338332	-0.394603	0.854295
19994	5.377353	0.176039	8.662457	0.001554	0.016229	-0.000993	0.576832	0.630356	0.519534	-0.743505	0.668578	0.014312	-0.338328	-0.394531	0.854330
19995	5.366901	0.282370	8.741556	0.023486	0.014640	0.000286	0.576900	0.630380	0.519430	-0.743551	0.668522	0.014501	-0.338109	-0.394588	0.854390
19996	5.396055	0.205129	8.706532	0.004993	0.011684	0.001460	0.577003	0.630301	0.519411	-0.743480	0.668599	0.014578	-0.338089	-0.394583	0.854400
19997	5.364486	0.250484	8.750211	0.010705	0.015141	-0.000651	0.577080	0.630321	0.519302	-0.743478	0.668599	0.014663	-0.337963	-0.394552	0.854465
19998	5.400644	0.226845	8.719808	0.008416	0.015413	-0.000739	0.577196	0.630285	0.519217	-0.743431	0.668649	0.014765	-0.337868	-0.394524	0.854515
19999	5.383983	0.249872	8.742167	0.008156	0.017956	0.002435	0.577259	0.630336	0.519084	-0.743438	0.668640	0.014812	-0.337744	-0.394458	0.854595
20000	5.360121	0.252853	8.752818	0.012433	0.017989	0.000759	0.577378	0.630316	0.518976	-0.743407	0.668672	0.014936	-0.337611	-0.394434	0.854658
20001	5.344350	0.213338	8.730253	0.009493	0.018815	0.002931	0.577440	0.630374	0.518836	-0.743422	0.668655	0.014992	-0.337472	-0.394371	0.854742
20002	5.387617	0.243162	8.704411	0.004729	0.014228	0.004628	0.577509	0.630376	0.518757	-0.743398	0.668681	0.015033	-0.337406	-0.394324	0.854789
20003	5.393134	0.230060	8.724370	0.009195	0.019392	0.001079	0.577587	0.630424	0.518612	-0.743401	0.668676	0.015096	-0.337267	-0.394256	0.854876
20004	5.369228	0.232983	8.735034	0.008804	0.017403	0.000165	0.577711	0.630392	0.518513	-0.743349	0.668732	0.015193	-0.337168	-0.394213	0.854935
20005	5.367610	0.267516	8.728760	0.010923	0.022240	0.002488	0.577789	0.630460	0.518344	-0.743365	0.668711	0.015264	-0.336999	-0.394138	0.855036
20006	5.344555	0.207633	8.694587	0.008540	0.019947	0.003335	0.577921	0.630410	0.518257	-0.743296	0.668786	0.015354	-0.336924	-0.394092	0.855087
20007	5.379193	0.212979	8.716772	0.011836	0.019142	-0.002951	0.578028	0.630429	0.518114	-0.743285	0.668797	0.015461	-0.336766	-0.394043	0.855172
20008	5.392830	0.225360	8.689049	0.010529	0.020251	0.001569	0.578160	0.630402	0.518000	-0.743235	0.668850	0.015567	-0.336650	-0.393996	0.855239
20009	5.375776	0.214742	8.718836	0.009485	0.018817	0.002917	0.578222	0.630460	0.517860	-0.743249	0.668833	0.015624	-0.336512	-0.393933	0.855322
20010	5.374118	0.249449	8.712574	0.013561	0.021990	-0.001546	0.578373	0.630430	0.517728	-0.743204	0.668879	0.015776	-0.336352	-0.393902	0.855400
20011	5.341715	0.261436	8.763810	0.009482	0.018818	0.002913	0.578436	0.630488	0.517588	-0.743218	0.668862	0.015832	-0.336213	-0.393839	0.855483
20012	5.348453	0.253418	8.724243	0.012717	0.017415	0.002590	0.578527	0.630495	0.517477	-0.743214	0.668864	0.015951	-0.336065	-0.393824	0.855548
20013	5.353975	0.274394	8.736916	0.008142	0.017959	0.002409	0.578590	0.630545	0.517345	-0.743220	0.668856	0.015998	-0.335942	-0.393758	0.855627
20014	5.344117	0.250117	8.785604	0.008996	0.014263	0.002938	0.578708	0.630463	0.517313	-0.743147	0.668934	0.016097	-0.335900	-0.393756	0.855645
20015	5.322038	0.257398	8.736343	0.005959	0.012526	0.006048	0.578727	0.630516	0.517228	-0.743168	0.668911	0.016108	-0.335824	-0.393709	0.855696
20016	5.336241	0.201734	8.722855	0.012725	0.009144	0.007256	0.578771	0.630490	0.517211	-0.743168	0.668908	0.016209	-0.335747	-0.393756	0.855705
20017	5.342621	0.256325	8.727730	0.008511	0.009708	0.002966	0.578802	0.630512	0.517149	-0.743179	0.668895	0.016257	-0.335668	-0.393744	0.855741
20018	5.348889	0.243261	8.747224	0.005740	0.005425	0.002907	0.578882	0.630409	0.517185	-0.743107	0.668973	0.016328	-0.335690	-0.393776	0.855718
20019	5.348586	0.277641	8.740114	0.014232	0.004893	0.005525	0.578879	0.630428	0.517165	-0.743152	0.668922	0.016412	-0.335597	-0.393832	0.855728
20020	5.341007	0.257844	8.728673	0.001849	0.007385	0.005486	0.578951	0.630347	0.517183	-0.743074	0.669007	0.016431	-0.335642	-0.393818	0.855717
20021	5.340605	0.291788	8.721634	0.009658	0.005437	0.005345	0.578951	0.630367	0.517159	-0.743103	0.668975	0.016476	-0.335580	-0.393841	0.855731
20022	5.340152	0.258203	8.729186	0.000028	0.001972	0.005018	0.579001	0.630289	0.517198	-0.743031	0.669055	0.016469	-0.335654	-0.393830	0.855707
20023	5.310656	0.239985	8.727147	0.000976	0.000840	0.004609	0.578991	0.630286	0.517213	-0.743025	0.669061	0.016444	-0.335683	-0.393823	0.855699
20024	5.332758	0.237600	8.717657	0.000123	0.004537	0.004077	0.579059	0.630185	0.517260	-0.742940	0.669155	0.016462	-0.335753	-0.393825	0.855670
20025	5.353621	0.264228	8.760372	0.001564	-0.000309	0.008309	0.579018	0.630202	0.517285	-0.742958	0.669136	0.016423	-0.335784	-0.393830	0.855656
20026	5.339772	0.290851	8.722175	-0.003597	0.001386	0.004429	0.579061	0.630117	0.517340	-0.742880	0.669223	0.016400	-0.335882	-0.393819	0.855623
20027	5.361789	0.254417	8.720024	-0.000628	0.002528	0.007277	0.579037	0.630138	0.517341	-0.742885	0.669219	0.016348	-0.335913	-0.393791	0.855623
20028	5.316889	0.224521	8.746724	-0.004641	-0.000048	0.005779	0.579072	0.630046	0.517414	-0.742803	0.669312	0.016310	-0.336035	-0.393781	0.855580
20029	5.413432	0.268908	8.712593	-0.004642	-0.000048	0.005779	0.579050	0.630048	0.517437	-0.742785	0.669333	0.016231	-0.336111	-0.393743	0.855567
20030	5.309907	0.236423	8.727700	-0.008826	0.002488	0.006507	0.579086	0.629978	0.517482	-0.742696	0.669433	0.016149	-0.336246	-0.393684	0.855542
20031	5.294134	0.224058	8.756683	-0.007393	0.005912	0.006065	0.579082	0.630004	0.517454	-0.742671	0.669464	0.016046	-0.336308	-0.393590	0.855561
20032	5.368118	0.270383	8.732353	-0.006636	-0.000350	0.007537	0.579095	0.629952	0.517504	-0.742607	0.669537	0.015968	-0.336429	-0.393549	0.855532
20033	5.375208	0.289527	8.744127	-0.010847	0.000215	0.003248	0.579093	0.629937	0.517524	-0.742554	0.669599	0.015849	-0.336550	-0.393467	0.855522
20034	5.360919	0.214011	8.727997	-0.014835	-0.000389	0.006766	0.579081	0.629929	0.517547	-0.742499	0.669663	0.015703	-0.336690	-0.393372	0.855511
20035	5.360894	0.246164	8.720810	-0.011381	0.005307	0.009582	0.579049	0.629976	0.517525	-0.742481	0.669687	0.015547	-0.336785	-0.393255	0.855527
20036	5.367279	0.230865	8.740279	-0.016904	0.006986	0.009808	0.579101	0.629899	0.517561	-0.742347	0.669839	0.015386	-0.336991	-0.393120	0.855508
20037	5.359635	0.208994	8.728907	-0.011968	0.006459	0.005881	0.579101	0.629926	0.517528	-0.742305	0.669889	0.015244	-0.337084	-0.392992	0.855530
20038	5.359174	0.241142	8.722008	-0.014229	0.008702	0.010806	0.579138	0.629891	0.517529	-0.742206	0.670002	0.015093	-0.337239	-0.392854	0.855532
20039	5.313637	0.210072	8.749059	-0.011650	0.007852	0.012745	0.579092	0.629969	0.517486	-0.742204	0.670008	0.014919	-0.337321	-0.392719	0.855562
20040	5.371891	0.244529	8.753738	-0.011021	0.005328	0.005469	0.579117	0.629937	0.517497	-0.742139	0.670082	0.014833	-0.337422	-0.392645	0.855556
20041	5.342363	0.258875	8.744495	-0.014743	0.002179	0.005816	0.579103	0.629947	0.517501	-0.742087	0.670143	0.014668	-0.337560	-0.392525	0.855557
20042	5.364120	0.220990	8.742473	-0.017273	0.006966	0.013906	0.579057	0.630016	0.517467	-0.742072	0.670164	0.014470	-0.337672	-0.392376	0.855581
20043	5.378931	0.196626	8.721385	-0.014063	0.003592	0.008571	0.579027	0.630050	0.517459	-0.742038	0.670205	0.014296	-0.337797	-0.392252	0.855588
20044	5.378402	0.194774	8.721753	-0.016521	0.008977	0.010706	0.579025	0.630093	0.517409	-0.741990	0.670262	0.014115	-0.337907	-0.392085	0.855622
20045	5.340170	0.217798	8.753220	-0.008054	0.006466	0.008315	0.579007	0.630137	0.517377	-0.741975	0.670281	0.013994	-0.337970	-0.391983	0.855643
20046	5.354718	0.194335	8.732262	-0.006618	0.009890	0.007877	0.579049	0.630122	0.517348	-0.741914	0.670350	0.013921	-0.338032	-0.391889	0.855662
20047	5.354463	0.260851	8.718115	-0.005767	0.006192	0.008406	0.579029	0.630165	0.517318	-0.741908	0.670360	0.013819	-0.338080	-0.391804	0.855682
20048	5.317087	0.187877	8.711860	-0.010245	0.009308	0.007281	0.579083	0.630134	0.517295	-0.741818	0.670461	0.013715	-0.338184	-0.391681	0.855697
20049	5.367117	0.231381	8.757022	-0.007594	0.000780	0.007933	0.579049	0.630152	0.517311	-0.741803	0.670480	0.013600	-0.338277	-0.391617	0.855690
20050	5.345993	0.237508	8.707257	-0.002142	0.006773	0.008999	0.579074	0.630127	0.517313	-0.741760	0.670528	0.013562	-0.338327	-0.391576	0.855689
20051	5.403926	0.204281	8.726532	-0.022927	0.004119	0.010037	0.579035	0.630173	0.517301	-0.741705	0.670594	0.013305	-0.338515	-0.391389	0.855700
20052	5.351755	0.186690	8.734246	-0.007765	0.005889	0.010159	0.579068	0.630135	0.517310	-0.741625	0.670685	0.013202	-0.338633	-0.391295	0.855696
20053	5.396082	0.214980	8.708126	-0.004721	0.007626	0.007057	0.579064	0.630174	0.517268	-0.741614	0.670699	0.013117	-0.338665	-0.391208	0.855723
20054	5.358685	0.175605	8.694685	-0.015381	0.012981	0.008408	0.579152	0.630105	0.517252	-0.741469	0.670862	0.012973	-0.338830	-0.391040	0.855735
20055	5.335282	0.176665	8.704971	-0.001946	0.011904	0.007121	0.579162	0.630161	0.517173	-0.741468	0.670864	0.012910	-0.338817	-0.390944	0.855783
20056	5.334381	0.176078	8.705535	-0.003675	0.009060	0.005708	0.579209	0.630137	0.517151	-0.741415	0.670923	0.012879	-0.338853	-0.390883	0.855797
20057	5.354966	0.236022	8.741420	-0.000148	0.007074	0.007242	0.579201	0.630174	0.517114	-0.741420	0.670918	0.012832	-0.338855	-0.390831	0.855821
20058	5.346918	0.181402	8.737319	-0.009881	0.009334	0.003168	0.579277	0.630118	0.517097	-0.741318	0.671032	0.012761	-0.338948	-0.390726	0.855831
20059	5.346503	0.214499	8.730476	0.002430	0.006220	0.009185	0.579252	0.630166	0.517067	-0.741343	0.671005	0.012726	-0.338936	-0.390696	0.855850
20060	5.345987	0.214106	8.730802	-0.003116	0.005939	0.004389	0.579318	0.630085	0.517092	-0.741256	0.671102	0.012709	-0.339014	-0.390660	0.855836
20061	5.367571	0.177708	8.728787	-0.000829	0.005663	0.004483	0.579326	0.630099	0.517066	-0.741243	0.671117	0.012670	-0.339029	-0.390612	0.855852
20062	5.344907	0.213280	8.731483	-0.002727	0.007928	0.005298	0.579340	0.630143	0.516996	-0.741240	0.671121	0.012625	-0.339011	-0.390532	0.855895
20063	5.351178	0.199347	8.750921	-0.000170	0.005109	0.002227	0.579363	0.630140	0.516974	-0.741216	0.671148	0.012604	-0.339024	-0.390492	0.855908
20064	5.351104	0.233051	8.743864	0.005276	0.002822	0.007961	0.579386	0.630086	0.517013	-0.741187	0.671180	0.012634	-0.339048	-0.390524	0.855884
20065	5.320973	0.181342	8.749160	0.001848	0.007376	0.005487	0.579393	0.630113	0.516973	-0.741188	0.671179	0.012613	-0.339033	-0.390483	0.855909
20066	5.372325	0.196952	8.742066	0.003647	0.002544	0.005610	0.579410	0.630094	0.516977	-0.741174	0.671194	0.012629	-0.339035	-0.390487	0.855906
20067	5.372102	0.196872	8.742205	0.001359	0.002821	0.005515	0.579401	0.630104	0.516976	-0.741175	0.671194	0.012603	-0.339050	-0.390472	0.855907
20068	5.335810	0.226460	8.713795	0.006693	0.004280	0.002511	0.579473	0.630007	0.517012	-0.741112	0.671261	0.012680	-0.339062	-0.390512	0.855884
20069	5.364625	0.210696	8.723512	0.000410	0.003954	0.005922	0.579465	0.630023	0.517002	-0.741112	0.671263	0.012644	-0.339078	-0.390483	0.855891
20070	5.379421	0.188279	8.702383	0.004795	0.006545	0.003325	0.579530	0.629953	0.517014	-0.741060	0.671319	0.012702	-0.339080	-0.390499	0.855883
20071	5.378921	0.188436	8.702689	0.003746	0.005111	0.004671	0.579535	0.629966	0.516993	-0.741063	0.671315	0.012701	-0.339064	-0.390485	0.855895
20072	5.355908	0.190828	8.712681	0.005573	0.010522	0.005142	0.579614	0.629907	0.516976	-0.741006	0.671377	0.012751	-0.339054	-0.390473	0.855905
20073	5.332569	0.193176	8.722868	0.002047	0.012509	0.003605	0.579652	0.629942	0.516892	-0.740997	0.671387	0.012742	-0.339008	-0.390401	0.855956
20074	5.324389	0.173014	8.711711	0.002047	0.012509	0.003605	0.579757	0.629865	0.516867	-0.740908	0.671485	0.012773	-0.339023	-0.390356	0.855971
20075	5.330648	0.193179	8.724042	0.002506	0.006821	0.003228	0.579779	0.629875	0.516831	-0.740899	0.671495	0.012769	-0.339007	-0.390323	0.855992
20076	5.321938	0.235964	8.757588	0.005453	0.005990	0.001069	0.579851	0.629806	0.516835	-0.740848	0.671550	0.012839	-0.338995	-0.390340	0.855989
20077	5.329640	0.193518	8.724651	0.000118	0.004532	0.004072	0.579858	0.629812	0.516819	-0.740835	0.671564	0.012810	-0.339009	-0.390306	0.855999
20078	5.329350	0.193416	8.724830	0.002017	0.002267	0.003259	0.579861	0.629816	0.516810	-0.740844	0.671554	0.012829	-0.338986	-0.390315	0.856004
20079	5.351831	0.225097	8.708073	0.004964	0.001435	0.001100	0.579880	0.629790	0.516821	-0.740831	0.671569	0.012858	-0.338983	-0.390333	0.855997
20080	5.334791	0.209001	8.796240	-0.000860	-0.004577	0.004134	0.579955	0.629611	0.516955	-0.740691	0.671722	0.012853	-0.339158	-0.390358	0.855916
20081	5.343536	0.200382	8.755565	0.006184	-0.002242	-0.002470	0.579989	0.629546	0.516996	-0.740661	0.671755	0.012910	-0.339167	-0.390407	0.855890
20082	5.366450	0.232204	8.738536	0.002765	-0.003998	0.004731	0.580016	0.629430	0.517106	-0.740598	0.671824	0.012943	-0.339257	-0.390475	0.855823
20083	5.336866	0.146811	8.750585	0.002376	-0.005987	0.003823	0.579990	0.629393	0.517181	-0.740592	0.671831	0.012935	-0.339317	-0.390522	0.855778
20084	5.374326	0.252606	8.749868	0.007151	-0.001409	0.002134	0.580026	0.629317	0.517233	-0.740559	0.671866	0.013005	-0.339327	-0.390585	0.855746
20085	5.389457	0.196776	8.735648	0.003814	-0.002565	0.003385	0.580015	0.629291	0.517278	-0.740555	0.671870	0.013012	-0.339355	-0.390620	0.855718
20086	5.367230	0.199220	8.745144	0.003915	0.000001	0.002445	0.580049	0.629228	0.517316	-0.740518	0.671910	0.013053	-0.339376	-0.390653	0.855695
20087	5.344703	0.201815	8.754821	0.006692	0.004279	0.002508	0.580067	0.629222	0.517302	-0.740518	0.671909	0.013089	-0.339344	-0.390664	0.855703
20088	5.359689	0.179820	8.733585	0.006591	0.001713	0.003448	0.580134	0.629112	0.517362	-0.740449	0.671984	0.013155	-0.339383	-0.390711	0.855666
20089	5.359781	0.214038	8.726407	0.007640	0.003146	0.002101	0.580152	0.629099	0.517358	-0.740450	0.671982	0.013201	-0.339350	-0.390736	0.855667
20090	5.344027	0.203313	8.755198	0.006962	0.001734	-0.000655	0.580214	0.629014	0.517390	-0.740405	0.672030	0.013292	-0.339341	-0.390790	0.855646
20091	5.314716	0.219824	8.745745	0.008589	0.002013	0.001694	0.580231	0.628994	0.517396	-0.740407	0.672027	0.013348	-0.339308	-0.390829	0.855642
20092	5.323036	0.211470	8.705324	0.005252	0.000857	0.002946	0.580281	0.628910	0.517442	-0.740355	0.672083	0.013400	-0.339336	-0.390867	0.855613
20093	5.343822	0.204907	8.755286	0.008099	-0.002542	0.001726	0.580282	0.628872	0.517487	-0.740355	0.672081	0.013452	-0.339333	-0.390930	0.855585
20094	5.337147	0.219006	8.736087	0.006201	-0.000276	0.002539	0.580344	0.628755	0.517559	-0.740284	0.672158	0.013519	-0.339381	-0.390986	0.855541
20095	5.345665	0.210620	8.695547	0.007150	-0.001409	0.002132	0.580347	0.628724	0.517594	-0.740284	0.672158	0.013561	-0.339379	-0.391036	0.855519
20096	5.373795	0.224260	8.757162	0.008286	-0.005684	0.004514	0.580363	0.628615	0.517708	-0.740248	0.672195	0.013638	-0.339428	-0.391148	0.855449
20097	5.360217	0.218279	8.726034	0.009436	-0.001686	0.002226	0.580363	0.628584	0.517746	-0.740256	0.672185	0.013699	-0.339410	-0.391215	0.855425
20098	5.360359	0.218655	8.725937	0.002864	-0.001431	0.003790	0.580404	0.628512	0.517787	-0.740199	0.672249	0.013708	-0.339466	-0.391221	0.855400
20099	5.353532	0.232366	8.706837	0.005930	0.002270	0.005699	0.580392	0.628520	0.517791	-0.740215	0.672231	0.013721	-0.339451	-0.391240	0.855397
20100	5.367229	0.239193	8.737869	0.005642	0.002847	0.003851	0.580404	0.628527	0.517769	-0.740226	0.672218	0.013756	-0.339407	-0.391250	0.855410
20101	5.366596	0.205500	8.745387	0.001746	0.004814	0.006416	0.580396	0.628549	0.517752	-0.740231	0.672212	0.013730	-0.339409	-0.391225	0.855421
20102	5.352542	0.232648	8.707437	0.005082	0.005969	0.005163	0.580472	0.628450	0.517786	-0.740154	0.672296	0.013778	-0.339447	-0.391239	0.855399
20103	5.343218	0.207791	8.755587	0.001847	0.007380	0.005474	0.580480	0.628476	0.517746	-0.740155	0.672296	0.013757	-0.339433	-0.391198	0.855424
20104	5.342355	0.174034	8.763246	0.005370	0.005393	0.007010	0.580529	0.628408	0.517773	-0.740105	0.672350	0.013794	-0.339456	-0.391214	0.855407
20105	5.349296	0.227959	8.768010	0.001169	0.005967	0.002719	0.580552	0.628410	0.517745	-0.740087	0.672370	0.013782	-0.339455	-0.391178	0.855424
20106	5.334765	0.221365	8.737482	0.001270	0.008533	0.001778	0.580650	0.628319	0.517746	-0.739995	0.672470	0.013813	-0.339490	-0.391150	0.855423
20107	5.348003	0.227852	8.768801	0.002134	0.006804	0.007321	0.580641	0.628355	0.517712	-0.740007	0.672457	0.013786	-0.339477	-0.391115	0.855444
20108	5.378331	0.216580	8.719061	0.002405	0.004258	0.004161	0.580722	0.628265	0.517730	-0.739916	0.672557	0.013794	-0.339537	-0.391087	0.855433
20109	5.348609	0.198573	8.716990	0.000017	0.001970	0.005007	0.580715	0.628266	0.517737	-0.739908	0.672567	0.013760	-0.339568	-0.391068	0.855429
20110	5.369133	0.225105	8.759999	0.002235	0.009369	0.006378	0.580776	0.628216	0.517729	-0.739852	0.672628	0.013776	-0.339585	-0.391044	0.855434
20111	5.376476	0.182203	8.727344	-0.001389	0.008792	0.005782	0.580786	0.628249	0.517678	-0.739843	0.672639	0.013726	-0.339587	-0.390973	0.855465
20112	5.367646	0.224542	8.760925	0.003471	0.007659	0.007820	0.580815	0.628220	0.517681	-0.739821	0.672663	0.013750	-0.339587	-0.390977	0.855463
20113	5.345873	0.197845	8.718685	0.003946	0.010244	0.002777	0.580852	0.628239	0.517617	-0.739813	0.672672	0.013761	-0.339541	-0.390933	0.855502
20114	5.336647	0.206756	8.759618	0.001845	0.007380	0.005471	0.580875	0.628249	0.517578	-0.739807	0.672678	0.013767	-0.339515	-0.390905	0.855525
20115	5.358174	0.204339	8.750577	0.000711	0.011656	0.003086	0.580914	0.628275	0.517502	-0.739790	0.672698	0.013749	-0.339484	-0.390830	0.855571
20116	5.334982	0.206658	8.760634	0.003844	0.007679	0.003718	0.580985	0.628217	0.517495	-0.739733	0.672760	0.013787	-0.339489	-0.390818	0.855575
20117	5.327304	0.186742	8.749180	0.005741	0.005411	0.002907	0.581005	0.628217	0.517472	-0.739731	0.672761	0.013813	-0.339457	-0.390816	0.855589
20118	5.356970	0.272223	8.737059	0.001168	0.005968	0.002716	0.581035	0.628217	0.517437	-0.739718	0.672775	0.013825	-0.339433	-0.390791	0.855610
20119	5.348872	0.184720	8.740112	0.005249	0.000856	0.002944	0.581039	0.628200	0.517453	-0.739716	0.672777	0.013847	-0.339432	-0.390814	0.855599
20120	5.326712	0.220719	8.742411	-0.002559	0.002825	0.003062	0.581128	0.628068	0.517514	-0.739590	0.672915	0.013836	-0.339553	-0.390788	0.855563
20121	5.371009	0.216041	8.723586	0.006416	0.006824	0.005660	0.581133	0.628092	0.517479	-0.739607	0.672896	0.013854	-0.339509	-0.390782	0.855584
