// General information: 
//  MT Manager version: 2022.2.0 
//  XDA version: 2022.2.0 build 7381 rev 124627 built on 2023-07-19
// Device information: 
//  DeviceId: 00B4CB9F
//  ProductCode: MTW2-3A7G6
//  Firmware Version: 4.6.0
//  Hardware Version: 2.0.0
// Device settings: 
//  Filter Profile: human(46.1)
//  Option Flags: Orientation Smoother Disabled, Position/Velocity Smoother Disabled, Continuous Zero Rotation Update Disabled, AHS Disabled, ICC Disabled
// Coordinate system: ENU
PacketCounter	Acc_X	Acc_Y	Acc_Z	Gyr_X	Gyr_Y	Gyr_Z	Mat[1][1]	Mat[2][1]	Mat[3][1]	Mat[1][2]	Mat[2][2]	Mat[3][2]	Mat[1][3]	Mat[2][3]	Mat[3][3]
60832	9.696104	-0.792041	-1.671515	-0.003282	0.039425	0.009684	-0.207017	-0.020390	0.978125	-0.434249	0.897815	-0.073192	-0.876682	-0.439901	-0.194717
60833	9.709052	-0.774641	-1.640595	0.010275	0.051603	0.010784	-0.206690	-0.020037	0.978201	-0.434319	0.897765	-0.073380	-0.876725	-0.440018	-0.194261
60834	9.649544	-0.753708	-1.713349	0.020334	0.045063	0.008508	-0.206383	-0.019744	0.978272	-0.434475	0.897676	-0.073542	-0.876719	-0.440213	-0.193844
60835	9.501828	-0.757330	-1.864295	0.024202	0.026986	0.002574	-0.206251	-0.019487	0.978305	-0.434565	0.897617	-0.073737	-0.876706	-0.440345	-0.193603
60836	9.473421	-0.780229	-1.946149	0.030402	0.010635	0.003563	-0.206225	-0.019390	0.978312	-0.434820	0.897483	-0.073871	-0.876586	-0.440623	-0.193515
60837	9.556629	-0.818167	-1.935658	0.034416	0.002635	0.011026	-0.206245	-0.019254	0.978311	-0.435172	0.897295	-0.074082	-0.876407	-0.441012	-0.193442
60838	9.581614	-0.845794	-1.815638	0.027785	0.009894	0.011342	-0.206260	-0.019091	0.978311	-0.435387	0.897173	-0.074286	-0.876296	-0.441267	-0.193362
60839	9.598580	-0.805437	-1.738637	0.015737	0.015488	0.011194	-0.206300	-0.018927	0.978306	-0.435596	0.897054	-0.074501	-0.876183	-0.441516	-0.193306
60840	9.686048	-0.757022	-1.744450	-0.000931	0.017424	0.010987	-0.206247	-0.018733	0.978321	-0.435561	0.897059	-0.074647	-0.876213	-0.441514	-0.193175
60841	9.682365	-0.704872	-1.755788	-0.022917	0.011957	0.010048	-0.206293	-0.018518	0.978315	-0.435327	0.897158	-0.074814	-0.876318	-0.441321	-0.193138
60842	9.578372	-0.694871	-1.871302	-0.041005	0.006609	-0.005285	-0.206264	-0.018517	0.978321	-0.434975	0.897337	-0.074723	-0.876500	-0.440957	-0.193143
60843	9.541795	-0.748960	-1.950575	-0.033857	0.002700	-0.007186	-0.206239	-0.018464	0.978327	-0.434479	0.897583	-0.074651	-0.876752	-0.440459	-0.193139
60844	9.620076	-0.744887	-2.055995	-0.017116	0.006892	-0.004454	-0.206211	-0.018455	0.978333	-0.434334	0.897656	-0.074615	-0.876830	-0.440310	-0.193123
60845	9.675877	-0.789925	-2.026439	-0.012079	0.017460	0.002638	-0.206148	-0.018321	0.978349	-0.434324	0.897653	-0.074706	-0.876850	-0.440322	-0.193006
60846	9.703499	-0.819597	-2.061547	-0.000373	0.024923	0.006503	-0.206009	-0.018134	0.978382	-0.434303	0.897655	-0.074809	-0.876893	-0.440326	-0.192801
60847	9.585182	-0.825875	-2.045807	0.021819	0.018914	0.006920	-0.205950	-0.017916	0.978398	-0.434475	0.897554	-0.075020	-0.876822	-0.440540	-0.192636
60848	9.402727	-0.858199	-2.073591	0.016217	0.000839	0.004320	-0.206014	-0.017855	0.978386	-0.434604	0.897482	-0.075134	-0.876743	-0.440689	-0.192653
60849	9.494054	-0.925254	-2.002520	0.019334	-0.013268	0.003427	-0.206131	-0.017903	0.978361	-0.434942	0.897311	-0.075218	-0.876547	-0.441035	-0.192751
60850	9.589411	-0.906733	-1.948956	0.043908	-0.011424	0.013282	-0.206341	-0.017815	0.978318	-0.435295	0.897119	-0.075473	-0.876323	-0.441430	-0.192868
60851	9.665689	-0.826149	-1.862021	0.035368	0.001019	0.013701	-0.206440	-0.017644	0.978300	-0.435597	0.896950	-0.075742	-0.876149	-0.441781	-0.192852
60852	9.726190	-0.811871	-1.764876	0.026561	0.018810	0.012127	-0.206380	-0.017434	0.978317	-0.435801	0.896833	-0.075952	-0.876062	-0.442026	-0.192686
60853	9.726909	-0.774964	-1.744119	0.013590	0.030164	0.006393	-0.206194	-0.017247	0.978359	-0.435974	0.896738	-0.076075	-0.876020	-0.442225	-0.192422
60854	9.620239	-0.737347	-1.785802	-0.008691	0.028073	-0.001978	-0.205991	-0.017122	0.978404	-0.435898	0.896775	-0.076079	-0.876105	-0.442156	-0.192192
60855	9.457689	-0.792288	-1.826852	-0.029861	0.022794	-0.010866	-0.205731	-0.017005	0.978461	-0.435566	0.896943	-0.075994	-0.876331	-0.441819	-0.191936
60856	9.489804	-0.797047	-1.813497	-0.029849	0.008751	-0.005301	-0.205683	-0.016995	0.978471	-0.435312	0.897072	-0.075925	-0.876469	-0.441557	-0.191911
60857	9.632827	-0.792469	-1.791122	-0.025496	0.017552	0.006545	-0.205563	-0.016938	0.978497	-0.435329	0.897064	-0.075926	-0.876489	-0.441575	-0.191777
60858	9.716615	-0.791398	-1.760889	-0.020118	0.031080	0.009794	-0.205385	-0.016694	0.978539	-0.435129	0.897153	-0.076023	-0.876630	-0.441404	-0.191526
60859	9.677389	-0.819288	-1.765109	-0.018838	0.044300	0.011398	-0.205070	-0.016333	0.978611	-0.434877	0.897264	-0.076154	-0.876829	-0.441192	-0.191104
60860	9.599073	-0.798221	-1.740271	-0.012213	0.037037	0.011089	-0.204845	-0.016051	0.978663	-0.434743	0.897318	-0.076280	-0.876947	-0.441093	-0.190789
60861	9.515278	-0.813529	-1.868568	-0.016167	0.019130	0.006394	-0.204787	-0.015885	0.978678	-0.434676	0.897341	-0.076391	-0.876994	-0.441052	-0.190668
60862	9.510721	-0.875306	-1.934772	-0.010543	0.009319	0.006341	-0.204784	-0.015768	0.978680	-0.434567	0.897387	-0.076473	-0.877049	-0.440963	-0.190623
60863	9.617314	-0.889082	-1.974188	0.005709	-0.001712	0.007897	-0.204972	-0.015680	0.978642	-0.434613	0.897349	-0.076650	-0.876982	-0.441042	-0.190747
60864	9.692391	-0.859034	-2.007851	0.015536	-0.000938	0.009097	-0.205072	-0.015584	0.978623	-0.434728	0.897280	-0.076809	-0.876902	-0.441186	-0.190782
60865	9.653254	-0.810898	-1.978715	0.014300	0.006013	0.004443	-0.205131	-0.015502	0.978612	-0.434899	0.897186	-0.076948	-0.876804	-0.441381	-0.190783
60866	9.530574	-0.864541	-1.929866	0.003760	-0.000475	-0.002860	-0.205175	-0.015512	0.978602	-0.434934	0.897167	-0.076968	-0.876776	-0.441419	-0.190822
60867	9.523186	-0.821155	-1.889109	-0.005752	-0.002442	-0.004983	-0.205158	-0.015476	0.978607	-0.434819	0.897223	-0.076968	-0.876837	-0.441307	-0.190801
60868	9.570875	-0.861304	-1.837930	-0.004576	0.000497	-0.002980	-0.205192	-0.015482	0.978599	-0.434782	0.897240	-0.076970	-0.876847	-0.441271	-0.190838
60869	9.674318	-0.846368	-1.805016	0.002143	0.017351	0.004533	-0.205100	-0.015224	0.978623	-0.434568	0.897332	-0.077117	-0.876975	-0.441094	-0.190659
60870	9.707289	-0.839762	-1.687350	0.000084	0.040132	0.007679	-0.204833	-0.014959	0.978683	-0.434549	0.897330	-0.077233	-0.877046	-0.441106	-0.190304
60871	9.668851	-0.791343	-1.654178	-0.006349	0.051937	0.007315	-0.204524	-0.014740	0.978750	-0.434641	0.897279	-0.077312	-0.877073	-0.441217	-0.189922
60872	9.633866	-0.770967	-1.692361	-0.016020	0.051552	0.008358	-0.204160	-0.014419	0.978831	-0.434480	0.897349	-0.077403	-0.877237	-0.441086	-0.189468
60873	9.550969	-0.747634	-1.800821	-0.021036	0.040989	0.001260	-0.203852	-0.014215	0.978899	-0.434348	0.897412	-0.077420	-0.877374	-0.440965	-0.189113
60874	9.586767	-0.781967	-1.856955	-0.021767	0.035065	0.008928	-0.203635	-0.013961	0.978947	-0.434136	0.897507	-0.077506	-0.877530	-0.440779	-0.188825
60875	9.622728	-0.778544	-1.895556	-0.007963	0.023891	0.006759	-0.203449	-0.013755	0.978989	-0.434096	0.897518	-0.077602	-0.877593	-0.440763	-0.188570
60876	9.607014	-0.782761	-1.950711	-0.004191	0.025386	0.009333	-0.203319	-0.013541	0.979019	-0.434037	0.897536	-0.077725	-0.877652	-0.440734	-0.188363
60877	9.567539	-0.810516	-1.956766	-0.002496	0.013690	0.004461	-0.203376	-0.013499	0.979008	-0.434186	0.897456	-0.077822	-0.877565	-0.440898	-0.188382
60878	9.523560	-0.861175	-2.013155	-0.002441	0.001831	0.001683	-0.203419	-0.013457	0.978999	-0.434158	0.897464	-0.077874	-0.877569	-0.440882	-0.188404
60879	9.519364	-0.909545	-1.978261	-0.000255	-0.008697	0.003574	-0.203528	-0.013362	0.978978	-0.434093	0.897485	-0.077998	-0.877576	-0.440842	-0.188464
60880	9.578551	-0.907242	-1.985572	0.003992	-0.009975	0.002052	-0.203677	-0.013369	0.978947	-0.434121	0.897466	-0.078066	-0.877528	-0.440882	-0.188597
60881	9.623003	-0.844245	-1.826413	-0.000882	-0.004343	0.010847	-0.203862	-0.013214	0.978911	-0.434027	0.897493	-0.078273	-0.877531	-0.440830	-0.188700
60882	9.690673	-0.834292	-1.752521	-0.007949	0.009848	0.012322	-0.203881	-0.013041	0.978909	-0.433929	0.897528	-0.078419	-0.877575	-0.440765	-0.188648
60883	9.751078	-0.693942	-1.786468	0.002567	0.032341	0.019504	-0.203784	-0.012674	0.978934	-0.433894	0.897520	-0.078703	-0.877615	-0.440792	-0.188399
60884	9.800057	-0.510028	-1.910441	0.034099	0.061878	0.025030	-0.203402	-0.012158	0.979020	-0.434139	0.897370	-0.079053	-0.877582	-0.441111	-0.187805
60885	9.944013	-0.460142	-2.048887	0.040001	0.102847	0.034492	-0.202669	-0.011367	0.979181	-0.434363	0.897224	-0.079488	-0.877641	-0.441430	-0.186777
60886	10.029518	-0.550754	-1.855479	0.047666	0.176588	0.030010	-0.201302	-0.010300	0.979475	-0.434718	0.897014	-0.079911	-0.877780	-0.441882	-0.185048
60887	10.251994	-0.422223	-1.123002	-0.153979	0.301323	-0.028266	-0.198601	-0.009153	0.980038	-0.433470	0.897658	-0.079458	-0.879011	-0.440598	-0.182243
60888	9.818789	-1.210295	-1.999245	-0.387137	0.383892	-0.048342	-0.195065	-0.007883	0.980759	-0.430155	0.899351	-0.078326	-0.881428	-0.437157	-0.178823
60889	9.127400	-1.622076	-1.712937	-0.204974	0.175975	-0.070520	-0.193272	-0.007610	0.981116	-0.428284	0.900324	-0.077385	-0.882734	-0.435153	-0.177267
60890	8.692043	-1.657534	-1.487264	-0.120249	-0.053354	-0.083656	-0.193437	-0.008576	0.981075	-0.427382	0.900838	-0.076392	-0.883135	-0.434071	-0.177921
60891	9.141550	-1.283275	-1.543003	0.015356	-0.114851	-0.047124	-0.194202	-0.009425	0.980916	-0.427578	0.900778	-0.075997	-0.882872	-0.434177	-0.178963
60892	10.037049	-0.941279	-1.346306	-0.024180	0.128842	0.050653	-0.193333	-0.008390	0.981097	-0.427264	0.900885	-0.076492	-0.883215	-0.433976	-0.177755
60893	9.652756	-1.023954	-1.103562	-0.219149	0.342115	0.109986	-0.190820	-0.005816	0.981608	-0.425097	0.901841	-0.077294	-0.884805	-0.432028	-0.174561
60894	8.577893	-1.492119	-2.119741	-0.248692	0.094976	0.054087	-0.190260	-0.004898	0.981722	-0.422790	0.902913	-0.077433	-0.886030	-0.429795	-0.173859
60895	8.974064	-1.263983	-2.587357	-0.068971	-0.291366	-0.030056	-0.192881	-0.006349	0.981202	-0.422188	0.903220	-0.077148	-0.885751	-0.429132	-0.176895
60896	10.886755	-0.528587	-1.168387	0.051452	-0.096066	-0.054073	-0.193556	-0.007229	0.981063	-0.422746	0.902993	-0.076750	-0.885337	-0.429595	-0.177835
60897	10.101604	-0.478174	-0.866207	-0.077122	0.345361	-0.014982	-0.190421	-0.005819	0.981685	-0.422047	0.903339	-0.076512	-0.886350	-0.428887	-0.174471
60898	8.700891	-0.919666	-1.947055	0.034682	0.163809	-0.006479	-0.188994	-0.005154	0.981965	-0.422365	0.903188	-0.076550	-0.886504	-0.429215	-0.172874
60899	9.574407	-0.628581	-1.895763	0.195140	-0.067125	-0.016576	-0.189615	-0.005557	0.981843	-0.424118	0.902345	-0.076799	-0.885534	-0.430979	-0.173455
60900	10.115028	-0.435746	-1.687994	0.221214	0.010195	-0.002551	-0.189566	-0.005516	0.981853	-0.426078	0.901386	-0.077199	-0.884603	-0.432981	-0.173222
60901	10.143773	-0.241349	-1.606738	0.182480	0.098898	0.022030	-0.188824	-0.004939	0.981999	-0.427923	0.900465	-0.077754	-0.883871	-0.434901	-0.172143
60902	9.554719	-0.234392	-1.812275	0.115648	0.143913	0.023793	-0.187706	-0.004078	0.982217	-0.428898	0.899959	-0.078228	-0.883636	-0.435955	-0.170677
60903	9.135269	-0.656707	-2.133727	0.139214	0.053331	-0.014109	-0.187229	-0.003915	0.982309	-0.430147	0.899348	-0.078402	-0.883130	-0.437216	-0.170068
60904	9.399121	-0.996495	-1.590154	0.020091	0.031011	-0.015546	-0.186940	-0.003899	0.982364	-0.430352	0.899257	-0.078325	-0.883092	-0.437404	-0.169785
60905	9.604431	-1.793412	-1.261364	-0.124524	0.110654	-0.006465	-0.185912	-0.003371	0.982561	-0.429127	0.899860	-0.078108	-0.883904	-0.436165	-0.168741
60906	9.766185	-2.369271	-1.548490	0.174519	0.083150	-0.006467	-0.185201	-0.003046	0.982696	-0.430680	0.899095	-0.078380	-0.883298	-0.437744	-0.167825
60907	10.018336	-2.269833	-1.357388	0.439509	0.059061	-0.009764	-0.184691	-0.002743	0.982793	-0.434433	0.897221	-0.079137	-0.881565	-0.441574	-0.166901
60908	9.796905	-1.965713	-1.437044	0.701084	0.041518	-0.010360	-0.184333	-0.002632	0.982860	-0.440621	0.894100	-0.080243	-0.878564	-0.447860	-0.165971
60909	9.504261	-1.240860	-1.429745	0.917841	-0.006229	-0.034008	-0.184376	-0.002990	0.982851	-0.448971	0.889820	-0.081517	-0.874317	-0.456302	-0.165404
60910	9.364486	-0.531224	-1.403994	0.909489	-0.051471	-0.039386	-0.184699	-0.003558	0.982789	-0.456975	0.885629	-0.082675	-0.870092	-0.464380	-0.165200
60911	9.557234	-0.097839	-1.495778	0.771242	-0.075558	-0.032112	-0.185292	-0.004174	0.982675	-0.463869	0.881939	-0.083720	-0.866310	-0.471345	-0.165352
60912	9.680927	0.102844	-1.803112	0.599080	-0.072278	-0.019925	-0.185877	-0.004674	0.982562	-0.469086	0.879095	-0.084558	-0.863370	-0.476623	-0.165596
60913	9.672918	0.044138	-1.908227	0.414887	-0.094822	-0.002093	-0.186760	-0.005070	0.982393	-0.472706	0.877078	-0.085339	-0.861203	-0.480321	-0.166199
60914	9.608953	-0.085134	-1.774938	0.231505	-0.106929	0.015627	-0.187807	-0.005430	0.982191	-0.474668	0.875961	-0.085920	-0.859895	-0.482351	-0.167089
60915	9.427771	-0.160309	-2.021832	0.227596	-0.130572	0.024952	-0.189228	-0.005856	0.981916	-0.476701	0.874785	-0.086649	-0.858457	-0.484477	-0.168325
60916	9.616277	-0.158242	-2.127307	0.175327	-0.146185	0.030796	-0.190682	-0.006279	0.981632	-0.478145	0.873932	-0.087289	-0.857332	-0.486007	-0.169646
60917	9.856309	-0.144055	-1.894551	0.038555	-0.105661	0.040399	-0.191848	-0.006393	0.981404	-0.478386	0.873747	-0.087825	-0.856937	-0.486339	-0.170686
60918	9.737237	-0.206379	-1.688533	-0.072149	-0.059174	0.027266	-0.192539	-0.006426	0.981268	-0.477714	0.874096	-0.088011	-0.857157	-0.485711	-0.171368
60919	9.674861	-0.366800	-1.566237	-0.131425	-0.045662	0.001767	-0.192958	-0.006615	0.981185	-0.476671	0.874682	-0.087844	-0.857643	-0.484653	-0.171931
60920	9.849752	-0.399246	-0.907279	-0.186839	-0.015257	-0.006652	-0.193111	-0.006730	0.981154	-0.475079	0.875582	-0.087499	-0.858492	-0.483023	-0.172282
60921	9.848814	-0.418066	-0.822587	-0.264259	0.017659	0.003334	-0.193022	-0.006571	0.981172	-0.472811	0.876844	-0.087142	-0.859763	-0.480730	-0.172357
60922	9.917544	-0.320893	-0.901818	-0.282942	0.022772	0.011272	-0.192932	-0.006345	0.981192	-0.470354	0.878198	-0.086807	-0.861130	-0.478255	-0.172417
60923	10.097168	-0.291254	-1.002539	-0.322903	0.029919	0.027405	-0.192867	-0.005963	0.981207	-0.467584	0.879700	-0.086563	-0.862651	-0.475492	-0.172453
60924	10.035454	-0.335146	-1.144511	-0.374826	0.048748	0.031747	-0.192647	-0.005435	0.981253	-0.464285	0.881474	-0.086270	-0.864481	-0.472201	-0.172337
60925	9.843212	-0.440374	-1.318396	-0.396856	0.041599	0.027392	-0.192430	-0.005086	0.981297	-0.461115	0.883178	-0.085846	-0.866224	-0.469010	-0.172296
60926	9.713914	-0.439331	-1.417520	-0.378026	0.014313	0.022922	-0.192464	-0.004799	0.981292	-0.457792	0.884942	-0.085461	-0.867977	-0.465676	-0.172517
60927	9.710258	-0.384192	-1.433479	-0.355727	-0.022139	0.033100	-0.192816	-0.004615	0.981224	-0.454793	0.886513	-0.085200	-0.869474	-0.462681	-0.173033
60928	9.734139	-0.399822	-1.504362	-0.277915	-0.029201	0.053078	-0.193363	-0.004261	0.981118	-0.452271	0.887794	-0.085280	-0.870667	-0.460222	-0.173594
60929	9.482260	-0.532910	-1.463244	-0.135994	-0.049801	0.100437	-0.194298	-0.003605	0.980936	-0.451005	0.888362	-0.086067	-0.871116	-0.459129	-0.174233
60930	9.183445	-0.601087	-1.139929	0.095953	-0.125294	0.136094	-0.196056	-0.002954	0.980588	-0.451574	0.887922	-0.087612	-0.870427	-0.459985	-0.175416
60931	9.451277	-1.051551	-1.323480	0.275724	-0.166404	0.159736	-0.198300	-0.002272	0.980139	-0.453592	0.886682	-0.089715	-0.868868	-0.462374	-0.176860
60932	9.527344	-1.310944	-1.833581	0.371536	-0.155795	0.158357	-0.200426	-0.001574	0.979708	-0.456500	0.884958	-0.091968	-0.866855	-0.465669	-0.178087
60933	9.441548	-1.249767	-2.025010	0.332793	-0.137040	0.145100	-0.202403	-0.000853	0.979302	-0.458894	0.883496	-0.094075	-0.865130	-0.468437	-0.179214
60934	9.691056	-1.273143	-2.101283	0.316010	-0.106765	0.135233	-0.204001	-0.000143	0.978971	-0.461350	0.882008	-0.096008	-0.863447	-0.471233	-0.179997
60935	9.847818	-1.184457	-2.075435	0.327332	-0.045266	0.126119	-0.205102	0.000778	0.978740	-0.463887	0.880467	-0.097911	-0.861824	-0.474107	-0.180225
60936	9.907806	-1.047045	-2.011882	0.358215	0.008231	0.124309	-0.205663	0.001928	0.978621	-0.466715	0.878757	-0.099815	-0.860163	-0.477265	-0.179828
60937	9.819217	-0.867288	-1.929046	0.375298	0.034365	0.106908	-0.205980	0.003080	0.978551	-0.469687	0.876964	-0.101627	-0.858468	-0.480546	-0.179190
60938	9.835245	-0.632060	-1.796777	0.355557	0.045199	0.109068	-0.206160	0.004271	0.978509	-0.472510	0.875242	-0.103372	-0.856873	-0.483667	-0.178421
60939	9.876833	-0.525307	-1.648313	0.306306	0.048131	0.101867	-0.206266	0.005364	0.978481	-0.475083	0.873661	-0.104938	-0.855424	-0.486505	-0.177658
60940	9.803455	-0.470388	-1.660299	0.292598	0.056228	0.111093	-0.206368	0.006624	0.978452	-0.477354	0.872223	-0.106585	-0.854134	-0.489064	-0.176837
60941	9.698113	-0.451652	-1.700141	0.394718	0.078135	0.151371	-0.206433	0.008328	0.978425	-0.480486	0.870229	-0.108782	-0.852360	-0.492576	-0.175643
60942	9.704509	-0.384953	-1.012185	0.253166	0.173789	0.193179	-0.205936	0.010882	0.978505	-0.482244	0.868956	-0.111156	-0.851488	-0.494769	-0.173702
60943	9.238223	-1.266773	-1.319277	-0.002564	0.175078	0.186723	-0.205358	0.013324	0.978596	-0.482008	0.868852	-0.112979	-0.851761	-0.494892	-0.172004
60944	8.864701	-1.619006	-1.804188	0.006028	0.026469	0.133732	-0.205830	0.014633	0.978478	-0.481784	0.868799	-0.114339	-0.851774	-0.494949	-0.171775
60945	8.746982	-1.309551	-2.020162	-0.067962	-0.077929	0.086970	-0.206957	0.015010	0.978235	-0.481097	0.869077	-0.115117	-0.851889	-0.494450	-0.172640
60946	9.010107	-1.289798	-2.479219	-0.137959	-0.124496	0.079410	-0.208452	0.015102	0.977916	-0.479756	0.869741	-0.115696	-0.852281	-0.493278	-0.174054
60947	9.563229	-1.255176	-2.625644	-0.085262	-0.092354	0.110217	-0.209810	0.015694	0.977616	-0.478628	0.870229	-0.116691	-0.852581	-0.492397	-0.175071
60948	9.803937	-1.048030	-2.472264	-0.042954	-0.004406	0.136320	-0.210553	0.016875	0.977437	-0.477974	0.870413	-0.117990	-0.852765	-0.492033	-0.175202
60949	9.849506	-0.969049	-2.398194	-0.068214	0.081787	0.144735	-0.210592	0.018472	0.977400	-0.477226	0.870648	-0.119278	-0.853174	-0.491560	-0.174536
60950	9.839453	-0.962787	-2.397870	-0.054762	0.129895	0.154849	-0.210275	0.020474	0.977428	-0.476433	0.870881	-0.120738	-0.853696	-0.491067	-0.173370
60951	9.788189	-1.004706	-2.314613	-0.034161	0.164968	0.170570	-0.209729	0.022759	0.977495	-0.475893	0.870946	-0.122385	-0.854131	-0.490851	-0.171832
60952	9.603178	-1.092430	-2.480239	-0.032695	0.152015	0.178789	-0.209334	0.025078	0.977523	-0.475239	0.871058	-0.124118	-0.854592	-0.490539	-0.170424
60953	9.440756	-1.107331	-2.716672	-0.009568	0.070953	0.170281	-0.209653	0.026865	0.977407	-0.474831	0.871041	-0.125792	-0.854741	-0.490476	-0.169860
60954	9.344669	-1.160966	-2.872499	0.019505	-0.040556	0.155578	-0.210791	0.028037	0.977129	-0.474670	0.870897	-0.127387	-0.854550	-0.490666	-0.170269
60955	9.293231	-1.338824	-2.850893	0.042117	-0.146794	0.135617	-0.212705	0.028483	0.976701	-0.474796	0.870622	-0.128790	-0.854005	-0.491128	-0.171662
60956	9.341725	-1.556917	-2.601237	0.076383	-0.226825	0.128385	-0.215304	0.028502	0.976131	-0.475173	0.870204	-0.130217	-0.853144	-0.491867	-0.173815
60957	9.442755	-1.691639	-2.120794	0.060935	-0.265828	0.132271	-0.218320	0.028313	0.975467	-0.475406	0.869861	-0.131649	-0.852248	-0.492484	-0.176447
60958	9.781885	-1.847832	-1.581335	0.026390	-0.263452	0.159317	-0.221375	0.028417	0.974775	-0.475280	0.869680	-0.133291	-0.851529	-0.492798	-0.179019
60959	10.218780	-1.826992	-0.899202	0.063510	-0.201786	0.208694	-0.224220	0.029173	0.974102	-0.475382	0.869289	-0.135458	-0.850727	-0.493443	-0.181044
60960	10.393441	-1.562173	-0.078187	0.002931	-0.073654	0.242675	-0.226053	0.030934	0.973624	-0.474860	0.869195	-0.137868	-0.850534	-0.493500	-0.181795
60961	10.199953	-1.334799	0.479283	-0.071007	0.089296	0.261753	-0.226589	0.033489	0.973415	-0.474017	0.869275	-0.140246	-0.850862	-0.493193	-0.181094
60962	9.950708	-1.047085	0.799893	-0.086858	0.214575	0.257242	-0.226033	0.036798	0.973424	-0.472695	0.869606	-0.142635	-0.851745	-0.492373	-0.179166
60963	9.801473	-0.699186	0.824377	-0.089635	0.261905	0.257184	-0.225091	0.040226	0.973507	-0.471593	0.869816	-0.144982	-0.852604	-0.491733	-0.176818
60964	9.969695	-0.471557	0.619684	-0.117209	0.241509	0.248077	-0.224252	0.043586	0.973556	-0.470035	0.870281	-0.147232	-0.853685	-0.490623	-0.174676
60965	10.349585	-0.201404	0.394260	-0.155575	0.215198	0.228366	-0.223622	0.046612	0.973561	-0.468138	0.870964	-0.149229	-0.854892	-0.489132	-0.172946
60966	10.716717	0.088527	0.859023	-0.330901	0.258744	0.195155	-0.222371	0.049590	0.973700	-0.464870	0.872476	-0.150601	-0.856999	-0.486134	-0.170961
60967	10.945492	0.428061	1.917484	-0.650058	0.378978	0.149185	-0.219919	0.052712	0.974093	-0.458903	0.875563	-0.150985	-0.860839	-0.480219	-0.168364
60968	11.212674	0.454650	3.528680	-1.082529	0.565174	0.109167	-0.215586	0.056372	0.974856	-0.449313	0.880642	-0.150288	-0.866972	-0.470416	-0.164525
60969	11.494809	-0.487634	4.843164	-1.452553	0.865839	0.106770	-0.208516	0.061368	0.976092	-0.436481	0.887285	-0.149027	-0.875217	-0.457120	-0.158227
60970	11.606778	-1.843143	5.765189	-1.638481	1.307106	0.167638	-0.197784	0.068754	0.977831	-0.421722	0.894532	-0.148198	-0.884891	-0.441684	-0.147930
60971	11.363574	-3.204891	6.521091	-1.706814	1.812578	0.305745	-0.182868	0.079323	0.979932	-0.406338	0.901525	-0.148804	-0.895237	-0.425395	-0.132628
60972	10.894655	-4.727566	6.537220	-1.696452	2.222620	0.487541	-0.164845	0.093018	0.981923	-0.390215	0.908167	-0.151540	-0.905847	-0.408142	-0.113410
60973	9.946962	-5.848051	5.897438	-1.392156	2.361821	0.631147	-0.145752	0.108306	0.983375	-0.376769	0.913008	-0.156399	-0.914768	-0.393301	-0.092267
60974	9.694227	-6.136308	5.529405	-0.743810	2.082425	0.699049	-0.129302	0.122811	0.983971	-0.368987	0.915083	-0.162702	-0.920396	-0.384110	-0.073007
60975	10.582108	-5.660832	5.190803	-0.154023	1.767079	0.715329	-0.115550	0.136297	0.983906	-0.367009	0.914589	-0.169796	-0.923013	-0.380722	-0.055659
60976	11.682688	-5.252107	4.859531	0.332380	1.571624	0.681138	-0.103599	0.148530	0.983466	-0.369338	0.912342	-0.176695	-0.923503	-0.381537	-0.039660
60977	13.051638	-4.761700	4.459926	0.824761	1.526980	0.654738	-0.092015	0.160497	0.982738	-0.376449	0.908073	-0.183550	-0.921857	-0.386840	-0.023137
60978	13.729453	-4.055862	4.198413	1.290432	1.643170	0.625527	-0.079338	0.172609	0.981790	-0.387794	0.901969	-0.189914	-0.918325	-0.395799	-0.004624
60979	13.253538	-2.616266	3.037036	1.562214	1.700772	0.580756	-0.066123	0.184796	0.980550	-0.401877	0.894540	-0.195687	-0.913303	-0.407000	0.015115
60980	12.801463	-1.704273	1.037919	1.393727	1.649377	0.481276	-0.053115	0.195895	0.979185	-0.414295	0.887873	-0.200100	-0.908591	-0.416300	0.033999
60981	13.217575	-1.338787	-1.004319	1.083953	1.563884	0.412873	-0.040774	0.206200	0.977660	-0.424134	0.882372	-0.203792	-0.904681	-0.422968	0.051478
60982	13.725350	-1.419595	-2.524433	0.648161	1.551157	0.380247	-0.028436	0.216148	0.975947	-0.429869	0.878805	-0.207158	-0.902443	-0.425420	0.067926
60983	13.766154	-1.329580	-2.888790	0.414772	1.573594	0.320750	-0.015744	0.225767	0.974054	-0.433694	0.876223	-0.210102	-0.900923	-0.425749	0.084119
60984	13.152591	-2.252352	-3.122183	0.280704	1.576060	0.226234	-0.002591	0.234467	0.972121	-0.436212	0.874494	-0.212083	-0.899840	-0.424600	0.100012
60985	12.216339	-3.192613	-3.403852	0.452494	1.578678	0.103524	0.011057	0.242211	0.970160	-0.440719	0.872081	-0.212702	-0.897577	-0.425217	0.116390
60986	11.724530	-3.545357	-3.749014	0.886979	1.565258	-0.012417	0.025075	0.248808	0.968228	-0.448673	0.868306	-0.211511	-0.893344	-0.429114	0.133406
60987	10.927604	-2.795915	-3.657418	1.372791	1.636372	-0.108370	0.039983	0.254984	0.966118	-0.460976	0.862553	-0.208573	-0.886511	-0.437018	0.152029
60988	9.666297	-1.216977	-3.314452	1.533840	1.700960	-0.222755	0.055982	0.260596	0.963824	-0.474421	0.856340	-0.203979	-0.878516	-0.445838	0.171572
60989	8.530323	-0.634956	-3.494079	1.474515	1.664660	-0.324795	0.071929	0.265348	0.961466	-0.487339	0.850412	-0.198240	-0.870245	-0.454300	0.190484
60990	8.024292	-0.054008	-3.207856	1.402354	1.519069	-0.372683	0.086871	0.269166	0.959168	-0.499206	0.844965	-0.191905	-0.862118	-0.462151	0.207772
60991	8.016564	0.440563	-2.676097	1.214339	1.448783	-0.347782	0.100859	0.272972	0.956720	-0.509469	0.840145	-0.186002	-0.854557	-0.468660	0.223807
60992	8.319471	0.725159	-1.685720	0.937219	1.448333	-0.283670	0.114590	0.277425	0.953889	-0.517160	0.836497	-0.181157	-0.848183	-0.472554	0.239328
60993	8.934705	0.829888	-0.915416	0.708437	1.439947	-0.197232	0.127643	0.282670	0.950687	-0.523239	0.833481	-0.177569	-0.842573	-0.474771	0.254291
60994	9.043024	1.219000	-0.302406	0.425378	1.468615	-0.137192	0.140651	0.288510	0.947090	-0.526648	0.831836	-0.175189	-0.838367	-0.474142	0.268941
60995	8.264127	1.315957	-0.270876	0.140133	1.391287	-0.120439	0.152714	0.294060	0.943508	-0.527860	0.831385	-0.173677	-0.835489	-0.471517	0.282186
60996	7.570849	1.020713	-0.279509	-0.092301	1.234539	-0.144172	0.163724	0.298669	0.940208	-0.526880	0.832226	-0.172619	-0.834021	-0.467115	0.293618
60997	7.217086	0.714600	-0.139898	-0.292432	1.088300	-0.183211	0.173501	0.302166	0.937333	-0.524450	0.833937	-0.171758	-0.833576	-0.461784	0.303161
60998	6.955612	0.413305	0.042465	-0.467174	0.950082	-0.221055	0.182524	0.304690	0.934799	-0.520181	0.836730	-0.171157	-0.834324	-0.455024	0.311217
60999	7.103117	0.090913	0.439756	-0.633022	0.826118	-0.258359	0.190503	0.306317	0.932673	-0.515002	0.840021	-0.170696	-0.835752	-0.447810	0.317781
61000	7.273451	-0.229127	0.742012	-0.760092	0.772802	-0.309506	0.198499	0.307154	0.930728	-0.508059	0.844322	-0.170283	-0.838137	-0.439064	0.323649
61001	7.344265	-0.461976	0.847494	-0.841556	0.734857	-0.360296	0.206252	0.307221	0.929018	-0.500454	0.848979	-0.169646	-0.840836	-0.429942	0.328854
61002	7.457315	-0.877514	0.887595	-0.861019	0.701851	-0.394537	0.214067	0.306863	0.927367	-0.492395	0.853832	-0.168869	-0.843636	-0.420482	0.333876
61003	7.608217	-1.246829	1.016717	-0.764956	0.655564	-0.398204	0.221425	0.306074	0.925899	-0.485015	0.858270	-0.167728	-0.846009	-0.411936	0.338493
61004	7.431390	-1.489056	1.246110	-0.662950	0.629415	-0.384847	0.228555	0.305350	0.924405	-0.478557	0.862133	-0.166459	-0.847789	-0.404336	0.343172
61005	7.316191	-1.777416	1.520372	-0.536608	0.556126	-0.359195	0.234723	0.304733	0.923062	-0.474062	0.864897	-0.164984	-0.848629	-0.398863	0.347473
61006	7.471445	-1.858633	1.978271	-0.396696	0.494701	-0.339063	0.240468	0.303776	0.921898	-0.469912	0.867482	-0.163273	-0.849328	-0.393949	0.351350
61007	7.757544	-1.898116	2.459913	-0.247187	0.456942	-0.337774	0.245729	0.302801	0.920831	-0.467588	0.869155	-0.161029	-0.849105	-0.391000	0.355162
61008	7.975660	-1.764514	2.951862	-0.179052	0.445787	-0.345612	0.251071	0.301549	0.919800	-0.465235	0.870878	-0.158519	-0.848835	-0.388123	0.358944
61009	7.838342	-1.694229	3.003516	-0.160033	0.424541	-0.365481	0.256213	0.300129	0.918846	-0.463373	0.872371	-0.155741	-0.848316	-0.385865	0.362584
61010	7.739671	-1.743935	2.945813	-0.159796	0.327853	-0.389721	0.260741	0.298006	0.918263	-0.461036	0.874132	-0.152773	-0.848210	-0.383517	0.365314
61011	7.870212	-2.055976	2.907619	-0.172220	0.257177	-0.416471	0.264719	0.295351	0.917982	-0.458618	0.875955	-0.149577	-0.848289	-0.381407	0.367335
61012	7.856232	-2.325589	2.743388	-0.098815	0.215760	-0.460340	0.268602	0.292155	0.917877	-0.456578	0.877664	-0.145745	-0.848168	-0.379935	0.369134
61013	7.873620	-2.448957	2.554262	0.077620	0.163887	-0.534078	0.272236	0.288091	0.918091	-0.456019	0.878803	-0.140542	-0.847310	-0.380407	0.370617
61014	8.026000	-2.665513	2.571269	0.279974	0.114668	-0.618065	0.275974	0.283115	0.918523	-0.456722	0.879481	-0.133857	-0.845721	-0.382569	0.372018
61015	8.406095	-3.075619	2.792137	0.449489	0.081157	-0.663800	0.279540	0.277547	0.919143	-0.458760	0.879571	-0.126074	-0.843443	-0.386423	0.373203
61016	8.629899	-3.279009	3.182232	0.542543	0.050305	-0.662439	0.282958	0.271936	0.919775	-0.461493	0.879263	-0.117986	-0.840809	-0.391084	0.374292
61017	8.481057	-3.359867	3.825141	0.582810	0.044447	-0.637691	0.286041	0.266685	0.920358	-0.465145	0.878379	-0.109958	-0.837748	-0.396647	0.375300
61018	8.183543	-3.246658	4.488057	0.634575	-0.010322	-0.578765	0.288604	0.261582	0.921023	-0.468816	0.877355	-0.102276	-0.834817	-0.402273	0.375841
61019	7.974216	-2.831773	5.019879	0.711384	-0.099954	-0.530401	0.290040	0.256687	0.921948	-0.473706	0.875572	-0.094750	-0.831553	-0.409251	0.375544
61020	8.046424	-2.352451	5.225149	0.779776	-0.196151	-0.505132	0.290763	0.251477	0.923156	-0.478739	0.873617	-0.087195	-0.828412	-0.416597	0.374407
61021	8.411486	-1.869190	5.059032	0.792638	-0.245578	-0.504695	0.290958	0.246465	0.924445	-0.484739	0.871024	-0.079657	-0.824846	-0.424937	0.372903
61022	8.734625	-1.445967	4.898512	0.742871	-0.234519	-0.519785	0.291505	0.240955	0.925724	-0.489370	0.869089	-0.072114	-0.821913	-0.432001	0.371260
61023	8.550071	-0.982278	4.972714	0.686914	-0.161795	-0.553281	0.292716	0.235436	0.926762	-0.493492	0.867357	-0.064476	-0.819014	-0.438476	0.370075
61024	8.132495	-0.355810	4.891059	0.605683	-0.159507	-0.602250	0.294339	0.229529	0.927729	-0.496706	0.866066	-0.056683	-0.816485	-0.444124	0.368925
61025	7.692278	0.418025	4.513959	0.500462	-0.222903	-0.681071	0.295748	0.222601	0.928968	-0.498809	0.865351	-0.048555	-0.814692	-0.449017	0.366961
61026	7.450773	0.850618	3.906771	0.424347	-0.306669	-0.729994	0.296843	0.214918	0.930427	-0.500129	0.865015	-0.040247	-0.813483	-0.453387	0.364260
61027	7.352494	1.133153	3.336368	0.403411	-0.353571	-0.761190	0.297468	0.207367	0.931940	-0.502587	0.863941	-0.031815	-0.811738	-0.458917	0.361214
61028	7.221554	1.260862	3.153570	0.315968	-0.345113	-0.780729	0.298538	0.199047	0.933411	-0.502855	0.864053	-0.023426	-0.811179	-0.462376	0.358045
61029	7.193186	1.269463	3.270971	0.168547	-0.342645	-0.778248	0.299402	0.191040	0.934806	-0.502692	0.864324	-0.015633	-0.810962	-0.465239	0.354815
61030	7.467735	1.418618	3.439828	-0.094830	-0.359013	-0.768363	0.300285	0.182738	0.936182	-0.499650	0.866183	-0.008809	-0.812514	-0.465118	0.351406
61031	8.116223	1.587508	3.633395	-0.401596	-0.351615	-0.766478	0.300996	0.174578	0.937510	-0.494505	0.869169	-0.003087	-0.815393	-0.462674	0.347946
61032	9.002715	1.683698	4.075305	-0.620324	-0.299785	-0.773580	0.302288	0.166475	0.938567	-0.487134	0.873325	0.001990	-0.819343	-0.457809	0.345091
61033	10.032821	1.184870	4.808370	-0.682495	-0.153771	-0.752205	0.304577	0.159302	0.939072	-0.479490	0.877522	0.006656	-0.822996	-0.452302	0.343657
61034	9.730867	1.542652	4.982781	-0.574652	-0.015176	-0.775361	0.308089	0.152432	0.939066	-0.472410	0.881298	0.011933	-0.825778	-0.447301	0.343529
61035	7.040255	1.871946	2.916010	-0.430091	-0.658253	-0.823334	0.306411	0.142286	0.941205	-0.466476	0.884347	0.018172	-0.829766	-0.444618	0.337347
61036	6.601583	2.078682	0.334900	-0.128227	-1.723032	-0.753876	0.295515	0.127959	0.946730	-0.463173	0.885920	0.024836	-0.835549	-0.445839	0.321069
61037	7.566324	1.866344	-1.207002	-0.280541	-1.986623	-0.575223	0.281336	0.113593	0.952862	-0.458436	0.888239	0.029466	-0.843022	-0.445116	0.301969
61038	7.512198	1.392365	-1.287509	-0.751331	-1.868423	-0.461467	0.267549	0.101229	0.958212	-0.450835	0.892046	0.031641	-0.851567	-0.440461	0.284303
61039	9.013991	0.722701	0.647349	-1.103007	-1.826861	-0.484159	0.253968	0.088828	0.963125	-0.439979	0.897392	0.033253	-0.861347	-0.432200	0.266991
61040	12.898052	0.004404	3.542721	-1.628454	-1.702800	-0.441057	0.241058	0.077625	0.967401	-0.424799	0.904677	0.033259	-0.872604	-0.418969	0.251054
61041	18.236735	-1.479859	8.130601	-2.841424	-1.088467	-0.162166	0.231986	0.071817	0.970064	-0.399846	0.916161	0.027795	-0.886739	-0.394324	0.241252
61042	19.301477	-4.378531	11.333059	-4.162411	0.008903	0.280915	0.230941	0.074468	0.970114	-0.363282	0.931559	0.014973	-0.902603	-0.355883	0.242188
61043	13.927550	-8.878617	10.825105	-4.688293	0.492479	0.799668	0.232645	0.083570	0.968965	-0.322264	0.946640	-0.004270	-0.917618	-0.311269	0.247163
61044	9.910508	-12.285148	8.207673	-3.625268	-0.115875	1.060059	0.228271	0.093343	0.969113	-0.291263	0.956354	-0.023508	-0.929009	-0.276900	0.245496
61045	9.067883	-11.920238	6.284700	-2.259165	-0.928791	0.595848	0.217919	0.096873	0.971147	-0.272094	0.961639	-0.034869	-0.937271	-0.256645	0.235918
61046	8.790027	-10.048441	2.861404	-1.306085	-1.382997	-0.216224	0.205436	0.091347	0.974398	-0.259385	0.965111	-0.035790	-0.943671	-0.245391	0.221963
61047	8.444296	-8.509742	-1.493419	0.052422	-1.266598	-0.658553	0.195117	0.081991	0.977347	-0.258592	0.965540	-0.029375	-0.946076	-0.247002	0.209596
61048	7.379004	-4.547019	-4.541155	1.794756	-1.086495	-0.790571	0.186908	0.071619	0.979763	-0.274070	0.961541	-0.018004	-0.943372	-0.265158	0.199348
61049	7.248850	0.828100	-3.906276	3.193158	-0.952571	-0.851070	0.180449	0.061020	0.981690	-0.302659	0.953092	-0.003609	-0.935861	-0.296466	0.190453
61050	7.294682	3.357514	-1.419255	3.581850	-0.808311	-0.906448	0.175760	0.049918	0.983167	-0.334422	0.942348	0.011939	-0.925889	-0.330891	0.182321
61051	7.686224	4.913350	1.086272	3.253552	-0.684304	-0.916920	0.172640	0.039086	0.984209	-0.362748	0.931506	0.026637	-0.915756	-0.361619	0.174993
61052	8.556206	6.609911	2.535905	2.403713	-0.681280	-0.786928	0.169310	0.029271	0.985128	-0.383353	0.922801	0.038466	-0.907951	-0.384164	0.167460
61053	10.357919	7.102302	2.149386	1.319480	-1.002611	-0.536644	0.162239	0.020487	0.986539	-0.394344	0.917821	0.045791	-0.904528	-0.396464	0.156986
61054	12.618891	5.859600	2.068894	-0.014127	-1.131960	-0.245713	0.152904	0.013765	0.988145	-0.393858	0.917909	0.048158	-0.906364	-0.396553	0.145773
61055	12.572198	2.246735	2.230350	-1.168923	-0.978921	0.050854	0.143778	0.010530	0.989554	-0.383477	0.922409	0.045902	-0.912290	-0.386071	0.136660
61056	11.543660	-1.856799	1.280136	-1.468906	-1.047029	0.158261	0.133539	0.008045	0.991011	-0.370273	0.927956	0.042361	-0.919274	-0.372602	0.126897
61057	10.814518	-3.512674	-0.013063	-1.213179	-1.047471	0.054734	0.123552	0.004701	0.992327	-0.358912	0.932502	0.040270	-0.925158	-0.361133	0.116899
61058	9.147672	-3.933632	-1.181972	-0.776760	-0.818834	-0.079039	0.116188	0.001058	0.993227	-0.351645	0.935273	0.040139	-0.928895	-0.353926	0.109040
61059	7.801756	-2.768792	-0.901079	-0.027423	-0.755147	-0.178370	0.109660	-0.003247	0.993964	-0.351081	0.935412	0.041789	-0.929901	-0.353545	0.101438
61060	7.971111	-0.880654	-0.505889	0.626468	-0.900792	-0.205198	0.101962	-0.008352	0.994753	-0.356714	0.933158	0.044398	-0.928633	-0.359369	0.092168
61061	9.213388	1.244381	-0.733490	0.970134	-0.984041	-0.215475	0.093330	-0.014128	0.995535	-0.364466	0.930011	0.047366	-0.926528	-0.367259	0.081649
61062	9.879942	2.700910	-1.593770	1.038396	-0.987628	-0.206726	0.084903	-0.019698	0.996194	-0.373914	0.926105	0.050180	-0.923569	-0.376751	0.071264
61063	10.447975	3.464822	-1.575861	0.923565	-1.024683	-0.152611	0.075866	-0.024999	0.996805	-0.382125	0.922634	0.052222	-0.920991	-0.384866	0.060444
61064	10.617969	4.190802	-1.341324	0.674540	-0.973328	-0.112720	0.067290	-0.029791	0.997289	-0.388275	0.919979	0.053680	-0.919083	-0.390835	0.050338
61065	10.244294	3.737236	-0.983113	0.241574	-0.938271	-0.106442	0.058927	-0.034443	0.997668	-0.390216	0.919092	0.054779	-0.918836	-0.392534	0.040719
61066	10.054412	2.813829	-0.941683	-0.262315	-0.980738	-0.103243	0.050255	-0.039208	0.997967	-0.387772	0.920072	0.055675	-0.920384	-0.389782	0.031035
61067	10.190258	1.438436	-1.085820	-0.693640	-1.018325	-0.101373	0.041037	-0.044191	0.998180	-0.380451	0.923073	0.056507	-0.923890	-0.382078	0.021068
61068	10.168869	-0.036922	-0.791087	-0.924305	-1.017938	-0.093465	0.031910	-0.048877	0.998295	-0.371883	0.926513	0.057249	-0.927731	-0.373075	0.011388
61069	10.184238	-1.383326	-0.339345	-0.970253	-0.971255	-0.097505	0.023060	-0.053419	0.998306	-0.362153	0.930303	0.058145	-0.931833	-0.362880	0.002107
61070	9.868098	-2.294997	-0.219176	-0.804277	-0.902780	-0.085249	0.014885	-0.057430	0.998239	-0.354651	0.933137	0.058973	-0.934880	-0.354905	-0.006478
61071	9.631968	-2.385914	-0.115555	-0.405823	-0.892397	-0.066395	0.006613	-0.061203	0.998103	-0.350381	0.934707	0.059638	-0.936584	-0.350110	-0.015263
61072	9.475136	-1.714724	-0.378342	0.074183	-0.888898	-0.061728	-0.001549	-0.064870	0.997893	-0.351094	0.934403	0.060198	-0.936339	-0.350261	-0.024223
61073	9.373907	-0.477924	-0.650610	0.509748	-0.917447	-0.083827	-0.010100	-0.068928	0.997571	-0.355193	0.932810	0.060857	-0.934739	-0.353715	-0.033904
61074	9.328649	0.745949	-0.620131	0.701892	-0.961073	-0.115382	-0.018711	-0.073408	0.997126	-0.361780	0.930220	0.061693	-0.932076	-0.359586	-0.043963
61075	9.380472	1.581459	-1.091687	0.812967	-1.013408	-0.135634	-0.027883	-0.078367	0.996535	-0.368573	0.927487	0.062625	-0.929181	-0.365549	-0.054745
61076	9.820275	2.264333	-1.250387	0.676900	-1.014975	-0.108364	-0.036952	-0.083087	0.995857	-0.374905	0.924902	0.063256	-0.926326	-0.371015	-0.065326
61077	10.137146	2.490616	-1.313566	0.504870	-0.922348	-0.068433	-0.045347	-0.087107	0.995166	-0.379598	0.922970	0.063491	-0.924039	-0.374884	-0.074920
61078	9.936542	2.604718	-0.833337	0.390604	-0.867588	-0.008402	-0.053379	-0.090429	0.994471	-0.383225	0.921489	0.063222	-0.922111	-0.377731	-0.083843
61079	9.870829	2.653430	-0.329164	0.106307	-0.816845	0.044605	-0.061180	-0.093057	0.993779	-0.383792	0.921292	0.062642	-0.921390	-0.377573	-0.092079
61080	10.120630	2.160719	0.052267	-0.234503	-0.699406	0.079085	-0.067983	-0.094938	0.993159	-0.381596	0.922245	0.062038	-0.921826	-0.374768	-0.098925
61081	9.857244	1.456635	0.240914	-0.416354	-0.589414	0.070075	-0.073906	-0.096483	0.992587	-0.377411	0.923987	0.061713	-0.923092	-0.370052	-0.104702
61082	9.482033	0.867466	0.290725	-0.406863	-0.640252	0.041532	-0.080030	-0.098433	0.991920	-0.373635	0.925521	0.061698	-0.924117	-0.365679	-0.110848
61083	9.719018	0.162874	0.515417	-0.354959	-0.689661	0.037900	-0.086713	-0.100557	0.991145	-0.370118	0.926936	0.061662	-0.924929	-0.361494	-0.117596
61084	9.901296	-0.136910	0.574434	-0.219427	-0.664597	0.004892	-0.092934	-0.102884	0.990342	-0.368098	0.927729	0.061837	-0.925131	-0.358796	-0.124089
61085	9.962856	0.208813	0.970227	-0.030651	-0.641830	-0.039448	-0.098883	-0.105513	0.989489	-0.367659	0.927878	0.062202	-0.924689	-0.357644	-0.130544
61086	10.090037	0.742132	1.143730	0.102264	-0.619046	-0.074361	-0.104386	-0.108396	0.988612	-0.368693	0.927430	0.062758	-0.923672	-0.357943	-0.136775
61087	10.141522	1.182581	1.210112	0.132875	-0.582998	-0.094832	-0.109546	-0.111309	0.987730	-0.369883	0.926910	0.063433	-0.922598	-0.358396	-0.142710
61088	10.069831	1.337593	0.924287	0.111388	-0.558169	-0.089220	-0.114417	-0.114116	0.986857	-0.371023	0.926408	0.064109	-0.921548	-0.358811	-0.148336
61089	9.891580	0.950639	-0.272295	0.090438	-0.588930	-0.080271	-0.119674	-0.116900	0.985907	-0.371604	0.926134	0.064706	-0.920646	-0.358623	-0.154275
61090	9.445125	0.617516	-1.656853	0.210012	-0.645121	-0.067114	-0.125413	-0.119817	0.984843	-0.373630	0.925298	0.064994	-0.919061	-0.359815	-0.160812
61091	9.218844	0.609424	-2.436861	0.290493	-0.649950	-0.044560	-0.131318	-0.122523	0.983740	-0.376481	0.924152	0.064845	-0.917070	-0.361844	-0.167485
61092	9.457132	0.621439	-2.898158	0.249993	-0.635267	-0.001644	-0.137187	-0.124820	0.982649	-0.378786	0.923242	0.064392	-0.915260	-0.363380	-0.173937
61093	9.495744	0.483103	-3.083446	0.193035	-0.568417	0.027676	-0.142644	-0.126587	0.981646	-0.380374	0.922636	0.063705	-0.913766	-0.364305	-0.179759
