// General information: 
//  MT Manager version: 2022.2.0 
//  XDA version: 2022.2.0 build 7381 rev 124627 built on 2023-07-19
// Device information: 
//  DeviceId: 00B4CB9F
//  ProductCode: MTW2-3A7G6
//  Firmware Version: 4.6.0
//  Hardware Version: 2.0.0
// Device settings: 
//  Filter Profile: human(46.1)
//  Option Flags: Orientation Smoother Disabled, Position/Velocity Smoother Disabled, Continuous Zero Rotation Update Disabled, AHS Disabled, ICC Disabled
// Coordinate system: ENU
PacketCounter	Acc_X	Acc_Y	Acc_Z	Gyr_X	Gyr_Y	Gyr_Z	Mat[1][1]	Mat[2][1]	Mat[3][1]	Mat[1][2]	Mat[2][2]	Mat[3][2]	Mat[1][3]	Mat[2][3]	Mat[3][3]
11264	9.733050	-0.419840	-0.543131	0.020170	0.036070	-0.010607	0.057010	-0.020091	0.998171	0.589531	-0.806203	-0.049898	0.805731	0.591298	-0.034118
11265	9.736447	-0.393131	-0.486070	0.009889	0.029272	-0.008067	0.056829	-0.020236	0.998179	0.589663	-0.806106	-0.049913	0.805648	0.591426	-0.033878
11266	9.871802	-0.431302	-0.450039	-0.001220	0.034912	-0.006112	0.056572	-0.020417	0.998190	0.589669	-0.806102	-0.049907	0.805661	0.591425	-0.033563
11267	9.859747	-0.505886	-0.376303	0.001693	0.038179	-0.007189	0.056173	-0.020634	0.998208	0.589693	-0.806088	-0.049847	0.805672	0.591436	-0.033113
11268	9.809939	-0.534972	-0.311182	0.008688	0.035680	-0.004403	0.055920	-0.020834	0.998218	0.589778	-0.806025	-0.049862	0.805627	0.591515	-0.032785
11269	9.820232	-0.566963	-0.314878	0.004220	0.036088	-0.000047	0.055764	-0.021090	0.998221	0.589871	-0.805949	-0.049980	0.805569	0.591609	-0.032503
11270	9.805503	-0.613863	-0.288249	0.017855	0.026995	-0.002773	0.055591	-0.021251	0.998227	0.590029	-0.805831	-0.050014	0.805466	0.591764	-0.032258
11271	9.879574	-0.568577	-0.300951	0.027622	0.015786	0.000992	0.055599	-0.021399	0.998224	0.590308	-0.805619	-0.050149	0.805261	0.592048	-0.032160
11272	9.863371	-0.479358	-0.308360	0.041303	0.011366	0.001550	0.055577	-0.021503	0.998223	0.590653	-0.805361	-0.050234	0.805010	0.592395	-0.032059
11273	9.833429	-0.328792	-0.278486	0.035533	0.008149	-0.000953	0.055646	-0.021564	0.998218	0.591004	-0.805096	-0.050338	0.804747	0.592752	-0.032056
11274	9.706915	-0.375319	-0.247394	0.018734	0.018548	-0.002878	0.055540	-0.021675	0.998221	0.591169	-0.804973	-0.050371	0.804633	0.592915	-0.031895
11275	9.671749	-0.466784	-0.298809	0.007923	0.022243	-0.003834	0.055333	-0.021735	0.998231	0.591260	-0.804911	-0.050300	0.804580	0.592998	-0.031687
11276	9.751368	-0.532425	-0.302237	0.016271	0.025319	-0.006759	0.055150	-0.021855	0.998239	0.591408	-0.804803	-0.050293	0.804485	0.593140	-0.031460
11277	9.747898	-0.502481	-0.269375	0.023272	0.021456	-0.011890	0.054965	-0.021911	0.998248	0.591639	-0.804636	-0.050238	0.804327	0.593364	-0.031264
11278	9.749942	-0.583626	-0.227737	0.019710	0.016718	-0.012262	0.054819	-0.021936	0.998255	0.591817	-0.804509	-0.050178	0.804206	0.593535	-0.031120
11279	9.759227	-0.722634	-0.247138	0.052314	0.016260	-0.019381	0.054675	-0.021997	0.998262	0.592288	-0.804164	-0.050160	0.803869	0.594001	-0.030939
11280	9.744575	-0.767762	-0.221193	0.094889	0.021269	-0.021523	0.054437	-0.021975	0.998275	0.593075	-0.803591	-0.050031	0.803305	0.594776	-0.030712
11281	9.776457	-0.754034	-0.225022	0.147830	0.033132	-0.026267	0.054097	-0.021948	0.998294	0.594326	-0.802678	-0.049854	0.802403	0.596009	-0.030378
11282	9.913532	-0.737415	-0.256503	0.195108	0.047190	-0.026343	0.053623	-0.022043	0.998318	0.595918	-0.801506	-0.049706	0.801253	0.597581	-0.029843
11283	9.855612	-0.625778	-0.245033	0.253932	0.055835	-0.019461	0.053095	-0.022229	0.998342	0.597988	-0.799968	-0.049615	0.799744	0.599631	-0.029181
11284	9.845837	-0.403867	-0.335781	0.283253	0.048944	-0.014613	0.052677	-0.022430	0.998360	0.600272	-0.798256	-0.049607	0.798059	0.601901	-0.028585
11285	9.755055	-0.279683	-0.443470	0.269505	0.030255	-0.007197	0.052423	-0.022569	0.998370	0.602450	-0.796612	-0.049642	0.796433	0.604070	-0.028164
11286	9.836076	-0.184129	-0.427253	0.241036	-0.004829	0.005845	0.052557	-0.022610	0.998362	0.604378	-0.795138	-0.049824	0.794962	0.606007	-0.028125
11287	9.806141	0.019650	-0.395919	0.159409	-0.020215	0.009217	0.052805	-0.022547	0.998350	0.605674	-0.794143	-0.049970	0.793959	0.607313	-0.028279
11288	9.768786	0.118100	-0.401175	0.050607	-0.012994	0.005852	0.053004	-0.022537	0.998340	0.606086	-0.793820	-0.050099	0.793631	0.607735	-0.028416
11289	9.818263	-0.095850	-0.363023	-0.021073	0.013467	0.002769	0.053032	-0.022679	0.998335	0.605976	-0.793896	-0.050225	0.793713	0.607631	-0.028359
11290	9.747146	-0.279199	-0.387699	-0.036970	0.028005	0.002587	0.052886	-0.022893	0.998338	0.605695	-0.794106	-0.050296	0.793938	0.607348	-0.028131
11291	9.749606	-0.306474	-0.338191	-0.035734	0.021575	-0.001025	0.052866	-0.023014	0.998336	0.605487	-0.794260	-0.050372	0.794098	0.607142	-0.028054
11292	9.743670	-0.383211	-0.241962	-0.054209	0.010399	0.005682	0.052878	-0.023145	0.998333	0.605067	-0.794574	-0.050470	0.794417	0.606727	-0.028011
11293	9.800089	-0.545288	-0.174057	-0.051340	0.004267	-0.001913	0.052929	-0.023156	0.998330	0.604716	-0.794839	-0.050496	0.794680	0.606379	-0.028067
11294	9.788001	-0.565398	-0.096465	-0.022536	-0.000040	0.009981	0.053050	-0.023258	0.998321	0.604546	-0.794959	-0.050646	0.794802	0.606217	-0.028112
11295	9.809800	-0.468418	-0.091655	-0.006610	-0.009880	0.013396	0.053263	-0.023278	0.998309	0.604531	-0.794960	-0.050791	0.794799	0.606215	-0.028269
11296	9.923745	-0.363671	-0.163551	-0.012167	-0.018390	0.012744	0.053547	-0.023291	0.998294	0.604442	-0.795017	-0.050970	0.794848	0.606139	-0.028493
11297	9.889643	-0.349288	-0.205244	-0.039837	-0.020917	0.017744	0.053963	-0.023225	0.998273	0.604198	-0.795190	-0.051161	0.795005	0.605915	-0.028878
11298	9.893717	-0.326129	-0.231244	-0.068386	-0.020395	0.015550	0.054280	-0.023248	0.998255	0.603659	-0.795587	-0.051352	0.795393	0.605393	-0.029150
11299	9.789266	-0.385959	-0.287287	-0.089081	-0.009568	0.011456	0.054436	-0.023272	0.998246	0.602970	-0.796104	-0.051440	0.795905	0.604712	-0.029304
11300	9.736897	-0.498445	-0.363891	-0.093548	-0.009839	0.011840	0.054646	-0.023330	0.998233	0.602232	-0.796653	-0.051587	0.796449	0.603987	-0.029484
11301	9.702268	-0.537627	-0.411008	-0.070693	-0.004931	0.014087	0.054874	-0.023403	0.998219	0.601720	-0.797028	-0.051764	0.796820	0.603489	-0.029654
11302	9.720738	-0.521245	-0.466210	-0.054354	-0.009475	0.009210	0.055066	-0.023442	0.998207	0.601296	-0.797340	-0.051896	0.797127	0.603076	-0.029811
11303	9.743417	-0.614261	-0.433881	-0.031579	-0.008579	0.012195	0.055332	-0.023447	0.998193	0.601109	-0.797470	-0.052052	0.797249	0.602903	-0.030031
11304	9.728930	-0.607718	-0.404531	-0.005316	-0.012330	0.009023	0.055545	-0.023467	0.998180	0.601075	-0.797486	-0.052197	0.797260	0.602881	-0.030191
11305	9.774113	-0.548668	-0.360207	0.013867	-0.016195	0.011683	0.055865	-0.023447	0.998163	0.601246	-0.797346	-0.052380	0.797109	0.603067	-0.030446
11306	9.876053	-0.464012	-0.354488	0.018306	-0.019191	0.015941	0.056175	-0.023481	0.998145	0.601396	-0.797218	-0.052601	0.796974	0.603235	-0.030662
11307	9.890149	-0.363196	-0.296287	0.014866	-0.010558	0.021391	0.056420	-0.023588	0.998128	0.601534	-0.797097	-0.052839	0.796852	0.603390	-0.030783
11308	9.770646	-0.336075	-0.438048	-0.006388	0.007486	0.018430	0.056532	-0.023803	0.998117	0.601487	-0.797118	-0.053077	0.796880	0.603355	-0.030745
11309	9.709646	-0.388546	-0.375676	-0.034359	0.001555	0.019086	0.056693	-0.023975	0.998104	0.601245	-0.797285	-0.053303	0.797051	0.603126	-0.030786
11310	9.670188	-0.507268	-0.404334	-0.037834	0.004788	0.017329	0.056821	-0.024165	0.998092	0.600947	-0.797495	-0.053520	0.797267	0.602841	-0.030792
11311	9.717900	-0.586507	-0.401841	-0.042067	-0.001442	0.015555	0.056955	-0.024283	0.998081	0.600635	-0.797719	-0.053683	0.797492	0.602541	-0.030848
11312	9.765536	-0.555632	-0.309729	-0.037319	-0.006398	0.016923	0.057168	-0.024402	0.998066	0.600342	-0.797925	-0.053896	0.797698	0.602262	-0.030966
11313	9.780281	-0.644855	-0.223422	-0.023536	-0.006801	0.016770	0.057431	-0.024472	0.998049	0.600211	-0.798009	-0.054105	0.797777	0.602148	-0.031142
11314	9.808252	-0.605456	-0.201511	-0.008798	-0.007684	0.015170	0.057645	-0.024570	0.998035	0.600146	-0.798045	-0.054310	0.797811	0.602097	-0.031257
11315	9.857164	-0.576192	-0.186578	-0.002333	-0.004364	0.011156	0.057776	-0.024609	0.998026	0.600157	-0.798028	-0.054421	0.797793	0.602117	-0.031338
11316	9.937761	-0.535472	-0.178857	0.001196	-0.002901	0.016156	0.057958	-0.024743	0.998012	0.600171	-0.798003	-0.054638	0.797769	0.602145	-0.031400
11317	9.851722	-0.467881	-0.196923	-0.003792	0.008011	0.016962	0.058031	-0.024989	0.998002	0.600159	-0.797996	-0.054879	0.797773	0.602145	-0.031311
11318	9.754871	-0.531904	-0.304466	-0.009538	0.008052	0.009833	0.058087	-0.025139	0.997995	0.600091	-0.798037	-0.055030	0.797820	0.602084	-0.031270
11319	9.757742	-0.616503	-0.340535	-0.002829	0.006830	0.011554	0.058084	-0.025297	0.997991	0.600075	-0.798040	-0.055154	0.797832	0.602073	-0.031173
11320	9.801802	-0.666196	-0.307604	0.010838	-0.001564	0.012821	0.058234	-0.025413	0.997979	0.600168	-0.797957	-0.055340	0.797751	0.602178	-0.031216
11321	9.779579	-0.655353	-0.223589	0.031272	-0.007896	0.011145	0.058520	-0.025464	0.997961	0.600490	-0.797699	-0.055567	0.797488	0.602518	-0.031390
11322	9.746588	-0.666073	-0.139945	0.039497	-0.017501	0.006350	0.058759	-0.025432	0.997948	0.600815	-0.797445	-0.055698	0.797225	0.602855	-0.031577
11323	9.757316	-0.644817	-0.141441	0.054956	-0.012914	0.005468	0.058902	-0.025404	0.997940	0.601272	-0.797095	-0.055780	0.796871	0.603319	-0.031676
11324	9.763374	-0.568133	-0.236991	0.059711	-0.018576	0.002873	0.059129	-0.025337	0.997929	0.601760	-0.796720	-0.055883	0.796485	0.603818	-0.031862
11325	9.800384	-0.534509	-0.346690	0.056544	-0.015172	0.010094	0.059317	-0.025314	0.997918	0.602224	-0.796360	-0.055997	0.796120	0.604292	-0.031993
11326	9.830746	-0.498777	-0.480042	0.033668	-0.022584	0.016446	0.059657	-0.025331	0.997898	0.602497	-0.796138	-0.056228	0.795889	0.604584	-0.032233
11327	9.758927	-0.439128	-0.531461	0.006291	-0.030277	0.023220	0.060129	-0.025338	0.997869	0.602584	-0.796051	-0.056523	0.795787	0.604699	-0.032598
11328	9.723907	-0.479402	-0.580057	-0.007742	-0.024623	0.021601	0.060517	-0.025383	0.997844	0.602523	-0.796078	-0.056792	0.795804	0.604661	-0.032882
11329	9.699351	-0.441059	-0.544789	-0.010817	-0.016091	0.011593	0.060750	-0.025356	0.997831	0.602463	-0.796116	-0.056909	0.795832	0.604613	-0.033087
11330	9.709315	-0.473989	-0.552926	-0.012331	-0.010543	0.002281	0.060908	-0.025333	0.997822	0.602377	-0.796175	-0.056984	0.795884	0.604536	-0.033234
11331	9.809073	-0.495013	-0.482151	-0.006768	-0.002057	0.002952	0.061031	-0.025388	0.997813	0.602376	-0.796168	-0.057102	0.795876	0.604543	-0.033298
11332	9.869874	-0.578507	-0.432793	-0.003130	0.005254	-0.005339	0.061018	-0.025400	0.997813	0.602368	-0.796173	-0.057103	0.795883	0.604535	-0.033281
11333	9.805438	-0.599290	-0.340216	0.001617	0.001005	-0.000017	0.061078	-0.025395	0.997810	0.602428	-0.796125	-0.057138	0.795833	0.604599	-0.033326
11334	9.823366	-0.660415	-0.199271	0.012530	0.002027	0.004164	0.061148	-0.025463	0.997804	0.602540	-0.796034	-0.057239	0.795743	0.604716	-0.033333
11335	9.787060	-0.641252	-0.084388	0.008287	-0.002780	0.010312	0.061315	-0.025509	0.997792	0.602653	-0.795938	-0.057382	0.795644	0.604841	-0.033430
11336	9.797804	-0.620400	-0.084798	0.010261	0.000961	0.010655	0.061433	-0.025622	0.997782	0.602742	-0.795858	-0.057548	0.795568	0.604941	-0.033449
11337	9.722307	-0.640191	-0.193285	0.007733	0.003000	0.003505	0.061485	-0.025680	0.997778	0.602839	-0.795779	-0.057630	0.795490	0.605043	-0.033448
11338	9.773590	-0.613792	-0.331912	0.008692	0.002521	0.002054	0.061539	-0.025734	0.997773	0.602921	-0.795711	-0.057708	0.795424	0.605130	-0.033452
11339	9.779670	-0.536962	-0.426166	0.014449	0.001069	0.001261	0.061646	-0.025736	0.997766	0.603094	-0.795575	-0.057782	0.795285	0.605308	-0.033523
11340	9.888904	-0.320140	-0.507409	0.001207	-0.005718	0.000332	0.061754	-0.025726	0.997760	0.603117	-0.795553	-0.057841	0.795259	0.605338	-0.033613
11341	9.932117	-0.232495	-0.509904	-0.036735	-0.012399	-0.000652	0.061896	-0.025639	0.997753	0.602861	-0.795747	-0.057847	0.795442	0.605087	-0.033797
11342	9.933365	-0.258210	-0.386349	-0.082412	0.001965	0.006040	0.061978	-0.025721	0.997746	0.602215	-0.796229	-0.057934	0.795924	0.604449	-0.033859
11343	9.800883	-0.437126	-0.345274	-0.102830	0.006904	-0.000194	0.061994	-0.025793	0.997743	0.601446	-0.796807	-0.057969	0.796504	0.603683	-0.033885
11344	9.792798	-0.542319	-0.381291	-0.103391	0.010141	0.001586	0.061984	-0.025889	0.997741	0.600636	-0.797416	-0.058005	0.797117	0.602874	-0.033877
11345	9.901421	-0.569665	-0.440026	-0.082104	0.018673	0.007097	0.061875	-0.026065	0.997744	0.599995	-0.797895	-0.058052	0.797607	0.602233	-0.033731
11346	9.807887	-0.471715	-0.602911	-0.047803	0.043194	0.011115	0.061658	-0.026436	0.997747	0.599621	-0.798165	-0.058203	0.797905	0.601859	-0.033362
11347	9.732705	-0.491231	-0.708026	-0.041138	0.037983	0.013525	0.061509	-0.026744	0.997748	0.599333	-0.798370	-0.058347	0.798133	0.601573	-0.033079
11348	9.735217	-0.520074	-0.657404	-0.027306	0.041546	0.012670	0.061314	-0.027117	0.997750	0.599122	-0.798516	-0.058520	0.798307	0.601362	-0.032714
11349	9.702463	-0.531232	-0.569194	-0.026754	0.035051	0.015503	0.061187	-0.027374	0.997751	0.598943	-0.798642	-0.058642	0.798451	0.601184	-0.032471
11350	9.653705	-0.643456	-0.464338	-0.027104	0.032321	0.015129	0.061080	-0.027712	0.997748	0.598731	-0.798786	-0.058839	0.798617	0.600977	-0.032198
11351	9.650705	-0.586430	-0.223202	0.000065	0.029414	0.018445	0.061020	-0.028054	0.997742	0.598773	-0.798737	-0.059079	0.798591	0.601026	-0.031941
11352	9.599779	-0.561421	-0.075232	-0.003521	0.024675	0.018096	0.060992	-0.028369	0.997735	0.598748	-0.798738	-0.059313	0.798612	0.601009	-0.031731
11353	9.713327	-0.701581	-0.122844	-0.007171	0.015243	0.014496	0.061016	-0.028571	0.997728	0.598727	-0.798741	-0.059488	0.798625	0.600997	-0.031630
11354	9.829811	-0.734603	-0.234782	0.014545	0.011128	0.011765	0.061059	-0.028754	0.997720	0.598851	-0.798635	-0.059665	0.798530	0.601128	-0.031544
11355	9.790666	-0.717686	-0.373669	0.034050	0.008521	0.006905	0.061147	-0.028880	0.997711	0.599187	-0.798370	-0.059832	0.798270	0.601474	-0.031513
11356	9.825893	-0.655640	-0.527504	0.048838	0.010893	0.000668	0.061125	-0.028973	0.997710	0.599591	-0.798061	-0.059909	0.797969	0.601880	-0.031410
11357	9.739461	-0.640097	-0.551241	0.062911	0.007091	-0.010260	0.060933	-0.028868	0.997724	0.600086	-0.797703	-0.059729	0.797611	0.602360	-0.031283
11358	9.734973	-0.774082	-0.616926	0.076697	0.005959	-0.014360	0.060861	-0.028811	0.997730	0.600720	-0.797230	-0.059665	0.797139	0.602988	-0.031212
11359	9.751663	-0.808425	-0.599363	0.109662	0.000913	-0.015798	0.060777	-0.028667	0.997740	0.601630	-0.796553	-0.059535	0.796459	0.603888	-0.031166
11360	9.736033	-0.798245	-0.491418	0.128399	-0.014398	-0.016066	0.060856	-0.028474	0.997740	0.602676	-0.795767	-0.059469	0.795662	0.604933	-0.031267
11361	9.809025	-0.750586	-0.430215	0.134457	-0.021769	-0.019071	0.061036	-0.028146	0.997739	0.603817	-0.794909	-0.059363	0.794782	0.606075	-0.031523
11362	9.861120	-0.692183	-0.362686	0.128348	-0.027000	-0.017989	0.061203	-0.027861	0.997736	0.604862	-0.794121	-0.059278	0.793975	0.607121	-0.031751
11363	10.074767	-0.549898	-0.279816	0.103027	-0.027634	-0.015588	0.061409	-0.027571	0.997732	0.605739	-0.793457	-0.059209	0.793290	0.608001	-0.032025
11364	10.051358	-0.344606	-0.148318	0.048018	-0.010421	0.002653	0.061569	-0.027550	0.997723	0.606133	-0.793149	-0.059305	0.792977	0.608404	-0.032135
11365	9.811295	-0.308185	-0.153696	-0.020227	0.001812	0.007430	0.061654	-0.027642	0.997715	0.606012	-0.793233	-0.059426	0.793062	0.608291	-0.032155
11366	9.692006	-0.469539	-0.266737	-0.087197	0.010168	-0.000035	0.061634	-0.027725	0.997714	0.605335	-0.793748	-0.059452	0.793581	0.607615	-0.032139
11367	9.683765	-0.684855	-0.391569	-0.093767	0.017947	-0.011116	0.061445	-0.027732	0.997725	0.604624	-0.794299	-0.059314	0.794137	0.606893	-0.032039
11368	9.605844	-0.728473	-0.552185	-0.075863	0.030155	-0.027860	0.061098	-0.027715	0.997747	0.604053	-0.794752	-0.059066	0.794599	0.606301	-0.031817
11369	9.587450	-0.661949	-0.613296	-0.059704	0.033383	-0.043145	0.060654	-0.027512	0.997780	0.603644	-0.795096	-0.058618	0.794943	0.605860	-0.031619
11370	9.667305	-0.723278	-0.615157	-0.029818	0.032211	-0.057856	0.060110	-0.027268	0.997819	0.603456	-0.795278	-0.058086	0.795127	0.605632	-0.031349
11371	9.724410	-0.935801	-0.628855	0.013250	0.034565	-0.066943	0.059571	-0.026922	0.997861	0.603670	-0.795159	-0.057491	0.795006	0.605803	-0.031116
11372	9.847270	-1.042825	-0.519624	0.081247	0.034452	-0.058323	0.059006	-0.026689	0.997901	0.604364	-0.794667	-0.056989	0.794520	0.606458	-0.030760
11373	9.814614	-0.937114	-0.341229	0.129571	0.023550	-0.050610	0.058541	-0.026474	0.997934	0.605461	-0.793861	-0.056578	0.793719	0.607522	-0.030444
11374	9.852991	-0.813732	-0.232209	0.141754	0.019634	-0.042176	0.058191	-0.026280	0.997960	0.606625	-0.792996	-0.056254	0.792856	0.608660	-0.030203
11375	9.841161	-0.829605	-0.151624	0.143102	0.017955	-0.042619	0.057884	-0.026050	0.997983	0.607835	-0.792091	-0.055930	0.791951	0.609846	-0.030015
11376	9.810159	-0.703803	-0.252953	0.148097	0.025748	-0.039524	0.057501	-0.025915	0.998009	0.609044	-0.791183	-0.055635	0.791049	0.611031	-0.029710
11377	9.758662	-0.513961	-0.340848	0.160497	0.033129	-0.037250	0.057012	-0.025852	0.998039	0.610355	-0.790193	-0.055334	0.790074	0.612312	-0.029271
11378	9.562248	-0.497976	-0.433873	0.168705	0.032096	-0.048592	0.056523	-0.025686	0.998071	0.611729	-0.789156	-0.054953	0.789046	0.613655	-0.028892
11379	9.507278	-0.522282	-0.469556	0.178914	0.014352	-0.050905	0.056193	-0.025341	0.998098	0.613212	-0.788034	-0.054532	0.787917	0.615110	-0.028742
11380	9.665962	-0.459761	-0.505350	0.195773	0.001752	-0.069891	0.055811	-0.024822	0.998133	0.614807	-0.786831	-0.053945	0.786700	0.616670	-0.028653
11381	9.685293	-0.162685	-0.454189	0.164467	-0.015701	-0.075600	0.055611	-0.024113	0.998161	0.616206	-0.785779	-0.053313	0.785619	0.618038	-0.028839
11382	9.835397	-0.004599	-0.227072	0.051237	-0.024287	-0.077973	0.055382	-0.023370	0.998192	0.616666	-0.785465	-0.052604	0.785274	0.618464	-0.029089
11383	9.913522	-0.246783	-0.047800	-0.081301	-0.019028	-0.072541	0.055173	-0.022639	0.998220	0.616112	-0.785948	-0.051878	0.785724	0.617878	-0.029415
11384	9.917349	-0.510854	0.022458	-0.173126	-0.014230	-0.066300	0.054938	-0.022050	0.998246	0.614802	-0.787017	-0.051220	0.786766	0.616537	-0.029681
11385	9.976987	-0.692521	0.137112	-0.192137	0.002297	-0.067335	0.054556	-0.021539	0.998278	0.613363	-0.788183	-0.050527	0.787914	0.615064	-0.029789
11386	9.935942	-0.797859	0.263379	-0.148652	0.012965	-0.078157	0.054037	-0.021023	0.998318	0.612249	-0.789098	-0.049757	0.788817	0.613907	-0.029769
11387	9.935480	-0.974260	0.448399	-0.042409	0.025221	-0.095105	0.053332	-0.020452	0.998367	0.612011	-0.789339	-0.048863	0.789049	0.613617	-0.029581
11388	10.073685	-1.136359	0.524677	0.087170	0.087177	-0.113960	0.052008	-0.020108	0.998444	0.612773	-0.788812	-0.047805	0.788546	0.614306	-0.028703
11389	9.768495	-1.303518	0.472945	0.206881	0.085326	-0.125293	0.050720	-0.019654	0.998520	0.614530	-0.787509	-0.046716	0.787261	0.615990	-0.027864
11390	9.881476	-1.289719	0.478191	0.319686	0.059807	-0.117447	0.049588	-0.019119	0.998587	0.617118	-0.785544	-0.045685	0.785307	0.618511	-0.027155
11391	9.867046	-1.137109	0.405670	0.371745	0.071131	-0.102407	0.048484	-0.018779	0.998647	0.620114	-0.783229	-0.044835	0.783012	0.621449	-0.026329
11392	9.774061	-1.033131	0.248687	0.383598	0.080890	-0.091252	0.047347	-0.018589	0.998706	0.623172	-0.780842	-0.044077	0.780650	0.624452	-0.025386
11393	9.795879	-0.689027	0.083264	0.375820	0.100284	-0.080682	0.046149	-0.018579	0.998762	0.626160	-0.778485	-0.043414	0.778328	0.627388	-0.024293
11394	9.749634	-0.318299	-0.163105	0.336637	0.127243	-0.072258	0.044769	-0.018836	0.998820	0.628824	-0.776367	-0.042826	0.776257	0.630000	-0.022913
11395	9.665206	0.095121	-0.422473	0.254311	0.119461	-0.075148	0.043493	-0.019017	0.998873	0.630863	-0.774745	-0.042219	0.774675	0.631988	-0.021699
11396	9.769716	0.311451	-0.677111	0.128064	0.084761	-0.084244	0.042368	-0.018919	0.998923	0.631905	-0.773936	-0.041459	0.773887	0.632981	-0.020835
11397	9.590509	0.368242	-0.871844	0.005635	0.056696	-0.096640	0.041395	-0.018516	0.998971	0.632011	-0.773898	-0.040534	0.773853	0.633039	-0.020333
11398	9.546947	0.070310	-0.983291	-0.118795	0.016026	-0.111681	0.040628	-0.017772	0.999016	0.631152	-0.774655	-0.039448	0.774594	0.632134	-0.020256
11399	9.697936	-0.473595	-0.994428	-0.173670	-0.022687	-0.121086	0.040064	-0.016662	0.999058	0.629869	-0.775762	-0.038197	0.775668	0.630806	-0.020586
11400	9.881407	-0.835297	-0.825761	-0.151353	-0.042760	-0.115764	0.039730	-0.015513	0.999090	0.628755	-0.776719	-0.037063	0.776588	0.629656	-0.021105
11401	10.169104	-0.884460	-0.355691	-0.076997	-0.049345	-0.098724	0.039667	-0.014436	0.999109	0.628258	-0.777164	-0.036173	0.776993	0.629133	-0.021758
11402	10.338400	-0.575512	0.356483	-0.017872	-0.019894	-0.075479	0.039410	-0.013743	0.999129	0.628164	-0.777272	-0.035469	0.777082	0.629014	-0.021999
11403	10.363479	-0.250240	1.214538	-0.024947	0.022112	-0.065572	0.038976	-0.013379	0.999151	0.628047	-0.777392	-0.034909	0.777199	0.628874	-0.021897
11404	10.380821	-0.084089	2.116917	-0.087017	0.082193	-0.056628	0.038044	-0.013474	0.999185	0.627407	-0.777932	-0.034379	0.777761	0.628204	-0.021142
11405	10.418925	-0.147522	3.002351	-0.130661	0.200009	-0.074716	0.036177	-0.014185	0.999245	0.626461	-0.778723	-0.033735	0.778613	0.627208	-0.019285
11406	10.256963	-0.423256	3.782801	-0.139310	0.367409	-0.094328	0.032787	-0.015772	0.999338	0.625423	-0.779595	-0.032823	0.779596	0.626085	-0.015697
11407	10.209561	-0.743377	4.135267	-0.114657	0.504813	-0.107343	0.028174	-0.018159	0.999438	0.624534	-0.780350	-0.031783	0.780489	0.625079	-0.010645
11408	10.126853	-0.792975	4.074735	-0.062353	0.596703	-0.090422	0.023013	-0.021200	0.999510	0.624087	-0.780743	-0.030929	0.781016	0.624493	-0.004736
11409	10.071249	-0.451829	4.075090	-0.038628	0.672681	-0.082058	0.017270	-0.024736	0.999545	0.623781	-0.781019	-0.030106	0.781408	0.624017	0.001941
11410	10.012691	0.076865	4.075453	-0.048791	0.771570	-0.090214	0.010740	-0.028863	0.999526	0.623429	-0.781333	-0.029261	0.781807	0.623447	0.009603
11411	10.023205	0.411100	4.077155	-0.074620	0.893293	-0.104152	0.003137	-0.033672	0.999428	0.622803	-0.781866	-0.028297	0.782372	0.622536	0.018518
11412	9.775970	0.618338	4.087008	-0.097345	1.025424	-0.102813	-0.005466	-0.039265	0.999214	0.622058	-0.782494	-0.027346	0.782952	0.621419	0.028702
11413	9.670334	0.649170	3.907871	-0.142840	1.140927	-0.096465	-0.014914	-0.045660	0.998846	0.620881	-0.783456	-0.026543	0.783763	0.619768	0.040034
11414	9.900542	0.634033	3.617860	-0.261159	1.251754	-0.111506	-0.025362	-0.052547	0.998296	0.618828	-0.785110	-0.025604	0.785117	0.617124	0.052429
11415	10.797369	0.832654	3.316904	-0.327613	1.338086	-0.165675	-0.036896	-0.059498	0.997546	0.616136	-0.787269	-0.024167	0.786775	0.613732	0.065706
11416	12.089673	0.935595	3.575683	-0.380257	1.491966	-0.238836	-0.050053	-0.066763	0.996513	0.613056	-0.789730	-0.022116	0.788452	0.609811	0.080458
11417	12.607595	0.720164	3.782346	-0.453431	1.686690	-0.263192	-0.065036	-0.074969	0.995063	0.609239	-0.792737	-0.019907	0.790316	0.604936	0.097231
11418	12.521465	0.222794	3.659918	-0.493328	1.871082	-0.252116	-0.081308	-0.084256	0.993121	0.605172	-0.795892	-0.017977	0.791932	0.599547	0.115702
11419	11.928954	-0.229879	3.414541	-0.417025	1.942176	-0.220135	-0.098049	-0.094137	0.990719	0.601585	-0.798642	-0.016349	0.792769	0.594398	0.134938
11420	11.472615	-0.452350	3.309227	-0.257034	1.912006	-0.186555	-0.114262	-0.103995	0.987993	0.599372	-0.800332	-0.014924	0.792274	0.590469	0.153779
11421	11.122455	-0.546857	3.087780	-0.101282	1.801252	-0.160807	-0.129443	-0.113431	0.985078	0.598272	-0.801177	-0.013640	0.790769	0.587579	0.171569
11422	11.040408	-0.313335	2.442817	-0.022940	1.628609	-0.142900	-0.143098	-0.121860	0.982178	0.597920	-0.801461	-0.012325	0.788679	0.585500	0.187550
11423	11.456023	0.548339	1.754713	-0.095034	1.474341	-0.142641	-0.155568	-0.129385	0.979315	0.596864	-0.802264	-0.011179	0.787116	0.582779	0.202032
11424	11.827888	1.338587	1.286958	-0.257657	1.446279	-0.173107	-0.167917	-0.136418	0.976317	0.594582	-0.803972	-0.010074	0.786305	0.578809	0.216112
11425	11.433981	1.568149	0.958231	-0.441062	1.519081	-0.212120	-0.181071	-0.143511	0.972943	0.590662	-0.806868	-0.009089	0.786341	0.573034	0.230867
11426	10.548781	1.183221	0.848512	-0.543203	1.564669	-0.217816	-0.194597	-0.150687	0.969240	0.586006	-0.810264	-0.008317	0.786593	0.566362	0.245979
11427	9.571049	0.672434	0.740892	-0.558326	1.528587	-0.189563	-0.207799	-0.157773	0.965364	0.581180	-0.813737	-0.007890	0.786797	0.559410	0.260788
11428	9.250906	-0.073088	0.725608	-0.553128	1.433436	-0.121353	-0.219721	-0.164778	0.961546	0.576595	-0.816988	-0.008249	0.786931	0.552611	0.274519
11429	9.199805	-0.954844	0.650482	-0.561622	1.307373	0.005673	-0.229894	-0.171935	0.957908	0.572169	-0.820076	-0.009877	0.787256	0.545814	0.286907
11430	9.333215	-1.720472	0.483972	-0.501751	1.213834	0.123757	-0.238685	-0.179564	0.954351	0.568537	-0.822562	-0.012575	0.787271	0.539582	0.298422
11431	9.159208	-2.345176	0.484178	-0.202182	1.127781	0.180852	-0.246548	-0.187141	0.950890	0.567344	-0.823345	-0.014938	0.785706	0.535799	0.309168
11432	8.700812	-1.980542	0.355213	0.146976	0.954525	0.169273	-0.253011	-0.193671	0.947880	0.568948	-0.822215	-0.016129	0.782485	0.535214	0.318219
11433	9.482300	-1.427713	-2.010372	0.046304	0.930689	0.102339	-0.259697	-0.199503	0.944858	0.569535	-0.821792	-0.016980	0.779864	0.533720	0.327040
11434	9.163239	-0.755262	-1.697344	0.239967	1.017295	0.018059	-0.267448	-0.205105	0.941490	0.571478	-0.820453	-0.016398	0.775812	0.533655	0.336642
11435	8.401846	-0.029248	-0.015682	0.437003	0.968743	-0.034728	-0.275150	-0.210038	0.938177	0.574740	-0.818205	-0.014618	0.770692	0.535186	0.345847
11436	7.774110	0.379584	0.072334	0.442125	0.866895	-0.037320	-0.281966	-0.214406	0.935161	0.578063	-0.815893	-0.012766	0.765728	0.536982	0.353994
11437	7.433697	0.901527	0.065511	0.339743	0.775571	-0.031409	-0.288036	-0.218291	0.932408	0.580582	-0.814124	-0.011247	0.761551	0.538100	0.361233
11438	7.268104	1.428547	0.217422	0.081357	0.679130	-0.027213	-0.293299	-0.221745	0.929949	0.581152	-0.813724	-0.010741	0.759103	0.537292	0.367532
11439	7.154870	1.726378	0.190427	-0.260536	0.576451	-0.002358	-0.297666	-0.224821	0.927820	0.579194	-0.815106	-0.011691	0.758900	0.533908	0.372844
11440	7.174565	1.743734	0.092357	-0.646693	0.478364	0.059206	-0.300901	-0.227868	0.926032	0.574487	-0.818382	-0.014708	0.761199	0.527567	0.377159
11441	7.325652	1.010224	-0.124006	-0.992426	0.383698	0.153954	-0.302879	-0.231084	0.924589	0.567452	-0.823167	-0.019849	0.765678	0.518648	0.380449
11442	7.404597	-0.307882	-0.135579	-1.174349	0.328337	0.246939	-0.303953	-0.234836	0.923290	0.559207	-0.828599	-0.026657	0.771297	0.508208	0.383177
11443	7.222706	-1.403060	0.196609	-1.157660	0.304683	0.306051	-0.304561	-0.238951	0.922033	0.551217	-0.833670	-0.033976	0.776790	0.497892	0.385617
11444	7.217534	-2.078902	0.760417	-1.029500	0.261148	0.334308	-0.304707	-0.243061	0.920910	0.544244	-0.837920	-0.041080	0.781634	0.488683	0.387605
11445	7.362289	-2.562011	1.426873	-0.798867	0.225604	0.358031	-0.304473	-0.247181	0.919890	0.539132	-0.840881	-0.047504	0.785260	0.481478	0.389289
11446	7.776855	-2.655227	2.114484	-0.433058	0.172407	0.344041	-0.303920	-0.250931	0.919057	0.536805	-0.842077	-0.052399	0.787066	0.477430	0.390625
11447	8.214780	-2.221047	3.348807	-0.010769	0.152006	0.297410	-0.303462	-0.254191	0.918313	0.537663	-0.841350	-0.055214	0.786657	0.476987	0.391986
11448	7.937204	-1.123758	4.398344	0.421117	0.142861	0.272779	-0.303054	-0.257194	0.917611	0.541828	-0.838614	-0.056106	0.783952	0.480185	0.393500
11449	7.595898	0.272785	4.825875	0.688560	0.106605	0.224559	-0.302599	-0.259613	0.917079	0.547925	-0.834684	-0.055495	0.779879	0.485698	0.394824
11450	7.578978	1.216508	5.605219	0.797028	0.153717	0.155395	-0.302880	-0.261686	0.916398	0.554624	-0.830360	-0.053807	0.775020	0.491959	0.396636
11451	7.421529	1.265527	5.886561	0.554761	0.121164	0.104954	-0.303171	-0.263178	0.915874	0.559273	-0.827313	-0.052600	0.771558	0.496276	0.398006
11452	7.578107	0.706918	5.512817	0.136588	-0.025773	0.084953	-0.302439	-0.263779	0.915943	0.560614	-0.826387	-0.052877	0.770871	0.497499	0.397810
11453	8.301417	-0.024197	5.327832	-0.252643	-0.206151	0.129909	-0.300063	-0.263853	0.916703	0.559093	-0.827272	-0.055105	0.772902	0.495987	0.395752
11454	9.128417	-1.169172	5.651681	-0.486580	-0.302273	0.215367	-0.296462	-0.264169	0.917783	0.555997	-0.829085	-0.059041	0.776516	0.492781	0.392669
11455	9.588067	-2.373961	5.961634	-0.608868	-0.297393	0.288987	-0.292497	-0.265138	0.918775	0.552133	-0.831287	-0.064117	0.780766	0.488532	0.389540
11456	8.758979	-2.773404	5.440823	-0.573339	-0.289667	0.365186	-0.288161	-0.266795	0.919665	0.548736	-0.833082	-0.069740	0.784763	0.484556	0.386462
11457	7.572982	-1.974911	4.332625	-0.466366	-0.422083	0.397804	-0.282618	-0.268103	0.921004	0.546217	-0.834258	-0.075240	0.788527	0.481804	0.382218
11458	7.846962	-1.084997	4.059575	-0.324106	-0.526721	0.341699	-0.276534	-0.268448	0.922748	0.544642	-0.834877	-0.079663	0.791767	0.480538	0.377080
11459	8.732442	-0.708099	4.837719	-0.111977	-0.457607	0.263428	-0.271432	-0.268483	0.924252	0.544477	-0.834702	-0.082570	0.793643	0.480821	0.372748
11460	8.881327	-0.680617	5.309137	-0.034989	-0.374283	0.256629	-0.267003	-0.268851	0.925434	0.544919	-0.834157	-0.085116	0.794841	0.481561	0.369225
11461	8.083808	-0.938486	4.854042	-0.070822	-0.457784	0.260997	-0.261909	-0.268867	0.926884	0.545017	-0.833808	-0.087863	0.796467	0.482156	0.364919
11462	8.269643	-0.982290	5.737118	-0.204406	-0.544897	0.258197	-0.256098	-0.268421	0.928636	0.544085	-0.834076	-0.091042	0.798991	0.481941	0.359649
11463	7.800808	-1.889743	6.449851	-0.587479	-0.594601	0.409038	-0.249084	-0.269022	0.930368	0.540397	-0.835801	-0.096999	0.803697	0.478607	0.353563
11464	6.499522	-2.998002	2.743298	-0.784264	-1.000528	0.678708	-0.237299	-0.269960	0.933172	0.535746	-0.837686	-0.106100	0.810349	0.474766	0.343412
11465	7.337600	-2.670171	-1.415425	-0.456912	-1.320692	0.747510	-0.222539	-0.270005	0.936789	0.533710	-0.837853	-0.114704	0.815862	0.474447	0.330559
11466	9.868057	-2.074735	-1.728627	-0.041169	-1.325354	0.653998	-0.208153	-0.269197	0.940322	0.534808	-0.836262	-0.121020	0.818934	0.477701	0.318039
11467	12.391209	-1.907532	0.658420	0.678825	-1.168261	0.477395	-0.195990	-0.267595	0.943388	0.541303	-0.831714	-0.123462	0.817667	0.486461	0.307857
11468	13.329542	-1.102091	5.175912	2.083061	-0.873378	0.317641	-0.187084	-0.265911	0.945669	0.558868	-0.820506	-0.120155	0.807878	0.506025	0.302113
11469	11.876851	2.422084	7.453745	3.192136	-0.900219	0.267805	-0.178315	-0.263448	0.948050	0.584861	-0.803197	-0.113191	0.791291	0.534294	0.297303
11470	11.664659	7.747171	6.442840	3.129026	-1.118191	0.164522	-0.168517	-0.258648	0.951159	0.609670	-0.785588	-0.105609	0.774535	0.562096	0.290075
11471	11.485535	8.014967	6.166547	1.849308	-1.102805	0.174060	-0.158915	-0.253744	0.954128	0.624190	-0.774581	-0.102032	0.764940	0.579343	0.281476
11472	9.962233	3.993751	5.943895	0.546009	-0.998277	0.263205	-0.149577	-0.249981	0.956628	0.628790	-0.770712	-0.103081	0.763053	0.586100	0.272467
11473	9.582059	0.677694	4.674739	-0.122625	-0.919629	0.307477	-0.140579	-0.246975	0.958771	0.628322	-0.770645	-0.106388	0.765146	0.587461	0.263516
11474	9.637763	-0.645970	2.530073	-0.458303	-0.813371	0.350017	-0.132083	-0.244924	0.960503	0.625305	-0.772448	-0.110982	0.769121	0.585949	0.255180
11475	9.105928	-1.173527	0.474227	-0.706684	-0.747089	0.375442	-0.123941	-0.243486	0.961953	0.620356	-0.775635	-0.116397	0.774465	0.582327	0.247181
11476	9.246300	-1.860706	-0.899386	-0.764307	-0.710564	0.321046	-0.116374	-0.241880	0.963302	0.614823	-0.779267	-0.121394	0.780032	0.578133	0.239400
11477	9.905152	-2.361281	-1.693753	-0.682436	-0.712773	0.214250	-0.109440	-0.239460	0.964719	0.609759	-0.782653	-0.125095	0.784995	0.574555	0.231666
11478	10.389715	-1.884777	-2.038323	-0.548133	-0.724545	0.140693	-0.102821	-0.236431	0.966193	0.605614	-0.785437	-0.127750	0.789087	0.572005	0.223946
11479	10.091085	-1.181847	-1.762089	-0.517193	-0.770231	0.102525	-0.096055	-0.232847	0.967758	0.601674	-0.788108	-0.129903	0.792945	0.569797	0.215800
11480	10.108542	-1.414363	-1.289572	-0.478735	-0.841539	0.102532	-0.088691	-0.228891	0.969403	0.597984	-0.790571	-0.131957	0.796586	0.567984	0.206990
11481	10.130415	-2.112420	-0.542117	-0.286712	-0.885298	0.131435	-0.080779	-0.224900	0.971028	0.595873	-0.791849	-0.133830	0.799006	0.567798	0.197977
11482	10.108020	-1.912440	0.456548	0.112210	-0.900101	0.161310	-0.072564	-0.221075	0.972553	0.596912	-0.790828	-0.135229	0.799018	0.570716	0.189349
11483	9.893632	-1.006274	1.815536	0.424531	-0.841701	0.156741	-0.064841	-0.217479	0.973909	0.600478	-0.787994	-0.135984	0.797008	0.575994	0.181685
11484	9.579514	-0.627016	2.819110	0.413158	-0.740454	0.138453	-0.058052	-0.214306	0.975040	0.603870	-0.785283	-0.136646	0.794966	0.580865	0.175000
11485	9.444842	-1.314508	2.821627	0.109134	-0.640726	0.112139	-0.052215	-0.211448	0.975994	0.604869	-0.784352	-0.137569	0.794611	0.583165	0.168853
11486	9.421616	-2.923561	2.505946	-0.213103	-0.599611	0.111313	-0.046711	-0.208847	0.976832	0.603247	-0.785338	-0.139059	0.796186	0.582775	0.162671
11487	9.500765	-4.271414	1.693378	-0.224071	-0.596798	0.136493	-0.041069	-0.206439	0.977597	0.601580	-0.786311	-0.140772	0.797756	0.582322	0.156483
11488	9.818279	-3.777959	1.210980	0.094816	-0.586309	0.147662	-0.035443	-0.204200	0.978287	0.602410	-0.785432	-0.142120	0.797400	0.584293	0.150850
11489	9.925987	-1.435926	1.171915	0.401486	-0.518061	0.127913	-0.030483	-0.202170	0.978876	0.605692	-0.782779	-0.142807	0.795115	0.588545	0.146314
11490	9.731685	0.820203	1.682601	0.384784	-0.443006	0.087194	-0.026375	-0.200256	0.979389	0.608789	-0.780309	-0.143156	0.792894	0.592465	0.142494
11491	9.844865	1.318353	2.088678	0.070855	-0.402421	0.046839	-0.022837	-0.198234	0.979889	0.609412	-0.779752	-0.143543	0.792525	0.593877	0.138613
11492	10.011266	-0.154261	1.775847	-0.277315	-0.403896	0.022670	-0.019433	-0.196036	0.980404	0.607232	-0.781330	-0.144194	0.794287	0.592531	0.134223
11493	9.568628	-1.903638	1.178881	-0.391276	-0.409903	0.043555	-0.015846	-0.193946	0.980884	0.604186	-0.783510	-0.145159	0.796686	0.590336	0.129595
11494	9.099836	-2.927394	0.172410	-0.392097	-0.487291	0.092696	-0.011338	-0.191822	0.981364	0.601086	-0.785621	-0.146617	0.799104	0.588222	0.124209
11495	9.300671	-3.504314	-0.406111	-0.264180	-0.578453	0.127441	-0.005884	-0.189420	0.981879	0.599038	-0.786884	-0.148213	0.800699	0.587310	0.118100
11496	9.651815	-3.557612	-0.114076	0.044985	-0.622879	0.140169	0.000004	-0.186881	0.982383	0.599417	-0.786335	-0.149588	0.800437	0.588858	0.112017
11497	9.672978	-2.564545	0.314273	0.356864	-0.652889	0.145557	0.006162	-0.184165	0.982876	0.602313	-0.783914	-0.150660	0.798236	0.592927	0.106095
11498	9.639571	-1.160874	0.799903	0.459407	-0.698998	0.117028	0.012500	-0.180939	0.983415	0.605977	-0.780944	-0.151389	0.795384	0.597819	0.099883
11499	9.595389	-0.850812	1.826624	0.358467	-0.707157	0.074534	0.018634	-0.177276	0.983985	0.608859	-0.778618	-0.151807	0.793059	0.601937	0.093428
11500	9.347899	-1.859675	2.289804	0.221955	-0.695391	0.030854	0.024393	-0.173340	0.984560	0.610625	-0.777203	-0.151962	0.791544	0.604904	0.086887
11501	9.202406	-2.881963	2.445096	0.244189	-0.743304	0.024857	0.030485	-0.169026	0.985140	0.612589	-0.775641	-0.152037	0.789813	0.608121	0.079898
11502	9.188437	-3.181409	2.677545	0.385100	-0.721928	0.032273	0.036437	-0.164890	0.985639	0.615629	-0.773216	-0.152111	0.787194	0.612330	0.073337
11503	9.359159	-2.670011	2.861750	0.540790	-0.675386	0.032074	0.041997	-0.160997	0.986061	0.619885	-0.769812	-0.152091	0.783568	0.617632	0.067470
11504	9.229001	-1.995889	2.964874	0.692966	-0.622010	0.041617	0.047177	-0.157474	0.986396	0.625293	-0.765423	-0.152103	0.778963	0.623962	0.062356
11505	9.019618	-1.469288	2.115581	0.634782	-0.642112	0.037833	0.052455	-0.153761	0.986715	0.630211	-0.761371	-0.152149	0.774650	0.629819	0.056964
11506	9.836346	-1.073209	0.890473	0.380330	-0.629525	-0.013991	0.057297	-0.149696	0.987071	0.633171	-0.758969	-0.151857	0.771888	0.633686	0.051296
11507	9.737769	-0.901310	0.219764	0.205095	-0.609705	-0.002489	0.062033	-0.145833	0.987363	0.634756	-0.757659	-0.151785	0.770219	0.636150	0.045568
11508	9.541777	-0.515210	-0.767113	0.022734	-0.705929	0.035987	0.067759	-0.141628	0.987598	0.634919	-0.757442	-0.152184	0.769602	0.637356	0.038599
11509	9.790686	-0.235541	-1.663493	-0.300132	-0.814923	0.049337	0.074401	-0.136833	0.987796	0.632580	-0.759268	-0.152823	0.770913	0.636230	0.030068
11510	9.916081	-0.642554	-2.145450	-0.573220	-0.907591	0.041838	0.081737	-0.131409	0.987953	0.628131	-0.762830	-0.153433	0.773803	0.633105	0.020191
11511	9.965853	-1.277540	-2.255528	-0.674759	-1.028032	0.038708	0.090008	-0.125224	0.988037	0.622889	-0.767012	-0.153955	0.777115	0.629295	0.008964
11512	10.009186	-1.555564	-1.941487	-0.569867	-1.138150	0.028154	0.099103	-0.118314	0.988018	0.618437	-0.770537	-0.154303	0.779560	0.626319	-0.003193
11513	10.275841	-1.905127	-1.294329	-0.467729	-1.193308	0.023301	0.108619	-0.111031	0.987863	0.614797	-0.773399	-0.154526	0.781170	0.624120	-0.015744
11514	10.258808	-2.534915	-0.513867	-0.349138	-1.185524	0.055624	0.118287	-0.104090	0.987509	0.612014	-0.775498	-0.155052	0.781951	0.622710	-0.028027
11515	9.817136	-2.983252	0.460228	-0.237295	-1.169079	0.095750	0.128075	-0.097555	0.986955	0.610074	-0.776844	-0.155955	0.781925	0.622090	-0.039979
11516	9.715125	-2.787734	1.113454	-0.143751	-1.124991	0.140081	0.137783	-0.091665	0.986212	0.608773	-0.777589	-0.157325	0.781289	0.622055	-0.051336
11517	9.618749	-1.903442	1.796488	-0.112805	-1.036440	0.187336	0.147075	-0.086684	0.985320	0.607644	-0.778099	-0.159154	0.780473	0.622131	-0.061766
11518	9.232416	-1.609554	2.503495	-0.216302	-0.962574	0.191309	0.155808	-0.082208	0.984360	0.605673	-0.779266	-0.160948	0.780310	0.621278	-0.071625
11519	9.321012	-2.155354	2.574255	-0.381873	-0.935256	0.161090	0.164137	-0.077688	0.983374	0.602438	-0.781492	-0.162293	0.781107	0.619060	-0.081470
11520	10.359953	-2.537604	2.744894	-0.469604	-0.943653	0.124419	0.172321	-0.072854	0.982343	0.598564	-0.784282	-0.163164	0.782321	0.616112	-0.091541
11521	10.654841	-2.288395	3.369183	-0.486160	-0.866799	0.083193	0.179654	-0.068223	0.981361	0.594593	-0.787212	-0.163576	0.783699	0.612897	-0.100860
11522	10.152366	-1.662150	3.369448	-0.622000	-0.768412	0.015583	0.185837	-0.063674	0.980515	0.589688	-0.790985	-0.163129	0.785960	0.608514	-0.109447
11523	10.331210	-1.664001	2.709722	-0.806791	-0.675906	-0.077697	0.190747	-0.059028	0.979863	0.583438	-0.795933	-0.161525	0.789440	0.602500	-0.117383
11524	10.504441	-1.887159	1.987394	-0.912439	-0.562895	-0.143049	0.194433	-0.054535	0.979399	0.576496	-0.801466	-0.159075	0.793630	0.595549	-0.124392
11525	11.050641	-2.011479	1.301271	-0.983944	-0.505104	-0.178372	0.197469	-0.050193	0.979023	0.568955	-0.807408	-0.156152	0.798309	0.587855	-0.130881
11526	11.307082	-2.078995	0.938701	-0.953482	-0.433800	-0.177100	0.200000	-0.046246	0.978704	0.561678	-0.813049	-0.153199	0.802819	0.580356	-0.136634
11527	10.347293	-1.863688	0.377739	-0.811972	-0.361198	-0.160805	0.202043	-0.042946	0.978435	0.555393	-0.817841	-0.150583	0.806670	0.573840	-0.141387
11528	10.369662	-1.521530	0.148748	-0.654292	-0.366315	-0.163452	0.204158	-0.039537	0.978139	0.550442	-0.821632	-0.148099	0.809526	0.568645	-0.145980
