// General information: 
//  MT Manager version: 2022.2.0 
//  XDA version: 2022.2.0 build 7381 rev 124627 built on 2023-07-19
// Device information: 
//  DeviceId: 00B4CB9F
//  ProductCode: MTW2-3A7G6
//  Firmware Version: 4.6.0
//  Hardware Version: 2.0.0
// Device settings: 
//  Filter Profile: human(46.1)
//  Option Flags: Orientation Smoother Disabled, Position/Velocity Smoother Disabled, Continuous Zero Rotation Update Disabled, AHS Disabled, ICC Disabled
// Coordinate system: ENU
PacketCounter	Acc_X	Acc_Y	Acc_Z	Gyr_X	Gyr_Y	Gyr_Z	Mat[1][1]	Mat[2][1]	Mat[3][1]	Mat[1][2]	Mat[2][2]	Mat[3][2]	Mat[1][3]	Mat[2][3]	Mat[3][3]
15457	9.767989	-0.888821	-0.904678	-0.037362	0.015616	-0.000138	0.082017	-0.101883	0.991410	-0.075716	-0.992523	-0.095734	0.993751	-0.067214	-0.089118
15458	9.757044	-0.878925	-0.950550	-0.072203	0.011204	-0.011292	0.081934	-0.101641	0.991441	-0.076997	-0.992458	-0.095382	0.993659	-0.068523	-0.089142
15459	9.688746	-1.028629	-0.912291	-0.077973	0.000584	-0.007757	0.082182	-0.101468	0.991439	-0.077612	-0.992434	-0.095136	0.993591	-0.069129	-0.089435
15460	9.691461	-1.104538	-0.758860	-0.064408	0.006431	-0.001800	0.082144	-0.101490	0.991439	-0.079060	-0.992330	-0.095030	0.993480	-0.070577	-0.089537
15461	9.697067	-1.112431	-0.799432	-0.042144	0.038205	-0.003398	0.081462	-0.101348	0.991510	-0.078799	-0.992357	-0.094960	0.993557	-0.070394	-0.088826
15462	9.657508	-1.110427	-0.926272	-0.000240	0.055879	-0.005992	0.080280	-0.101140	0.991628	-0.078153	-0.992415	-0.094893	0.993704	-0.069881	-0.087576
15463	9.669403	-1.056961	-1.008041	0.048630	0.054186	-0.007630	0.079101	-0.100922	0.991745	-0.076687	-0.992530	-0.094886	0.993913	-0.068549	-0.086250
15464	9.716480	-0.906740	-1.029319	0.055584	0.050142	-0.014640	0.078019	-0.100547	0.991869	-0.074879	-0.992682	-0.094739	0.994136	-0.066879	-0.084977
15465	9.720888	-0.892827	-1.009012	0.042998	0.034961	-0.026259	0.077362	-0.099898	0.991986	-0.073124	-0.992856	-0.094283	0.994318	-0.065244	-0.084114
15466	9.787145	-0.854359	-0.909466	0.018653	0.011797	-0.034226	0.077302	-0.099088	0.992072	-0.072042	-0.993003	-0.093567	0.994402	-0.064238	-0.083899
15467	9.752202	-0.840484	-0.849600	-0.057436	0.000234	-0.029542	0.077477	-0.098434	0.992123	-0.073319	-0.992982	-0.092793	0.994295	-0.065552	-0.084150
15468	9.696311	-0.898724	-0.829949	-0.103082	0.006357	-0.033534	0.077567	-0.097642	0.992194	-0.074862	-0.992954	-0.091864	0.994173	-0.067152	-0.084330
15469	9.655775	-0.950987	-0.776160	-0.117526	0.017571	-0.038632	0.077350	-0.096718	0.992302	-0.077430	-0.992860	-0.090736	0.993993	-0.069815	-0.084287
15470	9.786751	-1.007219	-0.705027	-0.099645	0.024387	-0.040940	0.077064	-0.095678	0.992425	-0.078704	-0.992863	-0.089608	0.993915	-0.071202	-0.084044
15471	9.778036	-1.002751	-0.657360	-0.095737	0.033708	-0.038617	0.076395	-0.094755	0.992565	-0.081321	-0.992750	-0.088513	0.993756	-0.073955	-0.083547
15472	9.695954	-1.096280	-0.540529	-0.131744	0.033576	-0.036085	0.075836	-0.093839	0.992695	-0.083684	-0.992648	-0.087442	0.993602	-0.076442	-0.083131
15473	9.724924	-1.297403	-0.337893	-0.152321	0.059649	-0.027173	0.074656	-0.093073	0.992856	-0.086153	-0.992514	-0.086563	0.993481	-0.079075	-0.082115
15474	9.798634	-1.449721	-0.176043	-0.121010	0.112372	-0.027878	0.072078	-0.092222	0.993126	-0.088725	-0.992362	-0.085711	0.993445	-0.081937	-0.079710
15475	9.793999	-1.629025	-0.053319	-0.043123	0.173510	-0.016968	0.067966	-0.091511	0.993482	-0.089202	-0.992354	-0.085305	0.993692	-0.082823	-0.075609
15476	9.835723	-1.663330	-0.044566	0.046712	0.265511	0.000017	0.061609	-0.091001	0.993943	-0.086728	-0.992556	-0.085499	0.994325	-0.080936	-0.069043
15477	9.737228	-1.775713	-0.113585	0.113564	0.324597	0.025676	0.053735	-0.091038	0.994397	-0.082523	-0.992834	-0.086436	0.995139	-0.077416	-0.060863
15478	9.633208	-1.561263	-0.563691	0.144955	0.353879	0.006256	0.045120	-0.090596	0.994865	-0.077941	-0.993163	-0.086906	0.995936	-0.073620	-0.051872
15479	9.529278	-1.225468	-1.015944	0.151335	0.320544	-0.060310	0.037443	-0.088596	0.995364	-0.073458	-0.993611	-0.085676	0.996595	-0.069909	-0.043712
15480	9.752371	-1.058028	-1.119576	0.198094	0.256131	-0.144292	0.031559	-0.084650	0.995911	-0.067195	-0.994333	-0.082387	0.997241	-0.064320	-0.037068
15481	9.728104	-0.937606	-0.972285	0.224776	0.124989	-0.217815	0.028997	-0.079130	0.996442	-0.060518	-0.995172	-0.077268	0.997746	-0.058062	-0.033646
15482	10.145744	-0.618535	-0.575659	0.248140	0.006537	-0.280174	0.029412	-0.072249	0.996953	-0.053216	-0.996083	-0.070616	0.998150	-0.050977	-0.033142
15483	10.383840	-0.678741	0.014084	0.320112	-0.055383	-0.309620	0.031391	-0.064675	0.997413	-0.043725	-0.997038	-0.063275	0.998550	-0.041626	-0.034126
15484	10.982793	-1.559710	0.839948	0.560081	-0.004348	-0.298489	0.031947	-0.057318	0.997845	-0.028655	-0.997996	-0.056409	0.999079	-0.026792	-0.033525
15485	10.721033	-2.381575	1.613337	0.927651	0.335850	-0.158097	0.023844	-0.053326	0.998292	-0.003757	-0.998574	-0.053251	0.999709	-0.002481	-0.024011
15486	10.667429	-2.179986	2.174402	1.440436	0.782648	0.004686	0.004519	-0.053876	0.998537	0.034396	-0.997948	-0.054000	0.999398	0.034589	-0.002657
15487	10.314539	-1.001463	2.412244	1.815827	1.182328	0.019407	-0.024668	-0.056204	0.998114	0.081991	-0.995168	-0.054012	0.996328	0.080504	0.029157
15488	9.866222	0.402462	2.046392	1.695367	1.344635	-0.049216	-0.057957	-0.058593	0.996598	0.125835	-0.990743	-0.050931	0.990357	0.122455	0.064793
15489	9.612813	1.284922	1.780002	1.079471	1.252074	-0.066911	-0.088661	-0.061665	0.994151	0.156315	-0.986576	-0.047254	0.983720	0.151211	0.097110
15490	10.107347	1.093836	1.248181	0.297385	1.144918	-0.035105	-0.116565	-0.065614	0.991013	0.166092	-0.985052	-0.045683	0.979197	0.159274	0.125721
15491	9.931043	0.674523	0.717155	-0.161863	1.026506	0.018121	-0.141352	-0.070366	0.987455	0.163543	-0.985425	-0.046811	0.976357	0.154875	0.150799
15492	9.057152	0.686492	0.115387	-0.359352	0.894384	-0.015608	-0.163104	-0.073448	0.983871	0.154924	-0.986761	-0.047981	0.974369	0.144599	0.172324
15493	8.360580	0.434078	-0.413315	-0.500461	0.646613	-0.010736	-0.178773	-0.075525	0.980987	0.142839	-0.988479	-0.050072	0.973467	0.131172	0.187501
15494	8.383265	-0.775819	-0.452989	-0.544573	0.374066	0.092256	-0.187470	-0.079037	0.979085	0.129914	-0.989996	-0.055042	0.973641	0.116879	0.195862
15495	8.772794	-2.185435	-0.282538	-0.181730	0.190800	0.199881	-0.191376	-0.084602	0.977864	0.126351	-0.990112	-0.060934	0.973350	0.111893	0.200173
15496	9.036308	-2.270882	0.256029	0.419642	0.013541	0.263726	-0.190726	-0.091244	0.977394	0.137740	-0.988308	-0.065385	0.971932	0.122156	0.201064
15497	9.049296	-1.623977	0.885716	0.859432	-0.112514	0.310407	-0.186726	-0.098609	0.977451	0.159984	-0.984720	-0.068780	0.969298	0.143534	0.199649
15498	9.052724	-0.617258	1.883976	0.940113	-0.222921	0.399981	-0.179486	-0.107650	0.977853	0.184486	-0.980043	-0.074029	0.966307	0.167113	0.195764
15499	9.285429	0.260854	2.987958	0.702377	-0.256125	0.516000	-0.170679	-0.119218	0.978088	0.203617	-0.975494	-0.083370	0.964058	0.184926	0.190771
15500	9.286779	0.986563	3.651849	0.264792	-0.258543	0.555263	-0.161441	-0.131596	0.978069	0.212225	-0.972512	-0.095818	0.963793	0.192101	0.184931
15501	9.229220	0.659201	3.683038	-0.159120	-0.231591	0.481594	-0.153201	-0.142267	0.977901	0.210203	-0.971627	-0.108424	0.965580	0.188947	0.178759
15502	9.121709	-0.099264	2.887235	-0.214024	-0.209352	0.335741	-0.146291	-0.149512	0.977878	0.206208	-0.971407	-0.117674	0.967511	0.184431	0.172938
15503	8.427325	-0.372896	1.732066	-0.089096	-0.378200	0.185274	-0.136085	-0.152336	0.978915	0.204624	-0.971123	-0.122678	0.969335	0.183615	0.163326
15504	7.558499	-0.306024	0.911043	-0.502901	-0.715071	0.302465	-0.117111	-0.156551	0.980702	0.193281	-0.972208	-0.132114	0.974129	0.174080	0.144115
15505	7.894260	-2.520133	1.961255	-1.331188	-0.945371	0.642189	-0.091034	-0.168471	0.981494	0.162306	-0.974918	-0.152288	0.982532	0.145439	0.116095
15506	9.171469	-3.848064	2.341802	-0.588831	-1.014060	0.598293	-0.063649	-0.179561	0.981686	0.148878	-0.974381	-0.168573	0.986805	0.135421	0.088751
15507	13.557803	-2.072759	3.443821	0.106141	-1.009766	-0.148844	-0.039195	-0.172509	0.984228	0.151209	-0.974666	-0.164811	0.987724	0.142364	0.064287
15508	15.064360	-1.347824	5.156345	0.669867	0.161205	-0.395013	-0.044662	-0.163572	0.985520	0.167212	-0.973811	-0.154051	0.984909	0.157910	0.070844
15509	9.247502	3.415161	1.223334	0.420678	0.562716	-0.227792	-0.059415	-0.160383	0.985265	0.177157	-0.973035	-0.147709	0.982387	0.165771	0.086226
15510	8.211200	2.740267	-2.046843	-1.777884	-0.091578	0.356117	-0.055712	-0.168803	0.984074	0.133746	-0.977984	-0.160187	0.989448	0.122692	0.077063
15511	9.850635	-1.686024	-3.065508	-2.541712	-0.757292	0.570998	-0.035374	-0.181084	0.982831	0.071180	-0.981406	-0.178259	0.996836	0.063652	0.047606
15512	10.144467	-3.563506	-2.591974	-2.173055	-0.887866	0.321396	-0.012779	-0.188168	0.982054	0.017041	-0.982032	-0.187942	0.999773	0.014333	0.015756
15513	8.948936	-2.698803	-1.164539	-1.348172	-0.646337	0.041348	0.003461	-0.189263	0.981920	-0.016741	-0.981800	-0.189181	0.999854	-0.015784	-0.006566
15514	8.711809	-2.849317	-1.354099	-0.749207	-0.581154	-0.041926	0.018095	-0.188651	0.981877	-0.035539	-0.981539	-0.187931	0.999204	-0.031494	-0.024466
15515	9.229619	-1.855055	-0.830245	-0.389399	-0.574514	-0.056999	0.032587	-0.187833	0.981660	-0.045316	-0.981449	-0.186289	0.998441	-0.038415	-0.040494
15516	9.761117	-0.774393	-0.011282	-0.400183	-0.483384	-0.108740	0.044872	-0.185755	0.981571	-0.055286	-0.981517	-0.183217	0.997462	-0.046046	-0.054312
15517	9.948043	-0.843177	-0.379262	-0.638430	-0.416625	-0.037955	0.055399	-0.185453	0.981090	-0.071236	-0.980829	-0.181381	0.995920	-0.059841	-0.067548
15518	9.881922	-1.373724	-1.054747	-1.001366	-0.334606	0.007665	0.063788	-0.186314	0.980417	-0.096237	-0.978988	-0.179781	0.993312	-0.082885	-0.080378
15519	9.649919	-2.875017	-2.000190	-0.940074	-0.387361	0.045674	0.073351	-0.188412	0.979347	-0.119712	-0.976556	-0.178909	0.990095	-0.104116	-0.094186
15520	9.579909	-3.211603	-2.573763	-0.590900	-0.520973	0.057597	0.086129	-0.191333	0.977739	-0.134522	-0.974632	-0.178875	0.987160	-0.116121	-0.109682
15521	9.510191	-1.680708	-2.406551	-0.388197	-0.576497	-0.041076	0.100567	-0.192143	0.976200	-0.144087	-0.973644	-0.176796	0.984442	-0.122878	-0.125602
15522	9.215403	-1.279403	-2.223323	-0.497000	-0.544156	-0.166203	0.114651	-0.189925	0.975081	-0.155945	-0.972825	-0.171149	0.981089	-0.132437	-0.141153
15523	9.059478	-1.489872	-1.880284	-0.746525	-0.618231	-0.249643	0.130897	-0.186111	0.973770	-0.173537	-0.971358	-0.162323	0.976090	-0.147737	-0.159446
15524	9.405200	-2.335461	-1.436530	-0.706417	-0.610946	-0.273075	0.147098	-0.181941	0.972245	-0.189874	-0.969851	-0.152766	0.970727	-0.162132	-0.177209
15525	9.580475	-2.813962	-1.392241	-0.509790	-0.555907	-0.241551	0.161827	-0.178504	0.970540	-0.201380	-0.968781	-0.144602	0.966053	-0.172047	-0.192722
15526	9.706291	-2.954275	-1.059839	-0.191734	-0.398586	-0.246771	0.172779	-0.174355	0.969406	-0.205073	-0.969007	-0.137733	0.963376	-0.175002	-0.203180
15527	9.425942	-2.626166	-0.976580	-0.048764	-0.297129	-0.245675	0.181270	-0.169806	0.968663	-0.205265	-0.969819	-0.131597	0.961773	-0.174978	-0.210654
15528	9.144870	-2.182142	-0.971494	-0.064750	-0.270995	-0.255634	0.189169	-0.164902	0.967999	-0.205746	-0.970572	-0.125133	0.960148	-0.175490	-0.217530
15529	9.066262	-1.887730	-1.319136	-0.213702	-0.386335	-0.287019	0.199988	-0.159763	0.966685	-0.209583	-0.970756	-0.117077	0.957120	-0.179187	-0.227624
15530	9.471357	-1.133464	-1.451327	-0.562140	-0.516239	-0.352539	0.214270	-0.153717	0.964603	-0.221284	-0.969503	-0.105344	0.951379	-0.190879	-0.241750
15531	10.038016	-1.596670	-1.273546	-0.887904	-0.540642	-0.428880	0.229609	-0.146167	0.962245	-0.240050	-0.966621	-0.089552	0.943216	-0.210425	-0.257032
15532	9.932888	-2.438171	-1.562012	-0.839042	-0.492130	-0.413176	0.243788	-0.139023	0.959813	-0.257424	-0.963448	-0.074165	0.935040	-0.228998	-0.270665
15533	9.711369	-2.324506	-1.486502	-0.694809	-0.438491	-0.408390	0.256744	-0.131922	0.957433	-0.271171	-0.960681	-0.059653	0.927658	-0.244313	-0.282423
15534	10.410460	-2.576791	-0.893714	-0.432895	-0.302243	-0.377171	0.266369	-0.124888	0.955746	-0.278846	-0.959155	-0.047618	0.922655	-0.253822	-0.290313
15535	10.910210	-3.037690	-0.203302	-0.225973	-0.044463	-0.260510	0.269252	-0.119070	0.955681	-0.282443	-0.958456	-0.039841	0.920722	-0.259198	-0.291697
15536	12.818989	-3.323288	-0.298547	0.094131	0.313164	-0.133081	0.262988	-0.114005	0.958040	-0.279528	-0.959407	-0.037435	0.923418	-0.257954	-0.284180
15537	12.877454	-3.214335	-0.179907	0.660642	0.961567	0.002617	0.240652	-0.108181	0.964564	-0.264354	-0.963506	-0.042107	0.933918	-0.244853	-0.260468
15538	10.888111	-1.903437	-0.005658	1.405552	1.622129	0.121373	0.201657	-0.101947	0.974136	-0.232043	-0.971227	-0.053607	0.951573	-0.215232	-0.219511
15539	9.504456	1.009692	0.458706	1.836250	2.174255	-0.073326	0.149770	-0.089687	0.984645	-0.187734	-0.980340	-0.060740	0.970734	-0.175754	-0.163663
15540	8.638192	1.768144	0.073234	1.319556	2.435060	-0.309334	0.091575	-0.072358	0.993166	-0.154698	-0.986282	-0.057593	0.983709	-0.148367	-0.101512
15541	9.766516	0.500624	-0.603583	0.415860	2.069042	-0.241654	0.041450	-0.059026	0.997396	-0.144181	-0.988158	-0.052488	0.988683	-0.141630	-0.049469
15542	11.750885	-1.266530	-1.484313	-0.388498	1.639508	0.108858	0.000523	-0.055790	0.998442	-0.153973	-0.986541	-0.055045	0.988075	-0.153704	-0.009106
15543	11.361375	-2.360597	-2.595173	-0.549390	1.286008	0.507078	-0.033241	-0.063218	0.997446	-0.167448	-0.983539	-0.067917	0.985320	-0.169278	0.022108
15544	10.248968	-1.340710	-2.348381	0.289001	1.117035	0.608927	-0.063239	-0.073673	0.995275	-0.159721	-0.983670	-0.082962	0.985135	-0.164213	0.050439
15545	10.091574	-0.025755	-2.186817	0.953020	1.146412	0.466068	-0.093195	-0.080884	0.992357	-0.135441	-0.986400	-0.093118	0.986393	-0.143084	0.080973
15546	10.761199	0.036977	-1.299400	1.002334	1.166158	0.395138	-0.123134	-0.086925	0.988576	-0.109767	-0.988851	-0.100621	0.986301	-0.120903	0.112220
15547	9.568574	0.548380	-0.873029	1.093997	1.094129	0.311288	-0.150804	-0.091783	0.984294	-0.081845	-0.991103	-0.104958	0.985170	-0.096388	0.141950
15548	8.385560	1.261944	-0.777960	1.249038	0.919684	0.135286	-0.173609	-0.093372	0.980378	-0.050655	-0.993331	-0.103576	0.983511	-0.067643	0.167721
15549	7.751292	1.682549	-0.804233	1.117051	0.691976	0.059931	-0.190598	-0.094026	0.977155	-0.023036	-0.994700	-0.100208	0.981398	-0.041609	0.187422
15550	7.399114	1.679882	-0.594781	0.856778	0.430789	0.032064	-0.201094	-0.094585	0.974995	-0.001961	-0.995287	-0.096958	0.979570	-0.021409	0.199961
15551	7.497388	1.308362	0.038030	0.517998	0.145448	0.016632	-0.204570	-0.095036	0.974227	0.010727	-0.995434	-0.094852	0.978793	-0.008953	0.204656
15552	7.995104	0.600003	0.788481	0.197374	-0.098349	-0.005043	-0.202077	-0.095012	0.974750	0.015461	-0.995468	-0.093827	0.979248	-0.003890	0.202630
15553	8.155433	0.331814	0.884331	0.052484	-0.365717	-0.067556	-0.193051	-0.093439	0.976730	0.016344	-0.995623	-0.092016	0.981053	-0.001800	0.193733
15554	8.818505	-0.141076	1.395726	-0.077637	-0.568946	-0.074719	-0.179011	-0.091689	0.979565	0.014023	-0.995785	-0.090644	0.983747	-0.002490	0.179542
15555	9.840279	-0.548679	2.344955	-0.180277	-0.544721	0.037290	-0.165492	-0.092751	0.981840	0.009676	-0.995672	-0.092426	0.986164	-0.005795	0.165673
15556	11.673647	-3.513728	5.898627	-0.393174	-0.387348	0.300426	-0.155801	-0.100402	0.982673	0.001113	-0.994838	-0.101469	0.987788	-0.014715	0.155108
15557	11.265919	-3.796096	5.270279	0.487929	-0.040994	0.346562	-0.154641	-0.109110	0.981927	0.014431	-0.994026	-0.108182	0.987865	-0.002559	0.155292
15558	8.608011	0.131393	4.710731	1.135087	0.064901	0.189817	-0.156036	-0.113932	0.981159	0.043105	-0.993165	-0.108472	0.986810	0.025367	0.159880
15559	5.268669	1.442453	3.508619	0.226113	-0.035412	0.118811	-0.154964	-0.116940	0.980975	0.049061	-0.992655	-0.110583	0.986701	0.030991	0.159563
15560	7.407187	0.560098	-0.228837	-0.963844	-0.817042	-0.021212	-0.134735	-0.116081	0.984059	0.025078	-0.993196	-0.113725	0.990564	0.009355	0.136730
15561	17.818524	-4.269908	2.683735	-1.036874	-0.475374	0.041796	-0.122883	-0.117230	0.985473	-0.000571	-0.992990	-0.118196	0.992421	-0.015087	0.121955
15562	12.418474	-1.266389	1.006385	-0.008019	0.222027	0.078635	-0.128338	-0.119181	0.984543	-0.000608	-0.992743	-0.120253	0.991730	-0.016031	0.127334
15563	7.286710	3.078740	-2.558685	-1.395972	-0.371965	0.252582	-0.119169	-0.125836	0.984868	-0.034534	-0.990811	-0.130773	0.992273	-0.049595	0.113728
15564	8.684791	0.337904	-2.645309	-1.959514	-0.979186	0.293763	-0.095242	-0.134945	0.986265	-0.082437	-0.986296	-0.142910	0.992035	-0.094916	0.082812
15565	9.733653	-3.505233	-2.533189	-1.570426	-1.121750	0.204139	-0.067888	-0.143196	0.987363	-0.121015	-0.981158	-0.150616	0.990326	-0.129711	0.049280
15566	9.336187	-3.791843	-1.182165	-0.853796	-1.084754	0.043047	-0.041111	-0.148086	0.988120	-0.142161	-0.978027	-0.152488	0.988989	-0.146741	0.019156
15567	9.242682	-2.459680	-0.071477	0.084820	-0.841951	-0.158760	-0.019643	-0.147333	0.988892	-0.140268	-0.978894	-0.148630	0.989919	-0.141629	-0.001438
15568	10.018997	0.403603	0.168481	0.167196	-0.682705	-0.204239	-0.001953	-0.144792	0.989460	-0.136272	-0.980193	-0.143705	0.990670	-0.135117	-0.017816
15569	9.791417	-0.064369	0.010739	-0.537102	-0.598185	-0.194252	0.013622	-0.142231	0.989740	-0.149619	-0.978978	-0.138625	0.988650	-0.146196	-0.034616
15570	9.651062	-1.999357	-0.428902	-1.012333	-0.635597	-0.072800	0.029671	-0.143044	0.989271	-0.174632	-0.975228	-0.135776	0.984187	-0.168729	-0.053916
15571	9.514072	-2.995077	-0.898579	-1.081623	-0.679379	-0.042210	0.046613	-0.145181	0.988306	-0.201216	-0.970466	-0.133070	0.978437	-0.192661	-0.074449
15572	9.320521	-2.826226	-0.937520	-0.927324	-0.544890	-0.147861	0.060761	-0.144467	0.987642	-0.223728	-0.966266	-0.127576	0.972756	-0.213212	-0.091033
15573	8.971566	-2.631048	-1.891273	-0.650799	-0.513457	-0.254545	0.074760	-0.141261	0.987145	-0.239182	-0.963559	-0.119772	0.968092	-0.227153	-0.105823
15574	9.283000	-1.761308	-2.384365	-0.299185	-0.612437	-0.359870	0.091810	-0.136226	0.986414	-0.245762	-0.963054	-0.110125	0.964972	-0.232312	-0.121898
15575	9.402710	-0.845420	-2.038057	-0.163485	-0.630793	-0.450611	0.109865	-0.129170	0.985518	-0.248667	-0.963560	-0.098571	0.962338	-0.234236	-0.137982
15576	9.399638	-0.846821	-1.963271	-0.107230	-0.679044	-0.516941	0.129475	-0.120809	0.984196	-0.249800	-0.964513	-0.085531	0.959602	-0.234778	-0.155058
15577	9.138056	-1.376941	-1.537114	-0.005158	-0.780818	-0.576951	0.151847	-0.111566	0.982087	-0.248000	-0.966125	-0.071408	0.956786	-0.232714	-0.174371
15578	9.373885	-2.582051	-0.306617	0.145658	-0.854802	-0.535845	0.175627	-0.103640	0.978986	-0.242435	-0.968371	-0.059024	0.954139	-0.226974	-0.195198
15579	10.153960	-2.334732	1.250202	-0.043954	-0.806055	-0.418174	0.197414	-0.098202	0.975389	-0.241645	-0.969144	-0.048666	0.950071	-0.226090	-0.215052
15580	10.620581	-1.797150	1.336555	-0.506637	-0.624823	-0.296414	0.214092	-0.094775	0.972205	-0.252233	-0.966892	-0.038712	0.943686	-0.236934	-0.230910
15581	9.830445	-2.504242	0.245235	-0.720212	-0.366941	-0.262629	0.224469	-0.090823	0.970240	-0.267848	-0.963049	-0.028182	0.936948	-0.253551	-0.240502
15582	10.033783	-3.057470	-0.763089	-0.556320	-0.231004	-0.283016	0.231834	-0.085662	0.968976	-0.279357	-0.960018	-0.018032	0.931779	-0.266510	-0.246495
15583	11.960372	-3.249722	-0.968951	0.101360	0.105563	-0.210159	0.230856	-0.080064	0.969688	-0.275914	-0.961085	-0.013666	0.933047	-0.264395	-0.243963
15584	11.972933	-1.378545	-1.020674	0.593726	0.598026	-0.098452	0.217530	-0.073996	0.973245	-0.261598	-0.965062	-0.014904	0.940344	-0.251357	-0.229287
15585	11.501035	0.162687	-1.694845	0.504665	0.884456	-0.214384	0.198032	-0.063531	0.978134	-0.248713	-0.968496	-0.012551	0.948117	-0.240789	-0.207594
15586	11.047833	0.090206	-1.783853	0.462293	0.947086	-0.241750	0.176977	-0.052237	0.982828	-0.236720	-0.971536	-0.009011	0.955323	-0.231060	-0.184306
15587	10.445983	-0.764922	-1.159818	0.659548	1.019883	-0.168137	0.153492	-0.042594	0.987231	-0.220345	-0.975391	-0.007824	0.963269	-0.216331	-0.159100
15588	9.910490	-1.981404	-0.722562	0.889624	1.069885	0.070916	0.127257	-0.038967	0.991104	-0.199213	-0.979871	-0.012946	0.971658	-0.195793	-0.132458
15589	10.192716	-2.617028	-0.120014	1.269315	1.197176	0.407588	0.096171	-0.043719	0.994404	-0.169507	-0.985161	-0.026920	0.980826	-0.165969	-0.102154
15590	9.600214	-1.378038	0.162482	1.721688	1.303817	0.598207	0.061833	-0.053908	0.996630	-0.128408	-0.990672	-0.045619	0.989792	-0.125155	-0.068179
15591	9.899381	0.936494	-0.477075	1.761829	1.292735	0.542298	0.028304	-0.064150	0.997539	-0.085416	-0.994444	-0.061528	0.995943	-0.083464	-0.033626
15592	10.650552	1.634106	-1.102608	1.254014	1.383800	0.381282	-0.006847	-0.071392	0.997425	-0.054381	-0.995946	-0.071659	0.998497	-0.054732	0.002936
15593	11.559777	0.398301	-1.131048	0.847646	1.394496	0.300502	-0.041964	-0.077421	0.996115	-0.033157	-0.996336	-0.078835	0.998569	-0.036337	0.039243
15594	11.085752	-0.034069	-1.006435	0.992941	1.468751	0.270463	-0.078710	-0.083348	0.993407	-0.008094	-0.996412	-0.084242	0.996865	-0.014671	0.077753
15595	9.973945	0.502543	-0.744826	1.262601	1.582675	0.179348	-0.118001	-0.087907	0.989115	0.023646	-0.996040	-0.085702	0.992732	0.013276	0.119613
15596	9.284851	0.763467	-0.458412	1.140248	1.568122	0.089580	-0.156664	-0.091254	0.983427	0.052065	-0.995101	-0.084043	0.986279	0.038036	0.160648
15597	8.410726	1.269063	-0.381835	0.812204	1.377069	0.054973	-0.190355	-0.094325	0.977173	0.072167	-0.994025	-0.081893	0.979059	0.054931	0.196024
15598	7.286857	1.075635	-0.449833	0.400046	1.013516	-0.052014	-0.215123	-0.094615	0.971993	0.081582	-0.993558	-0.078658	0.973173	0.062376	0.221456
15599	7.003254	0.660066	-0.269608	0.155373	0.585891	-0.051317	-0.229386	-0.094362	0.968751	0.084992	-0.993430	-0.076640	0.969618	0.064756	0.235899
15600	6.913809	-0.175889	-0.186056	0.214101	0.240185	-0.055407	-0.235246	-0.093475	0.967431	0.089782	-0.993199	-0.074133	0.967780	0.069419	0.242038
15601	6.635339	-0.931957	-0.050415	0.441324	-0.088684	-0.052551	-0.233141	-0.092089	0.968073	0.100078	-0.992492	-0.070310	0.967280	0.080491	0.240606
15602	6.529139	-0.727687	0.109581	0.402600	-0.498548	-0.015832	-0.221024	-0.090709	0.971041	0.109662	-0.991662	-0.067674	0.969083	0.091528	0.229128
15603	8.402332	-1.712293	3.943817	0.099653	-0.892977	0.224476	-0.198618	-0.094263	0.975533	0.113186	-0.990910	-0.072704	0.973519	0.095976	0.207482
15604	13.457509	-2.865854	8.586165	0.704329	-0.476099	0.371955	-0.185797	-0.102298	0.977248	0.132039	-0.988144	-0.078335	0.973676	0.114480	0.197102
15605	13.386190	0.237069	7.081714	1.902116	-0.103060	-0.130599	-0.183725	-0.098815	0.977998	0.177497	-0.981915	-0.065866	0.966820	0.161491	0.197941
15606	9.592406	-0.678986	7.109172	1.280039	0.346734	0.149232	-0.191284	-0.104081	0.976001	0.208930	-0.975891	-0.063122	0.959040	0.191842	0.208418
15607	8.423801	0.120793	0.622319	1.349246	-0.289380	0.385432	-0.182137	-0.112018	0.976872	0.242890	-0.967827	-0.065695	0.952801	0.225307	0.203485
15608	12.380512	4.001838	-0.667153	-0.288592	-0.436299	0.234806	-0.170256	-0.115354	0.978625	0.236952	-0.968777	-0.072969	0.956487	0.219464	0.192274
15609	8.563158	1.983429	-2.673517	-0.562055	-0.508344	0.358586	-0.155931	-0.121400	0.980279	0.224862	-0.970724	-0.084448	0.961833	0.207260	0.178664
15610	9.337365	0.892965	-3.221937	-1.548426	-1.335126	0.536982	-0.120752	-0.128171	0.984373	0.189164	-0.976430	-0.103932	0.974493	0.173658	0.142152
15611	10.455473	-3.213391	-2.940591	-1.608462	-1.376220	0.513544	-0.084766	-0.135418	0.987156	0.151013	-0.981023	-0.121609	0.984891	0.138765	0.103607
15612	9.693034	-3.875315	-2.178715	-0.988304	-1.291100	0.381285	-0.051455	-0.140680	0.988717	0.127183	-0.982890	-0.133232	0.990544	0.118892	0.068467
15613	9.449439	-0.729755	-1.045294	-0.327312	-1.227463	0.082394	-0.020661	-0.139182	0.990051	0.119063	-0.983558	-0.135785	0.992672	0.115073	0.036893
15614	9.991998	0.279408	-0.861911	-0.621977	-1.199993	0.026280	0.009335	-0.136611	0.990581	0.103534	-0.985168	-0.136840	0.994582	0.103836	0.004947
15615	10.025748	-1.113908	-1.338590	-1.201716	-1.156379	0.142834	0.038550	-0.137565	0.989742	0.073454	-0.987409	-0.140101	0.996553	0.078101	-0.027960
15616	9.657312	-2.183162	-1.494759	-1.742465	-1.102251	0.128307	0.066308	-0.139189	0.988043	0.029764	-0.989506	-0.141392	0.997355	0.038784	-0.061469
15617	9.184667	-3.640404	-1.595429	-1.612643	-1.023250	-0.076419	0.091900	-0.136841	0.986321	-0.010355	-0.990590	-0.136468	0.995714	0.002328	-0.092452
15618	9.334196	-3.303625	-1.699447	-1.155710	-0.986400	-0.200747	0.116651	-0.132203	0.984335	-0.038650	-0.990955	-0.128512	0.992421	-0.023053	-0.120706
15619	9.280429	-1.981486	-1.368010	-0.949994	-0.907118	-0.240002	0.139524	-0.127103	0.982027	-0.061504	-0.990925	-0.119516	0.988307	-0.043723	-0.146075
15620	9.449838	-1.471747	-0.627590	-0.866186	-0.735111	-0.268218	0.158237	-0.121533	0.979893	-0.081965	-0.990588	-0.109623	0.983993	-0.062970	-0.166709
15621	9.331162	-2.039639	-0.499795	-0.677798	-0.523083	-0.222526	0.171684	-0.117043	0.978175	-0.097795	-0.990038	-0.101298	0.980286	-0.078269	-0.181420
15622	9.032061	-2.581308	-0.887885	-0.353020	-0.320881	-0.135926	0.179983	-0.114439	0.976990	-0.105946	-0.989687	-0.096409	0.977948	-0.086156	-0.190251
15623	8.936516	-1.952847	-1.093471	-0.191369	-0.273806	-0.069566	0.186952	-0.113428	0.975799	-0.110412	-0.989444	-0.093860	0.976144	-0.090193	-0.197503
15624	8.198009	-1.115080	-1.028170	-0.467099	-0.333132	-0.124435	0.195520	-0.111258	0.974368	-0.121313	-0.988657	-0.088546	0.973168	-0.100891	-0.206799
15625	9.306614	-1.337482	-2.117159	-1.092467	-0.885503	-0.172345	0.217638	-0.109623	0.969854	-0.147007	-0.986019	-0.078461	0.964895	-0.125499	-0.230710
15626	10.692724	-0.957189	-2.848155	-1.485694	-0.980566	-0.310828	0.242507	-0.105588	0.964386	-0.180963	-0.981536	-0.061960	0.953123	-0.159492	-0.257137
15627	10.372130	-1.289473	-3.184489	-1.335385	-0.847612	-0.537523	0.265281	-0.096253	0.959355	-0.209295	-0.977028	-0.040152	0.941181	-0.190136	-0.279332
15628	10.498971	-1.399730	-2.550644	-1.004126	-0.700334	-0.634050	0.285216	-0.084450	0.954736	-0.228552	-0.973369	-0.017821	0.930815	-0.213123	-0.296922
15629	11.248973	-2.437938	-1.426666	-0.574844	-0.598741	-0.498309	0.302070	-0.075755	0.950271	-0.238339	-0.971181	-0.001659	0.923010	-0.225986	-0.311420
15630	11.995563	-3.775716	-0.894895	-0.119758	-0.405625	-0.291699	0.313213	-0.071115	0.947017	-0.238983	-0.971004	0.006124	0.919122	-0.228239	-0.321126
15631	12.288166	-2.495833	-0.334381	0.074287	0.151870	-0.131928	0.310555	-0.067197	0.948177	-0.236383	-0.971622	0.008564	0.920695	-0.226793	-0.317626
15632	12.458048	-1.890942	0.572894	0.624112	1.047956	0.032243	0.286138	-0.062370	0.956156	-0.222310	-0.974972	0.002931	0.932043	-0.213402	-0.292842
15633	10.413593	-0.437688	1.157686	1.047358	1.723548	0.171115	0.244733	-0.058005	0.967854	-0.198957	-0.979972	-0.008422	0.948958	-0.190500	-0.251372
15634	10.085659	-0.792066	0.683839	0.987137	2.118760	0.314639	0.192565	-0.056348	0.979665	-0.177190	-0.983936	-0.021765	0.965154	-0.169395	-0.199456
15635	10.841449	-2.486455	-0.635048	0.977793	2.351878	0.587010	0.132966	-0.061604	0.989204	-0.155945	-0.986935	-0.040501	0.978775	-0.148876	-0.140836
15636	10.422703	-2.510371	-1.608152	1.302494	2.475711	0.820560	0.069145	-0.073686	0.994882	-0.126089	-0.989916	-0.064555	0.989606	-0.120980	-0.077739
15637	10.525790	-0.655149	-2.255486	1.736284	2.284047	0.726562	0.010528	-0.086039	0.996236	-0.083819	-0.992861	-0.084862	0.996425	-0.082610	-0.017664
15638	10.271213	1.825440	-2.649625	1.636805	1.946576	0.413740	-0.038653	-0.093326	0.994885	-0.042970	-0.994553	-0.094964	0.998328	-0.046421	0.034433
15639	10.411205	1.664025	-2.506521	1.011060	1.495135	0.168814	-0.076037	-0.096325	0.992441	-0.017620	-0.995038	-0.097927	0.996949	-0.024933	0.073962
15640	10.295386	-0.613239	-2.687868	0.719843	1.233125	0.185772	-0.106720	-0.100528	0.989194	0.000619	-0.994882	-0.101039	0.994289	-0.010170	0.106236
15641	9.929770	-2.070537	-2.482364	1.051866	1.092563	0.170959	-0.133706	-0.104938	0.985449	0.027134	-0.994393	-0.102209	0.990649	0.013073	0.135804
15642	9.688863	-2.024739	-1.830356	1.725131	1.054125	0.100461	-0.159538	-0.108422	0.981220	0.070008	-0.992691	-0.098307	0.984706	0.053009	0.165962
15643	8.532273	-0.710795	-0.894752	2.036501	0.901510	0.085428	-0.181342	-0.112387	0.976977	0.120198	-0.988533	-0.091406	0.976047	0.100855	0.192771
15644	7.099177	0.634773	-0.230993	1.905066	0.682387	-0.023665	-0.197891	-0.114015	0.973571	0.166246	-0.982728	-0.081296	0.966024	0.145764	0.213427
15645	6.886669	1.539690	0.183183	1.485550	0.365218	-0.121233	-0.207118	-0.112635	0.971810	0.201261	-0.977009	-0.070344	0.957390	0.181018	0.225025
15646	7.861674	2.036685	0.735510	0.855161	0.091437	-0.145479	-0.209951	-0.109615	0.971548	0.220833	-0.973333	-0.062094	0.952446	0.201514	0.228559
15647	8.486874	1.703100	1.025470	0.293026	-0.116971	-0.131279	-0.207782	-0.105903	0.972425	0.227043	-0.972194	-0.057364	0.951461	0.208863	0.226049
15648	8.293705	1.018884	1.169380	-0.027006	-0.311904	-0.094970	-0.200772	-0.102040	0.974309	0.225841	-0.972592	-0.055322	0.953250	0.208932	0.218314
15649	8.519410	0.314430	1.877227	-0.235063	-0.399706	-0.064341	-0.191465	-0.098481	0.976546	0.219843	-0.973977	-0.055119	0.956562	0.204133	0.208133
15650	8.975438	-0.543925	3.234202	-0.349084	-0.372698	0.110926	-0.181814	-0.099388	0.978297	0.211925	-0.975460	-0.059714	0.960225	0.196469	0.198415
15651	10.929778	-2.405289	6.514092	-0.308063	-0.213663	0.311671	-0.174933	-0.106032	0.978854	0.205837	-0.976154	-0.068954	0.962824	0.189423	0.192587
15652	11.774248	-3.556853	6.260623	0.245558	0.251570	0.403477	-0.178760	-0.117152	0.976893	0.213447	-0.973857	-0.077730	0.960461	0.194620	0.199093
15653	9.514206	-1.084017	4.579099	0.805047	0.267109	0.407898	-0.182774	-0.128503	0.974721	0.234482	-0.968509	-0.083716	0.954784	0.213253	0.207150
15654	6.713882	1.018036	3.779153	0.502700	0.167025	0.317533	-0.184748	-0.137176	0.973165	0.247833	-0.964712	-0.088935	0.951024	0.224752	0.212225
15655	4.810603	0.626100	-0.270315	-0.145073	-0.589326	0.274215	-0.168936	-0.140571	0.975551	0.245509	-0.964582	-0.096475	0.954561	0.223208	0.197463
15656	16.328191	0.213569	0.515590	-0.454912	-1.419788	-0.033716	-0.135020	-0.132022	0.982008	0.234396	-0.967209	-0.097805	0.962719	0.216974	0.161538
15657	16.782233	-1.148519	2.521490	0.827929	0.387587	-0.254208	-0.145774	-0.128153	0.980983	0.253289	-0.963361	-0.088212	0.956344	0.235613	0.172893
15658	6.228554	2.797755	-3.432731	0.009262	-0.154078	0.250856	-0.140402	-0.133352	0.981073	0.254332	-0.962496	-0.094429	0.956871	0.236261	0.169052
15659	7.624922	3.312856	-2.345831	-1.487678	-1.276407	0.433527	-0.106982	-0.136847	0.984798	0.219771	-0.969238	-0.110811	0.969668	0.204575	0.133766
15660	10.838381	-2.543907	-0.740492	-1.788400	-1.288073	0.379037	-0.073566	-0.140158	0.987392	0.176935	-0.976203	-0.125387	0.981469	0.165480	0.096614
15661	10.081264	-3.384424	-0.287571	-1.334079	-1.042950	0.348416	-0.046365	-0.144798	0.988374	0.144533	-0.979999	-0.136791	0.988413	0.136511	0.066365
15662	9.162703	-1.632676	0.010676	-1.081146	-0.879957	0.321382	-0.023398	-0.149999	0.988409	0.117959	-0.982188	-0.146262	0.992743	0.113170	0.040675
15663	9.282743	-1.753317	-0.759640	-1.057638	-0.770236	0.255790	-0.003463	-0.154396	0.988003	0.091673	-0.983898	-0.153433	0.995783	0.090042	0.017561
15664	9.210723	-1.656800	-2.033090	-1.228820	-0.815987	0.161273	0.017301	-0.156877	0.987467	0.060933	-0.985613	-0.157650	0.997992	0.062897	-0.007493
15665	9.461620	-1.570350	-2.215991	-1.332391	-0.989721	-0.004526	0.042124	-0.155642	0.986915	0.027588	-0.987234	-0.156869	0.998731	0.033835	-0.037292
15666	9.494750	-2.353408	-1.710909	-1.176228	-1.020770	-0.138507	0.067681	-0.151754	0.986098	-0.001670	-0.988380	-0.151991	0.997706	0.008640	-0.067148
15667	9.435359	-2.398234	-1.227450	-1.075938	-0.956361	-0.207535	0.091712	-0.146774	0.984909	-0.028161	-0.989064	-0.144771	0.995387	-0.014458	-0.094843
15668	9.723492	-2.200633	-0.637042	-0.987145	-0.851028	-0.240356	0.113222	-0.141451	0.983449	-0.052173	-0.989295	-0.136285	0.992199	-0.035879	-0.119390
15669	9.391346	-2.573090	-0.432990	-0.906206	-0.679557	-0.210272	0.130501	-0.137122	0.981920	-0.074076	-0.988970	-0.128262	0.988677	-0.055998	-0.139219
15670	9.297000	-2.885562	-0.502628	-0.703016	-0.550771	-0.160071	0.144535	-0.134141	0.980365	-0.090980	-0.988373	-0.121823	0.985308	-0.071586	-0.155059
15671	8.989947	-2.611259	-0.805046	-0.446728	-0.408695	-0.179097	0.155129	-0.130601	0.979223	-0.101410	-0.988092	-0.115718	0.982675	-0.081352	-0.166526
15672	8.835873	-1.551135	-1.598275	-0.427267	-0.435229	-0.249967	0.166573	-0.125471	0.978014	-0.111001	-0.987952	-0.107840	0.979761	-0.090597	-0.178494
15673	8.609160	-1.244486	-1.518811	-0.701524	-0.617038	-0.346911	0.182784	-0.118534	0.975981	-0.126745	-0.987263	-0.096167	0.974949	-0.106123	-0.195480
15674	9.440956	-2.029662	-1.158826	-0.966304	-0.869025	-0.379263	0.205290	-0.111835	0.972291	-0.148487	-0.985509	-0.082003	0.967372	-0.127538	-0.218921
15675	10.301065	-1.437023	-1.303010	-1.232035	-1.023823	-0.381243	0.231558	-0.106196	0.967007	-0.176163	-0.982168	-0.065677	0.956738	-0.155143	-0.246137
15676	10.016535	-1.113964	-1.659518	-1.225846	-0.985671	-0.518808	0.257531	-0.097769	0.961311	-0.202257	-0.978284	-0.045312	0.944865	-0.182763	-0.271713
15677	10.315141	-1.885155	-1.179526	-1.029247	-0.953342	-0.706428	0.283735	-0.085280	0.955103	-0.221764	-0.974871	-0.021165	0.932907	-0.205803	-0.295517
15678	11.128092	-3.291731	-1.003206	-0.790268	-0.677811	-0.610095	0.303023	-0.074208	0.950090	-0.235756	-0.971812	-0.000712	0.923361	-0.223773	-0.311976
15679	11.967251	-4.311166	-0.178176	-0.232385	-0.403987	-0.385736	0.314672	-0.067269	0.946814	-0.238263	-0.971147	0.010188	0.918810	-0.228797	-0.321620
15680	12.776557	-3.517728	-0.259915	0.309335	0.181761	-0.093043	0.311081	-0.064141	0.948216	-0.230559	-0.973009	0.009821	0.921993	-0.221675	-0.317473
15681	13.482213	-2.447057	0.700723	0.998728	1.052210	0.212527	0.285517	-0.063954	0.956237	-0.209101	-0.977890	-0.002967	0.935284	-0.199103	-0.292577
15682	11.725888	-0.050421	0.709315	1.507128	1.999880	0.344568	0.236599	-0.063457	0.969533	-0.175862	-0.984180	-0.021500	0.955559	-0.165417	-0.244015
15683	10.389208	0.425370	0.585181	1.403402	2.446211	0.372931	0.176105	-0.063633	0.982313	-0.144064	-0.988830	-0.038228	0.973772	-0.134783	-0.183305
15684	10.554596	-1.196016	-0.963748	1.218204	2.689882	0.523167	0.108446	-0.068534	0.991737	-0.116176	-0.991659	-0.055825	0.987290	-0.109162	-0.115504
15685	10.622409	-1.515593	-2.143731	1.186522	2.501022	0.736298	0.044577	-0.080900	0.995725	-0.088292	-0.993134	-0.076737	0.995097	-0.084494	-0.051414
15686	10.444998	-0.081173	-2.355207	1.244171	2.158790	0.679947	-0.010453	-0.094082	0.995510	-0.057687	-0.993849	-0.094531	0.998280	-0.058416	0.004961
15687	10.152646	1.295823	-2.890742	1.007572	1.749550	0.427525	-0.054570	-0.102743	0.993210	-0.032303	-0.993990	-0.104598	0.997987	-0.037792	0.050923
15688	11.705181	-0.356561	-2.780513	0.652646	1.425534	0.224764	-0.090193	-0.107332	0.990124	-0.015732	-0.993898	-0.109175	0.995800	-0.025424	0.087955
15689	11.430371	-2.320398	-2.853324	0.941604	1.525810	0.360178	-0.128083	-0.115799	0.984980	0.008548	-0.993252	-0.115660	0.991727	-0.006394	0.128209
15690	9.690949	-1.440692	-2.452033	1.672979	1.501577	0.374649	-0.164844	-0.125672	0.978281	0.051168	-0.991604	-0.118761	0.984991	0.030479	0.169891
15691	8.478979	-0.047325	-1.696619	2.108802	1.273776	0.294752	-0.195406	-0.134819	0.971412	0.104081	-0.987763	-0.116152	0.975184	0.078409	0.207047
15692	6.232287	1.057010	-1.534516	1.835092	0.950762	0.168759	-0.217828	-0.141446	0.965683	0.149360	-0.982619	-0.110236	0.964491	0.120222	0.235168
15693	5.880850	1.964927	-0.760654	1.325495	0.487818	-0.015687	-0.229496	-0.142813	0.962775	0.181011	-0.978183	-0.101952	0.956330	0.150875	0.250339
15694	6.810092	1.787462	0.330077	0.573811	0.094215	-0.080060	-0.232002	-0.141318	0.962395	0.194162	-0.976208	-0.096540	0.953140	0.164463	0.253920
15695	7.325631	1.101244	0.524793	-0.102795	-0.348448	-0.065899	-0.223883	-0.138364	0.964745	0.191256	-0.976862	-0.095718	0.955666	0.163084	0.245165
15696	7.223481	0.513809	0.356823	-0.450235	-0.740387	-0.095149	-0.206452	-0.133176	0.969351	0.179878	-0.978975	-0.096187	0.961780	0.154507	0.226067
15697	7.736579	-0.545049	0.915771	-0.614577	-1.003338	-0.100652	-0.182536	-0.127057	0.974955	0.164478	-0.981587	-0.097127	0.969344	0.142629	0.200073
15698	10.343516	-2.790852	3.613849	-0.688265	-1.061690	0.030741	-0.156459	-0.124283	0.979834	0.147788	-0.983829	-0.101191	0.976565	0.128976	0.172297
15699	14.818724	-6.948487	8.038224	-0.289786	-0.310718	0.389832	-0.147327	-0.132974	0.980109	0.142102	-0.983487	-0.112072	0.978827	0.122765	0.163790
15700	11.911844	-3.711473	6.311387	1.692506	0.371143	0.295588	-0.155055	-0.141638	0.977700	0.184374	-0.976429	-0.112214	0.970549	0.162863	0.177514
15701	9.309022	-0.409766	4.751613	2.001617	0.532083	0.134908	-0.167079	-0.147491	0.974849	0.233084	-0.966629	-0.106299	0.957996	0.209461	0.195881
15702	6.577144	2.015023	3.885411	1.215219	0.438974	0.231947	-0.176008	-0.155617	0.972011	0.262951	-0.958978	-0.105917	0.948619	0.236949	0.209707
15703	6.714685	1.430333	-0.265609	-0.034845	-0.635154	0.180796	-0.159645	-0.156263	0.974728	0.262799	-0.958489	-0.110617	0.951551	0.238498	0.194083
15704	16.724934	-1.540715	1.893046	-0.019793	-0.527638	-0.054742	-0.147345	-0.151875	0.977355	0.262038	-0.958826	-0.109491	0.953743	0.239972	0.181076
15705	10.709549	0.134663	-1.973355	1.076904	0.221260	0.042743	-0.152208	-0.154368	0.976219	0.287688	-0.951877	-0.105664	0.945552	0.264764	0.189293
15706	6.562917	4.228581	-2.425404	-0.624156	-0.771103	0.291399	-0.131756	-0.156394	0.978867	0.273835	-0.954793	-0.115690	0.952709	0.252806	0.168626
15707	9.456181	-1.054469	-1.640518	-1.392734	-1.181821	0.317947	-0.101256	-0.157025	0.982390	0.241300	-0.961856	-0.128871	0.965154	0.224002	0.135283
15708	10.353153	-3.467119	-2.530524	-1.393498	-1.295586	0.267679	-0.068191	-0.156747	0.985282	0.207981	-0.968116	-0.139622	0.975753	0.195399	0.098617
15709	9.814390	-1.714946	-1.982755	-1.023362	-1.350247	0.196753	-0.034039	-0.155317	0.987278	0.183096	-0.972101	-0.146617	0.982506	0.175776	0.061528
15710	10.258975	-0.141026	-1.401732	-1.000943	-1.341569	0.070416	-0.000560	-0.151524	0.988453	0.158387	-0.975990	-0.149524	0.987377	0.156474	0.024546
15711	10.173760	-0.906956	-0.954387	-1.137484	-1.166139	0.007770	0.028454	-0.147556	0.988644	0.130159	-0.980077	-0.150024	0.991085	0.132950	-0.008681
15712	9.354061	-2.121601	-0.985181	-1.263660	-1.094779	0.013126	0.055797	-0.144672	0.987905	0.098700	-0.983801	-0.149646	0.993552	0.105856	-0.040614
15713	9.408997	-1.855756	-0.522680	-1.471008	-1.005186	-0.053771	0.080818	-0.141165	0.986682	0.062128	-0.987282	-0.146340	0.994791	0.073127	-0.071020
15714	8.957005	-2.600515	-0.603903	-1.514151	-0.830265	-0.128069	0.101467	-0.136913	0.985373	0.024661	-0.989834	-0.140072	0.994533	0.038513	-0.097059
15715	9.459154	-3.298047	-0.527014	-1.161456	-0.696796	-0.201516	0.118860	-0.131562	0.984156	-0.003746	-0.991235	-0.132056	0.992904	0.012010	-0.118311
15716	9.292825	-3.380743	-0.347261	-0.748380	-0.477613	-0.156376	0.130885	-0.127733	0.983134	-0.021930	-0.991796	-0.125939	0.991155	-0.005077	-0.132613
15717	8.906976	-2.319732	-1.009197	-0.538837	-0.383509	-0.135164	0.140601	-0.124586	0.982196	-0.034929	-0.992058	-0.120837	0.989450	-0.017318	-0.143836
15718	8.755397	-1.440105	-1.969410	-0.475879	-0.476524	-0.234625	0.152734	-0.119137	0.981060	-0.045948	-0.992490	-0.113372	0.987199	-0.027762	-0.157061
15719	9.077007	-1.026241	-2.212957	-0.603304	-0.647983	-0.379552	0.169321	-0.110379	0.979360	-0.059408	-0.993045	-0.101651	0.983769	-0.040970	-0.174701
