// General information: 
//  MT Manager version: 2022.2.0 
//  XDA version: 2022.2.0 build 7381 rev 124627 built on 2023-07-19
// Device information: 
//  DeviceId: 00B4CAF0
//  ProductCode: MTW2-3A7G6
//  Firmware Version: 4.6.0
//  Hardware Version: 2.0.0
// Device settings: 
//  Filter Profile: human(46.1)
//  Option Flags: Orientation Smoother Disabled, Position/Velocity Smoother Disabled, Continuous Zero Rotation Update Disabled, AHS Disabled, ICC Disabled
// Coordinate system: ENU
PacketCounter	Acc_X	Acc_Y	Acc_Z	Gyr_X	Gyr_Y	Gyr_Z	Mat[1][1]	Mat[2][1]	Mat[3][1]	Mat[1][2]	Mat[2][2]	Mat[3][2]	Mat[1][3]	Mat[2][3]	Mat[3][3]
38328	4.982426	-0.444975	8.978837	0.017182	-0.001926	0.010320	0.579556	0.660311	0.477603	-0.731991	0.679398	-0.051056	-0.358195	-0.320011	0.877091
38329	4.971854	-0.411022	8.974897	0.024977	0.000126	0.011952	0.579461	0.660382	0.477620	-0.732138	0.679251	-0.050918	-0.358049	-0.320179	0.877090
38330	4.937032	-0.494015	8.974793	0.021478	-0.001795	0.013608	0.579513	0.660330	0.477628	-0.732154	0.679246	-0.050738	-0.357931	-0.320294	0.877096
38331	4.926967	-0.481468	8.943827	0.022203	0.002709	0.012114	0.579426	0.660410	0.477623	-0.732292	0.679106	-0.050625	-0.357790	-0.320426	0.877105
38332	4.925948	-0.459213	8.971175	0.008219	0.004810	0.008362	0.579402	0.660427	0.477629	-0.732362	0.679040	-0.050509	-0.357687	-0.320533	0.877108
38333	4.932522	-0.461590	8.929840	0.010597	0.004345	0.007143	0.579357	0.660479	0.477612	-0.732429	0.678970	-0.050474	-0.357621	-0.320575	0.877120
38334	4.958387	-0.465112	8.977780	0.003921	0.004682	0.005073	0.579564	0.660351	0.477538	-0.732292	0.679126	-0.050364	-0.357566	-0.320508	0.877167
38335	4.947875	-0.453926	8.946987	0.001150	0.007263	0.005236	0.579544	0.660399	0.477496	-0.732315	0.679099	-0.050403	-0.357553	-0.320466	0.877187
38336	4.974125	-0.479356	8.967955	0.001150	0.007263	0.005236	0.579567	0.660387	0.477484	-0.732323	0.679095	-0.050338	-0.357499	-0.320498	0.877197
38337	4.950673	-0.505317	8.966280	0.002898	0.008224	0.004407	0.579557	0.660432	0.477434	-0.732346	0.679068	-0.050357	-0.357467	-0.320463	0.877223
38338	4.962152	-0.446952	8.964696	-0.000599	0.006303	0.006065	0.579608	0.660404	0.477411	-0.732287	0.679129	-0.050396	-0.357505	-0.320392	0.877234
38339	4.955131	-0.465576	8.979554	0.005039	0.007070	0.004633	0.579592	0.660447	0.477371	-0.732320	0.679093	-0.050397	-0.357464	-0.320379	0.877255
38340	4.993615	-0.432072	8.998555	0.005668	0.005643	0.004244	0.579733	0.660354	0.477329	-0.732218	0.679208	-0.050335	-0.357444	-0.320328	0.877282
38341	4.960466	-0.446312	8.965661	0.010594	0.004345	0.007144	0.579689	0.660405	0.477311	-0.732285	0.679138	-0.050299	-0.357378	-0.320370	0.877294
38342	4.937307	-0.471796	8.963843	0.007978	0.004124	0.009805	0.579716	0.660386	0.477305	-0.732276	0.679151	-0.050261	-0.357354	-0.320382	0.877299
38343	4.953704	-0.485482	8.953694	0.009572	0.007888	0.006477	0.579690	0.660443	0.477257	-0.732335	0.679089	-0.050231	-0.357275	-0.320394	0.877327
38344	5.031246	-0.418283	8.991390	0.015127	0.005163	0.008989	0.579749	0.660408	0.477235	-0.732355	0.679081	-0.050055	-0.357138	-0.320486	0.877349
38345	4.987372	-0.399652	8.954557	0.012762	0.008070	0.013042	0.579675	0.660511	0.477182	-0.732464	0.678965	-0.050029	-0.357034	-0.320518	0.877379
38346	5.019213	-0.383959	8.988244	0.026990	0.009095	0.018189	0.579535	0.660637	0.477176	-0.732630	0.678789	-0.049978	-0.356919	-0.320630	0.877386
38347	4.995643	-0.408660	8.986691	0.022384	0.007230	0.023121	0.579385	0.660806	0.477126	-0.732832	0.678577	-0.049915	-0.356750	-0.320733	0.877417
38348	4.922219	-0.434198	8.962537	0.023993	0.013434	0.022626	0.579315	0.660921	0.477050	-0.732967	0.678436	-0.049836	-0.356585	-0.320791	0.877462
38349	4.916689	-0.382082	8.944752	0.022732	0.016291	0.023399	0.579195	0.661121	0.476920	-0.733171	0.678221	-0.049771	-0.356361	-0.320837	0.877537
38350	4.879402	-0.444590	8.972699	0.011540	0.018256	0.022314	0.579093	0.661283	0.476818	-0.733289	0.678088	-0.049841	-0.356284	-0.320783	0.877588
38351	4.883107	-0.538394	8.938143	0.016924	0.015891	0.019492	0.579000	0.661455	0.476694	-0.733450	0.677917	-0.049809	-0.356105	-0.320791	0.877657
38352	4.897274	-0.509277	8.982636	0.010252	0.016232	0.017418	0.578922	0.661579	0.476615	-0.733570	0.677788	-0.049789	-0.355983	-0.320807	0.877701
38353	4.890806	-0.570608	8.943804	0.008474	0.010389	0.012579	0.578860	0.661686	0.476543	-0.733660	0.677690	-0.049798	-0.355898	-0.320794	0.877740
38354	4.934974	-0.497100	8.975389	0.009956	0.005776	0.007527	0.578796	0.661727	0.476564	-0.733716	0.677629	-0.049802	-0.355889	-0.320837	0.877728
38355	4.980026	-0.444615	8.979821	0.017896	0.005023	0.011659	0.578721	0.661810	0.476539	-0.733834	0.677507	-0.049724	-0.355766	-0.320924	0.877746
38356	4.959151	-0.399798	8.944892	0.016625	0.005438	0.009599	0.578854	0.661735	0.476483	-0.733783	0.677573	-0.049573	-0.355656	-0.320939	0.877785
38357	4.905936	-0.447514	8.982725	0.016624	0.005439	0.009598	0.578796	0.661805	0.476455	-0.733884	0.677469	-0.049496	-0.355540	-0.321015	0.877804
38358	4.948481	-0.464285	9.020433	0.018612	0.007083	0.007324	0.578855	0.661773	0.476427	-0.733901	0.677463	-0.049334	-0.355410	-0.321093	0.877829
38359	5.066873	-0.406114	9.022501	0.024922	-0.002314	0.009124	0.578774	0.661815	0.476468	-0.734029	0.677335	-0.049182	-0.355278	-0.321276	0.877815
38360	5.081397	-0.276731	8.987318	0.016395	0.007201	0.013871	0.578798	0.661822	0.476430	-0.734048	0.677319	-0.049112	-0.355198	-0.321296	0.877840
38361	5.002181	-0.342444	8.950630	0.016660	0.012777	0.018089	0.578704	0.661973	0.476333	-0.734199	0.677158	-0.049075	-0.355040	-0.321323	0.877894
38362	4.903447	-0.463511	8.957691	0.016872	0.008572	0.010981	0.578711	0.661991	0.476299	-0.734227	0.677132	-0.049024	-0.354971	-0.321341	0.877916
38363	4.862650	-0.474038	8.966699	0.021893	0.013206	0.012766	0.578659	0.662107	0.476202	-0.734365	0.676990	-0.048916	-0.354771	-0.321400	0.877974
38364	4.817402	-0.645706	9.015337	0.005048	0.009525	0.007446	0.578678	0.662114	0.476169	-0.734348	0.677007	-0.048942	-0.354775	-0.321352	0.877991
38365	4.854050	-0.625560	8.934457	0.007534	-0.001084	0.000244	0.578666	0.662099	0.476204	-0.734362	0.676994	-0.048900	-0.354764	-0.321409	0.877974
38366	4.944839	-0.499776	8.969510	0.012290	-0.002028	-0.002186	0.578828	0.661932	0.476239	-0.734245	0.677133	-0.048744	-0.354742	-0.321462	0.877964
38367	4.855747	-0.511594	8.954974	-0.007560	-0.003809	-0.005904	0.578853	0.661867	0.476300	-0.734170	0.677209	-0.048805	-0.354858	-0.321434	0.877927
38368	4.876653	-0.555364	8.989992	-0.002189	-0.008628	-0.011550	0.578983	0.661662	0.476426	-0.734007	0.677390	-0.048750	-0.354982	-0.321474	0.877862
38369	4.827524	-0.534198	8.993624	-0.007853	-0.014278	-0.015781	0.579043	0.661497	0.476584	-0.733874	0.677533	-0.048767	-0.355160	-0.321514	0.877776
38370	4.824170	-0.594994	8.953242	0.001137	-0.024869	-0.026247	0.579163	0.661178	0.476879	-0.733693	0.677741	-0.048607	-0.355338	-0.321731	0.877624
38371	5.035639	-0.390105	9.015587	0.011958	-0.035890	-0.025432	0.579216	0.660877	0.477231	-0.733574	0.677884	-0.048404	-0.355496	-0.322048	0.877444
38372	5.022106	-0.395671	8.997521	0.000262	-0.024122	-0.024420	0.579269	0.660609	0.477538	-0.733445	0.678033	-0.048275	-0.355677	-0.322284	0.877284
38373	5.054113	-0.372276	8.956756	-0.011626	-0.021768	-0.018338	0.579320	0.660402	0.477763	-0.733283	0.678205	-0.048312	-0.355926	-0.322348	0.877159
38374	5.016362	-0.406365	8.937379	-0.028869	-0.007283	-0.019834	0.579460	0.660180	0.477901	-0.733039	0.678461	-0.048420	-0.356203	-0.322263	0.877078
38375	4.964139	-0.456944	8.974656	-0.030338	-0.000221	-0.011955	0.579541	0.660085	0.477934	-0.732848	0.678651	-0.048651	-0.356464	-0.322057	0.877048
38376	4.859728	-0.578541	9.022533	-0.043932	-0.002676	-0.017486	0.579589	0.659951	0.478059	-0.732615	0.678880	-0.048973	-0.356864	-0.321849	0.876961
38377	4.900948	-0.591504	8.986409	-0.048194	-0.013977	-0.019996	0.579680	0.659757	0.478217	-0.732313	0.679180	-0.049322	-0.357336	-0.321613	0.876856
38378	4.902205	-0.573893	9.012165	-0.058962	-0.025296	-0.019246	0.579766	0.659476	0.478501	-0.731920	0.679570	-0.049776	-0.358001	-0.321366	0.876675
38379	4.906932	-0.508557	8.977404	-0.060889	-0.025888	-0.023760	0.579841	0.659218	0.478765	-0.731550	0.679936	-0.050219	-0.358635	-0.321121	0.876506
38380	4.870173	-0.524970	8.983959	-0.067774	-0.037399	-0.023623	0.579912	0.658867	0.479162	-0.731116	0.680368	-0.050690	-0.359404	-0.320927	0.876262
38381	4.914706	-0.561092	8.919108	-0.074479	-0.039488	-0.028543	0.579973	0.658533	0.479548	-0.730668	0.680808	-0.051228	-0.360215	-0.320679	0.876019
38382	4.921789	-0.440411	9.037704	-0.068636	-0.040459	-0.034271	0.580039	0.658146	0.479998	-0.730214	0.681260	-0.051700	-0.361030	-0.320513	0.875745
38383	4.865681	-0.568480	8.933279	-0.076450	-0.042493	-0.035916	0.580142	0.657752	0.480414	-0.729715	0.681755	-0.052220	-0.361872	-0.320271	0.875486
38384	4.809586	-0.384963	8.979634	-0.046795	-0.053038	-0.037787	0.580297	0.657229	0.480941	-0.729247	0.682240	-0.052415	-0.362566	-0.320308	0.875185
38385	4.980466	-0.533302	8.985433	-0.047711	-0.057158	-0.041647	0.580388	0.656748	0.481489	-0.728817	0.682681	-0.052654	-0.363284	-0.320357	0.874869
38386	4.969066	-0.483880	8.833118	-0.006259	-0.059910	-0.043606	0.580520	0.656191	0.482089	-0.728461	0.683068	-0.052556	-0.363787	-0.320673	0.874544
38387	4.976507	-0.313346	9.005826	0.012883	-0.052815	-0.048798	0.580677	0.655675	0.482602	-0.728210	0.683360	-0.052231	-0.364038	-0.321106	0.874281
38388	5.177363	-0.186469	9.042212	0.007392	-0.040356	-0.039931	0.580780	0.655248	0.483058	-0.728013	0.683590	-0.051972	-0.364268	-0.321488	0.874045
38389	5.125817	-0.402586	8.902622	-0.026536	-0.022659	-0.032787	0.580930	0.654937	0.483298	-0.727712	0.683904	-0.052068	-0.364631	-0.321454	0.873906
38390	5.207644	-0.397865	8.857305	0.041544	-0.019053	-0.023340	0.580967	0.654706	0.483567	-0.727743	0.683904	-0.051620	-0.364510	-0.321923	0.873784
38391	5.069949	-0.421880	9.007088	0.019249	-0.019027	-0.016179	0.581010	0.654520	0.483767	-0.727705	0.683962	-0.051396	-0.364518	-0.322178	0.873686
38392	5.039308	-0.457608	8.946032	-0.025032	-0.014798	-0.007228	0.580888	0.654448	0.484011	-0.727642	0.684014	-0.051596	-0.364837	-0.322215	0.873539
38393	4.994710	-0.645803	8.892852	-0.036756	-0.003068	-0.006139	0.580915	0.654383	0.484067	-0.727458	0.684186	-0.051910	-0.365161	-0.321983	0.873490
38394	5.010006	-0.560809	8.803572	0.009295	-0.003899	-0.013080	0.581033	0.654207	0.484163	-0.727343	0.684317	-0.051790	-0.365203	-0.322060	0.873444
38395	4.936326	-0.518935	8.860544	0.075442	-0.004654	-0.020632	0.581160	0.654037	0.484240	-0.727484	0.684223	-0.051054	-0.364719	-0.322606	0.873444
38396	4.833546	-0.496683	8.957108	0.080764	-0.011852	-0.029174	0.581379	0.653718	0.484408	-0.727532	0.684233	-0.050214	-0.364274	-0.323229	0.873400
38397	4.892891	-0.376320	8.958435	0.105301	-0.032890	-0.031806	0.581485	0.653380	0.484737	-0.727716	0.684115	-0.049163	-0.363738	-0.324163	0.873277
38398	5.021599	-0.460021	9.055142	0.075658	-0.048203	-0.024447	0.581520	0.652984	0.485228	-0.727790	0.684092	-0.048382	-0.363533	-0.325009	0.873048
38399	5.008483	-0.537419	8.855643	0.060134	-0.046398	-0.028784	0.581556	0.652622	0.485673	-0.727826	0.684098	-0.047740	-0.363404	-0.325722	0.872836
38400	5.068232	-0.487701	8.888542	0.102233	-0.046977	-0.035192	0.581542	0.652240	0.486202	-0.728048	0.683935	-0.046687	-0.362982	-0.326828	0.872598
38401	5.070216	-0.412415	8.968117	0.098552	-0.031440	-0.040755	0.581719	0.651844	0.486521	-0.728153	0.683892	-0.045652	-0.362486	-0.327706	0.872475
38402	5.073696	-0.423785	8.939920	0.080425	-0.029878	-0.042409	0.581939	0.651394	0.486860	-0.728179	0.683929	-0.044678	-0.362081	-0.328521	0.872337
38403	5.111828	-0.372554	8.884370	0.085229	-0.024857	-0.045995	0.582178	0.650983	0.487123	-0.728205	0.683963	-0.043733	-0.361643	-0.329265	0.872238
38404	5.145860	-0.325756	8.943585	0.093362	-0.011274	-0.041303	0.582612	0.650501	0.487249	-0.728126	0.684112	-0.042691	-0.361103	-0.329906	0.872219
38405	5.084473	-0.354150	8.950588	0.082002	-0.002719	-0.032389	0.582833	0.650256	0.487312	-0.728218	0.684067	-0.041840	-0.360561	-0.330484	0.872225
38406	5.091823	-0.371008	8.882303	0.055985	0.004398	-0.032444	0.583078	0.650002	0.487357	-0.728188	0.684135	-0.041241	-0.360225	-0.330841	0.872228
38407	5.057335	-0.335269	8.903938	0.081048	0.009200	-0.031364	0.583334	0.649803	0.487316	-0.728282	0.684086	-0.040403	-0.359620	-0.331334	0.872291
38408	5.055991	-0.282994	8.958164	0.085613	-0.003540	-0.031594	0.583594	0.649497	0.487413	-0.728358	0.684060	-0.039452	-0.359044	-0.331987	0.872280
38409	5.074237	-0.176115	8.967381	0.067281	-0.018373	-0.020219	0.583671	0.649282	0.487607	-0.728466	0.683983	-0.038789	-0.358700	-0.332565	0.872201
38410	5.122924	-0.204902	8.862569	0.042162	-0.008166	-0.009644	0.583684	0.649154	0.487762	-0.728540	0.683926	-0.038414	-0.358530	-0.332933	0.872131
38411	5.097797	-0.232612	8.975061	0.012240	-0.004388	-0.005097	0.583700	0.649090	0.487829	-0.728539	0.683933	-0.038304	-0.358505	-0.333044	0.872099
38412	5.126622	-0.210705	8.935287	-0.032816	0.014019	0.007872	0.583682	0.649146	0.487776	-0.728457	0.684003	-0.038604	-0.358699	-0.332792	0.872115
38413	5.091428	-0.343098	8.883651	-0.057554	0.035328	0.005116	0.583766	0.649283	0.487492	-0.728266	0.684176	-0.039153	-0.358951	-0.332168	0.872249
38414	5.048962	-0.360615	8.893937	-0.054417	0.029635	0.012793	0.583803	0.649400	0.487291	-0.728123	0.684300	-0.039615	-0.359180	-0.331681	0.872340
38415	5.058578	-0.440415	8.845610	-0.023208	0.025454	0.010313	0.583815	0.649540	0.487091	-0.728085	0.684325	-0.039890	-0.359239	-0.331356	0.872439
38416	5.038564	-0.406056	8.884299	0.004201	0.027362	0.007339	0.583905	0.649596	0.486908	-0.728070	0.684341	-0.039888	-0.359122	-0.331212	0.872542
38417	5.042680	-0.386109	8.870800	0.035566	0.017938	0.004547	0.583931	0.649672	0.486776	-0.728209	0.684209	-0.039621	-0.358797	-0.331339	0.872628
38418	5.100968	-0.392456	8.925418	0.043573	0.020721	0.004684	0.583885	0.649777	0.486691	-0.728439	0.683984	-0.039271	-0.358406	-0.331595	0.872691
38419	4.998036	-0.347589	8.935820	0.051174	0.025613	0.003758	0.583944	0.649872	0.486492	-0.728629	0.683805	-0.038864	-0.357923	-0.331778	0.872820
38420	5.025193	-0.185811	8.943858	0.054667	0.012919	0.006839	0.583863	0.649961	0.486472	-0.728900	0.683540	-0.038434	-0.357504	-0.332150	0.872850
38421	4.973499	-0.162495	8.949114	0.024477	0.014999	0.019596	0.583768	0.650129	0.486361	-0.729087	0.683346	-0.038337	-0.357277	-0.332219	0.872917
38422	4.920843	-0.233634	8.961288	-0.006818	0.014692	0.032808	0.583520	0.650391	0.486307	-0.729267	0.683140	-0.038589	-0.357314	-0.332131	0.872935
38423	5.063921	-0.296094	8.990099	-0.048461	0.013096	0.040310	0.583268	0.650695	0.486204	-0.729314	0.683053	-0.039230	-0.357630	-0.331714	0.872964
38424	4.923735	-0.227109	8.948052	-0.075451	0.028630	0.045211	0.583195	0.650944	0.485958	-0.729154	0.683176	-0.040067	-0.358076	-0.330971	0.873064
38425	4.935148	-0.277005	9.026312	-0.089482	0.029639	0.048279	0.582944	0.651357	0.485706	-0.729099	0.683173	-0.041104	-0.358595	-0.330166	0.873155
38426	5.103056	-0.428482	8.922468	-0.100704	0.014482	0.049145	0.582691	0.651651	0.485615	-0.728943	0.683271	-0.042224	-0.359322	-0.329383	0.873152
38427	5.048611	-0.318681	8.848172	-0.062431	0.022485	0.045054	0.582439	0.652017	0.485427	-0.728966	0.683197	-0.043010	-0.359685	-0.328809	0.873219
38428	5.127037	-0.401154	8.911554	-0.052077	0.040849	0.048841	0.582240	0.652427	0.485114	-0.729020	0.683096	-0.043712	-0.359898	-0.328207	0.873358
38429	5.099512	-0.413131	8.938798	-0.055035	0.050078	0.058943	0.581986	0.652978	0.484677	-0.729149	0.682906	-0.044500	-0.360047	-0.327504	0.873560
38430	5.032257	-0.458748	8.948044	-0.055567	0.056037	0.048575	0.581779	0.653476	0.484255	-0.729243	0.682757	-0.045240	-0.360192	-0.326820	0.873757
38431	5.028726	-0.396088	8.917332	-0.045587	0.060457	0.046441	0.581653	0.653975	0.483733	-0.729334	0.682618	-0.045885	-0.360212	-0.326114	0.874012
38432	5.002210	-0.394292	9.045009	-0.063286	0.062366	0.048645	0.581509	0.654469	0.483237	-0.729381	0.682515	-0.046649	-0.360347	-0.325337	0.874246
38433	4.993082	-0.394944	8.975257	-0.073834	0.067778	0.052841	0.581363	0.655034	0.482647	-0.729407	0.682424	-0.047572	-0.360531	-0.324389	0.874522
38434	4.956162	-0.405562	9.045148	-0.069472	0.073867	0.054989	0.581223	0.655597	0.482049	-0.729441	0.682325	-0.048464	-0.360687	-0.323458	0.874803
38435	4.857759	-0.284747	9.009133	-0.059423	0.059780	0.066883	0.580946	0.656231	0.481521	-0.729600	0.682093	-0.049328	-0.360813	-0.322661	0.875045
38436	4.891912	-0.527470	8.933979	-0.037902	0.033247	0.079192	0.580530	0.656801	0.481245	-0.729868	0.681756	-0.050012	-0.360940	-0.322212	0.875158
38437	4.846697	-0.513000	8.897611	0.048835	0.001709	0.080253	0.579945	0.657338	0.481217	-0.730494	0.681087	-0.049993	-0.360613	-0.322533	0.875175
38438	4.807406	-0.312265	9.135014	0.060966	-0.002377	0.091598	0.579164	0.657966	0.481300	-0.731285	0.680240	-0.049950	-0.360265	-0.323038	0.875132
38439	4.823930	-0.283263	9.178204	0.043094	-0.021000	0.099604	0.578354	0.658560	0.481462	-0.732001	0.679460	-0.050074	-0.360111	-0.323470	0.875036
38440	4.886332	-0.166023	9.278535	-0.060926	-0.031361	0.124113	0.577341	0.659243	0.481742	-0.732455	0.678886	-0.051219	-0.360814	-0.323284	0.874815
38441	4.926232	-0.395766	9.226343	-0.153188	-0.040149	0.133225	0.576215	0.660002	0.482051	-0.732654	0.678517	-0.053223	-0.362207	-0.322509	0.874525
38442	4.909124	-0.507245	9.139803	-0.165267	-0.065967	0.141878	0.574975	0.660678	0.482607	-0.732814	0.678175	-0.055335	-0.363850	-0.321845	0.874087
38443	4.948122	-0.515105	9.168374	-0.170680	-0.084787	0.139358	0.573639	0.661334	0.483297	-0.732976	0.677818	-0.057521	-0.365628	-0.321249	0.873565
38444	4.741711	-0.584117	9.502689	-0.199999	-0.097397	0.136892	0.572273	0.661903	0.484136	-0.733012	0.677572	-0.059909	-0.367691	-0.320594	0.872940
38445	4.574513	-0.454946	9.784518	-0.300015	-0.164622	0.142190	0.570618	0.662324	0.485512	-0.732701	0.677606	-0.063237	-0.370870	-0.319651	0.871940
38446	4.717578	-0.587119	9.582744	-0.369591	-0.307288	0.154512	0.568327	0.662335	0.488177	-0.732142	0.677820	-0.067286	-0.375462	-0.319174	0.870147
38447	4.540343	-0.915479	9.388904	-0.398969	-0.421994	0.168038	0.565497	0.662111	0.491755	-0.731570	0.677996	-0.071598	-0.380814	-0.319265	0.867785
38448	4.206258	-0.978006	9.791280	-0.365401	-0.571389	0.156427	0.562258	0.661242	0.496613	-0.730960	0.678232	-0.075486	-0.386734	-0.320562	0.864683
38449	3.922824	-0.574291	10.441582	-0.405419	-0.775744	0.136100	0.558229	0.659653	0.503227	-0.730123	0.678653	-0.079685	-0.394081	-0.322935	0.860472
38450	3.680936	-0.796737	10.236925	-0.453677	-1.041257	0.148795	0.552917	0.657281	0.512117	-0.729145	0.679135	-0.084406	-0.403275	-0.326737	0.854758
38451	3.806739	-0.484025	10.372362	-0.354340	-1.390098	0.156410	0.546094	0.653739	0.523839	-0.728540	0.679295	-0.088253	-0.413535	-0.333443	0.847233
38452	3.879303	-0.702452	10.251296	-0.359134	-1.697554	0.160499	0.537853	0.649030	0.538028	-0.727833	0.679537	-0.092138	-0.425410	-0.342038	0.837876
38453	4.221249	-0.074887	10.915068	-0.372645	-2.035106	0.158266	0.527898	0.643020	0.554841	-0.727048	0.679825	-0.096124	-0.439005	-0.352652	0.826384
38454	4.379535	-0.596492	10.714549	-0.565341	-2.375347	0.164435	0.516088	0.635580	0.574188	-0.725348	0.680832	-0.101674	-0.455547	-0.364013	0.812386
38455	4.287710	-0.867034	10.487752	-0.544770	-2.704915	0.156799	0.502381	0.626603	0.595804	-0.723598	0.681879	-0.106991	-0.473307	-0.377372	0.795971
38456	4.564289	-0.716809	10.505155	-0.512286	-3.087613	0.182176	0.486176	0.615920	0.619900	-0.721951	0.682788	-0.112193	-0.492362	-0.392991	0.776619
38457	5.647204	0.405579	11.484403	-0.561965	-3.461623	0.241260	0.467025	0.603645	0.646143	-0.720256	0.683592	-0.118039	-0.512951	-0.410261	0.754034
38458	6.076769	0.696647	11.906978	-0.663650	-3.748354	0.352017	0.444875	0.590304	0.673518	-0.718320	0.684333	-0.125315	-0.534885	-0.428052	0.728471
38459	7.090332	0.776230	11.727552	-0.851452	-4.013979	0.506924	0.419284	0.576219	0.701550	-0.715836	0.685115	-0.134897	-0.558373	-0.445634	0.699736
38460	8.561444	0.563677	12.095505	-1.120984	-4.150849	0.668835	0.390639	0.561982	0.729094	-0.712246	0.686285	-0.147373	-0.583187	-0.461725	0.668359
38461	10.455697	-0.431684	11.483074	-1.433150	-4.090234	0.734272	0.361036	0.547859	0.754654	-0.706442	0.688939	-0.162181	-0.608763	-0.474567	0.635763
38462	11.373196	-0.571038	11.399042	-1.622078	-3.836827	0.689271	0.332152	0.534264	0.777327	-0.698792	0.692914	-0.177652	-0.633534	-0.484182	0.603492
38463	9.937857	-0.925189	10.526322	-1.740141	-3.574204	0.631730	0.304685	0.521208	0.797188	-0.689551	0.698084	-0.192867	-0.657028	-0.490939	0.572095
38464	8.997753	-0.164852	10.159351	-1.588602	-3.482606	0.603086	0.277155	0.508175	0.815441	-0.680736	0.702791	-0.206601	-0.678074	-0.497839	0.540715
38465	7.967890	0.872449	10.170336	-1.737753	-3.373300	0.659767	0.249456	0.495933	0.831758	-0.670486	0.708190	-0.221168	-0.698728	-0.502511	0.509178
38466	5.818552	1.308272	9.771126	-1.896695	-3.239662	0.766747	0.221335	0.485082	0.845994	-0.658837	0.713973	-0.237014	-0.718989	-0.504913	0.477617
38467	1.105686	2.126149	9.173602	-2.124518	-3.242042	0.887314	0.191884	0.475048	0.858784	-0.645151	0.720464	-0.254384	-0.739568	-0.505233	0.444724
38468	1.012242	1.131392	9.937589	-1.921452	-3.266518	0.819839	0.162177	0.464461	0.870617	-0.632238	0.726315	-0.269706	-0.757610	-0.506698	0.411442
38469	12.262571	-0.605124	12.552189	-1.470813	-2.121324	0.330812	0.143879	0.456112	0.878214	-0.621485	0.732257	-0.278489	-0.770101	-0.505728	0.388824
38470	5.649493	0.152647	14.309475	-0.768055	-0.039266	-0.027723	0.143755	0.455741	0.878427	-0.615557	0.736210	-0.281220	-0.774870	-0.500295	0.386368
38471	0.166287	2.667615	12.315805	-0.323284	0.986298	-0.270518	0.153042	0.458624	0.875353	-0.612625	0.739071	-0.280114	-0.775415	-0.493394	0.394073
38472	-3.149849	2.679693	9.630640	-0.384562	1.360856	-0.386445	0.165959	0.462477	0.870961	-0.609108	0.742661	-0.278286	-0.775529	-0.484325	0.404950
38473	-2.738972	1.883106	9.465232	-0.225147	1.299366	-0.402164	0.178456	0.465706	0.866759	-0.606645	0.745627	-0.275721	-0.774684	-0.476611	0.415580
38474	-1.111520	0.571925	9.501744	-0.022310	1.385012	-0.426513	0.191749	0.469176	0.862036	-0.605800	0.747623	-0.272152	-0.772165	-0.470036	0.427582
38475	0.345775	0.896881	10.654190	0.319773	1.747193	-0.505812	0.208242	0.473533	0.855805	-0.607224	0.748531	-0.266421	-0.766756	-0.464185	0.443416
38476	0.742199	0.982205	10.648242	0.438317	2.182854	-0.566898	0.228331	0.479479	0.847328	-0.609480	0.749079	-0.259645	-0.759210	-0.457144	0.463271
38477	0.878011	0.834867	10.392888	0.518104	2.582148	-0.621926	0.251594	0.486492	0.836675	-0.611872	0.749753	-0.251956	-0.749875	-0.448548	0.486305
38478	0.888793	0.322221	10.017590	0.593649	2.871654	-0.672123	0.277063	0.494367	0.823916	-0.614690	0.750254	-0.243463	-0.738506	-0.438999	0.511750
38479	1.156104	-0.302659	9.813800	0.719129	3.072186	-0.720920	0.303973	0.502273	0.809520	-0.617835	0.750742	-0.233808	-0.725176	-0.429079	0.538527
38480	2.028301	-0.675000	9.973932	0.885910	3.220901	-0.749117	0.331680	0.510527	0.793317	-0.622012	0.750589	-0.222972	-0.709288	-0.419497	0.566509
38481	3.430614	-1.071889	10.461960	1.055110	3.411103	-0.753888	0.360254	0.518998	0.775151	-0.626768	0.750111	-0.210940	-0.690926	-0.409848	0.595521
38482	5.320676	-1.503489	11.139382	1.236910	3.711647	-0.735393	0.390067	0.528761	0.753830	-0.632646	0.748746	-0.197834	-0.669034	-0.399739	0.626580
38483	6.409545	-1.551427	11.675488	1.361878	4.155795	-0.661846	0.421538	0.540158	0.728378	-0.638877	0.746936	-0.184181	-0.643539	-0.387705	0.659957
38484	6.499397	-1.873231	11.621057	1.456382	4.516551	-0.551354	0.453410	0.553527	0.698589	-0.645864	0.744179	-0.170461	-0.614231	-0.373905	0.694921
38485	6.612578	-2.062748	11.565584	1.551338	4.704847	-0.458753	0.484524	0.567350	0.665846	-0.652973	0.741078	-0.156297	-0.582119	-0.359050	0.729535
38486	7.173200	-2.091115	11.744051	1.619415	4.771185	-0.394379	0.513963	0.581501	0.630633	-0.660400	0.737415	-0.141741	-0.547461	-0.343621	0.763028
38487	7.887983	-1.890881	12.121867	1.656133	4.787399	-0.360868	0.541694	0.594903	0.593850	-0.667245	0.733992	-0.126651	-0.511226	-0.327638	0.794545
38488	8.440321	-1.782021	12.565229	1.637592	4.770841	-0.362681	0.567497	0.607792	0.555461	-0.673547	0.730701	-0.111400	-0.473584	-0.310910	0.824047
38489	9.044870	-1.804010	12.991298	1.551652	4.727216	-0.397676	0.591672	0.619160	0.516300	-0.678282	0.728465	-0.096293	-0.435728	-0.293223	0.850977
38490	9.919726	-2.063730	13.788111	1.496208	4.684736	-0.452059	0.614117	0.629484	0.476037	-0.682030	0.726801	-0.081219	-0.397110	-0.274793	0.875667
38491	11.243746	-2.565435	14.578492	1.460119	4.693830	-0.478084	0.635097	0.638451	0.434778	-0.684542	0.725969	-0.066114	-0.357846	-0.255635	0.898107
38492	12.151461	-3.011294	14.868270	1.467070	4.734011	-0.457162	0.654060	0.647054	0.391824	-0.686773	0.725081	-0.050983	-0.317093	-0.235749	0.918626
38493	12.353774	-3.319075	14.216745	1.452798	4.693569	-0.380636	0.670594	0.654883	0.348470	-0.688550	0.724289	-0.036121	-0.276048	-0.215717	0.936624
38494	11.975693	-3.636359	12.097779	1.429729	4.506901	-0.273686	0.683858	0.662447	0.305780	-0.690561	0.722946	-0.021806	-0.235507	-0.196247	0.951853
38495	8.050258	-0.120162	13.905514	1.014363	3.131530	-0.098224	0.691462	0.667665	0.275869	-0.692121	0.721684	-0.011844	-0.206998	-0.182745	0.961122
38496	10.507000	-9.552733	-0.857587	-0.114218	2.930776	0.060036	0.696676	0.673382	0.247385	-0.692501	0.721297	-0.013175	-0.187309	-0.162135	0.968828
38497	20.256045	-8.169464	8.069296	1.764402	2.143703	0.148238	0.699367	0.677899	0.226580	-0.696594	0.717456	0.003586	-0.160130	-0.160343	0.973986
38498	22.504603	-7.778260	5.361146	1.537063	2.754237	0.215117	0.701728	0.683929	0.199545	-0.700483	0.713440	0.018072	-0.130004	-0.152459	0.979722
38499	19.775050	-2.491599	0.347215	1.539179	2.928022	0.392244	0.702318	0.691042	0.170910	-0.704992	0.708473	0.032436	-0.098670	-0.143271	0.984753
38500	14.243571	-1.169321	-6.138135	0.816758	2.247313	0.562309	0.700262	0.698190	0.148873	-0.709710	0.703384	0.039544	-0.077106	-0.133348	0.988065
38501	12.957567	-3.494001	-9.254555	0.169821	0.868614	0.373773	0.698242	0.701946	0.140464	-0.712444	0.700550	0.040653	-0.069866	-0.128458	0.989251
38502	14.168016	-3.994377	-7.977453	-0.081646	-0.609499	-0.139818	0.698781	0.700195	0.146397	-0.711426	0.701619	0.040035	-0.074682	-0.132126	0.988415
38503	15.527561	-2.662696	-6.192615	-0.736811	-1.776460	-0.642520	0.701851	0.693253	0.163725	-0.706307	0.707102	0.033729	-0.092388	-0.139313	0.985929
38504	12.124217	-7.948012	-4.313681	-1.150401	-2.614858	-0.713358	0.704155	0.684348	0.189295	-0.700020	0.713731	0.023676	-0.118903	-0.149182	0.981635
38505	1.608357	-6.123165	6.906751	0.149327	-3.058382	-0.789849	0.705710	0.673787	0.219053	-0.694639	0.718862	0.026722	-0.139464	-0.171020	0.975347
38506	-1.555579	0.217931	14.446467	-0.180668	-2.767219	-0.303565	0.703693	0.666593	0.245909	-0.692197	0.721251	0.025674	-0.160248	-0.188284	0.968953
38507	-3.399651	3.274737	10.178204	-0.941035	-2.894888	0.709224	0.693740	0.666059	0.274026	-0.695512	0.718363	0.014717	-0.187048	-0.200799	0.961610
38508	1.301464	1.499682	6.495243	-1.720708	-2.958312	1.611999	0.676452	0.671527	0.302430	-0.703060	0.711102	-0.006407	-0.219361	-0.208292	0.953150
38509	7.594421	-2.909255	8.871364	-1.710043	-2.973581	1.524368	0.658683	0.675998	0.330400	-0.709204	0.704468	-0.027477	-0.251331	-0.216223	0.943441
38510	8.021392	1.508533	11.495988	-1.283915	-3.016195	0.927480	0.644087	0.675805	0.358385	-0.711819	0.701063	-0.042714	-0.280116	-0.227594	0.932596
38511	10.604072	1.039711	11.077989	-1.254785	-3.057767	0.360932	0.632512	0.671188	0.386569	-0.710419	0.701570	-0.055712	-0.308599	-0.239387	0.920576
38512	12.459068	-3.463490	10.634119	-0.981182	-2.953332	-0.155663	0.624178	0.662766	0.413694	-0.706227	0.705083	-0.064041	-0.334133	-0.252189	0.908161
38513	11.279877	-7.182490	13.769215	-0.314781	-2.660794	0.115363	0.614215	0.656656	0.437656	-0.705849	0.705149	-0.067399	-0.352871	-0.267522	0.896613
38514	14.041001	-7.504707	13.976251	0.143335	-2.439121	0.033999	0.605215	0.650107	0.459430	-0.706537	0.704568	-0.066251	-0.366770	-0.284508	0.885740
38515	13.176158	0.430443	12.856444	0.339585	-1.605717	0.042736	0.598956	0.645726	0.473592	-0.708040	0.703314	-0.063480	-0.374075	-0.297300	0.878454
38516	13.057343	-3.444151	13.680034	-0.292764	-1.258042	-0.073306	0.594732	0.641368	0.484707	-0.706459	0.704703	-0.065650	-0.383680	-0.303382	0.872209
38517	5.408552	-0.510544	7.447420	-0.004200	-0.063976	-0.148522	0.595525	0.640116	0.485388	-0.705546	0.705678	-0.064990	-0.384129	-0.303760	0.871880
38518	6.939097	0.203798	9.515060	0.232619	-0.465092	-0.188637	0.595107	0.637262	0.489636	-0.705248	0.706244	-0.062014	-0.385322	-0.308410	0.869719
38519	5.454546	-0.371635	8.910487	-0.060019	-0.250969	-0.147040	0.595165	0.635437	0.491934	-0.704128	0.707375	-0.061839	-0.387277	-0.309580	0.868434
38520	5.571944	-0.111010	9.016726	0.174347	-0.249797	-0.139292	0.595246	0.633544	0.494271	-0.703865	0.707827	-0.059617	-0.387629	-0.312413	0.867261
38521	5.900553	-0.080453	9.195444	-0.066457	-0.176121	-0.110472	0.595330	0.632200	0.495889	-0.702936	0.708745	-0.059671	-0.389183	-0.313054	0.866334
38522	5.236317	-0.912190	8.756877	0.057132	-0.123694	-0.111110	0.595688	0.630910	0.497100	-0.702410	0.709357	-0.058586	-0.389584	-0.314270	0.865713
38523	5.366087	-0.334393	9.061223	-0.003812	-0.106954	-0.099742	0.595962	0.629854	0.498110	-0.701788	0.710009	-0.058146	-0.390286	-0.314914	0.865162
38524	5.309779	-0.504655	8.838311	-0.038247	-0.094052	-0.086924	0.596256	0.628832	0.499048	-0.701043	0.710756	-0.058000	-0.391174	-0.315271	0.864631
38525	5.383382	-0.402724	8.867623	-0.022032	-0.097810	-0.065127	0.596320	0.628049	0.499957	-0.700555	0.711247	-0.057889	-0.391950	-0.315727	0.864113
38526	5.258871	-0.520569	8.903998	-0.031819	-0.085679	-0.042822	0.596331	0.627356	0.500813	-0.700093	0.711700	-0.057911	-0.392760	-0.316081	0.863616
38527	5.322057	-0.692360	8.814170	-0.012567	-0.089405	-0.047439	0.596302	0.626724	0.501638	-0.699747	0.712048	-0.057806	-0.393419	-0.316550	0.863144
38528	5.233131	-0.613661	8.834643	-0.018698	-0.090511	-0.049919	0.596366	0.625943	0.502537	-0.699257	0.712538	-0.057697	-0.394191	-0.316994	0.862628
38529	5.217857	-0.518751	8.737637	-0.019203	-0.078891	-0.055886	0.596436	0.625283	0.503275	-0.698835	0.712960	-0.057605	-0.394834	-0.317348	0.862204
38530	5.350178	-0.348296	8.675024	-0.039386	-0.059050	-0.055349	0.596650	0.624571	0.503905	-0.698246	0.713534	-0.057639	-0.395552	-0.317459	0.861834
38531	5.449687	-0.364450	8.729431	-0.042313	-0.044174	-0.046011	0.596787	0.624090	0.504338	-0.697790	0.713967	-0.057795	-0.396150	-0.317430	0.861570
38532	5.131188	-0.310695	8.806513	-0.032366	-0.022528	-0.033182	0.596992	0.623661	0.504626	-0.697373	0.714369	-0.057862	-0.396575	-0.317369	0.861397
38533	5.284379	-0.519996	8.749182	-0.038203	-0.024116	-0.030279	0.597098	0.623356	0.504877	-0.697026	0.714691	-0.058062	-0.397024	-0.317244	0.861237
38534	5.175004	-0.572072	8.846871	-0.028547	-0.033315	-0.038622	0.597298	0.622847	0.505269	-0.696582	0.715123	-0.058077	-0.397503	-0.317272	0.861005
38535	5.228383	-0.521014	8.807334	-0.035700	-0.046324	-0.035765	0.597354	0.622432	0.505715	-0.696212	0.715470	-0.058227	-0.398066	-0.317302	0.860734
38536	5.285492	-0.632559	8.802045	-0.045740	-0.041392	-0.038595	0.597512	0.621900	0.506181	-0.695709	0.715947	-0.058385	-0.398709	-0.317268	0.860449
38537	5.180063	-0.494985	8.736467	-0.027485	-0.036817	-0.038047	0.597621	0.621499	0.506546	-0.695357	0.716283	-0.058453	-0.399158	-0.317298	0.860229
38538	5.334047	-0.459993	8.712379	-0.028138	-0.035408	-0.037630	0.597808	0.620986	0.506953	-0.694912	0.716714	-0.058477	-0.399654	-0.317330	0.859988
38539	5.255837	-0.515592	8.600888	0.042244	-0.036388	-0.039438	0.597928	0.620575	0.507315	-0.694830	0.716836	-0.057937	-0.399616	-0.317856	0.859811
38540	5.308614	-0.343389	8.800674	0.067936	-0.025181	-0.035394	0.598133	0.620112	0.507640	-0.694788	0.716941	-0.057144	-0.399383	-0.318522	0.859672
38541	4.908644	-0.900407	7.793271	0.208793	-0.011368	-0.057625	0.598479	0.619650	0.507796	-0.695261	0.716644	-0.055080	-0.398039	-0.320087	0.859715
38542	5.354060	-0.163134	9.027635	0.563358	-0.080695	-0.066129	0.598673	0.618790	0.508615	-0.697004	0.715331	-0.049864	-0.394684	-0.324654	0.859549
38543	5.240180	-0.222681	8.757017	0.421218	-0.012301	-0.060920	0.599041	0.618301	0.508776	-0.698281	0.714347	-0.045957	-0.391858	-0.327739	0.859671
38544	5.343064	-0.306818	9.006013	0.380548	-0.001156	-0.032595	0.599325	0.617935	0.508887	-0.699470	0.713397	-0.042490	-0.389295	-0.330486	0.859784
38545	5.142601	-0.376787	8.711901	0.405067	-0.032711	-0.022685	0.599349	0.617651	0.509204	-0.700892	0.712205	-0.038915	-0.386694	-0.333573	0.859766
38546	5.264471	-0.200308	8.891528	0.450901	-0.052303	-0.013677	0.599291	0.617252	0.509755	-0.702462	0.710864	-0.034926	-0.383925	-0.337153	0.859610
38547	5.255348	-0.239352	8.905834	0.407781	-0.073388	-0.009278	0.599067	0.616924	0.510415	-0.703952	0.709553	-0.031397	-0.381536	-0.340499	0.859355
38548	5.305718	-0.304408	8.871338	0.340866	-0.109771	-0.015043	0.598822	0.616311	0.511442	-0.705054	0.708586	-0.028365	-0.379882	-0.343609	0.858849
38549	5.344867	-0.292725	8.771715	0.330611	-0.119001	-0.018766	0.598496	0.615753	0.512495	-0.706181	0.707574	-0.025453	-0.378301	-0.346681	0.858313
38550	5.358130	-0.215683	8.665083	0.372807	-0.076173	-0.031284	0.598498	0.615134	0.513235	-0.707296	0.706573	-0.022060	-0.376207	-0.349807	0.857965
38551	5.316152	-0.194075	8.868426	0.354084	-0.119898	-0.025092	0.598218	0.614521	0.514295	-0.708461	0.705497	-0.018916	-0.374458	-0.353042	0.857405
38552	5.261297	-0.213161	8.657858	0.349864	-0.121323	-0.016369	0.597946	0.613843	0.515419	-0.709570	0.704457	-0.015796	-0.372787	-0.356281	0.856793
38553	4.682433	0.029184	8.708481	0.384812	-0.238465	0.009421	0.596984	0.613040	0.517486	-0.711044	0.703035	-0.012573	-0.371518	-0.360450	0.855599
38554	5.443655	0.332018	9.663527	0.186141	-0.466714	-0.019945	0.595469	0.611069	0.521547	-0.711506	0.702597	-0.010844	-0.373064	-0.364627	0.853153
38555	6.147472	0.033339	8.674579	-0.178246	-0.160129	-0.053298	0.595241	0.610095	0.522945	-0.710507	0.703586	-0.012108	-0.375324	-0.364349	0.852280
38556	5.499365	-0.199892	8.844687	-0.015738	-0.077016	-0.040730	0.595313	0.609390	0.523685	-0.710099	0.704000	-0.011991	-0.375981	-0.364730	0.851827
38557	5.143843	-0.169254	8.563975	-0.019009	-0.074130	-0.033271	0.595263	0.608870	0.524347	-0.709815	0.704286	-0.012000	-0.376597	-0.365046	0.851420
38558	5.334540	0.258979	8.705147	0.063691	-0.067765	-0.027911	0.595268	0.608296	0.525007	-0.709790	0.704323	-0.011280	-0.376636	-0.365930	0.851023
38559	5.812054	0.219779	8.525354	0.072288	0.028362	-0.017324	0.595490	0.608262	0.524794	-0.709944	0.704179	-0.010596	-0.375993	-0.366264	0.851163
38560	5.679126	0.918988	8.888552	-0.276809	0.285211	0.033334	0.596361	0.609426	0.522449	-0.709027	0.705060	-0.013102	-0.376343	-0.362617	0.852570
38561	5.232582	0.077665	9.018800	-0.656493	0.371561	0.077757	0.597207	0.611294	0.519292	-0.706997	0.706958	-0.019132	-0.378813	-0.355712	0.854383
38562	5.008189	-0.696635	8.457647	-0.342676	0.067674	0.094224	0.596834	0.612089	0.518783	-0.706181	0.707673	-0.022524	-0.380915	-0.352912	0.854609
38563	5.470402	0.142474	9.201770	-0.514338	0.092668	0.067323	0.596707	0.612875	0.518001	-0.704601	0.709079	-0.027291	-0.384030	-0.348699	0.854944
38564	5.039515	-0.464764	8.997612	-0.512694	-0.015566	0.076918	0.596174	0.613227	0.518198	-0.702978	0.710490	-0.032022	-0.387811	-0.345192	0.854661
38565	5.063292	-0.467017	8.804839	-0.360209	-0.184351	0.080631	0.594882	0.613149	0.519772	-0.702039	0.711251	-0.035539	-0.391479	-0.343759	0.853565
38566	5.063905	-0.450203	8.601657	-0.225921	-0.270667	0.087270	0.593277	0.612708	0.522122	-0.701560	0.711602	-0.037893	-0.394761	-0.343819	0.852028
38567	5.102693	-0.314812	8.792835	-0.155980	-0.305889	0.089252	0.591431	0.612274	0.524718	-0.701455	0.711607	-0.039709	-0.397706	-0.344581	0.850349
38568	5.071542	-0.358111	8.926242	-0.141487	-0.342527	0.090042	0.589520	0.611586	0.527663	-0.701298	0.711668	-0.041346	-0.400808	-0.345675	0.848447
38569	5.145829	-0.346477	9.037642	-0.122720	-0.422466	0.085673	0.587211	0.610716	0.531233	-0.701292	0.711584	-0.042861	-0.404193	-0.347381	0.846141
38570	5.160086	-0.343799	9.109170	-0.112547	-0.488859	0.080840	0.584693	0.609479	0.535415	-0.701237	0.711556	-0.044208	-0.407922	-0.349605	0.843431
38571	5.113941	-0.309948	9.196551	-0.138530	-0.559936	0.086525	0.581783	0.608114	0.540117	-0.701157	0.711530	-0.045861	-0.412198	-0.352026	0.840339
38572	5.064420	-0.227444	9.305350	-0.203803	-0.641911	0.090072	0.578536	0.606370	0.545538	-0.700750	0.711789	-0.048024	-0.417428	-0.354502	0.836709
38573	4.998024	-0.239362	9.369181	-0.269680	-0.756453	0.102229	0.574630	0.604390	0.551827	-0.700188	0.712145	-0.050856	-0.423717	-0.357159	0.832407
38574	4.959763	-0.446114	9.309984	-0.339468	-0.893691	0.102642	0.570128	0.601813	0.559263	-0.699249	0.712819	-0.054218	-0.431283	-0.360153	0.827215
38575	4.985393	-0.473566	9.211621	-0.353718	-1.058756	0.096646	0.564833	0.598652	0.567961	-0.698240	0.713535	-0.057698	-0.439801	-0.363983	0.821031
38576	4.922726	-0.444691	9.435372	-0.344036	-1.235967	0.105186	0.558640	0.594772	0.578072	-0.697228	0.714242	-0.061087	-0.449217	-0.368922	0.813696
38577	4.827899	-0.370635	9.576939	-0.384432	-1.460536	0.111136	0.551216	0.590118	0.589849	-0.696079	0.715029	-0.064867	-0.460038	-0.374825	0.804904
38578	4.776860	-0.496022	9.788896	-0.443973	-1.701674	0.118715	0.542447	0.584473	0.603442	-0.694624	0.716045	-0.069124	-0.472493	-0.381669	0.794405
38579	4.567071	-0.489803	10.252299	-0.512238	-1.974500	0.110749	0.532199	0.577636	0.618952	-0.692744	0.717392	-0.073857	-0.486694	-0.389468	0.781949
38580	4.152275	-0.747892	10.972972	-0.576100	-2.272770	0.049747	0.520634	0.568966	0.636567	-0.690094	0.719437	-0.078623	-0.502704	-0.398358	0.767203
38581	3.557428	-0.701154	11.984531	-0.550086	-2.673154	-0.032715	0.507175	0.557914	0.656891	-0.687093	0.721859	-0.082600	-0.520267	-0.409452	0.749447
38582	3.228067	-0.714319	12.007019	-0.363741	-3.323603	-0.043071	0.489862	0.543670	0.681512	-0.684911	0.723654	-0.084983	-0.539381	-0.425145	0.726856
38583	3.325480	-0.161811	12.118165	-0.117748	-4.192276	0.052752	0.466436	0.525754	0.711351	-0.684495	0.723903	-0.086205	-0.560271	-0.446708	0.697530
38584	4.287318	-0.427317	12.222204	-0.030503	-5.127220	0.144994	0.436099	0.503190	0.746068	-0.684956	0.723315	-0.087467	-0.583655	-0.472879	0.660100
38585	5.588982	0.140329	12.728841	-0.005852	-5.979883	0.254763	0.398677	0.475851	0.783979	-0.685964	0.722114	-0.089467	-0.608695	-0.502113	0.614307
38586	10.994454	1.346110	15.176878	-0.295283	-6.681232	0.425704	0.354136	0.444340	0.822891	-0.685731	0.721684	-0.094582	-0.635894	-0.530787	0.560272
38587	15.146880	0.859614	16.824438	-0.993154	-6.771584	0.652951	0.305591	0.412343	0.858246	-0.681401	0.724287	-0.105360	-0.665062	-0.552613	0.502307
38588	19.203744	-1.919116	15.833716	-1.257694	-6.541905	0.575541	0.257249	0.379807	0.888577	-0.674500	0.729050	-0.116347	-0.692007	-0.569415	0.443727
38589	19.198401	-2.861106	15.652499	-1.392977	-5.829450	0.347723	0.213876	0.348805	0.912465	-0.665493	0.735814	-0.125290	-0.715106	-0.580443	0.389500
38590	12.859898	-1.404402	14.428878	-1.252670	-5.179899	0.164148	0.175258	0.319761	0.931149	-0.656767	0.742560	-0.131384	-0.733445	-0.588522	0.340148
38591	5.988493	1.117104	13.067235	-0.957710	-4.728140	0.161014	0.139178	0.292931	0.945950	-0.649906	0.747759	-0.135937	-0.747162	-0.595859	0.294449
38592	-0.154157	3.100691	11.683302	-1.635510	-4.525608	0.336002	0.102829	0.268537	0.957765	-0.638025	0.756506	-0.143608	-0.763119	-0.596311	0.249124
38593	-6.815092	3.388556	9.917836	-2.219209	-4.399172	0.490529	0.065753	0.246139	0.967002	-0.621280	0.768436	-0.153352	-0.780825	-0.590695	0.203448
