// General information: 
//  MT Manager version: 2022.2.0 
//  XDA version: 2022.2.0 build 7381 rev 124627 built on 2023-07-19
// Device information: 
//  DeviceId: 00B4CB9F
//  ProductCode: MTW2-3A7G6
//  Firmware Version: 4.6.0
//  Hardware Version: 2.0.0
// Device settings: 
//  Filter Profile: human(46.1)
//  Option Flags: Orientation Smoother Disabled, Position/Velocity Smoother Disabled, Continuous Zero Rotation Update Disabled, AHS Disabled, ICC Disabled
// Coordinate system: ENU
PacketCounter	Acc_X	Acc_Y	Acc_Z	Gyr_X	Gyr_Y	Gyr_Z	Mat[1][1]	Mat[2][1]	Mat[3][1]	Mat[1][2]	Mat[2][2]	Mat[3][2]	Mat[1][3]	Mat[2][3]	Mat[3][3]
40572	9.559021	0.883025	-2.332435	-0.168521	-0.130117	0.036735	0.086306	0.180290	0.979820	0.680682	-0.728817	0.074147	0.727477	0.660547	-0.185621
40573	9.691261	0.644963	-1.857492	-0.204996	-0.134846	0.050332	0.087842	0.180801	0.979589	0.678852	-0.730541	0.073961	0.729002	0.658499	-0.186909
40574	9.701796	0.647323	-1.431033	-0.172625	-0.112216	0.067904	0.089182	0.181031	0.979426	0.677546	-0.731792	0.073565	0.730053	0.657045	-0.187919
40575	9.768573	0.802657	-1.010022	-0.123672	-0.122630	0.071671	0.090728	0.181294	0.979235	0.676397	-0.732909	0.073020	0.730928	0.655726	-0.189122
40576	9.499694	1.039967	-1.352042	0.027307	-0.120742	0.055204	0.092045	0.181669	0.979042	0.676560	-0.732823	0.072374	0.730613	0.655719	-0.190363
40577	9.406470	1.113399	-1.470250	0.123500	-0.188606	0.022005	0.093769	0.182751	0.978677	0.677152	-0.732325	0.071869	0.729844	0.655974	-0.192420
40578	9.451376	1.177856	-1.666984	0.043067	-0.214454	0.023457	0.095554	0.183973	0.978276	0.677457	-0.732079	0.071502	0.729329	0.655908	-0.194587
40579	9.430099	1.243840	-1.532079	0.128724	-0.225766	0.034249	0.097527	0.185233	0.977843	0.678258	-0.731395	0.070901	0.728323	0.656316	-0.196967
40580	9.818753	1.131236	-1.331066	0.065153	-0.249505	0.067985	0.099866	0.186362	0.977392	0.678678	-0.731087	0.070053	0.727614	0.656339	-0.199490
40581	10.047530	1.127603	-1.102176	0.029135	-0.188456	0.106893	0.102001	0.186821	0.977084	0.678824	-0.731060	0.068916	0.727182	0.656239	-0.201387
40582	9.965990	1.037783	-1.035007	0.013037	-0.133114	0.118746	0.103836	0.186814	0.976892	0.678809	-0.731190	0.067676	0.726936	0.656096	-0.202735
40583	9.850763	1.072096	-1.194227	-0.027859	-0.115742	0.117519	0.105690	0.186679	0.976719	0.678233	-0.731833	0.066483	0.727207	0.655417	-0.203959
40584	9.693996	1.338525	-1.972963	0.033149	-0.092871	0.105096	0.107140	0.186506	0.976594	0.678375	-0.731805	0.065335	0.726862	0.655497	-0.204927
40585	9.411506	1.142002	-2.557119	0.077127	-0.131226	0.091719	0.108835	0.186686	0.976373	0.678738	-0.731568	0.064220	0.726272	0.655711	-0.206330
40586	9.222826	0.813889	-2.712469	0.024951	-0.160275	0.075843	0.110575	0.187170	0.976084	0.678848	-0.731539	0.063374	0.725906	0.655605	-0.207949
40587	8.947047	0.667395	-2.770836	0.062534	-0.217945	0.092561	0.112945	0.187868	0.975679	0.679115	-0.731390	0.062216	0.725290	0.655571	-0.210191
40588	9.275125	0.467976	-2.886624	0.079542	-0.290321	0.129352	0.115989	0.188813	0.975139	0.679556	-0.731106	0.060731	0.724397	0.655617	-0.213110
40589	9.553430	0.323075	-2.675840	0.016398	-0.276653	0.158114	0.119224	0.189433	0.974629	0.679379	-0.731408	0.059053	0.724037	0.655102	-0.215898
40590	9.641702	0.373854	-2.304067	-0.001483	-0.235395	0.179645	0.122210	0.189648	0.974217	0.679163	-0.731751	0.057251	0.723742	0.654655	-0.218229
40591	9.493138	0.337540	-2.101773	0.023752	-0.227394	0.168149	0.125086	0.189921	0.973798	0.679043	-0.731994	0.055538	0.723363	0.654304	-0.220527
40592	9.720848	0.242829	-1.801860	-0.022552	-0.221848	0.150355	0.127773	0.190259	0.973384	0.678701	-0.732421	0.054069	0.723214	0.653728	-0.222713
40593	9.633270	0.056890	-1.826373	-0.013176	-0.193178	0.126952	0.130056	0.190624	0.973010	0.678487	-0.732709	0.052857	0.723008	0.653300	-0.224629
40594	9.784237	-0.165499	-1.966608	0.065383	-0.214509	0.105914	0.132387	0.191237	0.972575	0.678831	-0.732477	0.051624	0.722262	0.653380	-0.226788
40595	9.803578	-0.352951	-1.885741	0.074024	-0.194939	0.097926	0.134524	0.191804	0.972170	0.679237	-0.732182	0.050467	0.721485	0.653545	-0.228776
40596	9.944368	-0.394131	-1.747918	0.157846	-0.203333	0.096909	0.136709	0.192413	0.971745	0.680254	-0.731329	0.049107	0.720114	0.654320	-0.230869
40597	9.985559	-0.165329	-1.588843	0.167229	-0.195952	0.086713	0.138733	0.193088	0.971324	0.681374	-0.730368	0.047869	0.718667	0.655194	-0.232891
40598	9.905333	0.052910	-1.621222	0.117104	-0.156380	0.073463	0.140418	0.193565	0.970987	0.682123	-0.729736	0.046827	0.717629	0.655757	-0.234503
40599	9.648294	0.392884	-1.487987	0.202033	-0.100443	0.052857	0.141593	0.193854	0.970758	0.683394	-0.728610	0.045820	0.716187	0.656923	-0.235645
40600	9.245028	0.437610	-1.278404	0.293568	-0.029930	0.008884	0.141930	0.193975	0.970685	0.685491	-0.726690	0.044987	0.714113	0.659011	-0.236107
40601	8.619698	0.202626	-1.619220	0.375382	-0.116710	-0.042555	0.142540	0.195071	0.970376	0.688144	-0.724208	0.044502	0.711436	0.661415	-0.237465
40602	9.264329	0.079029	-1.899509	0.361083	-0.225324	-0.056957	0.143809	0.196964	0.969806	0.690799	-0.721698	0.044139	0.708601	0.663593	-0.239849
40603	9.568735	0.307285	-2.293655	0.301496	-0.104533	-0.013167	0.144600	0.197741	0.969530	0.692748	-0.719867	0.043501	0.706535	0.665350	-0.241077
40604	9.295730	0.531278	-2.047663	0.348881	-0.077032	0.021143	0.145352	0.198092	0.969346	0.695187	-0.717577	0.042399	0.703980	0.667715	-0.242012
40605	9.577328	0.342974	-1.688515	0.332162	-0.167786	0.049201	0.147015	0.198819	0.968947	0.697325	-0.715580	0.041028	0.701516	0.669639	-0.243843
40606	9.750296	0.357666	-1.339737	0.283426	-0.113744	0.067965	0.148348	0.199086	0.968689	0.699219	-0.713808	0.039622	0.699346	0.671448	-0.245097
40607	9.656345	0.667293	-1.475957	0.300525	-0.102771	0.077701	0.149599	0.199223	0.968468	0.701312	-0.711836	0.038100	0.696981	0.673498	-0.246207
40608	10.102370	1.174995	-1.586737	0.309261	-0.110683	0.092825	0.151083	0.199300	0.968222	0.703333	-0.709929	0.036383	0.694620	0.675486	-0.247432
40609	9.949656	1.289692	-1.746130	0.260816	-0.019662	0.077001	0.151809	0.198879	0.968195	0.705054	-0.708292	0.034942	0.692714	0.677325	-0.247745
40610	9.269519	1.196299	-2.349143	0.269101	-0.076879	0.051235	0.152764	0.199028	0.968014	0.706846	-0.706563	0.033723	0.690675	0.679085	-0.248620
40611	9.281012	1.146776	-3.158723	0.320300	-0.187091	0.050482	0.154295	0.200000	0.967571	0.709250	-0.704209	0.032461	0.687864	0.681241	-0.250506
40612	9.180115	0.796514	-3.830719	0.370803	-0.243001	0.022785	0.156187	0.201489	0.966958	0.711768	-0.701719	0.031252	0.684830	0.683369	-0.253013
40613	8.993790	0.454090	-4.127441	0.394863	-0.311973	0.032745	0.158590	0.203398	0.966167	0.714465	-0.699033	0.029886	0.681461	0.685552	-0.256180
40614	8.929867	0.475702	-4.105473	0.321918	-0.369949	0.076376	0.161714	0.205395	0.965226	0.716539	-0.696974	0.028263	0.678542	0.687052	-0.259884
40615	9.213766	0.716908	-3.585413	0.359451	-0.405860	0.106867	0.165366	0.207450	0.964167	0.718667	-0.694859	0.026245	0.675405	0.688575	-0.263994
40616	9.364861	0.822239	-2.827589	0.289443	-0.403592	0.143336	0.169180	0.209228	0.963121	0.720385	-0.693157	0.024040	0.672624	0.689751	-0.267993
40617	9.383416	0.800487	-2.162590	0.261241	-0.401110	0.164785	0.173025	0.210902	0.962072	0.721961	-0.691592	0.021766	0.669952	0.690812	-0.271926
40618	9.690899	0.981986	-1.616259	0.220269	-0.381344	0.172269	0.176882	0.212339	0.961054	0.723139	-0.690428	0.019452	0.667669	0.691535	-0.275675
40619	10.083752	0.943632	-1.064495	0.124111	-0.303626	0.179289	0.180092	0.213266	0.960252	0.723876	-0.689710	0.017420	0.666011	0.691967	-0.278589
40620	10.510478	0.621457	-0.607420	0.036355	-0.217801	0.189755	0.182976	0.213456	0.959665	0.723780	-0.689858	0.015442	0.665328	0.691761	-0.280723
40621	10.567766	0.473156	-0.499405	-0.006283	-0.176238	0.187930	0.185410	0.213443	0.959200	0.723595	-0.690089	0.013691	0.664856	0.691534	-0.282396
40622	10.666789	0.648741	-0.779412	0.049587	-0.178066	0.185796	0.187999	0.213384	0.958709	0.723584	-0.690137	0.011715	0.664141	0.691504	-0.284146
40623	10.522875	0.804904	-0.954199	0.136553	-0.156128	0.212801	0.190514	0.213036	0.958290	0.724228	-0.689497	0.009300	0.662720	0.692249	-0.285646
40624	10.044021	0.764244	-0.986200	0.298398	-0.143656	0.244068	0.193295	0.212343	0.957887	0.725740	-0.687943	0.006053	0.660257	0.694007	-0.287081
40625	9.665373	0.816031	-1.051562	0.479243	-0.180059	0.288329	0.196529	0.211654	0.957381	0.728413	-0.685136	0.001941	0.656347	0.696987	-0.288821
40626	9.498755	0.996149	-1.176654	0.671619	-0.239286	0.331887	0.200577	0.211052	0.956674	0.732149	-0.681137	-0.003238	0.650943	0.701078	-0.291142
40627	9.543835	0.971743	-1.555674	0.702092	-0.308903	0.343503	0.205076	0.210901	0.955753	0.736055	-0.676867	-0.008575	0.645109	0.705246	-0.294044
40628	9.777288	0.801685	-2.120634	0.618986	-0.351183	0.353788	0.210003	0.210989	0.954664	0.739303	-0.673231	-0.013839	0.639789	0.708691	-0.297365
40629	10.318693	0.784232	-2.467355	0.495363	-0.384901	0.379529	0.215206	0.211208	0.953456	0.741756	-0.670403	-0.018916	0.635204	0.711303	-0.300939
40630	10.544437	0.754621	-2.285872	0.359680	-0.346596	0.399885	0.220431	0.210992	0.952309	0.743168	-0.668679	-0.023869	0.631753	0.712987	-0.304200
40631	10.293291	0.989986	-1.760434	0.317836	-0.265754	0.410448	0.225114	0.210177	0.951393	0.744304	-0.667223	-0.028714	0.628757	0.714590	-0.306637
40632	10.095095	1.267451	-1.107278	0.230448	-0.156799	0.410363	0.229214	0.208556	0.950771	0.744822	-0.666428	-0.033379	0.626659	0.715806	-0.308092
40633	10.342721	1.469370	-0.489462	0.075257	-0.038868	0.400393	0.232400	0.206183	0.950515	0.744501	-0.666571	-0.037439	0.625866	0.716360	-0.308415
40634	10.841380	1.345300	-0.094487	-0.091766	0.079655	0.386485	0.234836	0.203028	0.950596	0.743026	-0.668012	-0.040884	0.626709	0.715918	-0.307728
40635	10.910309	1.044214	0.358559	-0.206396	0.249408	0.376221	0.235986	0.198749	0.951215	0.740974	-0.670103	-0.043815	0.628703	0.715165	-0.305403
40636	10.807767	0.833957	0.719565	-0.193723	0.390990	0.387013	0.236447	0.193350	0.952212	0.738842	-0.672240	-0.046964	0.631035	0.714639	-0.301804
40637	10.669630	0.947017	0.782999	-0.170294	0.528970	0.417020	0.235978	0.186810	0.953633	0.736976	-0.674042	-0.050326	0.633388	0.714681	-0.296734
40638	10.784711	0.768647	0.656880	-0.123512	0.597418	0.458983	0.235626	0.179435	0.955135	0.735113	-0.675759	-0.054397	0.635680	0.714950	-0.291131
40639	10.771568	0.501686	0.569095	-0.044998	0.633090	0.519785	0.235331	0.171381	0.956686	0.733624	-0.676973	-0.059188	0.637507	0.715776	-0.285042
40640	10.206613	0.061978	0.434025	-0.026703	0.622132	0.577874	0.235654	0.163003	0.958069	0.732095	-0.678123	-0.064699	0.639143	0.716645	-0.279136
40641	9.948205	-0.538649	0.312108	-0.004357	0.503879	0.642969	0.236970	0.155033	0.959067	0.730708	-0.679010	-0.070784	0.640243	0.717572	-0.274189
40642	10.125132	-1.039129	0.527735	0.036824	0.434952	0.703665	0.239379	0.147123	0.959715	0.729271	-0.679801	-0.077688	0.640985	0.718489	-0.270022
40643	10.401402	-1.522175	0.928898	0.079516	0.498781	0.734894	0.241532	0.138463	0.960464	0.727917	-0.680380	-0.084967	0.641716	0.719660	-0.265123
40644	11.131210	-2.046902	1.597821	0.166960	0.646786	0.729830	0.242749	0.128830	0.961497	0.727223	-0.680144	-0.092471	0.642043	0.721670	-0.258793
40645	11.591423	-2.298238	2.929921	0.216866	1.031245	0.735936	0.241425	0.116302	0.963425	0.726856	-0.679453	-0.100121	0.642958	0.724443	-0.248572
40646	11.489378	-2.561393	4.576277	0.223547	1.527060	0.732005	0.236970	0.100237	0.966332	0.726546	-0.678613	-0.107776	0.644962	0.727625	-0.233638
40647	11.270825	-2.171400	5.622484	0.067360	1.906478	0.749121	0.230064	0.081125	0.969788	0.725095	-0.678941	-0.115220	0.649082	0.729697	-0.215023
40648	10.793427	-1.945521	5.632759	-0.243209	2.151797	0.811436	0.221955	0.059898	0.973215	0.721677	-0.681276	-0.122658	0.655681	0.729572	-0.194440
40649	10.065565	-1.825724	4.888765	-0.375339	2.327282	0.904076	0.213083	0.036606	0.976348	0.717139	-0.684537	-0.130846	0.663556	0.728059	-0.172115
40650	9.719420	-1.658639	3.699414	-0.351119	2.328832	0.958505	0.204456	0.013088	0.978788	0.712799	-0.687314	-0.139704	0.670906	0.726242	-0.149855
40651	9.923411	-1.705334	2.121535	-0.366592	2.236759	0.935943	0.196027	-0.009772	0.980550	0.708265	-0.690158	-0.148471	0.678185	0.723593	-0.128368
40652	10.163322	-1.591833	0.776637	-0.406747	2.118627	0.820795	0.187440	-0.030754	0.981794	0.703923	-0.692912	-0.156095	0.685098	0.720366	-0.108231
40653	10.892626	-1.550564	0.021743	-0.735186	1.882947	0.644242	0.178967	-0.048940	0.982637	0.697552	-0.698025	-0.161810	0.693825	0.714399	-0.090785
40654	12.124217	-1.864308	-1.162465	-1.096319	1.653851	0.422265	0.170393	-0.063657	0.983318	0.689155	-0.705556	-0.165095	0.704295	0.705790	-0.076352
40655	13.391122	-1.450113	-2.279944	-0.583824	1.403983	0.120298	0.161279	-0.074582	0.984087	0.684650	-0.709719	-0.165994	0.710805	0.700526	-0.063400
40656	14.687007	0.258227	-2.301360	0.198960	1.243040	-0.165245	0.151367	-0.082132	0.985060	0.686329	-0.708436	-0.164531	0.711365	0.700980	-0.050864
40657	15.301342	2.126290	-2.441733	0.555148	1.342511	-0.358232	0.139354	-0.089211	0.986216	0.690648	-0.704960	-0.161359	0.709638	0.703614	-0.036626
40658	14.880470	3.855147	-3.114240	0.596705	1.614722	-0.463931	0.124756	-0.097343	0.987401	0.695497	-0.701167	-0.156999	0.707616	0.706320	-0.019774
40659	13.995858	4.784970	-4.240968	0.371398	1.856981	-0.529076	0.107923	-0.106905	0.988395	0.698629	-0.699173	-0.151907	0.707298	0.706915	-0.000770
40660	13.670894	4.614696	-4.859290	-0.040561	2.025162	-0.493152	0.090190	-0.117756	0.988938	0.698839	-0.699993	-0.147084	0.709570	0.704374	0.019160
40661	13.175614	3.456279	-4.435899	-0.609574	2.237296	-0.377942	0.071609	-0.130878	0.988809	0.694739	-0.704782	-0.143597	0.715689	0.697247	0.040458
40662	12.287262	1.495384	-3.031886	-1.167210	2.400619	-0.248720	0.052655	-0.145726	0.987923	0.686494	-0.713177	-0.141788	0.725226	0.685669	0.062488
40663	11.818331	-0.475887	-1.652525	-1.479603	2.475843	-0.131418	0.033666	-0.161645	0.986275	0.675712	-0.723432	-0.141632	0.736397	0.671205	0.084870
40664	11.729256	-1.601513	-0.622870	-1.565665	2.514820	-0.081866	0.014518	-0.177746	0.983969	0.664127	-0.733937	-0.142378	0.747478	0.655548	0.107391
40665	11.532173	-2.160423	-0.553921	-1.456407	2.496614	-0.134767	-0.005150	-0.192980	0.981189	0.653163	-0.743625	-0.142828	0.757200	0.640141	0.129877
40666	11.009775	-2.349554	-1.453464	-1.089581	2.378478	-0.223873	-0.024634	-0.206396	0.978158	0.644858	-0.750955	-0.142215	0.763906	0.627270	0.151595
40667	10.393670	-2.715856	-2.119927	-0.663713	2.227862	-0.277969	-0.043471	-0.218218	0.974931	0.639676	-0.755673	-0.140619	0.767415	0.617527	0.172439
40668	10.188629	-3.114014	-2.276794	-0.438890	2.082458	-0.282765	-0.061215	-0.228870	0.971530	0.636173	-0.758975	-0.138712	0.769114	0.609570	0.192062
40669	9.888028	-3.188510	-2.620610	-0.426610	2.037818	-0.265324	-0.078572	-0.239236	0.967777	0.632707	-0.762169	-0.137040	0.770395	0.601552	0.211251
40670	9.466805	-2.992487	-2.782892	-0.441051	2.013262	-0.239536	-0.095545	-0.249452	0.963662	0.629117	-0.765366	-0.135745	0.771416	0.593287	0.230062
40671	9.069013	-2.519186	-2.355622	-0.458550	1.985577	-0.220916	-0.112237	-0.259489	0.959202	0.625361	-0.768612	-0.134756	0.772222	0.584723	0.248541
40672	8.705651	-2.139165	-1.896434	-0.458111	1.949276	-0.213123	-0.128565	-0.269180	0.954470	0.621586	-0.771810	-0.133940	0.772723	0.576066	0.266546
40673	8.390915	-1.810728	-1.480721	-0.421937	1.879574	-0.208475	-0.144354	-0.278347	0.949571	0.618064	-0.774769	-0.133149	0.772760	0.567675	0.283878
40674	8.082126	-1.649343	-1.292760	-0.392020	1.797082	-0.199533	-0.159411	-0.286947	0.944590	0.614755	-0.777518	-0.132447	0.772441	0.559578	0.300346
40675	7.727404	-1.582004	-1.254429	-0.357942	1.704520	-0.190046	-0.173703	-0.294964	0.939587	0.611709	-0.780029	-0.131787	0.771777	0.551862	0.315925
40676	7.403477	-1.587480	-1.115728	-0.309814	1.598460	-0.192180	-0.187147	-0.302248	0.934678	0.608996	-0.782276	-0.131028	0.770779	0.544694	0.330468
40677	6.976512	-1.394596	-0.801539	-0.283019	1.495430	-0.185677	-0.199751	-0.308910	0.929879	0.606502	-0.784337	-0.130275	0.769581	0.537950	0.344027
40678	6.500466	-1.277627	-0.431627	-0.312834	1.376338	-0.179159	-0.211364	-0.314881	0.925297	0.603752	-0.786542	-0.129749	0.768641	0.531226	0.356357
40679	6.096308	-1.403207	-0.159769	-0.344958	1.235049	-0.196031	-0.221987	-0.319876	0.921087	0.600730	-0.788942	-0.129206	0.768014	0.524643	0.367294
40680	5.779771	-1.948923	-0.253053	-0.329226	1.093511	-0.244362	-0.231789	-0.323670	0.917339	0.597674	-0.791419	-0.128224	0.767502	0.518549	0.376892
40681	5.390490	-2.314249	-0.141670	-0.271274	0.950792	-0.291801	-0.240773	-0.326281	0.914095	0.594960	-0.793722	-0.126602	0.766845	0.513368	0.385231
40682	5.134683	-2.534478	0.095118	-0.147479	0.767433	-0.350394	-0.248678	-0.327445	0.911559	0.593000	-0.795595	-0.124016	0.765840	0.509714	0.392022
40683	5.020858	-2.292532	0.415675	0.044509	0.614346	-0.398497	-0.255687	-0.327418	0.909627	0.592390	-0.796630	-0.120230	0.764002	0.508113	0.397647
40684	4.741071	-1.763943	0.867143	0.293224	0.436162	-0.467226	-0.261726	-0.325937	0.908441	0.593445	-0.796638	-0.114849	0.761132	0.509051	0.401927
40685	4.840059	-1.122253	1.107977	0.499257	0.219782	-0.571856	-0.266743	-0.322525	0.908199	0.595777	-0.795901	-0.107663	0.757561	0.512366	0.404454
40686	5.591126	-0.549755	1.716912	0.631821	0.086593	-0.707936	-0.271568	-0.317362	0.908588	0.598673	-0.794888	-0.098710	0.753552	0.517141	0.405863
40687	6.146545	0.236511	2.848768	0.667776	-0.019108	-0.851587	-0.276481	-0.310516	0.909471	0.601411	-0.794048	-0.088277	0.749575	0.522559	0.406287
40688	6.443171	0.423384	3.370004	0.820658	-0.190393	-0.979303	-0.280908	-0.301766	0.911059	0.604844	-0.792702	-0.076071	0.745154	0.529679	0.405198
40689	6.154744	0.900511	3.238680	1.222137	-0.386998	-1.093297	-0.284628	-0.291064	0.913383	0.610877	-0.789358	-0.061180	0.738793	0.540551	0.402478
40690	6.056898	0.817488	2.050883	1.392596	-0.737410	-1.163252	-0.286293	-0.277893	0.916958	0.617829	-0.785023	-0.045010	0.732341	0.553637	0.396437
40691	6.567803	0.274925	0.299500	1.435515	-0.950520	-1.190851	-0.286707	-0.263259	0.921137	0.624948	-0.780148	-0.028447	0.726112	0.567507	0.388197
40692	6.319999	0.676458	-0.550094	1.151119	-1.176869	-1.171393	-0.285477	-0.247411	0.925900	0.629962	-0.776513	-0.013261	0.722254	0.579496	0.377536
40693	7.302683	0.196131	0.958199	0.459759	-1.424120	-1.031734	-0.281626	-0.231106	0.931277	0.630434	-0.776240	-0.001983	0.723353	0.586550	0.364307
40694	8.653943	-0.128706	3.006360	0.263818	-1.352231	-0.905160	-0.277477	-0.216130	0.936106	0.629843	-0.776688	0.007372	0.725469	0.591645	0.351641
40695	9.345958	0.107051	6.221109	0.240093	-1.185681	-0.786700	-0.273759	-0.202983	0.940135	0.629496	-0.776848	0.015576	0.727180	0.596075	0.340447
40696	11.309801	-1.076239	8.811831	0.215659	-1.091854	-0.622968	-0.269675	-0.191633	0.943691	0.629401	-0.776766	0.022126	0.728787	0.599927	0.330088
40697	12.180141	-0.019177	8.969148	0.597421	-1.079081	-0.549653	-0.265232	-0.180871	0.947068	0.632342	-0.774137	0.029246	0.727871	0.606628	0.319698
40698	11.930150	1.685760	8.702558	0.489610	-1.118675	-0.607089	-0.260877	-0.169376	0.950397	0.634336	-0.772195	0.036503	0.727710	0.612394	0.308890
40699	10.815658	2.792524	7.382341	0.410920	-1.147054	-0.634354	-0.256513	-0.157445	0.953631	0.635730	-0.770670	0.043763	0.728045	0.617478	0.297779
40700	10.772044	1.833547	4.616911	-0.068966	-1.607857	-0.503691	-0.247910	-0.143634	0.958076	0.633983	-0.771835	0.048335	0.732534	0.619386	0.282407
40701	17.606406	-2.155033	3.987563	-1.353726	-1.918905	-0.081469	-0.234199	-0.131208	0.963294	0.623824	-0.780246	0.045390	0.745651	0.611556	0.264584
40702	23.474126	-4.449962	7.058402	-2.732521	-0.948574	0.195864	-0.225776	-0.127066	0.965857	0.603665	-0.796410	0.036337	0.764600	0.591258	0.256515
40703	15.376143	-6.075228	8.208567	-3.299574	0.122684	0.050230	-0.226391	-0.128207	0.965562	0.578252	-0.815401	0.027311	0.783818	0.564522	0.258735
40704	5.704195	-6.209033	1.476484	-2.433335	-0.472204	-0.171413	-0.223572	-0.124200	0.966742	0.558638	-0.829101	0.022676	0.798711	0.545129	0.254746
40705	3.528786	-6.353810	-3.752050	-1.741650	-1.324557	-0.397065	-0.215064	-0.113801	0.969947	0.543725	-0.838972	0.022125	0.811240	0.532142	0.242309
40706	5.432800	-7.422848	-6.497688	-1.089960	-1.321281	-0.654708	-0.207758	-0.101331	0.972918	0.533477	-0.845419	0.025868	0.819902	0.524404	0.229700
40707	5.978483	-6.371338	-5.760384	0.780170	-0.941627	-0.513008	-0.202757	-0.092085	0.974890	0.538768	-0.841825	0.032536	0.817691	0.531837	0.220299
40708	7.411600	-2.712527	-2.585312	2.546263	-1.055032	-0.383165	-0.196239	-0.083180	0.977022	0.558700	-0.828321	0.041697	0.805819	0.554045	0.209021
40709	11.917168	1.793863	-0.709651	3.070215	-1.244874	-0.370407	-0.188364	-0.073139	0.979372	0.582447	-0.811239	0.051440	0.790743	0.580122	0.195408
40710	15.216066	7.226442	1.258838	2.925030	-1.012322	-0.219942	-0.181685	-0.065398	0.981180	0.604969	-0.794053	0.059097	0.775244	0.604321	0.183831
40711	13.827676	10.666124	2.883877	2.051503	-0.827770	-0.109702	-0.175931	-0.059502	0.982603	0.620544	-0.781574	0.063777	0.764182	0.620968	0.174427
40712	10.231836	8.731269	3.000640	0.381855	-0.975750	-0.142208	-0.169304	-0.052333	0.984173	0.623238	-0.779261	0.065776	0.763486	0.624511	0.164548
40713	8.738443	4.595470	2.189679	-1.107764	-1.085421	-0.163121	-0.161927	-0.044342	0.985806	0.614485	-0.786199	0.065571	0.772132	0.616381	0.154554
40714	8.624748	1.038007	1.092536	-1.883289	-1.039203	-0.121144	-0.154512	-0.037071	0.987295	0.599651	-0.797707	0.063894	0.785203	0.601905	0.145485
40715	9.232848	-1.088716	0.350412	-1.987452	-0.993677	-0.036489	-0.146810	-0.030890	0.988682	0.583892	-0.809505	0.061410	0.798447	0.586299	0.136880
40716	9.363288	-1.932242	-1.264018	-1.747676	-0.968522	0.010431	-0.138903	-0.025385	0.989981	0.569874	-0.819615	0.058942	0.809907	0.572352	0.128313
40717	9.519495	-2.055938	-2.596986	-1.072534	-0.991319	0.005000	-0.130757	-0.019815	0.991216	0.561183	-0.825691	0.057523	0.817298	0.563775	0.119085
40718	10.422243	-1.314261	-2.146442	-0.512004	-1.036833	-0.042518	-0.122442	-0.013661	0.992382	0.556956	-0.828562	0.057312	0.821467	0.559730	0.109060
40719	10.573135	-0.020958	-1.718115	-0.032110	-1.026779	-0.089051	-0.114440	-0.007197	0.993404	0.556613	-0.828737	0.058118	0.822852	0.559592	0.098846
40720	10.322504	1.373016	-1.430912	0.293620	-1.110619	-0.136952	-0.106010	0.000144	0.994365	0.558899	-0.827084	0.059704	0.822432	0.562078	0.087599
40721	10.191398	1.975167	-0.791467	0.129097	-1.166773	-0.155727	-0.097225	0.007982	0.995230	0.559837	-0.826331	0.061318	0.822879	0.563129	0.075871
40722	10.043744	0.883951	-0.286545	-0.206958	-1.155937	-0.112328	-0.088270	0.015388	0.995978	0.558048	-0.827471	0.062242	0.825100	0.561298	0.064454
40723	9.970513	-0.997235	-0.136425	-0.445576	-1.114530	-0.042483	-0.079233	0.021966	0.996614	0.554372	-0.829929	0.062367	0.828489	0.557436	0.053581
40724	9.717445	-2.392111	0.367339	-0.265037	-1.088429	0.000481	-0.070144	0.027994	0.997144	0.552193	-0.831394	0.062184	0.830760	0.554978	0.042859
40725	9.547880	-2.613169	0.473577	0.265895	-1.096533	0.042523	-0.060743	0.033722	0.997584	0.554459	-0.829912	0.061815	0.829991	0.556874	0.031714
40726	9.515815	-1.800304	0.735905	0.731254	-1.092669	0.057255	-0.051316	0.039342	0.997907	0.560567	-0.825831	0.061384	0.826518	0.562544	0.020325
40727	9.410906	-0.645100	0.872533	1.023105	-1.024155	0.047787	-0.042546	0.044727	0.998093	0.569030	-0.820051	0.061004	0.821215	0.570541	0.009439
40728	9.024701	0.575202	-0.335605	1.412326	-1.048146	0.014637	-0.033837	0.050624	0.998144	0.580597	-0.811913	0.060861	0.813487	0.581579	-0.001920
40729	9.188684	1.948329	-0.846378	1.575875	-1.172380	-0.027994	-0.024452	0.057714	0.998034	0.593346	-0.802637	0.060952	0.804576	0.593670	-0.014619
40730	9.688500	3.192543	-1.266151	1.176096	-1.172855	-0.015630	-0.015090	0.064834	0.997782	0.602782	-0.795585	0.060812	0.797763	0.602363	-0.027075
40731	10.112476	3.904721	-1.869191	0.801920	-1.152990	0.064979	-0.005463	0.071281	0.997441	0.609187	-0.790765	0.059848	0.793008	0.607955	-0.039104
40732	10.077392	3.875616	-1.576434	0.400088	-1.144763	0.129299	0.004450	0.077215	0.997005	0.612371	-0.788416	0.058327	0.790558	0.610277	-0.050792
40733	9.900561	3.356301	-0.995797	-0.015713	-1.167536	0.169419	0.014776	0.083001	0.996440	0.612271	-0.788619	0.056610	0.790510	0.609255	-0.062472
40734	9.643954	2.662649	-0.731997	-0.370114	-1.138414	0.178072	0.024934	0.088490	0.995765	0.609320	-0.791012	0.055037	0.792532	0.605368	-0.073641
40735	9.271994	1.312558	-0.665707	-0.503834	-1.146479	0.161123	0.035070	0.094137	0.994941	0.605326	-0.794157	0.053803	0.795205	0.600377	-0.084834
40736	9.514269	0.238673	-0.795450	-0.669377	-1.167423	0.163595	0.045418	0.099787	0.993972	0.599939	-0.798306	0.052730	0.798756	0.593927	-0.096124
40737	9.651042	-0.454412	-0.904625	-0.647261	-1.128230	0.152145	0.055412	0.105248	0.992901	0.594736	-0.802248	0.051847	0.802009	0.587641	-0.107049
40738	9.880125	-0.650203	-0.319743	-0.534826	-1.084151	0.159384	0.065123	0.110288	0.991764	0.590356	-0.805542	0.050814	0.804511	0.582185	-0.117569
40739	10.160600	-1.168867	0.318469	-0.508990	-0.984959	0.141121	0.073944	0.114865	0.990625	0.586203	-0.808619	0.050005	0.806783	0.577010	-0.127127
40740	10.249513	-1.192185	0.709659	-0.316751	-0.912918	0.150174	0.082251	0.118880	0.989496	0.583540	-0.810612	0.048882	0.807908	0.573390	-0.136045
40741	10.239167	-0.243644	1.407629	-0.071375	-0.844958	0.134589	0.089918	0.122621	0.988372	0.582877	-0.811164	0.047609	0.807570	0.571818	-0.144411
40742	9.974702	0.605449	2.511754	0.207403	-0.796454	0.061781	0.096760	0.126657	0.987216	0.584503	-0.810050	0.046638	0.805601	0.572518	-0.152412
40743	9.983060	0.772106	2.191525	0.353469	-0.856380	-0.006587	0.103664	0.131603	0.985867	0.587367	-0.808007	0.046099	0.802654	0.574287	-0.161061
40744	10.220462	1.013271	1.180334	0.510379	-0.816204	-0.027987	0.110093	0.136508	0.984502	0.591493	-0.805026	0.045478	0.798758	0.577320	-0.169371
40745	10.092279	1.126821	-0.033269	0.596340	-0.738207	-0.040183	0.115789	0.141081	0.983203	0.596294	-0.801516	0.044787	0.794372	0.581092	-0.176933
40746	10.263541	0.873362	-1.341302	0.644267	-0.635678	-0.021460	0.120754	0.144940	0.982044	0.601432	-0.797724	0.043783	0.789746	0.585345	-0.183500
40747	9.110944	0.466123	-2.230301	0.582858	-0.527063	0.002388	0.124974	0.147991	0.981061	0.606023	-0.794305	0.042620	0.785569	0.589219	-0.188953
40748	8.568829	-0.344340	-2.681664	0.574164	-0.589699	0.004248	0.129678	0.151423	0.979926	0.610524	-0.790914	0.041423	0.781309	0.592897	-0.195012
40749	8.890145	-0.958750	-2.581097	0.435295	-0.634211	0.024030	0.134824	0.154977	0.978675	0.613889	-0.788364	0.040270	0.777793	0.595369	-0.201429
40750	9.084017	-1.005161	-2.420549	0.467324	-0.636379	0.082830	0.140330	0.158104	0.977400	0.617409	-0.785702	0.038450	0.774024	0.598060	-0.207872
40751	9.427113	-1.101901	-2.600819	0.465194	-0.604431	0.139221	0.145917	0.160606	0.976173	0.620800	-0.783140	0.036051	0.770270	0.600748	-0.213977
40752	9.891761	-1.288779	-2.097052	0.519402	-0.595123	0.166391	0.151583	0.162872	0.974934	0.624550	-0.780277	0.033248	0.766133	0.603855	-0.219998
40753	10.316248	-0.917891	-1.085111	0.623974	-0.550611	0.168595	0.156905	0.164861	0.973756	0.629046	-0.776783	0.030152	0.761369	0.607806	-0.225587
40754	10.035892	0.030234	0.202972	0.794131	-0.449263	0.124902	0.161161	0.166619	0.972762	0.634877	-0.772139	0.027073	0.755618	0.613221	-0.230221
40755	10.012876	1.202232	1.033761	0.896181	-0.365636	0.047912	0.164280	0.168460	0.971922	0.641522	-0.766715	0.024459	0.749308	0.619491	-0.234027
40756	10.197139	1.713911	0.592386	0.867168	-0.277875	-0.054187	0.166063	0.170588	0.971248	0.648089	-0.761221	0.022890	0.743239	0.625654	-0.236967
40757	9.827452	1.684688	-0.609964	1.009167	-0.230333	-0.148038	0.166862	0.173110	0.970665	0.655775	-0.754640	0.021853	0.736286	0.632891	-0.239442
40758	9.761315	1.411236	-2.039730	1.091845	-0.303558	-0.166586	0.168045	0.176279	0.969890	0.664056	-0.747394	0.020784	0.728554	0.640569	-0.242655
40759	9.605633	0.689117	-3.910846	0.966002	-0.325376	-0.099097	0.169801	0.179066	0.969073	0.671205	-0.741020	0.019318	0.721562	0.647166	-0.246016
40760	9.054570	0.014226	-4.576236	0.895789	-0.390260	0.018882	0.172791	0.181449	0.968101	0.677611	-0.735227	0.016860	0.714833	0.653083	-0.249992
40761	9.064267	-0.652484	-4.404703	0.855499	-0.475604	0.133017	0.177138	0.183558	0.966917	0.683450	-0.729875	0.013351	0.708180	0.658475	-0.254741
40762	9.283969	-1.101325	-3.945915	0.919616	-0.543836	0.236638	0.182653	0.185420	0.965535	0.689508	-0.724227	0.008643	0.700869	0.664165	-0.260131
40763	9.607036	-1.075125	-3.253765	0.952182	-0.592637	0.276997	0.188762	0.187342	0.963987	0.695616	-0.718405	0.003404	0.693172	0.669923	-0.265926
40764	10.233320	-0.808526	-2.483837	0.877309	-0.564488	0.297777	0.194794	0.188995	0.962464	0.701098	-0.713062	-0.001875	0.685942	0.675147	-0.271404
40765	10.680367	-0.393958	-1.561001	0.818666	-0.482964	0.306729	0.200310	0.190052	0.961122	0.706062	-0.708114	-0.007130	0.679229	0.680041	-0.276031
40766	10.351041	0.052784	-0.556090	0.792573	-0.329226	0.320115	0.204863	0.190028	0.960167	0.710775	-0.703309	-0.012460	0.672926	0.685015	-0.279150
40767	10.069130	1.039341	0.356470	0.817933	-0.249777	0.334884	0.208987	0.189355	0.959411	0.715534	-0.698345	-0.018034	0.666585	0.690260	-0.281435
40768	10.734528	2.180175	0.734394	0.740285	-0.217070	0.330839	0.212862	0.188545	0.958718	0.719752	-0.693839	-0.023352	0.660793	0.695010	-0.283397
40769	11.307763	2.579751	0.464597	0.701803	-0.120512	0.297075	0.215859	0.187280	0.958296	0.723703	-0.689533	-0.028261	0.655484	0.699622	-0.284377
40770	11.260686	2.443143	0.063367	0.695472	-0.049913	0.255594	0.218099	0.185863	0.958064	0.727690	-0.685124	-0.032742	0.650307	0.704315	-0.284676
40771	10.908663	1.886788	-0.549440	0.656802	-0.046585	0.253242	0.220305	0.184410	0.957841	0.731358	-0.680983	-0.037106	0.645431	0.708699	-0.284894
40772	10.651142	1.245143	-0.695667	0.656528	-0.087267	0.291538	0.223063	0.183042	0.957465	0.734934	-0.676848	-0.041824	0.640402	0.713003	-0.285503
40773	10.577554	0.953412	-0.228966	0.672595	-0.129330	0.374642	0.226700	0.181384	0.956926	0.738348	-0.672752	-0.047399	0.635176	0.717290	-0.286438
40774	11.165217	1.160151	0.432636	0.665657	-0.141869	0.456735	0.231037	0.179333	0.956275	0.741514	-0.668782	-0.053732	0.629904	0.721505	-0.287491
40775	12.211514	1.494544	1.187876	0.611904	-0.030252	0.511695	0.235079	0.176076	0.955895	0.744124	-0.665301	-0.060450	0.625314	0.725514	-0.287421
40776	13.170332	1.482457	2.145909	0.552329	0.167823	0.540517	0.238120	0.171260	0.956017	0.746288	-0.662217	-0.067253	0.621573	0.729478	-0.285496
40777	13.308933	0.876749	3.057841	0.531226	0.479157	0.558899	0.239373	0.163985	0.956980	0.748200	-0.659315	-0.074172	0.618788	0.733766	-0.280515
40778	12.922763	-0.003510	3.761709	0.622446	0.875518	0.610138	0.238598	0.153517	0.958907	0.750585	-0.655693	-0.081789	0.616193	0.739256	-0.271675
40779	12.611520	-1.129445	4.495072	0.651887	1.283347	0.675630	0.235826	0.139470	0.961735	0.752925	-0.651912	-0.090084	0.614402	0.745359	-0.258749
40780	11.788207	-2.370876	5.075792	0.620170	1.657346	0.748363	0.231352	0.122193	0.965166	0.754984	-0.648241	-0.098902	0.613575	0.751566	-0.242226
40781	11.689062	-3.369449	5.532556	0.702395	1.787310	0.819018	0.226632	0.103269	0.968490	0.757318	-0.643962	-0.108551	0.612461	0.758056	-0.224149
40782	11.461241	-3.314871	5.409341	0.690372	1.974043	0.863834	0.221161	0.082692	0.971725	0.759609	-0.639500	-0.118464	0.611622	0.764331	-0.204246
40783	10.954237	-3.009935	4.631510	0.438301	2.087152	0.849823	0.214877	0.061086	0.974729	0.760309	-0.636887	-0.127695	0.612992	0.768534	-0.183296
40784	10.579417	-2.533809	3.320724	0.219394	2.101142	0.822783	0.208282	0.039670	0.977264	0.759916	-0.635601	-0.136158	0.615748	0.770998	-0.162530
40785	10.375968	-1.833754	1.905328	0.068223	2.080971	0.781180	0.201385	0.018435	0.979339	0.758582	-0.635460	-0.144028	0.619675	0.771914	-0.141957
40786	10.293229	-1.144976	0.495801	0.086822	2.109726	0.696599	0.193617	-0.002289	0.981075	0.757747	-0.634832	-0.151024	0.623163	0.772647	-0.121180
40787	10.554928	-0.395769	-0.294645	0.294997	2.108875	0.578998	0.184858	-0.022491	0.982508	0.758331	-0.632641	-0.157162	0.625110	0.774118	-0.099893
40788	11.786007	0.305182	-0.722330	0.373251	2.090802	0.451768	0.175268	-0.041552	0.983643	0.759854	-0.629588	-0.161989	0.626021	0.775817	-0.078773
40789	12.944800	0.655878	-0.462547	0.203826	2.229568	0.340077	0.163872	-0.061200	0.984581	0.760403	-0.627986	-0.165595	0.628437	0.775815	-0.056372
40790	12.985562	0.863138	-0.222593	-0.116901	2.381679	0.199620	0.150426	-0.080910	0.985305	0.759355	-0.628732	-0.167560	0.633050	0.773401	-0.033138
40791	12.715275	1.057021	-0.960908	-0.441902	2.321516	0.011442	0.135730	-0.099074	0.985780	0.756385	-0.632268	-0.167690	0.639890	0.768389	-0.010879
40792	12.114794	1.474248	-3.885552	-0.154097	1.973649	-0.207802	0.121554	-0.112901	0.986143	0.755668	-0.633651	-0.165690	0.643577	0.765336	0.008293
40793	12.259243	2.630517	-4.178399	0.296276	1.619892	-0.392673	0.108148	-0.122977	0.986499	0.757907	-0.631962	-0.161868	0.643336	0.765180	0.024860
40794	12.503750	2.793103	-3.546103	0.063798	1.553041	-0.550984	0.094031	-0.131373	0.986863	0.758881	-0.632155	-0.156462	0.644405	0.763624	0.040255
40795	12.354430	1.795787	-3.436822	-0.359172	1.577760	-0.654176	0.078864	-0.139363	0.987096	0.757041	-0.635855	-0.150257	0.648590	0.759122	0.055357
40796	12.505149	0.693795	-3.729737	-0.567051	1.524836	-0.680105	0.063856	-0.146560	0.987139	0.753841	-0.641095	-0.143948	0.653947	0.753337	0.069545
40797	13.584247	-0.031856	-3.437073	-0.912453	1.679320	-0.563589	0.048573	-0.155598	0.986626	0.748100	-0.648832	-0.139155	0.661806	0.744853	0.084887
40798	14.650404	-0.571290	-2.609406	-1.490897	2.162607	-0.324849	0.031778	-0.169446	0.985027	0.738283	-0.660346	-0.137411	0.673742	0.731595	0.104115
40799	14.435721	-0.742158	-3.067256	-1.949481	2.586456	-0.095986	0.013457	-0.187571	0.982159	0.724992	-0.674632	-0.138774	0.688626	0.713925	0.126909
40800	12.370177	-0.641344	-3.357847	-1.981533	2.738286	-0.024545	-0.005713	-0.206708	0.978386	0.711216	-0.688619	-0.141335	0.702951	0.695036	0.150948
40801	10.717697	-0.981146	-2.811864	-1.578835	2.536211	-0.093672	-0.024330	-0.223527	0.974394	0.700010	-0.699664	-0.143025	0.713719	0.678606	0.173494
40802	10.984976	-1.101574	-2.057625	-1.022314	2.234153	-0.153406	-0.041356	-0.237487	0.970510	0.692644	-0.706869	-0.143458	0.720093	0.666285	0.193727
40803	11.046215	-1.023151	-1.995094	-0.744066	2.178275	-0.116423	-0.057872	-0.251095	0.966231	0.687225	-0.712053	-0.143881	0.724136	0.655692	0.213766
40804	9.815697	-1.320576	-2.353883	-0.623731	2.223763	-0.105831	-0.074671	-0.264823	0.961402	0.682645	-0.716360	-0.144305	0.726925	0.645521	0.234271
40805	8.612491	-1.685996	-2.442001	-0.642436	2.183476	-0.152025	-0.091579	-0.277734	0.956283	0.677872	-0.720852	-0.144441	0.729454	0.635009	0.254282
40806	7.963851	-1.918515	-2.356888	-0.752190	2.099562	-0.202372	-0.108232	-0.289500	0.951039	0.672188	-0.726134	-0.144540	0.732426	0.623634	0.273189
40807	6.828926	-1.833809	-2.078413	-0.848282	2.036455	-0.249967	-0.124817	-0.300269	0.945653	0.665716	-0.732064	-0.144581	0.735692	0.611490	0.291268
40808	5.553774	-1.699327	-1.715841	-0.972265	1.872064	-0.400090	-0.141216	-0.308672	0.940627	0.658031	-0.739140	-0.143763	0.739631	0.598660	0.307494
40809	6.574365	-0.893958	-1.643778	-0.964071	1.677141	-0.519042	-0.157004	-0.314766	0.936094	0.650165	-0.746418	-0.141939	0.743395	0.586330	0.321840
40810	8.320018	-0.496102	-1.488180	-0.999142	1.616192	-0.538607	-0.172470	-0.320120	0.931546	0.641852	-0.753897	-0.140237	0.747182	0.573727	0.335494
40811	9.112333	-0.801290	-1.004192	-0.987908	1.561359	-0.496471	-0.187276	-0.325227	0.926906	0.633634	-0.761042	-0.139007	0.750624	0.561286	0.348600
40812	9.108116	-0.981609	-0.607781	-0.864949	1.443418	-0.409168	-0.200650	-0.330142	0.922359	0.626359	-0.767163	-0.138334	0.753269	0.549971	0.360718
40813	9.278868	-1.079229	-0.354156	-0.792347	1.330422	-0.310384	-0.212557	-0.335003	0.917929	0.619831	-0.772438	-0.138376	0.755400	0.539548	0.371832
40814	8.688216	-1.326586	-0.292074	-0.753676	1.314422	-0.246824	-0.223963	-0.340137	0.913317	0.613617	-0.777273	-0.139001	0.757176	0.529295	0.382794
40815	6.877263	-1.876997	-0.088750	-0.687574	1.262696	-0.240825	-0.234931	-0.344883	0.908770	0.607959	-0.781624	-0.139464	0.758415	0.519730	0.393302
40816	5.339505	-2.410421	-0.077907	-0.512056	1.087638	-0.297615	-0.244928	-0.348185	0.904863	0.603385	-0.785270	-0.138843	0.758905	0.511974	0.402424
40817	5.547637	-2.701698	0.107157	-0.281209	0.845059	-0.336730	-0.253291	-0.349844	0.901916	0.600520	-0.787798	-0.136931	0.758432	0.506936	0.409630
40818	6.404723	-3.194880	0.330691	-0.065362	0.721464	-0.358491	-0.260851	-0.350687	0.899430	0.599129	-0.789357	-0.134012	0.756968	0.503918	0.416012
40819	6.580728	-3.434692	0.826762	0.132557	0.641842	-0.384948	-0.267932	-0.350883	0.897270	0.599217	-0.789963	-0.129989	0.754422	0.502831	0.421911
40820	6.886674	-3.342894	1.456873	0.328135	0.485276	-0.423510	-0.274069	-0.350004	0.895759	0.600566	-0.789769	-0.124839	0.751137	0.503748	0.426651
40821	7.494672	-2.800134	1.943347	0.490856	0.332410	-0.453831	-0.279215	-0.348108	0.894908	0.603083	-0.788802	-0.118670	0.747215	0.506570	0.430183
40822	7.655772	-2.280501	2.199092	0.529443	0.231492	-0.480795	-0.283789	-0.345518	0.894472	0.605703	-0.787752	-0.112122	0.743362	0.509965	0.432837
40823	7.725824	-2.132735	2.010678	0.521881	0.153793	-0.472700	-0.287724	-0.342592	0.894341	0.608312	-0.786637	-0.105630	0.739710	0.513647	0.434737
40824	7.676204	-2.080955	1.664433	0.496519	0.052621	-0.425327	-0.290648	-0.339543	0.894558	0.610775	-0.785502	-0.099704	0.736531	0.517395	0.435689
40825	7.333434	-2.041779	1.428246	0.465091	-0.065718	-0.371597	-0.292363	-0.336292	0.895227	0.613200	-0.784273	-0.094354	0.733832	0.521368	0.435506
40826	6.738369	-1.917880	1.384742	0.486212	-0.166190	-0.323877	-0.293079	-0.332907	0.896258	0.615841	-0.782784	-0.089376	0.731330	0.525758	0.434435
40827	6.190977	-1.651799	1.225698	0.552707	-0.277047	-0.309350	-0.292889	-0.329031	0.897750	0.619057	-0.780819	-0.084209	0.728687	0.531094	0.432382
40828	5.764646	-1.306875	1.337470	0.676614	-0.437077	-0.367709	-0.291937	-0.323850	0.899941	0.622930	-0.778377	-0.078029	0.725763	0.537821	0.428973
40829	5.977544	-0.471115	1.715822	0.684397	-0.557356	-0.486957	-0.290863	-0.317052	0.902705	0.626554	-0.776162	-0.070723	0.723069	0.545023	0.424408
40830	6.755839	0.401273	2.437883	0.628694	-0.619160	-0.653604	-0.290440	-0.308609	0.905762	0.629221	-0.774733	-0.062201	0.720920	0.551859	0.419197
40831	7.307019	1.143446	3.835501	0.598367	-0.620687	-0.857616	-0.291297	-0.298525	0.908861	0.631124	-0.773942	-0.051929	0.718908	0.558477	0.413853
40832	8.057137	1.806707	5.052388	0.592780	-0.664701	-1.030897	-0.292980	-0.286834	0.912079	0.632396	-0.773604	-0.040147	0.717104	0.565033	0.408044
40833	8.957692	1.792969	5.633428	0.555987	-0.770292	-1.189071	-0.294907	-0.273257	0.915620	0.632980	-0.773696	-0.027029	0.715797	0.571599	0.401135
40834	10.279337	1.372706	4.800923	0.493221	-0.990903	-1.246659	-0.295648	-0.257933	0.919817	0.632857	-0.774148	-0.013672	0.715601	0.578070	0.392110
40835	11.619472	0.368300	3.652888	0.440961	-1.069681	-1.074711	-0.294719	-0.243394	0.924067	0.632943	-0.774196	-0.002050	0.715908	0.584277	0.382225
40836	12.212628	-0.526415	2.902645	0.481992	-0.949247	-0.779719	-0.292807	-0.231806	0.927647	0.634130	-0.773195	0.006949	0.715642	0.590283	0.373393
40837	10.781816	-0.845838	3.517672	0.290695	-0.649343	-0.583879	-0.291790	-0.223443	0.930017	0.634609	-0.772716	0.013456	0.715633	0.594124	0.367269
40838	7.910472	-1.558518	5.059856	0.210586	-0.527248	-0.554534	-0.291478	-0.216037	0.931863	0.634527	-0.772659	0.019345	0.715833	0.596931	0.362294
