// General information: 
//  MT Manager version: 2022.2.0 
//  XDA version: 2022.2.0 build 7381 rev 124627 built on 2023-07-19
// Device information: 
//  DeviceId: 00B4CAF0
//  ProductCode: MTW2-3A7G6
//  Firmware Version: 4.6.0
//  Hardware Version: 2.0.0
// Device settings: 
//  Filter Profile: human(46.1)
//  Option Flags: Orientation Smoother Disabled, Position/Velocity Smoother Disabled, Continuous Zero Rotation Update Disabled, AHS Disabled, ICC Disabled
// Coordinate system: ENU
PacketCounter	Acc_X	Acc_Y	Acc_Z	Gyr_X	Gyr_Y	Gyr_Z	Mat[1][1]	Mat[2][1]	Mat[3][1]	Mat[1][2]	Mat[2][2]	Mat[3][2]	Mat[1][3]	Mat[2][3]	Mat[3][3]
02574	4.746847	1.018177	9.055293	0.012993	0.005629	-0.000767	-0.705412	-0.534186	0.465875	0.642520	-0.759438	0.102088	0.299269	0.371348	0.878942
02575	4.763538	1.007788	9.027968	0.010727	0.008412	-0.002262	-0.705453	-0.534168	0.465833	0.642519	-0.759424	0.102198	0.299174	0.371402	0.878951
02576	4.745582	1.020366	9.055710	0.011406	0.004958	0.000554	-0.705449	-0.534217	0.465783	0.642567	-0.759377	0.102250	0.299081	0.371429	0.878972
02577	4.761317	1.025339	9.086066	0.007555	0.007070	0.000379	-0.705469	-0.534215	0.465755	0.642575	-0.759360	0.102319	0.299015	0.371465	0.878978
02578	4.761838	1.010308	9.028583	0.007894	0.005344	0.001787	-0.705517	-0.534166	0.465738	0.642543	-0.759376	0.102402	0.298971	0.371503	0.878978
02579	4.775255	0.991492	9.023945	0.009045	0.002957	-0.001661	-0.705538	-0.534133	0.465744	0.642542	-0.759365	0.102494	0.298925	0.371574	0.878964
02580	4.755097	0.980144	9.016638	0.008470	0.004151	0.000063	-0.705574	-0.534100	0.465727	0.642519	-0.759376	0.102554	0.298888	0.371598	0.878966
02581	4.753646	0.996620	9.074444	0.009820	0.004288	0.001874	-0.705577	-0.534099	0.465725	0.642545	-0.759343	0.102637	0.298827	0.371667	0.878957
02582	4.793873	1.006237	9.031692	0.011184	0.006952	-0.002422	-0.705627	-0.534085	0.465665	0.642533	-0.759341	0.102728	0.298733	0.371693	0.878978
02583	4.756249	1.007020	9.051903	0.017419	0.002325	-0.002316	-0.705651	-0.534044	0.465676	0.642552	-0.759302	0.102897	0.298637	0.371830	0.878953
02584	4.752406	1.000602	9.074655	0.015493	0.003380	-0.002404	-0.705726	-0.533959	0.465659	0.642509	-0.759316	0.103061	0.298552	0.371923	0.878943
02585	4.769311	0.990697	9.047192	0.018090	0.005915	-0.003324	-0.705767	-0.533924	0.465637	0.642522	-0.759281	0.103240	0.298427	0.372046	0.878933
02586	4.738749	1.007907	9.021819	0.017197	0.004317	-0.005293	-0.705873	-0.533781	0.465641	0.642430	-0.759334	0.103418	0.298374	0.372142	0.878910
02587	4.774394	1.026093	9.059400	0.018547	0.004456	-0.003482	-0.705911	-0.533739	0.465631	0.642443	-0.759298	0.103602	0.298256	0.372276	0.878894
02588	4.760097	1.047648	9.064159	0.018902	0.005253	-0.008181	-0.706027	-0.533573	0.465645	0.642330	-0.759370	0.103777	0.298225	0.372367	0.878866
02589	4.743322	1.045492	9.034026	0.020014	0.004861	-0.003238	-0.706065	-0.533534	0.465633	0.642349	-0.759327	0.103972	0.298095	0.372510	0.878849
02590	4.746551	1.055250	9.011208	0.015950	0.001922	-0.002563	-0.706100	-0.533466	0.465658	0.642320	-0.759338	0.104071	0.298073	0.372586	0.878824
02591	4.758947	1.052867	9.064158	0.013448	0.004172	-0.000929	-0.706120	-0.533442	0.465654	0.642336	-0.759307	0.104198	0.297990	0.372683	0.878811
02592	4.756017	1.030342	9.029388	0.011758	0.005758	-0.004151	-0.706187	-0.533420	0.465579	0.642329	-0.759293	0.104347	0.297850	0.372743	0.878833
02593	4.747728	1.082817	9.046307	0.010054	0.004823	-0.001263	-0.706211	-0.533396	0.465569	0.642332	-0.759276	0.104446	0.297784	0.372811	0.878827
02594	4.744788	1.059942	9.011586	0.010827	0.006158	0.002270	-0.706234	-0.533358	0.465578	0.642309	-0.759291	0.104485	0.297781	0.372836	0.878817
02595	4.758008	1.041124	9.007106	0.007551	0.007074	0.000370	-0.706254	-0.533356	0.465550	0.642316	-0.759275	0.104554	0.297716	0.372872	0.878824
02596	4.750400	1.025788	9.052867	0.008230	0.003624	0.003191	-0.706278	-0.533351	0.465519	0.642320	-0.759263	0.104621	0.297652	0.372904	0.878832
02597	4.759795	1.066047	9.042188	0.005753	0.001354	0.002546	-0.706268	-0.533343	0.465543	0.642337	-0.759242	0.104664	0.297638	0.372957	0.878814
02598	4.733703	1.022287	9.022850	0.002792	0.005065	0.004334	-0.706305	-0.533288	0.465550	0.642277	-0.759295	0.104650	0.297681	0.372927	0.878812
02599	4.753130	1.034489	9.030433	0.002674	0.004800	0.005901	-0.706283	-0.533319	0.465548	0.642309	-0.759268	0.104651	0.297664	0.372939	0.878814
02600	4.755284	1.058222	9.065457	0.001664	0.002935	0.005500	-0.706275	-0.533353	0.465522	0.642332	-0.759249	0.104646	0.297634	0.372929	0.878828
02601	4.738936	1.053813	9.035360	0.000535	0.000806	0.006666	-0.706237	-0.533374	0.465555	0.642363	-0.759226	0.104625	0.297658	0.372945	0.878813
02602	4.745524	1.017919	9.076330	-0.001391	0.001862	0.006577	-0.706244	-0.533367	0.465552	0.642349	-0.759239	0.104612	0.297668	0.372928	0.878816
02603	4.772421	1.045565	9.038220	-0.002858	0.001457	0.006332	-0.706210	-0.533389	0.465579	0.642368	-0.759230	0.104562	0.297710	0.372916	0.878808
02604	4.746611	1.000989	9.018819	-0.001289	-0.000393	0.011120	-0.706201	-0.533353	0.465633	0.642336	-0.759264	0.104510	0.297798	0.372898	0.878785
02605	4.772374	1.044291	9.038393	-0.005123	0.004238	0.004832	-0.706185	-0.533373	0.465635	0.642337	-0.759272	0.104447	0.297834	0.372853	0.878792
02606	4.762697	1.003724	9.049240	-0.005574	-0.001341	0.008819	-0.706171	-0.533349	0.465684	0.642303	-0.759313	0.104356	0.297942	0.372803	0.878777
02607	4.796420	0.995471	9.051968	-0.004445	0.000788	0.007653	-0.706127	-0.533378	0.465718	0.642326	-0.759304	0.104286	0.297998	0.372782	0.878767
02608	4.766341	1.010255	9.026576	-0.001391	0.001861	0.006577	-0.706092	-0.533391	0.465755	0.642315	-0.759330	0.104160	0.298104	0.372708	0.878762
02609	4.776535	0.982394	9.044715	0.001111	-0.000390	0.004944	-0.706062	-0.533395	0.465797	0.642335	-0.759315	0.104151	0.298133	0.372735	0.878741
02610	4.782646	1.014114	9.056758	0.003928	0.000154	0.007000	-0.706039	-0.533377	0.465851	0.642322	-0.759333	0.104097	0.298213	0.372723	0.878719
02611	4.762880	1.001705	9.049368	-0.001052	0.000137	0.007987	-0.705991	-0.533406	0.465892	0.642357	-0.759309	0.104054	0.298253	0.372730	0.878702
02612	4.782533	1.013652	9.056869	0.001445	0.004924	0.002523	-0.706059	-0.533321	0.465886	0.642276	-0.759372	0.104094	0.298265	0.372724	0.878700
02613	4.764802	1.025558	9.084510	0.006882	0.003481	0.001380	-0.706063	-0.533312	0.465891	0.642288	-0.759354	0.104153	0.298230	0.372775	0.878691
02614	4.816485	0.991197	9.002237	0.005968	0.006401	0.001691	-0.706083	-0.533306	0.465867	0.642267	-0.759373	0.104142	0.298227	0.372744	0.878705
02615	4.759049	0.979361	9.015068	0.015255	0.002845	0.000728	-0.706089	-0.533289	0.465876	0.642300	-0.759327	0.104277	0.298142	0.372861	0.878684
02616	4.770673	1.044216	9.039299	0.012654	0.007351	-0.002184	-0.706153	-0.533213	0.465867	0.642235	-0.759373	0.104341	0.298130	0.372877	0.878682
02617	4.756259	1.064918	9.044182	0.010947	0.006418	0.000703	-0.706170	-0.533210	0.465845	0.642255	-0.759343	0.104438	0.298048	0.372942	0.878682
02618	4.789283	1.058250	9.047110	0.006086	0.006666	0.000124	-0.706229	-0.533122	0.465855	0.642165	-0.759419	0.104437	0.298102	0.372912	0.878676
02619	4.782554	1.027029	9.035352	0.005748	0.008391	-0.001288	-0.706265	-0.533111	0.465814	0.642154	-0.759420	0.104497	0.298040	0.372927	0.878691
02620	4.748211	1.034942	9.032969	0.005510	0.007862	0.001845	-0.706306	-0.533075	0.465792	0.642101	-0.759466	0.104483	0.298056	0.372883	0.878704
02621	4.747715	1.035426	9.033174	0.006882	0.003481	0.001380	-0.706310	-0.533066	0.465796	0.642113	-0.759448	0.104541	0.298021	0.372933	0.878695
02622	4.770745	1.055955	9.017925	0.003031	0.005594	0.001200	-0.706319	-0.533094	0.465752	0.642115	-0.759449	0.104519	0.297996	0.372890	0.878721
02623	4.749337	1.059917	9.068376	0.006185	0.004414	0.004667	-0.706304	-0.533114	0.465752	0.642148	-0.759417	0.104556	0.297959	0.372930	0.878717
02624	4.736335	1.063842	9.015572	0.002792	0.005066	0.004332	-0.706294	-0.533139	0.465738	0.642150	-0.759424	0.104497	0.297981	0.372879	0.878731
02625	4.756315	1.008646	9.052049	-0.000143	0.004257	0.003842	-0.706284	-0.533151	0.465738	0.642158	-0.759419	0.104481	0.297986	0.372871	0.878733
02626	4.745795	1.036029	9.034114	0.001205	0.004398	0.005653	-0.706304	-0.533136	0.465726	0.642135	-0.759439	0.104479	0.297989	0.372853	0.878740
02627	4.755591	1.008394	9.052458	0.001444	0.004926	0.002520	-0.706305	-0.533140	0.465719	0.642138	-0.759435	0.104484	0.297979	0.372853	0.878743
02628	4.751829	1.000583	9.075321	0.005969	-0.000636	0.005525	-0.706301	-0.533120	0.465749	0.642138	-0.759432	0.104507	0.297990	0.372889	0.878724
02629	4.748842	1.044475	9.011554	0.005991	0.001880	-0.000586	-0.706313	-0.533089	0.465766	0.642133	-0.759428	0.104567	0.297972	0.372940	0.878708
02630	4.758714	1.017471	9.029789	0.007772	0.005082	0.003346	-0.706353	-0.533039	0.465763	0.642095	-0.759453	0.104619	0.297959	0.372961	0.878704
02631	4.760780	1.041688	9.064783	0.004717	0.004010	0.004422	-0.706339	-0.533054	0.465766	0.642121	-0.759428	0.104643	0.297935	0.372992	0.878699
02632	4.754340	1.010323	9.052900	0.007892	0.005345	0.001779	-0.706404	-0.532973	0.465761	0.642056	-0.759473	0.104714	0.297923	0.373015	0.878693
02633	4.737726	1.006744	9.022850	0.008349	0.003885	0.001625	-0.706408	-0.532967	0.465763	0.642073	-0.759449	0.104784	0.297876	0.373074	0.878684
02634	4.763263	1.051374	9.042376	0.007001	0.003745	-0.000187	-0.706473	-0.532873	0.465770	0.641997	-0.759505	0.104845	0.297886	0.373093	0.878673
02635	4.762943	1.051973	9.042476	0.006881	0.003481	0.001380	-0.706477	-0.532864	0.465775	0.642008	-0.759487	0.104903	0.297851	0.373143	0.878663
02636	4.778760	1.056616	9.072824	0.004379	0.005735	0.003009	-0.706506	-0.532853	0.465743	0.641990	-0.759499	0.104927	0.297821	0.373134	0.878677
02637	4.762025	1.052733	9.042870	0.005967	0.006402	0.001688	-0.706517	-0.532857	0.465722	0.642001	-0.759483	0.104975	0.297771	0.373161	0.878683
02638	4.761635	1.053156	9.043027	0.006641	0.002954	0.004512	-0.706543	-0.532817	0.465728	0.641977	-0.759497	0.105022	0.297761	0.373189	0.878674
02639	4.747427	1.072876	9.047881	0.000410	0.007584	0.004393	-0.706541	-0.532846	0.465699	0.641991	-0.759487	0.105009	0.297739	0.373168	0.878691
02640	4.767146	1.017686	9.084526	0.002334	0.006528	0.004484	-0.706526	-0.532917	0.465639	0.642028	-0.759461	0.104973	0.297693	0.373120	0.878727
02641	4.756480	1.045115	9.066646	-0.000601	0.005720	0.003993	-0.706520	-0.532936	0.465627	0.642035	-0.759457	0.104953	0.297690	0.373100	0.878736
02642	4.739871	1.040672	9.036690	0.001203	0.004400	0.005651	-0.706532	-0.532915	0.465634	0.641997	-0.759497	0.104899	0.297746	0.373050	0.878739
02643	4.769459	1.025052	9.062479	-0.000721	0.005457	0.005559	-0.706515	-0.532944	0.465625	0.642015	-0.759486	0.104870	0.297746	0.373031	0.878746
02644	4.745476	1.004895	9.078168	0.005270	0.007336	0.004974	-0.706556	-0.532887	0.465628	0.641949	-0.759544	0.104851	0.297791	0.372993	0.878747
02645	4.735958	1.016628	9.002663	0.000987	0.006387	0.002672	-0.706561	-0.532898	0.465608	0.641952	-0.759542	0.104851	0.297774	0.372982	0.878758
02646	4.771438	1.033041	9.040542	0.003681	0.006669	0.006295	-0.706545	-0.532945	0.465579	0.641966	-0.759539	0.104786	0.297780	0.372922	0.878781
02647	4.737350	1.040738	9.038004	0.005077	0.004800	-0.000278	-0.706564	-0.532928	0.465570	0.641960	-0.759537	0.104835	0.297748	0.372950	0.878780
02648	4.753162	1.045306	9.068364	0.003368	0.003870	0.002610	-0.706600	-0.532887	0.465563	0.641919	-0.759569	0.104853	0.297752	0.372943	0.878782
02649	4.757644	1.037669	8.988089	0.007771	0.005081	0.003346	-0.706596	-0.532898	0.465555	0.641947	-0.759538	0.104909	0.297701	0.372990	0.878779
02650	4.752498	1.046015	9.068630	0.003705	0.002146	0.004022	-0.706600	-0.532904	0.465542	0.641954	-0.759530	0.104926	0.297677	0.372997	0.878784
02651	4.749948	1.022251	9.033864	0.003584	0.001883	0.005588	-0.706573	-0.532921	0.465565	0.641985	-0.759503	0.104935	0.297676	0.373030	0.878771
02652	4.736007	1.042077	9.038553	0.005293	0.002813	0.002701	-0.706606	-0.532855	0.465589	0.641926	-0.759552	0.104938	0.297722	0.373023	0.878758
02653	4.751944	1.046564	9.068857	0.004595	0.003748	0.005987	-0.706582	-0.532881	0.465596	0.641963	-0.759519	0.104954	0.297701	0.373053	0.878752
02654	4.735406	1.042656	9.038802	0.007771	0.005081	0.003345	-0.706555	-0.532981	0.465522	0.642045	-0.759445	0.104979	0.297587	0.373060	0.878788
02655	4.768778	1.035554	9.041658	0.002814	0.000545	0.002057	-0.706546	-0.532966	0.465553	0.642049	-0.759440	0.104997	0.297600	0.373093	0.878769
02656	4.738668	1.051056	9.016143	0.003248	0.003607	0.004175	-0.706557	-0.532930	0.465579	0.642000	-0.759490	0.104933	0.297681	0.373042	0.878764
02657	4.754674	1.055320	9.046436	0.002116	0.001480	0.005343	-0.706530	-0.532943	0.465605	0.642024	-0.759470	0.104929	0.297691	0.373065	0.878750
02658	4.744512	1.082703	9.028290	0.000527	0.000814	0.006663	-0.706542	-0.532884	0.465652	0.641969	-0.759523	0.104886	0.297781	0.373041	0.878730
02659	4.756984	1.078736	9.081365	0.000071	0.002274	0.006817	-0.706508	-0.532911	0.465673	0.641998	-0.759502	0.104858	0.297799	0.373045	0.878723
02660	4.720972	1.061806	9.043825	-0.003997	-0.000660	0.007493	-0.706462	-0.532964	0.465683	0.642024	-0.759494	0.104755	0.297853	0.372985	0.878730
02661	4.751033	1.045594	9.069446	-0.004695	0.000276	0.010779	-0.706396	-0.533014	0.465725	0.642067	-0.759470	0.104667	0.297916	0.372963	0.878718
02662	4.768421	1.032991	9.042139	-0.006256	0.002121	0.005988	-0.706416	-0.532988	0.465727	0.642025	-0.759512	0.104623	0.297962	0.372915	0.878722
02663	4.754661	1.051685	9.046867	-0.004817	0.000013	0.012345	-0.706339	-0.533048	0.465773	0.642078	-0.759480	0.104526	0.298028	0.372893	0.878709
02664	4.768477	1.030987	9.042338	-0.006620	0.001333	0.010686	-0.706331	-0.533032	0.465803	0.642043	-0.759522	0.104434	0.298121	0.372831	0.878704
02665	4.711403	1.017218	9.055086	-0.008088	0.000930	0.010440	-0.706270	-0.533082	0.465839	0.642073	-0.759513	0.104317	0.298201	0.372779	0.878699
02666	4.768556	1.028674	9.042560	-0.006164	-0.000128	0.010532	-0.706268	-0.533043	0.465887	0.642027	-0.759563	0.104240	0.298306	0.372733	0.878683
02667	4.735091	1.034853	9.039864	-0.011145	-0.000138	0.011515	-0.706197	-0.533096	0.465933	0.642055	-0.759559	0.104091	0.298413	0.372664	0.878676
02668	4.748786	1.013778	9.035429	-0.009000	0.003853	0.010746	-0.706155	-0.533163	0.465921	0.642067	-0.759572	0.103930	0.298489	0.372543	0.878701
02669	4.764963	1.016903	9.065761	-0.002894	-0.001046	0.012435	-0.706075	-0.533220	0.465977	0.642126	-0.759532	0.103850	0.298550	0.372542	0.878681
02670	4.732776	1.007467	9.005366	-0.007632	-0.000530	0.010285	-0.706060	-0.533175	0.466051	0.642057	-0.759613	0.103688	0.298735	0.372441	0.878661
02671	4.768875	1.022654	9.043075	-0.007967	0.001194	0.008873	-0.706010	-0.533213	0.466083	0.642076	-0.759612	0.103580	0.298812	0.372389	0.878657
02672	4.749108	1.009544	9.035734	-0.004120	-0.000923	0.009057	-0.705974	-0.533227	0.466122	0.642071	-0.759631	0.103469	0.298908	0.372329	0.878649
02673	4.759006	1.048387	9.025008	-0.004697	0.000275	0.010776	-0.705909	-0.533276	0.466164	0.642113	-0.759608	0.103381	0.298971	0.372307	0.878637
02674	4.769076	1.020120	9.043255	-0.001397	0.001870	0.006570	-0.705888	-0.533306	0.466162	0.642120	-0.759611	0.103312	0.299005	0.372259	0.878646
02675	4.749196	1.007325	9.035935	-0.005922	0.000400	0.007399	-0.705845	-0.533330	0.466200	0.642135	-0.759609	0.103229	0.299075	0.372227	0.878636
02676	4.751572	1.030433	9.070899	-0.001974	0.003068	0.008290	-0.705837	-0.533322	0.466221	0.642101	-0.759652	0.103126	0.299166	0.372151	0.878637
02677	4.768783	1.017920	9.043657	-0.005608	0.003198	0.011083	-0.705779	-0.533384	0.466238	0.642143	-0.759630	0.103028	0.299215	0.372106	0.878639
02678	4.754894	1.036873	9.048454	-0.001275	0.002133	0.005004	-0.705796	-0.533357	0.466243	0.642108	-0.759662	0.103007	0.299247	0.372080	0.878640
02679	4.772205	1.024663	9.021126	-0.002987	0.001204	0.007890	-0.705753	-0.533388	0.466274	0.642135	-0.759648	0.102947	0.299293	0.372066	0.878630
02680	4.782034	0.996587	9.039464	-0.000718	0.005457	0.005558	-0.705718	-0.533464	0.466240	0.642159	-0.759645	0.102823	0.299324	0.371963	0.878663
02681	4.767889	1.015864	9.044360	-0.000840	0.005194	0.007123	-0.705691	-0.533503	0.466235	0.642186	-0.759626	0.102785	0.299328	0.371944	0.878670
02682	4.753856	1.035233	9.049187	0.000314	0.002798	0.003684	-0.705732	-0.533426	0.466260	0.642105	-0.759698	0.102757	0.299404	0.371907	0.878659
02683	4.767344	1.015343	9.044706	0.000962	0.003872	0.008781	-0.705691	-0.533474	0.466269	0.642150	-0.759665	0.102727	0.299406	0.371908	0.878658
02684	4.740889	0.971248	9.025508	0.000539	0.007847	0.002826	-0.705729	-0.533464	0.466222	0.642111	-0.759701	0.102706	0.299399	0.371849	0.878686
02685	4.766297	1.014987	9.045298	0.000750	0.005860	0.005803	-0.705713	-0.533496	0.466210	0.642134	-0.759683	0.102688	0.299388	0.371838	0.878694
02686	4.729952	0.998660	9.007831	0.003705	0.002140	0.004023	-0.705777	-0.533360	0.466268	0.642014	-0.759785	0.102687	0.299495	0.371825	0.878663
02687	4.765820	1.014909	9.045557	0.000192	0.002535	0.005250	-0.705754	-0.533376	0.466285	0.642031	-0.759773	0.102667	0.299511	0.371827	0.878657
02688	4.775585	0.987165	9.063886	0.001327	0.004661	0.004084	-0.705811	-0.533276	0.466312	0.641924	-0.759870	0.102627	0.299608	0.371772	0.878647
02689	4.741573	0.994798	9.061311	0.004385	0.005728	0.003010	-0.705812	-0.533287	0.466299	0.641938	-0.759854	0.102654	0.299575	0.371789	0.878651
02690	4.758421	0.983305	9.034157	0.003930	0.007190	0.003164	-0.705841	-0.533275	0.466269	0.641898	-0.759893	0.102615	0.299593	0.371727	0.878671
02691	4.763966	1.015407	9.046478	0.005975	0.006393	0.001691	-0.705853	-0.533277	0.466248	0.641907	-0.759879	0.102662	0.299545	0.371752	0.878677
02692	4.753411	1.043104	9.028568	-0.000596	0.005722	0.003990	-0.705919	-0.533167	0.466274	0.641778	-0.759996	0.102597	0.299665	0.371670	0.878671
02693	4.742079	1.019175	9.097109	0.003460	0.001614	0.007154	-0.705881	-0.533194	0.466300	0.641819	-0.759962	0.102597	0.299667	0.371702	0.878657
02694	4.766660	1.022984	9.024247	-0.002431	0.004531	0.008440	-0.705869	-0.533228	0.466280	0.641824	-0.759966	0.102533	0.299684	0.371644	0.878675
02695	4.748883	1.034409	9.051892	0.001449	0.004925	0.002518	-0.705871	-0.533231	0.466273	0.641826	-0.759965	0.102536	0.299675	0.371643	0.878679
02696	4.732354	1.030097	9.021877	-0.000264	0.003997	0.005402	-0.705862	-0.533286	0.466224	0.641869	-0.759925	0.102554	0.299605	0.371644	0.878702
02697	4.751906	1.041924	9.029497	-0.000264	0.003997	0.005402	-0.705843	-0.533308	0.466228	0.641886	-0.759915	0.102529	0.299614	0.371635	0.878703
02698	4.761680	1.013905	9.047850	-0.001977	0.003070	0.008287	-0.705830	-0.533328	0.466224	0.641883	-0.759926	0.102463	0.299649	0.371583	0.878713
02699	4.741497	1.001180	9.040660	-0.002886	0.005993	0.008593	-0.705797	-0.533381	0.466214	0.641914	-0.759908	0.102401	0.299661	0.371543	0.878726
02700	4.747284	1.032163	9.052987	-0.006713	0.003591	0.006135	-0.705833	-0.533312	0.466237	0.641817	-0.760004	0.102300	0.299784	0.371446	0.878725
02701	4.757136	1.003854	9.071324	-0.001522	0.001608	0.008133	-0.705790	-0.533346	0.466265	0.641849	-0.759983	0.102252	0.299818	0.371440	0.878716
02702	4.760730	1.011347	9.048636	-0.001277	0.002134	0.005002	-0.705803	-0.533317	0.466277	0.641805	-0.760028	0.102196	0.299881	0.371390	0.878716
02703	4.774336	0.991240	9.044120	-0.001522	0.001608	0.008133	-0.705759	-0.533351	0.466305	0.641837	-0.760007	0.102147	0.299915	0.371383	0.878707
02704	4.746792	1.030026	9.053488	-0.001977	0.003070	0.008286	-0.705727	-0.533424	0.466271	0.641892	-0.759964	0.102124	0.299874	0.371367	0.878728
02705	4.743006	1.021595	9.076380	-0.002291	0.000272	0.004602	-0.705702	-0.533426	0.466307	0.641897	-0.759965	0.102085	0.299922	0.371362	0.878713
02706	4.760392	1.009383	9.049033	-0.001523	0.001608	0.008133	-0.705663	-0.533486	0.466297	0.641933	-0.759944	0.102014	0.299937	0.371319	0.878726
02707	4.773881	0.989182	9.044585	-0.002309	0.004795	0.006874	-0.705637	-0.533521	0.466296	0.641954	-0.759933	0.101964	0.299954	0.371290	0.878733
02708	4.746293	1.027854	9.053997	-0.005805	0.000669	0.005827	-0.705620	-0.533552	0.466287	0.641962	-0.759935	0.101903	0.299977	0.371243	0.878745
02709	4.743745	1.003111	9.019298	-0.005614	0.003204	0.011076	-0.705562	-0.533614	0.466303	0.642002	-0.759914	0.101805	0.300026	0.371197	0.878747
02710	4.763592	1.014340	9.026842	-0.002660	-0.000518	0.009297	-0.705563	-0.533572	0.466350	0.641959	-0.759958	0.101748	0.300116	0.371167	0.878729
02711	4.763572	1.013463	9.026952	-0.006959	0.003067	0.009264	-0.705516	-0.533620	0.466365	0.641983	-0.759952	0.101646	0.300175	0.371111	0.878733
02712	4.753423	1.039964	9.008999	-0.007082	0.002804	0.010829	-0.705514	-0.533607	0.466384	0.641939	-0.760003	0.101534	0.300274	0.371024	0.878736
02713	4.773210	0.983685	9.045539	-0.005491	0.003468	0.009510	-0.705467	-0.533657	0.466397	0.641968	-0.759991	0.101444	0.300321	0.370977	0.878739
02714	4.723327	0.986055	9.012694	-0.007205	0.002541	0.012393	-0.705412	-0.533732	0.466395	0.641997	-0.759986	0.101295	0.300390	0.370879	0.878757
02715	4.743219	0.996922	9.020261	-0.007643	-0.000520	0.010274	-0.705348	-0.533773	0.466444	0.642025	-0.759977	0.101182	0.300478	0.370837	0.878745
02716	4.772978	0.980207	9.046038	-0.008758	0.004393	0.007604	-0.705353	-0.533778	0.466430	0.641986	-0.760026	0.101069	0.300551	0.370731	0.878765
02717	4.776612	0.987016	9.023420	-0.004953	-0.000246	0.013897	-0.705268	-0.533848	0.466480	0.642048	-0.759988	0.100963	0.300620	0.370708	0.878751
02718	4.765571	0.962374	9.091804	-0.002415	0.000009	0.006166	-0.705235	-0.533890	0.466482	0.642070	-0.759978	0.100896	0.300649	0.370669	0.878757
02719	4.772905	0.977573	9.046362	-0.005368	0.003731	0.007944	-0.705199	-0.533929	0.466491	0.642089	-0.759973	0.100814	0.300693	0.370622	0.878762
02720	4.762810	0.937248	9.057229	-0.000055	0.002007	0.008378	-0.705131	-0.534045	0.466460	0.642177	-0.759908	0.100746	0.300664	0.370589	0.878786
02721	4.776355	0.984647	9.023815	0.002113	0.001472	0.005342	-0.705106	-0.534057	0.466486	0.642199	-0.759889	0.100742	0.300675	0.370610	0.878773
02722	4.752526	0.964575	9.039277	0.001330	0.004659	0.004084	-0.705119	-0.534053	0.466470	0.642173	-0.759917	0.100699	0.300699	0.370559	0.878787
02723	4.775960	0.984532	9.024037	0.002567	0.000010	0.005188	-0.705090	-0.534058	0.466508	0.642196	-0.759897	0.100700	0.300718	0.370592	0.878766
02724	4.758473	0.996444	9.051477	0.005297	0.002798	0.002706	-0.705149	-0.533950	0.466542	0.642096	-0.759982	0.100699	0.300795	0.370573	0.878748
02725	4.775479	0.985102	9.024229	0.005982	0.006385	0.001695	-0.705162	-0.533952	0.466521	0.642104	-0.759969	0.100746	0.300747	0.370597	0.878754
02726	4.747816	1.024445	9.033647	-0.001524	0.001608	0.008131	-0.705137	-0.533994	0.466511	0.642131	-0.759952	0.100705	0.300750	0.370572	0.878764
02727	4.747632	1.024044	9.033789	-0.000262	0.003997	0.005401	-0.705118	-0.534015	0.466515	0.642146	-0.759942	0.100680	0.300759	0.370562	0.878765
02728	4.777224	1.007981	9.059579	-0.003446	0.002671	0.008037	-0.705100	-0.534041	0.466514	0.642142	-0.759958	0.100588	0.300813	0.370492	0.878776
02729	4.780812	1.015182	9.036952	-0.003570	0.002408	0.009601	-0.705050	-0.534088	0.466535	0.642177	-0.759938	0.100514	0.300854	0.370466	0.878773
02730	4.730888	1.018013	9.004080	-0.002431	0.004533	0.008437	-0.705022	-0.534159	0.466495	0.642217	-0.759912	0.100458	0.300834	0.370416	0.878801
02731	4.743094	1.013251	9.057319	-0.007208	0.002545	0.012389	-0.704955	-0.534228	0.466518	0.642261	-0.759890	0.100340	0.300898	0.370361	0.878802
02732	4.756682	0.992159	9.052888	-0.012835	0.001474	0.008271	-0.704963	-0.534196	0.466542	0.642185	-0.759974	0.100188	0.301040	0.370235	0.878806
02733	4.770468	0.970889	9.048367	-0.010832	-0.001841	0.012904	-0.704879	-0.534252	0.466604	0.642222	-0.759963	0.100035	0.301158	0.370176	0.878791
02734	4.786634	0.973751	9.078732	-0.005368	0.003734	0.007942	-0.704829	-0.534359	0.466558	0.642285	-0.759922	0.099942	0.301143	0.370105	0.878826
02735	4.763999	0.937077	9.036624	-0.004023	0.003869	0.009754	-0.704782	-0.534413	0.466567	0.642320	-0.759903	0.099864	0.301177	0.370067	0.878830
02736	4.787377	0.956403	9.021507	-0.001854	0.003333	0.006719	-0.704783	-0.534436	0.466539	0.642324	-0.759902	0.099842	0.301165	0.370036	0.878848
02737	4.753408	0.963677	9.018940	-0.001043	0.007184	0.004144	-0.704783	-0.534459	0.466513	0.642328	-0.759902	0.099815	0.301157	0.370003	0.878864
02738	4.731695	0.967085	9.069471	-0.002636	0.006521	0.005461	-0.704799	-0.534480	0.466466	0.642313	-0.759921	0.099770	0.301152	0.369934	0.878895
02739	4.765999	0.943400	9.014933	0.002924	0.005320	0.002767	-0.704802	-0.534486	0.466455	0.642320	-0.759914	0.099785	0.301132	0.369941	0.878899
02740	4.737092	0.998631	9.082022	0.000315	0.002797	0.003683	-0.704814	-0.534482	0.466441	0.642302	-0.759932	0.099763	0.301142	0.369910	0.878909
02741	4.774076	0.998645	9.062273	0.000506	0.005330	0.008931	-0.704777	-0.534535	0.466436	0.642344	-0.759900	0.099728	0.301136	0.369898	0.878915
02742	4.763566	1.026038	9.044468	0.000097	0.009309	0.002980	-0.704851	-0.534469	0.466399	0.642246	-0.759988	0.099696	0.301173	0.369814	0.878938
02743	4.746865	1.021332	9.014586	-0.007415	0.004535	0.009410	-0.704809	-0.534522	0.466401	0.642268	-0.759983	0.099589	0.301225	0.369746	0.878949
02744	4.762743	1.024129	9.045118	-0.010477	0.003475	0.010479	-0.704789	-0.534561	0.466387	0.642257	-0.760010	0.099454	0.301295	0.369635	0.878972
02745	4.746407	1.018381	9.015161	-0.014116	0.003613	0.013265	-0.704719	-0.534640	0.466402	0.642286	-0.760009	0.099271	0.301395	0.369521	0.878985
02746	4.709051	1.015861	9.035377	-0.019020	0.001364	0.018778	-0.704587	-0.534837	0.466377	0.642401	-0.759944	0.099022	0.301460	0.369371	0.879026
02747	4.765037	1.041301	9.080856	-0.021709	0.001095	0.015152	-0.704498	-0.534921	0.466415	0.642421	-0.759961	0.098763	0.301627	0.369213	0.879035
02748	4.734223	0.947277	8.991602	-0.020851	-0.004348	0.020947	-0.704367	-0.535051	0.466464	0.642489	-0.759939	0.098490	0.301787	0.369071	0.879040
02749	4.749656	0.964292	9.079532	-0.021947	-0.003953	0.016005	-0.704257	-0.535123	0.466547	0.642514	-0.759953	0.098225	0.301991	0.368938	0.879025
02750	4.761226	0.918331	9.040010	-0.016072	-0.002362	0.016997	-0.704136	-0.535255	0.466578	0.642587	-0.759922	0.097983	0.302117	0.368810	0.879036
02751	4.757869	0.907974	9.062806	-0.019010	-0.003157	0.016499	-0.704025	-0.535334	0.466655	0.642624	-0.759922	0.097741	0.302297	0.368696	0.879022
02752	4.801631	0.870271	9.083782	-0.014479	-0.001700	0.015679	-0.703974	-0.535379	0.466680	0.642628	-0.759939	0.097580	0.302406	0.368595	0.879027
02753	4.738727	0.959728	9.026654	-0.001324	-0.000389	0.011101	-0.703907	-0.535427	0.466726	0.642680	-0.759903	0.097519	0.302452	0.368600	0.879009
02754	4.772473	0.883534	9.058101	-0.012174	-0.006492	0.008806	-0.703891	-0.535370	0.466816	0.642607	-0.759984	0.097367	0.302645	0.368515	0.878978
02755	4.806460	0.874948	9.060770	0.001422	-0.002124	0.006349	-0.703849	-0.535375	0.466873	0.642633	-0.759964	0.097352	0.302686	0.368550	0.878949
02756	4.814094	0.890916	9.015182	0.004158	0.000662	0.003872	-0.703805	-0.535473	0.466827	0.642732	-0.759875	0.097392	0.302579	0.368590	0.878969
02757	4.786739	0.930392	9.024565	0.001661	0.002926	0.005497	-0.703783	-0.535491	0.466839	0.642754	-0.759858	0.097384	0.302583	0.368600	0.878964
02758	4.752984	0.938483	9.021820	0.008940	0.002647	-0.000074	-0.703857	-0.535428	0.466800	0.642714	-0.759874	0.097517	0.302496	0.368657	0.878970
02759	4.798762	0.927250	9.077690	0.002814	0.000530	0.002060	-0.703851	-0.535411	0.466830	0.642715	-0.759871	0.097535	0.302509	0.368688	0.878952
02760	4.778621	0.915604	9.070288	0.006443	0.004911	0.001550	-0.703889	-0.535372	0.466815	0.642672	-0.759905	0.097551	0.302509	0.368674	0.878958
02761	4.798177	0.928289	9.077893	0.009064	0.002911	-0.001638	-0.703914	-0.535335	0.466820	0.642666	-0.759899	0.097641	0.302466	0.368740	0.878945
02762	4.771478	0.885478	9.058435	0.007835	0.007564	-0.002739	-0.703938	-0.535380	0.466734	0.642698	-0.759864	0.097707	0.302344	0.368749	0.878984
02763	4.753673	0.965684	9.057330	0.014489	0.005962	-0.000491	-0.703964	-0.535363	0.466713	0.642715	-0.759832	0.097840	0.302244	0.368839	0.878980
02764	4.745945	1.018418	9.074183	0.012578	0.002507	-0.002860	-0.704004	-0.535367	0.466649	0.642748	-0.759783	0.098005	0.302083	0.368933	0.878996
02765	4.740447	0.972100	9.004491	0.008536	0.006629	-0.006022	-0.704068	-0.535311	0.466616	0.642709	-0.759803	0.098111	0.302016	0.368975	0.879001
02766	4.779448	0.929472	9.048471	0.005991	0.006375	0.001703	-0.704041	-0.535440	0.466509	0.642821	-0.759699	0.098175	0.301840	0.369001	0.879051
02767	4.731944	1.024995	9.021714	0.010974	0.006368	0.000729	-0.704061	-0.535434	0.466485	0.642837	-0.759673	0.098270	0.301759	0.369062	0.879053
02768	4.694404	1.092524	9.013048	0.001208	0.004392	0.005649	-0.704008	-0.535555	0.466427	0.642932	-0.759597	0.098243	0.301682	0.369044	0.879087
02769	4.725231	1.060467	8.981170	-0.005168	0.001748	0.010911	-0.703949	-0.535609	0.466454	0.642970	-0.759576	0.098149	0.301737	0.369008	0.879083
02770	4.711741	1.078496	8.985943	-0.017997	-0.001285	0.016898	-0.703903	-0.535677	0.466444	0.642978	-0.759593	0.097971	0.301827	0.368875	0.879108
02771	4.708344	1.067682	9.008853	-0.024826	-0.002466	0.022312	-0.703758	-0.535802	0.466519	0.643038	-0.759583	0.097651	0.302039	0.368712	0.879104
02772	4.699045	1.091474	8.990924	-0.035170	-0.003240	0.028945	-0.703522	-0.536126	0.466505	0.643239	-0.759466	0.097241	0.302161	0.368485	0.879157
02773	4.729725	1.138020	8.988092	-0.044046	-0.003616	0.035825	-0.703286	-0.536349	0.466603	0.643335	-0.759455	0.096689	0.302505	0.368182	0.879166
02774	4.739475	1.186461	9.035620	-0.067425	-0.005423	0.045462	-0.703009	-0.536669	0.466653	0.643439	-0.759464	0.095922	0.302928	0.367697	0.879223
02775	4.708086	1.102402	9.004209	-0.074187	-0.008856	0.055398	-0.702631	-0.537022	0.466816	0.643581	-0.759458	0.095014	0.303502	0.367194	0.879236
02776	4.782938	1.108035	9.022568	-0.094383	-0.009330	0.062392	-0.702238	-0.537472	0.466889	0.643737	-0.759457	0.093961	0.304081	0.366537	0.879310
02777	4.777793	0.996806	9.039408	-0.105635	-0.011683	0.067032	-0.701777	-0.537903	0.467086	0.643863	-0.759502	0.092722	0.304877	0.365810	0.879337
02778	4.829777	0.897160	9.043683	-0.100340	-0.008901	0.069728	-0.701348	-0.538353	0.467212	0.643997	-0.759532	0.091542	0.305581	0.365085	0.879394
02779	4.810700	0.805160	9.064990	-0.106430	-0.008465	0.065739	-0.700904	-0.538787	0.467378	0.644109	-0.759585	0.090302	0.306360	0.364335	0.879434
02780	4.818288	0.824664	9.077805	-0.093598	-0.005440	0.059755	-0.700426	-0.539382	0.467407	0.644391	-0.759474	0.089219	0.306860	0.363684	0.879528
02781	4.802412	0.742080	9.076305	-0.093803	-0.003430	0.056773	-0.700056	-0.539766	0.467519	0.644478	-0.759527	0.088132	0.307523	0.363003	0.879579
02782	4.816039	0.644559	9.100079	-0.074509	-0.004555	0.047794	-0.699751	-0.540143	0.467540	0.644606	-0.759513	0.087304	0.307946	0.362471	0.879650
02783	4.826956	0.675802	9.090090	-0.063263	-0.002201	0.043140	-0.699472	-0.540428	0.467628	0.644691	-0.759528	0.086549	0.308403	0.362014	0.879678
02784	4.831099	0.677077	9.067735	-0.048120	0.000548	0.032590	-0.699310	-0.540666	0.467596	0.644751	-0.759536	0.086026	0.308644	0.361642	0.879746
02785	4.860471	0.738373	9.123268	-0.037895	0.001043	0.027532	-0.699142	-0.540844	0.467641	0.644804	-0.759543	0.085568	0.308915	0.361361	0.879767
02786	4.834966	0.675642	9.045739	-0.031251	0.004227	0.019174	-0.699083	-0.540978	0.467575	0.644806	-0.759578	0.085243	0.309045	0.361087	0.879834
02787	4.799986	0.695793	9.101282	-0.018399	0.007233	0.013226	-0.699026	-0.541070	0.467553	0.644819	-0.759592	0.085023	0.309146	0.360921	0.879866
02788	4.812957	0.674403	9.096794	-0.005807	0.005186	0.008104	-0.699085	-0.541047	0.467492	0.644747	-0.759659	0.084968	0.309163	0.360814	0.879904
02789	4.793127	0.730064	9.061489	0.004230	0.007684	0.000094	-0.699114	-0.541040	0.467456	0.644738	-0.759662	0.085008	0.309116	0.360817	0.879920
02790	4.799069	0.762097	9.074247	0.005375	0.005298	-0.003349	-0.699192	-0.541033	0.467348	0.644724	-0.759661	0.085127	0.308969	0.360830	0.879966
02791	4.772449	0.787919	9.026444	0.021498	0.011856	-0.005094	-0.699268	-0.541002	0.467270	0.644731	-0.759630	0.085343	0.308781	0.360941	0.879986
02792	4.780831	0.844613	9.074368	0.013433	0.006322	-0.005370	-0.699324	-0.541026	0.467159	0.644769	-0.759578	0.085519	0.308576	0.361015	0.880028
02793	4.757454	0.811137	9.031806	0.015158	0.007254	-0.008239	-0.699406	-0.540955	0.467119	0.644736	-0.759587	0.085694	0.308461	0.361103	0.880032
02794	4.800594	0.844722	9.024541	0.018547	0.006568	-0.007896	-0.699517	-0.540909	0.467005	0.644721	-0.759571	0.085940	0.308237	0.361204	0.880069
02795	4.772882	0.886237	9.034461	0.017527	0.009226	-0.006015	-0.699591	-0.540862	0.466949	0.644710	-0.759560	0.086126	0.308093	0.361300	0.880080
02796	4.779782	0.904300	8.989325	0.014903	0.006713	-0.005120	-0.699734	-0.540801	0.466805	0.644662	-0.759574	0.086362	0.307868	0.361362	0.880133
02797	4.704560	0.905489	9.029329	0.013305	0.006053	-0.003812	-0.699784	-0.540759	0.466779	0.644653	-0.759566	0.086501	0.307773	0.361442	0.880134
02798	4.728515	0.993842	8.986396	0.003973	0.007145	0.003210	-0.699844	-0.540739	0.466712	0.644614	-0.759596	0.086533	0.307720	0.361408	0.880166
02799	4.687856	1.052505	9.001107	-0.011185	-0.000108	0.011452	-0.699777	-0.540791	0.466753	0.644636	-0.759593	0.086385	0.307826	0.361336	0.880159
02800	4.671524	1.129097	9.000747	-0.028957	-0.000851	0.025174	-0.699671	-0.540917	0.466764	0.644654	-0.759619	0.086028	0.308029	0.361093	0.880188
02801	4.703020	1.092635	8.968623	-0.051279	-0.007542	0.037402	-0.699414	-0.541139	0.466893	0.644734	-0.759621	0.085406	0.308445	0.360756	0.880180
02802	4.686306	1.028951	9.024374	-0.072579	-0.012375	0.050035	-0.699078	-0.541503	0.466974	0.644882	-0.759585	0.084598	0.308897	0.360284	0.880215
02803	4.769505	0.968544	8.967311	-0.079555	-0.013815	0.056973	-0.698675	-0.541851	0.467174	0.645011	-0.759582	0.083636	0.309539	0.359767	0.880201
02804	4.769204	0.905048	9.053355	-0.098936	-0.010374	0.061385	-0.698318	-0.542244	0.467250	0.645089	-0.759636	0.082545	0.310181	0.359061	0.880263
02805	4.714265	0.866623	9.008221	-0.089912	-0.005545	0.068142	-0.697869	-0.542707	0.467385	0.645262	-0.759608	0.081439	0.310832	0.358420	0.880295
02806	4.776615	0.957106	9.003930	-0.109893	-0.009913	0.069666	-0.697398	-0.543228	0.467483	0.645429	-0.759599	0.080186	0.311541	0.357648	0.880358
02807	4.753607	0.856042	9.046999	-0.112677	-0.017192	0.069782	-0.696901	-0.543662	0.467720	0.645541	-0.759642	0.078871	0.312420	0.356898	0.880351
02808	4.789007	0.833950	9.049960	-0.120484	-0.013134	0.070956	-0.696552	-0.544004	0.467841	0.645498	-0.759814	0.077550	0.313285	0.356008	0.880404
02809	4.817580	0.779990	9.040259	-0.121530	-0.014970	0.070507	-0.696057	-0.544452	0.468057	0.645585	-0.759882	0.076154	0.314206	0.355178	0.880411
02810	4.838384	0.709417	9.075639	-0.119816	-0.014021	0.067618	-0.695728	-0.544757	0.468192	0.645509	-0.760076	0.074846	0.315088	0.354294	0.880451
02811	4.812014	0.584855	9.082710	-0.110858	-0.011437	0.067567	-0.695263	-0.545195	0.468372	0.645606	-0.760120	0.073558	0.315916	0.353526	0.880464
02812	4.824224	0.611871	9.072906	-0.095966	-0.014128	0.070730	-0.694925	-0.545513	0.468503	0.645614	-0.760219	0.072451	0.316642	0.352820	0.880486
02813	4.843470	0.671016	9.075847	-0.095929	-0.016038	0.062332	-0.694479	-0.545896	0.468719	0.645720	-0.760237	0.071319	0.317404	0.352190	0.880464
02814	4.867974	0.611656	9.088037	-0.087740	-0.014755	0.058755	-0.694081	-0.546318	0.468816	0.645877	-0.760192	0.070357	0.317954	0.351631	0.880489
02815	4.878822	0.572613	9.105407	-0.087337	-0.009413	0.056393	-0.693694	-0.546679	0.468968	0.645967	-0.760211	0.069328	0.318615	0.351030	0.880490
02816	4.886105	0.511307	9.087491	-0.077514	-0.002980	0.053849	-0.693498	-0.546885	0.469017	0.645889	-0.760358	0.068429	0.319198	0.350388	0.880534
02817	4.830401	0.558952	9.073034	-0.064947	0.001739	0.046558	-0.693211	-0.547210	0.469063	0.645980	-0.760351	0.067644	0.319637	0.349897	0.880570
02818	4.926810	0.517312	9.103726	-0.062084	0.000315	0.040241	-0.692989	-0.547533	0.469013	0.646079	-0.760324	0.067000	0.319917	0.349450	0.880646
02819	4.803516	0.501686	9.053088	-0.048943	0.003845	0.031233	-0.692808	-0.547749	0.469030	0.646115	-0.760344	0.066427	0.320238	0.349069	0.880681
02820	4.836420	0.487748	9.056214	-0.040581	0.009889	0.028454	-0.692677	-0.547994	0.468935	0.646178	-0.760330	0.065971	0.320394	0.348713	0.880765
02821	4.829011	0.452226	9.043705	-0.030580	0.003395	0.015832	-0.692594	-0.548092	0.468945	0.646166	-0.760370	0.065633	0.320599	0.348473	0.880785
02822	4.832989	0.540539	9.052810	-0.009404	0.009802	0.013222	-0.692574	-0.548267	0.468769	0.646273	-0.760281	0.065606	0.320427	0.348390	0.880881
02823	4.819078	0.559158	9.058468	-0.006226	0.006629	0.008296	-0.692549	-0.548319	0.468746	0.646286	-0.760277	0.065518	0.320452	0.348318	0.880900
02824	4.806220	0.564007	9.005922	-0.004183	0.005823	0.006826	-0.692740	-0.548137	0.468676	0.646048	-0.760482	0.065494	0.320520	0.348157	0.880939
02825	4.834322	0.560629	9.089418	-0.002011	0.005299	0.003801	-0.692741	-0.548149	0.468661	0.646044	-0.760488	0.065464	0.320527	0.348125	0.880949
02826	4.821382	0.566692	9.036843	0.012227	0.008353	-0.000268	-0.692788	-0.548212	0.468516	0.646124	-0.760403	0.065664	0.320263	0.348211	0.881011
02827	4.812854	0.550326	9.082257	0.002805	0.007276	-0.000089	-0.692821	-0.548202	0.468481	0.646108	-0.760414	0.065694	0.320225	0.348204	0.881028
02828	4.792934	0.525580	9.016678	0.012924	0.007452	-0.003550	-0.692952	-0.548147	0.468351	0.646069	-0.760428	0.065909	0.320020	0.348258	0.881081
02829	4.822441	0.592501	9.073234	0.017448	0.004372	-0.006662	-0.693017	-0.548076	0.468337	0.646054	-0.760424	0.066099	0.319907	0.348379	0.881074
02830	4.777019	0.690758	9.049026	0.016281	0.002248	-0.005538	-0.693207	-0.547917	0.468243	0.645938	-0.760500	0.066371	0.319733	0.348464	0.881104
02831	4.737422	0.655224	8.975359	0.009810	0.001924	-0.004844	-0.693253	-0.547852	0.468251	0.645911	-0.760512	0.066486	0.319686	0.348540	0.881091
02832	4.822543	0.678559	9.104445	-0.002075	-0.003686	-0.000861	-0.693206	-0.547966	0.468187	0.646049	-0.760385	0.066597	0.319510	0.348637	0.881116
02833	4.784002	0.724157	9.061819	0.009471	-0.001234	0.004315	-0.693183	-0.547959	0.468229	0.646085	-0.760348	0.066666	0.319487	0.348728	0.881088
02834	4.794471	0.681396	9.020965	-0.008026	-0.003294	0.006485	-0.693275	-0.547869	0.468198	0.645970	-0.760447	0.066657	0.319520	0.348653	0.881106
02835	4.824126	0.663156	9.046091	-0.011075	0.000163	0.009854	-0.693221	-0.547909	0.468231	0.645978	-0.760452	0.066519	0.319621	0.348580	0.881099
02836	4.797010	0.619154	9.025423	-0.009908	0.002287	0.008729	-0.693227	-0.547966	0.468156	0.645992	-0.760444	0.066478	0.319578	0.348510	0.881142
02837	4.777638	0.688550	9.048868	-0.012064	-0.003992	0.013915	-0.693134	-0.548022	0.468228	0.646026	-0.760430	0.066313	0.319714	0.348451	0.881116
02838	4.782111	0.694739	9.026210	-0.023222	-0.006008	0.016944	-0.693061	-0.548082	0.468266	0.646020	-0.760455	0.066072	0.319882	0.348301	0.881114
02839	4.770308	0.697324	8.973297	-0.024925	-0.002457	0.022126	-0.692919	-0.548206	0.468330	0.646069	-0.760441	0.065755	0.320090	0.348137	0.881103
02840	4.823544	0.710756	9.041732	-0.030214	-0.007458	0.023855	-0.692908	-0.548179	0.468378	0.645942	-0.760577	0.065431	0.320370	0.347883	0.881102
02841	4.727567	0.658028	8.980050	-0.041941	-0.008286	0.028608	-0.692706	-0.548332	0.468498	0.645981	-0.760587	0.064934	0.320728	0.347621	0.881075
02842	4.781236	0.669828	9.048373	-0.040289	-0.009941	0.031799	-0.692587	-0.548418	0.468573	0.645945	-0.760656	0.064486	0.321058	0.347334	0.881068
02843	4.728289	0.788997	9.006812	-0.050364	-0.012424	0.039743	-0.692300	-0.548641	0.468736	0.646033	-0.760633	0.063862	0.321499	0.347031	0.881027
02844	4.740080	0.739290	8.965694	-0.065781	-0.017587	0.044920	-0.692072	-0.548787	0.468903	0.645989	-0.760733	0.063106	0.322078	0.346580	0.880992
