// General information: 
//  MT Manager version: 2022.2.0 
//  XDA version: 2022.2.0 build 7381 rev 124627 built on 2023-07-19
// Device information: 
//  DeviceId: 00B4CAF0
//  ProductCode: MTW2-3A7G6
//  Firmware Version: 4.6.0
//  Hardware Version: 2.0.0
// Device settings: 
//  Filter Profile: human(46.1)
//  Option Flags: Orientation Smoother Disabled, Position/Velocity Smoother Disabled, Continuous Zero Rotation Update Disabled, AHS Disabled, ICC Disabled
// Coordinate system: ENU
PacketCounter	Acc_X	Acc_Y	Acc_Z	Gyr_X	Gyr_Y	Gyr_Z	Mat[1][1]	Mat[2][1]	Mat[3][1]	Mat[1][2]	Mat[2][2]	Mat[3][2]	Mat[1][3]	Mat[2][3]	Mat[3][3]
42075	8.767917	-1.296061	4.712272	0.002887	0.051406	0.033919	0.108531	0.477381	0.871968	-0.869087	0.471397	-0.149906	-0.482606	-0.741547	0.466047
42076	8.765012	-1.298947	4.716881	0.004791	0.052599	0.036034	0.108464	0.477939	0.871671	-0.869134	0.471212	-0.150219	-0.482537	-0.741305	0.466502
42077	8.776382	-1.277280	4.741019	0.011121	0.044454	0.037487	0.108375	0.478375	0.871443	-0.869194	0.471020	-0.150469	-0.482448	-0.741146	0.466847
42078	8.795250	-1.229355	4.696957	0.006846	0.046704	0.037782	0.108264	0.478897	0.871170	-0.869253	0.470811	-0.150787	-0.482368	-0.740942	0.467254
42079	8.783087	-1.304543	4.707230	0.007805	0.047176	0.034182	0.108332	0.479241	0.870972	-0.869211	0.470834	-0.150957	-0.482428	-0.740705	0.467568
42080	8.733364	-1.332717	4.626355	0.017092	0.048465	0.036696	0.108239	0.479770	0.870692	-0.869317	0.470554	-0.151217	-0.482257	-0.740540	0.468005
42081	8.742965	-1.351865	4.643284	0.024745	0.050993	0.032907	0.108237	0.480242	0.870432	-0.869430	0.470298	-0.151364	-0.482054	-0.740397	0.468440
42082	8.739754	-1.357616	4.594053	0.038399	0.057538	0.028343	0.108260	0.480799	0.870122	-0.869630	0.469900	-0.151451	-0.481688	-0.740288	0.468988
42083	8.710254	-1.365009	4.567696	0.056303	0.059818	0.020528	0.108492	0.481163	0.869891	-0.869816	0.469612	-0.151274	-0.481300	-0.740234	0.469473
42084	8.682322	-1.329722	4.549560	0.066902	0.071768	0.017784	0.108675	0.481775	0.869530	-0.870141	0.469054	-0.151135	-0.480670	-0.740189	0.470187
42085	8.684934	-1.338979	4.535616	0.075405	0.069245	0.020145	0.108846	0.482321	0.869206	-0.870500	0.468453	-0.150936	-0.479982	-0.740215	0.470850
42086	8.714023	-1.335826	4.608492	0.080682	0.075209	0.018760	0.109036	0.482963	0.868825	-0.870891	0.467788	-0.150739	-0.479228	-0.740217	0.471614
42087	8.738361	-1.284491	4.655913	0.086413	0.080530	0.018750	0.109288	0.483616	0.868431	-0.871293	0.467122	-0.150485	-0.478440	-0.740211	0.472422
42088	8.740435	-1.283508	4.752112	0.080274	0.087338	0.016442	0.109556	0.484336	0.867996	-0.871679	0.466472	-0.150268	-0.477676	-0.740151	0.473290
42089	8.768312	-1.289115	4.718119	0.086287	0.097088	0.015189	0.109927	0.485057	0.867546	-0.872064	0.465849	-0.149964	-0.476886	-0.740070	0.474211
42090	8.717005	-1.302927	4.750981	0.072943	0.096729	0.012122	0.110275	0.485827	0.867071	-0.872409	0.465274	-0.149742	-0.476174	-0.739928	0.475148
42091	8.746233	-1.261965	4.779433	0.082288	0.107496	0.010773	0.110850	0.486463	0.866641	-0.872682	0.464894	-0.149331	-0.475540	-0.739748	0.476061
42092	8.771612	-1.303711	4.794090	0.078512	0.108826	0.003095	0.111334	0.487279	0.866120	-0.873043	0.464322	-0.149004	-0.474765	-0.739571	0.477110
42093	8.713753	-1.315337	4.740468	0.078583	0.118304	-0.000808	0.112075	0.487919	0.865664	-0.873272	0.464053	-0.148497	-0.474169	-0.739317	0.478095
42094	8.661588	-1.327670	4.774857	0.080895	0.114822	-0.003224	0.112641	0.488749	0.865122	-0.873635	0.463495	-0.148101	-0.473364	-0.739119	0.479197
42095	8.735496	-1.315234	4.720114	0.085232	0.120016	-0.010346	0.113438	0.489381	0.864661	-0.873908	0.463173	-0.147495	-0.472669	-0.738903	0.480215
42096	8.709269	-1.318617	4.787362	0.080539	0.124613	-0.017866	0.114176	0.490214	0.864091	-0.874253	0.462689	-0.146973	-0.471854	-0.738653	0.481400
42097	8.709650	-1.323929	4.778908	0.087949	0.134158	-0.021360	0.115073	0.490991	0.863531	-0.874573	0.462293	-0.146309	-0.471041	-0.738386	0.482605
42098	8.739357	-1.242972	4.763917	0.076253	0.156601	-0.028624	0.116054	0.492010	0.862820	-0.874883	0.461895	-0.145712	-0.470224	-0.737956	0.484056
42099	8.601800	-1.270736	4.670729	0.070309	0.162053	-0.031807	0.117131	0.492963	0.862130	-0.875135	0.461625	-0.145057	-0.469489	-0.737489	0.485479
42100	8.538673	-1.358419	4.661248	0.065574	0.168643	-0.036428	0.118235	0.494033	0.861366	-0.875384	0.461345	-0.144444	-0.468747	-0.736947	0.487016
42101	8.539326	-1.321533	4.662855	0.067663	0.172216	-0.038559	0.119452	0.495048	0.860616	-0.875592	0.461169	-0.143745	-0.468050	-0.736377	0.488547
42102	8.582352	-1.293994	4.797925	0.063996	0.172487	-0.037762	0.120583	0.496139	0.859829	-0.875830	0.460909	-0.143127	-0.467314	-0.735805	0.490111
42103	8.614735	-1.260064	4.812010	0.072241	0.180748	-0.038499	0.121771	0.497343	0.858965	-0.876111	0.460577	-0.142474	-0.466478	-0.735200	0.491813
42104	8.676363	-1.265347	4.886118	0.065308	0.183715	-0.041079	0.122981	0.498500	0.858122	-0.876349	0.460325	-0.141819	-0.465712	-0.734574	0.493471
42105	8.664051	-1.163484	4.937707	0.081632	0.193826	-0.044157	0.124265	0.499725	0.857224	-0.876669	0.459953	-0.141049	-0.464768	-0.733974	0.495249
42106	8.615860	-1.188915	4.903047	0.067295	0.198715	-0.044319	0.125570	0.500975	0.856304	-0.876911	0.459704	-0.140355	-0.463961	-0.733278	0.497035
42107	8.544643	-1.264368	4.916875	0.068950	0.200873	-0.050796	0.127011	0.502138	0.855409	-0.877109	0.459573	-0.139543	-0.463193	-0.732564	0.498801
42108	8.526011	-1.328433	4.941779	0.085896	0.191813	-0.051681	0.128346	0.503301	0.854526	-0.877425	0.459227	-0.138691	-0.462225	-0.731982	0.500549
42109	8.578668	-1.360807	5.031240	0.107374	0.183874	-0.065503	0.129853	0.504229	0.853751	-0.877765	0.458925	-0.137538	-0.461158	-0.731533	0.502188
42110	8.643618	-1.235025	5.127007	0.125988	0.185753	-0.078906	0.131395	0.505221	0.852928	-0.878227	0.458425	-0.136250	-0.459841	-0.731162	0.503934
42111	8.652628	-1.290941	5.130760	0.122346	0.188650	-0.093097	0.133066	0.506185	0.852098	-0.878666	0.457996	-0.134856	-0.458520	-0.730764	0.505711
42112	8.588875	-1.286938	5.049344	0.133159	0.196764	-0.108954	0.134918	0.507119	0.851250	-0.879114	0.457599	-0.133273	-0.457117	-0.730365	0.507554
42113	8.591186	-1.067507	5.133931	0.122423	0.193539	-0.112452	0.136961	0.507828	0.850501	-0.879388	0.457560	-0.131593	-0.455981	-0.729897	0.509246
42114	8.583247	-0.921887	5.225573	0.071644	0.203311	-0.105274	0.138807	0.508825	0.849606	-0.879553	0.457596	-0.130352	-0.455103	-0.729180	0.511056
42115	8.639866	-1.011822	5.147899	0.017124	0.212656	-0.099492	0.140741	0.509795	0.848706	-0.879416	0.458141	-0.129360	-0.454774	-0.728159	0.512801
42116	8.618049	-1.075719	5.086628	-0.013717	0.231168	-0.107650	0.142733	0.510978	0.847661	-0.879186	0.458814	-0.128537	-0.454598	-0.726905	0.514732
42117	8.620484	-1.131481	5.059964	-0.020825	0.251238	-0.112052	0.145110	0.512024	0.846625	-0.878741	0.459941	-0.127550	-0.454706	-0.725455	0.516679
42118	8.641252	-1.131599	4.953301	-0.020999	0.279410	-0.124282	0.147467	0.513471	0.845341	-0.878448	0.460755	-0.126626	-0.454513	-0.723915	0.519004
42119	8.607956	-1.135833	4.979015	-0.041435	0.314117	-0.136705	0.150134	0.515039	0.843916	-0.878017	0.461839	-0.125658	-0.454472	-0.722108	0.521551
42120	8.500258	-1.337677	4.826972	-0.010978	0.346273	-0.152326	0.153039	0.516827	0.842300	-0.877721	0.462728	-0.124451	-0.454076	-0.720259	0.524445
42121	8.533839	-1.140936	4.774983	-0.005451	0.385749	-0.172381	0.156556	0.518527	0.840607	-0.877236	0.464066	-0.122880	-0.453814	-0.718173	0.527523
42122	8.560906	-1.399929	4.831614	0.014014	0.429066	-0.198341	0.160236	0.520676	0.838582	-0.876970	0.465020	-0.121160	-0.453043	-0.715997	0.531131
42123	8.450277	-1.419731	4.857989	0.055804	0.483234	-0.231544	0.164693	0.522781	0.836407	-0.876661	0.466216	-0.118780	-0.452042	-0.713682	0.535084
42124	8.460866	-1.523071	4.632487	0.145970	0.530956	-0.278360	0.169524	0.525260	0.833885	-0.876838	0.466659	-0.115691	-0.449907	-0.711570	0.539678
42125	8.468059	-1.445348	4.580923	0.215693	0.592206	-0.321909	0.175221	0.527771	0.831117	-0.877083	0.467161	-0.111741	-0.447239	-0.709379	0.544755
42126	8.241303	-1.499950	4.696004	0.279948	0.650868	-0.357051	0.181249	0.530706	0.827949	-0.877678	0.467092	-0.107266	-0.443655	-0.707231	0.550449
42127	8.243030	-1.201281	4.685902	0.369053	0.712512	-0.385956	0.187826	0.533924	0.824407	-0.878555	0.466615	-0.102039	-0.439162	-0.705121	0.556724
42128	8.150124	-0.902294	4.792087	0.354789	0.771899	-0.395776	0.194672	0.537504	0.820483	-0.879333	0.466262	-0.096817	-0.434600	-0.702630	0.563414
42129	8.372122	-0.627337	4.905918	0.334697	0.836554	-0.405950	0.202017	0.541315	0.816190	-0.879852	0.466353	-0.091521	-0.430175	-0.699638	0.570488
42130	8.413336	-0.608858	5.006689	0.242832	0.937118	-0.413975	0.209668	0.545915	0.811182	-0.880024	0.466933	-0.086778	-0.426142	-0.695665	0.578319
42131	8.177250	-0.998043	5.009736	0.198670	1.021812	-0.423877	0.217959	0.550816	0.805665	-0.879789	0.468221	-0.082100	-0.422451	-0.690921	0.586655
42132	7.990749	-0.974895	5.137599	0.254786	1.104895	-0.448692	0.226545	0.556313	0.799495	-0.879848	0.468975	-0.077013	-0.417787	-0.685987	0.595715
42133	7.875801	-0.997303	5.119113	0.292475	1.158881	-0.478590	0.235780	0.561765	0.792987	-0.879795	0.469969	-0.071343	-0.412757	-0.680845	0.605047
42134	7.818736	-0.903924	5.254352	0.354129	1.202371	-0.513895	0.245225	0.567497	0.786010	-0.879996	0.470493	-0.065147	-0.406783	-0.675710	0.614771
42135	8.116785	-0.577446	5.674178	0.405051	1.269041	-0.549236	0.255404	0.573219	0.778581	-0.880086	0.471230	-0.058235	-0.400272	-0.670345	0.624836
42136	7.793262	-0.469704	5.805085	0.408105	1.336034	-0.573135	0.265746	0.579427	0.770483	-0.880198	0.471833	-0.051245	-0.393232	-0.664559	0.635398
42137	7.769294	-0.339883	6.161632	0.403752	1.359531	-0.579905	0.276476	0.585337	0.762195	-0.879958	0.473003	-0.044056	-0.386309	-0.658520	0.645846
42138	7.961663	0.257486	6.470186	0.468543	1.415694	-0.578410	0.286975	0.591872	0.753215	-0.880106	0.473361	-0.036644	-0.378231	-0.652393	0.656753
42139	8.265448	0.800872	7.165571	0.329799	1.467435	-0.563879	0.297878	0.598269	0.743870	-0.879374	0.475184	-0.030035	-0.371444	-0.645193	0.667649
42140	8.015717	0.694187	7.471604	0.233905	1.543857	-0.526078	0.308183	0.605655	0.733625	-0.878627	0.476875	-0.024596	-0.364744	-0.637003	0.679109
42141	7.869453	0.670557	7.357571	0.195680	1.547221	-0.495237	0.318350	0.612892	0.723198	-0.877615	0.478965	-0.019587	-0.358392	-0.628454	0.690363
42142	7.348305	0.671014	7.423912	0.195682	1.562306	-0.429213	0.327661	0.620576	0.712407	-0.876910	0.480415	-0.015167	-0.351663	-0.619747	0.701603
42143	7.610069	0.881475	7.706928	0.178200	1.489004	-0.356543	0.336120	0.627931	0.701945	-0.876238	0.481745	-0.011371	-0.345298	-0.611249	0.712141
42144	6.962299	0.521517	7.427288	0.140636	1.490790	-0.289205	0.343753	0.635575	0.691287	-0.875723	0.482742	-0.008371	-0.339033	-0.602498	0.722532
42145	6.783949	0.654136	7.580247	0.212467	1.418677	-0.218993	0.351062	0.642428	0.681206	-0.875243	0.483656	-0.005065	-0.332723	-0.594443	0.732074
42146	6.849034	0.594975	8.159058	0.192859	1.328836	-0.160925	0.356848	0.649490	0.671433	-0.875296	0.483580	-0.002580	-0.326367	-0.586782	0.741061
42147	6.975570	0.773833	8.522175	0.245580	1.271017	-0.134527	0.362509	0.655886	0.662119	-0.875344	0.483500	0.000301	-0.319937	-0.579691	0.749399
42148	6.203652	0.843706	8.836222	0.138924	1.206087	-0.085732	0.367084	0.662410	0.653040	-0.875459	0.483288	0.001887	-0.314357	-0.572403	0.757321
42149	6.232393	0.325698	8.581480	0.082135	1.030150	-0.065658	0.371314	0.667607	0.645311	-0.875176	0.483794	0.003070	-0.310149	-0.565901	0.763914
42150	6.061542	0.509385	9.150806	0.138863	0.916604	-0.044076	0.374521	0.672547	0.638290	-0.875427	0.483330	0.004392	-0.305551	-0.560421	0.769784
42151	5.805560	0.332694	8.869278	0.045982	0.783405	-0.022257	0.377722	0.676253	0.632462	-0.875066	0.483976	0.005126	-0.302630	-0.555382	0.774575
42152	5.815138	0.201006	8.736083	0.051811	0.627969	-0.015734	0.379752	0.679643	0.627594	-0.875150	0.483819	0.005602	-0.299834	-0.551367	0.778520
42153	5.836586	0.235803	8.661877	0.053027	0.500595	-0.012670	0.381975	0.681858	0.623831	-0.874851	0.484352	0.006270	-0.297878	-0.548154	0.781534
42154	5.781234	0.108010	8.691054	-0.004882	0.391738	-0.004379	0.383178	0.683969	0.620775	-0.874807	0.484432	0.006234	-0.296459	-0.545447	0.783964
42155	5.824638	-0.055889	8.516897	0.028625	0.270164	0.005919	0.384420	0.685102	0.618754	-0.874589	0.484821	0.006557	-0.295493	-0.543676	0.785558
42156	5.828743	0.176401	8.536775	0.020322	0.186088	-0.002028	0.384988	0.686093	0.617301	-0.874628	0.484748	0.006704	-0.294636	-0.542490	0.786699
42157	6.034716	0.020879	8.296054	0.020208	0.108178	-0.007620	0.385530	0.686477	0.616536	-0.874548	0.484889	0.006975	-0.294163	-0.541879	0.787296
42158	6.039956	0.098380	8.256419	0.022693	0.048981	-0.012627	0.385786	0.686671	0.616159	-0.874553	0.484876	0.007206	-0.293812	-0.541644	0.787588
42159	6.133363	0.088217	8.206727	0.034389	0.001301	-0.018524	0.386087	0.686453	0.616213	-0.874490	0.484983	0.007646	-0.293605	-0.541824	0.787542
42160	6.193817	0.177789	8.083743	0.032609	-0.036264	-0.028649	0.386233	0.686108	0.616507	-0.874462	0.485027	0.008054	-0.293496	-0.542223	0.787308
42161	6.290498	0.141469	8.009092	0.036988	-0.054979	-0.034773	0.386500	0.685517	0.616996	-0.874350	0.485220	0.008605	-0.293480	-0.542796	0.786919
42162	6.309842	0.152808	7.937982	0.050134	-0.065113	-0.039464	0.386655	0.684962	0.617515	-0.874331	0.485242	0.009218	-0.293330	-0.543477	0.786505
42163	6.414879	0.218334	7.871393	0.054134	-0.070277	-0.039985	0.386871	0.684306	0.618107	-0.874282	0.485317	0.009917	-0.293191	-0.544236	0.786032
42164	6.477420	0.249488	7.828105	0.068841	-0.063326	-0.041260	0.387048	0.683751	0.618611	-0.874311	0.485248	0.010688	-0.292871	-0.544995	0.785625
42165	6.479306	0.229939	7.803805	0.069942	-0.049727	-0.042836	0.387352	0.683187	0.619043	-0.874295	0.485258	0.011530	-0.292518	-0.545692	0.785273
42166	6.509489	0.285092	7.792860	0.075774	-0.030623	-0.044110	0.387649	0.682796	0.619289	-0.874333	0.485169	0.012374	-0.292011	-0.546261	0.785066
42167	6.527671	0.326811	7.744504	0.076368	-0.007190	-0.039837	0.388037	0.682488	0.619385	-0.874356	0.485105	0.013246	-0.291427	-0.546703	0.784975
42168	6.562092	0.367626	7.754677	0.070410	0.018631	-0.039669	0.388439	0.682387	0.619244	-0.874394	0.485014	0.014019	-0.290776	-0.546909	0.785073
42169	6.582383	0.349789	7.759518	0.065161	0.047148	-0.036650	0.388993	0.682368	0.618917	-0.874373	0.485029	0.014795	-0.290097	-0.546919	0.785317
42170	6.524146	0.405253	7.791190	0.058560	0.079360	-0.026733	0.389459	0.682662	0.618300	-0.874426	0.484915	0.015396	-0.289313	-0.546654	0.785791
42171	6.575000	0.418183	7.809855	0.051483	0.099827	-0.023421	0.390019	0.683017	0.617554	-0.874433	0.484883	0.015969	-0.288534	-0.546238	0.786367
42172	6.498543	0.386588	7.817241	0.056013	0.125792	-0.025458	0.390606	0.683570	0.616571	-0.874482	0.484776	0.016542	-0.287591	-0.545641	0.787126
42173	6.492726	0.367424	7.772012	0.054127	0.149889	-0.029816	0.391364	0.684161	0.615433	-0.874471	0.484773	0.017180	-0.286591	-0.544902	0.788002
42174	6.457386	0.381890	7.831246	0.036001	0.174667	-0.031522	0.392141	0.684949	0.614061	-0.874438	0.484817	0.017633	-0.285629	-0.543873	0.789062
42175	6.483225	0.378443	7.851254	0.053765	0.194230	-0.038533	0.393097	0.685739	0.612565	-0.874390	0.484878	0.018318	-0.284458	-0.542822	0.790208
42176	6.423598	0.464221	7.877701	0.056985	0.202865	-0.038792	0.394014	0.686640	0.610965	-0.874386	0.484859	0.018981	-0.283198	-0.541698	0.791430
42177	6.431311	0.472771	7.915074	0.038077	0.233460	-0.038245	0.395074	0.687637	0.609157	-0.874294	0.485003	0.019543	-0.282005	-0.540303	0.792809
42178	6.360353	0.429419	7.914451	0.045017	0.237739	-0.036881	0.396067	0.688730	0.607274	-0.874262	0.485038	0.020099	-0.280708	-0.538877	0.794238
42179	6.336711	0.487721	8.004162	0.034118	0.259176	-0.022630	0.397066	0.689928	0.605259	-0.874213	0.485108	0.020538	-0.279446	-0.537280	0.795764
42180	6.269410	0.509257	8.117421	0.019429	0.256197	-0.018162	0.397941	0.691203	0.603226	-0.874182	0.485153	0.020777	-0.278295	-0.535598	0.797300
42181	6.163260	0.440258	8.179307	-0.004737	0.258980	-0.007523	0.398798	0.692463	0.601211	-0.874087	0.485323	0.020817	-0.277367	-0.533813	0.798819
42182	6.160041	0.456478	8.200091	-0.006036	0.241944	-0.002032	0.399487	0.693732	0.599288	-0.874049	0.485393	0.020756	-0.276491	-0.532099	0.800265
42183	6.065494	0.415852	8.246577	-0.007703	0.221694	0.002204	0.400141	0.694841	0.597564	-0.873990	0.485502	0.020705	-0.275732	-0.530550	0.801554
42184	6.078015	0.359163	8.333525	-0.003883	0.193168	0.006547	0.400618	0.695885	0.596028	-0.873993	0.485502	0.020610	-0.275030	-0.529181	0.802699
42185	5.984788	0.278861	8.283799	-0.007404	0.169111	0.009364	0.401085	0.696729	0.594726	-0.873952	0.485578	0.020535	-0.274479	-0.527998	0.803666
42186	5.973816	0.306286	8.313218	0.009027	0.136021	0.008059	0.401390	0.697475	0.593646	-0.873996	0.485499	0.020535	-0.273892	-0.527086	0.804465
42187	5.969784	0.264798	8.318505	0.009727	0.098278	0.005334	0.401693	0.697928	0.592907	-0.873988	0.485510	0.020615	-0.273475	-0.526475	0.805007
42188	5.963553	0.276961	8.395701	0.013600	0.065454	0.002747	0.401850	0.698275	0.592392	-0.874023	0.485444	0.020684	-0.273130	-0.526076	0.805384
42189	5.931882	0.219766	8.333697	0.012514	0.027917	0.001972	0.401993	0.698342	0.592216	-0.874007	0.485468	0.020806	-0.272972	-0.525965	0.805510
42190	5.951502	0.293439	8.380356	0.022976	-0.007846	-0.003706	0.402006	0.698272	0.592290	-0.874042	0.485397	0.020988	-0.272841	-0.526124	0.805451
42191	5.993100	0.275034	8.315953	0.020639	-0.038821	-0.008929	0.402064	0.697934	0.592649	-0.874003	0.485456	0.021241	-0.272880	-0.526517	0.805181
42192	6.040125	0.312572	8.290456	0.020304	-0.062261	-0.012969	0.402010	0.697532	0.593159	-0.873993	0.485464	0.021456	-0.272990	-0.527042	0.804800
42193	6.008245	0.226936	8.234546	0.032070	-0.080638	-0.011739	0.401960	0.696970	0.593853	-0.873984	0.485466	0.021809	-0.273094	-0.527784	0.804278
42194	6.077474	0.309986	8.232174	0.036537	-0.102799	-0.013629	0.401801	0.696350	0.594688	-0.874016	0.485392	0.022159	-0.273226	-0.528670	0.803651
42195	6.102236	0.302767	8.210440	0.048013	-0.120667	-0.014000	0.401662	0.695560	0.595704	-0.874041	0.485323	0.022658	-0.273349	-0.529771	0.802884
42196	6.141390	0.382315	8.214987	0.051243	-0.131960	-0.013311	0.401420	0.694784	0.596772	-0.874115	0.485169	0.023124	-0.273469	-0.530929	0.802078
42197	6.111408	0.384883	8.124851	0.052675	-0.143342	-0.014398	0.401222	0.693872	0.597965	-0.874151	0.485078	0.023658	-0.273644	-0.532203	0.801173
42198	6.182592	0.425476	8.150288	0.059580	-0.150730	-0.010495	0.400904	0.693007	0.599181	-0.874259	0.484858	0.024173	-0.273766	-0.533530	0.800249
42199	6.203436	0.433244	8.106793	0.060289	-0.164232	-0.007091	0.400592	0.692012	0.600538	-0.874341	0.484682	0.024724	-0.273960	-0.534979	0.799214
42200	6.249662	0.443256	8.086603	0.058299	-0.167754	-0.004952	0.400178	0.691078	0.601888	-0.874468	0.484429	0.025195	-0.274160	-0.536414	0.798183
42201	6.240169	0.473640	8.072150	0.060013	-0.167368	0.000413	0.399786	0.690098	0.603271	-0.874582	0.484195	0.025700	-0.274366	-0.537885	0.797122
42202	6.261479	0.463966	8.079873	0.050126	-0.172772	0.007391	0.399250	0.689191	0.604661	-0.874736	0.483900	0.026030	-0.274655	-0.539312	0.796057
42203	6.277654	0.495283	8.088695	0.048006	-0.179718	0.013496	0.398711	0.688203	0.606140	-0.874869	0.483642	0.026356	-0.275016	-0.540802	0.794921
42204	6.307488	0.486403	8.062334	0.039059	-0.175859	0.011721	0.398127	0.687296	0.607552	-0.875010	0.483375	0.026571	-0.275413	-0.542193	0.793835
42205	6.312063	0.474219	8.012416	0.031790	-0.175329	0.015676	0.397584	0.686332	0.608996	-0.875105	0.483193	0.026761	-0.275896	-0.543575	0.792722
42206	6.358798	0.480296	7.991290	0.027289	-0.173099	0.018442	0.396947	0.685467	0.610384	-0.875240	0.482943	0.026840	-0.276383	-0.544887	0.791651
42207	6.366854	0.522816	7.981791	0.019875	-0.168338	0.020563	0.396380	0.684559	0.611769	-0.875320	0.482794	0.026903	-0.276942	-0.546157	0.790579
42208	6.372592	0.520533	8.004808	0.013435	-0.161666	0.023425	0.395730	0.683776	0.613064	-0.875437	0.482586	0.026842	-0.277503	-0.547321	0.789577
42209	6.408105	0.510103	7.945974	0.003131	-0.154066	0.028600	0.395133	0.682981	0.614334	-0.875501	0.482477	0.026721	-0.278152	-0.548409	0.788593
42210	6.395614	0.489776	7.964833	-0.004411	-0.153634	0.023688	0.394500	0.682240	0.615563	-0.875569	0.482366	0.026517	-0.278835	-0.549429	0.787641
42211	6.397718	0.473445	7.916652	-0.006660	-0.148085	0.029514	0.393901	0.681480	0.616787	-0.875613	0.482296	0.026314	-0.279541	-0.550432	0.786690
42212	6.349891	0.419478	7.926310	-0.010857	-0.146658	0.030211	0.393229	0.680805	0.617960	-0.875688	0.482175	0.026019	-0.280251	-0.551372	0.785779
42213	6.384528	0.472967	8.013881	-0.007532	-0.153626	0.037874	0.392534	0.680055	0.619227	-0.875766	0.482048	0.025755	-0.280982	-0.552408	0.784789
42214	6.341988	0.490421	8.010760	-0.011700	-0.168109	0.042808	0.391689	0.679319	0.620569	-0.875887	0.481848	0.025375	-0.281782	-0.553487	0.783742
42215	6.334069	0.495693	8.048569	-0.020170	-0.184885	0.048762	0.390828	0.678434	0.622078	-0.875959	0.481739	0.024950	-0.282752	-0.554666	0.782557
42216	6.330897	0.430239	8.063703	-0.022151	-0.204320	0.055115	0.389769	0.677552	0.623701	-0.876098	0.481515	0.024411	-0.283782	-0.555938	0.781281
42217	6.376579	0.455174	8.093255	-0.023753	-0.228798	0.061155	0.388668	0.676476	0.625553	-0.876208	0.481340	0.023881	-0.284949	-0.557397	0.779816
42218	6.372028	0.430815	8.106889	-0.020159	-0.257344	0.065265	0.387365	0.675341	0.627585	-0.876390	0.481038	0.023292	-0.286163	-0.559032	0.778199
42219	6.400751	0.426384	8.056252	-0.040851	-0.275454	0.065818	0.386085	0.674020	0.629790	-0.876465	0.480935	0.022597	-0.287657	-0.560713	0.776437
42220	6.460626	0.397717	7.973394	-0.034639	-0.297486	0.074127	0.384581	0.672692	0.632125	-0.876637	0.480657	0.021837	-0.289145	-0.562543	0.774558
42221	6.485200	0.389967	7.953804	-0.037225	-0.312204	0.076918	0.383072	0.671216	0.634606	-0.876772	0.480443	0.021094	-0.290734	-0.564486	0.772548
42222	6.537864	0.428377	7.923983	-0.037321	-0.324427	0.080575	0.381423	0.669755	0.637138	-0.876957	0.480140	0.020271	-0.292339	-0.566474	0.770483
42223	6.579242	0.408247	7.886763	-0.039134	-0.340975	0.084294	0.379752	0.668142	0.639824	-0.877112	0.479891	0.019459	-0.294044	-0.568587	0.768275
42224	6.579772	0.299394	7.799768	-0.042621	-0.345919	0.083955	0.377999	0.666561	0.642505	-0.877290	0.479600	0.018571	-0.295767	-0.570684	0.766056
42225	6.623934	0.262903	7.813212	-0.032663	-0.353005	0.085542	0.376278	0.664863	0.645269	-0.877460	0.479319	0.017803	-0.297453	-0.572896	0.763748
42226	6.668563	0.331994	7.709644	-0.022829	-0.365227	0.077878	0.374509	0.663126	0.648079	-0.877670	0.478960	0.017103	-0.299063	-0.575205	0.761381
42227	6.702227	0.282737	7.683260	-0.026194	-0.369584	0.084852	0.372732	0.661314	0.650949	-0.877853	0.478650	0.016384	-0.300742	-0.577545	0.758944
42228	6.737675	0.331852	7.698530	-0.001849	-0.369275	0.083224	0.370891	0.659561	0.653773	-0.878142	0.478139	0.015806	-0.302169	-0.579967	0.756526
42229	6.740499	0.332119	7.757566	-0.034909	-0.367852	0.080208	0.369149	0.657715	0.656613	-0.878277	0.477915	0.015051	-0.303906	-0.582244	0.754078
42230	6.712037	0.124851	7.604433	-0.027070	-0.375640	0.072615	0.367370	0.655856	0.659463	-0.878447	0.477624	0.014348	-0.305565	-0.584575	0.751600
42231	6.734197	0.186275	7.634981	-0.006716	-0.382683	0.071602	0.365625	0.653881	0.662388	-0.878644	0.477276	0.013848	-0.307087	-0.587066	0.749033
42232	6.802040	0.267579	7.690573	0.011444	-0.393838	0.065410	0.363842	0.651862	0.665353	-0.878903	0.476809	0.013478	-0.308461	-0.589685	0.746407
42233	6.760247	0.268603	7.669970	-0.013555	-0.407811	0.060917	0.362110	0.649662	0.668443	-0.879033	0.476584	0.012998	-0.310125	-0.592290	0.743650
42234	6.816078	0.212363	7.589494	-0.008006	-0.422872	0.055617	0.360310	0.647402	0.671601	-0.879194	0.476299	0.012545	-0.311761	-0.594987	0.740807
42235	6.879929	0.282388	7.569588	-0.004558	-0.437211	0.050722	0.358559	0.644957	0.674882	-0.879314	0.476086	0.012196	-0.313436	-0.597806	0.737825
42236	6.859096	0.299981	7.550154	-0.008910	-0.453387	0.050914	0.356690	0.642469	0.678238	-0.879453	0.475840	0.011765	-0.315174	-0.600675	0.734748
42237	6.921941	0.202158	7.463544	-0.016231	-0.471548	0.048678	0.354844	0.639770	0.681748	-0.879520	0.475726	0.011349	-0.317064	-0.603638	0.731499
42238	6.966536	0.279423	7.524172	0.001894	-0.485637	0.053246	0.352835	0.637070	0.685310	-0.879700	0.475403	0.010979	-0.318804	-0.606740	0.728169
42239	6.998447	0.336236	7.405829	0.001817	-0.502728	0.059699	0.350763	0.634219	0.689007	-0.879868	0.475099	0.010606	-0.320620	-0.609956	0.724677
42240	7.028218	0.327656	7.438312	0.009203	-0.520648	0.066902	0.348504	0.631338	0.692790	-0.880116	0.474649	0.010191	-0.322398	-0.613287	0.721068
42241	7.099074	0.396931	7.409867	-0.001399	-0.529032	0.076099	0.346216	0.628345	0.696647	-0.880309	0.474302	0.009691	-0.324332	-0.616619	0.717349
42242	7.129136	0.334837	7.332184	-0.017250	-0.542395	0.083620	0.343719	0.625374	0.700546	-0.880525	0.473914	0.008964	-0.326393	-0.619930	0.713550
42243	7.255629	0.265221	7.298221	-0.028415	-0.547126	0.083761	0.341275	0.622266	0.704497	-0.880657	0.473684	0.008216	-0.328596	-0.623224	0.709659
42244	7.187745	0.302331	7.285371	0.014352	-0.548565	0.085646	0.338716	0.619229	0.708398	-0.880979	0.473092	0.007694	-0.330373	-0.626690	0.705772
42245	7.310892	0.438888	7.384217	-0.011448	-0.559857	0.091495	0.336122	0.616062	0.712383	-0.881199	0.472694	0.006992	-0.332432	-0.630101	0.701756
42246	7.294577	0.263995	7.170944	-0.026801	-0.556956	0.098952	0.333396	0.612996	0.716298	-0.881425	0.472285	0.006079	-0.334571	-0.633390	0.697768
42247	7.383252	0.205499	7.095677	-0.013172	-0.570831	0.098008	0.330684	0.609752	0.720313	-0.881654	0.471867	0.005312	-0.336653	-0.636823	0.693629
42248	7.414631	0.258793	6.970222	0.016412	-0.564471	0.105949	0.327847	0.606632	0.724234	-0.882042	0.471148	0.004642	-0.338405	-0.640326	0.689539
42249	7.417833	0.334579	6.913074	0.031694	-0.580160	0.114586	0.324929	0.603364	0.728267	-0.882476	0.470340	0.004058	-0.340085	-0.643996	0.685282
42250	7.563968	0.418602	6.952309	0.034280	-0.571929	0.126119	0.321870	0.600248	0.732190	-0.882984	0.469390	0.003354	-0.341670	-0.647592	0.681092
42251	7.581241	0.483046	6.843371	0.021295	-0.559041	0.141455	0.318795	0.597178	0.736036	-0.883444	0.468530	0.002503	-0.343360	-0.651044	0.676938
42252	7.560597	0.352297	6.807028	-0.014533	-0.563839	0.160557	0.315439	0.594233	0.739855	-0.883887	0.467699	0.001203	-0.345314	-0.654328	0.672765
42253	7.554540	0.212288	6.685151	-0.001598	-0.550549	0.169597	0.312109	0.591320	0.743592	-0.884356	0.466813	-0.000027	-0.347134	-0.657592	0.668634
42254	7.689202	0.303958	6.706767	0.015849	-0.540098	0.176852	0.308669	0.588568	0.747202	-0.884944	0.465695	-0.001257	-0.348708	-0.660844	0.664596
42255	7.688204	0.259438	6.662174	0.015044	-0.526614	0.189435	0.305225	0.585861	0.750736	-0.885522	0.464591	-0.002533	-0.350269	-0.664020	0.660598
42256	7.696215	0.311345	6.660049	0.007234	-0.513562	0.200947	0.301646	0.583359	0.754123	-0.886141	0.463399	-0.004014	-0.351801	-0.667048	0.656721
42257	7.668801	0.223466	6.562070	0.010358	-0.514692	0.213696	0.298000	0.580826	0.757521	-0.886769	0.462180	-0.005530	-0.353323	-0.670098	0.652788
42258	7.780955	0.227807	6.525939	0.012607	-0.505433	0.222299	0.294242	0.578441	0.760807	-0.887455	0.460838	-0.007151	-0.354746	-0.673078	0.648938
42259	7.823844	0.083449	6.512843	0.028179	-0.511457	0.220561	0.290558	0.575896	0.764146	-0.888133	0.459506	-0.008603	-0.356085	-0.676164	0.644986
42260	7.779123	0.159622	6.495825	0.025656	-0.485982	0.224650	0.286832	0.573618	0.767262	-0.888857	0.458073	-0.010174	-0.357297	-0.679067	0.641254
42261	7.927103	0.191971	6.496219	0.015974	-0.494364	0.226970	0.283096	0.571209	0.770439	-0.889519	0.456746	-0.011783	-0.358626	-0.681985	0.637404
42262	7.750028	0.154592	6.541894	0.018786	-0.481354	0.235464	0.279275	0.568977	0.773480	-0.890232	0.455307	-0.013497	-0.359850	-0.684807	0.633677
42263	7.979468	0.164172	6.506311	-0.005158	-0.474408	0.239594	0.275499	0.566732	0.776476	-0.890826	0.454085	-0.015355	-0.361288	-0.687475	0.629960
42264	7.896702	0.205533	6.490254	-0.029857	-0.474137	0.246196	0.271592	0.564566	0.779424	-0.891375	0.452930	-0.017472	-0.362889	-0.690014	0.626252
42265	7.963929	0.094430	6.533323	-0.076656	-0.475750	0.255097	0.267668	0.562330	0.782393	-0.891724	0.452143	-0.019898	-0.364942	-0.692352	0.622467
42266	7.997306	0.029070	6.458022	-0.074964	-0.480754	0.259148	0.263601	0.560150	0.785332	-0.892121	0.451240	-0.022409	-0.366926	-0.694705	0.618669
42267	8.018256	0.013149	6.472643	-0.087822	-0.471450	0.259383	0.259596	0.557971	0.788212	-0.892440	0.450474	-0.024965	-0.368999	-0.696951	0.614897
42268	8.134667	0.109283	6.561567	-0.109142	-0.483143	0.260159	0.255490	0.555753	0.791116	-0.892690	0.449820	-0.027702	-0.371255	-0.699143	0.611039
42269	8.070926	0.000928	6.555208	-0.173588	-0.462725	0.262513	0.251530	0.553569	0.793911	-0.892631	0.449736	-0.030780	-0.374089	-0.700927	0.607255
42270	8.228446	-0.071085	6.354554	-0.209835	-0.474218	0.247832	0.247540	0.551338	0.796712	-0.892444	0.449872	-0.034034	-0.377183	-0.702596	0.603400
42271	7.979692	-0.108148	6.361029	-0.258510	-0.454097	0.247909	0.243666	0.549187	0.799387	-0.892029	0.450417	-0.037537	-0.380672	-0.703930	0.599642
42272	8.175902	-0.359619	6.266078	-0.301430	-0.465779	0.225254	0.239879	0.546904	0.802094	-0.891403	0.451338	-0.041155	-0.384524	-0.705117	0.595779
42273	8.027775	-0.286529	6.192017	-0.272503	-0.454020	0.213275	0.236302	0.544556	0.804748	-0.890801	0.452217	-0.044436	-0.388118	-0.706370	0.591951
42274	8.145913	-0.318020	6.167152	-0.292110	-0.464698	0.194667	0.232760	0.542135	0.807411	-0.890101	0.453257	-0.047741	-0.391846	-0.707565	0.588055
42275	8.084003	-0.272457	6.001290	-0.272649	-0.458932	0.188448	0.229345	0.539648	0.810050	-0.889411	0.454275	-0.050820	-0.395410	-0.708812	0.584154
42276	8.061409	-0.160395	6.065427	-0.315631	-0.465491	0.189746	0.225812	0.537191	0.812671	-0.888571	0.455525	-0.054209	-0.399313	-0.709875	0.580195
42277	8.122333	-0.362138	6.149452	-0.372397	-0.453083	0.179121	0.222455	0.534709	0.815230	-0.887435	0.457297	-0.057782	-0.403699	-0.710610	0.576248
42278	7.995520	-0.599771	6.103417	-0.358004	-0.433543	0.148108	0.219386	0.532287	0.817643	-0.886292	0.459084	-0.061060	-0.407868	-0.711275	0.572479
42279	7.617580	-0.705656	6.142448	-0.319491	-0.388694	0.107698	0.216922	0.529929	0.819829	-0.885155	0.460912	-0.063722	-0.411637	-0.711853	0.569052
42280	7.205833	-0.641576	6.659607	-0.273208	-0.326957	0.049358	0.215138	0.527811	0.821664	-0.884115	0.462629	-0.065689	-0.414797	-0.712313	0.566175
42281	6.536079	-0.108642	7.464534	-0.168871	-0.175522	-0.053139	0.214960	0.526226	0.822726	-0.883237	0.464237	-0.066162	-0.416756	-0.712440	0.564574
42282	5.326059	1.094677	8.344603	-0.124365	0.033407	-0.217739	0.217025	0.525433	0.822691	-0.882229	0.466300	-0.065084	-0.417818	-0.711677	0.564751
42283	5.554907	2.840219	9.039071	-0.110294	0.212703	-0.557338	0.222917	0.524234	0.821880	-0.880475	0.470143	-0.061069	-0.418415	-0.710031	0.566378
42284	5.023713	2.509558	9.449788	-0.434122	0.543267	-0.835848	0.232545	0.524099	0.819294	-0.876731	0.477628	-0.056689	-0.421029	-0.705118	0.570564
42285	4.276121	1.486122	8.674251	-0.391044	0.694934	-1.096327	0.245117	0.523636	0.815918	-0.872426	0.486189	-0.049932	-0.422837	-0.699589	0.576007
42286	3.723989	1.312928	8.494247	-0.414952	0.795368	-1.257457	0.259429	0.522984	0.811902	-0.867477	0.495692	-0.042112	-0.424477	-0.693381	0.582274
42287	3.730477	0.836783	8.397141	-0.408129	0.846309	-1.362753	0.274886	0.521934	0.807479	-0.862048	0.505723	-0.033423	-0.425805	-0.686899	0.588948
42288	4.298868	0.555791	8.763843	-0.451047	0.876634	-1.424121	0.290863	0.520629	0.802710	-0.856077	0.516261	-0.024641	-0.427237	-0.680014	0.595860
42289	4.821846	0.162517	8.971192	-0.465525	0.974346	-1.424518	0.307228	0.519786	0.797141	-0.849796	0.526868	-0.016029	-0.428320	-0.672483	0.603580
42290	5.281790	-0.045475	9.215670	-0.515004	1.079489	-1.365072	0.323415	0.519717	0.790757	-0.843263	0.537436	-0.008335	-0.429313	-0.664120	0.612074
42291	5.542303	-0.487627	9.238471	-0.549166	1.198649	-1.266533	0.339135	0.520876	0.783375	-0.836770	0.547551	-0.001823	-0.429887	-0.654886	0.621547
42292	5.712501	-0.857115	9.176907	-0.523661	1.306275	-1.135161	0.354216	0.523081	0.775189	-0.830564	0.556911	0.003728	-0.429761	-0.645164	0.631718
42293	5.788676	-0.968461	9.248160	-0.440775	1.407242	-0.987569	0.368402	0.526614	0.766132	-0.825134	0.564873	0.008498	-0.428292	-0.635292	0.642627
42294	6.039298	-0.829517	9.228010	-0.369277	1.502880	-0.836651	0.381706	0.531314	0.756311	-0.820399	0.571656	0.012458	-0.425731	-0.625232	0.654094
42295	6.031516	-0.631714	9.314101	-0.309412	1.594483	-0.678322	0.393878	0.537523	0.745606	-0.816575	0.577035	0.015371	-0.421979	-0.614898	0.666210
42296	6.031237	-0.420855	9.219629	-0.273321	1.666539	-0.530121	0.405196	0.544594	0.734325	-0.813289	0.581599	0.017440	-0.417585	-0.604285	0.678574
42297	6.106047	-0.158484	9.163048	-0.235341	1.710278	-0.399863	0.415414	0.552708	0.722458	-0.810777	0.585059	0.018606	-0.412397	-0.593481	0.691165
42298	6.342136	0.150980	9.117847	-0.183980	1.751183	-0.298425	0.425004	0.561239	0.710199	-0.808750	0.587832	0.019442	-0.406566	-0.582636	0.703733
42299	6.439428	0.515232	9.118331	-0.138951	1.780017	-0.229950	0.433897	0.570379	0.697425	-0.807315	0.589785	0.019917	-0.399970	-0.571683	0.716381
42300	6.337387	0.880260	8.929878	-0.094353	1.799157	-0.186467	0.442536	0.579449	0.684398	-0.806104	0.591418	0.020505	-0.392884	-0.560770	0.728820
42301	6.377776	1.136154	8.810284	-0.069364	1.777008	-0.168290	0.450609	0.588646	0.671154	-0.805226	0.592601	0.020874	-0.385439	-0.549836	0.741024
42302	6.368445	1.509059	8.828007	-0.040105	1.743769	-0.168258	0.458620	0.597129	0.658107	-0.804289	0.593843	0.021672	-0.377872	-0.539247	0.752613
42303	6.576942	1.708295	8.780351	-0.050975	1.705047	-0.178458	0.466348	0.605346	0.645040	-0.803335	0.595110	0.022303	-0.370368	-0.528584	0.763824
42304	6.715456	1.828648	8.783905	-0.029411	1.670813	-0.206856	0.474136	0.612844	0.632153	-0.802236	0.596549	0.023376	-0.362785	-0.518220	0.774491
42305	6.759245	1.947263	8.771734	-0.014554	1.635585	-0.244116	0.481955	0.619842	0.619287	-0.801033	0.598109	0.024753	-0.355058	-0.507998	0.784775
42306	6.797189	2.052240	8.648053	-0.005220	1.593793	-0.289254	0.489870	0.626112	0.606639	-0.799591	0.599962	0.026462	-0.347393	-0.498026	0.794537
42307	6.806698	2.101014	8.594917	0.011313	1.531962	-0.343351	0.497875	0.631656	0.594249	-0.797944	0.602053	0.028585	-0.339713	-0.488409	0.803773
42308	6.833390	2.133844	8.484342	0.010896	1.462686	-0.388413	0.505888	0.636375	0.582326	-0.796014	0.604487	0.030934	-0.332323	-0.479189	0.812366
42309	6.786123	2.075849	8.369055	0.017823	1.377967	-0.436242	0.513891	0.640316	0.570887	-0.793853	0.607182	0.033572	-0.325135	-0.470453	0.820342
42310	6.934526	2.031669	8.336335	0.014888	1.286614	-0.472999	0.521783	0.643423	0.560133	-0.791435	0.610172	0.036345	-0.318392	-0.462273	0.827605
42311	7.083536	1.919578	8.415161	0.028320	1.208715	-0.499597	0.529552	0.645937	0.549854	-0.788896	0.613267	0.039336	-0.311799	-0.454608	0.834334
42312	7.330044	1.830216	8.433170	0.053785	1.158250	-0.522944	0.537247	0.647932	0.539953	-0.786255	0.616431	0.042611	-0.305235	-0.447433	0.840616
42313	7.514456	1.897224	8.535605	0.074568	1.134356	-0.536091	0.544899	0.649671	0.530106	-0.783570	0.619590	0.046098	-0.298500	-0.440494	0.846678
42314	7.468711	2.018025	8.486561	0.072748	1.131470	-0.536129	0.552435	0.651273	0.520249	-0.780827	0.622783	0.049505	-0.291761	-0.433573	0.852578
42315	7.287691	1.973708	8.306110	0.037159	1.112283	-0.520754	0.559732	0.652805	0.510436	-0.778020	0.626041	0.052504	-0.285279	-0.426518	0.858311
42316	6.995401	1.836332	8.008794	-0.005221	1.072266	-0.487973	0.566552	0.654265	0.500955	-0.775242	0.629274	0.054900	-0.279319	-0.419465	0.863730
42317	6.779436	1.542315	7.789525	-0.011108	1.008566	-0.460815	0.572944	0.655542	0.491935	-0.772559	0.632371	0.057096	-0.273657	-0.412762	0.868758
42318	6.724192	1.332165	7.632172	0.027156	0.944030	-0.428990	0.578814	0.656678	0.483476	-0.770146	0.635096	0.059398	-0.268048	-0.406727	0.873340
42319	6.661331	1.306763	7.517959	0.073913	0.888506	-0.401869	0.584305	0.657685	0.475435	-0.767970	0.637479	0.061982	-0.262315	-0.401337	0.877565
42320	6.587631	1.419370	7.475742	0.106656	0.838145	-0.370338	0.589324	0.658651	0.467843	-0.766058	0.639512	0.064639	-0.256616	-0.396488	0.881445
42321	6.507115	1.407725	7.437651	0.117071	0.781855	-0.346915	0.594015	0.659473	0.460697	-0.764261	0.641386	0.067301	-0.251102	-0.392071	0.885002
42322	6.490612	1.384903	7.398105	0.127649	0.741745	-0.325747	0.598348	0.660261	0.453911	-0.762621	0.643059	0.069895	-0.245742	-0.387983	0.888302
42323	6.478020	1.362069	7.356502	0.147731	0.714910	-0.313607	0.602534	0.660951	0.447322	-0.761046	0.644617	0.072647	-0.240336	-0.384205	0.891418
42324	6.455239	1.333613	7.345149	0.164817	0.702815	-0.304762	0.606525	0.661659	0.440835	-0.759581	0.646023	0.075443	-0.234872	-0.380608	0.894412
42325	6.329335	1.331047	7.294212	0.185215	0.694712	-0.295952	0.610450	0.662313	0.434388	-0.758151	0.647345	0.078428	-0.229255	-0.377208	0.897305
42326	6.291778	1.285552	7.212156	0.201448	0.681258	-0.289356	0.614188	0.662984	0.428047	-0.756821	0.648526	0.081458	-0.223595	-0.373986	0.900078
42327	6.200245	1.190581	7.113499	0.219654	0.661314	-0.277576	0.617821	0.663570	0.421868	-0.755530	0.649622	0.084654	-0.217880	-0.371035	0.902697
42328	6.197615	1.111674	6.995823	0.246464	0.633412	-0.260841	0.621156	0.664203	0.415931	-0.754430	0.650462	0.087946	-0.212133	-0.368419	0.905134
42329	4.784221	3.419084	5.616330	0.573165	0.260475	-0.338881	0.624337	0.662873	0.413283	-0.753445	0.650673	0.094584	-0.206215	-0.370438	0.905677
42330	6.501524	2.239245	6.080464	-0.727967	-0.179012	-0.066213	0.624464	0.661769	0.414857	-0.751492	0.653815	0.088236	-0.212848	-0.366862	0.905598
42331	7.659155	-0.978964	4.440327	-0.909379	-0.305328	-0.185609	0.625286	0.659329	0.417495	-0.748270	0.658452	0.080831	-0.221606	-0.362941	0.905077
42332	8.608846	0.007508	5.719433	-0.027192	-0.356687	-0.280644	0.626593	0.656167	0.420506	-0.746438	0.660417	0.081732	-0.224080	-0.365094	0.903601
42333	8.238149	1.324211	5.962842	-0.296207	-0.469247	-0.329250	0.628083	0.652148	0.424517	-0.743604	0.663755	0.080511	-0.229270	-0.366241	0.901833
42334	8.446193	0.690214	5.403430	-0.443643	-0.564802	-0.368395	0.629506	0.647612	0.429327	-0.740240	0.667796	0.078059	-0.236150	-0.366943	0.899770
42335	8.723434	1.063642	5.561300	-0.567147	-0.645648	-0.397603	0.631000	0.642432	0.434879	-0.736261	0.672556	0.074755	-0.244455	-0.367355	0.897381
42336	9.077083	0.500979	5.163528	-0.746032	-0.757694	-0.445107	0.632379	0.636630	0.441360	-0.731571	0.678163	0.069992	-0.254755	-0.367148	0.894596
42337	8.710180	0.517357	5.585045	-0.848340	-0.811526	-0.537847	0.634306	0.629819	0.448313	-0.725829	0.684807	0.064895	-0.266135	-0.366562	0.891518
42338	8.534433	0.789813	7.006407	-0.925831	-0.818522	-0.630064	0.636635	0.622472	0.455219	-0.719289	0.692160	0.059474	-0.278064	-0.365298	0.888391
42339	11.847615	2.451958	12.719435	-1.060497	-0.686987	-0.440212	0.637964	0.616722	0.461146	-0.713331	0.698882	0.052181	-0.290105	-0.362239	0.885789
42340	11.391006	-4.924024	16.151800	-3.008592	0.226115	0.223356	0.637060	0.619074	0.459240	-0.705708	0.708081	0.024441	-0.310049	-0.339660	0.887976
42341	3.147472	-12.129312	5.233366	-1.534553	0.602503	-0.048141	0.639413	0.620543	0.453956	-0.700446	0.713619	0.011109	-0.317058	-0.325075	0.890955
42342	1.699632	-3.918279	8.041239	1.469520	0.147347	0.045553	0.639555	0.621340	0.452666	-0.705295	0.708508	0.023971	-0.305824	-0.334594	0.891358
42343	5.233596	-0.663213	11.160898	0.026109	-0.223502	0.033136	0.638731	0.620679	0.454732	-0.705476	0.708324	0.024119	-0.307127	-0.336208	0.890302
