// General information: 
//  MT Manager version: 2022.2.0 
//  XDA version: 2022.2.0 build 7381 rev 124627 built on 2023-07-19
// Device information: 
//  DeviceId: 00B4CAF0
//  ProductCode: MTW2-3A7G6
//  Firmware Version: 4.6.0
//  Hardware Version: 2.0.0
// Device settings: 
//  Filter Profile: human(46.1)
//  Option Flags: Orientation Smoother Disabled, Position/Velocity Smoother Disabled, Continuous Zero Rotation Update Disabled, AHS Disabled, ICC Disabled
// Coordinate system: ENU
PacketCounter	Acc_X	Acc_Y	Acc_Z	Gyr_X	Gyr_Y	Gyr_Z	Mat[1][1]	Mat[2][1]	Mat[3][1]	Mat[1][2]	Mat[2][2]	Mat[3][2]	Mat[1][3]	Mat[2][3]	Mat[3][3]
60118	4.875351	0.211421	9.036573	0.003777	0.012256	0.004944	0.773143	0.417994	0.477002	-0.477806	0.878453	0.004663	-0.417075	-0.231520	0.878890
60119	4.825727	0.177953	9.046446	-0.000537	0.008775	0.001888	0.773144	0.418032	0.476967	-0.477810	0.878451	0.004602	-0.417069	-0.231458	0.878909
60120	4.850558	0.094232	9.071682	0.010373	0.012391	0.002004	0.773244	0.418128	0.476721	-0.477938	0.878381	0.004798	-0.416737	-0.231553	0.879041
60121	4.839733	0.194607	9.057951	0.017712	0.013223	0.000670	0.773269	0.418166	0.476647	-0.478008	0.878342	0.004903	-0.416609	-0.231633	0.879081
60122	4.842397	0.153944	9.056224	0.011174	0.014756	-0.003342	0.773486	0.418031	0.476413	-0.477871	0.878415	0.005084	-0.416364	-0.231596	0.879207
60123	4.821382	0.182454	9.048673	0.021078	0.006533	-0.001374	0.773494	0.418035	0.476398	-0.477939	0.878377	0.005228	-0.416271	-0.231733	0.879214
60124	4.840321	0.169221	9.097674	0.017068	0.010154	-0.003056	0.774055	0.417241	0.476183	-0.477047	0.878861	0.005385	-0.416252	-0.231330	0.879330
60125	4.872124	0.177386	9.037892	0.019498	0.014608	0.001386	0.774083	0.417287	0.476096	-0.477130	0.878816	0.005502	-0.416104	-0.231419	0.879376
60126	4.878435	0.107207	9.074396	0.022825	0.011954	-0.005489	0.774896	0.416063	0.475844	-0.475765	0.879554	0.005713	-0.416153	-0.230816	0.879511
60127	4.857089	0.136919	9.066986	0.032152	0.016537	-0.006476	0.774970	0.416044	0.475739	-0.475838	0.879512	0.005979	-0.415931	-0.231009	0.879566
60128	4.851715	0.170561	9.029642	0.038011	0.023069	-0.007171	0.775660	0.415146	0.475400	-0.474898	0.880018	0.006359	-0.415721	-0.230699	0.879747
60129	4.826944	0.240114	9.084636	0.037170	0.024732	-0.006670	0.775769	0.415144	0.475223	-0.474990	0.879966	0.006671	-0.415411	-0.230901	0.879840
60130	4.782868	0.312699	9.050332	0.035687	0.023331	-0.009886	0.776036	0.415028	0.474889	-0.474983	0.879966	0.007145	-0.414920	-0.231109	0.880017
60131	4.765344	0.288891	9.000232	0.029226	0.016798	-0.004224	0.776101	0.415030	0.474781	-0.475061	0.879922	0.007376	-0.414709	-0.231274	0.880073
60132	4.795754	0.333391	9.062228	0.018014	0.013195	-0.001847	0.776971	0.413867	0.474373	-0.473779	0.880610	0.007709	-0.414547	-0.230738	0.880290
60133	4.780312	0.304917	9.071517	0.018554	0.011525	0.000130	0.776994	0.413894	0.474312	-0.473846	0.880573	0.007825	-0.414428	-0.230830	0.880322
60134	4.817832	0.267305	9.069050	0.008183	0.006254	0.002003	0.777814	0.412717	0.473994	-0.472510	0.881289	0.008021	-0.414415	-0.230206	0.880492
60135	4.772984	0.363757	9.055386	0.009025	0.011685	0.005341	0.777814	0.412789	0.473931	-0.472577	0.881253	0.008029	-0.414339	-0.230214	0.880525
60136	4.802004	0.237841	9.078589	-0.001246	0.004046	0.005104	0.777813	0.412827	0.473900	-0.472581	0.881251	0.007966	-0.414336	-0.230152	0.880543
60137	4.797638	0.279516	9.081055	0.000237	0.005441	0.008312	0.777773	0.412911	0.473892	-0.472634	0.881223	0.007881	-0.414351	-0.230108	0.880547
60138	4.801158	0.237215	9.079052	0.002123	0.004461	0.006922	0.777404	0.413657	0.473847	-0.473500	0.880758	0.007954	-0.414054	-0.230550	0.880572
60139	4.841426	0.171083	9.054955	-0.002491	0.000989	0.006362	0.777355	0.413714	0.473878	-0.473527	0.880744	0.007855	-0.414115	-0.230501	0.880555
60140	4.840653	0.182742	9.095696	0.002325	0.006825	0.006546	0.777909	0.412848	0.473724	-0.472477	0.881309	0.007804	-0.414275	-0.229894	0.880639
60141	4.807721	0.152533	9.075295	0.003873	0.009877	0.002800	0.777913	0.412894	0.473677	-0.472502	0.881295	0.007778	-0.414238	-0.229864	0.880664
60142	4.821780	0.171257	9.026355	0.010812	0.005968	0.002217	0.778252	0.412511	0.473454	-0.472111	0.881503	0.008008	-0.414048	-0.229755	0.880782
60143	4.784151	0.208158	9.089197	0.014246	0.008039	-0.002918	0.778276	0.412502	0.473422	-0.472135	0.881489	0.008101	-0.413975	-0.229824	0.880798
60144	4.816464	0.215689	9.029263	0.011316	0.008326	-0.000648	0.778358	0.412432	0.473349	-0.472068	0.881524	0.008175	-0.413897	-0.229816	0.880837
60145	4.849859	0.232145	9.069477	0.013843	0.003309	-0.002166	0.778359	0.412418	0.473359	-0.472096	0.881508	0.008260	-0.413863	-0.229901	0.880831
60146	4.814976	0.230141	9.070304	0.013641	0.008047	0.002052	0.779067	0.411349	0.473124	-0.470885	0.882155	0.008408	-0.413910	-0.229338	0.880956
60147	4.848867	0.234426	9.069948	0.012193	0.002626	0.003688	0.779039	0.411385	0.473140	-0.470951	0.882119	0.008452	-0.413889	-0.229410	0.880947
60148	4.828001	0.274393	9.102474	0.011418	0.005953	-0.002760	0.779429	0.410858	0.472954	-0.470399	0.882411	0.008662	-0.413781	-0.229228	0.881045
60149	4.827255	0.275569	9.102834	0.013843	0.010408	0.001671	0.779442	0.410894	0.472901	-0.470456	0.882380	0.008729	-0.413692	-0.229283	0.881072
60150	4.808614	0.276415	9.073668	0.009970	0.007635	0.002717	0.779843	0.410326	0.472734	-0.469816	0.882720	0.008840	-0.413665	-0.228992	0.881161
60151	4.787914	0.303721	9.065804	0.003368	0.007517	0.005656	0.779825	0.410391	0.472707	-0.469860	0.882697	0.008796	-0.413647	-0.228965	0.881176
60152	4.789147	0.288477	9.085255	-0.001550	0.004054	0.007585	0.780079	0.410113	0.472530	-0.469539	0.882867	0.008891	-0.413535	-0.228807	0.881270
60153	4.827565	0.237144	9.042162	-0.001550	0.004054	0.007585	0.780038	0.410187	0.472533	-0.469578	0.882847	0.008795	-0.413567	-0.228752	0.881269
60154	4.826921	0.248656	9.082811	-0.003234	0.000296	0.004757	0.779897	0.410479	0.472512	-0.469908	0.882671	0.008809	-0.413457	-0.228908	0.881280
60155	4.846543	0.221121	9.091247	-0.001752	0.008791	0.011800	0.779857	0.410600	0.472473	-0.469980	0.882634	0.008692	-0.413452	-0.228831	0.881302
60156	4.847898	0.193566	9.070346	0.000640	0.010167	0.007548	0.780412	0.409733	0.472310	-0.468910	0.883204	0.008606	-0.413620	-0.228187	0.881391
60157	4.791010	0.231821	9.043945	-0.002930	0.007391	0.006107	0.780393	0.409800	0.472283	-0.468931	0.883194	0.008505	-0.413632	-0.228105	0.881406
60158	4.754186	0.242993	9.025730	-0.003772	0.009062	0.006612	0.780752	0.409418	0.472020	-0.468486	0.883429	0.008644	-0.413457	-0.227884	0.881546
60159	4.789704	0.230632	9.044667	-0.001551	0.004051	0.007583	0.780713	0.409491	0.472022	-0.468524	0.883409	0.008549	-0.413488	-0.227828	0.881545
60160	4.791201	0.214915	9.063978	-0.005426	0.001281	0.008628	0.780933	0.409188	0.471921	-0.468144	0.883611	0.008530	-0.413504	-0.227588	0.881600
60161	4.823359	0.244318	9.084820	-0.004584	-0.000391	0.008123	0.780872	0.409255	0.471963	-0.468174	0.883597	0.008405	-0.413584	-0.227524	0.881579
60162	4.839830	0.246444	9.054762	-0.006571	0.002957	0.011617	0.781277	0.408606	0.471856	-0.467352	0.884033	0.008286	-0.413750	-0.226997	0.881637
60163	4.841988	0.218293	9.033438	-0.006674	-0.001774	0.009887	0.781203	0.408685	0.471910	-0.467386	0.884016	0.008135	-0.413851	-0.226919	0.881609
60164	4.808825	0.211101	9.093747	-0.005962	0.002946	0.006646	0.781611	0.407993	0.471832	-0.466523	0.884473	0.008014	-0.414053	-0.226384	0.881652
60165	4.806813	0.225363	9.074753	-0.001854	0.004053	0.010067	0.781561	0.408087	0.471834	-0.466579	0.884444	0.007904	-0.414086	-0.226325	0.881652
60166	4.804915	0.239536	9.055703	-0.006470	0.000587	0.009508	0.782105	0.407256	0.471651	-0.465612	0.884953	0.007962	-0.414146	-0.225834	0.881749
60167	4.860338	0.211835	9.123189	-0.005221	0.003641	0.008248	0.782062	0.407332	0.471657	-0.465639	0.884940	0.007832	-0.414198	-0.225747	0.881748
60168	4.858180	0.225994	9.104281	-0.004276	0.006699	0.009472	0.781999	0.407515	0.471603	-0.465805	0.884853	0.007779	-0.414129	-0.225758	0.881777
60169	4.827525	0.167775	9.062436	-0.006162	0.007679	0.010858	0.781960	0.407624	0.471572	-0.465849	0.884831	0.007628	-0.414153	-0.225647	0.881794
60170	4.806515	0.205876	9.095088	-0.003131	0.005023	0.006482	0.782405	0.406867	0.471489	-0.464900	0.885332	0.007481	-0.414381	-0.225049	0.881840
60171	4.826161	0.166685	9.063182	0.004521	0.012927	0.006502	0.782408	0.406949	0.471413	-0.464953	0.885304	0.007445	-0.414314	-0.225009	0.881881
60172	4.788663	0.190653	9.085597	0.004417	0.008197	0.004773	0.782786	0.406378	0.471278	-0.464277	0.885659	0.007464	-0.414358	-0.224646	0.881953
60173	4.804420	0.193840	9.055907	0.001254	0.010150	0.002575	0.782797	0.406419	0.471225	-0.464286	0.885654	0.007417	-0.414328	-0.224589	0.881982
60174	4.819739	0.209148	9.066738	0.006303	0.007216	0.003386	0.783075	0.406008	0.471117	-0.463824	0.885896	0.007489	-0.414320	-0.224380	0.882039
60175	4.839056	0.182613	9.075293	0.006303	0.007216	0.003386	0.783070	0.406049	0.471090	-0.463860	0.885877	0.007483	-0.414289	-0.224379	0.882054
60176	4.770158	0.164897	9.036133	0.009540	0.006922	-0.001366	0.783631	0.405226	0.470866	-0.462979	0.886336	0.007727	-0.414214	-0.224056	0.882171
60177	4.817822	0.211156	9.067710	0.009540	0.006921	-0.001367	0.783647	0.405225	0.470841	-0.462991	0.886329	0.007772	-0.414170	-0.224085	0.882184
60178	4.819356	0.185234	9.046666	0.013212	0.007326	-0.002033	0.783973	0.404734	0.470720	-0.462489	0.886589	0.007960	-0.414114	-0.223943	0.882247
60179	4.766171	0.195250	9.058383	0.012267	0.004267	-0.003257	0.783987	0.404709	0.470718	-0.462498	0.886584	0.008038	-0.414078	-0.224007	0.882247
60180	4.781910	0.212047	9.068951	0.020453	0.003404	-0.005092	0.784423	0.403919	0.470670	-0.461659	0.887020	0.008182	-0.414189	-0.223707	0.882272
60181	4.814049	0.243947	9.089767	0.014715	-0.002406	0.002182	0.784384	0.403928	0.470727	-0.461719	0.886988	0.008256	-0.414194	-0.223820	0.882240
60182	4.745462	0.238713	9.090694	0.010812	-0.001149	-0.001618	0.784946	0.402931	0.470645	-0.460647	0.887544	0.008422	-0.414325	-0.223412	0.882282
60183	4.830218	0.252119	8.999469	0.013591	-0.011850	0.006184	0.784850	0.402953	0.470786	-0.460734	0.887498	0.008468	-0.414410	-0.223553	0.882207
60184	4.771691	0.342359	9.074588	0.001507	-0.002632	0.008049	0.785500	0.401794	0.470693	-0.459413	0.888182	0.008502	-0.414645	-0.222921	0.882256
60185	4.727726	0.254550	9.040982	-0.001529	-0.007070	0.008592	0.785413	0.401849	0.470792	-0.459456	0.888161	0.008403	-0.414762	-0.222908	0.882204
60186	4.670781	0.319477	9.034795	-0.007271	-0.019976	0.012038	0.785995	0.400626	0.470862	-0.458051	0.888887	0.008313	-0.415213	-0.222213	0.882168
60187	4.759541	0.324488	9.062207	-0.012299	-0.028165	0.012237	0.785804	0.400666	0.471146	-0.458078	0.888875	0.008101	-0.415544	-0.222188	0.882018
60188	4.854933	0.259546	9.065756	-0.022984	-0.033411	0.016592	0.785846	0.400294	0.471392	-0.457625	0.889111	0.007884	-0.415964	-0.221916	0.881888
60189	4.826740	0.223640	9.103254	-0.020482	-0.027311	0.014065	0.785650	0.400352	0.471669	-0.457631	0.889110	0.007592	-0.416326	-0.221815	0.881743
60190	4.846341	0.223895	9.071565	-0.024438	-0.038844	0.018216	0.785850	0.399627	0.471951	-0.456762	0.889559	0.007321	-0.416902	-0.221322	0.881595
60191	4.809590	0.274609	9.053575	-0.027287	-0.029801	0.017367	0.785629	0.399709	0.472250	-0.456766	0.889560	0.006953	-0.417315	-0.221170	0.881437
60192	4.776498	0.283077	9.033515	-0.028742	-0.035229	0.018994	0.786182	0.398405	0.472431	-0.455224	0.890352	0.006707	-0.417957	-0.220335	0.881342
60193	4.835965	0.240149	9.058542	-0.040703	-0.039514	0.019760	0.785910	0.398487	0.472815	-0.455190	0.890373	0.006210	-0.418507	-0.220101	0.881140
60194	4.839707	0.235898	9.056655	-0.031983	-0.042061	0.019883	0.786530	0.396966	0.473063	-0.453390	0.891293	0.005901	-0.419295	-0.219124	0.881009
60195	4.771712	0.255125	9.017497	-0.048564	-0.049818	0.020083	0.786213	0.397029	0.473537	-0.453324	0.891330	0.005334	-0.419960	-0.218859	0.880758
60196	4.727546	0.216679	9.024577	-0.043070	-0.052084	0.024949	0.786429	0.396139	0.473924	-0.452236	0.891885	0.004940	-0.420729	-0.218210	0.880552
60197	4.707477	0.294705	8.997018	-0.064777	-0.065691	0.027428	0.786011	0.396233	0.474538	-0.452158	0.891928	0.004195	-0.421592	-0.217863	0.880225
60198	4.822213	0.262757	9.089670	-0.078157	-0.079492	0.034608	0.786485	0.394617	0.475099	-0.450138	0.892952	0.003478	-0.422868	-0.216595	0.879926
60199	4.868002	0.203157	9.042274	-0.079103	-0.082607	0.033323	0.785969	0.394728	0.475860	-0.450044	0.893003	0.002579	-0.423927	-0.216185	0.879517
60200	4.907674	0.224052	9.059342	-0.083038	-0.075976	0.040282	0.786661	0.392751	0.476352	-0.447554	0.894255	0.001793	-0.425276	-0.214603	0.879253
60201	4.956325	0.133723	9.050162	-0.079903	-0.073941	0.037594	0.786162	0.392920	0.477036	-0.447488	0.894290	0.000867	-0.426268	-0.214149	0.878883
60202	4.948309	0.094784	9.055434	-0.074024	-0.067447	0.036876	0.786203	0.392261	0.477511	-0.446557	0.894755	0.000223	-0.427168	-0.213411	0.878626
60203	4.988658	0.089683	9.051448	-0.070846	-0.063695	0.027275	0.785793	0.392360	0.478104	-0.446446	0.894810	-0.000573	-0.428037	-0.212997	0.878303
60204	5.029973	0.070248	9.066902	-0.057889	-0.049265	0.031603	0.786560	0.390469	0.478390	-0.444130	0.895962	-0.001068	-0.429036	-0.211628	0.878147
60205	4.979751	0.076365	9.017096	-0.047094	-0.039252	0.029015	0.786247	0.390637	0.478767	-0.444133	0.895959	-0.001663	-0.429606	-0.211329	0.877940
60206	4.948673	0.068208	9.016159	-0.038757	-0.033667	0.021987	0.787127	0.388674	0.478920	-0.441786	0.897118	-0.001972	-0.430414	-0.210028	0.877857
60207	4.873869	0.157086	9.002468	-0.034337	-0.032576	0.022912	0.786870	0.388801	0.479238	-0.441795	0.897113	-0.002427	-0.430874	-0.209816	0.877682
60208	4.911505	0.155486	8.999918	-0.042838	-0.038857	0.023346	0.787381	0.387418	0.479519	-0.440073	0.897957	-0.002877	-0.431702	-0.208758	0.877527
60209	4.898895	0.158594	9.068958	-0.045961	-0.040976	0.025959	0.787075	0.387555	0.479911	-0.440055	0.897964	-0.003448	-0.432279	-0.208473	0.877311
60210	4.917043	0.171384	9.017781	-0.050750	-0.039751	0.029607	0.788031	0.385359	0.480110	-0.437404	0.899257	-0.003852	-0.433227	-0.206967	0.877200
60211	4.926437	0.107760	9.032002	-0.056082	-0.048021	0.032193	0.787667	0.385539	0.480562	-0.437390	0.899260	-0.004541	-0.433902	-0.206616	0.876949
60212	4.905730	0.197028	9.046407	-0.055825	-0.049754	0.036605	0.788502	0.383475	0.480845	-0.434890	0.900470	-0.004983	-0.434897	-0.205186	0.876791
60213	4.895767	0.136116	8.971177	-0.072028	-0.054555	0.042945	0.788063	0.383739	0.481353	-0.434890	0.900465	-0.005863	-0.435692	-0.204715	0.876507
60214	4.897463	0.181077	9.012018	-0.072234	-0.056973	0.043259	0.788507	0.382300	0.481771	-0.432978	0.901380	-0.006623	-0.436790	-0.203374	0.876272
60215	4.919320	0.175203	8.978805	-0.083314	-0.067109	0.048216	0.787991	0.382587	0.482387	-0.432969	0.901377	-0.007627	-0.437731	-0.202848	0.875925
60216	4.887922	0.215502	9.020141	-0.088043	-0.070032	0.056607	0.788509	0.380888	0.482885	-0.430716	0.902447	-0.008508	-0.439019	-0.201278	0.875642
60217	4.893441	0.241864	9.079227	-0.107283	-0.079373	0.063380	0.787873	0.381289	0.483606	-0.430718	0.902433	-0.009795	-0.440157	-0.200580	0.875231
60218	4.968416	0.260916	9.095148	-0.113465	-0.087817	0.073289	0.788310	0.379557	0.484256	-0.428317	0.903562	-0.010958	-0.441714	-0.198777	0.874858
60219	4.903128	0.297645	9.077071	-0.127752	-0.099581	0.089787	0.787471	0.380159	0.485148	-0.428433	0.903486	-0.012552	-0.443096	-0.197969	0.874342
60220	4.949541	0.279139	9.130846	-0.145201	-0.109410	0.104084	0.787824	0.378371	0.485972	-0.425842	0.904689	-0.014033	-0.444963	-0.195892	0.873862
60221	5.009098	0.292015	9.116167	-0.166240	-0.114414	0.129810	0.786748	0.379309	0.486983	-0.426096	0.904534	-0.016157	-0.446621	-0.194790	0.873262
60222	5.019035	0.246728	9.029242	-0.187250	-0.117724	0.148582	0.786211	0.379173	0.487955	-0.425042	0.904987	-0.018391	-0.448566	-0.192942	0.872675
60223	4.972378	0.063120	8.994007	-0.202119	-0.127514	0.171895	0.784893	0.380471	0.489064	-0.425457	0.904734	-0.021035	-0.450476	-0.191566	0.871994
60224	5.003793	-0.242944	8.945161	-0.195880	-0.134430	0.207589	0.784398	0.380159	0.490101	-0.424053	0.905331	-0.023553	-0.452658	-0.189354	0.871347
60225	5.164856	-0.668783	8.909771	-0.150743	-0.140123	0.271024	0.782598	0.382335	0.491285	-0.425466	0.904594	-0.026236	-0.454445	-0.188492	0.870604
60226	5.200357	-1.110489	8.807298	-0.057721	-0.135055	0.376927	0.780925	0.384417	0.492320	-0.426956	0.903824	-0.028488	-0.455922	-0.187952	0.869948
60227	4.973839	-1.502858	8.830992	0.105036	-0.149668	0.507319	0.778052	0.388702	0.493504	-0.431362	0.901676	-0.030115	-0.456686	-0.189448	0.869222
60228	4.922740	-0.066133	9.112428	0.282190	-0.183268	0.572704	0.774937	0.393096	0.494922	-0.436640	0.899121	-0.030455	-0.456966	-0.192502	0.868404
60229	4.769782	0.187527	9.081000	0.176740	-0.219365	0.615716	0.771215	0.398186	0.496664	-0.442180	0.896355	-0.032014	-0.457934	-0.194926	0.867352
60230	4.902053	0.142452	9.161594	0.156133	-0.256018	0.620976	0.767446	0.402918	0.498682	-0.447311	0.893742	-0.033724	-0.459281	-0.197185	0.866129
60231	4.917547	-0.163844	9.036766	0.140180	-0.300114	0.633954	0.763199	0.407966	0.501090	-0.452780	0.890906	-0.035719	-0.460996	-0.199623	0.864658
60232	4.915771	-0.351923	9.010628	0.156088	-0.332505	0.649981	0.758804	0.412884	0.503730	-0.458216	0.888043	-0.037645	-0.462877	-0.202252	0.863041
60233	4.942858	-0.284880	9.000158	0.181369	-0.367372	0.667291	0.754009	0.418037	0.506670	-0.464077	0.884914	-0.039492	-0.464869	-0.205357	0.861235
60234	4.990072	-0.119215	9.003620	0.191670	-0.399799	0.684890	0.749018	0.423127	0.509839	-0.469964	0.881718	-0.041322	-0.467019	-0.208655	0.859277
60235	5.094438	-0.051570	8.984589	0.175847	-0.427032	0.682772	0.743776	0.428225	0.513245	-0.475855	0.878455	-0.043344	-0.469424	-0.211992	0.857147
60236	5.118098	-0.073669	8.993275	0.153942	-0.447485	0.676326	0.738432	0.433186	0.516786	-0.481570	0.875224	-0.045528	-0.472026	-0.215249	0.854903
60237	5.802024	-0.586213	9.690323	0.062001	-0.497570	0.629088	0.733017	0.437592	0.520769	-0.486463	0.872365	-0.048301	-0.475437	-0.217929	0.852330
60238	5.846097	0.143540	8.415074	0.313929	-0.266164	0.529850	0.729170	0.441586	0.522794	-0.491784	0.869370	-0.048409	-0.475878	-0.221803	0.851084
60239	5.347391	0.629065	9.090877	-0.009528	-0.410187	0.419337	0.725129	0.444301	0.526103	-0.494759	0.867548	-0.050728	-0.478958	-0.223510	0.848907
60240	5.328757	-0.965782	8.461520	-0.053004	-0.355375	0.378890	0.721528	0.446791	0.528937	-0.497244	0.865979	-0.053193	-0.481815	-0.224631	0.846992
60241	5.407421	-1.113363	8.459238	0.085693	-0.377861	0.352764	0.717931	0.448975	0.531975	-0.500168	0.864219	-0.054377	-0.484157	-0.227038	0.845013
60242	5.538060	-0.950466	8.381552	0.180433	-0.385886	0.339464	0.714355	0.451004	0.535063	-0.503444	0.862296	-0.054687	-0.486047	-0.230309	0.843040
60243	5.624795	-0.423175	8.470289	0.230890	-0.375264	0.328314	0.710856	0.452946	0.538074	-0.506878	0.860290	-0.054542	-0.487604	-0.233967	0.841131
60244	5.688521	-0.308979	8.414113	0.205915	-0.353395	0.318567	0.707498	0.454847	0.540889	-0.510133	0.858364	-0.054552	-0.489092	-0.237330	0.839323
60245	5.673013	-0.337937	8.658953	0.179332	-0.327903	0.312528	0.704279	0.456730	0.543497	-0.513188	0.856526	-0.054781	-0.490540	-0.240335	0.837621
60246	5.620143	-0.519289	8.598784	0.146929	-0.326285	0.296118	0.701142	0.458467	0.546084	-0.515975	0.854824	-0.055188	-0.492108	-0.243071	0.835911
60247	5.591918	-0.625943	8.441025	0.161832	-0.310522	0.291880	0.698088	0.460186	0.548545	-0.518785	0.853103	-0.055472	-0.493493	-0.245853	0.834279
60248	5.677927	-0.576722	8.491051	0.194731	-0.309514	0.283977	0.695073	0.461831	0.550987	-0.521707	0.851322	-0.055432	-0.494667	-0.248924	0.832671
60249	5.612065	-0.504948	8.569060	0.210740	-0.306455	0.278861	0.692082	0.463420	0.553411	-0.524655	0.849520	-0.055256	-0.495741	-0.252108	0.831073
60250	5.572089	-0.349058	8.678831	0.216495	-0.308025	0.271128	0.689118	0.464930	0.555839	-0.527585	0.847721	-0.054985	-0.496760	-0.255361	0.829470
60251	5.543954	-0.219404	8.735149	0.183974	-0.319341	0.255273	0.686166	0.466257	0.558374	-0.530226	0.846076	-0.054920	-0.498033	-0.258380	0.827769
60252	5.418684	-0.253645	8.764775	0.162038	-0.323524	0.241782	0.683259	0.467450	0.560935	-0.532671	0.844536	-0.054955	-0.499419	-0.261246	0.826034
60253	5.314860	-0.290191	8.822501	0.142286	-0.330643	0.215370	0.680441	0.468384	0.563575	-0.534822	0.843171	-0.055029	-0.500964	-0.263968	0.824230
60254	5.177534	-0.112895	8.925246	0.135802	-0.333371	0.171125	0.677842	0.468933	0.566244	-0.536650	0.842017	-0.054898	-0.502530	-0.266662	0.822408
60255	4.883839	0.077001	9.019679	0.111064	-0.327787	0.106609	0.675605	0.468937	0.568907	-0.537901	0.841236	-0.054628	-0.504202	-0.269109	0.820585
60256	4.631923	0.337549	9.133534	0.104963	-0.320906	0.015132	0.673894	0.468190	0.571546	-0.538519	0.840889	-0.053874	-0.505830	-0.271483	0.818800
60257	4.278683	0.722680	9.228021	0.087256	-0.303498	-0.115816	0.672966	0.466374	0.574119	-0.538152	0.841209	-0.052533	-0.507454	-0.273610	0.817085
60258	3.944725	1.225159	9.316359	0.096879	-0.279281	-0.290621	0.673100	0.463156	0.576561	-0.536677	0.842300	-0.050089	-0.508836	-0.275712	0.815517
60259	3.676544	1.953818	9.475767	0.107049	-0.225879	-0.504842	0.674637	0.458259	0.578674	-0.533791	0.844346	-0.046337	-0.509835	-0.277630	0.814242
60260	3.507019	2.722991	9.681732	0.074683	-0.215606	-0.785416	0.677703	0.451013	0.580780	-0.528855	0.847712	-0.041191	-0.510912	-0.279234	0.813017
60261	3.350422	3.115487	9.750013	-0.019342	-0.174940	-1.092100	0.682528	0.441224	0.582647	-0.521298	0.852655	-0.035031	-0.512253	-0.279823	0.811970
60262	3.934544	2.771935	9.904594	-0.157268	-0.122702	-1.368725	0.688959	0.429170	0.584079	-0.511105	0.859051	-0.028333	-0.513913	-0.279006	0.811202
60263	4.214868	2.153299	10.067403	-0.187764	-0.013949	-1.565788	0.696783	0.415609	0.584605	-0.499260	0.866204	-0.020742	-0.515008	-0.277417	0.811053
60264	4.226096	1.508426	10.031807	-0.273459	0.086867	-1.671649	0.705465	0.401313	0.584181	-0.486135	0.873784	-0.013197	-0.515744	-0.274681	0.811516
60265	4.112185	0.805798	9.885180	-0.333766	0.152544	-1.697512	0.714372	0.386816	0.583134	-0.472331	0.881400	-0.006035	-0.516309	-0.271121	0.812353
60266	4.231774	-0.120935	9.716466	-0.366228	0.225373	-1.677291	0.723341	0.372591	0.581338	-0.458392	0.888750	0.000747	-0.516385	-0.267021	0.813662
60267	4.396206	-0.595752	9.730135	-0.263118	0.280737	-1.596994	0.731992	0.359074	0.579011	-0.445383	0.895306	0.007834	-0.515579	-0.263616	0.815282
60268	4.644125	-0.769570	9.926737	-0.226271	0.345737	-1.461391	0.740194	0.346875	0.576013	-0.433476	0.901050	0.014417	-0.514016	-0.260359	0.817313
60269	4.845747	-0.979509	9.920333	-0.246921	0.403906	-1.263011	0.747659	0.336492	0.572521	-0.422782	0.906019	0.019613	-0.512115	-0.256715	0.819656
60270	5.060448	-1.391800	9.887425	-0.261816	0.467456	-1.025526	0.754337	0.328400	0.568445	-0.413763	0.910086	0.023300	-0.509683	-0.252777	0.822391
60271	5.071287	-1.656437	9.770612	-0.222220	0.531683	-0.756510	0.760127	0.322822	0.563908	-0.406875	0.913122	0.025715	-0.506615	-0.248987	0.825437
60272	5.182830	-1.877285	9.705605	-0.152206	0.580778	-0.481121	0.765005	0.319898	0.558957	-0.402463	0.915034	0.027137	-0.502783	-0.245719	0.828753
60273	5.170229	-1.857600	9.640548	-0.014488	0.639845	-0.217924	0.769067	0.319454	0.553611	-0.400689	0.915780	0.028192	-0.497980	-0.243507	0.832298
60274	5.068773	-1.477121	9.564750	0.101547	0.692129	0.010344	0.772450	0.321273	0.547818	-0.401301	0.915489	0.028956	-0.492218	-0.242207	0.836096
60275	4.953717	-1.040242	9.473703	0.195478	0.711259	0.184248	0.775173	0.324666	0.541940	-0.403653	0.914435	0.029552	-0.485974	-0.241664	0.839897
60276	5.022594	-0.547354	9.545503	0.278364	0.728758	0.301244	0.777464	0.329229	0.535871	-0.407368	0.912763	0.030242	-0.479167	-0.241809	0.843758
60277	5.047624	-0.013182	9.562580	0.321795	0.734640	0.370497	0.779427	0.334371	0.529801	-0.411754	0.910769	0.030951	-0.472177	-0.242272	0.847557
60278	5.107148	0.314286	9.478292	0.312849	0.740645	0.397824	0.781245	0.339838	0.523608	-0.416360	0.908655	0.031481	-0.465080	-0.242604	0.851377
60279	5.006843	0.565299	9.424073	0.314380	0.730607	0.387423	0.782983	0.345114	0.517527	-0.420814	0.906579	0.032108	-0.458098	-0.242923	0.855064
60280	4.945255	0.779226	9.303116	0.287928	0.701999	0.351715	0.784681	0.350059	0.511599	-0.424917	0.904640	0.032734	-0.451354	-0.243073	0.858601
60281	4.855098	0.845731	9.227688	0.250879	0.654059	0.285834	0.786381	0.354218	0.506097	-0.428260	0.903038	0.033399	-0.445195	-0.243005	0.861830
60282	4.858798	0.933784	9.214300	0.229287	0.606462	0.191839	0.788233	0.357477	0.500898	-0.430821	0.901782	0.034381	-0.439411	-0.242898	0.864823
60283	4.843529	1.064739	9.171228	0.190989	0.571062	0.088373	0.790334	0.359645	0.496012	-0.432326	0.901016	0.035556	-0.434128	-0.242540	0.867587
60284	4.773451	1.104070	9.187380	0.118370	0.523394	-0.023850	0.792690	0.360751	0.491428	-0.432686	0.900798	0.036672	-0.429448	-0.241704	0.870146
60285	4.822848	1.010547	9.214538	0.044465	0.482680	-0.126231	0.795287	0.360763	0.487205	-0.431848	0.901161	0.037637	-0.425472	-0.240331	0.872476
60286	4.891722	0.877302	9.150682	-0.011950	0.465427	-0.233784	0.798259	0.359824	0.483021	-0.429973	0.902015	0.038638	-0.421789	-0.238529	0.874756
60287	4.943992	0.796100	9.218642	-0.070641	0.455595	-0.315462	0.801513	0.358044	0.478938	-0.427127	0.903329	0.039497	-0.418497	-0.236224	0.876960
60288	4.913649	0.638196	9.178786	-0.101529	0.466904	-0.385875	0.805094	0.355706	0.474655	-0.423642	0.904927	0.040416	-0.415152	-0.233623	0.879244
60289	4.881029	0.507450	9.159914	-0.146303	0.481192	-0.434495	0.808904	0.352873	0.470271	-0.419506	0.906820	0.041141	-0.411934	-0.230560	0.881563
60290	4.836078	0.319526	9.070642	-0.159412	0.493267	-0.465554	0.812864	0.349829	0.465695	-0.415114	0.908805	0.041883	-0.408574	-0.227361	0.883954
60291	4.791821	0.132906	8.921450	-0.172134	0.507640	-0.477052	0.816888	0.346621	0.461030	-0.410501	0.910868	0.042529	-0.405196	-0.223995	0.886365
60292	4.795194	0.006719	8.842913	-0.163642	0.520727	-0.460118	0.820860	0.343637	0.456182	-0.406111	0.912804	0.043156	-0.401575	-0.220685	0.888839
60293	4.785904	-0.147780	8.714204	-0.146707	0.528450	-0.428815	0.824694	0.340863	0.451323	-0.401971	0.914606	0.043755	-0.397868	-0.217503	0.891287
60294	4.862467	-0.280264	8.715863	-0.120892	0.533234	-0.385913	0.828342	0.338536	0.446366	-0.398340	0.916164	0.044375	-0.393921	-0.214563	0.893750
60295	4.850778	-0.391202	8.589198	-0.075003	0.549933	-0.317141	0.831745	0.336789	0.441333	-0.395390	0.917407	0.045070	-0.389702	-0.211985	0.896211
60296	4.873625	-0.371686	8.556947	-0.034776	0.552667	-0.239715	0.834823	0.335808	0.436237	-0.393295	0.918272	0.045775	-0.385213	-0.209784	0.898667
60297	4.919323	-0.374978	8.415527	0.008493	0.553196	-0.148420	0.837514	0.335587	0.431221	-0.392062	0.918765	0.046454	-0.380602	-0.207971	0.901049
60298	5.122052	-0.293455	8.540220	0.047437	0.545052	-0.050285	0.839764	0.336308	0.426255	-0.391856	0.918822	0.047060	-0.375826	-0.206551	0.903378
60299	5.355336	-0.385754	8.384920	0.121414	0.572555	0.049736	0.841695	0.337932	0.421131	-0.392704	0.918416	0.047906	-0.370584	-0.205702	0.905734
60300	5.469295	-0.268763	8.305675	0.170636	0.603593	0.147588	0.843324	0.340577	0.415705	-0.394609	0.917553	0.048798	-0.364812	-0.205193	0.908189
60301	5.399032	-0.190038	8.150975	0.247745	0.623822	0.245472	0.844599	0.344096	0.410184	-0.397554	0.916216	0.049995	-0.358614	-0.205296	0.910631
60302	5.385837	-0.103212	7.909009	0.305525	0.623003	0.344802	0.845425	0.348580	0.404659	-0.401584	0.914382	0.051337	-0.352118	-0.205906	0.913025
60303	5.427097	-0.012572	7.698742	0.363405	0.596141	0.434045	0.845741	0.353762	0.399467	-0.406500	0.912120	0.052871	-0.345658	-0.207098	0.915222
60304	5.509421	0.051654	7.528713	0.428421	0.561829	0.514217	0.845549	0.359656	0.394581	-0.412342	0.909385	0.054715	-0.339147	-0.208967	0.917231
60305	5.587470	0.197989	7.357281	0.493812	0.521432	0.583556	0.844867	0.366037	0.390150	-0.418911	0.906242	0.056917	-0.332737	-0.211526	0.918990
60306	5.585273	0.360800	7.166175	0.549742	0.452263	0.639703	0.843644	0.372822	0.386353	-0.426146	0.902699	0.059450	-0.326596	-0.214798	0.920433
60307	4.172730	1.486055	4.652213	0.757349	0.022011	0.585112	0.841192	0.378128	0.386543	-0.433515	0.898863	0.064116	-0.323205	-0.221506	0.920040
60308	6.893111	2.972041	5.202743	0.533799	-0.535935	0.614281	0.836760	0.382461	0.391864	-0.440414	0.895321	0.066594	-0.325375	-0.228305	0.917610
60309	8.174043	0.671220	3.629536	-0.475290	-0.878872	0.508540	0.831603	0.384996	0.400268	-0.443066	0.894466	0.060183	-0.334856	-0.227394	0.914420
60310	9.362039	0.633823	4.077351	0.258829	-0.923142	0.266221	0.827291	0.385258	0.408860	-0.446150	0.892847	0.061437	-0.341380	-0.233239	0.910527
60311	9.417761	2.180937	6.080015	0.199942	-1.005719	0.047050	0.823601	0.383291	0.418055	-0.447206	0.892208	0.063017	-0.348839	-0.238858	0.906233
60312	6.601978	0.462053	10.306749	-0.162947	-0.808187	-0.114866	0.821259	0.380316	0.425314	-0.445670	0.893047	0.062002	-0.356246	-0.240470	0.902919
60313	8.634226	0.365498	11.920772	0.144601	-0.612845	-0.236328	0.820105	0.376707	0.430721	-0.444227	0.893606	0.064276	-0.360682	-0.244050	0.900193
60314	5.767967	0.453472	11.065453	0.116118	-0.269766	-0.134435	0.819721	0.374826	0.433085	-0.443522	0.893839	0.065876	-0.362416	-0.246082	0.898943
60315	3.495503	0.050831	8.415541	0.089145	-0.315043	0.029963	0.818433	0.374302	0.435964	-0.444068	0.893521	0.066505	-0.364651	-0.248028	0.897503
60316	3.257381	-0.024327	8.656630	0.053120	-0.537663	0.199136	0.815570	0.374723	0.440940	-0.445868	0.892656	0.066082	-0.368846	-0.250495	0.895101
60317	6.408724	1.418843	10.127411	0.238485	-0.656457	0.277767	0.811882	0.375526	0.447021	-0.448990	0.891026	0.066938	-0.373170	-0.255054	0.892016
60318	10.220840	3.976817	12.849765	0.097300	-0.384922	0.328841	0.808954	0.377450	0.450695	-0.451996	0.889552	0.066304	-0.375890	-0.257349	0.890212
60319	6.226714	3.440523	9.293424	-0.163406	0.078421	0.127741	0.808661	0.378773	0.450110	-0.452391	0.889503	0.064232	-0.376045	-0.255568	0.890660
60320	3.152636	3.120325	8.708432	-0.219752	-0.001930	0.140245	0.808016	0.379986	0.450245	-0.452667	0.889548	0.061625	-0.377098	-0.253605	0.890776
60321	4.809473	-0.057390	9.778759	-0.947892	-0.306337	0.210904	0.805888	0.381084	0.453122	-0.450738	0.891129	0.052192	-0.383901	-0.246300	0.889919
60322	5.406060	-1.714363	8.899056	-0.336867	-0.130180	0.162752	0.804650	0.382187	0.454391	-0.450720	0.891350	0.048439	-0.386509	-0.243780	0.889484
60323	4.545437	0.075985	9.103628	-0.019929	-0.094923	0.104886	0.803800	0.382876	0.455315	-0.451463	0.891012	0.047744	-0.387411	-0.243935	0.889049
60324	4.813377	-0.130524	8.978470	-0.193093	-0.145994	0.082361	0.802857	0.383227	0.456681	-0.451344	0.891182	0.045632	-0.389498	-0.242757	0.888460
60325	4.731399	0.399028	9.181414	-0.060170	-0.094786	0.065100	0.802183	0.383564	0.457582	-0.451608	0.891093	0.044760	-0.390580	-0.242553	0.888040
60326	4.499698	0.595361	9.008428	-0.121397	-0.114984	0.071045	0.801408	0.383891	0.458664	-0.451672	0.891131	0.043336	-0.392093	-0.241895	0.887553
60327	4.658096	0.706059	8.992555	-0.107350	-0.141532	0.065145	0.800547	0.384116	0.459977	-0.451748	0.891154	0.042044	-0.393761	-0.241452	0.886935
60328	4.664340	0.550425	8.976647	-0.130059	-0.139380	0.069300	0.799682	0.384368	0.461271	-0.451756	0.891219	0.040551	-0.395507	-0.240810	0.886332
60329	4.624445	0.560121	9.020948	-0.120121	-0.150370	0.069236	0.798762	0.384610	0.462660	-0.451809	0.891256	0.039126	-0.397300	-0.240287	0.885672
60330	4.773869	0.598017	9.013059	-0.123823	-0.168223	0.073980	0.797753	0.384840	0.464207	-0.451878	0.891284	0.037668	-0.399245	-0.239815	0.884925
60331	4.827857	0.770436	9.016346	-0.107646	-0.163454	0.076115	0.796744	0.385113	0.465711	-0.452030	0.891263	0.036321	-0.401084	-0.239454	0.884191
60332	4.764775	0.891680	9.051221	-0.121698	-0.161719	0.082415	0.795717	0.385434	0.467199	-0.452167	0.891252	0.034842	-0.402963	-0.238977	0.883465
60333	4.914111	0.714657	9.070696	-0.155983	-0.185847	0.085158	0.794570	0.385736	0.468899	-0.452189	0.891310	0.033026	-0.405195	-0.238273	0.882634
60334	5.154537	0.471841	9.096975	-0.144486	-0.164626	0.084763	0.793515	0.386070	0.470409	-0.452243	0.891344	0.031334	-0.407199	-0.237603	0.881892
60335	5.190651	0.386500	9.098713	-0.119351	-0.132465	0.074743	0.792625	0.386409	0.471629	-0.452324	0.891353	0.029890	-0.408838	-0.237020	0.881290
60336	5.101338	0.323554	9.094327	-0.100477	-0.106528	0.068177	0.791876	0.386736	0.472617	-0.452422	0.891343	0.028665	-0.410178	-0.236522	0.880802
60337	4.934211	0.343578	9.033844	-0.076679	-0.090732	0.058788	0.791226	0.387032	0.473463	-0.452548	0.891311	0.027672	-0.411292	-0.236159	0.880379
60338	4.885117	0.428967	9.041860	-0.067843	-0.102333	0.059570	0.790531	0.387293	0.474410	-0.452708	0.891257	0.026774	-0.412452	-0.235935	0.879897
60339	4.921995	0.279151	9.084517	-0.083591	-0.096287	0.053547	0.789879	0.387530	0.475301	-0.452761	0.891260	0.025744	-0.413640	-0.235533	0.879447
60340	4.842813	0.252597	8.952062	-0.051752	-0.100653	0.053187	0.789219	0.387735	0.476229	-0.452931	0.891194	0.025019	-0.414712	-0.235445	0.878965
60341	4.550926	0.353856	8.926196	-0.039417	-0.116710	0.051587	0.788489	0.387907	0.477297	-0.453150	0.891101	0.024386	-0.415861	-0.235516	0.878403
60342	4.497129	0.542744	8.855149	-0.036489	-0.157029	0.053069	0.787591	0.387980	0.478719	-0.453383	0.890998	0.023795	-0.417306	-0.235783	0.877646
60343	4.352108	0.652851	8.883148	-0.038822	-0.224685	0.065716	0.786342	0.388021	0.480735	-0.453712	0.890849	0.023099	-0.419299	-0.236279	0.876562
60344	4.462138	0.649933	8.899750	-0.068817	-0.283180	0.077025	0.784798	0.388009	0.483262	-0.453996	0.890730	0.022108	-0.421878	-0.236749	0.875197
60345	5.055967	0.260675	9.050011	-0.108254	-0.339808	0.086570	0.782954	0.387961	0.486281	-0.454190	0.890664	0.020702	-0.425082	-0.237073	0.873557
60346	5.446949	0.002431	9.035756	-0.066817	-0.307470	0.074618	0.781300	0.387867	0.489009	-0.454456	0.890550	0.019738	-0.427831	-0.237654	0.872056
60347	5.420301	0.045343	9.093174	-0.048657	-0.260547	0.057756	0.779908	0.387747	0.491320	-0.454673	0.890456	0.018991	-0.430135	-0.238201	0.870772
60348	5.393779	0.262755	9.066416	-0.021415	-0.229166	0.044036	0.778716	0.387563	0.493352	-0.454890	0.890354	0.018571	-0.432060	-0.238882	0.869632
60349	5.283210	0.364674	8.992859	-0.030111	-0.204099	0.044213	0.777620	0.387455	0.495163	-0.455077	0.890269	0.018051	-0.433834	-0.239375	0.868612
60350	5.292929	0.231276	9.010139	-0.032055	-0.194369	0.044798	0.776567	0.387357	0.496888	-0.455252	0.890190	0.017534	-0.435533	-0.239826	0.867637
60351	5.411359	0.178436	8.894738	-0.026776	-0.173479	0.036368	0.775633	0.387250	0.498429	-0.455391	0.890128	0.017081	-0.437050	-0.240229	0.866762
60352	5.354035	0.240568	8.910829	-0.014926	-0.154279	0.031784	0.774809	0.387131	0.499801	-0.455537	0.890059	0.016777	-0.438357	-0.240677	0.865978
60353	5.300295	0.191605	8.905713	-0.009720	-0.128489	0.027580	0.774107	0.387053	0.500947	-0.455682	0.889990	0.016516	-0.439445	-0.241057	0.865320
60354	5.251530	0.286091	8.854383	-0.005083	-0.121109	0.023138	0.773465	0.386935	0.502029	-0.455803	0.889931	0.016339	-0.440449	-0.241464	0.864697
60355	5.192600	0.307681	8.872442	-0.013563	-0.113562	0.024868	0.772839	0.386868	0.503044	-0.455909	0.889882	0.016058	-0.441437	-0.241752	0.864112
60356	5.360734	0.202854	8.806119	-0.016093	-0.100301	0.016790	0.772316	0.386742	0.503943	-0.455932	0.889874	0.015818	-0.442329	-0.241980	0.863592
60357	5.044110	0.208922	8.868875	-0.003924	-0.106920	0.023136	0.771725	0.386675	0.504899	-0.456066	0.889809	0.015628	-0.443221	-0.242328	0.863037
60358	5.055466	0.220969	8.903415	-0.001753	-0.115263	0.012969	0.771150	0.386478	0.505926	-0.456122	0.889781	0.015531	-0.444161	-0.242741	0.862437
60359	5.782447	-0.163566	8.906908	-0.018053	-0.139581	-0.003395	0.770533	0.386095	0.507158	-0.455989	0.889853	0.015354	-0.445368	-0.243089	0.861716
60360	5.105519	0.068113	8.956807	0.084004	-0.054341	-0.019338	0.770375	0.385758	0.507654	-0.456178	0.889742	0.016159	-0.445448	-0.244029	0.861409
60361	5.503260	-0.011341	8.758442	0.031971	-0.074521	-0.031552	0.770175	0.385281	0.508320	-0.456051	0.889800	0.016556	-0.445924	-0.244571	0.861009
60362	5.270229	0.278569	8.804903	0.106211	-0.056513	-0.046524	0.770131	0.384696	0.508830	-0.456130	0.889737	0.017690	-0.445920	-0.245716	0.860686
60363	5.327568	0.345950	8.869581	0.055831	-0.053627	-0.039306	0.770059	0.384200	0.509313	-0.456049	0.889766	0.018331	-0.446126	-0.246388	0.860386
60364	5.324147	0.424766	8.829176	0.068770	-0.019867	-0.043663	0.770165	0.383730	0.509507	-0.455983	0.889783	0.019129	-0.446010	-0.247059	0.860254
60365	5.243806	0.370922	8.821083	0.051910	-0.051546	-0.034016	0.770078	0.383285	0.509973	-0.455926	0.889799	0.019710	-0.446219	-0.247688	0.859965
60366	5.251636	0.348264	8.857814	0.049353	-0.035054	-0.031014	0.770059	0.382889	0.510299	-0.455870	0.889815	0.020276	-0.446308	-0.248244	0.859758
60367	5.352062	0.375414	8.770153	0.035436	-0.036345	-0.035294	0.770045	0.382470	0.510633	-0.455730	0.889877	0.020722	-0.446475	-0.248668	0.859549
60368	5.223203	0.329275	8.835758	0.047620	-0.022712	-0.030630	0.770080	0.382107	0.510853	-0.455669	0.889895	0.021271	-0.446478	-0.249161	0.859405
60369	5.333806	0.483943	8.780064	0.051808	-0.019286	-0.025325	0.770097	0.381820	0.511042	-0.455679	0.889877	0.021807	-0.446439	-0.249665	0.859279
60370	5.285948	0.457166	8.791562	0.022086	-0.015944	-0.028246	0.770151	0.381494	0.511204	-0.455522	0.889949	0.022126	-0.446505	-0.249905	0.859174
60371	5.187751	0.454091	8.856752	0.046016	-0.013666	-0.016496	0.770153	0.381299	0.511347	-0.455574	0.889912	0.022566	-0.446449	-0.250336	0.859078
60372	5.258799	0.406446	8.810585	0.019049	-0.019606	-0.018644	0.770147	0.381049	0.511542	-0.455478	0.889955	0.022810	-0.446558	-0.250563	0.858955
60373	5.273794	0.396831	8.738683	0.011611	-0.013713	-0.019787	0.770163	0.380824	0.511685	-0.455351	0.890016	0.022972	-0.446659	-0.250688	0.858866
60374	5.175850	0.391776	8.803912	0.017770	-0.020250	-0.015272	0.770139	0.380603	0.511886	-0.455274	0.890049	0.023188	-0.446779	-0.250906	0.858740
60375	5.309012	0.417725	8.714885	0.010596	-0.016813	-0.020962	0.770147	0.380360	0.512055	-0.455134	0.890117	0.023347	-0.446908	-0.251034	0.858635
60376	5.201212	0.326723	8.809390	0.017546	-0.022654	-0.014892	0.770110	0.380135	0.512277	-0.455059	0.890150	0.023559	-0.447047	-0.251259	0.858497
60377	5.318609	0.379050	8.771658	0.011609	-0.013727	-0.019798	0.770127	0.379910	0.512419	-0.454932	0.890210	0.023722	-0.447149	-0.251384	0.858408
60378	5.202862	0.386276	8.848544	0.003696	-0.010200	-0.018079	0.770160	0.379688	0.512533	-0.454771	0.890290	0.023831	-0.447255	-0.251439	0.858337
60379	5.286692	0.407891	8.792352	0.006412	-0.035667	-0.020464	0.770081	0.379402	0.512864	-0.454615	0.890366	0.023953	-0.447549	-0.251601	0.858136
60380	5.201903	0.446105	8.827273	0.015775	-0.007851	-0.012412	0.770100	0.379236	0.512959	-0.454552	0.890393	0.024137	-0.447582	-0.251754	0.858074
60381	5.316841	0.540033	8.790064	0.002484	-0.033516	-0.015125	0.770006	0.379002	0.513272	-0.454420	0.890459	0.024197	-0.447877	-0.251873	0.857885
60382	5.137679	0.387855	8.788686	-0.013598	-0.011040	-0.015030	0.770022	0.378805	0.513394	-0.454204	0.890570	0.024144	-0.448068	-0.251777	0.857813
60383	5.257684	0.424212	8.770203	0.009667	-0.036959	-0.009453	0.769887	0.378613	0.513738	-0.454148	0.890596	0.024236	-0.448357	-0.251972	0.857605
60384	5.280557	0.368824	8.756440	-0.031966	-0.028730	-0.014203	0.769820	0.378378	0.514011	-0.453857	0.890751	0.024021	-0.448767	-0.251780	0.857447
60385	5.274882	0.323463	8.844561	-0.002658	-0.039297	-0.012669	0.769688	0.378152	0.514374	-0.453720	0.890820	0.024025	-0.449130	-0.251874	0.857229
60386	5.352200	0.443230	8.769487	0.005887	-0.030774	-0.011396	0.769599	0.377937	0.514666	-0.453621	0.890868	0.024120	-0.449384	-0.252026	0.857051
