// General information: 
//  MT Manager version: 2022.2.0 
//  XDA version: 2022.2.0 build 7381 rev 124627 built on 2023-07-19
// Device information: 
//  DeviceId: 00B4CBA7
//  ProductCode: MTW2-3A7G6
//  Firmware Version: 4.6.0
//  Hardware Version: 2.0.0
// Device settings: 
//  Filter Profile: human(46.1)
//  Option Flags: Orientation Smoother Disabled, Position/Velocity Smoother Disabled, Continuous Zero Rotation Update Disabled, AHS Disabled, ICC Disabled
// Coordinate system: ENU
PacketCounter	Acc_X	Acc_Y	Acc_Z	Gyr_X	Gyr_Y	Gyr_Z	Mat[1][1]	Mat[2][1]	Mat[3][1]	Mat[1][2]	Mat[2][2]	Mat[3][2]	Mat[1][3]	Mat[2][3]	Mat[3][3]
15457	9.693095	0.493133	-1.419280	-0.019887	0.032805	0.004849	0.118862	0.079077	0.989757	0.266425	-0.962808	0.044928	0.956499	0.258356	-0.135509
15458	9.662580	0.474894	-1.408638	-0.043615	0.038106	0.007728	0.118016	0.078698	0.989888	0.264499	-0.963333	0.045053	0.957138	0.256508	-0.134504
15459	9.663110	0.332395	-1.276739	-0.028679	0.039665	0.003327	0.117067	0.078517	0.990015	0.264054	-0.963449	0.045186	0.957377	0.256127	-0.133521
15460	9.616173	0.395467	-1.169256	-0.024634	0.027883	-0.001794	0.116354	0.078498	0.990101	0.263451	-0.963602	0.045437	0.957630	0.255556	-0.132799
15461	9.639868	0.380616	-1.185438	-0.013053	0.008025	-0.007515	0.116038	0.078749	0.990118	0.263413	-0.963597	0.045769	0.957679	0.255499	-0.132557
15462	9.643688	0.373948	-1.278494	0.008373	0.000594	-0.016208	0.115869	0.079245	0.990098	0.263676	-0.963502	0.046259	0.957627	0.255705	-0.132535
15463	9.669227	0.484235	-1.371338	0.014924	0.000955	-0.019737	0.115688	0.079870	0.990069	0.264443	-0.963265	0.046808	0.957437	0.256402	-0.132559
15464	9.714069	0.434402	-1.446669	0.005473	0.011320	-0.022177	0.115261	0.080462	0.990071	0.264646	-0.963177	0.047467	0.957433	0.256547	-0.132311
15465	9.721550	0.493905	-1.472839	-0.006030	0.024999	-0.022391	0.114505	0.080909	0.990122	0.263999	-0.963318	0.048188	0.957702	0.255873	-0.131664
15466	9.707181	0.439568	-1.425129	-0.020081	0.037562	-0.020801	0.113421	0.081318	0.990214	0.263968	-0.963293	0.048872	0.957840	0.255841	-0.130723
15467	9.654113	0.488072	-1.292700	-0.015410	0.046447	-0.023842	0.112140	0.081738	0.990325	0.263793	-0.963301	0.049637	0.958039	0.255674	-0.129587
15468	9.621253	0.498429	-1.258404	-0.050782	0.039878	-0.023730	0.111041	0.082164	0.990414	0.262348	-0.963649	0.050531	0.958563	0.254222	-0.128560
15469	9.649399	0.463992	-1.170167	-0.044918	0.036923	-0.029050	0.109957	0.082741	0.990486	0.261149	-0.963922	0.051531	0.959016	0.252998	-0.127598
15470	9.690037	0.504693	-1.137170	-0.050276	0.024093	-0.034197	0.109140	0.083522	0.990511	0.259908	-0.964196	0.052665	0.959446	0.251694	-0.126940
15471	9.647697	0.484368	-1.128381	-0.063269	0.008983	-0.040084	0.108627	0.084569	0.990479	0.258742	-0.964438	0.053969	0.959819	0.250416	-0.126645
15472	9.612377	0.384920	-0.955455	-0.066909	-0.017128	-0.047508	0.108688	0.085941	0.990354	0.257403	-0.964711	0.055467	0.960172	0.248891	-0.126974
15473	9.602020	0.402745	-0.846870	-0.043972	-0.055909	-0.067807	0.109556	0.088059	0.990072	0.256792	-0.964761	0.057393	0.960237	0.247955	-0.128309
15474	9.626414	0.429251	-0.694254	-0.026529	-0.105448	-0.085179	0.111478	0.090854	0.989605	0.256357	-0.964737	0.059693	0.960132	0.247038	-0.130838
15475	9.540239	0.378335	-0.563165	-0.006505	-0.181578	-0.104634	0.115102	0.094642	0.988835	0.256949	-0.964409	0.062395	0.959546	0.246898	-0.135324
15476	9.627987	0.377340	-0.678623	0.002519	-0.267704	-0.128199	0.120684	0.099527	0.987689	0.257530	-0.964036	0.065676	0.958704	0.246434	-0.141975
15477	9.637622	0.347846	-1.100228	0.050864	-0.325566	-0.150340	0.127468	0.105283	0.986239	0.259357	-0.963291	0.069312	0.957333	0.246952	-0.150094
15478	9.735214	0.537684	-1.574365	0.026079	-0.350392	-0.177668	0.134632	0.111838	0.984564	0.260696	-0.962604	0.073695	0.955987	0.246750	-0.158753
15479	9.849995	0.496884	-2.044391	0.053172	-0.327923	-0.201499	0.141107	0.118849	0.982835	0.262809	-0.961645	0.078555	0.954474	0.247213	-0.166929
15480	9.781142	0.800502	-2.298986	0.021034	-0.271768	-0.208967	0.146187	0.125673	0.981242	0.264086	-0.960859	0.083719	0.953356	0.246894	-0.173653
15481	9.928321	0.759353	-2.337449	0.052026	-0.199411	-0.218678	0.149439	0.132294	0.979881	0.266311	-0.959773	0.088965	0.952232	0.247659	-0.178659
15482	10.120199	1.093821	-1.892436	0.042654	-0.151913	-0.198311	0.151711	0.138060	0.978736	0.267756	-0.958914	0.093759	0.951468	0.247838	-0.182444
15483	10.416219	0.813472	-0.968157	0.377651	-0.287784	-0.110530	0.157782	0.142614	0.977121	0.276949	-0.956193	0.094839	0.947842	0.255649	-0.190367
15484	10.332319	0.682464	0.172617	0.892339	-0.331028	-0.091064	0.164896	0.147133	0.975275	0.298553	-0.949869	0.092822	0.940040	0.275865	-0.200556
15485	10.197506	1.198815	0.818193	0.822381	-0.568618	-0.170868	0.176837	0.155303	0.971910	0.318338	-0.943421	0.092829	0.931338	0.292980	-0.216271
15486	10.445216	1.252274	0.527312	0.576229	-0.899571	-0.206393	0.195922	0.166992	0.966296	0.332771	-0.938243	0.094673	0.922431	0.303007	-0.239392
15487	10.410220	1.312419	-0.583311	0.376716	-1.081919	-0.204103	0.218960	0.180144	0.958960	0.342499	-0.934462	0.097339	0.913647	0.307129	-0.266309
15488	10.004353	1.146020	-1.807842	0.126033	-1.151581	-0.163730	0.243805	0.192843	0.950458	0.345864	-0.932881	0.100558	0.906056	0.304212	-0.294138
15489	9.686988	0.756058	-2.875024	-0.102663	-1.158237	-0.084467	0.269166	0.203704	0.941304	0.344251	-0.933155	0.103502	0.899467	0.296186	-0.321299
15490	9.386259	0.923910	-3.416353	-0.174762	-1.104161	-0.002888	0.293911	0.211891	0.932051	0.340054	-0.934501	0.105216	0.893297	0.286024	-0.346714
15491	8.731200	1.189739	-4.030293	-0.384601	-1.009776	0.086818	0.317149	0.217008	0.923214	0.330633	-0.937694	0.106830	0.888875	0.271364	-0.369139
15492	8.267345	1.118351	-3.813416	-0.466246	-0.758321	0.154285	0.335339	0.218407	0.916431	0.318507	-0.941760	0.107895	0.886623	0.255708	-0.385373
15493	8.010021	-0.585131	-3.029110	-0.147721	-0.205546	0.132274	0.340911	0.216680	0.914784	0.313968	-0.943446	0.106464	0.886117	0.250918	-0.389661
15494	8.672067	-1.981272	-2.914774	0.919345	0.468043	0.091460	0.331240	0.211537	0.919528	0.333434	-0.937908	0.095653	0.882667	0.274918	-0.381207
15495	8.764950	-0.423367	-2.600180	1.615511	1.114981	0.064533	0.307209	0.201831	0.929993	0.368356	-0.926293	0.079348	0.877460	0.318192	-0.358912
15496	9.063566	1.135898	-2.500826	1.205274	1.594867	-0.059623	0.271580	0.189873	0.943500	0.395133	-0.915908	0.070584	0.877561	0.353639	-0.323767
15497	9.442385	0.489330	-2.319111	0.519435	1.935705	-0.121063	0.227651	0.175087	0.957872	0.407223	-0.910667	0.069676	0.884503	0.374205	-0.278614
15498	9.863091	0.479781	-1.887526	0.232594	2.144026	-0.122841	0.178667	0.157501	0.971222	0.412899	-0.907983	0.071289	0.893080	0.388279	-0.227259
15499	10.172140	0.744113	-1.507058	0.103646	2.200379	-0.044370	0.128786	0.136919	0.982175	0.415272	-0.906846	0.071966	0.900535	0.398601	-0.173648
15500	10.135332	0.872171	-1.252040	0.092659	2.110504	0.117152	0.082279	0.113060	0.990176	0.416925	-0.906330	0.068842	0.905209	0.407164	-0.121709
15501	9.905784	0.953988	-1.494189	0.107241	1.951313	0.305620	0.041178	0.086152	0.995431	0.418752	-0.906043	0.061094	0.907166	0.414323	-0.073385
15502	9.247046	1.502917	-2.349807	0.011014	1.768259	0.483320	0.006028	0.056868	0.998363	0.418581	-0.906850	0.049128	0.908160	0.417600	-0.029271
15503	8.334849	1.105206	-2.664435	-0.351468	1.569822	0.612203	-0.023411	0.026758	0.999368	0.410581	-0.911189	0.034015	0.911523	0.411118	0.010346
15504	7.643155	0.460127	-1.990049	-0.549555	1.301921	0.595541	-0.047197	0.000039	0.998886	0.398413	-0.917012	0.018861	0.915991	0.398859	0.043264
15505	6.531669	-0.452221	-4.873274	-0.148899	0.569799	0.198543	-0.058337	-0.010091	0.998246	0.395124	-0.918524	0.013806	0.916773	0.395237	0.057571
15506	9.926614	-0.088694	0.234080	0.040509	-0.429652	0.087389	-0.047661	-0.007759	0.998833	0.396028	-0.918163	0.011765	0.917000	0.396127	0.046834
15507	12.447522	2.999741	4.718416	1.963950	-0.070359	-0.022149	-0.046336	-0.006434	0.998905	0.440396	-0.897684	0.014647	0.896607	0.440592	0.044428
15508	9.900623	3.999072	1.427241	-0.023016	-0.928691	0.248516	-0.022829	-0.001701	0.999738	0.439962	-0.897976	0.008519	0.897726	0.440041	0.021248
15509	9.890801	0.535853	-1.374861	-0.526206	-1.120088	0.353540	0.006163	0.002591	0.999978	0.428060	-0.903750	-0.000297	0.903729	0.428052	-0.006679
15510	10.222520	-1.948825	-3.262029	-0.547977	-0.990029	0.261123	0.031289	0.007214	0.999484	0.415396	-0.909618	-0.006439	0.909102	0.415383	-0.031457
15511	10.547328	-0.254468	-3.158378	-0.296186	-0.735473	0.198927	0.050026	0.010358	0.998694	0.408329	-0.912769	-0.010987	0.911463	0.408346	-0.049892
15512	10.008822	-0.144403	-1.773316	-0.327312	-0.540372	0.175397	0.064092	0.011919	0.997873	0.400487	-0.916183	-0.014779	0.914058	0.400582	-0.063493
15513	9.765781	-0.574883	-0.987200	-0.116091	-0.414783	0.160085	0.075135	0.012498	0.997095	0.397432	-0.917446	-0.018448	0.914550	0.397664	-0.073900
15514	9.555801	-0.529293	-1.084547	-0.064624	-0.347741	0.142417	0.084465	0.012788	0.996344	0.395549	-0.918187	-0.021748	0.914553	0.395940	-0.082613
15515	9.634197	0.122841	-0.930046	-0.083528	-0.341091	0.155063	0.093763	0.012701	0.995514	0.393172	-0.919117	-0.025304	0.914672	0.393780	-0.091173
15516	9.668339	0.786162	-0.518145	-0.298778	-0.404088	0.194066	0.104872	0.012286	0.994410	0.385730	-0.922147	-0.029287	0.916632	0.386645	-0.101446
15517	9.877985	0.321916	-0.930365	-0.684634	-0.488358	0.255199	0.118471	0.011115	0.992895	0.369166	-0.928754	-0.033651	0.921782	0.370529	-0.114134
15518	9.806957	-1.195757	-1.570459	-0.688701	-0.490269	0.261107	0.132121	0.009588	0.991187	0.352319	-0.935112	-0.037917	0.926507	0.354223	-0.126926
15519	9.781108	-1.018370	-1.826298	-0.389474	-0.390702	0.179055	0.142708	0.008921	0.989725	0.342554	-0.938606	-0.040933	0.928596	0.344876	-0.137002
15520	9.979702	-0.428000	-2.156006	-0.286298	-0.304014	0.115825	0.150727	0.008905	0.988535	0.335360	-0.941124	-0.042656	0.929954	0.337945	-0.144839
15521	9.750741	-0.159354	-2.336737	-0.795180	-0.208145	0.099514	0.156371	0.008377	0.987663	0.316316	-0.947722	-0.042042	0.935678	0.318988	-0.150846
15522	9.787084	-1.898802	-2.753180	-0.338554	-0.089350	0.031939	0.158695	0.008437	0.987292	0.308143	-0.950439	-0.041408	0.938011	0.310798	-0.153430
15523	9.627455	-0.373437	-1.526970	-0.202653	0.021544	-0.036884	0.157896	0.009259	0.987412	0.303411	-0.952037	-0.039591	0.939686	0.305843	-0.153132
15524	9.563431	-2.226035	-1.370091	0.263309	-0.053035	-0.044736	0.158787	0.010842	0.987253	0.309646	-0.950037	-0.039369	0.937500	0.311950	-0.154210
15525	9.385467	0.608299	-0.154047	0.829360	-0.192588	-0.028970	0.163041	0.013180	0.986531	0.329003	-0.943405	-0.041769	0.930148	0.331382	-0.158150
15526	9.399105	-0.396507	-0.368091	0.204784	-0.349424	-0.017156	0.170992	0.016604	0.985132	0.333710	-0.941738	-0.042051	0.927038	0.335939	-0.166571
15527	9.439867	-0.587360	-0.619802	0.066092	-0.436817	-0.047886	0.180680	0.021509	0.983307	0.335333	-0.941206	-0.041028	0.924612	0.337148	-0.177270
15528	9.431492	-0.645423	-1.309761	-0.083031	-0.509447	-0.073514	0.191806	0.027619	0.981044	0.333641	-0.941905	-0.038714	0.922981	0.334742	-0.189878
15529	9.617402	-0.865076	-1.930808	-0.071399	-0.504246	-0.117605	0.202424	0.034695	0.978683	0.332460	-0.942454	-0.035353	0.921138	0.332530	-0.202310
15530	9.739703	-0.366716	-1.849080	-0.177902	-0.493598	-0.147692	0.212538	0.042348	0.976235	0.329018	-0.943825	-0.030688	0.920095	0.327721	-0.214532
15531	9.729396	-0.405368	-1.282504	-0.256205	-0.548095	-0.161882	0.223793	0.050713	0.973317	0.323897	-0.945757	-0.025195	0.919243	0.320893	-0.228079
15532	9.612884	-0.302415	-1.269348	-0.211409	-0.654325	-0.170190	0.237416	0.060037	0.969551	0.319914	-0.947242	-0.019683	0.917218	0.314846	-0.244097
15533	9.620795	-0.678219	-0.955368	-0.171124	-0.800009	-0.189317	0.254187	0.070859	0.964556	0.317051	-0.948307	-0.013886	0.913711	0.309344	-0.263513
15534	9.563603	-0.137697	-0.393707	-0.148120	-1.012587	-0.162177	0.275933	0.082558	0.957625	0.314646	-0.949168	-0.008834	0.908217	0.303751	-0.287884
15535	10.554424	-0.144153	0.101367	-0.104726	-1.307461	-0.165567	0.304140	0.096416	0.947736	0.313378	-0.949620	-0.003959	0.899607	0.298203	-0.319032
15536	11.771269	1.866331	0.180740	0.270047	-1.672084	-0.188876	0.339876	0.113486	0.933598	0.320824	-0.947137	-0.001664	0.884057	0.300086	-0.358319
15537	12.031001	2.585563	0.333205	0.030790	-2.121141	-0.122196	0.385203	0.132228	0.913310	0.322519	-0.946563	0.001015	0.864639	0.294169	-0.407264
15538	11.921627	2.931347	-0.654576	-0.005784	-2.488599	0.001019	0.438144	0.150322	0.886247	0.322312	-0.946633	0.001220	0.839134	0.285113	-0.463212
15539	11.045305	1.931423	-2.287470	-0.351963	-2.790226	0.153962	0.496789	0.165986	0.851851	0.313197	-0.949685	0.002397	0.809388	0.265606	-0.523779
15540	10.678791	-1.284612	-5.119423	-0.347953	-2.746500	0.190358	0.552605	0.179111	0.813970	0.303755	-0.952744	0.003428	0.776119	0.245353	-0.580897
15541	10.003223	-2.512794	-6.277797	-0.337418	-2.598399	0.157204	0.602977	0.190749	0.774619	0.295046	-0.955466	0.005613	0.741193	0.225164	-0.632404
15542	9.188503	-2.213030	-6.557827	-0.148139	-2.331441	0.050207	0.645432	0.202328	0.736533	0.291553	-0.956527	0.007270	0.705985	0.210046	-0.676362
15543	7.876834	-1.727904	-6.836664	0.145598	-1.848492	0.012068	0.677326	0.211691	0.704568	0.293844	-0.955842	0.004705	0.674452	0.203847	-0.709621
15544	5.741222	-0.483888	-6.919597	0.296729	-1.210849	-0.076485	0.696736	0.219777	0.682830	0.300060	-0.953920	0.000860	0.651554	0.204291	-0.730577
15545	6.993018	-0.325564	-5.152335	0.040711	-0.348295	-0.245392	0.700436	0.227480	0.676493	0.304991	-0.952345	0.004454	0.645267	0.203205	-0.736436
15546	6.651987	0.740076	-4.398083	0.733981	0.679568	-0.332147	0.686720	0.231811	0.688970	0.322633	-0.946519	-0.003114	0.651401	0.224423	-0.724783
15547	6.060778	0.845024	-4.826330	0.687139	1.589308	-0.456122	0.656524	0.233225	0.717344	0.341650	-0.939800	-0.007133	0.672497	0.249763	-0.696682
15548	6.108427	1.453571	-4.802868	0.767895	2.442936	-0.448157	0.610405	0.227559	0.758698	0.361950	-0.932125	-0.011628	0.704555	0.281709	-0.651339
15549	6.386063	2.110221	-5.031747	0.224952	3.107172	-0.510592	0.549157	0.216752	0.807122	0.373409	-0.927654	-0.004942	0.747658	0.304101	-0.590365
15550	7.277658	1.111293	-5.561730	-0.221934	3.657750	-0.568169	0.473043	0.201552	0.857675	0.376343	-0.926425	0.010139	0.796615	0.317984	-0.514092
15551	8.132073	0.141249	-5.896212	-0.071664	4.096020	-0.622899	0.383071	0.182551	0.905501	0.381488	-0.924038	0.024900	0.841263	0.335899	-0.423613
15552	8.910259	0.506507	-5.586031	0.174932	4.387345	-0.698647	0.281903	0.160623	0.945902	0.390985	-0.919544	0.039624	0.876163	0.358663	-0.322023
15553	10.047541	0.785627	-4.846167	0.019807	4.516557	-0.748995	0.173913	0.136408	0.975268	0.395605	-0.916609	0.057658	0.901804	0.375793	-0.213374
15554	11.141547	1.709111	-3.985272	-0.375856	4.495032	-0.609014	0.065394	0.107923	0.992006	0.388757	-0.918341	0.074281	0.919017	0.380792	-0.102009
15555	11.094217	1.954782	-2.403691	-1.078441	4.149977	-0.347449	-0.034048	0.077294	0.996427	0.363811	-0.927642	0.084390	0.930850	0.365385	0.003464
15556	10.639251	0.737044	-2.521791	-1.619104	3.286694	-0.152276	-0.112336	0.052249	0.992296	0.325535	-0.941571	0.086432	0.938833	0.332737	0.088763
15557	6.321099	-0.360359	-3.473874	-1.751378	1.662681	-0.002072	-0.151645	0.039390	0.987650	0.284099	-0.955306	0.081721	0.946727	0.292983	0.133676
15558	4.578683	-0.490088	-4.861051	-0.510603	0.057879	0.115004	-0.152292	0.036326	0.987668	0.272287	-0.959109	0.077260	0.950088	0.280696	0.136173
15559	7.063493	-1.440934	-3.205394	-0.161185	-1.248659	0.203851	-0.121222	0.040223	0.991810	0.269001	-0.960458	0.071830	0.955481	0.275505	0.105609
15560	13.962230	-1.018365	3.867472	0.309360	-0.660374	0.212693	-0.104038	0.039830	0.993775	0.276844	-0.958548	0.067400	0.955266	0.282133	0.088699
15561	11.405423	0.540825	-0.398835	0.169315	-1.157586	0.321975	-0.074169	0.040419	0.996426	0.281465	-0.957706	0.059799	0.956701	0.284894	0.059656
15562	10.549905	1.479587	-2.719979	-0.012302	-1.370389	0.302548	-0.039267	0.043000	0.998303	0.281458	-0.958145	0.052341	0.958770	0.283036	0.025521
15563	10.069300	0.086304	-3.261847	-0.072948	-1.213788	0.274085	-0.008262	0.045076	0.998949	0.279733	-0.958995	0.045586	0.960042	0.279816	-0.004686
15564	10.163307	0.273568	-3.148711	-0.125588	-0.962505	0.247805	0.016552	0.045919	0.998808	0.276553	-0.960184	0.039560	0.960856	0.275569	-0.028592
15565	10.032400	-0.791724	-2.034479	-0.163795	-0.707968	0.182173	0.034804	0.046486	0.998312	0.272363	-0.961548	0.035279	0.961565	0.270675	-0.046127
15566	9.692187	0.045973	-0.732535	0.408176	-0.538708	0.121520	0.048569	0.047382	0.997695	0.281893	-0.958918	0.031817	0.958216	0.279698	-0.059930
15567	9.610451	1.469816	-0.628544	-0.013986	-0.601875	0.159375	0.064100	0.047865	0.996795	0.281197	-0.959242	0.027980	0.957507	0.278502	-0.074947
15568	9.727973	0.965653	-0.850320	-0.324147	-0.665272	0.195520	0.081383	0.047839	0.995534	0.272944	-0.961733	0.023902	0.958582	0.269779	-0.091326
15569	9.693111	-0.000475	-0.867373	-0.427878	-0.701421	0.212707	0.099621	0.047460	0.993893	0.262069	-0.964846	0.019805	0.959893	0.258496	-0.108557
15570	9.822990	-1.061385	-1.050501	-0.210625	-0.713244	0.156445	0.117742	0.048350	0.991866	0.256460	-0.966411	0.016665	0.959357	0.252412	-0.126187
15571	9.652591	0.124353	-0.774328	-0.180753	-0.734979	0.104525	0.136020	0.050518	0.989417	0.251666	-0.967701	0.014811	0.958208	0.246988	-0.144340
15572	9.719167	-1.138731	-1.576436	-0.212692	-0.737035	0.046972	0.153951	0.053980	0.986603	0.246277	-0.969090	0.014592	0.956894	0.240731	-0.162487
15573	9.575274	-0.366394	-2.102108	0.220436	-0.638983	-0.052479	0.168876	0.059232	0.983856	0.251624	-0.967708	0.015069	0.952978	0.245017	-0.178327
15574	9.655186	0.180344	-2.613915	0.048925	-0.578954	-0.036716	0.182415	0.063768	0.981152	0.252823	-0.967382	0.015868	0.950161	0.245163	-0.192587
15575	9.594347	0.255446	-2.631677	-0.047685	-0.495224	-0.061684	0.193777	0.068383	0.978659	0.251857	-0.967602	0.017742	0.948166	0.243044	-0.204722
15576	9.616031	0.245670	-2.556444	-0.043693	-0.433151	-0.063484	0.203637	0.072641	0.976348	0.251014	-0.967784	0.019650	0.946321	0.241075	-0.215311
15577	9.362405	-0.239964	-1.668354	-0.105035	-0.448506	-0.056647	0.213888	0.076797	0.973835	0.248704	-0.968336	0.021740	0.944668	0.237547	-0.226215
15578	9.263260	-0.699940	-0.570876	-0.027455	-0.578784	-0.097054	0.226934	0.082670	0.970395	0.248470	-0.968333	0.024387	0.941681	0.235580	-0.240289
15579	9.454000	-0.183457	-0.078705	0.045027	-0.827336	-0.142983	0.245465	0.091090	0.965116	0.250253	-0.967784	0.027693	0.936547	0.234725	-0.260353
15580	9.670413	0.586141	-0.427554	0.036703	-1.103545	-0.158351	0.270200	0.101462	0.957443	0.252015	-0.967215	0.031377	0.929237	0.232812	-0.286911
15581	9.633060	0.112837	-1.025829	-0.007882	-1.356768	-0.174728	0.300438	0.113609	0.947011	0.252970	-0.966814	0.035730	0.919643	0.228831	-0.319208
15582	10.523787	0.008455	-0.909692	-0.008796	-1.580332	-0.217995	0.335124	0.127907	0.933451	0.254398	-0.966227	0.041065	0.907179	0.223707	-0.356345
15583	10.964108	0.766444	-0.854735	0.279297	-1.901924	-0.318197	0.375731	0.146312	0.915106	0.263401	-0.963593	0.045915	0.888508	0.223788	-0.400591
15584	11.705518	2.596411	-2.790582	0.446922	-2.136596	-0.353656	0.420124	0.166919	0.891983	0.276629	-0.959711	0.049302	0.864276	0.226035	-0.449372
15585	11.525003	1.976112	-3.558363	-0.157438	-2.269887	-0.351583	0.466014	0.187880	0.864600	0.277094	-0.959027	0.059047	0.840268	0.212059	-0.498980
15586	11.653015	0.118756	-3.039524	-0.241627	-2.367937	-0.294014	0.512872	0.207061	0.833120	0.275633	-0.958811	0.068619	0.813012	0.194443	-0.548820
15587	11.291667	-0.752508	-3.211070	0.065516	-2.418716	-0.196612	0.559622	0.223276	0.798105	0.279521	-0.957447	0.071857	0.780187	0.182875	-0.598218
15588	11.236037	-1.500568	-4.313734	0.331054	-2.391242	-0.206730	0.603623	0.239063	0.760584	0.288790	-0.954763	0.070903	0.743128	0.176850	-0.645356
15589	9.914959	-0.880760	-4.989128	0.823898	-2.338520	-0.267647	0.643760	0.256006	0.721134	0.307804	-0.949410	0.062267	0.700592	0.181883	-0.689992
15590	8.696303	0.371718	-5.395017	0.909668	-2.158331	-0.316888	0.677811	0.273591	0.682437	0.328468	-0.943091	0.051847	0.657785	0.189016	-0.729103
15591	7.519213	1.550191	-6.460865	0.778427	-1.709518	-0.247770	0.702982	0.287707	0.650417	0.345186	-0.937609	0.041661	0.621823	0.195228	-0.758434
15592	8.442702	-1.425994	-4.923524	0.419354	-0.974313	-0.367061	0.714553	0.301157	0.631441	0.358097	-0.932841	0.039675	0.600983	0.197767	-0.774408
15593	8.577885	-0.514506	-3.307583	1.973916	0.223721	-0.122223	0.709988	0.302826	0.635778	0.389583	-0.920984	0.003615	0.586636	0.245122	-0.771864
15594	7.250011	3.563046	-3.863216	1.115136	1.181742	-0.031578	0.692082	0.295871	0.658394	0.406634	-0.913434	-0.016960	0.596381	0.279463	-0.752482
15595	7.401930	2.137556	-4.245346	-0.189642	2.036255	-0.062743	0.660023	0.282889	0.695948	0.404786	-0.914330	-0.012234	0.632865	0.289785	-0.717988
15596	7.233392	0.923208	-5.090260	-0.591674	2.854370	-0.087539	0.611987	0.264075	0.745477	0.396431	-0.918065	-0.000231	0.684335	0.295671	-0.666531
15597	7.205223	0.883262	-5.624633	-0.555863	3.549783	-0.107544	0.547476	0.239948	0.801683	0.388063	-0.921569	0.010820	0.741403	0.305180	-0.597652
15598	7.365838	0.631798	-6.533970	-0.140747	4.121109	-0.269867	0.465473	0.213740	0.858866	0.388747	-0.921158	0.018556	0.795117	0.325244	-0.511865
15599	8.013532	0.015100	-6.319915	0.351572	4.490523	-0.534665	0.368225	0.187831	0.910566	0.401464	-0.915491	0.026498	0.838592	0.355802	-0.412514
15600	7.922052	0.496055	-5.909814	0.970214	4.832135	-0.813089	0.256501	0.160760	0.953081	0.428461	-0.902804	0.036969	0.866388	0.398875	-0.300449
15601	9.164163	1.841982	-5.832969	0.377617	5.048389	-1.040805	0.134202	0.132136	0.982105	0.441754	-0.895123	0.060069	0.887042	0.425788	-0.178499
15602	10.276009	1.096912	-5.174547	-0.587666	5.084365	-1.089194	0.008259	0.102354	0.994714	0.430429	-0.898241	0.088854	0.902587	0.427420	-0.051475
15603	12.890223	0.918491	-3.289192	-1.146536	4.724504	-0.861379	-0.107968	0.072286	0.991523	0.403242	-0.908441	0.110139	0.908702	0.411715	0.068934
15604	6.965510	-0.878766	-5.428482	-1.388024	2.776136	-0.248217	-0.173717	0.050415	0.983504	0.370623	-0.921918	0.112722	0.912393	0.384091	0.141467
15605	5.370603	-5.420779	-5.155487	-0.076708	0.417474	0.228261	-0.181216	0.041232	0.982579	0.369748	-0.922959	0.106922	0.911289	0.382683	0.152010
15606	7.932167	-2.464088	-4.297867	1.259698	-1.760689	0.439213	-0.137048	0.048671	0.989368	0.399978	-0.911028	0.100223	0.906220	0.409461	0.105387
15607	12.749412	4.670869	0.678799	1.733198	-1.549541	0.300609	-0.099091	0.058542	0.993355	0.439707	-0.892943	0.096487	0.892658	0.446346	0.062742
15608	10.421322	0.652284	-4.800403	0.215471	-1.885109	0.626555	-0.050110	0.065724	0.996579	0.445554	-0.891565	0.081201	0.893852	0.448098	0.015393
15609	10.589258	1.888125	-4.954458	0.350591	-1.716599	0.664659	-0.004372	0.070352	0.997513	0.453698	-0.888806	0.064674	0.891145	0.452852	-0.028033
15610	10.531466	-0.488977	-4.159750	0.146418	-1.316430	0.570047	0.031382	0.072704	0.996860	0.456634	-0.888226	0.050406	0.889101	0.453618	-0.061074
15611	10.010436	-0.643451	-2.691596	0.253759	-1.020522	0.487714	0.059596	0.073605	0.995505	0.461578	-0.886290	0.037898	0.885095	0.457245	-0.086794
15612	10.128881	0.227907	-2.501565	0.104644	-0.827484	0.408105	0.082586	0.074130	0.993823	0.463036	-0.885910	0.027603	0.882484	0.457896	-0.107488
15613	9.921579	1.312277	-2.405000	-0.037170	-0.687886	0.411912	0.102505	0.072957	0.992053	0.461136	-0.887155	0.017595	0.881389	0.455668	-0.124581
15614	9.814141	-0.139106	-1.997216	-0.363739	-0.635346	0.427132	0.121394	0.070727	0.990081	0.451788	-0.892087	0.008333	0.883828	0.446295	-0.140247
15615	9.824833	-1.021918	-2.183013	-0.330035	-0.581399	0.374553	0.138443	0.068884	0.987972	0.443145	-0.896450	0.000406	0.885695	0.437759	-0.154633
15616	9.750368	-0.852266	-1.980457	-0.424065	-0.522670	0.300558	0.153327	0.067884	0.985841	0.432517	-0.901611	-0.005185	0.888493	0.427188	-0.167602
15617	9.848872	-1.000304	-1.768485	-0.280959	-0.456320	0.217470	0.165808	0.067907	0.983817	0.425278	-0.905016	-0.009206	0.889745	0.419922	-0.178938
15618	9.723354	-0.745898	-1.653692	-0.208269	-0.402964	0.136586	0.176225	0.069115	0.981921	0.419933	-0.907482	-0.011490	0.890281	0.414366	-0.188944
15619	9.405239	-0.130168	-1.331885	-0.160751	-0.405110	0.089325	0.186182	0.071357	0.979921	0.415825	-0.909355	-0.012787	0.890183	0.409856	-0.198977
15620	9.372641	-0.366051	-0.807345	-0.202859	-0.506091	0.083468	0.198312	0.074703	0.977288	0.410785	-0.911630	-0.013672	0.889904	0.404166	-0.211474
15621	8.895020	-0.009814	-0.444385	-0.182418	-0.682423	0.085329	0.214356	0.079698	0.973499	0.406167	-0.913682	-0.014633	0.888302	0.398540	-0.228224
15622	9.086379	-0.820832	-0.907702	-0.099810	-0.872885	0.075115	0.234458	0.086725	0.968250	0.403415	-0.914882	-0.015741	0.884469	0.394297	-0.249487
15623	8.803695	-0.457772	-2.029105	-0.135110	-0.989147	0.078725	0.257059	0.094694	0.961745	0.399836	-0.916436	-0.016637	0.879802	0.388817	-0.273440
15624	9.123381	-1.165713	-3.248608	-0.225284	-1.004168	0.052718	0.279610	0.103236	0.954547	0.394426	-0.918785	-0.016169	0.875355	0.381020	-0.297620
15625	9.981011	-0.515765	-4.072866	-0.020966	-0.930903	0.005798	0.299962	0.112018	0.947351	0.393816	-0.919050	-0.016023	0.868868	0.377889	-0.319794
15626	10.309195	0.332052	-4.103537	-0.035031	-0.854277	-0.051485	0.317947	0.121319	0.940315	0.393346	-0.919278	-0.014396	0.862664	0.374447	-0.340002
15627	10.361982	0.546503	-3.400499	-0.068509	-0.816018	-0.083436	0.334667	0.130919	0.933198	0.392448	-0.919699	-0.011716	0.856728	0.370153	-0.359172
15628	10.270331	-0.013411	-2.607735	-0.209246	-0.888951	-0.101202	0.352656	0.141473	0.924997	0.388748	-0.921315	-0.007300	0.851181	0.362165	-0.379904
15629	10.320263	0.103248	-1.721316	-0.131782	-1.080566	-0.116512	0.374400	0.153931	0.914401	0.386918	-0.922109	-0.003194	0.842686	0.354994	-0.404797
15630	11.066187	0.012001	-0.621739	0.013157	-1.403266	-0.213134	0.401644	0.171285	0.899635	0.389169	-0.921165	0.001639	0.828993	0.349452	-0.436639
15631	11.428634	1.918456	0.720072	0.113611	-1.794701	-0.229270	0.436128	0.192195	0.879121	0.393814	-0.919173	0.005582	0.809137	0.343776	-0.476566
15632	11.281622	2.189910	0.871003	-0.280980	-2.305527	-0.133637	0.480741	0.214644	0.850186	0.389675	-0.920872	0.012146	0.785520	0.325457	-0.526343
15633	12.205590	1.145896	0.729960	-0.414530	-2.881172	0.023038	0.536327	0.236715	0.810135	0.381355	-0.924261	0.017597	0.752942	0.299511	-0.585979
15634	13.222883	-0.559547	-2.578557	-0.426490	-3.120895	0.070655	0.594121	0.257403	0.762078	0.372502	-0.927747	0.022954	0.712925	0.270238	-0.647078
15635	13.350205	-0.798405	-5.723609	-0.542843	-3.243560	-0.070150	0.649380	0.279643	0.707181	0.364202	-0.930714	0.033601	0.667579	0.235737	-0.706234
15636	10.316614	-0.275911	-7.013572	-0.444119	-2.877474	-0.173605	0.694158	0.299610	0.654506	0.359944	-0.931896	0.044838	0.623366	0.204461	-0.754726
15637	6.415069	0.130484	-7.273664	-0.112772	-2.080616	-0.120122	0.724472	0.312645	0.614323	0.360373	-0.931516	0.049083	0.587598	0.185826	-0.787526
15638	4.098563	0.398096	-9.173103	-0.482950	-1.217918	-0.046247	0.741577	0.319148	0.590092	0.354245	-0.933254	0.059560	0.569714	0.164869	-0.805136
15639	6.020449	-2.828997	-4.857338	0.297092	-0.080492	-0.028798	0.742367	0.320243	0.588503	0.359008	-0.931762	0.054162	0.565689	0.171069	-0.806679
15640	4.190735	0.856827	-5.737271	1.496637	0.984519	-0.143040	0.726963	0.318903	0.608133	0.382898	-0.923410	0.026517	0.570013	0.213576	-0.793392
15641	5.139675	-0.480710	-6.049393	1.065975	1.871453	-0.541033	0.694299	0.320484	0.644390	0.408020	-0.912860	0.014384	0.592848	0.252937	-0.764562
15642	5.424374	-0.427824	-5.969258	1.602280	2.769993	-0.667696	0.644980	0.316118	0.695752	0.443558	-0.896237	-0.003981	0.622300	0.311174	-0.718271
15643	5.880527	0.377993	-5.742961	1.416291	3.437869	-0.905691	0.579307	0.307006	0.755084	0.480117	-0.877126	-0.011723	0.658704	0.369320	-0.655524
15644	6.547299	0.353370	-5.746780	1.092554	3.898398	-1.116376	0.499135	0.292689	0.815596	0.513703	-0.857944	-0.006494	0.697835	0.422215	-0.578585
15645	8.102148	1.165702	-6.360611	0.754198	4.237804	-1.181304	0.407382	0.270648	0.872232	0.540599	-0.841237	0.008540	0.736066	0.468049	-0.489017
15646	8.761464	0.098686	-5.877141	0.186604	4.449695	-1.280197	0.305638	0.243550	0.920472	0.555493	-0.830769	0.035366	0.773313	0.500507	-0.389205
15647	9.789270	0.593076	-5.105392	0.235482	4.679064	-1.211027	0.196376	0.208180	0.958174	0.567666	-0.820920	0.062017	0.799495	0.531744	-0.279386
15648	10.665324	1.788778	-4.267452	-0.463487	4.730708	-1.015917	0.085830	0.165413	0.982482	0.561754	-0.822460	0.089396	0.822840	0.544240	-0.163513
15649	11.565543	1.668024	-3.564589	-1.437645	4.613949	-0.704775	-0.020338	0.118050	0.992799	0.532192	-0.839354	0.110706	0.846379	0.530612	-0.045755
15650	10.964315	0.689658	-2.260957	-1.975242	4.224935	-0.266598	-0.114324	0.069386	0.991018	0.489331	-0.864220	0.116957	0.864572	0.498307	0.064848
15651	9.355425	-0.392069	-1.634975	-1.921787	3.251043	0.061203	-0.184454	0.029126	0.982409	0.447610	-0.887394	0.110351	0.874998	0.460091	0.150647
15652	6.544923	-2.041182	-2.262701	-1.662716	1.660075	0.175591	-0.219177	0.006909	0.975661	0.411777	-0.905900	0.098918	0.884534	0.423435	0.195707
15653	5.493997	-0.826775	-3.638743	-0.324894	0.084326	0.242409	-0.218637	0.000583	0.975806	0.405764	-0.909391	0.091457	0.887442	0.415943	0.198590
15654	5.788284	-1.815257	-6.393537	0.453162	-1.230584	0.258839	-0.188698	0.007728	0.982005	0.416999	-0.904709	0.087248	0.889103	0.425959	0.167495
15655	13.452308	1.095389	1.868959	1.468295	-1.256579	0.216562	-0.158606	0.016833	0.987198	0.450243	-0.888610	0.087490	0.878707	0.458355	0.133360
15656	12.422435	6.077408	0.463554	1.257918	-1.011349	0.223349	-0.133961	0.023911	0.990698	0.478382	-0.873952	0.085780	0.867874	0.485423	0.105637
15657	11.232338	-0.806545	-4.111105	-0.375172	-1.551830	0.523801	-0.093930	0.031168	0.995091	0.471551	-0.878891	0.072040	0.876822	0.476003	0.067857
15658	10.216816	0.925045	-3.560639	0.322991	-1.409335	0.537609	-0.056680	0.036338	0.997731	0.479498	-0.875549	0.059128	0.875711	0.481761	0.032202
15659	10.221296	0.433975	-2.690614	-0.125611	-1.167824	0.496973	-0.025134	0.039549	0.998901	0.477110	-0.877599	0.046751	0.878484	0.477761	0.003188
15660	10.037237	0.166135	-1.284618	-0.076253	-1.025067	0.487813	0.003207	0.041143	0.999148	0.475426	-0.879072	0.034673	0.879750	0.474909	-0.022380
15661	9.771172	0.266854	-0.321057	-0.126369	-0.981096	0.421815	0.029805	0.043562	0.998606	0.472329	-0.881086	0.024338	0.880918	0.470945	-0.046836
15662	9.529934	-0.332446	-0.514415	-0.388470	-1.024133	0.394797	0.057029	0.046872	0.997272	0.463188	-0.886130	0.015161	0.884423	0.461060	-0.072246
15663	9.861841	-0.803316	-1.670288	-0.133527	-0.930758	0.322892	0.081342	0.050488	0.995407	0.459539	-0.888126	0.007494	0.884425	0.456819	-0.095443
15664	9.939032	-0.193200	-2.707289	-0.192690	-0.775226	0.274765	0.101640	0.053275	0.993394	0.454512	-0.890740	0.001266	0.884923	0.451380	-0.114749
15665	9.941632	-0.302816	-2.503769	-0.468238	-0.637791	0.237459	0.118462	0.055173	0.991425	0.443340	-0.896348	-0.003091	0.888491	0.439904	-0.130644
15666	9.937309	-0.622761	-1.896597	-0.376968	-0.510654	0.186630	0.131892	0.056636	0.989645	0.434231	-0.900779	-0.006321	0.891093	0.430569	-0.143399
15667	9.503107	-0.191268	-1.150938	-0.461053	-0.467511	0.134972	0.143801	0.058652	0.987867	0.423337	-0.905939	-0.007836	0.894487	0.419327	-0.155104
15668	9.740730	-0.789693	-0.823800	-0.348687	-0.553195	0.137609	0.157651	0.061363	0.985587	0.414875	-0.909826	-0.009716	0.896116	0.410427	-0.168893
15669	9.213635	-0.560466	-0.530240	-0.146300	-0.645781	0.087415	0.173037	0.066056	0.982698	0.411102	-0.911521	-0.011117	0.895016	0.405913	-0.184883
15670	9.289127	-0.452308	-0.503292	-0.121512	-0.778976	0.060163	0.191083	0.072638	0.978882	0.407980	-0.912913	-0.011898	0.892771	0.401638	-0.204077
15671	9.316710	-0.554819	-1.414647	-0.055303	-0.887386	0.028809	0.211158	0.080943	0.974095	0.406474	-0.913581	-0.012199	0.888927	0.398520	-0.225811
15672	9.146302	-0.498093	-2.665077	-0.134954	-0.909717	0.010900	0.231461	0.089783	0.968692	0.403294	-0.914997	-0.011558	0.885313	0.393343	-0.247995
15673	9.315077	-1.053047	-2.762580	-0.190254	-0.887923	-0.031500	0.250779	0.099246	0.962944	0.399157	-0.916834	-0.009458	0.881921	0.386737	-0.269537
15674	9.736293	-0.565100	-2.677042	0.020117	-0.879514	-0.080181	0.269325	0.109646	0.956787	0.399998	-0.916485	-0.007568	0.876051	0.384751	-0.290691
15675	10.149760	0.610488	-3.144590	-0.095267	-0.891727	-0.056354	0.288255	0.119539	0.950063	0.398191	-0.917287	-0.005398	0.870835	0.379862	-0.312012
15676	10.306693	0.339496	-2.609902	-0.122962	-0.921913	-0.073143	0.307554	0.129986	0.942610	0.395951	-0.918268	-0.002562	0.865236	0.374015	-0.333885
15677	10.261060	0.383572	-1.764419	-0.055430	-1.039444	-0.105459	0.328910	0.142143	0.933602	0.395484	-0.918473	0.000509	0.857561	0.369057	-0.358310
15678	10.279727	0.092177	-1.108085	-0.049831	-1.305092	-0.138754	0.355354	0.157350	0.921393	0.395504	-0.918454	0.004314	0.846936	0.362881	-0.388609
15679	10.724236	-0.029911	0.122174	0.106831	-1.712676	-0.214943	0.389119	0.177794	0.903867	0.399647	-0.916632	0.008254	0.829981	0.358016	-0.427734
15680	11.903778	2.113647	1.559392	0.452758	-2.207265	-0.248306	0.431643	0.203294	0.878838	0.411354	-0.911433	0.008797	0.802790	0.357716	-0.477040
15681	12.857284	2.538241	1.458051	0.041542	-2.838819	-0.149845	0.485881	0.231660	0.842765	0.413823	-0.910283	0.011637	0.769851	0.343102	-0.538155
15682	14.233274	2.130355	0.279130	-0.321568	-3.348489	0.045240	0.549083	0.258273	0.794860	0.407160	-0.913226	0.015470	0.729882	0.315141	-0.606595
15683	13.888548	-0.201579	-3.986576	-0.794253	-3.461263	0.119309	0.611704	0.280781	0.739582	0.390824	-0.920096	0.026064	0.687805	0.273103	-0.672562
15684	12.502748	-0.737873	-6.625512	-0.982846	-3.428693	0.004835	0.668900	0.301682	0.679383	0.373756	-0.926510	0.043430	0.642557	0.224873	-0.732498
15685	8.924703	-0.710064	-7.237117	-0.412720	-2.805652	-0.028029	0.712378	0.316394	0.626428	0.366912	-0.928809	0.051864	0.598242	0.192897	-0.777752
15686	5.634995	-0.419995	-8.208859	0.011195	-1.801381	-0.002513	0.738594	0.324599	0.590859	0.366747	-0.928875	0.051847	0.565664	0.178402	-0.805107
15687	5.570347	-1.546727	-6.977928	-0.418414	-0.845447	0.044943	0.750923	0.326803	0.573860	0.359533	-0.931212	0.059842	0.553942	0.161384	-0.816764
15688	5.985852	-1.397176	-4.597808	1.398436	0.466141	-0.099780	0.743532	0.326956	0.583319	0.380527	-0.924182	0.032971	0.549873	0.197453	-0.811574
15689	4.745811	1.843315	-5.845315	1.270103	1.506601	-0.378417	0.718678	0.327558	0.613358	0.405240	-0.914113	0.013349	0.565051	0.238963	-0.789693
15690	4.847764	-1.026875	-5.845492	0.997255	2.537550	-0.570066	0.675691	0.324000	0.662168	0.429655	-0.902987	0.003405	0.599032	0.282203	-0.749348
15691	4.388831	0.774250	-5.579008	1.104793	3.413839	-0.589577	0.615907	0.311209	0.723745	0.456697	-0.889601	-0.006122	0.641939	0.334303	-0.690040
15692	5.218128	1.443078	-5.946389	0.116154	3.986040	-0.653698	0.541175	0.291151	0.788898	0.468691	-0.883351	0.004494	0.698182	0.367318	-0.614507
15693	6.532702	-0.092210	-6.621887	-0.405050	4.443496	-0.690451	0.451793	0.264644	0.851966	0.470369	-0.882127	0.024579	0.758047	0.389634	-0.523020
15694	7.390115	-0.753737	-7.715885	0.172231	4.786294	-0.715629	0.349405	0.231975	0.907802	0.481456	-0.875627	0.038445	0.803814	0.423634	-0.417634
15695	8.269750	-1.414451	-6.942742	0.965280	5.139917	-0.842477	0.233766	0.192701	0.953006	0.507252	-0.860372	0.049544	0.829487	0.471833	-0.298874
15696	9.768231	1.274519	-5.014085	0.889505	5.256895	-0.920516	0.111784	0.147570	0.982714	0.529727	-0.845541	0.066715	0.840770	0.513112	-0.172689
15697	11.995274	1.079876	-3.866514	-0.094647	5.132347	-0.895678	-0.008731	0.099735	0.994976	0.528759	-0.844067	0.089248	0.848727	0.526882	-0.045367
15698	13.470137	1.423290	-1.066283	-0.744604	4.689072	-0.615816	-0.116601	0.051431	0.991846	0.511819	-0.852728	0.104386	0.851143	0.519818	0.073106
15699	8.110592	0.089986	-1.918101	-1.293418	3.002247	-0.259102	-0.184017	0.018971	0.982740	0.483086	-0.868982	0.107233	0.856017	0.494481	0.150743
15700	6.574843	-2.243137	-1.747612	-1.079986	1.150683	0.174987	-0.206761	0.001304	0.978391	0.460581	-0.882135	0.098509	0.863201	0.470996	0.181790
15701	5.570956	0.038117	-3.470507	-0.393386	-0.552896	0.386285	-0.190423	-0.000738	0.981702	0.453821	-0.886800	0.087362	0.870509	0.462153	0.169202
15702	6.983878	-1.506363	-5.629245	0.021051	-1.884204	0.408178	-0.144631	0.012044	0.989412	0.455841	-0.886687	0.077427	0.878232	0.462213	0.122752
15703	13.802578	1.894115	1.073881	1.527549	-1.393786	0.087762	-0.113241	0.026858	0.993204	0.489264	-0.868526	0.079271	0.864753	0.494916	0.085212
15704	11.554255	0.589601	-2.810266	0.776101	-1.718290	0.443352	-0.070709	0.038935	0.996737	0.506869	-0.859215	0.069521	0.859118	0.510130	0.041019
15705	10.006184	3.615230	-4.138961	0.371260	-1.826982	0.533139	-0.024717	0.051012	0.998392	0.515330	-0.855130	0.056451	0.856635	0.515897	-0.005152
15706	9.997247	-0.684072	-3.618639	-0.505099	-1.509666	0.468126	0.013708	0.060274	0.998088	0.504402	-0.862288	0.045145	0.863360	0.502818	-0.042223
15707	10.388741	-1.417220	-3.606769	0.338530	-1.122761	0.393332	0.042877	0.066089	0.996892	0.511278	-0.858705	0.034938	0.858345	0.508191	-0.070608
15708	10.128980	0.351095	-2.727904	0.298936	-0.861299	0.320763	0.065452	0.070298	0.995376	0.517110	-0.855511	0.026417	0.853413	0.512990	-0.092347
15709	10.144695	0.151338	-2.982313	-0.051366	-0.701654	0.279408	0.084051	0.073385	0.993756	0.515363	-0.856746	0.019679	0.852840	0.510491	-0.109830
15710	9.989186	0.777407	-2.408544	-0.084415	-0.571720	0.296301	0.100081	0.074401	0.992194	0.512753	-0.858443	0.012651	0.852683	0.507484	-0.124063
15711	9.823329	-0.048401	-1.512282	-0.193245	-0.557968	0.313236	0.116014	0.074807	0.990427	0.507657	-0.861541	0.005607	0.853713	0.502147	-0.137927
15712	9.670445	-0.199700	-1.430530	-0.263294	-0.522145	0.278403	0.130717	0.075405	0.988548	0.501046	-0.865420	-0.000241	0.855492	0.495340	-0.150906
15713	9.542554	-0.739230	-1.202437	-0.454463	-0.546482	0.229827	0.145316	0.077205	0.986368	0.490385	-0.871496	-0.004032	0.859305	0.484286	-0.164503
15714	9.409097	-0.410665	-0.948819	-0.436681	-0.588032	0.195341	0.160380	0.080069	0.983802	0.480114	-0.877179	-0.006877	0.862420	0.473440	-0.179124
15715	9.378258	-0.952654	-0.475875	-0.412466	-0.676050	0.135221	0.176618	0.085100	0.980594	0.470514	-0.882355	-0.008172	0.864536	0.462827	-0.195880
15716	9.253382	-0.549183	-0.778102	-0.157374	-0.771633	0.100024	0.194486	0.091855	0.976595	0.466528	-0.884453	-0.009719	0.862860	0.457499	-0.214866
15717	9.381714	-0.738599	-1.940999	-0.230962	-0.837722	0.057189	0.213235	0.100177	0.971851	0.461136	-0.887276	-0.009719	0.861327	0.450228	-0.235394
15718	9.326600	-0.324481	-2.869441	-0.024031	-0.810384	0.013971	0.230836	0.109041	0.966863	0.460421	-0.887646	-0.009817	0.857162	0.447430	-0.255105
15719	9.259738	-0.460114	-3.408500	-0.122014	-0.757103	-0.006385	0.246990	0.117684	0.961845	0.457730	-0.889048	-0.008762	0.854095	0.442429	-0.273454
15720	9.429906	-0.379809	-2.856184	-0.165754	-0.726769	-0.026195	0.262222	0.126331	0.956703	0.454245	-0.890850	-0.006868	0.851411	0.436379	-0.290986
15721	9.823799	-1.032996	-2.316966	-0.081028	-0.766377	-0.082714	0.277592	0.136571	0.950942	0.452967	-0.891517	-0.004190	0.847209	0.431909	-0.309341
15722	10.080841	-0.148688	-2.108040	-0.004222	-0.884092	-0.112932	0.295004	0.148671	0.943859	0.453573	-0.891218	-0.001385	0.840978	0.428517	-0.330347
15723	10.386962	0.955437	-2.012099	-0.019525	-1.013958	-0.135306	0.314723	0.162563	0.935159	0.454085	-0.890956	0.002059	0.833520	0.423994	-0.354222
15724	10.231119	0.243722	-1.526557	-0.195671	-1.230603	-0.153355	0.338535	0.178949	0.923781	0.451174	-0.892404	0.007531	0.825734	0.414236	-0.382847
