// General information: 
//  MT Manager version: 2022.2.0 
//  XDA version: 2022.2.0 build 7381 rev 124627 built on 2023-07-19
// Device information: 
//  DeviceId: 00B4CB9F
//  ProductCode: MTW2-3A7G6
//  Firmware Version: 4.6.0
//  Hardware Version: 2.0.0
// Device settings: 
//  Filter Profile: human(46.1)
//  Option Flags: Orientation Smoother Disabled, Position/Velocity Smoother Disabled, Continuous Zero Rotation Update Disabled, AHS Disabled, ICC Disabled
// Coordinate system: ENU
PacketCounter	Acc_X	Acc_Y	Acc_Z	Gyr_X	Gyr_Y	Gyr_Z	Mat[1][1]	Mat[2][1]	Mat[3][1]	Mat[1][2]	Mat[2][2]	Mat[3][2]	Mat[1][3]	Mat[2][3]	Mat[3][3]
33528	9.825042	-0.003018	-0.530458	-0.071515	0.022804	-0.041818	-0.016021	-0.011738	0.999803	-0.313095	-0.949584	-0.016165	0.949587	-0.313292	0.011539
33529	9.902114	0.048447	-0.290243	-0.065696	0.037693	-0.049446	-0.016143	-0.011203	0.999807	-0.313693	-0.949394	-0.015703	0.949387	-0.313886	0.011812
33530	9.850445	0.166301	-0.160402	-0.069436	0.052029	-0.059990	-0.016402	-0.010533	0.999810	-0.314324	-0.949195	-0.015156	0.949174	-0.314513	0.012258
33531	9.818967	0.169248	-0.088959	-0.081782	0.054735	-0.066415	-0.016639	-0.009782	0.999814	-0.315076	-0.948955	-0.014528	0.948920	-0.315259	0.012707
33532	9.781225	0.009472	-0.074284	-0.095768	0.050045	-0.067568	-0.016854	-0.009046	0.999817	-0.315958	-0.948671	-0.013909	0.948623	-0.316135	0.013131
33533	9.753913	-0.135051	-0.126740	-0.077370	0.048705	-0.062985	-0.017036	-0.008348	0.999820	-0.316668	-0.948443	-0.013315	0.948383	-0.316838	0.013514
33534	9.759886	-0.115426	-0.046591	-0.051068	0.042650	-0.059634	-0.017205	-0.007710	0.999822	-0.317125	-0.948298	-0.012770	0.948228	-0.317288	0.013870
33535	9.787622	-0.053404	0.118616	-0.046416	0.047156	-0.059758	-0.017379	-0.007052	0.999824	-0.317540	-0.948166	-0.012207	0.948086	-0.317696	0.014239
33536	9.735033	0.064073	0.248959	-0.042686	0.048818	-0.062833	-0.017595	-0.006363	0.999825	-0.317917	-0.948047	-0.011629	0.947955	-0.318066	0.014658
33537	9.847137	0.225378	0.343237	-0.045826	0.042426	-0.068315	-0.017701	-0.005639	0.999827	-0.318327	-0.947917	-0.010982	0.947816	-0.318467	0.014984
33538	9.942727	0.050632	0.301795	-0.084485	0.043950	-0.066057	-0.017861	-0.004935	0.999828	-0.319101	-0.947664	-0.010378	0.947552	-0.319232	0.015351
33539	9.911402	-0.093488	0.446109	-0.095334	0.064580	-0.068544	-0.018176	-0.004134	0.999826	-0.319981	-0.947374	-0.009734	0.947249	-0.320103	0.015897
33540	9.687621	-0.187614	0.448052	-0.078774	0.081629	-0.079233	-0.018649	-0.003185	0.999821	-0.320704	-0.947137	-0.008999	0.946996	-0.320814	0.016642
33541	9.580276	-0.129750	0.288517	-0.035676	0.058108	-0.064411	-0.018916	-0.002442	0.999818	-0.321018	-0.947036	-0.008386	0.946884	-0.321119	0.017131
33542	9.659318	0.068076	0.261532	-0.001413	0.033525	-0.058102	-0.019001	-0.001847	0.999818	-0.321005	-0.947045	-0.007850	0.946887	-0.321095	0.017402
33543	9.744215	0.126847	0.272758	-0.012876	0.028925	-0.056299	-0.019016	-0.001270	0.999818	-0.321104	-0.947016	-0.007311	0.946853	-0.321184	0.017601
33544	9.765497	0.063510	0.136858	-0.033059	0.030368	-0.053289	-0.019086	-0.000731	0.999818	-0.321389	-0.946923	-0.006828	0.946755	-0.321460	0.017838
33545	9.867057	0.001634	0.176060	-0.041581	0.036802	-0.050385	-0.019189	-0.000194	0.999816	-0.321756	-0.946801	-0.006359	0.946628	-0.321819	0.018106
33546	9.866974	0.006382	0.180580	-0.036721	0.054779	-0.047255	-0.019510	0.000367	0.999810	-0.322074	-0.946696	-0.005937	0.946513	-0.322129	0.018588
33547	9.759281	0.168211	0.134488	-0.018529	0.047261	-0.057920	-0.019688	0.001016	0.999806	-0.322228	-0.946647	-0.005383	0.946457	-0.322271	0.018965
33548	9.795965	0.238035	0.069948	-0.009488	0.034876	-0.065486	-0.019761	0.001685	0.999803	-0.322292	-0.946628	-0.004774	0.946434	-0.322323	0.019249
33549	9.800688	0.301581	0.015727	-0.020732	0.027711	-0.068825	-0.019722	0.002374	0.999803	-0.322467	-0.946572	-0.004113	0.946375	-0.322485	0.019434
33550	9.848578	0.292899	-0.013773	-0.033689	0.021991	-0.068319	-0.019664	0.003029	0.999802	-0.322761	-0.946474	-0.003481	0.946276	-0.322766	0.019589
33551	9.815522	0.393462	0.006095	-0.047317	0.023932	-0.074395	-0.019566	0.003756	0.999802	-0.323188	-0.946331	-0.002770	0.946132	-0.323178	0.019730
33552	9.794255	0.363550	0.032237	-0.077224	0.024293	-0.076160	-0.019503	0.004492	0.999800	-0.323896	-0.946091	-0.002068	0.945892	-0.323871	0.019907
33553	9.774605	0.184149	0.076097	-0.110347	0.024984	-0.075376	-0.019416	0.005240	0.999798	-0.324921	-0.945740	-0.001353	0.945542	-0.324881	0.020065
33554	9.807141	0.104976	0.225382	-0.132833	0.039633	-0.072238	-0.019510	0.005989	0.999792	-0.326152	-0.945317	-0.000702	0.945116	-0.326098	0.020396
33555	9.828262	0.102092	0.285202	-0.132245	0.053834	-0.065623	-0.019723	0.006735	0.999783	-0.327381	-0.944893	-0.000093	0.944687	-0.327311	0.020841
33556	9.821792	0.195769	0.221000	-0.107943	0.044836	-0.062920	-0.019894	0.007414	0.999775	-0.328374	-0.944548	0.000470	0.944338	-0.328291	0.021226
33557	9.822585	0.190906	-0.048444	-0.061831	0.018779	-0.064630	-0.019786	0.008036	0.999772	-0.328935	-0.944352	0.001081	0.944145	-0.328839	0.021329
33558	9.806499	0.257424	-0.323574	-0.032305	-0.010541	-0.059861	-0.019444	0.008504	0.999775	-0.329214	-0.944254	0.001629	0.944055	-0.329108	0.021160
33559	9.812154	0.265176	-0.522337	-0.006679	-0.031832	-0.059086	-0.018868	0.008897	0.999782	-0.329249	-0.944241	0.002189	0.944055	-0.329136	0.020745
33560	9.927934	0.334301	-0.473261	0.010286	-0.037880	-0.056814	-0.018278	0.009246	0.999790	-0.329124	-0.944283	0.002715	0.944110	-0.329006	0.020302
33561	9.972477	0.528136	-0.440228	0.003152	-0.029537	-0.058248	-0.017730	0.009639	0.999796	-0.329065	-0.944302	0.003268	0.944141	-0.328940	0.019915
33562	9.869202	0.609006	-0.260393	-0.015690	-0.025392	-0.065265	-0.017230	0.010108	0.999800	-0.329186	-0.944257	0.003874	0.944108	-0.329054	0.019597
33563	9.841689	0.623462	-0.121340	-0.062889	-0.032961	-0.074374	-0.016597	0.010655	0.999805	-0.329756	-0.944055	0.004586	0.943920	-0.329616	0.019182
33564	9.859767	0.468070	0.090429	-0.121185	-0.021288	-0.082053	-0.016080	0.011295	0.999807	-0.330875	-0.943659	0.005340	0.943537	-0.330726	0.018911
33565	9.771521	0.318734	0.270002	-0.182422	-0.009822	-0.079868	-0.015635	0.011966	0.999806	-0.332574	-0.943057	0.006086	0.942947	-0.332415	0.018724
33566	9.759600	0.099610	0.354401	-0.205117	-0.000782	-0.075857	-0.015329	0.012615	0.999803	-0.334482	-0.942378	0.006762	0.942278	-0.334312	0.018666
33567	9.793063	0.018366	0.499801	-0.201832	0.005927	-0.068710	-0.015074	0.013235	0.999799	-0.336357	-0.941705	0.007394	0.941614	-0.336178	0.018647
33568	9.757937	-0.090827	0.591998	-0.195468	0.021184	-0.065489	-0.015007	0.013859	0.999791	-0.338169	-0.941052	0.007969	0.940966	-0.337979	0.018809
33569	9.743408	-0.162812	0.661758	-0.179529	0.024083	-0.060795	-0.014941	0.014458	0.999784	-0.339831	-0.940448	0.008521	0.940368	-0.339630	0.018965
33570	9.685253	-0.207770	0.895487	-0.156756	0.046555	-0.062638	-0.015121	0.015141	0.999771	-0.341276	-0.939919	0.009074	0.939841	-0.341061	0.019380
33571	9.651597	-0.158701	0.997818	-0.127828	0.068738	-0.054886	-0.015497	0.015848	0.999754	-0.342453	-0.939486	0.009584	0.939407	-0.342220	0.019987
33572	9.681263	-0.095189	1.079817	-0.105653	0.077733	-0.047060	-0.016021	0.016492	0.999736	-0.343415	-0.939131	0.009989	0.939047	-0.343164	0.020710
33573	9.621359	-0.095550	1.186553	-0.097067	0.102932	-0.047620	-0.016747	0.017239	0.999711	-0.344297	-0.938803	0.010421	0.938711	-0.344023	0.021658
33574	9.665391	-0.214193	1.243835	-0.113408	0.119237	-0.044473	-0.017668	0.018003	0.999682	-0.345331	-0.938419	0.010797	0.938315	-0.345031	0.022797
33575	9.689526	-0.373857	1.215427	-0.103348	0.126114	-0.038875	-0.018646	0.018752	0.999650	-0.346270	-0.938069	0.011138	0.937949	-0.345942	0.023984
33576	9.664338	-0.213119	1.049114	-0.032766	0.124483	-0.039032	-0.019633	0.019485	0.999617	-0.346547	-0.937962	0.011476	0.937827	-0.346189	0.025168
33577	9.587753	-0.003732	0.595733	0.048396	0.088240	-0.043570	-0.020244	0.020151	0.999592	-0.346065	-0.938135	0.011903	0.937992	-0.345683	0.025965
33578	9.571015	0.258241	-0.039059	0.163711	0.003948	-0.041352	-0.020094	0.020488	0.999588	-0.344500	-0.938706	0.012315	0.938571	-0.344110	0.025920
33579	9.738390	0.559342	-0.549882	0.261377	-0.054627	-0.040876	-0.019376	0.020638	0.999599	-0.342016	-0.939607	0.012770	0.939494	-0.341632	0.025265
33580	9.885557	0.886178	-0.772976	0.283133	-0.084311	-0.032452	-0.018428	0.020593	0.999618	-0.339323	-0.940578	0.013121	0.940489	-0.338952	0.024321
33581	10.013211	1.122245	-1.008478	0.255845	-0.094345	-0.026372	-0.017378	0.020476	0.999639	-0.336885	-0.941450	0.013428	0.941385	-0.336530	0.023258
33582	10.105201	1.244505	-1.098876	0.184449	-0.072081	-0.031218	-0.016549	0.020464	0.999654	-0.335115	-0.942077	0.013738	0.942032	-0.334772	0.022448
33583	10.000957	1.269832	-0.900165	0.072171	-0.042274	-0.041900	-0.015931	0.020677	0.999659	-0.334409	-0.942322	0.014162	0.942293	-0.334070	0.021927
33584	9.994602	1.223479	-0.628881	-0.048413	-0.023866	-0.046798	-0.015505	0.020975	0.999660	-0.334835	-0.942164	0.014575	0.942149	-0.334495	0.021631
33585	9.942874	1.091677	-0.329158	-0.178564	0.010999	-0.050236	-0.015363	0.021442	0.999652	-0.336487	-0.941568	0.015024	0.941563	-0.336140	0.021680
33586	9.834709	0.738346	-0.183756	-0.280582	0.028630	-0.048712	-0.015423	0.021933	0.999640	-0.339098	-0.940625	0.015406	0.940625	-0.338738	0.021945
33587	9.779177	0.591729	-0.010666	-0.334021	0.039719	-0.052569	-0.015533	0.022517	0.999626	-0.342210	-0.939490	0.015844	0.939495	-0.341836	0.022299
33588	9.715253	0.374104	0.141350	-0.365029	0.028707	-0.049273	-0.015589	0.023014	0.999614	-0.345607	-0.938239	0.016211	0.938250	-0.345221	0.022580
33589	9.769966	-0.043087	0.219216	-0.398452	0.021664	-0.046149	-0.015550	0.023483	0.999603	-0.349315	-0.936859	0.016575	0.936876	-0.348919	0.022771
33590	9.801670	-0.607762	0.448850	-0.383999	0.030410	-0.033050	-0.015674	0.023835	0.999593	-0.352877	-0.935519	0.016774	0.935538	-0.352471	0.023074
33591	9.785792	-0.681366	0.735103	-0.295225	0.044156	-0.041781	-0.015855	0.024338	0.999578	-0.355610	-0.934478	0.017112	0.934500	-0.355189	0.023471
33592	9.714295	-0.444115	0.756703	-0.154190	0.040587	-0.059860	-0.015977	0.024977	0.999560	-0.357022	-0.933929	0.017630	0.933959	-0.356584	0.023839
33593	9.699175	-0.099415	0.635912	-0.023319	0.016437	-0.064894	-0.015820	0.025588	0.999547	-0.357213	-0.933845	0.018252	0.933889	-0.356763	0.023914
33594	9.721052	0.152281	0.273338	0.072297	-0.022515	-0.063066	-0.015341	0.026032	0.999543	-0.356510	-0.934101	0.018856	0.934166	-0.356058	0.023610
33595	9.889582	0.426311	0.082770	0.128665	-0.052095	-0.047992	-0.014607	0.026252	0.999549	-0.355280	-0.934560	0.019354	0.934646	-0.354836	0.022978
33596	9.969291	0.586123	0.098658	0.132205	-0.035411	-0.036733	-0.014101	0.026406	0.999552	-0.354011	-0.935034	0.019707	0.935135	-0.353575	0.022533
33597	9.858826	0.536166	0.117375	0.093134	-0.009092	-0.033420	-0.013816	0.026647	0.999549	-0.353113	-0.935366	0.020055	0.935479	-0.352677	0.022332
33598	9.734855	0.453744	-0.036795	0.061566	-0.011015	-0.016519	-0.013610	0.026698	0.999551	-0.352502	-0.935593	0.020190	0.935712	-0.352068	0.022145
33599	9.750815	0.435246	0.049446	0.060036	-0.014366	-0.008310	-0.013369	0.026689	0.999554	-0.351907	-0.935815	0.020280	0.935939	-0.351479	0.021903
33600	9.804716	0.431918	-0.017358	0.064512	-0.016155	-0.001759	-0.013168	0.026584	0.999560	-0.351266	-0.936056	0.020268	0.936183	-0.350845	0.021664
33601	9.832817	0.381074	0.024994	0.083309	-0.024306	0.002374	-0.012876	0.026427	0.999568	-0.350446	-0.936364	0.020242	0.936495	-0.350034	0.021318
33602	9.947976	0.557674	0.217205	0.090218	-0.017702	-0.005817	-0.012645	0.026355	0.999573	-0.349564	-0.936693	0.020275	0.936827	-0.349158	0.021058
33603	9.945561	0.610310	0.302616	0.052775	0.004042	-0.015000	-0.012556	0.026462	0.999571	-0.349032	-0.936888	0.020418	0.937027	-0.348626	0.020999
33604	9.829506	0.663828	0.608689	-0.002029	0.040117	-0.029618	-0.012784	0.026815	0.999559	-0.349017	-0.936888	0.020670	0.937029	-0.348599	0.021336
33605	9.766891	0.713259	0.853450	-0.087710	0.071659	-0.023374	-0.013299	0.027253	0.999540	-0.349808	-0.936589	0.020883	0.936727	-0.349369	0.021989
33606	9.779769	0.586040	1.029166	-0.165565	0.111657	-0.016724	-0.014242	0.027737	0.999514	-0.351323	-0.936019	0.020969	0.936146	-0.350854	0.023075
33607	9.575405	0.185618	0.913698	-0.179494	0.118714	-0.010988	-0.015234	0.028214	0.999486	-0.352970	-0.935398	0.021025	0.935510	-0.352469	0.024208
33608	9.477696	0.099237	0.791952	-0.119295	0.070614	-0.012299	-0.015807	0.028514	0.999468	-0.354050	-0.934989	0.021075	0.935093	-0.353529	0.024874
33609	9.546268	0.062139	0.470040	-0.063239	0.021900	-0.001441	-0.015934	0.028560	0.999465	-0.354603	-0.934780	0.021058	0.934881	-0.354078	0.025022
33610	9.657523	0.162766	0.208927	0.013787	-0.006511	0.010632	-0.015867	0.028373	0.999471	-0.354435	-0.934847	0.020911	0.934946	-0.353916	0.024889
33611	9.749268	0.223501	-0.087090	0.049516	-0.024620	0.014238	-0.015610	0.028111	0.999483	-0.353934	-0.935040	0.020770	0.935140	-0.353427	0.024545
33612	9.843335	0.184322	-0.285200	0.087585	-0.034676	0.025224	-0.015330	0.027688	0.999499	-0.353074	-0.935371	0.020496	0.935470	-0.352582	0.024115
33613	9.939267	0.316753	-0.234390	0.128944	-0.024280	0.024918	-0.015120	0.027326	0.999512	-0.351825	-0.935846	0.020263	0.935944	-0.351347	0.023763
33614	9.923689	0.605263	-0.230337	0.145398	-0.018852	0.007306	-0.014925	0.027127	0.999521	-0.350425	-0.936373	0.020181	0.936472	-0.349956	0.023481
33615	9.872091	0.876040	-0.292728	0.134435	-0.024872	-0.000264	-0.014610	0.027002	0.999529	-0.349133	-0.936855	0.020206	0.936959	-0.348673	0.023115
33616	9.883219	1.005670	-0.276936	0.094784	-0.035721	-0.009475	-0.014198	0.026902	0.999537	-0.348208	-0.937198	0.020278	0.937310	-0.347759	0.022674
33617	9.907964	1.055057	-0.281862	0.025209	-0.039639	-0.010810	-0.013712	0.026831	0.999546	-0.347938	-0.937296	0.020387	0.937417	-0.347501	0.022188
33618	9.974449	0.972982	-0.261594	-0.048094	-0.036105	-0.008721	-0.013299	0.026723	0.999554	-0.348352	-0.937141	0.020420	0.937269	-0.347926	0.021772
33619	9.868170	0.819351	-0.305756	-0.117508	-0.021173	-0.007502	-0.012997	0.026679	0.999560	-0.349416	-0.936744	0.020459	0.936878	-0.348996	0.021497
33620	9.825888	0.522212	-0.379556	-0.162262	-0.031705	-0.006377	-0.012634	0.026563	0.999567	-0.350899	-0.936190	0.020444	0.936328	-0.350489	0.021149
33621	9.827938	0.265764	-0.181226	-0.186229	-0.020438	0.006637	-0.012387	0.026394	0.999575	-0.352604	-0.935552	0.020334	0.935691	-0.352202	0.020896
33622	9.804034	0.008188	-0.058915	-0.200326	-0.000363	0.014121	-0.012390	0.026196	0.999580	-0.354439	-0.934863	0.020107	0.934997	-0.354041	0.020868
33623	9.806584	-0.252173	0.085798	-0.180775	0.006343	0.028599	-0.012471	0.025909	0.999587	-0.356086	-0.934244	0.019773	0.934370	-0.355692	0.020877
33624	9.792524	-0.221993	0.348429	-0.112655	0.020697	0.019580	-0.012691	0.025735	0.999588	-0.357098	-0.933863	0.019510	0.933981	-0.356704	0.021041
33625	9.810357	-0.023651	0.556693	-0.048130	0.025349	0.009275	-0.012882	0.025696	0.999587	-0.357508	-0.933708	0.019395	0.933821	-0.357111	0.021215
33626	9.761218	0.099851	0.787570	-0.034462	0.033185	-0.006115	-0.013126	0.025807	0.999581	-0.357793	-0.933599	0.019405	0.933708	-0.357389	0.021488
33627	9.705823	0.104922	0.965557	-0.045057	0.044560	-0.021881	-0.013383	0.026131	0.999569	-0.358182	-0.933446	0.019607	0.933556	-0.357765	0.021852
33628	9.728046	0.045939	1.047097	-0.054681	0.047591	-0.023780	-0.013698	0.026459	0.999556	-0.358658	-0.933259	0.019789	0.933368	-0.358228	0.022274
33629	9.682299	-0.040155	1.074520	-0.058509	0.067061	-0.012983	-0.014200	0.026782	0.999540	-0.359173	-0.933059	0.019898	0.933163	-0.358725	0.022868
33630	9.559415	-0.013302	0.959151	-0.024312	0.062190	-0.012862	-0.014690	0.027060	0.999526	-0.359364	-0.932984	0.019977	0.933082	-0.358900	0.023430
33631	9.690944	0.030358	0.943417	0.006368	0.037406	-0.008918	-0.014932	0.027243	0.999517	-0.359272	-0.933017	0.020063	0.933114	-0.358799	0.023719
33632	9.807546	0.094245	0.784866	0.029470	0.047856	-0.008497	-0.015304	0.027429	0.999507	-0.358960	-0.933136	0.020111	0.933227	-0.358476	0.024127
33633	9.813816	0.153451	0.516440	0.069229	0.050782	-0.003463	-0.015690	0.027600	0.999496	-0.358282	-0.933396	0.020151	0.933482	-0.357785	0.024533
33634	9.722086	0.016765	0.138199	0.080572	0.039018	0.006677	-0.016034	0.027613	0.999490	-0.357491	-0.933701	0.020060	0.933779	-0.356987	0.024842
33635	9.626225	-0.021172	-0.176921	0.139003	0.014007	0.018933	-0.016159	0.027452	0.999493	-0.356157	-0.934214	0.019901	0.934286	-0.355655	0.024873
33636	9.808452	0.324472	-0.374198	0.224556	-0.014615	0.019885	-0.016049	0.027150	0.999503	-0.354018	-0.935031	0.019714	0.935101	-0.353525	0.024618
33637	9.848859	0.718313	-0.456950	0.258070	-0.015973	0.010291	-0.015870	0.026954	0.999511	-0.351558	-0.935960	0.019658	0.936031	-0.351074	0.024330
33638	9.865028	1.015012	-0.464961	0.229098	-0.030871	0.004481	-0.015552	0.026740	0.999521	-0.349375	-0.936778	0.019625	0.936854	-0.348902	0.023911
33639	9.864587	1.126108	-0.329589	0.141242	-0.028798	-0.004759	-0.015192	0.026644	0.999530	-0.348013	-0.937283	0.019695	0.937367	-0.347550	0.023512
33640	9.999580	1.021607	-0.175956	0.030275	-0.006158	-0.004311	-0.015075	0.026599	0.999533	-0.347692	-0.937402	0.019702	0.937488	-0.347233	0.023380
33641	9.905255	0.789107	-0.074032	-0.058543	0.022788	-0.002671	-0.015205	0.026665	0.999529	-0.348203	-0.937212	0.019705	0.937296	-0.347740	0.023535
33642	9.807692	0.496741	0.030895	-0.112631	0.030393	-0.002214	-0.015438	0.026727	0.999524	-0.349221	-0.936834	0.019657	0.936913	-0.348752	0.023796
33643	9.752052	0.231323	0.113659	-0.138317	0.022658	0.001279	-0.015581	0.026761	0.999520	-0.350476	-0.936366	0.019607	0.936442	-0.350003	0.023969
33644	9.866010	0.087530	0.349406	-0.129607	0.033018	0.010435	-0.015883	0.026715	0.999517	-0.351650	-0.935930	0.019428	0.935997	-0.351172	0.024260
33645	9.872011	0.046116	0.397728	-0.082343	0.047807	0.015458	-0.016307	0.026701	0.999510	-0.352382	-0.935658	0.019246	0.935714	-0.351895	0.024667
33646	9.847280	0.155128	0.356955	-0.037891	0.043244	0.013152	-0.016714	0.026666	0.999505	-0.352696	-0.935544	0.019062	0.935589	-0.352203	0.025042
33647	9.723189	0.230002	0.270507	0.001455	0.028804	0.002567	-0.016913	0.026715	0.999500	-0.352650	-0.935561	0.019038	0.935602	-0.352152	0.025244
33648	9.656825	0.361833	0.116179	0.041673	-0.006381	-0.003179	-0.016798	0.026658	0.999503	-0.352223	-0.935722	0.019037	0.935765	-0.351728	0.025107
33649	9.724604	0.437402	0.037551	0.060615	-0.036764	-0.001065	-0.016373	0.026501	0.999515	-0.351621	-0.935948	0.019056	0.935999	-0.351139	0.024643
33650	9.795957	0.412795	-0.052735	0.063048	-0.044932	-0.004056	-0.015894	0.026318	0.999527	-0.350994	-0.936184	0.019068	0.936243	-0.350525	0.024117
33651	9.798423	0.473697	-0.003693	0.058804	-0.047864	-0.006303	-0.015346	0.026160	0.999540	-0.350406	-0.936402	0.019128	0.936472	-0.349951	0.023536
33652	9.822624	0.523793	0.045724	0.041998	-0.045808	-0.010057	-0.014837	0.026029	0.999551	-0.349977	-0.936562	0.019194	0.936641	-0.349535	0.023006
33653	9.827313	0.534660	0.062892	0.012704	-0.044781	-0.007051	-0.014312	0.025912	0.999562	-0.349828	-0.936616	0.019271	0.936705	-0.349399	0.022469
33654	9.845083	0.465548	0.114792	-0.007884	-0.034350	-0.013035	-0.013900	0.025849	0.999569	-0.349866	-0.936600	0.019356	0.936697	-0.349446	0.022062
33655	9.874896	0.477274	0.265430	-0.027795	-0.017328	-0.014683	-0.013614	0.025895	0.999572	-0.350089	-0.936514	0.019493	0.936618	-0.349673	0.021815
33656	9.857651	0.340706	0.331637	-0.060562	-0.006248	-0.016076	-0.013454	0.025959	0.999572	-0.350620	-0.936313	0.019597	0.936421	-0.350207	0.021700
33657	9.805391	0.136059	0.410143	-0.091337	0.002901	-0.013978	-0.013348	0.026058	0.999571	-0.351446	-0.936001	0.019708	0.936113	-0.351033	0.021652
33658	9.853503	-0.083613	0.611199	-0.111118	0.022182	-0.001337	-0.013507	0.026084	0.999568	-0.352449	-0.935625	0.019653	0.935734	-0.352031	0.021831
33659	9.793432	-0.249939	0.757910	-0.127171	0.056637	0.011763	-0.014001	0.026135	0.999560	-0.353600	-0.935193	0.019499	0.935292	-0.353172	0.022335
33660	9.629050	-0.302679	0.794975	-0.099674	0.071299	0.010419	-0.014661	0.026225	0.999549	-0.354493	-0.934859	0.019328	0.934944	-0.354049	0.023003
33661	9.614031	-0.173921	0.744581	-0.023456	0.047426	0.007377	-0.015059	0.026289	0.999541	-0.354672	-0.934793	0.019242	0.934869	-0.354220	0.023401
33662	9.653794	0.062951	0.714229	0.043584	0.033750	-0.000559	-0.015329	0.026349	0.999535	-0.354227	-0.934962	0.019214	0.935034	-0.353768	0.023666
33663	9.699143	0.310015	0.649529	0.082027	0.018412	-0.001622	-0.015419	0.026390	0.999533	-0.353426	-0.935265	0.019241	0.935335	-0.352964	0.023748
33664	9.697099	0.458012	0.419770	0.099856	0.010293	0.006478	-0.015494	0.026302	0.999534	-0.352453	-0.935633	0.019157	0.935701	-0.351992	0.023767
33665	9.620494	0.508042	0.056201	0.125167	-0.031164	0.006946	-0.015154	0.026092	0.999545	-0.351245	-0.936088	0.019110	0.936161	-0.350796	0.023350
33666	9.655020	0.672442	-0.169431	0.150022	-0.070550	0.010852	-0.014487	0.025679	0.999565	-0.349801	-0.936631	0.018993	0.936712	-0.349374	0.022551
33667	9.811946	0.810208	-0.330481	0.115383	-0.082064	0.013301	-0.013694	0.025242	0.999588	-0.348682	-0.937051	0.018886	0.937141	-0.348279	0.021634
33668	9.890313	0.853961	-0.349275	0.055620	-0.070192	0.016225	-0.013048	0.024782	0.999608	-0.348121	-0.937263	0.018692	0.937359	-0.347740	0.020857
33669	9.965657	0.790312	-0.233316	-0.014503	-0.047533	0.010781	-0.012570	0.024480	0.999621	-0.348214	-0.937231	0.018574	0.937331	-0.347849	0.020305
33670	9.984936	0.669998	-0.157850	-0.077652	-0.019187	0.002840	-0.012355	0.024323	0.999628	-0.348904	-0.936976	0.018486	0.937077	-0.348546	0.020063
33671	9.895064	0.607016	-0.027094	-0.113584	0.003644	-0.005139	-0.012296	0.024346	0.999628	-0.349932	-0.936592	0.018507	0.936695	-0.349574	0.020036
33672	9.855071	0.641830	0.104909	-0.134551	0.018398	-0.017235	-0.012364	0.024508	0.999623	-0.351156	-0.936132	0.018608	0.936235	-0.350794	0.020180
33673	9.674959	0.565241	0.236876	-0.141301	0.007012	-0.028657	-0.012254	0.024769	0.999618	-0.352447	-0.935642	0.018863	0.935752	-0.352081	0.020195
33674	9.860556	0.559079	0.338087	-0.160898	-0.010317	-0.039869	-0.011973	0.025041	0.999615	-0.353919	-0.935079	0.019186	0.935199	-0.353553	0.020058
33675	9.864411	0.573009	0.415584	-0.197925	0.012112	-0.045777	-0.011845	0.025477	0.999605	-0.355739	-0.934380	0.019599	0.934510	-0.355366	0.020131
33676	9.732652	0.374420	0.429472	-0.265883	0.029869	-0.054892	-0.011884	0.026032	0.999590	-0.358191	-0.933433	0.020050	0.933573	-0.357806	0.020417
33677	9.620755	-0.005614	0.246393	-0.266348	0.006959	-0.046068	-0.011710	0.026454	0.999581	-0.360645	-0.932479	0.020453	0.932630	-0.360254	0.020460
33678	9.685604	-0.415576	0.116177	-0.232352	-0.008964	-0.020517	-0.011509	0.026548	0.999581	-0.362776	-0.931649	0.020567	0.931805	-0.362387	0.020353
33679	9.820202	-0.631870	0.236432	-0.177800	0.003953	0.003469	-0.011489	0.026498	0.999583	-0.364391	-0.931021	0.020492	0.931175	-0.364004	0.020352
33680	9.809865	-0.592950	0.521456	-0.142136	0.039474	-0.002643	-0.011803	0.026601	0.999576	-0.365677	-0.930517	0.020445	0.930667	-0.365281	0.020711
33681	9.690113	-0.505651	0.457298	-0.079836	0.024309	-0.027539	-0.011855	0.026921	0.999567	-0.366391	-0.930230	0.020708	0.930385	-0.365987	0.020891
33682	9.726398	-0.273084	0.295694	-0.003562	-0.007060	-0.058715	-0.011531	0.027376	0.999559	-0.366394	-0.930217	0.021250	0.930388	-0.365987	0.020757
33683	9.808418	-0.000471	0.187024	0.027568	-0.029551	-0.079066	-0.010892	0.027967	0.999550	-0.366115	-0.930309	0.022040	0.930506	-0.365710	0.020372
33684	9.941590	0.161048	0.143479	0.036387	-0.014572	-0.088797	-0.010388	0.028675	0.999535	-0.365749	-0.930432	0.022891	0.930656	-0.365341	0.020153
33685	9.976721	0.346752	0.166160	0.047849	0.009973	-0.069320	-0.010155	0.029320	0.999519	-0.365279	-0.930599	0.023587	0.930843	-0.364864	0.020160
33686	10.014260	0.371557	0.070763	0.007672	0.038850	-0.055209	-0.010272	0.029910	0.999500	-0.365176	-0.930627	0.024096	0.930882	-0.364746	0.020482
33687	9.617232	0.347111	-0.070986	-0.032021	0.068952	-0.059775	-0.010620	0.030684	0.999473	-0.365451	-0.930503	0.024683	0.930770	-0.364996	0.021096
33688	9.600653	0.373526	-0.097880	-0.069954	0.052010	-0.054187	-0.010863	0.031313	0.999451	-0.366071	-0.930247	0.025166	0.930524	-0.365596	0.021568
33689	9.794064	0.329434	-0.058265	-0.139429	0.031992	-0.050207	-0.010909	0.031859	0.999433	-0.367332	-0.929737	0.025628	0.930026	-0.366844	0.021845
33690	9.795423	0.336238	-0.164561	-0.165828	0.016324	-0.071414	-0.010755	0.032518	0.999413	-0.368844	-0.929120	0.026261	0.929429	-0.368346	0.021987
33691	9.798633	0.405055	-0.217428	-0.188151	-0.005027	-0.098290	-0.010276	0.033375	0.999390	-0.370561	-0.928410	0.027194	0.928751	-0.370056	0.021908
33692	9.825395	0.306129	-0.283924	-0.220252	-0.015525	-0.122780	-0.009633	0.034392	0.999362	-0.372581	-0.927567	0.028329	0.927950	-0.372070	0.021749
33693	9.824800	-0.009386	-0.332022	-0.239855	-0.001130	-0.129847	-0.009062	0.035553	0.999327	-0.374784	-0.926640	0.029568	0.927068	-0.374264	0.021722
33694	9.902949	-0.274002	-0.039301	-0.240026	0.023112	-0.113269	-0.008808	0.036623	0.999290	-0.376982	-0.925715	0.030604	0.926179	-0.376445	0.021960
33695	10.093317	-0.422033	0.588093	-0.248741	0.090330	-0.106381	-0.009172	0.037896	0.999240	-0.379253	-0.924753	0.031590	0.925247	-0.378675	0.022854
33696	10.026521	-0.486905	0.968303	-0.230477	0.156370	-0.121849	-0.010112	0.039550	0.999166	-0.381360	-0.923848	0.032709	0.924371	-0.380711	0.024425
33697	9.628863	-0.841878	0.650981	-0.142908	0.150927	-0.140614	-0.010907	0.041380	0.999084	-0.382651	-0.923265	0.034062	0.923828	-0.381929	0.025904
33698	9.402901	-1.129526	0.213596	0.066791	0.074705	-0.129998	-0.011058	0.042800	0.999022	-0.382011	-0.923482	0.035335	0.924091	-0.381247	0.026562
33699	9.639721	-0.757257	-0.250115	0.271513	-0.011552	-0.103918	-0.010491	0.043670	0.998991	-0.379471	-0.924486	0.036428	0.925144	-0.378706	0.026271
33700	9.727727	-0.298272	-0.514549	0.441035	-0.062355	-0.088357	-0.009538	0.044187	0.998978	-0.375359	-0.926125	0.037381	0.926830	-0.374619	0.025420
33701	9.772974	0.531281	-0.236166	0.552905	-0.086218	-0.108669	-0.008267	0.044823	0.998961	-0.370199	-0.928151	0.038582	0.928916	-0.369496	0.024267
33702	9.677387	1.243119	-0.157696	0.545847	-0.104676	-0.151483	-0.006694	0.045782	0.998929	-0.365097	-0.930102	0.040181	0.930945	-0.364437	0.022941
33703	9.628020	1.498796	-0.110645	0.499008	-0.136352	-0.177717	-0.004706	0.046898	0.998889	-0.360424	-0.931840	0.042051	0.932777	-0.359825	0.021288
33704	9.717202	1.602963	0.165585	0.380389	-0.134702	-0.175654	-0.002775	0.047989	0.998844	-0.356842	-0.933135	0.043840	0.934161	-0.356308	0.019714
33705	9.795040	1.399043	0.369379	0.279606	-0.103728	-0.152147	-0.001191	0.049003	0.998798	-0.354197	-0.934068	0.045405	0.935170	-0.353717	0.018469
33706	9.823734	1.376609	0.697364	0.186836	-0.057892	-0.149156	-0.000078	0.050129	0.998743	-0.352413	-0.934669	0.046885	0.935845	-0.351966	0.017739
33707	9.928886	1.280997	0.856758	0.086815	-0.039690	-0.139979	0.000856	0.051260	0.998685	-0.351560	-0.934919	0.048289	0.936165	-0.351139	0.017221
33708	10.054123	0.945303	1.153589	-0.031957	-0.010064	-0.124418	0.001432	0.052324	0.998629	-0.351821	-0.934759	0.049482	0.936066	-0.351409	0.017070
33709	9.890415	0.562597	1.343384	-0.132485	0.045380	-0.111634	0.001472	0.053483	0.998568	-0.353023	-0.934248	0.050558	0.935614	-0.352592	0.017505
33710	9.553170	-0.031545	1.175771	-0.161523	0.074185	-0.094688	0.001157	0.054565	0.998510	-0.354495	-0.933642	0.051431	0.935057	-0.354027	0.018262
33711	9.307787	-0.380712	0.930170	-0.075308	0.062541	-0.066559	0.000876	0.055357	0.998466	-0.355162	-0.933354	0.052059	0.934804	-0.354663	0.018843
33712	9.306207	-0.266203	0.858049	0.046732	0.045881	-0.049524	0.000666	0.055918	0.998435	-0.354688	-0.933509	0.052518	0.934985	-0.354168	0.019211
33713	9.304005	0.005793	0.410563	0.168827	-0.006058	-0.056641	0.000990	0.056377	0.998409	-0.353076	-0.934087	0.053095	0.935594	-0.352567	0.018981
33714	9.518292	0.271260	-0.248426	0.277517	-0.083972	-0.056695	0.002020	0.056548	0.998398	-0.350440	-0.935046	0.053669	0.936583	-0.349987	0.017928
33715	9.896826	0.554112	-0.573499	0.323079	-0.100621	-0.050127	0.003202	0.056624	0.998390	-0.347377	-0.936157	0.054209	0.937720	-0.346991	0.016672
33716	9.926699	0.903078	-0.808305	0.311366	-0.094221	-0.067343	0.004364	0.056865	0.998372	-0.344416	-0.937211	0.054887	0.938807	-0.344095	0.015495
33717	9.785523	1.131338	-0.760367	0.231878	-0.099853	-0.088838	0.005674	0.057318	0.998340	-0.342200	-0.937969	0.055797	0.939610	-0.341948	0.014292
33718	9.756279	0.914133	-0.604054	0.103356	-0.100953	-0.108523	0.007039	0.057928	0.998296	-0.341184	-0.938276	0.056850	0.939970	-0.341003	0.013160
33719	9.928527	0.747639	0.123881	-0.020188	-0.072356	-0.113618	0.008181	0.058704	0.998242	-0.341337	-0.938152	0.057968	0.939905	-0.341211	0.012363
33720	10.044863	0.632159	0.843851	-0.107220	-0.022622	-0.119673	0.008848	0.059686	0.998178	-0.342298	-0.937731	0.059105	0.939550	-0.342197	0.012134
33721	9.994471	0.266723	1.472551	-0.138586	0.001106	-0.125476	0.009335	0.060821	0.998105	-0.343551	-0.937195	0.060323	0.939087	-0.343464	0.012146
33722	9.831963	0.181304	2.074723	-0.064451	0.016818	-0.147622	0.009729	0.062199	0.998016	-0.344106	-0.936899	0.061744	0.938880	-0.344024	0.012287
33723	9.519565	0.403279	2.287444	0.074298	-0.007669	-0.178561	0.010483	0.063803	0.997907	-0.343361	-0.937053	0.063519	0.939145	-0.343308	0.012085
33724	9.289757	0.684408	2.287187	0.187653	-0.075794	-0.183388	0.011867	0.065199	0.997802	-0.341541	-0.937594	0.065327	0.939792	-0.341565	0.011141
33725	9.186919	1.001023	2.072334	0.257261	-0.136338	-0.164240	0.013768	0.066242	0.997709	-0.339069	-0.938374	0.066982	0.940661	-0.339214	0.009541
33726	9.186370	1.365144	1.861650	0.274148	-0.173005	-0.145806	0.015934	0.066963	0.997628	-0.336430	-0.939220	0.068416	0.941574	-0.336723	0.007563
33727	9.151041	1.939116	1.353526	0.303385	-0.255831	-0.137705	0.018860	0.067355	0.997551	-0.333514	-0.940159	0.069785	0.942556	-0.334014	0.004732
33728	9.322086	2.132766	0.560283	0.288170	-0.369197	-0.139971	0.022852	0.067380	0.997466	-0.330731	-0.941039	0.071145	0.943448	-0.331519	0.000780
33729	9.357725	2.208354	-0.381606	0.252588	-0.451037	-0.142595	0.027633	0.067208	0.997356	-0.328278	-0.941790	0.072559	0.944177	-0.329415	-0.003961
33730	9.472960	2.422710	-0.920096	0.177467	-0.511313	-0.120187	0.032901	0.066597	0.997237	-0.326530	-0.942309	0.073701	0.944614	-0.328052	-0.009257
33731	9.636581	2.637432	-1.112562	0.013782	-0.532372	-0.102310	0.038318	0.065783	0.997098	-0.326327	-0.942300	0.074708	0.944480	-0.328242	-0.014640
33732	9.884442	2.562598	-1.063564	-0.203394	-0.503216	-0.091792	0.043415	0.064927	0.996945	-0.328174	-0.941586	0.075613	0.943619	-0.330454	-0.019571
33733	10.273297	1.770326	-0.736628	-0.483790	-0.446879	-0.074777	0.047932	0.064118	0.996791	-0.332663	-0.939941	0.076458	0.941827	-0.335260	-0.023723
33734	10.504812	0.715568	-0.046916	-0.676297	-0.334089	-0.084071	0.051401	0.063713	0.996644	-0.338947	-0.937614	0.077421	0.939400	-0.341789	-0.026599
33735	10.166386	-0.014149	0.531058	-0.763269	-0.233529	-0.094303	0.053972	0.063762	0.996505	-0.346021	-0.934932	0.078563	0.936673	-0.349052	-0.028398
33736	9.707959	-0.715898	0.869788	-0.678369	-0.209297	-0.099183	0.056321	0.063887	0.996367	-0.352277	-0.932495	0.079704	0.934199	-0.355487	-0.030013
33737	9.391997	-0.842734	1.008808	-0.473881	-0.235991	-0.105720	0.058952	0.064002	0.996207	-0.356605	-0.930746	0.080899	0.932393	-0.360022	-0.032045
33738	9.304794	-0.677715	0.983793	-0.249877	-0.299720	-0.109422	0.062180	0.063873	0.996019	-0.358833	-0.929790	0.082027	0.931328	-0.362505	-0.034894
33739	9.376750	-0.399229	1.059332	-0.088412	-0.342128	-0.111424	0.065809	0.063639	0.995801	-0.359544	-0.929415	0.083157	0.930805	-0.363507	-0.038283
33740	9.455024	-0.168746	1.154794	0.017771	-0.348154	-0.117720	0.069516	0.063403	0.995564	-0.359265	-0.929422	0.084277	0.930643	-0.363530	-0.041831
33741	9.461439	-0.177489	1.351761	0.076772	-0.340106	-0.110126	0.073119	0.063163	0.995321	-0.358439	-0.929645	0.085327	0.930685	-0.363001	-0.045334
33742	9.349690	-0.007577	1.358477	0.158913	-0.337065	-0.113697	0.076707	0.062935	0.995065	-0.356841	-0.930167	0.086338	0.931011	-0.361703	-0.048892
33743	9.101246	0.190061	0.581067	0.356393	-0.435868	-0.124595	0.081242	0.062496	0.994733	-0.353383	-0.931389	0.087378	0.931944	-0.358621	-0.053583
33744	9.278341	0.599975	-0.311213	0.597023	-0.576493	-0.137050	0.087143	0.061657	0.994286	-0.347666	-0.933446	0.088355	0.933560	-0.353379	-0.059908
33745	9.510115	1.244718	-0.968441	0.766875	-0.684911	-0.144551	0.094074	0.060580	0.993720	-0.340328	-0.936058	0.089283	0.935589	-0.346591	-0.067441
33746	9.702834	1.758409	-1.270109	0.823011	-0.740612	-0.148542	0.101555	0.059369	0.993057	-0.332442	-0.938808	0.090123	0.937640	-0.339286	-0.075604
33747	9.740007	1.926032	-1.256745	0.753498	-0.767809	-0.145821	0.109271	0.058131	0.992311	-0.325172	-0.941271	0.090948	0.939321	-0.332609	-0.083951
33748	9.932796	1.816578	-0.777019	0.597884	-0.768777	-0.128349	0.116956	0.056740	0.991515	-0.319375	-0.943186	0.091647	0.940383	-0.327384	-0.092190
33749	10.278075	1.257170	-0.068034	0.408872	-0.724388	-0.105871	0.124141	0.055358	0.990719	-0.315367	-0.944471	0.092290	0.940815	-0.323897	-0.099790
33750	10.348900	0.627390	0.461806	0.277417	-0.657697	-0.094922	0.130673	0.054069	0.989950	-0.312604	-0.945330	0.092896	0.940852	-0.321602	-0.106627
33751	10.059021	0.251241	1.039885	0.242796	-0.609080	-0.094945	0.136735	0.052993	0.989189	-0.310159	-0.946070	0.093556	0.940800	-0.319598	-0.112924
33752	9.871395	0.261782	1.474962	0.260582	-0.582957	-0.086656	0.142533	0.051894	0.988429	-0.307555	-0.946870	0.094062	0.940794	-0.317403	-0.119000
33753	9.831210	0.277610	1.720781	0.266873	-0.561471	-0.070127	0.148062	0.050762	0.987674	-0.304914	-0.947688	0.094417	0.940800	-0.315135	-0.124839
33754	10.161004	0.119264	1.855556	0.243287	-0.539225	-0.067066	0.153386	0.049642	0.986919	-0.302493	-0.948434	0.094719	0.940729	-0.313065	-0.130460
33755	10.343730	-0.013033	1.999426	0.235843	-0.468672	-0.060672	0.157997	0.048750	0.986235	-0.300155	-0.949148	0.095002	0.940714	-0.311034	-0.135330
33756	10.741593	-0.182930	2.066786	0.242526	-0.410664	-0.049108	0.162054	0.047881	0.985620	-0.297765	-0.949890	0.095103	0.940784	-0.308895	-0.139676
33757	11.583422	-0.205912	2.222837	0.221657	-0.309225	0.004153	0.164960	0.046876	0.985186	-0.295658	-0.950585	0.094735	0.940943	-0.306906	-0.142949
33758	11.758409	-0.175540	2.414801	0.178225	-0.128826	0.053760	0.166061	0.045909	0.985046	-0.294040	-0.951169	0.093900	0.941257	-0.305236	-0.144453
33759	11.096031	-0.406102	1.384957	0.315335	-0.110727	0.089654	0.166832	0.044711	0.984971	-0.291186	-0.952180	0.092543	0.942007	-0.302249	-0.145835
33760	10.976982	-0.749958	0.158006	0.527364	-0.271768	0.125974	0.169077	0.042634	0.984680	-0.286397	-0.953830	0.090475	0.943075	-0.297306	-0.149061
33761	11.086240	-0.949599	-0.781423	0.750491	-0.360678	0.146203	0.172060	0.040171	0.984267	-0.279541	-0.956103	0.087888	0.944591	-0.290265	-0.153278
33762	11.149321	-0.751896	-0.819810	0.817647	-0.329898	0.169821	0.174759	0.037540	0.983895	-0.272076	-0.958523	0.084898	0.946274	-0.282531	-0.157297
33763	11.188541	-0.477922	-0.201215	0.727891	-0.190648	0.183213	0.176063	0.035233	0.983748	-0.265479	-0.960630	0.081918	0.947904	-0.275588	-0.159777
33764	11.071256	-0.425019	0.600064	0.593197	-0.028588	0.211583	0.175827	0.033061	0.983866	-0.260194	-0.962332	0.078837	0.949412	-0.269858	-0.160601
33765	10.886625	-0.600839	1.498475	0.442484	0.143261	0.256198	0.173782	0.030962	0.984297	-0.256410	-0.963608	0.075581	0.950817	-0.265518	-0.159519
33766	10.511839	-1.137102	2.437839	0.329512	0.276781	0.310869	0.170404	0.028636	0.984958	-0.253780	-0.964582	0.071949	0.952133	-0.262223	-0.157102
33767	10.446097	-1.677151	3.665344	0.310073	0.398574	0.381781	0.165617	0.025961	0.985848	-0.251439	-0.965505	0.067666	0.953598	-0.259087	-0.153376
33768	10.226837	-2.139627	4.276111	0.359450	0.535612	0.467086	0.159386	0.022768	0.986954	-0.248737	-0.966555	0.062466	0.955367	-0.255448	-0.148392
33769	10.303761	-2.498956	4.567636	0.444140	0.651895	0.557384	0.151733	0.018985	0.988239	-0.245321	-0.967808	0.056259	0.957494	-0.250972	-0.142191
33770	10.674503	-2.531536	4.464713	0.560933	0.817358	0.649205	0.142369	0.014667	0.989705	-0.240866	-0.969320	0.049013	0.960060	-0.245364	-0.134468
33771	11.296473	-2.024881	3.976087	0.719665	0.993141	0.697131	0.131102	0.010258	0.991316	-0.234861	-0.971159	0.041110	0.963147	-0.238211	-0.124912
33772	12.072887	-1.332953	3.430296	0.959843	1.199875	0.692852	0.117976	0.006265	0.992997	-0.226429	-0.973467	0.033043	0.966857	-0.228741	-0.113427
33773	12.541478	-0.505296	3.243623	1.171009	1.434326	0.640041	0.102591	0.003175	0.994719	-0.215746	-0.976120	0.025367	0.971045	-0.217209	-0.099456
33774	12.668931	0.817703	3.302391	1.216271	1.657202	0.507292	0.085451	0.001660	0.996341	-0.204352	-0.978710	0.019157	0.975161	-0.205241	-0.083293
33775	12.682068	1.788341	2.725219	1.097596	1.730704	0.365089	0.067733	0.001496	0.997702	-0.193862	-0.980920	0.014632	0.978688	-0.194408	-0.066151
33776	12.933772	1.854083	0.975518	0.928911	1.764629	0.279739	0.049962	0.002043	0.998749	-0.184886	-0.982695	0.011259	0.981489	-0.185217	-0.048720
33777	13.120218	1.950898	-0.859244	1.046397	1.740108	0.210546	0.032395	0.003066	0.999470	-0.174639	-0.984594	0.008681	0.984100	-0.174828	-0.031360
33778	13.258384	1.522310	-2.319023	1.180680	1.666904	0.208351	0.015674	0.003774	0.999870	-0.163017	-0.986603	0.006280	0.986499	-0.163095	-0.014849
33779	12.811767	0.748847	-3.418833	1.145749	1.542348	0.307048	-0.000120	0.003135	0.999995	-0.151675	-0.988426	0.003081	0.988430	-0.151674	0.000594
33780	12.606816	0.000036	-4.193412	1.043101	1.468720	0.408291	-0.015190	0.001195	0.999884	-0.141287	-0.989968	-0.000964	0.989852	-0.141285	0.015206
33781	12.769473	-0.638163	-4.769330	0.871255	1.560654	0.439341	-0.031313	-0.001054	0.999509	-0.132504	-0.991169	-0.005196	0.990688	-0.132601	0.030896
33782	12.636698	-1.180570	-5.067834	0.761982	1.775423	0.487156	-0.049474	-0.003650	0.998769	-0.124716	-0.992144	-0.009804	0.990958	-0.125047	0.048630
33783	12.053488	-0.944921	-4.653891	0.709338	1.865776	0.506658	-0.068624	-0.006449	0.997622	-0.117334	-0.992987	-0.014490	0.990719	-0.118049	0.067386
33784	11.988981	-0.573530	-3.750115	0.504489	1.850754	0.549857	-0.087524	-0.009823	0.996114	-0.111866	-0.993529	-0.019627	0.989861	-0.113149	0.085859
33785	12.153745	-0.079231	-3.430859	0.352776	1.855594	0.630752	-0.106606	-0.014063	0.994202	-0.107709	-0.993853	-0.025607	0.988450	-0.109815	0.104436
33786	12.059364	0.406647	-3.336584	0.212530	1.924703	0.704531	-0.126302	-0.019020	0.991809	-0.104746	-0.993971	-0.032401	0.986446	-0.107980	0.123548
33787	11.349180	0.640618	-3.279374	0.040042	2.054391	0.723737	-0.147312	-0.024036	0.988798	-0.103305	-0.993863	-0.039550	0.983680	-0.107974	0.143924
33788	10.483089	0.749153	-3.169880	-0.178112	2.078739	0.688432	-0.168380	-0.028660	0.985305	-0.103922	-0.993490	-0.046658	0.980229	-0.110251	0.164306
33789	9.744256	0.704589	-3.346040	-0.451726	2.101078	0.682581	-0.189656	-0.033108	0.981292	-0.107062	-0.992775	-0.054188	0.975996	-0.115337	0.184741
33790	8.597140	-0.005164	-3.478708	-0.679133	2.125650	0.685608	-0.211045	-0.037432	0.976759	-0.112253	-0.991727	-0.062260	0.971009	-0.122784	0.205097
33791	7.642048	-0.349357	-3.513430	-0.749262	2.110355	0.686135	-0.232260	-0.041594	0.971764	-0.117931	-0.990510	-0.070583	0.965478	-0.130995	0.225150
33792	6.861007	-0.451519	-3.352033	-0.777857	2.029422	0.671262	-0.252550	-0.045546	0.966511	-0.123742	-0.989169	-0.078948	0.959639	-0.139537	0.244178
33793	6.323503	-0.186361	-3.261328	-0.771369	1.887931	0.654959	-0.271418	-0.049347	0.961196	-0.129351	-0.987754	-0.087236	0.953730	-0.148009	0.261711
