// General information: 
//  MT Manager version: 2022.2.0 
//  XDA version: 2022.2.0 build 7381 rev 124627 built on 2023-07-19
// Device information: 
//  DeviceId: 00B4CAF0
//  ProductCode: MTW2-3A7G6
//  Firmware Version: 4.6.0
//  Hardware Version: 2.0.0
// Device settings: 
//  Filter Profile: human(46.1)
//  Option Flags: Orientation Smoother Disabled, Position/Velocity Smoother Disabled, Continuous Zero Rotation Update Disabled, AHS Disabled, ICC Disabled
// Coordinate system: ENU
PacketCounter	Acc_X	Acc_Y	Acc_Z	Gyr_X	Gyr_Y	Gyr_Z	Mat[1][1]	Mat[2][1]	Mat[3][1]	Mat[1][2]	Mat[2][2]	Mat[3][2]	Mat[1][3]	Mat[2][3]	Mat[3][3]
15457	4.521979	0.163697	9.255768	0.003156	0.002206	0.005446	-0.855500	-0.253592	0.451453	0.293011	-0.955934	0.018282	0.426923	0.147921	0.892108
15458	4.533955	0.170596	9.222348	0.002051	0.002038	0.005657	-0.855409	-0.253847	0.451482	0.293260	-0.955859	0.018196	0.426935	0.147967	0.892095
15459	4.508119	0.158406	9.239284	0.000969	0.004137	0.005877	-0.855480	-0.253667	0.451450	0.292996	-0.955943	0.018077	0.426975	0.147737	0.892113
15460	4.522807	0.157761	9.217124	0.004427	0.005214	0.002530	-0.855100	-0.255045	0.451393	0.294510	-0.955478	0.018045	0.426694	0.148371	0.892143
15461	4.502583	0.166767	9.229394	0.003735	0.005124	0.005347	-0.855193	-0.254853	0.451326	0.294252	-0.955559	0.017982	0.426686	0.148181	0.892178
15462	4.532954	0.163692	9.235417	0.004546	0.006934	0.003185	-0.855483	-0.254081	0.451211	0.293359	-0.955833	0.017963	0.426719	0.147734	0.892236
15463	4.537456	0.184856	9.231303	0.005855	0.007141	0.004275	-0.855855	-0.253011	0.451106	0.292154	-0.956202	0.017982	0.426799	0.147183	0.892289
15464	4.526230	0.173074	9.226095	0.005768	0.008822	0.003627	-0.856409	-0.251401	0.450956	0.290340	-0.956754	0.018009	0.426926	0.146354	0.892365
15465	4.527293	0.188660	9.253973	0.004116	0.009138	0.003945	-0.856252	-0.252196	0.450810	0.291180	-0.956500	0.017964	0.426669	0.146649	0.892439
15466	4.517723	0.166641	9.250301	0.001338	0.007020	0.004470	-0.856406	-0.251855	0.450707	0.290734	-0.956637	0.017868	0.426663	0.146338	0.892493
15467	4.523930	0.166055	9.239798	0.002099	0.007710	0.005666	-0.856939	-0.250281	0.450573	0.288911	-0.957191	0.017781	0.426834	0.145413	0.892563
15468	4.515471	0.181990	9.218758	0.006867	0.008993	0.003411	-0.857321	-0.249205	0.450442	0.287716	-0.957549	0.017846	0.426873	0.144899	0.892627
15469	4.518141	0.165707	9.232359	0.004680	0.010926	0.003838	-0.857704	-0.248254	0.450237	0.286608	-0.957882	0.017830	0.426848	0.144334	0.892731
15470	4.514497	0.176197	9.231783	0.007389	0.006244	0.003297	-0.857836	-0.247922	0.450168	0.286257	-0.957986	0.017895	0.426818	0.144214	0.892764
15471	4.513376	0.188774	9.240209	0.007558	0.002883	0.004592	-0.857911	-0.247721	0.450137	0.286037	-0.958051	0.017917	0.426816	0.144127	0.892780
15472	4.512862	0.156549	9.216726	0.010772	0.003934	0.003305	-0.858242	-0.246653	0.450093	0.284900	-0.958387	0.018049	0.426912	0.143721	0.892799
15473	4.496617	0.182439	9.255337	0.012719	-0.001439	0.001569	-0.858148	-0.246864	0.450156	0.285224	-0.958288	0.018212	0.426883	0.144023	0.892764
15474	4.506045	0.161903	9.227434	0.010324	-0.010295	0.001329	-0.858064	-0.246671	0.450423	0.285116	-0.958318	0.018336	0.427125	0.144156	0.892627
15475	4.493393	0.187607	9.264297	0.010241	-0.018228	0.001314	-0.858161	-0.245524	0.450863	0.283979	-0.958652	0.018471	0.427686	0.143887	0.892402
15476	4.489222	0.176933	9.255649	0.008492	-0.026976	0.001614	-0.857967	-0.245028	0.451501	0.283581	-0.958769	0.018555	0.428339	0.143957	0.892077
15477	4.528740	0.140427	9.233540	-0.000170	-0.038501	-0.002131	-0.857670	-0.244424	0.452392	0.283033	-0.958932	0.018486	0.429295	0.143896	0.891628
15478	4.533349	0.179655	9.232123	-0.006328	-0.045638	-0.000991	-0.857493	-0.243074	0.453455	0.281619	-0.959352	0.018288	0.430577	0.143384	0.891092
15479	4.553554	0.141531	9.241891	-0.011656	-0.057167	-0.001392	-0.857501	-0.240633	0.454740	0.278964	-0.960134	0.017969	0.432287	0.142264	0.890443
15480	4.578017	0.200720	9.231547	-0.010890	-0.063800	-0.002978	-0.856918	-0.239949	0.456197	0.278315	-0.960327	0.017676	0.433857	0.142113	0.889703
15481	4.528635	0.116838	9.291034	-0.019789	-0.073063	-0.011437	-0.856563	-0.238063	0.457850	0.276308	-0.960914	0.017292	0.435838	0.141319	0.888861
15482	4.400708	0.234955	9.403753	-0.031769	-0.145804	-0.008549	-0.855579	-0.235282	0.461115	0.273434	-0.961747	0.016619	0.439566	0.140303	0.887185
15483	4.247340	0.159763	9.510833	-0.051750	-0.290790	-0.010322	-0.852623	-0.233239	0.467582	0.271734	-0.962247	0.015513	0.446311	0.140285	0.883814
15484	4.271670	0.043231	9.582714	-0.060977	-0.506705	-0.035941	-0.847208	-0.230261	0.478768	0.269875	-0.962786	0.014514	0.457609	0.141504	0.877822
15485	4.386873	-0.054885	9.622908	0.031466	-0.715761	-0.066660	-0.839319	-0.226001	0.494437	0.268720	-0.963086	0.015944	0.472582	0.146247	0.869067
15486	4.562570	-0.221364	9.716115	0.135411	-0.945928	-0.137556	-0.829000	-0.218448	0.514820	0.266656	-0.963573	0.020525	0.491583	0.154294	0.857053
15487	4.954439	-0.355346	9.670708	0.252911	-1.162610	-0.237208	-0.816645	-0.205249	0.539410	0.261617	-0.964736	0.028990	0.514438	0.164793	0.841544
15488	5.659966	-0.549417	9.435310	0.451406	-1.281418	-0.393183	-0.802623	-0.188897	0.565786	0.258003	-0.965152	0.043771	0.537801	0.181106	0.823390
15489	6.245317	-0.518004	9.200823	0.570151	-1.276625	-0.552326	-0.789063	-0.167407	0.591062	0.252279	-0.965581	0.063310	0.560120	0.199068	0.804138
15490	6.112311	-0.096138	8.808190	0.533038	-1.242243	-0.695035	-0.776152	-0.141280	0.614515	0.242697	-0.966428	0.084347	0.581968	0.214607	0.784383
15491	5.929967	-0.126929	8.367141	0.486324	-1.132095	-0.800914	-0.764937	-0.110401	0.634574	0.227857	-0.967877	0.106278	0.602456	0.225888	0.765520
15492	4.019254	-2.517629	9.008459	0.441506	-0.769853	-0.485910	-0.756487	-0.089199	0.647897	0.219036	-0.967999	0.122479	0.616239	0.234566	0.751817
15493	3.965921	-5.129074	9.717157	0.460570	-0.264724	0.777043	-0.748467	-0.102169	0.655255	0.235359	-0.964667	0.118426	0.620003	0.242858	0.746067
15494	2.792273	-3.073643	10.341318	0.355374	0.511349	1.720397	-0.746208	-0.142288	0.650329	0.267306	-0.958722	0.096953	0.609690	0.246184	0.753440
15495	2.725836	-0.942015	10.467092	0.160919	1.106352	1.744443	-0.750544	-0.189938	0.632935	0.301262	-0.950826	0.071907	0.588154	0.244648	0.770858
15496	3.236133	-0.270580	10.435989	-0.158349	1.620365	1.485125	-0.762656	-0.232941	0.603402	0.324736	-0.944698	0.045746	0.559376	0.230835	0.796124
15497	4.065398	0.117950	10.478344	-0.334404	1.987630	1.022523	-0.781568	-0.266615	0.563975	0.338189	-0.940774	0.023924	0.524194	0.209428	0.825445
15498	5.153262	-0.475587	10.166174	-0.680158	2.151181	0.667196	-0.803420	-0.291926	0.518937	0.341778	-0.939781	0.000471	0.487549	0.177739	0.854812
15499	5.821098	-1.342625	9.403287	-0.800904	2.073771	0.571567	-0.823003	-0.313442	0.473730	0.343643	-0.938790	-0.024141	0.452300	0.142926	0.880339
15500	6.079766	-1.471598	8.638116	-0.864165	1.737031	0.649616	-0.836400	-0.334233	0.434422	0.347689	-0.936227	-0.050898	0.423730	0.108473	0.899270
15501	6.366167	-1.021824	8.294630	-0.909308	1.323025	0.739466	-0.843582	-0.354658	0.403220	0.353854	-0.931926	-0.079386	0.403926	0.075712	0.911653
15502	6.710384	0.343547	8.227748	-1.018146	1.026819	0.752873	-0.847049	-0.373769	0.377896	0.359683	-0.926544	-0.110200	0.391327	0.042578	0.919266
15503	6.387799	1.980918	7.425214	-1.198237	0.947538	0.534358	-0.851376	-0.386782	0.354344	0.359479	-0.922153	-0.142857	0.382014	0.005754	0.924139
15504	5.856459	-0.349466	3.836283	-0.939778	0.557437	0.139450	-0.855401	-0.389965	0.340905	0.353549	-0.920581	-0.165934	0.378539	-0.021413	0.925338
15505	13.582788	8.365447	1.575771	1.608879	-0.767834	-0.499203	-0.852523	-0.378497	0.360479	0.358179	-0.925317	-0.124484	0.380674	0.022991	0.924423
15506	3.309269	0.587435	10.807164	1.807367	-0.507334	-0.555071	-0.852703	-0.365071	0.373660	0.363417	-0.928380	-0.077712	0.375268	0.069529	0.924305
15507	4.328364	1.780546	11.366483	1.047547	-1.371680	-0.448176	-0.843539	-0.351668	0.405920	0.363991	-0.930093	-0.049377	0.394908	0.106100	0.912574
15508	6.907490	1.526489	11.034701	1.034225	-0.620127	-0.480061	-0.841727	-0.338644	0.420495	0.364130	-0.931112	-0.020970	0.398629	0.135464	0.907052
15509	6.168421	2.176921	10.782244	0.586843	-0.519831	-0.219274	-0.838478	-0.331673	0.432373	0.365404	-0.930833	-0.005434	0.404270	0.153435	0.901678
15510	5.280104	-0.139603	9.526562	0.235881	-0.241333	-0.050516	-0.836462	-0.329554	0.437865	0.366727	-0.930329	0.000365	0.407238	0.160882	0.899041
15511	4.893261	0.240093	9.498671	0.127629	-0.101306	-0.014986	-0.835536	-0.328794	0.440198	0.367701	-0.929938	0.003336	0.408261	0.164648	0.897894
15512	4.461575	0.249519	9.310645	0.081697	-0.051208	0.004338	-0.834941	-0.328683	0.441408	0.368611	-0.929570	0.005062	0.408656	0.166934	0.897292
15513	4.368998	-0.094641	9.212096	0.091712	-0.070450	-0.003093	-0.834218	-0.328314	0.443047	0.369469	-0.929216	0.007094	0.409357	0.169610	0.896470
15514	4.499700	-0.115574	9.172087	0.087409	-0.081498	-0.015264	-0.833492	-0.327611	0.444929	0.370032	-0.928974	0.009163	0.410325	0.172275	0.895519
15515	4.621485	0.293581	9.310332	0.092546	-0.042878	-0.007849	-0.833094	-0.327242	0.445946	0.370803	-0.928643	0.011263	0.410439	0.174741	0.894989
15516	4.527043	0.304373	9.326564	0.079416	-0.049139	0.006102	-0.832501	-0.327166	0.447107	0.371730	-0.928251	0.012913	0.410803	0.176953	0.894387
15517	4.546551	0.206553	9.304389	0.064857	-0.060064	0.014252	-0.831719	-0.327228	0.448515	0.372678	-0.927853	0.014145	0.411527	0.178917	0.893664
15518	4.620681	0.158513	9.248457	0.044830	-0.060553	0.020285	-0.830875	-0.327424	0.449934	0.373547	-0.927492	0.014862	0.412444	0.180420	0.892938
15519	4.626435	0.069199	9.215624	0.040125	-0.037222	0.022031	-0.830253	-0.327764	0.450834	0.374403	-0.927137	0.015452	0.412920	0.181623	0.892474
15520	4.578191	0.150502	9.286877	0.034132	-0.018954	0.019819	-0.829839	-0.328135	0.451325	0.375151	-0.926827	0.015933	0.413072	0.182537	0.892217
15521	4.546769	0.206990	9.177370	0.084654	-0.056594	0.007114	-0.829156	-0.328037	0.452650	0.376158	-0.926387	0.017684	0.413528	0.184931	0.891513
15522	4.728460	-0.003046	9.264762	0.039422	0.005432	0.020613	-0.828986	-0.328537	0.452599	0.376977	-0.926042	0.018273	0.413123	0.185767	0.891527
15523	4.565449	0.200383	9.198280	0.019877	0.009939	0.014786	-0.828917	-0.328922	0.452446	0.377473	-0.925836	0.018491	0.412808	0.186114	0.891600
15524	4.517464	0.165452	9.176851	0.011721	0.020109	0.007627	-0.829020	-0.329189	0.452062	0.377736	-0.925726	0.018609	0.412360	0.186188	0.891792
15525	4.454491	0.213744	9.219192	-0.000829	-0.004507	0.000895	-0.828933	-0.329185	0.452225	0.377731	-0.925730	0.018524	0.412540	0.186174	0.891712
15526	4.566556	0.196188	9.210317	-0.001147	-0.030857	-0.003480	-0.828615	-0.328958	0.452972	0.377631	-0.925772	0.018481	0.413269	0.186370	0.891333
15527	4.560662	0.178536	9.182113	-0.012462	-0.046300	0.001137	-0.828093	-0.328766	0.454065	0.377511	-0.925828	0.018134	0.414424	0.186431	0.890784
15528	4.592121	0.187690	9.180064	-0.007564	-0.047884	0.001939	-0.827546	-0.328584	0.455193	0.377457	-0.925854	0.017887	0.415565	0.186618	0.890213
15529	4.622549	0.128013	9.185140	-0.012843	-0.030533	0.001501	-0.827182	-0.328473	0.455934	0.377339	-0.925909	0.017528	0.416396	0.186540	0.889841
15530	4.600525	0.175541	9.236591	-0.020988	-0.026044	0.005054	-0.826830	-0.328466	0.456577	0.377209	-0.925973	0.016947	0.417211	0.186237	0.889523
15531	4.544448	0.111517	9.259192	-0.040351	-0.048786	0.001559	-0.826273	-0.328272	0.457723	0.376805	-0.926155	0.015975	0.418679	0.185672	0.888951
15532	4.532758	0.101706	9.256772	-0.049343	-0.098391	-0.008217	-0.825284	-0.327623	0.459967	0.376102	-0.926458	0.014917	0.421253	0.185305	0.887811
15533	4.522080	0.000700	9.343826	-0.070509	-0.150994	-0.019258	-0.823834	-0.326476	0.463368	0.374944	-0.926949	0.013519	0.425105	0.184875	0.886063
15534	4.272890	-0.099006	9.504647	-0.147524	-0.287147	-0.106921	-0.821720	-0.322672	0.469744	0.371148	-0.928503	0.011448	0.432465	0.183751	0.882729
15535	3.848225	0.092047	9.904876	-0.156720	-0.599493	-0.146111	-0.816448	-0.316515	0.482940	0.366420	-0.930399	0.009686	0.446261	0.184867	0.875600
15536	3.335451	0.264322	10.466312	-0.174740	-1.279387	-0.162255	-0.803174	-0.306733	0.510712	0.361113	-0.932489	0.007854	0.473824	0.190733	0.859716
15537	3.642453	-0.041150	10.462089	-0.141715	-2.146292	-0.178510	-0.778135	-0.291997	0.556097	0.355818	-0.934528	0.007185	0.517590	0.203460	0.831086
15538	3.825042	-0.306865	10.137028	-0.028020	-3.040722	-0.327828	-0.739420	-0.268081	0.617568	0.349208	-0.936976	0.011377	0.575596	0.224072	0.786435
15539	5.804375	-0.288625	10.626244	0.677636	-3.676370	-0.625003	-0.689149	-0.231056	0.686795	0.348302	-0.936753	0.034347	0.635421	0.262882	0.726039
15540	9.363338	-0.591217	11.590083	0.805503	-3.896407	-0.623672	-0.629840	-0.188935	0.753396	0.351392	-0.934339	0.059453	0.692694	0.302183	0.654874
15541	9.329640	-0.022658	10.133943	0.560625	-3.769832	-0.602189	-0.567353	-0.145036	0.810602	0.352447	-0.932419	0.079851	0.744239	0.330998	0.580128
15542	8.119536	-0.213021	8.906136	0.177519	-3.578625	-0.663418	-0.504429	-0.099277	0.857727	0.346958	-0.932948	0.096062	0.790678	0.346051	0.505051
15543	5.745919	-0.784802	7.024828	0.049024	-3.113327	-0.908397	-0.449185	-0.050879	0.891989	0.337113	-0.934231	0.116475	0.827398	0.353020	0.436795
15544	8.386112	-1.070888	12.538900	-0.079387	-1.513567	-1.060168	-0.426305	-0.012790	0.904489	0.323850	-0.935782	0.139405	0.844622	0.352348	0.403070
15545	1.381312	-5.285076	9.740206	0.380180	0.936621	-0.347525	-0.448778	-0.013093	0.893548	0.328024	-0.932509	0.151084	0.831263	0.360908	0.422784
15546	-0.106727	-1.201016	8.920635	0.509325	1.114593	0.507195	-0.467477	-0.035200	0.883304	0.344331	-0.927541	0.145270	0.814187	0.372060	0.445724
15547	1.154837	-0.985016	9.415405	0.113301	1.964433	0.950031	-0.498571	-0.075605	0.863545	0.358116	-0.925169	0.125760	0.789417	0.371950	0.488338
15548	1.696358	1.099967	9.136255	-0.132809	2.722044	0.823512	-0.543747	-0.119790	0.830656	0.366341	-0.924366	0.106503	0.755072	0.362214	0.546505
15549	3.457449	1.148886	9.492132	-0.599390	3.311266	0.561348	-0.599497	-0.161904	0.783831	0.363437	-0.927607	0.086366	0.713104	0.336649	0.614939
15550	5.268262	0.499047	9.829081	-0.814147	3.737845	0.480308	-0.659507	-0.203059	0.723752	0.357097	-0.931876	0.063948	0.661462	0.300624	0.687090
15551	7.337162	-0.014682	10.568980	-0.864313	4.037511	0.664433	-0.717339	-0.246971	0.651483	0.355019	-0.934135	0.036784	0.599488	0.257676	0.757771
15552	8.526626	-0.150014	11.258870	-0.875778	4.102649	0.939403	-0.767000	-0.293099	0.570793	0.360203	-0.932860	0.005004	0.531003	0.209439	0.821079
15553	9.308505	0.837918	12.207412	-1.013410	4.070740	0.933413	-0.808998	-0.333562	0.484002	0.366180	-0.930094	-0.028934	0.459819	0.153825	0.874588
15554	9.947066	1.730536	12.129316	-1.165374	3.983563	0.470148	-0.846947	-0.356959	0.394032	0.363704	-0.929558	-0.060340	0.387815	0.092206	0.917114
15555	10.413644	3.054265	10.111061	-1.553312	3.530046	-0.114120	-0.879434	-0.359628	0.311873	0.347528	-0.932780	-0.095635	0.325302	0.024280	0.945299
15556	12.607356	4.424005	3.935166	-1.183876	1.358974	-0.880537	-0.897450	-0.339322	0.281859	0.318779	-0.940544	-0.117291	0.304900	-0.015412	0.952260
15557	17.312806	4.012211	-0.159307	-0.754036	0.964423	-1.097768	-0.912914	-0.312849	0.262132	0.288457	-0.948911	-0.127910	0.288757	-0.041157	0.956517
15558	15.345239	4.270264	-5.264015	0.028639	-0.700656	-0.689812	-0.912533	-0.297201	0.280989	0.273003	-0.954166	-0.122621	0.304553	-0.035185	0.951845
15559	6.865228	0.951257	5.807057	0.506396	-1.945309	-0.684168	-0.901273	-0.281953	0.328954	0.261628	-0.959386	-0.105497	0.345339	-0.009018	0.938435
15560	6.136984	-6.732419	10.448891	0.933122	-1.988696	-0.860088	-0.888621	-0.260841	0.377247	0.250897	-0.965007	-0.076239	0.383932	0.026903	0.922969
15561	11.528288	2.242847	14.118054	1.431945	-1.455941	-0.616318	-0.878059	-0.244195	0.411560	0.251440	-0.967150	-0.037405	0.407175	0.070638	0.910615
15562	6.184545	2.128695	10.786308	0.796580	-0.596594	-0.374505	-0.874243	-0.233912	0.425423	0.251406	-0.967758	-0.015469	0.415324	0.093431	0.904863
15563	5.203130	0.560794	9.769242	0.371835	-0.260219	-0.091626	-0.872071	-0.231047	0.431404	0.253261	-0.967378	-0.006139	0.418749	0.103904	0.902138
15564	4.831394	0.273715	9.467620	0.272477	-0.157740	-0.037547	-0.870618	-0.229705	0.435040	0.255280	-0.966867	0.000360	0.420544	0.111370	0.900411
15565	4.440700	0.032966	9.269183	0.213595	-0.139815	-0.024277	-0.869263	-0.228708	0.438264	0.256979	-0.966402	0.005382	0.422308	0.117303	0.898830
15566	4.484690	0.120771	9.355227	0.180762	-0.122344	-0.026384	-0.868101	-0.227692	0.441086	0.258295	-0.966018	0.009684	0.423892	0.122337	0.897413
15567	4.922511	0.669844	9.527329	0.109292	-0.082084	0.009467	-0.867131	-0.227654	0.443009	0.259637	-0.965632	0.011984	0.425056	0.125413	0.896437
15568	4.572767	0.360913	9.289799	0.045425	-0.042464	0.032476	-0.866431	-0.228291	0.444051	0.260800	-0.965311	0.012598	0.425771	0.126724	0.895913
15569	4.596182	0.123586	9.260673	0.032665	-0.042640	0.030261	-0.865741	-0.228871	0.445096	0.261780	-0.965041	0.012949	0.426572	0.127728	0.895389
15570	4.571230	0.081566	9.260570	0.010677	-0.035963	0.017294	-0.865206	-0.229160	0.445987	0.262245	-0.964914	0.012952	0.427372	0.128165	0.894945
15571	4.509941	0.149004	9.244130	0.000750	-0.038689	0.011308	-0.864680	-0.229295	0.446937	0.262475	-0.964854	0.012799	0.428294	0.128377	0.894474
15572	4.535516	0.143559	9.206698	-0.005896	-0.058327	0.011367	-0.863941	-0.229368	0.448325	0.262634	-0.964815	0.012497	0.429684	0.128542	0.893783
15573	4.567090	0.108441	9.223981	-0.002054	-0.056729	0.006603	-0.863250	-0.229331	0.449675	0.262731	-0.964790	0.012334	0.431013	0.128790	0.893107
15574	4.671830	0.265620	9.221647	0.036339	-0.041788	0.016755	-0.862650	-0.229586	0.450693	0.263461	-0.964584	0.012913	0.431767	0.129879	0.892586
15575	4.562892	0.212208	9.186747	-0.028081	-0.052445	0.009686	-0.861981	-0.229636	0.451946	0.263343	-0.964626	0.012134	0.433173	0.129476	0.891963
15576	4.635549	0.255088	9.161294	0.016507	-0.047546	0.013341	-0.861339	-0.229790	0.453091	0.263786	-0.964503	0.012308	0.434179	0.130121	0.891379
15577	4.639246	0.196946	9.188445	-0.027058	-0.048759	0.012717	-0.860687	-0.229924	0.454261	0.263743	-0.964524	0.011519	0.435497	0.129723	0.890794
15578	4.577824	0.005563	9.121242	-0.048383	-0.044101	0.005028	-0.860134	-0.229889	0.455325	0.263301	-0.964658	0.010343	0.436855	0.128783	0.890265
15579	4.511137	0.027697	9.374108	-0.049286	-0.090115	-0.004118	-0.859135	-0.229487	0.457408	0.262649	-0.964847	0.009251	0.439206	0.128086	0.889209
15580	4.364574	0.128825	9.407933	-0.049381	-0.217877	-0.006067	-0.856730	-0.228630	0.462323	0.261951	-0.965046	0.008182	0.444292	0.128116	0.886674
15581	4.216188	0.006490	9.539324	-0.022722	-0.417953	-0.015436	-0.852101	-0.226898	0.471636	0.261344	-0.965214	0.007818	0.453456	0.129921	0.881758
15582	3.903599	0.034687	9.877353	-0.006288	-0.787224	-0.051927	-0.843310	-0.223035	0.488962	0.260151	-0.965533	0.008262	0.470266	0.134171	0.872266
15583	3.699616	0.027450	10.197608	0.000524	-1.355351	-0.101270	-0.827509	-0.215910	0.518278	0.258023	-0.966092	0.009507	0.498651	0.141595	0.855159
15584	4.039050	0.050731	10.233034	0.101927	-2.060333	-0.189642	-0.801929	-0.203688	0.561624	0.255469	-0.966713	0.014172	0.540042	0.154842	0.827271
15585	4.476121	-0.137438	9.687828	0.260789	-2.713491	-0.384135	-0.765923	-0.183231	0.616269	0.251616	-0.967503	0.025057	0.591651	0.174255	0.787137
15586	5.735493	-1.117351	9.959038	0.837613	-3.142607	-0.751362	-0.721998	-0.150049	0.675428	0.250578	-0.966638	0.053112	0.644926	0.207595	0.735510
15587	8.304359	-1.299982	11.196731	1.382102	-3.549819	-1.059978	-0.669031	-0.104060	0.735913	0.255341	-0.962064	0.096097	0.697996	0.252200	0.670221
15588	9.568735	-0.318265	11.174750	1.498441	-3.642696	-1.121906	-0.610457	-0.052226	0.790326	0.264449	-0.954004	0.141222	0.746598	0.295211	0.596189
15589	9.087058	-0.373176	10.243222	1.348931	-3.630452	-1.091951	-0.547992	0.002066	0.836481	0.274542	-0.944158	0.182189	0.790146	0.329487	0.516824
15590	5.768744	-1.240983	8.152171	1.540772	-3.406412	-1.193603	-0.487642	0.059537	0.871011	0.290163	-0.929905	0.226013	0.823414	0.362949	0.436186
15591	10.028027	-3.688470	12.034319	1.819710	-2.667455	-0.331909	-0.434682	0.092597	0.895811	0.324181	-0.911932	0.251568	0.840213	0.399757	0.366383
15592	3.380966	-4.909692	12.786257	1.356866	0.262211	1.551194	-0.426702	0.054661	0.902739	0.369135	-0.900716	0.229020	0.825630	0.430956	0.364160
15593	-1.503612	0.368425	10.495744	0.987144	0.552344	1.357405	-0.424910	0.018053	0.905055	0.403777	-0.891052	0.207340	0.810195	0.453541	0.371328
15594	0.752559	0.633756	11.842480	-0.186230	1.540086	0.741904	-0.448345	-0.016001	0.893717	0.408161	-0.893180	0.188768	0.795230	0.449414	0.406984
15595	1.013032	0.128758	10.414525	-0.799982	2.516578	0.322918	-0.494541	-0.051051	0.867654	0.396321	-0.901697	0.172839	0.773537	0.429345	0.466158
15596	2.986229	0.007486	10.341048	-1.203601	3.136604	0.256282	-0.551686	-0.089447	0.829242	0.376895	-0.913667	0.152191	0.744038	0.396499	0.537769
15597	4.407318	0.164516	10.306647	-1.386586	3.710843	0.439502	-0.614888	-0.134613	0.777041	0.358305	-0.925439	0.123212	0.702517	0.354179	0.617274
15598	7.274720	0.347533	10.080556	-1.388286	4.121046	0.981671	-0.675907	-0.191661	0.711629	0.350808	-0.932854	0.081956	0.648139	0.305039	0.697759
15599	6.481725	0.630768	10.521133	-0.807579	4.271742	1.569581	-0.727550	-0.258797	0.635370	0.366089	-0.929697	0.040520	0.580216	0.262082	0.771144
15600	8.507137	2.519560	12.249994	-0.912550	4.320901	1.578086	-0.771604	-0.321135	0.549089	0.383418	-0.923574	-0.001357	0.507560	0.209484	0.835763
15601	8.653912	2.485601	12.372200	-0.895253	4.547546	1.302419	-0.811996	-0.371781	0.449934	0.398932	-0.916228	-0.037127	0.426046	0.149346	0.892290
15602	10.049980	3.799265	12.426122	-1.241185	4.438039	0.616721	-0.848697	-0.398757	0.347429	0.399930	-0.913731	-0.071778	0.346078	0.078029	0.934955
15603	12.810176	1.016967	3.643626	-0.985495	2.166546	-0.351840	-0.869863	-0.393939	0.296902	0.384474	-0.918512	-0.092279	0.309060	0.033881	0.950439
15604	26.822887	1.534275	-2.507541	-0.636689	0.624172	-0.098199	-0.875525	-0.392228	0.282156	0.377627	-0.919776	-0.106821	0.301419	0.013025	0.953403
15605	22.602846	2.870741	-10.863491	0.447105	-0.995786	0.509430	-0.862870	-0.403439	0.304454	0.392243	-0.914407	-0.100024	0.318749	0.033112	0.947261
15606	13.833601	6.194854	4.325485	1.421109	-2.579549	0.157272	-0.839387	-0.403039	0.364678	0.407652	-0.910596	-0.068080	0.359513	0.091517	0.928642
15607	8.361907	-1.179483	13.390275	1.060584	-2.102250	-0.785014	-0.827520	-0.379123	0.414096	0.401250	-0.915257	-0.036109	0.392694	0.136275	0.909517
15608	11.380286	5.921839	13.240631	1.195252	-0.647365	-0.370571	-0.824854	-0.368156	0.429042	0.405327	-0.914157	-0.005167	0.394114	0.169640	0.903270
15609	5.459462	0.369473	9.833903	0.459752	-0.308650	-0.082342	-0.822607	-0.364882	0.436095	0.408144	-0.912897	0.006058	0.395900	0.182973	0.899880
15610	5.158760	0.780384	9.771882	0.207433	-0.243023	0.025736	-0.819892	-0.364301	0.441659	0.410704	-0.911709	0.010408	0.398873	0.189925	0.897123
15611	4.794180	-0.097533	9.259983	-0.005420	-0.164737	0.056601	-0.817622	-0.364768	0.445464	0.411780	-0.911232	0.009635	0.402406	0.191311	0.895248
15612	4.644474	0.225511	9.287538	-0.025450	-0.149256	0.045488	-0.815608	-0.365051	0.448912	0.412422	-0.910953	0.008532	0.405823	0.192100	0.893535
15613	4.663983	0.391170	9.290325	-0.020176	-0.172031	0.045778	-0.813343	-0.365226	0.452860	0.413118	-0.910646	0.007542	0.409641	0.193219	0.891550
15614	4.756065	0.089814	9.187792	-0.016612	-0.183573	0.046670	-0.810933	-0.365360	0.457055	0.413866	-0.910314	0.006618	0.413646	0.194526	0.889414
15615	4.849688	-0.076004	9.133977	-0.001235	-0.147052	0.031782	-0.809039	-0.365327	0.460426	0.414466	-0.910044	0.006202	0.416742	0.195849	0.887676
15616	4.778446	0.037214	9.142571	0.005967	-0.101143	0.024256	-0.807692	-0.365343	0.462773	0.414988	-0.909807	0.006031	0.418831	0.196916	0.886456
15617	4.738946	0.090708	9.151028	0.002384	-0.104204	0.019472	-0.806356	-0.365232	0.465183	0.415375	-0.909631	0.005834	0.421015	0.197930	0.885195
15618	4.813059	0.048235	9.095940	-0.001061	-0.114052	0.018416	-0.804921	-0.365045	0.467808	0.415704	-0.909483	0.005571	0.423429	0.198954	0.883813
15619	4.847338	0.134067	9.069818	0.009962	-0.088610	0.020317	-0.803730	-0.365026	0.469866	0.416187	-0.909262	0.005529	0.425214	0.199996	0.882720
15620	4.800356	0.135979	9.063284	0.019728	-0.103814	0.019377	-0.802382	-0.364905	0.472258	0.416755	-0.909001	0.005712	0.427199	0.201399	0.881442
15621	4.770425	0.138305	9.061377	-0.003814	-0.136162	0.018878	-0.800686	-0.364607	0.475357	0.417061	-0.908863	0.005380	0.430073	0.202561	0.879777
15622	4.824106	-0.020357	9.066487	-0.013607	-0.181230	0.010878	-0.798574	-0.363893	0.479438	0.417100	-0.908847	0.004928	0.433943	0.203909	0.877562
15623	4.967396	0.015335	8.917299	-0.013966	-0.173282	0.000720	-0.796638	-0.362983	0.483333	0.416931	-0.908926	0.004589	0.437648	0.205173	0.875425
15624	5.024358	0.026166	8.910224	-0.014316	-0.127773	-0.014422	-0.795345	-0.361959	0.486223	0.416455	-0.909145	0.004427	0.440445	0.206011	0.873824
15625	4.870308	-0.002947	9.102070	0.007565	-0.135751	-0.022273	-0.794036	-0.360710	0.489281	0.416064	-0.909322	0.004840	0.443168	0.207415	0.872113
15626	4.608830	0.337809	9.350712	0.011360	-0.287097	-0.019207	-0.790992	-0.358734	0.495622	0.415778	-0.909451	0.005299	0.448843	0.210260	0.868522
15627	4.668625	0.153423	9.317981	-0.001575	-0.532320	-0.022299	-0.785138	-0.355358	0.507227	0.415290	-0.909672	0.005522	0.459448	0.214982	0.861795
15628	4.802924	0.080966	9.274731	-0.029084	-0.754195	-0.040831	-0.776713	-0.350281	0.523470	0.414124	-0.910205	0.005402	0.474572	0.220978	0.852027
15629	4.720834	0.119307	9.326932	-0.060785	-1.023798	-0.065787	-0.764939	-0.342993	0.545183	0.412090	-0.911129	0.004976	0.495026	0.228470	0.838302
15630	4.409557	0.010488	9.702196	-0.062607	-1.498227	-0.096667	-0.746798	-0.331984	0.576263	0.409438	-0.912324	0.005015	0.524073	0.239689	0.817249
15631	4.331575	-0.243960	9.979010	0.037025	-2.150783	-0.243761	-0.719997	-0.313004	0.619382	0.405445	-0.914071	0.009382	0.563222	0.257880	0.785034
15632	4.908931	-0.792752	10.025302	0.479290	-2.870755	-0.533848	-0.683271	-0.281088	0.673892	0.403079	-0.914763	0.027130	0.608826	0.290169	0.738331
15633	5.704432	-1.033051	10.622180	1.064875	-3.804335	-0.860112	-0.631507	-0.231464	0.740015	0.405823	-0.911908	0.061088	0.660686	0.338893	0.669810
15634	10.724466	-0.800065	13.660833	1.318506	-4.582657	-0.991936	-0.562698	-0.166984	0.809621	0.413691	-0.904809	0.100904	0.715703	0.391711	0.578214
15635	11.308455	0.204801	13.243659	1.112417	-4.797161	-0.822478	-0.482268	-0.098928	0.870420	0.423556	-0.896078	0.132833	0.766823	0.432733	0.474051
15636	7.216534	-0.968561	11.124129	0.655862	-4.655521	-0.779789	-0.398616	-0.029778	0.916634	0.427897	-0.890058	0.157164	0.811178	0.454873	0.367534
15637	4.789362	0.410921	8.356474	0.717029	-4.142958	-1.200315	-0.325878	0.044758	0.944352	0.431830	-0.881544	0.190798	0.841027	0.469976	0.267947
15638	11.278210	-1.581111	14.442555	-0.140403	0.251881	-0.850459	-0.340265	0.060528	0.938380	0.421794	-0.882075	0.209842	0.840423	0.467204	0.274609
15639	-2.587977	-3.253427	4.779474	0.616525	1.446805	-0.502485	-0.375710	0.054310	0.925145	0.430108	-0.874037	0.225980	0.820883	0.482815	0.305025
15640	1.453279	-1.738449	7.640014	0.259760	1.436967	0.456070	-0.399996	0.026797	0.916125	0.439819	-0.871346	0.217519	0.804091	0.489936	0.336749
15641	2.040853	-2.335385	7.650711	0.308663	2.445339	1.256698	-0.434224	-0.030804	0.900278	0.459046	-0.867478	0.191726	0.775065	0.496521	0.390820
15642	3.116875	0.214397	8.169664	0.267678	3.093833	1.511515	-0.475014	-0.102081	0.874037	0.481331	-0.861634	0.160957	0.736669	0.497158	0.458423
15643	4.597463	0.735793	8.807581	-0.021791	3.743751	1.375007	-0.525055	-0.177733	0.832303	0.498194	-0.857072	0.131261	0.690015	0.483568	0.538555
15644	6.261665	0.756900	9.645216	-0.179558	4.145476	1.091999	-0.580058	-0.250084	0.775236	0.510381	-0.853314	0.106613	0.634858	0.457507	0.622610
15645	9.183892	0.150302	10.231090	-0.415797	4.633620	1.088397	-0.635910	-0.324081	0.700422	0.520753	-0.849997	0.079501	0.569592	0.415303	0.709288
15646	8.661778	0.157388	10.508646	-0.309707	4.498583	1.135891	-0.681108	-0.392443	0.618126	0.535417	-0.842803	0.054884	0.499420	0.368337	0.784161
15647	9.239821	0.926146	12.165633	-0.698456	4.291807	0.903284	-0.719029	-0.447978	0.531331	0.543181	-0.839164	0.027547	0.433533	0.308416	0.846716
15648	9.999033	1.421488	12.641260	-1.233929	4.323617	0.394562	-0.757167	-0.485684	0.436818	0.538159	-0.842832	-0.004290	0.370248	0.231829	0.899540
15649	10.125491	1.808307	11.697844	-1.687647	3.957827	-0.218093	-0.793992	-0.499982	0.345826	0.519550	-0.853454	-0.041040	0.315666	0.147088	0.937401
15650	9.981539	1.442143	9.927703	-2.046525	3.218269	-0.728159	-0.826973	-0.492906	0.270480	0.489744	-0.867803	-0.084076	0.276165	0.062937	0.959047
15651	16.038994	3.002463	3.511197	-1.667992	1.695800	-0.973469	-0.849845	-0.473213	0.232021	0.458251	-0.880929	-0.118197	0.260326	0.005875	0.965503
15652	15.048094	2.614254	-1.135908	-0.951156	1.154966	-0.960101	-0.867800	-0.451707	0.207084	0.431693	-0.891707	-0.136016	0.246098	-0.028638	0.968822
15653	14.501652	1.607172	-4.157063	0.254192	-0.539470	-0.462319	-0.869329	-0.441741	0.221657	0.423292	-0.896982	-0.127466	0.255129	-0.016985	0.966758
15654	11.581928	1.881344	-2.482993	1.221478	-2.278163	0.483576	-0.848514	-0.452042	0.275103	0.442024	-0.891280	-0.101172	0.290928	0.035757	0.956077
15655	4.697579	4.285172	14.954989	1.460874	-2.734504	-0.082708	-0.828107	-0.445579	0.340146	0.451644	-0.889755	-0.065991	0.332050	0.098977	0.938054
15656	8.772308	-0.338308	12.615307	0.862822	-2.419418	-0.533138	-0.812773	-0.426306	0.397069	0.448279	-0.892948	-0.041102	0.372084	0.144591	0.916868
15657	12.410094	5.136180	13.559406	1.273367	-0.852790	-0.425909	-0.809564	-0.413286	0.416895	0.451505	-0.892235	-0.007738	0.375166	0.181965	0.908922
15658	5.579232	0.146885	9.914799	0.441024	-0.346460	-0.047319	-0.806807	-0.410543	0.424874	0.454659	-0.890662	0.002747	0.377291	0.195388	0.905248
15659	5.067757	0.343423	9.595927	0.282703	-0.229861	0.002016	-0.804576	-0.409382	0.430190	0.457331	-0.889250	0.009100	0.378821	0.204061	0.902692
15660	4.911643	0.522309	9.523424	0.089626	-0.091487	0.039001	-0.803227	-0.409718	0.432386	0.458924	-0.888411	0.010688	0.379758	0.207017	0.901625
15661	4.512231	0.133829	9.298486	0.008704	-0.086764	0.050148	-0.801790	-0.410320	0.434477	0.459971	-0.887874	0.010329	0.381523	0.208129	0.900623
15662	4.513277	0.060713	9.218565	0.003291	-0.081699	0.041445	-0.800496	-0.410752	0.436450	0.460791	-0.887453	0.009941	0.383245	0.209070	0.899674
15663	4.521975	0.096641	9.231595	0.020428	-0.099877	0.034132	-0.799108	-0.410924	0.438826	0.461628	-0.887017	0.010015	0.385131	0.210577	0.898516
15664	4.675569	0.199975	9.239445	0.037373	-0.082915	0.030820	-0.797916	-0.411107	0.440819	0.462562	-0.886525	0.010503	0.386479	0.212286	0.897535
15665	4.650069	0.219327	9.204291	0.031370	-0.068097	0.030889	-0.796864	-0.411366	0.442477	0.463439	-0.886062	0.010853	0.387598	0.213710	0.896714
15666	4.645397	0.139395	9.192087	0.016141	-0.053908	0.032481	-0.795928	-0.411734	0.443817	0.464200	-0.885664	0.010843	0.388608	0.214651	0.896052
15667	4.579451	0.211412	9.213787	0.010042	-0.046530	0.025164	-0.795147	-0.411977	0.444989	0.464756	-0.885373	0.010777	0.389542	0.215380	0.895471
15668	4.659526	0.064898	9.171122	0.005213	-0.052748	0.020468	-0.794359	-0.412083	0.446298	0.465171	-0.885157	0.010654	0.390654	0.216068	0.894821
15669	4.619567	0.179272	9.207072	0.001988	-0.040371	0.014742	-0.793756	-0.412127	0.447328	0.465440	-0.885017	0.010521	0.391556	0.216556	0.894308
15670	4.551474	0.110270	9.173311	-0.026255	-0.074747	0.012732	-0.792838	-0.411941	0.449124	0.465392	-0.885051	0.009780	0.393469	0.216773	0.893416
15671	4.616794	0.107879	9.183354	-0.017905	-0.109614	0.004182	-0.791671	-0.411375	0.451694	0.465256	-0.885127	0.009321	0.395972	0.217532	0.892124
15672	4.770744	0.137623	9.039221	-0.056788	-0.111553	-0.001422	-0.790542	-0.410674	0.454301	0.464620	-0.885473	0.008059	0.398962	0.217449	0.890812
15673	4.742548	0.109167	9.136557	-0.039490	-0.087134	-0.006865	-0.789713	-0.409984	0.456361	0.464046	-0.885781	0.007246	0.401265	0.217495	0.889765
15674	4.683933	-0.053608	9.205939	-0.028218	-0.098912	-0.021162	-0.788926	-0.408914	0.458678	0.463301	-0.886175	0.006849	0.403668	0.217909	0.888576
15675	4.455306	0.129137	9.425128	-0.067509	-0.208902	-0.070400	-0.787580	-0.406150	0.463422	0.461184	-0.887283	0.006150	0.408689	0.218566	0.886116
15676	4.229123	0.365226	9.561657	-0.034141	-0.431888	-0.043995	-0.783587	-0.402731	0.473074	0.459924	-0.887939	0.005898	0.417685	0.222200	0.881003
15677	4.347343	0.127792	9.534368	-0.053035	-0.765597	-0.054247	-0.776026	-0.397149	0.489956	0.458260	-0.888802	0.005378	0.433338	0.228701	0.871731
15678	4.392553	0.150518	9.564864	-0.080693	-1.100527	-0.081054	-0.764682	-0.388868	0.513852	0.455761	-0.890090	0.004641	0.455570	0.237742	0.857867
15679	4.061354	0.229372	9.886092	-0.076710	-1.602474	-0.092298	-0.746808	-0.376952	0.547891	0.453072	-0.891464	0.004232	0.486830	0.251395	0.836539
15680	3.693683	-0.308821	10.410588	-0.040477	-2.373429	-0.243066	-0.719299	-0.355925	0.596595	0.448062	-0.893976	0.006875	0.530895	0.272257	0.802513
15681	3.945189	-0.904848	11.069097	0.423775	-3.282179	-0.629743	-0.680514	-0.317890	0.660186	0.442908	-0.896218	0.025002	0.583723	0.309416	0.750686
15682	5.755072	-1.551980	11.781036	1.236057	-4.557563	-1.062013	-0.622215	-0.255312	0.740043	0.444559	-0.893346	0.065576	0.644372	0.369795	0.669355
15683	12.309202	-0.894157	15.101447	1.507225	-5.294174	-1.112556	-0.545251	-0.177358	0.819296	0.453727	-0.884258	0.110540	0.704864	0.432009	0.562615
15684	10.399197	0.132421	13.589713	1.075825	-5.364771	-0.854520	-0.456639	-0.097638	0.884278	0.462707	-0.875012	0.142326	0.759857	0.474153	0.444742
15685	4.433040	-1.529564	10.353858	0.574383	-4.995730	-0.908624	-0.369319	-0.017250	0.929143	0.464538	-0.869374	0.168506	0.804865	0.493854	0.329089
15686	11.378523	2.081772	13.394624	0.304206	-3.337995	-1.365492	-0.316833	0.053818	0.946953	0.459019	-0.864985	0.202739	0.830011	0.498904	0.249352
15687	3.515131	-5.472681	11.631852	-0.159059	1.606477	-0.776727	-0.358788	0.050581	0.932048	0.449170	-0.865962	0.219901	0.818240	0.497546	0.287977
15688	-3.305043	-2.940661	5.871422	0.692238	1.442184	-0.091968	-0.389007	0.034247	0.920598	0.462285	-0.857123	0.227229	0.796847	0.513972	0.317595
15689	1.756221	-2.848817	8.998705	0.161897	1.884805	1.209878	-0.411921	-0.016076	0.911078	0.477591	-0.855319	0.200839	0.776033	0.517852	0.360002
15690	1.294118	-0.091933	7.971061	0.281943	3.048406	1.516814	-0.451252	-0.088123	0.888035	0.499331	-0.849686	0.169416	0.739621	0.519873	0.427425
15691	2.967021	2.388116	8.163578	-0.392581	3.705203	0.933392	-0.506355	-0.155427	0.848202	0.503476	-0.851845	0.144468	0.700083	0.500202	0.509590
15692	5.524411	0.941519	8.422118	-0.988617	4.302800	0.331346	-0.575220	-0.214350	0.789415	0.491259	-0.862162	0.123861	0.654054	0.459054	0.601234
15693	7.831188	-0.815953	8.841444	-1.144287	4.585552	0.439957	-0.641795	-0.273731	0.716359	0.480092	-0.871841	0.096977	0.598006	0.406158	0.690959
15694	10.145491	-2.187310	9.194770	-1.060830	4.711931	1.346133	-0.692187	-0.347667	0.632460	0.487638	-0.871330	0.054714	0.532059	0.346284	0.772658
15695	9.904508	0.162603	11.496536	-0.740116	4.459185	1.788227	-0.725357	-0.421950	0.543889	0.510236	-0.859931	0.013341	0.462078	0.287189	0.839051
15696	10.518574	0.595329	12.585816	-1.113174	4.547067	1.692873	-0.751950	-0.486685	0.444645	0.529722	-0.847572	-0.031882	0.392385	0.211565	0.895139
15697	10.642669	1.601371	12.607972	-1.204097	4.210931	1.116280	-0.774938	-0.528522	0.346607	0.540290	-0.838510	-0.070626	0.327960	0.132537	0.935348
15698	12.053290	1.058773	6.573648	-0.928470	2.014100	0.335581	-0.786214	-0.541187	0.298301	0.539630	-0.836489	-0.095317	0.301110	0.086032	0.949701
15699	20.232770	4.615290	4.133227	-1.089065	1.250196	-0.020700	-0.795707	-0.542929	0.268473	0.531238	-0.838508	-0.121206	0.290923	0.046178	0.955631
15700	15.822419	2.682278	-2.701570	-0.358489	0.688260	-0.719375	-0.810004	-0.528475	0.254183	0.514277	-0.848442	-0.125160	0.281803	0.029340	0.959024
15701	15.455683	1.222737	-5.201893	0.453726	-0.970640	-0.519897	-0.809606	-0.516450	0.278957	0.507039	-0.854758	-0.110907	0.295719	0.051652	0.953878
15702	9.092277	4.512212	3.572823	1.525705	-2.470133	-0.050525	-0.791031	-0.510180	0.337617	0.517859	-0.852218	-0.074469	0.325716	0.115931	0.938333
15703	7.265317	2.358037	14.103793	0.887867	-2.315292	-0.604737	-0.778956	-0.489115	0.392422	0.513559	-0.856690	-0.048367	0.359840	0.163856	0.918513
15704	13.242713	2.018165	13.713356	1.480950	-0.984179	-0.579419	-0.777524	-0.472079	0.415450	0.515572	-0.856802	-0.008685	0.360058	0.207441	0.909575
15705	5.956186	0.815509	10.303811	0.457947	-0.338962	-0.091258	-0.775618	-0.468231	0.423293	0.517876	-0.855452	0.002657	0.360862	0.221274	0.905989
15706	4.762711	0.401084	9.550403	0.386325	-0.324923	-0.039107	-0.773158	-0.465466	0.430777	0.520558	-0.853744	0.011804	0.362279	0.233371	0.902381
15707	5.302894	0.699361	9.679537	0.087494	-0.125600	0.059497	-0.771211	-0.465912	0.433773	0.522448	-0.852570	0.013130	0.363704	0.236750	0.900927
15708	4.688044	0.181469	9.280101	0.023049	-0.085168	0.048554	-0.769770	-0.466354	0.435854	0.523540	-0.851900	0.013120	0.365186	0.238286	0.899922
15709	4.686510	0.281990	9.286991	0.023733	-0.078585	0.040987	-0.768483	-0.466669	0.437783	0.524491	-0.851313	0.013205	0.366528	0.239761	0.898984
15710	4.613786	0.404980	9.272177	0.025456	-0.076802	0.037508	-0.767255	-0.466917	0.439669	0.525391	-0.850756	0.013364	0.367811	0.241252	0.898061
15711	4.615125	0.185645	9.247439	0.005499	-0.097189	0.030246	-0.765930	-0.466884	0.442007	0.525967	-0.850403	0.013154	0.369743	0.242556	0.896915
15712	4.660661	0.110982	9.148046	-0.002060	-0.099035	0.023263	-0.764675	-0.466688	0.444382	0.526339	-0.850178	0.012850	0.371806	0.243721	0.895745
15713	4.709654	0.141308	9.152736	0.004744	-0.081308	0.021319	-0.763605	-0.466555	0.446356	0.526736	-0.849934	0.012718	0.373439	0.244823	0.894765
15714	4.688413	0.177723	9.120771	0.002326	-0.064200	0.019860	-0.762711	-0.466494	0.447945	0.527082	-0.849722	0.012548	0.374775	0.245674	0.893973
15715	4.624757	0.139437	9.100184	0.000924	-0.069250	0.017466	-0.761799	-0.466350	0.449645	0.527368	-0.849547	0.012371	0.376225	0.246553	0.893122
15716	4.665843	0.044976	9.166526	0.003356	-0.048699	0.014758	-0.761113	-0.466273	0.450884	0.527626	-0.849388	0.012279	0.377250	0.247244	0.892498
15717	4.690691	0.149027	9.114398	-0.028329	-0.078162	0.008414	-0.760231	-0.465879	0.452776	0.527463	-0.849499	0.011551	0.379252	0.247604	0.891550
15718	4.744522	0.207154	9.119363	-0.009431	-0.097877	0.001214	-0.759252	-0.465208	0.455103	0.527341	-0.849578	0.011325	0.381377	0.248593	0.890367
15719	4.826095	0.200576	9.063345	-0.038581	-0.075997	0.002495	-0.758459	-0.464699	0.456940	0.526964	-0.849823	0.010437	0.383469	0.248707	0.889436
15720	4.702870	0.159644	9.191782	-0.028390	-0.078828	-0.001645	-0.757690	-0.464083	0.458838	0.526605	-0.850054	0.009823	0.385478	0.249069	0.888466
15721	4.672771	-0.011779	9.251719	-0.025072	-0.136517	-0.022377	-0.756630	-0.462666	0.462007	0.525883	-0.850504	0.009523	0.388533	0.250167	0.886825
15722	4.351823	0.111380	9.501929	-0.039736	-0.271652	-0.047374	-0.754560	-0.459862	0.468152	0.524543	-0.851334	0.009193	0.394327	0.252503	0.883600
15723	4.224245	0.272874	9.570987	-0.025548	-0.601780	-0.052231	-0.749188	-0.454814	0.481520	0.523251	-0.852129	0.009249	0.406111	0.258885	0.876386
15724	4.445480	0.132631	9.527606	-0.075551	-0.945400	-0.073070	-0.740286	-0.446941	0.502216	0.521051	-0.853483	0.008503	0.424833	0.267975	0.864700
