// General information: 
//  MT Manager version: 2022.2.0 
//  XDA version: 2022.2.0 build 7381 rev 124627 built on 2023-07-19
// Device information: 
//  DeviceId: 00B4CBA7
//  ProductCode: MTW2-3A7G6
//  Firmware Version: 4.6.0
//  Hardware Version: 2.0.0
// Device settings: 
//  Filter Profile: human(46.1)
//  Option Flags: Orientation Smoother Disabled, Position/Velocity Smoother Disabled, Continuous Zero Rotation Update Disabled, AHS Disabled, ICC Disabled
// Coordinate system: ENU
PacketCounter	Acc_X	Acc_Y	Acc_Z	Gyr_X	Gyr_Y	Gyr_Z	Mat[1][1]	Mat[2][1]	Mat[3][1]	Mat[1][2]	Mat[2][2]	Mat[3][2]	Mat[1][3]	Mat[2][3]	Mat[3][3]
16937	9.592093	-0.214179	-1.913954	-0.128807	-0.095552	-0.111135	0.183090	0.031239	0.982600	0.354577	-0.934319	-0.036365	0.916926	0.355065	-0.182141
16938	9.552666	-0.486141	-1.966308	-0.125697	-0.087542	-0.113529	0.183474	0.032649	0.982482	0.353643	-0.934726	-0.034979	0.917210	0.353866	-0.183044
16939	9.460844	-0.599338	-1.945724	-0.098736	-0.084988	-0.114468	0.183833	0.034053	0.982367	0.352967	-0.935031	-0.033639	0.917399	0.352927	-0.183909
16940	9.476631	-0.535652	-1.824741	-0.093856	-0.084043	-0.113069	0.184189	0.035446	0.982252	0.352325	-0.935320	-0.032315	0.917574	0.352023	-0.184764
16941	9.488072	-0.469233	-1.745604	-0.102786	-0.084245	-0.114913	0.184541	0.036849	0.982134	0.351600	-0.935638	-0.030961	0.917781	0.351031	-0.185620
16942	9.510436	-0.430711	-1.712221	-0.098963	-0.086485	-0.111805	0.184926	0.038237	0.982008	0.350909	-0.935940	-0.029638	0.917968	0.350076	-0.186497
16943	9.568197	-0.374807	-1.837599	-0.061979	-0.084415	-0.105626	0.185314	0.039556	0.981883	0.350564	-0.936107	-0.028451	0.918022	0.349485	-0.187340
16944	9.593447	-0.196084	-1.993258	-0.025466	-0.086034	-0.099774	0.185737	0.040829	0.981751	0.350526	-0.936153	-0.027383	0.917951	0.349215	-0.188190
16945	9.560033	-0.083508	-2.019186	-0.017752	-0.085553	-0.092535	0.186182	0.042029	0.981616	0.350556	-0.936169	-0.026407	0.917849	0.349028	-0.189031
16946	9.509529	-0.083763	-1.994194	-0.021685	-0.084858	-0.092898	0.186619	0.043233	0.981481	0.350542	-0.936202	-0.025413	0.917766	0.348793	-0.189868
16947	9.471503	-0.174403	-1.976733	-0.011801	-0.082193	-0.091448	0.187036	0.044409	0.981349	0.350617	-0.936199	-0.024458	0.917652	0.348652	-0.190674
16948	9.504387	-0.208308	-1.820931	-0.002350	-0.085599	-0.086102	0.187503	0.045552	0.981207	0.350768	-0.936166	-0.023569	0.917499	0.348595	-0.191512
16949	9.564827	-0.157928	-1.762095	-0.000650	-0.088446	-0.080008	0.188018	0.046644	0.981057	0.350928	-0.936126	-0.022747	0.917332	0.348558	-0.192377
16950	9.597621	-0.008016	-1.679202	-0.017225	-0.091312	-0.075405	0.188575	0.047706	0.980899	0.350924	-0.936147	-0.021934	0.917220	0.348357	-0.193275
16951	9.683788	0.148873	-1.588085	-0.079741	-0.095582	-0.070667	0.189187	0.048733	0.980731	0.350332	-0.936389	-0.021051	0.917320	0.347564	-0.194226
16952	9.717690	0.114016	-1.576002	-0.149537	-0.096411	-0.063423	0.189834	0.049700	0.980557	0.349092	-0.936873	-0.020098	0.917659	0.346120	-0.195200
16953	9.700177	0.010209	-1.534646	-0.189028	-0.094956	-0.064244	0.190465	0.050661	0.980386	0.347480	-0.937494	-0.019062	0.918140	0.344295	-0.196164
16954	9.665905	-0.164923	-1.753624	-0.177844	-0.104597	-0.056665	0.191213	0.051591	0.980192	0.345966	-0.938072	-0.018116	0.918556	0.342577	-0.197220
16955	9.577782	-0.347467	-1.981982	-0.105225	-0.106525	-0.054020	0.191989	0.052495	0.979992	0.345111	-0.938402	-0.017343	0.918716	0.341536	-0.198279
16956	9.548540	-0.261989	-2.097086	-0.036990	-0.109885	-0.054857	0.192793	0.053423	0.979784	0.344888	-0.938495	-0.016692	0.918631	0.341134	-0.199361
16957	9.649641	-0.137246	-2.153483	-0.039927	-0.105204	-0.058305	0.193542	0.054362	0.979585	0.344641	-0.938598	-0.016005	0.918566	0.340703	-0.200394
16958	9.661321	-0.118675	-2.334575	-0.060785	-0.088503	-0.058043	0.194139	0.055247	0.979417	0.344207	-0.938770	-0.015274	0.918603	0.340087	-0.201268
16959	9.635803	-0.280433	-2.480977	-0.059468	-0.070830	-0.058826	0.194572	0.056069	0.979284	0.343761	-0.938945	-0.014542	0.918678	0.339469	-0.201967
16960	9.540404	-0.376997	-2.512336	-0.064243	-0.055700	-0.062146	0.194855	0.056880	0.979181	0.343303	-0.939124	-0.013763	0.918790	0.338838	-0.202520
16961	9.544617	-0.372697	-2.475471	-0.064516	-0.043325	-0.064385	0.195017	0.057666	0.979103	0.342848	-0.939302	-0.012967	0.918926	0.338212	-0.202950
16962	9.583324	-0.349121	-2.311925	-0.066458	-0.031264	-0.067095	0.195058	0.058440	0.979049	0.342379	-0.939483	-0.012134	0.919091	0.337573	-0.203262
16963	9.585395	-0.241262	-2.050438	-0.063293	-0.024046	-0.067967	0.195031	0.059197	0.979009	0.341958	-0.939647	-0.011306	0.919254	0.336985	-0.203503
16964	9.597279	-0.159563	-1.976952	-0.067864	-0.020485	-0.070460	0.194962	0.059966	0.978976	0.341484	-0.939830	-0.010438	0.919445	0.336339	-0.203709
16965	9.566216	-0.112251	-1.957450	-0.057282	-0.017306	-0.063034	0.194891	0.060651	0.978948	0.341096	-0.939979	-0.009669	0.919604	0.335800	-0.203881
16966	9.542320	-0.131112	-2.001025	-0.041179	-0.016246	-0.061448	0.194815	0.061322	0.978921	0.340849	-0.940076	-0.008943	0.919712	0.335406	-0.204042
16967	9.460133	-0.032772	-1.984758	-0.031601	-0.019651	-0.056145	0.194789	0.061950	0.978887	0.340682	-0.940142	-0.008294	0.919779	0.335104	-0.204234
16968	9.421181	-0.043118	-2.011692	-0.036088	-0.021076	-0.059638	0.194763	0.062620	0.978849	0.340477	-0.940222	-0.007596	0.919860	0.334755	-0.204442
16969	9.537381	-0.008789	-1.926635	-0.012533	-0.027421	-0.053581	0.194818	0.063248	0.978798	0.340472	-0.940228	-0.007011	0.919850	0.334620	-0.204708
16970	9.703002	0.096131	-2.013376	0.008707	-0.027812	-0.046342	0.194900	0.063816	0.978745	0.340654	-0.940166	-0.006535	0.919766	0.334687	-0.204977
16971	9.698447	0.204261	-1.935608	-0.001246	-0.027939	-0.042575	0.194996	0.064346	0.978691	0.340754	-0.940133	-0.006081	0.919708	0.334679	-0.205248
16972	9.537388	0.206627	-1.832496	-0.041218	-0.031191	-0.042161	0.195123	0.064886	0.978630	0.340469	-0.940239	-0.005544	0.919787	0.334275	-0.205554
16973	9.390031	0.200681	-1.889249	-0.052451	-0.043044	-0.028642	0.195406	0.065333	0.978544	0.340056	-0.940391	-0.005120	0.919880	0.333760	-0.205975
16974	9.305722	0.215234	-1.867563	-0.062212	-0.050565	-0.021676	0.195781	0.065744	0.978441	0.339538	-0.940581	-0.004740	0.919991	0.333146	-0.206471
16975	9.211779	0.234856	-1.787781	-0.071368	-0.060176	-0.013960	0.196272	0.066107	0.978319	0.338905	-0.940810	-0.004420	0.920120	0.332425	-0.207059
16976	9.197816	0.203897	-1.751924	-0.082080	-0.069152	0.001318	0.196897	0.066363	0.978176	0.338159	-0.941080	-0.004222	0.920261	0.331610	-0.207737
16977	9.327226	0.245501	-1.701104	-0.115075	-0.085119	0.008612	0.197694	0.066600	0.977999	0.337105	-0.941458	-0.004032	0.920477	0.330485	-0.208572
16978	9.484086	0.209033	-1.690257	-0.162258	-0.088193	0.017208	0.198548	0.066767	0.977814	0.335589	-0.942001	-0.003821	0.920847	0.328902	-0.209439
16979	9.660531	0.039088	-1.766038	-0.201267	-0.090616	0.020117	0.199434	0.066912	0.977624	0.333724	-0.942664	-0.003560	0.921333	0.326967	-0.210329
16980	9.758040	-0.345277	-1.866591	-0.207630	-0.091492	0.014664	0.200310	0.067111	0.977431	0.331793	-0.943347	-0.003225	0.921840	0.324951	-0.211229
16981	9.855884	-0.463304	-2.143243	-0.148383	-0.081685	0.008268	0.201075	0.067333	0.977259	0.330423	-0.943828	-0.002956	0.922166	0.323503	-0.212029
16982	9.803061	-0.447685	-2.271914	-0.113197	-0.073362	-0.006917	0.201714	0.067674	0.977104	0.329405	-0.944185	-0.002608	0.922390	0.322389	-0.212747
16983	9.805064	-0.484432	-2.497565	-0.096389	-0.058430	-0.015779	0.202185	0.068044	0.976981	0.328556	-0.944482	-0.002213	0.922590	0.321441	-0.213316
16984	9.821983	-0.490544	-2.621101	-0.058712	-0.050982	-0.021672	0.202569	0.068452	0.976873	0.328070	-0.944652	-0.001836	0.922679	0.320855	-0.213814
16985	9.800378	-0.411197	-2.786791	-0.010088	-0.035198	-0.031956	0.202775	0.068900	0.976798	0.328045	-0.944661	-0.001466	0.922642	0.320731	-0.214156
16986	9.757792	-0.179734	-2.632577	-0.011803	-0.014572	-0.042513	0.202755	0.069387	0.976768	0.328034	-0.944665	-0.000986	0.922651	0.320613	-0.214297
16987	9.621023	0.009118	-2.396572	-0.059593	-0.003773	-0.048170	0.202618	0.069887	0.976761	0.327586	-0.944821	-0.000352	0.922840	0.320044	-0.214332
16988	9.536853	0.125582	-2.145265	-0.119497	0.005396	-0.045666	0.202403	0.070341	0.976773	0.326587	-0.945167	0.000390	0.923241	0.318923	-0.214277
16989	9.451839	0.059703	-1.868428	-0.149810	0.007291	-0.047973	0.202166	0.070798	0.976789	0.325272	-0.945620	0.001217	0.923757	0.317476	-0.214201
16990	9.462405	-0.061350	-1.896511	-0.141245	0.004793	-0.038634	0.201981	0.071187	0.976799	0.324057	-0.946035	0.001937	0.924224	0.316148	-0.214150
16991	9.464834	-0.136686	-1.990933	-0.069040	-0.002614	-0.039862	0.201861	0.071605	0.976793	0.323508	-0.946222	0.002509	0.924443	0.315494	-0.214171
16992	9.471485	-0.094216	-2.074093	-0.018645	-0.003259	-0.037094	0.201756	0.072006	0.976785	0.323422	-0.946250	0.002951	0.924496	0.315318	-0.214200
16993	9.494971	-0.002426	-2.168854	0.025170	-0.007596	-0.032046	0.201707	0.072367	0.976769	0.323737	-0.946142	0.003245	0.924396	0.315561	-0.214271
16994	9.486182	0.187473	-2.135053	0.021305	-0.011904	-0.033416	0.201694	0.072760	0.976742	0.324013	-0.946046	0.003566	0.924303	0.315758	-0.214387
16995	9.510978	0.194178	-2.082111	-0.003227	-0.012838	-0.030737	0.201698	0.073129	0.976714	0.324072	-0.946024	0.003908	0.924281	0.315737	-0.214510
16996	9.509814	0.154874	-1.958973	-0.008134	-0.016226	-0.027982	0.201742	0.073484	0.976678	0.324065	-0.946025	0.004239	0.924274	0.315652	-0.214667
16997	9.515195	0.153152	-1.919030	-0.001807	-0.020293	-0.023682	0.201839	0.073805	0.976634	0.324100	-0.946012	0.004509	0.924240	0.315617	-0.214862
16998	9.448911	0.075643	-2.005699	-0.020700	-0.018247	-0.016357	0.201939	0.074056	0.976594	0.323954	-0.946061	0.004754	0.924270	0.315411	-0.215037
16999	9.323285	0.032835	-2.023499	-0.004200	-0.025400	-0.010260	0.202126	0.074265	0.976540	0.323935	-0.946067	0.004899	0.924235	0.315345	-0.215282
17000	9.286759	0.195995	-1.933234	-0.016039	-0.038629	-0.001442	0.202464	0.074439	0.976457	0.323802	-0.946112	0.004987	0.924208	0.315168	-0.215657
17001	9.255090	0.235282	-1.914295	-0.046000	-0.042505	0.006068	0.202862	0.074548	0.976365	0.323361	-0.946262	0.005064	0.924275	0.314691	-0.216067
17002	9.292915	0.251630	-1.893882	-0.065109	-0.056522	0.015024	0.203418	0.074622	0.976244	0.322741	-0.946474	0.005098	0.924370	0.314037	-0.216613
17003	9.367584	0.262876	-1.737052	-0.100700	-0.064193	0.019283	0.204058	0.074680	0.976106	0.321803	-0.946793	0.005163	0.924556	0.313060	-0.217233
17004	9.438661	0.198064	-1.717122	-0.159441	-0.068388	0.019722	0.204739	0.074745	0.975959	0.320300	-0.947301	0.005357	0.924927	0.311503	-0.217891
17005	9.672036	0.037249	-1.888853	-0.152152	-0.073355	0.019829	0.205468	0.074814	0.975800	0.318833	-0.947795	0.005533	0.925272	0.309980	-0.218594
17006	9.864997	-0.117813	-2.098040	-0.130115	-0.068150	0.011690	0.206121	0.074953	0.975652	0.317617	-0.948202	0.005743	0.925545	0.308699	-0.219250
17007	9.769437	-0.113671	-2.391505	-0.084690	-0.062270	0.019295	0.206743	0.075004	0.975516	0.316837	-0.948463	0.005776	0.925674	0.307885	-0.219852
17008	9.811716	-0.036922	-2.466766	-0.089633	-0.053752	0.008513	0.207253	0.075127	0.975398	0.316001	-0.948740	0.005930	0.925845	0.306998	-0.220370
17009	9.756863	-0.042555	-2.479193	-0.090483	-0.048355	0.002200	0.207694	0.075290	0.975292	0.315169	-0.949016	0.006144	0.926030	0.306106	-0.220834
17010	9.706904	-0.030913	-2.461077	-0.096362	-0.040571	-0.001657	0.208050	0.075469	0.975202	0.314292	-0.949305	0.006413	0.926248	0.305164	-0.221222
17011	9.613592	-0.095015	-2.372676	-0.115118	-0.029906	-0.002235	0.208306	0.075616	0.975136	0.313243	-0.949649	0.006725	0.926546	0.304054	-0.221504
17012	9.513636	-0.235235	-2.320081	-0.099526	-0.025928	-0.002799	0.208523	0.075761	0.975079	0.312339	-0.949945	0.007013	0.926802	0.303093	-0.221748
17013	9.499673	-0.245847	-2.293577	-0.051908	-0.026030	-0.005932	0.208732	0.075922	0.975021	0.311843	-0.950106	0.007223	0.926922	0.302546	-0.221993
17014	9.429957	-0.082249	-2.195202	-0.036380	-0.020410	-0.009258	0.208878	0.076111	0.974976	0.311537	-0.950205	0.007434	0.926992	0.302189	-0.222188
17015	9.410498	0.050740	-2.107244	-0.048237	-0.018430	-0.010109	0.209002	0.076298	0.974934	0.311131	-0.950336	0.007674	0.927101	0.301728	-0.222361
17016	9.456274	0.086756	-2.154757	-0.068613	-0.017155	-0.014748	0.209101	0.076529	0.974895	0.310537	-0.950527	0.008011	0.927277	0.301066	-0.222521
17017	9.570920	0.019468	-2.195752	-0.060679	-0.015171	-0.010296	0.209192	0.076714	0.974861	0.310051	-0.950684	0.008279	0.927420	0.300524	-0.222661
17018	9.665610	0.046370	-2.265372	-0.046890	-0.009027	-0.015484	0.209213	0.076928	0.974839	0.309660	-0.950809	0.008574	0.927545	0.300075	-0.222743
17019	9.710458	0.059943	-2.199786	-0.043048	-0.008030	-0.017986	0.209217	0.077162	0.974820	0.309335	-0.950912	0.008880	0.927653	0.299689	-0.222815
17020	9.697644	0.130114	-2.176338	-0.016512	-0.010101	-0.014660	0.209250	0.077371	0.974796	0.309225	-0.950945	0.009099	0.927682	0.299528	-0.222911
17021	9.634910	0.185982	-2.018200	-0.024212	-0.012093	-0.009666	0.209318	0.077535	0.974769	0.309042	-0.951003	0.009282	0.927728	0.299302	-0.223023
17022	9.549907	0.080113	-2.105959	-0.025441	-0.016137	-0.016114	0.209403	0.077776	0.974731	0.308852	-0.951062	0.009536	0.927772	0.299051	-0.223177
17023	9.485743	-0.053410	-2.400779	0.015671	-0.008397	-0.008065	0.209444	0.077909	0.974712	0.309007	-0.951011	0.009616	0.927711	0.299179	-0.223258
17024	9.428008	-0.193467	-2.652832	0.052555	0.008269	-0.004738	0.209338	0.077969	0.974730	0.309517	-0.950846	0.009585	0.927565	0.299689	-0.223181
17025	9.353234	-0.086392	-2.699315	0.079940	0.016049	-0.004705	0.209163	0.077986	0.974766	0.310209	-0.950621	0.009490	0.927373	0.300396	-0.223027
17026	9.347954	0.239005	-2.657965	0.057947	0.023606	-0.002026	0.208923	0.077973	0.974819	0.310763	-0.950441	0.009421	0.927242	0.300969	-0.222800
17027	9.295723	0.326253	-2.436239	-0.029877	0.036490	0.000075	0.208572	0.077891	0.974900	0.310463	-0.950538	0.009523	0.927421	0.300684	-0.222438
17028	9.295140	0.180037	-2.191303	-0.106940	0.044999	0.003230	0.208150	0.077764	0.975001	0.309476	-0.950857	0.009769	0.927846	0.299706	-0.221987
17029	9.317094	-0.058043	-2.017862	-0.149964	0.047690	-0.004502	0.207681	0.077695	0.975106	0.308085	-0.951304	0.010182	0.928414	0.298301	-0.221505
17030	9.359409	-0.404207	-2.047571	-0.104828	0.044885	0.001598	0.207255	0.077586	0.975206	0.307120	-0.951614	0.010438	0.928829	0.297342	-0.221055
17031	9.390355	-0.478024	-2.186145	-0.005296	0.045685	0.002439	0.206827	0.077457	0.975307	0.307052	-0.951635	0.010463	0.928946	0.297306	-0.220607
17032	9.558787	-0.336800	-2.246171	0.085825	0.044123	0.002285	0.206409	0.077343	0.975404	0.307857	-0.951377	0.010291	0.928773	0.298161	-0.220184
17033	9.776247	-0.066904	-2.225598	0.105713	0.050319	-0.005575	0.205912	0.077281	0.975514	0.308862	-0.951053	0.010148	0.928550	0.299210	-0.219702
17034	9.876588	0.214340	-2.172198	0.076616	0.057504	-0.015727	0.205315	0.077297	0.975639	0.309618	-0.950807	0.010173	0.928430	0.299986	-0.219147
17035	9.792050	0.267492	-2.162526	0.040525	0.055629	-0.021299	0.204717	0.077372	0.975758	0.310078	-0.950655	0.010326	0.928408	0.300448	-0.218607
17036	9.654942	0.248547	-2.025290	0.023126	0.052175	-0.022677	0.204148	0.077470	0.975870	0.310351	-0.950563	0.010537	0.928443	0.300712	-0.218098
17037	9.490683	0.204368	-1.830469	0.006874	0.046171	-0.025405	0.203626	0.077606	0.975968	0.310479	-0.950519	0.010804	0.928515	0.300817	-0.217645
17038	9.358296	0.100330	-1.648468	0.000554	0.030067	-0.021221	0.203266	0.077757	0.976031	0.310539	-0.950496	0.011050	0.928573	0.300850	-0.217350
17039	9.388914	-0.017147	-1.664904	0.012734	0.011583	-0.020898	0.203081	0.077954	0.976054	0.310703	-0.950440	0.011262	0.928559	0.300975	-0.217237
17040	9.450860	-0.093032	-1.710813	0.051296	0.000963	-0.014946	0.203011	0.078132	0.976054	0.311221	-0.950270	0.011337	0.928401	0.301467	-0.217232
17041	9.475005	-0.023966	-1.792956	0.069581	-0.017481	-0.017303	0.203106	0.078382	0.976014	0.311904	-0.950045	0.011390	0.928151	0.302109	-0.217408
17042	9.570465	0.081965	-1.867928	0.052868	-0.023876	-0.016573	0.203261	0.078651	0.975960	0.312440	-0.949868	0.011477	0.927936	0.302596	-0.217645
17043	9.802423	0.186116	-1.963296	0.022620	-0.028622	-0.017194	0.203459	0.078939	0.975896	0.312714	-0.949776	0.011630	0.927801	0.302810	-0.217926
17044	9.903790	0.325790	-1.879012	-0.032481	-0.034337	-0.024607	0.203686	0.079316	0.975818	0.312475	-0.949851	0.011981	0.927832	0.302478	-0.218255
17045	9.854946	0.236579	-1.843196	-0.097221	-0.034926	-0.030587	0.203900	0.079746	0.975738	0.311650	-0.950114	0.012527	0.928062	0.301535	-0.218581
17046	9.702699	0.032292	-1.907043	-0.089307	-0.044475	-0.035035	0.204189	0.080252	0.975636	0.310905	-0.950351	0.013104	0.928248	0.300654	-0.219002
17047	9.544856	-0.130359	-1.894396	-0.042806	-0.049358	-0.043141	0.204501	0.080848	0.975522	0.310614	-0.950438	0.013654	0.928277	0.300219	-0.219478
17048	9.534979	-0.078390	-1.964724	0.027260	-0.066794	-0.041610	0.204977	0.081483	0.975369	0.310965	-0.950318	0.014040	0.928055	0.300427	-0.220132
17049	9.514271	-0.083441	-1.983662	0.071691	-0.069883	-0.041477	0.205479	0.082126	0.975210	0.311758	-0.950054	0.014320	0.927677	0.301087	-0.220819
17050	9.456810	0.159614	-2.155021	0.102156	-0.076651	-0.040371	0.206049	0.082780	0.975034	0.312801	-0.949708	0.014527	0.927200	0.301998	-0.221580
17051	9.401460	0.278231	-2.298632	0.089276	-0.074628	-0.035726	0.206614	0.083380	0.974863	0.313719	-0.949402	0.014712	0.926764	0.302793	-0.222317
17052	9.350777	0.289111	-2.283174	0.034212	-0.073812	-0.035241	0.207172	0.083977	0.974694	0.314121	-0.949264	0.015019	0.926503	0.303060	-0.223040
17053	9.413430	0.312103	-2.211353	-0.042784	-0.073771	-0.037045	0.207723	0.084588	0.974523	0.313825	-0.949354	0.015510	0.926480	0.302608	-0.223749
17054	9.506722	0.136433	-2.152604	-0.085551	-0.070406	-0.036636	0.208246	0.085187	0.974360	0.313121	-0.949577	0.016099	0.926601	0.301740	-0.224419
17055	9.601097	-0.082426	-1.970209	-0.081920	-0.071031	-0.045851	0.208745	0.085869	0.974193	0.312464	-0.949782	0.016764	0.926710	0.300901	-0.225094
17056	9.626356	-0.116856	-1.799556	-0.078794	-0.075331	-0.055511	0.209256	0.086662	0.974013	0.311862	-0.949966	0.017523	0.926798	0.300091	-0.225812
17057	9.708891	-0.244105	-1.706840	-0.032839	-0.087910	-0.066759	0.209846	0.087600	0.973802	0.311742	-0.949991	0.018281	0.926705	0.299739	-0.226660
17058	9.680083	-0.057680	-1.791100	0.031935	-0.099510	-0.068612	0.210539	0.088590	0.973563	0.312195	-0.949830	0.018916	0.926395	0.299959	-0.227634
17059	9.656084	0.027796	-2.060933	0.079913	-0.104341	-0.063546	0.211289	0.089543	0.973313	0.313103	-0.949521	0.019385	0.925918	0.300651	-0.228660
17060	9.541966	0.102599	-2.232025	0.123839	-0.103557	-0.057669	0.212052	0.090442	0.973064	0.314383	-0.949092	0.019703	0.925309	0.301737	-0.229690
17061	9.467918	0.170167	-2.367411	0.194756	-0.113356	-0.055724	0.212907	0.091349	0.972793	0.316333	-0.948441	0.019829	0.924448	0.303505	-0.230827
17062	9.498864	0.273766	-2.501473	0.212756	-0.112300	-0.065410	0.213722	0.092351	0.972519	0.318451	-0.947728	0.020013	0.923532	0.305422	-0.231960
17063	9.411701	0.224685	-2.490181	0.172667	-0.106296	-0.064645	0.214482	0.093318	0.972260	0.320180	-0.947140	0.020275	0.922758	0.306950	-0.233023
17064	9.502982	-0.012695	-2.340098	0.148797	-0.097523	-0.065153	0.215157	0.094274	0.972018	0.321705	-0.946616	0.020601	0.922070	0.308271	-0.234000
17065	9.613729	-0.079009	-2.188315	0.167365	-0.097752	-0.075535	0.215802	0.095320	0.971773	0.323394	-0.946032	0.020978	0.921328	0.309738	-0.234981
17066	9.679585	-0.038313	-1.888973	0.221446	-0.100303	-0.079792	0.216451	0.096425	0.971520	0.325618	-0.945262	0.021272	0.920392	0.311740	-0.236001
17067	9.833236	-0.048519	-1.696190	0.285666	-0.110771	-0.083566	0.217181	0.097595	0.971240	0.328440	-0.944281	0.021442	0.919217	0.314338	-0.237134
17068	10.024726	0.040216	-1.386335	0.313453	-0.120444	-0.085209	0.217991	0.098818	0.970935	0.331518	-0.943203	0.021564	0.917919	0.317181	-0.238370
17069	10.219297	0.068657	-1.587083	0.280325	-0.127794	-0.098743	0.218819	0.100189	0.970608	0.334316	-0.942207	0.021887	0.916707	0.319701	-0.239667
17070	10.196588	0.305759	-1.833949	0.271728	-0.130979	-0.098411	0.219673	0.101574	0.970271	0.337034	-0.941230	0.022229	0.915507	0.322131	-0.240996
17071	10.097459	0.420550	-2.525295	0.249416	-0.134890	-0.079973	0.220622	0.102791	0.969928	0.339478	-0.940346	0.022438	0.914374	0.324319	-0.242357
17072	9.961474	0.394395	-3.007503	0.201419	-0.129821	-0.073123	0.221544	0.103939	0.969595	0.341493	-0.939610	0.022697	0.913401	0.326082	-0.243660
17073	9.728757	0.368950	-3.127617	0.154475	-0.125718	-0.070342	0.222438	0.105041	0.969272	0.343052	-0.939034	0.023037	0.912599	0.327387	-0.244911
17074	9.511968	0.459504	-2.952758	0.158582	-0.125145	-0.075081	0.223305	0.106195	0.968947	0.344679	-0.938429	0.023415	0.911774	0.328747	-0.246159
17075	9.425798	0.335548	-2.731195	0.136557	-0.111842	-0.085474	0.224015	0.107394	0.968650	0.346103	-0.937891	0.023942	0.911060	0.329889	-0.247272
17076	9.523971	0.286814	-2.462499	0.165715	-0.104430	-0.099306	0.224606	0.108709	0.968367	0.347848	-0.937230	0.024533	0.910250	0.331334	-0.248321
17077	9.726604	0.359435	-2.202327	0.123484	-0.103714	-0.106972	0.225166	0.110075	0.968083	0.349157	-0.936723	0.025299	0.909610	0.332316	-0.249351
17078	9.899963	0.247095	-2.109994	0.082702	-0.108169	-0.098746	0.225788	0.111398	0.967786	0.350144	-0.936333	0.026088	0.909076	0.332974	-0.250418
17079	10.063312	0.444887	-1.878248	0.055875	-0.123674	-0.095004	0.226564	0.112725	0.967451	0.350846	-0.936046	0.026903	0.908612	0.333332	-0.251623
17080	10.029166	0.635971	-1.770693	-0.051200	-0.125302	-0.100060	0.227335	0.114118	0.967107	0.350621	-0.936098	0.028039	0.908506	0.332714	-0.252820
17081	10.182697	0.861546	-1.593711	-0.143907	-0.133674	-0.097667	0.228190	0.115511	0.966740	0.349557	-0.936454	0.029382	0.908702	0.331226	-0.254067
17082	10.415586	0.695953	-1.664059	-0.276666	-0.157986	-0.076755	0.229343	0.116790	0.966314	0.347231	-0.937271	0.030869	0.909303	0.328454	-0.255509
17083	10.313620	0.343752	-1.749706	-0.272664	-0.195531	-0.051993	0.230927	0.117945	0.965796	0.344855	-0.938107	0.032107	0.909806	0.325645	-0.257308
17084	9.981633	0.302292	-1.742716	-0.160941	-0.235978	-0.027009	0.232965	0.119003	0.965176	0.343466	-0.938591	0.032823	0.909812	0.323859	-0.259532
17085	9.674925	0.484251	-1.594395	-0.064450	-0.273754	-0.006404	0.235420	0.119969	0.964461	0.342851	-0.938807	0.033090	0.909412	0.322877	-0.262145
17086	9.487865	0.659036	-1.284849	-0.003803	-0.321752	-0.012024	0.238287	0.121159	0.963608	0.342859	-0.938798	0.033255	0.908662	0.322457	-0.265244
17087	9.410125	0.724048	-1.239989	0.046424	-0.364630	-0.010548	0.241550	0.122455	0.962631	0.343261	-0.938650	0.033270	0.907648	0.322397	-0.268765
17088	9.371247	0.746540	-1.181806	0.037370	-0.417426	-0.002578	0.245312	0.123863	0.961499	0.343620	-0.938521	0.033233	0.906503	0.322238	-0.272792
17089	9.564653	0.871880	-1.195190	-0.013789	-0.457986	0.007109	0.249469	0.125300	0.960242	0.343473	-0.938574	0.033239	0.905424	0.321525	-0.277182
17090	9.823352	0.818728	-1.243096	-0.085161	-0.505001	0.015903	0.254077	0.126809	0.958835	0.342676	-0.938861	0.033363	0.904444	0.320093	-0.281998
17091	10.110710	0.638694	-1.575130	-0.162391	-0.541832	0.026361	0.259048	0.128315	0.957303	0.341123	-0.939418	0.033609	0.903620	0.317852	-0.287126
17092	10.383488	0.349048	-1.805896	-0.186239	-0.582488	0.052422	0.264472	0.129706	0.955631	0.339318	-0.940068	0.033687	0.902728	0.315354	-0.292633
17093	10.463339	0.187361	-2.018598	-0.132336	-0.614440	0.074511	0.270249	0.130962	0.953842	0.337912	-0.940585	0.033403	0.901544	0.313288	-0.298446
17094	10.312394	0.096923	-2.146604	-0.036603	-0.642839	0.111024	0.276398	0.131967	0.951940	0.337294	-0.940838	0.032494	0.899909	0.312102	-0.304558
17095	10.068519	-0.001340	-2.211133	0.007375	-0.681047	0.122036	0.282913	0.132970	0.949884	0.337017	-0.940977	0.031346	0.897987	0.311258	-0.311027
17096	9.967055	-0.272214	-2.415381	0.059215	-0.719086	0.143115	0.289829	0.133899	0.947666	0.337153	-0.940977	0.029841	0.895727	0.310860	-0.317866
17097	10.003331	-0.668428	-2.625089	0.121313	-0.750025	0.148819	0.297020	0.134858	0.945300	0.337800	-0.940799	0.028077	0.893124	0.310983	-0.324991
17098	9.893064	-1.021145	-2.765840	0.186966	-0.775984	0.172523	0.304507	0.135690	0.942796	0.338964	-0.940444	0.025872	0.890157	0.311695	-0.332366
17099	9.958126	-0.966334	-2.975141	0.249369	-0.785870	0.192291	0.312122	0.136365	0.940204	0.340591	-0.939924	0.023258	0.886892	0.312966	-0.339816
17100	9.751940	-0.828264	-3.058404	0.246719	-0.774046	0.214808	0.319692	0.136813	0.937592	0.342113	-0.939437	0.020431	0.883604	0.314231	-0.347136
17101	9.745028	-0.615577	-3.011683	0.129324	-0.737244	0.230465	0.326963	0.136995	0.935055	0.342523	-0.939340	0.017852	0.880780	0.314441	-0.354054
17102	9.477169	-0.873169	-3.471279	0.032203	-0.694711	0.253836	0.333927	0.136832	0.932615	0.341984	-0.939579	0.015404	0.878373	0.313796	-0.360545
17103	9.373158	-0.997082	-3.786679	0.030333	-0.669917	0.273459	0.340716	0.136392	0.930220	0.341344	-0.939852	0.012779	0.876012	0.313171	-0.366779
17104	9.255552	-0.880409	-3.969731	0.013840	-0.632894	0.271544	0.347163	0.135858	0.927912	0.340549	-0.940171	0.010242	0.873788	0.312443	-0.372659
17105	8.931842	-0.813431	-4.280932	0.014923	-0.608057	0.261992	0.353339	0.135321	0.925656	0.339778	-0.940473	0.007788	0.871609	0.311766	-0.378285
17106	8.595956	-0.896114	-4.551875	0.015793	-0.580859	0.248400	0.359223	0.134833	0.923460	0.339048	-0.940753	0.005469	0.869485	0.311133	-0.383655
17107	8.214869	-1.025341	-4.942701	0.055419	-0.594160	0.226231	0.365128	0.134582	0.921178	0.338730	-0.940878	0.003198	0.867147	0.310863	-0.389128
17108	8.144148	-1.540307	-4.904588	0.050666	-0.613136	0.200771	0.371101	0.134637	0.918780	0.338448	-0.940984	0.001189	0.864718	0.310518	-0.394768
17109	8.384054	-2.198367	-4.953795	0.263283	-0.618275	0.172300	0.377002	0.134972	0.916325	0.340098	-0.940389	-0.001410	0.861512	0.312172	-0.400432
17110	8.312903	-2.125110	-4.642778	0.582803	-0.586694	0.163819	0.382589	0.135316	0.913956	0.344503	-0.938771	-0.005221	0.857288	0.316859	-0.405780
17111	7.932319	-1.908225	-4.603554	0.914497	-0.559337	0.185126	0.387993	0.135406	0.911661	0.351630	-0.936079	-0.010618	0.851949	0.324687	-0.410805
17112	7.644726	-1.426028	-4.643874	1.203488	-0.518440	0.202370	0.393099	0.135264	0.909493	0.361074	-0.932375	-0.017395	0.845635	0.335232	-0.415356
17113	7.448393	-0.702351	-4.583394	1.308930	-0.456709	0.195179	0.397640	0.135036	0.907550	0.371355	-0.928165	-0.024604	0.839034	0.346807	-0.419222
17114	7.399405	-0.066936	-4.441280	1.215398	-0.384410	0.180383	0.401515	0.134758	0.905884	0.380814	-0.924121	-0.031318	0.832926	0.357548	-0.422366
17115	7.468375	0.034685	-4.415564	1.001677	-0.296076	0.161649	0.404575	0.134369	0.904580	0.388508	-0.920702	-0.036997	0.827877	0.366405	-0.424696
17116	7.441370	-0.176194	-4.448128	0.835894	-0.211113	0.146029	0.406872	0.133845	0.903626	0.394839	-0.917797	-0.041838	0.823746	0.373809	-0.426274
17117	7.459065	-0.232589	-4.438663	0.709796	-0.121709	0.131656	0.408375	0.133128	0.903054	0.400165	-0.915286	-0.046029	0.820425	0.380168	-0.427054
17118	7.488418	-0.243123	-4.409859	0.616641	-0.037223	0.112651	0.409115	0.132279	0.902844	0.404776	-0.913068	-0.049644	0.817791	0.385759	-0.427093
17119	7.465122	-0.202201	-4.338110	0.502424	0.049895	0.081588	0.409019	0.131372	0.903020	0.408574	-0.911214	-0.052498	0.815948	0.390423	-0.426379
17120	7.487357	-0.246693	-4.277275	0.375834	0.129875	0.060338	0.408188	0.130350	0.903544	0.411412	-0.909812	-0.054607	0.814937	0.394019	-0.425002
17121	7.549181	-0.420128	-4.329997	0.273631	0.205773	0.045065	0.406677	0.129158	0.904396	0.413486	-0.908778	-0.056147	0.814643	0.396789	-0.422984
17122	7.562061	-0.630020	-4.507292	0.267097	0.272767	0.023959	0.404535	0.127892	0.905536	0.415585	-0.907738	-0.057454	0.814641	0.399569	-0.420362
17123	7.597343	-0.393168	-4.431227	0.272520	0.335098	0.000749	0.401788	0.126572	0.906943	0.417830	-0.906635	-0.058575	0.814853	0.402483	-0.417160
17124	7.723441	-0.217025	-4.548983	0.258460	0.389431	-0.020771	0.398507	0.125225	0.908576	0.420040	-0.905558	-0.059423	0.815327	0.405319	-0.413471
17125	7.943511	-0.297021	-4.707679	0.255376	0.452012	-0.058845	0.394552	0.123950	0.910475	0.422384	-0.904435	-0.059911	0.816039	0.408208	-0.409201
17126	8.114517	-0.253646	-4.677071	0.244742	0.508925	-0.096983	0.389967	0.122779	0.912607	0.424782	-0.903306	-0.059986	0.816998	0.411052	-0.404414
17127	8.341029	-0.279958	-4.628264	0.247401	0.562079	-0.134815	0.384777	0.121709	0.914950	0.427355	-0.902109	-0.059720	0.818116	0.413988	-0.399124
17128	8.536566	-0.267880	-4.517496	0.225194	0.605159	-0.160018	0.379116	0.120675	0.917447	0.429829	-0.900973	-0.059110	0.819462	0.416755	-0.393443
17129	8.766010	-0.290021	-4.292669	0.212947	0.641476	-0.174167	0.373084	0.119593	0.920057	0.432258	-0.899862	-0.058313	0.820951	0.419458	-0.387419
17130	8.877131	-0.374414	-4.125989	0.249412	0.669970	-0.194951	0.366714	0.118563	0.922748	0.435047	-0.898574	-0.057438	0.822347	0.422502	-0.381100
17131	8.971225	-0.328603	-3.983058	0.331879	0.685801	-0.214167	0.360115	0.117607	0.925465	0.438583	-0.896901	-0.056684	0.823384	0.426306	-0.374568
17132	9.184909	-0.078543	-3.793496	0.386219	0.691790	-0.226122	0.353400	0.116705	0.928164	0.442590	-0.894975	-0.055985	0.824150	0.430581	-0.367937
17133	9.275106	0.171711	-3.581370	0.394025	0.677742	-0.228535	0.346776	0.115847	0.930766	0.446664	-0.892993	-0.055268	0.824765	0.434906	-0.361413
17134	9.325128	0.136142	-3.540727	0.376307	0.664011	-0.221854	0.340282	0.114961	0.933270	0.450549	-0.891086	-0.054511	0.825357	0.439032	-0.355016
17135	9.317187	0.006358	-3.612829	0.402306	0.633688	-0.209803	0.334080	0.114064	0.935617	0.454602	-0.889060	-0.053936	0.825668	0.443353	-0.348871
17136	9.544832	0.022159	-3.658595	0.412046	0.597141	-0.191330	0.328255	0.113139	0.937789	0.458655	-0.887001	-0.053531	0.825763	0.447694	-0.343054
17137	9.696770	0.044072	-3.523542	0.396557	0.561859	-0.193523	0.322703	0.112358	0.939808	0.462584	-0.884988	-0.053034	0.825760	0.451854	-0.337563
17138	9.747491	0.241859	-3.271386	0.366384	0.520520	-0.185583	0.317522	0.111673	0.941652	0.466219	-0.883111	-0.052477	0.825723	0.455679	-0.332471
17139	9.835569	0.033431	-3.229983	0.351994	0.474606	-0.176750	0.312755	0.111092	0.943315	0.469706	-0.881294	-0.051942	0.825567	0.459326	-0.327809
17140	10.046029	-0.191860	-3.193240	0.373831	0.422127	-0.171624	0.308440	0.110692	0.944781	0.473340	-0.879373	-0.051501	0.825114	0.463088	-0.323629
17141	10.115149	-0.039014	-2.901218	0.381314	0.352368	-0.161897	0.304742	0.110507	0.946002	0.477004	-0.877411	-0.051166	0.824378	0.466839	-0.320096
17142	10.288040	0.130693	-2.616305	0.294241	0.284252	-0.146594	0.301677	0.110496	0.946985	0.479889	-0.875865	-0.050678	0.823831	0.469736	-0.317254
17143	10.416488	-0.187345	-2.582933	0.224510	0.206916	-0.130620	0.299322	0.110696	0.947709	0.482151	-0.874653	-0.050118	0.823369	0.471941	-0.315175
17144	10.546427	-0.372163	-2.508894	0.210197	0.123830	-0.096672	0.297814	0.110991	0.948150	0.484185	-0.873546	-0.049825	0.822722	0.473919	-0.313894
17145	10.613112	-0.433164	-2.509873	0.234850	0.047756	-0.066479	0.297075	0.111375	0.948336	0.486334	-0.872347	-0.049898	0.821721	0.476032	-0.313318
17146	10.657182	-0.282993	-2.370995	0.272040	-0.029769	-0.032332	0.297140	0.111834	0.948262	0.488679	-0.871006	-0.050406	0.820305	0.478374	-0.313462
17147	10.676365	-0.124729	-2.338302	0.276311	-0.104445	0.004019	0.297992	0.112330	0.947936	0.490952	-0.869676	-0.051279	0.818638	0.480671	-0.314305
17148	10.704087	-0.042247	-2.324980	0.282019	-0.173706	0.044916	0.299611	0.112812	0.947368	0.493139	-0.868362	-0.052554	0.816730	0.482930	-0.315803
17149	10.594271	0.138699	-2.250835	0.283260	-0.243675	0.099220	0.302064	0.113160	0.946547	0.495170	-0.867094	-0.054359	0.814594	0.485122	-0.317951
17150	10.611738	0.188383	-2.277736	0.271967	-0.296364	0.153770	0.305216	0.113303	0.945519	0.496931	-0.865939	-0.056643	0.812344	0.487146	-0.320602
17151	10.574849	0.223786	-2.236246	0.197370	-0.331550	0.204714	0.308898	0.113178	0.944337	0.497922	-0.865200	-0.059180	0.810343	0.488487	-0.323612
17152	10.810394	0.118179	-2.139068	0.125727	-0.353193	0.255410	0.313007	0.112730	0.943037	0.498162	-0.864868	-0.061961	0.808617	0.489179	-0.326867
17153	10.819556	-0.026625	-2.010485	0.074397	-0.370433	0.299226	0.317464	0.111983	0.941635	0.497837	-0.864832	-0.064992	0.807078	0.489413	-0.330302
17154	10.885567	-0.185845	-1.867937	0.026723	-0.373515	0.330760	0.322099	0.110985	0.940178	0.497011	-0.865064	-0.068155	0.805750	0.489231	-0.333797
17155	10.790198	-0.290373	-1.745149	0.019003	-0.366769	0.352366	0.326774	0.109758	0.938707	0.496037	-0.865353	-0.071495	0.804466	0.488997	-0.337219
17156	10.613713	-0.185466	-1.662108	0.043076	-0.355387	0.376704	0.331476	0.108271	0.937231	0.495161	-0.865546	-0.075136	0.803082	0.488986	-0.340519
17157	10.473317	0.056013	-1.760395	0.029672	-0.322271	0.394728	0.335986	0.106457	0.935831	0.494097	-0.865819	-0.078901	0.801861	0.488901	-0.343503
17158	10.340672	0.243792	-1.879045	-0.011778	-0.263240	0.407450	0.340084	0.104250	0.934599	0.492643	-0.866300	-0.082633	0.801028	0.488525	-0.345973
17159	10.152879	0.270938	-1.942258	-0.092974	-0.169185	0.421967	0.343485	0.101445	0.933663	0.490471	-0.867182	-0.086218	0.800910	0.487549	-0.347620
17160	9.889758	0.191481	-2.034918	-0.177194	-0.052660	0.417322	0.345926	0.098115	0.933118	0.487630	-0.868455	-0.089459	0.801594	0.485962	-0.348265
17161	9.552844	-0.010763	-2.140854	-0.222019	0.076645	0.402366	0.347237	0.094272	0.933027	0.484468	-0.869915	-0.092405	0.802943	0.484108	-0.347739
17162	9.264505	-0.275787	-2.360472	-0.197390	0.229498	0.379288	0.347203	0.089896	0.933471	0.481582	-0.871213	-0.095223	0.804692	0.482605	-0.345780
17163	8.975725	-0.369960	-2.521194	-0.152698	0.393920	0.351108	0.345686	0.084962	0.934496	0.479148	-0.872253	-0.097942	0.806795	0.481619	-0.342235
17164	8.677667	-0.379255	-2.494718	-0.137567	0.573603	0.310468	0.342513	0.079528	0.936141	0.476985	-0.873165	-0.100341	0.809425	0.480893	-0.337004
17165	8.384757	-0.398425	-2.513878	-0.162406	0.749777	0.254135	0.337612	0.073731	0.938393	0.474816	-0.874137	-0.102145	0.812754	0.480049	-0.330128
17166	8.221851	-0.454089	-2.436385	-0.224741	0.920570	0.198438	0.331029	0.067618	0.941195	0.472338	-0.875350	-0.103239	0.816894	0.478737	-0.321705
17167	8.086467	-0.663522	-2.314534	-0.283055	1.086311	0.145074	0.322781	0.061182	0.944494	0.469556	-0.876795	-0.103674	0.821784	0.476957	-0.311741
17168	7.880088	-1.002946	-2.419126	-0.275942	1.240931	0.091841	0.312960	0.054504	0.948201	0.467005	-0.878157	-0.103661	0.827020	0.475257	-0.300282
17169	7.725843	-1.336293	-2.557995	-0.172688	1.384339	0.032203	0.301596	0.047673	0.952243	0.465484	-0.878993	-0.103423	0.832085	0.474446	-0.287292
17170	7.670461	-1.178336	-2.639346	-0.097199	1.522208	-0.038511	0.288692	0.040827	0.956551	0.464802	-0.879433	-0.102744	0.837028	0.474268	-0.272862
17171	7.726931	-0.860395	-2.641393	-0.103366	1.649135	-0.098252	0.274359	0.033898	0.961030	0.464220	-0.879886	-0.101491	0.842156	0.473974	-0.257141
17172	7.875693	-0.928485	-2.768857	-0.219140	1.754097	-0.153671	0.258803	0.026985	0.965553	0.462792	-0.880873	-0.099426	0.847847	0.472582	-0.240461
17173	8.084805	-1.398141	-2.927160	-0.350121	1.852700	-0.209150	0.242041	0.020125	0.970057	0.460345	-0.882474	-0.096554	0.854107	0.469931	-0.222860
17174	8.137406	-1.895869	-3.006525	-0.384343	1.928310	-0.268836	0.224256	0.013503	0.974437	0.457690	-0.884226	-0.093079	0.860366	0.466863	-0.204473
17175	8.277664	-2.069826	-3.038014	-0.379020	1.977487	-0.350283	0.205554	0.007430	0.978617	0.455178	-0.885953	-0.088882	0.866349	0.463716	-0.185493
17176	8.307033	-2.346933	-3.088185	-0.332871	1.999612	-0.410010	0.186293	0.001857	0.982492	0.453100	-0.887471	-0.084236	0.871777	0.460860	-0.166171
17177	8.366710	-2.440303	-3.105115	-0.232845	1.995907	-0.470753	0.166689	-0.003112	0.986005	0.451904	-0.888544	-0.079201	0.876355	0.458781	-0.146704
17178	8.527542	-2.200607	-2.928864	-0.139898	1.963225	-0.511944	0.147114	-0.007519	0.989091	0.451488	-0.889210	-0.073913	0.880066	0.457437	-0.127420
17179	8.709009	-1.715148	-2.633146	-0.103988	1.920707	-0.550249	0.127670	-0.011373	0.991752	0.451336	-0.889736	-0.068304	0.883174	0.456333	-0.108459
17180	8.944479	-1.583837	-2.589859	-0.088378	1.863294	-0.572373	0.108585	-0.014736	0.993978	0.451239	-0.890213	-0.062492	0.885773	0.455307	-0.090014
17181	9.000081	-1.517159	-2.568214	-0.004561	1.793006	-0.572868	0.090074	-0.017769	0.995777	0.451775	-0.890325	-0.056753	0.887573	0.454979	-0.072168
17182	8.828535	-1.209553	-2.380168	0.157004	1.708834	-0.566886	0.072314	-0.020471	0.997172	0.453636	-0.889717	-0.051162	0.888248	0.456053	-0.055053
17183	8.773744	-0.554597	-2.133348	0.312301	1.603608	-0.546827	0.055559	-0.022914	0.998192	0.456768	-0.888405	-0.045818	0.887849	0.458488	-0.038893
17184	9.073200	-0.045813	-1.835671	0.364399	1.501297	-0.504185	0.039904	-0.025308	0.998883	0.460247	-0.886850	-0.040856	0.886894	0.461363	-0.023741
17185	9.293401	0.072937	-1.413983	0.286240	1.388490	-0.443679	0.025524	-0.027768	0.999288	0.462937	-0.885642	-0.036435	0.886023	0.463538	-0.009750
17186	9.425644	-0.421394	-1.354231	0.250478	1.254224	-0.389014	0.012590	-0.030115	0.999467	0.465234	-0.884591	-0.032514	0.885098	0.465395	0.002873
17187	9.388008	-0.911234	-1.317486	0.301870	1.095470	-0.337045	0.001305	-0.032218	0.999480	0.467934	-0.883285	-0.029083	0.883763	0.467728	0.013923
17188	9.420491	-1.061724	-1.123178	0.384840	0.911624	-0.290589	-0.008129	-0.033896	0.999392	0.471324	-0.881575	-0.026066	0.881922	0.470826	0.023142
17189	9.407563	-0.860876	-0.898790	0.428138	0.735251	-0.260600	-0.015861	-0.035047	0.999260	0.475072	-0.879638	-0.023311	0.879804	0.474350	0.030602
17190	9.272433	-0.689171	-0.746311	0.381738	0.564880	-0.230118	-0.021944	-0.035678	0.999122	0.478385	-0.877903	-0.020842	0.877876	0.477508	0.036333
17191	9.033338	-0.740828	-0.865701	0.368263	0.377906	-0.210335	-0.026290	-0.035615	0.999020	0.481571	-0.876210	-0.018564	0.876012	0.480611	0.040187
17192	8.867749	-0.558519	-0.970054	0.418750	0.171371	-0.168658	-0.028627	-0.034930	0.998980	0.485191	-0.874249	-0.016665	0.873939	0.484219	0.041975
17193	8.813660	-0.126737	-0.957651	0.442437	-0.021494	-0.129314	-0.029091	-0.033668	0.999010	0.489024	-0.872139	-0.015152	0.871785	0.488099	0.041836
17194	8.710948	0.106578	-0.784082	0.387684	-0.203285	-0.074208	-0.027707	-0.031990	0.999104	0.492381	-0.870264	-0.014211	0.869939	0.491546	0.039864
17195	8.685405	0.041098	-0.777907	0.343773	-0.367981	-0.017616	-0.024617	-0.029994	0.999247	0.495373	-0.868570	-0.013868	0.868332	0.494658	0.036240
17196	8.730107	-0.016012	-0.948602	0.325467	-0.512867	0.048851	-0.019947	-0.027838	0.999413	0.498209	-0.866940	-0.014205	0.866827	0.497634	0.031162
17197	8.762548	-0.194966	-1.079054	0.309393	-0.641064	0.113827	-0.013847	-0.025596	0.999576	0.500917	-0.865361	-0.015220	0.865384	0.500495	0.024805
17198	8.947188	-0.396893	-1.217075	0.305369	-0.759430	0.185783	-0.006370	-0.023356	0.999707	0.503579	-0.863782	-0.016971	0.863925	0.503324	0.017264
17199	9.060564	-0.480160	-1.342231	0.288948	-0.859527	0.238464	0.002232	-0.021047	0.999776	0.506089	-0.862266	-0.019282	0.862478	0.506019	0.008727
17200	9.162163	-0.610430	-1.601735	0.239557	-0.940416	0.287519	0.011773	-0.018720	0.999755	0.508137	-0.860993	-0.022105	0.861196	0.508273	-0.000624
17201	9.096576	-0.782765	-1.819582	0.174478	-0.987523	0.320188	0.021881	-0.016418	0.999626	0.509597	-0.860042	-0.025280	0.860135	0.509959	-0.010452
17202	9.203522	-0.876056	-1.256479	0.095110	-1.013601	0.346086	0.032338	-0.014185	0.999376	0.510325	-0.859502	-0.028713	0.859374	0.510935	-0.020556
17203	9.974700	-1.086225	-1.020349	-0.081968	-0.975826	0.347193	0.042476	-0.012157	0.999024	0.509504	-0.859868	-0.032126	0.859419	0.510371	-0.030329
