// General information: 
//  MT Manager version: 2022.2.0 
//  XDA version: 2022.2.0 build 7381 rev 124627 built on 2023-07-19
// Device information: 
//  DeviceId: 00B4CB9F
//  ProductCode: MTW2-3A7G6
//  Firmware Version: 4.6.0
//  Hardware Version: 2.0.0
// Device settings: 
//  Filter Profile: human(46.1)
//  Option Flags: Orientation Smoother Disabled, Position/Velocity Smoother Disabled, Continuous Zero Rotation Update Disabled, AHS Disabled, ICC Disabled
// Coordinate system: ENU
PacketCounter	Acc_X	Acc_Y	Acc_Z	Gyr_X	Gyr_Y	Gyr_Z	Mat[1][1]	Mat[2][1]	Mat[3][1]	Mat[1][2]	Mat[2][2]	Mat[3][2]	Mat[1][3]	Mat[2][3]	Mat[3][3]
38444	9.804009	-0.030987	-0.474774	0.066607	0.093735	-0.001961	0.078553	0.062200	0.994968	0.512920	-0.858335	0.013164	0.854835	0.509305	-0.099328
38445	9.782404	0.289873	-0.585302	0.100502	0.091116	0.002610	0.077861	0.061705	0.995053	0.513809	-0.857806	0.012989	0.854364	0.510255	-0.098494
38446	9.733812	0.401444	-0.824452	0.092761	0.088593	-0.005110	0.077132	0.061268	0.995137	0.514643	-0.857308	0.012893	0.853928	0.511146	-0.097657
38447	9.672796	0.297924	-1.120773	0.069363	0.070735	0.000423	0.076603	0.060894	0.995200	0.515266	-0.856935	0.012773	0.853600	0.511815	-0.097021
38448	9.666587	0.161913	-1.232808	0.045586	0.043670	-0.002923	0.076263	0.060666	0.995240	0.515663	-0.856697	0.012707	0.853391	0.512240	-0.096617
38449	9.657084	0.118721	-1.189608	0.009700	0.018813	-0.002937	0.076161	0.060586	0.995253	0.515780	-0.856628	0.012678	0.853329	0.512366	-0.096490
38450	9.649205	0.017054	-1.136928	-0.022088	-0.003321	0.002708	0.076251	0.060555	0.995248	0.515599	-0.856737	0.012624	0.853430	0.512186	-0.096549
38451	9.738035	0.053090	-0.870408	-0.036262	-0.028199	0.003547	0.076583	0.060660	0.995216	0.515318	-0.856907	0.012575	0.853570	0.511890	-0.096884
38452	9.763068	0.227450	-0.665478	-0.050135	-0.043468	0.006134	0.077039	0.060802	0.995172	0.514871	-0.857177	0.012513	0.853799	0.511421	-0.097341
38453	9.771289	0.142248	-0.536215	-0.063772	-0.037274	0.002449	0.077443	0.060963	0.995131	0.514356	-0.857486	0.012502	0.854073	0.510883	-0.097763
38454	9.818927	-0.025664	-0.471216	-0.050933	-0.038348	0.005285	0.077846	0.061087	0.995092	0.513952	-0.857729	0.012448	0.854280	0.510460	-0.098166
38455	9.869411	-0.103541	-0.307920	-0.025525	-0.033081	0.011348	0.078260	0.061150	0.995056	0.513756	-0.857848	0.012312	0.854359	0.510253	-0.098551
38456	9.814101	-0.050934	-0.236991	0.018892	-0.022318	0.004504	0.078525	0.061195	0.995032	0.513945	-0.857736	0.012192	0.854221	0.510435	-0.098804
38457	9.721389	0.098851	-0.442052	0.058057	-0.029877	-0.000381	0.078851	0.061342	0.994997	0.514473	-0.857421	0.012090	0.853874	0.510946	-0.099168
38458	9.792746	0.236515	-0.532211	0.065682	-0.038138	-0.005835	0.079198	0.061560	0.994956	0.515064	-0.857067	0.012029	0.853485	0.511514	-0.099585
38459	9.874503	0.149403	-0.475889	0.054705	-0.031502	0.000186	0.079541	0.061711	0.994920	0.515562	-0.856769	0.011924	0.853152	0.511995	-0.099964
38460	9.779285	-0.060075	-0.592522	0.063148	-0.027552	0.007092	0.079862	0.061765	0.994891	0.516125	-0.856433	0.011739	0.852782	0.512550	-0.100275
38461	9.859900	-0.042825	-0.718786	0.098935	-0.036413	0.012111	0.080308	0.061839	0.994850	0.516990	-0.855915	0.011470	0.852216	0.513406	-0.100707
38462	9.914130	0.190545	-0.723361	0.103986	-0.028151	0.015551	0.080676	0.061828	0.994821	0.517853	-0.855397	0.011167	0.851657	0.514270	-0.101027
38463	9.767918	0.332657	-0.843330	0.081096	-0.014845	0.016472	0.080961	0.061755	0.994802	0.518561	-0.854971	0.010872	0.851199	0.514986	-0.101243
38464	9.728039	0.425707	-0.871478	0.034285	-0.016335	0.015328	0.081225	0.061687	0.994785	0.518837	-0.854807	0.010643	0.851006	0.515266	-0.101437
38465	9.743706	0.372549	-0.879782	-0.011351	-0.008137	0.010521	0.081423	0.061631	0.994772	0.518762	-0.854854	0.010501	0.851032	0.515196	-0.101576
38466	9.659812	0.262209	-0.854889	-0.062157	-0.007144	0.013881	0.081604	0.061525	0.994764	0.518215	-0.855188	0.010382	0.851349	0.514654	-0.101670
38467	9.679298	0.092959	-0.838564	-0.095684	-0.001179	0.005752	0.081717	0.061474	0.994758	0.517426	-0.855665	0.010373	0.851817	0.513866	-0.101731
38468	9.759352	0.064736	-0.790523	-0.114388	-0.002928	0.008020	0.081835	0.061395	0.994753	0.516484	-0.856234	0.010357	0.852378	0.512926	-0.101780
38469	9.771486	-0.043860	-0.726565	-0.122213	0.000848	0.005582	0.081930	0.061335	0.994749	0.515468	-0.856846	0.010377	0.852983	0.511911	-0.101818
38470	9.783896	-0.071548	-0.664656	-0.108583	0.000503	0.005313	0.082000	0.061262	0.994748	0.514560	-0.857391	0.010386	0.853524	0.511006	-0.101829
38471	9.714042	-0.093005	-0.661119	-0.104025	-0.011233	0.003082	0.082185	0.061284	0.994731	0.513701	-0.857906	0.010412	0.854024	0.510138	-0.101989
38472	9.736123	-0.077380	-0.640944	-0.104717	-0.018325	0.000956	0.082397	0.061337	0.994710	0.512879	-0.858397	0.010447	0.854497	0.509306	-0.102188
38473	9.760342	-0.039217	-0.611559	-0.104079	-0.022403	-0.002992	0.082646	0.061468	0.994682	0.512023	-0.858907	0.010535	0.854986	0.508430	-0.102458
38474	9.748588	-0.022738	-0.584873	-0.113936	-0.017210	-0.006692	0.082812	0.061582	0.994661	0.511128	-0.859439	0.010656	0.855506	0.507516	-0.102648
38475	9.815053	0.023430	-0.521532	-0.125953	-0.021052	0.000812	0.083069	0.061673	0.994634	0.510080	-0.860060	0.010728	0.856106	0.506452	-0.102903
38476	9.909718	-0.011116	-0.403610	-0.127106	-0.007826	0.002664	0.083196	0.061662	0.994624	0.509007	-0.860695	0.010783	0.856732	0.505373	-0.102993
38477	9.917848	-0.083657	-0.361578	-0.128859	0.009117	-0.000791	0.083187	0.061614	0.994627	0.507935	-0.861327	0.010875	0.857369	0.504301	-0.102947
38478	9.889989	-0.291307	-0.489816	-0.096622	0.016876	0.001890	0.083093	0.061490	0.994643	0.507106	-0.861815	0.010914	0.857869	0.503482	-0.102792
38479	9.996119	-0.279405	-0.659213	-0.030092	0.013325	0.003981	0.083072	0.061379	0.994652	0.506876	-0.861951	0.010857	0.858007	0.503263	-0.102715
38480	9.941613	-0.145691	-0.583722	0.018991	0.034415	-0.002325	0.082818	0.061194	0.994684	0.507087	-0.861827	0.010800	0.857906	0.503497	-0.102405
38481	9.820113	0.037746	-0.664204	0.078565	0.034752	-0.008018	0.082552	0.061078	0.994713	0.507799	-0.861408	0.010750	0.857511	0.504227	-0.102127
38482	9.697609	0.153686	-0.834500	0.106901	0.026896	-0.014548	0.082294	0.061044	0.994737	0.508708	-0.860872	0.010745	0.856997	0.505146	-0.101898
38483	9.707511	0.197539	-0.872832	0.107063	0.008695	-0.011824	0.082232	0.061093	0.994739	0.509666	-0.860306	0.010704	0.856434	0.506104	-0.101882
38484	9.698508	0.397072	-0.836951	0.062295	0.000377	-0.005236	0.082255	0.061105	0.994736	0.510266	-0.859951	0.010631	0.856074	0.506705	-0.101915
38485	9.690105	0.389376	-0.878127	-0.005885	-0.008681	-0.007377	0.082365	0.061203	0.994721	0.510253	-0.859958	0.010661	0.856071	0.506681	-0.102059
38486	9.756436	0.435352	-0.814120	-0.057172	-0.021623	-0.004191	0.082581	0.061321	0.994696	0.509796	-0.860229	0.010708	0.856323	0.506207	-0.102300
38487	9.776272	0.429611	-0.803545	-0.135865	-0.015531	-0.009991	0.082736	0.061476	0.994674	0.508671	-0.860892	0.010897	0.856976	0.505060	-0.102498
38488	9.745808	0.039840	-0.941462	-0.210963	-0.020571	-0.010408	0.082910	0.061642	0.994649	0.506899	-0.861933	0.011164	0.858009	0.503261	-0.102709
38489	9.714193	-0.303775	-1.001893	-0.199494	-0.024361	-0.012773	0.083127	0.061865	0.994617	0.505228	-0.862910	0.011447	0.858973	0.501557	-0.102987
38490	9.714387	-0.476659	-0.912637	-0.136163	-0.024711	-0.009217	0.083348	0.062036	0.994588	0.504133	-0.863548	0.011615	0.859595	0.500436	-0.103250
38491	9.640050	-0.429152	-0.762484	-0.047843	-0.023265	-0.005667	0.083593	0.062191	0.994557	0.503758	-0.863766	0.011672	0.859791	0.500040	-0.103534
38492	9.703564	-0.086926	-0.462234	-0.002216	-0.020421	-0.004409	0.083792	0.062304	0.994534	0.503764	-0.863762	0.011668	0.859768	0.500033	-0.103762
38493	9.872560	0.137572	-0.160124	-0.010545	-0.002113	-0.015210	0.083806	0.062436	0.994524	0.503718	-0.863788	0.011781	0.859793	0.499972	-0.103841
38494	9.935736	0.013757	-0.192162	-0.058619	0.022009	-0.019865	0.083569	0.062472	0.994542	0.503273	-0.864044	0.011985	0.860077	0.499525	-0.103648
38495	9.886157	-0.125115	-0.343344	-0.058397	0.020563	-0.024295	0.083343	0.062569	0.994555	0.502823	-0.864303	0.012238	0.860362	0.499065	-0.103495
38496	9.923527	-0.064633	-0.417921	-0.020677	0.033471	-0.020111	0.083008	0.062546	0.994584	0.502698	-0.864373	0.012402	0.860468	0.498946	-0.103192
38497	9.817315	-0.011441	-0.504214	0.000791	0.046212	-0.025176	0.082557	0.062523	0.994623	0.502757	-0.864336	0.012603	0.860476	0.499013	-0.102791
38498	9.711153	0.041853	-0.590506	0.021505	0.035170	-0.025402	0.082178	0.062537	0.994654	0.503023	-0.864179	0.012774	0.860357	0.499284	-0.102474
38499	9.736067	0.049973	-0.725844	0.029645	0.018022	-0.019489	0.081998	0.062606	0.994664	0.503326	-0.864001	0.012888	0.860197	0.499583	-0.102358
38500	9.786517	0.130583	-0.910902	0.040325	0.007656	-0.014962	0.081905	0.062672	0.994668	0.503710	-0.863776	0.012947	0.859981	0.499964	-0.102317
38501	9.774667	0.210585	-1.143081	0.031150	-0.008608	-0.017827	0.081963	0.062860	0.994651	0.504024	-0.863591	0.013044	0.859792	0.500259	-0.102465
38502	9.851924	0.191815	-0.937300	-0.005775	-0.026414	-0.011869	0.082181	0.063067	0.994620	0.504019	-0.863593	0.013114	0.859774	0.500230	-0.102758
38503	9.791495	0.052883	-0.973962	-0.013306	-0.024495	-0.011630	0.082406	0.063280	0.994588	0.503946	-0.863634	0.013194	0.859795	0.500131	-0.103059
38504	9.817496	0.113916	-0.935097	-0.025771	-0.037140	-0.020141	0.082675	0.063610	0.994544	0.503797	-0.863718	0.013363	0.859856	0.499944	-0.103455
38505	9.918246	0.309008	-0.790595	-0.024052	-0.025205	-0.022372	0.082852	0.063920	0.994510	0.503641	-0.863807	0.013561	0.859931	0.499752	-0.103761
38506	9.746338	0.272744	-1.027877	-0.056508	-0.014261	-0.025307	0.082896	0.064181	0.994489	0.503201	-0.864059	0.013819	0.860184	0.499283	-0.103923
38507	9.774077	0.016044	-1.235142	-0.088095	-0.025674	-0.013229	0.083124	0.064414	0.994455	0.502486	-0.864472	0.013993	0.860580	0.498537	-0.104225
38508	9.789840	-0.276156	-1.243582	-0.087802	-0.016076	-0.011399	0.083255	0.064564	0.994435	0.501794	-0.864872	0.014142	0.860971	0.497824	-0.104403
38509	9.621807	-0.318792	-1.290120	-0.031204	-0.014120	-0.013215	0.083383	0.064739	0.994412	0.501567	-0.865001	0.014257	0.861091	0.497576	-0.104597
38510	9.597058	-0.030583	-1.326554	0.002595	-0.033501	-0.011283	0.083665	0.064976	0.994373	0.501623	-0.864968	0.014314	0.861031	0.497603	-0.104961
38511	9.721996	0.118963	-1.149462	-0.020488	-0.035978	-0.007865	0.084008	0.065213	0.994329	0.501485	-0.865047	0.014365	0.861078	0.497434	-0.105375
38512	9.743816	0.003846	-0.959266	-0.047611	-0.018885	-0.013989	0.084155	0.065400	0.994304	0.501118	-0.865257	0.014499	0.861277	0.497044	-0.105589
38513	9.764811	-0.096855	-0.858641	-0.045573	-0.020306	-0.012721	0.084339	0.065602	0.994275	0.500768	-0.865458	0.014625	0.861463	0.496668	-0.105843
38514	9.784670	-0.071913	-0.678194	-0.015293	-0.006362	-0.019891	0.084350	0.065775	0.994263	0.500724	-0.865481	0.014775	0.861487	0.496605	-0.105938
38515	9.780961	0.226037	-0.439700	-0.008922	0.010264	-0.024475	0.084212	0.065925	0.994265	0.500699	-0.865492	0.014979	0.861515	0.496566	-0.105893
38516	9.856543	0.429007	-0.241897	-0.040557	0.027214	-0.036622	0.083843	0.066078	0.994286	0.500411	-0.865652	0.015332	0.861719	0.496266	-0.105646
38517	9.859057	0.211962	-0.226943	-0.102813	0.043799	-0.035734	0.083360	0.066161	0.994321	0.499586	-0.866121	0.015747	0.862244	0.495436	-0.105253
38518	9.793678	-0.101656	-0.457458	-0.083071	0.044637	-0.038566	0.082832	0.066244	0.994359	0.498926	-0.866494	0.016164	0.862677	0.494773	-0.104824
38519	9.746279	0.026759	-0.598066	-0.047238	0.040922	-0.033137	0.082387	0.066318	0.994391	0.498577	-0.866688	0.016494	0.862921	0.494422	-0.104468
38520	9.707477	0.081325	-0.698102	-0.055249	0.034590	-0.030220	0.081987	0.066378	0.994420	0.498159	-0.866923	0.016796	0.863201	0.494003	-0.104143
38521	9.675268	0.040020	-0.767957	-0.041617	0.028469	-0.026723	0.081681	0.066459	0.994440	0.497854	-0.867093	0.017056	0.863406	0.493692	-0.103912
38522	9.748843	-0.038144	-0.839008	-0.016284	0.016954	-0.023233	0.081469	0.066547	0.994452	0.497744	-0.867152	0.017252	0.863489	0.493577	-0.103769
38523	9.793024	0.125808	-0.964392	0.033248	0.000974	-0.019724	0.081435	0.066703	0.994444	0.498079	-0.866958	0.017364	0.863299	0.493898	-0.103824
38524	9.857285	0.297312	-0.819631	0.025913	-0.020841	-0.020051	0.081563	0.066954	0.994417	0.498331	-0.866810	0.017489	0.863142	0.494122	-0.104065
38525	9.859908	0.306730	-0.721667	0.023093	-0.025774	-0.021307	0.081752	0.067256	0.994381	0.498579	-0.866665	0.017627	0.862980	0.494337	-0.104384
38526	9.780579	0.242724	-0.681744	0.016414	-0.034848	-0.032630	0.081947	0.067678	0.994336	0.498832	-0.866515	0.017867	0.862816	0.494542	-0.104768
38527	9.829569	0.076585	-0.620517	0.022408	-0.038358	-0.026650	0.082218	0.068089	0.994286	0.499079	-0.866369	0.018060	0.862648	0.494742	-0.105213
38528	9.773025	0.144996	-0.639043	0.039699	-0.027942	-0.028059	0.082373	0.068435	0.994249	0.499530	-0.866105	0.018229	0.862371	0.495156	-0.105529
38529	9.870886	0.170115	-0.592845	0.033679	-0.024180	-0.024724	0.082531	0.068759	0.994214	0.499873	-0.865904	0.018390	0.862158	0.495462	-0.105834
38530	9.997741	0.114467	-0.492925	0.015108	-0.009848	-0.022240	0.082551	0.068971	0.994197	0.500077	-0.865783	0.018539	0.862037	0.495645	-0.105962
38531	9.935559	0.065500	-0.367799	0.016666	0.019572	-0.029223	0.082309	0.069117	0.994207	0.500276	-0.865663	0.018763	0.861945	0.495834	-0.105830
38532	9.758048	0.309812	-0.622038	0.039302	0.035913	-0.043171	0.081834	0.069281	0.994235	0.500718	-0.865400	0.019091	0.861733	0.496269	-0.105509
38533	9.649205	0.443533	-1.059717	-0.003312	0.025749	-0.035133	0.081509	0.069448	0.994250	0.500750	-0.865375	0.019394	0.861746	0.496290	-0.105312
38534	9.624104	0.210574	-1.359179	-0.072797	0.019635	-0.036781	0.081201	0.069640	0.994262	0.500185	-0.865692	0.019785	0.862103	0.495709	-0.105128
38535	9.613067	-0.263890	-1.428197	-0.078280	-0.002185	-0.031377	0.081136	0.069912	0.994248	0.499567	-0.866041	0.020130	0.862467	0.495061	-0.105193
38536	9.549182	-0.481726	-1.404494	-0.024932	-0.013511	-0.024853	0.081183	0.070164	0.994227	0.499408	-0.866128	0.020345	0.862555	0.494873	-0.105355
38537	9.657305	-0.478213	-1.136516	0.033674	-0.029388	-0.018557	0.081416	0.070460	0.994186	0.499745	-0.865931	0.020445	0.862338	0.495175	-0.105713
38538	9.786783	-0.114487	-0.837928	0.068780	-0.028538	-0.016207	0.081628	0.070714	0.994151	0.500377	-0.865565	0.020483	0.861951	0.495778	-0.106038
38539	9.842279	0.263573	-0.556071	0.055684	-0.020246	-0.018348	0.081783	0.070964	0.994121	0.500903	-0.865259	0.020557	0.861631	0.496277	-0.106310
38540	9.853855	0.347558	-0.326782	0.028931	-0.011403	-0.027102	0.081796	0.071230	0.994101	0.501201	-0.865082	0.020746	0.861456	0.496548	-0.106460
38541	9.856724	0.358109	-0.227445	0.011939	-0.006977	-0.030032	0.081778	0.071514	0.994082	0.501360	-0.864984	0.020982	0.861365	0.496677	-0.106591
38542	9.932213	0.303286	-0.290289	0.001603	0.011936	-0.044167	0.081510	0.071804	0.994083	0.501489	-0.864900	0.021353	0.861316	0.496781	-0.106507
38543	9.833832	0.217902	-0.427431	0.012297	0.018376	-0.046700	0.081190	0.072107	0.994087	0.501665	-0.864788	0.021755	0.861244	0.496932	-0.106386
38544	9.783347	0.324363	-0.580442	0.022338	0.023295	-0.048329	0.080798	0.072378	0.994099	0.501945	-0.864616	0.022154	0.861117	0.497193	-0.106189
38545	9.739341	0.298695	-0.622168	0.021574	0.022482	-0.045203	0.080450	0.072647	0.994108	0.502198	-0.864459	0.022532	0.861002	0.497427	-0.106029
38546	9.685249	0.242574	-0.714799	-0.006266	0.021454	-0.034118	0.080141	0.072809	0.994121	0.502192	-0.864455	0.022828	0.861034	0.497410	-0.105842
38547	9.696222	0.127893	-0.751573	0.000928	0.016205	-0.030844	0.079919	0.072985	0.994126	0.502257	-0.864410	0.023084	0.861018	0.497461	-0.105740
38548	9.728140	0.226079	-0.847911	0.009389	0.008764	-0.023213	0.079775	0.073112	0.994128	0.502383	-0.864332	0.023252	0.860957	0.497578	-0.105682
38549	9.757292	0.198855	-0.964464	0.011355	0.007783	-0.029014	0.079635	0.073314	0.994124	0.502536	-0.864238	0.023480	0.860881	0.497713	-0.105666
38550	9.690211	0.354565	-1.111227	0.011866	-0.006286	-0.027766	0.079597	0.073556	0.994110	0.502700	-0.864136	0.023689	0.860789	0.497853	-0.105760
38551	9.752916	0.327738	-1.236948	-0.002502	-0.023303	-0.024274	0.079749	0.073872	0.994074	0.502729	-0.864114	0.023883	0.860757	0.497845	-0.106050
38552	9.779017	0.241927	-1.287174	-0.018253	-0.037412	-0.022924	0.080010	0.074224	0.994027	0.502679	-0.864138	0.024064	0.860763	0.497751	-0.106451
38553	9.775905	0.185433	-1.221261	-0.030046	-0.048057	-0.013743	0.080428	0.074572	0.993967	0.502463	-0.864261	0.024183	0.860850	0.497486	-0.106980
38554	9.862906	0.093698	-0.977685	-0.027884	-0.050184	-0.014692	0.080839	0.074914	0.993908	0.502336	-0.864331	0.024290	0.860885	0.497312	-0.107503
38555	9.724020	0.249365	-0.704670	-0.014401	-0.038781	-0.015975	0.081165	0.075235	0.993857	0.502256	-0.864374	0.024415	0.860901	0.497189	-0.107944
38556	9.818923	0.400165	-0.580381	-0.033888	-0.041206	-0.017509	0.081481	0.075559	0.993807	0.502039	-0.864496	0.024566	0.860998	0.496928	-0.108374
38557	9.935507	0.279260	-0.452846	-0.055289	-0.026647	-0.022423	0.081671	0.075875	0.993767	0.501612	-0.864737	0.024799	0.861229	0.496460	-0.108684
38558	9.913441	0.112452	-0.315980	-0.054741	-0.008097	-0.021027	0.081683	0.076069	0.993751	0.501180	-0.864981	0.025017	0.861479	0.496005	-0.108778
38559	9.827218	-0.144086	-0.322526	-0.030811	0.022026	-0.023494	0.081448	0.076153	0.993764	0.500965	-0.865100	0.025235	0.861626	0.495786	-0.108611
38560	9.856791	-0.134492	-0.517553	0.024111	0.028814	-0.023194	0.081132	0.076176	0.993788	0.501265	-0.864922	0.025375	0.861482	0.496092	-0.108357
38561	9.904995	0.132679	-0.690542	0.067079	0.036848	-0.021564	0.080780	0.076170	0.993817	0.501892	-0.864555	0.025468	0.861150	0.496731	-0.108067
38562	9.760490	0.359682	-0.860115	0.076451	0.045798	-0.019174	0.080341	0.076076	0.993860	0.502664	-0.864105	0.025510	0.860740	0.497528	-0.107664
38563	9.613651	0.460974	-1.050264	0.061806	0.030586	-0.018269	0.080059	0.076072	0.993883	0.503242	-0.863767	0.025576	0.860429	0.498116	-0.107435
38564	9.623293	0.542611	-1.168052	0.032709	0.009847	-0.014716	0.079953	0.076117	0.993888	0.503628	-0.863541	0.025620	0.860213	0.498501	-0.107377
38565	9.686110	0.427793	-1.041801	-0.008859	-0.006636	-0.017350	0.079995	0.076290	0.993872	0.503597	-0.863555	0.025753	0.860227	0.498450	-0.107500
38566	9.706728	0.305366	-0.950484	-0.028022	-0.016467	-0.019384	0.080094	0.076508	0.993847	0.503404	-0.863662	0.025917	0.860331	0.498231	-0.107688
38567	9.767668	0.235504	-0.746132	-0.039789	-0.016348	-0.013253	0.080241	0.076694	0.993821	0.503104	-0.863833	0.026043	0.860493	0.497906	-0.107900
38568	9.865572	0.106770	-0.537698	-0.043901	-0.002491	-0.009524	0.080267	0.076758	0.993814	0.502808	-0.864003	0.026122	0.860663	0.497601	-0.107946
38569	9.827149	-0.010060	-0.390226	-0.033790	0.012823	-0.007154	0.080194	0.076746	0.993820	0.502555	-0.864149	0.026180	0.860818	0.497350	-0.107868
38570	9.824196	0.049580	-0.398834	-0.011172	0.023593	-0.007876	0.080001	0.076664	0.993842	0.502532	-0.864162	0.026208	0.860849	0.497341	-0.107659
38571	9.788037	0.145340	-0.479858	0.024385	0.027241	-0.011272	0.079783	0.076615	0.993864	0.502782	-0.864015	0.026245	0.860723	0.497603	-0.107454
38572	9.850323	0.301406	-0.592098	0.056916	0.027373	-0.011484	0.079536	0.076550	0.993888	0.503310	-0.863707	0.026246	0.860438	0.498146	-0.107224
38573	9.795822	0.426036	-0.674576	0.069088	0.035742	-0.010952	0.079246	0.076457	0.993919	0.503944	-0.863338	0.026232	0.860093	0.498801	-0.106946
38574	9.703409	0.469315	-0.690395	0.058010	0.026283	-0.011925	0.079007	0.076398	0.993942	0.504506	-0.863010	0.026232	0.859786	0.499377	-0.106727
38575	9.701095	0.565394	-0.779418	0.040364	0.012811	-0.014032	0.078899	0.076445	0.993947	0.504895	-0.862781	0.026279	0.859567	0.499766	-0.106670
38576	9.755081	0.559581	-0.773963	0.014348	0.000725	-0.003545	0.078924	0.076442	0.993946	0.505106	-0.862659	0.026237	0.859441	0.499977	-0.106695
38577	9.743344	0.507809	-0.835317	-0.010966	-0.010161	-0.003206	0.079068	0.076510	0.993929	0.505046	-0.862694	0.026231	0.859463	0.499905	-0.106852
38578	9.847729	0.450942	-0.846836	-0.041252	-0.018346	-0.000048	0.079273	0.076575	0.993907	0.504731	-0.862878	0.026223	0.859629	0.499577	-0.107053
38579	9.898198	0.246529	-0.702676	-0.064769	-0.012882	0.006043	0.079487	0.076577	0.993890	0.504201	-0.863189	0.026183	0.859920	0.499039	-0.107223
38580	9.804293	-0.020349	-0.751594	-0.066373	-0.014085	0.005230	0.079686	0.076572	0.993875	0.503733	-0.863464	0.026137	0.860176	0.498564	-0.107378
38581	9.819145	-0.093688	-0.771542	-0.014525	-0.015915	-0.001347	0.079889	0.076653	0.993852	0.503640	-0.863519	0.026116	0.860212	0.498458	-0.107591
38582	9.731522	0.169317	-0.921749	0.053877	-0.013979	-0.002310	0.080046	0.076711	0.993835	0.504143	-0.863228	0.026025	0.859902	0.498952	-0.107771
38583	9.742804	0.441555	-0.933124	0.042347	-0.015314	-0.000598	0.080247	0.076783	0.993813	0.504539	-0.862999	0.025936	0.859651	0.499337	-0.107993
38584	9.734025	0.330264	-0.984710	0.019050	-0.005750	0.004185	0.080366	0.076746	0.993807	0.504743	-0.862884	0.025818	0.859521	0.499542	-0.108083
38585	9.741830	0.234235	-0.954244	0.003744	-0.006149	0.006016	0.080522	0.076715	0.993796	0.504802	-0.862853	0.025705	0.859472	0.499600	-0.108204
38586	9.763273	0.145529	-0.942558	0.017201	-0.005492	0.007772	0.080659	0.076645	0.993791	0.504992	-0.862746	0.025551	0.859347	0.499796	-0.108293
38587	9.785636	0.262964	-0.911071	0.013750	0.004347	0.007485	0.080732	0.076548	0.993792	0.505136	-0.862666	0.025413	0.859255	0.499948	-0.108313
38588	9.796304	0.328527	-0.939875	-0.008331	0.006599	0.006466	0.080755	0.076435	0.993799	0.505062	-0.862712	0.025312	0.859297	0.499887	-0.108272
38589	9.724689	0.246445	-0.865129	-0.028680	0.009313	0.004071	0.080768	0.076343	0.993805	0.504844	-0.862841	0.025253	0.859424	0.499677	-0.108231
38590	9.698760	0.150270	-0.826355	-0.033321	0.004618	0.006414	0.080809	0.076236	0.993810	0.504583	-0.862996	0.025172	0.859573	0.499426	-0.108206
38591	9.643655	0.386622	-0.391361	-0.023086	0.002897	0.006509	0.080890	0.076156	0.993809	0.504411	-0.863099	0.025083	0.859666	0.499259	-0.108230
38592	9.845916	0.568917	0.178065	-0.077221	0.018421	-0.003047	0.080766	0.076061	0.993827	0.503812	-0.863447	0.025139	0.860029	0.498672	-0.108058
38593	9.927224	0.120721	0.029684	-0.132791	0.042659	-0.002324	0.080460	0.075859	0.993867	0.502703	-0.864090	0.025256	0.860706	0.497588	-0.107659
38594	9.876882	-0.130963	-0.231322	-0.095102	0.028162	0.002539	0.080284	0.075666	0.993896	0.501922	-0.864544	0.025275	0.861179	0.496829	-0.107387
38595	9.861178	0.126068	-0.199761	-0.025467	0.033476	0.009012	0.080113	0.075412	0.993929	0.501727	-0.864660	0.025164	0.861308	0.496665	-0.107107
38596	9.762430	0.336667	-0.405253	-0.006004	0.041462	0.013689	0.079877	0.075058	0.993975	0.501707	-0.864677	0.024976	0.861342	0.496689	-0.106725
38597	9.776384	0.328155	-0.680357	-0.006291	0.037779	0.007956	0.079665	0.074791	0.994012	0.501678	-0.864697	0.024855	0.861378	0.496694	-0.106407
38598	9.784690	0.386235	-0.806185	0.000597	0.034414	0.008586	0.079456	0.074515	0.994049	0.501731	-0.864671	0.024712	0.861367	0.496782	-0.106090
38599	9.691851	0.376581	-1.002275	-0.019737	0.020807	0.006099	0.079381	0.074349	0.994068	0.501588	-0.864756	0.024624	0.861457	0.496657	-0.105937
38600	9.681594	0.294852	-1.231836	-0.030942	0.012079	0.007300	0.079361	0.074198	0.994081	0.501391	-0.864873	0.024526	0.861574	0.496477	-0.105839
38601	9.615488	0.248972	-1.647882	-0.042064	-0.002604	0.012420	0.079518	0.074093	0.994076	0.501050	-0.865074	0.024398	0.861757	0.496142	-0.105914
38602	9.738928	0.095804	-1.398912	-0.100571	-0.053067	0.019787	0.080123	0.074156	0.994023	0.500219	-0.865559	0.024252	0.862184	0.495286	-0.106446
38603	9.806886	-0.191593	-1.087872	-0.085089	-0.048298	0.025945	0.080742	0.074160	0.993972	0.499496	-0.865983	0.024036	0.862545	0.494544	-0.106964
38604	9.686884	-0.077407	-1.324166	-0.020437	-0.062109	0.031952	0.081489	0.074161	0.993911	0.499333	-0.866087	0.023684	0.862570	0.494363	-0.107607
38605	9.839969	0.128109	-1.166549	0.001565	-0.085747	0.022634	0.082414	0.074379	0.993819	0.499359	-0.866079	0.023408	0.862466	0.494343	-0.108519
38606	9.827055	0.117815	-0.804725	0.004184	-0.063363	0.019209	0.083105	0.074494	0.993753	0.499455	-0.866030	0.023151	0.862345	0.494411	-0.109178
38607	9.818778	-0.008974	-0.771815	0.020706	-0.059467	0.008517	0.083733	0.074704	0.993684	0.499658	-0.865917	0.022995	0.862166	0.494577	-0.109833
38608	9.827797	-0.083607	-0.736703	0.055051	-0.054023	0.007757	0.084285	0.074876	0.993624	0.500154	-0.865636	0.022805	0.861825	0.495043	-0.110410
38609	9.834650	0.003658	-0.700894	0.089518	-0.049313	0.004794	0.084807	0.075068	0.993566	0.500953	-0.865179	0.022609	0.861309	0.495812	-0.110979
38610	9.880869	0.157346	-0.640774	0.107917	-0.034779	0.013070	0.085223	0.075098	0.993528	0.501915	-0.864629	0.022302	0.860708	0.496766	-0.111379
38611	9.907081	0.317751	-0.591405	0.105678	-0.021210	0.013274	0.085545	0.075079	0.993502	0.502844	-0.864097	0.022002	0.860134	0.497694	-0.111672
38612	9.830677	0.491739	-0.610158	0.092902	-0.009589	0.007658	0.085712	0.075033	0.993491	0.503697	-0.863606	0.021768	0.859618	0.498552	-0.111815
38613	9.830011	0.608301	-0.692010	0.052971	-0.014129	0.002915	0.085921	0.075068	0.993470	0.504181	-0.863327	0.021630	0.859313	0.499030	-0.112026
38614	9.806893	0.423395	-0.814904	0.002164	-0.007658	-0.004072	0.086012	0.075114	0.993458	0.504229	-0.863299	0.021617	0.859276	0.499071	-0.112129
38615	9.759976	0.201786	-0.968825	-0.027457	0.002010	-0.001663	0.086059	0.075108	0.993455	0.504026	-0.863418	0.021615	0.859391	0.498866	-0.112162
38616	9.699161	0.156802	-1.093802	-0.010544	0.003586	-0.002697	0.086068	0.075085	0.993456	0.504012	-0.863426	0.021593	0.859397	0.498856	-0.112157
38617	9.702821	0.201202	-1.073503	-0.027477	-0.003236	0.004494	0.086191	0.075053	0.993448	0.503804	-0.863550	0.021529	0.859507	0.498647	-0.112242
38618	9.616131	0.126402	-1.070972	-0.059891	0.001466	0.005680	0.086258	0.074966	0.993448	0.503324	-0.863830	0.021483	0.859782	0.498174	-0.112244
38619	9.588582	0.045366	-1.123661	-0.086043	-0.009834	0.002189	0.086426	0.074986	0.993432	0.502614	-0.864244	0.021508	0.860180	0.497454	-0.112382
38620	9.773175	-0.106264	-1.178861	-0.082172	-0.016751	0.006016	0.086650	0.074986	0.993413	0.501994	-0.864605	0.021477	0.860520	0.496826	-0.112560
38621	9.767724	-0.106116	-1.121540	-0.071301	-0.027758	0.008234	0.087003	0.075042	0.993378	0.501404	-0.864948	0.021426	0.860828	0.496220	-0.112880
38622	9.791651	-0.003063	-1.001882	-0.024686	-0.025443	0.008728	0.087317	0.075063	0.993348	0.501253	-0.865038	0.021306	0.860884	0.496058	-0.113158
38623	9.703318	0.186712	-0.991908	-0.006698	-0.030442	0.004064	0.087672	0.075169	0.993309	0.501223	-0.865058	0.021224	0.860865	0.496009	-0.113518
38624	9.764426	0.297596	-0.779607	-0.036192	-0.037868	0.004264	0.088070	0.075290	0.993265	0.500946	-0.865220	0.021167	0.860986	0.495708	-0.113916
38625	9.844624	0.232295	-0.656175	-0.071162	-0.034059	0.002989	0.088451	0.075423	0.993221	0.500362	-0.865558	0.021169	0.861287	0.495097	-0.114298
38626	9.845912	-0.003200	-0.499347	-0.093849	-0.022577	-0.000010	0.088692	0.075508	0.993193	0.499534	-0.866034	0.021233	0.861742	0.494250	-0.114529
38627	9.844395	-0.179730	-0.352330	-0.079518	-0.021841	-0.003618	0.088934	0.075637	0.993161	0.498883	-0.866408	0.021310	0.862094	0.493576	-0.114787
38628	9.898846	-0.120145	-0.259101	-0.036157	-0.010779	0.001367	0.089086	0.075647	0.993147	0.498642	-0.866547	0.021275	0.862218	0.493330	-0.114918
38629	9.921994	0.035345	-0.306868	-0.004824	0.001704	-0.008617	0.089101	0.075702	0.993142	0.498640	-0.866547	0.021317	0.862218	0.493320	-0.114958
38630	9.906297	0.190887	-0.286946	0.009395	0.008459	-0.016194	0.088996	0.075771	0.993146	0.498782	-0.866463	0.021410	0.862146	0.493458	-0.114905
38631	9.878641	0.332430	-0.407696	0.018758	0.011917	-0.016982	0.088882	0.075849	0.993150	0.498990	-0.866341	0.021507	0.862038	0.493660	-0.114850
38632	9.811196	0.341724	-0.641921	-0.009737	0.020183	-0.024178	0.088632	0.075932	0.993166	0.498896	-0.866390	0.021717	0.862118	0.493562	-0.114672
38633	9.766304	0.182376	-0.864535	-0.021681	0.021405	-0.022812	0.088406	0.076013	0.993180	0.498761	-0.866462	0.021918	0.862219	0.493421	-0.114513
38634	9.742198	0.081588	-0.984941	-0.009425	0.023844	-0.018426	0.088152	0.076027	0.993201	0.498720	-0.866482	0.022063	0.862269	0.493385	-0.114299
38635	9.686623	0.067824	-0.997265	-0.002977	0.028595	-0.015118	0.087903	0.076006	0.993225	0.498739	-0.866469	0.022167	0.862283	0.493412	-0.114072
38636	9.676605	0.039883	-1.045836	-0.009219	0.022683	-0.013587	0.087687	0.075985	0.993246	0.498673	-0.866504	0.022265	0.862344	0.493352	-0.113872
38637	9.656234	0.011244	-0.976019	-0.005774	0.012834	-0.013346	0.087582	0.076027	0.993252	0.498666	-0.866506	0.022354	0.862358	0.493343	-0.113802
38638	9.693743	0.057257	-0.961570	0.000578	0.007232	-0.014073	0.087499	0.076081	0.993255	0.498720	-0.866473	0.022436	0.862336	0.493393	-0.113758
38639	9.729632	0.146781	-0.867682	0.004757	-0.001527	-0.007687	0.087546	0.076145	0.993246	0.498799	-0.866427	0.022457	0.862285	0.493464	-0.113833
38640	9.783851	0.207212	-0.772887	-0.013834	-0.003912	-0.014467	0.087555	0.076260	0.993236	0.498739	-0.866459	0.022562	0.862319	0.493390	-0.113897
38641	9.906921	0.159298	-0.862801	-0.025894	-0.001984	-0.010895	0.087591	0.076354	0.993226	0.498556	-0.866561	0.022650	0.862421	0.493195	-0.113970
38642	9.884551	0.108530	-0.805129	-0.035036	-0.001349	-0.011408	0.087597	0.076430	0.993220	0.498305	-0.866704	0.022747	0.862565	0.492933	-0.114007
38643	9.786767	0.152294	-0.763321	-0.025359	0.000251	-0.009570	0.087620	0.076502	0.993212	0.498126	-0.866805	0.022821	0.862667	0.492745	-0.114057
38644	9.729139	0.115814	-0.788775	-0.031598	-0.005667	-0.008042	0.087674	0.076571	0.993202	0.497888	-0.866939	0.022886	0.862798	0.492497	-0.114132
38645	9.757496	0.051742	-0.827123	-0.020485	-0.001987	-0.019464	0.087667	0.076739	0.993190	0.497760	-0.867008	0.023053	0.862873	0.492349	-0.114205
38646	9.790956	0.016803	-0.754630	-0.015985	-0.001816	-0.013472	0.087662	0.076837	0.993182	0.497653	-0.867067	0.023155	0.862935	0.492231	-0.114247
38647	9.814739	0.055638	-0.722342	-0.008323	0.000913	-0.022123	0.087617	0.077014	0.993173	0.497632	-0.867074	0.023335	0.862952	0.492190	-0.114295
38648	9.796610	0.124353	-0.803119	-0.009185	0.006071	-0.022927	0.087500	0.077151	0.993172	0.497638	-0.867066	0.023513	0.862960	0.492183	-0.114262
38649	9.861124	0.186889	-0.826400	-0.020366	0.008087	-0.024663	0.087380	0.077315	0.993170	0.497515	-0.867131	0.023731	0.863043	0.492044	-0.114235
38650	9.853045	0.219975	-0.945682	-0.050577	0.015798	-0.030431	0.087141	0.077471	0.993179	0.497142	-0.867336	0.024036	0.863282	0.491657	-0.114095
38651	9.807717	0.209168	-1.077918	-0.072933	0.019805	-0.033882	0.086874	0.077657	0.993188	0.496573	-0.867652	0.024406	0.863637	0.491070	-0.113939
38652	9.718844	0.272401	-1.243384	-0.107949	0.013093	-0.039089	0.086617	0.077903	0.993191	0.495732	-0.868120	0.024859	0.864145	0.490204	-0.113813
38653	9.685289	0.315095	-1.314980	-0.144534	-0.000390	-0.048210	0.086455	0.078313	0.993173	0.494556	-0.868773	0.025453	0.864835	0.488979	-0.113839
38654	9.662864	0.269535	-1.257422	-0.173058	-0.007965	-0.053147	0.086309	0.078782	0.993149	0.493144	-0.869555	0.026122	0.865656	0.487511	-0.113901
38655	9.781734	0.136825	-1.039910	-0.206705	-0.022591	-0.056998	0.086296	0.079377	0.993102	0.491434	-0.870500	0.026874	0.866629	0.485726	-0.114130
38656	9.863448	-0.143308	-0.848901	-0.228970	-0.013545	-0.066266	0.086138	0.079988	0.993067	0.489567	-0.871525	0.027733	0.867701	0.483784	-0.114231
38657	9.849569	-0.321693	-0.684419	-0.210649	0.001193	-0.074131	0.085838	0.080617	0.993042	0.487833	-0.872466	0.028660	0.868706	0.481979	-0.114218
38658	10.025341	-0.567909	-0.634938	-0.180081	0.002186	-0.077940	0.085487	0.081255	0.993020	0.486381	-0.873246	0.029583	0.869555	0.480457	-0.114172
38659	10.015839	-0.587901	-0.685808	-0.113045	0.027681	-0.075675	0.084950	0.081772	0.993024	0.485493	-0.873711	0.030414	0.870103	0.479523	-0.113922
38660	9.744774	-0.390286	-0.861778	-0.061895	0.050909	-0.079803	0.084169	0.082193	0.993056	0.485093	-0.873905	0.031216	0.870403	0.479097	-0.113427
38661	9.705240	-0.290221	-1.038751	-0.025745	0.045512	-0.090726	0.083405	0.082756	0.993073	0.484976	-0.873938	0.032097	0.870541	0.478940	-0.113026
38662	9.685961	-0.196473	-1.204242	-0.007755	0.046037	-0.101590	0.082563	0.083390	0.993091	0.485035	-0.873870	0.033054	0.870588	0.478955	-0.112597
38663	9.640582	0.006112	-1.309997	0.003707	0.031876	-0.101418	0.081866	0.084112	0.993088	0.485183	-0.873751	0.034008	0.870572	0.479045	-0.112340
38664	9.745409	0.063338	-1.306787	-0.020670	0.026688	-0.109989	0.081154	0.084911	0.993078	0.485160	-0.873722	0.035059	0.870651	0.478956	-0.112101
38665	9.759091	0.044239	-1.244107	-0.047083	0.017559	-0.113699	0.080522	0.085809	0.993052	0.484874	-0.873835	0.036191	0.870870	0.478591	-0.111969
38666	9.745624	-0.029103	-1.065957	-0.067360	0.009580	-0.119846	0.079907	0.086776	0.993018	0.484459	-0.874014	0.037393	0.871157	0.478089	-0.111880
38667	9.763651	-0.059036	-0.814443	-0.074096	0.006786	-0.116439	0.079357	0.087750	0.992977	0.483938	-0.874251	0.038583	0.871497	0.477477	-0.111843
38668	9.838581	-0.012506	-0.616289	-0.072286	0.001708	-0.120906	0.078808	0.088766	0.992930	0.483451	-0.874466	0.039805	0.871817	0.476896	-0.111829
38669	9.905398	0.151619	-0.435769	-0.055169	0.001911	-0.110247	0.078331	0.089709	0.992883	0.483089	-0.874615	0.040912	0.872060	0.476446	-0.111847
38670	9.700139	0.571391	-0.241585	-0.078747	0.007754	-0.117713	0.077749	0.090667	0.992842	0.482574	-0.874843	0.042101	0.872397	0.475846	-0.111772
38671	9.691173	0.701530	-0.258014	-0.142580	-0.004106	-0.125747	0.077251	0.091775	0.992779	0.481460	-0.875390	0.043459	0.873057	0.474625	-0.111811
38672	9.754114	0.612541	-0.224410	-0.183531	0.002917	-0.130035	0.076650	0.092865	0.992724	0.480033	-0.876101	0.044891	0.873895	0.473100	-0.111732
38673	9.749845	0.435990	-0.279208	-0.208591	0.012143	-0.137133	0.075959	0.093997	0.992670	0.478346	-0.876943	0.046436	0.874880	0.471313	-0.111575
38674	9.671642	0.272949	-0.349445	-0.217554	0.032557	-0.147326	0.075018	0.095105	0.992637	0.476603	-0.877803	0.048084	0.875912	0.469487	-0.111178
38675	9.635947	-0.112613	-0.523529	-0.262244	0.050420	-0.146974	0.073950	0.096147	0.992616	0.474446	-0.878876	0.049784	0.877173	0.467262	-0.110609
38676	9.546605	-0.558359	-0.896156	-0.248144	0.057938	-0.151922	0.072770	0.097175	0.992603	0.472464	-0.879844	0.051499	0.878340	0.465222	-0.109938
38677	9.650024	-0.480017	-1.241299	-0.135277	0.038295	-0.147927	0.071808	0.098286	0.992564	0.471415	-0.880313	0.053066	0.878983	0.464099	-0.109547
38678	9.836588	-0.240254	-1.482927	-0.036937	0.014081	-0.146112	0.071047	0.099470	0.992501	0.471265	-0.880307	0.054491	0.879126	0.463859	-0.109420
38679	9.737434	-0.253181	-1.632444	0.013202	0.007104	-0.157494	0.070314	0.100810	0.992418	0.471525	-0.880074	0.055990	0.879045	0.464013	-0.109416
38680	9.646412	-0.194849	-1.549449	0.076245	-0.026533	-0.152824	0.069874	0.102239	0.992303	0.472420	-0.879506	0.057352	0.878600	0.464776	-0.109755
38681	9.698906	-0.265205	-1.230868	0.122384	-0.041412	-0.154566	0.069579	0.103778	0.992164	0.473635	-0.878763	0.058701	0.877969	0.465839	-0.110296
38682	9.520683	0.050476	-0.897143	0.206006	-0.038896	-0.149010	0.069258	0.105230	0.992033	0.475628	-0.877606	0.059887	0.876916	0.467691	-0.110832
38683	9.594842	0.934417	-0.630252	0.217599	-0.057608	-0.140639	0.069165	0.106721	0.991880	0.477665	-0.876422	0.060991	0.875815	0.469568	-0.111594
38684	9.927542	1.433256	-0.328399	0.096969	-0.051126	-0.128633	0.069045	0.108051	0.991745	0.478693	-0.875784	0.062091	0.875263	0.470454	-0.112191
38685	10.072740	1.492954	0.053095	-0.015200	-0.012140	-0.131660	0.068593	0.109249	0.991645	0.478683	-0.875698	0.063364	0.875304	0.470338	-0.112362
38686	9.960496	1.343334	-0.101385	-0.088314	0.030801	-0.138699	0.067712	0.110278	0.991592	0.478102	-0.875913	0.064765	0.875690	0.469697	-0.112034
38687	9.874355	0.789376	-0.427029	-0.098003	0.039733	-0.159099	0.066677	0.111472	0.991528	0.477383	-0.876183	0.066402	0.876162	0.468911	-0.111636
38688	9.721931	0.422521	-0.680576	-0.052087	0.065557	-0.171490	0.065332	0.112628	0.991487	0.477138	-0.876187	0.068091	0.876397	0.468628	-0.110982
38689	9.713617	-0.157176	-0.739414	-0.010030	0.062993	-0.157525	0.064101	0.113700	0.991445	0.477185	-0.876041	0.069614	0.876462	0.468640	-0.110411
38690	9.576836	-0.301385	-0.681444	0.108335	0.072975	-0.133246	0.062874	0.114485	0.991433	0.478306	-0.875339	0.070746	0.875940	0.469760	-0.109795
38691	9.489844	0.283030	-0.561415	0.217993	0.029158	-0.115244	0.062139	0.115343	0.991380	0.480319	-0.874167	0.071600	0.874890	0.471729	-0.109721
38692	9.846009	1.093387	-0.439066	0.167643	-0.016012	-0.094196	0.061873	0.116204	0.991296	0.481943	-0.873216	0.072281	0.874016	0.473276	-0.110032
38693	9.967220	1.801641	-0.375237	0.015310	-0.020118	-0.086981	0.061702	0.117046	0.991208	0.482163	-0.873028	0.073077	0.873906	0.473415	-0.110303
38694	9.665228	1.808967	-0.462457	-0.233921	-0.018965	-0.100881	0.061430	0.117981	0.991114	0.480239	-0.873987	0.074273	0.874984	0.471409	-0.110348
38695	9.446322	1.198852	-0.624159	-0.405563	-0.030164	-0.106980	0.061255	0.119046	0.990997	0.476786	-0.875751	0.075732	0.876883	0.467854	-0.110403
38696	9.321594	0.868255	-0.749110	-0.451365	-0.041019	-0.102410	0.061176	0.120100	0.990875	0.472954	-0.877700	0.077182	0.878961	0.463917	-0.110496
38697	9.359036	0.781676	-0.771914	-0.464348	-0.071234	-0.106763	0.061372	0.121354	0.990710	0.468967	-0.879702	0.078705	0.881081	0.459780	-0.110900
38698	9.498432	0.833251	-0.590382	-0.458520	-0.077073	-0.108455	0.061595	0.122626	0.990540	0.465034	-0.881650	0.080229	0.883148	0.455693	-0.111330
38699	9.527753	0.931847	-0.496063	-0.462096	-0.081265	-0.106147	0.061894	0.123918	0.990360	0.461047	-0.883602	0.081746	0.885215	0.451543	-0.111821
38700	9.692307	1.062874	-0.418015	-0.473595	-0.095444	-0.113549	0.062267	0.125316	0.990161	0.456969	-0.885569	0.083342	0.887300	0.447284	-0.112407
38701	9.779296	1.224624	-0.444620	-0.453449	-0.095628	-0.120277	0.062641	0.126793	0.989949	0.453050	-0.887424	0.084994	0.889282	0.443172	-0.113033
38702	9.927209	1.217964	-0.417660	-0.436509	-0.102853	-0.120708	0.063059	0.128283	0.989731	0.449288	-0.889177	0.086624	0.891158	0.439212	-0.113707
38703	10.004238	0.974715	-0.666685	-0.354101	-0.092862	-0.139216	0.063336	0.129913	0.989500	0.446252	-0.890535	0.088356	0.892663	0.435970	-0.114377
38704	9.871567	0.940231	-0.727740	-0.257093	-0.089085	-0.140006	0.063556	0.131512	0.989275	0.444094	-0.891451	0.089976	0.893723	0.433612	-0.115060
38705	9.859068	0.672737	-0.828335	-0.175882	-0.074653	-0.130179	0.063718	0.132980	0.989068	0.442638	-0.892028	0.091418	0.894434	0.431974	-0.115700
38706	9.860684	0.604567	-0.942316	-0.032239	-0.084080	-0.098904	0.064079	0.134189	0.988882	0.442461	-0.892018	0.092373	0.894496	0.431622	-0.116533
38707	9.968486	1.162050	-0.936080	0.101832	-0.080841	-0.091052	0.064471	0.135335	0.988700	0.443463	-0.891444	0.093105	0.893971	0.432450	-0.117488
38708	9.819989	1.685259	-1.064959	0.143646	-0.081983	-0.084939	0.064873	0.136410	0.988526	0.444849	-0.890689	0.093716	0.893253	0.433665	-0.118464
38709	9.675930	1.678503	-1.247961	0.123261	-0.084060	-0.083015	0.065326	0.137499	0.988345	0.446037	-0.890029	0.094340	0.892627	0.434676	-0.119471
38710	9.567831	1.609696	-1.372959	0.109096	-0.095127	-0.063021	0.065940	0.138438	0.988173	0.447099	-0.889450	0.094773	0.892051	0.435562	-0.120546
38711	9.697133	1.476693	-1.496049	0.072944	-0.123013	-0.033935	0.066957	0.139261	0.987989	0.447806	-0.889073	0.094970	0.891620	0.436068	-0.121892
38712	9.795572	1.522525	-1.187316	0.046628	-0.127517	-0.015856	0.068070	0.139923	0.987820	0.448277	-0.888831	0.095011	0.891299	0.436349	-0.123227
