// General information: 
//  MT Manager version: 2022.2.0 
//  XDA version: 2022.2.0 build 7381 rev 124627 built on 2023-07-19
// Device information: 
//  DeviceId: 00B4CBA7
//  ProductCode: MTW2-3A7G6
//  Firmware Version: 4.6.0
//  Hardware Version: 2.0.0
// Device settings: 
//  Filter Profile: human(46.1)
//  Option Flags: Orientation Smoother Disabled, Position/Velocity Smoother Disabled, Continuous Zero Rotation Update Disabled, AHS Disabled, ICC Disabled
// Coordinate system: ENU
PacketCounter	Acc_X	Acc_Y	Acc_Z	Gyr_X	Gyr_Y	Gyr_Z	Mat[1][1]	Mat[2][1]	Mat[3][1]	Mat[1][2]	Mat[2][2]	Mat[3][2]	Mat[1][3]	Mat[2][3]	Mat[3][3]
30850	9.792945	-0.158362	-1.839571	0.086102	-0.026762	-0.044834	-0.140370	-0.050029	0.988834	-0.516385	0.855831	-0.030004	-0.844774	-0.514831	-0.145967
30851	9.708758	-0.074112	-1.929293	0.108505	-0.017633	-0.036122	-0.140310	-0.050457	0.988821	-0.517345	0.855259	-0.029768	-0.844196	-0.515739	-0.146104
30852	9.716823	0.012654	-1.899423	0.098913	-0.009924	-0.031659	-0.140211	-0.050836	0.988816	-0.518267	0.854708	-0.029547	-0.843647	-0.516614	-0.146186
30853	9.769414	-0.066978	-1.862889	0.026445	0.003743	-0.025813	-0.140023	-0.051065	0.988831	-0.518520	0.854564	-0.029293	-0.843523	-0.516830	-0.146137
30854	9.636861	-0.417956	-1.738795	0.033307	0.002595	-0.022316	-0.139869	-0.051291	0.988841	-0.518818	0.854391	-0.029068	-0.843365	-0.517094	-0.146113
30855	9.659807	-0.578276	-1.625256	0.097501	0.006910	-0.026628	-0.139649	-0.051511	0.988860	-0.519670	0.853878	-0.028910	-0.842877	-0.517918	-0.146012
30856	9.641898	-0.470195	-1.588168	0.116864	0.010556	-0.025662	-0.139413	-0.051730	0.988882	-0.520715	0.853245	-0.028776	-0.842271	-0.518938	-0.145890
30857	9.674103	-0.317991	-1.476253	0.160578	0.008915	-0.019939	-0.139211	-0.051881	0.988903	-0.522088	0.852406	-0.028776	-0.841454	-0.520300	-0.145751
30858	9.610007	-0.073962	-1.188412	0.186245	0.007560	-0.021490	-0.139010	-0.052099	0.988920	-0.523831	0.851336	-0.028783	-0.840403	-0.522028	-0.145635
30859	9.666818	0.062078	-1.116624	0.115842	0.003465	-0.013188	-0.138889	-0.052221	0.988930	-0.524815	0.850729	-0.028784	-0.839809	-0.523003	-0.145563
30860	9.608957	0.009441	-1.069592	0.051546	0.000175	-0.010922	-0.138809	-0.052377	0.988933	-0.525351	0.850401	-0.028699	-0.839487	-0.523521	-0.145560
30861	9.692804	-0.036764	-1.273523	0.017186	-0.008836	-0.013200	-0.138791	-0.052564	0.988926	-0.525507	0.850310	-0.028557	-0.839392	-0.523651	-0.145638
30862	9.742505	-0.031382	-1.398448	-0.010233	-0.009986	-0.005965	-0.138826	-0.052721	0.988912	-0.525452	0.850348	-0.028430	-0.839421	-0.523573	-0.145753
30863	9.713880	-0.119445	-1.534039	-0.004335	-0.005731	-0.000828	-0.138847	-0.052786	0.988906	-0.525409	0.850376	-0.028379	-0.839444	-0.523521	-0.145806
30864	9.714951	-0.202924	-1.652434	0.004925	-0.004140	0.002289	-0.138876	-0.052841	0.988899	-0.525462	0.850344	-0.028356	-0.839406	-0.523567	-0.145858
30865	9.619848	-0.194734	-1.594324	0.038516	-0.000390	0.011358	-0.138916	-0.052774	0.988897	-0.525763	0.850154	-0.028487	-0.839211	-0.523883	-0.145846
30866	9.717971	-0.253882	-1.537420	0.060333	0.004916	0.014042	-0.138931	-0.052682	0.988900	-0.526263	0.849839	-0.028661	-0.838896	-0.524403	-0.145794
30867	9.699563	-0.223917	-1.408266	0.070254	0.009349	0.025211	-0.138963	-0.052446	0.988908	-0.526810	0.849489	-0.028976	-0.838547	-0.524993	-0.145676
30868	9.763090	-0.348776	-1.376309	0.073783	0.007185	0.030118	-0.139047	-0.052200	0.988909	-0.527362	0.849134	-0.029329	-0.838186	-0.525591	-0.145597
30869	9.650658	-0.394256	-1.306387	0.100487	0.009430	0.032950	-0.139118	-0.051898	0.988915	-0.528151	0.848629	-0.029763	-0.837677	-0.526437	-0.145470
30870	9.537381	-0.281404	-1.212585	0.116900	0.002755	0.027710	-0.139223	-0.051704	0.988910	-0.529129	0.848005	-0.030156	-0.837042	-0.527459	-0.145420
30871	9.553115	-0.229364	-1.257386	0.093151	-0.009269	0.023242	-0.139400	-0.051584	0.988892	-0.529869	0.847531	-0.030484	-0.836544	-0.528233	-0.145479
30872	9.514316	-0.197915	-0.989358	0.094244	-0.016781	0.025828	-0.139656	-0.051514	0.988859	-0.530685	0.847009	-0.030824	-0.835984	-0.529077	-0.145628
30873	9.472557	-0.118127	-0.837490	0.048965	-0.028573	0.013516	-0.139944	-0.051578	0.988815	-0.531068	0.846762	-0.030992	-0.835693	-0.529466	-0.145890
30874	9.579622	-0.137012	-0.918827	-0.011836	-0.051785	-0.001742	-0.140348	-0.051922	0.988740	-0.531007	0.846804	-0.030906	-0.835664	-0.529365	-0.146418
30875	9.710410	-0.288163	-1.144826	-0.021322	-0.057342	0.005210	-0.140831	-0.052209	0.988656	-0.530814	0.846925	-0.030889	-0.835705	-0.529143	-0.146987
30876	9.777446	-0.355705	-1.355835	0.011161	-0.058775	0.005013	-0.141329	-0.052528	0.988568	-0.530909	0.846865	-0.030902	-0.835561	-0.529207	-0.147575
30877	9.807447	-0.250702	-1.696063	0.048588	-0.046836	0.012123	-0.141762	-0.052701	0.988497	-0.531291	0.846620	-0.031056	-0.835244	-0.529582	-0.148018
30878	9.808733	0.038653	-2.041579	0.039349	-0.038354	0.012893	-0.142128	-0.052856	0.988436	-0.531675	0.846374	-0.031191	-0.834938	-0.529960	-0.148395
30879	9.736922	-0.012802	-2.223137	0.017184	-0.024262	0.021705	-0.142423	-0.052828	0.988395	-0.531781	0.846300	-0.031394	-0.834820	-0.530081	-0.148625
30880	9.721274	-0.155451	-2.297317	0.013869	-0.015223	0.027004	-0.142670	-0.052749	0.988364	-0.531971	0.846172	-0.031630	-0.834657	-0.530293	-0.148784
30881	9.778691	-0.329054	-2.063373	0.057098	0.006823	0.035525	-0.142779	-0.052440	0.988364	-0.532390	0.845893	-0.032028	-0.834371	-0.530768	-0.148694
30882	9.688785	-0.413073	-1.807255	0.114743	0.012783	0.034313	-0.142835	-0.052141	0.988372	-0.533355	0.845268	-0.032486	-0.833745	-0.531793	-0.148543
30883	9.605480	-0.210803	-1.579206	0.129809	0.014433	0.034935	-0.142877	-0.051797	0.988384	-0.534380	0.844601	-0.032986	-0.833081	-0.532886	-0.148354
30884	9.601301	-0.073279	-1.364629	0.091394	0.019050	0.031207	-0.142868	-0.051485	0.988402	-0.535115	0.844120	-0.033378	-0.832611	-0.533677	-0.148148
30885	9.602897	-0.155524	-1.234606	0.065061	0.013865	0.024171	-0.142859	-0.051235	0.988416	-0.535615	0.843790	-0.033676	-0.832291	-0.534222	-0.147985
30886	9.554667	-0.276460	-0.934062	0.055408	0.000369	0.023077	-0.142960	-0.051099	0.988408	-0.536107	0.843468	-0.033935	-0.831956	-0.534744	-0.147977
30887	9.554527	-0.278964	-0.934755	-0.002697	-0.016399	0.024186	-0.143203	-0.051010	0.988378	-0.536044	0.843500	-0.034133	-0.831956	-0.534701	-0.148135
30888	9.517356	-0.414375	-0.901601	0.042029	-0.029779	0.024845	-0.143569	-0.051001	0.988325	-0.536307	0.843322	-0.034388	-0.831723	-0.534982	-0.148427
30889	9.645061	-0.358773	-0.972681	0.067852	-0.044454	0.025752	-0.144053	-0.051050	0.988252	-0.536827	0.842978	-0.034706	-0.831303	-0.535520	-0.148839
30890	9.764321	-0.279585	-1.215217	0.044193	-0.041069	0.030650	-0.144544	-0.051050	0.988181	-0.537090	0.842798	-0.035022	-0.831049	-0.535804	-0.149240
30891	9.692507	-0.223165	-1.538938	0.038382	-0.043748	0.030375	-0.145047	-0.051056	0.988107	-0.537358	0.842613	-0.035342	-0.830787	-0.536093	-0.149654
30892	9.760548	-0.227373	-1.808220	0.043763	-0.040750	0.032208	-0.145534	-0.051061	0.988035	-0.537728	0.842363	-0.035673	-0.830463	-0.536485	-0.150049
30893	9.801894	-0.320391	-1.930889	0.043949	-0.032766	0.040260	-0.145999	-0.050925	0.987973	-0.538028	0.842154	-0.036099	-0.830187	-0.536827	-0.150353
30894	9.739942	-0.245923	-1.884479	0.052871	-0.024474	0.048130	-0.146445	-0.050690	0.987919	-0.538336	0.841935	-0.036601	-0.829908	-0.537193	-0.150586
30895	9.641222	-0.267768	-1.848741	0.040222	-0.015948	0.048228	-0.146814	-0.050397	0.987879	-0.538593	0.841749	-0.037101	-0.829677	-0.537512	-0.150724
30896	9.570484	-0.352784	-1.735065	0.037825	-0.007502	0.050329	-0.147121	-0.050092	0.987849	-0.538999	0.841467	-0.037604	-0.829358	-0.537982	-0.150797
30897	9.501618	-0.357088	-1.470754	0.054853	-0.017732	0.049833	-0.147513	-0.049795	0.987806	-0.539374	0.841202	-0.038142	-0.829045	-0.538423	-0.150946
30898	9.513523	-0.309928	-1.116956	0.066506	-0.023521	0.048629	-0.147955	-0.049558	0.987752	-0.539825	0.840889	-0.038671	-0.828673	-0.538935	-0.151166
30899	9.553941	-0.179242	-0.876323	0.038781	-0.035172	0.045309	-0.148468	-0.049393	0.987683	-0.540073	0.840708	-0.039140	-0.828419	-0.539232	-0.151494
30900	9.569212	-0.201539	-0.831225	-0.000158	-0.048767	0.040490	-0.149072	-0.049363	0.987593	-0.540000	0.840738	-0.039487	-0.828359	-0.539187	-0.151987
30901	9.582101	-0.304038	-0.937995	-0.010488	-0.062486	0.034121	-0.149750	-0.049440	0.987487	-0.539856	0.840818	-0.039771	-0.828330	-0.539056	-0.152603
30902	9.651963	-0.476971	-1.163230	0.000714	-0.071686	0.033923	-0.150506	-0.049590	0.987364	-0.539813	0.840831	-0.040054	-0.828221	-0.539021	-0.153320
30903	9.559684	-0.703455	-1.405435	0.058948	-0.082128	0.030698	-0.151329	-0.049803	0.987228	-0.540249	0.840535	-0.040410	-0.827787	-0.539464	-0.154103
30904	9.560279	-0.602951	-1.520960	0.125063	-0.087931	0.030943	-0.152196	-0.050098	0.987080	-0.541417	0.839761	-0.040859	-0.826864	-0.540641	-0.154932
30905	9.524185	-0.549865	-1.484338	0.159101	-0.096212	0.029392	-0.153126	-0.050399	0.986921	-0.542681	0.838920	-0.041359	-0.825863	-0.541916	-0.155811
30906	9.524859	-0.382901	-1.261100	0.174223	-0.105730	0.028175	-0.154127	-0.050796	0.986745	-0.544146	0.837946	-0.041858	-0.824712	-0.543385	-0.156790
30907	9.721949	-0.075043	-1.258343	0.086347	-0.103508	0.030380	-0.155122	-0.051132	0.986571	-0.544805	0.837497	-0.042256	-0.824090	-0.544044	-0.157771
30908	9.696830	-0.078920	-1.406490	-0.005646	-0.101527	0.026700	-0.156087	-0.051486	0.986401	-0.544604	0.837618	-0.042457	-0.824041	-0.543825	-0.158781
30909	9.651903	-0.200072	-1.481554	-0.033309	-0.099328	0.027886	-0.157034	-0.051820	0.986233	-0.544280	0.837819	-0.042641	-0.824075	-0.543483	-0.159770
30910	9.722739	-0.308688	-1.736033	-0.117201	-0.089863	0.019835	-0.157859	-0.052198	0.986081	-0.543330	0.838438	-0.042598	-0.824544	-0.542492	-0.160715
30911	9.789277	-0.443663	-2.010987	-0.072796	-0.084456	0.024486	-0.158665	-0.052477	0.985937	-0.542685	0.838851	-0.042684	-0.824814	-0.541826	-0.161575
30912	9.653849	-0.525102	-2.003906	0.005535	-0.075209	0.027104	-0.159412	-0.052699	0.985804	-0.542654	0.838860	-0.042908	-0.824690	-0.541791	-0.162322
30913	9.574486	-0.534741	-1.902451	0.069865	-0.078755	0.031249	-0.160208	-0.052891	0.985665	-0.543174	0.838503	-0.043292	-0.824194	-0.542324	-0.163064
30914	9.686192	-0.342116	-1.959965	0.069908	-0.067604	0.032915	-0.160923	-0.053026	0.985542	-0.543680	0.838155	-0.043678	-0.823721	-0.542848	-0.163707
30915	9.551198	-0.335018	-1.868899	0.048866	-0.062318	0.029101	-0.161570	-0.053148	0.985429	-0.544030	0.837911	-0.044007	-0.823363	-0.543213	-0.164296
30916	9.503477	-0.448665	-1.606892	0.074402	-0.062922	0.035698	-0.162268	-0.053231	0.985310	-0.544544	0.837555	-0.044431	-0.822886	-0.543754	-0.164895
30917	9.622991	-0.341803	-1.466005	0.028671	-0.055130	0.035421	-0.162891	-0.053261	0.985205	-0.544716	0.837424	-0.044790	-0.822649	-0.543953	-0.165421
30918	9.582643	-0.254647	-1.352500	-0.008174	-0.059108	0.024724	-0.163486	-0.053441	0.985097	-0.544704	0.837422	-0.044969	-0.822539	-0.543938	-0.166016
30919	9.555691	-0.361492	-1.387726	-0.037314	-0.061256	0.025421	-0.164105	-0.053589	0.984986	-0.544350	0.837644	-0.045119	-0.822650	-0.543581	-0.166632
30920	9.577743	-0.521316	-1.276637	-0.057368	-0.066115	0.021589	-0.164738	-0.053845	0.984867	-0.544001	0.837867	-0.045186	-0.822754	-0.543213	-0.167320
30921	9.629764	-0.462185	-1.401534	-0.087364	-0.073850	0.011598	-0.165385	-0.054176	0.984740	-0.543258	0.838353	-0.045116	-0.823115	-0.542429	-0.168082
30922	9.786726	-0.260039	-1.619517	-0.072250	-0.068566	0.012594	-0.166002	-0.054478	0.984620	-0.542584	0.838791	-0.045068	-0.823435	-0.541720	-0.168799
30923	9.889252	-0.120591	-2.085932	-0.172941	-0.059231	0.010792	-0.166524	-0.054735	0.984517	-0.541136	0.839739	-0.044844	-0.824282	-0.540225	-0.169456
30924	9.748685	-0.391597	-2.450463	-0.139196	-0.046047	0.016100	-0.166972	-0.054891	0.984432	-0.539937	0.840517	-0.044714	-0.824978	-0.538998	-0.169981
30925	9.706218	-0.423408	-2.403757	-0.073443	-0.029436	0.020834	-0.167304	-0.054902	0.984376	-0.539291	0.840929	-0.044756	-0.825333	-0.538353	-0.170299
30926	9.571371	-0.630010	-2.425252	-0.043349	-0.017864	0.020785	-0.167542	-0.054869	0.984337	-0.538890	0.841182	-0.044834	-0.825546	-0.537961	-0.170502
30927	9.432250	-0.567986	-2.111263	0.049574	-0.010647	0.024637	-0.167739	-0.054747	0.984310	-0.539253	0.840934	-0.045124	-0.825270	-0.538361	-0.170580
30928	9.333893	-0.579430	-1.739407	0.064315	-0.009829	0.028777	-0.167959	-0.054597	0.984281	-0.539693	0.840634	-0.045464	-0.824937	-0.538845	-0.170658
30929	9.376982	-0.547465	-1.424159	0.068574	-0.017922	0.025075	-0.168218	-0.054510	0.984241	-0.540210	0.840283	-0.045791	-0.824546	-0.539400	-0.170798
30930	9.521466	-0.435870	-1.175899	0.039784	-0.023008	0.021533	-0.168505	-0.054503	0.984193	-0.540512	0.840077	-0.046019	-0.824289	-0.539723	-0.171017
30931	9.670050	-0.267004	-1.287909	-0.027403	-0.027892	0.005784	-0.168743	-0.054633	0.984145	-0.540271	0.840233	-0.045992	-0.824399	-0.539466	-0.171300
30932	9.733537	-0.342635	-1.462966	-0.052599	-0.035111	0.007100	-0.169052	-0.054807	0.984082	-0.539813	0.840531	-0.045921	-0.824635	-0.538984	-0.171679
30933	9.643650	-0.452789	-1.562680	-0.016373	-0.039942	0.013356	-0.169430	-0.054937	0.984010	-0.539650	0.840632	-0.045986	-0.824664	-0.538813	-0.172075
30934	9.727327	-0.342566	-1.871718	-0.021154	-0.037897	0.015363	-0.169812	-0.055040	0.983938	-0.539354	0.840819	-0.046050	-0.824779	-0.538511	-0.172468
30935	9.609568	-0.484687	-2.095729	-0.010186	-0.032854	0.010428	-0.170116	-0.055157	0.983879	-0.539247	0.840885	-0.046097	-0.824787	-0.538396	-0.172791
30936	9.452515	-0.620634	-1.948888	0.056092	-0.037283	0.014852	-0.170486	-0.055275	0.983809	-0.539660	0.840609	-0.046289	-0.824440	-0.538814	-0.173142
30937	9.548675	-0.549599	-1.896187	0.060502	-0.027876	0.016142	-0.170779	-0.055317	0.983755	-0.540126	0.840298	-0.046515	-0.824074	-0.539296	-0.173384
30938	9.521564	-0.471316	-1.798504	0.065804	-0.031282	0.014641	-0.171091	-0.055436	0.983694	-0.540775	0.839869	-0.046724	-0.823584	-0.539951	-0.173673
30939	9.477172	-0.479017	-1.641650	0.047635	-0.032045	0.009894	-0.171385	-0.055554	0.983637	-0.541144	0.839623	-0.046867	-0.823280	-0.540322	-0.173961
30940	9.535236	-0.502308	-1.599263	0.023129	-0.030381	0.005018	-0.171638	-0.055747	0.983581	-0.541448	0.839425	-0.046908	-0.823028	-0.540609	-0.174262
30941	9.735910	-0.413768	-1.674630	-0.003351	-0.028016	-0.000425	-0.171843	-0.055929	0.983535	-0.541416	0.839448	-0.046860	-0.823006	-0.540554	-0.174534
30942	9.910080	-0.429112	-1.778638	-0.050377	-0.006995	0.003892	-0.171899	-0.056004	0.983521	-0.541108	0.839652	-0.046762	-0.823197	-0.540229	-0.174640
30943	9.745442	-0.556494	-2.063980	-0.069979	-0.001000	0.000262	-0.171885	-0.056035	0.983522	-0.540526	0.840036	-0.046605	-0.823582	-0.539630	-0.174678
30944	9.676972	-0.493849	-2.102961	0.029078	0.001933	0.009803	-0.171900	-0.055994	0.983522	-0.540775	0.839870	-0.046701	-0.823415	-0.539892	-0.174654
30945	9.713136	-0.231639	-2.139165	0.007186	0.011615	0.009875	-0.171834	-0.055875	0.983540	-0.540812	0.839842	-0.046773	-0.823405	-0.539947	-0.174532
30946	9.690001	-0.237220	-2.240917	-0.013128	0.028332	0.013254	-0.171649	-0.055670	0.983584	-0.540742	0.839884	-0.046830	-0.823489	-0.539904	-0.174268
30947	9.456157	-0.409778	-1.964422	-0.027123	0.038911	0.016189	-0.171393	-0.055351	0.983647	-0.540486	0.840045	-0.046905	-0.823711	-0.539686	-0.173894
30948	9.455177	-0.642454	-1.887570	0.012573	0.030459	0.011846	-0.171191	-0.055124	0.983695	-0.540515	0.840021	-0.046992	-0.823734	-0.539746	-0.173599
30949	9.377257	-0.615390	-1.333559	0.068689	0.028797	0.017042	-0.171022	-0.054853	0.983739	-0.541046	0.839665	-0.047241	-0.823420	-0.540327	-0.173279
30950	9.477775	-0.421257	-1.207088	0.019719	0.019971	0.007659	-0.170887	-0.054706	0.983771	-0.541089	0.839634	-0.047300	-0.823420	-0.540391	-0.173084
30951	9.639776	-0.333462	-1.240248	-0.022821	0.011375	0.001106	-0.170776	-0.054662	0.983792	-0.540894	0.839763	-0.047234	-0.823571	-0.540194	-0.172978
30952	9.822682	-0.235518	-1.204441	-0.095716	0.009087	0.001209	-0.170692	-0.054638	0.983808	-0.540047	0.840320	-0.047030	-0.824144	-0.539331	-0.172943
30953	9.738496	-0.255174	-1.672940	-0.177202	-0.001743	-0.008093	-0.170639	-0.054743	0.983812	-0.538594	0.841275	-0.046606	-0.825105	-0.537828	-0.173039
30954	9.667175	-0.554430	-2.007308	-0.156089	-0.003359	-0.003881	-0.170624	-0.054850	0.983808	-0.537360	0.842084	-0.046247	-0.825913	-0.536550	-0.173154
30955	9.692288	-0.722127	-2.190911	-0.123314	0.004000	0.001339	-0.170575	-0.054844	0.983817	-0.536333	0.842751	-0.046009	-0.826590	-0.535502	-0.173167
30956	9.641003	-0.919013	-2.407178	-0.023749	0.009356	0.001581	-0.170489	-0.054823	0.983833	-0.536111	0.842897	-0.045934	-0.826751	-0.535275	-0.173096
30957	9.550639	-0.706491	-2.037471	0.115068	0.010266	-0.000290	-0.170379	-0.054798	0.983854	-0.537057	0.842285	-0.046092	-0.826160	-0.536239	-0.172938
30958	9.396875	-0.463218	-1.780734	0.132148	0.014804	0.001283	-0.170249	-0.054748	0.983879	-0.538118	0.841597	-0.046284	-0.825496	-0.537323	-0.172742
30959	9.295268	-0.300613	-1.487227	0.130684	0.006741	0.000034	-0.170170	-0.054739	0.983893	-0.539191	0.840900	-0.046473	-0.824812	-0.538415	-0.172611
30960	9.440546	-0.351257	-1.224088	0.067998	0.001670	-0.000741	-0.170134	-0.054799	0.983896	-0.539832	0.840485	-0.046536	-0.824400	-0.539056	-0.172578
30961	9.594289	-0.376244	-1.395580	0.017350	-0.005870	-0.003832	-0.170139	-0.054890	0.983890	-0.539976	0.840395	-0.046491	-0.824305	-0.539187	-0.172623
30962	9.358550	-0.333932	-1.373916	0.006892	-0.012266	0.001628	-0.170227	-0.054990	0.983869	-0.540040	0.840356	-0.046468	-0.824245	-0.539239	-0.172748
30963	9.622631	-0.262177	-1.524268	-0.035782	-0.019965	0.003535	-0.170387	-0.055095	0.983836	-0.539733	0.840556	-0.046404	-0.824413	-0.538916	-0.172957
30964	9.846663	-0.176014	-1.827397	-0.091069	-0.015370	0.006299	-0.170532	-0.055155	0.983807	-0.538898	0.841100	-0.046257	-0.824929	-0.538060	-0.173157
30965	9.878221	-0.323938	-1.956502	-0.072887	-0.014614	0.011035	-0.170688	-0.055169	0.983779	-0.538273	0.841503	-0.046202	-0.825305	-0.537428	-0.173330
30966	9.848932	-0.646140	-2.104726	-0.024264	-0.006546	0.024143	-0.170853	-0.055051	0.983757	-0.538055	0.841634	-0.046348	-0.825413	-0.537234	-0.173416
30967	9.664180	-0.415488	-2.199334	0.081096	-0.002433	0.034534	-0.171035	-0.054801	0.983740	-0.538660	0.841223	-0.046791	-0.824980	-0.537904	-0.173398
30968	9.576177	-0.033723	-2.000126	0.133134	-0.001828	0.047072	-0.171290	-0.054451	0.983715	-0.539627	0.840567	-0.047435	-0.824295	-0.538964	-0.173364
30969	9.654773	0.040721	-1.837229	0.097275	0.006150	0.060991	-0.171545	-0.053933	0.983699	-0.540318	0.840081	-0.048166	-0.823789	-0.539773	-0.173253
30970	9.691350	-0.081036	-1.610141	0.064970	0.004583	0.078610	-0.171920	-0.053272	0.983669	-0.540608	0.839846	-0.049001	-0.823521	-0.540204	-0.173186
30971	9.532076	-0.218965	-1.493453	0.076664	0.001251	0.090511	-0.172376	-0.052533	0.983629	-0.541078	0.839485	-0.049986	-0.823117	-0.540837	-0.173132
30972	9.581564	-0.387426	-1.727658	0.100401	-0.008264	0.099473	-0.172962	-0.051788	0.983566	-0.541723	0.839003	-0.051087	-0.822569	-0.541657	-0.173170
30973	9.556725	-0.250505	-1.689121	0.183606	-0.010087	0.111114	-0.173624	-0.050938	0.983494	-0.543035	0.838070	-0.052460	-0.821564	-0.543180	-0.173170
30974	9.536438	-0.028339	-1.536058	0.173146	-0.023824	0.115368	-0.174428	-0.050122	0.983393	-0.544131	0.837271	-0.053840	-0.820669	-0.544486	-0.173316
30975	9.675112	0.122459	-1.440027	0.119863	-0.028208	0.119705	-0.175287	-0.049301	0.983282	-0.544899	0.836683	-0.055187	-0.819975	-0.545463	-0.173524
30976	9.603475	0.119515	-1.122590	0.047798	-0.032032	0.129443	-0.176238	-0.048425	0.983156	-0.544995	0.836534	-0.056491	-0.819708	-0.545771	-0.173821
30977	9.505505	-0.061762	-1.227941	-0.027867	-0.042147	0.135365	-0.177297	-0.047550	0.983008	-0.544522	0.836757	-0.057735	-0.819794	-0.545506	-0.174247
30978	9.454327	-0.173522	-1.032792	-0.029037	-0.066520	0.143006	-0.178601	-0.046756	0.982810	-0.543993	0.837010	-0.059038	-0.819862	-0.545186	-0.174926
30979	9.592670	-0.010578	-1.132049	-0.083114	-0.083317	0.153093	-0.180093	-0.045955	0.982576	-0.543032	0.837540	-0.060359	-0.820173	-0.544440	-0.175790
30980	9.762636	0.069785	-1.420176	-0.120449	-0.095193	0.155681	-0.181698	-0.045213	0.982314	-0.541752	0.838277	-0.061624	-0.820665	-0.543367	-0.176808
30981	9.874318	0.063908	-1.611463	-0.122621	-0.100001	0.170782	-0.183420	-0.044351	0.982034	-0.540428	0.839025	-0.063046	-0.821154	-0.542283	-0.177862
30982	10.081638	-0.157253	-1.890616	-0.117719	-0.090108	0.189359	-0.185158	-0.043303	0.981754	-0.539136	0.839734	-0.064642	-0.821614	-0.541268	-0.178830
30983	9.969400	-0.202085	-1.981991	-0.049053	-0.082157	0.208890	-0.186935	-0.042020	0.981473	-0.538340	0.840095	-0.066567	-0.821733	-0.540809	-0.179664
30984	9.977911	-0.351020	-1.710655	0.010724	-0.072485	0.235063	-0.188768	-0.040520	0.981185	-0.538139	0.840040	-0.068840	-0.821445	-0.541009	-0.180379
30985	9.827355	-0.337821	-1.212735	0.039351	-0.080682	0.252868	-0.190768	-0.038860	0.980866	-0.537978	0.839933	-0.071354	-0.821089	-0.541296	-0.181138
30986	9.685491	-0.266260	-0.708517	0.065002	-0.098524	0.260961	-0.192958	-0.037259	0.980499	-0.538047	0.839662	-0.073978	-0.820532	-0.541830	-0.182066
30987	9.626758	-0.086581	0.062685	0.006132	-0.147440	0.268379	-0.195587	-0.035832	0.980031	-0.537572	0.839733	-0.076583	-0.820221	-0.541816	-0.183503
30988	9.569412	-0.093195	0.611567	-0.091040	-0.211796	0.272675	-0.198762	-0.034744	0.979432	-0.536326	0.840303	-0.079031	-0.820273	-0.541003	-0.185655
30989	9.439342	-0.340254	1.284936	-0.192244	-0.286653	0.276139	-0.202569	-0.033998	0.978678	-0.534190	0.841442	-0.081338	-0.820735	-0.539277	-0.188612
30990	9.393613	-0.341281	1.575757	-0.255323	-0.372019	0.266341	-0.207017	-0.033789	0.977754	-0.531494	0.842946	-0.083401	-0.821376	-0.536936	-0.192463
30991	9.356190	-0.159794	1.533754	-0.307999	-0.468830	0.244177	-0.212140	-0.034267	0.976638	-0.528447	0.844685	-0.085149	-0.822034	-0.534166	-0.197300
30992	9.635039	-0.581085	1.454537	-0.438464	-0.568404	0.227595	-0.217983	-0.035412	0.975310	-0.524356	0.847101	-0.086437	-0.823125	-0.530251	-0.203222
30993	9.801761	-1.761093	1.079529	-0.458970	-0.679779	0.196660	-0.224585	-0.037362	0.973738	-0.520137	0.849602	-0.087367	-0.824026	-0.526099	-0.210241
30994	10.323435	-2.523561	1.042535	-0.260773	-0.789684	0.182536	-0.232004	-0.039981	0.971893	-0.517523	0.851077	-0.088529	-0.823616	-0.523516	-0.218144
30995	10.610136	-2.703079	0.665199	-0.153387	-0.877970	0.169788	-0.240084	-0.043152	0.969793	-0.515857	0.851955	-0.089798	-0.822345	-0.521833	-0.226801
30996	10.913243	-2.370839	0.707386	0.096401	-0.969420	0.137796	-0.248717	-0.047089	0.967431	-0.516361	0.851490	-0.091306	-0.819458	-0.522253	-0.236094
30997	10.979469	-1.700497	0.908977	0.047212	-1.056370	0.080312	-0.257750	-0.051949	0.964814	-0.516541	0.851288	-0.092158	-0.816547	-0.522120	-0.246253
30998	10.456962	-2.655538	0.699233	0.169438	-1.173514	0.062817	-0.267592	-0.057583	0.961810	-0.517774	0.850432	-0.093139	-0.812591	-0.522923	-0.257384
30999	10.344490	-2.474560	1.048208	0.342962	-1.299372	0.040620	-0.278305	-0.064074	0.958353	-0.520439	0.848665	-0.094395	-0.807273	-0.525035	-0.269534
31000	10.446387	-1.667302	1.200802	0.452632	-1.413733	0.012124	-0.289696	-0.071448	0.954448	-0.524068	0.846281	-0.095715	-0.800893	-0.527924	-0.282607
31001	11.002078	-0.774184	1.456341	0.333711	-1.525849	-0.026845	-0.301705	-0.079770	0.950058	-0.526809	0.844501	-0.096388	-0.794636	-0.529580	-0.296814
31002	11.939429	-0.681089	1.075838	0.130281	-1.625379	-0.064055	-0.314181	-0.088989	0.945183	-0.528167	0.843681	-0.096132	-0.788879	-0.529418	-0.312070
31003	12.868863	-0.963398	0.652828	-0.005768	-1.694159	-0.075215	-0.327080	-0.098606	0.939838	-0.528364	0.843645	-0.095366	-0.783486	-0.527769	-0.328040
31004	13.278389	-1.355844	0.276257	-0.113228	-1.759093	-0.072585	-0.340371	-0.108553	0.934004	-0.527857	0.844087	-0.094260	-0.778148	-0.525103	-0.344603
31005	13.892853	-1.902897	-0.596260	-0.107458	-1.794644	-0.046780	-0.354016	-0.118373	0.927718	-0.527188	0.844600	-0.093407	-0.772493	-0.522149	-0.361407
31006	14.170302	-2.564650	-0.682166	0.049847	-1.804784	-0.055734	-0.367540	-0.128365	0.921107	-0.527984	0.844143	-0.093037	-0.765603	-0.520525	-0.378030
31007	13.185302	-2.115559	-0.820178	0.153964	-1.830409	-0.068796	-0.381097	-0.138490	0.914104	-0.529418	0.843253	-0.092963	-0.757946	-0.519370	-0.394680
31008	12.377326	-1.076808	-2.175904	-0.050753	-1.840260	-0.092543	-0.394422	-0.148902	0.906785	-0.529576	0.843272	-0.091876	-0.750986	-0.516450	-0.411460
31009	12.023942	-0.281573	-3.559706	-0.187750	-1.794036	-0.119408	-0.407186	-0.159163	0.899370	-0.528655	0.844055	-0.089972	-0.744798	-0.512092	-0.427830
31010	11.646266	-0.243942	-5.322172	-0.414598	-1.686198	-0.149555	-0.418843	-0.169098	0.892175	-0.526344	0.845832	-0.086784	-0.739955	-0.505939	-0.443274
31011	11.143783	-0.093427	-6.437784	-0.377148	-1.550990	-0.226548	-0.429071	-0.178846	0.885388	-0.524527	0.847335	-0.083034	-0.735370	-0.500037	-0.457376
31012	10.843980	0.433726	-6.518256	-0.177257	-1.370804	-0.344208	-0.437231	-0.188725	0.879325	-0.524935	0.847456	-0.079131	-0.730255	-0.496186	-0.469603
31013	10.365080	1.176753	-5.893003	0.037474	-1.167264	-0.454690	-0.443310	-0.198384	0.874140	-0.527215	0.846390	-0.075284	-0.724928	-0.494234	-0.479804
31014	9.357566	1.479133	-6.132899	-0.006683	-0.933497	-0.441707	-0.447661	-0.206770	0.869969	-0.529190	0.845498	-0.071353	-0.720803	-0.492321	-0.487917
31015	8.003453	1.454334	-6.781646	-0.019579	-0.733077	-0.398373	-0.450799	-0.213767	0.866651	-0.530846	0.844755	-0.067760	-0.717623	-0.490604	-0.494293
31016	7.135335	1.139229	-7.459938	-0.062634	-0.550974	-0.351289	-0.452824	-0.219453	0.864170	-0.531996	0.844297	-0.064359	-0.715493	-0.488879	-0.499067
31017	6.173915	0.804898	-8.398484	-0.006544	-0.401628	-0.333728	-0.453894	-0.224259	0.862374	-0.533469	0.843588	-0.061407	-0.713717	-0.487922	-0.502534
31018	5.286601	0.512594	-8.826826	0.195797	-0.281646	-0.325041	-0.454107	-0.228387	0.861177	-0.536335	0.841902	-0.059539	-0.711429	-0.488917	-0.504806
31019	4.338688	-0.310500	-8.464837	0.425762	-0.180023	-0.335041	-0.453557	-0.232114	0.860470	-0.540885	0.839041	-0.058769	-0.708329	-0.492071	-0.506100
31020	4.685352	-0.587333	-7.287844	0.788168	-0.083305	-0.335532	-0.452266	-0.235354	0.860270	-0.547967	0.834359	-0.059815	-0.703696	-0.498452	-0.506318
31021	5.475342	1.189535	-5.491714	1.122732	0.092271	-0.308522	-0.449891	-0.237481	0.860930	-0.557234	0.827978	-0.062799	-0.697917	-0.507992	-0.504832
31022	5.454887	3.240409	-4.433331	0.820045	0.226915	-0.275221	-0.446717	-0.238614	0.862269	-0.564173	0.823133	-0.064497	-0.694372	-0.515281	-0.502327
31023	5.176647	4.185255	-4.122104	0.290902	0.445689	-0.266763	-0.442088	-0.238530	0.864674	-0.567386	0.820992	-0.063612	-0.694717	-0.518726	-0.498289
31024	4.485606	4.040660	-3.265786	-0.324666	0.743073	-0.324228	-0.435016	-0.237369	0.868572	-0.566538	0.821912	-0.059128	-0.699855	-0.517800	-0.492023
31025	4.247085	4.578429	-2.462294	-1.144579	1.004856	-0.403607	-0.425631	-0.235555	0.873700	-0.560208	0.826842	-0.049989	-0.710637	-0.510731	-0.483890
31026	4.880751	4.447794	-2.987195	-2.044722	1.257347	-0.460213	-0.413987	-0.233077	0.879937	-0.547425	0.836076	-0.036090	-0.727283	-0.496640	-0.473717
31027	5.569304	3.708049	-4.264610	-2.684160	1.511999	-0.436860	-0.400459	-0.229419	0.887130	-0.529409	0.848139	-0.019645	-0.747903	-0.477521	-0.461101
31028	5.981317	2.962748	-4.834079	-2.953601	1.751029	-0.397060	-0.385049	-0.224673	0.895131	-0.508528	0.861042	-0.002631	-0.770154	-0.456212	-0.445795
31029	6.414848	1.886698	-4.981060	-3.238583	1.948978	-0.332270	-0.368137	-0.218925	0.903630	-0.484457	0.874694	0.014548	-0.793584	-0.432415	-0.428067
31030	6.903591	0.036539	-4.885067	-3.305499	2.055846	-0.227207	-0.350459	-0.212332	0.912191	-0.458633	0.888102	0.030521	-0.816599	-0.407665	-0.408626
31031	7.645603	-2.525696	-5.006119	-2.845337	2.099474	-0.086062	-0.332699	-0.204793	0.920528	-0.435407	0.899221	0.042687	-0.836500	-0.386602	-0.388338
31032	8.046000	-4.154732	-5.033896	-1.791257	2.096203	0.080613	-0.315302	-0.196123	0.928504	-0.419998	0.906213	0.048791	-0.850991	-0.374586	-0.368102
31033	7.704191	-3.567924	-4.791134	-0.607829	2.098889	0.203055	-0.298174	-0.186464	0.936121	-0.414174	0.908872	0.049114	-0.859972	-0.373073	-0.348230
31034	7.526771	-1.717223	-4.612890	0.200886	2.098927	0.232603	-0.280989	-0.176504	0.943341	-0.415212	0.908545	0.046316	-0.865242	-0.378672	-0.328577
31035	7.871774	-0.198422	-4.373922	0.726136	2.144465	0.210271	-0.263263	-0.166396	0.950266	-0.420931	0.906117	0.042050	-0.868049	-0.388926	-0.308588
31036	7.984597	0.232672	-3.843784	1.056769	2.230770	0.131371	-0.244391	-0.156426	0.956976	-0.429750	0.902160	0.037717	-0.869246	-0.402043	-0.287704
31037	7.907044	0.401150	-3.573238	1.196408	2.300974	0.012549	-0.224422	-0.146928	0.963352	-0.440118	0.897284	0.034322	-0.869443	-0.416286	-0.266035
31038	8.010512	0.441228	-3.683270	1.299678	2.352184	-0.090076	-0.203528	-0.137812	0.969321	-0.451585	0.891656	0.031951	-0.868705	-0.431228	-0.243711
31039	8.368593	0.525112	-3.222365	1.419730	2.352982	-0.171885	-0.182302	-0.129037	0.974739	-0.464231	0.885194	0.030359	-0.866750	-0.446970	-0.221275
31040	9.268592	0.459737	-2.999503	1.522136	2.316909	-0.205583	-0.161240	-0.120342	0.979551	-0.477721	0.878025	0.029233	-0.863588	-0.463238	-0.199062
31041	9.861198	0.540280	-2.256018	1.636020	2.256381	-0.205108	-0.140787	-0.111520	0.983739	-0.492117	0.870072	0.028205	-0.859069	-0.480143	-0.177376
31042	10.290222	1.068695	-2.059087	1.606584	2.153982	-0.189422	-0.121333	-0.102694	0.987285	-0.506098	0.862038	0.027469	-0.853899	-0.496330	-0.156567
31043	10.644201	2.076881	-1.818021	1.506840	2.059454	-0.104680	-0.103243	-0.093244	0.990276	-0.519035	0.854347	0.026332	-0.848495	-0.511269	-0.136602
31044	10.579656	2.735022	-1.027033	1.167434	1.987029	-0.032732	-0.086187	-0.083301	0.992790	-0.528917	0.848297	0.025261	-0.844286	-0.522927	-0.117171
31045	10.305268	2.098477	-1.146985	0.495572	1.882863	-0.000308	-0.070276	-0.073432	0.994821	-0.533090	0.845696	0.024766	-0.843135	-0.528589	-0.098577
31046	10.176107	0.874691	-1.342002	0.081029	1.753583	0.023087	-0.055539	-0.063994	0.996404	-0.533710	0.845311	0.024541	-0.843842	-0.530428	-0.081102
31047	9.401544	-0.056483	-1.623621	-0.099031	1.603114	0.029924	-0.042137	-0.055264	0.997582	-0.532849	0.845860	0.024352	-0.845160	-0.530535	-0.065089
31048	8.568054	-0.408254	-1.949511	-0.111195	1.406410	0.021027	-0.030286	-0.047672	0.998404	-0.531850	0.846490	0.024285	-0.846297	-0.530265	-0.050991
31049	8.267522	0.243489	-2.679506	-0.102718	1.220263	0.033655	-0.020109	-0.040946	0.998959	-0.530961	0.847056	0.024032	-0.847158	-0.529925	-0.038774
31050	7.541556	1.221359	-3.702014	-0.215429	1.082910	0.080072	-0.011296	-0.034584	0.999338	-0.529073	0.848254	0.023376	-0.848501	-0.528459	-0.027879
31051	6.939509	1.566576	-3.841920	-0.347661	0.901410	0.082398	-0.004050	-0.029161	0.999567	-0.526102	0.850119	0.022669	-0.850412	-0.525782	-0.018785
31052	6.866040	1.033384	-4.312941	-0.546421	0.755158	0.028635	0.002288	-0.025018	0.999684	-0.521398	0.853016	0.022541	-0.853311	-0.521285	-0.011093
31053	7.001106	0.587868	-4.716744	-0.605014	0.610938	-0.032404	0.007701	-0.022154	0.999725	-0.516212	0.856153	0.022949	-0.856426	-0.516247	-0.004842
31054	7.662205	0.189389	-4.479716	-0.480170	0.529223	-0.132904	0.012966	-0.020633	0.999703	-0.512037	0.858618	0.024362	-0.858865	-0.512201	0.000568
31055	8.132627	0.078654	-3.330279	-0.255355	0.505988	-0.332119	0.019035	-0.020928	0.999600	-0.509777	0.859860	0.027710	-0.860096	-0.510100	0.005698
31056	6.590284	0.584230	-3.788983	-0.298405	0.299642	-0.302508	0.023189	-0.022074	0.999487	-0.507110	0.861331	0.030788	-0.861569	-0.507564	0.008779
31057	8.143507	-0.044300	-1.458486	-0.047795	0.218378	-0.179040	0.026001	-0.022537	0.999408	-0.506642	0.861540	0.032609	-0.861765	-0.507190	0.010982
31058	12.121174	-4.320312	2.428637	-0.808148	0.097511	0.045348	0.026647	-0.021719	0.999409	-0.499626	0.865645	0.032134	-0.865831	-0.500187	0.012215
31059	19.760602	-9.451931	3.544085	-0.971608	0.218945	0.688259	0.025160	-0.014687	0.999576	-0.491356	0.870596	0.025159	-0.870596	-0.491780	0.014687
31060	17.263582	-5.187503	7.360763	-1.135472	0.432686	1.032995	0.023943	-0.003618	0.999707	-0.481677	0.876225	0.014708	-0.876022	-0.481888	0.019237
31061	12.664681	-2.544369	5.732664	-2.318474	0.296155	0.769583	0.022946	0.004535	0.999726	-0.461407	0.887164	0.006566	-0.886892	-0.461432	0.022450
31062	9.723854	-4.613737	2.578575	-3.240030	-0.088729	0.320847	0.020751	0.006960	0.999760	-0.432486	0.901637	0.002700	-0.901402	-0.432438	0.021720
31063	9.504807	-6.222740	0.242054	-3.564643	-0.549759	-0.109407	0.016229	0.003646	0.999862	-0.400051	0.916488	0.003151	-0.916349	-0.400046	0.016332
31064	11.942529	-6.817812	-0.900834	-2.834085	-0.833593	-0.340037	0.009897	-0.002749	0.999947	-0.373838	0.927473	0.006250	-0.927441	-0.373881	0.008152
31065	12.152809	-4.340825	-1.720245	-1.782299	-0.766117	-0.293938	0.003859	-0.008317	0.999958	-0.357216	0.933977	0.009147	-0.934014	-0.357237	0.000633
31066	9.203706	-1.760184	-2.237891	-1.146523	-0.591835	-0.205746	-0.000947	-0.012362	0.999923	-0.346480	0.937990	0.011269	-0.938057	-0.346442	-0.005172
31067	7.852401	-0.812208	-2.381356	-0.678661	-0.562318	-0.254401	-0.005338	-0.016713	0.999846	-0.340101	0.940286	0.013902	-0.940374	-0.339974	-0.010703
31068	8.474207	-0.252937	-3.489527	-0.067301	-0.524392	-0.357293	-0.009045	-0.021893	0.999719	-0.339498	0.940444	0.017523	-0.940563	-0.339244	-0.015939
31069	9.051995	0.747798	-3.612206	0.894538	-0.432283	-0.391759	-0.011741	-0.027087	0.999564	-0.347926	0.937280	0.021313	-0.937448	-0.347524	-0.020429
31070	9.404597	2.816225	-2.876020	1.657608	-0.352032	-0.338339	-0.013823	-0.031522	0.999407	-0.363423	0.931306	0.024347	-0.931522	-0.362871	-0.024329
31071	10.290115	4.515479	-1.447444	1.924167	-0.301656	-0.264683	-0.015619	-0.035130	0.999261	-0.381305	0.924069	0.026527	-0.924317	-0.380609	-0.027828
31072	11.938670	5.739405	-0.447810	1.340683	-0.237969	-0.200386	-0.017035	-0.037947	0.999135	-0.393713	0.918801	0.028183	-0.919075	-0.392892	-0.030592
31073	11.867695	5.643013	0.104765	-0.032209	-0.166393	-0.091736	-0.018185	-0.039474	0.999055	-0.393421	0.918896	0.029146	-0.919178	-0.392520	-0.032240
31074	10.328827	1.960582	-0.633785	-1.601342	-0.154957	-0.018139	-0.019529	-0.040282	0.998997	-0.378631	0.925065	0.029899	-0.925342	-0.377668	-0.033318
31075	9.439768	-2.824623	-2.131605	-2.340627	-0.135092	-0.048558	-0.020589	-0.041261	0.998936	-0.356869	0.933633	0.031208	-0.933928	-0.355846	-0.033947
31076	9.009193	-6.031782	-2.785526	-2.127365	-0.117981	-0.143169	-0.021203	-0.043053	0.998848	-0.336928	0.940938	0.033404	-0.941292	-0.335832	-0.034456
31077	9.462900	-6.295561	-2.365417	-1.155587	-0.088605	-0.188600	-0.021397	-0.045156	0.998751	-0.326057	0.944675	0.035725	-0.945108	-0.324885	-0.034936
31078	9.378388	-3.702290	-1.502408	-0.022978	-0.036777	-0.212502	-0.021065	-0.047315	0.998658	-0.325863	0.944658	0.037883	-0.945182	-0.324627	-0.035317
31079	9.004046	1.171624	-0.038065	0.656360	-0.049760	-0.268715	-0.020634	-0.050045	0.998534	-0.332103	0.942379	0.040368	-0.943017	-0.330783	-0.036066
31080	10.052020	4.308960	0.099448	0.534092	-0.087524	-0.296786	-0.020489	-0.053162	0.998376	-0.337181	0.940450	0.043157	-0.941217	-0.335749	-0.037194
31081	10.877731	4.639838	0.200574	0.079021	-0.038092	-0.218434	-0.020093	-0.055375	0.998263	-0.337957	0.940069	0.045345	-0.940947	-0.336459	-0.037603
31082	10.392352	2.689875	-0.525567	-0.235760	0.002487	-0.105595	-0.019721	-0.056404	0.998213	-0.335761	0.940798	0.046527	-0.941741	-0.334243	-0.037492
31083	9.859601	0.959723	-1.147851	-0.095499	-0.002894	-0.051257	-0.019560	-0.056928	0.998187	-0.334859	0.941090	0.047110	-0.942065	-0.333330	-0.037471
31084	10.147470	-0.012995	-1.995511	0.070132	0.022602	-0.048602	-0.019185	-0.057349	0.998170	-0.335502	0.940836	0.047607	-0.941844	-0.333974	-0.037291
31085	10.023051	-0.085947	-1.735136	0.028182	-0.021488	-0.079698	-0.019103	-0.058203	0.998122	-0.335770	0.940698	0.048428	-0.941750	-0.334215	-0.037513
31086	10.257088	-0.496270	-1.484119	-0.234274	-0.040071	-0.125771	-0.019063	-0.059565	0.998042	-0.333583	0.941404	0.049814	-0.942528	-0.331980	-0.037816
31087	10.050975	-1.132103	-0.884598	-0.356671	-0.060652	-0.150035	-0.019120	-0.061211	0.997942	-0.330235	0.942494	0.051483	-0.943705	-0.328571	-0.038234
31088	9.523553	-0.995229	0.167742	-0.311343	-0.107449	-0.180691	-0.019547	-0.063312	0.997802	-0.327339	0.943394	0.053447	-0.944705	-0.325575	-0.039165
31089	9.201268	-0.855568	1.062083	-0.091563	-0.167932	-0.205912	-0.020444	-0.065833	0.997621	-0.326503	0.943561	0.055575	-0.944975	-0.324590	-0.040785
31090	9.337430	0.119440	1.394098	0.223616	-0.203365	-0.216314	-0.021670	-0.068583	0.997410	-0.328690	0.942675	0.057678	-0.944189	-0.326588	-0.042970
31091	9.666346	1.446262	0.544046	0.402121	-0.222152	-0.221571	-0.023017	-0.071431	0.997180	-0.332521	0.941201	0.059746	-0.942815	-0.330208	-0.045416
31092	10.157062	2.134505	-0.671997	0.449643	-0.215381	-0.189908	-0.024418	-0.073962	0.996962	-0.336757	0.939584	0.061457	-0.941275	-0.334233	-0.047850
31093	10.722800	2.135130	-1.502591	0.401843	-0.169511	-0.119922	-0.025589	-0.075689	0.996803	-0.340555	0.938146	0.062493	-0.939876	-0.337867	-0.049783
31094	10.475240	2.019271	-1.412379	0.393477	-0.125434	-0.032283	-0.026661	-0.076480	0.996715	-0.344340	0.936751	0.062668	-0.938466	-0.341538	-0.051310
31095	10.132842	2.606687	-1.047817	0.224782	-0.053201	0.038350	-0.027275	-0.076335	0.996709	-0.346427	0.936012	0.062206	-0.937681	-0.343590	-0.051974
31096	9.431665	2.263304	-0.719238	-0.093192	-0.016185	0.070887	-0.027666	-0.075782	0.996741	-0.345570	0.936369	0.061601	-0.937985	-0.342739	-0.052093
31097	9.429900	1.095927	-0.548044	-0.311290	-0.039903	0.076231	-0.028285	-0.075236	0.996764	-0.342615	0.937491	0.061040	-0.939050	-0.339780	-0.052294
31098	9.636156	0.035168	-0.245671	-0.257038	-0.073403	0.055636	-0.029154	-0.075012	0.996756	-0.340188	0.938398	0.060670	-0.939906	-0.337315	-0.052877
31099	9.599499	-0.228394	-0.022216	-0.044925	-0.111298	0.030362	-0.030287	-0.075134	0.996713	-0.339744	0.938575	0.060428	-0.940030	-0.336798	-0.053953
31100	9.376357	-0.357242	0.465286	0.226032	-0.169533	0.019883	-0.031936	-0.075564	0.996629	-0.341844	0.937830	0.060152	-0.939214	-0.338770	-0.055782
31101	9.067631	-0.130903	1.375190	0.482848	-0.240320	0.010871	-0.034211	-0.076314	0.996497	-0.346359	0.936194	0.059804	-0.937478	-0.343100	-0.058460
31102	8.997973	0.857548	1.457732	0.499334	-0.306555	-0.005438	-0.037055	-0.077482	0.996305	-0.351099	0.934439	0.059612	-0.935605	-0.347593	-0.061830
31103	9.121035	1.474638	1.612763	0.414384	-0.363495	-0.025170	-0.040347	-0.079018	0.996056	-0.354971	0.932973	0.059635	-0.934006	-0.351165	-0.065692
31104	9.423068	1.512561	1.570094	0.186127	-0.395647	-0.036854	-0.043928	-0.080786	0.995763	-0.356676	0.932306	0.059903	-0.933195	-0.352533	-0.069769
31105	9.455222	1.157669	0.885451	-0.063988	-0.428168	-0.045255	-0.047745	-0.082747	0.995426	-0.356088	0.932496	0.060436	-0.933232	-0.351574	-0.073987
31106	9.507613	0.570898	0.078337	-0.284067	-0.462080	-0.063804	-0.051832	-0.085012	0.995031	-0.353511	0.933417	0.061334	-0.933993	-0.348575	-0.078433
31107	9.775973	-0.241322	-0.836999	-0.392855	-0.470439	-0.061800	-0.055994	-0.087251	0.994611	-0.349862	0.934727	0.062302	-0.935126	-0.344488	-0.082865
31108	10.054594	-0.816542	-1.638060	-0.245688	-0.475579	-0.071004	-0.060191	-0.089598	0.994157	-0.347643	0.935490	0.063263	-0.935693	-0.341804	-0.087457
31109	9.850473	-0.500046	-1.846036	-0.016148	-0.473316	-0.067732	-0.064367	-0.091880	0.993688	-0.347524	0.935485	0.063988	-0.935459	-0.341211	-0.092145
