// General information: 
//  MT Manager version: 2022.2.0 
//  XDA version: 2022.2.0 build 7381 rev 124627 built on 2023-07-19
// Device information: 
//  DeviceId: 00B4CBA7
//  ProductCode: MTW2-3A7G6
//  Firmware Version: 4.6.0
//  Hardware Version: 2.0.0
// Device settings: 
//  Filter Profile: human(46.1)
//  Option Flags: Orientation Smoother Disabled, Position/Velocity Smoother Disabled, Continuous Zero Rotation Update Disabled, AHS Disabled, ICC Disabled
// Coordinate system: ENU
PacketCounter	Acc_X	Acc_Y	Acc_Z	Gyr_X	Gyr_Y	Gyr_Z	Mat[1][1]	Mat[2][1]	Mat[3][1]	Mat[1][2]	Mat[2][2]	Mat[3][2]	Mat[1][3]	Mat[2][3]	Mat[3][3]
21214	9.716173	-0.316706	-1.594420	0.117875	0.014618	-0.010375	-0.149187	-0.041022	0.987958	-0.322806	0.946418	-0.009448	-0.934633	-0.320328	-0.154435
21215	9.684292	-0.251013	-1.551265	0.122214	0.017175	-0.013087	-0.149009	-0.041007	0.987985	-0.323942	0.946028	-0.009592	-0.934269	-0.321479	-0.154251
21216	9.683511	-0.201704	-1.485280	0.079212	0.015773	-0.016978	-0.148789	-0.041142	0.988013	-0.324722	0.945762	-0.009519	-0.934033	-0.322245	-0.154078
21217	9.736676	-0.147917	-1.411904	0.044785	0.019617	-0.016898	-0.148594	-0.041308	0.988035	-0.325148	0.945617	-0.009366	-0.933916	-0.322649	-0.153944
21218	9.718572	0.024231	-1.439838	-0.000809	0.018881	-0.017368	-0.148343	-0.041436	0.988068	-0.325181	0.945607	-0.009165	-0.933944	-0.322660	-0.153748
21219	9.649544	0.029424	-1.497181	-0.029611	0.023436	-0.021455	-0.147894	-0.041697	0.988124	-0.325038	0.945661	-0.008743	-0.934065	-0.322471	-0.153411
21220	9.634479	0.038691	-1.547172	-0.028269	0.017018	-0.022091	-0.147644	-0.041877	0.988154	-0.324821	0.945738	-0.008454	-0.934180	-0.322221	-0.153235
21221	9.594266	0.164553	-1.631803	-0.025597	0.025852	-0.016245	-0.147320	-0.042057	0.988194	-0.324665	0.945794	-0.008149	-0.934285	-0.322033	-0.152989
21222	9.557721	0.103030	-1.729660	-0.006779	0.030079	-0.016841	-0.146965	-0.042145	0.988243	-0.324642	0.945804	-0.007943	-0.934350	-0.321992	-0.152682
21223	9.560691	-0.013644	-1.765513	0.018391	0.035805	-0.017136	-0.146619	-0.042202	0.988292	-0.324780	0.945758	-0.007797	-0.934356	-0.322120	-0.152372
21224	9.647597	-0.094566	-1.706049	0.021885	0.042265	-0.015703	-0.146154	-0.042240	0.988360	-0.325022	0.945676	-0.007647	-0.934345	-0.322356	-0.151944
21225	9.663120	-0.096663	-1.568892	0.011621	0.046323	-0.011670	-0.145612	-0.042265	0.988439	-0.325171	0.945626	-0.007468	-0.934377	-0.322499	-0.151438
21226	9.625024	-0.125364	-1.430605	-0.020788	0.049070	-0.008623	-0.145107	-0.042214	0.988515	-0.325004	0.945684	-0.007323	-0.934514	-0.322334	-0.150945
21227	9.713623	-0.278381	-1.426179	-0.008146	0.041046	-0.017023	-0.144636	-0.042376	0.988577	-0.325074	0.945663	-0.007024	-0.934563	-0.322376	-0.150552
21228	9.793167	0.034417	-1.427805	0.009392	0.044090	-0.015614	-0.144154	-0.042408	0.988646	-0.325199	0.945621	-0.006855	-0.934594	-0.322495	-0.150106
21229	9.816321	0.079878	-1.446991	-0.063814	0.050662	-0.013151	-0.143657	-0.042387	0.988719	-0.324571	0.945838	-0.006610	-0.934888	-0.321860	-0.149633
21230	9.682329	-0.118400	-1.486314	-0.032666	0.045210	-0.013918	-0.143170	-0.042399	0.988789	-0.324301	0.945932	-0.006395	-0.935057	-0.321581	-0.149179
21231	9.598475	-0.168847	-1.406825	0.052508	0.043911	-0.020724	-0.142678	-0.042464	0.988858	-0.324934	0.945716	-0.006272	-0.934912	-0.322208	-0.148731
21232	9.660007	-0.132888	-1.381405	0.092576	0.042343	-0.025127	-0.142181	-0.042591	0.988924	-0.325850	0.945402	-0.006132	-0.934669	-0.323113	-0.148297
21233	9.774998	-0.070111	-1.356791	0.085998	0.040573	-0.026922	-0.141711	-0.042809	0.988982	-0.326710	0.945106	-0.005905	-0.934440	-0.323947	-0.147918
21234	9.743736	-0.005691	-1.392974	0.063873	0.037723	-0.027674	-0.141249	-0.042974	0.989041	-0.327361	0.944882	-0.005696	-0.934283	-0.324578	-0.147532
21235	9.727547	0.052431	-1.377112	0.015883	0.042407	-0.024196	-0.140826	-0.043065	0.989097	-0.327430	0.944860	-0.005480	-0.934322	-0.324632	-0.147162
21236	9.697857	0.026327	-1.379719	-0.047694	0.034977	-0.028685	-0.140387	-0.043249	0.989152	-0.327039	0.944997	-0.005098	-0.934525	-0.324207	-0.146809
21237	9.645647	-0.042746	-1.358927	-0.067831	0.034095	-0.026975	-0.139888	-0.043452	0.989213	-0.326536	0.945173	-0.004660	-0.934776	-0.323666	-0.146407
21238	9.669001	-0.018593	-1.371089	-0.041309	0.033437	-0.027823	-0.139466	-0.043633	0.989265	-0.326203	0.945290	-0.004295	-0.934955	-0.323301	-0.146069
21239	9.598727	0.036903	-1.363893	-0.021362	0.029499	-0.030201	-0.139141	-0.043784	0.989304	-0.326037	0.945349	-0.004017	-0.935061	-0.323109	-0.145811
21240	9.630089	0.023055	-1.338004	-0.022618	0.025267	-0.027683	-0.138796	-0.043990	0.989344	-0.325878	0.945405	-0.003682	-0.935168	-0.322916	-0.145553
21241	9.573197	-0.150305	-1.387842	0.010329	0.017013	-0.026584	-0.138534	-0.044341	0.989365	-0.326157	0.945310	-0.003303	-0.935110	-0.323146	-0.145420
21242	9.465677	-0.156457	-1.402201	0.096986	0.011310	-0.023235	-0.138334	-0.044550	0.989383	-0.327111	0.944981	-0.003185	-0.934806	-0.324078	-0.145296
21243	9.436539	0.060011	-1.308317	0.106465	0.006595	-0.022280	-0.138073	-0.044773	0.989410	-0.328176	0.944612	-0.003051	-0.934471	-0.325122	-0.145119
21244	9.626279	-0.074235	-1.402113	0.094580	0.005751	-0.028139	-0.137908	-0.045046	0.989420	-0.329113	0.944286	-0.002881	-0.934166	-0.326029	-0.145050
21245	9.746891	0.043300	-1.375911	0.089276	0.006678	-0.032195	-0.137687	-0.045471	0.989432	-0.330025	0.943969	-0.002544	-0.933877	-0.326887	-0.144978
21246	9.959410	-0.110923	-1.386970	0.073021	0.006298	-0.035899	-0.137490	-0.045815	0.989443	-0.330771	0.943708	-0.002265	-0.933642	-0.327590	-0.144905
21247	9.846943	0.029315	-1.290913	0.041112	0.015450	-0.040493	-0.137212	-0.046189	0.989464	-0.331110	0.943590	-0.001869	-0.933562	-0.327878	-0.144765
21248	9.788636	-0.157750	-1.170184	-0.049067	0.016138	-0.045584	-0.136891	-0.046593	0.989490	-0.330730	0.943725	-0.001317	-0.933744	-0.327434	-0.144597
21249	9.606123	-0.318928	-1.045889	-0.041959	0.001328	-0.048698	-0.136673	-0.047015	0.989500	-0.330409	0.943838	-0.000792	-0.933890	-0.327047	-0.144532
21250	9.542097	-0.230723	-1.029000	-0.001802	-0.006231	-0.051924	-0.136541	-0.047552	0.989493	-0.330477	0.943814	-0.000246	-0.933885	-0.327039	-0.144584
21251	9.575478	0.036852	-1.167752	0.004583	-0.018791	-0.060040	-0.136411	-0.048174	0.989480	-0.330726	0.943727	0.000352	-0.933816	-0.327199	-0.144667
21252	9.675265	0.149151	-1.380186	-0.000147	-0.027977	-0.059219	-0.136457	-0.048851	0.989441	-0.330820	0.943693	0.000968	-0.933776	-0.327194	-0.144934
21253	9.734838	0.255173	-1.467891	-0.029986	-0.026007	-0.059698	-0.136431	-0.049616	0.989406	-0.330696	0.943736	0.001726	-0.933824	-0.326957	-0.145163
21254	9.627731	0.207214	-1.468819	-0.055862	-0.020079	-0.055226	-0.136416	-0.050230	0.989377	-0.330264	0.943885	0.002383	-0.933979	-0.326431	-0.145351
21255	9.551282	0.165271	-1.454571	-0.061756	-0.019561	-0.052845	-0.136441	-0.050902	0.989340	-0.329804	0.944044	0.003088	-0.934138	-0.325867	-0.145594
21256	9.541553	-0.051769	-1.424341	-0.008379	-0.028022	-0.051683	-0.136512	-0.051508	0.989298	-0.329812	0.944040	0.003641	-0.934125	-0.325785	-0.145861
21257	9.621045	-0.117889	-1.482076	0.115613	-0.037491	-0.050229	-0.136571	-0.052026	0.989263	-0.330813	0.943688	0.003959	-0.933762	-0.326721	-0.146091
21258	9.685870	0.020066	-1.476614	0.192136	-0.037520	-0.052595	-0.136727	-0.052672	0.989208	-0.332693	0.943026	0.004228	-0.933071	-0.328524	-0.146460
21259	9.737626	0.053692	-1.399997	0.170664	-0.033618	-0.049993	-0.136926	-0.053261	0.989148	-0.334337	0.942443	0.004464	-0.932454	-0.330098	-0.146852
21260	9.694596	-0.058075	-1.427407	0.148310	-0.035341	-0.052503	-0.137060	-0.053899	0.989095	-0.335806	0.941919	0.004795	-0.931906	-0.331487	-0.147199
21261	9.707355	0.007695	-1.404307	0.107478	-0.031742	-0.053135	-0.137176	-0.054501	0.989046	-0.336934	0.941514	0.005151	-0.931482	-0.332536	-0.147516
21262	9.645512	0.240217	-1.420606	0.059395	-0.033799	-0.059449	-0.137270	-0.055199	0.988994	-0.337583	0.941279	0.005680	-0.931233	-0.333088	-0.147844
21263	9.482761	0.454865	-1.341115	-0.049820	-0.033066	-0.055247	-0.137413	-0.055981	0.988931	-0.337276	0.941384	0.006425	-0.931323	-0.332660	-0.148240
21264	9.510085	-0.100655	-1.520156	-0.060673	-0.040498	-0.053764	-0.137590	-0.056649	0.988868	-0.336800	0.941550	0.007076	-0.931469	-0.332077	-0.148627
21265	9.517353	-0.328508	-1.519160	0.128311	-0.051838	-0.058980	-0.137803	-0.057439	0.988793	-0.338098	0.941081	0.007549	-0.930967	-0.333268	-0.149104
21266	9.572717	-0.171081	-1.465592	0.283906	-0.058675	-0.067726	-0.138099	-0.058299	0.988701	-0.340848	0.940086	0.007824	-0.929920	-0.335916	-0.149696
21267	9.776254	0.156163	-1.392159	0.276608	-0.055308	-0.075067	-0.138238	-0.059252	0.988625	-0.343666	0.939056	0.008227	-0.928861	-0.338620	-0.150176
21268	9.852579	0.162847	-1.397056	0.181781	-0.046867	-0.069744	-0.138413	-0.060093	0.988550	-0.345466	0.938391	0.008673	-0.928168	-0.340310	-0.150645
21269	9.843769	0.181978	-1.432043	0.079849	-0.040791	-0.069145	-0.138599	-0.060915	0.988473	-0.346364	0.938055	0.009243	-0.927805	-0.341091	-0.151112
21270	9.828499	0.170805	-1.479250	0.024672	-0.037269	-0.070632	-0.138680	-0.061731	0.988411	-0.346706	0.937921	0.009933	-0.927665	-0.341311	-0.151474
21271	9.640611	0.624892	-1.460590	-0.044117	-0.031415	-0.068860	-0.138655	-0.062558	0.988363	-0.346396	0.938026	0.010777	-0.927785	-0.340871	-0.151732
21272	9.524227	0.423716	-1.450769	-0.152101	-0.031263	-0.066160	-0.138696	-0.063312	0.988309	-0.345091	0.938496	0.011692	-0.928265	-0.339435	-0.152014
21273	9.469453	0.040836	-1.444563	-0.125958	-0.033818	-0.069763	-0.138702	-0.064236	0.988249	-0.344140	0.938832	0.012723	-0.928617	-0.338331	-0.152324
21274	9.492997	-0.153391	-1.568461	-0.071207	-0.039347	-0.070999	-0.138803	-0.065063	0.988180	-0.343592	0.939021	0.013564	-0.928805	-0.337649	-0.152694
21275	9.584246	-0.125619	-1.528518	0.012987	-0.036292	-0.075327	-0.138858	-0.065868	0.988119	-0.343834	0.938922	0.014271	-0.928707	-0.337768	-0.153024
21276	9.654880	0.025960	-1.503437	0.034977	-0.038073	-0.075294	-0.138932	-0.066731	0.988051	-0.344279	0.938748	0.014991	-0.928531	-0.338083	-0.153396
21277	9.775635	0.083447	-1.457938	0.011622	-0.039494	-0.083933	-0.139070	-0.067663	0.987968	-0.344511	0.938649	0.015791	-0.928424	-0.338170	-0.153849
21278	9.824083	0.024537	-1.368865	-0.005313	-0.035839	-0.081965	-0.139101	-0.068581	0.987901	-0.344591	0.938606	0.016639	-0.928390	-0.338107	-0.154193
21279	9.814457	0.056924	-1.241631	-0.020570	-0.046395	-0.088576	-0.139163	-0.069596	0.987821	-0.344479	0.938629	0.017601	-0.928422	-0.337834	-0.154596
21280	9.872033	0.308213	-1.032306	-0.051368	-0.058202	-0.094079	-0.139359	-0.070703	0.987715	-0.344149	0.938730	0.018640	-0.928515	-0.337323	-0.155152
21281	9.718592	0.270126	-0.940831	-0.076344	-0.081231	-0.092094	-0.139793	-0.071905	0.987567	-0.343767	0.938848	0.019696	-0.928591	-0.336740	-0.155963
21282	9.555020	0.118371	-0.940883	-0.040219	-0.108024	-0.091178	-0.140462	-0.073151	0.987380	-0.343537	0.938911	0.020690	-0.928576	-0.336295	-0.157012
21283	9.528574	0.165204	-1.123753	-0.018368	-0.123972	-0.091635	-0.141274	-0.074382	0.987172	-0.343324	0.938968	0.021617	-0.928531	-0.335866	-0.158188
21284	9.567685	0.284777	-1.194629	-0.027477	-0.147020	-0.088999	-0.142313	-0.075738	0.986920	-0.343210	0.938988	0.022569	-0.928415	-0.335509	-0.159624
21285	9.842079	0.651708	-1.060656	-0.120211	-0.166419	-0.069003	-0.143428	-0.077054	0.986656	-0.342284	0.939300	0.023599	-0.928585	-0.334332	-0.161097
21286	9.622354	1.205852	-0.501391	-0.299053	-0.185526	-0.057214	-0.144936	-0.078237	0.986343	-0.339603	0.940245	0.024678	-0.929335	-0.331389	-0.162845
21287	9.422509	0.439367	-0.254783	-0.472258	-0.224831	-0.059731	-0.146809	-0.079572	0.985959	-0.335161	0.941799	0.026102	-0.930653	-0.326623	-0.164934
21288	9.479339	-0.555116	-0.458463	-0.404849	-0.274413	-0.070974	-0.149107	-0.081159	0.985485	-0.331512	0.943050	0.027505	-0.931594	-0.322599	-0.167521
21289	9.648740	-0.630336	-0.817684	-0.264734	-0.309518	-0.089050	-0.151496	-0.083015	0.984966	-0.329287	0.943788	0.028897	-0.931997	-0.319959	-0.170315
21290	9.663033	-0.117751	-1.047808	-0.175706	-0.334122	-0.102424	-0.154252	-0.085075	0.984362	-0.327821	0.944256	0.030238	-0.932062	-0.318031	-0.173543
21291	9.802285	0.277162	-1.415549	-0.192042	-0.354078	-0.116545	-0.157206	-0.087312	0.983699	-0.326160	0.944782	0.031734	-0.932151	-0.315855	-0.177003
21292	9.839547	0.257377	-1.699824	-0.226230	-0.355724	-0.124646	-0.160096	-0.089637	0.983023	-0.324265	0.945377	0.033394	-0.932320	-0.313414	-0.180418
21293	9.912972	0.329195	-1.811861	-0.195492	-0.356706	-0.129691	-0.162925	-0.092107	0.982330	-0.322958	0.945762	0.035114	-0.932284	-0.311530	-0.183835
21294	9.919889	0.582392	-1.692566	-0.198740	-0.353996	-0.131189	-0.165782	-0.094475	0.981627	-0.321337	0.946249	0.036802	-0.932340	-0.309332	-0.187229
21295	9.803511	0.758468	-1.470568	-0.241989	-0.364823	-0.128088	-0.168689	-0.096822	0.980902	-0.319320	0.946863	0.038548	-0.932512	-0.306719	-0.190642
21296	9.662833	0.537262	-1.339106	-0.279770	-0.384469	-0.121197	-0.171868	-0.099172	0.980115	-0.316934	0.947591	0.040305	-0.932746	-0.303704	-0.194292
21297	9.430757	0.245859	-1.315110	-0.259608	-0.410355	-0.124989	-0.175367	-0.101597	0.979247	-0.314832	0.948218	0.041996	-0.932806	-0.300934	-0.198272
21298	9.359639	0.218425	-1.313840	-0.209979	-0.437937	-0.140113	-0.178992	-0.104266	0.978310	-0.313139	0.948696	0.043818	-0.932688	-0.298503	-0.202459
21299	9.556778	0.196690	-1.364295	-0.192215	-0.461501	-0.148729	-0.182721	-0.107053	0.977319	-0.311702	0.949081	0.045684	-0.932446	-0.296285	-0.206786
21300	9.583599	0.298424	-1.397581	-0.212781	-0.481295	-0.160479	-0.186689	-0.110025	0.976239	-0.310032	0.949528	0.047726	-0.932216	-0.293755	-0.211378
21301	9.703997	0.470050	-1.328889	-0.261038	-0.509028	-0.161011	-0.190995	-0.113064	0.975058	-0.307959	0.950093	0.049846	-0.932031	-0.290757	-0.216282
21302	9.664303	0.464741	-1.051496	-0.330027	-0.540856	-0.155311	-0.195540	-0.116130	0.973795	-0.305200	0.950861	0.052111	-0.931996	-0.287013	-0.221375
21303	9.561689	0.336889	-0.734808	-0.363918	-0.590788	-0.165738	-0.200643	-0.119389	0.972362	-0.302338	0.951644	0.054458	-0.931844	-0.283056	-0.227037
21304	9.443814	0.332516	-0.349068	-0.372061	-0.655794	-0.183371	-0.206183	-0.123004	0.970751	-0.299262	0.952459	0.057125	-0.931628	-0.278731	-0.233192
21305	9.448886	0.337785	-0.133378	-0.372193	-0.733837	-0.194249	-0.212382	-0.126978	0.968902	-0.296444	0.953168	0.059936	-0.931136	-0.274496	-0.240078
21306	9.501009	0.363769	-0.203323	-0.319591	-0.826502	-0.203996	-0.219454	-0.131203	0.966760	-0.293928	0.953768	0.062718	-0.930294	-0.270394	-0.247872
21307	10.042191	0.366417	-0.625822	-0.220750	-0.896720	-0.217687	-0.227197	-0.135741	0.964342	-0.292376	0.954064	0.065411	-0.928923	-0.267089	-0.256448
21308	10.693240	0.812180	-0.933838	-0.233749	-0.935930	-0.227762	-0.235202	-0.140427	0.961749	-0.290752	0.954362	0.068242	-0.927439	-0.263580	-0.265297
21309	11.075363	1.018680	-0.937384	-0.313536	-0.969924	-0.232353	-0.243684	-0.145129	0.958935	-0.288448	0.954844	0.071210	-0.925968	-0.259250	-0.274542
21310	11.027139	1.046642	-0.771901	-0.367355	-1.012304	-0.242572	-0.252337	-0.150074	0.955931	-0.285670	0.955421	0.074585	-0.924510	-0.254260	-0.283960
21311	10.878146	0.865868	-0.487356	-0.359733	-1.065723	-0.263029	-0.261571	-0.155275	0.952612	-0.283285	0.955857	0.078019	-0.922675	-0.249453	-0.294012
21312	10.885989	0.488953	-0.069679	-0.254332	-1.134648	-0.301989	-0.271159	-0.160997	0.948975	-0.281766	0.956000	0.081677	-0.920370	-0.245242	-0.304591
21313	10.972124	0.361656	0.359332	-0.046140	-1.232986	-0.361197	-0.281505	-0.167615	0.944807	-0.282657	0.955423	0.085281	-0.916984	-0.243049	-0.316334
21314	11.383343	0.739676	1.010979	0.093372	-1.348257	-0.420180	-0.292633	-0.174923	0.940089	-0.284739	0.954468	0.088965	-0.912847	-0.241646	-0.329117
21315	11.922265	0.619741	1.675451	0.147163	-1.485496	-0.471549	-0.304920	-0.182981	0.934635	-0.287632	0.953236	0.092784	-0.907905	-0.240539	-0.343292
21316	12.697652	0.468258	2.383146	0.197341	-1.637198	-0.517056	-0.318228	-0.191863	0.928396	-0.291052	0.951784	0.096932	-0.902231	-0.239365	-0.358726
21317	13.423268	0.420456	2.762476	0.288286	-1.807711	-0.535670	-0.333197	-0.201204	0.921139	-0.295564	0.950012	0.100599	-0.895333	-0.238736	-0.376010
21318	14.024502	0.289104	2.469627	0.463071	-1.976440	-0.533347	-0.349208	-0.211015	0.912977	-0.301535	0.947796	0.103728	-0.887204	-0.239072	-0.394606
21319	14.605737	0.049557	1.553318	0.750027	-2.105424	-0.496827	-0.366436	-0.220857	0.903851	-0.310244	0.944830	0.105092	-0.877196	-0.241905	-0.414740
21320	14.782788	-0.125794	0.880397	0.801560	-2.155859	-0.413206	-0.383922	-0.230028	0.894254	-0.318809	0.941938	0.105422	-0.866582	-0.244623	-0.434966
21321	14.215665	-2.331497	-0.773868	0.953575	-2.137499	-0.267002	-0.401540	-0.237839	0.884420	-0.328345	0.938880	0.103411	-0.854960	-0.248871	-0.455091
21322	13.340670	-3.843628	-2.668051	1.705921	-2.054740	-0.096893	-0.418625	-0.244001	0.874766	-0.343233	0.934295	0.096349	-0.840799	-0.259915	-0.474869
21323	12.408244	-3.095401	-4.371949	2.404868	-1.918214	0.067396	-0.435019	-0.248518	0.865447	-0.363351	0.927875	0.083806	-0.823854	-0.278003	-0.493942
21324	11.848248	-1.328930	-6.076750	2.541530	-1.714799	0.227062	-0.449837	-0.251377	0.857004	-0.383097	0.921120	0.069099	-0.806774	-0.297232	-0.510656
21325	10.928023	0.060931	-6.931062	2.088743	-1.437202	0.367754	-0.462737	-0.252421	0.849799	-0.398409	0.915557	0.055010	-0.791925	-0.313113	-0.524229
21326	9.913898	0.636573	-7.393844	1.434027	-1.203450	0.469902	-0.474081	-0.251982	0.843654	-0.407511	0.912166	0.043449	-0.780501	-0.323200	-0.535126
21327	8.800804	3.455070	-6.721292	0.676365	-0.846349	0.493154	-0.482567	-0.250207	0.839360	-0.410603	0.911122	0.035534	-0.773650	-0.327496	-0.542413
21328	9.242334	3.119212	-4.297393	-0.835068	-0.464070	0.485068	-0.488119	-0.247304	0.837007	-0.401812	0.915013	0.036026	-0.774782	-0.318735	-0.546005
21329	8.718426	0.149621	-2.133167	-1.213835	0.082805	0.532096	-0.489398	-0.242083	0.837786	-0.389950	0.920049	0.038061	-0.780018	-0.308068	-0.544671
21330	7.270401	-2.404832	-1.443798	-1.071323	0.554608	0.621139	-0.487430	-0.234695	0.841029	-0.378553	0.924772	0.038668	-0.786835	-0.299526	-0.539606
21331	6.019813	-3.254141	-2.537498	-0.537440	0.955708	0.697253	-0.482256	-0.225300	0.846563	-0.371101	0.927912	0.035547	-0.793544	-0.297018	-0.531100
21332	6.246680	-0.772227	-2.977353	-0.300117	1.339530	0.714812	-0.474198	-0.214704	0.853837	-0.365320	0.930364	0.031059	-0.801048	-0.297196	-0.519612
21333	6.169836	0.592414	-2.889413	-0.672242	1.740045	0.718439	-0.462521	-0.202761	0.863112	-0.356734	0.933780	0.028197	-0.811674	-0.294859	-0.504225
21334	5.959875	-0.518751	-3.122922	-0.938961	2.085635	0.740192	-0.448049	-0.189758	0.873638	-0.345712	0.937968	0.026431	-0.824461	-0.290185	-0.485857
21335	6.014964	-1.592776	-3.184802	-0.865436	2.385776	0.767673	-0.430600	-0.175561	0.885303	-0.335335	0.941802	0.023662	-0.837934	-0.286684	-0.464412
21336	6.179020	-1.879986	-3.258297	-0.589661	2.641205	0.781321	-0.410874	-0.160658	0.897425	-0.327098	0.944792	0.019381	-0.850993	-0.285583	-0.440741
21337	6.567155	-1.856097	-3.688869	-0.358000	2.856176	0.759034	-0.388618	-0.145185	0.909889	-0.321205	0.946908	0.013904	-0.863599	-0.286857	-0.414619
21338	6.717337	-1.875830	-4.008369	-0.143643	3.053219	0.728146	-0.364382	-0.129507	0.922201	-0.317243	0.948312	0.007824	-0.875547	-0.289711	-0.386633
21339	6.540025	-2.264629	-4.574210	0.180769	3.225068	0.693403	-0.337949	-0.113345	0.934315	-0.316628	0.948550	0.000545	-0.886305	-0.295646	-0.356449
21340	6.527127	-2.349937	-5.591713	0.666793	3.406850	0.652628	-0.309669	-0.096941	0.945890	-0.320484	0.947221	-0.007844	-0.895207	-0.305572	-0.324393
21341	6.368543	-0.800634	-6.148067	1.064835	3.575962	0.604452	-0.279283	-0.079888	0.956880	-0.328512	0.944346	-0.017041	-0.902265	-0.319105	-0.289984
21342	6.206080	1.386135	-6.494010	1.076111	3.724507	0.580700	-0.247480	-0.062311	0.966887	-0.336754	0.941246	-0.025535	-0.908488	-0.331923	-0.253924
21343	5.956529	2.726745	-6.433170	0.791162	3.839985	0.587108	-0.214278	-0.043693	0.975795	-0.342839	0.938806	-0.033248	-0.914629	-0.341665	-0.216145
21344	6.311221	2.371711	-6.872129	0.412496	3.905640	0.644450	-0.180636	-0.024222	0.983252	-0.345379	0.937595	-0.040354	-0.920915	-0.346884	-0.177729
21345	6.441173	1.638539	-6.810524	0.186786	3.941006	0.613923	-0.146196	-0.004596	0.989245	-0.346291	0.936958	-0.046824	-0.926666	-0.349412	-0.138571
21346	7.629864	0.515513	-5.816028	-0.055993	3.908944	0.513182	-0.111631	0.013837	0.993653	-0.345135	0.937121	-0.051823	-0.931891	-0.348730	-0.099836
21347	8.859740	-1.504895	-5.499145	0.056197	3.774660	0.361590	-0.077501	0.030527	0.996525	-0.345489	0.936776	-0.055566	-0.935217	-0.348595	-0.062054
21348	9.845638	-1.949714	-4.517678	0.480808	3.543695	0.152703	-0.044869	0.044344	0.998008	-0.349919	0.935027	-0.057278	-0.935705	-0.351792	-0.026437
21349	10.005384	-0.963546	-3.441273	0.978484	3.167139	-0.045910	-0.014990	0.055323	0.998356	-0.359248	0.931499	-0.057012	-0.933122	-0.359512	0.005912
21350	10.118849	1.154308	-2.931419	1.163945	2.691206	-0.156313	0.010648	0.063647	0.997916	-0.370112	0.927346	-0.055197	-0.928926	-0.368753	0.033431
21351	9.015999	2.391395	-1.575917	0.857942	2.120574	-0.174276	0.031053	0.070052	0.997060	-0.378173	0.924208	-0.053155	-0.925214	-0.375410	0.055191
21352	8.039393	1.935290	-1.961732	0.887197	1.425503	-0.137950	0.044753	0.074159	0.996242	-0.386335	0.920937	-0.051199	-0.921272	-0.382591	0.069865
21353	8.043276	2.743423	-1.671437	0.914242	0.735155	-0.034456	0.051742	0.076787	0.995704	-0.394853	0.917370	-0.050228	-0.917286	-0.390558	0.077786
21354	7.298302	1.733822	-2.290945	0.678164	0.103200	0.086238	0.052355	0.077961	0.995581	-0.401131	0.914626	-0.050528	-0.914523	-0.396713	0.079158
21355	6.563605	-0.041798	-3.954298	0.670930	-0.444831	0.155769	0.047747	0.077683	0.995834	-0.407421	0.911782	-0.051592	-0.911991	-0.403261	0.075185
21356	6.142668	-0.589298	-5.034616	0.692850	-0.824997	0.171566	0.039540	0.075867	0.996334	-0.413829	0.908823	-0.052780	-0.909496	-0.410225	0.067331
21357	5.692526	-1.511097	-6.309898	0.696846	-1.067670	0.167905	0.029212	0.073023	0.996902	-0.420306	0.905772	-0.054032	-0.906912	-0.417426	0.057152
21358	5.459996	-2.270088	-7.804752	0.898394	-1.138248	0.145758	0.018303	0.069516	0.997413	-0.428496	0.901869	-0.054994	-0.903358	-0.426381	0.046294
21359	8.755651	-1.371745	-3.990622	0.827915	-0.978584	0.146283	0.008874	0.066648	0.997737	-0.436073	0.898160	-0.056118	-0.899868	-0.434588	0.037033
21360	9.246707	-2.701872	-1.352679	0.919654	-0.582218	0.113754	0.003158	0.065091	0.997874	-0.444361	0.894038	-0.056912	-0.895842	-0.443237	0.031747
21361	14.054188	2.372337	4.730290	1.565126	-0.106717	-0.008767	0.002246	0.064560	0.997911	-0.458378	0.886969	-0.056351	-0.888755	-0.457294	0.031585
21362	15.708757	3.860009	6.879337	1.979916	0.322917	-0.204968	0.006072	0.064235	0.997916	-0.475898	0.877865	-0.053612	-0.879480	-0.474581	0.035900
21363	16.981350	4.521724	7.422133	3.812131	0.047483	-0.299338	0.007987	0.061887	0.998051	-0.509091	0.859305	-0.049210	-0.860676	-0.507706	0.038369
21364	16.378617	10.548079	5.593674	3.259597	-0.546352	-0.145723	0.004107	0.057777	0.998321	-0.536884	0.842371	-0.046543	-0.843646	-0.535791	0.034479
21365	13.739908	10.432055	2.268361	0.993023	-1.277173	0.132613	-0.007263	0.051979	0.998622	-0.545251	0.836925	-0.047529	-0.838242	-0.544844	0.022263
21366	12.977969	5.190058	2.724794	-0.260129	-1.746054	0.332829	-0.023706	0.045245	0.998695	-0.543040	0.838165	-0.050863	-0.839372	-0.543537	0.004700
21367	9.877256	-0.407415	-0.512276	-0.185224	-1.793995	0.327410	-0.040439	0.038184	0.998452	-0.541379	0.839042	-0.054014	-0.839806	-0.542725	-0.013258
21368	8.938459	-0.581160	-4.062193	-0.060011	-1.639847	0.312414	-0.055882	0.031885	0.997928	-0.540748	0.839245	-0.057096	-0.839327	-0.542818	-0.029657
21369	7.941084	-4.065866	-7.025030	-0.568897	-1.450932	0.428198	-0.070291	0.027573	0.997145	-0.535678	0.842212	-0.061050	-0.841491	-0.538440	-0.044429
21370	7.529865	-5.891570	-9.627976	-0.488638	-1.224751	0.428627	-0.082879	0.024597	0.996256	-0.531258	0.844709	-0.065051	-0.843146	-0.534661	-0.056941
21371	8.882579	-3.975535	-8.588724	-0.414491	-0.975768	0.400421	-0.093170	0.022704	0.995391	-0.527410	0.846830	-0.068682	-0.844487	-0.531378	-0.066924
21372	10.661091	-1.326660	-5.293948	-0.560121	-0.755422	0.378830	-0.101531	0.021901	0.994591	-0.522329	0.849696	-0.072032	-0.846678	-0.526818	-0.074831
21373	10.902161	-2.007791	-3.299203	-0.385761	-0.629394	0.328481	-0.108562	0.021314	0.993861	-0.518666	0.851688	-0.074920	-0.848056	-0.523616	-0.081406
21374	10.108284	-1.457069	-2.152801	0.305068	-0.575371	0.271710	-0.114833	0.020585	0.993171	-0.520971	0.850016	-0.077854	-0.845815	-0.526354	-0.086886
21375	9.856237	0.193524	-1.222852	0.510485	-0.557779	0.269523	-0.120935	0.019845	0.992462	-0.524922	0.847296	-0.080906	-0.842515	-0.530749	-0.092050
21376	10.000227	-0.984951	-1.725325	0.599508	-0.525490	0.286589	-0.126849	0.019446	0.991731	-0.529631	0.844029	-0.084293	-0.838690	-0.535944	-0.096765
21377	9.952132	-1.245422	-2.281956	0.797796	-0.481047	0.294001	-0.132462	0.019242	0.991001	-0.535898	0.839691	-0.087934	-0.833827	-0.542723	-0.100916
21378	9.672424	-0.050555	-2.506186	0.729858	-0.422195	0.299441	-0.137571	0.019425	0.990301	-0.541588	0.835636	-0.091628	-0.829311	-0.548940	-0.104439
21379	9.783408	1.240555	-2.179045	0.379162	-0.366711	0.295648	-0.142228	0.019804	0.989636	-0.544245	0.833542	-0.094898	-0.826782	-0.552102	-0.107775
21380	9.962934	1.339587	-1.572737	-0.135634	-0.326179	0.297202	-0.146526	0.020464	0.988995	-0.542719	0.834216	-0.097668	-0.827035	-0.551058	-0.111128
21381	9.963972	-0.776190	-1.461999	-0.462597	-0.310447	0.303237	-0.150743	0.021187	0.988346	-0.538395	0.836732	-0.100053	-0.829101	-0.547202	-0.114725
21382	9.595329	-2.065221	-1.175976	-0.298821	-0.308044	0.282355	-0.154800	0.021849	0.987704	-0.535509	0.838290	-0.102473	-0.830221	-0.544787	-0.118067
21383	9.613808	-2.445848	-1.387282	-0.012201	-0.294469	0.248335	-0.158554	0.022224	0.987100	-0.534965	0.838349	-0.104804	-0.829863	-0.544681	-0.121034
21384	9.606949	-2.083304	-1.448650	0.284352	-0.284275	0.227752	-0.162116	0.022559	0.986514	-0.536982	0.836732	-0.107377	-0.827870	-0.547148	-0.123534
21385	9.603810	-1.721151	-1.200905	0.345759	-0.290363	0.218285	-0.165694	0.022695	0.985916	-0.539447	0.834820	-0.109877	-0.825556	-0.550055	-0.126082
21386	9.712181	-2.514272	-1.166973	0.392096	-0.275304	0.195044	-0.169004	0.022782	0.985352	-0.542377	0.832599	-0.112277	-0.822961	-0.553408	-0.128356
21387	9.751549	-2.857764	-1.299086	0.455403	-0.247404	0.160159	-0.171895	0.022638	0.984855	-0.545822	0.830062	-0.114347	-0.820079	-0.557211	-0.130327
21388	9.586858	-2.544131	-1.526623	0.489482	-0.212335	0.130932	-0.174336	0.022516	0.984429	-0.549627	0.827282	-0.116256	-0.817017	-0.561336	-0.131849
21389	9.606333	-1.186471	-2.037871	0.495497	-0.183450	0.111358	-0.176462	0.022345	0.984054	-0.553439	0.824494	-0.117965	-0.813982	-0.565430	-0.133126
21390	9.602749	0.002728	-2.498679	0.410162	-0.150670	0.117010	-0.178321	0.022433	0.983717	-0.556589	0.822128	-0.119643	-0.811425	-0.568861	-0.134117
21391	9.707383	0.116778	-2.525880	0.227007	-0.132183	0.128868	-0.180122	0.022658	0.983383	-0.558172	0.820833	-0.121150	-0.809938	-0.570719	-0.135203
21392	9.864040	-0.152676	-1.994475	0.140893	-0.135179	0.158955	-0.182089	0.023169	0.983009	-0.559049	0.819978	-0.122882	-0.808893	-0.571926	-0.136356
21393	9.939125	-1.047584	-1.752230	0.165537	-0.135530	0.169568	-0.184140	0.023668	0.982615	-0.560059	0.819017	-0.124681	-0.807729	-0.573281	-0.137558
21394	9.749304	-1.558176	-1.497057	0.302195	-0.130294	0.165867	-0.186107	0.024256	0.982230	-0.562214	0.817227	-0.126706	-0.805779	-0.575805	-0.138455
21395	9.550303	-1.313881	-0.745222	0.272221	-0.152123	0.171516	-0.188308	0.024668	0.981800	-0.564064	0.815643	-0.128680	-0.803973	-0.578029	-0.139678
21396	9.675739	-1.722685	-0.287868	0.135763	-0.182177	0.168836	-0.190709	0.024970	0.981329	-0.564859	0.814802	-0.130506	-0.802848	-0.579201	-0.141286
21397	9.736984	-2.513097	-0.649286	0.128705	-0.181173	0.155098	-0.193044	0.025092	0.980869	-0.565563	0.814052	-0.132132	-0.801794	-0.580250	-0.142957
21398	9.478794	-2.356067	-1.560744	0.291037	-0.161075	0.139926	-0.195111	0.025273	0.980455	-0.567646	0.812311	-0.133900	-0.799818	-0.582677	-0.144145
21399	9.309740	-1.365550	-1.824262	0.304263	-0.142776	0.139885	-0.197033	0.025506	0.980065	-0.569754	0.810545	-0.135638	-0.797846	-0.585121	-0.145172
21400	9.349013	-0.856242	-2.102929	0.272429	-0.129845	0.146230	-0.198887	0.025908	0.979680	-0.571660	0.808897	-0.137446	-0.796021	-0.587380	-0.146069
21401	9.423066	-0.118257	-2.113715	0.270354	-0.106135	0.158485	-0.200670	0.026476	0.979301	-0.573488	0.807277	-0.139340	-0.794256	-0.589579	-0.146812
21402	9.587520	-0.229394	-1.620311	0.150371	-0.101407	0.170138	-0.202436	0.027230	0.978917	-0.574363	0.806330	-0.141205	-0.793175	-0.590839	-0.147590
21403	9.519778	-0.978467	-0.941551	0.062367	-0.133274	0.178413	-0.204491	0.027781	0.978474	-0.574437	0.805972	-0.142935	-0.792594	-0.591301	-0.148855
21404	9.457081	-1.549506	-0.234898	0.010752	-0.180811	0.178873	-0.206935	0.028133	0.977950	-0.574178	0.805846	-0.144679	-0.792147	-0.591457	-0.150604
21405	9.467423	-1.732118	0.053758	-0.021766	-0.230424	0.168447	-0.209740	0.028051	0.977355	-0.573635	0.805952	-0.146233	-0.791803	-0.591316	-0.152950
21406	9.387400	-1.784692	0.254988	-0.132550	-0.291348	0.156442	-0.212928	0.027570	0.976679	-0.572279	0.806679	-0.147535	-0.791934	-0.590347	-0.155987
21407	9.485767	-2.086085	0.215878	-0.238476	-0.351446	0.143452	-0.216551	0.026581	0.975909	-0.570083	0.808054	-0.148509	-0.792535	-0.588509	-0.159831
21408	9.620817	-1.991438	-0.360140	-0.210917	-0.394218	0.126268	-0.220379	0.025265	0.975087	-0.568159	0.809247	-0.149377	-0.792861	-0.586924	-0.163987
21409	9.584216	-1.157257	-1.152527	-0.162302	-0.399148	0.115535	-0.224194	0.023794	0.974254	-0.566606	0.810189	-0.150174	-0.792903	-0.585686	-0.168157
21410	9.368734	-0.502687	-2.078970	-0.222513	-0.396295	0.122918	-0.228017	0.022452	0.973398	-0.564588	0.811449	-0.150970	-0.793252	-0.583992	-0.172348
21411	9.325526	-0.926790	-2.518011	-0.232496	-0.395028	0.119624	-0.231808	0.021044	0.972534	-0.562442	0.812811	-0.151648	-0.793678	-0.582147	-0.176580
21412	9.620015	-1.395560	-2.420385	-0.277912	-0.388191	0.108373	-0.235483	0.019649	0.971680	-0.560006	0.814391	-0.152184	-0.794318	-0.579984	-0.180772
21413	9.685834	-2.515560	-2.526055	-0.186530	-0.352923	0.097007	-0.238846	0.018338	0.970884	-0.558292	0.815462	-0.152747	-0.794521	-0.578520	-0.184532
21414	9.944585	-2.488905	-2.499718	-0.084891	-0.329689	0.061086	-0.241791	0.016908	0.970181	-0.557495	0.815930	-0.153160	-0.794189	-0.577904	-0.187858
21415	9.971792	-1.426606	-2.811821	-0.090847	-0.272053	0.045396	-0.244224	0.015648	0.969593	-0.556675	0.816446	-0.153393	-0.794020	-0.577210	-0.190684
21416	10.230313	-1.199434	-3.045140	-0.190385	-0.230433	0.060444	-0.246375	0.014792	0.969062	-0.555039	0.817521	-0.153592	-0.794500	-0.575709	-0.193207
21417	10.272652	-0.689292	-2.573501	-0.298651	-0.201911	0.078385	-0.248415	0.014191	0.968550	-0.552448	0.819255	-0.153697	-0.795670	-0.573254	-0.195675
21418	9.980861	-1.122075	-1.717193	-0.470349	-0.209487	0.073614	-0.250475	0.013577	0.968028	-0.548542	0.821919	-0.153461	-0.797724	-0.569443	-0.198422
21419	9.766010	-2.002518	-0.893947	-0.486899	-0.240475	0.044420	-0.252646	0.012488	0.967478	-0.544521	0.824704	-0.152841	-0.799792	-0.565427	-0.201558
21420	9.646358	-2.261961	-0.038274	-0.428392	-0.289138	-0.009614	-0.254894	0.010757	0.966909	-0.541141	0.827107	-0.151856	-0.801371	-0.561941	-0.205004
21421	9.502035	-1.934002	0.458538	-0.522570	-0.375086	-0.043014	-0.257680	0.008227	0.966195	-0.537052	0.830052	-0.150297	-0.803229	-0.557626	-0.209469
21422	9.416641	-2.262391	0.354117	-0.634346	-0.462158	-0.052643	-0.261101	0.005202	0.965297	-0.532112	0.833564	-0.148422	-0.805409	-0.552399	-0.214877
21423	9.491441	-2.171284	-0.095719	-0.625830	-0.547388	-0.075441	-0.265134	0.001524	0.964210	-0.527296	0.836989	-0.146316	-0.807257	-0.547217	-0.221110
21424	9.357933	-1.653762	-0.551116	-0.568965	-0.609057	-0.088359	-0.269576	-0.002558	0.962976	-0.522961	0.840076	-0.144167	-0.808604	-0.542462	-0.227802
21425	9.494330	-1.436575	-1.186951	-0.529901	-0.670701	-0.100961	-0.274524	-0.007060	0.961554	-0.519018	0.842887	-0.141991	-0.809479	-0.538044	-0.235057
21426	9.422262	-1.167399	-1.676035	-0.420191	-0.707292	-0.120790	-0.279611	-0.011895	0.960040	-0.515976	0.845117	-0.139807	-0.809683	-0.534449	-0.242442
21427	9.458762	-1.057782	-1.964983	-0.381342	-0.745502	-0.121248	-0.285061	-0.016921	0.958360	-0.513304	0.847084	-0.137724	-0.809481	-0.531190	-0.250156
21428	9.518724	-1.360786	-1.909367	-0.435027	-0.773950	-0.123033	-0.290683	-0.022084	0.956564	-0.510163	0.849350	-0.135421	-0.809467	-0.527368	-0.258158
21429	9.470027	-2.021445	-1.694807	-0.446527	-0.792018	-0.122893	-0.296486	-0.027365	0.954645	-0.506949	0.851649	-0.133031	-0.809382	-0.523398	-0.266374
21430	9.464895	-1.805365	-1.064027	-0.459178	-0.830636	-0.142596	-0.302474	-0.032934	0.952588	-0.503686	0.853987	-0.130410	-0.809203	-0.519251	-0.274898
21431	10.017890	-2.043782	-0.973633	-0.429107	-0.860668	-0.150663	-0.308699	-0.038718	0.950372	-0.500723	0.856127	-0.127765	-0.808692	-0.515313	-0.283672
21432	9.946519	-1.196147	-1.032760	-0.334149	-0.915023	-0.154833	-0.315306	-0.044769	0.947933	-0.498532	0.857766	-0.125314	-0.807495	-0.512087	-0.292778
21433	10.284102	-0.419102	-1.176049	-0.372338	-0.996804	-0.175331	-0.322464	-0.051424	0.945184	-0.496111	0.859576	-0.122490	-0.806158	-0.508414	-0.302694
21434	10.666439	0.052475	-1.460565	-0.387636	-1.058569	-0.182789	-0.330072	-0.058381	0.942149	-0.493612	0.861426	-0.119553	-0.804611	-0.504517	-0.313150
21435	11.296483	-0.217170	-1.584720	-0.432900	-1.117178	-0.143950	-0.338339	-0.065237	0.938760	-0.490679	0.863471	-0.116841	-0.802970	-0.500162	-0.324156
21436	11.128942	0.148818	-0.802297	-0.491597	-1.194072	-0.135465	-0.347242	-0.072374	0.934979	-0.487228	0.865811	-0.113932	-0.801269	-0.495109	-0.335908
21437	10.721937	0.378031	0.837657	-0.642087	-1.316540	-0.162557	-0.356976	-0.080260	0.930659	-0.482732	0.868802	-0.110238	-0.799711	-0.488611	-0.348885
21438	10.372925	-0.502016	2.111925	-0.677321	-1.483711	-0.184115	-0.367929	-0.089082	0.925577	-0.478018	0.871918	-0.106100	-0.797576	-0.481480	-0.363387
21439	10.125731	-0.971208	2.921815	-0.532731	-1.693291	-0.189988	-0.380453	-0.098862	0.919501	-0.474545	0.874261	-0.102349	-0.793765	-0.475283	-0.379530
21440	10.370579	-1.754839	2.749668	-0.373028	-1.913583	-0.194038	-0.394658	-0.109629	0.912265	-0.472375	0.875808	-0.099108	-0.788104	-0.470044	-0.397430
21441	10.837459	-1.576196	1.902326	-0.122333	-2.115923	-0.201340	-0.410228	-0.121308	0.903879	-0.472297	0.876111	-0.096773	-0.780159	-0.466598	-0.416699
21442	11.534051	-0.574161	1.018121	0.000011	-2.267597	-0.192636	-0.426889	-0.133567	0.894385	-0.473133	0.875851	-0.095027	-0.770656	-0.463729	-0.437086
21443	12.046569	0.475015	0.255411	-0.087215	-2.396326	-0.177103	-0.444302	-0.146172	0.883872	-0.473334	0.875952	-0.093072	-0.760625	-0.459719	-0.458375
21444	12.548025	1.014694	0.005489	-0.233380	-2.501651	-0.158473	-0.462441	-0.159012	0.872275	-0.472319	0.876762	-0.090573	-0.750375	-0.453876	-0.480555
21445	12.852944	1.425849	0.213851	-0.448448	-2.605145	-0.152542	-0.481028	-0.172065	0.859655	-0.469787	0.878479	-0.087040	-0.740211	-0.445723	-0.503406
21446	13.192620	0.753507	0.991579	-0.671456	-2.715015	-0.169686	-0.500182	-0.185538	0.845810	-0.465713	0.881117	-0.082123	-0.730021	-0.434981	-0.527126
21447	13.926911	0.054238	2.054443	-0.827247	-2.828249	-0.189210	-0.519667	-0.199325	0.830792	-0.460792	0.884241	-0.076081	-0.719456	-0.422359	-0.551358
21448	14.062974	-0.778630	2.377639	-0.852265	-2.915257	-0.180615	-0.539635	-0.213064	0.814492	-0.455696	0.887396	-0.069782	-0.707909	-0.408818	-0.575962
21449	13.981156	-1.074021	0.203585	-0.576764	-2.954872	-0.123409	-0.559631	-0.226062	0.797314	-0.452468	0.889378	-0.065421	-0.694324	-0.397371	-0.600009
21450	13.923990	-0.328742	-1.727276	-0.415205	-2.956186	0.006721	-0.579955	-0.237617	0.779224	-0.449609	0.891006	-0.062928	-0.679340	-0.386842	-0.623578
21451	14.093472	-1.248809	-3.605019	-0.426477	-2.952392	0.134321	-0.600205	-0.247675	0.760534	-0.446113	0.892875	-0.061294	-0.663881	-0.376073	-0.646399
21452	13.484472	-3.259884	-5.610525	-0.026043	-2.874127	0.133824	-0.619621	-0.257205	0.741563	-0.445157	0.893295	-0.062125	-0.646455	-0.368606	-0.668001
21453	12.337362	-3.774253	-6.964790	0.521237	-2.783239	0.087212	-0.637536	-0.266653	0.722803	-0.448116	0.891509	-0.066362	-0.626690	-0.366208	-0.687860
21454	11.403526	-3.528312	-8.098157	0.859753	-2.649281	0.069842	-0.654164	-0.275763	0.704290	-0.452995	0.888532	-0.072852	-0.605694	-0.366697	-0.706165
21455	10.585384	-2.891251	-8.807537	1.053792	-2.380744	0.024879	-0.668256	-0.284319	0.687457	-0.459320	0.884603	-0.080636	-0.585200	-0.369648	-0.721735
21456	9.761022	-2.043753	-7.967848	1.136990	-2.002038	-0.022587	-0.679668	-0.291985	0.672902	-0.466051	0.880294	-0.088762	-0.566434	-0.373935	-0.734387
21457	8.335238	-2.121934	-7.999142	1.117779	-1.605738	-0.052147	-0.688188	-0.298511	0.661277	-0.472878	0.875797	-0.096773	-0.550257	-0.379302	-0.743873
21458	5.921001	-0.889766	-9.140801	0.957414	-1.160284	-0.112976	-0.693950	-0.303950	0.652724	-0.478898	0.871785	-0.103187	-0.537671	-0.384195	-0.750536
21459	5.098740	0.451397	-7.908838	0.095802	-0.818253	-0.223133	-0.697057	-0.309058	0.646989	-0.481190	0.870597	-0.102555	-0.531571	-0.382811	-0.755571
21460	8.368078	0.245739	-4.496325	-0.993644	-0.161116	-0.292802	-0.696499	-0.312242	0.646060	-0.477962	0.873428	-0.093147	-0.535202	-0.373669	-0.757582
21461	7.175738	-2.278323	-3.487121	-1.210053	0.469539	-0.317136	-0.692259	-0.313309	0.650088	-0.473852	0.876776	-0.082029	-0.544281	-0.364831	-0.755418
21462	6.866184	-3.311738	-3.317614	-0.703481	0.976079	-0.358672	-0.685188	-0.312932	0.657717	-0.472490	0.878191	-0.074394	-0.554321	-0.361738	-0.749583
21463	5.817141	-3.160155	-3.982362	-0.182890	1.439330	-0.409369	-0.674984	-0.311316	0.668939	-0.474491	0.877439	-0.070429	-0.565027	-0.364943	-0.739974
21464	5.542114	-2.681422	-5.348985	0.172508	1.870371	-0.499147	-0.661915	-0.308817	0.683009	-0.478844	0.875237	-0.068324	-0.576695	-0.372279	-0.727208
21465	5.529137	-0.753139	-5.867727	0.153599	2.317274	-0.599458	-0.645280	-0.305335	0.700275	-0.483914	0.872668	-0.065409	-0.591135	-0.381080	-0.710871
21466	5.596847	0.567041	-5.881239	-0.364897	2.726627	-0.636593	-0.625801	-0.300448	0.719794	-0.485800	0.872121	-0.058332	-0.610222	-0.386180	-0.691732
21467	5.417400	0.342908	-5.515611	-1.020094	3.071601	-0.573353	-0.603692	-0.293572	0.741196	-0.483225	0.874216	-0.047320	-0.634074	-0.386731	-0.669619
21468	5.262796	-0.650777	-5.043017	-1.325515	3.368303	-0.437218	-0.579777	-0.284427	0.763518	-0.477265	0.878050	-0.035318	-0.660361	-0.384877	-0.644820
21469	4.920133	-1.154483	-4.832074	-1.175016	3.631661	-0.261281	-0.553858	-0.272713	0.786682	-0.471072	0.881712	-0.025999	-0.686537	-0.384984	-0.616810
21470	4.438570	-0.886036	-4.940308	-0.870598	3.884965	-0.093571	-0.526245	-0.258549	0.810073	-0.465523	0.884809	-0.020014	-0.711585	-0.387640	-0.585988
21471	4.200511	-0.151032	-5.581218	-0.612725	4.088602	0.066264	-0.496752	-0.241950	0.833485	-0.460991	0.887238	-0.017194	-0.735340	-0.392770	-0.552274
21472	4.184081	0.544211	-5.625847	-0.781678	4.292053	0.235330	-0.465731	-0.222951	0.856381	-0.454047	0.890851	-0.015002	-0.759563	-0.395824	-0.516127
21473	4.354250	-0.388872	-5.823202	-0.903145	4.447466	0.426938	-0.433124	-0.201418	0.878541	-0.445388	0.895223	-0.014335	-0.783603	-0.397501	-0.477451
21474	4.897761	-1.764788	-6.381288	-0.468151	4.591472	0.578752	-0.399200	-0.177888	0.899441	-0.439293	0.898176	-0.017334	-0.804774	-0.402038	-0.436698
