// General information: 
//  MT Manager version: 2022.2.0 
//  XDA version: 2022.2.0 build 7381 rev 124627 built on 2023-07-19
// Device information: 
//  DeviceId: 00B4CBA7
//  ProductCode: MTW2-3A7G6
//  Firmware Version: 4.6.0
//  Hardware Version: 2.0.0
// Device settings: 
//  Filter Profile: human(46.1)
//  Option Flags: Orientation Smoother Disabled, Position/Velocity Smoother Disabled, Continuous Zero Rotation Update Disabled, AHS Disabled, ICC Disabled
// Coordinate system: ENU
PacketCounter	Acc_X	Acc_Y	Acc_Z	Gyr_X	Gyr_Y	Gyr_Z	Mat[1][1]	Mat[2][1]	Mat[3][1]	Mat[1][2]	Mat[2][2]	Mat[3][2]	Mat[1][3]	Mat[2][3]	Mat[3][3]
52803	9.552641	-1.193959	-1.485107	0.000373	-0.007671	-0.004080	-0.195537	0.018625	0.980519	-0.529730	0.839407	-0.121585	-0.825319	-0.543185	-0.154269
52804	9.573932	-1.182178	-1.451163	0.007051	-0.008073	-0.003958	-0.195556	0.018521	0.980518	-0.529800	0.839372	-0.121519	-0.825270	-0.543242	-0.154331
52805	9.522224	-1.173732	-1.422959	0.003748	-0.011592	-0.001589	-0.195595	0.018412	0.980512	-0.529860	0.839343	-0.121459	-0.825222	-0.543291	-0.154415
52806	9.547496	-1.161378	-1.444132	0.008409	-0.019078	-0.001036	-0.195719	0.018273	0.980490	-0.529935	0.839300	-0.121424	-0.825144	-0.543361	-0.154584
52807	9.565633	-1.139623	-1.378542	0.008432	-0.021560	0.000583	-0.195873	0.018131	0.980462	-0.530014	0.839253	-0.121404	-0.825057	-0.543438	-0.154777
52808	9.567570	-1.117483	-1.423985	0.010680	-0.025980	0.004026	-0.196081	0.017997	0.980423	-0.530098	0.839198	-0.121422	-0.824953	-0.543529	-0.155011
52809	9.588530	-1.106630	-1.391785	0.008425	-0.026975	0.005934	-0.196306	0.017874	0.980380	-0.530129	0.839174	-0.121450	-0.824880	-0.543569	-0.155259
52810	9.597460	-1.171346	-1.482454	0.008660	-0.033074	0.004457	-0.196575	0.017705	0.980329	-0.530195	0.839129	-0.121469	-0.824773	-0.543644	-0.155565
52811	9.652684	-1.256357	-1.526471	0.014264	-0.033531	0.003414	-0.196825	0.017522	0.980282	-0.530304	0.839060	-0.121474	-0.824644	-0.543757	-0.155857
52812	9.609166	-1.202770	-1.640965	0.018534	-0.025457	0.001069	-0.197014	0.017365	0.980247	-0.530459	0.838962	-0.121476	-0.824499	-0.543913	-0.156075
52813	9.593093	-1.235550	-1.743240	0.015050	-0.022434	0.002804	-0.197177	0.017241	0.980216	-0.530545	0.838907	-0.121478	-0.824405	-0.544002	-0.156266
52814	9.614251	-1.224182	-1.710119	0.015003	-0.012063	-0.005791	-0.197218	0.017099	0.980211	-0.530684	0.838829	-0.121407	-0.824305	-0.544126	-0.156358
52815	9.636276	-1.245056	-1.665834	0.010553	-0.008187	-0.009435	-0.197183	0.016945	0.980220	-0.530789	0.838782	-0.121275	-0.824246	-0.544204	-0.156400
52816	9.585226	-1.192136	-1.668994	0.015712	0.001075	-0.005911	-0.197116	0.016875	0.980235	-0.530934	0.838700	-0.121204	-0.824169	-0.544332	-0.156362
52817	9.602116	-1.148014	-1.590269	0.010292	0.000390	-0.009582	-0.197067	0.016769	0.980247	-0.531053	0.838639	-0.121108	-0.824104	-0.544429	-0.156363
52818	9.601146	-1.158350	-1.568427	0.000264	0.002239	-0.010561	-0.196965	0.016666	0.980269	-0.531080	0.838642	-0.120968	-0.824111	-0.544427	-0.156332
52819	9.604866	-1.200983	-1.590200	0.006600	0.007036	-0.004751	-0.196860	0.016636	0.980290	-0.531146	0.838611	-0.120895	-0.824093	-0.544477	-0.156253
52820	9.577146	-1.158365	-1.569030	0.004400	0.006493	-0.004953	-0.196753	0.016603	0.980313	-0.531196	0.838591	-0.120816	-0.824087	-0.544509	-0.156176
52821	9.547218	-1.137964	-1.504619	0.001180	0.006351	-0.008423	-0.196646	0.016545	0.980335	-0.531165	0.838627	-0.120700	-0.824133	-0.544454	-0.156125
52822	9.547345	-1.137553	-1.504124	-0.001231	0.004018	-0.000175	-0.196585	0.016538	0.980347	-0.531159	0.838637	-0.120659	-0.824151	-0.544440	-0.156079
52823	9.549915	-1.191899	-1.504174	0.000996	0.007488	-0.003707	-0.196494	0.016527	0.980366	-0.531099	0.838685	-0.120587	-0.824211	-0.544366	-0.156019
52824	9.546401	-1.148603	-1.481532	0.003220	0.000143	0.003471	-0.196484	0.016530	0.980368	-0.531122	0.838670	-0.120588	-0.824198	-0.544389	-0.156005
52825	9.568896	-1.126195	-1.468626	-0.001179	-0.000942	0.003068	-0.196490	0.016520	0.980367	-0.531135	0.838663	-0.120585	-0.824189	-0.544401	-0.156014
52826	9.575301	-1.180122	-1.523921	-0.009977	-0.003112	0.002262	-0.196500	0.016495	0.980365	-0.531052	0.838720	-0.120554	-0.824240	-0.544314	-0.156048
52827	9.606035	-1.232846	-1.577447	-0.008929	-0.000585	0.001798	-0.196493	0.016480	0.980367	-0.530962	0.838782	-0.120520	-0.824300	-0.544219	-0.156064
52828	9.607123	-1.221738	-1.599148	-0.002331	0.001043	0.002402	-0.196469	0.016479	0.980371	-0.530942	0.838797	-0.120502	-0.824318	-0.544195	-0.156048
52829	9.583938	-1.211519	-1.622501	-0.003298	0.001890	-0.002980	-0.196407	0.016433	0.980385	-0.530941	0.838808	-0.120427	-0.824334	-0.544179	-0.156022
52830	9.577556	-1.157637	-1.567062	0.000890	0.006593	0.000518	-0.196328	0.016447	0.980400	-0.530951	0.838806	-0.120396	-0.824346	-0.544182	-0.155949
52831	9.575862	-1.135992	-1.555366	-0.003509	0.005508	0.000115	-0.196225	0.016441	0.980421	-0.530979	0.838797	-0.120338	-0.824352	-0.544197	-0.155863
52832	9.602068	-1.156550	-1.564104	-0.003588	0.007540	0.000606	-0.196139	0.016460	0.980438	-0.530952	0.838819	-0.120301	-0.824390	-0.544161	-0.155786
52833	9.551291	-1.181221	-1.523743	-0.008119	0.008039	0.002806	-0.196061	0.016502	0.980453	-0.530848	0.838889	-0.120273	-0.824476	-0.544052	-0.155714
52834	9.575703	-1.180224	-1.521312	-0.001310	0.006050	0.000317	-0.195986	0.016510	0.980468	-0.530841	0.838899	-0.120236	-0.824498	-0.544037	-0.155648
52835	9.575130	-1.147442	-1.531160	-0.000315	0.008129	0.001965	-0.195887	0.016545	0.980487	-0.530794	0.838933	-0.120201	-0.824552	-0.543982	-0.155555
52836	9.572273	-1.137174	-1.497931	-0.006810	0.001989	0.002489	-0.195857	0.016549	0.980493	-0.530737	0.838973	-0.120177	-0.824596	-0.543921	-0.155535
52837	9.575200	-1.147818	-1.530441	-0.008094	0.005558	0.004426	-0.195842	0.016598	0.980495	-0.530580	0.839072	-0.120181	-0.824701	-0.543767	-0.155519
52838	9.575858	-1.181230	-1.519553	-0.003723	0.003714	0.008563	-0.195829	0.016663	0.980496	-0.530536	0.839094	-0.120221	-0.824732	-0.543731	-0.155479
52839	9.574048	-1.160335	-1.507987	-0.008280	0.006692	0.009141	-0.195761	0.016743	0.980509	-0.530473	0.839131	-0.120239	-0.824789	-0.543671	-0.155387
52840	9.572871	-1.172162	-1.486190	-0.009038	-0.001483	0.006018	-0.195777	0.016758	0.980505	-0.530390	0.839182	-0.120246	-0.824838	-0.543592	-0.155404
52841	9.572797	-1.172713	-1.486236	-0.008123	0.002627	0.008158	-0.195743	0.016807	0.980511	-0.530343	0.839210	-0.120259	-0.824876	-0.543548	-0.155356
52842	9.552465	-1.173551	-1.542346	-0.009196	0.002579	0.007001	-0.195731	0.016852	0.980513	-0.530258	0.839262	-0.120275	-0.824934	-0.543466	-0.155334
52843	9.575595	-1.184295	-1.518829	-0.008045	0.000594	0.007666	-0.195734	0.016888	0.980512	-0.530207	0.839290	-0.120298	-0.824966	-0.543421	-0.155324
52844	9.577297	-1.206457	-1.530051	-0.005713	-0.000447	0.005265	-0.195738	0.016902	0.980511	-0.530154	0.839324	-0.120303	-0.824999	-0.543369	-0.155327
52845	9.577197	-1.207035	-1.530221	0.003189	-0.002790	0.007204	-0.195778	0.016920	0.980502	-0.530157	0.839316	-0.120341	-0.824988	-0.543380	-0.155349
52846	9.595432	-1.108858	-1.505663	-0.001289	-0.001843	0.007290	-0.195804	0.016944	0.980497	-0.530136	0.839325	-0.120372	-0.824995	-0.543366	-0.155361
52847	9.572152	-1.099537	-1.529068	-0.012787	0.004705	0.012960	-0.195787	0.017046	0.980498	-0.530033	0.839382	-0.120430	-0.825065	-0.543275	-0.155305
52848	9.605250	-1.207405	-1.583003	-0.021322	-0.000630	0.006942	-0.195802	0.017074	0.980495	-0.529847	0.839499	-0.120427	-0.825181	-0.543092	-0.155329
52849	9.577403	-1.242650	-1.520254	-0.011294	-0.002480	0.007925	-0.195842	0.017099	0.980486	-0.529731	0.839569	-0.120450	-0.825246	-0.542983	-0.155365
52850	9.577288	-1.243306	-1.520443	-0.001367	0.000185	0.007782	-0.195854	0.017138	0.980483	-0.529709	0.839578	-0.120486	-0.825258	-0.542968	-0.155357
52851	9.573680	-1.200610	-1.498131	0.002092	-0.000358	0.004426	-0.195837	0.017137	0.980487	-0.529786	0.839529	-0.120489	-0.825212	-0.543045	-0.155332
52852	9.597300	-1.167088	-1.506946	-0.005635	-0.002481	0.004772	-0.195855	0.017136	0.980483	-0.529734	0.839562	-0.120490	-0.825241	-0.542994	-0.155355
52853	9.575854	-1.178614	-1.541648	-0.007828	0.002390	-0.000781	-0.195816	0.017124	0.980491	-0.529571	0.839674	-0.120427	-0.825355	-0.542821	-0.155353
52854	9.574756	-1.189835	-1.519784	-0.016970	0.005414	0.004107	-0.195765	0.017161	0.980501	-0.529426	0.839768	-0.120403	-0.825460	-0.542674	-0.155312
52855	9.623459	-1.187620	-1.515889	-0.007774	0.002840	-0.002893	-0.195716	0.017129	0.980511	-0.529332	0.839838	-0.120329	-0.825532	-0.542567	-0.155303
52856	9.598534	-1.155587	-1.528171	-0.008932	-0.000589	0.001792	-0.195703	0.017113	0.980514	-0.529259	0.839889	-0.120295	-0.825582	-0.542488	-0.155312
52857	9.575987	-1.178097	-1.541222	-0.011102	0.001800	-0.002142	-0.195628	0.017070	0.980530	-0.529221	0.839926	-0.120208	-0.825624	-0.542433	-0.155279
52858	9.574937	-1.188868	-1.519400	-0.009998	0.004778	-0.004715	-0.195536	0.017029	0.980549	-0.529151	0.839984	-0.120109	-0.825690	-0.542344	-0.155236
52859	9.607586	-1.262593	-1.583566	-0.004447	0.003878	-0.003644	-0.195467	0.016994	0.980563	-0.529098	0.840029	-0.120029	-0.825741	-0.542275	-0.155206
52860	9.651044	-1.195107	-1.546071	0.000085	0.003383	-0.005842	-0.195380	0.016936	0.980581	-0.529114	0.840033	-0.119934	-0.825751	-0.542272	-0.155165
52861	9.598433	-1.120392	-1.537050	-0.003524	0.013400	-0.006850	-0.195188	0.016923	0.980620	-0.529083	0.840070	-0.119809	-0.825817	-0.542214	-0.155018
52862	9.581486	-1.207002	-1.582546	-0.016670	0.010591	-0.010184	-0.195019	0.016867	0.980654	-0.528968	0.840165	-0.119645	-0.825930	-0.542068	-0.154926
52863	9.558076	-1.240020	-1.572947	-0.010258	0.013348	-0.004857	-0.194839	0.016868	0.980690	-0.528900	0.840225	-0.119531	-0.826016	-0.541976	-0.154787
52864	9.577957	-1.206260	-1.526067	-0.005646	0.010823	-0.007547	-0.194682	0.016836	0.980722	-0.528871	0.840260	-0.119411	-0.826071	-0.541923	-0.154679
52865	9.547419	-1.152783	-1.471694	-0.007871	0.012760	-0.009370	-0.194531	0.016803	0.980752	-0.528805	0.840319	-0.119285	-0.826150	-0.541831	-0.154583
52866	9.550640	-1.162137	-1.503442	-0.011198	0.011718	-0.008621	-0.194361	0.016767	0.980787	-0.528733	0.840385	-0.119145	-0.826236	-0.541731	-0.154473
52867	9.575863	-1.192855	-1.490351	-0.016592	0.008551	-0.010682	-0.194195	0.016690	0.980821	-0.528656	0.840457	-0.118971	-0.826324	-0.541621	-0.154389
52868	9.603884	-1.156925	-1.552638	-0.008975	0.009778	-0.006798	-0.194051	0.016659	0.980850	-0.528599	0.840510	-0.118853	-0.826394	-0.541540	-0.154296
52869	9.550700	-1.126182	-1.511768	-0.007611	0.004184	-0.009232	-0.193953	0.016577	0.980871	-0.528551	0.840559	-0.118719	-0.826448	-0.541466	-0.154268
52870	9.532638	-1.223912	-1.536203	-0.016672	0.010576	-0.010190	-0.193785	0.016521	0.980905	-0.528436	0.840654	-0.118555	-0.826561	-0.541320	-0.154176
52871	9.582198	-1.253524	-1.521300	-0.007714	0.008693	-0.010357	-0.193631	0.016455	0.980937	-0.528370	0.840718	-0.118399	-0.826639	-0.541223	-0.154095
52872	9.580007	-1.197816	-1.519841	-0.000901	0.006717	-0.012841	-0.193480	0.016356	0.980968	-0.528391	0.840728	-0.118234	-0.826661	-0.541211	-0.154022
52873	9.555294	-1.164676	-1.531508	-0.007580	0.007111	-0.012963	-0.193341	0.016259	0.980997	-0.528343	0.840782	-0.118065	-0.826724	-0.541130	-0.153967
52874	9.583536	-1.205220	-1.551416	-0.008543	0.007963	-0.018346	-0.193151	0.016121	0.981037	-0.528311	0.840834	-0.117834	-0.826789	-0.541053	-0.153891
52875	9.613008	-1.234117	-1.592844	-0.006289	0.008957	-0.020253	-0.192947	0.015973	0.981079	-0.528275	0.840892	-0.117586	-0.826859	-0.540968	-0.153810
52876	9.538628	-1.213728	-1.586404	0.001518	0.009060	-0.021083	-0.192734	0.015818	0.981124	-0.528332	0.840890	-0.117344	-0.826873	-0.540975	-0.153711
52877	9.581730	-1.188784	-1.516064	-0.005188	0.011928	-0.022825	-0.192492	0.015664	0.981174	-0.528314	0.840939	-0.117073	-0.826941	-0.540903	-0.153598
52878	9.552569	-1.199671	-1.440983	-0.000437	0.007828	-0.028120	-0.192251	0.015443	0.981224	-0.528368	0.840949	-0.116758	-0.826963	-0.540894	-0.153513
52879	9.554866	-1.218714	-1.451309	-0.002854	0.010888	-0.025227	-0.192006	0.015270	0.981275	-0.528308	0.841027	-0.116462	-0.827057	-0.540777	-0.153415
52880	9.626116	-1.114177	-1.476408	0.003104	-0.000150	-0.026620	-0.191839	0.015018	0.981311	-0.528389	0.841018	-0.116167	-0.827045	-0.540799	-0.153405
52881	9.575230	-1.059341	-1.479279	-0.009265	0.002701	-0.025217	-0.191629	0.014784	0.981356	-0.528435	0.841032	-0.115857	-0.827064	-0.540784	-0.153354
52882	9.578118	-1.111169	-1.479979	-0.019218	0.002487	-0.026709	-0.191440	0.014545	0.981397	-0.528330	0.841143	-0.115527	-0.827175	-0.540618	-0.153343
52883	9.605378	-1.161524	-1.478900	-0.016828	0.001898	-0.031223	-0.191253	0.014272	0.981437	-0.528188	0.841282	-0.115162	-0.827309	-0.540408	-0.153359
52884	9.574558	-1.106518	-1.425972	-0.005748	-0.008204	-0.019989	-0.191188	0.014033	0.981453	-0.528182	0.841319	-0.114919	-0.827328	-0.540357	-0.153438
52885	9.575752	-1.093330	-1.448634	-0.004566	-0.012664	-0.017707	-0.191145	0.013787	0.981465	-0.528158	0.841366	-0.114681	-0.827353	-0.540289	-0.153542
52886	9.628819	-1.044441	-1.532902	-0.011353	-0.018587	-0.008260	-0.191228	0.013590	0.981452	-0.528083	0.841432	-0.114544	-0.827381	-0.540192	-0.153729
52887	9.628196	-1.087873	-1.503016	-0.024794	-0.021203	-0.002667	-0.191364	0.013420	0.981427	-0.527942	0.841534	-0.114448	-0.827440	-0.540038	-0.153955
52888	9.562090	-1.221276	-1.523791	-0.023668	-0.020709	-0.003622	-0.191489	0.013251	0.981405	-0.527756	0.841665	-0.114338	-0.827530	-0.539837	-0.154177
52889	9.536062	-1.277067	-1.474315	-0.004456	-0.022586	-0.011245	-0.191604	0.013012	0.981386	-0.527683	0.841732	-0.114185	-0.827549	-0.539739	-0.154413
52890	9.601776	-1.262911	-1.383892	0.003758	-0.027213	-0.019900	-0.191697	0.012671	0.981372	-0.527756	0.841717	-0.113957	-0.827482	-0.539770	-0.154668
52891	9.691415	-1.169801	-1.334449	0.008592	-0.033344	-0.025697	-0.191791	0.012244	0.981359	-0.527893	0.841670	-0.113670	-0.827372	-0.539854	-0.154961
52892	9.608895	-1.062819	-1.287338	-0.006775	-0.039689	-0.025520	-0.191958	0.011788	0.981332	-0.527890	0.841712	-0.113371	-0.827336	-0.539798	-0.155350
52893	9.562957	-1.072551	-1.328072	-0.018631	-0.046125	-0.030810	-0.192127	0.011249	0.981306	-0.527814	0.841811	-0.112989	-0.827345	-0.539655	-0.155798
52894	9.569074	-1.167141	-1.356324	-0.027453	-0.051280	-0.027905	-0.192377	0.010710	0.981263	-0.527644	0.841965	-0.112634	-0.827395	-0.539426	-0.156324
52895	9.619174	-1.182965	-1.369828	-0.011079	-0.066413	-0.037786	-0.192726	0.010011	0.981201	-0.527604	0.842045	-0.112223	-0.827339	-0.539315	-0.157003
52896	9.616749	-1.157975	-1.365340	0.006776	-0.073526	-0.032313	-0.193137	0.009315	0.981128	-0.527726	0.842014	-0.111878	-0.827166	-0.539375	-0.157708
52897	9.567393	-1.157453	-1.376333	0.014891	-0.084498	-0.031427	-0.193681	0.008570	0.981027	-0.527927	0.841928	-0.111582	-0.826910	-0.539522	-0.158542
52898	9.540170	-1.222536	-1.311320	0.013144	-0.094823	-0.036240	-0.194247	0.007726	0.980922	-0.528110	0.841863	-0.111209	-0.826661	-0.539636	-0.159449
52899	9.584284	-1.129242	-1.326613	0.020192	-0.102943	-0.040254	-0.194856	0.006805	0.980808	-0.528354	0.841762	-0.110808	-0.826362	-0.539805	-0.160427
52900	9.678727	-1.010651	-1.382614	0.015982	-0.110676	-0.040051	-0.195531	0.005844	0.980680	-0.528567	0.841682	-0.110403	-0.826065	-0.539943	-0.161486
52901	9.598150	-1.045804	-1.279551	-0.002638	-0.123155	-0.035856	-0.196352	0.004853	0.980521	-0.528622	0.841697	-0.110024	-0.825836	-0.539928	-0.162704
52902	9.531411	-1.221478	-1.278311	0.008946	-0.146024	-0.025586	-0.197395	0.003822	0.980317	-0.528749	0.841653	-0.109749	-0.825505	-0.540006	-0.164117
52903	9.572842	-1.197280	-1.224557	0.062979	-0.180558	-0.008158	-0.198810	0.002755	0.980034	-0.529254	0.841338	-0.109730	-0.824842	-0.540503	-0.165808
52904	9.776444	-1.135169	-1.064297	0.103798	-0.212683	0.000579	-0.200539	0.001583	0.979684	-0.530113	0.840779	-0.109871	-0.823872	-0.541376	-0.167770
52905	9.946338	-1.024245	-0.800708	0.137873	-0.269007	0.043217	-0.202938	0.000456	0.979192	-0.531220	0.839999	-0.110486	-0.822570	-0.542588	-0.170226
52906	10.328658	-1.026605	-0.731081	0.230672	-0.350861	0.126543	-0.206466	-0.000416	0.978454	-0.532860	0.838748	-0.112084	-0.820629	-0.544520	-0.173395
52907	10.592104	-1.132060	-0.667790	0.305360	-0.425175	0.208977	-0.211009	-0.001014	0.977484	-0.534951	0.837073	-0.114611	-0.818109	-0.547090	-0.177173
52908	10.544244	-0.987654	-0.515582	0.339836	-0.476787	0.262686	-0.216284	-0.001460	0.976329	-0.537169	0.835215	-0.117749	-0.815273	-0.549922	-0.181427
52909	10.302973	-0.974598	-0.246129	0.336639	-0.505681	0.272305	-0.221873	-0.001991	0.975073	-0.539299	0.833374	-0.121013	-0.812360	-0.552706	-0.185977
52910	9.605316	-0.792562	0.343088	0.308353	-0.551547	0.278663	-0.227824	-0.002753	0.973698	-0.541178	0.831675	-0.124272	-0.809459	-0.555256	-0.190965
52911	9.913089	-0.520967	0.987085	0.245073	-0.618175	0.277586	-0.234317	-0.003906	0.972152	-0.542547	0.830303	-0.127434	-0.806683	-0.557298	-0.196674
52912	10.921359	0.290191	1.591337	0.124194	-0.687809	0.262170	-0.241253	-0.005593	0.970446	-0.542929	0.829625	-0.130191	-0.804379	-0.558293	-0.203186
52913	10.936251	0.152231	1.565198	-0.078428	-0.795512	0.275372	-0.249123	-0.007758	0.968441	-0.541613	0.830092	-0.132675	-0.802866	-0.557573	-0.210997
52914	10.961706	-0.196550	1.231984	-0.134835	-0.920234	0.276887	-0.257974	-0.010611	0.966094	-0.539835	0.830871	-0.135025	-0.801266	-0.556364	-0.220071
52915	11.199247	-0.474359	0.753462	-0.160961	-1.032821	0.288024	-0.267776	-0.013974	0.963380	-0.537826	0.831780	-0.137427	-0.799399	-0.554930	-0.230246
52916	11.331094	-0.855205	0.182046	-0.076720	-1.137015	0.320500	-0.278544	-0.017639	0.960261	-0.536345	0.832258	-0.140291	-0.796710	-0.554108	-0.241281
52917	11.221847	-0.819276	-0.319666	-0.033025	-1.200785	0.364731	-0.290060	-0.021278	0.956772	-0.535122	0.832460	-0.143716	-0.793417	-0.553676	-0.252850
52918	10.937047	-0.833350	-0.676281	-0.087439	-1.230122	0.398552	-0.301902	-0.024791	0.953017	-0.533257	0.833037	-0.147259	-0.790248	-0.552661	-0.264716
52919	10.961846	-1.224512	-1.154684	-0.217588	-1.243256	0.422707	-0.313995	-0.028111	0.949008	-0.530189	0.834379	-0.150706	-0.787596	-0.550474	-0.276895
52920	10.785346	-1.978128	-1.561226	-0.182867	-1.233830	0.429541	-0.325939	-0.031332	0.944872	-0.527385	0.835513	-0.154219	-0.784620	-0.548577	-0.288850
52921	10.412702	-1.926432	-1.704559	-0.183768	-1.222460	0.463420	-0.337980	-0.034166	0.940533	-0.524450	0.836640	-0.158069	-0.781487	-0.546686	-0.300687
52922	10.161992	-1.708289	-2.118661	-0.123436	-1.190097	0.490023	-0.349797	-0.036589	0.936111	-0.521812	0.837488	-0.162252	-0.778045	-0.545229	-0.312044
52923	10.184895	-1.122332	-2.190652	-0.163059	-1.087973	0.488791	-0.360871	-0.038403	0.931825	-0.518785	0.838564	-0.166352	-0.775006	-0.543448	-0.322536
52924	10.101594	-1.255056	-2.114530	-0.245698	-0.913159	0.457589	-0.370278	-0.039541	0.928079	-0.515221	0.840075	-0.169768	-0.772943	-0.541027	-0.331434
52925	9.914362	-1.730420	-2.079421	-0.248510	-0.725480	0.422442	-0.378087	-0.039900	0.924910	-0.511717	0.841582	-0.172876	-0.771489	-0.538654	-0.338609
52926	9.591958	-2.360826	-2.120930	-0.119571	-0.542545	0.362173	-0.384092	-0.039797	0.922437	-0.509426	0.842370	-0.175777	-0.770038	-0.537428	-0.343822
52927	9.403827	-3.060199	-2.441222	0.109841	-0.330788	0.282807	-0.388102	-0.039205	0.920782	-0.509215	0.841864	-0.178785	-0.768164	-0.538263	-0.346693
52928	9.447513	-3.430705	-2.335714	0.376551	-0.110613	0.201731	-0.389954	-0.038133	0.920044	-0.511330	0.839911	-0.181912	-0.765818	-0.541383	-0.347025
52929	9.367967	-3.046371	-1.817249	0.705081	0.129555	0.122484	-0.389647	-0.036397	0.920245	-0.516255	0.836100	-0.185522	-0.762664	-0.547369	-0.344574
52930	9.020538	-2.600243	-1.712054	0.913986	0.380695	0.035908	-0.386911	-0.034025	0.921489	-0.523082	0.831075	-0.188943	-0.759398	-0.555119	-0.339350
52931	8.757311	-1.864930	-1.623208	1.005231	0.641160	-0.063347	-0.381752	-0.030935	0.923747	-0.530927	0.825434	-0.191770	-0.756560	-0.563651	-0.331535
52932	8.373784	-1.500684	-1.674734	0.925806	0.898657	-0.192574	-0.373903	-0.027445	0.927062	-0.538663	0.820124	-0.192975	-0.755009	-0.571527	-0.321430
52933	8.475983	-1.896432	-1.882053	0.867234	1.133930	-0.333593	-0.363529	-0.023624	0.931283	-0.546438	0.815046	-0.192628	-0.754488	-0.578914	-0.309201
52934	8.460199	-1.995463	-1.971996	0.834562	1.351858	-0.423173	-0.350971	-0.019214	0.936189	-0.554258	0.810096	-0.191162	-0.754730	-0.585982	-0.294970
52935	8.311679	-2.106583	-1.989459	0.809654	1.536116	-0.505844	-0.336547	-0.014224	0.941559	-0.562125	0.805224	-0.188759	-0.755481	-0.592800	-0.278991
52936	8.187219	-2.307831	-2.145063	0.800861	1.705236	-0.608500	-0.320182	-0.008969	0.947314	-0.570187	0.800381	-0.185139	-0.756552	-0.599424	-0.261381
52937	8.200949	-2.334519	-2.325131	0.848652	1.853040	-0.706515	-0.302074	-0.003415	0.953278	-0.578839	0.795197	-0.180574	-0.757427	-0.606342	-0.242185
52938	8.208286	-2.152824	-2.353472	0.886995	1.960044	-0.793084	-0.282567	0.002229	0.959245	-0.587887	0.789785	-0.175011	-0.757987	-0.613380	-0.221857
52939	8.172951	-1.976459	-2.485678	0.906404	2.050658	-0.862108	-0.261899	0.008122	0.965061	-0.597127	0.784217	-0.168649	-0.758187	-0.620433	-0.200536
52940	8.295744	-1.938494	-2.590098	0.946564	2.117173	-0.928383	-0.240233	0.014057	0.970613	-0.606640	0.778416	-0.161420	-0.757810	-0.627591	-0.178474
52941	8.542949	-1.818025	-2.545306	0.998523	2.159725	-0.956298	-0.217964	0.020277	0.975746	-0.616474	0.772217	-0.153756	-0.756605	-0.635035	-0.155815
52942	8.773250	-1.499298	-2.313374	0.998874	2.184257	-0.972228	-0.195385	0.026725	0.980362	-0.626038	0.766069	-0.145652	-0.754918	-0.642202	-0.132948
52943	8.968725	-1.857811	-2.277904	1.006332	2.180650	-0.977940	-0.172691	0.033377	0.984410	-0.635446	0.759852	-0.137236	-0.752586	-0.649239	-0.110010
52944	9.132673	-1.810135	-2.061350	1.096728	2.150254	-0.972754	-0.150286	0.040037	0.987832	-0.645255	0.753051	-0.128688	-0.749040	-0.656743	-0.087339
52945	9.351867	-1.539325	-1.863296	1.132333	2.101259	-0.946467	-0.128384	0.046831	0.990618	-0.655096	0.745929	-0.120164	-0.744558	-0.664377	-0.065086
52946	9.647298	-1.225796	-1.436707	1.118969	2.032763	-0.902926	-0.107310	0.053685	0.992775	-0.664465	0.738912	-0.111780	-0.739575	-0.671660	-0.043621
52947	9.845831	-1.185835	-1.141075	1.053641	1.948221	-0.847885	-0.087194	0.060614	0.994346	-0.673112	0.732240	-0.103661	-0.734383	-0.678344	-0.023048
52948	9.894221	-1.230068	-0.716770	0.988561	1.838548	-0.782441	-0.068411	0.067415	0.995377	-0.680954	0.726010	-0.095972	-0.729123	-0.684372	-0.003761
52949	10.088269	-1.432452	-0.375767	0.900025	1.711789	-0.703890	-0.051100	0.074128	0.995939	-0.687907	0.720332	-0.088910	-0.723997	-0.689657	0.014184
52950	10.185550	-1.519293	-0.149108	0.830378	1.593317	-0.627757	-0.035235	0.080628	0.996121	-0.694168	0.715077	-0.082433	-0.718950	-0.694380	0.030774
52951	10.248537	-1.328230	0.041068	0.706354	1.455843	-0.537702	-0.020936	0.086963	0.995991	-0.699411	0.710587	-0.076745	-0.714413	-0.698214	0.045946
52952	10.071018	-1.147267	0.138320	0.535065	1.312782	-0.429495	-0.008536	0.093082	0.995622	-0.703285	0.707237	-0.072150	-0.710857	-0.700822	0.059426
52953	9.999198	-1.125678	0.169171	0.352620	1.167404	-0.316616	0.002087	0.099066	0.995079	-0.705822	0.705049	-0.068711	-0.708386	-0.702205	0.071394
52954	9.686788	-1.134211	0.043239	0.178585	1.034477	-0.200444	0.010857	0.104899	0.994424	-0.707070	0.704006	-0.066544	-0.707060	-0.702405	0.081814
52955	9.472240	-0.970758	-0.262131	0.031411	0.916919	-0.091485	0.018121	0.110713	0.993687	-0.707328	0.703843	-0.065520	-0.706653	-0.701675	0.091065
52956	9.214019	-0.913805	-0.544465	-0.118315	0.817893	0.013527	0.023841	0.116520	0.992902	-0.706491	0.704663	-0.065730	-0.707321	-0.699909	0.099120
52957	8.925861	-1.030545	-0.818520	-0.224873	0.730155	0.106604	0.028376	0.122411	0.992074	-0.704931	0.706108	-0.066963	-0.708708	-0.697443	0.106328
52958	8.655024	-1.258117	-1.184187	-0.281141	0.670870	0.165874	0.032002	0.128233	0.991228	-0.702982	0.707864	-0.068879	-0.710487	-0.694611	0.112798
52959	8.462609	-1.426914	-1.416456	-0.314670	0.622327	0.211938	0.035016	0.134092	0.990350	-0.700786	0.709797	-0.071328	-0.712512	-0.691525	0.118824
52960	8.278807	-1.702973	-1.632452	-0.272489	0.581307	0.240221	0.037514	0.139791	0.989470	-0.698925	0.711357	-0.074001	-0.714211	-0.688789	0.124389
52961	8.188577	-1.751309	-1.759277	-0.159919	0.535712	0.243332	0.039762	0.145227	0.988599	-0.697895	0.712099	-0.076539	-0.715096	-0.686895	0.129668
52962	8.177729	-1.538851	-1.839867	-0.019654	0.502251	0.225019	0.041816	0.150257	0.987762	-0.697842	0.711910	-0.078752	-0.715031	-0.686008	0.134624
52963	8.204475	-1.274361	-1.894963	0.109348	0.459454	0.199708	0.043732	0.154841	0.986971	-0.698715	0.710849	-0.080562	-0.714062	-0.686088	0.139277
52964	8.262550	-1.093323	-1.782585	0.199414	0.408384	0.153128	0.045606	0.158711	0.986271	-0.700201	0.709249	-0.081755	-0.712487	-0.686860	0.143476
52965	8.354619	-1.129161	-1.913305	0.297463	0.353272	0.100935	0.047470	0.161862	0.985671	-0.702366	0.707045	-0.082281	-0.710232	-0.688396	0.147250
52966	9.032322	-0.983932	-1.039137	0.371711	0.305067	0.049321	0.049318	0.164293	0.985178	-0.705020	0.704410	-0.082177	-0.707471	-0.690517	0.150570
52967	9.109210	-0.451450	-1.790179	0.603675	0.182534	0.045426	0.050335	0.165882	0.984860	-0.709280	0.700179	-0.081682	-0.703128	-0.694430	0.152900
52968	8.359339	0.173682	-2.186211	0.470361	-0.017057	0.111807	0.049453	0.166524	0.984796	-0.712630	0.696728	-0.082027	-0.699794	-0.697739	0.153126
52969	9.657952	1.298249	-0.035871	0.207774	-0.151064	0.178559	0.047173	0.166700	0.984879	-0.714157	0.694996	-0.083428	-0.698394	-0.699423	0.151835
52970	11.636160	1.635716	2.054459	0.048095	-0.030071	0.146792	0.045947	0.167489	0.984803	-0.714557	0.694423	-0.084765	-0.698067	-0.699803	0.151587
52971	11.722916	2.421027	2.333488	-0.050752	0.160596	0.113271	0.046318	0.169381	0.984462	-0.714241	0.694608	-0.085906	-0.698366	-0.699163	0.153152
52972	11.085823	3.779203	2.692425	-0.427464	0.197100	0.128461	0.046815	0.171630	0.984049	-0.711304	0.697380	-0.087792	-0.701324	-0.695848	0.154729
52973	10.893482	3.214756	3.240097	-0.894183	0.112924	0.171197	0.046445	0.173584	0.983723	-0.705063	0.703306	-0.090814	-0.707622	-0.689369	0.155052
52974	10.991340	1.309476	2.981396	-1.064615	-0.014656	0.203918	0.044943	0.174904	0.983559	-0.697578	0.710259	-0.094429	-0.715098	-0.681866	0.153930
52975	10.731898	-0.332384	2.556349	-1.002135	-0.121172	0.246626	0.042408	0.175810	0.983510	-0.690457	0.716658	-0.098336	-0.722129	-0.674902	0.151781
52976	10.293402	-1.152931	2.180772	-0.868829	-0.185139	0.308682	0.038976	0.176765	0.983481	-0.684278	0.721961	-0.102643	-0.728179	-0.668974	0.149096
52977	9.729501	-1.512043	1.921174	-0.656029	-0.250017	0.385906	0.034553	0.177856	0.983450	-0.679613	0.725672	-0.107359	-0.732756	-0.664656	0.145948
52978	9.619262	-1.547159	2.041564	-0.566165	-0.315066	0.410261	0.029490	0.178730	0.983456	-0.675581	0.728703	-0.112174	-0.736696	-0.661096	0.142236
52979	9.798281	-2.717137	2.361071	-0.680107	-0.394088	0.419663	0.023794	0.179167	0.983531	-0.670653	0.732453	-0.117205	-0.741390	-0.656819	0.137587
52980	9.852770	-5.051338	1.183307	-0.559144	-0.509847	0.447653	0.017042	0.179091	0.983685	-0.666584	0.735325	-0.122325	-0.745235	-0.653624	0.131911
52981	9.971340	-4.121948	0.272708	-0.089294	-0.596838	0.461736	0.009554	0.178561	0.983883	-0.665963	0.735105	-0.126944	-0.745924	-0.654016	0.125938
52982	9.880455	-1.475038	0.093217	0.037212	-0.572908	0.447671	0.002331	0.178077	0.984014	-0.666264	0.734072	-0.131267	-0.745713	-0.655307	0.120357
52983	10.119042	-0.232827	-0.104807	-0.149147	-0.545140	0.424723	-0.004542	0.177598	0.984093	-0.665138	0.734307	-0.135590	-0.746707	-0.655173	0.114792
52984	10.059159	-0.761158	-0.284244	-0.349802	-0.505008	0.411844	-0.011021	0.177300	0.984095	-0.662487	0.735874	-0.139998	-0.748992	-0.653493	0.109349
52985	9.965487	-1.674577	-0.468889	-0.337460	-0.499841	0.398893	-0.017376	0.176946	0.984067	-0.659893	0.737384	-0.144241	-0.751158	-0.651886	0.103953
52986	9.966877	-1.722408	-0.309529	-0.225194	-0.496497	0.390688	-0.023652	0.176572	0.984004	-0.658118	0.738170	-0.148278	-0.752543	-0.651097	0.098746
52987	9.911686	-1.516266	-0.078829	-0.226760	-0.458832	0.379587	-0.029574	0.176358	0.983882	-0.656296	0.738995	-0.152190	-0.753923	-0.650219	0.093888
52988	9.618601	-2.000312	0.041368	-0.253056	-0.405093	0.359704	-0.034957	0.176365	0.983704	-0.654269	0.740014	-0.155924	-0.755454	-0.649057	0.089521
52989	9.378189	-2.470260	0.238332	-0.205996	-0.380597	0.338210	-0.040011	0.176369	0.983511	-0.652561	0.740783	-0.159389	-0.756679	-0.648178	0.085452
52990	9.227101	-2.539118	0.519987	-0.119260	-0.352035	0.308616	-0.044657	0.176353	0.983313	-0.651526	0.741021	-0.162488	-0.757311	-0.647910	0.081807
52991	9.190710	-2.500976	0.846991	-0.015484	-0.338701	0.287756	-0.049068	0.176259	0.983120	-0.651253	0.740641	-0.165290	-0.757273	-0.648370	0.078447
52992	9.227854	-2.375709	1.012413	0.113726	-0.342832	0.270863	-0.053396	0.176016	0.982938	-0.651974	0.739435	-0.167829	-0.756359	-0.649811	0.075275
52993	9.151888	-1.933824	1.199774	0.252342	-0.359771	0.276227	-0.057885	0.175685	0.982743	-0.653718	0.737323	-0.170316	-0.754521	-0.652296	0.072169
52994	9.254174	-1.292268	1.471310	0.328446	-0.392522	0.290270	-0.062712	0.175234	0.982528	-0.656016	0.734675	-0.172901	-0.752137	-0.655397	0.068883
52995	9.339985	-1.019055	1.847329	0.299228	-0.432942	0.302144	-0.067919	0.174579	0.982298	-0.658057	0.732199	-0.175630	-0.749899	-0.658337	0.065152
52996	9.467668	-1.013370	2.007601	0.285413	-0.489783	0.325793	-0.073703	0.173707	0.982036	-0.659963	0.729758	-0.178614	-0.747674	-0.661271	0.060855
52997	9.491885	-0.353799	2.235017	0.222564	-0.570212	0.367161	-0.080363	0.172577	0.981712	-0.661337	0.727660	-0.182053	-0.745771	-0.663873	0.055655
52998	9.479245	0.571796	2.814383	0.032625	-0.662586	0.423840	-0.088073	0.171234	0.981286	-0.661224	0.726724	-0.186160	-0.745001	-0.665245	0.049219
52999	9.150260	-0.886385	2.585819	-0.345563	-0.768174	0.493156	-0.097023	0.169691	0.980710	-0.658188	0.728192	-0.191113	-0.746575	-0.664034	0.041037
53000	9.013414	-1.439947	2.523147	-0.192543	-0.883608	0.504147	-0.106904	0.167474	0.980063	-0.656237	0.728630	-0.196090	-0.746943	-0.664117	0.032009
53001	9.178330	-1.556507	2.005042	-0.202650	-0.971571	0.530320	-0.117610	0.164863	0.979279	-0.654122	0.729109	-0.201305	-0.747190	-0.664244	0.022090
53002	9.144754	-2.014671	0.960558	-0.212939	-1.031211	0.542049	-0.128824	0.161945	0.978355	-0.651864	0.729647	-0.206610	-0.747313	-0.664371	0.011570
53003	9.279045	-2.425989	0.305675	-0.197206	-1.057018	0.530975	-0.140152	0.158777	0.977316	-0.649668	0.730123	-0.211783	-0.747188	-0.664613	0.000824
53004	9.157397	-2.915920	-0.532940	-0.234873	-1.020846	0.489801	-0.150925	0.155549	0.976230	-0.647202	0.730923	-0.216520	-0.747229	-0.664497	-0.009643
53005	9.492397	-3.877091	-1.582286	-0.167811	-0.976559	0.431818	-0.160982	0.152195	0.975152	-0.645281	0.731379	-0.220674	-0.746791	-0.664772	-0.019530
53006	9.808706	-3.828043	-2.492803	-0.026825	-0.887998	0.368629	-0.169954	0.148961	0.974128	-0.644474	0.731010	-0.224224	-0.745499	-0.665909	-0.028237
53007	9.914617	-3.533144	-3.042713	-0.018946	-0.757311	0.325846	-0.177669	0.146273	0.973159	-0.643774	0.730660	-0.227357	-0.744304	-0.666888	-0.035649
53008	9.853739	-3.121017	-3.290752	-0.081328	-0.623971	0.250083	-0.183890	0.143917	0.972354	-0.642720	0.730848	-0.229722	-0.743704	-0.667195	-0.041897
53009	9.976721	-3.541937	-3.450946	-0.059772	-0.520986	0.192122	-0.188969	0.141823	0.971688	-0.641913	0.730987	-0.231528	-0.743127	-0.667491	-0.047096
53010	10.738528	-1.816483	-2.508170	-0.032061	-0.407366	0.169115	-0.193050	0.140318	0.971104	-0.641356	0.730971	-0.233119	-0.742559	-0.667827	-0.051120
53011	8.811086	-4.664487	-2.927345	-0.170876	-0.325600	0.131492	-0.196283	0.139078	0.970634	-0.639833	0.731938	-0.234264	-0.743025	-0.667026	-0.054681
53012	9.837378	-3.625067	-1.653531	0.378151	-0.366432	0.103548	-0.199634	0.137363	0.970195	-0.642436	0.729275	-0.235445	-0.739880	-0.670291	-0.057341
53013	9.803289	-1.267752	-0.423664	0.354745	-0.318777	0.083922	-0.202504	0.135808	0.969819	-0.644876	0.726798	-0.236431	-0.736972	-0.673291	-0.059600
53014	9.672424	-0.717235	0.295514	0.108568	-0.313403	0.128050	-0.205607	0.134605	0.969333	-0.645419	0.725901	-0.237702	-0.735636	-0.674499	-0.062374
53015	9.446827	-2.922973	-0.080859	0.026798	-0.348202	0.162929	-0.209187	0.133411	0.968732	-0.645276	0.725517	-0.239256	-0.734751	-0.675149	-0.065682
53016	8.893711	-2.952882	0.111020	0.176372	-0.418462	0.167229	-0.213307	0.131773	0.968058	-0.646222	0.724111	-0.240958	-0.732733	-0.676978	-0.069303
53017	9.339441	-1.957832	0.601423	0.204420	-0.464578	0.176497	-0.217822	0.129872	0.967309	-0.647338	0.722506	-0.242774	-0.730416	-0.679057	-0.073307
53018	9.101854	-1.527519	0.866583	0.089095	-0.498232	0.173809	-0.222552	0.127720	0.966519	-0.647610	0.721684	-0.244486	-0.728747	-0.680338	-0.077900
53019	8.836138	-1.813022	0.882829	-0.038720	-0.548182	0.173689	-0.227641	0.125220	0.965660	-0.646936	0.721742	-0.246097	-0.727773	-0.680742	-0.083289
53020	8.819788	-2.317659	0.757950	-0.029775	-0.642343	0.192088	-0.233523	0.122211	0.964641	-0.646282	0.721714	-0.247888	-0.726489	-0.681317	-0.089554
53021	9.163735	-1.711173	0.797876	-0.053490	-0.708881	0.214839	-0.240026	0.118911	0.963456	-0.645388	0.721829	-0.249875	-0.725163	-0.681780	-0.096515
53022	8.886952	-1.963058	0.423232	-0.136212	-0.748192	0.226470	-0.246878	0.115425	0.962148	-0.643856	0.722499	-0.251882	-0.724225	-0.681668	-0.104053
53023	8.823255	-2.478650	-0.112115	-0.177034	-0.799297	0.223473	-0.254072	0.111575	0.960728	-0.642019	0.723460	-0.253806	-0.723366	-0.681291	-0.112178
53024	8.998648	-2.781227	-0.538111	-0.178615	-0.834781	0.226953	-0.261531	0.107511	0.959189	-0.640149	0.724435	-0.255741	-0.722364	-0.680908	-0.120639
53025	9.221872	-2.780460	-1.128678	-0.177584	-0.834149	0.215178	-0.268900	0.103372	0.957605	-0.638309	0.725417	-0.257548	-0.721287	-0.680503	-0.129081
53026	9.331585	-2.933640	-1.779163	-0.196580	-0.817549	0.195195	-0.276006	0.099207	0.956022	-0.636368	0.726563	-0.259117	-0.720317	-0.679900	-0.137404
53027	9.426711	-2.992750	-2.223852	-0.233347	-0.778667	0.170402	-0.282673	0.095138	0.954487	-0.634217	0.727989	-0.260386	-0.719629	-0.678956	-0.145444
53028	9.560909	-3.072338	-2.595172	-0.251249	-0.734265	0.141742	-0.288822	0.091169	0.953032	-0.632012	0.729568	-0.261327	-0.719126	-0.677805	-0.153096
53029	9.435016	-3.084048	-2.551054	-0.255938	-0.685824	0.114167	-0.294447	0.087337	0.951669	-0.629849	0.731202	-0.261981	-0.718742	-0.676547	-0.160291
53030	9.294967	-3.204237	-2.230408	-0.250331	-0.661977	0.078735	-0.299669	0.083418	0.950389	-0.627825	0.732833	-0.262283	-0.718355	-0.675276	-0.167236
53031	9.439696	-3.552924	-1.965625	-0.216570	-0.649732	0.033338	-0.304523	0.079257	0.949202	-0.626175	0.734272	-0.262200	-0.717754	-0.674212	-0.173974
53032	9.725055	-2.726743	-1.704480	-0.146337	-0.638652	0.018886	-0.309192	0.075070	0.948032	-0.625076	0.735250	-0.262084	-0.716715	-0.673626	-0.180409
53033	9.580200	-2.123335	-1.300341	-0.204795	-0.642129	0.023053	-0.313909	0.070895	0.946803	-0.623551	0.736612	-0.261892	-0.715993	-0.672590	-0.187023
53034	9.481336	-2.300036	-0.966206	-0.229914	-0.684337	0.045711	-0.319062	0.066612	0.945390	-0.621770	0.738131	-0.261850	-0.715264	-0.671361	-0.194092
53035	9.602481	-2.210336	-0.645194	-0.203896	-0.732270	0.071184	-0.324708	0.062206	0.943766	-0.620098	0.739452	-0.262087	-0.714173	-0.670329	-0.201533
53036	9.521619	-1.615121	-0.346188	-0.179904	-0.801420	0.124852	-0.331169	0.057739	0.941803	-0.618414	0.740588	-0.262858	-0.712665	-0.669475	-0.209553
53037	9.457068	-1.490380	-0.205055	-0.243886	-0.883220	0.145762	-0.338331	0.052899	0.939539	-0.616201	0.742138	-0.263681	-0.711216	-0.668157	-0.218492
53038	9.466618	-1.722390	-0.034754	-0.289661	-0.970105	0.169291	-0.346235	0.047662	0.936936	-0.613574	0.743990	-0.264587	-0.709682	-0.666489	-0.228352
53039	9.299806	-2.113650	0.254049	-0.301356	-1.072412	0.185784	-0.354951	0.041889	0.933946	-0.610801	0.745910	-0.265594	-0.707765	-0.664728	-0.239176
53040	9.224546	-2.159950	0.702366	-0.307108	-1.186847	0.217712	-0.364635	0.035615	0.930469	-0.607858	0.747869	-0.266835	-0.705372	-0.662891	-0.251050
53041	9.101590	-2.329789	1.127071	-0.248702	-1.345142	0.235581	-0.375502	0.028453	0.926385	-0.605261	0.749430	-0.268356	-0.701896	-0.661472	-0.264191
53042	9.818923	-2.055651	1.553261	-0.152141	-1.543371	0.259609	-0.387837	0.020175	0.921507	-0.603217	0.750376	-0.270306	-0.696930	-0.660703	-0.278854
53043	10.026368	-1.352974	1.915614	-0.063252	-1.780261	0.302040	-0.401971	0.010663	0.915590	-0.601624	0.750725	-0.272874	-0.690267	-0.660528	-0.295354
53044	10.581995	-0.662572	2.064604	-0.075356	-2.026647	0.352271	-0.417969	-0.000096	0.908461	-0.599675	0.751207	-0.275822	-0.682417	-0.660066	-0.314038
53045	11.560274	-0.333762	2.106687	-0.142472	-2.280205	0.431103	-0.435973	-0.011910	0.899881	-0.596915	0.752143	-0.279238	-0.673513	-0.658892	-0.335023
53046	12.819574	0.304360	2.134276	-0.239142	-2.538596	0.518874	-0.456006	-0.024724	0.889633	-0.593015	0.753813	-0.283017	-0.663620	-0.656624	-0.358405
53047	13.880380	0.487526	1.819633	-0.390023	-2.757990	0.630115	-0.477843	-0.038040	0.877621	-0.587562	0.756526	-0.287121	-0.653022	-0.652856	-0.383852
53048	14.649785	0.997864	0.368356	-0.458446	-2.897160	0.747921	-0.500939	-0.051238	0.863964	-0.580949	0.759844	-0.291780	-0.641528	-0.648084	-0.410402
53049	13.925559	0.984612	-0.927087	-0.790907	-2.932794	0.861887	-0.524523	-0.063585	0.849019	-0.571562	0.765393	-0.295789	-0.631025	-0.640415	-0.437809
53050	13.065385	0.016999	-1.903215	-1.251695	-2.969897	0.935655	-0.548396	-0.075253	0.832826	-0.558715	0.773986	-0.297964	-0.622173	-0.628715	-0.466496
53051	13.041422	-2.133797	-2.588419	-1.504644	-2.985286	0.927619	-0.571913	-0.086613	0.815729	-0.544288	0.784051	-0.298354	-0.613732	-0.614624	-0.495551
53052	12.666397	-4.053412	-3.407432	-1.518310	-2.925654	0.894352	-0.594518	-0.097348	0.798167	-0.529839	0.794094	-0.297801	-0.604830	-0.599948	-0.523682
53053	11.673779	-5.424259	-4.645093	-1.367958	-2.858597	0.866319	-0.616146	-0.107416	0.780273	-0.516467	0.803049	-0.297279	-0.594665	-0.586153	-0.550272
53054	11.294655	-6.082022	-5.536253	-1.240596	-2.809332	0.827848	-0.636895	-0.117042	0.762014	-0.503993	0.811166	-0.296648	-0.583400	-0.572983	-0.575617
53055	11.071626	-5.976861	-5.877893	-1.112232	-2.754691	0.752389	-0.656495	-0.126566	0.743636	-0.492798	0.818334	-0.295771	-0.571108	-0.560635	-0.599604
53056	10.331311	-5.569435	-6.062630	-0.995314	-2.698213	0.684534	-0.675045	-0.135938	0.725145	-0.482643	0.824751	-0.294687	-0.558005	-0.548913	-0.622354
53057	9.666087	-5.179711	-5.963983	-0.896749	-2.605487	0.592713	-0.692189	-0.145240	0.706952	-0.473752	0.830397	-0.293258	-0.544458	-0.537910	-0.643599
53058	8.689253	-4.894243	-5.983284	-0.679429	-2.454428	0.502368	-0.707721	-0.154172	0.689465	-0.466608	0.834768	-0.292299	-0.530479	-0.528576	-0.662721
53059	7.669329	-4.169309	-5.977263	-0.464502	-2.252562	0.417398	-0.721394	-0.162561	0.673175	-0.461308	0.837800	-0.292036	-0.516513	-0.521214	-0.679375
53060	6.458533	-3.683450	-6.273339	-0.343204	-2.019338	0.350604	-0.733280	-0.170108	0.658303	-0.457033	0.840158	-0.291987	-0.503409	-0.514974	-0.693816
53061	5.458610	-3.356287	-6.650348	-0.346211	-1.766079	0.272952	-0.743255	-0.176917	0.645192	-0.453416	0.842334	-0.291356	-0.491921	-0.509092	-0.706286
53062	4.370018	-3.489817	-7.090521	-0.423705	-1.432470	0.126397	-0.750789	-0.183126	0.634650	-0.450432	0.844700	-0.289124	-0.483143	-0.502937	-0.716678
53063	5.658004	-4.980958	-5.438806	-0.226924	-1.051916	-0.112317	-0.755272	-0.189411	0.627446	-0.450310	0.845558	-0.286796	-0.476219	-0.499154	-0.723920
