// General information: 
//  MT Manager version: 2022.2.0 
//  XDA version: 2022.2.0 build 7381 rev 124627 built on 2023-07-19
// Device information: 
//  DeviceId: 00B4CAF0
//  ProductCode: MTW2-3A7G6
//  Firmware Version: 4.6.0
//  Hardware Version: 2.0.0
// Device settings: 
//  Filter Profile: human(46.1)
//  Option Flags: Orientation Smoother Disabled, Position/Velocity Smoother Disabled, Continuous Zero Rotation Update Disabled, AHS Disabled, ICC Disabled
// Coordinate system: ENU
PacketCounter	Acc_X	Acc_Y	Acc_Z	Gyr_X	Gyr_Y	Gyr_Z	Mat[1][1]	Mat[2][1]	Mat[3][1]	Mat[1][2]	Mat[2][2]	Mat[3][2]	Mat[1][3]	Mat[2][3]	Mat[3][3]
14541	6.189439	-0.131289	8.130579	0.003099	0.005582	-0.001178	-0.698354	-0.395737	0.596401	0.496958	-0.867753	0.006121	0.515107	0.300661	0.802663
14542	6.174953	-0.142429	8.114669	0.004712	0.014121	-0.004857	-0.698432	-0.395717	0.596323	0.496937	-0.867764	0.006184	0.515021	0.300654	0.802721
14543	6.155728	-0.104041	8.176377	0.011473	0.023929	-0.010309	-0.698579	-0.395584	0.596239	0.496841	-0.867818	0.006353	0.514914	0.300674	0.802782
14544	6.067299	0.097917	8.216790	0.021066	0.027060	-0.017381	-0.698786	-0.395494	0.596056	0.496817	-0.867830	0.006622	0.514656	0.300759	0.802915
14545	5.961181	0.116457	8.256801	0.012283	0.028196	-0.012146	-0.698990	-0.395408	0.595874	0.496742	-0.867872	0.006805	0.514451	0.300752	0.803049
14546	5.930598	0.185572	8.306323	0.007379	0.010882	-0.011230	-0.699083	-0.395323	0.595821	0.496691	-0.867900	0.006927	0.514375	0.300782	0.803087
14547	6.120235	0.188575	8.184301	0.013129	0.006697	-0.004105	-0.699104	-0.395286	0.595821	0.496695	-0.867897	0.007005	0.514342	0.300838	0.803087
14548	6.056820	0.129996	8.242316	-0.001537	0.011359	0.001237	-0.699137	-0.395311	0.595766	0.496685	-0.867903	0.006982	0.514307	0.300789	0.803128
14549	6.098591	0.073905	8.211137	0.002241	0.009715	0.004403	-0.699163	-0.395359	0.595703	0.496708	-0.867890	0.006968	0.514250	0.300763	0.803174
14550	6.081519	0.020139	8.190908	0.001729	0.013501	0.004816	-0.699189	-0.395421	0.595631	0.496739	-0.867872	0.006950	0.514183	0.300733	0.803228
14551	6.076520	-0.041121	8.238283	0.007660	0.012407	0.002021	-0.699192	-0.395473	0.595593	0.496766	-0.867857	0.006918	0.514154	0.300707	0.803256
14552	6.077837	0.001387	8.243526	0.006176	0.015362	-0.000482	-0.699254	-0.395495	0.595506	0.496783	-0.867847	0.006967	0.514053	0.300709	0.803321
14553	6.117963	0.033764	8.187774	0.005395	0.017725	0.000544	-0.699391	-0.395512	0.595334	0.496784	-0.867846	0.007060	0.513866	0.300690	0.803447
14554	6.102763	0.022443	8.172389	0.004615	0.020088	0.001570	-0.699467	-0.395566	0.595209	0.496808	-0.867832	0.007084	0.513739	0.300659	0.803540
14555	6.106820	0.018800	8.207654	0.003863	0.029082	0.001782	-0.699637	-0.395689	0.594928	0.496848	-0.867809	0.007112	0.513469	0.300564	0.803748
14556	6.071981	0.022015	8.197977	0.002813	0.030022	0.003422	-0.699755	-0.395788	0.594722	0.496875	-0.867793	0.007111	0.513281	0.300478	0.803900
14557	6.054200	-0.009031	8.234337	0.003841	0.033280	0.003655	-0.699910	-0.395956	0.594429	0.496931	-0.867761	0.007086	0.513016	0.300350	0.804117
14558	6.082847	-0.034616	8.192567	0.000339	0.036344	-0.000124	-0.700078	-0.396044	0.594172	0.496921	-0.867767	0.007086	0.512796	0.300217	0.804307
14559	6.013491	-0.047536	8.222732	0.007245	0.036078	0.000004	-0.700214	-0.396121	0.593960	0.496919	-0.867768	0.007085	0.512613	0.300112	0.804463
14560	5.925555	0.065608	8.287928	0.015822	0.025114	-0.008341	-0.700365	-0.396104	0.593793	0.496931	-0.867760	0.007258	0.512395	0.300158	0.804585
14561	6.012199	0.130195	8.316017	0.013417	0.018943	-0.003639	-0.700462	-0.396125	0.593665	0.496955	-0.867745	0.007349	0.512239	0.300173	0.804679
14562	6.009836	0.108454	8.261738	0.003382	0.017830	-0.000727	-0.700538	-0.396152	0.593557	0.496957	-0.867744	0.007377	0.512133	0.300140	0.804758
14563	6.048519	0.121285	8.257029	0.006399	0.014350	0.001600	-0.700586	-0.396157	0.593497	0.496949	-0.867748	0.007399	0.512074	0.300121	0.804802
14564	6.022979	0.029750	8.198692	0.004533	0.011025	0.005075	-0.700599	-0.396214	0.593444	0.496997	-0.867721	0.007402	0.512011	0.300126	0.804841
14565	6.057975	-0.019055	8.240337	0.003836	0.011615	0.001546	-0.700629	-0.396239	0.593391	0.496999	-0.867720	0.007393	0.511968	0.300095	0.804880
14566	6.083084	-0.017793	8.219066	0.009508	0.019926	0.000430	-0.700710	-0.396283	0.593266	0.497040	-0.867696	0.007463	0.511817	0.300106	0.804972
14567	6.034004	-0.045303	8.242993	0.002843	0.014984	0.000499	-0.700775	-0.396307	0.593174	0.497029	-0.867702	0.007467	0.511739	0.300057	0.805040
14568	5.955291	-0.027517	8.259480	0.011370	0.012421	-0.004099	-0.700841	-0.396288	0.593109	0.497047	-0.867690	0.007579	0.511631	0.300115	0.805087
14569	5.962749	0.122223	8.328402	0.010098	0.003539	-0.005590	-0.700880	-0.396191	0.593127	0.497006	-0.867713	0.007691	0.511617	0.300178	0.805072
14570	6.009556	0.128667	8.250209	0.009012	-0.002148	-0.003139	-0.700866	-0.396137	0.593180	0.497019	-0.867705	0.007778	0.511624	0.300273	0.805032
14571	6.009691	0.129315	8.250100	0.005096	-0.001161	0.000925	-0.700915	-0.396098	0.593148	0.497015	-0.867706	0.007871	0.511561	0.300320	0.805055
14572	6.099349	0.104454	8.301930	-0.000416	-0.002076	0.007850	-0.700847	-0.396139	0.593201	0.497057	-0.867683	0.007817	0.511614	0.300333	0.805016
14573	6.045870	0.079672	8.290915	-0.003491	-0.001025	0.008206	-0.700793	-0.396159	0.593251	0.497051	-0.867687	0.007733	0.511693	0.300295	0.804980
14574	6.093026	-0.026213	8.182409	-0.004756	0.000923	0.007772	-0.700740	-0.396209	0.593280	0.497070	-0.867677	0.007645	0.511746	0.300259	0.804960
14575	6.098439	-0.030628	8.216606	0.001944	0.012491	0.006890	-0.700761	-0.396264	0.593219	0.497088	-0.867667	0.007610	0.511701	0.300215	0.805005
14576	6.046301	-0.012754	8.210750	0.003355	0.011198	0.000087	-0.700799	-0.396278	0.593164	0.497094	-0.867663	0.007633	0.511642	0.300208	0.805045
14577	6.093780	0.038045	8.243960	0.004323	0.012030	0.003005	-0.700789	-0.396305	0.593159	0.497089	-0.867666	0.007576	0.511662	0.300162	0.805049
14578	6.036330	0.082844	8.259746	0.009751	0.014717	0.000634	-0.700842	-0.396334	0.593077	0.497132	-0.867641	0.007647	0.511547	0.300197	0.805110
14579	6.010358	0.101930	8.231844	0.003330	0.015398	0.001957	-0.700873	-0.396492	0.592934	0.497208	-0.867598	0.007563	0.511430	0.300112	0.805215
14580	6.020306	0.071627	8.244940	0.001733	0.013497	0.004819	-0.700899	-0.396554	0.592862	0.497240	-0.867580	0.007544	0.511364	0.300082	0.805269
14581	6.005705	0.059860	8.229100	0.002515	0.011133	0.003796	-0.700949	-0.396524	0.592823	0.497203	-0.867601	0.007574	0.511331	0.300063	0.805297
14582	6.004838	0.059830	8.229733	0.004747	0.010017	0.007149	-0.700946	-0.396595	0.592779	0.497267	-0.867565	0.007566	0.511273	0.300072	0.805330
14583	6.028735	0.040909	8.259148	-0.002641	0.009868	0.005553	-0.700979	-0.396639	0.592710	0.497259	-0.867570	0.007518	0.511236	0.300001	0.805381
14584	6.057797	-0.004739	8.267028	0.000347	0.010589	0.009753	-0.700966	-0.396735	0.592662	0.497318	-0.867537	0.007459	0.511196	0.299970	0.805417
14585	6.070038	-0.126388	8.198653	0.002033	0.010717	0.002338	-0.701029	-0.396710	0.592604	0.497279	-0.867558	0.007489	0.511147	0.299939	0.805459
14586	5.937689	-0.022638	8.234097	0.006918	0.010559	0.001195	-0.701059	-0.396732	0.592554	0.497312	-0.867539	0.007534	0.511075	0.299966	0.805495
14587	5.809192	0.146193	8.328723	0.010004	-0.005520	-0.002084	-0.701032	-0.396620	0.592661	0.497282	-0.867555	0.007629	0.511140	0.300067	0.805416
14588	6.020662	0.156181	8.256950	0.006645	-0.016716	-0.002173	-0.700939	-0.396530	0.592831	0.497289	-0.867551	0.007691	0.511261	0.300199	0.805290
14589	6.122385	0.185676	8.188911	-0.001698	-0.010954	0.006361	-0.700851	-0.396464	0.592980	0.497250	-0.867574	0.007650	0.511421	0.300221	0.805181
14590	6.092790	0.012757	8.226967	0.002889	-0.008333	0.007699	-0.700751	-0.396485	0.593083	0.497307	-0.867541	0.007624	0.511501	0.300287	0.805105
14591	6.095014	0.031461	8.175588	-0.008082	-0.003643	0.006867	-0.700696	-0.396482	0.593150	0.497267	-0.867565	0.007518	0.511615	0.300222	0.805057
14592	6.072249	-0.015732	8.227078	0.002927	-0.001706	0.006884	-0.700635	-0.396516	0.593200	0.497319	-0.867535	0.007497	0.511649	0.300262	0.805020
14593	6.085089	-0.026765	8.188311	0.000757	0.001837	0.000846	-0.700635	-0.396535	0.593187	0.497319	-0.867536	0.007470	0.511649	0.300237	0.805030
14594	5.994457	0.001484	8.242795	0.005071	0.003037	0.002797	-0.700618	-0.396547	0.593198	0.497353	-0.867516	0.007490	0.511639	0.300276	0.805021
14595	5.951666	0.057723	8.274336	0.003769	-0.001643	0.003177	-0.700571	-0.396466	0.593309	0.497302	-0.867545	0.007489	0.511753	0.300300	0.804940
14596	5.954614	0.099545	8.278336	-0.001425	-0.009533	0.005749	-0.700475	-0.396466	0.593422	0.497323	-0.867533	0.007440	0.511864	0.300334	0.804857
14597	5.974452	0.084220	8.272599	-0.003484	-0.016050	0.005283	-0.700341	-0.396398	0.593625	0.497276	-0.867561	0.007351	0.512092	0.300344	0.804708
14598	6.061102	0.081989	8.238773	-0.002219	-0.017998	0.005719	-0.700202	-0.396372	0.593806	0.497293	-0.867552	0.007295	0.512266	0.300404	0.804575
14599	6.090020	-0.005692	8.240570	-0.002006	-0.019004	0.007791	-0.700068	-0.396313	0.594004	0.497279	-0.867561	0.007245	0.512463	0.300457	0.804429
14600	6.060757	0.016117	8.176932	-0.002513	-0.015220	0.008202	-0.699931	-0.396317	0.594163	0.497311	-0.867543	0.007172	0.512619	0.300504	0.804313
14601	6.027771	-0.000520	8.215563	0.000682	-0.011419	0.002478	-0.699818	-0.396251	0.594340	0.497269	-0.867567	0.007108	0.512813	0.300521	0.804183
14602	5.972620	0.043850	8.229704	0.005446	-0.016433	0.006702	-0.699682	-0.396238	0.594509	0.497332	-0.867531	0.007108	0.512938	0.300641	0.804058
14603	6.032975	0.041402	8.217914	0.001638	-0.021417	0.004343	-0.699494	-0.396148	0.594790	0.497298	-0.867551	0.007024	0.513228	0.300702	0.803850
14604	6.096161	0.081028	8.210189	0.005978	-0.024420	0.004424	-0.699328	-0.396092	0.595023	0.497348	-0.867523	0.007042	0.513406	0.300858	0.803678
14605	6.132863	0.009546	8.194597	0.002942	-0.016738	0.003964	-0.699180	-0.396077	0.595207	0.497361	-0.867516	0.006959	0.513595	0.300899	0.803542
14606	6.092993	0.084881	8.174309	0.001655	-0.010589	0.005397	-0.699079	-0.396070	0.595329	0.497395	-0.867496	0.006936	0.513698	0.300963	0.803452
14607	6.113539	-0.018027	8.193820	0.000603	-0.009646	0.007034	-0.698990	-0.396035	0.595457	0.497388	-0.867501	0.006900	0.513826	0.300996	0.803358
14608	6.137678	-0.059803	8.167056	-0.002670	0.003244	0.006369	-0.698956	-0.396079	0.595467	0.497407	-0.867491	0.006837	0.513854	0.300968	0.803350
14609	6.166922	-0.215491	8.144598	0.003906	0.014040	-0.001146	-0.699001	-0.396010	0.595460	0.497327	-0.867536	0.006851	0.513870	0.300927	0.803356
14610	6.114371	-0.086026	8.169270	0.015813	0.018463	-0.007533	-0.699115	-0.395979	0.595348	0.497343	-0.867525	0.007018	0.513700	0.300999	0.803437
14611	6.029824	0.069994	8.237996	0.017389	0.024563	-0.008528	-0.699213	-0.395952	0.595251	0.497315	-0.867541	0.007098	0.513594	0.300990	0.803509
14612	5.836685	0.158782	8.335568	0.018663	0.007583	-0.011008	-0.699288	-0.395858	0.595226	0.497322	-0.867535	0.007309	0.513486	0.301129	0.803525
14613	5.942983	0.186175	8.302085	0.014463	-0.003676	-0.007379	-0.699332	-0.395752	0.595243	0.497318	-0.867536	0.007494	0.513429	0.301266	0.803511
14614	6.028869	0.185396	8.268684	0.003273	-0.012889	0.000670	-0.699244	-0.395698	0.595384	0.497327	-0.867531	0.007512	0.513541	0.301353	0.803406
14615	6.031108	0.097852	8.292952	0.006017	-0.017791	0.003615	-0.699108	-0.395669	0.595562	0.497357	-0.867514	0.007485	0.513696	0.301439	0.803275
14616	6.058104	0.076054	8.214339	0.004965	-0.016848	0.005252	-0.698977	-0.395642	0.595734	0.497406	-0.867485	0.007489	0.513827	0.301557	0.803147
14617	6.125808	-0.021351	8.155424	0.000685	-0.011419	0.002485	-0.698921	-0.395632	0.595806	0.497418	-0.867479	0.007474	0.513892	0.301589	0.803093
14618	6.169049	0.032708	8.153489	-0.001927	-0.005747	0.006165	-0.698841	-0.395647	0.595889	0.497439	-0.867467	0.007418	0.513980	0.301602	0.803032
14619	6.097786	0.045938	8.202752	0.006281	-0.001338	0.005914	-0.698790	-0.395722	0.595901	0.497510	-0.867427	0.007376	0.513982	0.301621	0.803024
14620	6.097616	0.045839	8.202880	-0.000589	0.005562	0.004961	-0.698775	-0.395760	0.595893	0.497529	-0.867416	0.007337	0.513983	0.301601	0.803031
14621	6.094524	0.003364	8.199018	-0.002905	0.008454	0.006161	-0.698740	-0.395847	0.595875	0.497532	-0.867416	0.007185	0.514028	0.301488	0.803045
14622	6.056400	0.032410	8.209460	-0.001640	0.006505	0.006597	-0.698721	-0.395903	0.595860	0.497557	-0.867402	0.007128	0.514028	0.301455	0.803057
14623	6.034537	0.004959	8.210593	0.003516	0.007765	0.004836	-0.698720	-0.395942	0.595836	0.497573	-0.867393	0.007094	0.514015	0.301429	0.803075
14624	6.106144	0.014286	8.217057	0.004334	0.012028	0.002994	-0.698748	-0.395983	0.595776	0.497604	-0.867375	0.007107	0.513947	0.301426	0.803119
14625	6.077838	-0.008925	8.184745	0.002584	0.013561	0.001099	-0.698778	-0.396013	0.595720	0.497584	-0.867387	0.007057	0.513926	0.301352	0.803161
14626	6.117432	0.026218	8.235342	0.002563	0.017762	0.002966	-0.698836	-0.396071	0.595614	0.497605	-0.867375	0.007055	0.513827	0.301311	0.803240
14627	6.190623	-0.033238	8.216791	-0.001039	0.026804	0.005596	-0.698944	-0.396192	0.595407	0.497620	-0.867367	0.006995	0.513665	0.301175	0.803394
14628	6.120756	-0.069121	8.191287	0.002410	0.036222	0.001123	-0.699106	-0.396290	0.595152	0.497628	-0.867362	0.007002	0.513438	0.301060	0.803583
14629	6.165132	-0.040581	8.170908	0.012769	0.045366	-0.003211	-0.699346	-0.396395	0.594799	0.497651	-0.867349	0.007090	0.513088	0.300960	0.803843
14630	5.998415	-0.020040	8.222150	0.016942	0.049991	-0.006015	-0.699613	-0.396473	0.594433	0.497683	-0.867329	0.007257	0.512692	0.300916	0.804112
14631	6.042092	0.119997	8.232228	0.015642	0.045310	-0.005629	-0.699862	-0.396607	0.594050	0.497735	-0.867298	0.007356	0.512301	0.300828	0.804394
14632	6.049390	0.091233	8.247279	0.014593	0.046251	-0.003991	-0.700100	-0.396690	0.593714	0.497770	-0.867277	0.007492	0.511943	0.300778	0.804641
14633	6.093303	0.120268	8.227275	0.010195	0.046826	-0.001388	-0.700338	-0.396820	0.593347	0.497798	-0.867260	0.007551	0.511590	0.300655	0.804911
14634	6.121060	0.094774	8.186545	0.002359	0.048813	0.006730	-0.700535	-0.397004	0.592991	0.497845	-0.867234	0.007525	0.511274	0.300489	0.805174
14635	6.109076	0.078910	8.206962	-0.000458	0.055485	0.008337	-0.700805	-0.397189	0.592548	0.497846	-0.867233	0.007490	0.510902	0.300247	0.805500
14636	6.096735	-0.047999	8.197744	-0.008643	0.061902	0.009621	-0.701055	-0.397437	0.592086	0.497857	-0.867228	0.007358	0.510550	0.299933	0.805841
14637	6.088734	0.019534	8.227420	0.000063	0.066716	0.010861	-0.701367	-0.397669	0.591561	0.497879	-0.867216	0.007321	0.510100	0.299660	0.806227
14638	5.986759	0.050699	8.251592	-0.008578	0.068515	0.008814	-0.701653	-0.397930	0.591045	0.497885	-0.867213	0.007194	0.509700	0.299320	0.806606
14639	6.007610	0.050197	8.233677	-0.006274	0.069817	0.009497	-0.701971	-0.398164	0.590510	0.497866	-0.867225	0.007096	0.509279	0.298976	0.806999
14640	5.967729	0.033018	8.276949	-0.004021	0.064498	0.010995	-0.702226	-0.398431	0.590026	0.497911	-0.867200	0.006994	0.508884	0.298691	0.807354
14641	5.937990	0.050626	8.251726	-0.007269	0.062353	0.007402	-0.702500	-0.398679	0.589532	0.497908	-0.867203	0.006860	0.508509	0.298352	0.807716
14642	5.749365	-0.046197	8.328166	-0.008277	0.054896	0.005299	-0.702734	-0.398868	0.589125	0.497890	-0.867214	0.006757	0.508203	0.298068	0.808013
14643	5.417942	0.083470	8.505360	0.012204	0.010025	-0.005068	-0.702806	-0.398840	0.589059	0.497888	-0.867214	0.006857	0.508105	0.298104	0.808061
14644	5.902487	0.031493	8.329619	0.016737	-0.028211	-0.010627	-0.702697	-0.398643	0.589322	0.497886	-0.867214	0.007049	0.508258	0.298369	0.807868
14645	6.027068	0.089378	8.260957	0.007996	-0.024631	-0.008137	-0.702577	-0.398534	0.589540	0.497870	-0.867223	0.007081	0.508441	0.298489	0.807708
14646	6.080295	0.072750	8.266379	0.012332	-0.027634	-0.008038	-0.702457	-0.398361	0.589799	0.497864	-0.867225	0.007222	0.508611	0.298713	0.807518
14647	6.124316	0.105667	8.208592	0.009012	-0.017180	-0.006027	-0.702427	-0.398292	0.589881	0.497879	-0.867216	0.007320	0.508639	0.298831	0.807457
14648	6.067502	-0.089317	8.213291	0.005617	-0.009147	-0.001332	-0.702368	-0.398233	0.589991	0.497885	-0.867211	0.007368	0.508713	0.298923	0.807376
14649	6.066983	0.109702	8.217636	0.009021	-0.002162	-0.003103	-0.702413	-0.398148	0.589995	0.497864	-0.867223	0.007498	0.508671	0.299004	0.807372
14650	6.062260	0.049277	8.264511	0.005998	0.005515	-0.003576	-0.702441	-0.398113	0.589986	0.497857	-0.867226	0.007562	0.508640	0.299041	0.807378
14651	6.029521	0.053199	8.253017	0.010034	0.005292	-0.000997	-0.702476	-0.397964	0.590044	0.497773	-0.867273	0.007679	0.508673	0.299102	0.807335
14652	6.031459	0.095717	8.257681	0.002827	0.008346	0.001322	-0.702494	-0.397979	0.590013	0.497784	-0.867267	0.007689	0.508639	0.299100	0.807357
14653	6.007394	0.049503	8.309787	0.004845	0.008235	0.002611	-0.702488	-0.398010	0.589999	0.497791	-0.867263	0.007648	0.508640	0.299069	0.807368
14654	6.035857	0.091978	8.292476	-0.001176	0.006920	0.008055	-0.702465	-0.398080	0.589980	0.497829	-0.867242	0.007586	0.508636	0.299037	0.807383
14655	6.003163	-0.015988	8.251191	-0.002638	0.009869	0.005542	-0.702487	-0.398110	0.589932	0.497802	-0.867258	0.007519	0.508630	0.298952	0.807418
14656	6.114159	-0.017448	8.197758	0.001825	0.015910	0.002139	-0.702539	-0.398155	0.589840	0.497814	-0.867252	0.007516	0.508547	0.298911	0.807485
14657	6.048566	0.011348	8.230439	0.000671	0.018630	0.008326	-0.702576	-0.398290	0.589706	0.497859	-0.867226	0.007422	0.508452	0.298805	0.807584
14658	6.009231	0.040657	8.241337	-0.000714	0.024001	0.003127	-0.702664	-0.398367	0.589548	0.497865	-0.867223	0.007392	0.508325	0.298710	0.807699
14659	5.975022	0.043341	8.230896	-0.001366	0.022939	0.008906	-0.702752	-0.398482	0.589366	0.497889	-0.867210	0.007338	0.508180	0.298595	0.807833
14660	5.893711	0.040679	8.297950	-0.004474	0.013175	0.008194	-0.702760	-0.398572	0.589296	0.497911	-0.867198	0.007248	0.508147	0.298511	0.807885
14661	5.834200	0.042188	8.308529	-0.007861	0.001993	0.008093	-0.702706	-0.398604	0.589338	0.497877	-0.867218	0.007100	0.508255	0.298408	0.807855
14662	5.818706	0.120849	8.372611	-0.003562	-0.011828	0.007138	-0.702592	-0.398610	0.589470	0.497896	-0.867208	0.007024	0.508394	0.298430	0.807759
14663	5.924103	0.080844	8.279334	-0.000522	-0.023702	0.005741	-0.702454	-0.398525	0.589692	0.497873	-0.867222	0.006992	0.508607	0.298503	0.807598
14664	6.025091	0.089771	8.262395	-0.010579	-0.024793	0.008604	-0.702266	-0.398505	0.589929	0.497867	-0.867227	0.006850	0.508872	0.298516	0.807426
14665	6.027606	0.000831	8.286335	-0.003691	-0.020873	0.010639	-0.702092	-0.398520	0.590125	0.497890	-0.867214	0.006715	0.509089	0.298532	0.807284
14666	6.122652	-0.096979	8.205802	-0.005354	-0.016919	0.006053	-0.701958	-0.398501	0.590298	0.497893	-0.867213	0.006631	0.509272	0.298560	0.807158
14667	6.102727	-0.212081	8.231077	0.004131	-0.002000	-0.001976	-0.701932	-0.398477	0.590346	0.497877	-0.867222	0.006620	0.509323	0.298566	0.807123
14668	5.853587	0.008417	8.315009	0.014004	-0.004105	-0.008783	-0.701936	-0.398367	0.590414	0.497874	-0.867223	0.006779	0.509320	0.298710	0.807072
14669	5.873288	-0.004794	8.309540	0.010916	-0.018068	-0.011363	-0.701889	-0.398172	0.590603	0.497796	-0.867267	0.006902	0.509462	0.298844	0.806933
14670	6.074866	0.146334	8.256013	0.013735	-0.024743	-0.012962	-0.701809	-0.397964	0.590837	0.497762	-0.867285	0.007083	0.509605	0.299067	0.806760
14671	6.090465	0.049011	8.241291	0.007492	-0.020855	-0.007720	-0.701716	-0.397851	0.591024	0.497737	-0.867299	0.007131	0.509758	0.299178	0.806622
14672	6.097068	0.023741	8.218842	0.012137	-0.011619	-0.007183	-0.701674	-0.397733	0.591153	0.497735	-0.867299	0.007265	0.509817	0.299336	0.806527
14673	6.187595	0.084262	8.139382	0.007280	-0.000634	-0.005005	-0.701689	-0.397573	0.591243	0.497642	-0.867351	0.007364	0.509887	0.299395	0.806460
14674	6.072699	0.044145	8.189717	0.007143	0.009542	0.003285	-0.701703	-0.397609	0.591202	0.497688	-0.867325	0.007397	0.509823	0.299425	0.806489
14675	6.050887	0.040239	8.246298	0.007975	0.013800	0.001447	-0.701724	-0.397626	0.591166	0.497683	-0.867327	0.007383	0.509798	0.299394	0.806516
14676	5.931950	0.045655	8.267605	0.005382	0.015272	0.003251	-0.701768	-0.397678	0.591079	0.497720	-0.867306	0.007402	0.509703	0.299386	0.806580
14677	5.931535	0.068680	8.323499	0.006311	0.005284	0.005124	-0.701794	-0.397683	0.591044	0.497737	-0.867296	0.007444	0.509649	0.299409	0.806605
14678	6.016265	0.043970	8.236188	-0.000095	0.001778	0.004554	-0.701762	-0.397707	0.591066	0.497755	-0.867286	0.007411	0.509676	0.299407	0.806589
14679	6.062011	-0.058198	8.234942	0.002959	0.004921	0.006079	-0.701712	-0.397749	0.591098	0.497771	-0.867278	0.007330	0.509730	0.299375	0.806567
14680	6.023829	-0.249868	8.185543	-0.003766	0.020861	0.001593	-0.701792	-0.397804	0.590966	0.497749	-0.867290	0.007284	0.509641	0.299265	0.806664
14681	5.808578	-0.212074	8.226522	0.013763	0.005292	-0.007117	-0.701852	-0.397686	0.590974	0.497701	-0.867317	0.007432	0.509606	0.299344	0.806657
14682	5.828074	-0.311940	8.247167	0.025765	-0.005461	-0.030234	-0.701956	-0.397386	0.591052	0.497606	-0.867368	0.007813	0.509555	0.299595	0.806596
14683	5.913211	0.243588	8.363523	0.039651	-0.018615	-0.035502	-0.702062	-0.397029	0.591166	0.497548	-0.867396	0.008335	0.509466	0.299985	0.806507
14684	5.880942	0.232640	8.401148	0.033905	-0.033532	-0.033577	-0.702040	-0.396616	0.591469	0.497471	-0.867436	0.008802	0.509571	0.300418	0.806279
14685	6.150134	0.399172	8.318867	0.020629	-0.038410	-0.024991	-0.701982	-0.396242	0.591789	0.497354	-0.867500	0.009114	0.509766	0.300726	0.806041
14686	6.101887	0.418885	8.309679	0.001741	-0.031576	-0.003906	-0.701822	-0.396091	0.592079	0.497322	-0.867518	0.009145	0.510017	0.300872	0.805828
14687	6.041103	0.226695	8.279876	0.000927	-0.033271	0.009114	-0.701608	-0.396072	0.592346	0.497374	-0.867489	0.009071	0.510261	0.300981	0.805633
14688	6.190049	0.130014	8.154694	-0.004585	-0.023341	0.017063	-0.701385	-0.396128	0.592571	0.497456	-0.867443	0.008927	0.510486	0.301039	0.805469
14689	6.159993	-0.066694	8.137780	-0.006049	-0.005369	0.017450	-0.701280	-0.396226	0.592631	0.497498	-0.867421	0.008760	0.510590	0.300976	0.805427
14690	6.266959	-0.263655	8.045434	0.001306	0.011438	0.012660	-0.701257	-0.396349	0.592576	0.497580	-0.867374	0.008689	0.510541	0.300947	0.805468
14691	6.169841	-0.295928	8.147619	0.019621	0.036010	0.000469	-0.701402	-0.396388	0.592378	0.497609	-0.867357	0.008801	0.510315	0.300946	0.805612
14692	6.104248	-0.001689	8.245522	0.024710	0.047302	-0.006856	-0.701659	-0.396449	0.592032	0.497673	-0.867318	0.009035	0.509898	0.300978	0.805864
14693	6.030843	0.056434	8.301468	0.024993	0.048717	-0.007466	-0.701924	-0.396443	0.591722	0.497659	-0.867323	0.009251	0.509547	0.300970	0.806089
14694	6.056024	-0.009348	8.256961	0.017585	0.052772	-0.007223	-0.702211	-0.396518	0.591332	0.497684	-0.867307	0.009430	0.509128	0.300918	0.806373
14695	6.056671	-0.033918	8.239005	0.019459	0.060278	-0.008826	-0.702542	-0.396596	0.590887	0.497674	-0.867311	0.009587	0.508680	0.300805	0.806697
14696	5.968916	0.011947	8.278742	0.016337	0.054710	-0.007657	-0.702840	-0.396672	0.590481	0.497690	-0.867300	0.009758	0.508253	0.300735	0.806993
14697	5.933969	0.146577	8.248559	0.017124	0.052341	-0.008668	-0.703149	-0.396816	0.590015	0.497744	-0.867268	0.009902	0.507772	0.300639	0.807331
14698	5.964935	0.076355	8.237970	0.005827	0.048995	-0.008120	-0.703420	-0.396872	0.589655	0.497703	-0.867290	0.009991	0.507437	0.300501	0.807593
14699	5.929425	0.103715	8.283799	0.015990	0.035846	-0.007242	-0.703659	-0.396799	0.589418	0.497636	-0.867326	0.010201	0.507170	0.300494	0.807764
14700	5.821949	0.208409	8.296565	-0.009250	0.022386	0.005771	-0.703726	-0.396895	0.589274	0.497616	-0.867339	0.010086	0.507097	0.300330	0.807870
14701	5.804648	0.372362	8.335475	-0.046269	-0.008916	0.035447	-0.703535	-0.397072	0.589383	0.497546	-0.867385	0.009547	0.507431	0.299962	0.807798
14702	5.900344	0.289192	8.311058	-0.100338	-0.026808	0.064082	-0.703062	-0.397526	0.589641	0.497473	-0.867439	0.008353	0.508157	0.299203	0.807622
14703	5.994687	0.183701	8.336941	-0.097113	-0.031302	0.068528	-0.702584	-0.397974	0.589909	0.497413	-0.867484	0.007185	0.508877	0.298476	0.807438
14704	5.978614	0.054321	8.254729	-0.072053	-0.033511	0.059853	-0.702098	-0.398371	0.590220	0.497452	-0.867469	0.006244	0.509510	0.297990	0.807219
14705	6.136349	0.010433	8.223285	-0.063653	-0.024286	0.054292	-0.701710	-0.398660	0.590486	0.497409	-0.867499	0.005419	0.510086	0.297516	0.807030
14706	6.153894	-0.054182	8.213185	-0.050788	-0.009019	0.045329	-0.701421	-0.399004	0.590597	0.497454	-0.867478	0.004736	0.510440	0.297116	0.806953
14707	6.169660	-0.029329	8.178769	-0.035629	0.007555	0.037043	-0.701279	-0.399313	0.590556	0.497486	-0.867462	0.004212	0.510603	0.296747	0.806986
14708	6.125446	-0.088539	8.180821	-0.034095	0.027889	0.032371	-0.701243	-0.399655	0.590368	0.497525	-0.867442	0.003740	0.510615	0.296346	0.807125
14709	6.029657	-0.304202	8.227040	-0.021015	0.037959	0.023609	-0.701317	-0.399872	0.590133	0.497485	-0.867466	0.003421	0.510552	0.295982	0.807299
14710	6.044921	-0.123027	8.229490	-0.006171	0.038104	0.013002	-0.701429	-0.400076	0.589862	0.497530	-0.867440	0.003289	0.510354	0.295781	0.807497
14711	5.918543	-0.179928	8.298861	-0.002583	0.049931	0.005879	-0.701621	-0.400267	0.589504	0.497517	-0.867448	0.003152	0.510102	0.295500	0.807760
14712	5.802911	0.042671	8.415515	0.009267	0.032695	-0.002570	-0.701783	-0.400319	0.589276	0.497532	-0.867440	0.003236	0.509865	0.295455	0.807926
14713	5.862685	-0.027315	8.380912	0.011268	0.009181	-0.007973	-0.701850	-0.400229	0.589257	0.497467	-0.867477	0.003322	0.509837	0.295467	0.807939
14714	5.944950	0.017760	8.319742	0.010636	-0.000277	-0.005945	-0.701860	-0.400154	0.589295	0.497464	-0.867478	0.003437	0.509825	0.295566	0.807910
14715	5.926618	0.033389	8.324211	0.001762	-0.009924	-0.001848	-0.701791	-0.400108	0.589409	0.497427	-0.867499	0.003388	0.509956	0.295566	0.807828
14716	5.986422	0.118273	8.288156	-0.006632	-0.019159	0.003714	-0.701657	-0.400061	0.589600	0.497405	-0.867512	0.003307	0.510162	0.295590	0.807688
14717	5.998833	0.086651	8.299414	-0.015929	-0.018407	0.007418	-0.701511	-0.399992	0.589821	0.497285	-0.867582	0.003094	0.510481	0.295480	0.807528
14718	6.016738	0.028161	8.289005	-0.012644	-0.024667	0.007276	-0.701331	-0.399960	0.590057	0.497257	-0.867599	0.002943	0.510756	0.295474	0.807356
14719	6.069094	0.095879	8.269759	-0.021109	-0.015464	0.011028	-0.701230	-0.399975	0.590166	0.497191	-0.867637	0.002731	0.510957	0.295341	0.807277
14720	6.094374	0.052037	8.242541	-0.023123	-0.015348	0.009737	-0.701085	-0.399992	0.590327	0.497126	-0.867675	0.002481	0.511219	0.295207	0.807161
14721	6.234070	-0.150057	8.161051	-0.026806	-0.000351	0.018807	-0.700995	-0.400089	0.590368	0.497047	-0.867721	0.002139	0.511419	0.294940	0.807131
14722	6.276051	-0.297352	8.155729	-0.022775	0.024475	0.018781	-0.701009	-0.400302	0.590208	0.497048	-0.867721	0.001838	0.511400	0.294650	0.807249
14723	6.350595	-0.207222	8.173548	-0.011649	0.052200	0.022880	-0.701168	-0.400571	0.589835	0.497066	-0.867711	0.001605	0.511164	0.294313	0.807522
14724	6.005399	-0.270160	8.279421	-0.018047	0.080480	0.032770	-0.701399	-0.401070	0.589222	0.497189	-0.867642	0.001260	0.510728	0.293839	0.807970
14725	5.883391	-0.027526	8.313825	-0.008550	0.082902	0.033031	-0.701633	-0.401542	0.588622	0.497300	-0.867578	0.000939	0.510299	0.293380	0.808408
14726	5.791137	-0.049990	8.294733	0.002228	0.070799	0.028093	-0.701836	-0.401971	0.588086	0.497493	-0.867468	0.000785	0.509830	0.293120	0.808798
14727	5.790828	-0.188565	8.246684	-0.010393	0.060283	0.017786	-0.702061	-0.402291	0.587599	0.497538	-0.867442	0.000575	0.509477	0.292756	0.809152
14728	5.845593	-0.368051	8.289909	0.004508	0.041990	0.008993	-0.702212	-0.402469	0.587296	0.497609	-0.867401	0.000552	0.509199	0.292631	0.809372
14729	5.917404	-0.053246	8.228397	0.016603	0.034561	0.003693	-0.702346	-0.402563	0.587071	0.497651	-0.867377	0.000594	0.508973	0.292573	0.809535
14730	5.971177	0.101122	8.221298	0.006653	0.027530	0.000084	-0.702468	-0.402623	0.586884	0.497670	-0.867366	0.000641	0.508786	0.292525	0.809670
14731	5.880733	0.194560	8.335814	-0.004273	0.028058	-0.002693	-0.702634	-0.402663	0.586658	0.497600	-0.867407	0.000610	0.508626	0.292349	0.809835
14732	5.884218	0.102649	8.396125	-0.006551	0.018376	-0.007144	-0.702745	-0.402633	0.586546	0.497501	-0.867463	0.000592	0.508568	0.292223	0.809916
14733	5.955052	-0.021815	8.318418	-0.012385	0.013534	-0.010844	-0.702867	-0.402608	0.586417	0.497365	-0.867541	0.000517	0.508533	0.292027	0.810009
14734	5.890231	-0.015953	8.294615	-0.014372	-0.002256	0.000843	-0.702834	-0.402586	0.586472	0.497283	-0.867588	0.000389	0.508660	0.291916	0.809970
14735	6.056748	0.114489	8.283139	-0.024244	-0.006008	0.015061	-0.702720	-0.402635	0.586574	0.497185	-0.867644	0.000066	0.508911	0.291682	0.809896
14736	6.081127	0.047404	8.201233	-0.028368	-0.004007	0.017031	-0.702598	-0.402749	0.586643	0.497146	-0.867667	-0.000270	0.509120	0.291457	0.809846
14737	6.105131	0.024784	8.230505	-0.028586	0.007897	0.029927	-0.702492	-0.402965	0.586621	0.497137	-0.867672	-0.000692	0.509273	0.291144	0.809862
14738	6.058409	-0.075167	8.227390	-0.022083	0.017999	0.029740	-0.702418	-0.403253	0.586511	0.497218	-0.867625	-0.001052	0.509296	0.290885	0.809941
14739	5.957729	-0.087936	8.243211	-0.018249	0.018765	0.030264	-0.702362	-0.403583	0.586352	0.497326	-0.867563	-0.001417	0.509269	0.290612	0.810055
14740	5.959038	0.039067	8.223855	-0.008471	0.018417	0.028044	-0.702299	-0.403858	0.586239	0.497464	-0.867483	-0.001657	0.509221	0.290469	0.810137
14741	5.952258	-0.024545	8.271302	-0.007121	0.014705	0.023919	-0.702233	-0.404111	0.586143	0.497570	-0.867422	-0.001919	0.509208	0.290299	0.810206
14742	5.953008	-0.271109	8.296116	-0.013545	0.019597	0.027085	-0.702180	-0.404381	0.586020	0.497676	-0.867360	-0.002194	0.509177	0.290107	0.810294
14743	5.871814	-0.186536	8.337243	0.007936	0.003783	0.020961	-0.702056	-0.404553	0.586049	0.497813	-0.867281	-0.002335	0.509214	0.290104	0.810272
14744	5.824471	0.182128	8.370483	0.009575	-0.002697	0.014341	-0.701953	-0.404648	0.586107	0.497948	-0.867204	-0.002348	0.509225	0.290202	0.810230
14745	5.753856	0.395169	8.423521	0.022247	-0.024044	0.000280	-0.701839	-0.404562	0.586304	0.498033	-0.867155	-0.002181	0.509299	0.290468	0.810088
14746	5.796548	0.342801	8.497092	0.001368	-0.036385	0.001307	-0.701629	-0.404445	0.586635	0.498034	-0.867155	-0.002185	0.509587	0.290631	0.809849
14747	5.604099	0.743100	8.589940	-0.004062	-0.071724	0.009073	-0.701214	-0.404245	0.587269	0.497998	-0.867175	-0.002296	0.510193	0.290848	0.809389
14748	5.692306	0.144029	8.396844	-0.046185	-0.096072	0.016336	-0.700624	-0.404086	0.588082	0.497861	-0.867252	-0.002773	0.511136	0.290841	0.808797
14749	5.668265	-0.316912	8.447676	-0.003988	-0.123695	-0.004227	-0.699991	-0.403705	0.589096	0.497797	-0.867289	-0.002844	0.512065	0.291260	0.808058
14750	5.875505	-0.403895	8.485626	0.030641	-0.150430	-0.028514	-0.699344	-0.402997	0.590348	0.497740	-0.867323	-0.002435	0.513004	0.292137	0.807145
14751	6.048072	-0.241947	8.239996	0.044933	-0.151481	-0.047190	-0.698812	-0.402077	0.591604	0.497570	-0.867422	-0.001796	0.513893	0.293109	0.806227
14752	5.989115	-0.021922	8.285192	0.070547	-0.150905	-0.057092	-0.698302	-0.401117	0.592857	0.497519	-0.867453	-0.000896	0.514635	0.294331	0.805307
14753	5.949486	0.382554	8.330429	0.074320	-0.160900	-0.043729	-0.697681	-0.400270	0.594160	0.497578	-0.867419	-0.000086	0.515420	0.295581	0.804347
14754	5.915578	0.363603	8.342538	0.083058	-0.181130	-0.025922	-0.696857	-0.399487	0.595651	0.497811	-0.867285	0.000729	0.516308	0.297030	0.803243
14755	5.674800	0.403046	8.590359	0.057353	-0.197361	0.002332	-0.695792	-0.398932	0.597266	0.498103	-0.867117	0.001098	0.517462	0.298264	0.802042
14756	5.706208	0.312675	8.670159	0.082387	-0.252044	0.029379	-0.694321	-0.398411	0.599322	0.498719	-0.866762	0.001575	0.518842	0.299987	0.800507
14757	5.636374	0.945999	8.688000	0.118116	-0.321887	0.075347	-0.692284	-0.398124	0.601864	0.499862	-0.866103	0.002044	0.520463	0.302264	0.798596
14758	5.062822	1.118169	9.235972	0.086460	-0.406586	0.147533	-0.689406	-0.398145	0.605145	0.501317	-0.865262	0.001836	0.522877	0.304635	0.796113
14759	5.311601	0.092051	9.111339	0.131611	-0.568854	0.215044	-0.685325	-0.398217	0.609716	0.503423	-0.864039	0.001531	0.526208	0.307994	0.792619
14760	4.495309	-0.246899	9.824217	0.352082	-0.789091	0.316703	-0.679539	-0.398473	0.615992	0.507428	-0.861691	0.002365	0.529852	0.314179	0.787749
14761	2.992626	-0.879789	11.750347	0.567071	-1.181564	0.428892	-0.671040	-0.398394	0.625290	0.513314	-0.858191	0.004087	0.534991	0.323712	0.780382
14762	3.234304	-0.933333	11.825959	0.490236	-1.639329	0.489583	-0.659654	-0.397169	0.638055	0.519199	-0.854640	0.004788	0.543405	0.334436	0.769976
14763	4.083438	0.013338	11.528517	0.626188	-2.242276	0.529252	-0.644613	-0.393953	0.655191	0.525990	-0.850469	0.006128	0.554805	0.348574	0.755438
14764	4.384158	1.140916	11.754205	0.563309	-2.639465	0.595335	-0.626613	-0.389579	0.674970	0.532923	-0.846140	0.006369	0.568638	0.363698	0.737818
14765	5.371460	0.399013	11.199212	0.382151	-2.983278	0.663775	-0.605833	-0.383959	0.696809	0.539017	-0.842283	0.004523	0.585173	0.378332	0.717243
14766	5.783856	0.680308	10.134358	0.581640	-3.345742	0.738818	-0.581939	-0.377184	0.720471	0.546842	-0.837229	0.003386	0.601923	0.395954	0.693476
14767	7.618072	1.200990	10.334358	0.597075	-3.596985	0.825715	-0.555345	-0.369435	0.745057	0.555032	-0.831828	0.001245	0.619299	0.414222	0.667000
14768	7.711529	2.184727	9.454912	0.796451	-3.793397	0.955432	-0.526170	-0.361221	0.769848	0.565180	-0.824967	-0.000798	0.635387	0.434683	0.638227
14769	12.720300	9.066547	11.759568	1.222609	-3.890044	0.961601	-0.495702	-0.351565	0.794155	0.577711	-0.816241	-0.000742	0.648483	0.458424	0.607715
14770	11.473124	17.692522	15.497281	-0.681947	-2.954875	0.909301	-0.470992	-0.345341	0.811730	0.577606	-0.816226	-0.012109	0.666737	0.463157	0.583907
14771	19.228755	5.826680	16.645358	-2.045616	-1.748332	0.263137	-0.457424	-0.339458	0.821907	0.564896	-0.824745	-0.026244	0.686772	0.452288	0.569016
14772	11.955064	0.246085	15.507021	-1.602019	-0.480588	-0.802555	-0.458544	-0.330626	0.824878	0.550112	-0.834597	-0.028717	0.697935	0.440607	0.564581
14773	3.654208	0.970570	12.090924	-0.372005	0.207782	-1.641978	-0.468755	-0.317720	0.824210	0.539813	-0.841605	-0.017416	0.699193	0.436755	0.566016
14774	-2.347873	5.143515	9.084769	-0.379743	0.290850	-1.992483	-0.481398	-0.302109	0.822792	0.527673	-0.849442	-0.003163	0.699869	0.432642	0.568334
14775	-3.731641	4.568021	8.426383	-1.074779	0.100942	-1.854377	-0.491656	-0.286510	0.822305	0.510895	-0.859622	0.005952	0.705167	0.423038	0.569016
14776	-2.403244	-2.337344	8.669723	-1.652194	0.048001	-1.555978	-0.499767	-0.273218	0.821939	0.491446	-0.870858	0.009337	0.713241	0.408605	0.569499
14777	-0.581288	-7.489509	9.411413	-1.126161	0.164049	-1.199615	-0.506664	-0.263015	0.821045	0.476927	-0.878850	0.012777	0.718215	0.398052	0.570721
14778	1.178454	-6.094433	10.710875	-0.259619	0.459129	-0.842698	-0.513924	-0.257388	0.818312	0.470745	-0.882082	0.018196	0.717134	0.394567	0.574486
14779	2.247363	-3.990462	11.128208	-0.174594	0.975880	-0.378778	-0.522670	-0.257398	0.812750	0.466927	-0.884063	0.020292	0.713299	0.390100	0.582260
14780	2.293611	-3.900165	10.484335	-0.239115	1.484794	-0.015033	-0.533254	-0.262985	0.804039	0.465131	-0.885038	0.019005	0.706607	0.384118	0.594272
14781	2.179452	-4.028761	9.363857	-0.188823	1.872924	0.154274	-0.545711	-0.270901	0.792977	0.463870	-0.885747	0.016633	0.697871	0.376915	0.609025
14782	2.270355	-2.961269	8.462819	-0.106179	2.153309	0.178262	-0.559762	-0.280494	0.779737	0.464101	-0.885663	0.014573	0.686496	0.370034	0.625938
14783	2.905115	-1.804039	7.967817	-0.173996	2.359733	0.137683	-0.575310	-0.289975	0.764809	0.463124	-0.886207	0.012372	0.674192	0.361319	0.644138
14784	4.159712	-1.427683	7.673253	-0.316158	2.531492	0.077845	-0.591824	-0.299655	0.748299	0.461447	-0.887114	0.009712	0.660916	0.351048	0.663291
14785	5.767361	-1.859892	7.216197	-0.411072	2.698664	0.037831	-0.609436	-0.309116	0.730093	0.458604	-0.888616	0.006581	0.646738	0.338834	0.683316
14786	6.967222	-3.257887	6.580740	-0.321913	2.853957	0.007396	-0.627606	-0.318656	0.710330	0.456573	-0.889676	0.004290	0.630596	0.327010	0.703856
14787	7.498326	-4.137919	5.914223	-0.059533	2.924085	-0.029001	-0.646074	-0.327647	0.689373	0.455666	-0.890142	0.003977	0.612337	0.316694	0.724396
14788	7.935812	-3.496571	5.714743	0.141323	2.887470	-0.054192	-0.663699	-0.336163	0.668204	0.456142	-0.889891	0.005376	0.592822	0.308364	0.743958
14789	8.321686	-2.861217	5.541362	0.098611	2.794346	-0.050591	-0.680397	-0.344029	0.647073	0.456020	-0.889947	0.006347	0.573677	0.299397	0.762402
14790	8.407007	-2.743539	5.369691	-0.030139	2.636971	-0.062867	-0.695555	-0.351215	0.626779	0.455396	-0.890265	0.006508	0.555714	0.289959	0.779170
14791	8.319173	-2.332260	5.355261	-0.211678	2.444818	-0.134576	-0.709727	-0.356781	0.607449	0.452933	-0.891527	0.005562	0.539573	0.279081	0.794339
14792	8.022337	-2.058333	5.413497	-0.441892	2.231863	-0.236896	-0.722664	-0.360737	0.589598	0.448861	-0.893595	0.003430	0.525624	0.267126	0.807690
14793	7.707807	-1.786599	5.429441	-0.644960	2.006406	-0.333094	-0.734748	-0.362775	0.573184	0.442720	-0.896660	0.000003	0.513950	0.253762	0.819427
14794	8.452522	-0.984100	5.650332	-0.809575	1.778446	-0.361987	-0.745376	-0.363890	0.558568	0.435897	-0.899985	-0.004634	0.504389	0.240024	0.829446
14795	10.359818	-0.745697	5.670587	-0.983857	1.637762	-0.373464	-0.755348	-0.364113	0.544859	0.427813	-0.903801	-0.010899	0.496413	0.224866	0.838457
14796	12.036141	-0.771956	5.253063	-1.043962	1.548232	-0.428544	-0.764775	-0.363573	0.531915	0.419390	-0.907640	-0.017399	0.489113	0.209773	0.846619
14797	13.325771	-0.096571	4.626324	-1.029427	1.478449	-0.502723	-0.774187	-0.361778	0.519376	0.410184	-0.911697	-0.023630	0.482062	0.194746	0.854219
14798	13.950693	1.097193	3.778954	-1.050158	1.400339	-0.547534	-0.783095	-0.359378	0.507552	0.400870	-0.915649	-0.029838	0.475463	0.180097	0.861104
14799	13.845082	2.025557	2.832508	-1.169285	1.289924	-0.542721	-0.791462	-0.356425	0.496537	0.390772	-0.919730	-0.037326	0.469984	0.164490	0.867213
14800	13.787654	1.580095	1.937959	-1.249326	1.121330	-0.504870	-0.798641	-0.353509	0.487035	0.380889	-0.923490	-0.045722	0.465935	0.148991	0.872185
14801	14.032078	0.502465	1.063708	-1.085263	0.905657	-0.483674	-0.804756	-0.350160	0.479329	0.371729	-0.926829	-0.052964	0.462802	0.135558	0.876036
14802	14.042573	0.174091	0.188275	-0.732252	0.659528	-0.427237	-0.809357	-0.347039	0.473820	0.364879	-0.929286	-0.057366	0.460223	0.126457	0.878751
14803	13.506217	0.490763	-0.243098	-0.328220	0.380520	-0.319462	-0.812324	-0.344407	0.470653	0.360586	-0.930869	-0.058824	0.458375	0.121927	0.880356
14804	13.047434	1.389848	-0.225678	-0.014292	0.084912	-0.192875	-0.813391	-0.342695	0.470059	0.358929	-0.931557	-0.058056	0.457783	0.121495	0.880723
14805	12.429283	2.002670	0.119565	0.143852	-0.196993	-0.078321	-0.812802	-0.341624	0.471854	0.358807	-0.931701	-0.056485	0.458924	0.123394	0.879865
14806	12.310789	1.803913	0.937326	0.229369	-0.439266	-0.027813	-0.810864	-0.340795	0.475772	0.359613	-0.931517	-0.054351	0.461712	0.127023	0.877888
14807	13.182445	2.038817	2.340036	0.302812	-0.553880	-0.020633	-0.808377	-0.339822	0.480674	0.360759	-0.931228	-0.051642	0.465167	0.131661	0.875377
14808	8.294065	-1.512959	7.142763	0.067364	-0.322481	0.111014	-0.806456	-0.340408	0.483479	0.361946	-0.930770	-0.051602	0.467573	0.133378	0.873834
14809	4.501496	-8.110228	9.975848	1.684703	-0.581881	-0.150963	-0.804280	-0.338133	0.488672	0.368535	-0.928909	-0.036199	0.466172	0.150978	0.871716
