// General information: 
//  MT Manager version: 2022.2.0 
//  XDA version: 2022.2.0 build 7381 rev 124627 built on 2023-07-19
// Device information: 
//  DeviceId: 00B4CAF0
//  ProductCode: MTW2-3A7G6
//  Firmware Version: 4.6.0
//  Hardware Version: 2.0.0
// Device settings: 
//  Filter Profile: human(46.1)
//  Option Flags: Orientation Smoother Disabled, Position/Velocity Smoother Disabled, Continuous Zero Rotation Update Disabled, AHS Disabled, ICC Disabled
// Coordinate system: ENU
PacketCounter	Acc_X	Acc_Y	Acc_Z	Gyr_X	Gyr_Y	Gyr_Z	Mat[1][1]	Mat[2][1]	Mat[3][1]	Mat[1][2]	Mat[2][2]	Mat[3][2]	Mat[1][3]	Mat[2][3]	Mat[3][3]
52803	4.484392	0.073005	9.210105	0.002196	0.009127	0.002383	0.882865	0.172954	0.436618	-0.195655	0.980647	0.007169	-0.426928	-0.091756	0.899618
52804	4.465325	0.088132	9.265536	0.003103	0.011076	0.002103	0.882897	0.172948	0.436557	-0.195643	0.980649	0.007172	-0.426869	-0.091741	0.899648
52805	4.489939	0.078371	9.233700	0.002954	0.007830	0.003950	0.882910	0.172984	0.436517	-0.195679	0.980642	0.007174	-0.426825	-0.091751	0.899668
52806	4.496540	0.083618	9.256782	0.004373	0.008312	0.003650	0.882927	0.172990	0.436480	-0.195686	0.980640	0.007182	-0.426787	-0.091754	0.899685
52807	4.470736	0.064554	9.243345	0.005792	0.008794	0.003349	0.882953	0.172941	0.436446	-0.195640	0.980649	0.007209	-0.426754	-0.091751	0.899701
52808	4.480268	0.073938	9.212104	0.000777	0.008644	0.002682	0.882973	0.172939	0.436406	-0.195623	0.980653	0.007188	-0.426720	-0.091718	0.899721
52809	4.486947	0.079259	9.235147	0.006566	0.005687	0.001719	0.882980	0.172913	0.436403	-0.195613	0.980655	0.007228	-0.426711	-0.091748	0.899722
52810	4.471159	0.098820	9.236064	0.003878	0.007969	0.000471	0.883001	0.172888	0.436369	-0.195589	0.980659	0.007245	-0.426677	-0.091747	0.899738
52811	4.468025	0.065736	9.244648	0.005395	0.005376	0.003608	0.883003	0.172932	0.436348	-0.195649	0.980647	0.007272	-0.426646	-0.091792	0.899748
52812	4.462921	0.094482	9.213769	0.006927	0.000973	0.003545	0.882989	0.172931	0.436377	-0.195666	0.980643	0.007303	-0.426668	-0.091833	0.899734
52813	4.517680	0.105405	9.272460	0.006680	0.000802	0.001957	0.882982	0.172868	0.436417	-0.195619	0.980652	0.007344	-0.426704	-0.091856	0.899715
52814	4.502819	0.095617	9.227102	0.004487	0.003427	0.003887	0.882977	0.172872	0.436424	-0.195628	0.980651	0.007351	-0.426709	-0.091868	0.899711
52815	4.502559	0.095976	9.227225	0.006169	0.002269	0.001977	0.882987	0.172777	0.436443	-0.195543	0.980667	0.007389	-0.426729	-0.091867	0.899701
52816	4.509797	0.101425	9.249991	0.003843	-0.000161	0.002557	0.882969	0.172765	0.436483	-0.195537	0.980668	0.007396	-0.426767	-0.091879	0.899682
52817	4.476694	0.106606	9.259629	0.007061	0.006029	0.004895	0.883001	0.172656	0.436463	-0.195430	0.980690	0.007430	-0.426752	-0.091858	0.899692
52818	4.468845	0.101685	9.237153	0.000381	0.005228	0.002938	0.883006	0.172653	0.436453	-0.195413	0.980693	0.007404	-0.426749	-0.091827	0.899696
52819	4.501413	0.096933	9.227774	0.005756	0.000663	0.005434	0.882989	0.172660	0.436484	-0.195434	0.980689	0.007425	-0.426773	-0.091860	0.899681
52820	4.498652	0.063682	9.236188	0.002558	0.004413	0.004206	0.882989	0.172668	0.436482	-0.195438	0.980688	0.007413	-0.426773	-0.091851	0.899682
52821	4.490479	0.088076	9.259683	0.004240	0.003255	0.002297	0.882999	0.172669	0.436460	-0.195449	0.980686	0.007441	-0.426745	-0.091876	0.899693
52822	4.485467	0.116617	9.228755	0.003579	0.001478	0.004166	0.882986	0.172674	0.436485	-0.195457	0.980684	0.007439	-0.426769	-0.091883	0.899681
52823	4.504992	0.069303	9.259390	0.002708	0.007658	0.002358	0.883004	0.172679	0.436448	-0.195462	0.980683	0.007446	-0.426731	-0.091884	0.899699
52824	4.474683	0.078468	9.214781	0.004240	0.003255	0.002297	0.883002	0.172668	0.436456	-0.195456	0.980684	0.007459	-0.426738	-0.091894	0.899695
52825	4.506615	0.103345	9.251521	0.006567	0.005685	0.001717	0.883014	0.172587	0.436463	-0.195384	0.980698	0.007496	-0.426745	-0.091897	0.899691
52826	4.463394	0.069861	9.246854	0.000875	0.005571	0.006114	0.883014	0.172615	0.436451	-0.195398	0.980696	0.007461	-0.426738	-0.091870	0.899697
52827	4.495768	0.065145	9.237582	0.007572	0.004560	0.004874	0.883016	0.172658	0.436431	-0.195464	0.980682	0.007504	-0.426704	-0.091933	0.899707
52828	4.505216	0.104041	9.252194	0.003483	0.004551	0.000728	0.883023	0.172632	0.436428	-0.195441	0.980687	0.007516	-0.426701	-0.091933	0.899708
52829	4.484432	0.056472	9.269678	0.001537	0.007349	0.004245	0.883043	0.172595	0.436401	-0.195390	0.980697	0.007502	-0.426682	-0.091893	0.899721
52830	4.496710	0.099087	9.230044	0.003713	0.006534	0.005514	0.883049	0.172618	0.436380	-0.195410	0.980693	0.007496	-0.426661	-0.091892	0.899731
52831	4.500898	0.070915	9.261369	0.003219	0.006190	0.002336	0.883057	0.172682	0.436339	-0.195484	0.980678	0.007512	-0.426611	-0.091931	0.899751
52832	4.502869	0.104497	9.253332	0.003466	0.006362	0.003925	0.883065	0.172690	0.436319	-0.195489	0.980677	0.007510	-0.426592	-0.091928	0.899760
52833	4.502248	0.104664	9.253632	0.005378	0.007186	0.006802	0.883096	0.172578	0.436300	-0.195367	0.980701	0.007517	-0.426582	-0.091877	0.899770
52834	4.481343	0.057102	9.271167	0.001044	0.007005	0.001067	0.883113	0.172558	0.436274	-0.195336	0.980708	0.007506	-0.426562	-0.091849	0.899782
52835	4.501025	0.104977	9.254223	0.005395	0.005375	0.003605	0.883125	0.172513	0.436268	-0.195296	0.980715	0.007528	-0.426556	-0.091850	0.899785
52836	4.500962	0.075801	9.208471	0.001290	0.007176	0.002655	0.883139	0.172509	0.436242	-0.195281	0.980719	0.007512	-0.426534	-0.091824	0.899798
52837	4.492580	0.100140	9.232043	0.003976	0.004894	0.003905	0.883139	0.172573	0.436215	-0.195356	0.980703	0.007528	-0.426499	-0.091866	0.899811
52838	4.499308	0.105386	9.255054	0.002956	0.007829	0.003944	0.883153	0.172582	0.436183	-0.195360	0.980703	0.007522	-0.426468	-0.091855	0.899827
52839	4.496085	0.072072	9.263697	0.003712	0.006533	0.005513	0.883158	0.172523	0.436197	-0.195291	0.980717	0.007512	-0.426489	-0.091820	0.899820
52840	4.510577	0.053072	9.263440	0.002463	0.007485	0.000766	0.883177	0.172500	0.436167	-0.195264	0.980722	0.007515	-0.426462	-0.091805	0.899834
52841	4.502045	0.077489	9.287078	0.002710	0.007657	0.002355	0.883205	0.172432	0.436139	-0.195187	0.980737	0.007520	-0.426441	-0.091770	0.899848
52842	4.471775	0.086597	9.242437	0.004732	0.003597	0.005474	0.883198	0.172452	0.436145	-0.195211	0.980732	0.007522	-0.426444	-0.091784	0.899845
52843	4.511370	0.086768	9.255976	-0.000146	0.008507	0.006150	0.883221	0.172479	0.436088	-0.195220	0.980731	0.007490	-0.426393	-0.091749	0.899873
52844	4.485546	0.067306	9.242534	0.002200	0.009124	0.002373	0.883243	0.172474	0.436043	-0.195206	0.980734	0.007484	-0.426352	-0.091728	0.899895
52845	4.476847	0.091727	9.266245	0.003619	0.009605	0.002073	0.883266	0.172431	0.436014	-0.195159	0.980743	0.007493	-0.426326	-0.091710	0.899909
52846	4.493693	0.106157	9.257773	0.002200	0.009124	0.002373	0.883289	0.172425	0.435970	-0.195145	0.980746	0.007486	-0.426285	-0.091690	0.899930
52847	4.470576	0.120273	9.235931	0.001801	0.005708	0.002635	0.883290	0.172491	0.435941	-0.195215	0.980732	0.007487	-0.426250	-0.091715	0.899944
52848	4.474724	0.091923	9.267269	-0.000129	0.006695	0.002953	0.883302	0.172490	0.435919	-0.195196	0.980736	0.007457	-0.426235	-0.091676	0.899955
52849	4.495066	0.110085	9.204272	0.001383	0.004104	0.006092	0.883289	0.172506	0.435938	-0.195203	0.980735	0.007429	-0.426258	-0.091658	0.899946
52850	4.488835	0.072533	9.267209	0.001537	0.007348	0.004242	0.883301	0.172517	0.435909	-0.195203	0.980735	0.007408	-0.426234	-0.091634	0.899960
52851	4.481000	0.067428	9.244738	0.002556	0.004412	0.004204	0.883317	0.172464	0.435898	-0.195141	0.980747	0.007406	-0.426229	-0.091604	0.899965
52852	4.483159	0.100955	9.236613	0.003976	0.004892	0.003905	0.883319	0.172470	0.435892	-0.195148	0.980746	0.007409	-0.426222	-0.091608	0.899968
52853	4.472291	0.092023	9.268442	0.003730	0.004720	0.002316	0.883325	0.172409	0.435903	-0.195087	0.980758	0.007419	-0.426236	-0.091592	0.899963
52854	4.471848	0.092241	9.268654	0.003976	0.004892	0.003904	0.883327	0.172415	0.435897	-0.195094	0.980756	0.007422	-0.426229	-0.091597	0.899966
52855	4.468830	0.058957	9.277194	0.002556	0.004412	0.004204	0.883341	0.172357	0.435893	-0.195028	0.980770	0.007418	-0.426232	-0.091564	0.899968
52856	4.481404	0.101700	9.237457	0.005395	0.005372	0.003605	0.883345	0.172361	0.435882	-0.195039	0.980767	0.007435	-0.426218	-0.091581	0.899973
52857	4.481062	0.101988	9.237619	0.005241	0.002129	0.005456	0.883351	0.172333	0.435881	-0.195017	0.980771	0.007454	-0.426215	-0.091589	0.899974
52858	4.475157	0.064746	9.300386	0.003576	0.001476	0.004167	0.883338	0.172339	0.435905	-0.195025	0.980770	0.007452	-0.426239	-0.091595	0.899962
52859	4.471018	0.063858	9.223299	0.004595	-0.001459	0.004130	0.883324	0.172226	0.435979	-0.194912	0.980792	0.007460	-0.426320	-0.091567	0.899926
52860	4.485718	0.074415	9.268704	0.005769	-0.001152	0.002242	0.883303	0.172210	0.436027	-0.194912	0.980792	0.007486	-0.426363	-0.091599	0.899903
52861	4.473232	0.127384	9.260878	0.005259	0.000316	0.002260	0.883266	0.172307	0.436063	-0.195038	0.980767	0.007515	-0.426382	-0.091686	0.899885
52862	4.510766	0.094496	9.282527	0.003840	-0.000164	0.002560	0.883249	0.172295	0.436103	-0.195032	0.980768	0.007522	-0.426420	-0.091698	0.899865
52863	4.503442	0.089503	9.259810	0.002156	0.000997	0.004466	0.883250	0.172192	0.436142	-0.194916	0.980791	0.007509	-0.426471	-0.091644	0.899846
52864	4.495998	0.084605	9.237151	0.006415	0.002436	0.003567	0.883242	0.172192	0.436158	-0.194930	0.980788	0.007535	-0.426481	-0.091676	0.899838
52865	4.495844	0.085061	9.237222	0.006925	0.000968	0.003549	0.883237	0.172135	0.436190	-0.194888	0.980796	0.007572	-0.426510	-0.091696	0.899823
52866	4.480530	0.104605	9.237848	0.004241	0.003252	0.002296	0.883235	0.172123	0.436199	-0.194882	0.980797	0.007585	-0.426517	-0.091706	0.899818
52867	4.477581	0.071639	9.246363	0.007080	0.004211	0.001697	0.883226	0.172166	0.436199	-0.194952	0.980783	0.007632	-0.426503	-0.091779	0.899818
52868	4.512709	0.100454	9.228743	0.003066	0.002944	0.004184	0.883219	0.172173	0.436211	-0.194958	0.980782	0.007625	-0.426515	-0.091777	0.899812
52869	4.494600	0.086431	9.237815	0.005396	0.005372	0.003603	0.883241	0.172093	0.436199	-0.194878	0.980798	0.007649	-0.426506	-0.091761	0.899818
52870	4.494219	0.086647	9.237998	0.003066	0.002944	0.004184	0.883234	0.172099	0.436210	-0.194884	0.980797	0.007642	-0.426518	-0.091760	0.899812
52871	4.486569	0.081646	9.215442	0.004222	0.005064	0.005490	0.883235	0.172142	0.436191	-0.194933	0.980787	0.007651	-0.426493	-0.091785	0.899822
52872	4.501210	0.062722	9.215145	0.005397	0.005371	0.003602	0.883240	0.172145	0.436181	-0.194943	0.980785	0.007668	-0.426479	-0.091803	0.899827
52873	4.484858	0.111605	9.261992	0.003378	0.009430	0.000479	0.883281	0.172108	0.436111	-0.194907	0.980792	0.007693	-0.426410	-0.091796	0.899860
52874	4.492064	0.087754	9.239035	0.007080	0.004210	0.001697	0.883284	0.172092	0.436111	-0.194907	0.980791	0.007733	-0.426403	-0.091832	0.899860
52875	4.498767	0.093287	9.262045	0.004378	0.008307	0.003637	0.883309	0.172086	0.436064	-0.194904	0.980792	0.007750	-0.426355	-0.091836	0.899882
52876	4.523561	0.083327	9.230285	0.000784	0.008644	0.002665	0.883329	0.172083	0.436024	-0.194886	0.980795	0.007729	-0.426321	-0.091802	0.899902
52877	4.492482	0.121728	9.231735	0.003869	0.009775	0.003655	0.883354	0.172119	0.435960	-0.194925	0.980788	0.007742	-0.426252	-0.091819	0.899933
52878	4.493609	0.060258	9.271639	0.003869	0.009775	0.003654	0.883377	0.172127	0.435910	-0.194929	0.980787	0.007745	-0.426202	-0.091813	0.899957
52879	4.470409	0.074444	9.249811	0.002958	0.007827	0.003936	0.883392	0.172109	0.435886	-0.194906	0.980791	0.007743	-0.426180	-0.091797	0.899969
52880	4.492118	0.060597	9.272360	0.004887	0.006839	0.003620	0.883403	0.172114	0.435862	-0.194914	0.980790	0.007755	-0.426154	-0.091807	0.899980
52881	4.486726	0.089155	9.241616	0.003379	0.009429	0.000478	0.883431	0.172082	0.435818	-0.194882	0.980796	0.007773	-0.426110	-0.091800	0.900001
52882	4.468164	0.075196	9.250889	0.004378	0.008306	0.003636	0.883448	0.172088	0.435781	-0.194888	0.980795	0.007781	-0.426072	-0.091803	0.900019
52883	4.499863	0.100089	9.287759	0.007080	0.004209	0.001698	0.883464	0.172020	0.435776	-0.194835	0.980805	0.007829	-0.426064	-0.091821	0.900021
52884	4.469703	0.109313	9.243037	0.001049	0.007003	0.001058	0.883480	0.172000	0.435751	-0.194805	0.980811	0.007818	-0.426044	-0.091793	0.900034
52885	4.481783	0.056730	9.251102	-0.000264	0.001641	0.001605	0.883479	0.172021	0.435745	-0.194822	0.980807	0.007807	-0.426039	-0.091790	0.900036
52886	4.466693	0.075825	9.251594	-0.001156	-0.002120	-0.001306	0.883461	0.171969	0.435801	-0.194761	0.980820	0.007786	-0.426104	-0.091756	0.900009
52887	4.491920	0.095058	9.265350	-0.002576	-0.002599	-0.001007	0.883427	0.171914	0.435892	-0.194694	0.980833	0.007751	-0.426205	-0.091713	0.899966
52888	4.509987	0.108774	9.256321	-0.008011	-0.004343	0.001777	0.883394	0.171891	0.435969	-0.194631	0.980847	0.007655	-0.426303	-0.091615	0.899929
52889	4.463018	0.102933	9.220034	-0.003731	-0.004719	-0.002313	0.883369	0.171774	0.436065	-0.194494	0.980874	0.007617	-0.426416	-0.091540	0.899883
52890	4.483039	0.055040	9.250503	-0.008098	-0.001273	-0.001664	0.883356	0.171719	0.436114	-0.194400	0.980893	0.007535	-0.426487	-0.091437	0.899860
52891	4.472643	0.045674	9.282080	-0.000734	-0.000518	-0.004764	0.883335	0.171665	0.436178	-0.194347	0.980904	0.007534	-0.426555	-0.091425	0.899829
52892	4.478175	0.112703	9.265212	0.003456	-0.005392	-0.000368	0.883301	0.171619	0.436264	-0.194314	0.980910	0.007551	-0.426640	-0.091442	0.899787
52893	4.486362	0.088771	9.241796	0.003858	-0.001977	-0.000632	0.883288	0.171541	0.436321	-0.194246	0.980924	0.007578	-0.426697	-0.091447	0.899759
52894	4.486560	0.089301	9.241695	0.007452	-0.002314	0.000340	0.883266	0.171505	0.436379	-0.194236	0.980925	0.007628	-0.426747	-0.091498	0.899731
52895	4.488858	0.152839	9.279174	0.009870	-0.002958	0.003200	0.883239	0.171536	0.436423	-0.194309	0.980910	0.007699	-0.426771	-0.091601	0.899709
52896	4.476947	0.081575	9.272883	0.007647	-0.010267	0.004029	0.883175	0.171529	0.436553	-0.194333	0.980905	0.007734	-0.426891	-0.091667	0.899645
52897	4.503304	0.072269	9.240375	0.010154	-0.006412	-0.001599	0.883123	0.171541	0.436655	-0.194399	0.980891	0.007821	-0.426969	-0.091792	0.899595
52898	4.501477	0.039744	9.248361	0.006667	-0.010959	-0.002323	0.883069	0.171471	0.436791	-0.194362	0.980898	0.007876	-0.427097	-0.091850	0.899529
52899	4.494457	0.064818	9.271198	0.008979	-0.006719	0.000288	0.883044	0.171285	0.436916	-0.194199	0.980930	0.007937	-0.427225	-0.091858	0.899467
52900	4.457811	0.099098	9.249054	0.013610	-0.011806	-0.001968	0.882986	0.171217	0.437060	-0.194195	0.980930	0.008052	-0.427346	-0.091985	0.899396
52901	4.481430	0.086226	9.270675	0.009860	-0.014711	-0.001087	0.882917	0.171137	0.437230	-0.194164	0.980935	0.008136	-0.427502	-0.092077	0.899313
52902	4.505945	0.043565	9.246167	0.006373	-0.019258	-0.001810	0.882827	0.171064	0.437440	-0.194131	0.980941	0.008185	-0.427703	-0.092147	0.899210
52903	4.482257	0.054280	9.277394	0.005462	-0.021206	-0.001528	0.882732	0.170957	0.437674	-0.194060	0.980955	0.008229	-0.427931	-0.092199	0.899096
52904	4.466689	0.040829	9.285257	0.007919	-0.025478	-0.005056	0.882621	0.170847	0.437940	-0.194005	0.980965	0.008307	-0.428185	-0.092294	0.898966
52905	4.420457	-0.000205	9.387757	-0.003577	-0.034368	-0.003994	0.882476	0.170711	0.438285	-0.193882	0.980990	0.008282	-0.428539	-0.092284	0.898798
52906	4.364561	-0.077616	9.343933	-0.004146	-0.052783	-0.006163	0.882250	0.170565	0.438796	-0.193765	0.981013	0.008256	-0.429057	-0.092307	0.898549
52907	4.385244	0.056952	9.384575	-0.008694	-0.076096	-0.012235	0.881931	0.170356	0.439519	-0.193598	0.981046	0.008221	-0.429788	-0.092340	0.898196
52908	4.322852	-0.000244	9.416436	-0.011713	-0.103819	-0.018370	0.881508	0.170042	0.440487	-0.193341	0.981098	0.008181	-0.430770	-0.092376	0.897722
52909	3.846905	0.197832	9.629245	-0.044049	-0.149100	-0.037620	0.880924	0.169498	0.441863	-0.192777	0.981210	0.007940	-0.432215	-0.092175	0.897048
52910	3.696286	0.769813	9.941348	-0.088816	-0.187070	-0.175041	0.880438	0.167571	0.443564	-0.190806	0.981596	0.007903	-0.434076	-0.091592	0.896208
52911	3.111325	0.857550	10.216477	-0.285102	-0.371569	-0.331242	0.879435	0.163897	0.446913	-0.186551	0.982422	0.006812	-0.437940	-0.089363	0.894552
52912	3.850009	-0.406374	9.963189	-0.257752	-0.508543	-0.354935	0.877838	0.159921	0.451471	-0.182253	0.983233	0.006088	-0.442927	-0.087626	0.892265
52913	3.878296	-0.009748	10.069925	-0.232235	-0.660591	-0.333543	0.875504	0.155977	0.457344	-0.178192	0.983980	0.005532	-0.449155	-0.086339	0.889272
52914	3.861695	-0.106670	10.249946	-0.233336	-0.828208	-0.326542	0.872315	0.152015	0.464714	-0.174236	0.984691	0.004952	-0.456847	-0.085290	0.885447
52915	3.880705	-0.281178	10.329798	-0.220861	-1.002903	-0.316285	0.868213	0.147973	0.473615	-0.170378	0.985369	0.004469	-0.466024	-0.084574	0.880721
52916	4.174922	-0.621755	10.346504	-0.201674	-1.188312	-0.326356	0.863147	0.143715	0.484069	-0.166557	0.986023	0.004248	-0.476693	-0.084291	0.875019
52917	4.369635	-0.334651	10.416353	-0.204429	-1.347131	-0.364043	0.857227	0.138934	0.495842	-0.162371	0.986721	0.004235	-0.488669	-0.084140	0.868403
52918	4.548897	-1.084415	10.426180	-0.188904	-1.487200	-0.416216	0.850513	0.133536	0.508719	-0.157835	0.987454	0.004680	-0.501712	-0.084274	0.860920
52919	4.708459	-1.786219	10.650210	-0.028529	-1.578710	-0.463306	0.843191	0.127563	0.522261	-0.153700	0.988094	0.006806	-0.515175	-0.086010	0.852758
52920	5.372563	-1.152108	10.769940	0.110346	-1.656995	-0.517903	0.835310	0.120955	0.536309	-0.149883	0.988648	0.010473	-0.528955	-0.089131	0.843956
52921	5.259402	-0.967742	10.207316	0.187246	-1.687395	-0.587361	0.827107	0.113681	0.550427	-0.146084	0.989155	0.015222	-0.542728	-0.092999	0.834744
52922	4.009842	-1.284498	10.460884	0.182646	-1.611837	-0.624632	0.819135	0.105935	0.563733	-0.141899	0.989675	0.020209	-0.555772	-0.096547	0.825710
52923	3.174057	-1.299689	10.792185	0.211658	-1.536886	-0.623234	0.811342	0.098208	0.576264	-0.137939	0.990113	0.025472	-0.568065	-0.100156	0.816867
52924	2.409284	-1.913597	11.296092	0.150929	-1.406327	-0.542054	0.803993	0.091374	0.587577	-0.134380	0.990480	0.029845	-0.579257	-0.102954	0.808618
52925	1.829522	-3.062804	11.276136	0.125970	-1.254000	-0.328695	0.797037	0.086907	0.597645	-0.132593	0.990629	0.032777	-0.589195	-0.105368	0.801091
52926	3.387225	-3.513576	12.269262	0.115907	-1.013292	0.018289	0.790982	0.085972	0.605770	-0.133378	0.990496	0.033585	-0.597125	-0.107362	0.794931
52927	3.790875	-3.503731	13.384350	0.061254	-0.499721	0.364417	0.787453	0.089131	0.609896	-0.136710	0.990100	0.031816	-0.601023	-0.108432	0.791842
52928	1.781150	-3.576671	12.504032	0.079989	0.000366	0.618590	0.786572	0.095215	0.610113	-0.142012	0.989450	0.028669	-0.600946	-0.109194	0.791796
52929	0.148853	-2.859516	11.453574	0.143709	0.293541	0.767786	0.787153	0.103124	0.608075	-0.148862	0.988541	0.025054	-0.598524	-0.110240	0.793484
52930	-0.111733	-1.940254	10.960224	0.114069	0.486631	0.857699	0.788727	0.112098	0.604436	-0.156253	0.987499	0.020754	-0.594554	-0.110814	0.796383
52931	0.379403	-1.503109	11.026784	0.028808	0.697775	0.923751	0.791378	0.122041	0.599022	-0.163730	0.986386	0.015346	-0.588994	-0.110222	0.800586
52932	0.896038	-1.385141	11.036806	-0.040908	0.955712	0.961023	0.795343	0.132522	0.591495	-0.171068	0.985215	0.009289	-0.581519	-0.108574	0.806255
52933	1.231253	-1.211093	10.840636	-0.084441	1.223343	0.973929	0.800653	0.143488	0.581692	-0.178373	0.983959	0.002800	-0.571959	-0.106000	0.813404
52934	1.492546	-1.091648	10.471728	-0.101079	1.451714	0.960215	0.807109	0.154408	0.569854	-0.185473	0.982643	-0.003563	-0.560513	-0.102817	0.821738
52935	1.964769	-0.830558	10.252851	-0.103618	1.639922	0.934015	0.814396	0.165344	0.556256	-0.192545	0.981239	-0.009770	-0.547436	-0.099148	0.830953
52936	2.502800	-0.709975	10.050782	-0.117942	1.804489	0.915440	0.822333	0.176034	0.541091	-0.199354	0.979800	-0.015789	-0.532941	-0.094885	0.840816
52937	3.057336	-0.740046	9.894722	-0.116906	1.945183	0.900801	0.830709	0.186681	0.524474	-0.206148	0.978280	-0.021694	-0.517133	-0.090098	0.851150
52938	3.665473	-0.826041	9.751304	-0.109715	2.072911	0.917155	0.839315	0.197425	0.506532	-0.213203	0.976624	-0.027374	-0.500096	-0.085018	0.861787
52939	4.218139	-0.921415	9.553930	-0.080192	2.163162	0.944994	0.847893	0.208368	0.487504	-0.220632	0.974802	-0.032913	-0.482077	-0.079652	0.872500
52940	4.669718	-0.917338	9.353034	-0.057700	2.226390	0.989439	0.856182	0.219681	0.467646	-0.228745	0.972738	-0.038159	-0.463280	-0.074301	0.883092
52941	5.169769	-0.897663	9.238827	-0.022309	2.264078	1.033275	0.864047	0.231394	0.447079	-0.237528	0.970420	-0.043199	-0.443850	-0.068868	0.893451
52942	5.590197	-0.918343	9.134618	-0.009272	2.273725	1.085631	0.871277	0.243383	0.426194	-0.246864	0.967859	-0.048039	-0.424188	-0.063357	0.903355
52943	5.867639	-0.991794	9.003974	0.019524	2.241528	1.138302	0.877677	0.255796	0.405279	-0.256900	0.964999	-0.052725	-0.404581	-0.057841	0.912671
52944	6.143781	-1.082080	8.841368	0.046147	2.161703	1.174438	0.883130	0.268271	0.384853	-0.267379	0.961906	-0.056960	-0.385473	-0.052598	0.921219
52945	6.421629	-1.016834	8.769098	0.071483	2.055681	1.190367	0.887604	0.280790	0.365125	-0.278201	0.958591	-0.060884	-0.367101	-0.047537	0.928966
52946	6.758980	-0.847321	8.854687	0.067185	1.933602	1.198222	0.891131	0.293094	0.346385	-0.289057	0.955134	-0.064541	-0.349760	-0.042610	0.935870
52947	7.046233	-0.760053	8.796823	0.049022	1.794786	1.182664	0.893788	0.305096	0.328724	-0.299739	0.951580	-0.068203	-0.333615	-0.037572	0.941960
52948	7.239283	-0.661875	8.788944	0.020872	1.655858	1.132803	0.895733	0.316404	0.312332	-0.309902	0.948064	-0.071659	-0.318784	-0.032605	0.947267
52949	7.349568	-0.652566	8.762974	0.007440	1.519211	1.029617	0.897218	0.326639	0.297163	-0.319153	0.944743	-0.074844	-0.305190	-0.027689	0.951889
52950	7.429253	-0.528144	8.674052	-0.001135	1.374368	0.881557	0.898478	0.335272	0.283425	-0.327024	0.941838	-0.077437	-0.292903	-0.023111	0.955863
52951	7.347827	-0.384526	8.557991	-0.036739	1.232238	0.693214	0.899720	0.342093	0.271063	-0.333168	0.939484	-0.079809	-0.281961	-0.018503	0.959247
52952	7.199753	-0.395375	8.294204	-0.077226	1.080789	0.491073	0.901070	0.346847	0.260326	-0.337336	0.937817	-0.081880	-0.272538	-0.014037	0.962042
52953	6.945784	-0.267861	7.993144	-0.108683	0.923617	0.279700	0.902583	0.349633	0.251199	-0.339599	0.936836	-0.083726	-0.264606	-0.009737	0.964308
52954	6.486902	-0.171682	7.566550	-0.169173	0.763446	0.081183	0.904304	0.350420	0.243805	-0.339851	0.936577	-0.085585	-0.258333	-0.005462	0.966041
52955	5.985307	-0.219972	7.377199	-0.236354	0.584295	-0.091857	0.906090	0.349629	0.238245	-0.338447	0.936888	-0.087725	-0.253880	-0.001147	0.967235
52956	5.796029	-0.199915	7.422232	-0.318579	0.422326	-0.231506	0.907937	0.347423	0.234408	-0.335503	0.937702	-0.090286	-0.251173	0.003329	0.967937
52957	5.955268	-0.317272	7.682035	-0.412017	0.318809	-0.318431	0.909775	0.344465	0.231630	-0.331609	0.938762	-0.093601	-0.249688	0.008346	0.968290
52958	5.871978	-0.530415	7.707232	-0.477351	0.276594	-0.360604	0.911653	0.341016	0.229340	-0.327096	0.939956	-0.097419	-0.248791	0.013796	0.968459
52959	5.528340	-0.587305	7.665237	-0.496794	0.258704	-0.365112	0.913462	0.337579	0.227218	-0.322555	0.941097	-0.101459	-0.248085	0.019389	0.968544
52960	5.014720	-0.581984	7.483477	-0.482257	0.237047	-0.329378	0.915105	0.334395	0.225307	-0.318310	0.942108	-0.105411	-0.247512	0.024745	0.968569
52961	4.683243	-0.556104	7.423448	-0.422975	0.190094	-0.265638	0.916400	0.331864	0.223781	-0.314839	0.942869	-0.108971	-0.247160	0.029406	0.968529
52962	4.758726	-0.437150	7.551947	-0.356305	0.147340	-0.148720	0.917230	0.330385	0.222563	-0.312556	0.943260	-0.112116	-0.246976	0.033273	0.968450
52963	4.759838	-0.139670	7.643816	-0.267703	0.112949	-0.001924	0.917501	0.330347	0.221501	-0.311883	0.943165	-0.114759	-0.246823	0.036209	0.968384
52964	4.739996	0.360772	7.592867	-0.174731	0.089628	0.160016	0.917222	0.331793	0.220493	-0.312881	0.942580	-0.116831	-0.246596	0.038172	0.968366
52965	4.386814	0.702916	7.521544	-0.079364	0.039915	0.283347	0.916417	0.334464	0.219803	-0.315286	0.941598	-0.118272	-0.246524	0.039086	0.968348
52966	2.409565	-3.789515	4.917395	0.801948	-0.748994	0.307376	0.913578	0.337582	0.226745	-0.320054	0.940848	-0.111222	-0.250879	0.029039	0.967583
52967	6.375015	3.119554	5.032173	1.088464	-1.159181	0.189339	0.910006	0.339630	0.237784	-0.324549	0.940441	-0.101187	-0.257988	0.014908	0.966033
52968	6.923288	3.820175	7.083649	0.918957	-1.193423	0.187182	0.906268	0.341461	0.249163	-0.328617	0.939893	-0.092800	-0.265874	0.002222	0.964005
52969	3.375890	2.170642	10.908038	0.873797	-1.047840	0.118111	0.903054	0.342510	0.259192	-0.332005	0.939466	-0.084717	-0.272518	-0.009549	0.962103
52970	-0.208361	2.109895	10.961526	0.955303	-1.027566	-0.229836	0.900985	0.340156	0.269294	-0.332525	0.940111	-0.074952	-0.278662	-0.022016	0.960137
52971	0.592495	3.302715	9.575392	0.849658	-1.248397	-0.597708	0.899431	0.334147	0.281725	-0.329508	0.941900	-0.065183	-0.287138	-0.034204	0.957278
52972	3.869232	3.238885	10.647725	0.670679	-1.337953	-0.727319	0.897902	0.326727	0.294996	-0.324891	0.944050	-0.056700	-0.297016	-0.044930	0.953815
52973	5.137681	3.256824	11.552901	0.399551	-1.256044	-0.710812	0.896402	0.319345	0.307379	-0.319667	0.946169	-0.050767	-0.307044	-0.052751	0.950232
52974	4.394173	1.044634	10.651084	0.087380	-1.210288	-0.579704	0.894458	0.313155	0.319185	-0.314708	0.947967	-0.048144	-0.317653	-0.057387	0.946469
52975	3.793154	-0.534926	10.209707	-0.003420	-1.240015	-0.520879	0.892084	0.307410	0.331188	-0.309975	0.949608	-0.046485	-0.328789	-0.061191	0.942419
52976	3.116536	-0.796128	9.634307	-0.038990	-1.316332	-0.467778	0.889113	0.302101	0.343820	-0.305638	0.951070	-0.045295	-0.340681	-0.064812	0.937942
52977	4.725734	-1.106796	10.233092	-0.156811	-1.384377	-0.373253	0.885446	0.297568	0.356987	-0.301714	0.952314	-0.045455	-0.353489	-0.067460	0.933003
52978	6.867477	-2.821786	11.455414	-0.077208	-1.272954	-0.323420	0.881838	0.293574	0.369021	-0.298537	0.953336	-0.045020	-0.365017	-0.070466	0.928330
52979	9.997315	-5.131322	12.255021	0.546932	-1.077861	-0.408256	0.879078	0.288812	0.379221	-0.296894	0.954137	-0.038429	-0.372928	-0.078806	0.924508
52980	5.850333	-2.465094	9.917672	0.573029	-0.622736	-0.251704	0.877485	0.285862	0.385101	-0.296789	0.954400	-0.032195	-0.376743	-0.086043	0.922313
52981	4.107805	-0.931427	9.778342	0.635100	-0.681390	-0.250032	0.875644	0.282808	0.391495	-0.296945	0.954557	-0.025385	-0.380883	-0.094024	0.919830
52982	6.128582	1.236463	10.379625	0.546514	-0.585497	-0.234035	0.874092	0.279967	0.396966	-0.296947	0.954696	-0.019460	-0.384430	-0.100868	0.917627
52983	5.397798	1.342325	9.940367	0.354763	-0.430636	-0.176039	0.872951	0.277784	0.400989	-0.296716	0.954840	-0.015513	-0.387189	-0.105437	0.915952
52984	5.192535	0.741475	9.998164	0.272488	-0.360984	-0.127828	0.871922	0.276140	0.404350	-0.296617	0.954914	-0.012523	-0.389577	-0.109018	0.914519
52985	5.280304	0.888375	9.857857	0.185479	-0.274797	-0.079556	0.871085	0.275013	0.406914	-0.296581	0.954950	-0.010508	-0.391473	-0.111530	0.913406
52986	4.770256	0.652228	9.673062	0.125352	-0.196336	-0.046656	0.870446	0.274310	0.408750	-0.296624	0.954950	-0.009191	-0.392858	-0.113245	0.912600
52987	4.431382	0.087385	9.511951	0.086959	-0.179682	-0.018315	0.869795	0.273860	0.410436	-0.296736	0.954923	-0.008323	-0.394214	-0.114552	0.911851
52988	4.373083	-0.156892	9.401673	0.069978	-0.165182	-0.017868	0.869189	0.273463	0.411982	-0.296814	0.954905	-0.007630	-0.395490	-0.115651	0.911160
52989	4.339663	-0.384918	9.306578	0.070216	-0.150785	-0.020529	0.868653	0.273021	0.413403	-0.296843	0.954901	-0.006905	-0.396645	-0.116717	0.910522
52990	4.123457	-0.436695	9.255601	0.082383	-0.138373	-0.031700	0.868190	0.272519	0.414703	-0.296852	0.954904	-0.006042	-0.397649	-0.117860	0.909937
52991	4.039409	-0.518598	9.249281	0.076584	-0.159190	-0.051898	0.867710	0.271767	0.416200	-0.296638	0.954976	-0.005130	-0.398855	-0.119009	0.909259
52992	4.114166	-0.355717	9.241265	0.088412	-0.180984	-0.065601	0.867174	0.270887	0.417886	-0.296380	0.955062	-0.004071	-0.400210	-0.120323	0.908490
52993	4.362030	-0.166664	9.302750	0.102362	-0.186970	-0.069475	0.866629	0.269930	0.419632	-0.296119	0.955147	-0.002853	-0.401581	-0.121789	0.907690
52994	4.328099	0.102997	9.329796	0.087383	-0.184802	-0.068508	0.866081	0.269013	0.421349	-0.295835	0.955237	-0.001790	-0.402970	-0.123100	0.906897
52995	4.443440	0.296962	9.509643	0.074774	-0.191095	-0.059306	0.865484	0.268144	0.423127	-0.295556	0.955325	-0.000863	-0.404455	-0.124311	0.906070
52996	4.558609	0.135459	9.483180	0.055718	-0.180897	-0.041898	0.864868	0.267481	0.424803	-0.295377	0.955381	-0.000198	-0.405902	-0.125305	0.905286
52997	4.630084	0.290993	9.395530	0.047642	-0.163167	-0.031913	0.864297	0.266904	0.426325	-0.295227	0.955427	0.000367	-0.407225	-0.126180	0.904570
52998	4.522215	0.218811	9.420525	0.038229	-0.150517	-0.019689	0.863734	0.266488	0.427724	-0.295170	0.955444	0.000780	-0.408459	-0.126925	0.903909
52999	4.448230	0.106860	9.338665	0.034406	-0.142987	-0.011410	0.863181	0.266128	0.429061	-0.295143	0.955453	0.001139	-0.409645	-0.127617	0.903275
53000	4.453253	-0.012219	9.285118	0.028011	-0.141438	-0.008695	0.862619	0.265827	0.430376	-0.295140	0.955453	0.001412	-0.410829	-0.128239	0.902648
53001	4.300695	-0.025643	9.364594	0.038430	-0.145037	-0.010497	0.862053	0.265470	0.431729	-0.295136	0.955454	0.001804	-0.412018	-0.128974	0.902002
53002	4.387797	0.021999	9.243857	0.034456	-0.159166	-0.010415	0.861420	0.265127	0.433202	-0.295146	0.955450	0.002143	-0.413334	-0.129704	0.901294
53003	4.233989	-0.197643	9.241797	0.047881	-0.166671	-0.010944	0.860761	0.264735	0.434747	-0.295178	0.955439	0.002621	-0.414681	-0.130584	0.900549
53004	4.293902	-0.194928	9.193642	0.039943	-0.184181	-0.019580	0.860046	0.264270	0.436443	-0.295133	0.955451	0.003049	-0.416194	-0.131431	0.899727
53005	4.776676	-0.062282	9.339794	0.054043	-0.201414	-0.022862	0.859271	0.263720	0.438298	-0.295095	0.955461	0.003633	-0.417819	-0.132462	0.898822
53006	4.298222	-0.202732	9.219006	0.046211	-0.166176	-0.018907	0.858623	0.263281	0.439828	-0.295083	0.955463	0.004115	-0.419156	-0.133319	0.898073
53007	4.760232	0.091746	9.279113	0.072448	-0.158854	-0.023056	0.858022	0.262782	0.441298	-0.295122	0.955447	0.004864	-0.420358	-0.134410	0.897348
53008	4.921503	0.135082	9.238521	0.056261	-0.122778	-0.019080	0.857554	0.262397	0.442436	-0.295152	0.955435	0.005437	-0.421292	-0.135248	0.896784
53009	4.812817	0.383588	9.241480	0.036826	-0.084130	-0.011361	0.857230	0.262108	0.443233	-0.295143	0.955435	0.005816	-0.421956	-0.135803	0.896387
53010	4.720786	0.410857	9.319216	0.013482	-0.085301	-0.000103	0.856862	0.261954	0.444035	-0.295156	0.955431	0.005921	-0.422694	-0.136133	0.895990
53011	4.712359	0.341730	9.258341	-0.001423	-0.081242	0.004238	0.856504	0.261815	0.444808	-0.295117	0.955443	0.005889	-0.423447	-0.136314	0.895607
53012	4.641510	0.088955	9.343780	-0.014312	-0.082975	0.010198	0.856114	0.261762	0.445589	-0.295101	0.955449	0.005699	-0.424246	-0.136373	0.895220
53013	4.631718	0.161862	9.274716	-0.014531	-0.080144	0.005171	0.855756	0.261634	0.446351	-0.295014	0.955477	0.005546	-0.425027	-0.136426	0.894841
53014	4.638974	0.100804	9.258830	-0.033356	-0.087191	0.006217	0.855359	0.261537	0.447169	-0.294883	0.955519	0.005204	-0.425917	-0.136314	0.894434
53015	4.678589	0.029996	9.233505	-0.043192	-0.085623	-0.000015	0.854992	0.261350	0.447979	-0.294628	0.955600	0.004818	-0.426829	-0.136107	0.894031
53016	4.656783	0.037307	9.184628	-0.004043	-0.072313	0.004079	0.854663	0.261253	0.448663	-0.294602	0.955608	0.004748	-0.427505	-0.136235	0.893689
53017	4.657998	0.062737	9.203453	-0.008559	-0.067649	-0.003435	0.854383	0.261056	0.449310	-0.294463	0.955651	0.004687	-0.428160	-0.136310	0.893363
53018	4.628756	0.038639	9.165446	-0.017735	-0.055434	0.000861	0.854134	0.260951	0.449843	-0.294352	0.955687	0.004509	-0.428732	-0.136263	0.893096
53019	4.595852	0.015881	9.182317	0.046941	-0.052610	0.003652	0.853895	0.260846	0.450358	-0.294515	0.955634	0.004910	-0.429097	-0.136830	0.892835
53020	4.604340	0.078948	9.137350	0.028793	-0.056782	-0.003714	0.853654	0.260695	0.450902	-0.294563	0.955618	0.005168	-0.429543	-0.137231	0.892559
53021	4.579643	0.062906	9.176580	0.022421	-0.055208	-0.000893	0.853417	0.260543	0.451439	-0.294584	0.955611	0.005371	-0.430001	-0.137570	0.892286
53022	4.640903	0.042246	9.132794	0.019541	-0.056009	-0.000252	0.853168	0.260426	0.451976	-0.294622	0.955598	0.005531	-0.430467	-0.137881	0.892013
53023	4.696034	-0.010797	9.099192	0.026966	-0.047276	0.000872	0.852960	0.260300	0.452441	-0.294676	0.955580	0.005768	-0.430842	-0.138244	0.891776
53024	4.646112	-0.012213	9.170913	0.038445	-0.037529	-0.000535	0.852792	0.260205	0.452813	-0.294794	0.955541	0.006098	-0.431095	-0.138687	0.891585
53025	4.603827	0.020452	9.178539	0.038964	-0.027580	0.000305	0.852669	0.260102	0.453103	-0.294896	0.955508	0.006442	-0.431268	-0.139111	0.891435
53026	4.732738	0.074469	9.119028	0.019685	-0.023543	-0.000854	0.852562	0.260023	0.453350	-0.294930	0.955496	0.006606	-0.431457	-0.139339	0.891308
53027	4.715170	0.063633	9.128108	0.007587	-0.005546	0.005301	0.852519	0.259999	0.453444	-0.294939	0.955493	0.006647	-0.431535	-0.139405	0.891260
53028	4.710415	0.090715	9.149962	0.019379	-0.002177	0.004254	0.852489	0.259999	0.453501	-0.295016	0.955468	0.006785	-0.431542	-0.139574	0.891230
53029	4.724271	0.129645	9.162177	0.006371	0.000803	0.008369	0.852465	0.260012	0.453538	-0.295045	0.955459	0.006803	-0.431568	-0.139614	0.891211
53030	4.667873	0.152251	9.203621	0.002273	0.006356	0.012088	0.852449	0.260098	0.453519	-0.295115	0.955438	0.006753	-0.431553	-0.139597	0.891221
53031	4.737578	-0.063817	9.258413	-0.007738	0.000028	0.009720	0.852417	0.260124	0.453564	-0.295097	0.955444	0.006639	-0.431628	-0.139504	0.891199
53032	4.605996	-0.061194	9.251980	0.014405	0.006364	0.007952	0.852413	0.260171	0.453545	-0.295183	0.955417	0.006715	-0.431578	-0.139603	0.891208
53033	4.439777	0.152943	9.312490	0.011387	-0.014306	0.003486	0.852338	0.260118	0.453716	-0.295194	0.955413	0.006800	-0.431717	-0.139731	0.891120
53034	4.453405	0.072890	9.353586	-0.009207	-0.067529	0.001625	0.852033	0.260001	0.454355	-0.295125	0.955435	0.006695	-0.432366	-0.139796	0.890796
53035	4.424933	-0.096745	9.377907	-0.027449	-0.107729	-0.009738	0.851592	0.259693	0.455358	-0.294858	0.955519	0.006494	-0.433416	-0.139796	0.890285
53036	4.403005	-0.003882	9.361287	-0.012806	-0.146174	-0.016707	0.850998	0.259291	0.456695	-0.294617	0.955594	0.006441	-0.434745	-0.140031	0.889600
53037	4.445201	0.157809	9.357494	-0.002601	-0.203328	-0.016659	0.850159	0.258780	0.458544	-0.294396	0.955662	0.006493	-0.436532	-0.140513	0.888648
53038	4.317582	0.179103	9.450293	-0.015104	-0.260664	-0.016770	0.849059	0.258215	0.460895	-0.294143	0.955740	0.006420	-0.438837	-0.141020	0.887432
53039	4.394548	-0.051651	9.369450	0.001262	-0.353864	-0.022283	0.847563	0.257436	0.464072	-0.293893	0.955816	0.006533	-0.441886	-0.141925	0.885773
53040	4.196613	0.089834	9.619526	-0.029990	-0.412343	-0.028233	0.845808	0.256541	0.467756	-0.293477	0.955945	0.006384	-0.445511	-0.142676	0.883835
53041	3.790989	0.206921	9.903540	0.021386	-0.552036	-0.002831	0.843340	0.255659	0.472669	-0.293484	0.955941	0.006584	-0.450161	-0.144274	0.881215
53042	4.071280	0.116215	9.817713	0.010386	-0.718405	-0.001644	0.840080	0.254562	0.479024	-0.293474	0.955944	0.006669	-0.456223	-0.146183	0.877776
53043	3.727696	0.276851	10.128591	-0.003187	-0.932408	0.012390	0.835747	0.253246	0.487229	-0.293501	0.955936	0.006579	-0.464094	-0.148501	0.873249
53044	3.427943	0.411345	10.437547	-0.093650	-1.200095	0.012058	0.830071	0.251528	0.497711	-0.293118	0.956059	0.005691	-0.474410	-0.150612	0.867324
53045	3.174599	0.363416	10.894624	-0.164295	-1.539099	0.026541	0.822581	0.249391	0.511043	-0.292489	0.956260	0.004137	-0.487658	-0.152877	0.859545
53046	2.794620	0.328349	11.452768	-0.264400	-1.958068	0.035647	0.812752	0.246677	0.527811	-0.291425	0.956592	0.001680	-0.504485	-0.155183	0.849360
53047	2.395819	-0.088436	12.263167	-0.407255	-2.475891	0.035673	0.799885	0.243096	0.548714	-0.289558	0.957158	-0.001947	-0.525680	-0.157327	0.836008
53048	2.096942	-0.499941	12.294733	-0.501994	-3.041597	-0.013111	0.783531	0.238109	0.573920	-0.286706	0.958000	-0.006037	-0.551252	-0.159816	0.818889
53049	2.850171	-0.026303	11.152901	-0.500665	-3.585293	-0.173582	0.763726	0.230605	0.602946	-0.282482	0.959230	-0.009063	-0.580454	-0.163399	0.797730
53050	4.380960	-0.531778	10.867377	-0.373982	-4.014409	-0.403910	0.740907	0.220018	0.634546	-0.277167	0.960775	-0.009507	-0.611747	-0.168831	0.772827
53051	4.865082	-1.724763	11.677023	-0.036279	-4.360219	-0.580658	0.715116	0.206837	0.667703	-0.272676	0.962087	-0.005991	-0.643628	-0.177782	0.744404
53052	6.737428	-2.029264	12.057787	0.258166	-4.779718	-0.715732	0.685484	0.191120	0.702556	-0.269320	0.963050	0.000792	-0.676446	-0.189755	0.711628
53053	10.264239	-1.922598	13.638108	0.409454	-4.880999	-0.736041	0.653621	0.174436	0.736445	-0.267185	0.963604	0.008894	-0.708090	-0.202580	0.676439
53054	11.638094	-1.835449	14.089666	0.417699	-4.753723	-0.699406	0.621101	0.157738	0.767692	-0.265699	0.963908	0.016909	-0.737317	-0.214477	0.640595
53055	11.462471	-1.154148	12.761859	0.426310	-4.623634	-0.676046	0.588147	0.141034	0.796362	-0.264798	0.963984	0.024845	-0.764176	-0.225487	0.604310
53056	10.212077	-0.332427	12.176067	0.128276	-4.495120	-0.620381	0.554831	0.124710	0.822563	-0.262203	0.964527	0.030626	-0.789565	-0.232671	0.567848
53057	8.561169	-1.210244	11.285812	-0.010783	-4.300049	-0.618694	0.521966	0.108627	0.846021	-0.258773	0.965278	0.035715	-0.812766	-0.237569	0.531952
53058	5.863471	-1.772521	9.930633	0.101238	-4.125865	-0.701709	0.489782	0.091900	0.866988	-0.256010	0.965750	0.042257	-0.833410	-0.242655	0.496534
53059	4.362573	-2.675712	7.567795	0.383134	-3.946533	-0.838796	0.458662	0.074095	0.885516	-0.255265	0.965502	0.051430	-0.851157	-0.249631	0.461753
53060	1.029601	-2.109876	7.062473	0.734883	-3.616732	-1.004474	0.430163	0.055159	0.901065	-0.257064	0.964293	0.063692	-0.865377	-0.259029	0.428982
53061	12.577996	-0.106658	12.761109	0.467516	-2.863408	-0.852023	0.407405	0.039470	0.912394	-0.257591	0.963467	0.073340	-0.876167	-0.264903	0.402688
53062	12.890412	-2.256032	16.758816	0.474054	-0.732085	-0.479214	0.402195	0.032855	0.914964	-0.259765	0.962383	0.079628	-0.877930	-0.269701	0.395600
53063	-0.267111	-5.070727	9.723204	0.650230	0.303663	-0.283320	0.405589	0.031006	0.913530	-0.264363	0.960691	0.084765	-0.874991	-0.275883	0.397842
53064	-5.435462	-3.838956	6.051976	1.000541	0.294669	-0.115287	0.408443	0.030683	0.912268	-0.272585	0.957929	0.089824	-0.871132	-0.285359	0.399624
53065	-2.832007	-1.990537	7.833969	0.918371	0.004738	0.177992	0.407986	0.032476	0.912411	-0.281372	0.955196	0.091817	-0.868549	-0.294187	0.398844
53066	0.569028	-2.198495	10.548641	0.657732	0.219716	0.530547	0.408350	0.038147	0.912028	-0.289198	0.953065	0.089622	-0.865803	-0.300353	0.400216
53067	1.600975	-3.589785	12.007821	0.576847	0.889238	0.807064	0.413654	0.048623	0.909135	-0.297586	0.950944	0.084542	-0.860426	-0.305517	0.407832
53068	0.497607	-4.040145	11.373725	0.714233	1.506586	1.011021	0.423468	0.062826	0.903730	-0.307890	0.948190	0.078353	-0.851985	-0.311429	0.420871
53069	-0.587816	-3.029629	10.502017	0.851506	1.863524	1.177005	0.435545	0.079966	0.896608	-0.320277	0.944635	0.071331	-0.841263	-0.318231	0.437042
53070	-0.227732	-1.874606	10.360496	0.846971	2.074669	1.326430	0.448517	0.099092	0.888264	-0.333172	0.940740	0.063285	-0.829354	-0.324329	0.454953
53071	0.958557	-1.134654	10.763226	0.726978	2.319257	1.411978	0.462801	0.120083	0.878291	-0.345734	0.936772	0.054100	-0.816262	-0.328693	0.475056
