// General information: 
//  MT Manager version: 2022.2.0 
//  XDA version: 2022.2.0 build 7381 rev 124627 built on 2023-07-19
// Device information: 
//  DeviceId: 00B4CAF0
//  ProductCode: MTW2-3A7G6
//  Firmware Version: 4.6.0
//  Hardware Version: 2.0.0
// Device settings: 
//  Filter Profile: human(46.1)
//  Option Flags: Orientation Smoother Disabled, Position/Velocity Smoother Disabled, Continuous Zero Rotation Update Disabled, AHS Disabled, ICC Disabled
// Coordinate system: ENU
PacketCounter	Acc_X	Acc_Y	Acc_Z	Gyr_X	Gyr_Y	Gyr_Z	Mat[1][1]	Mat[2][1]	Mat[3][1]	Mat[1][2]	Mat[2][2]	Mat[3][2]	Mat[1][3]	Mat[2][3]	Mat[3][3]
38444	5.395364	0.729659	8.493231	0.038694	0.118958	-0.025950	-0.606005	-0.571510	0.553294	0.714559	-0.696736	0.062958	0.349519	0.433514	0.830603
38445	5.436980	0.804677	8.470694	0.031836	0.086214	-0.016843	-0.606429	-0.571731	0.552601	0.714545	-0.696719	0.063310	0.348811	0.433251	0.831038
38446	5.478807	0.758166	8.481240	0.010491	0.068127	-0.000769	-0.606676	-0.571987	0.552064	0.714553	-0.696703	0.063393	0.348365	0.432938	0.831388
38447	5.491202	0.701888	8.478208	0.004248	0.049683	0.001592	-0.606841	-0.572178	0.551686	0.714555	-0.696699	0.063415	0.348074	0.432692	0.831638
38448	5.582231	0.647549	8.471733	-0.003787	0.033156	0.011765	-0.606868	-0.572385	0.551440	0.714604	-0.696658	0.063313	0.347926	0.432484	0.831808
38449	5.599426	0.545967	8.489192	-0.007027	0.028456	0.011873	-0.606885	-0.572556	0.551245	0.714629	-0.696644	0.063184	0.347845	0.432281	0.831948
38450	5.588055	0.555886	8.459338	-0.005663	0.025008	0.010875	-0.606904	-0.572703	0.551071	0.714648	-0.696635	0.063073	0.347773	0.432101	0.832071
38451	5.563167	0.557226	8.468286	-0.010711	0.020045	0.009769	-0.606906	-0.572822	0.550944	0.714647	-0.696649	0.062925	0.347770	0.431920	0.832166
38452	5.360358	0.633372	8.536451	-0.013763	0.007812	0.011660	-0.606857	-0.572906	0.550911	0.714649	-0.696664	0.062744	0.347853	0.431784	0.832202
38453	5.243499	0.688079	8.552519	-0.013045	-0.020817	0.018439	-0.606656	-0.572910	0.551129	0.714692	-0.696638	0.062529	0.348115	0.431821	0.832074
38454	5.473560	0.618182	8.555537	-0.018235	-0.052441	0.019008	-0.606346	-0.572778	0.551607	0.714716	-0.696637	0.062266	0.348605	0.431997	0.831777
38455	5.563844	0.572636	8.512344	-0.018526	-0.062183	0.018222	-0.606001	-0.572601	0.552169	0.714740	-0.696637	0.062007	0.349156	0.432233	0.831423
38456	5.590104	0.667211	8.537370	-0.023010	-0.067959	0.020399	-0.605618	-0.572422	0.552774	0.714765	-0.696639	0.061694	0.349769	0.432467	0.831044
38457	5.604478	0.674574	8.553917	-0.025868	-0.076836	0.023038	-0.605187	-0.572215	0.553461	0.714791	-0.696643	0.061347	0.350460	0.432735	0.830613
38458	5.697380	0.606196	8.520417	-0.027220	-0.073394	0.024040	-0.604757	-0.572038	0.554113	0.714824	-0.696641	0.060979	0.351135	0.432970	0.830205
38459	5.708080	0.515609	8.560259	-0.021255	-0.064698	0.020898	-0.604383	-0.571868	0.554696	0.714853	-0.696637	0.060682	0.351720	0.433201	0.829837
38460	5.621539	0.523340	8.587771	-0.018535	-0.060698	0.017864	-0.604047	-0.571696	0.555239	0.714871	-0.696641	0.060422	0.352259	0.433422	0.829493
38461	5.678351	0.513651	8.509464	-0.016572	-0.059246	0.010798	-0.603764	-0.571479	0.555771	0.714855	-0.696675	0.060220	0.352777	0.433654	0.829152
38462	5.710859	0.641885	8.544493	-0.009332	-0.050979	0.005937	-0.603560	-0.571250	0.556228	0.714818	-0.696722	0.060107	0.353200	0.433880	0.828853
38463	5.729928	0.627224	8.513576	-0.011437	-0.046406	0.011583	-0.603316	-0.571094	0.556653	0.714825	-0.696730	0.059943	0.353604	0.434074	0.828580
38464	5.763307	0.655734	8.513085	-0.005333	-0.032833	0.008832	-0.603152	-0.570965	0.556962	0.714822	-0.696742	0.059844	0.353889	0.434223	0.828379
38465	5.835759	0.624989	8.499076	-0.006922	-0.020336	0.007707	-0.603028	-0.570895	0.557168	0.714821	-0.696751	0.059739	0.354103	0.434300	0.828248
38466	5.743641	0.599969	8.460452	-0.006395	-0.008739	0.009608	-0.602940	-0.570881	0.557277	0.714823	-0.696759	0.059627	0.354248	0.434306	0.828183
38467	5.715302	0.547554	8.469384	-0.002255	-0.000296	0.005251	-0.602904	-0.570881	0.557316	0.714824	-0.696763	0.059574	0.354307	0.434301	0.828160
38468	5.721058	0.601277	8.468083	-0.001762	0.001906	0.007820	-0.602857	-0.570911	0.557337	0.714841	-0.696751	0.059506	0.354352	0.434281	0.828151
38469	5.690656	0.570969	8.466698	-0.000142	0.009707	0.007253	-0.602842	-0.570968	0.557294	0.714861	-0.696734	0.059460	0.354336	0.434233	0.828183
38470	5.682033	0.616219	8.504993	-0.001954	0.009446	0.006045	-0.602836	-0.571019	0.557248	0.714869	-0.696731	0.059402	0.354333	0.434169	0.828218
38471	5.613624	0.601677	8.539758	-0.004969	0.006603	0.007264	-0.602810	-0.571063	0.557232	0.714872	-0.696735	0.059316	0.354370	0.434105	0.828236
38472	5.673742	0.582152	8.496455	-0.006060	0.010398	0.009733	-0.602763	-0.571166	0.557176	0.714908	-0.696707	0.059200	0.354376	0.434014	0.828281
38473	5.718889	0.575995	8.481465	-0.001422	0.010138	0.008970	-0.602738	-0.571237	0.557131	0.714935	-0.696686	0.059133	0.354366	0.433954	0.828316
38474	5.805302	0.545356	8.521495	0.004268	0.018494	0.004361	-0.602763	-0.571328	0.557011	0.714966	-0.696654	0.059131	0.354261	0.433885	0.828398
38475	5.802835	0.545777	8.523149	0.008640	0.039694	0.000091	-0.602905	-0.571466	0.556715	0.714974	-0.696640	0.059197	0.354001	0.433727	0.828591
38476	5.622064	0.544232	8.539107	0.016525	0.044129	-0.000781	-0.603068	-0.571626	0.556375	0.715011	-0.696591	0.059332	0.353650	0.433596	0.828810
38477	5.552791	0.595028	8.483385	0.011471	0.039171	-0.001880	-0.603222	-0.571747	0.556083	0.715018	-0.696575	0.059433	0.353373	0.433460	0.828999
38478	5.294957	0.505791	8.604364	0.016298	0.020468	0.000162	-0.603309	-0.571790	0.555944	0.715039	-0.696542	0.059563	0.353181	0.433457	0.829083
38479	5.475308	0.608020	8.567853	0.021647	-0.012117	-0.002517	-0.603287	-0.571685	0.556077	0.715078	-0.696486	0.059752	0.353141	0.433686	0.828980
38480	5.636432	0.613133	8.501639	0.017646	-0.019362	-0.006438	-0.603262	-0.571532	0.556261	0.715087	-0.696462	0.059925	0.353165	0.433925	0.828844
38481	5.561662	0.668461	8.561121	0.015386	-0.030558	-0.000161	-0.603158	-0.571363	0.556547	0.715118	-0.696420	0.060049	0.353281	0.434216	0.828643
38482	5.693035	0.664596	8.481311	0.007732	-0.033141	0.001818	-0.603040	-0.571190	0.556852	0.715124	-0.696409	0.060099	0.353469	0.434460	0.828435
38483	5.680782	0.621910	8.449448	0.006756	-0.033868	0.005352	-0.602885	-0.571045	0.557169	0.715157	-0.696373	0.060120	0.353666	0.434709	0.828220
38484	5.602286	0.599785	8.520827	0.005249	-0.035290	0.005962	-0.602710	-0.570915	0.557492	0.715202	-0.696327	0.060120	0.353873	0.434954	0.828003
38485	5.664192	0.625282	8.452894	0.014491	-0.045209	0.005110	-0.602516	-0.570718	0.557903	0.715262	-0.696259	0.060206	0.354084	0.435322	0.827720
38486	5.677435	0.614614	8.481552	0.005255	-0.046196	0.006994	-0.602298	-0.570542	0.558318	0.715308	-0.696212	0.060201	0.354360	0.435628	0.827440
38487	5.728318	0.587579	8.474305	0.006955	-0.041414	0.007133	-0.602103	-0.570375	0.558698	0.715353	-0.696164	0.060214	0.354601	0.435921	0.827182
38488	5.686908	0.571182	8.498604	0.003749	-0.036717	0.006575	-0.601924	-0.570236	0.559033	0.715389	-0.696128	0.060199	0.354831	0.436162	0.826957
38489	5.844210	0.576553	8.490272	0.006537	-0.035732	0.004246	-0.601770	-0.570074	0.559365	0.715415	-0.696099	0.060225	0.355041	0.436420	0.826731
38490	5.977389	0.584462	8.490490	0.001073	-0.009515	0.006879	-0.601681	-0.570058	0.559476	0.715448	-0.696069	0.060184	0.355126	0.436488	0.826658
38491	6.067153	0.595704	8.448858	0.006750	0.031551	-0.000839	-0.601802	-0.570154	0.559248	0.715444	-0.696068	0.060240	0.354929	0.436363	0.826809
38492	5.854486	0.586053	8.453362	0.012033	0.071074	-0.001742	-0.602073	-0.570418	0.558688	0.715451	-0.696052	0.060344	0.354454	0.436045	0.827180
38493	5.585764	0.571268	8.454153	0.008527	0.076929	-0.004119	-0.602377	-0.570689	0.558082	0.715434	-0.696062	0.060433	0.353971	0.435674	0.827582
38494	5.541882	0.588175	8.494082	0.008800	0.066369	-0.001623	-0.602631	-0.570925	0.557566	0.715423	-0.696067	0.060504	0.353560	0.435357	0.827925
38495	5.521903	0.545856	8.467317	0.008726	0.047577	-0.000269	-0.602804	-0.571094	0.557206	0.715430	-0.696054	0.060573	0.353252	0.435155	0.828162
38496	5.593426	0.649318	8.502853	0.008195	0.035978	-0.002159	-0.602951	-0.571204	0.556935	0.715423	-0.696054	0.060646	0.353016	0.435010	0.828339
38497	5.589568	0.671418	8.493679	-0.000592	0.027804	0.002963	-0.603030	-0.571310	0.556740	0.715416	-0.696064	0.060620	0.352894	0.434856	0.828472
38498	5.604773	0.614139	8.488694	-0.001914	0.018845	0.005356	-0.603053	-0.571406	0.556617	0.715427	-0.696057	0.060562	0.352832	0.434741	0.828559
38499	5.552799	0.542935	8.517474	-0.003841	0.012206	0.004111	-0.603070	-0.571452	0.556552	0.715416	-0.696074	0.060502	0.352828	0.434653	0.828607
38500	5.320512	0.613145	8.573181	0.003619	-0.010380	0.003453	-0.603021	-0.571384	0.556674	0.715413	-0.696077	0.060505	0.352917	0.434737	0.828525
38501	5.514664	0.602726	8.530207	0.009379	-0.037751	0.002655	-0.602871	-0.571203	0.557022	0.715439	-0.696045	0.060563	0.353119	0.435027	0.828287
38502	5.435704	0.546776	8.531937	0.015449	-0.055383	0.002642	-0.602665	-0.570942	0.557512	0.715481	-0.695993	0.060669	0.353386	0.435453	0.827949
38503	5.436105	0.550688	8.587557	0.025590	-0.083372	-0.000377	-0.602376	-0.570541	0.558236	0.715546	-0.695907	0.060878	0.353747	0.436115	0.827446
38504	5.727617	0.694773	8.453103	0.027589	-0.094342	-0.006052	-0.602091	-0.570051	0.559042	0.715582	-0.695849	0.061133	0.354160	0.436848	0.826883
38505	5.645998	0.664425	8.500728	0.025042	-0.093478	-0.002618	-0.601781	-0.569589	0.559846	0.715632	-0.695778	0.061350	0.354585	0.437563	0.826322
38506	5.761842	0.620425	8.446589	0.017131	-0.096412	-0.002086	-0.601462	-0.569115	0.560671	0.715653	-0.695744	0.061497	0.355084	0.438233	0.825752
38507	5.755697	0.556754	8.422296	0.011109	-0.091196	-0.000670	-0.601145	-0.568675	0.561456	0.715666	-0.695723	0.061587	0.355595	0.438838	0.825211
38508	5.818576	0.541087	8.432617	0.008216	-0.087662	0.000591	-0.600828	-0.568265	0.562210	0.715678	-0.695705	0.061641	0.356104	0.439397	0.824694
38509	5.844467	0.604519	8.387239	0.009834	-0.068960	-0.001036	-0.600593	-0.567918	0.562812	0.715684	-0.695691	0.061723	0.356489	0.439866	0.824277
38510	5.835027	0.618548	8.411799	0.005692	-0.055586	0.001260	-0.600397	-0.567641	0.563300	0.715680	-0.695692	0.061758	0.356827	0.440222	0.823941
38511	5.871613	0.605029	8.432258	0.002823	-0.042647	0.001838	-0.600234	-0.567431	0.563686	0.715679	-0.695693	0.061767	0.357104	0.440492	0.823677
38512	5.874515	0.604945	8.430242	0.000684	-0.025643	0.006082	-0.600111	-0.567315	0.563933	0.715682	-0.695693	0.061731	0.357304	0.440642	0.823510
38513	5.987877	0.550268	8.471041	0.006615	-0.006037	0.001855	-0.600078	-0.567265	0.564018	0.715694	-0.695677	0.061770	0.357334	0.440731	0.823449
38514	6.111752	0.667774	8.418005	0.009745	0.034402	-0.002124	-0.600220	-0.567368	0.563764	0.715691	-0.695672	0.061853	0.357102	0.440606	0.823617
38515	5.841181	0.633460	8.489424	0.010339	0.064805	-0.001620	-0.600465	-0.567606	0.563263	0.715696	-0.695660	0.061942	0.356680	0.440319	0.823953
38516	5.802964	0.648258	8.469946	0.012271	0.071444	-0.000388	-0.600731	-0.567881	0.562702	0.715710	-0.695636	0.062040	0.356204	0.440001	0.824328
38517	5.712254	0.614163	8.468351	0.008869	0.083680	-0.002737	-0.601051	-0.568194	0.562044	0.715703	-0.695637	0.062124	0.355679	0.439596	0.824771
38518	5.648925	0.653133	8.446335	0.005981	0.076310	-0.000431	-0.601324	-0.568501	0.561441	0.715705	-0.695631	0.062168	0.355213	0.439209	0.825178
38519	5.710407	0.667161	8.415908	0.003052	0.070450	0.001516	-0.601566	-0.568785	0.560894	0.715702	-0.695632	0.062180	0.354809	0.438838	0.825549
38520	5.722647	0.588225	8.424773	-0.004484	0.074251	0.003542	-0.601802	-0.569112	0.560308	0.715694	-0.695647	0.062117	0.354424	0.438391	0.825952
38521	5.705732	0.620370	8.386842	-0.007647	0.077437	0.003337	-0.602055	-0.569439	0.559704	0.715664	-0.695685	0.062031	0.354054	0.437906	0.826368
38522	5.497478	0.556692	8.505228	-0.007449	0.069894	0.005128	-0.602279	-0.569742	0.559155	0.715639	-0.695719	0.061940	0.353725	0.437458	0.826746
38523	5.438916	0.607460	8.561503	-0.000704	0.043235	0.000817	-0.602428	-0.569901	0.558831	0.715619	-0.695741	0.061924	0.353511	0.437215	0.826966
38524	5.601390	0.664462	8.496437	-0.000895	0.028968	0.001117	-0.602543	-0.569983	0.558625	0.715579	-0.695783	0.061907	0.353396	0.437042	0.827107
38525	5.575169	0.688622	8.494643	-0.001682	0.020709	0.006442	-0.602573	-0.570082	0.558491	0.715589	-0.695778	0.061853	0.353324	0.436921	0.827201
38526	5.629391	0.671270	8.511197	-0.009838	0.005028	0.006907	-0.602535	-0.570129	0.558484	0.715582	-0.695797	0.061719	0.353404	0.436829	0.827216
38527	5.592134	0.607871	8.500422	-0.006138	0.002535	0.010039	-0.602475	-0.570174	0.558503	0.715598	-0.695790	0.061608	0.353474	0.436781	0.827212
38528	5.586650	0.552496	8.501812	-0.006104	-0.009874	0.011441	-0.602343	-0.570202	0.558617	0.715645	-0.695753	0.061480	0.353603	0.436804	0.827144
38529	5.365181	0.554945	8.530010	0.005617	-0.028559	0.007501	-0.602191	-0.570094	0.558892	0.715688	-0.695709	0.061480	0.353777	0.437014	0.826959
38530	5.538303	0.603617	8.551417	0.010882	-0.058143	0.004158	-0.601961	-0.569832	0.559405	0.715724	-0.695666	0.061539	0.354092	0.437424	0.826607
38531	5.609087	0.661360	8.491601	0.007714	-0.065856	0.004996	-0.601695	-0.569543	0.559986	0.715759	-0.695628	0.061570	0.354475	0.437861	0.826211
38532	5.692141	0.664127	8.484548	0.004549	-0.073571	0.005835	-0.601393	-0.569231	0.560627	0.715789	-0.695597	0.061565	0.354926	0.438316	0.825777
38533	5.726614	0.659126	8.413071	0.004747	-0.070211	0.006581	-0.601099	-0.568933	0.561244	0.715823	-0.695563	0.061563	0.355355	0.438757	0.825358
38534	5.827758	0.582566	8.410655	-0.002787	-0.066407	0.008606	-0.600810	-0.568667	0.561823	0.715840	-0.695552	0.061489	0.355811	0.439118	0.824969
38535	5.917253	0.538510	8.366579	-0.000393	-0.045150	0.011000	-0.600573	-0.568510	0.562236	0.715881	-0.695515	0.061419	0.356126	0.439381	0.824693
38536	5.876663	0.499797	8.402216	-0.002745	-0.024300	0.004783	-0.600461	-0.568398	0.562468	0.715872	-0.695530	0.061364	0.356335	0.439502	0.824539
38537	5.842737	0.472146	8.459311	0.001739	-0.007629	0.001533	-0.600425	-0.568339	0.562565	0.715864	-0.695538	0.061365	0.356409	0.439565	0.824472
38538	5.806877	0.551472	8.402918	0.003207	0.006203	-0.000486	-0.600469	-0.568314	0.562544	0.715834	-0.695567	0.061392	0.356397	0.439552	0.824485
38539	5.743015	0.614384	8.425531	0.006069	0.015074	-0.003149	-0.600548	-0.568323	0.562451	0.715814	-0.695582	0.061455	0.356304	0.439517	0.824544
38540	5.735238	0.638980	8.474943	0.003515	0.015949	0.000287	-0.600623	-0.568342	0.562352	0.715784	-0.695610	0.061478	0.356237	0.439448	0.824609
38541	5.716759	0.696055	8.482156	-0.001431	0.017375	-0.000761	-0.600693	-0.568377	0.562242	0.715752	-0.695644	0.061466	0.356184	0.439348	0.824686
38542	5.657135	0.671308	8.548949	0.000461	0.014619	0.001160	-0.600733	-0.568423	0.562153	0.715744	-0.695654	0.061451	0.356134	0.439273	0.824747
38543	5.729078	0.682574	8.455573	0.002392	0.010355	0.003439	-0.600748	-0.568457	0.562103	0.715750	-0.695648	0.061447	0.356096	0.439239	0.824782
38544	5.753420	0.635811	8.470346	-0.006386	0.013095	0.007542	-0.600742	-0.568538	0.562027	0.715753	-0.695654	0.061344	0.356100	0.439124	0.824841
38545	5.797924	0.629366	8.455668	-0.006039	0.021332	0.008674	-0.600758	-0.568656	0.561890	0.715761	-0.695655	0.061241	0.356056	0.438970	0.824942
38546	5.765895	0.598646	8.455587	-0.006191	0.027363	0.007241	-0.600813	-0.568787	0.561699	0.715752	-0.695673	0.061143	0.355981	0.438772	0.825080
38547	5.779250	0.562513	8.440160	-0.006073	0.033742	0.007270	-0.600884	-0.568950	0.561458	0.715751	-0.695682	0.061047	0.355863	0.438547	0.825250
38548	5.743733	0.575603	8.418899	-0.003204	0.042610	0.004610	-0.601012	-0.569130	0.561138	0.715739	-0.695700	0.060990	0.355672	0.438284	0.825472
38549	5.755226	0.618070	8.451271	-0.006139	0.047658	0.005509	-0.601144	-0.569342	0.560781	0.715728	-0.695719	0.060904	0.355471	0.437978	0.825721
38550	5.629427	0.598244	8.483660	-0.006805	0.045776	0.010865	-0.601234	-0.569584	0.560439	0.715744	-0.695713	0.060779	0.355285	0.437673	0.825963
38551	5.511209	0.610993	8.524968	-0.005092	0.034458	0.003734	-0.601332	-0.569725	0.560190	0.715726	-0.695738	0.060712	0.355156	0.437450	0.826136
38552	5.463784	0.537883	8.494995	0.004060	0.016641	0.003220	-0.601358	-0.569802	0.560084	0.715751	-0.695712	0.060713	0.355062	0.437391	0.826208
38553	5.534879	0.543357	8.551785	0.012179	-0.004078	-0.002781	-0.601366	-0.569729	0.560149	0.715754	-0.695698	0.060825	0.355041	0.437507	0.826156
38554	5.751766	0.672188	8.456088	0.016929	-0.008869	-0.002470	-0.601344	-0.569653	0.560251	0.715788	-0.695651	0.060965	0.355010	0.437682	0.826077
38555	5.701676	0.602894	8.483700	0.010974	-0.006655	-0.000349	-0.601326	-0.569586	0.560339	0.715802	-0.695629	0.061053	0.355013	0.437804	0.826010
38556	5.678181	0.628363	8.480045	0.013092	-0.007555	0.002678	-0.601277	-0.569546	0.560431	0.715849	-0.695573	0.061136	0.355001	0.437944	0.825941
38557	5.716065	0.691346	8.490418	0.007992	-0.011000	0.001235	-0.601232	-0.569471	0.560556	0.715862	-0.695555	0.061190	0.355051	0.438071	0.825853
38558	5.743791	0.545508	8.468119	0.006030	-0.005229	-0.001405	-0.601239	-0.569391	0.560629	0.715837	-0.695576	0.061244	0.355089	0.438142	0.825799
38559	5.697186	0.573325	8.472389	0.008416	-0.005779	0.003083	-0.601199	-0.569351	0.560712	0.715863	-0.695545	0.061291	0.355105	0.438242	0.825739
38560	5.697579	0.573795	8.472093	0.004714	-0.003283	-0.000047	-0.601175	-0.569325	0.560765	0.715877	-0.695529	0.061319	0.355117	0.438302	0.825701
38561	5.742600	0.590571	8.445320	0.006223	-0.001865	-0.000660	-0.601176	-0.569277	0.560813	0.715872	-0.695529	0.061370	0.355125	0.438365	0.825665
38562	5.732628	0.680392	8.460849	0.001510	0.001418	-0.000613	-0.601184	-0.569249	0.560833	0.715854	-0.695548	0.061373	0.355150	0.438371	0.825651
38563	5.748318	0.645186	8.443822	0.000728	0.004063	0.003667	-0.601174	-0.569257	0.560835	0.715856	-0.695547	0.061354	0.355161	0.438361	0.825651
38564	5.792532	0.661186	8.417658	-0.002245	0.010621	0.004203	-0.601177	-0.569308	0.560780	0.715858	-0.695550	0.061299	0.355153	0.438291	0.825692
38565	5.723794	0.647083	8.452743	-0.003294	0.012916	0.007022	-0.601175	-0.569378	0.560711	0.715866	-0.695548	0.061228	0.355140	0.438202	0.825745
38566	5.746471	0.622040	8.456935	-0.002235	0.021522	0.003155	-0.601232	-0.569464	0.560563	0.715856	-0.695562	0.061185	0.355064	0.438069	0.825849
38567	5.714667	0.591771	8.456589	-0.002943	0.021151	0.008152	-0.601252	-0.569577	0.560426	0.715871	-0.695553	0.061110	0.354999	0.437936	0.825947
38568	5.713910	0.569154	8.468899	-0.006109	0.024345	0.007944	-0.601284	-0.569707	0.560260	0.715875	-0.695558	0.061006	0.354938	0.437758	0.826067
38569	5.727554	0.533075	8.453325	-0.004707	0.030285	0.006256	-0.601349	-0.569847	0.560047	0.715873	-0.695567	0.060928	0.354831	0.437561	0.826217
38570	5.679936	0.516250	8.481762	-0.002024	0.035785	0.002853	-0.601454	-0.570000	0.559780	0.715868	-0.695576	0.060887	0.354665	0.437349	0.826401
38571	5.688837	0.624463	8.480606	-0.002556	0.035086	-0.000070	-0.601581	-0.570117	0.559524	0.715836	-0.695611	0.060861	0.354513	0.437140	0.826577
38572	5.693999	0.634952	8.503007	-0.000475	0.035693	0.002600	-0.601703	-0.570246	0.559261	0.715814	-0.695635	0.060838	0.354349	0.436933	0.826756
38573	5.645198	0.639975	8.520431	-0.006819	0.031180	0.003226	-0.601793	-0.570369	0.559038	0.715787	-0.695671	0.060759	0.354251	0.436716	0.826913
38574	5.686473	0.677148	8.484719	-0.008027	0.028603	0.005657	-0.601853	-0.570506	0.558834	0.715774	-0.695693	0.060651	0.354175	0.436502	0.827058
38575	5.676969	0.643878	8.477021	-0.003156	0.030189	0.006003	-0.601919	-0.570644	0.558622	0.715777	-0.695696	0.060587	0.354058	0.436317	0.827207
38576	5.551576	0.646034	8.496880	-0.007123	0.025126	0.011117	-0.601932	-0.570796	0.558453	0.715793	-0.695691	0.060454	0.354003	0.436126	0.827330
38577	5.514517	0.617765	8.555636	-0.001643	0.008300	0.007843	-0.601908	-0.570852	0.558423	0.715812	-0.695677	0.060392	0.354007	0.436076	0.827355
38578	5.559068	0.577082	8.471337	0.002784	-0.006232	0.007387	-0.601843	-0.570834	0.558509	0.715834	-0.695656	0.060367	0.354071	0.436132	0.827299
38579	5.480684	0.511843	8.565796	0.008192	-0.020044	0.003396	-0.601751	-0.570735	0.558711	0.715861	-0.695625	0.060411	0.354174	0.436312	0.827159
38580	5.629083	0.506685	8.538258	0.010506	-0.033677	-0.000089	-0.601631	-0.570555	0.559023	0.715875	-0.695604	0.060485	0.354349	0.436580	0.826943
38581	5.725279	0.638018	8.460003	0.013991	-0.027131	0.000896	-0.601531	-0.570407	0.559281	0.715907	-0.695561	0.060591	0.354453	0.436841	0.826761
38582	5.751707	0.614314	8.461586	0.007841	-0.028279	0.002265	-0.601416	-0.570273	0.559542	0.715931	-0.695532	0.060637	0.354600	0.437062	0.826581
38583	5.752895	0.636640	8.449011	0.007770	-0.025265	0.001548	-0.601318	-0.570138	0.559785	0.715946	-0.695513	0.060688	0.354738	0.437268	0.826412
38584	5.733864	0.596125	8.477518	0.004018	-0.016063	0.006361	-0.601221	-0.570076	0.559952	0.715971	-0.695488	0.060677	0.354849	0.437390	0.826300
38585	5.764780	0.569309	8.420376	0.005227	-0.013488	0.003929	-0.601148	-0.570009	0.560099	0.715991	-0.695467	0.060694	0.354934	0.437512	0.826199
38586	5.767142	0.604482	8.488657	0.006596	-0.006042	0.001883	-0.601114	-0.569967	0.560178	0.716007	-0.695447	0.060729	0.354960	0.437597	0.826143
38587	5.712227	0.621512	8.472582	0.007023	-0.000822	0.003730	-0.601087	-0.569954	0.560221	0.716031	-0.695419	0.060762	0.354956	0.437659	0.826112
38588	5.758205	0.616075	8.457038	0.000800	0.001047	0.004385	-0.601083	-0.569931	0.560248	0.716012	-0.695440	0.060741	0.355000	0.437655	0.826095
38589	6.031213	0.576511	8.514888	0.002151	0.020901	0.000929	-0.601153	-0.569994	0.560109	0.716003	-0.695449	0.060749	0.354901	0.437559	0.826189
38590	5.988270	0.636851	8.530838	0.010047	0.048626	-0.002410	-0.601351	-0.570151	0.559737	0.715995	-0.695450	0.060837	0.354582	0.437353	0.826434
38591	6.118536	0.586864	8.419815	0.018024	0.096638	-0.007489	-0.601749	-0.570486	0.558967	0.715991	-0.695437	0.061023	0.353913	0.436936	0.826942
38592	5.740715	0.499011	8.445699	0.033155	0.146500	-0.017469	-0.602392	-0.570974	0.557775	0.715982	-0.695414	0.061384	0.352836	0.436334	0.827719
38593	5.437314	0.734458	8.506023	0.035989	0.135055	-0.018378	-0.603002	-0.571399	0.556679	0.715976	-0.695386	0.061780	0.351806	0.435822	0.828428
38594	5.424897	0.540036	8.500344	0.026779	0.109271	-0.013690	-0.603483	-0.571754	0.555792	0.715970	-0.695366	0.062069	0.350991	0.435389	0.829001
38595	5.523464	0.759517	8.436963	0.019334	0.085262	-0.008151	-0.603844	-0.572033	0.555114	0.715966	-0.695353	0.062270	0.350379	0.435044	0.829440
38596	5.536020	0.660385	8.457256	0.007592	0.069760	-0.000743	-0.604099	-0.572294	0.554567	0.715961	-0.695353	0.062327	0.349950	0.434700	0.829802
38597	5.447037	0.682551	8.511165	0.000894	0.044620	0.000158	-0.604257	-0.572454	0.554230	0.715942	-0.695372	0.062329	0.349715	0.434459	0.830027
38598	5.542108	0.725098	8.481199	-0.008756	0.028228	0.010596	-0.604280	-0.572622	0.554030	0.715957	-0.695369	0.062190	0.349644	0.434242	0.830171
38599	5.559322	0.622942	8.498695	-0.012906	0.018306	0.015320	-0.604237	-0.572773	0.553921	0.715982	-0.695361	0.061993	0.349667	0.434055	0.830258
38600	5.182187	0.598149	8.542111	-0.009105	-0.004799	0.012303	-0.604136	-0.572801	0.554003	0.715997	-0.695359	0.061836	0.349812	0.434022	0.830215
38601	5.386995	0.609607	8.600736	0.001120	-0.051207	0.012230	-0.603872	-0.572628	0.554469	0.716052	-0.695308	0.061772	0.350155	0.434331	0.829909
38602	5.770229	0.418560	8.403207	0.002215	-0.055011	0.009778	-0.603616	-0.572422	0.554961	0.716093	-0.695270	0.061729	0.350513	0.434664	0.829583
38603	5.712425	0.515856	8.490321	0.003272	-0.044911	0.005549	-0.603421	-0.572229	0.555370	0.716115	-0.695248	0.061720	0.350802	0.434952	0.829310
38604	5.704156	0.648719	8.481077	-0.000117	-0.043575	0.004224	-0.603242	-0.572036	0.555764	0.716117	-0.695249	0.061688	0.351107	0.435204	0.829049
38605	5.655731	0.599522	8.495575	-0.004266	-0.041098	0.007535	-0.603047	-0.571874	0.556142	0.716124	-0.695249	0.061606	0.351427	0.435418	0.828801
38606	5.642306	0.598886	8.441335	-0.007258	-0.045438	0.009112	-0.602817	-0.571716	0.556554	0.716139	-0.695244	0.061483	0.351790	0.435633	0.828533
38607	5.645487	0.675873	8.485531	-0.011008	-0.048638	0.015325	-0.602539	-0.571575	0.557000	0.716170	-0.695228	0.061301	0.352204	0.435843	0.828247
38608	5.669685	0.551744	8.509985	-0.012883	-0.045886	0.013394	-0.602287	-0.571432	0.557418	0.716179	-0.695236	0.061112	0.352616	0.436018	0.827980
38609	5.665522	0.539366	8.487081	-0.010083	-0.044913	0.011073	-0.602052	-0.571278	0.557830	0.716187	-0.695241	0.060962	0.353000	0.436213	0.827713
38610	5.631526	0.554476	8.520291	-0.006231	-0.046236	0.005936	-0.601850	-0.571086	0.558245	0.716179	-0.695257	0.060869	0.353362	0.436438	0.827440
38611	5.681939	0.604825	8.560079	-0.003066	-0.049433	0.006153	-0.601633	-0.570878	0.558691	0.716182	-0.695259	0.060805	0.353723	0.436707	0.827144
38612	5.702736	0.732036	8.483647	-0.003165	-0.044915	0.005076	-0.601442	-0.570680	0.559099	0.716174	-0.695273	0.060738	0.354064	0.436943	0.826873
38613	5.703699	0.612024	8.515772	-0.001616	-0.045008	0.004824	-0.601251	-0.570481	0.559507	0.716175	-0.695277	0.060693	0.354388	0.437197	0.826600
38614	5.749246	0.693032	8.453793	-0.001116	-0.042804	0.007389	-0.601059	-0.570303	0.559895	0.716182	-0.695274	0.060638	0.354698	0.437434	0.826342
38615	5.726817	0.575497	8.493921	-0.005061	-0.036963	0.011453	-0.600848	-0.570186	0.560241	0.716211	-0.695254	0.060527	0.354998	0.437618	0.826115
38616	5.773564	0.612611	8.454535	-0.000591	-0.029702	0.008899	-0.600681	-0.570083	0.560524	0.716237	-0.695233	0.060461	0.355227	0.437786	0.825928
38617	5.804750	0.663323	8.443729	-0.003358	-0.019779	0.010172	-0.600541	-0.570032	0.560727	0.716263	-0.695214	0.060371	0.355412	0.437884	0.825797
38618	5.768397	0.543548	8.374064	-0.006392	-0.010204	0.009984	-0.600436	-0.570026	0.560845	0.716279	-0.695207	0.060256	0.355556	0.437901	0.825725
38619	5.599947	0.445458	8.521897	0.002322	-0.009944	0.005184	-0.600366	-0.569983	0.560964	0.716296	-0.695191	0.060241	0.355641	0.437983	0.825646
38620	5.574209	0.535826	8.484632	0.012092	-0.024388	-0.001021	-0.600275	-0.569852	0.561195	0.716325	-0.695154	0.060331	0.355737	0.438213	0.825482
38621	5.737321	0.517536	8.428734	0.018384	-0.029277	-0.000956	-0.600180	-0.569681	0.561469	0.716362	-0.695102	0.060484	0.355822	0.438516	0.825284
38622	5.775656	0.603051	8.427064	0.014049	-0.022956	-0.008092	-0.600154	-0.569497	0.561684	0.716345	-0.695107	0.060634	0.355899	0.438749	0.825127
38623	5.721602	0.699503	8.456785	0.012491	-0.017662	0.000465	-0.600091	-0.569387	0.561863	0.716370	-0.695073	0.060729	0.355957	0.438945	0.824998
38624	5.761861	0.662418	8.430847	0.010642	-0.016413	-0.001102	-0.600041	-0.569278	0.562026	0.716381	-0.695054	0.060815	0.356018	0.439116	0.824881
38625	5.743307	0.600731	8.470798	0.010096	-0.011909	0.004277	-0.599971	-0.569220	0.562160	0.716420	-0.695009	0.060869	0.356058	0.439263	0.824785
38626	5.771491	0.617695	8.391933	0.004780	-0.006304	0.000677	-0.599965	-0.569147	0.562241	0.716400	-0.695026	0.060906	0.356108	0.439331	0.824728
38627	5.731163	0.514861	8.462403	0.005176	0.000424	0.002161	-0.599953	-0.569128	0.562272	0.716409	-0.695015	0.060931	0.356109	0.439373	0.824705
38628	5.714114	0.572406	8.468543	0.007932	0.002906	-0.000528	-0.599965	-0.569111	0.562276	0.716418	-0.695001	0.060990	0.356072	0.439416	0.824698
38629	5.659449	0.646316	8.510492	0.007061	-0.002332	0.004088	-0.599930	-0.569093	0.562331	0.716444	-0.694970	0.061021	0.356077	0.439487	0.824658
38630	5.659904	0.646633	8.510165	0.003001	-0.008070	-0.000169	-0.599905	-0.569025	0.562427	0.716432	-0.694982	0.061037	0.356145	0.439557	0.824591
38631	5.704424	0.684757	8.472049	0.005386	-0.008619	0.004320	-0.599846	-0.568982	0.562534	0.716454	-0.694957	0.061053	0.356199	0.439652	0.824517
38632	5.729488	0.660247	8.474600	0.002165	-0.014815	0.004807	-0.599778	-0.568903	0.562686	0.716453	-0.694959	0.061044	0.356316	0.439751	0.824414
38633	5.753706	0.657102	8.465993	-0.000125	-0.013581	0.009699	-0.599663	-0.568875	0.562837	0.716488	-0.694929	0.060984	0.356440	0.439836	0.824315
38634	5.817486	0.593702	8.443746	-0.005173	-0.007626	0.007561	-0.599590	-0.568857	0.562933	0.716487	-0.694937	0.060893	0.356564	0.439845	0.824256
38635	5.778445	0.574232	8.410669	-0.005079	0.000260	0.007222	-0.599542	-0.568872	0.562968	0.716490	-0.694943	0.060806	0.356640	0.439817	0.824239
38636	5.801141	0.570509	8.403127	-0.004414	0.007338	0.010165	-0.599509	-0.568932	0.562943	0.716501	-0.694939	0.060709	0.356672	0.439745	0.824263
38637	5.817184	0.512672	8.397677	-0.005661	0.013476	0.002521	-0.599541	-0.568974	0.562867	0.716474	-0.694973	0.060643	0.356673	0.439637	0.824320
38638	5.784142	0.582642	8.432898	-0.003448	0.020462	0.005211	-0.599577	-0.569073	0.562728	0.716475	-0.694978	0.060578	0.356610	0.439502	0.824419
38639	5.704867	0.579771	8.437408	-0.004968	0.031454	0.004407	-0.599660	-0.569206	0.562505	0.716461	-0.694998	0.060508	0.356498	0.439297	0.824577
38640	5.564843	0.596370	8.485546	0.000623	0.020992	0.001167	-0.599730	-0.569273	0.562363	0.716446	-0.695014	0.060497	0.356411	0.439185	0.824675
38641	5.603105	0.615037	8.519202	0.003794	0.005386	0.002797	-0.599732	-0.569281	0.562353	0.716454	-0.695005	0.060508	0.356392	0.439189	0.824680
38642	5.670813	0.628584	8.484957	0.004943	-0.001434	0.001060	-0.599731	-0.569238	0.562397	0.716443	-0.695014	0.060536	0.356415	0.439231	0.824648
38643	5.762820	0.617610	8.453781	0.005210	-0.001085	0.002522	-0.599712	-0.569215	0.562441	0.716454	-0.695001	0.060560	0.356425	0.439282	0.824617
38644	5.716925	0.623526	8.469265	0.003361	0.000165	0.000954	-0.599716	-0.569182	0.562470	0.716441	-0.695013	0.060577	0.356445	0.439306	0.824596
38645	5.726250	0.612424	8.500595	0.001407	-0.001266	0.008026	-0.599657	-0.569197	0.562519	0.716472	-0.694985	0.060538	0.356484	0.439331	0.824565
38646	5.731646	0.609759	8.441199	0.000165	0.004871	0.000381	-0.599688	-0.569173	0.562509	0.716436	-0.695021	0.060534	0.356501	0.439303	0.824572
38647	5.762451	0.617748	8.454023	0.005643	0.004136	0.004365	-0.599674	-0.569186	0.562511	0.716460	-0.694996	0.060551	0.356478	0.439327	0.824570
38648	5.725475	0.612332	8.501124	0.001304	0.003255	0.006946	-0.599635	-0.569220	0.562518	0.716487	-0.694970	0.060513	0.356488	0.439322	0.824568
38649	5.699547	0.601783	8.429250	0.002549	0.004320	0.004872	-0.599618	-0.569238	0.562518	0.716503	-0.694955	0.060502	0.356485	0.439324	0.824568
38650	5.747767	0.609228	8.493838	0.000701	0.005570	0.003304	-0.599625	-0.569244	0.562504	0.716493	-0.694967	0.060483	0.356492	0.439298	0.824579
38651	5.714097	0.644519	8.459497	-0.001824	0.004947	0.007093	-0.599594	-0.569279	0.562501	0.716507	-0.694958	0.060423	0.356517	0.439265	0.824586
38652	5.789644	0.667913	8.445937	0.000458	0.008918	0.010504	-0.599562	-0.569347	0.562467	0.716537	-0.694933	0.060359	0.356512	0.439217	0.824614
38653	5.834417	0.661230	8.431307	-0.008525	0.020723	0.012426	-0.599549	-0.569489	0.562337	0.716558	-0.694924	0.060214	0.356490	0.439048	0.824713
38654	5.886512	0.664664	8.437701	-0.007087	0.030354	0.019394	-0.599521	-0.569726	0.562126	0.716628	-0.694867	0.060039	0.356397	0.438830	0.824869
38655	5.831383	0.614376	8.457130	-0.008666	0.044359	0.017870	-0.599554	-0.570009	0.561805	0.716681	-0.694827	0.059862	0.356235	0.438525	0.825101
38656	5.796895	0.583001	8.458640	-0.006111	0.061080	0.021326	-0.599613	-0.570404	0.561340	0.716775	-0.694745	0.059683	0.355945	0.438141	0.825430
38657	5.709179	0.503411	8.477938	-0.001661	0.069839	0.018412	-0.599733	-0.570802	0.560808	0.716857	-0.694671	0.059561	0.355580	0.437740	0.825801
38658	5.593801	0.592446	8.507599	-0.003638	0.064709	0.016820	-0.599852	-0.571162	0.560313	0.716914	-0.694623	0.059431	0.355262	0.437346	0.826146
38659	5.589242	0.512392	8.464258	-0.011740	0.056940	0.016951	-0.599936	-0.571493	0.559886	0.716952	-0.694602	0.059234	0.355046	0.436948	0.826450
38660	5.639828	0.493752	8.483407	-0.010625	0.051625	0.014856	-0.600015	-0.571787	0.559500	0.716978	-0.694590	0.059052	0.354858	0.436582	0.826724
38661	5.655996	0.554601	8.445401	-0.007901	0.043205	0.013230	-0.600076	-0.572032	0.559184	0.717006	-0.694573	0.058908	0.354697	0.436288	0.826948
38662	5.682831	0.582480	8.449470	-0.012150	0.037805	0.016880	-0.600095	-0.572282	0.558909	0.717041	-0.694554	0.058707	0.354595	0.435991	0.827148
38663	5.633741	0.586299	8.466965	-0.012678	0.037107	0.013956	-0.600129	-0.572505	0.558643	0.717057	-0.694553	0.058520	0.354505	0.435699	0.827341
38664	5.684989	0.589234	8.474144	-0.013866	0.033027	0.016746	-0.600131	-0.572731	0.558410	0.717083	-0.694545	0.058303	0.354449	0.435416	0.827514
38665	5.644007	0.546835	8.453924	-0.015676	0.032772	0.015533	-0.600139	-0.572946	0.558181	0.717098	-0.694548	0.058082	0.354406	0.435128	0.827683
38666	5.544293	0.480518	8.498718	-0.008051	0.024420	0.014622	-0.600121	-0.573123	0.558019	0.717136	-0.694522	0.057922	0.354360	0.434936	0.827804
38667	5.566618	0.454835	8.503210	-0.001485	0.014676	0.007862	-0.600119	-0.573206	0.557935	0.717155	-0.694507	0.057861	0.354324	0.434850	0.827865
38668	5.671765	0.507762	8.492409	0.001579	0.015995	0.007005	-0.600137	-0.573283	0.557837	0.717171	-0.694494	0.057829	0.354262	0.434770	0.827933
38669	5.692013	0.604967	8.521503	0.002335	0.014857	0.002370	-0.600175	-0.573329	0.557749	0.717171	-0.694494	0.057830	0.354198	0.434710	0.827992
38670	5.598390	0.560089	8.494887	0.003091	0.013719	-0.002266	-0.600243	-0.573338	0.557666	0.717143	-0.694521	0.057858	0.354139	0.434655	0.828047
38671	5.616495	0.723055	8.490518	0.007478	0.002869	0.005960	-0.600214	-0.573356	0.557679	0.717182	-0.694478	0.057881	0.354109	0.434699	0.828036
38672	5.609114	0.690659	8.481242	0.001026	0.002898	0.005491	-0.600192	-0.573370	0.557689	0.717190	-0.694472	0.057851	0.354129	0.434691	0.828032
38673	5.609206	0.690189	8.481219	-0.001393	-0.003751	0.010708	-0.600105	-0.573392	0.557760	0.717227	-0.694440	0.057775	0.354203	0.434711	0.827989
38674	5.443417	0.577027	8.488625	-0.001361	-0.019165	0.012837	-0.599964	-0.573346	0.557958	0.717256	-0.694417	0.057687	0.354381	0.434809	0.827862
38675	5.490996	0.385764	8.539559	0.000974	-0.035812	0.010083	-0.599768	-0.573225	0.558294	0.717298	-0.694379	0.057634	0.354631	0.435030	0.827639
38676	5.701662	0.359829	8.468612	0.010662	-0.047254	0.003185	-0.599574	-0.573017	0.558715	0.717340	-0.694331	0.057694	0.354874	0.435380	0.827350
38677	5.832747	0.454904	8.424803	0.016056	-0.034769	-0.003968	-0.599481	-0.572803	0.559034	0.717350	-0.694308	0.057844	0.355009	0.435699	0.827124
38678	5.826781	0.581260	8.507424	0.022447	-0.017878	-0.005994	-0.599465	-0.572650	0.559208	0.717370	-0.694270	0.058054	0.354996	0.435961	0.826992
38679	5.820881	0.472431	8.450542	0.015959	-0.002433	-0.008592	-0.599521	-0.572544	0.559257	0.717352	-0.694273	0.058230	0.354938	0.436094	0.826947
38680	5.813187	0.442013	8.441398	0.019283	0.013141	-0.009763	-0.599641	-0.572498	0.559175	0.717336	-0.694273	0.058432	0.354767	0.436154	0.826988
38681	5.762855	0.515306	8.424533	0.019368	0.022529	-0.010460	-0.599799	-0.572489	0.559015	0.717319	-0.694272	0.058646	0.354535	0.436168	0.827081
38682	5.646980	0.432012	8.428371	0.024126	0.030126	-0.011544	-0.599994	-0.572505	0.558789	0.717310	-0.694260	0.058903	0.354223	0.436166	0.827215
38683	5.377980	0.459242	8.552381	0.037757	0.012831	-0.022488	-0.600204	-0.572369	0.558703	0.717286	-0.694248	0.059336	0.353917	0.436363	0.827243
38684	5.479780	0.683293	8.542972	0.050200	-0.008542	-0.030636	-0.600404	-0.572077	0.558787	0.717247	-0.694239	0.059915	0.353656	0.436761	0.827144
38685	5.605713	0.642160	8.546296	0.049036	-0.017825	-0.036142	-0.600603	-0.571713	0.558946	0.717180	-0.694255	0.060517	0.353452	0.437212	0.826993
38686	5.633872	0.765353	8.502002	0.058015	-0.029637	-0.038030	-0.600770	-0.571294	0.559195	0.717140	-0.694236	0.061201	0.353250	0.437789	0.826774
38687	5.744189	0.916775	8.614336	0.038785	-0.031886	-0.029322	-0.600870	-0.570915	0.559474	0.717078	-0.694258	0.061680	0.353205	0.438248	0.826550
38688	5.855960	0.716259	8.471624	0.016528	-0.033252	-0.010731	-0.600826	-0.570670	0.559771	0.717057	-0.694264	0.061866	0.353324	0.438558	0.826335
38689	5.786017	0.471669	8.423913	0.007190	-0.017278	-0.011393	-0.600849	-0.570480	0.559940	0.716991	-0.694321	0.061984	0.353417	0.438715	0.826211
38690	5.820138	0.302342	8.354016	0.014612	-0.002686	-0.016261	-0.600954	-0.570332	0.559979	0.716930	-0.694366	0.062187	0.353363	0.438837	0.826170
38691	5.685758	0.420159	8.376113	0.025820	0.013583	-0.026989	-0.601198	-0.570168	0.559883	0.716837	-0.694430	0.062546	0.353138	0.438948	0.826207
38692	5.476340	0.607365	8.538353	0.032335	0.006837	-0.034457	-0.601466	-0.569932	0.559836	0.716726	-0.694504	0.062994	0.352906	0.439138	0.826205
38693	5.618641	0.749376	8.525775	0.030287	-0.007680	-0.035327	-0.601694	-0.569618	0.559910	0.716598	-0.694596	0.063437	0.352777	0.439400	0.826121
38694	5.748068	0.747888	8.447731	0.033419	-0.009375	-0.035463	-0.601925	-0.569292	0.559994	0.716474	-0.694681	0.063906	0.352636	0.439687	0.826029
38695	5.710335	0.711809	8.425113	0.028814	-0.006889	-0.025698	-0.602088	-0.569048	0.560067	0.716398	-0.694724	0.064283	0.352512	0.439935	0.825949
38696	5.765681	0.699439	8.440793	0.034911	-0.002745	-0.027786	-0.602275	-0.568814	0.560103	0.716334	-0.694750	0.064714	0.352321	0.440197	0.825891
38697	5.748328	0.703882	8.388722	0.036431	0.002383	-0.019746	-0.602428	-0.568651	0.560104	0.716320	-0.694726	0.065121	0.352088	0.440445	0.825859
38698	5.788926	0.683151	8.444153	0.030898	0.009835	-0.015820	-0.602579	-0.568555	0.560039	0.716313	-0.694702	0.065458	0.351844	0.440607	0.825876
38699	5.741688	0.692545	8.459954	0.035940	0.016285	-0.015103	-0.602747	-0.568486	0.559928	0.716326	-0.694653	0.065835	0.351530	0.440773	0.825922
38700	5.672148	0.683041	8.494743	0.033636	0.017531	-0.010221	-0.602887	-0.568459	0.559804	0.716359	-0.694588	0.066163	0.351222	0.440910	0.825979
38701	5.724480	0.691357	8.500748	0.027606	0.022771	-0.008857	-0.603034	-0.568462	0.559644	0.716379	-0.694541	0.066436	0.350929	0.440980	0.826066
38702	5.668788	0.746131	8.554025	0.029554	0.017010	-0.006186	-0.603140	-0.568465	0.559526	0.716426	-0.694467	0.066707	0.350652	0.441093	0.826124
38703	5.643485	0.773053	8.551084	0.020395	0.011545	-0.003233	-0.603206	-0.568458	0.559462	0.716455	-0.694419	0.066889	0.350477	0.441177	0.826153
38704	5.711695	0.709015	8.471170	0.016443	0.005007	0.002261	-0.603215	-0.568456	0.559455	0.716496	-0.694366	0.067002	0.350379	0.441264	0.826148
38705	5.733162	0.544645	8.521908	0.009587	0.010689	-0.001127	-0.603263	-0.568460	0.559399	0.716500	-0.694354	0.067082	0.350288	0.441278	0.826180
38706	5.749211	0.488723	8.516933	0.013938	0.011560	-0.003699	-0.603332	-0.568451	0.559333	0.716502	-0.694340	0.067207	0.350163	0.441311	0.826214
38707	5.633809	0.666932	8.497644	0.011762	0.015457	-0.007469	-0.603443	-0.568432	0.559233	0.716476	-0.694354	0.067341	0.350027	0.441313	0.826271
38708	5.723752	0.735568	8.514134	0.007182	0.012725	-0.005993	-0.603544	-0.568404	0.559152	0.716432	-0.694391	0.067429	0.349943	0.441291	0.826318
38709	5.674538	0.728057	8.450208	0.001315	0.010442	-0.002808	-0.603603	-0.568395	0.559097	0.716397	-0.694425	0.067451	0.349912	0.441249	0.826354
38710	5.622807	0.658380	8.479099	0.007613	0.005556	-0.002703	-0.603640	-0.568374	0.559080	0.716389	-0.694426	0.067517	0.349865	0.441275	0.826360
38711	5.707239	0.615312	8.439962	0.005175	0.009097	-0.007935	-0.603731	-0.568323	0.559033	0.716337	-0.694472	0.067599	0.349814	0.441268	0.826385
38712	5.708532	0.573042	8.462796	0.010119	0.007669	-0.006852	-0.603819	-0.568264	0.558998	0.716296	-0.694504	0.067712	0.349748	0.441293	0.826400
38713	5.651719	0.669835	8.492991	0.014471	0.008541	-0.009423	-0.603919	-0.568201	0.558954	0.716267	-0.694517	0.067879	0.349634	0.441354	0.826416
38714	5.619166	0.742376	8.526601	0.014343	0.002166	-0.009420	-0.604004	-0.568108	0.558957	0.716232	-0.694537	0.068046	0.349559	0.441443	0.826400
