// General information: 
//  MT Manager version: 2022.2.0 
//  XDA version: 2022.2.0 build 7381 rev 124627 built on 2023-07-19
// Device information: 
//  DeviceId: 00B4CB9F
//  ProductCode: MTW2-3A7G6
//  Firmware Version: 4.6.0
//  Hardware Version: 2.0.0
// Device settings: 
//  Filter Profile: human(46.1)
//  Option Flags: Orientation Smoother Disabled, Position/Velocity Smoother Disabled, Continuous Zero Rotation Update Disabled, AHS Disabled, ICC Disabled
// Coordinate system: ENU
PacketCounter	Acc_X	Acc_Y	Acc_Z	Gyr_X	Gyr_Y	Gyr_Z	Mat[1][1]	Mat[2][1]	Mat[3][1]	Mat[1][2]	Mat[2][2]	Mat[3][2]	Mat[1][3]	Mat[2][3]	Mat[3][3]
06710	9.747031	-0.212836	-1.389396	0.012263	-0.012942	0.003873	-0.129642	-0.067396	0.989268	-0.481930	0.876203	-0.003463	-0.866566	-0.477206	-0.146073
06711	9.741137	-0.222738	-1.368749	0.012504	-0.012150	0.005193	-0.129820	-0.067415	0.989243	-0.482051	0.876136	-0.003553	-0.866472	-0.477327	-0.146237
06712	9.735269	-0.232794	-1.347918	0.013201	-0.009294	0.007010	-0.129850	-0.067402	0.989240	-0.482177	0.876067	-0.003601	-0.866398	-0.477456	-0.146257
06713	9.728781	-0.254713	-1.359136	0.014328	-0.003900	0.007180	-0.129965	-0.067364	0.989228	-0.482312	0.875992	-0.003714	-0.866305	-0.477599	-0.146339
06714	9.757943	-0.242519	-1.346528	0.020708	-0.007037	0.001454	-0.129971	-0.067375	0.989226	-0.482418	0.875933	-0.003724	-0.866245	-0.477705	-0.146349
06715	9.718560	-0.205756	-1.341105	0.019235	0.002148	0.006714	-0.130031	-0.067313	0.989222	-0.482597	0.875834	-0.003839	-0.866136	-0.477895	-0.146371
06716	9.679876	-0.111821	-1.392783	0.007583	0.000828	0.000872	-0.130019	-0.067223	0.989230	-0.482653	0.875803	-0.003922	-0.866107	-0.477965	-0.146316
06717	9.724931	-0.140215	-1.420154	-0.003297	0.000935	0.003274	-0.130073	-0.067197	0.989225	-0.482641	0.875809	-0.003970	-0.866106	-0.477957	-0.146351
06718	9.737036	-0.110021	-1.431326	-0.016225	0.001033	0.002120	-0.130072	-0.067106	0.989231	-0.482586	0.875840	-0.004040	-0.866136	-0.477914	-0.146307
06719	9.661409	-0.117948	-1.481709	-0.027179	0.002569	-0.001906	-0.130087	-0.067117	0.989228	-0.482373	0.875957	-0.004002	-0.866253	-0.477698	-0.146326
06720	9.690673	-0.104425	-1.468565	-0.031651	-0.000938	-0.003085	-0.130037	-0.067071	0.989238	-0.482222	0.876040	-0.003993	-0.866344	-0.477551	-0.146261
06721	9.689298	-0.127177	-1.533656	-0.033644	-0.001900	-0.002355	-0.130088	-0.067107	0.989229	-0.481954	0.876188	-0.003941	-0.866486	-0.477275	-0.146324
06722	9.706428	-0.143926	-1.509557	-0.033640	-0.001900	-0.002353	-0.130211	-0.067128	0.989211	-0.481498	0.876438	-0.003905	-0.866720	-0.476812	-0.146444
06723	9.700031	-0.164096	-1.520348	-0.031666	-0.000461	-0.005224	-0.130236	-0.067182	0.989204	-0.481252	0.876574	-0.003828	-0.866854	-0.476555	-0.146493
06724	9.722856	-0.171319	-1.518220	-0.025451	-0.005821	-0.005845	-0.130270	-0.067187	0.989200	-0.481017	0.876703	-0.003800	-0.866979	-0.476316	-0.146526
06725	9.705016	-0.210099	-1.485615	-0.022758	-0.002005	-0.004755	-0.130310	-0.067244	0.989190	-0.480846	0.876797	-0.003740	-0.867067	-0.476136	-0.146590
06726	9.734238	-0.196808	-1.472729	-0.007792	-0.002098	-0.000049	-0.130361	-0.067209	0.989186	-0.480775	0.876836	-0.003783	-0.867099	-0.476069	-0.146617
06727	9.740618	-0.175769	-1.462107	0.002236	0.001754	0.000591	-0.130394	-0.067202	0.989182	-0.480815	0.876814	-0.003813	-0.867073	-0.476110	-0.146643
06728	9.695593	-0.147768	-1.434406	0.002236	0.001754	0.000591	-0.130447	-0.067143	0.989179	-0.480758	0.876845	-0.003881	-0.867096	-0.476062	-0.146661
06729	9.673365	-0.082474	-1.494151	0.003561	-0.000617	0.000186	-0.130499	-0.067150	0.989172	-0.480809	0.876816	-0.003909	-0.867060	-0.476113	-0.146710
06730	9.672678	-0.094198	-1.526674	-0.005556	-0.000345	0.000543	-0.130531	-0.067157	0.989167	-0.480669	0.876894	-0.003894	-0.867133	-0.475970	-0.146742
06731	9.696234	-0.090701	-1.491643	0.000455	0.002062	0.000498	-0.130561	-0.067149	0.989164	-0.480693	0.876880	-0.003921	-0.867115	-0.475996	-0.146764
06732	9.724820	-0.089293	-1.510897	-0.007628	0.000130	-0.005156	-0.130564	-0.067182	0.989161	-0.480575	0.876945	-0.003872	-0.867180	-0.475872	-0.146783
06733	9.672724	-0.093294	-1.526437	-0.005633	0.001091	-0.005885	-0.130572	-0.067235	0.989156	-0.480556	0.876956	-0.003826	-0.867189	-0.475844	-0.146816
06734	9.701353	-0.136970	-1.455998	-0.006087	-0.000971	-0.006383	-0.130559	-0.067238	0.989158	-0.480456	0.877010	-0.003801	-0.867246	-0.475743	-0.146806
06735	9.733625	-0.206496	-1.505044	0.000820	-0.003475	-0.005188	-0.130609	-0.067306	0.989147	-0.480492	0.876991	-0.003771	-0.867219	-0.475769	-0.146883
06736	9.733646	-0.251615	-1.415585	0.006401	-0.003609	-0.003588	-0.130662	-0.067330	0.989138	-0.480536	0.876967	-0.003783	-0.867186	-0.475811	-0.146941
06737	9.735558	-0.171024	-1.408342	0.015570	-0.004838	0.000340	-0.130751	-0.067356	0.989125	-0.480692	0.876881	-0.003830	-0.867086	-0.475965	-0.147031
06738	9.706944	-0.172430	-1.389289	0.019801	-0.002122	0.000202	-0.130781	-0.067365	0.989120	-0.480826	0.876807	-0.003859	-0.867008	-0.476100	-0.147060
06739	9.690407	-0.143556	-1.381430	0.012036	-0.004699	0.002297	-0.130878	-0.067373	0.989107	-0.480949	0.876740	-0.003919	-0.866925	-0.476223	-0.147149
06740	9.690318	-0.143769	-1.382032	0.009320	-0.008038	-0.000934	-0.130913	-0.067415	0.989099	-0.480953	0.876738	-0.003900	-0.866917	-0.476221	-0.147200
06741	9.741679	-0.150583	-1.399428	0.002815	-0.002515	-0.005916	-0.130951	-0.067485	0.989089	-0.481007	0.876708	-0.003866	-0.866882	-0.476265	-0.147267
06742	9.701604	-0.124284	-1.426510	-0.002982	-0.003652	-0.006693	-0.130972	-0.067433	0.989090	-0.481055	0.876682	-0.003930	-0.866852	-0.476322	-0.147260
06743	9.700316	-0.192421	-1.401797	-0.005874	0.000297	-0.007204	-0.130979	-0.067501	0.989084	-0.481036	0.876693	-0.003871	-0.866862	-0.476292	-0.147299
06744	9.717506	-0.209172	-1.377498	-0.002313	-0.000320	-0.007018	-0.130867	-0.067559	0.989095	-0.481047	0.876687	-0.003766	-0.866872	-0.476294	-0.147228
06745	9.705459	-0.238713	-1.366284	0.003219	0.000505	-0.009704	-0.130860	-0.067647	0.989090	-0.481109	0.876653	-0.003695	-0.866839	-0.476344	-0.147265
06746	9.734002	-0.236954	-1.385879	0.004168	-0.005363	-0.004178	-0.130903	-0.067676	0.989083	-0.481065	0.876677	-0.003683	-0.866857	-0.476295	-0.147316
06747	9.723159	-0.198217	-1.399840	0.007098	-0.000754	-0.001770	-0.130946	-0.067701	0.989075	-0.481151	0.876630	-0.003696	-0.866803	-0.476379	-0.147365
06748	9.711081	-0.228306	-1.388783	0.011935	-0.002784	-0.006273	-0.130992	-0.067711	0.989068	-0.481236	0.876583	-0.003724	-0.866749	-0.476463	-0.147410
06749	9.739599	-0.226717	-1.408510	0.013263	-0.005155	-0.006677	-0.131049	-0.067800	0.989055	-0.481382	0.876503	-0.003698	-0.866659	-0.476598	-0.147502
06750	9.745257	-0.216931	-1.430626	0.017708	-0.001168	-0.007639	-0.131042	-0.067819	0.989054	-0.481490	0.876444	-0.003696	-0.866600	-0.476704	-0.147505
06751	9.699521	-0.200160	-1.435572	0.021726	0.000279	-0.006956	-0.131050	-0.067885	0.989049	-0.481709	0.876323	-0.003680	-0.866477	-0.476916	-0.147543
06752	9.700231	-0.188014	-1.402979	0.021942	0.001549	-0.007778	-0.131018	-0.067869	0.989054	-0.481865	0.876238	-0.003704	-0.866395	-0.477075	-0.147506
06753	9.688210	-0.217877	-1.391613	0.025267	0.000141	-0.008910	-0.131018	-0.067952	0.989048	-0.482118	0.876099	-0.003673	-0.866255	-0.477319	-0.147545
06754	9.712342	-0.156849	-1.413896	0.022425	0.003135	-0.005138	-0.131001	-0.068032	0.989045	-0.482032	0.876146	-0.003580	-0.866305	-0.477220	-0.147570
06755	9.700347	-0.186723	-1.402353	0.012799	0.002293	-0.009563	-0.130979	-0.068111	0.989043	-0.482178	0.876066	-0.003525	-0.866227	-0.477356	-0.147588
06756	9.677521	-0.177815	-1.404589	0.012799	0.002293	-0.009563	-0.130924	-0.068128	0.989049	-0.482287	0.876006	-0.003500	-0.866174	-0.477464	-0.147548
06757	9.706114	-0.175565	-1.423868	0.006257	-0.000752	-0.016439	-0.130895	-0.068282	0.989042	-0.482386	0.875953	-0.003367	-0.866124	-0.477540	-0.147596
06758	9.711820	-0.164856	-1.445725	0.012057	0.000389	-0.015662	-0.130859	-0.068419	0.989037	-0.482349	0.875973	-0.003222	-0.866150	-0.477482	-0.147631
06759	9.718220	-0.142442	-1.434948	0.008948	0.003067	-0.015354	-0.130802	-0.068545	0.989036	-0.482469	0.875908	-0.003103	-0.866091	-0.477585	-0.147641
06760	9.711945	-0.162136	-1.445192	0.012727	0.003722	-0.015990	-0.130663	-0.068654	0.989047	-0.482618	0.875826	-0.002964	-0.866029	-0.477719	-0.147572
06761	9.689774	-0.140888	-1.415078	0.011847	-0.000880	-0.014837	-0.130643	-0.068794	0.989040	-0.482763	0.875746	-0.002855	-0.865952	-0.477845	-0.147621
06762	9.717670	-0.150224	-1.467012	0.013392	-0.001981	-0.016062	-0.130586	-0.068900	0.989040	-0.483038	0.875595	-0.002780	-0.865807	-0.478107	-0.147622
06763	9.712649	-0.146540	-1.412894	0.017222	-0.002276	-0.012412	-0.130589	-0.069026	0.989031	-0.483226	0.875491	-0.002702	-0.865701	-0.478278	-0.147685
06764	9.689087	-0.149251	-1.448020	0.017223	-0.002276	-0.012412	-0.130590	-0.069063	0.989028	-0.483304	0.875448	-0.002683	-0.865658	-0.478352	-0.147703
06765	9.682052	-0.181142	-1.491406	0.021882	-0.006053	-0.013943	-0.130618	-0.069220	0.989013	-0.483535	0.875321	-0.002597	-0.865525	-0.478562	-0.147803
06766	9.706645	-0.107622	-1.482114	0.021884	-0.006053	-0.013942	-0.130629	-0.069330	0.989004	-0.483778	0.875187	-0.002547	-0.865387	-0.478791	-0.147865
06767	9.705918	-0.118379	-1.515049	0.022100	-0.004784	-0.014766	-0.130642	-0.069488	0.988991	-0.484012	0.875058	-0.002453	-0.865254	-0.479004	-0.147952
06768	9.706527	-0.105432	-1.483043	0.020319	-0.004478	-0.014859	-0.130622	-0.069585	0.988987	-0.483901	0.875119	-0.002339	-0.865319	-0.478878	-0.147983
06769	9.699476	-0.137154	-1.526546	0.012523	-0.006588	-0.014904	-0.130650	-0.069753	0.988972	-0.484053	0.875036	-0.002230	-0.865230	-0.479006	-0.148088
06770	9.670860	-0.137069	-1.507686	0.012976	-0.004524	-0.014410	-0.130632	-0.069866	0.988966	-0.484061	0.875032	-0.002122	-0.865229	-0.478997	-0.148126
06771	9.694331	-0.132027	-1.473441	0.013620	-0.009753	-0.016620	-0.130679	-0.070064	0.988946	-0.484224	0.874942	-0.001998	-0.865130	-0.479132	-0.148263
06772	9.705201	-0.169078	-1.460132	0.017185	-0.001328	-0.016695	-0.130640	-0.070172	0.988943	-0.484381	0.874855	-0.001911	-0.865048	-0.479275	-0.148281
06773	9.728085	-0.175798	-1.457888	0.014739	-0.004356	-0.016457	-0.130641	-0.070343	0.988931	-0.484554	0.874760	-0.001790	-0.864951	-0.479424	-0.148364
06774	9.729412	-0.150790	-1.393159	0.017877	0.001531	-0.014884	-0.130534	-0.070402	0.988941	-0.484474	0.874804	-0.001671	-0.865012	-0.479334	-0.148299
06775	9.735129	-0.140326	-1.414690	0.016758	0.005169	-0.015310	-0.130457	-0.070517	0.988943	-0.484663	0.874700	-0.001564	-0.864918	-0.479508	-0.148288
06776	9.723955	-0.157835	-1.370175	0.014380	0.009757	-0.008909	-0.130284	-0.070495	0.988967	-0.484655	0.874704	-0.001497	-0.864948	-0.479503	-0.148125
06777	9.712486	-0.130494	-1.415586	0.010125	0.007507	-0.010908	-0.130208	-0.070560	0.988973	-0.484781	0.874634	-0.001424	-0.864889	-0.479621	-0.148091
06778	9.689703	-0.121538	-1.417351	-0.000768	0.007593	-0.008506	-0.130106	-0.070573	0.988985	-0.484656	0.874704	-0.001341	-0.864975	-0.479492	-0.148007
06779	9.701755	-0.090401	-1.428032	-0.000980	0.006325	-0.007681	-0.130056	-0.070615	0.988989	-0.484682	0.874690	-0.001283	-0.864968	-0.479512	-0.147984
06780	9.724161	-0.109457	-1.457032	-0.009024	0.012449	-0.009311	-0.129965	-0.070573	0.989004	-0.484545	0.874766	-0.001253	-0.865058	-0.479379	-0.147885
06781	9.707078	-0.091190	-1.480380	-0.013230	0.009252	-0.007024	-0.129893	-0.070596	0.989012	-0.484463	0.874811	-0.001184	-0.865114	-0.479294	-0.147833
06782	9.713848	-0.012291	-1.526584	-0.018794	0.008896	-0.006483	-0.129798	-0.070477	0.989033	-0.484540	0.874768	-0.001255	-0.865086	-0.479389	-0.147693
06783	9.644289	-0.055833	-1.508151	-0.030158	0.007389	-0.006718	-0.129744	-0.070506	0.989038	-0.484312	0.874895	-0.001164	-0.865222	-0.479154	-0.147659
06784	9.655050	-0.047954	-1.583896	-0.035072	0.001803	-0.008386	-0.129662	-0.070490	0.989050	-0.484165	0.874976	-0.001113	-0.865316	-0.479007	-0.147580
06785	9.700885	-0.062749	-1.578774	-0.037064	0.000838	-0.007655	-0.129660	-0.070558	0.989045	-0.483878	0.875135	-0.001003	-0.865477	-0.478707	-0.147611
06786	9.689609	-0.079666	-1.534895	-0.031567	0.002617	-0.014621	-0.129644	-0.070713	0.989036	-0.483325	0.875441	-0.000764	-0.865788	-0.478125	-0.147673
06787	9.689662	-0.077935	-1.534651	-0.031304	0.002937	-0.011160	-0.129607	-0.070802	0.989034	-0.483093	0.875569	-0.000627	-0.865923	-0.477877	-0.147684
06788	9.741453	-0.128396	-1.461470	-0.021076	-0.000476	-0.013230	-0.129603	-0.070768	0.989037	-0.483223	0.875497	-0.000677	-0.865851	-0.478014	-0.147664
06789	9.701578	-0.146851	-1.398573	-0.021241	-0.002696	-0.008122	-0.129629	-0.070857	0.989028	-0.483075	0.875579	-0.000585	-0.865930	-0.477850	-0.147730
06790	9.712566	-0.184144	-1.384954	-0.015252	0.000202	-0.010310	-0.129652	-0.070923	0.989020	-0.483043	0.875596	-0.000534	-0.865944	-0.477809	-0.147782
06791	9.742352	-0.158241	-1.339596	-0.010329	-0.003248	-0.008381	-0.129682	-0.071017	0.989009	-0.482989	0.875626	-0.000456	-0.865970	-0.477740	-0.147853
06792	9.713150	-0.170649	-1.352946	-0.006033	-0.001948	-0.002096	-0.129689	-0.070935	0.989014	-0.483201	0.875509	-0.000568	-0.865851	-0.477966	-0.147819
06793	9.742294	-0.157133	-1.340143	-0.002962	-0.003668	-0.006687	-0.129730	-0.071016	0.989003	-0.483208	0.875505	-0.000518	-0.865840	-0.477962	-0.147895
06794	9.749153	-0.123621	-1.297320	-0.011403	-0.000562	-0.004519	-0.129724	-0.071033	0.989002	-0.483023	0.875607	-0.000468	-0.865945	-0.477772	-0.147898
06795	9.742863	-0.144233	-1.308170	-0.012041	-0.004372	-0.002049	-0.129794	-0.071077	0.988990	-0.482947	0.875650	-0.000450	-0.865977	-0.477688	-0.147981
06796	9.690757	-0.148838	-1.323931	-0.018273	0.000970	-0.001433	-0.129772	-0.071019	0.988997	-0.482913	0.875668	-0.000484	-0.865999	-0.477662	-0.147933
06797	9.679106	-0.121585	-1.370386	-0.028976	-0.005770	-0.003883	-0.129845	-0.071086	0.988983	-0.482692	0.875790	-0.000424	-0.866111	-0.477429	-0.148029
06798	9.707590	-0.119630	-1.390320	-0.026956	-0.005280	-0.002470	-0.129888	-0.071097	0.988976	-0.482213	0.876054	-0.000353	-0.866372	-0.476943	-0.148073
06799	9.706895	-0.130669	-1.423371	-0.034529	-0.006131	-0.003339	-0.129967	-0.071160	0.988962	-0.481943	0.876203	-0.000289	-0.866510	-0.476661	-0.148172
06800	9.683900	-0.121611	-1.426487	-0.036566	-0.006144	-0.006891	-0.130000	-0.071201	0.988954	-0.481588	0.876398	-0.000209	-0.866702	-0.476295	-0.148221
06801	9.712363	-0.118971	-1.446581	-0.044371	-0.007789	-0.009078	-0.130066	-0.071322	0.988937	-0.481240	0.876589	-0.000074	-0.866886	-0.475926	-0.148337
06802	9.699773	-0.159561	-1.468470	-0.039930	-0.003790	-0.010037	-0.130149	-0.071360	0.988923	-0.480808	0.876826	-0.000006	-0.867113	-0.475483	-0.148428
06803	9.733670	-0.204532	-1.452832	-0.043698	-0.004455	-0.009398	-0.130184	-0.071468	0.988911	-0.480466	0.877013	0.000131	-0.867297	-0.475121	-0.148511
06804	9.716367	-0.185562	-1.477453	-0.037478	-0.000759	-0.010264	-0.130177	-0.071547	0.988906	-0.480064	0.877234	0.000273	-0.867521	-0.474702	-0.148543
06805	9.693452	-0.176098	-1.480062	-0.030116	-0.001179	-0.008574	-0.130188	-0.071632	0.988898	-0.479839	0.877356	0.000382	-0.867644	-0.474462	-0.148593
06806	9.687202	-0.195819	-1.490878	-0.021021	-0.000942	-0.011073	-0.130149	-0.071708	0.988898	-0.479688	0.877439	0.000494	-0.867733	-0.474298	-0.148595
06807	9.704526	-0.211739	-1.466595	-0.011505	0.001839	-0.015216	-0.130101	-0.071837	0.988895	-0.479633	0.877469	0.000641	-0.867771	-0.474223	-0.148615
06808	9.745470	-0.224120	-1.406827	0.008512	0.009611	-0.013939	-0.129932	-0.071826	0.988918	-0.479867	0.877341	0.000674	-0.867666	-0.474462	-0.148461
06809	9.711497	-0.233681	-1.364384	0.022506	0.015436	-0.014757	-0.129768	-0.071887	0.988935	-0.480107	0.877209	0.000766	-0.867558	-0.474696	-0.148347
06810	9.728635	-0.204515	-1.428301	0.028086	0.015320	-0.013159	-0.129636	-0.071881	0.988953	-0.480447	0.877023	0.000767	-0.867390	-0.475040	-0.148229
06811	9.712985	-0.105618	-1.443435	0.033199	0.013621	-0.014200	-0.129491	-0.071945	0.988967	-0.480779	0.876841	0.000837	-0.867228	-0.475366	-0.148132
06812	9.713832	-0.092890	-1.409303	0.025168	0.019738	-0.015807	-0.129280	-0.071960	0.988994	-0.480930	0.876758	0.000928	-0.867175	-0.475517	-0.147955
06813	9.684915	-0.104759	-1.420925	0.005194	0.011001	-0.012806	-0.129164	-0.072025	0.989004	-0.481018	0.876710	0.001026	-0.867144	-0.475596	-0.147884
06814	9.690127	-0.105810	-1.474286	0.002733	0.008446	-0.014716	-0.129127	-0.071990	0.989011	-0.481155	0.876635	0.000990	-0.867073	-0.475740	-0.147836
06815	9.679169	-0.065977	-1.487283	0.002076	0.005111	-0.014393	-0.129055	-0.072096	0.989013	-0.481218	0.876600	0.001108	-0.867049	-0.475788	-0.147823
06816	9.678649	-0.076176	-1.519491	-0.000830	0.000492	-0.016802	-0.128949	-0.072209	0.989019	-0.481106	0.876662	0.001279	-0.867127	-0.475658	-0.147784
06817	9.660765	-0.068650	-1.576495	-0.003969	-0.004921	-0.020530	-0.128934	-0.072416	0.989006	-0.481124	0.876651	0.001467	-0.867119	-0.475645	-0.147871
06818	9.683593	-0.074608	-1.574734	0.000486	-0.009953	-0.021246	-0.128970	-0.072594	0.988988	-0.481116	0.876655	0.001608	-0.867118	-0.475611	-0.147988
06819	9.689123	-0.063200	-1.597264	0.001589	-0.004553	-0.021070	-0.128949	-0.072804	0.988975	-0.481184	0.876618	0.001793	-0.867084	-0.475647	-0.148071
06820	9.690166	-0.037631	-1.532985	0.011347	-0.009530	-0.025787	-0.128956	-0.073045	0.988956	-0.481317	0.876544	0.001980	-0.867009	-0.475746	-0.148193
06821	9.672706	-0.017843	-1.558253	0.003779	-0.010392	-0.026657	-0.128959	-0.073332	0.988935	-0.481410	0.876492	0.002217	-0.866956	-0.475798	-0.148334
06822	9.666310	-0.036305	-1.570222	-0.003106	-0.016956	-0.027607	-0.129037	-0.073618	0.988903	-0.481460	0.876465	0.002424	-0.866917	-0.475804	-0.148541
06823	9.706320	-0.058887	-1.545161	0.000228	-0.018349	-0.028739	-0.129099	-0.073961	0.988870	-0.481525	0.876428	0.002687	-0.866872	-0.475819	-0.148760
06824	9.706002	-0.113284	-1.489704	0.005344	-0.020043	-0.029778	-0.129206	-0.074261	0.988833	-0.481513	0.876434	0.002903	-0.866863	-0.475761	-0.148999
06825	9.723082	-0.128225	-1.467372	0.012983	-0.020611	-0.022489	-0.129318	-0.074560	0.988796	-0.481682	0.876341	0.003085	-0.866752	-0.475886	-0.149241
06826	9.733432	-0.176237	-1.488068	0.018731	-0.018489	-0.025993	-0.129447	-0.074791	0.988762	-0.482045	0.876141	0.003164	-0.866531	-0.476218	-0.149466
06827	9.733778	-0.162646	-1.457394	0.019033	-0.019129	-0.018253	-0.129565	-0.075045	0.988727	-0.482260	0.876022	0.003294	-0.866394	-0.476397	-0.149693
06828	9.739680	-0.140241	-1.448689	0.027971	-0.021102	-0.015650	-0.129663	-0.075196	0.988703	-0.482512	0.875883	0.003336	-0.866239	-0.476629	-0.149853
06829	9.711418	-0.071896	-1.455998	0.029113	-0.016655	-0.011197	-0.129795	-0.075377	0.988672	-0.482806	0.875721	0.003382	-0.866055	-0.476898	-0.150056
06830	9.694340	-0.042246	-1.449784	0.031380	-0.023926	-0.010359	-0.130001	-0.075444	0.988639	-0.483254	0.875474	0.003263	-0.865774	-0.477340	-0.150271
06831	9.682728	-0.003149	-1.466030	0.022930	-0.028927	-0.012212	-0.130233	-0.075693	0.988590	-0.483495	0.875341	0.003328	-0.865605	-0.477545	-0.150596
06832	9.693375	0.016383	-1.512742	0.018510	-0.032937	-0.011244	-0.130562	-0.075847	0.988535	-0.483669	0.875245	0.003274	-0.865458	-0.477696	-0.150959
06833	9.674306	-0.046159	-1.548086	0.007882	-0.040659	-0.009399	-0.130909	-0.076127	0.988467	-0.483776	0.875186	0.003333	-0.865346	-0.477760	-0.151398
06834	9.655784	-0.096803	-1.551457	-0.001910	-0.043299	-0.010843	-0.131352	-0.076331	0.988393	-0.483919	0.875107	0.003272	-0.865199	-0.477872	-0.151886
06835	9.689312	-0.141855	-1.539851	-0.007022	-0.049694	-0.013823	-0.131757	-0.076693	0.988311	-0.483903	0.875115	0.003397	-0.865146	-0.477799	-0.152414
06836	9.723499	-0.174997	-1.496054	-0.004790	-0.047928	-0.013236	-0.132125	-0.076876	0.988248	-0.484022	0.875050	0.003358	-0.865024	-0.477890	-0.152825
06837	9.788009	-0.114105	-1.431475	-0.003980	-0.042369	-0.018666	-0.132442	-0.077244	0.988176	-0.484039	0.875039	0.003526	-0.864966	-0.477849	-0.153281
06838	9.795072	-0.067628	-1.359526	-0.006922	-0.029876	-0.017287	-0.132714	-0.077458	0.988123	-0.483954	0.875086	0.003598	-0.864971	-0.477729	-0.153622
06839	9.721706	-0.027789	-1.282516	-0.027881	-0.024237	-0.017864	-0.132878	-0.077732	0.988079	-0.483764	0.875190	0.003794	-0.865053	-0.477493	-0.153898
06840	9.675847	-0.066827	-1.232085	-0.053047	-0.021343	-0.018286	-0.132992	-0.077900	0.988051	-0.483239	0.875479	0.003981	-0.865328	-0.476936	-0.154076
06841	9.733202	-0.049784	-1.240684	-0.074582	-0.020000	-0.014242	-0.133138	-0.078122	0.988014	-0.482640	0.875809	0.004213	-0.865640	-0.476294	-0.154308
06842	9.696953	-0.093125	-1.298494	-0.101323	-0.015065	-0.017698	-0.133299	-0.078195	0.987986	-0.481808	0.876266	0.004347	-0.866079	-0.475440	-0.154480
06843	9.701065	-0.034802	-1.411689	-0.127311	-0.016312	-0.019085	-0.133390	-0.078441	0.987955	-0.480757	0.876841	0.004709	-0.866648	-0.474338	-0.154673
06844	9.688512	-0.073089	-1.434601	-0.147283	-0.015116	-0.020523	-0.133521	-0.078606	0.987924	-0.479536	0.877508	0.005009	-0.867305	-0.473076	-0.154860
06845	9.686852	-0.091925	-1.501346	-0.166088	-0.017559	-0.021542	-0.133612	-0.078879	0.987890	-0.478151	0.878261	0.005456	-0.868055	-0.471631	-0.155062
06846	9.686075	-0.029659	-1.560325	-0.179526	-0.020895	-0.022294	-0.133775	-0.079037	0.987855	-0.476603	0.879100	0.005794	-0.868881	-0.470039	-0.155271
06847	9.690466	-0.026326	-1.616713	-0.186791	-0.020023	-0.026059	-0.133867	-0.079361	0.987817	-0.475041	0.879941	0.006318	-0.869721	-0.468408	-0.155495
06848	9.643571	0.052923	-1.680104	-0.187573	-0.023673	-0.029168	-0.133957	-0.079520	0.987792	-0.474067	0.880464	0.006591	-0.870239	-0.467397	-0.155642
06849	9.573565	0.140967	-1.745597	-0.191783	-0.023985	-0.039672	-0.134019	-0.079982	0.987746	-0.472478	0.881313	0.007257	-0.871093	-0.465716	-0.155902
06850	9.583770	0.098881	-1.767304	-0.214541	-0.026444	-0.047739	-0.134055	-0.080386	0.987708	-0.470694	0.882261	0.007920	-0.872053	-0.463846	-0.156108
06851	9.620671	-0.101137	-1.827220	-0.227876	-0.037355	-0.054691	-0.134165	-0.081041	0.987640	-0.468806	0.883257	0.008791	-0.873052	-0.461832	-0.156495
06852	9.698220	-0.395528	-1.839279	-0.205087	-0.043261	-0.054102	-0.134300	-0.081617	0.987574	-0.467006	0.884202	0.009566	-0.873996	-0.459919	-0.156864
06853	9.744476	-0.461162	-1.783642	-0.153213	-0.040697	-0.051400	-0.134457	-0.082258	0.987499	-0.465764	0.884849	0.010290	-0.874635	-0.458558	-0.157287
06854	9.746393	-0.490434	-1.666436	-0.108045	-0.035378	-0.046399	-0.134577	-0.082714	0.987445	-0.464850	0.885324	0.010806	-0.875102	-0.457559	-0.157594
06855	9.766685	-0.389242	-1.538873	-0.070581	-0.033220	-0.037169	-0.134737	-0.083194	0.987383	-0.464310	0.885601	0.011260	-0.875364	-0.456934	-0.157951
06856	9.780969	-0.309804	-1.421435	-0.059227	-0.020812	-0.040080	-0.134743	-0.083470	0.987359	-0.463857	0.885835	0.011586	-0.875603	-0.456432	-0.158078
06857	9.770831	-0.244296	-1.370287	-0.069956	-0.009516	-0.042817	-0.134669	-0.083892	0.987333	-0.463329	0.886104	0.012094	-0.875894	-0.455832	-0.158200
06858	9.697210	-0.214254	-1.322860	-0.090837	-0.002444	-0.049616	-0.134426	-0.084211	0.987339	-0.462452	0.886554	0.012652	-0.876395	-0.454896	-0.158119
06859	9.691283	-0.228527	-1.333900	-0.111104	0.008472	-0.058827	-0.134120	-0.084693	0.987339	-0.461585	0.886995	0.013384	-0.876899	-0.453946	-0.158057
06860	9.686220	-0.231083	-1.311736	-0.136669	0.008419	-0.060918	-0.133883	-0.085003	0.987345	-0.460592	0.887502	0.013952	-0.877457	-0.452895	-0.157974
06861	9.697145	-0.202545	-1.354107	-0.159525	0.016004	-0.073347	-0.133447	-0.085580	0.987354	-0.459317	0.888147	0.014902	-0.878191	-0.451520	-0.157829
06862	9.669164	-0.195376	-1.333239	-0.197132	0.018226	-0.072488	-0.132962	-0.085956	0.987387	-0.457752	0.888940	0.015745	-0.879081	-0.449885	-0.157542
06863	9.629121	-0.229402	-1.335076	-0.228900	0.013600	-0.075012	-0.132541	-0.086560	0.987391	-0.455866	0.889889	0.016820	-0.880124	-0.447889	-0.157406
06864	9.652495	-0.226455	-1.332649	-0.255750	0.006546	-0.079955	-0.132119	-0.087023	0.987406	-0.453727	0.890963	0.017813	-0.881293	-0.445659	-0.157198
06865	9.675802	-0.222503	-1.330905	-0.266321	0.000499	-0.090084	-0.131748	-0.087821	0.987385	-0.451525	0.892054	0.019095	-0.882478	-0.443313	-0.157179
06866	9.671504	-0.129533	-1.266280	-0.279298	-0.000599	-0.095836	-0.131355	-0.088496	0.987378	-0.449173	0.893214	0.020301	-0.883736	-0.440837	-0.157078
06867	9.702007	-0.162696	-1.198393	-0.290330	0.000347	-0.106557	-0.130915	-0.089443	0.987351	-0.446773	0.894382	0.021783	-0.885017	-0.438270	-0.157049
06868	9.673148	-0.161557	-1.212421	-0.308896	-0.002483	-0.110912	-0.130466	-0.090251	0.987337	-0.444221	0.895618	0.023168	-0.886367	-0.435573	-0.156939
06869	9.621966	-0.222146	-1.207458	-0.312219	-0.010698	-0.116497	-0.130085	-0.091337	0.987287	-0.441631	0.896854	0.024781	-0.887716	-0.432793	-0.157005
06870	9.698157	-0.279328	-1.171183	-0.315910	-0.021495	-0.120509	-0.129773	-0.092267	0.987242	-0.439094	0.898059	0.026214	-0.889020	-0.430090	-0.157057
06871	9.698223	-0.263869	-1.174217	-0.303524	-0.023727	-0.123387	-0.129484	-0.093473	0.987166	-0.436581	0.899233	0.027881	-0.890298	-0.427368	-0.157245
06872	9.664088	-0.272018	-1.169777	-0.296811	-0.027695	-0.124905	-0.129218	-0.094478	0.987105	-0.434478	0.900206	0.029285	-0.891365	-0.425092	-0.157371
06873	9.658283	-0.276838	-1.185154	-0.284498	-0.029359	-0.129929	-0.128957	-0.095767	0.987015	-0.432137	0.901276	0.030987	-0.892540	-0.422529	-0.157610
06874	9.628671	-0.193485	-1.189912	-0.255387	-0.034970	-0.142569	-0.128632	-0.096995	0.986937	-0.430080	0.902202	0.032613	-0.893580	-0.420267	-0.157768
06875	9.663218	-0.143065	-1.168000	-0.237113	-0.032774	-0.148438	-0.128329	-0.098466	0.986831	-0.428179	0.903038	0.034425	-0.894536	-0.418123	-0.158047
06876	9.683882	-0.195677	-1.062267	-0.219858	-0.035963	-0.154654	-0.128026	-0.099743	0.986743	-0.426526	0.903758	0.036015	-0.895369	-0.416260	-0.158247
06877	9.709254	-0.246948	-1.011212	-0.194214	-0.033863	-0.155502	-0.127707	-0.101282	0.986627	-0.425013	0.904396	0.037828	-0.896133	-0.414499	-0.158544
06878	9.692380	-0.192816	-0.971291	-0.170735	-0.034070	-0.154873	-0.127350	-0.102628	0.986534	-0.424003	0.904804	0.039392	-0.896662	-0.413277	-0.158741
06879	9.679785	-0.137108	-0.985661	-0.158579	-0.036182	-0.157860	-0.127046	-0.104198	0.986409	-0.422810	0.905283	0.041172	-0.897269	-0.411832	-0.159069
06880	9.643782	-0.073986	-1.001722	-0.151834	-0.039330	-0.158143	-0.126767	-0.105514	0.986305	-0.422127	0.905534	0.042619	-0.897630	-0.410943	-0.159332
06881	9.658031	-0.068337	-0.895173	-0.148058	-0.037463	-0.162985	-0.126456	-0.107136	0.986170	-0.421032	0.905957	0.044433	-0.898187	-0.409591	-0.159671
06882	9.758584	-0.130721	-0.861092	-0.133748	-0.038867	-0.161140	-0.126149	-0.108554	0.986054	-0.420284	0.906226	0.045998	-0.898581	-0.408620	-0.159943
06883	9.761430	-0.175339	-0.812258	-0.120477	-0.034766	-0.162450	-0.125819	-0.110159	0.985918	-0.419434	0.906528	0.047762	-0.899024	-0.407518	-0.160264
06884	9.793910	-0.197951	-0.716002	-0.092686	-0.029968	-0.161403	-0.125456	-0.111574	0.985805	-0.418777	0.906748	0.049331	-0.899381	-0.406644	-0.160482
06885	9.801628	-0.286904	-0.547013	-0.053119	-0.019815	-0.156978	-0.125018	-0.113068	0.985691	-0.418525	0.906776	0.050934	-0.899560	-0.406168	-0.160685
06886	9.875993	-0.391556	-0.284554	-0.000222	-0.005860	-0.148350	-0.124439	-0.114190	0.985635	-0.419130	0.906430	0.052098	-0.899358	-0.406626	-0.160656
06887	9.984278	-0.472606	-0.027510	0.045097	0.014474	-0.134072	-0.123787	-0.115336	0.985583	-0.419730	0.906082	0.053316	-0.899168	-0.407079	-0.160571
06888	9.972438	-0.628489	0.165100	0.079860	0.046182	-0.118676	-0.122846	-0.116004	0.985623	-0.420914	0.905485	0.054111	-0.898744	-0.408215	-0.160063
06889	9.975297	-0.797718	0.472212	0.113644	0.089267	-0.090192	-0.121703	-0.116446	0.985712	-0.422074	0.904904	0.054787	-0.898355	-0.409376	-0.159279
06890	9.930794	-0.909503	0.607520	0.152663	0.132166	-0.063642	-0.120192	-0.116355	0.985908	-0.423700	0.904128	0.055051	-0.897793	-0.411112	-0.157969
06891	9.854842	-0.947796	0.780916	0.161637	0.177957	-0.040761	-0.118462	-0.115980	0.986162	-0.425228	0.903404	0.055167	-0.897300	-0.412808	-0.156337
06892	9.897901	-0.868514	0.853015	0.164953	0.232818	-0.019315	-0.116329	-0.115038	0.986526	-0.426851	0.902652	0.054924	-0.896809	-0.414711	-0.154108
06893	9.896686	-0.641437	0.745098	0.125674	0.281046	-0.006190	-0.113822	-0.113916	0.986949	-0.428014	0.902111	0.054762	-0.896576	-0.416195	-0.151438
06894	9.809454	-0.304447	0.538343	0.060633	0.327044	-0.001317	-0.110894	-0.112400	0.987456	-0.428784	0.901762	0.054492	-0.896575	-0.417362	-0.148195
06895	9.754619	-0.034668	0.335281	-0.057466	0.366819	-0.001166	-0.107639	-0.110869	0.987989	-0.428299	0.901989	0.054556	-0.897203	-0.417282	-0.144574
06896	9.773796	0.153178	0.195297	-0.217671	0.412325	-0.009791	-0.103906	-0.109066	0.988589	-0.426408	0.902870	0.054791	-0.898543	-0.415849	-0.140321
06897	9.764511	0.191599	-0.112415	-0.400076	0.460016	-0.015304	-0.099743	-0.107288	0.989212	-0.422855	0.904499	0.055463	-0.900691	-0.412761	-0.135585
06898	9.739052	0.133339	-0.532120	-0.583011	0.488167	-0.014897	-0.095277	-0.105247	0.989871	-0.417799	0.906800	0.056200	-0.903530	-0.408213	-0.130369
06899	9.462572	0.013654	-1.171194	-0.735294	0.459249	-0.002500	-0.091149	-0.103397	0.990455	-0.411176	0.909764	0.057134	-0.906988	-0.402043	-0.125438
06900	9.320210	-0.170359	-1.799861	-0.824667	0.339293	0.009456	-0.088096	-0.101802	0.990896	-0.403882	0.912977	0.057890	-0.910559	-0.395106	-0.121546
06901	9.526786	-0.309701	-2.213446	-0.822313	0.214333	0.030956	-0.086304	-0.100668	0.991170	-0.396385	0.916216	0.058541	-0.914019	-0.387832	-0.118977
06902	10.007376	-0.319086	-2.430087	-0.742531	0.142665	0.038703	-0.085114	-0.099588	0.991382	-0.389811	0.919013	0.058851	-0.916953	-0.381442	-0.117041
06903	10.636953	-0.320640	-2.310212	-0.613022	0.137297	0.044595	-0.084065	-0.098644	0.991566	-0.384176	0.921367	0.059090	-0.919425	-0.375968	-0.115352
06904	11.364613	-0.384367	-1.779554	-0.413666	0.211380	0.057028	-0.082373	-0.097193	0.991851	-0.380347	0.922969	0.058855	-0.921168	-0.372399	-0.112995
06905	12.046255	-0.564982	-1.105055	-0.160210	0.344417	0.075980	-0.079526	-0.095197	0.992277	-0.378841	0.923627	0.058248	-0.922038	-0.371283	-0.109517
06906	11.953258	-0.594020	-0.417186	0.142727	0.486065	0.104938	-0.075421	-0.092282	0.992872	-0.380272	0.923122	0.056913	-0.921795	-0.373269	-0.104715
06907	11.503471	-0.596305	0.051688	0.341182	0.568696	0.147291	-0.070782	-0.088776	0.993533	-0.383340	0.921964	0.055071	-0.920891	-0.376963	-0.099290
06908	11.607161	-0.599763	0.370502	0.326518	0.613525	0.227574	-0.066042	-0.084203	0.994258	-0.386338	0.920872	0.052326	-0.919990	-0.380664	-0.093347
06909	12.080593	-0.402538	0.708722	0.176194	0.783608	0.297298	-0.060024	-0.078460	0.995109	-0.387805	0.920428	0.049180	-0.919785	-0.382956	-0.085675
06910	11.194936	0.062980	1.041048	0.143705	1.045012	0.312258	-0.051652	-0.071406	0.996109	-0.389269	0.919987	0.045765	-0.919675	-0.385390	-0.075315
06911	9.175858	0.381486	1.491526	0.130137	1.126886	0.251028	-0.042306	-0.064729	0.997006	-0.390382	0.919642	0.043142	-0.919680	-0.387388	-0.064175
06912	8.385362	0.393837	1.299629	0.150752	0.860529	0.214506	-0.035299	-0.059265	0.997618	-0.391838	0.919132	0.040738	-0.919357	-0.389467	-0.055667
06913	8.529696	0.345421	0.833478	0.151075	0.688853	0.146925	-0.029583	-0.055212	0.998036	-0.393215	0.918612	0.039163	-0.918971	-0.391284	-0.048886
06914	9.008842	0.528664	0.407031	0.202987	0.643773	0.074630	-0.024043	-0.051847	0.998366	-0.395223	0.917793	0.038145	-0.918271	-0.393660	-0.042557
06915	9.770031	0.565365	0.209885	0.273682	0.679660	0.056960	-0.018070	-0.048625	0.998654	-0.397758	0.916726	0.037439	-0.917312	-0.396546	-0.035906
06916	10.389131	0.462196	0.281845	0.333306	0.804210	0.073962	-0.011070	-0.044587	0.998944	-0.401021	0.915345	0.036412	-0.916002	-0.400195	-0.028013
06917	10.277946	0.232902	0.283630	0.333307	0.845073	0.112487	-0.003826	-0.040148	0.999186	-0.404101	0.914038	0.035179	-0.914707	-0.403637	-0.019721
06918	10.183822	0.170925	-0.656905	0.439949	0.754682	0.169872	0.002260	-0.035401	0.999371	-0.408309	0.912238	0.033238	-0.912841	-0.408127	-0.012393
06919	10.334129	0.663045	-0.824769	0.604676	0.718483	0.207392	0.007917	-0.030545	0.999502	-0.413869	0.909806	0.031082	-0.910302	-0.413909	-0.005439
06920	10.810101	1.210419	-0.225554	0.615151	0.835166	0.228810	0.014480	-0.024828	0.999587	-0.419779	0.907175	0.028614	-0.907511	-0.420020	0.002714
06921	10.692054	1.374407	-0.352022	0.394509	0.912347	0.230020	0.021742	-0.018881	0.999585	-0.423435	0.905544	0.026314	-0.905665	-0.423832	0.011694
06922	10.610704	0.731056	-0.644524	0.175673	0.882298	0.233559	0.028659	-0.012856	0.999507	-0.425326	0.904726	0.023833	-0.904586	-0.425799	0.020460
06923	10.902720	0.655831	-0.692726	0.017556	0.848255	0.247316	0.035238	-0.006993	0.999354	-0.425602	0.904659	0.021338	-0.904224	-0.426080	0.028903
06924	10.951939	0.110695	-0.627960	-0.076853	0.868004	0.280522	0.041854	-0.000575	0.999124	-0.425246	0.904892	0.018334	-0.904110	-0.425640	0.037629
06925	10.831416	-0.315511	-0.478989	-0.092838	0.902149	0.324411	0.048592	0.006211	0.998799	-0.424592	0.905260	0.015027	-0.904080	-0.424813	0.046626
06926	10.771810	-0.588931	-0.271250	-0.028928	0.908345	0.353302	0.055275	0.013460	0.998380	-0.424757	0.905237	0.011313	-0.903618	-0.424695	0.055754
06927	10.757924	-0.660081	-0.076793	0.041233	0.888603	0.377601	0.061656	0.020666	0.997883	-0.425390	0.904979	0.007542	-0.902907	-0.424955	0.064589
06928	10.822117	-0.906574	0.000495	0.159695	0.898230	0.409502	0.067983	0.028388	0.997283	-0.427340	0.904085	0.003396	-0.901532	-0.426409	0.073594
06929	10.984470	-1.109155	0.164623	0.339861	0.939291	0.456260	0.074444	0.036542	0.996555	-0.430765	0.902463	-0.000913	-0.899388	-0.429214	0.082924
06930	10.967729	-1.019905	0.379865	0.554126	0.998949	0.482942	0.081281	0.045405	0.995656	-0.436362	0.899755	-0.005409	-0.896093	-0.434027	0.092946
06931	10.733891	-0.775709	0.596849	0.711025	1.041084	0.481442	0.088432	0.054291	0.994602	-0.443168	0.896388	-0.009527	-0.892066	-0.439934	0.103330
06932	10.668532	-0.381307	0.953732	0.808464	1.065487	0.478225	0.095732	0.063496	0.993380	-0.451047	0.892397	-0.013574	-0.887351	-0.446762	0.114070
06933	10.639785	-0.062074	1.193611	0.859677	1.112285	0.488699	0.103309	0.072867	0.991977	-0.459182	0.888171	-0.017421	-0.882315	-0.453698	0.125216
06934	10.457489	0.297628	1.360533	0.909063	1.163649	0.506030	0.111152	0.082876	0.990342	-0.467962	0.883489	-0.021412	-0.876731	-0.461062	0.136984
06935	10.207445	0.791199	1.607768	0.919634	1.204481	0.501277	0.119270	0.092901	0.988506	-0.476618	0.878753	-0.025080	-0.870983	-0.468148	0.149087
06936	10.023538	1.220208	1.754764	0.873440	1.217851	0.467414	0.127544	0.102939	0.986477	-0.485010	0.874044	-0.028498	-0.865158	-0.474816	0.161405
06937	9.815180	1.782536	1.873355	0.782309	1.209884	0.426707	0.135853	0.112450	0.984327	-0.492361	0.869824	-0.031415	-0.859724	-0.480376	0.173534
06938	9.666662	2.353158	1.861207	0.656149	1.207480	0.376351	0.144286	0.121733	0.982020	-0.498733	0.866086	-0.034084	-0.854662	-0.484847	0.185676
06939	9.461294	2.714773	1.729543	0.485971	1.186222	0.325869	0.152727	0.130330	0.979637	-0.503402	0.863287	-0.036370	-0.850448	-0.487596	0.197455
06940	9.294940	2.948910	1.362284	0.278199	1.142143	0.268590	0.161013	0.138392	0.977201	-0.506385	0.861445	-0.038562	-0.847142	-0.488631	0.208784
06941	9.013963	3.047463	1.063015	0.048956	1.081997	0.196376	0.169133	0.145377	0.974813	-0.507166	0.860901	-0.040394	-0.845090	-0.487560	0.219337
06942	8.670507	2.891771	0.681974	-0.152364	1.012128	0.137500	0.176935	0.151629	0.972472	-0.506293	0.861329	-0.042183	-0.844015	-0.484892	0.229168
06943	8.332728	2.941832	0.288769	-0.293414	0.929812	0.081354	0.184331	0.156833	0.970271	-0.504007	0.862594	-0.043678	-0.843800	-0.480972	0.238048
06944	8.092758	2.693959	-0.192826	-0.498588	0.804630	0.043497	0.190859	0.161178	0.968295	-0.500029	0.864818	-0.045394	-0.844715	-0.475512	0.245652
06945	8.295057	1.795770	-0.371704	-0.874153	0.670190	0.058334	0.196201	0.164854	0.966607	-0.492789	0.868816	-0.048150	-0.847741	-0.466886	0.251700
06946	9.261706	0.253024	0.183590	-1.131007	0.645687	0.109373	0.201110	0.168882	0.964901	-0.483519	0.873779	-0.052156	-0.851918	-0.456059	0.257383
06947	9.870251	-1.194429	0.361462	-1.120773	0.695744	0.186809	0.206116	0.173667	0.962993	-0.474374	0.878483	-0.056893	-0.855854	-0.445092	0.263453
06948	9.976469	-1.931583	0.330609	-0.886160	0.687794	0.270660	0.210691	0.179167	0.960994	-0.467458	0.881844	-0.061923	-0.858541	-0.436177	0.269549
06949	10.269381	-2.087938	0.710884	-0.527400	0.683180	0.320924	0.215027	0.184974	0.958931	-0.463656	0.883519	-0.066459	-0.859527	-0.430323	0.275744
06950	10.362769	-1.824144	1.104814	-0.154152	0.711327	0.356536	0.219435	0.191262	0.956696	-0.463221	0.883445	-0.070370	-0.858647	-0.427720	0.282455
06951	10.242316	-1.437593	1.395309	0.127013	0.732631	0.398567	0.223828	0.197928	0.954319	-0.465239	0.882101	-0.073832	-0.856419	-0.427461	0.289523
06952	9.877697	-0.849597	1.688914	0.342019	0.745501	0.420154	0.228183	0.204907	0.951812	-0.469225	0.879724	-0.076898	-0.853089	-0.429067	0.296886
06953	9.464309	-0.069646	2.104282	0.502959	0.764477	0.414599	0.232694	0.211854	0.949195	-0.474506	0.876669	-0.079343	-0.848939	-0.431937	0.304521
06954	9.209576	0.693638	2.387266	0.526668	0.759524	0.387550	0.237221	0.218616	0.946537	-0.479982	0.873489	-0.081452	-0.844597	-0.434999	0.312142
06955	9.134894	1.326702	2.571485	0.426682	0.749121	0.349782	0.241808	0.224948	0.943890	-0.484461	0.870826	-0.083425	-0.840730	-0.437105	0.319551
06956	9.003793	1.557775	2.478758	0.207657	0.716624	0.319809	0.246217	0.230927	0.941302	-0.487075	0.869133	-0.085818	-0.837935	-0.437355	0.326474
06957	8.841111	1.137790	2.222513	-0.119781	0.677536	0.301121	0.250385	0.236513	0.938813	-0.486866	0.868925	-0.089057	-0.836821	-0.434777	0.332716
06958	8.533341	0.143543	1.877793	-0.404373	0.624793	0.305913	0.254081	0.241920	0.936439	-0.484328	0.869895	-0.093318	-0.837179	-0.429833	0.338192
06959	8.194996	-0.731722	1.699683	-0.523100	0.559412	0.320843	0.257180	0.247116	0.934233	-0.480812	0.871317	-0.098114	-0.838259	-0.423958	0.342901
06960	7.921846	-1.062447	1.646099	-0.534196	0.472395	0.333879	0.259496	0.252055	0.932271	-0.477260	0.872693	-0.103103	-0.839574	-0.418182	0.346756
06961	7.610346	-1.079899	1.602338	-0.525979	0.403392	0.339617	0.261232	0.256712	0.930514	-0.473771	0.873987	-0.108111	-0.841011	-0.412609	0.349936
06962	7.275922	-1.208982	1.725478	-0.535574	0.326611	0.352007	0.262272	0.261165	0.928981	-0.470248	0.875232	-0.113293	-0.842663	-0.407138	0.352361
06963	7.043018	-1.598040	1.949287	-0.509703	0.233042	0.343725	0.262588	0.265134	0.927767	-0.466897	0.876364	-0.118297	-0.844426	-0.402108	0.353913
06964	7.048085	-2.075445	2.172952	-0.404366	0.137268	0.310091	0.262255	0.268437	0.926911	-0.464356	0.877117	-0.122635	-0.845929	-0.398255	0.354679
06965	7.204785	-2.414527	2.474911	-0.220753	0.055527	0.253027	0.261513	0.270893	0.926406	-0.463197	0.877285	-0.125775	-0.846794	-0.396217	0.354898
06966	7.358298	-2.418227	2.730290	-0.031337	0.021092	0.198533	0.260719	0.272761	0.926082	-0.463520	0.876828	-0.127760	-0.846862	-0.395948	0.355036
06967	7.465235	-2.513051	2.879566	0.143975	-0.011693	0.153729	0.259867	0.274078	0.925932	-0.465186	0.875810	-0.128684	-0.846210	-0.397290	0.355091
06968	7.499756	-2.674988	3.024513	0.357561	-0.041329	0.113559	0.258933	0.274958	0.925933	-0.468581	0.874024	-0.128507	-0.844622	-0.400600	0.355153
06969	7.621216	-2.703307	3.065834	0.608478	-0.085819	0.075047	0.257816	0.275282	0.926148	-0.473953	0.871336	-0.127053	-0.841962	-0.406194	0.355115
06970	7.840163	-2.654530	3.172751	0.884625	-0.115885	0.054284	0.256525	0.275340	0.926490	-0.481610	0.867503	-0.124463	-0.838002	-0.414279	0.355143
