// General information: 
//  MT Manager version: 2022.2.0 
//  XDA version: 2022.2.0 build 7381 rev 124627 built on 2023-07-19
// Device information: 
//  DeviceId: 00B4CBA7
//  ProductCode: MTW2-3A7G6
//  Firmware Version: 4.6.0
//  Hardware Version: 2.0.0
// Device settings: 
//  Filter Profile: human(46.1)
//  Option Flags: Orientation Smoother Disabled, Position/Velocity Smoother Disabled, Continuous Zero Rotation Update Disabled, AHS Disabled, ICC Disabled
// Coordinate system: ENU
PacketCounter	Acc_X	Acc_Y	Acc_Z	Gyr_X	Gyr_Y	Gyr_Z	Mat[1][1]	Mat[2][1]	Mat[3][1]	Mat[1][2]	Mat[2][2]	Mat[3][2]	Mat[1][3]	Mat[2][3]	Mat[3][3]
56251	9.737691	-0.873874	-1.746727	0.003025	-0.009836	0.019343	0.164212	-0.002507	0.986422	0.461918	-0.883385	-0.079142	0.871589	0.468642	-0.143905
56252	9.658996	-0.794325	-1.786467	-0.001961	-0.002851	0.018291	0.164327	-0.002605	0.986402	0.461859	-0.883404	-0.079275	0.871598	0.468606	-0.143964
56253	9.602077	-0.651907	-1.768003	0.038671	0.003264	0.017953	0.164359	-0.002752	0.986397	0.462165	-0.883226	-0.079473	0.871430	0.468940	-0.143894
56254	9.656068	-0.599961	-1.701984	0.018041	0.006020	0.018638	0.164395	-0.002893	0.986390	0.462275	-0.883153	-0.079634	0.871364	0.469075	-0.143849
56255	9.714389	-0.700794	-1.749066	-0.017079	0.016940	0.021144	0.164323	-0.003132	0.986402	0.462090	-0.883237	-0.079784	0.871476	0.468917	-0.143689
56256	9.739334	-0.744453	-1.669204	0.013663	0.029440	0.027214	0.164198	-0.003460	0.986421	0.462159	-0.883179	-0.080028	0.871463	0.469024	-0.143417
56257	9.691841	-0.803175	-1.534854	0.003830	0.031704	0.027945	0.164029	-0.003829	0.986448	0.462145	-0.883164	-0.080274	0.871503	0.469049	-0.143095
56258	9.628588	-0.825027	-1.444966	-0.008465	0.035398	0.025310	0.163841	-0.004167	0.986478	0.462024	-0.883209	-0.080467	0.871602	0.468960	-0.142781
56259	9.602840	-0.624565	-1.333021	0.010691	0.033298	0.024894	0.163644	-0.004516	0.986509	0.462075	-0.883162	-0.080693	0.871612	0.469046	-0.142437
56260	9.615851	-0.558746	-1.305497	-0.033261	0.032180	0.020716	0.163464	-0.004799	0.986538	0.461741	-0.883327	-0.080805	0.871823	0.468733	-0.142176
56261	9.509749	-0.724270	-1.279961	-0.052825	0.027537	0.022164	0.163304	-0.005097	0.986563	0.461242	-0.883577	-0.080913	0.872117	0.468258	-0.141941
56262	9.540492	-0.986394	-1.396887	-0.074746	0.018589	0.006065	0.163174	-0.005187	0.986584	0.460573	-0.883934	-0.080822	0.872494	0.467582	-0.141846
56263	9.631844	-1.218089	-1.724334	-0.020768	0.030562	0.006026	0.162912	-0.005356	0.986626	0.460381	-0.884035	-0.080818	0.872645	0.467390	-0.141554
56264	9.387711	-1.143147	-1.319364	0.077656	0.026718	0.009483	0.162730	-0.005515	0.986655	0.461030	-0.883682	-0.080977	0.872336	0.468056	-0.141259
56265	9.538615	-0.997666	-1.462258	0.015162	0.015164	0.016002	0.162649	-0.005701	0.986668	0.461135	-0.883614	-0.081122	0.872296	0.468182	-0.141090
56266	10.020761	-0.797080	-1.542067	0.064161	0.019626	0.015263	0.162554	-0.005878	0.986682	0.461656	-0.883324	-0.081320	0.872038	0.468726	-0.140874
56267	10.092836	-0.541118	-1.538872	0.037693	0.032006	0.025089	0.162368	-0.006223	0.986711	0.461942	-0.883150	-0.081585	0.871921	0.469050	-0.140521
56268	9.802243	-0.462799	-1.607723	-0.011303	0.044559	0.022644	0.162087	-0.006582	0.986754	0.461807	-0.883205	-0.081750	0.872045	0.468941	-0.140117
56269	9.598169	-0.685211	-1.472647	0.025053	0.035874	0.031648	0.161898	-0.007004	0.986783	0.461973	-0.883089	-0.082062	0.871992	0.469152	-0.139735
56270	9.560457	-0.797488	-1.438426	0.027341	0.039230	0.024019	0.161672	-0.007350	0.986817	0.462170	-0.882965	-0.082295	0.871930	0.469382	-0.139354
56271	9.524920	-0.675114	-1.226678	0.070276	0.031609	0.019335	0.161464	-0.007643	0.986849	0.462750	-0.882637	-0.082549	0.871661	0.469993	-0.138977
56272	9.464152	-0.612784	-0.909632	0.105238	0.016920	0.025794	0.161441	-0.007901	0.986851	0.463617	-0.882148	-0.082906	0.871204	0.470906	-0.138752
56273	9.550926	-0.563839	-1.122659	0.005837	-0.001998	0.018876	0.161523	-0.008031	0.986836	0.463636	-0.882123	-0.083066	0.871178	0.470950	-0.138760
56274	9.552024	-0.596093	-1.308279	0.021978	-0.012215	0.013671	0.161695	-0.008044	0.986808	0.463794	-0.882029	-0.083186	0.871062	0.471126	-0.138889
56275	9.432226	-0.622052	-1.155263	0.041047	-0.024695	0.019327	0.161978	-0.008072	0.986761	0.464119	-0.881838	-0.083399	0.870837	0.471483	-0.139092
56276	9.513314	-0.614522	-1.178306	-0.017756	-0.033443	0.017868	0.162352	-0.008022	0.986700	0.463936	-0.881924	-0.083506	0.870864	0.471324	-0.139460
56277	9.705560	-0.615046	-1.287364	-0.029805	-0.041162	0.023382	0.162796	-0.008007	0.986627	0.463637	-0.882067	-0.083660	0.870941	0.471057	-0.139885
56278	9.858053	-0.675957	-1.232464	-0.053576	-0.035648	0.027692	0.163237	-0.008034	0.986554	0.463121	-0.882323	-0.083814	0.871133	0.470575	-0.140307
56279	9.764445	-0.691175	-1.321561	-0.072071	-0.033180	0.029556	0.163640	-0.008112	0.986487	0.462443	-0.882664	-0.083969	0.871417	0.469935	-0.140688
56280	9.797157	-0.619985	-1.449751	-0.050831	-0.031541	0.036068	0.164081	-0.008233	0.986412	0.461930	-0.882910	-0.084207	0.871606	0.469471	-0.141066
56281	9.854923	-0.488658	-1.683136	-0.106246	-0.011241	0.032820	0.164308	-0.008443	0.986373	0.460949	-0.883409	-0.084346	0.872083	0.468526	-0.141260
56282	9.744028	-0.617022	-2.124751	-0.174478	-0.000202	0.039694	0.164492	-0.008743	0.986340	0.459360	-0.884227	-0.084445	0.872886	0.466975	-0.141433
56283	9.644831	-1.012137	-2.175455	-0.122379	0.007144	0.049503	0.164635	-0.009187	0.986312	0.458208	-0.884798	-0.084726	0.873465	0.465885	-0.141459
56284	9.516583	-1.165960	-2.054956	-0.065296	0.022934	0.048659	0.164660	-0.009674	0.986303	0.457554	-0.885103	-0.085068	0.873803	0.465294	-0.141314
56285	9.411966	-1.061850	-1.954679	-0.014668	0.027808	0.041636	0.164585	-0.010145	0.986311	0.457356	-0.885171	-0.085423	0.873921	0.465155	-0.141046
56286	9.392098	-0.959377	-1.749739	0.005033	0.037700	0.039880	0.164441	-0.010623	0.986330	0.457315	-0.885158	-0.085777	0.873969	0.465169	-0.140699
56287	9.277119	-1.046232	-1.601787	0.014569	0.032389	0.031320	0.164279	-0.011024	0.986352	0.457390	-0.885091	-0.086071	0.873960	0.465287	-0.140360
56288	9.324592	-0.972262	-1.256670	0.068544	0.025606	0.025945	0.164175	-0.011321	0.986366	0.457947	-0.884773	-0.086378	0.873688	0.465884	-0.140073
56289	9.474907	-0.892407	-1.317979	-0.008667	0.020366	0.015055	0.164044	-0.011523	0.986386	0.457845	-0.884816	-0.086480	0.873766	0.465798	-0.139873
56290	9.521817	-0.883212	-1.417202	-0.008495	0.021555	0.009036	0.163902	-0.011653	0.986408	0.457740	-0.884867	-0.086512	0.873848	0.465698	-0.139698
56291	9.661960	-0.880303	-1.379499	-0.004757	0.023304	0.012507	0.163734	-0.011846	0.986433	0.457676	-0.884892	-0.086594	0.873913	0.465646	-0.139465
56292	9.746764	-0.837330	-1.663771	-0.039266	0.026838	0.019616	0.163593	-0.012095	0.986454	0.457306	-0.885074	-0.086691	0.874133	0.465293	-0.139261
56293	9.794622	-0.734963	-1.657851	0.019998	0.033054	0.020018	0.163373	-0.012399	0.986486	0.457446	-0.884983	-0.086882	0.874101	0.465459	-0.138910
56294	9.877939	-0.521499	-1.516872	-0.032404	0.051121	0.027645	0.163058	-0.012832	0.986533	0.457111	-0.885138	-0.087067	0.874335	0.465152	-0.138463
56295	9.737607	-0.733487	-1.704822	-0.089446	0.059029	0.028155	0.162648	-0.013329	0.986594	0.456281	-0.885554	-0.087186	0.874844	0.464345	-0.137952
56296	9.588768	-0.760996	-1.429460	-0.046810	0.061827	0.026672	0.162234	-0.013802	0.986656	0.455832	-0.885770	-0.087343	0.875155	0.463920	-0.137411
56297	9.492433	-0.904201	-1.348108	-0.072590	0.058520	0.029762	0.161835	-0.014311	0.986714	0.455147	-0.886106	-0.087502	0.875586	0.463261	-0.136890
56298	9.452148	-0.948762	-1.230905	-0.015547	0.050585	0.029297	0.161531	-0.014755	0.986757	0.454955	-0.886183	-0.087727	0.875742	0.463101	-0.136434
56299	9.584712	-0.754978	-1.014568	-0.035077	0.046981	0.019325	0.161186	-0.015117	0.986808	0.454615	-0.886346	-0.087835	0.875982	0.462776	-0.135994
56300	9.784341	-0.786302	-1.463589	-0.055333	0.051248	0.019285	0.160829	-0.015475	0.986861	0.454094	-0.886607	-0.087907	0.876318	0.462265	-0.135564
56301	9.574052	-0.873559	-1.164888	0.008184	0.045028	0.025014	0.160525	-0.015879	0.986904	0.454123	-0.886569	-0.088130	0.876358	0.462323	-0.135106
56302	9.529882	-1.189242	-1.126176	-0.011493	0.025994	0.026654	0.160421	-0.016185	0.986916	0.453963	-0.886631	-0.088331	0.876460	0.462193	-0.134886
56303	9.557650	-1.216817	-1.261346	0.035754	0.016256	0.021224	0.160352	-0.016422	0.986923	0.454241	-0.886467	-0.088554	0.876329	0.462500	-0.134688
56304	9.494173	-0.994712	-1.118072	0.129219	0.008257	0.015351	0.160353	-0.016548	0.986921	0.455338	-0.885876	-0.088836	0.875759	0.463628	-0.134518
56305	9.740773	-0.669809	-1.274826	0.069986	0.002091	0.014832	0.160380	-0.016662	0.986915	0.455925	-0.885553	-0.089042	0.875449	0.464240	-0.134428
56306	9.724056	-0.587032	-1.544674	0.038540	0.016233	0.023923	0.160351	-0.016902	0.986915	0.456216	-0.885378	-0.089288	0.875302	0.464564	-0.134261
56307	9.476088	-0.718688	-1.300688	0.039259	0.000757	0.022494	0.160425	-0.017078	0.986900	0.456522	-0.885196	-0.089528	0.875129	0.464904	-0.134211
56308	9.475798	-1.107721	-1.233209	0.010351	-0.008971	0.029175	0.160641	-0.017247	0.986862	0.456558	-0.885151	-0.089787	0.875071	0.464984	-0.134317
56309	9.683580	-1.166235	-1.241830	0.057090	-0.007169	0.024871	0.160795	-0.017407	0.986834	0.457016	-0.884886	-0.090075	0.874804	0.465483	-0.134330
56310	9.964227	-0.936736	-1.062468	0.028649	0.014195	0.013578	0.160734	-0.017545	0.986842	0.457240	-0.884757	-0.090204	0.874698	0.465722	-0.134188
56311	9.826010	-0.715787	-1.352417	0.011077	0.007505	0.002281	0.160656	-0.017573	0.986854	0.457332	-0.884709	-0.090206	0.874664	0.465812	-0.134097
56312	9.954218	-0.499964	-1.388203	0.046472	0.003741	0.018796	0.160709	-0.017709	0.986843	0.457703	-0.884496	-0.090410	0.874460	0.466211	-0.134041
56313	9.983608	-0.322306	-1.727396	-0.092126	0.029797	0.047914	0.160645	-0.018245	0.986844	0.456819	-0.884921	-0.090725	0.874934	0.465383	-0.133823
56314	9.703922	-0.481145	-2.107843	-0.132796	0.047329	0.042459	0.160425	-0.018792	0.986869	0.455580	-0.885540	-0.090921	0.875620	0.464184	-0.133501
56315	9.605729	-0.774186	-1.978147	-0.063025	0.056441	0.038182	0.160082	-0.019365	0.986914	0.454965	-0.885829	-0.091179	0.876003	0.463608	-0.132995
56316	9.787874	-0.988162	-1.977823	-0.022543	0.094430	0.063847	0.159548	-0.020319	0.986981	0.454656	-0.885931	-0.091735	0.876261	0.463373	-0.132110
56317	9.107487	-0.776107	-1.310567	0.035111	0.093297	0.067889	0.159017	-0.021326	0.987046	0.454854	-0.885758	-0.092416	0.876254	0.463657	-0.131150
56318	9.045040	-0.878732	-0.816136	-0.059326	0.063823	0.055915	0.158715	-0.022068	0.987078	0.454244	-0.886026	-0.092847	0.876626	0.463110	-0.130601
56319	9.346617	-1.013087	-0.765283	-0.084175	0.028995	0.039960	0.158619	-0.022529	0.987083	0.453441	-0.886411	-0.093097	0.877058	0.462350	-0.130386
56320	9.657721	-0.945679	-0.526390	-0.090146	0.006534	0.032625	0.158713	-0.022800	0.987061	0.452591	-0.886828	-0.093258	0.877480	0.461536	-0.130432
56321	9.736843	-0.823809	-0.690157	-0.124718	-0.005864	0.031345	0.158884	-0.023024	0.987029	0.451445	-0.887400	-0.093370	0.878040	0.460424	-0.130600
56322	9.728823	-0.856800	-0.983872	-0.121414	-0.024141	0.030075	0.159233	-0.023132	0.986970	0.450344	-0.887950	-0.093467	0.878542	0.459359	-0.130973
56323	9.797852	-0.860354	-1.185625	-0.079638	-0.032180	0.033211	0.159643	-0.023252	0.986901	0.449589	-0.888312	-0.093656	0.878854	0.458651	-0.131359
56324	9.838886	-0.948817	-1.664105	-0.068031	-0.024606	0.031672	0.159999	-0.023373	0.986840	0.448911	-0.888636	-0.093831	0.879135	0.458017	-0.131689
56325	9.719398	-1.004152	-1.699102	0.030481	-0.027705	0.034815	0.160377	-0.023529	0.986775	0.449122	-0.888493	-0.094180	0.878959	0.458286	-0.131927
56326	9.773577	-0.918334	-1.736226	0.057984	-0.014068	0.050885	0.160732	-0.023869	0.986709	0.449552	-0.888218	-0.094718	0.878674	0.458801	-0.132035
56327	9.340439	-1.086411	-1.542920	0.111676	0.011818	0.054796	0.160853	-0.024384	0.986677	0.450443	-0.887697	-0.095371	0.878196	0.459782	-0.131805
56328	9.483907	-0.766915	-0.858813	-0.017883	0.021468	0.060029	0.160936	-0.024967	0.986649	0.450192	-0.887768	-0.095897	0.878309	0.459614	-0.131633
56329	9.263071	-1.246200	-1.127402	-0.161253	0.064157	0.102918	0.160812	-0.026149	0.986639	0.448607	-0.888486	-0.096666	0.879142	0.458158	-0.131149
56330	9.025810	-1.011839	-0.793490	-0.148855	-0.010755	0.087649	0.161298	-0.026832	0.986541	0.447147	-0.889153	-0.097291	0.879797	0.456822	-0.131421
56331	9.727073	-1.246552	-1.555001	-0.294509	-0.040109	0.070100	0.161942	-0.027246	0.986424	0.444439	-0.890481	-0.097560	0.881050	0.454205	-0.132097
56332	10.348824	-1.615162	-2.034345	-0.130915	-0.055002	0.058421	0.162684	-0.027469	0.986296	0.443189	-0.891064	-0.097919	0.881543	0.453045	-0.132788
56333	10.563200	-1.878650	-2.460087	0.153669	-0.010335	0.079366	0.163105	-0.028102	0.986208	0.444412	-0.890350	-0.098871	0.880849	0.454409	-0.132732
56334	10.048834	-1.230589	-2.989072	0.474113	0.034793	0.096805	0.163233	-0.029077	0.986159	0.448403	-0.888174	-0.100410	0.878800	0.458587	-0.131941
56335	9.825065	-0.696667	-2.958357	0.701117	0.046412	0.107968	0.163291	-0.030222	0.986115	0.454376	-0.884909	-0.102361	0.875716	0.464782	-0.130766
56336	9.878403	-0.437030	-2.736104	0.684551	0.084374	0.129162	0.163150	-0.031710	0.986092	0.460150	-0.881672	-0.104485	0.872722	0.470797	-0.129253
56337	9.618368	-0.259511	-2.339941	0.591774	0.113743	0.147288	0.162817	-0.033519	0.986087	0.465066	-0.878827	-0.106662	0.870175	0.475962	-0.127500
56338	9.287535	-0.217607	-1.498874	0.456947	0.115101	0.152349	0.162535	-0.035356	0.986069	0.468803	-0.876588	-0.108704	0.868220	0.479940	-0.125901
56339	9.376805	0.213474	-0.891634	0.181307	0.108984	0.153964	0.162289	-0.037203	0.986042	0.470125	-0.875666	-0.110415	0.867551	0.481482	-0.124621
56340	9.490578	0.324895	-0.605828	-0.078271	0.092684	0.140823	0.162151	-0.038831	0.986002	0.469237	-0.875984	-0.111665	0.868057	0.480775	-0.123821
56341	9.656694	0.368920	-0.181422	-0.315508	0.077031	0.138067	0.162105	-0.040384	0.985947	0.466270	-0.877447	-0.112602	0.869663	0.477971	-0.123409
56342	9.775601	0.044000	-0.211038	-0.494249	0.062403	0.147913	0.162248	-0.041927	0.985859	0.461708	-0.879754	-0.113400	0.872068	0.473577	-0.123380
56343	9.500190	-0.306886	-0.135052	-0.490432	0.039086	0.163746	0.162636	-0.043527	0.985725	0.457157	-0.882001	-0.114374	0.874389	0.469233	-0.123547
56344	9.278267	-0.606573	0.001124	-0.472212	0.001927	0.168864	0.163386	-0.044974	0.985537	0.452744	-0.884141	-0.115404	0.876543	0.465051	-0.124095
56345	9.459041	-1.089319	-0.193286	-0.414690	-0.027468	0.188120	0.164453	-0.046485	0.985289	0.448795	-0.885981	-0.116707	0.878372	0.461386	-0.124840
56346	9.504595	-1.529549	-0.264215	-0.287713	-0.064351	0.200149	0.165909	-0.047910	0.984977	0.445924	-0.887223	-0.118267	0.879560	0.458847	-0.125834
56347	9.575199	-2.057382	-0.125940	-0.122108	-0.102209	0.198488	0.167670	-0.049176	0.984616	0.444518	-0.887692	-0.120032	0.879938	0.457805	-0.126979
56348	9.559975	-2.369833	0.030875	0.053593	-0.154005	0.200177	0.169909	-0.050198	0.984180	0.444638	-0.887360	-0.122021	0.879447	0.458337	-0.128450
56349	9.395897	-2.427012	0.500652	0.273531	-0.210086	0.191324	0.172585	-0.050902	0.983678	0.446713	-0.886011	-0.124223	0.877874	0.460861	-0.130174
56350	9.467504	-1.730127	0.889960	0.377658	-0.265497	0.170456	0.175670	-0.051136	0.983120	0.449730	-0.884182	-0.126351	0.875719	0.464334	-0.132327
56351	9.319959	-0.674139	0.860413	0.320265	-0.315841	0.165278	0.179156	-0.051099	0.982493	0.452237	-0.882612	-0.128368	0.873719	0.467318	-0.135016
56352	9.652924	-0.512165	0.862749	0.237112	-0.387088	0.159365	0.183242	-0.050647	0.981762	0.454012	-0.881429	-0.130211	0.871949	0.469592	-0.138520
56353	9.963024	-0.713024	0.840281	0.138567	-0.455586	0.149005	0.187866	-0.049791	0.980932	0.454942	-0.880708	-0.131834	0.870479	0.471034	-0.142803
56354	10.100696	-0.848118	1.062688	0.134435	-0.529757	0.145530	0.193118	-0.048532	0.979975	0.455827	-0.880013	-0.133409	0.868865	0.472463	-0.147824
56355	10.152911	-0.781884	1.149454	0.114768	-0.625207	0.128834	0.199111	-0.046681	0.978865	0.456571	-0.879415	-0.134809	0.867121	0.473763	-0.153788
56356	10.219574	-0.901621	1.773202	0.138307	-0.719072	0.116201	0.205845	-0.044250	0.977584	0.457535	-0.878712	-0.136116	0.865037	0.475298	-0.160633
56357	10.042579	-0.816362	2.091068	-0.016341	-0.809807	0.119783	0.213370	-0.041427	0.976093	0.457143	-0.878743	-0.137224	0.863420	0.475493	-0.168559
56358	9.963369	-1.238367	1.895843	-0.174716	-0.906540	0.124648	0.221731	-0.038183	0.974360	0.455341	-0.879544	-0.138087	0.862265	0.474284	-0.177636
56359	10.293465	-1.934338	2.032608	-0.163071	-1.011144	0.108991	0.230915	-0.034325	0.972368	0.453690	-0.880282	-0.138815	0.860723	0.473208	-0.187698
56360	11.296635	-1.760379	2.610424	-0.157868	-1.099634	0.072829	0.240662	-0.029738	0.970153	0.452141	-0.881023	-0.139167	0.858866	0.472139	-0.198583
56361	11.511759	-0.748785	2.454621	-0.294103	-1.192709	0.056547	0.251129	-0.024592	0.967641	0.449480	-0.882397	-0.139078	0.857264	0.469862	-0.210542
56362	11.327779	-0.351258	2.007950	-0.514614	-1.292651	0.073660	0.262489	-0.019171	0.964745	0.444878	-0.884798	-0.138625	0.856261	0.465581	-0.223721
56363	11.280300	-1.332227	1.393399	-0.773115	-1.395972	0.054411	0.274658	-0.013173	0.961452	0.438115	-0.888367	-0.137328	0.855931	0.458945	-0.238226
56364	11.414165	-3.126520	0.491515	-0.654381	-1.499143	-0.004589	0.287404	-0.006271	0.957789	0.432523	-0.891364	-0.135623	0.854589	0.453244	-0.253469
56365	11.613864	-3.994655	0.342035	-0.178701	-1.609583	-0.078021	0.300769	0.001735	0.953695	0.431232	-0.892178	-0.134375	0.850633	0.451680	-0.269088
56366	12.209738	-3.272633	0.179201	0.457295	-1.718987	-0.132252	0.314706	0.010727	0.949129	0.435506	-0.890105	-0.134342	0.843383	0.455630	-0.284793
56367	12.452809	-1.234054	0.273120	0.742640	-1.801879	-0.141903	0.329177	0.020282	0.944050	0.442197	-0.886679	-0.135139	0.834328	0.461941	-0.300843
56368	12.404957	0.206813	0.312601	0.719321	-1.846508	-0.126677	0.343879	0.029996	0.938535	0.448560	-0.883326	-0.136121	0.824949	0.467798	-0.317213
56369	13.104866	0.603286	-0.011626	0.346484	-1.870297	-0.140599	0.358578	0.040036	0.932641	0.451904	-0.881654	-0.135899	0.816826	0.470194	-0.334234
56370	12.480382	0.402000	-0.686885	0.077095	-1.843939	-0.184524	0.372680	0.050341	0.926594	0.453187	-0.881226	-0.134397	0.809773	0.470007	-0.351229
56371	10.758846	0.751134	-2.035179	-0.021113	-1.802396	-0.231674	0.386142	0.060870	0.920429	0.453902	-0.881198	-0.132147	0.803036	0.468812	-0.367897
56372	9.615157	2.233363	-3.738616	-0.269033	-1.763292	-0.316358	0.398736	0.071910	0.914242	0.453000	-0.882248	-0.128177	0.797371	0.465261	-0.384359
56373	9.818397	2.282782	-5.923160	-0.365951	-1.654034	-0.444562	0.409850	0.083520	0.908321	0.451896	-0.883598	-0.122657	0.792346	0.460738	-0.399885
56374	10.002271	2.248720	-6.174964	-0.407683	-1.452632	-0.569938	0.418675	0.095240	0.903128	0.451051	-0.884957	-0.115776	0.788203	0.455830	-0.413467
56375	9.260063	1.221435	-6.865550	-0.563596	-1.252347	-0.648649	0.425587	0.106682	0.898607	0.449363	-0.886854	-0.107535	0.785461	0.449566	-0.425373
56376	8.783064	0.013240	-8.096122	-0.436217	-1.048162	-0.647109	0.430820	0.117141	0.894803	0.448727	-0.888080	-0.099788	0.782967	0.444513	-0.435167
56377	8.135074	-0.356614	-8.265801	-0.176232	-0.815775	-0.596038	0.434497	0.126077	0.891805	0.449937	-0.888136	-0.093656	0.780236	0.441949	-0.442619
56378	7.409766	-1.267214	-7.787620	0.037130	-0.578870	-0.535594	0.436515	0.133424	0.889749	0.452572	-0.887277	-0.088981	0.777581	0.441517	-0.447694
56379	7.177182	-2.119997	-7.043702	0.437062	-0.355513	-0.490052	0.437020	0.139368	0.888589	0.458112	-0.884671	-0.086552	0.774046	0.444898	-0.450465
56380	7.470771	-0.834883	-5.834651	0.907216	-0.115480	-0.446588	0.435779	0.143863	0.888482	0.467074	-0.879967	-0.086605	0.769375	0.452728	-0.450665
56381	7.630634	1.389495	-4.872175	1.030549	0.096129	-0.401121	0.433126	0.146969	0.889270	0.476732	-0.874669	-0.087640	0.764937	0.461903	-0.448907
56382	7.924050	2.885124	-3.382354	0.702746	0.333098	-0.357640	0.428799	0.148579	0.891098	0.483654	-0.870872	-0.087528	0.763027	0.468515	-0.445290
56383	7.551137	3.531634	-2.461094	0.056230	0.585487	-0.359045	0.422562	0.148984	0.894005	0.485620	-0.870073	-0.084539	0.765254	0.469870	-0.440009
56384	6.992533	4.105898	-2.513789	-0.816280	0.852167	-0.372110	0.414140	0.148293	0.898052	0.480911	-0.873332	-0.077562	0.772796	0.464004	-0.432997
56385	6.634237	4.043072	-2.964063	-1.590018	1.088406	-0.398016	0.403748	0.146826	0.903012	0.470162	-0.880023	-0.067128	0.784815	0.451665	-0.424339
56386	6.844409	3.117988	-3.130241	-2.216478	1.314786	-0.422406	0.391298	0.144793	0.908802	0.454283	-0.889224	-0.053924	0.800320	0.433953	-0.413729
56387	7.397809	1.754578	-3.478925	-2.621366	1.539317	-0.404672	0.377023	0.141924	0.915266	0.434633	-0.899740	-0.039520	0.817893	0.412705	-0.400907
56388	7.905453	0.450735	-3.729209	-2.742778	1.746707	-0.365652	0.360949	0.138279	0.922277	0.413305	-0.910242	-0.025279	0.835999	0.390306	-0.385702
56389	8.362391	-0.786214	-4.185699	-2.610900	1.929307	-0.293104	0.343451	0.133664	0.929610	0.392287	-0.919755	-0.012686	0.853319	0.369031	-0.368325
56390	8.253558	-1.924133	-4.590017	-2.179527	2.047461	-0.206829	0.324954	0.128258	0.936993	0.374215	-0.927337	-0.002844	0.868544	0.351561	-0.349338
56391	8.018246	-2.652701	-4.679947	-1.462650	2.096028	-0.129056	0.306128	0.122233	0.944111	0.361834	-0.932236	0.003371	0.880546	0.340579	-0.329611
56392	7.942316	-2.565738	-4.384395	-0.666927	2.092235	-0.073882	0.287278	0.115894	0.950810	0.356152	-0.934407	0.006287	0.889172	0.336827	-0.309710
56393	8.357626	-1.551816	-3.947409	-0.088280	2.092250	-0.048661	0.268417	0.109315	0.957080	0.355502	-0.934649	0.007051	0.895305	0.338351	-0.289738
56394	8.843092	-0.871499	-3.725230	0.204101	2.112452	-0.027699	0.249288	0.102438	0.962996	0.357406	-0.933924	0.006825	0.900065	0.342479	-0.269428
56395	9.027329	-0.676479	-3.408395	0.413491	2.140567	-0.030740	0.229852	0.095359	0.968542	0.361209	-0.932465	0.006086	0.903712	0.348448	-0.248774
56396	9.098315	-0.338881	-3.118309	0.574195	2.178892	-0.063229	0.209837	0.088330	0.973738	0.366544	-0.930385	0.005409	0.906429	0.355783	-0.227606
56397	9.029121	0.299750	-3.042385	0.602550	2.231569	-0.097903	0.189203	0.081246	0.978571	0.372207	-0.928136	0.005094	0.908661	0.363267	-0.205846
56398	8.981802	1.005159	-3.114189	0.520647	2.296363	-0.115224	0.167817	0.073951	0.983041	0.377146	-0.926139	0.005287	0.910823	0.369863	-0.183312
56399	9.099206	1.674154	-3.305074	0.337174	2.342043	-0.128050	0.145951	0.066447	0.987058	0.380421	-0.924794	0.006004	0.913224	0.374621	-0.160252
56400	9.431872	2.008707	-3.443478	0.168236	2.357447	-0.105324	0.123929	0.058612	0.990559	0.382096	-0.924097	0.006875	0.915775	0.377637	-0.136917
56401	9.410439	1.453489	-2.664954	-0.013229	2.364194	-0.086155	0.101895	0.050494	0.993513	0.382069	-0.924101	0.007781	0.918499	0.378797	-0.113454
56402	9.314703	0.175338	-2.006722	-0.247635	2.336377	-0.087454	0.080007	0.042530	0.995887	0.379863	-0.924999	0.008986	0.921576	0.377581	-0.090163
56403	9.306352	-1.344048	-1.877218	-0.298294	2.287070	-0.080932	0.058572	0.034694	0.997680	0.377161	-0.926093	0.010062	0.924294	0.375696	-0.067328
56404	9.308899	-2.436684	-1.356630	0.009707	2.209909	-0.098213	0.037708	0.027355	0.998914	0.377289	-0.926029	0.011117	0.925327	0.376461	-0.045240
56405	9.231542	-2.823259	-0.827351	0.404137	2.091487	-0.154037	0.017760	0.020891	0.999624	0.381063	-0.924464	0.012550	0.924378	0.380697	-0.024379
56406	9.174576	-2.446224	-0.335246	0.830965	1.955958	-0.243781	-0.001281	0.015673	0.999876	0.388743	-0.921225	0.014939	0.921345	0.388714	-0.004913
56407	9.142771	-1.314246	-0.365101	1.070477	1.817799	-0.336376	-0.019335	0.011636	0.999745	0.398540	-0.916967	0.018380	0.916947	0.398794	0.013092
56408	8.931064	0.063628	-0.753547	1.230376	1.635798	-0.411978	-0.036005	0.008839	0.999313	0.409665	-0.911951	0.022827	0.911525	0.410205	0.029213
56409	8.696972	1.088063	-0.501088	1.202998	1.414315	-0.446111	-0.050730	0.007045	0.998688	0.420394	-0.906917	0.027752	0.905922	0.421251	0.043046
56410	8.205626	1.849318	-0.864352	0.834667	1.189989	-0.424928	-0.063336	0.005887	0.997975	0.427684	-0.903345	0.032471	0.901707	0.428875	0.054696
56411	7.570337	2.171740	-1.250273	0.361749	0.977180	-0.385085	-0.073810	0.005183	0.997259	0.430669	-0.901769	0.036561	0.899487	0.432187	0.064328
56412	7.118825	1.697603	-1.867259	-0.135411	0.779366	-0.380243	-0.082502	0.005307	0.996577	0.429141	-0.902337	0.040332	0.899462	0.430999	0.072167
56413	6.994534	1.079714	-2.245907	-0.385865	0.588205	-0.371430	-0.089405	0.006165	0.995976	0.425338	-0.903975	0.043776	0.900608	0.427540	0.078197
56414	7.055318	0.780854	-2.125929	-0.542153	0.396456	-0.366472	-0.094570	0.007859	0.995487	0.420100	-0.906257	0.047064	0.902537	0.422655	0.082403
56415	7.727301	0.564326	-2.376738	-0.561684	0.176939	-0.363030	-0.097706	0.010438	0.995161	0.414664	-0.908586	0.050242	0.904714	0.417567	0.084446
56416	7.922170	1.303207	-1.778167	-0.629499	-0.024284	-0.359608	-0.099002	0.013877	0.994990	0.408594	-0.911155	0.053363	0.907331	0.411830	0.084537
56417	7.689415	1.324841	-2.896008	-0.987568	-0.283180	-0.282213	-0.097588	0.017635	0.995071	0.399324	-0.915136	0.055381	0.911601	0.402760	0.082264
56418	8.333103	0.524845	-2.716705	-1.123521	-0.469322	-0.257094	-0.094341	0.021930	0.995298	0.388794	-0.919553	0.057114	0.916482	0.392354	0.078226
56419	8.593084	-0.699490	-2.584571	-1.158439	-0.613736	-0.220482	-0.089567	0.026366	0.995632	0.377934	-0.923984	0.058467	0.921490	0.381520	0.072794
56420	9.187460	-0.034410	-1.776572	-0.981166	-0.712317	-0.117172	-0.083448	0.030207	0.996054	0.368757	-0.927650	0.059027	0.925772	0.372228	0.066271
56421	11.410099	0.459610	0.648220	-0.920242	-0.581226	0.035730	-0.077945	0.032042	0.996443	0.360239	-0.931048	0.058118	0.929598	0.363487	0.061028
56422	12.978298	0.090885	3.843071	-1.637758	-0.304519	0.258391	-0.074213	0.030785	0.996767	0.345148	-0.936957	0.054635	0.935609	0.348087	0.058909
56423	12.908627	-1.315102	3.177546	-2.720807	-0.062455	0.490802	-0.072012	0.026402	0.997054	0.319916	-0.946221	0.048162	0.944705	0.322441	0.059693
56424	11.451432	-1.617046	2.766745	-3.311286	0.051676	0.457573	-0.071133	0.021958	0.997225	0.288779	-0.956489	0.041660	0.954750	0.290941	0.061696
56425	10.712489	-3.840747	1.862756	-3.717425	0.048937	0.303976	-0.070795	0.018932	0.997311	0.253302	-0.966705	0.036332	0.964793	0.255193	0.063642
56426	11.509533	-7.875337	0.735903	-3.825446	-0.107445	0.181460	-0.069349	0.017485	0.997439	0.216331	-0.975791	0.032147	0.973854	0.218007	0.063887
56427	13.274348	-13.168820	-1.272322	-3.195909	-0.322572	0.114368	-0.065981	0.017050	0.997675	0.185166	-0.982278	0.029033	0.980490	0.186651	0.061655
56428	12.928381	-13.351018	-2.347141	-1.017515	-0.472492	0.017501	-0.061324	0.017776	0.997960	0.175179	-0.984130	0.028294	0.982625	0.176557	0.057237
56429	10.420145	-5.446218	-0.318879	1.168420	-0.573295	-0.129907	-0.055945	0.020130	0.998231	0.186564	-0.981977	0.030258	0.980849	0.187927	0.051181
56430	9.409870	2.822413	1.321180	1.897311	-0.670299	-0.233290	-0.049843	0.023757	0.998474	0.205010	-0.978186	0.033508	0.977490	0.206368	0.043885
56431	10.339824	7.920626	-0.405065	1.108912	-0.716226	-0.287872	-0.043469	0.028118	0.998659	0.215695	-0.975765	0.036862	0.975493	0.217008	0.036351
56432	10.382207	7.748469	-1.832709	-0.415785	-0.633314	-0.284473	-0.037903	0.032285	0.998760	0.211512	-0.976573	0.039595	0.976640	0.212750	0.030186
56433	9.487595	5.751924	-2.548196	-1.593120	-0.550846	-0.269182	-0.033076	0.036079	0.998801	0.195820	-0.979745	0.041875	0.980082	0.196971	0.025342
56434	9.525987	2.374639	-3.575896	-2.167271	-0.495080	-0.244381	-0.028671	0.039445	0.998810	0.174448	-0.983689	0.043855	0.984249	0.175498	0.021322
56435	10.276253	-1.053366	-3.063844	-1.856760	-0.402789	-0.157882	-0.024974	0.041702	0.998818	0.156092	-0.986712	0.045100	0.987427	0.157034	0.018133
56436	10.357294	-3.628243	-2.607268	-0.831766	-0.360909	-0.106317	-0.021566	0.043350	0.998827	0.147839	-0.987938	0.046070	0.988776	0.148660	0.014897
56437	10.447052	-3.211890	-1.718602	0.278550	-0.353645	-0.159310	-0.018320	0.045487	0.998797	0.150553	-0.987449	0.047731	0.988432	0.151246	0.011242
56438	10.188579	-1.021296	-1.206141	0.834658	-0.354433	-0.223920	-0.015156	0.048286	0.998719	0.158752	-0.986047	0.050082	0.987202	0.159308	0.007279
56439	9.743452	0.186412	-0.578611	0.744914	-0.362438	-0.240590	-0.011984	0.051279	0.998612	0.166061	-0.984714	0.052558	0.986043	0.166460	0.003285
56440	9.662158	0.419636	-0.061404	0.411659	-0.404647	-0.232369	-0.008375	0.054285	0.998490	0.170088	-0.983897	0.054918	0.985393	0.170291	-0.000993
56441	9.982285	0.637903	0.413156	0.144207	-0.439897	-0.215952	-0.004423	0.057193	0.998353	0.171486	-0.983530	0.057104	0.985177	0.171457	-0.005458
56442	10.122450	1.659642	0.766286	-0.028111	-0.456573	-0.200510	-0.000258	0.059984	0.998199	0.171198	-0.983460	0.059143	0.985237	0.170905	-0.010015
56443	10.152370	3.411021	0.440805	-0.200761	-0.409313	-0.183016	0.003450	0.062512	0.998038	0.169214	-0.983688	0.061028	0.985573	0.168672	-0.013972
56444	9.880197	4.552603	-0.782387	-0.646251	-0.307390	-0.152913	0.006236	0.064566	0.997894	0.162842	-0.984658	0.062692	0.986632	0.162108	-0.016654
56445	9.519576	3.942112	-2.307737	-0.933225	-0.237596	-0.136399	0.008353	0.066316	0.997764	0.153630	-0.986037	0.064251	0.988093	0.152750	-0.018424
56446	10.021453	2.139919	-3.228362	-1.004670	-0.156922	-0.081599	0.009793	0.067402	0.997678	0.143696	-0.987465	0.065302	0.989573	0.142722	-0.019356
56447	10.416379	-0.212258	-3.765796	-0.692156	-0.034794	-0.003370	0.010121	0.067517	0.997667	0.136835	-0.988426	0.065503	0.990542	0.135853	-0.019242
56448	10.631015	-0.747283	-3.263783	-0.354621	0.042599	0.038705	0.009768	0.067128	0.997697	0.133311	-0.988925	0.065232	0.991026	0.132367	-0.018609
56449	10.905929	-0.587722	-3.096306	-0.199591	0.095169	0.030243	0.008853	0.066736	0.997731	0.131322	-0.989206	0.065001	0.991300	0.130449	-0.017521
56450	10.747658	0.152267	-1.866661	-0.147049	0.145275	0.033196	0.007479	0.066268	0.997774	0.129856	-0.989417	0.064739	0.991505	0.129082	-0.016005
56451	9.833616	0.824132	-1.107780	-0.239986	0.165907	0.022286	0.005851	0.065868	0.997811	0.127466	-0.989738	0.064587	0.991826	0.126809	-0.014186
56452	9.426926	0.887416	-0.366906	-0.452296	0.155127	-0.020076	0.004312	0.065922	0.997815	0.122974	-0.990286	0.064893	0.992401	0.122425	-0.012377
56453	9.185979	0.132654	0.247348	-0.627750	0.107800	-0.053157	0.003167	0.066352	0.997791	0.116736	-0.990999	0.065530	0.993158	0.116270	-0.010884
56454	9.477815	-1.534128	0.716543	-0.445960	0.026186	-0.082350	0.002838	0.067187	0.997736	0.112302	-0.991450	0.066444	0.993670	0.111859	-0.010359
56455	9.490764	-1.769617	1.434429	0.067496	-0.057461	-0.091431	0.003295	0.068191	0.997667	0.112967	-0.991311	0.067383	0.993593	0.112482	-0.010969
56456	8.776381	-1.576379	2.319813	0.525211	-0.168428	-0.102037	0.004873	0.069439	0.997574	0.118182	-0.990635	0.068378	0.992980	0.117562	-0.013034
56457	8.713710	-0.716200	2.819205	0.880351	-0.274976	-0.138400	0.007421	0.071177	0.997436	0.126920	-0.989464	0.069664	0.991885	0.126077	-0.016376
56458	9.512017	1.320473	2.280650	1.028529	-0.325425	-0.148751	0.010468	0.073113	0.997269	0.137122	-0.988007	0.070994	0.990499	0.136004	-0.020368
56459	9.949542	2.730642	1.402567	0.851708	-0.327297	-0.122081	0.013523	0.074809	0.997106	0.145560	-0.986722	0.072056	0.989257	0.144164	-0.024232
56460	9.781945	2.871139	0.195121	0.419680	-0.326812	-0.104414	0.016613	0.076357	0.996942	0.149720	-0.986028	0.073026	0.988589	0.148049	-0.027813
56461	9.888658	2.134000	-0.798225	0.185721	-0.326115	-0.071683	0.019715	0.077581	0.996791	0.151561	-0.985695	0.073720	0.988251	0.149621	-0.031192
56462	10.142997	1.799115	-1.285865	0.075775	-0.290046	-0.035346	0.022539	0.078408	0.996666	0.152311	-0.985552	0.074090	0.988076	0.150134	-0.034156
56463	10.118977	1.634437	-1.251594	-0.013028	-0.224690	0.006946	0.024757	0.078709	0.996590	0.152174	-0.985575	0.074059	0.988044	0.149821	-0.036377
56464	9.668809	1.434520	-1.152718	-0.192302	-0.194879	0.014176	0.026717	0.078906	0.996524	0.150264	-0.985870	0.074034	0.988285	0.147764	-0.038196
56465	9.358484	0.938741	-0.950473	-0.309798	-0.176679	0.003315	0.028456	0.079164	0.996455	0.147193	-0.986324	0.074156	0.988698	0.144562	-0.039719
56466	9.167568	0.389975	-0.193701	-0.430337	-0.193482	-0.025964	0.030346	0.079743	0.996353	0.142939	-0.986913	0.074634	0.989266	0.140153	-0.041347
56467	9.470992	-0.244669	0.128163	-0.357705	-0.245231	-0.046220	0.032694	0.080571	0.996213	0.139407	-0.987369	0.075280	0.989695	0.136418	-0.043514
56468	9.543033	-0.292287	0.789053	-0.180660	-0.301975	-0.049880	0.035628	0.081518	0.996035	0.137631	-0.987571	0.075902	0.989843	0.134381	-0.046404
56469	9.367135	0.063562	1.094743	-0.029940	-0.357622	-0.074309	0.039053	0.082764	0.995804	0.137355	-0.987548	0.076691	0.989752	0.133784	-0.049935
56470	9.146589	0.461254	1.328254	0.104925	-0.417427	-0.098106	0.043059	0.084336	0.995507	0.138428	-0.987323	0.077655	0.989436	0.134463	-0.054188
56471	8.943635	0.754701	1.380230	0.156148	-0.484801	-0.115569	0.047682	0.086164	0.995139	0.140019	-0.987012	0.078751	0.989000	0.135583	-0.059127
56472	9.270227	1.026606	1.323031	0.188812	-0.548494	-0.121017	0.052941	0.088148	0.994700	0.141941	-0.986647	0.079880	0.988458	0.136960	-0.064746
56473	9.458189	1.778244	1.175877	0.094243	-0.587335	-0.113775	0.058570	0.090109	0.994208	0.142930	-0.986414	0.080982	0.987998	0.137359	-0.070654
56474	9.560000	1.862034	0.593790	-0.062570	-0.627199	-0.105777	0.064618	0.092053	0.993655	0.142372	-0.986401	0.082123	0.987702	0.136162	-0.076845
56475	9.672013	1.822607	-0.034757	-0.232464	-0.636995	-0.089068	0.070771	0.093823	0.993070	0.140130	-0.986629	0.083228	0.987601	0.133269	-0.082972
56476	9.678319	1.480960	-0.889317	-0.344153	-0.641275	-0.078835	0.076995	0.095488	0.992448	0.136784	-0.987003	0.084352	0.987604	0.129257	-0.089056
56477	9.629315	0.698214	-1.780734	-0.466593	-0.631644	-0.085921	0.083106	0.097169	0.991792	0.132240	-0.987509	0.085668	0.987728	0.124035	-0.094917
56478	9.560816	-0.332240	-2.565826	-0.421002	-0.622733	-0.089123	0.089142	0.098852	0.991101	0.128153	-0.987930	0.087009	0.987740	0.119257	-0.100734
56479	9.654576	-1.238006	-3.040346	-0.155503	-0.609651	-0.088496	0.095038	0.100480	0.990390	0.126694	-0.988023	0.088082	0.987379	0.117105	-0.106630
56480	10.099058	-0.550396	-2.358556	0.283045	-0.591630	-0.089427	0.100767	0.102105	0.989657	0.129571	-0.987595	0.088700	0.986437	0.119293	-0.112747
56481	9.850451	1.125461	-1.794029	0.582649	-0.579204	-0.069998	0.106372	0.103535	0.988921	0.135383	-0.986810	0.088752	0.985067	0.124442	-0.118986
56482	9.631736	2.485085	-0.868951	0.472749	-0.566299	-0.051645	0.111882	0.104802	0.988180	0.140090	-0.986155	0.088726	0.983797	0.128507	-0.125015
56483	9.610241	2.336648	-0.500605	0.323644	-0.583735	-0.031275	0.117565	0.105901	0.987402	0.143304	-0.985700	0.088656	0.982671	0.131076	-0.131060
56484	9.527586	1.572153	-0.157708	0.200627	-0.600626	-0.018378	0.123443	0.106918	0.986575	0.145294	-0.985412	0.088612	0.981658	0.132404	-0.137176
56485	9.724199	0.730699	-0.085838	0.287231	-0.635298	-0.005930	0.129654	0.107857	0.985676	0.148115	-0.985020	0.088302	0.980434	0.134545	-0.143687
56486	9.810484	0.685731	-0.082380	0.375468	-0.656420	0.001135	0.136089	0.108783	0.984706	0.151789	-0.984507	0.087783	0.978999	0.137522	-0.150492
56487	9.892543	0.547244	-0.329706	0.424805	-0.686865	0.000766	0.142796	0.109764	0.983647	0.155941	-0.983914	0.087156	0.977390	0.140945	-0.157616
56488	9.939794	0.705311	-0.501557	0.428667	-0.696694	-0.002722	0.149594	0.110828	0.982517	0.160128	-0.983296	0.086535	0.975695	0.144383	-0.164842
56489	9.986307	0.279659	-1.165125	0.362492	-0.719434	-0.010975	0.156577	0.112017	0.981293	0.163676	-0.982753	0.086067	0.974009	0.147138	-0.172211
56490	9.630017	-0.218692	-1.793924	0.330339	-0.717291	-0.008722	0.163540	0.113209	0.980020	0.166902	-0.982249	0.085615	0.972316	0.149566	-0.179532
56491	9.308458	-0.218054	-2.269421	0.433749	-0.744609	-0.010229	0.170742	0.114468	0.978644	0.171130	-0.981579	0.084955	0.970341	0.152970	-0.187186
56492	9.511712	0.458038	-2.299969	0.511876	-0.767944	-0.027071	0.178136	0.115964	0.977149	0.176138	-0.980751	0.084281	0.968113	0.157099	-0.195133
56493	9.933474	1.226976	-2.020466	0.491040	-0.784400	-0.024090	0.185665	0.117480	0.975565	0.180928	-0.979939	0.083574	0.965812	0.160990	-0.203196
56494	10.083745	0.902235	-1.611403	0.442164	-0.815273	-0.030404	0.193471	0.119144	0.973845	0.185250	-0.979181	0.082994	0.963458	0.164348	-0.211515
56495	9.831298	0.573997	-0.591062	0.574900	-0.858371	-0.021258	0.201676	0.120815	0.971973	0.190822	-0.978194	0.081994	0.960684	0.168937	-0.220332
56496	9.403180	0.437696	0.697815	0.652925	-0.939083	-0.026990	0.210625	0.122729	0.969832	0.197139	-0.977038	0.080826	0.957483	0.174168	-0.229983
56497	9.413784	1.062100	1.205096	0.784543	-1.032162	-0.031886	0.220410	0.124903	0.967377	0.204705	-0.975604	0.079324	0.953685	0.180543	-0.240601
56498	9.714925	1.481080	1.290890	0.641998	-1.111903	-0.058814	0.230860	0.127548	0.964591	0.210947	-0.974352	0.078352	0.949845	0.185390	-0.251845
56499	10.186006	0.490706	0.393406	0.526273	-1.194729	-0.102249	0.241952	0.130812	0.961430	0.216178	-0.973232	0.078015	0.945900	0.188964	-0.263754
56500	10.535166	-0.437390	0.244908	0.486429	-1.267199	-0.138032	0.253592	0.134605	0.957900	0.221111	-0.972119	0.078066	0.941701	0.192005	-0.276284
56501	10.283482	-1.377905	0.005772	0.620161	-1.368591	-0.168101	0.266055	0.138926	0.953894	0.227374	-0.970682	0.077953	0.936758	0.196151	-0.289843
56502	10.017252	-1.072805	0.602715	0.711908	-1.492931	-0.186783	0.279543	0.143733	0.949314	0.234533	-0.969002	0.077652	0.931048	0.200938	-0.304588
56503	10.098386	-0.456935	1.019212	0.713779	-1.631152	-0.202732	0.294181	0.149042	0.944057	0.241740	-0.967251	0.077375	0.924673	0.205454	-0.320576
56504	11.107140	0.522483	0.931456	0.575712	-1.767289	-0.226892	0.309878	0.154919	0.938070	0.247731	-0.965712	0.077649	0.917935	0.208327	-0.337632
56505	12.237500	0.774199	0.580089	0.227740	-1.889568	-0.235410	0.326560	0.161152	0.931337	0.250567	-0.964863	0.079095	0.911359	0.207533	-0.355465
56506	13.373395	-0.599286	-0.638827	-0.056958	-1.968445	-0.237750	0.343803	0.167519	0.923979	0.250849	-0.964586	0.081543	0.904917	0.203744	-0.373650
56507	13.679732	-1.786118	-1.400767	-0.012953	-2.005137	-0.231825	0.361280	0.173836	0.916110	0.251554	-0.964212	0.083760	0.897885	0.200190	-0.392080
56508	13.335492	-3.108523	-1.821502	0.200333	-2.059610	-0.265685	0.378975	0.180522	0.907628	0.254331	-0.963339	0.085408	0.889771	0.198471	-0.410994
56509	13.136514	-3.754717	-0.972290	0.609234	-2.134061	-0.322488	0.397013	0.187913	0.898370	0.260980	-0.961525	0.085790	0.879926	0.200397	-0.430779
56510	13.285375	-3.718475	-0.424233	0.913452	-2.213063	-0.384030	0.415293	0.196097	0.888301	0.270530	-0.958933	0.085213	0.868530	0.204924	-0.451288
56511	13.219525	-3.133992	0.629488	1.132583	-2.305031	-0.446479	0.433915	0.205198	0.877275	0.282198	-0.955675	0.083956	0.855618	0.211135	-0.472588
56512	13.257094	-2.699745	0.836412	1.169385	-2.398059	-0.516202	0.452723	0.215261	0.865277	0.294417	-0.952082	0.082813	0.841641	0.217261	-0.494406
56513	13.147621	-1.742910	0.815427	1.261098	-2.464202	-0.572368	0.471538	0.226164	0.852351	0.307590	-0.948032	0.081387	0.826462	0.223798	-0.516599
56514	12.812417	-0.731228	0.864241	1.240844	-2.497915	-0.595078	0.490052	0.237453	0.838729	0.320617	-0.943835	0.079880	0.810589	0.229765	-0.538659
56515	12.165461	0.070490	0.381143	1.324121	-2.540893	-0.583760	0.508505	0.248899	0.824301	0.334163	-0.939325	0.077487	0.793573	0.236049	-0.560824
56516	11.270582	2.104830	-0.546146	1.100357	-2.602285	-0.551499	0.526985	0.260250	0.809047	0.345666	-0.935299	0.075707	0.776403	0.239763	-0.582848
56517	10.355124	4.364922	-3.817453	0.544132	-2.674218	-0.512202	0.545726	0.271449	0.792779	0.352606	-0.932631	0.076611	0.760166	0.237730	-0.604675
