// General information: 
//  MT Manager version: 2022.2.0 
//  XDA version: 2022.2.0 build 7381 rev 124627 built on 2023-07-19
// Device information: 
//  DeviceId: 00B4CB9F
//  ProductCode: MTW2-3A7G6
//  Firmware Version: 4.6.0
//  Hardware Version: 2.0.0
// Device settings: 
//  Filter Profile: human(46.1)
//  Option Flags: Orientation Smoother Disabled, Position/Velocity Smoother Disabled, Continuous Zero Rotation Update Disabled, AHS Disabled, ICC Disabled
// Coordinate system: ENU
PacketCounter	Acc_X	Acc_Y	Acc_Z	Gyr_X	Gyr_Y	Gyr_Z	Mat[1][1]	Mat[2][1]	Mat[3][1]	Mat[1][2]	Mat[2][2]	Mat[3][2]	Mat[1][3]	Mat[2][3]	Mat[3][3]
26726	9.601630	1.226204	1.513490	-0.035024	0.014824	-0.000174	-0.185485	-0.073232	0.979915	0.797764	-0.593463	0.106655	0.573732	0.801523	0.168500
26727	9.554592	1.181864	1.550043	-0.038976	0.006019	-0.004799	-0.185473	-0.073260	0.979915	0.797553	-0.593762	0.106566	0.574029	0.801299	0.168555
26728	9.610194	1.149390	1.516266	-0.042976	-0.000794	-0.012205	-0.185469	-0.073182	0.979921	0.797358	-0.594026	0.106552	0.574301	0.801110	0.168526
26729	9.614874	1.088183	1.547938	-0.046275	-0.000446	-0.006047	-0.185430	-0.073151	0.979931	0.797103	-0.594384	0.106464	0.574667	0.800847	0.168525
26730	9.621417	1.042341	1.532596	-0.045188	-0.014997	-0.011460	-0.185341	-0.072922	0.979965	0.796839	-0.594741	0.106450	0.575062	0.800604	0.168337
26731	9.603072	0.986026	1.537516	-0.035738	-0.019952	-0.005792	-0.185188	-0.072735	0.980008	0.796644	-0.595014	0.106377	0.575381	0.800417	0.168134
26732	9.649297	1.022207	1.524087	-0.029756	-0.018826	-0.000792	-0.185005	-0.072542	0.980057	0.796499	-0.595222	0.106298	0.575640	0.800280	0.167898
26733	9.671168	1.001159	1.594142	-0.025730	-0.011775	0.005111	-0.184812	-0.072486	0.980097	0.796383	-0.595408	0.106135	0.575864	0.800147	0.167765
26734	9.697259	1.018398	1.549160	-0.021675	-0.004478	0.009505	-0.184606	-0.072486	0.980136	0.796312	-0.595536	0.105940	0.576027	0.800052	0.167661
26735	9.671676	1.052824	1.508559	-0.015714	-0.001113	0.010220	-0.184433	-0.072546	0.980164	0.796263	-0.595638	0.105744	0.576151	0.799971	0.167621
26736	9.642647	1.056379	1.560617	-0.004892	-0.000241	0.009119	-0.184245	-0.072589	0.980196	0.796298	-0.595622	0.105570	0.576163	0.799979	0.167543
26737	9.636238	1.101042	1.576130	-0.002432	0.006472	0.016474	-0.184067	-0.072746	0.980218	0.796336	-0.595612	0.105334	0.576167	0.799971	0.167563
26738	9.607988	1.111910	1.605869	0.004996	0.011675	0.015979	-0.183937	-0.072909	0.980230	0.796447	-0.595495	0.105158	0.576055	0.800044	0.167602
26739	9.553074	1.151110	1.618525	0.009629	0.014431	0.010360	-0.183853	-0.073094	0.980232	0.796543	-0.595393	0.105003	0.575949	0.800103	0.167687
26740	9.552981	1.150320	1.619639	0.012918	0.011601	0.009996	-0.183774	-0.073225	0.980237	0.796700	-0.595201	0.104903	0.575757	0.800234	0.167720
26741	9.527811	1.139153	1.642048	0.014310	0.015190	0.007518	-0.183717	-0.073398	0.980235	0.796818	-0.595064	0.104784	0.575611	0.800320	0.167809
26742	9.532595	1.131370	1.589603	0.011205	0.017254	0.003114	-0.183716	-0.073537	0.980225	0.796951	-0.594895	0.104737	0.575428	0.800433	0.167897
26743	9.554155	1.164923	1.577435	0.011261	0.017746	0.000096	-0.183733	-0.073687	0.980210	0.797038	-0.594787	0.104686	0.575303	0.800499	0.168013
26744	9.627875	1.135195	1.623295	0.015942	0.018504	-0.002745	-0.183760	-0.073826	0.980195	0.797204	-0.594566	0.104673	0.575064	0.800650	0.168112
26745	9.635797	1.105231	1.563557	0.018923	0.020186	-0.002387	-0.183810	-0.073981	0.980174	0.797331	-0.594399	0.104658	0.574872	0.800760	0.168244
26746	9.606241	1.110229	1.617441	0.020070	0.024050	0.002918	-0.183865	-0.074173	0.980149	0.797525	-0.594141	0.104645	0.574585	0.800934	0.168397
26747	9.577537	1.122772	1.648440	0.016911	0.025622	0.001530	-0.183916	-0.074395	0.980123	0.797647	-0.593987	0.104589	0.574399	0.801027	0.168585
26748	9.598007	1.148509	1.660575	0.010095	0.034046	0.004238	-0.184023	-0.074666	0.980082	0.797781	-0.593813	0.104554	0.574178	0.801131	0.168842
26749	9.597480	1.148322	1.663748	0.007040	0.034114	0.002609	-0.184113	-0.074962	0.980042	0.797849	-0.593737	0.104472	0.574056	0.801160	0.169124
26750	9.573749	1.152867	1.641701	0.010212	0.030303	0.008286	-0.184122	-0.075191	0.980023	0.797901	-0.593686	0.104356	0.573980	0.801176	0.169306
26751	9.571022	1.182973	1.628871	0.013295	0.030481	0.008406	-0.184146	-0.075492	0.979996	0.798015	-0.593556	0.104227	0.573814	0.801244	0.169544
26752	9.569763	1.174615	1.654374	0.018376	0.022736	0.010409	-0.184123	-0.075711	0.979983	0.798199	-0.593326	0.104130	0.573565	0.801394	0.169678
26753	9.542090	1.193875	1.662063	0.016538	0.024922	0.015353	-0.184059	-0.076009	0.979972	0.798344	-0.593164	0.103938	0.573384	0.801486	0.169858
26754	9.561838	1.211101	1.696591	0.017070	0.019884	0.008362	-0.184023	-0.076188	0.979965	0.798497	-0.592975	0.103845	0.573183	0.801609	0.169957
26755	9.564874	1.187438	1.690748	0.015467	0.019306	0.011318	-0.183959	-0.076417	0.979959	0.798629	-0.592824	0.103691	0.573020	0.801698	0.170084
26756	9.538555	1.168586	1.736842	0.006307	0.019509	0.006424	-0.183934	-0.076572	0.979952	0.798699	-0.592746	0.103597	0.572929	0.801742	0.170184
26757	9.516065	1.180713	1.690260	0.004972	0.016412	0.005886	-0.183896	-0.076745	0.979945	0.798761	-0.592683	0.103479	0.572856	0.801771	0.170293
26758	9.538111	1.167793	1.739807	0.003800	0.012300	0.002091	-0.183865	-0.076810	0.979946	0.798799	-0.592641	0.103425	0.572812	0.801796	0.170321
26759	9.594729	1.142631	1.683419	0.003903	0.010795	0.001853	-0.183828	-0.076914	0.979945	0.798847	-0.592590	0.103344	0.572757	0.801823	0.170377
26760	9.580097	1.070872	1.660096	0.006842	0.014469	-0.000565	-0.183829	-0.077003	0.979937	0.798931	-0.592482	0.103317	0.572640	0.801895	0.170436
26761	9.603083	1.065995	1.686407	0.006883	0.012476	0.002214	-0.183798	-0.077123	0.979934	0.798996	-0.592408	0.103238	0.572558	0.801939	0.170504
26762	9.575468	1.085984	1.693172	-0.000960	0.013295	0.003653	-0.183770	-0.077225	0.979931	0.799049	-0.592348	0.103167	0.572494	0.801972	0.170562
26763	9.568766	1.131546	1.709596	0.001886	0.016236	0.005762	-0.183732	-0.077396	0.979925	0.799093	-0.592311	0.103045	0.572445	0.801984	0.170673
26764	9.490556	1.176406	1.696852	-0.002326	0.009954	0.004623	-0.183691	-0.077477	0.979926	0.799155	-0.592238	0.102980	0.572371	0.802030	0.170705
26765	9.508139	1.224715	1.714661	-0.005203	0.006769	0.004023	-0.183613	-0.077561	0.979934	0.799155	-0.592258	0.102863	0.572396	0.802006	0.170730
26766	9.502865	1.231931	1.768984	-0.009488	0.002236	0.001613	-0.183532	-0.077558	0.979949	0.799141	-0.592290	0.102792	0.572442	0.801984	0.170684
26767	9.528315	1.195979	1.809926	-0.013906	-0.001037	0.000950	-0.183434	-0.077562	0.979967	0.799086	-0.592382	0.102690	0.572551	0.801915	0.170641
26768	9.579997	1.178015	1.806252	-0.021472	-0.004975	0.003180	-0.183293	-0.077480	0.980000	0.798953	-0.592580	0.102581	0.572780	0.801777	0.170519
26769	9.587602	1.139053	1.767877	-0.029149	-0.005171	0.001360	-0.183168	-0.077453	0.980026	0.798811	-0.592794	0.102449	0.573018	0.801621	0.170452
26770	9.590912	1.115553	1.760344	-0.026210	-0.001497	-0.001056	-0.183078	-0.077442	0.980043	0.798741	-0.592905	0.102359	0.573145	0.801540	0.170404
26771	9.571030	1.096910	1.727767	-0.030827	-0.003999	0.003045	-0.182946	-0.077434	0.980069	0.798592	-0.593131	0.102208	0.573395	0.801374	0.170350
26772	9.626979	1.063419	1.693331	-0.026099	-0.005240	0.002992	-0.182822	-0.077375	0.980097	0.798488	-0.593288	0.102107	0.573579	0.801263	0.170249
26773	9.627098	1.062709	1.693096	-0.023016	-0.005064	0.003116	-0.182683	-0.077360	0.980124	0.798384	-0.593452	0.101969	0.573768	0.801143	0.170176
26774	9.598864	1.074411	1.721334	-0.019686	-0.009891	0.005539	-0.182498	-0.077309	0.980162	0.798351	-0.593519	0.101834	0.573872	0.801098	0.170036
26775	9.548468	1.098933	1.701046	-0.013353	-0.010553	0.002530	-0.182333	-0.077246	0.980198	0.798302	-0.593606	0.101717	0.573994	0.801040	0.169899
26776	9.579399	1.055213	1.686684	-0.005295	-0.016621	0.004897	-0.182114	-0.077115	0.980249	0.798314	-0.593607	0.101615	0.574046	0.801052	0.169666
26777	9.578770	1.047322	1.707940	0.004595	-0.022632	-0.001966	-0.181915	-0.076928	0.980300	0.798359	-0.593553	0.101574	0.574046	0.801110	0.169393
26778	9.604586	1.011919	1.746494	0.013640	-0.019097	-0.001117	-0.181748	-0.076721	0.980348	0.798458	-0.593418	0.101587	0.573962	0.801230	0.169111
26779	9.586891	1.009892	1.665370	0.009486	-0.024886	-0.005278	-0.181562	-0.076496	0.980400	0.798525	-0.593328	0.101586	0.573927	0.801318	0.168810
26780	9.630401	1.023600	1.720887	0.004480	-0.018887	-0.006012	-0.181412	-0.076299	0.980443	0.798590	-0.593239	0.101597	0.573885	0.801402	0.168553
26781	9.615762	0.998749	1.632918	-0.006664	-0.012995	-0.008499	-0.181321	-0.076151	0.980471	0.798559	-0.593280	0.101600	0.573957	0.801386	0.168385
26782	9.596820	0.989001	1.576284	-0.016357	-0.007752	-0.006397	-0.181246	-0.076037	0.980494	0.798506	-0.593352	0.101591	0.574054	0.801344	0.168258
26783	9.596869	0.989439	1.575710	-0.014785	-0.007418	-0.007845	-0.181181	-0.075937	0.980514	0.798430	-0.593458	0.101574	0.574181	0.801275	0.168154
26784	9.601076	0.974784	1.544530	-0.014858	-0.005668	-0.009114	-0.181123	-0.075806	0.980534	0.798331	-0.593591	0.101576	0.574336	0.801189	0.168031
26785	9.600118	0.967795	1.567257	-0.007118	-0.004981	-0.010318	-0.181092	-0.075711	0.980548	0.798294	-0.593637	0.101597	0.574397	0.801164	0.167943
26786	9.651694	0.951006	1.563296	-0.005975	-0.001119	-0.005010	-0.181069	-0.075656	0.980556	0.798338	-0.593573	0.101623	0.574343	0.801216	0.167877
26787	9.629722	0.918020	1.577184	0.001383	0.005831	-0.006762	-0.181072	-0.075669	0.980555	0.798357	-0.593548	0.101623	0.574317	0.801233	0.167886
26788	9.653721	0.921431	1.579842	0.011838	0.010715	-0.004106	-0.181103	-0.075694	0.980547	0.798462	-0.593399	0.101665	0.574160	0.801342	0.167905
26789	9.632604	0.896299	1.571122	0.016670	0.007972	-0.004403	-0.181099	-0.075738	0.980544	0.798573	-0.593250	0.101667	0.574008	0.801448	0.167919
26790	9.660815	0.884594	1.542953	0.027463	0.008591	-0.003976	-0.181092	-0.075761	0.980544	0.798756	-0.592998	0.101701	0.573755	0.801632	0.167902
26791	9.657478	0.907893	1.550868	0.025915	0.003775	0.006045	-0.180981	-0.075833	0.980559	0.798938	-0.592767	0.101617	0.573536	0.801796	0.167865
26792	9.654202	0.930703	1.558683	0.030334	0.007048	0.006707	-0.180891	-0.075925	0.980568	0.799202	-0.592420	0.101562	0.573197	0.802043	0.167843
26793	9.650035	0.945224	1.589596	0.030194	0.003583	0.018538	-0.180678	-0.076070	0.980596	0.799431	-0.592145	0.101362	0.572945	0.802233	0.167800
26794	9.633440	0.902982	1.549310	0.032074	-0.000597	0.016373	-0.180470	-0.076146	0.980629	0.799706	-0.591797	0.101221	0.572626	0.802482	0.167696
26795	9.622989	0.962847	1.594483	0.032127	-0.004829	0.023439	-0.180170	-0.076251	0.980676	0.799955	-0.591503	0.100976	0.572373	0.802689	0.167568
26796	9.564327	1.016758	1.635328	0.032373	-0.009830	0.025741	-0.179839	-0.076312	0.980732	0.800264	-0.591123	0.100751	0.572044	0.802963	0.167377
26797	9.629575	1.107445	1.615838	0.026481	-0.014938	0.026290	-0.179459	-0.076353	0.980798	0.800486	-0.590871	0.100469	0.571854	0.803145	0.167157
26798	9.630152	1.105143	1.613971	0.014290	-0.019136	0.028345	-0.179021	-0.076346	0.980879	0.800632	-0.590728	0.100145	0.571787	0.803250	0.166878
26799	9.632702	1.118004	1.565536	0.008326	-0.022494	0.027625	-0.178586	-0.076334	0.980959	0.800751	-0.590621	0.099820	0.571756	0.803330	0.166601
26800	9.655681	1.102791	1.611333	0.006956	-0.025834	0.028597	-0.178128	-0.076311	0.981044	0.800948	-0.590407	0.099503	0.571622	0.803490	0.166290
26801	9.612168	1.079401	1.574326	0.005444	-0.025677	0.027028	-0.177680	-0.076270	0.981128	0.801050	-0.590324	0.099179	0.571619	0.803555	0.165985
26802	9.636111	1.071901	1.596860	-0.000724	-0.026023	0.026787	-0.177233	-0.076165	0.981217	0.801079	-0.590336	0.098872	0.571718	0.803556	0.165641
26803	9.582094	1.110066	1.605412	-0.000363	-0.030049	0.023054	-0.176791	-0.076065	0.981305	0.801140	-0.590302	0.098576	0.571768	0.803590	0.165299
26804	9.530017	1.164039	1.567069	0.003382	-0.038416	0.018726	-0.176337	-0.075890	0.981400	0.801309	-0.590112	0.098346	0.571673	0.803746	0.164870
26805	9.555978	1.172861	1.541779	0.009979	-0.043845	0.016501	-0.175870	-0.075640	0.981503	0.801417	-0.590000	0.098132	0.571664	0.803852	0.164383
26806	9.549652	1.210017	1.575292	0.013620	-0.050708	0.012410	-0.175415	-0.075259	0.981614	0.801548	-0.589842	0.098015	0.571621	0.804004	0.163791
26807	9.573001	1.196392	1.618386	0.009092	-0.052470	0.011995	-0.174934	-0.074913	0.981726	0.801644	-0.589741	0.097844	0.571634	0.804111	0.163219
26808	9.552865	1.169842	1.604242	0.010318	-0.045636	0.008478	-0.174546	-0.074578	0.981821	0.801804	-0.589536	0.097762	0.571528	0.804292	0.162698
26809	9.580095	1.141568	1.617299	0.008915	-0.044505	0.000874	-0.174200	-0.074231	0.981908	0.801879	-0.589445	0.097700	0.571528	0.804391	0.162205
26810	9.579037	1.126055	1.659680	0.005177	-0.036135	0.005204	-0.173865	-0.073969	0.981987	0.801994	-0.589303	0.097607	0.571469	0.804519	0.161782
26811	9.579664	1.125849	1.656199	0.003717	-0.035491	0.000620	-0.173573	-0.073692	0.982060	0.802039	-0.589254	0.097538	0.571495	0.804580	0.161382
26812	9.577928	1.156338	1.637568	0.007592	-0.025188	0.005474	-0.173301	-0.073514	0.982121	0.802159	-0.589106	0.097449	0.571409	0.804705	0.161062
26813	9.579794	1.117721	1.673990	0.007547	-0.023197	0.002694	-0.173062	-0.073348	0.982176	0.802229	-0.589024	0.097367	0.571383	0.804780	0.160780
26814	9.589854	1.102044	1.564067	0.008935	-0.022093	0.006006	-0.172812	-0.073154	0.982234	0.802292	-0.588949	0.097290	0.571369	0.804852	0.160469
26815	9.596455	1.055688	1.547085	0.011775	-0.016922	0.003814	-0.172600	-0.073045	0.982280	0.802389	-0.588832	0.097204	0.571298	0.804948	0.160244
26816	9.594518	1.085877	1.529629	0.008584	-0.018065	0.009738	-0.172357	-0.072956	0.982329	0.802567	-0.588606	0.097102	0.571121	0.805121	0.160002
26817	9.588685	1.130969	1.542823	-0.005320	-0.019078	0.010743	-0.172077	-0.072871	0.982385	0.802578	-0.588621	0.096919	0.571190	0.805118	0.159772
26818	9.630472	1.173721	1.582546	-0.009623	-0.023606	0.008352	-0.171791	-0.072731	0.982445	0.802619	-0.588590	0.096773	0.571219	0.805154	0.159489
26819	9.552127	1.210572	1.590245	-0.008331	-0.020997	0.011902	-0.171491	-0.072637	0.982504	0.802614	-0.588629	0.096574	0.571315	0.805134	0.159244
26820	9.550367	1.240038	1.572389	-0.007938	-0.027015	0.010949	-0.171173	-0.072472	0.982572	0.802665	-0.588585	0.096419	0.571339	0.805180	0.158921
26821	9.553163	1.208544	1.585555	-0.009253	-0.027389	0.003110	-0.170907	-0.072275	0.982633	0.802640	-0.588638	0.096306	0.571454	0.805160	0.158613
26822	9.553580	1.208461	1.583108	-0.009124	-0.026174	-0.004435	-0.170706	-0.072055	0.982684	0.802696	-0.588564	0.096284	0.571435	0.805233	0.158310
26823	9.576482	1.196287	1.628957	-0.009245	-0.022435	-0.008486	-0.170562	-0.071829	0.982725	0.802652	-0.588625	0.096284	0.571541	0.805209	0.158050
26824	9.553265	1.202226	1.602252	-0.015482	-0.018551	-0.015774	-0.170502	-0.071552	0.982756	0.802562	-0.588733	0.096375	0.571685	0.805155	0.157805
26825	9.532978	1.131620	1.653529	-0.017247	-0.015871	-0.013843	-0.170437	-0.071347	0.982782	0.802462	-0.588862	0.096416	0.571844	0.805078	0.157617
26826	9.540116	1.094293	1.613757	-0.012351	-0.020371	-0.012886	-0.170360	-0.071053	0.982817	0.802381	-0.588957	0.096505	0.571980	0.805035	0.157346
26827	9.569865	1.044198	1.622216	-0.019111	-0.011687	-0.011671	-0.170302	-0.070895	0.982838	0.802275	-0.589100	0.096521	0.572147	0.804944	0.157202
26828	9.571457	1.060220	1.575298	-0.011942	-0.004224	-0.007187	-0.170245	-0.070821	0.982854	0.802271	-0.589106	0.096517	0.572169	0.804947	0.157110
26829	9.596366	1.071173	1.553929	-0.004700	0.003971	-0.007230	-0.170241	-0.070815	0.982855	0.802255	-0.589129	0.096512	0.572194	0.804930	0.157105
26830	9.641472	1.100263	1.565620	-0.001985	0.010404	-0.007674	-0.170299	-0.070800	0.982846	0.802249	-0.589127	0.096569	0.572184	0.804933	0.157127
26831	9.611637	1.151774	1.556665	-0.003404	0.006577	-0.003680	-0.170282	-0.070836	0.982846	0.802246	-0.589138	0.096531	0.572194	0.804922	0.157147
26832	9.638763	1.131760	1.551793	0.002369	0.012938	-0.002506	-0.170323	-0.070893	0.982835	0.802329	-0.589021	0.096555	0.572065	0.805002	0.157203
26833	9.542503	1.128895	1.523027	0.005355	0.014615	-0.002157	-0.170339	-0.071002	0.982824	0.802378	-0.588960	0.096517	0.571991	0.805037	0.157293
26834	9.592215	1.096352	1.566356	-0.003453	0.008569	-0.006459	-0.170372	-0.071000	0.982819	0.802394	-0.588932	0.096550	0.571959	0.805058	0.157308
26835	9.585851	1.142735	1.581978	-0.009301	0.001476	-0.003108	-0.170321	-0.070998	0.982828	0.802359	-0.588990	0.096498	0.572024	0.805016	0.157283
26836	9.635777	1.109990	1.624131	-0.018034	-0.006318	-0.006141	-0.170257	-0.070886	0.982847	0.802294	-0.589079	0.096493	0.572134	0.804960	0.157167
26837	9.616346	1.099925	1.567913	-0.017763	-0.011075	-0.005349	-0.170152	-0.070770	0.982873	0.802206	-0.589206	0.096450	0.572289	0.804878	0.157027
26838	9.595440	1.074427	1.557398	-0.017294	-0.018840	-0.005037	-0.170015	-0.070547	0.982913	0.802116	-0.589329	0.096444	0.572455	0.804807	0.156781
26839	9.644942	1.087535	1.535720	-0.016998	-0.025835	0.000040	-0.169782	-0.070344	0.982968	0.802041	-0.589446	0.096349	0.572629	0.804739	0.156495
26840	9.619612	1.069086	1.577917	-0.015382	-0.027497	0.001363	-0.169541	-0.070102	0.983027	0.802007	-0.589503	0.096282	0.572748	0.804718	0.156167
26841	9.645723	1.087238	1.531023	-0.007748	-0.022835	-0.005431	-0.169369	-0.069891	0.983071	0.801977	-0.589550	0.096255	0.572842	0.804703	0.155902
26842	9.597625	1.082027	1.525521	-0.000208	-0.021634	-0.000394	-0.169203	-0.069651	0.983117	0.802002	-0.589513	0.096266	0.572855	0.804750	0.155608
26843	9.590944	1.120546	1.561771	-0.004763	-0.021159	-0.005083	-0.169038	-0.069455	0.983159	0.801989	-0.589535	0.096241	0.572922	0.804751	0.155356
26844	9.619314	1.108218	1.530691	-0.010882	-0.023497	-0.002520	-0.168850	-0.069233	0.983207	0.801989	-0.589539	0.096216	0.572978	0.804767	0.155068
26845	9.622764	1.085219	1.520971	-0.010906	-0.023741	-0.001011	-0.168637	-0.069041	0.983257	0.801947	-0.589608	0.096141	0.573098	0.804734	0.154797
26846	9.623143	1.085130	1.518635	-0.006106	-0.026736	0.000177	-0.168458	-0.068773	0.983307	0.801989	-0.589547	0.096162	0.573092	0.804801	0.154470
26847	9.600893	1.043739	1.553840	-0.008536	-0.013285	0.002286	-0.168279	-0.068684	0.983344	0.801967	-0.589594	0.096059	0.573176	0.804774	0.154299
26848	9.580713	1.025533	1.520418	-0.005602	-0.009614	-0.000145	-0.168173	-0.068568	0.983370	0.801997	-0.589556	0.096047	0.573166	0.804812	0.154138
26849	9.631650	1.000238	1.538370	0.003751	-0.010601	-0.000068	-0.168028	-0.068486	0.983400	0.802041	-0.589505	0.095986	0.573146	0.804856	0.153982
26850	9.631087	0.992428	1.560546	-0.007167	-0.009945	0.001311	-0.167883	-0.068388	0.983432	0.802043	-0.589513	0.095923	0.573186	0.804858	0.153820
26851	9.656888	1.010170	1.515293	-0.006065	-0.004333	0.005343	-0.167731	-0.068389	0.983458	0.802040	-0.589538	0.095793	0.573235	0.804840	0.153735
26852	9.614584	1.012181	1.411419	0.006297	-0.003399	0.004257	-0.167631	-0.068334	0.983479	0.802128	-0.589424	0.095766	0.573141	0.804929	0.153619
26853	9.641088	1.037841	1.342930	0.015944	-0.008899	0.003612	-0.167467	-0.068288	0.983510	0.802248	-0.589273	0.095688	0.573021	0.805043	0.153468
26854	9.639791	1.022358	1.388211	0.019051	-0.008482	0.002208	-0.167334	-0.068203	0.983538	0.802415	-0.589048	0.095671	0.572826	0.805215	0.153295
26855	9.654880	1.093898	1.411534	0.015898	-0.009388	0.006629	-0.167142	-0.068171	0.983573	0.802540	-0.588895	0.095563	0.572707	0.805329	0.153139
26856	9.608347	1.049565	1.445806	0.014431	-0.011223	0.007846	-0.166964	-0.068068	0.983611	0.802661	-0.588740	0.095506	0.572590	0.805451	0.152934
26857	9.627365	1.105359	1.438063	0.006892	-0.014906	0.008612	-0.166725	-0.068003	0.983656	0.802737	-0.588658	0.095364	0.572552	0.805517	0.152732
26858	9.603447	1.101973	1.434994	0.005274	-0.013243	0.007291	-0.166509	-0.067905	0.983699	0.802800	-0.588590	0.095258	0.572527	0.805575	0.152520
26859	9.627936	1.103914	1.435348	0.008216	-0.012056	0.010653	-0.166270	-0.067874	0.983742	0.802887	-0.588496	0.095099	0.572474	0.805646	0.152345
26860	9.576007	1.113232	1.461360	0.008599	-0.015591	0.003898	-0.166113	-0.067721	0.983779	0.803012	-0.588327	0.095091	0.572344	0.805782	0.152109
26861	9.622530	1.095273	1.532835	0.002061	-0.009673	0.003140	-0.165948	-0.067665	0.983810	0.803052	-0.588288	0.094996	0.572336	0.805815	0.151963
26862	9.625087	1.064187	1.547549	-0.001143	-0.008584	0.004785	-0.165778	-0.067594	0.983844	0.803081	-0.588263	0.094903	0.572344	0.805840	0.151805
26863	9.637587	0.971693	1.516420	0.000496	-0.010003	0.004597	-0.165599	-0.067544	0.983877	0.803115	-0.588236	0.094792	0.572349	0.805864	0.151657
26864	9.613540	0.968379	1.514151	0.004591	-0.002713	0.008969	-0.165462	-0.067531	0.983901	0.803210	-0.588119	0.094709	0.572256	0.805950	0.151553
26865	9.660428	1.011497	1.478212	0.006350	-0.005392	0.007032	-0.165290	-0.067532	0.983930	0.803281	-0.588043	0.094582	0.572206	0.806006	0.151445
26866	9.612178	1.005469	1.474282	0.007968	-0.007055	0.008353	-0.165168	-0.067446	0.983957	0.803384	-0.587906	0.094559	0.572096	0.806113	0.151289
26867	9.607706	1.065900	1.442027	0.012775	-0.012532	0.015333	-0.164889	-0.067439	0.984004	0.803505	-0.587772	0.094360	0.572006	0.806211	0.151104
26868	9.625469	1.105824	1.480241	0.010220	-0.019736	0.011014	-0.164624	-0.067295	0.984058	0.803594	-0.587669	0.094246	0.571958	0.806298	0.150822
26869	9.625210	1.097325	1.501186	0.008991	-0.024090	0.008735	-0.164331	-0.067155	0.984117	0.803683	-0.587570	0.094107	0.571917	0.806382	0.150527
26870	9.628743	1.073591	1.491090	0.003015	-0.027439	0.008052	-0.164064	-0.066931	0.984176	0.803762	-0.587472	0.094036	0.571882	0.806472	0.150180
26871	9.603677	1.054832	1.533031	-0.007566	-0.030800	0.005707	-0.163758	-0.066720	0.984242	0.803751	-0.587509	0.093902	0.571985	0.806463	0.149835
26872	9.633163	0.995443	1.562998	-0.018342	-0.031151	0.003843	-0.163473	-0.066449	0.984307	0.803659	-0.587651	0.093800	0.572196	0.806382	0.149467
26873	9.585880	0.997455	1.533913	-0.022864	-0.030186	-0.003854	-0.163247	-0.066186	0.984363	0.803545	-0.587817	0.093737	0.572421	0.806282	0.149143
26874	9.586943	1.005040	1.508307	-0.027803	-0.026173	-0.001776	-0.163060	-0.065914	0.984412	0.803419	-0.587994	0.093709	0.572652	0.806175	0.148835
26875	9.589250	1.028114	1.436679	-0.017062	-0.023584	-0.004204	-0.162875	-0.065703	0.984457	0.803337	-0.588114	0.093659	0.572819	0.806105	0.148570
26876	9.641692	1.018321	1.406834	-0.012263	-0.026581	-0.003026	-0.162707	-0.065434	0.984502	0.803356	-0.588085	0.093683	0.572840	0.806148	0.148253
26877	9.637702	1.025938	1.458412	-0.009392	-0.023647	-0.000937	-0.162495	-0.065241	0.984550	0.803323	-0.588140	0.093611	0.572946	0.806123	0.147980
26878	9.672638	0.975022	1.388716	-0.003222	-0.023307	-0.000739	-0.162327	-0.064957	0.984597	0.803254	-0.588233	0.093622	0.573090	0.806079	0.147663
26879	9.646911	0.948960	1.454135	-0.003014	-0.028798	0.004574	-0.162041	-0.064755	0.984657	0.803267	-0.588233	0.093506	0.573153	0.806095	0.147334
26880	9.621896	0.930383	1.496207	0.003059	-0.026954	0.005011	-0.161800	-0.064510	0.984713	0.803316	-0.588174	0.093462	0.573153	0.806157	0.146988
26881	9.640517	0.978919	1.510036	0.005044	-0.032151	-0.000429	-0.161535	-0.064251	0.984773	0.803367	-0.588113	0.093407	0.573156	0.806223	0.146618
26882	9.647050	0.932963	1.491768	0.009556	-0.030636	0.001467	-0.161295	-0.063940	0.984833	0.803392	-0.588080	0.093398	0.573189	0.806271	0.146223
26883	9.646885	0.925347	1.512022	0.017095	-0.026958	0.000681	-0.161051	-0.063729	0.984886	0.803514	-0.587921	0.093350	0.573086	0.806404	0.145892
26884	9.650958	0.910192	1.478298	0.015820	-0.031800	0.001420	-0.160796	-0.063432	0.984947	0.803615	-0.587784	0.093339	0.573016	0.806527	0.145488
26885	9.624218	0.930397	1.481188	0.017209	-0.030943	0.006234	-0.160484	-0.063221	0.985012	0.803747	-0.587621	0.093236	0.572919	0.806663	0.145118
26886	9.595074	0.981154	1.468446	0.025016	-0.032022	0.006232	-0.160195	-0.062966	0.985075	0.803960	-0.587334	0.093200	0.572700	0.806891	0.144710
26887	9.622856	0.960535	1.458964	0.026634	-0.033685	0.007548	-0.159858	-0.062740	0.985144	0.804148	-0.587094	0.093098	0.572531	0.807084	0.144304
26888	9.647610	0.962864	1.457159	0.030974	-0.028918	0.008409	-0.159586	-0.062516	0.985203	0.804417	-0.586729	0.093071	0.572229	0.807366	0.143923
26889	9.603245	0.941882	1.420271	0.026553	-0.031937	0.006279	-0.159268	-0.062297	0.985268	0.804602	-0.586490	0.092981	0.572057	0.807557	0.143534
26890	9.618943	1.013383	1.441352	0.032341	-0.025580	0.007423	-0.158996	-0.062120	0.985323	0.804883	-0.586112	0.092928	0.571737	0.807845	0.143189
26891	9.588080	1.041083	1.498538	0.027695	-0.026078	0.008793	-0.158692	-0.061963	0.985382	0.805078	-0.585862	0.092814	0.571547	0.808039	0.142856
26892	9.612727	1.043573	1.497403	0.024489	-0.022266	0.003142	-0.158502	-0.061739	0.985426	0.805241	-0.585636	0.092829	0.571370	0.808220	0.142539
26893	9.591288	1.010323	1.509362	0.022773	-0.019100	0.002064	-0.158293	-0.061599	0.985469	0.805398	-0.585429	0.092775	0.571208	0.808380	0.142281
26894	9.566846	1.000245	1.528902	0.022979	-0.021866	0.000077	-0.158128	-0.061383	0.985509	0.805605	-0.585138	0.092816	0.570961	0.808607	0.141978
26895	9.595426	0.995590	1.474277	0.027433	-0.018360	-0.000818	-0.157946	-0.061232	0.985547	0.805783	-0.584896	0.092797	0.570760	0.808794	0.141721
26896	9.623360	0.983833	1.443089	0.038234	-0.014809	-0.009316	-0.157933	-0.060963	0.985566	0.805979	-0.584594	0.092994	0.570487	0.809032	0.141461
26897	9.626476	0.961934	1.433944	0.040966	-0.011093	-0.002475	-0.157805	-0.060860	0.985593	0.806231	-0.584243	0.093011	0.570165	0.809294	0.141264
26898	9.624971	0.940342	1.502260	0.043959	-0.006465	-0.010965	-0.157819	-0.060703	0.985601	0.806532	-0.583800	0.093190	0.569736	0.809625	0.141093
26899	9.573967	0.967520	1.483066	0.046617	0.001952	-0.014215	-0.157861	-0.060637	0.985598	0.806798	-0.583410	0.093330	0.569348	0.809911	0.141019
26900	9.547160	0.997516	1.465288	0.047073	-0.005812	-0.013893	-0.157904	-0.060460	0.985602	0.807090	-0.582971	0.093543	0.568922	0.810240	0.140850
26901	9.592093	1.020306	1.497485	0.039725	-0.012497	-0.013557	-0.157859	-0.060281	0.985620	0.807318	-0.582636	0.093667	0.568611	0.810495	0.140640
26902	9.585163	1.053173	1.556929	0.035477	-0.018771	-0.014638	-0.157824	-0.059985	0.985644	0.807489	-0.582369	0.093855	0.568378	0.810709	0.140349
26903	9.610029	1.065328	1.533011	0.038448	-0.017336	-0.012804	-0.157745	-0.059771	0.985669	0.807710	-0.582043	0.093970	0.568086	0.810958	0.140092
26904	9.610219	1.066881	1.530743	0.038573	-0.021304	-0.007238	-0.157672	-0.059448	0.985700	0.807841	-0.581835	0.094132	0.567919	0.811131	0.139763
26905	9.610459	1.068286	1.528251	0.032531	-0.022672	-0.010671	-0.157546	-0.059202	0.985735	0.808032	-0.581556	0.094217	0.567683	0.811349	0.139459
26906	9.634445	1.064561	1.550494	0.030625	-0.019439	-0.002460	-0.157401	-0.059012	0.985770	0.808286	-0.581195	0.094269	0.567362	0.811622	0.139179
26907	9.638196	1.049723	1.517732	0.028987	-0.018020	-0.002269	-0.157233	-0.058853	0.985806	0.808469	-0.580940	0.094266	0.567146	0.811816	0.138924
26908	9.596949	1.014061	1.451605	0.030654	-0.018962	-0.005480	-0.157171	-0.058553	0.985834	0.808563	-0.580786	0.094413	0.567030	0.811948	0.138627
26909	9.619341	1.055923	1.411784	0.042985	-0.018275	-0.005132	-0.157025	-0.058376	0.985868	0.808821	-0.580419	0.094458	0.566702	0.812223	0.138356
26910	9.626040	1.018655	1.371178	0.054280	-0.024722	-0.009022	-0.156909	-0.058112	0.985902	0.809238	-0.579812	0.094617	0.566139	0.812676	0.138004
26911	9.620360	1.066277	1.382613	0.057791	-0.032788	-0.005578	-0.156685	-0.057814	0.985955	0.809579	-0.579324	0.094686	0.565713	0.813045	0.137576
26912	9.644504	1.062973	1.403456	0.054734	-0.032485	-0.008685	-0.156532	-0.057443	0.986001	0.809870	-0.578891	0.094845	0.565339	0.813379	0.137136
26913	9.626703	1.015454	1.383403	0.058041	-0.037776	-0.003262	-0.156261	-0.057117	0.986063	0.810216	-0.578399	0.094891	0.564918	0.813752	0.136659
26914	9.572275	1.050270	1.414403	0.052146	-0.039711	-0.012960	-0.156107	-0.056686	0.986112	0.810574	-0.577863	0.095100	0.564447	0.814163	0.136157
26915	9.595646	1.032429	1.481250	0.045760	-0.037518	-0.009642	-0.155890	-0.056325	0.986167	0.810840	-0.577475	0.095193	0.564125	0.814463	0.135693
26916	9.593902	1.072202	1.438114	0.045703	-0.035305	-0.013942	-0.155776	-0.055895	0.986210	0.811084	-0.577097	0.095407	0.563806	0.814761	0.135233
26917	9.596817	1.043845	1.450248	0.051796	-0.032982	-0.016566	-0.155642	-0.055530	0.986252	0.811373	-0.576662	0.095575	0.563427	0.815093	0.134809
26918	9.576265	1.028004	1.414707	0.056454	-0.032017	-0.020976	-0.155630	-0.055055	0.986280	0.811624	-0.576254	0.095903	0.563068	0.815414	0.134366
26919	9.576502	1.030792	1.411067	0.053368	-0.032190	-0.021059	-0.155536	-0.054671	0.986316	0.811915	-0.575809	0.096118	0.562675	0.815754	0.133947
26920	9.628929	1.030793	1.356303	0.056269	-0.028770	-0.022028	-0.155506	-0.054273	0.986343	0.812220	-0.575331	0.096396	0.562243	0.816118	0.133549
26921	9.656371	1.013194	1.346705	0.053446	-0.033929	-0.019780	-0.155392	-0.053882	0.986382	0.812513	-0.574885	0.096598	0.561851	0.816459	0.133112
26922	9.708811	1.013079	1.291497	0.061253	-0.034764	-0.021324	-0.155337	-0.053429	0.986416	0.812860	-0.574343	0.096897	0.561364	0.816869	0.132647
26923	9.708346	1.000970	1.334187	0.054861	-0.032801	-0.016491	-0.155204	-0.053066	0.986456	0.813165	-0.573882	0.097068	0.560959	0.817217	0.132220
26924	9.651466	1.074581	1.326385	0.048813	-0.034192	-0.019900	-0.155129	-0.052618	0.986492	0.813386	-0.573527	0.097317	0.560659	0.817495	0.131769
26925	9.642686	1.146528	1.344040	0.044474	-0.038973	-0.020705	-0.154996	-0.052179	0.986536	0.813626	-0.573153	0.097515	0.560348	0.817786	0.131291
26926	9.621769	1.123470	1.331086	0.043344	-0.044388	-0.026194	-0.154925	-0.051552	0.986580	0.813639	-0.573081	0.097823	0.560348	0.817876	0.130729
26927	9.683569	1.061619	1.229622	0.046899	-0.051740	-0.027262	-0.154774	-0.050972	0.986634	0.813882	-0.572690	0.098088	0.560036	0.818186	0.130123
26928	9.686967	1.041842	1.216551	0.048923	-0.058949	-0.029878	-0.154684	-0.050254	0.986685	0.814168	-0.572214	0.098495	0.559645	0.818563	0.129428
26929	9.641725	1.009324	1.223644	0.054104	-0.067949	-0.029625	-0.154463	-0.049527	0.986756	0.814448	-0.571765	0.098793	0.559300	0.818921	0.128653
26930	9.639047	1.028979	1.246185	0.052183	-0.085737	-0.035456	-0.154247	-0.048511	0.986841	0.814530	-0.571575	0.099217	0.559240	0.819115	0.127677
26931	9.633275	1.065043	1.297719	0.049972	-0.099008	-0.040600	-0.153941	-0.047467	0.986939	0.814769	-0.571164	0.099616	0.558975	0.819463	0.126600
26932	9.652568	1.125966	1.279172	0.047640	-0.111463	-0.040980	-0.153611	-0.046242	0.987049	0.814881	-0.570925	0.100070	0.558903	0.819699	0.125382
26933	9.653578	1.130811	1.267221	0.054664	-0.124198	-0.045912	-0.153208	-0.044960	0.987171	0.815138	-0.570477	0.100527	0.558639	0.820082	0.124050
26934	9.664191	1.088413	1.162697	0.061491	-0.133920	-0.050395	-0.152852	-0.043518	0.987290	0.815447	-0.569929	0.101126	0.558285	0.820541	0.122601
26935	9.625829	1.011572	1.148316	0.065408	-0.147749	-0.049351	-0.152347	-0.042022	0.987433	0.815760	-0.569393	0.101629	0.557966	0.820991	0.121025
26936	9.763230	0.916088	1.103107	0.063287	-0.137434	-0.057106	-0.152079	-0.040453	0.987540	0.816000	-0.568917	0.102357	0.557688	0.821399	0.119530
26937	9.767348	0.884752	1.127361	0.064895	-0.163947	-0.054901	-0.151530	-0.038792	0.987691	0.816301	-0.568386	0.102912	0.557397	0.821847	0.117793
26938	9.780834	0.805465	1.059083	0.072473	-0.161752	-0.056056	-0.151068	-0.037103	0.987827	0.816718	-0.567665	0.103579	0.556911	0.822423	0.116058
26939	9.830507	0.824624	1.020753	0.080436	-0.166260	-0.053581	-0.150498	-0.035429	0.987975	0.817107	-0.567002	0.104137	0.556495	0.822954	0.114282
26940	9.756154	0.838181	1.031355	0.088679	-0.174380	-0.057834	-0.150000	-0.033593	0.988115	0.817533	-0.566255	0.104854	0.556003	0.823545	0.112402
26941	9.733133	0.849013	0.988883	0.100195	-0.185776	-0.059468	-0.149371	-0.031724	0.988272	0.818023	-0.565429	0.105489	0.555451	0.824187	0.110410
26942	9.673830	0.942832	0.996344	0.119103	-0.191733	-0.063350	-0.148806	-0.029718	0.988420	0.818589	-0.564464	0.106267	0.554769	0.824923	0.108322
26943	9.648141	0.963535	1.005734	0.136854	-0.204029	-0.066649	-0.148139	-0.027655	0.988580	0.819271	-0.563334	0.107009	0.553941	0.825767	0.106109
26944	9.623209	0.970466	1.060721	0.148271	-0.214355	-0.065060	-0.147448	-0.025450	0.988742	0.819927	-0.562226	0.107801	0.553154	0.826592	0.103766
26945	9.625214	0.971150	1.061848	0.156137	-0.217555	-0.060898	-0.146663	-0.023306	0.988912	0.820722	-0.560930	0.108500	0.552182	0.827535	0.101395
26946	9.679489	0.941060	1.104408	0.161203	-0.200782	-0.067736	-0.146129	-0.021190	0.989039	0.821576	-0.559504	0.109400	0.551053	0.828557	0.099169
26947	9.705730	0.945386	1.107339	0.162621	-0.199616	-0.064499	-0.145478	-0.019171	0.989176	0.822399	-0.558149	0.110133	0.549996	0.829519	0.096965
26948	9.686558	0.920240	1.103415	0.164573	-0.182626	-0.063613	-0.144980	-0.017216	0.989285	0.823143	-0.556891	0.110941	0.549014	0.830407	0.094909
26949	9.714082	0.921624	1.031336	0.165391	-0.171978	-0.062105	-0.144467	-0.015438	0.989389	0.823982	-0.555508	0.111647	0.547890	0.831368	0.092973
26950	9.688477	0.942859	1.043994	0.161041	-0.153224	-0.065609	-0.144137	-0.013708	0.989463	0.824646	-0.554360	0.112447	0.546977	0.832164	0.091208
26951	9.715377	0.944179	0.974939	0.155404	-0.138230	-0.065017	-0.143836	-0.012193	0.989526	0.825423	-0.553056	0.113167	0.545883	0.833055	0.089614
26952	9.761415	0.981459	0.967630	0.153252	-0.129284	-0.063758	-0.143690	-0.010672	0.989565	0.826193	-0.551729	0.114018	0.544755	0.833955	0.088095
26953	9.738501	0.979297	0.977060	0.169768	-0.122372	-0.061343	-0.143450	-0.009308	0.989614	0.827051	-0.550299	0.114709	0.543516	0.834916	0.086639
26954	9.739025	0.987088	0.963906	0.187553	-0.111707	-0.063061	-0.143352	-0.007971	0.989640	0.827990	-0.548715	0.115517	0.542110	0.835971	0.085260
26955	9.712914	1.008629	0.981369	0.208744	-0.105780	-0.062396	-0.143215	-0.006740	0.989669	0.829052	-0.546955	0.116247	0.540520	0.837135	0.083920
26956	9.735125	1.039375	0.898842	0.222096	-0.097748	-0.058318	-0.143158	-0.005543	0.989684	0.830167	-0.545092	0.117031	0.538821	0.838358	0.082636
26957	9.679915	1.093920	0.876730	0.240049	-0.090090	-0.060519	-0.143095	-0.004452	0.989699	0.831393	-0.543062	0.117764	0.536944	0.839681	0.081411
26958	9.674411	1.144260	0.801316	0.250639	-0.086975	-0.055580	-0.143109	-0.003341	0.989701	0.832662	-0.540938	0.118575	0.534971	0.841056	0.080195
26959	9.638668	1.235467	0.839105	0.253858	-0.089793	-0.056012	-0.143015	-0.002277	0.989718	0.833959	-0.538784	0.119268	0.532972	0.842441	0.078953
26960	9.600211	1.345711	0.806089	0.251681	-0.080843	-0.054825	-0.143076	-0.001217	0.989711	0.835247	-0.536602	0.120086	0.530935	0.843834	0.077791
26961	9.585778	1.458918	0.772839	0.230433	-0.086815	-0.055422	-0.142998	-0.000181	0.989723	0.836410	-0.534638	0.120749	0.529121	0.845081	0.076603
26962	9.572149	1.565628	0.762574	0.196816	-0.092110	-0.055776	-0.142969	0.000979	0.989727	0.837294	-0.533087	0.121477	0.527729	0.846060	0.075395
26963	9.568836	1.595632	0.757181	0.162845	-0.091568	-0.053799	-0.142856	0.002048	0.989741	0.838097	-0.531689	0.122068	0.526485	0.846937	0.074239
26964	9.538368	1.640322	0.681393	0.130689	-0.095266	-0.053911	-0.142810	0.003205	0.989745	0.838714	-0.530561	0.122736	0.525514	0.847641	0.073081
26965	9.563316	1.643647	0.693606	0.103181	-0.099784	-0.057246	-0.142685	0.004362	0.989758	0.839195	-0.529665	0.123314	0.524779	0.848196	0.071915
26966	9.582995	1.687888	0.741600	0.080414	-0.105698	-0.059259	-0.142628	0.005644	0.989760	0.839519	-0.528992	0.123994	0.524275	0.848608	0.070711
26967	9.592339	1.629157	0.788829	0.049776	-0.109126	-0.060833	-0.142486	0.006899	0.989773	0.839715	-0.528547	0.124568	0.524001	0.848876	0.069517
26968	9.671230	1.603860	0.841663	0.032785	-0.108781	-0.060556	-0.142378	0.008225	0.989778	0.839654	-0.528500	0.125174	0.524127	0.848894	0.068341
26969	9.688269	1.486772	0.823655	0.025138	-0.109504	-0.059000	-0.142219	0.009473	0.989790	0.839723	-0.528263	0.125712	0.524060	0.849028	0.067174
26970	9.653598	1.380989	0.735357	0.032864	-0.110292	-0.060765	-0.142149	0.010819	0.989786	0.839730	-0.528094	0.126371	0.524068	0.849117	0.065983
26971	9.655964	1.375003	0.771374	0.048371	-0.111111	-0.058037	-0.141974	0.012077	0.989797	0.839922	-0.527659	0.126914	0.523808	0.849371	0.064770
26972	9.637812	1.325487	0.670918	0.053190	-0.114942	-0.061692	-0.141857	0.013479	0.989795	0.839952	-0.527455	0.127564	0.523792	0.849476	0.063501
26973	9.654790	1.393462	0.724064	0.051987	-0.119773	-0.060747	-0.141659	0.014824	0.989804	0.840159	-0.526987	0.128135	0.523513	0.849744	0.062198
26974	9.629391	1.402214	0.688060	0.051191	-0.130645	-0.060571	-0.141498	0.016312	0.989804	0.840395	-0.526444	0.128815	0.523178	0.850053	0.060782
26975	9.650391	1.435246	0.679994	0.050193	-0.138498	-0.060008	-0.141197	0.017813	0.989821	0.840593	-0.525989	0.129376	0.522940	0.850304	0.059295
26976	9.650503	1.441248	0.665548	0.043103	-0.146976	-0.057864	-0.140978	0.019462	0.989821	0.840770	-0.525533	0.130082	0.522716	0.850551	0.057725
26977	9.678072	1.427015	0.643925	0.031209	-0.152765	-0.055279	-0.140564	0.021060	0.989848	0.840876	-0.525239	0.130584	0.522656	0.850694	0.056121
26978	9.666698	1.346937	0.658492	0.014173	-0.152283	-0.056416	-0.140225	0.022702	0.989859	0.840876	-0.525093	0.131163	0.522746	0.850742	0.054541
26979	9.674966	1.299313	0.654919	0.000787	-0.157240	-0.049049	-0.139735	0.024306	0.989891	0.840833	-0.525058	0.131586	0.522948	0.850719	0.052932
26980	9.681841	1.257289	0.627484	-0.003776	-0.158900	-0.050707	-0.139386	0.026030	0.989896	0.840720	-0.525088	0.132188	0.523223	0.850650	0.051306
26981	9.665984	1.217398	0.677431	-0.003437	-0.163622	-0.049776	-0.138868	0.027691	0.989924	0.840653	-0.525086	0.132616	0.523468	0.850598	0.049639
26982	9.688994	1.231857	0.637271	0.008714	-0.162356	-0.053004	-0.138516	0.029454	0.989922	0.840597	-0.525017	0.133243	0.523650	0.850582	0.047965
26983	9.687737	1.254501	0.651325	0.023775	-0.156892	-0.051161	-0.138045	0.031065	0.989939	0.840672	-0.524782	0.133698	0.523655	0.850670	0.046328
26984	9.658997	1.285326	0.619675	0.032136	-0.144134	-0.049782	-0.137703	0.032617	0.989936	0.840736	-0.524542	0.134232	0.523641	0.850760	0.044809
26985	9.685106	1.287937	0.627974	0.047665	-0.144890	-0.047213	-0.137262	0.034106	0.989947	0.840942	-0.524104	0.134658	0.523428	0.850971	0.043258
26986	9.687087	1.287125	0.637460	0.060565	-0.132739	-0.050678	-0.136953	0.035575	0.989939	0.841053	-0.523790	0.135179	0.523329	0.851104	0.041814
26987	9.672875	1.218643	0.607537	0.080460	-0.109626	-0.051437	-0.136733	0.036787	0.989925	0.841424	-0.523070	0.135659	0.522790	0.851496	0.040568
26988	9.727336	1.172964	0.528686	0.095561	-0.106606	-0.054585	-0.136643	0.038065	0.989889	0.841774	-0.522344	0.136284	0.522250	0.851885	0.039333
26989	9.735627	1.126457	0.528512	0.127875	-0.108185	-0.060361	-0.136508	0.039311	0.989859	0.842379	-0.521215	0.136869	0.521309	0.852520	0.038035
26990	9.730348	1.162339	0.498687	0.154120	-0.109259	-0.061290	-0.136480	0.040641	0.989809	0.843050	-0.519938	0.137592	0.520231	0.853237	0.036699
26991	9.723064	1.204193	0.444712	0.183362	-0.109914	-0.063819	-0.136368	0.041920	0.989771	0.843936	-0.518329	0.138228	0.518822	0.854153	0.035306
26992	9.705094	1.304711	0.354986	0.202905	-0.106183	-0.070160	-0.136410	0.043264	0.989707	0.844806	-0.516697	0.139025	0.517393	0.855075	0.033933
26993	9.642446	1.386659	0.314488	0.219661	-0.104735	-0.072081	-0.136399	0.044541	0.989652	0.845862	-0.514769	0.139749	0.515667	0.856171	0.032538
26994	9.629119	1.458301	0.241571	0.227619	-0.111190	-0.077762	-0.136533	0.045978	0.989568	0.846897	-0.512811	0.140675	0.513929	0.857269	0.031077
26995	9.624891	1.489967	0.232708	0.234481	-0.122654	-0.080919	-0.136511	0.047455	0.989501	0.848010	-0.510746	0.141485	0.512098	0.858421	0.029480
