// General information: 
//  MT Manager version: 2022.2.0 
//  XDA version: 2022.2.0 build 7381 rev 124627 built on 2023-07-19
// Device information: 
//  DeviceId: 00B4CBA7
//  ProductCode: MTW2-3A7G6
//  Firmware Version: 4.6.0
//  Hardware Version: 2.0.0
// Device settings: 
//  Filter Profile: human(46.1)
//  Option Flags: Orientation Smoother Disabled, Position/Velocity Smoother Disabled, Continuous Zero Rotation Update Disabled, AHS Disabled, ICC Disabled
// Coordinate system: ENU
PacketCounter	Acc_X	Acc_Y	Acc_Z	Gyr_X	Gyr_Y	Gyr_Z	Mat[1][1]	Mat[2][1]	Mat[3][1]	Mat[1][2]	Mat[2][2]	Mat[3][2]	Mat[1][3]	Mat[2][3]	Mat[3][3]
38328	9.721108	0.070754	-0.662338	-0.159131	0.059088	0.027968	-0.088920	-0.020665	0.995824	-0.139619	0.990172	0.008081	-0.986205	-0.138317	-0.090931
38329	9.655008	0.103635	-0.584497	-0.215268	0.067814	0.028586	-0.088281	-0.020322	0.995888	-0.137484	0.990471	0.008024	-0.986562	-0.136211	-0.090234
38330	9.633015	0.053798	-0.634767	-0.193827	0.046504	0.029627	-0.087900	-0.019970	0.995929	-0.135491	0.990747	0.007908	-0.986872	-0.134245	-0.089793
38331	9.692720	-0.034586	-0.676147	-0.161800	0.019576	0.021082	-0.087726	-0.019767	0.995948	-0.133890	0.990965	0.007875	-0.987106	-0.132657	-0.089580
38332	9.725298	-0.070062	-0.711562	-0.105492	0.007847	0.022609	-0.087633	-0.019625	0.995960	-0.132871	0.991102	0.007838	-0.987252	-0.131648	-0.089460
38333	9.690181	0.039264	-0.813766	-0.051555	-0.015605	0.017098	-0.087800	-0.019508	0.995947	-0.132362	0.991171	0.007746	-0.987305	-0.131145	-0.089607
38334	9.727555	0.077857	-0.948974	-0.032584	-0.016054	0.014481	-0.087936	-0.019429	0.995937	-0.131998	0.991220	0.007682	-0.987342	-0.130786	-0.089729
38335	9.757130	0.148529	-1.023134	-0.017880	-0.010379	0.009995	-0.088043	-0.019376	0.995928	-0.131827	0.991243	0.007631	-0.987355	-0.130618	-0.089826
38336	9.720847	0.168474	-1.059219	-0.004022	-0.009141	0.010730	-0.088056	-0.019351	0.995928	-0.131812	0.991246	0.007605	-0.987356	-0.130605	-0.089836
38337	9.756492	0.202179	-1.093074	-0.009785	-0.005181	0.010416	-0.088112	-0.019287	0.995924	-0.131720	0.991258	0.007543	-0.987363	-0.130519	-0.089882
38338	9.743812	0.129586	-1.038039	0.003067	-0.002423	0.012305	-0.088182	-0.019176	0.995920	-0.131665	0.991266	0.007428	-0.987364	-0.130473	-0.089937
38339	9.823872	0.084241	-0.926055	-0.020984	0.006051	0.011821	-0.088129	-0.019083	0.995926	-0.131462	0.991294	0.007362	-0.987396	-0.130277	-0.089870
38340	9.764710	0.169973	-0.879083	-0.088969	0.033442	0.023957	-0.087858	-0.018873	0.995954	-0.130608	0.991408	0.007266	-0.987534	-0.129441	-0.089568
38341	9.664567	0.173036	-0.871447	-0.110545	0.030318	0.024885	-0.087582	-0.018620	0.995983	-0.129508	0.991553	0.007149	-0.987703	-0.128362	-0.089253
38342	9.718421	0.095180	-0.783090	-0.106152	0.018657	0.021934	-0.087350	-0.018414	0.996008	-0.128392	0.991698	0.007074	-0.987869	-0.127261	-0.088989
38343	9.751365	0.004215	-0.750467	-0.079751	0.007894	0.015259	-0.087282	-0.018285	0.996016	-0.127605	0.991800	0.007026	-0.987977	-0.126483	-0.088899
38344	9.705636	0.050600	-0.623098	-0.097638	0.013174	0.010308	-0.087082	-0.018272	0.996034	-0.126734	0.991911	0.007117	-0.988107	-0.125612	-0.088693
38345	9.803992	0.095823	-0.592966	-0.215655	0.025071	0.016031	-0.086845	-0.018115	0.996057	-0.124603	0.992181	0.007181	-0.988399	-0.123488	-0.088423
38346	9.677165	0.097204	-0.509007	-0.271901	0.036523	0.010951	-0.086510	-0.017952	0.996089	-0.121822	0.992525	0.007308	-0.988775	-0.120713	-0.088050
38347	9.707249	-0.145571	-0.515365	-0.260920	0.007195	0.004777	-0.086435	-0.017929	0.996096	-0.119251	0.992836	0.007522	-0.989095	-0.118136	-0.087954
38348	9.640104	-0.055580	-0.238533	-0.226625	-0.013532	-0.001910	-0.086524	-0.018017	0.996087	-0.116944	0.993108	0.007805	-0.989362	-0.115812	-0.088035
38349	9.613096	0.026870	-0.402532	-0.259659	-0.041684	-0.002663	-0.086925	-0.018124	0.996050	-0.114391	0.993403	0.008093	-0.989626	-0.113236	-0.088424
38350	9.600809	-0.155150	-0.491770	-0.237916	-0.061338	-0.018133	-0.087527	-0.018362	0.995993	-0.111937	0.993679	0.008482	-0.989853	-0.110746	-0.089029
38351	9.623604	-0.216167	-0.580586	-0.202127	-0.085338	-0.031441	-0.088328	-0.018801	0.995914	-0.109978	0.993893	0.009008	-0.990002	-0.108733	-0.089856
38352	9.663275	-0.302207	-0.791871	-0.157119	-0.099343	-0.045557	-0.089216	-0.019423	0.995823	-0.108504	0.994049	0.009668	-0.990084	-0.107188	-0.090793
38353	9.732201	-0.286088	-0.972916	-0.101556	-0.112929	-0.066977	-0.090253	-0.020242	0.995713	-0.107573	0.994142	0.010460	-0.990092	-0.106167	-0.091902
38354	9.703671	-0.168580	-1.041259	-0.064047	-0.107744	-0.076544	-0.091276	-0.021188	0.995600	-0.107081	0.994186	0.011341	-0.990052	-0.105575	-0.093014
38355	9.691629	0.060474	-0.986094	-0.109825	-0.079493	-0.073714	-0.091975	-0.022038	0.995517	-0.106075	0.994283	0.012210	-0.990095	-0.104477	-0.093787
38356	9.688606	0.118256	-0.960054	-0.112153	-0.076771	-0.075321	-0.092576	-0.022920	0.995442	-0.105026	0.994383	0.013128	-0.990151	-0.103332	-0.094463
38357	9.785425	0.080538	-0.875396	-0.122855	-0.088417	-0.081844	-0.093357	-0.023857	0.995347	-0.103900	0.994488	0.014092	-0.990197	-0.102101	-0.095321
38358	9.726239	-0.017947	-1.011487	-0.145876	-0.074944	-0.095858	-0.094077	-0.024910	0.995253	-0.102484	0.994618	0.015207	-0.990276	-0.100567	-0.096123
38359	9.723303	0.243941	-0.907924	-0.219802	-0.053833	-0.088686	-0.094511	-0.025879	0.995187	-0.100405	0.994813	0.016334	-0.990448	-0.098378	-0.096619
38360	9.620975	0.609323	-0.959293	-0.327930	-0.031269	-0.067638	-0.094733	-0.026535	0.995149	-0.097078	0.995127	0.017293	-0.990758	-0.094968	-0.096848
38361	9.676884	0.465893	-1.015019	-0.400624	-0.035245	-0.071111	-0.095007	-0.027308	0.995102	-0.093189	0.995478	0.018422	-0.991105	-0.090982	-0.097122
38362	9.821601	0.246716	-1.025219	-0.423628	-0.043663	-0.082746	-0.095370	-0.028184	0.995043	-0.089033	0.995834	0.019673	-0.991452	-0.086716	-0.097482
38363	9.700870	-0.031743	-1.194342	-0.426761	-0.036288	-0.090957	-0.095643	-0.029153	0.994989	-0.084902	0.996167	0.021027	-0.991788	-0.082465	-0.097752
38364	9.625601	-0.218079	-1.248858	-0.353798	-0.040792	-0.100242	-0.095975	-0.030207	0.994925	-0.081483	0.996423	0.022392	-0.992043	-0.078920	-0.098093
38365	9.624024	-0.237976	-1.256877	-0.300579	-0.036535	-0.114244	-0.096238	-0.031406	0.994863	-0.078624	0.996619	0.023856	-0.992248	-0.075924	-0.098382
38366	9.664957	-0.119489	-1.113120	-0.205663	-0.048614	-0.118291	-0.096614	-0.032654	0.994786	-0.076700	0.996734	0.025269	-0.992362	-0.073859	-0.098803
38367	9.731950	0.017082	-1.145667	-0.206497	-0.043006	-0.130073	-0.096934	-0.034015	0.994709	-0.074790	0.996839	0.026800	-0.992477	-0.071797	-0.099172
38368	9.661931	-0.158362	-1.129076	-0.196703	-0.028141	-0.142138	-0.097192	-0.035444	0.994634	-0.072899	0.996935	0.028402	-0.992592	-0.069747	-0.099478
38369	9.648968	-0.029458	-1.202843	-0.168350	-0.029307	-0.149275	-0.097368	-0.036985	0.994561	-0.071386	0.996995	0.030087	-0.992685	-0.068068	-0.099716
38370	9.691159	0.264330	-1.208587	-0.184805	-0.013885	-0.149531	-0.097484	-0.038486	0.994493	-0.069656	0.997065	0.031757	-0.992796	-0.066177	-0.099879
38371	9.736508	0.544345	-1.243105	-0.243248	0.000345	-0.137933	-0.097379	-0.039894	0.994447	-0.067389	0.997167	0.033404	-0.992963	-0.063762	-0.099792
38372	9.790832	0.725069	-1.173390	-0.298406	0.010553	-0.132251	-0.097185	-0.041211	0.994413	-0.064521	0.997301	0.035025	-0.993173	-0.060757	-0.099582
38373	9.750662	0.673462	-1.315204	-0.339356	0.022740	-0.124415	-0.096874	-0.042471	0.994390	-0.061284	0.997448	0.036632	-0.993408	-0.057392	-0.099230
38374	9.620102	0.211593	-1.347629	-0.313304	0.034517	-0.143540	-0.096508	-0.043906	0.994363	-0.058225	0.997565	0.038396	-0.993628	-0.054191	-0.098830
38375	9.654191	-0.234543	-1.123418	-0.207464	0.026650	-0.170123	-0.096140	-0.045621	0.994322	-0.056340	0.997597	0.040324	-0.993772	-0.052143	-0.098479
38376	9.687540	-0.238192	-0.956935	-0.098270	0.022542	-0.180641	-0.095803	-0.047480	0.994267	-0.055638	0.997556	0.042276	-0.993844	-0.051269	-0.098211
38377	9.732047	-0.315844	-0.889718	-0.070592	0.024502	-0.193903	-0.095446	-0.049435	0.994206	-0.055135	0.997495	0.044305	-0.993907	-0.050587	-0.097932
38378	9.623683	-0.302454	-0.823567	0.013591	0.014826	-0.207612	-0.095164	-0.051468	0.994130	-0.055347	0.997391	0.046339	-0.993922	-0.050612	-0.097765
38379	9.631544	-0.082009	-0.623489	0.075045	-0.006552	-0.224954	-0.095097	-0.053748	0.994016	-0.056320	0.997232	0.048534	-0.993874	-0.051367	-0.097861
38380	9.666201	-0.008619	-0.754977	0.107472	-0.015502	-0.243995	-0.095126	-0.056192	0.993878	-0.057579	0.997045	0.050860	-0.993799	-0.052388	-0.098080
38381	9.651700	0.217675	-0.713420	0.172998	-0.037996	-0.252307	-0.095349	-0.058760	0.993708	-0.059551	0.996805	0.053229	-0.993661	-0.054101	-0.098544
38382	9.669216	0.392799	-0.818062	0.185686	-0.049950	-0.257693	-0.095694	-0.061336	0.993519	-0.061573	0.996553	0.055593	-0.993505	-0.055854	-0.099141
38383	9.613742	0.491910	-0.731322	0.213314	-0.061642	-0.259899	-0.096136	-0.063993	0.993309	-0.063954	0.996266	0.057994	-0.993311	-0.057951	-0.099870
38384	9.797298	0.753210	-0.703667	0.262723	-0.075540	-0.255626	-0.096784	-0.066647	0.993071	-0.066924	0.995933	0.060316	-0.993053	-0.060623	-0.100851
38385	9.669894	1.053967	-1.000650	0.220592	-0.060338	-0.233402	-0.097218	-0.069041	0.992866	-0.069354	0.995636	0.062442	-0.992844	-0.062788	-0.101582
38386	9.587365	1.106494	-0.844982	0.182975	-0.087132	-0.220324	-0.098041	-0.071282	0.992626	-0.071321	0.995370	0.064435	-0.992623	-0.064478	-0.102671
38387	9.730764	1.101062	-0.788624	0.207409	-0.116003	-0.223783	-0.099024	-0.073617	0.992358	-0.073613	0.995069	0.066473	-0.992358	-0.066468	-0.103955
38388	9.664484	1.075542	-0.868110	0.301755	-0.134196	-0.218871	-0.100196	-0.075913	0.992068	-0.076834	0.994698	0.068354	-0.991997	-0.069376	-0.105497
38389	9.760299	1.266380	-0.873122	0.342571	-0.158510	-0.211170	-0.101595	-0.078158	0.991751	-0.080458	0.994289	0.070116	-0.991567	-0.072670	-0.107303
38390	9.931940	1.566033	-0.589643	-0.003298	-0.084394	-0.190734	-0.102310	-0.080131	0.991520	-0.080560	0.994144	0.072031	-0.991485	-0.072508	-0.108167
38391	9.568229	1.006503	-0.900793	-0.118071	-0.065132	-0.172183	-0.102812	-0.081922	0.991322	-0.079579	0.994086	0.073897	-0.991512	-0.071291	-0.108723
38392	9.575293	0.315381	-0.782462	-0.165022	-0.080677	-0.163848	-0.103616	-0.083647	0.991094	-0.078184	0.994059	0.075723	-0.991540	-0.069642	-0.109540
38393	9.428116	-0.077237	-0.877358	-0.021187	-0.110670	-0.166435	-0.104577	-0.085410	0.990842	-0.078161	0.993930	0.077427	-0.991441	-0.069348	-0.110618
38394	9.627282	0.330148	-0.788206	0.137963	-0.137858	-0.188123	-0.105861	-0.087383	0.990534	-0.079722	0.993671	0.079140	-0.991180	-0.070590	-0.112157
38395	9.695218	0.714088	-1.125521	0.189507	-0.125222	-0.196466	-0.106937	-0.089457	0.990233	-0.081822	0.993358	0.080903	-0.990893	-0.072372	-0.113546
38396	9.696930	1.043623	-1.296218	0.211614	-0.125859	-0.207195	-0.108100	-0.091608	0.989910	-0.084122	0.993017	0.082709	-0.990574	-0.074333	-0.115051
38397	9.835722	1.255534	-1.319981	0.153662	-0.089550	-0.190075	-0.108819	-0.093594	0.989646	-0.085863	0.992722	0.084444	-0.990346	-0.075785	-0.116064
38398	9.594599	0.909185	-1.559125	0.062815	-0.058812	-0.176233	-0.109339	-0.095380	0.989418	-0.086655	0.992511	0.086102	-0.990220	-0.076324	-0.116785
38399	9.713842	0.741468	-1.278185	0.082139	-0.083431	-0.175700	-0.110006	-0.097219	0.989165	-0.087674	0.992275	0.087775	-0.990057	-0.077068	-0.117680
38400	9.722915	0.702139	-0.918178	0.130081	-0.089257	-0.178224	-0.110765	-0.099099	0.988894	-0.089219	0.991990	0.089416	-0.989834	-0.078323	-0.118720
38401	9.610218	0.752731	-0.960035	0.190082	-0.131168	-0.176604	-0.111898	-0.100987	0.988575	-0.091309	0.991659	0.090966	-0.989516	-0.080087	-0.120186
38402	9.641068	0.737873	-1.015781	0.290152	-0.171514	-0.183834	-0.113447	-0.102991	0.988192	-0.094477	0.991224	0.092461	-0.989042	-0.082872	-0.122181
38403	9.675302	0.954333	-1.142287	0.397735	-0.188273	-0.185623	-0.115123	-0.105022	0.987784	-0.098634	0.990690	0.093835	-0.988442	-0.086627	-0.124410
38404	9.704158	1.184091	-1.241191	0.444208	-0.193780	-0.195755	-0.116869	-0.107126	0.987353	-0.103193	0.990094	0.095209	-0.987772	-0.090761	-0.126766
38405	9.659132	1.250735	-1.294661	0.431113	-0.183479	-0.192775	-0.118471	-0.109236	0.986931	-0.107689	0.989481	0.096591	-0.987101	-0.094839	-0.128988
38406	9.718001	1.189729	-1.236007	0.373144	-0.178804	-0.182242	-0.120148	-0.111181	0.986511	-0.111504	0.988933	0.097874	-0.986474	-0.098240	-0.131215
38407	9.697527	1.111958	-1.215639	0.389642	-0.151163	-0.177711	-0.121430	-0.113121	0.986133	-0.115574	0.988339	0.099143	-0.985849	-0.101932	-0.133088
38408	9.511133	1.653907	-1.012336	0.419307	-0.175195	-0.160225	-0.123009	-0.114886	0.985733	-0.119887	0.987722	0.100158	-0.985138	-0.105856	-0.135272
38409	9.617370	1.896795	-1.076184	0.324311	-0.176703	-0.138154	-0.124575	-0.116472	0.985350	-0.123265	0.987210	0.101107	-0.984524	-0.108863	-0.137338
38410	9.622512	1.745443	-1.269753	0.257039	-0.166196	-0.127536	-0.125983	-0.117891	0.985002	-0.125811	0.986795	0.102015	-0.984022	-0.111072	-0.139152
38411	9.363750	1.725630	-1.288366	0.243683	-0.172340	-0.112151	-0.127529	-0.119222	0.984643	-0.128363	0.986384	0.102808	-0.983493	-0.113281	-0.141097
38412	9.596480	1.651636	-1.241031	0.192619	-0.198575	-0.094278	-0.129381	-0.120404	0.984258	-0.130390	0.986048	0.103483	-0.982985	-0.114949	-0.143275
38413	9.593082	1.560564	-1.367873	0.092520	-0.167978	-0.069182	-0.130934	-0.121311	0.983941	-0.131402	0.985852	0.104061	-0.982644	-0.115667	-0.145022
38414	9.452148	1.163509	-1.414746	0.015907	-0.161645	-0.057839	-0.132497	-0.122122	0.983631	-0.131718	0.985749	0.104642	-0.982392	-0.115698	-0.146694
38415	9.584469	0.771670	-1.353840	0.046484	-0.165976	-0.060194	-0.134041	-0.122939	0.983320	-0.132268	0.985616	0.105196	-0.982109	-0.115961	-0.148373
38416	9.648965	0.573543	-1.397590	0.120571	-0.167151	-0.066433	-0.135579	-0.123866	0.982993	-0.133616	0.985376	0.105738	-0.981715	-0.117007	-0.150147
38417	9.614492	0.920495	-1.376424	0.230423	-0.184061	-0.077945	-0.137274	-0.124883	0.982629	-0.135996	0.985002	0.106186	-0.981153	-0.119057	-0.152198
38418	9.613034	0.988876	-1.292214	0.227795	-0.191020	-0.093634	-0.139140	-0.126099	0.982211	-0.138540	0.984584	0.106778	-0.980534	-0.121218	-0.154464
38419	9.591147	1.080157	-0.678713	0.252701	-0.204598	-0.099626	-0.140999	-0.127361	0.981783	-0.141170	0.984143	0.107393	-0.979893	-0.123456	-0.156743
38420	9.602935	1.070770	-0.049549	0.168211	-0.214366	-0.085028	-0.143127	-0.128481	0.981329	-0.143008	0.983817	0.107949	-0.979318	-0.124888	-0.159184
38421	9.381740	0.955213	0.081673	0.076509	-0.255693	-0.065162	-0.145530	-0.129473	0.980845	-0.143865	0.983632	0.108496	-0.978838	-0.125320	-0.161775
38422	9.340949	0.924685	0.047751	0.116540	-0.335898	-0.057197	-0.148699	-0.130595	0.980221	-0.145313	0.983366	0.108970	-0.978148	-0.126235	-0.165203
38423	9.431608	1.080958	-0.151924	0.070090	-0.388096	-0.047953	-0.152417	-0.131588	0.979517	-0.146085	0.983210	0.109353	-0.977460	-0.126425	-0.169081
38424	9.475536	0.984090	-0.543696	0.049615	-0.431988	-0.045356	-0.156656	-0.132608	0.978710	-0.146753	0.983070	0.109709	-0.976689	-0.126442	-0.173465
38425	9.539498	1.331389	-1.164557	0.075406	-0.472648	-0.038563	-0.161207	-0.133616	0.977834	-0.147565	0.982918	0.109983	-0.975826	-0.126564	-0.178171
38426	9.513489	1.548179	-1.711145	0.053191	-0.486575	-0.033337	-0.165912	-0.134581	0.976914	-0.148179	0.982799	0.110226	-0.974944	-0.126470	-0.183000
38427	9.523566	1.814358	-1.813379	0.058143	-0.485475	-0.048229	-0.170565	-0.135700	0.975958	-0.148841	0.982655	0.110618	-0.974040	-0.126395	-0.187804
38428	9.506079	1.602204	-2.040771	-0.000939	-0.467040	-0.053137	-0.175131	-0.136914	0.974979	-0.149192	0.982538	0.111176	-0.973176	-0.125989	-0.192499
38429	9.499174	1.388570	-2.226692	0.040890	-0.472375	-0.044720	-0.179653	-0.137979	0.974005	-0.149684	0.982420	0.111562	-0.972275	-0.125751	-0.197148
38430	9.511004	1.552819	-2.023508	0.071121	-0.477056	-0.027806	-0.184371	-0.138929	0.972988	-0.150642	0.982257	0.111708	-0.971244	-0.125977	-0.202028
38431	9.500041	1.572229	-1.729173	0.000901	-0.481372	-0.017838	-0.189011	-0.139741	0.971981	-0.150700	0.982225	0.111908	-0.970342	-0.125325	-0.206711
38432	9.602433	1.206933	-1.230965	-0.102842	-0.503019	-0.007998	-0.193913	-0.140543	0.970899	-0.149931	0.982304	0.112249	-0.969494	-0.123802	-0.211553
38433	9.614326	0.691587	-0.607557	-0.084632	-0.542288	-0.018146	-0.199135	-0.141420	0.969714	-0.149163	0.982377	0.112635	-0.968553	-0.122216	-0.216720
38434	9.475846	0.713975	0.154102	0.008955	-0.606980	-0.017249	-0.205036	-0.142284	0.968357	-0.149219	0.982355	0.112745	-0.967313	-0.121380	-0.222650
38435	9.512129	0.640763	-0.099097	-0.074389	-0.667914	-0.014982	-0.211465	-0.143267	0.966828	-0.148547	0.982418	0.113087	-0.966031	-0.119706	-0.229029
38436	9.213997	0.159074	-0.453076	0.003775	-0.721627	-0.041597	-0.218385	-0.144604	0.965089	-0.148777	0.982333	0.113522	-0.964455	-0.118792	-0.236041
38437	9.247893	0.247357	-0.429499	0.174323	-0.809911	-0.071305	-0.226076	-0.146300	0.963061	-0.150632	0.982016	0.113819	-0.962393	-0.119336	-0.244048
38438	9.564875	0.885891	-0.378134	0.209373	-0.871223	-0.071763	-0.234433	-0.148066	0.960790	-0.152947	0.981642	0.113960	-0.960025	-0.120234	-0.252776
38439	9.545993	1.053057	-0.935928	0.179966	-0.907528	-0.076186	-0.243012	-0.149938	0.958365	-0.154872	0.981305	0.114256	-0.957580	-0.120658	-0.261690
38440	9.655499	1.303834	-2.046635	0.220274	-0.957417	-0.082647	-0.252214	-0.151850	0.955683	-0.157294	0.980909	0.114347	-0.954802	-0.121483	-0.271284
38441	9.674975	1.560167	-3.090892	0.245476	-0.963619	-0.081713	-0.261266	-0.153858	0.952926	-0.159862	0.980479	0.114477	-0.951937	-0.122427	-0.280762
38442	9.555173	1.750198	-3.695982	0.295373	-0.970738	-0.082446	-0.270437	-0.155939	0.950025	-0.163117	0.979950	0.114418	-0.948819	-0.124022	-0.290451
38443	9.717412	2.112643	-3.641255	0.336611	-0.975631	-0.058813	-0.279576	-0.157765	0.947073	-0.166486	0.979431	0.114008	-0.945579	-0.125800	-0.300091
38444	9.887058	2.129022	-3.583969	0.220068	-0.969421	-0.035856	-0.288737	-0.159414	0.944044	-0.168838	0.979065	0.113689	-0.942404	-0.126564	-0.309607
38445	10.241567	1.400853	-3.152183	0.020781	-0.900993	-0.012801	-0.297189	-0.160705	0.941197	-0.169091	0.979012	0.113770	-0.939727	-0.125336	-0.318126
38446	10.150070	0.906647	-2.604378	-0.080032	-0.881067	0.013096	-0.305605	-0.161702	0.938327	-0.168504	0.979104	0.113849	-0.937130	-0.123319	-0.326467
38447	9.905849	1.152735	-1.363677	-0.137315	-0.916628	0.049032	-0.314261	-0.162370	0.935348	-0.167087	0.979344	0.113870	-0.934517	-0.120500	-0.334900
38448	9.858059	1.738619	-0.338887	-0.161624	-1.006060	0.097291	-0.323905	-0.162620	0.932009	-0.165428	0.979675	0.113445	-0.931515	-0.117435	-0.344223
38449	10.936088	0.946705	0.746929	-0.698748	-1.094610	0.141980	-0.334314	-0.162497	0.928347	-0.158481	0.980690	0.114588	-0.929041	-0.108817	-0.353611
38450	11.449909	-0.986121	0.557845	-0.890294	-1.092520	0.160909	-0.344899	-0.162175	0.924524	-0.150041	0.981821	0.116252	-0.926570	-0.098621	-0.362962
38451	11.253125	-1.306496	2.548810	-0.670120	-1.290120	0.101676	-0.356977	-0.162423	0.919884	-0.143508	0.982612	0.117808	-0.923024	-0.089956	-0.374079
38452	11.393158	-1.772863	1.875502	-0.743102	-1.454132	-0.012938	-0.370537	-0.163771	0.914265	-0.136944	0.983208	0.120620	-0.918667	-0.080509	-0.386742
38453	11.305542	-1.688299	2.238399	-0.622279	-1.653455	-0.106780	-0.385537	-0.166110	0.907617	-0.131670	0.983499	0.124067	-0.913249	-0.071674	-0.401047
38454	11.605422	-1.434110	2.041676	-0.734566	-1.848384	-0.173870	-0.402321	-0.169002	0.899764	-0.125904	0.983689	0.128469	-0.906800	-0.061598	-0.417037
38455	11.599656	-1.796952	1.314815	-0.956544	-1.970868	-0.249259	-0.419820	-0.172573	0.891050	-0.118312	0.983786	0.134790	-0.899863	-0.048834	-0.433430
38456	11.301560	-2.495302	0.860040	-0.961045	-2.095016	-0.368887	-0.438335	-0.177113	0.881189	-0.111574	0.983532	0.142182	-0.891860	-0.035995	-0.450877
38457	11.162647	-1.986122	-0.494609	-0.615212	-2.289489	-0.494562	-0.458101	-0.182713	0.869919	-0.108359	0.982827	0.149365	-0.882271	-0.025839	-0.470032
38458	11.568052	-0.906747	-1.942924	-0.260965	-2.418192	-0.595173	-0.478689	-0.189045	0.857390	-0.109061	0.981784	0.155583	-0.871184	-0.019031	-0.490587
38459	11.867838	0.347328	-3.009249	-0.016742	-2.475454	-0.680301	-0.499353	-0.196160	0.843900	-0.112269	0.980470	0.161473	-0.859094	-0.014112	-0.511624
38460	11.751777	1.208854	-3.689642	0.128711	-2.421341	-0.753240	-0.519217	-0.203828	0.829981	-0.117451	0.978947	0.166937	-0.846534	-0.010806	-0.532226
38461	11.251236	2.046104	-4.205978	0.207178	-2.319451	-0.770665	-0.537779	-0.211614	0.816096	-0.123293	0.977320	0.172173	-0.834022	-0.008027	-0.551673
38462	10.593666	3.290168	-5.047188	0.230908	-2.143044	-0.723251	-0.554564	-0.218851	0.802847	-0.129348	0.975740	0.176634	-0.822027	-0.005892	-0.569418
38463	9.986446	4.366787	-6.132087	0.220236	-2.063726	-0.697407	-0.570483	-0.225776	0.789667	-0.135097	0.974173	0.180930	-0.810122	-0.003464	-0.586251
38464	9.844880	4.760620	-6.092297	0.075919	-2.087107	-0.644779	-0.586306	-0.232112	0.776124	-0.139606	0.972689	0.185435	-0.797969	0.000370	-0.602698
38465	9.738594	4.462457	-5.904442	-0.135268	-1.991132	-0.552062	-0.601302	-0.237440	0.762928	-0.141842	0.971381	0.190523	-0.786331	0.006346	-0.617772
38466	9.226224	3.848701	-6.483273	-0.277300	-1.672280	-0.484145	-0.613595	-0.242015	0.751618	-0.142738	0.970187	0.195867	-0.776613	0.012899	-0.629846
38467	8.580486	2.948825	-7.208704	-0.304778	-1.409546	-0.430907	-0.623866	-0.245995	0.741807	-0.143079	0.969079	0.201031	-0.768322	0.019280	-0.639773
38468	8.060139	2.072043	-7.407690	-0.293011	-1.185045	-0.343033	-0.632349	-0.249094	0.733544	-0.143103	0.968159	0.205402	-0.761351	0.024914	-0.647861
38469	7.587987	1.395235	-7.220547	-0.193247	-0.852326	-0.243819	-0.638466	-0.251252	0.727484	-0.143216	0.967490	0.208452	-0.756208	0.028902	-0.653693
38470	7.321076	1.796867	-7.686233	0.188921	-0.487967	-0.071441	-0.641957	-0.251844	0.724200	-0.145214	0.967358	0.207681	-0.752864	0.028158	-0.657573
38471	7.499190	2.648964	-6.912977	0.210431	-0.157449	0.096681	-0.643280	-0.250894	0.723355	-0.146206	0.967652	0.205606	-0.751541	0.026503	-0.659153
38472	7.547635	2.215580	-4.456560	-0.450131	0.202734	0.260776	-0.642043	-0.248467	0.725289	-0.141255	0.968169	0.206630	-0.753543	0.030215	-0.656704
38473	7.895025	1.124284	-3.974097	-0.596684	0.528532	0.441703	-0.638656	-0.244388	0.729653	-0.133948	0.969057	0.207330	-0.757744	0.034677	-0.651629
38474	8.083532	1.875380	-4.313267	-0.361793	0.989826	0.587894	-0.631801	-0.239074	0.737340	-0.127577	0.970347	0.205308	-0.764560	0.035646	-0.643567
38475	7.891646	2.219284	-5.506393	-0.627113	1.435370	0.667196	-0.621577	-0.233154	0.747851	-0.118600	0.971684	0.204363	-0.774323	0.038332	-0.631629
38476	7.312737	1.803827	-5.365369	-0.822507	1.830649	0.785250	-0.608087	-0.226288	0.760936	-0.107468	0.973156	0.203517	-0.786563	0.041980	-0.616082
38477	6.866144	1.055242	-5.237605	-0.946382	2.171838	0.932556	-0.591792	-0.218191	0.775999	-0.094392	0.974804	0.202105	-0.800545	0.046356	-0.597477
38478	7.136691	0.562776	-5.355723	-0.750397	2.412764	1.026638	-0.573115	-0.209345	0.792284	-0.082467	0.976645	0.198405	-0.815315	0.048371	-0.576994
38479	7.552054	0.184203	-5.548359	-0.649756	2.749439	1.116513	-0.551334	-0.199797	0.810007	-0.070869	0.978607	0.193146	-0.831269	0.049084	-0.553699
38480	6.877305	0.110230	-5.657583	-0.334969	3.201557	1.219239	-0.525153	-0.189393	0.829666	-0.061623	0.980825	0.184894	-0.848774	0.045971	-0.526754
38481	5.910353	0.734039	-5.857532	-0.086783	3.512762	1.374918	-0.495813	-0.177433	0.850110	-0.053888	0.983305	0.173804	-0.866756	0.040364	-0.497097
38482	5.741313	1.414641	-6.235620	-0.015184	3.724658	1.519240	-0.463864	-0.163868	0.870619	-0.046602	0.985897	0.160736	-0.884680	0.033987	-0.464959
38483	6.073843	1.564899	-6.548757	-0.027691	3.937672	1.605978	-0.429367	-0.149263	0.890710	-0.039209	0.988399	0.146732	-0.902278	0.028078	-0.430239
38484	6.469948	1.492084	-6.458977	0.091360	4.150843	1.664407	-0.392071	-0.133810	0.910151	-0.033342	0.990782	0.131301	-0.919330	0.021133	-0.392919
38485	6.950343	1.589160	-5.822202	0.160531	4.319157	1.719961	-0.352544	-0.117536	0.928385	-0.028452	0.992969	0.114908	-0.935363	0.014095	-0.353409
38486	7.461666	1.609334	-5.408617	0.258342	4.478297	1.763964	-0.310706	-0.100443	0.945184	-0.025176	0.994922	0.097452	-0.950173	0.006483	-0.311657
38487	7.864569	1.801404	-4.922635	0.228355	4.628309	1.816321	-0.266844	-0.082530	0.960200	-0.022140	0.996589	0.079505	-0.963485	-0.000043	-0.267761
38488	8.243705	1.585809	-4.622053	0.097582	4.765173	1.867010	-0.220939	-0.063769	0.973201	-0.018662	0.997954	0.061154	-0.975109	-0.004650	-0.221677
38489	8.532075	1.258439	-4.177495	-0.005251	4.830694	1.910275	-0.173917	-0.044432	0.983757	-0.014861	0.998986	0.042493	-0.984648	-0.007229	-0.174401
38490	9.297124	1.139819	-4.185912	0.087802	4.825795	1.959617	-0.126413	-0.024396	0.991678	-0.012906	0.999653	0.022947	-0.991894	-0.009898	-0.126684
38491	10.156250	0.943307	-4.404546	0.204608	4.807643	1.991022	-0.078857	-0.003972	0.996878	-0.012917	0.999912	0.002962	-0.996802	-0.012643	-0.078902
38492	10.934348	0.591380	-4.225685	0.254654	4.774770	1.937056	-0.031345	0.016088	0.999379	-0.014521	0.999758	-0.016549	-0.999403	-0.015031	-0.031103
38493	11.865869	0.324601	-3.644680	0.447782	4.603777	1.707178	0.014395	0.033896	0.999322	-0.018871	0.999256	-0.033622	-0.999718	-0.018374	0.015024
38494	12.857257	-0.335324	-1.600548	0.284175	4.284932	1.577584	0.056982	0.050520	0.997096	-0.022394	0.998532	-0.049313	-0.998124	-0.019519	0.058029
38495	12.398956	-1.557409	-0.126072	0.260461	4.326860	1.544455	0.099724	0.066755	0.992773	-0.026215	0.997577	-0.064445	-0.994670	-0.019599	0.101233
38496	11.530941	-1.584419	2.501913	0.622630	3.877489	1.508611	0.137877	0.082698	0.986991	-0.034323	0.996309	-0.078684	-0.989855	-0.023027	0.140206
38497	11.645373	0.099196	-1.098734	1.310656	2.930403	1.381811	0.166233	0.097256	0.981279	-0.049380	0.994697	-0.090220	-0.984849	-0.033458	0.170154
38498	9.964392	0.368078	0.225085	0.963687	2.983481	1.135966	0.195008	0.109722	0.974645	-0.061016	0.993155	-0.099598	-0.978902	-0.040046	0.200368
38499	5.834738	-0.632834	2.394222	0.910517	2.760940	0.885134	0.221361	0.119667	0.967822	-0.071755	0.991751	-0.106214	-0.972548	-0.045935	0.228122
38500	3.379607	-0.498918	3.739273	0.881741	1.793847	0.513691	0.238440	0.125700	0.962988	-0.081600	0.990675	-0.109110	-0.967723	-0.052564	0.246474
38501	2.822630	-0.471708	3.310442	0.438377	1.020909	0.131303	0.248195	0.127526	0.960279	-0.086166	0.990274	-0.109238	-0.964870	-0.055632	0.256769
38502	2.305620	-1.646691	2.597333	0.017698	0.250633	-0.134816	0.250773	0.126377	0.959761	-0.086095	0.990425	-0.107919	-0.964210	-0.055568	0.259252
38503	3.777692	-1.608261	-0.754451	0.202029	-0.589601	-0.381922	0.245415	0.122230	0.961682	-0.087108	0.990787	-0.103700	-0.965497	-0.058320	0.253801
38504	4.955482	1.125577	-3.227809	0.359016	-1.144799	-0.504181	0.234833	0.116591	0.965018	-0.089470	0.991159	-0.097977	-0.967909	-0.063332	0.243188
38505	5.153240	3.175141	-4.786921	-0.239217	-1.351130	-0.551710	0.222217	0.110243	0.968745	-0.085902	0.991937	-0.093178	-0.971206	-0.062511	0.229895
38506	6.737362	1.197826	-3.226780	-1.108453	-1.319116	-0.637609	0.209921	0.103177	0.972259	-0.073809	0.993251	-0.089468	-0.974928	-0.052981	0.216120
38507	10.130068	-3.340599	-0.215223	-1.353757	-0.907754	-0.631110	0.201478	0.096453	0.974733	-0.059307	0.994515	-0.086151	-0.977696	-0.040450	0.206093
38508	10.012222	-3.473001	1.893506	-0.180664	-0.586125	-0.489357	0.196055	0.091376	0.976326	-0.056643	0.995042	-0.081753	-0.978956	-0.039274	0.200258
38509	7.934499	-2.586668	1.594430	0.394466	-0.552241	-0.558082	0.190969	0.085566	0.977860	-0.059440	0.995373	-0.075490	-0.979795	-0.043708	0.195171
38510	9.859125	-1.550027	4.782028	0.766044	-0.776419	-0.588359	0.183751	0.079377	0.979763	-0.065940	0.995484	-0.068283	-0.980759	-0.052059	0.188156
38511	13.036415	0.672108	6.564104	0.026845	-0.951111	-0.497823	0.174741	0.073893	0.981838	-0.065325	0.995853	-0.063321	-0.982445	-0.053074	0.178843
38512	14.240721	3.144128	2.574608	-1.148227	-1.793675	-0.279310	0.157284	0.070286	0.985049	-0.053653	0.996599	-0.062543	-0.986095	-0.043014	0.160521
38513	15.065811	2.962828	2.920532	-2.189500	-2.621164	-0.440121	0.131559	0.065005	0.989175	-0.031388	0.997620	-0.061386	-0.990811	-0.022973	0.133286
38514	18.841161	-4.440496	-0.716932	-2.292068	-1.815237	-0.732870	0.113720	0.057469	0.991849	-0.007786	0.998346	-0.056953	-0.993482	-0.001245	0.113979
38515	15.968825	-5.501680	-4.100338	-0.541573	-1.080156	-0.806142	0.103017	0.049405	0.993452	-0.001544	0.998772	-0.049509	-0.994678	0.003566	0.102967
38516	10.173385	-2.068124	-2.732065	0.138385	-0.653055	-1.058776	0.096562	0.038878	0.994567	-0.001974	0.999242	-0.038869	-0.995325	0.001790	0.096565
38517	7.683615	0.391834	-4.076763	0.915589	-0.985030	-1.169659	0.086821	0.027132	0.995854	-0.010035	0.999602	-0.026359	-0.996173	-0.007705	0.087059
38518	7.829879	3.262307	-4.550674	1.116975	-1.216684	-1.134749	0.074887	0.015650	0.997069	-0.020326	0.999693	-0.014165	-0.996985	-0.019206	0.075182
38519	8.849012	4.220007	-3.882239	0.488595	-1.162637	-1.013922	0.063517	0.005235	0.997967	-0.024515	0.999693	-0.003683	-0.997680	-0.024231	0.063626
38520	9.508733	4.334413	-3.403681	0.114532	-0.968180	-0.895731	0.054090	-0.003966	0.998528	-0.025150	0.999669	0.005333	-0.998219	-0.025401	0.053972
38521	9.963675	3.444913	-2.449011	-0.263077	-0.840168	-0.799795	0.045888	-0.012191	0.998872	-0.022141	0.999667	0.013218	-0.998701	-0.022723	0.045603
38522	10.495810	2.050051	-1.511027	-0.331643	-0.779489	-0.713353	0.038247	-0.019515	0.999078	-0.018542	0.999623	0.020236	-0.999096	-0.019299	0.037871
38523	10.439260	1.240099	-1.443615	-0.180821	-0.734289	-0.641954	0.031020	-0.026093	0.999178	-0.016531	0.999509	0.026615	-0.999382	-0.017343	0.030574
38524	10.417221	1.388469	-1.000742	-0.066536	-0.734445	-0.616084	0.023777	-0.032411	0.999192	-0.015707	0.999339	0.032790	-0.999594	-0.016474	0.023252
38525	10.326767	1.050409	-0.881370	-0.123109	-0.653225	-0.605160	0.017336	-0.038588	0.999105	-0.014371	0.999142	0.038839	-0.999746	-0.015031	0.016766
38526	9.914555	0.137707	-0.675660	-0.142646	-0.619495	-0.624579	0.011219	-0.044961	0.998926	-0.012850	0.998900	0.045104	-0.999854	-0.013342	0.010629
38527	9.600249	-0.514668	-0.279177	0.057831	-0.606802	-0.654600	0.005235	-0.051607	0.998654	-0.013394	0.998574	0.051673	-0.999897	-0.013646	0.004536
38528	9.435244	-0.409955	-0.182386	0.321878	-0.599472	-0.675222	-0.000652	-0.058469	0.998289	-0.016621	0.998152	0.058451	-0.999862	-0.016554	-0.001622
38529	9.309197	0.299568	-0.035648	0.488268	-0.580963	-0.670477	-0.006334	-0.065297	0.997846	-0.021545	0.997643	0.065146	-0.999748	-0.021086	-0.007726
38530	9.301700	0.995163	-0.312926	0.588363	-0.582478	-0.656453	-0.011993	-0.072009	0.997332	-0.027534	0.997049	0.071657	-0.999549	-0.026601	-0.013941
38531	9.539226	1.471018	-0.535619	0.655000	-0.579304	-0.649976	-0.017584	-0.078686	0.996744	-0.034196	0.996363	0.078053	-0.999260	-0.032712	-0.020211
38532	9.552754	1.496360	-0.391229	0.636962	-0.535541	-0.644206	-0.022702	-0.085331	0.996094	-0.040698	0.995604	0.084362	-0.998914	-0.038624	-0.026075
38533	9.720551	1.912514	-0.480291	0.702126	-0.538623	-0.605615	-0.027814	-0.091611	0.995406	-0.047883	0.994771	0.090214	-0.998466	-0.045154	-0.032055
38534	9.888265	1.894753	-0.721268	0.456185	-0.497848	-0.563722	-0.032515	-0.097499	0.994704	-0.052574	0.994020	0.095714	-0.998088	-0.049183	-0.037446
38535	9.828912	1.278883	-0.518646	0.392748	-0.480531	-0.549751	-0.037010	-0.103233	0.993968	-0.056704	0.993264	0.101049	-0.997705	-0.052622	-0.042615
38536	9.640836	1.361177	-0.109854	0.448318	-0.502009	-0.527833	-0.041700	-0.108780	0.993191	-0.061465	0.992452	0.106118	-0.997238	-0.056621	-0.048072
38537	9.543055	1.360957	0.158873	0.383358	-0.531319	-0.490627	-0.046687	-0.113983	0.992385	-0.065525	0.991678	0.110820	-0.996758	-0.059852	-0.053767
38538	9.470171	1.294297	0.400585	0.386286	-0.558817	-0.472129	-0.051946	-0.119050	0.991528	-0.069619	0.990885	0.115326	-0.996220	-0.063039	-0.059761
38539	9.428288	1.320659	0.475015	0.417570	-0.580082	-0.463863	-0.057391	-0.124047	0.990615	-0.074052	0.990046	0.119686	-0.995602	-0.066489	-0.066006
38540	9.323659	1.542611	0.623448	0.436129	-0.621605	-0.459131	-0.063237	-0.129058	0.989619	-0.078683	0.989161	0.123971	-0.994892	-0.070027	-0.072706
38541	9.548303	1.519469	0.665695	0.408188	-0.676317	-0.451191	-0.069598	-0.134031	0.988530	-0.083063	0.988271	0.128147	-0.994111	-0.073192	-0.079915
38542	9.500832	1.598684	0.418057	0.355553	-0.716554	-0.424894	-0.076358	-0.138804	0.987372	-0.086918	0.987420	0.132089	-0.993285	-0.075735	-0.087462
38543	9.847342	0.663196	-0.011672	0.343028	-0.719848	-0.462587	-0.083094	-0.143950	0.986090	-0.090714	0.986497	0.136365	-0.992404	-0.078121	-0.095031
38544	9.486778	0.467744	-0.670683	0.670581	-0.709763	-0.475577	-0.089683	-0.149252	0.984724	-0.097798	0.985249	0.140425	-0.991157	-0.083710	-0.102957
38545	9.607689	1.396813	-1.172444	0.928107	-0.750751	-0.466013	-0.096639	-0.154526	0.983251	-0.107445	0.983722	0.144039	-0.989503	-0.091726	-0.111669
38546	9.890643	2.046191	-1.810928	0.941615	-0.704388	-0.450081	-0.103092	-0.159661	0.981774	-0.117259	0.982101	0.147402	-0.987736	-0.099926	-0.119968
38547	9.442045	2.448681	-2.250835	0.821743	-0.635368	-0.424137	-0.108846	-0.164508	0.980352	-0.125840	0.980557	0.150570	-0.986061	-0.106978	-0.127431
38548	9.247438	2.745111	-2.042747	0.693547	-0.662160	-0.402440	-0.114856	-0.169217	0.978863	-0.133129	0.979118	0.153640	-0.984421	-0.112669	-0.134986
38549	9.175104	2.735393	-1.514997	0.418189	-0.693160	-0.328396	-0.121230	-0.173249	0.977389	-0.137653	0.978071	0.156296	-0.983034	-0.115593	-0.142419
38550	9.504015	2.356880	-1.576720	0.275526	-0.670435	-0.293064	-0.127405	-0.176942	0.975940	-0.140747	0.977227	0.158802	-0.981814	-0.117128	-0.149407
38551	9.317292	1.807331	-1.393153	0.143915	-0.658354	-0.281806	-0.133465	-0.180494	0.974479	-0.142549	0.976547	0.161353	-0.980748	-0.117376	-0.156064
38552	8.561722	1.366601	-1.412241	0.282673	-0.664346	-0.222702	-0.139652	-0.183504	0.973049	-0.145663	0.975795	0.163116	-0.979428	-0.118957	-0.163001
38553	10.200355	0.077211	-0.981290	0.460185	-0.722475	-0.260431	-0.146335	-0.186941	0.971411	-0.150561	0.974750	0.164903	-0.977710	-0.122125	-0.170786
38554	11.084754	-0.132079	-1.053134	0.939237	-0.535828	-0.387110	-0.150971	-0.191428	0.969826	-0.160381	0.972816	0.167052	-0.975441	-0.130321	-0.177569
38555	9.750908	1.860414	-1.147393	1.202945	-0.428527	-0.416053	-0.154451	-0.196079	0.968348	-0.172757	0.970369	0.168934	-0.972779	-0.141197	-0.183748
38556	7.791160	3.636991	-0.181012	0.611986	-0.594203	-0.247661	-0.159790	-0.199366	0.966809	-0.179108	0.968993	0.170214	-0.970766	-0.145964	-0.190544
38557	8.598030	3.230086	-0.818137	0.243526	-0.785300	-0.215948	-0.167015	-0.202634	0.964907	-0.181846	0.968194	0.171849	-0.969040	-0.146763	-0.198551
38558	8.762480	3.309395	-1.552574	-0.002419	-0.874547	-0.203923	-0.175111	-0.205926	0.962772	-0.182191	0.967771	0.173858	-0.967545	-0.144964	-0.206985
38559	9.105529	2.637372	-1.996027	-0.114776	-0.917983	-0.204400	-0.183612	-0.209248	0.960470	-0.181471	0.967502	0.176088	-0.966103	-0.141966	-0.215618
38560	9.140721	2.673716	-2.277627	0.027199	-0.953888	-0.243368	-0.192378	-0.212997	0.957926	-0.182238	0.966934	0.178402	-0.964251	-0.140250	-0.224833
38561	9.258950	2.764455	-2.310037	-0.100172	-0.971548	-0.235315	-0.201307	-0.216647	0.955269	-0.181760	0.966559	0.180904	-0.962517	-0.137213	-0.233953
38562	9.537489	2.150727	-2.471727	-0.178693	-0.936572	-0.206614	-0.209942	-0.219966	0.952649	-0.180478	0.966338	0.183353	-0.960912	-0.133438	-0.242574
38563	9.383540	1.938868	-2.347239	-0.165428	-0.931781	-0.183447	-0.218556	-0.222991	0.950004	-0.179307	0.966141	0.185528	-0.959209	-0.129794	-0.251139
38564	9.338443	1.813924	-1.989659	-0.242523	-0.964002	-0.172236	-0.227491	-0.225931	0.947208	-0.177394	0.966051	0.187821	-0.957486	-0.125301	-0.259847
38565	9.523525	1.308908	-1.508480	-0.267313	-0.974240	-0.179146	-0.236493	-0.228886	0.944289	-0.175277	0.965964	0.190242	-0.955693	-0.120522	-0.268562
38566	9.504817	1.218126	-1.175391	-0.144090	-0.986675	-0.189603	-0.245586	-0.231944	0.941217	-0.174425	0.965678	0.192460	-0.953553	-0.116906	-0.277614
38567	9.393642	1.270605	-1.441817	-0.048849	-0.992941	-0.207246	-0.254678	-0.235119	0.938008	-0.174503	0.965242	0.194566	-0.951151	-0.114134	-0.286855
38568	9.352970	1.461300	-1.527205	0.116172	-1.037376	-0.227406	-0.264132	-0.238529	0.934526	-0.176235	0.964559	0.196384	-0.948249	-0.112825	-0.296808
38569	9.465770	1.894576	-1.546285	0.173130	-1.085465	-0.226750	-0.274003	-0.241962	0.930794	-0.178510	0.963811	0.197996	-0.945017	-0.111905	-0.307279
38570	9.552450	1.805250	-1.347715	0.119416	-1.135353	-0.225939	-0.284304	-0.245436	0.926786	-0.180312	0.963115	0.199744	-0.941626	-0.110323	-0.318073
38571	9.648964	1.377695	-1.002624	0.084005	-1.204663	-0.238443	-0.295192	-0.249074	0.922401	-0.181819	0.962425	0.201695	-0.937979	-0.108171	-0.329386
38572	9.779266	1.143797	-0.879955	0.102478	-1.274629	-0.250402	-0.306657	-0.252888	0.917610	-0.183560	0.961674	0.203688	-0.933952	-0.105974	-0.341325
38573	9.754832	0.772600	-0.844851	0.060364	-1.335147	-0.271174	-0.318596	-0.256918	0.912409	-0.184996	0.960911	0.205978	-0.929663	-0.103168	-0.353672
38574	9.581782	0.494667	-0.661301	0.110274	-1.428195	-0.306939	-0.331255	-0.261354	0.906622	-0.187045	0.959992	0.208398	-0.924816	-0.100546	-0.366887
38575	9.770426	0.449668	-0.272735	0.149438	-1.551499	-0.340746	-0.344917	-0.266189	0.900098	-0.189602	0.958936	0.210934	-0.919284	-0.097905	-0.381223
38576	9.974447	0.420690	0.210347	0.106041	-1.651411	-0.371404	-0.359312	-0.271359	0.892894	-0.191918	0.957826	0.213862	-0.913270	-0.094519	-0.396237
38577	10.140306	0.083416	0.551387	0.058226	-1.776441	-0.426149	-0.374653	-0.277105	0.884787	-0.194040	0.956594	0.217431	-0.906633	-0.090223	-0.412160
38578	10.262404	-0.164333	1.071745	0.069948	-1.926452	-0.492062	-0.391052	-0.283526	0.875609	-0.196602	0.955142	0.221476	-0.899125	-0.085538	-0.429252
38579	10.407191	-0.358592	1.176435	0.078849	-2.081791	-0.541330	-0.408607	-0.290445	0.865264	-0.199500	0.953514	0.225858	-0.890640	-0.080333	-0.447556
38580	10.875529	-0.051611	2.133262	0.122134	-2.278075	-0.598639	-0.427532	-0.297935	0.853493	-0.203157	0.951645	0.230433	-0.880877	-0.074875	-0.467386
38581	11.998006	0.562581	2.571291	0.056537	-2.505114	-0.606813	-0.448216	-0.305519	0.840096	-0.206338	0.949764	0.235315	-0.869786	-0.067872	-0.488739
38582	13.620423	-0.284650	2.753059	-0.466276	-2.664330	-0.610960	-0.469917	-0.312975	0.825363	-0.205202	0.948149	0.242704	-0.858528	-0.055315	-0.509774
38583	14.755044	-1.726693	2.321056	-0.792072	-2.753155	-0.690003	-0.491987	-0.320837	0.809328	-0.201796	0.946327	0.252476	-0.846892	-0.039104	-0.530325
38584	15.041101	-1.938426	1.003854	-0.809366	-2.896925	-0.807986	-0.514627	-0.329383	0.791622	-0.199188	0.943935	0.263269	-0.833956	-0.022196	-0.551384
38585	14.395874	-0.477639	-0.870797	-0.387288	-3.054219	-0.935198	-0.537992	-0.338690	0.771916	-0.200940	0.940861	0.272770	-0.818650	-0.008361	-0.574232
38586	13.920110	2.062743	-2.573492	-0.006209	-3.199753	-1.026074	-0.561702	-0.348450	0.750382	-0.206697	0.937324	0.280536	-0.801104	0.002476	-0.598520
38587	13.923345	4.712908	-5.572994	0.378270	-3.281301	-1.041005	-0.585467	-0.358002	0.727368	-0.215693	0.933662	0.285924	-0.781476	0.010511	-0.623846
38588	14.442896	7.203548	-8.211697	0.663673	-3.313568	-1.142167	-0.608354	-0.368246	0.703065	-0.227803	0.929589	0.289777	-0.760271	0.016127	-0.649406
38589	15.721308	7.318207	-10.875288	0.626281	-3.242058	-0.993285	-0.630334	-0.376863	0.678715	-0.238682	0.925999	0.292502	-0.738722	0.022377	-0.673639
