// General information: 
//  MT Manager version: 2022.2.0 
//  XDA version: 2022.2.0 build 7381 rev 124627 built on 2023-07-19
// Device information: 
//  DeviceId: 00B4CB9F
//  ProductCode: MTW2-3A7G6
//  Firmware Version: 4.6.0
//  Hardware Version: 2.0.0
// Device settings: 
//  Filter Profile: human(46.1)
//  Option Flags: Orientation Smoother Disabled, Position/Velocity Smoother Disabled, Continuous Zero Rotation Update Disabled, AHS Disabled, ICC Disabled
// Coordinate system: ENU
PacketCounter	Acc_X	Acc_Y	Acc_Z	Gyr_X	Gyr_Y	Gyr_Z	Mat[1][1]	Mat[2][1]	Mat[3][1]	Mat[1][2]	Mat[2][2]	Mat[3][2]	Mat[1][3]	Mat[2][3]	Mat[3][3]
45869	9.510655	-2.510605	1.361263	0.106518	-0.057486	0.104539	0.255985	-0.003758	0.966673	0.934361	0.257376	-0.246428	-0.247873	0.966304	0.069396
45870	9.524597	-2.628045	1.418366	0.115209	-0.056172	0.124816	0.257040	-0.002828	0.966397	0.933732	0.258534	-0.247596	-0.249147	0.965998	0.069094
45871	9.416381	-2.623811	1.382432	0.126598	-0.048219	0.141186	0.258268	-0.001959	0.966071	0.933035	0.259790	-0.248909	-0.250488	0.965663	0.068923
45872	9.389677	-2.588024	1.353123	0.137949	-0.056805	0.142704	0.259485	-0.000973	0.965747	0.932296	0.261165	-0.250234	-0.251975	0.965294	0.068675
45873	9.337890	-2.516796	1.382788	0.152742	-0.058859	0.131988	0.260597	-0.000019	0.965448	0.931548	0.262671	-0.251441	-0.253590	0.964886	0.068469
45874	9.363752	-2.493318	1.413666	0.151141	-0.060771	0.125524	0.261640	0.000963	0.965165	0.930813	0.264169	-0.252591	-0.255210	0.964476	0.068220
45875	9.315977	-2.440940	1.405812	0.128925	-0.057225	0.124617	0.262682	0.001883	0.964881	0.930140	0.265434	-0.253742	-0.256589	0.964127	0.067973
45876	9.300674	-2.414220	1.285233	0.101716	-0.054609	0.128055	0.263760	0.002815	0.964584	0.929518	0.266452	-0.254949	-0.257733	0.963844	0.067663
45877	9.235934	-2.356046	1.173971	0.074067	-0.064602	0.125113	0.264786	0.003811	0.964300	0.928978	0.267191	-0.256143	-0.258628	0.963636	0.067208
45878	9.170014	-2.309614	1.147803	0.059542	-0.089100	0.117436	0.265674	0.005050	0.964050	0.928489	0.267800	-0.257277	-0.259472	0.963461	0.066459
45879	9.023145	-2.376488	1.143675	0.051448	-0.103697	0.104894	0.266409	0.006371	0.963839	0.928056	0.268322	-0.258292	-0.260265	0.963308	0.065571
45880	9.517394	-2.395384	1.276819	0.044152	-0.138942	0.097177	0.266976	0.008036	0.963670	0.927659	0.268780	-0.259241	-0.261099	0.963168	0.064303
45881	9.527059	-2.381516	1.528654	0.061482	-0.120305	0.100423	0.267623	0.009502	0.963477	0.927210	0.269395	-0.260206	-0.262028	0.962983	0.063286
45882	9.488649	-2.279220	1.567215	0.034124	-0.115413	0.094868	0.268227	0.010935	0.963294	0.926843	0.269754	-0.261140	-0.262708	0.962867	0.062220
45883	9.339722	-2.202482	1.676091	-0.012942	-0.103651	0.089936	0.268817	0.012209	0.963114	0.926620	0.269640	-0.262049	-0.262893	0.962884	0.061171
45884	9.255247	-2.127479	1.579469	-0.072116	-0.120270	0.090324	0.269365	0.013676	0.962941	0.926543	0.268974	-0.263004	-0.262603	0.963050	0.059781
45885	9.553068	-2.193135	1.650389	-0.149947	-0.119592	0.102640	0.270033	0.015141	0.962732	0.926638	0.267553	-0.264117	-0.261581	0.963424	0.058217
45886	9.365617	-2.291891	1.539519	-0.217004	-0.117590	0.124486	0.270908	0.016672	0.962461	0.926844	0.265482	-0.265481	-0.259942	0.963972	0.056469
45887	9.388595	-2.509614	1.522419	-0.263379	-0.112415	0.147034	0.272010	0.018182	0.962123	0.927107	0.262946	-0.267079	-0.257843	0.964639	0.054667
45888	9.492701	-2.782503	1.538442	-0.288390	-0.095322	0.168083	0.273351	0.019607	0.961714	0.927366	0.260171	-0.268893	-0.255483	0.965363	0.052935
45889	9.334328	-2.920255	1.559127	-0.290727	-0.070807	0.193090	0.274994	0.020832	0.961220	0.927552	0.257370	-0.270940	-0.253034	0.966088	0.051452
45890	9.122770	-2.794551	1.434763	-0.309928	-0.067517	0.209982	0.276801	0.022088	0.960673	0.927729	0.254370	-0.273157	-0.250400	0.966855	0.049918
45891	9.115576	-2.798685	1.456276	-0.351740	-0.074464	0.212222	0.278617	0.023385	0.960118	0.927992	0.250963	-0.275407	-0.247394	0.967714	0.048221
45892	9.381583	-2.712560	1.540665	-0.406101	-0.060804	0.210736	0.280452	0.024564	0.959554	0.928377	0.247020	-0.277664	-0.243850	0.968699	0.046473
45893	9.208524	-2.646693	1.388189	-0.438611	-0.021669	0.197572	0.282268	0.025299	0.959002	0.928858	0.242766	-0.279799	-0.239892	0.969755	0.045026
45894	9.105685	-2.556097	1.263107	-0.454817	-0.002585	0.176429	0.283930	0.025813	0.958498	0.929417	0.238348	-0.281734	-0.235728	0.970837	0.043683
45895	9.182200	-2.582493	1.148888	-0.464566	0.026534	0.150435	0.285424	0.025951	0.958050	0.930050	0.233843	-0.283417	-0.231388	0.971928	0.042608
45896	9.232298	-2.705422	1.101645	-0.453706	0.046589	0.119852	0.286676	0.025840	0.957679	0.930724	0.229440	-0.284798	-0.227089	0.972980	0.041725
45897	9.223614	-2.991531	0.977303	-0.453330	0.071971	0.109649	0.287893	0.025429	0.957325	0.931405	0.225045	-0.286076	-0.222716	0.974016	0.041104
45898	9.172860	-3.231319	0.812092	-0.445756	0.085414	0.115724	0.289190	0.024919	0.956947	0.932032	0.220712	-0.287408	-0.218372	0.975021	0.040602
45899	9.000231	-3.284762	0.548397	-0.406311	0.072554	0.117417	0.290477	0.024508	0.956568	0.932547	0.216767	-0.288736	-0.214429	0.975916	0.040111
45900	8.961983	-3.289634	0.016255	-0.399422	0.019361	0.112909	0.291602	0.024626	0.956223	0.933045	0.212880	-0.290016	-0.210702	0.976768	0.039099
45901	8.725729	-3.084363	-0.724833	-0.439200	-0.046563	0.112932	0.292594	0.025359	0.955900	0.933609	0.208606	-0.291305	-0.206794	0.977671	0.037362
45902	9.329805	-2.408543	-1.227233	-0.524319	-0.173170	0.106576	0.293267	0.027336	0.955640	0.934347	0.203489	-0.292553	-0.202460	0.978695	0.034135
45903	9.442086	-1.960676	-1.321664	-0.520791	-0.200237	0.096927	0.293807	0.029531	0.955408	0.935083	0.198409	-0.293690	-0.198235	0.979674	0.030680
45904	9.419529	-1.796043	-1.290750	-0.505983	-0.262724	0.062438	0.293908	0.032292	0.955288	0.935871	0.193470	-0.294474	-0.194329	0.980575	0.026641
45905	9.567892	-1.989007	-1.153061	-0.494618	-0.291473	0.035872	0.293719	0.035260	0.955241	0.936695	0.188653	-0.294980	-0.190610	0.981411	0.022383
45906	9.478716	-2.322710	-1.121265	-0.498317	-0.307627	0.016767	0.293327	0.038375	0.955242	0.937565	0.183794	-0.295283	-0.186899	0.982215	0.017933
45907	9.779293	-2.535310	-0.902021	-0.488275	-0.350380	-0.001683	0.292699	0.041855	0.955288	0.938451	0.179044	-0.295385	-0.183402	0.982950	0.013127
45908	9.678820	-2.899688	-0.651210	-0.426337	-0.351556	-0.021299	0.291892	0.045337	0.955376	0.939268	0.174901	-0.295271	-0.180483	0.983542	0.008469
45909	9.566065	-2.910312	-0.464196	-0.413128	-0.367573	-0.033928	0.290951	0.048935	0.955486	0.940085	0.170900	-0.295015	-0.177729	0.984072	0.003720
45910	9.292928	-2.937800	-0.550764	-0.422087	-0.371332	-0.045628	0.289901	0.052576	0.955611	0.940941	0.166808	-0.294628	-0.174894	0.984587	-0.001113
45911	9.478464	-2.668468	-0.538285	-0.445981	-0.412904	-0.033528	0.288906	0.056628	0.955681	0.941790	0.162480	-0.294334	-0.171947	0.985085	-0.006390
45912	9.548214	-2.322317	-0.470224	-0.492536	-0.402583	-0.027485	0.287995	0.060613	0.955712	0.942687	0.157682	-0.294071	-0.168523	0.985628	-0.011727
45913	9.395867	-1.962074	-0.349931	-0.616914	-0.420256	-0.035064	0.287003	0.064743	0.955739	0.943792	0.151668	-0.293689	-0.163969	0.986309	-0.017574
45914	9.528214	-2.083562	-0.349548	-0.758451	-0.412275	-0.053923	0.285864	0.068792	0.955798	0.945148	0.144259	-0.293061	-0.158043	0.987146	-0.023781
45915	9.352622	-2.443865	-0.549975	-0.876310	-0.410912	-0.065838	0.284644	0.072799	0.955865	0.946669	0.135698	-0.292240	-0.150984	0.988072	-0.030291
45916	9.389137	-2.963507	-0.770196	-0.948298	-0.414834	-0.063876	0.283463	0.076877	0.955897	0.948226	0.126410	-0.291355	-0.143233	0.988995	-0.037064
45917	9.326000	-3.391659	-1.050584	-0.979648	-0.432085	-0.057235	0.282357	0.081122	0.955873	0.949732	0.116808	-0.290456	-0.135216	0.989836	-0.044063
45918	9.278149	-3.615122	-1.187653	-0.955245	-0.440756	-0.050106	0.281338	0.085490	0.955793	0.951109	0.107430	-0.289568	-0.127436	0.990530	-0.051086
45919	9.257568	-3.769659	-1.337406	-0.908656	-0.458596	-0.064580	0.280195	0.090007	0.955714	0.952396	0.098529	-0.288502	-0.120132	0.991055	-0.058115
45920	9.110544	-3.959621	-1.428633	-0.808516	-0.457065	-0.082769	0.278909	0.094518	0.955655	0.953556	0.090629	-0.287260	-0.113761	0.991389	-0.064851
45921	9.041193	-3.898119	-1.453179	-0.701203	-0.453645	-0.108109	0.277414	0.098960	0.955640	0.954617	0.083825	-0.285798	-0.108389	0.991554	-0.071215
45922	8.990978	-3.773334	-1.551778	-0.579618	-0.450994	-0.131082	0.275721	0.103384	0.955662	0.955578	0.078248	-0.284161	-0.104156	0.991559	-0.077217
45923	9.060722	-3.728944	-1.457781	-0.447759	-0.444329	-0.161487	0.273762	0.107705	0.955748	0.956463	0.074022	-0.282309	-0.101152	0.991423	-0.082752
45924	8.996502	-3.741102	-1.410632	-0.329106	-0.429546	-0.187011	0.271581	0.111886	0.955890	0.957286	0.071001	-0.280288	-0.099230	0.991181	-0.087824
45925	8.954216	-3.751637	-1.344427	-0.220649	-0.422906	-0.203001	0.269261	0.115973	0.956059	0.958036	0.069088	-0.278199	-0.098315	0.990847	-0.092504
45926	9.073318	-3.671529	-1.219437	-0.103373	-0.430670	-0.212565	0.266839	0.120151	0.956222	0.958691	0.068351	-0.276116	-0.098534	0.990400	-0.096949
45927	9.120416	-3.521941	-1.124765	-0.003932	-0.426025	-0.227941	0.264273	0.124251	0.956411	0.959283	0.068631	-0.273983	-0.099682	0.989874	-0.101055
45928	9.066254	-3.283643	-1.065563	0.059877	-0.435951	-0.230015	0.261666	0.128464	0.956571	0.959811	0.069550	-0.271893	-0.101458	0.989272	-0.105103
45929	9.085883	-3.014896	-0.945256	0.068912	-0.452650	-0.237723	0.258963	0.132812	0.956713	0.960342	0.070581	-0.269744	-0.103351	0.988625	-0.109267
45930	9.176323	-2.867077	-0.733579	0.058406	-0.470820	-0.246828	0.256139	0.137348	0.956832	0.960901	0.071527	-0.267496	-0.105180	0.987937	-0.113657
45931	9.200265	-2.830581	-0.441199	0.042319	-0.483784	-0.260934	0.253161	0.141976	0.956949	0.961503	0.072348	-0.265100	-0.106871	0.987223	-0.118194
45932	9.206570	-2.795506	-0.163743	0.000215	-0.493938	-0.258561	0.250181	0.146721	0.957017	0.962137	0.072759	-0.262674	-0.108171	0.986498	-0.122963
45933	9.179401	-2.779229	-0.014046	-0.070524	-0.509312	-0.259289	0.247176	0.151593	0.957039	0.962842	0.072487	-0.260157	-0.108811	0.985782	-0.128042
45934	9.156246	-2.730591	0.122704	-0.149744	-0.510817	-0.256646	0.244187	0.156499	0.957017	0.963619	0.071442	-0.257554	-0.108678	0.985091	-0.133361
45935	9.116634	-2.578677	0.121801	-0.240110	-0.537030	-0.260478	0.241138	0.161641	0.956935	0.964494	0.069529	-0.254787	-0.107719	0.984397	-0.139136
45936	9.324656	-2.660626	0.229732	-0.334411	-0.549974	-0.270899	0.237975	0.166926	0.956820	0.965485	0.066717	-0.251769	-0.105863	0.983710	-0.145288
45937	9.433654	-3.102273	0.434867	-0.407065	-0.549729	-0.277295	0.234765	0.172188	0.956680	0.966550	0.063221	-0.248566	-0.103282	0.983033	-0.151587
45938	9.470513	-3.585901	0.726516	-0.449961	-0.536525	-0.264014	0.231704	0.177356	0.956482	0.967608	0.059294	-0.245394	-0.100236	0.982359	-0.157873
45939	9.587333	-3.889674	1.041663	-0.471195	-0.504476	-0.233323	0.228993	0.182212	0.956222	0.968594	0.055122	-0.242459	-0.096888	0.981713	-0.163867
45940	9.703690	-3.937142	1.206987	-0.487616	-0.446753	-0.197079	0.226697	0.186549	0.955933	0.969493	0.050733	-0.239813	-0.093234	0.981135	-0.169357
45941	10.045046	-3.808193	1.538772	-0.497935	-0.367803	-0.170388	0.224755	0.190108	0.955690	0.970316	0.046203	-0.237386	-0.089285	0.980675	-0.174080
45942	10.099812	-3.543200	1.706490	-0.540155	-0.234927	-0.136969	0.223261	0.192408	0.955580	0.971079	0.041202	-0.235178	-0.084621	0.980450	-0.177645
45943	9.888761	-3.467710	1.642318	-0.559905	-0.117128	-0.105897	0.222183	0.193548	0.955601	0.971759	0.035950	-0.233221	-0.079493	0.980432	-0.180094
45944	9.621560	-3.793612	1.365017	-0.546660	-0.019892	-0.092991	0.221304	0.193767	0.955761	0.972372	0.030803	-0.231395	-0.074277	0.980564	-0.181597
45945	9.350921	-4.145975	0.851696	-0.510258	0.042241	-0.087525	0.220531	0.193359	0.956022	0.972917	0.026001	-0.229687	-0.069270	0.980784	-0.182388
45946	9.085086	-4.015580	0.187323	-0.501256	0.068519	-0.093573	0.219707	0.192720	0.956341	0.973445	0.021298	-0.227928	-0.064294	0.981023	-0.182923
45947	8.858866	-3.546244	-0.358410	-0.543901	0.064584	-0.113848	0.218688	0.192094	0.956700	0.974015	0.016213	-0.225901	-0.058905	0.981243	-0.183557
45948	8.592067	-2.835016	-0.825843	-0.653286	0.026483	-0.136441	0.217415	0.191871	0.957035	0.974664	0.010097	-0.223444	-0.052535	0.981368	-0.184814
45949	7.997870	-2.172401	-1.203343	-0.766443	-0.062024	-0.170044	0.215778	0.192496	0.957280	0.975394	0.002934	-0.220451	-0.045244	0.981293	-0.187127
45950	9.418659	-2.593738	-0.918332	-0.918984	-0.131146	-0.226080	0.213560	0.193840	0.957506	0.976244	-0.005614	-0.216603	-0.036611	0.981017	-0.190434
45951	9.266336	-3.029126	-1.242182	-0.879337	-0.142570	-0.261540	0.211012	0.195291	0.957776	0.977072	-0.013699	-0.212470	-0.028373	0.980650	-0.193704
45952	9.663329	-3.771007	-1.247521	-0.900074	-0.208895	-0.270042	0.208365	0.197441	0.957915	0.977845	-0.021960	-0.208174	-0.020066	0.980069	-0.197642
45953	10.065536	-3.980500	-1.261944	-0.872503	-0.197784	-0.265252	0.205793	0.199473	0.958050	0.978522	-0.029952	-0.203954	-0.011988	0.979445	-0.201353
45954	10.204138	-3.534073	-1.464139	-0.843613	-0.163230	-0.271441	0.203167	0.201216	0.958246	0.979136	-0.037636	-0.199693	-0.004117	0.978824	-0.204664
45955	10.654570	-2.833318	-1.704005	-0.840842	-0.104469	-0.285099	0.200430	0.202381	0.958577	0.979700	-0.045261	-0.195291	0.003863	0.978260	-0.207344
45956	11.117649	-2.233997	-1.938322	-0.805932	-0.049643	-0.276025	0.197774	0.203053	0.958986	0.980179	-0.052551	-0.191017	0.011609	0.977756	-0.209422
45957	10.971146	-2.108500	-2.197233	-0.692112	0.053492	-0.233309	0.195535	0.202684	0.959523	0.980523	-0.058816	-0.187391	0.018454	0.977476	-0.210237
45958	10.977594	-2.172345	-2.282255	-0.471530	0.147528	-0.214654	0.193445	0.201424	0.960212	0.980834	-0.062959	-0.184393	0.023313	0.977479	-0.209743
45959	11.263536	-2.793590	-1.759360	-0.173504	0.255838	-0.246331	0.191023	0.199103	0.961181	0.981255	-0.064134	-0.181728	0.025462	0.977878	-0.207622
45960	11.539222	-3.713651	-0.548617	0.148581	0.407124	-0.256107	0.188454	0.195333	0.962461	0.981771	-0.062143	-0.179623	0.024724	0.978766	-0.203483
45961	11.627750	-3.921211	0.553484	0.481720	0.554716	-0.210944	0.186313	0.190049	0.963934	0.982266	-0.056990	-0.178620	0.020988	0.980119	-0.197297
45962	11.232302	-3.393366	1.447205	0.771150	0.736482	-0.154616	0.184708	0.182958	0.965614	0.982683	-0.049104	-0.178669	0.014726	0.981894	-0.188859
45963	11.542620	-2.547369	2.230553	0.890695	0.919995	-0.087797	0.183800	0.173977	0.967445	0.982934	-0.040164	-0.179520	0.007624	0.983930	-0.178390
45964	10.429297	-1.650732	2.308764	0.998367	1.132648	-0.038169	0.183427	0.162886	0.969445	0.983033	-0.030231	-0.180919	-0.000162	0.986182	-0.165667
45965	10.002047	-0.939550	2.077779	0.960394	1.301265	-0.039256	0.183146	0.150071	0.971564	0.983059	-0.020657	-0.182122	-0.007262	0.988459	-0.151312
45966	9.606606	-0.327184	1.814009	0.942029	1.461566	-0.068700	0.182669	0.135672	0.973768	0.983076	-0.011201	-0.182855	-0.013901	0.990691	-0.135422
45967	9.394722	0.101365	1.533613	0.842307	1.590785	-0.121422	0.181795	0.119926	0.975996	0.983147	-0.002659	-0.182800	-0.019328	0.992779	-0.118388
45968	9.364722	0.040362	1.144651	0.727129	1.729757	-0.171926	0.180517	0.102790	0.978186	0.983294	0.004796	-0.181964	-0.023395	0.994692	-0.100207
45969	9.687453	-0.218485	0.715016	0.588959	1.824090	-0.204574	0.179009	0.084637	0.980200	0.983505	0.010888	-0.180552	-0.025954	0.996352	-0.081292
45970	9.580186	-0.715957	0.264938	0.503386	1.917114	-0.208612	0.177513	0.065550	0.981933	0.983733	0.016103	-0.178913	-0.027539	0.997719	-0.061625
45971	9.921478	-1.375633	-0.133583	0.414141	1.937519	-0.206664	0.176072	0.046194	0.983293	0.983972	0.020392	-0.177152	-0.028235	0.998724	-0.041863
45972	10.378229	-2.200593	-0.436887	0.406377	1.933956	-0.179004	0.174906	0.026888	0.984218	0.984161	0.024558	-0.175567	-0.028891	0.999337	-0.022167
45973	10.597462	-2.880508	-0.559561	0.403930	1.913833	-0.101394	0.174520	0.007757	0.984623	0.984210	0.028655	-0.174672	-0.029569	0.999559	-0.002634
45974	11.548742	-3.558256	-0.613083	0.351168	1.835576	0.009169	0.175199	-0.010531	0.984477	0.984080	0.032207	-0.174784	-0.029867	0.999426	0.016006
45975	11.105538	-4.236401	-1.037750	0.394795	1.767235	0.122590	0.176992	-0.028123	0.983810	0.983734	0.036218	-0.175943	-0.030684	0.998948	0.034076
45976	11.798160	-4.574625	-1.179054	0.367067	1.649838	0.250670	0.180013	-0.044446	0.982660	0.983163	0.040019	-0.178295	-0.031400	0.998210	0.050902
45977	11.536661	-4.413796	-1.198995	0.478666	1.590543	0.363727	0.184154	-0.060136	0.981056	0.982335	0.045027	-0.181634	-0.033251	0.997174	0.067365
45978	11.462853	-4.093369	-1.426867	0.603681	1.471015	0.425126	0.188884	-0.074533	0.979167	0.981321	0.051374	-0.185389	-0.036486	0.995894	0.082845
45979	10.793623	-3.863697	-1.637298	0.862624	1.390522	0.444824	0.193846	-0.088096	0.977068	0.980118	0.060362	-0.189009	-0.042326	0.994281	0.098045
45980	10.090546	-3.136917	-2.074657	1.143778	1.300750	0.447308	0.198877	-0.100662	0.974841	0.978695	0.072191	-0.192209	-0.051027	0.992298	0.112875
45981	9.402526	-1.981956	-1.995949	1.351590	1.163741	0.413047	0.203625	-0.111842	0.972640	0.977088	0.086068	-0.194659	-0.061942	0.989992	0.126805
45982	9.182249	-1.448637	-1.475934	1.452366	1.078229	0.340748	0.207725	-0.122126	0.970534	0.975388	0.100874	-0.196070	-0.073956	0.987375	0.140074
45983	9.243619	-1.292661	-1.051923	1.537914	0.983418	0.287084	0.211363	-0.131480	0.968524	0.973535	0.116443	-0.196649	-0.086922	0.984456	0.152612
45984	9.705847	-1.200460	-0.584883	1.591353	0.943738	0.254094	0.214757	-0.140379	0.966526	0.971489	0.132477	-0.196619	-0.100441	0.981195	0.164827
45985	9.757598	-0.772301	-0.407048	1.631323	0.961154	0.260651	0.218365	-0.149394	0.964364	0.969159	0.148874	-0.196388	-0.114229	0.977506	0.177296
45986	9.548497	-0.062703	-0.224276	1.563702	0.928986	0.270060	0.222139	-0.157973	0.962132	0.966660	0.164592	-0.196160	-0.127372	0.973629	0.189269
45987	9.286764	0.567837	-0.066646	1.430723	0.872267	0.249483	0.225755	-0.165987	0.959939	0.964177	0.178943	-0.195810	-0.139273	0.969757	0.200438
45988	9.061994	0.934458	0.147548	1.264091	0.813742	0.218266	0.229069	-0.173397	0.957842	0.961838	0.191598	-0.195340	-0.149649	0.966035	0.210669
45989	8.656650	1.063356	0.244116	1.075950	0.751206	0.190121	0.232095	-0.180231	0.955850	0.959726	0.202355	-0.194880	-0.158298	0.962585	0.219938
45990	8.271527	1.050533	0.258524	0.881585	0.677536	0.153641	0.234699	-0.186363	0.954036	0.957924	0.211159	-0.194407	-0.165223	0.959521	0.228080
45991	7.799630	1.130917	0.306431	0.703066	0.588075	0.095130	0.236637	-0.191757	0.952487	0.956501	0.218124	-0.193721	-0.170613	0.956897	0.235032
45992	7.412062	1.211844	0.274612	0.530028	0.511141	0.025171	0.237794	-0.196524	0.951227	0.955508	0.223288	-0.192733	-0.174521	0.954736	0.240877
45993	7.357978	1.150577	0.400046	0.352965	0.408019	-0.036005	0.238207	-0.200459	0.950302	0.954955	0.226634	-0.191567	-0.176970	0.953128	0.245415
45994	7.139606	0.938501	0.379966	0.167374	0.319423	-0.082147	0.238023	-0.203626	0.949674	0.954835	0.228112	-0.190406	-0.177861	0.952104	0.248725
45995	7.179333	0.639209	0.370288	-0.005448	0.214778	-0.115394	0.237341	-0.205895	0.949356	0.955100	0.227876	-0.189356	-0.177348	0.951672	0.250735
45996	7.281407	0.372807	0.358747	-0.166013	0.098261	-0.140488	0.236206	-0.207086	0.949380	0.955708	0.226056	-0.188472	-0.175583	0.951848	0.251310
45997	7.436678	0.077000	0.371106	-0.312757	-0.038507	-0.162162	0.234627	-0.207044	0.949780	0.956615	0.222795	-0.187748	-0.172735	0.952625	0.250335
45998	7.594834	-0.105580	0.366070	-0.420264	-0.161786	-0.181521	0.232648	-0.205840	0.950529	0.957740	0.218464	-0.187104	-0.169143	0.953889	0.247966
45999	7.628443	-0.269222	0.348372	-0.511468	-0.275189	-0.198728	0.230322	-0.203602	0.951577	0.959036	0.213229	-0.186505	-0.164931	0.955552	0.244373
46000	7.680174	-0.501414	0.556105	-0.595301	-0.376807	-0.223289	0.227602	-0.200404	0.952909	0.960497	0.207133	-0.185852	-0.160134	0.957567	0.239632
46001	7.725555	-0.698351	0.878422	-0.684599	-0.474025	-0.237794	0.224609	-0.196304	0.954471	0.962094	0.200153	-0.185238	-0.154678	0.959898	0.233819
46002	7.873662	-1.025081	1.279095	-0.764621	-0.574102	-0.249274	0.221373	-0.191213	0.956259	0.963793	0.192370	-0.184651	-0.148648	0.962513	0.226875
46003	7.965144	-1.407931	1.570935	-0.824810	-0.654586	-0.245724	0.218091	-0.185326	0.958171	0.965516	0.184012	-0.184171	-0.142183	0.965295	0.219066
46004	8.063416	-1.691211	1.880826	-0.895138	-0.730303	-0.210178	0.215083	-0.178581	0.960129	0.967196	0.175025	-0.184112	-0.135168	0.968233	0.210368
46005	8.138756	-1.809940	2.378817	-1.001461	-0.796817	-0.138375	0.212739	-0.171050	0.962021	0.968790	0.165126	-0.184876	-0.127231	0.971327	0.200840
46006	8.595088	-1.864546	3.048851	-1.164307	-0.845131	-0.030259	0.211448	-0.162814	0.963733	0.970266	0.153796	-0.186899	-0.117788	0.974597	0.190493
46007	8.982632	-1.694864	3.769353	-1.326587	-0.851110	0.064127	0.211157	-0.154372	0.965185	0.971604	0.141001	-0.190009	-0.106760	0.977900	0.179762
46008	9.456852	-1.784257	4.546480	-1.486913	-0.817955	0.113996	0.211482	-0.146148	0.966393	0.972843	0.126656	-0.193740	-0.094085	0.981121	0.168964
46009	10.474495	-2.191413	5.076142	-1.613631	-0.768144	0.167274	0.212485	-0.138364	0.967319	0.973879	0.111092	-0.198036	-0.080060	0.984131	0.158355
46010	10.926537	-2.885745	5.291068	-1.614823	-0.631588	0.212515	0.214136	-0.131862	0.967863	0.974590	0.095514	-0.202611	-0.065728	0.986656	0.148964
46011	11.400229	-4.664029	5.731849	-1.529224	-0.518031	0.226662	0.216086	-0.126512	0.968143	0.974989	0.080757	-0.207061	-0.051989	0.988672	0.140798
46012	11.892871	-6.353472	6.060985	-1.223045	-0.309532	0.293046	0.218841	-0.123172	0.967955	0.974907	0.069071	-0.211624	-0.040791	0.989979	0.135197
46013	11.208615	-6.987473	5.418879	-0.783144	-0.147738	0.364989	0.222391	-0.121438	0.967365	0.974381	0.061815	-0.216244	-0.033537	0.990672	0.132074
46014	10.415297	-6.588736	4.557377	-0.279507	-0.079192	0.423760	0.226535	-0.120339	0.966540	0.973508	0.059605	-0.220747	-0.031046	0.990942	0.130654
46015	9.563171	-5.547166	4.048411	0.125746	-0.092955	0.439854	0.230834	-0.119122	0.965674	0.972449	0.061429	-0.224876	-0.032532	0.990977	0.130020
46016	8.774072	-4.127475	3.884370	0.495894	-0.115065	0.382707	0.234556	-0.117679	0.964953	0.971372	0.066843	-0.227965	-0.037674	0.990799	0.129989
46017	8.032277	-2.451087	3.850168	0.760727	-0.155695	0.254239	0.237009	-0.115928	0.964566	0.970443	0.074726	-0.229472	-0.045476	0.990443	0.130212
46018	7.539521	-0.857083	3.860943	0.688935	-0.227875	0.144473	0.238340	-0.113500	0.964527	0.969748	0.081761	-0.230009	-0.052755	0.990168	0.129554
46019	7.088689	0.397900	3.405631	0.213910	-0.248776	0.113254	0.239352	-0.110915	0.964577	0.969347	0.084057	-0.230870	-0.055472	0.990269	0.127634
46020	5.954637	1.502364	0.943688	-0.481826	-0.264302	0.116764	0.240383	-0.108143	0.964635	0.969311	0.079458	-0.232641	-0.051490	0.990955	0.123925
46021	5.393948	2.277605	-2.091955	-1.262803	-0.440256	0.079813	0.241003	-0.103691	0.964969	0.969685	0.067072	-0.234974	-0.040358	0.992345	0.116712
46022	5.985552	2.521019	-3.961374	-1.862166	-0.774890	0.007780	0.240871	-0.095932	0.965804	0.970255	0.048630	-0.237151	-0.024216	0.994199	0.104792
46023	7.965985	1.388365	-3.743787	-2.167084	-1.110158	-0.081363	0.239963	-0.084886	0.967064	0.970764	0.027044	-0.238507	-0.005907	0.996024	0.088894
46024	11.565812	-2.216610	-1.080164	-1.919974	-1.263093	-0.181825	0.238265	-0.072273	0.968507	0.971152	0.007810	-0.238333	0.009661	0.997354	0.072049
46025	16.318522	-5.582786	2.795303	-1.267696	-1.105268	-0.258034	0.235969	-0.061220	0.969830	0.971569	-0.004958	-0.236705	0.019299	0.998112	0.058310
46026	16.819380	-6.075162	4.657759	-0.403138	-0.541183	-0.431264	0.231934	-0.055733	0.971134	0.972485	-0.009189	-0.232784	0.021898	0.998403	0.052068
46027	14.539001	-3.807303	4.751554	-0.166880	-0.156175	-0.542820	0.226737	-0.054092	0.972453	0.973682	-0.011102	-0.227642	0.023110	0.998474	0.050151
46028	11.807683	-2.579947	3.608576	-0.482185	-0.145658	-0.462691	0.222313	-0.052521	0.973560	0.974590	-0.016118	-0.223418	0.027426	0.998490	0.047603
46029	11.308763	-3.042919	1.295363	-0.727244	-0.218833	-0.330105	0.219213	-0.050245	0.974382	0.975085	-0.023497	-0.220583	0.033978	0.998460	0.043843
46030	10.716257	-2.336230	-1.271142	-0.566727	-0.207786	-0.211912	0.217269	-0.048061	0.974928	0.975332	-0.029215	-0.218800	0.038998	0.998417	0.040528
46031	9.586937	-1.182624	-2.827125	-0.428168	-0.281380	-0.091770	0.216541	-0.045199	0.975227	0.975348	-0.033481	-0.218119	0.042510	0.998417	0.036835
46032	8.829659	-1.119543	-3.113774	-0.303712	-0.459011	0.008225	0.216867	-0.040565	0.975358	0.975190	-0.036466	-0.218347	0.044424	0.998511	0.031651
46033	8.346026	-1.969546	-2.617515	-0.104979	-0.594037	0.094321	0.218102	-0.034643	0.975311	0.974929	-0.037427	-0.219346	0.044102	0.998699	0.025611
46034	8.720300	-2.404798	-1.831078	0.006567	-0.675551	0.159689	0.219998	-0.027902	0.975101	0.974574	-0.037268	-0.220945	0.042505	0.998916	0.018993
46035	9.191530	-1.861941	-1.024590	-0.023938	-0.688587	0.154716	0.221845	-0.021054	0.974855	0.974213	-0.037419	-0.222507	0.041163	0.999078	0.012210
46036	9.768897	-0.949709	-0.397543	-0.188770	-0.644913	0.070246	0.222843	-0.014585	0.974745	0.973970	-0.039250	-0.223253	0.041515	0.999123	0.005459
46037	9.834751	-0.121175	-0.316148	-0.461571	-0.573250	-0.044113	0.222712	-0.008813	0.974844	0.973860	-0.043817	-0.222883	0.044679	0.999001	-0.001176
46038	9.696001	0.049634	-0.414752	-0.765662	-0.545987	-0.112840	0.221921	-0.003253	0.975059	0.973737	-0.051429	-0.221792	0.050867	0.998671	-0.008246
46039	9.408760	-0.325319	-0.630998	-1.000913	-0.545234	-0.144224	0.220869	0.002298	0.975301	0.973496	-0.061372	-0.220315	0.059350	0.998112	-0.015793
46040	9.607990	-0.943934	-0.656274	-1.230906	-0.611888	-0.135650	0.219992	0.008546	0.975464	0.972992	-0.073603	-0.218790	0.069928	0.997251	-0.024508
46041	9.630814	-1.938241	-0.737806	-1.365504	-0.619356	-0.128233	0.219267	0.014848	0.975552	0.972231	-0.087147	-0.217194	0.081792	0.996085	-0.033544
46042	9.608862	-3.296680	-1.006818	-1.442277	-0.638623	-0.101476	0.218892	0.021351	0.975515	0.971176	-0.101444	-0.215698	0.094355	0.994612	-0.042940
46043	9.467838	-4.341560	-1.261223	-1.435005	-0.647847	-0.070337	0.218915	0.027889	0.975345	0.969881	-0.115638	-0.214381	0.106808	0.992900	-0.052364
46044	9.236748	-4.555561	-1.487881	-1.337324	-0.648836	-0.074537	0.218973	0.034466	0.975122	0.968533	-0.128840	-0.212939	0.118296	0.991066	-0.061594
46045	8.937608	-4.441796	-1.629775	-1.152657	-0.647482	-0.129485	0.218572	0.041074	0.974956	0.967392	-0.140158	-0.210972	0.127982	0.989277	-0.070369
46046	8.724757	-4.231274	-1.589461	-0.944775	-0.651967	-0.186999	0.217675	0.047837	0.974848	0.966550	-0.149374	-0.208492	0.135643	0.987623	-0.078751
46047	8.434355	-4.168190	-1.471219	-0.719831	-0.650863	-0.267288	0.216050	0.054690	0.974849	0.966128	-0.156297	-0.205349	0.141136	0.986195	-0.086605
46048	8.537631	-4.108249	-1.322611	-0.460847	-0.670888	-0.336926	0.213803	0.061883	0.974915	0.966191	-0.160604	-0.201696	0.144093	0.985077	-0.094129
46049	8.628104	-3.939453	-1.100828	-0.199650	-0.658007	-0.386588	0.211075	0.069007	0.975031	0.966719	-0.162276	-0.197791	0.144575	0.984330	-0.100963
46050	8.713508	-3.117879	-0.977742	-0.032104	-0.647824	-0.418319	0.208015	0.076108	0.975160	0.967546	-0.162250	-0.193727	0.143475	0.983810	-0.107388
46051	8.759438	-2.264334	-0.966388	0.019636	-0.649105	-0.453766	0.204608	0.083247	0.975298	0.968505	-0.161656	-0.189384	0.141897	0.983330	-0.113702
46052	8.945839	-1.716854	-0.823143	-0.013523	-0.662286	-0.479469	0.200949	0.090579	0.975405	0.969454	-0.161334	-0.184741	0.140633	0.982734	-0.120232
46053	9.131010	-1.456951	-0.638925	-0.061685	-0.661852	-0.498699	0.197100	0.097906	0.975482	0.970355	-0.161432	-0.179862	0.139865	0.982015	-0.126822
46054	9.289087	-1.541190	-0.495596	-0.083826	-0.676763	-0.508616	0.193159	0.105417	0.975488	0.971228	-0.161701	-0.174841	0.139306	0.981193	-0.133618
46055	9.534636	-1.949979	-0.295086	-0.065891	-0.669969	-0.517828	0.189118	0.112845	0.975449	0.972121	-0.161745	-0.169761	0.138617	0.980359	-0.140288
46056	9.360868	-2.165779	-0.173565	-0.037139	-0.642117	-0.498373	0.185210	0.119990	0.975346	0.973000	-0.161492	-0.164897	0.137725	0.979552	-0.146660
46057	9.161266	-2.368105	-0.049469	-0.073886	-0.646080	-0.473156	0.181552	0.127099	0.975133	0.973762	-0.161595	-0.160235	0.137211	0.978638	-0.153102
46058	9.152405	-2.598098	-0.025071	-0.087219	-0.640340	-0.443663	0.178160	0.134127	0.974817	0.974438	-0.161833	-0.155824	0.136857	0.977661	-0.159530
46059	9.226890	-2.758669	0.050035	-0.092730	-0.632438	-0.422609	0.174965	0.141010	0.974425	0.975053	-0.162122	-0.151617	0.136597	0.976644	-0.165858
46060	9.295960	-2.969440	0.184600	-0.092138	-0.607713	-0.407177	0.171875	0.147649	0.973991	0.975631	-0.162399	-0.147547	0.136390	0.975616	-0.171963
46061	9.418054	-3.128856	0.330042	-0.100214	-0.575645	-0.385375	0.168960	0.153906	0.973532	0.976147	-0.162762	-0.143683	0.136340	0.974588	-0.177735
46062	9.651289	-3.061682	0.517019	-0.127243	-0.538413	-0.360563	0.166227	0.159785	0.973056	0.976576	-0.163401	-0.139996	0.136629	0.973534	-0.183204
46063	10.070320	-3.346688	0.897210	-0.157373	-0.472383	-0.332137	0.163691	0.164942	0.972625	0.976905	-0.164361	-0.136538	0.137340	0.972512	-0.188037
46064	10.040145	-3.726677	0.998314	-0.153625	-0.364989	-0.272414	0.161584	0.168985	0.972283	0.977135	-0.165366	-0.133650	0.138197	0.971647	-0.191842
46065	9.823211	-3.832236	0.922772	-0.160501	-0.267336	-0.210393	0.159962	0.171946	0.972032	0.977246	-0.166535	-0.131361	0.139290	0.970928	-0.194673
46066	9.694656	-3.409843	0.758500	-0.175181	-0.161196	-0.165385	0.158623	0.173833	0.971916	0.977263	-0.167916	-0.129463	0.140695	0.970354	-0.196516
46067	9.537862	-2.525551	0.559486	-0.222148	-0.052086	-0.167838	0.157120	0.174635	0.972016	0.977210	-0.169748	-0.127462	0.142739	0.969891	-0.197326
46068	9.448659	-1.794950	0.317817	-0.319624	0.038641	-0.204001	0.155124	0.174655	0.972333	0.977066	-0.172458	-0.124901	0.145872	0.969409	-0.197402
46069	9.328574	-1.252686	0.010482	-0.454317	0.117738	-0.261846	0.152455	0.173983	0.972876	0.976792	-0.176374	-0.121527	0.150446	0.968825	-0.196834
46070	9.107189	-1.000597	-0.287501	-0.609870	0.169218	-0.310195	0.149219	0.172944	0.973563	0.976324	-0.181709	-0.117363	0.156608	0.968025	-0.195964
46071	8.461627	-0.830297	-0.725135	-0.714760	0.198793	-0.353584	0.145514	0.171686	0.974346	0.975697	-0.187985	-0.112591	0.163832	0.967050	-0.194868
46072	9.224030	-0.950232	-0.672264	-0.845097	0.090788	-0.399281	0.141521	0.171618	0.974946	0.974851	-0.195433	-0.107105	0.172155	0.965584	-0.194960
46073	9.133266	-1.879389	-0.672001	-0.799134	0.111716	-0.414436	0.137350	0.171375	0.975585	0.974020	-0.202402	-0.101575	0.180053	0.964191	-0.194723
46074	9.403835	-3.239872	-0.846873	-0.737287	0.050653	-0.420461	0.133218	0.171795	0.976084	0.973237	-0.208751	-0.096089	0.187251	0.962761	-0.195006
46075	10.578344	-4.565920	-0.946699	-0.555161	-0.004328	-0.415022	0.129254	0.172721	0.976453	0.972727	-0.213348	-0.091023	0.192603	0.961587	-0.195586
46076	12.153168	-4.875136	-1.060676	-0.357535	0.067818	-0.403729	0.125251	0.172979	0.976929	0.972548	-0.216055	-0.086434	0.196119	0.960936	-0.195291
46077	13.131779	-4.033147	-1.303097	-0.253889	0.273983	-0.386294	0.121021	0.171191	0.977777	0.972522	-0.217802	-0.082237	0.198884	0.960862	-0.192846
46078	13.409283	-3.066541	-1.967112	-0.234494	0.473156	-0.388508	0.116351	0.167536	0.978976	0.972517	-0.219365	-0.078042	0.201678	0.961151	-0.188455
46079	13.589556	-3.058213	-2.541551	-0.130518	0.616199	-0.359360	0.111676	0.162407	0.980384	0.972662	-0.220001	-0.074352	0.203610	0.961885	-0.182536
46080	13.117249	-3.460717	-2.809813	0.150286	0.691650	-0.276359	0.107637	0.156398	0.981812	0.973274	-0.218080	-0.071962	0.202859	0.963318	-0.175691
46081	12.855760	-3.433968	-2.236077	0.507779	0.668187	-0.187503	0.104541	0.150364	0.983088	0.974492	-0.212871	-0.071068	0.198585	0.965441	-0.168783
46082	12.276799	-3.397945	-1.381041	0.863376	0.672114	-0.074292	0.102563	0.144064	0.984239	0.976254	-0.204380	-0.071815	0.190813	0.968233	-0.161605
46083	11.823375	-3.306657	-0.864675	1.125292	0.663847	0.059211	0.101980	0.137515	0.985236	0.978282	-0.193526	-0.074249	0.180458	0.971410	-0.154265
46084	11.197607	-3.361598	-0.653736	1.309085	0.714477	0.209647	0.102842	0.130215	0.986138	0.980353	-0.181032	-0.078334	0.168322	0.974819	-0.146274
46085	10.584245	-3.155282	-0.633112	1.398188	0.737123	0.368256	0.105333	0.122382	0.986878	0.982230	-0.167820	-0.084026	0.155334	0.978192	-0.137884
46086	10.221555	-2.738973	-0.289541	1.455766	0.807946	0.496900	0.109071	0.113712	0.987509	0.983862	-0.154105	-0.090923	0.141841	0.981489	-0.128685
46087	9.873343	-2.100560	-0.052404	1.503581	0.896873	0.560443	0.113449	0.104079	0.988077	0.985264	-0.139909	-0.098388	0.128001	0.984679	-0.118418
46088	9.849515	-1.476057	0.149351	1.545929	0.981722	0.595299	0.118182	0.093656	0.988565	0.986444	-0.125214	-0.106066	0.113849	0.987699	-0.107184
46089	9.671650	-0.798466	0.217414	1.616423	1.090580	0.592938	0.122941	0.082181	0.989005	0.987446	-0.109721	-0.113630	0.099176	0.990559	-0.094639
46090	9.488666	0.191498	0.234284	1.663947	1.154240	0.562655	0.127492	0.070210	0.989351	0.988265	-0.093606	-0.120709	0.084135	0.993131	-0.081320
46091	9.556120	0.806487	0.181037	1.671773	1.225698	0.508588	0.131647	0.057599	0.989622	0.988881	-0.077281	-0.127050	0.069160	0.995344	-0.067133
46092	9.287943	1.413023	-0.123457	1.630415	1.254176	0.449667	0.135366	0.044844	0.989780	0.989287	-0.061228	-0.132525	0.054659	0.997116	-0.052652
46093	9.079484	1.810129	-0.431065	1.550231	1.248936	0.398041	0.138771	0.032182	0.989802	0.989476	-0.045880	-0.137233	0.040996	0.998428	-0.038210
46094	8.255763	2.064828	-0.977636	1.424189	1.228032	0.350810	0.141862	0.019832	0.989688	0.989474	-0.031704	-0.141196	0.028577	0.999301	-0.024121
46095	8.785334	1.978386	-1.006099	1.169087	1.049318	0.314195	0.144784	0.009276	0.989420	0.989291	-0.020028	-0.144577	0.018475	0.999756	-0.012076
46096	8.016185	1.034644	-1.119040	0.944272	1.057900	0.316549	0.147807	-0.001296	0.989015	0.988959	-0.010557	-0.147812	0.010633	0.999943	-0.000279
46097	9.091776	-0.102471	-1.193162	0.568418	0.921394	0.320352	0.150954	-0.010519	0.988485	0.988520	-0.004815	-0.151011	0.006348	0.999933	0.009671
46098	9.879691	-1.308613	-1.540006	0.454325	0.909561	0.326583	0.154184	-0.019567	0.987848	0.988037	-0.000180	-0.154217	0.003195	0.999809	0.019305
46099	10.057288	-2.441616	-1.836907	0.470163	0.883985	0.322976	0.157418	-0.028380	0.987124	0.987532	0.004638	-0.157349	-0.000113	0.999586	0.028756
46100	10.540783	-3.464053	-1.894502	0.692834	0.857694	0.319660	0.160643	-0.036871	0.986324	0.986996	0.011711	-0.160315	-0.005640	0.999251	0.038273
46101	10.403149	-3.956022	-1.778057	1.129648	0.861488	0.309957	0.163849	-0.045405	0.985440	0.986365	0.023163	-0.162936	-0.015428	0.998700	0.048581
46102	10.543303	-3.912404	-1.369674	1.631493	0.867404	0.278447	0.166836	-0.053920	0.984509	0.985524	0.039633	-0.164837	-0.030131	0.997758	0.059752
46103	10.782345	-3.247100	-0.837794	2.122107	0.891882	0.242421	0.169635	-0.062671	0.983512	0.984260	0.060971	-0.165879	-0.049570	0.996170	0.072027
46104	10.655920	-2.483540	-0.387456	2.518679	0.972072	0.190176	0.172141	-0.072145	0.982427	0.982384	0.086204	-0.165803	-0.072728	0.993662	0.085713
46105	10.722495	-1.518080	0.000516	2.722744	1.028908	0.160262	0.174643	-0.082169	0.981197	0.979773	0.113376	-0.164896	-0.097695	0.990149	0.100307
46106	10.286994	-0.529797	0.452891	2.736173	1.106479	0.133470	0.177206	-0.092872	0.979782	0.976512	0.140572	-0.163290	-0.122565	0.985705	0.115601
46107	10.562048	0.337549	1.001044	2.516185	1.119385	0.119197	0.179916	-0.103671	0.978204	0.972917	0.165470	-0.161407	-0.145130	0.980751	0.130634
46108	10.452404	1.155705	1.379094	2.204230	1.175205	0.081669	0.182565	-0.114962	0.976450	0.969342	0.187168	-0.159200	-0.164458	0.975578	0.145608
46109	10.317010	1.598072	1.264591	1.748612	1.245985	0.066198	0.185392	-0.126931	0.974432	0.966200	0.204307	-0.157212	-0.179128	0.970643	0.160518
46110	9.566192	1.621376	0.769034	1.337293	1.283225	0.048196	0.188257	-0.139194	0.972206	0.963628	0.217369	-0.155475	-0.189686	0.966114	0.175052
46111	9.095607	1.539754	0.361014	0.981522	1.224316	0.072782	0.191368	-0.150808	0.969863	0.961576	0.226983	-0.154438	-0.196852	0.962152	0.188451
46112	8.662862	1.397617	0.006374	0.695480	1.147255	0.099915	0.194645	-0.161534	0.967481	0.959981	0.233866	-0.154089	-0.201371	0.958756	0.200591
46113	8.149541	1.011929	-0.187575	0.478996	1.044189	0.136525	0.198113	-0.171179	0.965116	0.958724	0.238727	-0.154458	-0.203959	0.955880	0.211408
46114	7.666758	0.613935	-0.448994	0.342068	0.914253	0.172311	0.201668	-0.179430	0.962879	0.957662	0.242343	-0.155415	-0.205461	0.953454	0.220706
46115	7.386439	0.201233	-0.588447	0.278091	0.787140	0.218144	0.205418	-0.186364	0.960766	0.956626	0.245441	-0.156924	-0.206566	0.951329	0.228699
46116	7.013345	-0.158219	-0.684569	0.267786	0.636064	0.265412	0.209306	-0.191691	0.958877	0.955503	0.248536	-0.158884	-0.207859	0.949465	0.235181
46117	6.784914	-0.476659	-0.634306	0.288594	0.467944	0.299027	0.213178	-0.195350	0.957284	0.954250	0.251904	-0.161097	-0.209674	0.947830	0.240113
46118	6.648132	-0.698805	-0.413968	0.322495	0.319542	0.334956	0.217078	-0.197463	0.955974	0.952830	0.255666	-0.163554	-0.212114	0.946384	0.243648
46119	6.525838	-0.885276	-0.165348	0.353840	0.178343	0.361297	0.220937	-0.198187	0.954939	0.951263	0.259779	-0.166173	-0.215139	0.945112	0.245922
46120	6.214004	-0.862962	0.015224	0.402411	0.045279	0.370971	0.224593	-0.197579	0.954212	0.949544	0.264363	-0.168755	-0.218916	0.943968	0.246983
46121	6.070875	-0.296981	0.063645	0.366718	-0.134198	0.343514	0.227594	-0.195364	0.953957	0.947937	0.268550	-0.171160	-0.222747	0.943247	0.246313
46122	5.866958	0.209882	0.109239	0.228385	-0.345883	0.287752	0.229575	-0.191260	0.954314	0.946747	0.271309	-0.173380	-0.225753	0.943298	0.243361
46123	5.979295	0.406189	0.372274	0.026254	-0.530563	0.234791	0.230633	-0.185581	0.955180	0.946127	0.272052	-0.175590	-0.227272	0.944218	0.238327
46124	6.050147	0.581271	0.605751	-0.104186	-0.682915	0.194179	0.230946	-0.178536	0.956446	0.945896	0.271469	-0.177725	-0.227915	0.945743	0.231571
46125	6.748788	1.313450	1.652505	-0.240950	-0.908620	0.148509	0.230318	-0.169496	0.958240	0.946081	0.269499	-0.179725	-0.227782	0.947967	0.222428
46126	7.688931	1.385743	3.869843	-0.539980	-1.028164	0.102060	0.228986	-0.159397	0.960291	0.947049	0.264588	-0.181911	-0.225085	0.951097	0.211544
46127	8.909304	0.675683	5.912267	-0.879855	-1.006745	0.019812	0.226975	-0.149717	0.962324	0.948937	0.256288	-0.183945	-0.219092	0.954935	0.200242
46128	10.170097	-0.405542	7.017180	-1.044539	-0.922833	-0.086521	0.224198	-0.141039	0.964284	0.951360	0.246214	-0.185182	-0.211302	0.958899	0.189380
46129	11.624972	-3.129429	9.155544	-1.017525	-0.823672	-0.119069	0.221393	-0.133382	0.966020	0.953715	0.236331	-0.185942	-0.203499	0.962474	0.179530
46130	13.058116	-6.283608	9.847703	-0.632372	-0.463150	-0.020454	0.220300	-0.128904	0.966877	0.955013	0.230258	-0.186899	-0.198539	0.964554	0.173831
46131	12.507753	-7.232859	8.198332	-0.037536	-0.155608	0.147996	0.221443	-0.127034	0.966864	0.954741	0.230140	-0.188429	-0.198577	0.964831	0.172247
46132	12.031827	-6.414706	6.917516	0.545651	-0.031146	0.303819	0.224311	-0.125962	0.966343	0.952947	0.235832	-0.190461	-0.203904	0.963596	0.172935
46133	11.212153	-4.363273	6.058349	0.944789	0.094715	0.321416	0.227607	-0.126075	0.965557	0.950232	0.245382	-0.191955	-0.212729	0.961194	0.175651
46134	9.812776	-2.513101	5.406312	1.132357	0.191607	0.244919	0.230380	-0.127235	0.964747	0.947184	0.256605	-0.192344	-0.223086	0.958105	0.179631
46135	8.335410	-0.429880	5.378519	1.182862	0.237291	0.152900	0.232408	-0.129078	0.964015	0.944107	0.268165	-0.191702	-0.233771	0.954686	0.184187
