// General information: 
//  MT Manager version: 2022.2.0 
//  XDA version: 2022.2.0 build 7381 rev 124627 built on 2023-07-19
// Device information: 
//  DeviceId: 00B4CAF0
//  ProductCode: MTW2-3A7G6
//  Firmware Version: 4.6.0
//  Hardware Version: 2.0.0
// Device settings: 
//  Filter Profile: human(46.1)
//  Option Flags: Orientation Smoother Disabled, Position/Velocity Smoother Disabled, Continuous Zero Rotation Update Disabled, AHS Disabled, ICC Disabled
// Coordinate system: ENU
PacketCounter	Acc_X	Acc_Y	Acc_Z	Gyr_X	Gyr_Y	Gyr_Z	Mat[1][1]	Mat[2][1]	Mat[3][1]	Mat[1][2]	Mat[2][2]	Mat[3][2]	Mat[1][3]	Mat[2][3]	Mat[3][3]
62617	4.340951	-0.905965	9.240851	0.002894	0.009488	0.009249	-0.720396	0.552557	0.419177	-0.636276	-0.767050	-0.082380	0.276010	-0.326059	0.904159
62618	4.350832	-0.931096	9.262319	0.004595	0.013629	0.005827	-0.720460	0.552547	0.419082	-0.636224	-0.767095	-0.082365	0.275966	-0.325971	0.904205
62619	4.269591	-0.952623	9.279002	0.003817	0.008877	0.006381	-0.720500	0.552514	0.419056	-0.636190	-0.767119	-0.082400	0.275939	-0.325969	0.904214
62620	4.262852	-0.920879	9.291976	0.003487	0.006464	0.001741	-0.720517	0.552512	0.419030	-0.636171	-0.767138	-0.082378	0.275939	-0.325929	0.904228
62621	4.348489	-0.930816	9.263448	-0.001860	0.003869	0.001977	-0.720511	0.552559	0.418978	-0.636214	-0.767097	-0.082422	0.275854	-0.325945	0.904248
62622	4.368307	-0.879340	9.286342	0.004741	0.008265	0.003513	-0.720544	0.552549	0.418934	-0.636178	-0.767130	-0.082395	0.275849	-0.325886	0.904271
62623	4.381187	-0.888228	9.268661	0.001830	0.008443	0.002468	-0.720545	0.552590	0.418878	-0.636209	-0.767102	-0.082420	0.275777	-0.325881	0.904294
62624	4.345113	-0.892681	9.310746	0.000964	0.012530	0.006402	-0.720609	0.552572	0.418793	-0.636162	-0.767138	-0.082440	0.275718	-0.325827	0.904332
62625	4.331443	-0.921702	9.283102	0.002564	0.007077	0.004609	-0.720652	0.552575	0.418714	-0.636155	-0.767138	-0.082503	0.275622	-0.325823	0.904363
62626	4.292377	-0.878381	9.298629	0.002564	0.007077	0.004609	-0.720689	0.552553	0.418679	-0.636117	-0.767169	-0.082501	0.275612	-0.325787	0.904379
62627	4.295211	-0.926000	9.325257	0.002246	0.002018	0.003729	-0.720640	0.552569	0.418743	-0.636142	-0.767154	-0.082447	0.275683	-0.325795	0.904354
62628	4.291749	-0.878356	9.298921	0.001524	0.000740	0.005348	-0.720664	0.552520	0.418766	-0.636102	-0.767186	-0.082457	0.275712	-0.325802	0.904343
62629	4.337766	-0.899347	9.278264	-0.001646	-0.000666	0.004487	-0.720639	0.552588	0.418720	-0.636174	-0.767121	-0.082512	0.275613	-0.325840	0.904359
62630	4.319154	-0.896956	9.262721	-0.001715	-0.001495	-0.000338	-0.720621	0.552576	0.418767	-0.636184	-0.767111	-0.082528	0.275637	-0.325884	0.904336
62631	4.358315	-0.848148	9.300795	0.002448	0.000128	0.002479	-0.720600	0.552559	0.418825	-0.636194	-0.767101	-0.082547	0.275669	-0.325937	0.904307
62632	4.351395	-0.908806	9.260183	-0.000595	0.003026	0.007509	-0.720644	0.552501	0.418824	-0.636144	-0.767138	-0.082586	0.275667	-0.325948	0.904304
62633	4.351090	-0.909027	9.260304	0.001785	0.002325	0.005163	-0.720626	0.552487	0.418874	-0.636138	-0.767146	-0.082554	0.275728	-0.325953	0.904284
62634	4.315800	-0.913635	9.301985	-0.001848	0.001225	0.005737	-0.720654	0.552437	0.418892	-0.636105	-0.767169	-0.082597	0.275732	-0.325983	0.904272
62635	4.315731	-0.913905	9.301991	0.001264	-0.000844	0.005532	-0.720615	0.552458	0.418933	-0.636138	-0.767144	-0.082579	0.275760	-0.326006	0.904254
62636	4.337388	-0.900641	9.278315	-0.000510	-0.005813	0.004129	-0.720613	0.552398	0.419015	-0.636112	-0.767162	-0.082603	0.275823	-0.326065	0.904214
62637	4.322517	-0.945671	9.288992	0.003325	-0.006604	0.002306	-0.720604	0.552315	0.419139	-0.636086	-0.767180	-0.082647	0.275908	-0.326164	0.904153
62638	4.309402	-0.936609	9.306798	-0.001503	-0.006030	0.002172	-0.720589	0.552269	0.419225	-0.636077	-0.767184	-0.082671	0.275966	-0.326232	0.904110
62639	4.329435	-0.977352	9.275936	-0.000792	-0.002107	-0.003206	-0.720555	0.552242	0.419320	-0.636102	-0.767157	-0.082730	0.275997	-0.326342	0.904061
62640	4.383475	-0.819679	9.237638	-0.000271	0.001061	-0.003575	-0.720523	0.552263	0.419347	-0.636132	-0.767134	-0.082720	0.276012	-0.326361	0.904050
62641	4.383330	-0.819647	9.237709	0.000792	0.002107	0.003206	-0.720547	0.552258	0.419313	-0.636135	-0.767123	-0.082792	0.275942	-0.326395	0.904059
62642	4.383743	-0.857605	9.191820	0.005275	0.008789	0.006904	-0.720603	0.552224	0.419261	-0.636074	-0.767175	-0.082776	0.275936	-0.326329	0.904084
62643	4.389270	-0.952659	9.245161	0.007251	0.011868	0.007058	-0.720650	0.552174	0.419246	-0.636006	-0.767235	-0.082745	0.275970	-0.326273	0.904094
62644	4.330899	-0.906136	9.245549	0.010411	0.015918	0.004158	-0.720709	0.552184	0.419132	-0.635950	-0.767289	-0.082671	0.275946	-0.326129	0.904154
62645	4.359147	-0.933451	9.282701	0.004601	0.013632	0.005828	-0.720742	0.552170	0.419094	-0.635918	-0.767316	-0.082665	0.275932	-0.326089	0.904172
62646	4.352661	-0.939341	9.249905	0.012128	0.017414	0.004497	-0.720807	0.552182	0.418966	-0.635856	-0.767378	-0.082576	0.275908	-0.325923	0.904239
62647	4.323673	-0.920480	9.286845	0.007040	0.016405	0.004547	-0.720827	0.552237	0.418858	-0.635852	-0.767388	-0.082509	0.275862	-0.325807	0.904295
62648	4.308405	-0.910705	9.305700	0.010143	0.016980	0.000584	-0.720866	0.552278	0.418738	-0.635823	-0.767421	-0.082422	0.275829	-0.325659	0.904359
62649	4.340920	-0.867469	9.311083	0.009681	0.017288	0.002018	-0.720901	0.552307	0.418640	-0.635802	-0.767444	-0.082375	0.275786	-0.325557	0.904409
62650	4.313019	-0.886662	9.301817	0.007242	0.014516	0.003298	-0.720950	0.552319	0.418540	-0.635762	-0.767483	-0.082326	0.275752	-0.325444	0.904460
62651	4.316808	-0.879776	9.335957	0.005997	0.010071	0.005287	-0.720970	0.552302	0.418527	-0.635732	-0.767509	-0.082306	0.275766	-0.325411	0.904467
62652	4.323586	-0.856950	9.330952	0.004013	0.009635	0.001372	-0.720993	0.552313	0.418472	-0.635714	-0.767527	-0.082277	0.275746	-0.325350	0.904495
62653	4.288779	-0.899280	9.326710	0.000126	0.004308	0.005889	-0.720997	0.552294	0.418491	-0.635716	-0.767521	-0.082325	0.275733	-0.325397	0.904482
62654	4.291307	-0.883524	9.287764	-0.000657	-0.000445	0.006444	-0.721025	0.552233	0.418523	-0.635674	-0.767551	-0.082360	0.275756	-0.325428	0.904464
62655	4.323612	-0.895475	9.285242	0.001522	0.000743	0.005349	-0.721000	0.552256	0.418536	-0.635699	-0.767533	-0.082344	0.275765	-0.325433	0.904460
62656	4.364618	-0.922974	9.231143	-0.002380	0.000704	0.002344	-0.721004	0.552231	0.418561	-0.635692	-0.767535	-0.082377	0.275769	-0.325470	0.904445
62657	4.385755	-0.909677	9.207758	0.002768	0.005189	0.003361	-0.720998	0.552234	0.418568	-0.635701	-0.767526	-0.082388	0.275764	-0.325486	0.904441
62658	4.349993	-0.913961	9.249611	0.002103	0.007388	0.006043	-0.721045	0.552202	0.418530	-0.635655	-0.767563	-0.082396	0.275749	-0.325452	0.904458
62659	4.348968	-0.913854	9.250103	0.006058	0.013547	0.006352	-0.721093	0.552173	0.418485	-0.635611	-0.767598	-0.082412	0.275722	-0.325421	0.904477
62660	4.328922	-0.910910	9.235267	0.006320	0.015132	0.006167	-0.721162	0.552165	0.418377	-0.635553	-0.767649	-0.082383	0.275678	-0.325312	0.904530
62661	4.346049	-0.912935	9.251566	0.011141	0.017200	0.002545	-0.721251	0.552171	0.418216	-0.635501	-0.767690	-0.082397	0.275563	-0.325206	0.904603
62662	4.309388	-0.916551	9.293871	0.005791	0.014607	0.002776	-0.721296	0.552187	0.418116	-0.635469	-0.767721	-0.082359	0.275519	-0.325105	0.904653
62663	4.321286	-0.925032	9.276748	0.010270	0.023937	0.002715	-0.721339	0.552299	0.417895	-0.635484	-0.767716	-0.082294	0.275374	-0.324927	0.904761
62664	4.321267	-0.870194	9.284726	0.007710	0.014212	0.001867	-0.721377	0.552322	0.417799	-0.635453	-0.767748	-0.082234	0.275345	-0.324813	0.904810
62665	4.340331	-0.818148	9.308012	0.007247	0.014520	0.003301	-0.721345	0.552387	0.417767	-0.635480	-0.767736	-0.082134	0.275365	-0.324730	0.904834
62666	4.337195	-0.871782	9.301625	0.008504	0.013681	0.008836	-0.721427	0.552355	0.417669	-0.635397	-0.767809	-0.082097	0.275344	-0.324612	0.904883
62667	4.341834	-0.903100	9.289737	0.004604	0.013641	0.005828	-0.721493	0.552343	0.417570	-0.635359	-0.767836	-0.082139	0.275257	-0.324570	0.904924
62668	4.312246	-0.976919	9.273289	0.004402	0.015534	0.007076	-0.721569	0.552329	0.417458	-0.635300	-0.767886	-0.082131	0.275197	-0.324474	0.904977
62669	4.328268	-0.877723	9.269991	0.004080	0.010473	0.006198	-0.721561	0.552326	0.417475	-0.635285	-0.767905	-0.082072	0.275250	-0.324436	0.904974
62670	4.300485	-0.897382	9.260588	0.005391	0.018397	0.005273	-0.721633	0.552336	0.417338	-0.635235	-0.767948	-0.082048	0.275176	-0.324317	0.905040
62671	4.363476	-0.920416	9.256537	0.011209	0.018040	0.007375	-0.721647	0.552412	0.417213	-0.635227	-0.767969	-0.081912	0.275158	-0.324137	0.905110
62672	4.290921	-0.864579	9.274892	0.008299	0.020862	0.002562	-0.721708	0.552451	0.417057	-0.635190	-0.768007	-0.081850	0.275084	-0.323982	0.905188
62673	4.310725	-0.914242	9.317914	0.008563	0.019806	0.006139	-0.721757	0.552443	0.416981	-0.635140	-0.768053	-0.081806	0.275070	-0.323886	0.905226
62674	4.270677	-0.870476	9.333688	0.005857	0.015450	0.007602	-0.721835	0.552426	0.416869	-0.635073	-0.768110	-0.081787	0.275020	-0.323779	0.905280
62675	4.323232	-0.868714	9.308410	0.003353	0.011842	0.004055	-0.721862	0.552416	0.416835	-0.635064	-0.768113	-0.081832	0.274971	-0.323788	0.905291
62676	4.255838	-0.899252	9.306631	0.001838	0.005811	0.006229	-0.721905	0.552378	0.416812	-0.635018	-0.768150	-0.081843	0.274965	-0.323766	0.905301
62677	4.295392	-0.888809	9.298970	-0.003514	0.005859	0.002691	-0.721897	0.552366	0.416842	-0.635038	-0.768126	-0.081914	0.274941	-0.323843	0.905281
62678	4.308841	-0.898447	9.281068	-0.003575	-0.000261	0.005391	-0.721917	0.552315	0.416874	-0.635013	-0.768141	-0.081971	0.274944	-0.323896	0.905261
62679	4.316401	-0.876709	9.275619	-0.006887	0.003705	0.006835	-0.721883	0.552350	0.416886	-0.635072	-0.768086	-0.082026	0.274897	-0.323966	0.905250
62680	4.322065	-0.909058	9.263176	-0.002323	0.001543	0.007165	-0.721920	0.552291	0.416901	-0.635031	-0.768114	-0.082079	0.274896	-0.323999	0.905239
62681	4.332549	-0.934798	9.284326	-0.004705	0.004892	0.005743	-0.721930	0.552296	0.416878	-0.635056	-0.768082	-0.082176	0.274811	-0.324066	0.905240
62682	4.327836	-0.849634	9.304093	-0.002524	0.006079	0.004651	-0.721963	0.552271	0.416853	-0.635034	-0.768096	-0.082221	0.274775	-0.324076	0.905248
62683	4.346780	-0.890788	9.273907	-0.001008	0.009468	0.006240	-0.722028	0.552302	0.416699	-0.635042	-0.768077	-0.082332	0.274585	-0.324067	0.905309
62684	4.337994	-0.913509	9.279825	0.002163	0.010874	0.007108	-0.722090	0.552274	0.416629	-0.634989	-0.768120	-0.082344	0.274544	-0.324015	0.905340
62685	4.331935	-0.919959	9.246826	0.004608	0.013646	0.005832	-0.722083	0.552315	0.416585	-0.635006	-0.768109	-0.082309	0.274522	-0.323968	0.905363
62686	4.322669	-0.942233	9.253010	0.006124	0.017036	0.007422	-0.722164	0.552305	0.416459	-0.634940	-0.768166	-0.082287	0.274462	-0.323851	0.905423
62687	4.321018	-0.941645	9.253841	0.012144	0.017425	0.004518	-0.722164	0.552389	0.416347	-0.634949	-0.768172	-0.082162	0.274441	-0.323693	0.905486
62688	4.368246	-0.945681	9.195388	0.009503	0.021832	-0.000482	-0.722208	0.552455	0.416184	-0.634931	-0.768196	-0.082076	0.274368	-0.323524	0.905569
62689	4.304923	-0.876341	9.280986	0.015908	0.028125	0.002319	-0.722244	0.552620	0.415902	-0.634962	-0.768184	-0.081951	0.274202	-0.323271	0.905709
62690	4.337527	-0.870821	9.240968	0.015707	0.030021	0.003567	-0.722336	0.552681	0.415662	-0.634898	-0.768251	-0.081826	0.274109	-0.323009	0.905831
62691	4.283693	-0.918689	9.294796	0.015506	0.031918	0.004815	-0.722443	0.552727	0.415415	-0.634828	-0.768318	-0.081743	0.273989	-0.322771	0.905952
62692	4.253219	-0.899161	9.332172	0.014255	0.030115	0.003041	-0.722531	0.552792	0.415174	-0.634772	-0.768376	-0.081628	0.273886	-0.322519	0.906073
62693	4.238830	-0.835124	9.358300	0.004939	0.021360	0.002946	-0.722558	0.552863	0.415034	-0.634785	-0.768369	-0.081599	0.273786	-0.322417	0.906139
62694	4.276654	-0.916333	9.298269	0.005804	0.014620	0.002782	-0.722602	0.552880	0.414933	-0.634753	-0.768398	-0.081560	0.273741	-0.322316	0.906189
62695	4.266275	-0.900577	9.350424	-0.000220	0.014233	0.005680	-0.722586	0.552965	0.414849	-0.634807	-0.768356	-0.081545	0.273660	-0.322272	0.906229
62696	4.268221	-0.884664	9.311868	0.002307	0.008148	0.001035	-0.722602	0.552975	0.414808	-0.634798	-0.768365	-0.081531	0.273640	-0.322234	0.906249
62697	4.299942	-0.896329	9.309856	0.002767	0.005197	0.003366	-0.722611	0.552958	0.414814	-0.634792	-0.768366	-0.081564	0.273627	-0.322260	0.906243
62698	4.276071	-0.900200	9.260903	-0.000141	0.005376	0.002309	-0.722627	0.552949	0.414797	-0.634781	-0.768374	-0.081577	0.273611	-0.322255	0.906250
62699	4.300805	-0.842290	9.317285	0.001049	0.003701	0.003023	-0.722606	0.552982	0.414790	-0.634820	-0.768339	-0.081601	0.273575	-0.322283	0.906251
62700	4.328020	-0.860594	9.281576	0.002503	0.003612	0.003551	-0.722625	0.552959	0.414789	-0.634793	-0.768362	-0.081595	0.273589	-0.322268	0.906252
62701	4.293456	-0.902983	9.277064	-0.001858	0.003880	0.001966	-0.722631	0.552919	0.414832	-0.634786	-0.768361	-0.081659	0.273590	-0.322338	0.906227
62702	4.309754	-0.960100	9.285869	-0.001804	0.004721	0.006791	-0.722674	0.552873	0.414818	-0.634747	-0.768389	-0.081706	0.273568	-0.322351	0.906229
62703	4.267912	-0.932617	9.339901	0.005153	0.004488	0.001030	-0.722661	0.552865	0.414851	-0.634743	-0.768394	-0.081681	0.273610	-0.322351	0.906216
62704	4.293858	-0.912524	9.350281	0.000793	0.004757	-0.000555	-0.722657	0.552877	0.414842	-0.634750	-0.768389	-0.081674	0.273605	-0.322343	0.906220
62705	4.256465	-0.907228	9.319140	0.000521	0.000530	0.003393	-0.722644	0.552851	0.414900	-0.634762	-0.768373	-0.081732	0.273613	-0.322425	0.906189
62706	4.296582	-0.896558	9.311385	0.002441	0.000131	0.002489	-0.722646	0.552824	0.414931	-0.634742	-0.768391	-0.081722	0.273651	-0.322431	0.906175
62707	4.296567	-0.896442	9.311404	0.001454	-0.000090	0.000529	-0.722605	0.552877	0.414932	-0.634798	-0.768344	-0.081721	0.273629	-0.322450	0.906175
62708	4.342621	-0.917119	9.291236	0.004369	0.002372	-0.002178	-0.722584	0.552894	0.414947	-0.634807	-0.768342	-0.081674	0.273664	-0.322428	0.906172
62709	4.307081	-0.857374	9.267103	0.001982	0.003082	0.000158	-0.722575	0.552901	0.414952	-0.634833	-0.768315	-0.081727	0.273627	-0.322480	0.906165
62710	4.309910	-0.904829	9.293751	0.003163	-0.001234	0.004636	-0.722588	0.552853	0.414994	-0.634796	-0.768346	-0.081720	0.273680	-0.322487	0.906147
62711	4.303605	-0.873003	9.306378	0.002775	0.007838	-0.000398	-0.722574	0.552884	0.414977	-0.634830	-0.768315	-0.081745	0.273638	-0.322507	0.906152
62712	4.309058	-0.904414	9.294186	0.002969	0.003302	0.002119	-0.722583	0.552870	0.414980	-0.634812	-0.768332	-0.081729	0.273657	-0.322491	0.906152
62713	4.308736	-0.904117	9.294365	0.005876	0.003123	0.003177	-0.722534	0.552874	0.415060	-0.634828	-0.768325	-0.081670	0.273748	-0.322501	0.906121
62714	4.283799	-0.869515	9.291396	0.003234	0.004888	0.001934	-0.722546	0.552867	0.415049	-0.634810	-0.768342	-0.081651	0.273757	-0.322474	0.906128
62715	4.326503	-0.906250	9.310419	0.002969	0.003302	0.002119	-0.722515	0.552895	0.415065	-0.634858	-0.768299	-0.081687	0.273729	-0.322528	0.906117
62716	4.285956	-0.916818	9.318372	0.002036	0.003923	0.004983	-0.722544	0.552861	0.415060	-0.634821	-0.768328	-0.081692	0.273738	-0.322515	0.906119
62717	4.280850	-0.923045	9.284992	0.007796	0.002724	0.002274	-0.722540	0.552862	0.415065	-0.634821	-0.768329	-0.081683	0.273747	-0.322511	0.906118
62718	4.319561	-0.873600	9.323412	0.006810	0.002503	0.000313	-0.722535	0.552860	0.415077	-0.634806	-0.768348	-0.081625	0.273796	-0.322470	0.906117
62719	4.277108	-0.937922	9.324461	0.003498	0.006474	0.001748	-0.722552	0.552878	0.415023	-0.634817	-0.768335	-0.081663	0.273727	-0.322469	0.906139
62720	4.327654	-0.888423	9.272441	0.008061	0.004310	0.002089	-0.722563	0.552868	0.415017	-0.634785	-0.768368	-0.081601	0.273771	-0.322408	0.906147
62721	4.297860	-0.923590	9.301555	0.006343	0.002814	0.001745	-0.722535	0.552891	0.415035	-0.634797	-0.768364	-0.081539	0.273816	-0.322378	0.906144
62722	4.283709	-0.913876	9.319694	0.006608	0.004399	0.001560	-0.722543	0.552886	0.415029	-0.634774	-0.768389	-0.081488	0.273850	-0.322328	0.906152
62723	4.297159	-0.922528	9.301984	0.006343	0.002814	0.001745	-0.722530	0.552900	0.415033	-0.634795	-0.768370	-0.081503	0.273836	-0.322349	0.906148
62724	4.289056	-0.944478	9.307652	0.006343	0.002814	0.001745	-0.722534	0.552888	0.415041	-0.634771	-0.768395	-0.081456	0.273879	-0.322310	0.906149
62725	4.252341	-0.846092	9.329486	0.011637	0.001925	0.000469	-0.722465	0.552965	0.415059	-0.634826	-0.768361	-0.081345	0.273935	-0.322259	0.906151
62726	4.311655	-0.875356	9.291756	0.008398	0.012017	-0.000801	-0.722479	0.553002	0.414986	-0.634815	-0.768379	-0.081268	0.273925	-0.322153	0.906191
62727	4.346271	-0.870524	9.250878	0.007340	0.005675	-0.000058	-0.722424	0.553055	0.415011	-0.634858	-0.768351	-0.081192	0.273971	-0.322127	0.906187
62728	4.336287	-0.854007	9.302865	0.010636	0.014047	0.002935	-0.722467	0.553070	0.414916	-0.634813	-0.768397	-0.081110	0.273960	-0.321993	0.906237
62729	4.322605	-0.882159	9.275394	0.011296	0.009201	0.004023	-0.722451	0.553116	0.414882	-0.634818	-0.768404	-0.081007	0.273991	-0.321899	0.906262
62730	4.273511	-0.914449	9.289222	0.010891	0.012996	0.006514	-0.722514	0.553100	0.414794	-0.634747	-0.768469	-0.080938	0.273990	-0.321768	0.906308
62731	4.284780	-0.884567	9.317968	0.012091	0.013960	0.003465	-0.722499	0.553161	0.414739	-0.634759	-0.768471	-0.080833	0.274001	-0.321661	0.906343
62732	4.297408	-0.892825	9.300699	0.011561	0.010789	0.003838	-0.722539	0.553159	0.414672	-0.634706	-0.768524	-0.080747	0.274020	-0.321538	0.906381
62733	4.276116	-0.943494	9.278632	0.009578	0.007706	0.003680	-0.722510	0.553147	0.414737	-0.634695	-0.768540	-0.080673	0.274118	-0.321519	0.906358
62734	4.215253	-0.912481	9.317148	0.009122	0.010656	0.001346	-0.722534	0.553163	0.414675	-0.634667	-0.768571	-0.080599	0.274123	-0.321416	0.906393
62735	4.348925	-0.888988	9.276448	0.008276	0.005053	-0.002920	-0.722465	0.553245	0.414686	-0.634733	-0.768525	-0.080518	0.274150	-0.321386	0.906395
62736	4.342182	-0.856529	9.289270	0.009641	0.011191	0.004739	-0.722511	0.553237	0.414615	-0.634679	-0.768577	-0.080453	0.274154	-0.321276	0.906433
62737	4.300925	-0.866458	9.297561	0.008655	0.010969	0.002778	-0.722513	0.553267	0.414574	-0.634684	-0.768576	-0.080420	0.274138	-0.321228	0.906455
62738	4.282840	-0.872405	9.355115	0.009906	0.012778	0.004553	-0.722562	0.553265	0.414489	-0.634630	-0.768628	-0.080352	0.274132	-0.321106	0.906500
62739	4.290668	-0.887413	9.304328	0.010640	0.014052	0.002936	-0.722598	0.553293	0.414389	-0.634610	-0.768648	-0.080312	0.274084	-0.321009	0.906549
62740	4.298634	-0.902462	9.253485	0.010361	0.009830	0.006889	-0.722655	0.553264	0.414329	-0.634538	-0.768714	-0.080249	0.274102	-0.320900	0.906582
62741	4.277720	-0.860587	9.284345	0.014483	0.013252	0.001134	-0.722670	0.553272	0.414292	-0.634508	-0.768748	-0.080168	0.274131	-0.320806	0.906606
62742	4.300938	-0.893921	9.288347	0.011410	0.013539	0.009909	-0.722756	0.553232	0.414196	-0.634411	-0.768834	-0.080108	0.274130	-0.320669	0.906655
62743	4.265347	-0.935330	9.284413	0.011843	0.015016	-0.000113	-0.722789	0.553266	0.414094	-0.634396	-0.768851	-0.080068	0.274077	-0.320571	0.906706
62744	4.284345	-0.882547	9.307703	0.016203	0.014750	0.001480	-0.722824	0.553294	0.413994	-0.634347	-0.768905	-0.079930	0.274097	-0.320391	0.906764
62745	4.326330	-0.854785	9.261687	0.013297	0.014928	0.000418	-0.722790	0.553367	0.413956	-0.634379	-0.768890	-0.079826	0.274114	-0.320303	0.906790
62746	4.347880	-0.849567	9.311824	0.014611	0.020224	0.003251	-0.722851	0.553399	0.413806	-0.634322	-0.768949	-0.079710	0.274084	-0.320104	0.906869
62747	4.268536	-0.853556	9.289220	0.017331	0.024583	0.001791	-0.722906	0.553465	0.413622	-0.634291	-0.768985	-0.079606	0.274010	-0.319904	0.906962
62748	4.292897	-0.832141	9.300462	0.019174	0.018063	0.003603	-0.722964	0.553488	0.413490	-0.634219	-0.769060	-0.079450	0.274024	-0.319683	0.907036
62749	4.335192	-0.905902	9.274749	0.016395	0.025212	0.004653	-0.723016	0.553556	0.413307	-0.634196	-0.769089	-0.079359	0.273940	-0.319496	0.907127
62750	4.189460	-0.911045	9.368094	0.018191	0.017840	0.001642	-0.723061	0.553593	0.413179	-0.634140	-0.769151	-0.079204	0.273950	-0.319283	0.907199
62751	4.255852	-0.917367	9.325588	0.017660	0.014669	0.002017	-0.723090	0.553636	0.413071	-0.634113	-0.769184	-0.079097	0.273936	-0.319128	0.907257
62752	4.213077	-0.887962	9.379817	0.018066	0.010870	-0.000469	-0.723102	0.553667	0.413008	-0.634074	-0.769233	-0.078935	0.273996	-0.318955	0.907300
62753	4.232035	-0.927177	9.350252	0.017286	0.008745	-0.003675	-0.723080	0.553707	0.412995	-0.634071	-0.769249	-0.078803	0.274062	-0.318849	0.907318
62754	4.296613	-0.885748	9.280572	0.019145	0.004858	-0.005628	-0.723043	0.553758	0.412991	-0.634065	-0.769273	-0.078610	0.274172	-0.318701	0.907336
62755	4.286814	-0.867753	9.332420	0.020662	0.008258	-0.004041	-0.723010	0.553837	0.412943	-0.634077	-0.769282	-0.078432	0.274231	-0.318545	0.907373
62756	4.289019	-0.913093	9.359709	0.020599	0.004772	-0.005095	-0.722976	0.553884	0.412939	-0.634064	-0.769313	-0.078227	0.274351	-0.318386	0.907393
62757	4.322362	-0.960687	9.312230	0.030992	0.004893	-0.006378	-0.722896	0.553987	0.412940	-0.634087	-0.769323	-0.077940	0.274507	-0.318183	0.907417
62758	4.331049	-0.880913	9.314162	0.028516	0.018894	-0.013064	-0.722851	0.554140	0.412814	-0.634110	-0.769336	-0.077630	0.274575	-0.317885	0.907501
62759	4.241695	-0.920976	9.335863	0.035329	0.006413	-0.013370	-0.722732	0.554264	0.412856	-0.634145	-0.769345	-0.077259	0.274807	-0.317647	0.907514
62760	4.239389	-0.971320	9.329796	0.033877	0.006502	-0.013902	-0.722647	0.554385	0.412843	-0.634159	-0.769370	-0.076897	0.274998	-0.317377	0.907550
62761	4.226849	-0.903952	9.354871	0.035554	0.007148	-0.018380	-0.722475	0.554603	0.412850	-0.634267	-0.769322	-0.076477	0.275200	-0.317110	0.907582
62762	4.271723	-0.819322	9.315280	0.036230	0.004935	-0.021050	-0.722340	0.554774	0.412857	-0.634326	-0.769314	-0.076065	0.275418	-0.316831	0.907614
62763	4.282178	-0.839920	9.337093	0.037889	0.002951	-0.021756	-0.722148	0.554942	0.412967	-0.634419	-0.769279	-0.075644	0.275708	-0.316620	0.907599
62764	4.264969	-0.841635	9.394495	0.042250	0.002698	-0.020155	-0.722012	0.555099	0.412993	-0.634455	-0.769295	-0.075181	0.275981	-0.316307	0.907626
62765	4.237118	-0.910680	9.378152	0.043808	-0.003633	-0.026731	-0.721754	0.555337	0.413125	-0.634596	-0.769230	-0.074652	0.276331	-0.316048	0.907609
62766	4.197803	-0.915904	9.385946	0.044898	-0.009649	-0.031876	-0.721510	0.555545	0.413272	-0.634709	-0.769189	-0.074116	0.276709	-0.315782	0.907587
62767	4.059504	-0.808533	9.490764	0.038544	-0.025709	-0.042829	-0.721095	0.555846	0.413590	-0.634986	-0.769011	-0.073585	0.277153	-0.315685	0.907485
62768	3.666260	-0.651010	9.867871	-0.005224	-0.073281	-0.043252	-0.720602	0.555940	0.414322	-0.635319	-0.768748	-0.073456	0.277672	-0.316159	0.907161
62769	3.973354	-0.594933	9.864614	-0.036797	-0.133331	-0.040380	-0.719968	0.555825	0.415578	-0.635738	-0.768379	-0.073695	0.278360	-0.317256	0.906567
62770	4.073236	-0.846741	9.719363	-0.033854	-0.181902	-0.042166	-0.719177	0.555564	0.417293	-0.636143	-0.768031	-0.073829	0.279477	-0.318554	0.905768
62771	4.195909	-1.008060	9.639778	-0.039946	-0.217390	-0.051151	-0.718186	0.555282	0.419371	-0.636670	-0.767579	-0.073979	0.280821	-0.320132	0.904796
62772	4.285751	-1.109603	9.533735	-0.034783	-0.239199	-0.068510	-0.717060	0.555033	0.421620	-0.637267	-0.767081	-0.074009	0.282339	-0.321754	0.903747
62773	4.265696	-1.126745	9.497104	-0.029265	-0.265618	-0.093165	-0.715685	0.554875	0.424157	-0.638041	-0.766446	-0.073920	0.284077	-0.323533	0.902567
62774	4.431168	-1.367051	9.549372	-0.020949	-0.279867	-0.140451	-0.713974	0.555036	0.426820	-0.639111	-0.765593	-0.073514	0.285967	-0.325273	0.901344
62775	4.649663	-1.800416	9.508943	0.046072	-0.290718	-0.194226	-0.711814	0.555670	0.429594	-0.640475	-0.764570	-0.072280	0.288291	-0.326594	0.900125
62776	4.695389	-2.014601	9.328499	0.122695	-0.295611	-0.273775	-0.709186	0.556788	0.432484	-0.642072	-0.763442	-0.069999	0.291202	-0.327328	0.898921
62777	4.647835	-1.642600	9.312800	0.173653	-0.297496	-0.354513	-0.705940	0.558618	0.435424	-0.644189	-0.761935	-0.066896	0.294396	-0.327720	0.897736
62778	4.671398	-1.661357	9.385819	0.177986	-0.314219	-0.438759	-0.702162	0.560919	0.438564	-0.646758	-0.760057	-0.063385	0.297780	-0.328152	0.896462
62779	4.711584	-1.511240	9.386281	0.217749	-0.335561	-0.546097	-0.697458	0.564090	0.441989	-0.650082	-0.757572	-0.058975	0.301571	-0.328462	0.895080
62780	4.970752	-1.515860	9.330063	0.187940	-0.388298	-0.661629	-0.691948	0.567808	0.445872	-0.654115	-0.754439	-0.054360	0.305517	-0.329266	0.893445
62781	5.219960	-2.117032	9.260630	0.151488	-0.428933	-0.815854	-0.685174	0.572574	0.450217	-0.659356	-0.750208	-0.049363	0.309492	-0.330676	0.891554
62782	5.243949	-2.185768	9.113873	0.134234	-0.450138	-0.981505	-0.677252	0.578413	0.454717	-0.665632	-0.744998	-0.043729	0.313470	-0.332290	0.889562
62783	5.234699	-2.348111	9.047674	0.045598	-0.470102	-1.162923	-0.667938	0.585468	0.459442	-0.673354	-0.738340	-0.038056	0.316944	-0.334786	0.887392
62784	5.587113	-4.376613	9.270389	-0.031469	-0.489725	-1.358060	-0.657154	0.593785	0.464293	-0.682459	-0.730220	-0.032065	0.319996	-0.337932	0.885101
62785	5.522906	-4.856832	8.998971	0.301973	-0.439307	-1.511265	-0.645220	0.603322	0.468714	-0.691430	-0.722098	-0.022330	0.324985	-0.338490	0.883068
62786	5.460166	-4.061442	8.922462	0.573836	-0.371400	-1.629145	-0.632649	0.613761	0.472285	-0.699963	-0.714114	-0.009604	0.331371	-0.336659	0.881393
62787	5.182876	-2.540105	8.817533	0.760633	-0.317284	-1.735334	-0.619169	0.625080	0.475294	-0.708412	-0.705779	0.005348	0.338796	-0.333393	0.879811
62788	4.929163	-1.127816	8.641497	0.761124	-0.289056	-1.825543	-0.605148	0.636917	0.477632	-0.716989	-0.696776	0.020735	0.346009	-0.329909	0.878315
62789	4.569210	-0.536217	8.494355	0.623833	-0.274001	-1.827326	-0.590818	0.648692	0.479722	-0.725828	-0.686983	0.035038	0.352290	-0.327494	0.876721
62790	4.275641	-2.780446	7.780952	0.361595	-0.304652	-1.338030	-0.579962	0.656829	0.481892	-0.732386	-0.679425	0.044637	0.356728	-0.327043	0.875093
62791	4.822625	-6.107099	7.360026	-0.111519	-0.473888	-0.285487	-0.575966	0.657222	0.486131	-0.734511	-0.677094	0.045147	0.358828	-0.331065	0.872719
62792	6.139708	-8.134266	8.349750	-0.487478	-0.503123	0.830090	-0.580226	0.649895	0.490891	-0.731467	-0.680881	0.036842	0.358181	-0.337694	0.870442
62793	5.412801	-8.753171	8.745223	-0.453448	-0.357232	1.655791	-0.590794	0.637301	0.494782	-0.723458	-0.689923	0.024807	0.357171	-0.343298	0.868663
62794	4.149634	-7.890402	8.956632	-0.327998	-0.270143	2.280213	-0.606165	0.620477	0.497566	-0.710988	-0.703123	0.010643	0.356454	-0.347312	0.867361
62795	3.017844	-6.450063	9.082697	-0.191716	-0.278410	2.750818	-0.624304	0.599893	0.500373	-0.694815	-0.719173	-0.004696	0.357038	-0.350598	0.865797
62796	2.536922	-5.095332	9.315106	-0.133341	-0.357865	3.106154	-0.644289	0.576008	0.503098	-0.675596	-0.736960	-0.021436	0.358416	-0.353702	0.863963
62797	2.483187	-3.977172	9.717819	-0.134692	-0.423594	3.377014	-0.665034	0.549294	0.505971	-0.654094	-0.755372	-0.039672	0.360405	-0.357336	0.861638
62798	2.545136	-3.052089	10.082387	-0.134783	-0.435015	3.597978	-0.686549	0.520205	0.507974	-0.630272	-0.774123	-0.059076	0.362503	-0.360721	0.859344
62799	2.762690	-0.398456	9.824625	-0.015415	-0.362500	3.808366	-0.708611	0.488915	0.508757	-0.603808	-0.793235	-0.078703	0.365084	-0.362962	0.857305
62800	1.762488	1.012484	9.889093	-0.250115	-0.279459	3.905245	-0.730621	0.456563	0.507684	-0.576625	-0.810780	-0.100697	0.365645	-0.366314	0.855639
62801	1.499478	1.313312	10.445172	-0.344952	-0.290427	3.771672	-0.750666	0.424587	0.506189	-0.550075	-0.826025	-0.122884	0.365950	-0.370686	0.853623
62802	1.928265	1.988757	11.006064	-0.375762	-0.260058	3.469568	-0.768348	0.394724	0.503820	-0.525104	-0.838833	-0.143613	0.365933	-0.374903	0.851787
62803	2.176373	2.473989	11.244272	-0.374325	-0.163701	3.031020	-0.783238	0.368575	0.500691	-0.503119	-0.848868	-0.162157	0.365253	-0.378915	0.850302
62804	3.641081	-0.342083	13.269253	-0.479281	-0.065992	2.453907	-0.795108	0.347397	0.497109	-0.485508	-0.855821	-0.178475	0.363435	-0.383257	0.849134
62805	4.859669	7.884560	11.379864	0.829964	0.533442	1.283182	-0.803138	0.338465	0.490317	-0.472390	-0.863255	-0.177870	0.363066	-0.374475	0.853201
62806	2.886975	6.572123	11.542186	-0.040955	0.536872	0.543213	-0.807610	0.335769	0.484793	-0.468173	-0.864928	-0.180870	0.358581	-0.373040	0.855723
62807	2.457040	5.525859	11.579831	-0.361519	0.803123	-0.095023	-0.809971	0.339654	0.478102	-0.470329	-0.863186	-0.183578	0.350338	-0.373558	0.858905
62808	3.743473	3.417976	12.103034	-0.706623	0.919000	-0.528485	-0.810619	0.347642	0.471213	-0.477059	-0.858714	-0.187151	0.339575	-0.376505	0.861935
62809	4.070768	-0.136588	11.412904	-0.729443	1.077130	-0.818541	-0.810254	0.358741	0.463458	-0.486170	-0.853032	-0.189668	0.327303	-0.378999	0.865582
62810	4.362820	0.226737	11.083030	-0.563551	1.362090	-0.970224	-0.809836	0.372143	0.453514	-0.495845	-0.847345	-0.190115	0.313533	-0.378834	0.870736
62811	3.903329	0.193633	10.698200	-0.626223	1.512526	-0.959379	-0.809650	0.385983	0.442136	-0.505556	-0.841314	-0.191323	0.298128	-0.378429	0.876305
62812	3.668789	-0.366004	10.323432	-0.675362	1.574048	-0.932770	-0.809438	0.399746	0.430131	-0.515076	-0.835089	-0.193194	0.281969	-0.377929	0.881852
62813	3.531637	-1.534800	9.942032	-0.716881	1.511819	-0.875334	-0.809035	0.412735	0.418465	-0.524126	-0.828816	-0.195847	0.265998	-0.377775	0.886866
62814	3.888254	-2.160721	9.501990	-0.623056	1.418704	-0.812617	-0.808396	0.424792	0.407490	-0.532319	-0.823055	-0.198034	0.251264	-0.377004	0.891479
62815	2.743298	-5.650580	8.580266	-0.126546	1.208792	-0.848815	-0.806825	0.436284	0.398359	-0.539484	-0.818921	-0.195771	0.240813	-0.372861	0.896094
62816	4.229979	0.781016	6.647578	-0.136846	0.554837	-0.721843	-0.804215	0.444238	0.394829	-0.545633	-0.815227	-0.194139	0.235631	-0.371561	0.898009
62817	5.834924	-1.228718	7.017815	0.292588	0.289284	-0.648347	-0.801345	0.450583	0.393473	-0.550153	-0.813398	-0.188982	0.234898	-0.367911	0.899702
62818	7.477930	-0.189854	7.968553	0.220824	0.105423	-0.471254	-0.798978	0.454791	0.393446	-0.553414	-0.812068	-0.185144	0.235303	-0.365664	0.900512
62819	8.221820	-0.837988	8.615637	0.220818	0.077843	-0.236595	-0.797847	0.456995	0.393187	-0.554792	-0.811782	-0.182253	0.235893	-0.363547	0.901215
62820	8.343546	-0.622703	8.776077	0.188677	0.102876	-0.013912	-0.797998	0.457473	0.392324	-0.554467	-0.812395	-0.180500	0.236149	-0.361570	0.901943
62821	7.969745	-1.012728	8.520465	0.156048	0.127432	0.185382	-0.799316	0.456429	0.390854	-0.552636	-0.813787	-0.179847	0.235984	-0.359754	0.902712
62822	7.562912	-0.985279	8.268826	0.163084	0.126886	0.323006	-0.801380	0.454245	0.389168	-0.549675	-0.815836	-0.179637	0.235898	-0.357873	0.903482
62823	7.272582	-0.766816	8.184871	0.167227	0.119555	0.407624	-0.803880	0.451352	0.387374	-0.546035	-0.818254	-0.179738	0.235845	-0.356007	0.904232
62824	7.181369	-0.644888	7.994433	0.156140	0.105635	0.436474	-0.806489	0.448143	0.385673	-0.542162	-0.820765	-0.180016	0.235874	-0.354278	0.904904
62825	6.702926	-0.452272	7.849383	0.157643	0.096595	0.432170	-0.809031	0.444948	0.384044	-0.538332	-0.823223	-0.180281	0.235938	-0.352596	0.905543
62826	6.297041	-0.588812	7.611752	0.177521	0.055086	0.408421	-0.811337	0.441767	0.382849	-0.534613	-0.825652	-0.180243	0.236475	-0.350914	0.906057
62827	5.759183	-0.522671	7.294564	0.226685	-0.003375	0.381360	-0.813338	0.438621	0.382221	-0.531015	-0.828094	-0.179675	0.237706	-0.349102	0.906435
62828	5.225821	-0.635600	7.279690	0.287549	-0.107982	0.345241	-0.814892	0.435375	0.382622	-0.527527	-0.830597	-0.178392	0.240137	-0.347214	0.906519
62829	5.276393	-0.625071	7.266997	0.352335	-0.198083	0.311355	-0.816025	0.432119	0.383896	-0.524176	-0.833137	-0.176418	0.243604	-0.345191	0.906367
62830	5.121849	-0.621500	7.442279	0.399723	-0.267939	0.267760	-0.816751	0.428956	0.385895	-0.521017	-0.835658	-0.173830	0.247911	-0.343034	0.906018
62831	5.508044	-0.646682	7.608925	0.453182	-0.342099	0.208870	-0.816953	0.426059	0.388667	-0.518217	-0.838070	-0.170560	0.253061	-0.340753	0.905454
62832	5.703661	-0.211463	7.557445	0.454458	-0.370934	0.144967	-0.816738	0.423576	0.391819	-0.515880	-0.840223	-0.167016	0.258472	-0.338540	0.904756
62833	5.957168	-0.096441	7.468309	0.410657	-0.415839	0.070389	-0.815986	0.421601	0.395499	-0.514274	-0.841876	-0.163603	0.263986	-0.336893	0.903778
62834	6.240277	-0.077404	7.154490	0.373224	-0.452495	-0.046991	-0.814521	0.420469	0.399701	-0.513671	-0.842927	-0.160049	0.269624	-0.335678	0.902565
62835	6.830539	-0.259107	6.904507	0.354196	-0.513274	-0.238304	-0.811867	0.420778	0.404745	-0.514686	-0.843082	-0.155918	0.275626	-0.334901	0.901039
62836	7.846558	-2.469034	7.945426	0.533654	-0.518342	-0.575299	-0.807433	0.423890	0.410328	-0.517865	-0.842427	-0.148771	0.282609	-0.332617	0.899721
62837	9.434545	-4.105045	10.101194	0.881242	-0.129768	-0.735542	-0.803203	0.429688	0.412594	-0.521329	-0.842150	-0.137837	0.288239	-0.325808	0.900426
62838	4.909008	-2.557920	8.913777	1.034647	0.398366	-0.752451	-0.800404	0.437296	0.410031	-0.524378	-0.842199	-0.125414	0.290485	-0.315393	0.903408
62839	1.114229	-2.940729	7.460113	1.103578	0.226052	-0.845753	-0.796564	0.445165	0.409039	-0.527980	-0.841839	-0.112000	0.294487	-0.305180	0.905617
62840	2.595825	-2.778617	8.861149	1.235247	-0.094792	-0.969338	-0.791126	0.453033	0.410950	-0.532002	-0.841187	-0.096837	0.301816	-0.295236	0.906500
62841	7.518581	5.868952	14.840012	0.397234	-0.293214	-0.293605	-0.788616	0.454691	0.413933	-0.533197	-0.840967	-0.092062	0.306244	-0.293309	0.905640
62842	4.346200	-1.827261	7.925449	0.255776	0.381690	-0.041451	-0.789543	0.456148	0.410550	-0.532753	-0.841517	-0.089576	0.304625	-0.289446	0.907428
62843	2.268643	1.799962	9.326896	-0.004278	-0.210220	-0.014584	-0.788778	0.455697	0.412516	-0.532945	-0.841395	-0.089582	0.306267	-0.290508	0.906535
62844	5.642663	-2.975558	10.751219	0.162424	-0.260826	-0.062186	-0.787625	0.455459	0.414974	-0.532945	-0.841576	-0.087856	0.309218	-0.290356	0.905581
62845	4.245323	-2.104732	9.160146	0.089605	-0.081810	-0.054171	-0.787040	0.455710	0.415808	-0.533153	-0.841550	-0.086844	0.310347	-0.290039	0.905297
62846	5.991216	-0.048676	9.909820	0.099342	-0.220726	-0.076287	-0.785927	0.455707	0.417910	-0.533454	-0.841483	-0.085631	0.312642	-0.290235	0.904444
62847	4.060190	-0.028506	9.505325	0.040978	0.038887	-0.054845	-0.785711	0.456316	0.417652	-0.533819	-0.841310	-0.085057	0.312562	-0.289781	0.904617
62848	4.435284	-0.887189	9.495934	0.061365	-0.091360	-0.045045	-0.785166	0.456427	0.418556	-0.533991	-0.841275	-0.084317	0.313636	-0.289708	0.904269
62849	4.557386	-0.602497	9.390821	0.046397	-0.020146	-0.037923	-0.784857	0.456719	0.418816	-0.534202	-0.841197	-0.083763	0.314051	-0.289474	0.904200
62850	4.956380	0.231501	9.935884	0.040446	-0.039924	0.002995	-0.784729	0.456575	0.419214	-0.534061	-0.841321	-0.083413	0.314609	-0.289342	0.904048
62851	4.433872	-0.295920	9.269869	-0.085614	0.110095	0.042404	-0.785260	0.456566	0.418229	-0.534052	-0.841230	-0.084387	0.313298	-0.289621	0.904413
62852	4.631712	-0.857998	9.274683	-0.076210	0.002385	0.061735	-0.785578	0.456049	0.418194	-0.533816	-0.841284	-0.085337	0.312902	-0.290278	0.904340
62853	4.313421	-0.651372	9.280528	-0.039509	0.016610	0.064549	-0.785934	0.455582	0.418035	-0.533486	-0.841427	-0.085986	0.312572	-0.290595	0.904352
62854	4.309171	-0.810181	9.244527	-0.043808	0.015646	0.071651	-0.786346	0.455021	0.417871	-0.533069	-0.841619	-0.086685	0.312245	-0.290918	0.904362
62855	4.309948	-0.505398	9.513490	-0.035396	-0.030439	0.081654	-0.786646	0.454272	0.418121	-0.532590	-0.841852	-0.087367	0.312308	-0.291414	0.904180
62856	4.431594	-0.964298	9.522521	-0.043755	-0.052122	0.075306	-0.786865	0.453482	0.418565	-0.532145	-0.842059	-0.088081	0.312514	-0.292045	0.903905
62857	4.561784	-1.285147	9.443381	-0.047147	-0.056403	0.068416	-0.787014	0.452767	0.419060	-0.531804	-0.842197	-0.088814	0.312720	-0.292755	0.903604
62858	4.431908	-1.328431	9.472744	-0.034208	-0.042131	0.052932	-0.787145	0.452193	0.419433	-0.531505	-0.842330	-0.089348	0.312899	-0.293261	0.903379
62859	4.384283	-1.413388	9.318193	-0.032230	-0.029994	0.034142	-0.787192	0.451846	0.419720	-0.531390	-0.842354	-0.089804	0.312975	-0.293727	0.903200
62860	4.381899	-1.266790	9.247313	-0.021840	-0.020267	0.018799	-0.787210	0.451624	0.419925	-0.531321	-0.842367	-0.090083	0.313048	-0.294029	0.903077
62861	4.423816	-1.179450	9.146671	-0.023780	-0.013916	0.008331	-0.787168	0.451543	0.420090	-0.531386	-0.842297	-0.090355	0.313041	-0.294355	0.902973
62862	4.336342	-1.199745	9.129928	-0.019188	-0.002499	0.010682	-0.787199	0.451441	0.420142	-0.531373	-0.842282	-0.090577	0.312988	-0.294554	0.902927
62863	4.386187	-1.169314	9.041710	-0.008940	0.007288	0.010331	-0.787233	0.451407	0.420114	-0.531378	-0.842263	-0.090724	0.312893	-0.294660	0.902925
62864	4.313720	-1.053633	9.118322	0.004979	0.013533	0.012046	-0.787321	0.451342	0.420020	-0.531278	-0.842325	-0.090733	0.312842	-0.294583	0.902968
62865	4.366403	-0.980893	9.075013	0.016911	0.017866	0.018527	-0.787431	0.451271	0.419889	-0.531139	-0.842418	-0.090682	0.312800	-0.294425	0.903034
62866	4.266204	-0.998261	9.223565	0.018774	0.030629	0.024655	-0.787639	0.451149	0.419629	-0.530896	-0.842578	-0.090619	0.312688	-0.294155	0.903161
62867	4.227071	-0.883235	9.259448	0.026153	0.027961	0.026131	-0.787821	0.451045	0.419400	-0.530669	-0.842732	-0.090516	0.312615	-0.293873	0.903278
62868	4.187722	-0.846527	9.313141	0.033873	0.016068	0.031488	-0.788020	0.450822	0.419266	-0.530326	-0.842966	-0.090346	0.312697	-0.293542	0.903357
62869	4.253518	-0.869042	9.343409	0.033433	0.005692	0.037035	-0.788190	0.450559	0.419228	-0.529988	-0.843192	-0.090222	0.312839	-0.293299	0.903387
62870	4.221492	-0.930142	9.363798	0.040577	-0.002451	0.036328	-0.788356	0.450242	0.419257	-0.529586	-0.843467	-0.090012	0.313102	-0.292994	0.903394
62871	4.326138	-0.987790	9.340817	0.030444	-0.016146	0.034265	-0.788444	0.449938	0.419419	-0.529279	-0.843671	-0.089903	0.313401	-0.292873	0.903330
62872	4.329686	-1.130675	9.337167	0.030233	-0.010839	0.027967	-0.788539	0.449666	0.419531	-0.528974	-0.843878	-0.089751	0.313675	-0.292693	0.903293
62873	4.211905	-1.131083	9.322547	0.022684	-0.015598	0.023096	-0.788569	0.449458	0.419698	-0.528780	-0.844009	-0.089667	0.313928	-0.292636	0.903224
62874	4.191531	-1.251235	9.353505	0.009722	-0.026559	0.016095	-0.788552	0.449241	0.419963	-0.528633	-0.844103	-0.089650	0.314218	-0.292700	0.903102
62875	4.269819	-1.136636	9.294653	0.012275	-0.035346	0.008933	-0.788444	0.449095	0.420321	-0.528585	-0.844139	-0.089600	0.314570	-0.292820	0.902941
62876	4.132973	-1.180651	9.292411	-0.010738	-0.030921	0.010036	-0.788381	0.448916	0.420631	-0.528550	-0.844145	-0.089743	0.314786	-0.293076	0.902782
62877	4.292837	-1.082494	9.401546	-0.008968	-0.054173	-0.002470	-0.788153	0.448812	0.421168	-0.528659	-0.844067	-0.089838	0.315174	-0.293461	0.902522
62878	4.311223	-1.016573	9.363326	-0.019628	-0.052763	-0.004784	-0.787942	0.448694	0.421688	-0.528770	-0.843980	-0.089999	0.315515	-0.293890	0.902263
62879	4.509894	-0.875335	9.401066	-0.020265	-0.047056	-0.009647	-0.787698	0.448671	0.422168	-0.528971	-0.843836	-0.090165	0.315786	-0.294338	0.902022
62880	4.525004	-0.882597	9.308344	-0.011762	-0.044482	0.001059	-0.787544	0.448527	0.422608	-0.529011	-0.843799	-0.090279	0.316104	-0.294663	0.901805
62881	4.429901	-0.922065	9.297334	-0.003803	-0.033759	0.003027	-0.787409	0.448436	0.422956	-0.529060	-0.843761	-0.090351	0.316357	-0.294912	0.901635
62882	4.422374	-0.943154	9.302615	0.005701	-0.031506	0.005778	-0.787321	0.448290	0.423275	-0.529008	-0.843796	-0.090327	0.316665	-0.295032	0.901487
