// General information: 
//  MT Manager version: 2022.2.0 
//  XDA version: 2022.2.0 build 7381 rev 124627 built on 2023-07-19
// Device information: 
//  DeviceId: 00B4CAF0
//  ProductCode: MTW2-3A7G6
//  Firmware Version: 4.6.0
//  Hardware Version: 2.0.0
// Device settings: 
//  Filter Profile: human(46.1)
//  Option Flags: Orientation Smoother Disabled, Position/Velocity Smoother Disabled, Continuous Zero Rotation Update Disabled, AHS Disabled, ICC Disabled
// Coordinate system: ENU
PacketCounter	Acc_X	Acc_Y	Acc_Z	Gyr_X	Gyr_Y	Gyr_Z	Mat[1][1]	Mat[2][1]	Mat[3][1]	Mat[1][2]	Mat[2][2]	Mat[3][2]	Mat[1][3]	Mat[2][3]	Mat[3][3]
17371	4.737046	-1.164029	9.043733	-0.001452	-0.005828	0.007120	-0.673244	0.580295	0.458258	-0.690853	-0.714562	-0.110104	0.263561	-0.390716	0.881973
17372	4.714435	-1.209236	9.022471	-0.000091	-0.005757	0.006421	-0.673245	0.580212	0.458362	-0.690827	-0.714581	-0.110146	0.263629	-0.390804	0.881914
17373	4.719554	-1.137024	9.033042	0.004107	-0.002120	0.004575	-0.673240	0.580176	0.458414	-0.690810	-0.714599	-0.110137	0.263683	-0.390826	0.881888
17374	4.717846	-1.161123	9.029515	0.001555	0.002879	0.006353	-0.673073	0.580355	0.458432	-0.691016	-0.714396	-0.110161	0.263570	-0.390930	0.881875
17375	4.717750	-1.161202	9.029555	0.002045	-0.002071	0.003925	-0.673064	0.580324	0.458485	-0.691010	-0.714401	-0.110167	0.263610	-0.390967	0.881847
17376	4.710343	-1.179851	8.992411	0.003577	0.003139	0.003604	-0.672888	0.580491	0.458531	-0.691204	-0.714216	-0.110150	0.263549	-0.391057	0.881825
17377	4.711633	-1.155603	8.996176	0.003577	0.003138	0.003604	-0.672891	0.580483	0.458538	-0.691196	-0.714225	-0.110141	0.263564	-0.391053	0.881823
17378	4.729374	-1.182851	9.006707	0.005753	0.006515	0.004508	-0.672783	0.580619	0.458524	-0.691328	-0.714100	-0.110123	0.263492	-0.391079	0.881833
17379	4.751645	-1.137810	9.028127	0.004506	0.009871	0.005459	-0.672816	0.580624	0.458469	-0.691305	-0.714123	-0.110115	0.263468	-0.391029	0.881862
17380	4.734695	-1.163514	9.045030	0.010162	0.014981	0.006441	-0.672895	0.580624	0.458353	-0.691241	-0.714191	-0.110082	0.263436	-0.390906	0.881927
17381	4.711817	-1.183850	9.028425	0.004677	0.015009	0.005837	-0.672945	0.580646	0.458253	-0.691215	-0.714217	-0.110074	0.263378	-0.390824	0.881980
17382	4.667955	-1.189413	9.088602	0.006661	0.015576	-0.000311	-0.672889	0.580791	0.458150	-0.691308	-0.714133	-0.110033	0.263274	-0.390763	0.882038
17383	4.662792	-1.159490	9.059165	0.005109	0.008346	0.003284	-0.672903	0.580806	0.458112	-0.691298	-0.714146	-0.110009	0.263265	-0.390717	0.882061
17384	4.667910	-1.164617	9.093113	0.002176	0.003376	0.000904	-0.672779	0.580935	0.458129	-0.691443	-0.714006	-0.110007	0.263200	-0.390780	0.882052
17385	4.685141	-1.114442	9.080535	-0.001362	-0.000070	0.000699	-0.672753	0.580935	0.458167	-0.691468	-0.713979	-0.110028	0.263203	-0.390830	0.882030
17386	4.723410	-1.145534	9.104496	-0.002895	-0.005278	0.001020	-0.672793	0.580843	0.458225	-0.691415	-0.714020	-0.110090	0.263237	-0.390892	0.881992
17387	4.694473	-1.107645	9.026599	-0.002309	-0.008823	0.002119	-0.672754	0.580799	0.458339	-0.691433	-0.713997	-0.110127	0.263292	-0.390999	0.881928
17388	4.759800	-1.159033	9.007177	-0.001456	-0.005826	0.007121	-0.672649	0.580852	0.458425	-0.691548	-0.713876	-0.110187	0.263256	-0.391140	0.881876
17389	4.726038	-1.158020	9.012973	-0.002023	-0.000259	0.002748	-0.672637	0.580837	0.458463	-0.691561	-0.713858	-0.110224	0.263255	-0.391196	0.881852
17390	4.726093	-1.158334	9.012904	0.002120	-0.002689	0.010726	-0.672756	0.580663	0.458509	-0.691414	-0.713993	-0.110278	0.263338	-0.391209	0.881821
17391	4.662243	-1.185212	9.054835	0.000039	-0.000309	0.003400	-0.672748	0.580643	0.458546	-0.691417	-0.713987	-0.110300	0.263351	-0.391250	0.881799
17392	4.696286	-1.186855	9.048808	-0.001380	-0.002092	0.003973	-0.672704	0.580659	0.458591	-0.691470	-0.713927	-0.110352	0.263323	-0.391336	0.881769
17393	4.684144	-1.165045	9.071937	-0.002253	-0.007111	0.002245	-0.672669	0.580620	0.458690	-0.691487	-0.713905	-0.110389	0.263367	-0.391433	0.881713
17394	4.707930	-1.120549	9.092505	-0.003011	-0.008704	0.000768	-0.672610	0.580590	0.458815	-0.691527	-0.713859	-0.110434	0.263413	-0.391562	0.881642
17395	4.727977	-1.159811	9.011726	-0.002914	-0.007301	0.004294	-0.672589	0.580536	0.458914	-0.691532	-0.713846	-0.110486	0.263453	-0.391665	0.881585
17396	4.796464	-1.163025	8.999451	-0.002195	-0.005398	0.002371	-0.672553	0.580525	0.458980	-0.691569	-0.713801	-0.110543	0.263447	-0.391762	0.881543
17397	4.764349	-1.137670	9.008852	-0.000700	0.000120	-0.001350	-0.672513	0.580541	0.459019	-0.691606	-0.713765	-0.110550	0.263453	-0.391806	0.881522
17398	4.758572	-1.132461	8.975249	0.000836	0.000975	0.008276	-0.672516	0.580509	0.459056	-0.691602	-0.713762	-0.110592	0.263457	-0.391859	0.881497
17399	4.708409	-1.157202	8.997658	0.004393	0.006443	0.005207	-0.672538	0.580502	0.459032	-0.691581	-0.713783	-0.110584	0.263455	-0.391830	0.881511
17400	4.713299	-1.162263	9.031743	0.007232	0.010008	0.004060	-0.672491	0.580595	0.458982	-0.691647	-0.713724	-0.110554	0.263399	-0.391801	0.881540
17401	4.685920	-1.141646	9.075341	0.007059	0.004868	0.003682	-0.672499	0.580594	0.458974	-0.691630	-0.713747	-0.110515	0.263426	-0.391761	0.881550
17402	4.702072	-1.193076	9.082271	0.000854	0.002997	0.005002	-0.672395	0.580674	0.459024	-0.691744	-0.713634	-0.110529	0.263394	-0.391846	0.881522
17403	4.666132	-1.215751	9.084839	0.002877	0.003256	0.002254	-0.672388	0.580677	0.459031	-0.691747	-0.713633	-0.110520	0.263403	-0.391846	0.881519
17404	4.711614	-1.161573	9.032711	0.000058	0.001713	0.000126	-0.672273	0.580785	0.459062	-0.691880	-0.713501	-0.110535	0.263344	-0.391925	0.881501
17405	4.700660	-1.115192	9.059697	0.002023	0.000259	-0.002749	-0.672224	0.580811	0.459101	-0.691919	-0.713467	-0.110511	0.263367	-0.391949	0.881484
17406	4.737908	-1.068344	9.060874	0.000039	-0.000309	0.003400	-0.672208	0.580793	0.459147	-0.691931	-0.713451	-0.110541	0.263377	-0.392005	0.881456
17407	4.746979	-1.138982	9.030434	-0.001169	0.002738	0.007751	-0.672238	0.580754	0.459153	-0.691908	-0.713465	-0.110594	0.263362	-0.392037	0.881446
17408	4.729143	-1.189304	9.043295	0.003635	0.004848	0.003730	-0.672267	0.580726	0.459145	-0.691876	-0.713495	-0.110598	0.263371	-0.392023	0.881450
17409	4.696478	-1.163780	9.052989	0.000096	0.001404	0.003526	-0.672264	0.580711	0.459168	-0.691878	-0.713490	-0.110620	0.263373	-0.392054	0.881435
17410	4.710383	-1.161895	9.033311	0.002216	0.003066	0.004303	-0.672184	0.580785	0.459192	-0.691970	-0.713399	-0.110630	0.263334	-0.392111	0.881421
17411	4.703293	-1.145124	9.090433	0.002158	0.001353	0.004177	-0.672186	0.580766	0.459214	-0.691963	-0.713405	-0.110637	0.263351	-0.392128	0.881409
17412	4.729789	-1.165451	9.047347	-0.001266	0.001334	0.004225	-0.672164	0.580789	0.459217	-0.692006	-0.713355	-0.110694	0.263295	-0.392185	0.881401
17413	4.709797	-1.162134	9.033586	0.002820	0.001542	0.002128	-0.672151	0.580785	0.459239	-0.692010	-0.713352	-0.110685	0.263315	-0.392195	0.881390
17414	4.743688	-1.163571	9.027675	0.000038	-0.000309	0.003400	-0.672035	0.580874	0.459299	-0.692138	-0.713224	-0.110707	0.263276	-0.392297	0.881356
17415	4.739572	-1.134039	8.997660	0.004881	0.001491	0.002780	-0.672026	0.580865	0.459321	-0.692133	-0.713233	-0.110684	0.263311	-0.392294	0.881347
17416	4.739176	-1.133732	8.997908	0.004355	0.006749	0.001806	-0.671970	0.580954	0.459291	-0.692210	-0.713160	-0.110674	0.263252	-0.392296	0.881364
17417	4.742408	-1.162959	9.028426	0.004509	0.009866	0.005458	-0.672003	0.580959	0.459237	-0.692188	-0.713182	-0.110666	0.263228	-0.392246	0.881393
17418	4.707634	-1.161212	9.034832	0.006417	0.006698	0.002458	-0.671917	0.581063	0.459231	-0.692284	-0.713094	-0.110630	0.263192	-0.392253	0.881401
17419	4.711006	-1.190433	9.065274	0.003731	0.006251	0.007256	-0.671952	0.581042	0.459207	-0.692252	-0.713124	-0.110637	0.263187	-0.392230	0.881413
17420	4.656643	-1.185358	9.057697	0.005659	0.005105	0.000982	-0.671938	0.581061	0.459203	-0.692262	-0.713119	-0.110609	0.263195	-0.392211	0.881418
17421	4.699258	-1.143805	9.092686	-0.001304	0.001644	0.000824	-0.671917	0.581067	0.459226	-0.692287	-0.713092	-0.110631	0.263186	-0.392251	0.881404
17422	4.693597	-1.138688	9.059022	-0.002082	-0.001970	0.002622	-0.672001	0.580942	0.459261	-0.692188	-0.713179	-0.110690	0.263231	-0.392279	0.881378
17423	4.740166	-1.162356	9.029681	0.001362	0.000069	-0.000699	-0.671965	0.580953	0.459300	-0.692215	-0.713154	-0.110681	0.263251	-0.392308	0.881359
17424	4.741962	-1.138415	9.033141	-0.002103	-0.003992	0.005897	-0.671757	0.581110	0.459406	-0.692445	-0.712923	-0.110725	0.263178	-0.392494	0.881298
17425	4.804326	-1.136196	8.987550	0.002157	0.001352	0.004178	-0.671758	0.581091	0.459428	-0.692438	-0.712930	-0.110731	0.263195	-0.392510	0.881285
17426	4.752479	-1.184822	9.006397	0.004394	0.006439	0.005206	-0.671766	0.581094	0.459414	-0.692433	-0.712934	-0.110731	0.263187	-0.392498	0.881293
17427	4.739093	-1.162370	9.030242	0.007292	0.011714	0.004186	-0.671794	0.581116	0.459344	-0.692412	-0.712960	-0.110692	0.263169	-0.392418	0.881334
17428	4.737906	-1.161911	9.030924	0.008050	0.013306	0.005662	-0.671874	0.581102	0.459245	-0.692345	-0.713029	-0.110673	0.263142	-0.392314	0.881389
17429	4.706646	-1.189517	9.067659	0.006688	0.013236	0.006360	-0.671921	0.581115	0.459160	-0.692311	-0.713065	-0.110650	0.263110	-0.392229	0.881436
17430	4.681660	-1.156210	9.024389	0.007955	0.011901	0.002137	-0.672041	0.581051	0.459065	-0.692190	-0.713187	-0.110622	0.263122	-0.392102	0.881489
17431	4.691991	-1.166431	9.092221	0.003715	0.008579	0.000581	-0.672036	0.581086	0.459027	-0.692203	-0.713178	-0.110598	0.263101	-0.392066	0.881511
17432	4.707105	-1.140238	9.076376	0.002331	0.006489	0.004554	-0.672064	0.581085	0.458988	-0.692191	-0.713186	-0.110624	0.263062	-0.392054	0.881528
17433	4.720723	-1.138223	9.056894	0.002936	0.004965	0.002379	-0.672062	0.581093	0.458981	-0.692194	-0.713185	-0.110616	0.263060	-0.392044	0.881533
17434	4.721977	-1.114050	9.060660	0.002214	0.003064	0.004303	-0.671954	0.581180	0.459029	-0.692308	-0.713073	-0.110614	0.263035	-0.392117	0.881508
17435	4.752323	-1.163713	9.047819	0.002214	0.003064	0.004303	-0.671960	0.581167	0.459036	-0.692300	-0.713080	-0.110621	0.263040	-0.392123	0.881504
17436	4.719668	-1.138153	9.057453	0.002214	0.003064	0.004303	-0.671921	0.581187	0.459068	-0.692338	-0.713042	-0.110628	0.263039	-0.392163	0.881486
17437	4.737250	-1.165736	9.068055	0.001726	0.008012	0.006728	-0.671958	0.581177	0.459028	-0.692315	-0.713061	-0.110650	0.263008	-0.392144	0.881504
17438	4.701117	-1.188446	9.070667	0.002155	0.001352	0.004178	-0.671970	0.581159	0.459032	-0.692306	-0.713066	-0.110677	0.262999	-0.392162	0.881499
17439	4.716948	-1.162415	9.054438	0.000640	-0.001832	0.001226	-0.671942	0.581149	0.459085	-0.692323	-0.713048	-0.110684	0.263026	-0.392208	0.881470
17440	4.711316	-1.157157	9.020789	0.000793	0.001283	0.004876	-0.671931	0.581141	0.459112	-0.692337	-0.713030	-0.110716	0.263019	-0.392253	0.881452
17441	4.725327	-1.155228	9.001099	0.003518	0.001420	0.003480	-0.671927	0.581128	0.459134	-0.692330	-0.713037	-0.110708	0.263044	-0.392260	0.881442
17442	4.726665	-1.131056	9.004823	0.002273	0.004776	0.004428	-0.671897	0.581157	0.459141	-0.692367	-0.713000	-0.110718	0.263023	-0.392286	0.881437
17443	4.756765	-1.180735	8.992118	0.002331	0.006488	0.004554	-0.671914	0.581155	0.459118	-0.692357	-0.713009	-0.110725	0.263006	-0.392272	0.881448
17444	4.711210	-1.132839	9.025284	0.005115	0.008336	0.003283	-0.671851	0.581258	0.459081	-0.692445	-0.712926	-0.110712	0.262938	-0.392270	0.881469
17445	4.698433	-1.187988	9.072117	0.006571	0.009807	0.006110	-0.671887	0.581259	0.459026	-0.692413	-0.712960	-0.110689	0.262929	-0.392206	0.881500
17446	4.741943	-1.157807	9.016748	0.004997	0.004911	0.003033	-0.671930	0.581206	0.459031	-0.692354	-0.713020	-0.110672	0.262975	-0.392176	0.881500
17447	4.693137	-1.157939	9.042790	0.003717	0.008576	0.000580	-0.671925	0.581241	0.458994	-0.692367	-0.713012	-0.110649	0.262954	-0.392140	0.881522
17448	4.692424	-1.157787	9.043180	0.003030	0.006367	0.005905	-0.672012	0.581153	0.458978	-0.692271	-0.713102	-0.110666	0.262984	-0.392106	0.881528
17449	4.677594	-1.159554	9.063302	0.004357	0.006743	0.001807	-0.672011	0.581173	0.458955	-0.692274	-0.713102	-0.110642	0.262980	-0.392076	0.881543
17450	4.698581	-1.138708	9.080984	0.000816	0.003304	0.001601	-0.672015	0.581146	0.458983	-0.692262	-0.713113	-0.110652	0.263002	-0.392097	0.881527
17451	4.705267	-1.155639	9.024140	-0.000605	0.001524	0.002174	-0.672002	0.581142	0.459006	-0.692275	-0.713096	-0.110674	0.262998	-0.392132	0.881513
17452	4.719218	-1.153955	9.004466	-0.001210	0.003048	0.004348	-0.671969	0.581179	0.459009	-0.692330	-0.713035	-0.110724	0.262940	-0.392189	0.881505
17453	4.746104	-1.138752	9.055606	0.003492	-0.000601	0.006757	-0.671982	0.581134	0.459046	-0.692302	-0.713061	-0.110731	0.262979	-0.392207	0.881485
17454	4.685033	-1.152703	9.010428	0.001431	-0.000549	0.006103	-0.671931	0.581154	0.459095	-0.692355	-0.713006	-0.110758	0.262970	-0.392279	0.881456
17455	4.738797	-1.157765	9.018407	0.000034	-0.000308	0.003400	-0.671922	0.581135	0.459133	-0.692359	-0.712999	-0.110780	0.262983	-0.392320	0.881433
17456	4.702968	-1.180604	9.020818	-0.001210	0.003048	0.004348	-0.671885	0.581170	0.459143	-0.692414	-0.712937	-0.110827	0.262931	-0.392380	0.881422
17457	4.738306	-1.158161	9.018615	0.001515	0.003183	0.002952	-0.671882	0.581167	0.459150	-0.692417	-0.712934	-0.110834	0.262931	-0.392391	0.881418
17458	4.689798	-1.158502	9.044451	0.003576	0.003130	0.003606	-0.671852	0.581205	0.459146	-0.692458	-0.712893	-0.110841	0.262900	-0.392408	0.881419
17459	4.735908	-1.182033	9.015488	0.002937	0.004962	0.002379	-0.671850	0.581214	0.459138	-0.692461	-0.712891	-0.110833	0.262898	-0.392399	0.881424
17460	4.722829	-1.159695	9.039102	0.003694	0.006553	0.003856	-0.671769	0.581329	0.459110	-0.692571	-0.712783	-0.110837	0.262813	-0.392423	0.881438
17461	4.738079	-1.133454	9.023226	0.002263	0.007102	-0.002248	-0.671741	0.581379	0.459089	-0.692607	-0.712752	-0.110813	0.262792	-0.392406	0.881452
17462	4.707222	-1.160987	9.059682	0.005839	0.010232	0.001359	-0.671682	0.581465	0.459066	-0.692675	-0.712693	-0.110772	0.262764	-0.392387	0.881469
17463	4.695737	-1.114233	9.086900	0.006998	0.003144	0.003563	-0.671683	0.581458	0.459074	-0.692660	-0.712714	-0.110733	0.262802	-0.392359	0.881470
17464	4.704741	-1.184388	9.056658	0.002094	-0.000361	0.004054	-0.671657	0.581453	0.459118	-0.692680	-0.712692	-0.110748	0.262815	-0.392406	0.881445
17465	4.688456	-1.132622	9.049774	0.004003	-0.003530	0.001059	-0.671623	0.581438	0.459187	-0.692689	-0.712687	-0.110724	0.262877	-0.392438	0.881412
17466	4.674639	-1.134215	9.069380	0.003944	-0.005241	0.000934	-0.671670	0.581320	0.459268	-0.692599	-0.712775	-0.110714	0.262994	-0.392452	0.881371
17467	4.707494	-1.159350	9.059750	0.006610	-0.006819	-0.000585	-0.671616	0.581303	0.459367	-0.692612	-0.712771	-0.110660	0.263097	-0.392485	0.881326
17468	4.760132	-1.187898	9.064008	0.005340	-0.005482	0.003637	-0.671522	0.581337	0.459462	-0.692687	-0.712701	-0.110641	0.263139	-0.392561	0.881279
17469	4.715579	-1.175375	9.002311	0.005188	-0.008598	-0.000012	-0.671468	0.581309	0.459576	-0.692700	-0.712694	-0.110602	0.263243	-0.392614	0.881225
17470	4.695239	-1.159998	9.078672	0.001730	-0.008305	-0.003368	-0.671383	0.581313	0.459697	-0.692756	-0.712642	-0.110587	0.263313	-0.392704	0.881164
17471	4.696338	-1.159525	9.078164	0.007011	-0.015500	0.000144	-0.671311	0.581257	0.459872	-0.692764	-0.712643	-0.110533	0.263477	-0.392784	0.881079
17472	4.685392	-1.136773	9.100720	0.004133	-0.018751	-0.002109	-0.671223	0.581193	0.460081	-0.692786	-0.712626	-0.110503	0.263642	-0.392910	0.880974
17473	4.677101	-1.167681	9.149667	0.002593	-0.023955	-0.001784	-0.671115	0.581118	0.460333	-0.692818	-0.712599	-0.110479	0.263831	-0.393071	0.880845
17474	4.692292	-1.189718	9.125012	-0.001885	-0.034124	-0.003835	-0.671016	0.580965	0.460671	-0.692822	-0.712593	-0.110498	0.264075	-0.393309	0.880666
17475	4.656232	-1.182977	9.095452	-0.004243	-0.042637	-0.005109	-0.670836	0.580839	0.461091	-0.692894	-0.712519	-0.110519	0.264342	-0.393627	0.880444
17476	4.706870	-1.207059	9.064007	-0.009907	-0.047741	-0.006088	-0.670608	0.580718	0.461575	-0.693016	-0.712390	-0.110586	0.264602	-0.394039	0.880181
17477	4.817854	-1.175231	8.960160	-0.002481	-0.051264	-0.005080	-0.670405	0.580558	0.462070	-0.693083	-0.712324	-0.110591	0.264939	-0.394394	0.879921
17478	4.846756	-1.106084	8.982418	0.004178	-0.037725	-0.002131	-0.670152	0.580520	0.462486	-0.693225	-0.712194	-0.110541	0.265208	-0.394686	0.879709
17479	4.788480	-1.185139	9.049426	0.014545	-0.036280	0.001247	-0.670033	0.580374	0.462842	-0.693205	-0.712231	-0.110426	0.265562	-0.394833	0.879536
17480	4.817791	-1.269875	9.118538	0.020109	-0.032589	-0.001303	-0.669922	0.580237	0.463173	-0.693167	-0.712294	-0.110259	0.265939	-0.394921	0.879383
17481	4.784129	-1.505589	9.068319	0.001950	-0.027759	-0.036284	-0.669565	0.580392	0.463496	-0.693432	-0.712064	-0.110080	0.266149	-0.395108	0.879235
17482	4.977069	-1.459708	8.847092	-0.014088	0.003749	-0.080305	-0.668888	0.581084	0.463605	-0.694148	-0.711402	-0.109841	0.265983	-0.395282	0.879207
17483	5.036516	-1.253106	8.940735	-0.048683	0.043335	-0.100176	-0.668275	0.581974	0.463373	-0.694974	-0.710600	-0.109811	0.265365	-0.395417	0.879333
17484	5.057962	-1.296380	8.896214	-0.049505	0.067028	-0.114860	-0.667624	0.583053	0.462956	-0.695897	-0.709708	-0.109730	0.264585	-0.395428	0.879563
17485	5.178614	-0.907180	8.726690	-0.053959	0.077162	-0.113364	-0.667006	0.584168	0.462440	-0.696823	-0.708806	-0.109687	0.263705	-0.395401	0.879840
17486	5.111575	-0.669422	8.831358	-0.025122	0.084098	-0.074235	-0.666805	0.584896	0.461809	-0.697267	-0.708384	-0.109592	0.263038	-0.395081	0.880183
17487	4.724880	-1.528413	8.957615	-0.035830	0.077633	-0.041699	-0.666686	0.585504	0.461210	-0.697666	-0.707971	-0.109722	0.262281	-0.394921	0.880481
17488	5.056223	-1.919819	8.771644	-0.062861	0.091707	-0.047139	-0.666565	0.586204	0.460496	-0.698175	-0.707414	-0.110078	0.261233	-0.394880	0.880810
17489	4.755758	-1.592193	8.841681	-0.052381	0.125301	-0.056415	-0.666466	0.587103	0.459492	-0.698714	-0.706849	-0.110286	0.260042	-0.394556	0.881308
17490	4.670030	-1.192448	8.835148	-0.065030	0.139310	-0.060687	-0.666290	0.588147	0.458411	-0.699395	-0.706129	-0.110583	0.258659	-0.394291	0.881834
17491	4.510578	-0.726392	8.905011	-0.065376	0.144665	-0.044530	-0.666319	0.589037	0.457224	-0.699887	-0.705582	-0.110962	0.257248	-0.393941	0.882402
17492	4.238145	-0.500457	9.290948	-0.065751	0.121318	-0.015470	-0.666451	0.589670	0.456215	-0.700234	-0.705154	-0.111490	0.255959	-0.393760	0.882858
17493	4.105739	-0.464095	9.392536	-0.056610	0.094166	0.018670	-0.666791	0.589915	0.455401	-0.700280	-0.705014	-0.112082	0.254945	-0.393644	0.883203
17494	4.264437	-0.403821	9.220191	-0.041072	0.056056	0.041641	-0.667240	0.589799	0.454894	-0.700085	-0.705117	-0.112657	0.254308	-0.393633	0.883391
17495	4.677664	-0.698093	9.161389	-0.034142	0.028183	0.064786	-0.667733	0.589459	0.454610	-0.699766	-0.705337	-0.113260	0.253892	-0.393748	0.883460
17496	4.718778	-0.911693	9.050636	-0.008181	0.021969	0.078443	-0.668352	0.588962	0.454345	-0.699247	-0.705777	-0.113717	0.253691	-0.393702	0.883538
17497	4.438800	-1.078764	9.104368	0.018998	0.015359	0.077684	-0.668902	0.588480	0.454160	-0.698706	-0.706282	-0.113909	0.253732	-0.393518	0.883608
17498	4.308452	-1.098361	9.281643	0.035376	-0.006097	0.069048	-0.669294	0.588001	0.454203	-0.698221	-0.706761	-0.113912	0.254033	-0.393375	0.883586
17499	4.418200	-1.219849	9.226402	0.043423	-0.031105	0.060908	-0.669608	0.587454	0.454447	-0.697730	-0.707262	-0.113812	0.254554	-0.393291	0.883473
17500	4.515111	-1.342709	9.190164	0.048552	-0.041082	0.057365	-0.669733	0.587029	0.454814	-0.697403	-0.707611	-0.113642	0.255120	-0.393298	0.883306
17501	4.623774	-1.296700	9.179121	0.048944	-0.049452	0.054675	-0.669956	0.586453	0.455227	-0.696939	-0.708097	-0.113466	0.255803	-0.393283	0.883116
17502	4.758500	-1.330471	9.026932	0.039483	-0.043908	0.049710	-0.670082	0.586018	0.455602	-0.696623	-0.708425	-0.113355	0.256332	-0.393341	0.882937
17503	4.770329	-1.286287	9.066361	0.044326	-0.042122	0.049112	-0.670284	0.585510	0.455958	-0.696207	-0.708860	-0.113195	0.256933	-0.393314	0.882774
17504	4.828874	-1.043047	8.917905	0.054045	-0.036517	0.044641	-0.670472	0.585063	0.456256	-0.695801	-0.709299	-0.112943	0.257543	-0.393189	0.882652
17505	5.089653	-0.580271	8.878111	0.102327	-0.030995	0.061672	-0.670789	0.584509	0.456499	-0.695151	-0.710034	-0.112328	0.258473	-0.392684	0.882605
17506	4.656122	-1.790205	9.108280	0.116186	-0.005206	0.062073	-0.671095	0.584148	0.456512	-0.694560	-0.710726	-0.111602	0.259262	-0.391970	0.882690
17507	4.757658	-1.643963	8.956602	0.092763	0.017017	0.043416	-0.671409	0.583912	0.456352	-0.694055	-0.711315	-0.110988	0.259803	-0.391252	0.882850
17508	4.713355	-1.541978	8.998565	0.079318	0.028424	0.030698	-0.671718	0.583747	0.456109	-0.693606	-0.711837	-0.110445	0.260203	-0.390548	0.883044
17509	4.743791	-1.460542	8.972306	0.065702	0.034710	0.017603	-0.671898	0.583763	0.455822	-0.693344	-0.712169	-0.109952	0.260436	-0.389918	0.883254
17510	4.848248	-1.321966	8.855016	0.060795	0.054453	0.008129	-0.671984	0.584021	0.455366	-0.693262	-0.712323	-0.109471	0.260434	-0.389250	0.883549
17511	4.769594	-1.057612	8.981451	0.058607	0.072001	0.003940	-0.672166	0.584279	0.454764	-0.693110	-0.712547	-0.108978	0.260367	-0.388452	0.883919
17512	4.656866	-0.941403	8.948825	0.052589	0.074954	0.009002	-0.672497	0.584390	0.454133	-0.692814	-0.712896	-0.108573	0.260300	-0.387645	0.884294
17513	4.597462	-0.872601	9.041814	0.045226	0.077543	0.018154	-0.672793	0.584567	0.453466	-0.692601	-0.713150	-0.108263	0.260102	-0.386910	0.884674
17514	4.666532	-1.045186	9.024433	0.036180	0.071833	0.023986	-0.673016	0.584767	0.452876	-0.692478	-0.713302	-0.108051	0.259853	-0.386327	0.885002
17515	4.635040	-1.112464	9.003733	0.025968	0.073500	0.024189	-0.673343	0.584884	0.452239	-0.692275	-0.713516	-0.107938	0.259548	-0.385753	0.885342
17516	4.660395	-1.214454	9.022066	0.023437	0.080787	0.019252	-0.673663	0.585061	0.451533	-0.692107	-0.713693	-0.107840	0.259163	-0.385157	0.885714
17517	4.791275	-1.308821	8.937306	0.029825	0.087727	0.018330	-0.673985	0.585274	0.450775	-0.691934	-0.713888	-0.107665	0.258789	-0.384471	0.886121
17518	4.880787	-1.204474	8.872362	0.042901	0.110147	0.017092	-0.674247	0.585674	0.449863	-0.691849	-0.714017	-0.107357	0.258334	-0.383623	0.886621
17519	4.925019	-1.104118	8.867592	0.057389	0.134609	0.011886	-0.674645	0.586111	0.448696	-0.691647	-0.714279	-0.106909	0.257833	-0.382465	0.887267
17520	4.891779	-1.095644	8.861599	0.072308	0.170376	0.014324	-0.675159	0.586663	0.447199	-0.691390	-0.714611	-0.106355	0.257179	-0.380995	0.888089
17521	4.905870	-1.139125	8.859492	0.089097	0.200919	0.017074	-0.675761	0.587312	0.445435	-0.691072	-0.715023	-0.105647	0.256449	-0.379220	0.889059
17522	4.827541	-1.276343	8.875828	0.102629	0.236511	0.020196	-0.676417	0.588122	0.443365	-0.690765	-0.715439	-0.104834	0.255546	-0.377173	0.890189
17523	4.738297	-1.317625	8.926673	0.111127	0.266043	0.013333	-0.677156	0.589034	0.441021	-0.690419	-0.715908	-0.103911	0.254523	-0.374853	0.891461
17524	3.599714	-0.887410	9.670562	0.105210	0.314157	0.008447	-0.677967	0.590178	0.438236	-0.690147	-0.716296	-0.103037	0.253096	-0.372303	0.892935
17525	4.264916	-0.804371	9.683326	0.063677	0.101336	0.034994	-0.678433	0.590312	0.437334	-0.689776	-0.716712	-0.102629	0.252859	-0.371289	0.893424
17526	4.217785	-1.261184	9.467472	0.056795	0.100181	0.028068	-0.678773	0.590562	0.436467	-0.689554	-0.716979	-0.102254	0.252550	-0.370375	0.893891
17527	4.178986	-0.854047	9.604806	0.035727	0.064647	0.023584	-0.679067	0.590639	0.435904	-0.689331	-0.717223	-0.102045	0.252369	-0.369778	0.894189
17528	4.366108	-0.908906	9.379156	0.016593	0.025679	0.019554	-0.679331	0.590496	0.435687	-0.689074	-0.717476	-0.102007	0.252360	-0.369517	0.894300
17529	4.385654	-0.810453	9.373817	0.011974	0.011336	0.027476	-0.679518	0.590349	0.435597	-0.688885	-0.717655	-0.102027	0.252376	-0.369405	0.894341
17530	4.468311	-0.951339	9.272027	0.001087	-0.006223	0.033117	-0.679549	0.590246	0.435687	-0.688854	-0.717665	-0.102162	0.252377	-0.369549	0.894282
17531	4.448368	-1.034366	9.156942	0.006304	-0.013378	0.036752	-0.679736	0.589940	0.435808	-0.688616	-0.717878	-0.102274	0.252522	-0.369623	0.894210
17532	4.476763	-1.133633	9.138364	0.008852	-0.018658	0.038455	-0.679931	0.589612	0.435948	-0.688364	-0.718102	-0.102393	0.252683	-0.369711	0.894128
17533	4.580058	-1.139527	9.123219	0.012605	-0.009594	0.032227	-0.680097	0.589353	0.436040	-0.688140	-0.718312	-0.102429	0.252846	-0.369718	0.894079
17534	4.538239	-1.181052	9.087545	0.022973	-0.006508	0.035875	-0.680338	0.589020	0.436115	-0.687810	-0.718632	-0.102392	0.253096	-0.369626	0.894047
17535	4.532613	-1.122300	9.026362	0.029181	-0.005001	0.038041	-0.680555	0.588735	0.436160	-0.687505	-0.718937	-0.102305	0.253341	-0.369487	0.894035
17536	4.505959	-1.075117	9.072144	0.052261	0.008760	0.036265	-0.680753	0.588574	0.436069	-0.687214	-0.719255	-0.102021	0.253598	-0.369124	0.894112
17537	4.482425	-1.039354	9.028076	0.062612	0.011542	0.043314	-0.681048	0.588313	0.435960	-0.686788	-0.719714	-0.101658	0.253960	-0.368646	0.894206
17538	4.495593	-0.972457	9.106579	0.074044	0.006159	0.045717	-0.681360	0.588002	0.435894	-0.686304	-0.720237	-0.101216	0.254431	-0.368121	0.894288
17539	4.534157	-1.027470	9.164165	0.078245	0.009122	0.050713	-0.681699	0.587677	0.435800	-0.685787	-0.720796	-0.100746	0.254917	-0.367544	0.894387
17540	4.452540	-1.049390	9.225171	0.074143	0.009232	0.049344	-0.682025	0.587348	0.435735	-0.685283	-0.721336	-0.100303	0.255399	-0.367011	0.894469
17541	4.444110	-1.080198	9.310123	0.065631	0.000982	0.046053	-0.682311	0.587027	0.435719	-0.684829	-0.721820	-0.099924	0.255853	-0.366572	0.894519
17542	4.428206	-1.155466	9.354462	0.046937	-0.005227	0.039452	-0.682533	0.586732	0.435768	-0.684473	-0.722190	-0.099694	0.256214	-0.366316	0.894521
17543	4.424171	-1.149205	9.320506	0.017871	-0.014486	0.029211	-0.682664	0.586476	0.435908	-0.684255	-0.722400	-0.099669	0.256446	-0.366313	0.894456
17544	4.404426	-1.170198	9.302159	0.002533	-0.022395	0.022511	-0.682783	0.586159	0.436148	-0.684048	-0.722584	-0.099754	0.256682	-0.366456	0.894329
17545	4.454397	-1.118871	9.249191	-0.009871	-0.025105	0.014784	-0.682788	0.585968	0.436397	-0.684000	-0.722607	-0.099915	0.256797	-0.366716	0.894189
17546	4.407793	-1.181731	9.175603	-0.020777	-0.024366	0.006600	-0.682661	0.585946	0.436625	-0.684145	-0.722436	-0.100156	0.256747	-0.367087	0.894051
17547	4.433214	-1.139008	9.194950	-0.023680	-0.028999	0.000821	-0.682561	0.585841	0.436922	-0.684228	-0.722327	-0.100379	0.256794	-0.367469	0.893881
17548	4.555883	-1.044246	9.137927	-0.023793	-0.032118	-0.002802	-0.682491	0.585676	0.437251	-0.684260	-0.722266	-0.100600	0.256892	-0.367853	0.893695
17549	4.512436	-1.074679	9.191414	-0.022859	-0.025439	-0.000999	-0.682387	0.585598	0.437519	-0.684353	-0.722149	-0.100808	0.256921	-0.368208	0.893541
17550	4.561020	-1.048257	9.134905	-0.019582	-0.029146	0.002187	-0.682219	0.585557	0.437836	-0.684503	-0.721980	-0.100999	0.256968	-0.368603	0.893364
17551	4.553314	-1.056125	9.186796	-0.015954	-0.023780	-0.000882	-0.682120	0.585483	0.438088	-0.684577	-0.721889	-0.101146	0.257032	-0.368899	0.893224
17552	4.580346	-1.049589	9.112886	-0.006399	-0.024290	0.004570	-0.682052	0.585369	0.438346	-0.684596	-0.721858	-0.101237	0.257163	-0.369140	0.893086
17553	4.617921	-1.027874	9.110231	-0.000464	-0.012189	0.002627	-0.682007	0.585313	0.438492	-0.684607	-0.721845	-0.101261	0.257254	-0.369255	0.893012
17554	4.570891	-1.080197	9.161738	0.009299	-0.007311	0.005006	-0.682001	0.585234	0.438607	-0.684560	-0.721896	-0.101211	0.257397	-0.369279	0.892961
17555	4.532588	-1.072830	9.132664	0.010107	-0.004028	0.006589	-0.682004	0.585179	0.438676	-0.684516	-0.721945	-0.101158	0.257504	-0.369271	0.892934
17556	4.535536	-1.101055	9.163392	0.011607	-0.000578	0.006131	-0.681936	0.585224	0.438721	-0.684565	-0.721907	-0.101094	0.257553	-0.369273	0.892919
17557	4.475784	-1.052946	9.213510	0.010107	-0.004029	0.006589	-0.681939	0.585170	0.438789	-0.684522	-0.721956	-0.101040	0.257661	-0.369264	0.892891
17558	4.523899	-0.999639	9.161547	0.010198	-0.001758	-0.000106	-0.681838	0.585241	0.438851	-0.684602	-0.721891	-0.100962	0.257715	-0.369278	0.892870
17559	4.507714	-1.024485	9.177696	0.007928	-0.007362	0.005687	-0.681826	0.585181	0.438950	-0.684570	-0.721926	-0.100924	0.257831	-0.369305	0.892826
17560	4.493913	-1.025817	9.196668	-0.000544	-0.014175	0.005923	-0.681775	0.585121	0.439109	-0.684591	-0.721900	-0.100973	0.257912	-0.369451	0.892742
17561	4.538529	-1.099105	9.162144	-0.000608	-0.015877	0.005813	-0.681742	0.585028	0.439284	-0.684580	-0.721905	-0.101011	0.258027	-0.369589	0.892651
17562	4.549828	-1.093159	9.108203	0.000213	-0.012309	0.003992	-0.681735	0.584948	0.439402	-0.684562	-0.721916	-0.101061	0.258096	-0.369694	0.892588
17563	4.464186	-1.138997	9.130769	0.001648	-0.010559	0.003422	-0.681699	0.584892	0.439532	-0.684562	-0.721914	-0.101069	0.258190	-0.369785	0.892523
17564	4.518852	-1.144341	9.139664	-0.000584	-0.015307	-0.000993	-0.681540	0.584922	0.439739	-0.684684	-0.721798	-0.101070	0.258285	-0.369965	0.892421
17565	4.447290	-1.135638	9.115103	0.000160	-0.013725	0.000478	-0.681476	0.584875	0.439900	-0.684708	-0.721774	-0.101078	0.258390	-0.370086	0.892340
17566	4.446938	-1.159791	9.111219	-0.005469	-0.017883	-0.010742	-0.681295	0.584924	0.440114	-0.684859	-0.721628	-0.101095	0.258466	-0.370292	0.892233
17567	4.418034	-1.125569	9.242488	-0.011944	-0.026184	-0.013335	-0.681104	0.584931	0.440401	-0.685009	-0.721479	-0.101151	0.258573	-0.370573	0.892085
17568	4.502989	-1.076068	9.183885	-0.026685	-0.035915	-0.018759	-0.680757	0.585044	0.440788	-0.685347	-0.721134	-0.101317	0.258592	-0.371065	0.891875
17569	4.529583	-1.032768	9.202726	-0.026686	-0.035921	-0.018759	-0.680503	0.585053	0.441167	-0.685571	-0.720898	-0.101480	0.258665	-0.371509	0.891669
17570	4.604230	-0.937130	9.169380	-0.031737	-0.042765	-0.018519	-0.680192	0.585060	0.441637	-0.685845	-0.720609	-0.101682	0.258758	-0.372058	0.891413
17571	4.613222	-0.944082	9.200886	-0.031196	-0.046581	-0.013977	-0.679944	0.584995	0.442106	-0.686048	-0.720384	-0.101906	0.258871	-0.372597	0.891155
17572	4.576625	-0.963770	9.166625	-0.028905	-0.040424	-0.006047	-0.679730	0.584933	0.442516	-0.686236	-0.720170	-0.102152	0.258935	-0.373106	0.890923
17573	4.545874	-1.041384	9.193718	-0.027112	-0.047306	-0.005816	-0.679535	0.584806	0.442983	-0.686374	-0.720007	-0.102376	0.259081	-0.373619	0.890666
17574	4.604977	-1.086032	9.107124	-0.024194	-0.042680	-0.000040	-0.679382	0.584656	0.443415	-0.686473	-0.719881	-0.102601	0.259220	-0.374098	0.890425
17575	4.514435	-1.116550	9.184661	-0.029051	-0.044424	0.000537	-0.679239	0.584493	0.443849	-0.686572	-0.719748	-0.102870	0.259333	-0.374608	0.890177
17576	4.540360	-1.212987	9.130549	-0.036502	-0.042001	-0.007503	-0.679101	0.584345	0.444255	-0.686689	-0.719590	-0.103189	0.259383	-0.375141	0.889938
17577	4.563552	-1.104837	9.211767	-0.036129	-0.049773	-0.016914	-0.678824	0.584288	0.444754	-0.686926	-0.719328	-0.103443	0.259484	-0.375733	0.889659
17578	4.494129	-1.140027	9.302888	-0.061340	-0.064603	-0.022634	-0.678488	0.584196	0.445386	-0.687248	-0.718953	-0.103911	0.259507	-0.376592	0.889289
17579	4.447275	-1.218017	9.313592	-0.094335	-0.085831	-0.033546	-0.678003	0.584121	0.446223	-0.687748	-0.718373	-0.104607	0.259451	-0.377813	0.888787
17580	4.132854	-1.214110	9.585953	-0.104202	-0.111345	-0.035910	-0.677394	0.584007	0.447295	-0.688338	-0.717694	-0.105386	0.259474	-0.379278	0.888156
17581	4.154927	-1.107884	9.805814	-0.148608	-0.199637	-0.045138	-0.676533	0.583578	0.449154	-0.689057	-0.716837	-0.106510	0.259813	-0.381550	0.887083
17582	4.043538	-1.090898	9.819174	-0.189216	-0.258709	-0.057186	-0.675404	0.583034	0.451554	-0.690000	-0.715716	-0.107941	0.260251	-0.384476	0.885691
17583	4.072744	-1.150746	9.922171	-0.243614	-0.338852	-0.065809	-0.674034	0.582203	0.454663	-0.691106	-0.714363	-0.109806	0.260865	-0.388233	0.883869
17584	4.276307	-0.759662	10.029874	-0.285236	-0.427548	-0.059370	-0.672466	0.580978	0.458534	-0.692294	-0.712860	-0.112070	0.261760	-0.392804	0.881582
17585	4.068693	-0.629632	10.409417	-0.331182	-0.543553	-0.041159	-0.670722	0.579128	0.463404	-0.693467	-0.711283	-0.114802	0.263126	-0.398356	0.878679
17586	4.285360	-0.930191	9.923323	-0.381001	-0.701436	-0.043788	-0.668476	0.576680	0.469659	-0.694856	-0.709412	-0.117939	0.265168	-0.405185	0.874935
17587	4.624312	-0.895588	9.301650	-0.342293	-0.796288	-0.045249	-0.666005	0.573752	0.476703	-0.696099	-0.707724	-0.120719	0.268111	-0.412232	0.870736
17588	4.524964	-0.834445	9.414407	-0.304994	-0.870590	-0.049502	-0.663325	0.570447	0.484346	-0.697231	-0.706189	-0.123150	0.271789	-0.419389	0.866166
17589	4.235949	-1.087358	9.743021	-0.291846	-0.966295	-0.053699	-0.660269	0.566742	0.492796	-0.698414	-0.704620	-0.125414	0.276157	-0.426983	0.861059
17590	4.277491	-1.551981	9.845767	-0.259459	-1.082018	-0.073913	-0.656680	0.562626	0.502218	-0.699677	-0.703032	-0.127274	0.281468	-0.434969	0.855324
17591	4.322165	-2.435980	9.977384	-0.171243	-1.172565	-0.125869	-0.652426	0.558369	0.512410	-0.701016	-0.701547	-0.128100	0.287953	-0.442783	0.849133
17592	4.379493	-1.887757	9.765876	-0.033207	-1.248701	-0.204639	-0.647257	0.554275	0.523295	-0.702522	-0.700183	-0.127307	0.295839	-0.450027	0.842588
17593	4.954615	-1.797964	9.271055	-0.044353	-1.324290	-0.251760	-0.641479	0.550029	0.534764	-0.704305	-0.698563	-0.126351	0.304070	-0.457688	0.835502
17594	4.911213	-1.478493	9.248454	0.076590	-1.380802	-0.298229	-0.635097	0.545690	0.546693	-0.705953	-0.697305	-0.124084	0.313500	-0.464745	0.828088
17595	4.766663	-1.328959	9.314687	0.114705	-1.467390	-0.341457	-0.627974	0.541200	0.559242	-0.707771	-0.695958	-0.121253	0.323587	-0.471959	0.820089
17596	4.700539	-1.704596	9.415733	0.163784	-1.602336	-0.396311	-0.619819	0.536360	0.572837	-0.709764	-0.694544	-0.117659	0.334753	-0.479506	0.811181
17597	4.697227	-2.118546	9.642278	0.233675	-1.792110	-0.481955	-0.610244	0.531041	0.587876	-0.711959	-0.693073	-0.112980	0.347444	-0.487488	0.801023
17598	4.788792	-2.571318	9.671377	0.294126	-1.982978	-0.596696	-0.598905	0.525428	0.604350	-0.714559	-0.691333	-0.107069	0.361550	-0.495968	0.789492
17599	5.582222	-2.939006	9.727472	0.361226	-2.144959	-0.719084	-0.585798	0.519662	0.621926	-0.717513	-0.689354	-0.099830	0.376849	-0.504721	0.776686
17600	6.044608	-3.175430	9.494429	0.428826	-2.239525	-0.849453	-0.570972	0.514156	0.640026	-0.720862	-0.687059	-0.091147	0.392872	-0.513413	0.762928
17601	6.815955	-3.367745	9.295557	0.486113	-2.298174	-0.993293	-0.554536	0.509072	0.658282	-0.724530	-0.684465	-0.081023	0.409324	-0.521875	0.748398
17602	8.172677	-2.996480	8.854622	0.544229	-2.266237	-1.080252	-0.537030	0.504638	0.675973	-0.728326	-0.681674	-0.069728	0.425605	-0.529775	0.733621
17603	8.745356	-3.286227	9.079677	0.545513	-2.251853	-1.130857	-0.518969	0.500315	0.693077	-0.731959	-0.678873	-0.058022	0.441482	-0.537416	0.718524
17604	9.307268	-4.960696	9.004339	0.839547	-2.016118	-1.173773	-0.500992	0.497629	0.708077	-0.734501	-0.677195	-0.043763	0.457728	-0.542008	0.704778
17605	9.041648	-5.174605	9.492887	1.184422	-1.939142	-1.229107	-0.482865	0.495428	0.722076	-0.735045	-0.677492	-0.026699	0.475973	-0.543650	0.691299
17606	8.116651	-3.679154	9.525570	1.530762	-1.821956	-1.293954	-0.464196	0.494473	0.734860	-0.734020	-0.679095	-0.006716	0.495718	-0.542519	0.678186
17607	7.544076	-2.667658	9.137317	1.630359	-1.813883	-1.329562	-0.445231	0.493695	0.747017	-0.731846	-0.681324	0.014090	0.515917	-0.540428	0.664655
17608	6.889899	-1.573392	8.537986	1.557353	-1.838469	-1.371362	-0.425184	0.493357	0.758826	-0.730009	-0.682555	0.034731	0.535075	-0.539182	0.650367
17609	6.316927	-1.299432	7.778838	1.364857	-1.874695	-1.384851	-0.404842	0.492706	0.770288	-0.728359	-0.683057	0.054104	0.552808	-0.539143	0.635397
17610	5.456429	-1.149263	6.628687	1.185765	-1.888707	-1.428320	-0.383311	0.492566	0.781314	-0.727875	-0.681839	0.072760	0.568569	-0.540809	0.619883
17611	4.784981	-0.899794	5.436312	1.065232	-1.865902	-1.479002	-0.361756	0.492530	0.791547	-0.727276	-0.680296	0.090923	0.583268	-0.542782	0.604306
17612	2.987217	-0.853859	4.670524	0.830812	-1.915153	-1.462865	-0.339128	0.492418	0.801571	-0.728212	-0.676837	0.107700	0.595566	-0.547190	0.588119
17613	2.964375	-0.370616	7.032761	0.672538	-1.573104	-1.235935	-0.320630	0.492135	0.809320	-0.728276	-0.674413	0.121578	0.605649	-0.550427	0.574647
17614	2.061680	-4.556042	8.910167	0.392203	-1.180471	-0.548385	-0.308907	0.489551	0.815424	-0.728108	-0.673327	0.128412	0.611911	-0.554049	0.564441
17615	9.518308	-7.256906	10.018622	0.253733	-0.645834	0.453252	-0.308187	0.482908	0.819647	-0.725178	-0.676908	0.126145	0.615742	-0.555513	0.558808
17616	7.976029	-7.655177	10.275197	0.321596	0.411128	1.389243	-0.320383	0.475935	0.819048	-0.719234	-0.684905	0.116647	0.616487	-0.551716	0.561741
17617	3.991706	-7.355582	8.725819	0.455438	1.041536	2.079402	-0.341610	0.467271	0.815451	-0.709571	-0.697177	0.102242	0.616289	-0.543693	0.569724
17618	1.674681	-6.286341	7.280237	0.675920	1.411249	2.473963	-0.367463	0.457597	0.809677	-0.696943	-0.711943	0.086062	0.615826	-0.532674	0.580532
17619	0.021684	-4.281241	6.796304	0.780654	1.531598	2.708618	-0.395518	0.446157	0.802814	-0.681832	-0.728265	0.068813	0.615362	-0.520167	0.592246
17620	-0.262978	-3.112741	6.549494	0.719185	1.446328	2.792315	-0.423140	0.433116	0.795841	-0.666131	-0.744104	0.050785	0.614184	-0.508645	0.603372
17621	0.385456	-2.153903	6.829159	0.593801	1.320771	2.771898	-0.449442	0.418941	0.788981	-0.650425	-0.758878	0.032443	0.612332	-0.498591	0.613561
17622	1.627740	-1.462126	7.439434	0.424630	1.274106	2.705334	-0.474571	0.404557	0.781739	-0.635412	-0.772050	0.013803	0.609125	-0.490176	0.623453
17623	2.757021	-1.116537	8.341618	0.257535	1.351556	2.600309	-0.499064	0.390912	0.773384	-0.621222	-0.783620	-0.004788	0.604167	-0.482833	0.633920
17624	3.583816	-1.206914	9.037557	0.136295	1.503658	2.454799	-0.523157	0.378774	0.763437	-0.607910	-0.793679	-0.022801	0.597287	-0.476030	0.645479
17625	4.055418	-1.305400	9.533665	0.071413	1.706553	2.262256	-0.546844	0.368792	0.751634	-0.595416	-0.802448	-0.039465	0.588593	-0.469116	0.658399
17626	4.622830	-1.456464	9.840475	0.031412	1.913737	2.018511	-0.569894	0.361437	0.737959	-0.584001	-0.809934	-0.054310	0.578068	-0.461920	0.672657
17627	5.264632	-1.652597	9.984950	0.022491	2.110669	1.732708	-0.591957	0.357026	0.722578	-0.573841	-0.816238	-0.066804	0.565945	-0.454190	0.688053
17628	5.462188	-1.722335	10.181769	0.002766	2.283569	1.424706	-0.612827	0.355646	0.705661	-0.565272	-0.821305	-0.076978	0.552186	-0.446065	0.704355
17629	5.609277	-1.833293	10.317093	-0.041481	2.411542	1.125644	-0.632245	0.357048	0.687592	-0.558526	-0.825109	-0.085110	0.536950	-0.437848	0.721092
17630	5.817669	-2.056069	10.561593	-0.120440	2.507660	0.859205	-0.650272	0.360832	0.668541	-0.553674	-0.827654	-0.091834	0.520185	-0.429871	0.737983
17631	6.648854	-2.841336	10.660263	-0.228605	2.567383	0.651251	-0.666951	0.366390	0.648795	-0.550589	-0.829025	-0.097827	0.502025	-0.422465	0.754649
17632	22.132714	-36.672686	-7.946210	2.665041	1.367824	2.550622	-0.687501	0.350583	0.635951	-0.519886	-0.849052	-0.093968	0.507012	-0.395225	0.765987
17633	1.024251	26.316228	14.921176	5.668523	0.052878	1.044703	-0.692979	0.341792	0.634790	-0.483165	-0.873669	-0.057043	0.535099	-0.346238	0.770576
17634	8.185266	17.627407	18.255862	0.156076	3.805156	1.629759	-0.720595	0.340444	0.604020	-0.470904	-0.879716	-0.065952	0.508913	-0.331961	0.794235
17635	9.397947	3.125302	13.169308	-2.442807	2.548935	1.577025	-0.740580	0.335236	0.582373	-0.471484	-0.876757	-0.094873	0.478794	-0.344841	0.807367
