// General information: 
//  MT Manager version: 2022.2.0 
//  XDA version: 2022.2.0 build 7381 rev 124627 built on 2023-07-19
// Device information: 
//  DeviceId: 00B4CAF0
//  ProductCode: MTW2-3A7G6
//  Firmware Version: 4.6.0
//  Hardware Version: 2.0.0
// Device settings: 
//  Filter Profile: human(46.1)
//  Option Flags: Orientation Smoother Disabled, Position/Velocity Smoother Disabled, Continuous Zero Rotation Update Disabled, AHS Disabled, ICC Disabled
// Coordinate system: ENU
PacketCounter	Acc_X	Acc_Y	Acc_Z	Gyr_X	Gyr_Y	Gyr_Z	Mat[1][1]	Mat[2][1]	Mat[3][1]	Mat[1][2]	Mat[2][2]	Mat[3][2]	Mat[1][3]	Mat[2][3]	Mat[3][3]
09963	4.379267	-0.968016	9.278165	0.009157	-0.015499	-0.008746	0.885428	0.178269	0.429230	-0.154587	0.983894	-0.089748	-0.438316	0.013112	0.898725
09964	4.383247	-0.918885	9.251660	0.006000	-0.021545	-0.007197	0.885329	0.178197	0.429464	-0.154532	0.983908	-0.089689	-0.438536	0.013039	0.898619
09965	4.408229	-0.941906	9.276838	0.009220	-0.023241	-0.016265	0.885275	0.177953	0.429675	-0.154301	0.983953	-0.089599	-0.438724	0.013020	0.898528
09966	4.412970	-0.892369	9.249983	0.007590	-0.029304	-0.014684	0.885154	0.177808	0.429985	-0.154186	0.983980	-0.089494	-0.439010	0.012918	0.898390
09967	4.391020	-0.865629	9.271419	0.001488	-0.029235	-0.014810	0.884987	0.177703	0.430371	-0.154092	0.984001	-0.089434	-0.439378	0.012831	0.898211
09968	4.392825	-0.938150	9.271899	-0.000249	-0.044455	-0.013097	0.884796	0.177576	0.430816	-0.153957	0.984024	-0.089406	-0.439810	0.012779	0.898000
09969	4.397736	-0.913237	9.269197	-0.003228	-0.046014	-0.017713	0.884572	0.177440	0.431332	-0.153821	0.984050	-0.089359	-0.440308	0.012697	0.897757
09970	4.226119	-0.830473	9.453056	-0.013990	-0.058147	-0.020803	0.884332	0.177238	0.431907	-0.153558	0.984085	-0.089421	-0.440883	0.012755	0.897474
09971	4.357266	-0.786210	9.428733	-0.025187	-0.089961	-0.012929	0.883915	0.177118	0.432809	-0.153312	0.984106	-0.089618	-0.441802	0.012860	0.897020
09972	4.368874	-0.839757	9.328189	-0.028332	-0.100630	-0.014362	0.883476	0.176985	0.433759	-0.153042	0.984128	-0.089836	-0.442774	0.012985	0.896539
09973	4.426162	-0.891300	9.350590	-0.036203	-0.121908	-0.014205	0.882888	0.176938	0.434974	-0.152855	0.984136	-0.090069	-0.444010	0.013034	0.895927
09974	4.417020	-0.871278	9.269855	-0.036412	-0.135596	-0.010963	0.882285	0.176844	0.436233	-0.152578	0.984151	-0.090374	-0.445301	0.013176	0.895284
09975	4.452663	-0.923135	9.289814	-0.044133	-0.146214	-0.012475	0.881720	0.176624	0.437464	-0.152118	0.984186	-0.090764	-0.446577	0.013483	0.894644
09976	4.441934	-0.950739	9.282475	-0.050279	-0.156891	-0.017008	0.881027	0.176474	0.438917	-0.151725	0.984210	-0.091165	-0.448074	0.013724	0.893891
09977	4.432777	-0.953893	9.274036	-0.047272	-0.167664	-0.021394	0.880267	0.176270	0.440521	-0.151279	0.984243	-0.091542	-0.449716	0.013939	0.893063
09978	4.446048	-1.004101	9.340268	-0.048833	-0.181479	-0.028865	0.879476	0.176007	0.442203	-0.150787	0.984288	-0.091876	-0.451425	0.014125	0.892197
09979	4.438202	-0.980199	9.403280	-0.044312	-0.196882	-0.036232	0.878563	0.175724	0.444126	-0.150305	0.984337	-0.092133	-0.453360	0.014191	0.891215
09980	4.459841	-0.934128	9.367969	-0.035393	-0.221405	-0.037329	0.877596	0.175384	0.446168	-0.149798	0.984398	-0.092309	-0.455396	0.014174	0.890176
09981	4.503069	-1.081296	9.385779	-0.024833	-0.247602	-0.049081	0.876544	0.174870	0.448431	-0.149151	0.984491	-0.092368	-0.457628	0.014081	0.889032
09982	4.447752	-1.294131	9.548327	-0.008205	-0.284629	-0.068281	0.875323	0.174233	0.451058	-0.148496	0.984609	-0.092160	-0.460173	0.013689	0.887724
09983	4.573618	-1.463769	9.443412	0.042164	-0.317580	-0.102504	0.874051	0.173267	0.453887	-0.147816	0.984793	-0.091286	-0.462802	0.012697	0.886371
09984	4.628640	-1.549845	9.480653	0.050161	-0.338387	-0.173902	0.872719	0.171591	0.457076	-0.146511	0.985099	-0.090075	-0.465722	0.011644	0.884855
09985	4.661718	-1.752921	9.567899	0.015517	-0.373240	-0.295740	0.871511	0.168498	0.460518	-0.143677	0.985639	-0.088730	-0.468855	0.011163	0.883205
09986	4.826737	-1.935623	9.433030	-0.025332	-0.419228	-0.450961	0.870160	0.164093	0.464646	-0.139611	0.986386	-0.086894	-0.472579	0.010742	0.881223
09987	5.262013	-2.841277	9.460964	-0.029554	-0.422864	-0.617250	0.868822	0.158283	0.469143	-0.134383	0.987342	-0.084248	-0.476539	0.010152	0.879095
09988	5.273072	-2.442036	9.306599	0.014716	-0.443319	-0.781796	0.867707	0.150598	0.473714	-0.127646	0.988551	-0.080459	-0.480407	0.009347	0.876996
09989	5.456692	-2.250698	9.155741	0.005359	-0.480569	-0.947651	0.866539	0.141249	0.478705	-0.119373	0.989936	-0.076009	-0.484624	0.008721	0.874679
09990	5.290628	-1.572662	8.894260	-0.065075	-0.533502	-1.105417	0.865187	0.130340	0.484214	-0.109465	0.991431	-0.071281	-0.489355	0.008667	0.872041
09991	5.543496	-1.932832	8.819350	-0.228368	-0.615575	-1.269703	0.863468	0.117841	0.490445	-0.097377	0.992980	-0.067147	-0.494915	0.010222	0.868881
09992	5.480783	-2.399931	8.915065	-0.359261	-0.644734	-1.452970	0.861550	0.103473	0.497017	-0.083036	0.994546	-0.063115	-0.500836	0.013106	0.865443
09993	5.531747	-2.842437	8.830488	-0.426204	-0.675841	-1.624700	0.859277	0.087577	0.503957	-0.067090	0.996019	-0.058694	-0.507091	0.016624	0.861732
09994	5.745780	-4.023496	9.038622	-0.445662	-0.668801	-1.779290	0.856883	0.069964	0.510741	-0.049529	0.997337	-0.053524	-0.513126	0.020568	0.858067
09995	5.685643	-4.383121	8.684105	-0.200647	-0.604182	-1.921282	0.854414	0.051103	0.517073	-0.032193	0.998446	-0.045482	-0.518594	0.022214	0.854732
09996	5.513367	-3.114144	8.695276	-0.108962	-0.534503	-2.031793	0.852081	0.030926	0.522496	-0.014268	0.999254	-0.035875	-0.523216	0.023113	0.851887
09997	5.380001	-2.027658	8.544377	-0.029541	-0.473797	-2.128796	0.849645	0.009993	0.527260	0.003782	0.999679	-0.025041	-0.527341	0.023270	0.849335
09998	5.024807	-0.949705	8.359828	-0.123746	-0.458708	-2.177053	0.846905	-0.011664	0.531617	0.022925	0.999631	-0.014589	-0.531250	0.024543	0.846859
09999	5.191403	-0.585758	8.055694	-0.222680	-0.489424	-2.194543	0.843330	-0.033231	0.536367	0.042493	0.999085	-0.004914	-0.535713	0.026936	0.843970
10000	5.503641	-1.365823	7.433254	-0.388141	-0.453657	-2.035175	0.839808	-0.053425	0.540249	0.061728	0.998089	0.002747	-0.539363	0.031042	0.841501
10001	5.893252	-3.097874	7.071777	-0.479508	-0.480712	-1.559530	0.835845	-0.068368	0.544692	0.076859	0.997016	0.007199	-0.543559	0.035847	0.838605
10002	6.129043	-5.248757	6.628909	-0.503788	-0.492863	-0.871301	0.832418	-0.076862	0.548792	0.086894	0.996188	0.007721	-0.547293	0.041260	0.835923
10003	6.450229	-6.744453	6.574043	-0.427577	-0.512155	-0.072068	0.829318	-0.076881	0.553463	0.089295	0.995995	0.004552	-0.551596	0.045646	0.832862
10004	6.314305	-7.253911	6.725086	-0.248049	-0.479152	0.691046	0.827241	-0.069772	0.557498	0.084963	0.996383	-0.001373	-0.555386	0.048502	0.830177
10005	5.937447	-6.588860	7.113642	-0.027837	-0.450261	1.348335	0.825551	-0.055632	0.561578	0.073503	0.997252	-0.009263	-0.559519	0.048925	0.827372
10006	5.408108	-5.767520	7.557741	0.100262	-0.426617	1.895909	0.824369	-0.036508	0.564875	0.057318	0.998173	-0.019136	-0.563144	0.048152	0.824955
10007	5.416481	-4.893097	7.936021	0.192998	-0.404350	2.349956	0.822940	-0.012581	0.567990	0.036841	0.998832	-0.031254	-0.566933	0.046646	0.822442
10008	5.212277	-4.350957	8.434751	0.225422	-0.340641	2.723337	0.821655	0.014780	0.569793	0.013183	0.998904	-0.044920	-0.569833	0.044420	0.820559
10009	4.937311	-4.213352	8.770164	0.287337	-0.274952	3.019498	0.819768	0.045501	0.570885	-0.013516	0.998098	-0.060143	-0.572536	0.041587	0.818824
10010	4.431066	-3.961821	8.916776	0.399562	-0.214715	3.251526	0.817597	0.078013	0.570481	-0.042411	0.996247	-0.075454	-0.574227	0.037496	0.817837
10011	3.838915	-3.071402	9.036840	0.554206	-0.174292	3.438475	0.814489	0.112525	0.569162	-0.073527	0.993121	-0.091124	-0.575501	0.032371	0.817160
10012	3.279206	-1.432717	9.136440	0.618781	-0.147797	3.577239	0.810393	0.148019	0.566880	-0.106138	0.988641	-0.106414	-0.576192	0.026070	0.816898
10013	2.558440	-0.688826	9.612708	0.571400	-0.150232	3.580875	0.805074	0.183524	0.564070	-0.138063	0.982793	-0.122707	-0.576884	0.020911	0.816559
10014	2.451692	0.303836	10.142917	0.514595	-0.162159	3.470056	0.798781	0.217543	0.560914	-0.168846	0.975927	-0.138052	-0.577443	0.015566	0.816282
10015	6.417034	-3.537946	9.704502	0.453122	-0.221662	3.059158	0.792017	0.247386	0.558130	-0.195355	0.968848	-0.152214	-0.578399	0.011522	0.815673
10016	2.363494	7.309283	13.920095	1.039326	0.589068	2.336080	0.790523	0.269910	0.549747	-0.219799	0.962881	-0.156680	-0.571631	0.003025	0.820506
10017	2.480002	4.708424	11.485192	0.552939	0.532278	1.860708	0.789492	0.287710	0.542148	-0.237052	0.957718	-0.163045	-0.566135	0.000205	0.824313
10018	1.902274	4.701143	11.365109	0.354616	0.593746	1.139425	0.790043	0.298609	0.535411	-0.248030	0.954375	-0.166284	-0.560637	-0.001427	0.828061
10019	2.776353	4.946493	11.179540	0.101192	0.673783	0.436112	0.792935	0.302655	0.528823	-0.251468	0.953100	-0.168417	-0.554994	0.000562	0.831854
10020	3.073262	4.530039	10.756366	-0.145785	0.779216	-0.187619	0.797676	0.300849	0.522688	-0.249152	0.953662	-0.168678	-0.549214	0.004321	0.835671
10021	3.579144	3.434528	10.510780	-0.403702	0.886751	-0.692046	0.804358	0.294116	0.516240	-0.240966	0.955700	-0.169038	-0.543087	0.011571	0.839597
10022	4.281393	2.189505	9.945829	-0.543460	0.975916	-1.123010	0.812235	0.283217	0.509963	-0.228936	0.958855	-0.167883	-0.536528	0.019612	0.843654
10023	4.613393	1.879669	9.214917	-0.645359	0.988133	-1.511956	0.820991	0.268384	0.503928	-0.212847	0.962873	-0.166045	-0.529783	0.029062	0.847635
10024	5.373836	1.413576	8.711221	-0.676733	0.931116	-1.873773	0.829676	0.249991	0.499142	-0.193799	0.967501	-0.162430	-0.523526	0.038031	0.851160
10025	5.859807	0.608301	8.783193	-0.578853	0.861121	-2.127139	0.838165	0.229011	0.495008	-0.172880	0.972331	-0.157113	-0.517292	0.046109	0.854566
10026	5.928373	0.004002	9.576987	-0.455326	0.809884	-2.031073	0.845616	0.208826	0.491249	-0.153421	0.976551	-0.151031	-0.511269	0.052346	0.857825
10027	6.598132	-3.014032	9.523700	-0.380200	0.817860	-1.596499	0.852195	0.192817	0.486400	-0.137885	0.979521	-0.146717	-0.504729	0.057964	0.861330
10028	5.694778	-1.925847	8.827110	-0.079401	0.885441	-1.252333	0.858261	0.180018	0.480605	-0.126760	0.981806	-0.141384	-0.497313	0.060423	0.865465
10029	5.510402	-1.128476	8.815177	0.088640	0.695166	-0.893620	0.862864	0.170860	0.475681	-0.119430	0.983402	-0.136588	-0.491124	0.061046	0.868948
10030	6.255820	0.213013	8.824923	0.196984	0.569608	-0.615914	0.866342	0.164462	0.471597	-0.115051	0.984551	-0.131994	-0.486019	0.060094	0.871879
10031	6.946995	1.740983	9.079713	0.149390	0.471223	-0.352804	0.869064	0.160845	0.467821	-0.112767	0.985181	-0.129236	-0.481676	0.059559	0.874323
10032	6.927844	1.605462	8.691639	0.083317	0.440776	-0.168564	0.871341	0.158929	0.464226	-0.111684	0.985497	-0.127759	-0.477798	0.059475	0.876454
10033	7.114034	1.530196	8.304668	0.081407	0.383683	-0.088150	0.873294	0.157902	0.460896	-0.111320	0.985667	-0.126760	-0.474306	0.059392	0.878354
10034	7.403540	1.763139	8.141340	0.068805	0.329810	-0.026072	0.874856	0.157457	0.458077	-0.111402	0.985746	-0.126074	-0.471399	0.059266	0.879927
10035	7.483154	1.650961	7.844166	0.074417	0.250007	0.037489	0.876036	0.157717	0.455726	-0.112094	0.985720	-0.125660	-0.469037	0.058998	0.881206
10036	7.787155	1.432768	7.787944	0.070825	0.151945	0.096300	0.876613	0.158584	0.454313	-0.113254	0.985607	-0.125512	-0.467678	0.058573	0.881956
10037	8.101739	0.991195	7.552676	0.085232	0.078163	0.178371	0.876788	0.160323	0.453364	-0.115225	0.985365	-0.125614	-0.466868	0.057898	0.882430
10038	8.103060	0.544084	7.307186	0.140479	0.037746	0.290099	0.876600	0.163167	0.452714	-0.118408	0.984973	-0.125727	-0.466425	0.056607	0.882747
10039	7.841509	0.339107	6.957762	0.233600	-0.018106	0.415922	0.876031	0.167242	0.452327	-0.123105	0.984419	-0.125554	-0.466277	0.054306	0.882970
10040	7.490566	0.378461	6.505795	0.354072	-0.095452	0.532853	0.874887	0.172542	0.452549	-0.129407	0.983697	-0.124877	-0.466718	0.050691	0.882952
10041	6.982305	0.886342	6.117067	0.504886	-0.223400	0.614971	0.873021	0.178666	0.453776	-0.137117	0.982865	-0.123186	-0.468010	0.045324	0.882560
10042	8.094202	2.150910	7.273219	0.618842	-0.438214	0.588618	0.870107	0.184639	0.456971	-0.145137	0.982053	-0.120447	-0.471009	0.038478	0.881289
10043	7.081102	4.006978	9.158650	0.536613	-0.161378	0.437614	0.868689	0.188929	0.457914	-0.151420	0.981440	-0.117677	-0.471647	0.032888	0.881174
10044	5.427488	0.510959	8.823797	0.437071	0.029695	0.231378	0.868448	0.191196	0.457430	-0.155473	0.981133	-0.114922	-0.470772	0.028685	0.881788
10045	5.276900	-3.275040	8.549342	0.363657	-0.014088	0.139732	0.868154	0.192474	0.457452	-0.158324	0.980982	-0.112281	-0.470364	0.025052	0.882117
10046	6.500303	-1.410223	9.049492	0.226574	0.098467	0.166760	0.868324	0.194091	0.456444	-0.160821	0.980713	-0.111082	-0.469201	0.023049	0.882791
10047	4.611158	-1.363826	8.716896	0.162768	0.173670	0.099867	0.868957	0.194952	0.454870	-0.162399	0.980572	-0.110024	-0.467482	0.021736	0.883735
10048	5.333931	-2.537210	8.572510	0.076687	0.200581	0.045480	0.869793	0.195359	0.453094	-0.163136	0.980498	-0.109590	-0.465667	0.021405	0.884701
10049	5.325775	-1.505103	8.634776	0.075597	0.288720	0.012330	0.871092	0.195340	0.450600	-0.163529	0.980506	-0.108928	-0.463094	0.021200	0.886055
10050	5.347166	-0.840135	8.661189	0.092151	0.352431	0.005588	0.872684	0.195325	0.447516	-0.163988	0.980513	-0.108174	-0.459925	0.021015	0.887709
10051	5.104076	-1.087181	8.879302	0.111375	0.400952	0.008242	0.874477	0.195258	0.444033	-0.164528	0.980534	-0.107158	-0.456313	0.020652	0.889580
10052	1.577070	0.764033	11.335780	0.140588	0.272564	0.036366	0.875631	0.195564	0.441615	-0.165470	0.980490	-0.106106	-0.453750	0.019835	0.890908
10053	4.955721	-0.510404	9.551097	0.058287	0.202460	0.039188	0.876462	0.195840	0.439842	-0.166035	0.980440	-0.105688	-0.451936	0.019602	0.891835
10054	4.864555	-1.568514	9.124493	0.030843	0.120466	0.032317	0.876927	0.196138	0.438781	-0.166442	0.980381	-0.105592	-0.450883	0.019565	0.892368
10055	4.201834	-1.015741	9.579469	-0.000576	0.062858	0.017378	0.877168	0.196217	0.438264	-0.166532	0.980363	-0.105615	-0.450381	0.019657	0.892620
10056	4.257970	-0.852592	9.431726	-0.010413	0.026376	0.014697	0.877237	0.196360	0.438061	-0.166599	0.980331	-0.105810	-0.450222	0.019840	0.892696
10057	4.167183	-0.630477	9.470793	-0.029746	-0.018941	0.021139	0.877105	0.196481	0.438271	-0.166577	0.980302	-0.106112	-0.450487	0.020066	0.892557
10058	4.511141	-0.748255	9.410010	-0.046110	-0.072013	0.023161	0.876717	0.196727	0.438937	-0.166556	0.980246	-0.106663	-0.451250	0.020405	0.892164
10059	4.566237	-0.831205	9.336727	-0.052392	-0.079497	0.024691	0.876303	0.196895	0.439688	-0.166461	0.980205	-0.107183	-0.452088	0.020733	0.891732
10060	4.648126	-0.866585	9.262452	-0.050959	-0.084103	0.024781	0.875856	0.197159	0.440459	-0.166432	0.980144	-0.107784	-0.452964	0.021096	0.891279
10061	4.652694	-0.996470	9.188304	-0.050888	-0.079504	0.026246	0.875441	0.197342	0.441202	-0.166357	0.980101	-0.108295	-0.453794	0.021409	0.890849
10062	4.736807	-0.984045	9.064188	-0.044437	-0.062846	0.026119	0.875087	0.197616	0.441782	-0.166367	0.980038	-0.108843	-0.454472	0.021749	0.890495
10063	4.714316	-1.137475	8.942458	-0.033304	-0.040159	0.027511	0.874846	0.197803	0.442176	-0.166382	0.979996	-0.109203	-0.454931	0.021966	0.890256
10064	4.668637	-1.114541	8.938816	-0.014444	-0.013054	0.028961	0.874713	0.198093	0.442308	-0.166554	0.979934	-0.109497	-0.455124	0.022110	0.890154
10065	4.686646	-1.213154	9.015048	-0.001766	0.008030	0.027345	0.874681	0.198286	0.442284	-0.166733	0.979895	-0.109570	-0.455118	0.022095	0.890157
10066	4.714091	-1.092613	9.013707	0.023139	0.031951	0.028929	0.874753	0.198566	0.442016	-0.167075	0.979841	-0.109529	-0.454854	0.021961	0.890295
10067	4.663657	-0.989183	9.061020	0.063367	0.058599	0.030709	0.874948	0.198787	0.441531	-0.167589	0.979809	-0.109032	-0.454290	0.021402	0.890597
10068	4.508830	-0.950581	9.181203	0.068099	0.064584	0.029175	0.875167	0.199062	0.440972	-0.168137	0.979764	-0.108591	-0.453665	0.020892	0.890927
10069	4.424915	-0.963448	9.304869	0.064963	0.058504	0.026158	0.875374	0.199223	0.440488	-0.168598	0.979743	-0.108064	-0.453094	0.020331	0.891231
10070	4.393260	-1.007030	9.308303	0.047941	0.046637	0.024529	0.875519	0.199457	0.440095	-0.169013	0.979703	-0.107782	-0.452660	0.019984	0.891459
10071	4.415684	-0.981668	9.286128	0.033867	0.030129	0.023013	0.875616	0.199576	0.439848	-0.169280	0.979684	-0.107530	-0.452373	0.019698	0.891612
10072	4.359211	-1.100222	9.289218	0.012246	0.015267	0.018296	0.875629	0.199755	0.439740	-0.169479	0.979649	-0.107538	-0.452273	0.019637	0.891664
10073	4.332559	-1.123487	9.313596	-0.012638	-0.010229	0.012155	0.875551	0.199784	0.439884	-0.169451	0.979642	-0.107651	-0.452435	0.019715	0.891579
10074	4.336420	-1.153402	9.215566	-0.034397	-0.031190	0.007525	0.875372	0.199866	0.440202	-0.169344	0.979619	-0.108027	-0.452821	0.020018	0.891377
10075	4.389310	-1.160047	9.190726	-0.042247	-0.043273	0.004520	0.875157	0.199829	0.440645	-0.169118	0.979620	-0.108369	-0.453320	0.020319	0.891116
10076	4.393464	-1.138487	9.236107	-0.048559	-0.056959	-0.001492	0.874877	0.199829	0.441202	-0.168867	0.979612	-0.108832	-0.453954	0.020710	0.890784
10077	4.549466	-1.077045	9.211091	-0.054794	-0.066044	-0.006041	0.874571	0.199715	0.441858	-0.168516	0.979627	-0.109237	-0.454673	0.021076	0.890409
10078	4.586385	-0.987092	9.132575	-0.047121	-0.063138	-0.004436	0.874267	0.199687	0.442474	-0.168245	0.979625	-0.109673	-0.455359	0.021440	0.890050
10079	4.694905	-0.923874	9.057237	-0.036364	-0.058773	-0.002805	0.873991	0.199584	0.443063	-0.167980	0.979641	-0.109935	-0.455984	0.021657	0.889724
10080	4.674798	-0.899584	9.102020	-0.020758	-0.042303	-0.001267	0.873776	0.199583	0.443489	-0.167856	0.979638	-0.110151	-0.456443	0.021804	0.889485
10081	4.625450	-0.971210	9.125015	-0.005353	-0.031874	0.004925	0.873607	0.199550	0.443837	-0.167799	0.979646	-0.110171	-0.456788	0.021770	0.889309
10082	4.599913	-1.068665	9.101133	0.005430	-0.024417	0.009562	0.873454	0.199651	0.444092	-0.167890	0.979627	-0.110201	-0.457046	0.021697	0.889178
10083	4.603280	-1.069728	9.051361	0.008592	-0.021475	0.006515	0.873327	0.199650	0.444341	-0.167939	0.979631	-0.110089	-0.457270	0.021522	0.889068
10084	4.605633	-1.019073	9.098165	0.010287	-0.013880	0.006438	0.873228	0.199718	0.444506	-0.168025	0.979619	-0.110062	-0.457428	0.021421	0.888989
10085	4.656122	-0.996010	9.098703	0.015115	-0.001756	0.007870	0.873189	0.199732	0.444576	-0.168126	0.979621	-0.109892	-0.457465	0.021212	0.888974
10086	4.530100	-1.036404	9.169716	0.013611	-0.001743	0.006322	0.873145	0.199796	0.444633	-0.168226	0.979610	-0.109835	-0.457512	0.021103	0.888953
10087	4.555864	-1.012386	9.169710	0.008911	-0.006198	0.007843	0.873096	0.199791	0.444733	-0.168269	0.979614	-0.109736	-0.457591	0.020975	0.888915
10088	4.529742	-1.034331	9.218101	-0.001849	-0.010560	0.006224	0.873012	0.199856	0.444868	-0.168297	0.979600	-0.109816	-0.457741	0.021000	0.888838
10089	4.505426	-1.032749	9.265410	-0.011221	-0.021058	0.004708	0.872902	0.199800	0.445109	-0.168188	0.979610	-0.109894	-0.457990	0.021065	0.888708
10090	4.507105	-1.084651	9.216462	-0.025197	-0.034547	0.000116	0.872719	0.199810	0.445464	-0.168055	0.979604	-0.110154	-0.458388	0.021271	0.888498
10091	4.486564	-1.061558	9.237524	-0.042039	-0.038794	-0.003111	0.872523	0.199719	0.445887	-0.167789	0.979616	-0.110451	-0.458858	0.021557	0.888248
10092	4.467396	-1.040205	9.233756	-0.051391	-0.049311	-0.006152	0.872282	0.199671	0.446380	-0.167480	0.979616	-0.110916	-0.459428	0.021990	0.887943
10093	4.548542	-0.999831	9.207083	-0.053170	-0.061501	-0.007544	0.871996	0.199516	0.447008	-0.167088	0.979639	-0.111302	-0.460113	0.022365	0.887578
10094	4.530174	-1.029259	9.154807	-0.060846	-0.064404	-0.009132	0.871690	0.199442	0.447638	-0.166710	0.979643	-0.111837	-0.460831	0.022861	0.887194
10095	4.462170	-1.055132	9.149905	-0.053263	-0.069206	-0.013555	0.871384	0.199243	0.448322	-0.166284	0.979675	-0.112187	-0.461562	0.023209	0.886804
10096	4.490422	-1.108684	9.196373	-0.070309	-0.084167	-0.019689	0.871003	0.199071	0.449139	-0.165769	0.979697	-0.112757	-0.462466	0.023758	0.886318
10097	4.404641	-1.011364	9.235769	-0.075066	-0.096362	-0.027232	0.870579	0.198766	0.450095	-0.165147	0.979747	-0.113236	-0.463486	0.024249	0.885772
10098	4.659772	-1.055671	9.114497	-0.090640	-0.108181	-0.022694	0.870089	0.198571	0.451127	-0.164510	0.979769	-0.113971	-0.464631	0.024950	0.885153
10099	4.674757	-0.965358	9.082021	-0.077024	-0.111476	-0.017928	0.869584	0.198334	0.452202	-0.163919	0.979804	-0.114522	-0.465783	0.025462	0.884533
10100	4.587759	-0.940973	9.122389	-0.048307	-0.116495	-0.000787	0.869017	0.198357	0.453281	-0.163668	0.979792	-0.114980	-0.466929	0.025732	0.883921
10101	4.790842	-1.079411	8.952205	-0.045172	-0.107277	0.011360	0.868479	0.198418	0.454284	-0.163495	0.979775	-0.115374	-0.467988	0.025926	0.883354
10102	4.720781	-1.202045	8.972410	-0.038797	-0.093648	0.014334	0.867992	0.198583	0.455143	-0.163418	0.979735	-0.115816	-0.468919	0.026148	0.882854
10103	4.678389	-1.201963	9.064437	-0.038611	-0.087607	0.008171	0.867564	0.198609	0.455947	-0.163250	0.979725	-0.116138	-0.469769	0.026324	0.882397
10104	4.561665	-1.197463	9.252799	-0.057093	-0.096392	0.005053	0.867077	0.198684	0.456840	-0.163005	0.979699	-0.116699	-0.470752	0.026719	0.881861
10105	4.523852	-1.151976	9.294438	-0.080196	-0.109727	-0.005682	0.866566	0.198562	0.457861	-0.162490	0.979708	-0.117339	-0.471869	0.027284	0.881246
10106	4.537204	-1.085984	9.359902	-0.112567	-0.127421	-0.014909	0.865962	0.198452	0.459049	-0.161809	0.979706	-0.118296	-0.473209	0.028162	0.880500
10107	4.434857	-0.918652	9.469757	-0.130087	-0.160603	-0.013209	0.865187	0.198313	0.460568	-0.161052	0.979708	-0.119307	-0.474883	0.029048	0.879569
10108	4.382282	-0.828617	9.628603	-0.160395	-0.219420	-0.006803	0.864128	0.198311	0.462553	-0.160209	0.979673	-0.120719	-0.477091	0.030212	0.878334
10109	4.430430	-0.846511	9.616489	-0.193638	-0.273612	-0.001979	0.862824	0.198270	0.464998	-0.159167	0.979639	-0.122367	-0.479792	0.031568	0.876814
10110	4.338898	-0.836067	9.673321	-0.222663	-0.344677	0.004490	0.861132	0.198426	0.468059	-0.158113	0.979557	-0.124371	-0.483169	0.033094	0.874901
10111	4.352270	-0.857553	9.703071	-0.246069	-0.438763	0.011069	0.858972	0.198602	0.471938	-0.156944	0.979469	-0.126529	-0.487377	0.034617	0.872505
10112	4.316946	-1.075010	9.608155	-0.260151	-0.525454	0.011456	0.856353	0.198900	0.476548	-0.155747	0.979353	-0.128883	-0.492343	0.036148	0.869650
10113	4.276437	-1.095167	9.776619	-0.257748	-0.624740	0.004131	0.853263	0.199067	0.481990	-0.154421	0.979271	-0.131080	-0.498093	0.037416	0.866316
10114	4.136778	-1.380411	9.797138	-0.264732	-0.732986	-0.004759	0.849568	0.199299	0.488379	-0.153031	0.979179	-0.133378	-0.504793	0.038576	0.862378
10115	4.048026	-1.423945	9.959518	-0.286048	-0.860778	-0.027324	0.845227	0.199273	0.495865	-0.151261	0.979141	-0.135656	-0.512554	0.039655	0.857739
10116	4.102191	-1.303004	9.992087	-0.292921	-1.022476	-0.050188	0.839987	0.199192	0.504722	-0.149301	0.979123	-0.137942	-0.521662	0.040514	0.852190
10117	3.941971	-1.222966	10.321694	-0.304782	-1.197850	-0.074661	0.833788	0.198862	0.515025	-0.147015	0.979166	-0.140071	-0.532150	0.041073	0.845653
10118	3.567937	-1.016754	10.982015	-0.333635	-1.441647	-0.106714	0.826153	0.198412	0.527356	-0.144309	0.979240	-0.142354	-0.544653	0.041504	0.837634
10119	3.604373	-1.673624	11.045829	-0.231556	-1.718683	-0.172371	0.816925	0.197333	0.541935	-0.141545	0.979506	-0.143297	-0.559106	0.040355	0.828114
10120	3.036417	-1.442881	11.491040	-0.152618	-2.006030	-0.267236	0.805886	0.195499	0.558862	-0.138486	0.979970	-0.143112	-0.575646	0.037937	0.816818
10121	3.052475	-2.047524	11.019964	-0.149810	-2.359620	-0.380895	0.792616	0.192524	0.578527	-0.134459	0.980672	-0.142135	-0.594710	0.034870	0.803184
10122	3.580280	-2.262447	10.431911	-0.003314	-2.662663	-0.544788	0.777189	0.188039	0.600515	-0.130137	0.981707	-0.138978	-0.615663	0.029864	0.787443
10123	4.207181	-2.505837	9.922981	0.120817	-2.963574	-0.684410	0.759519	0.182001	0.624505	-0.125560	0.983025	-0.133780	-0.638252	0.023196	0.769478
10124	4.865947	-2.530506	9.599354	0.281537	-3.254198	-0.833656	0.739348	0.174412	0.650342	-0.121115	0.984564	-0.126355	-0.662341	0.014655	0.749059
10125	5.193601	-2.379805	9.566886	0.413390	-3.554631	-0.942323	0.716485	0.165403	0.677710	-0.116932	0.986215	-0.117075	-0.687732	0.004637	0.725949
10126	6.546458	-2.356418	9.715241	0.497608	-3.831758	-1.013120	0.690751	0.155365	0.706204	-0.113261	0.987836	-0.106541	-0.714167	-0.006392	0.699946
10127	7.395152	-2.454888	9.500014	0.469163	-3.990551	-1.053595	0.662865	0.144409	0.734681	-0.109474	0.989372	-0.095698	-0.740692	-0.016993	0.671630
10128	10.409365	-3.021702	10.343309	0.417397	-4.061330	-1.073143	0.633366	0.132890	0.762357	-0.105632	0.990770	-0.084947	-0.766609	-0.026727	0.641558
10129	11.971523	-4.303434	10.725959	0.506651	-3.838508	-1.074075	0.604571	0.120977	0.787311	-0.102872	0.991980	-0.073432	-0.789880	-0.036597	0.612168
10130	11.701111	-4.415928	10.336678	0.608392	-3.468024	-1.028951	0.577838	0.109316	0.808797	-0.101622	0.992914	-0.061598	-0.809800	-0.046597	0.584853
10131	10.479170	-4.193102	9.535809	0.858119	-3.230321	-1.074642	0.552487	0.096973	0.827862	-0.102508	0.993575	-0.047974	-0.827194	-0.058358	0.558877
10132	10.217888	-3.335529	9.459368	1.027708	-3.153865	-1.136289	0.527276	0.083627	0.845569	-0.104922	0.993937	-0.032873	-0.843191	-0.071386	0.532854
10133	10.024586	-2.556249	9.646585	1.046197	-3.063055	-1.132816	0.502410	0.070041	0.861788	-0.107994	0.993992	-0.017827	-0.857858	-0.084112	0.506956
10134	8.449018	-2.225536	9.390587	0.963357	-2.982968	-1.113137	0.477786	0.056288	0.876671	-0.110833	0.993833	-0.003407	-0.871456	-0.095536	0.481079
10135	6.067588	-1.987332	8.615769	0.827996	-2.959421	-1.138907	0.453125	0.042054	0.890454	-0.112818	0.993560	0.010486	-0.884279	-0.105211	0.454952
10136	4.064264	-2.414777	7.626632	0.662669	-2.920318	-1.157762	0.428384	0.027360	0.903182	-0.113579	0.993244	0.023783	-0.896430	-0.112771	0.428597
10137	-0.920785	-4.032238	6.853085	0.679446	-2.762677	-1.112413	0.404837	0.013207	0.914294	-0.115102	0.992678	0.036626	-0.907116	-0.120065	0.403393
10138	1.751416	-5.082732	8.575332	0.966899	-2.803963	-1.018349	0.380407	-0.000410	0.924819	-0.119886	0.991540	0.049752	-0.917016	-0.129799	0.377140
10139	18.440790	-3.687088	8.883622	0.962001	-1.190597	-0.586762	0.370331	-0.007676	0.928868	-0.126570	0.990223	0.058645	-0.920236	-0.139285	0.365738
10140	10.157898	-2.536210	12.724444	0.724219	0.860347	0.124037	0.378019	-0.005230	0.925783	-0.133647	0.989201	0.060159	-0.916100	-0.146469	0.373238
10141	4.041633	-5.066311	11.085391	0.483169	1.944760	0.736736	0.394907	0.005158	0.918707	-0.140979	0.988481	0.055051	-0.907840	-0.151258	0.391085
10142	-0.280345	-5.551325	7.161388	0.451396	2.315203	1.073576	0.414203	0.019306	0.909980	-0.149362	0.987663	0.047032	-0.897846	-0.155397	0.411977
10143	-3.579240	-4.974047	5.128132	0.400656	2.131241	1.287738	0.431440	0.035646	0.901437	-0.158507	0.986670	0.036848	-0.888107	-0.158781	0.431339
10144	-3.202299	-4.428422	5.057638	0.332113	1.711936	1.398142	0.444249	0.052163	0.894383	-0.167529	0.985531	0.025735	-0.880100	-0.161268	0.446560
10145	-0.837556	-3.716436	6.084265	0.214783	1.402034	1.461072	0.454231	0.069165	0.888195	-0.176139	0.984274	0.013432	-0.873298	-0.162547	0.459270
10146	1.428924	-2.909202	7.211496	0.073008	1.383794	1.503844	0.463519	0.086195	0.881885	-0.183640	0.982993	0.000444	-0.866849	-0.162156	0.471465
10147	2.826152	-2.301044	8.034489	-0.101654	1.597716	1.530309	0.474657	0.104182	0.873983	-0.190136	0.981661	-0.013756	-0.859389	-0.159646	0.485762
10148	3.800105	-1.961197	8.750573	-0.280680	1.915959	1.526728	0.488054	0.122164	0.864222	-0.195051	0.980381	-0.028432	-0.850740	-0.154691	0.502307
10149	4.442847	-1.770835	8.900973	-0.431621	2.250308	1.464705	0.504411	0.140331	0.851984	-0.198894	0.979055	-0.043508	-0.840245	-0.147508	0.521757
10150	4.870022	-1.790515	8.577200	-0.540756	2.522893	1.339707	0.522736	0.157041	0.837905	-0.201230	0.977842	-0.057729	-0.828404	-0.138434	0.542754
10151	4.977362	-1.850070	8.466570	-0.606282	2.677794	1.148698	0.542634	0.172280	0.822112	-0.202617	0.976685	-0.070935	-0.815165	-0.128082	0.564890
10152	5.534245	-2.023707	8.514104	-0.646033	2.729533	0.889422	0.562854	0.184303	0.805747	-0.202280	0.975895	-0.081919	-0.801423	-0.116878	0.586567
10153	6.328195	-2.170070	8.702072	-0.656261	2.786511	0.612900	0.583948	0.193837	0.788309	-0.200854	0.975381	-0.091051	-0.786551	-0.105166	0.608505
10154	7.064437	-2.261928	8.642709	-0.657120	2.903229	0.355088	0.605804	0.200175	0.770020	-0.197820	0.975336	-0.097916	-0.770629	-0.093007	0.630461
10155	7.331169	-2.208319	8.559621	-0.685205	3.034649	0.165931	0.628791	0.204899	0.750092	-0.193914	0.975499	-0.103917	-0.753007	-0.080112	0.653118
10156	7.465504	-2.220346	8.432267	-0.767656	3.124136	0.068045	0.651858	0.207847	0.729301	-0.188612	0.975922	-0.109549	-0.734511	-0.066144	0.675366
10157	7.489962	-2.500583	8.245874	-0.858407	3.151614	0.059306	0.674766	0.210754	0.707300	-0.183082	0.976204	-0.116220	-0.714963	-0.051072	0.697295
10158	7.546355	-2.887309	7.960124	-0.927425	3.117132	0.112143	0.696508	0.213199	0.685144	-0.177285	0.976368	-0.123595	-0.695303	-0.035380	0.717845
10159	7.639357	-3.266063	7.999335	-0.947455	3.020950	0.193273	0.717032	0.216406	0.662596	-0.172473	0.976108	-0.132159	-0.675366	-0.019518	0.737225
10160	8.028768	-3.491664	8.270239	-0.935499	2.917314	0.298794	0.735905	0.219670	0.640460	-0.168393	0.975566	-0.141120	-0.655810	-0.003998	0.754915
10161	8.551966	-3.420716	8.683254	-0.902542	2.861349	0.433527	0.753789	0.224295	0.617652	-0.166126	0.974456	-0.151124	-0.635771	0.011308	0.771795
10162	8.865043	-2.943759	9.171719	-0.892836	2.868964	0.585837	0.770735	0.229465	0.594402	-0.164985	0.972955	-0.161674	-0.615425	0.026540	0.787749
10163	9.006492	-2.527299	9.372891	-0.910681	2.926251	0.728512	0.787329	0.236034	0.569562	-0.165493	0.970820	-0.173552	-0.593906	0.042384	0.803417
10164	8.654669	-2.113426	9.437721	-0.938434	2.985486	0.844477	0.803297	0.242724	0.543874	-0.166722	0.968320	-0.185902	-0.571767	0.058659	0.818316
10165	8.332461	-1.733458	9.524239	-0.955605	3.006609	0.931899	0.818654	0.250203	0.516918	-0.169274	0.965244	-0.199122	-0.548773	0.075511	0.832554
10166	8.061950	-1.355724	9.510233	-0.948695	3.007793	0.989125	0.833094	0.257223	0.489684	-0.172332	0.961933	-0.212102	-0.525600	0.092313	0.845708
10167	7.810049	-0.702223	9.441199	-0.933590	2.991417	1.020078	0.846737	0.264457	0.461627	-0.176446	0.958184	-0.225279	-0.501900	0.109300	0.857992
10168	7.677255	-0.113424	9.520578	-0.930660	2.936015	1.019550	0.859284	0.270767	0.433954	-0.180568	0.954352	-0.237922	-0.478567	0.126085	0.868951
10169	7.489075	0.602372	9.395238	-0.940848	2.867944	0.989205	0.870898	0.276739	0.406143	-0.185060	0.950227	-0.250643	-0.455291	0.143123	0.878764
10170	6.972759	0.937279	9.166644	-0.959691	2.747467	0.928285	0.881342	0.281397	0.379543	-0.188921	0.946172	-0.262805	-0.433065	0.159918	0.887063
10171	6.974865	0.692333	9.272140	-0.939266	2.567418	0.826510	0.890629	0.285244	0.354142	-0.192582	0.942106	-0.274497	-0.411938	0.176273	0.893999
10172	7.425962	0.288429	9.453531	-0.837941	2.403039	0.708730	0.898892	0.287515	0.330649	-0.195548	0.938526	-0.284482	-0.392115	0.191061	0.899856
10173	7.741741	0.049931	9.567695	-0.697732	2.266996	0.585882	0.906415	0.288833	0.308201	-0.198448	0.935320	-0.292908	-0.372868	0.204335	0.905106
10174	8.165917	0.200792	9.601393	-0.549259	2.155525	0.478134	0.913278	0.288794	0.287265	-0.200797	0.932773	-0.299359	-0.354406	0.215716	0.909870
10175	8.385097	0.247414	9.493717	-0.446161	2.046147	0.413701	0.919508	0.288393	0.267087	-0.203297	0.930468	-0.304795	-0.336416	0.225963	0.914202
10176	8.459553	0.223166	9.117909	-0.371374	1.924047	0.384656	0.925012	0.287557	0.248321	-0.205625	0.928490	-0.309231	-0.319486	0.234982	0.917994
10177	8.333123	0.210887	8.632523	-0.301849	1.770163	0.369884	0.929754	0.286971	0.230661	-0.208328	0.926599	-0.313073	-0.303573	0.243027	0.921293
10178	8.150227	0.205431	8.082879	-0.246741	1.583819	0.364972	0.933667	0.286472	0.214942	-0.210996	0.924930	-0.316205	-0.289390	0.249878	0.924021
10179	8.038070	0.084583	7.481144	-0.178501	1.380679	0.355603	0.936810	0.286439	0.200848	-0.213993	0.923370	-0.318739	-0.276756	0.255617	0.926318
10180	7.976753	0.048066	6.850322	-0.090941	1.161021	0.330371	0.939233	0.286521	0.189069	-0.216847	0.922174	-0.320268	-0.266118	0.259808	0.928268
10181	7.966301	0.044424	6.337905	0.025341	0.917226	0.296370	0.940976	0.286992	0.179445	-0.219841	0.921319	-0.320690	-0.257361	0.262312	0.930031
10182	8.142413	0.111976	6.018080	0.132245	0.668249	0.271809	0.942056	0.287766	0.172396	-0.222738	0.920869	-0.319980	-0.250834	0.263040	0.931607
10183	8.364798	0.195856	5.870655	0.229804	0.423091	0.282272	0.942464	0.289352	0.167441	-0.226073	0.920605	-0.318399	-0.246276	0.262226	0.933052
10184	8.485606	0.075846	5.693411	0.320887	0.202598	0.318998	0.942218	0.291786	0.164579	-0.229868	0.920500	-0.315975	-0.243692	0.259886	0.934384
10185	8.305087	-0.222441	5.377140	0.436747	-0.021510	0.351857	0.941341	0.295144	0.163609	-0.234310	0.920559	-0.312522	-0.242850	0.255855	0.935715
10186	8.016771	-0.285904	5.266373	0.552735	-0.268376	0.377493	0.939778	0.299324	0.164993	-0.239210	0.920819	-0.308010	-0.244123	0.249993	0.936967
10187	8.089282	-0.194796	5.391832	0.640571	-0.512438	0.403086	0.937537	0.304331	0.168542	-0.244598	0.921162	-0.302708	-0.247378	0.242575	0.938063
10188	8.099762	-0.193960	5.695843	0.688003	-0.710824	0.434501	0.934670	0.310053	0.173953	-0.250387	0.921453	-0.297038	-0.252387	0.234077	0.938887
10189	7.741138	-0.373360	6.008550	0.712894	-0.860550	0.447950	0.931332	0.316157	0.180735	-0.256383	0.921685	-0.291145	-0.258628	0.224815	0.939452
10190	7.383154	-0.138343	6.121454	0.723497	-0.987452	0.444387	0.927572	0.322449	0.188775	-0.262413	0.921843	-0.285211	-0.265987	0.215017	0.939691
10191	7.002416	0.014776	6.188135	0.701768	-1.095659	0.416463	0.923507	0.328559	0.197950	-0.268125	0.921976	-0.279409	-0.274307	0.204961	0.939546
10192	6.561727	0.188688	6.237759	0.656916	-1.180865	0.379651	0.919167	0.334445	0.208034	-0.273456	0.922018	-0.274053	-0.283466	0.195012	0.938945
10193	0.597860	-1.209620	8.924352	0.722247	-1.193584	0.261265	0.915013	0.339055	0.218617	-0.277862	0.922539	-0.267794	-0.292480	0.184289	0.938346
10194	4.884378	0.827957	6.740771	0.785235	-1.621831	0.094960	0.909882	0.342839	0.233615	-0.281075	0.923600	-0.260690	-0.305142	0.171534	0.936731
10195	-0.965435	-2.807877	9.320504	0.819056	-1.524209	-0.053738	0.905300	0.344776	0.248115	-0.283049	0.925178	-0.252842	-0.316725	0.158669	0.935152
10196	-0.492619	-2.111049	10.467535	0.828825	-1.485744	-0.235146	0.901158	0.344880	0.262625	-0.283595	0.927240	-0.244541	-0.327854	0.145891	0.933396
10197	-0.397902	-3.210953	9.748502	0.817140	-1.540344	-0.404088	0.897168	0.343199	0.278035	-0.282614	0.929804	-0.235783	-0.339439	0.132961	0.931184
10198	0.434925	-3.693594	7.725456	0.934623	-1.785802	-0.789717	0.893182	0.338102	0.296500	-0.278776	0.933658	-0.224869	-0.352859	0.118191	0.928182
10199	3.962654	-2.779536	8.120316	1.296144	-1.902355	-1.254030	0.889798	0.328368	0.316913	-0.272197	0.939275	-0.208978	-0.366290	0.099685	0.925146
10200	5.796050	-2.015888	8.892605	1.630587	-1.743300	-1.551527	0.887456	0.315316	0.336150	-0.264469	0.945715	-0.188889	-0.377462	0.078729	0.922672
10201	-0.384975	6.691725	11.494979	1.699847	-1.640706	-1.566865	0.885262	0.301499	0.354132	-0.257017	0.951730	-0.167786	-0.387625	0.057516	0.920021
10202	5.182393	-5.221578	8.180773	0.574940	-2.520437	-0.644534	0.876852	0.296659	0.378318	-0.253621	0.953945	-0.160203	-0.408420	0.044525	0.911708
10203	21.825726	-4.962678	19.188143	2.086533	-3.109471	-1.308849	0.867113	0.284985	0.408532	-0.250880	0.958407	-0.136073	-0.430318	0.015498	0.902544
10204	27.161449	3.258578	17.039576	0.890337	-0.337543	-0.170195	0.866064	0.283402	0.411846	-0.253232	0.958982	-0.127384	-0.431054	0.006030	0.902306
10205	-4.587333	6.339630	8.546304	0.919911	-0.062290	-0.167547	0.866209	0.281634	0.412753	-0.255602	0.959517	-0.118299	-0.429360	-0.003029	0.903128
10206	6.106797	-4.338325	12.165483	0.559341	-1.119528	-0.102619	0.861594	0.280579	0.423003	-0.257132	0.959762	-0.112873	-0.437652	-0.011517	0.899071
10207	8.686504	2.140504	11.628367	0.452371	-0.232018	-0.069947	0.860753	0.279703	0.425289	-0.258372	0.959944	-0.108408	-0.438576	-0.016570	0.898541
10208	6.132765	3.471521	10.334624	-0.099463	-0.475406	0.176654	0.858175	0.281330	0.429407	-0.259443	0.959462	-0.110099	-0.442974	-0.016922	0.896375
10209	4.242780	-1.489169	9.442263	0.160099	-0.169726	0.143619	0.857050	0.282460	0.430908	-0.261214	0.959090	-0.109145	-0.444109	-0.019017	0.895771
10210	5.530775	-1.232306	8.987481	0.133605	-0.086577	0.114042	0.856341	0.283547	0.431603	-0.262776	0.958739	-0.108483	-0.444555	-0.020517	0.895517
10211	4.908065	-0.689053	9.194403	0.063128	-0.088320	0.113040	0.855652	0.284398	0.432410	-0.263855	0.958466	-0.108272	-0.445243	-0.021450	0.895153
10212	4.748718	-1.406891	9.196426	0.075471	-0.042322	0.096127	0.855184	0.285319	0.432729	-0.265004	0.958174	-0.108055	-0.445459	-0.022268	0.895025
10213	4.748724	-1.231928	9.205415	0.037056	-0.048085	0.082023	0.854753	0.285880	0.433210	-0.265700	0.957993	-0.107945	-0.445871	-0.022838	0.894806
10214	5.009688	-1.141331	9.202606	0.054645	-0.040821	0.062096	0.854380	0.286474	0.433552	-0.266465	0.957801	-0.107767	-0.446129	-0.023452	0.894661
10215	4.801224	-1.233213	9.229358	0.049423	-0.005773	0.049908	0.854222	0.286737	0.433690	-0.266942	0.957708	-0.107410	-0.446147	-0.024018	0.894637
10216	4.610478	-0.984386	9.229767	0.030945	0.013251	0.036637	0.854158	0.287099	0.433576	-0.267383	0.957594	-0.107334	-0.446006	-0.024251	0.894702
10217	4.684904	-1.204678	9.054722	0.028039	0.012943	0.024365	0.854151	0.287123	0.433575	-0.267546	0.957579	-0.107059	-0.445921	-0.024557	0.894735
10218	4.492481	-0.516154	9.288728	0.054905	0.026622	0.027257	0.854171	0.287398	0.433351	-0.268013	0.957485	-0.106727	-0.445601	-0.024981	0.894883
10219	4.518155	-0.894757	9.199836	0.039931	0.011340	0.041440	0.854112	0.287584	0.433346	-0.268375	0.957418	-0.106419	-0.445498	-0.025405	0.894923
10220	4.428685	-0.803037	9.240086	0.057953	0.005468	0.038884	0.854007	0.287965	0.433300	-0.268954	0.957290	-0.106110	-0.445350	-0.025919	0.894981
10221	4.485959	-0.897590	9.348104	0.050782	-0.009095	0.045505	0.853845	0.288184	0.433473	-0.269398	0.957208	-0.105723	-0.445391	-0.026506	0.894944
10222	4.501651	-1.006925	9.210742	0.050113	-0.019874	0.042884	0.853616	0.288596	0.433649	-0.269976	0.957070	-0.105501	-0.445480	-0.027018	0.894884
10223	4.531321	-0.985609	9.184711	0.043650	-0.025693	0.039974	0.853396	0.288757	0.433976	-0.270341	0.957005	-0.105154	-0.445681	-0.027583	0.894767
10224	4.513921	-1.128386	9.195920	0.035966	-0.026847	0.036853	0.853152	0.289108	0.434222	-0.270804	0.956887	-0.105033	-0.445867	-0.027980	0.894662
10225	4.530822	-1.205019	9.177641	0.019461	-0.022903	0.031860	0.852965	0.289194	0.434531	-0.270992	0.956852	-0.104869	-0.446110	-0.028305	0.894531
10226	4.637622	-1.177745	9.078986	0.012557	-0.013670	0.022187	0.852819	0.289408	0.434675	-0.271225	0.956783	-0.104893	-0.446247	-0.028440	0.894458
10227	4.611159	-0.995999	9.135840	0.013016	-0.007783	0.017352	0.852739	0.289361	0.434864	-0.271262	0.956791	-0.104726	-0.446377	-0.028658	0.894386
10228	4.556005	-1.035424	9.162450	0.007398	-0.001560	0.010885	0.852678	0.289470	0.434911	-0.271376	0.956757	-0.104747	-0.446425	-0.028709	0.894360
10229	4.519272	-0.928171	9.201549	0.007892	0.006112	0.012096	0.852674	0.289377	0.434981	-0.271346	0.956781	-0.104604	-0.446451	-0.028837	0.894343
10230	4.542799	-0.929309	9.226737	0.002519	-0.005823	0.010999	0.852594	0.289485	0.435066	-0.271438	0.956747	-0.104670	-0.446548	-0.028853	0.894294
