// General information: 
//  MT Manager version: 2022.2.0 
//  XDA version: 2022.2.0 build 7381 rev 124627 built on 2023-07-19
// Device information: 
//  DeviceId: 00B4CBA7
//  ProductCode: MTW2-3A7G6
//  Firmware Version: 4.6.0
//  Hardware Version: 2.0.0
// Device settings: 
//  Filter Profile: human(46.1)
//  Option Flags: Orientation Smoother Disabled, Position/Velocity Smoother Disabled, Continuous Zero Rotation Update Disabled, AHS Disabled, ICC Disabled
// Coordinate system: ENU
PacketCounter	Acc_X	Acc_Y	Acc_Z	Gyr_X	Gyr_Y	Gyr_Z	Mat[1][1]	Mat[2][1]	Mat[3][1]	Mat[1][2]	Mat[2][2]	Mat[3][2]	Mat[1][3]	Mat[2][3]	Mat[3][3]
62248	10.119225	-0.841781	-3.808279	0.643768	-1.178739	0.155190	0.136533	0.243275	0.960300	0.877755	-0.479097	-0.003426	0.459243	0.843376	-0.278948
62249	9.518213	-1.274259	-4.576340	0.467356	-1.088417	0.247603	0.143639	0.251283	0.957196	0.879544	-0.475764	-0.007089	0.453619	0.842915	-0.289353
62250	8.893833	-1.636930	-5.137578	0.342841	-0.995978	0.324204	0.150954	0.258140	0.954241	0.880601	-0.473727	-0.011153	0.449171	0.841989	-0.298829
62251	8.449450	-1.153521	-5.275979	0.211594	-0.874609	0.353025	0.157941	0.263840	0.951548	0.881006	-0.472864	-0.015119	0.445963	0.840707	-0.307130
62252	8.165839	-0.245678	-4.613571	-0.093867	-0.678596	0.337683	0.163898	0.267945	0.949391	0.880047	-0.474545	-0.017996	0.445707	0.838458	-0.313581
62253	8.107048	0.186415	-4.323840	-0.513211	-0.462937	0.317305	0.168720	0.270317	0.947872	0.877226	-0.479688	-0.019347	0.449453	0.834762	-0.318062
62254	7.984318	-0.335044	-3.604040	-0.773016	-0.210689	0.321704	0.172448	0.270525	0.947142	0.873181	-0.486990	-0.019887	0.455869	0.830456	-0.320197
62255	7.782450	-1.664746	-3.308231	-0.843761	0.008442	0.332997	0.175273	0.268834	0.947105	0.868728	-0.494873	-0.020300	0.463239	0.826335	-0.320281
62256	7.784221	-2.390094	-3.582210	-0.645792	0.198589	0.351048	0.177349	0.265456	0.947671	0.865102	-0.501133	-0.021522	0.469196	0.823649	-0.318522
62257	7.951439	-1.606015	-3.489691	-0.458408	0.381702	0.343748	0.178482	0.260598	0.948806	0.862333	-0.505805	-0.023291	0.473841	0.822344	-0.314999
62258	7.970302	-0.849153	-3.094531	-0.451166	0.550848	0.327321	0.178636	0.254417	0.950453	0.859605	-0.510349	-0.024951	0.478715	0.821472	-0.309865
62259	7.818266	-1.117397	-3.118550	-0.434809	0.702488	0.317425	0.177943	0.247036	0.952528	0.856951	-0.514711	-0.026599	0.483706	0.821003	-0.303287
62260	7.784113	-1.367488	-3.201877	-0.294777	0.835422	0.299843	0.176411	0.238637	0.954951	0.854994	-0.517853	-0.028537	0.487714	0.821511	-0.295389
62261	7.804681	-0.899718	-3.425002	-0.062758	0.963036	0.295602	0.174194	0.229199	0.957666	0.854173	-0.519056	-0.031143	0.489945	0.823437	-0.286192
62262	7.758362	-0.308429	-3.382728	0.031974	1.071793	0.298300	0.171442	0.218821	0.960586	0.853820	-0.519453	-0.034055	0.491527	0.826006	-0.275890
62263	7.678635	0.025535	-3.345835	0.024258	1.165139	0.298498	0.168216	0.207646	0.963632	0.853436	-0.519885	-0.036953	0.493305	0.828615	-0.264665
62264	7.646520	-0.053753	-3.586843	0.016622	1.247794	0.286017	0.164449	0.195813	0.966754	0.853049	-0.520318	-0.039719	0.495242	0.831220	-0.252604
62265	7.574892	-0.021713	-3.770538	0.038265	1.333277	0.266055	0.160067	0.183343	0.969930	0.852810	-0.520501	-0.042350	0.497085	0.833945	-0.239672
62266	7.683593	0.045997	-3.940127	0.051034	1.421455	0.244592	0.155035	0.170207	0.973136	0.852684	-0.520503	-0.044806	0.498893	0.836724	-0.225829
62267	7.958321	0.049860	-3.864450	0.038676	1.492319	0.236427	0.149555	0.156485	0.976292	0.852520	-0.520564	-0.047156	0.500843	0.839360	-0.211259
62268	8.455264	0.077211	-3.709335	-0.026892	1.541972	0.223552	0.143680	0.142374	0.979329	0.852061	-0.521121	-0.049248	0.503338	0.841524	-0.196186
62269	9.131343	-0.284572	-3.293511	-0.088891	1.575503	0.215130	0.137522	0.127995	0.982194	0.851312	-0.522161	-0.051151	0.506316	0.843188	-0.180772
62270	9.768207	-0.597065	-2.744147	-0.125774	1.566917	0.223528	0.131427	0.113618	0.984793	0.850375	-0.523492	-0.053092	0.509499	0.844421	-0.165419
62271	10.267865	-0.712391	-2.380417	-0.070413	1.526185	0.237978	0.125618	0.099488	0.987078	0.849711	-0.524342	-0.055288	0.512065	0.845676	-0.150403
62272	10.569469	-0.039318	-1.925851	-0.032573	1.453225	0.280815	0.120510	0.085731	0.989003	0.849201	-0.524878	-0.057976	0.514136	0.846849	-0.136056
62273	10.688753	0.137088	-2.171885	-0.179364	1.351500	0.374653	0.116683	0.072330	0.990532	0.847833	-0.526696	-0.061413	0.517267	0.846971	-0.122780
62274	10.179549	0.367418	-2.082399	-0.271875	1.260263	0.421968	0.113676	0.059446	0.991738	0.845936	-0.529279	-0.065239	0.521028	0.846363	-0.110454
62275	9.808293	0.565806	-2.496672	-0.435819	1.157439	0.431824	0.111228	0.047380	0.992665	0.843170	-0.533197	-0.069027	0.526016	0.844663	-0.099256
62276	9.145663	0.726877	-2.842364	-0.669600	1.080249	0.416202	0.108972	0.036057	0.993391	0.839166	-0.539023	-0.072489	0.532846	0.841519	-0.088996
62277	8.140554	0.321131	-2.942050	-0.751963	0.988376	0.409762	0.107062	0.025552	0.993924	0.834690	-0.545467	-0.075887	0.540213	0.837743	-0.079727
62278	7.437811	-0.871207	-3.025365	-0.611836	0.885089	0.371300	0.105310	0.016133	0.994309	0.830970	-0.550669	-0.079075	0.546260	0.834568	-0.071397
62279	6.795775	-1.361300	-3.626117	-0.280994	0.777345	0.269419	0.103251	0.008180	0.994622	0.829150	-0.553050	-0.081525	0.549409	0.833108	-0.063886
62280	6.414899	-0.929490	-4.195396	0.098346	0.705290	0.137335	0.100480	0.001562	0.994938	0.829548	-0.552247	-0.082910	0.549322	0.833679	-0.056785
62281	6.320835	0.225915	-4.558559	0.340431	0.642560	0.021208	0.097097	-0.003902	0.995267	0.831394	-0.549410	-0.083264	0.547135	0.835544	-0.050102
62282	6.367853	1.244918	-4.709652	0.316910	0.580567	-0.049416	0.093481	-0.008467	0.995585	0.833168	-0.546774	-0.082881	0.545062	0.837237	-0.044058
62283	6.591734	1.276891	-4.682358	0.219968	0.527750	-0.100125	0.089737	-0.012326	0.995889	0.834457	-0.544947	-0.081936	0.543717	0.838380	-0.038616
62284	10.131324	-0.608757	-2.479800	0.095258	0.465976	-0.047585	0.086772	-0.015953	0.996100	0.835011	-0.544170	-0.081454	0.543348	0.838823	-0.033898
62285	7.109174	-2.546844	-2.663957	0.719808	0.268878	0.039613	0.085614	-0.018412	0.996158	0.838867	-0.538118	-0.082042	0.537561	0.842669	-0.030625
62286	12.093781	1.650171	1.214577	-0.066235	0.365595	0.110731	0.084542	-0.022065	0.996176	0.838411	-0.538668	-0.083085	0.538441	0.842229	-0.027040
62287	13.080677	-3.314823	2.593945	-0.539379	0.486065	0.199943	0.083550	-0.027218	0.996132	0.835326	-0.543160	-0.084904	0.543369	0.839188	-0.022646
62288	15.017732	-4.494663	2.981777	0.106108	0.254300	0.092830	0.082911	-0.029834	0.996110	0.835819	-0.542257	-0.085810	0.542708	0.839683	-0.020023
62289	14.277166	-4.635141	2.106135	1.224124	-0.014075	-0.088492	0.082207	-0.029225	0.996187	0.842473	-0.531971	-0.085129	0.532430	0.846258	-0.019111
62290	12.305030	2.656492	0.803832	1.701910	-0.162273	-0.178043	0.081518	-0.026891	0.996309	0.851555	-0.517550	-0.083643	0.517889	0.855230	-0.019291
62291	10.262555	7.336153	-0.716812	1.315389	-0.299775	-0.045421	0.082628	-0.024070	0.996290	0.858329	-0.506274	-0.083417	0.506403	0.862037	-0.021173
62292	10.178787	6.270296	-1.408229	0.159260	-0.363527	0.084021	0.085150	-0.021340	0.996140	0.859057	-0.504900	-0.084248	0.504748	0.862914	-0.024660
62293	9.910752	-0.656998	-3.087409	-0.141698	-0.373352	0.141423	0.088214	-0.018820	0.995924	0.858219	-0.506100	-0.085580	0.505647	0.862270	-0.028493
62294	9.458947	-2.492979	-3.115992	0.382832	-0.337639	0.131601	0.091007	-0.016549	0.995713	0.860020	-0.502796	-0.086961	0.502080	0.864246	-0.031525
62295	9.686703	-1.620571	-2.548753	0.421421	-0.274953	0.166580	0.093779	-0.014990	0.995480	0.861974	-0.499130	-0.088718	0.498203	0.866398	-0.033887
62296	9.699119	-1.726403	-2.387786	0.155899	-0.183335	0.208706	0.096453	-0.014420	0.995233	0.862542	-0.497771	-0.090806	0.496708	0.867189	-0.035573
62297	9.795785	-1.084629	-1.878070	0.062196	-0.131516	0.214981	0.098923	-0.014335	0.994992	0.862641	-0.497207	-0.092928	0.496049	0.867514	-0.036819
62298	9.862720	0.166795	-0.899339	-0.160932	-0.106303	0.212289	0.101245	-0.014449	0.994757	0.861621	-0.498595	-0.094937	0.497352	0.866715	-0.038031
62299	9.916775	-1.083221	-0.770983	-0.250061	-0.103552	0.208562	0.103520	-0.014580	0.994521	0.860162	-0.500736	-0.096875	0.499405	0.865477	-0.039295
62300	9.902125	-1.822179	-0.641952	0.000920	-0.140858	0.185180	0.105779	-0.014266	0.994287	0.859963	-0.500726	-0.098673	0.499273	0.865488	-0.040698
62301	10.033311	-1.681672	-0.883870	0.249777	-0.170912	0.171296	0.108067	-0.013628	0.994050	0.861026	-0.498545	-0.100440	0.496947	0.866757	-0.042142
62302	9.850773	-1.297296	-1.133665	0.320499	-0.166721	0.155645	0.110198	-0.012934	0.993825	0.862436	-0.495766	-0.102081	0.494026	0.868360	-0.043478
62303	9.587275	-1.267611	-1.219983	0.168734	-0.155515	0.145206	0.112181	-0.012288	0.993612	0.863108	-0.494288	-0.103560	0.492403	0.869211	-0.044844
62304	9.523585	-1.790101	-1.252217	-0.027592	-0.132437	0.134866	0.113961	-0.011782	0.993415	0.862811	-0.494534	-0.104844	0.492513	0.869078	-0.046192
62305	9.487758	-2.240149	-1.299324	-0.061685	-0.100537	0.125175	0.115499	-0.011514	0.993241	0.862365	-0.495062	-0.106019	0.492936	0.868781	-0.047250
62306	9.423922	-2.007983	-1.358111	0.084355	-0.083427	0.117211	0.116886	-0.011346	0.993081	0.862638	-0.494337	-0.107181	0.492132	0.869196	-0.047993
62307	9.388968	-1.004569	-1.268882	0.248414	-0.077066	0.113365	0.118206	-0.011222	0.992926	0.863726	-0.492169	-0.108387	0.489904	0.870427	-0.048485
62308	9.620367	-0.494624	-1.060817	0.291777	-0.087953	0.131619	0.119738	-0.011079	0.992744	0.864988	-0.489633	-0.109794	0.487297	0.871858	-0.049044
62309	9.851612	-0.064276	-0.681458	0.268226	-0.102384	0.156786	0.121556	-0.010939	0.992524	0.866104	-0.487282	-0.111444	0.484858	0.873176	-0.049758
62310	9.942959	-0.156050	-0.480017	0.158672	-0.118827	0.173596	0.123600	-0.010723	0.992274	0.866653	-0.485899	-0.113203	0.483359	0.873949	-0.050764
62311	9.821965	-1.186708	-0.595478	0.206228	-0.132363	0.173929	0.125710	-0.010396	0.992013	0.867433	-0.484083	-0.114996	0.481412	0.874960	-0.051836
62312	9.817150	-1.198210	-0.404525	0.222287	-0.158359	0.178640	0.127985	-0.009851	0.991727	0.868267	-0.482142	-0.116841	0.479304	0.876038	-0.053154
62313	9.772522	-1.029057	-0.044713	0.086916	-0.193035	0.179756	0.130434	-0.009012	0.991416	0.868453	-0.481369	-0.118632	0.478306	0.876472	-0.054960
62314	9.583045	-1.319667	0.352272	-0.113342	-0.230666	0.179010	0.133056	-0.007832	0.991078	0.867668	-0.482370	-0.120300	0.479008	0.875932	-0.057387
62315	9.504826	-2.205708	0.649413	-0.257342	-0.278097	0.163219	0.135769	-0.006174	0.990721	0.866215	-0.484617	-0.121726	0.480872	0.874705	-0.060448
62316	9.470644	-3.165809	0.147372	-0.185057	-0.308291	0.128515	0.138330	-0.004081	0.990378	0.865142	-0.486250	-0.122842	0.482072	0.873810	-0.063732
62317	9.439699	-3.019928	-0.419388	-0.005604	-0.317280	0.092166	0.140620	-0.001744	0.990062	0.864989	-0.486302	-0.123712	0.481684	0.873789	-0.066875
62318	9.369596	-2.158150	-0.811899	0.027597	-0.331996	0.071389	0.142801	0.000831	0.989751	0.865017	-0.486078	-0.124396	0.480993	0.873915	-0.070131
62319	9.568904	-1.810944	-0.976644	0.049966	-0.343025	0.052547	0.144867	0.003587	0.989445	0.865184	-0.485648	-0.124913	0.480073	0.874147	-0.073458
62320	9.689486	-1.355038	-1.053433	0.150357	-0.332280	0.030017	0.146685	0.006368	0.989163	0.865857	-0.484350	-0.125281	0.478304	0.874851	-0.076561
62321	9.571086	-0.421722	-1.216525	0.206006	-0.327257	0.033666	0.148501	0.009083	0.988871	0.866794	-0.482555	-0.125736	0.476042	0.875819	-0.079533
62322	9.289303	-0.349589	-1.142148	0.071148	-0.342691	0.037057	0.150418	0.011927	0.988551	0.867073	-0.481952	-0.126119	0.474930	0.876116	-0.082836
62323	9.507230	-1.268341	-1.369866	0.066079	-0.361127	0.036397	0.152410	0.014929	0.988205	0.867334	-0.481383	-0.126496	0.473817	0.876383	-0.086316
62324	9.506432	-1.083217	-1.101913	0.093857	-0.370176	0.032797	0.154412	0.018037	0.987842	0.867725	-0.480583	-0.126861	0.472452	0.876764	-0.089859
62325	9.507504	-1.496943	-1.141995	0.038097	-0.380928	0.031962	0.156450	0.021237	0.987458	0.867858	-0.480260	-0.127172	0.471536	0.876869	-0.093567
62326	9.495798	-1.714814	-1.216604	0.039864	-0.390028	0.022568	0.158449	0.024569	0.987061	0.868007	-0.479933	-0.127392	0.470593	0.876961	-0.097372
62327	9.549505	-1.518403	-1.257400	0.040185	-0.396071	0.012674	0.160385	0.027995	0.986658	0.868179	-0.479588	-0.127518	0.469619	0.877047	-0.101223
62328	9.611963	-1.082986	-1.268135	-0.007655	-0.400948	0.011620	0.162334	0.031476	0.986234	0.868121	-0.479675	-0.127583	0.469056	0.876882	-0.105193
62329	9.752957	-1.249250	-1.402006	-0.069402	-0.405271	0.011634	0.164299	0.034986	0.985790	0.867780	-0.480291	-0.127584	0.469003	0.876411	-0.109272
62330	9.816661	-1.264940	-1.739583	-0.069032	-0.399422	0.009280	0.166219	0.038462	0.985338	0.867438	-0.480916	-0.127558	0.468959	0.875923	-0.113301
62331	9.488281	-1.065461	-1.957333	-0.091739	-0.386101	0.011297	0.168091	0.041802	0.984885	0.866993	-0.481727	-0.127524	0.469115	0.875324	-0.117216
62332	9.521377	-1.378921	-2.103519	-0.143648	-0.374245	0.008090	0.169885	0.045058	0.984433	0.866302	-0.483004	-0.127391	0.469745	0.874458	-0.121089
62333	10.137932	-2.005246	-2.842088	-0.044840	-0.334293	-0.005713	0.171369	0.048022	0.984036	0.866105	-0.483397	-0.127241	0.469570	0.874083	-0.124431
62334	10.048401	-1.157490	-3.302777	0.085617	-0.251700	-0.006465	0.172461	0.050275	0.983733	0.866515	-0.482661	-0.127244	0.468412	0.874363	-0.126804
62335	10.037344	-0.387020	-3.476688	-0.001236	-0.209860	-0.000714	0.173400	0.052126	0.983471	0.866514	-0.482675	-0.127196	0.468067	0.874247	-0.128864
62336	10.222885	0.727120	-2.872959	-0.149771	-0.162430	0.010589	0.174221	0.053517	0.983251	0.865790	-0.484007	-0.127064	0.469100	0.873426	-0.130659
62337	10.003442	0.568024	-2.183664	-0.504010	-0.125339	0.038950	0.175111	0.054434	0.983043	0.863351	-0.488427	-0.126745	0.473245	0.870905	-0.132525
62338	9.732344	-1.319108	-2.120717	-0.521095	-0.131595	0.045662	0.176098	0.055378	0.982814	0.860788	-0.493004	-0.126455	0.477528	0.868263	-0.134486
62339	9.662292	-1.823466	-1.796497	-0.368575	-0.142659	0.041187	0.177099	0.056425	0.982574	0.858954	-0.496227	-0.126322	0.480452	0.866357	-0.136348
62340	9.700127	-1.990110	-1.313473	-0.267656	-0.175160	0.038427	0.178240	0.057774	0.982290	0.857592	-0.498586	-0.126289	0.482459	0.864913	-0.138414
62341	9.695124	-1.977488	-0.733347	-0.300711	-0.207508	0.031376	0.179476	0.059424	0.981966	0.856085	-0.501206	-0.126138	0.484671	0.863285	-0.140826
62342	9.393842	-2.678358	-0.328966	-0.401933	-0.252818	0.027888	0.180912	0.061487	0.981575	0.854076	-0.504707	-0.125797	0.487673	0.861098	-0.143822
62343	9.117762	-2.882518	0.136287	-0.341656	-0.323488	-0.004909	0.182415	0.064309	0.981116	0.852419	-0.507645	-0.125212	0.490007	0.859163	-0.147420
62344	9.407698	-2.203382	0.528565	-0.289208	-0.400936	-0.044852	0.183969	0.068001	0.980577	0.851079	-0.510113	-0.124298	0.491752	0.857415	-0.151720
62345	9.439037	-1.817961	0.206021	-0.339734	-0.461770	-0.062316	0.185679	0.072289	0.979948	0.849524	-0.512981	-0.123124	0.493794	0.855351	-0.156661
62346	9.525615	-1.842235	-0.342297	-0.373432	-0.525085	-0.071557	0.187639	0.077165	0.979202	0.847807	-0.516130	-0.121787	0.495998	0.853027	-0.162267
62347	9.530008	-1.341909	-0.650975	-0.337639	-0.581240	-0.082671	0.189790	0.082560	0.978347	0.846290	-0.518943	-0.120380	0.497768	0.850813	-0.168360
62348	9.251516	-0.945066	-0.633819	-0.455446	-0.627553	-0.071391	0.192288	0.088284	0.977359	0.844152	-0.522761	-0.118860	0.500432	0.847895	-0.175046
62349	9.139571	-1.642499	-0.628417	-0.587104	-0.682139	-0.054244	0.195221	0.094355	0.976210	0.841313	-0.527681	-0.117241	0.504065	0.844186	-0.182397
62350	9.278543	-2.221383	-0.716713	-0.551289	-0.746220	-0.055864	0.198493	0.100960	0.974888	0.838635	-0.532280	-0.115628	0.507240	0.840527	-0.190322
62351	9.549193	-1.600412	-0.595673	-0.553470	-0.795398	-0.056234	0.202033	0.107946	0.973412	0.835936	-0.536864	-0.113964	0.510288	0.836734	-0.198701
62352	9.767644	-1.435349	-0.949173	-0.554118	-0.845315	-0.062796	0.205804	0.115364	0.971770	0.833229	-0.541427	-0.112188	0.513200	0.832795	-0.207552
62353	9.558225	-0.767110	-1.502365	-0.427067	-0.884215	-0.069321	0.209737	0.123105	0.969977	0.831183	-0.544894	-0.110570	0.514923	0.829419	-0.216607
62354	9.817828	-0.569024	-2.417340	-0.269152	-0.900637	-0.090210	0.213595	0.131078	0.968089	0.829988	-0.547015	-0.109060	0.515264	0.826797	-0.225633
62355	10.213262	-0.206077	-3.378661	-0.100903	-0.907159	-0.133075	0.217124	0.139315	0.966151	0.829760	-0.547669	-0.107502	0.514154	0.825015	-0.234510
62356	10.322067	0.209120	-3.464568	-0.090492	-0.907508	-0.162404	0.220406	0.147706	0.964160	0.829651	-0.548189	-0.105677	0.512932	0.823209	-0.243369
62357	10.346497	-0.720197	-3.209320	-0.141052	-0.891960	-0.182356	0.223430	0.156056	0.962146	0.829339	-0.549071	-0.103532	0.512129	0.821077	-0.252102
62358	10.318473	-1.772138	-2.724439	-0.035838	-0.892666	-0.215120	0.226178	0.164582	0.960081	0.829639	-0.549028	-0.101332	0.510434	0.819440	-0.260721
62359	10.313819	-1.909364	-1.933265	0.045760	-0.916258	-0.251152	0.228724	0.173478	0.957910	0.830449	-0.548227	-0.099005	0.507977	0.818140	-0.269457
62360	10.348266	-1.677980	-1.299485	0.041851	-0.946292	-0.272329	0.231225	0.182727	0.955587	0.831288	-0.547406	-0.096474	0.505465	0.816675	-0.278473
62361	10.409390	-1.817172	-0.894162	-0.004150	-0.988968	-0.271659	0.233918	0.192297	0.953050	0.831905	-0.546928	-0.093830	0.503207	0.814795	-0.287909
62362	10.553182	-1.839001	-0.529067	-0.023417	-1.037115	-0.260869	0.236923	0.202184	0.950257	0.832403	-0.546608	-0.091239	0.500971	0.812614	-0.297803
62363	10.393061	-1.281894	-0.033083	-0.079370	-1.126073	-0.245046	0.240478	0.212675	0.947069	0.832598	-0.546740	-0.088635	0.498950	0.809842	-0.308552
62364	10.486695	-0.961362	0.295561	-0.141986	-1.241567	-0.216486	0.244827	0.223913	0.943357	0.832419	-0.547416	-0.086102	0.497129	0.806349	-0.320412
62365	10.636608	-0.105458	0.688920	-0.216942	-1.373474	-0.151182	0.250350	0.235803	0.939000	0.831723	-0.548809	-0.083931	0.495541	0.802001	-0.333518
62366	10.886577	0.686574	1.163344	-0.375848	-1.546780	-0.067000	0.257420	0.248551	0.933787	0.830037	-0.551650	-0.081983	0.494746	0.796181	-0.348312
62367	11.150037	0.721520	1.392593	-0.494868	-1.707002	0.002610	0.265848	0.262084	0.927705	0.827590	-0.555574	-0.080204	0.494389	0.789081	-0.364596
62368	11.378880	1.210395	1.309399	-0.541572	-1.862967	0.061049	0.275523	0.276386	0.920705	0.824752	-0.559990	-0.078706	0.493832	0.781039	-0.382241
62369	11.676429	1.513025	1.177350	-0.664720	-2.003132	0.116608	0.286339	0.291298	0.912773	0.821150	-0.565476	-0.077133	0.493682	0.771610	-0.401117
62370	12.030527	1.421546	1.492396	-0.891732	-2.138238	0.173429	0.298291	0.306703	0.903856	0.816239	-0.572825	-0.075001	0.494748	0.760135	-0.421211
62371	12.411116	0.408508	1.859684	-1.064242	-2.279923	0.239820	0.311507	0.322516	0.893838	0.810242	-0.581591	-0.072522	0.496459	0.746817	-0.442485
62372	12.868464	-0.224027	1.729568	-0.997810	-2.401545	0.296550	0.325792	0.338562	0.882743	0.804344	-0.589956	-0.070590	0.496880	0.733027	-0.464523
62373	13.234822	-0.383541	1.324156	-0.919665	-2.483903	0.354809	0.340933	0.354507	0.870683	0.798605	-0.597853	-0.069288	0.495978	0.718955	-0.486939
62374	13.175869	-0.876392	-0.143956	-0.886744	-2.534657	0.416704	0.356761	0.370049	0.857779	0.792765	-0.605673	-0.068431	0.494211	0.704431	-0.509443
62375	13.201988	-1.488930	-2.315893	-0.843955	-2.546036	0.478272	0.373055	0.384902	0.844204	0.786871	-0.613352	-0.068071	0.491593	0.689674	-0.531682
62376	12.901215	-1.985668	-4.522983	-0.830546	-2.481582	0.521307	0.389266	0.398625	0.830404	0.780819	-0.621057	-0.067892	0.488665	0.674823	-0.553010
62377	11.991698	-2.668785	-6.331273	-0.750308	-2.361160	0.561899	0.405101	0.410901	0.816734	0.774946	-0.628330	-0.068260	0.485130	0.660577	-0.572963
62378	10.803714	-3.199812	-7.714324	-0.546219	-2.220891	0.616943	0.420547	0.421545	0.803393	0.769772	-0.634465	-0.070040	0.480199	0.647885	-0.591316
62379	9.668247	-3.526384	-8.774744	-0.316634	-2.067511	0.648261	0.435353	0.430721	0.790536	0.765501	-0.639249	-0.073273	0.473789	0.637056	-0.608016
62380	8.603141	-3.248253	-9.356075	-0.107318	-1.837291	0.634563	0.448799	0.438291	0.778769	0.762205	-0.642673	-0.077557	0.466502	0.628389	-0.622498
62381	7.613267	-2.617471	-9.053846	-0.025304	-1.546133	0.571872	0.460277	0.444291	0.768603	0.759503	-0.645342	-0.081788	0.459674	0.621401	-0.634476
62382	5.871887	-1.691972	-9.321595	-0.072301	-1.238266	0.502693	0.469709	0.448711	0.760283	0.756852	-0.648018	-0.085135	0.454476	0.615411	-0.643988
62383	4.500646	-1.565337	-10.690936	-0.507308	-1.050010	0.379672	0.477309	0.452683	0.753163	0.752767	-0.652817	-0.084687	0.453341	0.607377	-0.652361
62384	5.934188	-2.044808	-9.349565	-0.975423	-0.733839	0.183413	0.481988	0.455918	0.748216	0.747464	-0.659511	-0.079637	0.457148	0.597649	-0.658659
62385	5.461596	-2.591596	-6.528793	-1.093766	-0.359196	-0.009898	0.483536	0.458136	0.745858	0.742493	-0.665940	-0.072306	0.463571	0.588757	-0.662169
62386	5.158196	-4.142911	-5.062623	-0.600323	-0.029778	-0.175938	0.482332	0.459504	0.745796	0.740567	-0.668636	-0.066986	0.467886	0.584622	-0.662798
62387	4.588349	-5.006929	-5.423272	0.462756	0.242783	-0.331332	0.478707	0.460310	0.747633	0.744335	-0.664383	-0.067541	0.465624	0.588821	-0.660669
62388	4.218577	-4.180622	-5.980739	1.391600	0.488431	-0.496221	0.472696	0.460698	0.751209	0.753144	-0.653798	-0.072955	0.457529	0.600254	-0.656020
62389	4.368714	-1.531887	-6.231578	1.675474	0.743020	-0.644535	0.464410	0.460378	0.756555	0.763768	-0.640639	-0.078997	0.448310	0.614519	-0.649141
62390	4.668432	0.054426	-6.631493	1.349546	1.021003	-0.782823	0.453803	0.459026	0.763779	0.773401	-0.628628	-0.081719	0.442622	0.627791	-0.640284
62391	4.771666	0.355364	-6.860481	0.888147	1.285602	-0.867043	0.441347	0.456310	0.772654	0.781222	-0.619020	-0.080663	0.441480	0.639215	-0.629682
62392	4.688182	0.453631	-6.717196	0.473929	1.506461	-0.865473	0.427847	0.451955	0.782742	0.787107	-0.612009	-0.076859	0.444308	0.648985	-0.617583
62393	4.470244	0.022182	-6.386116	0.262435	1.704762	-0.800792	0.413873	0.445711	0.793757	0.791664	-0.606686	-0.072115	0.449419	0.658235	-0.603944
62394	4.555429	-0.321224	-6.235156	0.244311	1.903711	-0.719441	0.399511	0.437453	0.805621	0.795717	-0.601864	-0.067788	0.455220	0.668128	-0.588540
62395	4.686977	-0.344711	-6.246508	0.287291	2.108874	-0.654590	0.384592	0.427191	0.818289	0.799612	-0.597086	-0.064103	0.461204	0.678967	-0.571222
62396	4.806066	0.052264	-6.382523	0.265220	2.300694	-0.582990	0.369194	0.414928	0.831583	0.803061	-0.592791	-0.060752	0.467748	0.690242	-0.552067
62397	4.775230	0.596270	-6.466048	0.127832	2.482095	-0.499355	0.353434	0.400631	0.845328	0.805480	-0.589854	-0.057221	0.475696	0.701119	-0.531175
62398	4.796111	1.005160	-6.511652	-0.093464	2.634523	-0.404714	0.337471	0.384434	0.859258	0.806447	-0.588904	-0.053253	0.485548	0.710917	-0.508763
62399	4.885147	0.800058	-6.466788	-0.432967	2.781624	-0.307995	0.321271	0.366383	0.873240	0.805341	-0.590833	-0.048396	0.498208	0.718804	-0.484881
62400	4.971292	-0.206723	-6.231631	-0.626498	2.909830	-0.208436	0.304855	0.346623	0.887083	0.802842	-0.594598	-0.043569	0.512355	0.725470	-0.459550
62401	5.110159	-1.414244	-6.191554	-0.489387	3.018525	-0.116042	0.288228	0.325324	0.900604	0.800656	-0.597767	-0.040310	0.525238	0.732692	-0.432766
62402	5.522304	-2.145679	-6.387344	-0.066988	3.110254	-0.036912	0.271417	0.302629	0.913646	0.800417	-0.598130	-0.039660	0.534477	0.742062	-0.404572
62403	6.381624	-2.394630	-6.865787	0.406777	3.184850	0.074856	0.254877	0.278379	0.926036	0.802412	-0.595298	-0.041896	0.539605	0.753741	-0.375103
62404	6.587561	-1.705936	-6.652827	0.833754	3.219765	0.179678	0.238893	0.252848	0.937549	0.806487	-0.589418	-0.046537	0.540842	0.767238	-0.344726
62405	6.985554	-1.414647	-6.630463	1.100105	3.252503	0.215172	0.223029	0.226418	0.948152	0.811938	-0.581410	-0.052148	0.539458	0.781471	-0.313509
62406	7.247083	-1.900685	-6.793246	1.424912	3.265773	0.156068	0.206727	0.199769	0.957787	0.819270	-0.570482	-0.057842	0.534846	0.796644	-0.281599
62407	7.696906	-1.110928	-6.361824	1.708690	3.248191	0.067110	0.189993	0.173273	0.966374	0.828216	-0.556858	-0.062985	0.527219	0.812334	-0.249307
62408	8.196890	-0.286418	-6.044682	1.745500	3.230860	-0.042921	0.172711	0.147044	0.973935	0.837434	-0.542465	-0.066604	0.518532	0.827109	-0.216829
62409	8.708972	-0.160342	-5.574473	1.639119	3.229665	-0.131681	0.154955	0.120837	0.980504	0.846084	-0.528622	-0.068564	0.510031	0.840212	-0.184151
62410	9.196024	-0.306130	-4.963133	1.466756	3.220182	-0.176715	0.137124	0.094543	0.986032	0.853776	-0.516015	-0.069255	0.502259	0.851346	-0.151477
62411	9.956520	-0.856631	-4.527805	1.250080	3.216007	-0.198189	0.119340	0.068043	0.990519	0.860270	-0.505156	-0.068946	0.495675	0.860342	-0.118821
62412	10.994703	-1.430668	-4.939197	1.174975	3.211783	-0.212273	0.101665	0.041369	0.993958	0.866297	-0.494878	-0.068011	0.489074	0.867977	-0.086149
62413	11.844343	0.243187	-4.936859	1.147971	3.214685	-0.224560	0.084065	0.014472	0.996355	0.872081	-0.484817	-0.066537	0.482087	0.874496	-0.053377
62414	12.417097	2.349850	-2.869359	0.176663	3.178038	-0.179659	0.067136	-0.012444	0.997666	0.873074	-0.483265	-0.064779	0.482944	0.875385	-0.021580
62415	12.142480	2.498047	-2.164350	-0.762908	3.022870	-0.053674	0.051903	-0.038565	0.997907	0.869388	-0.489947	-0.064153	0.491396	0.870899	0.008099
62416	11.130653	1.493618	-2.115951	-1.208232	2.797752	0.039403	0.038305	-0.063000	0.997278	0.863362	-0.500410	-0.064773	0.503129	0.863493	0.035224
62417	10.146522	1.216642	-2.075846	-1.230880	2.508042	0.154093	0.026831	-0.085322	0.995992	0.857046	-0.510884	-0.066853	0.514540	0.855405	0.059417
62418	9.070972	1.798613	-1.483724	-1.418509	2.154007	0.265285	0.017849	-0.104991	0.994313	0.849595	-0.522710	-0.070445	0.527133	0.846021	0.079870
62419	8.638258	0.683302	-0.651264	-1.702972	1.717948	0.381142	0.011851	-0.121435	0.992529	0.840434	-0.536603	-0.075688	0.541785	0.835051	0.095699
62420	7.679728	-2.073087	-0.916494	-1.428775	1.186727	0.452170	0.009105	-0.133713	0.990978	0.832552	-0.547906	-0.081579	0.553871	0.825784	0.106334
62421	6.965450	-3.012522	-1.278992	-0.741564	0.625452	0.394215	0.008859	-0.141017	0.989968	0.828383	-0.553481	-0.086254	0.560091	0.820837	0.111913
62422	7.118689	-2.621976	-1.407438	-0.085059	0.132976	0.270334	0.010328	-0.143574	0.989586	0.827876	-0.553807	-0.088989	0.560816	0.820173	0.113142
62423	7.251230	-1.512579	-1.581356	0.557824	-0.303040	0.129705	0.013060	-0.141782	0.989812	0.830973	-0.549048	-0.089611	0.556159	0.823677	0.110647
62424	7.860200	-0.249404	-1.417859	0.891503	-0.643294	0.032739	0.016863	-0.136613	0.990481	0.835890	-0.541644	-0.088938	0.548639	0.829432	0.105059
62425	7.968103	-1.078235	-2.709017	0.953241	-0.834805	-0.040131	0.021037	-0.129431	0.991365	0.841086	-0.533772	-0.087536	0.540493	0.835664	0.097634
62426	8.581234	-1.118515	-2.243357	1.400239	-0.931658	-0.117354	0.025002	-0.120955	0.992343	0.848593	-0.522169	-0.085027	0.528455	0.844221	0.089586
62427	9.809365	-1.008877	-1.314173	1.216865	-0.807095	-0.115161	0.028207	-0.113502	0.993137	0.854988	-0.511996	-0.082797	0.517880	0.851456	0.082600
62428	9.909244	-2.760323	-0.637191	1.416885	-0.643814	-0.086482	0.030737	-0.107525	0.993727	0.862261	-0.499983	-0.080771	0.505531	0.859334	0.077347
62429	10.863901	-1.510253	0.821580	1.547169	-0.376669	-0.076112	0.031919	-0.103884	0.994077	0.870000	-0.486715	-0.078798	0.492018	0.867362	0.074843
62430	10.207268	-0.952485	0.929007	1.580664	-0.109557	-0.027788	0.032187	-0.102765	0.994185	0.877675	-0.472981	-0.077305	0.478175	0.875059	0.074971
62431	9.650430	1.464338	0.442896	1.776332	-0.073768	-0.004278	0.032458	-0.102084	0.994246	0.886029	-0.457377	-0.075887	0.462492	0.883394	0.075604
62432	10.593968	6.283162	-0.245206	1.353699	-0.169793	-0.129545	0.032059	-0.099965	0.994474	0.892248	-0.445517	-0.073547	0.450407	0.889675	0.074910
62433	11.190382	6.263931	-0.909291	0.583089	-0.324491	-0.088490	0.032683	-0.096669	0.994780	0.894885	-0.440417	-0.072200	0.445098	0.892574	0.072114
62434	13.020332	6.877827	1.295542	-0.278714	-0.469674	0.028197	0.035004	-0.092572	0.995091	0.893624	-0.442900	-0.072637	0.447450	0.891779	0.067221
62435	13.009261	-2.108739	0.987992	-0.954230	-0.509374	0.196360	0.039017	-0.088905	0.995276	0.889240	-0.451223	-0.075167	0.455774	0.887972	0.061453
62436	11.219113	-6.600623	0.141241	0.915983	-0.666233	0.177904	0.043581	-0.083737	0.995534	0.893292	-0.442942	-0.076362	0.447358	0.892631	0.055498
62437	10.673482	-0.911084	1.155081	1.730913	-0.699579	0.054757	0.047109	-0.077691	0.995864	0.900873	-0.427385	-0.075957	0.431519	0.900725	0.049856
62438	9.723122	-1.490387	0.931701	1.409473	-0.686193	0.094963	0.050855	-0.071857	0.996118	0.906809	-0.414596	-0.076204	0.418462	0.907164	0.044077
62439	9.360439	-2.184196	0.212858	1.156660	-0.698509	0.139126	0.054967	-0.066062	0.996300	0.911512	-0.403986	-0.077076	0.407583	0.912377	0.038010
62440	9.316223	-2.188783	-0.567305	0.694670	-0.660048	0.183201	0.059280	-0.060734	0.996392	0.914210	-0.397541	-0.078622	0.400882	0.915572	0.031957
62441	9.734136	-2.198960	-0.983885	0.550903	-0.633315	0.180178	0.063413	-0.055630	0.996436	0.916293	-0.392393	-0.080219	0.395457	0.918114	0.026090
62442	10.228763	-0.312243	-1.310437	0.669581	-0.613187	0.144740	0.067119	-0.050525	0.996465	0.918820	-0.386177	-0.081470	0.388929	0.921040	0.020504
62443	9.784923	2.260646	-1.092587	0.578379	-0.600836	0.159885	0.070871	-0.045588	0.996443	0.920943	-0.380774	-0.082922	0.383200	0.923544	0.014998
62444	10.081536	1.721681	-1.531174	0.344830	-0.594485	0.206566	0.075015	-0.040847	0.996345	0.922101	-0.377519	-0.084902	0.379608	0.925100	0.009345
62445	10.111367	-0.212290	-2.226387	0.291408	-0.559669	0.219628	0.079119	-0.036483	0.996197	0.923034	-0.374744	-0.087032	0.376494	0.926410	0.004026
62446	9.934214	-1.622580	-2.682483	0.575156	-0.518031	0.188245	0.082766	-0.032348	0.996044	0.925024	-0.369370	-0.088860	0.370783	0.928719	-0.000649
62447	9.734778	-1.544118	-2.667216	0.757905	-0.452857	0.173579	0.085998	-0.028762	0.995880	0.927661	-0.362274	-0.090570	0.363387	0.931628	-0.004473
62448	9.735324	-1.322148	-2.348939	0.683353	-0.367520	0.171265	0.088885	-0.025918	0.995705	0.929965	-0.355878	-0.092280	0.356742	0.934173	-0.007530
62449	9.716676	-1.039200	-1.730865	0.507517	-0.298036	0.176302	0.091543	-0.023746	0.995518	0.931605	-0.351096	-0.094041	0.351755	0.936038	-0.010018
62450	9.721788	-0.967059	-1.062038	0.293476	-0.254728	0.180866	0.094095	-0.021962	0.995321	0.932459	-0.348333	-0.095838	0.348808	0.937114	-0.012298
62451	10.079849	-1.394580	-0.862489	0.172536	-0.224934	0.172549	0.096448	-0.020445	0.995128	0.932896	-0.346685	-0.097540	0.346990	0.937759	-0.014364
62452	10.359872	-2.083113	-1.421083	0.263189	-0.197113	0.162613	0.098621	-0.019126	0.994941	0.933641	-0.344211	-0.099162	0.344366	0.938698	-0.016090
62453	10.263696	-1.072419	-1.660797	0.503487	-0.163811	0.145681	0.100504	-0.018077	0.994772	0.935219	-0.339460	-0.100656	0.339505	0.940447	-0.017211
62454	10.045591	0.528510	-1.580149	0.426185	-0.153469	0.157859	0.102474	-0.017134	0.994588	0.936491	-0.335448	-0.102267	0.335385	0.941903	-0.018329
62455	10.128479	0.332907	-1.664507	0.335005	-0.138944	0.166523	0.104459	-0.016373	0.994394	0.937439	-0.332269	-0.103947	0.332108	0.943043	-0.019360
62456	10.137364	0.399103	-1.092071	0.198703	-0.154736	0.203866	0.106857	-0.015557	0.994153	0.937875	-0.330393	-0.105978	0.330109	0.943715	-0.020714
62457	9.849264	-0.845974	-0.362929	-0.029126	-0.172328	0.225598	0.109503	-0.014669	0.993878	0.937537	-0.330640	-0.108176	0.330203	0.943643	-0.022453
62458	9.562212	-2.488528	-0.014998	0.009713	-0.199780	0.225289	0.112248	-0.013497	0.993589	0.937312	-0.330549	-0.110380	0.329919	0.943692	-0.024453
62459	9.247498	-2.772678	0.218043	0.204295	-0.210393	0.202401	0.114799	-0.012171	0.993314	0.937756	-0.328601	-0.112404	0.327772	0.944391	-0.026310
62460	9.211549	-2.287826	0.282126	0.228498	-0.216496	0.170985	0.117084	-0.010653	0.993065	0.938298	-0.326452	-0.114129	0.325403	0.945154	-0.028226
62461	9.309006	-1.867025	0.283244	0.098776	-0.223631	0.162126	0.119293	-0.009061	0.992818	0.938430	-0.325508	-0.115729	0.324219	0.945496	-0.030328
62462	9.332107	-1.630708	0.278254	-0.037394	-0.248760	0.149320	0.121476	-0.007164	0.992568	0.938124	-0.325877	-0.117165	0.324294	0.945385	-0.032865
62463	9.421404	-1.765841	0.297315	-0.077784	-0.272784	0.136519	0.123603	-0.005024	0.992319	0.937707	-0.326610	-0.118454	0.324696	0.945146	-0.035659
62464	9.219780	-1.413938	0.147227	0.035463	-0.303243	0.124220	0.125727	-0.002533	0.992062	0.937663	-0.326295	-0.119666	0.324008	0.945265	-0.038649
62465	9.483776	-1.176828	0.000129	0.072616	-0.340854	0.121157	0.127927	0.000302	0.991784	0.937747	-0.325613	-0.120858	0.322902	0.945503	-0.041938
62466	9.512546	-0.894100	-0.038130	0.085953	-0.373231	0.124791	0.130276	0.003456	0.991472	0.937859	-0.324828	-0.122099	0.321635	0.945767	-0.045558
62467	9.592126	-0.885412	-0.130795	0.045758	-0.408564	0.130643	0.132775	0.006903	0.991122	0.937837	-0.324407	-0.123377	0.320676	0.945892	-0.049547
62468	9.405756	-1.365749	0.068056	-0.066001	-0.441251	0.127190	0.135358	0.010693	0.990739	0.937451	-0.325067	-0.124569	0.320725	0.945630	-0.054025
62469	9.494471	-2.155288	0.172075	-0.050059	-0.483304	0.109618	0.137896	0.014913	0.990334	0.937144	-0.325560	-0.125587	0.320540	0.945404	-0.058869
62470	9.222927	-2.419447	-0.159000	0.010993	-0.521124	0.101218	0.140489	0.019540	0.989889	0.937035	-0.325496	-0.126562	0.319732	0.945341	-0.064038
62471	9.515084	-1.846139	-0.087171	0.070321	-0.566731	0.092818	0.143128	0.024603	0.989398	0.937131	-0.324857	-0.127489	0.318277	0.945443	-0.069552
62472	9.757122	-1.429468	-0.795138	-0.023102	-0.567752	0.085618	0.145712	0.029721	0.988880	0.936931	-0.325119	-0.128286	0.317691	0.945206	-0.075220
62473	9.706783	-0.699939	-1.519532	-0.038545	-0.564618	0.090528	0.148314	0.034769	0.988329	0.936680	-0.325517	-0.129112	0.317229	0.944897	-0.080846
62474	9.655623	-0.230087	-2.385199	-0.174533	-0.539812	0.102804	0.150968	0.039562	0.987747	0.935969	-0.327225	-0.129948	0.318074	0.944118	-0.086429
62475	9.643030	-0.044446	-2.992692	-0.230251	-0.497107	0.119063	0.153628	0.043869	0.987154	0.935057	-0.329451	-0.130880	0.319478	0.943153	-0.091633
62476	9.546970	-0.243402	-3.003185	-0.292051	-0.457170	0.129666	0.156281	0.047780	0.986556	0.933917	-0.332287	-0.131850	0.321520	0.941967	-0.096552
62477	9.735493	-1.352352	-2.554725	-0.349081	-0.424940	0.134561	0.158871	0.051337	0.985964	0.932582	-0.335644	-0.132793	0.324115	0.940589	-0.101200
62478	9.786903	-2.004501	-2.014742	-0.234029	-0.405463	0.135210	0.161425	0.054725	0.985367	0.931601	-0.337941	-0.133849	0.325671	0.939575	-0.105534
62479	9.626969	-1.433767	-1.312609	-0.238052	-0.390133	0.133222	0.163901	0.057944	0.984774	0.930611	-0.340255	-0.134866	0.327260	0.938546	-0.109692
62480	9.494893	-1.837643	-1.118822	-0.327123	-0.397542	0.132614	0.166417	0.061251	0.984151	0.929314	-0.343427	-0.135770	0.329668	0.937180	-0.114074
62481	10.179144	-2.413460	-1.652214	-0.244621	-0.392526	0.100629	0.168611	0.064589	0.983564	0.928341	-0.345785	-0.136437	0.331290	0.936088	-0.118263
62482	10.199568	-1.664205	-2.207176	-0.070657	-0.324607	0.094014	0.170537	0.067333	0.983048	0.927944	-0.346532	-0.137242	0.331416	0.935618	-0.121578
62483	9.818976	-1.214952	-2.815111	-0.170230	-0.305528	0.098769	0.172429	0.069855	0.982542	0.927214	-0.348195	-0.137964	0.332479	0.934816	-0.124810
62484	9.851750	-1.846678	-2.688562	-0.284833	-0.284259	0.076372	0.174063	0.072277	0.982078	0.926128	-0.350934	-0.138319	0.334648	0.933607	-0.128022
62485	9.821535	-2.454778	-2.170928	-0.152375	-0.258607	0.051084	0.175364	0.074518	0.981679	0.925533	-0.352397	-0.138584	0.335613	0.932879	-0.130767
62486	9.528274	-1.236731	-1.099180	-0.123893	-0.255806	0.038417	0.176558	0.076802	0.981289	0.925045	-0.353604	-0.138763	0.336331	0.932237	-0.133477
62487	9.255920	-1.388774	-0.607152	-0.312001	-0.286656	0.040976	0.177867	0.079335	0.980851	0.923924	-0.356546	-0.138705	0.338714	0.930903	-0.136717
62488	9.290675	-2.152567	-0.482213	-0.267738	-0.342782	0.031830	0.179304	0.082443	0.980333	0.922954	-0.359085	-0.138611	0.340595	0.929656	-0.140477
62489	9.483911	-1.872179	-0.111371	-0.170640	-0.412998	0.013637	0.180800	0.086240	0.979732	0.922353	-0.360684	-0.138462	0.341433	0.928692	-0.144755
62490	9.463563	-1.680988	-0.029509	-0.223425	-0.479270	0.011802	0.182527	0.090678	0.979010	0.921564	-0.362789	-0.138215	0.342641	0.927449	-0.149785
62491	9.275875	-2.107858	-0.159979	-0.299458	-0.546962	0.000833	0.184376	0.095752	0.978181	0.920539	-0.365567	-0.137726	0.344403	0.925847	-0.155545
62492	9.141669	-2.384092	-0.257460	-0.299058	-0.621012	-0.009970	0.186407	0.101565	0.977209	0.919523	-0.368341	-0.137120	0.346020	0.924126	-0.162053
62493	9.216772	-2.298370	-0.308362	-0.284313	-0.685443	-0.018209	0.188578	0.107970	0.976105	0.918577	-0.370949	-0.136432	0.347354	0.922355	-0.169131
62494	9.164386	-1.735516	-0.383984	-0.291291	-0.751722	-0.015206	0.191034	0.114985	0.974825	0.917591	-0.373630	-0.135747	0.348616	0.920423	-0.176885
62495	9.220018	-1.494295	-0.459165	-0.371256	-0.811785	-0.019270	0.193657	0.122528	0.973388	0.916336	-0.377021	-0.134847	0.350465	0.918064	-0.185290
62496	9.255298	-1.594364	-0.844224	-0.355916	-0.866335	-0.025296	0.196448	0.130599	0.971778	0.915135	-0.380265	-0.133893	0.352047	0.915610	-0.194218
62497	9.394291	-1.414078	-1.197755	-0.329274	-0.907638	-0.026561	0.199368	0.139009	0.970015	0.914031	-0.383241	-0.132941	0.353269	0.913128	-0.203464
62498	9.379734	-1.270827	-1.531824	-0.344418	-0.941536	-0.025558	0.202446	0.147723	0.968088	0.912864	-0.386355	-0.131943	0.354535	0.910444	-0.213067
62499	9.972438	-1.916930	-2.212527	-0.283185	-0.962617	-0.032107	0.205531	0.156609	0.966039	0.911930	-0.388881	-0.130976	0.355162	0.907880	-0.222744
62500	10.430652	-1.072753	-2.639231	-0.198389	-0.961107	-0.041061	0.208549	0.165515	0.963905	0.911312	-0.390623	-0.130095	0.354990	0.905549	-0.232300
62501	10.403473	-0.309678	-2.838239	-0.264496	-0.953968	-0.047929	0.211463	0.174338	0.961712	0.910479	-0.392932	-0.128968	0.355403	0.902890	-0.241822
62502	10.030677	-0.107782	-3.063441	-0.267083	-0.960652	-0.057347	0.214337	0.183256	0.959415	0.909652	-0.395247	-0.127724	0.355800	0.900109	-0.251416
62503	9.814807	-0.150614	-3.303369	-0.216156	-0.965870	-0.088070	0.216935	0.192296	0.957059	0.909079	-0.397023	-0.126288	0.355690	0.897438	-0.260940
62504	10.054959	-0.716201	-3.669641	-0.147361	-0.972215	-0.132146	0.219167	0.201566	0.954640	0.908843	-0.398095	-0.124598	0.354922	0.894925	-0.270441
62505	10.372081	-0.838088	-3.408527	-0.105175	-0.973547	-0.176120	0.220979	0.210978	0.952185	0.908864	-0.398669	-0.122591	0.353743	0.892497	-0.279848
62506	10.697390	-1.865662	-3.317293	-0.058287	-0.947525	-0.191625	0.222561	0.220220	0.949721	0.909083	-0.398788	-0.120567	0.352186	0.890209	-0.288953
62507	10.984635	-2.284584	-3.150302	0.083972	-0.927833	-0.198077	0.223976	0.229270	0.947243	0.909826	-0.397592	-0.118896	0.349357	0.888457	-0.297648
62508	10.984309	-1.007578	-2.408555	0.091444	-0.925706	-0.169385	0.225635	0.238190	0.944645	0.910525	-0.396395	-0.117536	0.346456	0.886643	-0.306319
62509	10.259436	-0.063901	-1.395074	-0.121905	-0.945968	-0.136169	0.227630	0.247115	0.941870	0.910419	-0.397140	-0.115833	0.345430	0.883863	-0.315379
62510	9.389566	-0.169141	-0.932770	-0.322987	-0.996783	-0.129725	0.229876	0.256454	0.938823	0.909599	-0.399671	-0.113544	0.346102	0.880054	-0.325145
62511	9.117434	-0.804853	-0.724954	-0.376282	-1.097738	-0.132510	0.232438	0.266632	0.935350	0.908608	-0.402623	-0.111020	0.346992	0.875672	-0.335849
62512	9.404829	-0.902161	-0.549513	-0.344267	-1.206316	-0.127095	0.235450	0.277711	0.931365	0.907711	-0.405292	-0.108622	0.347309	0.870985	-0.347507
62513	10.163260	-0.186980	-0.378937	-0.345030	-1.317732	-0.093568	0.239141	0.289545	0.926809	0.906742	-0.408017	-0.106494	0.347320	0.865844	-0.360116
