// General information: 
//  MT Manager version: 2022.2.0 
//  XDA version: 2022.2.0 build 7381 rev 124627 built on 2023-07-19
// Device information: 
//  DeviceId: 00B4CAF0
//  ProductCode: MTW2-3A7G6
//  Firmware Version: 4.6.0
//  Hardware Version: 2.0.0
// Device settings: 
//  Filter Profile: human(46.1)
//  Option Flags: Orientation Smoother Disabled, Position/Velocity Smoother Disabled, Continuous Zero Rotation Update Disabled, AHS Disabled, ICC Disabled
// Coordinate system: ENU
PacketCounter	Acc_X	Acc_Y	Acc_Z	Gyr_X	Gyr_Y	Gyr_Z	Mat[1][1]	Mat[2][1]	Mat[3][1]	Mat[1][2]	Mat[2][2]	Mat[3][2]	Mat[1][3]	Mat[2][3]	Mat[3][3]
43637	8.065257	2.260911	12.571084	-1.143296	-1.829187	-1.238566	0.407006	0.291910	0.865526	-0.602271	0.798169	0.014020	-0.686743	-0.526987	0.500668
43638	4.607378	3.393849	10.961753	-0.921928	-1.423791	-1.398360	0.405474	0.273128	0.872348	-0.590168	0.806990	0.021650	-0.698063	-0.523610	0.488405
43639	3.528563	1.345624	9.735957	-1.149928	-1.141329	-1.161669	0.404206	0.257738	0.877604	-0.577348	0.816076	0.026246	-0.709427	-0.517292	0.478667
43640	3.132090	-3.035163	9.531584	-1.060776	-0.837751	-0.768570	0.402641	0.247112	0.881371	-0.566651	0.823483	0.027984	-0.718879	-0.510697	0.471594
43641	2.998171	-4.324729	10.117855	-0.535632	-0.477490	-0.284407	0.400783	0.242312	0.883549	-0.561620	0.826922	0.027972	-0.723848	-0.507429	0.467503
43642	3.143749	-2.918471	10.987685	-0.191818	0.015393	0.293069	0.399269	0.244858	0.883532	-0.561432	0.827161	0.024476	-0.724830	-0.505815	0.467731
43643	2.847442	-2.337791	11.105880	-0.074884	0.577784	0.873844	0.398514	0.254973	0.881008	-0.564351	0.825372	0.016407	-0.722976	-0.503736	0.472816
43644	2.281379	-2.585776	10.501448	0.082607	1.134939	1.335451	0.399124	0.271778	0.875692	-0.570352	0.821385	0.005033	-0.717913	-0.501462	0.482843
43645	1.624335	-2.207036	9.641810	0.316628	1.614136	1.674131	0.401004	0.293533	0.867775	-0.579286	0.815085	-0.008018	-0.709664	-0.499475	0.496892
43646	1.217536	-1.059009	8.778680	0.520221	2.011782	1.897889	0.404060	0.319111	0.857265	-0.590714	0.806586	-0.021821	-0.698421	-0.497582	0.514413
43647	0.630137	-0.090276	8.128687	0.617549	2.307328	1.993722	0.408107	0.346526	0.844611	-0.603061	0.796902	-0.035559	-0.685394	-0.494841	0.534198
43648	0.455140	0.307351	7.597797	0.689716	2.511089	1.938702	0.413296	0.374450	0.830044	-0.615855	0.786389	-0.048109	-0.670752	-0.491304	0.555619
43649	0.610050	0.591275	7.181054	0.776398	2.665313	1.753829	0.420036	0.401169	0.814023	-0.628288	0.775806	-0.058138	-0.654847	-0.487021	0.577916
43650	0.493077	1.038703	6.920502	0.841089	2.757297	1.438999	0.428690	0.425839	0.796797	-0.640003	0.765631	-0.064851	-0.637669	-0.482151	0.600756
43651	0.443193	1.502455	7.072630	0.798308	2.765214	1.000010	0.439625	0.446686	0.779231	-0.649346	0.757459	-0.067859	-0.620548	-0.476158	0.623052
43652	1.161828	1.055239	7.794611	0.686376	2.730755	0.473924	0.453192	0.463402	0.761495	-0.655847	0.751893	-0.067242	-0.603723	-0.468951	0.644673
43653	2.763335	0.252521	8.603865	0.628529	2.730075	-0.076643	0.469937	0.475501	0.743679	-0.659215	0.749347	-0.062561	-0.587022	-0.460844	0.665603
43654	4.607462	0.001053	9.178962	0.611212	2.798100	-0.584751	0.489905	0.484147	0.724979	-0.660139	0.749184	-0.054222	-0.569395	-0.452023	0.686633
43655	5.802742	0.322454	9.530375	0.491547	2.922310	-0.977488	0.512714	0.489849	0.705104	-0.657974	0.751764	-0.043821	-0.551538	-0.441473	0.707748
43656	6.443764	0.211691	9.461979	0.249820	3.038575	-1.208169	0.537046	0.494228	0.683609	-0.653193	0.756440	-0.033731	-0.533780	-0.428413	0.729069
43657	6.314310	-0.672004	9.114322	0.025678	3.117992	-1.319874	0.561984	0.497304	0.660956	-0.646056	0.762891	-0.024685	-0.516513	-0.413142	0.750019
43658	5.992174	-1.460465	8.859340	-0.092530	3.133498	-1.329768	0.586347	0.500089	0.637266	-0.638162	0.769717	-0.016858	-0.498946	-0.396795	0.770459
43659	5.996309	-2.372102	8.955368	-0.090763	3.103450	-1.270834	0.609602	0.502311	0.613244	-0.630101	0.776454	-0.009639	-0.480998	-0.380530	0.789834
43660	6.279825	-3.177724	9.467153	0.037784	3.025368	-1.188231	0.631210	0.504643	0.588990	-0.623132	0.782113	-0.002310	-0.461822	-0.365561	0.808137
43661	7.006378	-3.706727	10.081584	0.247219	2.905619	-1.086158	0.651064	0.506546	0.565268	-0.617269	0.786730	0.005957	-0.441695	-0.352801	0.824886
43662	8.144478	-3.793150	10.639431	0.467601	2.735201	-0.956958	0.668627	0.508841	0.542235	-0.613215	0.789774	0.015017	-0.420601	-0.342548	0.840093
43663	9.277421	-3.305415	10.882926	0.643768	2.547176	-0.771838	0.683786	0.511350	0.520537	-0.610621	0.791543	0.024549	-0.399474	-0.334636	0.853486
43664	10.222927	-2.708753	10.836747	0.734631	2.352301	-0.541456	0.696109	0.515204	0.499996	-0.609998	0.791695	0.033482	-0.378595	-0.328304	0.865380
43665	10.924107	-2.269278	10.767984	0.780188	2.181608	-0.306400	0.706012	0.519874	0.480913	-0.610713	0.790751	0.041754	-0.358575	-0.323178	0.875774
43666	11.732857	-1.657089	10.940362	0.778112	2.031250	-0.137097	0.713799	0.525647	0.462803	-0.612705	0.788784	0.049106	-0.339240	-0.318613	0.885100
43667	11.309501	-5.798794	9.412907	0.744086	1.480394	-0.062125	0.719082	0.529848	0.449646	-0.614717	0.786759	0.055975	-0.324105	-0.316655	0.891451
43668	9.211826	4.242008	-1.336699	1.521025	0.334187	-0.564312	0.723472	0.526821	0.446148	-0.615732	0.784667	0.071918	-0.312190	-0.326738	0.892065
43669	15.226039	1.222231	-1.301110	0.157187	-0.344667	0.060483	0.722013	0.526152	0.449289	-0.616650	0.783843	0.073024	-0.313750	-0.329779	0.890397
43670	19.923693	-0.091647	3.929253	-0.149300	-0.299574	0.277967	0.719244	0.527590	0.452036	-0.618366	0.782737	0.070329	-0.316720	-0.330107	0.889223
43671	23.205656	-3.032126	5.753515	-0.235569	0.070893	0.364149	0.717206	0.530661	0.451680	-0.620223	0.781596	0.066564	-0.317708	-0.327883	0.889694
43672	21.150505	-1.500880	5.175200	0.184954	0.593069	0.231058	0.717560	0.534573	0.446475	-0.622587	0.779669	0.067089	-0.312239	-0.326110	0.892277
43673	17.425142	-1.966855	1.772517	0.303588	0.828518	0.205483	0.718825	0.538855	0.439233	-0.624989	0.777590	0.068869	-0.304433	-0.324020	0.895730
43674	13.076830	-2.089545	-1.889526	0.373100	0.669076	0.227565	0.719361	0.542884	0.433354	-0.627818	0.775100	0.071162	-0.297260	-0.323259	0.898410
43675	9.518344	-2.009014	-4.491871	0.418336	0.118748	0.352685	0.717484	0.545987	0.432567	-0.631579	0.771832	0.073369	-0.293811	-0.325842	0.898611
43676	7.857927	-2.133586	-5.121283	0.505259	-0.651141	0.504692	0.712336	0.547769	0.438779	-0.636706	0.767386	0.075659	-0.295269	-0.333268	0.895404
43677	8.168808	-1.506497	-3.566521	0.659374	-1.405306	0.609959	0.704235	0.547649	0.451810	-0.642983	0.761816	0.078801	-0.301041	-0.346000	0.888627
43678	10.482604	-0.589433	-0.736089	0.853140	-1.933310	0.678042	0.693938	0.545943	0.469464	-0.650327	0.755085	0.083188	-0.309070	-0.363033	0.879024
43679	13.871441	0.726362	3.549084	1.215529	-2.081149	0.728001	0.682665	0.543629	0.488300	-0.659124	0.746593	0.090296	-0.315474	-0.383492	0.867992
43680	19.248827	8.605467	12.022702	1.366245	-1.568853	0.569012	0.673937	0.541640	0.502430	-0.667269	0.738173	0.099264	-0.317115	-0.402153	0.858901
43681	26.159101	9.773202	14.380570	0.465007	-0.331925	0.463287	0.669776	0.543693	0.505765	-0.671844	0.733789	0.100894	-0.316269	-0.407371	0.856751
43682	14.117275	8.546816	8.004974	-0.033724	0.829131	-0.046097	0.672752	0.546546	0.498690	-0.671308	0.734282	0.100874	-0.311047	-0.402638	0.860891
43683	1.145988	5.496947	6.058352	-0.236182	0.946937	0.009602	0.675603	0.550384	0.490548	-0.670634	0.735184	0.098764	-0.306286	-0.395703	0.865799
43684	-1.972978	1.378183	9.833049	-0.413915	0.434284	0.272605	0.675201	0.553879	0.487157	-0.671049	0.735442	0.093906	-0.306264	-0.390311	0.868251
43685	0.783438	0.555295	9.184138	-0.173326	-0.334442	0.198569	0.672830	0.554020	0.490267	-0.671843	0.735032	0.091408	-0.309720	-0.390884	0.866766
43686	3.696180	1.371748	7.734790	-0.309749	-0.628891	0.244109	0.669304	0.553166	0.496024	-0.672375	0.735011	0.087576	-0.316139	-0.392129	0.863881
43687	7.318167	0.930823	9.742692	-0.310962	-0.705580	0.261105	0.665285	0.552300	0.502355	-0.673113	0.734803	0.083568	-0.322977	-0.393739	0.860613
43688	8.859010	-1.594186	9.836382	-0.722770	-0.324418	0.369365	0.661822	0.553556	0.505537	-0.673066	0.735714	0.075544	-0.330113	-0.390256	0.859492
43689	6.937824	-1.021857	8.529497	-0.251788	-0.391424	0.219644	0.659034	0.553631	0.509084	-0.673669	0.735494	0.072245	-0.334431	-0.390566	0.857679
43690	7.379205	-1.485239	9.183871	-0.300396	-0.164767	0.134081	0.657658	0.553789	0.510690	-0.673403	0.736045	0.069036	-0.337659	-0.389302	0.856989
43691	6.527064	-1.107634	8.684940	-0.119006	-0.083077	0.026456	0.657191	0.553647	0.511444	-0.673163	0.736374	0.067858	-0.339045	-0.388881	0.856633
43692	6.080744	0.401527	8.566762	-0.051984	-0.034437	-0.009104	0.657210	0.553266	0.511832	-0.672794	0.736744	0.067505	-0.339741	-0.388722	0.856429
43693	5.336321	2.157267	8.093617	-0.132240	0.007905	0.026221	0.657053	0.553476	0.511806	-0.672504	0.737125	0.066216	-0.340616	-0.387699	0.856545
43694	4.324305	2.665873	8.098150	-0.287347	-0.057479	0.134015	0.656033	0.554057	0.512486	-0.672265	0.737616	0.063116	-0.343047	-0.385932	0.856373
43695	4.612865	2.591780	8.478014	-0.431624	-0.161894	0.236501	0.653876	0.555166	0.514040	-0.672312	0.737978	0.058185	-0.347048	-0.383641	0.855791
43696	6.577329	-1.252536	9.938442	-0.330783	-0.229440	0.197906	0.651828	0.555555	0.516216	-0.672305	0.738273	0.054390	-0.350892	-0.382507	0.854730
43697	5.269077	0.240259	8.553616	-0.120233	-0.256500	0.143111	0.649955	0.555615	0.518508	-0.672801	0.737951	0.052600	-0.353408	-0.383040	0.853454
43698	5.916717	0.626571	8.777986	-0.074957	-0.239136	0.096365	0.648537	0.555224	0.520698	-0.673022	0.737827	0.051509	-0.355586	-0.383847	0.852186
43699	5.992961	-0.383801	8.671207	-0.079588	-0.208075	0.063518	0.647360	0.554879	0.522527	-0.673137	0.737793	0.050478	-0.357508	-0.384410	0.851127
43700	5.844828	0.326292	8.403265	-0.019476	-0.164117	0.021876	0.646703	0.554223	0.524034	-0.673069	0.737870	0.050247	-0.358822	-0.385206	0.850214
43701	5.826934	0.666297	8.663046	-0.005904	-0.123112	-0.001160	0.646261	0.553726	0.525105	-0.673028	0.737913	0.050181	-0.359695	-0.385840	0.849557
43702	5.775577	0.668503	8.609515	0.006572	-0.112174	-0.017693	0.646053	0.552976	0.526150	-0.672798	0.738109	0.050378	-0.360498	-0.386539	0.848899
43703	5.977098	0.834475	8.418426	0.022388	-0.088699	-0.016807	0.645838	0.552494	0.526919	-0.672757	0.738129	0.050634	-0.360958	-0.387190	0.848406
43704	5.940773	0.981316	8.423486	0.021498	-0.053170	-0.011240	0.645802	0.552015	0.527465	-0.672619	0.738235	0.050927	-0.361281	-0.387672	0.848049
43705	5.691919	0.971856	8.600914	0.017288	-0.040582	0.001253	0.645639	0.551852	0.527835	-0.672676	0.738174	0.051045	-0.361465	-0.388019	0.847812
43706	5.561454	0.681622	8.599712	0.019754	-0.050185	0.005570	0.645500	0.551506	0.528367	-0.672640	0.738194	0.051235	-0.361781	-0.388472	0.847469
43707	5.711965	0.379002	8.533955	0.031004	-0.057745	-0.001001	0.645290	0.551259	0.528880	-0.672732	0.738093	0.051481	-0.361984	-0.389015	0.847134
43708	5.816591	0.416901	8.386133	0.040007	-0.046067	-0.007162	0.645252	0.550834	0.529370	-0.672686	0.738105	0.051909	-0.362137	-0.389595	0.846802
43709	5.824455	0.362332	8.426717	0.053594	-0.024082	-0.017538	0.645275	0.550595	0.529590	-0.672754	0.738006	0.052434	-0.361970	-0.390118	0.846632
43710	5.649718	0.542470	8.575405	0.053416	-0.017553	-0.026867	0.645473	0.550134	0.529827	-0.672629	0.738074	0.053081	-0.361850	-0.390639	0.846443
43711	5.774028	0.516120	8.486683	0.057657	-0.017381	-0.032361	0.645620	0.549812	0.529982	-0.672614	0.738041	0.053719	-0.361613	-0.391156	0.846306
43712	5.739038	0.436699	8.440725	0.054028	-0.002398	-0.037079	0.645941	0.549336	0.530086	-0.672426	0.738161	0.054423	-0.361392	-0.391597	0.846196
43713	5.672979	0.534257	8.531013	0.057126	-0.008915	-0.042966	0.646190	0.548968	0.530163	-0.672340	0.738188	0.055113	-0.361104	-0.392063	0.846103
43714	5.726530	0.706642	8.515626	0.048345	-0.007581	-0.043662	0.646533	0.548425	0.530306	-0.672092	0.738362	0.055804	-0.360954	-0.392494	0.845968
43715	5.639861	0.714185	8.541023	0.037632	-0.017214	-0.038064	0.646719	0.548061	0.530456	-0.671968	0.738437	0.056303	-0.360851	-0.392861	0.845841
43716	5.662475	0.691097	8.497948	0.038848	-0.026245	-0.036480	0.646948	0.547495	0.530761	-0.671728	0.738611	0.056876	-0.360886	-0.393323	0.845611
43717	5.691074	0.608251	8.497452	0.028945	-0.034957	-0.025964	0.646989	0.547149	0.531067	-0.671651	0.738654	0.057238	-0.360957	-0.393724	0.845394
43718	5.755547	0.595682	8.451426	0.028897	-0.039058	-0.021339	0.647071	0.546643	0.531489	-0.671473	0.738784	0.057647	-0.361143	-0.394182	0.845101
43719	5.914734	0.691051	8.307323	0.023041	-0.032351	-0.014082	0.647041	0.546395	0.531780	-0.671450	0.738785	0.057896	-0.361237	-0.394525	0.844901
43720	5.905138	0.792997	8.374975	0.011662	-0.013158	-0.004098	0.647103	0.546116	0.531992	-0.671317	0.738892	0.058067	-0.361373	-0.394711	0.844756
43721	5.960695	0.700562	8.337370	0.001768	0.006406	0.001758	0.647108	0.546137	0.531965	-0.671321	0.738890	0.058052	-0.361359	-0.394685	0.844774
43722	6.075595	0.590756	8.257621	-0.006664	0.038422	0.003467	0.647306	0.546114	0.531747	-0.671169	0.739029	0.058031	-0.361285	-0.394456	0.844913
43723	5.928785	0.479884	8.293487	-0.005709	0.076523	0.001442	0.647566	0.546409	0.531127	-0.671143	0.739059	0.057954	-0.360867	-0.393992	0.845308
43724	5.244705	0.493715	8.647649	0.003418	0.068850	-0.002363	0.647913	0.546461	0.530650	-0.670990	0.739191	0.058049	-0.360530	-0.393671	0.845601
43725	5.466873	0.624379	8.647659	0.018635	0.027152	-0.015636	0.648109	0.546435	0.530437	-0.670940	0.739218	0.058269	-0.360269	-0.393656	0.845719
43726	5.747217	0.782461	8.469774	0.001268	0.023321	-0.007699	0.648327	0.546269	0.530341	-0.670745	0.739387	0.058374	-0.360239	-0.393569	0.845772
43727	5.623493	0.523803	8.601167	-0.001590	0.018687	-0.008679	0.648447	0.546261	0.530204	-0.670668	0.739456	0.058386	-0.360168	-0.393451	0.845858
43728	5.629604	0.736414	8.545901	-0.001960	0.004471	-0.005316	0.648579	0.546041	0.530268	-0.670479	0.739623	0.058450	-0.360282	-0.393443	0.845813
43729	5.628241	0.702628	8.611154	-0.012663	-0.005148	0.000280	0.648552	0.546005	0.530338	-0.670420	0.739686	0.058320	-0.360440	-0.393373	0.845778
43730	5.697680	0.556726	8.529184	-0.020151	-0.016453	0.002347	0.648561	0.545757	0.530583	-0.670211	0.739886	0.058190	-0.360814	-0.393342	0.845633
43731	5.826708	0.432442	8.304361	-0.025223	-0.005470	0.002912	0.648515	0.545739	0.530657	-0.670123	0.739985	0.057940	-0.361058	-0.393181	0.845604
43732	5.609991	0.387988	8.424415	-0.019913	0.005011	-0.003380	0.648635	0.545536	0.530719	-0.669883	0.740210	0.057843	-0.361288	-0.393039	0.845572
43733	5.629083	0.530588	8.479571	0.001394	-0.008822	-0.012268	0.648679	0.545393	0.530813	-0.669793	0.740287	0.057899	-0.361376	-0.393093	0.845509
43734	5.613376	0.587826	8.489366	-0.002906	-0.009733	-0.013747	0.648816	0.545054	0.530993	-0.669546	0.740502	0.058001	-0.361588	-0.393156	0.845389
43735	5.519772	0.805462	8.478394	0.007107	-0.024453	-0.017250	0.648837	0.544812	0.531216	-0.669444	0.740584	0.058132	-0.361739	-0.393338	0.845239
43736	5.557295	0.979921	8.447125	-0.000188	-0.042277	-0.005841	0.648796	0.544412	0.531676	-0.669266	0.740740	0.058211	-0.362143	-0.393600	0.844945
43737	5.525405	0.874890	8.554571	-0.009818	-0.065492	0.009407	0.648490	0.544205	0.532262	-0.669275	0.740743	0.058058	-0.362674	-0.393879	0.844587
43738	5.583417	0.990114	8.510572	-0.011474	-0.090978	0.020446	0.648100	0.543801	0.533148	-0.669221	0.740804	0.057905	-0.363469	-0.394322	0.844038
43739	5.545747	1.000887	8.529194	-0.016561	-0.120102	0.036111	0.647415	0.543576	0.534209	-0.669379	0.740689	0.057553	-0.364398	-0.394848	0.843391
43740	5.421676	0.945505	8.703135	-0.015738	-0.159600	0.045708	0.646608	0.543082	0.535687	-0.669467	0.740634	0.057230	-0.365667	-0.395630	0.842475
43741	5.120298	0.986463	9.031946	-0.032446	-0.216299	0.059779	0.645409	0.542649	0.537568	-0.669718	0.740455	0.056616	-0.367322	-0.396559	0.841318
43742	4.830635	1.225053	9.424290	-0.045731	-0.305800	0.069313	0.643901	0.541744	0.540282	-0.669843	0.740394	0.055913	-0.369731	-0.397906	0.839625
43743	5.005684	1.652240	9.477810	-0.093665	-0.427246	0.081149	0.641765	0.540622	0.543935	-0.670000	0.740345	0.054668	-0.373145	-0.399521	0.837344
43744	4.805915	1.909967	9.633450	-0.170945	-0.520789	0.130728	0.639011	0.539310	0.548461	-0.670050	0.740452	0.052577	-0.377754	-0.401093	0.834522
43745	4.612725	1.739764	9.598779	-0.226349	-0.660430	0.209924	0.635084	0.538189	0.554094	-0.670508	0.740248	0.049516	-0.383518	-0.402971	0.830980
43746	2.877046	-0.190112	10.476779	-0.077869	-0.905502	0.348642	0.629324	0.536900	0.561863	-0.672262	0.738821	0.046981	-0.389892	-0.407286	0.825895
43747	2.190811	0.942207	12.253651	0.493677	-1.579171	0.530227	0.619530	0.534257	0.575111	-0.677496	0.733958	0.048003	-0.396462	-0.419375	0.816666
43748	2.862973	0.405210	12.491638	0.107615	-2.119296	0.565380	0.607216	0.529214	0.592639	-0.681276	0.730604	0.045620	-0.408842	-0.431452	0.804175
43749	3.839780	-1.689418	11.038447	0.413381	-2.769343	0.708489	0.590847	0.522157	0.615022	-0.687221	0.725077	0.044614	-0.422643	-0.449016	0.787247
43750	4.453328	1.914726	11.727137	0.388198	-3.208829	0.747687	0.571902	0.512708	0.640358	-0.693150	0.719512	0.042966	-0.438716	-0.468436	0.766874
43751	5.384048	0.167327	11.594224	0.177631	-3.561724	0.728461	0.550864	0.500881	0.667583	-0.698017	0.714989	0.039528	-0.457516	-0.487759	0.743485
43752	5.534775	0.824303	11.227872	0.217273	-3.767673	0.763121	0.527948	0.487443	0.695464	-0.703070	0.710212	0.035943	-0.476406	-0.507936	0.717661
43753	7.151231	2.047392	11.149159	0.175587	-3.996124	0.770381	0.503076	0.472165	0.723862	-0.707876	0.705625	0.031697	-0.495808	-0.528351	0.689217
43754	8.592543	1.708191	11.273485	0.075928	-4.187621	0.807350	0.476186	0.455201	0.752356	-0.712137	0.701549	0.026270	-0.515856	-0.548289	0.658233
43755	9.309410	2.973896	11.668502	0.135002	-4.231030	0.824334	0.448063	0.437320	0.779738	-0.716636	0.697137	0.020810	-0.534483	-0.568112	0.625760
43756	11.142734	11.140695	13.668952	-0.022389	-4.179693	0.846957	0.419247	0.418997	0.805403	-0.720133	0.693696	0.013977	-0.552848	-0.585856	0.592563
43757	8.118010	15.229475	15.512568	-1.475359	-3.752109	0.723641	0.392812	0.401931	0.827134	-0.714702	0.699429	-0.000458	-0.578705	-0.590975	0.562005
43758	21.056277	6.361258	19.438258	-2.295177	-2.959022	-0.101853	0.376046	0.383656	0.843444	-0.700610	0.713441	-0.012157	-0.606412	-0.586353	0.537080
43759	12.276826	1.522390	17.203636	-1.768025	-1.656403	-0.963321	0.372514	0.367030	0.852363	-0.686097	0.727388	-0.013365	-0.624904	-0.579824	0.522780
43760	2.969709	3.419571	12.916610	-1.084939	-1.032917	-1.289845	0.374809	0.351504	0.857883	-0.674353	0.738367	-0.007909	-0.636212	-0.575552	0.513784
43761	-3.305043	3.233326	9.072221	-1.122491	-1.143846	-1.023620	0.374296	0.337310	0.863785	-0.663288	0.748348	-0.004815	-0.648036	-0.571136	0.503837
43762	-3.013419	-0.734397	9.384232	-1.083301	-1.329453	-0.454853	0.368644	0.326223	0.870448	-0.654439	0.756090	-0.006202	-0.660160	-0.567369	0.492220
43763	-0.349971	-3.308211	11.799875	-0.543731	-1.122622	0.099248	0.360527	0.320581	0.875927	-0.651167	0.758872	-0.009724	-0.667834	-0.566869	0.482345
43764	0.991861	-2.064018	13.624831	0.100036	-0.502705	0.586252	0.353365	0.322155	0.878265	-0.653917	0.756430	-0.014365	-0.668973	-0.569236	0.477959
43765	0.573165	0.138008	13.688396	0.395041	0.266127	0.999918	0.348557	0.331183	0.876827	-0.660039	0.750931	-0.021252	-0.665475	-0.571333	0.480335
43766	-0.837982	0.333402	12.339224	0.504432	0.951166	1.343038	0.345952	0.346698	0.871847	-0.668078	0.743464	-0.030550	-0.658779	-0.571893	0.488824
43767	-2.030155	-0.547971	10.721893	0.745380	1.477946	1.563002	0.345077	0.366670	0.863988	-0.678328	0.733646	-0.040429	-0.648685	-0.572116	0.501887
43768	-2.225102	-0.241978	9.678477	1.102190	1.862853	1.666392	0.345612	0.389576	0.853688	-0.691249	0.720944	-0.049150	-0.634608	-0.573124	0.518461
43769	-1.660844	0.806863	9.244853	1.349528	2.164550	1.633303	0.347747	0.413626	0.841419	-0.705340	0.706663	-0.055875	-0.617711	-0.574056	0.537487
43770	-0.614547	1.688519	9.223530	1.435243	2.438140	1.459612	0.352156	0.437989	0.827134	-0.719303	0.692081	-0.060228	-0.598823	-0.573750	0.558768
43771	0.307546	2.015686	9.082515	1.404422	2.684121	1.161019	0.359531	0.461291	0.811140	-0.731686	0.678840	-0.061739	-0.579114	-0.571303	0.581584
43772	0.916836	1.779817	9.004203	1.330790	2.882753	0.729628	0.370522	0.482778	0.793498	-0.742053	0.667675	-0.059726	-0.558633	-0.566688	0.605635
43773	1.550377	1.476332	9.156798	1.206071	3.009850	0.148631	0.385912	0.500696	0.774839	-0.749211	0.660171	-0.053450	-0.538289	-0.559891	0.629895
43774	2.562617	0.635921	9.603446	0.999564	3.081029	-0.513060	0.405990	0.514634	0.755198	-0.752611	0.657050	-0.043151	-0.518410	-0.550852	0.654075
43775	4.472579	-0.281162	10.045765	0.788005	3.155651	-1.134891	0.430578	0.524351	0.734615	-0.751855	0.658670	-0.029461	-0.499316	-0.539639	0.677845
43776	6.673211	-0.589066	10.562495	0.504488	3.267050	-1.633547	0.458757	0.531200	0.712298	-0.747237	0.664406	-0.014224	-0.480811	-0.525730	0.701733
43777	8.476769	-0.714871	10.732988	0.107496	3.428132	-1.919022	0.489201	0.536056	0.687987	-0.738630	0.674111	-0.000033	-0.463798	-0.508152	0.725723
43778	9.362357	-1.338314	10.384587	-0.313517	3.586288	-1.988460	0.520029	0.540652	0.661260	-0.727352	0.686176	0.010981	-0.447804	-0.486679	0.750077
43779	9.442974	-2.344307	9.673597	-0.595325	3.673262	-1.893475	0.549845	0.544950	0.633009	-0.714584	0.699300	0.018683	-0.432482	-0.462611	0.773919
43780	9.226555	-3.057214	8.973329	-0.682053	3.689451	-1.701913	0.577465	0.549834	0.603504	-0.702287	0.711497	0.023762	-0.416326	-0.437555	0.797006
43781	9.106767	-3.456002	8.684346	-0.563985	3.652130	-1.457394	0.602500	0.554908	0.573647	-0.691372	0.721965	0.027766	-0.398746	-0.413333	0.818632
43782	9.202013	-3.196726	8.713922	-0.336063	3.590294	-1.225322	0.624765	0.560728	0.543371	-0.682745	0.729968	0.031730	-0.378851	-0.390808	0.838893
43783	9.054506	-2.665513	8.847485	-0.089658	3.520908	-1.021128	0.644655	0.566625	0.513182	-0.675917	0.736081	0.036344	-0.357150	-0.370298	0.857510
43784	8.728300	-2.084417	9.084057	0.107702	3.400314	-0.855678	0.662042	0.572863	0.483249	-0.670900	0.740389	0.041434	-0.334056	-0.351642	0.874502
43785	8.587769	-1.505279	9.397635	0.273614	3.219219	-0.739103	0.677360	0.578417	0.454552	-0.666818	0.743719	0.047291	-0.310705	-0.335137	0.889464
43786	8.897545	-0.563820	9.455862	0.360681	2.981575	-0.675582	0.690248	0.583895	0.427345	-0.663978	0.745844	0.053388	-0.287560	-0.320599	0.902511
43787	8.992964	-0.815776	8.769377	0.338650	2.657989	-0.737165	0.702492	0.586718	0.402822	-0.659770	0.749108	0.059500	-0.266848	-0.307569	0.913342
43788	9.218814	-1.367039	7.983735	0.399756	2.233057	-0.957612	0.714293	0.586667	0.381585	-0.654346	0.753238	0.066816	-0.248226	-0.297415	0.921916
43789	10.477289	-0.126209	7.727365	0.398054	1.759680	-1.181859	0.726214	0.582886	0.364497	-0.646780	0.758992	0.074883	-0.233002	-0.290130	0.928189
43790	11.819490	1.213908	7.602344	0.147450	1.360778	-1.331193	0.737591	0.577051	0.350672	-0.637738	0.765992	0.080912	-0.221922	-0.283317	0.932996
43791	13.586328	1.426343	7.429477	-0.206735	1.064553	-1.366111	0.748556	0.569491	0.339623	-0.627123	0.774413	0.083670	-0.215359	-0.275617	0.936833
43792	17.369074	0.523263	6.671044	-0.501015	0.915786	-1.324300	0.758567	0.561952	0.329827	-0.616329	0.783069	0.083314	-0.211459	-0.266481	0.940358
43793	20.556729	0.078427	5.024005	-0.626783	0.937490	-1.213951	0.767949	0.554833	0.320023	-0.605738	0.791497	0.081328	-0.208174	-0.256306	0.943912
43794	21.112641	-1.001736	2.662254	-0.680112	1.024213	-0.987325	0.775975	0.549611	0.309502	-0.596749	0.798633	0.077947	-0.204338	-0.245180	0.947699
43795	18.910944	-2.072055	0.187271	-0.523177	1.011980	-0.726572	0.782328	0.546209	0.299366	-0.590021	0.803882	0.075167	-0.199598	-0.235437	0.951173
43796	15.369890	-2.686327	-1.785849	-0.290578	0.789662	-0.490143	0.786767	0.544093	0.291480	-0.585597	0.807234	0.073820	-0.195127	-0.228769	0.953724
43797	12.663387	-2.525429	-2.417578	-0.081414	0.324789	-0.394837	0.789700	0.541629	0.288117	-0.582316	0.809573	0.074162	-0.193083	-0.226341	0.954719
43798	12.908565	-0.826843	-2.028846	-0.098290	-0.206692	-0.328739	0.791263	0.538398	0.289880	-0.579432	0.811639	0.074166	-0.195347	-0.226650	0.954185
43799	13.840950	0.477897	-1.225448	-0.402181	-0.552719	-0.209761	0.791375	0.535430	0.295026	-0.576963	0.813686	0.070919	-0.202087	-0.226343	0.952854
43800	14.252650	0.228639	0.039763	-0.720999	-0.707228	-0.102263	0.790643	0.532752	0.301760	-0.574424	0.816022	0.064378	-0.211946	-0.224238	0.951208
43801	11.923401	-10.268736	1.017926	-0.806940	-0.924794	0.268227	0.787083	0.532864	0.310736	-0.574770	0.816406	0.055865	-0.223918	-0.222572	0.948853
43802	2.821151	-2.939125	-1.233483	2.753768	-1.546204	-0.139114	0.784601	0.527776	0.325351	-0.579536	0.810773	0.082367	-0.220315	-0.253178	0.941999
43803	4.031360	12.761583	10.924155	1.075657	-1.722348	0.604630	0.777216	0.528133	0.342069	-0.586656	0.804773	0.090422	-0.227533	-0.270954	0.935314
43804	10.162540	5.402040	15.252760	0.775407	-1.114330	0.895044	0.769479	0.531990	0.353396	-0.595161	0.798021	0.094583	-0.231700	-0.283108	0.930680
43805	5.770647	5.261432	9.755718	0.768026	-0.627669	0.149766	0.767127	0.531362	0.359403	-0.598081	0.795026	0.101162	-0.231981	-0.292556	0.927683
43806	0.376595	8.014977	4.429115	0.613549	-0.842585	-0.400618	0.767742	0.525314	0.366901	-0.596123	0.795548	0.108356	-0.234966	-0.301907	0.923928
43807	-0.567616	7.901480	7.020996	0.362012	-1.391989	-0.483393	0.767283	0.517178	0.379214	-0.593267	0.796969	0.113470	-0.243538	-0.312039	0.918325
43808	2.828259	5.004666	10.323564	-0.074079	-1.800109	-0.319286	0.764856	0.508550	0.395440	-0.590300	0.799078	0.114110	-0.257957	-0.320706	0.911376
43809	8.435349	-0.610452	12.142717	-0.132499	-2.074998	-0.241250	0.760748	0.499852	0.414018	-0.588094	0.800738	0.113861	-0.274607	-0.330101	0.903119
43810	13.877540	-1.826531	11.431490	0.109946	-1.985225	-0.177413	0.756339	0.491446	0.431778	-0.586789	0.801434	0.115684	-0.289189	-0.340858	0.894531
43811	12.635508	-0.995163	11.140901	0.028269	-1.526025	0.030068	0.751658	0.486411	0.445439	-0.587085	0.801203	0.115781	-0.300570	-0.348538	0.887794
43812	9.211658	-0.687255	11.255786	-0.007595	-1.159395	0.160435	0.747365	0.483214	0.456015	-0.587913	0.800697	0.115077	-0.309523	-0.354102	0.882501
43813	7.050679	0.905291	9.968272	-0.044338	-1.012920	0.190619	0.743063	0.481113	0.465176	-0.589180	0.799950	0.113787	-0.317373	-0.358623	0.877875
43814	5.681899	2.588417	8.601356	-0.148849	-0.956050	0.216061	0.738917	0.478957	0.473921	-0.589917	0.799721	0.111555	-0.325575	-0.362004	0.873473
43815	5.874714	3.352753	8.279617	-0.262811	-0.912917	0.238058	0.734496	0.477528	0.482164	-0.590789	0.799551	0.108105	-0.333892	-0.364260	0.869385
43816	5.884866	2.093560	8.183288	-0.439710	-0.811278	0.311975	0.730154	0.476553	0.489667	-0.591123	0.799995	0.102868	-0.342709	-0.364563	0.865820
43817	8.964713	4.065027	9.612860	-0.426399	-0.806729	0.471544	0.724557	0.477363	0.497134	-0.593058	0.799316	0.096836	-0.351141	-0.364992	0.862253
43818	8.194463	-0.512223	9.106324	-0.953606	-0.171457	0.449143	0.721455	0.479935	0.499165	-0.592586	0.800852	0.086479	-0.358253	-0.358189	0.862181
43819	7.014997	-0.302869	8.799870	-0.517696	-0.221759	0.357055	0.718532	0.481985	0.501400	-0.593273	0.800995	0.080210	-0.362959	-0.355101	0.861489
43820	5.707723	-1.207752	9.734733	-0.473536	-0.114566	0.273605	0.716735	0.483261	0.502743	-0.593045	0.801682	0.074859	-0.366863	-0.351804	0.861188
43821	5.627610	0.631736	8.542455	-0.348987	-0.154043	0.205469	0.714942	0.484349	0.504246	-0.593213	0.801926	0.070800	-0.370076	-0.349743	0.860653
43822	5.714931	1.054942	8.670229	-0.451954	-0.157361	0.227023	0.713185	0.485217	0.505896	-0.592803	0.802650	0.065861	-0.374101	-0.346868	0.860076
43823	6.267605	0.261245	9.834361	-0.437425	-0.170758	0.199457	0.711354	0.486211	0.507518	-0.592562	0.803207	0.061069	-0.377949	-0.344178	0.859474
43824	5.741668	0.514388	8.482970	-0.163582	-0.151645	0.139065	0.710138	0.486391	0.509046	-0.592567	0.803354	0.059053	-0.380221	-0.343580	0.858711
43825	5.964697	1.054074	8.902123	-0.192828	-0.155369	0.121813	0.708817	0.486817	0.510478	-0.592678	0.803437	0.056757	-0.382506	-0.342779	0.858016
43826	5.461777	0.561940	8.691515	-0.171097	-0.106408	0.101365	0.707910	0.486971	0.511589	-0.592510	0.803692	0.054866	-0.384442	-0.341962	0.857477
43827	5.708214	0.254728	8.818236	-0.112235	-0.118198	0.076317	0.706996	0.487161	0.512671	-0.592600	0.803719	0.053494	-0.385983	-0.341628	0.856917
43828	5.798996	0.681310	8.522020	-0.095263	-0.089909	0.060288	0.706393	0.487041	0.513615	-0.592426	0.803915	0.052462	-0.387351	-0.341338	0.856416
43829	5.651859	0.529141	8.680975	-0.074864	-0.061879	0.044273	0.705884	0.487167	0.514195	-0.592430	0.803970	0.051574	-0.388272	-0.341030	0.856121
43830	5.470440	0.807038	8.647449	-0.051940	-0.061977	0.031416	0.705735	0.486654	0.514885	-0.591927	0.804372	0.051065	-0.389308	-0.340812	0.855737
43831	5.538883	0.752321	8.539802	-0.038515	-0.065542	0.024362	0.705329	0.486607	0.515485	-0.591930	0.804400	0.050590	-0.390039	-0.340814	0.855404
43832	5.609946	0.578490	8.531104	-0.021327	-0.051351	0.011262	0.705237	0.486117	0.516073	-0.591572	0.804672	0.050446	-0.390747	-0.340871	0.855058
43833	5.565412	0.508212	8.554690	-0.007448	-0.040968	0.002631	0.705054	0.485979	0.516452	-0.591543	0.804700	0.050349	-0.391120	-0.341002	0.854835
43834	5.605230	0.493043	8.581378	-0.003296	-0.036409	-0.007294	0.705158	0.485350	0.516902	-0.591078	0.805035	0.050454	-0.391636	-0.341108	0.854556
43835	5.674200	0.592097	8.504683	0.007810	-0.025982	-0.014575	0.705136	0.485124	0.517145	-0.590987	0.805094	0.050577	-0.391814	-0.341289	0.854402
43836	5.709086	0.549719	8.562027	0.022330	-0.005940	-0.030670	0.705490	0.484419	0.517322	-0.590467	0.805447	0.051022	-0.391960	-0.341457	0.854268
43837	5.518927	0.732109	8.563554	0.031511	0.000649	-0.034157	0.705688	0.484125	0.517327	-0.590330	0.805521	0.051449	-0.391810	-0.341701	0.854240
43838	5.323963	0.781533	8.750388	0.041276	-0.010251	-0.047416	0.706101	0.483303	0.517533	-0.589804	0.805862	0.052142	-0.391859	-0.342060	0.854073
43839	5.460556	0.745947	8.638705	0.046264	-0.030069	-0.044214	0.706237	0.482823	0.517794	-0.589653	0.805933	0.052747	-0.391840	-0.342570	0.853878
43840	5.490349	0.720884	8.627496	0.042954	-0.039189	-0.038801	0.706541	0.481888	0.518250	-0.589100	0.806293	0.053411	-0.392124	-0.343038	0.853559
43841	5.428042	0.741929	8.634184	0.034835	-0.063869	-0.029915	0.706461	0.481406	0.518807	-0.589005	0.806334	0.053844	-0.392411	-0.343619	0.853194
43842	5.838185	0.865142	8.507877	0.018446	-0.066579	-0.013723	0.706465	0.480643	0.519509	-0.588606	0.806603	0.054168	-0.393003	-0.344054	0.852746
43843	5.881078	0.687345	8.447050	0.006140	-0.038077	-0.001768	0.706319	0.480476	0.519861	-0.588597	0.806607	0.054211	-0.393277	-0.344279	0.852529
43844	5.906222	0.699271	8.339642	-0.008381	-0.010283	0.016322	0.706343	0.480182	0.520100	-0.588343	0.806796	0.054150	-0.393613	-0.344246	0.852387
43845	5.828068	0.706260	8.402837	-0.023571	0.017086	0.026086	0.706251	0.480430	0.519997	-0.588414	0.806768	0.053795	-0.393672	-0.343966	0.852473
43846	5.666466	0.651021	8.498768	-0.028737	0.036583	0.036662	0.706310	0.480506	0.519847	-0.588275	0.806892	0.053455	-0.393775	-0.343569	0.852585
43847	5.545912	0.563821	8.566858	-0.025013	0.038453	0.033403	0.706259	0.480885	0.519565	-0.588392	0.806834	0.053049	-0.393692	-0.343174	0.852782
43848	5.356377	0.463049	8.673941	-0.019606	0.026602	0.029000	0.706251	0.480970	0.519496	-0.588354	0.806876	0.052825	-0.393762	-0.342956	0.852838
43849	5.343342	0.645725	8.660399	-0.002915	0.005690	0.021172	0.706144	0.481138	0.519487	-0.588471	0.806801	0.052672	-0.393780	-0.342897	0.852853
43850	5.433896	0.604519	8.607729	-0.000209	-0.011587	0.008685	0.706206	0.480781	0.519733	-0.588198	0.806997	0.052720	-0.394076	-0.342937	0.852701
43851	5.552469	0.610031	8.543410	0.004470	-0.013084	0.004459	0.706123	0.480750	0.519876	-0.588226	0.806977	0.052716	-0.394184	-0.343029	0.852614
43852	5.518572	0.628613	8.638150	0.007854	-0.019356	-0.001565	0.706253	0.480227	0.520182	-0.587848	0.807241	0.052886	-0.394515	-0.343139	0.852416
43853	5.463669	0.584499	8.686399	0.006116	-0.032782	-0.002718	0.706134	0.480070	0.520489	-0.587832	0.807250	0.052934	-0.394752	-0.343339	0.852226
43854	5.568731	0.628623	8.576657	0.009280	-0.040737	-0.008885	0.706189	0.479463	0.520972	-0.587463	0.807503	0.053153	-0.395202	-0.343588	0.851917
43855	5.692638	0.628988	8.544426	0.011628	-0.033548	-0.012399	0.706124	0.479225	0.521280	-0.587400	0.807540	0.053299	-0.395413	-0.343836	0.851719
43856	5.611117	0.694295	8.599394	0.009916	-0.025798	-0.017284	0.706265	0.478632	0.521632	-0.587009	0.807806	0.053567	-0.395739	-0.344035	0.851487
43857	5.736333	0.570832	8.542411	0.011517	-0.024142	-0.017820	0.706269	0.478382	0.521857	-0.586907	0.807869	0.053740	-0.395884	-0.344237	0.851338
43858	5.739654	0.639810	8.448535	0.014331	-0.007616	-0.015021	0.706439	0.477915	0.522055	-0.586600	0.808072	0.054033	-0.396035	-0.344408	0.851199
43859	5.628578	0.659233	8.516245	0.010833	0.002775	-0.013485	0.706524	0.477791	0.522053	-0.586526	0.808117	0.054178	-0.395994	-0.344475	0.851191
43860	5.623827	0.705009	8.419528	0.022158	0.010271	-0.012757	0.706763	0.477386	0.522100	-0.586246	0.808296	0.054525	-0.395981	-0.344615	0.851140
43861	5.337727	0.675357	8.601212	0.037376	-0.000542	-0.018368	0.706864	0.477211	0.522123	-0.586241	0.808273	0.054922	-0.395809	-0.344913	0.851100
43862	5.410214	0.647408	8.533412	0.052372	-0.018334	-0.023182	0.707069	0.476596	0.522407	-0.585977	0.808419	0.055581	-0.395835	-0.345418	0.850883
43863	4.866048	0.704067	8.632384	0.071390	-0.047970	-0.031708	0.707060	0.476149	0.522827	-0.586012	0.808341	0.056337	-0.395798	-0.346217	0.850575
43864	4.583641	0.634973	9.083510	0.102293	-0.152109	-0.055291	0.706921	0.474813	0.524228	-0.585721	0.808464	0.057588	-0.396477	-0.347761	0.849628
43865	5.096042	1.112140	8.883438	0.106740	-0.261575	-0.051144	0.706177	0.473462	0.526448	-0.585760	0.808352	0.058745	-0.397742	-0.349857	0.848175
43866	5.444542	1.246942	8.680727	0.062018	-0.306863	-0.021943	0.705186	0.471900	0.529172	-0.585607	0.808410	0.059476	-0.399721	-0.351829	0.846427
43867	5.577054	1.108335	8.746410	0.049200	-0.335402	0.002663	0.703821	0.470712	0.532039	-0.585799	0.808242	0.059862	-0.401839	-0.353800	0.844601
43868	5.329826	1.034712	9.009248	0.017818	-0.358360	0.023562	0.702382	0.469262	0.535213	-0.585722	0.808290	0.059978	-0.404462	-0.355613	0.842585
43869	5.227913	1.093329	9.158003	-0.001071	-0.423625	0.042535	0.700408	0.468069	0.538832	-0.585992	0.808113	0.059724	-0.407482	-0.357583	0.840293
43870	5.199275	1.044085	9.205576	-0.054336	-0.477121	0.059807	0.698220	0.466513	0.543005	-0.585918	0.808217	0.059035	-0.411325	-0.359376	0.837652
43871	4.823927	1.626129	9.545403	-0.064287	-0.569178	0.087839	0.695347	0.465144	0.547844	-0.586240	0.808058	0.058003	-0.415710	-0.361500	0.834567
43872	4.406201	1.862968	9.702183	-0.169011	-0.737495	0.147747	0.691460	0.463407	0.554200	-0.586369	0.808115	0.055871	-0.421966	-0.363598	0.830507
43873	3.209692	0.310685	9.915489	-0.034911	-0.968085	0.272713	0.685734	0.462042	0.562393	-0.588074	0.807000	0.054045	-0.428880	-0.367788	0.825102
43874	3.025530	-0.203474	11.491235	0.478329	-1.497383	0.398838	0.677036	0.459313	0.575025	-0.592556	0.803595	0.055790	-0.436462	-0.378506	0.816231
43875	2.611467	0.244185	12.070909	0.289675	-1.943668	0.331455	0.666466	0.454478	0.590993	-0.596038	0.800987	0.056191	-0.447840	-0.389704	0.804717
43876	3.125925	-0.963692	11.667336	0.206509	-2.604291	0.295046	0.652957	0.446183	0.612020	-0.598633	0.799054	0.056138	-0.463989	-0.403031	0.788848
43877	4.105060	0.625193	11.680006	0.380064	-3.170815	0.299463	0.636150	0.435493	0.636914	-0.602336	0.796190	0.057215	-0.482187	-0.420034	0.768809
43878	4.557100	1.193877	11.698165	0.070208	-3.666369	0.304782	0.616263	0.422006	0.664929	-0.604431	0.794699	0.055827	-0.504859	-0.436308	0.744817
43879	5.040271	0.471670	11.840732	0.027132	-4.044102	0.359273	0.593167	0.406838	0.694720	-0.606718	0.793110	0.053573	-0.529194	-0.453277	0.717282
43880	6.496770	1.962868	11.717468	0.019336	-4.440257	0.450048	0.566432	0.389632	0.726183	-0.609210	0.791395	0.050570	-0.554994	-0.471042	0.685639
43881	8.418449	3.219876	11.767476	-0.051913	-4.757030	0.589682	0.535781	0.371430	0.758273	-0.612139	0.789421	0.045838	-0.581571	-0.488728	0.650323
43882	10.700911	3.350718	12.665772	0.030770	-4.763551	0.739845	0.503049	0.353267	0.788761	-0.615851	0.786828	0.040371	-0.606358	-0.506068	0.613373
43883	10.512556	3.746154	12.230185	-0.042660	-4.539827	0.877872	0.469572	0.336803	0.816128	-0.619830	0.784039	0.033068	-0.628739	-0.521388	0.576924
43884	8.435599	5.320350	10.894913	0.094782	-4.375285	0.874608	0.436223	0.320322	0.840894	-0.624252	0.780776	0.026416	-0.648089	-0.536453	0.540554
43885	8.770285	15.671472	16.372753	-0.273636	-3.959172	0.527394	0.406889	0.302962	0.861774	-0.624649	0.780637	0.020492	-0.666524	-0.546645	0.506877
43886	21.939511	10.239884	20.025450	-1.648203	-2.843910	-0.321108	0.389717	0.284670	0.875833	-0.611863	0.790818	0.015221	-0.688291	-0.541821	0.482374
43887	9.969443	3.724790	17.835859	-1.737354	-1.161920	-1.156882	0.388600	0.269180	0.881211	-0.595243	0.803364	0.017092	-0.703332	-0.531176	0.472414
43888	0.184112	1.725502	12.624919	-1.097475	-0.376036	-1.510643	0.394963	0.254654	0.882698	-0.581114	0.813428	0.025349	-0.711556	-0.522960	0.469257
43889	-4.972406	0.326392	8.256474	-0.725828	-0.426496	-1.252003	0.399112	0.242172	0.884343	-0.570927	0.820336	0.033020	-0.717462	-0.518075	0.465668
43890	-2.904453	-1.442066	8.943284	-0.512761	-0.505361	-0.653443	0.399323	0.233871	0.886479	-0.564156	0.824860	0.036515	-0.722682	-0.514694	0.461325
43891	0.509714	-3.002165	11.623375	-0.191719	-0.162393	-0.045889	0.398390	0.232623	0.887227	-0.562557	0.825973	0.036041	-0.724441	-0.513474	0.459923
43892	2.597668	-3.088426	13.157153	0.260013	0.589149	0.437177	0.400309	0.239013	0.884661	-0.565785	0.823875	0.033428	-0.720860	-0.513910	0.465035
43893	1.964838	-2.159810	12.418547	0.594425	1.414697	0.833991	0.405677	0.253109	0.878272	-0.573375	0.818784	0.028879	-0.711805	-0.515295	0.477288
43894	0.411854	-1.673901	10.736952	0.753678	2.036608	1.159110	0.413568	0.272742	0.868662	-0.582836	0.812280	0.022448	-0.699474	-0.515572	0.494896
43895	-0.042879	-1.823932	9.291253	0.857890	2.420905	1.417819	0.421957	0.296648	0.856710	-0.594667	0.803840	0.014552	-0.684342	-0.515598	0.515592
43896	0.539753	-1.602351	8.544319	0.979869	2.704465	1.570915	0.431101	0.322769	0.842599	-0.607284	0.794459	0.006378	-0.667352	-0.514447	0.538504
43897	1.238126	-0.967239	8.287946	1.045488	2.933880	1.562275	0.440793	0.350136	0.826503	-0.620945	0.783854	-0.000904	-0.648174	-0.512814	0.562932
43898	1.883401	-0.200427	8.069262	1.016239	3.130692	1.400839	0.452417	0.376597	0.808390	-0.632859	0.774239	-0.006507	-0.628338	-0.508653	0.588612
43899	2.264437	0.231528	7.929669	0.894714	3.282196	1.124724	0.465512	0.401823	0.788566	-0.643524	0.765359	-0.010108	-0.607598	-0.502756	0.614867
43900	2.706500	0.119051	7.804091	0.742960	3.382266	0.773011	0.481308	0.423981	0.767191	-0.650611	0.759325	-0.011464	-0.587408	-0.493625	0.641316
43901	3.119290	-0.594643	7.557408	0.614235	3.440745	0.395886	0.498567	0.443755	0.744656	-0.656068	0.754629	-0.010443	-0.566573	-0.483338	0.667367
43902	3.739108	-2.123064	7.123649	0.622892	3.439445	0.064751	0.518139	0.459777	0.721206	-0.658483	0.752566	-0.006692	-0.545831	-0.471434	0.692689
43903	4.573018	-2.850365	6.914878	0.794555	3.387253	-0.187250	0.537467	0.474142	0.697365	-0.661714	0.749756	0.000228	-0.522746	-0.461579	0.716716
43904	5.960497	-2.183756	7.392534	0.922131	3.330769	-0.333228	0.557744	0.485744	0.673033	-0.663023	0.748543	0.009208	-0.499321	-0.451372	0.739555
