// General information: 
//  MT Manager version: 2022.2.0 
//  XDA version: 2022.2.0 build 7381 rev 124627 built on 2023-07-19
// Device information: 
//  DeviceId: 00B4CAF0
//  ProductCode: MTW2-3A7G6
//  Firmware Version: 4.6.0
//  Hardware Version: 2.0.0
// Device settings: 
//  Filter Profile: human(46.1)
//  Option Flags: Orientation Smoother Disabled, Position/Velocity Smoother Disabled, Continuous Zero Rotation Update Disabled, AHS Disabled, ICC Disabled
// Coordinate system: ENU
PacketCounter	Acc_X	Acc_Y	Acc_Z	Gyr_X	Gyr_Y	Gyr_Z	Mat[1][1]	Mat[2][1]	Mat[3][1]	Mat[1][2]	Mat[2][2]	Mat[3][2]	Mat[1][3]	Mat[2][3]	Mat[3][3]
55133	3.892178	-1.028809	9.480843	0.001589	-0.019075	-0.007637	0.838702	-0.393655	0.376317	0.459633	0.882296	-0.101443	-0.292089	0.258049	0.920921
55134	3.687799	-1.130668	9.493756	-0.004807	-0.014344	-0.008524	0.838572	-0.393755	0.376503	0.459801	0.882206	-0.101470	-0.292199	0.258207	0.920842
55135	3.852412	-1.116558	9.520238	0.004467	-0.022548	-0.009935	0.838845	-0.392926	0.376759	0.458970	0.882651	-0.101360	-0.292720	0.257947	0.920749
55136	3.929346	-0.953406	9.513104	-0.003786	-0.012487	-0.008038	0.838723	-0.393026	0.376928	0.459131	0.882565	-0.101379	-0.292819	0.258088	0.920678
55137	3.698580	-1.099512	9.506397	-0.007657	-0.011226	-0.004665	0.839244	-0.391777	0.377067	0.457859	0.883225	-0.101384	-0.293315	0.257730	0.920620
55138	3.829805	-1.092304	9.558485	-0.014645	-0.020589	-0.002289	0.839124	-0.391805	0.377305	0.458004	0.883134	-0.101524	-0.293433	0.257999	0.920507
55139	3.869728	-1.046407	9.524408	-0.011197	-0.015376	-0.005822	0.839355	-0.391137	0.377484	0.457373	0.883453	-0.101586	-0.293756	0.257918	0.920427
55140	3.835308	-1.021324	9.483453	-0.009092	-0.012370	-0.001723	0.839262	-0.391181	0.377646	0.457496	0.883379	-0.101678	-0.293830	0.258106	0.920351
55141	3.930396	-0.988040	9.495335	-0.007568	-0.012288	0.000020	0.840048	-0.389350	0.377791	0.455611	0.884353	-0.101677	-0.294513	0.257539	0.920291
55142	3.814143	-1.098499	9.528572	-0.014376	-0.006846	0.002569	0.839991	-0.389370	0.377898	0.455714	0.884282	-0.101833	-0.294517	0.257752	0.920230
55143	3.841108	-1.114711	9.465858	-0.018357	-0.009930	0.003281	0.840488	-0.388176	0.378020	0.454539	0.884870	-0.101978	-0.294913	0.257536	0.920164
55144	3.793920	-1.093827	9.478155	-0.017396	-0.007364	0.000643	0.840421	-0.388211	0.378133	0.454666	0.884784	-0.102154	-0.294909	0.257777	0.920098
55145	3.795899	-1.106258	9.499510	-0.021426	-0.015501	0.001816	0.841194	-0.386366	0.378305	0.452816	0.885717	-0.102286	-0.295551	0.257345	0.920012
55146	3.743201	-1.116365	9.497121	-0.019412	-0.011432	0.001229	0.841117	-0.386386	0.378454	0.452945	0.885629	-0.102484	-0.295572	0.257620	0.919929
55147	3.844684	-1.053600	9.523181	-0.020976	-0.022330	0.003528	0.841686	-0.384922	0.378682	0.451523	0.886336	-0.102645	-0.296130	0.257378	0.919817
55148	3.812617	-1.051067	9.525900	-0.023854	-0.018859	0.005829	0.841608	-0.384882	0.378896	0.451626	0.886254	-0.102900	-0.296193	0.257721	0.919701
55149	3.741814	-1.085471	9.539689	-0.030435	-0.028933	0.004765	0.841762	-0.384258	0.379186	0.451148	0.886463	-0.103193	-0.296482	0.257933	0.919548
55150	3.728277	-1.039010	9.481254	-0.030099	-0.040104	0.003807	0.841612	-0.384181	0.379597	0.451287	0.886357	-0.103498	-0.296696	0.258412	0.919345
55151	3.680583	-1.071264	9.521580	-0.030788	-0.053132	0.002356	0.841480	-0.383962	0.380112	0.451309	0.886310	-0.103806	-0.297039	0.258898	0.919097
55152	3.532681	-1.205240	9.408328	-0.035705	-0.072159	-0.007304	0.841184	-0.383900	0.380828	0.451557	0.886146	-0.104119	-0.297498	0.259549	0.918765
55153	3.377031	-1.293890	9.451458	-0.012301	-0.123328	-0.016476	0.840718	-0.383752	0.382005	0.451776	0.886027	-0.104190	-0.298484	0.260175	0.918268
55154	3.401184	-1.211033	9.431558	-0.000373	-0.168577	-0.031468	0.840023	-0.383652	0.383631	0.452122	0.885862	-0.104086	-0.299911	0.260883	0.917602
55155	3.290569	-1.358889	9.385673	0.013468	-0.255933	-0.046480	0.838992	-0.383479	0.386053	0.452576	0.885663	-0.103806	-0.302105	0.261811	0.916618
55156	3.404643	-1.213219	9.494285	0.057026	-0.314339	-0.053308	0.837748	-0.383187	0.389033	0.452931	0.885565	-0.103090	-0.305011	0.262569	0.915438
55157	3.196171	-1.365287	9.555202	0.066359	-0.376642	-0.075991	0.836199	-0.382951	0.392581	0.453466	0.885394	-0.102208	-0.308448	0.263489	0.914020
55158	3.323140	-1.275782	9.710881	0.100116	-0.473407	-0.107495	0.834191	-0.382713	0.397059	0.454134	0.885203	-0.100882	-0.312869	0.264473	0.912232
55159	2.755946	-0.800106	10.255672	0.062195	-0.524183	-0.193888	0.831607	-0.383123	0.402054	0.455658	0.884570	-0.099562	-0.317500	0.265996	0.910187
55160	1.536567	-1.495448	10.185334	-0.009378	-0.668207	-0.223336	0.828397	-0.383370	0.408393	0.457623	0.883645	-0.098754	-0.323016	0.268697	0.907448
55161	2.334521	-1.142581	10.362207	0.025677	-1.023472	-0.209381	0.824038	-0.382533	0.417887	0.459372	0.882857	-0.097677	-0.331570	0.272455	0.903233
55162	3.098577	-0.628762	10.328185	-0.026398	-1.169626	-0.251371	0.818896	-0.381596	0.428711	0.461607	0.881781	-0.096860	-0.341068	0.277214	0.898234
55163	3.811523	-0.803306	10.330290	-0.033920	-1.301669	-0.244955	0.813206	-0.380195	0.440623	0.463828	0.880696	-0.096117	-0.351511	0.282536	0.892532
55164	4.078189	-0.398489	10.400382	-0.061425	-1.372142	-0.240959	0.807136	-0.378458	0.453102	0.466081	0.879563	-0.095594	-0.362353	0.288339	0.886319
55165	3.964239	-0.750546	10.479389	-0.104837	-1.522881	-0.239345	0.800362	-0.376199	0.466793	0.468492	0.878298	-0.095433	-0.374081	0.295069	0.879203
55166	4.072626	-1.745970	10.297393	-0.083634	-1.650716	-0.286914	0.792680	-0.373846	0.481557	0.471177	0.876929	-0.094809	-0.386847	0.302052	0.871272
55167	4.112448	-1.673963	10.334188	0.049279	-1.853904	-0.332594	0.783751	-0.371180	0.497955	0.473704	0.875785	-0.092765	-0.401669	0.308588	0.862227
55168	3.901210	-2.111178	10.387480	0.172945	-1.996672	-0.388674	0.773667	-0.368418	0.515468	0.476104	0.874842	-0.089314	-0.418048	0.314515	0.852242
55169	4.134121	-2.255647	10.077103	0.375108	-2.248639	-0.463310	0.761792	-0.365423	0.534919	0.478163	0.874272	-0.083715	-0.437073	0.319552	0.840746
55170	5.396136	-0.732040	10.045503	0.507990	-2.449111	-0.518468	0.748291	-0.362130	0.555808	0.479886	0.873977	-0.076646	-0.458008	0.324078	0.827770
55171	5.668074	-0.541634	9.764100	0.455577	-2.547719	-0.558867	0.733616	-0.358769	0.577141	0.481997	0.873392	-0.069749	-0.479047	0.329349	0.813660
55172	6.074339	-0.248161	10.543199	0.327323	-2.643790	-0.539137	0.718012	-0.354736	0.598850	0.484389	0.872513	-0.063932	-0.499825	0.335980	0.798306
55173	6.479327	0.056572	11.841376	-0.019265	-2.653612	-0.464079	0.702196	-0.349814	0.620121	0.487881	0.870758	-0.061254	-0.518548	0.345558	0.782111
55174	5.021972	-0.870356	11.069071	-0.076609	-2.671522	-0.446797	0.685851	-0.344390	0.641096	0.491467	0.868894	-0.059016	-0.536720	0.355554	0.765189
55175	6.852580	-1.820371	10.103370	-0.056814	-2.978466	-0.466731	0.667220	-0.337766	0.663876	0.495038	0.867039	-0.056400	-0.556557	0.366275	0.745713
55176	6.478212	0.216139	9.474260	0.055310	-2.910269	-0.432097	0.648531	-0.330769	0.685565	0.497647	0.865755	-0.053058	-0.575982	0.375579	0.726075
55177	6.962003	-0.086929	9.254035	-0.007680	-2.938136	-0.389712	0.629342	-0.323040	0.706805	0.500284	0.864394	-0.050390	-0.594680	0.385316	0.705611
55178	7.193934	0.254639	9.766280	-0.229031	-3.036543	-0.341016	0.609238	-0.314158	0.728103	0.503857	0.862367	-0.049511	-0.612338	0.397023	0.683678
55179	6.092145	-0.238565	10.047804	-0.364116	-3.029222	-0.318408	0.588787	-0.304755	0.748635	0.508116	0.859860	-0.049591	-0.628608	0.409592	0.661125
55180	7.872119	0.320605	10.299184	-0.542351	-2.960177	-0.288340	0.568426	-0.294954	0.768046	0.513310	0.856693	-0.050899	-0.642966	0.423178	0.638369
55181	6.606199	0.489212	8.421114	-0.824195	-2.762261	-0.250426	0.549176	-0.285269	0.785511	0.520146	0.852362	-0.054105	-0.654105	0.438294	0.616478
55182	6.387810	-0.262257	5.488718	-0.934996	-2.676066	-0.233313	0.530252	-0.275364	0.801878	0.527641	0.847493	-0.057881	-0.663648	0.453795	0.594678
55183	6.211479	-1.160835	3.183698	-0.804542	-2.487782	-0.232590	0.512358	-0.265939	0.816557	0.534312	0.843107	-0.060675	-0.672309	0.467384	0.574067
55184	2.640461	-2.132745	5.591851	-0.541843	-2.068515	-0.290649	0.496742	-0.258660	0.828458	0.539515	0.839741	-0.061309	-0.679831	0.477420	0.556686
55185	10.642928	-2.391823	13.920915	-0.311724	-1.577381	-0.279900	0.484417	-0.253493	0.837306	0.543104	0.837471	-0.060666	-0.685841	0.484132	0.543358
55186	13.536078	-2.389811	15.554411	0.329911	0.780726	-0.164188	0.488802	-0.258677	0.833162	0.541715	0.838597	-0.057450	-0.683826	0.479418	0.550037
55187	3.406284	-0.046992	11.635370	0.399742	1.648260	-0.154526	0.499153	-0.267886	0.824065	0.539847	0.840035	-0.053918	-0.677799	0.471782	0.563923
55188	-0.110925	1.425314	8.616785	0.274655	2.171000	-0.171453	0.512770	-0.279529	0.811745	0.538938	0.840806	-0.050905	-0.668291	0.463583	0.581789
55189	-0.618128	2.453847	7.913928	0.018426	2.382398	-0.247711	0.527180	-0.292648	0.797771	0.540189	0.840129	-0.048779	-0.655956	0.456662	0.600984
55190	-0.999471	2.288258	7.293967	-0.381843	2.383785	-0.341794	0.540717	-0.306403	0.783417	0.544564	0.837323	-0.048373	-0.641151	0.452777	0.619611
55191	-0.733027	1.525254	6.619071	-0.721245	2.352516	-0.430796	0.553219	-0.320709	0.768826	0.551557	0.832664	-0.049542	-0.624286	0.451459	0.637536
55192	-0.961693	0.219694	6.192500	-0.858276	2.255505	-0.546003	0.564001	-0.335469	0.754562	0.559965	0.826951	-0.050897	-0.606912	0.451235	0.654252
55193	0.246286	-0.356310	6.676129	-0.822921	2.072974	-0.684280	0.572531	-0.350528	0.741174	0.568848	0.820847	-0.051207	-0.590440	0.450933	0.669357
55194	1.679717	-0.593851	7.120315	-0.711794	1.978112	-0.835511	0.579198	-0.366316	0.728246	0.577882	0.814596	-0.049857	-0.574963	0.449717	0.683499
55195	2.873397	-0.125495	7.624669	-0.644971	1.993274	-0.964241	0.584871	-0.383150	0.714927	0.587218	0.808043	-0.047341	-0.559553	0.447507	0.697594
55196	3.962107	0.375744	8.234489	-0.721209	2.046937	-1.047183	0.589886	-0.400758	0.701019	0.597420	0.800666	-0.044986	-0.543253	0.445339	0.711723
55197	4.976875	0.282140	8.593682	-0.863261	2.128870	-1.094145	0.594648	-0.419001	0.686171	0.608575	0.792298	-0.043596	-0.525385	0.443511	0.726132
55198	6.129359	-0.237094	8.718384	-1.007807	2.221695	-1.081803	0.599388	-0.437405	0.670381	0.620303	0.783148	-0.043631	-0.505923	0.441991	0.740733
55199	7.104323	-1.052688	8.541372	-1.079165	2.332395	-0.993397	0.604711	-0.455489	0.653341	0.631690	0.773907	-0.045128	-0.485069	0.439998	0.755718
55200	7.671852	-1.609341	8.166543	-1.063492	2.415371	-0.825777	0.610841	-0.472481	0.635323	0.641825	0.765353	-0.047910	-0.463610	0.437032	0.770759
55201	8.000275	-2.024639	7.798212	-0.990187	2.410425	-0.595704	0.617893	-0.487566	0.616836	0.650030	0.758135	-0.051890	-0.442345	0.433025	0.785379
55202	8.657095	-2.481727	7.853583	-0.860067	2.350425	-0.338200	0.625775	-0.500283	0.598434	0.655921	0.752702	-0.056639	-0.422106	0.427969	0.799168
55203	9.545700	-2.861364	8.156717	-0.669023	2.326749	-0.060010	0.634954	-0.510677	0.579692	0.659124	0.749500	-0.061690	-0.402975	0.421259	0.812497
55204	9.751822	-2.833805	8.168061	-0.427364	2.375115	0.234514	0.645789	-0.518862	0.560124	0.659376	0.748865	-0.066521	-0.384942	0.412291	0.825734
55205	9.311171	-2.467118	7.803223	-0.192367	2.382909	0.511904	0.658096	-0.524785	0.539917	0.656835	0.750688	-0.070958	-0.368071	0.401334	0.838722
55206	8.693194	-1.877935	7.499776	-0.013127	2.305282	0.737312	0.671163	-0.528394	0.519942	0.652052	0.754458	-0.074975	-0.352659	0.389350	0.850905
55207	8.670978	-1.561292	7.628824	0.110502	2.173181	0.894376	0.684437	-0.530023	0.500622	0.645688	0.759543	-0.078618	-0.338575	0.377054	0.862089
55208	8.905982	-1.456441	7.830382	0.222061	2.094399	0.984126	0.697645	-0.530328	0.481709	0.638221	0.765525	-0.081528	-0.325524	0.364314	0.872530
55209	9.005484	-1.138650	8.050710	0.317673	2.065580	1.020172	0.710663	-0.529948	0.462724	0.630108	0.771996	-0.083586	-0.312924	0.350968	0.882553
55210	8.968873	-0.504325	7.882621	0.354931	2.048387	0.998749	0.723136	-0.529303	0.443748	0.621931	0.778448	-0.084970	-0.300460	0.337426	0.892114
55211	8.704876	0.035165	7.394100	0.311556	2.010906	0.912872	0.734643	-0.528903	0.424924	0.614450	0.784236	-0.086173	-0.287664	0.324401	0.901118
55212	8.301014	0.491466	6.952618	0.216388	1.876556	0.771901	0.744583	-0.528860	0.407313	0.608204	0.788950	-0.087437	-0.275108	0.312833	0.909094
55213	8.083816	0.623848	6.620739	0.072365	1.668736	0.593481	0.752617	-0.529388	0.391555	0.603656	0.792241	-0.089179	-0.262996	0.303482	0.915823
55214	8.138715	0.392220	6.512613	-0.066556	1.432268	0.369973	0.758474	-0.530802	0.378109	0.601105	0.793946	-0.091228	-0.251775	0.296477	0.921255
55215	8.149933	0.062278	6.447952	-0.176189	1.200690	0.126854	0.762145	-0.533401	0.366904	0.600663	0.794033	-0.093360	-0.241536	0.291539	0.925562
55216	8.592227	-0.241996	6.585520	-0.268253	0.984681	-0.105112	0.763789	-0.537142	0.357918	0.602173	0.792636	-0.095482	-0.232412	0.288457	0.928858
55217	9.094240	-0.554542	6.643402	-0.366767	0.815862	-0.302544	0.763767	-0.541959	0.350628	0.605409	0.789876	-0.097855	-0.223920	0.287012	0.931388
55218	9.461831	-0.933050	6.801325	-0.463700	0.683836	-0.458047	0.762430	-0.547582	0.344753	0.609995	0.785993	-0.100603	-0.215885	0.287000	0.933287
55219	9.766422	-1.270655	6.889250	-0.543885	0.587692	-0.550318	0.760243	-0.553661	0.339840	0.615429	0.781323	-0.103834	-0.208036	0.288086	0.934734
55220	9.557796	-1.717026	6.802935	-0.606035	0.544635	-0.589660	0.757651	-0.559877	0.335415	0.621211	0.776231	-0.107529	-0.200157	0.289833	0.935914
55221	9.205806	-4.308472	6.402306	-0.623444	0.510553	-0.442476	0.755825	-0.564866	0.331142	0.625879	0.771847	-0.111929	-0.192366	0.291853	0.936919
55222	5.271108	-9.505083	2.808353	1.312679	-0.605220	-0.433887	0.751847	-0.566521	0.337313	0.626610	0.773121	-0.098202	-0.205150	0.285197	0.936257
55223	6.142669	-0.755188	7.495355	1.721871	-0.349753	-0.322379	0.749001	-0.568139	0.340904	0.625502	0.776004	-0.081029	-0.218507	0.273927	0.936600
55224	6.544312	6.591073	12.809565	0.369990	-0.716708	0.146991	0.748266	-0.565080	0.347536	0.623649	0.777794	-0.078091	-0.226184	0.275173	0.934409
55225	4.322258	3.211891	12.693421	0.262199	-0.133562	0.711808	0.752301	-0.559250	0.348257	0.617823	0.782424	-0.078156	-0.228776	0.273958	0.934135
55226	2.478382	4.456688	9.714510	-0.046846	-0.244799	0.886356	0.757128	-0.551672	0.349878	0.611312	0.787161	-0.081704	-0.230337	0.275745	0.933225
55227	1.961249	2.625363	9.177547	-0.427245	-0.571560	0.794819	0.760578	-0.543885	0.354557	0.606364	0.790246	-0.088517	-0.232045	0.282314	0.930835
55228	9.357685	1.635459	13.714073	-0.090347	-0.738548	0.038040	0.759018	-0.541533	0.361433	0.606358	0.790138	-0.089508	-0.237110	0.287096	0.928092
55229	11.300678	0.405859	13.169747	-0.321305	0.429400	0.053371	0.760287	-0.542412	0.357426	0.606792	0.789435	-0.092710	-0.231878	0.287370	0.929328
55230	-1.239430	-4.023897	8.002808	-0.072029	0.311200	0.058186	0.761299	-0.542896	0.354524	0.606587	0.789488	-0.093603	-0.229075	0.286309	0.930350
55231	3.626039	-1.202313	9.868172	-0.070481	-0.242690	0.029192	0.760855	-0.542038	0.356784	0.606615	0.789372	-0.094389	-0.230473	0.288247	0.929406
55232	4.095371	0.699670	9.991225	-0.033310	-0.079163	0.026033	0.760772	-0.541655	0.357540	0.606566	0.789360	-0.094808	-0.230875	0.288999	0.929073
55233	3.735788	-0.677019	9.364140	-0.134493	-0.054830	0.056588	0.760927	-0.541117	0.358027	0.606532	0.789207	-0.096285	-0.230456	0.290421	0.928733
55234	3.836386	-2.235799	9.349660	-0.099887	-0.046336	0.047473	0.761050	-0.540658	0.358457	0.606472	0.789117	-0.097399	-0.230205	0.291520	0.928451
55235	2.980939	-2.145956	9.221753	0.001754	-0.061413	0.002287	0.760859	-0.540529	0.359057	0.606538	0.789063	-0.097417	-0.230662	0.291902	0.928218
55236	3.678811	-1.360153	9.501573	0.044274	-0.104272	-0.032158	0.760365	-0.540530	0.360101	0.606752	0.788962	-0.096906	-0.231725	0.292176	0.927867
55237	3.827637	-1.166959	9.587653	0.073246	-0.081841	-0.044719	0.759839	-0.540714	0.360935	0.607012	0.788862	-0.096092	-0.232770	0.292107	0.927627
55238	3.306983	-1.316296	9.379556	0.077200	-0.097727	-0.055632	0.759215	-0.540918	0.361940	0.607326	0.788729	-0.095191	-0.233982	0.292086	0.927328
55239	3.576543	-1.493485	9.502374	0.106498	-0.140272	-0.073860	0.758371	-0.541161	0.363342	0.607727	0.788567	-0.093963	-0.235671	0.292071	0.926905
55240	3.761362	-1.074145	9.617846	0.138771	-0.154600	-0.084326	0.757435	-0.541426	0.364898	0.608110	0.788459	-0.092385	-0.237688	0.291874	0.926453
55241	3.889170	-0.543949	9.712258	0.131078	-0.145149	-0.080644	0.756532	-0.541710	0.366348	0.608499	0.788331	-0.090903	-0.239560	0.291693	0.926027
55242	3.961906	-0.486409	9.808300	0.103522	-0.139110	-0.063692	0.755751	-0.541857	0.367738	0.608804	0.788231	-0.089726	-0.241243	0.291691	0.925591
55243	4.098457	-0.376046	9.872237	0.081039	-0.120752	-0.046486	0.755111	-0.541941	0.368928	0.609049	0.788142	-0.088831	-0.242626	0.291773	0.925203
55244	3.967068	-0.277539	9.846874	0.049674	-0.119187	-0.018916	0.754647	-0.541793	0.370092	0.609143	0.788128	-0.088317	-0.243830	0.292087	0.924788
55245	4.118500	-0.413706	9.809268	0.026941	-0.101067	0.005108	0.754367	-0.541526	0.371053	0.609126	0.788163	-0.088112	-0.244736	0.292487	0.924422
55246	4.128122	-0.577665	9.745782	-0.015964	-0.087402	0.026785	0.754257	-0.541110	0.371882	0.609035	0.788204	-0.088373	-0.245299	0.293145	0.924064
55247	3.890132	-0.924551	9.584556	-0.032012	-0.055369	0.041313	0.754310	-0.540689	0.372388	0.608889	0.788264	-0.088847	-0.245502	0.293761	0.923815
55248	3.981200	-0.911366	9.582907	-0.035539	-0.055105	0.041170	0.754366	-0.540253	0.372905	0.608738	0.788325	-0.089343	-0.245702	0.294399	0.923558
55249	3.926335	-0.765944	9.556189	-0.041217	-0.038140	0.045414	0.754486	-0.539849	0.373248	0.608583	0.788379	-0.089918	-0.245719	0.294994	0.923364
55250	3.812801	-1.008512	9.523388	-0.055776	-0.031627	0.042915	0.754611	-0.539468	0.373546	0.608468	0.788389	-0.090607	-0.245620	0.295664	0.923176
55251	3.808063	-1.011215	9.441181	-0.049579	-0.026534	0.046344	0.754764	-0.539091	0.373781	0.608327	0.788422	-0.091262	-0.245499	0.296262	0.923016
55252	3.835608	-1.108484	9.499395	-0.047674	-0.029591	0.035367	0.754848	-0.538775	0.374066	0.608249	0.788414	-0.091849	-0.245433	0.296857	0.922842
55253	3.746113	-1.169605	9.421768	-0.040470	-0.021538	0.029415	0.754911	-0.538546	0.374270	0.608213	0.788383	-0.092356	-0.245330	0.297357	0.922709
55254	3.786079	-1.093273	9.487827	-0.033350	-0.025516	0.023614	0.754933	-0.538335	0.374529	0.608189	0.788353	-0.092767	-0.245321	0.297817	0.922563
55255	3.743401	-0.979689	9.415278	-0.031795	-0.015976	0.016043	0.754928	-0.538228	0.374693	0.608233	0.788275	-0.093144	-0.245228	0.298218	0.922458
55256	3.826676	-1.110889	9.503813	-0.027100	-0.034453	0.009577	0.754843	-0.538100	0.375047	0.608299	0.788188	-0.093445	-0.245325	0.298677	0.922284
55257	3.686412	-1.022234	9.482851	-0.022741	-0.027904	0.004773	0.754740	-0.538046	0.375332	0.608406	0.788075	-0.093696	-0.245377	0.299071	0.922143
55258	3.869285	-0.823697	9.431634	-0.009329	-0.027204	0.004018	0.754639	-0.537984	0.375624	0.608471	0.788012	-0.093812	-0.245527	0.299350	0.922012
55259	3.902205	-0.939561	9.532556	-0.021014	-0.039540	-0.000009	0.754478	-0.537933	0.376020	0.608610	0.787879	-0.094029	-0.245677	0.299793	0.921828
55260	3.691847	-1.076889	9.424760	-0.024007	-0.024764	0.003844	0.754382	-0.537879	0.376290	0.608712	0.787770	-0.094279	-0.245719	0.300175	0.921693
55261	3.648578	-1.160511	9.467824	-0.014710	-0.025465	-0.004362	0.754229	-0.537903	0.376561	0.608868	0.787632	-0.094422	-0.245801	0.300492	0.921567
55262	3.785488	-0.969279	9.471938	0.016442	-0.045420	-0.014879	0.753968	-0.537935	0.377039	0.609012	0.787544	-0.094229	-0.246245	0.300666	0.921392
55263	3.818369	-1.034360	9.375347	0.011605	-0.049546	-0.019699	0.753662	-0.538008	0.377546	0.609219	0.787403	-0.094072	-0.246669	0.300906	0.921200
55264	3.736018	-1.146372	9.516094	0.019615	-0.059540	-0.027109	0.753291	-0.538093	0.378164	0.609447	0.787259	-0.093803	-0.247239	0.301132	0.920974
55265	3.930451	-1.020030	9.532815	0.014474	-0.055977	-0.023016	0.752948	-0.538172	0.378733	0.609672	0.787108	-0.093606	-0.247728	0.301384	0.920760
55266	3.951630	-0.868597	9.582075	0.021439	-0.020264	-0.018012	0.752730	-0.538304	0.378982	0.609826	0.787018	-0.093354	-0.248012	0.301384	0.920683
55267	3.988803	-1.029275	9.517481	0.000558	-0.043286	-0.022033	0.752424	-0.538414	0.379433	0.610078	0.786830	-0.093290	-0.248321	0.301677	0.920504
55268	3.783690	-1.022972	9.513704	0.009287	-0.024107	-0.016321	0.752206	-0.538520	0.379715	0.610250	0.786713	-0.093156	-0.248560	0.301793	0.920401
55269	4.030764	-0.903874	9.577668	0.008748	-0.015205	-0.012214	0.752029	-0.538637	0.379898	0.610407	0.786603	-0.093053	-0.248707	0.301871	0.920336
55270	3.852902	-0.934975	9.495841	-0.005855	-0.025613	-0.009021	0.751851	-0.538681	0.380187	0.610562	0.786479	-0.093086	-0.248865	0.302115	0.920213
55271	3.851497	-0.953717	9.457531	0.002039	-0.003855	-0.007775	0.751730	-0.538797	0.380262	0.610702	0.786373	-0.093061	-0.248886	0.302184	0.920185
55272	3.651226	-1.014095	9.502284	-0.015271	-0.032048	-0.006169	0.751554	-0.538799	0.380607	0.610859	0.786236	-0.093192	-0.249035	0.302536	0.920029
55273	3.802898	-1.062220	9.403115	0.005360	-0.031215	-0.015073	0.751320	-0.538890	0.380941	0.611046	0.786100	-0.093109	-0.249282	0.302727	0.919899
55274	3.709603	-1.027030	9.486645	-0.002254	-0.049688	-0.015413	0.751043	-0.538911	0.381457	0.611239	0.785953	-0.093085	-0.249643	0.303072	0.919688
55275	3.794605	-1.076202	9.393048	0.009548	-0.056656	-0.021815	0.750704	-0.538978	0.382030	0.611466	0.785794	-0.092937	-0.250106	0.303367	0.919465
55276	3.909667	-1.064299	9.439873	0.000516	-0.080579	-0.016894	0.750340	-0.538916	0.382831	0.611664	0.785647	-0.092881	-0.250715	0.303856	0.919137
55277	3.947431	-0.917678	9.456771	0.001566	-0.042171	-0.018294	0.750058	-0.538998	0.383268	0.611884	0.785482	-0.092820	-0.251020	0.304136	0.918962
55278	3.911119	-0.980096	9.536701	-0.004282	-0.077176	-0.017945	0.749695	-0.538955	0.384038	0.612102	0.785315	-0.092804	-0.251573	0.304645	0.918641
55279	4.044573	-0.796112	9.479467	-0.006192	-0.044368	-0.015900	0.749422	-0.539011	0.384492	0.612324	0.785139	-0.092823	-0.251847	0.304998	0.918449
55280	4.141311	-0.741303	9.552744	-0.025038	-0.049311	-0.007993	0.749189	-0.538974	0.384997	0.612519	0.784962	-0.093036	-0.252064	0.305520	0.918216
55281	3.886290	-0.931450	9.507557	-0.038039	-0.019249	-0.000427	0.749074	-0.538984	0.385207	0.612704	0.784773	-0.093407	-0.251955	0.305986	0.918091
55282	3.996160	-0.821673	9.583142	-0.036344	-0.024405	0.008493	0.749006	-0.538893	0.385467	0.612804	0.784650	-0.093786	-0.251916	0.306462	0.917943
55283	3.934064	-0.948961	9.411211	-0.054525	-0.029659	0.006098	0.748904	-0.538820	0.385766	0.612982	0.784445	-0.094333	-0.251784	0.307114	0.917761
55284	3.728161	-1.010288	9.375115	-0.051609	-0.053419	0.009954	0.748772	-0.538627	0.386292	0.613109	0.784282	-0.094858	-0.251869	0.307866	0.917486
55285	4.303867	-1.131693	9.494478	-0.048460	-0.044127	0.005832	0.748633	-0.538511	0.386723	0.613274	0.784094	-0.095348	-0.251882	0.308548	0.917254
55286	3.764267	-0.766198	9.590074	-0.054238	0.017389	0.015662	0.748713	-0.538492	0.386594	0.613365	0.783954	-0.095919	-0.251420	0.308939	0.917249
55287	4.049484	-1.114064	9.371373	-0.108167	-0.029491	0.016989	0.748680	-0.538333	0.386880	0.613595	0.783640	-0.096999	-0.250957	0.310009	0.917014
55288	3.507187	-1.164879	9.466200	-0.080863	-0.021085	0.015588	0.748664	-0.538195	0.387103	0.613753	0.783415	-0.097814	-0.250620	0.310815	0.916833
55289	3.828833	-1.111779	9.376301	-0.070772	-0.036779	0.013457	0.748590	-0.538041	0.387460	0.613916	0.783197	-0.098537	-0.250440	0.311632	0.916605
55290	3.562233	-1.405089	9.332282	-0.068839	-0.088860	0.000786	0.748313	-0.537807	0.388318	0.614154	0.782929	-0.099184	-0.250684	0.312708	0.916172
55291	3.654734	-1.308653	9.317711	-0.053120	-0.124910	-0.011882	0.747863	-0.537574	0.389506	0.614463	0.782628	-0.099647	-0.251271	0.313860	0.915617
55292	3.803239	-1.235630	9.310113	-0.039416	-0.136765	-0.016235	0.747359	-0.537321	0.390820	0.614755	0.782358	-0.099957	-0.252052	0.314962	0.915024
55293	3.891963	-1.168947	9.389594	-0.040712	-0.133620	-0.017174	0.746852	-0.537100	0.392091	0.615073	0.782066	-0.100285	-0.252778	0.316063	0.914444
55294	3.959201	-1.094680	9.419426	-0.041922	-0.159172	-0.019304	0.746271	-0.536796	0.393611	0.615395	0.781772	-0.100605	-0.253709	0.317305	0.913756
55295	3.904831	-1.129977	9.403517	-0.031771	-0.154903	-0.019372	0.745693	-0.536522	0.395077	0.615708	0.781495	-0.100841	-0.254647	0.318449	0.913096
55296	3.967880	-1.163771	9.345186	-0.024371	-0.168403	-0.021151	0.745074	-0.536199	0.396681	0.615999	0.781246	-0.100992	-0.255753	0.319602	0.912384
55297	3.951895	-1.074966	9.391820	-0.012555	-0.167816	-0.023902	0.744431	-0.535915	0.398268	0.616297	0.781006	-0.101034	-0.256904	0.320664	0.911688
55298	3.986475	-1.191919	9.345716	-0.008121	-0.198261	-0.030635	0.743672	-0.535566	0.400150	0.616618	0.780757	-0.100998	-0.258329	0.321849	0.910867
55299	4.028408	-0.993418	9.443452	0.004932	-0.208730	-0.034790	0.742852	-0.535231	0.402118	0.616951	0.780515	-0.100835	-0.259889	0.322993	0.910018
55300	4.203842	-0.940379	9.442192	0.013890	-0.206233	-0.030355	0.742067	-0.534850	0.404069	0.617212	0.780339	-0.100598	-0.261506	0.324047	0.909180
55301	4.247599	-0.813241	9.527394	0.005228	-0.206939	-0.022473	0.741321	-0.534419	0.406004	0.617453	0.780164	-0.100481	-0.263051	0.325177	0.908330
55302	4.346217	-0.800895	9.457840	-0.001355	-0.196027	-0.016325	0.740643	-0.533957	0.407845	0.617649	0.780014	-0.100438	-0.264496	0.326294	0.907510
55303	4.284545	-0.812324	9.510914	-0.010127	-0.172151	-0.004854	0.740092	-0.533497	0.409444	0.617798	0.779884	-0.100530	-0.265686	0.327355	0.906780
55304	4.216844	-0.874210	9.510304	-0.026382	-0.170977	0.003306	0.739597	-0.532960	0.411035	0.617916	0.779757	-0.100794	-0.266788	0.328532	0.906030
55305	4.186173	-0.861823	9.405451	-0.031122	-0.184924	0.009338	0.739096	-0.532342	0.412732	0.618016	0.779633	-0.101134	-0.267942	0.329823	0.905220
55306	4.156132	-0.980377	9.537638	-0.040101	-0.192324	0.010219	0.738583	-0.531676	0.414507	0.618120	0.779497	-0.101550	-0.269115	0.331218	0.904363
55307	4.094531	-1.012058	9.441279	-0.033305	-0.196528	0.010906	0.738057	-0.531002	0.416304	0.618214	0.779374	-0.101915	-0.270340	0.332585	0.903495
55308	4.130684	-1.030047	9.421829	-0.031698	-0.220959	0.009004	0.737453	-0.530244	0.418335	0.618306	0.779258	-0.102249	-0.271774	0.334063	0.902519
55309	4.132301	-1.006640	9.401550	-0.018943	-0.235799	0.013648	0.736831	-0.529411	0.420480	0.618342	0.779197	-0.102496	-0.273374	0.335523	0.901494
55310	4.098594	-0.986783	9.497330	-0.032612	-0.244023	0.010680	0.736168	-0.528556	0.422712	0.618424	0.779086	-0.102845	-0.274970	0.337127	0.900409
55311	4.483741	-1.223393	9.130118	-0.052813	-0.283489	-0.023766	0.735176	-0.527845	0.425319	0.618829	0.778712	-0.103238	-0.276708	0.339098	0.899136
55312	3.674104	-0.920225	9.592389	-0.039582	-0.236021	-0.038826	0.734220	-0.527393	0.427525	0.619296	0.778314	-0.103437	-0.278197	0.340710	0.898066
55313	4.027229	-0.999430	9.513723	-0.071124	-0.349712	-0.045611	0.732898	-0.526614	0.430741	0.619913	0.777762	-0.103897	-0.280301	0.343168	0.896475
55314	3.894332	-0.982258	9.539481	-0.130560	-0.401119	-0.100310	0.731086	-0.526059	0.434483	0.621087	0.776725	-0.104641	-0.282426	0.346353	0.894581
55315	3.767706	-1.141077	9.522598	-0.134150	-0.456401	-0.144416	0.728831	-0.525652	0.438743	0.622605	0.775430	-0.105226	-0.284903	0.349855	0.892430
55316	4.111342	-1.275759	9.349537	-0.166853	-0.508836	-0.174976	0.726222	-0.525265	0.443507	0.624427	0.773864	-0.105948	-0.287564	0.353880	0.889987
55317	3.746562	-1.109691	9.728652	-0.078692	-0.520248	-0.099845	0.724031	-0.524248	0.448267	0.625461	0.772992	-0.106218	-0.290822	0.357279	0.887566
55318	4.162233	-0.700729	9.530145	-0.140403	-0.695167	-0.104402	0.721279	-0.522601	0.454582	0.626699	0.771881	-0.106998	-0.294966	0.362061	0.884255
55319	4.511739	-1.149799	9.306125	-0.116011	-0.669359	-0.093816	0.718641	-0.520945	0.460620	0.627800	0.770901	-0.107607	-0.299035	0.366508	0.881051
55320	4.634940	-0.986953	9.244477	-0.154020	-0.728717	-0.091084	0.715812	-0.519004	0.467170	0.628989	0.769800	-0.108544	-0.303293	0.371541	0.877480
55321	4.486549	-0.961809	9.275763	-0.140572	-0.751162	-0.083534	0.712930	-0.516895	0.473868	0.630095	0.768773	-0.109395	-0.307751	0.376572	0.873775
55322	4.690137	-1.118393	9.239329	-0.139630	-0.809985	-0.080599	0.709846	-0.514489	0.481061	0.631174	0.767769	-0.110231	-0.312632	0.381880	0.869729
55323	4.835146	-1.030358	9.123876	-0.146504	-0.841783	-0.086777	0.706584	-0.511974	0.488490	0.632330	0.766693	-0.111092	-0.317645	0.387383	0.865469
55324	4.778209	-1.019364	9.270448	-0.167988	-0.892781	-0.083690	0.703131	-0.509175	0.496333	0.633529	0.765550	-0.112133	-0.322873	0.393286	0.860860
55325	4.602753	-1.098375	9.309548	-0.151857	-0.935423	-0.080086	0.699517	-0.506137	0.504482	0.634664	0.764475	-0.113045	-0.328448	0.399253	0.855990
55326	4.427843	-1.220367	9.529622	-0.166173	-1.055711	-0.082468	0.695428	-0.502561	0.513627	0.635862	0.763331	-0.114043	-0.334753	0.405905	0.850401
55327	4.461928	-1.417766	9.358850	-0.175478	-1.168847	-0.090298	0.690839	-0.498518	0.523661	0.637159	0.762094	-0.115069	-0.341715	0.413150	0.844120
55328	4.403269	-1.296144	9.549493	-0.166170	-1.295542	-0.096906	0.685678	-0.493897	0.534706	0.638472	0.760860	-0.115951	-0.349569	0.420901	0.837045
55329	4.784714	-1.100828	9.326375	-0.145687	-1.463248	-0.080653	0.679922	-0.488344	0.547016	0.639616	0.759779	-0.116734	-0.358605	0.429250	0.828943
55330	4.999180	-0.911347	9.169946	-0.115072	-1.575816	-0.047966	0.673820	-0.481919	0.560107	0.640430	0.758988	-0.117412	-0.368532	0.437825	0.820057
55331	5.126813	-0.736773	8.876950	-0.084630	-1.684832	-0.011922	0.667385	-0.474611	0.573882	0.640902	0.758493	-0.118037	-0.379264	0.446578	0.810387
55332	5.450643	-0.475901	8.737020	-0.010582	-1.838088	0.041646	0.660503	-0.466048	0.588672	0.640738	0.758582	-0.118356	-0.391397	0.455359	0.799660
55333	5.420489	-0.531615	8.493205	0.049256	-1.905398	0.092578	0.653459	-0.456638	0.603716	0.640006	0.759175	-0.118515	-0.404208	0.463827	0.788341
55334	5.417164	-0.683596	8.695395	0.040509	-2.067703	0.118768	0.645651	-0.446093	0.619787	0.639140	0.759842	-0.118913	-0.417894	0.472907	0.775709
55335	5.519625	-0.930498	8.859395	0.043954	-2.158694	0.120989	0.637195	-0.434913	0.636266	0.638247	0.760527	-0.119328	-0.432000	0.482130	0.762185
55336	5.635113	-1.292683	8.758983	0.040743	-2.334791	0.105941	0.627540	-0.422776	0.653800	0.637469	0.761122	-0.119689	-0.447020	0.491887	0.747141
55337	5.366358	-1.213481	9.000891	0.036837	-2.507897	0.103717	0.616737	-0.409569	0.672227	0.636724	0.761682	-0.120093	-0.462837	0.502089	0.730540
55338	5.818357	-1.522824	9.115935	0.001620	-2.730420	0.068953	0.604240	-0.395223	0.691876	0.636367	0.761911	-0.120532	-0.479511	0.513118	0.711884
55339	6.389341	-1.677739	9.317854	-0.055877	-2.900127	0.002117	0.590047	-0.380202	0.712244	0.636693	0.761577	-0.120923	-0.496453	0.524831	0.691438
55340	6.656905	-1.664923	9.467549	-0.087162	-3.041603	-0.061221	0.574224	-0.364559	0.733051	0.637560	0.760831	-0.121048	-0.513599	0.536873	0.669316
55341	7.470155	-1.962351	9.522769	-0.099912	-3.173505	-0.094248	0.556996	-0.348091	0.754048	0.638679	0.759903	-0.120983	-0.530890	0.548982	0.645581
55342	7.311215	-1.743713	9.784269	-0.135450	-3.319296	-0.156987	0.538009	-0.330892	0.775279	0.640339	0.758564	-0.120609	-0.548190	0.561330	0.619997
55343	7.992444	-1.963992	10.305220	-0.189088	-3.556423	-0.227274	0.516691	-0.312465	0.797117	0.642653	0.756711	-0.119941	-0.565710	0.574242	0.591793
55344	8.476118	-2.557529	10.301890	-0.056488	-3.640358	-0.287352	0.493843	-0.293559	0.818500	0.644498	0.755460	-0.117909	-0.583731	0.585750	0.562277
55345	9.384868	-1.953829	11.093183	-0.112197	-3.832772	-0.343400	0.468862	-0.273519	0.839854	0.646874	0.753777	-0.115642	-0.601433	0.597500	0.530350
55346	9.314811	-0.815511	11.148633	-0.165900	-3.962105	-0.382459	0.442137	-0.252525	0.860666	0.649694	0.751720	-0.113198	-0.618394	0.609219	0.496428
55347	9.586839	-0.744801	11.354079	-0.345353	-3.978116	-0.381564	0.414709	-0.230953	0.880157	0.653542	0.748634	-0.111492	-0.633166	0.621456	0.461403
55348	8.575333	-1.353760	11.061981	-0.535972	-4.061728	-0.422398	0.385879	-0.208632	0.898649	0.658724	0.744291	-0.110060	-0.645895	0.634431	0.424638
55349	6.852553	-1.585090	10.092144	-0.566542	-4.125336	-0.488227	0.355723	-0.185872	0.915922	0.664268	0.739668	-0.107882	-0.657426	0.646794	0.386586
55350	5.979981	-1.424514	9.299819	-0.560794	-4.265928	-0.543667	0.323737	-0.162070	0.932163	0.669892	0.735017	-0.104858	-0.668161	0.658395	0.346521
55351	4.860877	-0.905378	8.313194	-0.633399	-4.362438	-0.572463	0.290497	-0.137344	0.946968	0.675944	0.729931	-0.101491	-0.677282	0.669580	0.304880
55352	3.872458	0.125521	7.756065	-0.862904	-4.489467	-0.548172	0.256134	-0.111026	0.960244	0.683370	0.723377	-0.098642	-0.683667	0.681468	0.261154
55353	3.115084	0.775331	7.886879	-1.264650	-4.636452	-0.499481	0.220906	-0.082754	0.971778	0.693245	0.714175	-0.096772	-0.686011	0.695058	0.215135
55354	1.226531	1.422313	7.797373	-1.618714	-4.749001	-0.425226	0.185303	-0.052430	0.981282	0.705251	0.702476	-0.095645	-0.684312	0.709773	0.167148
55355	-1.293987	2.650290	5.079931	-1.841796	-5.228611	-0.405119	0.146716	-0.017805	0.989018	0.718494	0.689128	-0.094179	-0.679883	0.724421	0.113899
55356	21.085906	-0.769228	11.013253	-2.644891	-5.735323	-0.790419	0.102217	0.018876	0.994583	0.737348	0.669692	-0.088490	-0.667735	0.742399	0.054536
55357	30.932343	-6.287080	11.982113	-1.005966	-1.456301	-0.832957	0.086334	0.024120	0.995974	0.744806	0.662395	-0.080603	-0.661673	0.748766	0.039222
55358	15.787933	-6.361338	17.563782	-0.251605	1.839054	-0.683663	0.093284	0.005786	0.995623	0.747119	0.660576	-0.073840	-0.658112	0.750737	0.057298
55359	14.010114	-4.857843	14.606824	0.817451	3.912193	-0.602574	0.114572	-0.027545	0.993033	0.742339	0.666650	-0.067156	-0.660156	0.744862	0.096827
55360	8.409757	-1.619316	10.272045	1.366709	4.938127	-0.462265	0.143771	-0.067180	0.987328	0.733929	0.676496	-0.060841	-0.663836	0.733376	0.146566
55361	3.690462	0.581315	7.554761	1.472080	5.411749	-0.250442	0.177938	-0.108262	0.978068	0.724522	0.686992	-0.055768	-0.665887	0.718555	0.200680
55362	3.148827	1.760940	5.668841	1.366159	5.555977	-0.098077	0.214124	-0.148441	0.965462	0.715670	0.696528	-0.051632	-0.664807	0.702007	0.255378
55363	0.672598	3.654100	3.944848	1.071221	5.645948	0.044015	0.251843	-0.187371	0.949456	0.708447	0.704063	-0.048971	-0.659301	0.684972	0.310056
55364	-3.074546	5.296135	1.936210	0.456229	5.391454	0.176362	0.288255	-0.222710	0.931294	0.705041	0.707469	-0.049040	-0.647940	0.670737	0.360951
55365	-5.674314	5.326630	0.632001	-0.336784	4.548121	0.196417	0.318774	-0.251704	0.913799	0.706561	0.705733	-0.052087	-0.631788	0.662258	0.402814
55366	-4.373127	2.182498	1.392678	-0.774595	3.344311	-0.014265	0.339446	-0.273929	0.899855	0.711494	0.700525	-0.055141	-0.615267	0.658959	0.432689
55367	2.040654	-0.839744	4.314678	-0.718024	2.397468	-0.257623	0.352231	-0.291558	0.889341	0.716705	0.695127	-0.055969	-0.601887	0.657109	0.453807
55368	5.543148	-4.049780	6.332129	0.045119	2.379913	-0.502323	0.362773	-0.310627	0.878582	0.718288	0.693854	-0.051271	-0.593682	0.649675	0.474831
55369	6.849685	-3.224742	7.575422	0.782791	2.848124	-0.771108	0.374122	-0.334335	0.865016	0.716456	0.696445	-0.040689	-0.588832	0.634969	0.500092
55370	6.513715	-0.742433	8.475517	1.113423	3.327498	-0.946996	0.386787	-0.361788	0.848237	0.713587	0.700053	-0.026803	-0.584114	0.615658	0.528939
55371	6.060934	1.174958	8.433728	0.858603	3.510339	-1.077360	0.399523	-0.390662	0.829316	0.712800	0.701246	-0.013059	-0.576452	0.596353	0.558628
55372	6.567302	0.752306	8.014273	0.352580	3.502708	-1.144010	0.411261	-0.419303	0.809351	0.715486	0.698625	-0.001626	-0.564751	0.579748	0.587323
55373	7.587134	-1.302913	7.721633	-0.034398	3.530933	-1.136849	0.422836	-0.447465	0.788026	0.720376	0.693546	0.007279	-0.549789	0.564597	0.615599
55374	8.538417	-3.007829	7.621798	-0.179677	3.604459	-1.065052	0.434571	-0.474930	0.765239	0.725975	0.687569	0.014452	-0.533018	0.549264	0.643585
55375	9.056991	-3.843483	7.570028	-0.231318	3.654135	-0.920492	0.447079	-0.501046	0.740995	0.731212	0.681861	0.019884	-0.515219	0.532934	0.671216
55376	9.698346	-4.448537	7.848995	-0.255565	3.671159	-0.703735	0.460414	-0.525114	0.715733	0.735759	0.676843	0.023286	-0.496667	0.515886	0.697985
55377	10.604547	-5.295264	8.232732	-0.266000	3.735903	-0.395667	0.475744	-0.546755	0.689004	0.738888	0.673394	0.024179	-0.477191	0.497593	0.724355
55378	10.681850	-5.705220	8.140140	-0.195858	3.858222	0.000122	0.493692	-0.565602	0.660578	0.739864	0.672372	0.022753	-0.457023	0.477505	0.750413
55379	10.116946	-5.221698	7.801800	-0.090524	3.915441	0.433416	0.514432	-0.580991	0.630721	0.738086	0.674432	0.019254	-0.436565	0.455621	0.775771
55380	9.831048	-4.092022	7.983914	-0.069327	3.877136	0.835768	0.537032	-0.592607	0.600344	0.734049	0.678961	0.013574	-0.415654	0.433392	0.799627
55381	9.763226	-3.037608	8.363942	-0.101618	3.819555	1.151638	0.560940	-0.600925	0.569416	0.728157	0.685384	0.005992	-0.393870	0.411263	0.822027
55382	9.700695	-1.926987	8.618936	-0.153398	3.779232	1.337527	0.585018	-0.606880	0.538006	0.721143	0.692781	-0.002688	-0.371089	0.389552	0.842937
55383	9.113880	-1.001871	8.501513	-0.203129	3.711829	1.375597	0.608236	-0.611409	0.506189	0.713695	0.700360	-0.011632	-0.347403	0.368340	0.862344
55384	7.959912	-0.024342	7.963326	-0.237849	3.569410	1.315893	0.629488	-0.614976	0.474921	0.706414	0.707512	-0.020163	-0.323612	0.348183	0.879798
55385	6.300403	1.528044	6.929836	-0.321412	3.217345	1.201885	0.647987	-0.617399	0.446017	0.699773	0.713793	-0.028584	-0.300716	0.330633	0.894568
55386	5.744886	2.860074	6.164647	-0.495571	2.564766	0.999250	0.662341	-0.618611	0.422641	0.694732	0.718296	-0.037393	-0.280449	0.318389	0.905526
55387	6.150514	3.742524	5.479649	-0.708720	1.827740	0.723316	0.672328	-0.619207	0.405657	0.691859	0.720510	-0.046867	-0.263259	0.312167	0.912823
55388	7.911738	3.528834	5.569402	-0.941737	1.029106	0.397781	0.677655	-0.619602	0.396078	0.691656	0.719967	-0.057087	-0.249792	0.312635	0.916441
55389	11.567049	2.117503	7.013248	-1.128186	0.402240	0.094969	0.679303	-0.620216	0.392274	0.693787	0.716978	-0.067836	-0.239179	0.318236	0.917343
55390	17.682254	0.666075	9.412294	-1.232177	0.218565	-0.082328	0.679177	-0.621552	0.390373	0.697297	0.712434	-0.078830	-0.229118	0.325745	0.917276
55391	22.942787	-0.712597	10.737170	-1.291733	0.640055	-0.131049	0.679684	-0.624611	0.384565	0.701079	0.707354	-0.090210	-0.215678	0.330925	0.918680
55392	24.942945	-2.328166	9.957825	-1.189201	1.476247	-0.128820	0.681763	-0.630442	0.371137	0.704476	0.702549	-0.100688	-0.197264	0.330103	0.923103
55393	21.223151	-2.995400	6.314865	-0.854274	2.224168	-0.125801	0.685002	-0.638613	0.350636	0.706968	0.698923	-0.108184	-0.175980	0.321995	0.930242
55394	15.746054	-2.182411	2.071619	-0.548680	2.287456	-0.133565	0.687795	-0.646830	0.329468	0.708859	0.696261	-0.112872	-0.156387	0.311179	0.937396
55395	12.764688	-1.983544	0.364590	-0.311760	1.702275	-0.151481	0.689214	-0.653157	0.313638	0.710427	0.694253	-0.115355	-0.142400	0.302321	0.942510
55396	14.240419	-1.982359	1.414604	-0.118957	1.153057	-0.100879	0.690026	-0.657348	0.302915	0.711348	0.693170	-0.116188	-0.133596	0.295650	0.945909
55397	15.696047	-1.948502	3.084468	0.048525	1.032558	-0.001435	0.691291	-0.660441	0.293146	0.711372	0.693216	-0.115768	-0.126756	0.288565	0.949033
55398	9.399506	-6.008211	3.283174	0.742897	0.693237	0.208791	0.693593	-0.661001	0.286369	0.709044	0.696637	-0.109334	-0.127225	0.278882	0.951861
55399	14.355774	-1.903281	1.345606	1.129966	-0.159166	0.147163	0.694332	-0.659620	0.287757	0.706635	0.700612	-0.099047	-0.136272	0.272111	0.952568
