// General information: 
//  MT Manager version: 2022.2.0 
//  XDA version: 2022.2.0 build 7381 rev 124627 built on 2023-07-19
// Device information: 
//  DeviceId: 00B4CBA7
//  ProductCode: MTW2-3A7G6
//  Firmware Version: 4.6.0
//  Hardware Version: 2.0.0
// Device settings: 
//  Filter Profile: human(46.1)
//  Option Flags: Orientation Smoother Disabled, Position/Velocity Smoother Disabled, Continuous Zero Rotation Update Disabled, AHS Disabled, ICC Disabled
// Coordinate system: ENU
PacketCounter	Acc_X	Acc_Y	Acc_Z	Gyr_X	Gyr_Y	Gyr_Z	Mat[1][1]	Mat[2][1]	Mat[3][1]	Mat[1][2]	Mat[2][2]	Mat[3][2]	Mat[1][3]	Mat[2][3]	Mat[3][3]
60832	9.763633	-0.400295	-1.239706	0.009106	0.007738	0.016795	-0.147440	-0.029800	0.988622	-0.523120	0.850648	-0.052375	-0.839409	-0.524890	-0.141009
60833	9.710123	-0.497212	-1.353332	-0.009287	0.010248	0.019199	-0.147422	-0.029560	0.988632	-0.522900	0.850773	-0.052535	-0.839549	-0.524701	-0.140879
60834	9.686623	-0.603569	-1.416246	0.020001	0.004011	0.019993	-0.147467	-0.029394	0.988630	-0.523051	0.850669	-0.052727	-0.839447	-0.524879	-0.140820
60835	9.621293	-0.574097	-1.406423	0.044910	0.004861	0.021415	-0.147513	-0.029306	0.988626	-0.523567	0.850340	-0.052915	-0.839117	-0.525418	-0.140780
60836	9.550511	-0.522082	-1.319024	0.043206	0.002938	0.016476	-0.147549	-0.029176	0.988624	-0.523918	0.850112	-0.053105	-0.838892	-0.525793	-0.140719
60837	9.497510	-0.517567	-1.263074	0.027498	-0.004723	0.015328	-0.147627	-0.029125	0.988614	-0.524168	0.849949	-0.053233	-0.838722	-0.526059	-0.140742
60838	9.580026	-0.525866	-1.301744	0.020146	-0.005234	0.010573	-0.147701	-0.029088	0.988604	-0.524334	0.849841	-0.053332	-0.838605	-0.526236	-0.140774
60839	9.768781	-0.436237	-1.315258	-0.008704	-0.002736	0.014267	-0.147788	-0.029000	0.988594	-0.524207	0.849913	-0.053434	-0.838669	-0.526125	-0.140809
60840	9.738029	-0.410001	-1.433163	-0.040328	-0.001833	0.009324	-0.147827	-0.028956	0.988589	-0.523867	0.850122	-0.053435	-0.838875	-0.525789	-0.140840
60841	9.702912	-0.516227	-1.443793	-0.020456	-0.004948	0.009073	-0.147875	-0.028953	0.988582	-0.523711	0.850218	-0.053437	-0.838963	-0.525634	-0.140889
60842	9.656275	-0.560036	-1.365858	-0.000543	-0.001596	0.013913	-0.147936	-0.028869	0.988575	-0.523698	0.850220	-0.053540	-0.838961	-0.525636	-0.140897
60843	9.585250	-0.562250	-1.347773	0.012216	-0.003864	0.013698	-0.147947	-0.028865	0.988574	-0.523901	0.850092	-0.053584	-0.838832	-0.525842	-0.140891
60844	9.720542	-0.448674	-1.372004	0.021854	-0.003317	0.015503	-0.148030	-0.028776	0.988564	-0.524073	0.849976	-0.053734	-0.838710	-0.526034	-0.140903
60845	9.825571	-0.316984	-1.480043	-0.028527	0.006856	0.019602	-0.148025	-0.028541	0.988572	-0.523676	0.850213	-0.053867	-0.838959	-0.525665	-0.140799
60846	9.748184	-0.389168	-1.586896	-0.054468	0.013986	0.017552	-0.147974	-0.028344	0.988585	-0.523206	0.850498	-0.053930	-0.839261	-0.525214	-0.140681
60847	9.677827	-0.657235	-1.674515	-0.028266	0.018167	0.023441	-0.147853	-0.028066	0.988611	-0.522892	0.850683	-0.054052	-0.839478	-0.524929	-0.140452
60848	9.602522	-0.728759	-1.511879	0.016711	0.021871	0.021369	-0.147756	-0.027795	0.988633	-0.523013	0.850596	-0.054252	-0.839420	-0.525084	-0.140218
60849	9.549436	-0.587031	-1.417175	0.048044	0.013117	0.016444	-0.147661	-0.027603	0.988653	-0.523357	0.850373	-0.054425	-0.839222	-0.525455	-0.140013
60850	9.549828	-0.469550	-1.311838	0.048670	0.017699	0.013647	-0.147558	-0.027419	0.988673	-0.523758	0.850116	-0.054594	-0.838990	-0.525881	-0.139803
60851	9.668341	-0.390603	-1.271635	0.020856	0.012265	0.017954	-0.147554	-0.027209	0.988680	-0.523850	0.850047	-0.054787	-0.838933	-0.526004	-0.139681
60852	9.786835	-0.439963	-1.301867	-0.017229	0.015150	0.016268	-0.147486	-0.027017	0.988695	-0.523694	0.850136	-0.054890	-0.839043	-0.525869	-0.139532
60853	9.715738	-0.561644	-1.385871	-0.022037	0.013720	0.017373	-0.147504	-0.026803	0.988698	-0.523420	0.850296	-0.055038	-0.839211	-0.525622	-0.139451
60854	9.585891	-0.709798	-1.405045	0.011869	0.012817	0.019387	-0.147472	-0.026596	0.988709	-0.523503	0.850233	-0.055213	-0.839165	-0.525734	-0.139309
60855	9.515248	-0.657253	-1.317101	0.047420	0.009689	0.017228	-0.147457	-0.026356	0.988717	-0.523717	0.850086	-0.055447	-0.839033	-0.525984	-0.139154
60856	9.503589	-0.522988	-1.225894	0.048008	0.006637	0.011358	-0.147435	-0.026250	0.988723	-0.524115	0.849831	-0.055592	-0.838789	-0.526401	-0.139053
60857	9.610062	-0.426938	-1.200043	0.028508	0.001880	0.006974	-0.147386	-0.026250	0.988731	-0.524411	0.849647	-0.055615	-0.838612	-0.526698	-0.138992
60858	9.733960	-0.433992	-1.273728	-0.017085	0.003582	0.010879	-0.147387	-0.026164	0.988733	-0.524264	0.849735	-0.055665	-0.838704	-0.526561	-0.138957
60859	9.715703	-0.497175	-1.379546	-0.041180	0.002240	0.006353	-0.147388	-0.026164	0.988733	-0.523976	0.849915	-0.055617	-0.838884	-0.526269	-0.138976
60860	9.680073	-0.658694	-1.458149	-0.017718	0.000164	0.011661	-0.147422	-0.026090	0.988730	-0.523822	0.850007	-0.055674	-0.838974	-0.526126	-0.138976
60861	9.668728	-0.669879	-1.371432	0.013240	0.000441	0.009364	-0.147437	-0.026080	0.988728	-0.523999	0.849895	-0.055720	-0.838861	-0.526307	-0.138972
60862	9.662418	-0.484202	-1.356830	0.018285	0.004392	0.011031	-0.147432	-0.025989	0.988731	-0.524148	0.849796	-0.055820	-0.838769	-0.526470	-0.138909
60863	9.738583	-0.361006	-1.448523	-0.009102	0.008665	0.012837	-0.147583	-0.025825	0.988713	-0.523959	0.849900	-0.056011	-0.838860	-0.526311	-0.138962
60864	9.732589	-0.450139	-1.506911	-0.030436	0.011249	0.012921	-0.147531	-0.025682	0.988724	-0.523696	0.850058	-0.056062	-0.839033	-0.526062	-0.138859
60865	9.697760	-0.574740	-1.449272	-0.011575	0.013743	0.016078	-0.147449	-0.025528	0.988740	-0.523616	0.850103	-0.056138	-0.839098	-0.525998	-0.138714
60866	9.591804	-0.627068	-1.371622	0.007875	0.012018	0.015384	-0.147404	-0.025359	0.988751	-0.523671	0.850060	-0.056267	-0.839071	-0.526075	-0.138582
60867	9.485489	-0.597381	-1.325597	0.026910	0.011719	0.014226	-0.147365	-0.025228	0.988760	-0.523909	0.849905	-0.056399	-0.838929	-0.526332	-0.138464
60868	9.527454	-0.560443	-1.225391	0.027689	0.002394	0.010074	-0.147373	-0.025155	0.988761	-0.524138	0.849757	-0.056503	-0.838785	-0.526575	-0.138416
60869	9.645948	-0.480809	-1.186459	0.014056	-0.000096	0.006274	-0.147329	-0.025126	0.988768	-0.524223	0.849704	-0.056518	-0.838740	-0.526662	-0.138358
60870	9.675217	-0.463958	-1.235657	-0.008974	-0.001753	0.005446	-0.147347	-0.025115	0.988766	-0.524151	0.849747	-0.056526	-0.838782	-0.526592	-0.138371
60871	9.674747	-0.584144	-1.339339	-0.010851	-0.002050	0.006844	-0.147329	-0.025105	0.988769	-0.524054	0.849808	-0.056508	-0.838845	-0.526493	-0.138358
60872	9.639313	-0.625859	-1.314981	0.006253	-0.009124	0.002006	-0.147391	-0.025162	0.988758	-0.524115	0.849771	-0.056503	-0.838796	-0.526551	-0.138436
60873	9.698301	-0.545278	-1.312156	0.020546	-0.006697	0.011050	-0.147462	-0.025138	0.988748	-0.524277	0.849665	-0.056589	-0.838683	-0.526723	-0.138473
60874	9.715464	-0.439334	-1.373415	0.009259	-0.003841	0.011398	-0.147529	-0.025087	0.988740	-0.524349	0.849615	-0.056681	-0.838626	-0.526807	-0.138497
60875	9.720824	-0.389839	-1.449444	-0.011023	0.000744	0.011162	-0.147543	-0.024951	0.988741	-0.524091	0.849768	-0.056762	-0.838784	-0.526566	-0.138454
60876	9.702743	-0.535508	-1.523632	-0.023777	0.003038	0.011363	-0.147551	-0.024864	0.988742	-0.523887	0.849892	-0.056808	-0.838911	-0.526371	-0.138429
60877	9.726440	-0.560711	-1.529727	-0.002400	0.009235	0.012339	-0.147503	-0.024736	0.988752	-0.523827	0.849923	-0.056882	-0.838956	-0.526326	-0.138324
60878	9.667470	-0.505796	-1.495440	-0.007806	0.013189	0.015284	-0.147447	-0.024562	0.988765	-0.523751	0.849963	-0.056989	-0.839014	-0.526269	-0.138189
60879	9.602902	-0.566032	-1.420042	0.002887	0.015707	0.016778	-0.147387	-0.024354	0.988779	-0.523710	0.849979	-0.057128	-0.839050	-0.526254	-0.138030
60880	9.562133	-0.586030	-1.316177	0.001585	0.013512	0.010303	-0.147302	-0.024221	0.988795	-0.523720	0.849968	-0.057199	-0.839059	-0.526277	-0.137887
60881	9.574490	-0.548369	-1.233170	0.008702	0.011485	0.012287	-0.147195	-0.024099	0.988814	-0.523788	0.849922	-0.057257	-0.839035	-0.526357	-0.137727
60882	9.604401	-0.485414	-1.179747	-0.002872	0.004189	0.006793	-0.147169	-0.024045	0.988819	-0.523765	0.849934	-0.057286	-0.839054	-0.526340	-0.137678
60883	9.580742	-0.535051	-1.174566	-0.005802	0.001904	0.008508	-0.147169	-0.024053	0.988819	-0.523818	0.849902	-0.057288	-0.839021	-0.526392	-0.137678
60884	9.604324	-0.486923	-1.179750	-0.008135	-0.006919	0.010393	-0.147256	-0.024026	0.988807	-0.523745	0.849942	-0.057345	-0.839051	-0.526327	-0.137743
60885	9.645463	-0.486874	-1.216191	-0.011077	-0.006885	0.008088	-0.147251	-0.023985	0.988808	-0.523550	0.850063	-0.057346	-0.839174	-0.526135	-0.137730
60886	9.686219	-0.542170	-1.321124	-0.011071	-0.008044	0.010097	-0.147346	-0.023968	0.988795	-0.523453	0.850119	-0.057396	-0.839217	-0.526045	-0.137807
60887	9.774621	-0.517683	-1.369249	-0.006245	-0.008943	0.013014	-0.147450	-0.023963	0.988779	-0.523430	0.850129	-0.057453	-0.839214	-0.526028	-0.137894
60888	9.934359	-0.510830	-1.368573	-0.022524	-0.002387	0.014758	-0.147521	-0.023875	0.988771	-0.523231	0.850247	-0.057534	-0.839325	-0.525843	-0.137922
60889	9.927697	-0.664514	-1.463479	-0.013117	-0.005549	0.015809	-0.147612	-0.023785	0.988759	-0.523052	0.850350	-0.057631	-0.839421	-0.525680	-0.137963
60890	9.638356	-0.653922	-1.280697	0.010096	-0.009028	0.016344	-0.147748	-0.023719	0.988741	-0.523124	0.850296	-0.057773	-0.839352	-0.525770	-0.138037
60891	9.312194	-0.613061	-1.339778	0.004449	-0.006434	0.014507	-0.147870	-0.023588	0.988725	-0.522977	0.850376	-0.057928	-0.839422	-0.525647	-0.138081
60892	9.140700	-0.549976	-1.286525	0.029681	-0.007772	0.001288	-0.147916	-0.023643	0.988717	-0.523236	0.850216	-0.057947	-0.839253	-0.525903	-0.138132
60893	9.613218	-0.806297	-1.447938	-0.004164	-0.007944	-0.024199	-0.147751	-0.024011	0.988733	-0.523419	0.850128	-0.057572	-0.839168	-0.526028	-0.138175
60894	9.851075	-0.963323	-1.277444	0.074975	-0.001638	-0.023463	-0.147616	-0.024245	0.988748	-0.524094	0.849723	-0.057409	-0.838770	-0.526671	-0.138139
60895	9.550863	-0.813517	-1.003830	0.061791	-0.011332	-0.016752	-0.147644	-0.024549	0.988736	-0.524785	0.849306	-0.057277	-0.838333	-0.527330	-0.138278
60896	9.442561	-0.691749	-1.294003	0.028009	-0.023117	-0.022130	-0.147696	-0.024884	0.988720	-0.525064	0.849148	-0.057063	-0.838149	-0.527569	-0.138481
60897	9.365870	-0.365753	-1.227427	0.021076	-0.026199	-0.024408	-0.147799	-0.025282	0.988694	-0.525327	0.849001	-0.056821	-0.837966	-0.527786	-0.138763
60898	9.648713	-0.407755	-1.404835	-0.045582	-0.032741	-0.036120	-0.147858	-0.025787	0.988672	-0.525010	0.849228	-0.056366	-0.838154	-0.527397	-0.139103
60899	9.996343	-0.398963	-1.623213	-0.004107	-0.024864	-0.036657	-0.147845	-0.026354	0.988659	-0.525233	0.849120	-0.055910	-0.838017	-0.527543	-0.139380
60900	10.126312	-0.387860	-1.641445	0.036463	-0.010652	-0.018680	-0.147810	-0.026595	0.988658	-0.525578	0.848917	-0.055741	-0.837806	-0.527856	-0.139456
60901	9.853758	-0.305837	-1.653697	0.061495	0.004255	-0.009128	-0.147660	-0.026676	0.988678	-0.526104	0.848595	-0.055677	-0.837503	-0.528369	-0.139338
60902	9.965022	-0.471397	-1.910491	0.069774	0.034083	-0.010360	-0.147294	-0.026610	0.988735	-0.526716	0.848219	-0.055637	-0.837183	-0.528977	-0.138953
60903	9.747277	-0.913620	-1.980445	0.213634	0.118622	0.036712	-0.146381	-0.025711	0.988894	-0.528475	0.847086	-0.056203	-0.836234	-0.530833	-0.137585
60904	8.803115	-0.534339	-0.434846	0.254759	0.086611	0.058631	-0.145941	-0.024780	0.988983	-0.530530	0.845741	-0.057098	-0.835009	-0.533018	-0.136575
60905	9.268490	-0.505076	-0.975488	-0.113213	0.034907	0.027181	-0.145685	-0.024353	0.989031	-0.529466	0.846404	-0.057150	-0.835728	-0.531984	-0.136203
60906	9.671031	-0.863161	-1.015660	-0.055682	0.001489	0.003637	-0.145666	-0.024340	0.989034	-0.529007	0.846696	-0.057075	-0.836022	-0.531520	-0.136211
60907	9.771716	-1.090900	-0.988013	-0.026971	-0.024018	-0.009164	-0.145765	-0.024592	0.989014	-0.528836	0.846816	-0.056886	-0.836113	-0.531318	-0.136441
60908	9.722467	-1.311234	-1.352177	0.081531	-0.048518	-0.023112	-0.146021	-0.025072	0.988964	-0.529563	0.846371	-0.056734	-0.835608	-0.532003	-0.136865
60909	9.632829	-1.017735	-1.403568	0.326735	-0.069542	-0.029235	-0.146331	-0.025700	0.988902	-0.532311	0.844640	-0.056817	-0.833806	-0.534717	-0.137277
60910	9.638449	-0.646766	-1.311191	0.406987	-0.064659	-0.029988	-0.146682	-0.026325	0.988833	-0.535755	0.842444	-0.057045	-0.831535	-0.538140	-0.137675
60911	9.801936	-0.338404	-1.522670	0.375609	-0.061682	-0.022052	-0.147101	-0.026860	0.988757	-0.538889	0.840423	-0.057342	-0.829434	-0.541265	-0.138102
60912	9.895363	0.000493	-1.549960	0.275579	-0.051636	-0.016020	-0.147416	-0.027301	0.988698	-0.541207	0.838919	-0.057530	-0.827867	-0.543571	-0.138445
60913	9.845769	0.023249	-1.743710	0.113347	-0.043413	-0.002922	-0.147787	-0.027527	0.988636	-0.542017	0.838386	-0.057680	-0.827271	-0.544382	-0.138822
60914	9.815612	0.013926	-1.731594	0.006823	-0.035500	0.004407	-0.148077	-0.027709	0.988588	-0.542078	0.838345	-0.057698	-0.827179	-0.544436	-0.139160
60915	9.831911	-0.083767	-1.864887	-0.078031	-0.018782	0.015312	-0.148254	-0.027732	0.988560	-0.541449	0.838753	-0.057671	-0.827559	-0.543805	-0.139364
60916	9.626161	-0.093036	-1.653646	-0.073775	-0.014238	0.019993	-0.148453	-0.027668	0.988532	-0.540821	0.839154	-0.057731	-0.827934	-0.543189	-0.139538
60917	9.627357	-0.062250	-1.487096	-0.085219	-0.011978	0.030713	-0.148688	-0.027526	0.988501	-0.540096	0.839612	-0.057861	-0.828364	-0.542489	-0.139707
60918	9.723214	-0.130673	-1.345002	-0.079789	-0.004630	0.050175	-0.148971	-0.027155	0.988469	-0.539372	0.840053	-0.058210	-0.828786	-0.541824	-0.139790
60919	9.465429	-0.299319	-1.010555	-0.044719	-0.004651	0.053712	-0.149240	-0.026782	0.988438	-0.538952	0.840295	-0.058606	-0.829010	-0.541467	-0.139840
60920	9.420089	-0.468524	-0.732392	-0.029048	-0.026820	0.057819	-0.149746	-0.026467	0.988370	-0.538636	0.840463	-0.059101	-0.829124	-0.541222	-0.140113
60921	9.575898	-0.410307	-0.490205	0.001897	-0.045302	0.055416	-0.150346	-0.026299	0.988284	-0.538603	0.840451	-0.059571	-0.829037	-0.541249	-0.140523
60922	9.837521	-0.140009	-0.393334	-0.047843	-0.054312	0.056571	-0.151073	-0.026143	0.988177	-0.538133	0.840720	-0.060028	-0.829210	-0.540839	-0.141079
60923	9.869550	-0.184072	-0.694246	-0.152314	-0.068597	0.060279	-0.151971	-0.026064	0.988041	-0.536814	0.841538	-0.060369	-0.829901	-0.539569	-0.141881
60924	9.837834	-0.236732	-0.820364	-0.170964	-0.079602	0.062963	-0.152943	-0.025988	0.987893	-0.535310	0.842471	-0.060712	-0.830693	-0.538115	-0.142762
60925	9.833154	-0.393554	-1.099098	-0.192697	-0.088897	0.069649	-0.153996	-0.025964	0.987730	-0.533708	0.843463	-0.061038	-0.831529	-0.536559	-0.143747
60926	9.729587	-0.365253	-1.241257	-0.048129	-0.097648	0.085080	-0.155235	-0.025796	0.987541	-0.533188	0.843738	-0.061774	-0.831633	-0.536134	-0.144732
60927	9.689051	-0.089589	-1.178698	-0.013697	-0.115710	0.098396	-0.156699	-0.025649	0.987313	-0.532974	0.843808	-0.062668	-0.831495	-0.536033	-0.145894
60928	9.751458	-0.034197	-1.298998	-0.024931	-0.122592	0.125195	-0.158358	-0.025276	0.987058	-0.532582	0.843968	-0.063833	-0.831432	-0.535798	-0.147111
60929	9.701827	-0.144006	-1.299678	-0.031264	-0.125144	0.136479	-0.160058	-0.024833	0.986795	-0.532112	0.844170	-0.065064	-0.831408	-0.535499	-0.148331
60930	9.722336	-0.454843	-1.566749	-0.091862	-0.120833	0.143878	-0.161801	-0.024291	0.986524	-0.531128	0.844692	-0.066312	-0.831699	-0.534701	-0.149574
60931	9.528131	-0.919654	-1.745338	0.004568	-0.125392	0.144971	-0.163662	-0.023744	0.986231	-0.530853	0.844751	-0.067756	-0.831511	-0.534632	-0.150858
60932	9.422076	-0.944510	-1.543844	0.135404	-0.133686	0.150190	-0.165544	-0.023217	0.985929	-0.531743	0.844057	-0.069407	-0.830569	-0.535751	-0.152074
60933	9.366747	-0.636214	-1.418010	0.170662	-0.136730	0.149149	-0.167360	-0.022718	0.985634	-0.532902	0.843189	-0.071051	-0.829461	-0.537138	-0.153223
60934	9.470606	-0.621236	-1.442235	0.160286	-0.147049	0.143082	-0.169315	-0.022329	0.985309	-0.534002	0.842354	-0.072673	-0.828356	-0.538462	-0.154547
60935	9.708808	-0.722519	-1.463747	0.178765	-0.149691	0.140377	-0.171252	-0.021941	0.984983	-0.535142	0.841489	-0.074297	-0.827222	-0.539829	-0.155848
60936	9.842557	-0.799063	-1.405879	0.215177	-0.153081	0.142883	-0.173256	-0.021593	0.984640	-0.536686	0.840352	-0.076006	-0.825803	-0.541611	-0.157184
60937	9.798370	-0.644685	-1.304723	0.218616	-0.151044	0.139418	-0.175289	-0.021268	0.984287	-0.538216	0.839216	-0.077716	-0.824377	-0.543382	-0.158552
60938	9.790696	-0.530414	-1.374901	0.232201	-0.150540	0.129765	-0.177201	-0.021025	0.983950	-0.539912	0.837975	-0.079328	-0.822857	-0.545304	-0.159842
60939	9.739834	-0.480221	-1.264392	0.212783	-0.146830	0.136890	-0.179147	-0.020755	0.983603	-0.541477	0.836808	-0.080963	-0.821407	-0.547103	-0.161150
60940	9.588846	-0.599339	-1.582902	0.168439	-0.147658	0.140785	-0.181095	-0.020412	0.983254	-0.542618	0.835910	-0.082586	-0.820226	-0.548487	-0.162455
60941	9.456725	-0.539512	-1.609785	0.186126	-0.148056	0.147342	-0.183128	-0.020104	0.982884	-0.543996	0.834845	-0.084280	-0.818861	-0.550119	-0.163819
60942	9.544266	-0.747121	-1.936860	0.080176	-0.139600	0.146230	-0.185039	-0.019678	0.982534	-0.544396	0.834428	-0.085814	-0.818165	-0.550766	-0.165114
60943	9.758225	-1.111694	-2.215634	0.034233	-0.125403	0.139110	-0.186841	-0.019203	0.982203	-0.544334	0.834321	-0.087235	-0.817797	-0.550945	-0.166338
60944	9.640436	-1.375598	-2.211089	0.123920	-0.121546	0.131845	-0.188525	-0.018800	0.981888	-0.545112	0.833658	-0.088701	-0.816891	-0.551961	-0.167414
60945	9.226364	-1.010636	-1.923305	0.169932	-0.116093	0.148478	-0.190260	-0.018228	0.981564	-0.546182	0.832774	-0.090404	-0.815774	-0.553313	-0.168399
60946	9.182661	-0.633274	-1.768733	0.116183	-0.117498	0.149521	-0.192009	-0.017659	0.981234	-0.546856	0.832153	-0.092033	-0.814912	-0.554265	-0.169438
60947	9.300091	-0.554685	-1.814027	0.016791	-0.106051	0.144189	-0.193708	-0.017108	0.980910	-0.546737	0.832073	-0.093456	-0.814589	-0.554403	-0.170533
60948	9.518430	-0.789435	-2.024166	-0.060148	-0.093728	0.144280	-0.195233	-0.016452	0.980619	-0.545979	0.832426	-0.094734	-0.814734	-0.553893	-0.171500
60949	9.734966	-1.123280	-2.309967	-0.014657	-0.082513	0.152317	-0.196806	-0.015691	0.980317	-0.545551	0.832539	-0.096197	-0.814642	-0.553745	-0.172409
60950	9.893109	-1.163433	-2.398359	0.112659	-0.062803	0.168618	-0.198211	-0.014662	0.980050	-0.546148	0.831935	-0.098010	-0.813901	-0.554679	-0.172906
60951	10.067247	-0.770945	-2.666362	0.160734	-0.027285	0.182020	-0.199433	-0.013350	0.979821	-0.547096	0.831071	-0.100033	-0.812965	-0.556006	-0.173047
60952	10.153645	-0.589137	-2.887631	0.153385	0.012676	0.194792	-0.200370	-0.011687	0.979651	-0.547966	0.830237	-0.102172	-0.812148	-0.557288	-0.172759
60953	10.002479	-0.501467	-2.923563	0.120864	0.058514	0.204977	-0.201044	-0.009657	0.979535	-0.548433	0.829654	-0.104383	-0.811667	-0.558195	-0.172093
60954	9.960322	-0.806833	-2.783472	0.114607	0.082592	0.213899	-0.201521	-0.007447	0.979456	-0.548945	0.829028	-0.106641	-0.811202	-0.559158	-0.171154
60955	9.796135	-1.307169	-2.468487	0.128663	0.099932	0.216319	-0.201970	-0.005051	0.979379	-0.549361	0.828443	-0.109018	-0.810808	-0.560051	-0.170096
60956	9.593601	-1.473923	-1.844607	0.200624	0.110986	0.228596	-0.202302	-0.002562	0.979320	-0.550538	0.827322	-0.111562	-0.809927	-0.561722	-0.168779
60957	9.343660	-1.918296	-1.086509	0.183606	0.101158	0.219913	-0.202604	-0.000215	0.979261	-0.551546	0.826327	-0.113931	-0.809165	-0.563190	-0.167536
60958	9.447013	-2.343074	-0.652988	0.271212	0.065890	0.182213	-0.203052	0.001636	0.979167	-0.553382	0.824792	-0.116134	-0.807799	-0.565434	-0.166570
60959	9.426681	-1.449535	0.210962	0.349253	0.039226	0.174153	-0.203718	0.003179	0.979024	-0.555940	0.822753	-0.118353	-0.805872	-0.568390	-0.165843
60960	9.361972	-0.539333	0.256722	0.171155	-0.011706	0.180757	-0.204792	0.004573	0.978795	-0.556962	0.821769	-0.120372	-0.804893	-0.569803	-0.165745
60961	9.646369	-0.251992	0.082578	-0.052357	-0.048500	0.177576	-0.206168	0.005665	0.978500	-0.556248	0.822019	-0.121959	-0.805036	-0.569433	-0.166323
60962	9.854088	-0.563777	-0.362876	-0.250833	-0.070679	0.177757	-0.207698	0.006700	0.978170	-0.553872	0.823430	-0.123246	-0.806280	-0.567379	-0.167313
60963	9.948988	-1.116438	-0.668634	-0.245101	-0.104674	0.181643	-0.209524	0.007504	0.977775	-0.551605	0.824757	-0.124532	-0.807361	-0.565438	-0.168667
60964	9.998150	-1.388304	-0.299379	-0.083345	-0.168447	0.177898	-0.211838	0.007994	0.977272	-0.550570	0.825210	-0.126095	-0.807463	-0.564769	-0.170410
60965	9.907558	-1.270795	0.612820	0.038696	-0.256212	0.165885	-0.214826	0.007823	0.976621	-0.550614	0.824931	-0.127726	-0.806644	-0.565180	-0.172910
60966	9.732218	-0.907961	1.891565	0.072298	-0.356965	0.174852	-0.218640	0.007220	0.975779	-0.550831	0.824505	-0.129524	-0.805470	-0.565808	-0.176293
60967	9.476765	-0.634829	3.214009	-0.058205	-0.483708	0.169622	-0.223415	0.005856	0.974706	-0.550008	0.824818	-0.131024	-0.804722	-0.565368	-0.181056
60968	9.367736	-0.785225	4.161772	-0.295862	-0.645497	0.140509	-0.229355	0.003348	0.973337	-0.547322	0.826477	-0.131813	-0.804882	-0.562961	-0.187724
60969	9.317735	-1.057740	4.250998	-0.526231	-0.820546	0.107654	-0.236442	-0.000443	0.971646	-0.542967	0.829354	-0.131748	-0.805780	-0.558723	-0.196335
60970	9.536440	-2.112452	3.859818	-0.678841	-0.986237	0.056568	-0.244675	-0.005482	0.969590	-0.537371	0.833126	-0.130895	-0.807073	-0.553056	-0.206791
60971	9.932096	-4.077873	3.028066	-0.462810	-1.150409	-0.041536	-0.253786	-0.012220	0.967183	-0.533852	0.835599	-0.129524	-0.806594	-0.549204	-0.218587
60972	10.394557	-4.201925	2.800385	0.231093	-1.320015	-0.138847	-0.263634	-0.020667	0.964401	-0.536085	0.834300	-0.128668	-0.801941	-0.550923	-0.231029
60973	10.853298	-2.585771	2.614495	0.662507	-1.496889	-0.215560	-0.274439	-0.030798	0.961111	-0.542123	0.830464	-0.128188	-0.794221	-0.556220	-0.244608
60974	11.801600	-1.232887	2.429035	0.746082	-1.644684	-0.267302	-0.285947	-0.042232	0.957314	-0.548781	0.826190	-0.127471	-0.785541	-0.561806	-0.259423
60975	12.880840	-0.948579	2.031766	0.532876	-1.746328	-0.284300	-0.297970	-0.054452	0.953021	-0.553980	0.822911	-0.126188	-0.777381	-0.565554	-0.275368
60976	13.706270	-1.164972	1.063855	0.404488	-1.806510	-0.301483	-0.310242	-0.067192	0.948280	-0.558042	0.820429	-0.124437	-0.769636	-0.567786	-0.292027
60977	14.246012	-1.690696	0.556839	0.468278	-1.860845	-0.300294	-0.322757	-0.080247	0.943074	-0.562766	0.817407	-0.123047	-0.761001	-0.570444	-0.308984
60978	14.492991	-1.596496	-0.094962	0.530204	-1.911062	-0.288175	-0.335557	-0.093550	0.937363	-0.567743	0.814117	-0.121990	-0.751711	-0.573116	-0.326295
60979	14.513987	-1.104221	-0.868648	0.635932	-1.907958	-0.279403	-0.348239	-0.106851	0.931296	-0.573670	0.810014	-0.121576	-0.741372	-0.576594	-0.343375
60980	13.713751	-0.286720	-1.456390	0.602681	-1.889462	-0.277215	-0.360527	-0.120037	0.924993	-0.579109	0.806207	-0.121093	-0.731200	-0.579328	-0.360174
60981	12.500756	0.346951	-2.716935	0.279349	-1.865758	-0.284649	-0.372410	-0.133099	0.918475	-0.582336	0.804103	-0.119592	-0.722631	-0.579398	-0.376964
60982	11.386725	1.031832	-4.247023	0.012926	-1.785255	-0.322281	-0.383345	-0.146038	0.911987	-0.583667	0.803569	-0.116662	-0.715807	-0.577018	-0.393281
60983	10.722257	1.066228	-5.899652	-0.330653	-1.635606	-0.443456	-0.392459	-0.159076	0.905909	-0.583244	0.804624	-0.111383	-0.711198	-0.572079	-0.408562
60984	10.597085	0.533138	-6.917376	-0.216285	-1.390014	-0.559133	-0.399026	-0.171525	0.900754	-0.583943	0.804922	-0.105406	-0.706957	-0.568049	-0.421346
60985	9.991675	0.622265	-6.275819	0.063078	-1.141589	-0.644218	-0.403408	-0.183286	0.896475	-0.587167	0.803266	-0.099992	-0.701781	-0.566718	-0.431664
60986	9.089230	0.490387	-6.288977	0.218664	-0.943384	-0.650985	-0.406143	-0.193879	0.893005	-0.591352	0.800787	-0.095092	-0.696671	-0.566701	-0.439885
60987	8.323547	0.278965	-6.434423	0.263644	-0.802690	-0.616918	-0.408183	-0.203591	0.889909	-0.595938	0.797880	-0.090807	-0.691553	-0.567396	-0.447008
60988	7.407027	-0.356230	-7.034983	0.416223	-0.657114	-0.519611	-0.409575	-0.211488	0.887424	-0.600951	0.794423	-0.088035	-0.686372	-0.569355	-0.452470
60989	6.324524	-0.302442	-7.069282	0.543444	-0.573722	-0.457921	-0.410852	-0.218461	0.885141	-0.606658	0.790237	-0.086551	-0.680564	-0.572538	-0.457202
60990	5.438908	-0.615989	-7.679525	0.560138	-0.491706	-0.441199	-0.411471	-0.224787	0.883268	-0.612290	0.786030	-0.085196	-0.675124	-0.575872	-0.461063
60991	5.489338	-0.231053	-7.737768	0.809468	-0.386791	-0.408890	-0.411624	-0.230423	0.881743	-0.619587	0.780275	-0.085335	-0.668340	-0.581443	-0.463947
60992	6.003975	0.937807	-6.713108	1.018422	-0.256599	-0.355949	-0.411084	-0.234714	0.880863	-0.627842	0.773474	-0.086904	-0.660927	-0.588767	-0.465326
60993	6.751202	2.483803	-5.089759	0.854844	-0.104714	-0.302938	-0.409976	-0.237872	0.880532	-0.634870	0.767564	-0.088241	-0.654874	-0.595200	-0.465700
60994	6.737873	3.637033	-4.483777	0.221815	0.124639	-0.292803	-0.407272	-0.239398	0.881373	-0.637539	0.765528	-0.086667	-0.653967	-0.597207	-0.464403
60995	5.772330	3.924400	-3.956487	-0.535543	0.375442	-0.361969	-0.402535	-0.240221	0.883323	-0.635650	0.767729	-0.080883	-0.658722	-0.594042	-0.461734
60996	4.724420	3.935344	-2.770493	-1.276131	0.601667	-0.469757	-0.395544	-0.240319	0.886449	-0.629072	0.774113	-0.070835	-0.669188	-0.585659	-0.457374
60997	5.117012	3.931094	-2.765440	-2.269035	0.792950	-0.511626	-0.387119	-0.239912	0.890270	-0.615765	0.785940	-0.055958	-0.686274	-0.569860	-0.451982
60998	5.895313	3.265338	-3.173936	-2.946983	1.015127	-0.462365	-0.377213	-0.237929	0.895042	-0.597007	0.801307	-0.038595	-0.708020	-0.548905	-0.444309
60999	6.625876	2.463783	-3.681304	-3.463526	1.241610	-0.371857	-0.366124	-0.234372	0.900568	-0.573461	0.818989	-0.019998	-0.732868	-0.523762	-0.434255
61000	7.157041	1.365671	-4.512740	-3.797191	1.439139	-0.245817	-0.353987	-0.229100	0.906756	-0.546032	0.837763	-0.001497	-0.759303	-0.495648	-0.421653
61001	7.603946	-0.084530	-5.252150	-3.739338	1.637070	-0.105609	-0.340815	-0.222298	0.913471	-0.517570	0.855508	0.015088	-0.784835	-0.467643	-0.406624
61002	7.479350	-1.925731	-5.556452	-3.380354	1.807291	0.039455	-0.326599	-0.213762	0.920673	-0.490535	0.870965	0.028209	-0.807904	-0.442410	-0.389314
61003	7.215380	-3.747762	-5.689070	-2.605388	1.873726	0.172725	-0.312146	-0.204249	0.927819	-0.468698	0.882600	0.036610	-0.826370	-0.423439	-0.371231
61004	7.125424	-4.352195	-5.404331	-1.471893	1.883686	0.275163	-0.297713	-0.193952	0.934746	-0.455622	0.889300	0.039408	-0.838913	-0.414159	-0.353126
61005	7.334434	-3.432036	-5.035705	-0.441174	1.884774	0.315521	-0.283234	-0.183532	0.941326	-0.451030	0.891693	0.038146	-0.846375	-0.413762	-0.335336
61006	7.995052	-2.035861	-4.937961	0.311278	1.890196	0.325599	-0.268652	-0.172781	0.947614	-0.452791	0.890965	0.034084	-0.850180	-0.419914	-0.317593
61007	8.492366	-1.277994	-4.155679	0.901245	1.919028	0.300310	-0.253740	-0.162013	0.953608	-0.459709	0.887613	0.028480	-0.851048	-0.431156	-0.299702
61008	8.646146	-0.913048	-3.481159	1.184370	1.935441	0.229397	-0.238322	-0.151537	0.959291	-0.469238	0.882775	0.022875	-0.850305	-0.444684	-0.281492
61009	8.766139	-0.541371	-3.085054	1.331853	1.951591	0.157326	-0.222451	-0.141338	0.964645	-0.480189	0.876985	0.017761	-0.848489	-0.459261	-0.262955
61010	8.806586	0.002124	-2.795666	1.420858	1.975554	0.072759	-0.206048	-0.131509	0.969665	-0.492087	0.870441	0.013486	-0.845810	-0.474381	-0.244067
61011	8.979226	0.795665	-2.661421	1.319812	1.989303	0.014692	-0.189339	-0.121911	0.974314	-0.503267	0.864069	0.010317	-0.843133	-0.488387	-0.224956
61012	9.229116	1.375306	-2.687174	1.069959	2.016443	-0.016626	-0.172251	-0.112119	0.978652	-0.512325	0.858753	0.008209	-0.841340	-0.499973	-0.205362
61013	9.246178	1.521514	-2.640159	0.783362	2.049600	-0.040505	-0.154696	-0.102234	0.982658	-0.519013	0.854736	0.007219	-0.840651	-0.508896	-0.185285
61014	9.510153	1.565250	-2.706968	0.414373	2.057911	-0.042043	-0.137147	-0.092092	0.986260	-0.522574	0.852566	0.006941	-0.841491	-0.514442	-0.165052
61015	9.582286	0.738769	-2.495910	0.048491	2.076291	-0.024585	-0.119537	-0.081538	0.989476	-0.522963	0.852326	0.007058	-0.843931	-0.516616	-0.144526
61016	9.494465	-0.763745	-2.147187	-0.112085	2.062270	-0.048002	-0.101831	-0.071315	0.992242	-0.522082	0.852861	0.007718	-0.846795	-0.517246	-0.124080
61017	9.671864	-1.854498	-1.619094	-0.057399	2.016354	-0.066301	-0.084260	-0.061563	0.994540	-0.521669	0.853105	0.008611	-0.848977	-0.518095	-0.103998
61018	9.730011	-2.202187	-1.257229	0.154925	1.945656	-0.107130	-0.067154	-0.052401	0.996366	-0.523077	0.852232	0.009566	-0.849636	-0.520534	-0.084641
61019	9.919103	-1.914392	-1.017455	0.374913	1.847529	-0.154971	-0.050618	-0.044141	0.997742	-0.526371	0.850185	0.010909	-0.848747	-0.524630	-0.066269
61020	9.940568	-1.260508	-0.993537	0.552238	1.752186	-0.192661	-0.034725	-0.036565	0.998728	-0.531145	0.847188	0.012550	-0.846569	-0.530033	-0.048840
61021	9.884411	-0.543420	-0.650733	0.601307	1.651033	-0.227131	-0.019470	-0.029751	0.999368	-0.536307	0.843896	0.014674	-0.843799	-0.535682	-0.032387
61022	9.573435	-0.039131	-0.534477	0.564424	1.539605	-0.257807	-0.005090	-0.023665	0.999707	-0.541102	0.840782	0.017147	-0.840941	-0.540856	-0.017085
61023	9.016569	0.672486	-0.884363	0.485899	1.384916	-0.288006	0.008269	-0.018625	0.999792	-0.545184	0.838075	0.020121	-0.838275	-0.545238	-0.003224
61024	8.792371	1.379009	-0.766777	0.370076	1.189745	-0.289214	0.019832	-0.014568	0.999697	-0.548250	0.835996	0.023058	-0.836079	-0.548541	0.008593
61025	8.528293	1.772571	-0.845736	0.084582	1.030811	-0.279625	0.030187	-0.011388	0.999479	-0.548945	0.835451	0.026099	-0.835313	-0.549447	0.018969
61026	8.247188	1.648800	-1.325306	-0.257015	0.860880	-0.243323	0.038738	-0.008730	0.999211	-0.546721	0.836830	0.028507	-0.836419	-0.547394	0.027645
61027	8.073186	1.396104	-1.442674	-0.421592	0.715120	-0.225443	0.046099	-0.006770	0.998914	-0.543072	0.839123	0.030749	-0.838420	-0.543900	0.035006
61028	8.065054	1.507282	-2.246552	-0.681577	0.580464	-0.211350	0.052138	-0.005436	0.998625	-0.537249	0.842792	0.032638	-0.841811	-0.538212	0.041021
61029	8.195781	1.785081	-2.721979	-0.785492	0.464787	-0.160949	0.057051	-0.004381	0.998362	-0.530502	0.847000	0.034032	-0.845762	-0.531574	0.045998
61030	8.342717	1.704611	-2.847931	-0.913838	0.330477	-0.111862	0.060464	-0.003617	0.998164	-0.522693	0.851813	0.034749	-0.850374	-0.523834	0.049614
61031	8.715028	1.301471	-3.244286	-0.954831	0.168437	-0.038171	0.062187	-0.003149	0.998060	-0.514459	0.856810	0.034759	-0.855257	-0.515623	0.051662
61032	8.668323	0.635253	-3.095908	-0.849060	0.060862	0.011773	0.062669	-0.002767	0.998031	-0.507193	0.861152	0.034235	-0.859551	-0.508340	0.052565
61033	8.449016	0.552614	-2.811659	-0.661836	-0.037000	-0.028951	0.062625	-0.003331	0.998032	-0.501416	0.864524	0.034348	-0.862937	-0.502580	0.052471
61034	7.110656	1.275675	-4.387471	-0.928685	-0.149747	0.027402	0.061214	-0.003870	0.998117	-0.493403	0.869150	0.033630	-0.867644	-0.494533	0.051294
61035	6.667342	1.098793	-4.509935	-0.796304	-0.140746	0.045597	0.059852	-0.004299	0.998198	-0.486459	0.873083	0.032928	-0.871651	-0.487553	0.050164
61036	7.545095	-0.401301	-3.245586	-0.765613	-0.109156	-0.006870	0.058951	-0.004919	0.998249	-0.479773	0.876785	0.032653	-0.875410	-0.480858	0.049328
61037	9.351977	-2.215462	-0.948899	-0.383857	0.031862	-0.004691	0.059375	-0.004953	0.998223	-0.476318	0.878665	0.032692	-0.877266	-0.477413	0.049811
61038	12.153987	-3.848123	5.518520	0.287879	0.226702	0.017980	0.061296	-0.003741	0.998113	-0.478858	0.877283	0.032696	-0.875750	-0.479959	0.051982
61039	17.584062	-5.246019	7.178622	-0.430880	0.450422	0.290655	0.063968	0.000845	0.997952	-0.475210	0.879370	0.029716	-0.877544	-0.476138	0.056653
61040	16.568243	-3.939841	6.241170	-1.103163	0.645418	0.575922	0.066957	0.008935	0.997716	-0.465886	0.884537	0.023344	-0.882308	-0.466385	0.063389
61041	11.749293	-2.593414	4.359331	-2.092868	0.491799	0.554760	0.068885	0.016058	0.997495	-0.447689	0.894037	0.016524	-0.891532	-0.447706	0.068774
61042	10.096752	-5.029426	1.617523	-2.856163	0.214727	0.338311	0.069359	0.020005	0.997391	-0.422287	0.906393	0.011186	-0.903805	-0.421961	0.071314
61043	9.924814	-8.134252	2.421326	-2.419668	-0.033449	0.075261	0.068817	0.020527	0.997418	-0.400371	0.916311	0.008766	-0.913766	-0.399940	0.071277
61044	11.014870	-7.884639	2.085955	-1.596276	-0.265482	-0.179030	0.067103	0.017806	0.997587	-0.385617	0.922610	0.009471	-0.920216	-0.385322	0.068777
61045	11.505611	-4.590616	0.439362	-0.531051	-0.445255	-0.312892	0.064269	0.013231	0.997845	-0.380659	0.924634	0.012257	-0.922480	-0.380626	0.064461
61046	10.923472	-0.721034	0.094499	0.115435	-0.560267	-0.346442	0.060437	0.007860	0.998141	-0.381514	0.924228	0.015823	-0.922385	-0.381761	0.058856
61047	10.165874	2.228658	0.821610	0.244121	-0.590036	-0.317310	0.056293	0.002712	0.998411	-0.383707	0.923257	0.019127	-0.921738	-0.384174	0.053013
61048	9.474562	3.427100	0.782439	0.151732	-0.545562	-0.277904	0.052350	-0.001986	0.998627	-0.384961	0.922670	0.022015	-0.921447	-0.385585	0.047537
61049	8.803824	4.208926	0.237759	0.201274	-0.501585	-0.269435	0.048782	-0.006394	0.998789	-0.386823	0.921821	0.024794	-0.920863	-0.387564	0.042495
61050	8.471375	4.335225	-0.622756	0.133472	-0.481331	-0.267752	0.045404	-0.010762	0.998911	-0.387933	0.921275	0.027559	-0.920569	-0.388762	0.037655
61051	8.892706	3.480156	-0.870397	-0.075420	-0.465034	-0.284427	0.042261	-0.015192	0.998991	-0.387191	0.921498	0.030393	-0.921031	-0.388085	0.033061
61052	10.041965	1.979283	-0.870236	-0.368879	-0.452502	-0.281386	0.039191	-0.019568	0.999040	-0.383683	0.922870	0.033127	-0.922633	-0.384613	0.028660
61053	10.738023	0.636703	-0.589674	-0.687944	-0.443697	-0.268740	0.036127	-0.023765	0.999065	-0.377288	0.925409	0.035656	-0.925391	-0.378223	0.024466
61054	10.473080	-1.021255	-0.594122	-0.997692	-0.433788	-0.252010	0.033060	-0.027756	0.999068	-0.367956	0.929067	0.037987	-0.929255	-0.368869	0.020502
61055	9.862215	-2.328310	-1.065934	-1.236610	-0.428470	-0.286016	0.030142	-0.031992	0.999034	-0.356435	0.933436	0.040646	-0.933834	-0.357316	0.016732
61056	9.811591	-3.366067	-1.343255	-1.072117	-0.431512	-0.344381	0.027329	-0.036767	0.998950	-0.346312	0.937089	0.043964	-0.937721	-0.347150	0.012877
61057	10.179125	-2.863915	-1.622707	-0.565481	-0.445317	-0.373387	0.024445	-0.041809	0.998827	-0.340979	0.938863	0.047644	-0.939753	-0.341743	0.008695
61058	10.549325	-1.273005	-1.448056	-0.021556	-0.435227	-0.361291	0.021602	-0.046721	0.998674	-0.340702	0.938771	0.051288	-0.939923	-0.341358	0.004361
61059	10.309322	0.808330	-1.263962	0.355493	-0.381579	-0.312246	0.019081	-0.050958	0.998519	-0.344003	0.937391	0.054412	-0.938775	-0.344532	0.000357
61060	9.615004	1.988365	-1.107769	0.507620	-0.358173	-0.271424	0.016677	-0.054775	0.998359	-0.348725	0.935481	0.057151	-0.937077	-0.349106	-0.003500
61061	9.768287	2.136008	-1.011765	0.528029	-0.340328	-0.236242	0.014346	-0.058179	0.998203	-0.353718	0.933459	0.059489	-0.935242	-0.353935	-0.007187
61062	10.122570	2.001938	-0.571111	0.529957	-0.259263	-0.194214	0.012632	-0.060947	0.998061	-0.358652	0.931449	0.061418	-0.933386	-0.358732	-0.010093
61063	9.768497	2.595744	-0.792523	0.530275	-0.208783	-0.166117	0.011261	-0.063267	0.997933	-0.363597	0.929422	0.063027	-0.931488	-0.363555	-0.012537
61064	10.047570	3.119534	-1.105733	0.273557	-0.190217	-0.147526	0.010045	-0.065364	0.997811	-0.366137	0.928323	0.064498	-0.930507	-0.365984	-0.014608
61065	10.254113	3.142250	-1.489370	-0.094926	-0.152274	-0.130780	0.009075	-0.067168	0.997700	-0.365298	0.928560	0.065836	-0.930846	-0.365056	-0.016110
61066	10.180839	2.305872	-1.342897	-0.526242	-0.122729	-0.106303	0.008333	-0.068634	0.997607	-0.360395	0.930389	0.067020	-0.932763	-0.360091	-0.016982
61067	10.182441	0.873944	-1.527580	-0.790047	-0.089862	-0.097699	0.007793	-0.069917	0.997522	-0.353016	0.933131	0.068162	-0.935585	-0.352673	-0.017410
61068	9.974748	-0.433744	-1.411913	-0.779066	-0.076217	-0.097821	0.007436	-0.071130	0.997439	-0.345719	0.935775	0.069310	-0.938309	-0.345349	-0.017632
61069	10.032027	-1.449889	-1.179402	-0.623642	-0.076464	-0.109876	0.007047	-0.072472	0.997346	-0.339876	0.937821	0.070548	-0.940444	-0.339471	-0.018023
61070	10.044476	-2.149501	-0.808077	-0.244208	-0.077768	-0.119045	0.006734	-0.073885	0.997244	-0.337579	0.938553	0.071816	-0.941273	-0.337132	-0.018622
61071	9.739917	-1.690379	-0.171616	0.323373	-0.091778	-0.128144	0.006203	-0.075447	0.997130	-0.340643	0.937351	0.073043	-0.940172	-0.340119	-0.019886
61072	9.816849	0.028827	0.197964	0.659865	-0.095773	-0.133623	0.005778	-0.077060	0.997010	-0.346841	0.934978	0.074276	-0.937906	-0.346233	-0.021325
61073	9.638384	1.905035	0.373994	0.730824	-0.088014	-0.137700	0.005456	-0.078655	0.996887	-0.353925	0.932222	0.075490	-0.935258	-0.353235	-0.022752
61074	9.759337	2.720865	0.263748	0.472032	-0.084983	-0.137248	0.005166	-0.080269	0.996760	-0.358339	0.930429	0.076784	-0.933577	-0.357574	-0.023957
61075	9.885168	2.552577	-0.337798	0.176380	-0.057735	-0.120779	0.005084	-0.081607	0.996652	-0.360222	0.929604	0.077954	-0.932853	-0.359413	-0.024670
61076	9.736473	1.927139	-0.442168	0.074547	-0.050486	-0.095261	0.004973	-0.082706	0.996562	-0.360923	0.929250	0.078921	-0.932582	-0.360074	-0.025230
61077	9.794115	1.236622	-0.445162	0.028601	-0.046071	-0.069028	0.004789	-0.083551	0.996492	-0.361194	0.929084	0.079635	-0.932478	-0.360308	-0.025729
61078	9.784559	1.073798	-0.071106	0.063731	-0.050578	-0.043581	0.004491	-0.084171	0.996441	-0.361796	0.928811	0.080089	-0.932246	-0.360868	-0.026282
61079	9.493981	1.274661	0.234839	0.015600	-0.056553	-0.041964	0.004113	-0.084802	0.996389	-0.361989	0.928697	0.080535	-0.932173	-0.361013	-0.026877
61080	9.347195	1.327701	0.571994	-0.081801	-0.088943	-0.054372	0.003496	-0.085660	0.996318	-0.361234	0.928939	0.081135	-0.932469	-0.360188	-0.027695
61081	9.354953	1.009532	1.001904	-0.191238	-0.130722	-0.055128	0.002448	-0.086687	0.996233	-0.359446	0.929576	0.081770	-0.933163	-0.358292	-0.028884
61082	9.259836	0.758882	1.281988	-0.248553	-0.173484	-0.067235	0.001085	-0.087964	0.996123	-0.357135	0.930398	0.082549	-0.934052	-0.355840	-0.030406
61083	9.083264	0.722760	1.563849	-0.248714	-0.232922	-0.093329	-0.000746	-0.089688	0.995970	-0.354889	0.931165	0.083586	-0.934908	-0.353396	-0.032524
61084	8.950155	0.644131	1.723513	-0.207843	-0.299268	-0.121229	-0.003101	-0.091904	0.995763	-0.352957	0.931780	0.084900	-0.935634	-0.351199	-0.035327
61085	8.975199	0.784535	1.937963	-0.146199	-0.368170	-0.140805	-0.006114	-0.094559	0.995501	-0.351526	0.932184	0.086386	-0.936158	-0.349416	-0.038939
61086	8.982764	1.025040	2.001357	-0.140960	-0.444271	-0.157779	-0.009705	-0.097611	0.995177	-0.350229	0.932516	0.088050	-0.936614	-0.347686	-0.043236
61087	9.164570	1.079830	1.658239	-0.210267	-0.530787	-0.170185	-0.014151	-0.101091	0.994777	-0.348174	0.933112	0.089872	-0.937323	-0.345083	-0.048402
61088	9.592584	0.844549	0.970661	-0.305652	-0.579803	-0.165928	-0.018998	-0.104664	0.994326	-0.345346	0.933983	0.091714	-0.938283	-0.341644	-0.053889
61089	10.065561	0.142980	-0.126931	-0.233434	-0.608972	-0.150857	-0.024134	-0.108162	0.993840	-0.343267	0.934585	0.093378	-0.938928	-0.338899	-0.059684
61090	10.185521	0.418606	-0.808842	0.008192	-0.606360	-0.130285	-0.029364	-0.111466	0.993334	-0.343390	0.934406	0.094702	-0.938734	-0.338320	-0.065714
61091	10.000604	1.353111	-1.421547	0.161954	-0.568759	-0.119273	-0.034313	-0.114539	0.992826	-0.344910	0.933734	0.095801	-0.938009	-0.339148	-0.071545
61092	9.689761	1.706515	-1.943461	0.046598	-0.537754	-0.098235	-0.039002	-0.117312	0.992329	-0.345394	0.933454	0.096777	-0.937647	-0.338970	-0.076926
