// General information: 
//  MT Manager version: 2022.2.0 
//  XDA version: 2022.2.0 build 7381 rev 124627 built on 2023-07-19
// Device information: 
//  DeviceId: 00B4CBA7
//  ProductCode: MTW2-3A7G6
//  Firmware Version: 4.6.0
//  Hardware Version: 2.0.0
// Device settings: 
//  Filter Profile: human(46.1)
//  Option Flags: Orientation Smoother Disabled, Position/Velocity Smoother Disabled, Continuous Zero Rotation Update Disabled, AHS Disabled, ICC Disabled
// Coordinate system: ENU
PacketCounter	Acc_X	Acc_Y	Acc_Z	Gyr_X	Gyr_Y	Gyr_Z	Mat[1][1]	Mat[2][1]	Mat[3][1]	Mat[1][2]	Mat[2][2]	Mat[3][2]	Mat[1][3]	Mat[2][3]	Mat[3][3]
36576	8.746217	0.250408	-5.188022	0.382238	-0.606318	-0.089717	0.548245	0.188552	0.814786	0.307811	-0.951358	0.013039	0.777612	0.243652	-0.579615
36577	8.719852	0.174816	-5.292414	0.390820	-0.626730	-0.099678	0.552791	0.191056	0.811123	0.311376	-0.950216	0.011612	0.772960	0.246145	-0.584761
36578	8.499150	0.171574	-5.490998	0.426539	-0.637808	-0.104469	0.557360	0.193661	0.807369	0.315261	-0.948953	0.009984	0.768089	0.248967	-0.589962
36579	8.337931	0.228478	-5.666274	0.448458	-0.656320	-0.116640	0.562007	0.196440	0.803467	0.319350	-0.947600	0.008301	0.762997	0.251923	-0.595291
36580	8.179926	0.177275	-5.821543	0.444409	-0.663234	-0.134445	0.566600	0.199427	0.799496	0.323507	-0.946202	0.006753	0.757831	0.254816	-0.600634
36581	7.933221	0.182620	-6.059492	0.454265	-0.668755	-0.150319	0.571150	0.202594	0.795452	0.327799	-0.944733	0.005248	0.752552	0.257751	-0.605994
36582	7.909266	0.339184	-6.206568	0.469924	-0.665300	-0.160633	0.575591	0.205868	0.791400	0.332263	-0.943180	0.003694	0.747192	0.260827	-0.611288
36583	7.614390	0.234167	-6.288464	0.475764	-0.659424	-0.178698	0.579893	0.209311	0.787345	0.336837	-0.941560	0.002222	0.741798	0.263919	-0.616508
36584	7.648125	0.288310	-6.352436	0.453927	-0.655790	-0.189162	0.584081	0.212863	0.783287	0.341312	-0.939950	0.000928	0.736448	0.266803	-0.621659
36585	7.564222	0.364108	-6.441854	0.433887	-0.631801	-0.194079	0.588038	0.216414	0.779343	0.345644	-0.938366	-0.000226	0.731260	0.269508	-0.626597
36586	7.497543	0.391967	-6.549560	0.439115	-0.600337	-0.194574	0.591717	0.219898	0.775574	0.350011	-0.936745	-0.001444	0.726198	0.272314	-0.631255
36587	7.477913	0.543120	-6.559610	0.461688	-0.574355	-0.200682	0.595151	0.223389	0.771941	0.354565	-0.935027	-0.002778	0.721165	0.275356	-0.635689
36588	7.416019	0.708943	-6.489780	0.445265	-0.538550	-0.221715	0.598212	0.226984	0.768518	0.359108	-0.933288	-0.003879	0.716369	0.278301	-0.639816
36589	7.346613	0.794727	-6.491919	0.399627	-0.526844	-0.246880	0.601068	0.230796	0.765148	0.363456	-0.931600	-0.004512	0.711771	0.280809	-0.643839
36590	7.381258	0.734515	-6.552892	0.359706	-0.520385	-0.267160	0.603765	0.234782	0.761804	0.367638	-0.929957	-0.004764	0.707327	0.282944	-0.647790
36591	7.570560	0.589579	-6.515232	0.368176	-0.520521	-0.273473	0.606409	0.238838	0.758435	0.371901	-0.928259	-0.005038	0.702821	0.285117	-0.651729
36592	7.607221	0.438614	-6.349262	0.372006	-0.507891	-0.272911	0.608928	0.242855	0.755135	0.376186	-0.926529	-0.005373	0.698349	0.287343	-0.655547
36593	7.582720	0.314576	-6.422306	0.414964	-0.500922	-0.273182	0.611365	0.246867	0.751857	0.380754	-0.924657	-0.006002	0.693728	0.289942	-0.659299
36594	7.555605	0.344950	-6.397663	0.467926	-0.459715	-0.273514	0.613476	0.250765	0.748842	0.385685	-0.922604	-0.007013	0.689126	0.293119	-0.662712
36595	7.528256	0.340049	-6.321122	0.491959	-0.430589	-0.277338	0.615342	0.254628	0.746002	0.390780	-0.920448	-0.008166	0.684577	0.296548	-0.665893
36596	7.449746	0.278260	-6.451781	0.458940	-0.409096	-0.287307	0.616984	0.258521	0.743302	0.395703	-0.918334	-0.009060	0.680257	0.299717	-0.668894
36597	7.386746	0.135961	-6.548932	0.451886	-0.387225	-0.297951	0.618407	0.262457	0.740735	0.400621	-0.916191	-0.009836	0.676073	0.302837	-0.671725
36598	7.314572	-0.010939	-6.610484	0.462906	-0.372752	-0.307050	0.619661	0.266434	0.738263	0.405663	-0.913961	-0.010652	0.671906	0.306086	-0.674428
36599	7.290498	-0.144267	-6.633938	0.488754	-0.346718	-0.313251	0.620688	0.270397	0.735956	0.410892	-0.911610	-0.011603	0.667768	0.309601	-0.676930
36600	7.335642	-0.212604	-6.478903	0.523631	-0.302772	-0.310218	0.621401	0.274196	0.733947	0.416326	-0.909125	-0.012844	0.663728	0.313542	-0.679085
36601	7.231063	-0.380670	-6.398014	0.574999	-0.272390	-0.310395	0.621884	0.277910	0.732138	0.422073	-0.906447	-0.014437	0.659632	0.317994	-0.681004
36602	7.293269	-0.511307	-6.165674	0.626031	-0.196437	-0.308109	0.621846	0.281359	0.730852	0.428128	-0.903569	-0.016422	0.655755	0.323110	-0.682338
36603	7.370201	-0.443307	-5.557229	0.685699	-0.079549	-0.304056	0.621037	0.284397	0.730364	0.434516	-0.900467	-0.018840	0.652311	0.329055	-0.682798
36604	7.611822	-0.350212	-4.598883	0.740443	0.107372	-0.295226	0.619024	0.286724	0.731163	0.441187	-0.897152	-0.021706	0.649741	0.336016	-0.681858
36605	7.966394	-0.203056	-3.841475	0.741475	0.378821	-0.265526	0.615364	0.287849	0.733805	0.447655	-0.893863	-0.024766	0.648792	0.343732	-0.678909
36606	8.010141	0.254109	-3.769470	0.667852	0.679127	-0.262084	0.609751	0.287857	0.738473	0.453618	-0.890777	-0.027323	0.649949	0.351645	-0.673730
36607	8.557767	0.805235	-3.203880	0.521159	0.954244	-0.284692	0.602210	0.287033	0.744953	0.458756	-0.888100	-0.028664	0.653366	0.359013	-0.666500
36608	9.065764	1.023413	-2.773445	0.269745	1.263274	-0.313723	0.592449	0.285273	0.753408	0.462421	-0.886216	-0.028068	0.659675	0.365021	-0.656954
36609	9.074467	1.127227	-2.925990	-0.010492	1.527071	-0.326092	0.580764	0.282590	0.763450	0.464282	-0.885321	-0.025484	0.668697	0.369256	-0.645364
36610	8.988324	0.978537	-3.336210	-0.257490	1.728439	-0.315036	0.567624	0.279004	0.774570	0.464373	-0.885381	-0.021386	0.679823	0.371829	-0.632126
36611	9.132354	0.758102	-3.808598	-0.376986	1.867582	-0.265288	0.553546	0.274427	0.786305	0.463293	-0.886044	-0.016914	0.692060	0.373652	-0.617607
36612	8.788419	0.849006	-5.481241	-0.492059	1.892167	-0.216459	0.539309	0.269299	0.797887	0.461057	-0.887287	-0.012165	0.704679	0.374432	-0.602684
36613	9.476143	0.749269	-5.547736	-0.585946	1.737856	-0.185043	0.526067	0.264476	0.808273	0.457896	-0.888977	-0.007140	0.716648	0.373861	-0.588764
36614	10.480616	-0.054744	-4.583268	-0.541781	1.678673	-0.123312	0.513358	0.259331	0.818053	0.454640	-0.890670	-0.002952	0.727850	0.373436	-0.575135
36615	10.379818	-0.522355	-5.047127	-0.504852	1.624762	-0.085108	0.501017	0.254060	0.827306	0.451388	-0.892328	0.000667	0.738398	0.373102	-0.561751
36616	9.824258	-0.795812	-4.862357	-0.359732	1.577249	-0.033212	0.489124	0.248496	0.836067	0.448895	-0.893580	0.002973	0.747831	0.373852	-0.548620
36617	9.841056	-0.883563	-4.499462	-0.185679	1.531842	0.023815	0.477666	0.242575	0.844389	0.447401	-0.894325	0.003828	0.756087	0.375952	-0.535717
36618	9.794059	-0.264453	-3.624756	-0.050582	1.568447	0.057898	0.465984	0.236165	0.852693	0.446758	-0.894647	0.003638	0.763719	0.379253	-0.522399
36619	9.653090	0.532985	-2.981070	-0.131899	1.630629	0.069037	0.453723	0.229374	0.861117	0.445447	-0.895300	0.003773	0.771824	0.381870	-0.508393
36620	9.565818	1.121968	-3.101325	-0.393180	1.700729	0.054008	0.440734	0.222423	0.869645	0.442166	-0.896917	0.005310	0.781180	0.382187	-0.493650
36621	9.825946	1.332328	-2.798395	-0.694447	1.772128	0.018262	0.426822	0.215540	0.878274	0.436643	-0.899594	0.008573	0.791938	0.379833	-0.478081
36622	10.000308	1.001618	-3.054013	-1.000714	1.827159	0.004535	0.412240	0.208636	0.886865	0.428651	-0.903373	0.013271	0.803938	0.374685	-0.461838
36623	9.952369	0.404534	-3.377569	-1.135648	1.843905	0.010352	0.397289	0.201727	0.895247	0.419427	-0.907603	0.018380	0.816237	0.368189	-0.445191
36624	10.017668	-0.128401	-3.471981	-1.126694	1.857288	0.016048	0.382063	0.194834	0.903365	0.410112	-0.911740	0.023191	0.828152	0.361620	-0.428246
36625	10.096200	-0.401142	-3.373994	-1.000423	1.873602	0.029538	0.366504	0.187874	0.911251	0.401677	-0.915378	0.027171	0.839244	0.356071	-0.410954
36626	10.134815	-0.320756	-3.323610	-0.870509	1.894187	0.036759	0.350634	0.180866	0.918882	0.394205	-0.918520	0.030371	0.849504	0.351579	-0.393363
36627	10.207584	-0.098196	-3.369222	-0.761468	1.908237	0.036396	0.334415	0.173889	0.926245	0.387592	-0.921240	0.033011	0.859034	0.347966	-0.375474
36628	10.111008	0.057963	-3.449636	-0.668513	1.949775	0.035680	0.317694	0.166834	0.933401	0.381712	-0.923612	0.035164	0.867967	0.345119	-0.357109
36629	9.810915	0.144427	-3.449581	-0.572581	1.931882	0.034695	0.300918	0.159897	0.940150	0.376628	-0.925630	0.036879	0.876128	0.342989	-0.338760
36630	9.841091	0.257987	-3.357602	-0.514714	1.951001	0.024233	0.283819	0.153029	0.946588	0.372036	-0.927425	0.038382	0.883763	0.341271	-0.320153
36631	9.595241	0.303195	-3.412022	-0.458400	1.955100	0.005075	0.266429	0.146353	0.952678	0.367969	-0.928986	0.039806	0.890850	0.339950	-0.301363
36632	9.453714	0.370376	-3.451535	-0.394371	1.953866	-0.020902	0.248862	0.139946	0.958375	0.364503	-0.930291	0.041194	0.897332	0.339079	-0.282525
36633	9.416311	0.429641	-3.452272	-0.318887	1.955690	-0.050459	0.231013	0.133817	0.963704	0.361767	-0.931295	0.042596	0.903193	0.338796	-0.263552
36634	9.285703	0.457609	-3.437418	-0.247252	1.958923	-0.080192	0.212958	0.127957	0.968646	0.359710	-0.932024	0.044036	0.908437	0.339054	-0.244510
36635	9.281912	0.413047	-3.421263	-0.196603	1.950067	-0.117304	0.194718	0.122463	0.973184	0.358170	-0.932538	0.045684	0.913126	0.339670	-0.225444
36636	9.162061	0.301711	-3.454031	-0.130381	1.934305	-0.155723	0.176438	0.117366	0.977290	0.357269	-0.932792	0.047522	0.917185	0.340771	-0.206511
36637	9.100564	0.103735	-3.539911	-0.025488	1.903674	-0.197827	0.158183	0.112736	0.980953	0.357375	-0.932645	0.049556	0.920468	0.342729	-0.187818
36638	8.984184	-0.032107	-3.493913	0.123783	1.880417	-0.236703	0.139984	0.108500	0.984191	0.358871	-0.931954	0.051698	0.922830	0.345961	-0.169396
36639	8.901648	-0.050559	-3.321082	0.287188	1.861584	-0.278563	0.121735	0.104641	0.987031	0.361895	-0.930652	0.054030	0.924236	0.350624	-0.151162
36640	8.794596	0.046262	-3.228416	0.423265	1.837940	-0.308923	0.103597	0.101047	0.989473	0.366157	-0.928835	0.056518	0.924768	0.356447	-0.133224
36641	8.681463	0.242548	-3.145902	0.509697	1.792218	-0.353394	0.085672	0.097909	0.991501	0.371209	-0.926645	0.059430	0.924589	0.362963	-0.115733
36642	8.617973	0.341298	-3.065941	0.536660	1.734276	-0.390468	0.068162	0.095202	0.993122	0.376470	-0.924300	0.062766	0.923918	0.369602	-0.098843
36643	8.494714	0.406879	-3.088135	0.567068	1.677386	-0.425730	0.051013	0.092906	0.994367	0.381961	-0.921781	0.066528	0.922769	0.376416	-0.082510
36644	8.466551	0.448084	-3.085148	0.608153	1.616972	-0.454677	0.034334	0.090978	0.995261	0.387761	-0.919050	0.070635	0.921120	0.383498	-0.066832
36645	8.484148	0.463071	-3.061821	0.633744	1.547529	-0.475726	0.018194	0.089385	0.995831	0.393716	-0.916164	0.075040	0.919052	0.390709	-0.051861
36646	8.414561	0.510403	-3.004362	0.650453	1.464417	-0.484504	0.002809	0.088072	0.996110	0.399735	-0.913167	0.079612	0.916627	0.397956	-0.037771
36647	8.462392	0.647129	-2.963200	0.662621	1.383109	-0.481181	-0.011826	0.086938	0.996144	0.405774	-0.910083	0.084244	0.913897	0.405206	-0.024515
36648	8.459842	0.779426	-2.941344	0.653041	1.300241	-0.473527	-0.025648	0.085956	0.995969	0.411640	-0.907002	0.088878	0.910985	0.412260	-0.012120
36649	8.422117	0.927957	-2.907890	0.612150	1.196537	-0.461458	-0.038476	0.085197	0.995621	0.417054	-0.904062	0.093480	0.908067	0.418824	-0.000747
36650	8.396357	1.044892	-2.835935	0.568362	1.116076	-0.445282	-0.050486	0.084539	0.995140	0.422004	-0.901284	0.097975	0.905187	0.424900	0.009826
36651	8.137095	1.061432	-2.826442	0.514576	1.012379	-0.423642	-0.061462	0.084059	0.994563	0.426409	-0.898726	0.102310	0.902440	0.430379	0.019394
36652	8.029120	1.111438	-2.757487	0.475598	0.887438	-0.389708	-0.071151	0.083746	0.993944	0.430430	-0.896338	0.106334	0.899815	0.435389	0.027729
36653	7.961511	1.150090	-2.587303	0.404710	0.758125	-0.358122	-0.079536	0.083675	0.993314	0.433786	-0.894268	0.110065	0.897499	0.439640	0.034830
36654	7.910789	1.083468	-2.544232	0.322196	0.632260	-0.315733	-0.086602	0.083735	0.992718	0.436406	-0.892580	0.113359	0.895572	0.443045	0.040756
36655	7.824585	1.018460	-2.570785	0.226854	0.510855	-0.275884	-0.092400	0.083969	0.992175	0.438175	-0.891342	0.116242	0.894128	0.445487	0.045567
36656	7.761713	0.794306	-2.705633	0.151426	0.389005	-0.229860	-0.096907	0.084310	0.991716	0.439304	-0.890471	0.118630	0.893096	0.447161	0.049256
36657	7.985003	0.671717	-2.331908	0.187333	0.280084	-0.190353	-0.100260	0.084794	0.991341	0.440772	-0.889473	0.120659	0.892002	0.449052	0.051804
36658	8.336220	1.133079	-2.054827	-0.010672	0.093591	-0.141374	-0.101741	0.085661	0.991116	0.440527	-0.889399	0.122091	0.891956	0.449035	0.052753
36659	7.857911	0.703641	-3.130479	-0.240673	-0.141002	-0.043982	-0.100687	0.086731	0.991131	0.438316	-0.890441	0.122448	0.893163	0.446757	0.051641
36660	7.215737	0.328381	-3.355181	-0.225539	-0.399601	0.063974	-0.096859	0.087971	0.991403	0.436357	-0.891500	0.121738	0.894545	0.444397	0.047963
36661	7.359916	-0.177675	-2.796345	-0.167507	-0.680632	0.150798	-0.090114	0.089693	0.991884	0.434978	-0.892380	0.120214	0.895920	0.442281	0.041401
36662	8.765618	-0.417117	-0.765539	0.077307	-0.741712	0.226050	-0.082506	0.090986	0.992428	0.435860	-0.892241	0.118037	0.896225	0.442299	0.033958
36663	10.717087	0.707039	1.699295	0.296809	-0.548616	0.235205	-0.076564	0.091370	0.992869	0.438687	-0.891143	0.115838	0.895372	0.444428	0.028146
36664	11.697847	2.414040	3.304697	0.052131	-0.326206	0.182796	-0.072864	0.091221	0.993161	0.439284	-0.891076	0.114073	0.895388	0.444592	0.024855
36665	12.019095	3.333638	2.967384	-0.560076	-0.260645	0.058244	-0.070277	0.091901	0.993285	0.434286	-0.893608	0.113405	0.898029	0.439340	0.022889
36666	11.776566	2.443530	2.316716	-0.988935	-0.285930	-0.084350	-0.068088	0.093929	0.993248	0.425319	-0.897827	0.114062	0.902479	0.430214	0.021181
36667	11.423613	0.063198	1.112825	-0.946619	-0.364013	-0.139498	-0.065392	0.096782	0.993155	0.416645	-0.901727	0.115306	0.906714	0.421333	0.018641
36668	10.898401	-0.321567	0.200500	-0.114781	-0.558120	-0.126988	-0.060880	0.100305	0.993092	0.415518	-0.902082	0.116585	0.907545	0.419746	0.013240
36669	11.178137	0.959959	0.147884	0.407294	-0.832491	-0.092434	-0.053724	0.104689	0.993053	0.419144	-0.900274	0.117584	0.906329	0.422549	0.004486
36670	12.238718	0.552158	-0.813827	0.333039	-1.017705	-0.043489	-0.044710	0.109421	0.992989	0.422134	-0.898814	0.118050	0.905430	0.424453	-0.006004
36671	11.605283	0.403738	-0.804407	0.321765	-1.008893	0.027731	-0.035471	0.113507	0.992904	0.425043	-0.897478	0.117782	0.904478	0.426204	-0.016411
36672	9.980291	0.582918	-0.701607	0.042682	-1.008058	0.054316	-0.026144	0.117342	0.992747	0.425441	-0.897356	0.117270	0.904608	0.425422	-0.026461
36673	9.313535	0.247582	-1.382481	-0.350581	-0.991253	0.036195	-0.017022	0.121255	0.992475	0.422261	-0.898884	0.117062	0.906314	0.421077	-0.035901
36674	9.120793	0.228222	-1.790724	-0.408106	-0.953612	-0.006117	-0.008418	0.125332	0.992079	0.418554	-0.900581	0.117325	0.908153	0.416227	-0.044877
36675	9.539056	-0.165620	-2.054012	-0.316582	-0.930793	-0.062808	-0.000225	0.129796	0.991541	0.415662	-0.901813	0.118145	0.909519	0.412172	-0.053749
36676	9.845784	-0.188892	-2.368269	-0.125909	-0.874650	-0.090773	0.007333	0.134240	0.990922	0.414517	-0.902207	0.119154	0.910012	0.409880	-0.062261
36677	9.644493	0.177796	-2.634966	0.086751	-0.798490	-0.096986	0.014195	0.138428	0.990271	0.415305	-0.901720	0.120096	0.909572	0.409560	-0.070290
36678	9.447482	0.746088	-2.924592	0.263079	-0.724872	-0.091103	0.020382	0.142253	0.989621	0.417710	-0.900509	0.120840	0.908352	0.410911	-0.077775
36679	9.521090	1.438955	-2.863052	0.336012	-0.645876	-0.088629	0.025876	0.145752	0.988983	0.420768	-0.898997	0.121481	0.906799	0.412989	-0.084590
36680	9.710802	1.939201	-2.745237	0.253762	-0.568276	-0.078354	0.030672	0.148837	0.988386	0.423088	-0.897828	0.122071	0.905569	0.414430	-0.090510
36681	9.769691	2.009259	-2.551122	0.100789	-0.510722	-0.068646	0.035011	0.151613	0.987820	0.424010	-0.897308	0.122693	0.904981	0.414550	-0.095701
36682	9.907248	1.638935	-2.326578	-0.050728	-0.478119	-0.059620	0.039063	0.154158	0.987274	0.423571	-0.897423	0.123369	0.905020	0.413362	-0.100353
36683	9.853736	1.242380	-2.104776	-0.136702	-0.453202	-0.049454	0.042964	0.156515	0.986741	0.422340	-0.897911	0.124036	0.905419	0.411411	-0.104681
36684	9.743813	0.967875	-1.913899	-0.156584	-0.429019	-0.042138	0.046649	0.158685	0.986227	0.420939	-0.898483	0.124656	0.905888	0.409327	-0.108710
36685	9.588674	0.946290	-1.776139	-0.155464	-0.406891	-0.044407	0.050160	0.160790	0.985713	0.419538	-0.899048	0.125304	0.906351	0.407259	-0.112553
36686	9.512707	1.061513	-1.773849	-0.136363	-0.382296	-0.048500	0.053399	0.162810	0.985211	0.418326	-0.899519	0.125975	0.906726	0.405412	-0.116141
36687	9.590060	1.180395	-1.800981	-0.116884	-0.367082	-0.056740	0.056502	0.164851	0.984699	0.417283	-0.899900	0.126710	0.907018	0.403739	-0.119636
36688	9.737783	1.274766	-1.774327	-0.072469	-0.348605	-0.058781	0.059397	0.166815	0.984197	0.416659	-0.900090	0.127414	0.907120	0.402507	-0.122968
36689	9.741576	1.429204	-1.650663	-0.038705	-0.341210	-0.054983	0.062275	0.168727	0.983694	0.416327	-0.900154	0.128042	0.907080	0.401564	-0.126303
36690	9.733768	1.401011	-1.640522	-0.013658	-0.343810	-0.044013	0.065188	0.170533	0.983193	0.416230	-0.900129	0.128529	0.906919	0.400857	-0.129658
36691	9.697522	1.358602	-1.586208	0.017361	-0.342700	-0.033476	0.068168	0.172253	0.982691	0.416396	-0.900003	0.128874	0.906624	0.400404	-0.133077
36692	9.557467	1.441300	-1.615421	0.002954	-0.326939	-0.026245	0.071000	0.173828	0.982213	0.416441	-0.899941	0.129165	0.906386	0.399863	-0.136285
36693	9.522090	1.459488	-1.620744	-0.001132	-0.317775	-0.022342	0.073799	0.175344	0.981737	0.416432	-0.899908	0.129425	0.906167	0.399276	-0.139431
36694	9.589675	1.503955	-1.685264	0.002797	-0.305754	-0.019910	0.076464	0.176774	0.981277	0.416472	-0.899856	0.129653	0.905927	0.398761	-0.142428
36695	9.677058	1.541367	-1.699222	0.004639	-0.303879	-0.015314	0.079166	0.178168	0.980810	0.416512	-0.899811	0.129836	0.905677	0.398240	-0.145443
36696	9.649879	1.617872	-1.615016	-0.000013	-0.301858	-0.005585	0.081853	0.179450	0.980356	0.416516	-0.899796	0.129928	0.905436	0.397699	-0.148395
36697	9.589728	1.666471	-1.413856	-0.022102	-0.306205	0.001617	0.084645	0.180698	0.979889	0.416300	-0.899888	0.129985	0.905279	0.396925	-0.151396
36698	9.455678	1.627121	-1.335985	-0.056039	-0.312471	0.009206	0.087490	0.181885	0.979420	0.415785	-0.900122	0.130017	0.905245	0.395853	-0.154376
36699	9.417227	1.559420	-1.430859	-0.089985	-0.316583	0.017055	0.090438	0.183028	0.978939	0.414940	-0.900509	0.130031	0.905343	0.394441	-0.157386
36700	9.350872	1.545713	-1.565869	-0.120422	-0.312074	0.028129	0.093358	0.184034	0.978476	0.413824	-0.901029	0.129984	0.905557	0.392782	-0.160276
36701	9.335550	1.514166	-1.700063	-0.124306	-0.309379	0.031464	0.096302	0.185009	0.978007	0.412653	-0.901576	0.129918	0.905783	0.391066	-0.163168
36702	9.386750	1.544240	-1.841834	-0.137733	-0.309210	0.031998	0.099213	0.185958	0.977536	0.411375	-0.902167	0.129869	0.906051	0.389249	-0.166005
36703	9.430955	1.588053	-1.931275	-0.148055	-0.310905	0.042269	0.102216	0.186831	0.977060	0.409975	-0.902821	0.129745	0.906351	0.387308	-0.168878
36704	9.479551	1.506082	-1.897607	-0.174318	-0.327371	0.059160	0.105403	0.187591	0.976575	0.408334	-0.903600	0.129501	0.906727	0.385119	-0.171842
36705	9.523416	1.296219	-1.618253	-0.149660	-0.340914	0.058586	0.108746	0.188418	0.976050	0.406899	-0.904286	0.129231	0.906977	0.383100	-0.175005
36706	9.469351	1.187431	-1.175080	-0.111632	-0.361972	0.065241	0.112272	0.189243	0.975491	0.405815	-0.904830	0.128828	0.907033	0.381405	-0.178385
36707	9.429881	1.128425	-0.972400	-0.134043	-0.385249	0.066396	0.116047	0.190154	0.974872	0.404508	-0.905467	0.128464	0.907142	0.379436	-0.181996
36708	9.278734	1.050049	-1.230436	-0.144574	-0.398751	0.064604	0.119903	0.191109	0.974218	0.403122	-0.906131	0.128137	0.907257	0.377364	-0.185688
36709	9.212392	1.133678	-1.599776	-0.111930	-0.402787	0.060683	0.123812	0.192121	0.973530	0.402018	-0.906669	0.127798	0.907222	0.375553	-0.189493
36710	9.311055	1.424719	-1.892900	-0.063692	-0.411638	0.059852	0.127765	0.193152	0.972815	0.401366	-0.907017	0.127375	0.906963	0.374181	-0.193410
36711	9.500292	1.548657	-2.170211	-0.086125	-0.401018	0.049523	0.131610	0.194246	0.972084	0.400507	-0.907435	0.127103	0.906793	0.372599	-0.197225
36712	9.669215	1.573527	-2.344863	-0.111792	-0.386709	0.053708	0.135310	0.195227	0.971379	0.399424	-0.907949	0.126841	0.906726	0.370829	-0.200833
36713	9.651106	1.302782	-2.539795	-0.126977	-0.377542	0.051083	0.138947	0.196206	0.970668	0.398188	-0.908519	0.126644	0.906719	0.368912	-0.204363
36714	9.595540	1.018823	-2.463343	-0.100625	-0.373154	0.045475	0.142489	0.197197	0.969954	0.397214	-0.908973	0.126447	0.906597	0.367261	-0.207848
36715	9.557690	0.828924	-2.465392	-0.031774	-0.364660	0.045333	0.145985	0.198168	0.969236	0.396846	-0.909180	0.126117	0.906202	0.366226	-0.211369
36716	9.412723	0.918256	-2.430574	0.034615	-0.350115	0.047878	0.149325	0.199046	0.968547	0.397091	-0.909142	0.125616	0.905550	0.365844	-0.214797
36717	9.377314	1.175879	-2.529841	0.040092	-0.336179	0.052708	0.152589	0.199841	0.967874	0.397361	-0.909101	0.125060	0.904887	0.365512	-0.218128
36718	9.486375	1.268906	-2.713418	0.001333	-0.328100	0.047683	0.155725	0.200637	0.967210	0.397302	-0.909185	0.124633	0.904379	0.364866	-0.221297
36719	9.492913	1.167453	-2.865295	-0.018631	-0.312027	0.049224	0.158754	0.201372	0.966564	0.397042	-0.909352	0.124240	0.903966	0.364043	-0.224317
36720	9.532845	1.152539	-2.821948	0.013237	-0.309760	0.045359	0.161712	0.202117	0.965918	0.397092	-0.909390	0.123809	0.903420	0.363537	-0.227318
36721	9.422258	1.120285	-2.557328	0.034880	-0.304249	0.046085	0.164656	0.202849	0.965267	0.397318	-0.909357	0.123325	0.902789	0.363212	-0.230326
36722	9.426711	1.150977	-2.178795	0.047346	-0.315958	0.050269	0.167685	0.203571	0.964594	0.397665	-0.909281	0.122767	0.902078	0.362999	-0.233425
36723	9.398478	1.058371	-1.828671	0.019271	-0.328968	0.045445	0.170845	0.204396	0.963864	0.397748	-0.909304	0.122325	0.901448	0.362476	-0.236648
36724	9.318534	0.822520	-1.761372	-0.010038	-0.351354	0.036369	0.174134	0.205368	0.963069	0.397598	-0.909408	0.122035	0.900885	0.361664	-0.240013
36725	9.277208	0.695115	-1.822041	0.032482	-0.369777	0.037580	0.177626	0.206407	0.962208	0.397812	-0.909368	0.121636	0.900108	0.361172	-0.243638
36726	9.301500	0.859176	-1.921247	0.116984	-0.393559	0.029358	0.181261	0.207593	0.961275	0.398815	-0.909000	0.121102	0.898939	0.361419	-0.247558
36727	9.303965	1.211500	-1.981588	0.149904	-0.416567	0.037543	0.185164	0.208802	0.960269	0.400081	-0.908536	0.120408	0.897580	0.361890	-0.251766
36728	9.301246	1.378633	-2.234988	0.145854	-0.428976	0.029639	0.189108	0.210117	0.959213	0.401337	-0.908063	0.119789	0.896196	0.362315	-0.256050
36729	9.233033	1.448059	-2.533935	0.127441	-0.436655	0.031069	0.193154	0.211461	0.958111	0.402408	-0.907667	0.119202	0.894852	0.362527	-0.260412
36730	9.151622	1.382752	-2.910970	0.106482	-0.430884	0.027498	0.197096	0.212804	0.957010	0.403310	-0.907332	0.118696	0.893585	0.362578	-0.264657
36731	9.099802	1.234702	-3.355092	0.122044	-0.417389	0.030879	0.200957	0.214081	0.955921	0.404327	-0.906955	0.118116	0.892264	0.362769	-0.268818
36732	9.131797	1.225561	-3.596133	0.143288	-0.402860	0.037511	0.204679	0.215234	0.954872	0.405533	-0.906509	0.117406	0.890870	0.363202	-0.272828
36733	9.244556	1.168164	-3.699731	0.175912	-0.379630	0.039398	0.208230	0.216300	0.953863	0.407006	-0.905955	0.116587	0.889374	0.363951	-0.276682
36734	9.359608	1.153969	-3.543564	0.197124	-0.365105	0.045930	0.211639	0.217246	0.952897	0.408666	-0.905329	0.115636	0.887807	0.364943	-0.280384
36735	9.456237	1.306840	-3.475243	0.181874	-0.336508	0.055700	0.214865	0.218015	0.951999	0.410148	-0.904786	0.114633	0.886347	0.365830	-0.283825
36736	9.474678	1.311211	-3.331551	0.145039	-0.309777	0.062497	0.217843	0.218614	0.951185	0.411302	-0.904385	0.113660	0.885085	0.366464	-0.286931
36737	9.417355	1.356124	-3.173484	0.139106	-0.304093	0.067536	0.220824	0.219162	0.950371	0.412372	-0.904023	0.112657	0.883847	0.367029	-0.290006
36738	9.394686	1.309070	-3.035620	0.105946	-0.304122	0.072673	0.223788	0.219653	0.949564	0.413151	-0.903787	0.111695	0.882737	0.367318	-0.293007
36739	9.347998	1.245833	-2.948479	0.093732	-0.294672	0.080449	0.226733	0.220052	0.948772	0.413784	-0.903620	0.110695	0.881688	0.367489	-0.295935
36740	9.265735	1.284528	-2.887374	0.109806	-0.294514	0.086511	0.229665	0.220384	0.947990	0.414560	-0.903400	0.109585	0.880565	0.367831	-0.298841
36741	9.230795	1.332621	-2.852595	0.104768	-0.301669	0.090253	0.232706	0.220722	0.947169	0.415260	-0.903214	0.108456	0.879435	0.368084	-0.301841
36742	9.221445	1.255387	-3.044318	0.065505	-0.297744	0.086399	0.235660	0.221069	0.946358	0.415639	-0.903157	0.107475	0.878469	0.368016	-0.304723
36743	9.154709	1.230647	-3.270535	0.067525	-0.294003	0.093203	0.238641	0.221352	0.945544	0.415998	-0.903116	0.106428	0.877494	0.367947	-0.307603
36744	9.149066	1.119333	-3.418208	0.079566	-0.291702	0.097349	0.241582	0.221577	0.944744	0.416468	-0.903032	0.105298	0.876466	0.368018	-0.310436
36745	9.213043	1.095481	-3.478937	0.095490	-0.287604	0.096091	0.244514	0.221812	0.943934	0.417058	-0.902895	0.104134	0.875371	0.368213	-0.313279
36746	9.210197	1.144720	-3.320077	0.131362	-0.286952	0.105684	0.247444	0.221946	0.943139	0.417953	-0.902638	0.102760	0.874121	0.368761	-0.316115
36747	9.194525	1.167141	-3.041030	0.134551	-0.297668	0.116425	0.250543	0.222037	0.942299	0.418825	-0.902401	0.101276	0.872819	0.369285	-0.319085
36748	9.216421	1.241434	-2.880631	0.117569	-0.302247	0.122047	0.253669	0.222083	0.941452	0.419549	-0.902231	0.099786	0.871568	0.369673	-0.322043
36749	9.259471	1.207640	-2.918397	0.078989	-0.309001	0.129452	0.256916	0.222100	0.940567	0.419894	-0.902228	0.098353	0.870450	0.369670	-0.325055
36750	9.272163	1.122999	-3.088121	0.073333	-0.306370	0.133180	0.260118	0.222062	0.939695	0.420194	-0.902246	0.096898	0.869354	0.369649	-0.328000
36751	9.206845	1.141232	-3.180519	0.084084	-0.310838	0.138766	0.263413	0.222002	0.938791	0.420548	-0.902245	0.095359	0.868189	0.369688	-0.331026
36752	9.145137	1.130358	-3.254016	0.087055	-0.316632	0.143475	0.266742	0.221909	0.937873	0.420930	-0.902235	0.093760	0.866987	0.369769	-0.334072
36753	9.139505	1.128654	-3.232166	0.100580	-0.329811	0.150231	0.270242	0.221816	0.936892	0.421385	-0.902198	0.092056	0.865681	0.369915	-0.337282
36754	9.106592	1.104648	-2.988255	0.132514	-0.348876	0.157682	0.273903	0.221716	0.935852	0.422109	-0.902050	0.090166	0.864177	0.370335	-0.340662
36755	9.067657	1.157219	-2.755459	0.096801	-0.364512	0.159032	0.277732	0.221674	0.934733	0.422493	-0.902046	0.088389	0.862766	0.370370	-0.344183
36756	9.013465	0.940264	-2.922411	0.024851	-0.375110	0.150866	0.281581	0.221732	0.933567	0.422293	-0.902282	0.086930	0.861615	0.369761	-0.347701
36757	8.876395	0.602121	-3.253364	0.042672	-0.390677	0.149483	0.285585	0.221869	0.932317	0.422224	-0.902457	0.085428	0.860330	0.369249	-0.351407
36758	8.906813	0.556254	-3.374998	0.096064	-0.404644	0.144069	0.289650	0.222094	0.931009	0.422643	-0.902415	0.083783	0.858764	0.369216	-0.355251
36759	9.000429	0.657582	-3.478245	0.145273	-0.412206	0.149174	0.293826	0.222312	0.929647	0.423442	-0.902212	0.081918	0.856950	0.369582	-0.359229
36760	9.083509	0.837575	-3.617097	0.162353	-0.415148	0.151103	0.297998	0.222515	0.928270	0.424392	-0.901941	0.079963	0.855037	0.370121	-0.363210
36761	9.045769	0.940667	-3.780524	0.141226	-0.414421	0.147006	0.302171	0.222765	0.926860	0.425145	-0.901747	0.078126	0.853197	0.370443	-0.367189
36762	8.995283	0.790198	-3.788874	0.142679	-0.422649	0.141772	0.306354	0.223084	0.925409	0.425938	-0.901527	0.076322	0.851307	0.370786	-0.371206
36763	9.021068	0.684174	-3.749889	0.154409	-0.431314	0.144513	0.310646	0.223423	0.923895	0.426794	-0.901279	0.074451	0.849321	0.371185	-0.375334
36764	9.025608	0.730670	-3.605413	0.165561	-0.431592	0.150216	0.314927	0.223703	0.922376	0.427737	-0.900993	0.072475	0.847268	0.371710	-0.379433
36765	9.056081	0.687521	-3.506967	0.150265	-0.450415	0.148455	0.319382	0.224081	0.920751	0.428526	-0.900769	0.070575	0.845198	0.372026	-0.383714
36766	9.174695	0.608684	-3.330215	0.149610	-0.473646	0.151804	0.324009	0.224507	0.919029	0.429310	-0.900546	0.068636	0.843037	0.372309	-0.388168
36767	9.232678	0.570897	-3.390184	0.155485	-0.487679	0.139207	0.328721	0.225111	0.917207	0.430154	-0.900281	0.066792	0.840780	0.372584	-0.392773
36768	9.277495	0.353349	-3.280965	0.171233	-0.502214	0.122539	0.333443	0.225910	0.915304	0.431195	-0.899912	0.065028	0.838384	0.372991	-0.397481
36769	9.658504	-0.192976	-3.211992	0.179254	-0.529523	0.124890	0.338421	0.226802	0.913254	0.432266	-0.899528	0.063210	0.835833	0.373377	-0.402458
36770	9.792130	-0.305036	-3.280556	0.266269	-0.551634	0.150562	0.343653	0.227542	0.911113	0.433984	-0.898867	0.060794	0.832803	0.374517	-0.407648
36771	9.525645	-0.058604	-2.943373	0.344179	-0.587716	0.158193	0.349230	0.228365	0.908784	0.436289	-0.897937	0.057980	0.829271	0.376244	-0.413220
36772	9.305235	0.244990	-2.633370	0.319994	-0.650678	0.148405	0.355241	0.229516	0.906160	0.438424	-0.897063	0.055337	0.825584	0.377625	-0.419299
36773	9.301122	0.375270	-2.850625	0.220695	-0.693306	0.124471	0.361502	0.231055	0.903288	0.439791	-0.896516	0.053316	0.822132	0.377984	-0.425708
36774	9.151120	0.092285	-3.413607	0.170870	-0.722709	0.110387	0.367895	0.232828	0.900247	0.440801	-0.896119	0.051622	0.818748	0.377838	-0.432308
36775	8.874082	-0.032156	-3.900798	0.226345	-0.746094	0.085589	0.374368	0.234916	0.897030	0.442329	-0.895463	0.049904	0.814981	0.378100	-0.439143
36776	8.777639	0.070650	-4.262625	0.335193	-0.765493	0.075078	0.380900	0.237174	0.893680	0.444781	-0.894364	0.047783	0.810608	0.379291	-0.446154
36777	8.898338	0.471760	-4.802987	0.389258	-0.748092	0.081572	0.387311	0.239323	0.890345	0.447612	-0.893078	0.045341	0.805999	0.380968	-0.453023
36778	8.821795	0.744896	-5.219867	0.416628	-0.717862	0.099367	0.393504	0.241209	0.887115	0.450584	-0.891717	0.042591	0.801329	0.382960	-0.459579
36779	8.791914	0.908897	-5.436114	0.424675	-0.714878	0.113878	0.399731	0.242973	0.883844	0.453523	-0.890362	0.039653	0.796575	0.384993	-0.466099
36780	8.572963	1.063700	-5.278822	0.393984	-0.708222	0.130966	0.405928	0.244571	0.880572	0.456137	-0.889153	0.036683	0.791935	0.386771	-0.472491
36781	8.660408	0.967375	-5.053607	0.343466	-0.716155	0.136425	0.412208	0.246168	0.877203	0.458288	-0.888157	0.033887	0.787436	0.388043	-0.478922
36782	8.862566	0.948230	-5.177023	0.277359	-0.691080	0.151765	0.418310	0.247535	0.873924	0.459849	-0.887447	0.031255	0.783298	0.388799	-0.485056
36783	8.961451	0.800515	-5.621221	0.237689	-0.649490	0.170535	0.424171	0.248583	0.870796	0.460984	-0.886946	0.028645	0.779470	0.389273	-0.490809
36784	8.821378	0.810810	-5.977111	0.253301	-0.612641	0.187326	0.429776	0.249339	0.867826	0.462167	-0.886418	0.025801	0.775689	0.389992	-0.496198
36785	8.645861	0.882656	-6.259453	0.249769	-0.578675	0.212947	0.435241	0.249746	0.864981	0.463174	-0.885975	0.022748	0.772033	0.390736	-0.501289
36786	8.560427	1.042412	-6.295310	0.255336	-0.545089	0.246018	0.440557	0.249729	0.862290	0.464077	-0.885583	0.019371	0.768467	0.391635	-0.506043
36787	9.160403	1.293937	-6.153654	0.237922	-0.503232	0.268585	0.445666	0.249359	0.859769	0.464705	-0.885323	0.015888	0.765135	0.392459	-0.510436
36788	9.493696	1.445455	-5.998898	0.198867	-0.456718	0.304346	0.450545	0.248488	0.857475	0.464874	-0.885292	0.012289	0.762169	0.393081	-0.514379
36789	10.030347	1.557538	-5.779258	0.185303	-0.429829	0.341832	0.455407	0.247188	0.855279	0.464728	-0.885413	0.008446	0.759364	0.393626	-0.518098
36790	10.439391	1.701592	-5.236027	0.169624	-0.424266	0.371774	0.460327	0.245597	0.853101	0.464325	-0.885654	0.004422	0.756638	0.394081	-0.521727
36791	10.532750	1.518588	-4.590445	0.115576	-0.474753	0.409452	0.465812	0.243875	0.850614	0.463293	-0.886205	0.000371	0.753908	0.393911	-0.525791
36792	11.317931	1.368361	-3.952414	-0.046175	-0.510883	0.384531	0.471413	0.242504	0.847916	0.461159	-0.887314	-0.002617	0.751733	0.392258	-0.530124
36793	10.814428	0.493995	-3.450996	-0.189381	-0.559028	0.361879	0.477271	0.241510	0.844917	0.458012	-0.888934	-0.004627	0.749958	0.389190	-0.534877
36794	10.797785	-0.688824	-2.945983	-0.179252	-0.638422	0.329083	0.483532	0.241087	0.841471	0.455104	-0.890415	-0.006405	0.747715	0.386054	-0.540264
36795	10.845762	-1.575269	-2.483936	-0.007711	-0.687478	0.288927	0.489966	0.241196	0.837710	0.453635	-0.891145	-0.008744	0.744411	0.384299	-0.546046
36796	10.822153	-1.859530	-2.099697	0.316039	-0.750024	0.234700	0.496574	0.242022	0.833570	0.454838	-0.890488	-0.012408	0.739281	0.385300	-0.552274
36797	10.719728	-1.426349	-1.903427	0.630648	-0.811359	0.166720	0.503293	0.243713	0.829036	0.458646	-0.888451	-0.017256	0.732352	0.388919	-0.558930
36798	10.343571	-0.623399	-2.222038	0.813447	-0.878024	0.095622	0.510106	0.246332	0.824083	0.464102	-0.885494	-0.022589	0.724156	0.393981	-0.566019
36799	9.906939	-0.189936	-2.759414	0.908048	-0.949650	0.027023	0.517047	0.249894	0.818667	0.470506	-0.881954	-0.027946	0.715043	0.399637	-0.573588
36800	9.611311	-0.022058	-3.231467	0.980194	-1.021894	-0.014655	0.524211	0.254167	0.812774	0.477559	-0.877963	-0.033456	0.705082	0.405685	-0.581617
36801	9.347643	0.089000	-3.729034	1.033917	-1.082947	-0.042532	0.531560	0.258998	0.806451	0.485030	-0.873622	-0.039129	0.694399	0.411952	-0.590005
36802	9.065302	0.312316	-4.189040	1.069496	-1.127219	-0.080524	0.538907	0.264409	0.799792	0.492845	-0.868963	-0.044807	0.683142	0.418320	-0.598603
36803	8.711973	0.677758	-4.615879	1.074863	-1.162186	-0.127652	0.546118	0.270443	0.792853	0.500832	-0.864086	-0.050232	0.671508	0.424518	-0.607339
36804	8.442183	1.026170	-4.821683	1.012317	-1.197408	-0.202846	0.553041	0.277336	0.785640	0.508703	-0.859197	-0.054793	0.659823	0.429960	-0.616252
36805	8.426958	0.826710	-4.934993	0.864970	-1.198250	-0.267978	0.559478	0.284839	0.778364	0.515868	-0.854701	-0.058025	0.648741	0.433997	-0.625126
36806	8.445209	0.365084	-5.124142	0.827935	-1.156635	-0.271151	0.565487	0.292221	0.771253	0.522738	-0.850300	-0.061104	0.637941	0.437717	-0.633589
36807	8.259722	0.274725	-5.139781	0.870779	-1.118082	-0.257633	0.571171	0.299353	0.764298	0.529726	-0.845703	-0.064635	0.627020	0.441786	-0.641615
36808	7.854691	0.267065	-5.335965	0.861892	-1.075938	-0.254971	0.576475	0.306306	0.757531	0.536566	-0.841096	-0.068227	0.616257	0.445797	-0.649224
36809	7.385033	0.259398	-5.870393	0.791736	-1.033281	-0.272674	0.581284	0.313248	0.750989	0.543000	-0.836701	-0.071296	0.606020	0.449230	-0.656454
36810	7.056253	0.118483	-6.412856	0.734601	-0.968586	-0.293297	0.585481	0.320089	0.744819	0.549147	-0.832450	-0.073919	0.596364	0.452293	-0.663160
36811	6.802997	0.022247	-6.792028	0.673813	-0.902536	-0.309755	0.589078	0.326786	0.739052	0.554970	-0.828385	-0.076065	0.587363	0.454961	-0.669340
36812	6.787695	-0.203659	-7.064698	0.627291	-0.810862	-0.302135	0.592097	0.333009	0.733843	0.560433	-0.824516	-0.078026	0.579082	0.457469	-0.674823
36813	6.575733	-0.347217	-7.193466	0.594718	-0.701180	-0.280549	0.594518	0.338563	0.729331	0.565535	-0.820840	-0.079956	0.571593	0.459997	-0.679473
36814	6.354787	-0.546876	-7.438751	0.599924	-0.567245	-0.253551	0.596275	0.343285	0.725680	0.570473	-0.817196	-0.082169	0.564815	0.462976	-0.683108
36815	6.174522	-0.589562	-7.220687	0.668489	-0.459476	-0.210515	0.597617	0.347166	0.722724	0.575498	-0.813356	-0.085174	0.558262	0.466828	-0.685868
36816	6.108284	-0.394453	-6.475696	0.735283	-0.389527	-0.123276	0.599040	0.350020	0.720164	0.580336	-0.809465	-0.089307	0.551689	0.471436	-0.688032
36817	6.074502	0.229957	-6.378824	0.725296	-0.321830	-0.018520	0.600666	0.351723	0.717977	0.584440	-0.805960	-0.094124	0.545555	0.476151	-0.689674
36818	6.527282	1.144274	-5.812676	0.614954	-0.173623	0.042050	0.601830	0.352242	0.716747	0.587548	-0.803155	-0.098640	0.540914	0.480488	-0.690322
36819	7.664157	2.207259	-4.170734	0.348121	0.058512	0.059376	0.601831	0.351511	0.717104	0.589083	-0.801683	-0.101419	0.539240	0.483471	-0.689547
36820	8.890938	2.875842	-3.562017	-0.290458	0.359999	0.074677	0.600296	0.349200	0.719516	0.587083	-0.803336	-0.099927	0.543119	0.482401	-0.687249
36821	9.353919	2.945522	-3.661689	-1.098264	0.672648	0.086418	0.597076	0.345310	0.724059	0.580555	-0.808896	-0.092970	0.553585	0.475866	-0.683443
36822	8.757135	1.769973	-4.274367	-1.736880	0.883957	0.104376	0.592689	0.340330	0.729996	0.570206	-0.817412	-0.081871	0.568845	0.464772	-0.678530
36823	8.509146	0.240111	-4.779142	-2.023203	1.037484	0.127983	0.587376	0.334555	0.736928	0.557776	-0.827112	-0.069084	0.586409	0.451619	-0.672432
36824	8.574475	-0.926510	-5.050494	-1.983742	1.171665	0.150020	0.581203	0.328117	0.744676	0.545109	-0.836432	-0.056899	0.604201	0.439000	-0.664996
36825	8.808258	-1.607622	-5.121237	-1.744355	1.310770	0.166297	0.574024	0.321065	0.753269	0.533473	-0.844535	-0.046564	0.621212	0.428577	-0.656062
36826	8.912379	-1.764069	-4.996088	-1.423121	1.462982	0.175068	0.565720	0.313393	0.762722	0.523540	-0.851126	-0.038598	0.637077	0.421151	-0.645573
36827	8.969116	-1.498829	-4.807085	-1.155928	1.618624	0.186312	0.556205	0.305058	0.773030	0.515058	-0.856536	-0.032579	0.652190	0.416276	-0.633532
36828	8.893183	-1.236807	-4.719740	-0.993018	1.783478	0.187244	0.545374	0.296082	0.784157	0.507494	-0.861207	-0.027782	0.667096	0.413107	-0.619940
36829	8.935771	-1.100705	-4.726218	-0.872505	1.919064	0.177509	0.533274	0.286674	0.795888	0.500668	-0.865312	-0.023785	0.681873	0.411160	-0.604977
36830	8.906468	-0.841190	-4.726437	-0.774507	2.051618	0.159662	0.519904	0.276893	0.808103	0.494506	-0.868934	-0.020411	0.696537	0.410224	-0.588688
36831	8.899580	-0.487285	-4.683263	-0.710167	2.176481	0.143977	0.505239	0.266747	0.820719	0.488788	-0.872229	-0.017412	0.711211	0.409955	-0.571066
36832	9.039909	-0.108422	-4.674096	-0.702939	2.278237	0.112332	0.489389	0.256456	0.833504	0.483193	-0.875396	-0.014359	0.725963	0.409771	-0.552327
36833	9.385215	-0.121858	-4.674027	-0.726924	2.390996	0.082548	0.472192	0.245972	0.846482	0.477483	-0.878572	-0.011056	0.740976	0.409401	-0.532302
36834	9.309347	0.110025	-4.725626	-0.740237	2.459275	0.085105	0.454166	0.235192	0.859313	0.471563	-0.881797	-0.007886	0.755885	0.408801	-0.511390
36835	9.385957	0.012503	-4.905086	-0.859493	2.493317	0.110688	0.435590	0.224077	0.871809	0.464525	-0.885548	-0.004487	0.771024	0.406932	-0.489825
36836	9.002784	-0.644279	-6.181863	-1.048613	2.441789	0.191121	0.417432	0.212522	0.883507	0.455558	-0.890206	-0.001105	0.786268	0.402950	-0.468416
36837	9.067684	-0.184233	-5.420239	-1.030079	2.246862	0.348549	0.401123	0.200441	0.893825	0.445976	-0.895045	0.000573	0.800128	0.398395	-0.448415
36838	9.422510	0.179362	-5.270782	-1.278780	2.094829	0.587221	0.386775	0.186929	0.903030	0.433353	-0.901224	0.000946	0.814009	0.390965	-0.429577
36839	9.577784	1.489662	-4.293614	-1.486827	1.887614	0.862973	0.374899	0.171869	0.910995	0.417876	-0.908504	-0.000568	0.827545	0.380896	-0.412417
36840	9.848527	2.644676	-2.769587	-2.001758	1.832455	1.008875	0.363688	0.155848	0.918391	0.397445	-0.917625	-0.001673	0.842478	0.365618	-0.395670
36841	8.989160	1.546658	-4.080538	-2.612230	1.831406	0.964158	0.351758	0.140484	0.925490	0.371780	-0.928321	-0.000391	0.859096	0.344216	-0.378773
36842	8.163153	0.369856	-4.633991	-2.752781	1.803595	0.749473	0.338784	0.127521	0.932182	0.345328	-0.938478	0.002879	0.875199	0.320933	-0.361978
36843	8.556797	-0.915297	-4.464422	-2.671660	1.791890	0.452634	0.324419	0.117747	0.938556	0.320252	-0.947298	0.008146	0.890051	0.297931	-0.345030
36844	9.973137	-1.931876	-4.381632	-2.340015	1.850122	0.176374	0.308357	0.110777	0.944799	0.298720	-0.954232	0.014389	0.903151	0.277793	-0.327336
