// General information: 
//  MT Manager version: 2022.2.0 
//  XDA version: 2022.2.0 build 7381 rev 124627 built on 2023-07-19
// Device information: 
//  DeviceId: 00B4CBA7
//  ProductCode: MTW2-3A7G6
//  Firmware Version: 4.6.0
//  Hardware Version: 2.0.0
// Device settings: 
//  Filter Profile: human(46.1)
//  Option Flags: Orientation Smoother Disabled, Position/Velocity Smoother Disabled, Continuous Zero Rotation Update Disabled, AHS Disabled, ICC Disabled
// Coordinate system: ENU
PacketCounter	Acc_X	Acc_Y	Acc_Z	Gyr_X	Gyr_Y	Gyr_Z	Mat[1][1]	Mat[2][1]	Mat[3][1]	Mat[1][2]	Mat[2][2]	Mat[3][2]	Mat[1][3]	Mat[2][3]	Mat[3][3]
42075	8.250849	-0.339252	-5.348378	-0.033742	0.004618	0.017410	-0.313006	-0.442661	0.840285	-0.844012	0.535347	-0.032374	-0.435513	-0.719344	-0.541177
42076	8.273951	-0.371850	-5.440509	-0.020169	0.003042	0.012293	-0.313130	-0.442609	0.840266	-0.843804	0.535679	-0.032280	-0.435825	-0.719128	-0.541213
42077	8.306330	-0.356684	-5.399094	0.000450	0.003414	0.011729	-0.313202	-0.442508	0.840292	-0.843754	0.535753	-0.032358	-0.435870	-0.719135	-0.541167
42078	8.237581	-0.288603	-5.356584	0.015238	0.004186	0.006410	-0.313269	-0.442482	0.840281	-0.843724	0.535798	-0.032408	-0.435881	-0.719118	-0.541181
42079	8.224232	-0.302914	-5.412953	0.013022	0.002728	-0.002164	-0.313226	-0.442460	0.840308	-0.843772	0.535720	-0.032437	-0.435818	-0.719189	-0.541138
42080	8.168227	-0.310332	-5.366150	0.017431	0.002722	-0.001465	-0.313235	-0.442485	0.840292	-0.843773	0.535719	-0.032431	-0.435810	-0.719174	-0.541163
42081	8.138237	-0.344363	-5.445487	0.022938	0.001984	-0.004705	-0.313175	-0.442483	0.840316	-0.843873	0.535559	-0.032492	-0.435661	-0.719295	-0.541123
42082	8.065470	-0.372155	-5.421781	0.033731	-0.002728	-0.002204	-0.313209	-0.442544	0.840271	-0.843935	0.535456	-0.032567	-0.435516	-0.719334	-0.541188
42083	8.035172	-0.341787	-5.453558	0.045463	0.003471	-0.004696	-0.313142	-0.442531	0.840302	-0.844132	0.535134	-0.032749	-0.435182	-0.719582	-0.541128
42084	7.999870	-0.300573	-5.412865	0.056571	0.004041	-0.008692	-0.313078	-0.442585	0.840298	-0.844336	0.534803	-0.032901	-0.434833	-0.719794	-0.541125
42085	8.035449	-0.280879	-5.404988	0.052924	0.004873	-0.006122	-0.312993	-0.442570	0.840338	-0.844570	0.534421	-0.033112	-0.434440	-0.720088	-0.541051
42086	8.054292	-0.215218	-5.372357	0.047180	0.007322	-0.008393	-0.312929	-0.442596	0.840347	-0.844712	0.534189	-0.033206	-0.434208	-0.720243	-0.541030
42087	8.088969	-0.218528	-5.369050	0.031547	0.003670	-0.008829	-0.312827	-0.442604	0.840382	-0.844862	0.533949	-0.033279	-0.433991	-0.720417	-0.540973
42088	8.088247	-0.242910	-5.373252	0.015745	0.003785	-0.012284	-0.312739	-0.442674	0.840377	-0.844890	0.533910	-0.033178	-0.433999	-0.720402	-0.540985
42089	8.139647	-0.290270	-5.394796	0.012004	0.002566	-0.012196	-0.312613	-0.442708	0.840407	-0.844965	0.533796	-0.033116	-0.433944	-0.720467	-0.540944
42090	8.191833	-0.248167	-5.364169	0.020712	0.007349	-0.012581	-0.312508	-0.442756	0.840420	-0.845014	0.533722	-0.033037	-0.433924	-0.720491	-0.540928
42091	8.173494	-0.250462	-5.348066	0.017683	0.005935	-0.010465	-0.312382	-0.442756	0.840467	-0.845108	0.533575	-0.033021	-0.433832	-0.720600	-0.540856
42092	8.162156	-0.215906	-5.395213	0.007634	0.003597	-0.011651	-0.312308	-0.442834	0.840454	-0.845089	0.533615	-0.032870	-0.433922	-0.720523	-0.540886
42093	8.180104	-0.236783	-5.415065	-0.004268	0.001163	-0.012171	-0.312188	-0.442877	0.840475	-0.845093	0.533618	-0.032720	-0.434001	-0.720494	-0.540861
42094	8.179290	-0.259704	-5.419480	-0.001664	0.002093	-0.009566	-0.312139	-0.442952	0.840454	-0.845024	0.533737	-0.032536	-0.434169	-0.720360	-0.540906
42095	8.141991	-0.263370	-5.388272	-0.004617	0.002738	-0.004963	-0.312073	-0.442946	0.840481	-0.845004	0.533775	-0.032446	-0.434256	-0.720336	-0.540868
42096	8.123326	-0.264937	-5.372704	-0.007017	-0.000927	-0.003303	-0.312083	-0.443002	0.840448	-0.844905	0.533941	-0.032296	-0.434443	-0.720178	-0.540928
42097	8.041122	-0.273925	-5.434979	-0.021321	0.000852	-0.000214	-0.312065	-0.442985	0.840464	-0.844797	0.534120	-0.032155	-0.434665	-0.720056	-0.540912
42098	7.986301	-0.320954	-5.431259	-0.022662	0.003297	-0.001786	-0.312061	-0.443007	0.840454	-0.844637	0.534386	-0.031938	-0.434978	-0.719845	-0.540941
42099	7.955170	-0.311591	-5.467712	-0.019427	0.001975	0.000362	-0.312044	-0.442978	0.840476	-0.844536	0.534554	-0.031811	-0.435188	-0.719738	-0.540915
42100	7.959429	-0.280251	-5.496655	-0.015845	0.006958	-0.002748	-0.312032	-0.442975	0.840481	-0.844383	0.534807	-0.031611	-0.435493	-0.719552	-0.540918
42101	7.979697	-0.318765	-5.554704	-0.008277	0.003576	-0.002388	-0.311985	-0.442950	0.840512	-0.844338	0.534883	-0.031522	-0.435613	-0.719511	-0.540875
42102	7.991381	-0.287362	-5.459124	0.003068	0.010321	0.001081	-0.311970	-0.442901	0.840543	-0.844287	0.534966	-0.031475	-0.435722	-0.719479	-0.540829
42103	8.113995	-0.290907	-5.465043	-0.003159	0.019135	0.004244	-0.311911	-0.442728	0.840656	-0.844244	0.535034	-0.031469	-0.435848	-0.719535	-0.540654
42104	8.118410	-0.285486	-5.496853	0.017565	0.029442	0.008118	-0.311902	-0.442501	0.840779	-0.844189	0.535117	-0.031536	-0.435960	-0.719613	-0.540459
42105	8.175525	-0.149403	-5.445921	0.021983	0.029436	0.008815	-0.311836	-0.442230	0.840946	-0.844242	0.535024	-0.031704	-0.435906	-0.719848	-0.540189
42106	8.180783	-0.054953	-5.425311	0.008708	0.028417	0.005471	-0.311784	-0.442026	0.841073	-0.844196	0.535096	-0.031722	-0.436032	-0.719921	-0.539990
42107	8.178144	-0.085394	-5.393924	-0.024308	0.024099	0.008976	-0.311743	-0.441792	0.841211	-0.844045	0.535337	-0.031642	-0.436353	-0.719885	-0.539780
42108	8.286305	-0.149665	-5.464295	-0.037852	0.034585	0.017271	-0.311776	-0.441486	0.841359	-0.843739	0.535829	-0.031493	-0.436920	-0.719707	-0.539558
42109	8.319564	-0.156905	-5.424537	-0.055914	0.041985	0.021129	-0.311759	-0.441059	0.841590	-0.843413	0.536351	-0.031345	-0.437563	-0.719579	-0.539207
42110	8.357982	-0.264838	-5.508585	-0.059393	0.046922	0.028661	-0.311831	-0.440600	0.841803	-0.842980	0.537041	-0.031180	-0.438345	-0.719346	-0.538883
42111	8.318046	-0.388851	-5.497229	-0.044692	0.039659	0.034114	-0.311933	-0.440120	0.842017	-0.842661	0.537540	-0.031201	-0.438885	-0.719267	-0.538548
42112	8.302525	-0.434014	-5.521757	-0.023580	0.036591	0.044591	-0.312177	-0.439653	0.842171	-0.842346	0.538023	-0.031368	-0.439316	-0.719192	-0.538298
42113	8.203264	-0.318496	-5.470002	0.026893	0.051477	0.041652	-0.312290	-0.439046	0.842445	-0.842318	0.538040	-0.031839	-0.439290	-0.719549	-0.537841
42114	8.096621	-0.174956	-5.307190	0.016202	0.050364	0.039646	-0.312444	-0.438520	0.842662	-0.842174	0.538247	-0.032160	-0.439457	-0.719716	-0.537482
42115	8.073474	-0.115109	-5.364223	-0.036919	0.055099	0.042067	-0.312544	-0.437886	0.842954	-0.841863	0.538724	-0.032291	-0.439980	-0.719745	-0.537015
42116	7.996866	-0.142261	-5.460841	-0.073486	0.057610	0.034798	-0.312627	-0.437317	0.843219	-0.841334	0.539561	-0.032097	-0.440932	-0.719463	-0.536611
42117	7.925849	-0.190138	-5.438115	-0.124531	0.051824	0.038812	-0.312713	-0.436723	0.843495	-0.840646	0.540654	-0.031731	-0.442182	-0.719003	-0.536199
42118	7.836461	-0.369086	-5.496167	-0.148792	0.050225	0.039335	-0.312869	-0.436188	0.843714	-0.839760	0.542063	-0.031164	-0.443752	-0.718267	-0.535888
42119	7.680805	-0.405737	-5.499075	-0.158051	0.046635	0.038839	-0.312976	-0.435631	0.843962	-0.838919	0.543394	-0.030620	-0.445265	-0.717599	-0.535529
42120	7.558220	-0.467331	-5.504378	-0.172482	0.041211	0.033093	-0.313099	-0.435194	0.844141	-0.837973	0.544893	-0.029893	-0.446958	-0.716727	-0.535286
42121	7.528134	-0.474627	-5.544029	-0.199931	0.032039	0.028170	-0.313180	-0.434800	0.844315	-0.836972	0.546475	-0.029036	-0.448773	-0.715761	-0.535060
42122	7.469425	-0.632216	-5.564451	-0.234696	0.029294	0.026557	-0.313304	-0.434493	0.844427	-0.835752	0.548397	-0.027913	-0.450953	-0.714477	-0.534943
42123	7.402145	-0.835164	-5.720215	-0.239070	0.024127	0.019496	-0.313346	-0.434202	0.844561	-0.834593	0.550216	-0.026773	-0.453066	-0.713254	-0.534790
42124	7.356100	-0.987854	-5.881842	-0.199240	0.038882	0.016006	-0.313364	-0.433871	0.844724	-0.833514	0.551899	-0.025736	-0.455037	-0.712154	-0.534582
42125	7.247755	-1.084365	-6.072314	-0.123859	0.051350	0.017951	-0.313268	-0.433395	0.845004	-0.832875	0.552887	-0.025200	-0.456270	-0.711677	-0.534166
42126	7.062779	-1.090074	-6.107953	-0.016404	0.056780	0.015688	-0.313203	-0.432948	0.845257	-0.832623	0.553270	-0.025133	-0.456774	-0.711652	-0.533768
42127	7.034743	-0.954383	-6.042637	0.069356	0.067336	0.016054	-0.313018	-0.432369	0.845622	-0.832872	0.552873	-0.025613	-0.456448	-0.712312	-0.533167
42128	6.926663	-0.742435	-5.985401	0.124013	0.089044	0.015007	-0.312783	-0.431689	0.846056	-0.833294	0.552204	-0.026310	-0.455838	-0.713243	-0.532444
42129	6.804819	-0.437629	-5.892335	0.089112	0.103787	0.011848	-0.312397	-0.430872	0.846615	-0.833645	0.551647	-0.026859	-0.455460	-0.714167	-0.531527
42130	6.862970	-0.344037	-6.001101	0.018101	0.117567	-0.008487	-0.311840	-0.430130	0.847198	-0.833656	0.551634	-0.026786	-0.455821	-0.714625	-0.530602
42131	6.859727	-0.396509	-6.092746	-0.022643	0.144381	-0.017491	-0.311024	-0.429184	0.847977	-0.833590	0.551749	-0.026492	-0.456500	-0.715104	-0.529370
42132	6.947326	-0.455994	-6.033702	-0.051570	0.158923	-0.028625	-0.310117	-0.428247	0.848783	-0.833331	0.552168	-0.025879	-0.457588	-0.715343	-0.528108
42133	7.241413	-0.494739	-6.105953	-0.069751	0.186179	-0.018013	-0.309102	-0.427004	0.849778	-0.833049	0.552618	-0.025332	-0.458786	-0.715738	-0.526531
42134	7.370620	-0.637388	-6.125571	-0.057769	0.241841	0.000009	-0.308027	-0.425345	0.851000	-0.832711	0.553146	-0.024935	-0.460121	-0.716318	-0.524573
42135	7.511390	-0.745270	-6.203361	-0.003176	0.277569	0.006565	-0.306792	-0.423308	0.852461	-0.832658	0.553225	-0.024949	-0.461042	-0.717462	-0.522196
42136	7.641055	-0.627954	-6.178668	0.071226	0.310802	0.007109	-0.305505	-0.421090	0.854020	-0.832805	0.552990	-0.025254	-0.461630	-0.718947	-0.519627
42137	7.841619	-0.407053	-6.084562	0.156214	0.338980	0.002347	-0.303948	-0.418626	0.855785	-0.833500	0.551904	-0.026057	-0.461403	-0.721217	-0.516675
42138	8.072892	-0.092943	-5.733508	0.193352	0.368208	-0.009669	-0.302241	-0.416073	0.857633	-0.834290	0.550671	-0.026861	-0.461097	-0.723633	-0.513561
42139	8.242685	0.217671	-5.459544	0.143399	0.399921	-0.026865	-0.300161	-0.413312	0.859696	-0.835014	0.549550	-0.027339	-0.461146	-0.726064	-0.510074
42140	8.423475	0.577811	-5.403427	0.097733	0.416962	-0.046073	-0.297937	-0.410553	0.861789	-0.835446	0.548893	-0.027339	-0.461806	-0.728123	-0.506530
42141	8.616700	0.818426	-5.226082	0.033348	0.426912	-0.066623	-0.295395	-0.407795	0.863970	-0.835779	0.548407	-0.026907	-0.462835	-0.730036	-0.502823
42142	8.976052	0.958706	-5.043856	-0.042804	0.423150	-0.079046	-0.292860	-0.405169	0.866067	-0.835649	0.548653	-0.025900	-0.464676	-0.731313	-0.499257
42143	9.294966	0.963003	-4.891918	-0.118860	0.424116	-0.093438	-0.290092	-0.402568	0.868208	-0.835348	0.549176	-0.024473	-0.466947	-0.732356	-0.495596
42144	9.391852	0.940582	-4.793835	-0.174833	0.426621	-0.108807	-0.287273	-0.400092	0.870288	-0.834676	0.550280	-0.022541	-0.469883	-0.732884	-0.492028
42145	9.583195	0.813991	-4.790682	-0.188883	0.434431	-0.123904	-0.284181	-0.397579	0.872452	-0.834120	0.551201	-0.020511	-0.472742	-0.733559	-0.488269
42146	9.883055	0.550649	-4.618493	-0.134334	0.449159	-0.136876	-0.280990	-0.395083	0.874617	-0.833712	0.551888	-0.018549	-0.475362	-0.734390	-0.484460
42147	10.019086	0.419389	-4.353042	-0.036929	0.459431	-0.141380	-0.277612	-0.392475	0.876867	-0.833911	0.551634	-0.017108	-0.476995	-0.735978	-0.480429
42148	10.217800	0.368936	-4.022774	0.063234	0.449437	-0.136205	-0.274396	-0.389988	0.878986	-0.834451	0.550847	-0.016094	-0.477910	-0.737887	-0.476576
42149	10.522847	0.387532	-3.693531	0.154251	0.448029	-0.116686	-0.271269	-0.387308	0.881139	-0.835487	0.549284	-0.015774	-0.477886	-0.740459	-0.472595
42150	10.580459	0.384181	-3.374027	0.213260	0.429999	-0.097634	-0.268458	-0.384713	0.883134	-0.836636	0.547531	-0.015807	-0.477462	-0.743106	-0.468854
42151	10.554589	0.506150	-3.062907	0.207303	0.404430	-0.075696	-0.265884	-0.382106	0.885043	-0.837807	0.545729	-0.016082	-0.476849	-0.745771	-0.465231
42152	10.493167	0.438564	-2.924637	0.156229	0.376762	-0.054535	-0.263674	-0.379645	0.886762	-0.838587	0.544525	-0.016224	-0.476705	-0.747905	-0.461942
42153	10.379385	0.274593	-2.926326	0.092074	0.334413	-0.036543	-0.261762	-0.377330	0.888315	-0.839102	0.543730	-0.016300	-0.476853	-0.749654	-0.458946
42154	10.164270	0.121787	-2.859972	0.046444	0.293210	-0.024288	-0.260189	-0.375313	0.889630	-0.839297	0.543431	-0.016208	-0.477370	-0.750881	-0.456394
42155	9.993851	-0.066583	-2.869640	-0.026555	0.236944	-0.015361	-0.258917	-0.373607	0.890719	-0.839190	0.543605	-0.015926	-0.478249	-0.751606	-0.454276
42156	9.841131	-0.395262	-2.927470	-0.064845	0.200993	-0.007218	-0.257918	-0.372181	0.891605	-0.838815	0.544197	-0.015484	-0.479446	-0.751885	-0.452549
42157	9.572751	-0.577292	-3.090921	-0.071988	0.160337	-0.011444	-0.257041	-0.371028	0.892338	-0.838478	0.544728	-0.015033	-0.480504	-0.752070	-0.451117
42158	9.297287	-0.741622	-3.221433	-0.049986	0.115198	-0.019404	-0.256344	-0.370307	0.892838	-0.838211	0.545152	-0.014556	-0.481342	-0.752118	-0.450142
42159	9.103394	-0.769929	-3.294603	-0.016168	0.071548	-0.027416	-0.255758	-0.369909	0.893171	-0.838183	0.545204	-0.014215	-0.481703	-0.752276	-0.449492
42160	8.928691	-0.730657	-3.461189	0.026639	0.036407	-0.038422	-0.255276	-0.369879	0.893322	-0.838338	0.544973	-0.013918	-0.481689	-0.752458	-0.449202
42161	8.821254	-0.581718	-3.684111	0.054167	0.012069	-0.048181	-0.254803	-0.370041	0.893390	-0.838701	0.544420	-0.013707	-0.481307	-0.752779	-0.449073
42162	8.691639	-0.537192	-4.006217	0.063344	-0.006236	-0.066455	-0.254288	-0.370480	0.893354	-0.839108	0.543802	-0.013329	-0.480870	-0.753010	-0.449155
42163	8.541084	-0.560986	-4.239903	0.107334	-0.025369	-0.078427	-0.253741	-0.371088	0.893258	-0.839802	0.542736	-0.013086	-0.479947	-0.753480	-0.449354
42164	8.444800	-0.506973	-4.376091	0.165917	-0.042440	-0.095779	-0.253151	-0.371956	0.893064	-0.840775	0.541232	-0.012909	-0.478553	-0.754133	-0.449744
42165	8.422288	-0.427429	-4.528754	0.220914	-0.050662	-0.100949	-0.252533	-0.372874	0.892856	-0.842064	0.539221	-0.012978	-0.476608	-0.755119	-0.450155
42166	8.386277	-0.315456	-4.606015	0.259961	-0.052656	-0.105170	-0.251909	-0.373866	0.892617	-0.843502	0.536965	-0.013144	-0.474391	-0.756235	-0.450623
42167	8.316374	-0.108326	-4.671362	0.303087	-0.046698	-0.108748	-0.251201	-0.374793	0.892428	-0.845189	0.534297	-0.013515	-0.471757	-0.757665	-0.450987
42168	8.321216	0.108564	-4.666879	0.308631	-0.042264	-0.107773	-0.250501	-0.375717	0.892237	-0.846848	0.531655	-0.013880	-0.469147	-0.759065	-0.451355
42169	8.312062	0.305884	-4.687730	0.274658	-0.038789	-0.108367	-0.249753	-0.376577	0.892084	-0.848384	0.529193	-0.014129	-0.466764	-0.760358	-0.451650
42170	8.289184	0.364822	-4.755448	0.216184	-0.028276	-0.106444	-0.248995	-0.377385	0.891954	-0.849591	0.527253	-0.014089	-0.464969	-0.761304	-0.451907
42171	8.354762	0.377679	-4.831905	0.171850	-0.017963	-0.097549	-0.248239	-0.378026	0.891893	-0.850611	0.525609	-0.013971	-0.463506	-0.762123	-0.452030
42172	8.373620	0.451980	-4.834329	0.155474	-0.015046	-0.085453	-0.247597	-0.378622	0.891819	-0.851477	0.524210	-0.013843	-0.462259	-0.762791	-0.452181
42173	8.460573	0.475838	-4.832543	0.137728	-0.011362	-0.069467	-0.247047	-0.379063	0.891784	-0.852264	0.522929	-0.013822	-0.461100	-0.763451	-0.452250
42174	8.459412	0.466615	-4.924273	0.096194	0.005935	-0.048356	-0.246625	-0.379305	0.891798	-0.852758	0.522124	-0.013755	-0.460412	-0.763881	-0.452225
42175	8.439213	0.430408	-5.005023	0.074788	0.026035	-0.026404	-0.246269	-0.379235	0.891926	-0.853148	0.521486	-0.013833	-0.459881	-0.764351	-0.451969
42176	8.468486	0.372811	-4.971281	0.089249	0.040806	-0.009167	-0.246022	-0.379008	0.892091	-0.853510	0.520887	-0.014081	-0.459341	-0.764872	-0.451637
42177	8.518564	0.339556	-4.945589	0.101089	0.052988	0.010911	-0.245861	-0.378536	0.892335	-0.853927	0.520188	-0.014611	-0.458652	-0.765581	-0.451137
42178	8.623122	0.378187	-4.913093	0.109453	0.068200	0.020983	-0.245748	-0.377945	0.892617	-0.854304	0.519552	-0.015216	-0.458010	-0.766305	-0.450558
42179	8.654563	0.420656	-4.768020	0.115202	0.079794	0.032673	-0.245652	-0.377154	0.892978	-0.854730	0.518826	-0.016002	-0.457265	-0.767186	-0.449815
42180	8.699735	0.507524	-4.593988	0.102651	0.085639	0.039278	-0.245618	-0.376334	0.893333	-0.855028	0.518311	-0.016737	-0.456726	-0.767936	-0.449083
42181	8.698359	0.512970	-4.371188	0.047981	0.098343	0.044618	-0.245540	-0.375338	0.893774	-0.855118	0.518145	-0.017326	-0.456601	-0.768536	-0.448183
42182	8.980164	0.457276	-4.353317	-0.023221	0.068576	0.064970	-0.245803	-0.374517	0.894046	-0.854776	0.518694	-0.017725	-0.457098	-0.768566	-0.447625
42183	9.283400	0.174403	-4.298150	-0.064730	0.109484	0.049394	-0.245714	-0.373410	0.894533	-0.854339	0.519410	-0.017853	-0.457963	-0.768621	-0.446645
42184	9.072107	-0.088214	-4.216375	-0.069533	0.092250	0.050518	-0.245742	-0.372481	0.894913	-0.853820	0.520260	-0.017916	-0.458914	-0.768497	-0.445881
42185	9.238884	-0.285083	-4.084482	-0.044585	0.081356	0.053324	-0.245814	-0.371569	0.895272	-0.853464	0.520836	-0.018170	-0.459538	-0.768549	-0.445149
42186	9.269386	-0.382919	-3.962803	-0.015510	0.082106	0.053622	-0.245913	-0.370699	0.895606	-0.853186	0.521279	-0.018503	-0.460001	-0.768668	-0.444464
42187	9.272301	-0.450767	-3.877308	0.000031	0.072320	0.053731	-0.246028	-0.369853	0.895923	-0.853033	0.521512	-0.018960	-0.460222	-0.768917	-0.443804
42188	9.267572	-0.524773	-3.760005	0.007002	0.047774	0.051773	-0.246267	-0.369254	0.896105	-0.852866	0.521770	-0.019380	-0.460405	-0.769030	-0.443419
42189	9.234760	-0.543156	-3.676535	-0.003447	0.026757	0.042939	-0.246499	-0.368815	0.896222	-0.852724	0.521990	-0.019725	-0.460543	-0.769092	-0.443167
42190	9.262134	-0.601250	-3.643556	-0.021544	0.002269	0.032719	-0.246782	-0.368661	0.896207	-0.852475	0.522390	-0.019851	-0.460852	-0.768894	-0.443191
42191	9.180607	-0.717341	-3.698577	-0.014656	-0.013152	0.016865	-0.246976	-0.368665	0.896152	-0.852346	0.522600	-0.019913	-0.460988	-0.768749	-0.443300
42192	9.024024	-0.700614	-3.801117	0.009047	-0.036047	0.000942	-0.247162	-0.368968	0.895976	-0.852320	0.522642	-0.019893	-0.460935	-0.768576	-0.443656
42193	8.975007	-0.657167	-3.914384	0.032758	-0.055868	-0.011329	-0.247313	-0.369447	0.895737	-0.852478	0.522383	-0.019912	-0.460561	-0.768521	-0.444138
42194	8.891421	-0.555536	-3.936345	0.074428	-0.069251	-0.027351	-0.247409	-0.370150	0.895421	-0.852827	0.521813	-0.019932	-0.459864	-0.768570	-0.444775
42195	8.895194	-0.406103	-3.951346	0.089816	-0.087860	-0.030216	-0.247544	-0.370974	0.895042	-0.853294	0.521046	-0.020037	-0.458925	-0.768694	-0.445532
42196	8.877875	-0.292572	-4.049497	0.104832	-0.098540	-0.033421	-0.247720	-0.371931	0.894596	-0.853798	0.520215	-0.020142	-0.457891	-0.768794	-0.446421
42197	8.873449	-0.206913	-4.132947	0.110329	-0.110749	-0.034998	-0.247917	-0.372956	0.894115	-0.854369	0.519271	-0.020297	-0.456718	-0.768936	-0.447378
42198	8.827884	-0.126451	-4.190535	0.127316	-0.117231	-0.033929	-0.248170	-0.374057	0.893585	-0.854976	0.518262	-0.020501	-0.455443	-0.769081	-0.448427
42199	8.809135	-0.005116	-4.200732	0.129203	-0.122898	-0.033851	-0.248429	-0.375169	0.893046	-0.855627	0.517177	-0.020754	-0.454077	-0.769270	-0.449486
42200	8.762650	0.050391	-4.263909	0.125796	-0.134740	-0.029265	-0.248797	-0.376379	0.892434	-0.856213	0.516196	-0.020997	-0.452768	-0.769338	-0.450689
42201	8.729295	0.150286	-4.299909	0.122551	-0.138793	-0.022946	-0.249218	-0.377557	0.891819	-0.856804	0.515201	-0.021320	-0.451417	-0.769427	-0.451890
42202	8.742515	0.235510	-4.400908	0.108411	-0.142541	-0.009849	-0.249784	-0.378727	0.891164	-0.857261	0.514427	-0.021660	-0.450235	-0.769370	-0.453163
42203	8.769067	0.292713	-4.486499	0.096182	-0.147217	0.001466	-0.250449	-0.379843	0.890502	-0.857669	0.513727	-0.022084	-0.449087	-0.769287	-0.454442
42204	8.694750	0.338216	-4.504086	0.077156	-0.139929	0.016993	-0.251230	-0.380855	0.889850	-0.857916	0.513296	-0.022524	-0.448178	-0.769075	-0.455697
42205	8.680905	0.365832	-4.566185	0.057259	-0.144965	0.030681	-0.252132	-0.381804	0.889188	-0.858075	0.513008	-0.023032	-0.447366	-0.768797	-0.456962
42206	8.680732	0.341414	-4.616233	0.038689	-0.142495	0.050243	-0.253209	-0.382665	0.888512	-0.858063	0.513003	-0.023591	-0.446781	-0.768372	-0.458247
42207	8.626667	0.363340	-4.650577	0.024083	-0.137209	0.064279	-0.254363	-0.383380	0.887873	-0.857987	0.513099	-0.024247	-0.446271	-0.767951	-0.459449
42208	8.634444	0.353136	-4.642627	0.007451	-0.136703	0.080844	-0.255676	-0.384039	0.887211	-0.857755	0.513454	-0.024933	-0.445967	-0.767384	-0.460689
42209	8.614548	0.348913	-4.674088	-0.010954	-0.133665	0.093645	-0.257065	-0.384575	0.886577	-0.857446	0.513933	-0.025687	-0.445763	-0.766795	-0.461866
42210	8.576343	0.304245	-4.608388	-0.034468	-0.131051	0.110297	-0.258604	-0.385037	0.885929	-0.856947	0.514727	-0.026437	-0.445832	-0.766031	-0.463067
42211	8.618198	0.219720	-4.605339	-0.059158	-0.129166	0.121604	-0.260212	-0.385391	0.885304	-0.856347	0.515683	-0.027214	-0.446048	-0.765209	-0.464216
42212	8.687920	0.151825	-4.559356	-0.050446	-0.137043	0.136374	-0.262001	-0.385761	0.884615	-0.855704	0.516701	-0.028117	-0.446235	-0.764336	-0.465473
42213	8.772032	0.127164	-4.486192	-0.047093	-0.131107	0.147148	-0.263835	-0.385993	0.883968	-0.855087	0.517663	-0.029173	-0.446338	-0.763567	-0.466635
42214	8.916450	0.131183	-4.451143	-0.042761	-0.140075	0.159795	-0.265836	-0.386259	0.883252	-0.854411	0.518713	-0.030315	-0.446445	-0.762719	-0.467917
42215	8.953420	0.180585	-4.392898	-0.045220	-0.143266	0.169389	-0.267913	-0.386464	0.882535	-0.853736	0.519747	-0.031572	-0.446494	-0.761911	-0.469185
42216	8.956176	0.206851	-4.344814	-0.073070	-0.150530	0.181029	-0.270140	-0.386692	0.881756	-0.852861	0.521110	-0.032755	-0.446826	-0.760863	-0.470567
42217	9.008347	0.127968	-4.412326	-0.117349	-0.160218	0.190895	-0.272473	-0.386906	0.880944	-0.851798	0.522776	-0.033858	-0.447436	-0.759611	-0.472008
42218	8.959407	-0.007961	-4.418513	-0.137873	-0.158605	0.193028	-0.274835	-0.387122	0.880115	-0.850589	0.524675	-0.034835	-0.448289	-0.758190	-0.473481
42219	8.993626	-0.202316	-4.526906	-0.150939	-0.165048	0.197783	-0.277247	-0.387324	0.879269	-0.849346	0.526619	-0.035832	-0.449161	-0.756738	-0.474976
42220	8.940228	-0.322595	-4.621297	-0.145651	-0.171535	0.193241	-0.279666	-0.387624	0.878370	-0.848091	0.528573	-0.036767	-0.450031	-0.755221	-0.476564
42221	8.846573	-0.421985	-4.684429	-0.136737	-0.184638	0.186939	-0.282073	-0.388019	0.877426	-0.846930	0.530365	-0.037728	-0.450716	-0.753760	-0.478226
42222	8.780322	-0.528363	-4.709469	-0.120827	-0.194160	0.179815	-0.284478	-0.388547	0.876415	-0.845814	0.532076	-0.038656	-0.451300	-0.752281	-0.480002
42223	8.708536	-0.616128	-4.697289	-0.102971	-0.198881	0.170193	-0.286805	-0.389127	0.875399	-0.844842	0.533547	-0.039624	-0.451647	-0.750938	-0.481774
42224	8.638057	-0.655528	-4.676757	-0.092598	-0.198162	0.162332	-0.289077	-0.389766	0.874366	-0.843896	0.534974	-0.040528	-0.451966	-0.749590	-0.483571
42225	8.633131	-0.659019	-4.728156	-0.093057	-0.199521	0.150962	-0.291243	-0.390444	0.873345	-0.843017	0.536294	-0.041369	-0.452217	-0.748293	-0.485343
42226	8.604070	-0.783587	-4.786351	-0.078429	-0.199222	0.135953	-0.293296	-0.391222	0.872309	-0.842205	0.537510	-0.042106	-0.452402	-0.747012	-0.487139
42227	8.578081	-0.811794	-4.827745	-0.052554	-0.203820	0.125904	-0.295268	-0.392059	0.871267	-0.841576	0.538430	-0.042920	-0.452290	-0.745911	-0.488929
42228	8.529828	-0.775178	-4.808350	-0.038640	-0.202296	0.110067	-0.297116	-0.392991	0.870219	-0.841017	0.539248	-0.043621	-0.452121	-0.744829	-0.490731
42229	8.545908	-0.726569	-4.865700	-0.033147	-0.208697	0.092822	-0.298830	-0.394036	0.869158	-0.840569	0.539894	-0.044237	-0.451823	-0.743808	-0.492551
42230	8.568995	-0.734388	-4.879396	-0.042146	-0.217933	0.080091	-0.300493	-0.395239	0.868038	-0.840082	0.540618	-0.044659	-0.451627	-0.742642	-0.494485
42231	8.620672	-0.749208	-4.855810	-0.040437	-0.230894	0.071443	-0.302126	-0.396558	0.866869	-0.839663	0.541236	-0.045050	-0.451315	-0.741489	-0.496497
42232	8.640785	-0.803716	-4.880147	-0.026015	-0.238028	0.062529	-0.303730	-0.397999	0.865647	-0.839301	0.541768	-0.045397	-0.450912	-0.740327	-0.498592
42233	8.675648	-0.748181	-4.830906	-0.001497	-0.243966	0.053755	-0.305271	-0.399505	0.864410	-0.839110	0.542028	-0.045827	-0.450227	-0.739325	-0.500694
42234	8.681378	-0.684649	-4.820275	0.016667	-0.247246	0.040480	-0.306728	-0.401125	0.863143	-0.839007	0.542155	-0.046197	-0.449427	-0.738354	-0.502841
42235	8.655281	-0.570634	-4.805734	0.017557	-0.248558	0.041195	-0.308180	-0.402729	0.861879	-0.838939	0.542226	-0.046612	-0.448561	-0.737429	-0.504968
42236	8.595183	-0.544328	-4.846402	0.013881	-0.252908	0.037447	-0.309633	-0.404403	0.860573	-0.838830	0.542366	-0.046940	-0.447763	-0.736409	-0.507160
42237	8.597189	-0.552303	-4.849627	0.021413	-0.266344	0.033597	-0.311097	-0.406173	0.859210	-0.838801	0.542379	-0.047309	-0.446802	-0.735424	-0.509431
42238	8.591919	-0.478202	-4.893740	0.018358	-0.272957	0.029427	-0.312567	-0.408030	0.857796	-0.838737	0.542454	-0.047592	-0.445895	-0.734340	-0.511783
42239	8.541924	-0.436484	-4.879418	0.015755	-0.284914	0.021155	-0.314004	-0.409999	0.856331	-0.838720	0.542459	-0.047825	-0.444916	-0.733239	-0.514208
42240	8.525838	-0.396597	-4.861820	0.030122	-0.294192	0.009584	-0.315397	-0.412111	0.854804	-0.838770	0.542366	-0.048000	-0.443835	-0.732123	-0.516726
42241	8.512035	-0.308104	-4.836448	0.020823	-0.300859	0.005285	-0.316765	-0.414276	0.853250	-0.838825	0.542269	-0.048124	-0.442754	-0.730972	-0.519277
42242	8.471408	-0.298701	-4.775003	0.017615	-0.298051	0.010109	-0.318173	-0.416410	0.851686	-0.838818	0.542271	-0.048237	-0.441758	-0.729757	-0.521829
42243	8.446219	-0.290137	-4.852294	0.004662	-0.287472	0.005318	-0.319477	-0.418470	0.850186	-0.838801	0.542293	-0.048277	-0.440848	-0.728561	-0.524264
42244	8.438708	-0.303219	-4.948429	-0.008775	-0.287903	0.007698	-0.320812	-0.420532	0.848665	-0.838690	0.542469	-0.048236	-0.440089	-0.727242	-0.526726
42245	8.519556	-0.296001	-5.048716	0.010096	-0.287400	0.013723	-0.322181	-0.422539	0.847148	-0.838670	0.542487	-0.048376	-0.439126	-0.726064	-0.529150
42246	8.471986	-0.271697	-5.072286	0.027498	-0.287547	0.014436	-0.323568	-0.424554	0.845611	-0.838692	0.542434	-0.048581	-0.438063	-0.724927	-0.531585
42247	8.387314	-0.293275	-5.107389	0.020879	-0.292284	0.014037	-0.324955	-0.426589	0.844054	-0.838718	0.542377	-0.048781	-0.436986	-0.723775	-0.534035
42248	8.357683	-0.334003	-5.192605	0.028152	-0.294666	0.013508	-0.326353	-0.428655	0.842466	-0.838755	0.542301	-0.048988	-0.435871	-0.722609	-0.536518
42249	8.286400	-0.383884	-5.213080	0.036576	-0.296792	0.010276	-0.327722	-0.430735	0.840872	-0.838860	0.542115	-0.049240	-0.434640	-0.721511	-0.538990
42250	8.165071	-0.427558	-5.254723	0.048205	-0.301307	0.007949	-0.329097	-0.432873	0.839236	-0.839000	0.541875	-0.049509	-0.433330	-0.720412	-0.541509
42251	8.103743	-0.395019	-5.330225	0.080278	-0.306117	-0.002991	-0.330386	-0.435086	0.837583	-0.839337	0.541317	-0.049889	-0.431692	-0.719497	-0.544028
42252	8.062916	-0.228523	-5.328578	0.095481	-0.300953	-0.010348	-0.331599	-0.437313	0.835942	-0.839734	0.540667	-0.050260	-0.429987	-0.718635	-0.546511
42253	8.029574	-0.210000	-5.332929	0.088780	-0.301980	-0.013761	-0.332770	-0.439549	0.834302	-0.840141	0.540003	-0.050601	-0.428284	-0.717770	-0.548980
42254	8.029221	-0.217385	-5.338694	0.080329	-0.300998	-0.014023	-0.333942	-0.441788	0.832650	-0.840485	0.539441	-0.050867	-0.426694	-0.716817	-0.551458
42255	7.982766	-0.188012	-5.395384	0.061713	-0.309109	-0.015988	-0.335115	-0.444082	0.830957	-0.840782	0.538962	-0.051044	-0.425187	-0.715759	-0.553990
42256	7.987215	-0.225403	-5.511559	0.059322	-0.305404	-0.020531	-0.336244	-0.446382	0.829267	-0.841052	0.538532	-0.051138	-0.423759	-0.714651	-0.556508
42257	7.993051	-0.153523	-5.539887	0.068479	-0.308804	-0.023109	-0.337346	-0.448705	0.827563	-0.841400	0.537973	-0.051298	-0.422189	-0.713617	-0.559024
42258	8.030702	-0.089010	-5.532246	0.046039	-0.304347	-0.023538	-0.338438	-0.451003	0.825867	-0.841621	0.537627	-0.051298	-0.420873	-0.712428	-0.561527
42259	8.067649	-0.109250	-5.608400	0.033737	-0.299754	-0.012696	-0.339582	-0.453198	0.824194	-0.841786	0.537363	-0.051351	-0.419619	-0.711233	-0.563975
42260	8.105200	-0.087431	-5.642428	0.033510	-0.291806	-0.000296	-0.340806	-0.455276	0.822542	-0.841881	0.537203	-0.051477	-0.418436	-0.710026	-0.566370
42261	8.043618	0.031289	-5.631728	0.029685	-0.281885	0.015975	-0.342109	-0.457183	0.820941	-0.841931	0.537099	-0.051745	-0.417269	-0.708878	-0.568663
42262	8.019396	0.072351	-5.770240	0.017415	-0.276209	0.028134	-0.343506	-0.458993	0.819347	-0.841853	0.537196	-0.052007	-0.416279	-0.707634	-0.570934
42263	8.080007	0.184076	-5.769299	0.005021	-0.267820	0.048732	-0.345021	-0.460618	0.817797	-0.841687	0.537418	-0.052403	-0.415361	-0.706409	-0.573116
42264	8.173542	0.207433	-5.849994	-0.023930	-0.254759	0.069195	-0.346664	-0.462047	0.816295	-0.841302	0.537984	-0.052769	-0.414771	-0.705044	-0.575220
42265	8.147610	0.260849	-5.914395	-0.056121	-0.247236	0.086962	-0.348411	-0.463313	0.814831	-0.840748	0.538814	-0.053123	-0.414430	-0.703576	-0.577259
42266	8.153048	0.301867	-5.908323	-0.102273	-0.236208	0.104708	-0.350274	-0.464416	0.813404	-0.839912	0.540097	-0.053319	-0.414555	-0.701864	-0.579251
42267	8.236637	0.214657	-5.900453	-0.150561	-0.218784	0.128603	-0.352252	-0.465247	0.812073	-0.838817	0.541783	-0.053458	-0.415096	-0.700012	-0.581102
42268	8.188623	0.210612	-5.884369	-0.200873	-0.197671	0.150230	-0.354342	-0.465818	0.810836	-0.837396	0.543979	-0.053438	-0.416185	-0.697926	-0.582829
42269	8.121788	0.163994	-5.892426	-0.257030	-0.188333	0.173092	-0.356566	-0.466180	0.809652	-0.835690	0.546609	-0.053308	-0.417712	-0.695625	-0.584484
42270	8.108680	0.086839	-6.025331	-0.305608	-0.178802	0.193076	-0.358924	-0.466378	0.808495	-0.833683	0.549692	-0.053018	-0.419697	-0.693058	-0.586109
42271	8.104059	-0.039783	-6.008872	-0.353159	-0.177507	0.213066	-0.361436	-0.466425	0.807349	-0.831410	0.553161	-0.052634	-0.422044	-0.690261	-0.587723
42272	8.100602	-0.159322	-6.027000	-0.394153	-0.170989	0.226398	-0.364036	-0.466361	0.806216	-0.828885	0.556989	-0.052078	-0.424766	-0.687219	-0.589324
42273	8.072483	-0.339495	-5.969824	-0.423318	-0.163809	0.243340	-0.366739	-0.466118	0.805131	-0.826172	0.561058	-0.051508	-0.427717	-0.684067	-0.590856
42274	8.045025	-0.513287	-5.948061	-0.433597	-0.169868	0.240935	-0.369454	-0.465935	0.803995	-0.823387	0.565201	-0.050817	-0.430741	-0.680774	-0.592461
42275	8.064889	-0.735727	-5.952819	-0.438677	-0.163948	0.235442	-0.372089	-0.465707	0.802911	-0.820598	0.569308	-0.050073	-0.433785	-0.677499	-0.593992
42276	7.999836	-0.928954	-5.938968	-0.435029	-0.153811	0.223465	-0.374591	-0.465483	0.801877	-0.817826	0.573358	-0.049211	-0.436856	-0.674230	-0.595459
42277	7.854209	-1.072926	-6.006724	-0.405386	-0.137417	0.197189	-0.376794	-0.465268	0.800969	-0.815288	0.577035	-0.048342	-0.439695	-0.671235	-0.596751
42278	7.741042	-1.232510	-6.005617	-0.378162	-0.123563	0.173926	-0.378761	-0.465090	0.800144	-0.812909	0.580457	-0.047408	-0.442400	-0.668401	-0.597931
42279	7.735987	-1.344871	-5.920272	-0.333883	-0.112574	0.155190	-0.380512	-0.464933	0.799405	-0.810819	0.583438	-0.046618	-0.444729	-0.665911	-0.598981
42280	7.731804	-1.458998	-5.834101	-0.296344	-0.096140	0.140984	-0.382089	-0.464756	0.798755	-0.808905	0.586146	-0.045895	-0.446857	-0.663653	-0.599903
42281	7.749224	-1.530763	-5.612832	-0.231824	-0.074998	0.125900	-0.383433	-0.464508	0.798255	-0.807364	0.588298	-0.045475	-0.448489	-0.661919	-0.600600
42282	7.796730	-1.481144	-5.166874	-0.164990	-0.033213	0.114823	-0.384502	-0.464069	0.797996	-0.806154	0.589966	-0.045343	-0.449748	-0.660742	-0.600954
42283	8.031004	-1.332322	-4.580996	-0.107482	0.053762	0.099200	-0.385050	-0.463122	0.798282	-0.805267	0.591167	-0.045455	-0.450866	-0.660333	-0.600566
42284	8.129992	-0.898246	-4.317590	-0.113353	0.171590	0.093145	-0.385008	-0.461453	0.799268	-0.804387	0.592362	-0.045477	-0.452470	-0.660430	-0.599252
42285	8.128048	-0.328394	-4.142141	-0.221308	0.294254	0.072516	-0.384246	-0.459074	0.801003	-0.803083	0.594189	-0.044700	-0.455426	-0.660447	-0.596990
42286	8.449017	0.146942	-3.875332	-0.365047	0.420434	0.051415	-0.382736	-0.455989	0.803484	-0.801163	0.596908	-0.042875	-0.460056	-0.660132	-0.593780
42287	8.943811	0.364549	-3.942751	-0.573477	0.572994	0.032497	-0.380331	-0.452009	0.806868	-0.798360	0.600870	-0.039711	-0.466873	-0.659274	-0.589395
42288	8.722422	0.294241	-4.130048	-0.725911	0.708471	0.026519	-0.377188	-0.447197	0.811014	-0.794820	0.605799	-0.035616	-0.475384	-0.658045	-0.583941
42289	8.836170	0.132031	-4.031043	-0.837614	0.816531	0.016043	-0.373384	-0.441727	0.815758	-0.790715	0.611407	-0.030849	-0.485133	-0.656551	-0.577569
42290	8.836599	-0.032294	-4.057355	-0.895857	0.931767	0.013986	-0.368902	-0.435526	0.821114	-0.786262	0.617355	-0.025793	-0.495685	-0.655126	-0.570181
42291	8.988651	-0.042366	-4.222629	-0.926280	1.055806	0.026171	-0.363805	-0.428448	0.827090	-0.781499	0.623562	-0.020734	-0.506858	-0.653914	-0.561686
42292	9.137165	0.033026	-4.300138	-0.921900	1.168961	0.036867	-0.358081	-0.420551	0.833615	-0.776611	0.629781	-0.015876	-0.518319	-0.653079	-0.552117
42293	9.225079	-0.001987	-4.311340	-0.894417	1.277918	0.049375	-0.351756	-0.411890	0.840604	-0.771723	0.635857	-0.011367	-0.529822	-0.652712	-0.541532
42294	9.269794	-0.027906	-4.332896	-0.845790	1.380536	0.056180	-0.344771	-0.402498	0.848015	-0.766981	0.641629	-0.007286	-0.541178	-0.652923	-0.529923
42295	9.387069	-0.087118	-4.346502	-0.758829	1.464703	0.063376	-0.337239	-0.392514	0.855688	-0.762591	0.646870	-0.003822	-0.552019	-0.653829	-0.517477
42296	9.429993	-0.052778	-4.314317	-0.631433	1.549931	0.066959	-0.329086	-0.381880	0.863638	-0.758861	0.651251	-0.001193	-0.561990	-0.655774	-0.504112
42297	9.522065	0.037559	-4.156209	-0.501974	1.617597	0.065793	-0.320409	-0.370815	0.871685	-0.755777	0.654829	0.000760	-0.571086	-0.658555	-0.490066
42298	9.485865	0.171944	-4.033679	-0.410515	1.676344	0.066384	-0.311240	-0.359261	0.879807	-0.753179	0.657812	0.002168	-0.579527	-0.661978	-0.475325
42299	9.483517	0.327078	-3.985447	-0.352869	1.724209	0.066376	-0.301667	-0.347372	0.887879	-0.750888	0.660421	0.003259	-0.587506	-0.665715	-0.460065
42300	9.483358	0.452536	-3.850514	-0.304584	1.754523	0.054149	-0.291674	-0.335251	0.895842	-0.748917	0.662651	0.004147	-0.595020	-0.669702	-0.444354
42301	9.545992	0.499610	-3.724241	-0.279790	1.780516	0.050943	-0.281385	-0.322948	0.903619	-0.747068	0.664730	0.004935	-0.602256	-0.673676	-0.428309
42302	9.625300	0.520863	-3.523487	-0.252590	1.808084	0.032729	-0.270650	-0.310458	0.911243	-0.745413	0.666579	0.005705	-0.609187	-0.677708	-0.411829
42303	9.567055	0.646937	-3.377030	-0.254710	1.823684	0.014061	-0.259572	-0.297964	0.918607	-0.743786	0.668385	0.006628	-0.615959	-0.681527	-0.395116
42304	9.524602	0.773689	-3.303570	-0.271439	1.821114	-0.006155	-0.248215	-0.285533	0.925667	-0.742080	0.670267	0.007765	-0.622661	-0.684991	-0.378259
42305	9.525515	0.845208	-3.220289	-0.293968	1.805663	-0.023906	-0.236724	-0.273292	0.932348	-0.740267	0.672251	0.009097	-0.629258	-0.688033	-0.361447
42306	9.591021	0.887558	-3.128744	-0.309981	1.779228	-0.040951	-0.225134	-0.261283	0.938640	-0.738364	0.674319	0.010608	-0.635715	-0.690669	-0.344735
42307	9.655516	0.954428	-3.030483	-0.329398	1.733946	-0.046070	-0.213706	-0.249594	0.944475	-0.736329	0.676514	0.012172	-0.641988	-0.692843	-0.328358
42308	9.762525	1.052119	-2.945694	-0.334849	1.697897	-0.054116	-0.202322	-0.238164	0.949918	-0.734242	0.678748	0.013791	-0.648039	-0.694679	-0.312195
42309	9.801571	1.117672	-2.841106	-0.354982	1.656226	-0.063368	-0.191063	-0.227072	0.954952	-0.732024	0.681103	0.015494	-0.653939	-0.696087	-0.296356
42310	9.799789	1.101960	-2.865858	-0.368504	1.627981	-0.069561	-0.179826	-0.216191	0.959648	-0.729689	0.683561	0.017259	-0.659709	-0.697141	-0.280674
42311	9.729632	1.079934	-2.808092	-0.358477	1.603159	-0.075655	-0.168644	-0.205519	0.964013	-0.727414	0.685936	0.018983	-0.665153	-0.698035	-0.265176
42312	9.636361	1.077423	-2.739358	-0.344869	1.565894	-0.084719	-0.157537	-0.195153	0.968038	-0.725202	0.688225	0.020726	-0.670272	-0.698757	-0.249946
42313	9.564446	1.101617	-2.677622	-0.331574	1.519454	-0.090893	-0.146646	-0.185152	0.971707	-0.723076	0.690404	0.022428	-0.675023	-0.699329	-0.235124
42314	9.500713	1.095255	-2.611662	-0.324954	1.454264	-0.098184	-0.136051	-0.175651	0.975006	-0.720962	0.692553	0.024163	-0.679488	-0.699655	-0.220860
42315	9.418248	1.128521	-2.587720	-0.303690	1.403427	-0.110909	-0.125676	-0.166593	0.977984	-0.719004	0.694523	0.025911	-0.683549	-0.699918	-0.207066
42316	9.367390	1.129892	-2.485677	-0.307999	1.342538	-0.128927	-0.115511	-0.158090	0.980645	-0.716991	0.696527	0.027832	-0.687446	-0.699898	-0.193806
42317	9.324095	1.079261	-2.387352	-0.345508	1.289039	-0.141379	-0.105600	-0.150052	0.983022	-0.714731	0.698761	0.029882	-0.691381	-0.699441	-0.181036
42318	9.254683	0.921685	-2.356742	-0.365693	1.241022	-0.153518	-0.095864	-0.142453	0.985148	-0.712287	0.701155	0.032076	-0.695311	-0.698634	-0.168683
42319	9.089180	0.794024	-2.291175	-0.347125	1.182782	-0.163520	-0.086444	-0.135337	0.987021	-0.709982	0.703386	0.034266	-0.698894	-0.697805	-0.156890
42320	8.992639	0.678744	-2.253710	-0.326252	1.127059	-0.178853	-0.077244	-0.128745	0.988665	-0.707775	0.705490	0.036572	-0.702202	-0.696927	-0.145617
42321	8.838374	0.683963	-2.268315	-0.303747	1.082816	-0.188757	-0.068278	-0.122531	0.990113	-0.705740	0.707403	0.038877	-0.705173	-0.696108	-0.134775
42322	8.727433	0.667998	-2.230628	-0.291885	1.030499	-0.205414	-0.059513	-0.116830	0.991367	-0.703737	0.709257	0.041338	-0.707963	-0.695202	-0.124428
42323	8.611073	0.522267	-2.331712	-0.290465	0.994477	-0.223069	-0.050880	-0.111500	0.992461	-0.701765	0.711054	0.043908	-0.710590	-0.694240	-0.114425
42324	8.526589	0.431890	-2.371966	-0.260506	0.952597	-0.239800	-0.042384	-0.106616	0.993396	-0.699946	0.712672	0.046624	-0.712937	-0.693348	-0.104832
42325	8.497379	0.417728	-2.456575	-0.228374	0.918737	-0.256176	-0.034022	-0.102071	0.994195	-0.698378	0.714022	0.049408	-0.714920	-0.692643	-0.095577
42326	8.460212	0.359798	-2.506048	-0.189558	0.889038	-0.267897	-0.025756	-0.097855	0.994867	-0.697020	0.715142	0.052296	-0.716589	-0.692096	-0.086626
42327	8.413716	0.391376	-2.520919	-0.156341	0.857644	-0.283625	-0.017617	-0.093945	0.995422	-0.695925	0.715986	0.055256	-0.717899	-0.691765	-0.077992
42328	8.419911	0.423750	-2.525254	-0.123498	0.827597	-0.300015	-0.009553	-0.090401	0.995860	-0.694993	0.716642	0.058388	-0.718953	-0.691558	-0.069674
42329	8.483289	0.484011	-2.453894	-0.093627	0.804605	-0.313454	-0.001576	-0.087079	0.996200	-0.694301	0.717045	0.061580	-0.719683	-0.691566	-0.061589
42330	8.790365	0.877529	-2.146416	-0.043706	0.770889	-0.319749	0.006223	-0.084079	0.996440	-0.693889	0.717156	0.064846	-0.720055	-0.691822	-0.053878
42331	8.962475	1.063331	-2.324876	-0.261496	0.659605	-0.307695	0.013123	-0.081724	0.996569	-0.691938	0.718742	0.068052	-0.721838	-0.690457	-0.047116
42332	8.562671	0.654641	-3.000157	-0.367721	0.528704	-0.255947	0.018742	-0.079970	0.996621	-0.689142	0.721156	0.070826	-0.724383	-0.688141	-0.041595
42333	8.395981	0.417878	-3.027201	-0.320475	0.403737	-0.198974	0.023051	-0.078627	0.996638	-0.686739	0.723235	0.072942	-0.726538	-0.686112	-0.037325
42334	8.550823	0.226451	-3.008371	-0.265987	0.287255	-0.147537	0.026178	-0.077785	0.996626	-0.684666	0.725032	0.074571	-0.728387	-0.684308	-0.034277
