// General information: 
//  MT Manager version: 2022.2.0 
//  XDA version: 2022.2.0 build 7381 rev 124627 built on 2023-07-19
// Device information: 
//  DeviceId: 00B4CBA7
//  ProductCode: MTW2-3A7G6
//  Firmware Version: 4.6.0
//  Hardware Version: 2.0.0
// Device settings: 
//  Filter Profile: human(46.1)
//  Option Flags: Orientation Smoother Disabled, Position/Velocity Smoother Disabled, Continuous Zero Rotation Update Disabled, AHS Disabled, ICC Disabled
// Coordinate system: ENU
PacketCounter	Acc_X	Acc_Y	Acc_Z	Gyr_X	Gyr_Y	Gyr_Z	Mat[1][1]	Mat[2][1]	Mat[3][1]	Mat[1][2]	Mat[2][2]	Mat[3][2]	Mat[1][3]	Mat[2][3]	Mat[3][3]
01771	9.805148	-0.208798	-1.614866	-0.123147	0.013874	-0.030252	-0.089631	-0.068673	0.993605	-0.496583	0.867857	0.015187	-0.863349	-0.492046	-0.111889
01772	9.766973	-0.154664	-1.368212	-0.127996	0.029614	-0.039716	-0.089148	-0.068897	0.993633	-0.495512	0.868458	0.015761	-0.864014	-0.490952	-0.111561
01773	9.649000	-0.204430	-1.110138	-0.156554	0.033962	-0.041545	-0.088631	-0.069142	0.993662	-0.494218	0.869183	0.016398	-0.864808	-0.489632	-0.111208
01774	9.588653	-0.218865	-0.913199	-0.141902	0.034617	-0.047415	-0.088068	-0.069410	0.993693	-0.493032	0.869844	0.017063	-0.865543	-0.488419	-0.110827
01775	9.580079	0.042526	-0.827627	-0.127339	0.028924	-0.053841	-0.087517	-0.069774	0.993716	-0.491933	0.870451	0.017794	-0.866223	-0.487284	-0.110503
01776	9.652291	0.044941	-0.769251	-0.132673	0.018897	-0.057600	-0.087041	-0.070208	0.993728	-0.490833	0.871056	0.018549	-0.866895	-0.486140	-0.110278
01777	9.748043	-0.068592	-0.846332	-0.105810	0.008337	-0.065473	-0.086630	-0.070767	0.993724	-0.489924	0.871550	0.019356	-0.867450	-0.485173	-0.110173
01778	9.769630	-0.038966	-0.861158	-0.086206	0.004565	-0.069963	-0.086219	-0.071379	0.993716	-0.489236	0.871918	0.020182	-0.867879	-0.484422	-0.110097
01779	9.847867	-0.096620	-0.923898	-0.064632	-0.005129	-0.072323	-0.085908	-0.072056	0.993694	-0.488689	0.872205	0.020998	-0.868218	-0.483804	-0.110142
01780	9.798494	-0.117964	-0.841767	-0.054247	-0.005607	-0.075673	-0.085557	-0.072768	0.993672	-0.488282	0.872412	0.021846	-0.868482	-0.483324	-0.110173
01781	9.749635	-0.061204	-0.840159	-0.040943	-0.010973	-0.080360	-0.085225	-0.073575	0.993642	-0.488044	0.872522	0.022747	-0.868648	-0.483003	-0.110268
01782	9.655586	0.167084	-0.769188	-0.034301	-0.020078	-0.078582	-0.084986	-0.074383	0.993602	-0.487813	0.872629	0.023602	-0.868802	-0.482686	-0.110446
01783	9.558004	0.428326	-0.926835	-0.057545	-0.031019	-0.077456	-0.084842	-0.075273	0.993547	-0.487492	0.872784	0.024495	-0.868995	-0.482268	-0.110744
01784	9.580151	0.422121	-1.152120	-0.070190	-0.040661	-0.078424	-0.084784	-0.076179	0.993483	-0.486948	0.873062	0.025389	-0.869306	-0.481622	-0.111117
01785	9.729757	0.348754	-1.376340	-0.060999	-0.034496	-0.079442	-0.084631	-0.077056	0.993428	-0.486343	0.873372	0.026312	-0.869660	-0.480920	-0.111390
01786	9.802707	0.362689	-1.463197	-0.033360	-0.026922	-0.082408	-0.084435	-0.077930	0.993377	-0.486122	0.873467	0.027204	-0.869802	-0.480605	-0.111635
01787	9.766058	0.357063	-1.419782	-0.028113	-0.018307	-0.087796	-0.084122	-0.078815	0.993334	-0.485888	0.873567	0.028164	-0.869964	-0.480279	-0.111782
01788	9.783669	0.233036	-1.357141	-0.044664	-0.006813	-0.083450	-0.083747	-0.079602	0.993303	-0.485568	0.873715	0.029080	-0.870178	-0.479881	-0.111823
01789	9.677146	0.175237	-1.214001	-0.050431	-0.003053	-0.089261	-0.083331	-0.080421	0.993272	-0.485157	0.873910	0.030054	-0.870447	-0.479388	-0.111840
01790	9.642710	0.237779	-1.027855	-0.074220	-0.005105	-0.090963	-0.082905	-0.081265	0.993239	-0.484586	0.874192	0.031077	-0.870806	-0.478733	-0.111855
01791	9.583849	0.155578	-0.894839	-0.105235	-0.012808	-0.098353	-0.082532	-0.082241	0.993189	-0.483852	0.874557	0.032211	-0.871249	-0.477899	-0.111971
01792	9.546348	0.050785	-0.845123	-0.091475	-0.022479	-0.100919	-0.082210	-0.083257	0.993131	-0.483138	0.874909	0.033352	-0.871676	-0.477077	-0.112151
01793	9.608405	0.028897	-0.887652	-0.032504	-0.030022	-0.113463	-0.081908	-0.084429	0.993057	-0.482955	0.874963	0.034554	-0.871806	-0.476772	-0.112442
01794	9.613986	0.418764	-0.906992	0.035290	-0.041336	-0.120753	-0.081656	-0.085707	0.992969	-0.483361	0.874691	0.035749	-0.871605	-0.477043	-0.112851
01795	9.574691	1.338674	-0.592934	-0.024783	-0.064699	-0.125273	-0.081613	-0.087148	0.992847	-0.483301	0.874670	0.037047	-0.871642	-0.476820	-0.113503
01796	9.850118	1.198463	-0.325398	-0.317549	-0.082531	-0.124949	-0.081701	-0.088659	0.992706	-0.480632	0.876069	0.038685	-0.873108	-0.473966	-0.114188
01797	9.784053	-0.122168	-0.342299	-0.455254	-0.106726	-0.126389	-0.081949	-0.090324	0.992535	-0.476725	0.878117	0.040550	-0.875224	-0.469844	-0.115021
01798	9.601127	-0.943565	-0.375233	-0.304220	-0.133793	-0.143319	-0.082411	-0.092236	0.992321	-0.474178	0.879409	0.042361	-0.876564	-0.467046	-0.116209
01799	9.636701	-0.352900	-0.259336	-0.183969	-0.168238	-0.166263	-0.083035	-0.094508	0.992055	-0.472622	0.880152	0.044289	-0.877345	-0.465189	-0.117750
01800	9.776770	-0.003801	-0.406825	-0.167044	-0.188671	-0.178903	-0.083817	-0.096985	0.991750	-0.471304	0.880755	0.046299	-0.877979	-0.463535	-0.119532
01801	9.777835	0.115413	-0.703539	-0.133858	-0.211822	-0.180036	-0.084895	-0.099562	0.991403	-0.470386	0.881143	0.048210	-0.878368	-0.462249	-0.121637
01802	10.214305	0.124513	-0.808622	-0.123085	-0.241567	-0.158926	-0.086241	-0.102104	0.991028	-0.469440	0.881549	0.049973	-0.878743	-0.460918	-0.123957
01803	10.249821	0.598458	-0.474526	-0.197590	-0.276313	-0.116729	-0.088124	-0.104425	0.990621	-0.467838	0.882319	0.051390	-0.879410	-0.458922	-0.126607
01804	9.635195	0.969757	0.277010	-0.335042	-0.319899	-0.136779	-0.090272	-0.107121	0.990139	-0.465011	0.883704	0.053210	-0.880690	-0.455623	-0.129586
01805	9.401832	0.546370	1.070624	-0.436429	-0.384914	-0.168263	-0.092836	-0.110398	0.989542	-0.461409	0.885450	0.055497	-0.882317	-0.451432	-0.133140
01806	9.310281	-0.200883	1.462904	-0.469667	-0.472781	-0.182744	-0.096143	-0.114167	0.988798	-0.457434	0.887352	0.057977	-0.884031	-0.446736	-0.137536
01807	9.221255	-0.709599	1.498120	-0.420496	-0.573614	-0.203475	-0.100322	-0.118528	0.987870	-0.454017	0.888933	0.060550	-0.885327	-0.442435	-0.142993
01808	9.397484	-0.661123	1.197832	-0.195918	-0.670845	-0.233888	-0.105173	-0.123593	0.986744	-0.452523	0.889512	0.063182	-0.885529	-0.439879	-0.149482
01809	9.651644	0.176379	0.840712	-0.024464	-0.773075	-0.257139	-0.110877	-0.129273	0.985391	-0.452688	0.889244	0.065722	-0.884748	-0.438787	-0.157117
01810	10.173722	0.631694	0.113892	0.052091	-0.848979	-0.273413	-0.117117	-0.135452	0.983838	-0.453461	0.888650	0.068366	-0.883548	-0.438125	-0.165498
01811	10.525294	1.364043	-0.368455	0.032485	-0.907706	-0.266336	-0.123981	-0.141783	0.982103	-0.454262	0.888046	0.070858	-0.882199	-0.437347	-0.174507
01812	10.660843	1.742478	-0.552146	-0.127865	-0.946061	-0.245034	-0.131184	-0.148111	0.980231	-0.453448	0.888245	0.073527	-0.881576	-0.434839	-0.183684
01813	10.564404	1.490549	-0.499853	-0.314894	-0.989185	-0.224553	-0.138919	-0.154361	0.978199	-0.451008	0.889255	0.076275	-0.881642	-0.430580	-0.193153
01814	10.975860	0.998612	-0.248218	-0.380775	-1.021191	-0.210807	-0.146949	-0.160634	0.976014	-0.447954	0.890549	0.079124	-0.881898	-0.425582	-0.202822
01815	11.083851	0.995413	0.213366	-0.437657	-1.040857	-0.211507	-0.155242	-0.166924	0.973671	-0.444615	0.891958	0.082026	-0.882166	-0.420175	-0.212687
01816	10.807628	0.566695	0.282907	-0.378990	-1.117266	-0.235899	-0.164026	-0.173721	0.971039	-0.441650	0.893134	0.085181	-0.882066	-0.414888	-0.223221
01817	11.180378	1.103430	0.387625	-0.312103	-1.183562	-0.257720	-0.173379	-0.180921	0.968095	-0.439590	0.893846	0.088317	-0.881306	-0.410253	-0.234505
01818	11.527128	0.996595	0.431107	-0.323905	-1.235862	-0.275571	-0.183031	-0.188450	0.964876	-0.437231	0.894652	0.091794	-0.880527	-0.405073	-0.246146
01819	11.727445	1.047974	0.348452	-0.205159	-1.295964	-0.293111	-0.193279	-0.196317	0.961303	-0.436358	0.894745	0.094991	-0.878769	-0.401112	-0.258600
01820	11.681090	0.938657	0.148292	-0.054194	-1.351730	-0.302784	-0.203794	-0.204453	0.957427	-0.436488	0.894349	0.098074	-0.876326	-0.397918	-0.271504
01821	11.644900	0.683810	-0.051053	0.246400	-1.420201	-0.328750	-0.214881	-0.213008	0.953128	-0.439522	0.892604	0.100392	-0.872150	-0.397349	-0.285425
01822	11.419493	0.379403	-0.337198	0.585209	-1.469787	-0.336065	-0.226144	-0.221884	0.948486	-0.445355	0.889535	0.101908	-0.866324	-0.399368	-0.299980
01823	11.217268	0.343477	-0.786059	0.950044	-1.534486	-0.320814	-0.238051	-0.230879	0.943412	-0.454560	0.884873	0.101853	-0.858316	-0.404592	-0.315594
01824	11.021200	-0.179232	-1.652013	1.316392	-1.577344	-0.279634	-0.250198	-0.239814	0.938024	-0.466484	0.878830	0.100256	-0.848407	-0.412489	-0.331751
01825	10.922571	-0.154467	-2.635892	1.581261	-1.556145	-0.222084	-0.262331	-0.248289	0.932489	-0.480735	0.871505	0.096809	-0.836705	-0.422884	-0.347984
01826	10.422853	0.289624	-3.228620	1.423424	-1.489665	-0.138815	-0.274012	-0.255883	0.927061	-0.492948	0.865067	0.093070	-0.825784	-0.431490	-0.363176
01827	9.839192	-1.197895	-4.361986	1.264576	-1.408430	-0.023873	-0.285570	-0.262262	0.921775	-0.503809	0.859280	0.088398	-0.815246	-0.439155	-0.377514
01828	9.310552	-1.183870	-5.161136	1.400419	-1.310045	0.055097	-0.296433	-0.267623	0.916791	-0.514998	0.853208	0.082544	-0.804304	-0.447677	-0.390744
01829	8.771266	-0.103488	-5.557376	1.413879	-1.185201	0.090267	-0.306454	-0.272275	0.912114	-0.526434	0.846820	0.075912	-0.793066	-0.456905	-0.402846
01830	8.258710	0.465806	-5.843252	1.194566	-1.066150	0.107639	-0.315402	-0.276299	0.907844	-0.535526	0.841606	0.070088	-0.783411	-0.464068	-0.413410
01831	8.003849	0.466608	-6.143092	0.937204	-0.931601	0.129586	-0.323431	-0.279620	0.903994	-0.542757	0.837384	0.064829	-0.775118	-0.469681	-0.422602
01832	8.027796	1.696468	-5.330824	0.601624	-0.722777	0.121516	-0.329649	-0.282032	0.900994	-0.547017	0.834882	0.061199	-0.769483	-0.472684	-0.429494
01833	8.091830	1.551082	-4.756141	-0.056870	-0.464967	0.100595	-0.333832	-0.283380	0.899028	-0.546439	0.835319	0.060392	-0.768089	-0.471103	-0.433706
01834	8.212943	0.119284	-3.598633	-0.331232	-0.168185	0.088944	-0.335583	-0.283448	0.898354	-0.543606	0.837117	0.061061	-0.769335	-0.467860	-0.435007
01835	7.579883	-0.914758	-3.109727	-0.291065	0.103928	0.105644	-0.335365	-0.282054	0.898875	-0.541127	0.838705	0.061282	-0.771175	-0.465854	-0.433899
01836	7.366909	-1.696077	-3.343178	-0.086470	0.354796	0.127503	-0.333289	-0.279354	0.900489	-0.540045	0.839456	0.060538	-0.772833	-0.466128	-0.430645
01837	7.331450	-0.675046	-3.400664	0.117027	0.596538	0.130486	-0.329365	-0.275420	0.903140	-0.540620	0.839212	0.058766	-0.774111	-0.468901	-0.425305
01838	7.426775	0.404606	-3.331599	-0.020997	0.838606	0.133627	-0.323557	-0.270379	0.906756	-0.540032	0.839666	0.057674	-0.776966	-0.471016	-0.417693
01839	7.519531	0.415450	-3.581600	-0.218570	1.066829	0.154402	-0.316016	-0.264055	0.911268	-0.537979	0.841020	0.057135	-0.781481	-0.472187	-0.407832
01840	7.609932	0.505720	-3.309337	-0.391720	1.284618	0.189120	-0.306925	-0.256418	0.916541	-0.534328	0.843353	0.057010	-0.787585	-0.472235	-0.395858
01841	7.674836	0.181285	-3.165364	-0.524393	1.477300	0.235256	-0.296443	-0.247412	0.922447	-0.529576	0.846357	0.056816	-0.794777	-0.471663	-0.381920
01842	7.687394	-0.204626	-3.167688	-0.513668	1.657562	0.281916	-0.284666	-0.237228	0.928810	-0.524665	0.849454	0.056158	-0.802304	-0.471328	-0.366276
01843	7.816378	-0.000256	-3.147013	-0.449048	1.821350	0.331013	-0.271639	-0.225791	0.935538	-0.520225	0.852279	0.054646	-0.809678	-0.471846	-0.348975
01844	8.088555	0.319654	-3.217689	-0.470772	1.966073	0.374921	-0.257560	-0.213332	0.942418	-0.515413	0.855317	0.052755	-0.817320	-0.472147	-0.330250
01845	8.203717	0.582977	-3.348700	-0.517158	2.102491	0.430683	-0.242434	-0.199676	0.949397	-0.510197	0.858586	0.050296	-0.825182	-0.472186	-0.310024
01846	8.416020	1.038138	-3.286566	-0.606539	2.206128	0.498950	-0.226642	-0.184999	0.956247	-0.504005	0.862400	0.047388	-0.833434	-0.471213	-0.288696
01847	8.687032	1.078470	-3.048150	-0.759626	2.283163	0.599213	-0.210438	-0.169053	0.962879	-0.496430	0.866975	0.043720	-0.842184	-0.468802	-0.266368
01848	8.704254	0.684346	-2.824472	-0.831910	2.331411	0.687672	-0.194059	-0.152207	0.969110	-0.488003	0.871960	0.039228	-0.850996	-0.465316	-0.243489
01849	8.793819	0.110201	-2.704152	-0.704095	2.352233	0.742614	-0.177487	-0.134757	0.974853	-0.480701	0.876241	0.033606	-0.858735	-0.462648	-0.220299
01850	8.633767	0.084802	-2.508365	-0.507816	2.358726	0.769184	-0.160805	-0.117131	0.980011	-0.475029	0.879550	0.027179	-0.865153	-0.461163	-0.197077
01851	8.625570	-0.067067	-2.915512	-0.346477	2.343721	0.763195	-0.144010	-0.099569	0.984554	-0.470953	0.881925	0.020304	-0.870324	-0.460755	-0.173898
01852	8.882844	-0.395954	-3.295604	-0.155652	2.340581	0.729190	-0.126993	-0.082362	0.988478	-0.468613	0.883302	0.013394	-0.874228	-0.461513	-0.150770
01853	9.441062	-0.703813	-3.353659	-0.032120	2.301997	0.704981	-0.110073	-0.065452	0.991766	-0.467588	0.883923	0.006439	-0.877066	-0.463029	-0.127900
01854	9.417667	-0.673421	-3.049925	0.113403	2.222845	0.658685	-0.093613	-0.049335	0.994386	-0.467918	0.883772	-0.000203	-0.878800	-0.465310	-0.105817
01855	9.145717	-1.031547	-3.148702	0.277831	2.109904	0.502831	-0.077359	-0.034985	0.996389	-0.470022	0.882638	-0.005501	-0.879258	-0.468750	-0.084724
01856	9.106022	-1.631551	-3.459899	0.612504	1.974616	0.298719	-0.061398	-0.023060	0.997847	-0.475200	0.879833	-0.008906	-0.877733	-0.474723	-0.064978
01857	9.260043	-1.161859	-3.003742	0.871710	1.793276	0.088804	-0.046083	-0.013654	0.998844	-0.482867	0.875633	-0.010308	-0.874480	-0.482784	-0.046944
01858	9.431731	-0.829386	-2.319913	0.924511	1.555716	-0.052601	-0.032226	-0.006561	0.999459	-0.490958	0.871125	-0.010112	-0.870587	-0.491018	-0.031294
01859	9.184324	-0.051924	-1.841209	1.036748	1.246185	-0.074772	-0.020980	-0.000968	0.999779	-0.500063	0.865935	-0.009655	-0.865735	-0.500155	-0.018651
01860	8.286561	0.780868	-2.129412	1.128740	0.911244	-0.053758	-0.012818	0.003148	0.999913	-0.509815	0.860235	-0.009244	-0.860189	-0.509889	-0.009422
01861	8.096693	1.240243	-1.943198	1.231799	0.575427	0.010326	-0.007900	0.006242	0.999949	-0.520441	0.853845	-0.009441	-0.853861	-0.520489	-0.003496
01862	8.741573	0.491932	-2.274575	1.353273	0.240636	0.138238	-0.006554	0.008663	0.999941	-0.531941	0.846713	-0.010822	-0.846756	-0.531980	-0.000941
01863	5.600563	-0.475979	-3.370367	2.113456	-0.262828	0.144692	-0.009498	0.008489	0.999919	-0.549768	0.835227	-0.012313	-0.835264	-0.549840	-0.003266
01864	8.397986	3.643792	-2.512483	2.066480	-0.547707	0.042593	-0.014251	0.005764	0.999882	-0.566906	0.823683	-0.012828	-0.823659	-0.567022	-0.008471
01865	9.678543	4.166150	-1.585903	1.373532	-0.543778	-0.153274	-0.017788	0.001413	0.999841	-0.578222	0.815799	-0.011440	-0.815685	-0.578334	-0.013695
01866	10.380362	3.621317	-1.228271	1.404486	-0.439715	-0.240965	-0.019922	-0.003130	0.999797	-0.589668	0.807593	-0.009221	-0.807400	-0.589732	-0.017934
01867	10.238602	5.079207	-0.528120	1.737843	-0.349527	-0.220937	-0.021370	-0.006995	0.999747	-0.603661	0.797207	-0.007325	-0.796955	-0.603665	-0.021259
01868	10.577364	7.058948	-0.594937	1.617363	-0.336340	-0.136180	-0.023174	-0.010144	0.999680	-0.616504	0.787327	-0.006302	-0.787011	-0.616452	-0.024499
01869	12.180827	6.722643	-0.121288	0.692895	-0.424571	-0.034663	-0.026257	-0.013077	0.999570	-0.621922	0.783055	-0.006092	-0.782639	-0.621814	-0.028693
01870	13.619212	0.238541	0.440564	-0.114665	-0.558533	0.123355	-0.031367	-0.015598	0.999386	-0.620992	0.783784	-0.007258	-0.783189	-0.620838	-0.034272
01871	12.154805	-5.147148	0.725216	0.169798	-0.672195	0.237266	-0.038073	-0.017966	0.999113	-0.622199	0.782800	-0.009634	-0.781933	-0.622014	-0.040982
01872	10.220773	-3.182347	0.141880	0.871035	-0.774870	0.247321	-0.045628	-0.020900	0.998740	-0.628885	0.777399	-0.012463	-0.776159	-0.628661	-0.048614
01873	10.215282	2.800243	0.230918	0.776474	-0.841164	0.209265	-0.053402	-0.024636	0.998269	-0.634793	0.772539	-0.014893	-0.770835	-0.634489	-0.056894
01874	9.832225	1.318349	-1.103836	0.106312	-0.796299	0.213623	-0.060863	-0.028058	0.997752	-0.635493	0.771918	-0.017058	-0.769704	-0.635102	-0.064812
01875	9.488667	-0.101625	-2.993007	0.043901	-0.747268	0.227701	-0.068021	-0.031080	0.997200	-0.635660	0.771728	-0.019306	-0.768967	-0.635193	-0.072250
01876	9.695639	0.379700	-3.699275	-0.046638	-0.699694	0.245388	-0.074930	-0.033646	0.996621	-0.635129	0.772101	-0.021686	-0.768763	-0.634608	-0.079223
01877	10.281844	0.798792	-3.734291	-0.019258	-0.632668	0.270805	-0.081480	-0.035610	0.996039	-0.634735	0.772348	-0.024311	-0.768422	-0.634201	-0.085534
01878	10.283808	1.923463	-3.411703	-0.008261	-0.547713	0.308943	-0.087619	-0.036714	0.995477	-0.634414	0.772509	-0.027349	-0.768011	-0.633941	-0.090978
01879	10.123287	2.316619	-2.834140	-0.221440	-0.484744	0.361200	-0.093600	-0.037047	0.994920	-0.632335	0.774088	-0.030665	-0.769020	-0.631993	-0.095880
01880	9.982426	1.595799	-2.286575	-0.496826	-0.431221	0.386059	-0.099326	-0.036786	0.994375	-0.628140	0.777358	-0.033986	-0.771735	-0.627982	-0.100318
01881	9.704409	-0.940655	-2.366588	-0.532652	-0.381034	0.387043	-0.104681	-0.036222	0.993846	-0.623568	0.780882	-0.037220	-0.774729	-0.623627	-0.104331
01882	9.629122	-2.025871	-2.288082	-0.294455	-0.343172	0.365079	-0.109585	-0.035521	0.993343	-0.620899	0.782844	-0.040503	-0.776193	-0.621204	-0.107843
01883	9.630105	-1.750889	-1.810752	-0.162476	-0.297764	0.354100	-0.114066	-0.034657	0.992868	-0.619174	0.784033	-0.043767	-0.776925	-0.619751	-0.110891
01884	9.397397	-0.688614	-1.089725	-0.156205	-0.280281	0.348920	-0.118374	-0.033673	0.992398	-0.617560	0.785117	-0.047023	-0.777565	-0.618431	-0.113732
01885	9.414843	0.451225	-0.096544	-0.321014	-0.292618	0.354169	-0.122804	-0.032754	0.991890	-0.614568	0.787272	-0.050091	-0.779246	-0.615736	-0.116809
01886	9.673129	-0.845481	0.052394	-0.404941	-0.354938	0.341445	-0.127637	-0.032259	0.991296	-0.610987	0.789867	-0.052965	-0.781284	-0.612429	-0.120526
01887	9.873173	-2.023957	0.210378	-0.162500	-0.406556	0.309734	-0.132681	-0.032354	0.990631	-0.609259	0.791008	-0.055767	-0.781793	-0.610949	-0.124663
01888	9.997581	-2.595320	0.047318	0.140971	-0.455087	0.288677	-0.137966	-0.032873	0.989891	-0.609975	0.790238	-0.058773	-0.780318	-0.611917	-0.129078
01889	9.749864	-2.443790	-0.291762	0.395319	-0.489672	0.273422	-0.143428	-0.033772	0.989084	-0.612634	0.787937	-0.061935	-0.777244	-0.614829	-0.133702
01890	9.522969	-1.967278	-0.855121	0.535360	-0.514358	0.241515	-0.148871	-0.035064	0.988235	-0.616437	0.784715	-0.065019	-0.773203	-0.618864	-0.138436
01891	9.390325	-0.845219	-0.987893	0.481882	-0.510150	0.217989	-0.154146	-0.036561	0.987371	-0.619814	0.781813	-0.067815	-0.769460	-0.622440	-0.143174
01892	9.514123	-0.052650	-1.146648	0.260289	-0.519814	0.213290	-0.159435	-0.038153	0.986471	-0.621486	0.780268	-0.070267	-0.767031	-0.624281	-0.148113
01893	9.678673	-0.482059	-1.582230	0.009314	-0.511073	0.219027	-0.164707	-0.039683	0.985544	-0.621198	0.780302	-0.072398	-0.766149	-0.624143	-0.153173
01894	9.811682	-1.676842	-2.188322	0.038901	-0.474159	0.205736	-0.169587	-0.041056	0.984660	-0.621159	0.780140	-0.074453	-0.765116	-0.624256	-0.157803
01895	9.623663	-1.885688	-2.767594	0.193145	-0.424550	0.188208	-0.173977	-0.042295	0.983841	-0.622288	0.779036	-0.076551	-0.763210	-0.625551	-0.161854
01896	9.515818	-1.414640	-3.065282	0.270433	-0.389954	0.180928	-0.178047	-0.043348	0.983067	-0.624037	0.777417	-0.078742	-0.760840	-0.627490	-0.165467
01897	9.571762	-0.476685	-2.868675	0.259295	-0.353331	0.165093	-0.181731	-0.044323	0.982349	-0.625677	0.775892	-0.080741	-0.758618	-0.629307	-0.168736
01898	9.739661	0.198180	-2.230779	0.119739	-0.335068	0.161203	-0.185251	-0.045200	0.981651	-0.626296	0.775208	-0.082496	-0.757255	-0.630087	-0.171917
01899	9.718090	0.013767	-1.836044	-0.023426	-0.321269	0.164249	-0.188702	-0.046000	0.980957	-0.625795	0.775449	-0.084018	-0.756817	-0.629732	-0.175115
01900	9.696739	-0.604270	-1.490634	-0.034783	-0.335027	0.158884	-0.192201	-0.046895	0.980234	-0.625236	0.775740	-0.085483	-0.756398	-0.629308	-0.178419
01901	9.609225	-1.187207	-1.129768	0.017789	-0.365856	0.162375	-0.195958	-0.047985	0.979438	-0.625022	0.775738	-0.087045	-0.755611	-0.629228	-0.182004
01902	9.529275	-1.536857	-0.741553	0.105244	-0.403605	0.157803	-0.199963	-0.049320	0.978561	-0.625512	0.775150	-0.088752	-0.754155	-0.629849	-0.185851
01903	9.466991	-1.417046	-0.726856	0.198220	-0.451925	0.151102	-0.204288	-0.051047	0.977579	-0.626671	0.774007	-0.090540	-0.752031	-0.631116	-0.190110
01904	9.306923	-1.315649	-0.803818	0.175747	-0.480627	0.142415	-0.208761	-0.052999	0.976529	-0.627704	0.772968	-0.092239	-0.749938	-0.632227	-0.194634
01905	9.443283	-1.562055	-1.146381	0.113364	-0.511666	0.129327	-0.213403	-0.055272	0.975399	-0.628289	0.772317	-0.093696	-0.748139	-0.632828	-0.199542
01906	9.546491	-1.555852	-1.854206	0.140502	-0.517033	0.120957	-0.217998	-0.057630	0.974246	-0.629086	0.771493	-0.095128	-0.746142	-0.633622	-0.204438
01907	9.697376	-1.299529	-2.446968	0.178364	-0.495799	0.117956	-0.222416	-0.059903	0.973110	-0.630147	0.770443	-0.096600	-0.743939	-0.634688	-0.209107
01908	9.875547	-1.112348	-3.115855	0.216123	-0.462325	0.105393	-0.226486	-0.062047	0.972036	-0.631524	0.769132	-0.098051	-0.741540	-0.636071	-0.213381
01909	9.926082	-0.560824	-3.811376	0.235759	-0.414399	0.108198	-0.230222	-0.063881	0.971039	-0.633023	0.767702	-0.099578	-0.739107	-0.637616	-0.217180
01910	9.848571	1.085166	-4.138315	0.201843	-0.349987	0.113773	-0.233497	-0.065260	0.970165	-0.634258	0.766484	-0.101093	-0.737018	-0.638939	-0.220364
01911	9.838082	1.658588	-4.047641	-0.078553	-0.299614	0.134922	-0.236540	-0.066172	0.969366	-0.633342	0.767096	-0.102181	-0.736835	-0.638110	-0.223359
01912	10.082142	-0.246900	-4.186435	-0.291839	-0.247198	0.151947	-0.239295	-0.066597	0.968660	-0.630837	0.769053	-0.102966	-0.738094	-0.635706	-0.226042
01913	9.995092	-1.496335	-4.004438	-0.159901	-0.194983	0.162047	-0.241728	-0.066640	0.968053	-0.629217	0.770227	-0.104098	-0.738683	-0.634279	-0.228116
01914	9.727268	-1.358042	-2.872394	-0.110303	-0.148964	0.162313	-0.243821	-0.066351	0.967548	-0.628017	0.771031	-0.105385	-0.739017	-0.633331	-0.229663
01915	9.585791	-1.316784	-1.447562	-0.233262	-0.148792	0.156768	-0.245885	-0.066122	0.967041	-0.625875	0.772644	-0.106308	-0.740149	-0.631386	-0.231365
01916	9.379753	-1.425543	-0.094981	-0.355102	-0.190744	0.145123	-0.248176	-0.066218	0.966449	-0.622894	0.774974	-0.106855	-0.741898	-0.628514	-0.233577
01917	9.067641	-2.174255	0.328553	-0.294029	-0.268346	0.126939	-0.250947	-0.066967	0.965682	-0.620371	0.776929	-0.107336	-0.743078	-0.626017	-0.236512
01918	9.064850	-1.807685	0.446827	-0.168304	-0.376796	0.095752	-0.254312	-0.068596	0.964686	-0.618887	0.778043	-0.107827	-0.743171	-0.624454	-0.240319
01919	9.388534	-1.443790	0.480303	-0.176668	-0.487682	0.079156	-0.258406	-0.071061	0.963419	-0.617357	0.779219	-0.108112	-0.743032	-0.622711	-0.245225
01920	9.780232	-1.867309	0.231068	-0.253446	-0.583423	0.064179	-0.263108	-0.074205	0.961908	-0.615316	0.780838	-0.108070	-0.743075	-0.620312	-0.251104
01921	9.647168	-1.864996	-0.195677	-0.190971	-0.668251	0.051333	-0.268376	-0.077989	0.960152	-0.613759	0.782067	-0.108030	-0.742478	-0.618295	-0.257755
01922	9.504444	-1.240144	-0.750274	-0.189296	-0.731113	0.043156	-0.274038	-0.082183	0.958201	-0.612247	0.783267	-0.107918	-0.741658	-0.616229	-0.264961
01923	9.642637	-1.501856	-1.587924	-0.256915	-0.783951	0.029057	-0.280003	-0.086791	0.956068	-0.610284	0.784857	-0.107485	-0.741048	-0.613569	-0.272730
01924	10.059192	-1.468221	-2.138603	-0.205684	-0.821748	0.000890	-0.286066	-0.091835	0.953799	-0.608768	0.786114	-0.106894	-0.739978	-0.611221	-0.280786
01925	10.170290	-0.317015	-2.223246	-0.300542	-0.833515	-0.001568	-0.292188	-0.096959	0.951433	-0.606544	0.787956	-0.105972	-0.739412	-0.608049	-0.289042
01926	10.516054	-0.530787	-2.583367	-0.504753	-0.850606	0.001733	-0.298463	-0.102116	0.948943	-0.602815	0.791011	-0.104477	-0.739955	-0.603220	-0.297645
01927	10.417555	-0.341983	-2.870863	-0.477846	-0.846600	-0.033032	-0.304504	-0.107473	0.946429	-0.599415	0.793821	-0.102712	-0.740256	-0.598580	-0.306142
01928	10.387342	0.136846	-2.667163	-0.534225	-0.860652	-0.048592	-0.310559	-0.113008	0.943813	-0.595619	0.796947	-0.100564	-0.740804	-0.593384	-0.314809
01929	10.352601	-1.359592	-2.546345	-0.531743	-0.877556	-0.079598	-0.316574	-0.118860	0.941091	-0.591943	0.799989	-0.098085	-0.741204	-0.588124	-0.323614
01930	10.364325	-1.232735	-1.704335	-0.293982	-0.922165	-0.128179	-0.322619	-0.125314	0.938197	-0.590187	0.801552	-0.095886	-0.739998	-0.584646	-0.332554
01931	10.744503	-0.848164	-0.870841	-0.259459	-0.999227	-0.137928	-0.329177	-0.132267	0.934959	-0.588754	0.802862	-0.093707	-0.738249	-0.581307	-0.342156
01932	10.778749	-0.346649	0.036764	-0.224998	-1.083695	-0.142961	-0.336296	-0.139717	0.931334	-0.587582	0.803967	-0.091561	-0.735970	-0.578027	-0.352467
01933	10.765458	-0.487069	0.471957	-0.320065	-1.192036	-0.146724	-0.344166	-0.147754	0.927210	-0.585803	0.805543	-0.089075	-0.733747	-0.573819	-0.363795
01934	10.604579	-1.056624	0.496823	-0.304395	-1.316815	-0.168303	-0.352798	-0.156658	0.922492	-0.584172	0.807022	-0.086362	-0.730942	-0.569363	-0.376231
01935	10.650568	-1.078503	0.370497	-0.213883	-1.440403	-0.194334	-0.362130	-0.166416	0.917152	-0.583343	0.807898	-0.083736	-0.727030	-0.565338	-0.389642
01936	11.000175	-0.788581	0.258555	-0.191979	-1.556746	-0.192360	-0.372263	-0.176759	0.911140	-0.582671	0.808643	-0.081186	-0.722436	-0.561118	-0.404021
01937	11.142077	-0.220720	0.266318	-0.206539	-1.675655	-0.178744	-0.383231	-0.187569	0.904407	-0.581922	0.809426	-0.078712	-0.717287	-0.556459	-0.419348
01938	11.059048	0.343092	0.254117	-0.290167	-1.788147	-0.166207	-0.395017	-0.198834	0.896898	-0.580509	0.810705	-0.075945	-0.712019	-0.550657	-0.435667
01939	10.696077	0.696569	0.144564	-0.327398	-1.894508	-0.138457	-0.407591	-0.210336	0.888610	-0.578804	0.812170	-0.073246	-0.706297	-0.544186	-0.452776
01940	10.616832	0.771560	-0.016465	-0.395344	-2.002744	-0.136609	-0.420861	-0.222290	0.879468	-0.576604	0.814004	-0.070184	-0.700289	-0.536642	-0.470756
01941	10.673941	0.612297	-0.160351	-0.406779	-2.113967	-0.145963	-0.434684	-0.234744	0.869451	-0.574470	0.815783	-0.066954	-0.693566	-0.528577	-0.489461
01942	10.913428	0.770314	-0.195257	-0.444450	-2.217501	-0.151533	-0.449089	-0.247624	0.858488	-0.572088	0.817738	-0.063398	-0.686319	-0.519602	-0.508900
01943	11.390892	0.545026	-0.177454	-0.521577	-2.325916	-0.124168	-0.464178	-0.260612	0.846534	-0.569189	0.820040	-0.059646	-0.678647	-0.509525	-0.528982
01944	12.018522	0.325016	0.112395	-0.589956	-2.421712	-0.106100	-0.479888	-0.273707	0.833542	-0.565726	0.822720	-0.055547	-0.670568	-0.498212	-0.549657
01945	12.433776	-0.478881	0.485100	-0.740569	-2.537133	-0.068673	-0.496321	-0.286755	0.819412	-0.561234	0.826094	-0.050848	-0.662331	-0.485119	-0.570945
01946	12.872795	-1.599060	0.532965	-0.669044	-2.685194	-0.053684	-0.513650	-0.300068	0.803818	-0.557123	0.829127	-0.046493	-0.652516	-0.471707	-0.593056
01947	13.591553	-2.269896	0.068512	-0.352305	-2.809422	-0.050702	-0.531415	-0.313592	0.786930	-0.555250	0.830519	-0.043999	-0.639762	-0.460325	-0.615472
01948	13.927534	-2.653380	-0.868536	0.011328	-2.877205	-0.110171	-0.548962	-0.327643	0.768955	-0.555936	0.830103	-0.043189	-0.624161	-0.451198	-0.637843
01949	13.551050	-2.926702	-2.569207	0.385308	-2.871258	-0.184113	-0.565469	-0.342055	0.750496	-0.559508	0.827638	-0.044352	-0.605967	-0.444988	-0.659386
01950	12.452814	-2.802766	-4.674572	0.843938	-2.794397	-0.234650	-0.580767	-0.356410	0.731903	-0.565899	0.823062	-0.048241	-0.585208	-0.442200	-0.679700
01951	11.266663	-1.300024	-6.984874	1.478577	-2.697493	-0.216324	-0.594844	-0.370178	0.713533	-0.575850	0.815570	-0.056949	-0.560854	-0.444763	-0.698304
01952	10.647835	0.655878	-8.467409	1.712385	-2.425825	-0.177066	-0.607099	-0.382483	0.696518	-0.586329	0.807233	-0.067775	-0.536329	-0.449535	-0.714331
01953	9.434660	0.104529	-8.887720	1.675655	-2.073973	-0.108008	-0.617196	-0.392775	0.681760	-0.595995	0.799073	-0.079192	-0.513672	-0.455203	-0.727277
01954	8.151718	-1.518046	-9.300413	1.724449	-1.733045	-0.078450	-0.625419	-0.401367	0.669145	-0.605180	0.790839	-0.091272	-0.492552	-0.462037	-0.737506
01955	7.045080	-2.044815	-10.635011	1.678287	-1.408434	-0.102955	-0.631440	-0.408788	0.658920	-0.614136	0.782436	-0.103108	-0.473413	-0.469773	-0.745113
01956	4.597060	1.914499	-10.691627	1.160358	-1.042159	-0.156166	-0.635313	-0.414944	0.651305	-0.620560	0.776300	-0.110745	-0.459655	-0.474531	-0.750691
01957	5.449651	4.295942	-7.747159	-0.472831	-0.712019	-0.230339	-0.637006	-0.420138	0.646303	-0.620040	0.777410	-0.105754	-0.458011	-0.468100	-0.755717
01958	8.311178	4.247383	-3.409894	-1.709829	0.115556	-0.231339	-0.635018	-0.421430	0.647417	-0.613605	0.784316	-0.091310	-0.469299	-0.455242	-0.756646
01959	5.596486	1.039439	-2.895001	-1.909076	0.651230	-0.133249	-0.630959	-0.419599	0.652554	-0.605505	0.792197	-0.076076	-0.485030	-0.443126	-0.753913
01960	6.079209	-1.802083	-4.195285	-1.342805	1.131631	-0.124057	-0.624612	-0.415624	0.661148	-0.599690	0.797575	-0.065162	-0.500232	-0.437185	-0.747420
01961	5.320550	-2.158529	-5.292662	-0.469555	1.599255	-0.207375	-0.615125	-0.410303	0.673255	-0.598768	0.798645	-0.060350	-0.512930	-0.440247	-0.736943
01962	5.139487	0.763496	-5.447643	-0.217475	2.022986	-0.317604	-0.602682	-0.403886	0.688223	-0.599593	0.798303	-0.056582	-0.526557	-0.446754	-0.723290
01963	5.041156	2.752862	-5.417056	-0.775198	2.424438	-0.414297	-0.587062	-0.396351	0.705878	-0.598072	0.799991	-0.048207	-0.545589	-0.450467	-0.706691
01964	4.911699	1.610665	-5.865080	-1.295362	2.803954	-0.443300	-0.568761	-0.387285	0.725618	-0.593431	0.804080	-0.035986	-0.569518	-0.451072	-0.687156
01965	4.716072	0.037498	-6.317428	-1.312291	3.099677	-0.408450	-0.548170	-0.376591	0.746786	-0.588229	0.808334	-0.024153	-0.594556	-0.452521	-0.664626
01966	4.670788	0.089894	-6.091158	-1.187512	3.346268	-0.335189	-0.525866	-0.364137	0.768680	-0.582839	0.812470	-0.013848	-0.619487	-0.455299	-0.639483
01967	4.622853	0.030927	-5.918902	-1.196449	3.584978	-0.261346	-0.501557	-0.349890	0.791213	-0.576762	0.816900	-0.004366	-0.644815	-0.458531	-0.611525
01968	4.761909	-0.387002	-6.390924	-1.054681	3.816737	-0.219983	-0.475183	-0.334123	0.813980	-0.570923	0.820995	0.003712	-0.669514	-0.462956	-0.580882
01969	4.916906	-0.094598	-6.509374	-0.930172	4.047105	-0.184525	-0.446429	-0.316782	0.836870	-0.565570	0.824634	0.010446	-0.693421	-0.468645	-0.547302
01970	4.836518	-0.701186	-6.506060	-0.860408	4.265540	-0.107995	-0.415716	-0.297572	0.859436	-0.559985	0.828350	0.015940	-0.716657	-0.474645	-0.510994
01971	4.885265	-1.938089	-7.171736	-0.402283	4.450509	-0.052717	-0.382963	-0.276651	0.881365	-0.557398	0.830043	0.018346	-0.736646	-0.484245	-0.472080
01972	5.185286	-1.746576	-7.404653	0.180564	4.629913	-0.014632	-0.348373	-0.254048	0.902273	-0.558811	0.829107	0.017686	-0.752573	-0.498038	-0.430803
01973	5.977200	-0.672493	-7.688001	0.529848	4.786208	0.027876	-0.312093	-0.229560	0.921900	-0.562860	0.826412	0.015237	-0.765367	-0.514145	-0.387127
01974	7.842806	-1.378041	-7.845468	0.610467	4.932399	0.170019	-0.274995	-0.202424	0.939895	-0.567080	0.823583	0.011457	-0.776401	-0.529845	-0.341272
01975	7.518791	-2.632568	-7.735275	1.206895	5.003271	0.311427	-0.237681	-0.172829	0.955844	-0.575795	0.817581	0.004652	-0.782283	-0.549265	-0.293838
01976	7.941129	-0.710288	-8.146148	1.894402	4.941107	0.095709	-0.199555	-0.144349	0.969196	-0.590417	0.807097	-0.001359	-0.782039	-0.572501	-0.246287
01977	9.421201	0.737027	-7.976403	1.619092	4.934393	-0.172486	-0.159868	-0.116954	0.980186	-0.603476	0.797375	-0.003285	-0.781191	-0.592043	-0.198054
01978	9.507268	1.877187	-7.626890	0.885333	4.732320	-0.242516	-0.121361	-0.090592	0.988466	-0.610748	0.791822	-0.002416	-0.782470	-0.603996	-0.151425
01979	9.311756	-0.597182	-8.118796	0.245339	4.435636	-0.295863	-0.084700	-0.065986	0.994219	-0.613036	0.790055	0.000210	-0.785502	-0.609474	-0.107369
01980	9.518087	-0.486403	-8.462133	0.332340	4.030279	-0.366528	-0.050742	-0.044230	0.997732	-0.615902	0.787814	0.003601	-0.786187	-0.614323	-0.067217
01981	11.547061	0.292059	-4.407854	-0.515340	3.599147	-0.274393	-0.020617	-0.024321	0.999492	-0.611970	0.790853	0.006621	-0.790612	-0.611523	-0.031189
01982	9.110641	-5.224250	-5.541811	-0.384080	2.829535	-0.050189	0.002128	-0.007467	0.999970	-0.608937	0.793186	0.007219	-0.793216	-0.608934	-0.002859
01983	3.720218	-7.737471	-6.706798	0.988864	1.421787	0.070608	0.012981	0.001812	0.999914	-0.616783	0.787106	0.006581	-0.787026	-0.616816	0.011336
01984	4.246117	1.437235	-5.887950	0.530678	0.233903	0.189316	0.013676	0.004731	0.999895	-0.620980	0.783812	0.004785	-0.783707	-0.620980	0.013657
01985	4.026001	-0.161916	-9.015287	0.472849	-1.120664	0.313779	0.003001	0.000206	0.999995	-0.624722	0.780845	0.001714	-0.780841	-0.624725	0.002472
01986	8.761923	2.669149	-4.935890	0.163386	-2.010239	0.222315	-0.014046	-0.010645	0.999845	-0.625989	0.779832	-0.000491	-0.779705	-0.625899	-0.017618
01987	17.841098	5.578642	2.460445	-1.196075	-1.762341	0.081795	-0.028317	-0.020981	0.999379	-0.616592	0.787282	-0.000943	-0.786773	-0.616236	-0.035230
01988	15.209318	-1.721985	0.304471	0.922102	-1.415087	0.059987	-0.039750	-0.029295	0.998780	-0.623803	0.781579	-0.001902	-0.780570	-0.623118	-0.049342
01989	9.092173	0.064798	-3.582987	2.574803	-1.494699	0.115265	-0.051979	-0.037892	0.997929	-0.643619	0.765333	-0.004464	-0.763579	-0.642518	-0.064170
01990	7.716571	1.851531	-6.014703	1.838941	-1.661235	0.361888	-0.066882	-0.045943	0.996703	-0.657332	0.753542	-0.009374	-0.750627	-0.655792	-0.080598
01991	8.744256	1.877645	-7.147210	0.524241	-1.571610	0.366511	-0.081021	-0.053564	0.995272	-0.660955	0.750305	-0.013425	-0.746039	-0.658918	-0.096194
01992	9.668787	-0.846855	-6.331234	-0.598692	-1.298018	0.429521	-0.093522	-0.058866	0.993875	-0.656112	0.754471	-0.017053	-0.748846	-0.653688	-0.109182
01993	11.387572	-2.911345	-4.688582	-0.092727	-1.192555	0.525462	-0.105862	-0.062749	0.992399	-0.654841	0.755443	-0.022088	-0.748315	-0.652202	-0.121064
01994	11.052263	-1.692313	-3.184474	0.148037	-1.023446	0.438010	-0.116350	-0.066133	0.991004	-0.655468	0.754755	-0.026588	-0.746207	-0.652665	-0.131164
01995	10.598036	-2.592660	-4.400869	0.585846	-0.953703	0.338772	-0.125642	-0.069890	0.989611	-0.659362	0.751200	-0.030661	-0.741253	-0.656364	-0.140465
01996	10.295413	0.756011	-4.677474	0.985760	-0.872291	0.309114	-0.134093	-0.073346	0.988251	-0.666237	0.744913	-0.035114	-0.733585	-0.663118	-0.148754
01997	10.223453	2.781010	-4.661157	0.745580	-0.728474	0.395292	-0.142035	-0.075326	0.986991	-0.671081	0.740300	-0.040074	-0.727651	-0.668043	-0.155698
01998	9.756326	2.184272	-4.638046	0.332244	-0.600359	0.476224	-0.149564	-0.075836	0.985840	-0.672807	0.738432	-0.045269	-0.724542	-0.670050	-0.161466
01999	9.602654	2.270934	-3.591367	0.012519	-0.514869	0.512654	-0.156718	-0.075582	0.984747	-0.672032	0.738816	-0.050244	-0.723749	-0.669656	-0.166579
02000	10.973668	-0.081030	-2.330496	-0.207546	-0.437143	0.481899	-0.163086	-0.074955	0.983760	-0.669767	0.740561	-0.054608	-0.724442	-0.667796	-0.170977
02001	10.485233	-3.025185	-2.086724	0.161965	-0.318078	0.421179	-0.168188	-0.074052	0.982970	-0.670151	0.739882	-0.058925	-0.722918	-0.668648	-0.174065
02002	9.784072	-3.230692	-1.932011	0.563385	-0.339384	0.386930	-0.173204	-0.073486	0.982141	-0.673559	0.736385	-0.063687	-0.718553	-0.672560	-0.177042
02003	9.752661	-1.145671	-1.778676	0.311836	-0.356187	0.356388	-0.178141	-0.073344	0.981268	-0.675092	0.734625	-0.067649	-0.715902	-0.674497	-0.180381
02004	9.688743	-0.966289	-2.164077	0.115661	-0.350513	0.325349	-0.182815	-0.073334	0.980408	-0.675341	0.734078	-0.071021	-0.714488	-0.675093	-0.183726
02005	9.948843	-0.332351	-1.706181	-0.295278	-0.343317	0.313265	-0.187361	-0.073422	0.979543	-0.672572	0.736378	-0.073450	-0.715921	-0.672575	-0.187350
02006	10.059914	-2.260439	-2.662172	-0.287307	-0.336278	0.281968	-0.191634	-0.073614	0.978702	-0.669988	0.738509	-0.075638	-0.717212	-0.670213	-0.190844
02007	9.654717	-2.279033	-3.394852	0.159496	-0.310993	0.244284	-0.195479	-0.073974	0.977914	-0.670580	0.737700	-0.078242	-0.715619	-0.671064	-0.193811
02008	9.471076	-1.202610	-3.538356	0.350690	-0.266603	0.212740	-0.198782	-0.074214	0.977230	-0.672674	0.735495	-0.080976	-0.712738	-0.673454	-0.196125
02009	9.614765	-1.621718	-3.508158	0.250937	-0.206303	0.197532	-0.201563	-0.074227	0.976659	-0.673991	0.734027	-0.083311	-0.710710	-0.675051	-0.197981
02010	9.231214	-2.117717	-3.814646	0.294492	-0.138565	0.161998	-0.203609	-0.073991	0.976252	-0.675761	0.732151	-0.085448	-0.708442	-0.677111	-0.199073
02011	9.295149	-1.424212	-3.658465	0.344269	-0.078826	0.140027	-0.205099	-0.073579	0.975972	-0.677833	0.730001	-0.087410	-0.706029	-0.679474	-0.199597
02012	9.443697	-0.521875	-3.065707	0.157877	-0.034115	0.133884	-0.206217	-0.072848	0.975791	-0.678680	0.729021	-0.089002	-0.704888	-0.680604	-0.199778
02013	9.618309	-0.687489	-2.661458	-0.035768	0.001447	0.133691	-0.207100	-0.071942	0.975671	-0.678073	0.729446	-0.090144	-0.705214	-0.680245	-0.199849
02014	9.505443	-0.867069	-2.459136	-0.055139	0.016148	0.124565	-0.207800	-0.070937	0.975596	-0.677434	0.729905	-0.091220	-0.705622	-0.679858	-0.199729
02015	9.515150	-0.539265	-2.125487	-0.022045	0.013333	0.120542	-0.208507	-0.070048	0.975509	-0.676940	0.730234	-0.092255	-0.705887	-0.679597	-0.199677
02016	9.857266	-0.025971	-1.398417	-0.110841	-0.007141	0.147859	-0.209528	-0.069030	0.975363	-0.675857	0.731085	-0.093446	-0.706622	-0.678786	-0.199837
02017	9.766896	-0.075171	-0.493080	-0.293908	-0.052349	0.174092	-0.211057	-0.068187	0.975093	-0.673330	0.733282	-0.094463	-0.708577	-0.676497	-0.200677
02018	9.279386	-0.563180	0.360771	-0.337921	-0.118803	0.167306	-0.212994	-0.067775	0.974700	-0.670587	0.735673	-0.095384	-0.710596	-0.673937	-0.202143
02019	8.990070	-1.019194	1.256472	-0.366726	-0.228706	0.165296	-0.215710	-0.068169	0.974075	-0.667547	0.738332	-0.096158	-0.712636	-0.670984	-0.204771
02020	9.381035	-2.364037	1.202029	-0.224278	-0.339303	0.151952	-0.219112	-0.069334	0.973233	-0.665627	0.739935	-0.097144	-0.713394	-0.669096	-0.208279
02021	9.600205	-1.896802	0.619371	0.056538	-0.411817	0.143959	-0.222985	-0.071089	0.972226	-0.665649	0.739725	-0.098581	-0.712173	-0.669143	-0.212268
02022	9.470071	-1.189628	-0.122395	0.019507	-0.482632	0.152864	-0.227407	-0.073202	0.971045	-0.665452	0.739701	-0.100078	-0.710957	-0.668942	-0.216926
02023	9.425683	-1.271445	-0.974912	-0.065439	-0.544195	0.156902	-0.232295	-0.075735	0.969692	-0.664576	0.740311	-0.101383	-0.710196	-0.667985	-0.222302
02024	9.368258	-1.246800	-1.891485	0.022209	-0.566911	0.151993	-0.237297	-0.078411	0.968267	-0.664386	0.740275	-0.102875	-0.708718	-0.667715	-0.227761
02025	9.555300	-0.220693	-2.400477	0.029155	-0.589415	0.156350	-0.242486	-0.081241	0.966747	-0.664172	0.740257	-0.104384	-0.707161	-0.667398	-0.233460
02026	9.715393	-0.255983	-2.655341	-0.190458	-0.593992	0.158446	-0.247707	-0.084041	0.965183	-0.662446	0.741652	-0.105434	-0.706969	-0.665499	-0.239386
02027	9.827660	-1.037629	-2.797193	-0.273805	-0.592465	0.155900	-0.252905	-0.086871	0.963583	-0.660071	0.743658	-0.106201	-0.707351	-0.662892	-0.245416
02028	9.675118	-1.348392	-2.589175	-0.251137	-0.582509	0.157026	-0.258032	-0.089572	0.961975	-0.657903	0.745454	-0.107059	-0.707519	-0.660512	-0.251280
02029	9.563857	-1.355825	-2.291111	-0.289253	-0.585297	0.153600	-0.263161	-0.092336	0.960323	-0.655405	0.747555	-0.107725	-0.707948	-0.657750	-0.257245
02030	9.703656	-1.432897	-2.187077	-0.305574	-0.591776	0.146871	-0.268283	-0.095136	0.958631	-0.652861	0.749694	-0.108309	-0.708376	-0.654911	-0.263241
