// General information: 
//  MT Manager version: 2022.2.0 
//  XDA version: 2022.2.0 build 7381 rev 124627 built on 2023-07-19
// Device information: 
//  DeviceId: 00B4CB9F
//  ProductCode: MTW2-3A7G6
//  Firmware Version: 4.6.0
//  Hardware Version: 2.0.0
// Device settings: 
//  Filter Profile: human(46.1)
//  Option Flags: Orientation Smoother Disabled, Position/Velocity Smoother Disabled, Continuous Zero Rotation Update Disabled, AHS Disabled, ICC Disabled
// Coordinate system: ENU
PacketCounter	Acc_X	Acc_Y	Acc_Z	Gyr_X	Gyr_Y	Gyr_Z	Mat[1][1]	Mat[2][1]	Mat[3][1]	Mat[1][2]	Mat[2][2]	Mat[3][2]	Mat[1][3]	Mat[2][3]	Mat[3][3]
19230	9.757321	-0.843737	0.259112	-0.014600	0.004631	-0.005875	-0.005372	0.083455	0.996497	-0.277327	0.957298	-0.081667	-0.960760	-0.276795	0.018002
19231	9.728530	-0.832414	0.188621	-0.018226	0.004866	-0.008368	-0.005346	0.083407	0.996501	-0.277144	0.957356	-0.081618	-0.960813	-0.276611	0.017998
19232	9.730644	-0.832220	0.213181	-0.018763	0.003244	-0.009731	-0.005274	0.083413	0.996501	-0.276949	0.957413	-0.081606	-0.960870	-0.276410	0.018051
19233	9.769387	-0.872526	0.233469	-0.017368	0.002618	-0.003252	-0.005284	0.083408	0.996501	-0.276773	0.957464	-0.081608	-0.960921	-0.276236	0.018026
19234	9.778153	-0.849447	0.233714	-0.010536	0.007314	-0.003278	-0.005261	0.083367	0.996505	-0.276763	0.957470	-0.081563	-0.960924	-0.276225	0.018035
19235	9.717896	-0.852448	0.165637	-0.012781	0.004518	-0.004634	-0.005249	0.083354	0.996506	-0.276632	0.957509	-0.081549	-0.960962	-0.276094	0.018032
19236	9.770065	-0.845734	0.136908	-0.011953	-0.002540	-0.010202	-0.005215	0.083396	0.996503	-0.276394	0.957575	-0.081584	-0.961030	-0.275853	0.018057
19237	9.789676	-0.799961	0.160614	-0.013015	-0.003381	-0.007584	-0.005270	0.083333	0.996508	-0.276261	0.957617	-0.081542	-0.961068	-0.275726	0.017975
19238	9.778942	-0.821464	0.136383	-0.020553	0.005771	-0.005640	-0.005135	0.083349	0.996507	-0.275994	0.957696	-0.081525	-0.961146	-0.275448	0.018086
19239	9.766145	-0.842511	0.088259	-0.019908	0.006103	-0.003027	-0.005111	0.083356	0.996507	-0.275794	0.957753	-0.081529	-0.961203	-0.275247	0.018094
19240	9.789444	-0.929260	0.133253	-0.011607	0.004073	-0.006004	-0.005208	0.083323	0.996509	-0.275800	0.957752	-0.081524	-0.961201	-0.275262	0.017993
19241	9.795049	-0.852203	0.159990	-0.006591	0.008886	-0.007272	-0.005146	0.083297	0.996511	-0.275728	0.957776	-0.081483	-0.961222	-0.275186	0.018039
19242	9.765137	-0.787601	0.140814	0.000763	0.012802	-0.011273	-0.004955	0.083294	0.996513	-0.275792	0.957762	-0.081427	-0.961204	-0.275234	0.018226
19243	9.720948	-0.822231	0.095757	-0.007430	0.013542	-0.007048	-0.004849	0.083284	0.996514	-0.275713	0.957788	-0.081389	-0.961228	-0.275146	0.018318
19244	9.744861	-0.883454	0.043851	-0.018091	0.005986	-0.001787	-0.004711	0.083232	0.996519	-0.275733	0.957790	-0.081301	-0.961223	-0.275156	0.018438
19245	9.715488	-0.897789	0.070658	-0.009160	0.001886	-0.007491	-0.004715	0.083185	0.996523	-0.275637	0.957821	-0.081258	-0.961250	-0.275062	0.018413
19246	9.785100	-0.845826	0.041893	-0.004149	0.001015	0.001487	-0.004728	0.083262	0.996517	-0.275578	0.957832	-0.081337	-0.961267	-0.275002	0.018416
19247	9.785956	-0.793388	0.117163	-0.011169	0.006990	-0.005899	-0.004687	0.083243	0.996518	-0.275462	0.957867	-0.081310	-0.961300	-0.274884	0.018441
19248	9.765879	-0.863297	0.191162	-0.027443	0.012860	-0.006442	-0.004481	0.083350	0.996510	-0.275059	0.957978	-0.081364	-0.961417	-0.274464	0.018634
19249	9.765267	-0.888371	0.289565	-0.017964	0.012783	-0.005437	-0.004385	0.083353	0.996510	-0.274878	0.958032	-0.081344	-0.961469	-0.274276	0.018711
19250	9.760029	-0.833510	0.292701	-0.012108	0.012943	-0.006928	-0.004277	0.083369	0.996510	-0.274793	0.958057	-0.081332	-0.961494	-0.274182	0.018812
19251	9.749314	-0.854908	0.269471	-0.017328	0.010716	-0.008172	-0.004193	0.083340	0.996512	-0.274619	0.958111	-0.081284	-0.961544	-0.274002	0.018869
19252	9.717359	-0.789664	0.225732	-0.016590	0.007355	-0.009652	-0.004186	0.083454	0.996503	-0.274193	0.958223	-0.081400	-0.961665	-0.273575	0.018872
19253	9.752122	-0.828209	0.197389	-0.013202	-0.000782	-0.010110	-0.004208	0.083375	0.996509	-0.274058	0.958268	-0.081333	-0.961704	-0.273444	0.018817
19254	9.785652	-0.813826	0.219593	-0.021807	0.005130	-0.010899	-0.004206	0.083270	0.996518	-0.274068	0.958273	-0.081231	-0.961701	-0.273456	0.018792
19255	9.813725	-0.875786	0.215851	-0.018393	0.007479	-0.010905	-0.004146	0.083206	0.996524	-0.273883	0.958333	-0.081157	-0.961754	-0.273268	0.018816
19256	9.778370	-0.887223	0.169922	-0.017861	0.006707	-0.014890	-0.004029	0.083028	0.996539	-0.273889	0.958348	-0.080953	-0.961753	-0.273267	0.018879
19257	9.749053	-0.900844	0.196931	-0.015411	0.006914	-0.011025	-0.003974	0.082961	0.996545	-0.273733	0.958399	-0.080877	-0.961798	-0.273108	0.018900
19258	9.759852	-0.877725	0.221888	-0.011999	0.009263	-0.011029	-0.004025	0.082971	0.996544	-0.273598	0.958436	-0.080903	-0.961836	-0.272978	0.018843
19259	9.764620	-0.852506	0.173688	-0.013928	0.002586	-0.008639	-0.004019	0.082915	0.996548	-0.273456	0.958481	-0.080851	-0.961876	-0.272837	0.018822
19260	9.780108	-0.805185	0.149217	-0.013725	-0.002395	-0.011486	-0.004199	0.082857	0.996553	-0.273382	0.958502	-0.080845	-0.961896	-0.272779	0.018627
19261	9.794229	-0.835490	0.146927	-0.007441	0.000682	-0.012856	-0.004200	0.082756	0.996561	-0.273303	0.958533	-0.080750	-0.961919	-0.272702	0.018591
19262	9.782961	-0.882014	0.220075	0.004797	0.002624	-0.014459	-0.004162	0.082674	0.996568	-0.273414	0.958509	-0.080659	-0.961887	-0.272812	0.018615
19263	9.767681	-0.927114	0.244793	-0.003496	0.004651	-0.011494	-0.004128	0.082597	0.996574	-0.273373	0.958527	-0.080576	-0.961899	-0.272769	0.018623
19264	9.713636	-0.931477	0.249415	0.000755	0.002343	-0.011725	-0.004188	0.082485	0.996584	-0.273460	0.958510	-0.080483	-0.961874	-0.272863	0.018542
19265	9.706405	-0.875218	0.227050	0.002337	-0.005673	-0.013435	-0.004249	0.082361	0.996594	-0.273475	0.958515	-0.080380	-0.961870	-0.272885	0.018451
19266	9.755328	-0.814100	0.224164	0.004884	-0.009154	-0.013666	-0.004259	0.082188	0.996608	-0.273739	0.958454	-0.080211	-0.961795	-0.273152	0.018416
19267	9.786866	-0.798659	0.221165	0.003716	-0.008708	-0.012300	-0.004352	0.082066	0.996617	-0.273767	0.958453	-0.080119	-0.961786	-0.273190	0.018296
19268	9.760231	-0.787267	0.174132	0.002770	-0.002756	-0.013324	-0.004279	0.081881	0.996633	-0.274133	0.958366	-0.079914	-0.961682	-0.273552	0.018346
19269	9.791739	-0.771945	0.171594	-0.010637	-0.004259	-0.010354	-0.004334	0.081789	0.996640	-0.274024	0.958403	-0.079843	-0.961713	-0.273449	0.018259
19270	9.762417	-0.785976	0.197868	-0.021582	0.002539	-0.008409	-0.004317	0.081841	0.996636	-0.273659	0.958503	-0.079895	-0.961817	-0.273083	0.018258
19271	9.707055	-0.868717	0.224211	-0.024780	-0.002399	-0.005906	-0.004366	0.081798	0.996639	-0.273413	0.958575	-0.079872	-0.961887	-0.272843	0.018179
19272	9.745266	-0.961049	0.168869	-0.013714	-0.000005	-0.006141	-0.004438	0.081848	0.996635	-0.273173	0.958637	-0.079944	-0.961955	-0.272608	0.018105
19273	9.771335	-0.892106	0.168486	-0.006279	-0.005467	-0.003985	-0.004521	0.081815	0.996637	-0.273104	0.958658	-0.079936	-0.961974	-0.272547	0.018009
19274	9.756575	-0.781571	0.123442	-0.003834	-0.007652	-0.005468	-0.004475	0.081729	0.996645	-0.273233	0.958629	-0.079838	-0.961937	-0.272674	0.018041
19275	9.824836	-0.806835	0.116345	-0.007018	-0.004495	-0.007856	-0.004538	0.081661	0.996650	-0.273158	0.958654	-0.079792	-0.961958	-0.272605	0.017956
19276	9.790125	-0.766633	0.144695	-0.011475	0.000403	-0.010128	-0.004643	0.081507	0.996662	-0.273351	0.958610	-0.079669	-0.961903	-0.272808	0.017829
19277	9.743469	-0.826533	0.170983	-0.018286	-0.001908	-0.004775	-0.004690	0.081476	0.996664	-0.273168	0.958663	-0.079655	-0.961955	-0.272630	0.017760
19278	9.747546	-0.827552	0.219573	-0.005626	0.002956	-0.006258	-0.004671	0.081441	0.996667	-0.273206	0.958655	-0.079615	-0.961944	-0.272668	0.017772
19279	9.712165	-0.839618	0.173074	-0.012435	-0.001742	-0.006260	-0.004713	0.081396	0.996671	-0.273080	0.958694	-0.079585	-0.961980	-0.272546	0.017710
19280	9.768361	-0.834387	0.192701	0.000210	-0.004978	-0.002852	-0.004758	0.081501	0.996662	-0.272947	0.958722	-0.079702	-0.962017	-0.272415	0.017684
19281	9.758949	-0.778227	0.145686	-0.003298	-0.006031	-0.004104	-0.004846	0.081465	0.996664	-0.272908	0.958734	-0.079692	-0.962028	-0.272384	0.017586
19282	9.767018	-0.806838	0.069867	-0.005636	-0.007528	-0.006724	-0.004847	0.081487	0.996663	-0.272742	0.958779	-0.079716	-0.962075	-0.272218	0.017578
19283	9.779771	-0.784987	0.117906	-0.009354	-0.003603	-0.005124	-0.004909	0.081449	0.996665	-0.272645	0.958808	-0.079698	-0.962102	-0.272127	0.017500
19284	9.762489	-0.830278	0.117544	-0.007015	-0.002106	-0.002505	-0.005037	0.081506	0.996660	-0.272539	0.958831	-0.079790	-0.962132	-0.272030	0.017384
19285	9.753858	-0.852856	0.117176	-0.002765	-0.004411	-0.002737	-0.005113	0.081488	0.996661	-0.272504	0.958840	-0.079794	-0.962141	-0.272003	0.017303
19286	9.737795	-0.820175	0.094756	-0.000101	-0.001088	-0.006607	-0.005214	0.081450	0.996664	-0.272563	0.958824	-0.079783	-0.962124	-0.272070	0.017201
19287	9.774676	-0.859595	0.090029	-0.003932	-0.006351	-0.006726	-0.005298	0.081389	0.996668	-0.272518	0.958840	-0.079748	-0.962136	-0.272033	0.017100
19288	9.762665	-0.828414	0.116051	-0.005845	-0.002550	-0.003873	-0.005416	0.081401	0.996667	-0.272445	0.958857	-0.079793	-0.962156	-0.271969	0.016984
19289	9.762680	-0.828309	0.115548	-0.014354	-0.006039	0.001480	-0.005520	0.081419	0.996665	-0.272299	0.958894	-0.079842	-0.962197	-0.271832	0.016877
19290	9.714622	-0.836496	0.192156	-0.018499	-0.005030	0.002963	-0.005751	0.081492	0.996657	-0.272126	0.958932	-0.079978	-0.962244	-0.271676	0.016661
19291	9.698510	-0.804398	0.169311	-0.022639	-0.006402	-0.000911	-0.005853	0.081487	0.996657	-0.271901	0.958994	-0.080004	-0.962308	-0.271460	0.016543
19292	9.731954	-0.790936	0.190476	-0.027739	-0.009923	-0.000917	-0.006058	0.081407	0.996663	-0.271845	0.959011	-0.079983	-0.962322	-0.271422	0.016321
19293	9.775251	-0.676605	0.189704	-0.039946	-0.003765	-0.004209	-0.006125	0.081376	0.996665	-0.271453	0.959123	-0.079979	-0.962432	-0.271038	0.016215
19294	9.793769	-0.552780	0.167019	-0.052155	-0.005705	-0.002623	-0.006278	0.081334	0.996667	-0.271081	0.959228	-0.079986	-0.962536	-0.270679	0.016026
19295	9.775648	-0.519185	0.120026	-0.074431	0.000231	-0.009571	-0.006292	0.081263	0.996673	-0.270357	0.959436	-0.079934	-0.962739	-0.269961	0.015933
19296	9.725642	-0.525558	0.172750	-0.085227	0.003375	-0.011751	-0.006337	0.081083	0.996687	-0.269897	0.959578	-0.079780	-0.962868	-0.269508	0.015803
19297	9.690887	-0.485622	0.201315	-0.101429	0.001172	-0.007468	-0.006348	0.081034	0.996691	-0.268914	0.959857	-0.079752	-0.963143	-0.268530	0.015698
19298	9.712786	-0.414923	0.152255	-0.132663	-0.006053	-0.005631	-0.006425	0.081118	0.996684	-0.267377	0.960275	-0.079879	-0.963570	-0.267004	0.015520
19299	9.707597	-0.490803	0.123688	-0.176234	-0.012569	-0.004773	-0.006576	0.081060	0.996688	-0.265672	0.960748	-0.079890	-0.964041	-0.265317	0.015218
19300	9.723364	-0.704392	0.037572	-0.207418	-0.020754	-0.009671	-0.006830	0.080949	0.996695	-0.263679	0.961297	-0.079881	-0.964586	-0.263353	0.014779
19301	9.746445	-0.842156	0.001327	-0.192731	-0.030059	-0.014620	-0.007124	0.080751	0.996709	-0.261813	0.961814	-0.079795	-0.965092	-0.261520	0.014290
19302	9.774061	-0.954812	-0.084348	-0.161604	-0.036390	-0.009334	-0.007510	0.080729	0.996708	-0.259971	0.962305	-0.079901	-0.965587	-0.259715	0.013760
19303	9.829201	-1.027434	-0.048455	-0.121987	-0.040586	-0.008060	-0.007924	0.080568	0.996718	-0.258786	0.962627	-0.079869	-0.965902	-0.258569	0.013222
19304	9.815765	-1.102337	0.091693	-0.088249	-0.032162	0.000637	-0.008350	0.080551	0.996715	-0.257933	0.962847	-0.079975	-0.966127	-0.257754	0.012737
19305	9.760543	-1.186788	0.113123	-0.049483	-0.030747	0.008862	-0.008713	0.080579	0.996710	-0.257447	0.962967	-0.080102	-0.966253	-0.257298	0.012355
19306	9.726499	-1.098406	0.214732	-0.018543	-0.037222	0.014257	-0.009169	0.080674	0.996698	-0.257297	0.962989	-0.080312	-0.966289	-0.257184	0.011928
19307	9.692623	-0.852451	0.250215	-0.007454	-0.038519	0.009948	-0.009609	0.080692	0.996693	-0.257216	0.963000	-0.080444	-0.966306	-0.257139	0.011502
19308	9.663674	-0.683283	0.109241	-0.020416	-0.050906	0.000427	-0.010121	0.080626	0.996693	-0.256980	0.963057	-0.080514	-0.966364	-0.256945	0.010972
19309	9.677870	-0.556550	0.034283	-0.032193	-0.074187	-0.011039	-0.010853	0.080351	0.996708	-0.256662	0.963148	-0.080440	-0.966440	-0.256690	0.010170
19310	9.950653	-0.527706	0.028522	-0.043873	-0.077827	-0.020140	-0.011704	0.080039	0.996723	-0.256108	0.963302	-0.080362	-0.966577	-0.256210	0.009224
19311	9.872930	-0.573440	-0.047827	-0.057581	-0.063581	-0.021637	-0.012307	0.079690	0.996744	-0.255546	0.963466	-0.080184	-0.966719	-0.255701	0.008507
19312	9.842732	-0.638064	-0.104541	-0.073632	-0.071543	-0.007221	-0.013064	0.079407	0.996757	-0.255086	0.963594	-0.080108	-0.966830	-0.255305	0.007667
19313	9.795131	-0.749441	-0.162649	-0.085468	-0.073689	0.002140	-0.013825	0.079262	0.996758	-0.254251	0.963810	-0.080168	-0.967039	-0.254535	0.006828
19314	9.818026	-0.916109	-0.107213	-0.071621	-0.068271	0.005967	-0.014702	0.079122	0.996757	-0.253735	0.963938	-0.080259	-0.967162	-0.254092	0.005904
19315	9.774911	-0.929123	0.012017	-0.045570	-0.059962	0.014890	-0.015364	0.079135	0.996746	-0.253284	0.964042	-0.080443	-0.967270	-0.253696	0.005232
19316	9.706932	-0.932892	0.110222	-0.026906	-0.058927	0.015726	-0.016014	0.079133	0.996735	-0.253162	0.964060	-0.080606	-0.967291	-0.253627	0.004595
19317	9.738600	-0.948115	0.198648	-0.027296	-0.061814	0.015553	-0.016695	0.079148	0.996723	-0.252888	0.964116	-0.080794	-0.967352	-0.253408	0.003920
19318	9.757186	-0.983724	0.237772	-0.036418	-0.064263	0.016963	-0.017556	0.079144	0.996709	-0.252617	0.964169	-0.081010	-0.967407	-0.253208	0.003066
19319	9.765823	-0.962609	0.231507	-0.027544	-0.065989	0.016589	-0.018280	0.079159	0.996694	-0.252340	0.964225	-0.081208	-0.967466	-0.252990	0.002349
19320	9.754065	-0.934117	0.252108	-0.018789	-0.066412	0.014982	-0.019016	0.079235	0.996675	-0.252009	0.964290	-0.081469	-0.967538	-0.252720	0.001631
19321	9.772759	-0.969864	0.290964	-0.011582	-0.066984	0.019975	-0.019758	0.079280	0.996657	-0.251885	0.964302	-0.081700	-0.967555	-0.252657	0.000917
19322	9.790736	-0.954458	0.381934	-0.008711	-0.063929	0.023997	-0.020503	0.079302	0.996640	-0.252068	0.964237	-0.081909	-0.967492	-0.252901	0.000220
19323	9.769407	-1.028141	0.423273	0.006890	-0.058715	0.029088	-0.021188	0.079456	0.996613	-0.252121	0.964195	-0.082231	-0.967464	-0.253010	-0.000397
19324	9.748969	-1.023971	0.444973	0.020069	-0.051328	0.035691	-0.021905	0.079784	0.996571	-0.252116	0.964154	-0.082730	-0.967449	-0.253064	-0.001005
19325	9.689962	-1.030708	0.396975	0.039274	-0.046411	0.043270	-0.022507	0.080105	0.996532	-0.252479	0.964019	-0.083194	-0.967341	-0.253475	-0.001473
19326	9.732164	-0.999117	0.414897	0.060318	-0.054383	0.046061	-0.023212	0.080431	0.996490	-0.253139	0.963803	-0.083689	-0.967151	-0.254193	-0.002012
19327	9.760487	-0.935928	0.435157	0.061192	-0.061311	0.040335	-0.023952	0.080685	0.996452	-0.253713	0.963614	-0.084125	-0.966983	-0.254828	-0.002610
19328	9.732478	-0.876312	0.436032	0.058288	-0.056221	0.031518	-0.024750	0.080833	0.996420	-0.254425	0.963396	-0.084473	-0.966776	-0.255605	-0.003279
19329	9.623064	-1.043909	0.260720	0.058058	-0.073141	0.026543	-0.025570	0.080923	0.996392	-0.254972	0.963225	-0.084772	-0.966610	-0.256220	-0.003997
19330	9.676639	-1.222665	0.164847	0.080537	-0.103667	0.027870	-0.026776	0.081036	0.996351	-0.255545	0.963036	-0.085194	-0.966426	-0.256894	-0.005078
19331	9.827409	-1.230616	0.115300	0.115970	-0.113753	0.033880	-0.028007	0.081091	0.996313	-0.256649	0.962709	-0.085571	-0.966099	-0.258099	-0.006151
19332	9.907239	-1.108067	0.152540	0.143244	-0.117297	0.033939	-0.029477	0.081139	0.996267	-0.258079	0.962288	-0.086007	-0.965674	-0.259651	-0.007425
19333	9.935688	-0.992348	0.219336	0.150706	-0.108635	0.040625	-0.030677	0.081268	0.996220	-0.259514	0.961862	-0.086456	-0.965252	-0.261185	-0.008416
19334	9.839792	-0.854981	0.276294	0.140100	-0.096242	0.040317	-0.031919	0.081508	0.996161	-0.260708	0.961487	-0.087025	-0.964890	-0.262485	-0.009439
19335	9.822228	-0.851845	0.319676	0.121930	-0.087507	0.036169	-0.032904	0.081647	0.996118	-0.261865	0.961136	-0.087430	-0.964543	-0.263725	-0.010245
19336	9.815001	-0.904821	0.409559	0.103639	-0.075163	0.036204	-0.033852	0.081755	0.996077	-0.263121	0.960760	-0.087798	-0.964169	-0.265061	-0.011013
19337	9.809886	-0.853839	0.406515	0.085982	-0.062534	0.038882	-0.034605	0.081983	0.996033	-0.263928	0.960499	-0.088228	-0.963921	-0.265934	-0.011600
19338	9.774819	-0.896319	0.452640	0.062840	-0.056278	0.041430	-0.035416	0.082263	0.995981	-0.264587	0.960272	-0.088722	-0.963711	-0.266666	-0.012243
19339	9.774942	-0.847951	0.499290	0.033609	-0.047587	0.043074	-0.036036	0.082571	0.995933	-0.264888	0.960146	-0.089188	-0.963606	-0.267025	-0.012728
19340	9.745692	-0.919370	0.471155	0.008881	-0.037036	0.043354	-0.036596	0.083030	0.995875	-0.264725	0.960136	-0.089779	-0.963629	-0.266918	-0.013157
19341	9.797901	-1.048988	0.432280	-0.015314	-0.031640	0.048562	-0.037077	0.083434	0.995823	-0.264551	0.960135	-0.090293	-0.963659	-0.266794	-0.013526
19342	9.655460	-1.313698	0.311796	-0.010037	-0.014350	0.061127	-0.037539	0.084011	0.995758	-0.264492	0.960088	-0.090972	-0.963657	-0.266784	-0.013820
19343	9.673643	-1.590307	0.247540	0.004426	-0.021634	0.086288	-0.038023	0.084803	0.995672	-0.264493	0.960002	-0.091866	-0.963638	-0.266842	-0.014073
19344	9.693437	-1.686028	0.264633	0.061325	-0.021414	0.098354	-0.038609	0.085806	0.995564	-0.264906	0.959780	-0.092995	-0.963501	-0.267321	-0.014326
19345	9.725938	-1.498344	0.342048	0.118048	-0.021509	0.090732	-0.039105	0.086640	0.995472	-0.266000	0.959384	-0.093949	-0.963180	-0.268469	-0.014471
19346	9.818787	-1.148415	0.395596	0.180083	-0.008837	0.060014	-0.039502	0.087165	0.995410	-0.268015	0.958760	-0.094592	-0.962605	-0.270521	-0.014511
19347	9.835609	-0.975372	0.402229	0.213656	0.002487	0.032946	-0.039615	0.087509	0.995376	-0.270050	0.958150	-0.094984	-0.962031	-0.272564	-0.014326
19348	9.921909	-1.037732	0.442951	0.226956	0.019372	0.033145	-0.039656	0.087877	0.995342	-0.272465	0.957426	-0.095385	-0.961348	-0.274978	-0.014025
19349	9.897774	-1.057434	0.524459	0.229424	0.048457	0.057963	-0.039398	0.088586	0.995289	-0.274639	0.956741	-0.096026	-0.960740	-0.277128	-0.013365
19350	9.835322	-1.116600	0.635821	0.226421	0.064511	0.086188	-0.039084	0.089548	0.995215	-0.277100	0.955943	-0.096896	-0.960046	-0.279561	-0.012549
19351	9.837895	-1.151064	0.767479	0.214516	0.089082	0.111284	-0.038588	0.090881	0.995114	-0.279108	0.955239	-0.098063	-0.959484	-0.281528	-0.011495
19352	9.888820	-1.231254	1.017897	0.203105	0.112914	0.132346	-0.038002	0.092448	0.994992	-0.281312	0.954452	-0.099425	-0.958864	-0.283682	-0.010265
19353	10.021617	-1.293656	1.238159	0.185961	0.139712	0.147223	-0.037128	0.094270	0.994854	-0.283032	0.953784	-0.100941	-0.958391	-0.285324	-0.008731
19354	10.207538	-1.430500	1.504128	0.184750	0.182896	0.154263	-0.035976	0.096267	0.994705	-0.284954	0.953041	-0.102541	-0.957866	-0.287134	-0.006855
19355	10.155373	-1.450840	1.605682	0.177102	0.222122	0.180828	-0.034415	0.098649	0.994527	-0.286580	0.952353	-0.104383	-0.957438	-0.288604	-0.004505
19356	10.556086	-1.496634	1.837576	0.160913	0.275402	0.201703	-0.032239	0.101497	0.994313	-0.288039	0.951680	-0.106484	-0.957076	-0.289834	-0.001446
19357	10.827277	-1.622680	2.188234	0.158277	0.365939	0.203792	-0.029375	0.104518	0.994089	-0.289485	0.951008	-0.108543	-0.956732	-0.290962	0.002320
19358	10.353111	-1.318947	2.380340	0.111212	0.438615	0.230026	-0.025667	0.108118	0.993807	-0.290567	0.950406	-0.110901	-0.956510	-0.291614	0.007022
19359	10.326385	-1.282486	2.606205	0.006199	0.556524	0.268823	-0.021174	0.112314	0.993447	-0.290557	0.950090	-0.113605	-0.956623	-0.291058	0.012517
19360	10.443523	-1.371038	2.679414	-0.119429	0.636950	0.318991	-0.015900	0.117154	0.992987	-0.289970	0.949893	-0.116712	-0.956904	-0.289792	0.018867
19361	9.772160	-1.114131	2.703047	-0.257600	0.704736	0.384809	-0.010313	0.122860	0.992370	-0.287448	0.950170	-0.120623	-0.957741	-0.286499	0.025517
19362	10.542552	-1.262736	2.935808	-0.424678	0.769405	0.442064	-0.003957	0.129353	0.991591	-0.283678	0.950717	-0.125153	-0.958911	-0.281788	0.032932
19363	10.523045	-1.039628	2.925913	-0.576799	0.878830	0.507476	0.003004	0.136648	0.990615	-0.278135	0.951645	-0.130429	-0.960537	-0.275133	0.040865
19364	11.112927	-1.146326	2.959445	-0.742937	0.964710	0.544114	0.011346	0.144765	0.989401	-0.270957	0.952891	-0.136316	-0.962525	-0.266538	0.050037
19365	10.188067	-1.070045	2.667935	-0.874865	1.146089	0.597502	0.020751	0.153482	0.987934	-0.262618	0.954284	-0.142738	-0.964677	-0.256488	0.060109
19366	10.099636	-1.520556	2.367761	-0.986064	1.207800	0.633619	0.031221	0.162848	0.986157	-0.253206	0.955743	-0.149809	-0.966908	-0.245024	0.071074
19367	9.771359	-1.959529	1.967360	-1.049427	1.238236	0.655468	0.041536	0.172100	0.984203	-0.243283	0.957148	-0.157102	-0.969066	-0.232914	0.081626
19368	9.489774	-2.290265	1.435753	-1.036382	1.208897	0.676977	0.051720	0.181468	0.982036	-0.233613	0.958267	-0.164772	-0.970953	-0.220895	0.091955
19369	9.298394	-2.594027	0.645610	-0.942169	1.141658	0.665545	0.061245	0.190332	0.979808	-0.224832	0.959053	-0.172246	-0.972471	-0.209743	0.101530
19370	9.060975	-2.504073	-0.050407	-0.731781	1.037529	0.627396	0.069960	0.198598	0.977581	-0.218244	0.959288	-0.179263	-0.973383	-0.200810	0.110455
19371	8.499647	-2.150563	-0.744194	-0.467218	0.826492	0.591288	0.076686	0.205929	0.975558	-0.214127	0.959010	-0.185604	-0.973791	-0.194660	0.117637
19372	8.860131	-1.938295	-1.167305	-0.242648	0.563621	0.577779	0.080944	0.212677	0.973764	-0.212341	0.958222	-0.191631	-0.973837	-0.191259	0.122722
19373	9.536530	-1.708719	-1.680680	-0.090077	0.431431	0.559958	0.083915	0.218887	0.972135	-0.211924	0.957178	-0.197226	-0.973677	-0.189469	0.126709
19374	9.675535	-1.370203	-2.234809	0.026889	0.361057	0.535825	0.086283	0.224812	0.970575	-0.212756	0.955892	-0.202497	-0.973288	-0.189023	0.130307
19375	9.831875	-1.119027	-2.801174	0.141046	0.301393	0.475778	0.088156	0.229953	0.969201	-0.214543	0.954536	-0.206960	-0.972728	-0.189690	0.133483
19376	9.529606	-0.751878	-3.040544	0.221470	0.296088	0.399639	0.090152	0.234433	0.967943	-0.217148	0.953144	-0.210624	-0.971967	-0.191199	0.136835
19377	9.660549	-0.233629	-2.703172	0.239305	0.277509	0.332306	0.092079	0.238157	0.966852	-0.219776	0.951892	-0.213541	-0.971195	-0.192828	0.139991
19378	9.873922	0.401483	-2.031868	0.137210	0.306297	0.263220	0.094441	0.241338	0.965835	-0.221425	0.950962	-0.215970	-0.970594	-0.193464	0.143248
19379	9.680195	1.004860	-1.510180	-0.056630	0.368511	0.179331	0.097578	0.243779	0.964909	-0.221048	0.950628	-0.217817	-0.970369	-0.192037	0.146647
19380	9.421684	1.134651	-1.060266	-0.279033	0.365730	0.093944	0.100886	0.245427	0.964151	-0.218474	0.950906	-0.219195	-0.970614	-0.188528	0.149553
19381	9.206737	0.945978	-0.638720	-0.490366	0.363710	-0.000408	0.104376	0.246125	0.963602	-0.213713	0.951810	-0.219964	-0.971305	-0.182975	0.151946
19382	9.087095	0.635424	-0.273470	-0.665678	0.373424	-0.093203	0.108167	0.245941	0.963230	-0.207157	0.953222	-0.220123	-0.972310	-0.175730	0.154055
19383	9.064425	0.200467	0.032677	-0.820837	0.375780	-0.159651	0.112105	0.245089	0.962997	-0.198995	0.955013	-0.219891	-0.973567	-0.166981	0.155833
19384	9.043804	-0.223099	0.432041	-0.929249	0.375436	-0.240406	0.116197	0.243413	0.962937	-0.189657	0.957103	-0.219053	-0.974950	-0.157175	0.157378
19385	9.000728	-0.799994	0.651900	-0.997952	0.366342	-0.316873	0.120315	0.240961	0.963048	-0.179547	0.959379	-0.217612	-0.976364	-0.146730	0.158691
19386	8.935970	-1.483095	0.617243	-0.996956	0.339925	-0.384948	0.124276	0.237748	0.963344	-0.169312	0.961713	-0.215503	-0.977696	-0.136324	0.159771
19387	8.953797	-2.225834	0.563878	-0.928658	0.316399	-0.446815	0.128065	0.233890	0.963792	-0.159664	0.963980	-0.212720	-0.978829	-0.126641	0.160796
19388	8.843956	-2.847493	0.675685	-0.800342	0.280806	-0.492792	0.131546	0.229480	0.964383	-0.151160	0.966104	-0.209271	-0.979717	-0.118248	0.161776
19389	9.006982	-3.311172	1.104203	-0.651394	0.233543	-0.530074	0.134577	0.224652	0.965101	-0.144072	0.968048	-0.205248	-0.980373	-0.111423	0.162643
19390	9.408400	-3.460850	1.833789	-0.522731	0.230466	-0.527949	0.137544	0.219797	0.965801	-0.138208	0.969788	-0.201021	-0.980806	-0.105832	0.163767
19391	9.446170	-3.573864	2.562685	-0.406571	0.238041	-0.509168	0.140531	0.215131	0.966421	-0.133514	0.971309	-0.196805	-0.981033	-0.101373	0.165222
19392	9.475837	-3.542009	3.023373	-0.289728	0.241074	-0.468140	0.143474	0.210844	0.966933	-0.130000	0.972591	-0.192788	-0.981079	-0.098041	0.166951
19393	9.344331	-3.507768	3.321926	-0.176159	0.226472	-0.442034	0.146225	0.206792	0.967396	-0.127633	0.973678	-0.188843	-0.980983	-0.095858	0.168770
19394	9.278996	-3.559906	3.612631	-0.094682	0.206028	-0.418204	0.148740	0.202951	0.967826	-0.126098	0.974616	-0.184996	-0.980804	-0.094524	0.170556
19395	9.168551	-3.528357	4.090104	-0.075239	0.196597	-0.396672	0.151126	0.199298	0.968215	-0.124767	0.975478	-0.181319	-0.980609	-0.093399	0.172286
19396	9.288498	-3.456724	4.726420	-0.131664	0.207909	-0.347734	0.153562	0.196150	0.968475	-0.122975	0.976274	-0.178230	-0.980457	-0.091729	0.174041
19397	9.157503	-3.425639	4.731073	-0.191388	0.294344	-0.319072	0.156797	0.193331	0.968524	-0.120606	0.977062	-0.175510	-0.980239	-0.089290	0.176517
19398	8.651531	-3.876509	4.352466	-0.173166	0.354046	-0.279069	0.160575	0.190984	0.968370	-0.118516	0.977734	-0.173178	-0.979883	-0.086959	0.179634
19399	8.119678	-3.994995	3.687328	0.002985	0.331374	-0.246808	0.164073	0.188888	0.968195	-0.118147	0.978194	-0.170817	-0.979347	-0.086363	0.182812
19400	7.751796	-3.428369	3.530931	0.321093	0.263709	-0.278434	0.166966	0.186485	0.968166	-0.120904	0.978412	-0.167608	-0.978522	-0.089070	0.185908
19401	7.610145	-2.876042	3.521461	0.563364	0.203921	-0.369802	0.169377	0.183084	0.968396	-0.125794	0.978573	-0.163006	-0.977490	-0.094209	0.188778
19402	7.433698	-2.152884	3.481538	0.705094	0.129077	-0.477885	0.171235	0.178639	0.968900	-0.131962	0.978722	-0.157128	-0.976353	-0.100952	0.191165
19403	7.453040	-1.370960	3.084349	0.707668	0.004038	-0.577587	0.172014	0.173020	0.969781	-0.137879	0.978993	-0.150207	-0.975398	-0.107875	0.192256
19404	7.405458	-0.879187	2.508253	0.590728	-0.119243	-0.636617	0.171731	0.166765	0.970926	-0.142646	0.979391	-0.142988	-0.974762	-0.113943	0.191980
19405	7.455279	-0.745372	1.718647	0.240735	-0.226213	-0.645449	0.170410	0.160210	0.972262	-0.143892	0.980163	-0.136292	-0.974811	-0.116675	0.190083
19406	7.677209	-1.049597	0.714716	-0.251830	-0.282796	-0.650208	0.168566	0.153614	0.973647	-0.140433	0.981448	-0.130532	-0.975635	-0.114729	0.187012
19407	7.463035	-1.607502	0.078611	-0.604837	-0.346988	-0.717231	0.166120	0.146210	0.975206	-0.133331	0.983196	-0.124696	-0.977050	-0.109310	0.182823
19408	8.050882	-1.595852	0.416230	-0.742485	-0.416320	-0.739311	0.162992	0.138602	0.976843	-0.124952	0.985011	-0.118912	-0.978683	-0.102677	0.177867
19409	8.748058	-1.456790	1.650400	-0.724114	-0.505519	-0.761537	0.158920	0.130622	0.978612	-0.116636	0.986752	-0.112768	-0.980378	-0.096220	0.172050
19410	12.082819	-0.321521	4.739971	-0.652530	-0.615433	-0.773255	0.153742	0.122523	0.980485	-0.109125	0.988318	-0.106391	-0.982067	-0.090639	0.165316
19411	16.321969	-1.041774	5.519873	-0.869329	-0.414285	-0.690556	0.150351	0.115365	0.981878	-0.099534	0.989888	-0.101065	-0.983609	-0.082535	0.160314
19412	14.578070	-7.057044	2.745288	-1.004445	-0.221701	-0.287405	0.148439	0.112454	0.982507	-0.089317	0.990978	-0.099929	-0.984880	-0.072921	0.157143
19413	11.352086	-11.383694	2.216965	-0.297006	-0.427603	0.151193	0.144054	0.113678	0.983019	-0.086614	0.991016	-0.101910	-0.985772	-0.070463	0.152606
19414	10.687224	-8.230169	2.622618	0.343927	-0.424859	0.255412	0.139631	0.116066	0.983378	-0.090531	0.990444	-0.104045	-0.986056	-0.074498	0.148804
19415	8.671117	-3.847680	1.418339	0.326373	-0.448971	0.059518	0.135110	0.116345	0.983976	-0.093834	0.990121	-0.104187	-0.986377	-0.078254	0.144692
19416	8.887236	-1.321825	0.398704	0.296149	-0.664865	-0.177081	0.128708	0.114258	0.985078	-0.096727	0.990050	-0.102196	-0.986954	-0.082130	0.138479
19417	9.804980	1.092833	-0.112264	0.500983	-0.677989	-0.447701	0.122419	0.109281	0.986444	-0.101113	0.990121	-0.097140	-0.987314	-0.087851	0.132260
19418	9.551077	2.820676	-0.839399	0.771116	-0.588643	-0.633989	0.117259	0.102650	0.987782	-0.108160	0.990047	-0.090046	-0.987194	-0.096279	0.127194
19419	9.859443	2.366652	-1.206027	0.898847	-0.559628	-0.612492	0.112383	0.096054	0.989011	-0.116331	0.989744	-0.082906	-0.986832	-0.105735	0.122405
19420	9.917223	1.190952	-0.990215	0.872945	-0.502192	-0.527163	0.108048	0.090441	0.990023	-0.124520	0.989242	-0.076780	-0.986317	-0.114982	0.118148
19421	9.612964	0.400139	-0.563220	0.640658	-0.434477	-0.492652	0.104352	0.085085	0.990894	-0.130318	0.988913	-0.071191	-0.985966	-0.121702	0.114283
19422	9.346939	-0.078746	-0.137052	0.304896	-0.433036	-0.495821	0.100715	0.079789	0.991711	-0.132954	0.988918	-0.066062	-0.985992	-0.125199	0.110207
19423	9.503446	-0.213397	0.087941	0.074951	-0.493445	-0.503711	0.096479	0.074217	0.992564	-0.133200	0.989209	-0.061019	-0.986382	-0.126322	0.105324
19424	9.241564	0.133782	0.013091	0.015912	-0.580104	-0.470282	0.091360	0.068964	0.993427	-0.133046	0.989501	-0.056456	-0.986890	-0.127014	0.099577
19425	9.293019	0.419438	-0.050180	0.046188	-0.664052	-0.418614	0.085322	0.064007	0.994295	-0.133135	0.989718	-0.052287	-0.987418	-0.127914	0.092967
19426	9.421187	0.531472	-0.051206	0.080295	-0.705686	-0.345930	0.078791	0.059801	0.995096	-0.133765	0.989806	-0.048891	-0.987876	-0.129257	0.085987
19427	9.952439	0.147159	0.225596	0.090527	-0.690892	-0.291157	0.072315	0.056053	0.995806	-0.134442	0.989855	-0.045955	-0.988279	-0.130555	0.079117
19428	9.763264	0.108538	0.301176	0.109687	-0.604907	-0.269220	0.066676	0.052710	0.996381	-0.135453	0.989837	-0.043300	-0.988538	-0.132076	0.073138
19429	9.874141	0.072250	0.255110	0.093119	-0.567219	-0.269472	0.061394	0.049322	0.996894	-0.136203	0.989849	-0.040585	-0.988777	-0.133289	0.067488
19430	9.686756	0.101070	0.082060	0.087239	-0.542113	-0.280902	0.056391	0.045926	0.997352	-0.137005	0.989848	-0.037834	-0.988964	-0.134509	0.062111
19431	9.601603	0.371057	-0.024964	0.094487	-0.544884	-0.279547	0.051346	0.042455	0.997778	-0.137791	0.989842	-0.035026	-0.989130	-0.135687	0.056674
19432	9.960992	0.299521	-0.010640	0.063821	-0.557894	-0.267458	0.046170	0.039151	0.998166	-0.138389	0.989847	-0.032424	-0.989301	-0.136639	0.051120
19433	10.377446	-0.078507	0.193751	0.058574	-0.527393	-0.233573	0.041236	0.036148	0.998495	-0.138869	0.989853	-0.030100	-0.989452	-0.137419	0.045838
19434	10.253361	-0.180014	0.525176	0.080851	-0.453397	-0.188414	0.036985	0.033757	0.998745	-0.139687	0.989792	-0.028282	-0.989505	-0.138466	0.041323
19435	10.489620	-0.223756	0.928707	0.090096	-0.403977	-0.168912	0.033184	0.031556	0.998951	-0.140521	0.989720	-0.026596	-0.989521	-0.139491	0.037277
19436	10.115181	-0.197108	0.915037	0.120896	-0.328101	-0.145672	0.030118	0.029752	0.999103	-0.141763	0.989580	-0.025195	-0.989442	-0.140877	0.034022
19437	9.690219	0.002803	0.693758	0.159552	-0.299315	-0.132476	0.027305	0.028048	0.999234	-0.143305	0.989391	-0.023856	-0.989302	-0.142544	0.031035
19438	9.393053	0.255961	0.351911	0.185732	-0.308494	-0.129167	0.024415	0.026424	0.999353	-0.145200	0.989144	-0.022606	-0.989101	-0.144554	0.027987
19439	9.427065	0.301524	-0.345503	0.225987	-0.337319	-0.134500	0.021236	0.024633	0.999471	-0.147406	0.988848	-0.021240	-0.988848	-0.146877	0.024630
19440	9.200901	0.491731	-1.179579	0.273736	-0.417065	-0.154918	0.017318	0.022575	0.999595	-0.150167	0.988464	-0.019722	-0.988509	-0.149765	0.020508
19441	9.670210	0.428432	-1.544983	0.308051	-0.489990	-0.168634	0.012690	0.020198	0.999715	-0.153188	0.988033	-0.018017	-0.988116	-0.152916	0.015633
19442	10.160396	0.499969	-1.428106	0.309648	-0.485341	-0.162690	0.008118	0.017925	0.999806	-0.156305	0.987572	-0.016436	-0.987675	-0.156142	0.010819
19443	9.973853	0.807423	-0.947015	0.260791	-0.479390	-0.155851	0.003589	0.015662	0.999871	-0.158873	0.987187	-0.014893	-0.987293	-0.158799	0.006031
19444	10.788863	0.493921	-0.302972	0.218464	-0.441051	-0.165413	-0.000534	0.013400	0.999910	-0.161091	0.986850	-0.013311	-0.986939	-0.161083	0.001632
19445	9.652135	0.741068	-0.326738	0.187659	-0.390281	-0.147428	-0.004187	0.011344	0.999927	-0.162947	0.986563	-0.011875	-0.986626	-0.162985	-0.002282
19446	9.735098	0.475864	0.055080	0.137016	-0.420681	-0.131426	-0.008156	0.009429	0.999922	-0.164363	0.986342	-0.010641	-0.986366	-0.164437	-0.006495
19447	9.706444	0.306170	0.339435	0.130448	-0.387660	-0.106815	-0.011844	0.007766	0.999900	-0.165661	0.986136	-0.009622	-0.986112	-0.165759	-0.010393
19448	9.569956	0.361386	0.497080	0.125328	-0.379791	-0.102520	-0.015452	0.006190	0.999861	-0.166963	0.985925	-0.008684	-0.985842	-0.167074	-0.014201
19449	9.460567	0.397087	0.526282	0.114829	-0.379813	-0.100408	-0.019069	0.004594	0.999808	-0.168113	0.985737	-0.007736	-0.985583	-0.168228	-0.018024
19450	9.533257	0.365403	0.202564	0.105966	-0.379206	-0.104990	-0.022660	0.002983	0.999739	-0.169229	0.985553	-0.006777	-0.985316	-0.169338	-0.021828
19451	9.184131	0.634875	-0.378301	0.075163	-0.434943	-0.106369	-0.026806	0.001228	0.999640	-0.169996	0.985428	-0.005769	-0.985080	-0.170090	-0.026206
19452	9.295287	0.536657	-0.947128	0.052732	-0.482318	-0.113816	-0.031393	-0.000656	0.999507	-0.170594	0.985330	-0.004712	-0.984841	-0.170657	-0.031045
19453	9.015483	0.652801	-1.267654	-0.000563	-0.561537	-0.107149	-0.036781	-0.002639	0.999320	-0.170625	0.985329	-0.003678	-0.984649	-0.170644	-0.036692
19454	9.738905	0.613161	-0.880962	-0.053284	-0.583632	-0.108852	-0.042376	-0.004651	0.999091	-0.170180	0.985410	-0.002630	-0.984501	-0.170136	-0.042549
19455	9.806639	0.658426	-0.444406	-0.107494	-0.564167	-0.114929	-0.047776	-0.006710	0.998836	-0.169173	0.985585	-0.001471	-0.984428	-0.169046	-0.048222
19456	10.084375	0.342398	-0.038672	-0.159733	-0.557654	-0.136092	-0.053070	-0.008939	0.998551	-0.167699	0.985838	-0.000087	-0.984409	-0.167461	-0.053818
19457	9.671707	-0.080723	0.109699	-0.182027	-0.537900	-0.135723	-0.058180	-0.011142	0.998244	-0.165982	0.986128	0.001333	-0.984411	-0.165613	-0.059222
19458	9.198955	-0.362012	0.267890	-0.222753	-0.538539	-0.107432	-0.063337	-0.013038	0.997907	-0.163884	0.986476	0.002487	-0.984444	-0.163384	-0.064617
19459	9.164159	-0.553259	0.543605	-0.246540	-0.565676	-0.091344	-0.068798	-0.014825	0.997520	-0.161517	0.986864	0.003527	-0.984469	-0.160874	-0.070288
19460	9.819640	-0.675466	0.681924	-0.245231	-0.581254	-0.070461	-0.074436	-0.016395	0.997091	-0.159189	0.987239	0.004349	-0.984438	-0.158402	-0.076096
19461	9.517825	-0.281926	0.412824	-0.222439	-0.546357	-0.059523	-0.079761	-0.017810	0.996655	-0.157044	0.987579	0.005080	-0.984366	-0.156113	-0.081567
19462	9.558776	-0.092653	0.203221	-0.223457	-0.584816	-0.092420	-0.085397	-0.019573	0.996155	-0.154963	0.987901	0.006126	-0.984222	-0.153844	-0.087397
19463	8.745748	0.313660	-0.238693	-0.223945	-0.617141	-0.098773	-0.091359	-0.021459	0.995587	-0.152845	0.988223	0.007275	-0.984018	-0.151506	-0.093563
19464	9.323661	0.170221	-0.408884	-0.223131	-0.654133	-0.113008	-0.097646	-0.023503	0.994944	-0.150800	0.988527	0.008552	-0.983730	-0.149203	-0.100070
19465	9.177616	0.211488	-0.867441	-0.208167	-0.724021	-0.127854	-0.104616	-0.025807	0.994178	-0.148880	0.988805	0.010001	-0.983306	-0.146967	-0.107287
19466	9.780430	-0.164586	-0.800783	-0.180247	-0.753552	-0.136065	-0.111843	-0.028197	0.993326	-0.147299	0.989025	0.011490	-0.982748	-0.145030	-0.114769
19467	10.284564	-0.319827	-0.360457	-0.165305	-0.796790	-0.138056	-0.119508	-0.030679	0.992359	-0.145832	0.989224	0.013019	-0.982065	-0.143162	-0.122695
19468	9.831065	-0.069335	0.263108	-0.150997	-0.726112	-0.134901	-0.126460	-0.032990	0.991423	-0.144562	0.989390	0.014482	-0.981382	-0.141490	-0.129888
19469	10.297752	0.214070	1.040997	-0.153442	-0.710566	-0.149381	-0.133256	-0.035434	0.990448	-0.143248	0.989555	0.016130	-0.980675	-0.139730	-0.136940
19470	10.175134	0.579305	1.394260	-0.157949	-0.635161	-0.153075	-0.139278	-0.037773	0.989533	-0.141959	0.989713	0.017799	-0.980025	-0.137994	-0.143207
19471	10.364750	0.417313	1.561372	-0.169765	-0.625723	-0.149665	-0.145237	-0.040079	0.988585	-0.140505	0.989888	0.019489	-0.979369	-0.136071	-0.149399
19472	9.880225	0.224232	1.338957	-0.127705	-0.563964	-0.091696	-0.150634	-0.041692	0.987710	-0.139445	0.990017	0.020522	-0.978705	-0.134640	-0.154944
19473	10.187309	-0.429219	1.167109	-0.077133	-0.560577	-0.018449	-0.156133	-0.042593	0.986817	-0.138716	0.990114	0.020788	-0.977947	-0.133641	-0.160497
19474	10.317236	-0.982750	1.189379	0.030008	-0.498579	0.061959	-0.161089	-0.042585	0.986021	-0.138974	0.990093	0.020057	-0.977106	-0.133800	-0.165411
19475	10.515162	-1.170503	1.391452	0.131755	-0.430552	0.116336	-0.165496	-0.041979	0.985317	-0.140067	0.989966	0.018651	-0.976213	-0.134924	-0.169715
19476	10.795146	-1.184304	1.633098	0.199003	-0.367093	0.155711	-0.169285	-0.040869	0.984719	-0.141829	0.989750	0.016695	-0.975309	-0.136836	-0.173346
19477	10.939866	-1.455551	1.749113	0.273168	-0.270579	0.178692	-0.172218	-0.039441	0.984269	-0.144183	0.989446	0.014421	-0.974450	-0.139432	-0.176087
19478	10.988666	-2.200008	1.723510	0.363855	-0.168695	0.246567	-0.174198	-0.037164	0.984009	-0.147403	0.989012	0.011259	-0.973616	-0.143084	-0.177762
19479	10.744439	-2.593334	2.087884	0.520811	-0.097709	0.358960	-0.175726	-0.033725	0.983861	-0.151839	0.988382	0.006760	-0.972659	-0.148200	-0.178805
19480	10.600195	-2.152681	2.824630	0.690978	-0.075434	0.446003	-0.177117	-0.029344	0.983752	-0.157902	0.987454	0.001026	-0.971440	-0.155155	-0.179529
19481	11.289672	-1.400540	3.725875	0.748620	-0.069633	0.455930	-0.178568	-0.024923	0.983612	-0.164355	0.986389	-0.004844	-0.970104	-0.162526	-0.180234
19482	12.693753	-1.156895	4.472649	0.645337	0.060273	0.455227	-0.178699	-0.020236	0.983696	-0.169961	0.985394	-0.010605	-0.969113	-0.169085	-0.179528
19483	15.289706	-1.962255	5.190820	0.442890	0.333687	0.527799	-0.176412	-0.014433	0.984211	-0.173312	0.984727	-0.016624	-0.968939	-0.173508	-0.176219
19484	14.603859	-2.053475	5.538226	0.268066	0.815397	0.710011	-0.169681	-0.005904	0.985481	-0.174877	0.984293	-0.024213	-0.969859	-0.176446	-0.168048
19485	13.851214	-1.720730	5.908387	0.094941	1.263191	0.888102	-0.159008	0.005104	0.987264	-0.174336	0.984128	-0.033166	-0.971763	-0.177389	-0.155595
19486	14.147367	-0.840339	5.567695	-0.050846	1.627884	0.964315	-0.144762	0.017608	0.989310	-0.172610	0.984061	-0.042772	-0.974295	-0.176956	-0.139415
19487	12.632402	0.749946	4.160559	-0.165796	1.919888	0.910982	-0.127628	0.029983	0.991369	-0.169749	0.984135	-0.051618	-0.977188	-0.174872	-0.120513
19488	11.291853	1.865622	2.541910	-0.296689	2.152419	0.776961	-0.107775	0.041500	0.993309	-0.166182	0.984319	-0.059156	-0.980188	-0.171446	-0.099188
19489	10.879150	2.391982	1.127477	-0.465047	2.287487	0.616548	-0.086367	0.051461	0.994933	-0.161019	0.984814	-0.064915	-0.983165	-0.165810	-0.076769
19490	11.707061	2.676570	0.586408	-0.743748	2.257418	0.462657	-0.064773	0.059811	0.996106	-0.153585	0.985711	-0.069174	-0.986010	-0.157467	-0.054661
19491	11.697966	2.842864	-0.082600	-1.094767	2.320607	0.352831	-0.042419	0.066837	0.996862	-0.142587	0.987141	-0.072253	-0.988873	-0.145205	-0.032344
19492	10.818142	2.126600	-0.872962	-1.504100	2.315368	0.352824	-0.019872	0.073631	0.997088	-0.127796	0.988917	-0.075574	-0.991601	-0.128925	-0.010242
19493	10.461021	0.462763	-1.487347	-1.733292	2.147908	0.431389	0.000899	0.080503	0.996754	-0.110551	0.990653	-0.079911	-0.993870	-0.110120	0.009791
