// General information: 
//  MT Manager version: 2022.2.0 
//  XDA version: 2022.2.0 build 7381 rev 124627 built on 2023-07-19
// Device information: 
//  DeviceId: 00B4CB9F
//  ProductCode: MTW2-3A7G6
//  Firmware Version: 4.6.0
//  Hardware Version: 2.0.0
// Device settings: 
//  Filter Profile: human(46.1)
//  Option Flags: Orientation Smoother Disabled, Position/Velocity Smoother Disabled, Continuous Zero Rotation Update Disabled, AHS Disabled, ICC Disabled
// Coordinate system: ENU
PacketCounter	Acc_X	Acc_Y	Acc_Z	Gyr_X	Gyr_Y	Gyr_Z	Mat[1][1]	Mat[2][1]	Mat[3][1]	Mat[1][2]	Mat[2][2]	Mat[3][2]	Mat[1][3]	Mat[2][3]	Mat[3][3]
42075	9.031837	0.465725	3.701490	-0.016019	-0.027575	-0.045372	0.315211	0.218331	0.923566	-0.685125	0.725760	0.062262	-0.656693	-0.652384	0.378351
42076	9.045524	0.447719	3.665036	-0.004886	-0.028380	-0.043726	0.315269	0.217796	0.923672	-0.684940	0.725904	0.062622	-0.656858	-0.652402	0.378032
42077	9.033310	0.423023	3.676285	0.008954	-0.022640	-0.049646	0.315403	0.217292	0.923745	-0.684875	0.725925	0.063084	-0.656862	-0.652546	0.377777
42078	9.046875	0.457254	3.660523	0.023249	-0.024308	-0.053101	0.315537	0.216783	0.923819	-0.684931	0.725825	0.063621	-0.656739	-0.652827	0.377506
42079	9.038554	0.502766	3.647325	0.031645	-0.017800	-0.050677	0.315710	0.216303	0.923872	-0.685011	0.725700	0.064179	-0.656572	-0.653125	0.377281
42080	8.995351	0.479716	3.630136	0.042621	-0.014549	-0.052029	0.315899	0.215871	0.923909	-0.685205	0.725464	0.064779	-0.656278	-0.653531	0.377089
42081	8.932460	0.477100	3.592574	0.056642	-0.021964	-0.054687	0.316072	0.215335	0.923975	-0.685437	0.725183	0.065467	-0.655953	-0.654019	0.376809
42082	8.911201	0.495272	3.592720	0.070194	-0.021964	-0.059830	0.316275	0.214725	0.924047	-0.685705	0.724857	0.066259	-0.655575	-0.654580	0.376492
42083	8.911840	0.453014	3.569847	0.097239	-0.027014	-0.061867	0.316464	0.214104	0.924127	-0.686179	0.724325	0.067166	-0.654987	-0.655372	0.376137
42084	8.916616	0.480251	3.521306	0.110604	-0.037137	-0.061482	0.316581	0.213457	0.924236	-0.686774	0.723673	0.068107	-0.654307	-0.656303	0.375698
42085	8.970137	0.479454	3.544013	0.131616	-0.039079	-0.060365	0.316683	0.212769	0.924360	-0.687477	0.722909	0.069129	-0.653520	-0.657368	0.375206
42086	9.007712	0.567350	3.520838	0.136757	-0.045872	-0.055291	0.316705	0.212040	0.924520	-0.688187	0.722136	0.070124	-0.652760	-0.658451	0.374628
42087	9.041505	0.637072	3.542340	0.136594	-0.046521	-0.051855	0.316701	0.211363	0.924676	-0.688947	0.721318	0.071084	-0.651961	-0.659565	0.374060
42088	9.064459	0.686369	3.554877	0.129983	-0.045812	-0.047377	0.316653	0.210773	0.924828	-0.689743	0.720469	0.071963	-0.651142	-0.660680	0.373518
42089	9.074693	0.706293	3.581271	0.120890	-0.045936	-0.047051	0.316621	0.210134	0.924984	-0.690413	0.719741	0.072819	-0.650447	-0.661677	0.372964
42090	9.063017	0.787059	3.629786	0.106697	-0.048653	-0.038821	0.316495	0.209491	0.925173	-0.690993	0.719109	0.073552	-0.649892	-0.662567	0.372351
42091	9.087998	0.842912	3.619222	0.093894	-0.050294	-0.032002	0.316331	0.208932	0.925355	-0.691535	0.718526	0.074167	-0.649396	-0.663376	0.371776
42092	9.078729	0.828698	3.605311	0.071485	-0.049461	-0.031698	0.316180	0.208378	0.925532	-0.691908	0.718112	0.074690	-0.649072	-0.663998	0.371231
42093	9.080282	0.833626	3.600259	0.053195	-0.050410	-0.027393	0.315984	0.207851	0.925717	-0.692199	0.717788	0.075111	-0.648856	-0.664514	0.370684
42094	9.085716	0.804318	3.530202	0.035045	-0.050707	-0.026587	0.315788	0.207266	0.925915	-0.692298	0.717655	0.075464	-0.648847	-0.664840	0.370117
42095	9.063980	0.758530	3.530620	0.023955	-0.054646	-0.021648	0.315525	0.206751	0.926120	-0.692417	0.717513	0.075723	-0.648847	-0.665154	0.369551
42096	9.078562	0.739085	3.491745	0.018252	-0.054932	-0.018932	0.315238	0.206223	0.926335	-0.692477	0.717433	0.075937	-0.648923	-0.665404	0.368966
42097	9.038740	0.720519	3.448969	0.012931	-0.058257	-0.018472	0.314929	0.205707	0.926555	-0.692535	0.717357	0.076126	-0.649011	-0.665646	0.368376
42098	9.046169	0.697835	3.355643	0.017797	-0.061659	-0.012842	0.314550	0.205261	0.926783	-0.692701	0.717181	0.076264	-0.649017	-0.665972	0.367774
42099	8.986669	0.665793	3.437283	0.017545	-0.057962	-0.014109	0.314214	0.204777	0.927004	-0.692803	0.717065	0.076429	-0.649071	-0.666246	0.367182
42100	8.981339	0.665051	3.377576	0.020232	-0.065576	-0.013142	0.313832	0.204189	0.927263	-0.692841	0.717010	0.076601	-0.649216	-0.666485	0.366492
42101	8.997889	0.704622	3.334136	0.025358	-0.077112	-0.012457	0.313360	0.203590	0.927554	-0.692999	0.716839	0.076779	-0.649276	-0.666853	0.365716
42102	9.011330	0.726693	3.335198	0.023289	-0.085667	-0.012369	0.312831	0.202929	0.927878	-0.693130	0.716694	0.076944	-0.649390	-0.667210	0.364860
42103	9.091970	0.776375	3.324951	0.019593	-0.091606	-0.012098	0.312262	0.202234	0.928221	-0.693252	0.716560	0.077097	-0.649534	-0.667565	0.363954
42104	9.169409	0.808551	3.359718	0.013579	-0.092970	-0.015063	0.311692	0.201547	0.928562	-0.693373	0.716427	0.077244	-0.649678	-0.667916	0.363052
42105	9.183163	0.830536	3.359811	0.007752	-0.088911	-0.017105	0.311175	0.200834	0.928890	-0.693402	0.716382	0.077400	-0.649895	-0.668179	0.362179
42106	9.207765	0.821341	3.349272	-0.001255	-0.084293	-0.012238	0.310646	0.200203	0.929203	-0.693410	0.716366	0.077471	-0.650140	-0.668385	0.361359
42107	9.242897	0.882994	3.367304	-0.012533	-0.079225	-0.018543	0.310201	0.199544	0.929493	-0.693303	0.716459	0.077567	-0.650466	-0.668482	0.360591
42108	9.189143	0.927450	3.399388	-0.017977	-0.073764	-0.016640	0.309760	0.198965	0.929764	-0.693219	0.716536	0.077617	-0.650767	-0.668573	0.359880
42109	9.211839	0.908434	3.412856	-0.032039	-0.076173	-0.010017	0.309275	0.198387	0.930049	-0.693011	0.716742	0.077564	-0.651218	-0.668523	0.359155
42110	9.276549	0.909418	3.463633	-0.046551	-0.070875	-0.007640	0.308795	0.197909	0.930311	-0.692777	0.716983	0.077425	-0.651694	-0.668406	0.358507
42111	9.320946	0.878197	3.475263	-0.051549	-0.063685	-0.003555	0.308346	0.197461	0.930554	-0.692462	0.717307	0.077242	-0.652241	-0.668191	0.357913
42112	9.245369	0.828391	3.472582	-0.053716	-0.059012	0.004168	0.307842	0.197143	0.930789	-0.692244	0.717547	0.076970	-0.652711	-0.668027	0.357362
42113	9.191658	0.767225	3.467270	-0.048930	-0.063063	0.013268	0.307281	0.196821	0.931043	-0.691997	0.717820	0.076641	-0.653237	-0.667829	0.356772
42114	9.098981	0.702512	3.379034	-0.037592	-0.067800	0.017743	0.306661	0.196426	0.931330	-0.691750	0.718092	0.076322	-0.653790	-0.667653	0.356089
42115	9.033520	0.612240	3.386217	-0.019188	-0.090043	0.022117	0.305861	0.195987	0.931686	-0.691724	0.718149	0.076017	-0.654191	-0.667720	0.355223
42116	8.983907	0.568974	3.331958	0.006403	-0.105822	0.024955	0.304918	0.195427	0.932112	-0.691863	0.718041	0.075781	-0.654485	-0.668001	0.354152
42117	9.021879	0.535016	3.284921	0.030938	-0.120709	0.018667	0.303940	0.194758	0.932571	-0.692155	0.717770	0.075685	-0.654631	-0.668488	0.352962
42118	8.974390	0.502718	3.205024	0.060877	-0.136941	0.018349	0.302855	0.193815	0.933121	-0.692470	0.717462	0.075728	-0.654801	-0.669092	0.351498
42119	8.913669	0.484644	3.180405	0.089538	-0.153589	0.015908	0.301681	0.192904	0.933690	-0.693136	0.716804	0.075862	-0.654638	-0.670060	0.349955
42120	8.836907	0.462187	3.046168	0.118088	-0.180315	0.018958	0.300286	0.191866	0.934353	-0.694064	0.715884	0.076057	-0.654296	-0.671340	0.348137
42121	8.811419	0.463619	3.000178	0.141854	-0.207969	0.021098	0.298721	0.190623	0.935109	-0.695087	0.714863	0.076320	-0.653927	-0.672780	0.346044
42122	8.799915	0.451598	2.894756	0.157458	-0.241725	0.030072	0.296859	0.189251	0.935980	-0.696293	0.713665	0.076539	-0.653491	-0.674438	0.343632
42123	8.819283	0.431145	2.837649	0.175123	-0.266909	0.038868	0.294786	0.187729	0.936941	-0.697584	0.712382	0.076742	-0.653053	-0.676217	0.340957
42124	8.796853	0.439783	2.761249	0.186432	-0.295689	0.056997	0.292391	0.186117	0.938013	-0.698985	0.711000	0.076809	-0.652632	-0.678115	0.337983
42125	8.797730	0.444939	2.656342	0.195467	-0.328656	0.070388	0.289696	0.184387	0.939190	-0.700496	0.709515	0.076774	-0.652213	-0.680140	0.334706
42126	8.797993	0.440230	2.571315	0.206567	-0.362460	0.085612	0.286650	0.182513	0.940490	-0.702134	0.707910	0.076624	-0.651798	-0.682314	0.331071
42127	8.788355	0.422339	2.452585	0.224980	-0.394411	0.105574	0.283279	0.180566	0.941886	-0.703931	0.706154	0.076338	-0.651332	-0.684648	0.327145
42128	8.790934	0.431342	2.315592	0.242867	-0.437460	0.125231	0.279482	0.178330	0.943445	-0.705764	0.704366	0.075933	-0.650989	-0.687071	0.322717
42129	8.791888	0.378656	2.178795	0.266994	-0.483054	0.150424	0.275217	0.176064	0.945123	-0.707949	0.702234	0.075336	-0.650434	-0.689832	0.317911
42130	8.811915	0.280102	2.126114	0.304728	-0.540772	0.167664	0.270439	0.173523	0.946970	-0.710456	0.699770	0.074668	-0.649704	-0.692974	0.312525
42131	8.856885	0.245995	2.015014	0.352239	-0.589915	0.179837	0.265269	0.170682	0.948947	-0.713254	0.696986	0.074021	-0.648768	-0.696476	0.306629
42132	8.880797	0.249362	1.989665	0.407872	-0.646053	0.187649	0.259685	0.167491	0.951057	-0.716420	0.693794	0.073433	-0.647539	-0.700426	0.300162
42133	8.970321	0.219853	1.947756	0.471251	-0.707030	0.198477	0.253628	0.163897	0.953316	-0.720007	0.690127	0.072908	-0.645959	-0.704885	0.293043
42134	9.095860	0.242946	1.943485	0.542402	-0.763759	0.211866	0.247102	0.159886	0.955708	-0.723991	0.685997	0.072426	-0.644033	-0.709820	0.285267
42135	9.244188	0.270493	1.881848	0.607541	-0.816101	0.220970	0.240192	0.155581	0.958177	-0.728463	0.681292	0.071985	-0.641599	-0.715287	0.276976
42136	9.503590	0.516680	1.935241	0.650279	-0.856956	0.221980	0.233012	0.150885	0.960697	-0.733126	0.676314	0.071596	-0.638930	-0.720994	0.268207
42137	9.711246	0.599750	1.849458	0.671204	-0.885658	0.245864	0.225499	0.146129	0.963222	-0.737996	0.671063	0.070965	-0.636013	-0.726857	0.259166
42138	9.922664	0.723703	1.797437	0.666381	-0.879565	0.271302	0.217816	0.141525	0.965674	-0.742905	0.665727	0.070003	-0.632968	-0.732651	0.250146
42139	10.011614	0.762705	1.772193	0.644649	-0.855394	0.289578	0.210197	0.137153	0.967991	-0.747622	0.660556	0.068751	-0.629983	-0.738143	0.241385
42140	9.920897	0.663218	1.790199	0.611634	-0.839432	0.284687	0.202692	0.132733	0.970205	-0.752034	0.655668	0.067410	-0.627185	-0.743291	0.232719
42141	9.952455	0.708721	1.873354	0.579381	-0.846505	0.281866	0.195208	0.128259	0.972339	-0.756247	0.650953	0.065960	-0.624487	-0.748204	0.224067
42142	10.024202	0.752817	1.875620	0.541910	-0.851996	0.261546	0.187839	0.123469	0.974408	-0.760039	0.646662	0.064575	-0.622140	-0.752718	0.215310
42143	10.177915	0.829644	1.905443	0.504024	-0.843185	0.227904	0.180807	0.118569	0.976345	-0.763614	0.642555	0.063379	-0.619841	-0.757010	0.206719
42144	10.273619	0.860590	1.924953	0.471738	-0.812741	0.189539	0.174218	0.113525	0.978141	-0.766854	0.638777	0.062447	-0.617725	-0.760971	0.198344
42145	10.291665	0.995153	1.980253	0.438588	-0.775051	0.158082	0.168163	0.108615	0.979757	-0.769854	0.635230	0.061715	-0.615668	-0.764648	0.190440
42146	10.375102	1.097314	2.150275	0.406211	-0.732945	0.134893	0.162518	0.103719	0.981239	-0.772458	0.632118	0.061122	-0.613919	-0.767899	0.182849
42147	10.458716	1.129727	2.253574	0.350399	-0.686976	0.115635	0.157351	0.099157	0.982552	-0.774815	0.629279	0.060577	-0.612293	-0.770828	0.175846
42148	10.545227	1.157937	2.385528	0.286534	-0.622902	0.087257	0.152771	0.094862	0.983698	-0.776743	0.626937	0.060172	-0.611009	-0.773273	0.169461
42149	10.592314	1.048995	2.466889	0.238497	-0.545810	0.054820	0.148952	0.090973	0.984651	-0.778305	0.625014	0.059991	-0.609963	-0.775294	0.163902
42150	10.551864	1.083185	2.577431	0.194767	-0.466567	0.012722	0.145888	0.087347	0.985438	-0.779524	0.623479	0.060140	-0.609146	-0.776946	0.159047
42151	10.458932	1.119808	2.727907	0.147672	-0.387314	-0.041350	0.143792	0.084071	0.986030	-0.780386	0.622341	0.060741	-0.608541	-0.778218	0.155095
42152	10.327486	1.144070	2.785935	0.089107	-0.322554	-0.088695	0.142415	0.080945	0.986492	-0.780822	0.621698	0.061711	-0.608305	-0.779063	0.151743
42153	10.204716	1.067761	2.900524	0.041033	-0.261184	-0.122101	0.141719	0.078144	0.986818	-0.780921	0.621451	0.062938	-0.608341	-0.779546	0.149095
42154	10.031927	1.178586	2.974358	-0.013748	-0.203933	-0.141928	0.141497	0.075575	0.987050	-0.780537	0.621795	0.064284	-0.608884	-0.779525	0.146971
42155	9.948766	1.122211	3.000820	-0.079943	-0.161361	-0.142867	0.141568	0.073422	0.987202	-0.779871	0.622500	0.065539	-0.609721	-0.779168	0.145385
42156	9.831606	0.955077	2.932969	-0.131528	-0.116790	-0.127390	0.141760	0.071670	0.987303	-0.778883	0.623627	0.066565	-0.610938	-0.778430	0.144228
42157	9.753435	0.681815	2.812947	-0.152158	-0.064538	-0.106852	0.142136	0.070494	0.987334	-0.777824	0.624862	0.067361	-0.612199	-0.777546	0.143647
42158	9.611255	0.428135	2.635010	-0.132475	-0.011801	-0.080580	0.142619	0.069933	0.987304	-0.777023	0.625798	0.067917	-0.613103	-0.776844	0.143590
42159	9.428696	0.176845	2.416323	-0.087044	0.032886	-0.057124	0.143204	0.069824	0.987227	-0.776430	0.626489	0.068317	-0.613717	-0.776296	0.143929
42160	9.293659	-0.032405	2.281625	-0.018486	0.061538	-0.028986	0.143725	0.070082	0.987133	-0.776267	0.626668	0.068532	-0.613802	-0.776128	0.144470
42161	9.256323	-0.132370	2.164638	0.057929	0.076147	0.004019	0.144100	0.070692	0.987035	-0.776651	0.626192	0.068537	-0.613228	-0.776458	0.145137
42162	9.369125	-0.106565	2.113433	0.141207	0.091088	0.037104	0.144314	0.071644	0.986935	-0.777596	0.625040	0.068330	-0.611979	-0.777298	0.145912
42163	9.471109	-0.043944	2.049611	0.205646	0.104934	0.066246	0.144379	0.072867	0.986836	-0.778971	0.623368	0.067938	-0.610212	-0.778526	0.146762
42164	9.504872	0.129731	1.923306	0.273496	0.128404	0.091530	0.144374	0.074436	0.986720	-0.780804	0.621131	0.067388	-0.607866	-0.780164	0.147795
42165	9.534668	0.293305	1.695011	0.341409	0.148692	0.103759	0.144404	0.076234	0.986578	-0.783047	0.618361	0.066832	-0.604967	-0.782188	0.148988
42166	9.453120	0.424925	1.549362	0.408172	0.161482	0.114598	0.144402	0.078195	0.986425	-0.785694	0.615056	0.066261	-0.601525	-0.784596	0.150253
42167	9.384524	0.496439	1.361026	0.453471	0.149581	0.116004	0.144325	0.080075	0.986285	-0.788603	0.611376	0.065761	-0.597725	-0.787279	0.151384
42168	9.318856	0.662406	1.292727	0.468392	0.106793	0.116018	0.143976	0.081624	0.986209	-0.791581	0.607567	0.065277	-0.593860	-0.790063	0.152087
42169	9.321337	0.780036	1.249765	0.451446	0.054740	0.118116	0.143303	0.082764	0.986212	-0.794446	0.603872	0.064760	-0.590186	-0.792773	0.152288
42170	9.310854	0.924070	1.083157	0.423531	0.009800	0.114361	0.142384	0.083537	0.986280	-0.797137	0.600373	0.064227	-0.586770	-0.795345	0.152074
42171	9.301316	1.130604	0.875248	0.404480	-0.035232	0.109060	0.141247	0.083901	0.986413	-0.799680	0.597034	0.063726	-0.583576	-0.797816	0.151423
42172	9.282920	1.264058	0.797730	0.365898	-0.086221	0.094235	0.139921	0.083771	0.986613	-0.801967	0.594005	0.063300	-0.580750	-0.800088	0.150296
42173	9.343326	1.456823	0.768963	0.310852	-0.136068	0.081518	0.138418	0.083155	0.986877	-0.803904	0.591421	0.062921	-0.578428	-0.802064	0.148712
42174	9.536303	1.577293	0.855656	0.217724	-0.167915	0.078560	0.136749	0.082264	0.987184	-0.805290	0.589586	0.062420	-0.576895	-0.803505	0.146872
42175	9.725429	1.621300	0.875301	0.114421	-0.168594	0.076654	0.135099	0.081351	0.987487	-0.806075	0.588578	0.061791	-0.576186	-0.804337	0.145092
42176	9.765697	1.531331	0.861254	0.021620	-0.156418	0.074926	0.133531	0.080532	0.987767	-0.806339	0.588295	0.061041	-0.576183	-0.804626	0.143491
42177	9.712208	1.384584	0.849353	-0.040789	-0.138849	0.066935	0.132130	0.079799	0.988015	-0.806214	0.588544	0.060282	-0.576680	-0.804517	0.142100
42178	9.656195	1.094197	0.834036	-0.074870	-0.131275	0.053996	0.130871	0.079046	0.988243	-0.805868	0.589088	0.059601	-0.577451	-0.804194	0.140795
42179	9.678768	0.864293	0.872178	-0.074414	-0.125937	0.030100	0.129841	0.078201	0.988446	-0.805498	0.589637	0.059160	-0.578199	-0.803873	0.139550
42180	9.669615	0.646416	0.991277	-0.045114	-0.134731	0.007618	0.128932	0.077144	0.988648	-0.805261	0.589980	0.058980	-0.578733	-0.803724	0.138188
42181	9.693310	0.524638	1.125194	-0.009469	-0.142288	-0.011230	0.128139	0.075925	0.988846	-0.805213	0.590040	0.059039	-0.578976	-0.803796	0.136742
42182	9.800777	0.436120	1.278886	0.019285	-0.153317	-0.032320	0.127446	0.074483	0.989045	-0.805296	0.589896	0.059345	-0.579013	-0.804037	0.135160
42183	9.836901	0.447532	1.487639	0.042648	-0.148060	-0.040574	0.126855	0.073043	0.989228	-0.805512	0.589558	0.059764	-0.578842	-0.804417	0.133626
42184	9.874122	0.500534	1.604418	0.042403	-0.147696	-0.044102	0.126288	0.071576	0.989408	-0.805716	0.589233	0.060215	-0.578682	-0.804787	0.132083
42185	9.935066	0.536440	1.739721	0.032879	-0.140063	-0.048274	0.125806	0.070154	0.989571	-0.805867	0.588978	0.060697	-0.578577	-0.805099	0.130632
42186	9.960105	0.546853	1.799557	0.009845	-0.133354	-0.048925	0.125363	0.068776	0.989724	-0.805882	0.588910	0.061153	-0.578653	-0.805267	0.129253
42187	9.965812	0.483152	1.847486	-0.027868	-0.119115	-0.048333	0.125002	0.067523	0.989856	-0.805681	0.589143	0.061556	-0.579010	-0.805203	0.128046
42188	9.981827	0.421616	1.820418	-0.056020	-0.106340	-0.049773	0.124718	0.066359	0.989971	-0.805318	0.589600	0.061934	-0.579576	-0.804965	0.126974
42189	9.910959	0.292722	1.843144	-0.076550	-0.088208	-0.046993	0.124525	0.065363	0.990061	-0.804836	0.590222	0.062262	-0.580286	-0.804590	0.126103
42190	9.877128	0.143029	1.833021	-0.073773	-0.067532	-0.033536	0.124339	0.064609	0.990134	-0.804372	0.590833	0.062458	-0.580969	-0.804203	0.125433
42191	9.873044	0.005234	1.798490	-0.056110	-0.038784	-0.019050	0.124206	0.064175	0.990179	-0.804044	0.591272	0.062537	-0.581452	-0.803915	0.125039
42192	9.757279	-0.097324	1.815606	-0.018696	-0.010648	0.002179	0.124064	0.064094	0.990202	-0.803948	0.591411	0.062447	-0.581614	-0.803819	0.124901
42193	9.643067	-0.079303	1.785608	0.029120	0.011333	0.020648	0.123903	0.064298	0.990209	-0.804164	0.591140	0.062239	-0.581350	-0.804002	0.124950
42194	9.554629	0.001200	1.817206	0.079169	0.013371	0.039696	0.123592	0.064636	0.990226	-0.804699	0.590447	0.061895	-0.580676	-0.804484	0.124987
42195	9.488627	0.190307	1.793426	0.117915	0.013470	0.053289	0.123180	0.065049	0.990250	-0.805470	0.589439	0.061475	-0.579693	-0.805189	0.125002
42196	9.547254	0.362153	1.722624	0.141176	0.009842	0.070004	0.122605	0.065542	0.990289	-0.806412	0.588208	0.060909	-0.578504	-0.806049	0.124971
42197	9.629253	0.578517	1.632633	0.157491	0.015492	0.081078	0.121980	0.066134	0.990327	-0.807443	0.586860	0.060263	-0.577198	-0.806983	0.124984
42198	9.685551	0.689747	1.574837	0.162427	0.025798	0.089415	0.121345	0.066871	0.990355	-0.808518	0.585452	0.059534	-0.575824	-0.807945	0.125108
42199	9.678242	0.820047	1.455112	0.161113	0.034431	0.085293	0.120793	0.067638	0.990371	-0.809569	0.584067	0.058851	-0.574462	-0.808882	0.125309
42200	9.603784	0.957779	1.396993	0.142618	0.039173	0.079091	0.120311	0.068420	0.990376	-0.810513	0.582822	0.058197	-0.573231	-0.809714	0.125575
42201	9.529807	1.032707	1.375823	0.107991	0.031760	0.071421	0.119854	0.069083	0.990385	-0.811238	0.581874	0.057586	-0.572301	-0.810340	0.125783
42202	9.512779	1.161144	1.332079	0.069332	0.025375	0.065735	0.119402	0.069675	0.990398	-0.811747	0.581224	0.056974	-0.571674	-0.810755	0.125958
42203	9.532931	1.229609	1.345760	0.013353	0.012093	0.054083	0.118972	0.070077	0.990422	-0.811908	0.581053	0.056416	-0.571534	-0.810843	0.126025
42204	9.600430	1.302869	1.302774	-0.030170	-0.004488	0.052338	0.118452	0.070344	0.990465	-0.811819	0.581236	0.055807	-0.571768	-0.810689	0.125955
42205	9.564377	1.294692	1.281986	-0.076439	-0.012983	0.044726	0.117954	0.070489	0.990514	-0.811456	0.581799	0.055228	-0.572387	-0.810273	0.125825
42206	9.571918	1.319560	1.236503	-0.123231	-0.023699	0.038534	0.117448	0.070522	0.990572	-0.810815	0.582746	0.054647	-0.573398	-0.809589	0.125622
42207	9.602956	1.327230	1.208822	-0.159246	-0.034994	0.028578	0.116955	0.070396	0.990639	-0.809955	0.583989	0.054124	-0.574713	-0.808703	0.125318
42208	9.600517	1.264647	1.220774	-0.188501	-0.042633	0.019007	0.116492	0.070160	0.990710	-0.808915	0.585472	0.053654	-0.576269	-0.807651	0.124956
42209	9.598198	1.180025	1.176963	-0.210625	-0.047409	0.004456	0.116122	0.069794	0.990780	-0.807726	0.587143	0.053307	-0.578009	-0.806468	0.124554
42210	9.582440	1.076028	1.129867	-0.221650	-0.056261	-0.000323	0.115736	0.069334	0.990857	-0.806461	0.588908	0.052990	-0.579850	-0.805220	0.124073
42211	9.589928	0.977920	1.155488	-0.226079	-0.054925	-0.014251	0.115471	0.068799	0.990925	-0.805152	0.590712	0.052811	-0.581719	-0.803944	0.123604
42212	9.550246	0.938889	1.199714	-0.239706	-0.065625	-0.028093	0.115254	0.068100	0.990999	-0.803743	0.592634	0.052751	-0.583707	-0.802588	0.123039
42213	9.587874	0.878022	1.252071	-0.239233	-0.076358	-0.036863	0.115043	0.067260	0.991081	-0.802322	0.594552	0.052782	-0.585699	-0.801239	0.122363
42214	9.655658	0.853120	1.332535	-0.262237	-0.076352	-0.050855	0.114941	0.066342	0.991154	-0.800759	0.596643	0.052926	-0.587855	-0.799759	0.121703
42215	9.753551	0.819857	1.331115	-0.286049	-0.068435	-0.061946	0.114973	0.065417	0.991212	-0.799024	0.598945	0.053152	-0.590205	-0.798114	0.121132
42216	9.844364	0.842212	1.394900	-0.322116	-0.054288	-0.077292	0.115208	0.064514	0.991244	-0.797046	0.601545	0.053487	-0.592828	-0.796229	0.120724
42217	9.935296	0.779770	1.440596	-0.364936	-0.034372	-0.097038	0.115716	0.063647	0.991241	-0.794786	0.604485	0.053968	-0.595755	-0.794070	0.120535
42218	9.961982	0.739413	1.426258	-0.403651	-0.018687	-0.108779	0.116408	0.062835	0.991212	-0.792265	0.607737	0.054518	-0.598971	-0.791648	0.120528
42219	10.012143	0.660662	1.374983	-0.433446	-0.003322	-0.120728	0.117282	0.062065	0.991157	-0.789541	0.611214	0.055152	-0.602387	-0.789028	0.120688
42220	10.039238	0.536474	1.342065	-0.461303	0.011747	-0.124019	0.118274	0.061395	0.991081	-0.786630	0.614900	0.055783	-0.605991	-0.786212	0.121021
42221	10.025973	0.436939	1.321726	-0.472962	0.026145	-0.122272	0.119332	0.060839	0.990989	-0.783631	0.618662	0.056382	-0.609657	-0.783298	0.121501
42222	9.962584	0.335215	1.334190	-0.474683	0.038479	-0.117375	0.120426	0.060409	0.990883	-0.780607	0.622424	0.056925	-0.613311	-0.780345	0.122112
42223	9.903017	0.205978	1.313397	-0.466966	0.040171	-0.101893	0.121406	0.060079	0.990783	-0.777633	0.626099	0.057323	-0.616885	-0.777425	0.122732
42224	9.877198	0.083706	1.288486	-0.451504	0.037432	-0.087103	0.122255	0.059822	0.990694	-0.774763	0.629623	0.057589	-0.620319	-0.774594	0.123323
42225	9.901717	-0.017761	1.285846	-0.434443	0.025474	-0.064992	0.122855	0.059603	0.990633	-0.772003	0.632998	0.057656	-0.623632	-0.771856	0.123781
42226	9.848724	-0.079056	1.330052	-0.398125	0.020208	-0.050436	0.123311	0.059443	0.990586	-0.769495	0.636049	0.057621	-0.626636	-0.769356	0.124173
42227	9.848526	-0.080329	1.331442	-0.366688	0.014187	-0.027070	0.123547	0.059374	0.990561	-0.767181	0.638858	0.057393	-0.629420	-0.767030	0.124480
42228	9.887622	-0.022391	1.344017	-0.325588	0.016260	-0.009190	0.123658	0.059443	0.990543	-0.765145	0.641327	0.057033	-0.631872	-0.764962	0.124788
42229	9.839567	0.029613	1.368591	-0.289280	0.014295	0.006294	0.123639	0.059588	0.990537	-0.763344	0.643510	0.056569	-0.634049	-0.763115	0.125049
42230	9.825266	0.069898	1.333981	-0.252071	0.013870	0.025692	0.123473	0.059869	0.990540	-0.761815	0.645373	0.055955	-0.635919	-0.761517	0.125295
42231	9.907475	0.159126	1.325713	-0.232232	0.016030	0.045514	0.123167	0.060280	0.990553	-0.760415	0.647090	0.055173	-0.637651	-0.760027	0.125538
42232	10.033771	0.216036	1.328601	-0.226683	0.024787	0.062929	0.122785	0.060882	0.990564	-0.759068	0.648749	0.054217	-0.639327	-0.758563	0.125871
42233	10.076553	0.241177	1.311273	-0.232311	0.050393	0.079821	0.122441	0.061778	0.990551	-0.757702	0.650438	0.053093	-0.641012	-0.757043	0.126450
42234	10.001169	0.311096	1.301585	-0.252440	0.064014	0.089043	0.122112	0.062848	0.990525	-0.756216	0.652265	0.051841	-0.642826	-0.755381	0.127176
42235	9.895617	0.364977	1.319859	-0.290933	0.091621	0.091770	0.121948	0.064134	0.990462	-0.754478	0.654378	0.050521	-0.644897	-0.753443	0.128188
42236	9.770418	0.394894	1.232931	-0.309986	0.106694	0.086992	0.121920	0.065513	0.990375	-0.752585	0.656653	0.049209	-0.647110	-0.751342	0.129363
42237	9.718886	0.427681	1.188806	-0.340218	0.113138	0.085690	0.121948	0.066922	0.990278	-0.750507	0.659126	0.047879	-0.649513	-0.749049	0.130605
42238	9.743745	0.472787	1.267463	-0.352941	0.116677	0.085784	0.122002	0.068371	0.990172	-0.748347	0.661674	0.046518	-0.651991	-0.746668	0.131891
42239	9.799763	0.497954	1.208053	-0.355703	0.137163	0.091018	0.122157	0.069994	0.990040	-0.746158	0.664240	0.045105	-0.654466	-0.744236	0.133368
42240	9.828279	0.450603	1.286966	-0.347173	0.162935	0.092178	0.122477	0.071829	0.989869	-0.744028	0.666719	0.043679	-0.656827	-0.741839	0.135100
42241	9.810037	0.424607	1.277958	-0.332335	0.186929	0.093168	0.122953	0.073832	0.989662	-0.741979	0.669090	0.042265	-0.659052	-0.739505	0.137049
42242	9.754833	0.331952	1.280207	-0.315763	0.220985	0.083824	0.123728	0.076032	0.989399	-0.740007	0.671351	0.040950	-0.661121	-0.737229	0.139329
42243	9.654421	0.221742	1.361901	-0.285942	0.247376	0.069828	0.124788	0.078320	0.989087	-0.738225	0.673379	0.039817	-0.662912	-0.735137	0.141847
42244	9.577737	0.144004	1.374321	-0.262069	0.271647	0.058893	0.126091	0.080721	0.988729	-0.736600	0.675214	0.038812	-0.664471	-0.733192	0.144597
42245	9.573941	0.135791	1.401345	-0.233965	0.285521	0.040785	0.127628	0.083085	0.988336	-0.735119	0.676870	0.038028	-0.665816	-0.731398	0.147465
42246	9.576883	0.097667	1.418342	-0.208673	0.307459	0.027804	0.129412	0.085532	0.987895	-0.733795	0.678341	0.037394	-0.666932	-0.729752	0.150548
42247	9.605931	0.101068	1.447459	-0.181979	0.323994	0.010309	0.131437	0.087962	0.987414	-0.732618	0.679635	0.036976	-0.667829	-0.728257	0.153772
42248	9.580747	0.110362	1.485743	-0.162811	0.335193	-0.010226	0.133690	0.090345	0.986897	-0.731549	0.680796	0.036776	-0.668553	-0.726880	0.157107
42249	9.567842	0.133367	1.449223	-0.153838	0.335572	-0.022611	0.136038	0.092626	0.986364	-0.730514	0.681910	0.036716	-0.669211	-0.725547	0.160431
42250	9.523298	0.232546	1.545910	-0.157030	0.329190	-0.035017	0.138436	0.094787	0.985825	-0.729444	0.683053	0.036758	-0.669886	-0.724193	0.163701
42251	9.433998	0.288685	1.579110	-0.161395	0.311619	-0.039040	0.140748	0.096773	0.985304	-0.728332	0.684234	0.036838	-0.670614	-0.722813	0.166788
42252	9.411821	0.368923	1.689375	-0.161666	0.290384	-0.048915	0.142992	0.098551	0.984805	-0.727213	0.685414	0.037000	-0.671353	-0.721453	0.169677
42253	9.497442	0.441776	1.784200	-0.164806	0.270033	-0.044517	0.145069	0.100191	0.984336	-0.726066	0.686622	0.037117	-0.672148	-0.720078	0.172353
42254	9.608489	0.478279	1.837541	-0.137485	0.266822	-0.022841	0.146966	0.101974	0.983871	-0.725164	0.687578	0.037057	-0.672709	-0.718914	0.174998
42255	9.547321	0.564147	1.900631	-0.091939	0.282458	-0.008903	0.148870	0.103941	0.983379	-0.724557	0.688224	0.036944	-0.672945	-0.718014	0.177767
42256	9.423848	0.610059	1.930580	-0.052235	0.299444	-0.000250	0.150829	0.106103	0.982849	-0.724222	0.688584	0.036804	-0.672870	-0.717352	0.180700
42257	9.290493	0.620963	1.897017	-0.021065	0.303373	0.005433	0.152770	0.108315	0.982308	-0.724113	0.688705	0.036674	-0.672549	-0.716905	0.183645
42258	9.297300	0.641842	1.826989	0.021413	0.291702	-0.003734	0.154695	0.110390	0.981776	-0.724274	0.688534	0.036703	-0.671935	-0.716753	0.186465
42259	9.381295	0.715197	1.818615	0.048227	0.263193	-0.008075	0.156460	0.112220	0.981288	-0.724611	0.688173	0.036835	-0.671163	-0.716815	0.188987
42260	9.519909	0.785528	1.802868	0.063276	0.252064	-0.007822	0.158148	0.113994	0.980813	-0.725070	0.687681	0.036986	-0.670271	-0.717007	0.191409
42261	9.577846	0.970654	1.781952	0.033500	0.242783	-0.018607	0.159848	0.115606	0.980349	-0.725290	0.687438	0.037196	-0.669629	-0.716983	0.193733
42262	9.698848	1.187265	1.819435	-0.028457	0.242817	-0.024144	0.161582	0.117184	0.979877	-0.725093	0.687638	0.037333	-0.669426	-0.716535	0.196079
42263	9.834296	1.338652	1.938655	-0.126351	0.243003	-0.024776	0.163327	0.118753	0.979399	-0.724232	0.688547	0.037288	-0.669934	-0.715403	0.198463
42264	9.840927	1.507757	1.973784	-0.237538	0.260149	-0.023193	0.165181	0.120470	0.978878	-0.722654	0.690219	0.036999	-0.671183	-0.713502	0.201069
42265	9.849687	1.516006	2.033690	-0.342664	0.276429	-0.027107	0.167173	0.122251	0.978319	-0.720332	0.692667	0.036533	-0.673183	-0.710821	0.203857
42266	9.793719	1.423817	2.064553	-0.428757	0.281613	-0.037701	0.169285	0.123993	0.977736	-0.717406	0.695726	0.035982	-0.675775	-0.707525	0.206730
42267	9.839286	1.271086	2.170618	-0.476356	0.276080	-0.055283	0.171490	0.125556	0.977152	-0.714111	0.699132	0.035493	-0.678702	-0.703882	0.209555
42268	9.882918	1.126939	2.252975	-0.514546	0.275955	-0.073181	0.173835	0.126980	0.976554	-0.710488	0.702834	0.035084	-0.681900	-0.699929	0.212395
42269	9.900756	0.943825	2.320879	-0.538716	0.273050	-0.090819	0.176284	0.128246	0.975949	-0.706673	0.706685	0.034782	-0.685228	-0.695809	0.215205
42270	9.809895	0.768173	2.395716	-0.551864	0.270229	-0.113108	0.178873	0.129300	0.975339	-0.702674	0.710668	0.034655	-0.688661	-0.691544	0.217975
42271	9.770728	0.553003	2.317511	-0.566607	0.260083	-0.129981	0.181519	0.130168	0.974734	-0.698554	0.714718	0.034643	-0.692151	-0.687193	0.220664
42272	9.713711	0.420218	2.216365	-0.581568	0.253659	-0.148024	0.184249	0.130833	0.974133	-0.694254	0.718891	0.034760	-0.695747	-0.682700	0.223286
42273	9.682376	0.251103	2.174300	-0.596468	0.234240	-0.163525	0.186954	0.131250	0.973561	-0.689816	0.723139	0.034976	-0.699430	-0.678118	0.225732
42274	9.871353	0.141036	2.088718	-0.631675	0.230475	-0.172309	0.189703	0.131567	0.972987	-0.685086	0.727612	0.035183	-0.703328	-0.673253	0.228165
42275	9.900845	0.099847	2.012614	-0.659335	0.232247	-0.161506	0.192383	0.131949	0.972408	-0.680154	0.732223	0.035205	-0.707375	-0.668160	0.230613
42276	9.832840	0.014125	1.974923	-0.666706	0.230820	-0.156809	0.195017	0.132316	0.971834	-0.675122	0.736868	0.035151	-0.711462	-0.662962	0.233032
42277	9.677502	-0.078207	1.937405	-0.672972	0.235334	-0.143540	0.197601	0.132813	0.971244	-0.670067	0.741478	0.034932	-0.715516	-0.657701	0.235511
42278	9.535405	-0.241725	1.973310	-0.673994	0.233635	-0.129329	0.200095	0.133376	0.970656	-0.664945	0.746093	0.034555	-0.719591	-0.652347	0.237977
42279	9.474211	-0.410291	1.893186	-0.657879	0.214824	-0.115362	0.202349	0.133914	0.970114	-0.659994	0.750498	0.034065	-0.723507	-0.647163	0.240245
42280	9.511593	-0.613303	1.816321	-0.626573	0.201595	-0.087537	0.204320	0.134555	0.969612	-0.655307	0.754625	0.033368	-0.727204	-0.642211	0.242360
42281	9.547413	-0.688197	1.796537	-0.572900	0.190133	-0.058419	0.206027	0.135335	0.969143	-0.651040	0.758347	0.032504	-0.730547	-0.637647	0.244349
42282	9.616655	-0.756134	1.778549	-0.514091	0.187667	-0.024467	0.207510	0.136379	0.968680	-0.647289	0.761597	0.031438	-0.733456	-0.633539	0.246316
42283	9.512612	-0.779322	1.762114	-0.445244	0.183044	0.012290	0.208716	0.137636	0.968243	-0.644072	0.764369	0.030182	-0.735941	-0.629918	0.248183
42284	9.488912	-0.697161	1.739659	-0.363454	0.174189	0.037218	0.209713	0.139035	0.967827	-0.641482	0.766595	0.028873	-0.737917	-0.626898	0.249953
42285	9.448035	-0.566561	1.769485	-0.290486	0.172483	0.055895	0.210569	0.140550	0.967423	-0.639483	0.768311	0.027568	-0.739407	-0.624455	0.251662
42286	9.457243	-0.381276	1.879669	-0.240037	0.161403	0.066228	0.211278	0.142047	0.967049	-0.637813	0.769743	0.026282	-0.740646	-0.622349	0.253229
42287	9.499700	-0.187858	1.993903	-0.201838	0.166486	0.070050	0.212006	0.143628	0.966656	-0.636494	0.770874	0.025057	-0.741572	-0.620584	0.254848
42288	9.625966	-0.026377	2.064616	-0.192894	0.178939	0.070324	0.212828	0.145267	0.966231	-0.635177	0.771998	0.023843	-0.742465	-0.618802	0.256574
42289	9.647053	0.166138	2.211403	-0.203955	0.207492	0.068380	0.213876	0.147085	0.965724	-0.633837	0.773135	0.022621	-0.743308	-0.616950	0.258583
42290	9.621324	0.341123	2.327083	-0.235770	0.230448	0.069647	0.215097	0.149077	0.965147	-0.632280	0.774448	0.021291	-0.744282	-0.614823	0.260839
42291	9.547205	0.416843	2.451974	-0.274673	0.254034	0.066397	0.216510	0.151158	0.964508	-0.630407	0.776010	0.019895	-0.745460	-0.612339	0.263305
42292	9.538443	0.518908	2.564302	-0.320492	0.263856	0.065983	0.218001	0.153333	0.963828	-0.628267	0.777781	0.018367	-0.746831	-0.609545	0.265891
42293	9.608124	0.468677	2.627548	-0.344200	0.278794	0.067763	0.219600	0.155564	0.963107	-0.625872	0.779746	0.016759	-0.748372	-0.606462	0.268596
42294	9.564789	0.385419	2.649602	-0.354782	0.298395	0.059640	0.221391	0.157809	0.962332	-0.623326	0.781814	0.015194	-0.749967	-0.603210	0.271453
42295	9.445616	0.282261	2.744791	-0.339605	0.312058	0.048117	0.223375	0.160071	0.961499	-0.620914	0.783758	0.013770	-0.751378	-0.600084	0.274462
42296	9.359035	0.165698	2.886842	-0.316137	0.317577	0.037627	0.225478	0.162271	0.960639	-0.618609	0.785600	0.012494	-0.752650	-0.597077	0.277518
42297	9.295416	0.109961	3.004789	-0.299636	0.320354	0.036466	0.227606	0.164475	0.959762	-0.616465	0.787302	0.011274	-0.753768	-0.594226	0.280588
42298	9.270864	0.007716	3.042535	-0.277916	0.327950	0.042797	0.229772	0.166747	0.958853	-0.614413	0.788921	0.010037	-0.754786	-0.591438	0.283724
42299	9.284108	-0.013300	3.179667	-0.246450	0.337967	0.047622	0.231973	0.169127	0.957906	-0.612692	0.790272	0.008843	-0.755511	-0.588953	0.286944
42300	9.348083	-0.072228	3.270296	-0.196693	0.364231	0.037507	0.234428	0.171553	0.956877	-0.611289	0.791368	0.007882	-0.755889	-0.586776	0.290387
42301	9.255192	0.044873	3.400536	-0.160228	0.385365	0.038771	0.237045	0.174127	0.955767	-0.610200	0.792216	0.007009	-0.755953	-0.584870	0.294043
42302	9.201440	0.094002	3.494503	-0.124255	0.383919	0.034406	0.239674	0.176655	0.954646	-0.609377	0.792856	0.006274	-0.755789	-0.583243	0.297677
42303	9.123730	0.119171	3.546410	-0.095377	0.395982	0.025087	0.242454	0.179171	0.953475	-0.608747	0.793344	0.005715	-0.755409	-0.581811	0.301419
42304	9.090269	0.172594	3.614692	-0.079980	0.409285	0.015773	0.245399	0.181704	0.952241	-0.608212	0.793757	0.005277	-0.754889	-0.580459	0.305302
42305	8.990457	0.222606	3.651407	-0.076069	0.412832	0.011299	0.248386	0.184197	0.950987	-0.607697	0.794154	0.004903	-0.754327	-0.579130	0.309193
42306	8.914115	0.297391	3.618198	-0.090087	0.408892	0.009314	0.251347	0.186587	0.949742	-0.606971	0.794711	0.004505	-0.753930	-0.577598	0.313001
42307	8.926619	0.425578	3.728716	-0.121402	0.400790	0.005195	0.254278	0.188949	0.948494	-0.606101	0.795378	0.004040	-0.753648	-0.575910	0.316769
42308	9.034957	0.492962	3.782870	-0.169589	0.403821	-0.002808	0.257290	0.191258	0.947218	-0.604806	0.796365	0.003484	-0.753665	-0.573780	0.320571
42309	9.110597	0.562799	3.811876	-0.225583	0.416681	-0.009941	0.260432	0.193574	0.945888	-0.603112	0.797652	0.002818	-0.753944	-0.571210	0.324481
42310	9.194244	0.590313	3.849451	-0.278801	0.440965	-0.019544	0.263822	0.195970	0.944454	-0.601015	0.799235	0.002049	-0.754440	-0.568172	0.328636
42311	9.161942	0.561675	3.993405	-0.341619	0.459573	-0.028919	0.267405	0.198352	0.942948	-0.598392	0.801203	0.001159	-0.755263	-0.564562	0.332938
42312	9.149452	0.519757	4.133980	-0.415987	0.469365	-0.037467	0.271100	0.200721	0.941390	-0.595237	0.803550	0.000084	-0.756438	-0.560373	0.337319
42313	9.119787	0.463732	4.098626	-0.475267	0.475832	-0.048156	0.274930	0.203000	0.939790	-0.591539	0.806275	-0.001109	-0.757954	-0.555618	0.341751
42314	9.071733	0.442787	4.025812	-0.494621	0.481757	-0.064612	0.278931	0.205160	0.938140	-0.587592	0.809154	-0.002247	-0.759561	-0.550617	0.346249
42315	8.936174	0.371325	3.915640	-0.486473	0.486297	-0.076200	0.283016	0.207220	0.936462	-0.583713	0.811954	-0.003260	-0.761040	-0.545702	0.350753
42316	8.734706	0.275024	3.809886	-0.466604	0.480009	-0.104732	0.287242	0.209053	0.934767	-0.579949	0.814643	-0.003978	-0.762333	-0.540974	0.355240
42317	8.609607	0.157417	3.719522	-0.421044	0.454325	-0.119926	0.291343	0.210536	0.933163	-0.576423	0.817140	-0.004394	-0.763450	-0.536617	0.359426
42318	8.549081	0.080344	3.709661	-0.401332	0.417416	-0.137491	0.295277	0.211683	0.931666	-0.573000	0.819542	-0.004604	-0.764514	-0.532485	0.363287
42319	8.484930	0.025559	3.621449	-0.396505	0.385836	-0.160402	0.299087	0.212427	0.930280	-0.569524	0.821962	-0.004590	-0.765630	-0.528444	0.366820
42320	8.362661	-0.062801	3.588250	-0.394123	0.357733	-0.181079	0.302818	0.212847	0.928976	-0.565971	0.824414	-0.004401	-0.766798	-0.524441	0.370113
42321	8.251328	-0.190241	3.554884	-0.394058	0.320621	-0.208307	0.306396	0.212816	0.927810	-0.562346	0.826892	-0.003962	-0.768042	-0.520536	0.373033
42322	8.145612	-0.243148	3.359963	-0.381465	0.275851	-0.219947	0.309690	0.212399	0.926811	-0.558708	0.829358	-0.003376	-0.769375	-0.516771	0.375513
42323	8.110354	-0.311305	3.271899	-0.342773	0.232700	-0.227189	0.312690	0.211726	0.925958	-0.555396	0.831582	-0.002592	-0.770558	-0.513463	0.377619
42324	8.028966	-0.336064	3.114244	-0.299583	0.192600	-0.228748	0.315381	0.210902	0.925232	-0.552521	0.833497	-0.001655	-0.771528	-0.510689	0.379397
42325	7.936253	-0.343469	2.990031	-0.229519	0.143718	-0.233893	0.317722	0.209698	0.924705	-0.550044	0.835135	-0.000394	-0.772337	-0.508503	0.380684
42326	7.933486	-0.387205	2.844879	-0.147737	0.085126	-0.238809	0.319645	0.208194	0.924382	-0.548215	0.836337	0.001205	-0.772844	-0.507145	0.381466
42327	7.940090	-0.376945	2.757995	-0.067416	0.025415	-0.249877	0.321153	0.206247	0.924296	-0.546928	0.837173	0.003227	-0.773130	-0.506560	0.381663
42328	7.945120	-0.330877	2.716698	-0.002303	-0.034693	-0.266403	0.322326	0.203871	0.924415	-0.546018	0.837754	0.005628	-0.773285	-0.506561	0.381347
42329	7.980643	-0.240861	2.729308	0.044668	-0.098113	-0.284302	0.323062	0.201007	0.924785	-0.545482	0.838081	0.008396	-0.773357	-0.507166	0.380397
42330	8.124160	-0.106180	2.919729	0.081060	-0.156338	-0.310864	0.323517	0.197677	0.925343	-0.545159	0.838253	0.011525	-0.773394	-0.508188	0.378955
42331	8.255481	0.047034	3.142477	0.118320	-0.206672	-0.329680	0.323659	0.193877	0.926098	-0.545043	0.838274	0.014994	-0.773417	-0.509616	0.376986
42332	8.306463	0.236221	3.286962	0.133980	-0.242981	-0.366646	0.323748	0.189521	0.926968	-0.544774	0.838371	0.018858	-0.773569	-0.511093	0.374667
42333	8.335938	0.438608	3.431913	0.143494	-0.281768	-0.394593	0.323660	0.184785	0.927954	-0.544642	0.838353	0.023023	-0.773698	-0.512854	0.371983
42334	8.339330	0.555630	3.484905	0.124527	-0.335069	-0.414136	0.323280	0.179558	0.929112	-0.544185	0.838521	0.027295	-0.774179	-0.514432	0.368790
42335	8.337592	0.622019	3.470466	0.107999	-0.400103	-0.419587	0.322406	0.173993	0.930474	-0.543702	0.838685	0.031562	-0.774883	-0.516076	0.364997
42336	8.386597	0.577772	3.382105	0.101361	-0.484662	-0.413450	0.320847	0.167937	0.932124	-0.543008	0.838966	0.035756	-0.776015	-0.517623	0.360371
42337	8.448672	0.551030	3.298095	0.089379	-0.584615	-0.397978	0.318408	0.161582	0.934081	-0.542465	0.839137	0.039757	-0.777398	-0.519366	0.354841
42338	8.685754	0.517313	3.266519	0.082554	-0.688383	-0.377309	0.315059	0.154846	0.936355	-0.541894	0.839319	0.043534	-0.779159	-0.521121	0.348345
42339	8.914437	0.523375	3.221405	0.061607	-0.747978	-0.351348	0.311069	0.148007	0.938792	-0.541309	0.839508	0.047008	-0.781166	-0.522800	0.341263
42340	9.260258	0.653981	3.223004	0.017971	-0.778936	-0.331404	0.306729	0.141236	0.941260	-0.540546	0.839819	0.050133	-0.783408	-0.524171	0.333941
42341	9.739934	0.731217	3.185986	-0.023964	-0.793371	-0.306350	0.302100	0.134514	0.943738	-0.539460	0.840347	0.052909	-0.785951	-0.525093	0.326434
42342	10.316841	0.798072	3.221783	-0.078124	-0.807339	-0.277704	0.297196	0.127945	0.946205	-0.537992	0.841138	0.055242	-0.788821	-0.525468	0.318816
42343	10.987570	0.683046	3.250066	-0.168190	-0.796248	-0.233090	0.292096	0.121815	0.948600	-0.536010	0.842293	0.056887	-0.792069	-0.525075	0.311324
